#depth	S	S+	S+2	S+3	S+4	S+5	S+6	S+7	S+8	S+9	S+10	S+11	S+12	S+13	S+14	S+15	S+16
 1.54284e+22	0.00e+00	0.00e+00	0.00e+00	3.74e-28	1.69e-24	3.84e-21	1.11e-17	8.11e-15	2.37e-12	2.92e-10	2.16e-08	8.54e-07	2.29e-05	6.46e-04	3.61e-02	2.81e-01	6.82e-01
 3.62542e+22	0.00e+00	0.00e+00	1.77e-30	1.13e-26	3.88e-23	6.54e-20	2.53e-16	1.34e-13	2.82e-11	2.51e-09	1.34e-07	3.82e-06	7.38e-05	1.50e-03	6.07e-02	3.41e-01	5.97e-01
 4.56211e+22	0.00e+00	0.00e+00	2.62e-29	1.37e-25	3.80e-22	8.00e-19	2.49e-15	1.04e-12	1.73e-10	1.21e-08	5.10e-07	1.14e-05	1.73e-04	2.75e-03	8.74e-02	3.84e-01	5.26e-01
 5.27663e+22	0.00e+00	7.59e-33	3.50e-28	1.54e-24	3.56e-21	6.12e-18	1.60e-14	5.55e-12	7.64e-10	4.41e-08	1.53e-06	2.82e-05	3.47e-04	4.49e-03	1.16e-01	4.15e-01	4.64e-01
 5.67359e+22	0.00e+00	1.58e-32	6.92e-28	2.91e-24	6.40e-21	1.04e-17	2.61e-14	8.60e-12	1.13e-09	6.20e-08	2.05e-06	3.58e-05	4.16e-04	5.10e-03	1.25e-01	4.23e-01	4.47e-01
 5.79737e+22	0.00e+00	2.42e-32	1.03e-27	4.20e-24	8.98e-21	1.41e-17	3.46e-14	1.11e-11	1.41e-09	7.54e-08	2.42e-06	4.11e-05	4.62e-04	5.49e-03	1.30e-01	4.27e-01	4.37e-01
 5.89946e+22	0.00e+00	4.12e-32	1.68e-27	6.65e-24	1.37e-20	2.07e-17	4.91e-14	1.52e-11	1.87e-09	9.64e-08	2.98e-06	4.88e-05	5.27e-04	6.01e-03	1.37e-01	4.31e-01	4.25e-01
 6.00457e+22	0.00e+00	6.13e-32	2.44e-27	9.39e-24	1.88e-20	2.76e-17	6.39e-14	1.93e-11	2.31e-09	1.16e-07	3.49e-06	5.55e-05	5.81e-04	6.43e-03	1.42e-01	4.35e-01	4.16e-01
 6.11360e+22	0.00e+00	1.05e-31	4.00e-27	1.49e-23	2.88e-20	4.04e-17	9.09e-14	2.65e-11	3.07e-09	1.48e-07	4.31e-06	6.59e-05	6.62e-04	7.04e-03	1.50e-01	4.39e-01	4.03e-01
 6.22658e+22	0.00e+00	1.70e-31	6.30e-27	2.27e-23	4.23e-20	5.71e-17	1.25e-13	3.54e-11	3.97e-09	1.85e-07	5.21e-06	7.71e-05	7.46e-04	7.64e-03	1.57e-01	4.43e-01	3.92e-01
 6.32578e+22	0.00e+00	2.67e-31	9.56e-27	3.34e-23	6.03e-20	7.85e-17	1.68e-13	4.61e-11	5.02e-09	2.28e-07	6.22e-06	8.91e-05	8.33e-04	8.23e-03	1.63e-01	4.46e-01	3.81e-01
 6.41975e+22	0.00e+00	4.11e-31	1.42e-26	4.84e-23	8.47e-20	1.07e-16	2.22e-13	5.95e-11	6.30e-09	2.77e-07	7.36e-06	1.02e-04	9.25e-04	8.84e-03	1.70e-01	4.49e-01	3.71e-01
 6.52583e+22	0.00e+00	6.96e-31	2.32e-26	7.61e-23	1.28e-19	1.55e-16	3.14e-13	8.12e-11	8.31e-09	3.53e-07	9.05e-06	1.21e-04	1.05e-03	9.65e-03	1.78e-01	4.52e-01	3.59e-01
 6.63438e+22	0.00e+00	1.11e-30	3.59e-26	1.14e-22	1.85e-19	2.15e-16	4.26e-13	1.07e-10	1.06e-08	4.37e-07	1.09e-05	1.41e-04	1.18e-03	1.04e-02	1.86e-01	4.54e-01	3.49e-01
 6.72827e+22	0.00e+00	1.72e-30	5.37e-26	1.65e-22	2.61e-19	2.92e-16	5.64e-13	1.38e-10	1.33e-08	5.33e-07	1.29e-05	1.62e-04	1.31e-03	1.12e-02	1.93e-01	4.56e-01	3.39e-01
 6.83247e+22	0.00e+00	2.97e-30	8.90e-26	2.64e-22	3.99e-19	4.27e-16	8.04e-13	1.90e-10	1.78e-08	6.84e-07	1.60e-05	1.93e-04	1.49e-03	1.22e-02	2.02e-01	4.58e-01	3.26e-01
 6.93859e+22	0.00e+00	4.63e-30	1.34e-25	3.85e-22	5.65e-19	5.83e-16	1.07e-12	2.47e-10	2.24e-08	8.37e-07	1.90e-05	2.22e-04	1.66e-03	1.31e-02	2.10e-01	4.59e-01	3.16e-01
 7.03092e+22	0.00e+00	7.11e-30	2.00e-25	5.56e-22	7.90e-19	7.86e-16	1.41e-12	3.17e-10	2.80e-08	1.02e-06	2.24e-05	2.54e-04	1.84e-03	1.40e-02	2.17e-01	4.60e-01	3.06e-01
 7.13465e+22	0.00e+00	1.21e-29	3.26e-25	8.76e-22	1.19e-18	1.14e-15	1.99e-12	4.33e-10	3.70e-08	1.30e-06	2.76e-05	3.01e-04	2.08e-03	1.53e-02	2.27e-01	4.61e-01	2.95e-01
 7.24057e+22	0.00e+00	1.92e-29	5.00e-25	1.30e-21	1.71e-18	1.57e-15	2.68e-12	5.67e-10	4.70e-08	1.60e-06	3.30e-05	3.49e-04	2.32e-03	1.64e-02	2.35e-01	4.61e-01	2.84e-01
 7.33128e+22	0.00e+00	2.91e-29	7.34e-25	1.85e-21	2.36e-18	2.08e-15	3.50e-12	7.22e-10	5.83e-08	1.93e-06	3.88e-05	3.98e-04	2.56e-03	1.75e-02	2.43e-01	4.61e-01	2.75e-01
 7.43117e+22	0.00e+00	4.90e-29	1.19e-24	2.89e-21	3.54e-18	2.99e-15	4.89e-12	9.79e-10	7.66e-08	2.44e-06	4.75e-05	4.69e-04	2.89e-03	1.90e-02	2.53e-01	4.61e-01	2.64e-01
 7.53377e+22	0.00e+00	7.73e-29	1.81e-24	4.25e-21	5.02e-18	4.07e-15	6.54e-12	1.27e-09	9.69e-08	3.00e-06	5.66e-05	5.41e-04	3.22e-03	2.03e-02	2.62e-01	4.60e-01	2.54e-01
 7.62439e+22	0.00e+00	1.19e-28	2.70e-24	6.14e-21	7.01e-18	5.48e-15	8.62e-12	1.64e-09	1.21e-07	3.65e-06	6.70e-05	6.21e-04	3.56e-03	2.17e-02	2.70e-01	4.59e-01	2.45e-01
 7.72667e+22	0.00e+00	2.02e-28	4.40e-24	9.62e-21	1.05e-17	7.87e-15	1.21e-11	2.23e-09	1.60e-07	4.64e-06	8.21e-05	7.33e-04	4.02e-03	2.35e-02	2.81e-01	4.57e-01	2.34e-01
 7.83050e+22	0.00e+00	3.20e-28	6.72e-24	1.42e-20	1.50e-17	1.07e-14	1.62e-11	2.91e-09	2.02e-07	5.70e-06	9.80e-05	8.46e-04	4.47e-03	2.52e-02	2.90e-01	4.55e-01	2.25e-01
 7.92026e+22	0.00e+00	4.91e-28	9.95e-24	2.03e-20	2.08e-17	1.43e-14	2.12e-11	3.72e-09	2.52e-07	6.91e-06	1.16e-04	9.67e-04	4.93e-03	2.68e-02	2.98e-01	4.53e-01	2.16e-01
 8.02084e+22	0.00e+00	8.31e-28	1.62e-23	3.18e-20	3.11e-17	2.05e-14	2.96e-11	5.04e-09	3.31e-07	8.75e-06	1.41e-04	1.14e-03	5.56e-03	2.89e-02	3.09e-01	4.49e-01	2.06e-01
 8.12578e+22	0.00e+00	1.35e-27	2.52e-23	4.77e-20	4.49e-17	2.82e-14	4.01e-11	6.65e-09	4.25e-07	1.09e-05	1.70e-04	1.32e-03	6.20e-03	3.10e-02	3.19e-01	4.46e-01	1.97e-01
 8.21629e+22	0.00e+00	2.03e-27	3.68e-23	6.75e-20	6.14e-17	3.72e-14	5.20e-11	8.43e-09	5.25e-07	1.31e-05	1.99e-04	1.50e-03	6.81e-03	3.28e-02	3.27e-01	4.43e-01	1.89e-01
 8.31384e+22	0.00e+00	3.43e-27	5.95e-23	1.05e-19	9.14e-17	5.27e-14	7.22e-11	1.14e-08	6.87e-07	1.65e-05	2.43e-04	1.77e-03	7.66e-03	3.53e-02	3.38e-01	4.38e-01	1.79e-01
 8.41207e+22	0.00e+00	5.30e-27	8.89e-23	1.51e-19	1.27e-16	7.04e-14	9.48e-11	1.46e-08	8.60e-07	2.01e-05	2.87e-04	2.02e-03	8.44e-03	3.75e-02	3.47e-01	4.34e-01	1.71e-01
 8.49655e+22	6.78e-34	7.88e-27	1.28e-22	2.11e-19	1.72e-16	9.17e-14	1.22e-10	1.83e-08	1.05e-06	2.39e-05	3.34e-04	2.28e-03	9.21e-03	3.96e-02	3.55e-01	4.30e-01	1.64e-01
 8.57582e+22	1.04e-33	1.16e-26	1.82e-22	2.91e-19	2.29e-16	1.18e-13	1.54e-10	2.28e-08	1.28e-06	2.84e-05	3.87e-04	2.57e-03	1.00e-02	4.17e-02	3.62e-01	4.25e-01	1.58e-01
 8.64947e+22	1.53e-33	1.65e-26	2.53e-22	3.92e-19	2.99e-16	1.48e-13	1.92e-10	2.80e-08	1.54e-06	3.33e-05	4.43e-04	2.86e-03	1.09e-02	4.37e-02	3.69e-01	4.21e-01	1.52e-01
 8.71697e+22	2.22e-33	2.31e-26	3.43e-22	5.17e-19	3.82e-16	1.84e-13	2.36e-10	3.38e-08	1.83e-06	3.86e-05	5.03e-04	3.17e-03	1.17e-02	4.57e-02	3.76e-01	4.17e-01	1.46e-01
 8.77899e+22	3.03e-33	3.07e-26	4.46e-22	6.57e-19	4.74e-16	2.22e-13	2.82e-10	3.97e-08	2.11e-06	4.38e-05	5.60e-04	3.46e-03	1.24e-02	4.74e-02	3.81e-01	4.13e-01	1.41e-01
 8.84865e+22	4.61e-33	4.49e-26	6.32e-22	9.01e-19	6.28e-16	2.83e-13	3.56e-10	4.93e-08	2.57e-06	5.19e-05	6.47e-04	3.88e-03	1.35e-02	4.98e-02	3.89e-01	4.08e-01	1.35e-01
 8.92106e+22	6.77e-33	6.36e-26	8.68e-22	1.20e-18	8.12e-16	3.54e-13	4.41e-10	6.00e-08	3.06e-06	6.05e-05	7.38e-04	4.31e-03	1.45e-02	5.21e-02	3.95e-01	4.03e-01	1.30e-01
 8.98191e+22	9.46e-33	8.62e-26	1.14e-21	1.54e-18	1.01e-15	4.28e-13	5.30e-10	7.11e-08	3.57e-06	6.91e-05	8.27e-04	4.72e-03	1.55e-02	5.41e-02	4.01e-01	3.99e-01	1.25e-01
 9.03715e+22	1.29e-32	1.14e-25	1.48e-21	1.95e-18	1.25e-15	5.11e-13	6.29e-10	8.33e-08	4.12e-06	7.82e-05	9.19e-04	5.14e-03	1.65e-02	5.60e-02	4.06e-01	3.94e-01	1.21e-01
 9.10022e+22	1.90e-32	1.62e-25	2.04e-21	2.60e-18	1.61e-15	6.37e-13	7.77e-10	1.01e-07	4.92e-06	9.13e-05	1.05e-03	5.71e-03	1.77e-02	5.85e-02	4.12e-01	3.89e-01	1.16e-01
 9.16347e+22	2.61e-32	2.16e-25	2.65e-21	3.29e-18	1.99e-15	7.64e-13	9.26e-10	1.19e-07	5.70e-06	1.04e-04	1.17e-03	6.22e-03	1.89e-02	6.06e-02	4.17e-01	3.84e-01	1.12e-01
 9.21765e+22	3.56e-32	2.86e-25	3.42e-21	4.14e-18	2.43e-15	9.09e-13	1.10e-09	1.39e-07	6.56e-06	1.17e-04	1.30e-03	6.76e-03	2.00e-02	6.27e-02	4.22e-01	3.79e-01	1.08e-01
 9.27880e+22	5.24e-32	4.06e-25	4.71e-21	5.52e-18	3.13e-15	1.13e-12	1.35e-09	1.70e-07	7.83e-06	1.37e-04	1.48e-03	7.50e-03	2.15e-02	6.53e-02	4.28e-01	3.73e-01	1.03e-01
 9.34074e+22	7.16e-32	5.38e-25	6.09e-21	6.96e-18	3.84e-15	1.35e-12	1.60e-09	1.99e-07	9.03e-06	1.54e-04	1.64e-03	8.16e-03	2.28e-02	6.75e-02	4.32e-01	3.68e-01	9.95e-02
 9.40370e+22	1.09e-31	7.86e-25	8.59e-21	9.47e-18	5.03e-15	1.69e-12	2.01e-09	2.45e-07	1.09e-05	1.82e-04	1.89e-03	9.12e-03	2.47e-02	7.05e-02	4.38e-01	3.61e-01	9.45e-02
 9.46556e+22	1.48e-31	1.04e-24	1.11e-20	1.19e-17	6.15e-15	2.01e-12	2.37e-09	2.86e-07	1.26e-05	2.06e-04	2.09e-03	9.90e-03	2.61e-02	7.28e-02	4.42e-01	3.56e-01	9.10e-02
 9.51596e+22	2.01e-31	1.36e-24	1.42e-20	1.48e-17	7.43e-15	2.35e-12	2.78e-09	3.32e-07	1.44e-05	2.32e-04	2.32e-03	1.07e-02	2.76e-02	7.50e-02	4.46e-01	3.51e-01	8.76e-02
 9.56324e+22	2.67e-31	1.76e-24	1.79e-20	1.82e-17	8.90e-15	2.74e-12	3.23e-09	3.82e-07	1.64e-05	2.59e-04	2.54e-03	1.16e-02	2.91e-02	7.72e-02	4.49e-01	3.46e-01	8.45e-02
 9.61651e+22	3.79e-31	2.41e-24	2.38e-20	2.35e-17	1.11e-14	3.30e-12	3.89e-09	4.55e-07	1.92e-05	2.97e-04	2.86e-03	1.27e-02	3.10e-02	7.99e-02	4.53e-01	3.39e-01	8.08e-02
 9.67147e+22	5.21e-31	3.21e-24	3.08e-20	2.95e-17	1.36e-14	3.90e-12	4.59e-09	5.32e-07	2.21e-05	3.36e-04	3.18e-03	1.38e-02	3.28e-02	8.23e-02	4.56e-01	3.34e-01	7.75e-02
 9.71944e+22	6.86e-31	4.12e-24	3.86e-20	3.61e-17	1.61e-14	4.52e-12	5.32e-09	6.10e-07	2.51e-05	3.74e-04	3.48e-03	1.48e-02	3.45e-02	8.45e-02	4.59e-01	3.29e-01	7.47e-02
 9.77260e+22	1.01e-30	5.83e-24	5.27e-20	4.75e-17	2.04e-14	5.49e-12	6.48e-09	7.37e-07	2.98e-05	4.34e-04	3.95e-03	1.63e-02	3.69e-02	8.76e-02	4.63e-01	3.21e-01	7.09e-02
 9.82592e+22	1.36e-30	7.62e-24	6.71e-20	5.87e-17	2.45e-14	6.39e-12	7.56e-09	8.52e-07	3.40e-05	4.86e-04	4.35e-03	1.76e-02	3.89e-02	8.99e-02	4.65e-01	3.15e-01	6.81e-02
 9.87947e+22	2.00e-30	1.08e-23	9.17e-20	7.73e-17	3.10e-14	7.76e-12	9.21e-09	1.03e-06	4.04e-05	5.64e-04	4.93e-03	1.95e-02	4.16e-02	9.31e-02	4.68e-01	3.08e-01	6.45e-02
 9.93383e+22	2.74e-30	1.43e-23	1.18e-19	9.66e-17	3.75e-14	9.08e-12	1.08e-08	1.20e-06	4.65e-05	6.36e-04	5.46e-03	2.11e-02	4.39e-02	9.56e-02	4.70e-01	3.02e-01	6.17e-02
 9.98036e+22	3.65e-30	1.85e-23	1.49e-19	1.18e-16	4.47e-14	1.05e-11	1.25e-08	1.38e-06	5.28e-05	7.10e-04	5.99e-03	2.27e-02	4.61e-02	9.80e-02	4.72e-01	2.96e-01	5.92e-02
 1.00319e+23	5.49e-30	2.66e-23	2.06e-19	1.57e-16	5.66e-14	1.27e-11	1.53e-08	1.67e-06	6.31e-05	8.27e-04	6.82e-03	2.51e-02	4.93e-02	1.01e-01	4.73e-01	2.88e-01	5.57e-02
 1.00827e+23	7.25e-30	3.42e-23	2.58e-19	1.91e-16	6.69e-14	1.46e-11	1.76e-08	1.91e-06	7.13e-05	9.19e-04	7.45e-03	2.69e-02	5.17e-02	1.04e-01	4.74e-01	2.82e-01	5.34e-02
 1.01322e+23	1.07e-29	4.85e-23	3.53e-19	2.50e-16	8.39e-14	1.75e-11	2.14e-08	2.30e-06	8.47e-05	1.07e-03	8.44e-03	2.97e-02	5.51e-02	1.07e-01	4.75e-01	2.74e-01	5.03e-02
 1.01810e+23	1.40e-29	6.16e-23	4.37e-19	3.01e-16	9.83e-14	1.99e-11	2.45e-08	2.62e-06	9.52e-05	1.18e-03	9.18e-03	3.16e-02	5.75e-02	1.09e-01	4.75e-01	2.68e-01	4.82e-02
 1.02288e+23	2.09e-29	8.80e-23	5.99e-19	3.95e-16	1.23e-13	2.37e-11	2.96e-08	3.16e-06	1.13e-04	1.36e-03	1.04e-02	3.49e-02	6.14e-02	1.12e-01	4.75e-01	2.59e-01	4.53e-02
 1.02760e+23	2.73e-29	1.12e-22	7.41e-19	4.75e-16	1.44e-13	2.69e-11	3.38e-08	3.58e-06	1.27e-04	1.51e-03	1.13e-02	3.72e-02	6.40e-02	1.14e-01	4.75e-01	2.54e-01	4.34e-02
 1.03227e+23	4.06e-29	1.59e-22	1.01e-18	6.20e-16	1.79e-13	3.20e-11	4.09e-08	4.31e-06	1.51e-04	1.74e-03	1.28e-02	4.09e-02	6.81e-02	1.17e-01	4.74e-01	2.45e-01	4.06e-02
 1.03696e+23	5.39e-29	2.05e-22	1.27e-18	7.53e-16	2.10e-13	3.63e-11	4.69e-08	4.92e-06	1.70e-04	1.93e-03	1.39e-02	4.37e-02	7.11e-02	1.19e-01	4.72e-01	2.39e-01	3.87e-02
 1.04169e+23	8.05e-29	2.93e-22	1.74e-18	9.84e-16	2.61e-13	4.31e-11	5.66e-08	5.92e-06	2.02e-04	2.23e-03	1.57e-02	4.80e-02	7.55e-02	1.22e-01	4.70e-01	2.30e-01	3.61e-02
 1.04648e+23	1.09e-28	3.84e-22	2.21e-18	1.21e-15	3.09e-13	4.92e-11	6.55e-08	6.82e-06	2.30e-04	2.49e-03	1.72e-02	5.14e-02	7.89e-02	1.24e-01	4.68e-01	2.23e-01	3.42e-02
 1.05138e+23	1.63e-28	5.49e-22	3.04e-18	1.58e-15	3.84e-13	5.83e-11	7.91e-08	8.20e-06	2.72e-04	2.88e-03	1.94e-02	5.63e-02	8.36e-02	1.27e-01	4.64e-01	2.14e-01	3.17e-02
 1.05624e+23	2.22e-28	7.23e-22	3.87e-18	1.94e-15	4.54e-13	6.63e-11	9.13e-08	9.44e-06	3.10e-04	3.21e-03	2.12e-02	6.04e-02	8.73e-02	1.29e-01	4.61e-01	2.08e-01	3.00e-02
 1.06105e+23	3.33e-28	1.04e-21	5.31e-18	2.53e-15	5.63e-13	7.83e-11	1.10e-07	1.13e-05	3.67e-04	3.70e-03	2.38e-02	6.60e-02	9.23e-02	1.32e-01	4.56e-01	1.98e-01	2.77e-02
 1.06593e+23	4.59e-28	1.38e-21	6.82e-18	3.12e-15	6.67e-13	8.92e-11	1.27e-07	1.31e-05	4.19e-04	4.13e-03	2.61e-02	7.07e-02	9.63e-02	1.33e-01	4.52e-01	1.91e-01	2.60e-02
 1.07088e+23	6.97e-28	2.00e-21	9.45e-18	4.10e-15	8.30e-13	1.05e-10	1.54e-07	1.58e-05	4.97e-04	4.77e-03	2.93e-02	7.72e-02	1.02e-01	1.36e-01	4.45e-01	1.82e-01	2.39e-02
 1.07589e+23	9.69e-28	2.68e-21	1.22e-17	5.09e-15	9.86e-13	1.20e-10	1.79e-07	1.83e-05	5.68e-04	5.33e-03	3.21e-02	8.27e-02	1.06e-01	1.37e-01	4.39e-01	1.75e-01	2.23e-02
 1.08098e+23	1.49e-27	3.92e-21	1.71e-17	6.73e-15	1.23e-12	1.42e-10	2.16e-07	2.21e-05	6.76e-04	6.15e-03	3.61e-02	9.02e-02	1.11e-01	1.39e-01	4.31e-01	1.65e-01	2.04e-02
 1.08610e+23	2.12e-30	5.27e-21	2.21e-17	8.33e-15	1.46e-12	1.61e-10	2.50e-07	2.55e-05	7.70e-04	6.86e-03	3.94e-02	9.63e-02	1.16e-01	1.40e-01	4.24e-01	1.58e-01	1.89e-02
 1.09050e+23	2.93e-30	7.00e-21	2.83e-17	1.02e-14	1.72e-12	1.83e-10	2.87e-07	2.92e-05	8.74e-04	7.60e-03	4.29e-02	1.02e-01	1.20e-01	1.41e-01	4.17e-01	1.51e-01	1.76e-02
 1.09547e+23	4.47e-30	1.02e-20	3.92e-17	1.34e-14	2.12e-12	2.14e-10	3.44e-07	3.49e-05	1.03e-03	8.69e-03	4.77e-02	1.11e-01	1.25e-01	1.42e-01	4.06e-01	1.42e-01	1.60e-02
 1.10044e+23	6.10e-30	1.34e-20	4.98e-17	1.64e-14	2.48e-12	2.41e-10	3.92e-07	3.98e-05	1.16e-03	9.56e-03	5.15e-02	1.17e-01	1.29e-01	1.42e-01	3.99e-01	1.35e-01	1.48e-02
 1.10541e+23	9.24e-30	1.92e-20	6.84e-17	2.13e-14	3.05e-12	2.81e-10	4.66e-07	4.71e-05	1.35e-03	1.08e-02	5.69e-02	1.26e-01	1.35e-01	1.43e-01	3.87e-01	1.27e-01	1.34e-02
 1.11044e+23	1.26e-29	2.52e-20	8.67e-17	2.59e-14	3.57e-12	3.16e-10	5.29e-07	5.35e-05	1.51e-03	1.19e-02	6.12e-02	1.33e-01	1.38e-01	1.43e-01	3.78e-01	1.21e-01	1.24e-02
 1.11553e+23	1.89e-29	3.61e-20	1.18e-16	3.35e-14	4.37e-12	3.67e-10	6.24e-07	6.30e-05	1.75e-03	1.34e-02	6.71e-02	1.42e-01	1.43e-01	1.42e-01	3.66e-01	1.13e-01	1.12e-02
 1.12077e+23	2.63e-29	4.82e-20	1.52e-16	4.13e-14	5.15e-12	4.16e-10	7.12e-07	7.17e-05	1.97e-03	1.47e-02	7.22e-02	1.49e-01	1.47e-01	1.42e-01	3.56e-01	1.06e-01	1.03e-02
 1.12619e+23	4.01e-29	6.98e-20	2.10e-16	5.40e-14	6.34e-12	4.86e-10	8.40e-07	8.45e-05	2.28e-03	1.66e-02	7.91e-02	1.59e-01	1.51e-01	1.41e-01	3.43e-01	9.86e-02	9.18e-03
 1.13171e+23	5.56e-29	9.30e-20	2.70e-16	6.65e-14	7.48e-12	5.51e-10	9.56e-07	9.58e-05	2.56e-03	1.81e-02	8.47e-02	1.67e-01	1.54e-01	1.40e-01	3.32e-01	9.28e-02	8.39e-03
 1.13736e+23	8.47e-29	1.34e-19	3.73e-16	8.68e-14	9.23e-12	6.45e-10	1.12e-06	1.12e-04	2.94e-03	2.03e-02	9.22e-02	1.77e-01	1.58e-01	1.38e-01	3.18e-01	8.56e-02	7.45e-03
 1.14317e+23	1.19e-28	1.81e-19	4.83e-16	1.08e-13	1.09e-11	7.34e-10	1.28e-06	1.27e-04	3.29e-03	2.21e-02	9.84e-02	1.84e-01	1.61e-01	1.37e-01	3.07e-01	8.00e-02	6.76e-03
 1.14837e+23	1.64e-28	2.41e-19	6.21e-16	1.33e-13	1.29e-11	8.32e-10	1.44e-06	1.43e-04	3.66e-03	2.40e-02	1.05e-01	1.92e-01	1.64e-01	1.35e-01	2.96e-01	7.48e-02	6.14e-03
 1.15430e+23	2.49e-28	3.46e-19	8.53e-16	1.73e-13	1.59e-11	9.76e-10	1.68e-06	1.67e-04	4.18e-03	2.67e-02	1.13e-01	2.02e-01	1.66e-01	1.33e-01	2.81e-01	6.85e-02	5.42e-03
 1.16032e+23	3.44e-28	4.60e-19	1.09e-15	2.13e-13	1.88e-11	1.11e-09	1.89e-06	1.87e-04	4.63e-03	2.88e-02	1.20e-01	2.09e-01	1.68e-01	1.30e-01	2.70e-01	6.39e-02	4.90e-03
 1.16647e+23	5.19e-28	6.60e-19	1.50e-15	2.77e-13	2.31e-11	1.30e-09	2.20e-06	2.16e-04	5.26e-03	3.18e-02	1.28e-01	2.18e-01	1.70e-01	1.27e-01	2.56e-01	5.82e-02	4.30e-03
 1.17244e+23	6.94e-28	8.51e-19	1.88e-15	3.34e-13	2.69e-11	1.46e-09	2.44e-06	2.39e-04	5.74e-03	3.40e-02	1.34e-01	2.25e-01	1.71e-01	1.25e-01	2.46e-01	5.44e-02	3.92e-03
 1.17818e+23	1.01e-27	1.18e-18	2.51e-15	4.25e-13	3.25e-11	1.69e-09	2.78e-06	2.72e-04	6.42e-03	3.70e-02	1.43e-01	2.33e-01	1.72e-01	1.22e-01	2.33e-01	4.98e-02	3.46e-03
 1.18403e+23	1.35e-27	1.52e-18	3.12e-15	5.11e-13	3.78e-11	1.90e-09	3.08e-06	2.99e-04	6.98e-03	3.95e-02	1.49e-01	2.39e-01	1.73e-01	1.20e-01	2.23e-01	4.65e-02	3.14e-03
 1.19000e+23	1.95e-27	2.10e-18	4.15e-15	6.49e-13	4.57e-11	2.20e-09	3.50e-06	3.39e-04	7.78e-03	4.28e-02	1.57e-01	2.46e-01	1.73e-01	1.16e-01	2.11e-01	4.24e-02	2.77e-03
 1.19614e+23	2.64e-27	2.73e-18	5.23e-15	7.87e-13	5.34e-11	2.48e-09	3.89e-06	3.74e-04	8.47e-03	4.56e-02	1.64e-01	2.52e-01	1.73e-01	1.13e-01	2.01e-01	3.93e-02	2.49e-03
 1.20249e+23	3.85e-27	3.80e-18	6.99e-15	1.01e-12	6.50e-11	2.89e-09	4.43e-06	4.23e-04	9.42e-03	4.94e-02	1.73e-01	2.59e-01	1.73e-01	1.09e-01	1.89e-01	3.56e-02	2.18e-03
 1.20873e+23	5.09e-27	4.84e-18	8.65e-15	1.20e-12	7.51e-11	3.24e-09	4.86e-06	4.63e-04	1.02e-02	5.22e-02	1.79e-01	2.64e-01	1.72e-01	1.07e-01	1.80e-01	3.30e-02	1.97e-03
 1.21481e+23	7.31e-27	6.63e-18	1.14e-14	1.52e-12	9.05e-11	3.74e-09	5.48e-06	5.19e-04	1.12e-02	5.61e-02	1.88e-01	2.69e-01	1.71e-01	1.03e-01	1.69e-01	2.99e-02	1.73e-03
 1.22095e+23	9.53e-27	8.35e-18	1.40e-14	1.80e-12	1.04e-10	4.18e-09	6.00e-06	5.65e-04	1.20e-02	5.91e-02	1.94e-01	2.73e-01	1.70e-01	1.00e-01	1.61e-01	2.78e-02	1.56e-03
 1.22717e+23	1.36e-26	1.14e-17	1.84e-14	2.27e-12	1.25e-10	4.82e-09	6.75e-06	6.30e-04	1.32e-02	6.32e-02	2.02e-01	2.78e-01	1.69e-01	9.63e-02	1.51e-01	2.52e-02	1.37e-03
 1.23352e+23	1.78e-26	1.44e-17	2.26e-14	2.71e-12	1.45e-10	5.41e-09	7.40e-06	6.86e-04	1.42e-02	6.65e-02	2.08e-01	2.82e-01	1.67e-01	9.34e-02	1.44e-01	2.33e-02	1.23e-03
 1.24003e+23	2.56e-26	1.97e-17	2.98e-14	3.41e-12	1.74e-10	6.26e-09	8.32e-06	7.65e-04	1.56e-02	7.10e-02	2.16e-01	2.86e-01	1.65e-01	8.95e-02	1.34e-01	2.09e-02	1.07e-03
 1.24665e+23	3.37e-26	2.49e-17	3.67e-14	4.08e-12	2.02e-10	7.03e-09	9.13e-06	8.33e-04	1.67e-02	7.46e-02	2.23e-01	2.89e-01	1.63e-01	8.65e-02	1.27e-01	1.93e-02	9.59e-04
 1.25344e+23	4.84e-26	3.41e-17	4.85e-14	5.15e-12	2.44e-10	8.16e-09	1.03e-05	9.28e-04	1.83e-02	7.94e-02	2.31e-01	2.92e-01	1.60e-01	8.26e-02	1.18e-01	1.73e-02	8.29e-04
 1.26035e+23	1.40e-26	4.34e-17	5.99e-14	6.18e-12	2.83e-10	9.19e-09	1.13e-05	1.01e-03	1.96e-02	8.34e-02	2.37e-01	2.94e-01	1.58e-01	7.96e-02	1.11e-01	1.59e-02	7.40e-04
 1.26743e+23	2.03e-26	5.94e-17	7.92e-14	7.83e-12	3.43e-10	1.07e-08	1.27e-05	1.13e-03	2.14e-02	8.86e-02	2.45e-01	2.96e-01	1.55e-01	7.57e-02	1.03e-01	1.41e-02	6.36e-04
 1.27435e+23	2.61e-26	7.36e-17	9.58e-14	9.22e-12	3.93e-10	1.19e-08	1.38e-05	1.21e-03	2.28e-02	9.24e-02	2.50e-01	2.98e-01	1.52e-01	7.30e-02	9.74e-02	1.31e-02	5.73e-04
 1.28107e+23	3.69e-26	9.91e-17	1.25e-13	1.15e-11	4.70e-10	1.38e-08	1.54e-05	1.34e-03	2.47e-02	9.76e-02	2.57e-01	2.99e-01	1.49e-01	6.94e-02	9.02e-02	1.17e-02	4.95e-04
 1.28789e+23	4.75e-26	1.23e-16	1.51e-13	1.36e-11	5.40e-10	1.54e-08	1.68e-05	1.45e-03	2.62e-02	1.02e-01	2.62e-01	2.99e-01	1.46e-01	6.68e-02	8.52e-02	1.08e-02	4.45e-04
 1.29486e+23	6.68e-26	1.64e-16	1.95e-13	1.69e-11	6.46e-10	1.77e-08	1.88e-05	1.59e-03	2.84e-02	1.07e-01	2.69e-01	3.00e-01	1.42e-01	6.34e-02	7.88e-02	9.62e-03	3.84e-04
 1.30204e+23	8.81e-26	2.08e-16	2.41e-13	2.02e-11	7.49e-10	2.00e-08	2.06e-05	1.73e-03	3.03e-02	1.12e-01	2.74e-01	3.00e-01	1.39e-01	6.07e-02	7.39e-02	8.76e-03	3.41e-04
 1.30951e+23	1.24e-25	2.78e-16	3.12e-13	2.53e-11	9.01e-10	2.32e-08	2.31e-05	1.91e-03	3.27e-02	1.17e-01	2.80e-01	2.99e-01	1.35e-01	5.74e-02	6.81e-02	7.80e-03	2.93e-04
 1.31723e+23	1.67e-25	3.57e-16	3.90e-13	3.06e-11	1.05e-09	2.63e-08	2.55e-05	2.07e-03	3.50e-02	1.22e-01	2.85e-01	2.98e-01	1.32e-01	5.46e-02	6.34e-02	7.05e-03	2.57e-04
 1.32528e+23	2.39e-25	4.84e-16	5.11e-13	3.87e-11	1.28e-09	3.07e-08	2.88e-05	2.30e-03	3.79e-02	1.29e-01	2.91e-01	2.97e-01	1.27e-01	5.13e-02	5.80e-02	6.22e-03	2.18e-04
 1.33355e+23	3.24e-25	6.25e-16	6.43e-13	4.71e-11	1.51e-09	3.51e-08	3.18e-05	2.51e-03	4.05e-02	1.34e-01	2.96e-01	2.95e-01	1.23e-01	4.86e-02	5.37e-02	5.58e-03	1.90e-04
 1.34211e+23	4.71e-25	8.57e-16	8.52e-13	6.01e-11	1.85e-09	4.13e-08	3.61e-05	2.79e-03	4.39e-02	1.41e-01	3.02e-01	2.93e-01	1.19e-01	4.54e-02	4.88e-02	4.88e-03	1.60e-04
 1.35097e+23	6.47e-25	1.12e-15	1.08e-12	7.39e-11	2.19e-09	4.75e-08	4.02e-05	3.05e-03	4.70e-02	1.47e-01	3.06e-01	2.90e-01	1.15e-01	4.28e-02	4.49e-02	4.35e-03	1.38e-04
 1.36020e+23	9.57e-25	1.56e-15	1.46e-12	9.54e-11	2.72e-09	5.65e-08	4.59e-05	3.40e-03	5.11e-02	1.55e-01	3.11e-01	2.86e-01	1.09e-01	3.97e-02	4.05e-02	3.76e-03	1.15e-04
 1.36966e+23	1.33e-24	2.06e-15	1.86e-12	1.18e-10	3.25e-09	6.53e-08	5.13e-05	3.73e-03	5.48e-02	1.61e-01	3.15e-01	2.83e-01	1.05e-01	3.72e-02	3.71e-02	3.33e-03	9.82e-05
 1.37811e+23	1.81e-24	2.67e-15	2.35e-12	1.45e-10	3.85e-09	7.50e-08	5.71e-05	4.07e-03	5.84e-02	1.67e-01	3.18e-01	2.79e-01	1.01e-01	3.49e-02	3.40e-02	2.96e-03	8.46e-05
 1.38779e+23	2.75e-24	3.79e-15	3.22e-12	1.90e-10	4.82e-09	8.99e-08	6.56e-05	4.56e-03	6.35e-02	1.76e-01	3.22e-01	2.74e-01	9.59e-02	3.21e-02	3.03e-02	2.52e-03	6.90e-05
 1.39756e+23	3.75e-24	4.92e-15	4.07e-12	2.32e-10	5.72e-09	1.03e-07	7.30e-05	4.97e-03	6.76e-02	1.82e-01	3.24e-01	2.69e-01	9.19e-02	3.00e-02	2.77e-02	2.24e-03	5.92e-05
 1.40745e+23	5.66e-24	6.96e-15	5.55e-12	3.04e-10	7.15e-09	1.24e-07	8.38e-05	5.55e-03	7.33e-02	1.90e-01	3.27e-01	2.63e-01	8.67e-02	2.75e-02	2.46e-02	1.90e-03	4.82e-05
 1.41752e+23	7.89e-24	9.20e-15	7.13e-12	3.77e-10	8.56e-09	1.43e-07	9.36e-05	6.07e-03	7.82e-02	1.97e-01	3.29e-01	2.58e-01	8.27e-02	2.55e-02	2.23e-02	1.66e-03	4.07e-05
 1.42785e+23	1.20e-23	1.31e-14	9.80e-12	4.97e-10	1.08e-08	1.73e-07	1.08e-04	6.79e-03	8.47e-02	2.05e-01	3.30e-01	2.51e-01	7.76e-02	2.32e-02	1.97e-02	1.40e-03	3.28e-05
 1.43835e+23	1.70e-23	1.76e-14	1.27e-11	6.21e-10	1.30e-08	2.01e-07	1.21e-04	7.43e-03	9.03e-02	2.12e-01	3.31e-01	2.45e-01	7.36e-02	2.15e-02	1.77e-02	1.22e-03	2.75e-05
 1.44909e+23	2.65e-23	2.56e-14	1.78e-11	8.29e-10	1.65e-08	2.44e-07	1.40e-04	8.33e-03	9.79e-02	2.21e-01	3.31e-01	2.37e-01	6.85e-02	1.94e-02	1.54e-02	1.01e-03	2.17e-05
 1.45924e+23	3.56e-23	3.28e-14	2.22e-11	1.00e-09	1.93e-08	2.78e-07	1.54e-04	9.00e-03	1.03e-01	2.27e-01	3.31e-01	2.31e-01	6.53e-02	1.80e-02	1.41e-02	8.92e-04	1.86e-05
 1.46863e+23	5.27e-23	4.57e-14	2.98e-11	1.29e-09	2.39e-08	3.30e-07	1.75e-04	9.93e-03	1.11e-01	2.34e-01	3.30e-01	2.24e-01	6.11e-02	1.64e-02	1.24e-02	7.54e-04	1.50e-05
 1.47809e+23	7.08e-23	5.86e-14	3.72e-11	1.57e-09	2.80e-08	3.76e-07	1.93e-04	1.07e-02	1.16e-01	2.40e-01	3.29e-01	2.18e-01	5.81e-02	1.53e-02	1.13e-02	6.63e-04	1.28e-05
 1.48765e+23	1.06e-22	8.25e-14	5.04e-11	2.03e-09	3.48e-08	4.47e-07	2.19e-04	1.18e-02	1.25e-01	2.47e-01	3.27e-01	2.11e-01	5.41e-02	1.38e-02	9.91e-03	5.56e-04	1.03e-05
 1.49730e+23	1.44e-22	1.07e-13	6.37e-11	2.49e-09	4.11e-08	5.13e-07	2.42e-04	1.28e-02	1.31e-01	2.53e-01	3.25e-01	2.05e-01	5.12e-02	1.28e-02	8.95e-03	4.85e-04	8.66e-06
 1.50708e+23	2.17e-22	1.52e-13	8.68e-11	3.24e-09	5.12e-08	6.13e-07	2.77e-04	1.41e-02	1.40e-01	2.60e-01	3.22e-01	1.97e-01	4.75e-02	1.15e-02	7.80e-03	4.03e-04	6.88e-06
 1.51700e+23	2.98e-22	1.99e-13	1.10e-10	3.99e-09	6.08e-08	7.06e-07	3.07e-04	1.53e-02	1.48e-01	2.65e-01	3.19e-01	1.90e-01	4.46e-02	1.06e-02	7.00e-03	3.49e-04	5.74e-06
 1.52710e+23	4.57e-22	2.86e-13	1.53e-10	5.26e-09	7.65e-08	8.52e-07	3.52e-04	1.70e-02	1.58e-01	2.72e-01	3.14e-01	1.82e-01	4.11e-02	9.46e-03	6.04e-03	2.87e-04	4.49e-06
 1.53734e+23	6.34e-22	3.79e-13	1.96e-10	6.52e-09	9.16e-08	9.87e-07	3.93e-04	1.84e-02	1.66e-01	2.77e-01	3.10e-01	1.75e-01	3.85e-02	8.66e-03	5.38e-03	2.46e-04	3.71e-06
 1.54776e+23	9.78e-22	5.49e-13	2.72e-10	8.66e-09	1.16e-07	1.20e-06	4.53e-04	2.05e-02	1.77e-01	2.83e-01	3.04e-01	1.66e-01	3.52e-02	7.68e-03	4.60e-03	2.00e-04	2.86e-06
 1.55842e+23	1.39e-21	7.42e-13	3.56e-10	1.09e-08	1.41e-07	1.41e-06	5.09e-04	2.23e-02	1.87e-01	2.88e-01	2.99e-01	1.59e-01	3.27e-02	6.96e-03	4.05e-03	1.68e-04	2.32e-06
 1.56940e+23	2.19e-21	1.10e-12	5.04e-10	1.47e-08	1.81e-07	1.74e-06	5.94e-04	2.50e-02	2.00e-01	2.93e-01	2.92e-01	1.50e-01	2.96e-02	6.11e-03	3.42e-03	1.34e-04	1.75e-06
 1.58052e+23	3.14e-21	1.50e-12	6.65e-10	1.87e-08	2.22e-07	2.06e-06	6.72e-04	2.74e-02	2.10e-01	2.97e-01	2.85e-01	1.43e-01	2.72e-02	5.49e-03	2.98e-03	1.12e-04	1.40e-06
 1.59149e+23	4.88e-21	2.19e-12	9.33e-10	2.52e-08	2.85e-07	2.54e-06	7.83e-04	3.06e-02	2.24e-01	3.01e-01	2.77e-01	1.35e-01	2.46e-02	4.81e-03	2.50e-03	8.93e-05	1.05e-06
 1.60196e+23	6.71e-21	2.88e-12	1.19e-09	3.12e-08	3.43e-07	2.96e-06	8.77e-04	3.32e-02	2.34e-01	3.04e-01	2.70e-01	1.28e-01	2.27e-02	4.35e-03	2.20e-03	7.55e-05	8.56e-07
 1.61215e+23	1.02e-20	4.13e-12	1.65e-09	4.14e-08	4.37e-07	3.63e-06	1.02e-03	3.69e-02	2.48e-01	3.06e-01	2.61e-01	1.20e-01	2.05e-02	3.81e-03	1.86e-03	6.03e-05	6.48e-07
 1.62253e+23	1.41e-20	5.49e-12	2.13e-09	5.19e-08	5.30e-07	4.29e-06	1.15e-03	4.02e-02	2.59e-01	3.08e-01	2.54e-01	1.14e-01	1.88e-02	3.42e-03	1.61e-03	5.02e-05	5.18e-07
 1.63264e+23	2.08e-20	7.67e-12	2.88e-09	6.78e-08	6.68e-07	5.23e-06	1.33e-03	4.46e-02	2.73e-01	3.09e-01	2.44e-01	1.06e-01	1.69e-02	3.00e-03	1.36e-03	4.02e-05	3.94e-07
 1.64297e+23	2.90e-20	1.03e-11	3.74e-09	8.59e-08	8.20e-07	6.24e-06	1.51e-03	4.88e-02	2.85e-01	3.09e-01	2.36e-01	1.00e-01	1.53e-02	2.66e-03	1.17e-03	3.30e-05	3.09e-07
 1.65304e+23	4.14e-20	1.40e-11	4.96e-09	1.11e-07	1.02e-06	7.56e-06	1.74e-03	5.39e-02	2.99e-01	3.09e-01	2.26e-01	9.33e-02	1.37e-02	2.33e-03	9.88e-04	2.65e-05	2.37e-07
 1.66331e+23	5.79e-20	1.87e-11	6.47e-09	1.41e-07	1.26e-06	9.09e-06	1.99e-03	5.92e-02	3.12e-01	3.08e-01	2.17e-01	8.69e-02	1.24e-02	2.05e-03	8.39e-04	2.15e-05	1.83e-07
 1.67351e+23	8.11e-20	2.51e-11	8.47e-09	1.80e-07	1.57e-06	1.10e-05	2.29e-03	6.52e-02	3.25e-01	3.06e-01	2.07e-01	8.06e-02	1.10e-02	1.79e-03	7.06e-04	1.72e-05	1.40e-07
 1.68375e+23	1.12e-19	3.32e-11	1.10e-08	2.28e-07	1.94e-06	1.33e-05	2.63e-03	7.16e-02	3.38e-01	3.04e-01	1.97e-01	7.46e-02	9.86e-03	1.56e-03	5.95e-04	1.38e-05	0.00e+00
 1.69389e+23	1.54e-19	4.36e-11	1.41e-08	2.88e-07	2.39e-06	1.60e-05	3.01e-03	7.85e-02	3.51e-01	3.00e-01	1.88e-01	6.89e-02	8.78e-03	1.36e-03	5.00e-04	1.11e-05	0.00e+00
 1.70400e+23	2.09e-19	5.67e-11	1.81e-08	3.63e-07	2.94e-06	1.92e-05	3.44e-03	8.59e-02	3.64e-01	2.96e-01	1.78e-01	6.34e-02	7.80e-03	1.18e-03	4.19e-04	8.85e-06	0.00e+00
 1.71415e+23	2.81e-19	7.33e-11	2.30e-08	4.55e-07	3.60e-06	2.31e-05	3.93e-03	9.40e-02	3.76e-01	2.92e-01	1.68e-01	5.81e-02	6.90e-03	1.02e-03	3.50e-04	7.04e-06	0.00e+00
 1.72434e+23	3.77e-19	9.40e-11	2.91e-08	5.69e-07	4.41e-06	2.77e-05	4.49e-03	1.03e-01	3.88e-01	2.86e-01	1.58e-01	5.32e-02	6.09e-03	8.82e-04	2.92e-04	5.59e-06	0.00e+00
 1.73461e+23	5.02e-19	1.20e-10	3.67e-08	7.10e-07	5.39e-06	3.32e-05	5.12e-03	1.12e-01	3.99e-01	2.81e-01	1.49e-01	4.84e-02	5.36e-03	7.57e-04	2.42e-04	4.42e-06	0.00e+00
 1.74497e+23	6.64e-19	1.51e-10	4.61e-08	8.84e-07	6.57e-06	3.98e-05	5.84e-03	1.22e-01	4.09e-01	2.74e-01	1.39e-01	4.40e-02	4.69e-03	6.48e-04	2.00e-04	3.48e-06	0.00e+00
 1.75547e+23	8.75e-19	1.91e-10	5.76e-08	1.10e-06	8.01e-06	4.77e-05	6.65e-03	1.32e-01	4.19e-01	2.67e-01	1.30e-01	3.98e-02	4.10e-03	5.52e-04	1.65e-04	2.73e-06	0.00e+00
 1.76602e+23	1.14e-18	2.37e-10	7.14e-08	1.35e-06	9.70e-06	5.69e-05	7.54e-03	1.43e-01	4.28e-01	2.59e-01	1.21e-01	3.59e-02	3.57e-03	4.70e-04	1.36e-04	2.14e-06	0.00e+00
 1.77675e+23	1.50e-18	2.95e-10	8.86e-08	1.67e-06	1.18e-05	6.82e-05	8.57e-03	1.55e-01	4.37e-01	2.51e-01	1.12e-01	3.22e-02	3.09e-03	3.97e-04	1.11e-04	1.66e-06	0.00e+00
 1.78761e+23	1.94e-18	3.63e-10	1.09e-07	2.05e-06	1.42e-05	8.12e-05	9.69e-03	1.68e-01	4.44e-01	2.43e-01	1.04e-01	2.88e-02	2.67e-03	3.35e-04	9.03e-05	1.29e-06	0.00e+00
 1.79870e+23	2.53e-18	4.47e-10	1.35e-07	2.53e-06	1.73e-05	9.73e-05	1.10e-02	1.81e-01	4.50e-01	2.34e-01	9.55e-02	2.56e-02	2.29e-03	2.80e-04	7.28e-05	9.88e-07	0.00e+00
 1.80899e+23	3.13e-18	5.26e-10	1.59e-07	2.99e-06	2.01e-05	1.12e-04	1.22e-02	1.92e-01	4.55e-01	2.26e-01	8.92e-02	2.33e-02	2.02e-03	2.42e-04	6.12e-05	7.98e-07	0.00e+00
 1.81960e+23	4.08e-18	6.44e-10	1.96e-07	3.68e-06	2.44e-05	1.35e-04	1.38e-02	2.07e-01	4.59e-01	2.16e-01	8.13e-02	2.05e-02	1.71e-03	1.99e-04	4.87e-05	6.02e-07	0.00e+00
 1.83042e+23	5.08e-18	7.54e-10	2.30e-07	4.34e-06	2.84e-05	1.55e-04	1.52e-02	2.19e-01	4.61e-01	2.08e-01	7.54e-02	1.85e-02	1.50e-03	1.71e-04	4.06e-05	4.81e-07	0.00e+00
 1.84152e+23	6.64e-18	9.15e-10	2.83e-07	5.35e-06	3.45e-05	1.87e-04	1.73e-02	2.36e-01	4.63e-01	1.98e-01	6.82e-02	1.61e-02	1.26e-03	1.39e-04	3.19e-05	3.58e-07	0.00e+00
 1.85264e+23	8.26e-18	1.06e-09	3.30e-07	6.25e-06	3.99e-05	2.14e-04	1.89e-02	2.48e-01	4.64e-01	1.90e-01	6.31e-02	1.45e-02	1.10e-03	1.19e-04	2.66e-05	2.87e-07	0.00e+00
 1.86380e+23	8.81e-16	1.28e-09	4.01e-07	7.62e-06	4.79e-05	2.55e-04	2.13e-02	2.65e-01	4.63e-01	1.80e-01	5.69e-02	1.26e-02	9.25e-04	9.70e-05	2.09e-05	2.13e-07	0.00e+00
 1.87504e+23	4.20e-15	1.47e-09	4.66e-07	8.87e-06	5.51e-05	2.91e-04	2.33e-02	2.77e-01	4.62e-01	1.72e-01	5.25e-02	1.13e-02	8.07e-04	8.27e-05	1.74e-05	1.70e-07	0.00e+00
 1.88639e+23	5.67e-15	1.75e-09	5.62e-07	1.07e-05	6.59e-05	3.45e-04	2.62e-02	2.94e-01	4.59e-01	1.62e-01	4.71e-02	9.78e-03	6.74e-04	6.70e-05	1.36e-05	1.26e-07	0.00e+00
 1.89783e+23	7.00e-15	2.00e-09	6.50e-07	1.25e-05	7.54e-05	3.93e-04	2.85e-02	3.07e-01	4.56e-01	1.54e-01	4.33e-02	8.74e-03	5.86e-04	5.69e-05	1.13e-05	0.00e+00	0.00e+00
 1.90942e+23	8.83e-15	2.36e-09	7.80e-07	1.50e-05	8.97e-05	4.64e-04	3.18e-02	3.25e-01	4.51e-01	1.45e-01	3.87e-02	7.53e-03	4.87e-04	4.59e-05	8.81e-06	0.00e+00	0.00e+00
 1.92115e+23	1.06e-14	2.70e-09	9.01e-07	1.74e-05	1.03e-04	5.28e-04	3.45e-02	3.38e-01	4.47e-01	1.38e-01	3.54e-02	6.70e-03	4.21e-04	3.88e-05	7.26e-06	0.00e+00	0.00e+00
 1.93307e+23	1.30e-14	3.17e-09	1.08e-06	2.09e-05	1.21e-04	6.22e-04	3.84e-02	3.55e-01	4.40e-01	1.28e-01	3.15e-02	5.75e-03	3.48e-04	3.11e-05	5.63e-06	0.00e+00	0.00e+00
 1.94521e+23	1.53e-14	3.62e-09	1.25e-06	2.42e-05	1.39e-04	7.06e-04	4.17e-02	3.69e-01	4.34e-01	1.21e-01	2.86e-02	5.08e-03	3.00e-04	2.61e-05	4.60e-06	0.00e+00	0.00e+00
 1.95763e+23	1.85e-14	4.26e-09	1.49e-06	2.91e-05	1.64e-04	8.31e-04	4.63e-02	3.86e-01	4.24e-01	1.13e-01	2.53e-02	4.33e-03	2.46e-04	2.07e-05	3.54e-06	0.00e+00	0.00e+00
 1.97031e+23	2.16e-14	4.88e-09	1.73e-06	3.37e-05	1.87e-04	9.44e-04	5.01e-02	3.99e-01	4.17e-01	1.06e-01	2.29e-02	3.80e-03	2.10e-04	1.73e-05	2.87e-06	0.00e+00	0.00e+00
 1.98336e+23	2.59e-14	5.75e-09	2.08e-06	4.05e-05	2.22e-04	1.11e-03	5.56e-02	4.16e-01	4.06e-01	9.75e-02	2.00e-02	3.21e-03	1.70e-04	1.36e-05	2.18e-06	0.00e+00	0.00e+00
 1.99670e+23	3.03e-14	6.61e-09	2.41e-06	4.71e-05	2.53e-04	1.26e-03	6.01e-02	4.30e-01	3.97e-01	9.12e-02	1.80e-02	2.80e-03	1.44e-04	1.12e-05	1.75e-06	0.00e+00	0.00e+00
 2.00792e+23	3.45e-14	7.45e-09	2.75e-06	5.36e-05	2.84e-04	1.41e-03	6.44e-02	4.41e-01	3.88e-01	8.59e-02	1.64e-02	2.48e-03	1.25e-04	9.44e-06	1.44e-06	0.00e+00	0.00e+00
 2.02001e+23	4.04e-14	8.65e-09	3.24e-06	6.31e-05	3.29e-04	1.63e-03	7.02e-02	4.55e-01	3.77e-01	7.93e-02	1.45e-02	2.12e-03	1.03e-04	7.56e-06	1.12e-06	0.00e+00	0.00e+00
 2.03181e+23	4.56e-14	9.69e-09	3.66e-06	7.11e-05	3.66e-04	1.80e-03	7.46e-02	4.65e-01	3.68e-01	7.49e-02	1.32e-02	1.89e-03	8.95e-05	6.44e-06	9.33e-07	0.00e+00	0.00e+00
 2.04325e+23	5.24e-14	1.11e-08	4.26e-06	8.27e-05	4.18e-04	2.06e-03	8.08e-02	4.77e-01	3.57e-01	6.92e-02	1.17e-02	1.62e-03	7.45e-05	5.21e-06	7.33e-07	0.00e+00	0.00e+00
 2.05480e+23	5.96e-14	1.25e-08	4.83e-06	9.32e-05	4.64e-04	2.27e-03	8.56e-02	4.86e-01	3.48e-01	6.52e-02	1.07e-02	1.44e-03	6.48e-05	4.44e-06	6.11e-07	0.00e+00	0.00e+00
 2.06649e+23	6.89e-14	1.44e-08	5.63e-06	1.08e-04	5.29e-04	2.58e-03	9.23e-02	4.98e-01	3.36e-01	6.01e-02	9.47e-03	1.24e-03	5.37e-05	3.58e-06	4.79e-07	0.00e+00	0.00e+00
 2.07835e+23	7.84e-14	1.63e-08	6.40e-06	1.22e-04	5.87e-04	2.84e-03	9.77e-02	5.06e-01	3.27e-01	5.64e-02	8.61e-03	1.10e-03	4.65e-05	3.04e-06	3.97e-07	0.00e+00	0.00e+00
 2.09041e+23	9.10e-14	1.89e-08	7.49e-06	1.42e-04	6.70e-04	3.23e-03	1.05e-01	5.16e-01	3.14e-01	5.18e-02	7.58e-03	9.35e-04	3.84e-05	2.43e-06	3.09e-07	0.00e+00	0.00e+00
 2.10266e+23	1.04e-13	2.16e-08	8.55e-06	1.61e-04	7.42e-04	3.56e-03	1.11e-01	5.23e-01	3.05e-01	4.85e-02	6.87e-03	8.27e-04	3.30e-05	2.05e-06	2.55e-07	0.00e+00	0.00e+00
 2.11513e+23	1.22e-13	2.51e-08	1.01e-05	1.88e-04	8.47e-04	4.04e-03	1.20e-01	5.32e-01	2.92e-01	4.43e-02	6.01e-03	7.00e-04	2.71e-05	1.64e-06	1.97e-07	0.00e+00	0.00e+00
 2.12781e+23	1.41e-13	2.88e-08	1.15e-05	2.13e-04	9.39e-04	4.45e-03	1.26e-01	5.39e-01	2.82e-01	4.13e-02	5.43e-03	6.16e-04	2.32e-05	1.37e-06	1.61e-07	0.00e+00	0.00e+00
 2.14076e+23	1.65e-13	3.39e-08	1.36e-05	2.49e-04	1.07e-03	5.06e-03	1.36e-01	5.46e-01	2.69e-01	3.75e-02	4.72e-03	5.18e-04	1.89e-05	1.08e-06	1.23e-07	0.00e+00	0.00e+00
 2.15397e+23	1.93e-13	3.92e-08	1.57e-05	2.84e-04	1.19e-03	5.57e-03	1.43e-01	5.51e-01	2.59e-01	3.48e-02	4.24e-03	4.53e-04	1.61e-05	9.03e-07	0.00e+00	0.00e+00	0.00e+00
 2.16754e+23	2.30e-13	4.66e-08	1.87e-05	3.33e-04	1.36e-03	6.34e-03	1.53e-01	5.57e-01	2.46e-01	3.14e-02	3.66e-03	3.78e-04	1.29e-05	7.05e-07	0.00e+00	0.00e+00	0.00e+00
 2.18146e+23	2.70e-13	5.44e-08	2.17e-05	3.81e-04	1.52e-03	7.00e-03	1.62e-01	5.61e-01	2.36e-01	2.89e-02	3.26e-03	3.27e-04	1.09e-05	5.80e-07	0.00e+00	0.00e+00	0.00e+00
 2.19584e+23	3.28e-13	6.60e-08	2.62e-05	4.52e-04	1.74e-03	7.97e-03	1.73e-01	5.65e-01	2.22e-01	2.60e-02	2.79e-03	2.71e-04	8.67e-06	4.48e-07	0.00e+00	0.00e+00	0.00e+00
 2.21043e+23	3.08e-13	7.77e-08	3.06e-05	5.18e-04	1.94e-03	8.80e-03	1.83e-01	5.67e-01	2.12e-01	2.38e-02	2.48e-03	2.33e-04	7.25e-06	3.67e-07	0.00e+00	0.00e+00	0.00e+00
 2.22529e+23	3.88e-13	9.52e-08	3.72e-05	6.16e-04	2.23e-03	1.00e-02	1.95e-01	5.69e-01	1.99e-01	2.12e-02	2.11e-03	1.91e-04	5.73e-06	2.81e-07	0.00e+00	0.00e+00	0.00e+00
 2.24032e+23	4.75e-13	1.13e-07	4.36e-05	7.07e-04	2.48e-03	1.10e-02	2.05e-01	5.70e-01	1.90e-01	1.94e-02	1.86e-03	1.64e-04	4.78e-06	2.29e-07	0.00e+00	0.00e+00	0.00e+00
 2.25557e+23	6.00e-13	1.40e-07	5.32e-05	8.42e-04	2.85e-03	1.25e-02	2.18e-01	5.69e-01	1.77e-01	1.72e-02	1.58e-03	1.34e-04	3.75e-06	1.74e-07	0.00e+00	0.00e+00	0.00e+00
 2.27105e+23	7.40e-13	1.68e-07	6.28e-05	9.69e-04	3.17e-03	1.38e-02	2.29e-01	5.68e-01	1.68e-01	1.57e-02	1.39e-03	1.14e-04	3.11e-06	1.41e-07	0.00e+00	0.00e+00	0.00e+00
 2.28464e+23	9.01e-13	2.00e-07	7.36e-05	1.11e-03	3.52e-03	1.51e-02	2.40e-01	5.66e-01	1.59e-01	1.43e-02	1.22e-03	9.79e-05	2.58e-06	1.15e-07	0.00e+00	0.00e+00	0.00e+00
 2.30011e+23	1.15e-12	2.50e-07	9.01e-05	1.32e-03	4.02e-03	1.71e-02	2.54e-01	5.62e-01	1.47e-01	1.26e-02	1.03e-03	7.95e-05	2.02e-06	0.00e+00	0.00e+00	0.00e+00	0.00e+00
 2.31571e+23	1.42e-12	3.01e-07	1.06e-04	1.52e-03	4.46e-03	1.87e-02	2.65e-01	5.59e-01	1.39e-01	1.14e-02	9.05e-04	6.79e-05	1.68e-06	0.00e+00	0.00e+00	0.00e+00	0.00e+00
 2.32862e+23	1.69e-12	3.53e-07	1.22e-04	1.71e-03	4.88e-03	2.03e-02	2.75e-01	5.55e-01	1.32e-01	1.05e-02	8.03e-04	5.88e-05	1.41e-06	0.00e+00	0.00e+00	0.00e+00	0.00e+00
 2.34253e+23	2.13e-12	4.33e-07	1.47e-04	1.99e-03	5.47e-03	2.24e-02	2.88e-01	5.49e-01	1.23e-01	9.38e-03	6.92e-04	4.91e-05	1.14e-06	0.00e+00	0.00e+00	0.00e+00	0.00e+00
 2.35666e+23	2.58e-12	5.15e-07	1.71e-04	2.25e-03	6.00e-03	2.43e-02	2.98e-01	5.43e-01	1.16e-01	8.54e-03	6.11e-04	4.21e-05	9.53e-07	0.00e+00	0.00e+00	0.00e+00	0.00e+00
 2.36913e+23	3.11e-12	6.08e-07	1.97e-04	2.54e-03	6.56e-03	2.63e-02	3.09e-01	5.37e-01	1.10e-01	7.80e-03	5.41e-04	3.64e-05	8.02e-07	0.00e+00	0.00e+00	0.00e+00	0.00e+00
 2.38341e+23	3.95e-12	7.53e-07	2.37e-04	2.96e-03	7.33e-03	2.89e-02	3.21e-01	5.29e-01	1.02e-01	6.96e-03	4.65e-04	3.03e-05	6.46e-07	0.00e+00	0.00e+00	0.00e+00	0.00e+00
 2.39826e+23	4.87e-12	9.09e-07	2.79e-04	3.38e-03	8.08e-03	3.15e-02	3.33e-01	5.21e-01	9.56e-02	6.26e-03	4.04e-04	2.56e-05	5.29e-07	0.00e+00	0.00e+00	0.00e+00	0.00e+00
 2.41155e+23	5.95e-12	1.09e-06	3.25e-04	3.83e-03	8.84e-03	3.40e-02	3.44e-01	5.13e-01	8.99e-02	5.68e-03	3.56e-04	2.19e-05	4.42e-07	0.00e+00	0.00e+00	0.00e+00	0.00e+00
 2.42652e+23	7.69e-12	1.36e-06	3.93e-04	4.47e-03	9.88e-03	3.73e-02	3.57e-01	5.03e-01	8.30e-02	5.03e-03	3.03e-04	1.81e-05	3.52e-07	0.00e+00	0.00e+00	0.00e+00	0.00e+00
 2.44215e+23	9.62e-12	1.67e-06	4.67e-04	5.14e-03	1.09e-02	4.07e-02	3.69e-01	4.92e-01	7.69e-02	4.48e-03	2.61e-04	1.51e-05	2.85e-07	0.00e+00	0.00e+00	0.00e+00	0.00e+00
 2.45624e+23	1.19e-11	2.02e-06	5.47e-04	5.84e-03	1.19e-02	4.38e-02	3.79e-01	4.83e-01	7.18e-02	4.03e-03	2.28e-04	1.28e-05	2.35e-07	0.00e+00	0.00e+00	0.00e+00	0.00e+00
 2.47214e+23	1.57e-11	2.57e-06	6.69e-04	6.86e-03	1.34e-02	4.81e-02	3.92e-01	4.69e-01	6.56e-02	3.53e-03	1.92e-04	1.04e-05	1.84e-07	0.00e+00	0.00e+00	0.00e+00	0.00e+00
 2.48857e+23	1.99e-11	3.17e-06	7.98e-04	7.89e-03	1.48e-02	5.23e-02	4.04e-01	4.57e-01	6.04e-02	3.12e-03	1.64e-04	8.60e-06	1.48e-07	0.00e+00	0.00e+00	0.00e+00	0.00e+00
 2.50323e+23	2.50e-11	3.87e-06	9.40e-04	8.99e-03	1.62e-02	5.63e-02	4.14e-01	4.45e-01	5.59e-02	2.79e-03	1.41e-04	7.23e-06	0.00e+00	0.00e+00	0.00e+00	0.00e+00	0.00e+00
 2.51980e+23	3.33e-11	4.97e-06	1.16e-03	1.06e-02	1.81e-02	6.16e-02	4.26e-01	4.30e-01	5.06e-02	2.42e-03	1.18e-04	5.81e-06	0.00e+00	0.00e+00	0.00e+00	0.00e+00	0.00e+00
 2.53703e+23	4.30e-11	6.22e-06	1.39e-03	1.22e-02	1.99e-02	6.68e-02	4.36e-01	4.15e-01	4.62e-02	2.12e-03	9.96e-05	4.75e-06	0.00e+00	0.00e+00	0.00e+00	0.00e+00	0.00e+00
 2.55253e+23	5.47e-11	7.66e-06	1.65e-03	1.39e-02	2.18e-02	7.18e-02	4.45e-01	4.01e-01	4.23e-02	1.87e-03	8.51e-05	3.94e-06	0.00e+00	0.00e+00	0.00e+00	0.00e+00	0.00e+00
 2.57009e+23	7.45e-11	1.00e-05	2.04e-03	1.65e-02	2.45e-02	7.86e-02	4.56e-01	3.83e-01	3.77e-02	1.60e-03	6.94e-05	3.10e-06	0.00e+00	0.00e+00	0.00e+00	0.00e+00	0.00e+00
 2.58822e+23	9.69e-11	1.26e-05	2.46e-03	1.90e-02	2.69e-02	8.47e-02	4.64e-01	3.68e-01	3.41e-02	1.39e-03	5.82e-05	2.51e-06	0.00e+00	0.00e+00	0.00e+00	0.00e+00	0.00e+00
 2.60455e+23	1.25e-10	1.57e-05	2.93e-03	2.18e-02	2.94e-02	9.09e-02	4.71e-01	3.52e-01	3.09e-02	1.21e-03	4.90e-05	2.05e-06	0.00e+00	0.00e+00	0.00e+00	0.00e+00	0.00e+00
 2.62327e+23	1.74e-10	2.08e-05	3.67e-03	2.58e-02	3.29e-02	9.92e-02	4.78e-01	3.32e-01	2.71e-02	1.02e-03	3.92e-05	1.58e-06	0.00e+00	0.00e+00	0.00e+00	0.00e+00	0.00e+00
 2.64224e+23	2.28e-10	2.61e-05	4.40e-03	2.97e-02	3.60e-02	1.06e-01	4.83e-01	3.15e-01	2.42e-02	8.74e-04	3.24e-05	1.26e-06	0.00e+00	0.00e+00	0.00e+00	0.00e+00	0.00e+00
 2.65901e+23	2.96e-10	3.26e-05	5.25e-03	3.39e-02	3.92e-02	1.13e-01	4.86e-01	2.99e-01	2.17e-02	7.57e-04	2.71e-05	1.02e-06	0.00e+00	0.00e+00	0.00e+00	0.00e+00	0.00e+00
 2.67828e+23	4.16e-10	4.35e-05	6.58e-03	4.01e-02	4.37e-02	1.23e-01	4.89e-01	2.79e-01	1.87e-02	6.25e-04	2.13e-05	7.71e-07	0.00e+00	0.00e+00	0.00e+00	0.00e+00	0.00e+00
 2.69779e+23	5.45e-10	5.46e-05	7.86e-03	4.58e-02	4.74e-02	1.31e-01	4.89e-01	2.62e-01	1.65e-02	5.33e-04	1.75e-05	6.12e-07	0.00e+00	0.00e+00	0.00e+00	0.00e+00	0.00e+00
 2.71761e+23	7.67e-10	7.25e-05	9.81e-03	5.39e-02	5.25e-02	1.40e-01	4.88e-01	2.41e-01	1.42e-02	4.37e-04	1.36e-05	4.59e-07	0.00e+00	0.00e+00	0.00e+00	0.00e+00	0.00e+00
 2.73785e+23	1.02e-09	9.18e-05	1.18e-02	6.16e-02	5.69e-02	1.48e-01	4.84e-01	2.24e-01	1.23e-02	3.68e-04	1.10e-05	3.59e-07	0.00e+00	0.00e+00	0.00e+00	0.00e+00	0.00e+00
 2.75586e+23	1.34e-09	1.15e-04	1.40e-02	6.99e-02	6.13e-02	1.56e-01	4.79e-01	2.08e-01	1.07e-02	3.10e-04	8.89e-06	2.81e-07	0.00e+00	0.00e+00	0.00e+00	0.00e+00	0.00e+00
 2.77653e+23	1.90e-09	1.54e-04	1.75e-02	8.18e-02	6.72e-02	1.66e-01	4.70e-01	1.88e-01	8.98e-03	2.48e-04	6.76e-06	2.05e-07	0.00e+00	0.00e+00	0.00e+00	0.00e+00	0.00e+00
 2.79753e+23	2.52e-09	1.93e-04	2.08e-02	9.26e-02	7.20e-02	1.74e-01	4.61e-01	1.72e-01	7.71e-03	2.06e-04	5.37e-06	1.58e-07	0.00e+00	0.00e+00	0.00e+00	0.00e+00	0.00e+00
 2.81898e+23	3.61e-09	2.58e-04	2.58e-02	1.08e-01	7.83e-02	1.83e-01	4.46e-01	1.52e-01	6.30e-03	1.62e-04	3.98e-06	0.00e+00	0.00e+00	0.00e+00	0.00e+00	0.00e+00	0.00e+00
 2.83994e+23	4.68e-09	3.18e-04	3.02e-02	1.20e-01	8.29e-02	1.89e-01	4.33e-01	1.39e-01	5.41e-03	1.35e-04	3.18e-06	0.00e+00	0.00e+00	0.00e+00	0.00e+00	0.00e+00	0.00e+00
 2.86024e+23	6.51e-09	4.14e-04	3.67e-02	1.37e-01	8.86e-02	1.96e-01	4.15e-01	1.22e-01	4.41e-03	1.06e-04	2.37e-06	0.00e+00	0.00e+00	0.00e+00	0.00e+00	0.00e+00	0.00e+00
 2.87990e+23	8.21e-09	4.97e-04	4.20e-02	1.49e-01	9.26e-02	2.00e-01	4.01e-01	1.11e-01	3.80e-03	8.92e-05	1.92e-06	0.00e+00	0.00e+00	0.00e+00	0.00e+00	0.00e+00	0.00e+00
 2.89870e+23	1.11e-08	6.27e-04	4.97e-02	1.67e-01	9.75e-02	2.04e-01	3.80e-01	9.76e-02	3.11e-03	7.07e-05	1.44e-06	0.00e+00	0.00e+00	0.00e+00	0.00e+00	0.00e+00	0.00e+00
 2.91775e+23	1.39e-08	7.51e-04	5.66e-02	1.81e-01	1.01e-01	2.07e-01	3.63e-01	8.77e-02	2.64e-03	5.87e-05	1.15e-06	0.00e+00	0.00e+00	0.00e+00	0.00e+00	0.00e+00	0.00e+00
 2.93713e+23	1.86e-08	9.41e-04	6.64e-02	2.00e-01	1.05e-01	2.09e-01	3.40e-01	7.59e-02	2.13e-03	4.60e-05	8.53e-07	0.00e+00	0.00e+00	0.00e+00	0.00e+00	0.00e+00	0.00e+00
 2.95673e+23	2.35e-08	1.13e-03	7.52e-02	2.16e-01	1.08e-01	2.09e-01	3.21e-01	6.71e-02	1.78e-03	3.75e-05	6.65e-07	0.00e+00	0.00e+00	0.00e+00	0.00e+00	0.00e+00	0.00e+00
