#depth	C	C+	C+2	C+3	C+4	C+5	C+6	C[1]	C[2]	C[3]	C+[1]	C+[2]	CO
 1.54284e+22	7.12e-28	1.61e-20	3.32e-15	8.38e-11	1.79e-06	2.06e-03	9.98e-01	0.00e+00	0.00e+00	0.00e+00	0.00e+00	0.00e+00	9.04e-78
 3.62542e+22	4.66e-27	7.63e-20	1.16e-14	2.18e-10	3.45e-06	2.85e-03	9.97e-01	0.00e+00	0.00e+00	0.00e+00	0.00e+00	0.00e+00	1.15e-75
 4.56211e+22	1.86e-26	2.36e-19	2.82e-14	4.27e-10	5.52e-06	3.64e-03	9.96e-01	0.00e+00	0.00e+00	0.00e+00	0.00e+00	0.00e+00	3.79e-74
 5.27663e+22	5.78e-26	5.91e-19	5.74e-14	7.18e-10	8.03e-06	4.48e-03	9.96e-01	0.00e+00	0.00e+00	0.00e+00	0.00e+00	0.00e+00	6.91e-73
 5.67359e+22	7.79e-26	7.51e-19	6.89e-14	8.19e-10	8.85e-06	4.73e-03	9.95e-01	0.00e+00	0.00e+00	0.00e+00	0.00e+00	0.00e+00	1.49e-72
 5.79737e+22	9.26e-26	8.62e-19	7.65e-14	8.82e-10	9.35e-06	4.89e-03	9.95e-01	0.00e+00	0.00e+00	0.00e+00	0.00e+00	0.00e+00	2.33e-72
 5.89946e+22	1.15e-25	1.02e-18	8.72e-14	9.67e-10	1.00e-05	5.09e-03	9.95e-01	0.00e+00	0.00e+00	0.00e+00	0.00e+00	0.00e+00	4.09e-72
 6.00457e+22	1.35e-25	1.17e-18	9.62e-14	1.04e-09	1.06e-05	5.24e-03	9.95e-01	0.00e+00	0.00e+00	0.00e+00	0.00e+00	0.00e+00	6.23e-72
 6.11360e+22	1.68e-25	1.39e-18	1.10e-13	1.14e-09	1.13e-05	5.46e-03	9.95e-01	0.00e+00	0.00e+00	0.00e+00	0.00e+00	0.00e+00	1.10e-71
 6.22658e+22	2.05e-25	1.62e-18	1.23e-13	1.23e-09	1.20e-05	5.67e-03	9.94e-01	0.00e+00	0.00e+00	0.00e+00	0.00e+00	0.00e+00	1.85e-71
 6.32578e+22	2.46e-25	1.87e-18	1.37e-13	1.33e-09	1.27e-05	5.87e-03	9.94e-01	0.00e+00	0.00e+00	0.00e+00	0.00e+00	0.00e+00	2.98e-71
 6.41975e+22	2.93e-25	2.15e-18	1.52e-13	1.43e-09	1.35e-05	6.06e-03	9.94e-01	0.00e+00	0.00e+00	0.00e+00	0.00e+00	0.00e+00	4.72e-71
 6.52583e+22	3.63e-25	2.55e-18	1.73e-13	1.56e-09	1.44e-05	6.31e-03	9.94e-01	0.00e+00	0.00e+00	0.00e+00	0.00e+00	0.00e+00	8.32e-71
 6.63438e+22	4.40e-25	2.96e-18	1.93e-13	1.68e-09	1.53e-05	6.55e-03	9.93e-01	0.00e+00	0.00e+00	0.00e+00	0.00e+00	0.00e+00	1.38e-70
 6.72827e+22	5.25e-25	3.40e-18	2.14e-13	1.80e-09	1.61e-05	6.77e-03	9.93e-01	0.00e+00	0.00e+00	0.00e+00	0.00e+00	0.00e+00	2.20e-70
 6.83247e+22	6.56e-25	4.04e-18	2.43e-13	1.96e-09	1.73e-05	7.07e-03	9.93e-01	0.00e+00	0.00e+00	0.00e+00	0.00e+00	0.00e+00	3.99e-70
 6.93859e+22	7.86e-25	4.66e-18	2.70e-13	2.10e-09	1.82e-05	7.32e-03	9.93e-01	0.00e+00	0.00e+00	0.00e+00	0.00e+00	0.00e+00	6.44e-70
 7.03092e+22	9.37e-25	5.34e-18	2.99e-13	2.25e-09	1.93e-05	7.57e-03	9.92e-01	0.00e+00	0.00e+00	0.00e+00	0.00e+00	0.00e+00	1.03e-69
 7.13465e+22	1.16e-24	6.33e-18	3.39e-13	2.44e-09	2.06e-05	7.89e-03	9.92e-01	0.00e+00	0.00e+00	0.00e+00	0.00e+00	0.00e+00	1.84e-69
 7.24057e+22	1.41e-24	7.34e-18	3.77e-13	2.62e-09	2.18e-05	8.18e-03	9.92e-01	0.00e+00	0.00e+00	0.00e+00	0.00e+00	0.00e+00	3.07e-69
 7.33128e+22	1.67e-24	8.37e-18	4.15e-13	2.79e-09	2.29e-05	8.45e-03	9.92e-01	0.00e+00	0.00e+00	0.00e+00	0.00e+00	0.00e+00	4.84e-69
 7.43117e+22	2.07e-24	9.89e-18	4.69e-13	3.02e-09	2.45e-05	8.81e-03	9.91e-01	0.00e+00	0.00e+00	0.00e+00	0.00e+00	0.00e+00	8.64e-69
 7.53377e+22	2.49e-24	1.14e-17	5.21e-13	3.23e-09	2.59e-05	9.14e-03	9.91e-01	0.00e+00	0.00e+00	0.00e+00	0.00e+00	0.00e+00	1.43e-68
 7.62439e+22	2.98e-24	1.31e-17	5.76e-13	3.45e-09	2.73e-05	9.46e-03	9.91e-01	0.00e+00	0.00e+00	0.00e+00	0.00e+00	0.00e+00	2.33e-68
 7.72667e+22	3.71e-24	1.55e-17	6.52e-13	3.74e-09	2.92e-05	9.87e-03	9.90e-01	0.00e+00	0.00e+00	0.00e+00	0.00e+00	0.00e+00	4.22e-68
 7.83050e+22	4.49e-24	1.80e-17	7.24e-13	4.00e-09	3.09e-05	1.02e-02	9.90e-01	0.00e+00	0.00e+00	0.00e+00	0.00e+00	0.00e+00	7.09e-68
 7.92026e+22	5.35e-24	2.06e-17	7.99e-13	4.25e-09	3.26e-05	1.06e-02	9.89e-01	0.00e+00	0.00e+00	0.00e+00	0.00e+00	0.00e+00	1.15e-67
 8.02084e+22	6.67e-24	2.45e-17	9.04e-13	4.60e-09	3.48e-05	1.11e-02	9.89e-01	0.00e+00	0.00e+00	0.00e+00	0.00e+00	0.00e+00	2.10e-67
 8.12578e+22	8.16e-24	2.85e-17	1.01e-12	4.93e-09	3.69e-05	1.15e-02	9.88e-01	0.00e+00	0.00e+00	0.00e+00	0.00e+00	0.00e+00	3.65e-67
 8.21629e+22	9.70e-24	3.26e-17	1.11e-12	5.23e-09	3.89e-05	1.19e-02	9.88e-01	0.00e+00	0.00e+00	0.00e+00	0.00e+00	0.00e+00	5.87e-67
 8.31384e+22	1.21e-23	3.86e-17	1.25e-12	5.64e-09	4.15e-05	1.24e-02	9.88e-01	0.00e+00	0.00e+00	0.00e+00	0.00e+00	0.00e+00	1.08e-66
 8.41207e+22	1.45e-23	4.45e-17	1.39e-12	6.00e-09	4.39e-05	1.29e-02	9.87e-01	0.00e+00	0.00e+00	0.00e+00	0.00e+00	0.00e+00	1.80e-66
 8.49655e+22	1.72e-23	5.07e-17	1.52e-12	6.37e-09	4.62e-05	1.33e-02	9.87e-01	0.00e+00	0.00e+00	0.00e+00	5.07e-17	5.46e-26	2.86e-66
 8.57582e+22	2.03e-23	5.75e-17	1.67e-12	6.71e-09	4.84e-05	1.37e-02	9.86e-01	0.00e+00	0.00e+00	0.00e+00	5.75e-17	6.74e-24	4.52e-66
 8.64947e+22	2.36e-23	6.46e-17	1.81e-12	7.05e-09	5.07e-05	1.41e-02	9.86e-01	0.00e+00	0.00e+00	0.00e+00	6.46e-17	7.58e-24	6.90e-66
 8.71697e+22	2.73e-23	7.21e-17	1.96e-12	7.39e-09	5.28e-05	1.45e-02	9.85e-01	0.00e+00	0.00e+00	0.00e+00	7.21e-17	8.45e-24	1.03e-65
 8.77899e+22	3.09e-23	7.92e-17	2.09e-12	7.70e-09	5.48e-05	1.49e-02	9.85e-01	0.00e+00	0.00e+00	0.00e+00	7.92e-17	9.29e-24	1.45e-65
 8.84865e+22	3.64e-23	8.99e-17	2.29e-12	8.13e-09	5.76e-05	1.54e-02	9.85e-01	0.00e+00	0.00e+00	0.00e+00	8.99e-17	1.05e-23	2.30e-65
 8.92106e+22	4.24e-23	1.01e-16	2.49e-12	8.53e-09	6.02e-05	1.58e-02	9.84e-01	0.00e+00	0.00e+00	0.00e+00	1.01e-16	1.18e-23	3.51e-65
 8.98191e+22	4.84e-23	1.12e-16	2.67e-12	8.89e-09	6.26e-05	1.62e-02	9.84e-01	0.00e+00	0.00e+00	0.00e+00	1.12e-16	1.31e-23	5.10e-65
 9.03715e+22	5.48e-23	1.23e-16	2.86e-12	9.26e-09	6.49e-05	1.66e-02	9.83e-01	0.00e+00	0.00e+00	0.00e+00	1.23e-16	1.44e-23	7.19e-65
 9.10022e+22	6.41e-23	1.39e-16	3.11e-12	9.72e-09	6.80e-05	1.71e-02	9.83e-01	0.00e+00	0.00e+00	0.00e+00	1.39e-16	1.62e-23	1.11e-64
 9.16347e+22	7.29e-23	1.53e-16	3.34e-12	1.01e-08	7.06e-05	1.75e-02	9.82e-01	0.00e+00	0.00e+00	0.00e+00	1.53e-16	1.79e-23	1.59e-64
 9.21765e+22	8.28e-23	1.69e-16	3.57e-12	1.05e-08	7.33e-05	1.79e-02	9.82e-01	0.00e+00	0.00e+00	0.00e+00	1.69e-16	1.97e-23	2.27e-64
 9.27880e+22	9.70e-23	1.90e-16	3.90e-12	1.11e-08	7.68e-05	1.85e-02	9.81e-01	0.00e+00	0.00e+00	0.00e+00	1.90e-16	2.23e-23	3.52e-64
 9.34074e+22	1.10e-22	2.10e-16	4.18e-12	1.16e-08	7.98e-05	1.89e-02	9.81e-01	0.00e+00	0.00e+00	0.00e+00	2.10e-16	2.46e-23	5.04e-64
 9.40370e+22	1.32e-22	2.41e-16	4.60e-12	1.22e-08	8.39e-05	1.96e-02	9.80e-01	0.00e+00	0.00e+00	0.00e+00	2.41e-16	2.82e-23	8.22e-64
 9.46556e+22	1.50e-22	2.66e-16	4.94e-12	1.27e-08	8.72e-05	2.00e-02	9.80e-01	0.00e+00	0.00e+00	0.00e+00	2.66e-16	3.11e-23	1.18e-63
 9.51596e+22	1.70e-22	2.93e-16	5.29e-12	1.32e-08	9.05e-05	2.05e-02	9.79e-01	0.00e+00	0.00e+00	0.00e+00	2.93e-16	3.43e-23	1.68e-63
 9.56324e+22	1.92e-22	3.22e-16	5.66e-12	1.37e-08	9.37e-05	2.10e-02	9.79e-01	0.00e+00	0.00e+00	0.00e+00	3.22e-16	3.77e-23	2.36e-63
 9.61651e+22	2.24e-22	3.62e-16	6.14e-12	1.44e-08	9.80e-05	2.15e-02	9.78e-01	0.00e+00	0.00e+00	0.00e+00	3.62e-16	4.24e-23	3.58e-63
 9.67147e+22	2.57e-22	4.03e-16	6.63e-12	1.51e-08	1.02e-04	2.21e-02	9.78e-01	0.00e+00	0.00e+00	0.00e+00	4.03e-16	4.72e-23	5.25e-63
 9.71944e+22	2.91e-22	4.43e-16	7.10e-12	1.57e-08	1.06e-04	2.26e-02	9.77e-01	0.00e+00	0.00e+00	0.00e+00	4.43e-16	5.18e-23	7.32e-63
 9.77260e+22	3.46e-22	5.06e-16	7.80e-12	1.65e-08	1.11e-04	2.32e-02	9.77e-01	0.00e+00	0.00e+00	0.00e+00	5.06e-16	5.93e-23	1.18e-62
 9.82592e+22	3.96e-22	5.62e-16	8.40e-12	1.72e-08	1.15e-04	2.38e-02	9.76e-01	0.00e+00	0.00e+00	0.00e+00	5.62e-16	6.58e-23	1.70e-62
 9.87947e+22	4.73e-22	6.45e-16	9.28e-12	1.82e-08	1.22e-04	2.45e-02	9.75e-01	0.00e+00	0.00e+00	0.00e+00	6.45e-16	7.55e-23	2.75e-62
 9.93383e+22	5.48e-22	7.23e-16	1.01e-11	1.91e-08	1.27e-04	2.51e-02	9.75e-01	0.00e+00	0.00e+00	0.00e+00	7.23e-16	8.47e-23	4.09e-62
 9.98036e+22	6.27e-22	8.04e-16	1.09e-11	2.00e-08	1.32e-04	2.57e-02	9.74e-01	0.00e+00	0.00e+00	0.00e+00	8.04e-16	9.40e-23	5.86e-62
 1.00319e+23	7.63e-22	9.37e-16	1.21e-11	2.13e-08	1.39e-04	2.66e-02	9.73e-01	0.00e+00	0.00e+00	0.00e+00	9.37e-16	1.10e-22	9.92e-62
 1.00827e+23	8.73e-22	1.04e-15	1.31e-11	2.23e-08	1.45e-04	2.71e-02	9.73e-01	0.00e+00	0.00e+00	0.00e+00	1.04e-15	1.22e-22	1.42e-61
 1.01322e+23	1.06e-21	1.22e-15	1.46e-11	2.38e-08	1.53e-04	2.80e-02	9.72e-01	0.00e+00	0.00e+00	0.00e+00	1.22e-15	1.42e-22	2.38e-61
 1.01810e+23	1.21e-21	1.35e-15	1.58e-11	2.49e-08	1.59e-04	2.86e-02	9.71e-01	0.00e+00	0.00e+00	0.00e+00	1.35e-15	1.58e-22	3.36e-61
 1.02288e+23	1.49e-21	1.59e-15	1.78e-11	2.67e-08	1.68e-04	2.95e-02	9.70e-01	0.00e+00	0.00e+00	0.00e+00	1.59e-15	1.86e-22	5.77e-61
 1.02760e+23	1.71e-21	1.77e-15	1.93e-11	2.80e-08	1.75e-04	3.02e-02	9.70e-01	0.00e+00	0.00e+00	0.00e+00	1.77e-15	2.07e-22	8.21e-61
 1.03227e+23	2.12e-21	2.10e-15	2.19e-11	3.01e-08	1.86e-04	3.12e-02	9.69e-01	0.00e+00	0.00e+00	0.00e+00	2.10e-15	2.46e-22	1.42e-60
 1.03696e+23	2.47e-21	2.37e-15	2.39e-11	3.18e-08	1.94e-04	3.19e-02	9.68e-01	0.00e+00	0.00e+00	0.00e+00	2.37e-15	2.78e-22	2.09e-60
 1.04169e+23	3.09e-21	2.84e-15	2.73e-11	3.45e-08	2.06e-04	3.29e-02	9.67e-01	0.00e+00	0.00e+00	0.00e+00	2.84e-15	3.32e-22	3.67e-60
 1.04648e+23	3.66e-21	3.25e-15	3.02e-11	3.67e-08	2.16e-04	3.38e-02	9.66e-01	0.00e+00	0.00e+00	0.00e+00	3.25e-15	3.80e-22	5.62e-60
 1.05138e+23	4.60e-21	3.91e-15	3.47e-11	4.00e-08	2.30e-04	3.49e-02	9.65e-01	0.00e+00	0.00e+00	0.00e+00	3.91e-15	4.58e-22	9.93e-60
 1.05624e+23	5.51e-21	4.52e-15	3.87e-11	4.28e-08	2.42e-04	3.58e-02	9.64e-01	0.00e+00	0.00e+00	0.00e+00	4.52e-15	5.29e-22	1.55e-59
 1.06105e+23	6.99e-21	5.49e-15	4.48e-11	4.69e-08	2.58e-04	3.70e-02	9.63e-01	0.00e+00	0.00e+00	0.00e+00	5.49e-15	6.43e-22	2.78e-59
 1.06593e+23	8.48e-21	6.42e-15	5.05e-11	5.05e-08	2.72e-04	3.80e-02	9.62e-01	0.00e+00	0.00e+00	0.00e+00	6.42e-15	7.52e-22	4.43e-59
 1.07088e+23	1.10e-20	7.91e-15	5.92e-11	5.59e-08	2.92e-04	3.94e-02	9.60e-01	0.00e+00	0.00e+00	0.00e+00	7.91e-15	9.27e-22	8.22e-59
 1.07589e+23	1.34e-20	9.36e-15	6.72e-11	6.06e-08	3.08e-04	4.05e-02	9.59e-01	0.00e+00	0.00e+00	0.00e+00	9.36e-15	1.10e-21	1.34e-58
 1.08098e+23	1.76e-20	1.17e-14	7.97e-11	6.76e-08	3.31e-04	4.20e-02	9.58e-01	0.00e+00	0.00e+00	0.00e+00	1.17e-14	1.37e-21	2.56e-58
 1.08610e+23	1.35e-23	1.39e-14	9.11e-11	7.37e-08	3.51e-04	4.32e-02	9.56e-01	0.00e+00	0.00e+00	0.00e+00	1.39e-14	1.63e-21	5.82e-59
 1.09050e+23	1.66e-23	1.65e-14	1.04e-10	8.02e-08	3.71e-04	4.43e-02	9.55e-01	0.00e+00	0.00e+00	0.00e+00	1.65e-14	1.93e-21	9.38e-59
 1.09547e+23	2.20e-23	2.07e-14	1.24e-10	8.98e-08	3.99e-04	4.60e-02	9.54e-01	0.00e+00	0.00e+00	0.00e+00	2.07e-14	2.43e-21	1.76e-58
 1.10044e+23	2.70e-23	2.45e-14	1.41e-10	9.77e-08	4.21e-04	4.72e-02	9.52e-01	0.00e+00	0.00e+00	0.00e+00	2.45e-14	2.87e-21	2.78e-58
 1.10541e+23	3.57e-23	3.07e-14	1.68e-10	1.10e-07	4.53e-04	4.89e-02	9.51e-01	0.00e+00	0.00e+00	0.00e+00	3.07e-14	3.60e-21	5.19e-58
 1.11044e+23	4.39e-23	3.64e-14	1.91e-10	1.19e-07	4.78e-04	5.02e-02	9.49e-01	0.00e+00	0.00e+00	0.00e+00	3.64e-14	4.26e-21	8.21e-58
 1.11553e+23	5.78e-23	4.55e-14	2.27e-10	1.34e-07	5.14e-04	5.20e-02	9.47e-01	0.00e+00	0.00e+00	0.00e+00	4.55e-14	5.34e-21	1.51e-57
 1.12077e+23	7.23e-23	5.46e-14	2.62e-10	1.47e-07	5.46e-04	5.35e-02	9.46e-01	0.00e+00	0.00e+00	0.00e+00	5.46e-14	6.40e-21	2.47e-57
 1.12619e+23	9.66e-23	6.91e-14	3.15e-10	1.66e-07	5.89e-04	5.55e-02	9.44e-01	0.00e+00	0.00e+00	0.00e+00	6.91e-14	8.11e-21	4.65e-57
 1.13171e+23	1.21e-22	8.29e-14	3.63e-10	1.83e-07	6.24e-04	5.71e-02	9.42e-01	0.00e+00	0.00e+00	0.00e+00	8.29e-14	9.72e-21	7.57e-57
 1.13736e+23	1.61e-22	1.05e-13	4.36e-10	2.06e-07	6.74e-04	5.93e-02	9.40e-01	0.00e+00	0.00e+00	0.00e+00	1.05e-13	1.23e-20	1.42e-56
 1.14317e+23	2.03e-22	1.27e-13	5.05e-10	2.28e-07	7.17e-04	6.10e-02	9.38e-01	0.00e+00	0.00e+00	0.00e+00	1.27e-13	1.49e-20	2.35e-56
 1.14837e+23	2.54e-22	1.52e-13	5.83e-10	2.51e-07	7.61e-04	6.28e-02	9.36e-01	0.00e+00	0.00e+00	0.00e+00	1.52e-13	1.78e-20	3.82e-56
 1.15430e+23	3.38e-22	1.92e-13	6.99e-10	2.84e-07	8.21e-04	6.51e-02	9.34e-01	0.00e+00	0.00e+00	0.00e+00	1.92e-13	2.25e-20	7.09e-56
 1.16032e+23	4.22e-22	2.30e-13	8.06e-10	3.12e-07	8.72e-04	6.70e-02	9.32e-01	0.00e+00	0.00e+00	0.00e+00	2.30e-13	2.70e-20	1.15e-55
 1.16647e+23	5.61e-22	2.90e-13	9.66e-10	3.53e-07	9.41e-04	6.95e-02	9.30e-01	0.00e+00	0.00e+00	0.00e+00	2.90e-13	3.40e-20	2.12e-55
 1.17244e+23	6.85e-22	3.41e-13	1.10e-09	3.85e-07	9.93e-04	7.13e-02	9.28e-01	0.00e+00	0.00e+00	0.00e+00	3.41e-13	4.00e-20	3.25e-55
 1.17818e+23	8.91e-22	4.22e-13	1.30e-09	4.31e-07	1.07e-03	7.38e-02	9.25e-01	0.00e+00	0.00e+00	0.00e+00	4.22e-13	4.95e-20	5.70e-55
 1.18403e+23	1.08e-21	4.94e-13	1.47e-09	4.70e-07	1.12e-03	7.56e-02	9.23e-01	0.00e+00	0.00e+00	0.00e+00	4.94e-13	5.80e-20	8.67e-55
 1.19000e+23	1.40e-21	6.08e-13	1.73e-09	5.25e-07	1.21e-03	7.82e-02	9.21e-01	0.00e+00	0.00e+00	0.00e+00	6.08e-13	7.14e-20	1.50e-54
 1.19614e+23	1.73e-21	7.20e-13	1.98e-09	5.75e-07	1.28e-03	8.03e-02	9.18e-01	0.00e+00	0.00e+00	0.00e+00	7.20e-13	8.46e-20	2.34e-54
 1.20249e+23	2.24e-21	8.89e-13	2.34e-09	6.45e-07	1.37e-03	8.31e-02	9.16e-01	0.00e+00	0.00e+00	0.00e+00	8.89e-13	1.05e-19	4.10e-54
 1.20873e+23	2.72e-21	1.04e-12	2.64e-09	7.02e-07	1.45e-03	8.52e-02	9.13e-01	0.00e+00	0.00e+00	0.00e+00	1.04e-12	1.22e-19	6.16e-54
 1.21481e+23	3.51e-21	1.28e-12	3.11e-09	7.84e-07	1.55e-03	8.80e-02	9.10e-01	0.00e+00	0.00e+00	0.00e+00	1.28e-12	1.50e-19	1.06e-53
 1.22095e+23	4.21e-21	1.47e-12	3.48e-09	8.49e-07	1.63e-03	9.01e-02	9.08e-01	0.00e+00	0.00e+00	0.00e+00	1.47e-12	1.73e-19	1.55e-53
 1.22717e+23	5.41e-21	1.80e-12	4.08e-09	9.47e-07	1.74e-03	9.31e-02	9.05e-01	0.00e+00	0.00e+00	0.00e+00	1.80e-12	2.12e-19	2.63e-53
 1.23352e+23	6.52e-21	2.09e-12	4.60e-09	1.03e-06	1.84e-03	9.54e-02	9.03e-01	0.00e+00	0.00e+00	0.00e+00	2.09e-12	2.46e-19	3.90e-53
 1.24003e+23	8.39e-21	2.56e-12	5.40e-09	1.15e-06	1.97e-03	9.86e-02	8.99e-01	0.00e+00	0.00e+00	0.00e+00	2.56e-12	3.02e-19	6.63e-53
 1.24665e+23	1.01e-20	2.98e-12	6.08e-09	1.25e-06	2.08e-03	1.01e-01	8.97e-01	0.00e+00	0.00e+00	0.00e+00	2.98e-12	3.51e-19	9.89e-53
 1.25344e+23	1.31e-20	3.65e-12	7.15e-09	1.40e-06	2.23e-03	1.04e-01	8.93e-01	0.00e+00	0.00e+00	0.00e+00	3.65e-12	4.30e-19	1.69e-52
 1.26035e+23	3.49e-21	4.25e-12	8.07e-09	1.52e-06	2.35e-03	1.07e-01	8.91e-01	0.00e+00	0.00e+00	0.00e+00	4.25e-12	5.01e-19	2.51e-52
 1.26743e+23	4.52e-21	5.22e-12	9.49e-09	1.70e-06	2.53e-03	1.11e-01	8.87e-01	0.00e+00	0.00e+00	0.00e+00	5.22e-12	6.15e-19	4.30e-52
 1.27435e+23	5.37e-21	5.96e-12	1.06e-08	1.84e-06	2.65e-03	1.13e-01	8.84e-01	0.00e+00	0.00e+00	0.00e+00	5.96e-12	7.03e-19	6.13e-52
 1.28107e+23	6.88e-21	7.24e-12	1.23e-08	2.05e-06	2.83e-03	1.17e-01	8.80e-01	0.00e+00	0.00e+00	0.00e+00	7.24e-12	8.55e-19	1.02e-51
 1.28789e+23	8.18e-21	8.28e-12	1.37e-08	2.21e-06	2.97e-03	1.19e-01	8.78e-01	0.00e+00	0.00e+00	0.00e+00	8.28e-12	9.77e-19	1.46e-51
 1.29486e+23	1.04e-20	9.98e-12	1.59e-08	2.45e-06	3.18e-03	1.23e-01	8.74e-01	0.00e+00	0.00e+00	0.00e+00	9.98e-12	1.18e-18	2.39e-51
 1.30204e+23	1.26e-20	1.16e-11	1.79e-08	2.67e-06	3.35e-03	1.26e-01	8.70e-01	0.00e+00	0.00e+00	0.00e+00	1.16e-11	1.37e-18	3.55e-51
 1.30951e+23	1.60e-20	1.40e-11	2.08e-08	2.96e-06	3.58e-03	1.30e-01	8.66e-01	0.00e+00	0.00e+00	0.00e+00	1.40e-11	1.65e-18	5.82e-51
 1.31723e+23	1.97e-20	1.64e-11	2.36e-08	3.24e-06	3.79e-03	1.34e-01	8.63e-01	0.00e+00	0.00e+00	0.00e+00	1.64e-11	1.94e-18	8.86e-51
 1.32528e+23	2.53e-20	1.99e-11	2.76e-08	3.62e-06	4.07e-03	1.38e-01	8.58e-01	0.00e+00	0.00e+00	0.00e+00	1.99e-11	2.35e-18	1.48e-50
 1.33355e+23	3.13e-20	2.34e-11	3.14e-08	3.97e-06	4.31e-03	1.42e-01	8.54e-01	0.00e+00	0.00e+00	0.00e+00	2.34e-11	2.77e-18	2.28e-50
 1.34211e+23	4.06e-20	2.85e-11	3.68e-08	4.45e-06	4.63e-03	1.46e-01	8.49e-01	0.00e+00	0.00e+00	0.00e+00	2.85e-11	3.38e-18	3.88e-50
 1.35097e+23	5.07e-20	3.38e-11	4.22e-08	4.90e-06	4.93e-03	1.51e-01	8.45e-01	0.00e+00	0.00e+00	0.00e+00	3.38e-11	4.01e-18	6.10e-50
 1.36020e+23	6.65e-20	4.16e-11	4.99e-08	5.52e-06	5.32e-03	1.56e-01	8.39e-01	0.00e+00	0.00e+00	0.00e+00	4.16e-11	4.95e-18	1.06e-49
 1.36966e+23	8.36e-20	4.96e-11	5.74e-08	6.10e-06	5.66e-03	1.60e-01	8.34e-01	0.00e+00	0.00e+00	0.00e+00	4.96e-11	5.90e-18	1.69e-49
 1.37811e+23	1.03e-19	5.83e-11	6.54e-08	6.70e-06	6.01e-03	1.65e-01	8.29e-01	0.00e+00	0.00e+00	0.00e+00	5.83e-11	6.94e-18	2.62e-49
 1.38779e+23	1.39e-19	7.31e-11	7.83e-08	7.62e-06	6.52e-03	1.71e-01	8.23e-01	0.00e+00	0.00e+00	0.00e+00	7.31e-11	8.71e-18	4.75e-49
 1.39756e+23	1.72e-19	8.60e-11	8.93e-08	8.37e-06	6.92e-03	1.75e-01	8.18e-01	0.00e+00	0.00e+00	0.00e+00	8.60e-11	1.03e-17	7.36e-49
 1.40745e+23	2.30e-19	1.08e-10	1.07e-07	9.51e-06	7.50e-03	1.82e-01	8.11e-01	0.00e+00	0.00e+00	0.00e+00	1.08e-10	1.28e-17	1.33e-48
 1.41752e+23	2.90e-19	1.28e-10	1.23e-07	1.05e-05	8.00e-03	1.87e-01	8.05e-01	0.00e+00	0.00e+00	0.00e+00	1.28e-10	1.53e-17	2.13e-48
 1.42785e+23	3.91e-19	1.61e-10	1.48e-07	1.20e-05	8.69e-03	1.94e-01	7.97e-01	0.00e+00	0.00e+00	0.00e+00	1.61e-10	1.93e-17	3.89e-48
 1.43835e+23	5.00e-19	1.95e-10	1.72e-07	1.34e-05	9.29e-03	2.00e-01	7.91e-01	0.00e+00	0.00e+00	0.00e+00	1.95e-10	2.33e-17	6.35e-48
 1.44909e+23	6.86e-19	2.49e-10	2.09e-07	1.54e-05	1.01e-02	2.07e-01	7.82e-01	0.00e+00	0.00e+00	0.00e+00	2.49e-10	2.98e-17	1.20e-47
 1.45924e+23	8.45e-19	2.92e-10	2.38e-07	1.69e-05	1.07e-02	2.13e-01	7.77e-01	0.00e+00	0.00e+00	0.00e+00	2.92e-10	3.50e-17	1.83e-47
 1.46863e+23	1.12e-18	3.63e-10	2.84e-07	1.91e-05	1.16e-02	2.20e-01	7.69e-01	0.00e+00	0.00e+00	0.00e+00	3.63e-10	4.37e-17	3.23e-47
 1.47809e+23	1.38e-18	4.27e-10	3.23e-07	2.10e-05	1.23e-02	2.25e-01	7.62e-01	0.00e+00	0.00e+00	0.00e+00	4.27e-10	5.14e-17	4.91e-47
 1.48765e+23	1.85e-18	5.36e-10	3.87e-07	2.39e-05	1.33e-02	2.33e-01	7.53e-01	0.00e+00	0.00e+00	0.00e+00	5.36e-10	6.47e-17	8.78e-47
 1.49730e+23	2.32e-18	6.36e-10	4.45e-07	2.63e-05	1.42e-02	2.39e-01	7.47e-01	0.00e+00	0.00e+00	0.00e+00	6.36e-10	7.69e-17	1.36e-46
 1.50708e+23	3.12e-18	8.04e-10	5.37e-07	3.01e-05	1.54e-02	2.48e-01	7.37e-01	0.00e+00	0.00e+00	0.00e+00	8.04e-10	9.74e-17	2.46e-46
 1.51700e+23	3.93e-18	9.61e-10	6.20e-07	3.33e-05	1.64e-02	2.54e-01	7.29e-01	0.00e+00	0.00e+00	0.00e+00	9.61e-10	1.17e-16	3.88e-46
 1.52710e+23	5.38e-18	1.23e-09	7.55e-07	3.84e-05	1.79e-02	2.63e-01	7.19e-01	0.00e+00	0.00e+00	0.00e+00	1.23e-09	1.50e-16	7.17e-46
 1.53734e+23	6.83e-18	1.48e-09	8.77e-07	4.27e-05	1.91e-02	2.71e-01	7.10e-01	0.00e+00	0.00e+00	0.00e+00	1.48e-09	1.80e-16	1.14e-45
 1.54776e+23	9.40e-18	1.91e-09	1.07e-06	4.93e-05	2.09e-02	2.80e-01	6.99e-01	0.00e+00	0.00e+00	0.00e+00	1.91e-09	2.33e-16	2.13e-45
 1.55842e+23	1.22e-17	2.34e-09	1.27e-06	5.55e-05	2.24e-02	2.89e-01	6.89e-01	0.00e+00	0.00e+00	0.00e+00	2.34e-09	2.86e-16	3.51e-45
 1.56940e+23	1.71e-17	3.05e-09	1.57e-06	6.47e-05	2.47e-02	2.99e-01	6.76e-01	0.00e+00	0.00e+00	0.00e+00	3.05e-09	3.74e-16	6.72e-45
 1.58052e+23	2.23e-17	3.77e-09	1.86e-06	7.31e-05	2.66e-02	3.08e-01	6.65e-01	0.00e+00	0.00e+00	0.00e+00	3.77e-09	4.63e-16	1.12e-44
 1.59149e+23	3.10e-17	4.89e-09	2.30e-06	8.50e-05	2.91e-02	3.19e-01	6.52e-01	0.00e+00	0.00e+00	0.00e+00	4.89e-09	6.03e-16	2.08e-44
 1.60196e+23	3.93e-17	5.90e-09	2.69e-06	9.49e-05	3.11e-02	3.27e-01	6.42e-01	0.00e+00	0.00e+00	0.00e+00	5.90e-09	7.29e-16	3.27e-44
 1.61215e+23	5.37e-17	7.57e-09	3.29e-06	1.10e-04	3.40e-02	3.38e-01	6.28e-01	5.37e-17	8.25e-23	1.97e-23	7.57e-09	9.39e-16	5.85e-44
 1.62253e+23	6.89e-17	9.22e-09	3.87e-06	1.23e-04	3.64e-02	3.47e-01	6.17e-01	6.89e-17	2.29e-21	3.59e-22	9.22e-09	1.15e-15	9.26e-44
 1.63264e+23	9.24e-17	1.16e-08	4.68e-06	1.42e-04	3.96e-02	3.57e-01	6.03e-01	9.24e-17	3.08e-21	4.82e-22	1.16e-08	1.45e-15	1.59e-43
 1.64297e+23	1.19e-16	1.43e-08	5.54e-06	1.60e-04	4.26e-02	3.67e-01	5.91e-01	1.19e-16	3.98e-21	6.24e-22	1.43e-08	1.79e-15	2.53e-43
 1.65304e+23	1.57e-16	1.78e-08	6.65e-06	1.83e-04	4.61e-02	3.77e-01	5.77e-01	1.57e-16	5.24e-21	8.23e-22	1.78e-08	2.23e-15	4.15e-43
 1.66331e+23	2.04e-16	2.19e-08	7.90e-06	2.07e-04	4.96e-02	3.86e-01	5.64e-01	2.04e-16	6.80e-21	1.07e-21	2.19e-08	2.76e-15	6.61e-43
 1.67351e+23	2.65e-16	2.70e-08	9.41e-06	2.36e-04	5.35e-02	3.96e-01	5.50e-01	2.65e-16	8.87e-21	1.39e-21	2.70e-08	3.41e-15	1.05e-42
 1.68375e+23	3.43e-16	3.30e-08	1.12e-05	2.68e-04	5.76e-02	4.06e-01	5.36e-01	3.43e-16	1.15e-20	1.81e-21	3.30e-08	4.20e-15	1.65e-42
 1.69389e+23	4.42e-16	4.03e-08	1.32e-05	3.03e-04	6.20e-02	4.15e-01	5.22e-01	4.42e-16	1.48e-20	2.33e-21	4.03e-08	5.15e-15	2.54e-42
 1.70400e+23	5.66e-16	4.90e-08	1.56e-05	3.43e-04	6.66e-02	4.25e-01	5.09e-01	5.66e-16	1.90e-20	2.99e-21	4.90e-08	6.28e-15	3.88e-42
 1.71415e+23	7.24e-16	5.94e-08	1.84e-05	3.87e-04	7.15e-02	4.34e-01	4.95e-01	7.24e-16	2.43e-20	3.84e-21	5.94e-08	7.65e-15	5.86e-42
 1.72434e+23	9.24e-16	7.17e-08	2.16e-05	4.37e-04	7.66e-02	4.42e-01	4.81e-01	9.24e-16	3.11e-20	4.91e-21	7.17e-08	9.29e-15	8.76e-42
 1.73461e+23	1.18e-15	8.64e-08	2.54e-05	4.94e-04	8.21e-02	4.51e-01	4.66e-01	1.18e-15	3.96e-20	6.26e-21	8.64e-08	1.13e-14	1.30e-41
 1.74497e+23	1.50e-15	1.04e-07	2.99e-05	5.57e-04	8.80e-02	4.59e-01	4.52e-01	1.50e-15	5.05e-20	7.99e-21	1.04e-07	1.36e-14	1.91e-41
 1.75547e+23	1.91e-15	1.25e-07	3.50e-05	6.28e-04	9.42e-02	4.67e-01	4.38e-01	1.91e-15	6.44e-20	1.02e-20	1.25e-07	1.64e-14	2.79e-41
 1.76602e+23	2.42e-15	1.49e-07	4.09e-05	7.07e-04	1.01e-01	4.75e-01	4.24e-01	2.42e-15	8.17e-20	1.30e-20	1.49e-07	1.97e-14	4.03e-41
 1.77675e+23	3.08e-15	1.78e-07	4.80e-05	7.98e-04	1.08e-01	4.83e-01	4.09e-01	3.08e-15	1.04e-19	1.66e-20	1.78e-07	2.37e-14	5.82e-41
 1.78761e+23	3.91e-15	2.11e-07	5.59e-05	8.97e-04	1.15e-01	4.90e-01	3.95e-01	3.90e-15	1.32e-19	2.10e-20	2.11e-07	2.83e-14	8.29e-41
 1.79870e+23	5.00e-15	2.51e-07	6.56e-05	1.01e-03	1.23e-01	4.96e-01	3.80e-01	5.00e-15	1.70e-19	2.70e-20	2.51e-07	3.39e-14	1.19e-40
 1.80899e+23	6.11e-15	2.89e-07	7.43e-05	1.11e-03	1.29e-01	5.01e-01	3.68e-01	6.11e-15	2.08e-19	3.31e-20	2.89e-07	3.92e-14	1.58e-40
 1.81960e+23	7.89e-15	3.44e-07	8.72e-05	1.26e-03	1.38e-01	5.07e-01	3.53e-01	7.89e-15	2.69e-19	4.29e-20	3.44e-07	4.71e-14	2.26e-40
 1.83042e+23	9.71e-15	3.95e-07	9.89e-05	1.39e-03	1.46e-01	5.12e-01	3.41e-01	9.71e-15	3.32e-19	5.30e-20	3.95e-07	5.44e-14	3.01e-40
 1.84152e+23	1.27e-14	4.70e-07	1.16e-04	1.58e-03	1.56e-01	5.17e-01	3.26e-01	1.27e-14	4.34e-19	6.94e-20	4.70e-07	6.53e-14	4.29e-40
 1.85264e+23	1.56e-14	5.36e-07	1.31e-04	1.73e-03	1.64e-01	5.20e-01	3.14e-01	1.56e-14	5.37e-19	8.59e-20	5.36e-07	7.48e-14	5.65e-40
 1.86380e+23	1.75e-12	6.33e-07	1.53e-04	1.95e-03	1.74e-01	5.24e-01	3.00e-01	1.75e-12	6.03e-17	9.67e-18	6.33e-07	8.92e-14	1.13e-39
 1.87504e+23	9.91e-12	7.18e-07	1.72e-04	2.14e-03	1.83e-01	5.26e-01	2.89e-01	9.91e-12	3.42e-16	5.48e-17	7.18e-07	1.02e-13	3.19e-39
 1.88639e+23	1.39e-11	8.43e-07	2.00e-04	2.40e-03	1.94e-01	5.29e-01	2.74e-01	1.39e-11	4.82e-16	7.74e-17	8.43e-07	1.21e-13	4.87e-39
 1.89783e+23	1.76e-11	9.54e-07	2.25e-04	2.63e-03	2.03e-01	5.30e-01	2.64e-01	1.76e-11	6.09e-16	9.80e-17	9.54e-07	1.37e-13	6.67e-39
 1.90942e+23	2.28e-11	1.11e-06	2.60e-04	2.95e-03	2.15e-01	5.31e-01	2.50e-01	2.28e-11	7.94e-16	1.28e-16	1.11e-06	1.62e-13	9.64e-39
 1.92115e+23	2.78e-11	1.26e-06	2.92e-04	3.22e-03	2.25e-01	5.32e-01	2.40e-01	2.78e-11	9.70e-16	1.57e-16	1.26e-06	1.84e-13	1.29e-38
 1.93307e+23	3.50e-11	1.46e-06	3.38e-04	3.61e-03	2.38e-01	5.31e-01	2.27e-01	3.50e-11	1.22e-15	1.98e-16	1.46e-06	2.17e-13	1.83e-38
 1.94521e+23	4.18e-11	1.65e-06	3.78e-04	3.95e-03	2.48e-01	5.31e-01	2.16e-01	4.18e-11	1.47e-15	2.37e-16	1.65e-06	2.47e-13	2.42e-38
 1.95763e+23	5.15e-11	1.92e-06	4.37e-04	4.43e-03	2.63e-01	5.29e-01	2.04e-01	5.15e-11	1.81e-15	2.95e-16	1.92e-06	2.91e-13	3.39e-38
 1.97031e+23	6.08e-11	2.16e-06	4.90e-04	4.84e-03	2.74e-01	5.27e-01	1.94e-01	6.08e-11	2.15e-15	3.49e-16	2.16e-06	3.31e-13	4.48e-38
 1.98336e+23	7.41e-11	2.52e-06	5.68e-04	5.43e-03	2.89e-01	5.23e-01	1.82e-01	7.41e-11	2.63e-15	4.29e-16	2.52e-06	3.90e-13	6.28e-38
 1.99670e+23	8.68e-11	2.84e-06	6.37e-04	5.94e-03	3.01e-01	5.20e-01	1.72e-01	8.68e-11	3.09e-15	5.05e-16	2.84e-06	4.45e-13	8.34e-38
 2.00792e+23	9.90e-11	3.15e-06	7.04e-04	6.42e-03	3.12e-01	5.17e-01	1.64e-01	9.90e-11	3.54e-15	5.79e-16	3.15e-06	4.99e-13	1.06e-37
 2.02001e+23	1.17e-10	3.60e-06	8.00e-04	7.10e-03	3.26e-01	5.12e-01	1.54e-01	1.17e-10	4.19e-15	6.86e-16	3.60e-06	5.77e-13	1.43e-37
 2.03181e+23	1.31e-10	3.96e-06	8.77e-04	7.62e-03	3.37e-01	5.08e-01	1.47e-01	1.31e-10	4.73e-15	7.77e-16	3.96e-06	6.41e-13	1.80e-37
 2.04325e+23	1.51e-10	4.46e-06	9.86e-04	8.36e-03	3.51e-01	5.02e-01	1.38e-01	1.51e-10	5.48e-15	9.01e-16	4.46e-06	7.32e-13	2.36e-37
 2.05480e+23	1.70e-10	4.91e-06	1.08e-03	8.96e-03	3.61e-01	4.97e-01	1.32e-01	1.70e-10	6.18e-15	1.02e-15	4.91e-06	8.14e-13	3.00e-37
 2.06649e+23	1.95e-10	5.52e-06	1.21e-03	9.81e-03	3.75e-01	4.91e-01	1.23e-01	1.95e-10	7.13e-15	1.18e-15	5.52e-06	9.29e-13	3.97e-37
 2.07835e+23	2.19e-10	6.07e-06	1.32e-03	1.05e-02	3.86e-01	4.85e-01	1.17e-01	2.19e-10	8.03e-15	1.33e-15	6.07e-06	1.03e-12	5.06e-37
 2.09041e+23	2.50e-10	6.83e-06	1.49e-03	1.15e-02	4.00e-01	4.77e-01	1.09e-01	2.50e-10	9.25e-15	1.53e-15	6.83e-06	1.18e-12	6.75e-37
 2.10266e+23	2.81e-10	7.53e-06	1.63e-03	1.23e-02	4.12e-01	4.71e-01	1.04e-01	2.81e-10	1.04e-14	1.73e-15	7.53e-06	1.32e-12	8.69e-37
 2.11513e+23	3.21e-10	8.46e-06	1.82e-03	1.35e-02	4.26e-01	4.62e-01	9.64e-02	3.21e-10	1.20e-14	2.00e-15	8.46e-06	1.51e-12	1.17e-36
 2.12781e+23	3.60e-10	9.34e-06	2.00e-03	1.44e-02	4.38e-01	4.55e-01	9.11e-02	3.60e-10	1.35e-14	2.26e-15	9.34e-06	1.69e-12	1.53e-36
 2.14076e+23	4.11e-10	1.05e-05	2.24e-03	1.58e-02	4.53e-01	4.45e-01	8.43e-02	4.11e-10	1.55e-14	2.60e-15	1.05e-05	1.93e-12	2.08e-36
 2.15397e+23	4.62e-10	1.16e-05	2.46e-03	1.69e-02	4.64e-01	4.37e-01	7.94e-02	4.62e-10	1.76e-14	2.95e-15	1.16e-05	2.17e-12	2.75e-36
 2.16754e+23	5.28e-10	1.31e-05	2.76e-03	1.85e-02	4.80e-01	4.26e-01	7.30e-02	5.28e-10	2.02e-14	3.41e-15	1.31e-05	2.50e-12	3.82e-36
 2.18146e+23	5.93e-10	1.45e-05	3.03e-03	1.99e-02	4.92e-01	4.17e-01	6.83e-02	5.93e-10	2.29e-14	3.87e-15	1.45e-05	2.82e-12	5.11e-36
 2.19584e+23	6.83e-10	1.65e-05	3.42e-03	2.18e-02	5.07e-01	4.05e-01	6.25e-02	6.83e-10	2.66e-14	4.51e-15	1.65e-05	3.27e-12	7.33e-36
 2.21043e+23	5.39e-10	1.83e-05	3.76e-03	2.34e-02	5.19e-01	3.95e-01	5.83e-02	5.39e-10	2.11e-14	3.59e-15	1.83e-05	3.70e-12	7.97e-36
 2.22529e+23	6.40e-10	2.08e-05	4.24e-03	2.56e-02	5.35e-01	3.83e-01	5.30e-02	6.40e-10	2.53e-14	4.32e-15	2.08e-05	4.31e-12	1.19e-35
 2.24032e+23	7.40e-10	2.31e-05	4.65e-03	2.74e-02	5.46e-01	3.73e-01	4.93e-02	7.40e-10	2.95e-14	5.05e-15	2.31e-05	4.88e-12	1.66e-35
 2.25557e+23	8.73e-10	2.63e-05	5.24e-03	3.00e-02	5.61e-01	3.59e-01	4.46e-02	8.73e-10	3.52e-14	6.05e-15	2.63e-05	5.70e-12	2.50e-35
 2.27105e+23	1.01e-09	2.93e-05	5.76e-03	3.21e-02	5.72e-01	3.49e-01	4.13e-02	1.01e-09	4.10e-14	7.07e-15	2.93e-05	6.48e-12	3.55e-35
 2.28464e+23	1.15e-09	3.25e-05	6.30e-03	3.43e-02	5.83e-01	3.39e-01	3.82e-02	1.15e-09	4.73e-14	8.17e-15	3.25e-05	7.34e-12	4.96e-35
 2.30011e+23	1.35e-09	3.69e-05	7.08e-03	3.74e-02	5.96e-01	3.25e-01	3.44e-02	1.35e-09	5.60e-14	9.72e-15	3.69e-05	8.57e-12	7.52e-35
 2.31571e+23	1.55e-09	4.10e-05	7.75e-03	3.99e-02	6.06e-01	3.15e-01	3.18e-02	1.55e-09	6.50e-14	1.13e-14	4.10e-05	9.76e-12	1.07e-34
 2.32862e+23	1.72e-09	4.48e-05	8.38e-03	4.23e-02	6.14e-01	3.05e-01	2.96e-02	1.72e-09	7.30e-14	1.28e-14	4.48e-05	1.09e-11	1.44e-34
 2.34253e+23	1.98e-09	5.03e-05	9.24e-03	4.54e-02	6.24e-01	2.94e-01	2.70e-02	1.98e-09	8.51e-14	1.49e-14	5.03e-05	1.25e-11	2.12e-34
 2.35666e+23	2.23e-09	5.52e-05	1.00e-02	4.81e-02	6.33e-01	2.84e-01	2.49e-02	2.23e-09	9.65e-14	1.70e-14	5.52e-05	1.41e-11	2.92e-34
 2.36913e+23	2.49e-09	6.05e-05	1.08e-02	5.08e-02	6.40e-01	2.75e-01	2.31e-02	2.49e-09	1.09e-13	1.92e-14	6.05e-05	1.58e-11	3.98e-34
 2.38341e+23	2.87e-09	6.79e-05	1.19e-02	5.44e-02	6.49e-01	2.64e-01	2.10e-02	2.87e-09	1.27e-13	2.26e-14	6.79e-05	1.82e-11	5.94e-34
 2.39826e+23	3.23e-09	7.50e-05	1.30e-02	5.78e-02	6.56e-01	2.54e-01	1.92e-02	3.23e-09	1.45e-13	2.58e-14	7.50e-05	2.06e-11	8.39e-34
 2.41155e+23	3.63e-09	8.26e-05	1.41e-02	6.10e-02	6.62e-01	2.45e-01	1.77e-02	3.63e-09	1.65e-13	2.94e-14	8.26e-05	2.33e-11	1.17e-33
 2.42652e+23	4.21e-09	9.32e-05	1.55e-02	6.53e-02	6.70e-01	2.34e-01	1.60e-02	4.21e-09	1.94e-13	3.48e-14	9.32e-05	2.71e-11	1.78e-33
 2.44215e+23	4.75e-09	1.03e-04	1.69e-02	6.94e-02	6.76e-01	2.23e-01	1.45e-02	4.75e-09	2.22e-13	4.00e-14	1.03e-04	3.09e-11	2.58e-33
 2.45624e+23	5.36e-09	1.14e-04	1.83e-02	7.33e-02	6.81e-01	2.14e-01	1.33e-02	5.36e-09	2.54e-13	4.59e-14	1.14e-04	3.51e-11	3.68e-33
 2.47214e+23	6.25e-09	1.30e-04	2.03e-02	7.84e-02	6.86e-01	2.03e-01	1.18e-02	6.25e-09	3.01e-13	5.47e-14	1.30e-04	4.13e-11	5.77e-33
 2.48857e+23	7.08e-09	1.45e-04	2.21e-02	8.33e-02	6.90e-01	1.93e-01	1.07e-02	7.08e-09	3.47e-13	6.31e-14	1.45e-04	4.75e-11	8.50e-33
 2.50323e+23	8.02e-09	1.61e-04	2.40e-02	8.79e-02	6.94e-01	1.85e-01	9.69e-03	8.02e-09	3.99e-13	7.29e-14	1.61e-04	5.43e-11	1.23e-32
 2.51980e+23	9.38e-09	1.83e-04	2.66e-02	9.39e-02	6.97e-01	1.74e-01	8.58e-03	9.38e-09	4.76e-13	8.75e-14	1.83e-04	6.43e-11	1.97e-32
 2.53703e+23	1.07e-08	2.06e-04	2.90e-02	9.96e-02	6.99e-01	1.65e-01	7.67e-03	1.07e-08	5.54e-13	1.02e-13	2.06e-04	7.47e-11	2.99e-32
 2.55253e+23	1.22e-08	2.29e-04	3.15e-02	1.05e-01	7.00e-01	1.56e-01	6.91e-03	1.22e-08	6.40e-13	1.19e-13	2.29e-04	8.61e-11	4.42e-32
 2.57009e+23	1.44e-08	2.63e-04	3.50e-02	1.12e-01	7.00e-01	1.46e-01	6.02e-03	1.44e-08	7.73e-13	1.44e-13	2.63e-04	1.03e-10	7.32e-32
 2.58822e+23	1.65e-08	2.96e-04	3.82e-02	1.19e-01	7.00e-01	1.37e-01	5.35e-03	1.65e-08	9.05e-13	1.69e-13	2.96e-04	1.21e-10	1.12e-31
 2.60455e+23	1.89e-08	3.32e-04	4.16e-02	1.25e-01	6.98e-01	1.29e-01	4.76e-03	1.89e-08	1.06e-12	1.99e-13	3.32e-04	1.40e-10	1.70e-31
 2.62327e+23	2.24e-08	3.85e-04	4.64e-02	1.34e-01	6.95e-01	1.20e-01	4.09e-03	2.24e-08	1.29e-12	2.44e-13	3.85e-04	1.71e-10	2.92e-31
 2.64224e+23	2.57e-08	4.34e-04	5.06e-02	1.42e-01	6.92e-01	1.12e-01	3.60e-03	2.57e-08	1.51e-12	2.87e-13	4.34e-04	2.00e-10	4.51e-31
 2.65901e+23	2.96e-08	4.89e-04	5.50e-02	1.49e-01	6.88e-01	1.05e-01	3.18e-03	2.96e-08	1.78e-12	3.40e-13	4.89e-04	2.34e-10	6.93e-31
 2.67828e+23	3.54e-08	5.69e-04	6.13e-02	1.59e-01	6.81e-01	9.59e-02	2.70e-03	3.54e-08	2.20e-12	4.21e-13	5.69e-04	2.87e-10	1.21e-30
 2.69779e+23	4.06e-08	6.42e-04	6.67e-02	1.67e-01	6.74e-01	8.91e-02	2.36e-03	4.06e-08	2.58e-12	4.98e-13	6.42e-04	3.38e-10	1.88e-30
 2.71761e+23	4.90e-08	7.50e-04	7.42e-02	1.77e-01	6.65e-01	8.11e-02	1.99e-03	4.90e-08	3.22e-12	6.23e-13	7.50e-04	4.16e-10	3.31e-30
 2.73785e+23	5.70e-08	8.53e-04	8.09e-02	1.86e-01	6.56e-01	7.48e-02	1.72e-03	5.70e-08	3.84e-12	7.47e-13	8.53e-04	4.94e-10	5.29e-30
 2.75586e+23	6.59e-08	9.66e-04	8.80e-02	1.95e-01	6.46e-01	6.89e-02	1.48e-03	6.59e-08	4.57e-12	8.91e-13	9.66e-04	5.84e-10	8.35e-30
 2.77653e+23	8.01e-08	1.14e-03	9.79e-02	2.06e-01	6.32e-01	6.20e-02	1.23e-03	8.01e-08	5.75e-12	1.13e-12	1.14e-03	7.26e-10	1.50e-29
 2.79753e+23	9.37e-08	1.29e-03	1.07e-01	2.15e-01	6.19e-01	5.66e-02	1.05e-03	9.37e-08	6.92e-12	1.36e-12	1.29e-03	8.66e-10	2.42e-29
 2.81898e+23	1.15e-07	1.53e-03	1.19e-01	2.27e-01	6.01e-01	5.03e-02	8.55e-04	1.15e-07	8.81e-12	1.74e-12	1.53e-03	1.09e-09	4.44e-29
 2.83994e+23	1.33e-07	1.73e-03	1.28e-01	2.36e-01	5.87e-01	4.60e-02	7.33e-04	1.33e-07	1.05e-11	2.09e-12	1.73e-03	1.28e-09	6.92e-29
 2.86024e+23	1.61e-07	2.02e-03	1.41e-01	2.47e-01	5.68e-01	4.08e-02	5.99e-04	1.61e-07	1.32e-11	2.64e-12	2.02e-03	1.59e-09	1.23e-28
 2.87990e+23	1.85e-07	2.26e-03	1.52e-01	2.54e-01	5.54e-01	3.75e-02	5.18e-04	1.85e-07	1.57e-11	3.14e-12	2.26e-03	1.85e-09	1.84e-28
 2.89870e+23	2.21e-07	2.61e-03	1.65e-01	2.64e-01	5.35e-01	3.33e-02	4.26e-04	2.21e-07	1.94e-11	3.90e-12	2.61e-03	2.26e-09	3.11e-28
 2.91775e+23	2.56e-07	2.92e-03	1.77e-01	2.70e-01	5.19e-01	3.04e-02	3.65e-04	2.56e-07	2.31e-11	4.66e-12	2.92e-03	2.64e-09	4.71e-28
 2.93713e+23	3.07e-07	3.37e-03	1.93e-01	2.79e-01	4.98e-01	2.68e-02	2.98e-04	3.07e-07	2.88e-11	5.84e-12	3.37e-03	3.22e-09	7.99e-28
 2.95673e+23	3.56e-07	3.79e-03	2.06e-01	2.86e-01	4.80e-01	2.42e-02	2.52e-04	3.56e-07	3.46e-11	7.02e-12	3.79e-03	3.79e-09	1.23e-27
 2.97402e+23	4.12e-07	4.24e-03	2.20e-01	2.91e-01	4.62e-01	2.18e-02	2.13e-04	4.12e-07	4.13e-11	8.42e-12	4.24e-03	4.43e-09	1.86e-27
 2.99387e+23	4.97e-07	4.89e-03	2.39e-01	2.98e-01	4.39e-01	1.90e-02	1.71e-04	4.97e-07	5.20e-11	1.06e-11	4.89e-03	5.42e-09	3.17e-27
 3.01395e+23	5.78e-07	5.49e-03	2.55e-01	3.03e-01	4.20e-01	1.69e-02	1.42e-04	5.78e-07	6.26e-11	1.28e-11	5.49e-03	6.39e-09	4.89e-27
 3.03163e+23	6.72e-07	6.14e-03	2.71e-01	3.07e-01	4.01e-01	1.51e-02	1.19e-04	6.72e-07	7.53e-11	1.55e-11	6.14e-03	7.47e-09	7.41e-27
 3.05190e+23	8.13e-07	7.07e-03	2.92e-01	3.11e-01	3.77e-01	1.30e-02	9.41e-05	8.13e-07	9.53e-11	1.97e-11	7.07e-03	9.14e-09	1.26e-26
 3.07072e+23	9.24e-07	7.77e-03	3.07e-01	3.13e-01	3.61e-01	1.17e-02	8.00e-05	9.24e-07	1.12e-10	2.31e-11	7.77e-03	1.05e-08	1.81e-26
 3.08188e+23	9.94e-07	8.16e-03	3.15e-01	3.13e-01	3.52e-01	1.11e-02	7.34e-05	9.93e-07	1.22e-10	2.52e-11	8.16e-03	1.12e-08	2.18e-26
