#depth	Si	Si+	Si+2	Si+3	Si+4	Si+5	Si+6	Si+7	Si+8	Si+9	Si+10	Si+11	Si+12	Si+13	Si+14
 1.54284e+22	6.63e-32	1.26e-24	1.63e-20	3.54e-17	2.14e-13	1.27e-10	2.21e-08	1.25e-06	3.14e-05	3.58e-04	2.26e-03	1.48e-02	2.34e-01	4.68e-01	2.81e-01
 3.53936e+22	2.47e-32	7.62e-23	6.45e-19	1.02e-15	5.06e-12	2.27e-09	2.94e-07	1.21e-05	2.25e-04	1.79e-03	7.35e-03	3.13e-02	3.33e-01	4.46e-01	1.80e-01
 4.21988e+22	3.67e-31	7.76e-22	4.94e-18	5.70e-15	2.70e-11	1.08e-08	1.21e-06	4.22e-05	6.64e-04	4.31e-03	1.38e-02	4.59e-02	3.89e-01	4.13e-01	1.33e-01
 4.56014e+22	1.49e-30	2.59e-21	1.40e-17	1.35e-14	6.39e-11	2.43e-08	2.57e-06	8.18e-05	1.18e-03	6.83e-03	1.92e-02	5.55e-02	4.17e-01	3.89e-01	1.11e-01
 4.70192e+22	2.13e-30	3.53e-21	1.82e-17	1.67e-14	7.96e-11	3.00e-08	3.12e-06	9.69e-05	1.36e-03	7.69e-03	2.09e-02	5.82e-02	4.23e-01	3.83e-01	1.06e-01
 4.75385e+22	2.86e-30	4.55e-21	2.27e-17	1.99e-14	9.53e-11	3.57e-08	3.66e-06	1.12e-04	1.54e-03	8.47e-03	2.24e-02	6.05e-02	4.29e-01	3.77e-01	1.01e-01
 4.80808e+22	4.13e-30	6.23e-21	2.96e-17	2.47e-14	1.19e-10	4.42e-08	4.47e-06	1.33e-04	1.79e-03	9.57e-03	2.44e-02	6.35e-02	4.35e-01	3.70e-01	9.59e-02
 4.86392e+22	5.61e-30	8.11e-21	3.71e-17	2.96e-14	1.44e-10	5.30e-08	5.28e-06	1.54e-04	2.03e-03	1.06e-02	2.62e-02	6.60e-02	4.40e-01	3.63e-01	9.15e-02
 4.92160e+22	8.31e-30	1.14e-20	4.93e-17	3.72e-14	1.83e-10	6.67e-08	6.55e-06	1.86e-04	2.39e-03	1.20e-02	2.87e-02	6.94e-02	4.47e-01	3.55e-01	8.61e-02
 4.97905e+22	1.12e-29	1.46e-20	6.11e-17	4.41e-14	2.19e-10	7.95e-08	7.70e-06	2.15e-04	2.70e-03	1.33e-02	3.07e-02	7.20e-02	4.51e-01	3.48e-01	8.21e-02
 5.02822e+22	1.49e-29	1.87e-20	7.51e-17	5.20e-14	2.61e-10	9.41e-08	9.02e-06	2.47e-04	3.04e-03	1.46e-02	3.28e-02	7.46e-02	4.55e-01	3.41e-01	7.83e-02
 5.08391e+22	2.15e-29	2.55e-20	9.75e-17	6.39e-14	3.25e-10	1.17e-07	1.10e-05	2.95e-04	3.53e-03	1.64e-02	3.56e-02	7.81e-02	4.60e-01	3.32e-01	7.37e-02
 5.13982e+22	2.85e-29	3.25e-20	1.19e-16	7.49e-14	3.86e-10	1.38e-07	1.29e-05	3.38e-04	3.96e-03	1.80e-02	3.80e-02	8.07e-02	4.63e-01	3.25e-01	7.01e-02
 5.19601e+22	4.10e-29	4.42e-20	1.54e-16	9.16e-14	4.80e-10	1.71e-07	1.57e-05	4.03e-04	4.60e-03	2.03e-02	4.12e-02	8.43e-02	4.67e-01	3.16e-01	6.57e-02
 5.25273e+22	5.38e-29	5.57e-20	1.87e-16	1.07e-13	5.66e-10	2.01e-07	1.83e-05	4.59e-04	5.14e-03	2.21e-02	4.38e-02	8.70e-02	4.70e-01	3.09e-01	6.25e-02
 5.31015e+22	7.66e-29	7.51e-20	2.40e-16	1.30e-13	7.01e-10	2.47e-07	2.22e-05	5.45e-04	5.93e-03	2.47e-02	4.73e-02	9.05e-02	4.73e-01	3.00e-01	5.85e-02
 5.36905e+22	1.01e-28	9.52e-20	2.93e-16	1.51e-13	8.30e-10	2.92e-07	2.59e-05	6.24e-04	6.64e-03	2.70e-02	5.03e-02	9.34e-02	4.74e-01	2.92e-01	5.54e-02
 5.42988e+22	1.45e-28	1.29e-19	3.76e-16	1.84e-13	1.03e-09	3.61e-07	3.16e-05	7.42e-04	7.68e-03	3.03e-02	5.44e-02	9.70e-02	4.76e-01	2.82e-01	5.15e-02
 5.49206e+22	1.92e-28	1.63e-19	4.58e-16	2.14e-13	1.22e-09	4.25e-07	3.68e-05	8.48e-04	8.58e-03	3.30e-02	5.76e-02	9.99e-02	4.77e-01	2.74e-01	4.87e-02
 5.55601e+22	2.75e-28	2.20e-19	5.87e-16	2.59e-13	1.51e-09	5.24e-07	4.48e-05	1.01e-03	9.89e-03	3.68e-02	6.21e-02	1.04e-01	4.77e-01	2.64e-01	4.51e-02
 5.62116e+22	3.63e-28	2.78e-19	7.14e-16	3.02e-13	1.78e-09	6.17e-07	5.22e-05	1.15e-03	1.10e-02	4.01e-02	6.57e-02	1.06e-01	4.77e-01	2.56e-01	4.24e-02
 5.68787e+22	5.17e-28	3.75e-19	9.13e-16	3.64e-13	2.20e-09	7.59e-07	6.33e-05	1.36e-03	1.27e-02	4.46e-02	7.06e-02	1.10e-01	4.76e-01	2.46e-01	3.92e-02
 5.75503e+22	6.77e-28	4.70e-19	1.10e-15	4.22e-13	2.58e-09	8.88e-07	7.33e-05	1.55e-03	1.41e-02	4.83e-02	7.44e-02	1.13e-01	4.74e-01	2.38e-01	3.68e-02
 5.82279e+22	9.57e-28	6.27e-19	1.40e-15	5.06e-13	3.16e-09	1.08e-06	8.83e-05	1.82e-03	1.61e-02	5.35e-02	7.95e-02	1.16e-01	4.72e-01	2.27e-01	3.39e-02
 5.88839e+22	1.21e-27	7.64e-19	1.65e-15	5.76e-13	3.63e-09	1.24e-06	1.00e-04	2.03e-03	1.76e-02	5.72e-02	8.31e-02	1.18e-01	4.69e-01	2.20e-01	3.20e-02
 5.95118e+22	1.65e-27	9.87e-19	2.04e-15	6.77e-13	4.34e-09	1.48e-06	1.18e-04	2.34e-03	1.97e-02	6.24e-02	8.79e-02	1.21e-01	4.66e-01	2.11e-01	2.96e-02
 6.01560e+22	2.10e-27	1.21e-18	2.41e-15	7.71e-13	4.99e-09	1.70e-06	1.34e-04	2.61e-03	2.16e-02	6.67e-02	9.17e-02	1.23e-01	4.62e-01	2.04e-01	2.78e-02
 6.08214e+22	2.88e-27	1.57e-18	2.99e-15	9.09e-13	5.98e-09	2.03e-06	1.58e-04	3.02e-03	2.42e-02	7.28e-02	9.69e-02	1.26e-01	4.57e-01	1.94e-01	2.56e-02
 6.14954e+22	3.66e-27	1.91e-18	3.53e-15	1.04e-12	6.86e-09	2.31e-06	1.79e-04	3.36e-03	2.63e-02	7.75e-02	1.01e-01	1.28e-01	4.53e-01	1.87e-01	2.40e-02
 6.21805e+22	4.98e-27	2.47e-18	4.37e-15	1.22e-12	8.17e-09	2.75e-06	2.09e-04	3.85e-03	2.94e-02	8.40e-02	1.06e-01	1.30e-01	4.47e-01	1.78e-01	2.21e-02
 6.28604e+22	6.28e-27	2.99e-18	5.12e-15	1.38e-12	9.31e-09	3.12e-06	2.36e-04	4.27e-03	3.19e-02	8.91e-02	1.10e-01	1.31e-01	4.41e-01	1.72e-01	2.07e-02
 6.35335e+22	8.47e-27	3.82e-18	6.27e-15	1.61e-12	1.10e-08	3.67e-06	2.74e-04	4.86e-03	3.53e-02	9.61e-02	1.15e-01	1.33e-01	4.34e-01	1.63e-01	1.89e-02
 6.42134e+22	1.06e-26	4.60e-18	7.33e-15	1.82e-12	1.24e-08	4.14e-06	3.06e-04	5.35e-03	3.81e-02	1.01e-01	1.18e-01	1.34e-01	4.28e-01	1.56e-01	1.77e-02
 6.49022e+22	1.43e-26	5.86e-18	8.96e-15	2.12e-12	1.46e-08	4.84e-06	3.54e-04	6.07e-03	4.20e-02	1.09e-01	1.23e-01	1.36e-01	4.19e-01	1.48e-01	1.62e-02
 6.56043e+22	1.79e-26	7.08e-18	1.05e-14	2.40e-12	1.66e-08	5.47e-06	3.96e-04	6.68e-03	4.53e-02	1.15e-01	1.27e-01	1.37e-01	4.12e-01	1.42e-01	1.51e-02
 6.63238e+22	2.42e-26	9.05e-18	1.29e-14	2.81e-12	1.95e-08	6.39e-06	4.58e-04	7.57e-03	4.98e-02	1.23e-01	1.32e-01	1.38e-01	4.02e-01	1.33e-01	1.37e-02
 6.70566e+22	3.06e-26	1.09e-17	1.51e-14	3.19e-12	2.21e-08	7.21e-06	5.11e-04	8.32e-03	5.36e-02	1.29e-01	1.36e-01	1.38e-01	3.95e-01	1.27e-01	1.28e-02
 6.78067e+22	2.25e-27	1.40e-17	1.86e-14	3.74e-12	2.59e-08	8.41e-06	5.89e-04	9.40e-03	5.88e-02	1.38e-01	1.40e-01	1.39e-01	3.84e-01	1.19e-01	1.15e-02
 6.85711e+22	2.41e-27	1.70e-17	2.19e-14	4.25e-12	2.94e-08	9.49e-06	6.57e-04	1.03e-02	6.31e-02	1.45e-01	1.44e-01	1.39e-01	3.75e-01	1.13e-01	1.07e-02
 6.93540e+22	3.33e-27	2.19e-17	2.70e-14	5.00e-12	3.44e-08	1.11e-05	7.56e-04	1.16e-02	6.90e-02	1.54e-01	1.48e-01	1.38e-01	3.63e-01	1.06e-01	9.60e-03
 7.01193e+22	4.21e-27	2.61e-17	3.14e-14	5.65e-12	3.86e-08	1.23e-05	8.33e-04	1.26e-02	7.33e-02	1.60e-01	1.51e-01	1.38e-01	3.55e-01	1.01e-01	8.93e-03
 7.08617e+22	5.76e-27	3.30e-17	3.82e-14	6.56e-12	4.46e-08	1.42e-05	9.48e-04	1.41e-02	7.96e-02	1.69e-01	1.54e-01	1.38e-01	3.42e-01	9.40e-02	8.04e-03
 7.16161e+22	7.32e-27	3.94e-17	4.45e-14	7.43e-12	5.00e-08	1.57e-05	1.04e-03	1.53e-02	8.43e-02	1.75e-01	1.57e-01	1.37e-01	3.34e-01	8.93e-02	7.45e-03
 7.23862e+22	9.98e-27	4.98e-17	5.41e-14	8.66e-12	5.77e-08	1.80e-05	1.18e-03	1.69e-02	9.10e-02	1.84e-01	1.60e-01	1.36e-01	3.21e-01	8.31e-02	6.70e-03
 7.31804e+22	1.30e-26	6.03e-17	6.37e-14	9.84e-12	6.49e-08	2.02e-05	1.30e-03	1.84e-02	9.67e-02	1.91e-01	1.62e-01	1.34e-01	3.11e-01	7.82e-02	6.13e-03
 7.40062e+22	1.79e-26	7.65e-17	7.81e-14	1.16e-11	7.52e-08	2.31e-05	1.48e-03	2.04e-02	1.04e-01	2.00e-01	1.65e-01	1.33e-01	2.98e-01	7.24e-02	5.48e-03
 7.48594e+22	2.38e-26	9.37e-17	9.28e-14	1.33e-11	8.51e-08	2.60e-05	1.64e-03	2.23e-02	1.11e-01	2.08e-01	1.66e-01	1.31e-01	2.87e-01	6.77e-02	4.98e-03
 7.57484e+22	3.33e-26	1.20e-16	1.15e-13	1.58e-11	9.91e-08	2.99e-05	1.86e-03	2.47e-02	1.19e-01	2.17e-01	1.68e-01	1.29e-01	2.74e-01	6.22e-02	4.41e-03
 7.66622e+22	4.50e-26	1.49e-16	1.38e-13	1.82e-11	1.13e-07	3.37e-05	2.06e-03	2.69e-02	1.26e-01	2.24e-01	1.70e-01	1.27e-01	2.62e-01	5.78e-02	3.97e-03
 7.76083e+22	6.40e-26	1.92e-16	1.72e-13	2.18e-11	1.32e-07	3.89e-05	2.34e-03	2.99e-02	1.36e-01	2.33e-01	1.71e-01	1.24e-01	2.48e-01	5.26e-02	3.48e-03
 7.85864e+22	8.80e-26	2.40e-16	2.08e-13	2.53e-11	1.50e-07	4.39e-05	2.60e-03	3.26e-02	1.44e-01	2.41e-01	1.71e-01	1.21e-01	2.36e-01	4.85e-02	3.10e-03
 7.96062e+22	1.27e-25	3.15e-16	2.63e-13	3.06e-11	1.77e-07	5.09e-05	2.96e-03	3.62e-02	1.54e-01	2.50e-01	1.71e-01	1.17e-01	2.22e-01	4.37e-02	2.69e-03
 8.06513e+22	1.77e-25	3.95e-16	3.20e-13	3.58e-11	2.02e-07	5.76e-05	3.30e-03	3.94e-02	1.63e-01	2.57e-01	1.71e-01	1.14e-01	2.10e-01	4.00e-02	2.38e-03
 8.15859e+22	2.39e-25	4.91e-16	3.87e-13	4.17e-11	2.30e-07	6.47e-05	3.64e-03	4.26e-02	1.72e-01	2.63e-01	1.70e-01	1.11e-01	1.99e-01	3.67e-02	2.11e-03
 8.26572e+22	3.57e-25	6.53e-16	4.93e-13	5.06e-11	2.71e-07	7.50e-05	4.15e-03	4.73e-02	1.83e-01	2.71e-01	1.69e-01	1.07e-01	1.84e-01	3.25e-02	1.79e-03
 8.37382e+22	4.84e-25	8.11e-16	5.96e-13	5.90e-11	3.08e-07	8.41e-05	4.57e-03	5.10e-02	1.92e-01	2.76e-01	1.68e-01	1.03e-01	1.74e-01	2.97e-02	1.59e-03
 8.48319e+22	7.17e-25	1.07e-15	7.59e-13	7.16e-11	3.61e-07	9.71e-05	5.18e-03	5.63e-02	2.04e-01	2.83e-01	1.65e-01	9.84e-02	1.60e-01	2.62e-02	1.34e-03
 8.59470e+22	9.90e-25	1.35e-15	9.22e-13	8.36e-11	4.11e-07	1.09e-04	5.71e-03	6.08e-02	2.14e-01	2.88e-01	1.63e-01	9.46e-02	1.50e-01	2.36e-02	1.17e-03
 8.70900e+22	1.47e-24	1.80e-15	1.18e-12	1.02e-10	4.82e-07	1.26e-04	6.45e-03	6.69e-02	2.26e-01	2.93e-01	1.60e-01	8.97e-02	1.37e-01	2.07e-02	9.76e-04
 8.82528e+22	2.05e-24	2.27e-15	1.44e-12	1.19e-10	5.47e-07	1.41e-04	7.12e-03	7.21e-02	2.36e-01	2.96e-01	1.56e-01	8.56e-02	1.27e-01	1.85e-02	8.40e-04
 8.94415e+22	3.10e-24	3.06e-15	1.86e-12	1.45e-10	6.41e-07	1.62e-04	8.04e-03	7.93e-02	2.49e-01	3.00e-01	1.52e-01	8.05e-02	1.15e-01	1.59e-02	6.90e-04
 9.05654e+22	4.08e-24	3.74e-15	2.20e-12	1.66e-10	7.14e-07	1.79e-04	8.72e-03	8.43e-02	2.57e-01	3.02e-01	1.49e-01	7.70e-02	1.07e-01	1.44e-02	6.04e-04
 9.16052e+22	5.85e-24	4.86e-15	2.74e-12	1.97e-10	8.14e-07	2.01e-04	9.66e-03	9.13e-02	2.68e-01	3.04e-01	1.44e-01	7.26e-02	9.75e-02	1.25e-02	5.04e-04
 9.26531e+22	7.69e-24	5.93e-15	3.25e-12	2.26e-10	9.05e-07	2.21e-04	1.04e-02	9.68e-02	2.76e-01	3.04e-01	1.41e-01	6.92e-02	9.06e-02	1.13e-02	4.39e-04
 9.37118e+22	1.10e-23	7.74e-15	4.05e-12	2.67e-10	1.03e-06	2.48e-04	1.15e-02	1.05e-01	2.87e-01	3.05e-01	1.36e-01	6.48e-02	8.18e-02	9.72e-03	3.62e-04
 9.47805e+22	1.46e-23	9.51e-15	4.82e-12	3.05e-10	1.14e-06	2.71e-04	1.25e-02	1.11e-01	2.95e-01	3.04e-01	1.31e-01	6.15e-02	7.55e-02	8.66e-03	3.12e-04
 9.58621e+22	2.11e-23	1.25e-14	6.02e-12	3.61e-10	1.29e-06	3.04e-04	1.37e-02	1.20e-01	3.05e-01	3.03e-01	1.26e-01	5.72e-02	6.77e-02	7.41e-03	2.55e-04
 9.69598e+22	2.81e-23	1.54e-14	7.18e-12	4.14e-10	1.43e-06	3.32e-04	1.48e-02	1.27e-01	3.12e-01	3.01e-01	1.21e-01	5.40e-02	6.20e-02	6.55e-03	2.17e-04
 9.80782e+22	4.08e-23	2.04e-14	9.03e-12	4.92e-10	1.62e-06	3.72e-04	1.64e-02	1.37e-01	3.22e-01	2.99e-01	1.15e-01	4.98e-02	5.50e-02	5.53e-03	1.75e-04
 9.92124e+22	5.48e-23	2.54e-14	1.08e-11	5.66e-10	1.79e-06	4.07e-04	1.76e-02	1.44e-01	3.29e-01	2.96e-01	1.11e-01	4.67e-02	5.01e-02	4.84e-03	1.47e-04
 1.00367e+23	8.04e-23	3.40e-14	1.37e-11	6.76e-10	2.04e-06	4.56e-04	1.94e-02	1.55e-01	3.38e-01	2.91e-01	1.04e-01	4.29e-02	4.40e-02	4.04e-03	1.17e-04
 1.01547e+23	1.10e-22	4.31e-14	1.66e-11	7.81e-10	2.25e-06	4.99e-04	2.10e-02	1.65e-01	3.45e-01	2.87e-01	9.93e-02	3.99e-02	3.95e-02	3.48e-03	9.66e-05
 1.02760e+23	1.64e-22	5.86e-14	2.13e-11	9.42e-10	2.57e-06	5.60e-04	2.32e-02	1.77e-01	3.53e-01	2.80e-01	9.27e-02	3.62e-02	3.43e-02	2.86e-03	7.50e-05
 1.03992e+23	2.27e-22	7.51e-14	2.60e-11	1.10e-09	2.85e-06	6.14e-04	2.50e-02	1.88e-01	3.59e-01	2.74e-01	8.74e-02	3.34e-02	3.05e-02	2.43e-03	6.11e-05
 1.05208e+23	3.37e-22	1.02e-13	3.32e-11	1.32e-09	3.25e-06	6.86e-04	2.75e-02	2.01e-01	3.65e-01	2.66e-01	8.11e-02	3.02e-02	2.63e-02	1.99e-03	4.73e-05
 1.06369e+23	4.51e-22	1.28e-13	3.98e-11	1.52e-09	3.57e-06	7.45e-04	2.94e-02	2.12e-01	3.69e-01	2.60e-01	7.65e-02	2.80e-02	2.36e-02	1.71e-03	3.91e-05
 1.07497e+23	6.59e-22	1.72e-13	5.04e-11	1.82e-09	4.04e-06	8.28e-04	3.21e-02	2.26e-01	3.73e-01	2.51e-01	7.07e-02	2.53e-02	2.04e-02	1.40e-03	3.03e-05
 1.08647e+23	8.96e-22	2.19e-13	6.11e-11	2.11e-09	4.48e-06	9.03e-04	3.44e-02	2.37e-01	3.76e-01	2.43e-01	6.62e-02	2.32e-02	1.80e-02	1.19e-03	2.47e-05
 1.09769e+23	1.29e-21	2.93e-13	7.71e-11	2.52e-09	5.07e-06	1.00e-03	3.73e-02	2.52e-01	3.78e-01	2.33e-01	6.09e-02	2.10e-02	1.56e-02	9.74e-04	1.92e-05
 1.10915e+23	1.78e-21	3.79e-13	9.47e-11	2.96e-09	5.67e-06	1.10e-03	4.01e-02	2.65e-01	3.79e-01	2.25e-01	5.65e-02	1.91e-02	1.36e-02	8.15e-04	1.54e-05
 1.12032e+23	2.53e-21	5.03e-13	1.19e-10	3.53e-09	6.41e-06	1.21e-03	4.34e-02	2.79e-01	3.80e-01	2.15e-01	5.18e-02	1.73e-02	1.18e-02	6.69e-04	1.20e-05
 1.13172e+23	3.53e-21	6.59e-13	1.48e-10	4.20e-09	7.24e-06	1.33e-03	4.67e-02	2.94e-01	3.79e-01	2.05e-01	4.76e-02	1.56e-02	1.02e-02	5.53e-04	9.48e-06
 1.14304e+23	4.99e-21	8.74e-13	1.85e-10	5.04e-09	8.23e-06	1.48e-03	5.03e-02	3.09e-01	3.78e-01	1.95e-01	4.34e-02	1.40e-02	8.79e-03	4.53e-04	7.39e-06
 1.15440e+23	7.01e-21	1.16e-12	2.32e-10	6.04e-09	9.36e-06	1.63e-03	5.42e-02	3.24e-01	3.75e-01	1.85e-01	3.96e-02	1.26e-02	7.56e-03	3.71e-04	5.78e-06
 1.16564e+23	9.84e-21	1.53e-12	2.91e-10	7.25e-09	1.07e-05	1.80e-03	5.83e-02	3.39e-01	3.72e-01	1.75e-01	3.60e-02	1.13e-02	6.50e-03	3.04e-04	4.51e-06
 1.17687e+23	1.38e-20	2.02e-12	3.65e-10	8.74e-09	1.22e-05	1.99e-03	6.26e-02	3.54e-01	3.67e-01	1.65e-01	3.26e-02	1.01e-02	5.57e-03	2.48e-04	3.51e-06
 1.18812e+23	1.94e-20	2.67e-12	4.58e-10	1.06e-08	1.40e-05	2.21e-03	6.73e-02	3.69e-01	3.62e-01	1.56e-01	2.95e-02	9.06e-03	4.76e-03	2.02e-04	2.73e-06
 1.19942e+23	2.72e-20	3.53e-12	5.77e-10	1.28e-08	1.61e-05	2.45e-03	7.22e-02	3.84e-01	3.56e-01	1.46e-01	2.66e-02	8.08e-03	4.06e-03	1.64e-04	2.11e-06
 1.21079e+23	3.81e-20	4.67e-12	7.27e-10	1.55e-08	1.85e-05	2.72e-03	7.75e-02	3.99e-01	3.49e-01	1.36e-01	2.39e-02	7.18e-03	3.45e-03	1.33e-04	1.63e-06
 1.22228e+23	5.35e-20	6.18e-12	9.18e-10	1.89e-08	2.14e-05	3.01e-03	8.31e-02	4.14e-01	3.42e-01	1.27e-01	2.14e-02	6.36e-03	2.92e-03	1.07e-04	1.25e-06
 1.23391e+23	7.52e-20	8.20e-12	1.16e-09	2.31e-08	2.48e-05	3.35e-03	8.90e-02	4.29e-01	3.33e-01	1.18e-01	1.91e-02	5.62e-03	2.46e-03	8.62e-05	9.58e-07
 1.24560e+23	1.05e-19	1.08e-11	1.47e-09	2.82e-08	2.87e-05	3.72e-03	9.52e-02	4.43e-01	3.24e-01	1.10e-01	1.70e-02	4.96e-03	2.08e-03	6.92e-05	7.34e-07
 1.25749e+23	1.48e-19	1.44e-11	1.86e-09	3.46e-08	3.33e-05	4.14e-03	1.02e-01	4.57e-01	3.14e-01	1.01e-01	1.51e-02	4.35e-03	1.74e-03	5.51e-05	5.56e-07
 1.26952e+23	2.07e-19	1.90e-11	2.35e-09	4.23e-08	3.87e-05	4.60e-03	1.09e-01	4.70e-01	3.04e-01	9.33e-02	1.34e-02	3.82e-03	1.46e-03	4.40e-05	4.23e-07
 1.28180e+23	2.92e-19	2.53e-11	3.00e-09	5.23e-08	4.52e-05	5.12e-03	1.16e-01	4.83e-01	2.93e-01	8.55e-02	1.18e-02	3.32e-03	1.21e-03	3.47e-05	3.17e-07
 1.29322e+23	3.86e-19	3.18e-11	3.65e-09	6.21e-08	5.13e-05	5.59e-03	1.23e-01	4.93e-01	2.84e-01	7.96e-02	1.06e-02	2.97e-03	1.04e-03	2.86e-05	2.51e-07
 1.30500e+23	5.49e-19	4.26e-11	4.70e-09	7.74e-08	6.03e-05	6.25e-03	1.31e-01	5.05e-01	2.72e-01	7.24e-02	9.24e-03	2.56e-03	8.54e-04	2.23e-05	1.85e-07
 1.31699e+23	7.26e-19	5.36e-11	5.72e-09	9.21e-08	6.86e-05	6.82e-03	1.38e-01	5.14e-01	2.63e-01	6.71e-02	8.29e-03	2.27e-03	7.30e-04	1.82e-05	1.45e-07
 1.32927e+23	6.45e-18	7.21e-11	7.40e-09	1.16e-07	8.10e-05	7.64e-03	1.48e-01	5.24e-01	2.50e-01	6.05e-02	7.16e-03	1.94e-03	5.93e-04	1.40e-05	0.00e+00
 1.34160e+23	8.95e-18	8.99e-11	8.96e-09	1.37e-07	9.18e-05	8.31e-03	1.55e-01	5.31e-01	2.41e-01	5.61e-02	6.42e-03	1.72e-03	5.07e-04	1.15e-05	0.00e+00
 1.35399e+23	1.29e-17	1.20e-10	1.15e-08	1.71e-07	1.08e-04	9.27e-03	1.65e-01	5.40e-01	2.28e-01	5.05e-02	5.55e-03	1.47e-03	4.12e-04	8.84e-06	0.00e+00
 1.36647e+23	1.71e-17	1.49e-10	1.39e-08	2.02e-07	1.22e-04	1.01e-02	1.73e-01	5.45e-01	2.19e-01	4.66e-02	4.96e-03	1.30e-03	3.51e-04	7.23e-06	0.00e+00
 1.37905e+23	2.46e-17	1.96e-10	1.78e-08	2.52e-07	1.44e-04	1.12e-02	1.83e-01	5.51e-01	2.07e-01	4.19e-02	4.28e-03	1.11e-03	2.84e-04	5.55e-06	0.00e+00
 1.39174e+23	3.28e-17	2.43e-10	2.15e-08	2.98e-07	1.62e-04	1.21e-02	1.91e-01	5.55e-01	1.98e-01	3.86e-02	3.82e-03	9.79e-04	2.42e-04	4.53e-06	0.00e+00
 1.40458e+23	4.74e-17	3.18e-10	2.74e-08	3.71e-07	1.90e-04	1.35e-02	2.02e-01	5.59e-01	1.86e-01	3.46e-02	3.28e-03	8.30e-04	1.96e-04	3.46e-06	0.00e+00
 1.41759e+23	6.38e-17	3.93e-10	3.30e-08	4.39e-07	2.15e-04	1.46e-02	2.11e-01	5.62e-01	1.77e-01	3.18e-02	2.92e-03	7.30e-04	1.66e-04	2.81e-06	0.00e+00
 1.43082e+23	9.35e-17	5.14e-10	4.21e-08	5.46e-07	2.52e-04	1.62e-02	2.22e-01	5.64e-01	1.66e-01	2.84e-02	2.50e-03	6.17e-04	1.33e-04	2.14e-06	0.00e+00
 1.44427e+23	1.28e-16	6.35e-10	5.09e-08	6.48e-07	2.86e-04	1.75e-02	2.31e-01	5.64e-01	1.58e-01	2.60e-02	2.22e-03	5.40e-04	1.12e-04	1.73e-06	0.00e+00
 1.45802e+23	1.92e-16	8.30e-10	6.49e-08	8.09e-07	3.36e-04	1.94e-02	2.43e-01	5.64e-01	1.47e-01	2.31e-02	1.89e-03	4.53e-04	8.97e-05	1.30e-06	0.00e+00
 1.47207e+23	2.71e-16	1.03e-09	7.88e-08	9.63e-07	3.81e-04	2.11e-02	2.53e-01	5.63e-01	1.39e-01	2.10e-02	1.67e-03	3.94e-04	7.51e-05	1.04e-06	0.00e+00
 1.48652e+23	4.23e-16	1.35e-09	1.01e-07	1.21e-06	4.49e-04	2.34e-02	2.66e-01	5.61e-01	1.29e-01	1.86e-02	1.41e-03	3.28e-04	5.94e-05	7.79e-07	0.00e+00
 1.50130e+23	6.26e-16	1.67e-09	1.23e-07	1.44e-06	5.11e-04	2.53e-02	2.76e-01	5.58e-01	1.21e-01	1.69e-02	1.24e-03	2.84e-04	4.94e-05	6.18e-07	0.00e+00
 1.51373e+23	8.95e-16	2.01e-09	1.46e-07	1.69e-06	5.71e-04	2.72e-02	2.86e-01	5.55e-01	1.15e-01	1.55e-02	1.10e-03	2.50e-04	4.20e-05	5.04e-07	0.00e+00
 1.52709e+23	1.44e-15	2.56e-09	1.82e-07	2.07e-06	6.61e-04	2.97e-02	2.97e-01	5.50e-01	1.07e-01	1.38e-02	9.50e-04	2.11e-04	3.39e-05	3.87e-07	0.00e+00
 1.54069e+23	2.18e-15	3.09e-09	2.17e-07	2.42e-06	7.40e-04	3.19e-02	3.07e-01	5.46e-01	1.01e-01	1.26e-02	8.43e-04	1.85e-04	2.87e-05	3.13e-07	0.00e+00
 1.55245e+23	3.26e-15	3.68e-09	2.56e-07	2.82e-06	8.24e-04	3.41e-02	3.16e-01	5.41e-01	9.53e-02	1.16e-02	7.52e-04	1.63e-04	2.45e-05	2.57e-07	0.00e+00
 1.56561e+23	5.02e-15	4.61e-09	3.15e-07	3.42e-06	9.47e-04	3.71e-02	3.28e-01	5.35e-01	8.85e-02	1.04e-02	6.49e-04	1.38e-04	1.98e-05	1.98e-07	0.00e+00
 1.57875e+23	6.94e-15	5.47e-09	3.69e-07	3.94e-06	1.05e-03	3.95e-02	3.36e-01	5.29e-01	8.38e-02	9.55e-03	5.82e-04	1.22e-04	1.70e-05	1.64e-07	0.00e+00
 1.59188e+23	9.23e-15	6.80e-09	4.54e-07	4.77e-06	1.20e-03	4.29e-02	3.48e-01	5.21e-01	7.77e-02	8.54e-03	5.02e-04	1.04e-04	1.38e-05	1.26e-07	0.00e+00
 1.60520e+23	1.12e-14	8.07e-09	5.32e-07	5.52e-06	1.33e-03	4.57e-02	3.56e-01	5.15e-01	7.33e-02	7.84e-03	4.48e-04	9.17e-05	1.18e-05	0.00e+00	0.00e+00
 1.61876e+23	1.42e-14	1.01e-08	6.55e-07	6.68e-06	1.52e-03	4.95e-02	3.68e-01	5.06e-01	6.77e-02	7.00e-03	3.86e-04	7.76e-05	9.58e-06	0.00e+00	0.00e+00
 1.63256e+23	1.70e-14	1.20e-08	7.71e-07	7.74e-06	1.69e-03	5.27e-02	3.77e-01	4.98e-01	6.37e-02	6.41e-03	3.44e-04	6.82e-05	8.15e-06	0.00e+00	0.00e+00
 1.64668e+23	2.14e-14	1.49e-08	9.53e-07	9.43e-06	1.94e-03	5.73e-02	3.88e-01	4.88e-01	5.86e-02	5.69e-03	2.94e-04	5.73e-05	6.54e-06	0.00e+00	0.00e+00
 1.66102e+23	2.58e-14	1.78e-08	1.12e-06	1.09e-05	2.16e-03	6.09e-02	3.97e-01	4.79e-01	5.50e-02	5.20e-03	2.61e-04	5.02e-05	5.55e-06	0.00e+00	0.00e+00
 1.67565e+23	3.26e-14	2.23e-08	1.39e-06	1.34e-05	2.48e-03	6.61e-02	4.09e-01	4.68e-01	5.02e-02	4.60e-03	2.22e-04	4.19e-05	4.42e-06	0.00e+00	0.00e+00
 1.69061e+23	3.94e-14	2.67e-08	1.65e-06	1.56e-05	2.76e-03	7.04e-02	4.17e-01	4.58e-01	4.69e-02	4.18e-03	1.96e-04	3.65e-05	3.72e-06	0.00e+00	0.00e+00
 1.70599e+23	5.02e-14	3.37e-08	2.06e-06	1.92e-05	3.19e-03	7.65e-02	4.29e-01	4.45e-01	4.26e-02	3.68e-03	1.65e-04	3.02e-05	2.94e-06	0.00e+00	0.00e+00
 1.72175e+23	1.83e-14	4.06e-08	2.46e-06	2.25e-05	3.57e-03	8.16e-02	4.37e-01	4.35e-01	3.96e-02	3.32e-03	1.45e-04	2.61e-05	2.44e-06	0.00e+00	0.00e+00
 1.73801e+23	5.88e-15	5.15e-08	3.08e-06	2.78e-05	4.13e-03	8.87e-02	4.48e-01	4.20e-01	3.58e-02	2.91e-03	1.21e-04	2.15e-05	1.91e-06	0.00e+00	0.00e+00
 1.75446e+23	7.81e-15	6.22e-08	3.68e-06	3.26e-05	4.61e-03	9.44e-02	4.56e-01	4.09e-01	3.31e-02	2.62e-03	1.06e-04	1.85e-05	1.59e-06	0.00e+00	0.00e+00
 1.77117e+23	1.15e-14	7.89e-08	4.63e-06	4.03e-05	5.34e-03	1.02e-01	4.66e-01	3.94e-01	2.97e-02	2.28e-03	8.84e-05	1.51e-05	1.23e-06	0.00e+00	0.00e+00
 1.78805e+23	1.62e-14	9.53e-08	5.53e-06	4.73e-05	5.96e-03	1.09e-01	4.73e-01	3.82e-01	2.74e-02	2.05e-03	7.70e-05	1.30e-05	1.02e-06	0.00e+00	0.00e+00
 1.80518e+23	2.50e-14	1.21e-07	6.96e-06	5.86e-05	6.89e-03	1.18e-01	4.82e-01	3.66e-01	2.45e-02	1.78e-03	6.39e-05	1.06e-05	7.90e-07	0.00e+00	0.00e+00
 1.82193e+23	3.57e-14	1.44e-07	8.21e-06	6.79e-05	7.63e-03	1.25e-01	4.88e-01	3.55e-01	2.27e-02	1.61e-03	5.61e-05	9.17e-06	6.60e-07	0.00e+00	0.00e+00
 1.83817e+23	5.75e-14	1.80e-07	1.02e-05	8.28e-05	8.73e-03	1.34e-01	4.95e-01	3.40e-01	2.04e-02	1.41e-03	4.70e-05	7.56e-06	5.18e-07	0.00e+00	0.00e+00
 1.85502e+23	9.07e-14	2.17e-07	1.21e-05	9.69e-05	9.70e-03	1.42e-01	5.00e-01	3.28e-01	1.87e-02	1.27e-03	4.08e-05	6.47e-06	4.27e-07	0.00e+00	0.00e+00
 1.86938e+23	1.42e-13	2.55e-07	1.41e-05	1.12e-04	1.07e-02	1.49e-01	5.04e-01	3.18e-01	1.73e-02	1.15e-03	3.59e-05	5.63e-06	3.58e-07	0.00e+00	0.00e+00
 1.88479e+23	2.34e-13	3.12e-07	1.72e-05	1.33e-04	1.20e-02	1.59e-01	5.08e-01	3.04e-01	1.56e-02	1.01e-03	3.04e-05	4.70e-06	2.86e-07	0.00e+00	0.00e+00
 1.90032e+23	4.12e-13	3.68e-07	2.00e-05	1.53e-04	1.32e-02	1.67e-01	5.11e-01	2.93e-01	1.44e-02	9.18e-04	2.67e-05	4.08e-06	2.40e-07	0.00e+00	0.00e+00
 1.91603e+23	6.47e-13	4.50e-07	2.43e-05	1.83e-04	1.48e-02	1.77e-01	5.14e-01	2.80e-01	1.29e-02	8.09e-04	2.27e-05	3.41e-06	1.92e-07	0.00e+00	0.00e+00
 1.93220e+23	1.01e-12	5.35e-07	2.87e-05	2.13e-04	1.64e-02	1.86e-01	5.16e-01	2.68e-01	1.18e-02	7.23e-04	1.95e-05	2.91e-06	1.57e-07	0.00e+00	0.00e+00
 1.94652e+23	1.31e-12	6.30e-07	3.34e-05	2.45e-04	1.80e-02	1.95e-01	5.18e-01	2.58e-01	1.08e-02	6.54e-04	1.71e-05	2.52e-06	1.31e-07	0.00e+00	0.00e+00
 1.96267e+23	1.72e-12	7.71e-07	4.05e-05	2.91e-04	2.02e-02	2.06e-01	5.18e-01	2.45e-01	9.71e-03	5.75e-04	1.45e-05	2.10e-06	0.00e+00	0.00e+00	0.00e+00
 1.97971e+23	2.21e-12	9.26e-07	4.82e-05	3.42e-04	2.24e-02	2.17e-01	5.18e-01	2.33e-01	8.77e-03	5.10e-04	1.23e-05	1.77e-06	0.00e+00	0.00e+00	0.00e+00
 1.99523e+23	2.77e-12	1.10e-06	5.67e-05	3.96e-04	2.46e-02	2.27e-01	5.17e-01	2.22e-01	7.97e-03	4.56e-04	1.07e-05	1.52e-06	0.00e+00	0.00e+00	0.00e+00
 2.01273e+23	3.69e-12	1.36e-06	6.94e-05	4.75e-04	2.77e-02	2.40e-01	5.15e-01	2.09e-01	7.05e-03	3.96e-04	8.85e-06	1.24e-06	0.00e+00	0.00e+00	0.00e+00
 2.03078e+23	4.76e-12	1.64e-06	8.28e-05	5.58e-04	3.07e-02	2.52e-01	5.13e-01	1.97e-01	6.32e-03	3.49e-04	7.49e-06	1.04e-06	0.00e+00	0.00e+00	0.00e+00
 2.04682e+23	6.04e-12	1.95e-06	9.75e-05	6.47e-04	3.37e-02	2.63e-01	5.10e-01	1.87e-01	5.70e-03	3.10e-04	6.42e-06	8.83e-07	0.00e+00	0.00e+00	0.00e+00
 2.06494e+23	8.12e-12	2.42e-06	1.20e-04	7.77e-04	3.79e-02	2.77e-01	5.05e-01	1.75e-01	5.00e-03	2.67e-04	5.28e-06	7.18e-07	0.00e+00	0.00e+00	0.00e+00
 2.08375e+23	1.06e-11	2.92e-06	1.43e-04	9.15e-04	4.20e-02	2.89e-01	4.99e-01	1.64e-01	4.44e-03	2.33e-04	4.42e-06	5.95e-07	0.00e+00	0.00e+00	0.00e+00
 2.10064e+23	1.35e-11	3.49e-06	1.69e-04	1.06e-03	4.61e-02	3.01e-01	4.93e-01	1.54e-01	3.97e-03	2.06e-04	3.75e-06	5.00e-07	0.00e+00	0.00e+00	0.00e+00
 2.11977e+23	1.85e-11	4.37e-06	2.09e-04	1.29e-03	5.19e-02	3.16e-01	4.85e-01	1.42e-01	3.43e-03	1.75e-04	3.03e-06	3.99e-07	0.00e+00	0.00e+00	0.00e+00
 2.13955e+23	2.39e-11	5.29e-06	2.50e-04	1.52e-03	5.74e-02	3.29e-01	4.77e-01	1.32e-01	3.02e-03	1.52e-04	2.52e-06	3.28e-07	0.00e+00	0.00e+00	0.00e+00
 2.16016e+23	3.29e-11	6.71e-06	3.12e-04	1.85e-03	6.48e-02	3.44e-01	4.65e-01	1.21e-01	2.57e-03	1.27e-04	1.99e-06	2.57e-07	0.00e+00	0.00e+00	0.00e+00
 2.18100e+23	4.22e-11	8.14e-06	3.74e-04	2.18e-03	7.15e-02	3.57e-01	4.55e-01	1.12e-01	2.25e-03	1.09e-04	1.64e-06	2.10e-07	0.00e+00	0.00e+00	0.00e+00
 2.19930e+23	5.38e-11	9.82e-06	4.45e-04	2.54e-03	7.84e-02	3.69e-01	4.44e-01	1.03e-01	1.98e-03	9.48e-05	1.36e-06	1.73e-07	0.00e+00	0.00e+00	0.00e+00
 2.22025e+23	7.17e-11	1.24e-05	5.56e-04	3.12e-03	8.84e-02	3.84e-01	4.29e-01	9.29e-02	1.65e-03	7.81e-05	1.06e-06	1.33e-07	0.00e+00	0.00e+00	0.00e+00
 2.24144e+23	9.04e-11	1.50e-05	6.62e-04	3.65e-03	9.69e-02	3.95e-01	4.17e-01	8.53e-02	1.44e-03	6.70e-05	8.69e-07	0.00e+00	0.00e+00	0.00e+00	0.00e+00
 2.26296e+23	1.21e-10	1.91e-05	8.25e-04	4.44e-03	1.08e-01	4.09e-01	4.00e-01	7.64e-02	1.20e-03	5.51e-05	6.75e-07	0.00e+00	0.00e+00	0.00e+00	0.00e+00
 2.28487e+23	1.53e-10	2.32e-05	9.88e-04	5.21e-03	1.19e-01	4.19e-01	3.85e-01	6.94e-02	1.03e-03	4.67e-05	5.46e-07	0.00e+00	0.00e+00	0.00e+00	0.00e+00
 2.30435e+23	1.90e-10	2.81e-05	1.18e-03	6.11e-03	1.30e-01	4.29e-01	3.70e-01	6.30e-02	8.86e-04	3.96e-05	4.40e-07	0.00e+00	0.00e+00	0.00e+00	0.00e+00
 2.32675e+23	2.51e-10	3.58e-05	1.47e-03	7.46e-03	1.45e-01	4.39e-01	3.51e-01	5.53e-02	7.25e-04	3.19e-05	3.34e-07	0.00e+00	0.00e+00	0.00e+00	0.00e+00
 2.34944e+23	3.14e-10	4.35e-05	1.75e-03	8.73e-03	1.58e-01	4.47e-01	3.35e-01	4.97e-02	6.17e-04	2.67e-05	2.67e-07	0.00e+00	0.00e+00	0.00e+00	0.00e+00
 2.37249e+23	4.14e-10	5.58e-05	2.19e-03	1.06e-02	1.75e-01	4.55e-01	3.13e-01	4.32e-02	4.99e-04	2.13e-05	1.99e-07	0.00e+00	0.00e+00	0.00e+00	0.00e+00
 2.39586e+23	5.17e-10	6.80e-05	2.61e-03	1.24e-02	1.90e-01	4.59e-01	2.97e-01	3.84e-02	4.19e-04	1.77e-05	1.57e-07	0.00e+00	0.00e+00	0.00e+00	0.00e+00
 2.41963e+23	6.83e-10	8.74e-05	3.27e-03	1.52e-02	2.10e-01	4.63e-01	2.75e-01	3.29e-02	3.34e-04	1.38e-05	1.16e-07	0.00e+00	0.00e+00	0.00e+00	0.00e+00
 2.44293e+23	8.40e-10	1.05e-04	3.85e-03	1.75e-02	2.26e-01	4.64e-01	2.59e-01	2.92e-02	2.82e-04	1.15e-05	0.00e+00	0.00e+00	0.00e+00	0.00e+00	0.00e+00
 2.46563e+23	1.09e-09	1.33e-04	4.73e-03	2.10e-02	2.47e-01	4.64e-01	2.38e-01	2.50e-02	2.25e-04	9.04e-06	0.00e+00	0.00e+00	0.00e+00	0.00e+00	0.00e+00
 2.48759e+23	1.32e-09	1.58e-04	5.49e-03	2.38e-02	2.62e-01	4.62e-01	2.24e-01	2.23e-02	1.92e-04	7.61e-06	0.00e+00	0.00e+00	0.00e+00	0.00e+00	0.00e+00
 2.50858e+23	1.67e-09	1.97e-04	6.60e-03	2.80e-02	2.82e-01	4.58e-01	2.05e-01	1.91e-02	1.55e-04	6.03e-06	0.00e+00	0.00e+00	0.00e+00	0.00e+00	0.00e+00
 2.52949e+23	2.01e-09	2.32e-04	7.61e-03	3.16e-02	2.98e-01	4.54e-01	1.92e-01	1.69e-02	1.31e-04	5.05e-06	0.00e+00	0.00e+00	0.00e+00	0.00e+00	0.00e+00
 2.55030e+23	2.54e-09	2.86e-04	9.07e-03	3.66e-02	3.18e-01	4.47e-01	1.75e-01	1.45e-02	1.06e-04	4.02e-06	0.00e+00	0.00e+00	0.00e+00	0.00e+00	0.00e+00
 2.57190e+23	3.09e-09	3.43e-04	1.06e-02	4.17e-02	3.35e-01	4.38e-01	1.61e-01	1.25e-02	8.73e-05	3.26e-06	0.00e+00	0.00e+00	0.00e+00	0.00e+00	0.00e+00
 2.59131e+23	3.76e-09	4.07e-04	1.22e-02	4.68e-02	3.51e-01	4.30e-01	1.49e-01	1.09e-02	7.30e-05	2.68e-06	0.00e+00	0.00e+00	0.00e+00	0.00e+00	0.00e+00
 2.61331e+23	4.81e-09	5.07e-04	1.46e-02	5.43e-02	3.72e-01	4.17e-01	1.33e-01	9.12e-03	5.75e-05	2.07e-06	0.00e+00	0.00e+00	0.00e+00	0.00e+00	0.00e+00
 2.63562e+23	5.86e-09	6.05e-04	1.68e-02	6.10e-02	3.88e-01	4.05e-01	1.21e-01	7.85e-03	4.73e-05	1.67e-06	0.00e+00	0.00e+00	0.00e+00	0.00e+00	0.00e+00
 2.65832e+23	7.53e-09	7.55e-04	2.01e-02	7.04e-02	4.07e-01	3.88e-01	1.07e-01	6.45e-03	3.67e-05	1.27e-06	0.00e+00	0.00e+00	0.00e+00	0.00e+00	0.00e+00
 2.68138e+23	9.24e-09	9.04e-04	2.31e-02	7.88e-02	4.23e-01	3.73e-01	9.60e-02	5.46e-03	2.97e-05	1.01e-06	0.00e+00	0.00e+00	0.00e+00	0.00e+00	0.00e+00
 2.69991e+23	1.09e-08	1.05e-03	2.59e-02	8.63e-02	4.34e-01	3.60e-01	8.76e-02	4.75e-03	2.49e-05	8.35e-07	0.00e+00	0.00e+00	0.00e+00	0.00e+00	0.00e+00
 2.71900e+23	1.34e-08	1.25e-03	2.98e-02	9.60e-02	4.47e-01	3.44e-01	7.81e-02	3.99e-03	2.00e-05	6.59e-07	0.00e+00	0.00e+00	0.00e+00	0.00e+00	0.00e+00
 2.73853e+23	1.60e-08	1.45e-03	3.35e-02	1.05e-01	4.57e-01	3.29e-01	7.06e-02	3.43e-03	1.66e-05	5.36e-07	0.00e+00	0.00e+00	0.00e+00	0.00e+00	0.00e+00
 2.75593e+23	1.89e-08	1.68e-03	3.73e-02	1.14e-01	4.66e-01	3.15e-01	6.37e-02	2.95e-03	1.38e-05	4.38e-07	0.00e+00	0.00e+00	0.00e+00	0.00e+00	0.00e+00
 2.77582e+23	2.33e-08	2.01e-03	4.28e-02	1.26e-01	4.75e-01	2.96e-01	5.58e-02	2.44e-03	1.09e-05	3.39e-07	0.00e+00	0.00e+00	0.00e+00	0.00e+00	0.00e+00
 2.79595e+23	2.78e-08	2.34e-03	4.78e-02	1.37e-01	4.81e-01	2.81e-01	4.97e-02	2.06e-03	8.91e-06	2.71e-07	0.00e+00	0.00e+00	0.00e+00	0.00e+00	0.00e+00
 2.81358e+23	3.29e-08	2.70e-03	5.31e-02	1.47e-01	4.86e-01	2.65e-01	4.44e-02	1.75e-03	7.31e-06	2.19e-07	0.00e+00	0.00e+00	0.00e+00	0.00e+00	0.00e+00
 2.83368e+23	4.06e-08	3.22e-03	6.04e-02	1.61e-01	4.89e-01	2.46e-01	3.83e-02	1.42e-03	5.71e-06	1.66e-07	0.00e+00	0.00e+00	0.00e+00	0.00e+00	0.00e+00
 2.85410e+23	4.84e-08	3.73e-03	6.71e-02	1.73e-01	4.91e-01	2.30e-01	3.37e-02	1.19e-03	4.61e-06	1.32e-07	0.00e+00	0.00e+00	0.00e+00	0.00e+00	0.00e+00
 2.87207e+23	5.73e-08	4.30e-03	7.41e-02	1.85e-01	4.91e-01	2.15e-01	2.96e-02	9.99e-04	3.74e-06	0.00e+00	0.00e+00	0.00e+00	0.00e+00	0.00e+00	0.00e+00
 2.89257e+23	7.08e-08	5.11e-03	8.36e-02	2.00e-01	4.88e-01	1.97e-01	2.51e-02	7.97e-04	2.87e-06	0.00e+00	0.00e+00	0.00e+00	0.00e+00	0.00e+00	0.00e+00
 2.91344e+23	8.43e-08	5.90e-03	9.23e-02	2.13e-01	4.85e-01	1.82e-01	2.18e-02	6.56e-04	2.29e-06	0.00e+00	0.00e+00	0.00e+00	0.00e+00	0.00e+00	0.00e+00
 2.93190e+23	9.99e-08	6.78e-03	1.01e-01	2.25e-01	4.80e-01	1.68e-01	1.88e-02	5.41e-04	1.83e-06	0.00e+00	0.00e+00	0.00e+00	0.00e+00	0.00e+00	0.00e+00
 2.95300e+23	1.23e-07	8.03e-03	1.13e-01	2.41e-01	4.71e-01	1.50e-01	1.57e-02	4.23e-04	1.38e-06	0.00e+00	0.00e+00	0.00e+00	0.00e+00	0.00e+00	0.00e+00
 2.97450e+23	1.47e-07	9.26e-03	1.24e-01	2.54e-01	4.62e-01	1.37e-01	1.33e-02	3.42e-04	1.08e-06	0.00e+00	0.00e+00	0.00e+00	0.00e+00	0.00e+00	0.00e+00
 2.99356e+23	1.74e-07	1.06e-02	1.35e-01	2.66e-01	4.52e-01	1.24e-01	1.13e-02	2.77e-04	8.46e-07	0.00e+00	0.00e+00	0.00e+00	0.00e+00	0.00e+00	0.00e+00
 3.01539e+23	2.15e-07	1.25e-02	1.51e-01	2.81e-01	4.37e-01	1.10e-01	9.21e-03	2.12e-04	6.23e-07	0.00e+00	0.00e+00	0.00e+00	0.00e+00	0.00e+00	0.00e+00
 3.03768e+23	2.57e-07	1.44e-02	1.64e-01	2.93e-01	4.23e-01	9.79e-02	7.68e-03	1.68e-04	4.77e-07	0.00e+00	0.00e+00	0.00e+00	0.00e+00	0.00e+00	0.00e+00
 3.05742e+23	3.05e-07	1.65e-02	1.77e-01	3.04e-01	4.08e-01	8.75e-02	6.42e-03	1.33e-04	3.68e-07	0.00e+00	0.00e+00	0.00e+00	0.00e+00	0.00e+00	0.00e+00
 3.07645e+23	3.58e-07	1.87e-02	1.91e-01	3.13e-01	3.94e-01	7.84e-02	5.40e-03	1.07e-04	2.88e-07	0.00e+00	0.00e+00	0.00e+00	0.00e+00	0.00e+00	0.00e+00
