#depth	O	O+	O+2	O+3	O+4	O+5	O+6	O+7	O+8	O[1]	O[2]	O[3]
 1.54284e+22	1.30e-25	9.97e-20	2.78e-15	7.02e-12	4.54e-09	1.25e-06	1.41e-03	7.65e-02	9.22e-01	0.00e+00	0.00e+00	0.00e+00
 3.53936e+22	5.25e-24	2.47e-18	4.26e-14	6.66e-11	2.56e-08	4.16e-06	3.05e-03	1.10e-01	8.87e-01	0.00e+00	0.00e+00	0.00e+00
 4.21988e+22	4.99e-23	1.75e-17	2.24e-13	2.60e-10	7.21e-08	8.45e-06	4.73e-03	1.35e-01	8.60e-01	0.00e+00	0.00e+00	0.00e+00
 4.56014e+22	1.73e-22	5.13e-17	5.58e-13	5.50e-10	1.27e-07	1.24e-05	6.00e-03	1.50e-01	8.44e-01	0.00e+00	0.00e+00	0.00e+00
 4.70192e+22	2.39e-22	6.79e-17	7.08e-13	6.69e-10	1.48e-07	1.37e-05	6.39e-03	1.54e-01	8.39e-01	0.00e+00	0.00e+00	0.00e+00
 4.75385e+22	3.13e-22	8.58e-17	8.64e-13	7.87e-10	1.67e-07	1.50e-05	6.73e-03	1.58e-01	8.35e-01	0.00e+00	0.00e+00	0.00e+00
 4.80808e+22	4.39e-22	1.15e-16	1.11e-12	9.65e-10	1.95e-07	1.66e-05	7.17e-03	1.63e-01	8.30e-01	0.00e+00	0.00e+00	0.00e+00
 4.86392e+22	5.83e-22	1.47e-16	1.37e-12	1.14e-09	2.22e-07	1.81e-05	7.58e-03	1.67e-01	8.26e-01	0.00e+00	0.00e+00	0.00e+00
 4.92160e+22	8.42e-22	2.02e-16	1.79e-12	1.43e-09	2.62e-07	2.03e-05	8.13e-03	1.72e-01	8.20e-01	0.00e+00	0.00e+00	0.00e+00
 4.97905e+22	1.11e-21	2.57e-16	2.19e-12	1.69e-09	2.98e-07	2.22e-05	8.57e-03	1.76e-01	8.15e-01	0.00e+00	0.00e+00	0.00e+00
 5.02822e+22	1.45e-21	3.25e-16	2.67e-12	1.99e-09	3.37e-07	2.41e-05	9.03e-03	1.80e-01	8.11e-01	0.00e+00	0.00e+00	0.00e+00
 5.08391e+22	2.05e-21	4.39e-16	3.45e-12	2.45e-09	3.95e-07	2.69e-05	9.65e-03	1.85e-01	8.05e-01	0.00e+00	0.00e+00	0.00e+00
 5.13982e+22	2.68e-21	5.53e-16	4.20e-12	2.88e-09	4.47e-07	2.93e-05	1.02e-02	1.90e-01	8.00e-01	0.00e+00	0.00e+00	0.00e+00
 5.19601e+22	3.80e-21	7.48e-16	5.42e-12	3.55e-09	5.25e-07	3.27e-05	1.09e-02	1.95e-01	7.94e-01	0.00e+00	0.00e+00	0.00e+00
 5.25273e+22	4.90e-21	9.33e-16	6.54e-12	4.14e-09	5.91e-07	3.54e-05	1.14e-02	1.99e-01	7.89e-01	0.00e+00	0.00e+00	0.00e+00
 5.31015e+22	6.88e-21	1.25e-15	8.40e-12	5.08e-09	6.92e-07	3.95e-05	1.22e-02	2.05e-01	7.82e-01	0.00e+00	0.00e+00	0.00e+00
 5.36905e+22	8.98e-21	1.58e-15	1.02e-11	5.98e-09	7.83e-07	4.30e-05	1.29e-02	2.10e-01	7.77e-01	0.00e+00	0.00e+00	0.00e+00
 5.42988e+22	1.27e-20	2.13e-15	1.32e-11	7.37e-09	9.20e-07	4.81e-05	1.38e-02	2.16e-01	7.70e-01	0.00e+00	0.00e+00	0.00e+00
 5.49206e+22	1.65e-20	2.67e-15	1.60e-11	8.66e-09	1.04e-06	5.24e-05	1.46e-02	2.21e-01	7.64e-01	0.00e+00	0.00e+00	0.00e+00
 5.55601e+22	2.33e-20	3.60e-15	2.06e-11	1.07e-08	1.22e-06	5.86e-05	1.56e-02	2.28e-01	7.57e-01	0.00e+00	0.00e+00	0.00e+00
 5.62116e+22	3.04e-20	4.53e-15	2.51e-11	1.25e-08	1.39e-06	6.39e-05	1.65e-02	2.33e-01	7.51e-01	0.00e+00	0.00e+00	0.00e+00
 5.68787e+22	4.26e-20	6.08e-15	3.22e-11	1.54e-08	1.63e-06	7.15e-05	1.76e-02	2.40e-01	7.43e-01	0.00e+00	0.00e+00	0.00e+00
 5.75503e+22	5.51e-20	7.59e-15	3.89e-11	1.81e-08	1.84e-06	7.79e-05	1.86e-02	2.45e-01	7.37e-01	0.00e+00	0.00e+00	0.00e+00
 5.82279e+22	7.67e-20	1.01e-14	4.97e-11	2.21e-08	2.16e-06	8.70e-05	1.99e-02	2.52e-01	7.28e-01	0.00e+00	0.00e+00	0.00e+00
 5.88839e+22	9.55e-20	1.22e-14	5.85e-11	2.53e-08	2.40e-06	9.36e-05	2.08e-02	2.56e-01	7.23e-01	0.00e+00	0.00e+00	0.00e+00
 5.95118e+22	1.28e-19	1.58e-14	7.27e-11	3.03e-08	2.76e-06	1.03e-04	2.21e-02	2.63e-01	7.15e-01	0.00e+00	0.00e+00	0.00e+00
 6.01560e+22	1.60e-19	1.92e-14	8.59e-11	3.48e-08	3.08e-06	1.12e-04	2.32e-02	2.68e-01	7.09e-01	0.00e+00	0.00e+00	0.00e+00
 6.08214e+22	2.17e-19	2.49e-14	1.07e-10	4.20e-08	3.56e-06	1.24e-04	2.47e-02	2.75e-01	7.01e-01	0.00e+00	0.00e+00	0.00e+00
 6.14954e+22	2.70e-19	3.01e-14	1.26e-10	4.80e-08	3.96e-06	1.33e-04	2.58e-02	2.80e-01	6.94e-01	0.00e+00	0.00e+00	0.00e+00
 6.21805e+22	3.60e-19	3.87e-14	1.56e-10	5.74e-08	4.56e-06	1.47e-04	2.74e-02	2.86e-01	6.86e-01	0.00e+00	0.00e+00	0.00e+00
 6.28604e+22	4.46e-19	4.66e-14	1.83e-10	6.56e-08	5.07e-06	1.58e-04	2.87e-02	2.92e-01	6.80e-01	0.00e+00	0.00e+00	0.00e+00
 6.35335e+22	5.90e-19	5.95e-14	2.26e-10	7.81e-08	5.81e-06	1.74e-04	3.04e-02	2.98e-01	6.71e-01	0.00e+00	0.00e+00	0.00e+00
 6.42134e+22	7.23e-19	7.10e-14	2.63e-10	8.85e-08	6.42e-06	1.87e-04	3.18e-02	3.03e-01	6.65e-01	0.00e+00	0.00e+00	0.00e+00
 6.49022e+22	9.52e-19	9.01e-14	3.22e-10	1.05e-07	7.35e-06	2.06e-04	3.37e-02	3.10e-01	6.56e-01	0.00e+00	0.00e+00	0.00e+00
 6.56043e+22	1.17e-18	1.08e-13	3.76e-10	1.19e-07	8.14e-06	2.21e-04	3.52e-02	3.15e-01	6.49e-01	0.00e+00	0.00e+00	0.00e+00
 6.63238e+22	1.54e-18	1.37e-13	4.61e-10	1.42e-07	9.33e-06	2.43e-04	3.73e-02	3.22e-01	6.40e-01	0.00e+00	0.00e+00	0.00e+00
 6.70566e+22	1.89e-18	1.64e-13	5.39e-10	1.61e-07	1.03e-05	2.62e-04	3.90e-02	3.27e-01	6.33e-01	0.00e+00	0.00e+00	0.00e+00
 6.78067e+22	2.50e-18	2.08e-13	6.62e-10	1.92e-07	1.19e-05	2.89e-04	4.13e-02	3.35e-01	6.24e-01	0.00e+00	0.00e+00	0.00e+00
 6.85711e+22	3.08e-18	2.50e-13	7.73e-10	2.19e-07	1.32e-05	3.11e-04	4.32e-02	3.40e-01	6.17e-01	0.00e+00	0.00e+00	0.00e+00
 6.93540e+22	4.05e-18	3.18e-13	9.50e-10	2.60e-07	1.51e-05	3.43e-04	4.58e-02	3.47e-01	6.07e-01	0.00e+00	0.00e+00	0.00e+00
 7.01193e+22	4.87e-18	3.73e-13	1.09e-09	2.92e-07	1.66e-05	3.65e-04	4.76e-02	3.52e-01	6.00e-01	0.00e+00	0.00e+00	0.00e+00
 7.08617e+22	6.32e-18	4.68e-13	1.32e-09	3.44e-07	1.89e-05	4.01e-04	5.03e-02	3.59e-01	5.90e-01	0.00e+00	0.00e+00	0.00e+00
 7.16161e+22	7.60e-18	5.49e-13	1.52e-09	3.86e-07	2.07e-05	4.28e-04	5.23e-02	3.64e-01	5.84e-01	0.00e+00	0.00e+00	0.00e+00
 7.23862e+22	9.78e-18	6.84e-13	1.84e-09	4.52e-07	2.35e-05	4.68e-04	5.52e-02	3.70e-01	5.74e-01	0.00e+00	0.00e+00	0.00e+00
 7.31804e+22	1.20e-17	8.16e-13	2.14e-09	5.14e-07	2.60e-05	5.03e-04	5.76e-02	3.76e-01	5.66e-01	0.00e+00	0.00e+00	0.00e+00
 7.40062e+22	1.54e-17	1.02e-12	2.58e-09	6.02e-07	2.95e-05	5.51e-04	6.08e-02	3.82e-01	5.56e-01	0.00e+00	0.00e+00	0.00e+00
 7.48594e+22	1.91e-17	1.22e-12	3.03e-09	6.89e-07	3.29e-05	5.94e-04	6.36e-02	3.88e-01	5.48e-01	0.00e+00	0.00e+00	0.00e+00
 7.57484e+22	2.48e-17	1.54e-12	3.68e-09	8.12e-07	3.75e-05	6.52e-04	6.71e-02	3.95e-01	5.37e-01	2.48e-17	6.16e-28	6.55e-28
 7.66622e+22	3.09e-17	1.86e-12	4.34e-09	9.33e-07	4.19e-05	7.05e-04	7.03e-02	4.01e-01	5.28e-01	3.09e-17	5.72e-26	7.21e-26
 7.76083e+22	4.05e-17	2.36e-12	5.31e-09	1.10e-06	4.80e-05	7.76e-04	7.44e-02	4.08e-01	5.17e-01	4.05e-17	7.49e-26	9.44e-26
 7.85864e+22	5.09e-17	2.88e-12	6.31e-09	1.28e-06	5.38e-05	8.42e-04	7.80e-02	4.13e-01	5.08e-01	5.09e-17	9.42e-26	1.19e-25
 7.96062e+22	6.74e-17	3.68e-12	7.79e-09	1.52e-06	6.20e-05	9.30e-04	8.26e-02	4.21e-01	4.96e-01	6.74e-17	1.25e-25	1.57e-25
 8.06513e+22	8.54e-17	4.52e-12	9.30e-09	1.77e-06	6.97e-05	1.01e-03	8.67e-02	4.26e-01	4.86e-01	8.54e-17	1.58e-25	1.99e-25
 8.15859e+22	1.06e-16	5.47e-12	1.10e-08	2.03e-06	7.78e-05	1.09e-03	9.07e-02	4.32e-01	4.76e-01	1.06e-16	1.97e-25	2.48e-25
 8.26572e+22	1.44e-16	7.11e-12	1.37e-08	2.45e-06	9.05e-05	1.22e-03	9.64e-02	4.39e-01	4.63e-01	1.44e-16	2.66e-25	3.34e-25
 8.37382e+22	1.79e-16	8.62e-12	1.62e-08	2.81e-06	1.01e-04	1.31e-03	1.01e-01	4.44e-01	4.54e-01	1.79e-16	3.31e-25	4.17e-25
 8.48319e+22	2.41e-16	1.11e-11	2.02e-08	3.39e-06	1.17e-04	1.46e-03	1.07e-01	4.51e-01	4.41e-01	2.41e-16	4.45e-25	5.60e-25
 8.59470e+22	3.05e-16	1.37e-11	2.41e-08	3.93e-06	1.32e-04	1.58e-03	1.12e-01	4.56e-01	4.30e-01	3.05e-16	5.63e-25	7.09e-25
 8.70900e+22	4.12e-16	1.78e-11	3.02e-08	4.75e-06	1.54e-04	1.76e-03	1.19e-01	4.62e-01	4.17e-01	4.12e-16	7.61e-25	9.58e-25
 8.82528e+22	5.26e-16	2.20e-11	3.63e-08	5.54e-06	1.74e-04	1.92e-03	1.25e-01	4.67e-01	4.06e-01	5.26e-16	9.71e-25	1.22e-24
 8.94415e+22	7.21e-16	2.90e-11	4.60e-08	6.76e-06	2.04e-04	2.15e-03	1.33e-01	4.73e-01	3.92e-01	7.21e-16	1.33e-24	1.68e-24
 9.05654e+22	8.87e-16	3.48e-11	5.37e-08	7.71e-06	2.26e-04	2.31e-03	1.38e-01	4.77e-01	3.83e-01	8.87e-16	1.64e-24	2.06e-24
 9.16052e+22	1.17e-15	4.42e-11	6.62e-08	9.19e-06	2.61e-04	2.55e-03	1.46e-01	4.81e-01	3.70e-01	1.17e-15	2.16e-24	2.72e-24
 9.26531e+22	1.44e-15	5.30e-11	7.73e-08	1.05e-05	2.89e-04	2.74e-03	1.52e-01	4.85e-01	3.60e-01	1.44e-15	2.66e-24	3.34e-24
 9.37118e+22	1.91e-15	6.77e-11	9.55e-08	1.25e-05	3.34e-04	3.04e-03	1.60e-01	4.89e-01	3.47e-01	1.91e-15	3.52e-24	4.43e-24
 9.47805e+22	2.36e-15	8.16e-11	1.12e-07	1.44e-05	3.73e-04	3.28e-03	1.67e-01	4.92e-01	3.38e-01	2.36e-15	4.36e-24	5.48e-24
 9.58621e+22	3.13e-15	1.04e-10	1.39e-07	1.72e-05	4.32e-04	3.63e-03	1.76e-01	4.95e-01	3.24e-01	3.13e-15	5.78e-24	7.27e-24
 9.69598e+22	3.90e-15	1.26e-10	1.64e-07	1.98e-05	4.84e-04	3.93e-03	1.84e-01	4.98e-01	3.14e-01	3.90e-15	7.19e-24	9.04e-24
 9.80782e+22	5.20e-15	1.62e-10	2.04e-07	2.39e-05	5.64e-04	4.37e-03	1.94e-01	5.00e-01	3.01e-01	5.20e-15	9.59e-24	1.21e-23
 9.92124e+22	6.49e-15	1.97e-10	2.41e-07	2.75e-05	6.34e-04	4.74e-03	2.03e-01	5.02e-01	2.90e-01	6.49e-15	1.20e-23	1.50e-23
 1.00367e+23	8.66e-15	2.54e-10	3.01e-07	3.33e-05	7.40e-04	5.28e-03	2.14e-01	5.03e-01	2.76e-01	8.66e-15	1.60e-23	2.01e-23
 1.01547e+23	1.09e-14	3.10e-10	3.59e-07	3.88e-05	8.39e-04	5.77e-03	2.24e-01	5.04e-01	2.65e-01	1.09e-14	2.01e-23	2.53e-23
 1.02760e+23	1.47e-14	4.02e-10	4.50e-07	4.72e-05	9.87e-04	6.46e-03	2.37e-01	5.04e-01	2.51e-01	1.47e-14	2.71e-23	3.40e-23
 1.03992e+23	1.85e-14	4.92e-10	5.38e-07	5.51e-05	1.12e-03	7.07e-03	2.48e-01	5.04e-01	2.40e-01	1.85e-14	3.41e-23	4.28e-23
 1.05208e+23	2.44e-14	6.27e-10	6.67e-07	6.65e-05	1.31e-03	7.90e-03	2.61e-01	5.03e-01	2.27e-01	2.44e-14	4.50e-23	5.65e-23
 1.06369e+23	2.97e-14	7.47e-10	7.79e-07	7.62e-05	1.47e-03	8.55e-03	2.71e-01	5.01e-01	2.17e-01	2.97e-14	5.49e-23	6.89e-23
 1.07497e+23	3.83e-14	9.32e-10	9.50e-07	9.08e-05	1.71e-03	9.50e-03	2.85e-01	4.99e-01	2.05e-01	3.83e-14	7.06e-23	8.87e-23
 1.08647e+23	4.66e-14	1.11e-09	1.11e-06	1.04e-04	1.92e-03	1.03e-02	2.96e-01	4.96e-01	1.95e-01	4.66e-14	8.60e-23	1.08e-22
 1.09769e+23	5.85e-14	1.36e-09	1.33e-06	1.23e-04	2.21e-03	1.14e-02	3.10e-01	4.92e-01	1.84e-01	5.85e-14	1.08e-22	1.36e-22
 1.10915e+23	7.10e-14	1.61e-09	1.56e-06	1.41e-04	2.49e-03	1.24e-02	3.22e-01	4.88e-01	1.74e-01	7.10e-14	1.31e-22	1.64e-22
 1.12032e+23	8.68e-14	1.93e-09	1.84e-06	1.64e-04	2.84e-03	1.36e-02	3.36e-01	4.84e-01	1.64e-01	8.68e-14	1.60e-22	2.01e-22
 1.13172e+23	1.05e-13	2.27e-09	2.14e-06	1.89e-04	3.20e-03	1.49e-02	3.49e-01	4.78e-01	1.55e-01	1.05e-13	1.93e-22	2.42e-22
 1.14304e+23	1.26e-13	2.68e-09	2.50e-06	2.18e-04	3.62e-03	1.62e-02	3.62e-01	4.72e-01	1.45e-01	1.26e-13	2.32e-22	2.91e-22
 1.15440e+23	1.49e-13	3.13e-09	2.89e-06	2.50e-04	4.08e-03	1.77e-02	3.75e-01	4.66e-01	1.37e-01	1.49e-13	2.75e-22	3.45e-22
 1.16564e+23	1.75e-13	3.63e-09	3.33e-06	2.85e-04	4.58e-03	1.93e-02	3.88e-01	4.59e-01	1.28e-01	1.75e-13	3.24e-22	4.07e-22
 1.17687e+23	2.05e-13	4.18e-09	3.82e-06	3.25e-04	5.13e-03	2.09e-02	4.01e-01	4.52e-01	1.20e-01	2.05e-13	3.79e-22	4.75e-22
 1.18812e+23	2.37e-13	4.78e-09	4.36e-06	3.68e-04	5.74e-03	2.27e-02	4.14e-01	4.44e-01	1.13e-01	2.37e-13	4.39e-22	5.50e-22
 1.19942e+23	2.73e-13	5.45e-09	4.96e-06	4.17e-04	6.40e-03	2.46e-02	4.27e-01	4.36e-01	1.05e-01	2.73e-13	5.05e-22	6.34e-22
 1.21079e+23	3.13e-13	6.18e-09	5.62e-06	4.71e-04	7.13e-03	2.67e-02	4.40e-01	4.27e-01	9.83e-02	3.13e-13	5.78e-22	7.25e-22
 1.22228e+23	3.55e-13	6.97e-09	6.35e-06	5.30e-04	7.92e-03	2.88e-02	4.53e-01	4.18e-01	9.16e-02	3.55e-13	6.58e-22	8.25e-22
 1.23391e+23	4.02e-13	7.84e-09	7.16e-06	5.97e-04	8.79e-03	3.12e-02	4.65e-01	4.09e-01	8.52e-02	4.02e-13	7.45e-22	9.33e-22
 1.24560e+23	4.52e-13	8.77e-09	8.04e-06	6.70e-04	9.73e-03	3.36e-02	4.77e-01	3.99e-01	7.93e-02	4.52e-13	8.37e-22	1.05e-21
 1.25749e+23	5.06e-13	9.80e-09	9.03e-06	7.52e-04	1.08e-02	3.63e-02	4.90e-01	3.89e-01	7.35e-02	5.06e-13	9.39e-22	1.18e-21
 1.26952e+23	5.64e-13	1.09e-08	1.01e-05	8.41e-04	1.19e-02	3.91e-02	5.01e-01	3.79e-01	6.81e-02	5.64e-13	1.05e-21	1.31e-21
 1.28180e+23	6.27e-13	1.21e-08	1.13e-05	9.44e-04	1.31e-02	4.22e-02	5.13e-01	3.68e-01	6.28e-02	6.27e-13	1.16e-21	1.46e-21
 1.29322e+23	6.82e-13	1.32e-08	1.24e-05	1.04e-03	1.42e-02	4.48e-02	5.22e-01	3.59e-01	5.88e-02	6.82e-13	1.27e-21	1.59e-21
 1.30500e+23	7.54e-13	1.46e-08	1.39e-05	1.16e-03	1.57e-02	4.84e-02	5.33e-01	3.48e-01	5.39e-02	7.54e-13	1.40e-21	1.75e-21
 1.31699e+23	8.18e-13	1.59e-08	1.52e-05	1.27e-03	1.70e-02	5.14e-02	5.42e-01	3.38e-01	5.03e-02	8.18e-13	1.52e-21	1.90e-21
 1.32927e+23	8.98e-13	1.75e-08	1.70e-05	1.43e-03	1.87e-02	5.55e-02	5.52e-01	3.26e-01	4.59e-02	8.98e-13	1.67e-21	2.09e-21
 1.34160e+23	9.74e-13	1.90e-08	1.86e-05	1.57e-03	2.01e-02	5.86e-02	5.60e-01	3.17e-01	4.28e-02	9.74e-13	1.81e-21	2.27e-21
 1.35399e+23	1.07e-12	2.10e-08	2.08e-05	1.76e-03	2.21e-02	6.31e-02	5.69e-01	3.05e-01	3.90e-02	1.07e-12	1.99e-21	2.48e-21
 1.36647e+23	1.15e-12	2.27e-08	2.27e-05	1.92e-03	2.38e-02	6.66e-02	5.76e-01	2.96e-01	3.62e-02	1.15e-12	2.14e-21	2.68e-21
 1.37905e+23	1.25e-12	2.50e-08	2.53e-05	2.15e-03	2.60e-02	7.14e-02	5.84e-01	2.84e-01	3.29e-02	1.25e-12	2.34e-21	2.92e-21
 1.39174e+23	1.35e-12	2.71e-08	2.76e-05	2.34e-03	2.78e-02	7.53e-02	5.90e-01	2.74e-01	3.05e-02	1.35e-12	2.52e-21	3.15e-21
 1.40458e+23	1.47e-12	2.98e-08	3.08e-05	2.62e-03	3.04e-02	8.05e-02	5.96e-01	2.63e-01	2.77e-02	1.47e-12	2.75e-21	3.43e-21
 1.41759e+23	1.58e-12	3.23e-08	3.36e-05	2.86e-03	3.25e-02	8.47e-02	6.01e-01	2.53e-01	2.56e-02	1.58e-12	2.96e-21	3.70e-21
 1.43082e+23	1.73e-12	3.57e-08	3.76e-05	3.20e-03	3.54e-02	9.05e-02	6.06e-01	2.42e-01	2.31e-02	1.73e-12	3.24e-21	4.04e-21
 1.44427e+23	1.86e-12	3.88e-08	4.13e-05	3.50e-03	3.78e-02	9.51e-02	6.10e-01	2.33e-01	2.13e-02	1.86e-12	3.50e-21	4.37e-21
 1.45802e+23	2.04e-12	4.31e-08	4.63e-05	3.92e-03	4.11e-02	1.01e-01	6.13e-01	2.21e-01	1.91e-02	2.04e-12	3.84e-21	4.79e-21
 1.47207e+23	2.22e-12	4.72e-08	5.10e-05	4.30e-03	4.39e-02	1.07e-01	6.16e-01	2.12e-01	1.75e-02	2.22e-12	4.17e-21	5.20e-21
 1.48652e+23	2.44e-12	5.27e-08	5.77e-05	4.84e-03	4.77e-02	1.14e-01	6.18e-01	2.00e-01	1.56e-02	2.44e-12	4.61e-21	5.74e-21
 1.50130e+23	2.67e-12	5.82e-08	6.39e-05	5.32e-03	5.10e-02	1.19e-01	6.19e-01	1.91e-01	1.42e-02	2.67e-12	5.05e-21	6.29e-21
 1.51373e+23	2.89e-12	6.34e-08	6.99e-05	5.78e-03	5.40e-02	1.24e-01	6.19e-01	1.84e-01	1.31e-02	2.89e-12	5.46e-21	6.80e-21
 1.52709e+23	3.17e-12	7.06e-08	7.84e-05	6.43e-03	5.80e-02	1.31e-01	6.19e-01	1.74e-01	1.18e-02	3.17e-12	6.01e-21	7.49e-21
 1.54069e+23	3.45e-12	7.74e-08	8.61e-05	7.00e-03	6.14e-02	1.37e-01	6.18e-01	1.67e-01	1.08e-02	3.45e-12	6.54e-21	8.15e-21
 1.55245e+23	3.73e-12	8.44e-08	9.41e-05	7.57e-03	6.47e-02	1.42e-01	6.16e-01	1.60e-01	9.94e-03	3.73e-12	7.09e-21	8.82e-21
 1.56561e+23	4.10e-12	9.42e-08	1.05e-04	8.38e-03	6.91e-02	1.49e-01	6.14e-01	1.51e-01	8.92e-03	4.10e-12	7.81e-21	9.72e-21
 1.57875e+23	4.50e-12	1.04e-07	1.16e-04	9.07e-03	7.27e-02	1.54e-01	6.11e-01	1.45e-01	8.23e-03	4.50e-12	8.58e-21	1.07e-20
 1.59188e+23	4.97e-12	1.16e-07	1.30e-04	1.00e-02	7.75e-02	1.61e-01	6.07e-01	1.36e-01	7.37e-03	4.97e-12	9.50e-21	1.18e-20
 1.60520e+23	5.47e-12	1.28e-07	1.43e-04	1.09e-02	8.15e-02	1.67e-01	6.04e-01	1.30e-01	6.77e-03	5.47e-12	1.05e-20	1.30e-20
 1.61876e+23	6.12e-12	1.45e-07	1.61e-04	1.20e-02	8.68e-02	1.74e-01	5.98e-01	1.22e-01	6.04e-03	6.12e-12	1.18e-20	1.46e-20
 1.63256e+23	6.82e-12	1.62e-07	1.78e-04	1.30e-02	9.13e-02	1.80e-01	5.93e-01	1.17e-01	5.53e-03	6.82e-12	1.31e-20	1.63e-20
 1.64668e+23	7.67e-12	1.85e-07	2.02e-04	1.45e-02	9.72e-02	1.88e-01	5.86e-01	1.09e-01	4.90e-03	7.67e-12	1.48e-20	1.84e-20
 1.66102e+23	8.64e-12	2.08e-07	2.25e-04	1.57e-02	1.02e-01	1.94e-01	5.80e-01	1.04e-01	4.46e-03	8.64e-12	1.67e-20	2.08e-20
 1.67565e+23	9.82e-12	2.39e-07	2.56e-04	1.75e-02	1.09e-01	2.02e-01	5.71e-01	9.64e-02	3.93e-03	9.82e-12	1.91e-20	2.37e-20
 1.69061e+23	1.12e-11	2.71e-07	2.87e-04	1.90e-02	1.14e-01	2.08e-01	5.64e-01	9.11e-02	3.56e-03	1.12e-11	2.17e-20	2.70e-20
 1.70599e+23	1.29e-11	3.17e-07	3.30e-04	2.12e-02	1.22e-01	2.16e-01	5.53e-01	8.43e-02	3.11e-03	1.29e-11	2.53e-20	3.13e-20
 1.72175e+23	1.48e-11	3.62e-07	3.71e-04	2.32e-02	1.28e-01	2.22e-01	5.44e-01	7.92e-02	2.79e-03	1.48e-11	2.90e-20	3.60e-20
 1.73801e+23	1.75e-11	4.30e-07	4.31e-04	2.60e-02	1.37e-01	2.30e-01	5.31e-01	7.28e-02	2.41e-03	1.75e-11	3.45e-20	4.28e-20
 1.75446e+23	2.03e-11	4.96e-07	4.86e-04	2.84e-02	1.44e-01	2.36e-01	5.21e-01	6.82e-02	2.16e-03	2.03e-11	4.02e-20	4.97e-20
 1.77117e+23	2.43e-11	5.93e-07	5.67e-04	3.18e-02	1.53e-01	2.44e-01	5.07e-01	6.23e-02	1.85e-03	2.43e-11	4.82e-20	5.97e-20
 1.78805e+23	2.84e-11	6.88e-07	6.42e-04	3.47e-02	1.60e-01	2.50e-01	4.95e-01	5.80e-02	1.65e-03	2.84e-11	5.67e-20	7.02e-20
 1.80518e+23	3.45e-11	8.31e-07	7.51e-04	3.89e-02	1.70e-01	2.57e-01	4.79e-01	5.27e-02	1.41e-03	3.45e-11	6.92e-20	8.55e-20
 1.82193e+23	4.03e-11	9.59e-07	8.44e-04	4.22e-02	1.78e-01	2.62e-01	4.67e-01	4.92e-02	1.26e-03	4.03e-11	8.11e-20	1.00e-19
 1.83817e+23	4.87e-11	1.15e-06	9.79e-04	4.68e-02	1.87e-01	2.68e-01	4.51e-01	4.48e-02	1.08e-03	4.87e-11	9.86e-20	1.22e-19
 1.85502e+23	5.79e-11	1.34e-06	1.11e-03	5.10e-02	1.96e-01	2.72e-01	4.38e-01	4.15e-02	9.53e-04	5.79e-11	1.18e-19	1.45e-19
 1.86938e+23	6.70e-11	1.54e-06	1.24e-03	5.49e-02	2.03e-01	2.76e-01	4.26e-01	3.86e-02	8.51e-04	6.70e-11	1.37e-19	1.69e-19
 1.88479e+23	8.09e-11	1.83e-06	1.42e-03	6.02e-02	2.12e-01	2.80e-01	4.10e-01	3.52e-02	7.35e-04	8.09e-11	1.66e-19	2.05e-19
 1.90032e+23	9.47e-11	2.10e-06	1.59e-03	6.48e-02	2.20e-01	2.83e-01	3.97e-01	3.27e-02	6.54e-04	9.47e-11	1.96e-19	2.41e-19
 1.91603e+23	1.15e-10	2.51e-06	1.82e-03	7.10e-02	2.30e-01	2.86e-01	3.81e-01	2.97e-02	5.63e-04	1.15e-10	2.40e-19	2.95e-19
 1.93220e+23	1.36e-10	2.92e-06	2.05e-03	7.67e-02	2.38e-01	2.88e-01	3.67e-01	2.72e-02	4.92e-04	1.36e-10	2.85e-19	3.51e-19
 1.94652e+23	1.61e-10	3.37e-06	2.28e-03	8.24e-02	2.46e-01	2.90e-01	3.54e-01	2.52e-02	4.35e-04	1.61e-10	3.39e-19	4.16e-19
 1.96267e+23	1.98e-10	4.03e-06	2.62e-03	8.99e-02	2.56e-01	2.91e-01	3.38e-01	2.27e-02	3.72e-04	1.98e-10	4.20e-19	5.16e-19
 1.97971e+23	2.39e-10	4.74e-06	2.97e-03	9.73e-02	2.64e-01	2.92e-01	3.23e-01	2.06e-02	3.21e-04	2.39e-10	5.12e-19	6.28e-19
 1.99523e+23	2.87e-10	5.53e-06	3.33e-03	1.05e-01	2.73e-01	2.92e-01	3.09e-01	1.88e-02	2.80e-04	2.87e-10	6.17e-19	7.57e-19
 2.01273e+23	3.61e-10	6.70e-06	3.84e-03	1.14e-01	2.83e-01	2.91e-01	2.91e-01	1.67e-02	2.34e-04	3.61e-10	7.83e-19	9.61e-19
 2.03078e+23	4.41e-10	7.93e-06	4.36e-03	1.23e-01	2.91e-01	2.90e-01	2.76e-01	1.50e-02	2.00e-04	4.41e-10	9.66e-19	1.18e-18
 2.04682e+23	5.34e-10	9.27e-06	4.89e-03	1.32e-01	2.99e-01	2.88e-01	2.62e-01	1.36e-02	1.72e-04	5.34e-10	1.18e-18	1.44e-18
 2.06494e+23	6.79e-10	1.13e-05	5.64e-03	1.44e-01	3.08e-01	2.85e-01	2.45e-01	1.19e-02	1.42e-04	6.79e-10	1.51e-18	1.85e-18
 2.08375e+23	8.41e-10	1.34e-05	6.40e-03	1.55e-01	3.16e-01	2.82e-01	2.30e-01	1.06e-02	1.20e-04	8.41e-10	1.89e-18	2.31e-18
 2.10064e+23	1.03e-09	1.58e-05	7.19e-03	1.66e-01	3.22e-01	2.78e-01	2.16e-01	9.48e-03	1.02e-04	1.03e-09	2.34e-18	2.86e-18
 2.11977e+23	1.34e-09	1.94e-05	8.33e-03	1.80e-01	3.31e-01	2.73e-01	2.00e-01	8.18e-03	8.23e-05	1.34e-09	3.07e-18	3.75e-18
 2.13955e+23	1.67e-09	2.31e-05	9.42e-03	1.93e-01	3.37e-01	2.67e-01	1.86e-01	7.19e-03	6.84e-05	1.67e-09	3.88e-18	4.73e-18
 2.16016e+23	2.21e-09	2.87e-05	1.10e-02	2.10e-01	3.44e-01	2.60e-01	1.69e-01	6.10e-03	5.41e-05	2.21e-09	5.21e-18	6.35e-18
 2.18100e+23	2.78e-09	3.42e-05	1.24e-02	2.25e-01	3.48e-01	2.53e-01	1.56e-01	5.31e-03	4.45e-05	2.78e-09	6.64e-18	8.08e-18
 2.19930e+23	3.47e-09	4.04e-05	1.39e-02	2.39e-01	3.52e-01	2.46e-01	1.44e-01	4.64e-03	3.68e-05	3.47e-09	8.38e-18	1.02e-17
 2.22025e+23	4.63e-09	5.04e-05	1.62e-02	2.58e-01	3.56e-01	2.36e-01	1.30e-01	3.86e-03	2.84e-05	4.63e-09	1.14e-17	1.38e-17
 2.24144e+23	5.82e-09	5.97e-05	1.82e-02	2.74e-01	3.58e-01	2.28e-01	1.19e-01	3.34e-03	2.32e-05	5.82e-09	1.45e-17	1.76e-17
 2.26296e+23	7.78e-09	7.39e-05	2.10e-02	2.94e-01	3.60e-01	2.17e-01	1.06e-01	2.76e-03	1.78e-05	7.78e-09	1.98e-17	2.40e-17
 2.28487e+23	9.88e-09	8.81e-05	2.36e-02	3.10e-01	3.60e-01	2.07e-01	9.59e-02	2.35e-03	1.43e-05	9.88e-09	2.55e-17	3.09e-17
 2.30435e+23	1.25e-08	1.05e-04	2.64e-02	3.27e-01	3.59e-01	1.98e-01	8.68e-02	2.00e-03	1.14e-05	1.25e-08	3.28e-17	3.97e-17
 2.32675e+23	1.69e-08	1.30e-04	3.04e-02	3.49e-01	3.57e-01	1.86e-01	7.60e-02	1.62e-03	8.54e-06	1.69e-08	4.53e-17	5.48e-17
 2.34944e+23	2.15e-08	1.54e-04	3.40e-02	3.66e-01	3.54e-01	1.76e-01	6.81e-02	1.36e-03	6.75e-06	2.15e-08	5.86e-17	7.08e-17
 2.37249e+23	2.93e-08	1.92e-04	3.90e-02	3.88e-01	3.49e-01	1.63e-01	5.90e-02	1.08e-03	4.96e-06	2.93e-08	8.16e-17	9.85e-17
 2.39586e+23	3.73e-08	2.28e-04	4.35e-02	4.05e-01	3.44e-01	1.53e-01	5.24e-02	9.02e-04	3.87e-06	3.73e-08	1.06e-16	1.28e-16
 2.41963e+23	5.10e-08	2.84e-04	4.98e-02	4.27e-01	3.37e-01	1.41e-01	4.48e-02	7.08e-04	2.79e-06	5.10e-08	1.49e-16	1.79e-16
 2.44293e+23	6.41e-08	3.32e-04	5.49e-02	4.42e-01	3.30e-01	1.32e-01	3.98e-02	5.90e-04	2.19e-06	6.41e-08	1.91e-16	2.30e-16
 2.46563e+23	8.61e-08	4.07e-04	6.21e-02	4.61e-01	3.21e-01	1.21e-01	3.40e-02	4.64e-04	1.59e-06	8.61e-08	2.63e-16	3.16e-16
 2.48759e+23	1.06e-07	4.69e-04	6.76e-02	4.74e-01	3.14e-01	1.13e-01	3.04e-02	3.91e-04	1.26e-06	1.06e-07	3.29e-16	3.96e-16
 2.50858e+23	1.38e-07	5.63e-04	7.54e-02	4.91e-01	3.04e-01	1.03e-01	2.61e-02	3.11e-04	9.31e-07	1.38e-07	4.43e-16	5.31e-16
 2.52949e+23	1.69e-07	6.45e-04	8.17e-02	5.02e-01	2.96e-01	9.63e-02	2.32e-02	2.61e-04	7.38e-07	1.69e-07	5.52e-16	6.62e-16
 2.55030e+23	2.18e-07	7.65e-04	9.02e-02	5.16e-01	2.85e-01	8.79e-02	2.00e-02	2.09e-04	5.50e-07	2.18e-07	7.30e-16	8.75e-16
 2.57190e+23	2.72e-07	8.89e-04	9.84e-02	5.27e-01	2.75e-01	8.08e-02	1.74e-02	1.70e-04	4.19e-07	2.72e-07	9.35e-16	1.12e-15
 2.59131e+23	3.34e-07	1.02e-03	1.06e-01	5.36e-01	2.66e-01	7.45e-02	1.53e-02	1.41e-04	3.27e-07	3.34e-07	1.17e-15	1.40e-15
 2.61331e+23	4.35e-07	1.22e-03	1.17e-01	5.48e-01	2.54e-01	6.69e-02	1.30e-02	1.10e-04	2.35e-07	4.35e-07	1.58e-15	1.89e-15
 2.63562e+23	5.36e-07	1.40e-03	1.27e-01	5.55e-01	2.44e-01	6.12e-02	1.13e-02	8.93e-05	1.80e-07	5.36e-07	2.00e-15	2.39e-15
 2.65832e+23	6.99e-07	1.67e-03	1.40e-01	5.64e-01	2.31e-01	5.45e-02	9.43e-03	6.87e-05	1.28e-07	6.99e-07	2.69e-15	3.21e-15
 2.68138e+23	8.67e-07	1.92e-03	1.51e-01	5.69e-01	2.20e-01	4.95e-02	8.12e-03	5.52e-05	0.00e+00	8.67e-07	3.43e-15	4.09e-15
 2.69991e+23	1.03e-06	2.15e-03	1.60e-01	5.73e-01	2.11e-01	4.56e-02	7.18e-03	4.61e-05	0.00e+00	1.03e-06	4.18e-15	4.98e-15
 2.71900e+23	1.28e-06	2.47e-03	1.73e-01	5.76e-01	2.01e-01	4.11e-02	6.16e-03	3.69e-05	0.00e+00	1.28e-06	5.33e-15	6.34e-15
 2.73853e+23	1.52e-06	2.77e-03	1.84e-01	5.78e-01	1.92e-01	3.77e-02	5.40e-03	3.05e-05	0.00e+00	1.52e-06	6.53e-15	7.76e-15
 2.75593e+23	1.81e-06	3.10e-03	1.95e-01	5.79e-01	1.84e-01	3.45e-02	4.75e-03	2.53e-05	0.00e+00	1.81e-06	7.95e-15	9.45e-15
 2.77582e+23	2.24e-06	3.57e-03	2.09e-01	5.80e-01	1.73e-01	3.08e-02	4.03e-03	1.99e-05	0.00e+00	2.24e-06	1.02e-14	1.21e-14
 2.79595e+23	2.68e-06	4.00e-03	2.21e-01	5.79e-01	1.65e-01	2.80e-02	3.51e-03	1.63e-05	0.00e+00	2.68e-06	1.25e-14	1.48e-14
 2.81358e+23	3.18e-06	4.46e-03	2.34e-01	5.77e-01	1.56e-01	2.55e-02	3.06e-03	1.34e-05	0.00e+00	3.18e-06	1.52e-14	1.81e-14
 2.83368e+23	3.93e-06	5.12e-03	2.50e-01	5.73e-01	1.46e-01	2.26e-02	2.58e-03	1.05e-05	0.00e+00	3.93e-06	1.95e-14	2.31e-14
 2.85410e+23	4.69e-06	5.74e-03	2.64e-01	5.69e-01	1.38e-01	2.04e-02	2.23e-03	8.49e-06	0.00e+00	4.69e-06	2.40e-14	2.84e-14
 2.87207e+23	5.56e-06	6.41e-03	2.78e-01	5.65e-01	1.31e-01	1.85e-02	1.93e-03	6.92e-06	0.00e+00	5.56e-06	2.93e-14	3.47e-14
 2.89257e+23	6.88e-06	7.35e-03	2.96e-01	5.57e-01	1.22e-01	1.62e-02	1.61e-03	5.35e-06	0.00e+00	6.88e-06	3.76e-14	4.45e-14
 2.91344e+23	8.21e-06	8.23e-03	3.11e-01	5.50e-01	1.14e-01	1.45e-02	1.38e-03	4.29e-06	0.00e+00	8.21e-06	4.62e-14	5.47e-14
 2.93190e+23	9.74e-06	9.19e-03	3.27e-01	5.43e-01	1.07e-01	1.30e-02	1.19e-03	3.46e-06	0.00e+00	9.74e-06	5.65e-14	6.69e-14
 2.95300e+23	1.20e-05	1.05e-02	3.47e-01	5.32e-01	9.86e-02	1.13e-02	9.83e-04	2.63e-06	0.00e+00	1.20e-05	7.29e-14	8.62e-14
 2.97450e+23	1.44e-05	1.18e-02	3.64e-01	5.22e-01	9.18e-02	1.01e-02	8.34e-04	2.08e-06	0.00e+00	1.44e-05	9.00e-14	1.06e-13
 2.99356e+23	1.71e-05	1.32e-02	3.81e-01	5.11e-01	8.55e-02	8.95e-03	7.10e-04	1.66e-06	0.00e+00	1.71e-05	1.11e-13	1.31e-13
 3.01539e+23	2.12e-05	1.52e-02	4.02e-01	4.96e-01	7.80e-02	7.69e-03	5.78e-04	1.24e-06	0.00e+00	2.12e-05	1.43e-13	1.69e-13
 3.03768e+23	2.55e-05	1.71e-02	4.21e-01	4.83e-01	7.19e-02	6.74e-03	4.84e-04	9.64e-07	0.00e+00	2.55e-05	1.78e-13	2.11e-13
 3.05742e+23	3.06e-05	1.92e-02	4.39e-01	4.70e-01	6.63e-02	5.93e-03	4.07e-04	7.55e-07	0.00e+00	3.06e-05	2.22e-13	2.62e-13
 3.07645e+23	3.65e-05	2.15e-02	4.55e-01	4.56e-01	6.14e-02	5.24e-03	3.46e-04	6.00e-07	0.00e+00	3.65e-05	2.73e-13	3.22e-13
