#depth	Ne	Ne+	Ne+2	Ne+3	Ne+4	Ne+5	Ne+6	Ne+7	Ne+8	Ne+9	Ne+10
 4.62852e+21	7.25e-28	2.83e-22	1.00e-17	5.15e-14	6.03e-11	1.68e-08	1.61e-06	9.70e-05	2.16e-02	2.54e-01	7.24e-01
 1.03234e+22	1.24e-25	2.84e-20	5.82e-16	1.75e-12	1.26e-09	2.13e-07	1.16e-05	3.89e-04	5.02e-02	3.51e-01	5.98e-01
 1.18656e+22	1.21e-24	2.21e-19	3.56e-15	8.49e-12	4.94e-09	6.74e-07	2.86e-05	7.28e-04	7.26e-02	3.97e-01	5.30e-01
 1.25794e+22	3.57e-24	5.84e-19	8.43e-15	1.80e-11	9.51e-09	1.17e-06	4.41e-05	9.84e-04	8.64e-02	4.18e-01	4.95e-01
 1.28768e+22	4.65e-24	7.41e-19	1.04e-14	2.17e-11	1.12e-08	1.34e-06	4.91e-05	1.06e-03	9.02e-02	4.23e-01	4.86e-01
 1.30136e+22	6.49e-24	1.00e-18	1.36e-14	2.73e-11	1.37e-08	1.59e-06	5.62e-05	1.16e-03	9.51e-02	4.29e-01	4.75e-01
 1.31523e+22	8.42e-24	1.27e-18	1.68e-14	3.28e-11	1.61e-08	1.83e-06	6.25e-05	1.25e-03	9.91e-02	4.34e-01	4.66e-01
 1.32932e+22	1.18e-23	1.72e-18	2.20e-14	4.17e-11	1.98e-08	2.18e-06	7.19e-05	1.38e-03	1.05e-01	4.40e-01	4.54e-01
 1.34332e+22	1.51e-23	2.14e-18	2.67e-14	4.94e-11	2.29e-08	2.47e-06	7.93e-05	1.47e-03	1.09e-01	4.44e-01	4.46e-01
 1.35721e+22	2.08e-23	2.87e-18	3.48e-14	6.21e-11	2.80e-08	2.92e-06	9.06e-05	1.62e-03	1.14e-01	4.50e-01	4.34e-01
 1.37133e+22	2.65e-23	3.58e-18	4.22e-14	7.37e-11	3.25e-08	3.32e-06	1.00e-04	1.73e-03	1.19e-01	4.54e-01	4.26e-01
 1.38576e+22	3.67e-23	4.80e-18	5.49e-14	9.27e-11	3.97e-08	3.93e-06	1.14e-04	1.90e-03	1.25e-01	4.59e-01	4.14e-01
 1.40048e+22	4.70e-23	6.00e-18	6.70e-14	1.10e-10	4.62e-08	4.47e-06	1.27e-04	2.03e-03	1.30e-01	4.63e-01	4.05e-01
 1.41557e+22	6.52e-23	8.08e-18	8.74e-14	1.39e-10	5.66e-08	5.31e-06	1.45e-04	2.23e-03	1.37e-01	4.67e-01	3.93e-01
 1.43020e+22	8.12e-23	9.87e-18	1.04e-13	1.63e-10	6.49e-08	5.95e-06	1.59e-04	2.37e-03	1.42e-01	4.70e-01	3.85e-01
 1.44422e+22	1.09e-22	1.29e-17	1.33e-13	2.01e-10	7.80e-08	6.96e-06	1.79e-04	2.58e-03	1.48e-01	4.74e-01	3.75e-01
 1.45856e+22	1.37e-22	1.58e-17	1.59e-13	2.35e-10	8.96e-08	7.82e-06	1.97e-04	2.75e-03	1.53e-01	4.77e-01	3.66e-01
 1.47331e+22	1.85e-22	2.08e-17	2.03e-13	2.91e-10	1.08e-07	9.16e-06	2.23e-04	2.99e-03	1.61e-01	4.81e-01	3.55e-01
 1.48840e+22	2.33e-22	2.57e-17	2.46e-13	3.44e-10	1.25e-07	1.03e-05	2.45e-04	3.19e-03	1.66e-01	4.83e-01	3.47e-01
 1.50391e+22	3.16e-22	3.39e-17	3.15e-13	4.27e-10	1.51e-07	1.21e-05	2.78e-04	3.48e-03	1.74e-01	4.86e-01	3.36e-01
 1.51976e+22	4.00e-22	4.21e-17	3.82e-13	5.06e-10	1.75e-07	1.37e-05	3.07e-04	3.72e-03	1.80e-01	4.88e-01	3.27e-01
 1.53605e+22	5.46e-22	5.58e-17	4.92e-13	6.31e-10	2.12e-07	1.62e-05	3.49e-04	4.06e-03	1.89e-01	4.91e-01	3.16e-01
 1.55228e+22	6.86e-22	6.87e-17	5.92e-13	7.43e-10	2.44e-07	1.82e-05	3.83e-04	4.33e-03	1.95e-01	4.93e-01	3.08e-01
 1.56843e+22	9.26e-22	9.03e-17	7.57e-13	9.20e-10	2.95e-07	2.14e-05	4.34e-04	4.71e-03	2.04e-01	4.94e-01	2.97e-01
 1.58479e+22	1.16e-21	1.11e-16	9.12e-13	1.08e-09	3.40e-07	2.41e-05	4.76e-04	5.02e-03	2.10e-01	4.95e-01	2.89e-01
 1.60145e+22	1.57e-21	1.46e-16	1.17e-12	1.34e-09	4.10e-07	2.82e-05	5.40e-04	5.46e-03	2.20e-01	4.96e-01	2.78e-01
 1.61735e+22	1.92e-21	1.75e-16	1.37e-12	1.55e-09	4.64e-07	3.13e-05	5.85e-04	5.77e-03	2.26e-01	4.97e-01	2.71e-01
 1.63228e+22	2.49e-21	2.23e-16	1.70e-12	1.87e-09	5.47e-07	3.60e-05	6.53e-04	6.21e-03	2.34e-01	4.97e-01	2.62e-01
 1.64745e+22	3.05e-21	2.68e-16	2.01e-12	2.16e-09	6.19e-07	4.00e-05	7.09e-04	6.56e-03	2.41e-01	4.97e-01	2.55e-01
 1.66292e+22	3.96e-21	3.40e-16	2.48e-12	2.60e-09	7.29e-07	4.58e-05	7.89e-04	7.05e-03	2.50e-01	4.97e-01	2.46e-01
 1.67872e+22	4.90e-21	4.13e-16	2.96e-12	3.04e-09	8.33e-07	5.13e-05	8.61e-04	7.48e-03	2.57e-01	4.97e-01	2.38e-01
 1.69494e+22	6.38e-21	5.26e-16	3.68e-12	3.67e-09	9.83e-07	5.89e-05	9.60e-04	8.04e-03	2.66e-01	4.96e-01	2.29e-01
 1.71139e+22	7.89e-21	6.38e-16	4.37e-12	4.27e-09	1.12e-06	6.58e-05	1.05e-03	8.51e-03	2.73e-01	4.95e-01	2.22e-01
 1.72533e+22	9.56e-21	7.60e-16	5.12e-12	4.90e-09	1.26e-06	7.27e-05	1.13e-03	8.97e-03	2.80e-01	4.94e-01	2.16e-01
 1.74066e+22	1.22e-20	9.52e-16	6.27e-12	5.85e-09	1.47e-06	8.28e-05	1.25e-03	9.60e-03	2.89e-01	4.92e-01	2.08e-01
 1.75601e+22	1.48e-20	1.14e-15	7.34e-12	6.72e-09	1.66e-06	9.16e-05	1.35e-03	1.01e-02	2.97e-01	4.90e-01	2.02e-01
 1.77139e+22	1.87e-20	1.40e-15	8.89e-12	7.95e-09	1.92e-06	1.03e-04	1.49e-03	1.08e-02	3.05e-01	4.88e-01	1.94e-01
 1.78731e+22	2.29e-20	1.69e-15	1.05e-11	9.19e-09	2.18e-06	1.15e-04	1.61e-03	1.14e-02	3.13e-01	4.86e-01	1.88e-01
 1.80155e+22	2.78e-20	2.02e-15	1.23e-11	1.06e-08	2.46e-06	1.27e-04	1.74e-03	1.20e-02	3.20e-01	4.84e-01	1.82e-01
 1.81771e+22	3.53e-20	2.51e-15	1.50e-11	1.25e-08	2.85e-06	1.44e-04	1.92e-03	1.27e-02	3.29e-01	4.81e-01	1.75e-01
 1.83436e+22	4.34e-20	3.03e-15	1.77e-11	1.45e-08	3.24e-06	1.60e-04	2.08e-03	1.34e-02	3.37e-01	4.78e-01	1.69e-01
 1.84919e+22	5.28e-20	3.63e-15	2.08e-11	1.67e-08	3.66e-06	1.77e-04	2.25e-03	1.41e-02	3.45e-01	4.75e-01	1.63e-01
 1.86603e+22	6.76e-20	4.54e-15	2.55e-11	1.99e-08	4.26e-06	2.01e-04	2.48e-03	1.51e-02	3.55e-01	4.71e-01	1.56e-01
 1.88331e+22	8.27e-20	5.46e-15	3.01e-11	2.30e-08	4.81e-06	2.22e-04	2.68e-03	1.59e-02	3.63e-01	4.68e-01	1.51e-01
 1.89818e+22	9.95e-20	6.47e-15	3.50e-11	2.63e-08	5.40e-06	2.44e-04	2.88e-03	1.66e-02	3.70e-01	4.65e-01	1.46e-01
 1.91452e+22	1.25e-19	7.94e-15	4.21e-11	3.08e-08	6.20e-06	2.74e-04	3.15e-03	1.76e-02	3.79e-01	4.61e-01	1.40e-01
 1.93135e+22	1.52e-19	9.53e-15	4.95e-11	3.55e-08	6.99e-06	3.02e-04	3.40e-03	1.85e-02	3.87e-01	4.57e-01	1.35e-01
 1.94627e+22	1.83e-19	1.13e-14	5.76e-11	4.05e-08	7.83e-06	3.32e-04	3.65e-03	1.93e-02	3.94e-01	4.53e-01	1.30e-01
 1.96308e+22	2.30e-19	1.39e-14	6.92e-11	4.75e-08	8.97e-06	3.71e-04	3.97e-03	2.04e-02	4.03e-01	4.48e-01	1.25e-01
 1.98093e+22	2.86e-19	1.69e-14	8.27e-11	5.54e-08	1.02e-05	4.14e-04	4.31e-03	2.15e-02	4.11e-01	4.43e-01	1.19e-01
 1.99697e+22	3.46e-19	2.01e-14	9.66e-11	6.35e-08	1.15e-05	4.55e-04	4.63e-03	2.25e-02	4.19e-01	4.39e-01	1.15e-01
 2.01469e+22	4.37e-19	2.49e-14	1.17e-10	7.48e-08	1.32e-05	5.10e-04	5.05e-03	2.38e-02	4.28e-01	4.33e-01	1.10e-01
 2.03381e+22	5.52e-19	3.08e-14	1.41e-10	8.82e-08	1.52e-05	5.73e-04	5.51e-03	2.52e-02	4.37e-01	4.27e-01	1.05e-01
 2.05118e+22	6.74e-19	3.70e-14	1.66e-10	1.02e-07	1.72e-05	6.33e-04	5.93e-03	2.64e-02	4.44e-01	4.22e-01	1.00e-01
 2.07014e+22	8.67e-19	4.65e-14	2.04e-10	1.21e-07	2.00e-05	7.16e-04	6.51e-03	2.80e-02	4.54e-01	4.16e-01	9.51e-02
 2.08991e+22	1.08e-18	5.68e-14	2.44e-10	1.41e-07	2.28e-05	7.96e-04	7.05e-03	2.94e-02	4.62e-01	4.10e-01	9.08e-02
 2.10786e+22	1.34e-18	6.89e-14	2.90e-10	1.65e-07	2.59e-05	8.86e-04	7.64e-03	3.09e-02	4.70e-01	4.04e-01	8.66e-02
 2.12832e+22	1.75e-18	8.82e-14	3.62e-10	1.99e-07	3.06e-05	1.01e-03	8.45e-03	3.29e-02	4.81e-01	3.96e-01	8.14e-02
 2.14890e+22	2.17e-18	1.07e-13	4.31e-10	2.32e-07	3.48e-05	1.13e-03	9.14e-03	3.45e-02	4.89e-01	3.89e-01	7.75e-02
 2.16963e+22	2.82e-18	1.36e-13	5.35e-10	2.79e-07	4.08e-05	1.28e-03	1.01e-02	3.67e-02	4.98e-01	3.81e-01	7.28e-02
 2.19089e+22	3.53e-18	1.68e-13	6.43e-10	3.28e-07	4.68e-05	1.43e-03	1.10e-02	3.86e-02	5.07e-01	3.73e-01	6.89e-02
 2.20969e+22	4.35e-18	2.03e-13	7.65e-10	3.81e-07	5.32e-05	1.59e-03	1.19e-02	4.06e-02	5.14e-01	3.66e-01	6.54e-02
 2.23096e+22	5.66e-18	2.59e-13	9.53e-10	4.62e-07	6.28e-05	1.83e-03	1.31e-02	4.32e-02	5.24e-01	3.57e-01	6.09e-02
 2.25262e+22	7.02e-18	3.16e-13	1.14e-09	5.41e-07	7.20e-05	2.05e-03	1.43e-02	4.55e-02	5.32e-01	3.49e-01	5.74e-02
 2.27478e+22	9.17e-18	4.05e-13	1.43e-09	6.58e-07	8.53e-05	2.35e-03	1.59e-02	4.85e-02	5.41e-01	3.39e-01	5.32e-02
 2.29730e+22	1.14e-17	4.95e-13	1.72e-09	7.72e-07	9.80e-05	2.64e-03	1.73e-02	5.11e-02	5.49e-01	3.30e-01	4.99e-02
 2.31727e+22	1.40e-17	6.00e-13	2.05e-09	9.03e-07	1.12e-04	2.96e-03	1.88e-02	5.38e-02	5.56e-01	3.22e-01	4.67e-02
 2.33605e+22	1.67e-17	7.10e-13	2.39e-09	1.03e-06	1.26e-04	3.26e-03	2.03e-02	5.63e-02	5.62e-01	3.14e-01	4.41e-02
 2.35630e+22	2.09e-17	8.78e-13	2.91e-09	1.23e-06	1.47e-04	3.70e-03	2.23e-02	5.97e-02	5.69e-01	3.04e-01	4.08e-02
 2.37658e+22	2.49e-17	1.04e-12	3.39e-09	1.41e-06	1.66e-04	4.09e-03	2.40e-02	6.24e-02	5.75e-01	2.96e-01	3.83e-02
 2.39691e+22	3.07e-17	1.27e-12	4.10e-09	1.67e-06	1.93e-04	4.65e-03	2.65e-02	6.62e-02	5.82e-01	2.86e-01	3.53e-02
 2.41721e+22	3.62e-17	1.48e-12	4.74e-09	1.90e-06	2.16e-04	5.11e-03	2.84e-02	6.91e-02	5.86e-01	2.78e-01	3.31e-02
 2.43749e+22	4.40e-17	1.80e-12	5.70e-09	2.24e-06	2.51e-04	5.80e-03	3.12e-02	7.33e-02	5.92e-01	2.67e-01	3.03e-02
 2.45803e+22	5.15e-17	2.10e-12	6.58e-09	2.55e-06	2.81e-04	6.39e-03	3.36e-02	7.65e-02	5.96e-01	2.59e-01	2.84e-02
 2.47891e+22	6.22e-17	2.53e-12	7.89e-09	3.00e-06	3.26e-04	7.24e-03	3.69e-02	8.10e-02	6.00e-01	2.48e-01	2.58e-02
 2.50018e+22	7.20e-17	2.93e-12	9.09e-09	3.42e-06	3.67e-04	8.00e-03	3.98e-02	8.48e-02	6.04e-01	2.40e-01	2.40e-02
 2.52195e+22	8.59e-17	3.51e-12	1.09e-08	4.03e-06	4.26e-04	9.10e-03	4.38e-02	8.99e-02	6.07e-01	2.28e-01	2.17e-02
 2.54412e+22	9.87e-17	4.05e-12	1.25e-08	4.59e-06	4.79e-04	1.01e-02	4.72e-02	9.40e-02	6.09e-01	2.20e-01	2.00e-02
 2.56679e+22	1.15e-16	4.79e-12	1.49e-08	5.40e-06	5.57e-04	1.15e-02	5.20e-02	9.98e-02	6.10e-01	2.08e-01	1.79e-02
 2.58989e+22	1.31e-16	5.48e-12	1.71e-08	6.14e-06	6.28e-04	1.27e-02	5.61e-02	1.04e-01	6.11e-01	1.99e-01	1.63e-02
 2.61292e+22	1.50e-16	6.39e-12	2.01e-08	7.16e-06	7.26e-04	1.44e-02	6.16e-02	1.10e-01	6.11e-01	1.88e-01	1.46e-02
 2.63617e+22	1.66e-16	7.22e-12	2.29e-08	8.11e-06	8.16e-04	1.59e-02	6.63e-02	1.15e-01	6.10e-01	1.79e-01	1.32e-02
 2.65650e+22	1.82e-16	8.05e-12	2.58e-08	9.10e-06	9.09e-04	1.74e-02	7.09e-02	1.20e-01	6.08e-01	1.70e-01	1.21e-02
 2.67576e+22	1.97e-16	8.90e-12	2.88e-08	1.01e-05	1.01e-03	1.90e-02	7.56e-02	1.25e-01	6.06e-01	1.63e-01	1.11e-02
 2.69722e+22	2.16e-16	1.00e-11	3.30e-08	1.16e-05	1.15e-03	2.12e-02	8.18e-02	1.31e-01	6.02e-01	1.53e-01	9.87e-03
 2.71874e+22	2.32e-16	1.10e-11	3.67e-08	1.29e-05	1.27e-03	2.31e-02	8.69e-02	1.36e-01	5.98e-01	1.46e-01	9.01e-03
 2.74031e+22	2.50e-16	1.23e-11	4.19e-08	1.47e-05	1.44e-03	2.57e-02	9.36e-02	1.42e-01	5.92e-01	1.37e-01	8.00e-03
 2.76163e+22	2.67e-16	1.34e-11	4.64e-08	1.63e-05	1.58e-03	2.78e-02	9.89e-02	1.47e-01	5.87e-01	1.30e-01	7.31e-03
 2.78286e+22	2.85e-16	1.49e-11	5.27e-08	1.85e-05	1.78e-03	3.08e-02	1.06e-01	1.53e-01	5.80e-01	1.22e-01	6.48e-03
 2.80411e+22	3.01e-16	1.62e-11	5.83e-08	2.05e-05	1.96e-03	3.32e-02	1.12e-01	1.58e-01	5.74e-01	1.16e-01	5.91e-03
 2.82537e+22	3.20e-16	1.79e-11	6.62e-08	2.33e-05	2.21e-03	3.66e-02	1.19e-01	1.64e-01	5.65e-01	1.08e-01	5.23e-03
 2.84669e+22	3.37e-16	1.95e-11	7.33e-08	2.58e-05	2.42e-03	3.94e-02	1.25e-01	1.68e-01	5.58e-01	1.02e-01	4.76e-03
 2.86807e+22	3.57e-16	2.16e-11	8.34e-08	2.94e-05	2.73e-03	4.33e-02	1.33e-01	1.74e-01	5.48e-01	9.51e-02	4.20e-03
 2.88956e+22	3.76e-16	2.35e-11	9.25e-08	3.26e-05	3.00e-03	4.66e-02	1.39e-01	1.78e-01	5.39e-01	8.99e-02	3.81e-03
 2.91119e+22	3.99e-16	2.61e-11	1.06e-07	3.73e-05	3.38e-03	5.11e-02	1.47e-01	1.84e-01	5.28e-01	8.33e-02	3.35e-03
 2.93301e+22	4.21e-16	2.85e-11	1.18e-07	4.15e-05	3.71e-03	5.49e-02	1.54e-01	1.88e-01	5.18e-01	7.85e-02	3.03e-03
 2.95509e+22	4.49e-16	3.19e-11	1.35e-07	4.77e-05	4.19e-03	6.01e-02	1.62e-01	1.93e-01	5.05e-01	7.25e-02	2.65e-03
 2.97745e+22	4.78e-16	3.51e-11	1.52e-07	5.33e-05	4.61e-03	6.45e-02	1.69e-01	1.97e-01	4.95e-01	6.81e-02	2.39e-03
 3.00018e+22	5.11e-16	3.95e-11	1.76e-07	6.17e-05	5.22e-03	7.06e-02	1.78e-01	2.02e-01	4.80e-01	6.25e-02	2.08e-03
 3.02327e+22	5.51e-16	4.41e-11	2.00e-07	6.94e-05	5.76e-03	7.57e-02	1.84e-01	2.05e-01	4.68e-01	5.85e-02	1.86e-03
 3.04681e+22	5.99e-16	5.04e-11	2.34e-07	8.09e-05	6.54e-03	8.29e-02	1.94e-01	2.10e-01	4.52e-01	5.34e-02	1.61e-03
 3.07101e+22	6.53e-16	5.68e-11	2.69e-07	9.19e-05	7.25e-03	8.90e-02	2.01e-01	2.13e-01	4.39e-01	4.96e-02	1.43e-03
 3.09157e+22	7.04e-16	6.32e-11	3.03e-07	1.03e-04	7.94e-03	9.48e-02	2.07e-01	2.15e-01	4.27e-01	4.63e-02	1.28e-03
 3.11382e+22	7.77e-16	7.28e-11	3.56e-07	1.19e-04	8.94e-03	1.03e-01	2.15e-01	2.18e-01	4.12e-01	4.24e-02	1.12e-03
 3.13570e+22	8.44e-16	8.13e-11	4.02e-07	1.33e-04	9.74e-03	1.09e-01	2.21e-01	2.19e-01	4.00e-01	3.96e-02	1.01e-03
 3.15709e+22	9.40e-16	9.38e-11	4.70e-07	1.54e-04	1.09e-02	1.17e-01	2.29e-01	2.21e-01	3.84e-01	3.63e-02	8.76e-04
 3.17869e+22	1.03e-15	1.06e-10	5.33e-07	1.72e-04	1.19e-02	1.24e-01	2.35e-01	2.22e-01	3.72e-01	3.38e-02	7.86e-04
 3.20055e+22	1.16e-15	1.23e-10	6.29e-07	1.99e-04	1.33e-02	1.34e-01	2.42e-01	2.23e-01	3.56e-01	3.08e-02	6.80e-04
 3.22250e+22	1.29e-15	1.39e-10	7.16e-07	2.23e-04	1.45e-02	1.41e-01	2.48e-01	2.23e-01	3.44e-01	2.86e-02	6.10e-04
 3.24457e+22	1.47e-15	1.64e-10	8.49e-07	2.59e-04	1.62e-02	1.51e-01	2.54e-01	2.23e-01	3.28e-01	2.59e-02	5.26e-04
 3.26690e+22	1.66e-15	1.88e-10	9.72e-07	2.91e-04	1.76e-02	1.60e-01	2.60e-01	2.23e-01	3.16e-01	2.40e-02	4.69e-04
 3.28956e+22	1.93e-15	2.24e-10	1.16e-06	3.38e-04	1.97e-02	1.71e-01	2.66e-01	2.22e-01	2.99e-01	2.16e-02	4.02e-04
 3.31253e+22	2.21e-15	2.58e-10	1.34e-06	3.81e-04	2.15e-02	1.80e-01	2.70e-01	2.20e-01	2.87e-01	2.00e-02	3.56e-04
 3.33590e+22	2.61e-15	3.12e-10	1.61e-06	4.44e-04	2.40e-02	1.92e-01	2.76e-01	2.18e-01	2.71e-01	1.79e-02	3.03e-04
 3.35966e+22	3.03e-15	3.64e-10	1.86e-06	5.02e-04	2.62e-02	2.03e-01	2.80e-01	2.16e-01	2.58e-01	1.64e-02	2.66e-04
 3.38391e+22	3.67e-15	4.45e-10	2.26e-06	5.88e-04	2.93e-02	2.16e-01	2.85e-01	2.13e-01	2.42e-01	1.45e-02	2.24e-04
 3.40865e+22	4.33e-15	5.26e-10	2.63e-06	6.66e-04	3.20e-02	2.27e-01	2.88e-01	2.10e-01	2.29e-01	1.32e-02	1.96e-04
 3.43401e+22	5.36e-15	6.53e-10	3.22e-06	7.83e-04	3.58e-02	2.42e-01	2.91e-01	2.05e-01	2.13e-01	1.16e-02	1.63e-04
 3.45981e+22	6.45e-15	7.79e-10	3.77e-06	8.88e-04	3.90e-02	2.54e-01	2.94e-01	2.01e-01	2.01e-01	1.05e-02	1.41e-04
 3.48617e+22	8.16e-15	9.81e-10	4.65e-06	1.05e-03	4.37e-02	2.69e-01	2.96e-01	1.96e-01	1.85e-01	9.13e-03	1.16e-04
 3.51269e+22	9.91e-15	1.18e-09	5.46e-06	1.19e-03	4.75e-02	2.81e-01	2.97e-01	1.91e-01	1.74e-01	8.20e-03	9.98e-05
 3.53531e+22	1.19e-14	1.40e-09	6.35e-06	1.34e-03	5.14e-02	2.93e-01	2.97e-01	1.86e-01	1.63e-01	7.39e-03	8.63e-05
 3.56061e+22	1.52e-14	1.75e-09	7.74e-06	1.56e-03	5.69e-02	3.08e-01	2.97e-01	1.80e-01	1.50e-01	6.43e-03	7.11e-05
 3.58609e+22	1.85e-14	2.09e-09	8.99e-06	1.75e-03	6.13e-02	3.20e-01	2.97e-01	1.74e-01	1.40e-01	5.78e-03	6.14e-05
 3.60766e+22	2.22e-14	2.47e-09	1.04e-05	1.94e-03	6.57e-02	3.30e-01	2.96e-01	1.69e-01	1.32e-01	5.22e-03	5.33e-05
 3.63155e+22	2.83e-14	3.06e-09	1.24e-05	2.23e-03	7.18e-02	3.44e-01	2.93e-01	1.63e-01	1.21e-01	4.55e-03	4.42e-05
 3.65518e+22	3.40e-14	3.59e-09	1.42e-05	2.47e-03	7.65e-02	3.54e-01	2.92e-01	1.58e-01	1.13e-01	4.11e-03	3.85e-05
 3.67845e+22	4.28e-14	4.40e-09	1.69e-05	2.80e-03	8.28e-02	3.67e-01	2.89e-01	1.51e-01	1.04e-01	3.61e-03	3.22e-05
 3.70264e+22	5.27e-14	5.27e-09	1.96e-05	3.12e-03	8.87e-02	3.78e-01	2.85e-01	1.45e-01	9.66e-02	3.20e-03	2.75e-05
 3.72434e+22	6.40e-14	6.23e-09	2.24e-05	3.45e-03	9.44e-02	3.87e-01	2.82e-01	1.40e-01	8.99e-02	2.87e-03	2.37e-05
 3.74887e+22	8.26e-14	7.75e-09	2.68e-05	3.93e-03	1.02e-01	4.00e-01	2.77e-01	1.33e-01	8.16e-02	2.48e-03	1.94e-05
 3.77393e+22	1.02e-13	9.28e-09	3.11e-05	4.37e-03	1.09e-01	4.09e-01	2.73e-01	1.27e-01	7.53e-02	2.19e-03	1.65e-05
 3.79968e+22	1.32e-13	1.15e-08	3.70e-05	4.96e-03	1.17e-01	4.21e-01	2.67e-01	1.20e-01	6.81e-02	1.88e-03	1.35e-05
 3.82664e+22	1.67e-13	1.41e-08	4.35e-05	5.56e-03	1.26e-01	4.30e-01	2.61e-01	1.13e-01	6.19e-02	1.64e-03	1.12e-05
 3.85084e+22	2.08e-13	1.69e-08	5.01e-05	6.15e-03	1.33e-01	4.38e-01	2.56e-01	1.08e-01	5.68e-02	1.44e-03	9.44e-06
 3.87796e+22	2.77e-13	2.14e-08	6.07e-05	7.03e-03	1.44e-01	4.49e-01	2.48e-01	1.00e-01	5.05e-02	1.21e-03	7.49e-06
 3.90543e+22	3.45e-13	2.57e-08	7.00e-05	7.77e-03	1.52e-01	4.56e-01	2.42e-01	9.49e-02	4.61e-02	1.06e-03	6.28e-06
 3.93335e+22	4.59e-13	3.25e-08	8.42e-05	8.84e-03	1.64e-01	4.64e-01	2.33e-01	8.81e-02	4.08e-02	8.84e-04	4.97e-06
 3.96186e+22	5.81e-13	3.95e-08	9.80e-05	9.81e-03	1.74e-01	4.70e-01	2.26e-01	8.26e-02	3.68e-02	7.61e-04	4.09e-06
 3.99113e+22	7.81e-13	5.02e-08	1.18e-04	1.12e-02	1.86e-01	4.77e-01	2.17e-01	7.60e-02	3.23e-02	6.31e-04	3.20e-06
 4.02083e+22	9.95e-13	6.12e-08	1.38e-04	1.24e-02	1.97e-01	4.81e-01	2.09e-01	7.08e-02	2.90e-02	5.39e-04	2.61e-06
 4.05108e+22	1.34e-12	7.81e-08	1.66e-04	1.40e-02	2.11e-01	4.86e-01	1.99e-01	6.47e-02	2.52e-02	4.42e-04	2.02e-06
 4.08178e+22	1.72e-12	9.55e-08	1.94e-04	1.56e-02	2.22e-01	4.88e-01	1.91e-01	6.00e-02	2.24e-02	3.75e-04	1.63e-06
 4.11308e+22	2.34e-12	1.22e-07	2.34e-04	1.77e-02	2.37e-01	4.90e-01	1.81e-01	5.44e-02	1.94e-02	3.04e-04	1.24e-06
 4.14439e+22	2.98e-12	1.48e-07	2.72e-04	1.95e-02	2.48e-01	4.91e-01	1.73e-01	5.02e-02	1.72e-02	2.58e-04	1.01e-06
 4.17571e+22	4.05e-12	1.90e-07	3.28e-04	2.20e-02	2.64e-01	4.91e-01	1.63e-01	4.53e-02	1.48e-02	2.08e-04	7.63e-07
 4.20795e+22	5.23e-12	2.33e-07	3.83e-04	2.43e-02	2.77e-01	4.89e-01	1.55e-01	4.15e-02	1.30e-02	1.73e-04	6.04e-07
 4.23402e+22	6.46e-12	2.76e-07	4.35e-04	2.64e-02	2.87e-01	4.88e-01	1.48e-01	3.85e-02	1.17e-02	1.49e-04	4.97e-07
 4.25698e+22	7.79e-12	3.21e-07	4.86e-04	2.84e-02	2.97e-01	4.86e-01	1.42e-01	3.60e-02	1.06e-02	1.30e-04	4.18e-07
 4.28331e+22	9.91e-12	3.88e-07	5.61e-04	3.11e-02	3.10e-01	4.82e-01	1.34e-01	3.29e-02	9.31e-03	1.09e-04	3.33e-07
 4.31130e+22	1.24e-11	4.64e-07	6.41e-04	3.38e-02	3.21e-01	4.78e-01	1.27e-01	3.03e-02	8.26e-03	9.23e-05	2.70e-07
 4.33730e+22	1.54e-11	5.50e-07	7.28e-04	3.66e-02	3.33e-01	4.74e-01	1.21e-01	2.79e-02	7.35e-03	7.85e-05	2.19e-07
 4.36693e+22	2.03e-11	6.87e-07	8.58e-04	4.06e-02	3.47e-01	4.67e-01	1.13e-01	2.50e-02	6.29e-03	6.34e-05	1.67e-07
 4.39686e+22	2.54e-11	8.19e-07	9.78e-04	4.40e-02	3.59e-01	4.61e-01	1.06e-01	2.29e-02	5.55e-03	5.33e-05	1.34e-07
 4.42321e+22	3.16e-11	9.74e-07	1.11e-03	4.76e-02	3.70e-01	4.55e-01	1.00e-01	2.09e-02	4.90e-03	4.49e-05	0.00e+00
 4.45351e+22	4.14e-11	1.20e-06	1.30e-03	5.24e-02	3.84e-01	4.46e-01	9.32e-02	1.87e-02	4.19e-03	3.63e-05	0.00e+00
 4.48451e+22	5.22e-11	1.45e-06	1.49e-03	5.68e-02	3.96e-01	4.38e-01	8.72e-02	1.70e-02	3.66e-03	3.01e-05	0.00e+00
 4.51199e+22	6.53e-11	1.72e-06	1.69e-03	6.13e-02	4.07e-01	4.29e-01	8.17e-02	1.54e-02	3.20e-03	2.51e-05	0.00e+00
 4.54325e+22	8.58e-11	2.13e-06	1.98e-03	6.73e-02	4.21e-01	4.18e-01	7.52e-02	1.37e-02	2.72e-03	2.00e-05	0.00e+00
 4.57540e+22	1.09e-10	2.57e-06	2.27e-03	7.29e-02	4.32e-01	4.08e-01	6.98e-02	1.23e-02	2.34e-03	1.64e-05	0.00e+00
 4.60404e+22	1.37e-10	3.07e-06	2.58e-03	7.86e-02	4.43e-01	3.98e-01	6.50e-02	1.11e-02	2.04e-03	1.35e-05	0.00e+00
 4.63661e+22	1.81e-10	3.82e-06	3.02e-03	8.61e-02	4.55e-01	3.85e-01	5.93e-02	9.74e-03	1.71e-03	1.07e-05	0.00e+00
 4.67023e+22	2.31e-10	4.63e-06	3.47e-03	9.32e-02	4.66e-01	3.73e-01	5.45e-02	8.67e-03	1.45e-03	8.59e-06	0.00e+00
 4.70014e+22	2.91e-10	5.53e-06	3.94e-03	1.00e-01	4.75e-01	3.62e-01	5.03e-02	7.77e-03	1.25e-03	7.02e-06	0.00e+00
 4.73396e+22	3.87e-10	6.90e-06	4.62e-03	1.10e-01	4.86e-01	3.47e-01	4.54e-02	6.75e-03	1.04e-03	5.43e-06	0.00e+00
 4.76862e+22	4.96e-10	8.36e-06	5.30e-03	1.18e-01	4.94e-01	3.34e-01	4.14e-02	5.96e-03	8.75e-04	4.33e-06	0.00e+00
 4.79923e+22	6.24e-10	9.99e-06	6.02e-03	1.27e-01	5.02e-01	3.22e-01	3.79e-02	5.31e-03	7.47e-04	3.50e-06	0.00e+00
 4.83387e+22	8.32e-10	1.25e-05	7.05e-03	1.38e-01	5.10e-01	3.06e-01	3.39e-02	4.57e-03	6.11e-04	2.68e-06	0.00e+00
 4.86948e+22	1.07e-09	1.51e-05	8.08e-03	1.48e-01	5.16e-01	2.92e-01	3.06e-02	4.01e-03	5.11e-04	2.11e-06	0.00e+00
 4.90109e+22	1.35e-09	1.81e-05	9.17e-03	1.59e-01	5.21e-01	2.79e-01	2.78e-02	3.54e-03	4.32e-04	1.68e-06	0.00e+00
 4.93691e+22	1.81e-09	2.26e-05	1.07e-02	1.72e-01	5.26e-01	2.63e-01	2.46e-02	3.02e-03	3.49e-04	1.26e-06	0.00e+00
 4.97377e+22	2.33e-09	2.75e-05	1.23e-02	1.84e-01	5.29e-01	2.49e-01	2.20e-02	2.62e-03	2.88e-04	9.81e-07	0.00e+00
 5.00665e+22	2.95e-09	3.29e-05	1.40e-02	1.96e-01	5.31e-01	2.36e-01	1.98e-02	2.29e-03	2.40e-04	7.71e-07	0.00e+00
 5.04405e+22	4.00e-09	4.15e-05	1.64e-02	2.12e-01	5.32e-01	2.20e-01	1.72e-02	1.92e-03	1.90e-04	5.64e-07	0.00e+00
 5.08216e+22	5.13e-09	5.01e-05	1.87e-02	2.26e-01	5.31e-01	2.07e-01	1.52e-02	1.65e-03	1.56e-04	4.34e-07	0.00e+00
 5.12121e+22	6.99e-09	6.34e-05	2.20e-02	2.44e-01	5.29e-01	1.90e-01	1.31e-02	1.37e-03	1.21e-04	3.11e-07	0.00e+00
 5.16067e+22	8.98e-09	7.66e-05	2.50e-02	2.59e-01	5.25e-01	1.78e-01	1.15e-02	1.17e-03	9.84e-05	2.36e-07	0.00e+00
 5.19471e+22	1.13e-08	9.12e-05	2.82e-02	2.73e-01	5.21e-01	1.66e-01	1.02e-02	1.01e-03	8.08e-05	1.82e-07	0.00e+00
 5.22657e+22	1.40e-08	1.07e-04	3.14e-02	2.87e-01	5.16e-01	1.56e-01	9.10e-03	8.83e-04	6.72e-05	1.43e-07	0.00e+00
 5.26157e+22	1.82e-08	1.31e-04	3.59e-02	3.04e-01	5.08e-01	1.43e-01	7.88e-03	7.42e-04	5.33e-05	0.00e+00	0.00e+00
 5.29663e+22	2.27e-08	1.54e-04	4.01e-02	3.18e-01	5.01e-01	1.33e-01	6.96e-03	6.41e-04	4.38e-05	0.00e+00	0.00e+00
 5.32686e+22	2.77e-08	1.78e-04	4.44e-02	3.31e-01	4.93e-01	1.24e-01	6.20e-03	5.58e-04	3.65e-05	0.00e+00	0.00e+00
 5.36121e+22	3.58e-08	2.16e-04	5.04e-02	3.48e-01	4.82e-01	1.13e-01	5.32e-03	4.66e-04	2.87e-05	0.00e+00	0.00e+00
 5.39672e+22	4.44e-08	2.53e-04	5.60e-02	3.62e-01	4.72e-01	1.05e-01	4.67e-03	3.99e-04	2.34e-05	0.00e+00	0.00e+00
 5.43370e+22	5.79e-08	3.09e-04	6.38e-02	3.80e-01	4.57e-01	9.44e-02	3.95e-03	3.28e-04	1.80e-05	0.00e+00	0.00e+00
 5.47124e+22	7.26e-08	3.65e-04	7.12e-02	3.95e-01	4.44e-01	8.60e-02	3.41e-03	2.76e-04	1.44e-05	0.00e+00	0.00e+00
 5.50338e+22	8.86e-08	4.22e-04	7.83e-02	4.07e-01	4.32e-01	7.91e-02	2.99e-03	2.37e-04	1.17e-05	0.00e+00	0.00e+00
 5.53902e+22	1.14e-07	5.09e-04	8.84e-02	4.23e-01	4.15e-01	7.07e-02	2.51e-03	1.94e-04	8.99e-06	0.00e+00	0.00e+00
 5.57204e+22	1.35e-07	5.74e-04	9.55e-02	4.33e-01	4.03e-01	6.55e-02	2.24e-03	1.69e-04	7.54e-06	0.00e+00	0.00e+00
 5.60162e+22	1.64e-07	6.64e-04	1.05e-01	4.44e-01	3.89e-01	5.96e-02	1.94e-03	1.43e-04	6.07e-06	0.00e+00	0.00e+00
 5.63207e+22	1.95e-07	7.51e-04	1.13e-01	4.53e-01	3.76e-01	5.48e-02	1.71e-03	1.24e-04	5.02e-06	0.00e+00	0.00e+00
 5.65923e+22	2.29e-07	8.46e-04	1.22e-01	4.62e-01	3.63e-01	5.04e-02	1.51e-03	1.08e-04	4.17e-06	0.00e+00	0.00e+00
 5.69014e+22	2.82e-07	9.83e-04	1.34e-01	4.72e-01	3.47e-01	4.52e-02	1.29e-03	8.94e-05	3.28e-06	0.00e+00	0.00e+00
 5.72130e+22	3.33e-07	1.11e-03	1.45e-01	4.79e-01	3.33e-01	4.12e-02	1.13e-03	7.68e-05	2.69e-06	0.00e+00	0.00e+00
 5.74865e+22	3.89e-07	1.24e-03	1.55e-01	4.85e-01	3.20e-01	3.77e-02	9.92e-04	6.62e-05	2.22e-06	0.00e+00	0.00e+00
 5.77194e+22	4.37e-07	1.35e-03	1.63e-01	4.90e-01	3.10e-01	3.52e-02	9.00e-04	5.92e-05	1.92e-06	0.00e+00	0.00e+00
 5.79410e+22	5.02e-07	1.49e-03	1.73e-01	4.94e-01	2.98e-01	3.24e-02	8.02e-04	5.17e-05	1.62e-06	0.00e+00	0.00e+00
 5.82290e+22	6.00e-07	1.69e-03	1.87e-01	4.99e-01	2.83e-01	2.90e-02	6.87e-04	4.33e-05	1.29e-06	0.00e+00	0.00e+00
 5.85374e+22	7.07e-07	1.90e-03	2.01e-01	5.02e-01	2.68e-01	2.61e-02	5.94e-04	3.66e-05	1.04e-06	0.00e+00	0.00e+00
 5.88273e+22	8.30e-07	2.13e-03	2.15e-01	5.05e-01	2.54e-01	2.35e-02	5.13e-04	3.09e-05	8.35e-07	0.00e+00	0.00e+00
 5.91595e+22	1.02e-06	2.46e-03	2.34e-01	5.06e-01	2.37e-01	2.04e-02	4.24e-04	2.48e-05	6.31e-07	0.00e+00	0.00e+00
 5.94930e+22	1.19e-06	2.75e-03	2.49e-01	5.07e-01	2.23e-01	1.82e-02	3.64e-04	2.07e-05	5.04e-07	0.00e+00	0.00e+00
 5.98281e+22	1.45e-06	3.16e-03	2.70e-01	5.05e-01	2.06e-01	1.57e-02	2.98e-04	1.65e-05	3.78e-07	0.00e+00	0.00e+00
 6.01679e+22	1.70e-06	3.53e-03	2.87e-01	5.03e-01	1.93e-01	1.39e-02	2.54e-04	1.37e-05	2.99e-07	0.00e+00	0.00e+00
 6.05137e+22	2.07e-06	4.04e-03	3.09e-01	4.98e-01	1.77e-01	1.19e-02	2.07e-04	1.08e-05	2.22e-07	0.00e+00	0.00e+00
 6.08686e+22	2.43e-06	4.52e-03	3.28e-01	4.93e-01	1.64e-01	1.04e-02	1.73e-04	8.77e-06	1.72e-07	0.00e+00	0.00e+00
 6.12353e+22	2.97e-06	5.18e-03	3.53e-01	4.85e-01	1.48e-01	8.69e-03	1.38e-04	6.74e-06	1.24e-07	0.00e+00	0.00e+00
 6.16067e+22	3.50e-06	5.79e-03	3.74e-01	4.77e-01	1.36e-01	7.50e-03	1.15e-04	5.41e-06	0.00e+00	0.00e+00	0.00e+00
 6.19841e+22	4.27e-06	6.62e-03	4.01e-01	4.65e-01	1.21e-01	6.20e-03	9.03e-05	4.09e-06	0.00e+00	0.00e+00	0.00e+00
 6.23694e+22	5.03e-06	7.39e-03	4.23e-01	4.54e-01	1.10e-01	5.28e-03	7.39e-05	3.23e-06	0.00e+00	0.00e+00	0.00e+00
 6.26634e+22	5.66e-06	7.98e-03	4.39e-01	4.45e-01	1.02e-01	4.69e-03	6.38e-05	2.72e-06	0.00e+00	0.00e+00	0.00e+00
 6.29442e+22	6.51e-06	8.75e-03	4.60e-01	4.34e-01	9.34e-02	4.05e-03	5.32e-05	2.19e-06	0.00e+00	0.00e+00	0.00e+00
 6.32316e+22	7.31e-06	9.45e-03	4.76e-01	4.24e-01	8.64e-02	3.57e-03	4.56e-05	1.83e-06	0.00e+00	0.00e+00	0.00e+00
 6.35277e+22	8.42e-06	1.04e-02	4.97e-01	4.11e-01	7.82e-02	3.05e-03	3.77e-05	1.45e-06	0.00e+00	0.00e+00	0.00e+00
 6.38298e+22	9.49e-06	1.12e-02	5.14e-01	4.00e-01	7.17e-02	2.66e-03	3.19e-05	1.19e-06	0.00e+00	0.00e+00	0.00e+00
 6.40978e+22	1.07e-05	1.21e-02	5.31e-01	3.88e-01	6.58e-02	2.32e-03	2.71e-05	9.82e-07	0.00e+00	0.00e+00	0.00e+00
 6.44045e+22	1.24e-05	1.33e-02	5.53e-01	3.73e-01	5.87e-02	1.94e-03	2.19e-05	7.62e-07	0.00e+00	0.00e+00	0.00e+00
 6.47118e+22	1.38e-05	1.42e-02	5.69e-01	3.61e-01	5.36e-02	1.69e-03	1.86e-05	6.26e-07	0.00e+00	0.00e+00	0.00e+00
 6.50199e+22	1.58e-05	1.55e-02	5.90e-01	3.46e-01	4.77e-02	1.42e-03	1.50e-05	4.86e-07	0.00e+00	0.00e+00	0.00e+00
 6.53380e+22	1.79e-05	1.67e-02	6.07e-01	3.32e-01	4.30e-02	1.21e-03	1.25e-05	3.90e-07	0.00e+00	0.00e+00	0.00e+00
 6.55754e+22	1.93e-05	1.76e-02	6.18e-01	3.23e-01	4.02e-02	1.09e-03	1.11e-05	3.36e-07	0.00e+00	0.00e+00	0.00e+00
 6.57410e+22	2.04e-05	1.82e-02	6.26e-01	3.17e-01	3.82e-02	1.01e-03	1.01e-05	3.02e-07	0.00e+00	0.00e+00	0.00e+00
 6.59066e+22	2.20e-05	1.90e-02	6.36e-01	3.08e-01	3.57e-02	9.13e-04	8.99e-06	2.62e-07	0.00e+00	0.00e+00	0.00e+00
 6.61219e+22	2.41e-05	2.01e-02	6.49e-01	2.98e-01	3.27e-02	8.03e-04	7.74e-06	2.19e-07	0.00e+00	0.00e+00	0.00e+00
 6.63636e+22	2.64e-05	2.13e-02	6.61e-01	2.87e-01	2.99e-02	7.04e-04	6.64e-06	1.82e-07	0.00e+00	0.00e+00	0.00e+00
 6.65991e+22	2.89e-05	2.25e-02	6.73e-01	2.76e-01	2.74e-02	6.18e-04	5.71e-06	1.52e-07	0.00e+00	0.00e+00	0.00e+00
 6.68647e+22	3.24e-05	2.41e-02	6.88e-01	2.63e-01	2.44e-02	5.21e-04	4.69e-06	0.00e+00	0.00e+00	0.00e+00	0.00e+00
 6.71153e+22	3.50e-05	2.52e-02	6.98e-01	2.54e-01	2.25e-02	4.64e-04	4.10e-06	0.00e+00	0.00e+00	0.00e+00	0.00e+00
 6.73462e+22	3.84e-05	2.67e-02	7.10e-01	2.43e-01	2.04e-02	4.02e-04	3.48e-06	0.00e+00	0.00e+00	0.00e+00	0.00e+00
 6.76463e+22	4.34e-05	2.87e-02	7.25e-01	2.29e-01	1.78e-02	3.31e-04	2.79e-06	0.00e+00	0.00e+00	0.00e+00	0.00e+00
 6.79713e+22	4.86e-05	3.07e-02	7.37e-01	2.16e-01	1.57e-02	2.77e-04	2.27e-06	0.00e+00	0.00e+00	0.00e+00	0.00e+00
 6.83287e+22	5.61e-05	3.34e-02	7.53e-01	2.00e-01	1.33e-02	2.19e-04	1.74e-06	0.00e+00	0.00e+00	0.00e+00	0.00e+00
 6.87001e+22	6.35e-05	3.58e-02	7.66e-01	1.87e-01	1.15e-02	1.79e-04	1.38e-06	0.00e+00	0.00e+00	0.00e+00	0.00e+00
 6.90897e+22	7.37e-05	3.90e-02	7.80e-01	1.71e-01	9.61e-03	1.38e-04	1.03e-06	0.00e+00	0.00e+00	0.00e+00	0.00e+00
 6.94883e+22	8.39e-05	4.21e-02	7.91e-01	1.59e-01	8.21e-03	1.11e-04	8.05e-07	0.00e+00	0.00e+00	0.00e+00	0.00e+00
 6.98988e+22	9.86e-05	4.60e-02	8.04e-01	1.43e-01	6.68e-03	8.38e-05	5.84e-07	0.00e+00	0.00e+00	0.00e+00	0.00e+00
 7.03079e+22	1.12e-04	4.94e-02	8.12e-01	1.32e-01	5.71e-03	6.76e-05	4.57e-07	0.00e+00	0.00e+00	0.00e+00	0.00e+00
 7.07153e+22	1.30e-04	5.39e-02	8.22e-01	1.19e-01	4.62e-03	5.08e-05	3.31e-07	0.00e+00	0.00e+00	0.00e+00	0.00e+00
 7.11312e+22	1.48e-04	5.78e-02	8.29e-01	1.09e-01	3.90e-03	4.05e-05	2.55e-07	0.00e+00	0.00e+00	0.00e+00	0.00e+00
 7.15581e+22	1.74e-04	6.31e-02	8.37e-01	9.69e-02	3.10e-03	2.99e-05	1.81e-07	0.00e+00	0.00e+00	0.00e+00	0.00e+00
 7.19940e+22	1.99e-04	6.80e-02	8.41e-01	8.78e-02	2.57e-03	2.34e-05	1.37e-07	0.00e+00	0.00e+00	0.00e+00	0.00e+00
 7.24415e+22	2.36e-04	7.44e-02	8.46e-01	7.69e-02	2.00e-03	1.69e-05	0.00e+00	0.00e+00	0.00e+00	0.00e+00	0.00e+00
 7.28958e+22	2.73e-04	8.04e-02	8.49e-01	6.87e-02	1.63e-03	1.29e-05	0.00e+00	0.00e+00	0.00e+00	0.00e+00	0.00e+00
 7.32500e+22	3.04e-04	8.50e-02	8.50e-01	6.31e-02	1.39e-03	1.06e-05	0.00e+00	0.00e+00	0.00e+00	0.00e+00	0.00e+00
 7.36014e+22	3.50e-04	9.14e-02	8.51e-01	5.61e-02	1.12e-03	8.06e-06	0.00e+00	0.00e+00	0.00e+00	0.00e+00	0.00e+00
 7.39508e+22	3.89e-04	9.66e-02	8.51e-01	5.12e-02	9.56e-04	6.57e-06	0.00e+00	0.00e+00	0.00e+00	0.00e+00	0.00e+00
 7.42979e+22	4.48e-04	1.04e-01	8.50e-01	4.52e-02	7.67e-04	4.98e-06	0.00e+00	0.00e+00	0.00e+00	0.00e+00	0.00e+00
 7.46496e+22	5.04e-04	1.10e-01	8.48e-01	4.07e-02	6.39e-04	3.96e-06	0.00e+00	0.00e+00	0.00e+00	0.00e+00	0.00e+00
 7.50074e+22	5.83e-04	1.18e-01	8.45e-01	3.55e-02	5.03e-04	2.95e-06	0.00e+00	0.00e+00	0.00e+00	0.00e+00	0.00e+00
 7.53697e+22	6.62e-04	1.26e-01	8.42e-01	3.14e-02	4.10e-04	2.29e-06	0.00e+00	0.00e+00	0.00e+00	0.00e+00	0.00e+00
 7.56853e+22	7.46e-04	1.33e-01	8.38e-01	2.79e-02	3.36e-04	1.79e-06	0.00e+00	0.00e+00	0.00e+00	0.00e+00	0.00e+00
 7.60430e+22	8.66e-04	1.43e-01	8.32e-01	2.38e-02	2.58e-04	1.29e-06	0.00e+00	0.00e+00	0.00e+00	0.00e+00	0.00e+00
 7.64108e+22	9.96e-04	1.52e-01	8.26e-01	2.05e-02	2.03e-04	9.63e-07	0.00e+00	0.00e+00	0.00e+00	0.00e+00	0.00e+00
 7.67335e+22	1.13e-03	1.61e-01	8.20e-01	1.78e-02	1.61e-04	7.24e-07	0.00e+00	0.00e+00	0.00e+00	0.00e+00	0.00e+00
 7.70947e+22	1.33e-03	1.73e-01	8.11e-01	1.47e-02	1.20e-04	4.99e-07	0.00e+00	0.00e+00	0.00e+00	0.00e+00	0.00e+00
 7.74754e+22	1.55e-03	1.85e-01	8.01e-01	1.21e-02	8.91e-05	3.45e-07	0.00e+00	0.00e+00	0.00e+00	0.00e+00	0.00e+00
 7.78027e+22	1.76e-03	1.96e-01	7.92e-01	1.01e-02	6.86e-05	2.47e-07	0.00e+00	0.00e+00	0.00e+00	0.00e+00	0.00e+00
 7.80850e+22	1.98e-03	2.05e-01	7.84e-01	8.57e-03	5.40e-05	1.81e-07	0.00e+00	0.00e+00	0.00e+00	0.00e+00	0.00e+00
 7.83456e+22	2.21e-03	2.15e-01	7.76e-01	7.25e-03	4.27e-05	1.33e-07	0.00e+00	0.00e+00	0.00e+00	0.00e+00	0.00e+00
 7.86423e+22	2.55e-03	2.27e-01	7.65e-01	5.82e-03	3.16e-05	0.00e+00	0.00e+00	0.00e+00	0.00e+00	0.00e+00	0.00e+00
 7.88631e+22	2.71e-03	2.32e-01	7.60e-01	5.14e-03	2.69e-05	0.00e+00	0.00e+00	0.00e+00	0.00e+00	0.00e+00	0.00e+00
 7.89441e+22	2.79e-03	2.34e-01	7.58e-01	4.88e-03	2.51e-05	0.00e+00	0.00e+00	0.00e+00	0.00e+00	0.00e+00	0.00e+00
 7.90031e+22	2.87e-03	2.37e-01	7.56e-01	4.64e-03	2.36e-05	0.00e+00	0.00e+00	0.00e+00	0.00e+00	0.00e+00	0.00e+00
 7.90717e+22	2.95e-03	2.39e-01	7.54e-01	4.40e-03	2.20e-05	0.00e+00	0.00e+00	0.00e+00	0.00e+00	0.00e+00	0.00e+00
 7.91542e+22	3.08e-03	2.43e-01	7.50e-01	4.10e-03	2.01e-05	0.00e+00	0.00e+00	0.00e+00	0.00e+00	0.00e+00	0.00e+00
 7.92374e+22	3.19e-03	2.46e-01	7.47e-01	3.84e-03	1.85e-05	0.00e+00	0.00e+00	0.00e+00	0.00e+00	0.00e+00	0.00e+00
 7.93114e+22	3.29e-03	2.48e-01	7.45e-01	3.60e-03	1.71e-05	0.00e+00	0.00e+00	0.00e+00	0.00e+00	0.00e+00	0.00e+00
 7.93832e+22	3.41e-03	2.51e-01	7.42e-01	3.39e-03	1.59e-05	0.00e+00	0.00e+00	0.00e+00	0.00e+00	0.00e+00	0.00e+00
 7.94541e+22	3.52e-03	2.54e-01	7.39e-01	3.18e-03	1.47e-05	0.00e+00	0.00e+00	0.00e+00	0.00e+00	0.00e+00	0.00e+00
 7.95234e+22	3.62e-03	2.56e-01	7.37e-01	3.00e-03	1.37e-05	0.00e+00	0.00e+00	0.00e+00	0.00e+00	0.00e+00	0.00e+00
 7.95950e+22	3.75e-03	2.59e-01	7.34e-01	2.80e-03	1.26e-05	0.00e+00	0.00e+00	0.00e+00	0.00e+00	0.00e+00	0.00e+00
 7.96661e+22	3.87e-03	2.62e-01	7.32e-01	2.63e-03	1.17e-05	0.00e+00	0.00e+00	0.00e+00	0.00e+00	0.00e+00	0.00e+00
 7.97326e+22	4.00e-03	2.65e-01	7.29e-01	2.47e-03	1.09e-05	0.00e+00	0.00e+00	0.00e+00	0.00e+00	0.00e+00	0.00e+00
 7.97962e+22	4.11e-03	2.67e-01	7.27e-01	2.32e-03	1.02e-05	0.00e+00	0.00e+00	0.00e+00	0.00e+00	0.00e+00	0.00e+00
 7.98600e+22	4.24e-03	2.69e-01	7.24e-01	2.18e-03	9.45e-06	0.00e+00	0.00e+00	0.00e+00	0.00e+00	0.00e+00	0.00e+00
 7.99250e+22	4.35e-03	2.71e-01	7.22e-01	2.05e-03	8.82e-06	0.00e+00	0.00e+00	0.00e+00	0.00e+00	0.00e+00	0.00e+00
 7.99898e+22	4.50e-03	2.74e-01	7.20e-01	1.92e-03	8.19e-06	0.00e+00	0.00e+00	0.00e+00	0.00e+00	0.00e+00	0.00e+00
 8.00529e+22	4.64e-03	2.76e-01	7.17e-01	1.80e-03	7.63e-06	0.00e+00	0.00e+00	0.00e+00	0.00e+00	0.00e+00	0.00e+00
 8.01119e+22	4.77e-03	2.78e-01	7.15e-01	1.69e-03	7.14e-06	0.00e+00	0.00e+00	0.00e+00	0.00e+00	0.00e+00	0.00e+00
 8.01698e+22	4.88e-03	2.80e-01	7.14e-01	1.60e-03	6.71e-06	0.00e+00	0.00e+00	0.00e+00	0.00e+00	0.00e+00	0.00e+00
 8.02312e+22	5.05e-03	2.83e-01	7.11e-01	1.49e-03	6.23e-06	0.00e+00	0.00e+00	0.00e+00	0.00e+00	0.00e+00	0.00e+00
 8.02919e+22	5.18e-03	2.84e-01	7.09e-01	1.40e-03	5.84e-06	0.00e+00	0.00e+00	0.00e+00	0.00e+00	0.00e+00	0.00e+00
 8.03496e+22	5.33e-03	2.86e-01	7.07e-01	1.32e-03	5.47e-06	0.00e+00	0.00e+00	0.00e+00	0.00e+00	0.00e+00	0.00e+00
 8.04069e+22	5.49e-03	2.89e-01	7.05e-01	1.24e-03	5.12e-06	0.00e+00	0.00e+00	0.00e+00	0.00e+00	0.00e+00	0.00e+00
 8.04620e+22	5.64e-03	2.90e-01	7.03e-01	1.17e-03	4.81e-06	0.00e+00	0.00e+00	0.00e+00	0.00e+00	0.00e+00	0.00e+00
 8.05162e+22	5.80e-03	2.92e-01	7.01e-01	1.10e-03	4.52e-06	0.00e+00	0.00e+00	0.00e+00	0.00e+00	0.00e+00	0.00e+00
 8.05711e+22	5.96e-03	2.94e-01	6.99e-01	1.04e-03	4.25e-06	0.00e+00	0.00e+00	0.00e+00	0.00e+00	0.00e+00	0.00e+00
 8.06260e+22	6.12e-03	2.96e-01	6.97e-01	9.75e-04	4.00e-06	0.00e+00	0.00e+00	0.00e+00	0.00e+00	0.00e+00	0.00e+00
 8.06805e+22	6.29e-03	2.97e-01	6.95e-01	9.18e-04	3.76e-06	0.00e+00	0.00e+00	0.00e+00	0.00e+00	0.00e+00	0.00e+00
 8.07347e+22	6.46e-03	2.99e-01	6.94e-01	8.64e-04	3.54e-06	0.00e+00	0.00e+00	0.00e+00	0.00e+00	0.00e+00	0.00e+00
 8.07885e+22	6.61e-03	3.00e-01	6.92e-01	8.16e-04	3.35e-06	0.00e+00	0.00e+00	0.00e+00	0.00e+00	0.00e+00	0.00e+00
 8.08434e+22	6.80e-03	3.02e-01	6.91e-01	7.68e-04	3.15e-06	0.00e+00	0.00e+00	0.00e+00	0.00e+00	0.00e+00	0.00e+00
 8.08982e+22	7.01e-03	3.04e-01	6.89e-01	7.21e-04	2.97e-06	0.00e+00	0.00e+00	0.00e+00	0.00e+00	0.00e+00	0.00e+00
 8.09498e+22	7.19e-03	3.05e-01	6.87e-01	6.82e-04	2.81e-06	0.00e+00	0.00e+00	0.00e+00	0.00e+00	0.00e+00	0.00e+00
 8.10000e+22	7.32e-03	3.06e-01	6.86e-01	6.47e-04	2.67e-06	0.00e+00	0.00e+00	0.00e+00	0.00e+00	0.00e+00	0.00e+00
 8.10556e+22	7.55e-03	3.07e-01	6.85e-01	6.08e-04	2.52e-06	0.00e+00	0.00e+00	0.00e+00	0.00e+00	0.00e+00	0.00e+00
 8.11134e+22	7.78e-03	3.09e-01	6.83e-01	5.71e-04	2.37e-06	0.00e+00	0.00e+00	0.00e+00	0.00e+00	0.00e+00	0.00e+00
 8.11657e+22	7.97e-03	3.10e-01	6.82e-01	5.40e-04	2.25e-06	0.00e+00	0.00e+00	0.00e+00	0.00e+00	0.00e+00	0.00e+00
 8.12159e+22	8.18e-03	3.11e-01	6.80e-01	5.12e-04	2.14e-06	0.00e+00	0.00e+00	0.00e+00	0.00e+00	0.00e+00	0.00e+00
 8.12682e+22	8.40e-03	3.12e-01	6.79e-01	4.84e-04	2.03e-06	0.00e+00	0.00e+00	0.00e+00	0.00e+00	0.00e+00	0.00e+00
 8.13222e+22	8.61e-03	3.13e-01	6.78e-01	4.58e-04	1.93e-06	0.00e+00	0.00e+00	0.00e+00	0.00e+00	0.00e+00	0.00e+00
 8.13769e+22	8.87e-03	3.15e-01	6.76e-01	4.32e-04	1.83e-06	0.00e+00	0.00e+00	0.00e+00	0.00e+00	0.00e+00	0.00e+00
 8.14304e+22	9.10e-03	3.16e-01	6.75e-01	4.10e-04	1.74e-06	0.00e+00	0.00e+00	0.00e+00	0.00e+00	0.00e+00	0.00e+00
 8.14832e+22	9.34e-03	3.17e-01	6.74e-01	3.88e-04	1.66e-06	0.00e+00	0.00e+00	0.00e+00	0.00e+00	0.00e+00	0.00e+00
 8.15377e+22	9.59e-03	3.18e-01	6.73e-01	3.68e-04	1.58e-06	0.00e+00	0.00e+00	0.00e+00	0.00e+00	0.00e+00	0.00e+00
 8.15943e+22	9.87e-03	3.19e-01	6.71e-01	3.48e-04	1.51e-06	0.00e+00	0.00e+00	0.00e+00	0.00e+00	0.00e+00	0.00e+00
 8.16511e+22	1.02e-02	3.20e-01	6.70e-01	3.30e-04	1.43e-06	0.00e+00	0.00e+00	0.00e+00	0.00e+00	0.00e+00	0.00e+00
 8.17066e+22	1.04e-02	3.21e-01	6.68e-01	3.13e-04	1.37e-06	0.00e+00	0.00e+00	0.00e+00	0.00e+00	0.00e+00	0.00e+00
 8.17627e+22	1.07e-02	3.22e-01	6.67e-01	2.98e-04	1.31e-06	0.00e+00	0.00e+00	0.00e+00	0.00e+00	0.00e+00	0.00e+00
 8.18214e+22	1.11e-02	3.23e-01	6.66e-01	2.83e-04	1.25e-06	0.00e+00	0.00e+00	0.00e+00	0.00e+00	0.00e+00	0.00e+00
 8.18826e+22	1.14e-02	3.24e-01	6.64e-01	2.68e-04	1.20e-06	0.00e+00	0.00e+00	0.00e+00	0.00e+00	0.00e+00	0.00e+00
 8.19445e+22	1.18e-02	3.26e-01	6.62e-01	2.54e-04	1.15e-06	0.00e+00	0.00e+00	0.00e+00	0.00e+00	0.00e+00	0.00e+00
 8.20053e+22	1.22e-02	3.27e-01	6.60e-01	2.42e-04	1.10e-06	0.00e+00	0.00e+00	0.00e+00	0.00e+00	0.00e+00	0.00e+00
 8.20673e+22	1.26e-02	3.29e-01	6.58e-01	2.30e-04	1.05e-06	0.00e+00	0.00e+00	0.00e+00	0.00e+00	0.00e+00	0.00e+00
 8.21258e+22	1.29e-02	3.30e-01	6.57e-01	2.20e-04	1.02e-06	0.00e+00	0.00e+00	0.00e+00	0.00e+00	0.00e+00	0.00e+00
 8.21768e+22	1.33e-02	3.31e-01	6.55e-01	2.11e-04	9.86e-07	0.00e+00	0.00e+00	0.00e+00	0.00e+00	0.00e+00	0.00e+00
 8.22272e+22	1.36e-02	3.33e-01	6.53e-01	2.03e-04	9.56e-07	0.00e+00	0.00e+00	0.00e+00	0.00e+00	0.00e+00	0.00e+00
 8.22818e+22	1.41e-02	3.35e-01	6.51e-01	1.95e-04	9.25e-07	0.00e+00	0.00e+00	0.00e+00	0.00e+00	0.00e+00	0.00e+00
 8.23386e+22	1.45e-02	3.36e-01	6.49e-01	1.87e-04	8.96e-07	0.00e+00	0.00e+00	0.00e+00	0.00e+00	0.00e+00	0.00e+00
 8.23957e+22	1.50e-02	3.38e-01	6.47e-01	1.80e-04	8.67e-07	0.00e+00	0.00e+00	0.00e+00	0.00e+00	0.00e+00	0.00e+00
 8.24532e+22	1.55e-02	3.40e-01	6.44e-01	1.73e-04	8.40e-07	0.00e+00	0.00e+00	0.00e+00	0.00e+00	0.00e+00	0.00e+00
 8.25104e+22	1.60e-02	3.42e-01	6.41e-01	1.66e-04	8.15e-07	0.00e+00	0.00e+00	0.00e+00	0.00e+00	0.00e+00	0.00e+00
 8.25689e+22	1.65e-02	3.45e-01	6.39e-01	1.60e-04	7.91e-07	0.00e+00	0.00e+00	0.00e+00	0.00e+00	0.00e+00	0.00e+00
 8.26297e+22	1.71e-02	3.47e-01	6.36e-01	1.53e-04	7.67e-07	0.00e+00	0.00e+00	0.00e+00	0.00e+00	0.00e+00	0.00e+00
 8.26920e+22	1.77e-02	3.50e-01	6.32e-01	1.47e-04	7.44e-07	0.00e+00	0.00e+00	0.00e+00	0.00e+00	0.00e+00	0.00e+00
 8.27549e+22	1.84e-02	3.53e-01	6.29e-01	1.41e-04	7.22e-07	0.00e+00	0.00e+00	0.00e+00	0.00e+00	0.00e+00	0.00e+00
 8.28186e+22	1.90e-02	3.55e-01	6.25e-01	1.36e-04	7.01e-07	0.00e+00	0.00e+00	0.00e+00	0.00e+00	0.00e+00	0.00e+00
 8.28837e+22	1.98e-02	3.58e-01	6.22e-01	1.30e-04	6.81e-07	0.00e+00	0.00e+00	0.00e+00	0.00e+00	0.00e+00	0.00e+00
 8.29508e+22	2.06e-02	3.62e-01	6.18e-01	1.25e-04	6.60e-07	0.00e+00	0.00e+00	0.00e+00	0.00e+00	0.00e+00	0.00e+00
 8.30187e+22	2.14e-02	3.65e-01	6.14e-01	1.20e-04	6.41e-07	0.00e+00	0.00e+00	0.00e+00	0.00e+00	0.00e+00	0.00e+00
 8.30876e+22	2.22e-02	3.68e-01	6.09e-01	1.15e-04	6.23e-07	0.00e+00	0.00e+00	0.00e+00	0.00e+00	0.00e+00	0.00e+00
 8.31586e+22	2.32e-02	3.72e-01	6.05e-01	1.10e-04	6.04e-07	0.00e+00	0.00e+00	0.00e+00	0.00e+00	0.00e+00	0.00e+00
 8.32314e+22	2.41e-02	3.76e-01	6.00e-01	1.06e-04	5.87e-07	0.00e+00	0.00e+00	0.00e+00	0.00e+00	0.00e+00	0.00e+00
 8.33055e+22	2.52e-02	3.80e-01	5.95e-01	1.01e-04	5.70e-07	0.00e+00	0.00e+00	0.00e+00	0.00e+00	0.00e+00	0.00e+00
 8.33808e+22	2.63e-02	3.84e-01	5.90e-01	9.73e-05	5.53e-07	0.00e+00	0.00e+00	0.00e+00	0.00e+00	0.00e+00	0.00e+00
 8.34584e+22	2.74e-02	3.88e-01	5.84e-01	9.31e-05	5.37e-07	0.00e+00	0.00e+00	0.00e+00	0.00e+00	0.00e+00	0.00e+00
 8.35384e+22	2.86e-02	3.93e-01	5.79e-01	8.91e-05	5.21e-07	0.00e+00	0.00e+00	0.00e+00	0.00e+00	0.00e+00	0.00e+00
 8.36204e+22	2.99e-02	3.97e-01	5.73e-01	8.52e-05	5.05e-07	0.00e+00	0.00e+00	0.00e+00	0.00e+00	0.00e+00	0.00e+00
 8.37043e+22	3.13e-02	4.02e-01	5.67e-01	8.15e-05	4.90e-07	0.00e+00	0.00e+00	0.00e+00	0.00e+00	0.00e+00	0.00e+00
 8.37907e+22	3.28e-02	4.07e-01	5.60e-01	7.78e-05	4.76e-07	0.00e+00	0.00e+00	0.00e+00	0.00e+00	0.00e+00	0.00e+00
 8.38797e+22	3.43e-02	4.12e-01	5.54e-01	7.43e-05	4.61e-07	0.00e+00	0.00e+00	0.00e+00	0.00e+00	0.00e+00	0.00e+00
 8.39702e+22	3.59e-02	4.17e-01	5.47e-01	7.09e-05	4.47e-07	0.00e+00	0.00e+00	0.00e+00	0.00e+00	0.00e+00	0.00e+00
 8.40621e+22	3.76e-02	4.22e-01	5.40e-01	6.77e-05	4.34e-07	0.00e+00	0.00e+00	0.00e+00	0.00e+00	0.00e+00	0.00e+00
 8.41555e+22	3.93e-02	4.27e-01	5.34e-01	6.46e-05	4.21e-07	0.00e+00	0.00e+00	0.00e+00	0.00e+00	0.00e+00	0.00e+00
 8.42511e+22	4.13e-02	4.33e-01	5.26e-01	6.16e-05	4.08e-07	0.00e+00	0.00e+00	0.00e+00	0.00e+00	0.00e+00	0.00e+00
 8.43507e+22	4.34e-02	4.38e-01	5.18e-01	5.87e-05	3.94e-07	0.00e+00	0.00e+00	0.00e+00	0.00e+00	0.00e+00	0.00e+00
 8.44542e+22	4.55e-02	4.44e-01	5.10e-01	5.59e-05	3.82e-07	0.00e+00	0.00e+00	0.00e+00	0.00e+00	0.00e+00	0.00e+00
 8.45580e+22	4.77e-02	4.50e-01	5.03e-01	5.32e-05	3.70e-07	0.00e+00	0.00e+00	0.00e+00	0.00e+00	0.00e+00	0.00e+00
 8.46621e+22	5.01e-02	4.55e-01	4.95e-01	5.07e-05	3.58e-07	0.00e+00	0.00e+00	0.00e+00	0.00e+00	0.00e+00	0.00e+00
 8.47713e+22	5.28e-02	4.61e-01	4.86e-01	4.81e-05	3.46e-07	0.00e+00	0.00e+00	0.00e+00	0.00e+00	0.00e+00	0.00e+00
 8.48866e+22	5.56e-02	4.68e-01	4.77e-01	4.56e-05	3.33e-07	0.00e+00	0.00e+00	0.00e+00	0.00e+00	0.00e+00	0.00e+00
 8.50047e+22	5.86e-02	4.74e-01	4.68e-01	4.32e-05	3.21e-07	0.00e+00	0.00e+00	0.00e+00	0.00e+00	0.00e+00	0.00e+00
 8.51250e+22	6.19e-02	4.80e-01	4.58e-01	4.09e-05	3.09e-07	0.00e+00	0.00e+00	0.00e+00	0.00e+00	0.00e+00	0.00e+00
 8.52496e+22	6.55e-02	4.86e-01	4.48e-01	3.87e-05	2.97e-07	0.00e+00	0.00e+00	0.00e+00	0.00e+00	0.00e+00	0.00e+00
 8.53787e+22	6.94e-02	4.93e-01	4.38e-01	3.65e-05	2.84e-07	0.00e+00	0.00e+00	0.00e+00	0.00e+00	0.00e+00	0.00e+00
 8.55071e+22	7.35e-02	4.99e-01	4.27e-01	3.45e-05	2.72e-07	0.00e+00	0.00e+00	0.00e+00	0.00e+00	0.00e+00	0.00e+00
