#depth	Cl	Cl+	Cl+2	Cl+3	Cl+4	Cl+5	Cl+6	Cl+7	Cl+8	Cl+9	Cl+10	Cl+11	Cl+12	Cl+13	Cl+14	Cl+15	Cl+16	Cl+17
 4.62852e+21	0.00e+00	1.73e-26	6.98e-23	1.01e-19	3.91e-17	9.03e-15	2.07e-12	4.28e-09	7.35e-07	4.05e-05	7.60e-04	7.54e-03	3.34e-02	6.98e-02	1.42e-01	5.58e-01	1.72e-01	1.67e-02
 1.03234e+22	0.00e+00	7.43e-24	1.74e-20	1.39e-17	2.88e-15	3.46e-13	4.19e-11	9.40e-08	1.36e-05	5.57e-04	6.87e-03	4.29e-02	1.18e-01	1.48e-01	1.75e-01	4.25e-01	7.83e-02	4.59e-03
 1.18656e+22	0.00e+00	1.09e-22	1.97e-19	1.19e-16	1.84e-14	1.63e-12	1.47e-10	3.22e-07	4.31e-05	1.57e-03	1.61e-02	8.10e-02	1.81e-01	1.80e-01	1.67e-01	3.25e-01	4.70e-02	2.17e-03
 1.25794e+22	0.00e+00	3.94e-22	6.30e-19	3.32e-16	4.49e-14	3.43e-12	2.69e-10	5.61e-07	7.21e-05	2.48e-03	2.33e-02	1.05e-01	2.12e-01	1.89e-01	1.56e-01	2.74e-01	3.51e-02	1.44e-03
 1.28768e+22	0.00e+00	5.40e-22	8.39e-19	4.28e-16	5.59e-14	4.12e-12	3.12e-10	6.41e-07	8.15e-05	2.77e-03	2.54e-02	1.12e-01	2.20e-01	1.91e-01	1.53e-01	2.62e-01	3.25e-02	1.30e-03
 1.30136e+22	0.00e+00	8.04e-22	1.20e-18	5.88e-16	7.37e-14	5.20e-12	3.76e-10	7.57e-07	9.50e-05	3.16e-03	2.83e-02	1.21e-01	2.30e-01	1.92e-01	1.49e-01	2.46e-01	2.95e-02	1.13e-03
 1.31523e+22	0.00e+00	1.10e-21	1.60e-18	7.56e-16	9.16e-14	6.24e-12	4.36e-10	8.62e-07	1.07e-04	3.51e-03	3.08e-02	1.28e-01	2.37e-01	1.93e-01	1.46e-01	2.34e-01	2.72e-02	1.01e-03
 1.32932e+22	0.00e+00	1.65e-21	2.31e-18	1.05e-15	1.22e-13	7.90e-12	5.28e-10	1.02e-06	1.24e-04	4.01e-03	3.42e-02	1.37e-01	2.46e-01	1.94e-01	1.41e-01	2.19e-01	2.44e-02	8.75e-04
 1.34332e+22	0.00e+00	2.21e-21	3.01e-18	1.32e-15	1.49e-13	9.38e-12	6.08e-10	1.15e-06	1.39e-04	4.41e-03	3.68e-02	1.44e-01	2.52e-01	1.94e-01	1.37e-01	2.08e-01	2.26e-02	7.87e-04
 1.35721e+22	0.00e+00	3.27e-21	4.29e-18	1.81e-15	1.96e-13	1.18e-11	7.31e-10	1.34e-06	1.60e-04	4.99e-03	4.06e-02	1.54e-01	2.61e-01	1.93e-01	1.32e-01	1.94e-01	2.03e-02	6.79e-04
 1.37133e+22	0.00e+00	4.38e-21	5.59e-18	2.29e-15	2.40e-13	1.40e-11	8.42e-10	1.51e-06	1.77e-04	5.48e-03	4.36e-02	1.61e-01	2.66e-01	1.92e-01	1.28e-01	1.84e-01	1.86e-02	6.08e-04
 1.38576e+22	0.00e+00	6.49e-21	7.98e-18	3.14e-15	3.16e-13	1.76e-11	1.01e-09	1.77e-06	2.04e-04	6.18e-03	4.79e-02	1.71e-01	2.74e-01	1.91e-01	1.23e-01	1.70e-01	1.66e-02	5.21e-04
 1.40048e+22	0.00e+00	8.75e-21	1.05e-17	3.99e-15	3.90e-13	2.11e-11	1.17e-09	1.99e-06	2.27e-04	6.77e-03	5.14e-02	1.78e-01	2.79e-01	1.89e-01	1.19e-01	1.60e-01	1.52e-02	4.63e-04
 1.41557e+22	0.00e+00	1.30e-20	1.50e-17	5.49e-15	5.15e-13	2.66e-11	1.42e-09	2.33e-06	2.60e-04	7.62e-03	5.63e-02	1.89e-01	2.85e-01	1.87e-01	1.13e-01	1.48e-01	1.35e-02	3.94e-04
 1.43020e+22	0.00e+00	1.70e-20	1.91e-17	6.82e-15	6.22e-13	3.12e-11	1.62e-09	2.60e-06	2.86e-04	8.25e-03	5.98e-02	1.95e-01	2.89e-01	1.85e-01	1.10e-01	1.40e-01	1.24e-02	3.53e-04
 1.44422e+22	0.00e+00	2.43e-20	2.65e-17	9.10e-15	8.00e-13	3.86e-11	1.92e-09	2.98e-06	3.23e-04	9.16e-03	6.48e-02	2.05e-01	2.94e-01	1.82e-01	1.05e-01	1.29e-01	1.10e-02	3.03e-04
 1.45856e+22	0.00e+00	3.20e-20	3.40e-17	1.14e-14	9.71e-13	4.54e-11	2.20e-09	3.33e-06	3.55e-04	9.92e-03	6.87e-02	2.12e-01	2.97e-01	1.79e-01	1.01e-01	1.21e-01	1.01e-02	2.70e-04
 1.47331e+22	0.00e+00	4.60e-20	4.73e-17	1.52e-14	1.25e-12	5.64e-11	2.62e-09	3.83e-06	4.01e-04	1.10e-02	7.43e-02	2.21e-01	3.01e-01	1.76e-01	9.55e-02	1.11e-01	8.92e-03	2.30e-04
 1.48840e+22	0.00e+00	6.11e-20	6.12e-17	1.92e-14	1.53e-12	6.68e-11	3.01e-09	4.29e-06	4.41e-04	1.19e-02	7.88e-02	2.29e-01	3.03e-01	1.73e-01	9.16e-02	1.04e-01	8.10e-03	2.03e-04
 1.50391e+22	0.00e+00	8.86e-20	8.58e-17	2.59e-14	1.99e-12	8.34e-11	3.61e-09	4.95e-06	4.99e-04	1.32e-02	8.50e-02	2.38e-01	3.06e-01	1.68e-01	8.64e-02	9.51e-02	7.12e-03	1.71e-04
 1.51976e+22	0.00e+00	1.18e-19	1.12e-16	3.27e-14	2.44e-12	9.92e-11	4.17e-09	5.54e-06	5.49e-04	1.43e-02	9.00e-02	2.46e-01	3.07e-01	1.65e-01	8.24e-02	8.85e-02	6.42e-03	1.50e-04
 1.53605e+22	0.00e+00	1.73e-19	1.57e-16	4.44e-14	3.20e-12	1.24e-10	5.01e-09	6.42e-06	6.21e-04	1.58e-02	9.70e-02	2.55e-01	3.09e-01	1.59e-01	7.73e-02	8.03e-02	5.59e-03	1.26e-04
 1.55228e+22	0.00e+00	2.28e-19	2.03e-16	5.56e-14	3.89e-12	1.47e-10	5.76e-09	7.16e-06	6.81e-04	1.70e-02	1.02e-01	2.62e-01	3.09e-01	1.56e-01	7.36e-02	7.46e-02	5.05e-03	1.10e-04
 1.56843e+22	0.00e+00	3.29e-19	2.83e-16	7.48e-14	5.05e-12	1.83e-10	6.89e-09	8.24e-06	7.66e-04	1.88e-02	1.10e-01	2.71e-01	3.09e-01	1.50e-01	6.89e-02	6.76e-02	4.39e-03	9.22e-05
 1.58479e+22	0.00e+00	4.34e-19	3.65e-16	9.39e-14	6.16e-12	2.17e-10	7.92e-09	9.19e-06	8.39e-04	2.02e-02	1.15e-01	2.77e-01	3.09e-01	1.46e-01	6.54e-02	6.26e-02	3.95e-03	8.05e-05
 1.60145e+22	0.00e+00	6.27e-19	5.10e-16	1.26e-13	8.00e-12	2.71e-10	9.49e-09	1.06e-05	9.43e-04	2.22e-02	1.23e-01	2.85e-01	3.07e-01	1.40e-01	6.09e-02	5.64e-02	3.42e-03	6.69e-05
 1.61735e+22	0.00e+00	8.00e-19	6.37e-16	1.54e-13	9.52e-12	3.14e-10	1.07e-08	1.16e-05	1.02e-03	2.36e-02	1.28e-01	2.90e-01	3.06e-01	1.37e-01	5.80e-02	5.26e-02	3.10e-03	5.92e-05
 1.63228e+22	0.00e+00	1.11e-18	8.55e-16	2.01e-13	1.20e-11	3.82e-10	1.26e-08	1.32e-05	1.13e-03	2.56e-02	1.36e-01	2.97e-01	3.04e-01	1.31e-01	5.43e-02	4.78e-02	2.72e-03	5.01e-05
 1.64745e+22	0.00e+00	1.41e-18	1.07e-15	2.45e-13	1.43e-11	4.43e-10	1.42e-08	1.45e-05	1.22e-03	2.72e-02	1.42e-01	3.02e-01	3.02e-01	1.28e-01	5.16e-02	4.44e-02	2.46e-03	4.42e-05
 1.66292e+22	0.00e+00	1.95e-18	1.43e-15	3.18e-13	1.80e-11	5.38e-10	1.67e-08	1.64e-05	1.35e-03	2.94e-02	1.49e-01	3.08e-01	2.99e-01	1.22e-01	4.81e-02	4.03e-02	2.16e-03	3.73e-05
 1.67872e+22	9.66e-33	2.53e-18	1.82e-15	3.94e-13	2.17e-11	6.32e-10	1.91e-08	1.82e-05	1.46e-03	3.14e-02	1.56e-01	3.13e-01	2.96e-01	1.18e-01	4.54e-02	3.71e-02	1.93e-03	3.24e-05
 1.69494e+22	1.38e-32	3.50e-18	2.45e-15	5.14e-13	2.74e-11	7.70e-10	2.24e-08	2.06e-05	1.62e-03	3.40e-02	1.64e-01	3.18e-01	2.92e-01	1.13e-01	4.22e-02	3.35e-02	1.68e-03	2.72e-05
 1.71139e+22	1.84e-32	4.54e-18	3.11e-15	6.35e-13	3.30e-11	9.03e-10	2.56e-08	2.29e-05	1.76e-03	3.61e-02	1.71e-01	3.22e-01	2.88e-01	1.09e-01	3.97e-02	3.08e-02	1.50e-03	2.36e-05
 1.72533e+22	2.39e-32	5.75e-18	3.86e-15	7.70e-13	3.91e-11	1.04e-09	2.88e-08	2.50e-05	1.89e-03	3.82e-02	1.77e-01	3.26e-01	2.85e-01	1.05e-01	3.76e-02	2.85e-02	1.35e-03	2.07e-05
 1.74066e+22	3.34e-32	7.80e-18	5.10e-15	9.87e-13	4.86e-11	1.26e-09	3.36e-08	2.82e-05	2.08e-03	4.10e-02	1.85e-01	3.30e-01	2.80e-01	9.99e-02	3.49e-02	2.58e-02	1.18e-03	1.75e-05
 1.75601e+22	4.34e-32	9.89e-18	6.33e-15	1.20e-12	5.77e-11	1.45e-09	3.79e-08	3.09e-05	2.23e-03	4.33e-02	1.92e-01	3.33e-01	2.76e-01	9.62e-02	3.29e-02	2.38e-02	1.06e-03	1.53e-05
 1.77139e+22	5.96e-32	1.32e-17	8.23e-15	1.52e-12	7.10e-11	1.73e-09	4.38e-08	3.46e-05	2.44e-03	4.63e-02	1.99e-01	3.36e-01	2.71e-01	9.17e-02	3.07e-02	2.16e-02	9.30e-04	1.30e-05
 1.78731e+22	7.86e-32	1.69e-17	1.03e-14	1.86e-12	8.49e-11	2.02e-09	4.97e-08	3.81e-05	2.63e-03	4.90e-02	2.06e-01	3.38e-01	2.66e-01	8.79e-02	2.88e-02	1.98e-02	8.29e-04	1.13e-05
 1.80155e+22	1.02e-31	2.15e-17	1.29e-14	2.26e-12	1.01e-10	2.34e-09	5.61e-08	4.18e-05	2.83e-03	5.17e-02	2.13e-01	3.40e-01	2.62e-01	8.43e-02	2.70e-02	1.82e-02	7.41e-04	9.79e-06
 1.81771e+22	1.42e-31	2.88e-17	1.69e-14	2.88e-12	1.25e-10	2.80e-09	6.52e-08	4.69e-05	3.10e-03	5.51e-02	2.22e-01	3.42e-01	2.56e-01	7.99e-02	2.50e-02	1.64e-02	6.45e-04	8.24e-06
 1.83436e+22	1.88e-31	3.71e-17	2.13e-14	3.55e-12	1.50e-10	3.28e-09	7.42e-08	5.18e-05	3.34e-03	5.83e-02	2.29e-01	3.44e-01	2.50e-01	7.62e-02	2.33e-02	1.49e-02	5.72e-04	7.09e-06
 1.84919e+22	2.47e-31	4.73e-17	2.66e-14	4.33e-12	1.79e-10	3.81e-09	8.39e-08	5.70e-05	3.60e-03	6.15e-02	2.36e-01	3.45e-01	2.45e-01	7.28e-02	2.18e-02	1.37e-02	5.08e-04	6.13e-06
 1.86603e+22	3.47e-31	6.41e-17	3.51e-14	5.55e-12	2.23e-10	4.60e-09	9.80e-08	6.41e-05	3.94e-03	6.56e-02	2.45e-01	3.46e-01	2.38e-01	6.86e-02	2.00e-02	1.22e-02	4.38e-04	5.10e-06
 1.88331e+22	4.56e-31	8.20e-17	4.40e-14	6.80e-12	2.66e-10	5.35e-09	1.11e-07	7.07e-05	4.24e-03	6.91e-02	2.52e-01	3.46e-01	2.33e-01	6.53e-02	1.87e-02	1.11e-02	3.89e-04	4.40e-06
 1.89818e+22	5.88e-31	1.03e-16	5.42e-14	8.20e-12	3.14e-10	6.16e-09	1.25e-07	7.73e-05	4.54e-03	7.25e-02	2.59e-01	3.46e-01	2.27e-01	6.23e-02	1.75e-02	1.02e-02	3.47e-04	3.82e-06
 1.91452e+22	8.02e-31	1.36e-16	6.98e-14	1.03e-11	3.83e-10	7.30e-09	1.44e-07	8.61e-05	4.93e-03	7.68e-02	2.67e-01	3.46e-01	2.21e-01	5.88e-02	1.61e-02	9.19e-03	3.02e-04	3.22e-06
 1.93135e+22	1.06e-30	1.73e-16	8.73e-14	1.26e-11	4.57e-10	8.49e-09	1.63e-07	9.47e-05	5.30e-03	8.07e-02	2.74e-01	3.45e-01	2.15e-01	5.58e-02	1.50e-02	8.36e-03	2.67e-04	2.77e-06
 1.94627e+22	1.36e-30	2.17e-16	1.08e-13	1.52e-11	5.39e-10	9.77e-09	1.83e-07	1.04e-04	5.66e-03	8.45e-02	2.81e-01	3.45e-01	2.09e-01	5.31e-02	1.40e-02	7.64e-03	2.38e-04	2.40e-06
 1.96308e+22	1.86e-30	2.85e-16	1.38e-13	1.90e-11	6.56e-10	1.16e-08	2.10e-07	1.15e-04	6.13e-03	8.93e-02	2.89e-01	3.43e-01	2.03e-01	4.99e-02	1.29e-02	6.86e-03	2.07e-04	2.02e-06
 1.98093e+22	2.51e-30	3.72e-16	1.76e-13	2.36e-11	7.96e-10	1.36e-08	2.41e-07	1.28e-04	6.63e-03	9.41e-02	2.96e-01	3.42e-01	1.96e-01	4.70e-02	1.18e-02	6.16e-03	1.80e-04	1.70e-06
 1.99697e+22	3.27e-30	4.70e-16	2.18e-13	2.86e-11	9.42e-10	1.57e-08	2.71e-07	1.40e-04	7.09e-03	9.85e-02	3.03e-01	3.40e-01	1.90e-01	4.45e-02	1.10e-02	5.61e-03	1.59e-04	1.47e-06
 2.01469e+22	4.49e-30	6.22e-16	2.83e-13	3.60e-11	1.15e-09	1.87e-08	3.13e-07	1.56e-04	7.69e-03	1.04e-01	3.11e-01	3.37e-01	1.83e-01	4.16e-02	1.00e-02	4.99e-03	1.37e-04	1.22e-06
 2.03381e+22	6.21e-30	8.27e-16	3.67e-13	4.56e-11	1.42e-09	2.23e-08	3.62e-07	1.75e-04	8.35e-03	1.10e-01	3.19e-01	3.34e-01	1.76e-01	3.88e-02	9.14e-03	4.43e-03	1.17e-04	1.01e-06
 2.05118e+22	8.18e-30	1.05e-15	4.59e-13	5.57e-11	1.69e-09	2.59e-08	4.10e-07	1.92e-04	8.94e-03	1.15e-01	3.25e-01	3.31e-01	1.70e-01	3.65e-02	8.43e-03	4.00e-03	1.03e-04	8.62e-07
 2.07014e+22	1.15e-29	1.43e-15	6.07e-13	7.15e-11	2.11e-09	3.13e-08	4.79e-07	2.16e-04	9.75e-03	1.22e-01	3.33e-01	3.27e-01	1.63e-01	3.38e-02	7.61e-03	3.51e-03	8.71e-05	7.03e-07
 2.08991e+22	1.56e-29	1.86e-15	7.75e-13	8.90e-11	2.55e-09	3.69e-08	5.48e-07	2.39e-04	1.05e-02	1.28e-01	3.40e-01	3.24e-01	1.56e-01	3.16e-02	6.94e-03	3.13e-03	7.52e-05	5.87e-07
 2.10786e+22	2.10e-29	2.42e-15	9.86e-13	1.10e-10	3.09e-09	4.33e-08	6.26e-07	2.64e-04	1.13e-02	1.34e-01	3.47e-01	3.19e-01	1.50e-01	2.94e-02	6.34e-03	2.79e-03	6.49e-05	4.91e-07
 2.12832e+22	3.06e-29	3.38e-15	1.34e-12	1.45e-10	3.93e-09	5.32e-08	7.41e-07	3.00e-04	1.24e-02	1.42e-01	3.55e-01	3.14e-01	1.42e-01	2.69e-02	5.63e-03	2.40e-03	5.37e-05	3.89e-07
 2.14890e+22	4.10e-29	4.39e-15	1.70e-12	1.80e-10	4.74e-09	6.24e-08	8.46e-07	3.32e-04	1.33e-02	1.48e-01	3.61e-01	3.09e-01	1.36e-01	2.50e-02	5.13e-03	2.14e-03	4.61e-05	3.24e-07
 2.16963e+22	5.88e-29	6.07e-15	2.29e-12	2.35e-10	5.99e-09	7.62e-08	9.97e-07	3.75e-04	1.45e-02	1.57e-01	3.68e-01	3.03e-01	1.29e-01	2.28e-02	4.55e-03	1.84e-03	3.82e-05	2.58e-07
 2.19089e+22	8.07e-29	8.03e-15	2.96e-12	2.95e-10	7.34e-09	9.05e-08	1.15e-06	4.17e-04	1.57e-02	1.64e-01	3.74e-01	2.97e-01	1.22e-01	2.10e-02	4.10e-03	1.62e-03	3.24e-05	2.11e-07
 2.20969e+22	1.08e-28	1.05e-14	3.77e-12	3.67e-10	8.88e-09	1.06e-07	1.31e-06	4.61e-04	1.68e-02	1.71e-01	3.79e-01	2.91e-01	1.16e-01	1.94e-02	3.71e-03	1.43e-03	2.76e-05	1.74e-07
 2.23096e+22	1.58e-28	1.47e-14	5.16e-12	4.85e-10	1.14e-08	1.31e-07	1.56e-06	5.24e-04	1.84e-02	1.81e-01	3.86e-01	2.83e-01	1.09e-01	1.75e-02	3.25e-03	1.21e-03	2.24e-05	1.35e-07
 2.25262e+22	2.14e-28	1.94e-14	6.66e-12	6.10e-10	1.39e-08	1.56e-07	1.80e-06	5.82e-04	1.98e-02	1.89e-01	3.91e-01	2.76e-01	1.03e-01	1.60e-02	2.91e-03	1.05e-03	1.88e-05	0.00e+00
 2.27478e+22	3.14e-28	2.75e-14	9.18e-12	8.13e-10	1.79e-08	1.94e-07	2.15e-06	6.64e-04	2.17e-02	2.00e-01	3.97e-01	2.68e-01	9.57e-02	1.43e-02	2.53e-03	8.85e-04	1.51e-05	0.00e+00
 2.29730e+22	4.28e-28	3.67e-14	1.19e-11	1.03e-09	2.21e-08	2.32e-07	2.50e-06	7.40e-04	2.34e-02	2.09e-01	4.01e-01	2.60e-01	9.00e-02	1.30e-02	2.25e-03	7.64e-04	1.25e-05	0.00e+00
 2.31727e+22	5.81e-28	4.86e-14	1.55e-11	1.30e-09	2.72e-08	2.76e-07	2.89e-06	8.24e-04	2.52e-02	2.18e-01	4.05e-01	2.52e-01	8.44e-02	1.18e-02	2.00e-03	6.59e-04	1.04e-05	0.00e+00
 2.33605e+22	7.55e-28	6.23e-14	1.94e-11	1.59e-09	3.25e-08	3.23e-07	3.29e-06	9.04e-04	2.69e-02	2.26e-01	4.08e-01	2.45e-01	7.97e-02	1.08e-02	1.80e-03	5.78e-04	8.80e-06	0.00e+00
 2.35630e+22	1.05e-27	8.53e-14	2.59e-11	2.07e-09	4.10e-08	3.93e-07	3.88e-06	1.02e-03	2.92e-02	2.37e-01	4.11e-01	2.36e-01	7.39e-02	9.69e-03	1.57e-03	4.87e-04	7.09e-06	0.00e+00
 2.37658e+22	1.37e-27	1.10e-13	3.26e-11	2.54e-09	4.93e-08	4.61e-07	4.42e-06	1.12e-03	3.12e-02	2.46e-01	4.13e-01	2.29e-01	6.95e-02	8.83e-03	1.40e-03	4.24e-04	5.95e-06	0.00e+00
 2.39691e+22	1.91e-27	1.51e-13	4.37e-11	3.31e-09	6.26e-08	5.66e-07	5.25e-06	1.27e-03	3.39e-02	2.57e-01	4.15e-01	2.19e-01	6.39e-02	7.81e-03	1.21e-03	3.53e-04	4.73e-06	0.00e+00
 2.41721e+22	2.44e-27	1.91e-13	5.44e-11	4.04e-09	7.48e-08	6.60e-07	5.97e-06	1.39e-03	3.60e-02	2.66e-01	4.16e-01	2.12e-01	6.00e-02	7.12e-03	1.08e-03	3.07e-04	3.97e-06	0.00e+00
 2.43749e+22	3.35e-27	2.62e-13	7.26e-11	5.25e-09	9.48e-08	8.10e-07	7.10e-06	1.58e-03	3.91e-02	2.78e-01	4.17e-01	2.02e-01	5.49e-02	6.26e-03	9.31e-04	2.54e-04	3.13e-06	0.00e+00
 2.45803e+22	4.27e-27	3.33e-13	9.07e-11	6.43e-09	1.14e-07	9.48e-07	8.10e-06	1.73e-03	4.17e-02	2.87e-01	4.17e-01	1.94e-01	5.12e-02	5.66e-03	8.27e-04	2.20e-04	2.61e-06	0.00e+00
 2.47891e+22	5.78e-27	4.55e-13	1.21e-10	8.38e-09	1.45e-07	1.17e-06	9.67e-06	1.96e-03	4.53e-02	3.00e-01	4.17e-01	1.84e-01	4.65e-02	4.94e-03	7.05e-04	1.80e-04	2.03e-06	0.00e+00
 2.50018e+22	7.41e-27	5.83e-13	1.52e-10	1.03e-08	1.75e-07	1.38e-06	1.11e-05	2.17e-03	4.84e-02	3.10e-01	4.15e-01	1.76e-01	4.30e-02	4.42e-03	6.19e-04	1.53e-04	1.66e-06	0.00e+00
 2.52195e+22	1.00e-26	7.99e-13	2.04e-10	1.36e-08	2.25e-07	1.71e-06	1.34e-05	2.48e-03	5.27e-02	3.23e-01	4.13e-01	1.66e-01	3.87e-02	3.81e-03	5.20e-04	1.24e-04	1.27e-06	0.00e+00
 2.54412e+22	1.27e-26	1.02e-12	2.57e-10	1.68e-08	2.73e-07	2.03e-06	1.55e-05	2.75e-03	5.63e-02	3.34e-01	4.10e-01	1.57e-01	3.55e-02	3.37e-03	4.53e-04	1.04e-04	1.03e-06	0.00e+00
 2.56679e+22	1.68e-26	1.40e-12	3.46e-10	2.22e-08	3.53e-07	2.55e-06	1.89e-05	3.16e-03	6.15e-02	3.48e-01	4.06e-01	1.47e-01	3.15e-02	2.86e-03	3.75e-04	8.24e-05	7.69e-07	0.00e+00
 2.58989e+22	2.10e-26	1.80e-12	4.37e-10	2.76e-08	4.32e-07	3.05e-06	2.21e-05	3.52e-03	6.59e-02	3.59e-01	4.02e-01	1.38e-01	2.86e-02	2.51e-03	3.23e-04	6.84e-05	6.10e-07	0.00e+00
 2.61292e+22	2.71e-26	2.42e-12	5.80e-10	3.60e-08	5.55e-07	3.81e-06	2.68e-05	4.03e-03	7.18e-02	3.73e-01	3.96e-01	1.28e-01	2.53e-02	2.12e-03	2.66e-04	5.39e-05	4.55e-07	0.00e+00
 2.63617e+22	7.24e-26	3.07e-12	7.28e-10	4.47e-08	6.80e-07	4.56e-06	3.14e-05	4.50e-03	7.69e-02	3.84e-01	3.90e-01	1.20e-01	2.28e-02	1.84e-03	2.27e-04	4.43e-05	3.57e-07	0.00e+00
 2.65650e+22	8.70e-26	3.81e-12	8.98e-10	5.45e-08	8.21e-07	5.40e-06	3.64e-05	4.99e-03	8.20e-02	3.94e-01	3.84e-01	1.13e-01	2.06e-02	1.61e-03	1.95e-04	3.68e-05	2.84e-07	0.00e+00
 2.67576e+22	1.03e-25	4.66e-12	1.09e-09	6.58e-08	9.81e-07	6.34e-06	4.20e-05	5.51e-03	8.71e-02	4.03e-01	3.78e-01	1.06e-01	1.87e-02	1.41e-03	1.69e-04	3.07e-05	2.27e-07	0.00e+00
 2.69722e+22	1.26e-25	5.98e-12	1.39e-09	8.33e-08	1.23e-06	7.76e-06	5.03e-05	6.25e-03	9.40e-02	4.15e-01	3.69e-01	9.77e-02	1.65e-02	1.19e-03	1.40e-04	2.43e-05	1.71e-07	0.00e+00
 2.71874e+22	1.48e-25	7.24e-12	1.68e-09	1.00e-07	1.46e-06	9.09e-06	5.80e-05	6.89e-03	9.96e-02	4.24e-01	3.62e-01	9.15e-02	1.49e-02	1.05e-03	1.20e-04	2.03e-05	1.36e-07	0.00e+00
 2.74031e+22	1.77e-25	9.14e-12	2.13e-09	1.26e-07	1.82e-06	1.11e-05	6.94e-05	7.80e-03	1.07e-01	4.35e-01	3.52e-01	8.39e-02	1.31e-02	8.79e-04	9.91e-05	1.60e-05	0.00e+00	0.00e+00
 2.76163e+22	2.05e-25	1.09e-11	2.53e-09	1.49e-07	2.15e-06	1.29e-05	7.94e-05	8.55e-03	1.13e-01	4.43e-01	3.44e-01	7.85e-02	1.18e-02	7.71e-04	8.56e-05	1.34e-05	0.00e+00	0.00e+00
 2.78286e+22	2.43e-25	1.35e-11	3.16e-09	1.85e-07	2.66e-06	1.56e-05	9.47e-05	9.65e-03	1.22e-01	4.53e-01	3.33e-01	7.17e-02	1.04e-02	6.48e-04	7.05e-05	1.05e-05	0.00e+00	0.00e+00
 2.80411e+22	2.80e-25	1.59e-11	3.74e-09	2.19e-07	3.12e-06	1.81e-05	1.08e-04	1.06e-02	1.28e-01	4.59e-01	3.25e-01	6.69e-02	9.35e-03	5.67e-04	6.08e-05	8.80e-06	0.00e+00	0.00e+00
 2.82537e+22	3.31e-25	1.95e-11	4.62e-09	2.70e-07	3.83e-06	2.18e-05	1.29e-04	1.19e-02	1.37e-01	4.68e-01	3.13e-01	6.10e-02	8.16e-03	4.76e-04	5.00e-05	6.94e-06	0.00e+00	0.00e+00
 2.84669e+22	3.81e-25	2.28e-11	5.43e-09	3.17e-07	4.48e-06	2.52e-05	1.47e-04	1.30e-02	1.44e-01	4.73e-01	3.05e-01	5.68e-02	7.35e-03	4.16e-04	4.31e-05	5.79e-06	0.00e+00	0.00e+00
 2.86807e+22	4.50e-25	2.76e-11	6.67e-09	3.89e-07	5.48e-06	3.02e-05	1.74e-04	1.46e-02	1.54e-01	4.80e-01	2.93e-01	5.16e-02	6.40e-03	3.48e-04	3.54e-05	4.55e-06	0.00e+00	0.00e+00
 2.88956e+22	5.21e-25	3.20e-11	7.82e-09	4.55e-07	6.38e-06	3.48e-05	1.98e-04	1.59e-02	1.61e-01	4.85e-01	2.84e-01	4.79e-02	5.76e-03	3.04e-04	3.04e-05	3.79e-06	0.00e+00	0.00e+00
 2.91119e+22	6.20e-25	3.85e-11	9.55e-09	5.56e-07	7.77e-06	4.16e-05	2.34e-04	1.78e-02	1.71e-01	4.90e-01	2.72e-01	4.33e-02	5.00e-03	2.54e-04	2.49e-05	2.98e-06	0.00e+00	0.00e+00
 2.93301e+22	7.23e-25	4.45e-11	1.12e-08	6.50e-07	9.04e-06	4.78e-05	2.66e-04	1.94e-02	1.80e-01	4.93e-01	2.63e-01	4.01e-02	4.48e-03	2.21e-04	2.14e-05	2.47e-06	0.00e+00	0.00e+00
 2.95509e+22	8.72e-25	5.31e-11	1.36e-08	7.92e-07	1.10e-05	5.71e-05	3.14e-04	2.17e-02	1.91e-01	4.97e-01	2.50e-01	3.61e-02	3.87e-03	1.84e-04	1.74e-05	1.93e-06	0.00e+00	0.00e+00
 2.97745e+22	1.03e-24	6.13e-11	1.60e-08	9.25e-07	1.28e-05	6.56e-05	3.57e-04	2.36e-02	1.99e-01	4.99e-01	2.41e-01	3.33e-02	3.46e-03	1.60e-04	1.49e-05	1.60e-06	0.00e+00	0.00e+00
 3.00018e+22	1.26e-24	7.30e-11	1.95e-08	1.13e-06	1.55e-05	7.84e-05	4.23e-04	2.64e-02	2.11e-01	5.00e-01	2.29e-01	2.98e-02	2.97e-03	1.32e-04	1.21e-05	1.24e-06	0.00e+00	0.00e+00
 3.02327e+22	1.52e-24	8.46e-11	2.29e-08	1.32e-06	1.81e-05	9.00e-05	4.81e-04	2.87e-02	2.20e-01	5.01e-01	2.19e-01	2.74e-02	2.65e-03	1.14e-04	1.03e-05	1.02e-06	0.00e+00	0.00e+00
 3.04681e+22	1.90e-24	1.01e-10	2.80e-08	1.61e-06	2.20e-05	1.08e-04	5.69e-04	3.21e-02	2.33e-01	5.01e-01	2.07e-01	2.44e-02	2.26e-03	9.39e-05	8.26e-06	7.88e-07	0.00e+00	0.00e+00
 3.07101e+22	2.33e-24	1.18e-10	3.32e-08	1.90e-06	2.57e-05	1.24e-04	6.49e-04	3.50e-02	2.43e-01	5.00e-01	1.97e-01	2.22e-02	2.00e-03	8.03e-05	6.95e-06	6.41e-07	0.00e+00	0.00e+00
 3.09157e+22	2.79e-24	1.34e-10	3.85e-08	2.19e-06	2.96e-05	1.41e-04	7.30e-04	3.77e-02	2.52e-01	4.98e-01	1.89e-01	2.04e-02	1.79e-03	6.99e-05	5.96e-06	5.33e-07	0.00e+00	0.00e+00
 3.11382e+22	3.52e-24	1.58e-10	4.65e-08	2.64e-06	3.53e-05	1.65e-04	8.49e-04	4.16e-02	2.64e-01	4.95e-01	1.78e-01	1.83e-02	1.54e-03	5.83e-05	4.87e-06	4.19e-07	0.00e+00	0.00e+00
 3.13570e+22	4.22e-24	1.79e-10	5.36e-08	3.02e-06	4.02e-05	1.86e-04	9.47e-04	4.46e-02	2.72e-01	4.93e-01	1.71e-01	1.68e-02	1.38e-03	5.10e-05	4.20e-06	3.51e-07	0.00e+00	0.00e+00
 3.15709e+22	5.33e-24	2.10e-10	6.43e-08	3.60e-06	4.75e-05	2.16e-04	1.09e-03	4.88e-02	2.84e-01	4.89e-01	1.61e-01	1.51e-02	1.20e-03	4.28e-05	3.47e-06	2.79e-07	0.00e+00	0.00e+00
 3.17869e+22	6.44e-24	2.39e-10	7.43e-08	4.13e-06	5.41e-05	2.42e-04	1.21e-03	5.23e-02	2.93e-01	4.85e-01	1.54e-01	1.39e-02	1.07e-03	3.74e-05	2.98e-06	2.33e-07	0.00e+00	0.00e+00
 3.20055e+22	8.18e-24	2.79e-10	8.92e-08	4.92e-06	6.40e-05	2.81e-04	1.40e-03	5.73e-02	3.04e-01	4.79e-01	1.44e-01	1.24e-02	9.28e-04	3.12e-05	2.44e-06	1.84e-07	0.00e+00	0.00e+00
 3.22250e+22	1.00e-23	3.20e-10	1.03e-07	5.65e-06	7.28e-05	3.15e-04	1.55e-03	6.11e-02	3.13e-01	4.75e-01	1.37e-01	1.14e-02	8.31e-04	2.73e-05	2.10e-06	1.54e-07	0.00e+00	0.00e+00
 3.24457e+22	1.28e-23	3.75e-10	1.24e-07	6.74e-06	8.58e-05	3.65e-04	1.78e-03	6.67e-02	3.24e-01	4.67e-01	1.28e-01	1.01e-02	7.16e-04	2.28e-05	1.72e-06	1.21e-07	0.00e+00	0.00e+00
 3.26690e+22	1.58e-23	4.32e-10	1.45e-07	7.76e-06	9.77e-05	4.09e-04	1.98e-03	7.11e-02	3.33e-01	4.62e-01	1.22e-01	9.26e-03	6.39e-04	1.98e-05	1.48e-06	0.00e+00	0.00e+00	0.00e+00
 3.28956e+22	2.05e-23	5.10e-10	1.75e-07	9.27e-06	1.15e-04	4.74e-04	2.27e-03	7.74e-02	3.44e-01	4.53e-01	1.14e-01	8.20e-03	5.48e-04	1.64e-05	1.20e-06	0.00e+00	0.00e+00	0.00e+00
 3.31253e+22	2.56e-23	5.89e-10	2.05e-07	1.07e-05	1.32e-04	5.31e-04	2.52e-03	8.25e-02	3.53e-01	4.46e-01	1.07e-01	7.48e-03	4.88e-04	1.43e-05	1.03e-06	0.00e+00	0.00e+00	0.00e+00
 3.33590e+22	3.36e-23	7.02e-10	2.50e-07	1.29e-05	1.56e-04	6.16e-04	2.89e-03	8.97e-02	3.64e-01	4.36e-01	9.95e-02	6.59e-03	4.16e-04	1.18e-05	8.33e-07	0.00e+00	0.00e+00	0.00e+00
 3.35966e+22	4.24e-23	8.18e-10	2.94e-07	1.49e-05	1.78e-04	6.91e-04	3.20e-03	9.56e-02	3.72e-01	4.28e-01	9.38e-02	5.97e-03	3.68e-04	1.01e-05	7.07e-07	0.00e+00	0.00e+00	0.00e+00
 3.38391e+22	5.66e-23	9.84e-10	3.61e-07	1.80e-05	2.11e-04	8.03e-04	3.67e-03	1.04e-01	3.82e-01	4.17e-01	8.64e-02	5.23e-03	3.12e-04	8.32e-06	5.68e-07	0.00e+00	0.00e+00	0.00e+00
 3.40865e+22	7.24e-23	1.16e-09	4.28e-07	2.10e-05	2.43e-04	9.03e-04	4.08e-03	1.10e-01	3.90e-01	4.08e-01	8.10e-02	4.71e-03	2.74e-04	7.12e-06	4.79e-07	0.00e+00	0.00e+00	0.00e+00
 3.43401e+22	9.83e-23	1.41e-09	5.31e-07	2.56e-05	2.89e-04	1.05e-03	4.69e-03	1.20e-01	4.00e-01	3.96e-01	7.40e-02	4.09e-03	2.31e-04	5.78e-06	3.81e-07	0.00e+00	0.00e+00	0.00e+00
 3.45981e+22	1.28e-22	1.68e-09	6.36e-07	3.01e-05	3.33e-04	1.18e-03	5.19e-03	1.27e-01	4.07e-01	3.86e-01	6.91e-02	3.67e-03	2.02e-04	4.93e-06	3.19e-07	0.00e+00	0.00e+00	0.00e+00
 3.48617e+22	1.76e-22	2.07e-09	7.96e-07	3.68e-05	3.99e-04	1.38e-03	5.98e-03	1.38e-01	4.16e-01	3.72e-01	6.27e-02	3.16e-03	1.68e-04	3.95e-06	2.51e-07	0.00e+00	0.00e+00	0.00e+00
 3.51269e+22	2.29e-22	2.48e-09	9.54e-07	4.33e-05	4.58e-04	1.55e-03	6.62e-03	1.46e-01	4.22e-01	3.61e-01	5.83e-02	2.82e-03	1.47e-04	3.36e-06	2.10e-07	0.00e+00	0.00e+00	0.00e+00
 3.53531e+22	2.94e-22	2.92e-09	1.13e-06	5.03e-05	5.23e-04	1.73e-03	7.29e-03	1.55e-01	4.28e-01	3.51e-01	5.42e-02	2.53e-03	1.28e-04	2.86e-06	1.76e-07	0.00e+00	0.00e+00	0.00e+00
 3.56061e+22	4.04e-22	3.60e-09	1.41e-06	6.12e-05	6.19e-04	2.00e-03	8.27e-03	1.66e-01	4.34e-01	3.37e-01	4.92e-02	2.18e-03	1.08e-04	2.32e-06	1.40e-07	0.00e+00	0.00e+00	0.00e+00
 3.58609e+22	5.24e-22	4.31e-09	1.68e-06	7.14e-05	7.05e-04	2.22e-03	9.06e-03	1.75e-01	4.39e-01	3.27e-01	4.58e-02	1.96e-03	9.45e-05	1.99e-06	0.00e+00	0.00e+00	0.00e+00	0.00e+00
 3.60766e+22	6.64e-22	5.05e-09	1.97e-06	8.22e-05	7.96e-04	2.46e-03	9.88e-03	1.83e-01	4.42e-01	3.17e-01	4.26e-02	1.76e-03	8.34e-05	1.71e-06	0.00e+00	0.00e+00	0.00e+00	0.00e+00
 3.63155e+22	9.01e-22	6.20e-09	2.42e-06	9.87e-05	9.30e-04	2.80e-03	1.11e-02	1.95e-01	4.46e-01	3.04e-01	3.87e-02	1.53e-03	7.05e-05	1.40e-06	0.00e+00	0.00e+00	0.00e+00	0.00e+00
 3.65518e+22	1.14e-21	7.30e-09	2.83e-06	1.13e-04	1.04e-03	3.08e-03	1.20e-02	2.04e-01	4.49e-01	2.94e-01	3.61e-02	1.38e-03	6.24e-05	1.21e-06	0.00e+00	0.00e+00	0.00e+00	0.00e+00
 3.67845e+22	1.54e-21	8.96e-09	3.46e-06	1.35e-04	1.21e-03	3.47e-03	1.32e-02	2.15e-01	4.51e-01	2.82e-01	3.30e-02	1.21e-03	5.34e-05	1.01e-06	0.00e+00	0.00e+00	0.00e+00	0.00e+00
 3.70264e+22	2.00e-21	1.07e-08	4.12e-06	1.57e-04	1.37e-03	3.85e-03	1.45e-02	2.25e-01	4.53e-01	2.71e-01	3.04e-02	1.08e-03	4.64e-05	8.51e-07	0.00e+00	0.00e+00	0.00e+00	0.00e+00
 3.72434e+22	2.58e-21	1.28e-08	4.86e-06	1.82e-04	1.55e-03	4.24e-03	1.57e-02	2.34e-01	4.53e-01	2.61e-01	2.82e-02	9.65e-04	4.08e-05	7.31e-07	0.00e+00	0.00e+00	0.00e+00	0.00e+00
 3.74887e+22	3.55e-21	1.59e-08	6.01e-06	2.19e-04	1.80e-03	4.80e-03	1.74e-02	2.47e-01	4.54e-01	2.49e-01	2.54e-02	8.33e-04	3.44e-05	5.96e-07	0.00e+00	0.00e+00	0.00e+00	0.00e+00
 3.77393e+22	4.63e-21	1.91e-08	7.15e-06	2.54e-04	2.04e-03	5.31e-03	1.89e-02	2.58e-01	4.54e-01	2.38e-01	2.33e-02	7.38e-04	2.98e-05	5.04e-07	0.00e+00	0.00e+00	0.00e+00	0.00e+00
 3.79968e+22	6.49e-21	2.43e-08	8.90e-06	3.07e-04	2.38e-03	6.00e-03	2.08e-02	2.71e-01	4.52e-01	2.26e-01	2.10e-02	6.37e-04	2.51e-05	4.11e-07	0.00e+00	0.00e+00	0.00e+00	0.00e+00
 3.82664e+22	8.81e-21	3.00e-08	1.08e-05	3.64e-04	2.74e-03	6.70e-03	2.28e-02	2.83e-01	4.51e-01	2.15e-01	1.90e-02	5.55e-04	2.14e-05	3.40e-07	0.00e+00	0.00e+00	0.00e+00	0.00e+00
 3.85084e+22	1.17e-20	3.66e-08	1.30e-05	4.26e-04	3.10e-03	7.40e-03	2.47e-02	2.93e-01	4.48e-01	2.05e-01	1.74e-02	4.90e-04	1.85e-05	2.87e-07	0.00e+00	0.00e+00	0.00e+00	0.00e+00
 3.87796e+22	1.68e-20	4.72e-08	1.64e-05	5.21e-04	3.65e-03	8.42e-03	2.74e-02	3.08e-01	4.44e-01	1.92e-01	1.53e-02	4.14e-04	1.52e-05	2.28e-07	0.00e+00	0.00e+00	0.00e+00	0.00e+00
 3.90543e+22	2.25e-20	5.81e-08	1.98e-05	6.11e-04	4.15e-03	9.29e-03	2.96e-02	3.19e-01	4.41e-01	1.82e-01	1.40e-02	3.64e-04	1.31e-05	1.91e-07	0.00e+00	0.00e+00	0.00e+00	0.00e+00
 3.93335e+22	3.27e-20	7.55e-08	2.51e-05	7.48e-04	4.88e-03	1.05e-02	3.27e-02	3.34e-01	4.35e-01	1.70e-01	1.23e-02	3.07e-04	1.08e-05	1.51e-07	0.00e+00	0.00e+00	0.00e+00	0.00e+00
 3.96186e+22	4.47e-20	9.41e-08	3.06e-05	8.85e-04	5.57e-03	1.17e-02	3.54e-02	3.45e-01	4.29e-01	1.60e-01	1.11e-02	2.66e-04	9.14e-06	1.25e-07	0.00e+00	0.00e+00	0.00e+00	0.00e+00
 3.99113e+22	6.61e-20	1.24e-07	3.91e-05	1.09e-03	6.57e-03	1.33e-02	3.90e-02	3.60e-01	4.22e-01	1.49e-01	9.67e-03	2.22e-04	7.43e-06	0.00e+00	0.00e+00	0.00e+00	0.00e+00	0.00e+00
 4.02083e+22	9.13e-20	1.56e-07	4.78e-05	1.29e-03	7.51e-03	1.47e-02	4.22e-02	3.71e-01	4.15e-01	1.39e-01	8.64e-03	1.92e-04	6.26e-06	0.00e+00	0.00e+00	0.00e+00	0.00e+00	0.00e+00
 4.05108e+22	1.37e-19	2.08e-07	6.15e-05	1.60e-03	8.88e-03	1.67e-02	4.64e-02	3.85e-01	4.05e-01	1.28e-01	7.48e-03	1.59e-04	5.05e-06	0.00e+00	0.00e+00	0.00e+00	0.00e+00	0.00e+00
 4.08178e+22	1.91e-19	2.64e-07	7.56e-05	1.91e-03	1.02e-02	1.85e-02	5.00e-02	3.96e-01	3.96e-01	1.20e-01	6.64e-03	1.36e-04	4.22e-06	0.00e+00	0.00e+00	0.00e+00	0.00e+00	0.00e+00
 4.11308e+22	2.90e-19	3.55e-07	9.79e-05	2.37e-03	1.20e-02	2.10e-02	5.49e-02	4.10e-01	3.85e-01	1.09e-01	5.70e-03	1.11e-04	3.37e-06	0.00e+00	0.00e+00	0.00e+00	0.00e+00	0.00e+00
 4.14439e+22	4.06e-19	4.50e-07	1.20e-04	2.81e-03	1.37e-02	2.32e-02	5.88e-02	4.19e-01	3.75e-01	1.02e-01	5.05e-03	9.54e-05	2.82e-06	0.00e+00	0.00e+00	0.00e+00	0.00e+00	0.00e+00
 4.17571e+22	6.16e-19	6.05e-07	1.55e-04	3.47e-03	1.61e-02	2.61e-02	6.42e-02	4.31e-01	3.62e-01	9.22e-02	4.31e-03	7.78e-05	2.23e-06	0.00e+00	0.00e+00	0.00e+00	0.00e+00	0.00e+00
 4.20795e+22	8.77e-19	7.77e-07	1.92e-04	4.15e-03	1.84e-02	2.89e-02	6.89e-02	4.40e-01	3.51e-01	8.48e-02	3.76e-03	6.55e-05	1.84e-06	0.00e+00	0.00e+00	0.00e+00	0.00e+00	0.00e+00
 4.23402e+22	1.17e-18	9.53e-07	2.28e-04	4.80e-03	2.06e-02	3.13e-02	7.30e-02	4.47e-01	3.41e-01	7.90e-02	3.35e-03	5.67e-05	1.56e-06	0.00e+00	0.00e+00	0.00e+00	0.00e+00	0.00e+00
 4.25698e+22	1.53e-18	1.15e-06	2.67e-04	5.47e-03	2.27e-02	3.36e-02	7.66e-02	4.53e-01	3.32e-01	7.40e-02	3.03e-03	4.99e-05	1.35e-06	0.00e+00	0.00e+00	0.00e+00	0.00e+00	0.00e+00
 4.28331e+22	2.14e-18	1.46e-06	3.27e-04	6.45e-03	2.57e-02	3.68e-02	8.14e-02	4.59e-01	3.20e-01	6.80e-02	2.64e-03	4.22e-05	1.11e-06	0.00e+00	0.00e+00	0.00e+00	0.00e+00	0.00e+00
 4.31130e+22	2.92e-18	1.81e-06	3.92e-04	7.50e-03	2.87e-02	3.99e-02	8.61e-02	4.64e-01	3.08e-01	6.26e-02	2.33e-03	3.61e-05	9.30e-07	0.00e+00	0.00e+00	0.00e+00	0.00e+00	0.00e+00
 4.33730e+22	3.96e-18	2.25e-06	4.69e-04	8.69e-03	3.20e-02	4.31e-02	9.06e-02	4.68e-01	2.97e-01	5.78e-02	2.05e-03	3.09e-05	7.80e-07	0.00e+00	0.00e+00	0.00e+00	0.00e+00	0.00e+00
 4.36693e+22	5.87e-18	2.96e-06	5.91e-04	1.05e-02	3.68e-02	4.76e-02	9.66e-02	4.72e-01	2.82e-01	5.18e-02	1.74e-03	2.52e-05	6.19e-07	0.00e+00	0.00e+00	0.00e+00	0.00e+00	0.00e+00
 4.39686e+22	8.05e-18	3.69e-06	7.09e-04	1.22e-02	4.10e-02	5.14e-02	1.02e-01	4.74e-01	2.70e-01	4.73e-02	1.52e-03	2.13e-05	5.13e-07	0.00e+00	0.00e+00	0.00e+00	0.00e+00	0.00e+00
 4.42321e+22	1.10e-17	4.58e-06	8.47e-04	1.41e-02	4.56e-02	5.53e-02	1.06e-01	4.75e-01	2.58e-01	4.32e-02	1.32e-03	1.81e-05	4.25e-07	0.00e+00	0.00e+00	0.00e+00	0.00e+00	0.00e+00
 4.45351e+22	1.61e-17	5.98e-06	1.06e-03	1.68e-02	5.18e-02	6.03e-02	1.12e-01	4.75e-01	2.43e-01	3.85e-02	1.12e-03	1.47e-05	3.36e-07	0.00e+00	0.00e+00	0.00e+00	0.00e+00	0.00e+00
 4.48451e+22	2.24e-17	7.50e-06	1.27e-03	1.95e-02	5.76e-02	6.49e-02	1.17e-01	4.73e-01	2.30e-01	3.47e-02	9.59e-04	1.23e-05	2.74e-07	0.00e+00	0.00e+00	0.00e+00	0.00e+00	0.00e+00
 4.51199e+22	3.07e-17	9.32e-06	1.52e-03	2.25e-02	6.37e-02	6.94e-02	1.22e-01	4.70e-01	2.18e-01	3.13e-02	8.26e-04	1.03e-05	2.24e-07	0.00e+00	0.00e+00	0.00e+00	0.00e+00	0.00e+00
 4.54325e+22	4.54e-17	1.22e-05	1.89e-03	2.68e-02	7.19e-02	7.52e-02	1.28e-01	4.65e-01	2.03e-01	2.75e-02	6.85e-04	8.25e-06	1.75e-07	0.00e+00	0.00e+00	0.00e+00	0.00e+00	0.00e+00
 4.57540e+22	6.39e-17	1.53e-05	2.27e-03	3.10e-02	7.97e-02	8.04e-02	1.32e-01	4.59e-01	1.90e-01	2.44e-02	5.79e-04	6.77e-06	1.40e-07	0.00e+00	0.00e+00	0.00e+00	0.00e+00	0.00e+00
 4.60404e+22	8.80e-17	1.91e-05	2.71e-03	3.56e-02	8.75e-02	8.54e-02	1.37e-01	4.52e-01	1.78e-01	2.18e-02	4.92e-04	5.60e-06	0.00e+00	0.00e+00	0.00e+00	0.00e+00	0.00e+00	0.00e+00
 4.63661e+22	1.31e-16	2.49e-05	3.36e-03	4.21e-02	9.80e-02	9.17e-02	1.42e-01	4.41e-01	1.63e-01	1.88e-02	4.00e-04	4.40e-06	0.00e+00	0.00e+00	0.00e+00	0.00e+00	0.00e+00	0.00e+00
 4.67023e+22	1.87e-16	3.15e-05	4.04e-03	4.86e-02	1.08e-01	9.72e-02	1.45e-01	4.30e-01	1.50e-01	1.64e-02	3.31e-04	3.54e-06	0.00e+00	0.00e+00	0.00e+00	0.00e+00	0.00e+00	0.00e+00
 4.70014e+22	2.59e-16	3.90e-05	4.79e-03	5.53e-02	1.17e-01	1.02e-01	1.49e-01	4.19e-01	1.38e-01	1.44e-02	2.77e-04	2.88e-06	0.00e+00	0.00e+00	0.00e+00	0.00e+00	0.00e+00	0.00e+00
 4.73396e+22	1.60e-16	5.09e-05	5.91e-03	6.49e-02	1.30e-01	1.09e-01	1.52e-01	4.02e-01	1.24e-01	1.21e-02	2.20e-04	2.21e-06	0.00e+00	0.00e+00	0.00e+00	0.00e+00	0.00e+00	0.00e+00
 4.76862e+22	2.26e-16	6.38e-05	7.05e-03	7.41e-02	1.41e-01	1.14e-01	1.54e-01	3.87e-01	1.12e-01	1.04e-02	1.79e-04	1.75e-06	0.00e+00	0.00e+00	0.00e+00	0.00e+00	0.00e+00	0.00e+00
 4.79923e+22	3.13e-16	7.86e-05	8.29e-03	8.36e-02	1.52e-01	1.18e-01	1.55e-01	3.71e-01	1.02e-01	8.95e-03	1.47e-04	1.40e-06	0.00e+00	0.00e+00	0.00e+00	0.00e+00	0.00e+00	0.00e+00
 4.83387e+22	4.68e-16	1.02e-04	1.01e-02	9.67e-02	1.66e-01	1.23e-01	1.56e-01	3.50e-01	8.99e-02	7.38e-03	1.14e-04	1.05e-06	0.00e+00	0.00e+00	0.00e+00	0.00e+00	0.00e+00	0.00e+00
 4.86948e+22	6.67e-16	1.27e-04	1.19e-02	1.09e-01	1.78e-01	1.27e-01	1.56e-01	3.31e-01	8.00e-02	6.20e-03	9.07e-05	8.17e-07	0.00e+00	0.00e+00	0.00e+00	0.00e+00	0.00e+00	0.00e+00
 4.90109e+22	9.24e-16	1.55e-04	1.39e-02	1.22e-01	1.89e-01	1.31e-01	1.55e-01	3.12e-01	7.13e-02	5.24e-03	7.30e-05	6.41e-07	0.00e+00	0.00e+00	0.00e+00	0.00e+00	0.00e+00	0.00e+00
 4.93691e+22	1.39e-15	1.99e-04	1.68e-02	1.39e-01	2.03e-01	1.34e-01	1.53e-01	2.88e-01	6.12e-02	4.20e-03	5.51e-05	4.69e-07	0.00e+00	0.00e+00	0.00e+00	0.00e+00	0.00e+00	0.00e+00
 4.97377e+22	2.00e-15	2.46e-04	1.96e-02	1.55e-01	2.15e-01	1.36e-01	1.51e-01	2.67e-01	5.33e-02	3.45e-03	4.28e-05	3.55e-07	0.00e+00	0.00e+00	0.00e+00	0.00e+00	0.00e+00	0.00e+00
 5.00665e+22	2.79e-15	2.98e-04	2.26e-02	1.70e-01	2.25e-01	1.38e-01	1.47e-01	2.48e-01	4.64e-02	2.84e-03	3.36e-05	2.72e-07	0.00e+00	0.00e+00	0.00e+00	0.00e+00	0.00e+00	0.00e+00
 5.04405e+22	4.31e-15	3.81e-04	2.70e-02	1.91e-01	2.37e-01	1.38e-01	1.42e-01	2.23e-01	3.87e-02	2.20e-03	2.44e-05	1.91e-07	0.00e+00	0.00e+00	0.00e+00	0.00e+00	0.00e+00	0.00e+00
 5.08216e+22	6.20e-15	4.64e-04	3.11e-02	2.10e-01	2.45e-01	1.38e-01	1.37e-01	2.03e-01	3.30e-02	1.77e-03	1.86e-05	1.42e-07	0.00e+00	0.00e+00	0.00e+00	0.00e+00	0.00e+00	0.00e+00
 5.12121e+22	9.76e-15	5.89e-04	3.68e-02	2.33e-01	2.55e-01	1.37e-01	1.31e-01	1.79e-01	2.68e-02	1.34e-03	1.32e-05	0.00e+00	0.00e+00	0.00e+00	0.00e+00	0.00e+00	0.00e+00	0.00e+00
 5.16067e+22	1.43e-14	7.12e-04	4.20e-02	2.52e-01	2.61e-01	1.35e-01	1.25e-01	1.61e-01	2.25e-02	1.05e-03	9.86e-06	0.00e+00	0.00e+00	0.00e+00	0.00e+00	0.00e+00	0.00e+00	0.00e+00
 5.19471e+22	2.06e-14	8.47e-04	4.74e-02	2.70e-01	2.66e-01	1.33e-01	1.19e-01	1.44e-01	1.90e-02	8.41e-04	7.49e-06	0.00e+00	0.00e+00	0.00e+00	0.00e+00	0.00e+00	0.00e+00	0.00e+00
 5.22657e+22	2.87e-14	9.90e-04	5.27e-02	2.87e-01	2.69e-01	1.30e-01	1.13e-01	1.30e-01	1.62e-02	6.80e-04	5.78e-06	0.00e+00	0.00e+00	0.00e+00	0.00e+00	0.00e+00	0.00e+00	0.00e+00
 5.26157e+22	4.33e-14	1.20e-03	5.99e-02	3.07e-01	2.72e-01	1.26e-01	1.06e-01	1.14e-01	1.32e-02	5.18e-04	4.18e-06	0.00e+00	0.00e+00	0.00e+00	0.00e+00	0.00e+00	0.00e+00	0.00e+00
 5.29663e+22	6.61e-14	1.40e-03	6.63e-02	3.24e-01	2.73e-01	1.23e-01	9.94e-02	1.02e-01	1.11e-02	4.11e-04	3.17e-06	0.00e+00	0.00e+00	0.00e+00	0.00e+00	0.00e+00	0.00e+00	0.00e+00
 5.32686e+22	9.27e-14	1.61e-03	7.27e-02	3.40e-01	2.72e-01	1.19e-01	9.37e-02	9.12e-02	9.36e-03	3.31e-04	2.45e-06	0.00e+00	0.00e+00	0.00e+00	0.00e+00	0.00e+00	0.00e+00	0.00e+00
 5.36121e+22	1.54e-13	1.92e-03	8.14e-02	3.58e-01	2.71e-01	1.14e-01	8.65e-02	7.88e-02	7.51e-03	2.49e-04	1.74e-06	0.00e+00	0.00e+00	0.00e+00	0.00e+00	0.00e+00	0.00e+00	0.00e+00
 5.39672e+22	2.40e-13	2.22e-03	8.93e-02	3.74e-01	2.69e-01	1.10e-01	8.06e-02	6.94e-02	6.21e-03	1.95e-04	1.31e-06	0.00e+00	0.00e+00	0.00e+00	0.00e+00	0.00e+00	0.00e+00	0.00e+00
 5.43370e+22	4.34e-13	2.65e-03	9.99e-02	3.92e-01	2.65e-01	1.04e-01	7.33e-02	5.89e-02	4.87e-03	1.42e-04	9.04e-07	0.00e+00	0.00e+00	0.00e+00	0.00e+00	0.00e+00	0.00e+00	0.00e+00
 5.47124e+22	1.09e-12	3.07e-03	1.10e-01	4.06e-01	2.60e-01	9.86e-02	6.74e-02	5.09e-02	3.93e-03	1.08e-04	6.57e-07	0.00e+00	0.00e+00	0.00e+00	0.00e+00	0.00e+00	0.00e+00	0.00e+00
 5.50338e+22	1.74e-12	3.50e-03	1.19e-01	4.19e-01	2.55e-01	9.40e-02	6.23e-02	4.46e-02	3.24e-03	8.49e-05	4.94e-07	0.00e+00	0.00e+00	0.00e+00	0.00e+00	0.00e+00	0.00e+00	0.00e+00
 5.53902e+22	6.93e-12	4.12e-03	1.31e-01	4.33e-01	2.48e-01	8.80e-02	5.62e-02	3.75e-02	2.52e-03	6.16e-05	3.41e-07	0.00e+00	0.00e+00	0.00e+00	0.00e+00	0.00e+00	0.00e+00	0.00e+00
 5.57204e+22	1.77e-11	4.58e-03	1.39e-01	4.41e-01	2.43e-01	8.41e-02	5.24e-02	3.34e-02	2.13e-03	4.98e-05	2.67e-07	0.00e+00	0.00e+00	0.00e+00	0.00e+00	0.00e+00	0.00e+00	0.00e+00
 5.60162e+22	4.61e-11	5.19e-03	1.50e-01	4.51e-01	2.36e-01	7.95e-02	4.79e-02	2.89e-02	1.73e-03	3.84e-05	1.97e-07	0.00e+00	0.00e+00	0.00e+00	0.00e+00	0.00e+00	0.00e+00	0.00e+00
 5.63207e+22	1.33e-09	5.78e-03	1.59e-01	4.58e-01	2.30e-01	7.55e-02	4.43e-02	2.55e-02	1.44e-03	3.05e-05	1.52e-07	0.00e+00	0.00e+00	0.00e+00	0.00e+00	0.00e+00	0.00e+00	0.00e+00
 5.65923e+22	5.23e-09	6.39e-03	1.69e-01	4.64e-01	2.24e-01	7.18e-02	4.10e-02	2.25e-02	1.21e-03	2.45e-05	0.00e+00	0.00e+00	0.00e+00	0.00e+00	0.00e+00	0.00e+00	0.00e+00	0.00e+00
 5.69014e+22	4.39e-08	7.26e-03	1.82e-01	4.71e-01	2.15e-01	6.71e-02	3.71e-02	1.92e-02	9.61e-04	1.84e-05	0.00e+00	0.00e+00	0.00e+00	0.00e+00	0.00e+00	0.00e+00	0.00e+00	0.00e+00
 5.72130e+22	8.68e-07	8.05e-03	1.92e-01	4.76e-01	2.09e-01	6.34e-02	3.41e-02	1.68e-02	7.96e-04	1.45e-05	0.00e+00	0.00e+00	0.00e+00	0.00e+00	0.00e+00	0.00e+00	0.00e+00	0.00e+00
 5.74865e+22	1.22e-06	8.86e-03	2.03e-01	4.80e-01	2.02e-01	6.00e-02	3.14e-02	1.47e-02	6.63e-04	1.16e-05	0.00e+00	0.00e+00	0.00e+00	0.00e+00	0.00e+00	0.00e+00	0.00e+00	0.00e+00
 5.77194e+22	1.44e-06	9.51e-03	2.11e-01	4.82e-01	1.97e-01	5.75e-02	2.95e-02	1.34e-02	5.78e-04	9.76e-06	0.00e+00	0.00e+00	0.00e+00	0.00e+00	0.00e+00	0.00e+00	0.00e+00	0.00e+00
 5.79410e+22	1.70e-06	1.03e-02	2.20e-01	4.84e-01	1.90e-01	5.46e-02	2.74e-02	1.19e-02	4.90e-04	7.96e-06	0.00e+00	0.00e+00	0.00e+00	0.00e+00	0.00e+00	0.00e+00	0.00e+00	0.00e+00
 5.82290e+22	2.07e-06	1.15e-02	2.33e-01	4.86e-01	1.82e-01	5.10e-02	2.48e-02	1.02e-02	3.94e-04	6.08e-06	0.00e+00	0.00e+00	0.00e+00	0.00e+00	0.00e+00	0.00e+00	0.00e+00	0.00e+00
 5.85374e+22	2.49e-06	1.27e-02	2.46e-01	4.87e-01	1.75e-01	4.78e-02	2.25e-02	8.82e-03	3.21e-04	4.73e-06	0.00e+00	0.00e+00	0.00e+00	0.00e+00	0.00e+00	0.00e+00	0.00e+00	0.00e+00
 5.88273e+22	2.94e-06	1.40e-02	2.58e-01	4.87e-01	1.67e-01	4.47e-02	2.05e-02	7.63e-03	2.62e-04	3.69e-06	0.00e+00	0.00e+00	0.00e+00	0.00e+00	0.00e+00	0.00e+00	0.00e+00	0.00e+00
 5.91595e+22	3.62e-06	1.58e-02	2.74e-01	4.86e-01	1.58e-01	4.10e-02	1.81e-02	6.32e-03	2.01e-04	2.67e-06	0.00e+00	0.00e+00	0.00e+00	0.00e+00	0.00e+00	0.00e+00	0.00e+00	0.00e+00
 5.94930e+22	4.23e-06	1.73e-02	2.87e-01	4.84e-01	1.51e-01	3.82e-02	1.64e-02	5.44e-03	1.63e-04	2.06e-06	0.00e+00	0.00e+00	0.00e+00	0.00e+00	0.00e+00	0.00e+00	0.00e+00	0.00e+00
 5.98281e+22	5.13e-06	1.94e-02	3.04e-01	4.81e-01	1.41e-01	3.49e-02	1.44e-02	4.48e-03	1.25e-04	1.48e-06	0.00e+00	0.00e+00	0.00e+00	0.00e+00	0.00e+00	0.00e+00	0.00e+00	0.00e+00
 6.01679e+22	5.94e-06	2.13e-02	3.18e-01	4.77e-01	1.34e-01	3.24e-02	1.30e-02	3.83e-03	1.00e-04	1.14e-06	0.00e+00	0.00e+00	0.00e+00	0.00e+00	0.00e+00	0.00e+00	0.00e+00	0.00e+00
 6.05137e+22	7.10e-06	2.38e-02	3.35e-01	4.71e-01	1.25e-01	2.94e-02	1.13e-02	3.14e-03	7.60e-05	8.15e-07	0.00e+00	0.00e+00	0.00e+00	0.00e+00	0.00e+00	0.00e+00	0.00e+00	0.00e+00
 6.08686e+22	8.22e-06	2.62e-02	3.50e-01	4.65e-01	1.18e-01	2.71e-02	1.01e-02	2.65e-03	6.01e-05	6.14e-07	0.00e+00	0.00e+00	0.00e+00	0.00e+00	0.00e+00	0.00e+00	0.00e+00	0.00e+00
 6.12353e+22	9.83e-06	2.94e-02	3.69e-01	4.57e-01	1.09e-01	2.44e-02	8.70e-03	2.13e-03	4.46e-05	4.28e-07	0.00e+00	0.00e+00	0.00e+00	0.00e+00	0.00e+00	0.00e+00	0.00e+00	0.00e+00
 6.16067e+22	1.13e-05	3.23e-02	3.85e-01	4.49e-01	1.02e-01	2.23e-02	7.70e-03	1.78e-03	3.49e-05	3.19e-07	0.00e+00	0.00e+00	0.00e+00	0.00e+00	0.00e+00	0.00e+00	0.00e+00	0.00e+00
 6.19841e+22	1.35e-05	3.62e-02	4.04e-01	4.37e-01	9.42e-02	1.99e-02	6.58e-03	1.42e-03	2.55e-05	2.19e-07	0.00e+00	0.00e+00	0.00e+00	0.00e+00	0.00e+00	0.00e+00	0.00e+00	0.00e+00
 6.23694e+22	1.55e-05	3.98e-02	4.20e-01	4.27e-01	8.76e-02	1.81e-02	5.77e-03	1.18e-03	1.97e-05	1.61e-07	0.00e+00	0.00e+00	0.00e+00	0.00e+00	0.00e+00	0.00e+00	0.00e+00	0.00e+00
 6.26634e+22	1.71e-05	4.25e-02	4.31e-01	4.20e-01	8.31e-02	1.69e-02	5.24e-03	1.03e-03	1.63e-05	1.29e-07	0.00e+00	0.00e+00	0.00e+00	0.00e+00	0.00e+00	0.00e+00	0.00e+00	0.00e+00
 6.29442e+22	1.93e-05	4.60e-02	4.45e-01	4.10e-01	7.78e-02	1.55e-02	4.65e-03	8.67e-04	1.30e-05	0.00e+00	0.00e+00	0.00e+00	0.00e+00	0.00e+00	0.00e+00	0.00e+00	0.00e+00	0.00e+00
 6.32316e+22	2.13e-05	4.91e-02	4.57e-01	4.01e-01	7.35e-02	1.44e-02	4.21e-03	7.52e-04	1.07e-05	0.00e+00	0.00e+00	0.00e+00	0.00e+00	0.00e+00	0.00e+00	0.00e+00	0.00e+00	0.00e+00
 6.35277e+22	2.39e-05	5.31e-02	4.71e-01	3.90e-01	6.85e-02	1.31e-02	3.71e-03	6.30e-04	8.39e-06	0.00e+00	0.00e+00	0.00e+00	0.00e+00	0.00e+00	0.00e+00	0.00e+00	0.00e+00	0.00e+00
 6.38298e+22	2.64e-05	5.68e-02	4.82e-01	3.80e-01	6.44e-02	1.21e-02	3.33e-03	5.41e-04	6.82e-06	0.00e+00	0.00e+00	0.00e+00	0.00e+00	0.00e+00	0.00e+00	0.00e+00	0.00e+00	0.00e+00
 6.40978e+22	2.90e-05	6.06e-02	4.94e-01	3.71e-01	6.05e-02	1.12e-02	2.99e-03	4.66e-04	5.57e-06	0.00e+00	0.00e+00	0.00e+00	0.00e+00	0.00e+00	0.00e+00	0.00e+00	0.00e+00	0.00e+00
 6.44045e+22	3.27e-05	6.58e-02	5.08e-01	3.58e-01	5.58e-02	1.01e-02	2.60e-03	3.84e-04	4.28e-06	0.00e+00	0.00e+00	0.00e+00	0.00e+00	0.00e+00	0.00e+00	0.00e+00	0.00e+00	0.00e+00
 6.47118e+22	3.58e-05	6.99e-02	5.18e-01	3.48e-01	5.24e-02	9.28e-03	2.33e-03	3.31e-04	3.50e-06	0.00e+00	0.00e+00	0.00e+00	0.00e+00	0.00e+00	0.00e+00	0.00e+00	0.00e+00	0.00e+00
 6.50199e+22	3.99e-05	7.53e-02	5.31e-01	3.35e-01	4.84e-02	8.38e-03	2.03e-03	2.74e-04	2.71e-06	0.00e+00	0.00e+00	0.00e+00	0.00e+00	0.00e+00	0.00e+00	0.00e+00	0.00e+00	0.00e+00
 6.53380e+22	4.39e-05	8.04e-02	5.41e-01	3.24e-01	4.51e-02	7.65e-03	1.80e-03	2.33e-04	2.18e-06	0.00e+00	0.00e+00	0.00e+00	0.00e+00	0.00e+00	0.00e+00	0.00e+00	0.00e+00	0.00e+00
 6.55754e+22	4.66e-05	8.39e-02	5.48e-01	3.16e-01	4.30e-02	7.20e-03	1.66e-03	2.09e-04	1.88e-06	0.00e+00	0.00e+00	0.00e+00	0.00e+00	0.00e+00	0.00e+00	0.00e+00	0.00e+00	0.00e+00
 6.57410e+22	4.86e-05	8.63e-02	5.52e-01	3.11e-01	4.15e-02	6.90e-03	1.57e-03	1.93e-04	1.69e-06	0.00e+00	0.00e+00	0.00e+00	0.00e+00	0.00e+00	0.00e+00	0.00e+00	0.00e+00	0.00e+00
 6.59066e+22	5.15e-05	8.98e-02	5.58e-01	3.04e-01	3.97e-02	6.51e-03	1.45e-03	1.74e-04	1.47e-06	0.00e+00	0.00e+00	0.00e+00	0.00e+00	0.00e+00	0.00e+00	0.00e+00	0.00e+00	0.00e+00
 6.61219e+22	5.52e-05	9.43e-02	5.66e-01	2.95e-01	3.74e-02	6.05e-03	1.32e-03	1.53e-04	1.23e-06	0.00e+00	0.00e+00	0.00e+00	0.00e+00	0.00e+00	0.00e+00	0.00e+00	0.00e+00	0.00e+00
 6.63636e+22	5.93e-05	9.90e-02	5.73e-01	2.86e-01	3.52e-02	5.60e-03	1.19e-03	1.34e-04	1.03e-06	0.00e+00	0.00e+00	0.00e+00	0.00e+00	0.00e+00	0.00e+00	0.00e+00	0.00e+00	0.00e+00
 6.65991e+22	6.35e-05	1.04e-01	5.80e-01	2.77e-01	3.32e-02	5.20e-03	1.08e-03	1.17e-04	8.65e-07	0.00e+00	0.00e+00	0.00e+00	0.00e+00	0.00e+00	0.00e+00	0.00e+00	0.00e+00	0.00e+00
 6.68647e+22	6.93e-05	1.10e-01	5.88e-01	2.65e-01	3.07e-02	4.71e-03	9.48e-04	9.88e-05	6.88e-07	0.00e+00	0.00e+00	0.00e+00	0.00e+00	0.00e+00	0.00e+00	0.00e+00	0.00e+00	0.00e+00
