#depth	H	H+	H2
 4.62852e+21	6.94e-08	1.00e+00	9.86e-35
 1.03234e+22	1.26e-07	1.00e+00	9.47e-34
 1.18656e+22	1.67e-07	1.00e+00	2.57e-33
 1.25794e+22	1.93e-07	1.00e+00	4.17e-33
 1.28768e+22	2.00e-07	1.00e+00	4.70e-33
 1.30136e+22	2.09e-07	1.00e+00	5.47e-33
 1.31523e+22	2.16e-07	1.00e+00	6.16e-33
 1.32932e+22	2.27e-07	1.00e+00	7.19e-33
 1.34332e+22	2.34e-07	1.00e+00	8.05e-33
 1.35721e+22	2.45e-07	1.00e+00	4.37e-33
 1.37133e+22	2.53e-07	1.00e+00	4.90e-33
 1.38576e+22	2.65e-07	1.00e+00	5.71e-33
 1.40048e+22	2.74e-07	1.00e+00	6.43e-33
 1.41557e+22	2.87e-07	1.00e+00	7.51e-33
 1.43020e+22	2.96e-07	1.00e+00	8.35e-33
 1.44422e+22	3.09e-07	1.00e+00	9.63e-33
 1.45856e+22	3.18e-07	1.00e+00	1.08e-32
 1.47331e+22	3.32e-07	1.00e+00	1.24e-32
 1.48840e+22	3.43e-07	1.00e+00	1.39e-32
 1.50391e+22	3.59e-07	1.00e+00	1.62e-32
 1.51976e+22	3.71e-07	1.00e+00	1.82e-32
 1.53605e+22	3.88e-07	1.00e+00	2.13e-32
 1.55228e+22	4.01e-07	1.00e+00	2.39e-32
 1.56843e+22	4.19e-07	1.00e+00	2.78e-32
 1.58479e+22	4.33e-07	1.00e+00	3.12e-32
 1.60145e+22	4.53e-07	1.00e+00	3.64e-32
 1.61735e+22	4.67e-07	1.00e+00	4.03e-32
 1.63228e+22	4.86e-07	1.00e+00	4.61e-32
 1.64745e+22	5.00e-07	1.00e+00	4.99e-32
 1.66292e+22	5.20e-07	1.00e+00	5.31e-32
 1.67872e+22	5.37e-07	1.00e+00	5.94e-32
 1.69494e+22	5.59e-07	1.00e+00	6.83e-32
 1.71139e+22	5.76e-07	1.00e+00	7.63e-32
 1.72533e+22	5.93e-07	1.00e+00	8.45e-32
 1.74066e+22	6.16e-07	1.00e+00	9.65e-32
 1.75601e+22	6.35e-07	1.00e+00	1.07e-31
 1.77139e+22	6.57e-07	1.00e+00	1.21e-31
 1.78731e+22	6.77e-07	1.00e+00	1.35e-31
 1.80155e+22	6.98e-07	1.00e+00	1.51e-31
 1.81771e+22	7.24e-07	1.00e+00	1.72e-31
 1.83436e+22	7.47e-07	1.00e+00	1.92e-31
 1.84919e+22	7.69e-07	1.00e+00	2.15e-31
 1.86603e+22	7.99e-07	1.00e+00	2.46e-31
 1.88331e+22	8.23e-07	1.00e+00	2.76e-31
 1.89818e+22	8.46e-07	1.00e+00	3.06e-31
 1.91452e+22	8.75e-07	1.00e+00	3.48e-31
 1.93135e+22	9.01e-07	1.00e+00	3.90e-31
 1.94627e+22	9.26e-07	1.00e+00	4.33e-31
 1.96308e+22	9.57e-07	1.00e+00	4.92e-31
 1.98093e+22	9.89e-07	1.00e+00	5.57e-31
 1.99697e+22	1.02e-06	1.00e+00	6.23e-31
 2.01469e+22	1.05e-06	1.00e+00	7.12e-31
 2.03381e+22	1.09e-06	1.00e+00	8.15e-31
 2.05118e+22	1.12e-06	1.00e+00	9.16e-31
 2.07014e+22	1.17e-06	1.00e+00	1.06e-30
 2.08991e+22	1.20e-06	1.00e+00	1.20e-30
 2.10786e+22	1.24e-06	1.00e+00	1.37e-30
 2.12832e+22	1.30e-06	1.00e+00	1.60e-30
 2.14890e+22	1.34e-06	1.00e+00	1.82e-30
 2.16963e+22	1.40e-06	1.00e+00	2.12e-30
 2.19089e+22	1.45e-06	1.00e+00	2.43e-30
 2.20969e+22	1.50e-06	1.00e+00	2.76e-30
 2.23096e+22	1.57e-06	1.00e+00	3.25e-30
 2.25262e+22	1.64e-06	1.00e+00	3.71e-30
 2.27478e+22	1.72e-06	1.00e+00	4.39e-30
 2.29730e+22	1.79e-06	1.00e+00	5.02e-30
 2.31727e+22	1.87e-06	1.00e+00	5.75e-30
 2.33605e+22	1.94e-06	1.00e+00	6.44e-30
 2.35630e+22	2.04e-06	1.00e+00	7.48e-30
 2.37658e+22	2.12e-06	1.00e+00	8.40e-30
 2.39691e+22	2.24e-06	1.00e+00	9.75e-30
 2.41721e+22	2.33e-06	1.00e+00	1.09e-29
 2.43749e+22	2.46e-06	1.00e+00	1.26e-29
 2.45803e+22	2.56e-06	1.00e+00	1.40e-29
 2.47891e+22	2.71e-06	1.00e+00	1.61e-29
 2.50018e+22	2.84e-06	1.00e+00	1.82e-29
 2.52195e+22	3.02e-06	1.00e+00	2.09e-29
 2.54412e+22	3.17e-06	1.00e+00	2.34e-29
 2.56679e+22	3.40e-06	1.00e+00	2.68e-29
 2.58989e+22	3.58e-06	1.00e+00	3.00e-29
 2.61292e+22	3.83e-06	1.00e+00	3.40e-29
 2.63617e+22	4.05e-06	1.00e+00	3.88e-29
 2.65650e+22	4.27e-06	1.00e+00	4.27e-29
 2.67576e+22	4.49e-06	1.00e+00	4.68e-29
 2.69722e+22	4.79e-06	1.00e+00	5.22e-29
 2.71874e+22	5.04e-06	1.00e+00	5.76e-29
 2.74031e+22	5.38e-06	1.00e+00	6.42e-29
 2.76163e+22	5.64e-06	1.00e+00	7.07e-29
 2.78286e+22	6.02e-06	1.00e+00	7.90e-29
 2.80411e+22	6.31e-06	1.00e+00	8.73e-29
 2.82537e+22	6.73e-06	1.00e+00	9.83e-29
 2.84669e+22	7.06e-06	1.00e+00	1.09e-28
 2.86807e+22	7.52e-06	1.00e+00	1.24e-28
 2.88956e+22	7.88e-06	1.00e+00	1.40e-28
 2.91119e+22	8.39e-06	1.00e+00	1.62e-28
 2.93301e+22	8.80e-06	1.00e+00	1.84e-28
 2.95509e+22	9.37e-06	1.00e+00	2.17e-28
 2.97745e+22	9.83e-06	1.00e+00	2.50e-28
 3.00018e+22	1.05e-05	1.00e+00	3.02e-28
 3.02327e+22	1.10e-05	1.00e+00	3.54e-28
 3.04681e+22	1.17e-05	1.00e+00	4.37e-28
 3.07101e+22	1.23e-05	1.00e+00	5.23e-28
 3.09157e+22	1.29e-05	1.00e+00	6.15e-28
 3.11382e+22	1.37e-05	1.00e+00	7.63e-28
 3.13570e+22	1.43e-05	1.00e+00	8.98e-28
 3.15709e+22	1.51e-05	1.00e+00	1.11e-27
 3.17869e+22	1.57e-05	1.00e+00	1.32e-27
 3.20055e+22	1.66e-05	1.00e+00	1.65e-27
 3.22250e+22	1.73e-05	1.00e+00	1.96e-27
 3.24457e+22	1.83e-05	1.00e+00	2.46e-27
 3.26690e+22	1.91e-05	1.00e+00	2.94e-27
 3.28956e+22	2.02e-05	1.00e+00	3.73e-27
 3.31253e+22	2.11e-05	1.00e+00	4.49e-27
 3.33590e+22	2.23e-05	1.00e+00	5.74e-27
 3.35966e+22	2.33e-05	1.00e+00	6.95e-27
 3.38391e+22	2.47e-05	1.00e+00	8.96e-27
 3.40865e+22	2.59e-05	1.00e+00	1.09e-26
 3.43401e+22	2.75e-05	1.00e+00	1.42e-26
 3.45981e+22	2.87e-05	1.00e+00	1.74e-26
 3.48617e+22	3.06e-05	1.00e+00	2.29e-26
 3.51269e+22	3.20e-05	1.00e+00	2.82e-26
 3.53531e+22	3.35e-05	1.00e+00	3.43e-26
 3.56061e+22	3.55e-05	1.00e+00	4.44e-26
 3.58609e+22	3.70e-05	1.00e+00	5.40e-26
 3.60766e+22	3.86e-05	1.00e+00	6.48e-26
 3.63155e+22	4.07e-05	1.00e+00	8.24e-26
 3.65518e+22	4.23e-05	1.00e+00	9.82e-26
 3.67845e+22	4.44e-05	1.00e+00	1.23e-25
 3.70264e+22	4.64e-05	1.00e+00	1.49e-25
 3.72434e+22	4.83e-05	1.00e+00	1.79e-25
 3.74887e+22	5.10e-05	1.00e+00	2.28e-25
 3.77393e+22	5.32e-05	1.00e+00	2.77e-25
 3.79968e+22	5.61e-05	1.00e+00	3.52e-25
 3.82664e+22	5.89e-05	1.00e+00	4.38e-25
 3.85084e+22	6.14e-05	1.00e+00	5.33e-25
 3.87796e+22	6.51e-05	1.00e+00	6.93e-25
 3.90543e+22	6.80e-05	1.00e+00	8.47e-25
 3.93335e+22	7.20e-05	1.00e+00	1.10e-24
 3.96186e+22	7.55e-05	1.00e+00	1.36e-24
 3.99113e+22	8.01e-05	1.00e+00	1.79e-24
 4.02083e+22	8.41e-05	1.00e+00	2.23e-24
 4.05108e+22	8.93e-05	1.00e+00	2.94e-24
 4.08178e+22	9.38e-05	1.00e+00	3.69e-24
 4.11308e+22	9.98e-05	1.00e+00	4.91e-24
 4.14439e+22	1.05e-04	1.00e+00	6.14e-24
 4.17571e+22	1.11e-04	1.00e+00	8.17e-24
 4.20795e+22	1.17e-04	1.00e+00	1.04e-23
 4.23402e+22	1.23e-04	1.00e+00	1.26e-23
 4.25698e+22	1.27e-04	1.00e+00	1.51e-23
 4.28331e+22	1.34e-04	1.00e+00	1.90e-23
 4.31130e+22	1.40e-04	1.00e+00	2.35e-23
 4.33730e+22	1.46e-04	1.00e+00	2.88e-23
 4.36693e+22	1.55e-04	1.00e+00	3.77e-23
 4.39686e+22	1.62e-04	1.00e+00	4.68e-23
 4.42321e+22	1.70e-04	1.00e+00	5.78e-23
 4.45351e+22	1.80e-04	1.00e+00	7.53e-23
 4.48451e+22	1.89e-04	1.00e+00	9.45e-23
 4.51199e+22	1.98e-04	1.00e+00	1.17e-22
 4.54325e+22	2.10e-04	1.00e+00	1.54e-22
 4.57540e+22	2.21e-04	1.00e+00	1.96e-22
 4.60404e+22	2.32e-04	1.00e+00	2.45e-22
 4.63661e+22	2.46e-04	1.00e+00	3.26e-22
 4.67023e+22	2.60e-04	1.00e+00	4.18e-22
 4.70014e+22	2.73e-04	1.00e+00	5.28e-22
 4.73396e+22	2.91e-04	1.00e+00	6.87e-22
 4.76862e+22	3.07e-04	1.00e+00	8.86e-22
 4.79923e+22	3.23e-04	1.00e+00	1.13e-21
 4.83387e+22	3.45e-04	1.00e+00	1.53e-21
 4.86948e+22	3.65e-04	1.00e+00	1.99e-21
 4.90109e+22	3.84e-04	1.00e+00	2.56e-21
 4.93691e+22	4.11e-04	1.00e+00	3.52e-21
 4.97377e+22	4.35e-04	1.00e+00	4.65e-21
 5.00665e+22	4.60e-04	1.00e+00	6.06e-21
 5.04405e+22	4.93e-04	1.00e+00	8.57e-21
 5.08216e+22	5.22e-04	9.99e-01	1.14e-20
 5.12121e+22	5.62e-04	9.99e-01	1.65e-20
 5.16067e+22	5.96e-04	9.99e-01	2.24e-20
 5.19471e+22	6.30e-04	9.99e-01	2.99e-20
 5.22657e+22	6.63e-04	9.99e-01	3.92e-20
 5.26157e+22	7.06e-04	9.99e-01	5.50e-20
 5.29663e+22	7.44e-04	9.99e-01	7.49e-20
 5.32686e+22	7.82e-04	9.99e-01	9.88e-20
 5.36121e+22	8.32e-04	9.99e-01	1.44e-19
 5.39672e+22	8.78e-04	9.99e-01	1.97e-19
 5.43370e+22	9.38e-04	9.99e-01	2.95e-19
 5.47124e+22	9.93e-04	9.99e-01	4.50e-19
 5.50338e+22	1.04e-03	9.99e-01	6.04e-19
 5.53902e+22	1.11e-03	9.99e-01	9.97e-19
 5.57204e+22	1.16e-03	9.99e-01	1.35e-18
 5.60162e+22	1.22e-03	9.99e-01	1.87e-18
 5.63207e+22	1.28e-03	9.99e-01	3.02e-18
 5.65923e+22	1.34e-03	9.99e-01	3.94e-18
 5.69014e+22	1.41e-03	9.99e-01	6.20e-18
 5.72130e+22	1.48e-03	9.99e-01	1.19e-17
 5.74865e+22	1.54e-03	9.98e-01	1.80e-17
 5.77194e+22	1.59e-03	9.98e-01	2.83e-17
 5.79410e+22	1.65e-03	9.98e-01	4.87e-17
 5.82290e+22	1.73e-03	9.98e-01	1.00e-16
 5.85374e+22	1.81e-03	9.98e-01	2.43e-16
 5.88273e+22	1.90e-03	9.98e-01	5.61e-16
 5.91595e+22	2.01e-03	9.98e-01	2.21e-15
 5.94930e+22	2.10e-03	9.98e-01	3.58e-14
 5.98281e+22	2.23e-03	9.98e-01	1.59e-13
 6.01679e+22	2.33e-03	9.98e-01	2.32e-13
 6.05137e+22	2.47e-03	9.98e-01	3.22e-13
 6.08686e+22	2.59e-03	9.97e-01	4.19e-13
 6.12353e+22	2.76e-03	9.97e-01	5.62e-13
 6.16067e+22	2.90e-03	9.97e-01	7.12e-13
 6.19841e+22	3.09e-03	9.97e-01	9.34e-13
 6.23694e+22	3.25e-03	9.97e-01	1.16e-12
 6.26634e+22	3.37e-03	9.97e-01	1.36e-12
 6.29442e+22	3.53e-03	9.96e-01	1.62e-12
 6.32316e+22	3.67e-03	9.96e-01	1.86e-12
 6.35277e+22	3.84e-03	9.96e-01	2.20e-12
 6.38298e+22	4.00e-03	9.96e-01	2.54e-12
 6.40978e+22	4.16e-03	9.96e-01	2.91e-12
 6.44045e+22	4.37e-03	9.96e-01	3.47e-12
 6.47118e+22	4.54e-03	9.95e-01	3.93e-12
 6.50199e+22	4.76e-03	9.95e-01	4.59e-12
 6.53380e+22	4.96e-03	9.95e-01	5.26e-12
 6.55754e+22	5.10e-03	9.95e-01	5.74e-12
 6.57410e+22	5.19e-03	9.95e-01	6.10e-12
 6.59066e+22	5.33e-03	9.95e-01	6.63e-12
 6.61219e+22	5.51e-03	9.94e-01	7.35e-12
 6.63636e+22	5.69e-03	9.94e-01	8.16e-12
 6.65991e+22	5.88e-03	9.94e-01	9.02e-12
 6.68647e+22	6.14e-03	9.94e-01	1.03e-11
 6.71153e+22	6.31e-03	9.94e-01	1.12e-11
 6.73462e+22	6.53e-03	9.93e-01	1.25e-11
 6.76463e+22	6.84e-03	9.93e-01	1.44e-11
 6.79713e+22	7.13e-03	9.93e-01	1.63e-11
 6.83287e+22	7.54e-03	9.92e-01	1.93e-11
 6.87001e+22	7.89e-03	9.92e-01	2.22e-11
 6.90897e+22	8.36e-03	9.92e-01	2.64e-11
 6.94883e+22	8.77e-03	9.91e-01	3.06e-11
 6.98988e+22	9.36e-03	9.91e-01	3.70e-11
 7.03079e+22	9.79e-03	9.90e-01	4.25e-11
 7.07153e+22	1.04e-02	9.90e-01	5.12e-11
 7.11312e+22	1.09e-02	9.89e-01	5.91e-11
 7.15581e+22	1.17e-02	9.88e-01	7.18e-11
 7.19940e+22	1.23e-02	9.88e-01	8.39e-11
 7.24415e+22	1.33e-02	9.87e-01	1.04e-10
 7.28958e+22	1.41e-02	9.86e-01	1.24e-10
 7.32500e+22	1.47e-02	9.85e-01	1.41e-10
 7.36014e+22	1.57e-02	9.84e-01	1.70e-10
 7.39508e+22	1.64e-02	9.84e-01	1.94e-10
 7.42979e+22	1.76e-02	9.82e-01	2.35e-10
 7.46496e+22	1.85e-02	9.81e-01	2.75e-10
 7.50074e+22	2.00e-02	9.80e-01	3.38e-10
 7.53697e+22	2.13e-02	9.79e-01	4.05e-10
 7.56853e+22	2.28e-02	9.77e-01	4.84e-10
 7.60430e+22	2.49e-02	9.75e-01	6.12e-10
 7.64108e+22	2.71e-02	9.73e-01	7.67e-10
 7.67335e+22	2.94e-02	9.71e-01	9.52e-10
 7.70947e+22	3.29e-02	9.67e-01	1.26e-09
 7.74754e+22	3.70e-02	9.63e-01	1.70e-09
 7.78027e+22	4.12e-02	9.59e-01	2.22e-09
 7.80850e+22	4.58e-02	9.54e-01	2.87e-09
 7.83456e+22	5.09e-02	9.49e-01	3.70e-09
 7.86423e+22	5.86e-02	9.41e-01	5.16e-09
 7.88631e+22	6.39e-02	9.36e-01	6.28e-09
 7.89441e+22	6.63e-02	9.34e-01	6.84e-09
 7.90031e+22	6.85e-02	9.31e-01	7.40e-09
 7.90717e+22	7.10e-02	9.29e-01	7.98e-09
 7.91542e+22	7.44e-02	9.26e-01	8.94e-09
 7.92374e+22	7.79e-02	9.22e-01	9.89e-09
 7.93114e+22	8.12e-02	9.19e-01	1.09e-08
 7.93832e+22	8.48e-02	9.15e-01	1.20e-08
 7.94541e+22	8.85e-02	9.12e-01	1.32e-08
 7.95234e+22	9.21e-02	9.08e-01	1.44e-08
 7.95950e+22	9.65e-02	9.04e-01	1.61e-08
 7.96661e+22	1.01e-01	8.99e-01	1.78e-08
 7.97326e+22	1.05e-01	8.95e-01	1.97e-08
 7.97962e+22	1.10e-01	8.90e-01	2.15e-08
 7.98600e+22	1.15e-01	8.85e-01	2.38e-08
 7.99250e+22	1.20e-01	8.80e-01	2.61e-08
 7.99898e+22	1.26e-01	8.74e-01	2.90e-08
 8.00529e+22	1.31e-01	8.69e-01	3.22e-08
 8.01119e+22	1.37e-01	8.63e-01	3.54e-08
 8.01698e+22	1.43e-01	8.57e-01	3.86e-08
 8.02312e+22	1.50e-01	8.50e-01	4.32e-08
 8.02919e+22	1.56e-01	8.44e-01	4.74e-08
 8.03496e+22	1.64e-01	8.36e-01	5.25e-08
 8.04069e+22	1.71e-01	8.29e-01	5.82e-08
 8.04620e+22	1.79e-01	8.21e-01	6.40e-08
 8.05162e+22	1.86e-01	8.14e-01	7.06e-08
 8.05711e+22	1.94e-01	8.06e-01	7.79e-08
 8.06260e+22	2.03e-01	7.97e-01	8.59e-08
 8.06805e+22	2.12e-01	7.88e-01	9.48e-08
 8.07347e+22	2.21e-01	7.79e-01	1.05e-07
 8.07885e+22	2.30e-01	7.70e-01	1.15e-07
 8.08434e+22	2.41e-01	7.59e-01	1.27e-07
 8.08982e+22	2.52e-01	7.48e-01	1.42e-07
 8.09498e+22	2.62e-01	7.38e-01	1.56e-07
 8.10000e+22	2.71e-01	7.29e-01	1.69e-07
 8.10556e+22	2.84e-01	7.16e-01	1.88e-07
 8.11134e+22	2.97e-01	7.03e-01	2.10e-07
 8.11657e+22	3.08e-01	6.92e-01	2.31e-07
 8.12159e+22	3.20e-01	6.80e-01	2.54e-07
 8.12682e+22	3.33e-01	6.67e-01	2.79e-07
 8.13222e+22	3.46e-01	6.54e-01	3.08e-07
 8.13769e+22	3.60e-01	6.40e-01	3.41e-07
 8.14304e+22	3.74e-01	6.26e-01	3.76e-07
 8.14832e+22	3.87e-01	6.13e-01	4.12e-07
 8.15377e+22	4.01e-01	5.99e-01	4.53e-07
 8.15943e+22	4.16e-01	5.84e-01	5.01e-07
 8.16511e+22	4.31e-01	5.69e-01	5.53e-07
 8.17066e+22	4.46e-01	5.54e-01	6.07e-07
 8.17627e+22	4.61e-01	5.39e-01	6.66e-07
 8.18214e+22	4.76e-01	5.24e-01	7.31e-07
 8.18826e+22	4.92e-01	5.08e-01	8.06e-07
 8.19445e+22	5.08e-01	4.92e-01	8.90e-07
 8.20053e+22	5.24e-01	4.76e-01	9.75e-07
 8.20673e+22	5.39e-01	4.61e-01	1.07e-06
 8.21258e+22	5.53e-01	4.47e-01	1.16e-06
 8.21768e+22	5.65e-01	4.35e-01	1.24e-06
 8.22272e+22	5.76e-01	4.24e-01	1.33e-06
 8.22818e+22	5.89e-01	4.11e-01	1.43e-06
 8.23386e+22	6.01e-01	3.99e-01	1.53e-06
 8.23957e+22	6.13e-01	3.87e-01	1.65e-06
 8.24532e+22	6.25e-01	3.75e-01	1.78e-06
 8.25104e+22	6.37e-01	3.63e-01	1.90e-06
 8.25689e+22	6.48e-01	3.52e-01	2.04e-06
 8.26297e+22	6.60e-01	3.40e-01	2.18e-06
 8.26920e+22	6.71e-01	3.29e-01	2.34e-06
 8.27549e+22	6.82e-01	3.18e-01	2.50e-06
 8.28186e+22	6.93e-01	3.07e-01	2.68e-06
 8.28837e+22	7.03e-01	2.97e-01	2.86e-06
 8.29508e+22	7.14e-01	2.86e-01	3.06e-06
 8.30187e+22	7.24e-01	2.76e-01	3.27e-06
 8.30876e+22	7.34e-01	2.66e-01	3.49e-06
 8.31586e+22	7.43e-01	2.57e-01	3.73e-06
 8.32314e+22	7.53e-01	2.47e-01	3.98e-06
 8.33055e+22	7.62e-01	2.38e-01	4.25e-06
 8.33808e+22	7.71e-01	2.29e-01	4.53e-06
 8.34584e+22	7.80e-01	2.20e-01	4.83e-06
 8.35384e+22	7.88e-01	2.12e-01	5.16e-06
 8.36204e+22	7.96e-01	2.04e-01	5.50e-06
 8.37043e+22	8.04e-01	1.96e-01	5.87e-06
 8.37907e+22	8.12e-01	1.88e-01	6.26e-06
 8.38797e+22	8.19e-01	1.81e-01	6.67e-06
 8.39702e+22	8.26e-01	1.74e-01	7.11e-06
 8.40621e+22	8.33e-01	1.67e-01	7.55e-06
 8.41555e+22	8.39e-01	1.61e-01	8.01e-06
 8.42511e+22	8.45e-01	1.55e-01	8.55e-06
 8.43507e+22	8.51e-01	1.49e-01	9.12e-06
 8.44542e+22	8.57e-01	1.43e-01	9.73e-06
 8.45580e+22	8.62e-01	1.38e-01	1.03e-05
 8.46621e+22	8.66e-01	1.34e-01	1.09e-05
 8.47713e+22	8.71e-01	1.29e-01	1.17e-05
 8.48866e+22	8.76e-01	1.24e-01	1.24e-05
 8.50047e+22	8.80e-01	1.20e-01	1.32e-05
 8.51250e+22	8.84e-01	1.16e-01	1.41e-05
 8.52496e+22	8.88e-01	1.12e-01	1.50e-05
 8.53787e+22	8.92e-01	1.08e-01	1.60e-05
 8.55071e+22	8.96e-01	1.04e-01	1.70e-05
 8.56278e+22	8.99e-01	1.01e-01	1.79e-05
 8.57417e+22	9.02e-01	9.77e-02	1.88e-05
 8.58520e+22	9.05e-01	9.51e-02	1.97e-05
 8.59593e+22	9.07e-01	9.25e-02	2.06e-05
 8.60631e+22	9.10e-01	9.01e-02	2.15e-05
 8.61627e+22	9.12e-01	8.78e-02	2.23e-05
 8.62570e+22	9.14e-01	8.58e-02	2.30e-05
 8.63468e+22	9.16e-01	8.38e-02	2.37e-05
 8.64310e+22	9.18e-01	8.20e-02	2.44e-05
 8.65125e+22	9.20e-01	8.03e-02	2.51e-05
 8.65938e+22	9.21e-01	7.85e-02	2.57e-05
 8.66724e+22	9.23e-01	7.68e-02	2.63e-05
 8.67479e+22	9.25e-01	7.53e-02	2.69e-05
 8.68206e+22	9.26e-01	7.38e-02	2.74e-05
 8.68908e+22	9.28e-01	7.23e-02	2.77e-05
 8.69586e+22	9.29e-01	7.09e-02	2.80e-05
 8.70241e+22	9.30e-01	6.96e-02	2.82e-05
 8.70873e+22	9.32e-01	6.83e-02	2.84e-05
 8.71482e+22	9.33e-01	6.71e-02	2.86e-05
 8.72069e+22	9.34e-01	6.59e-02	2.88e-05
 8.72637e+22	9.35e-01	6.48e-02	2.90e-05
 8.73185e+22	9.36e-01	6.36e-02	2.91e-05
 8.73699e+22	9.37e-01	6.26e-02	2.92e-05
 8.74167e+22	9.38e-01	6.17e-02	2.92e-05
 8.74592e+22	9.39e-01	6.09e-02	2.92e-05
 8.74980e+22	9.40e-01	6.01e-02	2.93e-05
 8.75332e+22	9.40e-01	5.95e-02	2.93e-05
 8.75653e+22	9.41e-01	5.89e-02	2.92e-05
 8.75945e+22	9.42e-01	5.83e-02	2.93e-05
 8.76265e+22	9.42e-01	5.76e-02	2.92e-05
 8.76610e+22	9.43e-01	5.68e-02	2.93e-05
 8.76925e+22	9.44e-01	5.63e-02	2.93e-05
 8.77269e+22	9.44e-01	5.55e-02	2.92e-05
 8.77641e+22	9.45e-01	5.46e-02	2.93e-05
 8.77979e+22	9.46e-01	5.40e-02	2.93e-05
 8.78287e+22	9.47e-01	5.34e-02	2.93e-05
 8.78567e+22	9.47e-01	5.29e-02	2.93e-05
 8.78822e+22	9.48e-01	5.24e-02	2.91e-05
 8.79054e+22	9.48e-01	5.21e-02	2.93e-05
 8.79308e+22	9.48e-01	5.17e-02	2.93e-05
 8.79639e+22	9.49e-01	5.10e-02	2.93e-05
 8.79996e+22	9.50e-01	5.03e-02	2.93e-05
 8.80320e+22	9.50e-01	4.96e-02	2.94e-05
 8.80616e+22	9.51e-01	4.93e-02	2.95e-05
 8.80940e+22	9.51e-01	4.87e-02	2.95e-05
 8.81289e+22	9.52e-01	4.81e-02	2.96e-05
 8.81607e+22	9.52e-01	4.76e-02	2.97e-05
 8.81956e+22	9.53e-01	4.70e-02	2.97e-05
 8.82332e+22	9.54e-01	4.63e-02	2.98e-05
 8.82675e+22	9.54e-01	4.58e-02	2.99e-05
 8.83050e+22	9.55e-01	4.52e-02	2.99e-05
 8.83455e+22	9.55e-01	4.44e-02	3.00e-05
 8.83823e+22	9.56e-01	4.39e-02	3.01e-05
 8.84159e+22	9.57e-01	4.34e-02	3.02e-05
 8.84464e+22	9.57e-01	4.30e-02	3.02e-05
 8.84742e+22	9.57e-01	4.26e-02	3.02e-05
 8.84995e+22	9.58e-01	4.23e-02	3.03e-05
 8.85272e+22	9.58e-01	4.19e-02	3.04e-05
 8.85632e+22	9.59e-01	4.12e-02	3.04e-05
 8.86021e+22	9.59e-01	4.06e-02	3.05e-05
 8.86374e+22	9.60e-01	4.00e-02	3.06e-05
 8.86696e+22	9.60e-01	3.96e-02	3.08e-05
 8.87049e+22	9.61e-01	3.91e-02	3.06e-05
 8.87430e+22	9.61e-01	3.85e-02	3.06e-05
 8.87777e+22	9.62e-01	3.81e-02	3.07e-05
 8.88092e+22	9.62e-01	3.77e-02	3.07e-05
 8.88438e+22	9.63e-01	3.72e-02	3.06e-05
 8.88811e+22	9.63e-01	3.67e-02	3.06e-05
 8.89150e+22	9.64e-01	3.63e-02	3.07e-05
 8.89459e+22	9.64e-01	3.59e-02	3.06e-05
 8.89740e+22	9.64e-01	3.57e-02	3.08e-05
 8.90048e+22	9.65e-01	3.53e-02	3.08e-05
 8.90381e+22	9.65e-01	3.49e-02	3.09e-05
 8.90745e+22	9.65e-01	3.45e-02	3.10e-05
 8.91139e+22	9.66e-01	3.40e-02	3.11e-05
 8.91497e+22	9.66e-01	3.36e-02	3.12e-05
 8.91823e+22	9.67e-01	3.34e-02	3.14e-05
 8.92180e+22	9.67e-01	3.30e-02	3.15e-05
 8.92565e+22	9.67e-01	3.25e-02	3.16e-05
 8.92916e+22	9.68e-01	3.22e-02	3.18e-05
 8.93300e+22	9.68e-01	3.18e-02	3.19e-05
 8.93715e+22	9.69e-01	3.13e-02	3.21e-05
 8.94093e+22	9.69e-01	3.10e-02	3.23e-05
 8.94437e+22	9.69e-01	3.08e-02	3.25e-05
 8.94813e+22	9.70e-01	3.04e-02	3.27e-05
 8.95220e+22	9.70e-01	3.00e-02	3.28e-05
 8.95590e+22	9.70e-01	2.97e-02	3.32e-05
 8.95995e+22	9.71e-01	2.93e-02	3.33e-05
 8.96433e+22	9.71e-01	2.89e-02	3.36e-05
 8.96831e+22	9.71e-01	2.86e-02	3.40e-05
 8.97267e+22	9.72e-01	2.82e-02	3.41e-05
 8.97738e+22	9.72e-01	2.77e-02	3.45e-05
 8.98167e+22	9.73e-01	2.74e-02	3.48e-05
 8.98557e+22	9.73e-01	2.72e-02	3.52e-05
 8.98985e+22	9.73e-01	2.68e-02	3.55e-05
 8.99446e+22	9.74e-01	2.64e-02	3.58e-05
 8.99866e+22	9.74e-01	2.62e-02	3.63e-05
 9.00326e+22	9.74e-01	2.58e-02	3.67e-05
 9.00823e+22	9.75e-01	2.54e-02	3.71e-05
 9.01275e+22	9.75e-01	2.51e-02	3.77e-05
 9.01771e+22	9.75e-01	2.48e-02	3.81e-05
 9.02306e+22	9.76e-01	2.44e-02	3.88e-05
 9.02792e+22	9.76e-01	2.41e-02	3.94e-05
 9.03235e+22	9.76e-01	2.38e-02	3.99e-05
 9.03721e+22	9.76e-01	2.35e-02	4.04e-05
 9.04245e+22	9.77e-01	2.31e-02	4.11e-05
 9.04721e+22	9.77e-01	2.29e-02	4.18e-05
 9.05244e+22	9.77e-01	2.25e-02	4.24e-05
 9.05808e+22	9.78e-01	2.22e-02	4.32e-05
 9.06321e+22	9.78e-01	2.19e-02	4.41e-05
 9.06884e+22	9.78e-01	2.16e-02	4.48e-05
 9.07491e+22	9.79e-01	2.12e-02	4.58e-05
 9.08044e+22	9.79e-01	2.10e-02	4.68e-05
 9.08649e+22	9.79e-01	2.06e-02	4.77e-05
 9.09303e+22	9.80e-01	2.03e-02	4.90e-05
 9.09898e+22	9.80e-01	2.00e-02	5.01e-05
 9.10439e+22	9.80e-01	1.98e-02	5.12e-05
 9.11032e+22	9.80e-01	1.95e-02	5.22e-05
 9.11673e+22	9.81e-01	1.91e-02	5.35e-05
 9.12256e+22	9.81e-01	1.89e-02	5.48e-05
 9.12894e+22	9.81e-01	1.86e-02	5.60e-05
 9.13584e+22	9.82e-01	1.82e-02	5.76e-05
 9.14211e+22	9.82e-01	1.80e-02	5.91e-05
 9.14898e+22	9.82e-01	1.77e-02	6.05e-05
 9.15641e+22	9.83e-01	1.74e-02	6.24e-05
 9.16316e+22	9.83e-01	1.71e-02	6.42e-05
 9.17056e+22	9.83e-01	1.68e-02	6.58e-05
 9.17855e+22	9.83e-01	1.65e-02	6.80e-05
 9.18582e+22	9.84e-01	1.63e-02	7.01e-05
 9.19371e+22	9.84e-01	1.59e-02	7.20e-05
 9.20216e+22	9.84e-01	1.56e-02	7.44e-05
 9.20986e+22	9.84e-01	1.54e-02	7.67e-05
 9.21815e+22	9.85e-01	1.51e-02	7.89e-05
 9.22699e+22	9.85e-01	1.48e-02	8.16e-05
 9.23503e+22	9.85e-01	1.46e-02	8.41e-05
 9.24235e+22	9.85e-01	1.43e-02	8.63e-05
 9.25037e+22	9.86e-01	1.41e-02	8.84e-05
 9.25597e+22	9.86e-01	1.40e-02	9.12e-05
