#depth	N	N+	N+2	N+3	N+4	N+5	N+6	N+7
 1.54284e+22	5.50e-11	9.30e-07	4.67e-04	1.44e-02	5.32e-02	5.90e-01	3.07e-01	3.51e-02
 3.49850e+22	1.12e-10	1.87e-06	9.30e-04	2.46e-02	7.89e-02	6.34e-01	2.41e-01	2.02e-02
 4.11773e+22	1.61e-10	2.64e-06	1.29e-03	3.14e-02	9.35e-02	6.47e-01	2.12e-01	1.53e-02
 4.44577e+22	2.00e-10	3.25e-06	1.57e-03	3.61e-02	1.03e-01	6.51e-01	1.95e-01	1.29e-02
 4.63044e+22	2.24e-10	3.61e-06	1.74e-03	3.87e-02	1.08e-01	6.53e-01	1.87e-01	1.18e-02
 4.77544e+22	2.59e-10	4.14e-06	1.97e-03	4.23e-02	1.14e-01	6.54e-01	1.77e-01	1.06e-02
 4.92764e+22	2.95e-10	4.67e-06	2.20e-03	4.56e-02	1.20e-01	6.54e-01	1.68e-01	9.58e-03
 5.08919e+22	3.47e-10	5.44e-06	2.53e-03	5.01e-02	1.28e-01	6.53e-01	1.58e-01	8.45e-03
 5.24782e+22	3.95e-10	6.12e-06	2.82e-03	5.39e-02	1.34e-01	6.52e-01	1.50e-01	7.67e-03
 5.40267e+22	4.62e-10	7.08e-06	3.22e-03	5.89e-02	1.42e-01	6.49e-01	1.41e-01	6.76e-03
 5.56131e+22	5.33e-10	8.04e-06	3.60e-03	6.33e-02	1.48e-01	6.46e-01	1.34e-01	6.11e-03
 5.69433e+22	5.96e-10	8.91e-06	3.96e-03	6.73e-02	1.54e-01	6.42e-01	1.27e-01	5.58e-03
 5.83669e+22	6.93e-10	1.02e-05	4.46e-03	7.27e-02	1.61e-01	6.37e-01	1.20e-01	4.97e-03
 5.98152e+22	7.85e-10	1.14e-05	4.93e-03	7.75e-02	1.67e-01	6.33e-01	1.13e-01	4.51e-03
 6.10945e+22	8.87e-10	1.27e-05	5.42e-03	8.24e-02	1.73e-01	6.27e-01	1.08e-01	4.10e-03
 6.25565e+22	1.04e-09	1.47e-05	6.12e-03	8.88e-02	1.81e-01	6.20e-01	1.01e-01	3.64e-03
 6.40787e+22	1.19e-09	1.65e-05	6.81e-03	9.48e-02	1.88e-01	6.13e-01	9.47e-02	3.25e-03
 6.54415e+22	1.35e-09	1.86e-05	7.52e-03	1.01e-01	1.94e-01	6.06e-01	8.95e-02	2.94e-03
 6.69754e+22	1.60e-09	2.15e-05	8.50e-03	1.09e-01	2.02e-01	5.96e-01	8.31e-02	2.58e-03
 6.85790e+22	1.85e-09	2.44e-05	9.50e-03	1.16e-01	2.09e-01	5.86e-01	7.75e-02	2.29e-03
 7.00248e+22	2.13e-09	2.76e-05	1.05e-02	1.23e-01	2.15e-01	5.76e-01	7.27e-02	2.04e-03
 7.16557e+22	2.56e-09	3.23e-05	1.20e-02	1.33e-01	2.23e-01	5.63e-01	6.69e-02	1.77e-03
 7.33424e+22	2.99e-09	3.69e-05	1.34e-02	1.42e-01	2.30e-01	5.51e-01	6.20e-02	1.56e-03
 7.48471e+22	3.46e-09	4.19e-05	1.48e-02	1.51e-01	2.37e-01	5.39e-01	5.77e-02	1.38e-03
 7.65491e+22	4.18e-09	4.92e-05	1.69e-02	1.62e-01	2.44e-01	5.23e-01	5.26e-02	1.18e-03
 7.83174e+22	4.93e-09	5.67e-05	1.89e-02	1.73e-01	2.51e-01	5.08e-01	4.82e-02	1.02e-03
 7.99069e+22	5.77e-09	6.47e-05	2.11e-02	1.83e-01	2.57e-01	4.94e-01	4.44e-02	8.96e-04
 8.17079e+22	7.07e-09	7.67e-05	2.41e-02	1.97e-01	2.64e-01	4.75e-01	3.99e-02	7.53e-04
 8.35681e+22	8.40e-09	8.85e-05	2.69e-02	2.09e-01	2.69e-01	4.58e-01	3.63e-02	6.46e-04
 8.52460e+22	9.94e-09	1.02e-04	3.00e-02	2.21e-01	2.74e-01	4.41e-01	3.30e-02	5.56e-04
 8.71679e+22	1.23e-08	1.22e-04	3.44e-02	2.37e-01	2.80e-01	4.19e-01	2.92e-02	4.58e-04
 8.91160e+22	1.47e-08	1.41e-04	3.84e-02	2.50e-01	2.84e-01	4.01e-01	2.62e-02	3.87e-04
 9.08376e+22	1.75e-08	1.62e-04	4.27e-02	2.63e-01	2.87e-01	3.83e-01	2.37e-02	3.30e-04
 9.28153e+22	2.19e-08	1.94e-04	4.87e-02	2.80e-01	2.90e-01	3.60e-01	2.06e-02	2.66e-04
 9.48217e+22	2.63e-08	2.25e-04	5.42e-02	2.94e-01	2.92e-01	3.41e-01	1.83e-02	2.23e-04
 9.68656e+22	3.31e-08	2.70e-04	6.18e-02	3.12e-01	2.92e-01	3.17e-01	1.58e-02	1.78e-04
 9.89480e+22	4.01e-08	3.14e-04	6.87e-02	3.27e-01	2.92e-01	2.98e-01	1.39e-02	1.47e-04
 1.00798e+23	4.83e-08	3.63e-04	7.60e-02	3.41e-01	2.91e-01	2.79e-01	1.22e-02	1.21e-04
 1.02920e+23	6.15e-08	4.38e-04	8.62e-02	3.58e-01	2.89e-01	2.56e-01	1.03e-02	9.43e-05
 1.05078e+23	7.47e-08	5.09e-04	9.53e-02	3.72e-01	2.85e-01	2.38e-01	8.93e-03	7.65e-05
 1.07283e+23	9.59e-08	6.16e-04	1.08e-01	3.89e-01	2.80e-01	2.15e-01	7.40e-03	5.83e-05
 1.09511e+23	1.17e-07	7.15e-04	1.19e-01	4.01e-01	2.75e-01	1.98e-01	6.35e-03	4.67e-05
 1.11444e+23	1.41e-07	8.25e-04	1.30e-01	4.13e-01	2.69e-01	1.82e-01	5.46e-03	3.76e-05
 1.13251e+23	1.68e-07	9.36e-04	1.41e-01	4.22e-01	2.63e-01	1.68e-01	4.76e-03	3.09e-05
 1.15214e+23	2.08e-07	1.10e-03	1.55e-01	4.33e-01	2.55e-01	1.52e-01	3.98e-03	2.40e-05
 1.17204e+23	2.49e-07	1.25e-03	1.67e-01	4.41e-01	2.48e-01	1.39e-01	3.41e-03	1.93e-05
 1.18915e+23	2.94e-07	1.41e-03	1.79e-01	4.48e-01	2.40e-01	1.28e-01	2.95e-03	1.58e-05
 1.20826e+23	3.60e-07	1.63e-03	1.95e-01	4.55e-01	2.31e-01	1.15e-01	2.46e-03	1.22e-05
 1.22820e+23	4.32e-07	1.86e-03	2.10e-01	4.60e-01	2.22e-01	1.04e-01	2.08e-03	9.68e-06
 1.24620e+23	5.13e-07	2.10e-03	2.24e-01	4.64e-01	2.14e-01	9.47e-02	1.78e-03	7.76e-06
 1.26660e+23	6.38e-07	2.45e-03	2.43e-01	4.67e-01	2.02e-01	8.35e-02	1.44e-03	5.81e-06
 1.28734e+23	7.64e-07	2.78e-03	2.59e-01	4.69e-01	1.93e-01	7.49e-02	1.20e-03	4.54e-06
 1.30574e+23	9.08e-07	3.14e-03	2.75e-01	4.69e-01	1.84e-01	6.74e-02	1.01e-03	3.59e-06
 1.32268e+23	1.05e-06	3.48e-03	2.90e-01	4.69e-01	1.76e-01	6.13e-02	8.70e-04	2.91e-06
 1.33817e+23	1.22e-06	3.84e-03	3.04e-01	4.68e-01	1.68e-01	5.58e-02	7.48e-04	2.37e-06
 1.35595e+23	1.46e-06	4.35e-03	3.22e-01	4.65e-01	1.58e-01	4.94e-02	6.16e-04	1.82e-06
 1.37399e+23	1.69e-06	4.80e-03	3.37e-01	4.62e-01	1.50e-01	4.47e-02	5.25e-04	1.46e-06
 1.38998e+23	1.96e-06	5.30e-03	3.53e-01	4.59e-01	1.43e-01	4.04e-02	4.46e-04	1.17e-06
 1.40836e+23	2.35e-06	5.99e-03	3.72e-01	4.53e-01	1.33e-01	3.54e-02	3.63e-04	8.88e-07
 1.42689e+23	2.73e-06	6.63e-03	3.88e-01	4.47e-01	1.26e-01	3.17e-02	3.05e-04	7.02e-07
 1.44301e+23	3.15e-06	7.29e-03	4.04e-01	4.42e-01	1.19e-01	2.85e-02	2.58e-04	5.59e-07
 1.46136e+23	3.77e-06	8.21e-03	4.23e-01	4.33e-01	1.10e-01	2.49e-02	2.08e-04	4.20e-07
 1.48008e+23	4.37e-06	9.04e-03	4.39e-01	4.26e-01	1.03e-01	2.21e-02	1.74e-04	3.30e-07
 1.49671e+23	5.05e-06	9.94e-03	4.55e-01	4.18e-01	9.69e-02	1.97e-02	1.45e-04	2.59e-07
 1.51576e+23	6.05e-06	1.12e-02	4.75e-01	4.07e-01	8.91e-02	1.70e-02	1.16e-04	1.91e-07
 1.53510e+23	7.03e-06	1.23e-02	4.92e-01	3.98e-01	8.29e-02	1.50e-02	9.52e-05	1.47e-07
 1.55215e+23	8.11e-06	1.35e-02	5.07e-01	3.88e-01	7.72e-02	1.33e-02	7.89e-05	0.00e+00
 1.57165e+23	9.71e-06	1.52e-02	5.27e-01	3.76e-01	7.04e-02	1.14e-02	6.20e-05	0.00e+00
 1.59155e+23	1.13e-05	1.67e-02	5.43e-01	3.65e-01	6.51e-02	9.95e-03	5.05e-05	0.00e+00
 1.60930e+23	1.31e-05	1.83e-02	5.59e-01	3.54e-01	6.01e-02	8.73e-03	4.13e-05	0.00e+00
 1.62971e+23	1.57e-05	2.06e-02	5.78e-01	3.40e-01	5.43e-02	7.37e-03	3.18e-05	0.00e+00
 1.65054e+23	1.83e-05	2.27e-02	5.93e-01	3.28e-01	4.97e-02	6.38e-03	2.55e-05	0.00e+00
 1.67190e+23	2.21e-05	2.56e-02	6.12e-01	3.13e-01	4.45e-02	5.32e-03	1.94e-05	0.00e+00
 1.69363e+23	2.59e-05	2.82e-02	6.27e-01	3.00e-01	4.04e-02	4.56e-03	1.53e-05	0.00e+00
 1.71281e+23	3.01e-05	3.10e-02	6.40e-01	2.88e-01	3.68e-02	3.93e-03	1.22e-05	0.00e+00
 1.73473e+23	3.63e-05	3.49e-02	6.57e-01	2.73e-01	3.27e-02	3.25e-03	9.14e-06	0.00e+00
 1.75412e+23	4.08e-05	3.74e-02	6.66e-01	2.63e-01	3.03e-02	2.88e-03	7.61e-06	0.00e+00
 1.77022e+23	4.67e-05	4.07e-02	6.77e-01	2.52e-01	2.77e-02	2.50e-03	6.14e-06	0.00e+00
 1.78683e+23	5.25e-05	4.37e-02	6.86e-01	2.42e-01	2.56e-02	2.21e-03	5.09e-06	0.00e+00
 1.80182e+23	5.87e-05	4.68e-02	6.94e-01	2.34e-01	2.37e-02	1.96e-03	4.25e-06	0.00e+00
 1.81903e+23	6.78e-05	5.11e-02	7.04e-01	2.22e-01	2.15e-02	1.68e-03	3.35e-06	0.00e+00
 1.83644e+23	7.61e-05	5.48e-02	7.11e-01	2.13e-01	1.97e-02	1.48e-03	2.76e-06	0.00e+00
 1.85411e+23	8.81e-05	5.99e-02	7.19e-01	2.02e-01	1.78e-02	1.26e-03	2.16e-06	0.00e+00
 1.87198e+23	9.92e-05	6.44e-02	7.26e-01	1.92e-01	1.63e-02	1.10e-03	1.76e-06	0.00e+00
 1.89012e+23	1.15e-04	7.05e-02	7.33e-01	1.81e-01	1.46e-02	9.26e-04	1.36e-06	0.00e+00
 1.90845e+23	1.30e-04	7.57e-02	7.37e-01	1.73e-01	1.33e-02	8.07e-04	1.10e-06	0.00e+00
 1.92704e+23	1.51e-04	8.29e-02	7.42e-01	1.62e-01	1.19e-02	6.76e-04	8.46e-07	0.00e+00
 1.94593e+23	1.71e-04	8.93e-02	7.46e-01	1.53e-01	1.08e-02	5.83e-04	6.76e-07	0.00e+00
 1.96522e+23	1.99e-04	9.79e-02	7.49e-01	1.43e-01	9.53e-03	4.85e-04	5.12e-07	0.00e+00
 1.98495e+23	2.26e-04	1.06e-01	7.51e-01	1.35e-01	8.58e-03	4.14e-04	4.04e-07	0.00e+00
 2.00524e+23	2.65e-04	1.16e-01	7.51e-01	1.25e-01	7.55e-03	3.41e-04	3.01e-07	0.00e+00
 2.02611e+23	3.03e-04	1.25e-01	7.51e-01	1.17e-01	6.73e-03	2.87e-04	2.33e-07	0.00e+00
 2.04476e+23	3.46e-04	1.35e-01	7.49e-01	1.09e-01	6.02e-03	2.43e-04	1.81e-07	0.00e+00
 2.06602e+23	4.05e-04	1.49e-01	7.46e-01	9.99e-02	5.24e-03	1.97e-04	1.32e-07	0.00e+00
 2.08789e+23	4.66e-04	1.61e-01	7.41e-01	9.23e-02	4.63e-03	1.63e-04	0.00e+00	0.00e+00
 2.10743e+23	5.31e-04	1.73e-01	7.36e-01	8.56e-02	4.11e-03	1.36e-04	0.00e+00	0.00e+00
 2.12969e+23	6.27e-04	1.91e-01	7.28e-01	7.74e-02	3.52e-03	1.08e-04	0.00e+00	0.00e+00
 2.15251e+23	7.19e-04	2.06e-01	7.19e-01	7.10e-02	3.10e-03	8.90e-05	0.00e+00	0.00e+00
 2.17604e+23	8.54e-04	2.27e-01	7.06e-01	6.34e-02	2.62e-03	6.92e-05	0.00e+00	0.00e+00
 2.20003e+23	9.79e-04	2.44e-01	6.95e-01	5.76e-02	2.28e-03	5.63e-05	0.00e+00	0.00e+00
 2.22463e+23	1.17e-03	2.69e-01	6.77e-01	5.07e-02	1.90e-03	4.28e-05	0.00e+00	0.00e+00
 2.24968e+23	1.34e-03	2.89e-01	6.62e-01	4.57e-02	1.65e-03	3.44e-05	0.00e+00	0.00e+00
 2.27533e+23	1.60e-03	3.18e-01	6.39e-01	3.96e-02	1.36e-03	2.57e-05	0.00e+00	0.00e+00
 2.30175e+23	1.84e-03	3.42e-01	6.20e-01	3.52e-02	1.16e-03	2.02e-05	0.00e+00	0.00e+00
 2.32918e+23	2.22e-03	3.76e-01	5.91e-01	2.98e-02	9.32e-04	1.45e-05	0.00e+00	0.00e+00
 2.35752e+23	2.56e-03	4.03e-01	5.67e-01	2.60e-02	7.82e-04	1.12e-05	0.00e+00	0.00e+00
 2.38704e+23	3.10e-03	4.42e-01	5.33e-01	2.15e-02	6.14e-04	7.73e-06	0.00e+00	0.00e+00
 2.41785e+23	3.60e-03	4.74e-01	5.04e-01	1.83e-02	5.04e-04	5.72e-06	0.00e+00	0.00e+00
 2.45032e+23	4.40e-03	5.18e-01	4.63e-01	1.45e-02	3.81e-04	3.74e-06	0.00e+00	0.00e+00
 2.48451e+23	5.19e-03	5.55e-01	4.28e-01	1.18e-02	3.00e-04	2.60e-06	0.00e+00	0.00e+00
 2.51928e+23	6.30e-03	6.00e-01	3.85e-01	9.13e-03	2.23e-04	1.65e-06	0.00e+00	0.00e+00
 2.54971e+23	7.07e-03	6.25e-01	3.60e-01	7.82e-03	1.86e-04	1.26e-06	0.00e+00	0.00e+00
 2.57613e+23	8.18e-03	6.59e-01	3.27e-01	6.27e-03	1.46e-04	8.67e-07	0.00e+00	0.00e+00
 2.60404e+23	9.30e-03	6.87e-01	2.98e-01	5.14e-03	1.17e-04	6.20e-07	0.00e+00	0.00e+00
 2.63390e+23	1.09e-02	7.23e-01	2.62e-01	3.91e-03	8.66e-05	3.94e-07	0.00e+00	0.00e+00
 2.66465e+23	1.25e-02	7.50e-01	2.34e-01	3.11e-03	6.74e-05	2.69e-07	0.00e+00	0.00e+00
 2.69656e+23	1.48e-02	7.84e-01	1.99e-01	2.25e-03	4.77e-05	1.60e-07	0.00e+00	0.00e+00
 2.72982e+23	1.72e-02	8.10e-01	1.71e-01	1.69e-03	3.51e-05	0.00e+00	0.00e+00	0.00e+00
 2.75660e+23	1.93e-02	8.28e-01	1.52e-01	1.35e-03	2.75e-05	0.00e+00	0.00e+00	0.00e+00
 2.78319e+23	2.22e-02	8.49e-01	1.28e-01	9.92e-04	1.98e-05	0.00e+00	0.00e+00	0.00e+00
 2.81081e+23	2.53e-02	8.65e-01	1.09e-01	7.48e-04	1.46e-05	0.00e+00	0.00e+00	0.00e+00
 2.83515e+23	2.86e-02	8.78e-01	9.31e-02	5.68e-04	1.09e-05	0.00e+00	0.00e+00	0.00e+00
 2.86217e+23	3.33e-02	8.91e-01	7.50e-02	3.97e-04	7.31e-06	0.00e+00	0.00e+00	0.00e+00
 2.89063e+23	3.87e-02	9.01e-01	6.00e-02	2.78e-04	4.90e-06	0.00e+00	0.00e+00	0.00e+00
 2.91599e+23	4.46e-02	9.07e-01	4.79e-02	1.96e-04	3.29e-06	0.00e+00	0.00e+00	0.00e+00
 2.94022e+23	5.17e-02	9.11e-01	3.76e-02	1.37e-04	2.14e-06	0.00e+00	0.00e+00	0.00e+00
 2.96381e+23	6.02e-02	9.11e-01	2.89e-02	9.54e-05	1.36e-06	0.00e+00	0.00e+00	0.00e+00
 2.98606e+23	7.03e-02	9.08e-01	2.20e-02	6.65e-05	8.43e-07	0.00e+00	0.00e+00	0.00e+00
 3.00663e+23	8.22e-02	9.01e-01	1.65e-02	4.69e-05	5.17e-07	0.00e+00	0.00e+00	0.00e+00
 3.02556e+23	9.63e-02	8.91e-01	1.24e-02	3.35e-05	3.15e-07	0.00e+00	0.00e+00	0.00e+00
 3.04299e+23	1.13e-01	8.78e-01	9.20e-03	2.44e-05	1.91e-07	0.00e+00	0.00e+00	0.00e+00
 3.05371e+23	1.24e-01	8.68e-01	7.78e-03	2.06e-05	1.44e-07	0.00e+00	0.00e+00	0.00e+00
 3.05727e+23	1.28e-01	8.64e-01	7.32e-03	1.93e-05	1.30e-07	0.00e+00	0.00e+00	0.00e+00
 3.05999e+23	1.32e-01	8.61e-01	6.93e-03	1.83e-05	0.00e+00	0.00e+00	0.00e+00	0.00e+00
 3.06349e+23	1.38e-01	8.56e-01	6.45e-03	1.71e-05	0.00e+00	0.00e+00	0.00e+00	0.00e+00
 3.06761e+23	1.45e-01	8.50e-01	5.91e-03	1.58e-05	0.00e+00	0.00e+00	0.00e+00	0.00e+00
 3.07161e+23	1.51e-01	8.44e-01	5.48e-03	1.47e-05	0.00e+00	0.00e+00	0.00e+00	0.00e+00
 3.07556e+23	1.58e-01	8.37e-01	5.03e-03	1.36e-05	0.00e+00	0.00e+00	0.00e+00	0.00e+00
 3.07961e+23	1.65e-01	8.30e-01	4.62e-03	1.26e-05	0.00e+00	0.00e+00	0.00e+00	0.00e+00
 3.08361e+23	1.74e-01	8.22e-01	4.22e-03	1.16e-05	0.00e+00	0.00e+00	0.00e+00	0.00e+00
 3.08566e+23	1.80e-01	8.16e-01	3.97e-03	1.11e-05	0.00e+00	0.00e+00	0.00e+00	0.00e+00
