#depth	O	O+	O+2	O+3	O+4	O+5	O+6	O+7	O+8	O[1]	O[2]	O[3]
 1.54284e+22	4.49e-12	1.03e-07	1.15e-04	9.05e-03	7.26e-02	1.54e-01	6.11e-01	1.45e-01	8.24e-03	4.49e-12	9.47e-21	1.18e-20
 3.49850e+22	9.28e-12	2.25e-07	2.42e-04	1.67e-02	1.06e-01	1.98e-01	5.75e-01	9.95e-02	4.16e-03	9.28e-12	1.94e-20	2.41e-20
 4.11773e+22	1.39e-11	3.39e-07	3.50e-04	2.22e-02	1.25e-01	2.19e-01	5.49e-01	8.17e-02	2.94e-03	1.39e-11	2.94e-20	3.65e-20
 4.44577e+22	1.78e-11	4.36e-07	4.35e-04	2.62e-02	1.37e-01	2.31e-01	5.31e-01	7.25e-02	2.40e-03	1.78e-11	3.80e-20	4.71e-20
 4.63044e+22	2.03e-11	4.97e-07	4.87e-04	2.85e-02	1.44e-01	2.37e-01	5.21e-01	6.80e-02	2.15e-03	2.03e-11	4.36e-20	5.40e-20
 4.77544e+22	2.42e-11	5.90e-07	5.63e-04	3.16e-02	1.52e-01	2.44e-01	5.07e-01	6.26e-02	1.87e-03	2.42e-11	5.22e-20	6.46e-20
 4.92764e+22	2.83e-11	6.85e-07	6.39e-04	3.46e-02	1.60e-01	2.50e-01	4.95e-01	5.82e-02	1.66e-03	2.83e-11	6.11e-20	7.56e-20
 5.08919e+22	3.45e-11	8.29e-07	7.49e-04	3.88e-02	1.70e-01	2.57e-01	4.79e-01	5.29e-02	1.42e-03	3.45e-11	7.51e-20	9.29e-20
 5.24782e+22	4.04e-11	9.62e-07	8.46e-04	4.22e-02	1.78e-01	2.62e-01	4.67e-01	4.91e-02	1.25e-03	4.04e-11	8.83e-20	1.09e-19
 5.40267e+22	4.92e-11	1.16e-06	9.86e-04	4.70e-02	1.88e-01	2.68e-01	4.51e-01	4.46e-02	1.07e-03	4.92e-11	1.08e-19	1.34e-19
 5.56131e+22	5.86e-11	1.36e-06	1.12e-03	5.12e-02	1.96e-01	2.72e-01	4.37e-01	4.13e-02	9.46e-04	5.86e-11	1.29e-19	1.60e-19
 5.69433e+22	6.76e-11	1.55e-06	1.25e-03	5.52e-02	2.03e-01	2.76e-01	4.25e-01	3.84e-02	8.44e-04	6.76e-11	1.50e-19	1.85e-19
 5.83669e+22	8.18e-11	1.85e-06	1.43e-03	6.05e-02	2.13e-01	2.80e-01	4.09e-01	3.51e-02	7.31e-04	8.18e-11	1.83e-19	2.25e-19
 5.98152e+22	9.60e-11	2.13e-06	1.60e-03	6.53e-02	2.21e-01	2.83e-01	3.96e-01	3.24e-02	6.46e-04	9.60e-11	2.15e-19	2.65e-19
 6.10945e+22	1.12e-10	2.45e-06	1.79e-03	7.01e-02	2.28e-01	2.86e-01	3.83e-01	3.01e-02	5.74e-04	1.12e-10	2.53e-19	3.12e-19
 6.25565e+22	1.37e-10	2.92e-06	2.05e-03	7.67e-02	2.38e-01	2.88e-01	3.67e-01	2.73e-02	4.94e-04	1.37e-10	3.12e-19	3.83e-19
 6.40787e+22	1.64e-10	3.42e-06	2.31e-03	8.29e-02	2.47e-01	2.90e-01	3.53e-01	2.49e-02	4.30e-04	1.64e-10	3.74e-19	4.60e-19
 6.54415e+22	1.94e-10	3.96e-06	2.58e-03	8.91e-02	2.55e-01	2.91e-01	3.39e-01	2.29e-02	3.78e-04	1.94e-10	4.46e-19	5.48e-19
 6.69754e+22	2.41e-10	4.76e-06	2.97e-03	9.73e-02	2.65e-01	2.92e-01	3.23e-01	2.06e-02	3.21e-04	2.41e-10	5.58e-19	6.86e-19
 6.85790e+22	2.92e-10	5.62e-06	3.37e-03	1.05e-01	2.73e-01	2.92e-01	3.07e-01	1.86e-02	2.76e-04	2.92e-10	6.82e-19	8.37e-19
 7.00248e+22	3.51e-10	6.55e-06	3.77e-03	1.13e-01	2.81e-01	2.91e-01	2.93e-01	1.70e-02	2.40e-04	3.51e-10	8.25e-19	1.01e-18
 7.16557e+22	4.43e-10	7.94e-06	4.35e-03	1.23e-01	2.91e-01	2.90e-01	2.76e-01	1.50e-02	2.00e-04	4.43e-10	1.05e-18	1.29e-18
 7.33424e+22	5.44e-10	9.41e-06	4.94e-03	1.33e-01	2.99e-01	2.88e-01	2.61e-01	1.35e-02	1.70e-04	5.44e-10	1.30e-18	1.60e-18
 7.48471e+22	6.60e-10	1.10e-05	5.54e-03	1.43e-01	3.07e-01	2.86e-01	2.47e-01	1.21e-02	1.46e-04	6.60e-10	1.60e-18	1.95e-18
 7.65491e+22	8.44e-10	1.34e-05	6.40e-03	1.55e-01	3.16e-01	2.82e-01	2.30e-01	1.06e-02	1.20e-04	8.44e-10	2.07e-18	2.53e-18
 7.83174e+22	1.05e-09	1.60e-05	7.26e-03	1.67e-01	3.23e-01	2.78e-01	2.15e-01	9.39e-03	1.00e-04	1.05e-09	2.60e-18	3.18e-18
 7.99069e+22	1.29e-09	1.89e-05	8.16e-03	1.78e-01	3.29e-01	2.74e-01	2.02e-01	8.36e-03	8.48e-05	1.29e-09	3.23e-18	3.94e-18
 8.17079e+22	1.68e-09	2.32e-05	9.45e-03	1.94e-01	3.37e-01	2.67e-01	1.85e-01	7.17e-03	6.81e-05	1.68e-09	4.27e-18	5.21e-18
 8.35681e+22	2.11e-09	2.77e-05	1.07e-02	2.07e-01	3.42e-01	2.61e-01	1.72e-01	6.28e-03	5.63e-05	2.11e-09	5.43e-18	6.61e-18
 8.52460e+22	2.64e-09	3.28e-05	1.20e-02	2.21e-01	3.47e-01	2.55e-01	1.59e-01	5.50e-03	4.67e-05	2.64e-09	6.86e-18	8.35e-18
 8.71679e+22	3.50e-09	4.07e-05	1.40e-02	2.39e-01	3.52e-01	2.46e-01	1.44e-01	4.63e-03	3.66e-05	3.50e-09	9.27e-18	1.13e-17
 8.91160e+22	4.42e-09	4.86e-05	1.58e-02	2.55e-01	3.56e-01	2.38e-01	1.32e-01	3.99e-03	2.97e-05	4.42e-09	1.19e-17	1.44e-17
 9.08376e+22	5.54e-09	5.75e-05	1.77e-02	2.70e-01	3.58e-01	2.30e-01	1.21e-01	3.46e-03	2.44e-05	5.54e-09	1.51e-17	1.84e-17
 9.28153e+22	7.42e-09	7.14e-05	2.04e-02	2.90e-01	3.60e-01	2.19e-01	1.08e-01	2.86e-03	1.87e-05	7.42e-09	2.07e-17	2.51e-17
 9.48217e+22	9.40e-09	8.50e-05	2.29e-02	3.07e-01	3.60e-01	2.10e-01	9.81e-02	2.44e-03	1.50e-05	9.40e-09	2.68e-17	3.25e-17
 9.68656e+22	1.26e-08	1.05e-04	2.64e-02	3.27e-01	3.60e-01	1.98e-01	8.67e-02	2.00e-03	1.14e-05	1.26e-08	3.69e-17	4.47e-17
 9.89480e+22	1.61e-08	1.26e-04	2.96e-02	3.45e-01	3.58e-01	1.88e-01	7.78e-02	1.68e-03	8.99e-06	1.61e-08	4.83e-17	5.84e-17
 1.00798e+23	2.05e-08	1.49e-04	3.31e-02	3.62e-01	3.55e-01	1.78e-01	6.99e-02	1.41e-03	7.11e-06	2.05e-08	6.29e-17	7.61e-17
 1.02920e+23	2.78e-08	1.85e-04	3.80e-02	3.84e-01	3.51e-01	1.66e-01	6.06e-02	1.13e-03	5.26e-06	2.78e-08	8.81e-17	1.06e-16
 1.05078e+23	3.56e-08	2.21e-04	4.24e-02	4.01e-01	3.46e-01	1.56e-01	5.38e-02	9.40e-04	4.09e-06	3.56e-08	1.16e-16	1.40e-16
 1.07283e+23	4.88e-08	2.75e-04	4.86e-02	4.23e-01	3.38e-01	1.43e-01	4.61e-02	7.38e-04	2.95e-06	4.88e-08	1.65e-16	1.99e-16
 1.09511e+23	6.25e-08	3.27e-04	5.40e-02	4.40e-01	3.31e-01	1.33e-01	4.06e-02	6.07e-04	2.27e-06	6.25e-08	2.18e-16	2.63e-16
 1.11444e+23	7.92e-08	3.85e-04	5.97e-02	4.55e-01	3.24e-01	1.24e-01	3.58e-02	5.01e-04	1.76e-06	7.92e-08	2.85e-16	3.44e-16
 1.13251e+23	9.78e-08	4.45e-04	6.51e-02	4.69e-01	3.17e-01	1.16e-01	3.19e-02	4.21e-04	1.39e-06	9.78e-08	3.62e-16	4.36e-16
 1.15214e+23	1.27e-07	5.33e-04	7.25e-02	4.85e-01	3.08e-01	1.07e-01	2.76e-02	3.37e-04	1.04e-06	1.27e-07	4.88e-16	5.89e-16
 1.17204e+23	1.59e-07	6.21e-04	7.93e-02	4.98e-01	2.99e-01	9.88e-02	2.42e-02	2.78e-04	8.03e-07	1.59e-07	6.28e-16	7.58e-16
 1.18915e+23	1.95e-07	7.11e-04	8.58e-02	5.09e-01	2.91e-01	9.20e-02	2.16e-02	2.33e-04	6.36e-07	1.95e-07	7.88e-16	9.50e-16
 1.20826e+23	2.50e-07	8.41e-04	9.44e-02	5.22e-01	2.80e-01	8.40e-02	1.86e-02	1.87e-04	4.75e-07	2.50e-07	1.04e-15	1.26e-15
 1.22820e+23	3.12e-07	9.76e-04	1.03e-01	5.32e-01	2.70e-01	7.71e-02	1.62e-02	1.52e-04	3.63e-07	3.12e-07	1.34e-15	1.62e-15
 1.24620e+23	3.84e-07	1.12e-03	1.11e-01	5.42e-01	2.61e-01	7.11e-02	1.42e-02	1.26e-04	2.82e-07	3.84e-07	1.69e-15	2.04e-15
 1.26660e+23	5.00e-07	1.34e-03	1.22e-01	5.52e-01	2.49e-01	6.38e-02	1.20e-02	9.79e-05	2.03e-07	5.00e-07	2.28e-15	2.75e-15
 1.28734e+23	6.22e-07	1.54e-03	1.32e-01	5.59e-01	2.38e-01	5.82e-02	1.04e-02	7.92e-05	1.54e-07	6.22e-07	2.92e-15	3.50e-15
 1.30574e+23	7.64e-07	1.77e-03	1.42e-01	5.65e-01	2.28e-01	5.31e-02	9.05e-03	6.46e-05	0.00e+00	7.64e-07	3.68e-15	4.42e-15
 1.32268e+23	9.14e-07	1.99e-03	1.52e-01	5.70e-01	2.19e-01	4.90e-02	8.00e-03	5.39e-05	0.00e+00	9.14e-07	4.51e-15	5.41e-15
 1.33817e+23	1.09e-06	2.23e-03	1.61e-01	5.73e-01	2.11e-01	4.52e-02	7.09e-03	4.52e-05	0.00e+00	1.09e-06	5.48e-15	6.56e-15
 1.35595e+23	1.35e-06	2.57e-03	1.73e-01	5.77e-01	2.00e-01	4.08e-02	6.07e-03	3.60e-05	0.00e+00	1.35e-06	7.01e-15	8.40e-15
 1.37399e+23	1.61e-06	2.89e-03	1.84e-01	5.79e-01	1.92e-01	3.74e-02	5.34e-03	2.99e-05	0.00e+00	1.61e-06	8.56e-15	1.02e-14
 1.38998e+23	1.92e-06	3.24e-03	1.95e-01	5.80e-01	1.83e-01	3.42e-02	4.69e-03	2.48e-05	0.00e+00	1.92e-06	1.04e-14	1.25e-14
 1.40836e+23	2.39e-06	3.73e-03	2.09e-01	5.80e-01	1.73e-01	3.06e-02	3.98e-03	1.95e-05	0.00e+00	2.39e-06	1.34e-14	1.60e-14
 1.42689e+23	2.85e-06	4.19e-03	2.21e-01	5.79e-01	1.64e-01	2.78e-02	3.47e-03	1.60e-05	0.00e+00	2.85e-06	1.64e-14	1.96e-14
 1.44301e+23	3.39e-06	4.68e-03	2.34e-01	5.77e-01	1.57e-01	2.54e-02	3.03e-03	1.32e-05	0.00e+00	3.39e-06	2.00e-14	2.38e-14
 1.46136e+23	4.19e-06	5.37e-03	2.49e-01	5.73e-01	1.47e-01	2.25e-02	2.56e-03	1.03e-05	0.00e+00	4.19e-06	2.55e-14	3.04e-14
 1.48008e+23	4.99e-06	6.01e-03	2.63e-01	5.70e-01	1.39e-01	2.04e-02	2.22e-03	8.41e-06	0.00e+00	4.99e-06	3.12e-14	3.71e-14
 1.49671e+23	5.92e-06	6.72e-03	2.77e-01	5.65e-01	1.31e-01	1.84e-02	1.93e-03	6.86e-06	0.00e+00	5.92e-06	3.81e-14	4.53e-14
 1.51576e+23	7.34e-06	7.71e-03	2.95e-01	5.58e-01	1.22e-01	1.62e-02	1.61e-03	5.29e-06	0.00e+00	7.34e-06	4.89e-14	5.80e-14
 1.53510e+23	8.76e-06	8.63e-03	3.10e-01	5.51e-01	1.15e-01	1.45e-02	1.38e-03	4.25e-06	0.00e+00	8.76e-06	6.00e-14	7.12e-14
 1.55215e+23	1.04e-05	9.62e-03	3.25e-01	5.43e-01	1.08e-01	1.30e-02	1.19e-03	3.43e-06	0.00e+00	1.04e-05	7.31e-14	8.67e-14
 1.57165e+23	1.28e-05	1.10e-02	3.44e-01	5.33e-01	9.95e-02	1.13e-02	9.81e-04	2.61e-06	0.00e+00	1.28e-05	9.39e-14	1.11e-13
 1.59155e+23	1.53e-05	1.23e-02	3.61e-01	5.23e-01	9.28e-02	1.01e-02	8.34e-04	2.07e-06	0.00e+00	1.53e-05	1.16e-13	1.37e-13
 1.60930e+23	1.82e-05	1.37e-02	3.78e-01	5.13e-01	8.65e-02	8.95e-03	7.10e-04	1.65e-06	0.00e+00	1.82e-05	1.41e-13	1.68e-13
 1.62971e+23	2.26e-05	1.58e-02	3.99e-01	4.98e-01	7.90e-02	7.69e-03	5.78e-04	1.23e-06	0.00e+00	2.26e-05	1.83e-13	2.17e-13
 1.65054e+23	2.70e-05	1.76e-02	4.17e-01	4.85e-01	7.30e-02	6.75e-03	4.84e-04	9.57e-07	0.00e+00	2.70e-05	2.26e-13	2.68e-13
 1.67190e+23	3.36e-05	2.03e-02	4.39e-01	4.68e-01	6.60e-02	5.72e-03	3.88e-04	6.99e-07	0.00e+00	3.36e-05	2.94e-13	3.49e-13
 1.69363e+23	4.03e-05	2.27e-02	4.58e-01	4.53e-01	6.04e-02	4.96e-03	3.22e-04	5.35e-07	0.00e+00	4.03e-05	3.65e-13	4.33e-13
 1.71281e+23	4.79e-05	2.53e-02	4.76e-01	4.39e-01	5.54e-02	4.32e-03	2.68e-04	4.13e-07	0.00e+00	4.79e-05	4.50e-13	5.34e-13
 1.73473e+23	5.95e-05	2.90e-02	4.99e-01	4.19e-01	4.96e-02	3.62e-03	2.12e-04	2.97e-07	0.00e+00	5.95e-05	5.85e-13	6.94e-13
 1.75412e+23	6.79e-05	3.14e-02	5.12e-01	4.07e-01	4.62e-02	3.24e-03	1.83e-04	2.41e-07	0.00e+00	6.79e-05	6.85e-13	8.12e-13
 1.77022e+23	7.92e-05	3.46e-02	5.28e-01	3.92e-01	4.24e-02	2.83e-03	1.54e-04	1.89e-07	0.00e+00	7.92e-05	8.27e-13	9.81e-13
 1.78683e+23	9.03e-05	3.75e-02	5.42e-01	3.79e-01	3.93e-02	2.52e-03	1.32e-04	1.52e-07	0.00e+00	9.03e-05	9.71e-13	1.15e-12
 1.80182e+23	1.02e-04	4.05e-02	5.55e-01	3.66e-01	3.65e-02	2.25e-03	1.14e-04	0.00e+00	0.00e+00	1.02e-04	1.13e-12	1.34e-12
 1.81903e+23	1.20e-04	4.47e-02	5.71e-01	3.49e-01	3.32e-02	1.93e-03	9.37e-05	0.00e+00	0.00e+00	1.20e-04	1.38e-12	1.64e-12
 1.83644e+23	1.37e-04	4.83e-02	5.83e-01	3.36e-01	3.06e-02	1.71e-03	7.99e-05	0.00e+00	0.00e+00	1.37e-04	1.62e-12	1.92e-12
 1.85411e+23	1.61e-04	5.34e-02	5.99e-01	3.19e-01	2.76e-02	1.46e-03	6.52e-05	0.00e+00	0.00e+00	1.61e-04	1.99e-12	2.35e-12
 1.87198e+23	1.84e-04	5.78e-02	6.11e-01	3.05e-01	2.52e-02	1.28e-03	5.51e-05	0.00e+00	0.00e+00	1.84e-04	2.34e-12	2.77e-12
 1.89012e+23	2.17e-04	6.39e-02	6.25e-01	2.87e-01	2.26e-02	1.08e-03	4.45e-05	0.00e+00	0.00e+00	2.17e-04	2.88e-12	3.41e-12
 1.90845e+23	2.47e-04	6.91e-02	6.35e-01	2.74e-01	2.06e-02	9.42e-04	3.74e-05	0.00e+00	0.00e+00	2.47e-04	3.39e-12	4.01e-12
 1.92704e+23	2.91e-04	7.64e-02	6.48e-01	2.56e-01	1.83e-02	7.90e-04	3.00e-05	0.00e+00	0.00e+00	2.91e-04	4.17e-12	4.94e-12
 1.94593e+23	3.33e-04	8.28e-02	6.57e-01	2.42e-01	1.66e-02	6.80e-04	2.48e-05	0.00e+00	0.00e+00	3.33e-04	4.94e-12	5.85e-12
 1.96522e+23	3.93e-04	9.14e-02	6.68e-01	2.25e-01	1.46e-02	5.64e-04	1.97e-05	0.00e+00	0.00e+00	3.93e-04	6.11e-12	7.22e-12
 1.98495e+23	4.51e-04	9.91e-02	6.75e-01	2.12e-01	1.31e-02	4.81e-04	1.61e-05	0.00e+00	0.00e+00	4.51e-04	7.27e-12	8.60e-12
 2.00524e+23	5.33e-04	1.09e-01	6.83e-01	1.95e-01	1.14e-02	3.94e-04	1.26e-05	0.00e+00	0.00e+00	5.33e-04	9.03e-12	1.07e-11
 2.02611e+23	6.14e-04	1.19e-01	6.89e-01	1.81e-01	1.01e-02	3.30e-04	1.01e-05	0.00e+00	0.00e+00	6.14e-04	1.08e-11	1.28e-11
 2.04476e+23	7.05e-04	1.29e-01	6.93e-01	1.68e-01	8.99e-03	2.77e-04	8.17e-06	0.00e+00	0.00e+00	7.05e-04	1.29e-11	1.53e-11
 2.06602e+23	8.32e-04	1.42e-01	6.96e-01	1.53e-01	7.75e-03	2.23e-04	6.26e-06	0.00e+00	0.00e+00	8.32e-04	1.61e-11	1.90e-11
 2.08789e+23	9.62e-04	1.54e-01	6.98e-01	1.40e-01	6.76e-03	1.83e-04	4.93e-06	0.00e+00	0.00e+00	9.62e-04	1.94e-11	2.30e-11
 2.10743e+23	1.10e-03	1.66e-01	6.98e-01	1.29e-01	5.94e-03	1.52e-04	3.93e-06	0.00e+00	0.00e+00	1.10e-03	2.32e-11	2.74e-11
 2.12969e+23	1.31e-03	1.83e-01	6.95e-01	1.15e-01	5.03e-03	1.19e-04	2.93e-06	0.00e+00	0.00e+00	1.31e-03	2.91e-11	3.44e-11
 2.15251e+23	1.50e-03	1.98e-01	6.92e-01	1.05e-01	4.36e-03	9.72e-05	2.29e-06	0.00e+00	0.00e+00	1.50e-03	3.48e-11	4.11e-11
 2.17604e+23	1.78e-03	2.18e-01	6.84e-01	9.20e-02	3.63e-03	7.45e-05	1.67e-06	0.00e+00	0.00e+00	1.78e-03	4.39e-11	5.18e-11
 2.20003e+23	2.04e-03	2.35e-01	6.77e-01	8.26e-02	3.12e-03	5.98e-05	1.29e-06	0.00e+00	0.00e+00	2.04e-03	5.26e-11	6.21e-11
 2.22463e+23	2.44e-03	2.59e-01	6.65e-01	7.14e-02	2.55e-03	4.48e-05	9.17e-07	0.00e+00	0.00e+00	2.44e-03	6.67e-11	7.88e-11
 2.24968e+23	2.79e-03	2.78e-01	6.54e-01	6.35e-02	2.18e-03	3.55e-05	7.01e-07	0.00e+00	0.00e+00	2.79e-03	7.98e-11	9.43e-11
 2.27533e+23	3.33e-03	3.05e-01	6.36e-01	5.40e-02	1.76e-03	2.60e-05	4.89e-07	0.00e+00	0.00e+00	3.33e-03	1.01e-10	1.20e-10
 2.30175e+23	3.82e-03	3.27e-01	6.20e-01	4.71e-02	1.47e-03	2.01e-05	3.64e-07	0.00e+00	0.00e+00	3.82e-03	1.22e-10	1.45e-10
 2.32918e+23	4.58e-03	3.59e-01	5.96e-01	3.91e-02	1.17e-03	1.42e-05	2.46e-07	0.00e+00	0.00e+00	4.58e-03	1.57e-10	1.86e-10
 2.35752e+23	5.26e-03	3.85e-01	5.76e-01	3.35e-02	9.63e-04	1.07e-05	1.79e-07	0.00e+00	0.00e+00	5.26e-03	1.90e-10	2.25e-10
 2.38704e+23	6.34e-03	4.21e-01	5.45e-01	2.70e-02	7.43e-04	7.28e-06	0.00e+00	0.00e+00	0.00e+00	6.34e-03	2.47e-10	2.92e-10
 2.41785e+23	7.30e-03	4.50e-01	5.19e-01	2.25e-02	6.01e-04	5.29e-06	0.00e+00	0.00e+00	0.00e+00	7.30e-03	3.02e-10	3.58e-10
 2.45032e+23	8.88e-03	4.92e-01	4.81e-01	1.73e-02	4.49e-04	3.38e-06	0.00e+00	0.00e+00	0.00e+00	8.88e-03	3.98e-10	4.71e-10
 2.48451e+23	1.04e-02	5.27e-01	4.49e-01	1.38e-02	3.51e-04	2.31e-06	0.00e+00	0.00e+00	0.00e+00	1.04e-02	4.97e-10	5.89e-10
 2.51928e+23	1.25e-02	5.69e-01	4.08e-01	1.04e-02	2.59e-04	1.43e-06	0.00e+00	0.00e+00	0.00e+00	1.25e-02	6.49e-10	7.71e-10
 2.54971e+23	1.38e-02	5.92e-01	3.85e-01	8.70e-03	2.16e-04	1.08e-06	0.00e+00	0.00e+00	0.00e+00	1.38e-02	7.54e-10	8.95e-10
 2.57613e+23	1.59e-02	6.25e-01	3.52e-01	6.81e-03	1.70e-04	7.27e-07	0.00e+00	0.00e+00	0.00e+00	1.59e-02	9.26e-10	1.10e-09
 2.60404e+23	1.79e-02	6.52e-01	3.24e-01	5.46e-03	1.37e-04	5.12e-07	0.00e+00	0.00e+00	0.00e+00	1.79e-02	1.10e-09	1.31e-09
 2.63390e+23	2.09e-02	6.87e-01	2.88e-01	4.04e-03	1.03e-04	3.19e-07	0.00e+00	0.00e+00	0.00e+00	2.09e-02	1.39e-09	1.65e-09
 2.66465e+23	2.36e-02	7.14e-01	2.60e-01	3.12e-03	8.14e-05	2.15e-07	0.00e+00	0.00e+00	0.00e+00	2.36e-02	1.66e-09	1.98e-09
 2.69656e+23	2.78e-02	7.47e-01	2.23e-01	2.18e-03	5.93e-05	1.25e-07	0.00e+00	0.00e+00	0.00e+00	2.78e-02	2.11e-09	2.52e-09
 2.72982e+23	3.20e-02	7.72e-01	1.94e-01	1.59e-03	4.49e-05	0.00e+00	0.00e+00	0.00e+00	0.00e+00	3.20e-02	2.58e-09	3.08e-09
 2.75660e+23	3.55e-02	7.90e-01	1.73e-01	1.23e-03	3.62e-05	0.00e+00	0.00e+00	0.00e+00	0.00e+00	3.55e-02	3.00e-09	3.56e-09
 2.78319e+23	4.08e-02	8.11e-01	1.47e-01	8.71e-04	2.72e-05	0.00e+00	0.00e+00	0.00e+00	0.00e+00	4.08e-02	3.67e-09	4.33e-09
 2.81081e+23	4.63e-02	8.26e-01	1.27e-01	6.34e-04	2.09e-05	0.00e+00	0.00e+00	0.00e+00	0.00e+00	4.63e-02	4.37e-09	5.13e-09
 2.83515e+23	5.23e-02	8.39e-01	1.09e-01	4.65e-04	1.63e-05	0.00e+00	0.00e+00	0.00e+00	0.00e+00	5.23e-02	5.16e-09	6.03e-09
 2.86217e+23	6.10e-02	8.50e-01	8.82e-02	3.09e-04	1.17e-05	0.00e+00	0.00e+00	0.00e+00	0.00e+00	6.10e-02	6.41e-09	7.46e-09
 2.89063e+23	7.14e-02	8.57e-01	7.10e-02	2.05e-04	8.44e-06	0.00e+00	0.00e+00	0.00e+00	0.00e+00	7.14e-02	7.90e-09	9.16e-09
 2.91599e+23	8.32e-02	8.60e-01	5.69e-02	1.38e-04	6.12e-06	0.00e+00	0.00e+00	0.00e+00	0.00e+00	8.32e-02	9.66e-09	1.12e-08
 2.94022e+23	9.77e-02	8.58e-01	4.47e-02	9.09e-05	4.34e-06	0.00e+00	0.00e+00	0.00e+00	0.00e+00	9.77e-02	1.19e-08	1.38e-08
 2.96381e+23	1.16e-01	8.50e-01	3.43e-02	5.92e-05	3.02e-06	0.00e+00	0.00e+00	0.00e+00	0.00e+00	1.16e-01	1.47e-08	1.71e-08
 2.98606e+23	1.38e-01	8.36e-01	2.59e-02	3.85e-05	2.07e-06	0.00e+00	0.00e+00	0.00e+00	0.00e+00	1.38e-01	1.82e-08	2.12e-08
 3.00663e+23	1.64e-01	8.16e-01	1.94e-02	2.53e-05	1.40e-06	0.00e+00	0.00e+00	0.00e+00	0.00e+00	1.64e-01	2.24e-08	2.61e-08
 3.02556e+23	1.96e-01	7.90e-01	1.43e-02	1.68e-05	9.38e-07	0.00e+00	0.00e+00	0.00e+00	0.00e+00	1.96e-01	2.74e-08	3.20e-08
 3.04299e+23	2.32e-01	7.57e-01	1.04e-02	1.14e-05	6.21e-07	0.00e+00	0.00e+00	0.00e+00	0.00e+00	2.32e-01	3.30e-08	3.88e-08
 3.05371e+23	2.57e-01	7.35e-01	8.68e-03	9.25e-06	4.93e-07	0.00e+00	0.00e+00	0.00e+00	0.00e+00	2.57e-01	3.63e-08	4.28e-08
 3.05727e+23	2.66e-01	7.26e-01	8.12e-03	8.58e-06	4.52e-07	0.00e+00	0.00e+00	0.00e+00	0.00e+00	2.66e-01	3.76e-08	4.44e-08
 3.05999e+23	2.74e-01	7.19e-01	7.66e-03	8.03e-06	4.18e-07	0.00e+00	0.00e+00	0.00e+00	0.00e+00	2.74e-01	3.87e-08	4.57e-08
 3.06349e+23	2.84e-01	7.09e-01	7.09e-03	7.37e-06	3.78e-07	0.00e+00	0.00e+00	0.00e+00	0.00e+00	2.84e-01	4.02e-08	4.76e-08
 3.06761e+23	2.98e-01	6.96e-01	6.46e-03	6.65e-06	3.33e-07	0.00e+00	0.00e+00	0.00e+00	0.00e+00	2.98e-01	4.20e-08	4.98e-08
 3.07161e+23	3.10e-01	6.84e-01	5.94e-03	6.09e-06	2.99e-07	0.00e+00	0.00e+00	0.00e+00	0.00e+00	3.10e-01	4.37e-08	5.18e-08
 3.07556e+23	3.23e-01	6.71e-01	5.41e-03	5.52e-06	2.65e-07	0.00e+00	0.00e+00	0.00e+00	0.00e+00	3.23e-01	4.55e-08	5.39e-08
 3.07961e+23	3.37e-01	6.58e-01	4.93e-03	5.02e-06	2.34e-07	0.00e+00	0.00e+00	0.00e+00	0.00e+00	3.37e-01	4.73e-08	5.61e-08
 3.08361e+23	3.52e-01	6.43e-01	4.46e-03	4.54e-06	2.05e-07	0.00e+00	0.00e+00	0.00e+00	0.00e+00	3.52e-01	4.91e-08	5.82e-08
 3.08566e+23	3.62e-01	6.34e-01	4.14e-03	4.28e-06	1.89e-07	0.00e+00	0.00e+00	0.00e+00	0.00e+00	3.62e-01	5.00e-08	5.92e-08
