#depth	He	He+	He+2
 4.62852e+21	1.55e-11	4.72e-06	1.00e+00
 1.04808e+22	4.09e-11	7.33e-06	1.00e+00
 1.23163e+22	6.81e-11	9.31e-06	1.00e+00
 1.32341e+22	8.91e-11	1.06e-05	1.00e+00
 1.36165e+22	9.53e-11	1.09e-05	1.00e+00
 1.37528e+22	1.01e-10	1.12e-05	1.00e+00
 1.38654e+22	1.06e-10	1.15e-05	1.00e+00
 1.39871e+22	1.13e-10	1.19e-05	1.00e+00
 1.41135e+22	1.19e-10	1.22e-05	1.00e+00
 1.42256e+22	1.25e-10	1.25e-05	1.00e+00
 1.43506e+22	1.34e-10	1.29e-05	1.00e+00
 1.44777e+22	1.42e-10	1.33e-05	1.00e+00
 1.45809e+22	1.49e-10	1.36e-05	1.00e+00
 1.46884e+22	1.58e-10	1.40e-05	1.00e+00
 1.47989e+22	1.66e-10	1.44e-05	1.00e+00
 1.49135e+22	1.77e-10	1.49e-05	1.00e+00
 1.50260e+22	1.86e-10	1.52e-05	1.00e+00
 1.51358e+22	2.00e-10	1.58e-05	1.00e+00
 1.52440e+22	2.09e-10	1.62e-05	1.00e+00
 1.53501e+22	2.23e-10	1.68e-05	1.00e+00
 1.54599e+22	2.36e-10	1.73e-05	1.00e+00
 1.55591e+22	2.50e-10	1.78e-05	1.00e+00
 1.56548e+22	2.64e-10	1.83e-05	1.00e+00
 1.57611e+22	2.83e-10	1.90e-05	1.00e+00
 1.58674e+22	2.99e-10	1.95e-05	1.00e+00
 1.59735e+22	3.22e-10	2.03e-05	1.00e+00
 1.60758e+22	3.38e-10	2.09e-05	1.00e+00
 1.61730e+22	3.64e-10	2.17e-05	1.00e+00
 1.62696e+22	3.82e-10	2.23e-05	1.00e+00
 1.63656e+22	4.12e-10	2.33e-05	1.00e+00
 1.64618e+22	4.33e-10	2.40e-05	1.00e+00
 1.65582e+22	4.67e-10	2.50e-05	1.00e+00
 1.66563e+22	4.94e-10	2.58e-05	1.00e+00
 1.67565e+22	5.32e-10	2.69e-05	1.00e+00
 1.68560e+22	5.64e-10	2.79e-05	1.00e+00
 1.69546e+22	6.08e-10	2.91e-05	1.00e+00
 1.70548e+22	6.46e-10	3.02e-05	1.00e+00
 1.71573e+22	6.99e-10	3.16e-05	1.00e+00
 1.72603e+22	7.43e-10	3.28e-05	1.00e+00
 1.73642e+22	8.04e-10	3.44e-05	1.00e+00
 1.74688e+22	8.54e-10	3.57e-05	1.00e+00
 1.75596e+22	9.07e-10	3.71e-05	1.00e+00
 1.76628e+22	9.80e-10	3.90e-05	1.00e+00
 1.77648e+22	1.03e-09	4.03e-05	1.00e+00
 1.78655e+22	1.11e-09	4.22e-05	1.00e+00
 1.79691e+22	1.18e-09	4.38e-05	1.00e+00
 1.80767e+22	1.27e-09	4.60e-05	1.00e+00
 1.81864e+22	1.34e-09	4.78e-05	1.00e+00
 1.82984e+22	1.44e-09	5.02e-05	1.00e+00
 1.84126e+22	1.53e-09	5.21e-05	1.00e+00
 1.85301e+22	1.64e-09	5.47e-05	1.00e+00
 1.86495e+22	1.73e-09	5.68e-05	1.00e+00
 1.87715e+22	1.86e-09	5.97e-05	1.00e+00
 1.88943e+22	1.96e-09	6.19e-05	1.00e+00
 1.90181e+22	2.09e-09	6.49e-05	1.00e+00
 1.91382e+22	2.19e-09	6.70e-05	1.00e+00
 1.92536e+22	2.32e-09	7.00e-05	1.00e+00
 1.93717e+22	2.43e-09	7.23e-05	1.00e+00
 1.94933e+22	2.58e-09	7.56e-05	1.00e+00
 1.96165e+22	2.69e-09	7.80e-05	1.00e+00
 1.97416e+22	2.85e-09	8.14e-05	1.00e+00
 1.98657e+22	2.97e-09	8.41e-05	1.00e+00
 1.99886e+22	3.14e-09	8.77e-05	1.00e+00
 2.01127e+22	3.27e-09	9.03e-05	1.00e+00
 2.02384e+22	3.45e-09	9.42e-05	1.00e+00
 2.03665e+22	3.59e-09	9.71e-05	1.00e+00
 2.04977e+22	3.78e-09	1.01e-04	1.00e+00
 2.06314e+22	3.85e-09	1.04e-04	1.00e+00
 2.07681e+22	4.06e-09	1.09e-04	1.00e+00
 2.09074e+22	4.23e-09	1.12e-04	1.00e+00
 2.10500e+22	4.46e-09	1.17e-04	1.00e+00
 2.11893e+22	4.62e-09	1.20e-04	1.00e+00
 2.13245e+22	4.85e-09	1.25e-04	1.00e+00
 2.14618e+22	5.03e-09	1.29e-04	1.00e+00
 2.16018e+22	5.28e-09	1.34e-04	1.00e+00
 2.17462e+22	5.49e-09	1.38e-04	1.00e+00
 2.18962e+22	5.77e-09	1.44e-04	1.00e+00
 2.20512e+22	6.01e-09	1.49e-04	1.00e+00
 2.22125e+22	6.33e-09	1.55e-04	1.00e+00
 2.23782e+22	6.60e-09	1.60e-04	1.00e+00
 2.25497e+22	6.96e-09	1.67e-04	1.00e+00
 2.27267e+22	7.28e-09	1.73e-04	1.00e+00
 2.29111e+22	7.70e-09	1.80e-04	1.00e+00
 2.31006e+22	8.06e-09	1.87e-04	1.00e+00
 2.32710e+22	8.44e-09	1.94e-04	1.00e+00
 2.34668e+22	8.94e-09	2.03e-04	1.00e+00
 2.36637e+22	9.36e-09	2.10e-04	1.00e+00
 2.38622e+22	9.91e-09	2.20e-04	1.00e+00
 2.40649e+22	1.04e-08	2.29e-04	1.00e+00
 2.42731e+22	1.10e-08	2.40e-04	1.00e+00
 2.44845e+22	1.15e-08	2.50e-04	1.00e+00
 2.47002e+22	1.22e-08	2.64e-04	1.00e+00
 2.49169e+22	1.28e-08	2.74e-04	1.00e+00
 2.50967e+22	1.33e-08	2.84e-04	1.00e+00
 2.52924e+22	1.40e-08	2.99e-04	1.00e+00
 2.54873e+22	1.45e-08	3.10e-04	1.00e+00
 2.56812e+22	1.52e-08	3.25e-04	1.00e+00
 2.58776e+22	1.58e-08	3.38e-04	1.00e+00
 2.60773e+22	1.65e-08	3.56e-04	1.00e+00
 2.62795e+22	1.71e-08	3.71e-04	1.00e+00
 2.64849e+22	1.78e-08	3.91e-04	1.00e+00
 2.66943e+22	1.84e-08	4.09e-04	1.00e+00
 2.69088e+22	1.90e-08	4.33e-04	1.00e+00
 2.71276e+22	1.96e-08	4.54e-04	1.00e+00
 2.73519e+22	2.02e-08	4.82e-04	1.00e+00
 2.75781e+22	2.07e-08	5.06e-04	9.99e-01
 2.77682e+22	2.10e-08	5.29e-04	9.99e-01
 2.79742e+22	2.14e-08	5.61e-04	9.99e-01
 2.81819e+22	2.17e-08	5.87e-04	9.99e-01
 2.83851e+22	2.20e-08	6.21e-04	9.99e-01
 2.85925e+22	2.21e-08	6.52e-04	9.99e-01
 2.87956e+22	2.22e-08	6.88e-04	9.99e-01
 2.90031e+22	2.23e-08	7.24e-04	9.99e-01
 2.92081e+22	2.24e-08	7.63e-04	9.99e-01
 2.94142e+22	2.24e-08	8.04e-04	9.99e-01
 2.96179e+22	2.24e-08	8.46e-04	9.99e-01
 2.98211e+22	2.24e-08	8.91e-04	9.99e-01
 3.00247e+22	2.24e-08	9.38e-04	9.99e-01
 3.02290e+22	2.25e-08	9.87e-04	9.99e-01
 3.04345e+22	2.26e-08	1.04e-03	9.99e-01
 3.06418e+22	2.28e-08	1.09e-03	9.99e-01
 3.08514e+22	2.31e-08	1.15e-03	9.99e-01
 3.10621e+22	2.35e-08	1.21e-03	9.99e-01
 3.12762e+22	2.41e-08	1.28e-03	9.99e-01
 3.14926e+22	2.49e-08	1.34e-03	9.99e-01
 3.17133e+22	2.59e-08	1.42e-03	9.99e-01
 3.19380e+22	2.70e-08	1.50e-03	9.99e-01
 3.21440e+22	2.82e-08	1.56e-03	9.98e-01
 3.23592e+22	2.99e-08	1.65e-03	9.98e-01
 3.25774e+22	3.16e-08	1.73e-03	9.98e-01
 3.28014e+22	3.40e-08	1.83e-03	9.98e-01
 3.30259e+22	3.62e-08	1.91e-03	9.98e-01
 3.32510e+22	3.94e-08	2.02e-03	9.98e-01
 3.34771e+22	4.22e-08	2.11e-03	9.98e-01
 3.37044e+22	4.63e-08	2.23e-03	9.98e-01
 3.39343e+22	4.99e-08	2.33e-03	9.98e-01
 3.41673e+22	5.51e-08	2.47e-03	9.98e-01
 3.44037e+22	5.97e-08	2.58e-03	9.97e-01
 3.46442e+22	6.64e-08	2.73e-03	9.97e-01
 3.48893e+22	7.24e-08	2.86e-03	9.97e-01
 3.51403e+22	8.10e-08	3.03e-03	9.97e-01
 3.53972e+22	8.87e-08	3.17e-03	9.97e-01
 3.56618e+22	1.00e-07	3.38e-03	9.97e-01
 3.59307e+22	1.10e-07	3.54e-03	9.96e-01
 3.61588e+22	1.20e-07	3.70e-03	9.96e-01
 3.64089e+22	1.34e-07	3.91e-03	9.96e-01
 3.66497e+22	1.45e-07	4.06e-03	9.96e-01
 3.68784e+22	1.60e-07	4.28e-03	9.96e-01
 3.71097e+22	1.73e-07	4.45e-03	9.96e-01
 3.73443e+22	1.92e-07	4.69e-03	9.95e-01
 3.75825e+22	2.08e-07	4.87e-03	9.95e-01
 3.78253e+22	2.32e-07	5.14e-03	9.95e-01
 3.80715e+22	2.52e-07	5.35e-03	9.95e-01
 3.83218e+22	2.81e-07	5.65e-03	9.94e-01
 3.85772e+22	3.05e-07	5.89e-03	9.94e-01
 3.88392e+22	3.42e-07	6.23e-03	9.94e-01
 3.91069e+22	3.74e-07	6.51e-03	9.93e-01
 3.93818e+22	4.20e-07	6.90e-03	9.93e-01
 3.96635e+22	4.61e-07	7.22e-03	9.93e-01
 3.99540e+22	5.20e-07	7.66e-03	9.92e-01
 4.02473e+22	5.70e-07	8.02e-03	9.92e-01
 4.05445e+22	6.46e-07	8.53e-03	9.91e-01
 4.08445e+22	7.09e-07	8.93e-03	9.91e-01
 4.11482e+22	8.04e-07	9.51e-03	9.90e-01
 4.14442e+22	8.77e-07	9.92e-03	9.90e-01
 4.17302e+22	9.83e-07	1.05e-02	9.90e-01
 4.20315e+22	1.09e-06	1.10e-02	9.89e-01
 4.22863e+22	1.18e-06	1.15e-02	9.89e-01
 4.25511e+22	1.31e-06	1.21e-02	9.88e-01
 4.28251e+22	1.43e-06	1.26e-02	9.87e-01
 4.30721e+22	1.55e-06	1.32e-02	9.87e-01
 4.33543e+22	1.73e-06	1.39e-02	9.86e-01
 4.36466e+22	1.91e-06	1.46e-02	9.85e-01
 4.39067e+22	2.08e-06	1.52e-02	9.85e-01
 4.41995e+22	2.32e-06	1.60e-02	9.84e-01
 4.45059e+22	2.57e-06	1.69e-02	9.83e-01
 4.47831e+22	2.81e-06	1.77e-02	9.82e-01
 4.50962e+22	3.16e-06	1.87e-02	9.81e-01
 4.54191e+22	3.51e-06	1.97e-02	9.80e-01
 4.57063e+22	3.86e-06	2.06e-02	9.79e-01
 4.60314e+22	4.35e-06	2.19e-02	9.78e-01
 4.63689e+22	4.85e-06	2.31e-02	9.77e-01
 4.66719e+22	5.36e-06	2.43e-02	9.76e-01
 4.70154e+22	6.07e-06	2.58e-02	9.74e-01
 4.73721e+22	6.80e-06	2.73e-02	9.73e-01
 4.76917e+22	7.55e-06	2.87e-02	9.71e-01
 4.80529e+22	8.63e-06	3.07e-02	9.69e-01
 4.84214e+22	9.67e-06	3.24e-02	9.68e-01
 4.87997e+22	1.11e-05	3.47e-02	9.65e-01
 4.91816e+22	1.24e-05	3.67e-02	9.63e-01
 4.95683e+22	1.44e-05	3.94e-02	9.61e-01
 4.99584e+22	1.61e-05	4.17e-02	9.58e-01
 5.03529e+22	1.86e-05	4.48e-02	9.55e-01
 5.07520e+22	2.09e-05	4.74e-02	9.53e-01
 5.11571e+22	2.43e-05	5.10e-02	9.49e-01
 5.15670e+22	2.74e-05	5.40e-02	9.46e-01
 5.19831e+22	3.19e-05	5.81e-02	9.42e-01
 5.23905e+22	3.57e-05	6.14e-02	9.39e-01
 5.27864e+22	4.13e-05	6.59e-02	9.34e-01
 5.31693e+22	4.57e-05	6.92e-02	9.31e-01
 5.35352e+22	5.21e-05	7.37e-02	9.26e-01
 5.39070e+22	5.80e-05	7.76e-02	9.22e-01
 5.42355e+22	6.44e-05	8.15e-02	9.18e-01
 5.46119e+22	7.36e-05	8.69e-02	9.13e-01
 5.49941e+22	8.21e-05	9.15e-02	9.08e-01
 5.53840e+22	9.40e-05	9.76e-02	9.02e-01
 5.57773e+22	1.05e-04	1.03e-01	8.97e-01
 5.61748e+22	1.21e-04	1.10e-01	8.90e-01
 5.65727e+22	1.34e-04	1.16e-01	8.84e-01
 5.68924e+22	1.47e-04	1.21e-01	8.79e-01
 5.72293e+22	1.65e-04	1.27e-01	8.73e-01
 5.75710e+22	1.81e-04	1.33e-01	8.67e-01
 5.78717e+22	1.98e-04	1.38e-01	8.61e-01
 5.82150e+22	2.22e-04	1.46e-01	8.54e-01
 5.85626e+22	2.44e-04	1.52e-01	8.48e-01
 5.88672e+22	2.67e-04	1.59e-01	8.41e-01
 5.92147e+22	2.99e-04	1.67e-01	8.32e-01
 5.95650e+22	3.27e-04	1.74e-01	8.26e-01
 5.99189e+22	3.66e-04	1.83e-01	8.16e-01
 6.02784e+22	4.02e-04	1.91e-01	8.08e-01
 6.05951e+22	4.40e-04	1.99e-01	8.01e-01
 6.09568e+22	4.92e-04	2.09e-01	7.90e-01
 6.13262e+22	5.41e-04	2.18e-01	7.81e-01
 6.17058e+22	6.06e-04	2.29e-01	7.70e-01
 6.20928e+22	6.70e-04	2.39e-01	7.60e-01
 6.24301e+22	7.34e-04	2.49e-01	7.51e-01
 6.28093e+22	8.21e-04	2.61e-01	7.38e-01
 6.32026e+22	9.05e-04	2.72e-01	7.27e-01
 6.36145e+22	1.02e-03	2.87e-01	7.12e-01
 6.40272e+22	1.12e-03	2.98e-01	7.01e-01
 6.44412e+22	1.26e-03	3.13e-01	6.86e-01
 6.48672e+22	1.40e-03	3.26e-01	6.73e-01
 6.51917e+22	1.50e-03	3.35e-01	6.63e-01
 6.54964e+22	1.63e-03	3.46e-01	6.52e-01
 6.58104e+22	1.75e-03	3.56e-01	6.42e-01
 6.61365e+22	1.92e-03	3.69e-01	6.29e-01
 6.64654e+22	2.06e-03	3.79e-01	6.19e-01
 6.67977e+22	2.25e-03	3.92e-01	6.05e-01
 6.71330e+22	2.43e-03	4.03e-01	5.94e-01
 6.74722e+22	2.65e-03	4.17e-01	5.81e-01
 6.78196e+22	2.86e-03	4.28e-01	5.69e-01
 6.81287e+22	3.07e-03	4.40e-01	5.57e-01
 6.84815e+22	3.36e-03	4.54e-01	5.43e-01
 6.88452e+22	3.63e-03	4.66e-01	5.30e-01
 6.92229e+22	4.00e-03	4.82e-01	5.14e-01
 6.96035e+22	4.32e-03	4.95e-01	5.01e-01
 6.99879e+22	4.74e-03	5.10e-01	4.85e-01
 7.03849e+22	5.14e-03	5.24e-01	4.71e-01
 7.07984e+22	5.68e-03	5.41e-01	4.53e-01
 7.12128e+22	6.15e-03	5.55e-01	4.39e-01
 7.16284e+22	6.79e-03	5.72e-01	4.21e-01
 7.20497e+22	7.34e-03	5.85e-01	4.07e-01
 7.24785e+22	8.08e-03	6.02e-01	3.90e-01
 7.29215e+22	8.80e-03	6.17e-01	3.75e-01
 7.33832e+22	9.79e-03	6.35e-01	3.55e-01
 7.38449e+22	1.06e-02	6.49e-01	3.41e-01
 7.43064e+22	1.18e-02	6.66e-01	3.22e-01
 7.47830e+22	1.28e-02	6.81e-01	3.07e-01
 7.52790e+22	1.43e-02	6.99e-01	2.87e-01
 7.57861e+22	1.56e-02	7.13e-01	2.72e-01
 7.63077e+22	1.75e-02	7.31e-01	2.52e-01
 7.68462e+22	1.91e-02	7.45e-01	2.36e-01
 7.74067e+22	2.16e-02	7.63e-01	2.16e-01
 7.79894e+22	2.39e-02	7.77e-01	1.99e-01
 7.85999e+22	2.73e-02	7.94e-01	1.79e-01
 7.92240e+22	3.04e-02	8.07e-01	1.63e-01
 7.97099e+22	3.30e-02	8.16e-01	1.51e-01
 8.01843e+22	3.66e-02	8.26e-01	1.37e-01
 8.06685e+22	4.00e-02	8.34e-01	1.26e-01
 8.11654e+22	4.47e-02	8.42e-01	1.13e-01
 8.16784e+22	4.93e-02	8.49e-01	1.02e-01
 8.22122e+22	5.59e-02	8.54e-01	8.96e-02
 8.27038e+22	6.11e-02	8.58e-01	8.13e-02
 8.30691e+22	6.62e-02	8.59e-01	7.47e-02
 8.34727e+22	7.33e-02	8.60e-01	6.71e-02
 8.39038e+22	8.10e-02	8.59e-01	6.04e-02
 8.43012e+22	8.94e-02	8.56e-01	5.46e-02
 8.46802e+22	9.86e-02	8.52e-01	4.96e-02
 8.50355e+22	1.09e-01	8.46e-01	4.54e-02
 8.53628e+22	1.19e-01	8.39e-01	4.19e-02
 8.56620e+22	1.30e-01	8.31e-01	3.90e-02
 8.59344e+22	1.42e-01	8.21e-01	3.67e-02
 8.61824e+22	1.54e-01	8.11e-01	3.48e-02
 8.64081e+22	1.67e-01	8.00e-01	3.33e-02
 8.66135e+22	1.80e-01	7.88e-01	3.22e-02
 8.67435e+22	1.87e-01	7.81e-01	3.19e-02
 8.67935e+22	1.90e-01	7.78e-01	3.17e-02
 8.68335e+22	1.93e-01	7.75e-01	3.15e-02
 8.68844e+22	1.98e-01	7.71e-01	3.13e-02
 8.69460e+22	2.03e-01	7.66e-01	3.10e-02
 8.70088e+22	2.08e-01	7.62e-01	3.08e-02
 8.70691e+22	2.13e-01	7.57e-01	3.05e-02
 8.71292e+22	2.18e-01	7.52e-01	3.03e-02
 8.71891e+22	2.24e-01	7.46e-01	3.02e-02
 8.72510e+22	2.29e-01	7.41e-01	3.00e-02
 8.73154e+22	2.35e-01	7.35e-01	2.99e-02
 8.73814e+22	2.42e-01	7.28e-01	2.98e-02
 8.74491e+22	2.49e-01	7.21e-01	2.96e-02
 8.75181e+22	2.56e-01	7.14e-01	2.96e-02
 8.75892e+22	2.64e-01	7.06e-01	2.95e-02
 8.76641e+22	2.72e-01	6.98e-01	2.94e-02
 8.77397e+22	2.81e-01	6.90e-01	2.94e-02
 8.77986e+22	2.87e-01	6.84e-01	2.96e-02
 8.78380e+22	2.92e-01	6.79e-01	2.95e-02
 8.78753e+22	2.96e-01	6.74e-01	2.95e-02
 8.79188e+22	3.02e-01	6.68e-01	2.94e-02
 8.79666e+22	3.08e-01	6.62e-01	2.94e-02
 8.80139e+22	3.15e-01	6.56e-01	2.93e-02
 8.80602e+22	3.21e-01	6.50e-01	2.93e-02
 8.81070e+22	3.27e-01	6.44e-01	2.92e-02
 8.81552e+22	3.34e-01	6.37e-01	2.91e-02
 8.82046e+22	3.41e-01	6.30e-01	2.90e-02
 8.82547e+22	3.49e-01	6.23e-01	2.89e-02
 8.83048e+22	3.56e-01	6.15e-01	2.88e-02
 8.83557e+22	3.64e-01	6.08e-01	2.86e-02
 8.84085e+22	3.72e-01	6.00e-01	2.85e-02
 8.84631e+22	3.81e-01	5.91e-01	2.82e-02
 8.85181e+22	3.89e-01	5.82e-01	2.80e-02
 8.85738e+22	3.99e-01	5.74e-01	2.78e-02
 8.86316e+22	4.08e-01	5.64e-01	2.75e-02
 8.86913e+22	4.18e-01	5.54e-01	2.71e-02
 8.87524e+22	4.29e-01	5.44e-01	2.68e-02
 8.88146e+22	4.40e-01	5.34e-01	2.64e-02
 8.88784e+22	4.51e-01	5.23e-01	2.59e-02
 8.89444e+22	4.62e-01	5.12e-01	2.55e-02
 8.90126e+22	4.75e-01	5.00e-01	2.49e-02
 8.90823e+22	4.87e-01	4.89e-01	2.44e-02
 8.91537e+22	5.00e-01	4.76e-01	2.38e-02
 8.92273e+22	5.13e-01	4.64e-01	2.32e-02
 8.93033e+22	5.26e-01	4.51e-01	2.25e-02
 8.93816e+22	5.40e-01	4.38e-01	2.19e-02
 8.94614e+22	5.54e-01	4.25e-01	2.12e-02
 8.95418e+22	5.68e-01	4.12e-01	2.05e-02
 8.96236e+22	5.82e-01	3.99e-01	1.97e-02
 8.97087e+22	5.96e-01	3.85e-01	1.89e-02
 8.97942e+22	6.10e-01	3.72e-01	1.82e-02
 8.98791e+22	6.23e-01	3.60e-01	1.74e-02
 8.99658e+22	6.36e-01	3.47e-01	1.67e-02
 9.00544e+22	6.50e-01	3.34e-01	1.59e-02
 9.01445e+22	6.62e-01	3.22e-01	1.52e-02
 9.02369e+22	6.76e-01	3.10e-01	1.44e-02
 9.03315e+22	6.88e-01	2.98e-01	1.37e-02
 9.04274e+22	7.01e-01	2.86e-01	1.29e-02
 9.05248e+22	7.13e-01	2.75e-01	1.22e-02
 9.06251e+22	7.25e-01	2.64e-01	1.15e-02
 9.07279e+22	7.37e-01	2.53e-01	1.08e-02
 9.08298e+22	7.47e-01	2.42e-01	1.01e-02
 9.09277e+22	7.57e-01	2.33e-01	9.51e-03
 9.10186e+22	7.66e-01	2.25e-01	8.97e-03
 9.11027e+22	7.74e-01	2.17e-01	8.47e-03
 9.11801e+22	7.81e-01	2.11e-01	8.05e-03
 9.12545e+22	7.88e-01	2.04e-01	7.63e-03
 9.13292e+22	7.94e-01	1.99e-01	7.28e-03
 9.14026e+22	8.00e-01	1.93e-01	6.90e-03
 9.14727e+22	8.06e-01	1.87e-01	6.57e-03
 9.15368e+22	8.11e-01	1.83e-01	6.29e-03
 9.15996e+22	8.16e-01	1.78e-01	6.00e-03
 9.16614e+22	8.20e-01	1.74e-01	5.74e-03
 9.17200e+22	8.24e-01	1.70e-01	5.50e-03
 9.17781e+22	8.29e-01	1.66e-01	5.26e-03
 9.18339e+22	8.32e-01	1.63e-01	5.06e-03
 9.18863e+22	8.36e-01	1.59e-01	4.86e-03
 9.19387e+22	8.40e-01	1.56e-01	4.66e-03
 9.19890e+22	8.43e-01	1.53e-01	4.49e-03
 9.20346e+22	8.46e-01	1.50e-01	4.33e-03
 9.20760e+22	8.48e-01	1.47e-01	4.19e-03
 9.21137e+22	8.51e-01	1.45e-01	4.06e-03
 9.21480e+22	8.53e-01	1.43e-01	3.94e-03
 9.21793e+22	8.55e-01	1.41e-01	3.84e-03
 9.22077e+22	8.57e-01	1.39e-01	3.74e-03
 9.22335e+22	8.59e-01	1.38e-01	3.66e-03
 9.22571e+22	8.60e-01	1.36e-01	3.60e-03
 9.22829e+22	8.62e-01	1.35e-01	3.50e-03
 9.23164e+22	8.64e-01	1.33e-01	3.39e-03
 9.23526e+22	8.66e-01	1.30e-01	3.29e-03
 9.23855e+22	8.68e-01	1.29e-01	3.21e-03
 9.24155e+22	8.70e-01	1.27e-01	3.13e-03
 9.24427e+22	8.71e-01	1.26e-01	3.06e-03
 9.24675e+22	8.73e-01	1.24e-01	2.99e-03
 9.24947e+22	8.74e-01	1.23e-01	2.91e-03
 9.25241e+22	8.76e-01	1.21e-01	2.85e-03
 9.25508e+22	8.77e-01	1.20e-01	2.79e-03
 9.25669e+22	8.78e-01	1.19e-01	2.76e-03
