#depth	Ne	Ne+	Ne+2	Ne+3	Ne+4	Ne+5	Ne+6	Ne+7	Ne+8	Ne+9	Ne+10
 4.62852e+21	2.65e-31	2.81e-25	1.97e-20	1.95e-16	4.43e-13	2.46e-10	5.20e-08	6.72e-06	2.90e-03	1.02e-01	8.95e-01
 1.04808e+22	2.87e-29	1.85e-23	8.00e-19	4.93e-15	7.07e-12	2.45e-09	3.15e-07	2.48e-05	6.74e-03	1.50e-01	8.43e-01
 1.23163e+22	3.53e-28	1.75e-22	5.81e-18	2.78e-14	3.11e-11	8.37e-09	8.17e-07	4.92e-05	1.04e-02	1.82e-01	8.07e-01
 1.32341e+22	1.33e-27	5.74e-22	1.66e-17	6.91e-14	6.78e-11	1.59e-08	1.35e-06	7.02e-05	1.30e-02	2.01e-01	7.86e-01
 1.36165e+22	1.85e-27	7.73e-22	2.15e-17	8.69e-14	8.24e-11	1.87e-08	1.53e-06	7.68e-05	1.38e-02	2.06e-01	7.80e-01
 1.37528e+22	2.45e-27	9.95e-22	2.69e-17	1.05e-13	9.72e-11	2.15e-08	1.69e-06	8.27e-05	1.44e-02	2.10e-01	7.75e-01
 1.38654e+22	3.15e-27	1.25e-21	3.28e-17	1.25e-13	1.13e-10	2.43e-08	1.86e-06	8.84e-05	1.50e-02	2.14e-01	7.71e-01
 1.39871e+22	4.25e-27	1.62e-21	4.14e-17	1.53e-13	1.34e-10	2.80e-08	2.08e-06	9.56e-05	1.58e-02	2.18e-01	7.66e-01
 1.41135e+22	5.57e-27	2.07e-21	5.13e-17	1.85e-13	1.57e-10	3.19e-08	2.30e-06	1.03e-04	1.65e-02	2.22e-01	7.61e-01
 1.42256e+22	7.21e-27	2.61e-21	6.29e-17	2.21e-13	1.83e-10	3.62e-08	2.53e-06	1.10e-04	1.72e-02	2.26e-01	7.56e-01
 1.43506e+22	9.93e-27	3.48e-21	8.10e-17	2.75e-13	2.21e-10	4.22e-08	2.85e-06	1.19e-04	1.81e-02	2.31e-01	7.50e-01
 1.44777e+22	1.32e-26	4.48e-21	1.01e-16	3.34e-13	2.60e-10	4.84e-08	3.16e-06	1.29e-04	1.90e-02	2.36e-01	7.45e-01
 1.45809e+22	1.66e-26	5.52e-21	1.22e-16	3.91e-13	2.98e-10	5.41e-08	3.45e-06	1.37e-04	1.97e-02	2.40e-01	7.41e-01
 1.46884e+22	2.22e-26	7.16e-21	1.53e-16	4.77e-13	3.53e-10	6.22e-08	3.84e-06	1.47e-04	2.07e-02	2.44e-01	7.35e-01
 1.47989e+22	2.83e-26	8.87e-21	1.85e-16	5.62e-13	4.06e-10	6.99e-08	4.19e-06	1.57e-04	2.15e-02	2.48e-01	7.30e-01
 1.49135e+22	3.94e-26	1.19e-20	2.40e-16	7.05e-13	4.93e-10	8.19e-08	4.74e-06	1.71e-04	2.26e-02	2.53e-01	7.24e-01
 1.50260e+22	5.00e-26	1.48e-20	2.89e-16	8.30e-13	5.66e-10	9.18e-08	5.17e-06	1.82e-04	2.35e-02	2.57e-01	7.19e-01
 1.51358e+22	7.06e-26	2.01e-20	3.79e-16	1.05e-12	6.91e-10	1.08e-07	5.86e-06	1.98e-04	2.48e-02	2.63e-01	7.12e-01
 1.52440e+22	8.93e-26	2.48e-20	4.57e-16	1.23e-12	7.93e-10	1.21e-07	6.39e-06	2.10e-04	2.57e-02	2.67e-01	7.07e-01
 1.53501e+22	1.23e-25	3.30e-20	5.86e-16	1.53e-12	9.53e-10	1.41e-07	7.17e-06	2.28e-04	2.70e-02	2.72e-01	7.01e-01
 1.54599e+22	1.61e-25	4.22e-20	7.27e-16	1.84e-12	1.12e-09	1.61e-07	7.92e-06	2.45e-04	2.82e-02	2.77e-01	6.95e-01
 1.55591e+22	2.12e-25	5.39e-20	9.01e-16	2.22e-12	1.31e-09	1.83e-07	8.75e-06	2.62e-04	2.94e-02	2.81e-01	6.89e-01
 1.56548e+22	2.74e-25	6.77e-20	1.10e-15	2.64e-12	1.52e-09	2.07e-07	9.60e-06	2.80e-04	3.06e-02	2.86e-01	6.83e-01
 1.57611e+22	3.85e-25	9.20e-20	1.44e-15	3.33e-12	1.85e-09	2.43e-07	1.09e-05	3.05e-04	3.22e-02	2.92e-01	6.76e-01
 1.58674e+22	5.04e-25	1.17e-19	1.78e-15	3.99e-12	2.16e-09	2.76e-07	1.20e-05	3.26e-04	3.35e-02	2.96e-01	6.70e-01
 1.59735e+22	7.24e-25	1.62e-19	2.36e-15	5.10e-12	2.66e-09	3.28e-07	1.37e-05	3.57e-04	3.54e-02	3.02e-01	6.62e-01
 1.60758e+22	9.13e-25	1.99e-19	2.84e-15	5.98e-12	3.05e-09	3.67e-07	1.49e-05	3.78e-04	3.67e-02	3.07e-01	6.56e-01
 1.61730e+22	1.30e-24	2.73e-19	3.74e-15	7.58e-12	3.73e-09	4.33e-07	1.69e-05	4.13e-04	3.87e-02	3.13e-01	6.48e-01
 1.62696e+22	1.64e-24	3.36e-19	4.49e-15	8.88e-12	4.27e-09	4.84e-07	1.84e-05	4.38e-04	4.00e-02	3.17e-01	6.43e-01
 1.63656e+22	2.34e-24	4.63e-19	5.95e-15	1.13e-11	5.25e-09	5.74e-07	2.09e-05	4.79e-04	4.22e-02	3.23e-01	6.34e-01
 1.64618e+22	3.01e-24	5.79e-19	7.23e-15	1.34e-11	6.06e-09	6.46e-07	2.29e-05	5.09e-04	4.38e-02	3.27e-01	6.28e-01
 1.65582e+22	4.30e-24	7.98e-19	9.58e-15	1.71e-11	7.45e-09	7.66e-07	2.61e-05	5.57e-04	4.62e-02	3.34e-01	6.19e-01
 1.66563e+22	5.60e-24	1.01e-18	1.18e-14	2.04e-11	8.67e-09	8.68e-07	2.87e-05	5.95e-04	4.81e-02	3.38e-01	6.13e-01
 1.67565e+22	8.02e-24	1.39e-18	1.56e-14	2.60e-11	1.07e-08	1.03e-06	3.27e-05	6.51e-04	5.07e-02	3.45e-01	6.04e-01
 1.68560e+22	1.05e-23	1.78e-18	1.93e-14	3.13e-11	1.25e-08	1.17e-06	3.61e-05	6.97e-04	5.28e-02	3.50e-01	5.97e-01
 1.69546e+22	1.51e-23	2.46e-18	2.56e-14	3.99e-11	1.54e-08	1.39e-06	4.12e-05	7.63e-04	5.57e-02	3.56e-01	5.87e-01
 1.70548e+22	2.01e-23	3.17e-18	3.21e-14	4.84e-11	1.81e-08	1.60e-06	4.58e-05	8.20e-04	5.81e-02	3.61e-01	5.80e-01
 1.71573e+22	2.92e-23	4.44e-18	4.30e-14	6.23e-11	2.25e-08	1.91e-06	5.25e-05	9.01e-04	6.14e-02	3.68e-01	5.70e-01
 1.72603e+22	3.90e-23	5.75e-18	5.40e-14	7.57e-11	2.66e-08	2.20e-06	5.84e-05	9.69e-04	6.41e-02	3.73e-01	5.62e-01
 1.73642e+22	5.69e-23	8.07e-18	7.27e-14	9.79e-11	3.31e-08	2.64e-06	6.73e-05	1.07e-03	6.78e-02	3.80e-01	5.51e-01
 1.74688e+22	7.58e-23	1.04e-17	9.11e-14	1.19e-10	3.92e-08	3.03e-06	7.49e-05	1.15e-03	7.08e-02	3.85e-01	5.43e-01
 1.75596e+22	1.01e-22	1.35e-17	1.14e-13	1.44e-10	4.62e-08	3.48e-06	8.33e-05	1.23e-03	7.38e-02	3.90e-01	5.35e-01
 1.76628e+22	1.46e-22	1.88e-17	1.53e-13	1.85e-10	5.73e-08	4.17e-06	9.58e-05	1.36e-03	7.80e-02	3.97e-01	5.24e-01
 1.77648e+22	1.89e-22	2.37e-17	1.87e-13	2.21e-10	6.67e-08	4.74e-06	1.06e-04	1.45e-03	8.11e-02	4.02e-01	5.16e-01
 1.78655e+22	2.65e-22	3.22e-17	2.45e-13	2.79e-10	8.15e-08	5.60e-06	1.20e-04	1.58e-03	8.53e-02	4.08e-01	5.05e-01
 1.79691e+22	3.50e-22	4.13e-17	3.05e-13	3.37e-10	9.59e-08	6.42e-06	1.34e-04	1.70e-03	8.89e-02	4.12e-01	4.97e-01
 1.80767e+22	4.96e-22	5.65e-17	4.01e-13	4.27e-10	1.18e-07	7.63e-06	1.53e-04	1.87e-03	9.37e-02	4.18e-01	4.86e-01
 1.81864e+22	6.55e-22	7.25e-17	5.00e-13	5.17e-10	1.39e-07	8.76e-06	1.70e-04	2.01e-03	9.77e-02	4.23e-01	4.77e-01
 1.82984e+22	9.28e-22	9.94e-17	6.60e-13	6.57e-10	1.71e-07	1.04e-05	1.95e-04	2.20e-03	1.03e-01	4.29e-01	4.66e-01
 1.84126e+22	1.22e-21	1.27e-16	8.18e-13	7.91e-10	2.01e-07	1.20e-05	2.17e-04	2.37e-03	1.07e-01	4.34e-01	4.57e-01
 1.85301e+22	1.72e-21	1.73e-16	1.08e-12	1.01e-09	2.47e-07	1.42e-05	2.49e-04	2.60e-03	1.13e-01	4.39e-01	4.45e-01
 1.86495e+22	2.25e-21	2.21e-16	1.33e-12	1.21e-09	2.90e-07	1.63e-05	2.76e-04	2.79e-03	1.18e-01	4.43e-01	4.36e-01
 1.87715e+22	3.17e-21	3.01e-16	1.75e-12	1.53e-09	3.56e-07	1.94e-05	3.16e-04	3.06e-03	1.24e-01	4.48e-01	4.24e-01
 1.88943e+22	4.09e-21	3.79e-16	2.15e-12	1.83e-09	4.16e-07	2.21e-05	3.50e-04	3.28e-03	1.29e-01	4.52e-01	4.15e-01
 1.90181e+22	5.69e-21	5.11e-16	2.80e-12	2.30e-09	5.07e-07	2.62e-05	4.00e-04	3.59e-03	1.35e-01	4.57e-01	4.04e-01
 1.91382e+22	7.11e-21	6.25e-16	3.35e-12	2.69e-09	5.81e-07	2.93e-05	4.37e-04	3.81e-03	1.40e-01	4.60e-01	3.96e-01
 1.92536e+22	9.53e-21	8.15e-16	4.24e-12	3.30e-09	6.94e-07	3.41e-05	4.92e-04	4.13e-03	1.46e-01	4.64e-01	3.86e-01
 1.93717e+22	1.20e-20	1.00e-15	5.09e-12	3.86e-09	7.96e-07	3.83e-05	5.39e-04	4.39e-03	1.51e-01	4.67e-01	3.77e-01
 1.94933e+22	1.61e-20	1.31e-15	6.48e-12	4.77e-09	9.56e-07	4.48e-05	6.09e-04	4.77e-03	1.58e-01	4.70e-01	3.67e-01
 1.96165e+22	2.00e-20	1.60e-15	7.72e-12	5.55e-09	1.09e-06	5.01e-05	6.65e-04	5.06e-03	1.63e-01	4.72e-01	3.59e-01
 1.97416e+22	2.67e-20	2.07e-15	9.73e-12	6.79e-09	1.30e-06	5.81e-05	7.48e-04	5.48e-03	1.70e-01	4.75e-01	3.48e-01
 1.98657e+22	3.30e-20	2.52e-15	1.16e-11	7.89e-09	1.48e-06	6.49e-05	8.16e-04	5.81e-03	1.76e-01	4.77e-01	3.41e-01
 1.99886e+22	4.35e-20	3.24e-15	1.45e-11	9.59e-09	1.76e-06	7.50e-05	9.14e-04	6.27e-03	1.83e-01	4.79e-01	3.30e-01
 2.01127e+22	5.33e-20	3.89e-15	1.70e-11	1.11e-08	1.99e-06	8.33e-05	9.92e-04	6.63e-03	1.88e-01	4.81e-01	3.23e-01
 2.02384e+22	6.98e-20	4.97e-15	2.12e-11	1.34e-08	2.36e-06	9.60e-05	1.11e-03	7.14e-03	1.96e-01	4.83e-01	3.13e-01
 2.03665e+22	8.56e-20	5.99e-15	2.50e-11	1.55e-08	2.67e-06	1.07e-04	1.21e-03	7.55e-03	2.02e-01	4.84e-01	3.06e-01
 2.04977e+22	1.12e-19	7.66e-15	3.12e-11	1.87e-08	3.16e-06	1.23e-04	1.35e-03	8.14e-03	2.09e-01	4.85e-01	2.96e-01
 2.06314e+22	1.38e-19	9.23e-15	3.69e-11	2.17e-08	3.59e-06	1.37e-04	1.47e-03	8.61e-03	2.16e-01	4.86e-01	2.88e-01
 2.07681e+22	1.80e-19	1.18e-14	4.60e-11	2.63e-08	4.24e-06	1.58e-04	1.64e-03	9.28e-03	2.24e-01	4.86e-01	2.78e-01
 2.09074e+22	2.22e-19	1.43e-14	5.44e-11	3.04e-08	4.82e-06	1.76e-04	1.78e-03	9.82e-03	2.30e-01	4.87e-01	2.71e-01
 2.10500e+22	2.91e-19	1.82e-14	6.78e-11	3.69e-08	5.71e-06	2.03e-04	1.99e-03	1.06e-02	2.39e-01	4.87e-01	2.61e-01
 2.11893e+22	3.49e-19	2.16e-14	7.88e-11	4.21e-08	6.39e-06	2.23e-04	2.15e-03	1.11e-02	2.45e-01	4.87e-01	2.55e-01
 2.13245e+22	4.49e-19	2.72e-14	9.69e-11	5.04e-08	7.49e-06	2.55e-04	2.38e-03	1.19e-02	2.54e-01	4.86e-01	2.46e-01
 2.14618e+22	5.41e-19	3.22e-14	1.13e-10	5.74e-08	8.38e-06	2.80e-04	2.57e-03	1.25e-02	2.60e-01	4.85e-01	2.39e-01
 2.16018e+22	6.92e-19	4.03e-14	1.38e-10	6.85e-08	9.78e-06	3.19e-04	2.84e-03	1.34e-02	2.68e-01	4.84e-01	2.31e-01
 2.17462e+22	8.45e-19	4.83e-14	1.62e-10	7.90e-08	1.11e-05	3.54e-04	3.08e-03	1.41e-02	2.75e-01	4.83e-01	2.24e-01
 2.18962e+22	1.08e-18	6.07e-14	1.99e-10	9.43e-08	1.29e-05	4.03e-04	3.40e-03	1.51e-02	2.84e-01	4.81e-01	2.15e-01
 2.20512e+22	1.34e-18	7.35e-14	2.36e-10	1.10e-07	1.47e-05	4.49e-04	3.71e-03	1.60e-02	2.92e-01	4.80e-01	2.08e-01
 2.22125e+22	1.73e-18	9.32e-14	2.92e-10	1.32e-07	1.73e-05	5.14e-04	4.11e-03	1.71e-02	3.01e-01	4.77e-01	2.00e-01
 2.23782e+22	2.15e-18	1.14e-13	3.49e-10	1.54e-07	1.97e-05	5.74e-04	4.48e-03	1.81e-02	3.09e-01	4.75e-01	1.93e-01
 2.25497e+22	2.81e-18	1.45e-13	4.34e-10	1.86e-07	2.32e-05	6.59e-04	4.98e-03	1.94e-02	3.19e-01	4.71e-01	1.84e-01
 2.27267e+22	3.52e-18	1.78e-13	5.22e-10	2.18e-07	2.67e-05	7.39e-04	5.44e-03	2.05e-02	3.28e-01	4.68e-01	1.77e-01
 2.29111e+22	4.66e-18	2.30e-13	6.55e-10	2.66e-07	3.17e-05	8.52e-04	6.07e-03	2.20e-02	3.38e-01	4.64e-01	1.69e-01
 2.31006e+22	5.89e-18	2.84e-13	7.93e-10	3.14e-07	3.66e-05	9.60e-04	6.65e-03	2.34e-02	3.47e-01	4.60e-01	1.62e-01
 2.32710e+22	7.37e-18	3.49e-13	9.52e-10	3.68e-07	4.19e-05	1.07e-03	7.24e-03	2.47e-02	3.55e-01	4.56e-01	1.55e-01
 2.34668e+22	9.88e-18	4.56e-13	1.21e-09	4.54e-07	5.02e-05	1.25e-03	8.13e-03	2.66e-02	3.67e-01	4.51e-01	1.47e-01
 2.36637e+22	1.23e-17	5.59e-13	1.45e-09	5.31e-07	5.74e-05	1.39e-03	8.84e-03	2.81e-02	3.75e-01	4.46e-01	1.41e-01
 2.38622e+22	1.65e-17	7.27e-13	1.84e-09	6.52e-07	6.85e-05	1.61e-03	9.89e-03	3.01e-02	3.86e-01	4.39e-01	1.33e-01
 2.40649e+22	2.08e-17	8.99e-13	2.22e-09	7.69e-07	7.90e-05	1.82e-03	1.08e-02	3.19e-02	3.95e-01	4.34e-01	1.27e-01
 2.42731e+22	2.78e-17	1.18e-12	2.83e-09	9.49e-07	9.47e-05	2.11e-03	1.21e-02	3.43e-02	4.06e-01	4.26e-01	1.19e-01
 2.44845e+22	3.52e-17	1.46e-12	3.43e-09	1.12e-06	1.09e-04	2.38e-03	1.33e-02	3.63e-02	4.15e-01	4.20e-01	1.13e-01
 2.47002e+22	4.75e-17	1.92e-12	4.40e-09	1.39e-06	1.32e-04	2.78e-03	1.49e-02	3.91e-02	4.27e-01	4.11e-01	1.05e-01
 2.49169e+22	5.97e-17	2.37e-12	5.31e-09	1.64e-06	1.52e-04	3.12e-03	1.63e-02	4.13e-02	4.35e-01	4.04e-01	9.99e-02
 2.50967e+22	7.32e-17	2.86e-12	6.29e-09	1.90e-06	1.73e-04	3.47e-03	1.77e-02	4.34e-02	4.43e-01	3.98e-01	9.50e-02
 2.52924e+22	9.48e-17	3.64e-12	7.83e-09	2.30e-06	2.04e-04	3.99e-03	1.96e-02	4.64e-02	4.53e-01	3.88e-01	8.87e-02
 2.54873e+22	1.15e-16	4.36e-12	9.21e-09	2.65e-06	2.31e-04	4.42e-03	2.12e-02	4.86e-02	4.60e-01	3.81e-01	8.43e-02
 2.56812e+22	1.47e-16	5.49e-12	1.14e-08	3.19e-06	2.71e-04	5.06e-03	2.35e-02	5.18e-02	4.69e-01	3.72e-01	7.85e-02
 2.58776e+22	1.79e-16	6.57e-12	1.34e-08	3.68e-06	3.07e-04	5.62e-03	2.54e-02	5.44e-02	4.76e-01	3.64e-01	7.42e-02
 2.60773e+22	2.28e-16	8.25e-12	1.65e-08	4.44e-06	3.62e-04	6.45e-03	2.83e-02	5.80e-02	4.85e-01	3.53e-01	6.86e-02
 2.62795e+22	2.76e-16	9.86e-12	1.95e-08	5.12e-06	4.10e-04	7.16e-03	3.06e-02	6.09e-02	4.91e-01	3.45e-01	6.46e-02
 2.64849e+22	3.49e-16	1.23e-11	2.40e-08	6.15e-06	4.83e-04	8.22e-03	3.40e-02	6.49e-02	4.99e-01	3.33e-01	5.94e-02
 2.66943e+22	4.20e-16	1.47e-11	2.82e-08	7.12e-06	5.50e-04	9.17e-03	3.69e-02	6.83e-02	5.05e-01	3.24e-01	5.55e-02
 2.69088e+22	5.27e-16	1.83e-11	3.47e-08	8.56e-06	6.48e-04	1.06e-02	4.11e-02	7.29e-02	5.13e-01	3.12e-01	5.06e-02
 2.71276e+22	6.29e-16	2.18e-11	4.08e-08	9.90e-06	7.39e-04	1.18e-02	4.47e-02	7.67e-02	5.18e-01	3.01e-01	4.69e-02
 2.73519e+22	7.79e-16	2.69e-11	5.00e-08	1.19e-05	8.73e-04	1.36e-02	4.98e-02	8.19e-02	5.24e-01	2.88e-01	4.23e-02
 2.75781e+22	9.14e-16	3.16e-11	5.84e-08	1.37e-05	9.91e-04	1.52e-02	5.41e-02	8.60e-02	5.28e-01	2.77e-01	3.90e-02
 2.77682e+22	1.05e-15	3.63e-11	6.69e-08	1.55e-05	1.11e-03	1.68e-02	5.83e-02	9.00e-02	5.30e-01	2.67e-01	3.61e-02
 2.79742e+22	1.23e-15	4.29e-11	7.90e-08	1.81e-05	1.28e-03	1.90e-02	6.40e-02	9.52e-02	5.33e-01	2.55e-01	3.26e-02
 2.81819e+22	1.39e-15	4.87e-11	8.98e-08	2.04e-05	1.43e-03	2.09e-02	6.89e-02	9.94e-02	5.35e-01	2.45e-01	3.00e-02
 2.83851e+22	1.58e-15	5.62e-11	1.04e-07	2.34e-05	1.63e-03	2.34e-02	7.50e-02	1.05e-01	5.36e-01	2.33e-01	2.71e-02
 2.85925e+22	1.76e-15	6.32e-11	1.18e-07	2.63e-05	1.82e-03	2.58e-02	8.07e-02	1.09e-01	5.36e-01	2.22e-01	2.48e-02
 2.87956e+22	1.94e-15	7.12e-11	1.34e-07	2.98e-05	2.05e-03	2.86e-02	8.72e-02	1.14e-01	5.35e-01	2.11e-01	2.23e-02
 2.90031e+22	2.12e-15	7.92e-11	1.51e-07	3.34e-05	2.29e-03	3.15e-02	9.36e-02	1.19e-01	5.33e-01	2.00e-01	2.02e-02
 2.92081e+22	2.29e-15	8.77e-11	1.69e-07	3.74e-05	2.56e-03	3.47e-02	1.01e-01	1.25e-01	5.30e-01	1.89e-01	1.82e-02
 2.94142e+22	2.45e-15	9.61e-11	1.89e-07	4.17e-05	2.85e-03	3.81e-02	1.08e-01	1.30e-01	5.26e-01	1.79e-01	1.64e-02
 2.96179e+22	2.59e-15	1.05e-10	2.09e-07	4.64e-05	3.16e-03	4.17e-02	1.15e-01	1.35e-01	5.22e-01	1.69e-01	1.48e-02
 2.98211e+22	2.72e-15	1.13e-10	2.31e-07	5.14e-05	3.49e-03	4.55e-02	1.22e-01	1.40e-01	5.17e-01	1.59e-01	1.33e-02
 3.00247e+22	2.83e-15	1.22e-10	2.55e-07	5.69e-05	3.86e-03	4.95e-02	1.30e-01	1.45e-01	5.11e-01	1.50e-01	1.19e-02
 3.02290e+22	2.93e-15	1.31e-10	2.81e-07	6.29e-05	4.26e-03	5.38e-02	1.37e-01	1.49e-01	5.04e-01	1.41e-01	1.07e-02
 3.04345e+22	3.02e-15	1.41e-10	3.09e-07	6.95e-05	4.69e-03	5.84e-02	1.45e-01	1.54e-01	4.96e-01	1.32e-01	9.52e-03
 3.06418e+22	3.10e-15	1.51e-10	3.40e-07	7.68e-05	5.17e-03	6.33e-02	1.53e-01	1.59e-01	4.88e-01	1.24e-01	8.49e-03
 3.08514e+22	3.18e-15	1.61e-10	3.74e-07	8.51e-05	5.70e-03	6.85e-02	1.61e-01	1.63e-01	4.78e-01	1.16e-01	7.55e-03
 3.10621e+22	3.25e-15	1.72e-10	4.11e-07	9.42e-05	6.27e-03	7.40e-02	1.69e-01	1.68e-01	4.69e-01	1.08e-01	6.71e-03
 3.12762e+22	3.31e-15	1.85e-10	4.55e-07	1.05e-04	6.93e-03	7.99e-02	1.77e-01	1.72e-01	4.58e-01	1.00e-01	5.93e-03
 3.14926e+22	3.38e-15	1.98e-10	5.03e-07	1.16e-04	7.63e-03	8.61e-02	1.85e-01	1.76e-01	4.47e-01	9.30e-02	5.24e-03
 3.17133e+22	3.46e-15	2.13e-10	5.59e-07	1.30e-04	8.44e-03	9.30e-02	1.93e-01	1.80e-01	4.35e-01	8.59e-02	4.60e-03
 3.19380e+22	3.55e-15	2.30e-10	6.23e-07	1.45e-04	9.33e-03	1.00e-01	2.01e-01	1.83e-01	4.22e-01	7.94e-02	4.05e-03
 3.21440e+22	3.63e-15	2.46e-10	6.85e-07	1.60e-04	1.01e-02	1.06e-01	2.08e-01	1.86e-01	4.12e-01	7.41e-02	3.62e-03
 3.23592e+22	3.74e-15	2.68e-10	7.73e-07	1.81e-04	1.13e-02	1.15e-01	2.16e-01	1.89e-01	3.98e-01	6.78e-02	3.14e-03
 3.25774e+22	3.88e-15	2.90e-10	8.56e-07	2.01e-04	1.23e-02	1.22e-01	2.23e-01	1.91e-01	3.86e-01	6.31e-02	2.80e-03
 3.28014e+22	4.07e-15	3.22e-10	9.81e-07	2.29e-04	1.37e-02	1.32e-01	2.31e-01	1.93e-01	3.71e-01	5.73e-02	2.41e-03
 3.30259e+22	4.24e-15	3.51e-10	1.09e-06	2.54e-04	1.50e-02	1.39e-01	2.37e-01	1.94e-01	3.59e-01	5.32e-02	2.14e-03
 3.32510e+22	4.49e-15	3.92e-10	1.26e-06	2.92e-04	1.67e-02	1.50e-01	2.44e-01	1.96e-01	3.43e-01	4.81e-02	1.84e-03
 3.34771e+22	4.77e-15	4.32e-10	1.41e-06	3.25e-04	1.82e-02	1.58e-01	2.50e-01	1.96e-01	3.31e-01	4.45e-02	1.63e-03
 3.37044e+22	5.14e-15	4.90e-10	1.64e-06	3.74e-04	2.02e-02	1.70e-01	2.56e-01	1.97e-01	3.15e-01	4.01e-02	1.39e-03
 3.39343e+22	5.52e-15	5.46e-10	1.86e-06	4.18e-04	2.20e-02	1.79e-01	2.61e-01	1.96e-01	3.03e-01	3.70e-02	1.23e-03
 3.41673e+22	6.08e-15	6.29e-10	2.18e-06	4.83e-04	2.46e-02	1.91e-01	2.67e-01	1.96e-01	2.87e-01	3.31e-02	1.04e-03
 3.44037e+22	6.65e-15	7.10e-10	2.48e-06	5.42e-04	2.68e-02	2.01e-01	2.71e-01	1.95e-01	2.74e-01	3.03e-02	9.16e-04
 3.46442e+22	7.49e-15	8.32e-10	2.95e-06	6.30e-04	2.99e-02	2.15e-01	2.76e-01	1.93e-01	2.58e-01	2.70e-02	7.71e-04
 3.48893e+22	8.36e-15	9.52e-10	3.39e-06	7.10e-04	3.26e-02	2.26e-01	2.79e-01	1.91e-01	2.45e-01	2.46e-02	6.72e-04
 3.51403e+22	9.69e-15	1.14e-09	4.07e-06	8.30e-04	3.64e-02	2.41e-01	2.83e-01	1.88e-01	2.29e-01	2.17e-02	5.59e-04
 3.53972e+22	1.11e-14	1.32e-09	4.73e-06	9.41e-04	3.98e-02	2.53e-01	2.85e-01	1.85e-01	2.17e-01	1.96e-02	4.83e-04
 3.56618e+22	1.32e-14	1.62e-09	5.76e-06	1.11e-03	4.45e-02	2.69e-01	2.87e-01	1.81e-01	2.00e-01	1.70e-02	3.96e-04
 3.59307e+22	1.55e-14	1.91e-09	6.73e-06	1.26e-03	4.86e-02	2.81e-01	2.88e-01	1.77e-01	1.88e-01	1.53e-02	3.40e-04
 3.61588e+22	1.79e-14	2.22e-09	7.78e-06	1.41e-03	5.25e-02	2.93e-01	2.89e-01	1.73e-01	1.78e-01	1.38e-02	2.94e-04
 3.64089e+22	2.19e-14	2.72e-09	9.38e-06	1.64e-03	5.81e-02	3.08e-01	2.89e-01	1.68e-01	1.64e-01	1.21e-02	2.43e-04
 3.66497e+22	2.53e-14	3.14e-09	1.07e-05	1.82e-03	6.21e-02	3.18e-01	2.88e-01	1.64e-01	1.55e-01	1.10e-02	2.13e-04
 3.68784e+22	3.07e-14	3.80e-09	1.27e-05	2.08e-03	6.79e-02	3.32e-01	2.87e-01	1.59e-01	1.43e-01	9.65e-03	1.78e-04
 3.71097e+22	3.61e-14	4.42e-09	1.45e-05	2.30e-03	7.25e-02	3.42e-01	2.85e-01	1.54e-01	1.35e-01	8.74e-03	1.55e-04
 3.73443e+22	4.46e-14	5.39e-09	1.73e-05	2.63e-03	7.90e-02	3.55e-01	2.83e-01	1.48e-01	1.24e-01	7.65e-03	1.29e-04
 3.75825e+22	5.31e-14	6.31e-09	1.98e-05	2.91e-03	8.43e-02	3.66e-01	2.80e-01	1.44e-01	1.16e-01	6.89e-03	1.12e-04
 3.78253e+22	6.68e-14	7.78e-09	2.37e-05	3.34e-03	9.17e-02	3.79e-01	2.76e-01	1.37e-01	1.07e-01	5.98e-03	9.20e-05
 3.80715e+22	8.03e-14	9.16e-09	2.71e-05	3.69e-03	9.77e-02	3.89e-01	2.73e-01	1.32e-01	9.93e-02	5.36e-03	7.93e-05
 3.83218e+22	1.03e-13	1.14e-08	3.26e-05	4.23e-03	1.06e-01	4.01e-01	2.68e-01	1.26e-01	9.03e-02	4.61e-03	6.47e-05
 3.85772e+22	1.25e-13	1.35e-08	3.75e-05	4.69e-03	1.13e-01	4.11e-01	2.63e-01	1.21e-01	8.37e-02	4.10e-03	5.52e-05
 3.88392e+22	1.63e-13	1.70e-08	4.52e-05	5.37e-03	1.22e-01	4.22e-01	2.57e-01	1.14e-01	7.54e-02	3.49e-03	4.45e-05
 3.91069e+22	2.01e-13	2.03e-08	5.23e-05	5.96e-03	1.30e-01	4.31e-01	2.52e-01	1.08e-01	6.94e-02	3.08e-03	3.76e-05
 3.93818e+22	2.65e-13	2.57e-08	6.34e-05	6.84e-03	1.41e-01	4.42e-01	2.44e-01	1.02e-01	6.20e-02	2.60e-03	2.99e-05
 3.96635e+22	3.32e-13	3.11e-08	7.37e-05	7.61e-03	1.50e-01	4.50e-01	2.38e-01	9.62e-02	5.65e-02	2.26e-03	2.49e-05
 3.99540e+22	4.47e-13	3.98e-08	8.97e-05	8.73e-03	1.62e-01	4.59e-01	2.29e-01	8.93e-02	5.00e-02	1.89e-03	1.96e-05
 4.02473e+22	5.61e-13	4.81e-08	1.04e-04	9.68e-03	1.72e-01	4.65e-01	2.22e-01	8.41e-02	4.55e-02	1.64e-03	1.63e-05
 4.05445e+22	7.62e-13	6.19e-08	1.27e-04	1.11e-02	1.85e-01	4.72e-01	2.13e-01	7.75e-02	3.99e-02	1.35e-03	1.26e-05
 4.08445e+22	9.59e-13	7.47e-08	1.47e-04	1.23e-02	1.95e-01	4.77e-01	2.06e-01	7.27e-02	3.61e-02	1.17e-03	1.04e-05
 4.11482e+22	1.31e-12	9.64e-08	1.79e-04	1.40e-02	2.10e-01	4.82e-01	1.95e-01	6.66e-02	3.15e-02	9.56e-04	8.01e-06
 4.14442e+22	1.63e-12	1.15e-07	2.05e-04	1.54e-02	2.20e-01	4.84e-01	1.88e-01	6.24e-02	2.86e-02	8.30e-04	6.66e-06
 4.17302e+22	2.16e-12	1.44e-07	2.44e-04	1.73e-02	2.34e-01	4.86e-01	1.79e-01	5.74e-02	2.51e-02	6.90e-04	5.23e-06
 4.20315e+22	2.77e-12	1.76e-07	2.84e-04	1.91e-02	2.46e-01	4.87e-01	1.71e-01	5.31e-02	2.24e-02	5.85e-04	4.22e-06
 4.22863e+22	3.39e-12	2.08e-07	3.21e-04	2.08e-02	2.56e-01	4.88e-01	1.65e-01	4.98e-02	2.04e-02	5.10e-04	3.53e-06
 4.25511e+22	4.36e-12	2.54e-07	3.74e-04	2.29e-02	2.69e-01	4.87e-01	1.57e-01	4.59e-02	1.80e-02	4.30e-04	2.83e-06
 4.28251e+22	5.43e-12	3.03e-07	4.27e-04	2.50e-02	2.80e-01	4.86e-01	1.50e-01	4.27e-02	1.62e-02	3.70e-04	2.33e-06
 4.30721e+22	6.69e-12	3.58e-07	4.84e-04	2.71e-02	2.91e-01	4.84e-01	1.43e-01	3.98e-02	1.46e-02	3.19e-04	1.93e-06
 4.33543e+22	8.70e-12	4.41e-07	5.66e-04	3.00e-02	3.05e-01	4.81e-01	1.35e-01	3.63e-02	1.28e-02	2.65e-04	1.52e-06
 4.36466e+22	1.10e-11	5.32e-07	6.51e-04	3.28e-02	3.17e-01	4.77e-01	1.28e-01	3.35e-02	1.14e-02	2.24e-04	1.22e-06
 4.39067e+22	1.36e-11	6.30e-07	7.38e-04	3.55e-02	3.28e-01	4.73e-01	1.21e-01	3.10e-02	1.02e-02	1.92e-04	1.00e-06
 4.41995e+22	1.78e-11	7.77e-07	8.61e-04	3.91e-02	3.42e-01	4.67e-01	1.14e-01	2.81e-02	8.88e-03	1.58e-04	7.82e-07
 4.45059e+22	2.27e-11	9.42e-07	9.93e-04	4.28e-02	3.55e-01	4.61e-01	1.07e-01	2.57e-02	7.79e-03	1.32e-04	6.20e-07
 4.47831e+22	2.84e-11	1.12e-06	1.13e-03	4.63e-02	3.67e-01	4.54e-01	1.01e-01	2.36e-02	6.92e-03	1.12e-04	5.01e-07
 4.50962e+22	3.75e-11	1.40e-06	1.33e-03	5.11e-02	3.81e-01	4.46e-01	9.35e-02	2.12e-02	5.94e-03	9.04e-05	3.82e-07
 4.54191e+22	4.81e-11	1.70e-06	1.53e-03	5.57e-02	3.94e-01	4.37e-01	8.71e-02	1.92e-02	5.17e-03	7.46e-05	2.99e-07
 4.57063e+22	6.03e-11	2.02e-06	1.74e-03	6.02e-02	4.06e-01	4.29e-01	8.16e-02	1.75e-02	4.55e-03	6.25e-05	2.39e-07
 4.60314e+22	7.99e-11	2.52e-06	2.04e-03	6.63e-02	4.20e-01	4.18e-01	7.50e-02	1.56e-02	3.86e-03	5.00e-05	1.80e-07
 4.63689e+22	1.03e-10	3.08e-06	2.36e-03	7.22e-02	4.32e-01	4.07e-01	6.93e-02	1.40e-02	3.32e-03	4.07e-05	1.38e-07
 4.66719e+22	1.30e-10	3.69e-06	2.68e-03	7.79e-02	4.43e-01	3.97e-01	6.44e-02	1.27e-02	2.90e-03	3.37e-05	0.00e+00
 4.70154e+22	1.74e-10	4.63e-06	3.15e-03	8.57e-02	4.56e-01	3.83e-01	5.85e-02	1.11e-02	2.43e-03	2.64e-05	0.00e+00
 4.73721e+22	2.27e-10	5.67e-06	3.65e-03	9.31e-02	4.67e-01	3.71e-01	5.36e-02	9.92e-03	2.07e-03	2.12e-05	0.00e+00
 4.76917e+22	2.89e-10	6.83e-06	4.16e-03	1.00e-01	4.77e-01	3.59e-01	4.93e-02	8.89e-03	1.78e-03	1.73e-05	0.00e+00
 4.80529e+22	3.92e-10	8.65e-06	4.92e-03	1.10e-01	4.88e-01	3.43e-01	4.42e-02	7.72e-03	1.46e-03	1.33e-05	0.00e+00
 4.84214e+22	5.08e-10	1.05e-05	5.66e-03	1.19e-01	4.97e-01	3.29e-01	4.02e-02	6.84e-03	1.24e-03	1.06e-05	0.00e+00
 4.87997e+22	6.94e-10	1.34e-05	6.70e-03	1.31e-01	5.07e-01	3.13e-01	3.57e-02	5.88e-03	1.01e-03	8.00e-06	0.00e+00
 4.91816e+22	8.97e-10	1.63e-05	7.69e-03	1.41e-01	5.14e-01	2.99e-01	3.22e-02	5.19e-03	8.46e-04	6.33e-06	0.00e+00
 4.95683e+22	1.24e-09	2.08e-05	9.11e-03	1.54e-01	5.22e-01	2.81e-01	2.83e-02	4.42e-03	6.79e-04	4.71e-06	0.00e+00
 4.99584e+22	1.59e-09	2.53e-05	1.04e-02	1.66e-01	5.27e-01	2.68e-01	2.55e-02	3.88e-03	5.68e-04	3.71e-06	0.00e+00
 5.03529e+22	2.20e-09	3.23e-05	1.23e-02	1.81e-01	5.31e-01	2.50e-01	2.22e-02	3.28e-03	4.51e-04	2.72e-06	0.00e+00
 5.07520e+22	2.84e-09	3.91e-05	1.41e-02	1.93e-01	5.33e-01	2.36e-01	1.98e-02	2.87e-03	3.75e-04	2.13e-06	0.00e+00
 5.11571e+22	3.94e-09	5.01e-05	1.67e-02	2.10e-01	5.35e-01	2.19e-01	1.71e-02	2.40e-03	2.94e-04	1.54e-06	0.00e+00
 5.15670e+22	5.09e-09	6.07e-05	1.90e-02	2.24e-01	5.34e-01	2.05e-01	1.51e-02	2.08e-03	2.42e-04	1.19e-06	0.00e+00
 5.19831e+22	7.07e-09	7.76e-05	2.25e-02	2.42e-01	5.32e-01	1.88e-01	1.29e-02	1.73e-03	1.87e-04	8.46e-07	0.00e+00
 5.23905e+22	8.98e-09	9.28e-05	2.53e-02	2.56e-01	5.29e-01	1.76e-01	1.15e-02	1.50e-03	1.55e-04	6.58e-07	0.00e+00
 5.27864e+22	1.22e-08	1.17e-04	2.95e-02	2.75e-01	5.23e-01	1.61e-01	9.79e-03	1.25e-03	1.21e-04	4.73e-07	0.00e+00
 5.31693e+22	1.52e-08	1.37e-04	3.28e-02	2.88e-01	5.18e-01	1.51e-01	8.74e-03	1.10e-03	1.01e-04	3.74e-07	0.00e+00
 5.35352e+22	1.99e-08	1.68e-04	3.76e-02	3.05e-01	5.10e-01	1.39e-01	7.54e-03	9.26e-04	8.02e-05	2.76e-07	0.00e+00
 5.39070e+22	2.49e-08	1.98e-04	4.19e-02	3.19e-01	5.03e-01	1.29e-01	6.66e-03	8.04e-04	6.62e-05	2.15e-07	0.00e+00
 5.42355e+22	3.09e-08	2.32e-04	4.65e-02	3.33e-01	4.94e-01	1.20e-01	5.89e-03	6.99e-04	5.48e-05	1.68e-07	0.00e+00
 5.46119e+22	4.06e-08	2.84e-04	5.29e-02	3.50e-01	4.82e-01	1.09e-01	5.03e-03	5.84e-04	4.29e-05	1.22e-07	0.00e+00
 5.49941e+22	5.07e-08	3.34e-04	5.88e-02	3.64e-01	4.71e-01	1.00e-01	4.40e-03	5.02e-04	3.50e-05	0.00e+00	0.00e+00
 5.53840e+22	6.69e-08	4.09e-04	6.70e-02	3.82e-01	4.57e-01	8.99e-02	3.71e-03	4.14e-04	2.70e-05	0.00e+00	0.00e+00
 5.57773e+22	8.32e-08	4.79e-04	7.41e-02	3.95e-01	4.44e-01	8.23e-02	3.24e-03	3.54e-04	2.19e-05	0.00e+00	0.00e+00
 5.61748e+22	1.11e-07	5.89e-04	8.44e-02	4.13e-01	4.26e-01	7.30e-02	2.69e-03	2.88e-04	1.66e-05	0.00e+00	0.00e+00
 5.65727e+22	1.37e-07	6.86e-04	9.29e-02	4.25e-01	4.12e-01	6.65e-02	2.34e-03	2.45e-04	1.34e-05	0.00e+00	0.00e+00
 5.68924e+22	1.64e-07	7.82e-04	1.01e-01	4.35e-01	4.00e-01	6.12e-02	2.06e-03	2.13e-04	1.11e-05	0.00e+00	0.00e+00
 5.72293e+22	2.05e-07	9.17e-04	1.11e-01	4.47e-01	3.84e-01	5.51e-02	1.77e-03	1.79e-04	8.83e-06	0.00e+00	0.00e+00
 5.75710e+22	2.46e-07	1.04e-03	1.20e-01	4.56e-01	3.70e-01	5.04e-02	1.55e-03	1.54e-04	7.27e-06	0.00e+00	0.00e+00
 5.78717e+22	2.93e-07	1.18e-03	1.30e-01	4.64e-01	3.57e-01	4.61e-02	1.36e-03	1.34e-04	6.00e-06	0.00e+00	0.00e+00
 5.82150e+22	3.64e-07	1.38e-03	1.43e-01	4.74e-01	3.40e-01	4.11e-02	1.16e-03	1.11e-04	4.71e-06	0.00e+00	0.00e+00
 5.85626e+22	4.36e-07	1.57e-03	1.54e-01	4.81e-01	3.25e-01	3.73e-02	1.01e-03	9.49e-05	3.84e-06	0.00e+00	0.00e+00
 5.88672e+22	5.19e-07	1.77e-03	1.66e-01	4.87e-01	3.11e-01	3.39e-02	8.82e-04	8.14e-05	3.14e-06	0.00e+00	0.00e+00
 5.92147e+22	6.46e-07	2.07e-03	1.81e-01	4.93e-01	2.93e-01	2.98e-02	7.40e-04	6.67e-05	2.42e-06	0.00e+00	0.00e+00
 5.95650e+22	7.64e-07	2.33e-03	1.94e-01	4.97e-01	2.79e-01	2.69e-02	6.45e-04	5.69e-05	1.98e-06	0.00e+00	0.00e+00
 5.99189e+22	9.44e-07	2.70e-03	2.11e-01	5.01e-01	2.61e-01	2.36e-02	5.39e-04	4.64e-05	1.52e-06	0.00e+00	0.00e+00
 6.02784e+22	1.13e-06	3.05e-03	2.26e-01	5.03e-01	2.46e-01	2.10e-02	4.62e-04	3.89e-05	1.21e-06	0.00e+00	0.00e+00
 6.05951e+22	1.33e-06	3.42e-03	2.41e-01	5.03e-01	2.33e-01	1.88e-02	3.99e-04	3.28e-05	9.77e-07	0.00e+00	0.00e+00
 6.09568e+22	1.64e-06	3.94e-03	2.61e-01	5.03e-01	2.16e-01	1.63e-02	3.30e-04	2.64e-05	7.41e-07	0.00e+00	0.00e+00
 6.13262e+22	1.95e-06	4.43e-03	2.79e-01	5.01e-01	2.02e-01	1.44e-02	2.81e-04	2.19e-05	5.85e-07	0.00e+00	0.00e+00
 6.17058e+22	2.39e-06	5.10e-03	3.00e-01	4.97e-01	1.85e-01	1.23e-02	2.30e-04	1.74e-05	4.38e-07	0.00e+00	0.00e+00
 6.20928e+22	2.87e-06	5.76e-03	3.20e-01	4.92e-01	1.71e-01	1.07e-02	1.92e-04	1.41e-05	3.37e-07	0.00e+00	0.00e+00
 6.24301e+22	3.37e-06	6.43e-03	3.39e-01	4.86e-01	1.59e-01	9.38e-03	1.63e-04	1.16e-05	2.65e-07	0.00e+00	0.00e+00
 6.28093e+22	4.12e-06	7.35e-03	3.63e-01	4.78e-01	1.44e-01	7.92e-03	1.32e-04	9.06e-06	1.95e-07	0.00e+00	0.00e+00
 6.32026e+22	4.90e-06	8.24e-03	3.84e-01	4.69e-01	1.32e-01	6.82e-03	1.10e-04	7.28e-06	1.49e-07	0.00e+00	0.00e+00
 6.36145e+22	6.08e-06	9.50e-03	4.12e-01	4.56e-01	1.17e-01	5.60e-03	8.62e-05	5.48e-06	0.00e+00	0.00e+00	0.00e+00
 6.40272e+22	7.16e-06	1.06e-02	4.33e-01	4.45e-01	1.06e-01	4.80e-03	7.14e-05	4.38e-06	0.00e+00	0.00e+00	0.00e+00
 6.44412e+22	8.78e-06	1.21e-02	4.60e-01	4.30e-01	9.39e-02	3.92e-03	5.60e-05	3.28e-06	0.00e+00	0.00e+00	0.00e+00
 6.48672e+22	1.04e-05	1.35e-02	4.84e-01	4.16e-01	8.40e-02	3.29e-03	4.54e-05	2.55e-06	0.00e+00	0.00e+00	0.00e+00
 6.51917e+22	1.18e-05	1.46e-02	5.00e-01	4.05e-01	7.75e-02	2.90e-03	3.90e-05	2.13e-06	0.00e+00	0.00e+00	0.00e+00
 6.54964e+22	1.36e-05	1.59e-02	5.20e-01	3.92e-01	7.02e-02	2.48e-03	3.25e-05	1.71e-06	0.00e+00	0.00e+00	0.00e+00
 6.58104e+22	1.53e-05	1.72e-02	5.36e-01	3.80e-01	6.43e-02	2.17e-03	2.77e-05	1.41e-06	0.00e+00	0.00e+00	0.00e+00
 6.61365e+22	1.78e-05	1.88e-02	5.57e-01	3.65e-01	5.75e-02	1.83e-03	2.27e-05	1.11e-06	0.00e+00	0.00e+00	0.00e+00
 6.64654e+22	2.01e-05	2.03e-02	5.73e-01	3.53e-01	5.24e-02	1.59e-03	1.92e-05	9.06e-07	0.00e+00	0.00e+00	0.00e+00
 6.67977e+22	2.33e-05	2.23e-02	5.93e-01	3.37e-01	4.64e-02	1.32e-03	1.56e-05	7.02e-07	0.00e+00	0.00e+00	0.00e+00
 6.71330e+22	2.63e-05	2.40e-02	6.09e-01	3.24e-01	4.19e-02	1.14e-03	1.31e-05	5.68e-07	0.00e+00	0.00e+00	0.00e+00
 6.74722e+22	3.04e-05	2.62e-02	6.28e-01	3.08e-01	3.70e-02	9.47e-04	1.06e-05	4.38e-07	0.00e+00	0.00e+00	0.00e+00
 6.78196e+22	3.45e-05	2.82e-02	6.44e-01	2.94e-01	3.31e-02	8.03e-04	8.74e-06	3.48e-07	0.00e+00	0.00e+00	0.00e+00
 6.81287e+22	3.88e-05	3.02e-02	6.59e-01	2.81e-01	2.96e-02	6.86e-04	7.30e-06	2.79e-07	0.00e+00	0.00e+00	0.00e+00
 6.84815e+22	4.48e-05	3.29e-02	6.77e-01	2.64e-01	2.58e-02	5.62e-04	5.80e-06	2.11e-07	0.00e+00	0.00e+00	0.00e+00
 6.88452e+22	5.08e-05	3.54e-02	6.91e-01	2.50e-01	2.28e-02	4.71e-04	4.75e-06	1.65e-07	0.00e+00	0.00e+00	0.00e+00
 6.92229e+22	5.93e-05	3.88e-02	7.08e-01	2.33e-01	1.94e-02	3.77e-04	3.68e-06	0.00e+00	0.00e+00	0.00e+00	0.00e+00
 6.96035e+22	6.72e-05	4.17e-02	7.21e-01	2.19e-01	1.70e-02	3.13e-04	2.98e-06	0.00e+00	0.00e+00	0.00e+00	0.00e+00
 6.99879e+22	7.81e-05	4.54e-02	7.37e-01	2.03e-01	1.45e-02	2.50e-04	2.30e-06	0.00e+00	0.00e+00	0.00e+00	0.00e+00
 7.03849e+22	8.89e-05	4.88e-02	7.49e-01	1.90e-01	1.25e-02	2.04e-04	1.83e-06	0.00e+00	0.00e+00	0.00e+00	0.00e+00
 7.07984e+22	1.04e-04	5.34e-02	7.62e-01	1.74e-01	1.04e-02	1.58e-04	1.37e-06	0.00e+00	0.00e+00	0.00e+00	0.00e+00
 7.12128e+22	1.19e-04	5.73e-02	7.72e-01	1.61e-01	8.93e-03	1.29e-04	1.08e-06	0.00e+00	0.00e+00	0.00e+00	0.00e+00
 7.16284e+22	1.39e-04	6.25e-02	7.83e-01	1.47e-01	7.35e-03	9.94e-05	8.05e-07	0.00e+00	0.00e+00	0.00e+00	0.00e+00
 7.20497e+22	1.57e-04	6.69e-02	7.91e-01	1.35e-01	6.28e-03	8.06e-05	6.34e-07	0.00e+00	0.00e+00	0.00e+00	0.00e+00
 7.24785e+22	1.84e-04	7.27e-02	8.00e-01	1.22e-01	5.14e-03	6.19e-05	4.68e-07	0.00e+00	0.00e+00	0.00e+00	0.00e+00
 7.29215e+22	2.10e-04	7.82e-02	8.06e-01	1.12e-01	4.30e-03	4.90e-05	3.58e-07	0.00e+00	0.00e+00	0.00e+00	0.00e+00
 7.33832e+22	2.49e-04	8.55e-02	8.12e-01	9.90e-02	3.42e-03	3.64e-05	2.54e-07	0.00e+00	0.00e+00	0.00e+00	0.00e+00
 7.38449e+22	2.84e-04	9.16e-02	8.15e-01	9.02e-02	2.86e-03	2.89e-05	1.95e-07	0.00e+00	0.00e+00	0.00e+00	0.00e+00
 7.43064e+22	3.36e-04	9.98e-02	8.18e-01	7.95e-02	2.26e-03	2.14e-05	1.38e-07	0.00e+00	0.00e+00	0.00e+00	0.00e+00
 7.47830e+22	3.85e-04	1.07e-01	8.19e-01	7.15e-02	1.86e-03	1.67e-05	0.00e+00	0.00e+00	0.00e+00	0.00e+00	0.00e+00
 7.52790e+22	4.61e-04	1.17e-01	8.19e-01	6.20e-02	1.43e-03	1.20e-05	0.00e+00	0.00e+00	0.00e+00	0.00e+00	0.00e+00
 7.57861e+22	5.31e-04	1.26e-01	8.17e-01	5.52e-02	1.16e-03	9.28e-06	0.00e+00	0.00e+00	0.00e+00	0.00e+00	0.00e+00
 7.63077e+22	6.41e-04	1.38e-01	8.13e-01	4.70e-02	8.76e-04	6.53e-06	0.00e+00	0.00e+00	0.00e+00	0.00e+00	0.00e+00
 7.68462e+22	7.47e-04	1.49e-01	8.08e-01	4.12e-02	6.96e-04	4.91e-06	0.00e+00	0.00e+00	0.00e+00	0.00e+00	0.00e+00
 7.74067e+22	9.14e-04	1.64e-01	8.00e-01	3.43e-02	5.10e-04	3.35e-06	0.00e+00	0.00e+00	0.00e+00	0.00e+00	0.00e+00
 7.79894e+22	1.08e-03	1.78e-01	7.91e-01	2.93e-02	3.93e-04	2.43e-06	0.00e+00	0.00e+00	0.00e+00	0.00e+00	0.00e+00
 7.85999e+22	1.35e-03	1.97e-01	7.77e-01	2.37e-02	2.77e-04	1.58e-06	0.00e+00	0.00e+00	0.00e+00	0.00e+00	0.00e+00
 7.92240e+22	1.62e-03	2.15e-01	7.64e-01	1.98e-02	2.09e-04	1.11e-06	0.00e+00	0.00e+00	0.00e+00	0.00e+00	0.00e+00
 7.97099e+22	1.86e-03	2.28e-01	7.52e-01	1.72e-02	1.69e-04	8.54e-07	0.00e+00	0.00e+00	0.00e+00	0.00e+00	0.00e+00
 8.01843e+22	2.22e-03	2.46e-01	7.37e-01	1.42e-02	1.27e-04	5.99e-07	0.00e+00	0.00e+00	0.00e+00	0.00e+00	0.00e+00
 8.06685e+22	2.58e-03	2.63e-01	7.22e-01	1.21e-02	1.00e-04	4.44e-07	0.00e+00	0.00e+00	0.00e+00	0.00e+00	0.00e+00
 8.11654e+22	3.10e-03	2.84e-01	7.03e-01	9.76e-03	7.37e-05	2.99e-07	0.00e+00	0.00e+00	0.00e+00	0.00e+00	0.00e+00
 8.16784e+22	3.66e-03	3.04e-01	6.85e-01	8.02e-03	5.64e-05	2.10e-07	0.00e+00	0.00e+00	0.00e+00	0.00e+00	0.00e+00
 8.22122e+22	4.48e-03	3.29e-01	6.60e-01	6.18e-03	3.98e-05	1.32e-07	0.00e+00	0.00e+00	0.00e+00	0.00e+00	0.00e+00
 8.27038e+22	5.19e-03	3.48e-01	6.42e-01	5.08e-03	3.11e-05	0.00e+00	0.00e+00	0.00e+00	0.00e+00	0.00e+00	0.00e+00
 8.30691e+22	5.89e-03	3.64e-01	6.26e-01	4.23e-03	2.49e-05	0.00e+00	0.00e+00	0.00e+00	0.00e+00	0.00e+00	0.00e+00
 8.34727e+22	6.90e-03	3.85e-01	6.05e-01	3.34e-03	1.87e-05	0.00e+00	0.00e+00	0.00e+00	0.00e+00	0.00e+00	0.00e+00
 8.39038e+22	8.02e-03	4.05e-01	5.85e-01	2.61e-03	1.41e-05	0.00e+00	0.00e+00	0.00e+00	0.00e+00	0.00e+00	0.00e+00
 8.43012e+22	9.26e-03	4.23e-01	5.66e-01	2.03e-03	1.07e-05	0.00e+00	0.00e+00	0.00e+00	0.00e+00	0.00e+00	0.00e+00
 8.46802e+22	1.06e-02	4.40e-01	5.47e-01	1.56e-03	8.04e-06	0.00e+00	0.00e+00	0.00e+00	0.00e+00	0.00e+00	0.00e+00
 8.50355e+22	1.21e-02	4.56e-01	5.31e-01	1.20e-03	6.10e-06	0.00e+00	0.00e+00	0.00e+00	0.00e+00	0.00e+00	0.00e+00
 8.53628e+22	1.36e-02	4.69e-01	5.16e-01	9.18e-04	4.65e-06	0.00e+00	0.00e+00	0.00e+00	0.00e+00	0.00e+00	0.00e+00
 8.56620e+22	1.52e-02	4.80e-01	5.04e-01	7.06e-04	3.59e-06	0.00e+00	0.00e+00	0.00e+00	0.00e+00	0.00e+00	0.00e+00
 8.59344e+22	1.68e-02	4.89e-01	4.94e-01	5.47e-04	2.80e-06	0.00e+00	0.00e+00	0.00e+00	0.00e+00	0.00e+00	0.00e+00
 8.61824e+22	1.84e-02	4.96e-01	4.86e-01	4.27e-04	2.21e-06	0.00e+00	0.00e+00	0.00e+00	0.00e+00	0.00e+00	0.00e+00
 8.64081e+22	2.00e-02	5.00e-01	4.79e-01	3.38e-04	1.77e-06	0.00e+00	0.00e+00	0.00e+00	0.00e+00	0.00e+00	0.00e+00
 8.66135e+22	2.16e-02	5.03e-01	4.75e-01	2.72e-04	1.45e-06	0.00e+00	0.00e+00	0.00e+00	0.00e+00	0.00e+00	0.00e+00
 8.67435e+22	2.23e-02	5.02e-01	4.76e-01	2.42e-04	1.30e-06	0.00e+00	0.00e+00	0.00e+00	0.00e+00	0.00e+00	0.00e+00
 8.67935e+22	2.26e-02	5.02e-01	4.75e-01	2.30e-04	1.24e-06	0.00e+00	0.00e+00	0.00e+00	0.00e+00	0.00e+00	0.00e+00
 8.68335e+22	2.30e-02	5.02e-01	4.75e-01	2.20e-04	1.19e-06	0.00e+00	0.00e+00	0.00e+00	0.00e+00	0.00e+00	0.00e+00
 8.68844e+22	2.34e-02	5.02e-01	4.74e-01	2.08e-04	1.13e-06	0.00e+00	0.00e+00	0.00e+00	0.00e+00	0.00e+00	0.00e+00
 8.69460e+22	2.41e-02	5.03e-01	4.73e-01	1.95e-04	1.06e-06	0.00e+00	0.00e+00	0.00e+00	0.00e+00	0.00e+00	0.00e+00
 8.70088e+22	2.46e-02	5.03e-01	4.73e-01	1.83e-04	1.00e-06	0.00e+00	0.00e+00	0.00e+00	0.00e+00	0.00e+00	0.00e+00
 8.70691e+22	2.51e-02	5.03e-01	4.72e-01	1.72e-04	9.49e-07	0.00e+00	0.00e+00	0.00e+00	0.00e+00	0.00e+00	0.00e+00
 8.71292e+22	2.57e-02	5.02e-01	4.72e-01	1.62e-04	8.98e-07	0.00e+00	0.00e+00	0.00e+00	0.00e+00	0.00e+00	0.00e+00
 8.71891e+22	2.63e-02	5.02e-01	4.72e-01	1.52e-04	8.51e-07	0.00e+00	0.00e+00	0.00e+00	0.00e+00	0.00e+00	0.00e+00
 8.72510e+22	2.69e-02	5.01e-01	4.72e-01	1.43e-04	8.05e-07	0.00e+00	0.00e+00	0.00e+00	0.00e+00	0.00e+00	0.00e+00
 8.73154e+22	2.75e-02	5.00e-01	4.72e-01	1.35e-04	7.62e-07	0.00e+00	0.00e+00	0.00e+00	0.00e+00	0.00e+00	0.00e+00
 8.73814e+22	2.80e-02	4.99e-01	4.73e-01	1.27e-04	7.23e-07	0.00e+00	0.00e+00	0.00e+00	0.00e+00	0.00e+00	0.00e+00
 8.74491e+22	2.87e-02	4.98e-01	4.73e-01	1.19e-04	6.84e-07	0.00e+00	0.00e+00	0.00e+00	0.00e+00	0.00e+00	0.00e+00
 8.75181e+22	2.94e-02	4.97e-01	4.74e-01	1.12e-04	6.49e-07	0.00e+00	0.00e+00	0.00e+00	0.00e+00	0.00e+00	0.00e+00
 8.75892e+22	3.00e-02	4.95e-01	4.75e-01	1.06e-04	6.15e-07	0.00e+00	0.00e+00	0.00e+00	0.00e+00	0.00e+00	0.00e+00
 8.76641e+22	3.07e-02	4.93e-01	4.76e-01	9.93e-05	5.84e-07	0.00e+00	0.00e+00	0.00e+00	0.00e+00	0.00e+00	0.00e+00
 8.77397e+22	3.13e-02	4.91e-01	4.77e-01	9.37e-05	5.56e-07	0.00e+00	0.00e+00	0.00e+00	0.00e+00	0.00e+00	0.00e+00
 8.77986e+22	3.17e-02	4.89e-01	4.79e-01	9.02e-05	5.38e-07	0.00e+00	0.00e+00	0.00e+00	0.00e+00	0.00e+00	0.00e+00
 8.78380e+22	3.20e-02	4.88e-01	4.80e-01	8.77e-05	5.26e-07	0.00e+00	0.00e+00	0.00e+00	0.00e+00	0.00e+00	0.00e+00
 8.78753e+22	3.24e-02	4.87e-01	4.80e-01	8.54e-05	5.14e-07	0.00e+00	0.00e+00	0.00e+00	0.00e+00	0.00e+00	0.00e+00
 8.79188e+22	3.29e-02	4.86e-01	4.81e-01	8.27e-05	5.00e-07	0.00e+00	0.00e+00	0.00e+00	0.00e+00	0.00e+00	0.00e+00
 8.79666e+22	3.34e-02	4.85e-01	4.81e-01	8.00e-05	4.87e-07	0.00e+00	0.00e+00	0.00e+00	0.00e+00	0.00e+00	0.00e+00
 8.80139e+22	3.38e-02	4.84e-01	4.82e-01	7.76e-05	4.75e-07	0.00e+00	0.00e+00	0.00e+00	0.00e+00	0.00e+00	0.00e+00
 8.80602e+22	3.42e-02	4.83e-01	4.82e-01	7.53e-05	4.64e-07	0.00e+00	0.00e+00	0.00e+00	0.00e+00	0.00e+00	0.00e+00
 8.81070e+22	3.47e-02	4.82e-01	4.83e-01	7.31e-05	4.53e-07	0.00e+00	0.00e+00	0.00e+00	0.00e+00	0.00e+00	0.00e+00
 8.81552e+22	3.52e-02	4.81e-01	4.83e-01	7.10e-05	4.43e-07	0.00e+00	0.00e+00	0.00e+00	0.00e+00	0.00e+00	0.00e+00
 8.82046e+22	3.57e-02	4.80e-01	4.84e-01	6.90e-05	4.32e-07	0.00e+00	0.00e+00	0.00e+00	0.00e+00	0.00e+00	0.00e+00
 8.82547e+22	3.63e-02	4.80e-01	4.84e-01	6.70e-05	4.22e-07	0.00e+00	0.00e+00	0.00e+00	0.00e+00	0.00e+00	0.00e+00
 8.83048e+22	3.69e-02	4.79e-01	4.84e-01	6.51e-05	4.13e-07	0.00e+00	0.00e+00	0.00e+00	0.00e+00	0.00e+00	0.00e+00
 8.83557e+22	3.75e-02	4.79e-01	4.84e-01	6.33e-05	4.04e-07	0.00e+00	0.00e+00	0.00e+00	0.00e+00	0.00e+00	0.00e+00
 8.84085e+22	3.81e-02	4.78e-01	4.84e-01	6.15e-05	3.95e-07	0.00e+00	0.00e+00	0.00e+00	0.00e+00	0.00e+00	0.00e+00
 8.84631e+22	3.88e-02	4.78e-01	4.83e-01	5.97e-05	3.86e-07	0.00e+00	0.00e+00	0.00e+00	0.00e+00	0.00e+00	0.00e+00
 8.85181e+22	3.95e-02	4.78e-01	4.83e-01	5.80e-05	3.78e-07	0.00e+00	0.00e+00	0.00e+00	0.00e+00	0.00e+00	0.00e+00
 8.85738e+22	4.03e-02	4.78e-01	4.82e-01	5.63e-05	3.70e-07	0.00e+00	0.00e+00	0.00e+00	0.00e+00	0.00e+00	0.00e+00
 8.86316e+22	4.11e-02	4.78e-01	4.81e-01	5.47e-05	3.62e-07	0.00e+00	0.00e+00	0.00e+00	0.00e+00	0.00e+00	0.00e+00
 8.86913e+22	4.20e-02	4.78e-01	4.80e-01	5.31e-05	3.54e-07	0.00e+00	0.00e+00	0.00e+00	0.00e+00	0.00e+00	0.00e+00
 8.87524e+22	4.29e-02	4.79e-01	4.78e-01	5.15e-05	3.46e-07	0.00e+00	0.00e+00	0.00e+00	0.00e+00	0.00e+00	0.00e+00
 8.88146e+22	4.39e-02	4.79e-01	4.77e-01	5.00e-05	3.38e-07	0.00e+00	0.00e+00	0.00e+00	0.00e+00	0.00e+00	0.00e+00
 8.88784e+22	4.50e-02	4.80e-01	4.75e-01	4.85e-05	3.31e-07	0.00e+00	0.00e+00	0.00e+00	0.00e+00	0.00e+00	0.00e+00
 8.89444e+22	4.62e-02	4.81e-01	4.73e-01	4.70e-05	3.23e-07	0.00e+00	0.00e+00	0.00e+00	0.00e+00	0.00e+00	0.00e+00
 8.90126e+22	4.74e-02	4.82e-01	4.70e-01	4.55e-05	3.16e-07	0.00e+00	0.00e+00	0.00e+00	0.00e+00	0.00e+00	0.00e+00
 8.90823e+22	4.87e-02	4.84e-01	4.68e-01	4.41e-05	3.08e-07	0.00e+00	0.00e+00	0.00e+00	0.00e+00	0.00e+00	0.00e+00
 8.91537e+22	5.01e-02	4.85e-01	4.65e-01	4.27e-05	3.01e-07	0.00e+00	0.00e+00	0.00e+00	0.00e+00	0.00e+00	0.00e+00
 8.92273e+22	5.17e-02	4.87e-01	4.61e-01	4.13e-05	2.94e-07	0.00e+00	0.00e+00	0.00e+00	0.00e+00	0.00e+00	0.00e+00
 8.93033e+22	5.33e-02	4.89e-01	4.58e-01	3.99e-05	2.86e-07	0.00e+00	0.00e+00	0.00e+00	0.00e+00	0.00e+00	0.00e+00
 8.93816e+22	5.50e-02	4.91e-01	4.54e-01	3.86e-05	2.79e-07	0.00e+00	0.00e+00	0.00e+00	0.00e+00	0.00e+00	0.00e+00
 8.94614e+22	5.67e-02	4.93e-01	4.50e-01	3.73e-05	2.72e-07	0.00e+00	0.00e+00	0.00e+00	0.00e+00	0.00e+00	0.00e+00
 8.95418e+22	5.87e-02	4.96e-01	4.46e-01	3.60e-05	2.65e-07	0.00e+00	0.00e+00	0.00e+00	0.00e+00	0.00e+00	0.00e+00
 8.96236e+22	6.08e-02	4.98e-01	4.41e-01	3.47e-05	2.58e-07	0.00e+00	0.00e+00	0.00e+00	0.00e+00	0.00e+00	0.00e+00
 8.97087e+22	6.31e-02	5.01e-01	4.36e-01	3.35e-05	2.51e-07	0.00e+00	0.00e+00	0.00e+00	0.00e+00	0.00e+00	0.00e+00
 8.97942e+22	6.53e-02	5.04e-01	4.31e-01	3.23e-05	2.44e-07	0.00e+00	0.00e+00	0.00e+00	0.00e+00	0.00e+00	0.00e+00
 8.98791e+22	6.77e-02	5.07e-01	4.25e-01	3.11e-05	2.37e-07	0.00e+00	0.00e+00	0.00e+00	0.00e+00	0.00e+00	0.00e+00
 8.99658e+22	7.02e-02	5.10e-01	4.20e-01	3.00e-05	2.31e-07	0.00e+00	0.00e+00	0.00e+00	0.00e+00	0.00e+00	0.00e+00
 9.00544e+22	7.29e-02	5.13e-01	4.14e-01	2.89e-05	2.24e-07	0.00e+00	0.00e+00	0.00e+00	0.00e+00	0.00e+00	0.00e+00
 9.01445e+22	7.56e-02	5.16e-01	4.08e-01	2.79e-05	2.18e-07	0.00e+00	0.00e+00	0.00e+00	0.00e+00	0.00e+00	0.00e+00
 9.02369e+22	7.86e-02	5.20e-01	4.02e-01	2.68e-05	2.11e-07	0.00e+00	0.00e+00	0.00e+00	0.00e+00	0.00e+00	0.00e+00
 9.03315e+22	8.18e-02	5.23e-01	3.95e-01	2.58e-05	2.04e-07	0.00e+00	0.00e+00	0.00e+00	0.00e+00	0.00e+00	0.00e+00
 9.04274e+22	8.52e-02	5.27e-01	3.88e-01	2.48e-05	1.97e-07	0.00e+00	0.00e+00	0.00e+00	0.00e+00	0.00e+00	0.00e+00
 9.05248e+22	8.90e-02	5.30e-01	3.81e-01	2.38e-05	1.90e-07	0.00e+00	0.00e+00	0.00e+00	0.00e+00	0.00e+00	0.00e+00
 9.06251e+22	9.30e-02	5.34e-01	3.73e-01	2.28e-05	1.83e-07	0.00e+00	0.00e+00	0.00e+00	0.00e+00	0.00e+00	0.00e+00
 9.07279e+22	9.72e-02	5.38e-01	3.65e-01	2.18e-05	1.76e-07	0.00e+00	0.00e+00	0.00e+00	0.00e+00	0.00e+00	0.00e+00
 9.08298e+22	1.02e-01	5.41e-01	3.57e-01	2.09e-05	1.70e-07	0.00e+00	0.00e+00	0.00e+00	0.00e+00	0.00e+00	0.00e+00
 9.09277e+22	1.06e-01	5.44e-01	3.50e-01	1.99e-05	1.63e-07	0.00e+00	0.00e+00	0.00e+00	0.00e+00	0.00e+00	0.00e+00
 9.10186e+22	1.10e-01	5.47e-01	3.42e-01	1.89e-05	1.57e-07	0.00e+00	0.00e+00	0.00e+00	0.00e+00	0.00e+00	0.00e+00
 9.11027e+22	1.15e-01	5.50e-01	3.35e-01	1.80e-05	1.51e-07	0.00e+00	0.00e+00	0.00e+00	0.00e+00	0.00e+00	0.00e+00
 9.11801e+22	1.19e-01	5.53e-01	3.28e-01	1.72e-05	1.46e-07	0.00e+00	0.00e+00	0.00e+00	0.00e+00	0.00e+00	0.00e+00
 9.12545e+22	1.24e-01	5.55e-01	3.21e-01	1.64e-05	1.41e-07	0.00e+00	0.00e+00	0.00e+00	0.00e+00	0.00e+00	0.00e+00
 9.13292e+22	1.28e-01	5.57e-01	3.15e-01	1.57e-05	1.36e-07	0.00e+00	0.00e+00	0.00e+00	0.00e+00	0.00e+00	0.00e+00
 9.14026e+22	1.33e-01	5.59e-01	3.08e-01	1.50e-05	1.31e-07	0.00e+00	0.00e+00	0.00e+00	0.00e+00	0.00e+00	0.00e+00
 9.14727e+22	1.37e-01	5.61e-01	3.02e-01	1.44e-05	1.27e-07	0.00e+00	0.00e+00	0.00e+00	0.00e+00	0.00e+00	0.00e+00
 9.15368e+22	1.42e-01	5.63e-01	2.96e-01	1.38e-05	0.00e+00	0.00e+00	0.00e+00	0.00e+00	0.00e+00	0.00e+00	0.00e+00
