#depth	Ar	Ar+	Ar+2	Ar+3	Ar+4	Ar+5	Ar+6	Ar+7	Ar+8	Ar+9	Ar+10	Ar+11	Ar+12	Ar+13	Ar+14	Ar+15	Ar+16	Ar+17	Ar+18
 4.62852e+21	9.56e-29	2.65e-22	3.60e-17	1.01e-14	1.38e-12	6.58e-11	1.67e-09	5.21e-08	2.97e-05	1.18e-03	1.49e-02	6.53e-02	2.01e-01	2.39e-01	1.55e-01	1.08e-01	1.79e-01	3.45e-02	2.24e-03
 1.02921e+22	7.26e-26	1.44e-19	1.38e-14	1.83e-12	1.22e-10	2.83e-09	3.35e-08	5.14e-07	2.10e-04	6.94e-03	6.13e-02	1.76e-01	3.42e-01	2.41e-01	9.05e-02	3.77e-02	3.96e-02	4.17e-03	1.50e-04
 1.17207e+22	5.34e-25	9.37e-19	7.89e-14	8.53e-12	4.73e-10	9.10e-09	8.78e-08	1.11e-06	3.74e-04	1.11e-02	8.56e-02	2.14e-01	3.58e-01	2.14e-01	6.80e-02	2.45e-02	2.23e-02	1.94e-03	5.73e-05
 1.23110e+22	1.35e-24	2.22e-18	1.75e-13	1.74e-11	8.87e-10	1.57e-08	1.38e-07	1.59e-06	4.91e-04	1.37e-02	9.90e-02	2.32e-01	3.60e-01	1.99e-01	5.84e-02	1.97e-02	1.68e-02	1.33e-03	3.59e-05
 1.25575e+22	1.68e-24	2.73e-18	2.12e-13	2.06e-11	1.03e-09	1.79e-08	1.54e-07	1.74e-06	5.25e-04	1.44e-02	1.02e-01	2.36e-01	3.60e-01	1.95e-01	5.62e-02	1.87e-02	1.57e-02	1.21e-03	3.21e-05
 1.26716e+22	2.26e-24	3.59e-18	2.74e-13	2.58e-11	1.26e-09	2.13e-08	1.78e-07	1.95e-06	5.73e-04	1.54e-02	1.07e-01	2.41e-01	3.60e-01	1.90e-01	5.34e-02	1.74e-02	1.43e-02	1.07e-03	2.75e-05
 1.28001e+22	2.99e-24	4.67e-18	3.48e-13	3.20e-11	1.53e-09	2.51e-08	2.05e-07	2.19e-06	6.23e-04	1.64e-02	1.12e-01	2.47e-01	3.59e-01	1.85e-01	5.08e-02	1.62e-02	1.30e-02	9.51e-04	2.37e-05
 1.29247e+22	3.89e-24	5.96e-18	4.37e-13	3.91e-11	1.83e-09	2.94e-08	2.33e-07	2.43e-06	6.73e-04	1.75e-02	1.16e-01	2.51e-01	3.58e-01	1.80e-01	4.84e-02	1.52e-02	1.20e-02	8.50e-04	2.06e-05
 1.30642e+22	5.47e-24	8.18e-18	5.84e-13	5.07e-11	2.30e-09	3.60e-08	2.76e-07	2.79e-06	7.46e-04	1.88e-02	1.22e-01	2.57e-01	3.57e-01	1.74e-01	4.54e-02	1.39e-02	1.07e-02	7.34e-04	1.72e-05
 1.32045e+22	7.09e-24	1.04e-17	7.29e-13	6.18e-11	2.74e-09	4.20e-08	3.15e-07	3.10e-06	8.06e-04	2.00e-02	1.27e-01	2.62e-01	3.55e-01	1.69e-01	4.32e-02	1.30e-02	9.81e-03	6.55e-04	1.50e-05
 1.33456e+22	9.85e-24	1.41e-17	9.65e-13	7.95e-11	3.43e-09	5.11e-08	3.71e-07	3.54e-06	8.90e-04	2.15e-02	1.33e-01	2.67e-01	3.53e-01	1.63e-01	4.05e-02	1.19e-02	8.78e-03	5.66e-04	1.25e-05
 1.34907e+22	1.29e-23	1.81e-17	1.21e-12	9.76e-11	4.12e-09	5.99e-08	4.24e-07	3.95e-06	9.66e-04	2.28e-02	1.38e-01	2.72e-01	3.51e-01	1.58e-01	3.83e-02	1.11e-02	8.01e-03	5.02e-04	1.08e-05
 1.36408e+22	1.81e-23	2.48e-17	1.61e-12	1.26e-10	5.18e-09	7.32e-08	5.02e-07	4.53e-06	1.07e-03	2.46e-02	1.44e-01	2.77e-01	3.48e-01	1.52e-01	3.58e-02	1.01e-02	7.13e-03	4.32e-04	8.96e-06
 1.37950e+22	2.39e-23	3.21e-17	2.05e-12	1.56e-10	6.28e-09	8.65e-08	5.78e-07	5.08e-06	1.16e-03	2.61e-02	1.50e-01	2.82e-01	3.45e-01	1.47e-01	3.37e-02	9.36e-03	6.46e-03	3.80e-04	7.66e-06
 1.39547e+22	3.39e-23	4.43e-17	2.75e-12	2.03e-10	7.95e-09	1.06e-07	6.88e-07	5.85e-06	1.29e-03	2.82e-02	1.57e-01	2.87e-01	3.41e-01	1.40e-01	3.13e-02	8.49e-03	5.71e-03	3.24e-04	6.30e-06
 1.41187e+22	4.53e-23	5.79e-17	3.51e-12	2.53e-10	9.68e-09	1.26e-07	7.95e-07	6.59e-06	1.41e-03	3.00e-02	1.63e-01	2.91e-01	3.37e-01	1.35e-01	2.94e-02	7.82e-03	5.15e-03	2.83e-04	5.34e-06
 1.42884e+22	6.48e-23	8.06e-17	4.74e-12	3.32e-10	1.23e-08	1.56e-07	9.52e-07	7.63e-06	1.58e-03	3.24e-02	1.71e-01	2.96e-01	3.32e-01	1.29e-01	2.71e-02	7.05e-03	4.52e-03	2.39e-04	4.35e-06
 1.44635e+22	8.78e-23	1.07e-16	6.12e-12	4.18e-10	1.52e-08	1.87e-07	1.11e-06	8.64e-06	1.73e-03	3.46e-02	1.77e-01	3.00e-01	3.27e-01	1.23e-01	2.53e-02	6.45e-03	4.04e-03	2.07e-04	3.65e-06
 1.46459e+22	1.28e-22	1.51e-16	8.38e-12	5.55e-10	1.95e-08	2.34e-07	1.34e-06	1.01e-05	1.94e-03	3.75e-02	1.86e-01	3.04e-01	3.21e-01	1.17e-01	2.32e-02	5.77e-03	3.52e-03	1.73e-04	2.93e-06
 1.48337e+22	1.75e-22	2.01e-16	1.09e-11	7.05e-10	2.42e-08	2.82e-07	1.56e-06	1.15e-05	2.13e-03	4.01e-02	1.93e-01	3.08e-01	3.16e-01	1.11e-01	2.15e-02	5.24e-03	3.12e-03	1.49e-04	2.44e-06
 1.50032e+22	2.38e-22	2.67e-16	1.41e-11	8.89e-10	2.98e-08	3.38e-07	1.82e-06	1.30e-05	2.34e-03	4.27e-02	2.00e-01	3.11e-01	3.10e-01	1.06e-01	2.00e-02	4.77e-03	2.78e-03	1.28e-04	2.03e-06
 1.51977e+22	3.52e-22	3.81e-16	1.95e-11	1.19e-09	3.87e-08	4.25e-07	2.21e-06	1.52e-05	2.63e-03	4.63e-02	2.09e-01	3.14e-01	3.03e-01	9.97e-02	1.82e-02	4.23e-03	2.39e-03	1.06e-04	1.61e-06
 1.53961e+22	4.85e-22	5.12e-16	2.55e-11	1.52e-09	4.80e-08	5.14e-07	2.59e-06	1.73e-05	2.89e-03	4.94e-02	2.17e-01	3.17e-01	2.96e-01	9.46e-02	1.68e-02	3.82e-03	2.11e-03	9.01e-05	1.32e-06
 1.55994e+22	7.23e-22	7.38e-16	3.55e-11	2.04e-09	6.27e-08	6.50e-07	3.16e-06	2.04e-05	3.26e-03	5.36e-02	2.27e-01	3.20e-01	2.88e-01	8.84e-02	1.51e-02	3.36e-03	1.80e-03	7.37e-05	1.04e-06
 1.58054e+22	1.00e-21	9.95e-16	4.66e-11	2.61e-09	7.81e-08	7.88e-07	3.72e-06	2.33e-05	3.59e-03	5.72e-02	2.35e-01	3.22e-01	2.81e-01	8.35e-02	1.39e-02	3.02e-03	1.58e-03	6.23e-05	8.46e-07
 1.60150e+22	1.51e-21	1.45e-15	6.54e-11	3.55e-09	1.03e-07	1.00e-06	4.56e-06	2.75e-05	4.05e-03	6.21e-02	2.45e-01	3.23e-01	2.72e-01	7.75e-02	1.24e-02	2.63e-03	1.33e-03	5.03e-05	6.53e-07
 1.62267e+22	2.09e-21	1.95e-15	8.57e-11	4.52e-09	1.28e-07	1.22e-06	5.36e-06	3.14e-05	4.46e-03	6.61e-02	2.53e-01	3.25e-01	2.64e-01	7.29e-02	1.14e-02	2.36e-03	1.16e-03	4.23e-05	5.30e-07
 1.64411e+22	3.19e-21	2.87e-15	1.21e-10	6.19e-09	1.70e-07	1.56e-06	6.61e-06	3.72e-05	5.05e-03	7.17e-02	2.63e-01	3.25e-01	2.54e-01	6.72e-02	1.01e-02	2.04e-03	9.72e-04	3.37e-05	4.03e-07
 1.66566e+22	4.40e-21	3.85e-15	1.58e-10	7.86e-09	2.10e-07	1.88e-06	7.75e-06	4.24e-05	5.55e-03	7.63e-02	2.71e-01	3.26e-01	2.47e-01	6.30e-02	9.20e-03	1.82e-03	8.46e-04	2.83e-05	3.26e-07
 1.68356e+22	5.88e-21	5.02e-15	2.00e-10	9.75e-09	2.55e-07	2.23e-06	8.95e-06	4.77e-05	6.05e-03	8.06e-02	2.78e-01	3.25e-01	2.40e-01	5.94e-02	8.44e-03	1.64e-03	7.45e-04	2.41e-05	2.68e-07
 1.70306e+22	8.59e-21	7.09e-15	2.73e-10	1.29e-08	3.29e-07	2.79e-06	1.08e-05	5.58e-05	6.76e-03	8.65e-02	2.87e-01	3.25e-01	2.30e-01	5.48e-02	7.52e-03	1.43e-03	6.27e-04	1.94e-05	2.07e-07
 1.72247e+22	1.14e-20	9.16e-15	3.44e-10	1.59e-08	3.98e-07	3.30e-06	1.24e-05	6.26e-05	7.34e-03	9.12e-02	2.94e-01	3.24e-01	2.23e-01	5.15e-02	6.89e-03	1.28e-03	5.52e-04	1.65e-05	1.70e-07
 1.74177e+22	1.65e-20	1.28e-14	4.66e-10	2.09e-08	5.10e-07	4.11e-06	1.50e-05	7.31e-05	8.19e-03	9.76e-02	3.03e-01	3.22e-01	2.14e-01	4.74e-02	6.12e-03	1.11e-03	4.64e-04	1.33e-05	1.31e-07
 1.76133e+22	2.20e-20	1.67e-14	5.89e-10	2.58e-08	6.18e-07	4.88e-06	1.73e-05	8.23e-05	8.91e-03	1.03e-01	3.10e-01	3.21e-01	2.06e-01	4.43e-02	5.57e-03	9.96e-04	4.04e-04	1.12e-05	0.00e+00
 1.78121e+22	3.21e-20	2.35e-14	7.99e-10	3.41e-08	7.97e-07	6.12e-06	2.10e-05	9.65e-05	9.97e-03	1.10e-01	3.19e-01	3.18e-01	1.97e-01	4.04e-02	4.90e-03	8.56e-04	3.36e-04	8.85e-06	0.00e+00
 1.80133e+22	4.30e-20	3.06e-14	1.01e-09	4.22e-08	9.70e-07	7.29e-06	2.43e-05	1.09e-04	1.09e-02	1.16e-01	3.25e-01	3.15e-01	1.89e-01	3.76e-02	4.44e-03	7.61e-04	2.91e-04	7.38e-06	0.00e+00
 1.82176e+22	6.28e-20	4.31e-14	1.37e-09	5.57e-08	1.25e-06	9.17e-06	2.96e-05	1.28e-04	1.22e-02	1.24e-01	3.34e-01	3.12e-01	1.79e-01	3.41e-02	3.87e-03	6.48e-04	2.39e-04	5.78e-06	0.00e+00
 1.84258e+22	8.48e-20	5.66e-14	1.75e-09	6.95e-08	1.54e-06	1.10e-05	3.45e-05	1.46e-04	1.33e-02	1.31e-01	3.40e-01	3.08e-01	1.71e-01	3.14e-02	3.46e-03	5.69e-04	2.04e-04	4.74e-06	0.00e+00
 1.86391e+22	1.25e-19	8.02e-14	2.38e-09	9.22e-08	2.00e-06	1.40e-05	4.23e-05	1.73e-04	1.50e-02	1.41e-01	3.48e-01	3.03e-01	1.61e-01	2.81e-02	2.98e-03	4.78e-04	1.65e-04	3.64e-06	0.00e+00
 1.88564e+22	1.70e-19	1.06e-13	3.03e-09	1.15e-07	2.47e-06	1.69e-05	4.97e-05	1.99e-04	1.65e-02	1.49e-01	3.54e-01	2.99e-01	1.53e-01	2.57e-02	2.64e-03	4.15e-04	1.39e-04	2.93e-06	0.00e+00
 1.90792e+22	2.51e-19	1.50e-13	4.12e-09	1.54e-07	3.23e-06	2.16e-05	6.14e-05	2.38e-04	1.86e-02	1.59e-01	3.62e-01	2.92e-01	1.42e-01	2.28e-02	2.24e-03	3.44e-04	1.10e-04	2.20e-06	0.00e+00
 1.93042e+22	3.40e-19	1.97e-13	5.22e-09	1.92e-07	3.98e-06	2.62e-05	7.24e-05	2.74e-04	2.05e-02	1.68e-01	3.67e-01	2.87e-01	1.34e-01	2.06e-02	1.97e-03	2.96e-04	9.17e-05	1.75e-06	0.00e+00
 1.94944e+22	4.47e-19	2.51e-13	6.45e-09	2.34e-07	4.83e-06	3.12e-05	8.43e-05	3.12e-04	2.24e-02	1.77e-01	3.72e-01	2.81e-01	1.27e-01	1.88e-02	1.74e-03	2.57e-04	7.72e-05	1.42e-06	0.00e+00
 1.97012e+22	6.27e-19	3.39e-13	8.38e-09	3.00e-07	6.13e-06	3.90e-05	1.02e-04	3.68e-04	2.51e-02	1.88e-01	3.77e-01	2.74e-01	1.18e-01	1.66e-02	1.48e-03	2.14e-04	6.18e-05	1.07e-06	0.00e+00
 1.99084e+22	8.16e-19	4.28e-13	1.02e-08	3.64e-07	7.40e-06	4.64e-05	1.19e-04	4.19e-04	2.74e-02	1.97e-01	3.80e-01	2.67e-01	1.11e-01	1.51e-02	1.30e-03	1.84e-04	5.16e-05	8.61e-07	0.00e+00
 2.01112e+22	1.11e-18	5.63e-13	1.30e-08	4.58e-07	9.26e-06	5.72e-05	1.42e-04	4.92e-04	3.05e-02	2.09e-01	3.84e-01	2.59e-01	1.03e-01	1.33e-02	1.10e-03	1.54e-04	4.13e-05	6.55e-07	0.00e+00
 2.03180e+22	1.45e-18	7.08e-13	1.58e-08	5.55e-07	1.12e-05	6.83e-05	1.66e-04	5.64e-04	3.34e-02	2.19e-01	3.86e-01	2.52e-01	9.57e-02	1.19e-02	9.58e-04	1.31e-04	3.41e-05	5.17e-07	0.00e+00
 2.05208e+22	1.92e-18	9.06e-13	1.94e-08	6.84e-07	1.38e-05	8.33e-05	1.97e-04	6.58e-04	3.70e-02	2.31e-01	3.88e-01	2.43e-01	8.83e-02	1.05e-02	8.14e-04	1.09e-04	2.73e-05	3.94e-07	0.00e+00
 2.07278e+22	2.49e-18	1.13e-12	2.35e-08	8.28e-07	1.67e-05	9.99e-05	2.31e-04	7.58e-04	4.06e-02	2.42e-01	3.90e-01	2.35e-01	8.17e-02	9.35e-03	6.98e-04	9.18e-05	2.22e-05	3.05e-07	0.00e+00
 2.09320e+22	3.22e-18	1.42e-12	2.83e-08	1.00e-06	2.03e-05	1.20e-04	2.72e-04	8.79e-04	4.48e-02	2.54e-01	3.90e-01	2.26e-01	7.51e-02	8.23e-03	5.93e-04	7.65e-05	1.78e-05	2.33e-07	0.00e+00
 2.11376e+22	4.12e-18	1.75e-12	3.38e-08	1.21e-06	2.45e-05	1.44e-04	3.18e-04	1.01e-03	4.92e-02	2.65e-01	3.90e-01	2.17e-01	6.90e-02	7.25e-03	5.04e-04	6.38e-05	1.43e-05	1.79e-07	0.00e+00
 2.13407e+22	5.23e-18	2.15e-12	3.99e-08	1.44e-06	2.95e-05	1.72e-04	3.71e-04	1.17e-03	5.40e-02	2.77e-01	3.89e-01	2.08e-01	6.32e-02	6.37e-03	4.28e-04	5.32e-05	1.15e-05	1.37e-07	0.00e+00
 2.15435e+22	6.59e-18	2.62e-12	4.69e-08	1.71e-06	3.52e-05	2.04e-04	4.32e-04	1.35e-03	5.91e-02	2.89e-01	3.87e-01	1.99e-01	5.78e-02	5.58e-03	3.63e-04	4.42e-05	9.23e-06	0.00e+00	0.00e+00
 2.17464e+22	8.26e-18	3.17e-12	5.48e-08	2.03e-06	4.20e-05	2.42e-04	5.01e-04	1.55e-03	6.46e-02	3.01e-01	3.84e-01	1.90e-01	5.27e-02	4.88e-03	3.07e-04	3.67e-05	7.39e-06	0.00e+00	0.00e+00
 2.19501e+22	1.03e-17	3.81e-12	6.36e-08	2.39e-06	5.00e-05	2.87e-04	5.80e-04	1.78e-03	7.06e-02	3.13e-01	3.80e-01	1.81e-01	4.79e-02	4.26e-03	2.59e-04	3.04e-05	5.90e-06	0.00e+00	0.00e+00
 2.21548e+22	1.28e-17	4.57e-12	7.35e-08	2.82e-06	5.92e-05	3.38e-04	6.69e-04	2.04e-03	7.69e-02	3.25e-01	3.76e-01	1.72e-01	4.35e-02	3.71e-03	2.18e-04	2.51e-05	4.70e-06	0.00e+00	0.00e+00
 2.23612e+22	1.58e-17	5.46e-12	8.48e-08	3.31e-06	7.01e-05	3.98e-04	7.71e-04	2.33e-03	8.38e-02	3.36e-01	3.71e-01	1.63e-01	3.93e-02	3.23e-03	1.83e-04	2.07e-05	3.74e-06	0.00e+00	0.00e+00
 2.25698e+22	1.96e-17	6.51e-12	9.75e-08	3.88e-06	8.28e-05	4.68e-04	8.87e-04	2.67e-03	9.11e-02	3.47e-01	3.65e-01	1.54e-01	3.55e-02	2.79e-03	1.53e-04	1.69e-05	2.96e-06	0.00e+00	0.00e+00
 2.27796e+22	2.41e-17	7.73e-12	1.12e-07	4.53e-06	9.75e-05	5.48e-04	1.02e-03	3.04e-03	9.88e-02	3.58e-01	3.59e-01	1.45e-01	3.20e-02	2.42e-03	1.28e-04	1.39e-05	2.35e-06	0.00e+00	0.00e+00
 2.29926e+22	2.98e-17	9.21e-12	1.28e-07	5.31e-06	1.15e-04	6.42e-04	1.16e-03	3.48e-03	1.07e-01	3.69e-01	3.51e-01	1.36e-01	2.86e-02	2.08e-03	1.07e-04	1.13e-05	1.84e-06	0.00e+00	0.00e+00
 2.32079e+22	3.67e-17	1.09e-11	1.47e-07	6.19e-06	1.35e-04	7.49e-04	1.33e-03	3.96e-03	1.16e-01	3.79e-01	3.44e-01	1.28e-01	2.57e-02	1.79e-03	8.91e-05	9.26e-06	1.46e-06	0.00e+00	0.00e+00
 2.34274e+22	4.56e-17	1.31e-11	1.69e-07	7.27e-06	1.59e-04	8.77e-04	1.52e-03	4.52e-03	1.25e-01	3.89e-01	3.35e-01	1.19e-01	2.28e-02	1.53e-03	7.36e-05	7.48e-06	1.13e-06	0.00e+00	0.00e+00
 2.36508e+22	5.65e-17	1.56e-11	1.95e-07	8.50e-06	1.87e-04	1.02e-03	1.72e-03	5.13e-03	1.35e-01	3.98e-01	3.26e-01	1.11e-01	2.03e-02	1.31e-03	6.09e-05	6.07e-06	8.88e-07	0.00e+00	0.00e+00
 2.38555e+22	6.77e-17	1.82e-11	2.19e-07	9.71e-06	2.13e-04	1.16e-03	1.92e-03	5.70e-03	1.44e-01	4.05e-01	3.18e-01	1.05e-01	1.84e-02	1.15e-03	5.20e-05	5.08e-06	7.22e-07	0.00e+00	0.00e+00
 2.40694e+22	8.53e-17	2.20e-11	2.54e-07	1.15e-05	2.52e-04	1.36e-03	2.18e-03	6.51e-03	1.55e-01	4.13e-01	3.08e-01	9.67e-02	1.62e-02	9.70e-04	4.24e-05	4.05e-06	5.54e-07	0.00e+00	0.00e+00
 2.42866e+22	1.03e-16	2.57e-11	2.89e-07	1.32e-05	2.88e-04	1.54e-03	2.42e-03	7.21e-03	1.64e-01	4.19e-01	2.99e-01	9.07e-02	1.46e-02	8.47e-04	3.60e-05	3.37e-06	4.49e-07	0.00e+00	0.00e+00
 2.45102e+22	1.32e-16	3.17e-11	3.41e-07	1.57e-05	3.42e-04	1.81e-03	2.76e-03	8.22e-03	1.77e-01	4.26e-01	2.87e-01	8.32e-02	1.28e-02	7.10e-04	2.91e-05	2.66e-06	3.41e-07	0.00e+00	0.00e+00
 2.47341e+22	1.61e-16	3.72e-11	3.88e-07	1.80e-05	3.91e-04	2.04e-03	3.04e-03	9.06e-03	1.86e-01	4.31e-01	2.79e-01	7.78e-02	1.15e-02	6.19e-04	2.47e-05	2.22e-06	2.76e-07	0.00e+00	0.00e+00
 2.49583e+22	2.07e-16	4.60e-11	4.59e-07	2.15e-05	4.62e-04	2.38e-03	3.44e-03	1.03e-02	2.00e-01	4.35e-01	2.67e-01	7.12e-02	9.99e-03	5.18e-04	2.00e-05	1.75e-06	2.10e-07	0.00e+00	0.00e+00
 2.51835e+22	2.54e-16	5.45e-11	5.27e-07	2.48e-05	5.26e-04	2.68e-03	3.77e-03	1.13e-02	2.10e-01	4.38e-01	2.58e-01	6.65e-02	8.99e-03	4.52e-04	1.70e-05	1.46e-06	1.70e-07	0.00e+00	0.00e+00
 2.54099e+22	3.30e-16	6.80e-11	6.30e-07	2.97e-05	6.22e-04	3.11e-03	4.24e-03	1.27e-02	2.23e-01	4.41e-01	2.46e-01	6.06e-02	7.81e-03	3.78e-04	1.37e-05	1.15e-06	1.29e-07	0.00e+00	0.00e+00
 2.56386e+22	4.08e-16	8.14e-11	7.30e-07	3.43e-05	7.09e-04	3.49e-03	4.64e-03	1.39e-02	2.34e-01	4.43e-01	2.37e-01	5.64e-02	7.00e-03	3.29e-04	1.16e-05	9.57e-07	0.00e+00	0.00e+00	0.00e+00
 2.58705e+22	5.38e-16	1.03e-10	8.83e-07	4.13e-05	8.39e-04	4.05e-03	5.20e-03	1.56e-02	2.48e-01	4.44e-01	2.25e-01	5.12e-02	6.05e-03	2.74e-04	9.33e-06	7.51e-07	0.00e+00	0.00e+00	0.00e+00
 2.61055e+22	6.74e-16	1.24e-10	1.03e-06	4.81e-05	9.59e-04	4.55e-03	5.68e-03	1.71e-02	2.59e-01	4.44e-01	2.16e-01	4.74e-02	5.40e-03	2.37e-04	7.87e-06	6.22e-07	0.00e+00	0.00e+00	0.00e+00
 2.63446e+22	9.04e-16	1.60e-10	1.27e-06	5.85e-05	1.14e-03	5.28e-03	6.36e-03	1.91e-02	2.73e-01	4.43e-01	2.04e-01	4.28e-02	4.64e-03	1.96e-04	6.30e-06	4.86e-07	0.00e+00	0.00e+00	0.00e+00
 2.65881e+22	1.15e-15	1.96e-10	1.51e-06	6.85e-05	1.31e-03	5.94e-03	6.94e-03	2.08e-02	2.85e-01	4.41e-01	1.95e-01	3.95e-02	4.12e-03	1.69e-04	5.28e-06	4.00e-07	0.00e+00	0.00e+00	0.00e+00
 2.68373e+22	1.57e-15	2.56e-10	1.88e-06	8.42e-05	1.56e-03	6.90e-03	7.75e-03	2.32e-02	3.00e-01	4.38e-01	1.83e-01	3.54e-02	3.52e-03	1.39e-04	4.19e-06	3.09e-07	0.00e+00	0.00e+00	0.00e+00
 2.70923e+22	2.04e-15	3.20e-10	2.27e-06	9.97e-05	1.80e-03	7.78e-03	8.46e-03	2.53e-02	3.12e-01	4.35e-01	1.74e-01	3.24e-02	3.10e-03	1.19e-04	3.48e-06	2.52e-07	0.00e+00	0.00e+00	0.00e+00
 2.73547e+22	2.86e-15	4.28e-10	2.89e-06	1.24e-04	2.16e-03	9.07e-03	9.45e-03	2.83e-02	3.27e-01	4.30e-01	1.62e-01	2.89e-02	2.62e-03	9.70e-05	2.73e-06	1.93e-07	0.00e+00	0.00e+00	0.00e+00
 2.76219e+22	3.76e-15	5.43e-10	3.52e-06	1.48e-04	2.50e-03	1.02e-02	1.03e-02	3.06e-02	3.39e-01	4.25e-01	1.54e-01	2.63e-02	2.30e-03	8.27e-05	2.26e-06	1.57e-07	0.00e+00	0.00e+00	0.00e+00
 2.78485e+22	4.83e-15	6.73e-10	4.22e-06	1.74e-04	2.85e-03	1.14e-02	1.11e-02	3.31e-02	3.49e-01	4.20e-01	1.46e-01	2.41e-02	2.03e-03	7.12e-05	1.90e-06	1.29e-07	0.00e+00	0.00e+00	0.00e+00
 2.80964e+22	6.70e-15	8.93e-10	5.36e-06	2.14e-04	3.38e-03	1.31e-02	1.23e-02	3.63e-02	3.63e-01	4.13e-01	1.36e-01	2.16e-02	1.73e-03	5.87e-05	1.51e-06	0.00e+00	0.00e+00	0.00e+00	0.00e+00
 2.83356e+22	8.46e-15	1.09e-09	6.35e-06	2.48e-04	3.82e-03	1.44e-02	1.31e-02	3.87e-02	3.72e-01	4.07e-01	1.29e-01	1.99e-02	1.55e-03	5.13e-05	1.29e-06	0.00e+00	0.00e+00	0.00e+00	0.00e+00
 2.85633e+22	1.15e-14	1.42e-09	7.92e-06	3.01e-04	4.45e-03	1.64e-02	1.43e-02	4.20e-02	3.83e-01	3.99e-01	1.21e-01	1.79e-02	1.33e-03	4.28e-05	1.04e-06	0.00e+00	0.00e+00	0.00e+00	0.00e+00
 2.87935e+22	1.46e-14	1.75e-09	9.45e-06	3.50e-04	5.03e-03	1.80e-02	1.53e-02	4.46e-02	3.92e-01	3.93e-01	1.15e-01	1.65e-02	1.19e-03	3.74e-05	8.89e-07	0.00e+00	0.00e+00	0.00e+00	0.00e+00
 2.90267e+22	1.99e-14	2.30e-09	1.19e-05	4.26e-04	5.88e-03	2.04e-02	1.66e-02	4.83e-02	4.02e-01	3.83e-01	1.07e-01	1.47e-02	1.02e-03	3.11e-05	7.17e-07	0.00e+00	0.00e+00	0.00e+00	0.00e+00
 2.92635e+22	2.56e-14	2.85e-09	1.43e-05	4.97e-04	6.66e-03	2.24e-02	1.78e-02	5.12e-02	4.10e-01	3.76e-01	1.01e-01	1.35e-02	9.07e-04	2.70e-05	6.07e-07	0.00e+00	0.00e+00	0.00e+00	0.00e+00
 2.95048e+22	3.54e-14	3.78e-09	1.81e-05	6.08e-04	7.81e-03	2.54e-02	1.93e-02	5.53e-02	4.20e-01	3.65e-01	9.36e-02	1.20e-02	7.72e-04	2.24e-05	4.85e-07	0.00e+00	0.00e+00	0.00e+00	0.00e+00
 2.97495e+22	4.58e-14	4.73e-09	2.19e-05	7.13e-04	8.85e-03	2.80e-02	2.06e-02	5.85e-02	4.27e-01	3.57e-01	8.82e-02	1.09e-02	6.82e-04	1.93e-05	4.09e-07	0.00e+00	0.00e+00	0.00e+00	0.00e+00
 2.99986e+22	6.41e-14	6.33e-09	2.80e-05	8.77e-04	1.04e-02	3.17e-02	2.24e-02	6.30e-02	4.35e-01	3.45e-01	8.12e-02	9.67e-03	5.77e-04	1.59e-05	3.25e-07	0.00e+00	0.00e+00	0.00e+00	0.00e+00
 3.02524e+22	8.37e-14	7.98e-09	3.41e-05	1.03e-03	1.18e-02	3.49e-02	2.39e-02	6.64e-02	4.41e-01	3.36e-01	7.60e-02	8.77e-03	5.06e-04	1.36e-05	2.72e-07	0.00e+00	0.00e+00	0.00e+00	0.00e+00
 3.05124e+22	1.19e-13	1.08e-08	4.42e-05	1.28e-03	1.40e-02	3.96e-02	2.59e-02	7.14e-02	4.48e-01	3.23e-01	6.94e-02	7.68e-03	4.24e-04	1.11e-05	2.13e-07	0.00e+00	0.00e+00	0.00e+00	0.00e+00
 3.07778e+22	1.57e-13	1.38e-08	5.42e-05	1.51e-03	1.59e-02	4.37e-02	2.76e-02	7.52e-02	4.52e-01	3.12e-01	6.46e-02	6.91e-03	3.69e-04	9.40e-06	1.76e-07	0.00e+00	0.00e+00	0.00e+00	0.00e+00
 3.10502e+22	2.26e-13	1.89e-08	7.08e-05	1.88e-03	1.88e-02	4.95e-02	2.99e-02	8.04e-02	4.56e-01	2.98e-01	5.86e-02	5.99e-03	3.06e-04	7.57e-06	1.37e-07	0.00e+00	0.00e+00	0.00e+00	0.00e+00
 3.13301e+22	3.03e-13	2.44e-08	8.78e-05	2.25e-03	2.16e-02	5.47e-02	3.18e-02	8.46e-02	4.59e-01	2.86e-01	5.40e-02	5.33e-03	2.63e-04	6.35e-06	0.00e+00	0.00e+00	0.00e+00	0.00e+00	0.00e+00
 3.16198e+22	4.43e-13	3.39e-08	1.16e-04	2.82e-03	2.56e-02	6.21e-02	3.44e-02	9.01e-02	4.61e-01	2.71e-01	4.84e-02	4.57e-03	2.15e-04	5.03e-06	0.00e+00	0.00e+00	0.00e+00	0.00e+00	0.00e+00
 3.19120e+22	5.94e-13	4.37e-08	1.44e-04	3.35e-03	2.92e-02	6.83e-02	3.65e-02	9.42e-02	4.60e-01	2.59e-01	4.44e-02	4.05e-03	1.84e-04	4.21e-06	0.00e+00	0.00e+00	0.00e+00	0.00e+00	0.00e+00
 3.22074e+22	8.74e-13	6.10e-08	1.91e-04	4.21e-03	3.47e-02	7.71e-02	3.92e-02	9.98e-02	4.59e-01	2.43e-01	3.94e-02	3.43e-03	1.48e-04	3.30e-06	0.00e+00	0.00e+00	0.00e+00	0.00e+00	0.00e+00
 3.25054e+22	1.17e-12	7.85e-08	2.36e-04	4.99e-03	3.94e-02	8.44e-02	4.14e-02	1.04e-01	4.56e-01	2.31e-01	3.59e-02	3.02e-03	1.26e-04	2.74e-06	0.00e+00	0.00e+00	0.00e+00	0.00e+00	0.00e+00
 3.28068e+22	1.72e-12	1.10e-07	3.11e-04	6.24e-03	4.65e-02	9.48e-02	4.43e-02	1.09e-01	4.50e-01	2.15e-01	3.16e-02	2.53e-03	1.01e-04	2.13e-06	0.00e+00	0.00e+00	0.00e+00	0.00e+00	0.00e+00
 3.31135e+22	2.32e-12	1.41e-07	3.86e-04	7.39e-03	5.27e-02	1.03e-01	4.65e-02	1.12e-01	4.44e-01	2.02e-01	2.85e-02	2.21e-03	8.50e-05	1.75e-06	0.00e+00	0.00e+00	0.00e+00	0.00e+00	0.00e+00
 3.34271e+22	3.43e-12	1.98e-07	5.11e-04	9.23e-03	6.20e-02	1.15e-01	4.93e-02	1.17e-01	4.34e-01	1.86e-01	2.47e-02	1.83e-03	6.69e-05	1.34e-06	0.00e+00	0.00e+00	0.00e+00	0.00e+00	0.00e+00
 3.37372e+22	4.55e-12	2.53e-07	6.25e-04	1.08e-02	6.96e-02	1.24e-01	5.14e-02	1.20e-01	4.25e-01	1.74e-01	2.22e-02	1.59e-03	5.62e-05	1.10e-06	0.00e+00	0.00e+00	0.00e+00	0.00e+00	0.00e+00
 3.39890e+22	5.88e-12	3.14e-07	7.50e-04	1.25e-02	7.71e-02	1.33e-01	5.31e-02	1.22e-01	4.16e-01	1.63e-01	2.01e-02	1.39e-03	4.77e-05	9.16e-07	0.00e+00	0.00e+00	0.00e+00	0.00e+00	0.00e+00
 3.42626e+22	8.08e-12	4.13e-07	9.39e-04	1.49e-02	8.73e-02	1.44e-01	5.52e-02	1.25e-01	4.04e-01	1.50e-01	1.77e-02	1.17e-03	3.88e-05	7.26e-07	0.00e+00	0.00e+00	0.00e+00	0.00e+00	0.00e+00
 3.45398e+22	1.05e-11	5.15e-07	1.13e-03	1.71e-02	9.65e-02	1.53e-01	5.69e-02	1.27e-01	3.92e-01	1.40e-01	1.58e-02	1.02e-03	3.25e-05	5.96e-07	0.00e+00	0.00e+00	0.00e+00	0.00e+00	0.00e+00
 3.47843e+22	1.34e-11	6.37e-07	1.34e-03	1.96e-02	1.06e-01	1.63e-01	5.83e-02	1.28e-01	3.80e-01	1.30e-01	1.41e-02	8.82e-04	2.74e-05	4.92e-07	0.00e+00	0.00e+00	0.00e+00	0.00e+00	0.00e+00
 3.50647e+22	1.83e-11	8.28e-07	1.67e-03	2.30e-02	1.19e-01	1.74e-01	5.99e-02	1.29e-01	3.63e-01	1.18e-01	1.23e-02	7.35e-04	2.19e-05	3.85e-07	0.00e+00	0.00e+00	0.00e+00	0.00e+00	0.00e+00
 3.53556e+22	2.41e-11	1.04e-06	2.01e-03	2.66e-02	1.31e-01	1.84e-01	6.11e-02	1.29e-01	3.48e-01	1.08e-01	1.07e-02	6.21e-04	1.79e-05	3.08e-07	0.00e+00	0.00e+00	0.00e+00	0.00e+00	0.00e+00
 3.56153e+22	3.08e-11	1.29e-06	2.38e-03	3.02e-02	1.42e-01	1.93e-01	6.20e-02	1.29e-01	3.33e-01	9.88e-02	9.46e-03	5.31e-04	1.48e-05	2.50e-07	0.00e+00	0.00e+00	0.00e+00	0.00e+00	0.00e+00
 3.59080e+22	4.18e-11	1.66e-06	2.93e-03	3.52e-02	1.57e-01	2.04e-01	6.28e-02	1.28e-01	3.13e-01	8.81e-02	8.05e-03	4.34e-04	1.17e-05	1.92e-07	0.00e+00	0.00e+00	0.00e+00	0.00e+00	0.00e+00
 3.62138e+22	5.51e-11	2.09e-06	3.53e-03	4.03e-02	1.72e-01	2.13e-01	6.33e-02	1.27e-01	2.95e-01	7.90e-02	6.90e-03	3.59e-04	9.31e-06	1.50e-07	0.00e+00	0.00e+00	0.00e+00	0.00e+00	0.00e+00
 3.64899e+22	7.06e-11	2.57e-06	4.17e-03	4.55e-02	1.85e-01	2.21e-01	6.35e-02	1.25e-01	2.78e-01	7.12e-02	5.97e-03	3.01e-04	7.55e-06	0.00e+00	0.00e+00	0.00e+00	0.00e+00	0.00e+00	0.00e+00
 3.68019e+22	9.61e-11	3.33e-06	5.11e-03	5.27e-02	2.03e-01	2.30e-01	6.34e-02	1.22e-01	2.57e-01	6.20e-02	4.95e-03	2.39e-04	5.76e-06	0.00e+00	0.00e+00	0.00e+00	0.00e+00	0.00e+00	0.00e+00
 3.71236e+22	1.26e-10	4.16e-06	6.10e-03	5.97e-02	2.19e-01	2.37e-01	6.30e-02	1.19e-01	2.38e-01	5.45e-02	4.16e-03	1.94e-04	4.50e-06	0.00e+00	0.00e+00	0.00e+00	0.00e+00	0.00e+00	0.00e+00
 3.74100e+22	1.60e-10	5.08e-06	7.14e-03	6.67e-02	2.33e-01	2.43e-01	6.23e-02	1.15e-01	2.21e-01	4.83e-02	3.53e-03	1.59e-04	3.58e-06	0.00e+00	0.00e+00	0.00e+00	0.00e+00	0.00e+00	0.00e+00
 3.77342e+22	2.17e-10	6.50e-06	8.66e-03	7.62e-02	2.52e-01	2.48e-01	6.12e-02	1.10e-01	1.99e-01	4.12e-02	2.86e-03	1.24e-04	2.67e-06	0.00e+00	0.00e+00	0.00e+00	0.00e+00	0.00e+00	0.00e+00
 3.80706e+22	2.83e-10	8.09e-06	1.02e-02	8.54e-02	2.68e-01	2.52e-01	5.98e-02	1.06e-01	1.81e-01	3.54e-02	2.35e-03	9.77e-05	2.03e-06	0.00e+00	0.00e+00	0.00e+00	0.00e+00	0.00e+00	0.00e+00
 3.83726e+22	3.59e-10	9.83e-06	1.19e-02	9.44e-02	2.82e-01	2.55e-01	5.83e-02	1.01e-01	1.65e-01	3.07e-02	1.95e-03	7.85e-05	1.58e-06	0.00e+00	0.00e+00	0.00e+00	0.00e+00	0.00e+00	0.00e+00
 3.87149e+22	4.84e-10	1.25e-05	1.43e-02	1.06e-01	2.99e-01	2.56e-01	5.62e-02	9.49e-02	1.46e-01	2.55e-02	1.54e-03	5.92e-05	1.14e-06	0.00e+00	0.00e+00	0.00e+00	0.00e+00	0.00e+00	0.00e+00
 3.90705e+22	6.30e-10	1.55e-05	1.68e-02	1.18e-01	3.14e-01	2.56e-01	5.41e-02	8.92e-02	1.30e-01	2.14e-02	1.23e-03	4.55e-05	8.42e-07	0.00e+00	0.00e+00	0.00e+00	0.00e+00	0.00e+00	0.00e+00
 3.93894e+22	7.98e-10	1.87e-05	1.93e-02	1.29e-01	3.26e-01	2.54e-01	5.20e-02	8.39e-02	1.16e-01	1.82e-02	1.00e-03	3.58e-05	6.39e-07	0.00e+00	0.00e+00	0.00e+00	0.00e+00	0.00e+00	0.00e+00
 3.97500e+22	1.08e-09	2.37e-05	2.31e-02	1.44e-01	3.40e-01	2.51e-01	4.91e-02	7.70e-02	1.00e-01	1.47e-02	7.62e-04	2.60e-05	4.44e-07	0.00e+00	0.00e+00	0.00e+00	0.00e+00	0.00e+00	0.00e+00
 4.01175e+22	1.38e-09	2.88e-05	2.67e-02	1.57e-01	3.51e-01	2.47e-01	4.66e-02	7.14e-02	8.77e-02	1.22e-02	6.03e-04	1.98e-05	3.26e-07	0.00e+00	0.00e+00	0.00e+00	0.00e+00	0.00e+00	0.00e+00
 4.04943e+22	1.85e-09	3.64e-05	3.16e-02	1.73e-01	3.62e-01	2.40e-01	4.34e-02	6.46e-02	7.43e-02	9.63e-03	4.50e-04	1.41e-05	2.22e-07	0.00e+00	0.00e+00	0.00e+00	0.00e+00	0.00e+00	0.00e+00
 4.08748e+22	2.35e-09	4.39e-05	3.61e-02	1.87e-01	3.70e-01	2.34e-01	4.08e-02	5.92e-02	6.45e-02	7.90e-03	3.52e-04	1.06e-05	1.61e-07	0.00e+00	0.00e+00	0.00e+00	0.00e+00	0.00e+00	0.00e+00
 4.12603e+22	3.16e-09	5.52e-05	4.25e-02	2.05e-01	3.77e-01	2.25e-01	3.75e-02	5.28e-02	5.37e-02	6.12e-03	2.57e-04	7.41e-06	0.00e+00	0.00e+00	0.00e+00	0.00e+00	0.00e+00	0.00e+00	0.00e+00
 4.16492e+22	3.98e-09	6.61e-05	4.82e-02	2.19e-01	3.81e-01	2.17e-01	3.50e-02	4.80e-02	4.62e-02	4.97e-03	1.99e-04	5.54e-06	0.00e+00	0.00e+00	0.00e+00	0.00e+00	0.00e+00	0.00e+00	0.00e+00
 4.20425e+22	5.32e-09	8.25e-05	5.63e-02	2.37e-01	3.84e-01	2.06e-01	3.18e-02	4.23e-02	3.80e-02	3.79e-03	1.43e-04	3.79e-06	0.00e+00	0.00e+00	0.00e+00	0.00e+00	0.00e+00	0.00e+00	0.00e+00
 4.24403e+22	6.67e-09	9.81e-05	6.34e-02	2.52e-01	3.85e-01	1.97e-01	2.94e-02	3.81e-02	3.23e-02	3.05e-03	1.10e-04	2.80e-06	0.00e+00	0.00e+00	0.00e+00	0.00e+00	0.00e+00	0.00e+00	0.00e+00
 4.28442e+22	8.88e-09	1.22e-04	7.36e-02	2.70e-01	3.84e-01	1.85e-01	2.64e-02	3.31e-02	2.62e-02	2.28e-03	7.75e-05	1.88e-06	0.00e+00	0.00e+00	0.00e+00	0.00e+00	0.00e+00	0.00e+00	0.00e+00
 4.32528e+22	1.11e-08	1.44e-04	8.23e-02	2.84e-01	3.81e-01	1.75e-01	2.42e-02	2.95e-02	2.21e-02	1.81e-03	5.87e-05	1.37e-06	0.00e+00	0.00e+00	0.00e+00	0.00e+00	0.00e+00	0.00e+00	0.00e+00
 4.36676e+22	1.47e-08	1.78e-04	9.47e-02	3.02e-01	3.75e-01	1.62e-01	2.15e-02	2.53e-02	1.76e-02	1.34e-03	4.09e-05	9.10e-07	0.00e+00	0.00e+00	0.00e+00	0.00e+00	0.00e+00	0.00e+00	0.00e+00
 4.40736e+22	1.80e-08	2.07e-04	1.04e-01	3.14e-01	3.70e-01	1.53e-01	1.97e-02	2.26e-02	1.49e-02	1.07e-03	3.12e-05	6.71e-07	0.00e+00	0.00e+00	0.00e+00	0.00e+00	0.00e+00	0.00e+00	0.00e+00
 4.44681e+22	2.34e-08	2.51e-04	1.18e-01	3.30e-01	3.61e-01	1.41e-01	1.75e-02	1.94e-02	1.20e-02	7.97e-04	2.20e-05	4.51e-07	0.00e+00	0.00e+00	0.00e+00	0.00e+00	0.00e+00	0.00e+00	0.00e+00
 4.48572e+22	2.82e-08	2.88e-04	1.29e-01	3.40e-01	3.54e-01	1.33e-01	1.60e-02	1.73e-02	1.02e-02	6.40e-04	1.70e-05	3.37e-07	0.00e+00	0.00e+00	0.00e+00	0.00e+00	0.00e+00	0.00e+00	0.00e+00
 4.51861e+22	3.39e-08	3.30e-04	1.40e-01	3.50e-01	3.45e-01	1.25e-01	1.46e-02	1.54e-02	8.60e-03	5.14e-04	1.31e-05	2.51e-07	0.00e+00	0.00e+00	0.00e+00	0.00e+00	0.00e+00	0.00e+00	0.00e+00
 4.55603e+22	4.26e-08	3.90e-04	1.56e-01	3.62e-01	3.34e-01	1.15e-01	1.30e-02	1.32e-02	6.96e-03	3.88e-04	9.38e-06	1.72e-07	0.00e+00	0.00e+00	0.00e+00	0.00e+00	0.00e+00	0.00e+00	0.00e+00
 4.59350e+22	5.10e-08	4.44e-04	1.68e-01	3.70e-01	3.24e-01	1.07e-01	1.18e-02	1.17e-02	5.87e-03	3.10e-04	7.20e-06	1.28e-07	0.00e+00	0.00e+00	0.00e+00	0.00e+00	0.00e+00	0.00e+00	0.00e+00
 4.63102e+22	6.37e-08	5.20e-04	1.85e-01	3.79e-01	3.11e-01	9.80e-02	1.05e-02	1.00e-02	4.73e-03	2.33e-04	5.15e-06	0.00e+00	0.00e+00	0.00e+00	0.00e+00	0.00e+00	0.00e+00	0.00e+00	0.00e+00
 4.66914e+22	7.63e-08	5.92e-04	2.00e-01	3.86e-01	3.00e-01	9.09e-02	9.47e-03	8.81e-03	3.95e-03	1.84e-04	3.91e-06	0.00e+00	0.00e+00	0.00e+00	0.00e+00	0.00e+00	0.00e+00	0.00e+00	0.00e+00
 4.70806e+22	9.53e-08	6.92e-04	2.19e-01	3.93e-01	2.86e-01	8.25e-02	8.32e-03	7.47e-03	3.15e-03	1.36e-04	2.76e-06	0.00e+00	0.00e+00	0.00e+00	0.00e+00	0.00e+00	0.00e+00	0.00e+00	0.00e+00
 4.74728e+22	1.14e-07	7.83e-04	2.35e-01	3.98e-01	2.74e-01	7.61e-02	7.49e-03	6.53e-03	2.62e-03	1.07e-04	2.09e-06	0.00e+00	0.00e+00	0.00e+00	0.00e+00	0.00e+00	0.00e+00	0.00e+00	0.00e+00
 4.78692e+22	1.42e-07	9.16e-04	2.56e-01	4.02e-01	2.58e-01	6.84e-02	6.50e-03	5.48e-03	2.06e-03	7.80e-05	1.45e-06	0.00e+00	0.00e+00	0.00e+00	0.00e+00	0.00e+00	0.00e+00	0.00e+00	0.00e+00
 4.82661e+22	1.68e-07	1.03e-03	2.73e-01	4.04e-01	2.46e-01	6.29e-02	5.84e-03	4.78e-03	1.71e-03	6.13e-05	1.09e-06	0.00e+00	0.00e+00	0.00e+00	0.00e+00	0.00e+00	0.00e+00	0.00e+00	0.00e+00
 4.85850e+22	1.94e-07	1.13e-03	2.88e-01	4.05e-01	2.36e-01	5.85e-02	5.31e-03	4.24e-03	1.46e-03	4.97e-05	8.60e-07	0.00e+00	0.00e+00	0.00e+00	0.00e+00	0.00e+00	0.00e+00	0.00e+00	0.00e+00
 4.89211e+22	2.30e-07	1.28e-03	3.07e-01	4.05e-01	2.24e-01	5.34e-02	4.73e-03	3.66e-03	1.20e-03	3.84e-05	6.40e-07	0.00e+00	0.00e+00	0.00e+00	0.00e+00	0.00e+00	0.00e+00	0.00e+00	0.00e+00
 4.92620e+22	2.66e-07	1.41e-03	3.23e-01	4.05e-01	2.13e-01	4.94e-02	4.28e-03	3.24e-03	1.02e-03	3.10e-05	4.99e-07	0.00e+00	0.00e+00	0.00e+00	0.00e+00	0.00e+00	0.00e+00	0.00e+00	0.00e+00
 4.95619e+22	3.05e-07	1.54e-03	3.38e-01	4.04e-01	2.03e-01	4.58e-02	3.89e-03	2.87e-03	8.64e-04	2.51e-05	3.93e-07	0.00e+00	0.00e+00	0.00e+00	0.00e+00	0.00e+00	0.00e+00	0.00e+00	0.00e+00
 4.99044e+22	3.61e-07	1.73e-03	3.58e-01	4.01e-01	1.91e-01	4.16e-02	3.44e-03	2.46e-03	7.05e-04	1.93e-05	2.90e-07	0.00e+00	0.00e+00	0.00e+00	0.00e+00	0.00e+00	0.00e+00	0.00e+00	0.00e+00
 5.02511e+22	4.15e-07	1.89e-03	3.75e-01	3.98e-01	1.81e-01	3.83e-02	3.11e-03	2.17e-03	5.95e-04	1.54e-05	2.25e-07	0.00e+00	0.00e+00	0.00e+00	0.00e+00	0.00e+00	0.00e+00	0.00e+00	0.00e+00
 5.05549e+22	4.74e-07	2.07e-03	3.91e-01	3.95e-01	1.72e-01	3.53e-02	2.81e-03	1.91e-03	5.04e-04	1.25e-05	1.77e-07	0.00e+00	0.00e+00	0.00e+00	0.00e+00	0.00e+00	0.00e+00	0.00e+00	0.00e+00
 5.09016e+22	5.61e-07	2.31e-03	4.12e-01	3.89e-01	1.60e-01	3.18e-02	2.47e-03	1.63e-03	4.08e-04	9.45e-06	1.29e-07	0.00e+00	0.00e+00	0.00e+00	0.00e+00	0.00e+00	0.00e+00	0.00e+00	0.00e+00
 5.12510e+22	6.39e-07	2.52e-03	4.28e-01	3.84e-01	1.52e-01	2.93e-02	2.23e-03	1.44e-03	3.46e-04	7.62e-06	0.00e+00	0.00e+00	0.00e+00	0.00e+00	0.00e+00	0.00e+00	0.00e+00	0.00e+00	0.00e+00
 5.16040e+22	7.52e-07	2.79e-03	4.49e-01	3.78e-01	1.41e-01	2.64e-02	1.96e-03	1.22e-03	2.80e-04	5.79e-06	0.00e+00	0.00e+00	0.00e+00	0.00e+00	0.00e+00	0.00e+00	0.00e+00	0.00e+00	0.00e+00
 5.19627e+22	8.62e-07	3.05e-03	4.66e-01	3.71e-01	1.32e-01	2.41e-02	1.75e-03	1.07e-03	2.34e-04	4.59e-06	0.00e+00	0.00e+00	0.00e+00	0.00e+00	0.00e+00	0.00e+00	0.00e+00	0.00e+00	0.00e+00
 5.22594e+22	9.68e-07	3.28e-03	4.81e-01	3.65e-01	1.25e-01	2.23e-02	1.59e-03	9.49e-04	2.01e-04	3.76e-06	0.00e+00	0.00e+00	0.00e+00	0.00e+00	0.00e+00	0.00e+00	0.00e+00	0.00e+00	0.00e+00
 5.25761e+22	1.11e-06	3.58e-03	4.99e-01	3.58e-01	1.17e-01	2.03e-02	1.42e-03	8.24e-04	1.67e-04	2.95e-06	0.00e+00	0.00e+00	0.00e+00	0.00e+00	0.00e+00	0.00e+00	0.00e+00	0.00e+00	0.00e+00
 5.29249e+22	1.27e-06	3.89e-03	5.16e-01	3.50e-01	1.10e-01	1.85e-02	1.27e-03	7.18e-04	1.39e-04	2.33e-06	0.00e+00	0.00e+00	0.00e+00	0.00e+00	0.00e+00	0.00e+00	0.00e+00	0.00e+00	0.00e+00
 5.32628e+22	1.45e-06	4.23e-03	5.33e-01	3.42e-01	1.02e-01	1.68e-02	1.13e-03	6.23e-04	1.15e-04	1.83e-06	0.00e+00	0.00e+00	0.00e+00	0.00e+00	0.00e+00	0.00e+00	0.00e+00	0.00e+00	0.00e+00
 5.35964e+22	1.65e-06	4.58e-03	5.50e-01	3.33e-01	9.55e-02	1.53e-02	1.01e-03	5.44e-04	9.65e-05	1.46e-06	0.00e+00	0.00e+00	0.00e+00	0.00e+00	0.00e+00	0.00e+00	0.00e+00	0.00e+00	0.00e+00
 5.39772e+22	1.93e-06	5.05e-03	5.71e-01	3.22e-01	8.73e-02	1.36e-02	8.72e-04	4.57e-04	7.67e-05	1.08e-06	0.00e+00	0.00e+00	0.00e+00	0.00e+00	0.00e+00	0.00e+00	0.00e+00	0.00e+00	0.00e+00
 5.43649e+22	2.21e-06	5.48e-03	5.87e-01	3.13e-01	8.10e-02	1.23e-02	7.72e-04	3.95e-04	6.33e-05	8.44e-07	0.00e+00	0.00e+00	0.00e+00	0.00e+00	0.00e+00	0.00e+00	0.00e+00	0.00e+00	0.00e+00
 5.47614e+22	2.61e-06	6.06e-03	6.08e-01	3.00e-01	7.35e-02	1.08e-02	6.62e-04	3.29e-04	4.97e-05	6.17e-07	0.00e+00	0.00e+00	0.00e+00	0.00e+00	0.00e+00	0.00e+00	0.00e+00	0.00e+00	0.00e+00
 5.51623e+22	2.97e-06	6.55e-03	6.24e-01	2.91e-01	6.80e-02	9.78e-03	5.87e-04	2.85e-04	4.10e-05	4.82e-07	0.00e+00	0.00e+00	0.00e+00	0.00e+00	0.00e+00	0.00e+00	0.00e+00	0.00e+00	0.00e+00
 5.55688e+22	3.48e-06	7.20e-03	6.44e-01	2.78e-01	6.17e-02	8.61e-03	5.04e-04	2.38e-04	3.23e-05	3.54e-07	0.00e+00	0.00e+00	0.00e+00	0.00e+00	0.00e+00	0.00e+00	0.00e+00	0.00e+00	0.00e+00
 5.59872e+22	3.99e-06	7.80e-03	6.60e-01	2.68e-01	5.66e-02	7.71e-03	4.42e-04	2.04e-04	2.63e-05	2.71e-07	0.00e+00	0.00e+00	0.00e+00	0.00e+00	0.00e+00	0.00e+00	0.00e+00	0.00e+00	0.00e+00
 5.63626e+22	4.55e-06	8.43e-03	6.75e-01	2.57e-01	5.20e-02	6.92e-03	3.88e-04	1.76e-04	2.15e-05	2.09e-07	0.00e+00	0.00e+00	0.00e+00	0.00e+00	0.00e+00	0.00e+00	0.00e+00	0.00e+00	0.00e+00
 5.66827e+22	5.01e-06	8.93e-03	6.86e-01	2.49e-01	4.88e-02	6.39e-03	3.53e-04	1.58e-04	1.85e-05	1.73e-07	0.00e+00	0.00e+00	0.00e+00	0.00e+00	0.00e+00	0.00e+00	0.00e+00	0.00e+00	0.00e+00
 5.69894e+22	5.63e-06	9.55e-03	7.00e-01	2.39e-01	4.52e-02	5.80e-03	3.14e-04	1.38e-04	1.55e-05	1.37e-07	0.00e+00	0.00e+00	0.00e+00	0.00e+00	0.00e+00	0.00e+00	0.00e+00	0.00e+00	0.00e+00
 5.73036e+22	6.21e-06	1.01e-02	7.10e-01	2.31e-01	4.23e-02	5.34e-03	2.85e-04	1.24e-04	1.33e-05	0.00e+00	0.00e+00	0.00e+00	0.00e+00	0.00e+00	0.00e+00	0.00e+00	0.00e+00	0.00e+00	0.00e+00
 5.75852e+22	6.83e-06	1.07e-02	7.21e-01	2.24e-01	3.97e-02	4.92e-03	2.59e-04	1.11e-04	1.14e-05	0.00e+00	0.00e+00	0.00e+00	0.00e+00	0.00e+00	0.00e+00	0.00e+00	0.00e+00	0.00e+00	0.00e+00
 5.79090e+22	7.68e-06	1.14e-02	7.33e-01	2.14e-01	3.66e-02	4.45e-03	2.30e-04	9.70e-05	9.48e-06	0.00e+00	0.00e+00	0.00e+00	0.00e+00	0.00e+00	0.00e+00	0.00e+00	0.00e+00	0.00e+00	0.00e+00
 5.82392e+22	8.50e-06	1.21e-02	7.44e-01	2.06e-01	3.41e-02	4.08e-03	2.07e-04	8.65e-05	8.08e-06	0.00e+00	0.00e+00	0.00e+00	0.00e+00	0.00e+00	0.00e+00	0.00e+00	0.00e+00	0.00e+00	0.00e+00
 5.85314e+22	9.38e-06	1.28e-02	7.53e-01	1.98e-01	3.18e-02	3.74e-03	1.87e-04	7.74e-05	6.90e-06	0.00e+00	0.00e+00	0.00e+00	0.00e+00	0.00e+00	0.00e+00	0.00e+00	0.00e+00	0.00e+00	0.00e+00
 5.88653e+22	1.06e-05	1.37e-02	7.66e-01	1.88e-01	2.91e-02	3.35e-03	1.64e-04	6.72e-05	5.65e-06	0.00e+00	0.00e+00	0.00e+00	0.00e+00	0.00e+00	0.00e+00	0.00e+00	0.00e+00	0.00e+00	0.00e+00
 5.92018e+22	1.17e-05	1.45e-02	7.74e-01	1.81e-01	2.72e-02	3.08e-03	1.49e-04	6.02e-05	4.82e-06	0.00e+00	0.00e+00	0.00e+00	0.00e+00	0.00e+00	0.00e+00	0.00e+00	0.00e+00	0.00e+00	0.00e+00
 5.95418e+22	1.32e-05	1.55e-02	7.85e-01	1.71e-01	2.49e-02	2.76e-03	1.31e-04	5.26e-05	3.96e-06	0.00e+00	0.00e+00	0.00e+00	0.00e+00	0.00e+00	0.00e+00	0.00e+00	0.00e+00	0.00e+00	0.00e+00
 5.98924e+22	1.46e-05	1.64e-02	7.94e-01	1.63e-01	2.30e-02	2.51e-03	1.17e-04	4.68e-05	3.34e-06	0.00e+00	0.00e+00	0.00e+00	0.00e+00	0.00e+00	0.00e+00	0.00e+00	0.00e+00	0.00e+00	0.00e+00
 6.02084e+22	1.62e-05	1.73e-02	8.03e-01	1.56e-01	2.14e-02	2.29e-03	1.05e-04	4.18e-05	2.82e-06	0.00e+00	0.00e+00	0.00e+00	0.00e+00	0.00e+00	0.00e+00	0.00e+00	0.00e+00	0.00e+00	0.00e+00
 6.05708e+22	1.84e-05	1.86e-02	8.13e-01	1.47e-01	1.94e-02	2.04e-03	9.15e-05	3.61e-05	2.27e-06	0.00e+00	0.00e+00	0.00e+00	0.00e+00	0.00e+00	0.00e+00	0.00e+00	0.00e+00	0.00e+00	0.00e+00
 6.09383e+22	2.04e-05	1.96e-02	8.21e-01	1.40e-01	1.79e-02	1.86e-03	8.20e-05	3.23e-05	1.92e-06	0.00e+00	0.00e+00	0.00e+00	0.00e+00	0.00e+00	0.00e+00	0.00e+00	0.00e+00	0.00e+00	0.00e+00
 6.13125e+22	2.33e-05	2.11e-02	8.30e-01	1.31e-01	1.62e-02	1.64e-03	7.11e-05	2.79e-05	1.54e-06	0.00e+00	0.00e+00	0.00e+00	0.00e+00	0.00e+00	0.00e+00	0.00e+00	0.00e+00	0.00e+00	0.00e+00
 6.16963e+22	2.59e-05	2.23e-02	8.37e-01	1.24e-01	1.49e-02	1.49e-03	6.33e-05	2.48e-05	1.28e-06	0.00e+00	0.00e+00	0.00e+00	0.00e+00	0.00e+00	0.00e+00	0.00e+00	0.00e+00	0.00e+00	0.00e+00
 6.20927e+22	2.96e-05	2.40e-02	8.46e-01	1.15e-01	1.34e-02	1.31e-03	5.46e-05	2.14e-05	1.02e-06	0.00e+00	0.00e+00	0.00e+00	0.00e+00	0.00e+00	0.00e+00	0.00e+00	0.00e+00	0.00e+00	0.00e+00
 6.24958e+22	3.31e-05	2.54e-02	8.52e-01	1.09e-01	1.23e-02	1.19e-03	4.84e-05	1.90e-05	8.43e-07	0.00e+00	0.00e+00	0.00e+00	0.00e+00	0.00e+00	0.00e+00	0.00e+00	0.00e+00	0.00e+00	0.00e+00
 6.29075e+22	3.80e-05	2.73e-02	8.60e-01	1.00e-01	1.11e-02	1.04e-03	4.15e-05	1.64e-05	6.62e-07	0.00e+00	0.00e+00	0.00e+00	0.00e+00	0.00e+00	0.00e+00	0.00e+00	0.00e+00	0.00e+00	0.00e+00
 6.33250e+22	4.25e-05	2.90e-02	8.66e-01	9.43e-02	1.01e-02	9.37e-04	3.67e-05	1.46e-05	5.46e-07	0.00e+00	0.00e+00	0.00e+00	0.00e+00	0.00e+00	0.00e+00	0.00e+00	0.00e+00	0.00e+00	0.00e+00
 6.37500e+22	4.87e-05	3.11e-02	8.72e-01	8.69e-02	9.06e-03	8.22e-04	3.15e-05	1.26e-05	4.29e-07	0.00e+00	0.00e+00	0.00e+00	0.00e+00	0.00e+00	0.00e+00	0.00e+00	0.00e+00	0.00e+00	0.00e+00
 6.41861e+22	5.49e-05	3.31e-02	8.77e-01	8.11e-02	8.24e-03	7.35e-04	2.77e-05	1.11e-05	3.49e-07	0.00e+00	0.00e+00	0.00e+00	0.00e+00	0.00e+00	0.00e+00	0.00e+00	0.00e+00	0.00e+00	0.00e+00
 6.46367e+22	6.39e-05	3.58e-02	8.82e-01	7.37e-02	7.29e-03	6.36e-04	2.34e-05	9.47e-06	2.68e-07	0.00e+00	0.00e+00	0.00e+00	0.00e+00	0.00e+00	0.00e+00	0.00e+00	0.00e+00	0.00e+00	0.00e+00
 6.50877e+22	7.16e-05	3.79e-02	8.86e-01	6.88e-02	6.64e-03	5.71e-04	2.06e-05	8.41e-06	2.19e-07	0.00e+00	0.00e+00	0.00e+00	0.00e+00	0.00e+00	0.00e+00	0.00e+00	0.00e+00	0.00e+00	0.00e+00
 6.55391e+22	8.29e-05	4.08e-02	8.90e-01	6.24e-02	5.89e-03	4.97e-04	1.75e-05	7.23e-06	1.68e-07	0.00e+00	0.00e+00	0.00e+00	0.00e+00	0.00e+00	0.00e+00	0.00e+00	0.00e+00	0.00e+00	0.00e+00
 6.60065e+22	9.42e-05	4.35e-02	8.93e-01	5.76e-02	5.31e-03	4.41e-04	1.52e-05	6.35e-06	1.35e-07	0.00e+00	0.00e+00	0.00e+00	0.00e+00	0.00e+00	0.00e+00	0.00e+00	0.00e+00	0.00e+00	0.00e+00
 6.64949e+22	1.10e-04	4.71e-02	8.96e-01	5.15e-02	4.66e-03	3.79e-04	1.28e-05	5.40e-06	0.00e+00	0.00e+00	0.00e+00	0.00e+00	0.00e+00	0.00e+00	0.00e+00	0.00e+00	0.00e+00	0.00e+00	0.00e+00
 6.69944e+22	1.26e-04	5.02e-02	8.98e-01	4.73e-02	4.19e-03	3.36e-04	1.11e-05	4.75e-06	0.00e+00	0.00e+00	0.00e+00	0.00e+00	0.00e+00	0.00e+00	0.00e+00	0.00e+00	0.00e+00	0.00e+00	0.00e+00
 6.75082e+22	1.49e-04	5.46e-02	9.00e-01	4.17e-02	3.64e-03	2.85e-04	9.24e-06	3.99e-06	0.00e+00	0.00e+00	0.00e+00	0.00e+00	0.00e+00	0.00e+00	0.00e+00	0.00e+00	0.00e+00	0.00e+00	0.00e+00
 6.80351e+22	1.71e-04	5.83e-02	9.00e-01	3.78e-02	3.26e-03	2.51e-04	8.00e-06	3.49e-06	0.00e+00	0.00e+00	0.00e+00	0.00e+00	0.00e+00	0.00e+00	0.00e+00	0.00e+00	0.00e+00	0.00e+00	0.00e+00
 6.85789e+22	2.05e-04	6.36e-02	9.00e-01	3.28e-02	2.80e-03	2.12e-04	6.58e-06	2.91e-06	0.00e+00	0.00e+00	0.00e+00	0.00e+00	0.00e+00	0.00e+00	0.00e+00	0.00e+00	0.00e+00	0.00e+00	0.00e+00
 6.91421e+22	2.38e-04	6.83e-02	9.00e-01	2.92e-02	2.47e-03	1.84e-04	5.63e-06	2.51e-06	0.00e+00	0.00e+00	0.00e+00	0.00e+00	0.00e+00	0.00e+00	0.00e+00	0.00e+00	0.00e+00	0.00e+00	0.00e+00
 6.97306e+22	2.91e-04	7.50e-02	8.98e-01	2.47e-02	2.09e-03	1.53e-04	4.57e-06	2.06e-06	0.00e+00	0.00e+00	0.00e+00	0.00e+00	0.00e+00	0.00e+00	0.00e+00	0.00e+00	0.00e+00	0.00e+00	0.00e+00
 7.03450e+22	3.46e-04	8.13e-02	8.95e-01	2.15e-02	1.82e-03	1.30e-04	3.85e-06	1.75e-06	0.00e+00	0.00e+00	0.00e+00	0.00e+00	0.00e+00	0.00e+00	0.00e+00	0.00e+00	0.00e+00	0.00e+00	0.00e+00
 7.09071e+22	4.12e-04	8.81e-02	8.91e-01	1.84e-02	1.57e-03	1.11e-04	3.23e-06	1.47e-06	0.00e+00	0.00e+00	0.00e+00	0.00e+00	0.00e+00	0.00e+00	0.00e+00	0.00e+00	0.00e+00	0.00e+00	0.00e+00
 7.13910e+22	4.70e-04	9.34e-02	8.88e-01	1.64e-02	1.42e-03	9.88e-05	2.85e-06	1.30e-06	0.00e+00	0.00e+00	0.00e+00	0.00e+00	0.00e+00	0.00e+00	0.00e+00	0.00e+00	0.00e+00	0.00e+00	0.00e+00
 7.18593e+22	5.55e-04	1.01e-01	8.84e-01	1.40e-02	1.23e-03	8.45e-05	2.42e-06	1.10e-06	0.00e+00	0.00e+00	0.00e+00	0.00e+00	0.00e+00	0.00e+00	0.00e+00	0.00e+00	0.00e+00	0.00e+00	0.00e+00
 7.23442e+22	6.48e-04	1.08e-01	8.78e-01	1.22e-02	1.09e-03	7.36e-05	2.10e-06	9.53e-07	0.00e+00	0.00e+00	0.00e+00	0.00e+00	0.00e+00	0.00e+00	0.00e+00	0.00e+00	0.00e+00	0.00e+00	0.00e+00
 7.28507e+22	7.88e-04	1.17e-01	8.71e-01	1.00e-02	9.20e-04	6.14e-05	1.75e-06	7.84e-07	0.00e+00	0.00e+00	0.00e+00	0.00e+00	0.00e+00	0.00e+00	0.00e+00	0.00e+00	0.00e+00	0.00e+00	0.00e+00
 7.33678e+22	9.34e-04	1.26e-01	8.64e-01	8.44e-03	7.98e-04	5.26e-05	1.51e-06	6.64e-07	0.00e+00	0.00e+00	0.00e+00	0.00e+00	0.00e+00	0.00e+00	0.00e+00	0.00e+00	0.00e+00	0.00e+00	0.00e+00
 7.38988e+22	1.16e-03	1.37e-01	8.54e-01	6.68e-03	6.59e-04	4.27e-05	1.23e-06	5.31e-07	0.00e+00	0.00e+00	0.00e+00	0.00e+00	0.00e+00	0.00e+00	0.00e+00	0.00e+00	0.00e+00	0.00e+00	0.00e+00
 7.43870e+22	1.37e-03	1.47e-01	8.46e-01	5.62e-03	5.73e-04	3.67e-05	1.07e-06	4.52e-07	0.00e+00	0.00e+00	0.00e+00	0.00e+00	0.00e+00	0.00e+00	0.00e+00	0.00e+00	0.00e+00	0.00e+00	0.00e+00
 7.47489e+22	1.59e-03	1.55e-01	8.38e-01	4.78e-03	5.04e-04	3.19e-05	9.43e-07	3.89e-07	0.00e+00	0.00e+00	0.00e+00	0.00e+00	0.00e+00	0.00e+00	0.00e+00	0.00e+00	0.00e+00	0.00e+00	0.00e+00
 7.51482e+22	1.91e-03	1.66e-01	8.28e-01	3.86e-03	4.24e-04	2.65e-05	7.98e-07	3.19e-07	0.00e+00	0.00e+00	0.00e+00	0.00e+00	0.00e+00	0.00e+00	0.00e+00	0.00e+00	0.00e+00	0.00e+00	0.00e+00
 7.55782e+22	2.32e-03	1.78e-01	8.16e-01	3.08e-03	3.54e-04	2.19e-05	6.73e-07	2.59e-07	0.00e+00	0.00e+00	0.00e+00	0.00e+00	0.00e+00	0.00e+00	0.00e+00	0.00e+00	0.00e+00	0.00e+00	0.00e+00
 7.59733e+22	2.81e-03	1.90e-01	8.04e-01	2.45e-03	2.94e-04	1.80e-05	5.67e-07	2.10e-07	0.00e+00	0.00e+00	0.00e+00	0.00e+00	0.00e+00	0.00e+00	0.00e+00	0.00e+00	0.00e+00	0.00e+00	0.00e+00
 7.63457e+22	3.41e-03	2.03e-01	7.92e-01	1.93e-03	2.42e-04	1.46e-05	4.74e-07	1.69e-07	0.00e+00	0.00e+00	0.00e+00	0.00e+00	0.00e+00	0.00e+00	0.00e+00	0.00e+00	0.00e+00	0.00e+00	0.00e+00
 7.66956e+22	4.16e-03	2.16e-01	7.79e-01	1.50e-03	1.97e-04	1.18e-05	3.95e-07	1.35e-07	0.00e+00	0.00e+00	0.00e+00	0.00e+00	0.00e+00	0.00e+00	0.00e+00	0.00e+00	0.00e+00	0.00e+00	0.00e+00
