#depth	Ne	Ne+	Ne+2	Ne+3	Ne+4	Ne+5	Ne+6	Ne+7	Ne+8	Ne+9	Ne+10
 4.62852e+21	6.08e-23	8.57e-18	7.66e-14	1.02e-10	3.44e-08	2.73e-06	6.89e-05	1.08e-03	6.85e-02	3.81e-01	5.49e-01
 1.02921e+22	1.53e-20	1.25e-15	6.20e-12	4.59e-09	9.25e-07	4.35e-05	5.96e-04	4.70e-03	1.57e-01	4.69e-01	3.69e-01
 1.17207e+22	7.23e-20	5.13e-15	2.18e-11	1.37e-08	2.41e-06	9.77e-05	1.12e-03	7.21e-03	1.97e-01	4.83e-01	3.12e-01
 1.23110e+22	1.46e-19	9.76e-15	3.88e-11	2.27e-08	3.73e-06	1.41e-04	1.50e-03	8.76e-03	2.17e-01	4.86e-01	2.86e-01
 1.25575e+22	1.73e-19	1.14e-14	4.44e-11	2.55e-08	4.13e-06	1.54e-04	1.61e-03	9.17e-03	2.23e-01	4.86e-01	2.80e-01
 1.26716e+22	2.17e-19	1.40e-14	5.34e-11	2.99e-08	4.75e-06	1.74e-04	1.77e-03	9.76e-03	2.30e-01	4.87e-01	2.72e-01
 1.28001e+22	2.68e-19	1.69e-14	6.35e-11	3.48e-08	5.42e-06	1.94e-04	1.93e-03	1.03e-02	2.36e-01	4.87e-01	2.64e-01
 1.29247e+22	3.27e-19	2.03e-14	7.46e-11	4.01e-08	6.14e-06	2.16e-04	2.09e-03	1.09e-02	2.43e-01	4.87e-01	2.57e-01
 1.30642e+22	4.22e-19	2.57e-14	9.20e-11	4.81e-08	7.19e-06	2.46e-04	2.32e-03	1.17e-02	2.52e-01	4.86e-01	2.48e-01
 1.32045e+22	5.13e-19	3.06e-14	1.08e-10	5.53e-08	8.12e-06	2.73e-04	2.51e-03	1.23e-02	2.58e-01	4.86e-01	2.41e-01
 1.33456e+22	6.56e-19	3.84e-14	1.32e-10	6.60e-08	9.46e-06	3.10e-04	2.78e-03	1.32e-02	2.67e-01	4.85e-01	2.33e-01
 1.34907e+22	8.02e-19	4.61e-14	1.56e-10	7.61e-08	1.07e-05	3.45e-04	3.02e-03	1.39e-02	2.74e-01	4.83e-01	2.26e-01
 1.36408e+22	1.03e-18	5.80e-14	1.91e-10	9.10e-08	1.25e-05	3.93e-04	3.34e-03	1.49e-02	2.83e-01	4.82e-01	2.17e-01
 1.37950e+22	1.27e-18	7.02e-14	2.27e-10	1.06e-07	1.43e-05	4.38e-04	3.63e-03	1.57e-02	2.90e-01	4.80e-01	2.10e-01
 1.39547e+22	1.65e-18	8.89e-14	2.80e-10	1.27e-07	1.67e-05	5.00e-04	4.03e-03	1.69e-02	2.99e-01	4.78e-01	2.02e-01
 1.41187e+22	2.04e-18	1.08e-13	3.34e-10	1.48e-07	1.91e-05	5.59e-04	4.39e-03	1.78e-02	3.07e-01	4.75e-01	1.95e-01
 1.42884e+22	2.66e-18	1.38e-13	4.15e-10	1.79e-07	2.25e-05	6.41e-04	4.87e-03	1.91e-02	3.17e-01	4.72e-01	1.86e-01
 1.44635e+22	3.34e-18	1.69e-13	4.99e-10	2.10e-07	2.58e-05	7.19e-04	5.33e-03	2.02e-02	3.26e-01	4.69e-01	1.79e-01
 1.46459e+22	4.40e-18	2.18e-13	6.26e-10	2.56e-07	3.06e-05	8.28e-04	5.94e-03	2.17e-02	3.36e-01	4.65e-01	1.71e-01
 1.48337e+22	5.56e-18	2.70e-13	7.57e-10	3.02e-07	3.53e-05	9.33e-04	6.50e-03	2.30e-02	3.45e-01	4.61e-01	1.64e-01
 1.50032e+22	6.98e-18	3.32e-13	9.11e-10	3.55e-07	4.06e-05	1.05e-03	7.10e-03	2.44e-02	3.53e-01	4.57e-01	1.57e-01
 1.51977e+22	9.29e-18	4.31e-13	1.15e-09	4.34e-07	4.83e-05	1.21e-03	7.93e-03	2.62e-02	3.64e-01	4.52e-01	1.49e-01
 1.53961e+22	1.18e-17	5.35e-13	1.40e-09	5.13e-07	5.58e-05	1.36e-03	8.68e-03	2.77e-02	3.73e-01	4.47e-01	1.42e-01
 1.55994e+22	1.57e-17	6.98e-13	1.77e-09	6.32e-07	6.67e-05	1.58e-03	9.72e-03	2.98e-02	3.84e-01	4.41e-01	1.34e-01
 1.58054e+22	2.00e-17	8.68e-13	2.15e-09	7.48e-07	7.71e-05	1.78e-03	1.06e-02	3.16e-02	3.93e-01	4.35e-01	1.28e-01
 1.60150e+22	2.69e-17	1.14e-12	2.75e-09	9.25e-07	9.26e-05	2.07e-03	1.19e-02	3.40e-02	4.05e-01	4.27e-01	1.20e-01
 1.62267e+22	3.40e-17	1.41e-12	3.33e-09	1.09e-06	1.07e-04	2.33e-03	1.31e-02	3.60e-02	4.14e-01	4.21e-01	1.14e-01
 1.64411e+22	4.58e-17	1.86e-12	4.27e-09	1.36e-06	1.29e-04	2.72e-03	1.47e-02	3.87e-02	4.25e-01	4.12e-01	1.06e-01
 1.66566e+22	5.76e-17	2.29e-12	5.15e-09	1.60e-06	1.49e-04	3.06e-03	1.61e-02	4.09e-02	4.34e-01	4.05e-01	1.01e-01
 1.68356e+22	7.05e-17	2.77e-12	6.10e-09	1.85e-06	1.69e-04	3.41e-03	1.74e-02	4.30e-02	4.41e-01	3.99e-01	9.59e-02
 1.70306e+22	9.14e-17	3.52e-12	7.59e-09	2.24e-06	1.99e-04	3.91e-03	1.94e-02	4.59e-02	4.51e-01	3.90e-01	8.96e-02
 1.72247e+22	1.11e-16	4.21e-12	8.94e-09	2.58e-06	2.25e-04	4.33e-03	2.09e-02	4.82e-02	4.58e-01	3.83e-01	8.51e-02
 1.74177e+22	1.42e-16	5.31e-12	1.10e-08	3.11e-06	2.65e-04	4.96e-03	2.32e-02	5.14e-02	4.68e-01	3.73e-01	7.93e-02
 1.76133e+22	1.73e-16	6.36e-12	1.30e-08	3.59e-06	3.00e-04	5.51e-03	2.51e-02	5.39e-02	4.75e-01	3.65e-01	7.50e-02
 1.78121e+22	2.20e-16	7.99e-12	1.60e-08	4.32e-06	3.53e-04	6.32e-03	2.78e-02	5.75e-02	4.84e-01	3.55e-01	6.94e-02
 1.80133e+22	2.66e-16	9.55e-12	1.89e-08	4.99e-06	4.01e-04	7.02e-03	3.01e-02	6.03e-02	4.90e-01	3.47e-01	6.54e-02
 1.82176e+22	3.38e-16	1.20e-11	2.33e-08	5.99e-06	4.72e-04	8.06e-03	3.35e-02	6.43e-02	4.98e-01	3.35e-01	6.02e-02
 1.84258e+22	4.06e-16	1.43e-11	2.74e-08	6.93e-06	5.37e-04	8.99e-03	3.63e-02	6.76e-02	5.04e-01	3.26e-01	5.62e-02
 1.86391e+22	5.10e-16	1.78e-11	3.37e-08	8.34e-06	6.33e-04	1.03e-02	4.05e-02	7.22e-02	5.12e-01	3.13e-01	5.13e-02
 1.88564e+22	6.09e-16	2.11e-11	3.96e-08	9.64e-06	7.21e-04	1.16e-02	4.40e-02	7.59e-02	5.17e-01	3.03e-01	4.76e-02
 1.90792e+22	7.56e-16	2.61e-11	4.86e-08	1.16e-05	8.52e-04	1.33e-02	4.90e-02	8.11e-02	5.23e-01	2.90e-01	4.30e-02
 1.93042e+22	8.88e-16	3.07e-11	5.67e-08	1.33e-05	9.68e-04	1.49e-02	5.33e-02	8.52e-02	5.27e-01	2.79e-01	3.96e-02
 1.94944e+22	1.02e-15	3.53e-11	6.52e-08	1.51e-05	1.09e-03	1.65e-02	5.75e-02	8.92e-02	5.30e-01	2.69e-01	3.66e-02
 1.97012e+22	1.20e-15	4.18e-11	7.71e-08	1.77e-05	1.25e-03	1.86e-02	6.32e-02	9.44e-02	5.33e-01	2.57e-01	3.31e-02
 1.99084e+22	1.36e-15	4.76e-11	8.77e-08	1.99e-05	1.40e-03	2.05e-02	6.79e-02	9.86e-02	5.34e-01	2.47e-01	3.05e-02
 2.01112e+22	1.55e-15	5.50e-11	1.02e-07	2.29e-05	1.60e-03	2.30e-02	7.41e-02	1.04e-01	5.36e-01	2.34e-01	2.75e-02
 2.03180e+22	1.72e-15	6.19e-11	1.15e-07	2.57e-05	1.79e-03	2.53e-02	7.96e-02	1.08e-01	5.36e-01	2.24e-01	2.52e-02
 2.05208e+22	1.91e-15	6.99e-11	1.31e-07	2.92e-05	2.01e-03	2.82e-02	8.61e-02	1.14e-01	5.35e-01	2.13e-01	2.27e-02
 2.07278e+22	2.09e-15	7.78e-11	1.48e-07	3.27e-05	2.25e-03	3.10e-02	9.25e-02	1.19e-01	5.33e-01	2.02e-01	2.06e-02
 2.09320e+22	2.26e-15	8.62e-11	1.66e-07	3.67e-05	2.51e-03	3.42e-02	9.94e-02	1.24e-01	5.30e-01	1.91e-01	1.85e-02
 2.11376e+22	2.42e-15	9.47e-11	1.85e-07	4.09e-05	2.80e-03	3.75e-02	1.06e-01	1.29e-01	5.27e-01	1.81e-01	1.67e-02
 2.13407e+22	2.57e-15	1.03e-10	2.06e-07	4.55e-05	3.10e-03	4.10e-02	1.13e-01	1.34e-01	5.23e-01	1.71e-01	1.50e-02
 2.15435e+22	2.70e-15	1.12e-10	2.27e-07	5.05e-05	3.43e-03	4.48e-02	1.21e-01	1.39e-01	5.18e-01	1.61e-01	1.35e-02
 2.17464e+22	2.82e-15	1.21e-10	2.51e-07	5.59e-05	3.79e-03	4.88e-02	1.28e-01	1.44e-01	5.12e-01	1.52e-01	1.21e-02
 2.19501e+22	2.92e-15	1.30e-10	2.76e-07	6.18e-05	4.18e-03	5.30e-02	1.36e-01	1.49e-01	5.05e-01	1.43e-01	1.09e-02
 2.21548e+22	3.01e-15	1.39e-10	3.04e-07	6.83e-05	4.61e-03	5.76e-02	1.44e-01	1.53e-01	4.97e-01	1.34e-01	9.71e-03
 2.23612e+22	3.09e-15	1.49e-10	3.34e-07	7.55e-05	5.08e-03	6.24e-02	1.51e-01	1.58e-01	4.89e-01	1.25e-01	8.66e-03
 2.25698e+22	3.17e-15	1.59e-10	3.68e-07	8.36e-05	5.60e-03	6.76e-02	1.59e-01	1.63e-01	4.80e-01	1.17e-01	7.70e-03
 2.27796e+22	3.23e-15	1.70e-10	4.05e-07	9.25e-05	6.17e-03	7.30e-02	1.67e-01	1.67e-01	4.70e-01	1.09e-01	6.85e-03
 2.29926e+22	3.30e-15	1.82e-10	4.47e-07	1.03e-04	6.81e-03	7.89e-02	1.76e-01	1.71e-01	4.60e-01	1.01e-01	6.06e-03
 2.32079e+22	3.37e-15	1.95e-10	4.94e-07	1.14e-04	7.50e-03	8.50e-02	1.84e-01	1.75e-01	4.49e-01	9.42e-02	5.36e-03
 2.34274e+22	3.44e-15	2.10e-10	5.49e-07	1.28e-04	8.30e-03	9.18e-02	1.92e-01	1.79e-01	4.37e-01	8.71e-02	4.71e-03
 2.36508e+22	3.53e-15	2.27e-10	6.11e-07	1.43e-04	9.17e-03	9.89e-02	2.00e-01	1.83e-01	4.25e-01	8.05e-02	4.14e-03
 2.38555e+22	3.62e-15	2.43e-10	6.71e-07	1.57e-04	9.97e-03	1.05e-01	2.07e-01	1.85e-01	4.14e-01	7.52e-02	3.71e-03
 2.40694e+22	3.72e-15	2.64e-10	7.57e-07	1.77e-04	1.11e-02	1.13e-01	2.15e-01	1.88e-01	4.00e-01	6.88e-02	3.22e-03
 2.42866e+22	3.85e-15	2.86e-10	8.38e-07	1.96e-04	1.21e-02	1.20e-01	2.21e-01	1.90e-01	3.88e-01	6.41e-02	2.87e-03
 2.45102e+22	4.03e-15	3.17e-10	9.59e-07	2.24e-04	1.35e-02	1.30e-01	2.30e-01	1.93e-01	3.73e-01	5.82e-02	2.47e-03
 2.47341e+22	4.21e-15	3.44e-10	1.07e-06	2.49e-04	1.47e-02	1.38e-01	2.36e-01	1.94e-01	3.61e-01	5.40e-02	2.20e-03
 2.49583e+22	4.44e-15	3.85e-10	1.23e-06	2.85e-04	1.64e-02	1.48e-01	2.43e-01	1.96e-01	3.46e-01	4.89e-02	1.88e-03
 2.51835e+22	4.71e-15	4.24e-10	1.38e-06	3.17e-04	1.78e-02	1.57e-01	2.49e-01	1.96e-01	3.33e-01	4.53e-02	1.67e-03
 2.54099e+22	5.07e-15	4.80e-10	1.60e-06	3.65e-04	1.99e-02	1.68e-01	2.55e-01	1.97e-01	3.18e-01	4.08e-02	1.43e-03
 2.56386e+22	5.44e-15	5.34e-10	1.81e-06	4.08e-04	2.17e-02	1.77e-01	2.60e-01	1.97e-01	3.05e-01	3.76e-02	1.26e-03
 2.58705e+22	5.98e-15	6.14e-10	2.12e-06	4.72e-04	2.42e-02	1.89e-01	2.66e-01	1.96e-01	2.89e-01	3.37e-02	1.07e-03
 2.61055e+22	6.53e-15	6.92e-10	2.42e-06	5.29e-04	2.63e-02	1.99e-01	2.70e-01	1.95e-01	2.77e-01	3.09e-02	9.42e-04
 2.63446e+22	7.34e-15	8.10e-10	2.87e-06	6.15e-04	2.94e-02	2.13e-01	2.75e-01	1.93e-01	2.61e-01	2.75e-02	7.93e-04
 2.65881e+22	8.18e-15	9.26e-10	3.29e-06	6.93e-04	3.20e-02	2.24e-01	2.79e-01	1.91e-01	2.48e-01	2.51e-02	6.92e-04
 2.68373e+22	9.44e-15	1.10e-09	3.95e-06	8.09e-04	3.58e-02	2.38e-01	2.82e-01	1.88e-01	2.32e-01	2.21e-02	5.76e-04
 2.70923e+22	1.08e-14	1.28e-09	4.59e-06	9.17e-04	3.91e-02	2.50e-01	2.85e-01	1.86e-01	2.19e-01	2.00e-02	4.98e-04
 2.73547e+22	1.28e-14	1.56e-09	5.58e-06	1.08e-03	4.37e-02	2.66e-01	2.87e-01	1.81e-01	2.03e-01	1.74e-02	4.09e-04
 2.76219e+22	1.50e-14	1.84e-09	6.51e-06	1.22e-03	4.77e-02	2.78e-01	2.88e-01	1.78e-01	1.91e-01	1.57e-02	3.52e-04
 2.78485e+22	1.73e-14	2.14e-09	7.52e-06	1.37e-03	5.16e-02	2.90e-01	2.89e-01	1.74e-01	1.80e-01	1.41e-02	3.04e-04
 2.80964e+22	2.11e-14	2.62e-09	9.06e-06	1.59e-03	5.70e-02	3.05e-01	2.89e-01	1.69e-01	1.66e-01	1.24e-02	2.52e-04
 2.83356e+22	2.44e-14	3.02e-09	1.03e-05	1.77e-03	6.10e-02	3.15e-01	2.88e-01	1.65e-01	1.57e-01	1.13e-02	2.21e-04
 2.85633e+22	2.95e-14	3.65e-09	1.23e-05	2.02e-03	6.67e-02	3.29e-01	2.87e-01	1.60e-01	1.46e-01	9.91e-03	1.85e-04
 2.87935e+22	3.46e-14	4.24e-09	1.40e-05	2.24e-03	7.12e-02	3.39e-01	2.86e-01	1.55e-01	1.37e-01	8.98e-03	1.61e-04
 2.90267e+22	4.27e-14	5.17e-09	1.67e-05	2.56e-03	7.76e-02	3.53e-01	2.83e-01	1.50e-01	1.26e-01	7.87e-03	1.34e-04
 2.92635e+22	5.07e-14	6.05e-09	1.91e-05	2.84e-03	8.28e-02	3.63e-01	2.81e-01	1.45e-01	1.19e-01	7.09e-03	1.16e-04
 2.95048e+22	6.36e-14	7.45e-09	2.28e-05	3.25e-03	9.01e-02	3.76e-01	2.77e-01	1.39e-01	1.09e-01	6.16e-03	9.58e-05
 2.97495e+22	7.65e-14	8.77e-09	2.62e-05	3.59e-03	9.61e-02	3.86e-01	2.74e-01	1.34e-01	1.01e-01	5.52e-03	8.25e-05
 2.99986e+22	9.75e-14	1.09e-08	3.14e-05	4.11e-03	1.04e-01	3.99e-01	2.69e-01	1.27e-01	9.20e-02	4.75e-03	6.74e-05
 3.02524e+22	1.19e-13	1.29e-08	3.61e-05	4.56e-03	1.11e-01	4.08e-01	2.65e-01	1.22e-01	8.54e-02	4.23e-03	5.76e-05
 3.05124e+22	1.54e-13	1.62e-08	4.36e-05	5.23e-03	1.21e-01	4.20e-01	2.58e-01	1.15e-01	7.70e-02	3.61e-03	4.65e-05
 3.07778e+22	1.90e-13	1.94e-08	5.04e-05	5.80e-03	1.28e-01	4.29e-01	2.53e-01	1.10e-01	7.09e-02	3.18e-03	3.93e-05
 3.10502e+22	2.50e-13	2.45e-08	6.09e-05	6.65e-03	1.39e-01	4.40e-01	2.46e-01	1.03e-01	6.34e-02	2.69e-03	3.14e-05
 3.13301e+22	3.14e-13	2.96e-08	7.09e-05	7.40e-03	1.48e-01	4.48e-01	2.39e-01	9.75e-02	5.79e-02	2.35e-03	2.61e-05
 3.16198e+22	4.22e-13	3.80e-08	8.63e-05	8.50e-03	1.60e-01	4.57e-01	2.31e-01	9.06e-02	5.13e-02	1.95e-03	2.05e-05
 3.19120e+22	5.29e-13	4.58e-08	1.00e-04	9.43e-03	1.69e-01	4.63e-01	2.24e-01	8.54e-02	4.66e-02	1.70e-03	1.71e-05
 3.22074e+22	7.18e-13	5.90e-08	1.22e-04	1.08e-02	1.83e-01	4.71e-01	2.15e-01	7.88e-02	4.09e-02	1.40e-03	1.32e-05
 3.25054e+22	9.03e-13	7.11e-08	1.41e-04	1.20e-02	1.93e-01	4.76e-01	2.07e-01	7.39e-02	3.71e-02	1.21e-03	1.10e-05
 3.28068e+22	1.23e-12	9.17e-08	1.72e-04	1.37e-02	2.07e-01	4.81e-01	1.97e-01	6.78e-02	3.24e-02	9.95e-04	8.44e-06
 3.31135e+22	1.56e-12	1.11e-07	1.99e-04	1.51e-02	2.18e-01	4.84e-01	1.90e-01	6.32e-02	2.91e-02	8.54e-04	6.91e-06
 3.34271e+22	2.15e-12	1.44e-07	2.43e-04	1.72e-02	2.33e-01	4.86e-01	1.79e-01	5.75e-02	2.52e-02	6.92e-04	5.26e-06
 3.37372e+22	2.70e-12	1.73e-07	2.79e-04	1.89e-02	2.45e-01	4.87e-01	1.72e-01	5.35e-02	2.27e-02	5.95e-04	4.31e-06
 3.39890e+22	3.33e-12	2.05e-07	3.18e-04	2.06e-02	2.55e-01	4.88e-01	1.65e-01	5.01e-02	2.05e-02	5.16e-04	3.59e-06
 3.42626e+22	4.33e-12	2.53e-07	3.73e-04	2.29e-02	2.68e-01	4.87e-01	1.57e-01	4.60e-02	1.81e-02	4.32e-04	2.85e-06
 3.45398e+22	5.39e-12	3.01e-07	4.25e-04	2.49e-02	2.80e-01	4.86e-01	1.50e-01	4.28e-02	1.63e-02	3.72e-04	2.34e-06
 3.47843e+22	6.64e-12	3.56e-07	4.82e-04	2.70e-02	2.90e-01	4.84e-01	1.43e-01	3.99e-02	1.47e-02	3.21e-04	1.94e-06
 3.50647e+22	8.62e-12	4.38e-07	5.63e-04	2.99e-02	3.04e-01	4.81e-01	1.35e-01	3.65e-02	1.29e-02	2.67e-04	1.53e-06
 3.53556e+22	1.09e-11	5.28e-07	6.47e-04	3.27e-02	3.16e-01	4.77e-01	1.28e-01	3.36e-02	1.14e-02	2.26e-04	1.23e-06
 3.56153e+22	1.35e-11	6.25e-07	7.33e-04	3.54e-02	3.28e-01	4.73e-01	1.22e-01	3.11e-02	1.03e-02	1.94e-04	1.01e-06
 3.59080e+22	1.76e-11	7.71e-07	8.57e-04	3.90e-02	3.42e-01	4.67e-01	1.14e-01	2.82e-02	8.92e-03	1.59e-04	7.89e-07
 3.62138e+22	2.25e-11	9.36e-07	9.88e-04	4.26e-02	3.55e-01	4.61e-01	1.07e-01	2.57e-02	7.83e-03	1.33e-04	6.25e-07
 3.64899e+22	2.81e-11	1.11e-06	1.12e-03	4.62e-02	3.66e-01	4.55e-01	1.01e-01	2.37e-02	6.95e-03	1.13e-04	5.05e-07
 3.68019e+22	3.71e-11	1.39e-06	1.32e-03	5.09e-02	3.81e-01	4.46e-01	9.37e-02	2.12e-02	5.97e-03	9.11e-05	3.86e-07
 3.71236e+22	4.77e-11	1.69e-06	1.52e-03	5.56e-02	3.94e-01	4.37e-01	8.74e-02	1.92e-02	5.19e-03	7.51e-05	3.02e-07
 3.74100e+22	5.97e-11	2.01e-06	1.73e-03	6.00e-02	4.05e-01	4.29e-01	8.19e-02	1.76e-02	4.57e-03	6.30e-05	2.41e-07
 3.77342e+22	7.92e-11	2.51e-06	2.03e-03	6.61e-02	4.19e-01	4.18e-01	7.52e-02	1.56e-02	3.88e-03	5.04e-05	1.81e-07
 3.80706e+22	1.02e-10	3.06e-06	2.34e-03	7.20e-02	4.31e-01	4.07e-01	6.95e-02	1.40e-02	3.34e-03	4.10e-05	1.40e-07
 3.83726e+22	1.29e-10	3.67e-06	2.67e-03	7.77e-02	4.42e-01	3.97e-01	6.46e-02	1.27e-02	2.91e-03	3.39e-05	0.00e+00
 3.87149e+22	1.73e-10	4.59e-06	3.14e-03	8.54e-02	4.55e-01	3.84e-01	5.87e-02	1.12e-02	2.44e-03	2.67e-05	0.00e+00
 3.90705e+22	2.26e-10	5.65e-06	3.63e-03	9.30e-02	4.67e-01	3.71e-01	5.37e-02	9.95e-03	2.07e-03	2.13e-05	0.00e+00
 3.93894e+22	2.86e-10	6.78e-06	4.14e-03	1.00e-01	4.77e-01	3.59e-01	4.94e-02	8.93e-03	1.79e-03	1.74e-05	0.00e+00
 3.97500e+22	3.89e-10	8.59e-06	4.90e-03	1.10e-01	4.88e-01	3.43e-01	4.43e-02	7.75e-03	1.47e-03	1.34e-05	0.00e+00
 4.01175e+22	5.04e-10	1.05e-05	5.63e-03	1.19e-01	4.97e-01	3.30e-01	4.03e-02	6.87e-03	1.24e-03	1.07e-05	0.00e+00
 4.04943e+22	6.88e-10	1.33e-05	6.67e-03	1.30e-01	5.07e-01	3.13e-01	3.58e-02	5.91e-03	1.01e-03	8.06e-06	0.00e+00
 4.08748e+22	8.89e-10	1.62e-05	7.65e-03	1.41e-01	5.14e-01	2.99e-01	3.24e-02	5.21e-03	8.52e-04	6.39e-06	0.00e+00
 4.12603e+22	1.23e-09	2.07e-05	9.07e-03	1.54e-01	5.22e-01	2.82e-01	2.84e-02	4.44e-03	6.83e-04	4.75e-06	0.00e+00
 4.16492e+22	1.58e-09	2.51e-05	1.04e-02	1.65e-01	5.26e-01	2.68e-01	2.56e-02	3.90e-03	5.72e-04	3.74e-06	0.00e+00
 4.20425e+22	2.18e-09	3.20e-05	1.23e-02	1.80e-01	5.31e-01	2.50e-01	2.23e-02	3.30e-03	4.54e-04	2.75e-06	0.00e+00
 4.24403e+22	2.81e-09	3.88e-05	1.40e-02	1.93e-01	5.33e-01	2.37e-01	1.99e-02	2.88e-03	3.77e-04	2.15e-06	0.00e+00
 4.28442e+22	3.90e-09	4.97e-05	1.66e-02	2.10e-01	5.35e-01	2.19e-01	1.72e-02	2.41e-03	2.96e-04	1.55e-06	0.00e+00
 4.32528e+22	5.04e-09	6.02e-05	1.89e-02	2.23e-01	5.34e-01	2.06e-01	1.52e-02	2.09e-03	2.44e-04	1.20e-06	0.00e+00
 4.36676e+22	7.00e-09	7.71e-05	2.23e-02	2.42e-01	5.32e-01	1.89e-01	1.30e-02	1.74e-03	1.89e-04	8.55e-07	0.00e+00
 4.40736e+22	8.89e-09	9.21e-05	2.52e-02	2.56e-01	5.29e-01	1.77e-01	1.15e-02	1.51e-03	1.56e-04	6.65e-07	0.00e+00
 4.44681e+22	1.21e-08	1.16e-04	2.94e-02	2.74e-01	5.23e-01	1.62e-01	9.84e-03	1.26e-03	1.22e-04	4.78e-07	0.00e+00
 4.48572e+22	1.51e-08	1.37e-04	3.28e-02	2.88e-01	5.18e-01	1.51e-01	8.76e-03	1.10e-03	1.01e-04	3.76e-07	0.00e+00
 4.51861e+22	1.89e-08	1.61e-04	3.66e-02	3.01e-01	5.12e-01	1.41e-01	7.77e-03	9.59e-04	8.40e-05	2.94e-07	0.00e+00
 4.55603e+22	2.49e-08	1.98e-04	4.19e-02	3.19e-01	5.03e-01	1.29e-01	6.66e-03	8.04e-04	6.62e-05	2.14e-07	0.00e+00
 4.59350e+22	3.10e-08	2.33e-04	4.66e-02	3.33e-01	4.94e-01	1.20e-01	5.88e-03	6.97e-04	5.46e-05	1.67e-07	0.00e+00
 4.63102e+22	4.08e-08	2.85e-04	5.31e-02	3.50e-01	4.82e-01	1.08e-01	5.02e-03	5.82e-04	4.27e-05	1.21e-07	0.00e+00
 4.66914e+22	5.10e-08	3.35e-04	5.90e-02	3.65e-01	4.71e-01	9.99e-02	4.39e-03	5.00e-04	3.48e-05	0.00e+00	0.00e+00
 4.70806e+22	6.72e-08	4.10e-04	6.71e-02	3.82e-01	4.56e-01	8.97e-02	3.70e-03	4.13e-04	2.69e-05	0.00e+00	0.00e+00
 4.74728e+22	8.36e-08	4.81e-04	7.43e-02	3.96e-01	4.44e-01	8.21e-02	3.23e-03	3.53e-04	2.18e-05	0.00e+00	0.00e+00
 4.78692e+22	1.11e-07	5.91e-04	8.46e-02	4.13e-01	4.26e-01	7.28e-02	2.68e-03	2.87e-04	1.65e-05	0.00e+00	0.00e+00
 4.82661e+22	1.37e-07	6.88e-04	9.31e-02	4.25e-01	4.12e-01	6.63e-02	2.33e-03	2.44e-04	1.33e-05	0.00e+00	0.00e+00
 4.85850e+22	1.65e-07	7.85e-04	1.01e-01	4.35e-01	3.99e-01	6.10e-02	2.06e-03	2.12e-04	1.11e-05	0.00e+00	0.00e+00
 4.89211e+22	2.05e-07	9.19e-04	1.11e-01	4.47e-01	3.84e-01	5.50e-02	1.76e-03	1.78e-04	8.79e-06	0.00e+00	0.00e+00
 4.92620e+22	2.47e-07	1.05e-03	1.21e-01	4.56e-01	3.70e-01	5.03e-02	1.55e-03	1.54e-04	7.23e-06	0.00e+00	0.00e+00
 4.95619e+22	2.94e-07	1.19e-03	1.30e-01	4.65e-01	3.56e-01	4.60e-02	1.36e-03	1.33e-04	5.97e-06	0.00e+00	0.00e+00
 4.99044e+22	3.66e-07	1.39e-03	1.43e-01	4.74e-01	3.39e-01	4.10e-02	1.16e-03	1.11e-04	4.69e-06	0.00e+00	0.00e+00
 5.02511e+22	4.38e-07	1.58e-03	1.54e-01	4.81e-01	3.25e-01	3.72e-02	1.01e-03	9.46e-05	3.82e-06	0.00e+00	0.00e+00
 5.05549e+22	5.21e-07	1.78e-03	1.66e-01	4.87e-01	3.11e-01	3.38e-02	8.80e-04	8.11e-05	3.13e-06	0.00e+00	0.00e+00
 5.09016e+22	6.48e-07	2.07e-03	1.82e-01	4.93e-01	2.93e-01	2.97e-02	7.38e-04	6.64e-05	2.41e-06	0.00e+00	0.00e+00
 5.12510e+22	7.67e-07	2.33e-03	1.94e-01	4.97e-01	2.79e-01	2.69e-02	6.42e-04	5.67e-05	1.97e-06	0.00e+00	0.00e+00
 5.16040e+22	9.48e-07	2.70e-03	2.12e-01	5.01e-01	2.61e-01	2.35e-02	5.37e-04	4.62e-05	1.51e-06	0.00e+00	0.00e+00
 5.19627e+22	1.13e-06	3.06e-03	2.27e-01	5.03e-01	2.46e-01	2.10e-02	4.61e-04	3.87e-05	1.21e-06	0.00e+00	0.00e+00
 5.22594e+22	1.31e-06	3.39e-03	2.40e-01	5.03e-01	2.34e-01	1.90e-02	4.03e-04	3.32e-05	9.93e-07	0.00e+00	0.00e+00
 5.25761e+22	1.57e-06	3.83e-03	2.57e-01	5.03e-01	2.19e-01	1.68e-02	3.43e-04	2.76e-05	7.83e-07	0.00e+00	0.00e+00
 5.29249e+22	1.87e-06	4.31e-03	2.74e-01	5.01e-01	2.05e-01	1.48e-02	2.92e-04	2.29e-05	6.19e-07	0.00e+00	0.00e+00
 5.32628e+22	2.23e-06	4.86e-03	2.93e-01	4.98e-01	1.91e-01	1.30e-02	2.47e-04	1.88e-05	4.85e-07	0.00e+00	0.00e+00
 5.35964e+22	2.62e-06	5.43e-03	3.10e-01	4.95e-01	1.78e-01	1.15e-02	2.10e-04	1.56e-05	3.84e-07	0.00e+00	0.00e+00
 5.39772e+22	3.23e-06	6.25e-03	3.34e-01	4.88e-01	1.62e-01	9.71e-03	1.70e-04	1.22e-05	2.82e-07	0.00e+00	0.00e+00
 5.43649e+22	3.84e-06	7.01e-03	3.54e-01	4.81e-01	1.49e-01	8.41e-03	1.42e-04	9.90e-06	2.18e-07	0.00e+00	0.00e+00
 5.47614e+22	4.75e-06	8.08e-03	3.80e-01	4.71e-01	1.34e-01	7.00e-03	1.13e-04	7.57e-06	1.56e-07	0.00e+00	0.00e+00
 5.51623e+22	5.61e-06	9.01e-03	4.01e-01	4.61e-01	1.22e-01	6.03e-03	9.43e-05	6.09e-06	0.00e+00	0.00e+00	0.00e+00
 5.55688e+22	6.88e-06	1.03e-02	4.28e-01	4.48e-01	1.09e-01	4.98e-03	7.47e-05	4.62e-06	0.00e+00	0.00e+00	0.00e+00
 5.59872e+22	8.19e-06	1.15e-02	4.51e-01	4.35e-01	9.80e-02	4.20e-03	6.09e-05	3.62e-06	0.00e+00	0.00e+00	0.00e+00
 5.63626e+22	9.67e-06	1.28e-02	4.73e-01	4.22e-01	8.83e-02	3.56e-03	4.98e-05	2.85e-06	0.00e+00	0.00e+00	0.00e+00
 5.66827e+22	1.09e-05	1.39e-02	4.90e-01	4.12e-01	8.15e-02	3.13e-03	4.28e-05	2.38e-06	0.00e+00	0.00e+00	0.00e+00
 5.69894e+22	1.26e-05	1.52e-02	5.10e-01	3.99e-01	7.38e-02	2.69e-03	3.57e-05	1.91e-06	0.00e+00	0.00e+00	0.00e+00
 5.73036e+22	1.43e-05	1.64e-02	5.26e-01	3.87e-01	6.77e-02	2.35e-03	3.04e-05	1.58e-06	0.00e+00	0.00e+00	0.00e+00
 5.75852e+22	1.61e-05	1.77e-02	5.42e-01	3.76e-01	6.22e-02	2.06e-03	2.61e-05	1.31e-06	0.00e+00	0.00e+00	0.00e+00
 5.79090e+22	1.86e-05	1.94e-02	5.62e-01	3.61e-01	5.56e-02	1.74e-03	2.14e-05	1.03e-06	0.00e+00	0.00e+00	0.00e+00
 5.82392e+22	2.10e-05	2.09e-02	5.79e-01	3.48e-01	5.05e-02	1.50e-03	1.81e-05	8.39e-07	0.00e+00	0.00e+00	0.00e+00
 5.85314e+22	2.37e-05	2.25e-02	5.95e-01	3.35e-01	4.58e-02	1.30e-03	1.52e-05	6.83e-07	0.00e+00	0.00e+00	0.00e+00
 5.88653e+22	2.75e-05	2.46e-02	6.15e-01	3.19e-01	4.04e-02	1.08e-03	1.23e-05	5.25e-07	0.00e+00	0.00e+00	0.00e+00
 5.92018e+22	3.09e-05	2.64e-02	6.30e-01	3.06e-01	3.65e-02	9.27e-04	1.03e-05	4.25e-07	0.00e+00	0.00e+00	0.00e+00
 5.95418e+22	3.57e-05	2.88e-02	6.49e-01	2.90e-01	3.20e-02	7.67e-04	8.30e-06	3.26e-07	0.00e+00	0.00e+00	0.00e+00
 5.98924e+22	4.04e-05	3.10e-02	6.64e-01	2.76e-01	2.85e-02	6.48e-04	6.84e-06	2.58e-07	0.00e+00	0.00e+00	0.00e+00
 6.02084e+22	4.56e-05	3.33e-02	6.78e-01	2.62e-01	2.54e-02	5.49e-04	5.65e-06	2.04e-07	0.00e+00	0.00e+00	0.00e+00
 6.05708e+22	5.31e-05	3.64e-02	6.96e-01	2.45e-01	2.18e-02	4.43e-04	4.42e-06	1.51e-07	0.00e+00	0.00e+00	0.00e+00
 6.09383e+22	5.99e-05	3.90e-02	7.09e-01	2.32e-01	1.93e-02	3.72e-04	3.62e-06	0.00e+00	0.00e+00	0.00e+00	0.00e+00
 6.13125e+22	6.97e-05	4.25e-02	7.25e-01	2.16e-01	1.64e-02	2.97e-04	2.80e-06	0.00e+00	0.00e+00	0.00e+00	0.00e+00
 6.16963e+22	7.89e-05	4.56e-02	7.37e-01	2.02e-01	1.43e-02	2.46e-04	2.26e-06	0.00e+00	0.00e+00	0.00e+00	0.00e+00
 6.20927e+22	9.22e-05	4.98e-02	7.52e-01	1.86e-01	1.20e-02	1.93e-04	1.72e-06	0.00e+00	0.00e+00	0.00e+00	0.00e+00
 6.24958e+22	1.05e-04	5.35e-02	7.62e-01	1.73e-01	1.04e-02	1.58e-04	1.37e-06	0.00e+00	0.00e+00	0.00e+00	0.00e+00
 6.29075e+22	1.23e-04	5.83e-02	7.75e-01	1.58e-01	8.58e-03	1.22e-04	1.02e-06	0.00e+00	0.00e+00	0.00e+00	0.00e+00
 6.33250e+22	1.39e-04	6.25e-02	7.83e-01	1.46e-01	7.35e-03	9.93e-05	8.04e-07	0.00e+00	0.00e+00	0.00e+00	0.00e+00
 6.37500e+22	1.62e-04	6.80e-02	7.93e-01	1.33e-01	6.03e-03	7.64e-05	5.97e-07	0.00e+00	0.00e+00	0.00e+00	0.00e+00
 6.41861e+22	1.86e-04	7.31e-02	8.00e-01	1.22e-01	5.08e-03	6.09e-05	4.60e-07	0.00e+00	0.00e+00	0.00e+00	0.00e+00
 6.46367e+22	2.20e-04	7.99e-02	8.07e-01	1.08e-01	4.06e-03	4.55e-05	3.29e-07	0.00e+00	0.00e+00	0.00e+00	0.00e+00
 6.50877e+22	2.50e-04	8.56e-02	8.12e-01	9.90e-02	3.42e-03	3.64e-05	2.54e-07	0.00e+00	0.00e+00	0.00e+00	0.00e+00
 6.55391e+22	2.93e-04	9.31e-02	8.16e-01	8.79e-02	2.73e-03	2.72e-05	1.82e-07	0.00e+00	0.00e+00	0.00e+00	0.00e+00
 6.60065e+22	3.38e-04	1.00e-01	8.18e-01	7.92e-02	2.24e-03	2.12e-05	1.36e-07	0.00e+00	0.00e+00	0.00e+00	0.00e+00
 6.64949e+22	4.02e-04	1.09e-01	8.19e-01	6.91e-02	1.74e-03	1.54e-05	0.00e+00	0.00e+00	0.00e+00	0.00e+00	0.00e+00
 6.69944e+22	4.64e-04	1.18e-01	8.19e-01	6.17e-02	1.42e-03	1.19e-05	0.00e+00	0.00e+00	0.00e+00	0.00e+00	0.00e+00
 6.75082e+22	5.59e-04	1.29e-01	8.16e-01	5.29e-02	1.08e-03	8.44e-06	0.00e+00	0.00e+00	0.00e+00	0.00e+00	0.00e+00
 6.80351e+22	6.48e-04	1.39e-01	8.13e-01	4.66e-02	8.63e-04	6.41e-06	0.00e+00	0.00e+00	0.00e+00	0.00e+00	0.00e+00
 6.85789e+22	7.89e-04	1.53e-01	8.06e-01	3.92e-02	6.40e-04	4.43e-06	0.00e+00	0.00e+00	0.00e+00	0.00e+00	0.00e+00
 6.91421e+22	9.29e-04	1.66e-01	7.99e-01	3.39e-02	4.99e-04	3.26e-06	0.00e+00	0.00e+00	0.00e+00	0.00e+00	0.00e+00
 6.97306e+22	1.15e-03	1.83e-01	7.88e-01	2.77e-02	3.58e-04	2.17e-06	0.00e+00	0.00e+00	0.00e+00	0.00e+00	0.00e+00
 7.03450e+22	1.38e-03	1.99e-01	7.76e-01	2.33e-02	2.70e-04	1.53e-06	0.00e+00	0.00e+00	0.00e+00	0.00e+00	0.00e+00
 7.09071e+22	1.66e-03	2.16e-01	7.62e-01	1.94e-02	2.02e-04	1.07e-06	0.00e+00	0.00e+00	0.00e+00	0.00e+00	0.00e+00
 7.13910e+22	1.90e-03	2.30e-01	7.51e-01	1.68e-02	1.64e-04	8.23e-07	0.00e+00	0.00e+00	0.00e+00	0.00e+00	0.00e+00
 7.18593e+22	2.25e-03	2.48e-01	7.36e-01	1.40e-02	1.24e-04	5.81e-07	0.00e+00	0.00e+00	0.00e+00	0.00e+00	0.00e+00
 7.23442e+22	2.63e-03	2.65e-01	7.20e-01	1.18e-02	9.71e-05	4.26e-07	0.00e+00	0.00e+00	0.00e+00	0.00e+00	0.00e+00
 7.28507e+22	3.18e-03	2.87e-01	7.00e-01	9.47e-03	7.07e-05	2.83e-07	0.00e+00	0.00e+00	0.00e+00	0.00e+00	0.00e+00
 7.33678e+22	3.75e-03	3.07e-01	6.82e-01	7.78e-03	5.41e-05	1.99e-07	0.00e+00	0.00e+00	0.00e+00	0.00e+00	0.00e+00
 7.38988e+22	4.60e-03	3.32e-01	6.57e-01	5.97e-03	3.82e-05	1.24e-07	0.00e+00	0.00e+00	0.00e+00	0.00e+00	0.00e+00
 7.43870e+22	5.33e-03	3.51e-01	6.39e-01	4.90e-03	2.97e-05	0.00e+00	0.00e+00	0.00e+00	0.00e+00	0.00e+00	0.00e+00
 7.47489e+22	6.04e-03	3.67e-01	6.23e-01	4.08e-03	2.38e-05	0.00e+00	0.00e+00	0.00e+00	0.00e+00	0.00e+00	0.00e+00
 7.51482e+22	7.05e-03	3.88e-01	6.02e-01	3.22e-03	1.79e-05	0.00e+00	0.00e+00	0.00e+00	0.00e+00	0.00e+00	0.00e+00
 7.55782e+22	8.22e-03	4.08e-01	5.81e-01	2.50e-03	1.34e-05	0.00e+00	0.00e+00	0.00e+00	0.00e+00	0.00e+00	0.00e+00
 7.59733e+22	9.47e-03	4.26e-01	5.63e-01	1.94e-03	1.02e-05	0.00e+00	0.00e+00	0.00e+00	0.00e+00	0.00e+00	0.00e+00
 7.63457e+22	1.08e-02	4.43e-01	5.45e-01	1.50e-03	7.69e-06	0.00e+00	0.00e+00	0.00e+00	0.00e+00	0.00e+00	0.00e+00
 7.66956e+22	1.23e-02	4.58e-01	5.28e-01	1.15e-03	5.83e-06	0.00e+00	0.00e+00	0.00e+00	0.00e+00	0.00e+00	0.00e+00
 7.70175e+22	1.39e-02	4.71e-01	5.14e-01	8.79e-04	4.46e-06	0.00e+00	0.00e+00	0.00e+00	0.00e+00	0.00e+00	0.00e+00
 7.73111e+22	1.54e-02	4.82e-01	5.02e-01	6.76e-04	3.44e-06	0.00e+00	0.00e+00	0.00e+00	0.00e+00	0.00e+00	0.00e+00
 7.75782e+22	1.70e-02	4.90e-01	4.93e-01	5.24e-04	2.69e-06	0.00e+00	0.00e+00	0.00e+00	0.00e+00	0.00e+00	0.00e+00
 7.78213e+22	1.86e-02	4.96e-01	4.85e-01	4.11e-04	2.13e-06	0.00e+00	0.00e+00	0.00e+00	0.00e+00	0.00e+00	0.00e+00
 7.80428e+22	2.02e-02	5.01e-01	4.79e-01	3.26e-04	1.71e-06	0.00e+00	0.00e+00	0.00e+00	0.00e+00	0.00e+00	0.00e+00
 7.81811e+22	2.09e-02	5.00e-01	4.79e-01	2.88e-04	1.53e-06	0.00e+00	0.00e+00	0.00e+00	0.00e+00	0.00e+00	0.00e+00
 7.82313e+22	2.12e-02	5.00e-01	4.78e-01	2.74e-04	1.46e-06	0.00e+00	0.00e+00	0.00e+00	0.00e+00	0.00e+00	0.00e+00
 7.82709e+22	2.16e-02	5.01e-01	4.77e-01	2.62e-04	1.40e-06	0.00e+00	0.00e+00	0.00e+00	0.00e+00	0.00e+00	0.00e+00
 7.83221e+22	2.20e-02	5.01e-01	4.76e-01	2.48e-04	1.33e-06	0.00e+00	0.00e+00	0.00e+00	0.00e+00	0.00e+00	0.00e+00
 7.83835e+22	2.26e-02	5.02e-01	4.75e-01	2.32e-04	1.25e-06	0.00e+00	0.00e+00	0.00e+00	0.00e+00	0.00e+00	0.00e+00
 7.84457e+22	2.32e-02	5.03e-01	4.74e-01	2.17e-04	1.17e-06	0.00e+00	0.00e+00	0.00e+00	0.00e+00	0.00e+00	0.00e+00
 7.85030e+22	2.36e-02	5.03e-01	4.74e-01	2.05e-04	1.11e-06	0.00e+00	0.00e+00	0.00e+00	0.00e+00	0.00e+00	0.00e+00
 7.85610e+22	2.42e-02	5.03e-01	4.73e-01	1.92e-04	1.05e-06	0.00e+00	0.00e+00	0.00e+00	0.00e+00	0.00e+00	0.00e+00
 7.86206e+22	2.46e-02	5.03e-01	4.73e-01	1.81e-04	9.94e-07	0.00e+00	0.00e+00	0.00e+00	0.00e+00	0.00e+00	0.00e+00
 7.86812e+22	2.52e-02	5.02e-01	4.72e-01	1.70e-04	9.39e-07	0.00e+00	0.00e+00	0.00e+00	0.00e+00	0.00e+00	0.00e+00
 7.87432e+22	2.58e-02	5.02e-01	4.72e-01	1.59e-04	8.86e-07	0.00e+00	0.00e+00	0.00e+00	0.00e+00	0.00e+00	0.00e+00
 7.88040e+22	2.64e-02	5.02e-01	4.72e-01	1.50e-04	8.40e-07	0.00e+00	0.00e+00	0.00e+00	0.00e+00	0.00e+00	0.00e+00
 7.88655e+22	2.70e-02	5.01e-01	4.72e-01	1.41e-04	7.96e-07	0.00e+00	0.00e+00	0.00e+00	0.00e+00	0.00e+00	0.00e+00
 7.89297e+22	2.76e-02	5.00e-01	4.72e-01	1.33e-04	7.53e-07	0.00e+00	0.00e+00	0.00e+00	0.00e+00	0.00e+00	0.00e+00
 7.89960e+22	2.82e-02	4.99e-01	4.73e-01	1.25e-04	7.13e-07	0.00e+00	0.00e+00	0.00e+00	0.00e+00	0.00e+00	0.00e+00
 7.90639e+22	2.88e-02	4.98e-01	4.73e-01	1.17e-04	6.76e-07	0.00e+00	0.00e+00	0.00e+00	0.00e+00	0.00e+00	0.00e+00
 7.91336e+22	2.95e-02	4.96e-01	4.74e-01	1.10e-04	6.40e-07	0.00e+00	0.00e+00	0.00e+00	0.00e+00	0.00e+00	0.00e+00
 7.92055e+22	3.02e-02	4.95e-01	4.75e-01	1.04e-04	6.08e-07	0.00e+00	0.00e+00	0.00e+00	0.00e+00	0.00e+00	0.00e+00
 7.92796e+22	3.08e-02	4.93e-01	4.76e-01	9.79e-05	5.77e-07	0.00e+00	0.00e+00	0.00e+00	0.00e+00	0.00e+00	0.00e+00
 7.93532e+22	3.15e-02	4.91e-01	4.78e-01	9.25e-05	5.50e-07	0.00e+00	0.00e+00	0.00e+00	0.00e+00	0.00e+00	0.00e+00
 7.94110e+22	3.17e-02	4.88e-01	4.80e-01	8.92e-05	5.34e-07	0.00e+00	0.00e+00	0.00e+00	0.00e+00	0.00e+00	0.00e+00
 7.94505e+22	3.21e-02	4.87e-01	4.80e-01	8.68e-05	5.22e-07	0.00e+00	0.00e+00	0.00e+00	0.00e+00	0.00e+00	0.00e+00
 7.94888e+22	3.25e-02	4.87e-01	4.81e-01	8.44e-05	5.10e-07	0.00e+00	0.00e+00	0.00e+00	0.00e+00	0.00e+00	0.00e+00
 7.95331e+22	3.29e-02	4.86e-01	4.81e-01	8.17e-05	4.97e-07	0.00e+00	0.00e+00	0.00e+00	0.00e+00	0.00e+00	0.00e+00
 7.95813e+22	3.35e-02	4.85e-01	4.81e-01	7.90e-05	4.83e-07	0.00e+00	0.00e+00	0.00e+00	0.00e+00	0.00e+00	0.00e+00
 7.96280e+22	3.38e-02	4.83e-01	4.83e-01	7.68e-05	4.72e-07	0.00e+00	0.00e+00	0.00e+00	0.00e+00	0.00e+00	0.00e+00
 7.96743e+22	3.43e-02	4.83e-01	4.83e-01	7.45e-05	4.61e-07	0.00e+00	0.00e+00	0.00e+00	0.00e+00	0.00e+00	0.00e+00
 7.97223e+22	3.48e-02	4.82e-01	4.83e-01	7.23e-05	4.50e-07	0.00e+00	0.00e+00	0.00e+00	0.00e+00	0.00e+00	0.00e+00
 7.97706e+22	3.53e-02	4.81e-01	4.84e-01	7.02e-05	4.39e-07	0.00e+00	0.00e+00	0.00e+00	0.00e+00	0.00e+00	0.00e+00
 7.98195e+22	3.59e-02	4.80e-01	4.84e-01	6.82e-05	4.29e-07	0.00e+00	0.00e+00	0.00e+00	0.00e+00	0.00e+00	0.00e+00
 7.98685e+22	3.64e-02	4.79e-01	4.84e-01	6.63e-05	4.20e-07	0.00e+00	0.00e+00	0.00e+00	0.00e+00	0.00e+00	0.00e+00
 7.99191e+22	3.70e-02	4.79e-01	4.84e-01	6.44e-05	4.10e-07	0.00e+00	0.00e+00	0.00e+00	0.00e+00	0.00e+00	0.00e+00
 7.99720e+22	3.77e-02	4.79e-01	4.84e-01	6.25e-05	4.01e-07	0.00e+00	0.00e+00	0.00e+00	0.00e+00	0.00e+00	0.00e+00
 8.00247e+22	3.83e-02	4.78e-01	4.84e-01	6.08e-05	3.92e-07	0.00e+00	0.00e+00	0.00e+00	0.00e+00	0.00e+00	0.00e+00
 8.00780e+22	3.90e-02	4.78e-01	4.83e-01	5.91e-05	3.84e-07	0.00e+00	0.00e+00	0.00e+00	0.00e+00	0.00e+00	0.00e+00
 8.01334e+22	3.97e-02	4.78e-01	4.83e-01	5.74e-05	3.75e-07	0.00e+00	0.00e+00	0.00e+00	0.00e+00	0.00e+00	0.00e+00
 8.01908e+22	4.06e-02	4.78e-01	4.82e-01	5.57e-05	3.67e-07	0.00e+00	0.00e+00	0.00e+00	0.00e+00	0.00e+00	0.00e+00
 8.02490e+22	4.14e-02	4.78e-01	4.81e-01	5.41e-05	3.59e-07	0.00e+00	0.00e+00	0.00e+00	0.00e+00	0.00e+00	0.00e+00
 8.03082e+22	4.23e-02	4.78e-01	4.79e-01	5.25e-05	3.51e-07	0.00e+00	0.00e+00	0.00e+00	0.00e+00	0.00e+00	0.00e+00
 8.03695e+22	4.33e-02	4.79e-01	4.78e-01	5.10e-05	3.43e-07	0.00e+00	0.00e+00	0.00e+00	0.00e+00	0.00e+00	0.00e+00
 8.04329e+22	4.43e-02	4.80e-01	4.76e-01	4.94e-05	3.36e-07	0.00e+00	0.00e+00	0.00e+00	0.00e+00	0.00e+00	0.00e+00
 8.04976e+22	4.54e-02	4.80e-01	4.74e-01	4.79e-05	3.28e-07	0.00e+00	0.00e+00	0.00e+00	0.00e+00	0.00e+00	0.00e+00
 8.05637e+22	4.66e-02	4.81e-01	4.72e-01	4.65e-05	3.21e-07	0.00e+00	0.00e+00	0.00e+00	0.00e+00	0.00e+00	0.00e+00
 8.06318e+22	4.79e-02	4.83e-01	4.69e-01	4.50e-05	3.13e-07	0.00e+00	0.00e+00	0.00e+00	0.00e+00	0.00e+00	0.00e+00
 8.07023e+22	4.92e-02	4.84e-01	4.67e-01	4.36e-05	3.06e-07	0.00e+00	0.00e+00	0.00e+00	0.00e+00	0.00e+00	0.00e+00
 8.07748e+22	5.07e-02	4.86e-01	4.63e-01	4.21e-05	2.98e-07	0.00e+00	0.00e+00	0.00e+00	0.00e+00	0.00e+00	0.00e+00
 8.08490e+22	5.23e-02	4.88e-01	4.60e-01	4.08e-05	2.91e-07	0.00e+00	0.00e+00	0.00e+00	0.00e+00	0.00e+00	0.00e+00
 8.09252e+22	5.39e-02	4.90e-01	4.56e-01	3.94e-05	2.84e-07	0.00e+00	0.00e+00	0.00e+00	0.00e+00	0.00e+00	0.00e+00
 8.10037e+22	5.56e-02	4.92e-01	4.53e-01	3.81e-05	2.77e-07	0.00e+00	0.00e+00	0.00e+00	0.00e+00	0.00e+00	0.00e+00
 8.10834e+22	5.74e-02	4.94e-01	4.49e-01	3.68e-05	2.70e-07	0.00e+00	0.00e+00	0.00e+00	0.00e+00	0.00e+00	0.00e+00
 8.11637e+22	5.95e-02	4.97e-01	4.44e-01	3.55e-05	2.63e-07	0.00e+00	0.00e+00	0.00e+00	0.00e+00	0.00e+00	0.00e+00
 8.12466e+22	6.16e-02	5.00e-01	4.39e-01	3.42e-05	2.56e-07	0.00e+00	0.00e+00	0.00e+00	0.00e+00	0.00e+00	0.00e+00
 8.13313e+22	6.38e-02	5.02e-01	4.34e-01	3.30e-05	2.49e-07	0.00e+00	0.00e+00	0.00e+00	0.00e+00	0.00e+00	0.00e+00
 8.14167e+22	6.62e-02	5.05e-01	4.28e-01	3.18e-05	2.42e-07	0.00e+00	0.00e+00	0.00e+00	0.00e+00	0.00e+00	0.00e+00
 8.15027e+22	6.87e-02	5.08e-01	4.23e-01	3.07e-05	2.35e-07	0.00e+00	0.00e+00	0.00e+00	0.00e+00	0.00e+00	0.00e+00
 8.15896e+22	7.12e-02	5.11e-01	4.17e-01	2.96e-05	2.29e-07	0.00e+00	0.00e+00	0.00e+00	0.00e+00	0.00e+00	0.00e+00
 8.16782e+22	7.39e-02	5.15e-01	4.12e-01	2.85e-05	2.22e-07	0.00e+00	0.00e+00	0.00e+00	0.00e+00	0.00e+00	0.00e+00
 8.17685e+22	7.67e-02	5.18e-01	4.06e-01	2.75e-05	2.15e-07	0.00e+00	0.00e+00	0.00e+00	0.00e+00	0.00e+00	0.00e+00
 8.18614e+22	7.98e-02	5.21e-01	3.99e-01	2.64e-05	2.08e-07	0.00e+00	0.00e+00	0.00e+00	0.00e+00	0.00e+00	0.00e+00
 8.19565e+22	8.31e-02	5.25e-01	3.92e-01	2.54e-05	2.02e-07	0.00e+00	0.00e+00	0.00e+00	0.00e+00	0.00e+00	0.00e+00
 8.20526e+22	8.66e-02	5.28e-01	3.85e-01	2.44e-05	1.95e-07	0.00e+00	0.00e+00	0.00e+00	0.00e+00	0.00e+00	0.00e+00
 8.21502e+22	9.04e-02	5.32e-01	3.78e-01	2.34e-05	1.88e-07	0.00e+00	0.00e+00	0.00e+00	0.00e+00	0.00e+00	0.00e+00
 8.22509e+22	9.45e-02	5.35e-01	3.70e-01	2.24e-05	1.81e-07	0.00e+00	0.00e+00	0.00e+00	0.00e+00	0.00e+00	0.00e+00
 8.23542e+22	9.88e-02	5.39e-01	3.62e-01	2.15e-05	1.74e-07	0.00e+00	0.00e+00	0.00e+00	0.00e+00	0.00e+00	0.00e+00
 8.24553e+22	1.03e-01	5.42e-01	3.54e-01	2.06e-05	1.67e-07	0.00e+00	0.00e+00	0.00e+00	0.00e+00	0.00e+00	0.00e+00
 8.25506e+22	1.08e-01	5.46e-01	3.47e-01	1.95e-05	1.61e-07	0.00e+00	0.00e+00	0.00e+00	0.00e+00	0.00e+00	0.00e+00
 8.26384e+22	1.12e-01	5.49e-01	3.39e-01	1.85e-05	1.55e-07	0.00e+00	0.00e+00	0.00e+00	0.00e+00	0.00e+00	0.00e+00
 8.27201e+22	1.17e-01	5.51e-01	3.32e-01	1.77e-05	1.50e-07	0.00e+00	0.00e+00	0.00e+00	0.00e+00	0.00e+00	0.00e+00
 8.27956e+22	1.21e-01	5.54e-01	3.25e-01	1.69e-05	1.45e-07	0.00e+00	0.00e+00	0.00e+00	0.00e+00	0.00e+00	0.00e+00
 8.28687e+22	1.25e-01	5.56e-01	3.19e-01	1.61e-05	1.40e-07	0.00e+00	0.00e+00	0.00e+00	0.00e+00	0.00e+00	0.00e+00
 8.29422e+22	1.30e-01	5.58e-01	3.13e-01	1.55e-05	1.35e-07	0.00e+00	0.00e+00	0.00e+00	0.00e+00	0.00e+00	0.00e+00
 8.30144e+22	1.35e-01	5.60e-01	3.05e-01	1.47e-05	1.30e-07	0.00e+00	0.00e+00	0.00e+00	0.00e+00	0.00e+00	0.00e+00
 8.30818e+22	1.39e-01	5.62e-01	2.99e-01	1.42e-05	1.26e-07	0.00e+00	0.00e+00	0.00e+00	0.00e+00	0.00e+00	0.00e+00
 8.31447e+22	1.43e-01	5.63e-01	2.93e-01	1.36e-05	0.00e+00	0.00e+00	0.00e+00	0.00e+00	0.00e+00	0.00e+00	0.00e+00
 8.32079e+22	1.48e-01	5.65e-01	2.87e-01	1.30e-05	0.00e+00	0.00e+00	0.00e+00	0.00e+00	0.00e+00	0.00e+00	0.00e+00
 8.32689e+22	1.53e-01	5.66e-01	2.81e-01	1.25e-05	0.00e+00	0.00e+00	0.00e+00	0.00e+00	0.00e+00	0.00e+00	0.00e+00
 8.33265e+22	1.57e-01	5.67e-01	2.75e-01	1.20e-05	0.00e+00	0.00e+00	0.00e+00	0.00e+00	0.00e+00	0.00e+00	0.00e+00
 8.33837e+22	1.62e-01	5.68e-01	2.70e-01	1.16e-05	0.00e+00	0.00e+00	0.00e+00	0.00e+00	0.00e+00	0.00e+00	0.00e+00
 8.34385e+22	1.67e-01	5.69e-01	2.64e-01	1.11e-05	0.00e+00	0.00e+00	0.00e+00	0.00e+00	0.00e+00	0.00e+00	0.00e+00
 8.34900e+22	1.72e-01	5.70e-01	2.59e-01	1.07e-05	0.00e+00	0.00e+00	0.00e+00	0.00e+00	0.00e+00	0.00e+00	0.00e+00
 8.35405e+22	1.76e-01	5.70e-01	2.53e-01	1.03e-05	0.00e+00	0.00e+00	0.00e+00	0.00e+00	0.00e+00	0.00e+00	0.00e+00
 8.35897e+22	1.81e-01	5.71e-01	2.48e-01	9.95e-06	0.00e+00	0.00e+00	0.00e+00	0.00e+00	0.00e+00	0.00e+00	0.00e+00
 8.36360e+22	1.86e-01	5.71e-01	2.43e-01	9.61e-06	0.00e+00	0.00e+00	0.00e+00	0.00e+00	0.00e+00	0.00e+00	0.00e+00
 8.36781e+22	1.91e-01	5.71e-01	2.38e-01	9.30e-06	0.00e+00	0.00e+00	0.00e+00	0.00e+00	0.00e+00	0.00e+00	0.00e+00
 8.37164e+22	1.95e-01	5.71e-01	2.33e-01	9.02e-06	0.00e+00	0.00e+00	0.00e+00	0.00e+00	0.00e+00	0.00e+00	0.00e+00
 8.37513e+22	1.99e-01	5.71e-01	2.29e-01	8.77e-06	0.00e+00	0.00e+00	0.00e+00	0.00e+00	0.00e+00	0.00e+00	0.00e+00
 8.37830e+22	2.03e-01	5.71e-01	2.26e-01	8.54e-06	0.00e+00	0.00e+00	0.00e+00	0.00e+00	0.00e+00	0.00e+00	0.00e+00
 8.38119e+22	2.07e-01	5.71e-01	2.22e-01	8.34e-06	0.00e+00	0.00e+00	0.00e+00	0.00e+00	0.00e+00	0.00e+00	0.00e+00
 8.38382e+22	2.10e-01	5.71e-01	2.19e-01	8.15e-06	0.00e+00	0.00e+00	0.00e+00	0.00e+00	0.00e+00	0.00e+00	0.00e+00
 8.38670e+22	2.14e-01	5.71e-01	2.15e-01	7.93e-06	0.00e+00	0.00e+00	0.00e+00	0.00e+00	0.00e+00	0.00e+00	0.00e+00
 8.38981e+22	2.18e-01	5.70e-01	2.11e-01	7.73e-06	0.00e+00	0.00e+00	0.00e+00	0.00e+00	0.00e+00	0.00e+00	0.00e+00
 8.39264e+22	2.22e-01	5.70e-01	2.08e-01	7.54e-06	0.00e+00	0.00e+00	0.00e+00	0.00e+00	0.00e+00	0.00e+00	0.00e+00
 8.39521e+22	2.25e-01	5.70e-01	2.05e-01	7.37e-06	0.00e+00	0.00e+00	0.00e+00	0.00e+00	0.00e+00	0.00e+00	0.00e+00
 8.39755e+22	2.28e-01	5.69e-01	2.03e-01	7.24e-06	0.00e+00	0.00e+00	0.00e+00	0.00e+00	0.00e+00	0.00e+00	0.00e+00
 8.40012e+22	2.32e-01	5.69e-01	1.99e-01	7.06e-06	0.00e+00	0.00e+00	0.00e+00	0.00e+00	0.00e+00	0.00e+00	0.00e+00
 8.40346e+22	2.37e-01	5.68e-01	1.95e-01	6.83e-06	0.00e+00	0.00e+00	0.00e+00	0.00e+00	0.00e+00	0.00e+00	0.00e+00
 8.40706e+22	2.41e-01	5.67e-01	1.91e-01	6.63e-06	0.00e+00	0.00e+00	0.00e+00	0.00e+00	0.00e+00	0.00e+00	0.00e+00
 8.41034e+22	2.46e-01	5.66e-01	1.88e-01	6.44e-06	0.00e+00	0.00e+00	0.00e+00	0.00e+00	0.00e+00	0.00e+00	0.00e+00
 8.41332e+22	2.50e-01	5.66e-01	1.85e-01	6.29e-06	0.00e+00	0.00e+00	0.00e+00	0.00e+00	0.00e+00	0.00e+00	0.00e+00
 8.41659e+22	2.54e-01	5.65e-01	1.81e-01	6.10e-06	0.00e+00	0.00e+00	0.00e+00	0.00e+00	0.00e+00	0.00e+00	0.00e+00
 8.42012e+22	2.59e-01	5.64e-01	1.78e-01	5.92e-06	0.00e+00	0.00e+00	0.00e+00	0.00e+00	0.00e+00	0.00e+00	0.00e+00
 8.42333e+22	2.62e-01	5.63e-01	1.75e-01	5.77e-06	0.00e+00	0.00e+00	0.00e+00	0.00e+00	0.00e+00	0.00e+00	0.00e+00
 8.42626e+22	2.66e-01	5.62e-01	1.72e-01	5.63e-06	0.00e+00	0.00e+00	0.00e+00	0.00e+00	0.00e+00	0.00e+00	0.00e+00
 8.42892e+22	2.69e-01	5.61e-01	1.70e-01	5.52e-06	0.00e+00	0.00e+00	0.00e+00	0.00e+00	0.00e+00	0.00e+00	0.00e+00
 8.43183e+22	2.74e-01	5.60e-01	1.66e-01	5.36e-06	0.00e+00	0.00e+00	0.00e+00	0.00e+00	0.00e+00	0.00e+00	0.00e+00
 8.43562e+22	2.80e-01	5.58e-01	1.62e-01	5.16e-06	0.00e+00	0.00e+00	0.00e+00	0.00e+00	0.00e+00	0.00e+00	0.00e+00
 8.43971e+22	2.85e-01	5.56e-01	1.59e-01	4.99e-06	0.00e+00	0.00e+00	0.00e+00	0.00e+00	0.00e+00	0.00e+00	0.00e+00
 8.44343e+22	2.89e-01	5.55e-01	1.56e-01	4.85e-06	0.00e+00	0.00e+00	0.00e+00	0.00e+00	0.00e+00	0.00e+00	0.00e+00
 8.44682e+22	2.94e-01	5.53e-01	1.53e-01	4.71e-06	0.00e+00	0.00e+00	0.00e+00	0.00e+00	0.00e+00	0.00e+00	0.00e+00
 8.44990e+22	2.98e-01	5.52e-01	1.50e-01	4.59e-06	0.00e+00	0.00e+00	0.00e+00	0.00e+00	0.00e+00	0.00e+00	0.00e+00
 8.45271e+22	3.02e-01	5.50e-01	1.48e-01	4.48e-06	0.00e+00	0.00e+00	0.00e+00	0.00e+00	0.00e+00	0.00e+00	0.00e+00
 8.45578e+22	3.07e-01	5.49e-01	1.44e-01	4.33e-06	0.00e+00	0.00e+00	0.00e+00	0.00e+00	0.00e+00	0.00e+00	0.00e+00
 8.45910e+22	3.12e-01	5.47e-01	1.41e-01	4.20e-06	0.00e+00	0.00e+00	0.00e+00	0.00e+00	0.00e+00	0.00e+00	0.00e+00
 8.46212e+22	3.16e-01	5.45e-01	1.39e-01	4.09e-06	0.00e+00	0.00e+00	0.00e+00	0.00e+00	0.00e+00	0.00e+00	0.00e+00
 8.46487e+22	3.21e-01	5.43e-01	1.36e-01	3.99e-06	0.00e+00	0.00e+00	0.00e+00	0.00e+00	0.00e+00	0.00e+00	0.00e+00
 8.46737e+22	3.24e-01	5.42e-01	1.34e-01	3.90e-06	0.00e+00	0.00e+00	0.00e+00	0.00e+00	0.00e+00	0.00e+00	0.00e+00
 8.47011e+22	3.29e-01	5.40e-01	1.32e-01	3.79e-06	0.00e+00	0.00e+00	0.00e+00	0.00e+00	0.00e+00	0.00e+00	0.00e+00
 8.47367e+22	3.35e-01	5.37e-01	1.28e-01	3.66e-06	0.00e+00	0.00e+00	0.00e+00	0.00e+00	0.00e+00	0.00e+00	0.00e+00
 8.47752e+22	3.41e-01	5.34e-01	1.25e-01	3.53e-06	0.00e+00	0.00e+00	0.00e+00	0.00e+00	0.00e+00	0.00e+00	0.00e+00
 8.48102e+22	3.45e-01	5.32e-01	1.22e-01	3.42e-06	0.00e+00	0.00e+00	0.00e+00	0.00e+00	0.00e+00	0.00e+00	0.00e+00
 8.48420e+22	3.50e-01	5.30e-01	1.20e-01	3.33e-06	0.00e+00	0.00e+00	0.00e+00	0.00e+00	0.00e+00	0.00e+00	0.00e+00
 8.48710e+22	3.54e-01	5.28e-01	1.18e-01	3.24e-06	0.00e+00	0.00e+00	0.00e+00	0.00e+00	0.00e+00	0.00e+00	0.00e+00
 8.48974e+22	3.58e-01	5.26e-01	1.16e-01	3.16e-06	0.00e+00	0.00e+00	0.00e+00	0.00e+00	0.00e+00	0.00e+00	0.00e+00
 8.49263e+22	3.64e-01	5.23e-01	1.13e-01	3.06e-06	0.00e+00	0.00e+00	0.00e+00	0.00e+00	0.00e+00	0.00e+00	0.00e+00
 8.49575e+22	3.68e-01	5.21e-01	1.11e-01	2.98e-06	0.00e+00	0.00e+00	0.00e+00	0.00e+00	0.00e+00	0.00e+00	0.00e+00
 8.49858e+22	3.72e-01	5.19e-01	1.09e-01	2.90e-06	0.00e+00	0.00e+00	0.00e+00	0.00e+00	0.00e+00	0.00e+00	0.00e+00
 8.50170e+22	3.78e-01	5.16e-01	1.06e-01	2.81e-06	0.00e+00	0.00e+00	0.00e+00	0.00e+00	0.00e+00	0.00e+00	0.00e+00
 8.50505e+22	3.83e-01	5.13e-01	1.04e-01	2.73e-06	0.00e+00	0.00e+00	0.00e+00	0.00e+00	0.00e+00	0.00e+00	0.00e+00
 8.50811e+22	3.87e-01	5.11e-01	1.02e-01	2.65e-06	0.00e+00	0.00e+00	0.00e+00	0.00e+00	0.00e+00	0.00e+00	0.00e+00
 8.51089e+22	3.92e-01	5.09e-01	1.00e-01	2.58e-06	0.00e+00	0.00e+00	0.00e+00	0.00e+00	0.00e+00	0.00e+00	0.00e+00
 8.51342e+22	3.94e-01	5.07e-01	9.89e-02	2.54e-06	0.00e+00	0.00e+00	0.00e+00	0.00e+00	0.00e+00	0.00e+00	0.00e+00
 8.51620e+22	3.99e-01	5.05e-01	9.69e-02	2.47e-06	0.00e+00	0.00e+00	0.00e+00	0.00e+00	0.00e+00	0.00e+00	0.00e+00
 8.51980e+22	4.04e-01	5.02e-01	9.46e-02	2.38e-06	0.00e+00	0.00e+00	0.00e+00	0.00e+00	0.00e+00	0.00e+00	0.00e+00
 8.52369e+22	4.08e-01	4.99e-01	9.27e-02	2.31e-06	0.00e+00	0.00e+00	0.00e+00	0.00e+00	0.00e+00	0.00e+00	0.00e+00
 8.52724e+22	4.13e-01	4.96e-01	9.06e-02	2.24e-06	0.00e+00	0.00e+00	0.00e+00	0.00e+00	0.00e+00	0.00e+00	0.00e+00
