#depth	O	O+	O+2	O+3	O+4	O+5	O+6	O+7	O+8	O[1]	O[2]	O[3]
 4.62852e+21	8.67e-22	2.08e-16	1.83e-12	1.45e-09	2.66e-07	2.05e-05	8.18e-03	1.72e-01	8.20e-01	0.00e+00	0.00e+00	0.00e+00
 1.02921e+22	1.98e-19	2.30e-14	1.00e-10	3.97e-08	3.41e-06	1.20e-04	2.42e-02	2.73e-01	7.03e-01	0.00e+00	0.00e+00	0.00e+00
 1.17207e+22	9.46e-19	8.97e-14	3.21e-10	1.05e-07	7.34e-06	2.05e-04	3.36e-02	3.10e-01	6.56e-01	0.00e+00	0.00e+00	0.00e+00
 1.23110e+22	1.93e-18	1.67e-13	5.47e-10	1.64e-07	1.05e-05	2.64e-04	3.91e-02	3.28e-01	6.33e-01	0.00e+00	0.00e+00	0.00e+00
 1.25575e+22	2.29e-18	1.93e-13	6.20e-10	1.82e-07	1.14e-05	2.80e-04	4.06e-02	3.32e-01	6.27e-01	0.00e+00	0.00e+00	0.00e+00
 1.26716e+22	2.88e-18	2.36e-13	7.36e-10	2.10e-07	1.27e-05	3.03e-04	4.26e-02	3.38e-01	6.19e-01	0.00e+00	0.00e+00	0.00e+00
 1.28001e+22	3.57e-18	2.84e-13	8.64e-10	2.40e-07	1.42e-05	3.27e-04	4.46e-02	3.44e-01	6.11e-01	0.00e+00	0.00e+00	0.00e+00
 1.29247e+22	4.37e-18	3.39e-13	1.00e-09	2.72e-07	1.57e-05	3.52e-04	4.65e-02	3.49e-01	6.04e-01	0.00e+00	0.00e+00	0.00e+00
 1.30642e+22	5.66e-18	4.25e-13	1.22e-09	3.21e-07	1.79e-05	3.86e-04	4.92e-02	3.56e-01	5.95e-01	0.00e+00	0.00e+00	0.00e+00
 1.32045e+22	6.89e-18	5.04e-13	1.41e-09	3.63e-07	1.97e-05	4.13e-04	5.13e-02	3.61e-01	5.87e-01	0.00e+00	0.00e+00	0.00e+00
 1.33456e+22	8.85e-18	6.27e-13	1.70e-09	4.25e-07	2.24e-05	4.52e-04	5.40e-02	3.68e-01	5.78e-01	0.00e+00	0.00e+00	0.00e+00
 1.34907e+22	1.08e-17	7.48e-13	1.98e-09	4.83e-07	2.48e-05	4.86e-04	5.64e-02	3.73e-01	5.70e-01	0.00e+00	0.00e+00	0.00e+00
 1.36408e+22	1.40e-17	9.33e-13	2.40e-09	5.66e-07	2.81e-05	5.32e-04	5.95e-02	3.80e-01	5.60e-01	0.00e+00	0.00e+00	0.00e+00
 1.37950e+22	1.73e-17	1.12e-12	2.81e-09	6.47e-07	3.13e-05	5.73e-04	6.22e-02	3.85e-01	5.52e-01	0.00e+00	0.00e+00	0.00e+00
 1.39547e+22	2.24e-17	1.41e-12	3.41e-09	7.62e-07	3.56e-05	6.29e-04	6.57e-02	3.92e-01	5.41e-01	0.00e+00	0.00e+00	0.00e+00
 1.41187e+22	2.78e-17	1.70e-12	4.02e-09	8.73e-07	3.97e-05	6.79e-04	6.88e-02	3.98e-01	5.33e-01	2.78e-17	7.27e-28	7.73e-28
 1.42884e+22	3.64e-17	2.15e-12	4.91e-09	1.03e-06	4.54e-05	7.47e-04	7.27e-02	4.05e-01	5.22e-01	3.64e-17	7.01e-26	8.83e-26
 1.44635e+22	4.56e-17	2.61e-12	5.81e-09	1.19e-06	5.09e-05	8.09e-04	7.62e-02	4.11e-01	5.12e-01	4.56e-17	8.79e-26	1.11e-25
 1.46459e+22	6.02e-17	3.33e-12	7.16e-09	1.42e-06	5.85e-05	8.93e-04	8.07e-02	4.18e-01	5.01e-01	6.02e-17	1.16e-25	1.46e-25
 1.48337e+22	7.61e-17	4.09e-12	8.53e-09	1.64e-06	6.58e-05	9.71e-04	8.47e-02	4.24e-01	4.91e-01	7.61e-17	1.47e-25	1.85e-25
 1.50032e+22	9.55e-17	4.98e-12	1.01e-08	1.90e-06	7.38e-05	1.05e-03	8.87e-02	4.29e-01	4.81e-01	9.55e-17	1.84e-25	2.32e-25
 1.51977e+22	1.27e-16	6.39e-12	1.25e-08	2.27e-06	8.52e-05	1.16e-03	9.40e-02	4.36e-01	4.69e-01	1.27e-16	2.46e-25	3.09e-25
 1.53961e+22	1.61e-16	7.87e-12	1.50e-08	2.64e-06	9.59e-05	1.27e-03	9.87e-02	4.42e-01	4.58e-01	1.61e-16	3.11e-25	3.92e-25
 1.55994e+22	2.17e-16	1.02e-11	1.87e-08	3.17e-06	1.11e-04	1.40e-03	1.05e-01	4.48e-01	4.46e-01	2.17e-16	4.19e-25	5.27e-25
 1.58054e+22	2.76e-16	1.26e-11	2.24e-08	3.69e-06	1.26e-04	1.53e-03	1.10e-01	4.54e-01	4.35e-01	2.76e-16	5.33e-25	6.71e-25
 1.60150e+22	3.74e-16	1.64e-11	2.81e-08	4.47e-06	1.46e-04	1.70e-03	1.17e-01	4.60e-01	4.21e-01	3.74e-16	7.23e-25	9.10e-25
 1.62267e+22	4.76e-16	2.02e-11	3.37e-08	5.21e-06	1.65e-04	1.85e-03	1.22e-01	4.65e-01	4.11e-01	4.76e-16	9.21e-25	1.16e-24
 1.64411e+22	6.52e-16	2.66e-11	4.27e-08	6.35e-06	1.94e-04	2.07e-03	1.30e-01	4.71e-01	3.96e-01	6.52e-16	1.26e-24	1.59e-24
 1.66566e+22	8.28e-16	3.27e-11	5.10e-08	7.38e-06	2.18e-04	2.25e-03	1.36e-01	4.75e-01	3.86e-01	8.28e-16	1.60e-24	2.02e-24
 1.68356e+22	1.03e-15	3.95e-11	6.00e-08	8.46e-06	2.44e-04	2.43e-03	1.42e-01	4.79e-01	3.76e-01	1.03e-15	1.99e-24	2.50e-24
 1.70306e+22	1.37e-15	5.06e-11	7.43e-08	1.01e-05	2.82e-04	2.69e-03	1.50e-01	4.84e-01	3.63e-01	1.37e-15	2.64e-24	3.33e-24
 1.72247e+22	1.69e-15	6.08e-11	8.70e-08	1.16e-05	3.14e-04	2.90e-03	1.57e-01	4.87e-01	3.53e-01	1.69e-15	3.26e-24	4.11e-24
 1.74177e+22	2.23e-15	7.76e-11	1.07e-07	1.38e-05	3.62e-04	3.21e-03	1.65e-01	4.91e-01	3.40e-01	2.23e-15	4.32e-24	5.43e-24
 1.76133e+22	2.76e-15	9.36e-11	1.26e-07	1.59e-05	4.05e-04	3.47e-03	1.72e-01	4.94e-01	3.30e-01	2.76e-15	5.36e-24	6.74e-24
 1.78121e+22	3.68e-15	1.20e-10	1.57e-07	1.91e-05	4.70e-04	3.85e-03	1.82e-01	4.97e-01	3.17e-01	3.68e-15	7.13e-24	8.97e-24
 1.80133e+22	4.57e-15	1.45e-10	1.85e-07	2.19e-05	5.26e-04	4.17e-03	1.90e-01	4.99e-01	3.07e-01	4.57e-15	8.88e-24	1.12e-23
 1.82176e+22	6.09e-15	1.86e-10	2.30e-07	2.64e-05	6.13e-04	4.63e-03	2.00e-01	5.01e-01	2.93e-01	6.09e-15	1.18e-23	1.49e-23
 1.84258e+22	7.64e-15	2.27e-10	2.73e-07	3.06e-05	6.91e-04	5.04e-03	2.09e-01	5.03e-01	2.82e-01	7.64e-15	1.48e-23	1.87e-23
 1.86391e+22	1.02e-14	2.93e-10	3.42e-07	3.72e-05	8.10e-04	5.63e-03	2.21e-01	5.04e-01	2.69e-01	1.02e-14	1.99e-23	2.50e-23
 1.88564e+22	1.29e-14	3.59e-10	4.08e-07	4.33e-05	9.19e-04	6.15e-03	2.31e-01	5.04e-01	2.58e-01	1.29e-14	2.51e-23	3.15e-23
 1.90792e+22	1.74e-14	4.66e-10	5.13e-07	5.28e-05	1.08e-03	6.90e-03	2.45e-01	5.04e-01	2.43e-01	1.74e-14	3.38e-23	4.25e-23
 1.93042e+22	2.18e-14	5.68e-10	6.11e-07	6.16e-05	1.23e-03	7.55e-03	2.56e-01	5.03e-01	2.32e-01	2.18e-14	4.25e-23	5.33e-23
 1.94944e+22	2.68e-14	6.81e-10	7.18e-07	7.09e-05	1.39e-03	8.20e-03	2.66e-01	5.02e-01	2.22e-01	2.68e-14	5.22e-23	6.56e-23
 1.97012e+22	3.46e-14	8.52e-10	8.77e-07	8.46e-05	1.61e-03	9.10e-03	2.80e-01	5.00e-01	2.10e-01	3.46e-14	6.74e-23	8.47e-23
 1.99084e+22	4.21e-14	1.01e-09	1.03e-06	9.71e-05	1.81e-03	9.88e-03	2.91e-01	4.98e-01	2.00e-01	4.21e-14	8.22e-23	1.03e-22
 2.01112e+22	5.31e-14	1.24e-09	1.23e-06	1.15e-04	2.08e-03	1.09e-02	3.04e-01	4.94e-01	1.89e-01	5.31e-14	1.04e-22	1.30e-22
 2.03180e+22	6.45e-14	1.48e-09	1.44e-06	1.32e-04	2.34e-03	1.19e-02	3.16e-01	4.91e-01	1.79e-01	6.45e-14	1.26e-22	1.58e-22
 2.05208e+22	7.94e-14	1.78e-09	1.71e-06	1.54e-04	2.68e-03	1.31e-02	3.30e-01	4.86e-01	1.69e-01	7.94e-14	1.55e-22	1.95e-22
 2.07278e+22	9.58e-14	2.10e-09	2.00e-06	1.77e-04	3.02e-03	1.43e-02	3.42e-01	4.81e-01	1.59e-01	9.58e-14	1.88e-22	2.35e-22
 2.09320e+22	1.16e-13	2.49e-09	2.33e-06	2.04e-04	3.42e-03	1.56e-02	3.56e-01	4.75e-01	1.50e-01	1.16e-13	2.27e-22	2.84e-22
 2.11376e+22	1.38e-13	2.91e-09	2.71e-06	2.35e-04	3.86e-03	1.70e-02	3.69e-01	4.69e-01	1.41e-01	1.38e-13	2.70e-22	3.39e-22
 2.13407e+22	1.63e-13	3.39e-09	3.12e-06	2.68e-04	4.34e-03	1.85e-02	3.82e-01	4.63e-01	1.32e-01	1.63e-13	3.19e-22	4.00e-22
 2.15435e+22	1.91e-13	3.91e-09	3.59e-06	3.06e-04	4.87e-03	2.01e-02	3.95e-01	4.55e-01	1.24e-01	1.91e-13	3.74e-22	4.70e-22
 2.17464e+22	2.22e-13	4.49e-09	4.10e-06	3.47e-04	5.45e-03	2.19e-02	4.08e-01	4.48e-01	1.16e-01	2.22e-13	4.36e-22	5.47e-22
 2.19501e+22	2.56e-13	5.13e-09	4.67e-06	3.93e-04	6.08e-03	2.37e-02	4.21e-01	4.40e-01	1.09e-01	2.56e-13	5.04e-22	6.32e-22
 2.21548e+22	2.94e-13	5.83e-09	5.30e-06	4.45e-04	6.78e-03	2.57e-02	4.34e-01	4.31e-01	1.01e-01	2.94e-13	5.79e-22	7.25e-22
 2.23612e+22	3.35e-13	6.59e-09	6.00e-06	5.02e-04	7.54e-03	2.78e-02	4.47e-01	4.23e-01	9.47e-02	3.35e-13	6.60e-22	8.28e-22
 2.25698e+22	3.80e-13	7.43e-09	6.78e-06	5.65e-04	8.38e-03	3.01e-02	4.59e-01	4.13e-01	8.82e-02	3.80e-13	7.50e-22	9.39e-22
 2.27796e+22	4.28e-13	8.32e-09	7.62e-06	6.35e-04	9.28e-03	3.25e-02	4.72e-01	4.04e-01	8.21e-02	4.28e-13	8.45e-22	1.06e-21
 2.29926e+22	4.81e-13	9.31e-09	8.56e-06	7.13e-04	1.03e-02	3.51e-02	4.84e-01	3.94e-01	7.61e-02	4.81e-13	9.50e-22	1.19e-21
 2.32079e+22	5.36e-13	1.04e-08	9.58e-06	7.98e-04	1.13e-02	3.78e-02	4.96e-01	3.84e-01	7.06e-02	5.36e-13	1.06e-21	1.33e-21
 2.34274e+22	5.97e-13	1.15e-08	1.07e-05	8.96e-04	1.25e-02	4.08e-02	5.07e-01	3.73e-01	6.52e-02	5.97e-13	1.18e-21	1.48e-21
 2.36508e+22	6.62e-13	1.28e-08	1.20e-05	1.00e-03	1.38e-02	4.39e-02	5.19e-01	3.62e-01	6.03e-02	6.62e-13	1.31e-21	1.64e-21
 2.38555e+22	7.19e-13	1.39e-08	1.31e-05	1.10e-03	1.49e-02	4.66e-02	5.28e-01	3.53e-01	5.63e-02	7.19e-13	1.43e-21	1.79e-21
 2.40694e+22	7.93e-13	1.54e-08	1.47e-05	1.23e-03	1.65e-02	5.03e-02	5.39e-01	3.42e-01	5.16e-02	7.93e-13	1.58e-21	1.97e-21
 2.42866e+22	8.60e-13	1.67e-08	1.61e-05	1.35e-03	1.78e-02	5.33e-02	5.47e-01	3.32e-01	4.81e-02	8.60e-13	1.71e-21	2.14e-21
 2.45102e+22	9.48e-13	1.85e-08	1.80e-05	1.52e-03	1.96e-02	5.75e-02	5.57e-01	3.20e-01	4.39e-02	9.48e-13	1.89e-21	2.37e-21
 2.47341e+22	1.02e-12	2.00e-08	1.97e-05	1.66e-03	2.11e-02	6.08e-02	5.65e-01	3.11e-01	4.08e-02	1.02e-12	2.04e-21	2.55e-21
 2.49583e+22	1.12e-12	2.21e-08	2.20e-05	1.86e-03	2.32e-02	6.54e-02	5.74e-01	2.99e-01	3.71e-02	1.12e-12	2.23e-21	2.79e-21
 2.51835e+22	1.20e-12	2.39e-08	2.40e-05	2.03e-03	2.49e-02	6.90e-02	5.80e-01	2.90e-01	3.45e-02	1.20e-12	2.41e-21	3.01e-21
 2.54099e+22	1.31e-12	2.63e-08	2.67e-05	2.27e-03	2.72e-02	7.39e-02	5.88e-01	2.78e-01	3.14e-02	1.31e-12	2.63e-21	3.29e-21
 2.56386e+22	1.41e-12	2.85e-08	2.92e-05	2.48e-03	2.91e-02	7.78e-02	5.93e-01	2.69e-01	2.91e-02	1.41e-12	2.84e-21	3.54e-21
 2.58705e+22	1.54e-12	3.14e-08	3.26e-05	2.77e-03	3.17e-02	8.32e-02	5.99e-01	2.57e-01	2.63e-02	1.54e-12	3.10e-21	3.87e-21
 2.61055e+22	1.66e-12	3.40e-08	3.56e-05	3.03e-03	3.39e-02	8.75e-02	6.04e-01	2.48e-01	2.43e-02	1.66e-12	3.34e-21	4.17e-21
 2.63446e+22	1.81e-12	3.76e-08	3.99e-05	3.39e-03	3.69e-02	9.34e-02	6.08e-01	2.36e-01	2.19e-02	1.81e-12	3.66e-21	4.56e-21
 2.65881e+22	1.95e-12	4.10e-08	4.37e-05	3.71e-03	3.94e-02	9.82e-02	6.12e-01	2.27e-01	2.02e-02	1.95e-12	3.96e-21	4.94e-21
 2.68373e+22	2.14e-12	4.55e-08	4.92e-05	4.16e-03	4.28e-02	1.05e-01	6.15e-01	2.15e-01	1.81e-02	2.14e-12	4.35e-21	5.42e-21
 2.70923e+22	2.33e-12	4.99e-08	5.43e-05	4.56e-03	4.57e-02	1.10e-01	6.17e-01	2.06e-01	1.66e-02	2.33e-12	4.74e-21	5.91e-21
 2.73547e+22	2.57e-12	5.59e-08	6.14e-05	5.14e-03	4.97e-02	1.17e-01	6.18e-01	1.95e-01	1.47e-02	2.57e-12	5.24e-21	6.53e-21
 2.76219e+22	2.84e-12	6.21e-08	6.82e-05	5.65e-03	5.31e-02	1.23e-01	6.19e-01	1.86e-01	1.34e-02	2.84e-12	5.80e-21	7.23e-21
 2.78485e+22	3.05e-12	6.75e-08	7.47e-05	6.15e-03	5.63e-02	1.28e-01	6.19e-01	1.78e-01	1.23e-02	3.05e-12	6.24e-21	7.78e-21
 2.80964e+22	3.38e-12	7.57e-08	8.42e-05	6.86e-03	6.06e-02	1.35e-01	6.18e-01	1.68e-01	1.10e-02	3.38e-12	6.94e-21	8.64e-21
 2.83356e+22	3.65e-12	8.25e-08	9.19e-05	7.41e-03	6.37e-02	1.40e-01	6.17e-01	1.62e-01	1.02e-02	3.65e-12	7.52e-21	9.36e-21
 2.85633e+22	4.00e-12	9.15e-08	1.02e-04	8.18e-03	6.80e-02	1.47e-01	6.14e-01	1.53e-01	9.16e-03	4.00e-12	8.24e-21	1.03e-20
 2.87935e+22	4.38e-12	1.01e-07	1.12e-04	8.84e-03	7.15e-02	1.52e-01	6.12e-01	1.47e-01	8.45e-03	4.38e-12	9.05e-21	1.13e-20
 2.90267e+22	4.84e-12	1.13e-07	1.26e-04	9.77e-03	7.62e-02	1.60e-01	6.08e-01	1.38e-01	7.58e-03	4.84e-12	1.00e-20	1.25e-20
 2.92635e+22	5.33e-12	1.25e-07	1.39e-04	1.06e-02	8.02e-02	1.65e-01	6.05e-01	1.32e-01	6.97e-03	5.33e-12	1.11e-20	1.38e-20
 2.95048e+22	5.94e-12	1.41e-07	1.56e-04	1.17e-02	8.54e-02	1.73e-01	6.00e-01	1.24e-01	6.22e-03	5.94e-12	1.24e-20	1.54e-20
 2.97495e+22	6.59e-12	1.56e-07	1.72e-04	1.27e-02	8.98e-02	1.78e-01	5.95e-01	1.19e-01	5.70e-03	6.59e-12	1.38e-20	1.71e-20
 2.99986e+22	7.42e-12	1.78e-07	1.95e-04	1.41e-02	9.56e-02	1.86e-01	5.88e-01	1.11e-01	5.06e-03	7.42e-12	1.56e-20	1.93e-20
 3.02524e+22	8.32e-12	2.00e-07	2.17e-04	1.53e-02	1.01e-01	1.92e-01	5.82e-01	1.05e-01	4.61e-03	8.32e-12	1.75e-20	2.18e-20
 3.05124e+22	9.47e-12	2.30e-07	2.47e-04	1.70e-02	1.07e-01	2.00e-01	5.74e-01	9.82e-02	4.06e-03	9.47e-12	2.00e-20	2.49e-20
 3.07778e+22	1.07e-11	2.60e-07	2.76e-04	1.85e-02	1.13e-01	2.06e-01	5.66e-01	9.28e-02	3.68e-03	1.07e-11	2.27e-20	2.82e-20
 3.10502e+22	1.24e-11	3.04e-07	3.18e-04	2.06e-02	1.20e-01	2.14e-01	5.56e-01	8.60e-02	3.22e-03	1.24e-11	2.65e-20	3.28e-20
 3.13301e+22	1.42e-11	3.47e-07	3.57e-04	2.26e-02	1.26e-01	2.20e-01	5.47e-01	8.08e-02	2.89e-03	1.42e-11	3.04e-20	3.76e-20
 3.16198e+22	1.68e-11	4.12e-07	4.15e-04	2.53e-02	1.34e-01	2.28e-01	5.35e-01	7.43e-02	2.50e-03	1.68e-11	3.61e-20	4.48e-20
 3.19120e+22	1.95e-11	4.75e-07	4.68e-04	2.76e-02	1.41e-01	2.34e-01	5.24e-01	6.97e-02	2.24e-03	1.95e-11	4.21e-20	5.21e-20
 3.22074e+22	2.32e-11	5.67e-07	5.45e-04	3.09e-02	1.50e-01	2.42e-01	5.10e-01	6.37e-02	1.93e-03	2.32e-11	5.03e-20	6.23e-20
 3.25054e+22	2.72e-11	6.57e-07	6.16e-04	3.37e-02	1.58e-01	2.48e-01	4.99e-01	5.95e-02	1.72e-03	2.72e-11	5.93e-20	7.33e-20
 3.28068e+22	3.27e-11	7.90e-07	7.20e-04	3.77e-02	1.67e-01	2.55e-01	4.83e-01	5.41e-02	1.47e-03	3.27e-11	7.19e-20	8.89e-20
 3.31135e+22	3.88e-11	9.23e-07	8.18e-04	4.12e-02	1.76e-01	2.60e-01	4.71e-01	5.02e-02	1.30e-03	3.88e-11	8.56e-20	1.06e-19
 3.34271e+22	4.75e-11	1.12e-06	9.61e-04	4.62e-02	1.86e-01	2.67e-01	4.53e-01	4.53e-02	1.10e-03	4.75e-11	1.06e-19	1.30e-19
 3.37372e+22	5.62e-11	1.31e-06	1.09e-03	5.02e-02	1.94e-01	2.71e-01	4.40e-01	4.20e-02	9.75e-04	5.62e-11	1.26e-19	1.55e-19
 3.39890e+22	6.49e-11	1.50e-06	1.21e-03	5.41e-02	2.01e-01	2.75e-01	4.28e-01	3.91e-02	8.70e-04	6.49e-11	1.46e-19	1.80e-19
 3.42626e+22	7.86e-11	1.78e-06	1.39e-03	5.93e-02	2.11e-01	2.79e-01	4.13e-01	3.58e-02	7.53e-04	7.86e-11	1.78e-19	2.19e-19
 3.45398e+22	9.20e-11	2.05e-06	1.55e-03	6.40e-02	2.19e-01	2.82e-01	4.00e-01	3.31e-02	6.67e-04	9.20e-11	2.09e-19	2.58e-19
 3.47843e+22	1.07e-10	2.36e-06	1.73e-03	6.88e-02	2.26e-01	2.85e-01	3.87e-01	3.07e-02	5.93e-04	1.07e-10	2.46e-19	3.03e-19
 3.50647e+22	1.31e-10	2.81e-06	1.99e-03	7.52e-02	2.36e-01	2.87e-01	3.71e-01	2.79e-02	5.10e-04	1.31e-10	3.03e-19	3.73e-19
 3.53556e+22	1.56e-10	3.29e-06	2.24e-03	8.14e-02	2.45e-01	2.90e-01	3.56e-01	2.55e-02	4.44e-04	1.56e-10	3.64e-19	4.47e-19
 3.56153e+22	1.85e-10	3.80e-06	2.51e-03	8.74e-02	2.52e-01	2.91e-01	3.43e-01	2.35e-02	3.91e-04	1.85e-10	4.33e-19	5.33e-19
 3.59080e+22	2.30e-10	4.57e-06	2.88e-03	9.55e-02	2.62e-01	2.92e-01	3.26e-01	2.11e-02	3.33e-04	2.30e-10	5.42e-19	6.66e-19
 3.62138e+22	2.78e-10	5.39e-06	3.26e-03	1.03e-01	2.71e-01	2.92e-01	3.11e-01	1.91e-02	2.86e-04	2.78e-10	6.62e-19	8.12e-19
 3.64899e+22	3.34e-10	6.28e-06	3.66e-03	1.11e-01	2.79e-01	2.92e-01	2.97e-01	1.74e-02	2.49e-04	3.34e-10	8.01e-19	9.82e-19
 3.68019e+22	4.21e-10	7.62e-06	4.23e-03	1.21e-01	2.89e-01	2.90e-01	2.80e-01	1.54e-02	2.08e-04	4.21e-10	1.02e-18	1.25e-18
 3.71236e+22	5.17e-10	9.04e-06	4.79e-03	1.31e-01	2.97e-01	2.89e-01	2.64e-01	1.38e-02	1.77e-04	5.17e-10	1.26e-18	1.55e-18
 3.74100e+22	6.27e-10	1.06e-05	5.38e-03	1.40e-01	3.05e-01	2.87e-01	2.51e-01	1.25e-02	1.52e-04	6.27e-10	1.55e-18	1.90e-18
 3.77342e+22	8.01e-10	1.29e-05	6.21e-03	1.52e-01	3.14e-01	2.83e-01	2.34e-01	1.09e-02	1.25e-04	8.01e-10	2.00e-18	2.45e-18
 3.80706e+22	9.96e-10	1.54e-05	7.05e-03	1.64e-01	3.21e-01	2.79e-01	2.19e-01	9.66e-03	1.05e-04	9.96e-10	2.52e-18	3.08e-18
 3.83726e+22	1.22e-09	1.81e-05	7.91e-03	1.75e-01	3.28e-01	2.75e-01	2.05e-01	8.61e-03	8.86e-05	1.22e-09	3.13e-18	3.82e-18
 3.87149e+22	1.59e-09	2.22e-05	9.15e-03	1.90e-01	3.35e-01	2.69e-01	1.89e-01	7.43e-03	7.16e-05	1.59e-09	4.12e-18	5.03e-18
 3.90705e+22	2.00e-09	2.66e-05	1.04e-02	2.04e-01	3.41e-01	2.63e-01	1.75e-01	6.47e-03	5.87e-05	2.00e-09	5.28e-18	6.43e-18
 3.93894e+22	2.49e-09	3.14e-05	1.17e-02	2.18e-01	3.46e-01	2.56e-01	1.63e-01	5.69e-03	4.90e-05	2.49e-09	6.64e-18	8.09e-18
 3.97500e+22	3.29e-09	3.88e-05	1.35e-02	2.35e-01	3.51e-01	2.48e-01	1.47e-01	4.80e-03	3.86e-05	3.29e-09	8.95e-18	1.09e-17
 4.01175e+22	4.15e-09	4.64e-05	1.53e-02	2.51e-01	3.55e-01	2.40e-01	1.35e-01	4.15e-03	3.14e-05	4.15e-09	1.15e-17	1.39e-17
 4.04943e+22	5.54e-09	5.75e-05	1.77e-02	2.70e-01	3.58e-01	2.30e-01	1.21e-01	3.46e-03	2.43e-05	5.54e-09	1.57e-17	1.90e-17
 4.08748e+22	7.02e-09	6.86e-05	1.99e-02	2.86e-01	3.60e-01	2.21e-01	1.10e-01	2.96e-03	1.96e-05	7.02e-09	2.02e-17	2.45e-17
 4.12603e+22	9.46e-09	8.54e-05	2.30e-02	3.07e-01	3.60e-01	2.09e-01	9.78e-02	2.43e-03	1.49e-05	9.46e-09	2.79e-17	3.38e-17
 4.16492e+22	1.20e-08	1.01e-04	2.58e-02	3.24e-01	3.60e-01	2.00e-01	8.85e-02	2.07e-03	1.19e-05	1.20e-08	3.62e-17	4.38e-17
 4.20425e+22	1.62e-08	1.26e-04	2.97e-02	3.45e-01	3.58e-01	1.88e-01	7.76e-02	1.67e-03	8.94e-06	1.62e-08	5.04e-17	6.10e-17
 4.24403e+22	2.06e-08	1.50e-04	3.32e-02	3.63e-01	3.55e-01	1.78e-01	6.96e-02	1.41e-03	7.07e-06	2.06e-08	6.57e-17	7.95e-17
 4.28442e+22	2.81e-08	1.87e-04	3.82e-02	3.85e-01	3.50e-01	1.65e-01	6.03e-02	1.12e-03	5.20e-06	2.81e-08	9.26e-17	1.12e-16
 4.32528e+22	3.58e-08	2.22e-04	4.25e-02	4.02e-01	3.46e-01	1.55e-01	5.37e-02	9.35e-04	4.06e-06	3.58e-08	1.22e-16	1.47e-16
 4.36676e+22	4.90e-08	2.76e-04	4.87e-02	4.23e-01	3.38e-01	1.43e-01	4.59e-02	7.35e-04	2.94e-06	4.90e-08	1.73e-16	2.09e-16
 4.40736e+22	6.15e-08	3.23e-04	5.37e-02	4.39e-01	3.32e-01	1.34e-01	4.09e-02	6.14e-04	2.31e-06	6.15e-08	2.24e-16	2.70e-16
 4.44681e+22	8.25e-08	3.96e-04	6.08e-02	4.58e-01	3.23e-01	1.23e-01	3.50e-02	4.84e-04	1.68e-06	8.25e-08	3.12e-16	3.77e-16
 4.48572e+22	1.02e-07	4.58e-04	6.63e-02	4.72e-01	3.16e-01	1.15e-01	3.11e-02	4.06e-04	1.33e-06	1.02e-07	3.98e-16	4.80e-16
 4.51861e+22	1.26e-07	5.30e-04	7.23e-02	4.84e-01	3.08e-01	1.07e-01	2.76e-02	3.39e-04	1.05e-06	1.26e-07	5.06e-16	6.11e-16
 4.55603e+22	1.65e-07	6.36e-04	8.05e-02	5.00e-01	2.97e-01	9.75e-02	2.37e-02	2.69e-04	7.70e-07	1.65e-07	6.87e-16	8.28e-16
 4.59350e+22	2.04e-07	7.33e-04	8.74e-02	5.12e-01	2.89e-01	9.04e-02	2.10e-02	2.24e-04	6.02e-07	2.04e-07	8.72e-16	1.05e-15
 4.63102e+22	2.65e-07	8.75e-04	9.67e-02	5.25e-01	2.77e-01	8.20e-02	1.79e-02	1.76e-04	4.40e-07	2.65e-07	1.18e-15	1.42e-15
 4.66914e+22	3.29e-07	1.01e-03	1.05e-01	5.35e-01	2.68e-01	7.55e-02	1.56e-02	1.45e-04	3.39e-07	3.29e-07	1.50e-15	1.81e-15
 4.70806e+22	4.30e-07	1.21e-03	1.16e-01	5.46e-01	2.55e-01	6.78e-02	1.32e-02	1.13e-04	2.44e-07	4.30e-07	2.03e-15	2.45e-15
 4.74728e+22	5.32e-07	1.39e-03	1.25e-01	5.54e-01	2.45e-01	6.20e-02	1.15e-02	9.19e-05	1.87e-07	5.32e-07	2.58e-15	3.11e-15
 4.78692e+22	7.01e-07	1.67e-03	1.38e-01	5.63e-01	2.32e-01	5.51e-02	9.57e-03	7.01e-05	1.31e-07	7.01e-07	3.53e-15	4.24e-15
 4.82661e+22	8.61e-07	1.91e-03	1.49e-01	5.69e-01	2.22e-01	5.02e-02	8.31e-03	5.70e-05	0.00e+00	8.61e-07	4.46e-15	5.35e-15
 4.85850e+22	1.03e-06	2.15e-03	1.58e-01	5.72e-01	2.13e-01	4.63e-02	7.35e-03	4.76e-05	0.00e+00	1.03e-06	5.45e-15	6.54e-15
 4.89211e+22	1.28e-06	2.48e-03	1.70e-01	5.76e-01	2.03e-01	4.18e-02	6.30e-03	3.80e-05	0.00e+00	1.28e-06	6.98e-15	8.36e-15
 4.92620e+22	1.53e-06	2.79e-03	1.81e-01	5.78e-01	1.94e-01	3.83e-02	5.53e-03	3.15e-05	0.00e+00	1.53e-06	8.56e-15	1.02e-14
 4.95619e+22	1.82e-06	3.12e-03	1.92e-01	5.79e-01	1.86e-01	3.51e-02	4.87e-03	2.61e-05	0.00e+00	1.82e-06	1.04e-14	1.25e-14
 4.99044e+22	2.26e-06	3.59e-03	2.06e-01	5.80e-01	1.75e-01	3.14e-02	4.14e-03	2.07e-05	0.00e+00	2.26e-06	1.34e-14	1.60e-14
 5.02511e+22	2.69e-06	4.03e-03	2.18e-01	5.79e-01	1.67e-01	2.86e-02	3.61e-03	1.69e-05	0.00e+00	2.69e-06	1.64e-14	1.95e-14
 5.05549e+22	3.20e-06	4.51e-03	2.30e-01	5.77e-01	1.59e-01	2.61e-02	3.16e-03	1.40e-05	0.00e+00	3.20e-06	1.99e-14	2.38e-14
 5.09016e+22	3.98e-06	5.19e-03	2.46e-01	5.74e-01	1.49e-01	2.31e-02	2.65e-03	1.09e-05	0.00e+00	3.98e-06	2.57e-14	3.05e-14
 5.12510e+22	4.71e-06	5.78e-03	2.59e-01	5.71e-01	1.41e-01	2.10e-02	2.31e-03	8.92e-06	0.00e+00	4.71e-06	3.12e-14	3.71e-14
 5.16040e+22	5.82e-06	6.64e-03	2.76e-01	5.65e-01	1.32e-01	1.85e-02	1.94e-03	6.92e-06	0.00e+00	5.82e-06	4.00e-14	4.75e-14
 5.19627e+22	6.95e-06	7.43e-03	2.91e-01	5.59e-01	1.24e-01	1.66e-02	1.67e-03	5.57e-06	0.00e+00	6.95e-06	4.91e-14	5.82e-14
 5.22594e+22	8.08e-06	8.18e-03	3.04e-01	5.54e-01	1.17e-01	1.51e-02	1.46e-03	4.62e-06	0.00e+00	8.08e-06	5.85e-14	6.94e-14
 5.25761e+22	9.70e-06	9.19e-03	3.20e-01	5.46e-01	1.10e-01	1.35e-02	1.24e-03	3.67e-06	0.00e+00	9.70e-06	7.24e-14	8.59e-14
 5.29249e+22	1.16e-05	1.03e-02	3.36e-01	5.37e-01	1.03e-01	1.20e-02	1.06e-03	2.93e-06	0.00e+00	1.16e-05	8.90e-14	1.06e-13
 5.32628e+22	1.38e-05	1.15e-02	3.53e-01	5.28e-01	9.59e-02	1.07e-02	9.02e-04	2.32e-06	0.00e+00	1.38e-05	1.10e-13	1.30e-13
 5.35964e+22	1.64e-05	1.28e-02	3.70e-01	5.18e-01	8.95e-02	9.50e-03	7.70e-04	1.85e-06	0.00e+00	1.64e-05	1.34e-13	1.59e-13
 5.39772e+22	2.03e-05	1.47e-02	3.91e-01	5.04e-01	8.18e-02	8.16e-03	6.27e-04	1.38e-06	0.00e+00	2.03e-05	1.73e-13	2.05e-13
 5.43649e+22	2.42e-05	1.64e-02	4.09e-01	4.91e-01	7.56e-02	7.17e-03	5.26e-04	1.08e-06	0.00e+00	2.42e-05	2.14e-13	2.53e-13
 5.47614e+22	3.03e-05	1.89e-02	4.32e-01	4.75e-01	6.83e-02	6.07e-03	4.21e-04	7.84e-07	0.00e+00	3.03e-05	2.79e-13	3.31e-13
 5.51623e+22	3.59e-05	2.10e-02	4.50e-01	4.61e-01	6.28e-02	5.31e-03	3.52e-04	6.08e-07	0.00e+00	3.59e-05	3.43e-13	4.06e-13
 5.55688e+22	4.46e-05	2.40e-02	4.73e-01	4.42e-01	5.65e-02	4.47e-03	2.80e-04	4.40e-07	0.00e+00	4.46e-05	4.47e-13	5.28e-13
 5.59872e+22	5.33e-05	2.68e-02	4.92e-01	4.25e-01	5.14e-02	3.84e-03	2.29e-04	3.33e-07	0.00e+00	5.33e-05	5.56e-13	6.57e-13
 5.63626e+22	6.37e-05	3.00e-02	5.11e-01	4.09e-01	4.67e-02	3.31e-03	1.89e-04	2.52e-07	0.00e+00	6.37e-05	6.91e-13	8.15e-13
 5.66827e+22	7.24e-05	3.24e-02	5.24e-01	3.96e-01	4.35e-02	2.96e-03	1.63e-04	2.05e-07	0.00e+00	7.24e-05	8.08e-13	9.53e-13
 5.69894e+22	8.47e-05	3.57e-02	5.41e-01	3.81e-01	3.98e-02	2.58e-03	1.36e-04	1.59e-07	0.00e+00	8.47e-05	9.82e-13	1.16e-12
 5.73036e+22	9.65e-05	3.87e-02	5.54e-01	3.68e-01	3.68e-02	2.29e-03	1.17e-04	1.28e-07	0.00e+00	9.65e-05	1.15e-12	1.36e-12
 5.75852e+22	1.10e-04	4.18e-02	5.67e-01	3.55e-01	3.41e-02	2.04e-03	1.00e-04	0.00e+00	0.00e+00	1.10e-04	1.35e-12	1.59e-12
 5.79090e+22	1.28e-04	4.61e-02	5.83e-01	3.38e-01	3.10e-02	1.75e-03	8.26e-05	0.00e+00	0.00e+00	1.28e-04	1.65e-12	1.94e-12
 5.82392e+22	1.47e-04	5.00e-02	5.96e-01	3.24e-01	2.84e-02	1.54e-03	6.99e-05	0.00e+00	0.00e+00	1.47e-04	1.95e-12	2.28e-12
 5.85314e+22	1.67e-04	5.41e-02	6.08e-01	3.10e-01	2.61e-02	1.35e-03	5.92e-05	0.00e+00	0.00e+00	1.67e-04	2.30e-12	2.69e-12
 5.88653e+22	1.97e-04	5.99e-02	6.22e-01	2.93e-01	2.33e-02	1.14e-03	4.79e-05	0.00e+00	0.00e+00	1.97e-04	2.84e-12	3.30e-12
 5.92018e+22	2.23e-04	6.46e-02	6.33e-01	2.79e-01	2.13e-02	1.00e-03	4.04e-05	0.00e+00	0.00e+00	2.23e-04	3.33e-12	3.87e-12
 5.95418e+22	2.62e-04	7.11e-02	6.46e-01	2.63e-01	1.90e-02	8.45e-04	3.26e-05	0.00e+00	0.00e+00	2.62e-04	4.09e-12	4.74e-12
 5.98924e+22	3.00e-04	7.70e-02	6.57e-01	2.48e-01	1.72e-02	7.27e-04	2.70e-05	0.00e+00	0.00e+00	3.00e-04	4.87e-12	5.63e-12
 6.02084e+22	3.42e-04	8.33e-02	6.66e-01	2.34e-01	1.55e-02	6.26e-04	2.24e-05	0.00e+00	0.00e+00	3.42e-04	5.78e-12	6.66e-12
 6.05708e+22	4.05e-04	9.21e-02	6.76e-01	2.17e-01	1.36e-02	5.15e-04	1.75e-05	0.00e+00	0.00e+00	4.05e-04	7.21e-12	8.27e-12
 6.09383e+22	4.60e-04	9.93e-02	6.84e-01	2.04e-01	1.22e-02	4.41e-04	1.44e-05	0.00e+00	0.00e+00	4.60e-04	8.55e-12	9.77e-12
 6.13125e+22	5.45e-04	1.10e-01	6.92e-01	1.87e-01	1.06e-02	3.59e-04	1.12e-05	0.00e+00	0.00e+00	5.45e-04	1.07e-11	1.22e-11
 6.16963e+22	6.22e-04	1.18e-01	6.97e-01	1.74e-01	9.42e-03	3.02e-04	9.04e-06	0.00e+00	0.00e+00	6.22e-04	1.28e-11	1.45e-11
 6.20927e+22	7.39e-04	1.31e-01	7.02e-01	1.58e-01	8.08e-03	2.42e-04	6.88e-06	0.00e+00	0.00e+00	7.39e-04	1.61e-11	1.81e-11
 6.24958e+22	8.45e-04	1.41e-01	7.05e-01	1.46e-01	7.10e-03	2.01e-04	5.48e-06	0.00e+00	0.00e+00	8.45e-04	1.93e-11	2.16e-11
 6.29075e+22	1.01e-03	1.56e-01	7.06e-01	1.31e-01	6.02e-03	1.58e-04	4.10e-06	0.00e+00	0.00e+00	1.01e-03	2.45e-11	2.72e-11
 6.33250e+22	1.15e-03	1.68e-01	7.06e-01	1.19e-01	5.25e-03	1.30e-04	3.24e-06	0.00e+00	0.00e+00	1.15e-03	2.94e-11	3.25e-11
 6.37500e+22	1.36e-03	1.85e-01	7.03e-01	1.06e-01	4.42e-03	1.01e-04	2.40e-06	0.00e+00	0.00e+00	1.36e-03	3.71e-11	4.06e-11
 6.41861e+22	1.56e-03	2.00e-01	6.99e-01	9.56e-02	3.79e-03	8.16e-05	1.85e-06	0.00e+00	0.00e+00	1.56e-03	4.48e-11	4.88e-11
 6.46367e+22	1.87e-03	2.21e-01	6.91e-01	8.32e-02	3.12e-03	6.15e-05	1.33e-06	0.00e+00	0.00e+00	1.87e-03	5.74e-11	6.20e-11
 6.50877e+22	2.12e-03	2.36e-01	6.84e-01	7.46e-02	2.68e-03	4.94e-05	1.02e-06	0.00e+00	0.00e+00	2.12e-03	6.86e-11	7.38e-11
 6.55391e+22	2.52e-03	2.59e-01	6.72e-01	6.43e-02	2.20e-03	3.71e-05	7.32e-07	0.00e+00	0.00e+00	2.52e-03	8.71e-11	9.30e-11
 6.60065e+22	2.89e-03	2.79e-01	6.60e-01	5.65e-02	1.85e-03	2.89e-05	5.47e-07	0.00e+00	0.00e+00	2.89e-03	1.06e-10	1.12e-10
 6.64949e+22	3.46e-03	3.07e-01	6.41e-01	4.75e-02	1.48e-03	2.09e-05	3.78e-07	0.00e+00	0.00e+00	3.46e-03	1.36e-10	1.44e-10
 6.69944e+22	3.97e-03	3.29e-01	6.25e-01	4.11e-02	1.23e-03	1.60e-05	2.79e-07	0.00e+00	0.00e+00	3.97e-03	1.65e-10	1.74e-10
 6.75082e+22	4.78e-03	3.61e-01	5.99e-01	3.37e-02	9.66e-04	1.11e-05	1.86e-07	0.00e+00	0.00e+00	4.78e-03	2.15e-10	2.25e-10
 6.80351e+22	5.49e-03	3.87e-01	5.78e-01	2.85e-02	7.94e-04	8.31e-06	1.35e-07	0.00e+00	0.00e+00	5.49e-03	2.63e-10	2.73e-10
 6.85789e+22	6.66e-03	4.25e-01	5.45e-01	2.26e-02	6.09e-04	5.54e-06	0.00e+00	0.00e+00	0.00e+00	6.66e-03	3.45e-10	3.56e-10
 6.91421e+22	7.72e-03	4.56e-01	5.18e-01	1.85e-02	4.89e-04	3.95e-06	0.00e+00	0.00e+00	0.00e+00	7.72e-03	4.27e-10	4.39e-10
 6.97306e+22	9.45e-03	5.00e-01	4.76e-01	1.40e-02	3.64e-04	2.48e-06	0.00e+00	0.00e+00	0.00e+00	9.45e-03	5.69e-10	5.83e-10
 7.03450e+22	1.11e-02	5.37e-01	4.41e-01	1.09e-02	2.82e-04	1.66e-06	0.00e+00	0.00e+00	0.00e+00	1.11e-02	7.18e-10	7.33e-10
 7.09071e+22	1.31e-02	5.75e-01	4.03e-01	8.34e-03	2.18e-04	1.09e-06	0.00e+00	0.00e+00	0.00e+00	1.31e-02	9.08e-10	9.25e-10
 7.13910e+22	1.47e-02	6.02e-01	3.76e-01	6.80e-03	1.80e-04	7.90e-07	0.00e+00	0.00e+00	0.00e+00	1.47e-02	1.07e-09	1.09e-09
 7.18593e+22	1.72e-02	6.39e-01	3.39e-01	5.14e-03	1.40e-04	5.14e-07	0.00e+00	0.00e+00	0.00e+00	1.72e-02	1.34e-09	1.36e-09
 7.23442e+22	1.97e-02	6.70e-01	3.07e-01	3.97e-03	1.11e-04	3.49e-07	0.00e+00	0.00e+00	0.00e+00	1.97e-02	1.62e-09	1.64e-09
 7.28507e+22	2.36e-02	7.08e-01	2.66e-01	2.80e-03	8.27e-05	2.07e-07	0.00e+00	0.00e+00	0.00e+00	2.36e-02	2.07e-09	2.10e-09
 7.33678e+22	2.73e-02	7.38e-01	2.33e-01	2.05e-03	6.41e-05	1.32e-07	0.00e+00	0.00e+00	0.00e+00	2.73e-02	2.53e-09	2.56e-09
 7.38988e+22	3.32e-02	7.73e-01	1.92e-01	1.34e-03	4.55e-05	0.00e+00	0.00e+00	0.00e+00	0.00e+00	3.32e-02	3.30e-09	3.33e-09
 7.43870e+22	3.83e-02	7.95e-01	1.65e-01	9.69e-04	3.54e-05	0.00e+00	0.00e+00	0.00e+00	0.00e+00	3.83e-02	3.96e-09	3.98e-09
 7.47489e+22	4.35e-02	8.13e-01	1.43e-01	7.20e-04	2.82e-05	0.00e+00	0.00e+00	0.00e+00	0.00e+00	4.35e-02	4.68e-09	4.69e-09
 7.51482e+22	5.12e-02	8.31e-01	1.18e-01	4.86e-04	2.08e-05	0.00e+00	0.00e+00	0.00e+00	0.00e+00	5.12e-02	5.82e-09	5.80e-09
 7.55782e+22	6.09e-02	8.44e-01	9.47e-02	3.21e-04	1.52e-05	0.00e+00	0.00e+00	0.00e+00	0.00e+00	6.09e-02	7.24e-09	7.20e-09
 7.59733e+22	7.24e-02	8.52e-01	7.52e-02	2.11e-04	1.10e-05	0.00e+00	0.00e+00	0.00e+00	0.00e+00	7.24e-02	9.00e-09	8.93e-09
 7.63457e+22	8.65e-02	8.55e-01	5.87e-02	1.38e-04	7.83e-06	0.00e+00	0.00e+00	0.00e+00	0.00e+00	8.65e-02	1.12e-08	1.11e-08
 7.66956e+22	1.04e-01	8.51e-01	4.50e-02	8.92e-05	5.50e-06	0.00e+00	0.00e+00	0.00e+00	0.00e+00	1.04e-01	1.40e-08	1.39e-08
 7.70175e+22	1.25e-01	8.41e-01	3.41e-02	5.82e-05	3.82e-06	0.00e+00	0.00e+00	0.00e+00	0.00e+00	1.25e-01	1.73e-08	1.72e-08
 7.73111e+22	1.50e-01	8.25e-01	2.56e-02	3.85e-05	2.63e-06	0.00e+00	0.00e+00	0.00e+00	0.00e+00	1.50e-01	2.13e-08	2.13e-08
 7.75782e+22	1.79e-01	8.02e-01	1.91e-02	2.60e-05	1.80e-06	0.00e+00	0.00e+00	0.00e+00	0.00e+00	1.79e-01	2.58e-08	2.59e-08
 7.78213e+22	2.12e-01	7.73e-01	1.42e-02	1.80e-05	1.22e-06	0.00e+00	0.00e+00	0.00e+00	0.00e+00	2.12e-01	3.09e-08	3.09e-08
 7.80428e+22	2.50e-01	7.39e-01	1.05e-02	1.27e-05	8.30e-07	0.00e+00	0.00e+00	0.00e+00	0.00e+00	2.50e-01	3.63e-08	3.63e-08
 7.81811e+22	2.76e-01	7.16e-01	8.76e-03	1.04e-05	6.61e-07	0.00e+00	0.00e+00	0.00e+00	0.00e+00	2.76e-01	3.96e-08	3.95e-08
 7.82313e+22	2.86e-01	7.06e-01	8.17e-03	9.68e-06	6.04e-07	0.00e+00	0.00e+00	0.00e+00	0.00e+00	2.86e-01	4.08e-08	4.07e-08
 7.82709e+22	2.95e-01	6.98e-01	7.67e-03	9.06e-06	5.57e-07	0.00e+00	0.00e+00	0.00e+00	0.00e+00	2.95e-01	4.20e-08	4.19e-08
 7.83221e+22	3.06e-01	6.87e-01	7.07e-03	8.33e-06	5.01e-07	0.00e+00	0.00e+00	0.00e+00	0.00e+00	3.06e-01	4.35e-08	4.34e-08
 7.83835e+22	3.21e-01	6.73e-01	6.41e-03	7.53e-06	4.40e-07	0.00e+00	0.00e+00	0.00e+00	0.00e+00	3.21e-01	4.54e-08	4.52e-08
 7.84457e+22	3.36e-01	6.58e-01	5.80e-03	6.81e-06	3.86e-07	0.00e+00	0.00e+00	0.00e+00	0.00e+00	3.36e-01	4.72e-08	4.70e-08
 7.85030e+22	3.50e-01	6.45e-01	5.30e-03	6.22e-06	3.44e-07	0.00e+00	0.00e+00	0.00e+00	0.00e+00	3.50e-01	4.88e-08	4.86e-08
 7.85610e+22	3.66e-01	6.29e-01	4.80e-03	5.65e-06	3.02e-07	0.00e+00	0.00e+00	0.00e+00	0.00e+00	3.66e-01	5.06e-08	5.04e-08
 7.86206e+22	3.81e-01	6.14e-01	4.35e-03	5.15e-06	2.66e-07	0.00e+00	0.00e+00	0.00e+00	0.00e+00	3.81e-01	5.23e-08	5.20e-08
 7.86812e+22	3.98e-01	5.98e-01	3.92e-03	4.66e-06	2.32e-07	0.00e+00	0.00e+00	0.00e+00	0.00e+00	3.98e-01	5.40e-08	5.37e-08
 7.87432e+22	4.16e-01	5.80e-01	3.51e-03	4.22e-06	2.01e-07	0.00e+00	0.00e+00	0.00e+00	0.00e+00	4.16e-01	5.57e-08	5.54e-08
 7.88040e+22	4.34e-01	5.63e-01	3.16e-03	3.83e-06	1.75e-07	0.00e+00	0.00e+00	0.00e+00	0.00e+00	4.34e-01	5.73e-08	5.70e-08
 7.88655e+22	4.52e-01	5.45e-01	2.83e-03	3.47e-06	1.52e-07	0.00e+00	0.00e+00	0.00e+00	0.00e+00	4.52e-01	5.89e-08	5.85e-08
 7.89297e+22	4.71e-01	5.26e-01	2.52e-03	3.13e-06	1.31e-07	0.00e+00	0.00e+00	0.00e+00	0.00e+00	4.71e-01	6.04e-08	6.00e-08
 7.89960e+22	4.91e-01	5.07e-01	2.23e-03	2.82e-06	0.00e+00	0.00e+00	0.00e+00	0.00e+00	0.00e+00	4.91e-01	6.19e-08	6.14e-08
 7.90639e+22	5.12e-01	4.86e-01	1.97e-03	2.53e-06	0.00e+00	0.00e+00	0.00e+00	0.00e+00	0.00e+00	5.12e-01	6.32e-08	6.27e-08
 7.91336e+22	5.33e-01	4.66e-01	1.73e-03	2.27e-06	0.00e+00	0.00e+00	0.00e+00	0.00e+00	0.00e+00	5.33e-01	6.44e-08	6.39e-08
 7.92055e+22	5.54e-01	4.44e-01	1.51e-03	2.03e-06	0.00e+00	0.00e+00	0.00e+00	0.00e+00	0.00e+00	5.54e-01	6.55e-08	6.49e-08
 7.92796e+22	5.76e-01	4.23e-01	1.31e-03	1.81e-06	0.00e+00	0.00e+00	0.00e+00	0.00e+00	0.00e+00	5.76e-01	6.64e-08	6.57e-08
 7.93532e+22	5.97e-01	4.02e-01	1.14e-03	1.63e-06	0.00e+00	0.00e+00	0.00e+00	0.00e+00	0.00e+00	5.97e-01	6.71e-08	6.64e-08
 7.94110e+22	6.12e-01	3.87e-01	1.04e-03	1.50e-06	0.00e+00	0.00e+00	0.00e+00	0.00e+00	0.00e+00	6.12e-01	6.74e-08	6.66e-08
 7.94505e+22	6.23e-01	3.76e-01	9.64e-04	1.42e-06	0.00e+00	0.00e+00	0.00e+00	0.00e+00	0.00e+00	6.23e-01	6.75e-08	6.68e-08
 7.94888e+22	6.33e-01	3.66e-01	8.97e-04	1.35e-06	0.00e+00	0.00e+00	0.00e+00	0.00e+00	0.00e+00	6.33e-01	6.77e-08	6.69e-08
 7.95331e+22	6.45e-01	3.54e-01	8.26e-04	1.26e-06	0.00e+00	0.00e+00	0.00e+00	0.00e+00	0.00e+00	6.45e-01	6.79e-08	6.71e-08
 7.95813e+22	6.58e-01	3.42e-01	7.55e-04	1.18e-06	0.00e+00	0.00e+00	0.00e+00	0.00e+00	0.00e+00	6.58e-01	6.79e-08	6.71e-08
 7.96280e+22	6.68e-01	3.31e-01	6.95e-04	1.11e-06	0.00e+00	0.00e+00	0.00e+00	0.00e+00	0.00e+00	6.68e-01	6.80e-08	6.71e-08
 7.96743e+22	6.80e-01	3.20e-01	6.39e-04	1.04e-06	0.00e+00	0.00e+00	0.00e+00	0.00e+00	0.00e+00	6.80e-01	6.79e-08	6.70e-08
 7.97223e+22	6.91e-01	3.09e-01	5.86e-04	9.78e-07	0.00e+00	0.00e+00	0.00e+00	0.00e+00	0.00e+00	6.91e-01	6.78e-08	6.69e-08
 7.97706e+22	7.01e-01	2.98e-01	5.38e-04	9.19e-07	0.00e+00	0.00e+00	0.00e+00	0.00e+00	0.00e+00	7.01e-01	6.77e-08	6.68e-08
 7.98195e+22	7.12e-01	2.87e-01	4.93e-04	8.62e-07	0.00e+00	0.00e+00	0.00e+00	0.00e+00	0.00e+00	7.12e-01	6.75e-08	6.65e-08
 7.98685e+22	7.22e-01	2.78e-01	4.53e-04	8.13e-07	0.00e+00	0.00e+00	0.00e+00	0.00e+00	0.00e+00	7.22e-01	6.73e-08	6.63e-08
 7.99191e+22	7.32e-01	2.68e-01	4.15e-04	7.63e-07	0.00e+00	0.00e+00	0.00e+00	0.00e+00	0.00e+00	7.32e-01	6.71e-08	6.60e-08
 7.99720e+22	7.42e-01	2.58e-01	3.79e-04	7.16e-07	0.00e+00	0.00e+00	0.00e+00	0.00e+00	0.00e+00	7.42e-01	6.67e-08	6.57e-08
 8.00247e+22	7.51e-01	2.48e-01	3.47e-04	6.74e-07	0.00e+00	0.00e+00	0.00e+00	0.00e+00	0.00e+00	7.51e-01	6.64e-08	6.53e-08
 8.00780e+22	7.61e-01	2.39e-01	3.18e-04	6.34e-07	0.00e+00	0.00e+00	0.00e+00	0.00e+00	0.00e+00	7.61e-01	6.61e-08	6.50e-08
 8.01334e+22	7.70e-01	2.30e-01	2.90e-04	5.96e-07	0.00e+00	0.00e+00	0.00e+00	0.00e+00	0.00e+00	7.70e-01	6.57e-08	6.46e-08
 8.01908e+22	7.79e-01	2.21e-01	2.64e-04	5.59e-07	0.00e+00	0.00e+00	0.00e+00	0.00e+00	0.00e+00	7.79e-01	6.53e-08	6.41e-08
 8.02490e+22	7.87e-01	2.13e-01	2.41e-04	5.26e-07	0.00e+00	0.00e+00	0.00e+00	0.00e+00	0.00e+00	7.87e-01	6.49e-08	6.37e-08
 8.03082e+22	7.95e-01	2.05e-01	2.20e-04	4.95e-07	0.00e+00	0.00e+00	0.00e+00	0.00e+00	0.00e+00	7.95e-01	6.45e-08	6.33e-08
 8.03695e+22	8.03e-01	1.97e-01	2.00e-04	4.65e-07	0.00e+00	0.00e+00	0.00e+00	0.00e+00	0.00e+00	8.03e-01	6.41e-08	6.28e-08
 8.04329e+22	8.11e-01	1.89e-01	1.82e-04	4.37e-07	0.00e+00	0.00e+00	0.00e+00	0.00e+00	0.00e+00	8.11e-01	6.36e-08	6.23e-08
 8.04976e+22	8.19e-01	1.81e-01	1.65e-04	4.10e-07	0.00e+00	0.00e+00	0.00e+00	0.00e+00	0.00e+00	8.19e-01	6.31e-08	6.17e-08
 8.05637e+22	8.26e-01	1.74e-01	1.50e-04	3.86e-07	0.00e+00	0.00e+00	0.00e+00	0.00e+00	0.00e+00	8.26e-01	6.26e-08	6.11e-08
 8.06318e+22	8.33e-01	1.67e-01	1.36e-04	3.63e-07	0.00e+00	0.00e+00	0.00e+00	0.00e+00	0.00e+00	8.33e-01	6.21e-08	6.04e-08
 8.07023e+22	8.40e-01	1.60e-01	1.24e-04	3.41e-07	0.00e+00	0.00e+00	0.00e+00	0.00e+00	0.00e+00	8.40e-01	6.16e-08	5.97e-08
 8.07748e+22	8.47e-01	1.53e-01	1.12e-04	3.20e-07	0.00e+00	0.00e+00	0.00e+00	0.00e+00	0.00e+00	8.47e-01	6.11e-08	5.90e-08
 8.08490e+22	8.53e-01	1.47e-01	1.02e-04	3.01e-07	0.00e+00	0.00e+00	0.00e+00	0.00e+00	0.00e+00	8.53e-01	6.06e-08	5.84e-08
 8.09252e+22	8.59e-01	1.41e-01	9.25e-05	2.82e-07	0.00e+00	0.00e+00	0.00e+00	0.00e+00	0.00e+00	8.59e-01	6.01e-08	5.77e-08
 8.10037e+22	8.65e-01	1.35e-01	8.41e-05	2.65e-07	0.00e+00	0.00e+00	0.00e+00	0.00e+00	0.00e+00	8.65e-01	5.96e-08	5.70e-08
 8.10834e+22	8.71e-01	1.29e-01	7.65e-05	2.50e-07	0.00e+00	0.00e+00	0.00e+00	0.00e+00	0.00e+00	8.71e-01	5.91e-08	5.64e-08
 8.11637e+22	8.76e-01	1.24e-01	6.98e-05	2.35e-07	0.00e+00	0.00e+00	0.00e+00	0.00e+00	0.00e+00	8.76e-01	5.87e-08	5.58e-08
 8.12466e+22	8.81e-01	1.19e-01	6.37e-05	2.21e-07	0.00e+00	0.00e+00	0.00e+00	0.00e+00	0.00e+00	8.81e-01	5.82e-08	5.51e-08
 8.13313e+22	8.86e-01	1.14e-01	5.83e-05	2.08e-07	0.00e+00	0.00e+00	0.00e+00	0.00e+00	0.00e+00	8.86e-01	5.78e-08	5.45e-08
 8.14167e+22	8.91e-01	1.09e-01	5.35e-05	1.96e-07	0.00e+00	0.00e+00	0.00e+00	0.00e+00	0.00e+00	8.91e-01	5.74e-08	5.39e-08
 8.15027e+22	8.95e-01	1.05e-01	4.93e-05	1.85e-07	0.00e+00	0.00e+00	0.00e+00	0.00e+00	0.00e+00	8.95e-01	5.70e-08	5.33e-08
 8.15896e+22	8.99e-01	1.01e-01	4.56e-05	1.75e-07	0.00e+00	0.00e+00	0.00e+00	0.00e+00	0.00e+00	8.99e-01	5.67e-08	5.28e-08
 8.16782e+22	9.03e-01	9.67e-02	4.22e-05	1.65e-07	0.00e+00	0.00e+00	0.00e+00	0.00e+00	0.00e+00	9.03e-01	5.64e-08	5.23e-08
 8.17685e+22	9.07e-01	9.31e-02	3.92e-05	1.56e-07	0.00e+00	0.00e+00	0.00e+00	0.00e+00	0.00e+00	9.07e-01	5.62e-08	5.19e-08
 8.18614e+22	9.11e-01	8.94e-02	3.65e-05	1.48e-07	0.00e+00	0.00e+00	0.00e+00	0.00e+00	0.00e+00	9.11e-01	5.59e-08	5.14e-08
 8.19565e+22	9.14e-01	8.59e-02	3.41e-05	1.40e-07	0.00e+00	0.00e+00	0.00e+00	0.00e+00	0.00e+00	9.14e-01	5.57e-08	5.10e-08
 8.20526e+22	9.17e-01	8.26e-02	3.20e-05	1.32e-07	0.00e+00	0.00e+00	0.00e+00	0.00e+00	0.00e+00	9.17e-01	5.54e-08	5.05e-08
 8.21502e+22	9.21e-01	7.93e-02	3.00e-05	1.25e-07	0.00e+00	0.00e+00	0.00e+00	0.00e+00	0.00e+00	9.21e-01	5.52e-08	5.01e-08
 8.22509e+22	9.24e-01	7.62e-02	2.83e-05	0.00e+00	0.00e+00	0.00e+00	0.00e+00	0.00e+00	0.00e+00	9.24e-01	5.51e-08	4.97e-08
 8.23542e+22	9.27e-01	7.32e-02	2.67e-05	0.00e+00	0.00e+00	0.00e+00	0.00e+00	0.00e+00	0.00e+00	9.27e-01	5.49e-08	4.94e-08
 8.24553e+22	9.29e-01	7.05e-02	2.54e-05	0.00e+00	0.00e+00	0.00e+00	0.00e+00	0.00e+00	0.00e+00	9.29e-01	5.48e-08	4.90e-08
 8.25506e+22	9.32e-01	6.81e-02	2.44e-05	0.00e+00	0.00e+00	0.00e+00	0.00e+00	0.00e+00	0.00e+00	9.32e-01	5.46e-08	4.87e-08
 8.26384e+22	9.34e-01	6.60e-02	2.35e-05	0.00e+00	0.00e+00	0.00e+00	0.00e+00	0.00e+00	0.00e+00	9.34e-01	5.44e-08	4.84e-08
 8.27201e+22	9.36e-01	6.41e-02	2.28e-05	0.00e+00	0.00e+00	0.00e+00	0.00e+00	0.00e+00	0.00e+00	9.36e-01	5.43e-08	4.80e-08
 8.27956e+22	9.38e-01	6.25e-02	2.22e-05	0.00e+00	0.00e+00	0.00e+00	0.00e+00	0.00e+00	0.00e+00	9.38e-01	5.42e-08	4.78e-08
 8.28687e+22	9.39e-01	6.09e-02	2.16e-05	0.00e+00	0.00e+00	0.00e+00	0.00e+00	0.00e+00	0.00e+00	9.39e-01	5.41e-08	4.76e-08
 8.29422e+22	9.41e-01	5.94e-02	2.11e-05	0.00e+00	0.00e+00	0.00e+00	0.00e+00	0.00e+00	0.00e+00	9.41e-01	5.40e-08	4.74e-08
 8.30144e+22	9.42e-01	5.77e-02	2.06e-05	0.00e+00	0.00e+00	0.00e+00	0.00e+00	0.00e+00	0.00e+00	9.42e-01	5.39e-08	4.71e-08
 8.30818e+22	9.44e-01	5.63e-02	2.02e-05	0.00e+00	0.00e+00	0.00e+00	0.00e+00	0.00e+00	0.00e+00	9.44e-01	5.38e-08	4.69e-08
 8.31447e+22	9.45e-01	5.51e-02	1.98e-05	0.00e+00	0.00e+00	0.00e+00	0.00e+00	0.00e+00	0.00e+00	9.45e-01	5.37e-08	4.68e-08
 8.32079e+22	9.46e-01	5.38e-02	1.95e-05	0.00e+00	0.00e+00	0.00e+00	0.00e+00	0.00e+00	0.00e+00	9.46e-01	5.36e-08	4.66e-08
 8.32689e+22	9.47e-01	5.26e-02	1.92e-05	0.00e+00	0.00e+00	0.00e+00	0.00e+00	0.00e+00	0.00e+00	9.47e-01	5.36e-08	4.64e-08
 8.33265e+22	9.48e-01	5.15e-02	1.89e-05	0.00e+00	0.00e+00	0.00e+00	0.00e+00	0.00e+00	0.00e+00	9.48e-01	5.35e-08	4.62e-08
 8.33837e+22	9.50e-01	5.03e-02	1.87e-05	0.00e+00	0.00e+00	0.00e+00	0.00e+00	0.00e+00	0.00e+00	9.50e-01	5.34e-08	4.60e-08
 8.34385e+22	9.51e-01	4.93e-02	1.84e-05	0.00e+00	0.00e+00	0.00e+00	0.00e+00	0.00e+00	0.00e+00	9.51e-01	5.33e-08	4.59e-08
 8.34900e+22	9.52e-01	4.83e-02	1.82e-05	0.00e+00	0.00e+00	0.00e+00	0.00e+00	0.00e+00	0.00e+00	9.52e-01	5.33e-08	4.57e-08
 8.35405e+22	9.53e-01	4.73e-02	1.80e-05	0.00e+00	0.00e+00	0.00e+00	0.00e+00	0.00e+00	0.00e+00	9.53e-01	5.32e-08	4.56e-08
 8.35897e+22	9.54e-01	4.64e-02	1.78e-05	0.00e+00	0.00e+00	0.00e+00	0.00e+00	0.00e+00	0.00e+00	9.54e-01	5.31e-08	4.54e-08
 8.36360e+22	9.54e-01	4.55e-02	1.76e-05	0.00e+00	0.00e+00	0.00e+00	0.00e+00	0.00e+00	0.00e+00	9.54e-01	5.30e-08	4.52e-08
 8.36781e+22	9.55e-01	4.47e-02	1.75e-05	0.00e+00	0.00e+00	0.00e+00	0.00e+00	0.00e+00	0.00e+00	9.55e-01	5.29e-08	4.51e-08
 8.37164e+22	9.56e-01	4.40e-02	1.73e-05	0.00e+00	0.00e+00	0.00e+00	0.00e+00	0.00e+00	0.00e+00	9.56e-01	5.28e-08	4.49e-08
 8.37513e+22	9.57e-01	4.34e-02	1.72e-05	0.00e+00	0.00e+00	0.00e+00	0.00e+00	0.00e+00	0.00e+00	9.57e-01	5.27e-08	4.48e-08
 8.37830e+22	9.57e-01	4.28e-02	1.71e-05	0.00e+00	0.00e+00	0.00e+00	0.00e+00	0.00e+00	0.00e+00	9.57e-01	5.27e-08	4.47e-08
 8.38119e+22	9.58e-01	4.23e-02	1.70e-05	0.00e+00	0.00e+00	0.00e+00	0.00e+00	0.00e+00	0.00e+00	9.58e-01	5.26e-08	4.45e-08
 8.38382e+22	9.58e-01	4.18e-02	1.69e-05	0.00e+00	0.00e+00	0.00e+00	0.00e+00	0.00e+00	0.00e+00	9.58e-01	5.25e-08	4.44e-08
 8.38670e+22	9.59e-01	4.12e-02	1.68e-05	0.00e+00	0.00e+00	0.00e+00	0.00e+00	0.00e+00	0.00e+00	9.59e-01	5.23e-08	4.43e-08
 8.38981e+22	9.59e-01	4.06e-02	1.67e-05	0.00e+00	0.00e+00	0.00e+00	0.00e+00	0.00e+00	0.00e+00	9.59e-01	5.20e-08	4.42e-08
 8.39264e+22	9.60e-01	4.01e-02	1.66e-05	0.00e+00	0.00e+00	0.00e+00	0.00e+00	0.00e+00	0.00e+00	9.60e-01	5.18e-08	4.40e-08
 8.39521e+22	9.60e-01	3.96e-02	1.65e-05	0.00e+00	0.00e+00	0.00e+00	0.00e+00	0.00e+00	0.00e+00	9.60e-01	5.16e-08	4.39e-08
 8.39755e+22	9.61e-01	3.93e-02	1.64e-05	0.00e+00	0.00e+00	0.00e+00	0.00e+00	0.00e+00	0.00e+00	9.61e-01	5.15e-08	4.38e-08
 8.40012e+22	9.61e-01	3.88e-02	1.63e-05	0.00e+00	0.00e+00	0.00e+00	0.00e+00	0.00e+00	0.00e+00	9.61e-01	5.13e-08	4.37e-08
 8.40346e+22	9.62e-01	3.81e-02	1.62e-05	0.00e+00	0.00e+00	0.00e+00	0.00e+00	0.00e+00	0.00e+00	9.62e-01	5.11e-08	4.36e-08
 8.40706e+22	9.63e-01	3.74e-02	1.60e-05	0.00e+00	0.00e+00	0.00e+00	0.00e+00	0.00e+00	0.00e+00	9.63e-01	5.09e-08	4.34e-08
 8.41034e+22	9.63e-01	3.67e-02	1.59e-05	0.00e+00	0.00e+00	0.00e+00	0.00e+00	0.00e+00	0.00e+00	9.63e-01	5.07e-08	4.33e-08
 8.41332e+22	9.64e-01	3.63e-02	1.57e-05	0.00e+00	0.00e+00	0.00e+00	0.00e+00	0.00e+00	0.00e+00	9.64e-01	5.06e-08	4.32e-08
 8.41659e+22	9.64e-01	3.58e-02	1.56e-05	0.00e+00	0.00e+00	0.00e+00	0.00e+00	0.00e+00	0.00e+00	9.64e-01	5.04e-08	4.32e-08
 8.42012e+22	9.65e-01	3.52e-02	1.54e-05	0.00e+00	0.00e+00	0.00e+00	0.00e+00	0.00e+00	0.00e+00	9.65e-01	5.03e-08	4.31e-08
 8.42333e+22	9.65e-01	3.47e-02	1.53e-05	0.00e+00	0.00e+00	0.00e+00	0.00e+00	0.00e+00	0.00e+00	9.65e-01	5.02e-08	4.30e-08
 8.42626e+22	9.66e-01	3.43e-02	1.52e-05	0.00e+00	0.00e+00	0.00e+00	0.00e+00	0.00e+00	0.00e+00	9.66e-01	5.00e-08	4.29e-08
 8.42892e+22	9.66e-01	3.40e-02	1.51e-05	0.00e+00	0.00e+00	0.00e+00	0.00e+00	0.00e+00	0.00e+00	9.66e-01	5.00e-08	4.28e-08
 8.43183e+22	9.66e-01	3.35e-02	1.50e-05	0.00e+00	0.00e+00	0.00e+00	0.00e+00	0.00e+00	0.00e+00	9.66e-01	4.99e-08	4.28e-08
 8.43562e+22	9.67e-01	3.28e-02	1.48e-05	0.00e+00	0.00e+00	0.00e+00	0.00e+00	0.00e+00	0.00e+00	9.67e-01	4.98e-08	4.27e-08
 8.43971e+22	9.68e-01	3.22e-02	1.46e-05	0.00e+00	0.00e+00	0.00e+00	0.00e+00	0.00e+00	0.00e+00	9.68e-01	4.96e-08	4.26e-08
 8.44343e+22	9.68e-01	3.17e-02	1.44e-05	0.00e+00	0.00e+00	0.00e+00	0.00e+00	0.00e+00	0.00e+00	9.68e-01	4.95e-08	4.25e-08
 8.44682e+22	9.69e-01	3.13e-02	1.43e-05	0.00e+00	0.00e+00	0.00e+00	0.00e+00	0.00e+00	0.00e+00	9.69e-01	4.94e-08	4.24e-08
