#depth	He	He+	He+2
 4.62852e+21	8.13e-10	3.47e-05	1.00e+00
 1.02921e+22	2.54e-09	7.50e-05	1.00e+00
 1.17207e+22	3.46e-09	9.46e-05	1.00e+00
 1.23110e+22	3.98e-09	1.05e-04	1.00e+00
 1.25575e+22	4.01e-09	1.08e-04	1.00e+00
 1.26716e+22	4.19e-09	1.12e-04	1.00e+00
 1.28001e+22	4.37e-09	1.16e-04	1.00e+00
 1.29247e+22	4.54e-09	1.19e-04	1.00e+00
 1.30642e+22	4.78e-09	1.24e-04	1.00e+00
 1.32045e+22	4.96e-09	1.28e-04	1.00e+00
 1.33456e+22	5.21e-09	1.33e-04	1.00e+00
 1.34907e+22	5.42e-09	1.37e-04	1.00e+00
 1.36408e+22	5.69e-09	1.43e-04	1.00e+00
 1.37950e+22	5.93e-09	1.47e-04	1.00e+00
 1.39547e+22	6.24e-09	1.53e-04	1.00e+00
 1.41187e+22	6.51e-09	1.59e-04	1.00e+00
 1.42884e+22	6.86e-09	1.65e-04	1.00e+00
 1.44635e+22	7.18e-09	1.71e-04	1.00e+00
 1.46459e+22	7.58e-09	1.79e-04	1.00e+00
 1.48337e+22	7.95e-09	1.86e-04	1.00e+00
 1.50032e+22	8.31e-09	1.92e-04	1.00e+00
 1.51977e+22	8.81e-09	2.01e-04	1.00e+00
 1.53961e+22	9.23e-09	2.09e-04	1.00e+00
 1.55994e+22	9.79e-09	2.19e-04	1.00e+00
 1.58054e+22	1.03e-08	2.28e-04	1.00e+00
 1.60150e+22	1.09e-08	2.39e-04	1.00e+00
 1.62267e+22	1.14e-08	2.49e-04	1.00e+00
 1.64411e+22	1.21e-08	2.62e-04	1.00e+00
 1.66566e+22	1.27e-08	2.72e-04	1.00e+00
 1.68356e+22	1.32e-08	2.82e-04	1.00e+00
 1.70306e+22	1.38e-08	2.97e-04	1.00e+00
 1.72247e+22	1.44e-08	3.07e-04	1.00e+00
 1.74177e+22	1.51e-08	3.23e-04	1.00e+00
 1.76133e+22	1.56e-08	3.36e-04	1.00e+00
 1.78121e+22	1.63e-08	3.54e-04	1.00e+00
 1.80133e+22	1.69e-08	3.68e-04	1.00e+00
 1.82176e+22	1.76e-08	3.88e-04	1.00e+00
 1.84258e+22	1.82e-08	4.05e-04	1.00e+00
 1.86391e+22	1.89e-08	4.29e-04	1.00e+00
 1.88564e+22	1.94e-08	4.50e-04	1.00e+00
 1.90792e+22	2.00e-08	4.78e-04	1.00e+00
 1.93042e+22	2.05e-08	5.02e-04	9.99e-01
 1.94944e+22	2.09e-08	5.25e-04	9.99e-01
 1.97012e+22	2.13e-08	5.56e-04	9.99e-01
 1.99084e+22	2.16e-08	5.82e-04	9.99e-01
 2.01112e+22	2.18e-08	6.15e-04	9.99e-01
 2.03180e+22	2.20e-08	6.46e-04	9.99e-01
 2.05208e+22	2.21e-08	6.82e-04	9.99e-01
 2.07278e+22	2.22e-08	7.18e-04	9.99e-01
 2.09320e+22	2.22e-08	7.57e-04	9.99e-01
 2.11376e+22	2.23e-08	7.97e-04	9.99e-01
 2.13407e+22	2.22e-08	8.39e-04	9.99e-01
 2.15435e+22	2.22e-08	8.83e-04	9.99e-01
 2.17464e+22	2.22e-08	9.30e-04	9.99e-01
 2.19501e+22	2.23e-08	9.78e-04	9.99e-01
 2.21548e+22	2.24e-08	1.03e-03	9.99e-01
 2.23612e+22	2.26e-08	1.08e-03	9.99e-01
 2.25698e+22	2.29e-08	1.14e-03	9.99e-01
 2.27796e+22	2.32e-08	1.20e-03	9.99e-01
 2.29926e+22	2.38e-08	1.27e-03	9.99e-01
 2.32079e+22	2.45e-08	1.33e-03	9.99e-01
 2.34274e+22	2.54e-08	1.41e-03	9.99e-01
 2.36508e+22	2.66e-08	1.48e-03	9.99e-01
 2.38555e+22	2.77e-08	1.55e-03	9.98e-01
 2.40694e+22	2.94e-08	1.64e-03	9.98e-01
 2.42866e+22	3.09e-08	1.71e-03	9.98e-01
 2.45102e+22	3.33e-08	1.81e-03	9.98e-01
 2.47341e+22	3.54e-08	1.89e-03	9.98e-01
 2.49583e+22	3.85e-08	2.00e-03	9.98e-01
 2.51835e+22	4.13e-08	2.09e-03	9.98e-01
 2.54099e+22	4.52e-08	2.21e-03	9.98e-01
 2.56386e+22	4.87e-08	2.31e-03	9.98e-01
 2.58705e+22	5.38e-08	2.44e-03	9.98e-01
 2.61055e+22	5.83e-08	2.55e-03	9.97e-01
 2.63446e+22	6.48e-08	2.71e-03	9.97e-01
 2.65881e+22	7.06e-08	2.83e-03	9.97e-01
 2.68373e+22	7.90e-08	3.00e-03	9.97e-01
 2.70923e+22	8.64e-08	3.14e-03	9.97e-01
 2.73547e+22	9.74e-08	3.34e-03	9.97e-01
 2.76219e+22	1.07e-07	3.50e-03	9.96e-01
 2.78485e+22	1.17e-07	3.66e-03	9.96e-01
 2.80964e+22	1.30e-07	3.87e-03	9.96e-01
 2.83356e+22	1.41e-07	4.02e-03	9.96e-01
 2.85633e+22	1.56e-07	4.24e-03	9.96e-01
 2.87935e+22	1.69e-07	4.40e-03	9.96e-01
 2.90267e+22	1.88e-07	4.64e-03	9.95e-01
 2.92635e+22	2.03e-07	4.82e-03	9.95e-01
 2.95048e+22	2.26e-07	5.09e-03	9.95e-01
 2.97495e+22	2.45e-07	5.29e-03	9.95e-01
 2.99986e+22	2.74e-07	5.59e-03	9.94e-01
 3.02524e+22	2.98e-07	5.82e-03	9.94e-01
 3.05124e+22	3.34e-07	6.16e-03	9.94e-01
 3.07778e+22	3.64e-07	6.43e-03	9.94e-01
 3.10502e+22	4.09e-07	6.81e-03	9.93e-01
 3.13301e+22	4.49e-07	7.13e-03	9.93e-01
 3.16198e+22	5.07e-07	7.58e-03	9.92e-01
 3.19120e+22	5.55e-07	7.92e-03	9.92e-01
 3.22074e+22	6.30e-07	8.43e-03	9.92e-01
 3.25054e+22	6.90e-07	8.82e-03	9.91e-01
 3.28068e+22	7.83e-07	9.39e-03	9.91e-01
 3.31135e+22	8.60e-07	9.84e-03	9.90e-01
 3.34271e+22	9.79e-07	1.05e-02	9.90e-01
 3.37372e+22	1.07e-06	1.10e-02	9.89e-01
 3.39890e+22	1.17e-06	1.14e-02	9.89e-01
 3.42626e+22	1.30e-06	1.21e-02	9.88e-01
 3.45398e+22	1.42e-06	1.26e-02	9.87e-01
 3.47843e+22	1.55e-06	1.31e-02	9.87e-01
 3.50647e+22	1.72e-06	1.39e-02	9.86e-01
 3.53556e+22	1.90e-06	1.45e-02	9.85e-01
 3.56153e+22	2.07e-06	1.52e-02	9.85e-01
 3.59080e+22	2.31e-06	1.60e-02	9.84e-01
 3.62138e+22	2.55e-06	1.68e-02	9.83e-01
 3.64899e+22	2.80e-06	1.76e-02	9.82e-01
 3.68019e+22	3.14e-06	1.87e-02	9.81e-01
 3.71236e+22	3.49e-06	1.97e-02	9.80e-01
 3.74100e+22	3.84e-06	2.06e-02	9.79e-01
 3.77342e+22	4.33e-06	2.18e-02	9.78e-01
 3.80706e+22	4.83e-06	2.31e-02	9.77e-01
 3.83726e+22	5.33e-06	2.42e-02	9.76e-01
 3.87149e+22	6.04e-06	2.58e-02	9.74e-01
 3.90705e+22	6.78e-06	2.73e-02	9.73e-01
 3.93894e+22	7.51e-06	2.87e-02	9.71e-01
 3.97500e+22	8.59e-06	3.06e-02	9.69e-01
 4.01175e+22	9.63e-06	3.24e-02	9.68e-01
 4.04943e+22	1.10e-05	3.46e-02	9.65e-01
 4.08748e+22	1.24e-05	3.66e-02	9.63e-01
 4.12603e+22	1.43e-05	3.93e-02	9.61e-01
 4.16492e+22	1.60e-05	4.16e-02	9.58e-01
 4.20425e+22	1.86e-05	4.47e-02	9.55e-01
 4.24403e+22	2.08e-05	4.73e-02	9.53e-01
 4.28442e+22	2.42e-05	5.09e-02	9.49e-01
 4.32528e+22	2.73e-05	5.39e-02	9.46e-01
 4.36676e+22	3.18e-05	5.80e-02	9.42e-01
 4.40736e+22	3.55e-05	6.12e-02	9.39e-01
 4.44681e+22	4.11e-05	6.57e-02	9.34e-01
 4.48572e+22	4.57e-05	6.91e-02	9.31e-01
 4.51861e+22	5.08e-05	7.28e-02	9.27e-01
 4.55603e+22	5.80e-05	7.76e-02	9.22e-01
 4.59350e+22	6.45e-05	8.16e-02	9.18e-01
 4.63102e+22	7.37e-05	8.70e-02	9.13e-01
 4.66914e+22	8.22e-05	9.16e-02	9.08e-01
 4.70806e+22	9.42e-05	9.77e-02	9.02e-01
 4.74728e+22	1.05e-04	1.03e-01	8.97e-01
 4.78692e+22	1.21e-04	1.10e-01	8.90e-01
 4.82661e+22	1.35e-04	1.16e-01	8.84e-01
 4.85850e+22	1.48e-04	1.21e-01	8.79e-01
 4.89211e+22	1.65e-04	1.27e-01	8.73e-01
 4.92620e+22	1.81e-04	1.33e-01	8.67e-01
 4.95619e+22	1.98e-04	1.39e-01	8.61e-01
 4.99044e+22	2.22e-04	1.46e-01	8.54e-01
 5.02511e+22	2.44e-04	1.52e-01	8.47e-01
 5.05549e+22	2.67e-04	1.59e-01	8.41e-01
 5.09016e+22	3.00e-04	1.67e-01	8.32e-01
 5.12510e+22	3.28e-04	1.74e-01	8.25e-01
 5.16040e+22	3.67e-04	1.83e-01	8.16e-01
 5.19627e+22	4.03e-04	1.91e-01	8.08e-01
 5.22594e+22	4.37e-04	1.98e-01	8.01e-01
 5.25761e+22	4.82e-04	2.07e-01	7.92e-01
 5.29249e+22	5.29e-04	2.16e-01	7.84e-01
 5.32628e+22	5.83e-04	2.25e-01	7.74e-01
 5.35964e+22	6.38e-04	2.34e-01	7.65e-01
 5.39772e+22	7.16e-04	2.46e-01	7.53e-01
 5.43649e+22	7.89e-04	2.57e-01	7.43e-01
 5.47614e+22	8.90e-04	2.70e-01	7.29e-01
 5.51623e+22	9.78e-04	2.81e-01	7.18e-01
 5.55688e+22	1.10e-03	2.95e-01	7.04e-01
 5.59872e+22	1.21e-03	3.08e-01	6.91e-01
 5.63626e+22	1.34e-03	3.20e-01	6.79e-01
 5.66827e+22	1.44e-03	3.29e-01	6.69e-01
 5.69894e+22	1.56e-03	3.41e-01	6.58e-01
 5.73036e+22	1.68e-03	3.50e-01	6.48e-01
 5.75852e+22	1.80e-03	3.60e-01	6.38e-01
 5.79090e+22	1.97e-03	3.72e-01	6.26e-01
 5.82392e+22	2.12e-03	3.83e-01	6.15e-01
 5.85314e+22	2.28e-03	3.94e-01	6.04e-01
 5.88653e+22	2.49e-03	4.07e-01	5.90e-01
 5.92018e+22	2.68e-03	4.18e-01	5.79e-01
 5.95418e+22	2.92e-03	4.32e-01	5.65e-01
 5.98924e+22	3.15e-03	4.44e-01	5.53e-01
 6.02084e+22	3.40e-03	4.56e-01	5.41e-01
 6.05708e+22	3.73e-03	4.71e-01	5.25e-01
 6.09383e+22	4.02e-03	4.83e-01	5.13e-01
 6.13125e+22	4.42e-03	4.99e-01	4.97e-01
 6.16963e+22	4.77e-03	5.12e-01	4.84e-01
 6.20927e+22	5.26e-03	5.28e-01	4.67e-01
 6.24958e+22	5.69e-03	5.41e-01	4.53e-01
 6.29075e+22	6.28e-03	5.58e-01	4.35e-01
 6.33250e+22	6.79e-03	5.72e-01	4.21e-01
 6.37500e+22	7.48e-03	5.89e-01	4.04e-01
 6.41861e+22	8.14e-03	6.03e-01	3.89e-01
 6.46367e+22	9.04e-03	6.21e-01	3.70e-01
 6.50877e+22	9.78e-03	6.35e-01	3.55e-01
 6.55391e+22	1.08e-02	6.52e-01	3.37e-01
 6.60065e+22	1.18e-02	6.67e-01	3.21e-01
 6.64949e+22	1.31e-02	6.85e-01	3.02e-01
 6.69944e+22	1.43e-02	6.99e-01	2.86e-01
 6.75082e+22	1.61e-02	7.18e-01	2.66e-01
 6.80351e+22	1.76e-02	7.32e-01	2.51e-01
 6.85789e+22	1.98e-02	7.50e-01	2.30e-01
 6.91421e+22	2.18e-02	7.64e-01	2.14e-01
 6.97306e+22	2.48e-02	7.81e-01	1.94e-01
 7.03450e+22	2.76e-02	7.95e-01	1.77e-01
 7.09071e+22	3.08e-02	8.08e-01	1.61e-01
 7.13910e+22	3.33e-02	8.17e-01	1.50e-01
 7.18593e+22	3.69e-02	8.27e-01	1.36e-01
 7.23442e+22	4.04e-02	8.35e-01	1.25e-01
 7.28507e+22	4.54e-02	8.43e-01	1.11e-01
 7.33678e+22	5.01e-02	8.50e-01	1.00e-01
 7.38988e+22	5.68e-02	8.55e-01	8.80e-02
 7.43870e+22	6.21e-02	8.58e-01	7.99e-02
 7.47489e+22	6.72e-02	8.59e-01	7.34e-02
 7.51482e+22	7.44e-02	8.60e-01	6.60e-02
 7.55782e+22	8.23e-02	8.58e-01	5.94e-02
 7.59733e+22	9.08e-02	8.55e-01	5.37e-02
 7.63457e+22	1.00e-01	8.51e-01	4.89e-02
 7.66956e+22	1.10e-01	8.45e-01	4.48e-02
 7.70175e+22	1.21e-01	8.38e-01	4.14e-02
 7.73111e+22	1.32e-01	8.29e-01	3.86e-02
 7.75782e+22	1.44e-01	8.20e-01	3.63e-02
 7.78213e+22	1.56e-01	8.09e-01	3.45e-02
 7.80428e+22	1.69e-01	7.98e-01	3.31e-02
 7.81811e+22	1.76e-01	7.92e-01	3.28e-02
 7.82313e+22	1.79e-01	7.89e-01	3.25e-02
 7.82709e+22	1.82e-01	7.86e-01	3.23e-02
 7.83221e+22	1.85e-01	7.83e-01	3.20e-02
 7.83835e+22	1.90e-01	7.78e-01	3.17e-02
 7.84457e+22	1.95e-01	7.74e-01	3.14e-02
 7.85030e+22	1.99e-01	7.70e-01	3.12e-02
 7.85610e+22	2.04e-01	7.65e-01	3.09e-02
 7.86206e+22	2.08e-01	7.61e-01	3.07e-02
 7.86812e+22	2.14e-01	7.56e-01	3.05e-02
 7.87432e+22	2.19e-01	7.50e-01	3.03e-02
 7.88040e+22	2.25e-01	7.45e-01	3.01e-02
 7.88655e+22	2.31e-01	7.39e-01	3.00e-02
 7.89297e+22	2.37e-01	7.33e-01	2.99e-02
 7.89960e+22	2.43e-01	7.27e-01	2.97e-02
 7.90639e+22	2.51e-01	7.20e-01	2.96e-02
 7.91336e+22	2.58e-01	7.12e-01	2.95e-02
 7.92055e+22	2.66e-01	7.05e-01	2.95e-02
 7.92796e+22	2.74e-01	6.96e-01	2.94e-02
 7.93532e+22	2.83e-01	6.88e-01	2.94e-02
 7.94110e+22	2.89e-01	6.82e-01	2.95e-02
 7.94505e+22	2.93e-01	6.77e-01	2.95e-02
 7.94888e+22	2.98e-01	6.72e-01	2.95e-02
 7.95331e+22	3.04e-01	6.67e-01	2.94e-02
 7.95813e+22	3.11e-01	6.60e-01	2.93e-02
 7.96280e+22	3.16e-01	6.54e-01	2.94e-02
 7.96743e+22	3.23e-01	6.48e-01	2.93e-02
 7.97223e+22	3.30e-01	6.41e-01	2.92e-02
 7.97706e+22	3.36e-01	6.35e-01	2.91e-02
 7.98195e+22	3.44e-01	6.27e-01	2.90e-02
 7.98685e+22	3.51e-01	6.20e-01	2.89e-02
 7.99191e+22	3.59e-01	6.13e-01	2.87e-02
 7.99720e+22	3.67e-01	6.05e-01	2.86e-02
 8.00247e+22	3.75e-01	5.97e-01	2.84e-02
 8.00780e+22	3.84e-01	5.88e-01	2.82e-02
 8.01334e+22	3.93e-01	5.80e-01	2.79e-02
 8.01908e+22	4.02e-01	5.70e-01	2.76e-02
 8.02490e+22	4.12e-01	5.61e-01	2.73e-02
 8.03082e+22	4.22e-01	5.51e-01	2.70e-02
 8.03695e+22	4.33e-01	5.41e-01	2.66e-02
 8.04329e+22	4.44e-01	5.30e-01	2.62e-02
 8.04976e+22	4.55e-01	5.19e-01	2.57e-02
 8.05637e+22	4.67e-01	5.08e-01	2.53e-02
 8.06318e+22	4.79e-01	4.96e-01	2.47e-02
 8.07023e+22	4.92e-01	4.84e-01	2.42e-02
 8.07748e+22	5.05e-01	4.72e-01	2.36e-02
 8.08490e+22	5.18e-01	4.59e-01	2.30e-02
 8.09252e+22	5.31e-01	4.46e-01	2.23e-02
 8.10037e+22	5.45e-01	4.33e-01	2.16e-02
 8.10834e+22	5.59e-01	4.20e-01	2.09e-02
 8.11637e+22	5.73e-01	4.07e-01	2.02e-02
 8.12466e+22	5.87e-01	3.94e-01	1.94e-02
 8.13313e+22	6.01e-01	3.81e-01	1.87e-02
 8.14167e+22	6.15e-01	3.67e-01	1.79e-02
 8.15027e+22	6.28e-01	3.55e-01	1.71e-02
 8.15896e+22	6.41e-01	3.42e-01	1.64e-02
 8.16782e+22	6.55e-01	3.30e-01	1.56e-02
 8.17685e+22	6.67e-01	3.18e-01	1.49e-02
 8.18614e+22	6.80e-01	3.06e-01	1.41e-02
 8.19565e+22	6.93e-01	2.94e-01	1.34e-02
 8.20526e+22	7.05e-01	2.82e-01	1.27e-02
 8.21502e+22	7.18e-01	2.71e-01	1.19e-02
 8.22509e+22	7.29e-01	2.59e-01	1.12e-02
 8.23542e+22	7.41e-01	2.49e-01	1.05e-02
 8.24553e+22	7.51e-01	2.39e-01	9.87e-03
 8.25506e+22	7.61e-01	2.30e-01	9.29e-03
 8.26384e+22	7.69e-01	2.22e-01	8.77e-03
 8.27201e+22	7.77e-01	2.14e-01	8.30e-03
 8.27956e+22	7.84e-01	2.08e-01	7.89e-03
 8.28687e+22	7.91e-01	2.02e-01	7.48e-03
 8.29422e+22	7.96e-01	1.96e-01	7.14e-03
 8.30144e+22	8.03e-01	1.91e-01	6.77e-03
 8.30818e+22	8.08e-01	1.86e-01	6.47e-03
 8.31447e+22	8.13e-01	1.81e-01	6.18e-03
 8.32079e+22	8.18e-01	1.77e-01	5.90e-03
 8.32689e+22	8.22e-01	1.72e-01	5.65e-03
 8.33265e+22	8.26e-01	1.69e-01	5.41e-03
 8.33837e+22	8.30e-01	1.65e-01	5.18e-03
 8.34385e+22	8.34e-01	1.61e-01	4.98e-03
 8.34900e+22	8.37e-01	1.58e-01	4.78e-03
 8.35405e+22	8.41e-01	1.55e-01	4.60e-03
 8.35897e+22	8.44e-01	1.52e-01	4.42e-03
 8.36360e+22	8.47e-01	1.49e-01	4.26e-03
 8.36781e+22	8.50e-01	1.46e-01	4.12e-03
 8.37164e+22	8.52e-01	1.44e-01	3.99e-03
 8.37513e+22	8.54e-01	1.42e-01	3.87e-03
 8.37830e+22	8.56e-01	1.40e-01	3.77e-03
 8.38119e+22	8.58e-01	1.38e-01	3.68e-03
 8.38382e+22	8.60e-01	1.36e-01	3.59e-03
 8.38670e+22	8.62e-01	1.34e-01	3.49e-03
 8.38981e+22	8.64e-01	1.33e-01	3.40e-03
 8.39264e+22	8.66e-01	1.31e-01	3.32e-03
 8.39521e+22	8.67e-01	1.30e-01	3.25e-03
 8.39755e+22	8.68e-01	1.29e-01	3.20e-03
 8.40012e+22	8.70e-01	1.27e-01	3.11e-03
 8.40346e+22	8.72e-01	1.25e-01	3.02e-03
 8.40706e+22	8.74e-01	1.23e-01	2.94e-03
 8.41034e+22	8.76e-01	1.21e-01	2.85e-03
 8.41332e+22	8.77e-01	1.20e-01	2.79e-03
 8.41659e+22	8.79e-01	1.18e-01	2.71e-03
 8.42012e+22	8.81e-01	1.17e-01	2.64e-03
 8.42333e+22	8.82e-01	1.15e-01	2.58e-03
 8.42626e+22	8.83e-01	1.14e-01	2.52e-03
 8.42892e+22	8.84e-01	1.13e-01	2.48e-03
 8.43183e+22	8.86e-01	1.11e-01	2.41e-03
 8.43562e+22	8.88e-01	1.10e-01	2.33e-03
 8.43971e+22	8.90e-01	1.08e-01	2.26e-03
 8.44343e+22	8.91e-01	1.07e-01	2.20e-03
 8.44682e+22	8.93e-01	1.05e-01	2.15e-03
 8.44990e+22	8.94e-01	1.04e-01	2.09e-03
 8.45271e+22	8.95e-01	1.03e-01	2.05e-03
 8.45578e+22	8.97e-01	1.01e-01	1.99e-03
 8.45910e+22	8.98e-01	9.99e-02	1.93e-03
 8.46212e+22	8.99e-01	9.87e-02	1.89e-03
 8.46487e+22	9.01e-01	9.76e-02	1.85e-03
 8.46737e+22	9.01e-01	9.67e-02	1.81e-03
 8.47011e+22	9.03e-01	9.54e-02	1.76e-03
 8.47367e+22	9.04e-01	9.39e-02	1.71e-03
 8.47752e+22	9.06e-01	9.25e-02	1.66e-03
 8.48102e+22	9.07e-01	9.13e-02	1.61e-03
 8.48420e+22	9.08e-01	9.02e-02	1.58e-03
 8.48710e+22	9.09e-01	8.91e-02	1.54e-03
 8.48974e+22	9.10e-01	8.81e-02	1.51e-03
 8.49263e+22	9.12e-01	8.69e-02	1.46e-03
 8.49575e+22	9.13e-01	8.58e-02	1.43e-03
 8.49858e+22	9.14e-01	8.49e-02	1.40e-03
 8.50170e+22	9.15e-01	8.37e-02	1.36e-03
 8.50505e+22	9.16e-01	8.27e-02	1.32e-03
 8.50811e+22	9.17e-01	8.17e-02	1.29e-03
 8.51089e+22	9.18e-01	8.08e-02	1.26e-03
 8.51342e+22	9.19e-01	8.02e-02	1.24e-03
 8.51620e+22	9.20e-01	7.92e-02	1.21e-03
 8.51980e+22	9.21e-01	7.80e-02	1.18e-03
 8.52369e+22	9.22e-01	7.71e-02	1.15e-03
 8.52724e+22	9.23e-01	7.61e-02	1.12e-03
 8.53046e+22	9.24e-01	7.54e-02	1.10e-03
 8.53399e+22	9.25e-01	7.42e-02	1.07e-03
 8.53780e+22	9.26e-01	7.33e-02	1.04e-03
 8.54127e+22	9.27e-01	7.24e-02	1.02e-03
 8.54508e+22	9.28e-01	7.13e-02	9.85e-04
 8.54918e+22	9.29e-01	7.03e-02	9.58e-04
 8.55292e+22	9.30e-01	6.93e-02	9.31e-04
 8.55632e+22	9.30e-01	6.87e-02	9.13e-04
 8.56004e+22	9.32e-01	6.76e-02	8.84e-04
 8.56406e+22	9.32e-01	6.67e-02	8.62e-04
 8.56772e+22	9.33e-01	6.58e-02	8.38e-04
 8.57105e+22	9.34e-01	6.51e-02	8.22e-04
 8.57470e+22	9.35e-01	6.42e-02	7.98e-04
 8.57864e+22	9.36e-01	6.34e-02	7.78e-04
 8.58222e+22	9.37e-01	6.27e-02	7.62e-04
 8.58615e+22	9.38e-01	6.17e-02	7.37e-04
 8.59039e+22	9.38e-01	6.09e-02	7.18e-04
 8.59425e+22	9.39e-01	6.00e-02	6.98e-04
 8.59777e+22	9.40e-01	5.94e-02	6.84e-04
 8.60161e+22	9.41e-01	5.85e-02	6.63e-04
 8.60577e+22	9.42e-01	5.78e-02	6.46e-04
 8.60955e+22	9.42e-01	5.71e-02	6.32e-04
 8.61369e+22	9.43e-01	5.62e-02	6.12e-04
 8.61816e+22	9.44e-01	5.54e-02	5.96e-04
 8.62223e+22	9.45e-01	5.48e-02	5.82e-04
 8.62669e+22	9.46e-01	5.38e-02	5.61e-04
 8.63151e+22	9.46e-01	5.31e-02	5.46e-04
 8.63589e+22	9.47e-01	5.24e-02	5.32e-04
 8.64069e+22	9.48e-01	5.14e-02	5.13e-04
 8.64588e+22	9.49e-01	5.07e-02	4.98e-04
 8.65059e+22	9.50e-01	5.00e-02	4.85e-04
 8.65576e+22	9.50e-01	4.90e-02	4.67e-04
 8.66134e+22	9.51e-01	4.83e-02	4.53e-04
 8.66642e+22	9.52e-01	4.75e-02	4.39e-04
 8.67104e+22	9.53e-01	4.69e-02	4.27e-04
 8.67610e+22	9.54e-01	4.60e-02	4.11e-04
 8.68157e+22	9.54e-01	4.53e-02	3.98e-04
 8.68654e+22	9.55e-01	4.47e-02	3.88e-04
 8.69199e+22	9.56e-01	4.38e-02	3.73e-04
 8.69788e+22	9.57e-01	4.31e-02	3.61e-04
 8.70323e+22	9.57e-01	4.25e-02	3.51e-04
 8.70910e+22	9.58e-01	4.17e-02	3.37e-04
 8.71544e+22	9.59e-01	4.10e-02	3.27e-04
 8.72120e+22	9.59e-01	4.03e-02	3.16e-04
 8.72645e+22	9.60e-01	3.97e-02	3.06e-04
 8.73220e+22	9.61e-01	3.89e-02	2.94e-04
 8.73840e+22	9.61e-01	3.83e-02	2.85e-04
 8.74405e+22	9.62e-01	3.77e-02	2.76e-04
 8.75024e+22	9.63e-01	3.69e-02	2.65e-04
 8.75692e+22	9.63e-01	3.63e-02	2.56e-04
 8.76300e+22	9.64e-01	3.57e-02	2.48e-04
 8.76966e+22	9.65e-01	3.49e-02	2.38e-04
 8.77685e+22	9.65e-01	3.44e-02	2.30e-04
 8.78340e+22	9.66e-01	3.37e-02	2.21e-04
 8.78936e+22	9.67e-01	3.32e-02	2.14e-04
 8.79588e+22	9.67e-01	3.25e-02	2.05e-04
 8.80293e+22	9.68e-01	3.19e-02	1.98e-04
 8.80934e+22	9.68e-01	3.14e-02	1.92e-04
 8.81637e+22	9.69e-01	3.07e-02	1.84e-04
 8.82395e+22	9.70e-01	3.01e-02	1.77e-04
 8.83085e+22	9.70e-01	2.96e-02	1.70e-04
 8.83842e+22	9.71e-01	2.89e-02	1.63e-04
 8.84658e+22	9.71e-01	2.84e-02	1.57e-04
 8.85401e+22	9.72e-01	2.78e-02	1.51e-04
 8.86216e+22	9.73e-01	2.72e-02	1.44e-04
 8.87095e+22	9.73e-01	2.66e-02	1.38e-04
 8.87895e+22	9.74e-01	2.60e-02	1.32e-04
 8.88771e+22	9.74e-01	2.54e-02	1.26e-04
 8.89718e+22	9.75e-01	2.49e-02	1.21e-04
 8.90579e+22	9.76e-01	2.43e-02	1.16e-04
 8.91362e+22	9.76e-01	2.38e-02	1.11e-04
 8.92221e+22	9.77e-01	2.33e-02	1.06e-04
 8.93332e+22	9.77e-01	2.26e-02	9.98e-05
 8.94577e+22	9.78e-01	2.19e-02	9.40e-05
 8.95812e+22	9.79e-01	2.12e-02	8.83e-05
 8.97055e+22	9.79e-01	2.06e-02	8.29e-05
 8.98326e+22	9.80e-01	1.99e-02	7.77e-05
 8.99621e+22	9.81e-01	1.93e-02	7.29e-05
 9.00929e+22	9.81e-01	1.87e-02	6.83e-05
 9.02253e+22	9.82e-01	1.81e-02	6.39e-05
 9.03593e+22	9.82e-01	1.75e-02	5.98e-05
 9.04951e+22	9.83e-01	1.69e-02	5.59e-05
 9.06323e+22	9.84e-01	1.63e-02	5.23e-05
 9.07712e+22	9.84e-01	1.58e-02	4.89e-05
 9.09115e+22	9.85e-01	1.52e-02	4.56e-05
 9.10533e+22	9.85e-01	1.47e-02	4.26e-05
 9.11966e+22	9.86e-01	1.42e-02	3.97e-05
 9.13411e+22	9.86e-01	1.37e-02	3.70e-05
 9.14868e+22	9.87e-01	1.32e-02	3.45e-05
 9.16337e+22	9.87e-01	1.28e-02	3.22e-05
 9.17822e+22	9.88e-01	1.23e-02	3.00e-05
 9.19322e+22	9.88e-01	1.19e-02	2.79e-05
 9.20835e+22	9.89e-01	1.15e-02	2.59e-05
 9.22359e+22	9.89e-01	1.11e-02	2.41e-05
 9.23897e+22	9.89e-01	1.07e-02	2.24e-05
 9.25186e+22	9.90e-01	1.04e-02	2.13e-05
