#depth	Si	Si+	Si+2	Si+3	Si+4	Si+5	Si+6	Si+7	Si+8	Si+9	Si+10	Si+11	Si+12	Si+13	Si+14
 4.62852e+21	1.79e-34	1.40e-20	6.06e-17	3.79e-14	1.87e-10	6.82e-08	6.67e-06	1.89e-04	2.42e-03	1.22e-02	2.89e-02	6.97e-02	4.47e-01	3.54e-01	8.56e-02
 1.02921e+22	5.89e-32	1.45e-18	2.82e-15	8.69e-13	5.68e-09	1.93e-06	1.51e-04	2.90e-03	2.34e-02	7.09e-02	9.53e-02	1.25e-01	4.59e-01	1.97e-01	2.63e-02
 1.17207e+22	3.22e-31	5.86e-18	8.96e-15	2.13e-12	1.46e-08	4.84e-06	3.54e-04	6.07e-03	4.20e-02	1.09e-01	1.23e-01	1.36e-01	4.19e-01	1.48e-01	1.62e-02
 1.23110e+22	7.03e-31	1.12e-17	1.54e-14	3.23e-12	2.24e-08	7.30e-06	5.17e-04	8.40e-03	5.40e-02	1.30e-01	1.36e-01	1.38e-01	3.94e-01	1.27e-01	1.27e-02
 1.25575e+22	4.18e-31	1.31e-17	1.76e-14	3.59e-12	2.48e-08	8.05e-06	5.65e-04	9.07e-03	5.72e-02	1.35e-01	1.39e-01	1.38e-01	3.87e-01	1.22e-01	1.19e-02
 1.26716e+22	5.36e-31	1.60e-17	2.08e-14	4.09e-12	2.83e-08	9.15e-06	6.36e-04	1.00e-02	6.17e-02	1.43e-01	1.43e-01	1.39e-01	3.78e-01	1.15e-01	1.09e-02
 1.28001e+22	6.81e-31	1.95e-17	2.46e-14	4.66e-12	3.21e-08	1.03e-05	7.10e-04	1.10e-02	6.63e-02	1.50e-01	1.46e-01	1.39e-01	3.68e-01	1.09e-01	1.01e-02
 1.29247e+22	8.50e-31	2.35e-17	2.87e-14	5.26e-12	3.61e-08	1.16e-05	7.87e-04	1.20e-02	7.08e-02	1.56e-01	1.49e-01	1.38e-01	3.59e-01	1.04e-01	9.32e-03
 1.30642e+22	1.14e-30	2.99e-17	3.52e-14	6.16e-12	4.19e-08	1.33e-05	8.98e-04	1.35e-02	7.69e-02	1.65e-01	1.53e-01	1.38e-01	3.48e-01	9.69e-02	8.41e-03
 1.32045e+22	1.42e-30	3.59e-17	4.11e-14	6.96e-12	4.71e-08	1.49e-05	9.92e-04	1.46e-02	8.18e-02	1.72e-01	1.56e-01	1.37e-01	3.38e-01	9.18e-02	7.76e-03
 1.33456e+22	1.87e-30	4.54e-17	5.00e-14	8.14e-12	5.44e-08	1.71e-05	1.12e-03	1.63e-02	8.83e-02	1.81e-01	1.59e-01	1.36e-01	3.26e-01	8.55e-02	6.99e-03
 1.34907e+22	2.35e-30	5.49e-17	5.88e-14	9.25e-12	6.13e-08	1.91e-05	1.24e-03	1.77e-02	9.39e-02	1.88e-01	1.61e-01	1.35e-01	3.16e-01	8.06e-02	6.40e-03
 1.36408e+22	3.13e-30	6.98e-17	7.22e-14	1.09e-11	7.11e-08	2.20e-05	1.41e-03	1.96e-02	1.01e-01	1.97e-01	1.64e-01	1.33e-01	3.03e-01	7.47e-02	5.73e-03
 1.37950e+22	3.98e-30	8.52e-17	8.56e-14	1.24e-11	8.03e-08	2.46e-05	1.56e-03	2.14e-02	1.08e-01	2.04e-01	1.66e-01	1.32e-01	2.92e-01	6.99e-02	5.21e-03
 1.39547e+22	5.35e-30	1.09e-16	1.06e-13	1.47e-11	9.35e-08	2.84e-05	1.77e-03	2.37e-02	1.16e-01	2.13e-01	1.68e-01	1.30e-01	2.79e-01	6.43e-02	4.62e-03
 1.41187e+22	6.84e-30	1.34e-16	1.26e-13	1.70e-11	1.06e-07	3.19e-05	1.96e-03	2.59e-02	1.23e-01	2.21e-01	1.69e-01	1.28e-01	2.68e-01	5.98e-02	4.17e-03
 1.42884e+22	9.30e-30	1.74e-16	1.58e-13	2.03e-11	1.24e-07	3.68e-05	2.23e-03	2.87e-02	1.32e-01	2.30e-01	1.70e-01	1.25e-01	2.54e-01	5.46e-02	3.67e-03
 1.44635e+22	1.20e-29	2.16e-16	1.90e-13	2.35e-11	1.41e-07	4.14e-05	2.47e-03	3.13e-02	1.40e-01	2.37e-01	1.71e-01	1.22e-01	2.42e-01	5.04e-02	3.28e-03
 1.46459e+22	1.66e-29	2.82e-16	2.39e-13	2.84e-11	1.66e-07	4.80e-05	2.81e-03	3.47e-02	1.50e-01	2.46e-01	1.71e-01	1.19e-01	2.28e-01	4.56e-02	2.85e-03
 1.48337e+22	2.18e-29	3.54e-16	2.91e-13	3.32e-11	1.90e-07	5.43e-05	3.13e-03	3.78e-02	1.59e-01	2.53e-01	1.71e-01	1.16e-01	2.16e-01	4.18e-02	2.52e-03
 1.50032e+22	2.83e-29	4.41e-16	3.52e-13	3.86e-11	2.16e-07	6.10e-05	3.47e-03	4.10e-02	1.67e-01	2.60e-01	1.71e-01	1.13e-01	2.04e-01	3.83e-02	2.24e-03
 1.51977e+22	3.94e-29	5.82e-16	4.47e-13	4.68e-11	2.54e-07	7.07e-05	3.94e-03	4.54e-02	1.79e-01	2.68e-01	1.70e-01	1.08e-01	1.90e-01	3.42e-02	1.92e-03
 1.53961e+22	5.17e-29	7.31e-16	5.44e-13	5.49e-11	2.90e-07	7.97e-05	4.37e-03	4.93e-02	1.88e-01	2.74e-01	1.68e-01	1.05e-01	1.79e-01	3.10e-02	1.68e-03
 1.55994e+22	7.26e-29	9.72e-16	6.96e-13	6.68e-11	3.42e-07	9.23e-05	4.95e-03	5.44e-02	2.00e-01	2.81e-01	1.66e-01	1.00e-01	1.65e-01	2.74e-02	1.42e-03
 1.58054e+22	9.56e-29	1.23e-15	8.49e-13	7.83e-11	3.89e-07	1.04e-04	5.48e-03	5.89e-02	2.10e-01	2.86e-01	1.64e-01	9.62e-02	1.54e-01	2.47e-02	1.24e-03
 1.60150e+22	1.35e-28	1.64e-15	1.09e-12	9.56e-11	4.58e-07	1.20e-04	6.21e-03	6.49e-02	2.22e-01	2.91e-01	1.61e-01	9.12e-02	1.41e-01	2.16e-02	1.03e-03
 1.62267e+22	1.78e-28	2.07e-15	1.33e-12	1.12e-10	5.20e-07	1.35e-04	6.84e-03	7.00e-02	2.32e-01	2.95e-01	1.58e-01	8.73e-02	1.31e-01	1.93e-02	8.93e-04
 1.64411e+22	2.53e-28	2.78e-15	1.71e-12	1.36e-10	6.10e-07	1.55e-04	7.74e-03	7.70e-02	2.45e-01	2.99e-01	1.53e-01	8.21e-02	1.19e-01	1.67e-02	7.35e-04
 1.66566e+22	3.30e-28	3.50e-15	2.08e-12	1.59e-10	6.90e-07	1.73e-04	8.49e-03	8.27e-02	2.54e-01	3.01e-01	1.50e-01	7.82e-02	1.10e-01	1.49e-02	6.31e-04
 1.68356e+22	4.20e-28	4.30e-15	2.48e-12	1.82e-10	7.68e-07	1.91e-04	9.21e-03	8.80e-02	2.63e-01	3.03e-01	1.46e-01	7.46e-02	1.02e-01	1.34e-02	5.49e-04
 1.70306e+22	5.75e-28	5.63e-15	3.10e-12	2.17e-10	8.78e-07	2.15e-04	1.02e-02	9.54e-02	2.74e-01	3.04e-01	1.42e-01	7.01e-02	9.23e-02	1.16e-02	4.54e-04
 1.72247e+22	7.26e-28	6.89e-15	3.68e-12	2.48e-10	9.73e-07	2.36e-04	1.10e-02	1.01e-01	2.82e-01	3.05e-01	1.38e-01	6.67e-02	8.56e-02	1.04e-02	3.94e-04
 1.74177e+22	9.85e-28	8.99e-15	4.59e-12	2.94e-10	1.11e-06	2.64e-04	1.22e-02	1.09e-01	2.92e-01	3.05e-01	1.33e-01	6.24e-02	7.72e-02	8.94e-03	3.25e-04
 1.76133e+22	1.25e-27	1.11e-14	5.46e-12	3.36e-10	1.22e-06	2.89e-04	1.32e-02	1.16e-01	3.00e-01	3.04e-01	1.28e-01	5.91e-02	7.11e-02	7.95e-03	2.79e-04
 1.78121e+22	1.70e-27	1.46e-14	6.84e-12	3.99e-10	1.39e-06	3.24e-04	1.45e-02	1.25e-01	3.10e-01	3.02e-01	1.23e-01	5.48e-02	6.35e-02	6.77e-03	2.27e-04
 1.80133e+22	2.16e-27	1.80e-14	8.16e-12	4.57e-10	1.54e-06	3.55e-04	1.57e-02	1.32e-01	3.18e-01	3.00e-01	1.18e-01	5.16e-02	5.81e-02	5.97e-03	1.93e-04
 1.82176e+22	2.95e-27	2.39e-14	1.03e-11	5.44e-10	1.74e-06	3.97e-04	1.73e-02	1.42e-01	3.27e-01	2.97e-01	1.12e-01	4.76e-02	5.14e-02	5.03e-03	1.55e-04
 1.84258e+22	3.77e-27	3.00e-14	1.24e-11	6.26e-10	1.93e-06	4.34e-04	1.86e-02	1.51e-01	3.34e-01	2.93e-01	1.07e-01	4.45e-02	4.66e-02	4.38e-03	1.29e-04
 1.86391e+22	5.19e-27	4.03e-14	1.57e-11	7.50e-10	2.19e-06	4.87e-04	2.05e-02	1.62e-01	3.43e-01	2.88e-01	1.01e-01	4.07e-02	4.07e-02	3.63e-03	1.02e-04
 1.88564e+22	6.69e-27	5.12e-14	1.91e-11	8.69e-10	2.43e-06	5.33e-04	2.22e-02	1.72e-01	3.50e-01	2.83e-01	9.55e-02	3.77e-02	3.65e-02	3.12e-03	8.39e-05
 1.90792e+22	9.27e-27	7.02e-14	2.46e-11	1.05e-09	2.77e-06	5.99e-04	2.45e-02	1.85e-01	3.57e-01	2.76e-01	8.88e-02	3.41e-02	3.15e-02	2.54e-03	6.47e-05
 1.93042e+22	1.20e-26	9.00e-14	3.00e-11	1.22e-09	3.08e-06	6.56e-04	2.64e-02	1.96e-01	3.62e-01	2.69e-01	8.37e-02	3.15e-02	2.80e-02	2.16e-03	5.26e-05
 1.94944e+22	1.51e-26	1.13e-13	3.61e-11	1.41e-09	3.40e-06	7.14e-04	2.84e-02	2.06e-01	3.67e-01	2.63e-01	7.89e-02	2.91e-02	2.50e-02	1.85e-03	4.33e-05
 1.97012e+22	2.02e-26	1.53e-13	4.58e-11	1.69e-09	3.84e-06	7.93e-04	3.10e-02	2.20e-01	3.71e-01	2.54e-01	7.30e-02	2.63e-02	2.16e-02	1.52e-03	3.37e-05
 1.99084e+22	2.55e-26	1.93e-13	5.53e-11	1.95e-09	4.25e-06	8.63e-04	3.32e-02	2.31e-01	3.74e-01	2.47e-01	6.85e-02	2.43e-02	1.92e-02	1.29e-03	2.75e-05
 2.01112e+22	3.35e-26	2.58e-13	6.97e-11	2.33e-09	4.81e-06	9.57e-04	3.60e-02	2.45e-01	3.77e-01	2.38e-01	6.31e-02	2.19e-02	1.66e-02	1.06e-03	2.14e-05
 2.03180e+22	4.25e-26	3.32e-13	8.53e-11	2.73e-09	5.36e-06	1.05e-03	3.87e-02	2.58e-01	3.79e-01	2.29e-01	5.87e-02	2.00e-02	1.46e-02	8.92e-04	1.72e-05
 2.05208e+22	5.48e-26	4.43e-13	1.07e-10	3.26e-09	6.07e-06	1.16e-03	4.19e-02	2.73e-01	3.80e-01	2.19e-01	5.38e-02	1.81e-02	1.26e-02	7.31e-04	1.34e-05
 2.07278e+22	6.95e-26	5.79e-13	1.33e-10	3.87e-09	6.84e-06	1.27e-03	4.51e-02	2.87e-01	3.79e-01	2.10e-01	4.96e-02	1.64e-02	1.09e-02	6.06e-04	1.06e-05
 2.09320e+22	8.88e-26	7.68e-13	1.67e-10	4.63e-09	7.76e-06	1.41e-03	4.86e-02	3.02e-01	3.78e-01	2.00e-01	4.53e-02	1.47e-02	9.41e-03	4.96e-04	8.28e-06
 2.11376e+22	1.13e-25	1.01e-12	2.09e-10	5.54e-09	8.81e-06	1.56e-03	5.24e-02	3.17e-01	3.76e-01	1.90e-01	4.14e-02	1.33e-02	8.11e-03	4.08e-04	6.49e-06
 2.13407e+22	1.43e-25	1.34e-12	2.62e-10	6.66e-09	1.00e-05	1.72e-03	5.63e-02	3.32e-01	3.73e-01	1.80e-01	3.76e-02	1.19e-02	6.97e-03	3.34e-04	5.06e-06
 2.15435e+22	1.81e-25	1.77e-12	3.28e-10	8.00e-09	1.15e-05	1.90e-03	6.06e-02	3.47e-01	3.70e-01	1.70e-01	3.42e-02	1.07e-02	5.99e-03	2.73e-04	3.95e-06
 2.17464e+22	2.29e-25	2.34e-12	4.12e-10	9.66e-09	1.31e-05	2.11e-03	6.51e-02	3.62e-01	3.65e-01	1.60e-01	3.09e-02	9.55e-03	5.12e-03	2.23e-04	3.07e-06
 2.19501e+22	2.89e-25	3.09e-12	5.18e-10	1.17e-08	1.51e-05	2.33e-03	6.99e-02	3.77e-01	3.59e-01	1.50e-01	2.79e-02	8.52e-03	4.37e-03	1.81e-04	2.38e-06
 2.21548e+22	3.66e-25	4.10e-12	6.53e-10	1.42e-08	1.73e-05	2.59e-03	7.50e-02	3.92e-01	3.53e-01	1.41e-01	2.51e-02	7.58e-03	3.72e-03	1.47e-04	1.84e-06
 2.23612e+22	4.64e-25	5.42e-12	8.23e-10	1.72e-08	2.00e-05	2.87e-03	8.04e-02	4.07e-01	3.45e-01	1.31e-01	2.25e-02	6.73e-03	3.16e-03	1.19e-04	1.42e-06
 2.25698e+22	5.91e-25	7.19e-12	1.04e-09	2.10e-08	2.31e-05	3.19e-03	8.62e-02	4.22e-01	3.37e-01	1.22e-01	2.01e-02	5.95e-03	2.67e-03	9.54e-05	1.09e-06
 2.27796e+22	7.53e-25	9.50e-12	1.31e-09	2.56e-08	2.67e-05	3.54e-03	9.22e-02	4.36e-01	3.29e-01	1.14e-01	1.80e-02	5.26e-03	2.25e-03	7.68e-05	8.32e-07
 2.29926e+22	9.70e-25	1.26e-11	1.67e-09	3.15e-08	3.11e-05	3.94e-03	9.88e-02	4.51e-01	3.19e-01	1.05e-01	1.60e-02	4.62e-03	1.89e-03	6.13e-05	6.32e-07
 2.32079e+22	1.26e-24	1.66e-11	2.11e-09	3.85e-08	3.61e-05	4.37e-03	1.06e-01	4.64e-01	3.09e-01	9.70e-02	1.42e-02	4.06e-03	1.59e-03	4.90e-05	4.82e-07
 2.34274e+22	1.65e-24	2.22e-11	2.69e-09	4.75e-08	4.21e-05	4.88e-03	1.13e-01	4.77e-01	2.98e-01	8.90e-02	1.25e-02	3.54e-03	1.32e-03	3.87e-05	3.62e-07
 2.36508e+22	2.15e-24	2.92e-11	3.40e-09	5.83e-08	4.90e-05	5.42e-03	1.20e-01	4.90e-01	2.88e-01	8.17e-02	1.10e-02	3.09e-03	1.10e-03	3.07e-05	2.73e-07
 2.38555e+22	2.70e-24	3.68e-11	4.14e-09	6.93e-08	5.57e-05	5.91e-03	1.27e-01	4.99e-01	2.78e-01	7.59e-02	9.90e-03	2.76e-03	9.43e-04	2.53e-05	2.15e-07
 2.40694e+22	3.61e-24	4.93e-11	5.33e-09	8.64e-08	6.55e-05	6.61e-03	1.36e-01	5.11e-01	2.66e-01	6.89e-02	8.62e-03	2.37e-03	7.73e-04	1.96e-05	1.59e-07
 2.42866e+22	4.59e-24	6.20e-11	6.49e-09	1.03e-07	7.44e-05	7.21e-03	1.43e-01	5.19e-01	2.57e-01	6.38e-02	7.72e-03	2.10e-03	6.60e-04	1.60e-05	1.24e-07
 2.45102e+22	6.25e-24	8.32e-11	8.38e-09	1.29e-07	8.78e-05	8.07e-03	1.52e-01	5.29e-01	2.44e-01	5.76e-02	6.68e-03	1.80e-03	5.36e-04	1.23e-05	0.00e+00
 2.47341e+22	7.97e-24	1.04e-10	1.02e-08	1.53e-07	9.96e-05	8.78e-03	1.60e-01	5.36e-01	2.34e-01	5.32e-02	5.97e-03	1.59e-03	4.57e-04	1.01e-05	0.00e+00
 2.49583e+22	1.09e-23	1.38e-10	1.31e-08	1.91e-07	1.17e-04	9.79e-03	1.70e-01	5.43e-01	2.22e-01	4.79e-02	5.15e-03	1.36e-03	3.70e-04	7.73e-06	0.00e+00
 2.51835e+22	1.39e-23	1.71e-10	1.58e-08	2.26e-07	1.33e-04	1.06e-02	1.78e-01	5.48e-01	2.13e-01	4.42e-02	4.60e-03	1.20e-03	3.16e-04	6.33e-06	0.00e+00
 2.54099e+22	1.91e-23	2.25e-10	2.01e-08	2.81e-07	1.56e-04	1.18e-02	1.88e-01	5.54e-01	2.01e-01	3.97e-02	3.97e-03	1.02e-03	2.56e-04	4.86e-06	0.00e+00
 2.56386e+22	2.45e-23	2.78e-10	2.43e-08	3.33e-07	1.76e-04	1.28e-02	1.97e-01	5.57e-01	1.92e-01	3.66e-02	3.54e-03	9.01e-04	2.17e-04	3.96e-06	0.00e+00
 2.58705e+22	3.37e-23	3.65e-10	3.09e-08	4.14e-07	2.06e-04	1.42e-02	2.08e-01	5.61e-01	1.80e-01	3.27e-02	3.04e-03	7.64e-04	1.76e-04	3.03e-06	0.00e+00
 2.61055e+22	4.34e-23	4.49e-10	3.73e-08	4.89e-07	2.33e-04	1.54e-02	2.16e-01	5.63e-01	1.72e-01	3.00e-02	2.71e-03	6.72e-04	1.49e-04	2.46e-06	0.00e+00
 2.63446e+22	6.01e-23	5.88e-10	4.75e-08	6.09e-07	2.73e-04	1.70e-02	2.28e-01	5.64e-01	1.61e-01	2.68e-02	2.32e-03	5.66e-04	1.19e-04	1.87e-06	0.00e+00
 2.65881e+22	7.78e-23	7.25e-10	5.74e-08	7.23e-07	3.10e-04	1.84e-02	2.37e-01	5.64e-01	1.52e-01	2.45e-02	2.05e-03	4.95e-04	1.00e-04	1.50e-06	0.00e+00
 2.68373e+22	1.08e-22	9.50e-10	7.34e-08	9.04e-07	3.64e-04	2.04e-02	2.50e-01	5.64e-01	1.42e-01	2.18e-02	1.75e-03	4.15e-04	8.01e-05	1.13e-06	0.00e+00
 2.70923e+22	1.41e-22	1.17e-09	8.90e-08	1.08e-06	4.13e-04	2.22e-02	2.60e-01	5.62e-01	1.34e-01	1.98e-02	1.54e-03	3.61e-04	6.70e-05	9.05e-07	0.00e+00
 2.73547e+22	1.99e-22	1.54e-09	1.14e-07	1.35e-06	4.87e-04	2.46e-02	2.73e-01	5.59e-01	1.24e-01	1.75e-02	1.30e-03	2.99e-04	5.28e-05	6.72e-07	0.00e+00
 2.76219e+22	2.61e-22	1.91e-09	1.39e-07	1.61e-06	5.52e-04	2.66e-02	2.83e-01	5.56e-01	1.17e-01	1.59e-02	1.14e-03	2.60e-04	4.41e-05	5.36e-07	0.00e+00
 2.78485e+22	3.32e-22	2.31e-09	1.66e-07	1.90e-06	6.21e-04	2.86e-02	2.92e-01	5.52e-01	1.10e-01	1.45e-02	1.01e-03	2.27e-04	3.71e-05	4.33e-07	0.00e+00
 2.80964e+22	4.52e-22	2.96e-09	2.08e-07	2.34e-06	7.21e-04	3.14e-02	3.05e-01	5.47e-01	1.02e-01	1.29e-02	8.66e-04	1.91e-04	2.98e-05	3.29e-07	0.00e+00
 2.83356e+22	5.62e-22	3.51e-09	2.44e-07	2.70e-06	8.00e-04	3.35e-02	3.13e-01	5.43e-01	9.69e-02	1.19e-02	7.77e-04	1.69e-04	2.56e-05	2.72e-07	0.00e+00
 2.85633e+22	7.41e-22	4.37e-09	3.00e-07	3.27e-06	9.16e-04	3.64e-02	3.25e-01	5.36e-01	9.01e-02	1.06e-02	6.72e-04	1.44e-04	2.09e-05	2.11e-07	0.00e+00
 2.87935e+22	9.22e-22	5.17e-09	3.51e-07	3.76e-06	1.01e-03	3.87e-02	3.33e-01	5.31e-01	8.53e-02	9.81e-03	6.03e-04	1.28e-04	1.79e-05	1.74e-07	0.00e+00
 2.90267e+22	1.22e-21	6.43e-09	4.31e-07	4.55e-06	1.16e-03	4.20e-02	3.45e-01	5.23e-01	7.92e-02	8.79e-03	5.21e-04	1.08e-04	1.46e-05	1.35e-07	0.00e+00
 2.92635e+22	1.52e-21	7.63e-09	5.05e-07	5.25e-06	1.28e-03	4.47e-02	3.53e-01	5.17e-01	7.48e-02	8.07e-03	4.66e-04	9.57e-05	1.25e-05	0.00e+00	0.00e+00
 2.95048e+22	2.00e-21	9.51e-09	6.22e-07	6.37e-06	1.47e-03	4.85e-02	3.65e-01	5.08e-01	6.91e-02	7.20e-03	4.01e-04	8.09e-05	1.01e-05	0.00e+00	0.00e+00
 2.97495e+22	2.51e-21	1.13e-08	7.30e-07	7.37e-06	1.63e-03	5.16e-02	3.74e-01	5.01e-01	6.50e-02	6.60e-03	3.57e-04	7.12e-05	8.60e-06	0.00e+00	0.00e+00
 2.99986e+22	3.32e-21	1.41e-08	9.01e-07	8.96e-06	1.87e-03	5.60e-02	3.85e-01	4.91e-01	5.98e-02	5.87e-03	3.06e-04	5.99e-05	6.93e-06	0.00e+00	0.00e+00
 3.02524e+22	4.17e-21	1.68e-08	1.06e-06	1.04e-05	2.08e-03	5.96e-02	3.94e-01	4.82e-01	5.62e-02	5.37e-03	2.72e-04	5.25e-05	5.87e-06	0.00e+00	0.00e+00
 3.05124e+22	5.55e-21	2.10e-08	1.32e-06	1.27e-05	2.39e-03	6.48e-02	4.06e-01	4.71e-01	5.14e-02	4.74e-03	2.31e-04	4.39e-05	4.69e-06	0.00e+00	0.00e+00
 3.07778e+22	7.02e-21	2.52e-08	1.56e-06	1.48e-05	2.67e-03	6.90e-02	4.14e-01	4.61e-01	4.80e-02	4.31e-03	2.04e-04	3.82e-05	3.93e-06	0.00e+00	0.00e+00
 3.10502e+22	9.43e-21	3.17e-08	1.94e-06	1.82e-05	3.07e-03	7.49e-02	4.26e-01	4.49e-01	4.37e-02	3.80e-03	1.73e-04	3.17e-05	3.12e-06	0.00e+00	0.00e+00
 3.13301e+22	1.20e-20	3.82e-08	2.32e-06	2.13e-05	3.44e-03	7.99e-02	4.34e-01	4.38e-01	4.05e-02	3.43e-03	1.51e-04	2.74e-05	2.59e-06	0.00e+00	0.00e+00
 3.16198e+22	1.63e-20	4.86e-08	2.92e-06	2.64e-05	3.98e-03	8.69e-02	4.45e-01	4.24e-01	3.67e-02	3.00e-03	1.27e-04	2.25e-05	2.03e-06	0.00e+00	0.00e+00
 3.19120e+22	2.09e-20	5.86e-08	3.48e-06	3.09e-05	4.44e-03	9.25e-02	4.53e-01	4.13e-01	3.40e-02	2.71e-03	1.11e-04	1.94e-05	1.69e-06	0.00e+00	0.00e+00
 3.22074e+22	2.83e-20	7.43e-08	4.37e-06	3.83e-05	5.15e-03	1.00e-01	4.64e-01	3.98e-01	3.05e-02	2.36e-03	9.24e-05	1.59e-05	1.31e-06	0.00e+00	0.00e+00
 3.25054e+22	3.63e-20	8.96e-08	5.21e-06	4.48e-05	5.74e-03	1.07e-01	4.71e-01	3.86e-01	2.82e-02	2.13e-03	8.08e-05	1.37e-05	1.09e-06	0.00e+00	0.00e+00
 3.28068e+22	4.91e-20	1.14e-07	6.56e-06	5.55e-05	6.64e-03	1.16e-01	4.80e-01	3.70e-01	2.52e-02	1.85e-03	6.70e-05	1.12e-05	8.43e-07	0.00e+00	0.00e+00
 3.31135e+22	6.34e-20	1.38e-07	7.84e-06	6.50e-05	7.41e-03	1.23e-01	4.86e-01	3.59e-01	2.32e-02	1.66e-03	5.83e-05	9.56e-06	6.95e-07	0.00e+00	0.00e+00
 3.34271e+22	8.63e-20	1.75e-07	9.90e-06	8.09e-05	8.59e-03	1.33e-01	4.94e-01	3.42e-01	2.06e-02	1.43e-03	4.80e-05	7.74e-06	5.33e-07	0.00e+00	0.00e+00
 3.37372e+22	1.10e-19	2.10e-07	1.18e-05	9.43e-05	9.52e-03	1.41e-01	4.99e-01	3.30e-01	1.90e-02	1.29e-03	4.18e-05	6.65e-06	4.41e-07	0.00e+00	0.00e+00
 3.39890e+22	1.35e-19	2.47e-07	1.37e-05	1.09e-04	1.05e-02	1.48e-01	5.03e-01	3.20e-01	1.75e-02	1.17e-03	3.68e-05	5.78e-06	3.70e-07	0.00e+00	0.00e+00
 3.42626e+22	1.77e-19	3.03e-07	1.66e-05	1.30e-04	1.18e-02	1.57e-01	5.08e-01	3.06e-01	1.58e-02	1.03e-03	3.13e-05	4.84e-06	2.97e-07	0.00e+00	0.00e+00
 3.45398e+22	2.20e-19	3.57e-07	1.95e-05	1.50e-04	1.30e-02	1.66e-01	5.11e-01	2.95e-01	1.46e-02	9.33e-04	2.73e-05	4.18e-06	2.47e-07	0.00e+00	0.00e+00
 3.47843e+22	2.72e-19	4.20e-07	2.27e-05	1.72e-04	1.43e-02	1.74e-01	5.13e-01	2.84e-01	1.34e-02	8.44e-04	2.40e-05	3.63e-06	2.07e-07	0.00e+00	0.00e+00
 3.50647e+22	3.55e-19	5.14e-07	2.75e-05	2.05e-04	1.60e-02	1.84e-01	5.16e-01	2.71e-01	1.21e-02	7.45e-04	2.03e-05	3.03e-06	1.65e-07	0.00e+00	0.00e+00
 3.53556e+22	4.47e-19	6.13e-07	3.26e-05	2.40e-04	1.77e-02	1.94e-01	5.17e-01	2.59e-01	1.10e-02	6.64e-04	1.75e-05	2.58e-06	1.35e-07	0.00e+00	0.00e+00
 3.56153e+22	5.56e-19	7.23e-07	3.81e-05	2.76e-04	1.95e-02	2.03e-01	5.18e-01	2.49e-01	1.00e-02	5.98e-04	1.52e-05	2.22e-06	0.00e+00	0.00e+00	0.00e+00
 3.59080e+22	7.31e-19	8.89e-07	4.63e-05	3.29e-04	2.18e-02	2.15e-01	5.18e-01	2.36e-01	8.98e-03	5.25e-04	1.28e-05	1.85e-06	0.00e+00	0.00e+00	0.00e+00
 3.62138e+22	9.28e-19	1.07e-06	5.52e-05	3.87e-04	2.42e-02	2.26e-01	5.18e-01	2.24e-01	8.08e-03	4.64e-04	1.09e-05	1.55e-06	0.00e+00	0.00e+00	0.00e+00
 3.64899e+22	1.17e-18	1.26e-06	6.48e-05	4.47e-04	2.66e-02	2.36e-01	5.16e-01	2.13e-01	7.34e-03	4.15e-04	9.41e-06	1.33e-06	0.00e+00	0.00e+00	0.00e+00
 3.68019e+22	1.56e-18	1.57e-06	7.94e-05	5.36e-04	2.99e-02	2.49e-01	5.13e-01	2.00e-01	6.49e-03	3.60e-04	7.80e-06	1.09e-06	0.00e+00	0.00e+00	0.00e+00
 3.71236e+22	1.98e-18	1.89e-06	9.48e-05	6.32e-04	3.32e-02	2.61e-01	5.10e-01	1.89e-01	5.79e-03	3.16e-04	6.58e-06	9.07e-07	0.00e+00	0.00e+00	0.00e+00
 3.74100e+22	2.50e-18	2.25e-06	1.12e-04	7.32e-04	3.65e-02	2.72e-01	5.06e-01	1.79e-01	5.22e-03	2.80e-04	5.63e-06	7.68e-07	0.00e+00	0.00e+00	0.00e+00
 3.77342e+22	3.36e-18	2.80e-06	1.37e-04	8.79e-04	4.10e-02	2.86e-01	5.01e-01	1.66e-01	4.57e-03	2.41e-04	4.62e-06	6.23e-07	0.00e+00	0.00e+00	0.00e+00
 3.80706e+22	4.31e-18	3.38e-06	1.64e-04	1.04e-03	4.55e-02	2.99e-01	4.94e-01	1.56e-01	4.04e-03	2.10e-04	3.85e-06	5.14e-07	0.00e+00	0.00e+00	0.00e+00
 3.83726e+22	5.49e-18	4.04e-06	1.94e-04	1.21e-03	4.99e-02	3.11e-01	4.88e-01	1.46e-01	3.61e-03	1.85e-04	3.26e-06	4.31e-07	0.00e+00	0.00e+00	0.00e+00
 3.87149e+22	7.46e-18	5.07e-06	2.40e-04	1.46e-03	5.60e-02	3.26e-01	4.79e-01	1.35e-01	3.12e-03	1.57e-04	2.63e-06	3.44e-07	0.00e+00	0.00e+00	0.00e+00
 3.90705e+22	9.67e-18	6.16e-06	2.89e-04	1.73e-03	6.22e-02	3.39e-01	4.69e-01	1.25e-01	2.72e-03	1.35e-04	2.16e-06	2.80e-07	0.00e+00	0.00e+00	0.00e+00
 3.93894e+22	1.25e-17	7.42e-06	3.43e-04	2.01e-03	6.82e-02	3.51e-01	4.60e-01	1.16e-01	2.40e-03	1.18e-04	1.81e-06	2.32e-07	0.00e+00	0.00e+00	0.00e+00
 3.97500e+22	1.71e-17	9.37e-06	4.27e-04	2.45e-03	7.67e-02	3.66e-01	4.47e-01	1.05e-01	2.04e-03	9.82e-05	1.43e-06	1.81e-07	0.00e+00	0.00e+00	0.00e+00
 4.01175e+22	2.21e-17	1.13e-05	5.10e-04	2.89e-03	8.45e-02	3.78e-01	4.35e-01	9.68e-02	1.77e-03	8.41e-05	1.17e-06	1.47e-07	0.00e+00	0.00e+00	0.00e+00
 4.04943e+22	3.08e-17	1.44e-05	6.37e-04	3.52e-03	9.49e-02	3.93e-01	4.20e-01	8.71e-02	1.49e-03	6.95e-05	9.11e-07	0.00e+00	0.00e+00	0.00e+00	0.00e+00
 4.08748e+22	4.01e-17	1.75e-05	7.62e-04	4.14e-03	1.04e-01	4.04e-01	4.06e-01	7.96e-02	1.28e-03	5.92e-05	7.40e-07	0.00e+00	0.00e+00	0.00e+00	0.00e+00
 4.12603e+22	5.60e-17	2.24e-05	9.54e-04	5.06e-03	1.17e-01	4.17e-01	3.88e-01	7.07e-02	1.06e-03	4.82e-05	5.68e-07	0.00e+00	0.00e+00	0.00e+00	0.00e+00
 4.16492e+22	7.29e-17	2.71e-05	1.14e-03	5.93e-03	1.28e-01	4.27e-01	3.73e-01	6.42e-02	9.13e-04	4.09e-05	4.59e-07	0.00e+00	0.00e+00	0.00e+00	0.00e+00
 4.20425e+22	1.03e-16	3.47e-05	1.42e-03	7.24e-03	1.43e-01	4.38e-01	3.54e-01	5.64e-02	7.48e-04	3.29e-05	3.48e-07	0.00e+00	0.00e+00	0.00e+00	0.00e+00
 4.24403e+22	1.32e-16	4.21e-05	1.70e-03	8.47e-03	1.55e-01	4.45e-01	3.38e-01	5.08e-02	6.37e-04	2.77e-05	2.79e-07	0.00e+00	0.00e+00	0.00e+00	0.00e+00
 4.28442e+22	1.87e-16	5.40e-05	2.13e-03	1.03e-02	1.73e-01	4.53e-01	3.17e-01	4.41e-02	5.15e-04	2.20e-05	2.08e-07	0.00e+00	0.00e+00	0.00e+00	0.00e+00
 4.32528e+22	2.46e-16	6.57e-05	2.53e-03	1.21e-02	1.87e-01	4.58e-01	3.00e-01	3.93e-02	4.34e-04	1.83e-05	1.65e-07	0.00e+00	0.00e+00	0.00e+00	0.00e+00
 4.36676e+22	3.52e-16	8.45e-05	3.17e-03	1.47e-02	2.07e-01	4.63e-01	2.78e-01	3.37e-02	3.46e-04	1.44e-05	1.21e-07	0.00e+00	0.00e+00	0.00e+00	0.00e+00
 4.40736e+22	4.57e-16	1.02e-04	3.73e-03	1.70e-02	2.23e-01	4.64e-01	2.62e-01	3.00e-02	2.93e-04	1.20e-05	0.00e+00	0.00e+00	0.00e+00	0.00e+00	0.00e+00
 4.44681e+22	6.45e-16	1.29e-04	4.59e-03	2.04e-02	2.43e-01	4.64e-01	2.41e-01	2.57e-02	2.34e-04	9.43e-06	0.00e+00	0.00e+00	0.00e+00	0.00e+00	0.00e+00
 4.48572e+22	8.38e-16	1.54e-04	5.35e-03	2.32e-02	2.59e-01	4.63e-01	2.27e-01	2.28e-02	1.99e-04	7.89e-06	0.00e+00	0.00e+00	0.00e+00	0.00e+00	0.00e+00
 4.51861e+22	1.08e-15	1.83e-04	6.19e-03	2.63e-02	2.75e-01	4.60e-01	2.12e-01	2.02e-02	1.68e-04	6.58e-06	0.00e+00	0.00e+00	0.00e+00	0.00e+00	0.00e+00
 4.55603e+22	1.50e-15	2.27e-04	7.47e-03	3.09e-02	2.95e-01	4.55e-01	1.94e-01	1.73e-02	1.35e-04	5.21e-06	0.00e+00	0.00e+00	0.00e+00	0.00e+00	0.00e+00
 4.59350e+22	1.95e-15	2.70e-04	8.64e-03	3.50e-02	3.11e-01	4.49e-01	1.80e-01	1.52e-02	1.13e-04	4.31e-06	0.00e+00	0.00e+00	0.00e+00	0.00e+00	0.00e+00
 4.63102e+22	2.74e-15	3.36e-04	1.04e-02	4.07e-02	3.32e-01	4.40e-01	1.64e-01	1.29e-02	9.06e-05	3.39e-06	0.00e+00	0.00e+00	0.00e+00	0.00e+00	0.00e+00
 4.66914e+22	3.65e-15	4.01e-04	1.20e-02	4.60e-02	3.49e-01	4.31e-01	1.50e-01	1.12e-02	7.51e-05	2.76e-06	0.00e+00	0.00e+00	0.00e+00	0.00e+00	0.00e+00
 4.70806e+22	5.24e-15	5.00e-04	1.44e-02	5.35e-02	3.70e-01	4.18e-01	1.35e-01	9.31e-03	5.91e-05	2.13e-06	0.00e+00	0.00e+00	0.00e+00	0.00e+00	0.00e+00
 4.74728e+22	7.15e-15	5.98e-04	1.66e-02	6.00e-02	3.86e-01	4.06e-01	1.23e-01	8.02e-03	4.87e-05	1.73e-06	0.00e+00	0.00e+00	0.00e+00	0.00e+00	0.00e+00
 4.78692e+22	1.05e-14	7.49e-04	1.99e-02	6.96e-02	4.06e-01	3.89e-01	1.08e-01	6.55e-03	3.75e-05	1.30e-06	0.00e+00	0.00e+00	0.00e+00	0.00e+00	0.00e+00
 4.82661e+22	1.43e-14	8.90e-04	2.29e-02	7.76e-02	4.20e-01	3.75e-01	9.75e-02	5.59e-03	3.07e-05	1.05e-06	0.00e+00	0.00e+00	0.00e+00	0.00e+00	0.00e+00
 4.85850e+22	1.88e-14	1.03e-03	2.57e-02	8.50e-02	4.32e-01	3.62e-01	8.90e-02	4.87e-03	2.57e-05	8.64e-07	0.00e+00	0.00e+00	0.00e+00	0.00e+00	0.00e+00
 4.89211e+22	2.59e-14	1.24e-03	2.96e-02	9.48e-02	4.45e-01	3.46e-01	7.92e-02	4.08e-03	2.07e-05	6.80e-07	0.00e+00	0.00e+00	0.00e+00	0.00e+00	0.00e+00
 4.92620e+22	3.45e-14	1.44e-03	3.32e-02	1.03e-01	4.55e-01	3.31e-01	7.17e-02	3.52e-03	1.72e-05	5.55e-07	0.00e+00	0.00e+00	0.00e+00	0.00e+00	0.00e+00
 4.95619e+22	4.50e-14	1.66e-03	3.71e-02	1.12e-01	4.64e-01	3.17e-01	6.48e-02	3.03e-03	1.43e-05	4.54e-07	0.00e+00	0.00e+00	0.00e+00	0.00e+00	0.00e+00
 4.99044e+22	6.42e-14	1.99e-03	4.25e-02	1.24e-01	4.73e-01	2.99e-01	5.69e-02	2.51e-03	1.13e-05	3.52e-07	0.00e+00	0.00e+00	0.00e+00	0.00e+00	0.00e+00
 5.02511e+22	8.74e-14	2.31e-03	4.75e-02	1.35e-01	4.80e-01	2.83e-01	5.08e-02	2.13e-03	9.28e-06	2.83e-07	0.00e+00	0.00e+00	0.00e+00	0.00e+00	0.00e+00
 5.05549e+22	1.16e-13	2.66e-03	5.27e-02	1.45e-01	4.84e-01	2.68e-01	4.54e-02	1.81e-03	7.64e-06	2.29e-07	0.00e+00	0.00e+00	0.00e+00	0.00e+00	0.00e+00
 5.09016e+22	1.77e-13	3.18e-03	6.01e-02	1.59e-01	4.89e-01	2.49e-01	3.90e-02	1.47e-03	5.93e-06	1.73e-07	0.00e+00	0.00e+00	0.00e+00	0.00e+00	0.00e+00
 5.12510e+22	2.37e-13	3.66e-03	6.65e-02	1.70e-01	4.90e-01	2.33e-01	3.46e-02	1.24e-03	4.86e-06	1.39e-07	0.00e+00	0.00e+00	0.00e+00	0.00e+00	0.00e+00
 5.16040e+22	3.66e-13	4.36e-03	7.53e-02	1.85e-01	4.90e-01	2.14e-01	2.95e-02	9.94e-04	3.74e-06	0.00e+00	0.00e+00	0.00e+00	0.00e+00	0.00e+00	0.00e+00
 5.19627e+22	5.52e-13	5.04e-03	8.33e-02	1.98e-01	4.88e-01	1.99e-01	2.57e-02	8.22e-04	3.00e-06	0.00e+00	0.00e+00	0.00e+00	0.00e+00	0.00e+00	0.00e+00
 5.22594e+22	7.75e-13	5.70e-03	9.07e-02	2.09e-01	4.85e-01	1.86e-01	2.27e-02	6.97e-04	2.47e-06	0.00e+00	0.00e+00	0.00e+00	0.00e+00	0.00e+00	0.00e+00
 5.25761e+22	1.19e-12	6.60e-03	1.00e-01	2.22e-01	4.80e-01	1.71e-01	1.95e-02	5.68e-04	1.95e-06	0.00e+00	0.00e+00	0.00e+00	0.00e+00	0.00e+00	0.00e+00
 5.29249e+22	1.93e-12	7.60e-03	1.10e-01	2.35e-01	4.73e-01	1.56e-01	1.67e-02	4.63e-04	1.54e-06	0.00e+00	0.00e+00	0.00e+00	0.00e+00	0.00e+00	0.00e+00
 5.32628e+22	3.82e-12	8.77e-03	1.21e-01	2.49e-01	4.65e-01	1.42e-01	1.42e-02	3.74e-04	1.20e-06	0.00e+00	0.00e+00	0.00e+00	0.00e+00	0.00e+00	0.00e+00
 5.35964e+22	7.02e-12	1.00e-02	1.32e-01	2.61e-01	4.55e-01	1.29e-01	1.21e-02	3.04e-04	9.49e-07	0.00e+00	0.00e+00	0.00e+00	0.00e+00	0.00e+00	0.00e+00
 5.39772e+22	1.88e-11	1.19e-02	1.47e-01	2.76e-01	4.41e-01	1.14e-01	9.84e-03	2.31e-04	6.95e-07	0.00e+00	0.00e+00	0.00e+00	0.00e+00	0.00e+00	0.00e+00
 5.43649e+22	4.32e-11	1.36e-02	1.60e-01	2.89e-01	4.27e-01	1.02e-01	8.21e-03	1.83e-04	5.33e-07	0.00e+00	0.00e+00	0.00e+00	0.00e+00	0.00e+00	0.00e+00
 5.47614e+22	1.85e-10	1.62e-02	1.78e-01	3.03e-01	4.08e-01	8.80e-02	6.50e-03	1.36e-04	3.80e-07	0.00e+00	0.00e+00	0.00e+00	0.00e+00	0.00e+00	0.00e+00
 5.51623e+22	3.41e-10	1.84e-02	1.92e-01	3.14e-01	3.92e-01	7.80e-02	5.37e-03	1.07e-04	2.89e-07	0.00e+00	0.00e+00	0.00e+00	0.00e+00	0.00e+00	0.00e+00
 5.55688e+22	7.66e-10	2.17e-02	2.11e-01	3.26e-01	3.71e-01	6.65e-02	4.19e-03	7.81e-05	2.04e-07	0.00e+00	0.00e+00	0.00e+00	0.00e+00	0.00e+00	0.00e+00
 5.59872e+22	1.59e-09	2.48e-02	2.27e-01	3.35e-01	3.52e-01	5.78e-02	3.37e-03	5.96e-05	1.51e-07	0.00e+00	0.00e+00	0.00e+00	0.00e+00	0.00e+00	0.00e+00
 5.63626e+22	2.90e-09	2.83e-02	2.43e-01	3.43e-01	3.33e-01	5.02e-02	2.72e-03	4.56e-05	0.00e+00	0.00e+00	0.00e+00	0.00e+00	0.00e+00	0.00e+00	0.00e+00
 5.66827e+22	6.04e-09	3.11e-02	2.55e-01	3.47e-01	3.19e-01	4.51e-02	2.31e-03	3.73e-05	0.00e+00	0.00e+00	0.00e+00	0.00e+00	0.00e+00	0.00e+00	0.00e+00
 5.69894e+22	1.28e-08	3.47e-02	2.70e-01	3.52e-01	3.02e-01	3.94e-02	1.89e-03	2.91e-05	0.00e+00	0.00e+00	0.00e+00	0.00e+00	0.00e+00	0.00e+00	0.00e+00
 5.73036e+22	2.30e-08	3.81e-02	2.83e-01	3.55e-01	2.87e-01	3.51e-02	1.59e-03	2.36e-05	0.00e+00	0.00e+00	0.00e+00	0.00e+00	0.00e+00	0.00e+00	0.00e+00
 5.75852e+22	4.22e-08	4.16e-02	2.95e-01	3.58e-01	2.73e-01	3.12e-02	1.34e-03	1.91e-05	0.00e+00	0.00e+00	0.00e+00	0.00e+00	0.00e+00	0.00e+00	0.00e+00
 5.79090e+22	8.64e-08	4.65e-02	3.10e-01	3.60e-01	2.55e-01	2.69e-02	1.07e-03	1.47e-05	0.00e+00	0.00e+00	0.00e+00	0.00e+00	0.00e+00	0.00e+00	0.00e+00
 5.82392e+22	1.70e-07	5.09e-02	3.23e-01	3.60e-01	2.41e-01	2.36e-02	8.91e-04	1.17e-05	0.00e+00	0.00e+00	0.00e+00	0.00e+00	0.00e+00	0.00e+00	0.00e+00
 5.85314e+22	2.92e-07	5.57e-02	3.36e-01	3.60e-01	2.27e-01	2.07e-02	7.37e-04	9.32e-06	0.00e+00	0.00e+00	0.00e+00	0.00e+00	0.00e+00	0.00e+00	0.00e+00
 5.88653e+22	5.03e-07	6.22e-02	3.51e-01	3.59e-01	2.09e-01	1.75e-02	5.78e-04	6.97e-06	0.00e+00	0.00e+00	0.00e+00	0.00e+00	0.00e+00	0.00e+00	0.00e+00
 5.92018e+22	6.46e-07	6.77e-02	3.63e-01	3.57e-01	1.96e-01	1.53e-02	4.76e-04	5.53e-06	0.00e+00	0.00e+00	0.00e+00	0.00e+00	0.00e+00	0.00e+00	0.00e+00
 5.95418e+22	8.63e-07	7.52e-02	3.78e-01	3.54e-01	1.81e-01	1.29e-02	3.73e-04	4.13e-06	0.00e+00	0.00e+00	0.00e+00	0.00e+00	0.00e+00	0.00e+00	0.00e+00
 5.98924e+22	1.11e-06	8.22e-02	3.90e-01	3.49e-01	1.67e-01	1.11e-02	3.00e-04	3.20e-06	0.00e+00	0.00e+00	0.00e+00	0.00e+00	0.00e+00	0.00e+00	0.00e+00
 6.02084e+22	1.39e-06	8.97e-02	4.01e-01	3.45e-01	1.55e-01	9.50e-03	2.42e-04	2.49e-06	0.00e+00	0.00e+00	0.00e+00	0.00e+00	0.00e+00	0.00e+00	0.00e+00
 6.05708e+22	1.82e-06	9.99e-02	4.14e-01	3.38e-01	1.40e-01	7.78e-03	1.84e-04	1.79e-06	0.00e+00	0.00e+00	0.00e+00	0.00e+00	0.00e+00	0.00e+00	0.00e+00
 6.09383e+22	2.22e-06	1.09e-01	4.24e-01	3.31e-01	1.29e-01	6.64e-03	1.47e-04	1.38e-06	0.00e+00	0.00e+00	0.00e+00	0.00e+00	0.00e+00	0.00e+00	0.00e+00
 6.13125e+22	2.82e-06	1.21e-01	4.36e-01	3.22e-01	1.16e-01	5.38e-03	1.10e-04	9.85e-07	0.00e+00	0.00e+00	0.00e+00	0.00e+00	0.00e+00	0.00e+00	0.00e+00
 6.16963e+22	3.41e-06	1.31e-01	4.44e-01	3.14e-01	1.06e-01	4.52e-03	8.66e-05	7.45e-07	0.00e+00	0.00e+00	0.00e+00	0.00e+00	0.00e+00	0.00e+00	0.00e+00
 6.20927e+22	4.27e-06	1.46e-01	4.54e-01	3.03e-01	9.37e-02	3.60e-03	6.35e-05	5.20e-07	0.00e+00	0.00e+00	0.00e+00	0.00e+00	0.00e+00	0.00e+00	0.00e+00
 6.24958e+22	5.12e-06	1.59e-01	4.60e-01	2.94e-01	8.48e-02	2.99e-03	4.93e-05	3.88e-07	0.00e+00	0.00e+00	0.00e+00	0.00e+00	0.00e+00	0.00e+00	0.00e+00
 6.29075e+22	6.35e-06	1.76e-01	4.67e-01	2.81e-01	7.43e-02	2.35e-03	3.56e-05	2.66e-07	0.00e+00	0.00e+00	0.00e+00	0.00e+00	0.00e+00	0.00e+00	0.00e+00
 6.33250e+22	7.52e-06	1.91e-01	4.71e-01	2.70e-01	6.67e-02	1.93e-03	2.74e-05	1.96e-07	0.00e+00	0.00e+00	0.00e+00	0.00e+00	0.00e+00	0.00e+00	0.00e+00
 6.37500e+22	9.14e-06	2.10e-01	4.74e-01	2.56e-01	5.80e-02	1.50e-03	1.97e-05	1.34e-07	0.00e+00	0.00e+00	0.00e+00	0.00e+00	0.00e+00	0.00e+00	0.00e+00
 6.41861e+22	1.08e-05	2.28e-01	4.75e-01	2.44e-01	5.14e-02	1.21e-03	1.48e-05	0.00e+00	0.00e+00	0.00e+00	0.00e+00	0.00e+00	0.00e+00	0.00e+00	0.00e+00
 6.46367e+22	1.33e-05	2.52e-01	4.74e-01	2.29e-01	4.38e-02	9.19e-04	1.03e-05	0.00e+00	0.00e+00	0.00e+00	0.00e+00	0.00e+00	0.00e+00	0.00e+00	0.00e+00
 6.50877e+22	1.55e-05	2.72e-01	4.71e-01	2.17e-01	3.87e-02	7.43e-04	7.79e-06	0.00e+00	0.00e+00	0.00e+00	0.00e+00	0.00e+00	0.00e+00	0.00e+00	0.00e+00
 6.55391e+22	1.86e-05	2.98e-01	4.66e-01	2.02e-01	3.29e-02	5.62e-04	5.42e-06	0.00e+00	0.00e+00	0.00e+00	0.00e+00	0.00e+00	0.00e+00	0.00e+00	0.00e+00
 6.60065e+22	2.18e-05	3.23e-01	4.59e-01	1.90e-01	2.85e-02	4.42e-04	3.98e-06	0.00e+00	0.00e+00	0.00e+00	0.00e+00	0.00e+00	0.00e+00	0.00e+00	0.00e+00
 6.64949e+22	2.62e-05	3.53e-01	4.49e-01	1.74e-01	2.36e-02	3.25e-04	2.68e-06	0.00e+00	0.00e+00	0.00e+00	0.00e+00	0.00e+00	0.00e+00	0.00e+00	0.00e+00
 6.69944e+22	3.05e-05	3.79e-01	4.38e-01	1.62e-01	2.03e-02	2.54e-04	1.95e-06	0.00e+00	0.00e+00	0.00e+00	0.00e+00	0.00e+00	0.00e+00	0.00e+00	0.00e+00
 6.75082e+22	3.68e-05	4.15e-01	4.22e-01	1.46e-01	1.64e-02	1.82e-04	1.28e-06	0.00e+00	0.00e+00	0.00e+00	0.00e+00	0.00e+00	0.00e+00	0.00e+00	0.00e+00
 6.80351e+22	4.26e-05	4.45e-01	4.07e-01	1.35e-01	1.39e-02	1.40e-04	9.13e-07	0.00e+00	0.00e+00	0.00e+00	0.00e+00	0.00e+00	0.00e+00	0.00e+00	0.00e+00
 6.85789e+22	5.14e-05	4.84e-01	3.85e-01	1.20e-01	1.10e-02	9.80e-05	5.79e-07	0.00e+00	0.00e+00	0.00e+00	0.00e+00	0.00e+00	0.00e+00	0.00e+00	0.00e+00
 6.91421e+22	5.97e-05	5.18e-01	3.65e-01	1.09e-01	9.01e-03	7.35e-05	4.00e-07	0.00e+00	0.00e+00	0.00e+00	0.00e+00	0.00e+00	0.00e+00	0.00e+00	0.00e+00
 6.97306e+22	7.20e-05	5.61e-01	3.37e-01	9.46e-02	6.88e-03	5.00e-05	2.43e-07	0.00e+00	0.00e+00	0.00e+00	0.00e+00	0.00e+00	0.00e+00	0.00e+00	0.00e+00
 7.03450e+22	8.40e-05	5.99e-01	3.12e-01	8.40e-02	5.45e-03	3.63e-05	1.60e-07	0.00e+00	0.00e+00	0.00e+00	0.00e+00	0.00e+00	0.00e+00	0.00e+00	0.00e+00
 7.09071e+22	9.75e-05	6.36e-01	2.86e-01	7.41e-02	4.27e-03	2.63e-05	0.00e+00	0.00e+00	0.00e+00	0.00e+00	0.00e+00	0.00e+00	0.00e+00	0.00e+00	0.00e+00
 7.13910e+22	1.08e-04	6.63e-01	2.66e-01	6.75e-02	3.56e-03	2.09e-05	0.00e+00	0.00e+00	0.00e+00	0.00e+00	0.00e+00	0.00e+00	0.00e+00	0.00e+00	0.00e+00
 7.18593e+22	1.23e-04	6.95e-01	2.42e-01	5.97e-02	2.80e-03	1.55e-05	0.00e+00	0.00e+00	0.00e+00	0.00e+00	0.00e+00	0.00e+00	0.00e+00	0.00e+00	0.00e+00
 7.23442e+22	1.38e-04	7.24e-01	2.20e-01	5.34e-02	2.25e-03	1.19e-05	0.00e+00	0.00e+00	0.00e+00	0.00e+00	0.00e+00	0.00e+00	0.00e+00	0.00e+00	0.00e+00
 7.28507e+22	1.58e-04	7.58e-01	1.94e-01	4.61e-02	1.68e-03	8.57e-06	0.00e+00	0.00e+00	0.00e+00	0.00e+00	0.00e+00	0.00e+00	0.00e+00	0.00e+00	0.00e+00
 7.33678e+22	1.75e-04	7.86e-01	1.72e-01	4.06e-02	1.31e-03	6.54e-06	0.00e+00	0.00e+00	0.00e+00	0.00e+00	0.00e+00	0.00e+00	0.00e+00	0.00e+00	0.00e+00
 7.38988e+22	2.00e-04	8.18e-01	1.46e-01	3.43e-02	9.40e-04	4.62e-06	0.00e+00	0.00e+00	0.00e+00	0.00e+00	0.00e+00	0.00e+00	0.00e+00	0.00e+00	0.00e+00
 7.43870e+22	2.17e-04	8.40e-01	1.28e-01	3.04e-02	7.37e-04	3.64e-06	0.00e+00	0.00e+00	0.00e+00	0.00e+00	0.00e+00	0.00e+00	0.00e+00	0.00e+00	0.00e+00
 7.47489e+22	2.33e-04	8.57e-01	1.15e-01	2.72e-02	5.93e-04	2.95e-06	0.00e+00	0.00e+00	0.00e+00	0.00e+00	0.00e+00	0.00e+00	0.00e+00	0.00e+00	0.00e+00
 7.51482e+22	2.52e-04	8.76e-01	9.93e-02	2.35e-02	4.48e-04	2.27e-06	0.00e+00	0.00e+00	0.00e+00	0.00e+00	0.00e+00	0.00e+00	0.00e+00	0.00e+00	0.00e+00
 7.55782e+22	2.72e-04	8.95e-01	8.44e-02	2.02e-02	3.34e-04	1.74e-06	0.00e+00	0.00e+00	0.00e+00	0.00e+00	0.00e+00	0.00e+00	0.00e+00	0.00e+00	0.00e+00
 7.59733e+22	2.88e-04	9.10e-01	7.25e-02	1.73e-02	2.52e-04	1.35e-06	0.00e+00	0.00e+00	0.00e+00	0.00e+00	0.00e+00	0.00e+00	0.00e+00	0.00e+00	0.00e+00
 7.63457e+22	3.03e-04	9.23e-01	6.21e-02	1.48e-02	1.89e-04	1.05e-06	0.00e+00	0.00e+00	0.00e+00	0.00e+00	0.00e+00	0.00e+00	0.00e+00	0.00e+00	0.00e+00
 7.66956e+22	3.14e-04	9.34e-01	5.32e-02	1.25e-02	1.41e-04	8.14e-07	0.00e+00	0.00e+00	0.00e+00	0.00e+00	0.00e+00	0.00e+00	0.00e+00	0.00e+00	0.00e+00
 7.70175e+22	3.22e-04	9.43e-01	4.57e-02	1.06e-02	1.07e-04	6.37e-07	0.00e+00	0.00e+00	0.00e+00	0.00e+00	0.00e+00	0.00e+00	0.00e+00	0.00e+00	0.00e+00
 7.73111e+22	3.27e-04	9.51e-01	3.92e-02	8.90e-03	8.10e-05	5.02e-07	0.00e+00	0.00e+00	0.00e+00	0.00e+00	0.00e+00	0.00e+00	0.00e+00	0.00e+00	0.00e+00
 7.75782e+22	3.29e-04	9.58e-01	3.37e-02	7.51e-03	6.21e-05	3.99e-07	0.00e+00	0.00e+00	0.00e+00	0.00e+00	0.00e+00	0.00e+00	0.00e+00	0.00e+00	0.00e+00
 7.78213e+22	3.28e-04	9.64e-01	2.88e-02	6.34e-03	4.81e-05	3.20e-07	0.00e+00	0.00e+00	0.00e+00	0.00e+00	0.00e+00	0.00e+00	0.00e+00	0.00e+00	0.00e+00
 7.80428e+22	3.23e-04	9.70e-01	2.46e-02	5.37e-03	3.78e-05	2.59e-07	0.00e+00	0.00e+00	0.00e+00	0.00e+00	0.00e+00	0.00e+00	0.00e+00	0.00e+00	0.00e+00
 7.81811e+22	3.16e-04	9.72e-01	2.25e-02	4.90e-03	3.31e-05	2.31e-07	0.00e+00	0.00e+00	0.00e+00	0.00e+00	0.00e+00	0.00e+00	0.00e+00	0.00e+00	0.00e+00
 7.82313e+22	3.14e-04	9.73e-01	2.17e-02	4.72e-03	3.15e-05	2.21e-07	0.00e+00	0.00e+00	0.00e+00	0.00e+00	0.00e+00	0.00e+00	0.00e+00	0.00e+00	0.00e+00
 7.82709e+22	3.13e-04	9.74e-01	2.09e-02	4.57e-03	3.00e-05	2.12e-07	0.00e+00	0.00e+00	0.00e+00	0.00e+00	0.00e+00	0.00e+00	0.00e+00	0.00e+00	0.00e+00
 7.83221e+22	3.11e-04	9.75e-01	2.01e-02	4.38e-03	2.83e-05	2.02e-07	0.00e+00	0.00e+00	0.00e+00	0.00e+00	0.00e+00	0.00e+00	0.00e+00	0.00e+00	0.00e+00
 7.83835e+22	3.09e-04	9.77e-01	1.89e-02	4.16e-03	2.64e-05	1.90e-07	0.00e+00	0.00e+00	0.00e+00	0.00e+00	0.00e+00	0.00e+00	0.00e+00	0.00e+00	0.00e+00
 7.84457e+22	3.06e-04	9.78e-01	1.78e-02	3.95e-03	2.46e-05	1.79e-07	0.00e+00	0.00e+00	0.00e+00	0.00e+00	0.00e+00	0.00e+00	0.00e+00	0.00e+00	0.00e+00
 7.85030e+22	3.02e-04	9.79e-01	1.69e-02	3.78e-03	2.32e-05	1.69e-07	0.00e+00	0.00e+00	0.00e+00	0.00e+00	0.00e+00	0.00e+00	0.00e+00	0.00e+00	0.00e+00
 7.85610e+22	3.00e-04	9.80e-01	1.59e-02	3.60e-03	2.17e-05	1.60e-07	0.00e+00	0.00e+00	0.00e+00	0.00e+00	0.00e+00	0.00e+00	0.00e+00	0.00e+00	0.00e+00
 7.86206e+22	2.96e-04	9.81e-01	1.51e-02	3.43e-03	2.04e-05	1.51e-07	0.00e+00	0.00e+00	0.00e+00	0.00e+00	0.00e+00	0.00e+00	0.00e+00	0.00e+00	0.00e+00
 7.86812e+22	2.92e-04	9.82e-01	1.41e-02	3.26e-03	1.91e-05	1.43e-07	0.00e+00	0.00e+00	0.00e+00	0.00e+00	0.00e+00	0.00e+00	0.00e+00	0.00e+00	0.00e+00
 7.87432e+22	2.88e-04	9.83e-01	1.32e-02	3.10e-03	1.79e-05	1.35e-07	0.00e+00	0.00e+00	0.00e+00	0.00e+00	0.00e+00	0.00e+00	0.00e+00	0.00e+00	0.00e+00
 7.88040e+22	2.83e-04	9.84e-01	1.24e-02	2.95e-03	1.68e-05	1.28e-07	0.00e+00	0.00e+00	0.00e+00	0.00e+00	0.00e+00	0.00e+00	0.00e+00	0.00e+00	0.00e+00
 7.88655e+22	2.79e-04	9.85e-01	1.16e-02	2.81e-03	1.58e-05	0.00e+00	0.00e+00	0.00e+00	0.00e+00	0.00e+00	0.00e+00	0.00e+00	0.00e+00	0.00e+00	0.00e+00
 7.89297e+22	2.73e-04	9.86e-01	1.08e-02	2.67e-03	1.48e-05	0.00e+00	0.00e+00	0.00e+00	0.00e+00	0.00e+00	0.00e+00	0.00e+00	0.00e+00	0.00e+00	0.00e+00
 7.89960e+22	2.68e-04	9.87e-01	1.00e-02	2.54e-03	1.39e-05	0.00e+00	0.00e+00	0.00e+00	0.00e+00	0.00e+00	0.00e+00	0.00e+00	0.00e+00	0.00e+00	0.00e+00
 7.90639e+22	2.62e-04	9.88e-01	9.23e-03	2.41e-03	1.30e-05	0.00e+00	0.00e+00	0.00e+00	0.00e+00	0.00e+00	0.00e+00	0.00e+00	0.00e+00	0.00e+00	0.00e+00
 7.91336e+22	2.55e-04	9.89e-01	8.49e-03	2.29e-03	1.22e-05	0.00e+00	0.00e+00	0.00e+00	0.00e+00	0.00e+00	0.00e+00	0.00e+00	0.00e+00	0.00e+00	0.00e+00
 7.92055e+22	2.49e-04	9.90e-01	7.79e-03	2.17e-03	1.15e-05	0.00e+00	0.00e+00	0.00e+00	0.00e+00	0.00e+00	0.00e+00	0.00e+00	0.00e+00	0.00e+00	0.00e+00
 7.92796e+22	2.41e-04	9.91e-01	7.13e-03	2.06e-03	1.08e-05	0.00e+00	0.00e+00	0.00e+00	0.00e+00	0.00e+00	0.00e+00	0.00e+00	0.00e+00	0.00e+00	0.00e+00
 7.93532e+22	2.34e-04	9.91e-01	6.53e-03	1.96e-03	1.02e-05	0.00e+00	0.00e+00	0.00e+00	0.00e+00	0.00e+00	0.00e+00	0.00e+00	0.00e+00	0.00e+00	0.00e+00
 7.94110e+22	2.28e-04	9.92e-01	6.16e-03	1.90e-03	9.78e-06	0.00e+00	0.00e+00	0.00e+00	0.00e+00	0.00e+00	0.00e+00	0.00e+00	0.00e+00	0.00e+00	0.00e+00
 7.94505e+22	2.24e-04	9.92e-01	5.88e-03	1.85e-03	9.52e-06	0.00e+00	0.00e+00	0.00e+00	0.00e+00	0.00e+00	0.00e+00	0.00e+00	0.00e+00	0.00e+00	0.00e+00
 7.94888e+22	2.21e-04	9.92e-01	5.61e-03	1.81e-03	9.26e-06	0.00e+00	0.00e+00	0.00e+00	0.00e+00	0.00e+00	0.00e+00	0.00e+00	0.00e+00	0.00e+00	0.00e+00
 7.95331e+22	2.17e-04	9.93e-01	5.31e-03	1.76e-03	8.97e-06	0.00e+00	0.00e+00	0.00e+00	0.00e+00	0.00e+00	0.00e+00	0.00e+00	0.00e+00	0.00e+00	0.00e+00
 7.95813e+22	2.13e-04	9.93e-01	4.98e-03	1.71e-03	8.68e-06	0.00e+00	0.00e+00	0.00e+00	0.00e+00	0.00e+00	0.00e+00	0.00e+00	0.00e+00	0.00e+00	0.00e+00
 7.96280e+22	2.08e-04	9.93e-01	4.77e-03	1.67e-03	8.44e-06	0.00e+00	0.00e+00	0.00e+00	0.00e+00	0.00e+00	0.00e+00	0.00e+00	0.00e+00	0.00e+00	0.00e+00
 7.96743e+22	2.04e-04	9.94e-01	4.49e-03	1.62e-03	8.20e-06	0.00e+00	0.00e+00	0.00e+00	0.00e+00	0.00e+00	0.00e+00	0.00e+00	0.00e+00	0.00e+00	0.00e+00
 7.97223e+22	2.00e-04	9.94e-01	4.24e-03	1.58e-03	7.97e-06	0.00e+00	0.00e+00	0.00e+00	0.00e+00	0.00e+00	0.00e+00	0.00e+00	0.00e+00	0.00e+00	0.00e+00
 7.97706e+22	1.96e-04	9.94e-01	4.01e-03	1.54e-03	7.76e-06	0.00e+00	0.00e+00	0.00e+00	0.00e+00	0.00e+00	0.00e+00	0.00e+00	0.00e+00	0.00e+00	0.00e+00
 7.98195e+22	1.93e-04	9.95e-01	3.76e-03	1.50e-03	7.55e-06	0.00e+00	0.00e+00	0.00e+00	0.00e+00	0.00e+00	0.00e+00	0.00e+00	0.00e+00	0.00e+00	0.00e+00
 7.98685e+22	1.88e-04	9.95e-01	3.58e-03	1.47e-03	7.36e-06	0.00e+00	0.00e+00	0.00e+00	0.00e+00	0.00e+00	0.00e+00	0.00e+00	0.00e+00	0.00e+00	0.00e+00
 7.99191e+22	1.85e-04	9.95e-01	3.36e-03	1.43e-03	7.17e-06	0.00e+00	0.00e+00	0.00e+00	0.00e+00	0.00e+00	0.00e+00	0.00e+00	0.00e+00	0.00e+00	0.00e+00
 7.99720e+22	1.81e-04	9.95e-01	3.16e-03	1.40e-03	6.99e-06	0.00e+00	0.00e+00	0.00e+00	0.00e+00	0.00e+00	0.00e+00	0.00e+00	0.00e+00	0.00e+00	0.00e+00
 8.00247e+22	1.77e-04	9.95e-01	2.97e-03	1.37e-03	6.82e-06	0.00e+00	0.00e+00	0.00e+00	0.00e+00	0.00e+00	0.00e+00	0.00e+00	0.00e+00	0.00e+00	0.00e+00
 8.00780e+22	1.74e-04	9.96e-01	2.80e-03	1.33e-03	6.66e-06	0.00e+00	0.00e+00	0.00e+00	0.00e+00	0.00e+00	0.00e+00	0.00e+00	0.00e+00	0.00e+00	0.00e+00
 8.01334e+22	1.70e-04	9.96e-01	2.63e-03	1.30e-03	6.51e-06	0.00e+00	0.00e+00	0.00e+00	0.00e+00	0.00e+00	0.00e+00	0.00e+00	0.00e+00	0.00e+00	0.00e+00
 8.01908e+22	1.67e-04	9.96e-01	2.46e-03	1.27e-03	6.35e-06	0.00e+00	0.00e+00	0.00e+00	0.00e+00	0.00e+00	0.00e+00	0.00e+00	0.00e+00	0.00e+00	0.00e+00
 8.02490e+22	1.63e-04	9.96e-01	2.30e-03	1.24e-03	6.21e-06	0.00e+00	0.00e+00	0.00e+00	0.00e+00	0.00e+00	0.00e+00	0.00e+00	0.00e+00	0.00e+00	0.00e+00
 8.03082e+22	1.60e-04	9.96e-01	2.16e-03	1.21e-03	6.08e-06	0.00e+00	0.00e+00	0.00e+00	0.00e+00	0.00e+00	0.00e+00	0.00e+00	0.00e+00	0.00e+00	0.00e+00
 8.03695e+22	1.57e-04	9.97e-01	2.02e-03	1.19e-03	5.94e-06	0.00e+00	0.00e+00	0.00e+00	0.00e+00	0.00e+00	0.00e+00	0.00e+00	0.00e+00	0.00e+00	0.00e+00
 8.04329e+22	1.54e-04	9.97e-01	1.88e-03	1.16e-03	5.81e-06	0.00e+00	0.00e+00	0.00e+00	0.00e+00	0.00e+00	0.00e+00	0.00e+00	0.00e+00	0.00e+00	0.00e+00
 8.04976e+22	1.51e-04	9.97e-01	1.74e-03	1.13e-03	5.69e-06	0.00e+00	0.00e+00	0.00e+00	0.00e+00	0.00e+00	0.00e+00	0.00e+00	0.00e+00	0.00e+00	0.00e+00
 8.05637e+22	1.48e-04	9.97e-01	1.62e-03	1.11e-03	5.57e-06	0.00e+00	0.00e+00	0.00e+00	0.00e+00	0.00e+00	0.00e+00	0.00e+00	0.00e+00	0.00e+00	0.00e+00
 8.06318e+22	1.45e-04	9.97e-01	1.50e-03	1.08e-03	5.46e-06	0.00e+00	0.00e+00	0.00e+00	0.00e+00	0.00e+00	0.00e+00	0.00e+00	0.00e+00	0.00e+00	0.00e+00
 8.07023e+22	1.42e-04	9.97e-01	1.38e-03	1.06e-03	5.35e-06	0.00e+00	0.00e+00	0.00e+00	0.00e+00	0.00e+00	0.00e+00	0.00e+00	0.00e+00	0.00e+00	0.00e+00
 8.07748e+22	1.40e-04	9.98e-01	1.27e-03	1.03e-03	5.24e-06	0.00e+00	0.00e+00	0.00e+00	0.00e+00	0.00e+00	0.00e+00	0.00e+00	0.00e+00	0.00e+00	0.00e+00
 8.08490e+22	1.37e-04	9.98e-01	1.17e-03	1.01e-03	5.13e-06	0.00e+00	0.00e+00	0.00e+00	0.00e+00	0.00e+00	0.00e+00	0.00e+00	0.00e+00	0.00e+00	0.00e+00
 8.09252e+22	1.35e-04	9.98e-01	1.07e-03	9.86e-04	5.03e-06	0.00e+00	0.00e+00	0.00e+00	0.00e+00	0.00e+00	0.00e+00	0.00e+00	0.00e+00	0.00e+00	0.00e+00
