#depth	Si	Si+	Si+2	Si+3	Si+4	Si+5	Si+6	Si+7	Si+8	Si+9	Si+10	Si+11	Si+12	Si+13	Si+14
 1.54284e+22	2.45e-32	1.57e-20	6.47e-17	4.63e-14	2.31e-10	8.36e-08	8.06e-06	2.24e-04	2.79e-03	1.36e-02	3.13e-02	7.28e-02	4.52e-01	3.46e-01	8.09e-02
 3.46517e+22	2.56e-30	6.66e-19	1.47e-15	5.26e-13	3.29e-09	1.13e-06	9.16e-05	1.88e-03	1.65e-02	5.46e-02	8.06e-02	1.17e-01	4.71e-01	2.25e-01	3.33e-02
 4.01792e+22	1.29e-29	2.48e-18	4.39e-15	1.22e-12	8.20e-09	2.76e-06	2.10e-04	3.87e-03	2.95e-02	8.42e-02	1.06e-01	1.30e-01	4.46e-01	1.78e-01	2.20e-02
 4.27781e+22	2.73e-29	4.56e-18	7.28e-15	1.81e-12	1.24e-08	4.12e-06	3.05e-04	5.33e-03	3.80e-02	1.01e-01	1.18e-01	1.34e-01	4.28e-01	1.57e-01	1.78e-02
 4.38767e+22	3.33e-29	5.37e-18	8.34e-15	2.01e-12	1.38e-08	4.58e-06	3.36e-04	5.80e-03	4.05e-02	1.06e-01	1.22e-01	1.35e-01	4.22e-01	1.51e-01	1.68e-02
 4.44111e+22	4.26e-29	6.56e-18	9.86e-15	2.29e-12	1.58e-08	5.21e-06	3.79e-04	6.43e-03	4.39e-02	1.12e-01	1.26e-01	1.36e-01	4.15e-01	1.44e-01	1.56e-02
 4.51058e+22	5.84e-29	8.47e-18	1.22e-14	2.70e-12	1.87e-08	6.13e-06	4.40e-04	7.32e-03	4.85e-02	1.21e-01	1.31e-01	1.37e-01	4.05e-01	1.36e-01	1.41e-02
 4.57993e+22	7.45e-29	1.03e-17	1.44e-14	3.06e-12	2.12e-08	6.95e-06	4.94e-04	8.09e-03	5.24e-02	1.27e-01	1.35e-01	1.38e-01	3.97e-01	1.29e-01	1.30e-02
 4.64913e+22	3.44e-29	1.32e-17	1.77e-14	3.60e-12	2.49e-08	8.11e-06	5.70e-04	9.14e-03	5.75e-02	1.36e-01	1.39e-01	1.38e-01	3.86e-01	1.21e-01	1.18e-02
 4.71977e+22	4.35e-29	1.61e-17	2.09e-14	4.10e-12	2.83e-08	9.16e-06	6.37e-04	1.00e-02	6.18e-02	1.43e-01	1.43e-01	1.39e-01	3.78e-01	1.15e-01	1.09e-02
 4.79229e+22	5.91e-29	2.07e-17	2.58e-14	4.83e-12	3.33e-08	1.07e-05	7.34e-04	1.13e-02	6.77e-02	1.52e-01	1.47e-01	1.39e-01	3.65e-01	1.07e-01	9.82e-03
 4.86269e+22	7.28e-29	2.47e-17	3.00e-14	5.45e-12	3.73e-08	1.19e-05	8.09e-04	1.23e-02	7.19e-02	1.58e-01	1.50e-01	1.38e-01	3.57e-01	1.02e-01	9.14e-03
 4.93035e+22	9.66e-29	3.12e-17	3.64e-14	6.33e-12	4.30e-08	1.37e-05	9.20e-04	1.37e-02	7.81e-02	1.67e-01	1.54e-01	1.38e-01	3.45e-01	9.56e-02	8.24e-03
 4.99913e+22	1.19e-28	3.73e-17	4.24e-14	7.15e-12	4.82e-08	1.52e-05	1.01e-03	1.49e-02	8.28e-02	1.73e-01	1.56e-01	1.37e-01	3.36e-01	9.08e-02	7.64e-03
 5.06939e+22	1.57e-28	4.70e-17	5.16e-14	8.33e-12	5.57e-08	1.75e-05	1.15e-03	1.65e-02	8.94e-02	1.82e-01	1.59e-01	1.36e-01	3.24e-01	8.46e-02	6.87e-03
 5.14185e+22	1.98e-28	5.69e-17	6.07e-14	9.47e-12	6.27e-08	1.95e-05	1.27e-03	1.80e-02	9.50e-02	1.89e-01	1.61e-01	1.35e-01	3.14e-01	7.97e-02	6.30e-03
 5.21716e+22	2.62e-28	7.22e-17	7.43e-14	1.11e-11	7.26e-08	2.24e-05	1.43e-03	1.99e-02	1.02e-01	1.98e-01	1.64e-01	1.33e-01	3.01e-01	7.38e-02	5.64e-03
 5.29494e+22	3.34e-28	8.84e-17	8.82e-14	1.28e-11	8.21e-08	2.51e-05	1.59e-03	2.17e-02	1.09e-01	2.06e-01	1.66e-01	1.32e-01	2.91e-01	6.91e-02	5.12e-03
 5.37592e+22	4.49e-28	1.13e-16	1.09e-13	1.51e-11	9.56e-08	2.90e-05	1.80e-03	2.41e-02	1.17e-01	2.15e-01	1.68e-01	1.29e-01	2.77e-01	6.35e-02	4.54e-03
 5.45912e+22	5.76e-28	1.40e-16	1.31e-13	1.74e-11	1.08e-07	3.26e-05	2.00e-03	2.63e-02	1.24e-01	2.22e-01	1.69e-01	1.27e-01	2.66e-01	5.90e-02	4.09e-03
 5.54519e+22	7.84e-28	1.81e-16	1.63e-13	2.08e-11	1.27e-07	3.76e-05	2.27e-03	2.91e-02	1.33e-01	2.31e-01	1.70e-01	1.24e-01	2.52e-01	5.38e-02	3.59e-03
 5.63411e+22	1.02e-27	2.25e-16	1.97e-13	2.42e-11	1.45e-07	4.24e-05	2.52e-03	3.18e-02	1.41e-01	2.39e-01	1.71e-01	1.22e-01	2.40e-01	4.97e-02	3.21e-03
 5.72674e+22	1.41e-27	2.95e-16	2.48e-13	2.92e-11	1.70e-07	4.91e-05	2.87e-03	3.53e-02	1.52e-01	2.48e-01	1.71e-01	1.18e-01	2.25e-01	4.48e-02	2.79e-03
 5.82197e+22	1.84e-27	3.70e-16	3.02e-13	3.42e-11	1.94e-07	5.55e-05	3.20e-03	3.84e-02	1.60e-01	2.55e-01	1.71e-01	1.15e-01	2.13e-01	4.10e-02	2.46e-03
 5.90746e+22	2.39e-27	4.59e-16	3.65e-13	3.98e-11	2.22e-07	6.24e-05	3.53e-03	4.16e-02	1.69e-01	2.61e-01	1.71e-01	1.12e-01	2.02e-01	3.77e-02	2.19e-03
 6.00545e+22	3.36e-27	6.10e-16	4.65e-13	4.83e-11	2.61e-07	7.24e-05	4.02e-03	4.62e-02	1.81e-01	2.69e-01	1.69e-01	1.08e-01	1.88e-01	3.35e-02	1.86e-03
 6.10430e+22	4.35e-27	7.58e-16	5.62e-13	5.63e-11	2.96e-07	8.12e-05	4.44e-03	4.99e-02	1.89e-01	2.75e-01	1.68e-01	1.04e-01	1.77e-01	3.06e-02	1.65e-03
 6.20425e+22	6.08e-27	1.00e-15	7.15e-13	6.82e-11	3.48e-07	9.38e-05	5.02e-03	5.50e-02	2.01e-01	2.81e-01	1.66e-01	9.96e-02	1.64e-01	2.70e-02	1.40e-03
 6.30631e+22	7.98e-27	1.26e-15	8.70e-13	7.98e-11	3.95e-07	1.05e-04	5.55e-03	5.94e-02	2.11e-01	2.86e-01	1.64e-01	9.57e-02	1.53e-01	2.44e-02	1.22e-03
 6.41112e+22	1.13e-26	1.68e-15	1.11e-12	9.71e-11	4.64e-07	1.22e-04	6.27e-03	6.54e-02	2.23e-01	2.92e-01	1.60e-01	9.08e-02	1.40e-01	2.13e-02	1.02e-03
 6.51763e+22	1.49e-26	2.12e-15	1.36e-12	1.14e-10	5.28e-07	1.36e-04	6.92e-03	7.06e-02	2.33e-01	2.95e-01	1.57e-01	8.68e-02	1.30e-01	1.91e-02	8.78e-04
 6.62636e+22	2.12e-26	2.86e-15	1.75e-12	1.39e-10	6.18e-07	1.57e-04	7.82e-03	7.76e-02	2.46e-01	2.99e-01	1.53e-01	8.16e-02	1.18e-01	1.65e-02	7.22e-04
 6.73559e+22	2.78e-26	3.60e-15	2.13e-12	1.62e-10	7.00e-07	1.75e-04	8.58e-03	8.34e-02	2.55e-01	3.02e-01	1.49e-01	7.77e-02	1.09e-01	1.47e-02	6.20e-04
 6.82603e+22	3.53e-26	4.42e-15	2.54e-12	1.86e-10	7.79e-07	1.93e-04	9.31e-03	8.87e-02	2.64e-01	3.03e-01	1.46e-01	7.42e-02	1.01e-01	1.32e-02	5.38e-04
 6.92412e+22	4.84e-26	5.78e-15	3.17e-12	2.21e-10	8.90e-07	2.18e-04	1.03e-02	9.61e-02	2.75e-01	3.04e-01	1.41e-01	6.96e-02	9.14e-02	1.14e-02	4.46e-04
 7.02220e+22	6.13e-26	7.08e-15	3.77e-12	2.53e-10	9.87e-07	2.39e-04	1.12e-02	1.02e-01	2.83e-01	3.05e-01	1.37e-01	6.63e-02	8.47e-02	1.02e-02	3.87e-04
 7.12023e+22	8.34e-26	9.25e-15	4.70e-12	2.99e-10	1.12e-06	2.68e-04	1.23e-02	1.10e-01	2.94e-01	3.04e-01	1.32e-01	6.19e-02	7.63e-02	8.79e-03	3.18e-04
 7.21948e+22	1.06e-25	1.14e-14	5.59e-12	3.42e-10	1.24e-06	2.93e-04	1.33e-02	1.17e-01	3.01e-01	3.04e-01	1.28e-01	5.86e-02	7.02e-02	7.81e-03	2.73e-04
 7.32032e+22	1.45e-25	1.50e-14	7.01e-12	4.06e-10	1.41e-06	3.28e-04	1.47e-02	1.26e-01	3.12e-01	3.02e-01	1.22e-01	5.44e-02	6.27e-02	6.65e-03	2.21e-04
 7.42242e+22	1.85e-25	1.86e-14	8.38e-12	4.66e-10	1.56e-06	3.59e-04	1.58e-02	1.33e-01	3.19e-01	3.00e-01	1.17e-01	5.12e-02	5.73e-02	5.86e-03	1.88e-04
 7.52615e+22	2.53e-25	2.47e-14	1.06e-11	5.55e-10	1.77e-06	4.02e-04	1.75e-02	1.43e-01	3.28e-01	2.96e-01	1.11e-01	4.72e-02	5.07e-02	4.93e-03	1.51e-04
 7.63190e+22	3.26e-25	3.10e-14	1.27e-11	6.39e-10	1.96e-06	4.40e-04	1.88e-02	1.52e-01	3.36e-01	2.93e-01	1.06e-01	4.41e-02	4.59e-02	4.28e-03	1.26e-04
 7.74025e+22	4.49e-25	4.18e-14	1.62e-11	7.66e-10	2.22e-06	4.93e-04	2.08e-02	1.64e-01	3.44e-01	2.87e-01	9.99e-02	4.02e-02	4.01e-02	3.55e-03	9.90e-05
 7.85081e+22	5.84e-25	5.32e-14	1.97e-11	8.88e-10	2.47e-06	5.40e-04	2.25e-02	1.73e-01	3.51e-01	2.82e-01	9.47e-02	3.73e-02	3.59e-02	3.04e-03	8.13e-05
 7.96423e+22	8.12e-25	7.29e-14	2.53e-11	1.08e-09	2.82e-06	6.07e-04	2.48e-02	1.87e-01	3.58e-01	2.75e-01	8.80e-02	3.37e-02	3.09e-02	2.48e-03	6.26e-05
 8.07870e+22	1.06e-24	9.37e-14	3.10e-11	1.25e-09	3.13e-06	6.66e-04	2.68e-02	1.98e-01	3.63e-01	2.68e-01	8.28e-02	3.10e-02	2.74e-02	2.10e-03	5.08e-05
 8.17466e+22	1.34e-24	1.18e-13	3.72e-11	1.44e-09	3.45e-06	7.23e-04	2.87e-02	2.08e-01	3.67e-01	2.62e-01	7.82e-02	2.88e-02	2.46e-02	1.81e-03	4.19e-05
 8.27874e+22	1.79e-24	1.58e-13	4.71e-11	1.72e-09	3.90e-06	8.04e-04	3.13e-02	2.22e-01	3.72e-01	2.53e-01	7.23e-02	2.60e-02	2.12e-02	1.48e-03	3.26e-05
 8.38394e+22	2.29e-24	2.01e-13	5.71e-11	2.00e-09	4.32e-06	8.76e-04	3.35e-02	2.33e-01	3.75e-01	2.46e-01	6.78e-02	2.39e-02	1.88e-02	1.26e-03	2.66e-05
 8.48658e+22	3.01e-24	2.68e-13	7.19e-11	2.39e-09	4.88e-06	9.70e-04	3.64e-02	2.47e-01	3.77e-01	2.36e-01	6.25e-02	2.16e-02	1.63e-02	1.03e-03	2.07e-05
 8.59134e+22	3.87e-24	3.46e-13	8.81e-11	2.80e-09	5.45e-06	1.06e-03	3.91e-02	2.60e-01	3.79e-01	2.28e-01	5.80e-02	1.98e-02	1.43e-02	8.67e-04	1.66e-05
 8.69408e+22	5.00e-24	4.60e-13	1.11e-10	3.34e-09	6.17e-06	1.17e-03	4.23e-02	2.75e-01	3.80e-01	2.18e-01	5.32e-02	1.78e-02	1.23e-02	7.12e-04	1.30e-05
 8.79898e+22	6.42e-24	6.03e-13	1.37e-10	3.97e-09	6.96e-06	1.29e-03	4.56e-02	2.89e-01	3.79e-01	2.09e-01	4.89e-02	1.61e-02	1.07e-02	5.89e-04	1.03e-05
 8.90271e+22	8.27e-24	7.99e-13	1.72e-10	4.75e-09	7.90e-06	1.43e-03	4.91e-02	3.04e-01	3.78e-01	1.98e-01	4.47e-02	1.45e-02	9.22e-03	4.83e-04	8.00e-06
 9.00702e+22	1.06e-23	1.06e-12	2.16e-10	5.69e-09	8.98e-06	1.58e-03	5.29e-02	3.19e-01	3.76e-01	1.89e-01	4.08e-02	1.31e-02	7.94e-03	3.96e-04	6.26e-06
 9.11013e+22	1.36e-23	1.39e-12	2.70e-10	6.83e-09	1.02e-05	1.74e-03	5.69e-02	3.34e-01	3.73e-01	1.79e-01	3.71e-02	1.17e-02	6.83e-03	3.24e-04	4.89e-06
 9.21308e+22	1.75e-23	1.84e-12	3.39e-10	8.22e-09	1.17e-05	1.93e-03	6.12e-02	3.49e-01	3.69e-01	1.69e-01	3.37e-02	1.05e-02	5.86e-03	2.65e-04	3.81e-06
 9.31619e+22	2.24e-23	2.43e-12	4.26e-10	9.92e-09	1.34e-05	2.14e-03	6.57e-02	3.64e-01	3.64e-01	1.59e-01	3.05e-02	9.40e-03	5.01e-03	2.16e-04	2.96e-06
 9.41968e+22	2.87e-23	3.22e-12	5.35e-10	1.20e-08	1.54e-05	2.37e-03	7.06e-02	3.79e-01	3.58e-01	1.49e-01	2.75e-02	8.39e-03	4.27e-03	1.76e-04	2.29e-06
 9.52377e+22	3.69e-23	4.26e-12	6.74e-10	1.46e-08	1.77e-05	2.62e-03	7.57e-02	3.94e-01	3.52e-01	1.39e-01	2.48e-02	7.46e-03	3.63e-03	1.42e-04	1.77e-06
 9.62881e+22	4.76e-23	5.64e-12	8.51e-10	1.77e-08	2.04e-05	2.91e-03	8.12e-02	4.09e-01	3.44e-01	1.30e-01	2.22e-02	6.62e-03	3.08e-03	1.15e-04	1.36e-06
 9.73506e+22	6.17e-23	7.48e-12	1.08e-09	2.16e-08	2.36e-05	3.24e-03	8.70e-02	4.24e-01	3.36e-01	1.21e-01	1.98e-02	5.85e-03	2.60e-03	9.25e-05	1.05e-06
 9.84189e+22	7.98e-23	9.88e-12	1.36e-09	2.64e-08	2.73e-05	3.59e-03	9.31e-02	4.38e-01	3.27e-01	1.12e-01	1.77e-02	5.17e-03	2.20e-03	7.44e-05	8.01e-07
 9.95044e+22	1.05e-22	1.31e-11	1.72e-09	3.24e-08	3.18e-05	4.00e-03	9.97e-02	4.53e-01	3.18e-01	1.04e-01	1.57e-02	4.54e-03	1.84e-03	5.94e-05	6.08e-07
 1.00602e+23	1.36e-22	1.73e-11	2.18e-09	3.96e-08	3.68e-05	4.44e-03	1.07e-01	4.66e-01	3.08e-01	9.58e-02	1.39e-02	3.99e-03	1.55e-03	4.75e-05	4.63e-07
 1.01722e+23	1.81e-22	2.31e-11	2.78e-09	4.89e-08	4.30e-05	4.95e-03	1.14e-01	4.79e-01	2.97e-01	8.80e-02	1.23e-02	3.48e-03	1.29e-03	3.75e-05	3.48e-07
 1.02862e+23	6.42e-22	3.04e-11	3.52e-09	6.01e-08	5.01e-05	5.50e-03	1.21e-01	4.91e-01	2.86e-01	8.07e-02	1.08e-02	3.03e-03	1.07e-03	2.97e-05	2.62e-07
 1.03908e+23	9.27e-22	3.83e-11	4.29e-09	7.14e-08	5.69e-05	6.00e-03	1.28e-01	5.01e-01	2.77e-01	7.49e-02	9.72e-03	2.70e-03	9.18e-04	2.44e-05	2.07e-07
 1.04999e+23	1.33e-21	5.13e-11	5.51e-09	8.90e-08	6.69e-05	6.71e-03	1.37e-01	5.12e-01	2.65e-01	6.81e-02	8.46e-03	2.33e-03	7.53e-04	1.90e-05	1.52e-07
 1.06107e+23	1.81e-21	6.45e-11	6.71e-09	1.06e-07	7.61e-05	7.32e-03	1.44e-01	5.20e-01	2.55e-01	6.30e-02	7.57e-03	2.06e-03	6.42e-04	1.55e-05	0.00e+00
 1.07249e+23	2.71e-21	8.64e-11	8.66e-09	1.33e-07	8.97e-05	8.18e-03	1.54e-01	5.30e-01	2.42e-01	5.68e-02	6.55e-03	1.76e-03	5.21e-04	1.19e-05	0.00e+00
 1.08394e+23	3.75e-21	1.08e-10	1.05e-08	1.58e-07	1.02e-04	8.91e-03	1.61e-01	5.37e-01	2.33e-01	5.25e-02	5.85e-03	1.56e-03	4.44e-04	9.73e-06	0.00e+00
 1.09541e+23	5.73e-21	1.43e-10	1.35e-08	1.97e-07	1.20e-04	9.93e-03	1.71e-01	5.44e-01	2.20e-01	4.72e-02	5.05e-03	1.33e-03	3.60e-04	7.46e-06	0.00e+00
 1.10693e+23	8.13e-21	1.78e-10	1.63e-08	2.33e-07	1.36e-04	1.08e-02	1.79e-01	5.49e-01	2.11e-01	4.36e-02	4.51e-03	1.17e-03	3.07e-04	6.10e-06	0.00e+00
 1.11853e+23	1.28e-20	2.34e-10	2.08e-08	2.90e-07	1.59e-04	1.20e-02	1.90e-01	5.55e-01	1.99e-01	3.91e-02	3.89e-03	9.99e-04	2.49e-04	4.68e-06	0.00e+00
 1.13025e+23	1.91e-20	2.89e-10	2.51e-08	3.43e-07	1.80e-04	1.30e-02	1.98e-01	5.58e-01	1.90e-01	3.60e-02	3.47e-03	8.81e-04	2.11e-04	3.81e-06	0.00e+00
 1.14214e+23	3.19e-20	3.79e-10	3.20e-08	4.27e-07	2.11e-04	1.44e-02	2.09e-01	5.61e-01	1.79e-01	3.22e-02	2.98e-03	7.46e-04	1.70e-04	2.91e-06	0.00e+00
 1.15421e+23	5.08e-20	4.68e-10	3.86e-08	5.05e-07	2.39e-04	1.56e-02	2.18e-01	5.63e-01	1.70e-01	2.96e-02	2.65e-03	6.55e-04	1.44e-04	2.36e-06	0.00e+00
 1.16649e+23	9.23e-20	6.12e-10	4.92e-08	6.29e-07	2.80e-04	1.73e-02	2.30e-01	5.64e-01	1.59e-01	2.64e-02	2.26e-03	5.52e-04	1.16e-04	1.79e-06	0.00e+00
 1.17900e+23	1.62e-19	7.55e-10	5.96e-08	7.48e-07	3.17e-04	1.87e-02	2.39e-01	5.64e-01	1.51e-01	2.41e-02	2.00e-03	4.82e-04	9.71e-05	1.44e-06	0.00e+00
 1.19183e+23	3.21e-19	9.89e-10	7.61e-08	9.35e-07	3.73e-04	2.08e-02	2.52e-01	5.63e-01	1.40e-01	2.14e-02	1.70e-03	4.04e-04	7.74e-05	1.08e-06	0.00e+00
 1.20496e+23	5.92e-19	1.23e-09	9.25e-08	1.12e-06	4.24e-04	2.25e-02	2.62e-01	5.62e-01	1.32e-01	1.94e-02	1.50e-03	3.50e-04	6.46e-05	8.65e-07	0.00e+00
 1.21849e+23	1.15e-18	1.61e-09	1.19e-07	1.40e-06	5.00e-04	2.50e-02	2.75e-01	5.59e-01	1.22e-01	1.71e-02	1.27e-03	2.91e-04	5.09e-05	6.42e-07	0.00e+00
 1.23224e+23	1.90e-18	1.99e-09	1.45e-07	1.67e-06	5.67e-04	2.71e-02	2.85e-01	5.55e-01	1.15e-01	1.56e-02	1.11e-03	2.52e-04	4.24e-05	5.11e-07	0.00e+00
 1.24387e+23	2.84e-18	2.42e-09	1.73e-07	1.97e-06	6.38e-04	2.91e-02	2.95e-01	5.51e-01	1.09e-01	1.42e-02	9.85e-04	2.20e-04	3.57e-05	4.12e-07	0.00e+00
 1.25655e+23	4.46e-18	3.08e-09	2.17e-07	2.42e-06	7.40e-04	3.19e-02	3.07e-01	5.46e-01	1.01e-01	1.26e-02	8.43e-04	1.85e-04	2.87e-05	3.14e-07	0.00e+00
 1.26882e+23	6.13e-18	3.66e-09	2.54e-07	2.80e-06	8.20e-04	3.40e-02	3.16e-01	5.41e-01	9.56e-02	1.16e-02	7.56e-04	1.64e-04	2.46e-05	2.59e-07	0.00e+00
 1.28054e+23	8.81e-18	4.55e-09	3.12e-07	3.39e-06	9.40e-04	3.70e-02	3.27e-01	5.35e-01	8.88e-02	1.04e-02	6.54e-04	1.40e-04	2.01e-05	2.01e-07	0.00e+00
 1.29239e+23	1.19e-17	5.40e-09	3.65e-07	3.90e-06	1.04e-03	3.93e-02	3.36e-01	5.30e-01	8.41e-02	9.61e-03	5.86e-04	1.24e-04	1.72e-05	1.66e-07	0.00e+00
 1.30440e+23	1.68e-17	6.71e-09	4.48e-07	4.72e-06	1.19e-03	4.27e-02	3.47e-01	5.22e-01	7.80e-02	8.60e-03	5.06e-04	1.05e-04	1.40e-05	1.28e-07	0.00e+00
 1.31661e+23	2.23e-17	7.97e-09	5.26e-07	5.45e-06	1.32e-03	4.54e-02	3.56e-01	5.15e-01	7.37e-02	7.90e-03	4.53e-04	9.26e-05	1.20e-05	0.00e+00	0.00e+00
 1.32906e+23	3.11e-17	9.94e-09	6.48e-07	6.62e-06	1.51e-03	4.93e-02	3.67e-01	5.06e-01	6.80e-02	7.04e-03	3.89e-04	7.83e-05	9.68e-06	0.00e+00	0.00e+00
 1.34169e+23	4.10e-17	1.18e-08	7.62e-07	7.66e-06	1.68e-03	5.25e-02	3.76e-01	4.99e-01	6.40e-02	6.45e-03	3.47e-04	6.88e-05	8.24e-06	0.00e+00	0.00e+00
 1.35454e+23	5.69e-17	1.47e-08	9.40e-07	9.32e-06	1.93e-03	5.70e-02	3.88e-01	4.89e-01	5.89e-02	5.73e-03	2.97e-04	5.79e-05	6.63e-06	0.00e+00	0.00e+00
 1.36765e+23	7.47e-17	1.76e-08	1.11e-06	1.08e-05	2.14e-03	6.06e-02	3.96e-01	4.80e-01	5.52e-02	5.24e-03	2.63e-04	5.07e-05	5.61e-06	0.00e+00	0.00e+00
 1.38110e+23	1.04e-16	2.20e-08	1.38e-06	1.32e-05	2.46e-03	6.58e-02	4.08e-01	4.68e-01	5.05e-02	4.63e-03	2.24e-04	4.23e-05	4.48e-06	0.00e+00	0.00e+00
 1.39484e+23	1.36e-16	2.64e-08	1.63e-06	1.54e-05	2.74e-03	7.01e-02	4.17e-01	4.59e-01	4.71e-02	4.21e-03	1.98e-04	3.68e-05	3.76e-06	0.00e+00	0.00e+00
 1.40895e+23	1.90e-16	3.33e-08	2.04e-06	1.90e-05	3.17e-03	7.62e-02	4.28e-01	4.46e-01	4.28e-02	3.70e-03	1.67e-04	3.05e-05	2.97e-06	0.00e+00	0.00e+00
 1.42340e+23	2.50e-16	4.01e-08	2.43e-06	2.23e-05	3.54e-03	8.13e-02	4.37e-01	4.35e-01	3.98e-02	3.35e-03	1.46e-04	2.63e-05	2.47e-06	0.00e+00	0.00e+00
 1.43827e+23	3.51e-16	5.09e-08	3.05e-06	2.75e-05	4.10e-03	8.83e-02	4.48e-01	4.21e-01	3.59e-02	2.92e-03	1.22e-04	2.17e-05	1.94e-06	0.00e+00	0.00e+00
 1.45332e+23	4.62e-16	6.14e-08	3.64e-06	3.22e-05	4.58e-03	9.40e-02	4.55e-01	4.10e-01	3.33e-02	2.64e-03	1.07e-04	1.87e-05	1.61e-06	0.00e+00	0.00e+00
 1.46858e+23	6.45e-16	7.79e-08	4.57e-06	3.99e-05	5.30e-03	1.02e-01	4.66e-01	3.95e-01	2.99e-02	2.30e-03	8.92e-05	1.53e-05	1.25e-06	0.00e+00	0.00e+00
 1.48402e+23	8.40e-16	9.41e-08	5.46e-06	4.68e-05	5.91e-03	1.09e-01	4.73e-01	3.83e-01	2.76e-02	2.07e-03	7.78e-05	1.31e-05	1.03e-06	0.00e+00	0.00e+00
 1.49970e+23	1.08e-15	1.19e-07	6.88e-06	5.79e-05	6.84e-03	1.18e-01	4.82e-01	3.67e-01	2.47e-02	1.80e-03	6.45e-05	1.07e-05	8.00e-07	0.00e+00	0.00e+00
 1.51502e+23	3.63e-16	1.42e-07	8.12e-06	6.73e-05	7.58e-03	1.24e-01	4.88e-01	3.56e-01	2.28e-02	1.62e-03	5.66e-05	9.25e-06	6.67e-07	0.00e+00	0.00e+00
 1.52986e+23	4.71e-16	1.78e-07	1.00e-05	8.16e-05	8.64e-03	1.33e-01	4.94e-01	3.41e-01	2.05e-02	1.42e-03	4.76e-05	7.66e-06	5.27e-07	0.00e+00	0.00e+00
 1.54540e+23	6.72e-16	2.15e-07	1.20e-05	9.64e-05	9.67e-03	1.42e-01	5.00e-01	3.29e-01	1.87e-02	1.27e-03	4.10e-05	6.51e-06	4.30e-07	0.00e+00	0.00e+00
 1.55852e+23	8.89e-16	2.52e-07	1.40e-05	1.11e-04	1.06e-02	1.49e-01	5.04e-01	3.18e-01	1.74e-02	1.16e-03	3.62e-05	5.68e-06	3.62e-07	0.00e+00	0.00e+00
 1.57224e+23	1.24e-15	3.06e-07	1.68e-05	1.31e-04	1.19e-02	1.58e-01	5.08e-01	3.05e-01	1.58e-02	1.03e-03	3.10e-05	4.79e-06	2.93e-07	0.00e+00	0.00e+00
 1.58641e+23	1.69e-15	3.62e-07	1.98e-05	1.52e-04	1.31e-02	1.66e-01	5.11e-01	2.94e-01	1.45e-02	9.25e-04	2.70e-05	4.13e-06	2.43e-07	0.00e+00	0.00e+00
 1.59913e+23	2.21e-15	4.25e-07	2.30e-05	1.74e-04	1.44e-02	1.74e-01	5.14e-01	2.83e-01	1.33e-02	8.37e-04	2.37e-05	3.58e-06	2.03e-07	0.00e+00	0.00e+00
 1.61364e+23	3.10e-15	5.21e-07	2.79e-05	2.07e-04	1.61e-02	1.85e-01	5.16e-01	2.70e-01	1.20e-02	7.39e-04	2.01e-05	3.00e-06	1.63e-07	0.00e+00	0.00e+00
 1.62870e+23	4.21e-15	6.22e-07	3.31e-05	2.43e-04	1.79e-02	1.95e-01	5.17e-01	2.58e-01	1.09e-02	6.58e-04	1.73e-05	2.55e-06	1.33e-07	0.00e+00	0.00e+00
 1.64213e+23	5.44e-15	7.33e-07	3.86e-05	2.79e-04	1.96e-02	2.04e-01	5.18e-01	2.48e-01	9.97e-03	5.93e-04	1.51e-05	2.20e-06	0.00e+00	0.00e+00	0.00e+00
 1.65724e+23	7.62e-15	9.00e-07	4.69e-05	3.33e-04	2.20e-02	2.15e-01	5.18e-01	2.35e-01	8.92e-03	5.20e-04	1.27e-05	1.82e-06	0.00e+00	0.00e+00	0.00e+00
 1.67307e+23	1.03e-14	1.08e-06	5.59e-05	3.91e-04	2.44e-02	2.26e-01	5.17e-01	2.23e-01	8.02e-03	4.60e-04	1.08e-05	1.53e-06	0.00e+00	0.00e+00	0.00e+00
 1.68738e+23	1.35e-14	1.28e-06	6.57e-05	4.52e-04	2.68e-02	2.37e-01	5.16e-01	2.12e-01	7.28e-03	4.11e-04	9.29e-06	1.31e-06	0.00e+00	0.00e+00	0.00e+00
 1.70353e+23	1.91e-14	1.59e-06	8.04e-05	5.43e-04	3.02e-02	2.50e-01	5.13e-01	1.99e-01	6.44e-03	3.56e-04	7.71e-06	1.07e-06	0.00e+00	0.00e+00	0.00e+00
 1.72021e+23	2.60e-14	1.92e-06	9.60e-05	6.38e-04	3.34e-02	2.62e-01	5.10e-01	1.88e-01	5.76e-03	3.13e-04	6.51e-06	8.96e-07	0.00e+00	0.00e+00	0.00e+00
 1.73508e+23	3.41e-14	2.28e-06	1.13e-04	7.40e-04	3.67e-02	2.73e-01	5.06e-01	1.78e-01	5.18e-03	2.78e-04	5.56e-06	7.58e-07	0.00e+00	0.00e+00	0.00e+00
 1.75190e+23	4.84e-14	2.83e-06	1.39e-04	8.90e-04	4.13e-02	2.87e-01	5.00e-01	1.66e-01	4.53e-03	2.39e-04	4.56e-06	6.14e-07	0.00e+00	0.00e+00	0.00e+00
 1.76937e+23	6.70e-14	3.43e-06	1.66e-04	1.05e-03	4.57e-02	3.00e-01	4.94e-01	1.55e-01	4.01e-03	2.08e-04	3.81e-06	5.08e-07	0.00e+00	0.00e+00	0.00e+00
 1.78507e+23	8.88e-14	4.10e-06	1.97e-04	1.22e-03	5.03e-02	3.12e-01	4.87e-01	1.45e-01	3.58e-03	1.83e-04	3.21e-06	4.25e-07	0.00e+00	0.00e+00	0.00e+00
 1.80285e+23	1.30e-13	5.15e-06	2.44e-04	1.48e-03	5.66e-02	3.27e-01	4.78e-01	1.34e-01	3.08e-03	1.55e-04	2.58e-06	3.38e-07	0.00e+00	0.00e+00	0.00e+00
 1.82124e+23	1.82e-13	6.24e-06	2.92e-04	1.74e-03	6.25e-02	3.40e-01	4.69e-01	1.24e-01	2.70e-03	1.34e-04	2.14e-06	2.77e-07	0.00e+00	0.00e+00	0.00e+00
 1.83785e+23	2.45e-13	7.52e-06	3.47e-04	2.04e-03	6.87e-02	3.52e-01	4.59e-01	1.15e-01	2.38e-03	1.16e-04	1.78e-06	2.28e-07	0.00e+00	0.00e+00	0.00e+00
 1.85688e+23	3.68e-13	9.55e-06	4.34e-04	2.49e-03	7.75e-02	3.67e-01	4.46e-01	1.04e-01	2.01e-03	9.66e-05	1.40e-06	1.78e-07	0.00e+00	0.00e+00	0.00e+00
 1.87609e+23	5.03e-13	1.15e-05	5.18e-04	2.93e-03	8.53e-02	3.79e-01	4.34e-01	9.61e-02	1.75e-03	8.29e-05	1.14e-06	1.44e-07	0.00e+00	0.00e+00	0.00e+00
 1.89553e+23	7.21e-13	1.46e-05	6.44e-04	3.55e-03	9.54e-02	3.93e-01	4.19e-01	8.67e-02	1.48e-03	6.89e-05	9.00e-07	0.00e+00	0.00e+00	0.00e+00	0.00e+00
 1.91542e+23	9.70e-13	1.78e-05	7.75e-04	4.20e-03	1.05e-01	4.05e-01	4.05e-01	7.88e-02	1.27e-03	5.83e-05	7.25e-07	0.00e+00	0.00e+00	0.00e+00	0.00e+00
 1.93289e+23	1.27e-12	2.15e-05	9.19e-04	4.90e-03	1.15e-01	4.15e-01	3.91e-01	7.21e-02	1.10e-03	4.98e-05	5.93e-07	0.00e+00	0.00e+00	0.00e+00	0.00e+00
 1.95262e+23	1.80e-12	2.72e-05	1.14e-03	5.95e-03	1.28e-01	4.27e-01	3.73e-01	6.40e-02	9.09e-04	4.07e-05	4.56e-07	0.00e+00	0.00e+00	0.00e+00	0.00e+00
 1.97286e+23	2.39e-12	3.30e-05	1.36e-03	7.01e-03	1.40e-01	4.36e-01	3.57e-01	5.77e-02	7.73e-04	3.42e-05	3.65e-07	0.00e+00	0.00e+00	0.00e+00	0.00e+00
 1.99376e+23	3.52e-12	4.23e-05	1.71e-03	8.52e-03	1.56e-01	4.46e-01	3.37e-01	5.06e-02	6.33e-04	2.75e-05	2.76e-07	0.00e+00	0.00e+00	0.00e+00	0.00e+00
 2.01500e+23	4.88e-12	5.17e-05	2.04e-03	1.00e-02	1.70e-01	4.52e-01	3.20e-01	4.52e-02	5.33e-04	2.28e-05	2.18e-07	0.00e+00	0.00e+00	0.00e+00	0.00e+00
 2.03380e+23	6.77e-12	6.28e-05	2.44e-03	1.17e-02	1.84e-01	4.57e-01	3.03e-01	4.03e-02	4.50e-04	1.90e-05	1.73e-07	0.00e+00	0.00e+00	0.00e+00	0.00e+00
 2.05537e+23	1.05e-11	8.07e-05	3.04e-03	1.42e-02	2.04e-01	4.62e-01	2.82e-01	3.46e-02	3.60e-04	1.50e-05	1.28e-07	0.00e+00	0.00e+00	0.00e+00	0.00e+00
 2.07726e+23	1.54e-11	9.86e-05	3.63e-03	1.66e-02	2.20e-01	4.64e-01	2.64e-01	3.05e-02	3.00e-04	1.23e-05	0.00e+00	0.00e+00	0.00e+00	0.00e+00	0.00e+00
 2.09636e+23	2.27e-11	1.19e-04	4.30e-03	1.93e-02	2.37e-01	4.65e-01	2.48e-01	2.69e-02	2.51e-04	1.01e-05	0.00e+00	0.00e+00	0.00e+00	0.00e+00	0.00e+00
 2.11467e+23	3.38e-11	1.43e-04	5.03e-03	2.21e-02	2.53e-01	4.64e-01	2.32e-01	2.39e-02	2.11e-04	8.44e-06	0.00e+00	0.00e+00	0.00e+00	0.00e+00	0.00e+00
 2.13213e+23	5.08e-11	1.70e-04	5.83e-03	2.51e-02	2.69e-01	4.61e-01	2.18e-01	2.12e-02	1.79e-04	7.05e-06	0.00e+00	0.00e+00	0.00e+00	0.00e+00	0.00e+00
 2.15183e+23	8.88e-11	2.12e-04	7.04e-03	2.95e-02	2.89e-01	4.57e-01	1.99e-01	1.81e-02	1.44e-04	5.58e-06	0.00e+00	0.00e+00	0.00e+00	0.00e+00	0.00e+00
 2.17146e+23	1.53e-10	2.52e-04	8.15e-03	3.34e-02	3.05e-01	4.51e-01	1.85e-01	1.59e-02	1.21e-04	4.62e-06	0.00e+00	0.00e+00	0.00e+00	0.00e+00	0.00e+00
 2.19103e+23	2.90e-10	3.12e-04	9.77e-03	3.89e-02	3.26e-01	4.43e-01	1.68e-01	1.35e-02	9.68e-05	3.64e-06	0.00e+00	0.00e+00	0.00e+00	0.00e+00	0.00e+00
 2.21097e+23	5.68e-10	3.73e-04	1.13e-02	4.41e-02	3.43e-01	4.34e-01	1.55e-01	1.17e-02	8.02e-05	2.97e-06	0.00e+00	0.00e+00	0.00e+00	0.00e+00	0.00e+00
 2.23140e+23	1.05e-09	4.66e-04	1.36e-02	5.13e-02	3.64e-01	4.22e-01	1.39e-01	9.80e-03	6.32e-05	2.29e-06	0.00e+00	0.00e+00	0.00e+00	0.00e+00	0.00e+00
 2.25200e+23	1.76e-09	5.57e-04	1.57e-02	5.78e-02	3.81e-01	4.10e-01	1.27e-01	8.43e-03	5.19e-05	1.85e-06	0.00e+00	0.00e+00	0.00e+00	0.00e+00	0.00e+00
 2.27280e+23	2.85e-09	6.96e-04	1.88e-02	6.68e-02	4.00e-01	3.94e-01	1.12e-01	6.94e-03	4.04e-05	1.41e-06	0.00e+00	0.00e+00	0.00e+00	0.00e+00	0.00e+00
 2.29386e+23	4.15e-09	8.33e-04	2.17e-02	7.49e-02	4.16e-01	3.80e-01	1.01e-01	5.89e-03	3.27e-05	1.12e-06	0.00e+00	0.00e+00	0.00e+00	0.00e+00	0.00e+00
 2.31075e+23	5.42e-09	9.65e-04	2.43e-02	8.21e-02	4.28e-01	3.67e-01	9.22e-02	5.13e-03	2.75e-05	9.29e-07	0.00e+00	0.00e+00	0.00e+00	0.00e+00	0.00e+00
 2.32819e+23	7.37e-09	1.15e-03	2.80e-02	9.15e-02	4.41e-01	3.51e-01	8.24e-02	4.33e-03	2.21e-05	7.34e-07	0.00e+00	0.00e+00	0.00e+00	0.00e+00	0.00e+00
 2.34605e+23	9.44e-09	1.34e-03	3.15e-02	1.00e-01	4.52e-01	3.37e-01	7.45e-02	3.72e-03	1.84e-05	5.99e-07	0.00e+00	0.00e+00	0.00e+00	0.00e+00	0.00e+00
 2.36195e+23	1.18e-08	1.55e-03	3.51e-02	1.09e-01	4.61e-01	3.23e-01	6.74e-02	3.21e-03	1.53e-05	4.90e-07	0.00e+00	0.00e+00	0.00e+00	0.00e+00	0.00e+00
 2.38016e+23	1.56e-08	1.86e-03	4.04e-02	1.21e-01	4.71e-01	3.04e-01	5.92e-02	2.65e-03	1.21e-05	3.79e-07	0.00e+00	0.00e+00	0.00e+00	0.00e+00	0.00e+00
 2.39857e+23	1.94e-08	2.16e-03	4.51e-02	1.31e-01	4.78e-01	2.89e-01	5.28e-02	2.25e-03	9.90e-06	3.05e-07	0.00e+00	0.00e+00	0.00e+00	0.00e+00	0.00e+00
 2.41472e+23	2.38e-08	2.50e-03	5.02e-02	1.42e-01	4.83e-01	2.73e-01	4.72e-02	1.91e-03	8.13e-06	2.46e-07	0.00e+00	0.00e+00	0.00e+00	0.00e+00	0.00e+00
 2.43319e+23	3.05e-08	2.98e-03	5.72e-02	1.55e-01	4.88e-01	2.54e-01	4.08e-02	1.56e-03	6.35e-06	1.87e-07	0.00e+00	0.00e+00	0.00e+00	0.00e+00	0.00e+00
 2.45196e+23	3.74e-08	3.46e-03	6.36e-02	1.67e-01	4.90e-01	2.38e-01	3.59e-02	1.30e-03	5.13e-06	1.48e-07	0.00e+00	0.00e+00	0.00e+00	0.00e+00	0.00e+00
 2.46853e+23	4.53e-08	3.99e-03	7.03e-02	1.79e-01	4.91e-01	2.23e-01	3.16e-02	1.09e-03	4.16e-06	0.00e+00	0.00e+00	0.00e+00	0.00e+00	0.00e+00	0.00e+00
 2.48744e+23	5.74e-08	4.75e-03	7.96e-02	1.94e-01	4.90e-01	2.04e-01	2.68e-02	8.73e-04	3.20e-06	0.00e+00	0.00e+00	0.00e+00	0.00e+00	0.00e+00	0.00e+00
 2.50663e+23	6.95e-08	5.49e-03	8.79e-02	2.07e-01	4.87e-01	1.89e-01	2.33e-02	7.19e-04	2.55e-06	0.00e+00	0.00e+00	0.00e+00	0.00e+00	0.00e+00	0.00e+00
 2.52358e+23	8.35e-08	6.31e-03	9.66e-02	2.20e-01	4.82e-01	1.74e-01	2.02e-02	5.94e-04	2.04e-06	0.00e+00	0.00e+00	0.00e+00	0.00e+00	0.00e+00	0.00e+00
 2.54303e+23	1.05e-07	7.50e-03	1.09e-01	2.36e-01	4.74e-01	1.57e-01	1.68e-02	4.65e-04	1.53e-06	0.00e+00	0.00e+00	0.00e+00	0.00e+00	0.00e+00	0.00e+00
 2.56281e+23	1.26e-07	8.64e-03	1.19e-01	2.49e-01	4.66e-01	1.43e-01	1.43e-02	3.76e-04	1.20e-06	0.00e+00	0.00e+00	0.00e+00	0.00e+00	0.00e+00	0.00e+00
 2.58303e+23	1.58e-07	1.03e-02	1.33e-01	2.65e-01	4.53e-01	1.26e-01	1.17e-02	2.88e-04	8.85e-07	0.00e+00	0.00e+00	0.00e+00	0.00e+00	0.00e+00	0.00e+00
 2.60348e+23	1.91e-07	1.18e-02	1.45e-01	2.77e-01	4.42e-01	1.14e-01	9.81e-03	2.30e-04	6.82e-07	0.00e+00	0.00e+00	0.00e+00	0.00e+00	0.00e+00	0.00e+00
 2.62423e+23	2.39e-07	1.40e-02	1.61e-01	2.92e-01	4.25e-01	9.94e-02	7.87e-03	1.73e-04	4.95e-07	0.00e+00	0.00e+00	0.00e+00	0.00e+00	0.00e+00	0.00e+00
 2.64535e+23	2.87e-07	1.61e-02	1.75e-01	3.04e-01	4.10e-01	8.82e-02	6.50e-03	1.35e-04	3.75e-07	0.00e+00	0.00e+00	0.00e+00	0.00e+00	0.00e+00	0.00e+00
 2.66694e+23	3.59e-07	1.91e-02	1.94e-01	3.17e-01	3.89e-01	7.57e-02	5.11e-03	9.97e-05	2.66e-07	0.00e+00	0.00e+00	0.00e+00	0.00e+00	0.00e+00	0.00e+00
 2.68891e+23	4.32e-07	2.19e-02	2.09e-01	3.28e-01	3.71e-01	6.62e-02	4.14e-03	7.66e-05	1.97e-07	0.00e+00	0.00e+00	0.00e+00	0.00e+00	0.00e+00	0.00e+00
 2.70832e+23	5.15e-07	2.49e-02	2.25e-01	3.36e-01	3.53e-01	5.80e-02	3.38e-03	5.94e-05	1.48e-07	0.00e+00	0.00e+00	0.00e+00	0.00e+00	0.00e+00	0.00e+00
 2.73051e+23	6.40e-07	2.93e-02	2.45e-01	3.45e-01	3.30e-01	4.87e-02	2.59e-03	4.27e-05	0.00e+00	0.00e+00	0.00e+00	0.00e+00	0.00e+00	0.00e+00	0.00e+00
 2.75006e+23	7.35e-07	3.24e-02	2.57e-01	3.50e-01	3.15e-01	4.35e-02	2.18e-03	3.46e-05	0.00e+00	0.00e+00	0.00e+00	0.00e+00	0.00e+00	0.00e+00	0.00e+00
 2.76619e+23	8.51e-07	3.60e-02	2.72e-01	3.54e-01	2.98e-01	3.82e-02	1.80e-03	2.73e-05	0.00e+00	0.00e+00	0.00e+00	0.00e+00	0.00e+00	0.00e+00	0.00e+00
 2.78304e+23	9.74e-07	3.98e-02	2.85e-01	3.57e-01	2.83e-01	3.39e-02	1.50e-03	2.19e-05	0.00e+00	0.00e+00	0.00e+00	0.00e+00	0.00e+00	0.00e+00	0.00e+00
 2.79829e+23	1.10e-06	4.34e-02	2.97e-01	3.59e-01	2.70e-01	3.02e-02	1.27e-03	1.78e-05	0.00e+00	0.00e+00	0.00e+00	0.00e+00	0.00e+00	0.00e+00	0.00e+00
 2.81559e+23	1.29e-06	4.85e-02	3.12e-01	3.61e-01	2.52e-01	2.60e-02	1.02e-03	1.37e-05	0.00e+00	0.00e+00	0.00e+00	0.00e+00	0.00e+00	0.00e+00	0.00e+00
 2.83324e+23	1.47e-06	5.33e-02	3.25e-01	3.61e-01	2.37e-01	2.28e-02	8.43e-04	1.09e-05	0.00e+00	0.00e+00	0.00e+00	0.00e+00	0.00e+00	0.00e+00	0.00e+00
 2.84889e+23	1.67e-06	5.83e-02	3.37e-01	3.60e-01	2.24e-01	2.00e-02	6.99e-04	8.69e-06	0.00e+00	0.00e+00	0.00e+00	0.00e+00	0.00e+00	0.00e+00	0.00e+00
 2.86679e+23	1.95e-06	6.51e-02	3.53e-01	3.58e-01	2.07e-01	1.70e-02	5.51e-04	6.54e-06	0.00e+00	0.00e+00	0.00e+00	0.00e+00	0.00e+00	0.00e+00	0.00e+00
 2.88499e+23	2.23e-06	7.13e-02	3.65e-01	3.56e-01	1.93e-01	1.47e-02	4.50e-04	5.14e-06	0.00e+00	0.00e+00	0.00e+00	0.00e+00	0.00e+00	0.00e+00	0.00e+00
 2.90357e+23	2.61e-06	7.95e-02	3.80e-01	3.51e-01	1.77e-01	1.23e-02	3.49e-04	3.81e-06	0.00e+00	0.00e+00	0.00e+00	0.00e+00	0.00e+00	0.00e+00	0.00e+00
 2.92234e+23	2.99e-06	8.72e-02	3.91e-01	3.47e-01	1.64e-01	1.06e-02	2.82e-04	2.96e-06	0.00e+00	0.00e+00	0.00e+00	0.00e+00	0.00e+00	0.00e+00	0.00e+00
 2.93885e+23	3.39e-06	9.51e-02	4.02e-01	3.41e-01	1.52e-01	9.12e-03	2.29e-04	2.31e-06	0.00e+00	0.00e+00	0.00e+00	0.00e+00	0.00e+00	0.00e+00	0.00e+00
 2.95779e+23	3.98e-06	1.06e-01	4.16e-01	3.34e-01	1.37e-01	7.49e-03	1.74e-04	1.68e-06	0.00e+00	0.00e+00	0.00e+00	0.00e+00	0.00e+00	0.00e+00	0.00e+00
 2.97694e+23	4.52e-06	1.15e-01	4.25e-01	3.27e-01	1.27e-01	6.40e-03	1.40e-04	1.30e-06	0.00e+00	0.00e+00	0.00e+00	0.00e+00	0.00e+00	0.00e+00	0.00e+00
 2.99636e+23	5.29e-06	1.28e-01	4.36e-01	3.17e-01	1.14e-01	5.22e-03	1.06e-04	9.38e-07	0.00e+00	0.00e+00	0.00e+00	0.00e+00	0.00e+00	0.00e+00	0.00e+00
 3.01617e+23	6.08e-06	1.40e-01	4.44e-01	3.08e-01	1.03e-01	4.37e-03	8.31e-05	7.08e-07	0.00e+00	0.00e+00	0.00e+00	0.00e+00	0.00e+00	0.00e+00	0.00e+00
 3.03351e+23	6.88e-06	1.52e-01	4.51e-01	2.99e-01	9.44e-02	3.70e-03	6.62e-05	5.44e-07	0.00e+00	0.00e+00	0.00e+00	0.00e+00	0.00e+00	0.00e+00	0.00e+00
 3.05304e+23	8.04e-06	1.68e-01	4.59e-01	2.86e-01	8.37e-02	2.97e-03	4.92e-05	3.86e-07	0.00e+00	0.00e+00	0.00e+00	0.00e+00	0.00e+00	0.00e+00	0.00e+00
 3.07266e+23	9.16e-06	1.83e-01	4.63e-01	2.76e-01	7.57e-02	2.48e-03	3.86e-05	2.92e-07	0.00e+00	0.00e+00	0.00e+00	0.00e+00	0.00e+00	0.00e+00	0.00e+00
 3.08346e+23	9.59e-06	1.89e-01	4.63e-01	2.72e-01	7.34e-02	2.34e-03	3.59e-05	2.68e-07	0.00e+00	0.00e+00	0.00e+00	0.00e+00	0.00e+00	0.00e+00	0.00e+00
