#depth	Cl	Cl+	Cl+2	Cl+3	Cl+4	Cl+5	Cl+6	Cl+7	Cl+8	Cl+9	Cl+10	Cl+11	Cl+12	Cl+13	Cl+14	Cl+15	Cl+16	Cl+17
 1.54284e+22	0.00e+00	3.02e-20	5.15e-17	2.35e-14	2.32e-12	1.32e-10	6.83e-09	6.16e-06	3.57e-04	6.32e-03	3.67e-02	1.20e-01	1.89e-01	1.52e-01	1.35e-01	2.84e-01	7.14e-02	5.93e-03
 3.44682e+22	1.33e-31	6.33e-18	6.02e-15	1.37e-12	6.79e-11	1.86e-09	5.02e-08	4.00e-05	2.07e-03	3.00e-02	1.22e-01	2.55e-01	2.63e-01	1.33e-01	7.48e-02	1.04e-01	1.56e-02	7.79e-04
 3.96088e+22	8.91e-31	3.64e-17	2.89e-14	5.29e-12	2.12e-10	4.64e-09	1.02e-07	7.02e-05	3.37e-03	4.53e-02	1.63e-01	2.90e-01	2.58e-01	1.12e-01	5.45e-02	6.57e-02	8.18e-03	3.40e-04
 4.19025e+22	2.14e-30	8.13e-17	5.95e-14	9.87e-12	3.59e-10	7.14e-09	1.44e-07	9.08e-05	4.19e-03	5.40e-02	1.84e-01	3.02e-01	2.51e-01	1.01e-01	4.62e-02	5.21e-02	5.93e-03	2.26e-04
 4.28705e+22	2.68e-30	1.00e-16	7.18e-14	1.16e-11	4.13e-10	8.00e-09	1.57e-07	9.72e-05	4.43e-03	5.65e-02	1.89e-01	3.05e-01	2.48e-01	9.82e-02	4.42e-02	4.89e-02	5.44e-03	2.03e-04
 4.33384e+22	9.30e-31	1.31e-16	9.11e-14	1.43e-11	4.92e-10	9.22e-09	1.76e-07	1.06e-04	4.75e-03	5.98e-02	1.96e-01	3.08e-01	2.45e-01	9.46e-02	4.17e-02	4.51e-02	4.87e-03	1.77e-04
 4.38669e+22	1.22e-30	1.67e-16	1.14e-13	1.74e-11	5.82e-10	1.06e-08	1.96e-07	1.15e-04	5.08e-03	6.30e-02	2.03e-01	3.10e-01	2.42e-01	9.12e-02	3.94e-02	4.17e-02	4.39e-03	1.55e-04
 4.44745e+22	1.76e-30	2.34e-16	1.54e-13	2.25e-11	7.26e-10	1.27e-08	2.26e-07	1.28e-04	5.54e-03	6.74e-02	2.12e-01	3.14e-01	2.37e-01	8.67e-02	3.65e-02	3.75e-02	3.80e-03	1.29e-04
 4.50851e+22	2.32e-30	3.02e-16	1.94e-13	2.75e-11	8.62e-10	1.46e-08	2.53e-07	1.39e-04	5.92e-03	7.10e-02	2.19e-01	3.16e-01	2.33e-01	8.32e-02	3.43e-02	3.46e-02	3.40e-03	1.12e-04
 4.56032e+22	2.99e-30	3.80e-16	2.39e-13	3.30e-11	1.01e-09	1.66e-08	2.80e-07	1.50e-04	6.30e-03	7.44e-02	2.25e-01	3.17e-01	2.29e-01	8.01e-02	3.24e-02	3.20e-02	3.07e-03	9.86e-05
 4.61805e+22	4.16e-30	5.14e-16	3.13e-13	4.18e-11	1.23e-09	1.96e-08	3.20e-07	1.65e-04	6.80e-03	7.90e-02	2.33e-01	3.19e-01	2.24e-01	7.61e-02	3.01e-02	2.90e-02	2.68e-03	8.32e-05
 4.67666e+22	5.30e-30	6.41e-16	3.83e-13	4.99e-11	1.44e-09	2.22e-08	3.54e-07	1.78e-04	7.23e-03	8.26e-02	2.39e-01	3.19e-01	2.20e-01	7.32e-02	2.84e-02	2.68e-02	2.42e-03	7.33e-05
 4.73641e+22	7.40e-30	8.72e-16	5.05e-13	6.34e-11	1.76e-09	2.63e-08	4.05e-07	1.97e-04	7.81e-03	8.76e-02	2.48e-01	3.20e-01	2.15e-01	6.93e-02	2.63e-02	2.41e-02	2.10e-03	6.14e-05
 4.79716e+22	9.46e-30	1.09e-15	6.19e-13	7.58e-11	2.06e-09	3.00e-08	4.49e-07	2.13e-04	8.30e-03	9.16e-02	2.54e-01	3.20e-01	2.10e-01	6.64e-02	2.48e-02	2.23e-02	1.89e-03	5.39e-05
 4.85919e+22	1.31e-29	1.47e-15	8.13e-13	9.61e-11	2.52e-09	3.55e-08	5.14e-07	2.35e-04	8.96e-03	9.69e-02	2.62e-01	3.20e-01	2.04e-01	6.27e-02	2.28e-02	2.00e-02	1.64e-03	4.51e-05
 4.92326e+22	1.70e-29	1.86e-15	1.01e-12	1.16e-10	2.97e-09	4.06e-08	5.73e-07	2.55e-04	9.54e-03	1.01e-01	2.69e-01	3.20e-01	1.99e-01	5.98e-02	2.14e-02	1.84e-02	1.46e-03	3.92e-05
 4.98996e+22	2.42e-29	2.57e-15	1.35e-12	1.49e-10	3.69e-09	4.86e-08	6.62e-07	2.84e-04	1.03e-02	1.07e-01	2.77e-01	3.19e-01	1.93e-01	5.60e-02	1.96e-02	1.63e-02	1.25e-03	3.23e-05
 5.05796e+22	3.14e-29	3.25e-15	1.67e-12	1.81e-10	4.35e-09	5.58e-08	7.40e-07	3.08e-04	1.10e-02	1.12e-01	2.84e-01	3.17e-01	1.88e-01	5.33e-02	1.83e-02	1.50e-02	1.11e-03	2.79e-05
 5.12764e+22	4.44e-29	4.44e-15	2.21e-12	2.32e-10	5.39e-09	6.67e-08	8.55e-07	3.43e-04	1.19e-02	1.19e-01	2.92e-01	3.15e-01	1.81e-01	4.98e-02	1.67e-02	1.33e-02	9.53e-04	2.30e-05
 5.20060e+22	5.96e-29	5.80e-15	2.83e-12	2.87e-10	6.49e-09	7.79e-08	9.68e-07	3.76e-04	1.28e-02	1.25e-01	2.99e-01	3.13e-01	1.75e-01	4.70e-02	1.54e-02	1.20e-02	8.32e-04	1.95e-05
 5.27781e+22	8.59e-29	8.06e-15	3.81e-12	3.74e-10	8.16e-09	9.43e-08	1.13e-06	4.21e-04	1.39e-02	1.32e-01	3.07e-01	3.10e-01	1.68e-01	4.36e-02	1.39e-02	1.05e-02	7.02e-04	1.58e-05
 5.35735e+22	1.17e-28	1.07e-14	4.92e-12	4.67e-10	9.90e-09	1.11e-07	1.29e-06	4.64e-04	1.50e-02	1.39e-01	3.14e-01	3.07e-01	1.61e-01	4.08e-02	1.28e-02	9.40e-03	6.07e-04	1.32e-05
 5.42882e+22	1.56e-28	1.39e-14	6.24e-12	5.77e-10	1.19e-08	1.29e-07	1.46e-06	5.09e-04	1.60e-02	1.45e-01	3.20e-01	3.04e-01	1.55e-01	3.83e-02	1.18e-02	8.45e-03	5.29e-04	1.11e-05
 5.51064e+22	2.31e-28	1.97e-14	8.60e-12	7.64e-10	1.52e-08	1.58e-07	1.72e-06	5.73e-04	1.75e-02	1.54e-01	3.28e-01	2.99e-01	1.48e-01	3.51e-02	1.05e-02	7.31e-03	4.38e-04	8.83e-06
 5.59320e+22	3.09e-28	2.56e-14	1.09e-11	9.44e-10	1.82e-08	1.84e-07	1.94e-06	6.29e-04	1.87e-02	1.60e-01	3.34e-01	2.95e-01	1.42e-01	3.28e-02	9.63e-03	6.55e-03	3.80e-04	7.42e-06
 5.67674e+22	4.55e-28	3.62e-14	1.50e-11	1.25e-09	2.32e-08	2.25e-07	2.29e-06	7.08e-04	2.04e-02	1.69e-01	3.41e-01	2.89e-01	1.34e-01	3.00e-02	8.58e-03	5.65e-03	3.14e-04	5.87e-06
 5.76202e+22	6.19e-28	4.79e-14	1.93e-11	1.56e-09	2.81e-08	2.65e-07	2.61e-06	7.80e-04	2.18e-02	1.77e-01	3.47e-01	2.84e-01	1.28e-01	2.79e-02	7.80e-03	5.01e-03	2.68e-04	4.85e-06
 5.84959e+22	9.18e-28	6.83e-14	2.67e-11	2.07e-09	3.60e-08	3.26e-07	3.08e-06	8.81e-04	2.38e-02	1.87e-01	3.54e-01	2.77e-01	1.21e-01	2.53e-02	6.89e-03	4.28e-03	2.19e-04	3.79e-06
 5.93855e+22	1.26e-27	9.11e-14	3.47e-11	2.61e-09	4.39e-08	3.86e-07	3.53e-06	9.72e-04	2.55e-02	1.95e-01	3.59e-01	2.72e-01	1.15e-01	2.33e-02	6.23e-03	3.77e-03	1.86e-04	3.10e-06
 6.02934e+22	1.89e-27	1.32e-13	4.86e-11	3.51e-09	5.68e-08	4.78e-07	4.19e-06	1.10e-03	2.79e-02	2.06e-01	3.65e-01	2.64e-01	1.07e-01	2.10e-02	5.45e-03	3.18e-03	1.50e-04	2.38e-06
 6.12056e+22	2.58e-27	1.76e-13	6.30e-11	4.41e-09	6.92e-08	5.64e-07	4.79e-06	1.21e-03	2.98e-02	2.15e-01	3.69e-01	2.57e-01	1.01e-01	1.93e-02	4.91e-03	2.79e-03	1.27e-04	1.94e-06
 6.19612e+22	3.41e-27	2.27e-13	7.95e-11	5.40e-09	8.26e-08	6.54e-07	5.41e-06	1.32e-03	3.17e-02	2.22e-01	3.72e-01	2.51e-01	9.64e-02	1.79e-02	4.47e-03	2.48e-03	1.09e-04	1.61e-06
 6.27813e+22	4.90e-27	3.17e-13	1.08e-10	7.05e-09	1.04e-07	7.94e-07	6.32e-06	1.48e-03	3.42e-02	2.33e-01	3.76e-01	2.43e-01	9.01e-02	1.61e-02	3.94e-03	2.11e-03	8.85e-05	1.25e-06
 6.36004e+22	6.41e-27	4.07e-13	1.35e-10	8.61e-09	1.24e-07	9.19e-07	7.12e-06	1.61e-03	3.63e-02	2.41e-01	3.79e-01	2.37e-01	8.55e-02	1.49e-02	3.58e-03	1.87e-03	7.58e-05	1.04e-06
 6.44184e+22	9.14e-27	5.67e-13	1.83e-10	1.12e-08	1.56e-07	1.11e-06	8.33e-06	1.80e-03	3.91e-02	2.51e-01	3.82e-01	2.28e-01	7.95e-02	1.34e-02	3.14e-03	1.59e-03	6.15e-05	8.05e-07
 6.52468e+22	1.20e-26	7.33e-13	2.31e-10	1.37e-08	1.86e-07	1.29e-06	9.41e-06	1.96e-03	4.15e-02	2.60e-01	3.83e-01	2.22e-01	7.51e-02	1.23e-02	2.84e-03	1.39e-03	5.22e-05	6.60e-07
 6.60888e+22	1.72e-26	1.03e-12	3.14e-10	1.80e-08	2.36e-07	1.58e-06	1.11e-05	2.20e-03	4.48e-02	2.71e-01	3.85e-01	2.13e-01	6.94e-02	1.10e-02	2.47e-03	1.17e-03	4.17e-05	5.04e-07
 6.69414e+22	2.26e-26	1.34e-12	3.98e-10	2.22e-08	2.84e-07	1.84e-06	1.26e-05	2.41e-03	4.75e-02	2.80e-01	3.86e-01	2.06e-01	6.52e-02	1.00e-02	2.22e-03	1.02e-03	3.51e-05	4.09e-07
 6.78076e+22	3.22e-26	1.89e-12	5.43e-10	2.92e-08	3.61e-07	2.26e-06	1.48e-05	2.71e-03	5.13e-02	2.92e-01	3.87e-01	1.96e-01	5.98e-02	8.84e-03	1.91e-03	8.49e-04	2.78e-05	3.08e-07
 6.86907e+22	4.26e-26	2.48e-12	6.96e-10	3.63e-08	4.37e-07	2.66e-06	1.70e-05	2.97e-03	5.46e-02	3.01e-01	3.87e-01	1.88e-01	5.57e-02	7.99e-03	1.70e-03	7.30e-04	2.30e-05	2.45e-07
 6.95958e+22	6.09e-26	3.53e-12	9.59e-10	4.81e-08	5.62e-07	3.29e-06	2.03e-05	3.36e-03	5.92e-02	3.14e-01	3.86e-01	1.78e-01	5.06e-02	6.98e-03	1.45e-03	5.98e-04	1.78e-05	1.80e-07
 7.05194e+22	8.06e-26	4.67e-12	1.24e-09	6.03e-08	6.87e-07	3.91e-06	2.33e-05	3.71e-03	6.31e-02	3.24e-01	3.85e-01	1.70e-01	4.68e-02	6.24e-03	1.27e-03	5.08e-04	1.45e-05	1.41e-07
 7.14670e+22	1.15e-25	6.68e-12	1.72e-09	8.06e-08	8.91e-07	4.89e-06	2.81e-05	4.22e-03	6.85e-02	3.37e-01	3.82e-01	1.59e-01	4.20e-02	5.37e-03	1.07e-03	4.09e-04	1.10e-05	0.00e+00
 7.24225e+22	1.51e-25	8.82e-12	2.21e-09	1.01e-07	1.09e-06	5.82e-06	3.26e-05	4.67e-03	7.30e-02	3.47e-01	3.79e-01	1.51e-01	3.85e-02	4.77e-03	9.36e-04	3.44e-04	8.88e-06	0.00e+00
 7.32239e+22	1.91e-25	1.13e-11	2.77e-09	1.24e-07	1.31e-06	6.82e-06	3.72e-05	5.12e-03	7.74e-02	3.57e-01	3.76e-01	1.44e-01	3.55e-02	4.27e-03	8.24e-04	2.93e-04	7.26e-06	0.00e+00
 7.40908e+22	2.56e-25	1.54e-11	3.68e-09	1.60e-07	1.66e-06	8.35e-06	4.42e-05	5.76e-03	8.33e-02	3.69e-01	3.71e-01	1.34e-01	3.19e-02	3.69e-03	6.99e-04	2.38e-04	5.60e-06	0.00e+00
 7.49668e+22	3.21e-25	1.96e-11	4.60e-09	1.96e-07	1.99e-06	9.82e-06	5.07e-05	6.33e-03	8.83e-02	3.78e-01	3.67e-01	1.27e-01	2.92e-02	3.27e-03	6.11e-04	2.01e-04	4.53e-06	0.00e+00
 7.58227e+22	4.15e-25	2.60e-11	5.97e-09	2.48e-07	2.48e-06	1.19e-05	5.99e-05	7.09e-03	9.46e-02	3.89e-01	3.61e-01	1.18e-01	2.62e-02	2.83e-03	5.19e-04	1.64e-04	3.50e-06	0.00e+00
 7.66962e+22	5.14e-25	3.30e-11	7.47e-09	3.05e-07	3.01e-06	1.41e-05	6.92e-05	7.82e-03	1.01e-01	3.99e-01	3.55e-01	1.11e-01	2.38e-02	2.49e-03	4.49e-04	1.36e-04	2.79e-06	0.00e+00
 7.75523e+22	6.38e-25	4.26e-11	9.49e-09	3.81e-07	3.70e-06	1.69e-05	8.13e-05	8.72e-03	1.07e-01	4.09e-01	3.48e-01	1.03e-01	2.13e-02	2.15e-03	3.82e-04	1.11e-04	2.17e-06	0.00e+00
 7.84262e+22	7.78e-25	5.39e-11	1.18e-08	4.68e-07	4.49e-06	2.01e-05	9.46e-05	9.67e-03	1.14e-01	4.18e-01	3.40e-01	9.60e-02	1.92e-02	1.87e-03	3.27e-04	9.16e-05	1.70e-06	0.00e+00
 7.92911e+22	9.43e-25	6.80e-11	1.48e-08	5.77e-07	5.48e-06	2.40e-05	1.11e-04	1.07e-02	1.21e-01	4.27e-01	3.32e-01	8.90e-02	1.72e-02	1.61e-03	2.78e-04	7.47e-05	1.32e-06	0.00e+00
 8.01606e+22	1.13e-24	8.46e-11	1.82e-08	7.06e-07	6.64e-06	2.85e-05	1.29e-04	1.19e-02	1.29e-01	4.36e-01	3.24e-01	8.24e-02	1.53e-02	1.39e-03	2.36e-04	6.11e-05	1.03e-06	0.00e+00
 8.10201e+22	1.33e-24	1.04e-10	2.24e-08	8.58e-07	8.01e-06	3.38e-05	1.50e-04	1.32e-02	1.37e-01	4.44e-01	3.15e-01	7.61e-02	1.37e-02	1.20e-03	2.01e-04	4.98e-05	8.00e-07	0.00e+00
 8.18781e+22	1.56e-24	1.27e-10	2.72e-08	1.04e-06	9.63e-06	3.99e-05	1.74e-04	1.46e-02	1.45e-01	4.51e-01	3.05e-01	7.02e-02	1.22e-02	1.03e-03	1.71e-04	4.07e-05	6.22e-07	0.00e+00
 8.27376e+22	1.82e-24	1.54e-10	3.30e-08	1.25e-06	1.16e-05	4.72e-05	2.03e-04	1.62e-02	1.53e-01	4.58e-01	2.96e-01	6.46e-02	1.09e-02	8.89e-04	1.45e-04	3.31e-05	4.82e-07	0.00e+00
 8.36006e+22	2.10e-24	1.85e-10	3.98e-08	1.51e-06	1.38e-05	5.56e-05	2.36e-04	1.78e-02	1.62e-01	4.64e-01	2.86e-01	5.94e-02	9.65e-03	7.64e-04	1.22e-04	2.69e-05	3.74e-07	0.00e+00
 8.44687e+22	2.42e-24	2.21e-10	4.77e-08	1.80e-06	1.65e-05	6.54e-05	2.74e-04	1.97e-02	1.71e-01	4.69e-01	2.76e-01	5.44e-02	8.55e-03	6.55e-04	1.03e-04	2.18e-05	2.89e-07	0.00e+00
 8.53449e+22	2.78e-24	2.63e-10	5.70e-08	2.16e-06	1.97e-05	7.69e-05	3.18e-04	2.18e-02	1.81e-01	4.74e-01	2.65e-01	4.98e-02	7.56e-03	5.60e-04	8.71e-05	1.77e-05	2.23e-07	0.00e+00
 8.62313e+22	3.19e-24	3.10e-10	6.80e-08	2.57e-06	2.35e-05	9.03e-05	3.69e-04	2.40e-02	1.91e-01	4.77e-01	2.55e-01	4.54e-02	6.67e-03	4.78e-04	7.32e-05	1.43e-05	1.71e-07	0.00e+00
 8.71224e+22	3.66e-24	3.63e-10	8.07e-08	3.06e-06	2.79e-05	1.06e-04	4.28e-04	2.65e-02	2.01e-01	4.80e-01	2.44e-01	4.14e-02	5.89e-03	4.08e-04	6.16e-05	1.15e-05	1.32e-07	0.00e+00
 8.80281e+22	4.21e-24	4.24e-10	9.58e-08	3.64e-06	3.32e-05	1.24e-04	4.97e-04	2.92e-02	2.11e-01	4.82e-01	2.33e-01	3.75e-02	5.17e-03	3.46e-04	5.15e-05	9.26e-06	0.00e+00	0.00e+00
 8.89444e+22	4.84e-24	4.92e-10	1.13e-07	4.30e-06	3.93e-05	1.45e-04	5.76e-04	3.21e-02	2.22e-01	4.84e-01	2.23e-01	3.41e-02	4.55e-03	2.95e-04	4.32e-05	7.45e-06	0.00e+00	0.00e+00
 8.98785e+22	1.75e-23	5.72e-10	1.34e-07	5.12e-06	4.67e-05	1.70e-04	6.70e-04	3.55e-02	2.33e-01	4.84e-01	2.12e-01	3.07e-02	3.97e-03	2.49e-04	3.58e-05	5.94e-06	0.00e+00	0.00e+00
 9.07477e+22	1.98e-23	6.45e-10	1.54e-07	5.88e-06	5.37e-05	1.94e-04	7.57e-04	3.84e-02	2.42e-01	4.84e-01	2.03e-01	2.83e-02	3.56e-03	2.17e-04	3.08e-05	4.94e-06	0.00e+00	0.00e+00
 9.16407e+22	2.32e-23	7.46e-10	1.83e-07	7.01e-06	6.40e-05	2.28e-04	8.84e-04	4.24e-02	2.54e-01	4.82e-01	1.92e-01	2.53e-02	3.08e-03	1.81e-04	2.54e-05	3.89e-06	0.00e+00	0.00e+00
 9.25487e+22	2.66e-23	8.41e-10	2.10e-07	8.06e-06	7.36e-05	2.59e-04	9.99e-04	4.59e-02	2.64e-01	4.80e-01	1.83e-01	2.32e-02	2.75e-03	1.57e-04	2.17e-05	3.22e-06	0.00e+00	0.00e+00
 9.34811e+22	3.16e-23	9.68e-10	2.49e-07	9.61e-06	8.79e-05	3.06e-04	1.17e-03	5.08e-02	2.76e-01	4.76e-01	1.72e-01	2.06e-02	2.37e-03	1.30e-04	1.77e-05	2.51e-06	0.00e+00	0.00e+00
 9.44189e+22	3.68e-23	1.09e-09	2.87e-07	1.10e-05	1.01e-04	3.46e-04	1.32e-03	5.47e-02	2.86e-01	4.73e-01	1.63e-01	1.88e-02	2.11e-03	1.13e-04	1.52e-05	2.08e-06	0.00e+00	0.00e+00
 9.53638e+22	4.44e-23	1.26e-09	3.41e-07	1.31e-05	1.20e-04	4.06e-04	1.54e-03	6.03e-02	2.98e-01	4.68e-01	1.53e-01	1.67e-02	1.82e-03	9.41e-05	1.24e-05	1.63e-06	0.00e+00	0.00e+00
 9.63143e+22	5.20e-23	1.41e-09	3.92e-07	1.51e-05	1.37e-04	4.58e-04	1.72e-03	6.48e-02	3.08e-01	4.63e-01	1.45e-01	1.52e-02	1.62e-03	8.16e-05	1.06e-05	1.35e-06	0.00e+00	0.00e+00
 9.72722e+22	6.35e-23	1.63e-09	4.66e-07	1.79e-05	1.62e-04	5.36e-04	2.00e-03	7.12e-02	3.20e-01	4.56e-01	1.35e-01	1.35e-02	1.39e-03	6.76e-05	8.62e-06	1.05e-06	0.00e+00	0.00e+00
 9.82381e+22	7.51e-23	1.83e-09	5.37e-07	2.05e-05	1.85e-04	6.04e-04	2.24e-03	7.64e-02	3.29e-01	4.50e-01	1.28e-01	1.22e-02	1.23e-03	5.85e-05	7.35e-06	8.66e-07	0.00e+00	0.00e+00
 9.92144e+22	9.31e-23	2.12e-09	6.40e-07	2.44e-05	2.19e-04	7.04e-04	2.60e-03	8.36e-02	3.41e-01	4.41e-01	1.19e-01	1.08e-02	1.06e-03	4.83e-05	5.97e-06	6.74e-07	0.00e+00	0.00e+00
 1.00203e+23	1.11e-22	2.39e-09	7.39e-07	2.80e-05	2.51e-04	7.93e-04	2.91e-03	8.95e-02	3.50e-01	4.34e-01	1.12e-01	9.77e-03	9.35e-04	4.17e-05	5.07e-06	5.54e-07	0.00e+00	0.00e+00
 1.01208e+23	1.40e-22	2.77e-09	8.87e-07	3.34e-05	2.97e-04	9.23e-04	3.36e-03	9.77e-02	3.62e-01	4.23e-01	1.03e-01	8.57e-03	7.97e-04	3.43e-05	4.10e-06	4.29e-07	0.00e+00	0.00e+00
 1.02230e+23	1.70e-22	3.14e-09	1.03e-06	3.85e-05	3.39e-04	1.04e-03	3.76e-03	1.05e-01	3.70e-01	4.15e-01	9.66e-02	7.72e-03	7.02e-04	2.94e-05	3.47e-06	3.50e-07	0.00e+00	0.00e+00
 1.03272e+23	2.17e-22	3.68e-09	1.25e-06	4.61e-05	4.02e-04	1.21e-03	4.35e-03	1.14e-01	3.81e-01	4.03e-01	8.85e-02	6.73e-03	5.95e-04	2.40e-05	2.78e-06	2.69e-07	0.00e+00	0.00e+00
 1.04337e+23	2.68e-22	4.22e-09	1.46e-06	5.34e-05	4.61e-04	1.36e-03	4.86e-03	1.22e-01	3.89e-01	3.93e-01	8.25e-02	6.03e-03	5.22e-04	2.05e-05	2.34e-06	2.18e-07	0.00e+00	0.00e+00
 1.05431e+23	3.51e-22	5.00e-09	1.78e-06	6.45e-05	5.49e-04	1.59e-03	5.62e-03	1.32e-01	3.99e-01	3.80e-01	7.51e-02	5.22e-03	4.39e-04	1.66e-05	1.86e-06	1.66e-07	0.00e+00	0.00e+00
 1.06553e+23	4.42e-22	5.81e-09	2.11e-06	7.53e-05	6.32e-04	1.80e-03	6.29e-03	1.41e-01	4.06e-01	3.69e-01	6.95e-02	4.64e-03	3.82e-04	1.40e-05	1.55e-06	1.33e-07	0.00e+00	0.00e+00
 1.07711e+23	5.93e-22	6.98e-09	2.61e-06	9.17e-05	7.56e-04	2.10e-03	7.28e-03	1.54e-01	4.15e-01	3.54e-01	6.27e-02	3.97e-03	3.17e-04	1.12e-05	1.21e-06	0.00e+00	0.00e+00	0.00e+00
 1.08801e+23	7.32e-22	8.01e-09	3.03e-06	1.05e-04	8.53e-04	2.33e-03	7.98e-03	1.62e-01	4.20e-01	3.44e-01	5.86e-02	3.59e-03	2.81e-04	9.71e-06	1.04e-06	0.00e+00	0.00e+00	0.00e+00
 1.09802e+23	9.54e-22	9.48e-09	3.65e-06	1.24e-04	9.93e-04	2.65e-03	9.00e-03	1.73e-01	4.26e-01	3.31e-01	5.34e-02	3.14e-03	2.40e-04	8.02e-06	8.41e-07	0.00e+00	0.00e+00	0.00e+00
 1.10795e+23	1.17e-21	1.09e-08	4.22e-06	1.42e-04	1.11e-03	2.92e-03	9.81e-03	1.82e-01	4.30e-01	3.22e-01	4.99e-02	2.84e-03	2.13e-04	6.96e-06	7.21e-07	0.00e+00	0.00e+00	0.00e+00
 1.11777e+23	1.52e-21	1.28e-08	5.06e-06	1.67e-04	1.29e-03	3.31e-03	1.10e-02	1.94e-01	4.34e-01	3.08e-01	4.54e-02	2.48e-03	1.82e-04	5.75e-06	5.86e-07	0.00e+00	0.00e+00	0.00e+00
 1.12765e+23	1.89e-21	1.48e-08	5.88e-06	1.91e-04	1.44e-03	3.64e-03	1.20e-02	2.03e-01	4.37e-01	2.99e-01	4.23e-02	2.24e-03	1.62e-04	4.98e-06	5.01e-07	0.00e+00	0.00e+00	0.00e+00
 1.13760e+23	2.49e-21	1.76e-08	7.09e-06	2.26e-04	1.67e-03	4.12e-03	1.34e-02	2.15e-01	4.40e-01	2.86e-01	3.83e-02	1.95e-03	1.38e-04	4.11e-06	4.07e-07	0.00e+00	0.00e+00	0.00e+00
 1.14774e+23	3.14e-21	2.05e-08	8.28e-06	2.59e-04	1.88e-03	4.54e-03	1.45e-02	2.24e-01	4.41e-01	2.76e-01	3.55e-02	1.76e-03	1.22e-04	3.54e-06	3.46e-07	0.00e+00	0.00e+00	0.00e+00
 1.15811e+23	4.21e-21	2.48e-08	1.01e-05	3.08e-04	2.18e-03	5.14e-03	1.62e-02	2.38e-01	4.43e-01	2.62e-01	3.20e-02	1.52e-03	1.03e-04	2.90e-06	2.79e-07	0.00e+00	0.00e+00	0.00e+00
 1.16863e+23	5.38e-21	2.92e-08	1.18e-05	3.55e-04	2.45e-03	5.65e-03	1.76e-02	2.48e-01	4.43e-01	2.52e-01	2.96e-02	1.36e-03	9.04e-05	2.49e-06	2.36e-07	0.00e+00	0.00e+00	0.00e+00
 1.17934e+23	7.32e-21	3.57e-08	1.45e-05	4.24e-04	2.85e-03	6.40e-03	1.96e-02	2.62e-01	4.43e-01	2.38e-01	2.65e-02	1.17e-03	7.60e-05	2.02e-06	1.89e-07	0.00e+00	0.00e+00	0.00e+00
 1.19026e+23	9.51e-21	4.25e-08	1.72e-05	4.91e-04	3.22e-03	7.06e-03	2.13e-02	2.72e-01	4.42e-01	2.28e-01	2.43e-02	1.04e-03	6.64e-05	1.72e-06	1.58e-07	0.00e+00	0.00e+00	0.00e+00
 1.20144e+23	1.32e-20	5.27e-08	2.12e-05	5.91e-04	3.76e-03	8.00e-03	2.37e-02	2.87e-01	4.40e-01	2.15e-01	2.16e-02	8.91e-04	5.53e-05	1.39e-06	1.25e-07	0.00e+00	0.00e+00	0.00e+00
 1.21288e+23	1.75e-20	6.36e-08	2.54e-05	6.89e-04	4.26e-03	8.83e-03	2.57e-02	2.98e-01	4.37e-01	2.05e-01	1.97e-02	7.89e-04	4.80e-05	1.17e-06	0.00e+00	0.00e+00	0.00e+00	0.00e+00
 1.22464e+23	2.49e-20	8.02e-08	3.17e-05	8.36e-04	4.99e-03	1.00e-02	2.86e-02	3.13e-01	4.33e-01	1.91e-01	1.74e-02	6.67e-04	3.95e-05	9.33e-07	0.00e+00	0.00e+00	0.00e+00	0.00e+00
 1.23666e+23	3.35e-20	9.79e-08	3.81e-05	9.80e-04	5.67e-03	1.11e-02	3.10e-02	3.25e-01	4.29e-01	1.81e-01	1.57e-02	5.85e-04	3.40e-05	7.79e-07	0.00e+00	0.00e+00	0.00e+00	0.00e+00
 1.24903e+23	4.91e-20	1.26e-07	4.83e-05	1.20e-03	6.67e-03	1.26e-02	3.44e-02	3.40e-01	4.23e-01	1.68e-01	1.37e-02	4.91e-04	2.77e-05	6.14e-07	0.00e+00	0.00e+00	0.00e+00	0.00e+00
 1.26154e+23	6.70e-20	1.55e-07	5.83e-05	1.41e-03	7.58e-03	1.39e-02	3.72e-02	3.52e-01	4.17e-01	1.58e-01	1.24e-02	4.29e-04	2.37e-05	5.11e-07	0.00e+00	0.00e+00	0.00e+00	0.00e+00
 1.27425e+23	9.96e-20	2.01e-07	7.41e-05	1.73e-03	8.93e-03	1.58e-02	4.12e-02	3.67e-01	4.08e-01	1.46e-01	1.07e-02	3.57e-04	1.92e-05	3.99e-07	0.00e+00	0.00e+00	0.00e+00	0.00e+00
 1.28710e+23	1.38e-19	2.50e-07	8.98e-05	2.04e-03	1.01e-02	1.75e-02	4.44e-02	3.78e-01	4.01e-01	1.37e-01	9.60e-03	3.11e-04	1.63e-05	3.30e-07	0.00e+00	0.00e+00	0.00e+00	0.00e+00
 1.30014e+23	2.09e-19	3.28e-07	1.15e-04	2.51e-03	1.19e-02	1.98e-02	4.90e-02	3.92e-01	3.91e-01	1.25e-01	8.26e-03	2.57e-04	1.31e-05	2.56e-07	0.00e+00	0.00e+00	0.00e+00	0.00e+00
 1.31288e+23	2.85e-19	4.03e-07	1.37e-04	2.92e-03	1.34e-02	2.16e-02	5.23e-02	4.02e-01	3.83e-01	1.17e-01	7.43e-03	2.25e-04	1.13e-05	2.14e-07	0.00e+00	0.00e+00	0.00e+00	0.00e+00
 1.32524e+23	4.25e-19	5.22e-07	1.73e-04	3.54e-03	1.56e-02	2.42e-02	5.70e-02	4.14e-01	3.71e-01	1.08e-01	6.41e-03	1.88e-04	9.13e-06	1.67e-07	0.00e+00	0.00e+00	0.00e+00	0.00e+00
 1.33806e+23	5.97e-19	6.52e-07	2.09e-04	4.16e-03	1.76e-02	2.66e-02	6.09e-02	4.23e-01	3.62e-01	1.00e-01	5.70e-03	1.62e-04	7.72e-06	1.38e-07	0.00e+00	0.00e+00	0.00e+00	0.00e+00
 1.34899e+23	1.94e-19	7.90e-07	2.47e-04	4.78e-03	1.96e-02	2.88e-02	6.45e-02	4.30e-01	3.53e-01	9.36e-02	5.12e-03	1.42e-04	6.63e-06	0.00e+00	0.00e+00	0.00e+00	0.00e+00	0.00e+00
 1.36073e+23	2.78e-19	1.01e-06	3.06e-04	5.71e-03	2.24e-02	3.18e-02	6.94e-02	4.40e-01	3.41e-01	8.56e-02	4.44e-03	1.20e-04	5.42e-06	0.00e+00	0.00e+00	0.00e+00	0.00e+00	0.00e+00
 1.37250e+23	3.70e-19	1.23e-06	3.61e-04	6.56e-03	2.49e-02	3.43e-02	7.33e-02	4.46e-01	3.31e-01	7.98e-02	3.97e-03	1.05e-04	4.64e-06	0.00e+00	0.00e+00	0.00e+00	0.00e+00	0.00e+00
 1.38431e+23	5.26e-19	1.56e-06	4.44e-04	7.78e-03	2.83e-02	3.77e-02	7.82e-02	4.53e-01	3.18e-01	7.29e-02	3.45e-03	8.83e-05	3.82e-06	0.00e+00	0.00e+00	0.00e+00	0.00e+00	0.00e+00
 1.39659e+23	7.25e-19	1.94e-06	5.33e-04	9.05e-03	3.17e-02	4.09e-02	8.28e-02	4.58e-01	3.07e-01	6.70e-02	3.03e-03	7.56e-05	3.19e-06	0.00e+00	0.00e+00	0.00e+00	0.00e+00	0.00e+00
 1.40755e+23	9.75e-19	2.36e-06	6.30e-04	1.04e-02	3.51e-02	4.40e-02	8.70e-02	4.62e-01	2.96e-01	6.21e-02	2.70e-03	6.57e-05	2.71e-06	0.00e+00	0.00e+00	0.00e+00	0.00e+00	0.00e+00
 1.41985e+23	6.80e-18	3.03e-06	7.76e-04	1.23e-02	3.97e-02	4.80e-02	9.23e-02	4.66e-01	2.83e-01	5.62e-02	2.32e-03	5.49e-05	2.20e-06	0.00e+00	0.00e+00	0.00e+00	0.00e+00	0.00e+00
 1.43281e+23	1.05e-17	3.80e-06	9.37e-04	1.44e-02	4.45e-02	5.20e-02	9.72e-02	4.68e-01	2.70e-01	5.11e-02	2.01e-03	4.64e-05	1.81e-06	0.00e+00	0.00e+00	0.00e+00	0.00e+00	0.00e+00
 1.44460e+23	1.52e-17	4.69e-06	1.12e-03	1.65e-02	4.93e-02	5.59e-02	1.02e-01	4.69e-01	2.58e-01	4.67e-02	1.76e-03	3.97e-05	1.51e-06	0.00e+00	0.00e+00	0.00e+00	0.00e+00	0.00e+00
 1.45790e+23	2.43e-17	6.10e-06	1.39e-03	1.97e-02	5.59e-02	6.09e-02	1.07e-01	4.69e-01	2.43e-01	4.15e-02	1.48e-03	3.25e-05	1.20e-06	0.00e+00	0.00e+00	0.00e+00	0.00e+00	0.00e+00
 1.47162e+23	5.80e-18	7.67e-06	1.67e-03	2.30e-02	6.22e-02	6.55e-02	1.12e-01	4.67e-01	2.30e-01	3.73e-02	1.27e-03	2.71e-05	9.75e-07	0.00e+00	0.00e+00	0.00e+00	0.00e+00	0.00e+00
 1.48380e+23	8.07e-18	9.49e-06	1.99e-03	2.64e-02	6.86e-02	7.00e-02	1.17e-01	4.64e-01	2.17e-01	3.37e-02	1.10e-03	2.29e-05	8.03e-07	0.00e+00	0.00e+00	0.00e+00	0.00e+00	0.00e+00
 1.49758e+23	1.22e-17	1.24e-05	2.46e-03	3.13e-02	7.72e-02	7.56e-02	1.22e-01	4.59e-01	2.02e-01	2.96e-02	9.11e-04	1.85e-05	6.27e-07	0.00e+00	0.00e+00	0.00e+00	0.00e+00	0.00e+00
 1.51188e+23	1.78e-17	1.56e-05	2.97e-03	3.63e-02	8.55e-02	8.08e-02	1.27e-01	4.52e-01	1.88e-01	2.62e-02	7.69e-04	1.52e-05	5.01e-07	0.00e+00	0.00e+00	0.00e+00	0.00e+00	0.00e+00
 1.52471e+23	2.51e-17	1.93e-05	3.53e-03	4.15e-02	9.37e-02	8.56e-02	1.30e-01	4.45e-01	1.76e-01	2.33e-02	6.54e-04	1.27e-05	4.05e-07	0.00e+00	0.00e+00	0.00e+00	0.00e+00	0.00e+00
 1.53925e+23	3.94e-17	2.54e-05	4.39e-03	4.92e-02	1.05e-01	9.18e-02	1.35e-01	4.34e-01	1.61e-01	2.00e-02	5.30e-04	9.96e-06	3.08e-07	0.00e+00	0.00e+00	0.00e+00	0.00e+00	0.00e+00
 1.55427e+23	5.82e-17	3.19e-05	5.26e-03	5.66e-02	1.15e-01	9.70e-02	1.38e-01	4.22e-01	1.48e-01	1.74e-02	4.40e-04	8.08e-06	2.42e-07	0.00e+00	0.00e+00	0.00e+00	0.00e+00	0.00e+00
 1.56991e+23	9.46e-17	4.23e-05	6.55e-03	6.70e-02	1.28e-01	1.03e-01	1.42e-01	4.06e-01	1.32e-01	1.46e-02	3.48e-04	6.20e-06	1.79e-07	0.00e+00	0.00e+00	0.00e+00	0.00e+00	0.00e+00
 1.58572e+23	1.43e-16	5.30e-05	7.82e-03	7.65e-02	1.39e-01	1.08e-01	1.44e-01	3.91e-01	1.20e-01	1.26e-02	2.85e-04	4.96e-06	1.38e-07	0.00e+00	0.00e+00	0.00e+00	0.00e+00	0.00e+00
 1.59962e+23	2.14e-16	6.57e-05	9.23e-03	8.66e-02	1.50e-01	1.13e-01	1.45e-01	3.76e-01	1.09e-01	1.09e-02	2.35e-04	4.00e-06	0.00e+00	0.00e+00	0.00e+00	0.00e+00	0.00e+00	0.00e+00
 1.61553e+23	3.66e-16	8.65e-05	1.14e-02	1.01e-01	1.65e-01	1.18e-01	1.46e-01	3.54e-01	9.56e-02	8.87e-03	1.80e-04	2.97e-06	0.00e+00	0.00e+00	0.00e+00	0.00e+00	0.00e+00	0.00e+00
 1.63163e+23	5.68e-16	1.07e-04	1.34e-02	1.14e-01	1.76e-01	1.22e-01	1.46e-01	3.36e-01	8.56e-02	7.53e-03	1.46e-04	2.35e-06	0.00e+00	0.00e+00	0.00e+00	0.00e+00	0.00e+00	0.00e+00
 1.64794e+23	9.98e-16	1.39e-04	1.63e-02	1.31e-01	1.90e-01	1.25e-01	1.45e-01	3.12e-01	7.39e-02	6.08e-03	1.11e-04	1.74e-06	0.00e+00	0.00e+00	0.00e+00	0.00e+00	0.00e+00	0.00e+00
 1.66456e+23	1.74e-15	1.72e-04	1.91e-02	1.46e-01	2.02e-01	1.28e-01	1.43e-01	2.91e-01	6.49e-02	5.05e-03	8.79e-05	1.34e-06	0.00e+00	0.00e+00	0.00e+00	0.00e+00	0.00e+00	0.00e+00
 1.67933e+23	3.04e-15	2.11e-04	2.21e-02	1.62e-01	2.12e-01	1.30e-01	1.41e-01	2.71e-01	5.69e-02	4.19e-03	6.95e-05	1.03e-06	0.00e+00	0.00e+00	0.00e+00	0.00e+00	0.00e+00	0.00e+00
 1.69632e+23	6.55e-15	2.72e-04	2.66e-02	1.84e-01	2.25e-01	1.31e-01	1.37e-01	2.46e-01	4.77e-02	3.28e-03	5.12e-05	7.40e-07	0.00e+00	0.00e+00	0.00e+00	0.00e+00	0.00e+00	0.00e+00
 1.71358e+23	1.70e-14	3.33e-04	3.07e-02	2.02e-01	2.34e-01	1.31e-01	1.33e-01	2.25e-01	4.10e-02	2.66e-03	3.97e-05	5.59e-07	0.00e+00	0.00e+00	0.00e+00	0.00e+00	0.00e+00	0.00e+00
 1.73118e+23	6.62e-14	4.28e-04	3.66e-02	2.26e-01	2.44e-01	1.31e-01	1.27e-01	2.00e-01	3.36e-02	2.03e-03	2.84e-05	3.88e-07	0.00e+00	0.00e+00	0.00e+00	0.00e+00	0.00e+00	0.00e+00
 1.74896e+23	2.57e-13	5.18e-04	4.19e-02	2.45e-01	2.51e-01	1.29e-01	1.21e-01	1.81e-01	2.85e-02	1.63e-03	2.17e-05	2.89e-07	0.00e+00	0.00e+00	0.00e+00	0.00e+00	0.00e+00	0.00e+00
 1.76696e+23	4.36e-12	6.60e-04	4.93e-02	2.70e-01	2.58e-01	1.27e-01	1.14e-01	1.58e-01	2.28e-02	1.21e-03	1.53e-05	1.97e-07	0.00e+00	0.00e+00	0.00e+00	0.00e+00	0.00e+00	0.00e+00
 1.78462e+23	7.53e-11	7.84e-04	5.54e-02	2.89e-01	2.61e-01	1.24e-01	1.08e-01	1.42e-01	1.93e-02	9.71e-04	1.17e-05	1.47e-07	0.00e+00	0.00e+00	0.00e+00	0.00e+00	0.00e+00	0.00e+00
 1.80182e+23	2.56e-09	9.74e-04	6.39e-02	3.12e-01	2.64e-01	1.20e-01	1.00e-01	1.23e-01	1.54e-02	7.24e-04	8.24e-06	0.00e+00	0.00e+00	0.00e+00	0.00e+00	0.00e+00	0.00e+00	0.00e+00
 1.81845e+23	7.92e-09	1.13e-03	7.05e-02	3.29e-01	2.65e-01	1.16e-01	9.48e-02	1.10e-01	1.31e-02	5.86e-04	6.42e-06	0.00e+00	0.00e+00	0.00e+00	0.00e+00	0.00e+00	0.00e+00	0.00e+00
 1.83433e+23	1.28e-08	1.37e-03	7.95e-02	3.49e-01	2.64e-01	1.12e-01	8.78e-02	9.56e-02	1.06e-02	4.44e-04	4.63e-06	0.00e+00	0.00e+00	0.00e+00	0.00e+00	0.00e+00	0.00e+00	0.00e+00
 1.85022e+23	1.80e-08	1.58e-03	8.70e-02	3.64e-01	2.63e-01	1.08e-01	8.23e-02	8.53e-02	8.90e-03	3.57e-04	3.58e-06	0.00e+00	0.00e+00	0.00e+00	0.00e+00	0.00e+00	0.00e+00	0.00e+00
 1.86612e+23	2.70e-08	1.89e-03	9.72e-02	3.83e-01	2.60e-01	1.02e-01	7.55e-02	7.33e-02	7.10e-03	2.68e-04	2.56e-06	0.00e+00	0.00e+00	0.00e+00	0.00e+00	0.00e+00	0.00e+00	0.00e+00
 1.88241e+23	3.71e-08	2.18e-03	1.06e-01	3.97e-01	2.56e-01	9.77e-02	7.01e-02	6.44e-02	5.88e-03	2.11e-04	1.94e-06	0.00e+00	0.00e+00	0.00e+00	0.00e+00	0.00e+00	0.00e+00	0.00e+00
 1.89919e+23	5.41e-08	2.60e-03	1.18e-01	4.14e-01	2.51e-01	9.19e-02	6.35e-02	5.46e-02	4.62e-03	1.56e-04	1.36e-06	0.00e+00	0.00e+00	0.00e+00	0.00e+00	0.00e+00	0.00e+00	0.00e+00
 1.91617e+23	7.28e-08	3.00e-03	1.28e-01	4.27e-01	2.45e-01	8.71e-02	5.84e-02	4.75e-02	3.77e-03	1.21e-04	1.02e-06	0.00e+00	0.00e+00	0.00e+00	0.00e+00	0.00e+00	0.00e+00	0.00e+00
 1.93113e+23	9.61e-08	3.43e-03	1.39e-01	4.38e-01	2.39e-01	8.24e-02	5.37e-02	4.14e-02	3.09e-03	9.42e-05	7.63e-07	0.00e+00	0.00e+00	0.00e+00	0.00e+00	0.00e+00	0.00e+00	0.00e+00
 1.94831e+23	1.35e-07	4.07e-03	1.53e-01	4.51e-01	2.31e-01	7.65e-02	4.81e-02	3.45e-02	2.38e-03	6.83e-05	5.28e-07	0.00e+00	0.00e+00	0.00e+00	0.00e+00	0.00e+00	0.00e+00	0.00e+00
 1.96577e+23	1.78e-07	4.67e-03	1.65e-01	4.60e-01	2.23e-01	7.17e-02	4.37e-02	2.96e-02	1.92e-03	5.22e-05	3.87e-07	0.00e+00	0.00e+00	0.00e+00	0.00e+00	0.00e+00	0.00e+00	0.00e+00
 1.97979e+23	2.21e-07	5.22e-03	1.76e-01	4.67e-01	2.17e-01	6.78e-02	4.03e-02	2.61e-02	1.60e-03	4.18e-05	3.00e-07	0.00e+00	0.00e+00	0.00e+00	0.00e+00	0.00e+00	0.00e+00	0.00e+00
 1.99422e+23	2.84e-07	5.93e-03	1.89e-01	4.73e-01	2.09e-01	6.34e-02	3.66e-02	2.24e-02	1.29e-03	3.21e-05	2.22e-07	0.00e+00	0.00e+00	0.00e+00	0.00e+00	0.00e+00	0.00e+00	0.00e+00
 2.00909e+23	3.50e-07	6.62e-03	2.00e-01	4.78e-01	2.02e-01	5.97e-02	3.36e-02	1.96e-02	1.06e-03	2.54e-05	1.70e-07	0.00e+00	0.00e+00	0.00e+00	0.00e+00	0.00e+00	0.00e+00	0.00e+00
 2.02242e+23	4.27e-07	7.36e-03	2.11e-01	4.82e-01	1.94e-01	5.62e-02	3.08e-02	1.71e-02	8.83e-04	2.03e-05	1.32e-07	0.00e+00	0.00e+00	0.00e+00	0.00e+00	0.00e+00	0.00e+00	0.00e+00
 2.03763e+23	5.44e-07	8.38e-03	2.26e-01	4.85e-01	1.85e-01	5.20e-02	2.76e-02	1.45e-02	6.97e-04	1.52e-05	0.00e+00	0.00e+00	0.00e+00	0.00e+00	0.00e+00	0.00e+00	0.00e+00	0.00e+00
 2.05297e+23	6.62e-07	9.31e-03	2.39e-01	4.87e-01	1.78e-01	4.86e-02	2.52e-02	1.25e-02	5.71e-04	1.20e-05	0.00e+00	0.00e+00	0.00e+00	0.00e+00	0.00e+00	0.00e+00	0.00e+00	0.00e+00
 2.06637e+23	7.97e-07	1.03e-02	2.51e-01	4.88e-01	1.71e-01	4.55e-02	2.30e-02	1.09e-02	4.71e-04	9.48e-06	0.00e+00	0.00e+00	0.00e+00	0.00e+00	0.00e+00	0.00e+00	0.00e+00	0.00e+00
 2.08169e+23	9.96e-07	1.17e-02	2.67e-01	4.88e-01	1.62e-01	4.19e-02	2.05e-02	9.17e-03	3.69e-04	7.09e-06	0.00e+00	0.00e+00	0.00e+00	0.00e+00	0.00e+00	0.00e+00	0.00e+00	0.00e+00
 2.09728e+23	1.20e-06	1.29e-02	2.80e-01	4.87e-01	1.54e-01	3.90e-02	1.85e-02	7.90e-03	3.01e-04	5.54e-06	0.00e+00	0.00e+00	0.00e+00	0.00e+00	0.00e+00	0.00e+00	0.00e+00	0.00e+00
 2.11114e+23	1.43e-06	1.42e-02	2.94e-01	4.85e-01	1.47e-01	3.62e-02	1.68e-02	6.82e-03	2.45e-04	4.35e-06	0.00e+00	0.00e+00	0.00e+00	0.00e+00	0.00e+00	0.00e+00	0.00e+00	0.00e+00
 2.12706e+23	1.77e-06	1.61e-02	3.11e-01	4.81e-01	1.38e-01	3.31e-02	1.48e-02	5.67e-03	1.90e-04	3.21e-06	0.00e+00	0.00e+00	0.00e+00	0.00e+00	0.00e+00	0.00e+00	0.00e+00	0.00e+00
 2.14311e+23	2.10e-06	1.78e-02	3.26e-01	4.77e-01	1.30e-01	3.06e-02	1.34e-02	4.85e-03	1.53e-04	2.49e-06	0.00e+00	0.00e+00	0.00e+00	0.00e+00	0.00e+00	0.00e+00	0.00e+00	0.00e+00
 2.15722e+23	2.48e-06	1.95e-02	3.40e-01	4.72e-01	1.24e-01	2.83e-02	1.20e-02	4.16e-03	1.24e-04	1.95e-06	0.00e+00	0.00e+00	0.00e+00	0.00e+00	0.00e+00	0.00e+00	0.00e+00	0.00e+00
 2.17343e+23	3.03e-06	2.20e-02	3.58e-01	4.65e-01	1.15e-01	2.56e-02	1.05e-02	3.44e-03	9.56e-05	1.43e-06	0.00e+00	0.00e+00	0.00e+00	0.00e+00	0.00e+00	0.00e+00	0.00e+00	0.00e+00
 2.18994e+23	3.58e-06	2.42e-02	3.73e-01	4.58e-01	1.08e-01	2.36e-02	9.43e-03	2.92e-03	7.65e-05	1.10e-06	0.00e+00	0.00e+00	0.00e+00	0.00e+00	0.00e+00	0.00e+00	0.00e+00	0.00e+00
 2.20683e+23	4.37e-06	2.72e-02	3.92e-01	4.49e-01	1.00e-01	2.12e-02	8.18e-03	2.38e-03	5.80e-05	7.95e-07	0.00e+00	0.00e+00	0.00e+00	0.00e+00	0.00e+00	0.00e+00	0.00e+00	0.00e+00
 2.22392e+23	5.14e-06	3.00e-02	4.08e-01	4.40e-01	9.39e-02	1.93e-02	7.26e-03	2.01e-03	4.60e-05	6.06e-07	0.00e+00	0.00e+00	0.00e+00	0.00e+00	0.00e+00	0.00e+00	0.00e+00	0.00e+00
 2.24129e+23	6.23e-06	3.36e-02	4.27e-01	4.28e-01	8.63e-02	1.73e-02	6.26e-03	1.63e-03	3.46e-05	4.35e-07	0.00e+00	0.00e+00	0.00e+00	0.00e+00	0.00e+00	0.00e+00	0.00e+00	0.00e+00
 2.25899e+23	7.31e-06	3.70e-02	4.43e-01	4.17e-01	8.03e-02	1.57e-02	5.52e-03	1.36e-03	2.71e-05	3.28e-07	0.00e+00	0.00e+00	0.00e+00	0.00e+00	0.00e+00	0.00e+00	0.00e+00	0.00e+00
 2.27714e+23	8.85e-06	4.15e-02	4.62e-01	4.03e-01	7.33e-02	1.39e-02	4.71e-03	1.09e-03	2.01e-05	2.33e-07	0.00e+00	0.00e+00	0.00e+00	0.00e+00	0.00e+00	0.00e+00	0.00e+00	0.00e+00
 2.29559e+23	1.03e-05	4.56e-02	4.78e-01	3.91e-01	6.77e-02	1.25e-02	4.12e-03	9.06e-04	1.57e-05	1.74e-07	0.00e+00	0.00e+00	0.00e+00	0.00e+00	0.00e+00	0.00e+00	0.00e+00	0.00e+00
 2.31197e+23	1.20e-05	4.99e-02	4.93e-01	3.79e-01	6.26e-02	1.13e-02	3.61e-03	7.56e-04	1.23e-05	1.31e-07	0.00e+00	0.00e+00	0.00e+00	0.00e+00	0.00e+00	0.00e+00	0.00e+00	0.00e+00
 2.32611e+23	1.33e-05	5.31e-02	5.03e-01	3.70e-01	5.92e-02	1.05e-02	3.28e-03	6.64e-04	1.03e-05	0.00e+00	0.00e+00	0.00e+00	0.00e+00	0.00e+00	0.00e+00	0.00e+00	0.00e+00	0.00e+00
 2.33979e+23	1.52e-05	5.75e-02	5.16e-01	3.58e-01	5.49e-02	9.55e-03	2.89e-03	5.61e-04	8.19e-06	0.00e+00	0.00e+00	0.00e+00	0.00e+00	0.00e+00	0.00e+00	0.00e+00	0.00e+00	0.00e+00
 2.35369e+23	1.69e-05	6.14e-02	5.27e-01	3.48e-01	5.16e-02	8.81e-03	2.61e-03	4.88e-04	6.79e-06	0.00e+00	0.00e+00	0.00e+00	0.00e+00	0.00e+00	0.00e+00	0.00e+00	0.00e+00	0.00e+00
 2.36788e+23	1.92e-05	6.64e-02	5.40e-01	3.36e-01	4.77e-02	7.97e-03	2.29e-03	4.11e-04	5.38e-06	0.00e+00	0.00e+00	0.00e+00	0.00e+00	0.00e+00	0.00e+00	0.00e+00	0.00e+00	0.00e+00
 2.38224e+23	2.14e-05	7.08e-02	5.49e-01	3.25e-01	4.46e-02	7.32e-03	2.06e-03	3.56e-04	4.44e-06	0.00e+00	0.00e+00	0.00e+00	0.00e+00	0.00e+00	0.00e+00	0.00e+00	0.00e+00	0.00e+00
 2.39681e+23	2.43e-05	7.67e-02	5.62e-01	3.12e-01	4.10e-02	6.58e-03	1.79e-03	2.98e-04	3.49e-06	0.00e+00	0.00e+00	0.00e+00	0.00e+00	0.00e+00	0.00e+00	0.00e+00	0.00e+00	0.00e+00
 2.41148e+23	2.69e-05	8.15e-02	5.71e-01	3.02e-01	3.83e-02	6.04e-03	1.61e-03	2.59e-04	2.88e-06	0.00e+00	0.00e+00	0.00e+00	0.00e+00	0.00e+00	0.00e+00	0.00e+00	0.00e+00	0.00e+00
 2.42628e+23	3.04e-05	8.79e-02	5.82e-01	2.88e-01	3.52e-02	5.42e-03	1.40e-03	2.16e-04	2.27e-06	0.00e+00	0.00e+00	0.00e+00	0.00e+00	0.00e+00	0.00e+00	0.00e+00	0.00e+00	0.00e+00
 2.44139e+23	3.37e-05	9.36e-02	5.90e-01	2.77e-01	3.27e-02	4.94e-03	1.24e-03	1.87e-04	1.85e-06	0.00e+00	0.00e+00	0.00e+00	0.00e+00	0.00e+00	0.00e+00	0.00e+00	0.00e+00	0.00e+00
 2.45690e+23	3.81e-05	1.01e-01	6.00e-01	2.64e-01	2.98e-02	4.41e-03	1.07e-03	1.56e-04	1.45e-06	0.00e+00	0.00e+00	0.00e+00	0.00e+00	0.00e+00	0.00e+00	0.00e+00	0.00e+00	0.00e+00
 2.47274e+23	4.23e-05	1.08e-01	6.07e-01	2.52e-01	2.76e-02	3.99e-03	9.46e-04	1.33e-04	1.17e-06	0.00e+00	0.00e+00	0.00e+00	0.00e+00	0.00e+00	0.00e+00	0.00e+00	0.00e+00	0.00e+00
 2.48903e+23	4.78e-05	1.16e-01	6.16e-01	2.38e-01	2.50e-02	3.52e-03	8.09e-04	1.10e-04	9.03e-07	0.00e+00	0.00e+00	0.00e+00	0.00e+00	0.00e+00	0.00e+00	0.00e+00	0.00e+00	0.00e+00
 2.50553e+23	5.30e-05	1.24e-01	6.22e-01	2.27e-01	2.29e-02	3.17e-03	7.08e-04	9.38e-05	7.27e-07	0.00e+00	0.00e+00	0.00e+00	0.00e+00	0.00e+00	0.00e+00	0.00e+00	0.00e+00	0.00e+00
 2.52233e+23	5.99e-05	1.33e-01	6.30e-01	2.13e-01	2.07e-02	2.79e-03	6.01e-04	7.73e-05	5.56e-07	0.00e+00	0.00e+00	0.00e+00	0.00e+00	0.00e+00	0.00e+00	0.00e+00	0.00e+00	0.00e+00
 2.53946e+23	6.64e-05	1.42e-01	6.34e-01	2.02e-01	1.89e-02	2.49e-03	5.22e-04	6.56e-05	4.44e-07	0.00e+00	0.00e+00	0.00e+00	0.00e+00	0.00e+00	0.00e+00	0.00e+00	0.00e+00	0.00e+00
 2.55702e+23	7.51e-05	1.53e-01	6.40e-01	1.87e-01	1.69e-02	2.16e-03	4.37e-04	5.36e-05	3.35e-07	0.00e+00	0.00e+00	0.00e+00	0.00e+00	0.00e+00	0.00e+00	0.00e+00	0.00e+00	0.00e+00
 2.57470e+23	8.29e-05	1.62e-01	6.43e-01	1.77e-01	1.54e-02	1.93e-03	3.79e-04	4.56e-05	2.67e-07	0.00e+00	0.00e+00	0.00e+00	0.00e+00	0.00e+00	0.00e+00	0.00e+00	0.00e+00	0.00e+00
 2.59254e+23	9.34e-05	1.75e-01	6.46e-01	1.63e-01	1.37e-02	1.67e-03	3.16e-04	3.73e-05	2.01e-07	0.00e+00	0.00e+00	0.00e+00	0.00e+00	0.00e+00	0.00e+00	0.00e+00	0.00e+00	0.00e+00
 2.61055e+23	1.03e-04	1.85e-01	6.47e-01	1.53e-01	1.24e-02	1.48e-03	2.72e-04	3.18e-05	1.60e-07	0.00e+00	0.00e+00	0.00e+00	0.00e+00	0.00e+00	0.00e+00	0.00e+00	0.00e+00	0.00e+00
 2.62880e+23	1.15e-04	1.99e-01	6.48e-01	1.40e-01	1.10e-02	1.28e-03	2.26e-04	2.60e-05	0.00e+00	0.00e+00	0.00e+00	0.00e+00	0.00e+00	0.00e+00	0.00e+00	0.00e+00	0.00e+00	0.00e+00
 2.64726e+23	1.27e-04	2.11e-01	6.47e-01	1.30e-01	9.94e-03	1.13e-03	1.93e-04	2.21e-05	0.00e+00	0.00e+00	0.00e+00	0.00e+00	0.00e+00	0.00e+00	0.00e+00	0.00e+00	0.00e+00	0.00e+00
 2.66602e+23	1.42e-04	2.26e-01	6.46e-01	1.18e-01	8.72e-03	9.58e-04	1.57e-04	1.80e-05	0.00e+00	0.00e+00	0.00e+00	0.00e+00	0.00e+00	0.00e+00	0.00e+00	0.00e+00	0.00e+00	0.00e+00
 2.68470e+23	1.56e-04	2.39e-01	6.43e-01	1.09e-01	7.87e-03	8.44e-04	1.34e-04	1.53e-05	0.00e+00	0.00e+00	0.00e+00	0.00e+00	0.00e+00	0.00e+00	0.00e+00	0.00e+00	0.00e+00	0.00e+00
 2.70328e+23	1.75e-04	2.56e-01	6.38e-01	9.78e-02	6.88e-03	7.13e-04	1.09e-04	1.25e-05	0.00e+00	0.00e+00	0.00e+00	0.00e+00	0.00e+00	0.00e+00	0.00e+00	0.00e+00	0.00e+00	0.00e+00
 2.72186e+23	1.90e-04	2.70e-01	6.33e-01	8.97e-02	6.19e-03	6.27e-04	9.28e-05	1.07e-05	0.00e+00	0.00e+00	0.00e+00	0.00e+00	0.00e+00	0.00e+00	0.00e+00	0.00e+00	0.00e+00	0.00e+00
 2.74045e+23	2.13e-04	2.89e-01	6.26e-01	7.96e-02	5.38e-03	5.27e-04	7.47e-05	8.68e-06	0.00e+00	0.00e+00	0.00e+00	0.00e+00	0.00e+00	0.00e+00	0.00e+00	0.00e+00	0.00e+00	0.00e+00
 2.75909e+23	2.32e-04	3.04e-01	6.18e-01	7.22e-02	4.82e-03	4.60e-04	6.30e-05	7.41e-06	0.00e+00	0.00e+00	0.00e+00	0.00e+00	0.00e+00	0.00e+00	0.00e+00	0.00e+00	0.00e+00	0.00e+00
 2.77780e+23	2.59e-04	3.24e-01	6.08e-01	6.32e-02	4.15e-03	3.83e-04	5.01e-05	6.00e-06	0.00e+00	0.00e+00	0.00e+00	0.00e+00	0.00e+00	0.00e+00	0.00e+00	0.00e+00	0.00e+00	0.00e+00
 2.79657e+23	2.82e-04	3.41e-01	5.98e-01	5.66e-02	3.69e-03	3.31e-04	4.19e-05	5.09e-06	0.00e+00	0.00e+00	0.00e+00	0.00e+00	0.00e+00	0.00e+00	0.00e+00	0.00e+00	0.00e+00	0.00e+00
 2.81539e+23	3.14e-04	3.63e-01	5.84e-01	4.89e-02	3.16e-03	2.74e-04	3.30e-05	4.11e-06	0.00e+00	0.00e+00	0.00e+00	0.00e+00	0.00e+00	0.00e+00	0.00e+00	0.00e+00	0.00e+00	0.00e+00
 2.83441e+23	3.43e-04	3.82e-01	5.72e-01	4.31e-02	2.78e-03	2.34e-04	2.71e-05	3.45e-06	0.00e+00	0.00e+00	0.00e+00	0.00e+00	0.00e+00	0.00e+00	0.00e+00	0.00e+00	0.00e+00	0.00e+00
 2.85369e+23	3.84e-04	4.07e-01	5.53e-01	3.64e-02	2.33e-03	1.90e-04	2.08e-05	2.73e-06	0.00e+00	0.00e+00	0.00e+00	0.00e+00	0.00e+00	0.00e+00	0.00e+00	0.00e+00	0.00e+00	0.00e+00
 2.87310e+23	4.20e-04	4.28e-01	5.38e-01	3.15e-02	2.02e-03	1.60e-04	1.68e-05	2.26e-06	0.00e+00	0.00e+00	0.00e+00	0.00e+00	0.00e+00	0.00e+00	0.00e+00	0.00e+00	0.00e+00	0.00e+00
 2.89270e+23	4.68e-04	4.54e-01	5.17e-01	2.61e-02	1.67e-03	1.28e-04	1.27e-05	1.77e-06	0.00e+00	0.00e+00	0.00e+00	0.00e+00	0.00e+00	0.00e+00	0.00e+00	0.00e+00	0.00e+00	0.00e+00
 2.91246e+23	5.14e-04	4.78e-01	4.98e-01	2.20e-02	1.41e-03	1.05e-04	9.94e-06	1.42e-06	0.00e+00	0.00e+00	0.00e+00	0.00e+00	0.00e+00	0.00e+00	0.00e+00	0.00e+00	0.00e+00	0.00e+00
 2.92734e+23	5.52e-04	4.96e-01	4.83e-01	1.92e-02	1.23e-03	8.98e-05	8.22e-06	1.20e-06	0.00e+00	0.00e+00	0.00e+00	0.00e+00	0.00e+00	0.00e+00	0.00e+00	0.00e+00	0.00e+00	0.00e+00
 2.94159e+23	5.96e-04	5.18e-01	4.64e-01	1.63e-02	1.04e-03	7.44e-05	6.53e-06	9.81e-07	0.00e+00	0.00e+00	0.00e+00	0.00e+00	0.00e+00	0.00e+00	0.00e+00	0.00e+00	0.00e+00	0.00e+00
 2.95686e+23	6.44e-04	5.39e-01	4.46e-01	1.38e-02	8.80e-04	6.14e-05	5.17e-06	7.96e-07	0.00e+00	0.00e+00	0.00e+00	0.00e+00	0.00e+00	0.00e+00	0.00e+00	0.00e+00	0.00e+00	0.00e+00
 2.97099e+23	6.91e-04	5.60e-01	4.27e-01	1.16e-02	7.37e-04	5.05e-05	4.09e-06	6.44e-07	0.00e+00	0.00e+00	0.00e+00	0.00e+00	0.00e+00	0.00e+00	0.00e+00	0.00e+00	0.00e+00	0.00e+00
 2.98480e+23	7.42e-04	5.82e-01	4.07e-01	9.65e-03	6.08e-04	4.09e-05	3.19e-06	5.14e-07	0.00e+00	0.00e+00	0.00e+00	0.00e+00	0.00e+00	0.00e+00	0.00e+00	0.00e+00	0.00e+00	0.00e+00
 2.99819e+23	7.93e-04	6.03e-01	3.87e-01	7.94e-03	4.96e-04	3.28e-05	2.47e-06	4.06e-07	0.00e+00	0.00e+00	0.00e+00	0.00e+00	0.00e+00	0.00e+00	0.00e+00	0.00e+00	0.00e+00	0.00e+00
 3.01068e+23	8.44e-04	6.25e-01	3.67e-01	6.49e-03	4.01e-04	2.61e-05	1.91e-06	3.19e-07	0.00e+00	0.00e+00	0.00e+00	0.00e+00	0.00e+00	0.00e+00	0.00e+00	0.00e+00	0.00e+00	0.00e+00
 3.02209e+23	8.88e-04	6.45e-01	3.49e-01	5.31e-03	3.24e-04	2.08e-05	1.49e-06	2.52e-07	0.00e+00	0.00e+00	0.00e+00	0.00e+00	0.00e+00	0.00e+00	0.00e+00	0.00e+00	0.00e+00	0.00e+00
 3.03263e+23	9.31e-04	6.64e-01	3.30e-01	4.31e-03	2.60e-04	1.65e-05	1.16e-06	1.98e-07	0.00e+00	0.00e+00	0.00e+00	0.00e+00	0.00e+00	0.00e+00	0.00e+00	0.00e+00	0.00e+00	0.00e+00
 3.04245e+23	9.73e-04	6.83e-01	3.12e-01	3.48e-03	2.06e-04	1.29e-05	8.95e-07	1.54e-07	0.00e+00	0.00e+00	0.00e+00	0.00e+00	0.00e+00	0.00e+00	0.00e+00	0.00e+00	0.00e+00	0.00e+00
 3.05133e+23	1.01e-03	7.00e-01	2.96e-01	2.81e-03	1.64e-04	1.02e-05	7.00e-07	0.00e+00	0.00e+00	0.00e+00	0.00e+00	0.00e+00	0.00e+00	0.00e+00	0.00e+00	0.00e+00	0.00e+00	0.00e+00
 3.05922e+23	1.04e-03	7.16e-01	2.80e-01	2.29e-03	1.31e-04	8.07e-06	5.54e-07	0.00e+00	0.00e+00	0.00e+00	0.00e+00	0.00e+00	0.00e+00	0.00e+00	0.00e+00	0.00e+00	0.00e+00	0.00e+00
 3.06629e+23	1.06e-03	7.30e-01	2.67e-01	1.88e-03	1.06e-04	6.47e-06	4.45e-07	0.00e+00	0.00e+00	0.00e+00	0.00e+00	0.00e+00	0.00e+00	0.00e+00	0.00e+00	0.00e+00	0.00e+00	0.00e+00
 3.07273e+23	1.09e-03	7.44e-01	2.53e-01	1.55e-03	8.60e-05	5.20e-06	3.60e-07	0.00e+00	0.00e+00	0.00e+00	0.00e+00	0.00e+00	0.00e+00	0.00e+00	0.00e+00	0.00e+00	0.00e+00	0.00e+00
 3.07860e+23	1.11e-03	7.56e-01	2.42e-01	1.29e-03	7.04e-05	4.23e-06	2.95e-07	0.00e+00	0.00e+00	0.00e+00	0.00e+00	0.00e+00	0.00e+00	0.00e+00	0.00e+00	0.00e+00	0.00e+00	0.00e+00
 3.08353e+23	1.12e-03	7.65e-01	2.33e-01	1.10e-03	5.93e-05	3.54e-06	2.49e-07	0.00e+00	0.00e+00	0.00e+00	0.00e+00	0.00e+00	0.00e+00	0.00e+00	0.00e+00	0.00e+00	0.00e+00	0.00e+00
