#depth	Ne	Ne+	Ne+2	Ne+3	Ne+4	Ne+5	Ne+6	Ne+7	Ne+8	Ne+9	Ne+10
 1.54284e+22	1.00e-22	1.34e-17	1.13e-13	1.44e-10	4.60e-08	3.47e-06	8.30e-05	1.23e-03	7.38e-02	3.90e-01	5.34e-01
 3.44682e+22	1.12e-20	9.46e-16	4.84e-12	3.70e-09	7.67e-07	3.72e-05	5.27e-04	4.32e-03	1.50e-01	4.66e-01	3.80e-01
 3.96088e+22	5.00e-20	3.67e-15	1.62e-11	1.06e-08	1.92e-06	8.06e-05	9.67e-04	6.51e-03	1.86e-01	4.81e-01	3.25e-01
 4.19025e+22	9.87e-20	6.82e-15	2.81e-11	1.71e-08	2.92e-06	1.15e-04	1.28e-03	7.86e-03	2.06e-01	4.85e-01	3.00e-01
 4.28705e+22	1.18e-19	8.01e-15	3.25e-11	1.94e-08	3.26e-06	1.26e-04	1.37e-03	8.25e-03	2.11e-01	4.85e-01	2.94e-01
 4.33384e+22	1.47e-19	9.81e-15	3.89e-11	2.27e-08	3.74e-06	1.42e-04	1.51e-03	8.77e-03	2.18e-01	4.86e-01	2.86e-01
 4.38669e+22	1.82e-19	1.19e-14	4.62e-11	2.64e-08	4.26e-06	1.58e-04	1.64e-03	9.29e-03	2.24e-01	4.87e-01	2.78e-01
 4.44745e+22	2.40e-19	1.53e-14	5.80e-11	3.22e-08	5.07e-06	1.83e-04	1.84e-03	1.00e-02	2.33e-01	4.87e-01	2.68e-01
 4.50851e+22	2.98e-19	1.86e-14	6.91e-11	3.75e-08	5.79e-06	2.05e-04	2.01e-03	1.06e-02	2.40e-01	4.87e-01	2.60e-01
 4.56032e+22	3.61e-19	2.23e-14	8.10e-11	4.31e-08	6.53e-06	2.27e-04	2.18e-03	1.12e-02	2.46e-01	4.87e-01	2.54e-01
 4.61805e+22	4.64e-19	2.80e-14	9.95e-11	5.16e-08	7.64e-06	2.59e-04	2.42e-03	1.20e-02	2.55e-01	4.86e-01	2.45e-01
 4.67666e+22	5.61e-19	3.32e-14	1.16e-10	5.89e-08	8.57e-06	2.86e-04	2.60e-03	1.26e-02	2.61e-01	4.85e-01	2.38e-01
 4.73641e+22	7.23e-19	4.19e-14	1.43e-10	7.07e-08	1.01e-05	3.27e-04	2.89e-03	1.36e-02	2.70e-01	4.84e-01	2.29e-01
 4.79716e+22	8.75e-19	4.99e-14	1.67e-10	8.09e-08	1.13e-05	3.60e-04	3.12e-03	1.42e-02	2.77e-01	4.83e-01	2.23e-01
 4.85919e+22	1.12e-18	6.27e-14	2.05e-10	9.68e-08	1.32e-05	4.11e-04	3.45e-03	1.52e-02	2.86e-01	4.81e-01	2.14e-01
 4.92326e+22	1.37e-18	7.53e-14	2.41e-10	1.12e-07	1.49e-05	4.55e-04	3.74e-03	1.61e-02	2.93e-01	4.79e-01	2.08e-01
 4.98996e+22	1.79e-18	9.59e-14	3.00e-10	1.35e-07	1.76e-05	5.23e-04	4.17e-03	1.72e-02	3.03e-01	4.77e-01	1.99e-01
 5.05796e+22	2.19e-18	1.15e-13	3.54e-10	1.56e-07	1.99e-05	5.79e-04	4.51e-03	1.81e-02	3.10e-01	4.75e-01	1.92e-01
 5.12764e+22	2.84e-18	1.46e-13	4.38e-10	1.88e-07	2.34e-05	6.62e-04	5.00e-03	1.94e-02	3.20e-01	4.71e-01	1.84e-01
 5.20060e+22	3.56e-18	1.80e-13	5.26e-10	2.20e-07	2.69e-05	7.44e-04	5.47e-03	2.06e-02	3.28e-01	4.68e-01	1.77e-01
 5.27781e+22	4.71e-18	2.32e-13	6.61e-10	2.68e-07	3.19e-05	8.56e-04	6.09e-03	2.21e-02	3.38e-01	4.64e-01	1.69e-01
 5.35735e+22	5.95e-18	2.87e-13	8.01e-10	3.17e-07	3.68e-05	9.65e-04	6.68e-03	2.34e-02	3.47e-01	4.60e-01	1.62e-01
 5.42882e+22	7.44e-18	3.52e-13	9.60e-10	3.71e-07	4.21e-05	1.08e-03	7.27e-03	2.48e-02	3.56e-01	4.56e-01	1.55e-01
 5.51064e+22	9.96e-18	4.60e-13	1.22e-09	4.57e-07	5.05e-05	1.25e-03	8.16e-03	2.67e-02	3.67e-01	4.50e-01	1.47e-01
 5.59320e+22	1.25e-17	5.64e-13	1.46e-09	5.35e-07	5.78e-05	1.40e-03	8.87e-03	2.81e-02	3.75e-01	4.46e-01	1.41e-01
 5.67674e+22	1.66e-17	7.34e-13	1.85e-09	6.57e-07	6.90e-05	1.62e-03	9.92e-03	3.02e-02	3.86e-01	4.39e-01	1.33e-01
 5.76202e+22	2.10e-17	9.08e-13	2.24e-09	7.75e-07	7.96e-05	1.83e-03	1.09e-02	3.20e-02	3.95e-01	4.34e-01	1.26e-01
 5.84959e+22	2.81e-17	1.19e-12	2.85e-09	9.56e-07	9.53e-05	2.12e-03	1.22e-02	3.44e-02	4.06e-01	4.26e-01	1.19e-01
 5.93855e+22	3.56e-17	1.48e-12	3.47e-09	1.13e-06	1.10e-04	2.39e-03	1.33e-02	3.64e-02	4.15e-01	4.20e-01	1.13e-01
 6.02934e+22	4.80e-17	1.94e-12	4.44e-09	1.40e-06	1.33e-04	2.79e-03	1.50e-02	3.92e-02	4.27e-01	4.11e-01	1.05e-01
 6.12056e+22	6.04e-17	2.40e-12	5.37e-09	1.66e-06	1.53e-04	3.14e-03	1.64e-02	4.14e-02	4.36e-01	4.04e-01	9.96e-02
 6.19612e+22	7.40e-17	2.89e-12	6.36e-09	1.92e-06	1.74e-04	3.49e-03	1.78e-02	4.35e-02	4.43e-01	3.97e-01	9.47e-02
 6.27813e+22	9.57e-17	3.67e-12	7.90e-09	2.32e-06	2.05e-04	4.01e-03	1.97e-02	4.65e-02	4.53e-01	3.88e-01	8.85e-02
 6.36004e+22	1.17e-16	4.40e-12	9.30e-09	2.68e-06	2.32e-04	4.45e-03	2.13e-02	4.88e-02	4.60e-01	3.81e-01	8.40e-02
 6.44184e+22	1.49e-16	5.55e-12	1.15e-08	3.22e-06	2.73e-04	5.09e-03	2.36e-02	5.20e-02	4.70e-01	3.71e-01	7.82e-02
 6.52468e+22	1.81e-16	6.64e-12	1.35e-08	3.72e-06	3.10e-04	5.66e-03	2.56e-02	5.46e-02	4.76e-01	3.63e-01	7.39e-02
 6.60888e+22	2.31e-16	8.35e-12	1.67e-08	4.48e-06	3.65e-04	6.49e-03	2.84e-02	5.82e-02	4.85e-01	3.53e-01	6.84e-02
 6.69414e+22	2.79e-16	9.98e-12	1.97e-08	5.17e-06	4.14e-04	7.21e-03	3.08e-02	6.11e-02	4.92e-01	3.44e-01	6.43e-02
 6.78076e+22	3.53e-16	1.25e-11	2.42e-08	6.22e-06	4.87e-04	8.28e-03	3.42e-02	6.51e-02	5.00e-01	3.33e-01	5.92e-02
 6.86907e+22	4.25e-16	1.49e-11	2.85e-08	7.19e-06	5.55e-04	9.24e-03	3.71e-02	6.85e-02	5.06e-01	3.23e-01	5.52e-02
 6.95958e+22	5.33e-16	1.86e-11	3.51e-08	8.65e-06	6.54e-04	1.06e-02	4.13e-02	7.31e-02	5.13e-01	3.11e-01	5.03e-02
 7.05194e+22	6.36e-16	2.20e-11	4.13e-08	1.00e-05	7.46e-04	1.19e-02	4.50e-02	7.69e-02	5.18e-01	3.01e-01	4.66e-02
 7.14670e+22	7.88e-16	2.72e-11	5.06e-08	1.20e-05	8.81e-04	1.37e-02	5.01e-02	8.22e-02	5.24e-01	2.87e-01	4.21e-02
 7.24225e+22	9.25e-16	3.20e-11	5.91e-08	1.38e-05	1.00e-03	1.53e-02	5.45e-02	8.64e-02	5.28e-01	2.76e-01	3.87e-02
 7.32239e+22	1.06e-15	3.67e-11	6.77e-08	1.57e-05	1.12e-03	1.69e-02	5.87e-02	9.03e-02	5.31e-01	2.66e-01	3.58e-02
 7.40908e+22	1.24e-15	4.33e-11	7.98e-08	1.82e-05	1.29e-03	1.91e-02	6.44e-02	9.55e-02	5.33e-01	2.54e-01	3.24e-02
 7.49668e+22	1.40e-15	4.92e-11	9.08e-08	2.06e-05	1.45e-03	2.11e-02	6.93e-02	9.98e-02	5.35e-01	2.44e-01	2.98e-02
 7.58227e+22	1.59e-15	5.67e-11	1.05e-07	2.36e-05	1.65e-03	2.36e-02	7.55e-02	1.05e-01	5.36e-01	2.32e-01	2.69e-02
 7.66962e+22	1.77e-15	6.37e-11	1.19e-07	2.65e-05	1.84e-03	2.60e-02	8.11e-02	1.10e-01	5.36e-01	2.21e-01	2.46e-02
 7.75523e+22	1.95e-15	7.17e-11	1.35e-07	3.00e-05	2.07e-03	2.88e-02	8.77e-02	1.15e-01	5.34e-01	2.10e-01	2.22e-02
 7.84262e+22	2.13e-15	7.98e-11	1.52e-07	3.37e-05	2.31e-03	3.17e-02	9.41e-02	1.20e-01	5.33e-01	1.99e-01	2.01e-02
 7.92911e+22	2.30e-15	8.82e-11	1.71e-07	3.77e-05	2.58e-03	3.50e-02	1.01e-01	1.25e-01	5.30e-01	1.89e-01	1.81e-02
 8.01606e+22	2.46e-15	9.67e-11	1.90e-07	4.20e-05	2.87e-03	3.83e-02	1.08e-01	1.30e-01	5.26e-01	1.78e-01	1.63e-02
 8.10201e+22	2.60e-15	1.05e-10	2.11e-07	4.67e-05	3.18e-03	4.19e-02	1.15e-01	1.35e-01	5.22e-01	1.68e-01	1.47e-02
 8.18781e+22	2.73e-15	1.14e-10	2.33e-07	5.18e-05	3.52e-03	4.57e-02	1.23e-01	1.40e-01	5.16e-01	1.59e-01	1.32e-02
 8.27376e+22	2.84e-15	1.23e-10	2.57e-07	5.73e-05	3.89e-03	4.98e-02	1.30e-01	1.45e-01	5.10e-01	1.49e-01	1.18e-02
 8.36006e+22	2.94e-15	1.32e-10	2.83e-07	6.33e-05	4.29e-03	5.41e-02	1.38e-01	1.50e-01	5.03e-01	1.40e-01	1.06e-02
 8.44687e+22	3.03e-15	1.42e-10	3.11e-07	7.00e-05	4.72e-03	5.87e-02	1.45e-01	1.54e-01	4.95e-01	1.32e-01	9.45e-03
 8.53449e+22	3.11e-15	1.51e-10	3.42e-07	7.74e-05	5.21e-03	6.36e-02	1.53e-01	1.59e-01	4.87e-01	1.23e-01	8.42e-03
 8.62313e+22	3.18e-15	1.62e-10	3.76e-07	8.57e-05	5.74e-03	6.89e-02	1.61e-01	1.64e-01	4.78e-01	1.15e-01	7.49e-03
 8.71224e+22	3.25e-15	1.73e-10	4.14e-07	9.49e-05	6.32e-03	7.44e-02	1.69e-01	1.68e-01	4.68e-01	1.07e-01	6.65e-03
 8.80281e+22	3.32e-15	1.85e-10	4.58e-07	1.05e-04	6.97e-03	8.04e-02	1.78e-01	1.72e-01	4.57e-01	9.96e-02	5.88e-03
 8.89444e+22	3.39e-15	1.99e-10	5.06e-07	1.17e-04	7.68e-03	8.66e-02	1.86e-01	1.76e-01	4.46e-01	9.25e-02	5.20e-03
 8.98785e+22	3.46e-15	2.14e-10	5.63e-07	1.31e-04	8.50e-03	9.35e-02	1.94e-01	1.80e-01	4.34e-01	8.55e-02	4.56e-03
 9.07477e+22	3.54e-15	2.28e-10	6.16e-07	1.44e-04	9.24e-03	9.94e-02	2.01e-01	1.83e-01	4.24e-01	8.00e-02	4.10e-03
 9.16407e+22	3.63e-15	2.48e-10	6.92e-07	1.62e-04	1.03e-02	1.07e-01	2.09e-01	1.86e-01	4.10e-01	7.34e-02	3.57e-03
 9.25487e+22	3.74e-15	2.67e-10	7.64e-07	1.79e-04	1.12e-02	1.14e-01	2.16e-01	1.88e-01	3.99e-01	6.85e-02	3.19e-03
 9.34811e+22	3.85e-15	2.92e-10	8.68e-07	2.04e-04	1.25e-02	1.23e-01	2.24e-01	1.91e-01	3.84e-01	6.23e-02	2.75e-03
 9.44189e+22	4.04e-15	3.18e-10	9.65e-07	2.26e-04	1.36e-02	1.30e-01	2.30e-01	1.93e-01	3.72e-01	5.80e-02	2.45e-03
 9.53638e+22	4.24e-15	3.54e-10	1.11e-06	2.58e-04	1.51e-02	1.40e-01	2.38e-01	1.95e-01	3.57e-01	5.26e-02	2.11e-03
 9.63143e+22	4.48e-15	3.88e-10	1.24e-06	2.87e-04	1.65e-02	1.49e-01	2.43e-01	1.96e-01	3.45e-01	4.87e-02	1.87e-03
 9.72722e+22	4.78e-15	4.37e-10	1.43e-06	3.29e-04	1.84e-02	1.60e-01	2.51e-01	1.96e-01	3.29e-01	4.40e-02	1.60e-03
 9.82381e+22	5.11e-15	4.84e-10	1.61e-06	3.68e-04	2.00e-02	1.68e-01	2.56e-01	1.97e-01	3.17e-01	4.06e-02	1.42e-03
 9.92144e+22	5.56e-15	5.53e-10	1.89e-06	4.24e-04	2.23e-02	1.80e-01	2.62e-01	1.96e-01	3.01e-01	3.65e-02	1.21e-03
 1.00203e+23	6.03e-15	6.20e-10	2.14e-06	4.75e-04	2.43e-02	1.90e-01	2.66e-01	1.96e-01	2.88e-01	3.35e-02	1.06e-03
 1.01208e+23	6.71e-15	7.20e-10	2.53e-06	5.51e-04	2.71e-02	2.03e-01	2.72e-01	1.95e-01	2.72e-01	3.00e-02	8.99e-04
 1.02230e+23	7.41e-15	8.19e-10	2.90e-06	6.20e-04	2.96e-02	2.14e-01	2.75e-01	1.93e-01	2.60e-01	2.73e-02	7.86e-04
 1.03272e+23	8.46e-15	9.69e-10	3.46e-06	7.22e-04	3.30e-02	2.28e-01	2.80e-01	1.91e-01	2.44e-01	2.42e-02	6.58e-04
 1.04337e+23	9.56e-15	1.12e-09	4.00e-06	8.17e-04	3.60e-02	2.39e-01	2.82e-01	1.88e-01	2.31e-01	2.20e-02	5.70e-04
 1.05431e+23	1.12e-14	1.35e-09	4.83e-06	9.58e-04	4.03e-02	2.54e-01	2.85e-01	1.85e-01	2.15e-01	1.93e-02	4.72e-04
 1.06553e+23	1.30e-14	1.58e-09	5.65e-06	1.09e-03	4.40e-02	2.67e-01	2.87e-01	1.81e-01	2.02e-01	1.73e-02	4.05e-04
 1.07711e+23	1.58e-14	1.96e-09	6.92e-06	1.29e-03	4.93e-02	2.83e-01	2.88e-01	1.76e-01	1.86e-01	1.50e-02	3.30e-04
 1.08801e+23	1.83e-14	2.26e-09	7.92e-06	1.43e-03	5.31e-02	2.94e-01	2.89e-01	1.72e-01	1.76e-01	1.36e-02	2.88e-04
 1.09802e+23	2.20e-14	2.74e-09	9.45e-06	1.65e-03	5.83e-02	3.08e-01	2.89e-01	1.68e-01	1.63e-01	1.20e-02	2.41e-04
 1.10795e+23	2.56e-14	3.17e-09	1.08e-05	1.83e-03	6.24e-02	3.19e-01	2.88e-01	1.64e-01	1.54e-01	1.09e-02	2.11e-04
 1.11777e+23	3.11e-14	3.84e-09	1.28e-05	2.09e-03	6.82e-02	3.32e-01	2.86e-01	1.58e-01	1.43e-01	9.58e-03	1.76e-04
 1.12765e+23	3.65e-14	4.47e-09	1.46e-05	2.32e-03	7.28e-02	3.43e-01	2.85e-01	1.54e-01	1.34e-01	8.68e-03	1.54e-04
 1.13760e+23	4.51e-14	5.44e-09	1.74e-05	2.65e-03	7.93e-02	3.56e-01	2.82e-01	1.48e-01	1.24e-01	7.60e-03	1.28e-04
 1.14774e+23	5.37e-14	6.38e-09	2.00e-05	2.94e-03	8.47e-02	3.66e-01	2.80e-01	1.43e-01	1.16e-01	6.84e-03	1.11e-04
 1.15811e+23	6.76e-14	7.87e-09	2.39e-05	3.36e-03	9.21e-02	3.80e-01	2.76e-01	1.37e-01	1.06e-01	5.93e-03	9.11e-05
 1.16863e+23	8.14e-14	9.28e-09	2.74e-05	3.72e-03	9.82e-02	3.89e-01	2.73e-01	1.32e-01	9.88e-02	5.31e-03	7.83e-05
 1.17934e+23	1.04e-13	1.15e-08	3.29e-05	4.26e-03	1.07e-01	4.02e-01	2.67e-01	1.25e-01	8.97e-02	4.57e-03	6.39e-05
 1.19026e+23	1.27e-13	1.37e-08	3.79e-05	4.73e-03	1.13e-01	4.11e-01	2.63e-01	1.20e-01	8.31e-02	4.06e-03	5.45e-05
 1.20144e+23	1.65e-13	1.72e-08	4.58e-05	5.42e-03	1.23e-01	4.23e-01	2.57e-01	1.13e-01	7.49e-02	3.46e-03	4.39e-05
 1.21288e+23	2.04e-13	2.06e-08	5.29e-05	6.01e-03	1.31e-01	4.32e-01	2.51e-01	1.08e-01	6.89e-02	3.05e-03	3.71e-05
 1.22464e+23	2.70e-13	2.62e-08	6.42e-05	6.90e-03	1.42e-01	4.42e-01	2.44e-01	1.01e-01	6.15e-02	2.57e-03	2.95e-05
 1.23666e+23	3.38e-13	3.16e-08	7.46e-05	7.67e-03	1.51e-01	4.50e-01	2.37e-01	9.57e-02	5.61e-02	2.24e-03	2.46e-05
 1.24903e+23	4.55e-13	4.04e-08	9.07e-05	8.81e-03	1.63e-01	4.59e-01	2.29e-01	8.89e-02	4.97e-02	1.87e-03	1.93e-05
 1.26154e+23	5.72e-13	4.88e-08	1.05e-04	9.77e-03	1.73e-01	4.65e-01	2.22e-01	8.37e-02	4.51e-02	1.62e-03	1.60e-05
 1.27425e+23	7.76e-13	6.29e-08	1.28e-04	1.12e-02	1.86e-01	4.73e-01	2.12e-01	7.71e-02	3.96e-02	1.34e-03	1.24e-05
 1.28710e+23	9.80e-13	7.61e-08	1.49e-04	1.24e-02	1.96e-01	4.77e-01	2.05e-01	7.23e-02	3.58e-02	1.15e-03	1.02e-05
 1.30014e+23	1.34e-12	9.80e-08	1.81e-04	1.42e-02	2.11e-01	4.82e-01	1.95e-01	6.62e-02	3.12e-02	9.43e-04	7.87e-06
 1.31288e+23	1.66e-12	1.17e-07	2.07e-04	1.55e-02	2.21e-01	4.84e-01	1.88e-01	6.20e-02	2.83e-02	8.18e-04	6.54e-06
 1.32524e+23	2.23e-12	1.48e-07	2.49e-04	1.75e-02	2.35e-01	4.87e-01	1.78e-01	5.68e-02	2.47e-02	6.75e-04	5.09e-06
 1.33806e+23	2.81e-12	1.79e-07	2.87e-04	1.93e-02	2.47e-01	4.87e-01	1.71e-01	5.28e-02	2.22e-02	5.78e-04	4.16e-06
 1.34899e+23	3.46e-12	2.11e-07	3.26e-04	2.09e-02	2.57e-01	4.88e-01	1.64e-01	4.94e-02	2.01e-02	5.02e-04	3.46e-06
 1.36073e+23	4.54e-12	2.63e-07	3.84e-04	2.33e-02	2.71e-01	4.87e-01	1.55e-01	4.53e-02	1.77e-02	4.18e-04	2.73e-06
 1.37250e+23	5.60e-12	3.10e-07	4.35e-04	2.53e-02	2.82e-01	4.85e-01	1.49e-01	4.23e-02	1.60e-02	3.62e-04	2.26e-06
 1.38431e+23	7.24e-12	3.81e-07	5.08e-04	2.80e-02	2.95e-01	4.83e-01	1.41e-01	3.87e-02	1.41e-02	3.02e-04	1.79e-06
 1.39659e+23	9.16e-12	4.59e-07	5.84e-04	3.06e-02	3.07e-01	4.80e-01	1.33e-01	3.57e-02	1.25e-02	2.56e-04	1.45e-06
 1.40755e+23	1.13e-11	5.42e-07	6.60e-04	3.31e-02	3.18e-01	4.76e-01	1.27e-01	3.32e-02	1.12e-02	2.20e-04	1.20e-06
 1.41985e+23	1.47e-11	6.67e-07	7.70e-04	3.65e-02	3.32e-01	4.71e-01	1.19e-01	3.02e-02	9.82e-03	1.82e-04	9.37e-07
 1.43281e+23	1.87e-11	8.07e-07	8.86e-04	3.98e-02	3.45e-01	4.66e-01	1.12e-01	2.76e-02	8.65e-03	1.53e-04	7.46e-07
 1.44460e+23	2.33e-11	9.62e-07	1.01e-03	4.32e-02	3.57e-01	4.60e-01	1.06e-01	2.54e-02	7.68e-03	1.29e-04	6.04e-07
 1.45790e+23	3.08e-11	1.20e-06	1.19e-03	4.77e-02	3.71e-01	4.52e-01	9.86e-02	2.28e-02	6.61e-03	1.05e-04	4.62e-07
 1.47162e+23	3.94e-11	1.45e-06	1.36e-03	5.20e-02	3.84e-01	4.44e-01	9.22e-02	2.07e-02	5.77e-03	8.69e-05	3.63e-07
 1.48380e+23	4.94e-11	1.73e-06	1.55e-03	5.63e-02	3.96e-01	4.36e-01	8.64e-02	1.89e-02	5.08e-03	7.30e-05	2.91e-07
 1.49758e+23	6.54e-11	2.16e-06	1.82e-03	6.20e-02	4.10e-01	4.26e-01	7.96e-02	1.69e-02	4.33e-03	5.85e-05	2.20e-07
 1.51188e+23	8.42e-11	2.63e-06	2.10e-03	6.75e-02	4.22e-01	4.15e-01	7.38e-02	1.52e-02	3.75e-03	4.79e-05	1.70e-07
 1.52471e+23	1.06e-10	3.15e-06	2.39e-03	7.29e-02	4.33e-01	4.06e-01	6.87e-02	1.38e-02	3.27e-03	3.97e-05	1.34e-07
 1.53925e+23	1.43e-10	3.96e-06	2.82e-03	8.03e-02	4.47e-01	3.92e-01	6.25e-02	1.22e-02	2.74e-03	3.12e-05	0.00e+00
 1.55427e+23	1.84e-10	4.82e-06	3.25e-03	8.71e-02	4.58e-01	3.81e-01	5.75e-02	1.09e-02	2.35e-03	2.53e-05	0.00e+00
 1.56991e+23	2.51e-10	6.13e-06	3.86e-03	9.62e-02	4.71e-01	3.65e-01	5.17e-02	9.47e-03	1.94e-03	1.95e-05	0.00e+00
 1.58572e+23	3.24e-10	7.46e-06	4.44e-03	1.04e-01	4.81e-01	3.53e-01	4.73e-02	8.43e-03	1.65e-03	1.56e-05	0.00e+00
 1.59962e+23	4.12e-10	8.98e-06	5.06e-03	1.12e-01	4.90e-01	3.40e-01	4.34e-02	7.54e-03	1.41e-03	1.27e-05	0.00e+00
 1.61553e+23	5.69e-10	1.15e-05	6.02e-03	1.23e-01	5.01e-01	3.23e-01	3.85e-02	6.47e-03	1.15e-03	9.55e-06	0.00e+00
 1.63163e+23	7.29e-10	1.39e-05	6.88e-03	1.33e-01	5.09e-01	3.10e-01	3.50e-02	5.74e-03	9.72e-04	7.64e-06	0.00e+00
 1.64794e+23	9.94e-10	1.76e-05	8.13e-03	1.45e-01	5.17e-01	2.93e-01	3.09e-02	4.93e-03	7.88e-04	5.76e-06	0.00e+00
 1.66456e+23	1.29e-09	2.15e-05	9.32e-03	1.56e-01	5.23e-01	2.79e-01	2.78e-02	4.33e-03	6.59e-04	4.53e-06	0.00e+00
 1.67933e+23	1.66e-09	2.61e-05	1.07e-02	1.68e-01	5.27e-01	2.65e-01	2.50e-02	3.80e-03	5.51e-04	3.56e-06	0.00e+00
 1.69632e+23	2.28e-09	3.32e-05	1.26e-02	1.82e-01	5.32e-01	2.48e-01	2.18e-02	3.22e-03	4.39e-04	2.63e-06	0.00e+00
 1.71358e+23	2.96e-09	4.03e-05	1.44e-02	1.95e-01	5.34e-01	2.34e-01	1.94e-02	2.80e-03	3.63e-04	2.04e-06	0.00e+00
 1.73118e+23	4.10e-09	5.16e-05	1.70e-02	2.12e-01	5.35e-01	2.16e-01	1.67e-02	2.34e-03	2.85e-04	1.47e-06	0.00e+00
 1.74896e+23	5.30e-09	6.26e-05	1.94e-02	2.26e-01	5.34e-01	2.03e-01	1.48e-02	2.03e-03	2.34e-04	1.14e-06	0.00e+00
 1.76696e+23	7.37e-09	8.02e-05	2.30e-02	2.45e-01	5.32e-01	1.86e-01	1.26e-02	1.68e-03	1.81e-04	8.08e-07	0.00e+00
 1.78462e+23	9.37e-09	9.60e-05	2.59e-02	2.59e-01	5.28e-01	1.74e-01	1.12e-02	1.46e-03	1.49e-04	6.27e-07	0.00e+00
 1.80182e+23	1.28e-08	1.21e-04	3.02e-02	2.77e-01	5.22e-01	1.59e-01	9.54e-03	1.22e-03	1.16e-04	4.50e-07	0.00e+00
 1.81845e+23	1.58e-08	1.42e-04	3.36e-02	2.91e-01	5.17e-01	1.49e-01	8.52e-03	1.07e-03	9.72e-05	3.56e-07	0.00e+00
 1.83433e+23	2.09e-08	1.74e-04	3.85e-02	3.08e-01	5.09e-01	1.36e-01	7.33e-03	8.98e-04	7.68e-05	2.61e-07	0.00e+00
 1.85022e+23	2.58e-08	2.04e-04	4.27e-02	3.21e-01	5.01e-01	1.27e-01	6.51e-03	7.84e-04	6.40e-05	2.05e-07	0.00e+00
 1.86612e+23	3.39e-08	2.49e-04	4.87e-02	3.39e-01	4.90e-01	1.16e-01	5.57e-03	6.56e-04	5.02e-05	1.50e-07	0.00e+00
 1.88241e+23	4.23e-08	2.93e-04	5.41e-02	3.53e-01	4.80e-01	1.07e-01	4.89e-03	5.66e-04	4.11e-05	0.00e+00	0.00e+00
 1.89919e+23	5.58e-08	3.59e-04	6.17e-02	3.71e-01	4.66e-01	9.63e-02	4.14e-03	4.69e-04	3.19e-05	0.00e+00	0.00e+00
 1.91617e+23	6.99e-08	4.23e-04	6.86e-02	3.85e-01	4.54e-01	8.81e-02	3.60e-03	4.00e-04	2.58e-05	0.00e+00	0.00e+00
 1.93113e+23	8.68e-08	4.95e-04	7.58e-02	3.98e-01	4.41e-01	8.06e-02	3.14e-03	3.43e-04	2.09e-05	0.00e+00	0.00e+00
 1.94831e+23	1.14e-07	6.04e-04	8.59e-02	4.15e-01	4.24e-01	7.18e-02	2.62e-03	2.80e-04	1.60e-05	0.00e+00	0.00e+00
 1.96577e+23	1.43e-07	7.11e-04	9.52e-02	4.28e-01	4.09e-01	6.49e-02	2.25e-03	2.36e-04	1.27e-05	0.00e+00	0.00e+00
 1.97979e+23	1.72e-07	8.11e-04	1.03e-01	4.38e-01	3.96e-01	5.97e-02	1.99e-03	2.05e-04	1.05e-05	0.00e+00	0.00e+00
 1.99422e+23	2.13e-07	9.46e-04	1.14e-01	4.49e-01	3.80e-01	5.39e-02	1.71e-03	1.73e-04	8.42e-06	0.00e+00	0.00e+00
 2.00909e+23	2.56e-07	1.08e-03	1.23e-01	4.58e-01	3.66e-01	4.91e-02	1.50e-03	1.49e-04	6.90e-06	0.00e+00	0.00e+00
 2.02242e+23	3.05e-07	1.23e-03	1.33e-01	4.67e-01	3.53e-01	4.49e-02	1.31e-03	1.28e-04	5.68e-06	0.00e+00	0.00e+00
 2.03763e+23	3.81e-07	1.44e-03	1.46e-01	4.76e-01	3.35e-01	3.99e-02	1.11e-03	1.06e-04	4.43e-06	0.00e+00	0.00e+00
 2.05297e+23	4.57e-07	1.63e-03	1.58e-01	4.83e-01	3.20e-01	3.61e-02	9.64e-04	9.04e-05	3.59e-06	0.00e+00	0.00e+00
 2.06637e+23	5.44e-07	1.85e-03	1.70e-01	4.89e-01	3.06e-01	3.27e-02	8.39e-04	7.73e-05	2.93e-06	0.00e+00	0.00e+00
 2.08169e+23	6.73e-07	2.15e-03	1.86e-01	4.94e-01	2.88e-01	2.88e-02	7.05e-04	6.34e-05	2.27e-06	0.00e+00	0.00e+00
 2.09728e+23	8.04e-07	2.44e-03	2.00e-01	4.98e-01	2.73e-01	2.58e-02	6.07e-04	5.35e-05	1.82e-06	0.00e+00	0.00e+00
 2.11114e+23	9.57e-07	2.75e-03	2.14e-01	5.01e-01	2.59e-01	2.31e-02	5.24e-04	4.52e-05	1.46e-06	0.00e+00	0.00e+00
 2.12706e+23	1.19e-06	3.19e-03	2.33e-01	5.03e-01	2.41e-01	2.01e-02	4.34e-04	3.64e-05	1.11e-06	0.00e+00	0.00e+00
 2.14311e+23	1.41e-06	3.60e-03	2.49e-01	5.03e-01	2.26e-01	1.78e-02	3.71e-04	3.04e-05	8.83e-07	0.00e+00	0.00e+00
 2.15722e+23	1.67e-06	4.05e-03	2.66e-01	5.02e-01	2.12e-01	1.58e-02	3.17e-04	2.54e-05	7.03e-07	0.00e+00	0.00e+00
 2.17343e+23	2.06e-06	4.67e-03	2.87e-01	4.99e-01	1.95e-01	1.36e-02	2.60e-04	2.02e-05	5.27e-07	0.00e+00	0.00e+00
 2.18994e+23	2.45e-06	5.26e-03	3.06e-01	4.95e-01	1.81e-01	1.19e-02	2.19e-04	1.66e-05	4.12e-07	0.00e+00	0.00e+00
 2.20683e+23	3.03e-06	6.06e-03	3.30e-01	4.89e-01	1.65e-01	1.00e-02	1.78e-04	1.30e-05	3.03e-07	0.00e+00	0.00e+00
 2.22392e+23	3.61e-06	6.82e-03	3.50e-01	4.82e-01	1.52e-01	8.70e-03	1.48e-04	1.05e-05	2.33e-07	0.00e+00	0.00e+00
 2.24129e+23	4.45e-06	7.84e-03	3.76e-01	4.72e-01	1.37e-01	7.27e-03	1.19e-04	8.08e-06	1.69e-07	0.00e+00	0.00e+00
 2.25899e+23	5.31e-06	8.81e-03	3.98e-01	4.62e-01	1.25e-01	6.22e-03	9.77e-05	6.44e-06	1.28e-07	0.00e+00	0.00e+00
 2.27714e+23	6.55e-06	1.01e-02	4.25e-01	4.49e-01	1.11e-01	5.11e-03	7.70e-05	4.86e-06	0.00e+00	0.00e+00	0.00e+00
 2.29559e+23	7.81e-06	1.14e-02	4.49e-01	4.36e-01	9.96e-02	4.31e-03	6.26e-05	3.81e-06	0.00e+00	0.00e+00	0.00e+00
 2.31197e+23	9.24e-06	1.27e-02	4.71e-01	4.23e-01	8.97e-02	3.65e-03	5.12e-05	3.00e-06	0.00e+00	0.00e+00	0.00e+00
 2.32611e+23	1.04e-05	1.37e-02	4.88e-01	4.12e-01	8.29e-02	3.22e-03	4.42e-05	2.51e-06	0.00e+00	0.00e+00	0.00e+00
 2.33979e+23	1.21e-05	1.51e-02	5.08e-01	3.99e-01	7.49e-02	2.75e-03	3.65e-05	2.00e-06	0.00e+00	0.00e+00	0.00e+00
 2.35369e+23	1.37e-05	1.63e-02	5.26e-01	3.87e-01	6.86e-02	2.40e-03	3.11e-05	1.65e-06	0.00e+00	0.00e+00	0.00e+00
 2.36788e+23	1.59e-05	1.79e-02	5.47e-01	3.72e-01	6.14e-02	2.02e-03	2.55e-05	1.30e-06	0.00e+00	0.00e+00	0.00e+00
 2.38224e+23	1.80e-05	1.94e-02	5.64e-01	3.59e-01	5.59e-02	1.75e-03	2.15e-05	1.06e-06	0.00e+00	0.00e+00	0.00e+00
 2.39681e+23	2.10e-05	2.13e-02	5.84e-01	3.43e-01	4.95e-02	1.46e-03	1.74e-05	8.26e-07	0.00e+00	0.00e+00	0.00e+00
 2.41148e+23	2.37e-05	2.30e-02	6.01e-01	3.30e-01	4.48e-02	1.26e-03	1.47e-05	6.71e-07	0.00e+00	0.00e+00	0.00e+00
 2.42628e+23	2.75e-05	2.52e-02	6.21e-01	3.14e-01	3.95e-02	1.05e-03	1.18e-05	5.17e-07	0.00e+00	0.00e+00	0.00e+00
 2.44139e+23	3.11e-05	2.72e-02	6.37e-01	3.00e-01	3.54e-02	8.92e-04	9.83e-06	4.14e-07	0.00e+00	0.00e+00	0.00e+00
 2.45690e+23	3.61e-05	2.97e-02	6.56e-01	2.83e-01	3.09e-02	7.32e-04	7.83e-06	3.14e-07	0.00e+00	0.00e+00	0.00e+00
 2.47274e+23	4.10e-05	3.22e-02	6.72e-01	2.68e-01	2.73e-02	6.14e-04	6.41e-06	2.46e-07	0.00e+00	0.00e+00	0.00e+00
 2.48903e+23	4.78e-05	3.53e-02	6.90e-01	2.50e-01	2.35e-02	4.96e-04	5.01e-06	1.83e-07	0.00e+00	0.00e+00	0.00e+00
 2.50553e+23	5.45e-05	3.81e-02	7.05e-01	2.36e-01	2.06e-02	4.12e-04	4.06e-06	1.42e-07	0.00e+00	0.00e+00	0.00e+00
 2.52233e+23	6.37e-05	4.18e-02	7.22e-01	2.18e-01	1.75e-02	3.28e-04	3.13e-06	0.00e+00	0.00e+00	0.00e+00	0.00e+00
 2.53946e+23	7.28e-05	4.52e-02	7.35e-01	2.04e-01	1.52e-02	2.69e-04	2.50e-06	0.00e+00	0.00e+00	0.00e+00	0.00e+00
 2.55702e+23	8.56e-05	4.97e-02	7.50e-01	1.87e-01	1.26e-02	2.10e-04	1.89e-06	0.00e+00	0.00e+00	0.00e+00	0.00e+00
 2.57470e+23	9.77e-05	5.36e-02	7.62e-01	1.74e-01	1.09e-02	1.71e-04	1.50e-06	0.00e+00	0.00e+00	0.00e+00	0.00e+00
 2.59254e+23	1.15e-04	5.88e-02	7.74e-01	1.58e-01	8.98e-03	1.33e-04	1.12e-06	0.00e+00	0.00e+00	0.00e+00	0.00e+00
 2.61055e+23	1.31e-04	6.35e-02	7.83e-01	1.45e-01	7.66e-03	1.07e-04	8.79e-07	0.00e+00	0.00e+00	0.00e+00	0.00e+00
 2.62880e+23	1.54e-04	6.94e-02	7.93e-01	1.31e-01	6.26e-03	8.25e-05	6.52e-07	0.00e+00	0.00e+00	0.00e+00	0.00e+00
 2.64726e+23	1.77e-04	7.51e-02	8.00e-01	1.19e-01	5.26e-03	6.57e-05	5.03e-07	0.00e+00	0.00e+00	0.00e+00	0.00e+00
 2.66602e+23	2.10e-04	8.24e-02	8.07e-01	1.06e-01	4.22e-03	4.94e-05	3.64e-07	0.00e+00	0.00e+00	0.00e+00	0.00e+00
 2.68470e+23	2.41e-04	8.88e-02	8.11e-01	9.63e-02	3.53e-03	3.94e-05	2.81e-07	0.00e+00	0.00e+00	0.00e+00	0.00e+00
 2.70328e+23	2.87e-04	9.74e-02	8.15e-01	8.47e-02	2.80e-03	2.93e-05	2.00e-07	0.00e+00	0.00e+00	0.00e+00	0.00e+00
 2.72186e+23	3.29e-04	1.05e-01	8.16e-01	7.63e-02	2.33e-03	2.33e-05	1.53e-07	0.00e+00	0.00e+00	0.00e+00	0.00e+00
 2.74045e+23	3.93e-04	1.15e-01	8.17e-01	6.63e-02	1.82e-03	1.71e-05	0.00e+00	0.00e+00	0.00e+00	0.00e+00	0.00e+00
 2.75909e+23	4.53e-04	1.24e-01	8.15e-01	5.90e-02	1.49e-03	1.34e-05	0.00e+00	0.00e+00	0.00e+00	0.00e+00	0.00e+00
 2.77780e+23	5.44e-04	1.36e-01	8.12e-01	5.06e-02	1.15e-03	9.70e-06	0.00e+00	0.00e+00	0.00e+00	0.00e+00	0.00e+00
 2.79657e+23	6.31e-04	1.46e-01	8.08e-01	4.44e-02	9.27e-04	7.48e-06	0.00e+00	0.00e+00	0.00e+00	0.00e+00	0.00e+00
 2.81539e+23	7.58e-04	1.60e-01	8.01e-01	3.75e-02	7.03e-04	5.34e-06	0.00e+00	0.00e+00	0.00e+00	0.00e+00	0.00e+00
 2.83441e+23	8.88e-04	1.73e-01	7.94e-01	3.23e-02	5.55e-04	4.01e-06	0.00e+00	0.00e+00	0.00e+00	0.00e+00	0.00e+00
 2.85369e+23	1.08e-03	1.89e-01	7.83e-01	2.65e-02	4.08e-04	2.75e-06	0.00e+00	0.00e+00	0.00e+00	0.00e+00	0.00e+00
 2.87310e+23	1.28e-03	2.04e-01	7.72e-01	2.23e-02	3.15e-04	2.01e-06	0.00e+00	0.00e+00	0.00e+00	0.00e+00	0.00e+00
 2.89270e+23	1.56e-03	2.23e-01	7.57e-01	1.78e-02	2.27e-04	1.33e-06	0.00e+00	0.00e+00	0.00e+00	0.00e+00	0.00e+00
 2.91246e+23	1.86e-03	2.41e-01	7.42e-01	1.45e-02	1.69e-04	9.22e-07	0.00e+00	0.00e+00	0.00e+00	0.00e+00	0.00e+00
 2.92734e+23	2.12e-03	2.55e-01	7.30e-01	1.23e-02	1.35e-04	6.92e-07	0.00e+00	0.00e+00	0.00e+00	0.00e+00	0.00e+00
 2.94159e+23	2.46e-03	2.71e-01	7.16e-01	1.01e-02	1.04e-04	4.89e-07	0.00e+00	0.00e+00	0.00e+00	0.00e+00	0.00e+00
 2.95686e+23	2.85e-03	2.87e-01	7.01e-01	8.19e-03	7.96e-05	3.42e-07	0.00e+00	0.00e+00	0.00e+00	0.00e+00	0.00e+00
 2.97099e+23	3.28e-03	3.03e-01	6.87e-01	6.63e-03	6.13e-05	2.38e-07	0.00e+00	0.00e+00	0.00e+00	0.00e+00	0.00e+00
 2.98480e+23	3.78e-03	3.19e-01	6.72e-01	5.29e-03	4.67e-05	1.61e-07	0.00e+00	0.00e+00	0.00e+00	0.00e+00	0.00e+00
 2.99819e+23	4.35e-03	3.35e-01	6.57e-01	4.17e-03	3.55e-05	0.00e+00	0.00e+00	0.00e+00	0.00e+00	0.00e+00	0.00e+00
 3.01068e+23	4.97e-03	3.50e-01	6.42e-01	3.27e-03	2.71e-05	0.00e+00	0.00e+00	0.00e+00	0.00e+00	0.00e+00	0.00e+00
 3.02209e+23	5.61e-03	3.62e-01	6.29e-01	2.58e-03	2.09e-05	0.00e+00	0.00e+00	0.00e+00	0.00e+00	0.00e+00	0.00e+00
 3.03263e+23	6.32e-03	3.74e-01	6.17e-01	2.02e-03	1.62e-05	0.00e+00	0.00e+00	0.00e+00	0.00e+00	0.00e+00	0.00e+00
 3.04245e+23	7.10e-03	3.86e-01	6.06e-01	1.57e-03	1.25e-05	0.00e+00	0.00e+00	0.00e+00	0.00e+00	0.00e+00	0.00e+00
 3.05133e+23	7.90e-03	3.95e-01	5.96e-01	1.23e-03	9.83e-06	0.00e+00	0.00e+00	0.00e+00	0.00e+00	0.00e+00	0.00e+00
 3.05922e+23	8.71e-03	4.03e-01	5.88e-01	9.75e-04	7.82e-06	0.00e+00	0.00e+00	0.00e+00	0.00e+00	0.00e+00	0.00e+00
 3.06629e+23	9.52e-03	4.08e-01	5.81e-01	7.82e-04	6.33e-06	0.00e+00	0.00e+00	0.00e+00	0.00e+00	0.00e+00	0.00e+00
 3.07273e+23	1.04e-02	4.14e-01	5.75e-01	6.31e-04	5.16e-06	0.00e+00	0.00e+00	0.00e+00	0.00e+00	0.00e+00	0.00e+00
 3.07860e+23	1.13e-02	4.18e-01	5.71e-01	5.16e-04	4.26e-06	0.00e+00	0.00e+00	0.00e+00	0.00e+00	0.00e+00	0.00e+00
 3.08353e+23	1.20e-02	4.20e-01	5.68e-01	4.34e-04	3.63e-06	0.00e+00	0.00e+00	0.00e+00	0.00e+00	0.00e+00	0.00e+00
