#depth	S	S+	S+2	S+3	S+4	S+5	S+6	S+7	S+8	S+9	S+10	S+11	S+12	S+13	S+14	S+15	S+16
 1.54284e+22	1.83e-33	8.71e-21	3.43e-17	1.20e-14	1.95e-12	2.01e-10	3.21e-07	3.26e-05	9.65e-04	8.25e-03	4.57e-02	1.07e-01	1.23e-01	1.42e-01	4.11e-01	1.45e-01	1.66e-02
 3.44682e+22	6.57e-31	1.35e-18	2.81e-15	4.69e-13	3.53e-11	1.80e-09	2.93e-06	2.86e-04	6.71e-03	3.83e-02	1.46e-01	2.36e-01	1.73e-01	1.21e-01	2.28e-01	4.80e-02	3.29e-03
 3.96088e+22	4.51e-30	7.25e-18	1.23e-14	1.62e-12	9.58e-11	3.91e-09	5.69e-06	5.37e-04	1.15e-02	5.73e-02	1.90e-01	2.71e-01	1.71e-01	1.02e-01	1.66e-01	2.91e-02	1.66e-03
 4.19025e+22	1.10e-29	1.58e-17	2.45e-14	2.90e-12	1.53e-10	5.66e-09	7.67e-06	7.10e-04	1.46e-02	6.78e-02	2.11e-01	2.83e-01	1.66e-01	9.22e-02	1.41e-01	2.25e-02	1.18e-03
 4.28705e+22	1.38e-29	1.94e-17	2.94e-14	3.38e-12	1.73e-10	6.24e-09	8.30e-06	7.63e-04	1.55e-02	7.08e-02	2.16e-01	2.86e-01	1.65e-01	8.96e-02	1.34e-01	2.10e-02	1.08e-03
 4.33384e+22	5.92e-30	2.50e-17	3.68e-14	4.09e-12	2.02e-10	7.05e-09	9.15e-06	8.35e-04	1.67e-02	7.47e-02	2.23e-01	2.89e-01	1.63e-01	8.64e-02	1.27e-01	1.93e-02	9.56e-04
 4.38669e+22	7.79e-30	3.19e-17	4.57e-14	4.91e-12	2.35e-10	7.94e-09	1.01e-05	9.10e-04	1.80e-02	7.85e-02	2.29e-01	2.91e-01	1.61e-01	8.34e-02	1.20e-01	1.77e-02	8.55e-04
 4.44745e+22	1.13e-29	4.41e-17	6.08e-14	6.26e-12	2.86e-10	9.27e-09	1.14e-05	1.02e-03	1.97e-02	8.37e-02	2.37e-01	2.94e-01	1.58e-01	7.93e-02	1.11e-01	1.58e-02	7.33e-04
 4.50851e+22	1.49e-29	5.66e-17	7.58e-14	7.55e-12	3.34e-10	1.05e-08	1.25e-05	1.11e-03	2.12e-02	8.78e-02	2.43e-01	2.96e-01	1.55e-01	7.62e-02	1.04e-01	1.44e-02	6.51e-04
 4.56032e+22	1.93e-29	7.09e-17	9.26e-14	8.96e-12	3.84e-10	1.17e-08	1.36e-05	1.20e-03	2.25e-02	9.17e-02	2.49e-01	2.97e-01	1.53e-01	7.35e-02	9.83e-02	1.32e-02	5.83e-04
 4.61805e+22	2.69e-29	9.52e-17	1.20e-13	1.12e-11	4.60e-10	1.35e-08	1.52e-05	1.32e-03	2.45e-02	9.69e-02	2.56e-01	2.99e-01	1.49e-01	6.99e-02	9.11e-02	1.18e-02	5.04e-04
 4.67666e+22	3.44e-29	1.18e-16	1.46e-13	1.32e-11	5.28e-10	1.51e-08	1.66e-05	1.43e-03	2.60e-02	1.01e-01	2.61e-01	2.99e-01	1.46e-01	6.72e-02	8.60e-02	1.09e-02	4.53e-04
 4.73641e+22	4.83e-29	1.60e-16	1.90e-13	1.66e-11	6.35e-10	1.75e-08	1.86e-05	1.58e-03	2.82e-02	1.07e-01	2.68e-01	3.00e-01	1.43e-01	6.37e-02	7.93e-02	9.71e-03	3.89e-04
 4.79716e+22	6.18e-29	1.99e-16	2.32e-13	1.96e-11	7.32e-10	1.96e-08	2.03e-05	1.71e-03	3.00e-02	1.11e-01	2.73e-01	3.00e-01	1.40e-01	6.11e-02	7.47e-02	8.90e-03	3.48e-04
 4.85919e+22	8.62e-29	2.67e-16	3.01e-13	2.45e-11	8.79e-10	2.27e-08	2.28e-05	1.88e-03	3.24e-02	1.17e-01	2.79e-01	2.99e-01	1.36e-01	5.78e-02	6.88e-02	7.92e-03	2.98e-04
 4.92326e+22	1.12e-28	3.37e-16	3.71e-13	2.94e-11	1.02e-09	2.56e-08	2.50e-05	2.04e-03	3.45e-02	1.21e-01	2.84e-01	2.98e-01	1.32e-01	5.52e-02	6.44e-02	7.20e-03	2.64e-04
 4.98996e+22	1.60e-28	4.62e-16	4.90e-13	3.73e-11	1.24e-09	3.00e-08	2.82e-05	2.26e-03	3.74e-02	1.28e-01	2.90e-01	2.97e-01	1.28e-01	5.18e-02	5.88e-02	6.33e-03	2.24e-04
 5.05796e+22	2.08e-28	5.84e-16	6.04e-13	4.47e-11	1.45e-09	3.39e-08	3.11e-05	2.45e-03	3.98e-02	1.33e-01	2.95e-01	2.96e-01	1.24e-01	4.93e-02	5.48e-02	5.74e-03	1.97e-04
 5.12764e+22	2.95e-28	7.94e-16	7.95e-13	5.66e-11	1.76e-09	3.98e-08	3.51e-05	2.72e-03	4.31e-02	1.40e-01	3.00e-01	2.93e-01	1.20e-01	4.62e-02	5.00e-02	5.04e-03	1.67e-04
 5.20060e+22	3.98e-28	1.03e-15	1.01e-12	6.95e-11	2.09e-09	4.56e-08	3.90e-05	2.97e-03	4.61e-02	1.45e-01	3.05e-01	2.91e-01	1.16e-01	4.35e-02	4.61e-02	4.50e-03	1.44e-04
 5.27781e+22	5.75e-28	1.43e-15	1.35e-12	8.94e-11	2.58e-09	5.41e-08	4.45e-05	3.31e-03	5.01e-02	1.53e-01	3.10e-01	2.87e-01	1.11e-01	4.04e-02	4.16e-02	3.90e-03	1.20e-04
 5.35735e+22	7.86e-28	1.89e-15	1.73e-12	1.11e-10	3.08e-09	6.26e-08	4.97e-05	3.63e-03	5.37e-02	1.59e-01	3.14e-01	2.84e-01	1.06e-01	3.79e-02	3.81e-02	3.45e-03	1.03e-04
 5.42882e+22	1.05e-27	2.45e-15	2.18e-12	1.36e-10	3.65e-09	7.18e-08	5.53e-05	3.96e-03	5.72e-02	1.65e-01	3.17e-01	2.80e-01	1.02e-01	3.56e-02	3.50e-02	3.07e-03	8.87e-05
 5.51064e+22	1.57e-27	3.48e-15	2.98e-12	1.77e-10	4.56e-09	8.61e-08	6.34e-05	4.43e-03	6.22e-02	1.74e-01	3.21e-01	2.75e-01	9.71e-02	3.27e-02	3.12e-02	2.62e-03	7.25e-05
 5.59320e+22	2.10e-27	4.51e-15	3.76e-12	2.17e-10	5.41e-09	9.89e-08	7.06e-05	4.83e-03	6.63e-02	1.80e-01	3.24e-01	2.71e-01	9.31e-02	3.07e-02	2.85e-02	2.32e-03	6.22e-05
 5.67674e+22	3.10e-27	6.37e-15	5.13e-12	2.84e-10	6.76e-09	1.18e-07	8.09e-05	5.40e-03	7.19e-02	1.88e-01	3.26e-01	2.65e-01	8.80e-02	2.81e-02	2.54e-02	1.98e-03	5.07e-05
 5.76202e+22	4.25e-27	8.42e-15	6.58e-12	3.52e-10	8.10e-09	1.37e-07	9.05e-05	5.90e-03	7.67e-02	1.95e-01	3.28e-01	2.59e-01	8.39e-02	2.61e-02	2.30e-02	1.73e-03	4.29e-05
 5.84959e+22	6.33e-27	1.20e-14	9.05e-12	4.64e-10	1.02e-08	1.65e-07	1.04e-04	6.61e-03	8.31e-02	2.03e-01	3.30e-01	2.52e-01	7.88e-02	2.38e-02	2.03e-02	1.46e-03	3.46e-05
 5.93855e+22	8.74e-27	1.60e-14	1.17e-11	5.80e-10	1.23e-08	1.92e-07	1.17e-04	7.23e-03	8.86e-02	2.10e-01	3.31e-01	2.47e-01	7.47e-02	2.20e-02	1.83e-02	1.27e-03	2.90e-05
 6.02934e+22	1.33e-26	2.33e-14	1.64e-11	7.73e-10	1.56e-08	2.33e-07	1.35e-04	8.11e-03	9.61e-02	2.19e-01	3.31e-01	2.39e-01	6.97e-02	1.98e-02	1.60e-02	1.06e-03	2.30e-05
 6.12056e+22	1.82e-26	3.11e-14	2.11e-11	9.64e-10	1.87e-08	2.71e-07	1.51e-04	8.86e-03	1.02e-01	2.26e-01	3.31e-01	2.32e-01	6.59e-02	1.83e-02	1.43e-02	9.14e-04	1.92e-05
 6.19612e+22	2.42e-26	4.02e-14	2.66e-11	1.18e-09	2.21e-08	3.10e-07	1.67e-04	9.58e-03	1.08e-01	2.32e-01	3.30e-01	2.27e-01	6.26e-02	1.70e-02	1.30e-02	8.02e-04	1.63e-05
 6.27813e+22	3.52e-26	5.66e-14	3.61e-11	1.53e-09	2.74e-08	3.69e-07	1.90e-04	1.06e-02	1.16e-01	2.39e-01	3.29e-01	2.19e-01	5.85e-02	1.54e-02	1.14e-02	6.74e-04	1.31e-05
 6.36004e+22	4.64e-26	7.31e-14	4.53e-11	1.86e-09	3.23e-08	4.22e-07	2.10e-04	1.14e-02	1.22e-01	2.45e-01	3.28e-01	2.13e-01	5.54e-02	1.43e-02	1.04e-02	5.91e-04	1.11e-05
 6.44184e+22	6.72e-26	1.03e-13	6.14e-11	2.41e-09	4.01e-08	5.02e-07	2.39e-04	1.26e-02	1.30e-01	2.52e-01	3.25e-01	2.05e-01	5.16e-02	1.29e-02	9.08e-03	4.94e-04	8.87e-06
 6.52468e+22	8.92e-26	1.34e-13	7.78e-11	2.96e-09	4.75e-08	5.77e-07	2.65e-04	1.37e-02	1.37e-01	2.58e-01	3.23e-01	1.99e-01	4.87e-02	1.19e-02	8.18e-03	4.30e-04	7.45e-06
 6.60888e+22	1.30e-25	1.92e-13	1.07e-10	3.87e-09	5.94e-08	6.92e-07	3.02e-04	1.51e-02	1.46e-01	2.65e-01	3.19e-01	1.91e-01	4.50e-02	1.07e-02	7.10e-03	3.56e-04	5.88e-06
 6.69414e+22	1.73e-25	2.52e-13	1.36e-10	4.77e-09	7.07e-08	7.99e-07	3.36e-04	1.64e-02	1.54e-01	2.70e-01	3.16e-01	1.85e-01	4.23e-02	9.84e-03	6.35e-03	3.07e-04	4.89e-06
 6.78076e+22	2.53e-25	3.62e-13	1.88e-10	6.30e-09	8.91e-08	9.65e-07	3.86e-04	1.82e-02	1.65e-01	2.76e-01	3.11e-01	1.76e-01	3.89e-02	8.77e-03	5.47e-03	2.51e-04	3.82e-06
 6.86907e+22	3.41e-25	4.85e-13	2.44e-10	7.88e-09	1.07e-07	1.13e-06	4.32e-04	1.98e-02	1.73e-01	2.81e-01	3.06e-01	1.69e-01	3.62e-02	7.99e-03	4.85e-03	2.14e-04	3.12e-06
 6.95958e+22	5.02e-25	7.09e-13	3.42e-10	1.05e-08	1.37e-07	1.38e-06	5.01e-04	2.21e-02	1.85e-01	2.87e-01	3.00e-01	1.60e-01	3.30e-02	7.06e-03	4.12e-03	1.73e-04	2.39e-06
 7.05194e+22	6.82e-25	9.63e-13	4.49e-10	1.33e-08	1.67e-07	1.62e-06	5.64e-04	2.41e-02	1.95e-01	2.92e-01	2.94e-01	1.53e-01	3.06e-02	6.38e-03	3.61e-03	1.45e-04	1.92e-06
 7.14670e+22	1.01e-24	1.44e-12	6.40e-10	1.81e-08	2.17e-07	2.01e-06	6.61e-04	2.70e-02	2.09e-01	2.97e-01	2.86e-01	1.44e-01	2.75e-02	5.57e-03	3.03e-03	1.15e-04	1.44e-06
 7.24225e+22	1.36e-24	1.96e-12	8.45e-10	2.31e-08	2.66e-07	2.39e-06	7.49e-04	2.96e-02	2.20e-01	3.00e-01	2.79e-01	1.37e-01	2.53e-02	5.00e-03	2.63e-03	9.54e-05	1.14e-06
 7.32239e+22	1.79e-24	2.59e-12	1.09e-09	2.88e-08	3.20e-07	2.79e-06	8.40e-04	3.22e-02	2.30e-01	3.03e-01	2.73e-01	1.31e-01	2.34e-02	4.52e-03	2.31e-03	8.04e-05	9.25e-07
 7.40908e+22	2.49e-24	3.71e-12	1.50e-09	3.81e-08	4.07e-07	3.42e-06	9.75e-04	3.58e-02	2.44e-01	3.06e-01	2.64e-01	1.23e-01	2.11e-02	3.97e-03	1.95e-03	6.44e-05	7.04e-07
 7.49668e+22	3.25e-24	4.93e-12	1.93e-09	4.77e-08	4.93e-07	4.03e-06	1.10e-03	3.90e-02	2.55e-01	3.07e-01	2.57e-01	1.16e-01	1.94e-02	3.56e-03	1.70e-03	5.37e-05	5.63e-07
 7.58227e+22	4.40e-24	6.89e-12	2.61e-09	6.23e-08	6.22e-07	4.91e-06	1.27e-03	4.32e-02	2.68e-01	3.09e-01	2.47e-01	1.09e-01	1.74e-02	3.13e-03	1.44e-03	4.31e-05	4.29e-07
 7.66962e+22	5.68e-24	9.21e-12	3.40e-09	7.87e-08	7.61e-07	5.85e-06	1.44e-03	4.73e-02	2.81e-01	3.09e-01	2.39e-01	1.02e-01	1.59e-02	2.78e-03	1.24e-03	3.55e-05	3.38e-07
 7.75523e+22	7.41e-24	1.26e-11	4.52e-09	1.02e-07	9.52e-07	7.10e-06	1.66e-03	5.22e-02	2.94e-01	3.09e-01	2.29e-01	9.54e-02	1.42e-02	2.44e-03	1.04e-03	2.85e-05	2.58e-07
 7.84262e+22	9.47e-24	1.69e-11	5.90e-09	1.29e-07	1.18e-06	8.54e-06	1.90e-03	5.73e-02	3.07e-01	3.08e-01	2.20e-01	8.91e-02	1.28e-02	2.14e-03	8.87e-04	2.31e-05	2.00e-07
 7.92911e+22	1.21e-23	2.27e-11	7.73e-09	1.66e-07	1.46e-06	1.03e-05	2.19e-03	6.31e-02	3.21e-01	3.07e-01	2.10e-01	8.26e-02	1.15e-02	1.87e-03	7.48e-04	1.85e-05	1.53e-07
 8.01606e+22	1.51e-23	3.01e-11	1.00e-08	2.10e-07	1.81e-06	1.24e-05	2.51e-03	6.94e-02	3.34e-01	3.05e-01	2.01e-01	7.66e-02	1.03e-02	1.64e-03	6.30e-04	1.49e-05	0.00e+00
 8.10201e+22	1.88e-23	3.97e-11	1.29e-08	2.66e-07	2.23e-06	1.50e-05	2.88e-03	7.61e-02	3.47e-01	3.01e-01	1.91e-01	7.08e-02	9.14e-03	1.43e-03	5.30e-04	1.19e-05	0.00e+00
 8.18781e+22	2.31e-23	5.18e-11	1.66e-08	3.35e-07	2.74e-06	1.80e-05	3.29e-03	8.34e-02	3.59e-01	2.98e-01	1.81e-01	6.52e-02	8.12e-03	1.24e-03	4.45e-04	9.54e-06	0.00e+00
 8.27376e+22	2.82e-23	6.71e-11	2.12e-08	4.21e-07	3.36e-06	2.17e-05	3.76e-03	9.12e-02	3.72e-01	2.93e-01	1.71e-01	5.99e-02	7.20e-03	1.07e-03	3.72e-04	7.61e-06	0.00e+00
 8.36006e+22	3.42e-23	8.62e-11	2.68e-08	5.28e-07	4.12e-06	2.60e-05	4.30e-03	9.96e-02	3.84e-01	2.88e-01	1.62e-01	5.48e-02	6.36e-03	9.27e-04	3.10e-04	6.05e-06	0.00e+00
 8.44687e+22	4.12e-23	1.10e-10	3.39e-08	6.59e-07	5.04e-06	3.12e-05	4.90e-03	1.09e-01	3.95e-01	2.83e-01	1.52e-01	5.00e-02	5.60e-03	7.98e-04	2.58e-04	4.79e-06	0.00e+00
 8.53449e+22	4.93e-23	1.40e-10	4.26e-08	8.20e-07	6.15e-06	3.74e-05	5.59e-03	1.18e-01	4.06e-01	2.76e-01	1.43e-01	4.54e-02	4.91e-03	6.84e-04	2.14e-04	3.78e-06	0.00e+00
 8.62313e+22	5.88e-23	1.76e-10	5.33e-08	1.02e-06	7.49e-06	4.49e-05	6.36e-03	1.29e-01	4.16e-01	2.69e-01	1.33e-01	4.11e-02	4.29e-03	5.83e-04	1.76e-04	2.96e-06	0.00e+00
 8.71224e+22	6.98e-23	2.20e-10	6.62e-08	1.26e-06	9.09e-06	5.36e-05	7.22e-03	1.40e-01	4.25e-01	2.62e-01	1.24e-01	3.72e-02	3.74e-03	4.97e-04	1.45e-04	2.33e-06	0.00e+00
 8.80281e+22	8.30e-23	2.74e-10	8.23e-08	1.56e-06	1.11e-05	6.42e-05	8.21e-03	1.51e-01	4.34e-01	2.54e-01	1.15e-01	3.34e-02	3.24e-03	4.20e-04	1.18e-04	1.81e-06	0.00e+00
 8.89444e+22	9.81e-23	3.37e-10	1.01e-07	1.91e-06	1.33e-05	7.64e-05	9.29e-03	1.63e-01	4.42e-01	2.46e-01	1.07e-01	2.99e-02	2.81e-03	3.55e-04	9.68e-05	1.41e-06	0.00e+00
 8.98785e+22	2.81e-22	4.16e-10	1.25e-07	2.36e-06	1.62e-05	9.15e-05	1.06e-02	1.77e-01	4.48e-01	2.37e-01	9.83e-02	2.67e-02	2.41e-03	2.97e-04	7.83e-05	1.08e-06	0.00e+00
 9.07477e+22	3.24e-22	4.91e-10	1.48e-07	2.79e-06	1.89e-05	1.06e-04	1.17e-02	1.88e-01	4.53e-01	2.29e-01	9.18e-02	2.42e-02	2.13e-03	2.57e-04	6.58e-05	8.72e-07	0.00e+00
 9.16407e+22	3.87e-22	6.01e-10	1.82e-07	3.43e-06	2.29e-05	1.27e-04	1.32e-02	2.02e-01	4.58e-01	2.19e-01	8.38e-02	2.14e-02	1.81e-03	2.12e-04	5.25e-05	6.60e-07	0.00e+00
 9.25487e+22	4.50e-22	7.05e-10	2.15e-07	4.05e-06	2.67e-05	1.46e-04	1.46e-02	2.14e-01	4.60e-01	2.12e-01	7.79e-02	1.93e-02	1.59e-03	1.82e-04	4.38e-05	5.29e-07	0.00e+00
 9.34811e+22	5.40e-22	8.56e-10	2.64e-07	4.99e-06	3.24e-05	1.76e-04	1.66e-02	2.30e-01	4.63e-01	2.01e-01	7.05e-02	1.68e-02	1.33e-03	1.49e-04	3.45e-05	3.94e-07	0.00e+00
 9.44189e+22	6.29e-22	9.97e-10	3.08e-07	5.84e-06	3.75e-05	2.02e-04	1.82e-02	2.43e-01	4.64e-01	1.93e-01	6.53e-02	1.52e-02	1.17e-03	1.27e-04	2.88e-05	3.16e-07	0.00e+00
 9.53638e+22	7.58e-22	1.20e-09	3.75e-07	7.13e-06	4.51e-05	2.41e-04	2.05e-02	2.59e-01	4.64e-01	1.83e-01	5.89e-02	1.32e-02	9.80e-04	1.04e-04	2.27e-05	2.35e-07	0.00e+00
 9.63143e+22	8.83e-22	1.38e-09	4.36e-07	8.31e-06	5.19e-05	2.75e-04	2.25e-02	2.72e-01	4.63e-01	1.75e-01	5.44e-02	1.18e-02	8.56e-04	8.85e-05	1.88e-05	1.87e-07	0.00e+00
 9.72722e+22	1.07e-21	1.64e-09	5.27e-07	1.01e-05	6.21e-05	3.27e-04	2.52e-02	2.89e-01	4.60e-01	1.65e-01	4.88e-02	1.03e-02	7.15e-04	7.18e-05	1.48e-05	1.39e-07	0.00e+00
 9.82381e+22	1.24e-21	1.89e-09	6.10e-07	1.17e-05	7.12e-05	3.72e-04	2.75e-02	3.02e-01	4.58e-01	1.58e-01	4.49e-02	9.17e-03	6.22e-04	6.10e-05	1.22e-05	0.00e+00	0.00e+00
 9.92144e+22	1.50e-21	2.23e-09	7.32e-07	1.41e-05	8.47e-05	4.39e-04	3.07e-02	3.19e-01	4.53e-01	1.48e-01	4.02e-02	7.92e-03	5.18e-04	4.93e-05	9.57e-06	0.00e+00	0.00e+00
 1.00203e+23	1.75e-21	2.55e-09	8.46e-07	1.63e-05	9.68e-05	4.99e-04	3.33e-02	3.32e-01	4.49e-01	1.41e-01	3.68e-02	7.05e-03	4.48e-04	4.17e-05	7.89e-06	0.00e+00	0.00e+00
 1.01208e+23	2.13e-21	3.00e-09	1.01e-06	1.96e-05	1.15e-04	5.89e-04	3.71e-02	3.49e-01	4.42e-01	1.31e-01	3.27e-02	6.05e-03	3.71e-04	3.35e-05	6.12e-06	0.00e+00	0.00e+00
 1.02230e+23	2.50e-21	3.42e-09	1.17e-06	2.27e-05	1.31e-04	6.69e-04	4.03e-02	3.63e-01	4.36e-01	1.24e-01	2.98e-02	5.36e-03	3.20e-04	2.81e-05	5.02e-06	0.00e+00	0.00e+00
 1.03272e+23	3.05e-21	4.02e-09	1.40e-06	2.73e-05	1.55e-04	7.87e-04	4.47e-02	3.80e-01	4.28e-01	1.15e-01	2.64e-02	4.57e-03	2.63e-04	2.24e-05	3.86e-06	0.00e+00	0.00e+00
 1.04337e+23	3.61e-21	4.60e-09	1.62e-06	3.16e-05	1.77e-04	8.94e-04	4.84e-02	3.93e-01	4.20e-01	1.09e-01	2.39e-02	4.02e-03	2.25e-04	1.87e-05	3.14e-06	0.00e+00	0.00e+00
 1.05431e+23	4.44e-21	5.42e-09	1.95e-06	3.80e-05	2.10e-04	1.05e-03	5.37e-02	4.11e-01	4.10e-01	1.00e-01	2.09e-02	3.39e-03	1.83e-04	1.47e-05	2.39e-06	0.00e+00	0.00e+00
 1.06553e+23	5.31e-21	6.23e-09	2.26e-06	4.42e-05	2.40e-04	1.20e-03	5.81e-02	4.24e-01	4.01e-01	9.38e-02	1.89e-02	2.96e-03	1.55e-04	1.21e-05	1.92e-06	0.00e+00	0.00e+00
 1.07711e+23	6.60e-21	7.36e-09	2.73e-06	5.34e-05	2.84e-04	1.42e-03	6.44e-02	4.41e-01	3.88e-01	8.58e-02	1.64e-02	2.48e-03	1.24e-04	9.43e-06	1.44e-06	0.00e+00	0.00e+00
 1.08801e+23	7.75e-21	8.32e-09	3.11e-06	6.05e-05	3.17e-04	1.57e-03	6.87e-02	4.51e-01	3.80e-01	8.10e-02	1.49e-02	2.20e-03	1.08e-04	8.01e-06	1.19e-06	0.00e+00	0.00e+00
 1.09802e+23	9.39e-21	9.63e-09	3.65e-06	7.09e-05	3.66e-04	1.80e-03	7.46e-02	4.65e-01	3.68e-01	7.49e-02	1.32e-02	1.89e-03	8.96e-05	6.45e-06	9.34e-07	0.00e+00	0.00e+00
 1.10795e+23	1.10e-20	1.08e-08	4.13e-06	8.00e-05	4.06e-04	1.99e-03	7.92e-02	4.74e-01	3.60e-01	7.06e-02	1.21e-02	1.68e-03	7.79e-05	5.49e-06	7.78e-07	0.00e+00	0.00e+00
 1.11777e+23	1.31e-20	1.24e-08	4.80e-06	9.30e-05	4.64e-04	2.27e-03	8.57e-02	4.87e-01	3.48e-01	6.51e-02	1.07e-02	1.44e-03	6.46e-05	4.42e-06	6.09e-07	0.00e+00	0.00e+00
 1.12765e+23	1.54e-20	1.40e-08	5.44e-06	1.05e-04	5.14e-04	2.50e-03	9.07e-02	4.95e-01	3.39e-01	6.13e-02	9.75e-03	1.28e-03	5.61e-05	3.77e-06	5.07e-07	0.00e+00	0.00e+00
 1.13760e+23	1.86e-20	1.61e-08	6.35e-06	1.22e-04	5.86e-04	2.84e-03	9.77e-02	5.06e-01	3.27e-01	5.64e-02	8.61e-03	1.10e-03	4.65e-05	3.04e-06	3.97e-07	0.00e+00	0.00e+00
 1.14774e+23	2.21e-20	1.83e-08	7.23e-06	1.38e-04	6.49e-04	3.13e-03	1.03e-01	5.14e-01	3.17e-01	5.29e-02	7.82e-03	9.72e-04	4.02e-05	2.57e-06	3.28e-07	0.00e+00	0.00e+00
 1.15811e+23	2.70e-20	2.13e-08	8.48e-06	1.60e-04	7.41e-04	3.56e-03	1.11e-01	5.23e-01	3.05e-01	4.84e-02	6.86e-03	8.26e-04	3.30e-05	2.05e-06	2.55e-07	0.00e+00	0.00e+00
 1.16863e+23	3.24e-20	2.43e-08	9.69e-06	1.81e-04	8.21e-04	3.92e-03	1.17e-01	5.30e-01	2.95e-01	4.53e-02	6.21e-03	7.29e-04	2.84e-05	1.73e-06	2.10e-07	0.00e+00	0.00e+00
 1.17934e+23	4.00e-20	2.84e-08	1.14e-05	2.12e-04	9.37e-04	4.45e-03	1.26e-01	5.39e-01	2.82e-01	4.13e-02	5.42e-03	6.16e-04	2.32e-05	1.37e-06	1.61e-07	0.00e+00	0.00e+00
 1.19026e+23	4.85e-20	3.28e-08	1.31e-05	2.40e-04	1.04e-03	4.90e-03	1.33e-01	5.44e-01	2.72e-01	3.84e-02	4.89e-03	5.41e-04	1.98e-05	1.15e-06	1.32e-07	0.00e+00	0.00e+00
 1.20144e+23	6.08e-20	3.87e-08	1.56e-05	2.82e-04	1.19e-03	5.57e-03	1.43e-01	5.51e-01	2.59e-01	3.48e-02	4.24e-03	4.53e-04	1.61e-05	9.02e-07	0.00e+00	0.00e+00	0.00e+00
 1.21288e+23	7.49e-20	4.50e-08	1.80e-05	3.21e-04	1.32e-03	6.14e-03	1.51e-01	5.56e-01	2.49e-01	3.22e-02	3.79e-03	3.95e-04	1.36e-05	7.49e-07	0.00e+00	0.00e+00	0.00e+00
 1.22464e+23	9.56e-20	5.38e-08	2.15e-05	3.79e-04	1.51e-03	7.00e-03	1.62e-01	5.61e-01	2.36e-01	2.90e-02	3.26e-03	3.28e-04	1.09e-05	5.82e-07	0.00e+00	0.00e+00	0.00e+00
 1.23666e+23	1.19e-19	6.31e-08	2.51e-05	4.34e-04	1.69e-03	7.73e-03	1.70e-01	5.64e-01	2.25e-01	2.67e-02	2.90e-03	2.83e-04	9.16e-06	4.77e-07	0.00e+00	0.00e+00	0.00e+00
 1.24903e+23	1.57e-19	7.69e-08	3.04e-05	5.15e-04	1.94e-03	8.80e-03	1.82e-01	5.67e-01	2.12e-01	2.38e-02	2.48e-03	2.33e-04	7.27e-06	3.68e-07	0.00e+00	0.00e+00	0.00e+00
 1.26154e+23	1.99e-19	9.10e-08	3.56e-05	5.91e-04	2.16e-03	9.69e-03	1.92e-01	5.69e-01	2.02e-01	2.19e-02	2.20e-03	2.01e-04	6.08e-06	3.01e-07	0.00e+00	0.00e+00	0.00e+00
 1.27425e+23	2.64e-19	1.12e-07	4.32e-05	7.03e-04	2.47e-03	1.10e-02	2.05e-01	5.70e-01	1.89e-01	1.94e-02	1.86e-03	1.64e-04	4.79e-06	2.29e-07	0.00e+00	0.00e+00	0.00e+00
 1.28710e+23	3.40e-19	1.33e-07	5.08e-05	8.07e-04	2.76e-03	1.21e-02	2.15e-01	5.70e-01	1.80e-01	1.77e-02	1.64e-03	1.41e-04	3.99e-06	1.87e-07	0.00e+00	0.00e+00	0.00e+00
 1.30014e+23	4.61e-19	1.66e-07	6.21e-05	9.62e-04	3.16e-03	1.38e-02	2.29e-01	5.68e-01	1.68e-01	1.57e-02	1.39e-03	1.15e-04	3.12e-06	1.42e-07	0.00e+00	0.00e+00	0.00e+00
 1.31288e+23	5.92e-19	1.97e-07	7.25e-05	1.10e-03	3.49e-03	1.50e-02	2.39e-01	5.66e-01	1.60e-01	1.44e-02	1.23e-03	9.92e-05	2.63e-06	1.17e-07	0.00e+00	0.00e+00	0.00e+00
 1.32524e+23	7.99e-19	2.42e-07	8.77e-05	1.29e-03	3.96e-03	1.69e-02	2.52e-01	5.63e-01	1.49e-01	1.28e-02	1.05e-03	8.15e-05	2.08e-06	0.00e+00	0.00e+00	0.00e+00	0.00e+00
 1.33806e+23	1.06e-18	2.92e-07	1.04e-04	1.48e-03	4.39e-03	1.84e-02	2.63e-01	5.59e-01	1.41e-01	1.16e-02	9.23e-04	6.96e-05	1.73e-06	0.00e+00	0.00e+00	0.00e+00	0.00e+00
 1.34899e+23	3.98e-19	3.43e-07	1.19e-04	1.67e-03	4.81e-03	2.00e-02	2.73e-01	5.55e-01	1.33e-01	1.07e-02	8.22e-04	6.04e-05	1.46e-06	0.00e+00	0.00e+00	0.00e+00	0.00e+00
 1.36073e+23	5.25e-19	4.21e-07	1.43e-04	1.95e-03	5.39e-03	2.21e-02	2.86e-01	5.50e-01	1.24e-01	9.51e-03	7.05e-04	5.02e-05	1.17e-06	0.00e+00	0.00e+00	0.00e+00	0.00e+00
 1.37250e+23	6.59e-19	4.96e-07	1.65e-04	2.20e-03	5.89e-03	2.39e-02	2.96e-01	5.44e-01	1.18e-01	8.70e-03	6.26e-04	4.34e-05	9.88e-07	0.00e+00	0.00e+00	0.00e+00	0.00e+00
 1.38431e+23	8.77e-19	6.11e-07	1.98e-04	2.55e-03	6.58e-03	2.63e-02	3.09e-01	5.37e-01	1.10e-01	7.79e-03	5.40e-04	3.63e-05	7.99e-07	0.00e+00	0.00e+00	0.00e+00	0.00e+00
 1.39659e+23	1.13e-18	7.32e-07	2.32e-04	2.91e-03	7.24e-03	2.87e-02	3.20e-01	5.30e-01	1.03e-01	7.02e-03	4.71e-04	3.08e-05	6.58e-07	0.00e+00	0.00e+00	0.00e+00	0.00e+00
 1.40755e+23	1.45e-18	8.72e-07	2.69e-04	3.29e-03	7.92e-03	3.09e-02	3.31e-01	5.23e-01	9.71e-02	6.40e-03	4.17e-04	2.65e-05	5.53e-07	0.00e+00	0.00e+00	0.00e+00	0.00e+00
 1.41985e+23	7.67e-18	1.09e-06	3.24e-04	3.83e-03	8.84e-03	3.39e-02	3.43e-01	5.14e-01	9.00e-02	5.69e-03	3.57e-04	2.20e-05	4.43e-07	0.00e+00	0.00e+00	0.00e+00	0.00e+00
 1.43281e+23	1.12e-17	1.33e-06	3.84e-04	4.39e-03	9.76e-03	3.69e-02	3.55e-01	5.04e-01	8.37e-02	5.09e-03	3.09e-04	1.85e-05	3.61e-07	0.00e+00	0.00e+00	0.00e+00	0.00e+00
 1.44460e+23	1.54e-17	1.60e-06	4.50e-04	4.99e-03	1.07e-02	3.99e-02	3.66e-01	4.95e-01	7.82e-02	4.59e-03	2.70e-04	1.57e-05	2.98e-07	0.00e+00	0.00e+00	0.00e+00	0.00e+00
 1.45790e+23	2.33e-17	2.03e-06	5.50e-04	5.86e-03	1.20e-02	4.39e-02	3.79e-01	4.82e-01	7.17e-02	4.03e-03	2.27e-04	1.28e-05	2.34e-07	0.00e+00	0.00e+00	0.00e+00	0.00e+00
 1.47162e+23	6.58e-18	2.50e-06	6.54e-04	6.74e-03	1.32e-02	4.77e-02	3.91e-01	4.71e-01	6.62e-02	3.58e-03	1.95e-04	1.06e-05	1.89e-07	0.00e+00	0.00e+00	0.00e+00	0.00e+00
 1.48380e+23	8.78e-18	3.04e-06	7.70e-04	7.67e-03	1.45e-02	5.14e-02	4.01e-01	4.59e-01	6.14e-02	3.20e-03	1.69e-04	8.95e-06	1.55e-07	0.00e+00	0.00e+00	0.00e+00	0.00e+00
 1.49758e+23	1.27e-17	3.89e-06	9.44e-04	9.01e-03	1.62e-02	5.64e-02	4.14e-01	4.45e-01	5.58e-02	2.78e-03	1.41e-04	7.21e-06	1.20e-07	0.00e+00	0.00e+00	0.00e+00	0.00e+00
 1.51188e+23	1.78e-17	4.84e-06	1.13e-03	1.04e-02	1.79e-02	6.11e-02	4.25e-01	4.31e-01	5.11e-02	2.45e-03	1.20e-04	5.93e-06	0.00e+00	0.00e+00	0.00e+00	0.00e+00	0.00e+00
 1.52471e+23	2.43e-17	5.94e-06	1.34e-03	1.19e-02	1.96e-02	6.58e-02	4.34e-01	4.18e-01	4.70e-02	2.18e-03	1.03e-04	4.94e-06	0.00e+00	0.00e+00	0.00e+00	0.00e+00	0.00e+00
 1.53925e+23	3.69e-17	7.73e-06	1.66e-03	1.40e-02	2.19e-02	7.20e-02	4.45e-01	4.01e-01	4.21e-02	1.86e-03	8.45e-05	3.91e-06	0.00e+00	0.00e+00	0.00e+00	0.00e+00	0.00e+00
 1.55427e+23	5.31e-17	9.67e-06	1.99e-03	1.61e-02	2.41e-02	7.77e-02	4.54e-01	3.86e-01	3.83e-02	1.63e-03	7.12e-05	3.19e-06	0.00e+00	0.00e+00	0.00e+00	0.00e+00	0.00e+00
 1.56991e+23	8.41e-17	1.28e-05	2.49e-03	1.92e-02	2.71e-02	8.52e-02	4.64e-01	3.66e-01	3.38e-02	1.37e-03	5.74e-05	2.47e-06	0.00e+00	0.00e+00	0.00e+00	0.00e+00	0.00e+00
 1.58572e+23	1.25e-16	1.61e-05	2.99e-03	2.21e-02	2.98e-02	9.17e-02	4.71e-01	3.50e-01	3.05e-02	1.19e-03	4.80e-05	2.00e-06	0.00e+00	0.00e+00	0.00e+00	0.00e+00	0.00e+00
 1.59962e+23	1.85e-16	2.01e-05	3.57e-03	2.53e-02	3.25e-02	9.80e-02	4.77e-01	3.35e-01	2.76e-02	1.04e-03	4.04e-05	1.63e-06	0.00e+00	0.00e+00	0.00e+00	0.00e+00	0.00e+00
 1.61553e+23	3.12e-16	2.67e-05	4.48e-03	3.01e-02	3.63e-02	1.07e-01	4.83e-01	3.14e-01	2.39e-02	8.63e-04	3.19e-05	1.24e-06	0.00e+00	0.00e+00	0.00e+00	0.00e+00	0.00e+00
 1.63163e+23	4.83e-16	3.34e-05	5.35e-03	3.44e-02	3.96e-02	1.14e-01	4.87e-01	2.98e-01	2.14e-02	7.45e-04	2.65e-05	9.97e-07	0.00e+00	0.00e+00	0.00e+00	0.00e+00	0.00e+00
 1.64794e+23	8.52e-16	4.43e-05	6.68e-03	4.06e-02	4.40e-02	1.23e-01	4.89e-01	2.77e-01	1.85e-02	6.16e-04	2.09e-05	7.56e-07	0.00e+00	0.00e+00	0.00e+00	0.00e+00	0.00e+00
 1.66456e+23	1.49e-15	5.59e-05	8.02e-03	4.65e-02	4.79e-02	1.31e-01	4.89e-01	2.60e-01	1.63e-02	5.25e-04	1.71e-05	5.98e-07	0.00e+00	0.00e+00	0.00e+00	0.00e+00	0.00e+00
 1.67933e+23	2.63e-15	7.02e-05	9.56e-03	5.30e-02	5.19e-02	1.39e-01	4.88e-01	2.43e-01	1.44e-02	4.46e-04	1.40e-05	4.74e-07	0.00e+00	0.00e+00	0.00e+00	0.00e+00	0.00e+00
 1.69632e+23	5.78e-15	9.35e-05	1.19e-02	6.23e-02	5.73e-02	1.49e-01	4.84e-01	2.23e-01	1.22e-02	3.63e-04	1.08e-05	3.51e-07	0.00e+00	0.00e+00	0.00e+00	0.00e+00	0.00e+00
 1.71358e+23	1.53e-14	1.18e-04	1.43e-02	7.08e-02	6.18e-02	1.57e-01	4.79e-01	2.06e-01	1.06e-02	3.05e-04	8.71e-06	2.74e-07	0.00e+00	0.00e+00	0.00e+00	0.00e+00	0.00e+00
 1.73118e+23	6.13e-14	1.58e-04	1.78e-02	8.30e-02	6.78e-02	1.67e-01	4.69e-01	1.86e-01	8.82e-03	2.43e-04	6.57e-06	1.99e-07	0.00e+00	0.00e+00	0.00e+00	0.00e+00	0.00e+00
 1.74896e+23	2.44e-13	1.98e-04	2.12e-02	9.37e-02	7.26e-02	1.75e-01	4.60e-01	1.70e-01	7.58e-03	2.02e-04	5.24e-06	1.53e-07	0.00e+00	0.00e+00	0.00e+00	0.00e+00	0.00e+00
 1.76696e+23	4.29e-12	2.64e-04	2.63e-02	1.09e-01	7.88e-02	1.84e-01	4.45e-01	1.51e-01	6.20e-03	1.59e-04	3.89e-06	0.00e+00	0.00e+00	0.00e+00	0.00e+00	0.00e+00	0.00e+00
 1.78462e+23	7.42e-11	3.25e-04	3.07e-02	1.21e-01	8.34e-02	1.90e-01	4.32e-01	1.37e-01	5.32e-03	1.32e-04	3.11e-06	0.00e+00	0.00e+00	0.00e+00	0.00e+00	0.00e+00	0.00e+00
 1.80182e+23	1.97e-09	4.22e-04	3.72e-02	1.38e-01	8.91e-02	1.96e-01	4.13e-01	1.21e-01	4.33e-03	1.04e-04	2.31e-06	0.00e+00	0.00e+00	0.00e+00	0.00e+00	0.00e+00	0.00e+00
 1.81845e+23	4.50e-09	5.07e-04	4.26e-02	1.51e-01	9.31e-02	2.00e-01	3.99e-01	1.10e-01	3.73e-03	8.73e-05	1.87e-06	0.00e+00	0.00e+00	0.00e+00	0.00e+00	0.00e+00	0.00e+00
 1.83433e+23	6.76e-09	6.39e-04	5.03e-02	1.68e-01	9.79e-02	2.05e-01	3.78e-01	9.65e-02	3.05e-03	6.93e-05	1.41e-06	0.00e+00	0.00e+00	0.00e+00	0.00e+00	0.00e+00	0.00e+00
 1.85022e+23	9.04e-09	7.62e-04	5.71e-02	1.82e-01	1.01e-01	2.07e-01	3.62e-01	8.70e-02	2.61e-03	5.78e-05	1.13e-06	0.00e+00	0.00e+00	0.00e+00	0.00e+00	0.00e+00	0.00e+00
 1.86612e+23	1.28e-08	9.49e-04	6.68e-02	2.01e-01	1.06e-01	2.09e-01	3.39e-01	7.54e-02	2.11e-03	4.54e-05	8.40e-07	0.00e+00	0.00e+00	0.00e+00	0.00e+00	0.00e+00	0.00e+00
 1.88241e+23	1.69e-08	1.13e-03	7.55e-02	2.17e-01	1.08e-01	2.09e-01	3.20e-01	6.67e-02	1.76e-03	3.71e-05	6.57e-07	0.00e+00	0.00e+00	0.00e+00	0.00e+00	0.00e+00	0.00e+00
 1.89919e+23	2.36e-08	1.41e-03	8.78e-02	2.37e-01	1.12e-01	2.08e-01	2.96e-01	5.68e-02	1.40e-03	2.86e-05	4.79e-07	0.00e+00	0.00e+00	0.00e+00	0.00e+00	0.00e+00	0.00e+00
 1.91617e+23	3.06e-08	1.67e-03	9.87e-02	2.53e-01	1.14e-01	2.07e-01	2.75e-01	4.95e-02	1.15e-03	2.30e-05	3.67e-07	0.00e+00	0.00e+00	0.00e+00	0.00e+00	0.00e+00	0.00e+00
 1.93113e+23	3.91e-08	1.97e-03	1.10e-01	2.69e-01	1.15e-01	2.04e-01	2.56e-01	4.31e-02	9.45e-04	1.85e-05	2.83e-07	0.00e+00	0.00e+00	0.00e+00	0.00e+00	0.00e+00	0.00e+00
 1.94831e+23	5.30e-08	2.41e-03	1.26e-01	2.88e-01	1.16e-01	1.99e-01	2.31e-01	3.58e-02	7.31e-04	1.39e-05	2.01e-07	0.00e+00	0.00e+00	0.00e+00	0.00e+00	0.00e+00	0.00e+00
 1.96577e+23	6.75e-08	2.83e-03	1.40e-01	3.04e-01	1.17e-01	1.94e-01	2.11e-01	3.05e-02	5.87e-04	1.10e-05	1.50e-07	0.00e+00	0.00e+00	0.00e+00	0.00e+00	0.00e+00	0.00e+00
 1.97979e+23	8.20e-08	3.22e-03	1.52e-01	3.16e-01	1.17e-01	1.90e-01	1.96e-01	2.66e-02	4.89e-04	8.98e-06	0.00e+00	0.00e+00	0.00e+00	0.00e+00	0.00e+00	0.00e+00	0.00e+00
 1.99422e+23	1.02e-07	3.74e-03	1.67e-01	3.29e-01	1.16e-01	1.83e-01	1.78e-01	2.26e-02	3.92e-04	7.05e-06	0.00e+00	0.00e+00	0.00e+00	0.00e+00	0.00e+00	0.00e+00	0.00e+00
 2.00909e+23	1.24e-07	4.24e-03	1.80e-01	3.40e-01	1.15e-01	1.77e-01	1.63e-01	1.95e-02	3.22e-04	5.70e-06	0.00e+00	0.00e+00	0.00e+00	0.00e+00	0.00e+00	0.00e+00	0.00e+00
 2.02242e+23	1.48e-07	4.78e-03	1.94e-01	3.50e-01	1.14e-01	1.71e-01	1.49e-01	1.68e-02	2.65e-04	4.62e-06	0.00e+00	0.00e+00	0.00e+00	0.00e+00	0.00e+00	0.00e+00	0.00e+00
 2.03763e+23	1.85e-07	5.54e-03	2.12e-01	3.61e-01	1.12e-01	1.63e-01	1.33e-01	1.39e-02	2.07e-04	3.53e-06	0.00e+00	0.00e+00	0.00e+00	0.00e+00	0.00e+00	0.00e+00	0.00e+00
 2.05297e+23	2.21e-07	6.23e-03	2.27e-01	3.69e-01	1.10e-01	1.56e-01	1.20e-01	1.18e-02	1.68e-04	2.81e-06	0.00e+00	0.00e+00	0.00e+00	0.00e+00	0.00e+00	0.00e+00	0.00e+00
 2.06637e+23	2.62e-07	6.96e-03	2.41e-01	3.76e-01	1.08e-01	1.49e-01	1.09e-01	1.01e-02	1.36e-04	2.25e-06	0.00e+00	0.00e+00	0.00e+00	0.00e+00	0.00e+00	0.00e+00	0.00e+00
 2.08169e+23	3.21e-07	7.96e-03	2.60e-01	3.83e-01	1.05e-01	1.40e-01	9.55e-02	8.23e-03	1.05e-04	1.70e-06	0.00e+00	0.00e+00	0.00e+00	0.00e+00	0.00e+00	0.00e+00	0.00e+00
 2.09728e+23	3.81e-07	8.89e-03	2.76e-01	3.88e-01	1.02e-01	1.32e-01	8.55e-02	6.91e-03	8.42e-05	1.34e-06	0.00e+00	0.00e+00	0.00e+00	0.00e+00	0.00e+00	0.00e+00	0.00e+00
 2.11114e+23	4.48e-07	9.88e-03	2.92e-01	3.92e-01	9.92e-02	1.25e-01	7.65e-02	5.81e-03	6.75e-05	1.06e-06	0.00e+00	0.00e+00	0.00e+00	0.00e+00	0.00e+00	0.00e+00	0.00e+00
 2.12706e+23	5.47e-07	1.12e-02	3.13e-01	3.94e-01	9.53e-02	1.15e-01	6.62e-02	4.65e-03	5.11e-05	7.84e-07	0.00e+00	0.00e+00	0.00e+00	0.00e+00	0.00e+00	0.00e+00	0.00e+00
 2.14311e+23	6.44e-07	1.25e-02	3.29e-01	3.96e-01	9.19e-02	1.08e-01	5.86e-02	3.85e-03	4.04e-05	6.10e-07	0.00e+00	0.00e+00	0.00e+00	0.00e+00	0.00e+00	0.00e+00	0.00e+00
 2.15722e+23	7.53e-07	1.38e-02	3.46e-01	3.96e-01	8.86e-02	1.01e-01	5.19e-02	3.20e-03	3.21e-05	4.76e-07	0.00e+00	0.00e+00	0.00e+00	0.00e+00	0.00e+00	0.00e+00	0.00e+00
 2.17343e+23	9.11e-07	1.55e-02	3.67e-01	3.94e-01	8.43e-02	9.24e-02	4.43e-02	2.52e-03	2.40e-05	3.48e-07	0.00e+00	0.00e+00	0.00e+00	0.00e+00	0.00e+00	0.00e+00	0.00e+00
 2.18994e+23	1.07e-06	1.71e-02	3.84e-01	3.92e-01	8.06e-02	8.56e-02	3.88e-02	2.06e-03	1.87e-05	2.67e-07	0.00e+00	0.00e+00	0.00e+00	0.00e+00	0.00e+00	0.00e+00	0.00e+00
 2.20683e+23	1.29e-06	1.93e-02	4.05e-01	3.87e-01	7.61e-02	7.74e-02	3.28e-02	1.60e-03	1.37e-05	1.92e-07	0.00e+00	0.00e+00	0.00e+00	0.00e+00	0.00e+00	0.00e+00	0.00e+00
 2.22392e+23	1.51e-06	2.13e-02	4.23e-01	3.83e-01	7.24e-02	7.11e-02	2.84e-02	1.29e-03	1.06e-05	1.45e-07	0.00e+00	0.00e+00	0.00e+00	0.00e+00	0.00e+00	0.00e+00	0.00e+00
 2.24129e+23	1.83e-06	2.39e-02	4.44e-01	3.76e-01	6.79e-02	6.37e-02	2.38e-02	9.91e-04	7.69e-06	0.00e+00	0.00e+00	0.00e+00	0.00e+00	0.00e+00	0.00e+00	0.00e+00	0.00e+00
 2.25899e+23	2.14e-06	2.63e-02	4.61e-01	3.69e-01	6.42e-02	5.80e-02	2.04e-02	7.90e-04	5.86e-06	0.00e+00	0.00e+00	0.00e+00	0.00e+00	0.00e+00	0.00e+00	0.00e+00	0.00e+00
 2.27714e+23	2.59e-06	2.95e-02	4.83e-01	3.59e-01	5.97e-02	5.14e-02	1.68e-02	5.96e-04	4.19e-06	0.00e+00	0.00e+00	0.00e+00	0.00e+00	0.00e+00	0.00e+00	0.00e+00	0.00e+00
 2.29559e+23	3.03e-06	3.24e-02	5.00e-01	3.51e-01	5.61e-02	4.63e-02	1.43e-02	4.69e-04	3.16e-06	0.00e+00	0.00e+00	0.00e+00	0.00e+00	0.00e+00	0.00e+00	0.00e+00	0.00e+00
 2.31197e+23	3.53e-06	3.54e-02	5.16e-01	3.42e-01	5.27e-02	4.18e-02	1.22e-02	3.71e-04	2.39e-06	0.00e+00	0.00e+00	0.00e+00	0.00e+00	0.00e+00	0.00e+00	0.00e+00	0.00e+00
 2.32611e+23	3.92e-06	3.77e-02	5.27e-01	3.35e-01	5.03e-02	3.87e-02	1.09e-02	3.13e-04	1.96e-06	0.00e+00	0.00e+00	0.00e+00	0.00e+00	0.00e+00	0.00e+00	0.00e+00	0.00e+00
 2.33979e+23	4.50e-06	4.08e-02	5.42e-01	3.25e-01	4.74e-02	3.51e-02	9.36e-03	2.51e-04	1.52e-06	0.00e+00	0.00e+00	0.00e+00	0.00e+00	0.00e+00	0.00e+00	0.00e+00	0.00e+00
 2.35369e+23	5.03e-06	4.35e-02	5.53e-01	3.17e-01	4.50e-02	3.23e-02	8.27e-03	2.10e-04	1.23e-06	0.00e+00	0.00e+00	0.00e+00	0.00e+00	0.00e+00	0.00e+00	0.00e+00	0.00e+00
 2.36788e+23	5.76e-06	4.71e-02	5.67e-01	3.07e-01	4.23e-02	2.90e-02	7.07e-03	1.67e-04	9.43e-07	0.00e+00	0.00e+00	0.00e+00	0.00e+00	0.00e+00	0.00e+00	0.00e+00	0.00e+00
 2.38224e+23	6.44e-06	5.02e-02	5.78e-01	2.99e-01	4.00e-02	2.66e-02	6.22e-03	1.38e-04	7.59e-07	0.00e+00	0.00e+00	0.00e+00	0.00e+00	0.00e+00	0.00e+00	0.00e+00	0.00e+00
 2.39681e+23	7.39e-06	5.43e-02	5.91e-01	2.88e-01	3.74e-02	2.38e-02	5.28e-03	1.09e-04	5.78e-07	0.00e+00	0.00e+00	0.00e+00	0.00e+00	0.00e+00	0.00e+00	0.00e+00	0.00e+00
 2.41148e+23	8.25e-06	5.78e-02	6.01e-01	2.79e-01	3.54e-02	2.17e-02	4.63e-03	9.02e-05	4.65e-07	0.00e+00	0.00e+00	0.00e+00	0.00e+00	0.00e+00	0.00e+00	0.00e+00	0.00e+00
 2.42628e+23	9.44e-06	6.23e-02	6.14e-01	2.68e-01	3.29e-02	1.93e-02	3.92e-03	7.10e-05	3.54e-07	0.00e+00	0.00e+00	0.00e+00	0.00e+00	0.00e+00	0.00e+00	0.00e+00	0.00e+00
 2.44139e+23	1.06e-05	6.64e-02	6.23e-01	2.58e-01	3.10e-02	1.75e-02	3.42e-03	5.81e-05	2.82e-07	0.00e+00	0.00e+00	0.00e+00	0.00e+00	0.00e+00	0.00e+00	0.00e+00	0.00e+00
 2.45690e+23	1.21e-05	7.15e-02	6.35e-01	2.47e-01	2.88e-02	1.55e-02	2.88e-03	4.53e-05	2.13e-07	0.00e+00	0.00e+00	0.00e+00	0.00e+00	0.00e+00	0.00e+00	0.00e+00	0.00e+00
 2.47274e+23	1.36e-05	7.63e-02	6.43e-01	2.37e-01	2.69e-02	1.39e-02	2.48e-03	3.66e-05	1.67e-07	0.00e+00	0.00e+00	0.00e+00	0.00e+00	0.00e+00	0.00e+00	0.00e+00	0.00e+00
 2.48903e+23	1.57e-05	8.23e-02	6.54e-01	2.25e-01	2.49e-02	1.22e-02	2.07e-03	2.82e-05	1.25e-07	0.00e+00	0.00e+00	0.00e+00	0.00e+00	0.00e+00	0.00e+00	0.00e+00	0.00e+00
 2.50553e+23	1.77e-05	8.78e-02	6.62e-01	2.15e-01	2.32e-02	1.09e-02	1.77e-03	2.26e-05	0.00e+00	0.00e+00	0.00e+00	0.00e+00	0.00e+00	0.00e+00	0.00e+00	0.00e+00	0.00e+00
 2.52233e+23	2.03e-05	9.47e-02	6.71e-01	2.02e-01	2.13e-02	9.45e-03	1.47e-03	1.72e-05	0.00e+00	0.00e+00	0.00e+00	0.00e+00	0.00e+00	0.00e+00	0.00e+00	0.00e+00	0.00e+00
 2.53946e+23	2.30e-05	1.01e-01	6.78e-01	1.92e-01	1.97e-02	8.38e-03	1.25e-03	1.37e-05	0.00e+00	0.00e+00	0.00e+00	0.00e+00	0.00e+00	0.00e+00	0.00e+00	0.00e+00	0.00e+00
 2.55702e+23	2.66e-05	1.09e-01	6.85e-01	1.79e-01	1.80e-02	7.18e-03	1.02e-03	1.02e-05	0.00e+00	0.00e+00	0.00e+00	0.00e+00	0.00e+00	0.00e+00	0.00e+00	0.00e+00	0.00e+00
 2.57470e+23	3.00e-05	1.16e-01	6.90e-01	1.70e-01	1.66e-02	6.35e-03	8.67e-04	8.13e-06	0.00e+00	0.00e+00	0.00e+00	0.00e+00	0.00e+00	0.00e+00	0.00e+00	0.00e+00	0.00e+00
 2.59254e+23	3.47e-05	1.25e-01	6.96e-01	1.57e-01	1.51e-02	5.42e-03	7.05e-04	6.06e-06	0.00e+00	0.00e+00	0.00e+00	0.00e+00	0.00e+00	0.00e+00	0.00e+00	0.00e+00	0.00e+00
 2.61055e+23	3.90e-05	1.33e-01	7.00e-01	1.48e-01	1.39e-02	4.77e-03	5.97e-04	4.80e-06	0.00e+00	0.00e+00	0.00e+00	0.00e+00	0.00e+00	0.00e+00	0.00e+00	0.00e+00	0.00e+00
 2.62880e+23	4.50e-05	1.43e-01	7.04e-01	1.36e-01	1.26e-02	4.04e-03	4.84e-04	3.57e-06	0.00e+00	0.00e+00	0.00e+00	0.00e+00	0.00e+00	0.00e+00	0.00e+00	0.00e+00	0.00e+00
 2.64726e+23	5.08e-05	1.52e-01	7.06e-01	1.27e-01	1.16e-02	3.53e-03	4.07e-04	2.79e-06	0.00e+00	0.00e+00	0.00e+00	0.00e+00	0.00e+00	0.00e+00	0.00e+00	0.00e+00	0.00e+00
 2.66602e+23	5.89e-05	1.64e-01	7.07e-01	1.16e-01	1.04e-02	2.95e-03	3.25e-04	2.04e-06	0.00e+00	0.00e+00	0.00e+00	0.00e+00	0.00e+00	0.00e+00	0.00e+00	0.00e+00	0.00e+00
 2.68470e+23	6.62e-05	1.73e-01	7.07e-01	1.07e-01	9.52e-03	2.57e-03	2.74e-04	1.61e-06	0.00e+00	0.00e+00	0.00e+00	0.00e+00	0.00e+00	0.00e+00	0.00e+00	0.00e+00	0.00e+00
 2.70328e+23	7.68e-05	1.86e-01	7.06e-01	9.66e-02	8.50e-03	2.14e-03	2.17e-04	1.17e-06	0.00e+00	0.00e+00	0.00e+00	0.00e+00	0.00e+00	0.00e+00	0.00e+00	0.00e+00	0.00e+00
 2.72186e+23	8.59e-05	1.97e-01	7.04e-01	8.91e-02	7.79e-03	1.86e-03	1.83e-04	9.19e-07	0.00e+00	0.00e+00	0.00e+00	0.00e+00	0.00e+00	0.00e+00	0.00e+00	0.00e+00	0.00e+00
 2.74045e+23	9.95e-05	2.11e-01	7.01e-01	7.94e-02	6.92e-03	1.53e-03	1.44e-04	6.64e-07	0.00e+00	0.00e+00	0.00e+00	0.00e+00	0.00e+00	0.00e+00	0.00e+00	0.00e+00	0.00e+00
 2.75909e+23	1.11e-04	2.23e-01	6.97e-01	7.24e-02	6.30e-03	1.32e-03	1.20e-04	5.18e-07	0.00e+00	0.00e+00	0.00e+00	0.00e+00	0.00e+00	0.00e+00	0.00e+00	0.00e+00	0.00e+00
 2.77780e+23	1.29e-04	2.39e-01	6.91e-01	6.37e-02	5.56e-03	1.08e-03	9.41e-05	3.70e-07	0.00e+00	0.00e+00	0.00e+00	0.00e+00	0.00e+00	0.00e+00	0.00e+00	0.00e+00	0.00e+00
 2.79657e+23	1.45e-04	2.52e-01	6.85e-01	5.74e-02	5.03e-03	9.22e-04	7.77e-05	2.85e-07	0.00e+00	0.00e+00	0.00e+00	0.00e+00	0.00e+00	0.00e+00	0.00e+00	0.00e+00	0.00e+00
 2.81539e+23	1.67e-04	2.69e-01	6.75e-01	4.99e-02	4.41e-03	7.47e-04	6.03e-05	2.02e-07	0.00e+00	0.00e+00	0.00e+00	0.00e+00	0.00e+00	0.00e+00	0.00e+00	0.00e+00	0.00e+00
 2.83441e+23	1.89e-04	2.84e-01	6.67e-01	4.42e-02	3.95e-03	6.27e-04	4.90e-05	1.53e-07	0.00e+00	0.00e+00	0.00e+00	0.00e+00	0.00e+00	0.00e+00	0.00e+00	0.00e+00	0.00e+00
 2.85369e+23	2.20e-04	3.05e-01	6.53e-01	3.75e-02	3.39e-03	4.96e-04	3.71e-05	0.00e+00	0.00e+00	0.00e+00	0.00e+00	0.00e+00	0.00e+00	0.00e+00	0.00e+00	0.00e+00	0.00e+00
 2.87310e+23	2.48e-04	3.22e-01	6.42e-01	3.26e-02	3.00e-03	4.09e-04	2.95e-05	0.00e+00	0.00e+00	0.00e+00	0.00e+00	0.00e+00	0.00e+00	0.00e+00	0.00e+00	0.00e+00	0.00e+00
 2.89270e+23	2.89e-04	3.45e-01	6.25e-01	2.71e-02	2.53e-03	3.18e-04	2.20e-05	0.00e+00	0.00e+00	0.00e+00	0.00e+00	0.00e+00	0.00e+00	0.00e+00	0.00e+00	0.00e+00	0.00e+00
 2.91246e+23	3.28e-04	3.66e-01	6.09e-01	2.29e-02	2.18e-03	2.54e-04	1.70e-05	0.00e+00	0.00e+00	0.00e+00	0.00e+00	0.00e+00	0.00e+00	0.00e+00	0.00e+00	0.00e+00	0.00e+00
 2.92734e+23	3.60e-04	3.82e-01	5.96e-01	2.01e-02	1.94e-03	2.14e-04	1.39e-05	0.00e+00	0.00e+00	0.00e+00	0.00e+00	0.00e+00	0.00e+00	0.00e+00	0.00e+00	0.00e+00	0.00e+00
 2.94159e+23	4.02e-04	4.02e-01	5.79e-01	1.71e-02	1.67e-03	1.73e-04	1.09e-05	0.00e+00	0.00e+00	0.00e+00	0.00e+00	0.00e+00	0.00e+00	0.00e+00	0.00e+00	0.00e+00	0.00e+00
 2.95686e+23	4.47e-04	4.22e-01	5.61e-01	1.44e-02	1.43e-03	1.39e-04	8.54e-06	0.00e+00	0.00e+00	0.00e+00	0.00e+00	0.00e+00	0.00e+00	0.00e+00	0.00e+00	0.00e+00	0.00e+00
 2.97099e+23	4.94e-04	4.43e-01	5.43e-01	1.21e-02	1.22e-03	1.11e-04	6.68e-06	0.00e+00	0.00e+00	0.00e+00	0.00e+00	0.00e+00	0.00e+00	0.00e+00	0.00e+00	0.00e+00	0.00e+00
 2.98480e+23	5.45e-04	4.65e-01	5.23e-01	1.01e-02	1.02e-03	8.78e-05	5.15e-06	0.00e+00	0.00e+00	0.00e+00	0.00e+00	0.00e+00	0.00e+00	0.00e+00	0.00e+00	0.00e+00	0.00e+00
 2.99819e+23	5.99e-04	4.88e-01	5.02e-01	8.27e-03	8.42e-04	6.86e-05	3.95e-06	0.00e+00	0.00e+00	0.00e+00	0.00e+00	0.00e+00	0.00e+00	0.00e+00	0.00e+00	0.00e+00	0.00e+00
 3.01068e+23	6.54e-04	5.12e-01	4.80e-01	6.75e-03	6.90e-04	5.32e-05	3.01e-06	0.00e+00	0.00e+00	0.00e+00	0.00e+00	0.00e+00	0.00e+00	0.00e+00	0.00e+00	0.00e+00	0.00e+00
 3.02209e+23	7.04e-04	5.34e-01	4.59e-01	5.52e-03	5.64e-04	4.14e-05	2.32e-06	0.00e+00	0.00e+00	0.00e+00	0.00e+00	0.00e+00	0.00e+00	0.00e+00	0.00e+00	0.00e+00	0.00e+00
 3.03263e+23	7.53e-04	5.58e-01	4.37e-01	4.48e-03	4.56e-04	3.20e-05	1.78e-06	0.00e+00	0.00e+00	0.00e+00	0.00e+00	0.00e+00	0.00e+00	0.00e+00	0.00e+00	0.00e+00	0.00e+00
 3.04245e+23	8.01e-04	5.81e-01	4.14e-01	3.62e-03	3.65e-04	2.45e-05	1.37e-06	0.00e+00	0.00e+00	0.00e+00	0.00e+00	0.00e+00	0.00e+00	0.00e+00	0.00e+00	0.00e+00	0.00e+00
 3.05133e+23	8.42e-04	6.04e-01	3.92e-01	2.93e-03	2.92e-04	1.89e-05	1.06e-06	0.00e+00	0.00e+00	0.00e+00	0.00e+00	0.00e+00	0.00e+00	0.00e+00	0.00e+00	0.00e+00	0.00e+00
 3.05922e+23	8.75e-04	6.25e-01	3.71e-01	2.38e-03	2.35e-04	1.47e-05	8.28e-07	0.00e+00	0.00e+00	0.00e+00	0.00e+00	0.00e+00	0.00e+00	0.00e+00	0.00e+00	0.00e+00	0.00e+00
 3.06629e+23	8.99e-04	6.45e-01	3.52e-01	1.96e-03	1.90e-04	1.15e-05	6.59e-07	0.00e+00	0.00e+00	0.00e+00	0.00e+00	0.00e+00	0.00e+00	0.00e+00	0.00e+00	0.00e+00	0.00e+00
 3.07273e+23	9.19e-04	6.64e-01	3.33e-01	1.62e-03	1.54e-04	9.11e-06	5.28e-07	0.00e+00	0.00e+00	0.00e+00	0.00e+00	0.00e+00	0.00e+00	0.00e+00	0.00e+00	0.00e+00	0.00e+00
 3.07860e+23	9.30e-04	6.82e-01	3.16e-01	1.35e-03	1.25e-04	7.28e-06	4.29e-07	0.00e+00	0.00e+00	0.00e+00	0.00e+00	0.00e+00	0.00e+00	0.00e+00	0.00e+00	0.00e+00	0.00e+00
 3.08353e+23	9.31e-04	6.97e-01	3.01e-01	1.15e-03	1.05e-04	5.99e-06	3.59e-07	0.00e+00	0.00e+00	0.00e+00	0.00e+00	0.00e+00	0.00e+00	0.00e+00	0.00e+00	0.00e+00	0.00e+00
