#depth	Ar	Ar+	Ar+2	Ar+3	Ar+4	Ar+5	Ar+6	Ar+7	Ar+8	Ar+9	Ar+10	Ar+11	Ar+12	Ar+13	Ar+14	Ar+15	Ar+16	Ar+17	Ar+18
 4.62852e+21	0.00e+00	0.00e+00	0.00e+00	1.30e-33	1.24e-29	5.30e-26	1.61e-22	3.11e-19	2.71e-16	7.39e-14	1.07e-11	7.77e-10	3.57e-08	1.09e-06	3.45e-05	9.29e-04	4.75e-02	3.12e-01	6.40e-01
 1.02087e+22	0.00e+00	0.00e+00	1.72e-33	1.23e-29	5.49e-26	1.08e-22	1.36e-19	1.85e-16	1.46e-13	2.02e-11	1.49e-09	5.56e-08	1.36e-06	2.15e-05	3.24e-04	4.49e-03	1.18e-01	4.16e-01	4.61e-01
 1.15215e+22	0.00e+00	0.00e+00	9.52e-32	4.97e-28	1.59e-24	2.21e-21	1.97e-18	1.92e-15	1.24e-12	1.37e-10	8.12e-09	2.46e-07	4.91e-06	6.27e-05	7.22e-04	7.92e-03	1.61e-01	4.43e-01	3.87e-01
 1.20631e+22	0.00e+00	0.00e+00	6.46e-31	2.89e-27	7.86e-24	9.16e-21	6.84e-18	5.64e-15	3.34e-12	3.35e-10	1.80e-08	4.96e-07	9.08e-06	1.05e-04	1.06e-03	1.04e-02	1.86e-01	4.52e-01	3.51e-01
 1.22930e+22	0.00e+00	0.00e+00	1.07e-30	4.59e-27	1.19e-23	1.33e-20	9.46e-18	7.45e-15	4.31e-12	4.23e-10	2.21e-08	5.96e-07	1.07e-05	1.20e-04	1.17e-03	1.11e-02	1.93e-01	4.54e-01	3.41e-01
 1.24015e+22	0.00e+00	0.00e+00	1.94e-30	7.94e-27	1.96e-23	2.06e-20	1.39e-17	1.04e-14	5.85e-12	5.57e-10	2.83e-08	7.41e-07	1.29e-05	1.41e-04	1.32e-03	1.21e-02	2.01e-01	4.56e-01	3.30e-01
 1.25194e+22	0.00e+00	0.00e+00	3.51e-30	1.37e-26	3.19e-23	3.18e-20	2.02e-17	1.43e-14	7.89e-12	7.31e-10	3.61e-08	9.20e-07	1.57e-05	1.66e-04	1.49e-03	1.31e-02	2.10e-01	4.57e-01	3.18e-01
 1.26356e+22	0.00e+00	0.00e+00	6.18e-30	2.30e-26	5.10e-23	4.81e-20	2.90e-17	1.95e-14	1.05e-11	9.47e-10	4.56e-08	1.13e-06	1.88e-05	1.93e-04	1.66e-03	1.42e-02	2.18e-01	4.58e-01	3.08e-01
 1.27529e+22	0.00e+00	0.00e+00	1.09e-29	3.88e-26	8.17e-23	7.30e-20	4.16e-17	2.66e-14	1.40e-11	1.23e-09	5.77e-08	1.39e-06	2.26e-05	2.26e-04	1.87e-03	1.54e-02	2.27e-01	4.59e-01	2.97e-01
 1.28736e+22	0.00e+00	0.00e+00	1.94e-29	6.56e-26	1.31e-22	1.11e-19	5.97e-17	3.62e-14	1.86e-11	1.60e-09	7.30e-08	1.72e-06	2.72e-05	2.64e-04	2.10e-03	1.66e-02	2.36e-01	4.59e-01	2.86e-01
 1.29971e+22	0.00e+00	0.00e+00	3.44e-29	1.11e-25	2.10e-22	1.68e-19	8.55e-17	4.92e-14	2.47e-11	2.07e-09	9.24e-08	2.12e-06	3.28e-05	3.09e-04	2.35e-03	1.80e-02	2.45e-01	4.59e-01	2.75e-01
 1.31233e+22	0.00e+00	5.31e-34	6.09e-29	1.87e-25	3.36e-22	2.54e-19	1.22e-16	6.67e-14	3.29e-11	2.69e-09	1.17e-07	2.62e-06	3.96e-05	3.62e-04	2.64e-03	1.95e-02	2.55e-01	4.58e-01	2.64e-01
 1.32468e+22	0.00e+00	9.04e-34	1.02e-28	3.01e-25	5.16e-22	3.71e-19	1.70e-16	8.81e-14	4.26e-11	3.41e-09	1.45e-07	3.18e-06	4.70e-05	4.18e-04	2.93e-03	2.09e-02	2.64e-01	4.57e-01	2.55e-01
 1.33741e+22	0.00e+00	1.63e-33	1.82e-28	5.10e-25	8.29e-22	5.63e-19	2.43e-16	1.20e-13	5.67e-11	4.44e-09	1.84e-07	3.93e-06	5.68e-05	4.90e-04	3.29e-03	2.26e-02	2.74e-01	4.56e-01	2.44e-01
 1.35035e+22	0.00e+00	2.76e-33	3.04e-28	8.14e-25	1.26e-21	8.16e-19	3.35e-16	1.57e-13	7.32e-11	5.61e-09	2.28e-07	4.76e-06	6.73e-05	5.65e-04	3.65e-03	2.42e-02	2.83e-01	4.54e-01	2.35e-01
 1.36372e+22	0.00e+00	5.01e-33	5.43e-28	1.39e-24	2.04e-21	1.25e-18	4.82e-16	2.14e-13	9.78e-11	7.34e-09	2.91e-07	5.92e-06	8.17e-05	6.64e-04	4.11e-03	2.62e-02	2.93e-01	4.52e-01	2.24e-01
 1.37732e+22	0.00e+00	8.42e-33	9.00e-28	2.21e-24	3.09e-21	1.80e-18	6.61e-16	2.79e-13	1.26e-10	9.26e-09	3.59e-07	7.15e-06	9.68e-05	7.65e-04	4.55e-03	2.80e-02	3.02e-01	4.49e-01	2.15e-01
 1.39140e+22	0.00e+00	1.55e-32	1.63e-27	3.79e-24	5.04e-21	2.76e-18	9.56e-16	3.82e-13	1.69e-10	1.22e-08	4.61e-07	8.94e-06	1.18e-04	9.02e-04	5.13e-03	3.03e-02	3.13e-01	4.46e-01	2.05e-01
 1.40577e+22	0.00e+00	2.59e-32	2.69e-27	6.01e-24	7.62e-21	3.98e-18	1.31e-15	4.99e-13	2.17e-10	1.54e-08	5.70e-07	1.08e-05	1.40e-04	1.04e-03	5.68e-03	3.23e-02	3.22e-01	4.42e-01	1.96e-01
 1.41900e+22	0.00e+00	4.26e-32	4.35e-27	9.36e-24	1.14e-20	5.65e-18	1.77e-15	6.45e-13	2.77e-10	1.93e-08	7.00e-07	1.30e-05	1.64e-04	1.19e-03	6.26e-03	3.44e-02	3.31e-01	4.39e-01	1.88e-01
 1.43407e+22	0.00e+00	7.98e-32	8.02e-27	1.64e-23	1.88e-20	8.81e-18	2.60e-15	8.92e-13	3.77e-10	2.56e-08	9.09e-07	1.64e-05	2.02e-04	1.41e-03	7.08e-03	3.72e-02	3.42e-01	4.34e-01	1.78e-01
 1.44926e+22	0.00e+00	1.30e-31	1.28e-26	2.53e-23	2.78e-20	1.24e-17	3.50e-15	1.15e-12	4.78e-10	3.20e-08	1.11e-06	1.97e-05	2.37e-04	1.61e-03	7.79e-03	3.95e-02	3.51e-01	4.29e-01	1.70e-01
 1.46465e+22	0.00e+00	2.41e-31	2.34e-26	4.38e-23	4.56e-20	1.92e-17	5.10e-15	1.58e-12	6.48e-10	4.25e-08	1.44e-06	2.48e-05	2.91e-04	1.90e-03	8.78e-03	4.26e-02	3.62e-01	4.24e-01	1.61e-01
 1.48033e+22	0.00e+00	3.92e-31	3.75e-26	6.77e-23	6.75e-20	2.72e-17	6.87e-15	2.03e-12	8.24e-10	5.31e-08	1.77e-06	2.97e-05	3.42e-04	2.17e-03	9.65e-03	4.52e-02	3.71e-01	4.19e-01	1.53e-01
 1.49637e+22	0.00e+00	7.31e-31	6.87e-26	1.18e-22	1.11e-19	4.23e-17	1.01e-14	2.80e-12	1.12e-09	7.08e-08	2.30e-06	3.75e-05	4.20e-04	2.57e-03	1.09e-02	4.86e-02	3.82e-01	4.12e-01	1.44e-01
 1.51248e+22	0.00e+00	1.17e-30	1.09e-25	1.80e-22	1.63e-19	5.92e-17	1.35e-14	3.59e-12	1.42e-09	8.82e-08	2.81e-06	4.49e-05	4.92e-04	2.93e-03	1.19e-02	5.14e-02	3.90e-01	4.06e-01	1.38e-01
 1.52868e+22	0.00e+00	2.19e-30	1.99e-25	3.13e-22	2.68e-19	9.19e-17	1.96e-14	4.93e-12	1.92e-09	1.17e-07	3.66e-06	5.67e-05	6.04e-04	3.46e-03	1.34e-02	5.52e-02	4.00e-01	3.98e-01	1.29e-01
 1.54479e+22	0.00e+00	3.41e-30	3.05e-25	4.65e-22	3.84e-19	1.26e-16	2.58e-14	6.23e-12	2.40e-09	1.45e-07	4.42e-06	6.70e-05	6.99e-04	3.89e-03	1.46e-02	5.80e-02	4.07e-01	3.92e-01	1.23e-01
 1.56078e+22	0.00e+00	6.23e-30	5.48e-25	7.97e-22	6.22e-19	1.93e-16	3.72e-14	8.48e-12	3.23e-09	1.91e-07	5.71e-06	8.41e-05	8.53e-04	4.58e-03	1.63e-02	6.20e-02	4.17e-01	3.84e-01	1.15e-01
 1.57696e+22	0.00e+00	9.71e-30	8.41e-25	1.18e-21	8.90e-19	2.65e-16	4.90e-14	1.07e-11	4.05e-09	2.36e-07	6.91e-06	9.96e-05	9.88e-04	5.15e-03	1.77e-02	6.50e-02	4.24e-01	3.78e-01	1.10e-01
 1.59338e+22	0.00e+00	1.76e-29	1.50e-24	2.01e-21	1.44e-18	4.05e-16	7.05e-14	1.46e-11	5.44e-09	3.11e-07	8.91e-06	1.25e-04	1.20e-03	6.03e-03	1.98e-02	6.93e-02	4.32e-01	3.69e-01	1.02e-01
 1.61003e+22	0.00e+00	2.80e-29	2.34e-24	3.04e-21	2.09e-18	5.62e-16	9.37e-14	1.85e-11	6.85e-09	3.87e-07	1.09e-05	1.49e-04	1.40e-03	6.81e-03	2.15e-02	7.27e-02	4.39e-01	3.61e-01	9.71e-02
 1.62697e+22	0.00e+00	5.14e-29	4.21e-24	5.22e-21	3.39e-18	8.63e-16	1.35e-13	2.52e-11	9.26e-09	5.14e-07	1.41e-05	1.87e-04	1.71e-03	7.99e-03	2.40e-02	7.74e-02	4.47e-01	3.52e-01	9.03e-02
 1.64420e+22	0.00e+00	8.28e-29	6.68e-24	7.98e-21	4.98e-18	1.21e-15	1.81e-13	3.23e-11	1.17e-08	6.42e-07	1.73e-05	2.23e-04	1.99e-03	9.04e-03	2.62e-02	8.11e-02	4.53e-01	3.44e-01	8.52e-02
 1.66180e+22	0.00e+00	1.55e-28	1.22e-23	1.39e-20	8.21e-18	1.88e-15	2.64e-13	4.43e-11	1.60e-08	8.61e-07	2.26e-05	2.83e-04	2.44e-03	1.06e-02	2.92e-02	8.61e-02	4.60e-01	3.33e-01	7.88e-02
 1.67966e+22	2.71e-34	2.53e-28	1.96e-23	2.15e-20	1.22e-17	2.66e-15	3.56e-13	5.69e-11	2.04e-08	1.08e-06	2.78e-05	3.40e-04	2.86e-03	1.20e-02	3.18e-02	9.02e-02	4.65e-01	3.24e-01	7.40e-02
 1.69517e+22	4.44e-34	4.07e-28	3.11e-23	3.29e-20	1.78e-17	3.71e-15	4.74e-13	7.23e-11	2.58e-08	1.35e-06	3.41e-05	4.06e-04	3.34e-03	1.36e-02	3.45e-02	9.42e-02	4.69e-01	3.15e-01	6.95e-02
 1.70983e+22	6.99e-34	6.31e-28	4.75e-23	4.85e-20	2.52e-17	5.05e-15	6.16e-13	9.01e-11	3.20e-08	1.66e-06	4.11e-05	4.78e-04	3.84e-03	1.52e-02	3.72e-02	9.79e-02	4.72e-01	3.07e-01	6.55e-02
 1.72601e+22	1.27e-33	1.12e-27	8.28e-23	8.07e-20	3.99e-17	7.53e-15	8.67e-13	1.20e-10	4.24e-08	2.17e-06	5.25e-05	5.92e-04	4.62e-03	1.75e-02	4.09e-02	1.03e-01	4.76e-01	2.97e-01	6.06e-02
 1.74213e+22	1.99e-33	1.73e-27	1.26e-22	1.19e-19	5.64e-17	1.02e-14	1.12e-12	1.49e-10	5.26e-08	2.66e-06	6.32e-05	6.97e-04	5.31e-03	1.95e-02	4.40e-02	1.07e-01	4.79e-01	2.88e-01	5.70e-02
 1.75519e+22	2.95e-33	2.53e-27	1.82e-22	1.66e-19	7.63e-17	1.33e-14	1.41e-12	1.79e-10	6.33e-08	3.17e-06	7.43e-05	8.01e-04	5.98e-03	2.14e-02	4.68e-02	1.10e-01	4.80e-01	2.81e-01	5.39e-02
 1.76916e+22	4.98e-33	4.20e-27	2.97e-22	2.60e-19	1.14e-16	1.88e-14	1.89e-12	2.29e-10	8.07e-08	4.00e-06	9.19e-05	9.65e-04	7.01e-03	2.42e-02	5.07e-02	1.14e-01	4.82e-01	2.71e-01	5.01e-02
 1.78302e+22	7.38e-33	6.13e-27	4.28e-22	3.63e-19	1.53e-16	2.44e-14	2.36e-12	2.74e-10	9.69e-08	4.76e-06	1.08e-04	1.11e-03	7.89e-03	2.65e-02	5.38e-02	1.17e-01	4.82e-01	2.64e-01	4.74e-02
 1.79425e+22	1.03e-32	8.48e-27	5.85e-22	4.84e-19	1.98e-16	3.06e-14	2.85e-12	3.22e-10	1.13e-07	5.53e-06	1.24e-04	1.25e-03	8.72e-03	2.87e-02	5.66e-02	1.20e-01	4.82e-01	2.57e-01	4.51e-02
 1.80637e+22	1.66e-32	1.34e-26	9.09e-22	7.23e-19	2.83e-16	4.17e-14	3.69e-12	3.97e-10	1.41e-07	6.80e-06	1.50e-04	1.47e-03	1.00e-02	3.19e-02	6.07e-02	1.24e-01	4.82e-01	2.48e-01	4.20e-02
 1.81783e+22	2.25e-32	1.80e-26	1.21e-21	9.39e-19	3.58e-16	5.10e-14	4.38e-12	4.57e-10	1.62e-07	7.79e-06	1.69e-04	1.64e-03	1.10e-02	3.42e-02	6.34e-02	1.26e-01	4.81e-01	2.42e-01	4.01e-02
 1.82843e+22	3.42e-32	2.70e-26	1.79e-21	1.34e-18	4.90e-16	6.69e-14	5.49e-12	5.49e-10	1.96e-07	9.35e-06	2.00e-04	1.89e-03	1.24e-02	3.76e-02	6.73e-02	1.30e-01	4.80e-01	2.34e-01	3.76e-02
 1.83910e+22	4.62e-32	3.60e-26	2.37e-21	1.73e-18	6.15e-16	8.16e-14	6.49e-12	6.30e-10	2.25e-07	1.07e-05	2.26e-04	2.10e-03	1.36e-02	4.01e-02	7.02e-02	1.32e-01	4.78e-01	2.28e-01	3.58e-02
 1.84986e+22	7.16e-32	5.50e-26	3.56e-21	2.50e-18	8.53e-16	1.08e-13	8.18e-12	7.59e-10	2.73e-07	1.29e-05	2.69e-04	2.44e-03	1.54e-02	4.42e-02	7.45e-02	1.35e-01	4.75e-01	2.19e-01	3.34e-02
 1.86021e+22	9.51e-32	7.23e-26	4.64e-21	3.18e-18	1.06e-15	1.30e-13	9.56e-12	8.61e-10	3.11e-07	1.46e-05	3.01e-04	2.69e-03	1.67e-02	4.69e-02	7.74e-02	1.37e-01	4.73e-01	2.14e-01	3.18e-02
 1.87002e+22	1.40e-31	1.05e-25	6.66e-21	4.42e-18	1.41e-15	1.67e-13	1.17e-11	1.02e-09	3.69e-07	1.73e-05	3.51e-04	3.07e-03	1.86e-02	5.10e-02	8.14e-02	1.40e-01	4.70e-01	2.06e-01	2.98e-02
 1.88007e+22	1.93e-31	1.43e-25	8.95e-21	5.78e-18	1.79e-15	2.04e-13	1.39e-11	1.16e-09	4.25e-07	1.98e-05	3.98e-04	3.42e-03	2.04e-02	5.45e-02	8.48e-02	1.42e-01	4.67e-01	2.00e-01	2.83e-02
 1.89042e+22	2.97e-31	2.17e-25	1.34e-20	8.29e-18	2.46e-15	2.67e-13	1.73e-11	1.39e-09	5.13e-07	2.38e-05	4.70e-04	3.94e-03	2.30e-02	5.96e-02	8.95e-02	1.44e-01	4.62e-01	1.91e-01	2.62e-02
 1.90062e+22	4.01e-31	2.90e-25	1.77e-20	1.07e-17	3.07e-15	3.24e-13	2.03e-11	1.57e-09	5.86e-07	2.70e-05	5.28e-04	4.36e-03	2.50e-02	6.33e-02	9.28e-02	1.46e-01	4.58e-01	1.86e-01	2.49e-02
 1.90916e+22	5.45e-31	3.90e-25	2.36e-20	1.38e-17	3.85e-15	3.92e-13	2.37e-11	1.78e-09	6.69e-07	3.08e-05	5.95e-04	4.82e-03	2.72e-02	6.73e-02	9.62e-02	1.48e-01	4.53e-01	1.79e-01	2.35e-02
 1.91739e+22	7.36e-31	5.21e-25	3.11e-20	1.78e-17	4.80e-15	4.72e-13	2.76e-11	2.01e-09	7.61e-07	3.49e-05	6.68e-04	5.32e-03	2.95e-02	7.15e-02	9.96e-02	1.49e-01	4.49e-01	1.74e-01	2.22e-02
 1.92667e+22	1.09e-30	7.58e-25	4.47e-20	2.46e-17	6.37e-15	6.01e-13	3.35e-11	2.34e-09	8.98e-07	4.10e-05	7.74e-04	6.03e-03	3.27e-02	7.71e-02	1.04e-01	1.51e-01	4.42e-01	1.66e-01	2.07e-02
 1.93589e+22	1.47e-30	1.01e-24	5.92e-20	3.16e-17	7.93e-15	7.23e-13	3.89e-11	2.63e-09	1.02e-06	4.65e-05	8.68e-04	6.65e-03	3.54e-02	8.16e-02	1.07e-01	1.52e-01	4.36e-01	1.60e-01	1.95e-02
 1.94504e+22	2.22e-30	1.51e-24	8.67e-20	4.44e-17	1.07e-14	9.26e-13	4.74e-11	3.07e-09	1.21e-06	5.50e-05	1.01e-03	7.57e-03	3.94e-02	8.81e-02	1.12e-01	1.53e-01	4.28e-01	1.52e-01	1.80e-02
 1.95403e+22	2.92e-30	1.96e-24	1.12e-19	5.58e-17	1.30e-14	1.10e-12	5.44e-11	3.42e-09	1.36e-06	6.16e-05	1.12e-03	8.25e-03	4.23e-02	9.26e-02	1.15e-01	1.54e-01	4.22e-01	1.47e-01	1.70e-02
 1.96283e+22	4.36e-30	2.89e-24	1.62e-19	7.77e-17	1.73e-14	1.39e-12	6.57e-11	3.95e-09	1.60e-06	7.24e-05	1.30e-03	9.35e-03	4.68e-02	9.95e-02	1.20e-01	1.54e-01	4.13e-01	1.40e-01	1.57e-02
 1.97169e+22	5.94e-30	3.90e-24	2.16e-19	1.00e-16	2.16e-14	1.67e-12	7.60e-11	4.42e-09	1.81e-06	8.20e-05	1.45e-03	1.03e-02	5.05e-02	1.05e-01	1.23e-01	1.55e-01	4.06e-01	1.34e-01	1.47e-02
 1.98064e+22	8.97e-30	5.80e-24	3.17e-19	1.41e-16	2.89e-14	2.13e-12	9.20e-11	5.11e-09	2.14e-06	9.65e-05	1.69e-03	1.16e-02	5.59e-02	1.13e-01	1.28e-01	1.55e-01	3.95e-01	1.27e-01	1.34e-02
 1.98968e+22	1.24e-29	7.95e-24	4.29e-19	1.84e-16	3.64e-14	2.58e-12	1.07e-10	5.72e-09	2.44e-06	1.10e-04	1.90e-03	1.28e-02	6.04e-02	1.19e-01	1.31e-01	1.55e-01	3.87e-01	1.21e-01	1.25e-02
 1.99751e+22	1.72e-29	1.08e-23	5.78e-19	2.39e-16	4.56e-14	3.10e-12	1.24e-10	6.38e-09	2.76e-06	1.24e-04	2.12e-03	1.41e-02	6.52e-02	1.25e-01	1.34e-01	1.55e-01	3.78e-01	1.15e-01	1.16e-02
 2.00637e+22	2.63e-29	1.64e-23	8.57e-19	3.38e-16	6.13e-14	3.96e-12	1.49e-10	7.35e-09	3.26e-06	1.46e-04	2.46e-03	1.59e-02	7.19e-02	1.34e-01	1.39e-01	1.54e-01	3.65e-01	1.08e-01	1.05e-02
 2.01518e+22	3.65e-29	2.24e-23	1.16e-18	4.41e-16	7.68e-14	4.76e-12	1.72e-10	8.17e-09	3.69e-06	1.66e-04	2.75e-03	1.75e-02	7.74e-02	1.40e-01	1.42e-01	1.53e-01	3.56e-01	1.02e-01	9.75e-03
 2.02393e+22	5.64e-29	3.40e-23	1.73e-18	6.26e-16	1.03e-13	6.07e-12	2.08e-10	9.38e-09	4.34e-06	1.95e-04	3.19e-03	1.97e-02	8.51e-02	1.49e-01	1.45e-01	1.51e-01	3.42e-01	9.49e-02	8.77e-03
 2.03238e+22	7.67e-29	4.57e-23	2.30e-18	8.02e-16	1.28e-13	7.20e-12	2.37e-10	1.03e-08	4.86e-06	2.18e-04	3.53e-03	2.14e-02	9.08e-02	1.56e-01	1.48e-01	1.50e-01	3.32e-01	9.00e-02	8.12e-03
 2.04044e+22	1.16e-28	6.81e-23	3.36e-18	1.12e-15	1.69e-13	9.03e-12	2.81e-10	1.17e-08	5.64e-06	2.53e-04	4.03e-03	2.39e-02	9.89e-02	1.64e-01	1.51e-01	1.48e-01	3.19e-01	8.36e-02	7.31e-03
 2.04854e+22	1.60e-28	9.26e-23	4.51e-18	1.44e-15	2.10e-13	1.08e-11	3.21e-10	1.29e-08	6.33e-06	2.83e-04	4.47e-03	2.60e-02	1.06e-01	1.71e-01	1.53e-01	1.46e-01	3.08e-01	7.88e-02	6.72e-03
 2.05669e+22	2.43e-28	1.38e-22	6.62e-18	2.01e-15	2.77e-13	1.35e-11	3.81e-10	1.46e-08	7.33e-06	3.28e-04	5.09e-03	2.89e-02	1.14e-01	1.80e-01	1.55e-01	1.43e-01	2.94e-01	7.27e-02	6.01e-03
 2.06496e+22	3.37e-28	1.90e-22	8.93e-18	2.61e-15	3.45e-13	1.61e-11	4.36e-10	1.61e-08	8.21e-06	3.67e-04	5.63e-03	3.13e-02	1.22e-01	1.87e-01	1.57e-01	1.41e-01	2.83e-01	6.82e-02	5.49e-03
 2.07341e+22	5.18e-28	2.86e-22	1.32e-17	3.67e-15	4.60e-13	2.03e-11	5.19e-10	1.83e-08	9.50e-06	4.25e-04	6.40e-03	3.47e-02	1.32e-01	1.95e-01	1.59e-01	1.37e-01	2.68e-01	6.25e-02	4.86e-03
 2.08204e+22	7.32e-28	3.99e-22	1.81e-17	4.81e-15	5.78e-13	2.44e-11	5.97e-10	2.02e-08	1.07e-05	4.76e-04	7.08e-03	3.77e-02	1.40e-01	2.02e-01	1.60e-01	1.34e-01	2.57e-01	5.81e-02	4.40e-03
 2.08967e+22	1.03e-27	5.52e-22	2.47e-17	6.28e-15	7.23e-13	2.92e-11	6.85e-10	2.23e-08	1.19e-05	5.32e-04	7.81e-03	4.07e-02	1.48e-01	2.09e-01	1.60e-01	1.31e-01	2.45e-01	5.40e-02	3.98e-03
 2.09806e+22	1.56e-27	8.21e-22	3.60e-17	8.70e-15	9.50e-13	3.64e-11	8.09e-10	2.52e-08	1.36e-05	6.07e-04	8.77e-03	4.46e-02	1.58e-01	2.16e-01	1.61e-01	1.27e-01	2.31e-01	4.92e-02	3.51e-03
 2.10655e+22	2.21e-27	1.15e-21	4.94e-17	1.14e-14	1.19e-12	4.38e-11	9.30e-10	2.79e-08	1.52e-05	6.76e-04	9.64e-03	4.80e-02	1.67e-01	2.23e-01	1.61e-01	1.23e-01	2.20e-01	4.55e-02	3.16e-03
 2.11500e+22	3.32e-27	1.69e-21	7.14e-17	1.57e-14	1.56e-12	5.43e-11	1.10e-09	3.14e-08	1.72e-05	7.65e-04	1.07e-02	5.23e-02	1.77e-01	2.29e-01	1.60e-01	1.19e-01	2.07e-01	4.14e-02	2.78e-03
 2.12358e+22	4.72e-27	2.37e-21	9.83e-17	2.06e-14	1.96e-12	6.54e-11	1.26e-09	3.48e-08	1.92e-05	8.50e-04	1.18e-02	5.61e-02	1.86e-01	2.35e-01	1.60e-01	1.15e-01	1.95e-01	3.80e-02	2.48e-03
 2.13222e+22	7.09e-27	3.49e-21	1.42e-16	2.83e-14	2.55e-12	8.11e-11	1.49e-09	3.92e-08	2.17e-05	9.57e-04	1.30e-02	6.07e-02	1.96e-01	2.41e-01	1.58e-01	1.11e-01	1.83e-01	3.44e-02	2.17e-03
 2.14100e+22	1.02e-26	4.93e-21	1.96e-16	3.73e-14	3.23e-12	9.81e-11	1.72e-09	4.37e-08	2.41e-05	1.06e-03	1.42e-02	6.50e-02	2.05e-01	2.45e-01	1.57e-01	1.07e-01	1.72e-01	3.14e-02	1.93e-03
 2.14983e+22	1.51e-26	7.18e-21	2.80e-16	5.07e-14	4.18e-12	1.21e-10	2.02e-09	4.93e-08	2.70e-05	1.18e-03	1.56e-02	6.98e-02	2.15e-01	2.50e-01	1.55e-01	1.02e-01	1.61e-01	2.84e-02	1.69e-03
 2.15864e+22	2.13e-26	9.94e-21	3.80e-16	6.60e-14	5.21e-12	1.45e-10	2.33e-09	5.47e-08	2.98e-05	1.30e-03	1.69e-02	7.41e-02	2.24e-01	2.54e-01	1.53e-01	9.83e-02	1.51e-01	2.60e-02	1.50e-03
 2.16779e+22	3.22e-26	1.48e-20	5.52e-16	9.08e-14	6.82e-12	1.81e-10	2.77e-09	6.22e-08	3.35e-05	1.46e-03	1.86e-02	7.95e-02	2.34e-01	2.58e-01	1.51e-01	9.36e-02	1.40e-01	2.32e-02	1.30e-03
 2.17702e+22	4.52e-26	2.04e-20	7.47e-16	1.18e-13	8.50e-12	2.17e-10	3.19e-09	6.93e-08	3.68e-05	1.59e-03	2.00e-02	8.41e-02	2.42e-01	2.60e-01	1.48e-01	8.98e-02	1.31e-01	2.12e-02	1.15e-03
 2.18640e+22	6.78e-26	2.99e-20	1.07e-15	1.61e-13	1.11e-11	2.69e-10	3.78e-09	7.88e-08	4.12e-05	1.77e-03	2.19e-02	8.97e-02	2.52e-01	2.63e-01	1.45e-01	8.52e-02	1.21e-01	1.89e-02	9.93e-04
 2.19607e+22	9.58e-26	4.15e-20	1.46e-15	2.09e-13	1.39e-11	3.25e-10	4.38e-09	8.82e-08	4.54e-05	1.94e-03	2.35e-02	9.46e-02	2.60e-01	2.65e-01	1.42e-01	8.14e-02	1.13e-01	1.71e-02	8.74e-04
 2.20601e+22	1.43e-25	6.09e-20	2.09e-15	2.85e-13	1.80e-11	4.04e-10	5.21e-09	1.01e-07	5.07e-05	2.14e-03	2.56e-02	1.01e-01	2.70e-01	2.66e-01	1.39e-01	7.70e-02	1.04e-01	1.53e-02	7.52e-04
 2.21625e+22	2.04e-25	8.48e-20	2.84e-15	3.72e-13	2.26e-11	4.89e-10	6.07e-09	1.13e-07	5.58e-05	2.34e-03	2.75e-02	1.06e-01	2.77e-01	2.67e-01	1.35e-01	7.33e-02	9.71e-02	1.38e-02	6.58e-04
 2.22689e+22	3.07e-25	1.25e-19	4.09e-15	5.09e-13	2.96e-11	6.12e-10	7.27e-09	1.30e-07	6.25e-05	2.59e-03	2.98e-02	1.12e-01	2.86e-01	2.67e-01	1.31e-01	6.90e-02	8.89e-02	1.22e-02	5.62e-04
 2.23782e+22	4.37e-25	1.74e-19	5.57e-15	6.65e-13	3.72e-11	7.42e-10	8.49e-09	1.47e-07	6.88e-05	2.83e-03	3.19e-02	1.18e-01	2.94e-01	2.67e-01	1.28e-01	6.54e-02	8.23e-02	1.09e-02	4.89e-04
 2.24920e+22	6.58e-25	2.57e-19	7.99e-15	9.09e-13	4.87e-11	9.31e-10	1.02e-08	1.70e-07	7.71e-05	3.13e-03	3.46e-02	1.24e-01	3.02e-01	2.66e-01	1.23e-01	6.13e-02	7.51e-02	9.59e-03	4.15e-04
 2.26090e+22	9.33e-25	3.57e-19	1.09e-14	1.19e-12	6.13e-11	1.13e-09	1.20e-08	1.93e-07	8.51e-05	3.41e-03	3.70e-02	1.30e-01	3.09e-01	2.65e-01	1.19e-01	5.79e-02	6.93e-02	8.58e-03	3.60e-04
 2.27330e+22	1.44e-24	5.37e-19	1.59e-14	1.65e-12	8.14e-11	1.44e-09	1.46e-08	2.25e-07	9.60e-05	3.79e-03	4.01e-02	1.37e-01	3.16e-01	2.63e-01	1.15e-01	5.39e-02	6.26e-02	7.46e-03	3.01e-04
 2.28575e+22	2.01e-24	7.36e-19	2.12e-14	2.12e-12	1.02e-10	1.74e-09	1.70e-08	2.55e-07	1.06e-04	4.11e-03	4.26e-02	1.43e-01	3.22e-01	2.61e-01	1.11e-01	5.09e-02	5.77e-02	6.67e-03	2.61e-04
 2.29843e+22	3.07e-24	1.10e-18	3.07e-14	2.93e-12	1.34e-10	2.21e-09	2.07e-08	2.98e-07	1.19e-04	4.55e-03	4.60e-02	1.51e-01	3.29e-01	2.59e-01	1.06e-01	4.72e-02	5.20e-02	5.78e-03	2.18e-04
 2.31139e+22	4.29e-24	1.50e-18	4.11e-14	3.77e-12	1.67e-10	2.67e-09	2.42e-08	3.37e-07	1.31e-04	4.93e-03	4.89e-02	1.56e-01	3.34e-01	2.56e-01	1.02e-01	4.44e-02	4.78e-02	5.15e-03	1.89e-04
 2.32261e+22	5.83e-24	2.00e-18	5.36e-14	4.76e-12	2.05e-10	3.17e-09	2.79e-08	3.79e-07	1.43e-04	5.30e-03	5.16e-02	1.62e-01	3.39e-01	2.53e-01	9.86e-02	4.20e-02	4.42e-02	4.63e-03	1.65e-04
 2.33506e+22	8.62e-24	2.89e-18	7.52e-14	6.39e-12	2.65e-10	3.96e-09	3.36e-08	4.39e-07	1.60e-04	5.81e-03	5.52e-02	1.69e-01	3.44e-01	2.49e-01	9.40e-02	3.89e-02	3.99e-02	4.03e-03	1.38e-04
 2.34764e+22	1.16e-23	3.81e-18	9.73e-14	8.00e-12	3.23e-10	4.70e-09	3.87e-08	4.92e-07	1.74e-04	6.24e-03	5.81e-02	1.75e-01	3.47e-01	2.46e-01	9.06e-02	3.67e-02	3.69e-02	3.62e-03	1.21e-04
 2.36037e+22	1.71e-23	5.48e-18	1.36e-13	1.07e-11	4.17e-10	5.86e-09	4.65e-08	5.71e-07	1.95e-04	6.83e-03	6.20e-02	1.82e-01	3.52e-01	2.41e-01	8.61e-02	3.40e-02	3.32e-02	3.15e-03	1.01e-04
 2.37331e+22	2.29e-23	7.20e-18	1.75e-13	1.34e-11	5.07e-10	6.94e-09	5.36e-08	6.40e-07	2.13e-04	7.32e-03	6.52e-02	1.87e-01	3.54e-01	2.37e-01	8.28e-02	3.20e-02	3.07e-02	2.82e-03	8.84e-05
 2.38473e+22	3.06e-23	9.45e-18	2.24e-13	1.66e-11	6.15e-10	8.20e-09	6.16e-08	7.18e-07	2.32e-04	7.84e-03	6.84e-02	1.93e-01	3.57e-01	2.33e-01	7.95e-02	3.02e-02	2.83e-02	2.53e-03	7.70e-05
 2.39780e+22	4.46e-23	1.34e-17	3.09e-13	2.20e-11	7.88e-10	1.02e-08	7.39e-08	8.31e-07	2.59e-04	8.55e-03	7.27e-02	2.00e-01	3.60e-01	2.28e-01	7.53e-02	2.78e-02	2.54e-02	2.19e-03	6.44e-05
 2.41079e+22	5.80e-23	1.72e-17	3.87e-13	2.69e-11	9.40e-10	1.19e-08	8.41e-08	9.25e-07	2.81e-04	9.11e-03	7.60e-02	2.05e-01	3.62e-01	2.24e-01	7.24e-02	2.63e-02	2.35e-02	1.98e-03	5.67e-05
 2.42368e+22	8.32e-23	2.40e-17	5.27e-13	3.52e-11	1.19e-09	1.46e-08	1.00e-07	1.07e-06	3.12e-04	9.90e-03	8.05e-02	2.12e-01	3.64e-01	2.18e-01	6.85e-02	2.43e-02	2.12e-02	1.72e-03	4.75e-05
 2.43677e+22	1.09e-22	3.08e-17	6.62e-13	4.31e-11	1.43e-09	1.71e-08	1.14e-07	1.19e-06	3.39e-04	1.05e-02	8.40e-02	2.17e-01	3.65e-01	2.14e-01	6.57e-02	2.28e-02	1.95e-02	1.55e-03	4.17e-05
 2.45011e+22	1.55e-22	4.29e-17	8.97e-13	5.64e-11	1.81e-09	2.11e-08	1.36e-07	1.37e-06	3.77e-04	1.14e-02	8.88e-02	2.24e-01	3.66e-01	2.08e-01	6.20e-02	2.10e-02	1.75e-02	1.34e-03	3.48e-05
 2.46370e+22	2.04e-22	5.52e-17	1.13e-12	6.91e-11	2.17e-09	2.47e-08	1.56e-07	1.53e-06	4.10e-04	1.22e-02	9.27e-02	2.29e-01	3.66e-01	2.03e-01	5.92e-02	1.97e-02	1.61e-02	1.20e-03	3.03e-05
 2.47759e+22	2.92e-22	7.71e-17	1.53e-12	9.04e-11	2.76e-09	3.05e-08	1.86e-07	1.77e-06	4.58e-04	1.32e-02	9.79e-02	2.36e-01	3.66e-01	1.97e-01	5.57e-02	1.81e-02	1.44e-02	1.03e-03	2.52e-05
 2.49174e+22	3.83e-22	9.92e-17	1.93e-12	1.11e-10	3.31e-09	3.58e-08	2.13e-07	1.98e-06	4.98e-04	1.41e-02	1.02e-01	2.41e-01	3.66e-01	1.92e-01	5.31e-02	1.69e-02	1.32e-02	9.22e-04	2.19e-05
 2.50412e+22	4.99e-22	1.27e-16	2.41e-12	1.35e-10	3.95e-09	4.18e-08	2.44e-07	2.21e-06	5.41e-04	1.50e-02	1.06e-01	2.46e-01	3.66e-01	1.87e-01	5.06e-02	1.59e-02	1.21e-02	8.24e-04	1.91e-05
 2.51812e+22	7.04e-22	1.74e-16	3.22e-12	1.75e-10	4.97e-09	5.11e-08	2.89e-07	2.55e-06	6.01e-04	1.62e-02	1.12e-01	2.52e-01	3.65e-01	1.81e-01	4.75e-02	1.46e-02	1.09e-02	7.11e-04	1.59e-05
 2.53208e+22	8.98e-22	2.19e-16	3.96e-12	2.10e-10	5.86e-09	5.91e-08	3.27e-07	2.82e-06	6.49e-04	1.72e-02	1.16e-01	2.56e-01	3.64e-01	1.77e-01	4.53e-02	1.37e-02	1.00e-02	6.40e-04	1.40e-05
 2.54601e+22	1.26e-21	2.98e-16	5.25e-12	2.70e-10	7.34e-09	7.21e-08	3.87e-07	3.25e-06	7.20e-04	1.85e-02	1.22e-01	2.62e-01	3.62e-01	1.70e-01	4.24e-02	1.25e-02	8.94e-03	5.52e-04	1.16e-05
 2.56014e+22	1.61e-21	3.74e-16	6.45e-12	3.25e-10	8.66e-09	8.34e-08	4.39e-07	3.60e-06	7.79e-04	1.96e-02	1.26e-01	2.67e-01	3.60e-01	1.66e-01	4.04e-02	1.17e-02	8.23e-03	4.95e-04	1.02e-05
 2.57452e+22	2.22e-21	5.06e-16	8.48e-12	4.15e-10	1.08e-08	1.01e-07	5.17e-07	4.12e-06	8.62e-04	2.11e-02	1.32e-01	2.72e-01	3.57e-01	1.60e-01	3.78e-02	1.07e-02	7.35e-03	4.28e-04	8.50e-06
 2.58940e+22	2.89e-21	6.45e-16	1.06e-11	5.05e-10	1.29e-08	1.18e-07	5.91e-07	4.61e-06	9.37e-04	2.24e-02	1.37e-01	2.77e-01	3.55e-01	1.55e-01	3.58e-02	1.00e-02	6.71e-03	3.80e-04	7.35e-06
 2.60491e+22	4.08e-21	8.86e-16	1.41e-11	6.54e-10	1.62e-08	1.45e-07	7.03e-07	5.32e-06	1.04e-03	2.42e-02	1.44e-01	2.82e-01	3.52e-01	1.48e-01	3.33e-02	9.09e-03	5.94e-03	3.24e-04	6.05e-06
 2.62067e+22	5.31e-21	1.13e-15	1.76e-11	7.97e-10	1.94e-08	1.70e-07	8.04e-07	5.95e-06	1.14e-03	2.57e-02	1.49e-01	2.87e-01	3.48e-01	1.43e-01	3.14e-02	8.43e-03	5.41e-03	2.87e-04	5.21e-06
 2.63677e+22	7.48e-21	1.55e-15	2.34e-11	1.03e-09	2.44e-08	2.08e-07	9.57e-07	6.88e-06	1.27e-03	2.78e-02	1.56e-01	2.92e-01	3.44e-01	1.37e-01	2.91e-02	7.65e-03	4.77e-03	2.44e-04	4.28e-06
 2.65342e+22	9.88e-21	2.00e-15	2.95e-11	1.27e-09	2.95e-08	2.46e-07	1.10e-06	7.74e-06	1.38e-03	2.96e-02	1.62e-01	2.96e-01	3.40e-01	1.32e-01	2.74e-02	7.05e-03	4.31e-03	2.14e-04	3.65e-06
 2.67080e+22	1.41e-20	2.79e-15	3.98e-11	1.66e-09	3.75e-08	3.04e-07	1.32e-06	9.00e-06	1.55e-03	3.20e-02	1.70e-01	3.01e-01	3.35e-01	1.25e-01	2.52e-02	6.34e-03	3.77e-03	1.80e-04	2.95e-06
 2.68876e+22	1.89e-20	3.66e-15	5.09e-11	2.07e-09	4.57e-08	3.62e-07	1.54e-06	1.02e-05	1.70e-03	3.42e-02	1.77e-01	3.05e-01	3.30e-01	1.20e-01	2.35e-02	5.80e-03	3.38e-03	1.57e-04	2.49e-06
 2.70745e+22	2.77e-20	5.19e-15	6.98e-11	2.75e-09	5.91e-08	4.54e-07	1.86e-06	1.20e-05	1.92e-03	3.71e-02	1.85e-01	3.09e-01	3.23e-01	1.13e-01	2.14e-02	5.16e-03	2.92e-03	1.30e-04	1.98e-06
 2.72620e+22	3.69e-20	6.76e-15	8.86e-11	3.41e-09	7.17e-08	5.39e-07	2.15e-06	1.35e-05	2.10e-03	3.96e-02	1.92e-01	3.13e-01	3.18e-01	1.08e-01	2.00e-02	4.72e-03	2.61e-03	1.13e-04	1.67e-06
 2.74502e+22	5.35e-20	9.51e-15	1.21e-10	4.50e-09	9.20e-08	6.72e-07	2.60e-06	1.58e-05	2.36e-03	4.28e-02	2.01e-01	3.16e-01	3.11e-01	1.02e-01	1.82e-02	4.20e-03	2.26e-03	9.36e-05	1.33e-06
 2.76458e+22	7.34e-20	1.27e-14	1.57e-10	5.70e-09	1.14e-07	8.10e-07	3.05e-06	1.80e-05	2.60e-03	4.58e-02	2.09e-01	3.19e-01	3.05e-01	9.65e-02	1.68e-02	3.79e-03	1.99e-03	7.97e-05	1.09e-06
 2.78509e+22	1.09e-19	1.82e-14	2.17e-10	7.63e-09	1.48e-07	1.02e-06	3.72e-06	2.13e-05	2.94e-03	4.98e-02	2.18e-01	3.23e-01	2.96e-01	9.01e-02	1.51e-02	3.34e-03	1.70e-03	6.51e-05	8.55e-07
 2.80589e+22	1.50e-19	2.45e-14	2.83e-10	9.70e-09	1.84e-07	1.24e-06	4.38e-06	2.44e-05	3.25e-03	5.33e-02	2.26e-01	3.25e-01	2.89e-01	8.51e-02	1.39e-02	3.00e-03	1.49e-03	5.49e-05	6.96e-07
 2.82429e+22	2.06e-19	3.28e-14	3.67e-10	1.23e-08	2.27e-07	1.49e-06	5.14e-06	2.79e-05	3.59e-03	5.69e-02	2.34e-01	3.27e-01	2.82e-01	8.03e-02	1.27e-02	2.69e-03	1.30e-03	4.64e-05	5.68e-07
 2.84543e+22	3.12e-19	4.78e-14	5.13e-10	1.66e-08	2.99e-07	1.90e-06	6.33e-06	3.32e-05	4.08e-03	6.19e-02	2.44e-01	3.29e-01	2.72e-01	7.42e-02	1.13e-02	2.33e-03	1.09e-03	3.72e-05	4.34e-07
 2.86538e+22	4.09e-19	6.13e-14	6.41e-10	2.03e-08	3.58e-07	2.24e-06	7.26e-06	3.72e-05	4.44e-03	6.54e-02	2.51e-01	3.29e-01	2.65e-01	7.04e-02	1.05e-02	2.12e-03	9.71e-04	3.20e-05	3.63e-07
 2.88380e+22	5.87e-19	8.52e-14	8.58e-10	2.63e-08	4.54e-07	2.77e-06	8.71e-06	4.34e-05	4.96e-03	7.03e-02	2.60e-01	3.30e-01	2.57e-01	6.54e-02	9.40e-03	1.86e-03	8.27e-04	2.62e-05	2.84e-07
 2.90248e+22	7.74e-19	1.10e-13	1.07e-09	3.22e-08	5.46e-07	3.25e-06	1.00e-05	4.87e-05	5.40e-03	7.43e-02	2.67e-01	3.30e-01	2.50e-01	6.18e-02	8.65e-03	1.69e-03	7.32e-04	2.24e-05	2.36e-07
 2.92149e+22	1.13e-18	1.54e-13	1.45e-09	4.21e-08	6.99e-07	4.06e-06	1.21e-05	5.72e-05	6.06e-03	8.00e-02	2.77e-01	3.30e-01	2.40e-01	5.70e-02	7.70e-03	1.47e-03	6.15e-04	1.80e-05	1.81e-07
 2.94056e+22	1.49e-18	1.98e-13	1.81e-09	5.16e-08	8.41e-07	4.80e-06	1.40e-05	6.45e-05	6.61e-03	8.45e-02	2.84e-01	3.30e-01	2.33e-01	5.35e-02	7.04e-03	1.32e-03	5.40e-04	1.53e-05	1.49e-07
 2.95968e+22	2.17e-18	2.78e-13	2.43e-09	6.73e-08	1.08e-06	6.00e-06	1.69e-05	7.60e-05	7.42e-03	9.09e-02	2.93e-01	3.29e-01	2.23e-01	4.91e-02	6.22e-03	1.14e-03	4.50e-04	1.22e-05	0.00e+00
 2.97898e+22	2.89e-18	3.60e-13	3.05e-09	8.25e-08	1.30e-06	7.11e-06	1.96e-05	8.61e-05	8.11e-03	9.61e-02	3.00e-01	3.28e-01	2.15e-01	4.59e-02	5.65e-03	1.02e-03	3.92e-04	1.02e-05	0.00e+00
 2.99851e+22	4.22e-18	5.04e-13	4.08e-09	1.07e-07	1.66e-06	8.91e-06	2.38e-05	1.02e-04	9.13e-03	1.03e-01	3.10e-01	3.25e-01	2.05e-01	4.17e-02	4.95e-03	8.70e-04	3.23e-04	8.03e-06	0.00e+00
 3.01830e+22	5.67e-18	6.55e-13	5.12e-09	1.32e-07	2.02e-06	1.06e-05	2.78e-05	1.16e-04	1.00e-02	1.09e-01	3.17e-01	3.23e-01	1.96e-01	3.87e-02	4.45e-03	7.68e-04	2.77e-04	6.62e-06	0.00e+00
 3.03843e+22	8.32e-18	9.20e-13	6.84e-09	1.73e-07	2.61e-06	1.34e-05	3.40e-05	1.39e-04	1.13e-02	1.18e-01	3.26e-01	3.20e-01	1.86e-01	3.48e-02	3.85e-03	6.49e-04	2.25e-04	5.11e-06	0.00e+00
 3.05879e+22	1.12e-17	1.20e-12	8.56e-09	2.12e-07	3.18e-06	1.61e-05	3.99e-05	1.59e-04	1.25e-02	1.25e-01	3.33e-01	3.16e-01	1.77e-01	3.20e-02	3.42e-03	5.68e-04	1.91e-04	4.16e-06	0.00e+00
 3.07907e+22	1.62e-17	1.65e-12	1.13e-08	2.74e-07	4.07e-06	2.03e-05	4.89e-05	1.90e-04	1.42e-02	1.34e-01	3.41e-01	3.12e-01	1.66e-01	2.86e-02	2.94e-03	4.76e-04	1.54e-04	3.17e-06	0.00e+00
 3.09832e+22	2.09e-17	2.07e-12	1.36e-08	3.27e-07	4.83e-06	2.39e-05	5.62e-05	2.16e-04	1.54e-02	1.41e-01	3.47e-01	3.08e-01	1.59e-01	2.64e-02	2.63e-03	4.20e-04	1.32e-04	2.62e-06	0.00e+00
 3.11658e+22	2.90e-17	2.74e-12	1.72e-08	4.10e-07	6.04e-06	2.95e-05	6.77e-05	2.55e-04	1.73e-02	1.51e-01	3.54e-01	3.02e-01	1.49e-01	2.37e-02	2.27e-03	3.55e-04	1.07e-04	2.02e-06	0.00e+00
 3.13521e+22	3.76e-17	3.42e-12	2.06e-08	4.89e-07	7.21e-06	3.49e-05	7.85e-05	2.91e-04	1.90e-02	1.59e-01	3.59e-01	2.97e-01	1.41e-01	2.16e-02	2.01e-03	3.09e-04	9.04e-05	1.64e-06	0.00e+00
 3.15320e+22	5.04e-17	4.39e-12	2.53e-08	5.99e-07	8.85e-06	4.25e-05	9.35e-05	3.41e-04	2.11e-02	1.69e-01	3.65e-01	2.91e-01	1.32e-01	1.94e-02	1.73e-03	2.62e-04	7.37e-05	1.28e-06	0.00e+00
 3.17164e+22	6.52e-17	5.46e-12	3.02e-08	7.16e-07	1.06e-05	5.06e-05	1.09e-04	3.94e-04	2.33e-02	1.78e-01	3.70e-01	2.85e-01	1.24e-01	1.75e-02	1.51e-03	2.25e-04	6.12e-05	1.01e-06	0.00e+00
 3.18942e+22	8.44e-17	6.77e-12	3.60e-08	8.55e-07	1.28e-05	6.07e-05	1.28e-04	4.58e-04	2.58e-02	1.88e-01	3.74e-01	2.78e-01	1.16e-01	1.57e-02	1.31e-03	1.91e-04	5.02e-05	7.93e-07	0.00e+00
 3.20703e+22	1.07e-16	8.25e-12	4.22e-08	1.01e-06	1.52e-05	7.18e-05	1.49e-04	5.26e-04	2.84e-02	1.98e-01	3.78e-01	2.71e-01	1.09e-01	1.41e-02	1.14e-03	1.64e-04	4.16e-05	6.30e-07	0.00e+00
 3.22449e+22	1.36e-16	1.00e-11	4.93e-08	1.19e-06	1.81e-05	8.53e-05	1.74e-04	6.10e-04	3.13e-02	2.09e-01	3.81e-01	2.63e-01	1.01e-01	1.26e-02	9.85e-04	1.39e-04	3.41e-05	4.93e-07	0.00e+00
 3.24189e+22	1.70e-16	1.20e-11	5.68e-08	1.39e-06	2.14e-05	1.01e-04	2.01e-04	7.01e-04	3.44e-02	2.19e-01	3.83e-01	2.56e-01	9.44e-02	1.13e-02	8.54e-04	1.18e-04	2.81e-05	3.89e-07	0.00e+00
 3.25892e+22	2.10e-16	1.43e-11	6.50e-08	1.62e-06	2.51e-05	1.18e-04	2.33e-04	8.06e-04	3.77e-02	2.30e-01	3.85e-01	2.48e-01	8.78e-02	1.01e-02	7.39e-04	1.01e-04	2.31e-05	3.06e-07	0.00e+00
 3.27592e+22	2.58e-16	1.69e-11	7.40e-08	1.87e-06	2.95e-05	1.38e-04	2.68e-04	9.25e-04	4.13e-02	2.41e-01	3.86e-01	2.40e-01	8.15e-02	9.04e-03	6.39e-04	8.57e-05	1.90e-05	2.41e-07	0.00e+00
 3.29291e+22	3.16e-16	1.99e-11	8.38e-08	2.16e-06	3.44e-05	1.62e-04	3.08e-04	1.06e-03	4.51e-02	2.51e-01	3.86e-01	2.32e-01	7.54e-02	8.06e-03	5.51e-04	7.27e-05	1.56e-05	1.89e-07	0.00e+00
 3.30999e+22	3.85e-16	2.33e-11	9.45e-08	2.49e-06	4.02e-05	1.88e-04	3.53e-04	1.21e-03	4.93e-02	2.62e-01	3.86e-01	2.23e-01	6.97e-02	7.17e-03	4.75e-04	6.16e-05	1.28e-05	1.49e-07	0.00e+00
 3.32720e+22	4.68e-16	2.71e-11	1.06e-07	2.87e-06	4.67e-05	2.19e-04	4.04e-04	1.39e-03	5.38e-02	2.74e-01	3.85e-01	2.15e-01	6.43e-02	6.36e-03	4.08e-04	5.21e-05	1.04e-05	1.16e-07	0.00e+00
 3.34463e+22	5.68e-16	3.16e-11	1.19e-07	3.30e-06	5.44e-05	2.55e-04	4.62e-04	1.59e-03	5.87e-02	2.85e-01	3.83e-01	2.06e-01	5.91e-02	5.63e-03	3.50e-04	4.39e-05	8.50e-06	0.00e+00	0.00e+00
 3.36235e+22	6.89e-16	3.69e-11	1.34e-07	3.79e-06	6.32e-05	2.97e-04	5.27e-04	1.82e-03	6.39e-02	2.96e-01	3.81e-01	1.97e-01	5.42e-02	4.98e-03	3.00e-04	3.69e-05	6.91e-06	0.00e+00	0.00e+00
 3.38022e+22	8.34e-16	4.29e-11	1.51e-07	4.36e-06	7.33e-05	3.43e-04	6.00e-04	2.07e-03	6.95e-02	3.07e-01	3.78e-01	1.88e-01	4.97e-02	4.39e-03	2.56e-04	3.10e-05	5.62e-06	0.00e+00	0.00e+00
 3.39847e+22	1.02e-15	5.01e-11	1.70e-07	5.02e-06	8.53e-05	3.99e-04	6.83e-04	2.37e-03	7.56e-02	3.18e-01	3.74e-01	1.79e-01	4.53e-02	3.86e-03	2.18e-04	2.58e-05	4.53e-06	0.00e+00	0.00e+00
 3.41682e+22	1.23e-15	5.83e-11	1.91e-07	5.77e-06	9.86e-05	4.60e-04	7.73e-04	2.69e-03	8.18e-02	3.29e-01	3.69e-01	1.71e-01	4.14e-02	3.40e-03	1.86e-04	2.17e-05	3.68e-06	0.00e+00	0.00e+00
 3.43565e+22	1.51e-15	6.87e-11	2.17e-07	6.69e-06	1.15e-04	5.35e-04	8.80e-04	3.08e-03	8.88e-02	3.40e-01	3.64e-01	1.62e-01	3.75e-02	2.96e-03	1.57e-04	1.79e-05	2.94e-06	0.00e+00	0.00e+00
 3.45472e+22	1.84e-15	8.05e-11	2.45e-07	7.70e-06	1.33e-04	6.15e-04	9.91e-04	3.49e-03	9.58e-02	3.50e-01	3.59e-01	1.54e-01	3.41e-02	2.60e-03	1.34e-04	1.50e-05	2.38e-06	0.00e+00	0.00e+00
 3.47203e+22	2.19e-15	9.24e-11	2.73e-07	8.71e-06	1.50e-04	6.92e-04	1.10e-03	3.87e-03	1.02e-01	3.58e-01	3.53e-01	1.47e-01	3.14e-02	2.33e-03	1.17e-04	1.29e-05	1.99e-06	0.00e+00	0.00e+00
 3.49052e+22	2.74e-15	1.11e-10	3.16e-07	1.02e-05	1.76e-04	8.05e-04	1.24e-03	4.42e-03	1.10e-01	3.68e-01	3.46e-01	1.38e-01	2.82e-02	2.01e-03	9.77e-05	1.05e-05	1.58e-06	0.00e+00	0.00e+00
 3.50933e+22	3.28e-15	1.29e-10	3.55e-07	1.16e-05	2.00e-04	9.06e-04	1.37e-03	4.90e-03	1.17e-01	3.76e-01	3.40e-01	1.31e-01	2.59e-02	1.79e-03	8.48e-05	9.01e-06	1.31e-06	0.00e+00	0.00e+00
 3.52854e+22	4.16e-15	1.56e-10	4.15e-07	1.37e-05	2.34e-04	1.05e-03	1.56e-03	5.58e-03	1.27e-01	3.85e-01	3.32e-01	1.23e-01	2.32e-02	1.54e-03	7.06e-05	7.34e-06	1.03e-06	0.00e+00	0.00e+00
 3.54818e+22	5.06e-15	1.83e-10	4.74e-07	1.57e-05	2.67e-04	1.19e-03	1.72e-03	6.18e-03	1.34e-01	3.92e-01	3.25e-01	1.16e-01	2.12e-02	1.37e-03	6.10e-05	6.23e-06	8.52e-07	0.00e+00	0.00e+00
 3.56839e+22	6.54e-15	2.27e-10	5.62e-07	1.88e-05	3.15e-04	1.39e-03	1.95e-03	7.04e-03	1.45e-01	4.01e-01	3.15e-01	1.08e-01	1.88e-02	1.17e-03	5.04e-05	5.03e-06	6.64e-07	0.00e+00	0.00e+00
 3.58872e+22	8.02e-15	2.69e-10	6.47e-07	2.16e-05	3.58e-04	1.56e-03	2.14e-03	7.76e-03	1.53e-01	4.07e-01	3.08e-01	1.02e-01	1.72e-02	1.04e-03	4.35e-05	4.28e-06	5.49e-07	0.00e+00	0.00e+00
 3.60922e+22	1.05e-14	3.36e-10	7.77e-07	2.60e-05	4.23e-04	1.81e-03	2.42e-03	8.81e-03	1.64e-01	4.14e-01	2.98e-01	9.49e-02	1.52e-02	8.83e-04	3.59e-05	3.45e-06	4.27e-07	0.00e+00	0.00e+00
 3.62988e+22	1.30e-14	4.02e-10	9.03e-07	3.00e-05	4.81e-04	2.03e-03	2.65e-03	9.66e-03	1.73e-01	4.18e-01	2.90e-01	8.95e-02	1.38e-02	7.82e-04	3.10e-05	2.93e-06	3.53e-07	0.00e+00	0.00e+00
 3.65074e+22	1.71e-14	5.09e-10	1.10e-06	3.62e-05	5.69e-04	2.36e-03	2.98e-03	1.09e-02	1.84e-01	4.24e-01	2.80e-01	8.27e-02	1.22e-02	6.65e-04	2.55e-05	2.36e-06	2.74e-07	0.00e+00	0.00e+00
 3.67190e+22	2.15e-14	6.17e-10	1.29e-06	4.22e-05	6.49e-04	2.65e-03	3.26e-03	1.20e-02	1.94e-01	4.27e-01	2.71e-01	7.77e-02	1.11e-02	5.87e-04	2.20e-05	1.99e-06	2.26e-07	0.00e+00	0.00e+00
 3.69343e+22	2.88e-14	7.92e-10	1.59e-06	5.13e-05	7.70e-04	3.08e-03	3.66e-03	1.35e-02	2.06e-01	4.31e-01	2.60e-01	7.15e-02	9.71e-03	4.97e-04	1.80e-05	1.60e-06	1.75e-07	0.00e+00	0.00e+00
 3.71530e+22	3.65e-14	9.71e-10	1.89e-06	6.01e-05	8.81e-04	3.46e-03	4.00e-03	1.47e-02	2.16e-01	4.33e-01	2.52e-01	6.69e-02	8.77e-03	4.36e-04	1.54e-05	1.34e-06	1.43e-07	0.00e+00	0.00e+00
 3.73763e+22	4.99e-14	1.27e-09	2.37e-06	7.39e-05	1.05e-03	4.02e-03	4.49e-03	1.65e-02	2.29e-01	4.35e-01	2.41e-01	6.12e-02	7.66e-03	3.68e-04	1.25e-05	1.07e-06	0.00e+00	0.00e+00	0.00e+00
 3.76041e+22	6.43e-14	1.58e-09	2.85e-06	8.73e-05	1.21e-03	4.53e-03	4.92e-03	1.81e-02	2.39e-01	4.36e-01	2.32e-01	5.70e-02	6.87e-03	3.21e-04	1.07e-05	8.93e-07	0.00e+00	0.00e+00	0.00e+00
 3.78378e+22	8.96e-14	2.10e-09	3.63e-06	1.08e-04	1.45e-03	5.28e-03	5.52e-03	2.03e-02	2.53e-01	4.36e-01	2.20e-01	5.18e-02	5.95e-03	2.68e-04	8.61e-06	7.04e-07	0.00e+00	0.00e+00	0.00e+00
 3.80769e+22	1.17e-13	2.65e-09	4.43e-06	1.29e-04	1.68e-03	5.96e-03	6.05e-03	2.22e-02	2.64e-01	4.35e-01	2.11e-01	4.79e-02	5.31e-03	2.32e-04	7.27e-06	5.84e-07	0.00e+00	0.00e+00	0.00e+00
 3.82787e+22	1.49e-13	3.27e-09	5.29e-06	1.51e-04	1.90e-03	6.63e-03	6.56e-03	2.40e-02	2.74e-01	4.34e-01	2.03e-01	4.47e-02	4.79e-03	2.05e-04	6.25e-06	4.94e-07	0.00e+00	0.00e+00	0.00e+00
 3.84964e+22	2.05e-13	4.29e-09	6.68e-06	1.86e-04	2.25e-03	7.62e-03	7.27e-03	2.65e-02	2.87e-01	4.32e-01	1.92e-01	4.07e-02	4.18e-03	1.73e-04	5.11e-06	3.95e-07	0.00e+00	0.00e+00	0.00e+00
 3.87099e+22	2.58e-13	5.25e-09	7.93e-06	2.15e-04	2.54e-03	8.40e-03	7.82e-03	2.83e-02	2.95e-01	4.30e-01	1.85e-01	3.81e-02	3.80e-03	1.54e-04	4.45e-06	3.39e-07	0.00e+00	0.00e+00	0.00e+00
 3.89178e+22	3.49e-13	6.83e-09	9.94e-06	2.62e-04	2.97e-03	9.57e-03	8.60e-03	3.11e-02	3.08e-01	4.26e-01	1.76e-01	3.48e-02	3.32e-03	1.30e-04	3.66e-06	2.74e-07	0.00e+00	0.00e+00	0.00e+00
 3.91273e+22	4.41e-13	8.38e-09	1.18e-05	3.04e-04	3.35e-03	1.06e-02	9.24e-03	3.32e-02	3.16e-01	4.23e-01	1.69e-01	3.24e-02	3.01e-03	1.16e-04	3.18e-06	2.34e-07	0.00e+00	0.00e+00	0.00e+00
 3.93387e+22	6.02e-13	1.10e-08	1.49e-05	3.70e-04	3.93e-03	1.20e-02	1.01e-02	3.63e-02	3.28e-01	4.18e-01	1.59e-01	2.95e-02	2.62e-03	9.80e-05	2.61e-06	1.89e-07	0.00e+00	0.00e+00	0.00e+00
 3.95525e+22	7.65e-13	1.35e-08	1.79e-05	4.32e-04	4.44e-03	1.32e-02	1.09e-02	3.86e-02	3.37e-01	4.13e-01	1.52e-01	2.74e-02	2.37e-03	8.65e-05	2.26e-06	1.61e-07	0.00e+00	0.00e+00	0.00e+00
 3.97697e+22	1.05e-12	1.79e-08	2.27e-05	5.29e-04	5.22e-03	1.51e-02	1.20e-02	4.22e-02	3.48e-01	4.06e-01	1.43e-01	2.48e-02	2.05e-03	7.29e-05	1.84e-06	1.29e-07	0.00e+00	0.00e+00	0.00e+00
 3.99895e+22	1.35e-12	2.22e-08	2.73e-05	6.18e-04	5.90e-03	1.66e-02	1.28e-02	4.48e-02	3.57e-01	4.01e-01	1.37e-01	2.29e-02	1.84e-03	6.41e-05	1.59e-06	0.00e+00	0.00e+00	0.00e+00	0.00e+00
 4.02126e+22	1.87e-12	2.96e-08	3.50e-05	7.59e-04	6.95e-03	1.89e-02	1.41e-02	4.88e-02	3.68e-01	3.93e-01	1.28e-01	2.06e-02	1.59e-03	5.37e-05	1.29e-06	0.00e+00	0.00e+00	0.00e+00	0.00e+00
 4.04393e+22	2.42e-12	3.69e-08	4.24e-05	8.91e-04	7.88e-03	2.09e-02	1.51e-02	5.18e-02	3.75e-01	3.86e-01	1.21e-01	1.90e-02	1.42e-03	4.69e-05	1.10e-06	0.00e+00	0.00e+00	0.00e+00	0.00e+00
 4.06708e+22	3.39e-12	4.97e-08	5.46e-05	1.10e-03	9.30e-03	2.38e-02	1.66e-02	5.62e-02	3.85e-01	3.76e-01	1.13e-01	1.70e-02	1.21e-03	3.90e-05	8.86e-07	0.00e+00	0.00e+00	0.00e+00	0.00e+00
 4.09063e+22	4.41e-12	6.26e-08	6.66e-05	1.30e-03	1.06e-02	2.62e-02	1.78e-02	5.97e-02	3.92e-01	3.69e-01	1.07e-01	1.55e-02	1.08e-03	3.39e-05	7.51e-07	0.00e+00	0.00e+00	0.00e+00	0.00e+00
 4.11472e+22	6.26e-12	8.50e-08	8.66e-05	1.61e-03	1.25e-02	2.99e-02	1.95e-02	6.46e-02	4.01e-01	3.57e-01	9.84e-02	1.38e-02	9.13e-04	2.79e-05	5.98e-07	0.00e+00	0.00e+00	0.00e+00	0.00e+00
 4.13932e+22	8.24e-12	1.08e-07	1.06e-04	1.91e-03	1.43e-02	3.31e-02	2.09e-02	6.84e-02	4.07e-01	3.48e-01	9.24e-02	1.25e-02	8.03e-04	2.40e-05	5.02e-07	0.00e+00	0.00e+00	0.00e+00	0.00e+00
 4.16459e+22	1.19e-11	1.49e-07	1.40e-04	2.39e-03	1.70e-02	3.77e-02	2.29e-02	7.39e-02	4.15e-01	3.35e-01	8.46e-02	1.10e-02	6.73e-04	1.95e-05	3.94e-07	0.00e+00	0.00e+00	0.00e+00	0.00e+00
 4.19025e+22	1.57e-11	1.90e-07	1.73e-04	2.84e-03	1.93e-02	4.17e-02	2.46e-02	7.81e-02	4.19e-01	3.25e-01	7.89e-02	9.88e-03	5.87e-04	1.67e-05	3.28e-07	0.00e+00	0.00e+00	0.00e+00	0.00e+00
 4.21642e+22	2.28e-11	2.63e-07	2.28e-04	3.56e-03	2.30e-02	4.75e-02	2.69e-02	8.40e-02	4.24e-01	3.10e-01	7.16e-02	8.57e-03	4.87e-04	1.34e-05	2.55e-07	0.00e+00	0.00e+00	0.00e+00	0.00e+00
 4.24284e+22	3.02e-11	3.36e-07	2.81e-04	4.22e-03	2.62e-02	5.23e-02	2.87e-02	8.84e-02	4.27e-01	2.99e-01	6.63e-02	7.68e-03	4.22e-04	1.14e-05	2.11e-07	0.00e+00	0.00e+00	0.00e+00	0.00e+00
 4.26534e+22	3.94e-11	4.23e-07	3.43e-04	4.95e-03	2.96e-02	5.73e-02	3.05e-02	9.26e-02	4.28e-01	2.88e-01	6.15e-02	6.90e-03	3.67e-04	9.68e-06	1.75e-07	0.00e+00	0.00e+00	0.00e+00	0.00e+00
 4.29033e+22	5.53e-11	5.69e-07	4.41e-04	6.07e-03	3.45e-02	6.41e-02	3.29e-02	9.81e-02	4.29e-01	2.73e-01	5.57e-02	5.99e-03	3.06e-04	7.86e-06	1.38e-07	0.00e+00	0.00e+00	0.00e+00	0.00e+00
 4.31557e+22	7.25e-11	7.19e-07	5.38e-04	7.12e-03	3.89e-02	7.00e-02	3.49e-02	1.02e-01	4.28e-01	2.61e-01	5.13e-02	5.34e-03	2.64e-04	6.64e-06	0.00e+00	0.00e+00	0.00e+00	0.00e+00	0.00e+00
 4.34111e+22	1.01e-10	9.60e-07	6.88e-04	8.65e-03	4.50e-02	7.78e-02	3.74e-02	1.08e-01	4.26e-01	2.46e-01	4.61e-02	4.61e-03	2.19e-04	5.37e-06	0.00e+00	0.00e+00	0.00e+00	0.00e+00	0.00e+00
 4.36595e+22	1.30e-10	1.19e-06	8.28e-04	1.00e-02	5.02e-02	8.41e-02	3.93e-02	1.11e-01	4.23e-01	2.35e-01	4.24e-02	4.11e-03	1.89e-04	4.56e-06	0.00e+00	0.00e+00	0.00e+00	0.00e+00	0.00e+00
 4.38658e+22	1.65e-10	1.47e-06	9.88e-04	1.15e-02	5.56e-02	9.05e-02	4.11e-02	1.15e-01	4.19e-01	2.24e-01	3.90e-02	3.67e-03	1.64e-04	3.88e-06	0.00e+00	0.00e+00	0.00e+00	0.00e+00	0.00e+00
 4.41010e+22	2.23e-10	1.90e-06	1.23e-03	1.37e-02	6.31e-02	9.88e-02	4.35e-02	1.19e-01	4.12e-01	2.10e-01	3.51e-02	3.18e-03	1.37e-04	3.16e-06	0.00e+00	0.00e+00	0.00e+00	0.00e+00	0.00e+00
 4.43437e+22	2.87e-10	2.37e-06	1.48e-03	1.58e-02	7.01e-02	1.06e-01	4.54e-02	1.23e-01	4.06e-01	1.98e-01	3.19e-02	2.80e-03	1.17e-04	2.65e-06	0.00e+00	0.00e+00	0.00e+00	0.00e+00	0.00e+00
 4.45616e+22	3.67e-10	2.93e-06	1.76e-03	1.81e-02	7.74e-02	1.14e-01	4.73e-02	1.26e-01	3.98e-01	1.86e-01	2.89e-02	2.46e-03	9.97e-05	2.22e-06	0.00e+00	0.00e+00	0.00e+00	0.00e+00	0.00e+00
 4.48105e+22	4.95e-10	3.79e-06	2.19e-03	2.15e-02	8.73e-02	1.23e-01	4.96e-02	1.29e-01	3.87e-01	1.72e-01	2.56e-02	2.09e-03	8.16e-05	1.77e-06	0.00e+00	0.00e+00	0.00e+00	0.00e+00	0.00e+00
 4.50672e+22	6.43e-10	4.75e-06	2.64e-03	2.48e-02	9.66e-02	1.32e-01	5.15e-02	1.31e-01	3.77e-01	1.60e-01	2.28e-02	1.80e-03	6.82e-05	1.45e-06	0.00e+00	0.00e+00	0.00e+00	0.00e+00	0.00e+00
 4.52960e+22	8.21e-10	5.85e-06	3.15e-03	2.83e-02	1.06e-01	1.40e-01	5.32e-02	1.33e-01	3.65e-01	1.49e-01	2.04e-02	1.56e-03	5.73e-05	1.20e-06	0.00e+00	0.00e+00	0.00e+00	0.00e+00	0.00e+00
 4.55552e+22	1.11e-09	7.55e-06	3.89e-03	3.32e-02	1.18e-01	1.50e-01	5.52e-02	1.35e-01	3.50e-01	1.35e-01	1.77e-02	1.30e-03	4.60e-05	9.38e-07	0.00e+00	0.00e+00	0.00e+00	0.00e+00	0.00e+00
 4.58259e+22	1.44e-09	9.47e-06	4.69e-03	3.82e-02	1.30e-01	1.59e-01	5.67e-02	1.36e-01	3.35e-01	1.23e-01	1.55e-02	1.10e-03	3.75e-05	7.49e-07	0.00e+00	0.00e+00	0.00e+00	0.00e+00	0.00e+00
