#depth	H	H+	H2
 4.62852e+21	1.20e-08	1.00e+00	3.00e-36
 1.02087e+22	2.53e-08	1.00e+00	5.03e-35
 1.15215e+22	3.37e-08	1.00e+00	1.67e-34
 1.20631e+22	3.88e-08	1.00e+00	3.07e-34
 1.22930e+22	4.03e-08	1.00e+00	3.61e-34
 1.24015e+22	4.21e-08	1.00e+00	4.37e-34
 1.25194e+22	4.40e-08	1.00e+00	5.29e-34
 1.26356e+22	4.59e-08	1.00e+00	6.37e-34
 1.27529e+22	4.80e-08	1.00e+00	7.69e-34
 1.28736e+22	5.01e-08	1.00e+00	9.25e-34
 1.29971e+22	5.24e-08	1.00e+00	1.12e-33
 1.31233e+22	5.47e-08	1.00e+00	1.35e-33
 1.32468e+22	5.69e-08	1.00e+00	1.60e-33
 1.33741e+22	5.95e-08	1.00e+00	6.59e-34
 1.35035e+22	6.19e-08	1.00e+00	7.91e-34
 1.36372e+22	6.47e-08	1.00e+00	9.76e-34
 1.37732e+22	6.72e-08	1.00e+00	1.17e-33
 1.39140e+22	7.03e-08	1.00e+00	1.45e-33
 1.40577e+22	7.31e-08	1.00e+00	1.73e-33
 1.41900e+22	7.58e-08	1.00e+00	2.06e-33
 1.43407e+22	7.94e-08	1.00e+00	2.55e-33
 1.44926e+22	8.22e-08	1.00e+00	2.95e-33
 1.46465e+22	8.60e-08	1.00e+00	3.64e-33
 1.48033e+22	8.91e-08	1.00e+00	3.96e-33
 1.49637e+22	9.32e-08	1.00e+00	4.87e-33
 1.51248e+22	9.64e-08	1.00e+00	5.73e-33
 1.52868e+22	1.01e-07	1.00e+00	7.05e-33
 1.54479e+22	1.04e-07	1.00e+00	8.16e-33
 1.56078e+22	1.09e-07	1.00e+00	9.99e-33
 1.57696e+22	1.12e-07	1.00e+00	1.08e-32
 1.59338e+22	1.17e-07	1.00e+00	1.32e-32
 1.61003e+22	1.21e-07	1.00e+00	1.53e-32
 1.62697e+22	1.26e-07	1.00e+00	1.88e-32
 1.64420e+22	1.30e-07	1.00e+00	2.19e-32
 1.66180e+22	1.36e-07	1.00e+00	2.70e-32
 1.67966e+22	1.41e-07	1.00e+00	3.17e-32
 1.69517e+22	1.46e-07	1.00e+00	3.71e-32
 1.70983e+22	1.51e-07	1.00e+00	4.27e-32
 1.72601e+22	1.57e-07	1.00e+00	5.17e-32
 1.74213e+22	1.62e-07	1.00e+00	5.95e-32
 1.75519e+22	1.67e-07	1.00e+00	6.75e-32
 1.76916e+22	1.73e-07	1.00e+00	7.97e-32
 1.78302e+22	1.78e-07	1.00e+00	8.70e-32
 1.79425e+22	1.82e-07	1.00e+00	9.70e-32
 1.80637e+22	1.89e-07	1.00e+00	1.13e-31
 1.81783e+22	1.93e-07	1.00e+00	1.24e-31
 1.82843e+22	1.99e-07	1.00e+00	1.42e-31
 1.83910e+22	2.03e-07	1.00e+00	1.57e-31
 1.84986e+22	2.10e-07	1.00e+00	1.80e-31
 1.86021e+22	2.15e-07	1.00e+00	1.97e-31
 1.87002e+22	2.21e-07	1.00e+00	2.24e-31
 1.88007e+22	2.27e-07	1.00e+00	2.48e-31
 1.89042e+22	2.35e-07	1.00e+00	2.85e-31
 1.90062e+22	2.41e-07	1.00e+00	3.15e-31
 1.90916e+22	2.47e-07	1.00e+00	3.48e-31
 1.91739e+22	2.53e-07	1.00e+00	3.85e-31
 1.92667e+22	2.61e-07	1.00e+00	4.37e-31
 1.93589e+22	2.68e-07	1.00e+00	4.83e-31
 1.94504e+22	2.78e-07	1.00e+00	5.54e-31
 1.95403e+22	2.84e-07	1.00e+00	6.08e-31
 1.96283e+22	2.94e-07	1.00e+00	6.96e-31
 1.97169e+22	3.02e-07	1.00e+00	7.72e-31
 1.98064e+22	3.14e-07	1.00e+00	8.90e-31
 1.98968e+22	3.24e-07	1.00e+00	9.94e-31
 1.99751e+22	3.34e-07	1.00e+00	1.11e-30
 2.00637e+22	3.48e-07	1.00e+00	1.29e-30
 2.01518e+22	3.59e-07	1.00e+00	1.44e-30
 2.02393e+22	3.75e-07	1.00e+00	1.68e-30
 2.03238e+22	3.86e-07	1.00e+00	1.88e-30
 2.04044e+22	4.03e-07	1.00e+00	2.18e-30
 2.04854e+22	4.17e-07	1.00e+00	2.44e-30
 2.05669e+22	4.35e-07	1.00e+00	2.83e-30
 2.06496e+22	4.51e-07	1.00e+00	3.18e-30
 2.07341e+22	4.72e-07	1.00e+00	3.72e-30
 2.08204e+22	4.90e-07	1.00e+00	4.21e-30
 2.08967e+22	5.08e-07	1.00e+00	4.76e-30
 2.09806e+22	5.32e-07	1.00e+00	5.53e-30
 2.10655e+22	5.53e-07	1.00e+00	6.28e-30
 2.11500e+22	5.80e-07	1.00e+00	7.27e-30
 2.12358e+22	6.03e-07	1.00e+00	8.28e-30
 2.13222e+22	6.32e-07	1.00e+00	9.60e-30
 2.14100e+22	6.59e-07	1.00e+00	1.10e-29
 2.14983e+22	6.90e-07	1.00e+00	1.26e-29
 2.15864e+22	7.17e-07	1.00e+00	1.43e-29
 2.16779e+22	7.53e-07	1.00e+00	1.67e-29
 2.17702e+22	7.84e-07	1.00e+00	1.89e-29
 2.18640e+22	8.22e-07	1.00e+00	2.19e-29
 2.19607e+22	8.56e-07	1.00e+00	2.48e-29
 2.20601e+22	8.98e-07	1.00e+00	2.88e-29
 2.21625e+22	9.36e-07	1.00e+00	3.27e-29
 2.22689e+22	9.82e-07	1.00e+00	3.80e-29
 2.23782e+22	1.02e-06	1.00e+00	4.32e-29
 2.24920e+22	1.07e-06	1.00e+00	5.02e-29
 2.26090e+22	1.12e-06	1.00e+00	5.71e-29
 2.27330e+22	1.18e-06	1.00e+00	6.69e-29
 2.28575e+22	1.22e-06	1.00e+00	7.57e-29
 2.29843e+22	1.29e-06	1.00e+00	8.86e-29
 2.31139e+22	1.34e-06	1.00e+00	1.00e-28
 2.32261e+22	1.39e-06	1.00e+00	1.12e-28
 2.33506e+22	1.45e-06	1.00e+00	1.30e-28
 2.34764e+22	1.51e-06	1.00e+00	1.45e-28
 2.36037e+22	1.58e-06	1.00e+00	1.68e-28
 2.37331e+22	1.63e-06	1.00e+00	1.87e-28
 2.38473e+22	1.69e-06	1.00e+00	2.09e-28
 2.39780e+22	1.77e-06	1.00e+00	2.40e-28
 2.41079e+22	1.82e-06	1.00e+00	2.65e-28
 2.42368e+22	1.90e-06	1.00e+00	3.04e-28
 2.43677e+22	1.96e-06	1.00e+00	3.36e-28
 2.45011e+22	2.05e-06	1.00e+00	3.85e-28
 2.46370e+22	2.11e-06	1.00e+00	4.26e-28
 2.47759e+22	2.20e-06	1.00e+00	5.11e-28
 2.49174e+22	2.27e-06	1.00e+00	5.66e-28
 2.50412e+22	2.34e-06	1.00e+00	6.25e-28
 2.51812e+22	2.44e-06	1.00e+00	7.11e-28
 2.53208e+22	2.50e-06	1.00e+00	7.78e-28
 2.54601e+22	2.61e-06	1.00e+00	8.86e-28
 2.56014e+22	2.68e-06	1.00e+00	9.70e-28
 2.57452e+22	2.78e-06	1.00e+00	1.10e-27
 2.58940e+22	2.86e-06	1.00e+00	1.21e-27
 2.60491e+22	2.97e-06	1.00e+00	1.38e-27
 2.62067e+22	3.06e-06	1.00e+00	1.53e-27
 2.63677e+22	3.18e-06	1.00e+00	1.75e-27
 2.65342e+22	3.27e-06	1.00e+00	1.94e-27
 2.67080e+22	3.40e-06	1.00e+00	2.23e-27
 2.68876e+22	3.50e-06	1.00e+00	2.50e-27
 2.70745e+22	3.65e-06	1.00e+00	2.90e-27
 2.72620e+22	3.76e-06	1.00e+00	3.24e-27
 2.74502e+22	3.91e-06	1.00e+00	3.75e-27
 2.76458e+22	4.05e-06	1.00e+00	4.25e-27
 2.78509e+22	4.23e-06	1.00e+00	4.97e-27
 2.80589e+22	4.38e-06	1.00e+00	5.64e-27
 2.82429e+22	4.55e-06	1.00e+00	6.40e-27
 2.84543e+22	4.78e-06	1.00e+00	7.57e-27
 2.86538e+22	4.93e-06	1.00e+00	8.43e-27
 2.88380e+22	5.17e-06	1.00e+00	9.78e-27
 2.90248e+22	5.35e-06	1.00e+00	1.09e-26
 2.92149e+22	5.65e-06	1.00e+00	1.28e-26
 2.94056e+22	5.87e-06	1.00e+00	1.45e-26
 2.95968e+22	6.22e-06	1.00e+00	1.71e-26
 2.97898e+22	6.50e-06	1.00e+00	1.91e-26
 2.99851e+22	6.92e-06	1.00e+00	2.24e-26
 3.01830e+22	7.28e-06	1.00e+00	2.54e-26
 3.03843e+22	7.82e-06	1.00e+00	3.00e-26
 3.05879e+22	8.27e-06	1.00e+00	3.41e-26
 3.07907e+22	8.94e-06	1.00e+00	4.00e-26
 3.09832e+22	9.43e-06	1.00e+00	4.47e-26
 3.11658e+22	1.02e-05	1.00e+00	5.19e-26
 3.13521e+22	1.08e-05	1.00e+00	5.83e-26
 3.15320e+22	1.17e-05	1.00e+00	6.64e-26
 3.17164e+22	1.25e-05	1.00e+00	7.46e-26
 3.18942e+22	1.35e-05	1.00e+00	8.43e-26
 3.20703e+22	1.45e-05	1.00e+00	9.40e-26
 3.22449e+22	1.56e-05	1.00e+00	1.06e-25
 3.24189e+22	1.67e-05	1.00e+00	1.18e-25
 3.25892e+22	1.80e-05	1.00e+00	1.32e-25
 3.27592e+22	1.94e-05	1.00e+00	1.47e-25
 3.29291e+22	2.08e-05	1.00e+00	1.65e-25
 3.30999e+22	2.24e-05	1.00e+00	1.85e-25
 3.32720e+22	2.40e-05	1.00e+00	2.09e-25
 3.34463e+22	2.58e-05	1.00e+00	2.36e-25
 3.36235e+22	2.78e-05	1.00e+00	2.69e-25
 3.38022e+22	2.98e-05	1.00e+00	3.08e-25
 3.39847e+22	3.21e-05	1.00e+00	3.19e-25
 3.41682e+22	3.43e-05	1.00e+00	3.69e-25
 3.43565e+22	3.70e-05	1.00e+00	4.36e-25
 3.45472e+22	3.95e-05	1.00e+00	5.12e-25
 3.47203e+22	4.19e-05	1.00e+00	5.91e-25
 3.49052e+22	4.50e-05	1.00e+00	7.16e-25
 3.50933e+22	4.76e-05	1.00e+00	8.38e-25
 3.52854e+22	5.12e-05	1.00e+00	1.03e-24
 3.54818e+22	5.41e-05	1.00e+00	1.22e-24
 3.56839e+22	5.82e-05	1.00e+00	1.54e-24
 3.58872e+22	6.14e-05	1.00e+00	1.83e-24
 3.60922e+22	6.60e-05	1.00e+00	2.31e-24
 3.62988e+22	6.94e-05	1.00e+00	2.76e-24
 3.65074e+22	7.44e-05	1.00e+00	3.50e-24
 3.67190e+22	7.83e-05	1.00e+00	4.21e-24
 3.69343e+22	8.39e-05	1.00e+00	5.38e-24
 3.71530e+22	8.83e-05	1.00e+00	6.51e-24
 3.73763e+22	9.45e-05	1.00e+00	8.38e-24
 3.76041e+22	9.94e-05	1.00e+00	1.02e-23
 3.78378e+22	1.07e-04	1.00e+00	1.33e-23
 3.80769e+22	1.12e-04	1.00e+00	1.63e-23
 3.82787e+22	1.18e-04	1.00e+00	1.95e-23
 3.84964e+22	1.25e-04	1.00e+00	2.49e-23
 3.87099e+22	1.30e-04	1.00e+00	2.93e-23
 3.89178e+22	1.38e-04	1.00e+00	3.69e-23
 3.91273e+22	1.43e-04	1.00e+00	4.36e-23
 3.93387e+22	1.52e-04	1.00e+00	5.49e-23
 3.95525e+22	1.58e-04	1.00e+00	6.50e-23
 3.97697e+22	1.68e-04	1.00e+00	8.20e-23
 3.99895e+22	1.74e-04	1.00e+00	9.74e-23
 4.02126e+22	1.85e-04	1.00e+00	1.23e-22
 4.04393e+22	1.92e-04	1.00e+00	1.47e-22
 4.06708e+22	2.04e-04	1.00e+00	1.88e-22
 4.09063e+22	2.12e-04	1.00e+00	2.25e-22
 4.11472e+22	2.25e-04	1.00e+00	2.89e-22
 4.13932e+22	2.35e-04	1.00e+00	3.49e-22
 4.16459e+22	2.50e-04	1.00e+00	4.52e-22
 4.19025e+22	2.61e-04	1.00e+00	5.49e-22
 4.21642e+22	2.78e-04	1.00e+00	7.16e-22
 4.24284e+22	2.90e-04	1.00e+00	8.72e-22
 4.26534e+22	3.03e-04	1.00e+00	1.05e-21
 4.29033e+22	3.20e-04	1.00e+00	1.35e-21
 4.31557e+22	3.34e-04	1.00e+00	1.63e-21
 4.34111e+22	3.52e-04	1.00e+00	2.02e-21
 4.36595e+22	3.67e-04	1.00e+00	2.42e-21
 4.38658e+22	3.82e-04	1.00e+00	2.89e-21
 4.41010e+22	4.01e-04	1.00e+00	3.61e-21
 4.43437e+22	4.18e-04	1.00e+00	4.37e-21
 4.45616e+22	4.36e-04	1.00e+00	5.25e-21
 4.48105e+22	4.58e-04	1.00e+00	6.66e-21
 4.50672e+22	4.79e-04	1.00e+00	8.20e-21
 4.52960e+22	4.99e-04	1.00e+00	9.91e-21
 4.55552e+22	5.25e-04	9.99e-01	1.27e-20
 4.58259e+22	5.50e-04	9.99e-01	1.59e-20
 4.60703e+22	5.75e-04	9.99e-01	1.96e-20
 4.63471e+22	6.07e-04	9.99e-01	2.55e-20
 4.66313e+22	6.37e-04	9.99e-01	3.25e-20
 4.68837e+22	6.66e-04	9.99e-01	4.04e-20
 4.71705e+22	7.04e-04	9.99e-01	5.36e-20
 4.74666e+22	7.39e-04	9.99e-01	6.98e-20
 4.77284e+22	7.73e-04	9.99e-01	8.80e-20
 4.80227e+22	8.18e-04	9.99e-01	1.19e-19
 4.83233e+22	8.59e-04	9.99e-01	1.59e-19
 4.85901e+22	8.99e-04	9.99e-01	2.04e-19
 4.88950e+22	9.53e-04	9.99e-01	2.84e-19
 4.92063e+22	1.00e-03	9.99e-01	4.01e-19
 4.94828e+22	1.05e-03	9.99e-01	5.27e-19
 4.97992e+22	1.11e-03	9.99e-01	7.66e-19
 5.01229e+22	1.17e-03	9.99e-01	1.18e-18
 5.04000e+22	1.23e-03	9.99e-01	1.59e-18
 5.07041e+22	1.30e-03	9.99e-01	2.38e-18
 5.10159e+22	1.36e-03	9.99e-01	3.60e-18
 5.12937e+22	1.43e-03	9.99e-01	5.56e-18
 5.16106e+22	1.51e-03	9.98e-01	9.63e-18
 5.19328e+22	1.59e-03	9.98e-01	1.91e-17
 5.22061e+22	1.66e-03	9.98e-01	3.17e-17
 5.25059e+22	1.75e-03	9.98e-01	6.95e-17
 5.28141e+22	1.83e-03	9.98e-01	1.64e-16
 5.30899e+22	1.92e-03	9.98e-01	3.36e-16
 5.33379e+22	1.99e-03	9.98e-01	7.40e-16
 5.35593e+22	2.06e-03	9.98e-01	2.41e-15
 5.38135e+22	2.15e-03	9.98e-01	6.90e-15
 5.40763e+22	2.23e-03	9.98e-01	5.18e-14
 5.43081e+22	2.31e-03	9.98e-01	1.36e-13
 5.45673e+22	2.42e-03	9.98e-01	2.33e-13
 5.48317e+22	2.51e-03	9.97e-01	3.11e-13
 5.51027e+22	2.64e-03	9.97e-01	3.88e-13
 5.53759e+22	2.73e-03	9.97e-01	4.67e-13
 5.56518e+22	2.87e-03	9.97e-01	5.78e-13
 5.59315e+22	2.98e-03	9.97e-01	6.88e-13
 5.62163e+22	3.13e-03	9.97e-01	8.53e-13
 5.65036e+22	3.24e-03	9.97e-01	9.98e-13
 5.67943e+22	3.41e-03	9.97e-01	1.22e-12
 5.70893e+22	3.54e-03	9.96e-01	1.43e-12
 5.73898e+22	3.73e-03	9.96e-01	1.75e-12
 5.76957e+22	3.88e-03	9.96e-01	2.05e-12
 5.80087e+22	4.08e-03	9.96e-01	2.47e-12
 5.83319e+22	4.26e-03	9.96e-01	2.93e-12
 5.85872e+22	4.40e-03	9.96e-01	3.31e-12
 5.88377e+22	4.58e-03	9.95e-01	3.83e-12
 5.90935e+22	4.73e-03	9.95e-01	4.31e-12
 5.93561e+22	4.93e-03	9.95e-01	4.97e-12
 5.96241e+22	5.09e-03	9.95e-01	5.61e-12
 5.98988e+22	5.33e-03	9.95e-01	6.54e-12
 6.01731e+22	5.50e-03	9.94e-01	7.34e-12
 6.04466e+22	5.74e-03	9.94e-01	8.46e-12
 6.07273e+22	5.94e-03	9.94e-01	9.52e-12
 6.10171e+22	6.22e-03	9.94e-01	1.10e-11
 6.13088e+22	6.43e-03	9.94e-01	1.23e-11
 6.16029e+22	6.74e-03	9.93e-01	1.42e-11
 6.19028e+22	6.97e-03	9.93e-01	1.59e-11
 6.21358e+22	7.14e-03	9.93e-01	1.72e-11
 6.23327e+22	7.32e-03	9.93e-01	1.85e-11
 6.25571e+22	7.57e-03	9.92e-01	2.05e-11
 6.28489e+22	7.92e-03	9.92e-01	2.34e-11
 6.31125e+22	8.11e-03	9.92e-01	2.53e-11
 6.33039e+22	8.28e-03	9.92e-01	2.70e-11
 6.34691e+22	8.42e-03	9.92e-01	2.84e-11
 6.36360e+22	8.65e-03	9.91e-01	3.07e-11
 6.38530e+22	8.92e-03	9.91e-01	3.36e-11
 6.41351e+22	9.35e-03	9.91e-01	3.85e-11
 6.43735e+22	9.48e-03	9.91e-01	4.04e-11
 6.45552e+22	9.75e-03	9.90e-01	4.36e-11
 6.47913e+22	1.01e-02	9.90e-01	4.83e-11
 6.50983e+22	1.06e-02	9.89e-01	5.54e-11
 6.54171e+22	1.10e-02	9.89e-01	6.15e-11
 6.57515e+22	1.16e-02	9.88e-01	7.13e-11
 6.61062e+22	1.21e-02	9.88e-01	8.09e-11
 6.64874e+22	1.29e-02	9.87e-01	9.62e-11
 6.68694e+22	1.35e-02	9.87e-01	1.09e-10
 6.72524e+22	1.44e-02	9.86e-01	1.30e-10
 6.76379e+22	1.52e-02	9.85e-01	1.51e-10
 6.80266e+22	1.63e-02	9.84e-01	1.83e-10
 6.84174e+22	1.73e-02	9.83e-01	2.14e-10
 6.87170e+22	1.81e-02	9.82e-01	2.40e-10
 6.90125e+22	1.93e-02	9.81e-01	2.85e-10
 6.93068e+22	2.04e-02	9.80e-01	3.27e-10
 6.95997e+22	2.19e-02	9.78e-01	3.94e-10
 6.98944e+22	2.34e-02	9.77e-01	4.65e-10
 7.01479e+22	2.49e-02	9.75e-01	5.44e-10
 7.04335e+22	2.72e-02	9.73e-01	6.76e-10
 7.07271e+22	2.96e-02	9.70e-01	8.31e-10
 7.09856e+22	3.22e-02	9.68e-01	1.02e-09
 7.12763e+22	3.60e-02	9.64e-01	1.33e-09
 7.15854e+22	4.06e-02	9.59e-01	1.76e-09
 7.18676e+22	4.60e-02	9.54e-01	2.36e-09
 7.21376e+22	5.23e-02	9.48e-01	3.18e-09
 7.23998e+22	5.98e-02	9.40e-01	4.33e-09
 7.26557e+22	6.94e-02	9.31e-01	6.11e-09
 7.28217e+22	7.53e-02	9.25e-01	7.30e-09
 7.28847e+22	7.83e-02	9.22e-01	8.01e-09
 7.29323e+22	8.08e-02	9.19e-01	8.60e-09
 7.29888e+22	8.36e-02	9.16e-01	9.27e-09
 7.30600e+22	8.78e-02	9.12e-01	1.04e-08
 7.31331e+22	9.20e-02	9.08e-01	1.15e-08
 7.31985e+22	9.62e-02	9.04e-01	1.28e-08
 7.32592e+22	1.00e-01	9.00e-01	1.40e-08
 7.33203e+22	1.05e-01	8.95e-01	1.55e-08
 7.33824e+22	1.09e-01	8.91e-01	1.71e-08
 7.34418e+22	1.14e-01	8.86e-01	1.89e-08
 7.35006e+22	1.19e-01	8.81e-01	2.08e-08
 7.35590e+22	1.24e-01	8.76e-01	2.29e-08
 7.36170e+22	1.30e-01	8.70e-01	2.54e-08
 7.36741e+22	1.36e-01	8.64e-01	2.80e-08
 7.37303e+22	1.41e-01	8.59e-01	3.08e-08
 7.37865e+22	1.48e-01	8.52e-01	3.40e-08
 7.38423e+22	1.54e-01	8.46e-01	3.76e-08
 7.38976e+22	1.61e-01	8.39e-01	4.15e-08
 7.39523e+22	1.68e-01	8.32e-01	4.56e-08
 7.40075e+22	1.75e-01	8.25e-01	5.03e-08
 7.40633e+22	1.83e-01	8.17e-01	5.58e-08
 7.41173e+22	1.91e-01	8.09e-01	6.19e-08
 7.41686e+22	1.99e-01	8.01e-01	6.81e-08
 7.42196e+22	2.06e-01	7.94e-01	7.41e-08
 7.42747e+22	2.16e-01	7.84e-01	8.26e-08
 7.43308e+22	2.25e-01	7.75e-01	9.21e-08
 7.43817e+22	2.34e-01	7.66e-01	1.01e-07
 7.44312e+22	2.43e-01	7.57e-01	1.10e-07
 7.44866e+22	2.53e-01	7.47e-01	1.22e-07
 7.45443e+22	2.65e-01	7.35e-01	1.36e-07
 7.45969e+22	2.76e-01	7.24e-01	1.51e-07
 7.46458e+22	2.85e-01	7.15e-01	1.63e-07
 7.47005e+22	2.97e-01	7.03e-01	1.81e-07
 7.47595e+22	3.10e-01	6.90e-01	2.02e-07
 7.48138e+22	3.22e-01	6.78e-01	2.23e-07
 7.48652e+22	3.33e-01	6.67e-01	2.42e-07
 7.49202e+22	3.46e-01	6.54e-01	2.67e-07
 7.49794e+22	3.59e-01	6.41e-01	2.95e-07
 7.50372e+22	3.73e-01	6.27e-01	3.27e-07
 7.50924e+22	3.86e-01	6.14e-01	3.61e-07
 7.51464e+22	3.99e-01	6.01e-01	3.92e-07
 7.52044e+22	4.13e-01	5.87e-01	4.35e-07
 7.52646e+22	4.27e-01	5.73e-01	4.76e-07
 7.53254e+22	4.41e-01	5.59e-01	5.25e-07
 7.53880e+22	4.56e-01	5.44e-01	5.79e-07
 7.54496e+22	4.70e-01	5.30e-01	6.34e-07
 7.55125e+22	4.85e-01	5.15e-01	6.95e-07
 7.55786e+22	4.99e-01	5.01e-01	7.63e-07
 7.56469e+22	5.14e-01	4.86e-01	8.37e-07
 7.57171e+22	5.30e-01	4.70e-01	9.23e-07
 7.57824e+22	5.43e-01	4.57e-01	9.96e-07
 7.58414e+22	5.55e-01	4.45e-01	1.08e-06
 7.59014e+22	5.66e-01	4.34e-01	1.15e-06
 7.59665e+22	5.79e-01	4.21e-01	1.25e-06
 7.60346e+22	5.92e-01	4.08e-01	1.35e-06
 7.61011e+22	6.03e-01	3.97e-01	1.45e-06
 7.61678e+22	6.15e-01	3.85e-01	1.56e-06
 7.62385e+22	6.27e-01	3.73e-01	1.68e-06
 7.63113e+22	6.38e-01	3.62e-01	1.80e-06
 7.63853e+22	6.50e-01	3.50e-01	1.95e-06
 7.64608e+22	6.61e-01	3.39e-01	2.07e-06
 7.65397e+22	6.72e-01	3.28e-01	2.24e-06
 7.66225e+22	6.83e-01	3.17e-01	2.41e-06
 7.67047e+22	6.94e-01	3.06e-01	2.58e-06
 7.67892e+22	7.04e-01	2.96e-01	2.76e-06
 7.68804e+22	7.14e-01	2.86e-01	2.97e-06
 7.69754e+22	7.24e-01	2.76e-01	3.18e-06
 7.70724e+22	7.34e-01	2.66e-01	3.40e-06
 7.71750e+22	7.43e-01	2.57e-01	3.65e-06
 7.72838e+22	7.52e-01	2.48e-01	3.91e-06
 7.73982e+22	7.61e-01	2.39e-01	4.20e-06
 7.75196e+22	7.70e-01	2.30e-01	4.50e-06
 7.76492e+22	7.78e-01	2.22e-01	4.84e-06
 7.77864e+22	7.86e-01	2.14e-01	5.20e-06
 7.79299e+22	7.93e-01	2.07e-01	5.58e-06
 7.80810e+22	8.01e-01	1.99e-01	6.00e-06
 7.82416e+22	8.07e-01	1.93e-01	6.45e-06
 7.84104e+22	8.14e-01	1.86e-01	6.95e-06
 7.85878e+22	8.20e-01	1.80e-01	7.51e-06
 7.87723e+22	8.26e-01	1.74e-01	8.13e-06
 7.89589e+22	8.32e-01	1.68e-01	8.79e-06
 7.91466e+22	8.38e-01	1.62e-01	9.58e-06
 7.93299e+22	8.43e-01	1.57e-01	1.04e-05
 7.95087e+22	8.47e-01	1.53e-01	1.12e-05
 7.96883e+22	8.52e-01	1.48e-01	1.22e-05
 7.98655e+22	8.56e-01	1.44e-01	1.33e-05
 8.00388e+22	8.60e-01	1.40e-01	1.44e-05
 8.02118e+22	8.64e-01	1.35e-01	1.57e-05
 8.03814e+22	8.68e-01	1.32e-01	1.71e-05
 8.05436e+22	8.72e-01	1.28e-01	1.86e-05
 8.07019e+22	8.76e-01	1.24e-01	2.03e-05
 8.08574e+22	8.79e-01	1.21e-01	2.21e-05
 8.10092e+22	8.82e-01	1.18e-01	2.41e-05
 8.11564e+22	8.85e-01	1.15e-01	2.63e-05
 8.12998e+22	8.88e-01	1.12e-01	2.86e-05
 8.14416e+22	8.91e-01	1.09e-01	3.12e-05
 8.15825e+22	8.94e-01	1.06e-01	3.41e-05
 8.17212e+22	8.97e-01	1.03e-01	3.74e-05
 8.18548e+22	9.00e-01	1.00e-01	4.08e-05
 8.19834e+22	9.02e-01	9.75e-02	4.46e-05
 8.21083e+22	9.05e-01	9.51e-02	4.87e-05
 8.22270e+22	9.07e-01	9.28e-02	5.30e-05
 8.23381e+22	9.09e-01	9.06e-02	5.75e-05
 8.24431e+22	9.11e-01	8.86e-02	6.23e-05
 8.25410e+22	9.13e-01	8.67e-02	6.71e-05
 8.26154e+22	9.14e-01	8.54e-02	7.15e-05
 8.26599e+22	9.15e-01	8.51e-02	7.37e-05
 8.26926e+22	9.15e-01	8.49e-02	7.55e-05
 8.27267e+22	9.16e-01	8.43e-02	7.77e-05
 8.27633e+22	9.16e-01	8.36e-02	8.00e-05
 8.28002e+22	9.17e-01	8.29e-02	8.25e-05
 8.28367e+22	9.18e-01	8.21e-02	8.51e-05
 8.28720e+22	9.18e-01	8.15e-02	8.76e-05
 8.29066e+22	9.19e-01	8.08e-02	9.02e-05
 8.29415e+22	9.20e-01	8.02e-02	9.29e-05
 8.29769e+22	9.20e-01	7.95e-02	9.57e-05
 8.30124e+22	9.21e-01	7.88e-02	9.83e-05
 8.30493e+22	9.22e-01	7.80e-02	1.01e-04
 8.30884e+22	9.23e-01	7.72e-02	1.04e-04
 8.31272e+22	9.23e-01	7.65e-02	1.07e-04
 8.31657e+22	9.24e-01	7.58e-02	1.10e-04
 8.32051e+22	9.25e-01	7.49e-02	1.14e-04
 8.32440e+22	9.26e-01	7.43e-02	1.17e-04
 8.32830e+22	9.26e-01	7.36e-02	1.20e-04
 8.33237e+22	9.27e-01	7.27e-02	1.24e-04
 8.33639e+22	9.28e-01	7.20e-02	1.28e-04
 8.34041e+22	9.29e-01	7.12e-02	1.31e-04
 8.34451e+22	9.29e-01	7.05e-02	1.35e-04
 8.34873e+22	9.30e-01	6.96e-02	1.39e-04
 8.35308e+22	9.31e-01	6.87e-02	1.44e-04
 8.35713e+22	9.32e-01	6.79e-02	1.48e-04
 8.36076e+22	9.32e-01	6.75e-02	1.51e-04
 8.36471e+22	9.33e-01	6.67e-02	1.55e-04
 8.36898e+22	9.34e-01	6.59e-02	1.59e-04
 8.37286e+22	9.34e-01	6.53e-02	1.63e-04
 8.37703e+22	9.35e-01	6.45e-02	1.67e-04
 8.38147e+22	9.36e-01	6.36e-02	1.71e-04
 8.38551e+22	9.37e-01	6.29e-02	1.74e-04
 8.38918e+22	9.37e-01	6.25e-02	1.78e-04
 8.39321e+22	9.38e-01	6.17e-02	1.81e-04
 8.39756e+22	9.39e-01	6.08e-02	1.85e-04
 8.40152e+22	9.40e-01	6.01e-02	1.90e-04
 8.40512e+22	9.40e-01	5.97e-02	1.93e-04
 8.40906e+22	9.41e-01	5.90e-02	1.97e-04
 8.41332e+22	9.41e-01	5.82e-02	2.02e-04
 8.41720e+22	9.42e-01	5.75e-02	2.06e-04
 8.42073e+22	9.42e-01	5.72e-02	2.09e-04
 8.42459e+22	9.43e-01	5.65e-02	2.12e-04
 8.42877e+22	9.44e-01	5.57e-02	2.16e-04
 8.43257e+22	9.44e-01	5.51e-02	2.20e-04
 8.43602e+22	9.45e-01	5.48e-02	2.23e-04
 8.43981e+22	9.45e-01	5.41e-02	2.26e-04
 8.44390e+22	9.46e-01	5.35e-02	2.29e-04
 8.44838e+22	9.47e-01	5.28e-02	2.32e-04
 8.45322e+22	9.47e-01	5.21e-02	2.36e-04
 8.45762e+22	9.48e-01	5.18e-02	2.37e-04
 8.46162e+22	9.48e-01	5.11e-02	2.42e-04
 8.46601e+22	9.49e-01	5.05e-02	2.45e-04
 8.47075e+22	9.50e-01	4.98e-02	2.47e-04
 8.47506e+22	9.50e-01	4.94e-02	2.49e-04
 8.47979e+22	9.51e-01	4.86e-02	2.53e-04
 8.48489e+22	9.52e-01	4.79e-02	2.55e-04
 8.48953e+22	9.52e-01	4.75e-02	2.57e-04
 8.49462e+22	9.53e-01	4.68e-02	2.58e-04
 8.50011e+22	9.53e-01	4.61e-02	2.60e-04
 8.50510e+22	9.54e-01	4.54e-02	2.61e-04
 8.50965e+22	9.54e-01	4.51e-02	2.63e-04
 8.51463e+22	9.55e-01	4.44e-02	2.63e-04
 8.52001e+22	9.56e-01	4.37e-02	2.64e-04
 8.52491e+22	9.56e-01	4.32e-02	2.65e-04
 8.52936e+22	9.57e-01	4.26e-02	2.64e-04
 8.53342e+22	9.57e-01	4.24e-02	2.65e-04
 8.53786e+22	9.58e-01	4.18e-02	2.65e-04
 8.54266e+22	9.58e-01	4.12e-02	2.65e-04
 8.54702e+22	9.59e-01	4.07e-02	2.64e-04
 8.55099e+22	9.59e-01	4.04e-02	2.64e-04
 8.55534e+22	9.60e-01	3.99e-02	2.64e-04
 8.56004e+22	9.60e-01	3.93e-02	2.62e-04
 8.56432e+22	9.61e-01	3.89e-02	2.60e-04
 8.56821e+22	9.61e-01	3.86e-02	2.59e-04
 8.57247e+22	9.61e-01	3.81e-02	2.57e-04
 8.57707e+22	9.62e-01	3.76e-02	2.56e-04
 8.58126e+22	9.62e-01	3.72e-02	2.54e-04
 8.58507e+22	9.63e-01	3.70e-02	2.53e-04
 8.58925e+22	9.63e-01	3.65e-02	2.51e-04
 8.59376e+22	9.63e-01	3.60e-02	2.49e-04
 8.59786e+22	9.64e-01	3.57e-02	2.48e-04
 8.60235e+22	9.64e-01	3.53e-02	2.46e-04
 8.60721e+22	9.65e-01	3.48e-02	2.44e-04
 8.61253e+22	9.65e-01	3.43e-02	2.42e-04
 8.61827e+22	9.66e-01	3.38e-02	2.40e-04
 8.62349e+22	9.66e-01	3.34e-02	2.38e-04
 8.62825e+22	9.66e-01	3.31e-02	2.37e-04
 8.63346e+22	9.67e-01	3.26e-02	2.35e-04
 8.63909e+22	9.67e-01	3.22e-02	2.33e-04
 8.64420e+22	9.68e-01	3.19e-02	2.32e-04
 8.64981e+22	9.68e-01	3.14e-02	2.29e-04
 8.65587e+22	9.69e-01	3.09e-02	2.27e-04
 8.66138e+22	9.69e-01	3.06e-02	2.26e-04
 8.66742e+22	9.70e-01	3.00e-02	2.22e-04
 8.67394e+22	9.70e-01	2.96e-02	2.21e-04
 8.67987e+22	9.70e-01	2.92e-02	2.19e-04
 8.68637e+22	9.71e-01	2.86e-02	2.17e-04
 8.69339e+22	9.71e-01	2.82e-02	2.14e-04
 8.69977e+22	9.72e-01	2.79e-02	2.13e-04
 8.70559e+22	9.72e-01	2.76e-02	2.11e-04
 8.71195e+22	9.73e-01	2.71e-02	2.08e-04
 8.71883e+22	9.73e-01	2.67e-02	2.07e-04
 8.72509e+22	9.73e-01	2.63e-02	2.05e-04
 8.73194e+22	9.74e-01	2.59e-02	2.03e-04
 8.73934e+22	9.74e-01	2.54e-02	2.01e-04
 8.74608e+22	9.75e-01	2.51e-02	2.00e-04
 8.75221e+22	9.75e-01	2.48e-02	1.98e-04
 8.75892e+22	9.75e-01	2.44e-02	1.96e-04
 8.76617e+22	9.76e-01	2.40e-02	1.95e-04
 8.77277e+22	9.76e-01	2.37e-02	1.94e-04
 8.78000e+22	9.76e-01	2.32e-02	1.92e-04
 8.78781e+22	9.77e-01	2.29e-02	1.90e-04
 8.79491e+22	9.77e-01	2.26e-02	1.89e-04
 8.80269e+22	9.77e-01	2.21e-02	1.88e-04
 8.81110e+22	9.78e-01	2.18e-02	1.86e-04
 8.81874e+22	9.78e-01	2.14e-02	1.85e-04
 8.82570e+22	9.78e-01	2.12e-02	1.84e-04
 8.83333e+22	9.79e-01	2.08e-02	1.83e-04
 8.84156e+22	9.79e-01	2.04e-02	1.82e-04
 8.84905e+22	9.79e-01	2.02e-02	1.81e-04
 8.85726e+22	9.80e-01	1.98e-02	1.80e-04
 8.86612e+22	9.80e-01	1.94e-02	1.79e-04
 8.87418e+22	9.80e-01	1.92e-02	1.78e-04
 8.88302e+22	9.81e-01	1.88e-02	1.77e-04
 8.89256e+22	9.81e-01	1.85e-02	1.76e-04
 8.90124e+22	9.82e-01	1.81e-02	1.75e-04
 8.90914e+22	9.82e-01	1.79e-02	1.74e-04
 8.91780e+22	9.82e-01	1.76e-02	1.73e-04
 8.92714e+22	9.82e-01	1.73e-02	1.73e-04
 8.93565e+22	9.83e-01	1.70e-02	1.72e-04
 8.94339e+22	9.83e-01	1.68e-02	1.72e-04
 8.95187e+22	9.83e-01	1.64e-02	1.71e-04
 8.96102e+22	9.83e-01	1.62e-02	1.71e-04
 8.96935e+22	9.84e-01	1.59e-02	1.70e-04
 8.97848e+22	9.84e-01	1.56e-02	1.70e-04
 8.98834e+22	9.84e-01	1.54e-02	1.69e-04
 8.99731e+22	9.85e-01	1.51e-02	1.69e-04
 9.00714e+22	9.85e-01	1.48e-02	1.69e-04
 9.01775e+22	9.85e-01	1.45e-02	1.68e-04
 9.02740e+22	9.85e-01	1.43e-02	1.68e-04
 9.03619e+22	9.86e-01	1.41e-02	1.68e-04
 9.04582e+22	9.86e-01	1.38e-02	1.67e-04
 9.05621e+22	9.86e-01	1.36e-02	1.67e-04
 9.06567e+22	9.86e-01	1.33e-02	1.67e-04
 9.07604e+22	9.87e-01	1.31e-02	1.67e-04
 9.08723e+22	9.87e-01	1.28e-02	1.67e-04
 9.09741e+22	9.87e-01	1.26e-02	1.67e-04
 9.10857e+22	9.87e-01	1.23e-02	1.67e-04
 9.12061e+22	9.88e-01	1.21e-02	1.67e-04
 9.13157e+22	9.88e-01	1.19e-02	1.68e-04
 9.14359e+22	9.88e-01	1.16e-02	1.68e-04
 9.15655e+22	9.88e-01	1.14e-02	1.68e-04
 9.16836e+22	9.89e-01	1.11e-02	1.68e-04
 9.18129e+22	9.89e-01	1.09e-02	1.70e-04
 9.19635e+22	9.89e-01	1.06e-02	1.73e-04
 9.21200e+22	9.89e-01	1.03e-02	1.75e-04
 9.22821e+22	9.90e-01	1.00e-02	1.77e-04
 9.24483e+22	9.90e-01	9.73e-03	1.79e-04
 9.25510e+22	9.90e-01	9.70e-03	1.80e-04
