#depth	O	O+	O+2	O+3	O+4	O+5	O+6	O+7	O+8	O[1]	O[2]	O[3]
 7.76335e+21	9.72e-08	4.43e-04	6.49e-02	4.68e-01	3.18e-01	1.16e-01	3.19e-02	4.23e-04	1.40e-06	9.72e-08	3.86e-16	4.66e-16
 1.92870e+22	2.58e-07	8.59e-04	9.62e-02	5.24e-01	2.78e-01	8.24e-02	1.80e-02	1.79e-04	4.49e-07	2.58e-07	1.16e-15	1.40e-15
 2.49273e+22	4.13e-07	1.17e-03	1.15e-01	5.46e-01	2.56e-01	6.83e-02	1.34e-02	1.15e-04	2.50e-07	4.13e-07	1.97e-15	2.37e-15
 2.83446e+22	6.02e-07	1.51e-03	1.33e-01	5.59e-01	2.38e-01	5.82e-02	1.04e-02	7.95e-05	1.55e-07	6.02e-07	3.01e-15	3.62e-15
 3.06987e+22	7.32e-07	1.71e-03	1.42e-01	5.65e-01	2.28e-01	5.33e-02	9.10e-03	6.51e-05	0.00e+00	7.32e-07	3.75e-15	4.51e-15
 3.23262e+22	8.88e-07	1.94e-03	1.53e-01	5.70e-01	2.19e-01	4.87e-02	7.94e-03	5.34e-05	0.00e+00	8.88e-07	4.67e-15	5.60e-15
 3.38723e+22	1.06e-06	2.18e-03	1.63e-01	5.74e-01	2.10e-01	4.48e-02	7.00e-03	4.44e-05	0.00e+00	1.06e-06	5.70e-15	6.84e-15
 3.53393e+22	1.25e-06	2.44e-03	1.72e-01	5.76e-01	2.01e-01	4.13e-02	6.19e-03	3.71e-05	0.00e+00	1.25e-06	6.90e-15	8.27e-15
 3.70217e+22	1.56e-06	2.80e-03	1.86e-01	5.79e-01	1.91e-01	3.71e-02	5.28e-03	2.95e-05	0.00e+00	1.56e-06	8.82e-15	1.06e-14
 3.87265e+22	1.85e-06	3.14e-03	1.97e-01	5.80e-01	1.82e-01	3.39e-02	4.62e-03	2.43e-05	0.00e+00	1.85e-06	1.07e-14	1.29e-14
 4.04604e+22	2.30e-06	3.61e-03	2.12e-01	5.79e-01	1.71e-01	3.02e-02	3.91e-03	1.91e-05	0.00e+00	2.30e-06	1.38e-14	1.64e-14
 4.22081e+22	2.74e-06	4.03e-03	2.24e-01	5.78e-01	1.62e-01	2.74e-02	3.39e-03	1.55e-05	0.00e+00	2.74e-06	1.68e-14	2.01e-14
 4.37343e+22	3.24e-06	4.49e-03	2.37e-01	5.76e-01	1.54e-01	2.49e-02	2.96e-03	1.28e-05	0.00e+00	3.24e-06	2.04e-14	2.43e-14
 4.54790e+22	4.00e-06	5.15e-03	2.53e-01	5.72e-01	1.44e-01	2.21e-02	2.49e-03	9.95e-06	0.00e+00	4.00e-06	2.60e-14	3.10e-14
 4.72510e+22	4.76e-06	5.76e-03	2.68e-01	5.68e-01	1.36e-01	1.99e-02	2.15e-03	8.05e-06	0.00e+00	4.76e-06	3.18e-14	3.79e-14
 4.88158e+22	5.64e-06	6.41e-03	2.82e-01	5.63e-01	1.29e-01	1.79e-02	1.86e-03	6.54e-06	0.00e+00	5.64e-06	3.87e-14	4.61e-14
 5.06071e+22	6.97e-06	7.35e-03	3.00e-01	5.56e-01	1.19e-01	1.57e-02	1.55e-03	5.03e-06	0.00e+00	6.97e-06	4.95e-14	5.89e-14
 5.24263e+22	8.29e-06	8.20e-03	3.16e-01	5.48e-01	1.12e-01	1.41e-02	1.32e-03	4.02e-06	0.00e+00	8.29e-06	6.06e-14	7.20e-14
 5.40389e+22	9.81e-06	9.13e-03	3.32e-01	5.40e-01	1.05e-01	1.26e-02	1.13e-03	3.23e-06	0.00e+00	9.81e-06	7.38e-14	8.77e-14
 5.58926e+22	1.21e-05	1.04e-02	3.52e-01	5.29e-01	9.64e-02	1.09e-02	9.33e-04	2.44e-06	0.00e+00	1.21e-05	9.49e-14	1.13e-13
 5.77771e+22	1.44e-05	1.16e-02	3.70e-01	5.18e-01	8.96e-02	9.67e-03	7.89e-04	1.93e-06	0.00e+00	1.44e-05	1.16e-13	1.38e-13
 5.97018e+22	1.79e-05	1.33e-02	3.92e-01	5.04e-01	8.16e-02	8.29e-03	6.41e-04	1.43e-06	0.00e+00	1.79e-05	1.50e-13	1.78e-13
 6.16518e+22	2.13e-05	1.49e-02	4.11e-01	4.91e-01	7.53e-02	7.27e-03	5.36e-04	1.11e-06	0.00e+00	2.13e-05	1.85e-13	2.19e-13
 6.36350e+22	2.64e-05	1.70e-02	4.34e-01	4.75e-01	6.80e-02	6.17e-03	4.31e-04	8.17e-07	0.00e+00	2.64e-05	2.40e-13	2.84e-13
 6.56575e+22	3.15e-05	1.90e-02	4.53e-01	4.60e-01	6.22e-02	5.36e-03	3.56e-04	6.26e-07	0.00e+00	3.15e-05	2.97e-13	3.50e-13
 6.77313e+22	3.92e-05	2.18e-02	4.78e-01	4.40e-01	5.56e-02	4.48e-03	2.82e-04	4.49e-07	0.00e+00	3.92e-05	3.88e-13	4.57e-13
 6.92661e+22	4.19e-05	2.27e-02	4.87e-01	4.33e-01	5.32e-02	4.20e-03	2.58e-04	3.97e-07	0.00e+00	4.19e-05	4.21e-13	4.95e-13
 6.99816e+22	4.45e-05	2.35e-02	4.94e-01	4.27e-01	5.15e-02	3.99e-03	2.41e-04	3.61e-07	0.00e+00	4.45e-05	4.54e-13	5.33e-13
 7.07928e+22	4.86e-05	2.49e-02	5.04e-01	4.19e-01	4.91e-02	3.70e-03	2.18e-04	3.14e-07	0.00e+00	4.86e-05	5.06e-13	5.94e-13
 7.18474e+22	5.41e-05	2.66e-02	5.16e-01	4.08e-01	4.62e-02	3.37e-03	1.93e-04	2.64e-07	0.00e+00	5.41e-05	5.78e-13	6.77e-13
 7.32183e+22	6.20e-05	2.89e-02	5.31e-01	3.94e-01	4.27e-02	2.98e-03	1.65e-04	2.12e-07	0.00e+00	6.20e-05	6.86e-13	8.01e-13
 7.47148e+22	7.08e-05	3.13e-02	5.46e-01	3.80e-01	3.94e-02	2.64e-03	1.40e-04	1.69e-07	0.00e+00	7.08e-05	8.08e-13	9.42e-13
 7.61396e+22	8.00e-05	3.38e-02	5.60e-01	3.67e-01	3.64e-02	2.35e-03	1.20e-04	1.37e-07	0.00e+00	8.00e-05	9.43e-13	1.10e-12
 7.77569e+22	9.35e-05	3.71e-02	5.78e-01	3.50e-01	3.30e-02	2.02e-03	9.92e-05	0.00e+00	0.00e+00	9.35e-05	1.15e-12	1.33e-12
 7.94057e+22	1.06e-04	4.01e-02	5.92e-01	3.35e-01	3.02e-02	1.77e-03	8.37e-05	0.00e+00	0.00e+00	1.06e-04	1.35e-12	1.56e-12
 8.10955e+22	1.25e-04	4.42e-02	6.10e-01	3.17e-01	2.70e-02	1.51e-03	6.80e-05	0.00e+00	0.00e+00	1.25e-04	1.66e-12	1.91e-12
 8.28006e+22	1.41e-04	4.76e-02	6.24e-01	3.03e-01	2.46e-02	1.31e-03	5.69e-05	0.00e+00	0.00e+00	1.41e-04	1.95e-12	2.23e-12
 8.45259e+22	1.66e-04	5.24e-02	6.40e-01	2.84e-01	2.19e-02	1.11e-03	4.58e-05	0.00e+00	0.00e+00	1.66e-04	2.41e-12	2.73e-12
 8.62771e+22	1.87e-04	5.64e-02	6.53e-01	2.69e-01	1.97e-02	9.55e-04	3.80e-05	0.00e+00	0.00e+00	1.87e-04	2.84e-12	3.20e-12
 8.80622e+22	2.20e-04	6.21e-02	6.68e-01	2.51e-01	1.74e-02	7.96e-04	3.02e-05	0.00e+00	0.00e+00	2.20e-04	3.51e-12	3.93e-12
 8.98761e+22	2.49e-04	6.67e-02	6.80e-01	2.36e-01	1.56e-02	6.81e-04	2.48e-05	0.00e+00	0.00e+00	2.49e-04	4.15e-12	4.61e-12
 9.17275e+22	2.93e-04	7.35e-02	6.94e-01	2.18e-01	1.36e-02	5.61e-04	1.94e-05	0.00e+00	0.00e+00	2.93e-04	5.17e-12	5.69e-12
 9.36096e+22	3.32e-04	7.90e-02	7.05e-01	2.04e-01	1.21e-02	4.74e-04	1.58e-05	0.00e+00	0.00e+00	3.32e-04	6.14e-12	6.69e-12
 9.55315e+22	3.93e-04	8.72e-02	7.16e-01	1.86e-01	1.04e-02	3.83e-04	1.21e-05	0.00e+00	0.00e+00	3.93e-04	7.74e-12	8.32e-12
 9.74743e+22	4.44e-04	9.36e-02	7.25e-01	1.72e-01	9.12e-03	3.22e-04	9.74e-06	0.00e+00	0.00e+00	4.44e-04	9.21e-12	9.79e-12
 9.94443e+22	5.24e-04	1.03e-01	7.33e-01	1.55e-01	7.79e-03	2.57e-04	7.41e-06	0.00e+00	0.00e+00	5.24e-04	1.17e-11	1.22e-11
 1.01457e+23	5.97e-04	1.11e-01	7.39e-01	1.42e-01	6.76e-03	2.12e-04	5.84e-06	0.00e+00	0.00e+00	5.97e-04	1.40e-11	1.44e-11
 1.03525e+23	7.12e-04	1.23e-01	7.44e-01	1.26e-01	5.66e-03	1.66e-04	4.33e-06	0.00e+00	0.00e+00	7.12e-04	1.80e-11	1.81e-11
 1.05582e+23	8.07e-04	1.32e-01	7.48e-01	1.14e-01	4.90e-03	1.36e-04	3.41e-06	0.00e+00	0.00e+00	8.07e-04	2.15e-11	2.13e-11
 1.07623e+23	9.62e-04	1.46e-01	7.48e-01	1.00e-01	4.08e-03	1.05e-04	2.51e-06	0.00e+00	0.00e+00	9.62e-04	2.76e-11	2.68e-11
 1.09670e+23	1.09e-03	1.57e-01	7.48e-01	9.01e-02	3.50e-03	8.54e-05	1.96e-06	0.00e+00	0.00e+00	1.09e-03	3.33e-11	3.17e-11
 1.11724e+23	1.31e-03	1.75e-01	7.43e-01	7.79e-02	2.89e-03	6.49e-05	1.42e-06	0.00e+00	0.00e+00	1.31e-03	4.32e-11	3.99e-11
 1.13777e+23	1.49e-03	1.88e-01	7.39e-01	6.91e-02	2.47e-03	5.21e-05	1.10e-06	0.00e+00	0.00e+00	1.49e-03	5.23e-11	4.74e-11
 1.15829e+23	1.80e-03	2.10e-01	7.28e-01	5.87e-02	2.01e-03	3.89e-05	7.89e-07	0.00e+00	0.00e+00	1.80e-03	6.86e-11	6.02e-11
 1.17873e+23	2.07e-03	2.27e-01	7.18e-01	5.12e-02	1.71e-03	3.07e-05	6.06e-07	0.00e+00	0.00e+00	2.07e-03	8.38e-11	7.19e-11
 1.19906e+23	2.51e-03	2.53e-01	7.00e-01	4.27e-02	1.38e-03	2.24e-05	4.28e-07	0.00e+00	0.00e+00	2.51e-03	1.11e-10	9.19e-11
 1.21928e+23	2.90e-03	2.74e-01	6.85e-01	3.66e-02	1.17e-03	1.74e-05	3.25e-07	0.00e+00	0.00e+00	2.90e-03	1.36e-10	1.10e-10
 1.23934e+23	3.54e-03	3.06e-01	6.60e-01	2.98e-02	9.40e-04	1.24e-05	2.28e-07	0.00e+00	0.00e+00	3.54e-03	1.81e-10	1.42e-10
 1.25943e+23	4.14e-03	3.33e-01	6.37e-01	2.50e-02	7.85e-04	9.36e-06	1.70e-07	0.00e+00	0.00e+00	4.14e-03	2.25e-10	1.72e-10
 1.27956e+23	5.10e-03	3.71e-01	6.03e-01	1.97e-02	6.27e-04	6.46e-06	0.00e+00	0.00e+00	0.00e+00	5.10e-03	3.00e-10	2.23e-10
 1.29973e+23	6.05e-03	4.05e-01	5.73e-01	1.60e-02	5.18e-04	4.68e-06	0.00e+00	0.00e+00	0.00e+00	6.05e-03	3.78e-10	2.75e-10
 1.31733e+23	7.19e-03	4.41e-01	5.39e-01	1.28e-02	4.28e-04	3.36e-06	0.00e+00	0.00e+00	0.00e+00	7.19e-03	4.78e-10	3.40e-10
 1.33756e+23	8.97e-03	4.88e-01	4.93e-01	9.55e-03	3.35e-04	2.16e-06	0.00e+00	0.00e+00	0.00e+00	8.97e-03	6.41e-10	4.45e-10
 1.35815e+23	1.09e-02	5.32e-01	4.50e-01	7.21e-03	2.70e-04	1.44e-06	0.00e+00	0.00e+00	0.00e+00	1.09e-02	8.26e-10	5.63e-10
 1.37578e+23	1.31e-02	5.73e-01	4.08e-01	5.47e-03	2.19e-04	9.70e-07	0.00e+00	0.00e+00	0.00e+00	1.31e-02	1.05e-09	7.01e-10
 1.39096e+23	1.53e-02	6.07e-01	3.73e-01	4.29e-03	1.84e-04	6.89e-07	0.00e+00	0.00e+00	0.00e+00	1.53e-02	1.27e-09	8.42e-10
 1.40639e+23	1.85e-02	6.49e-01	3.30e-01	3.14e-03	1.47e-04	4.45e-07	0.00e+00	0.00e+00	0.00e+00	1.85e-02	1.61e-09	1.06e-09
 1.42250e+23	2.23e-02	6.87e-01	2.89e-01	2.29e-03	1.18e-04	2.87e-07	0.00e+00	0.00e+00	0.00e+00	2.23e-02	2.02e-09	1.31e-09
 1.43698e+23	2.68e-02	7.21e-01	2.50e-01	1.66e-03	9.48e-05	1.85e-07	0.00e+00	0.00e+00	0.00e+00	2.68e-02	2.52e-09	1.62e-09
 1.45326e+23	3.36e-02	7.60e-01	2.05e-01	1.09e-03	7.07e-05	0.00e+00	0.00e+00	0.00e+00	0.00e+00	3.36e-02	3.32e-09	2.12e-09
 1.46970e+23	4.23e-02	7.92e-01	1.65e-01	7.07e-04	5.23e-05	0.00e+00	0.00e+00	0.00e+00	0.00e+00	4.23e-02	4.34e-09	2.75e-09
 1.48252e+23	5.13e-02	8.13e-01	1.35e-01	4.87e-04	4.03e-05	0.00e+00	0.00e+00	0.00e+00	0.00e+00	5.13e-02	5.42e-09	3.41e-09
 1.49335e+23	6.14e-02	8.28e-01	1.11e-01	3.42e-04	3.10e-05	0.00e+00	0.00e+00	0.00e+00	0.00e+00	6.14e-02	6.66e-09	4.17e-09
 1.50337e+23	7.35e-02	8.37e-01	8.94e-02	2.40e-04	2.36e-05	0.00e+00	0.00e+00	0.00e+00	0.00e+00	7.35e-02	8.15e-09	5.08e-09
 1.51234e+23	8.70e-02	8.40e-01	7.24e-02	1.72e-04	1.81e-05	0.00e+00	0.00e+00	0.00e+00	0.00e+00	8.70e-02	9.81e-09	6.10e-09
 1.52040e+23	1.02e-01	8.39e-01	5.84e-02	1.25e-04	1.39e-05	0.00e+00	0.00e+00	0.00e+00	0.00e+00	1.02e-01	1.17e-08	7.26e-09
 1.52784e+23	1.20e-01	8.33e-01	4.68e-02	9.12e-05	1.05e-05	0.00e+00	0.00e+00	0.00e+00	0.00e+00	1.20e-01	1.39e-08	8.58e-09
 1.53472e+23	1.40e-01	8.22e-01	3.74e-02	6.78e-05	7.92e-06	0.00e+00	0.00e+00	0.00e+00	0.00e+00	1.40e-01	1.63e-08	1.00e-08
 1.54113e+23	1.64e-01	8.06e-01	2.97e-02	5.06e-05	5.89e-06	0.00e+00	0.00e+00	0.00e+00	0.00e+00	1.64e-01	1.90e-08	1.17e-08
 1.54730e+23	1.90e-01	7.86e-01	2.33e-02	3.81e-05	4.34e-06	0.00e+00	0.00e+00	0.00e+00	0.00e+00	1.90e-01	2.21e-08	1.36e-08
 1.55333e+23	2.22e-01	7.60e-01	1.80e-02	2.86e-05	3.13e-06	0.00e+00	0.00e+00	0.00e+00	0.00e+00	2.22e-01	2.55e-08	1.56e-08
 1.55900e+23	2.57e-01	7.30e-01	1.39e-02	2.18e-05	2.24e-06	0.00e+00	0.00e+00	0.00e+00	0.00e+00	2.57e-01	2.90e-08	1.78e-08
 1.56406e+23	2.92e-01	6.97e-01	1.08e-02	1.70e-05	1.63e-06	0.00e+00	0.00e+00	0.00e+00	0.00e+00	2.92e-01	3.24e-08	1.98e-08
 1.56864e+23	3.29e-01	6.63e-01	8.47e-03	1.35e-05	1.20e-06	0.00e+00	0.00e+00	0.00e+00	0.00e+00	3.29e-01	3.56e-08	2.17e-08
 1.57293e+23	3.66e-01	6.28e-01	6.69e-03	1.09e-05	8.84e-07	0.00e+00	0.00e+00	0.00e+00	0.00e+00	3.66e-01	3.85e-08	2.35e-08
 1.57685e+23	4.02e-01	5.93e-01	5.35e-03	9.00e-06	6.65e-07	0.00e+00	0.00e+00	0.00e+00	0.00e+00	4.02e-01	4.10e-08	2.50e-08
 1.58022e+23	4.34e-01	5.61e-01	4.40e-03	7.63e-06	5.19e-07	0.00e+00	0.00e+00	0.00e+00	0.00e+00	4.34e-01	4.30e-08	2.61e-08
 1.58314e+23	4.63e-01	5.34e-01	3.70e-03	6.61e-06	4.17e-07	0.00e+00	0.00e+00	0.00e+00	0.00e+00	4.63e-01	4.45e-08	2.70e-08
 1.58561e+23	4.87e-01	5.10e-01	3.19e-03	5.88e-06	3.47e-07	0.00e+00	0.00e+00	0.00e+00	0.00e+00	4.87e-01	4.55e-08	2.77e-08
 1.58774e+23	5.08e-01	4.90e-01	2.81e-03	5.31e-06	2.95e-07	0.00e+00	0.00e+00	0.00e+00	0.00e+00	5.08e-01	4.64e-08	2.81e-08
 1.59006e+23	5.30e-01	4.68e-01	2.44e-03	4.77e-06	2.48e-07	0.00e+00	0.00e+00	0.00e+00	0.00e+00	5.30e-01	4.71e-08	2.86e-08
 1.59263e+23	5.54e-01	4.44e-01	2.09e-03	4.24e-06	2.05e-07	0.00e+00	0.00e+00	0.00e+00	0.00e+00	5.54e-01	4.78e-08	2.90e-08
 1.59516e+23	5.77e-01	4.21e-01	1.79e-03	3.79e-06	1.70e-07	0.00e+00	0.00e+00	0.00e+00	0.00e+00	5.77e-01	4.83e-08	2.92e-08
 1.59749e+23	5.97e-01	4.01e-01	1.56e-03	3.43e-06	1.43e-07	0.00e+00	0.00e+00	0.00e+00	0.00e+00	5.97e-01	4.85e-08	2.94e-08
 1.59931e+23	6.12e-01	3.87e-01	1.41e-03	3.19e-06	1.27e-07	0.00e+00	0.00e+00	0.00e+00	0.00e+00	6.12e-01	4.86e-08	2.94e-08
 1.60060e+23	6.22e-01	3.76e-01	1.31e-03	3.03e-06	0.00e+00	0.00e+00	0.00e+00	0.00e+00	0.00e+00	6.22e-01	4.87e-08	2.94e-08
 1.60189e+23	6.32e-01	3.67e-01	1.22e-03	2.88e-06	0.00e+00	0.00e+00	0.00e+00	0.00e+00	0.00e+00	6.32e-01	4.87e-08	2.95e-08
 1.60343e+23	6.44e-01	3.55e-01	1.11e-03	2.71e-06	0.00e+00	0.00e+00	0.00e+00	0.00e+00	0.00e+00	6.44e-01	4.87e-08	2.94e-08
 1.60515e+23	6.57e-01	3.42e-01	1.01e-03	2.53e-06	0.00e+00	0.00e+00	0.00e+00	0.00e+00	0.00e+00	6.57e-01	4.86e-08	2.94e-08
 1.60679e+23	6.68e-01	3.31e-01	9.21e-04	2.39e-06	0.00e+00	0.00e+00	0.00e+00	0.00e+00	0.00e+00	6.68e-01	4.85e-08	2.93e-08
 1.60837e+23	6.79e-01	3.20e-01	8.42e-04	2.25e-06	0.00e+00	0.00e+00	0.00e+00	0.00e+00	0.00e+00	6.79e-01	4.84e-08	2.92e-08
 1.61002e+23	6.89e-01	3.10e-01	7.71e-04	2.13e-06	0.00e+00	0.00e+00	0.00e+00	0.00e+00	0.00e+00	6.89e-01	4.82e-08	2.91e-08
 1.61174e+23	7.00e-01	2.99e-01	7.02e-04	2.00e-06	0.00e+00	0.00e+00	0.00e+00	0.00e+00	0.00e+00	7.00e-01	4.80e-08	2.90e-08
 1.61354e+23	7.11e-01	2.88e-01	6.37e-04	1.88e-06	0.00e+00	0.00e+00	0.00e+00	0.00e+00	0.00e+00	7.11e-01	4.78e-08	2.88e-08
 1.61533e+23	7.21e-01	2.78e-01	5.80e-04	1.78e-06	0.00e+00	0.00e+00	0.00e+00	0.00e+00	0.00e+00	7.21e-01	4.75e-08	2.86e-08
 1.61714e+23	7.31e-01	2.69e-01	5.28e-04	1.68e-06	0.00e+00	0.00e+00	0.00e+00	0.00e+00	0.00e+00	7.31e-01	4.72e-08	2.84e-08
 1.61903e+23	7.41e-01	2.59e-01	4.80e-04	1.58e-06	0.00e+00	0.00e+00	0.00e+00	0.00e+00	0.00e+00	7.41e-01	4.69e-08	2.82e-08
 1.62100e+23	7.50e-01	2.49e-01	4.34e-04	1.49e-06	0.00e+00	0.00e+00	0.00e+00	0.00e+00	0.00e+00	7.50e-01	4.66e-08	2.80e-08
 1.62300e+23	7.60e-01	2.40e-01	3.94e-04	1.40e-06	0.00e+00	0.00e+00	0.00e+00	0.00e+00	0.00e+00	7.60e-01	4.62e-08	2.78e-08
 1.62504e+23	7.69e-01	2.31e-01	3.57e-04	1.32e-06	0.00e+00	0.00e+00	0.00e+00	0.00e+00	0.00e+00	7.69e-01	4.59e-08	2.75e-08
 1.62716e+23	7.77e-01	2.22e-01	3.23e-04	1.25e-06	0.00e+00	0.00e+00	0.00e+00	0.00e+00	0.00e+00	7.77e-01	4.55e-08	2.73e-08
 1.62935e+23	7.86e-01	2.14e-01	2.92e-04	1.18e-06	0.00e+00	0.00e+00	0.00e+00	0.00e+00	0.00e+00	7.86e-01	4.51e-08	2.70e-08
 1.63160e+23	7.94e-01	2.06e-01	2.64e-04	1.11e-06	0.00e+00	0.00e+00	0.00e+00	0.00e+00	0.00e+00	7.94e-01	4.47e-08	2.68e-08
 1.63392e+23	8.02e-01	1.98e-01	2.39e-04	1.05e-06	0.00e+00	0.00e+00	0.00e+00	0.00e+00	0.00e+00	8.02e-01	4.43e-08	2.65e-08
 1.63632e+23	8.10e-01	1.90e-01	2.16e-04	9.85e-07	0.00e+00	0.00e+00	0.00e+00	0.00e+00	0.00e+00	8.10e-01	4.38e-08	2.62e-08
 1.63880e+23	8.18e-01	1.82e-01	1.95e-04	9.28e-07	0.00e+00	0.00e+00	0.00e+00	0.00e+00	0.00e+00	8.18e-01	4.34e-08	2.60e-08
 1.64136e+23	8.25e-01	1.75e-01	1.77e-04	8.76e-07	0.00e+00	0.00e+00	0.00e+00	0.00e+00	0.00e+00	8.25e-01	4.30e-08	2.57e-08
 1.64402e+23	8.32e-01	1.68e-01	1.60e-04	8.26e-07	0.00e+00	0.00e+00	0.00e+00	0.00e+00	0.00e+00	8.32e-01	4.26e-08	2.54e-08
 1.64680e+23	8.39e-01	1.61e-01	1.45e-04	7.78e-07	0.00e+00	0.00e+00	0.00e+00	0.00e+00	0.00e+00	8.39e-01	4.22e-08	2.52e-08
 1.64969e+23	8.45e-01	1.54e-01	1.32e-04	7.33e-07	0.00e+00	0.00e+00	0.00e+00	0.00e+00	0.00e+00	8.45e-01	4.18e-08	2.49e-08
 1.65267e+23	8.52e-01	1.48e-01	1.20e-04	6.92e-07	0.00e+00	0.00e+00	0.00e+00	0.00e+00	0.00e+00	8.52e-01	4.14e-08	2.47e-08
 1.65571e+23	8.57e-01	1.42e-01	1.09e-04	6.54e-07	0.00e+00	0.00e+00	0.00e+00	0.00e+00	0.00e+00	8.57e-01	4.10e-08	2.44e-08
 1.65884e+23	8.63e-01	1.37e-01	1.00e-04	6.19e-07	0.00e+00	0.00e+00	0.00e+00	0.00e+00	0.00e+00	8.63e-01	4.07e-08	2.42e-08
 1.66207e+23	8.68e-01	1.32e-01	9.21e-05	5.85e-07	0.00e+00	0.00e+00	0.00e+00	0.00e+00	0.00e+00	8.68e-01	4.03e-08	2.38e-08
 1.66545e+23	8.73e-01	1.27e-01	8.49e-05	5.54e-07	0.00e+00	0.00e+00	0.00e+00	0.00e+00	0.00e+00	8.73e-01	3.99e-08	2.35e-08
 1.66898e+23	8.78e-01	1.22e-01	7.86e-05	5.24e-07	0.00e+00	0.00e+00	0.00e+00	0.00e+00	0.00e+00	8.78e-01	3.96e-08	2.32e-08
 1.67260e+23	8.83e-01	1.17e-01	7.32e-05	4.98e-07	0.00e+00	0.00e+00	0.00e+00	0.00e+00	0.00e+00	8.83e-01	3.92e-08	2.29e-08
 1.67633e+23	8.87e-01	1.13e-01	6.84e-05	4.72e-07	0.00e+00	0.00e+00	0.00e+00	0.00e+00	0.00e+00	8.87e-01	3.89e-08	2.26e-08
 1.68026e+23	8.91e-01	1.09e-01	6.41e-05	4.48e-07	0.00e+00	0.00e+00	0.00e+00	0.00e+00	0.00e+00	8.91e-01	3.86e-08	2.23e-08
 1.68447e+23	8.95e-01	1.05e-01	6.03e-05	4.25e-07	0.00e+00	0.00e+00	0.00e+00	0.00e+00	0.00e+00	8.95e-01	3.84e-08	2.21e-08
 1.68885e+23	8.99e-01	1.01e-01	5.69e-05	4.04e-07	0.00e+00	0.00e+00	0.00e+00	0.00e+00	0.00e+00	8.99e-01	3.82e-08	2.19e-08
 1.69341e+23	9.02e-01	9.77e-02	5.40e-05	3.83e-07	0.00e+00	0.00e+00	0.00e+00	0.00e+00	0.00e+00	9.02e-01	3.80e-08	2.16e-08
 1.69829e+23	9.06e-01	9.42e-02	5.13e-05	3.64e-07	0.00e+00	0.00e+00	0.00e+00	0.00e+00	0.00e+00	9.06e-01	3.78e-08	2.14e-08
 1.70349e+23	9.09e-01	9.08e-02	4.89e-05	3.45e-07	0.00e+00	0.00e+00	0.00e+00	0.00e+00	0.00e+00	9.09e-01	3.77e-08	2.12e-08
 1.70896e+23	9.12e-01	8.75e-02	4.67e-05	3.26e-07	0.00e+00	0.00e+00	0.00e+00	0.00e+00	0.00e+00	9.12e-01	3.76e-08	2.10e-08
 1.71442e+23	9.15e-01	8.45e-02	4.50e-05	3.10e-07	0.00e+00	0.00e+00	0.00e+00	0.00e+00	0.00e+00	9.15e-01	3.75e-08	2.08e-08
 1.71968e+23	9.18e-01	8.20e-02	4.35e-05	2.96e-07	0.00e+00	0.00e+00	0.00e+00	0.00e+00	0.00e+00	9.18e-01	3.75e-08	2.07e-08
 1.72481e+23	9.20e-01	7.96e-02	4.22e-05	2.83e-07	0.00e+00	0.00e+00	0.00e+00	0.00e+00	0.00e+00	9.20e-01	3.74e-08	2.05e-08
 1.72983e+23	9.23e-01	7.73e-02	4.11e-05	2.71e-07	0.00e+00	0.00e+00	0.00e+00	0.00e+00	0.00e+00	9.23e-01	3.74e-08	2.04e-08
 1.73475e+23	9.25e-01	7.52e-02	4.01e-05	2.60e-07	0.00e+00	0.00e+00	0.00e+00	0.00e+00	0.00e+00	9.25e-01	3.74e-08	2.03e-08
 1.73954e+23	9.27e-01	7.31e-02	3.93e-05	2.50e-07	0.00e+00	0.00e+00	0.00e+00	0.00e+00	0.00e+00	9.27e-01	3.74e-08	2.02e-08
 1.74412e+23	9.29e-01	7.13e-02	3.85e-05	2.40e-07	0.00e+00	0.00e+00	0.00e+00	0.00e+00	0.00e+00	9.29e-01	3.73e-08	2.01e-08
 1.74848e+23	9.30e-01	6.95e-02	3.79e-05	2.31e-07	0.00e+00	0.00e+00	0.00e+00	0.00e+00	0.00e+00	9.30e-01	3.73e-08	1.99e-08
 1.75258e+23	9.32e-01	6.79e-02	3.73e-05	2.24e-07	0.00e+00	0.00e+00	0.00e+00	0.00e+00	0.00e+00	9.32e-01	3.72e-08	1.99e-08
 1.75656e+23	9.34e-01	6.64e-02	3.68e-05	2.16e-07	0.00e+00	0.00e+00	0.00e+00	0.00e+00	0.00e+00	9.34e-01	3.72e-08	1.98e-08
 1.76055e+23	9.35e-01	6.48e-02	3.63e-05	2.09e-07	0.00e+00	0.00e+00	0.00e+00	0.00e+00	0.00e+00	9.35e-01	3.72e-08	1.97e-08
 1.76440e+23	9.37e-01	6.33e-02	3.58e-05	2.02e-07	0.00e+00	0.00e+00	0.00e+00	0.00e+00	0.00e+00	9.37e-01	3.72e-08	1.96e-08
 1.76811e+23	9.38e-01	6.19e-02	3.54e-05	1.96e-07	0.00e+00	0.00e+00	0.00e+00	0.00e+00	0.00e+00	9.38e-01	3.71e-08	1.95e-08
 1.77168e+23	9.39e-01	6.05e-02	3.51e-05	1.90e-07	0.00e+00	0.00e+00	0.00e+00	0.00e+00	0.00e+00	9.39e-01	3.71e-08	1.94e-08
 1.77514e+23	9.41e-01	5.92e-02	3.47e-05	1.84e-07	0.00e+00	0.00e+00	0.00e+00	0.00e+00	0.00e+00	9.41e-01	3.71e-08	1.94e-08
 1.77847e+23	9.42e-01	5.80e-02	3.44e-05	1.79e-07	0.00e+00	0.00e+00	0.00e+00	0.00e+00	0.00e+00	9.42e-01	3.71e-08	1.93e-08
 1.78169e+23	9.43e-01	5.67e-02	3.41e-05	1.74e-07	0.00e+00	0.00e+00	0.00e+00	0.00e+00	0.00e+00	9.43e-01	3.70e-08	1.92e-08
 1.78479e+23	9.44e-01	5.56e-02	3.38e-05	1.69e-07	0.00e+00	0.00e+00	0.00e+00	0.00e+00	0.00e+00	9.44e-01	3.70e-08	1.91e-08
 1.78778e+23	9.46e-01	5.45e-02	3.36e-05	1.64e-07	0.00e+00	0.00e+00	0.00e+00	0.00e+00	0.00e+00	9.46e-01	3.70e-08	1.91e-08
 1.79067e+23	9.47e-01	5.34e-02	3.34e-05	1.60e-07	0.00e+00	0.00e+00	0.00e+00	0.00e+00	0.00e+00	9.47e-01	3.70e-08	1.90e-08
 1.79341e+23	9.48e-01	5.24e-02	3.32e-05	1.56e-07	0.00e+00	0.00e+00	0.00e+00	0.00e+00	0.00e+00	9.48e-01	3.69e-08	1.89e-08
 1.79610e+23	9.49e-01	5.13e-02	3.29e-05	1.52e-07	0.00e+00	0.00e+00	0.00e+00	0.00e+00	0.00e+00	9.49e-01	3.69e-08	1.89e-08
 1.79871e+23	9.50e-01	5.03e-02	3.28e-05	1.48e-07	0.00e+00	0.00e+00	0.00e+00	0.00e+00	0.00e+00	9.50e-01	3.68e-08	1.88e-08
 1.80108e+23	9.51e-01	4.94e-02	3.26e-05	1.45e-07	0.00e+00	0.00e+00	0.00e+00	0.00e+00	0.00e+00	9.51e-01	3.68e-08	1.87e-08
 1.80324e+23	9.51e-01	4.87e-02	3.24e-05	1.42e-07	0.00e+00	0.00e+00	0.00e+00	0.00e+00	0.00e+00	9.51e-01	3.68e-08	1.86e-08
 1.80521e+23	9.52e-01	4.80e-02	3.23e-05	1.40e-07	0.00e+00	0.00e+00	0.00e+00	0.00e+00	0.00e+00	9.52e-01	3.67e-08	1.86e-08
 1.80700e+23	9.53e-01	4.73e-02	3.22e-05	1.37e-07	0.00e+00	0.00e+00	0.00e+00	0.00e+00	0.00e+00	9.53e-01	3.67e-08	1.85e-08
 1.80862e+23	9.53e-01	4.67e-02	3.21e-05	1.35e-07	0.00e+00	0.00e+00	0.00e+00	0.00e+00	0.00e+00	9.53e-01	3.66e-08	1.85e-08
 1.81011e+23	9.54e-01	4.62e-02	3.20e-05	1.34e-07	0.00e+00	0.00e+00	0.00e+00	0.00e+00	0.00e+00	9.54e-01	3.66e-08	1.84e-08
 1.81145e+23	9.54e-01	4.57e-02	3.19e-05	1.32e-07	0.00e+00	0.00e+00	0.00e+00	0.00e+00	0.00e+00	9.54e-01	3.64e-08	1.83e-08
 1.81268e+23	9.55e-01	4.54e-02	3.18e-05	1.31e-07	0.00e+00	0.00e+00	0.00e+00	0.00e+00	0.00e+00	9.55e-01	3.63e-08	1.83e-08
 1.81402e+23	9.55e-01	4.48e-02	3.17e-05	1.29e-07	0.00e+00	0.00e+00	0.00e+00	0.00e+00	0.00e+00	9.55e-01	3.62e-08	1.83e-08
 1.81577e+23	9.56e-01	4.40e-02	3.15e-05	1.26e-07	0.00e+00	0.00e+00	0.00e+00	0.00e+00	0.00e+00	9.56e-01	3.60e-08	1.82e-08
 1.81766e+23	9.57e-01	4.32e-02	3.13e-05	0.00e+00	0.00e+00	0.00e+00	0.00e+00	0.00e+00	0.00e+00	9.57e-01	3.59e-08	1.82e-08
 1.81938e+23	9.57e-01	4.25e-02	3.11e-05	0.00e+00	0.00e+00	0.00e+00	0.00e+00	0.00e+00	0.00e+00	9.57e-01	3.57e-08	1.81e-08
 1.82094e+23	9.58e-01	4.20e-02	3.10e-05	0.00e+00	0.00e+00	0.00e+00	0.00e+00	0.00e+00	0.00e+00	9.58e-01	3.56e-08	1.81e-08
 1.82236e+23	9.58e-01	4.15e-02	3.09e-05	0.00e+00	0.00e+00	0.00e+00	0.00e+00	0.00e+00	0.00e+00	9.58e-01	3.55e-08	1.80e-08
 1.82365e+23	9.59e-01	4.10e-02	3.08e-05	0.00e+00	0.00e+00	0.00e+00	0.00e+00	0.00e+00	0.00e+00	9.59e-01	3.53e-08	1.79e-08
 1.82483e+23	9.59e-01	4.07e-02	3.07e-05	0.00e+00	0.00e+00	0.00e+00	0.00e+00	0.00e+00	0.00e+00	9.59e-01	3.53e-08	1.79e-08
 1.82612e+23	9.60e-01	4.02e-02	3.05e-05	0.00e+00	0.00e+00	0.00e+00	0.00e+00	0.00e+00	0.00e+00	9.60e-01	3.53e-08	1.79e-08
 1.82780e+23	9.60e-01	3.96e-02	3.03e-05	0.00e+00	0.00e+00	0.00e+00	0.00e+00	0.00e+00	0.00e+00	9.60e-01	3.52e-08	1.79e-08
 1.82961e+23	9.61e-01	3.89e-02	3.00e-05	0.00e+00	0.00e+00	0.00e+00	0.00e+00	0.00e+00	0.00e+00	9.61e-01	3.51e-08	1.78e-08
 1.83126e+23	9.62e-01	3.83e-02	2.99e-05	0.00e+00	0.00e+00	0.00e+00	0.00e+00	0.00e+00	0.00e+00	9.62e-01	3.50e-08	1.78e-08
 1.83276e+23	9.62e-01	3.81e-02	2.97e-05	0.00e+00	0.00e+00	0.00e+00	0.00e+00	0.00e+00	0.00e+00	9.62e-01	3.50e-08	1.78e-08
 1.83440e+23	9.63e-01	3.75e-02	2.95e-05	0.00e+00	0.00e+00	0.00e+00	0.00e+00	0.00e+00	0.00e+00	9.63e-01	3.49e-08	1.77e-08
 1.83617e+23	9.63e-01	3.69e-02	2.92e-05	0.00e+00	0.00e+00	0.00e+00	0.00e+00	0.00e+00	0.00e+00	9.63e-01	3.48e-08	1.77e-08
 1.83779e+23	9.64e-01	3.63e-02	2.90e-05	0.00e+00	0.00e+00	0.00e+00	0.00e+00	0.00e+00	0.00e+00	9.64e-01	3.47e-08	1.76e-08
 1.83925e+23	9.64e-01	3.61e-02	2.89e-05	0.00e+00	0.00e+00	0.00e+00	0.00e+00	0.00e+00	0.00e+00	9.64e-01	3.48e-08	1.76e-08
 1.84086e+23	9.64e-01	3.56e-02	2.87e-05	0.00e+00	0.00e+00	0.00e+00	0.00e+00	0.00e+00	0.00e+00	9.64e-01	3.47e-08	1.76e-08
 1.84260e+23	9.65e-01	3.50e-02	2.84e-05	0.00e+00	0.00e+00	0.00e+00	0.00e+00	0.00e+00	0.00e+00	9.65e-01	3.46e-08	1.76e-08
 1.84418e+23	9.66e-01	3.45e-02	2.82e-05	0.00e+00	0.00e+00	0.00e+00	0.00e+00	0.00e+00	0.00e+00	9.66e-01	3.45e-08	1.75e-08
 1.84562e+23	9.66e-01	3.42e-02	2.81e-05	0.00e+00	0.00e+00	0.00e+00	0.00e+00	0.00e+00	0.00e+00	9.66e-01	3.46e-08	1.75e-08
 1.84720e+23	9.66e-01	3.37e-02	2.78e-05	0.00e+00	0.00e+00	0.00e+00	0.00e+00	0.00e+00	0.00e+00	9.66e-01	3.45e-08	1.75e-08
 1.84890e+23	9.67e-01	3.32e-02	2.76e-05	0.00e+00	0.00e+00	0.00e+00	0.00e+00	0.00e+00	0.00e+00	9.67e-01	3.44e-08	1.74e-08
 1.85045e+23	9.67e-01	3.28e-02	2.73e-05	0.00e+00	0.00e+00	0.00e+00	0.00e+00	0.00e+00	0.00e+00	9.67e-01	3.44e-08	1.74e-08
 1.85215e+23	9.68e-01	3.22e-02	2.70e-05	0.00e+00	0.00e+00	0.00e+00	0.00e+00	0.00e+00	0.00e+00	9.68e-01	3.43e-08	1.74e-08
 1.85398e+23	9.68e-01	3.16e-02	2.67e-05	0.00e+00	0.00e+00	0.00e+00	0.00e+00	0.00e+00	0.00e+00	9.68e-01	3.42e-08	1.73e-08
 1.85565e+23	9.69e-01	3.12e-02	2.65e-05	0.00e+00	0.00e+00	0.00e+00	0.00e+00	0.00e+00	0.00e+00	9.69e-01	3.42e-08	1.73e-08
 1.85717e+23	9.69e-01	3.08e-02	2.63e-05	0.00e+00	0.00e+00	0.00e+00	0.00e+00	0.00e+00	0.00e+00	9.69e-01	3.41e-08	1.72e-08
 1.85855e+23	9.69e-01	3.05e-02	2.61e-05	0.00e+00	0.00e+00	0.00e+00	0.00e+00	0.00e+00	0.00e+00	9.69e-01	3.41e-08	1.72e-08
 1.86006e+23	9.70e-01	3.01e-02	2.58e-05	0.00e+00	0.00e+00	0.00e+00	0.00e+00	0.00e+00	0.00e+00	9.70e-01	3.40e-08	1.71e-08
 1.86169e+23	9.70e-01	2.96e-02	2.56e-05	0.00e+00	0.00e+00	0.00e+00	0.00e+00	0.00e+00	0.00e+00	9.70e-01	3.40e-08	1.71e-08
 1.86318e+23	9.71e-01	2.91e-02	2.53e-05	0.00e+00	0.00e+00	0.00e+00	0.00e+00	0.00e+00	0.00e+00	9.71e-01	3.39e-08	1.70e-08
 1.86453e+23	9.71e-01	2.89e-02	2.52e-05	0.00e+00	0.00e+00	0.00e+00	0.00e+00	0.00e+00	0.00e+00	9.71e-01	3.39e-08	1.70e-08
 1.86602e+23	9.71e-01	2.85e-02	2.50e-05	0.00e+00	0.00e+00	0.00e+00	0.00e+00	0.00e+00	0.00e+00	9.71e-01	3.38e-08	1.70e-08
 1.86762e+23	9.72e-01	2.81e-02	2.47e-05	0.00e+00	0.00e+00	0.00e+00	0.00e+00	0.00e+00	0.00e+00	9.72e-01	3.38e-08	1.69e-08
 1.86907e+23	9.72e-01	2.77e-02	2.45e-05	0.00e+00	0.00e+00	0.00e+00	0.00e+00	0.00e+00	0.00e+00	9.72e-01	3.38e-08	1.69e-08
 1.87067e+23	9.73e-01	2.73e-02	2.43e-05	0.00e+00	0.00e+00	0.00e+00	0.00e+00	0.00e+00	0.00e+00	9.73e-01	3.37e-08	1.68e-08
 1.87239e+23	9.73e-01	2.68e-02	2.41e-05	0.00e+00	0.00e+00	0.00e+00	0.00e+00	0.00e+00	0.00e+00	9.73e-01	3.36e-08	1.68e-08
 1.87396e+23	9.74e-01	2.64e-02	2.39e-05	0.00e+00	0.00e+00	0.00e+00	0.00e+00	0.00e+00	0.00e+00	9.74e-01	3.35e-08	1.67e-08
 1.87539e+23	9.74e-01	2.62e-02	2.37e-05	0.00e+00	0.00e+00	0.00e+00	0.00e+00	0.00e+00	0.00e+00	9.74e-01	3.36e-08	1.67e-08
 1.87695e+23	9.74e-01	2.58e-02	2.35e-05	0.00e+00	0.00e+00	0.00e+00	0.00e+00	0.00e+00	0.00e+00	9.74e-01	3.35e-08	1.66e-08
 1.87864e+23	9.75e-01	2.54e-02	2.33e-05	0.00e+00	0.00e+00	0.00e+00	0.00e+00	0.00e+00	0.00e+00	9.75e-01	3.35e-08	1.66e-08
 1.88017e+23	9.75e-01	2.51e-02	2.31e-05	0.00e+00	0.00e+00	0.00e+00	0.00e+00	0.00e+00	0.00e+00	9.75e-01	3.33e-08	1.65e-08
 1.88186e+23	9.75e-01	2.47e-02	2.29e-05	0.00e+00	0.00e+00	0.00e+00	0.00e+00	0.00e+00	0.00e+00	9.75e-01	3.30e-08	1.63e-08
 1.88367e+23	9.76e-01	2.43e-02	2.27e-05	0.00e+00	0.00e+00	0.00e+00	0.00e+00	0.00e+00	0.00e+00	9.76e-01	3.27e-08	1.62e-08
 1.88566e+23	9.76e-01	2.39e-02	2.24e-05	0.00e+00	0.00e+00	0.00e+00	0.00e+00	0.00e+00	0.00e+00	9.76e-01	3.25e-08	1.61e-08
 1.88781e+23	9.77e-01	2.35e-02	2.22e-05	0.00e+00	0.00e+00	0.00e+00	0.00e+00	0.00e+00	0.00e+00	9.77e-01	3.22e-08	1.59e-08
 1.88977e+23	9.77e-01	2.31e-02	2.20e-05	0.00e+00	0.00e+00	0.00e+00	0.00e+00	0.00e+00	0.00e+00	9.77e-01	3.19e-08	1.58e-08
 1.89155e+23	9.77e-01	2.29e-02	2.18e-05	0.00e+00	0.00e+00	0.00e+00	0.00e+00	0.00e+00	0.00e+00	9.77e-01	3.17e-08	1.56e-08
 1.89350e+23	9.78e-01	2.24e-02	2.16e-05	0.00e+00	0.00e+00	0.00e+00	0.00e+00	0.00e+00	0.00e+00	9.78e-01	3.15e-08	1.55e-08
 1.89560e+23	9.78e-01	2.21e-02	2.14e-05	0.00e+00	0.00e+00	0.00e+00	0.00e+00	0.00e+00	0.00e+00	9.78e-01	3.13e-08	1.53e-08
 1.89752e+23	9.78e-01	2.17e-02	2.12e-05	0.00e+00	0.00e+00	0.00e+00	0.00e+00	0.00e+00	0.00e+00	9.78e-01	3.11e-08	1.52e-08
 1.89926e+23	9.79e-01	2.14e-02	2.10e-05	0.00e+00	0.00e+00	0.00e+00	0.00e+00	0.00e+00	0.00e+00	9.79e-01	3.08e-08	1.50e-08
 1.90085e+23	9.79e-01	2.12e-02	2.09e-05	0.00e+00	0.00e+00	0.00e+00	0.00e+00	0.00e+00	0.00e+00	9.79e-01	3.07e-08	1.49e-08
 1.90259e+23	9.79e-01	2.09e-02	2.07e-05	0.00e+00	0.00e+00	0.00e+00	0.00e+00	0.00e+00	0.00e+00	9.79e-01	3.04e-08	1.47e-08
 1.90447e+23	9.79e-01	2.06e-02	2.05e-05	0.00e+00	0.00e+00	0.00e+00	0.00e+00	0.00e+00	0.00e+00	9.79e-01	3.03e-08	1.47e-08
 1.90652e+23	9.80e-01	2.02e-02	2.03e-05	0.00e+00	0.00e+00	0.00e+00	0.00e+00	0.00e+00	0.00e+00	9.80e-01	3.01e-08	1.45e-08
 1.90875e+23	9.80e-01	1.98e-02	2.01e-05	0.00e+00	0.00e+00	0.00e+00	0.00e+00	0.00e+00	0.00e+00	9.80e-01	2.98e-08	1.43e-08
 1.91077e+23	9.80e-01	1.96e-02	1.99e-05	0.00e+00	0.00e+00	0.00e+00	0.00e+00	0.00e+00	0.00e+00	9.80e-01	2.97e-08	1.42e-08
 1.91298e+23	9.81e-01	1.92e-02	1.97e-05	0.00e+00	0.00e+00	0.00e+00	0.00e+00	0.00e+00	0.00e+00	9.81e-01	2.94e-08	1.40e-08
 1.91537e+23	9.81e-01	1.88e-02	1.95e-05	0.00e+00	0.00e+00	0.00e+00	0.00e+00	0.00e+00	0.00e+00	9.81e-01	2.91e-08	1.38e-08
 1.91755e+23	9.82e-01	1.85e-02	1.93e-05	0.00e+00	0.00e+00	0.00e+00	0.00e+00	0.00e+00	0.00e+00	9.82e-01	2.88e-08	1.36e-08
 1.91953e+23	9.82e-01	1.83e-02	1.91e-05	0.00e+00	0.00e+00	0.00e+00	0.00e+00	0.00e+00	0.00e+00	9.82e-01	2.87e-08	1.35e-08
 1.92170e+23	9.82e-01	1.79e-02	1.89e-05	0.00e+00	0.00e+00	0.00e+00	0.00e+00	0.00e+00	0.00e+00	9.82e-01	2.84e-08	1.34e-08
 1.92404e+23	9.82e-01	1.76e-02	1.87e-05	0.00e+00	0.00e+00	0.00e+00	0.00e+00	0.00e+00	0.00e+00	9.82e-01	2.80e-08	1.31e-08
 1.92617e+23	9.83e-01	1.73e-02	1.86e-05	0.00e+00	0.00e+00	0.00e+00	0.00e+00	0.00e+00	0.00e+00	9.83e-01	2.79e-08	1.31e-08
 1.92850e+23	9.83e-01	1.70e-02	1.84e-05	0.00e+00	0.00e+00	0.00e+00	0.00e+00	0.00e+00	0.00e+00	9.83e-01	2.76e-08	1.28e-08
 1.93103e+23	9.83e-01	1.66e-02	1.82e-05	0.00e+00	0.00e+00	0.00e+00	0.00e+00	0.00e+00	0.00e+00	9.83e-01	2.72e-08	1.26e-08
 1.93332e+23	9.84e-01	1.64e-02	1.80e-05	0.00e+00	0.00e+00	0.00e+00	0.00e+00	0.00e+00	0.00e+00	9.84e-01	2.71e-08	1.25e-08
 1.93583e+23	9.84e-01	1.60e-02	1.78e-05	0.00e+00	0.00e+00	0.00e+00	0.00e+00	0.00e+00	0.00e+00	9.84e-01	2.67e-08	1.23e-08
 1.93855e+23	9.84e-01	1.57e-02	1.76e-05	0.00e+00	0.00e+00	0.00e+00	0.00e+00	0.00e+00	0.00e+00	9.84e-01	2.65e-08	1.21e-08
 1.94102e+23	9.85e-01	1.54e-02	1.74e-05	0.00e+00	0.00e+00	0.00e+00	0.00e+00	0.00e+00	0.00e+00	9.85e-01	2.62e-08	1.19e-08
 1.94327e+23	9.85e-01	1.52e-02	1.73e-05	0.00e+00	0.00e+00	0.00e+00	0.00e+00	0.00e+00	0.00e+00	9.85e-01	2.60e-08	1.18e-08
 1.94573e+23	9.85e-01	1.49e-02	1.71e-05	0.00e+00	0.00e+00	0.00e+00	0.00e+00	0.00e+00	0.00e+00	9.85e-01	2.56e-08	1.15e-08
 1.94839e+23	9.85e-01	1.45e-02	1.69e-05	0.00e+00	0.00e+00	0.00e+00	0.00e+00	0.00e+00	0.00e+00	9.85e-01	2.53e-08	1.13e-08
 1.95081e+23	9.86e-01	1.43e-02	1.67e-05	0.00e+00	0.00e+00	0.00e+00	0.00e+00	0.00e+00	0.00e+00	9.86e-01	2.52e-08	1.12e-08
 1.95346e+23	9.86e-01	1.40e-02	1.65e-05	0.00e+00	0.00e+00	0.00e+00	0.00e+00	0.00e+00	0.00e+00	9.86e-01	2.49e-08	1.10e-08
 1.95632e+23	9.86e-01	1.37e-02	1.63e-05	0.00e+00	0.00e+00	0.00e+00	0.00e+00	0.00e+00	0.00e+00	9.86e-01	2.45e-08	1.08e-08
 1.95893e+23	9.86e-01	1.35e-02	1.62e-05	0.00e+00	0.00e+00	0.00e+00	0.00e+00	0.00e+00	0.00e+00	9.86e-01	2.44e-08	1.08e-08
 1.96178e+23	9.87e-01	1.32e-02	1.60e-05	0.00e+00	0.00e+00	0.00e+00	0.00e+00	0.00e+00	0.00e+00	9.87e-01	2.41e-08	1.06e-08
 1.96486e+23	9.87e-01	1.28e-02	1.58e-05	0.00e+00	0.00e+00	0.00e+00	0.00e+00	0.00e+00	0.00e+00	9.87e-01	2.38e-08	1.04e-08
 1.96767e+23	9.87e-01	1.27e-02	1.56e-05	0.00e+00	0.00e+00	0.00e+00	0.00e+00	0.00e+00	0.00e+00	9.87e-01	2.37e-08	1.03e-08
 1.97074e+23	9.88e-01	1.23e-02	1.54e-05	0.00e+00	0.00e+00	0.00e+00	0.00e+00	0.00e+00	0.00e+00	9.88e-01	2.34e-08	1.00e-08
 1.97406e+23	9.88e-01	1.21e-02	1.52e-05	0.00e+00	0.00e+00	0.00e+00	0.00e+00	0.00e+00	0.00e+00	9.88e-01	2.31e-08	9.84e-09
 1.97707e+23	9.88e-01	1.18e-02	1.51e-05	0.00e+00	0.00e+00	0.00e+00	0.00e+00	0.00e+00	0.00e+00	9.88e-01	2.29e-08	9.67e-09
 1.97982e+23	9.88e-01	1.16e-02	1.49e-05	0.00e+00	0.00e+00	0.00e+00	0.00e+00	0.00e+00	0.00e+00	9.88e-01	2.27e-08	9.52e-09
 1.98283e+23	9.89e-01	1.13e-02	1.47e-05	0.00e+00	0.00e+00	0.00e+00	0.00e+00	0.00e+00	0.00e+00	9.89e-01	2.24e-08	9.33e-09
 1.98608e+23	9.89e-01	1.11e-02	1.45e-05	0.00e+00	0.00e+00	0.00e+00	0.00e+00	0.00e+00	0.00e+00	9.89e-01	2.21e-08	9.11e-09
 1.98904e+23	9.89e-01	1.09e-02	1.44e-05	0.00e+00	0.00e+00	0.00e+00	0.00e+00	0.00e+00	0.00e+00	9.89e-01	2.19e-08	9.01e-09
 1.99228e+23	9.89e-01	1.06e-02	1.42e-05	0.00e+00	0.00e+00	0.00e+00	0.00e+00	0.00e+00	0.00e+00	9.89e-01	2.16e-08	8.82e-09
 1.99578e+23	9.90e-01	1.03e-02	1.40e-05	0.00e+00	0.00e+00	0.00e+00	0.00e+00	0.00e+00	0.00e+00	9.90e-01	2.13e-08	8.61e-09
 1.99896e+23	9.90e-01	1.01e-02	1.39e-05	0.00e+00	0.00e+00	0.00e+00	0.00e+00	0.00e+00	0.00e+00	9.90e-01	2.12e-08	8.50e-09
 2.00245e+23	9.90e-01	9.87e-03	1.37e-05	0.00e+00	0.00e+00	0.00e+00	0.00e+00	0.00e+00	0.00e+00	9.90e-01	2.08e-08	8.31e-09
 2.00622e+23	9.90e-01	9.60e-03	1.35e-05	0.00e+00	0.00e+00	0.00e+00	0.00e+00	0.00e+00	0.00e+00	9.90e-01	2.05e-08	8.10e-09
 2.00964e+23	9.91e-01	9.42e-03	1.33e-05	0.00e+00	0.00e+00	0.00e+00	0.00e+00	0.00e+00	0.00e+00	9.91e-01	2.04e-08	7.99e-09
 2.01340e+23	9.91e-01	9.15e-03	1.31e-05	0.00e+00	0.00e+00	0.00e+00	0.00e+00	0.00e+00	0.00e+00	9.91e-01	2.01e-08	7.80e-09
 2.01745e+23	9.91e-01	8.91e-03	1.29e-05	0.00e+00	0.00e+00	0.00e+00	0.00e+00	0.00e+00	0.00e+00	9.91e-01	1.98e-08	7.64e-09
 2.02114e+23	9.91e-01	8.70e-03	1.28e-05	0.00e+00	0.00e+00	0.00e+00	0.00e+00	0.00e+00	0.00e+00	9.91e-01	1.96e-08	7.48e-09
 2.02450e+23	9.91e-01	8.53e-03	1.26e-05	0.00e+00	0.00e+00	0.00e+00	0.00e+00	0.00e+00	0.00e+00	9.91e-01	1.94e-08	7.36e-09
 2.02818e+23	9.92e-01	8.29e-03	1.24e-05	0.00e+00	0.00e+00	0.00e+00	0.00e+00	0.00e+00	0.00e+00	9.92e-01	1.91e-08	7.18e-09
 2.03215e+23	9.92e-01	8.06e-03	1.23e-05	0.00e+00	0.00e+00	0.00e+00	0.00e+00	0.00e+00	0.00e+00	9.92e-01	1.89e-08	6.99e-09
 2.03577e+23	9.92e-01	7.90e-03	1.21e-05	0.00e+00	0.00e+00	0.00e+00	0.00e+00	0.00e+00	0.00e+00	9.92e-01	1.88e-08	6.89e-09
 2.03973e+23	9.92e-01	7.68e-03	1.19e-05	0.00e+00	0.00e+00	0.00e+00	0.00e+00	0.00e+00	0.00e+00	9.92e-01	1.85e-08	6.73e-09
 2.04400e+23	9.93e-01	7.47e-03	1.18e-05	0.00e+00	0.00e+00	0.00e+00	0.00e+00	0.00e+00	0.00e+00	9.93e-01	1.83e-08	6.58e-09
 2.04789e+23	9.93e-01	7.28e-03	1.16e-05	0.00e+00	0.00e+00	0.00e+00	0.00e+00	0.00e+00	0.00e+00	9.93e-01	1.81e-08	6.44e-09
 2.05143e+23	9.93e-01	7.13e-03	1.15e-05	0.00e+00	0.00e+00	0.00e+00	0.00e+00	0.00e+00	0.00e+00	9.93e-01	1.79e-08	6.32e-09
 2.05531e+23	9.93e-01	6.94e-03	1.13e-05	0.00e+00	0.00e+00	0.00e+00	0.00e+00	0.00e+00	0.00e+00	9.93e-01	1.77e-08	6.17e-09
 2.05950e+23	9.93e-01	6.75e-03	1.11e-05	0.00e+00	0.00e+00	0.00e+00	0.00e+00	0.00e+00	0.00e+00	9.93e-01	1.75e-08	6.03e-09
 2.06332e+23	9.93e-01	6.59e-03	1.10e-05	0.00e+00	0.00e+00	0.00e+00	0.00e+00	0.00e+00	0.00e+00	9.93e-01	1.73e-08	5.90e-09
 2.06749e+23	9.94e-01	6.40e-03	1.08e-05	0.00e+00	0.00e+00	0.00e+00	0.00e+00	0.00e+00	0.00e+00	9.94e-01	1.71e-08	5.74e-09
 2.07200e+23	9.94e-01	6.22e-03	1.07e-05	0.00e+00	0.00e+00	0.00e+00	0.00e+00	0.00e+00	0.00e+00	9.94e-01	1.68e-08	5.59e-09
 2.07611e+23	9.94e-01	6.08e-03	1.05e-05	0.00e+00	0.00e+00	0.00e+00	0.00e+00	0.00e+00	0.00e+00	9.94e-01	1.67e-08	5.48e-09
 2.08060e+23	9.94e-01	5.89e-03	1.03e-05	0.00e+00	0.00e+00	0.00e+00	0.00e+00	0.00e+00	0.00e+00	9.94e-01	1.64e-08	5.32e-09
 2.08546e+23	9.94e-01	5.72e-03	1.02e-05	0.00e+00	0.00e+00	0.00e+00	0.00e+00	0.00e+00	0.00e+00	9.94e-01	1.62e-08	5.18e-09
 2.08987e+23	9.94e-01	5.57e-03	1.00e-05	0.00e+00	0.00e+00	0.00e+00	0.00e+00	0.00e+00	0.00e+00	9.94e-01	1.60e-08	5.05e-09
 2.09471e+23	9.95e-01	5.38e-03	9.86e-06	0.00e+00	0.00e+00	0.00e+00	0.00e+00	0.00e+00	0.00e+00	9.95e-01	1.58e-08	4.89e-09
 2.09994e+23	9.95e-01	5.22e-03	9.69e-06	0.00e+00	0.00e+00	0.00e+00	0.00e+00	0.00e+00	0.00e+00	9.95e-01	1.56e-08	4.75e-09
 2.10470e+23	9.95e-01	5.07e-03	9.55e-06	0.00e+00	0.00e+00	0.00e+00	0.00e+00	0.00e+00	0.00e+00	9.95e-01	1.54e-08	4.62e-09
 2.10902e+23	9.95e-01	4.94e-03	9.41e-06	0.00e+00	0.00e+00	0.00e+00	0.00e+00	0.00e+00	0.00e+00	9.95e-01	1.52e-08	4.51e-09
 2.11377e+23	9.95e-01	4.72e-03	9.25e-06	0.00e+00	0.00e+00	0.00e+00	0.00e+00	0.00e+00	0.00e+00	9.95e-01	1.50e-08	4.37e-09
 2.11993e+23	9.96e-01	4.34e-03	9.03e-06	0.00e+00	0.00e+00	0.00e+00	0.00e+00	0.00e+00	0.00e+00	9.96e-01	1.47e-08	4.17e-09
 2.12676e+23	9.96e-01	4.07e-03	8.83e-06	0.00e+00	0.00e+00	0.00e+00	0.00e+00	0.00e+00	0.00e+00	9.96e-01	1.44e-08	3.98e-09
 2.13360e+23	9.96e-01	3.84e-03	8.63e-06	0.00e+00	0.00e+00	0.00e+00	0.00e+00	0.00e+00	0.00e+00	9.96e-01	1.41e-08	3.80e-09
 2.14065e+23	9.96e-01	3.62e-03	8.43e-06	0.00e+00	0.00e+00	0.00e+00	0.00e+00	0.00e+00	0.00e+00	9.96e-01	1.38e-08	3.62e-09
 2.14780e+23	9.97e-01	3.41e-03	8.23e-06	0.00e+00	0.00e+00	0.00e+00	0.00e+00	0.00e+00	0.00e+00	9.97e-01	1.35e-08	3.45e-09
 2.15504e+23	9.97e-01	3.20e-03	8.03e-06	0.00e+00	0.00e+00	0.00e+00	0.00e+00	0.00e+00	0.00e+00	9.97e-01	1.33e-08	3.28e-09
 2.16235e+23	9.97e-01	3.00e-03	7.84e-06	0.00e+00	0.00e+00	0.00e+00	0.00e+00	0.00e+00	0.00e+00	9.97e-01	1.30e-08	3.11e-09
 2.16974e+23	9.97e-01	2.81e-03	7.65e-06	0.00e+00	0.00e+00	0.00e+00	0.00e+00	0.00e+00	0.00e+00	9.97e-01	1.27e-08	2.95e-09
 2.17720e+23	9.97e-01	2.63e-03	7.46e-06	0.00e+00	0.00e+00	0.00e+00	0.00e+00	0.00e+00	0.00e+00	9.97e-01	1.24e-08	2.79e-09
 2.18471e+23	9.98e-01	2.46e-03	7.28e-06	0.00e+00	0.00e+00	0.00e+00	0.00e+00	0.00e+00	0.00e+00	9.98e-01	1.21e-08	2.64e-09
 2.19229e+23	9.98e-01	2.29e-03	7.10e-06	0.00e+00	0.00e+00	0.00e+00	0.00e+00	0.00e+00	0.00e+00	9.98e-01	1.18e-08	2.50e-09
 2.19997e+23	9.98e-01	2.13e-03	6.92e-06	0.00e+00	0.00e+00	0.00e+00	0.00e+00	0.00e+00	0.00e+00	9.98e-01	1.15e-08	2.36e-09
 2.20770e+23	9.98e-01	1.98e-03	6.75e-06	0.00e+00	0.00e+00	0.00e+00	0.00e+00	0.00e+00	0.00e+00	9.98e-01	1.12e-08	2.23e-09
 2.21551e+23	9.98e-01	1.84e-03	6.58e-06	0.00e+00	0.00e+00	0.00e+00	0.00e+00	0.00e+00	0.00e+00	9.98e-01	1.09e-08	2.10e-09
 2.22337e+23	9.98e-01	1.70e-03	6.41e-06	0.00e+00	0.00e+00	0.00e+00	0.00e+00	0.00e+00	0.00e+00	9.98e-01	1.06e-08	1.97e-09
 2.23130e+23	9.98e-01	1.57e-03	6.24e-06	0.00e+00	0.00e+00	0.00e+00	0.00e+00	0.00e+00	0.00e+00	9.98e-01	1.03e-08	1.85e-09
 2.23926e+23	9.99e-01	1.45e-03	6.08e-06	0.00e+00	0.00e+00	0.00e+00	0.00e+00	0.00e+00	0.00e+00	9.99e-01	1.00e-08	1.73e-09
 2.24728e+23	9.99e-01	1.34e-03	5.92e-06	0.00e+00	0.00e+00	0.00e+00	0.00e+00	0.00e+00	0.00e+00	9.99e-01	9.73e-09	1.62e-09
 2.25538e+23	9.99e-01	1.23e-03	5.77e-06	0.00e+00	0.00e+00	0.00e+00	0.00e+00	0.00e+00	0.00e+00	9.99e-01	9.43e-09	1.51e-09
 2.26354e+23	9.99e-01	1.13e-03	5.62e-06	0.00e+00	0.00e+00	0.00e+00	0.00e+00	0.00e+00	0.00e+00	9.99e-01	9.13e-09	1.40e-09
 2.27176e+23	9.99e-01	1.03e-03	5.47e-06	0.00e+00	0.00e+00	0.00e+00	0.00e+00	0.00e+00	0.00e+00	9.99e-01	8.83e-09	1.30e-09
 2.28004e+23	9.99e-01	9.44e-04	5.32e-06	0.00e+00	0.00e+00	0.00e+00	0.00e+00	0.00e+00	0.00e+00	9.99e-01	8.53e-09	1.20e-09
 2.28838e+23	9.99e-01	8.60e-04	5.18e-06	0.00e+00	0.00e+00	0.00e+00	0.00e+00	0.00e+00	0.00e+00	9.99e-01	8.23e-09	1.11e-09
 2.29678e+23	9.99e-01	7.84e-04	5.04e-06	0.00e+00	0.00e+00	0.00e+00	0.00e+00	0.00e+00	0.00e+00	9.99e-01	7.95e-09	1.03e-09
 2.30536e+23	9.99e-01	7.11e-04	4.89e-06	0.00e+00	0.00e+00	0.00e+00	0.00e+00	0.00e+00	0.00e+00	9.99e-01	7.65e-09	9.43e-10
 2.31411e+23	9.99e-01	6.44e-04	4.76e-06	0.00e+00	0.00e+00	0.00e+00	0.00e+00	0.00e+00	0.00e+00	9.99e-01	7.36e-09	8.65e-10
 2.32297e+23	9.99e-01	5.81e-04	4.62e-06	0.00e+00	0.00e+00	0.00e+00	0.00e+00	0.00e+00	0.00e+00	9.99e-01	7.07e-09	7.90e-10
 2.33193e+23	9.99e-01	5.24e-04	4.48e-06	0.00e+00	0.00e+00	0.00e+00	0.00e+00	0.00e+00	0.00e+00	9.99e-01	6.79e-09	7.21e-10
 2.34099e+23	1.00e+00	4.71e-04	4.35e-06	0.00e+00	0.00e+00	0.00e+00	0.00e+00	0.00e+00	0.00e+00	1.00e+00	6.50e-09	6.55e-10
 2.35014e+23	1.00e+00	4.22e-04	4.22e-06	0.00e+00	0.00e+00	0.00e+00	0.00e+00	0.00e+00	0.00e+00	1.00e+00	6.23e-09	5.94e-10
 2.35940e+23	1.00e+00	3.77e-04	4.10e-06	0.00e+00	0.00e+00	0.00e+00	0.00e+00	0.00e+00	0.00e+00	1.00e+00	5.95e-09	5.37e-10
 2.36877e+23	1.00e+00	3.36e-04	3.97e-06	0.00e+00	0.00e+00	0.00e+00	0.00e+00	0.00e+00	0.00e+00	1.00e+00	5.68e-09	4.85e-10
 2.37830e+23	1.00e+00	2.99e-04	3.85e-06	0.00e+00	0.00e+00	0.00e+00	0.00e+00	0.00e+00	0.00e+00	1.00e+00	5.42e-09	4.36e-10
 2.38798e+23	1.00e+00	2.66e-04	3.73e-06	0.00e+00	0.00e+00	0.00e+00	0.00e+00	0.00e+00	0.00e+00	1.00e+00	5.17e-09	3.92e-10
 2.39791e+23	1.00e+00	2.35e-04	3.60e-06	0.00e+00	0.00e+00	0.00e+00	0.00e+00	0.00e+00	0.00e+00	1.00e+00	4.92e-09	3.50e-10
 2.40809e+23	1.00e+00	2.07e-04	3.49e-06	0.00e+00	0.00e+00	0.00e+00	0.00e+00	0.00e+00	0.00e+00	1.00e+00	4.68e-09	3.13e-10
 2.41845e+23	1.00e+00	1.82e-04	3.37e-06	0.00e+00	0.00e+00	0.00e+00	0.00e+00	0.00e+00	0.00e+00	1.00e+00	4.45e-09	2.78e-10
 2.42899e+23	1.00e+00	1.59e-04	3.25e-06	0.00e+00	0.00e+00	0.00e+00	0.00e+00	0.00e+00	0.00e+00	1.00e+00	4.23e-09	2.46e-10
 2.43971e+23	1.00e+00	1.39e-04	3.14e-06	0.00e+00	0.00e+00	0.00e+00	0.00e+00	0.00e+00	0.00e+00	1.00e+00	4.01e-09	2.17e-10
 2.45064e+23	1.00e+00	1.21e-04	3.02e-06	0.00e+00	0.00e+00	0.00e+00	0.00e+00	0.00e+00	0.00e+00	1.00e+00	3.80e-09	1.91e-10
 2.46178e+23	1.00e+00	1.05e-04	2.91e-06	0.00e+00	0.00e+00	0.00e+00	0.00e+00	0.00e+00	0.00e+00	1.00e+00	3.59e-09	1.68e-10
 2.47315e+23	1.00e+00	9.12e-05	2.80e-06	0.00e+00	0.00e+00	0.00e+00	0.00e+00	0.00e+00	0.00e+00	1.00e+00	3.39e-09	1.47e-10
 2.48481e+23	1.00e+00	7.86e-05	2.70e-06	0.00e+00	0.00e+00	0.00e+00	0.00e+00	0.00e+00	0.00e+00	1.00e+00	3.20e-09	1.28e-10
 2.49676e+23	1.00e+00	6.77e-05	2.59e-06	0.00e+00	0.00e+00	0.00e+00	0.00e+00	0.00e+00	0.00e+00	1.00e+00	3.01e-09	1.11e-10
