#depth	H	H+	H2
 7.76335e+21	3.30e-04	1.00e+00	1.31e-21
 1.92870e+22	4.28e-04	1.00e+00	3.55e-21
 2.49273e+22	4.86e-04	1.00e+00	7.14e-21
 2.83446e+22	5.39e-04	9.99e-01	1.27e-20
 3.06987e+22	5.69e-04	9.99e-01	1.74e-20
 3.23262e+22	6.01e-04	9.99e-01	2.38e-20
 3.38723e+22	6.32e-04	9.99e-01	3.17e-20
 3.53393e+22	6.62e-04	9.99e-01	4.14e-20
 3.70217e+22	7.04e-04	9.99e-01	6.12e-20
 3.87265e+22	7.40e-04	9.99e-01	8.41e-20
 4.04604e+22	7.88e-04	9.99e-01	1.24e-19
 4.22081e+22	8.29e-04	9.99e-01	1.81e-19
 4.37343e+22	8.72e-04	9.99e-01	2.46e-19
 4.54790e+22	9.27e-04	9.99e-01	3.80e-19
 4.72510e+22	9.76e-04	9.99e-01	5.55e-19
 4.88158e+22	1.03e-03	9.99e-01	7.79e-19
 5.06071e+22	1.09e-03	9.99e-01	1.27e-18
 5.24263e+22	1.15e-03	9.99e-01	2.03e-18
 5.40389e+22	1.21e-03	9.99e-01	3.10e-18
 5.58926e+22	1.29e-03	9.99e-01	6.00e-18
 5.77771e+22	1.36e-03	9.99e-01	1.18e-17
 5.97018e+22	1.46e-03	9.99e-01	2.63e-17
 6.16518e+22	1.54e-03	9.98e-01	7.23e-17
 6.36350e+22	1.65e-03	9.98e-01	1.33e-16
 6.56575e+22	1.74e-03	9.98e-01	2.31e-16
 6.77313e+22	1.87e-03	9.98e-01	3.86e-16
 6.92661e+22	1.91e-03	9.98e-01	5.01e-16
 6.99816e+22	1.95e-03	9.98e-01	5.79e-16
 7.07928e+22	2.01e-03	9.98e-01	6.84e-16
 7.18474e+22	2.08e-03	9.98e-01	8.50e-16
 7.32183e+22	2.17e-03	9.98e-01	1.09e-15
 7.47148e+22	2.27e-03	9.98e-01	1.41e-15
 7.61396e+22	2.36e-03	9.98e-01	1.74e-15
 7.77569e+22	2.49e-03	9.98e-01	2.27e-15
 7.94057e+22	2.60e-03	9.97e-01	2.87e-15
 8.10955e+22	2.75e-03	9.97e-01	3.76e-15
 8.28006e+22	2.87e-03	9.97e-01	4.69e-15
 8.45259e+22	3.04e-03	9.97e-01	6.03e-15
 8.62771e+22	3.18e-03	9.97e-01	7.37e-15
 8.80622e+22	3.36e-03	9.97e-01	9.34e-15
 8.98761e+22	3.52e-03	9.96e-01	1.14e-14
 9.17275e+22	3.73e-03	9.96e-01	1.44e-14
 9.36096e+22	3.91e-03	9.96e-01	1.74e-14
 9.55315e+22	4.15e-03	9.96e-01	2.21e-14
 9.74743e+22	4.35e-03	9.96e-01	2.66e-14
 9.94443e+22	4.63e-03	9.95e-01	3.38e-14
 1.01457e+23	4.87e-03	9.95e-01	4.12e-14
 1.03525e+23	5.20e-03	9.95e-01	5.34e-14
 1.05582e+23	5.46e-03	9.95e-01	6.51e-14
 1.07623e+23	5.83e-03	9.94e-01	8.42e-14
 1.09670e+23	6.13e-03	9.94e-01	1.03e-13
 1.11724e+23	6.57e-03	9.93e-01	1.34e-13
 1.13777e+23	6.92e-03	9.93e-01	1.64e-13
 1.15829e+23	7.45e-03	9.93e-01	2.17e-13
 1.17873e+23	7.87e-03	9.92e-01	2.67e-13
 1.19906e+23	8.52e-03	9.91e-01	3.56e-13
 1.21928e+23	9.04e-03	9.91e-01	4.45e-13
 1.23934e+23	9.82e-03	9.90e-01	5.97e-13
 1.25943e+23	1.05e-02	9.89e-01	7.60e-13
 1.27956e+23	1.15e-02	9.88e-01	1.04e-12
 1.29973e+23	1.25e-02	9.88e-01	1.36e-12
 1.31733e+23	1.36e-02	9.86e-01	1.79e-12
 1.33756e+23	1.52e-02	9.85e-01	2.56e-12
 1.35815e+23	1.68e-02	9.83e-01	3.53e-12
 1.37578e+23	1.87e-02	9.81e-01	4.83e-12
 1.39096e+23	2.05e-02	9.79e-01	6.31e-12
 1.40639e+23	2.31e-02	9.77e-01	8.87e-12
 1.42250e+23	2.61e-02	9.74e-01	1.24e-11
 1.43698e+23	2.96e-02	9.70e-01	1.74e-11
 1.45326e+23	3.50e-02	9.65e-01	2.69e-11
 1.46970e+23	4.18e-02	9.58e-01	4.21e-11
 1.48252e+23	4.89e-02	9.51e-01	6.13e-11
 1.49335e+23	5.70e-02	9.43e-01	8.81e-11
 1.50337e+23	6.67e-02	9.33e-01	1.27e-10
 1.51234e+23	7.76e-02	9.22e-01	1.79e-10
 1.52040e+23	9.02e-02	9.10e-01	2.50e-10
 1.52784e+23	1.05e-01	8.95e-01	3.48e-10
 1.53472e+23	1.22e-01	8.78e-01	4.79e-10
 1.54113e+23	1.41e-01	8.59e-01	6.62e-10
 1.54730e+23	1.64e-01	8.36e-01	9.01e-10
 1.55333e+23	1.91e-01	8.09e-01	1.24e-09
 1.55900e+23	2.21e-01	7.79e-01	1.67e-09
 1.56406e+23	2.53e-01	7.47e-01	2.19e-09
 1.56864e+23	2.86e-01	7.14e-01	2.79e-09
 1.57293e+23	3.20e-01	6.80e-01	3.47e-09
 1.57685e+23	3.54e-01	6.46e-01	4.21e-09
 1.58022e+23	3.84e-01	6.16e-01	4.91e-09
 1.58314e+23	4.11e-01	5.89e-01	5.58e-09
 1.58561e+23	4.35e-01	5.65e-01	6.19e-09
 1.58774e+23	4.55e-01	5.45e-01	6.71e-09
 1.59006e+23	4.77e-01	5.23e-01	7.30e-09
 1.59263e+23	5.01e-01	4.99e-01	7.96e-09
 1.59516e+23	5.24e-01	4.76e-01	8.61e-09
 1.59749e+23	5.45e-01	4.55e-01	9.21e-09
 1.59931e+23	5.60e-01	4.40e-01	9.59e-09
 1.60060e+23	5.71e-01	4.29e-01	9.92e-09
 1.60189e+23	5.81e-01	4.19e-01	1.02e-08
 1.60343e+23	5.93e-01	4.07e-01	1.06e-08
 1.60515e+23	6.07e-01	3.93e-01	1.10e-08
 1.60679e+23	6.19e-01	3.81e-01	1.13e-08
 1.60837e+23	6.30e-01	3.70e-01	1.17e-08
 1.61002e+23	6.41e-01	3.59e-01	1.20e-08
 1.61174e+23	6.53e-01	3.47e-01	1.23e-08
 1.61354e+23	6.65e-01	3.35e-01	1.27e-08
 1.61533e+23	6.76e-01	3.24e-01	1.30e-08
 1.61714e+23	6.86e-01	3.14e-01	1.33e-08
 1.61903e+23	6.97e-01	3.03e-01	1.36e-08
 1.62100e+23	7.07e-01	2.93e-01	1.39e-08
 1.62300e+23	7.18e-01	2.82e-01	1.42e-08
 1.62504e+23	7.27e-01	2.73e-01	1.45e-08
 1.62716e+23	7.37e-01	2.63e-01	1.47e-08
 1.62935e+23	7.47e-01	2.53e-01	1.50e-08
 1.63160e+23	7.56e-01	2.44e-01	1.53e-08
 1.63392e+23	7.65e-01	2.35e-01	1.55e-08
 1.63632e+23	7.74e-01	2.26e-01	1.58e-08
 1.63880e+23	7.82e-01	2.18e-01	1.60e-08
 1.64136e+23	7.91e-01	2.09e-01	1.62e-08
 1.64402e+23	7.99e-01	2.01e-01	1.65e-08
 1.64680e+23	8.07e-01	1.93e-01	1.67e-08
 1.64969e+23	8.14e-01	1.86e-01	1.69e-08
 1.65267e+23	8.21e-01	1.79e-01	1.71e-08
 1.65571e+23	8.28e-01	1.72e-01	1.74e-08
 1.65884e+23	8.34e-01	1.66e-01	1.76e-08
 1.66207e+23	8.41e-01	1.59e-01	1.78e-08
 1.66545e+23	8.46e-01	1.54e-01	1.81e-08
 1.66898e+23	8.52e-01	1.48e-01	1.83e-08
 1.67260e+23	8.57e-01	1.43e-01	1.86e-08
 1.67633e+23	8.62e-01	1.38e-01	1.89e-08
 1.68026e+23	8.67e-01	1.33e-01	1.92e-08
 1.68447e+23	8.72e-01	1.28e-01	1.96e-08
 1.68885e+23	8.76e-01	1.24e-01	2.00e-08
 1.69341e+23	8.80e-01	1.20e-01	2.05e-08
 1.69829e+23	8.84e-01	1.16e-01	2.11e-08
 1.70349e+23	8.88e-01	1.12e-01	2.17e-08
 1.70896e+23	8.92e-01	1.08e-01	2.25e-08
 1.71442e+23	8.95e-01	1.05e-01	2.33e-08
 1.71968e+23	8.98e-01	1.02e-01	2.41e-08
 1.72481e+23	9.01e-01	9.87e-02	2.51e-08
 1.72983e+23	9.04e-01	9.61e-02	2.61e-08
 1.73475e+23	9.06e-01	9.36e-02	2.71e-08
 1.73954e+23	9.09e-01	9.12e-02	2.80e-08
 1.74412e+23	9.11e-01	8.91e-02	2.89e-08
 1.74848e+23	9.13e-01	8.70e-02	2.99e-08
 1.75258e+23	9.15e-01	8.51e-02	3.08e-08
 1.75656e+23	9.17e-01	8.33e-02	3.19e-08
 1.76055e+23	9.19e-01	8.15e-02	3.30e-08
 1.76440e+23	9.20e-01	7.98e-02	3.43e-08
 1.76811e+23	9.22e-01	7.81e-02	3.55e-08
 1.77168e+23	9.23e-01	7.66e-02	3.69e-08
 1.77514e+23	9.25e-01	7.51e-02	3.83e-08
 1.77847e+23	9.26e-01	7.36e-02	3.98e-08
 1.78169e+23	9.28e-01	7.22e-02	4.13e-08
 1.78479e+23	9.29e-01	7.09e-02	4.30e-08
 1.78778e+23	9.30e-01	6.96e-02	4.48e-08
 1.79067e+23	9.32e-01	6.83e-02	4.68e-08
 1.79341e+23	9.33e-01	6.72e-02	4.87e-08
 1.79610e+23	9.34e-01	6.60e-02	5.09e-08
 1.79871e+23	9.35e-01	6.48e-02	5.33e-08
 1.80108e+23	9.36e-01	6.38e-02	5.54e-08
 1.80324e+23	9.37e-01	6.30e-02	5.76e-08
 1.80521e+23	9.38e-01	6.22e-02	5.97e-08
 1.80700e+23	9.39e-01	6.14e-02	6.17e-08
 1.80862e+23	9.39e-01	6.08e-02	6.36e-08
 1.81011e+23	9.40e-01	6.02e-02	6.54e-08
 1.81145e+23	9.40e-01	5.96e-02	6.76e-08
 1.81268e+23	9.41e-01	5.93e-02	6.88e-08
 1.81402e+23	9.41e-01	5.86e-02	7.04e-08
 1.81577e+23	9.42e-01	5.77e-02	7.31e-08
 1.81766e+23	9.43e-01	5.68e-02	7.54e-08
 1.81938e+23	9.44e-01	5.60e-02	7.76e-08
 1.82094e+23	9.45e-01	5.54e-02	7.95e-08
 1.82236e+23	9.45e-01	5.49e-02	8.12e-08
 1.82365e+23	9.46e-01	5.43e-02	8.32e-08
 1.82483e+23	9.46e-01	5.40e-02	8.43e-08
 1.82612e+23	9.47e-01	5.35e-02	8.53e-08
 1.82780e+23	9.47e-01	5.27e-02	8.72e-08
 1.82961e+23	9.48e-01	5.20e-02	8.92e-08
 1.83126e+23	9.49e-01	5.13e-02	9.06e-08
 1.83276e+23	9.49e-01	5.10e-02	9.16e-08
 1.83440e+23	9.50e-01	5.03e-02	9.24e-08
 1.83617e+23	9.50e-01	4.96e-02	9.39e-08
 1.83779e+23	9.51e-01	4.90e-02	9.50e-08
 1.83925e+23	9.51e-01	4.87e-02	9.56e-08
 1.84086e+23	9.52e-01	4.82e-02	9.63e-08
 1.84260e+23	9.53e-01	4.75e-02	9.71e-08
 1.84418e+23	9.53e-01	4.69e-02	9.78e-08
 1.84562e+23	9.53e-01	4.66e-02	9.81e-08
 1.84720e+23	9.54e-01	4.61e-02	9.84e-08
 1.84890e+23	9.55e-01	4.54e-02	9.88e-08
 1.85045e+23	9.55e-01	4.50e-02	9.91e-08
 1.85215e+23	9.56e-01	4.44e-02	9.92e-08
 1.85398e+23	9.56e-01	4.37e-02	9.94e-08
 1.85565e+23	9.57e-01	4.32e-02	9.95e-08
 1.85717e+23	9.57e-01	4.28e-02	9.94e-08
 1.85855e+23	9.58e-01	4.25e-02	9.92e-08
 1.86006e+23	9.58e-01	4.20e-02	9.89e-08
 1.86169e+23	9.59e-01	4.14e-02	9.87e-08
 1.86318e+23	9.59e-01	4.09e-02	9.84e-08
 1.86453e+23	9.59e-01	4.07e-02	9.83e-08
 1.86602e+23	9.60e-01	4.03e-02	9.80e-08
 1.86762e+23	9.60e-01	3.98e-02	9.77e-08
 1.86907e+23	9.61e-01	3.93e-02	9.74e-08
 1.87067e+23	9.61e-01	3.89e-02	9.69e-08
 1.87239e+23	9.62e-01	3.83e-02	9.67e-08
 1.87396e+23	9.62e-01	3.79e-02	9.62e-08
 1.87539e+23	9.62e-01	3.77e-02	9.61e-08
 1.87695e+23	9.63e-01	3.72e-02	9.54e-08
 1.87864e+23	9.63e-01	3.68e-02	9.54e-08
 1.88017e+23	9.64e-01	3.64e-02	9.51e-08
 1.88186e+23	9.64e-01	3.60e-02	9.46e-08
 1.88367e+23	9.64e-01	3.55e-02	9.45e-08
 1.88566e+23	9.65e-01	3.51e-02	9.41e-08
 1.88781e+23	9.65e-01	3.45e-02	9.41e-08
 1.88977e+23	9.66e-01	3.41e-02	9.36e-08
 1.89155e+23	9.66e-01	3.39e-02	9.37e-08
 1.89350e+23	9.67e-01	3.34e-02	9.27e-08
 1.89560e+23	9.67e-01	3.29e-02	9.29e-08
 1.89752e+23	9.67e-01	3.26e-02	9.25e-08
 1.89926e+23	9.68e-01	3.22e-02	9.20e-08
 1.90085e+23	9.68e-01	3.20e-02	9.18e-08
 1.90259e+23	9.68e-01	3.16e-02	9.12e-08
 1.90447e+23	9.69e-01	3.13e-02	9.14e-08
 1.90652e+23	9.69e-01	3.09e-02	9.09e-08
 1.90875e+23	9.70e-01	3.04e-02	9.10e-08
 1.91077e+23	9.70e-01	3.01e-02	9.08e-08
 1.91298e+23	9.70e-01	2.97e-02	9.02e-08
 1.91537e+23	9.71e-01	2.92e-02	9.02e-08
 1.91755e+23	9.71e-01	2.88e-02	8.97e-08
 1.91953e+23	9.71e-01	2.86e-02	8.96e-08
 1.92170e+23	9.72e-01	2.82e-02	8.91e-08
 1.92404e+23	9.72e-01	2.78e-02	8.92e-08
 1.92617e+23	9.72e-01	2.75e-02	8.90e-08
 1.92850e+23	9.73e-01	2.71e-02	8.85e-08
 1.93103e+23	9.73e-01	2.67e-02	8.84e-08
 1.93332e+23	9.74e-01	2.64e-02	8.84e-08
 1.93583e+23	9.74e-01	2.60e-02	8.82e-08
 1.93855e+23	9.74e-01	2.56e-02	8.85e-08
 1.94102e+23	9.75e-01	2.53e-02	8.82e-08
 1.94327e+23	9.75e-01	2.50e-02	8.82e-08
 1.94573e+23	9.75e-01	2.47e-02	8.79e-08
 1.94839e+23	9.76e-01	2.42e-02	8.79e-08
 1.95081e+23	9.76e-01	2.40e-02	8.80e-08
 1.95346e+23	9.76e-01	2.37e-02	8.78e-08
 1.95632e+23	9.77e-01	2.32e-02	8.79e-08
 1.95893e+23	9.77e-01	2.30e-02	8.79e-08
 1.96178e+23	9.77e-01	2.26e-02	8.77e-08
 1.96486e+23	9.78e-01	2.22e-02	8.78e-08
 1.96767e+23	9.78e-01	2.20e-02	8.78e-08
 1.97074e+23	9.78e-01	2.16e-02	8.76e-08
 1.97406e+23	9.79e-01	2.12e-02	8.79e-08
 1.97707e+23	9.79e-01	2.09e-02	8.77e-08
 1.97982e+23	9.79e-01	2.07e-02	8.77e-08
 1.98283e+23	9.80e-01	2.04e-02	8.75e-08
 1.98608e+23	9.80e-01	2.00e-02	8.75e-08
 1.98904e+23	9.80e-01	1.98e-02	8.76e-08
 1.99228e+23	9.81e-01	1.94e-02	8.74e-08
 1.99578e+23	9.81e-01	1.91e-02	8.75e-08
 1.99896e+23	9.81e-01	1.89e-02	8.76e-08
 2.00245e+23	9.81e-01	1.85e-02	8.74e-08
 2.00622e+23	9.82e-01	1.82e-02	8.75e-08
 2.00964e+23	9.82e-01	1.79e-02	8.76e-08
 2.01340e+23	9.82e-01	1.76e-02	8.74e-08
 2.01745e+23	9.83e-01	1.73e-02	8.76e-08
 2.02114e+23	9.83e-01	1.70e-02	8.75e-08
 2.02450e+23	9.83e-01	1.68e-02	8.75e-08
 2.02818e+23	9.84e-01	1.65e-02	8.74e-08
 2.03215e+23	9.84e-01	1.62e-02	8.75e-08
 2.03577e+23	9.84e-01	1.59e-02	8.75e-08
 2.03973e+23	9.84e-01	1.57e-02	8.76e-08
 2.04400e+23	9.85e-01	1.54e-02	8.77e-08
 2.04789e+23	9.85e-01	1.51e-02	8.75e-08
 2.05143e+23	9.85e-01	1.49e-02	8.76e-08
 2.05531e+23	9.85e-01	1.46e-02	8.76e-08
 2.05950e+23	9.86e-01	1.44e-02	8.77e-08
 2.06332e+23	9.86e-01	1.41e-02	8.76e-08
 2.06749e+23	9.86e-01	1.39e-02	8.77e-08
 2.07200e+23	9.86e-01	1.36e-02	8.78e-08
 2.07611e+23	9.87e-01	1.34e-02	8.78e-08
 2.08060e+23	9.87e-01	1.31e-02	8.78e-08
 2.08546e+23	9.87e-01	1.29e-02	8.80e-08
 2.08987e+23	9.87e-01	1.27e-02	8.80e-08
 2.09471e+23	9.88e-01	1.24e-02	8.80e-08
 2.09994e+23	9.88e-01	1.22e-02	8.82e-08
 2.10470e+23	9.88e-01	1.19e-02	8.82e-08
 2.10902e+23	9.88e-01	1.17e-02	8.81e-08
 2.11377e+23	9.88e-01	1.15e-02	8.84e-08
 2.11993e+23	9.89e-01	1.12e-02	8.85e-08
 2.12676e+23	9.89e-01	1.09e-02	8.85e-08
 2.13360e+23	9.89e-01	1.06e-02	8.86e-08
 2.14065e+23	9.90e-01	1.03e-02	8.87e-08
 2.14780e+23	9.90e-01	1.00e-02	8.88e-08
 2.15504e+23	9.90e-01	9.77e-03	8.89e-08
 2.16235e+23	9.91e-01	9.49e-03	8.90e-08
 2.16974e+23	9.91e-01	9.23e-03	8.91e-08
 2.17720e+23	9.91e-01	8.97e-03	8.92e-08
 2.18471e+23	9.91e-01	8.71e-03	8.93e-08
 2.19229e+23	9.92e-01	8.47e-03	8.95e-08
 2.19997e+23	9.92e-01	8.22e-03	8.96e-08
 2.20770e+23	9.92e-01	7.99e-03	8.97e-08
 2.21551e+23	9.92e-01	7.76e-03	8.98e-08
 2.22337e+23	9.92e-01	7.53e-03	9.00e-08
 2.23130e+23	9.93e-01	7.31e-03	9.01e-08
 2.23926e+23	9.93e-01	7.10e-03	9.02e-08
 2.24728e+23	9.93e-01	6.89e-03	9.04e-08
 2.25538e+23	9.93e-01	6.69e-03	9.05e-08
 2.26354e+23	9.94e-01	6.49e-03	9.07e-08
 2.27176e+23	9.94e-01	6.30e-03	9.09e-08
 2.28004e+23	9.94e-01	6.11e-03	9.11e-08
 2.28838e+23	9.94e-01	5.93e-03	9.13e-08
 2.29678e+23	9.94e-01	5.75e-03	9.15e-08
 2.30536e+23	9.94e-01	5.57e-03	9.17e-08
 2.31411e+23	9.95e-01	5.40e-03	9.20e-08
 2.32297e+23	9.95e-01	5.23e-03	9.23e-08
 2.33193e+23	9.95e-01	5.07e-03	9.26e-08
 2.34099e+23	9.95e-01	4.91e-03	9.29e-08
 2.35014e+23	9.95e-01	4.75e-03	9.33e-08
 2.35940e+23	9.95e-01	4.60e-03	9.37e-08
 2.36877e+23	9.96e-01	4.45e-03	9.41e-08
 2.37830e+23	9.96e-01	4.30e-03	9.45e-08
 2.38798e+23	9.96e-01	4.16e-03	9.50e-08
 2.39791e+23	9.96e-01	4.02e-03	9.56e-08
 2.40809e+23	9.96e-01	3.89e-03	9.62e-08
 2.41845e+23	9.96e-01	3.75e-03	9.68e-08
 2.42899e+23	9.96e-01	3.62e-03	9.75e-08
 2.43971e+23	9.97e-01	3.49e-03	9.83e-08
 2.45064e+23	9.97e-01	3.37e-03	9.91e-08
 2.46178e+23	9.97e-01	3.24e-03	1.00e-07
 2.47315e+23	9.97e-01	3.12e-03	1.01e-07
 2.48481e+23	9.97e-01	3.00e-03	1.02e-07
 2.49676e+23	9.97e-01	2.89e-03	1.03e-07
 2.50897e+23	9.97e-01	2.78e-03	1.05e-07
 2.52148e+23	9.97e-01	2.67e-03	1.06e-07
 2.53428e+23	9.97e-01	2.56e-03	1.08e-07
 2.54738e+23	9.98e-01	2.45e-03	1.10e-07
 2.56086e+23	9.98e-01	2.35e-03	1.12e-07
 2.57462e+23	9.98e-01	2.25e-03	1.14e-07
 2.58848e+23	9.98e-01	2.15e-03	1.16e-07
 2.60247e+23	9.98e-01	2.06e-03	1.19e-07
 2.61663e+23	9.98e-01	1.97e-03	1.22e-07
 2.63094e+23	9.98e-01	1.88e-03	1.25e-07
 2.64539e+23	9.98e-01	1.80e-03	1.28e-07
 2.65999e+23	9.98e-01	1.72e-03	1.32e-07
 2.67474e+23	9.98e-01	1.65e-03	1.37e-07
 2.68966e+23	9.98e-01	1.57e-03	1.42e-07
 2.70474e+23	9.98e-01	1.50e-03	1.47e-07
 2.71991e+23	9.99e-01	1.43e-03	1.53e-07
 2.73523e+23	9.99e-01	1.37e-03	1.60e-07
 2.75076e+23	9.99e-01	1.30e-03	1.68e-07
 2.76639e+23	9.99e-01	1.24e-03	1.77e-07
 2.78209e+23	9.99e-01	1.18e-03	1.87e-07
 2.79799e+23	9.99e-01	1.13e-03	1.99e-07
 2.81416e+23	9.99e-01	1.07e-03	2.13e-07
 2.83016e+23	9.99e-01	1.02e-03	2.29e-07
 2.84534e+23	9.99e-01	9.75e-04	2.47e-07
 2.85945e+23	9.99e-01	9.34e-04	2.66e-07
 2.87267e+23	9.99e-01	8.97e-04	2.88e-07
 2.88524e+23	9.99e-01	8.64e-04	3.11e-07
 2.89726e+23	9.99e-01	8.33e-04	3.38e-07
 2.90873e+23	9.99e-01	8.04e-04	3.67e-07
 2.91959e+23	9.99e-01	7.78e-04	3.99e-07
 2.92985e+23	9.99e-01	7.54e-04	4.35e-07
 2.93959e+23	9.99e-01	7.31e-04	4.74e-07
 2.94886e+23	9.99e-01	7.08e-04	5.18e-07
 2.95764e+23	9.99e-01	6.90e-04	5.67e-07
 2.96591e+23	9.99e-01	6.72e-04	6.19e-07
 2.97381e+23	9.99e-01	6.56e-04	6.77e-07
 2.98142e+23	9.99e-01	6.40e-04	7.42e-07
 2.98873e+23	9.99e-01	6.26e-04	8.15e-07
 2.99568e+23	9.99e-01	6.12e-04	8.95e-07
 3.00228e+23	9.99e-01	6.00e-04	9.83e-07
 3.00856e+23	9.99e-01	5.88e-04	1.08e-06
 3.01460e+23	9.99e-01	5.77e-04	1.19e-06
 3.02041e+23	9.99e-01	5.66e-04	1.30e-06
 3.02604e+23	9.99e-01	5.56e-04	1.44e-06
 3.03144e+23	9.99e-01	5.46e-04	1.58e-06
 3.03661e+23	9.99e-01	5.37e-04	1.74e-06
 3.04160e+23	9.99e-01	5.29e-04	1.91e-06
 3.04644e+23	9.99e-01	5.21e-04	2.11e-06
 3.05115e+23	9.99e-01	5.13e-04	2.32e-06
 3.05573e+23	9.99e-01	5.05e-04	2.56e-06
 3.06020e+23	9.99e-01	4.98e-04	2.82e-06
 3.06456e+23	1.00e+00	4.91e-04	3.10e-06
 3.06884e+23	1.00e+00	4.84e-04	3.41e-06
 3.07306e+23	1.00e+00	4.77e-04	3.75e-06
 3.07725e+23	1.00e+00	4.71e-04	4.13e-06
 3.08141e+23	1.00e+00	4.64e-04	4.54e-06
 3.08458e+23	1.00e+00	4.61e-04	4.98e-06
