#depth	S	S+	S+2	S+3	S+4	S+5	S+6	S+7	S+8	S+9	S+10	S+11	S+12	S+13	S+14	S+15	S+16
 4.62852e+21	0.00e+00	2.88e-24	2.79e-20	2.70e-17	1.26e-14	3.66e-12	4.32e-09	5.02e-07	2.10e-05	3.20e-04	3.05e-03	1.33e-02	3.21e-02	8.14e-02	4.55e-01	3.36e-01	7.87e-02
 1.03598e+22	0.00e+00	2.45e-21	1.13e-17	4.77e-15	9.37e-13	1.15e-10	1.71e-07	1.75e-05	5.46e-04	5.15e-03	3.13e-02	8.10e-02	1.05e-01	1.37e-01	4.41e-01	1.77e-01	2.28e-02
 1.18859e+22	1.09e-33	3.62e-20	1.19e-16	3.36e-14	4.38e-12	3.68e-10	6.26e-07	6.31e-05	1.76e-03	1.34e-02	6.72e-02	1.42e-01	1.43e-01	1.42e-01	3.66e-01	1.13e-01	1.12e-02
 1.25210e+22	4.74e-33	1.25e-19	3.50e-16	8.25e-14	8.87e-12	6.27e-10	1.09e-06	1.09e-04	2.87e-03	1.98e-02	9.07e-02	1.75e-01	1.58e-01	1.39e-01	3.21e-01	8.69e-02	7.62e-03
 1.27856e+22	6.74e-33	1.68e-19	4.55e-16	1.02e-13	1.05e-11	7.14e-10	1.24e-06	1.24e-04	3.21e-03	2.17e-02	9.70e-02	1.83e-01	1.60e-01	1.37e-01	3.10e-01	8.13e-02	6.92e-03
 1.28901e+22	9.40e-33	2.23e-19	5.82e-16	1.26e-13	1.24e-11	8.06e-10	1.40e-06	1.39e-04	3.56e-03	2.35e-02	1.03e-01	1.90e-01	1.63e-01	1.36e-01	2.99e-01	7.61e-02	6.29e-03
 1.30086e+22	1.43e-32	3.20e-19	7.96e-16	1.63e-13	1.52e-11	9.44e-10	1.63e-06	1.62e-04	4.07e-03	2.61e-02	1.11e-01	2.00e-01	1.66e-01	1.33e-01	2.84e-01	6.98e-02	5.56e-03
 1.31297e+22	2.00e-32	4.26e-19	1.02e-15	2.01e-13	1.80e-11	1.07e-09	1.84e-06	1.81e-04	4.51e-03	2.83e-02	1.18e-01	2.07e-01	1.68e-01	1.31e-01	2.73e-01	6.51e-02	5.03e-03
 1.32543e+22	3.06e-32	6.11e-19	1.40e-15	2.62e-13	2.22e-11	1.26e-09	2.13e-06	2.10e-04	5.12e-03	3.12e-02	1.26e-01	2.17e-01	1.70e-01	1.28e-01	2.59e-01	5.93e-02	4.42e-03
 1.33814e+22	4.28e-32	8.14e-19	1.81e-15	3.23e-13	2.62e-11	1.43e-09	2.40e-06	2.35e-04	5.66e-03	3.36e-02	1.33e-01	2.24e-01	1.71e-01	1.26e-01	2.48e-01	5.51e-02	3.98e-03
 1.34910e+22	5.81e-32	1.06e-18	2.27e-15	3.91e-13	3.05e-11	1.61e-09	2.66e-06	2.60e-04	6.19e-03	3.60e-02	1.40e-01	2.30e-01	1.72e-01	1.23e-01	2.37e-01	5.13e-02	3.61e-03
 1.36124e+22	8.63e-32	1.48e-18	3.06e-15	5.02e-13	3.72e-11	1.87e-09	3.05e-06	2.97e-04	6.93e-03	3.93e-02	1.48e-01	2.38e-01	1.73e-01	1.20e-01	2.24e-01	4.67e-02	3.17e-03
 1.37343e+22	1.15e-31	1.90e-18	3.80e-15	6.02e-13	4.31e-11	2.10e-09	3.37e-06	3.26e-04	7.53e-03	4.18e-02	1.55e-01	2.44e-01	1.73e-01	1.17e-01	2.15e-01	4.36e-02	2.88e-03
 1.38566e+22	1.68e-31	2.63e-18	5.05e-15	7.65e-13	5.23e-11	2.44e-09	3.83e-06	3.69e-04	8.37e-03	4.52e-02	1.63e-01	2.51e-01	1.73e-01	1.14e-01	2.03e-01	3.97e-02	2.53e-03
 1.39821e+22	2.26e-31	3.39e-18	6.33e-15	9.26e-13	6.09e-11	2.75e-09	4.24e-06	4.06e-04	9.09e-03	4.81e-02	1.70e-01	2.57e-01	1.73e-01	1.11e-01	1.93e-01	3.68e-02	2.28e-03
 1.40934e+22	3.02e-31	4.35e-18	7.88e-15	1.11e-12	7.06e-11	3.08e-09	4.67e-06	4.45e-04	9.84e-03	5.10e-02	1.77e-01	2.62e-01	1.72e-01	1.08e-01	1.84e-01	3.41e-02	2.06e-03
 1.42196e+22	4.39e-31	6.02e-18	1.05e-14	1.41e-12	8.55e-11	3.58e-09	5.28e-06	5.01e-04	1.09e-02	5.49e-02	1.85e-01	2.68e-01	1.72e-01	1.04e-01	1.73e-01	3.08e-02	1.80e-03
 1.43453e+22	5.73e-31	7.56e-18	1.28e-14	1.68e-12	9.83e-11	3.99e-09	5.79e-06	5.45e-04	1.17e-02	5.78e-02	1.91e-01	2.72e-01	1.71e-01	1.01e-01	1.65e-01	2.87e-02	1.63e-03
 1.44702e+22	8.19e-31	1.03e-17	1.68e-14	2.11e-12	1.18e-10	4.61e-09	6.50e-06	6.09e-04	1.28e-02	6.19e-02	1.99e-01	2.77e-01	1.69e-01	9.75e-02	1.54e-01	2.60e-02	1.42e-03
 1.45975e+22	1.07e-30	1.30e-17	2.07e-14	2.51e-12	1.36e-10	5.16e-09	7.12e-06	6.62e-04	1.38e-02	6.51e-02	2.06e-01	2.80e-01	1.68e-01	9.46e-02	1.47e-01	2.41e-02	1.29e-03
 1.47281e+22	1.53e-30	1.77e-17	2.72e-14	3.16e-12	1.64e-10	5.97e-09	8.01e-06	7.39e-04	1.51e-02	6.95e-02	2.14e-01	2.85e-01	1.66e-01	9.08e-02	1.37e-01	2.17e-02	1.12e-03
 1.48610e+22	9.69e-31	2.25e-17	3.35e-14	3.78e-12	1.90e-10	6.70e-09	8.78e-06	8.04e-04	1.62e-02	7.30e-02	2.20e-01	2.88e-01	1.64e-01	8.78e-02	1.30e-01	2.00e-02	1.00e-03
 1.49972e+22	1.39e-30	3.07e-17	4.42e-14	4.77e-12	2.29e-10	7.77e-09	9.88e-06	8.96e-04	1.78e-02	7.78e-02	2.28e-01	2.91e-01	1.61e-01	8.39e-02	1.21e-01	1.79e-02	8.69e-04
 1.51360e+22	1.83e-30	3.90e-17	5.46e-14	5.71e-12	2.66e-10	8.74e-09	1.08e-05	9.75e-04	1.90e-02	8.17e-02	2.34e-01	2.93e-01	1.59e-01	8.09e-02	1.14e-01	1.65e-02	7.77e-04
 1.52780e+22	2.62e-30	5.35e-17	7.21e-14	7.23e-12	3.22e-10	1.02e-08	1.22e-05	1.09e-03	2.08e-02	8.68e-02	2.42e-01	2.96e-01	1.56e-01	7.70e-02	1.06e-01	1.47e-02	6.69e-04
 1.54167e+22	3.34e-30	6.60e-17	8.70e-14	8.50e-12	3.68e-10	1.13e-08	1.33e-05	1.17e-03	2.21e-02	9.05e-02	2.47e-01	2.97e-01	1.53e-01	7.43e-02	1.00e-01	1.36e-02	6.04e-04
 1.55513e+22	4.70e-30	8.89e-17	1.13e-13	1.06e-11	4.40e-10	1.30e-08	1.48e-05	1.29e-03	2.40e-02	9.57e-02	2.54e-01	2.99e-01	1.50e-01	7.07e-02	9.27e-02	1.22e-02	5.22e-04
 1.56880e+22	6.00e-30	1.10e-16	1.37e-13	1.25e-11	5.05e-10	1.46e-08	1.62e-05	1.39e-03	2.55e-02	9.96e-02	2.59e-01	2.99e-01	1.47e-01	6.81e-02	8.77e-02	1.12e-02	4.70e-04
 1.58274e+22	8.35e-30	1.47e-16	1.77e-13	1.55e-11	6.03e-10	1.68e-08	1.80e-05	1.54e-03	2.76e-02	1.05e-01	2.66e-01	3.00e-01	1.44e-01	6.47e-02	8.12e-02	1.00e-02	4.06e-04
 1.59711e+22	1.09e-29	1.85e-16	2.17e-13	1.86e-11	6.99e-10	1.89e-08	1.98e-05	1.66e-03	2.94e-02	1.09e-01	2.71e-01	3.00e-01	1.41e-01	6.20e-02	7.62e-02	9.16e-03	3.61e-04
 1.61204e+22	1.52e-29	2.48e-16	2.82e-13	2.32e-11	8.39e-10	2.19e-08	2.21e-05	1.84e-03	3.18e-02	1.15e-01	2.78e-01	2.99e-01	1.37e-01	5.86e-02	7.02e-02	8.16e-03	3.10e-04
 1.62745e+22	2.01e-29	3.17e-16	3.51e-13	2.80e-11	9.81e-10	2.48e-08	2.44e-05	2.00e-03	3.39e-02	1.20e-01	2.83e-01	2.99e-01	1.33e-01	5.59e-02	6.55e-02	7.39e-03	2.73e-04
 1.64350e+22	2.84e-29	4.30e-16	4.60e-13	3.53e-11	1.19e-09	2.90e-08	2.75e-05	2.21e-03	3.68e-02	1.26e-01	2.89e-01	2.97e-01	1.29e-01	5.25e-02	6.00e-02	6.52e-03	2.32e-04
 1.65998e+22	3.80e-29	5.54e-16	5.77e-13	4.29e-11	1.40e-09	3.30e-08	3.04e-05	2.41e-03	3.93e-02	1.32e-01	2.94e-01	2.96e-01	1.25e-01	4.99e-02	5.57e-02	5.87e-03	2.03e-04
 1.67702e+22	5.43e-29	7.57e-16	7.62e-13	5.46e-11	1.71e-09	3.88e-08	3.44e-05	2.68e-03	4.26e-02	1.39e-01	2.99e-01	2.94e-01	1.20e-01	4.66e-02	5.07e-02	5.15e-03	1.71e-04
 1.69462e+22	7.35e-29	9.86e-16	9.65e-13	6.69e-11	2.02e-09	4.45e-08	3.82e-05	2.92e-03	4.56e-02	1.44e-01	3.04e-01	2.91e-01	1.16e-01	4.40e-02	4.67e-02	4.59e-03	1.48e-04
 1.71294e+22	1.07e-28	1.37e-15	1.29e-12	8.62e-11	2.50e-09	5.28e-08	4.36e-05	3.26e-03	4.95e-02	1.52e-01	3.09e-01	2.88e-01	1.11e-01	4.09e-02	4.22e-02	3.99e-03	1.24e-04
 1.73179e+22	1.46e-28	1.80e-15	1.65e-12	1.07e-10	2.98e-09	6.10e-08	4.87e-05	3.57e-03	5.30e-02	1.58e-01	3.13e-01	2.84e-01	1.07e-01	3.84e-02	3.87e-02	3.53e-03	1.06e-04
 1.74877e+22	1.97e-28	2.33e-15	2.09e-12	1.31e-10	3.54e-09	7.00e-08	5.42e-05	3.90e-03	5.66e-02	1.64e-01	3.17e-01	2.81e-01	1.03e-01	3.61e-02	3.55e-02	3.14e-03	9.13e-05
 1.76827e+22	2.95e-28	3.32e-15	2.86e-12	1.71e-10	4.43e-09	8.40e-08	6.22e-05	4.37e-03	6.15e-02	1.72e-01	3.21e-01	2.76e-01	9.79e-02	3.31e-02	3.16e-02	2.68e-03	7.45e-05
 1.78789e+22	3.96e-28	4.29e-15	3.60e-12	2.09e-10	5.25e-09	9.65e-08	6.92e-05	4.76e-03	6.55e-02	1.79e-01	3.23e-01	2.71e-01	9.39e-02	3.10e-02	2.90e-02	2.38e-03	6.40e-05
 1.80767e+22	5.87e-28	6.06e-15	4.91e-12	2.73e-10	6.55e-09	1.15e-07	7.94e-05	5.31e-03	7.11e-02	1.87e-01	3.26e-01	2.65e-01	8.87e-02	2.85e-02	2.58e-02	2.02e-03	5.22e-05
 1.82786e+22	8.05e-28	8.00e-15	6.29e-12	3.39e-10	7.84e-09	1.34e-07	8.87e-05	5.81e-03	7.58e-02	1.94e-01	3.28e-01	2.60e-01	8.46e-02	2.65e-02	2.34e-02	1.78e-03	4.42e-05
 1.84860e+22	1.20e-27	1.14e-14	8.62e-12	4.45e-10	9.84e-09	1.61e-07	1.02e-04	6.49e-03	8.21e-02	2.02e-01	3.30e-01	2.54e-01	7.96e-02	2.41e-02	2.07e-02	1.50e-03	3.58e-05
 1.86976e+22	1.67e-27	1.53e-14	1.12e-11	5.58e-10	1.19e-08	1.87e-07	1.14e-04	7.12e-03	8.76e-02	2.09e-01	3.31e-01	2.48e-01	7.54e-02	2.23e-02	1.86e-02	1.30e-03	2.99e-05
 1.88862e+22	2.31e-27	2.03e-14	1.45e-11	6.96e-10	1.43e-08	2.17e-07	1.28e-04	7.78e-03	9.33e-02	2.16e-01	3.31e-01	2.42e-01	7.15e-02	2.06e-02	1.68e-02	1.13e-03	2.50e-05
 1.91026e+22	3.53e-27	2.96e-14	2.03e-11	9.29e-10	1.81e-08	2.64e-07	1.48e-04	8.73e-03	1.01e-01	2.25e-01	3.31e-01	2.34e-01	6.66e-02	1.86e-02	1.46e-02	9.37e-04	1.98e-05
 1.93060e+22	4.61e-27	3.77e-14	2.51e-11	1.12e-09	2.12e-08	3.00e-07	1.63e-04	9.40e-03	1.06e-01	2.30e-01	3.31e-01	2.28e-01	6.34e-02	1.73e-02	1.33e-02	8.30e-04	1.70e-05
 1.94927e+22	6.67e-27	5.26e-14	3.38e-11	1.44e-09	2.61e-08	3.55e-07	1.85e-04	1.04e-02	1.14e-01	2.38e-01	3.29e-01	2.21e-01	5.94e-02	1.58e-02	1.18e-02	7.01e-04	1.37e-05
 1.96818e+22	8.78e-27	6.75e-14	4.22e-11	1.75e-09	3.07e-08	4.04e-07	2.04e-04	1.12e-02	1.20e-01	2.43e-01	3.28e-01	2.15e-01	5.64e-02	1.46e-02	1.07e-02	6.16e-04	1.17e-05
 1.98740e+22	1.27e-26	9.43e-14	5.68e-11	2.26e-09	3.79e-08	4.80e-07	2.31e-04	1.23e-02	1.28e-01	2.50e-01	3.26e-01	2.07e-01	5.26e-02	1.33e-02	9.40e-03	5.18e-04	9.41e-06
 2.00702e+22	1.70e-26	1.24e-13	7.24e-11	2.78e-09	4.51e-08	5.53e-07	2.56e-04	1.34e-02	1.35e-01	2.56e-01	3.24e-01	2.01e-01	4.96e-02	1.22e-02	8.45e-03	4.49e-04	7.87e-06
 2.02713e+22	2.50e-26	1.77e-13	9.94e-11	3.64e-09	5.65e-08	6.65e-07	2.93e-04	1.48e-02	1.44e-01	2.63e-01	3.20e-01	1.93e-01	4.58e-02	1.10e-02	7.33e-03	3.71e-04	6.20e-06
 2.04737e+22	3.34e-26	2.32e-13	1.26e-10	4.48e-09	6.71e-08	7.65e-07	3.26e-04	1.60e-02	1.52e-01	2.68e-01	3.17e-01	1.86e-01	4.31e-02	1.01e-02	6.57e-03	3.21e-04	5.17e-06
 2.06778e+22	4.89e-26	3.33e-13	1.74e-10	5.91e-09	8.45e-08	9.24e-07	3.74e-04	1.78e-02	1.62e-01	2.75e-01	3.12e-01	1.78e-01	3.96e-02	9.01e-03	5.67e-03	2.63e-04	4.04e-06
 2.08858e+22	6.61e-26	4.44e-13	2.25e-10	7.37e-09	1.02e-07	1.07e-06	4.18e-04	1.93e-02	1.71e-01	2.80e-01	3.08e-01	1.71e-01	3.70e-02	8.22e-03	5.03e-03	2.25e-04	3.31e-06
 2.10989e+22	9.77e-26	6.49e-13	3.16e-10	9.85e-09	1.29e-07	1.31e-06	4.84e-04	2.15e-02	1.83e-01	2.86e-01	3.01e-01	1.63e-01	3.38e-02	7.27e-03	4.28e-03	1.82e-04	2.54e-06
 2.13162e+22	1.33e-25	8.78e-13	4.13e-10	1.24e-08	1.57e-07	1.54e-06	5.44e-04	2.35e-02	1.92e-01	2.90e-01	2.96e-01	1.56e-01	3.13e-02	6.58e-03	3.76e-03	1.53e-04	2.05e-06
 2.15389e+22	1.98e-25	1.31e-12	5.88e-10	1.69e-08	2.04e-07	1.91e-06	6.36e-04	2.63e-02	2.06e-01	2.96e-01	2.88e-01	1.46e-01	2.82e-02	5.75e-03	3.16e-03	1.21e-04	1.54e-06
 2.17639e+22	2.69e-25	1.78e-12	7.75e-10	2.14e-08	2.49e-07	2.26e-06	7.20e-04	2.88e-02	2.16e-01	2.99e-01	2.82e-01	1.39e-01	2.60e-02	5.17e-03	2.75e-03	1.01e-04	1.23e-06
 2.19542e+22	3.54e-25	2.36e-12	9.99e-10	2.67e-08	3.01e-07	2.65e-06	8.09e-04	3.13e-02	2.27e-01	3.02e-01	2.75e-01	1.33e-01	2.40e-02	4.67e-03	2.41e-03	8.51e-05	9.93e-07
 2.21613e+22	4.99e-25	3.39e-12	1.38e-09	3.55e-08	3.83e-07	3.25e-06	9.39e-04	3.48e-02	2.40e-01	3.05e-01	2.66e-01	1.25e-01	2.17e-02	4.10e-03	2.04e-03	6.81e-05	7.54e-07
 2.23688e+22	6.52e-25	4.49e-12	1.78e-09	4.43e-08	4.63e-07	3.82e-06	1.06e-03	3.79e-02	2.51e-01	3.07e-01	2.59e-01	1.18e-01	1.99e-02	3.69e-03	1.78e-03	5.70e-05	6.05e-07
 2.25718e+22	8.89e-25	6.32e-12	2.41e-09	5.81e-08	5.85e-07	4.67e-06	1.22e-03	4.20e-02	2.65e-01	3.09e-01	2.50e-01	1.11e-01	1.79e-02	3.24e-03	1.50e-03	4.57e-05	4.61e-07
 2.27788e+22	1.16e-24	8.43e-12	3.13e-09	7.33e-08	7.15e-07	5.54e-06	1.39e-03	4.60e-02	2.77e-01	3.09e-01	2.42e-01	1.04e-01	1.63e-02	2.88e-03	1.29e-03	3.77e-05	3.64e-07
 2.29818e+22	1.52e-24	1.16e-11	4.19e-09	9.50e-08	8.97e-07	6.74e-06	1.60e-03	5.08e-02	2.91e-01	3.09e-01	2.32e-01	9.73e-02	1.47e-02	2.53e-03	1.09e-03	3.02e-05	2.78e-07
 2.31890e+22	1.95e-24	1.55e-11	5.46e-09	1.21e-07	1.11e-06	8.09e-06	1.83e-03	5.58e-02	3.03e-01	3.09e-01	2.23e-01	9.09e-02	1.32e-02	2.23e-03	9.30e-04	2.46e-05	2.15e-07
 2.33929e+22	2.49e-24	2.09e-11	7.17e-09	1.55e-07	1.37e-06	9.79e-06	2.11e-03	6.14e-02	3.17e-01	3.07e-01	2.13e-01	8.44e-02	1.18e-02	1.95e-03	7.85e-04	1.97e-05	1.65e-07
 2.35984e+22	3.14e-24	2.78e-11	9.31e-09	1.96e-07	1.70e-06	1.18e-05	2.41e-03	6.75e-02	3.30e-01	3.05e-01	2.04e-01	7.83e-02	1.06e-02	1.70e-03	6.63e-04	1.59e-05	1.26e-07
 2.38017e+22	3.92e-24	3.67e-11	1.20e-08	2.49e-07	2.10e-06	1.42e-05	2.77e-03	7.41e-02	3.43e-01	3.02e-01	1.94e-01	7.24e-02	9.45e-03	1.48e-03	5.58e-04	1.27e-05	0.00e+00
 2.40046e+22	4.84e-24	4.80e-11	1.55e-08	3.14e-07	2.58e-06	1.71e-05	3.16e-03	8.12e-02	3.56e-01	2.99e-01	1.84e-01	6.68e-02	8.41e-03	1.29e-03	4.68e-04	1.02e-05	0.00e+00
 2.42077e+22	5.92e-24	6.23e-11	1.97e-08	3.95e-07	3.17e-06	2.06e-05	3.62e-03	8.89e-02	3.68e-01	2.95e-01	1.74e-01	6.14e-02	7.45e-03	1.12e-03	3.92e-04	8.12e-06	0.00e+00
 2.44115e+22	7.18e-24	8.03e-11	2.51e-08	4.95e-07	3.89e-06	2.47e-05	4.13e-03	9.71e-02	3.80e-01	2.90e-01	1.64e-01	5.62e-02	6.59e-03	9.68e-04	3.27e-04	6.47e-06	0.00e+00
 2.46163e+22	8.65e-24	1.03e-10	3.17e-08	6.18e-07	4.75e-06	2.96e-05	4.72e-03	1.06e-01	3.92e-01	2.84e-01	1.55e-01	5.13e-02	5.81e-03	8.33e-04	2.72e-04	5.12e-06	0.00e+00
 2.48228e+22	1.04e-23	1.31e-10	3.99e-08	7.70e-07	5.81e-06	3.55e-05	5.38e-03	1.16e-01	4.03e-01	2.78e-01	1.45e-01	4.67e-02	5.10e-03	7.15e-04	2.26e-04	4.05e-06	0.00e+00
 2.50315e+22	1.24e-23	1.65e-10	5.00e-08	9.58e-07	7.08e-06	4.26e-05	6.13e-03	1.26e-01	4.13e-01	2.71e-01	1.36e-01	4.23e-02	4.46e-03	6.11e-04	1.86e-04	3.18e-06	0.00e+00
 2.52413e+22	1.47e-23	2.06e-10	6.22e-08	1.18e-06	8.59e-06	5.09e-05	6.96e-03	1.36e-01	4.23e-01	2.64e-01	1.27e-01	3.83e-02	3.90e-03	5.21e-04	1.53e-04	2.50e-06	0.00e+00
 2.54544e+22	1.75e-23	2.57e-10	7.74e-08	1.47e-06	1.05e-05	6.10e-05	7.92e-03	1.48e-01	4.32e-01	2.56e-01	1.18e-01	3.44e-02	3.38e-03	4.41e-04	1.25e-04	1.94e-06	0.00e+00
 2.56696e+22	2.44e-23	3.18e-10	9.54e-08	1.80e-06	1.26e-05	7.26e-05	8.96e-03	1.60e-01	4.39e-01	2.48e-01	1.09e-01	3.09e-02	2.93e-03	3.73e-04	1.03e-04	1.52e-06	0.00e+00
 2.58892e+22	2.91e-23	3.93e-10	1.18e-07	2.22e-06	1.53e-05	8.70e-05	1.02e-02	1.73e-01	4.46e-01	2.39e-01	1.01e-01	2.76e-02	2.52e-03	3.13e-04	8.32e-05	1.17e-06	0.00e+00
 2.61126e+22	3.45e-23	4.79e-10	1.44e-07	2.72e-06	1.85e-05	1.04e-04	1.15e-02	1.86e-01	4.52e-01	2.30e-01	9.27e-02	2.46e-02	2.17e-03	2.62e-04	6.75e-05	9.00e-07	0.00e+00
 2.63172e+22	4.00e-23	5.65e-10	1.71e-07	3.21e-06	2.16e-05	1.20e-04	1.27e-02	1.97e-01	4.56e-01	2.23e-01	8.64e-02	2.23e-02	1.91e-03	2.26e-04	5.65e-05	7.23e-07	0.00e+00
 2.65310e+22	4.79e-23	6.89e-10	2.10e-07	3.96e-06	2.61e-05	1.44e-04	1.44e-02	2.13e-01	4.60e-01	2.13e-01	7.87e-02	1.96e-02	1.62e-03	1.86e-04	4.49e-05	5.45e-07	0.00e+00
 2.67482e+22	5.59e-23	8.06e-10	2.47e-07	4.66e-06	3.04e-05	1.65e-04	1.59e-02	2.25e-01	4.62e-01	2.05e-01	7.29e-02	1.76e-02	1.42e-03	1.59e-04	3.74e-05	4.35e-07	0.00e+00
 2.69718e+22	6.79e-23	9.80e-10	3.03e-07	5.73e-06	3.68e-05	1.98e-04	1.80e-02	2.41e-01	4.64e-01	1.94e-01	6.59e-02	1.54e-02	1.19e-03	1.30e-04	2.94e-05	3.24e-07	0.00e+00
 2.71957e+22	7.92e-23	1.13e-09	3.53e-07	6.70e-06	4.26e-05	2.27e-04	1.98e-02	2.54e-01	4.64e-01	1.86e-01	6.09e-02	1.38e-02	1.04e-03	1.11e-04	2.45e-05	2.58e-07	0.00e+00
 2.74202e+22	9.60e-23	1.36e-09	4.29e-07	8.17e-06	5.12e-05	2.71e-04	2.23e-02	2.71e-01	4.63e-01	1.76e-01	5.48e-02	1.20e-02	8.67e-04	9.00e-05	1.92e-05	1.92e-07	0.00e+00
 2.76455e+22	1.12e-22	1.56e-09	4.97e-07	9.49e-06	5.87e-05	3.09e-04	2.43e-02	2.83e-01	4.61e-01	1.68e-01	5.05e-02	1.07e-02	7.57e-04	7.67e-05	1.60e-05	1.53e-07	0.00e+00
 2.78718e+22	1.37e-22	1.85e-09	5.99e-07	1.15e-05	7.01e-05	3.66e-04	2.72e-02	3.00e-01	4.58e-01	1.59e-01	4.53e-02	9.29e-03	6.32e-04	6.22e-05	1.25e-05	0.00e+00	0.00e+00
 2.81006e+22	1.60e-22	2.12e-09	6.92e-07	1.33e-05	8.02e-05	4.17e-04	2.96e-02	3.13e-01	4.55e-01	1.51e-01	4.16e-02	8.30e-03	5.49e-04	5.28e-05	1.04e-05	0.00e+00	0.00e+00
 2.83326e+22	1.95e-22	2.50e-09	8.30e-07	1.60e-05	9.53e-05	4.92e-04	3.30e-02	3.31e-01	4.49e-01	1.41e-01	3.71e-02	7.14e-03	4.56e-04	4.25e-05	8.07e-06	0.00e+00	0.00e+00
 2.85676e+22	2.30e-22	2.85e-09	9.58e-07	1.85e-05	1.09e-04	5.59e-04	3.59e-02	3.44e-01	4.44e-01	1.34e-01	3.40e-02	6.35e-03	3.95e-04	3.59e-05	6.64e-06	0.00e+00	0.00e+00
 2.88066e+22	2.81e-22	3.36e-09	1.15e-06	2.23e-05	1.29e-04	6.58e-04	3.99e-02	3.61e-01	4.37e-01	1.25e-01	3.02e-02	5.44e-03	3.26e-04	2.87e-05	5.14e-06	0.00e+00	0.00e+00
 2.90500e+22	3.33e-22	3.83e-09	1.32e-06	2.57e-05	1.47e-04	7.47e-04	4.32e-02	3.75e-01	4.31e-01	1.18e-01	2.74e-02	4.81e-03	2.80e-04	2.41e-05	4.20e-06	0.00e+00	0.00e+00
 2.92991e+22	4.10e-22	4.50e-09	1.59e-06	3.10e-05	1.74e-04	8.80e-04	4.80e-02	3.92e-01	4.21e-01	1.10e-01	2.42e-02	4.09e-03	2.29e-04	1.91e-05	3.22e-06	0.00e+00	0.00e+00
 2.95539e+22	4.90e-22	5.16e-09	1.84e-06	3.59e-05	1.99e-04	9.99e-04	5.19e-02	4.05e-01	4.13e-01	1.03e-01	2.19e-02	3.59e-03	1.96e-04	1.59e-05	2.61e-06	0.00e+00	0.00e+00
 2.98162e+22	6.08e-22	6.08e-09	2.21e-06	4.32e-05	2.35e-04	1.18e-03	5.76e-02	4.22e-01	4.02e-01	9.46e-02	1.91e-02	3.02e-03	1.58e-04	1.25e-05	1.98e-06	0.00e+00	0.00e+00
 3.00833e+22	7.31e-22	6.99e-09	2.57e-06	5.01e-05	2.68e-04	1.34e-03	6.22e-02	4.35e-01	3.92e-01	8.85e-02	1.72e-02	2.63e-03	1.34e-04	1.03e-05	1.59e-06	0.00e+00	0.00e+00
 3.03083e+22	8.59e-22	7.89e-09	2.93e-06	5.71e-05	3.01e-04	1.49e-03	6.66e-02	4.46e-01	3.84e-01	8.33e-02	1.56e-02	2.33e-03	1.16e-04	8.66e-06	1.31e-06	0.00e+00	0.00e+00
 3.05525e+22	1.05e-21	9.19e-09	3.46e-06	6.74e-05	3.49e-04	1.72e-03	7.27e-02	4.61e-01	3.72e-01	7.68e-02	1.38e-02	1.98e-03	9.51e-05	6.91e-06	1.01e-06	0.00e+00	0.00e+00
 3.07896e+22	1.23e-21	1.03e-08	3.91e-06	7.59e-05	3.88e-04	1.91e-03	7.72e-02	4.70e-01	3.63e-01	7.24e-02	1.26e-02	1.77e-03	8.28e-05	5.89e-06	8.43e-07	0.00e+00	0.00e+00
 3.10174e+22	1.47e-21	1.18e-08	4.55e-06	8.83e-05	4.43e-04	2.17e-03	8.35e-02	4.82e-01	3.52e-01	6.69e-02	1.11e-02	1.52e-03	6.88e-05	4.76e-06	6.62e-07	0.00e+00	0.00e+00
 3.12476e+22	1.73e-21	1.33e-08	5.16e-06	9.94e-05	4.91e-04	2.39e-03	8.84e-02	4.91e-01	3.43e-01	6.30e-02	1.02e-02	1.35e-03	5.99e-05	4.06e-06	5.52e-07	0.00e+00	0.00e+00
 3.14809e+22	2.09e-21	1.53e-08	6.02e-06	1.16e-04	5.60e-04	2.72e-03	9.53e-02	5.02e-01	3.31e-01	5.80e-02	8.98e-03	1.16e-03	4.96e-05	3.27e-06	4.32e-07	0.00e+00	0.00e+00
 3.17176e+22	2.48e-21	1.74e-08	6.84e-06	1.30e-04	6.21e-04	3.00e-03	1.01e-01	5.10e-01	3.22e-01	5.45e-02	8.17e-03	1.03e-03	4.29e-05	2.77e-06	3.58e-07	0.00e+00	0.00e+00
 3.19587e+22	3.02e-21	2.02e-08	8.02e-06	1.52e-04	7.08e-04	3.41e-03	1.09e-01	5.20e-01	3.09e-01	4.99e-02	7.18e-03	8.74e-04	3.53e-05	2.22e-06	2.78e-07	0.00e+00	0.00e+00
 3.22033e+22	3.60e-21	2.30e-08	9.15e-06	1.72e-04	7.85e-04	3.75e-03	1.15e-01	5.27e-01	3.00e-01	4.67e-02	6.50e-03	7.72e-04	3.04e-05	1.87e-06	2.29e-07	0.00e+00	0.00e+00
 3.24523e+22	4.42e-21	2.69e-08	1.08e-05	2.01e-04	8.95e-04	4.26e-03	1.23e-01	5.36e-01	2.87e-01	4.26e-02	5.68e-03	6.53e-04	2.49e-05	1.49e-06	1.77e-07	0.00e+00	0.00e+00
 3.27058e+22	5.34e-21	3.09e-08	1.24e-05	2.27e-04	9.93e-04	4.69e-03	1.30e-01	5.42e-01	2.77e-01	3.97e-02	5.13e-03	5.74e-04	2.13e-05	1.25e-06	1.45e-07	0.00e+00	0.00e+00
 3.29650e+22	6.63e-21	3.64e-08	1.46e-05	2.66e-04	1.13e-03	5.33e-03	1.40e-01	5.49e-01	2.64e-01	3.60e-02	4.45e-03	4.82e-04	1.73e-05	9.82e-07	0.00e+00	0.00e+00	0.00e+00
 3.32298e+22	8.11e-21	4.22e-08	1.69e-05	3.03e-04	1.26e-03	5.87e-03	1.47e-01	5.54e-01	2.54e-01	3.34e-02	3.99e-03	4.21e-04	1.47e-05	8.17e-07	0.00e+00	0.00e+00	0.00e+00
 3.35019e+22	1.02e-20	5.03e-08	2.02e-05	3.57e-04	1.44e-03	6.69e-03	1.58e-01	5.59e-01	2.40e-01	3.01e-02	3.44e-03	3.50e-04	1.18e-05	6.36e-07	0.00e+00	0.00e+00	0.00e+00
 3.37809e+22	1.26e-20	5.89e-08	2.35e-05	4.09e-04	1.61e-03	7.39e-03	1.66e-01	5.63e-01	2.30e-01	2.77e-02	3.06e-03	3.03e-04	9.91e-06	5.22e-07	0.00e+00	0.00e+00	0.00e+00
 3.40690e+22	1.64e-20	7.17e-08	2.84e-05	4.85e-04	1.85e-03	8.41e-03	1.78e-01	5.67e-01	2.17e-01	2.48e-02	2.62e-03	2.50e-04	7.88e-06	4.03e-07	0.00e+00	0.00e+00	0.00e+00
 3.43603e+22	2.05e-20	8.46e-08	3.32e-05	5.56e-04	2.06e-03	9.28e-03	1.88e-01	5.68e-01	2.07e-01	2.27e-02	2.32e-03	2.15e-04	6.59e-06	3.29e-07	0.00e+00	0.00e+00	0.00e+00
 3.46557e+22	2.68e-20	1.04e-07	4.03e-05	6.61e-04	2.36e-03	1.06e-02	2.00e-01	5.70e-01	1.94e-01	2.02e-02	1.97e-03	1.76e-04	5.20e-06	2.52e-07	0.00e+00	0.00e+00	0.00e+00
 3.49545e+22	3.40e-20	1.24e-07	4.73e-05	7.59e-04	2.63e-03	1.16e-02	2.10e-01	5.70e-01	1.84e-01	1.85e-02	1.74e-03	1.51e-04	4.34e-06	2.05e-07	0.00e+00	0.00e+00	0.00e+00
 3.52578e+22	4.51e-20	1.53e-07	5.79e-05	9.05e-04	3.01e-03	1.32e-02	2.24e-01	5.69e-01	1.72e-01	1.64e-02	1.47e-03	1.23e-04	3.40e-06	1.56e-07	0.00e+00	0.00e+00	0.00e+00
 3.55659e+22	5.79e-20	1.84e-07	6.83e-05	1.04e-03	3.36e-03	1.45e-02	2.35e-01	5.67e-01	1.63e-01	1.49e-02	1.29e-03	1.05e-04	2.81e-06	1.26e-07	0.00e+00	0.00e+00	0.00e+00
 3.58382e+22	7.32e-20	2.20e-07	8.02e-05	1.20e-03	3.73e-03	1.60e-02	2.46e-01	5.65e-01	1.54e-01	1.35e-02	1.13e-03	8.95e-05	2.32e-06	0.00e+00	0.00e+00	0.00e+00	0.00e+00
 3.61502e+22	9.99e-20	2.77e-07	9.88e-05	1.43e-03	4.27e-03	1.80e-02	2.60e-01	5.60e-01	1.43e-01	1.19e-02	9.56e-04	7.27e-05	1.82e-06	0.00e+00	0.00e+00	0.00e+00	0.00e+00
 3.64678e+22	1.28e-19	3.34e-07	1.17e-04	1.65e-03	4.75e-03	1.99e-02	2.72e-01	5.56e-01	1.34e-01	1.07e-02	8.30e-04	6.12e-05	1.48e-06	0.00e+00	0.00e+00	0.00e+00	0.00e+00
 3.67248e+22	1.61e-19	3.94e-07	1.35e-04	1.86e-03	5.20e-03	2.15e-02	2.82e-01	5.51e-01	1.27e-01	9.83e-03	7.37e-04	5.30e-05	1.25e-06	0.00e+00	0.00e+00	0.00e+00	0.00e+00
 3.69911e+22	2.10e-19	4.81e-07	1.61e-04	2.15e-03	5.79e-03	2.36e-02	2.94e-01	5.45e-01	1.19e-01	8.86e-03	6.41e-04	4.47e-05	1.02e-06	0.00e+00	0.00e+00	0.00e+00	0.00e+00
 3.72712e+22	2.67e-19	5.74e-07	1.87e-04	2.44e-03	6.36e-03	2.56e-02	3.05e-01	5.39e-01	1.12e-01	8.05e-03	5.65e-04	3.83e-05	8.52e-07	0.00e+00	0.00e+00	0.00e+00	0.00e+00
 3.75284e+22	3.38e-19	6.83e-07	2.18e-04	2.76e-03	6.97e-03	2.77e-02	3.16e-01	5.33e-01	1.06e-01	7.32e-03	4.98e-04	3.29e-05	7.12e-07	0.00e+00	0.00e+00	0.00e+00	0.00e+00
 3.78221e+22	4.58e-19	8.55e-07	2.64e-04	3.23e-03	7.82e-03	3.06e-02	3.29e-01	5.24e-01	9.80e-02	6.49e-03	4.25e-04	2.71e-05	5.67e-07	0.00e+00	0.00e+00	0.00e+00	0.00e+00
 3.81232e+22	5.94e-19	1.03e-06	3.12e-04	3.70e-03	8.63e-03	3.33e-02	3.41e-01	5.15e-01	9.13e-02	5.82e-03	3.68e-04	2.28e-05	4.63e-07	0.00e+00	0.00e+00	0.00e+00	0.00e+00
 3.83877e+22	7.63e-19	1.24e-06	3.63e-04	4.20e-03	9.44e-03	3.60e-02	3.52e-01	5.07e-01	8.57e-02	5.28e-03	3.24e-04	1.95e-05	3.86e-07	0.00e+00	0.00e+00	0.00e+00	0.00e+00
 3.86849e+22	1.04e-18	1.56e-06	4.41e-04	4.90e-03	1.06e-02	3.95e-02	3.65e-01	4.96e-01	7.90e-02	4.66e-03	2.75e-04	1.61e-05	3.07e-07	0.00e+00	0.00e+00	0.00e+00	0.00e+00
 3.89955e+22	1.38e-18	1.91e-06	5.23e-04	5.63e-03	1.16e-02	4.30e-02	3.76e-01	4.85e-01	7.32e-02	4.15e-03	2.37e-04	1.34e-05	2.48e-07	0.00e+00	0.00e+00	0.00e+00	0.00e+00
 3.92759e+22	1.80e-18	2.32e-06	6.14e-04	6.41e-03	1.28e-02	4.63e-02	3.87e-01	4.75e-01	6.81e-02	3.73e-03	2.06e-04	1.13e-05	2.04e-07	0.00e+00	0.00e+00	0.00e+00	0.00e+00
 3.95928e+22	2.54e-18	2.96e-06	7.53e-04	7.53e-03	1.43e-02	5.08e-02	4.00e-01	4.61e-01	6.22e-02	3.26e-03	1.73e-04	9.18e-06	1.59e-07	0.00e+00	0.00e+00	0.00e+00	0.00e+00
 3.99198e+22	3.42e-18	3.66e-06	8.98e-04	8.67e-03	1.58e-02	5.52e-02	4.11e-01	4.48e-01	5.70e-02	2.88e-03	1.47e-04	7.58e-06	1.27e-07	0.00e+00	0.00e+00	0.00e+00	0.00e+00
 4.02109e+22	4.55e-18	4.48e-06	1.06e-03	9.88e-03	1.73e-02	5.94e-02	4.21e-01	4.36e-01	5.27e-02	2.56e-03	1.27e-04	6.36e-06	0.00e+00	0.00e+00	0.00e+00	0.00e+00	0.00e+00
 4.05405e+22	6.52e-18	5.78e-06	1.31e-03	1.16e-02	1.93e-02	6.50e-02	4.33e-01	4.20e-01	4.76e-02	2.22e-03	1.05e-04	5.09e-06	0.00e+00	0.00e+00	0.00e+00	0.00e+00	0.00e+00
 4.08831e+22	9.01e-18	7.23e-06	1.57e-03	1.34e-02	2.13e-02	7.04e-02	4.43e-01	4.05e-01	4.33e-02	1.94e-03	8.89e-05	4.15e-06	0.00e+00	0.00e+00	0.00e+00	0.00e+00	0.00e+00
 4.11917e+22	1.22e-17	8.94e-06	1.86e-03	1.54e-02	2.33e-02	7.57e-02	4.51e-01	3.91e-01	3.96e-02	1.71e-03	7.57e-05	3.43e-06	0.00e+00	0.00e+00	0.00e+00	0.00e+00	0.00e+00
 4.15421e+22	1.81e-17	1.17e-05	2.32e-03	1.82e-02	2.61e-02	8.28e-02	4.61e-01	3.72e-01	3.52e-02	1.45e-03	6.15e-05	2.68e-06	0.00e+00	0.00e+00	0.00e+00	0.00e+00	0.00e+00
 4.19012e+22	2.53e-17	1.47e-05	2.79e-03	2.09e-02	2.87e-02	8.91e-02	4.69e-01	3.57e-01	3.18e-02	1.26e-03	5.15e-05	2.17e-06	0.00e+00	0.00e+00	0.00e+00	0.00e+00	0.00e+00
 4.22234e+22	3.51e-17	1.84e-05	3.33e-03	2.40e-02	3.14e-02	9.55e-02	4.75e-01	3.41e-01	2.87e-02	1.10e-03	4.33e-05	1.77e-06	0.00e+00	0.00e+00	0.00e+00	0.00e+00	0.00e+00
 4.25936e+22	5.38e-17	2.44e-05	4.18e-03	2.85e-02	3.51e-02	1.04e-01	4.82e-01	3.20e-01	2.51e-02	9.16e-04	3.44e-05	1.35e-06	0.00e+00	0.00e+00	0.00e+00	0.00e+00	0.00e+00
 4.29668e+22	7.57e-17	3.06e-05	4.99e-03	3.26e-02	3.83e-02	1.11e-01	4.86e-01	3.04e-01	2.24e-02	7.89e-04	2.85e-05	1.08e-06	0.00e+00	0.00e+00	0.00e+00	0.00e+00	0.00e+00
 4.33438e+22	1.17e-16	4.07e-05	6.25e-03	3.86e-02	4.26e-02	1.21e-01	4.88e-01	2.84e-01	1.94e-02	6.54e-04	2.26e-05	8.25e-07	0.00e+00	0.00e+00	0.00e+00	0.00e+00	0.00e+00
 4.37270e+22	1.69e-16	5.13e-05	7.49e-03	4.42e-02	4.64e-02	1.28e-01	4.89e-01	2.67e-01	1.72e-02	5.58e-04	1.85e-05	6.55e-07	0.00e+00	0.00e+00	0.00e+00	0.00e+00	0.00e+00
 4.41182e+22	2.67e-16	6.86e-05	9.40e-03	5.22e-02	5.14e-02	1.38e-01	4.88e-01	2.45e-01	1.46e-02	4.55e-04	1.43e-05	4.87e-07	0.00e+00	0.00e+00	0.00e+00	0.00e+00	0.00e+00
 4.45131e+22	2.82e-16	8.63e-05	1.12e-02	5.95e-02	5.57e-02	1.46e-01	4.85e-01	2.29e-01	1.28e-02	3.85e-04	1.17e-05	3.83e-07	0.00e+00	0.00e+00	0.00e+00	0.00e+00	0.00e+00
 4.49129e+22	4.53e-16	1.16e-04	1.41e-02	7.00e-02	6.13e-02	1.56e-01	4.79e-01	2.08e-01	1.08e-02	3.10e-04	8.89e-06	2.81e-07	0.00e+00	0.00e+00	0.00e+00	0.00e+00	0.00e+00
 4.53165e+22	6.59e-16	1.45e-04	1.67e-02	7.93e-02	6.60e-02	1.64e-01	4.72e-01	1.92e-01	9.33e-03	2.60e-04	7.16e-06	2.19e-07	0.00e+00	0.00e+00	0.00e+00	0.00e+00	0.00e+00
 4.57252e+22	1.08e-15	1.93e-04	2.08e-02	9.26e-02	7.20e-02	1.74e-01	4.61e-01	1.72e-01	7.72e-03	2.06e-04	5.38e-06	1.58e-07	0.00e+00	0.00e+00	0.00e+00	0.00e+00	0.00e+00
 4.61394e+22	1.60e-15	2.43e-04	2.47e-02	1.04e-01	7.69e-02	1.81e-01	4.50e-01	1.57e-01	6.59e-03	1.71e-04	4.26e-06	0.00e+00	0.00e+00	0.00e+00	0.00e+00	0.00e+00	0.00e+00
 4.64973e+22	2.35e-15	2.99e-04	2.89e-02	1.16e-01	8.16e-02	1.87e-01	4.37e-01	1.43e-01	5.66e-03	1.43e-04	3.41e-06	0.00e+00	0.00e+00	0.00e+00	0.00e+00	0.00e+00	0.00e+00
 4.68989e+22	3.92e-15	3.92e-04	3.52e-02	1.33e-01	8.74e-02	1.94e-01	4.19e-01	1.26e-01	4.61e-03	1.12e-04	2.53e-06	0.00e+00	0.00e+00	0.00e+00	0.00e+00	0.00e+00	0.00e+00
 4.72918e+22	5.76e-15	4.74e-04	4.06e-02	1.46e-01	9.16e-02	1.99e-01	4.04e-01	1.14e-01	3.96e-03	9.35e-05	2.03e-06	0.00e+00	0.00e+00	0.00e+00	0.00e+00	0.00e+00	0.00e+00
 4.76210e+22	8.51e-15	5.71e-04	4.64e-02	1.59e-01	9.55e-02	2.02e-01	3.89e-01	1.03e-01	3.39e-03	7.81e-05	1.63e-06	0.00e+00	0.00e+00	0.00e+00	0.00e+00	0.00e+00	0.00e+00
 4.79966e+22	1.46e-14	7.23e-04	5.50e-02	1.78e-01	1.00e-01	2.06e-01	3.67e-01	8.99e-02	2.74e-03	6.12e-05	1.21e-06	0.00e+00	0.00e+00	0.00e+00	0.00e+00	0.00e+00	0.00e+00
 4.83682e+22	2.17e-14	8.59e-04	6.22e-02	1.92e-01	1.04e-01	2.08e-01	3.50e-01	8.08e-02	2.34e-03	5.10e-05	9.68e-07	0.00e+00	0.00e+00	0.00e+00	0.00e+00	0.00e+00	0.00e+00
 4.87345e+22	3.75e-14	1.06e-03	7.22e-02	2.10e-01	1.07e-01	2.09e-01	3.28e-01	7.01e-02	1.90e-03	4.03e-05	7.26e-07	0.00e+00	0.00e+00	0.00e+00	0.00e+00	0.00e+00	0.00e+00
 4.91135e+22	7.09e-14	1.27e-03	8.19e-02	2.27e-01	1.10e-01	2.09e-01	3.08e-01	6.16e-02	1.57e-03	3.25e-05	5.60e-07	0.00e+00	0.00e+00	0.00e+00	0.00e+00	0.00e+00	0.00e+00
 4.94531e+22	1.25e-13	1.50e-03	9.19e-02	2.42e-01	1.12e-01	2.08e-01	2.89e-01	5.42e-02	1.31e-03	2.65e-05	4.37e-07	0.00e+00	0.00e+00	0.00e+00	0.00e+00	0.00e+00	0.00e+00
 4.98388e+22	3.16e-13	1.85e-03	1.06e-01	2.62e-01	1.15e-01	2.05e-01	2.64e-01	4.57e-02	1.03e-03	2.03e-05	3.16e-07	0.00e+00	0.00e+00	0.00e+00	0.00e+00	0.00e+00	0.00e+00
 5.02307e+22	1.41e-12	2.18e-03	1.18e-01	2.78e-01	1.16e-01	2.02e-01	2.44e-01	3.94e-02	8.36e-04	1.61e-05	2.40e-07	0.00e+00	0.00e+00	0.00e+00	0.00e+00	0.00e+00	0.00e+00
 5.06307e+22	5.15e-12	2.66e-03	1.35e-01	2.97e-01	1.17e-01	1.96e-01	2.20e-01	3.27e-02	6.47e-04	1.22e-05	1.71e-07	0.00e+00	0.00e+00	0.00e+00	0.00e+00	0.00e+00	0.00e+00
 5.10026e+22	3.29e-11	3.04e-03	1.47e-01	3.09e-01	1.17e-01	1.92e-01	2.03e-01	2.85e-02	5.38e-04	9.94e-06	1.34e-07	0.00e+00	0.00e+00	0.00e+00	0.00e+00	0.00e+00	0.00e+00
 5.12914e+22	9.57e-11	3.45e-03	1.59e-01	3.21e-01	1.17e-01	1.87e-01	1.88e-01	2.49e-02	4.48e-04	8.14e-06	0.00e+00	0.00e+00	0.00e+00	0.00e+00	0.00e+00	0.00e+00	0.00e+00
 5.16202e+22	8.99e-10	4.00e-03	1.74e-01	3.34e-01	1.16e-01	1.80e-01	1.70e-01	2.11e-02	3.58e-04	6.38e-06	0.00e+00	0.00e+00	0.00e+00	0.00e+00	0.00e+00	0.00e+00	0.00e+00
 5.19589e+22	3.39e-09	4.52e-03	1.88e-01	3.44e-01	1.15e-01	1.74e-01	1.56e-01	1.82e-02	2.96e-04	5.18e-06	0.00e+00	0.00e+00	0.00e+00	0.00e+00	0.00e+00	0.00e+00	0.00e+00
 5.22645e+22	1.26e-08	5.10e-03	2.02e-01	3.53e-01	1.13e-01	1.68e-01	1.43e-01	1.57e-02	2.43e-04	4.18e-06	0.00e+00	0.00e+00	0.00e+00	0.00e+00	0.00e+00	0.00e+00	0.00e+00
 5.25698e+22	4.27e-08	5.72e-03	2.16e-01	3.62e-01	1.12e-01	1.61e-01	1.30e-01	1.35e-02	1.99e-04	3.37e-06	0.00e+00	0.00e+00	0.00e+00	0.00e+00	0.00e+00	0.00e+00	0.00e+00
 5.29206e+22	1.07e-07	6.60e-03	2.35e-01	3.71e-01	1.09e-01	1.52e-01	1.15e-01	1.11e-02	1.54e-04	2.56e-06	0.00e+00	0.00e+00	0.00e+00	0.00e+00	0.00e+00	0.00e+00	0.00e+00
 5.32739e+22	1.53e-07	7.40e-03	2.51e-01	3.77e-01	1.07e-01	1.45e-01	1.03e-01	9.36e-03	1.24e-04	2.03e-06	0.00e+00	0.00e+00	0.00e+00	0.00e+00	0.00e+00	0.00e+00	0.00e+00
 5.35804e+22	1.98e-07	8.23e-03	2.66e-01	3.82e-01	1.04e-01	1.38e-01	9.33e-02	7.95e-03	1.01e-04	1.63e-06	0.00e+00	0.00e+00	0.00e+00	0.00e+00	0.00e+00	0.00e+00	0.00e+00
 5.39286e+22	2.49e-07	9.38e-03	2.86e-01	3.87e-01	1.01e-01	1.29e-01	8.16e-02	6.45e-03	7.75e-05	1.22e-06	0.00e+00	0.00e+00	0.00e+00	0.00e+00	0.00e+00	0.00e+00	0.00e+00
 5.42830e+22	3.16e-07	1.04e-02	3.02e-01	3.90e-01	9.79e-02	1.21e-01	7.29e-02	5.41e-03	6.21e-05	9.63e-07	0.00e+00	0.00e+00	0.00e+00	0.00e+00	0.00e+00	0.00e+00	0.00e+00
 5.46453e+22	3.92e-07	1.18e-02	3.23e-01	3.92e-01	9.40e-02	1.12e-01	6.30e-02	4.33e-03	4.69e-05	7.13e-07	0.00e+00	0.00e+00	0.00e+00	0.00e+00	0.00e+00	0.00e+00	0.00e+00
 5.50116e+22	4.76e-07	1.31e-02	3.40e-01	3.93e-01	9.06e-02	1.05e-01	5.57e-02	3.58e-03	3.71e-05	5.54e-07	0.00e+00	0.00e+00	0.00e+00	0.00e+00	0.00e+00	0.00e+00	0.00e+00
 5.53329e+22	5.84e-07	1.44e-02	3.56e-01	3.92e-01	8.73e-02	9.78e-02	4.93e-02	2.98e-03	2.95e-05	4.34e-07	0.00e+00	0.00e+00	0.00e+00	0.00e+00	0.00e+00	0.00e+00	0.00e+00
 5.57004e+22	7.08e-07	1.63e-02	3.77e-01	3.90e-01	8.30e-02	8.94e-02	4.22e-02	2.35e-03	2.21e-05	3.17e-07	0.00e+00	0.00e+00	0.00e+00	0.00e+00	0.00e+00	0.00e+00	0.00e+00
 5.60765e+22	8.67e-07	1.79e-02	3.94e-01	3.87e-01	7.94e-02	8.27e-02	3.69e-02	1.92e-03	1.72e-05	2.43e-07	0.00e+00	0.00e+00	0.00e+00	0.00e+00	0.00e+00	0.00e+00	0.00e+00
 5.64637e+22	1.07e-06	2.01e-02	4.15e-01	3.82e-01	7.50e-02	7.49e-02	3.12e-02	1.49e-03	1.27e-05	1.75e-07	0.00e+00	0.00e+00	0.00e+00	0.00e+00	0.00e+00	0.00e+00	0.00e+00
 5.68592e+22	1.25e-06	2.23e-02	4.34e-01	3.77e-01	7.11e-02	6.83e-02	2.68e-02	1.19e-03	9.69e-06	1.31e-07	0.00e+00	0.00e+00	0.00e+00	0.00e+00	0.00e+00	0.00e+00	0.00e+00
 5.72059e+22	1.50e-06	2.44e-02	4.50e-01	3.71e-01	6.76e-02	6.27e-02	2.33e-02	9.68e-04	7.53e-06	0.00e+00	0.00e+00	0.00e+00	0.00e+00	0.00e+00	0.00e+00	0.00e+00	0.00e+00
 5.75967e+22	1.79e-06	2.73e-02	4.71e-01	3.62e-01	6.32e-02	5.59e-02	1.94e-02	7.38e-04	5.45e-06	0.00e+00	0.00e+00	0.00e+00	0.00e+00	0.00e+00	0.00e+00	0.00e+00	0.00e+00
 5.79981e+22	2.11e-06	2.98e-02	4.88e-01	3.55e-01	5.97e-02	5.08e-02	1.67e-02	5.91e-04	4.18e-06	0.00e+00	0.00e+00	0.00e+00	0.00e+00	0.00e+00	0.00e+00	0.00e+00	0.00e+00
 5.84130e+22	2.58e-06	3.34e-02	5.09e-01	3.44e-01	5.53e-02	4.48e-02	1.37e-02	4.42e-04	2.97e-06	0.00e+00	0.00e+00	0.00e+00	0.00e+00	0.00e+00	0.00e+00	0.00e+00	0.00e+00
 5.88357e+22	3.11e-06	3.65e-02	5.25e-01	3.34e-01	5.19e-02	4.03e-02	1.16e-02	3.48e-04	2.24e-06	0.00e+00	0.00e+00	0.00e+00	0.00e+00	0.00e+00	0.00e+00	0.00e+00	0.00e+00
 5.91572e+22	3.43e-06	3.89e-02	5.37e-01	3.27e-01	4.95e-02	3.72e-02	1.03e-02	2.92e-04	1.82e-06	0.00e+00	0.00e+00	0.00e+00	0.00e+00	0.00e+00	0.00e+00	0.00e+00	0.00e+00
 5.94639e+22	3.95e-06	4.21e-02	5.51e-01	3.17e-01	4.67e-02	3.37e-02	8.90e-03	2.35e-04	1.42e-06	0.00e+00	0.00e+00	0.00e+00	0.00e+00	0.00e+00	0.00e+00	0.00e+00	0.00e+00
 5.97771e+22	4.43e-06	4.48e-02	5.62e-01	3.09e-01	4.44e-02	3.10e-02	7.86e-03	1.96e-04	1.15e-06	0.00e+00	0.00e+00	0.00e+00	0.00e+00	0.00e+00	0.00e+00	0.00e+00	0.00e+00
 6.00989e+22	5.13e-06	4.84e-02	5.76e-01	2.99e-01	4.17e-02	2.79e-02	6.72e-03	1.56e-04	8.83e-07	0.00e+00	0.00e+00	0.00e+00	0.00e+00	0.00e+00	0.00e+00	0.00e+00	0.00e+00
 6.04237e+22	5.79e-06	5.16e-02	5.87e-01	2.90e-01	3.95e-02	2.55e-02	5.90e-03	1.29e-04	7.11e-07	0.00e+00	0.00e+00	0.00e+00	0.00e+00	0.00e+00	0.00e+00	0.00e+00	0.00e+00
 6.07523e+22	6.71e-06	5.57e-02	6.00e-01	2.79e-01	3.69e-02	2.28e-02	5.02e-03	1.02e-04	5.43e-07	0.00e+00	0.00e+00	0.00e+00	0.00e+00	0.00e+00	0.00e+00	0.00e+00	0.00e+00
 6.10840e+22	7.56e-06	5.93e-02	6.10e-01	2.70e-01	3.49e-02	2.07e-02	4.39e-03	8.41e-05	4.35e-07	0.00e+00	0.00e+00	0.00e+00	0.00e+00	0.00e+00	0.00e+00	0.00e+00	0.00e+00
 6.14197e+22	8.73e-06	6.39e-02	6.23e-01	2.59e-01	3.25e-02	1.84e-02	3.71e-03	6.59e-05	3.30e-07	0.00e+00	0.00e+00	0.00e+00	0.00e+00	0.00e+00	0.00e+00	0.00e+00	0.00e+00
 6.17600e+22	9.81e-06	6.80e-02	6.32e-01	2.49e-01	3.06e-02	1.67e-02	3.23e-03	5.40e-05	2.63e-07	0.00e+00	0.00e+00	0.00e+00	0.00e+00	0.00e+00	0.00e+00	0.00e+00	0.00e+00
 6.21061e+22	1.13e-05	7.33e-02	6.43e-01	2.38e-01	2.84e-02	1.47e-02	2.71e-03	4.20e-05	1.98e-07	0.00e+00	0.00e+00	0.00e+00	0.00e+00	0.00e+00	0.00e+00	0.00e+00	0.00e+00
 6.24578e+22	1.27e-05	7.79e-02	6.52e-01	2.28e-01	2.67e-02	1.33e-02	2.35e-03	3.41e-05	1.57e-07	0.00e+00	0.00e+00	0.00e+00	0.00e+00	0.00e+00	0.00e+00	0.00e+00	0.00e+00
 6.28167e+22	1.47e-05	8.40e-02	6.62e-01	2.16e-01	2.46e-02	1.16e-02	1.96e-03	2.62e-05	0.00e+00	0.00e+00	0.00e+00	0.00e+00	0.00e+00	0.00e+00	0.00e+00	0.00e+00	0.00e+00
 6.31821e+22	1.66e-05	8.93e-02	6.69e-01	2.06e-01	2.30e-02	1.04e-02	1.68e-03	2.11e-05	0.00e+00	0.00e+00	0.00e+00	0.00e+00	0.00e+00	0.00e+00	0.00e+00	0.00e+00	0.00e+00
 6.35557e+22	1.92e-05	9.63e-02	6.78e-01	1.94e-01	2.11e-02	9.01e-03	1.39e-03	1.61e-05	0.00e+00	0.00e+00	0.00e+00	0.00e+00	0.00e+00	0.00e+00	0.00e+00	0.00e+00	0.00e+00
 6.39375e+22	2.17e-05	1.02e-01	6.84e-01	1.84e-01	1.96e-02	8.00e-03	1.19e-03	1.28e-05	0.00e+00	0.00e+00	0.00e+00	0.00e+00	0.00e+00	0.00e+00	0.00e+00	0.00e+00	0.00e+00
 6.43301e+22	2.52e-05	1.11e-01	6.92e-01	1.72e-01	1.79e-02	6.86e-03	9.69e-04	9.62e-06	0.00e+00	0.00e+00	0.00e+00	0.00e+00	0.00e+00	0.00e+00	0.00e+00	0.00e+00	0.00e+00
 6.47290e+22	2.85e-05	1.17e-01	6.97e-01	1.62e-01	1.66e-02	6.06e-03	8.23e-04	7.62e-06	0.00e+00	0.00e+00	0.00e+00	0.00e+00	0.00e+00	0.00e+00	0.00e+00	0.00e+00	0.00e+00
 6.51361e+22	3.32e-05	1.27e-01	7.02e-01	1.51e-01	1.51e-02	5.15e-03	6.67e-04	5.66e-06	0.00e+00	0.00e+00	0.00e+00	0.00e+00	0.00e+00	0.00e+00	0.00e+00	0.00e+00	0.00e+00
 6.55490e+22	3.76e-05	1.34e-01	7.05e-01	1.42e-01	1.39e-02	4.52e-03	5.63e-04	4.45e-06	0.00e+00	0.00e+00	0.00e+00	0.00e+00	0.00e+00	0.00e+00	0.00e+00	0.00e+00	0.00e+00
 6.59694e+22	4.36e-05	1.45e-01	7.08e-01	1.30e-01	1.26e-02	3.83e-03	4.55e-04	3.30e-06	0.00e+00	0.00e+00	0.00e+00	0.00e+00	0.00e+00	0.00e+00	0.00e+00	0.00e+00	0.00e+00
 6.64003e+22	4.96e-05	1.54e-01	7.09e-01	1.21e-01	1.15e-02	3.32e-03	3.80e-04	2.56e-06	0.00e+00	0.00e+00	0.00e+00	0.00e+00	0.00e+00	0.00e+00	0.00e+00	0.00e+00	0.00e+00
 6.68449e+22	5.77e-05	1.65e-01	7.10e-01	1.11e-01	1.03e-02	2.78e-03	3.03e-04	1.87e-06	0.00e+00	0.00e+00	0.00e+00	0.00e+00	0.00e+00	0.00e+00	0.00e+00	0.00e+00	0.00e+00
 6.72970e+22	6.59e-05	1.76e-01	7.10e-01	1.02e-01	9.37e-03	2.39e-03	2.51e-04	1.43e-06	0.00e+00	0.00e+00	0.00e+00	0.00e+00	0.00e+00	0.00e+00	0.00e+00	0.00e+00	0.00e+00
 6.77589e+22	7.72e-05	1.90e-01	7.08e-01	9.22e-02	8.30e-03	1.97e-03	1.97e-04	1.02e-06	0.00e+00	0.00e+00	0.00e+00	0.00e+00	0.00e+00	0.00e+00	0.00e+00	0.00e+00	0.00e+00
 6.82248e+22	8.74e-05	2.01e-01	7.05e-01	8.49e-02	7.55e-03	1.69e-03	1.64e-04	7.90e-07	0.00e+00	0.00e+00	0.00e+00	0.00e+00	0.00e+00	0.00e+00	0.00e+00	0.00e+00	0.00e+00
 6.86960e+22	1.02e-04	2.16e-01	7.00e-01	7.58e-02	6.65e-03	1.39e-03	1.28e-04	5.62e-07	0.00e+00	0.00e+00	0.00e+00	0.00e+00	0.00e+00	0.00e+00	0.00e+00	0.00e+00	0.00e+00
 6.91804e+22	1.16e-04	2.29e-01	6.95e-01	6.91e-02	5.99e-03	1.18e-03	1.05e-04	4.28e-07	0.00e+00	0.00e+00	0.00e+00	0.00e+00	0.00e+00	0.00e+00	0.00e+00	0.00e+00	0.00e+00
 6.96821e+22	1.37e-04	2.47e-01	6.86e-01	6.06e-02	5.20e-03	9.51e-04	8.07e-05	2.97e-07	0.00e+00	0.00e+00	0.00e+00	0.00e+00	0.00e+00	0.00e+00	0.00e+00	0.00e+00	0.00e+00
 7.01957e+22	1.56e-04	2.61e-01	6.79e-01	5.48e-02	4.66e-03	8.05e-04	6.59e-05	2.25e-07	0.00e+00	0.00e+00	0.00e+00	0.00e+00	0.00e+00	0.00e+00	0.00e+00	0.00e+00	0.00e+00
 7.07248e+22	1.84e-04	2.81e-01	6.67e-01	4.73e-02	3.99e-03	6.38e-04	4.99e-05	1.53e-07	0.00e+00	0.00e+00	0.00e+00	0.00e+00	0.00e+00	0.00e+00	0.00e+00	0.00e+00	0.00e+00
 7.12718e+22	2.11e-04	2.98e-01	6.56e-01	4.19e-02	3.52e-03	5.29e-04	3.99e-05	0.00e+00	0.00e+00	0.00e+00	0.00e+00	0.00e+00	0.00e+00	0.00e+00	0.00e+00	0.00e+00	0.00e+00
 7.18423e+22	2.52e-04	3.21e-01	6.40e-01	3.54e-02	2.96e-03	4.11e-04	2.96e-05	0.00e+00	0.00e+00	0.00e+00	0.00e+00	0.00e+00	0.00e+00	0.00e+00	0.00e+00	0.00e+00	0.00e+00
 7.24372e+22	2.92e-04	3.41e-01	6.25e-01	3.07e-02	2.55e-03	3.33e-04	2.31e-05	0.00e+00	0.00e+00	0.00e+00	0.00e+00	0.00e+00	0.00e+00	0.00e+00	0.00e+00	0.00e+00	0.00e+00
 7.30545e+22	3.51e-04	3.68e-01	6.04e-01	2.52e-02	2.10e-03	2.52e-04	1.67e-05	0.00e+00	0.00e+00	0.00e+00	0.00e+00	0.00e+00	0.00e+00	0.00e+00	0.00e+00	0.00e+00	0.00e+00
 7.35902e+22	3.89e-04	3.83e-01	5.92e-01	2.26e-02	1.88e-03	2.17e-04	1.41e-05	0.00e+00	0.00e+00	0.00e+00	0.00e+00	0.00e+00	0.00e+00	0.00e+00	0.00e+00	0.00e+00	0.00e+00
 7.40293e+22	4.42e-04	4.03e-01	5.75e-01	1.94e-02	1.63e-03	1.77e-04	1.12e-05	0.00e+00	0.00e+00	0.00e+00	0.00e+00	0.00e+00	0.00e+00	0.00e+00	0.00e+00	0.00e+00	0.00e+00
 7.44940e+22	4.98e-04	4.22e-01	5.59e-01	1.69e-02	1.42e-03	1.47e-04	9.06e-06	0.00e+00	0.00e+00	0.00e+00	0.00e+00	0.00e+00	0.00e+00	0.00e+00	0.00e+00	0.00e+00	0.00e+00
 7.49919e+22	5.76e-04	4.46e-01	5.38e-01	1.40e-02	1.18e-03	1.15e-04	6.91e-06	0.00e+00	0.00e+00	0.00e+00	0.00e+00	0.00e+00	0.00e+00	0.00e+00	0.00e+00	0.00e+00	0.00e+00
 7.54995e+22	6.50e-04	4.67e-01	5.20e-01	1.19e-02	1.01e-03	9.38e-05	5.51e-06	0.00e+00	0.00e+00	0.00e+00	0.00e+00	0.00e+00	0.00e+00	0.00e+00	0.00e+00	0.00e+00	0.00e+00
 7.60197e+22	7.57e-04	4.94e-01	4.94e-01	9.59e-03	8.16e-04	7.11e-05	4.09e-06	0.00e+00	0.00e+00	0.00e+00	0.00e+00	0.00e+00	0.00e+00	0.00e+00	0.00e+00	0.00e+00	0.00e+00
 7.65581e+22	8.61e-04	5.18e-01	4.72e-01	7.87e-03	6.72e-04	5.56e-05	3.15e-06	0.00e+00	0.00e+00	0.00e+00	0.00e+00	0.00e+00	0.00e+00	0.00e+00	0.00e+00	0.00e+00	0.00e+00
 7.69859e+22	9.51e-04	5.38e-01	4.54e-01	6.68e-03	5.73e-04	4.54e-05	2.55e-06	0.00e+00	0.00e+00	0.00e+00	0.00e+00	0.00e+00	0.00e+00	0.00e+00	0.00e+00	0.00e+00	0.00e+00
 7.73519e+22	1.04e-03	5.57e-01	4.36e-01	5.66e-03	4.86e-04	3.70e-05	2.07e-06	0.00e+00	0.00e+00	0.00e+00	0.00e+00	0.00e+00	0.00e+00	0.00e+00	0.00e+00	0.00e+00	0.00e+00
 7.77718e+22	1.18e-03	5.83e-01	4.11e-01	4.52e-03	3.88e-04	2.81e-05	1.57e-06	0.00e+00	0.00e+00	0.00e+00	0.00e+00	0.00e+00	0.00e+00	0.00e+00	0.00e+00	0.00e+00	0.00e+00
 7.82100e+22	1.30e-03	6.06e-01	3.89e-01	3.64e-03	3.11e-04	2.15e-05	1.21e-06	0.00e+00	0.00e+00	0.00e+00	0.00e+00	0.00e+00	0.00e+00	0.00e+00	0.00e+00	0.00e+00	0.00e+00
 7.85977e+22	1.43e-03	6.28e-01	3.67e-01	2.92e-03	2.49e-04	1.65e-05	9.31e-07	0.00e+00	0.00e+00	0.00e+00	0.00e+00	0.00e+00	0.00e+00	0.00e+00	0.00e+00	0.00e+00	0.00e+00
 7.89613e+22	1.55e-03	6.51e-01	3.45e-01	2.33e-03	1.97e-04	1.25e-05	7.16e-07	0.00e+00	0.00e+00	0.00e+00	0.00e+00	0.00e+00	0.00e+00	0.00e+00	0.00e+00	0.00e+00	0.00e+00
 7.93013e+22	1.66e-03	6.72e-01	3.24e-01	1.86e-03	1.55e-04	9.53e-06	5.52e-07	0.00e+00	0.00e+00	0.00e+00	0.00e+00	0.00e+00	0.00e+00	0.00e+00	0.00e+00	0.00e+00	0.00e+00
 7.96160e+22	1.76e-03	6.93e-01	3.04e-01	1.48e-03	1.21e-04	7.20e-06	4.25e-07	0.00e+00	0.00e+00	0.00e+00	0.00e+00	0.00e+00	0.00e+00	0.00e+00	0.00e+00	0.00e+00	0.00e+00
 7.99051e+22	1.84e-03	7.12e-01	2.85e-01	1.18e-03	9.47e-05	5.45e-06	3.29e-07	0.00e+00	0.00e+00	0.00e+00	0.00e+00	0.00e+00	0.00e+00	0.00e+00	0.00e+00	0.00e+00	0.00e+00
 8.01664e+22	1.90e-03	7.30e-01	2.67e-01	9.42e-04	7.43e-05	4.16e-06	2.58e-07	0.00e+00	0.00e+00	0.00e+00	0.00e+00	0.00e+00	0.00e+00	0.00e+00	0.00e+00	0.00e+00	0.00e+00
 8.04030e+22	1.93e-03	7.47e-01	2.50e-01	7.61e-04	5.87e-05	3.21e-06	2.04e-07	0.00e+00	0.00e+00	0.00e+00	0.00e+00	0.00e+00	0.00e+00	0.00e+00	0.00e+00	0.00e+00	0.00e+00
 8.06184e+22	1.95e-03	7.63e-01	2.35e-01	6.21e-04	4.68e-05	2.50e-06	1.64e-07	0.00e+00	0.00e+00	0.00e+00	0.00e+00	0.00e+00	0.00e+00	0.00e+00	0.00e+00	0.00e+00	0.00e+00
 8.07538e+22	1.93e-03	7.71e-01	2.27e-01	5.54e-04	4.13e-05	2.18e-06	1.45e-07	0.00e+00	0.00e+00	0.00e+00	0.00e+00	0.00e+00	0.00e+00	0.00e+00	0.00e+00	0.00e+00	0.00e+00
