#depth	O	O+	O+2	O+3	O+4	O+5	O+6	O+7	O+8	O[1]	O[2]	O[3]
 1.54284e+22	1.01e-07	4.56e-04	6.60e-02	4.71e-01	3.16e-01	1.15e-01	3.11e-02	4.07e-04	1.34e-06	1.01e-07	4.04e-16	4.87e-16
 3.58006e+22	3.31e-07	1.01e-03	1.06e-01	5.37e-01	2.66e-01	7.44e-02	1.53e-02	1.41e-04	3.27e-07	3.31e-07	1.51e-15	1.82e-15
 4.32162e+22	5.78e-07	1.47e-03	1.31e-01	5.59e-01	2.39e-01	5.88e-02	1.06e-02	8.16e-05	1.60e-07	5.78e-07	2.85e-15	3.42e-15
 4.76656e+22	8.93e-07	1.95e-03	1.54e-01	5.71e-01	2.17e-01	4.83e-02	7.83e-03	5.24e-05	0.00e+00	8.93e-07	4.65e-15	5.59e-15
 5.04293e+22	1.06e-06	2.17e-03	1.64e-01	5.74e-01	2.09e-01	4.44e-02	6.91e-03	4.36e-05	0.00e+00	1.06e-06	5.63e-15	6.76e-15
 5.22376e+22	1.31e-06	2.50e-03	1.76e-01	5.77e-01	1.98e-01	4.00e-02	5.90e-03	3.47e-05	0.00e+00	1.31e-06	7.20e-15	8.63e-15
 5.40708e+22	1.56e-06	2.80e-03	1.88e-01	5.79e-01	1.89e-01	3.66e-02	5.17e-03	2.86e-05	0.00e+00	1.56e-06	8.77e-15	1.05e-14
 5.56912e+22	1.85e-06	3.12e-03	1.98e-01	5.80e-01	1.81e-01	3.35e-02	4.55e-03	2.38e-05	0.00e+00	1.85e-06	1.06e-14	1.27e-14
 5.75521e+22	2.29e-06	3.59e-03	2.13e-01	5.79e-01	1.70e-01	2.99e-02	3.85e-03	1.87e-05	0.00e+00	2.29e-06	1.36e-14	1.63e-14
 5.94315e+22	2.72e-06	4.01e-03	2.26e-01	5.78e-01	1.62e-01	2.72e-02	3.36e-03	1.53e-05	0.00e+00	2.72e-06	1.65e-14	1.98e-14
 6.13351e+22	3.38e-06	4.61e-03	2.42e-01	5.75e-01	1.52e-01	2.41e-02	2.83e-03	1.20e-05	0.00e+00	3.38e-06	2.12e-14	2.53e-14
 6.32545e+22	4.03e-06	5.17e-03	2.56e-01	5.72e-01	1.43e-01	2.18e-02	2.44e-03	9.69e-06	0.00e+00	4.03e-06	2.60e-14	3.10e-14
 6.49278e+22	4.77e-06	5.75e-03	2.69e-01	5.68e-01	1.35e-01	1.97e-02	2.12e-03	7.92e-06	0.00e+00	4.77e-06	3.15e-14	3.76e-14
 6.68367e+22	5.91e-06	6.60e-03	2.87e-01	5.61e-01	1.26e-01	1.73e-02	1.77e-03	6.10e-06	0.00e+00	5.91e-06	4.04e-14	4.81e-14
 6.87726e+22	6.97e-06	7.33e-03	3.02e-01	5.55e-01	1.19e-01	1.56e-02	1.53e-03	4.94e-06	0.00e+00	6.97e-06	4.90e-14	5.83e-14
 7.07435e+22	8.62e-06	8.40e-03	3.21e-01	5.46e-01	1.10e-01	1.36e-02	1.27e-03	3.78e-06	0.00e+00	8.62e-06	6.28e-14	7.47e-14
 7.27463e+22	1.03e-05	9.38e-03	3.38e-01	5.37e-01	1.02e-01	1.21e-02	1.08e-03	3.00e-06	0.00e+00	1.03e-05	7.69e-14	9.14e-14
 7.45204e+22	1.21e-05	1.04e-02	3.54e-01	5.28e-01	9.56e-02	1.08e-02	9.21e-04	2.40e-06	0.00e+00	1.21e-05	9.37e-14	1.11e-13
 7.65565e+22	1.50e-05	1.19e-02	3.75e-01	5.15e-01	8.76e-02	9.34e-03	7.53e-04	1.81e-06	0.00e+00	1.50e-05	1.20e-13	1.43e-13
 7.86359e+22	1.78e-05	1.33e-02	3.94e-01	5.03e-01	8.11e-02	8.23e-03	6.34e-04	1.41e-06	0.00e+00	1.78e-05	1.48e-13	1.75e-13
 8.07715e+22	2.21e-05	1.52e-02	4.16e-01	4.87e-01	7.35e-02	7.01e-03	5.11e-04	1.04e-06	0.00e+00	2.21e-05	1.92e-13	2.27e-13
 8.23511e+22	2.36e-05	1.58e-02	4.25e-01	4.82e-01	7.08e-02	6.62e-03	4.72e-04	9.33e-07	0.00e+00	2.36e-05	2.08e-13	2.46e-13
 8.32081e+22	2.58e-05	1.67e-02	4.34e-01	4.75e-01	6.79e-02	6.19e-03	4.32e-04	8.21e-07	0.00e+00	2.58e-05	2.31e-13	2.73e-13
 8.43220e+22	2.88e-05	1.79e-02	4.46e-01	4.65e-01	6.43e-02	5.67e-03	3.85e-04	6.98e-07	0.00e+00	2.88e-05	2.64e-13	3.12e-13
 8.57702e+22	3.31e-05	1.96e-02	4.61e-01	4.53e-01	6.00e-02	5.08e-03	3.32e-04	5.68e-07	0.00e+00	3.31e-05	3.13e-13	3.69e-13
 8.76529e+22	4.01e-05	2.21e-02	4.83e-01	4.36e-01	5.43e-02	4.34e-03	2.70e-04	4.23e-07	0.00e+00	4.01e-05	3.94e-13	4.64e-13
 8.96600e+22	4.67e-05	2.42e-02	5.01e-01	4.21e-01	4.99e-02	3.80e-03	2.26e-04	3.31e-07	0.00e+00	4.67e-05	4.77e-13	5.60e-13
 9.18289e+22	5.77e-05	2.76e-02	5.24e-01	4.00e-01	4.42e-02	3.16e-03	1.78e-04	2.36e-07	0.00e+00	5.77e-05	6.18e-13	7.24e-13
 9.37621e+22	6.46e-05	2.96e-02	5.39e-01	3.88e-01	4.10e-02	2.83e-03	1.53e-04	1.92e-07	0.00e+00	6.46e-05	7.12e-13	8.33e-13
 9.53887e+22	7.51e-05	3.24e-02	5.56e-01	3.72e-01	3.75e-02	2.46e-03	1.28e-04	1.50e-07	0.00e+00	7.51e-05	8.60e-13	1.00e-12
 9.70853e+22	8.49e-05	3.49e-02	5.70e-01	3.58e-01	3.45e-02	2.18e-03	1.10e-04	0.00e+00	0.00e+00	8.49e-05	1.00e-12	1.17e-12
 9.88727e+22	9.90e-05	3.84e-02	5.87e-01	3.41e-01	3.12e-02	1.87e-03	9.01e-05	0.00e+00	0.00e+00	9.90e-05	1.22e-12	1.42e-12
 1.00700e+23	1.12e-04	4.14e-02	6.02e-01	3.26e-01	2.85e-02	1.64e-03	7.58e-05	0.00e+00	0.00e+00	1.12e-04	1.44e-12	1.66e-12
 1.02334e+23	1.28e-04	4.47e-02	6.16e-01	3.12e-01	2.60e-02	1.43e-03	6.39e-05	0.00e+00	0.00e+00	1.28e-04	1.69e-12	1.95e-12
 1.04210e+23	1.50e-04	4.93e-02	6.33e-01	2.93e-01	2.31e-02	1.21e-03	5.13e-05	0.00e+00	0.00e+00	1.50e-04	2.09e-12	2.39e-12
 1.06095e+23	1.69e-04	5.29e-02	6.46e-01	2.79e-01	2.10e-02	1.05e-03	4.30e-05	0.00e+00	0.00e+00	1.69e-04	2.44e-12	2.78e-12
 1.07990e+23	1.99e-04	5.83e-02	6.62e-01	2.60e-01	1.85e-02	8.78e-04	3.42e-05	0.00e+00	0.00e+00	1.99e-04	3.02e-12	3.41e-12
 1.09906e+23	2.24e-04	6.24e-02	6.74e-01	2.46e-01	1.67e-02	7.58e-04	2.84e-05	0.00e+00	0.00e+00	2.24e-04	3.54e-12	3.97e-12
 1.11849e+23	2.62e-04	6.86e-02	6.88e-01	2.28e-01	1.46e-02	6.28e-04	2.24e-05	0.00e+00	0.00e+00	2.62e-04	4.37e-12	4.87e-12
 1.13840e+23	2.96e-04	7.37e-02	6.99e-01	2.13e-01	1.30e-02	5.35e-04	1.83e-05	0.00e+00	0.00e+00	2.96e-04	5.17e-12	5.72e-12
 1.15893e+23	3.50e-04	8.14e-02	7.11e-01	1.95e-01	1.13e-02	4.34e-04	1.41e-05	0.00e+00	0.00e+00	3.50e-04	6.49e-12	7.10e-12
 1.17959e+23	3.95e-04	8.71e-02	7.21e-01	1.81e-01	9.96e-03	3.67e-04	1.15e-05	0.00e+00	0.00e+00	3.95e-04	7.67e-12	8.30e-12
 1.20043e+23	4.66e-04	9.61e-02	7.30e-01	1.65e-01	8.53e-03	2.95e-04	8.78e-06	0.00e+00	0.00e+00	4.66e-04	9.64e-12	1.03e-11
 1.22173e+23	5.27e-04	1.03e-01	7.37e-01	1.51e-01	7.47e-03	2.46e-04	7.01e-06	0.00e+00	0.00e+00	5.27e-04	1.15e-11	1.21e-11
 1.24364e+23	6.24e-04	1.14e-01	7.44e-01	1.35e-01	6.32e-03	1.95e-04	5.27e-06	0.00e+00	0.00e+00	6.24e-04	1.46e-11	1.51e-11
 1.26581e+23	7.11e-04	1.23e-01	7.48e-01	1.23e-01	5.45e-03	1.59e-04	4.13e-06	0.00e+00	0.00e+00	7.11e-04	1.75e-11	1.79e-11
 1.28834e+23	8.51e-04	1.36e-01	7.50e-01	1.08e-01	4.53e-03	1.23e-04	3.03e-06	0.00e+00	0.00e+00	8.51e-04	2.25e-11	2.26e-11
 1.31065e+23	9.66e-04	1.47e-01	7.51e-01	9.72e-02	3.90e-03	1.00e-04	2.38e-06	0.00e+00	0.00e+00	9.66e-04	2.70e-11	2.66e-11
 1.33267e+23	1.15e-03	1.63e-01	7.48e-01	8.45e-02	3.23e-03	7.68e-05	1.74e-06	0.00e+00	0.00e+00	1.15e-03	3.47e-11	3.35e-11
 1.35471e+23	1.32e-03	1.75e-01	7.45e-01	7.52e-02	2.76e-03	6.20e-05	1.35e-06	0.00e+00	0.00e+00	1.32e-03	4.19e-11	3.97e-11
 1.37676e+23	1.58e-03	1.95e-01	7.37e-01	6.42e-02	2.26e-03	4.66e-05	9.74e-07	0.00e+00	0.00e+00	1.58e-03	5.46e-11	5.03e-11
 1.39871e+23	1.82e-03	2.11e-01	7.29e-01	5.63e-02	1.92e-03	3.70e-05	7.50e-07	0.00e+00	0.00e+00	1.82e-03	6.64e-11	5.99e-11
 1.42053e+23	2.20e-03	2.35e-01	7.14e-01	4.73e-02	1.57e-03	2.73e-05	5.35e-07	0.00e+00	0.00e+00	2.20e-03	8.70e-11	7.63e-11
 1.44226e+23	2.54e-03	2.55e-01	7.00e-01	4.07e-02	1.32e-03	2.13e-05	4.08e-07	0.00e+00	0.00e+00	2.54e-03	1.07e-10	9.16e-11
 1.46386e+23	3.10e-03	2.85e-01	6.77e-01	3.35e-02	1.07e-03	1.54e-05	2.88e-07	0.00e+00	0.00e+00	3.10e-03	1.41e-10	1.17e-10
 1.48540e+23	3.62e-03	3.10e-01	6.57e-01	2.82e-02	8.98e-04	1.17e-05	2.16e-07	0.00e+00	0.00e+00	3.62e-03	1.74e-10	1.42e-10
 1.50685e+23	4.44e-03	3.46e-01	6.26e-01	2.25e-02	7.22e-04	8.19e-06	1.50e-07	0.00e+00	0.00e+00	4.44e-03	2.31e-10	1.83e-10
 1.52832e+23	5.25e-03	3.77e-01	5.98e-01	1.85e-02	6.00e-04	6.04e-06	0.00e+00	0.00e+00	0.00e+00	5.25e-03	2.89e-10	2.25e-10
 1.54981e+23	6.50e-03	4.20e-01	5.59e-01	1.42e-02	4.77e-04	4.06e-06	0.00e+00	0.00e+00	0.00e+00	6.50e-03	3.85e-10	2.93e-10
 1.57142e+23	7.80e-03	4.58e-01	5.22e-01	1.12e-02	3.91e-04	2.85e-06	0.00e+00	0.00e+00	0.00e+00	7.80e-03	4.89e-10	3.64e-10
 1.59013e+23	9.33e-03	4.97e-01	4.84e-01	8.81e-03	3.22e-04	1.99e-06	0.00e+00	0.00e+00	0.00e+00	9.33e-03	6.16e-10	4.51e-10
 1.61137e+23	1.17e-02	5.47e-01	4.35e-01	6.39e-03	2.52e-04	1.25e-06	0.00e+00	0.00e+00	0.00e+00	1.17e-02	8.21e-10	5.91e-10
 1.63301e+23	1.44e-02	5.93e-01	3.88e-01	4.65e-03	2.00e-04	7.98e-07	0.00e+00	0.00e+00	0.00e+00	1.44e-02	1.06e-09	7.56e-10
 1.64952e+23	1.69e-02	6.28e-01	3.52e-01	3.61e-03	1.67e-04	5.60e-07	0.00e+00	0.00e+00	0.00e+00	1.69e-02	1.29e-09	9.09e-10
 1.66532e+23	2.03e-02	6.67e-01	3.10e-01	2.65e-03	1.35e-04	3.64e-07	0.00e+00	0.00e+00	0.00e+00	2.03e-02	1.63e-09	1.13e-09
 1.68236e+23	2.47e-02	7.05e-01	2.68e-01	1.89e-03	1.07e-04	2.29e-07	0.00e+00	0.00e+00	0.00e+00	2.47e-02	2.06e-09	1.42e-09
 1.69799e+23	2.98e-02	7.39e-01	2.29e-01	1.35e-03	8.49e-05	1.44e-07	0.00e+00	0.00e+00	0.00e+00	2.98e-02	2.58e-09	1.77e-09
 1.71273e+23	3.61e-02	7.70e-01	1.93e-01	9.49e-04	6.66e-05	0.00e+00	0.00e+00	0.00e+00	0.00e+00	3.61e-02	3.23e-09	2.20e-09
 1.72677e+23	4.40e-02	7.95e-01	1.60e-01	6.56e-04	5.14e-05	0.00e+00	0.00e+00	0.00e+00	0.00e+00	4.40e-02	4.06e-09	2.75e-09
 1.73993e+23	5.33e-02	8.16e-01	1.31e-01	4.51e-04	3.94e-05	0.00e+00	0.00e+00	0.00e+00	0.00e+00	5.33e-02	5.07e-09	3.42e-09
 1.75217e+23	6.50e-02	8.30e-01	1.05e-01	3.07e-04	2.96e-05	0.00e+00	0.00e+00	0.00e+00	0.00e+00	6.50e-02	6.34e-09	4.26e-09
 1.76350e+23	7.89e-02	8.38e-01	8.29e-02	2.10e-04	2.21e-05	0.00e+00	0.00e+00	0.00e+00	0.00e+00	7.89e-02	7.85e-09	5.26e-09
 1.77395e+23	9.58e-02	8.39e-01	6.47e-02	1.44e-04	1.61e-05	0.00e+00	0.00e+00	0.00e+00	0.00e+00	9.58e-02	9.70e-09	6.48e-09
 1.78345e+23	1.16e-01	8.34e-01	5.01e-02	9.99e-05	1.17e-05	0.00e+00	0.00e+00	0.00e+00	0.00e+00	1.16e-01	1.18e-08	7.89e-09
 1.79182e+23	1.38e-01	8.23e-01	3.90e-02	7.14e-05	8.56e-06	0.00e+00	0.00e+00	0.00e+00	0.00e+00	1.38e-01	1.42e-08	9.44e-09
 1.79932e+23	1.63e-01	8.06e-01	3.03e-02	5.20e-05	6.23e-06	0.00e+00	0.00e+00	0.00e+00	0.00e+00	1.63e-01	1.68e-08	1.11e-08
 1.80613e+23	1.91e-01	7.85e-01	2.35e-02	3.87e-05	4.53e-06	0.00e+00	0.00e+00	0.00e+00	0.00e+00	1.91e-01	1.96e-08	1.30e-08
 1.81232e+23	2.22e-01	7.60e-01	1.84e-02	2.94e-05	3.30e-06	0.00e+00	0.00e+00	0.00e+00	0.00e+00	2.22e-01	2.25e-08	1.49e-08
 1.81801e+23	2.54e-01	7.32e-01	1.44e-02	2.28e-05	2.42e-06	0.00e+00	0.00e+00	0.00e+00	0.00e+00	2.54e-01	2.55e-08	1.68e-08
 1.82335e+23	2.89e-01	7.00e-01	1.12e-02	1.79e-05	1.76e-06	0.00e+00	0.00e+00	0.00e+00	0.00e+00	2.89e-01	2.84e-08	1.87e-08
 1.82838e+23	3.26e-01	6.65e-01	8.76e-03	1.41e-05	1.28e-06	0.00e+00	0.00e+00	0.00e+00	0.00e+00	3.26e-01	3.13e-08	2.06e-08
 1.83308e+23	3.64e-01	6.29e-01	6.87e-03	1.14e-05	9.41e-07	0.00e+00	0.00e+00	0.00e+00	0.00e+00	3.64e-01	3.39e-08	2.23e-08
 1.83729e+23	4.01e-01	5.94e-01	5.49e-03	9.34e-06	7.07e-07	0.00e+00	0.00e+00	0.00e+00	0.00e+00	4.01e-01	3.62e-08	2.37e-08
 1.84086e+23	4.33e-01	5.63e-01	4.51e-03	7.92e-06	5.52e-07	0.00e+00	0.00e+00	0.00e+00	0.00e+00	4.33e-01	3.79e-08	2.48e-08
 1.84397e+23	4.61e-01	5.35e-01	3.79e-03	6.88e-06	4.44e-07	0.00e+00	0.00e+00	0.00e+00	0.00e+00	4.61e-01	3.92e-08	2.57e-08
 1.84662e+23	4.85e-01	5.11e-01	3.27e-03	6.11e-06	3.69e-07	0.00e+00	0.00e+00	0.00e+00	0.00e+00	4.85e-01	4.02e-08	2.63e-08
 1.84897e+23	5.07e-01	4.90e-01	2.87e-03	5.51e-06	3.12e-07	0.00e+00	0.00e+00	0.00e+00	0.00e+00	5.07e-01	4.09e-08	2.68e-08
 1.85145e+23	5.29e-01	4.68e-01	2.48e-03	4.94e-06	2.62e-07	0.00e+00	0.00e+00	0.00e+00	0.00e+00	5.29e-01	4.16e-08	2.72e-08
 1.85419e+23	5.54e-01	4.44e-01	2.13e-03	4.39e-06	2.16e-07	0.00e+00	0.00e+00	0.00e+00	0.00e+00	5.54e-01	4.22e-08	2.76e-08
 1.85693e+23	5.77e-01	4.21e-01	1.82e-03	3.92e-06	1.79e-07	0.00e+00	0.00e+00	0.00e+00	0.00e+00	5.77e-01	4.26e-08	2.78e-08
 1.85946e+23	5.97e-01	4.01e-01	1.58e-03	3.55e-06	1.51e-07	0.00e+00	0.00e+00	0.00e+00	0.00e+00	5.97e-01	4.28e-08	2.79e-08
 1.86141e+23	6.12e-01	3.87e-01	1.43e-03	3.30e-06	1.34e-07	0.00e+00	0.00e+00	0.00e+00	0.00e+00	6.12e-01	4.29e-08	2.80e-08
 1.86280e+23	6.22e-01	3.76e-01	1.33e-03	3.13e-06	0.00e+00	0.00e+00	0.00e+00	0.00e+00	0.00e+00	6.22e-01	4.29e-08	2.80e-08
 1.86418e+23	6.33e-01	3.66e-01	1.23e-03	2.97e-06	0.00e+00	0.00e+00	0.00e+00	0.00e+00	0.00e+00	6.33e-01	4.29e-08	2.80e-08
 1.86578e+23	6.43e-01	3.56e-01	1.13e-03	2.81e-06	0.00e+00	0.00e+00	0.00e+00	0.00e+00	0.00e+00	6.43e-01	4.30e-08	2.80e-08
 1.86759e+23	6.56e-01	3.43e-01	1.03e-03	2.63e-06	0.00e+00	0.00e+00	0.00e+00	0.00e+00	0.00e+00	6.56e-01	4.29e-08	2.79e-08
 1.86943e+23	6.68e-01	3.31e-01	9.31e-04	2.47e-06	0.00e+00	0.00e+00	0.00e+00	0.00e+00	0.00e+00	6.68e-01	4.28e-08	2.78e-08
 1.87116e+23	6.79e-01	3.20e-01	8.52e-04	2.33e-06	0.00e+00	0.00e+00	0.00e+00	0.00e+00	0.00e+00	6.79e-01	4.27e-08	2.77e-08
 1.87288e+23	6.89e-01	3.10e-01	7.80e-04	2.20e-06	0.00e+00	0.00e+00	0.00e+00	0.00e+00	0.00e+00	6.89e-01	4.25e-08	2.76e-08
 1.87471e+23	7.00e-01	2.99e-01	7.11e-04	2.08e-06	0.00e+00	0.00e+00	0.00e+00	0.00e+00	0.00e+00	7.00e-01	4.23e-08	2.75e-08
 1.87664e+23	7.11e-01	2.89e-01	6.45e-04	1.95e-06	0.00e+00	0.00e+00	0.00e+00	0.00e+00	0.00e+00	7.11e-01	4.21e-08	2.74e-08
 1.87859e+23	7.21e-01	2.78e-01	5.86e-04	1.84e-06	0.00e+00	0.00e+00	0.00e+00	0.00e+00	0.00e+00	7.21e-01	4.19e-08	2.72e-08
 1.88053e+23	7.31e-01	2.69e-01	5.34e-04	1.74e-06	0.00e+00	0.00e+00	0.00e+00	0.00e+00	0.00e+00	7.31e-01	4.16e-08	2.70e-08
 1.88254e+23	7.41e-01	2.59e-01	4.85e-04	1.64e-06	0.00e+00	0.00e+00	0.00e+00	0.00e+00	0.00e+00	7.41e-01	4.13e-08	2.68e-08
 1.88465e+23	7.50e-01	2.49e-01	4.39e-04	1.54e-06	0.00e+00	0.00e+00	0.00e+00	0.00e+00	0.00e+00	7.50e-01	4.10e-08	2.66e-08
 1.88681e+23	7.59e-01	2.40e-01	3.98e-04	1.45e-06	0.00e+00	0.00e+00	0.00e+00	0.00e+00	0.00e+00	7.59e-01	4.07e-08	2.64e-08
 1.88902e+23	7.69e-01	2.31e-01	3.60e-04	1.37e-06	0.00e+00	0.00e+00	0.00e+00	0.00e+00	0.00e+00	7.69e-01	4.04e-08	2.61e-08
 1.89128e+23	7.77e-01	2.22e-01	3.26e-04	1.29e-06	0.00e+00	0.00e+00	0.00e+00	0.00e+00	0.00e+00	7.77e-01	4.00e-08	2.59e-08
 1.89361e+23	7.86e-01	2.14e-01	2.95e-04	1.22e-06	0.00e+00	0.00e+00	0.00e+00	0.00e+00	0.00e+00	7.86e-01	3.97e-08	2.57e-08
 1.89603e+23	7.94e-01	2.06e-01	2.67e-04	1.15e-06	0.00e+00	0.00e+00	0.00e+00	0.00e+00	0.00e+00	7.94e-01	3.93e-08	2.54e-08
 1.89853e+23	8.02e-01	1.98e-01	2.41e-04	1.08e-06	0.00e+00	0.00e+00	0.00e+00	0.00e+00	0.00e+00	8.02e-01	3.90e-08	2.52e-08
 1.90111e+23	8.10e-01	1.90e-01	2.18e-04	1.02e-06	0.00e+00	0.00e+00	0.00e+00	0.00e+00	0.00e+00	8.10e-01	3.86e-08	2.49e-08
 1.90376e+23	8.17e-01	1.82e-01	1.97e-04	9.64e-07	0.00e+00	0.00e+00	0.00e+00	0.00e+00	0.00e+00	8.17e-01	3.82e-08	2.47e-08
 1.90652e+23	8.25e-01	1.75e-01	1.78e-04	9.09e-07	0.00e+00	0.00e+00	0.00e+00	0.00e+00	0.00e+00	8.25e-01	3.78e-08	2.44e-08
 1.90938e+23	8.32e-01	1.68e-01	1.61e-04	8.57e-07	0.00e+00	0.00e+00	0.00e+00	0.00e+00	0.00e+00	8.32e-01	3.75e-08	2.41e-08
 1.91236e+23	8.39e-01	1.61e-01	1.46e-04	8.08e-07	0.00e+00	0.00e+00	0.00e+00	0.00e+00	0.00e+00	8.39e-01	3.71e-08	2.39e-08
 1.91546e+23	8.45e-01	1.55e-01	1.33e-04	7.61e-07	0.00e+00	0.00e+00	0.00e+00	0.00e+00	0.00e+00	8.45e-01	3.67e-08	2.36e-08
 1.91867e+23	8.51e-01	1.48e-01	1.21e-04	7.18e-07	0.00e+00	0.00e+00	0.00e+00	0.00e+00	0.00e+00	8.51e-01	3.64e-08	2.34e-08
 1.92195e+23	8.57e-01	1.43e-01	1.10e-04	6.79e-07	0.00e+00	0.00e+00	0.00e+00	0.00e+00	0.00e+00	8.57e-01	3.61e-08	2.32e-08
 1.92532e+23	8.63e-01	1.37e-01	1.01e-04	6.43e-07	0.00e+00	0.00e+00	0.00e+00	0.00e+00	0.00e+00	8.63e-01	3.58e-08	2.30e-08
 1.92879e+23	8.68e-01	1.32e-01	9.31e-05	6.08e-07	0.00e+00	0.00e+00	0.00e+00	0.00e+00	0.00e+00	8.68e-01	3.54e-08	2.26e-08
 1.93244e+23	8.73e-01	1.27e-01	8.60e-05	5.76e-07	0.00e+00	0.00e+00	0.00e+00	0.00e+00	0.00e+00	8.73e-01	3.51e-08	2.23e-08
 1.93625e+23	8.78e-01	1.22e-01	7.96e-05	5.45e-07	0.00e+00	0.00e+00	0.00e+00	0.00e+00	0.00e+00	8.78e-01	3.48e-08	2.20e-08
 1.94018e+23	8.82e-01	1.18e-01	7.42e-05	5.18e-07	0.00e+00	0.00e+00	0.00e+00	0.00e+00	0.00e+00	8.82e-01	3.45e-08	2.17e-08
 1.94423e+23	8.87e-01	1.13e-01	6.94e-05	4.91e-07	0.00e+00	0.00e+00	0.00e+00	0.00e+00	0.00e+00	8.87e-01	3.42e-08	2.15e-08
 1.94850e+23	8.91e-01	1.09e-01	6.51e-05	4.66e-07	0.00e+00	0.00e+00	0.00e+00	0.00e+00	0.00e+00	8.91e-01	3.40e-08	2.12e-08
 1.95308e+23	8.95e-01	1.05e-01	6.13e-05	4.43e-07	0.00e+00	0.00e+00	0.00e+00	0.00e+00	0.00e+00	8.95e-01	3.38e-08	2.10e-08
 1.95787e+23	8.98e-01	1.02e-01	5.79e-05	4.20e-07	0.00e+00	0.00e+00	0.00e+00	0.00e+00	0.00e+00	8.98e-01	3.36e-08	2.07e-08
 1.96287e+23	9.02e-01	9.80e-02	5.50e-05	3.99e-07	0.00e+00	0.00e+00	0.00e+00	0.00e+00	0.00e+00	9.02e-01	3.34e-08	2.05e-08
 1.96822e+23	9.05e-01	9.45e-02	5.23e-05	3.79e-07	0.00e+00	0.00e+00	0.00e+00	0.00e+00	0.00e+00	9.05e-01	3.33e-08	2.03e-08
 1.97394e+23	9.09e-01	9.11e-02	4.99e-05	3.59e-07	0.00e+00	0.00e+00	0.00e+00	0.00e+00	0.00e+00	9.09e-01	3.32e-08	2.01e-08
 1.97995e+23	9.12e-01	8.79e-02	4.77e-05	3.40e-07	0.00e+00	0.00e+00	0.00e+00	0.00e+00	0.00e+00	9.12e-01	3.31e-08	1.99e-08
 1.98602e+23	9.15e-01	8.48e-02	4.59e-05	3.23e-07	0.00e+00	0.00e+00	0.00e+00	0.00e+00	0.00e+00	9.15e-01	3.30e-08	1.97e-08
 1.99180e+23	9.18e-01	8.22e-02	4.45e-05	3.08e-07	0.00e+00	0.00e+00	0.00e+00	0.00e+00	0.00e+00	9.18e-01	3.29e-08	1.96e-08
 1.99735e+23	9.20e-01	7.99e-02	4.32e-05	2.95e-07	0.00e+00	0.00e+00	0.00e+00	0.00e+00	0.00e+00	9.20e-01	3.29e-08	1.95e-08
 2.00284e+23	9.22e-01	7.77e-02	4.21e-05	2.83e-07	0.00e+00	0.00e+00	0.00e+00	0.00e+00	0.00e+00	9.22e-01	3.29e-08	1.94e-08
 2.00825e+23	9.24e-01	7.55e-02	4.11e-05	2.71e-07	0.00e+00	0.00e+00	0.00e+00	0.00e+00	0.00e+00	9.24e-01	3.29e-08	1.93e-08
 2.01353e+23	9.27e-01	7.35e-02	4.02e-05	2.60e-07	0.00e+00	0.00e+00	0.00e+00	0.00e+00	0.00e+00	9.27e-01	3.29e-08	1.91e-08
 2.01858e+23	9.28e-01	7.16e-02	3.95e-05	2.50e-07	0.00e+00	0.00e+00	0.00e+00	0.00e+00	0.00e+00	9.28e-01	3.28e-08	1.90e-08
 2.02338e+23	9.30e-01	6.98e-02	3.88e-05	2.41e-07	0.00e+00	0.00e+00	0.00e+00	0.00e+00	0.00e+00	9.30e-01	3.28e-08	1.89e-08
 2.02789e+23	9.32e-01	6.82e-02	3.83e-05	2.33e-07	0.00e+00	0.00e+00	0.00e+00	0.00e+00	0.00e+00	9.32e-01	3.27e-08	1.88e-08
 2.03227e+23	9.33e-01	6.66e-02	3.77e-05	2.25e-07	0.00e+00	0.00e+00	0.00e+00	0.00e+00	0.00e+00	9.33e-01	3.27e-08	1.88e-08
 2.03664e+23	9.35e-01	6.50e-02	3.72e-05	2.17e-07	0.00e+00	0.00e+00	0.00e+00	0.00e+00	0.00e+00	9.35e-01	3.27e-08	1.87e-08
 2.04087e+23	9.36e-01	6.35e-02	3.68e-05	2.10e-07	0.00e+00	0.00e+00	0.00e+00	0.00e+00	0.00e+00	9.36e-01	3.27e-08	1.86e-08
 2.04495e+23	9.38e-01	6.21e-02	3.64e-05	2.04e-07	0.00e+00	0.00e+00	0.00e+00	0.00e+00	0.00e+00	9.38e-01	3.27e-08	1.85e-08
 2.04887e+23	9.39e-01	6.08e-02	3.60e-05	1.98e-07	0.00e+00	0.00e+00	0.00e+00	0.00e+00	0.00e+00	9.39e-01	3.26e-08	1.84e-08
 2.05266e+23	9.41e-01	5.94e-02	3.56e-05	1.92e-07	0.00e+00	0.00e+00	0.00e+00	0.00e+00	0.00e+00	9.41e-01	3.26e-08	1.84e-08
 2.05632e+23	9.42e-01	5.82e-02	3.53e-05	1.86e-07	0.00e+00	0.00e+00	0.00e+00	0.00e+00	0.00e+00	9.42e-01	3.26e-08	1.83e-08
 2.05985e+23	9.43e-01	5.70e-02	3.50e-05	1.81e-07	0.00e+00	0.00e+00	0.00e+00	0.00e+00	0.00e+00	9.43e-01	3.26e-08	1.82e-08
 2.06325e+23	9.44e-01	5.58e-02	3.48e-05	1.76e-07	0.00e+00	0.00e+00	0.00e+00	0.00e+00	0.00e+00	9.44e-01	3.25e-08	1.82e-08
 2.06653e+23	9.45e-01	5.47e-02	3.45e-05	1.71e-07	0.00e+00	0.00e+00	0.00e+00	0.00e+00	0.00e+00	9.45e-01	3.25e-08	1.81e-08
 2.06970e+23	9.46e-01	5.36e-02	3.43e-05	1.66e-07	0.00e+00	0.00e+00	0.00e+00	0.00e+00	0.00e+00	9.46e-01	3.25e-08	1.80e-08
 2.07270e+23	9.47e-01	5.25e-02	3.41e-05	1.62e-07	0.00e+00	0.00e+00	0.00e+00	0.00e+00	0.00e+00	9.47e-01	3.25e-08	1.80e-08
 2.07565e+23	9.48e-01	5.15e-02	3.39e-05	1.58e-07	0.00e+00	0.00e+00	0.00e+00	0.00e+00	0.00e+00	9.48e-01	3.24e-08	1.79e-08
 2.07851e+23	9.49e-01	5.05e-02	3.37e-05	1.54e-07	0.00e+00	0.00e+00	0.00e+00	0.00e+00	0.00e+00	9.49e-01	3.24e-08	1.78e-08
 2.08111e+23	9.50e-01	4.96e-02	3.35e-05	1.51e-07	0.00e+00	0.00e+00	0.00e+00	0.00e+00	0.00e+00	9.50e-01	3.23e-08	1.78e-08
 2.08348e+23	9.51e-01	4.88e-02	3.34e-05	1.48e-07	0.00e+00	0.00e+00	0.00e+00	0.00e+00	0.00e+00	9.51e-01	3.23e-08	1.77e-08
 2.08563e+23	9.52e-01	4.81e-02	3.32e-05	1.45e-07	0.00e+00	0.00e+00	0.00e+00	0.00e+00	0.00e+00	9.52e-01	3.23e-08	1.76e-08
 2.08760e+23	9.52e-01	4.75e-02	3.31e-05	1.43e-07	0.00e+00	0.00e+00	0.00e+00	0.00e+00	0.00e+00	9.52e-01	3.22e-08	1.76e-08
 2.08938e+23	9.53e-01	4.69e-02	3.30e-05	1.41e-07	0.00e+00	0.00e+00	0.00e+00	0.00e+00	0.00e+00	9.53e-01	3.22e-08	1.75e-08
 2.09100e+23	9.54e-01	4.64e-02	3.29e-05	1.39e-07	0.00e+00	0.00e+00	0.00e+00	0.00e+00	0.00e+00	9.54e-01	3.22e-08	1.75e-08
 2.09248e+23	9.54e-01	4.58e-02	3.28e-05	1.37e-07	0.00e+00	0.00e+00	0.00e+00	0.00e+00	0.00e+00	9.54e-01	3.20e-08	1.74e-08
 2.09383e+23	9.54e-01	4.55e-02	3.27e-05	1.36e-07	0.00e+00	0.00e+00	0.00e+00	0.00e+00	0.00e+00	9.54e-01	3.19e-08	1.74e-08
 2.09530e+23	9.55e-01	4.49e-02	3.26e-05	1.34e-07	0.00e+00	0.00e+00	0.00e+00	0.00e+00	0.00e+00	9.55e-01	3.18e-08	1.74e-08
 2.09722e+23	9.56e-01	4.41e-02	3.24e-05	1.31e-07	0.00e+00	0.00e+00	0.00e+00	0.00e+00	0.00e+00	9.56e-01	3.17e-08	1.73e-08
 2.09928e+23	9.57e-01	4.34e-02	3.22e-05	1.28e-07	0.00e+00	0.00e+00	0.00e+00	0.00e+00	0.00e+00	9.57e-01	3.15e-08	1.72e-08
 2.10117e+23	9.57e-01	4.26e-02	3.20e-05	1.26e-07	0.00e+00	0.00e+00	0.00e+00	0.00e+00	0.00e+00	9.57e-01	3.14e-08	1.72e-08
 2.10288e+23	9.58e-01	4.21e-02	3.19e-05	1.24e-07	0.00e+00	0.00e+00	0.00e+00	0.00e+00	0.00e+00	9.58e-01	3.13e-08	1.71e-08
 2.10444e+23	9.58e-01	4.16e-02	3.18e-05	0.00e+00	0.00e+00	0.00e+00	0.00e+00	0.00e+00	0.00e+00	9.58e-01	3.12e-08	1.71e-08
 2.10586e+23	9.59e-01	4.11e-02	3.17e-05	0.00e+00	0.00e+00	0.00e+00	0.00e+00	0.00e+00	0.00e+00	9.59e-01	3.11e-08	1.70e-08
 2.10715e+23	9.59e-01	4.08e-02	3.15e-05	0.00e+00	0.00e+00	0.00e+00	0.00e+00	0.00e+00	0.00e+00	9.59e-01	3.10e-08	1.70e-08
 2.10856e+23	9.60e-01	4.03e-02	3.14e-05	0.00e+00	0.00e+00	0.00e+00	0.00e+00	0.00e+00	0.00e+00	9.60e-01	3.10e-08	1.70e-08
 2.11040e+23	9.60e-01	3.97e-02	3.11e-05	0.00e+00	0.00e+00	0.00e+00	0.00e+00	0.00e+00	0.00e+00	9.60e-01	3.09e-08	1.69e-08
 2.11239e+23	9.61e-01	3.90e-02	3.09e-05	0.00e+00	0.00e+00	0.00e+00	0.00e+00	0.00e+00	0.00e+00	9.61e-01	3.08e-08	1.69e-08
 2.11419e+23	9.62e-01	3.84e-02	3.07e-05	0.00e+00	0.00e+00	0.00e+00	0.00e+00	0.00e+00	0.00e+00	9.62e-01	3.07e-08	1.69e-08
 2.11584e+23	9.62e-01	3.82e-02	3.06e-05	0.00e+00	0.00e+00	0.00e+00	0.00e+00	0.00e+00	0.00e+00	9.62e-01	3.07e-08	1.69e-08
 2.11764e+23	9.62e-01	3.76e-02	3.03e-05	0.00e+00	0.00e+00	0.00e+00	0.00e+00	0.00e+00	0.00e+00	9.62e-01	3.07e-08	1.68e-08
 2.11958e+23	9.63e-01	3.69e-02	3.01e-05	0.00e+00	0.00e+00	0.00e+00	0.00e+00	0.00e+00	0.00e+00	9.63e-01	3.06e-08	1.68e-08
 2.12135e+23	9.64e-01	3.64e-02	2.99e-05	0.00e+00	0.00e+00	0.00e+00	0.00e+00	0.00e+00	0.00e+00	9.64e-01	3.05e-08	1.67e-08
 2.12296e+23	9.64e-01	3.62e-02	2.97e-05	0.00e+00	0.00e+00	0.00e+00	0.00e+00	0.00e+00	0.00e+00	9.64e-01	3.05e-08	1.67e-08
 2.12473e+23	9.64e-01	3.57e-02	2.95e-05	0.00e+00	0.00e+00	0.00e+00	0.00e+00	0.00e+00	0.00e+00	9.64e-01	3.05e-08	1.67e-08
 2.12663e+23	9.65e-01	3.51e-02	2.93e-05	0.00e+00	0.00e+00	0.00e+00	0.00e+00	0.00e+00	0.00e+00	9.65e-01	3.04e-08	1.67e-08
 2.12836e+23	9.65e-01	3.45e-02	2.91e-05	0.00e+00	0.00e+00	0.00e+00	0.00e+00	0.00e+00	0.00e+00	9.65e-01	3.03e-08	1.66e-08
 2.12994e+23	9.66e-01	3.43e-02	2.89e-05	0.00e+00	0.00e+00	0.00e+00	0.00e+00	0.00e+00	0.00e+00	9.66e-01	3.04e-08	1.66e-08
 2.13167e+23	9.66e-01	3.38e-02	2.87e-05	0.00e+00	0.00e+00	0.00e+00	0.00e+00	0.00e+00	0.00e+00	9.66e-01	3.03e-08	1.66e-08
 2.13354e+23	9.67e-01	3.33e-02	2.84e-05	0.00e+00	0.00e+00	0.00e+00	0.00e+00	0.00e+00	0.00e+00	9.67e-01	3.03e-08	1.66e-08
 2.13523e+23	9.67e-01	3.28e-02	2.81e-05	0.00e+00	0.00e+00	0.00e+00	0.00e+00	0.00e+00	0.00e+00	9.67e-01	3.02e-08	1.65e-08
 2.13678e+23	9.68e-01	3.24e-02	2.79e-05	0.00e+00	0.00e+00	0.00e+00	0.00e+00	0.00e+00	0.00e+00	9.68e-01	3.01e-08	1.65e-08
 2.13819e+23	9.68e-01	3.22e-02	2.77e-05	0.00e+00	0.00e+00	0.00e+00	0.00e+00	0.00e+00	0.00e+00	9.68e-01	3.01e-08	1.64e-08
 2.13973e+23	9.68e-01	3.17e-02	2.75e-05	0.00e+00	0.00e+00	0.00e+00	0.00e+00	0.00e+00	0.00e+00	9.68e-01	3.01e-08	1.64e-08
 2.14173e+23	9.69e-01	3.11e-02	2.72e-05	0.00e+00	0.00e+00	0.00e+00	0.00e+00	0.00e+00	0.00e+00	9.69e-01	3.00e-08	1.64e-08
 2.14389e+23	9.69e-01	3.05e-02	2.68e-05	0.00e+00	0.00e+00	0.00e+00	0.00e+00	0.00e+00	0.00e+00	9.69e-01	3.00e-08	1.63e-08
 2.14586e+23	9.70e-01	3.00e-02	2.66e-05	0.00e+00	0.00e+00	0.00e+00	0.00e+00	0.00e+00	0.00e+00	9.70e-01	2.99e-08	1.63e-08
 2.14765e+23	9.70e-01	2.97e-02	2.63e-05	0.00e+00	0.00e+00	0.00e+00	0.00e+00	0.00e+00	0.00e+00	9.70e-01	2.99e-08	1.62e-08
 2.14961e+23	9.71e-01	2.91e-02	2.60e-05	0.00e+00	0.00e+00	0.00e+00	0.00e+00	0.00e+00	0.00e+00	9.71e-01	2.98e-08	1.62e-08
 2.15173e+23	9.71e-01	2.85e-02	2.58e-05	0.00e+00	0.00e+00	0.00e+00	0.00e+00	0.00e+00	0.00e+00	9.71e-01	2.97e-08	1.61e-08
 2.15366e+23	9.72e-01	2.81e-02	2.55e-05	0.00e+00	0.00e+00	0.00e+00	0.00e+00	0.00e+00	0.00e+00	9.72e-01	2.97e-08	1.61e-08
 2.15542e+23	9.72e-01	2.77e-02	2.53e-05	0.00e+00	0.00e+00	0.00e+00	0.00e+00	0.00e+00	0.00e+00	9.72e-01	2.96e-08	1.60e-08
 2.15701e+23	9.73e-01	2.74e-02	2.51e-05	0.00e+00	0.00e+00	0.00e+00	0.00e+00	0.00e+00	0.00e+00	9.73e-01	2.96e-08	1.60e-08
 2.15876e+23	9.73e-01	2.71e-02	2.49e-05	0.00e+00	0.00e+00	0.00e+00	0.00e+00	0.00e+00	0.00e+00	9.73e-01	2.96e-08	1.59e-08
 2.16065e+23	9.73e-01	2.66e-02	2.46e-05	0.00e+00	0.00e+00	0.00e+00	0.00e+00	0.00e+00	0.00e+00	9.73e-01	2.95e-08	1.59e-08
 2.16237e+23	9.74e-01	2.62e-02	2.44e-05	0.00e+00	0.00e+00	0.00e+00	0.00e+00	0.00e+00	0.00e+00	9.74e-01	2.94e-08	1.58e-08
 2.16393e+23	9.74e-01	2.59e-02	2.43e-05	0.00e+00	0.00e+00	0.00e+00	0.00e+00	0.00e+00	0.00e+00	9.74e-01	2.94e-08	1.58e-08
 2.16565e+23	9.74e-01	2.56e-02	2.40e-05	0.00e+00	0.00e+00	0.00e+00	0.00e+00	0.00e+00	0.00e+00	9.74e-01	2.94e-08	1.57e-08
 2.16750e+23	9.75e-01	2.52e-02	2.39e-05	0.00e+00	0.00e+00	0.00e+00	0.00e+00	0.00e+00	0.00e+00	9.75e-01	2.93e-08	1.57e-08
 2.16953e+23	9.75e-01	2.48e-02	2.36e-05	0.00e+00	0.00e+00	0.00e+00	0.00e+00	0.00e+00	0.00e+00	9.75e-01	2.90e-08	1.55e-08
 2.17171e+23	9.76e-01	2.43e-02	2.34e-05	0.00e+00	0.00e+00	0.00e+00	0.00e+00	0.00e+00	0.00e+00	9.76e-01	2.87e-08	1.54e-08
 2.17371e+23	9.76e-01	2.39e-02	2.32e-05	0.00e+00	0.00e+00	0.00e+00	0.00e+00	0.00e+00	0.00e+00	9.76e-01	2.85e-08	1.53e-08
 2.17552e+23	9.76e-01	2.37e-02	2.30e-05	0.00e+00	0.00e+00	0.00e+00	0.00e+00	0.00e+00	0.00e+00	9.76e-01	2.84e-08	1.52e-08
 2.17751e+23	9.77e-01	2.34e-02	2.28e-05	0.00e+00	0.00e+00	0.00e+00	0.00e+00	0.00e+00	0.00e+00	9.77e-01	2.82e-08	1.51e-08
 2.17965e+23	9.77e-01	2.30e-02	2.25e-05	0.00e+00	0.00e+00	0.00e+00	0.00e+00	0.00e+00	0.00e+00	9.77e-01	2.79e-08	1.49e-08
 2.18160e+23	9.77e-01	2.27e-02	2.24e-05	0.00e+00	0.00e+00	0.00e+00	0.00e+00	0.00e+00	0.00e+00	9.77e-01	2.78e-08	1.48e-08
 2.18374e+23	9.78e-01	2.23e-02	2.21e-05	0.00e+00	0.00e+00	0.00e+00	0.00e+00	0.00e+00	0.00e+00	9.78e-01	2.75e-08	1.46e-08
 2.18605e+23	9.78e-01	2.19e-02	2.19e-05	0.00e+00	0.00e+00	0.00e+00	0.00e+00	0.00e+00	0.00e+00	9.78e-01	2.73e-08	1.45e-08
 2.18815e+23	9.78e-01	2.15e-02	2.17e-05	0.00e+00	0.00e+00	0.00e+00	0.00e+00	0.00e+00	0.00e+00	9.78e-01	2.71e-08	1.43e-08
 2.19006e+23	9.79e-01	2.13e-02	2.16e-05	0.00e+00	0.00e+00	0.00e+00	0.00e+00	0.00e+00	0.00e+00	9.79e-01	2.70e-08	1.42e-08
 2.19216e+23	9.79e-01	2.10e-02	2.13e-05	0.00e+00	0.00e+00	0.00e+00	0.00e+00	0.00e+00	0.00e+00	9.79e-01	2.68e-08	1.41e-08
 2.19442e+23	9.79e-01	2.06e-02	2.11e-05	0.00e+00	0.00e+00	0.00e+00	0.00e+00	0.00e+00	0.00e+00	9.79e-01	2.66e-08	1.39e-08
 2.19648e+23	9.80e-01	2.03e-02	2.10e-05	0.00e+00	0.00e+00	0.00e+00	0.00e+00	0.00e+00	0.00e+00	9.80e-01	2.65e-08	1.38e-08
 2.19873e+23	9.80e-01	2.00e-02	2.07e-05	0.00e+00	0.00e+00	0.00e+00	0.00e+00	0.00e+00	0.00e+00	9.80e-01	2.62e-08	1.36e-08
 2.20116e+23	9.80e-01	1.96e-02	2.05e-05	0.00e+00	0.00e+00	0.00e+00	0.00e+00	0.00e+00	0.00e+00	9.80e-01	2.60e-08	1.35e-08
 2.20338e+23	9.81e-01	1.92e-02	2.03e-05	0.00e+00	0.00e+00	0.00e+00	0.00e+00	0.00e+00	0.00e+00	9.81e-01	2.58e-08	1.33e-08
 2.20540e+23	9.81e-01	1.91e-02	2.02e-05	0.00e+00	0.00e+00	0.00e+00	0.00e+00	0.00e+00	0.00e+00	9.81e-01	2.57e-08	1.32e-08
 2.20761e+23	9.81e-01	1.87e-02	2.00e-05	0.00e+00	0.00e+00	0.00e+00	0.00e+00	0.00e+00	0.00e+00	9.81e-01	2.55e-08	1.31e-08
 2.20999e+23	9.82e-01	1.84e-02	1.98e-05	0.00e+00	0.00e+00	0.00e+00	0.00e+00	0.00e+00	0.00e+00	9.82e-01	2.52e-08	1.29e-08
 2.21216e+23	9.82e-01	1.82e-02	1.96e-05	0.00e+00	0.00e+00	0.00e+00	0.00e+00	0.00e+00	0.00e+00	9.82e-01	2.51e-08	1.28e-08
 2.21454e+23	9.82e-01	1.78e-02	1.94e-05	0.00e+00	0.00e+00	0.00e+00	0.00e+00	0.00e+00	0.00e+00	9.82e-01	2.48e-08	1.26e-08
 2.21711e+23	9.83e-01	1.74e-02	1.92e-05	0.00e+00	0.00e+00	0.00e+00	0.00e+00	0.00e+00	0.00e+00	9.83e-01	2.45e-08	1.24e-08
 2.21944e+23	9.83e-01	1.72e-02	1.91e-05	0.00e+00	0.00e+00	0.00e+00	0.00e+00	0.00e+00	0.00e+00	9.83e-01	2.44e-08	1.23e-08
 2.22200e+23	9.83e-01	1.69e-02	1.89e-05	0.00e+00	0.00e+00	0.00e+00	0.00e+00	0.00e+00	0.00e+00	9.83e-01	2.41e-08	1.21e-08
 2.22477e+23	9.84e-01	1.65e-02	1.86e-05	0.00e+00	0.00e+00	0.00e+00	0.00e+00	0.00e+00	0.00e+00	9.84e-01	2.37e-08	1.19e-08
 2.22728e+23	9.84e-01	1.63e-02	1.85e-05	0.00e+00	0.00e+00	0.00e+00	0.00e+00	0.00e+00	0.00e+00	9.84e-01	2.36e-08	1.18e-08
 2.23004e+23	9.84e-01	1.59e-02	1.83e-05	0.00e+00	0.00e+00	0.00e+00	0.00e+00	0.00e+00	0.00e+00	9.84e-01	2.33e-08	1.16e-08
 2.23301e+23	9.84e-01	1.56e-02	1.81e-05	0.00e+00	0.00e+00	0.00e+00	0.00e+00	0.00e+00	0.00e+00	9.84e-01	2.31e-08	1.14e-08
 2.23572e+23	9.85e-01	1.53e-02	1.79e-05	0.00e+00	0.00e+00	0.00e+00	0.00e+00	0.00e+00	0.00e+00	9.85e-01	2.28e-08	1.12e-08
 2.23819e+23	9.85e-01	1.51e-02	1.77e-05	0.00e+00	0.00e+00	0.00e+00	0.00e+00	0.00e+00	0.00e+00	9.85e-01	2.27e-08	1.11e-08
 2.24089e+23	9.85e-01	1.48e-02	1.75e-05	0.00e+00	0.00e+00	0.00e+00	0.00e+00	0.00e+00	0.00e+00	9.85e-01	2.24e-08	1.09e-08
 2.24380e+23	9.86e-01	1.44e-02	1.73e-05	0.00e+00	0.00e+00	0.00e+00	0.00e+00	0.00e+00	0.00e+00	9.86e-01	2.21e-08	1.07e-08
 2.24645e+23	9.86e-01	1.42e-02	1.72e-05	0.00e+00	0.00e+00	0.00e+00	0.00e+00	0.00e+00	0.00e+00	9.86e-01	2.20e-08	1.06e-08
 2.24936e+23	9.86e-01	1.39e-02	1.70e-05	0.00e+00	0.00e+00	0.00e+00	0.00e+00	0.00e+00	0.00e+00	9.86e-01	2.17e-08	1.04e-08
 2.25250e+23	9.86e-01	1.36e-02	1.68e-05	0.00e+00	0.00e+00	0.00e+00	0.00e+00	0.00e+00	0.00e+00	9.86e-01	2.14e-08	1.02e-08
 2.25535e+23	9.87e-01	1.34e-02	1.66e-05	0.00e+00	0.00e+00	0.00e+00	0.00e+00	0.00e+00	0.00e+00	9.87e-01	2.13e-08	1.02e-08
 2.25848e+23	9.87e-01	1.31e-02	1.64e-05	0.00e+00	0.00e+00	0.00e+00	0.00e+00	0.00e+00	0.00e+00	9.87e-01	2.10e-08	9.99e-09
 2.26186e+23	9.87e-01	1.28e-02	1.62e-05	0.00e+00	0.00e+00	0.00e+00	0.00e+00	0.00e+00	0.00e+00	9.87e-01	2.07e-08	9.78e-09
 2.26494e+23	9.87e-01	1.26e-02	1.60e-05	0.00e+00	0.00e+00	0.00e+00	0.00e+00	0.00e+00	0.00e+00	9.87e-01	2.07e-08	9.69e-09
 2.26831e+23	9.88e-01	1.23e-02	1.58e-05	0.00e+00	0.00e+00	0.00e+00	0.00e+00	0.00e+00	0.00e+00	9.88e-01	2.04e-08	9.47e-09
 2.27194e+23	9.88e-01	1.20e-02	1.56e-05	0.00e+00	0.00e+00	0.00e+00	0.00e+00	0.00e+00	0.00e+00	9.88e-01	2.02e-08	9.30e-09
 2.27525e+23	9.88e-01	1.17e-02	1.55e-05	0.00e+00	0.00e+00	0.00e+00	0.00e+00	0.00e+00	0.00e+00	9.88e-01	2.00e-08	9.13e-09
 2.27826e+23	9.88e-01	1.15e-02	1.53e-05	0.00e+00	0.00e+00	0.00e+00	0.00e+00	0.00e+00	0.00e+00	9.88e-01	1.98e-08	9.00e-09
 2.28156e+23	9.89e-01	1.13e-02	1.51e-05	0.00e+00	0.00e+00	0.00e+00	0.00e+00	0.00e+00	0.00e+00	9.89e-01	1.95e-08	8.81e-09
 2.28513e+23	9.89e-01	1.10e-02	1.49e-05	0.00e+00	0.00e+00	0.00e+00	0.00e+00	0.00e+00	0.00e+00	9.89e-01	1.92e-08	8.61e-09
 2.28837e+23	9.89e-01	1.08e-02	1.48e-05	0.00e+00	0.00e+00	0.00e+00	0.00e+00	0.00e+00	0.00e+00	9.89e-01	1.91e-08	8.51e-09
 2.29192e+23	9.89e-01	1.05e-02	1.46e-05	0.00e+00	0.00e+00	0.00e+00	0.00e+00	0.00e+00	0.00e+00	9.89e-01	1.88e-08	8.33e-09
 2.29576e+23	9.90e-01	1.03e-02	1.44e-05	0.00e+00	0.00e+00	0.00e+00	0.00e+00	0.00e+00	0.00e+00	9.90e-01	1.85e-08	8.13e-09
 2.29925e+23	9.90e-01	1.01e-02	1.42e-05	0.00e+00	0.00e+00	0.00e+00	0.00e+00	0.00e+00	0.00e+00	9.90e-01	1.84e-08	8.03e-09
 2.30307e+23	9.90e-01	9.80e-03	1.40e-05	0.00e+00	0.00e+00	0.00e+00	0.00e+00	0.00e+00	0.00e+00	9.90e-01	1.81e-08	7.85e-09
 2.30720e+23	9.90e-01	9.53e-03	1.38e-05	0.00e+00	0.00e+00	0.00e+00	0.00e+00	0.00e+00	0.00e+00	9.90e-01	1.78e-08	7.65e-09
 2.31096e+23	9.91e-01	9.35e-03	1.37e-05	0.00e+00	0.00e+00	0.00e+00	0.00e+00	0.00e+00	0.00e+00	9.91e-01	1.77e-08	7.55e-09
 2.31507e+23	9.91e-01	9.09e-03	1.35e-05	0.00e+00	0.00e+00	0.00e+00	0.00e+00	0.00e+00	0.00e+00	9.91e-01	1.74e-08	7.37e-09
 2.31952e+23	9.91e-01	8.85e-03	1.33e-05	0.00e+00	0.00e+00	0.00e+00	0.00e+00	0.00e+00	0.00e+00	9.91e-01	1.72e-08	7.22e-09
 2.32356e+23	9.91e-01	8.64e-03	1.31e-05	0.00e+00	0.00e+00	0.00e+00	0.00e+00	0.00e+00	0.00e+00	9.91e-01	1.70e-08	7.07e-09
 2.32724e+23	9.92e-01	8.47e-03	1.30e-05	0.00e+00	0.00e+00	0.00e+00	0.00e+00	0.00e+00	0.00e+00	9.92e-01	1.69e-08	6.96e-09
 2.33128e+23	9.92e-01	8.23e-03	1.28e-05	0.00e+00	0.00e+00	0.00e+00	0.00e+00	0.00e+00	0.00e+00	9.92e-01	1.66e-08	6.78e-09
 2.33563e+23	9.92e-01	8.00e-03	1.26e-05	0.00e+00	0.00e+00	0.00e+00	0.00e+00	0.00e+00	0.00e+00	9.92e-01	1.64e-08	6.61e-09
 2.33959e+23	9.92e-01	7.84e-03	1.24e-05	0.00e+00	0.00e+00	0.00e+00	0.00e+00	0.00e+00	0.00e+00	9.92e-01	1.63e-08	6.52e-09
 2.34394e+23	9.92e-01	7.63e-03	1.22e-05	0.00e+00	0.00e+00	0.00e+00	0.00e+00	0.00e+00	0.00e+00	9.92e-01	1.60e-08	6.36e-09
 2.34862e+23	9.93e-01	7.42e-03	1.21e-05	0.00e+00	0.00e+00	0.00e+00	0.00e+00	0.00e+00	0.00e+00	9.93e-01	1.59e-08	6.22e-09
 2.35289e+23	9.93e-01	7.23e-03	1.19e-05	0.00e+00	0.00e+00	0.00e+00	0.00e+00	0.00e+00	0.00e+00	9.93e-01	1.57e-08	6.08e-09
 2.35677e+23	9.93e-01	7.08e-03	1.18e-05	0.00e+00	0.00e+00	0.00e+00	0.00e+00	0.00e+00	0.00e+00	9.93e-01	1.55e-08	5.97e-09
 2.36103e+23	9.93e-01	6.89e-03	1.16e-05	0.00e+00	0.00e+00	0.00e+00	0.00e+00	0.00e+00	0.00e+00	9.93e-01	1.53e-08	5.83e-09
 2.36562e+23	9.93e-01	6.70e-03	1.14e-05	0.00e+00	0.00e+00	0.00e+00	0.00e+00	0.00e+00	0.00e+00	9.93e-01	1.52e-08	5.70e-09
 2.36980e+23	9.93e-01	6.54e-03	1.13e-05	0.00e+00	0.00e+00	0.00e+00	0.00e+00	0.00e+00	0.00e+00	9.93e-01	1.50e-08	5.58e-09
 2.37438e+23	9.94e-01	6.36e-03	1.11e-05	0.00e+00	0.00e+00	0.00e+00	0.00e+00	0.00e+00	0.00e+00	9.94e-01	1.48e-08	5.43e-09
 2.37932e+23	9.94e-01	6.18e-03	1.09e-05	0.00e+00	0.00e+00	0.00e+00	0.00e+00	0.00e+00	0.00e+00	9.94e-01	1.46e-08	5.28e-09
 2.38382e+23	9.94e-01	6.03e-03	1.08e-05	0.00e+00	0.00e+00	0.00e+00	0.00e+00	0.00e+00	0.00e+00	9.94e-01	1.44e-08	5.17e-09
 2.38875e+23	9.94e-01	5.84e-03	1.06e-05	0.00e+00	0.00e+00	0.00e+00	0.00e+00	0.00e+00	0.00e+00	9.94e-01	1.42e-08	5.03e-09
 2.39407e+23	9.94e-01	5.68e-03	1.05e-05	0.00e+00	0.00e+00	0.00e+00	0.00e+00	0.00e+00	0.00e+00	9.94e-01	1.40e-08	4.90e-09
 2.39891e+23	9.94e-01	5.53e-03	1.03e-05	0.00e+00	0.00e+00	0.00e+00	0.00e+00	0.00e+00	0.00e+00	9.94e-01	1.38e-08	4.77e-09
 2.40422e+23	9.95e-01	5.34e-03	1.01e-05	0.00e+00	0.00e+00	0.00e+00	0.00e+00	0.00e+00	0.00e+00	9.95e-01	1.36e-08	4.62e-09
 2.40995e+23	9.95e-01	5.18e-03	9.95e-06	0.00e+00	0.00e+00	0.00e+00	0.00e+00	0.00e+00	0.00e+00	9.95e-01	1.34e-08	4.49e-09
 2.41516e+23	9.95e-01	5.03e-03	9.79e-06	0.00e+00	0.00e+00	0.00e+00	0.00e+00	0.00e+00	0.00e+00	9.95e-01	1.32e-08	4.36e-09
 2.41991e+23	9.95e-01	4.90e-03	9.66e-06	0.00e+00	0.00e+00	0.00e+00	0.00e+00	0.00e+00	0.00e+00	9.95e-01	1.31e-08	4.26e-09
 2.42511e+23	9.95e-01	4.66e-03	9.49e-06	0.00e+00	0.00e+00	0.00e+00	0.00e+00	0.00e+00	0.00e+00	9.95e-01	1.29e-08	4.12e-09
 2.43187e+23	9.96e-01	4.27e-03	9.27e-06	0.00e+00	0.00e+00	0.00e+00	0.00e+00	0.00e+00	0.00e+00	9.96e-01	1.26e-08	3.93e-09
 2.43934e+23	9.96e-01	4.03e-03	9.06e-06	0.00e+00	0.00e+00	0.00e+00	0.00e+00	0.00e+00	0.00e+00	9.96e-01	1.23e-08	3.76e-09
 2.44683e+23	9.96e-01	3.80e-03	8.85e-06	0.00e+00	0.00e+00	0.00e+00	0.00e+00	0.00e+00	0.00e+00	9.96e-01	1.21e-08	3.58e-09
 2.45455e+23	9.96e-01	3.58e-03	8.64e-06	0.00e+00	0.00e+00	0.00e+00	0.00e+00	0.00e+00	0.00e+00	9.96e-01	1.18e-08	3.42e-09
 2.46239e+23	9.97e-01	3.37e-03	8.44e-06	0.00e+00	0.00e+00	0.00e+00	0.00e+00	0.00e+00	0.00e+00	9.97e-01	1.15e-08	3.25e-09
 2.47032e+23	9.97e-01	3.17e-03	8.24e-06	0.00e+00	0.00e+00	0.00e+00	0.00e+00	0.00e+00	0.00e+00	9.97e-01	1.13e-08	3.09e-09
 2.47834e+23	9.97e-01	2.97e-03	8.04e-06	0.00e+00	0.00e+00	0.00e+00	0.00e+00	0.00e+00	0.00e+00	9.97e-01	1.10e-08	2.93e-09
 2.48643e+23	9.97e-01	2.78e-03	7.84e-06	0.00e+00	0.00e+00	0.00e+00	0.00e+00	0.00e+00	0.00e+00	9.97e-01	1.08e-08	2.78e-09
 2.49460e+23	9.97e-01	2.60e-03	7.65e-06	0.00e+00	0.00e+00	0.00e+00	0.00e+00	0.00e+00	0.00e+00	9.97e-01	1.05e-08	2.63e-09
 2.50283e+23	9.98e-01	2.43e-03	7.46e-06	0.00e+00	0.00e+00	0.00e+00	0.00e+00	0.00e+00	0.00e+00	9.98e-01	1.02e-08	2.49e-09
 2.51114e+23	9.98e-01	2.26e-03	7.28e-06	0.00e+00	0.00e+00	0.00e+00	0.00e+00	0.00e+00	0.00e+00	9.98e-01	9.97e-09	2.35e-09
 2.51954e+23	9.98e-01	2.11e-03	7.09e-06	0.00e+00	0.00e+00	0.00e+00	0.00e+00	0.00e+00	0.00e+00	9.98e-01	9.70e-09	2.22e-09
 2.52802e+23	9.98e-01	1.96e-03	6.91e-06	0.00e+00	0.00e+00	0.00e+00	0.00e+00	0.00e+00	0.00e+00	9.98e-01	9.42e-09	2.10e-09
 2.53657e+23	9.98e-01	1.82e-03	6.74e-06	0.00e+00	0.00e+00	0.00e+00	0.00e+00	0.00e+00	0.00e+00	9.98e-01	9.15e-09	1.97e-09
 2.54518e+23	9.98e-01	1.68e-03	6.56e-06	0.00e+00	0.00e+00	0.00e+00	0.00e+00	0.00e+00	0.00e+00	9.98e-01	8.87e-09	1.85e-09
 2.55386e+23	9.98e-01	1.55e-03	6.39e-06	0.00e+00	0.00e+00	0.00e+00	0.00e+00	0.00e+00	0.00e+00	9.98e-01	8.60e-09	1.74e-09
 2.56259e+23	9.99e-01	1.43e-03	6.23e-06	0.00e+00	0.00e+00	0.00e+00	0.00e+00	0.00e+00	0.00e+00	9.99e-01	8.32e-09	1.62e-09
 2.57138e+23	9.99e-01	1.32e-03	6.07e-06	0.00e+00	0.00e+00	0.00e+00	0.00e+00	0.00e+00	0.00e+00	9.99e-01	8.05e-09	1.52e-09
 2.58024e+23	9.99e-01	1.21e-03	5.91e-06	0.00e+00	0.00e+00	0.00e+00	0.00e+00	0.00e+00	0.00e+00	9.99e-01	7.78e-09	1.41e-09
 2.58918e+23	9.99e-01	1.11e-03	5.75e-06	0.00e+00	0.00e+00	0.00e+00	0.00e+00	0.00e+00	0.00e+00	9.99e-01	7.50e-09	1.31e-09
 2.59818e+23	9.99e-01	1.02e-03	5.59e-06	0.00e+00	0.00e+00	0.00e+00	0.00e+00	0.00e+00	0.00e+00	9.99e-01	7.23e-09	1.22e-09
 2.60725e+23	9.99e-01	9.29e-04	5.44e-06	0.00e+00	0.00e+00	0.00e+00	0.00e+00	0.00e+00	0.00e+00	9.99e-01	6.96e-09	1.13e-09
 2.61638e+23	9.99e-01	8.47e-04	5.30e-06	0.00e+00	0.00e+00	0.00e+00	0.00e+00	0.00e+00	0.00e+00	9.99e-01	6.68e-09	1.04e-09
 2.62559e+23	9.99e-01	7.72e-04	5.15e-06	0.00e+00	0.00e+00	0.00e+00	0.00e+00	0.00e+00	0.00e+00	9.99e-01	6.42e-09	9.63e-10
 2.63501e+23	9.99e-01	7.00e-04	5.00e-06	0.00e+00	0.00e+00	0.00e+00	0.00e+00	0.00e+00	0.00e+00	9.99e-01	6.15e-09	8.83e-10
 2.64463e+23	9.99e-01	6.33e-04	4.86e-06	0.00e+00	0.00e+00	0.00e+00	0.00e+00	0.00e+00	0.00e+00	9.99e-01	5.89e-09	8.10e-10
 2.65433e+23	9.99e-01	5.72e-04	4.72e-06	0.00e+00	0.00e+00	0.00e+00	0.00e+00	0.00e+00	0.00e+00	9.99e-01	5.63e-09	7.40e-10
 2.66416e+23	9.99e-01	5.15e-04	4.58e-06	0.00e+00	0.00e+00	0.00e+00	0.00e+00	0.00e+00	0.00e+00	9.99e-01	5.37e-09	6.74e-10
 2.67409e+23	1.00e+00	4.62e-04	4.45e-06	0.00e+00	0.00e+00	0.00e+00	0.00e+00	0.00e+00	0.00e+00	1.00e+00	5.11e-09	6.13e-10
 2.68412e+23	1.00e+00	4.14e-04	4.31e-06	0.00e+00	0.00e+00	0.00e+00	0.00e+00	0.00e+00	0.00e+00	1.00e+00	4.86e-09	5.55e-10
 2.69427e+23	1.00e+00	3.70e-04	4.18e-06	0.00e+00	0.00e+00	0.00e+00	0.00e+00	0.00e+00	0.00e+00	1.00e+00	4.61e-09	5.02e-10
 2.70456e+23	1.00e+00	3.30e-04	4.05e-06	0.00e+00	0.00e+00	0.00e+00	0.00e+00	0.00e+00	0.00e+00	1.00e+00	4.37e-09	4.53e-10
 2.71501e+23	1.00e+00	2.93e-04	3.93e-06	0.00e+00	0.00e+00	0.00e+00	0.00e+00	0.00e+00	0.00e+00	1.00e+00	4.14e-09	4.07e-10
 2.72564e+23	1.00e+00	2.61e-04	3.80e-06	0.00e+00	0.00e+00	0.00e+00	0.00e+00	0.00e+00	0.00e+00	1.00e+00	3.92e-09	3.66e-10
 2.73656e+23	1.00e+00	2.30e-04	3.68e-06	0.00e+00	0.00e+00	0.00e+00	0.00e+00	0.00e+00	0.00e+00	1.00e+00	3.69e-09	3.27e-10
 2.74775e+23	1.00e+00	2.03e-04	3.55e-06	0.00e+00	0.00e+00	0.00e+00	0.00e+00	0.00e+00	0.00e+00	1.00e+00	3.48e-09	2.91e-10
 2.75911e+23	1.00e+00	1.78e-04	3.43e-06	0.00e+00	0.00e+00	0.00e+00	0.00e+00	0.00e+00	0.00e+00	1.00e+00	3.27e-09	2.59e-10
 2.77068e+23	1.00e+00	1.56e-04	3.31e-06	0.00e+00	0.00e+00	0.00e+00	0.00e+00	0.00e+00	0.00e+00	1.00e+00	3.07e-09	2.29e-10
 2.78246e+23	1.00e+00	1.36e-04	3.20e-06	0.00e+00	0.00e+00	0.00e+00	0.00e+00	0.00e+00	0.00e+00	1.00e+00	2.87e-09	2.02e-10
 2.79445e+23	1.00e+00	1.18e-04	3.08e-06	0.00e+00	0.00e+00	0.00e+00	0.00e+00	0.00e+00	0.00e+00	1.00e+00	2.68e-09	1.78e-10
 2.80668e+23	1.00e+00	1.03e-04	2.97e-06	0.00e+00	0.00e+00	0.00e+00	0.00e+00	0.00e+00	0.00e+00	1.00e+00	2.49e-09	1.56e-10
 2.81918e+23	1.00e+00	8.91e-05	2.85e-06	0.00e+00	0.00e+00	0.00e+00	0.00e+00	0.00e+00	0.00e+00	1.00e+00	2.32e-09	1.36e-10
 2.83200e+23	1.00e+00	7.68e-05	2.74e-06	0.00e+00	0.00e+00	0.00e+00	0.00e+00	0.00e+00	0.00e+00	1.00e+00	2.14e-09	1.19e-10
 2.84512e+23	1.00e+00	6.61e-05	2.63e-06	0.00e+00	0.00e+00	0.00e+00	0.00e+00	0.00e+00	0.00e+00	1.00e+00	1.97e-09	1.03e-10
 2.85855e+23	1.00e+00	5.66e-05	2.52e-06	0.00e+00	0.00e+00	0.00e+00	0.00e+00	0.00e+00	0.00e+00	1.00e+00	1.81e-09	8.90e-11
 2.87228e+23	1.00e+00	4.84e-05	2.42e-06	0.00e+00	0.00e+00	0.00e+00	0.00e+00	0.00e+00	0.00e+00	1.00e+00	1.65e-09	7.67e-11
 2.88635e+23	1.00e+00	4.13e-05	2.31e-06	0.00e+00	0.00e+00	0.00e+00	0.00e+00	0.00e+00	0.00e+00	1.00e+00	1.50e-09	6.58e-11
