#depth	Ne	Ne+	Ne+2	Ne+3	Ne+4	Ne+5	Ne+6	Ne+7	Ne+8	Ne+9	Ne+10
 1.54284e+22	0.00e+00	1.74e-29	3.65e-24	1.06e-19	6.95e-16	1.12e-12	7.12e-10	2.78e-07	3.51e-04	3.67e-02	9.63e-01
 3.58036e+22	0.00e+00	3.66e-28	5.47e-23	1.14e-18	5.36e-15	6.19e-12	2.81e-09	7.78e-07	6.97e-04	5.13e-02	9.48e-01
 4.41538e+22	1.87e-33	3.32e-27	3.87e-22	6.30e-18	2.34e-14	2.12e-11	7.49e-09	1.61e-06	1.13e-03	6.49e-02	9.34e-01
 5.02799e+22	1.54e-32	2.20e-26	2.07e-21	2.73e-17	8.21e-14	6.04e-11	1.72e-08	2.98e-06	1.70e-03	7.89e-02	9.19e-01
 5.36834e+22	2.73e-32	3.66e-26	3.25e-21	4.04e-17	1.15e-13	8.00e-11	2.15e-08	3.51e-06	1.89e-03	8.31e-02	9.15e-01
 5.47583e+22	3.74e-32	4.86e-26	4.18e-21	5.03e-17	1.39e-13	9.36e-11	2.43e-08	3.85e-06	2.01e-03	8.55e-02	9.12e-01
 5.56652e+22	5.82e-32	7.22e-26	5.92e-21	6.83e-17	1.80e-13	1.16e-10	2.89e-08	4.36e-06	2.19e-03	8.89e-02	9.09e-01
 5.65600e+22	7.85e-32	9.44e-26	7.50e-21	8.40e-17	2.15e-13	1.35e-10	3.24e-08	4.76e-06	2.31e-03	9.13e-02	9.06e-01
 5.74391e+22	1.18e-31	1.36e-25	1.04e-20	1.11e-16	2.74e-13	1.65e-10	3.80e-08	5.34e-06	2.49e-03	9.47e-02	9.03e-01
 5.83491e+22	1.71e-31	1.89e-25	1.39e-20	1.44e-16	3.41e-13	1.98e-10	4.38e-08	5.93e-06	2.67e-03	9.78e-02	9.00e-01
 5.91544e+22	2.38e-31	2.55e-25	1.81e-20	1.81e-16	4.16e-13	2.33e-10	4.99e-08	6.51e-06	2.84e-03	1.01e-01	8.96e-01
 6.00566e+22	3.61e-31	3.70e-25	2.51e-20	2.41e-16	5.32e-13	2.86e-10	5.86e-08	7.33e-06	3.07e-03	1.04e-01	8.93e-01
 6.09707e+22	5.21e-31	5.13e-25	3.36e-20	3.10e-16	6.61e-13	3.43e-10	6.75e-08	8.12e-06	3.28e-03	1.08e-01	8.89e-01
 6.17513e+22	7.27e-31	6.92e-25	4.37e-20	3.91e-16	8.05e-13	4.04e-10	7.68e-08	8.92e-06	3.49e-03	1.11e-01	8.86e-01
 6.26168e+22	1.11e-30	1.01e-24	6.09e-20	5.22e-16	1.03e-12	4.96e-10	9.03e-08	1.00e-05	3.76e-03	1.15e-01	8.81e-01
 6.35009e+22	1.60e-30	1.40e-24	8.15e-20	6.73e-16	1.28e-12	5.95e-10	1.04e-07	1.11e-05	4.02e-03	1.18e-01	8.78e-01
 6.42711e+22	2.23e-30	1.89e-24	1.06e-19	8.48e-16	1.56e-12	7.01e-10	1.18e-07	1.22e-05	4.28e-03	1.22e-01	8.74e-01
 6.51346e+22	3.40e-30	2.75e-24	1.48e-19	1.13e-15	2.01e-12	8.62e-10	1.39e-07	1.37e-05	4.61e-03	1.26e-01	8.69e-01
 6.60310e+22	4.98e-30	3.87e-24	2.00e-19	1.47e-15	2.51e-12	1.04e-09	1.61e-07	1.53e-05	4.94e-03	1.30e-01	8.65e-01
 6.68292e+22	7.14e-30	5.34e-24	2.66e-19	1.89e-15	3.11e-12	1.24e-09	1.85e-07	1.69e-05	5.27e-03	1.34e-01	8.61e-01
 6.76023e+22	1.03e-29	7.39e-24	3.54e-19	2.43e-15	3.85e-12	1.48e-09	2.12e-07	1.87e-05	5.62e-03	1.38e-01	8.56e-01
 6.84836e+22	1.60e-29	1.10e-23	5.04e-19	3.30e-15	5.01e-12	1.84e-09	2.52e-07	2.11e-05	6.08e-03	1.43e-01	8.51e-01
 6.93835e+22	2.34e-29	1.54e-23	6.80e-19	4.28e-15	6.27e-12	2.22e-09	2.91e-07	2.35e-05	6.51e-03	1.48e-01	8.46e-01
 7.03077e+22	3.74e-29	2.35e-23	9.86e-19	5.92e-15	8.27e-12	2.79e-09	3.49e-07	2.67e-05	7.07e-03	1.53e-01	8.40e-01
 7.12498e+22	5.69e-29	3.42e-23	1.37e-18	7.91e-15	1.06e-11	3.43e-09	4.09e-07	3.00e-05	7.61e-03	1.59e-01	8.34e-01
 7.20163e+22	7.99e-29	4.64e-23	1.80e-18	9.99e-15	1.29e-11	4.05e-09	4.65e-07	3.29e-05	8.07e-03	1.63e-01	8.29e-01
 7.28138e+22	1.22e-28	6.77e-23	2.51e-18	1.34e-14	1.66e-11	4.98e-09	5.46e-07	3.69e-05	8.68e-03	1.68e-01	8.23e-01
 7.36434e+22	1.78e-28	9.48e-23	3.38e-18	1.73e-14	2.07e-11	5.99e-09	6.30e-07	4.09e-05	9.26e-03	1.73e-01	8.18e-01
 7.43893e+22	2.51e-28	1.29e-22	4.44e-18	2.20e-14	2.54e-11	7.09e-09	7.19e-07	4.49e-05	9.84e-03	1.78e-01	8.12e-01
 7.50875e+22	3.51e-28	1.75e-22	5.79e-18	2.77e-14	3.10e-11	8.35e-09	8.16e-07	4.92e-05	1.04e-02	1.82e-01	8.07e-01
 7.56881e+22	4.68e-28	2.26e-22	7.26e-18	3.37e-14	3.67e-11	9.60e-09	9.09e-07	5.31e-05	1.09e-02	1.86e-01	8.03e-01
 7.62237e+22	6.21e-28	2.91e-22	9.07e-18	4.09e-14	4.33e-11	1.10e-08	1.01e-06	5.73e-05	1.15e-02	1.90e-01	7.98e-01
 7.68357e+22	8.75e-28	3.95e-22	1.19e-17	5.19e-14	5.30e-11	1.30e-08	1.15e-06	6.28e-05	1.21e-02	1.95e-01	7.93e-01
 7.74648e+22	1.16e-27	5.10e-22	1.49e-17	6.31e-14	6.27e-11	1.49e-08	1.28e-06	6.78e-05	1.27e-02	1.99e-01	7.88e-01
 7.80062e+22	1.53e-27	6.51e-22	1.85e-17	7.61e-14	7.36e-11	1.71e-08	1.42e-06	7.29e-05	1.33e-02	2.03e-01	7.83e-01
 7.85158e+22	2.01e-27	8.32e-22	2.30e-17	9.19e-14	8.64e-11	1.95e-08	1.57e-06	7.84e-05	1.40e-02	2.07e-01	7.79e-01
 7.90152e+22	2.60e-27	1.05e-21	2.81e-17	1.09e-13	1.00e-10	2.21e-08	1.73e-06	8.39e-05	1.46e-02	2.11e-01	7.74e-01
 7.95030e+22	3.35e-27	1.31e-21	3.43e-17	1.30e-13	1.17e-10	2.50e-08	1.90e-06	8.98e-05	1.52e-02	2.15e-01	7.70e-01
 7.99803e+22	4.33e-27	1.65e-21	4.20e-17	1.55e-13	1.36e-10	2.83e-08	2.09e-06	9.60e-05	1.58e-02	2.19e-01	7.65e-01
 8.04532e+22	5.60e-27	2.08e-21	5.15e-17	1.85e-13	1.58e-10	3.20e-08	2.30e-06	1.03e-04	1.65e-02	2.23e-01	7.61e-01
 8.09948e+22	7.70e-27	2.77e-21	6.62e-17	2.31e-13	1.90e-10	3.73e-08	2.59e-06	1.12e-04	1.74e-02	2.27e-01	7.55e-01
 8.15427e+22	1.03e-26	3.58e-21	8.31e-17	2.81e-13	2.25e-10	4.29e-08	2.88e-06	1.20e-04	1.82e-02	2.32e-01	7.50e-01
 8.20051e+22	1.32e-26	4.48e-21	1.01e-16	3.34e-13	2.60e-10	4.84e-08	3.16e-06	1.29e-04	1.90e-02	2.36e-01	7.45e-01
 8.24338e+22	1.68e-26	5.57e-21	1.23e-16	3.94e-13	3.00e-10	5.44e-08	3.46e-06	1.37e-04	1.97e-02	2.40e-01	7.40e-01
 8.28487e+22	2.14e-26	6.90e-21	1.48e-16	4.64e-13	3.45e-10	6.10e-08	3.78e-06	1.46e-04	2.05e-02	2.44e-01	7.36e-01
 8.33242e+22	2.88e-26	9.02e-21	1.87e-16	5.69e-13	4.10e-10	7.04e-08	4.22e-06	1.57e-04	2.15e-02	2.48e-01	7.30e-01
 8.38092e+22	3.78e-26	1.15e-20	2.32e-16	6.84e-13	4.80e-10	8.02e-08	4.66e-06	1.69e-04	2.25e-02	2.53e-01	7.25e-01
 8.42245e+22	4.80e-26	1.42e-20	2.80e-16	8.06e-13	5.52e-10	8.99e-08	5.09e-06	1.80e-04	2.33e-02	2.57e-01	7.20e-01
 8.46820e+22	6.52e-26	1.87e-20	3.56e-16	9.93e-13	6.60e-10	1.04e-07	5.69e-06	1.94e-04	2.45e-02	2.62e-01	7.14e-01
 8.51533e+22	8.56e-26	2.39e-20	4.42e-16	1.20e-12	7.74e-10	1.19e-07	6.29e-06	2.08e-04	2.55e-02	2.66e-01	7.08e-01
 8.55696e+22	1.10e-25	3.01e-20	5.40e-16	1.42e-12	8.97e-10	1.34e-07	6.90e-06	2.22e-04	2.66e-02	2.70e-01	7.03e-01
 8.60377e+22	1.55e-25	4.06e-20	7.03e-16	1.79e-12	1.09e-09	1.57e-07	7.80e-06	2.42e-04	2.80e-02	2.76e-01	6.96e-01
 8.65118e+22	2.03e-25	5.19e-20	8.71e-16	2.15e-12	1.28e-09	1.79e-07	8.62e-06	2.59e-04	2.92e-02	2.81e-01	6.90e-01
 8.69160e+22	2.62e-25	6.52e-20	1.06e-15	2.56e-12	1.48e-09	2.02e-07	9.45e-06	2.77e-04	3.04e-02	2.85e-01	6.84e-01
 8.73641e+22	3.71e-25	8.89e-20	1.40e-15	3.24e-12	1.81e-09	2.39e-07	1.07e-05	3.02e-04	3.20e-02	2.91e-01	6.77e-01
 8.78095e+22	4.77e-25	1.11e-19	1.70e-15	3.85e-12	2.09e-09	2.69e-07	1.17e-05	3.21e-04	3.32e-02	2.95e-01	6.71e-01
 8.82517e+22	6.79e-25	1.53e-19	2.25e-15	4.89e-12	2.57e-09	3.18e-07	1.33e-05	3.51e-04	3.51e-02	3.01e-01	6.63e-01
 8.86820e+22	8.58e-25	1.88e-19	2.70e-15	5.73e-12	2.94e-09	3.56e-07	1.45e-05	3.73e-04	3.63e-02	3.05e-01	6.58e-01
 8.90969e+22	1.22e-24	2.58e-19	3.56e-15	7.27e-12	3.60e-09	4.21e-07	1.65e-05	4.07e-04	3.83e-02	3.12e-01	6.50e-01
 8.95090e+22	1.54e-24	3.18e-19	4.27e-15	8.51e-12	4.12e-09	4.70e-07	1.80e-05	4.31e-04	3.97e-02	3.16e-01	6.44e-01
 8.99175e+22	2.20e-24	4.38e-19	5.66e-15	1.08e-11	5.06e-09	5.57e-07	2.04e-05	4.71e-04	4.18e-02	3.22e-01	6.36e-01
 9.03266e+22	2.82e-24	5.47e-19	6.88e-15	1.28e-11	5.84e-09	6.27e-07	2.24e-05	5.01e-04	4.34e-02	3.26e-01	6.30e-01
 9.07366e+22	4.03e-24	7.53e-19	9.10e-15	1.63e-11	7.17e-09	7.43e-07	2.55e-05	5.48e-04	4.58e-02	3.33e-01	6.21e-01
 9.11535e+22	5.25e-24	9.54e-19	1.12e-14	1.95e-11	8.35e-09	8.42e-07	2.80e-05	5.86e-04	4.76e-02	3.37e-01	6.14e-01
 9.15794e+22	7.51e-24	1.31e-18	1.48e-14	2.49e-11	1.03e-08	9.99e-07	3.19e-05	6.40e-04	5.02e-02	3.44e-01	6.05e-01
 9.20022e+22	9.88e-24	1.68e-18	1.84e-14	2.99e-11	1.20e-08	1.14e-06	3.53e-05	6.86e-04	5.23e-02	3.49e-01	5.98e-01
 9.24208e+22	1.41e-23	2.32e-18	2.43e-14	3.81e-11	1.48e-08	1.35e-06	4.02e-05	7.50e-04	5.52e-02	3.55e-01	5.89e-01
 9.28464e+22	1.88e-23	2.99e-18	3.04e-14	4.62e-11	1.74e-08	1.55e-06	4.47e-05	8.06e-04	5.75e-02	3.60e-01	5.81e-01
 9.32810e+22	2.73e-23	4.17e-18	4.08e-14	5.95e-11	2.16e-08	1.85e-06	5.12e-05	8.85e-04	6.08e-02	3.67e-01	5.71e-01
 9.37190e+22	3.64e-23	5.41e-18	5.12e-14	7.24e-11	2.56e-08	2.13e-06	5.70e-05	9.52e-04	6.35e-02	3.72e-01	5.63e-01
 9.41615e+22	5.32e-23	7.60e-18	6.89e-14	9.35e-11	3.18e-08	2.56e-06	6.56e-05	1.05e-03	6.71e-02	3.79e-01	5.53e-01
 9.46068e+22	7.10e-23	9.84e-18	8.65e-14	1.14e-10	3.77e-08	2.94e-06	7.31e-05	1.13e-03	7.01e-02	3.84e-01	5.45e-01
 9.49915e+22	9.41e-23	1.27e-17	1.08e-13	1.38e-10	4.44e-08	3.37e-06	8.12e-05	1.21e-03	7.31e-02	3.89e-01	5.36e-01
 9.54275e+22	1.36e-22	1.76e-17	1.44e-13	1.77e-10	5.50e-08	4.03e-06	9.33e-05	1.33e-03	7.72e-02	3.96e-01	5.26e-01
 9.58600e+22	1.76e-22	2.23e-17	1.77e-13	2.11e-10	6.41e-08	4.58e-06	1.03e-04	1.43e-03	8.03e-02	4.00e-01	5.18e-01
 9.62879e+22	2.50e-22	3.05e-17	2.33e-13	2.68e-10	7.87e-08	5.44e-06	1.18e-04	1.56e-03	8.46e-02	4.07e-01	5.07e-01
 9.67243e+22	3.26e-22	3.87e-17	2.88e-13	3.20e-10	9.18e-08	6.19e-06	1.30e-04	1.67e-03	8.80e-02	4.11e-01	4.99e-01
 9.71717e+22	4.61e-22	5.29e-17	3.78e-13	4.06e-10	1.13e-07	7.36e-06	1.49e-04	1.83e-03	9.27e-02	4.17e-01	4.88e-01
 9.76297e+22	6.03e-22	6.74e-17	4.69e-13	4.89e-10	1.32e-07	8.41e-06	1.65e-04	1.96e-03	9.65e-02	4.22e-01	4.80e-01
 9.81015e+22	8.56e-22	9.24e-17	6.19e-13	6.21e-10	1.63e-07	1.00e-05	1.89e-04	2.16e-03	1.02e-01	4.28e-01	4.68e-01
 9.85838e+22	1.12e-21	1.18e-16	7.66e-13	7.47e-10	1.91e-07	1.15e-05	2.10e-04	2.31e-03	1.06e-01	4.32e-01	4.59e-01
 9.90798e+22	1.58e-21	1.61e-16	1.01e-12	9.48e-10	2.35e-07	1.36e-05	2.40e-04	2.54e-03	1.12e-01	4.38e-01	4.48e-01
 9.95852e+22	2.07e-21	2.05e-16	1.25e-12	1.14e-09	2.76e-07	1.56e-05	2.67e-04	2.73e-03	1.16e-01	4.42e-01	4.39e-01
 1.00103e+23	2.92e-21	2.79e-16	1.64e-12	1.45e-09	3.39e-07	1.86e-05	3.06e-04	2.99e-03	1.22e-01	4.47e-01	4.27e-01
 1.00624e+23	3.78e-21	3.53e-16	2.02e-12	1.73e-09	3.96e-07	2.12e-05	3.39e-04	3.21e-03	1.27e-01	4.51e-01	4.18e-01
 1.01149e+23	5.24e-21	4.74e-16	2.62e-12	2.17e-09	4.83e-07	2.51e-05	3.87e-04	3.51e-03	1.34e-01	4.56e-01	4.07e-01
 1.01688e+23	6.78e-21	5.99e-16	3.23e-12	2.60e-09	5.64e-07	2.86e-05	4.29e-04	3.76e-03	1.39e-01	4.59e-01	3.98e-01
 1.02155e+23	8.59e-21	7.42e-16	3.90e-12	3.07e-09	6.51e-07	3.23e-05	4.72e-04	4.01e-03	1.44e-01	4.62e-01	3.89e-01
 1.02673e+23	1.16e-20	9.73e-16	4.96e-12	3.78e-09	7.81e-07	3.77e-05	5.33e-04	4.35e-03	1.50e-01	4.66e-01	3.79e-01
 1.03198e+23	1.46e-20	1.20e-15	5.98e-12	4.45e-09	9.01e-07	4.25e-05	5.85e-04	4.64e-03	1.56e-01	4.69e-01	3.70e-01
 1.03730e+23	1.97e-20	1.57e-15	7.60e-12	5.48e-09	1.08e-06	4.96e-05	6.60e-04	5.03e-03	1.63e-01	4.72e-01	3.59e-01
 1.04271e+23	2.47e-20	1.93e-15	9.12e-12	6.42e-09	1.24e-06	5.57e-05	7.24e-04	5.36e-03	1.68e-01	4.74e-01	3.51e-01
 1.04745e+23	3.07e-20	2.36e-15	1.09e-11	7.50e-09	1.42e-06	6.25e-05	7.92e-04	5.69e-03	1.74e-01	4.77e-01	3.43e-01
 1.05283e+23	4.08e-20	3.05e-15	1.37e-11	9.16e-09	1.69e-06	7.25e-05	8.90e-04	6.16e-03	1.81e-01	4.79e-01	3.33e-01
 1.05820e+23	5.00e-20	3.67e-15	1.62e-11	1.06e-08	1.92e-06	8.06e-05	9.66e-04	6.51e-03	1.86e-01	4.81e-01	3.25e-01
 1.06353e+23	6.55e-20	4.69e-15	2.01e-11	1.28e-08	2.26e-06	9.28e-05	1.08e-03	7.02e-03	1.94e-01	4.82e-01	3.15e-01
 1.06897e+23	8.03e-20	5.65e-15	2.38e-11	1.48e-08	2.57e-06	1.03e-04	1.17e-03	7.42e-03	2.00e-01	4.84e-01	3.08e-01
 1.07455e+23	1.05e-19	7.22e-15	2.96e-11	1.79e-08	3.04e-06	1.19e-04	1.31e-03	8.00e-03	2.08e-01	4.85e-01	2.98e-01
 1.08023e+23	1.29e-19	8.72e-15	3.50e-11	2.07e-08	3.45e-06	1.32e-04	1.43e-03	8.46e-03	2.14e-01	4.86e-01	2.91e-01
 1.08605e+23	1.69e-19	1.12e-14	4.36e-11	2.51e-08	4.08e-06	1.53e-04	1.60e-03	9.12e-03	2.22e-01	4.86e-01	2.81e-01
 1.09198e+23	2.08e-19	1.35e-14	5.17e-11	2.91e-08	4.64e-06	1.70e-04	1.74e-03	9.65e-03	2.28e-01	4.87e-01	2.73e-01
 1.09804e+23	2.73e-19	1.72e-14	6.44e-11	3.53e-08	5.49e-06	1.96e-04	1.94e-03	1.04e-02	2.37e-01	4.87e-01	2.64e-01
 1.10397e+23	3.29e-19	2.04e-14	7.49e-11	4.02e-08	6.15e-06	2.16e-04	2.09e-03	1.09e-02	2.43e-01	4.87e-01	2.57e-01
 1.10973e+23	4.23e-19	2.57e-14	9.21e-11	4.82e-08	7.20e-06	2.47e-04	2.32e-03	1.17e-02	2.52e-01	4.86e-01	2.48e-01
 1.11557e+23	5.09e-19	3.04e-14	1.07e-10	5.50e-08	8.07e-06	2.71e-04	2.50e-03	1.23e-02	2.58e-01	4.86e-01	2.42e-01
 1.12152e+23	6.50e-19	3.81e-14	1.31e-10	6.55e-08	9.41e-06	3.09e-04	2.77e-03	1.32e-02	2.66e-01	4.85e-01	2.33e-01
 1.12766e+23	7.94e-19	4.57e-14	1.54e-10	7.56e-08	1.06e-05	3.43e-04	3.00e-03	1.39e-02	2.73e-01	4.83e-01	2.26e-01
 1.13404e+23	1.02e-18	5.73e-14	1.89e-10	9.02e-08	1.24e-05	3.90e-04	3.32e-03	1.48e-02	2.82e-01	4.82e-01	2.18e-01
 1.14063e+23	1.26e-18	6.95e-14	2.24e-10	1.05e-07	1.41e-05	4.35e-04	3.61e-03	1.57e-02	2.90e-01	4.80e-01	2.10e-01
 1.14749e+23	1.63e-18	8.80e-14	2.77e-10	1.26e-07	1.66e-05	4.97e-04	4.01e-03	1.68e-02	2.99e-01	4.78e-01	2.02e-01
 1.15453e+23	2.02e-18	1.07e-13	3.31e-10	1.47e-07	1.90e-05	5.56e-04	4.37e-03	1.78e-02	3.07e-01	4.75e-01	1.95e-01
 1.16181e+23	2.64e-18	1.37e-13	4.11e-10	1.78e-07	2.23e-05	6.37e-04	4.85e-03	1.90e-02	3.17e-01	4.72e-01	1.86e-01
 1.16933e+23	3.30e-18	1.68e-13	4.94e-10	2.08e-07	2.57e-05	7.15e-04	5.30e-03	2.02e-02	3.25e-01	4.69e-01	1.79e-01
 1.17715e+23	4.36e-18	2.16e-13	6.20e-10	2.54e-07	3.04e-05	8.23e-04	5.91e-03	2.17e-02	3.36e-01	4.65e-01	1.71e-01
 1.18522e+23	5.51e-18	2.68e-13	7.51e-10	3.00e-07	3.51e-05	9.28e-04	6.48e-03	2.30e-02	3.44e-01	4.61e-01	1.64e-01
 1.19248e+23	6.89e-18	3.28e-13	9.01e-10	3.51e-07	4.02e-05	1.04e-03	7.05e-03	2.43e-02	3.53e-01	4.58e-01	1.57e-01
 1.20081e+23	9.23e-18	4.29e-13	1.15e-09	4.33e-07	4.82e-05	1.21e-03	7.92e-03	2.62e-02	3.64e-01	4.52e-01	1.49e-01
 1.20921e+23	1.15e-17	5.25e-13	1.37e-09	5.06e-07	5.51e-05	1.35e-03	8.61e-03	2.76e-02	3.72e-01	4.47e-01	1.43e-01
 1.21769e+23	1.54e-17	6.83e-13	1.74e-09	6.21e-07	6.57e-05	1.56e-03	9.63e-03	2.96e-02	3.83e-01	4.41e-01	1.35e-01
 1.22635e+23	1.94e-17	8.45e-13	2.10e-09	7.33e-07	7.58e-05	1.75e-03	1.05e-02	3.14e-02	3.92e-01	4.36e-01	1.28e-01
 1.23524e+23	2.60e-17	1.10e-12	2.67e-09	9.02e-07	9.06e-05	2.03e-03	1.18e-02	3.37e-02	4.03e-01	4.28e-01	1.21e-01
 1.24433e+23	3.30e-17	1.38e-12	3.25e-09	1.07e-06	1.05e-04	2.30e-03	1.29e-02	3.57e-02	4.13e-01	4.22e-01	1.15e-01
 1.25241e+23	4.16e-17	1.70e-12	3.94e-09	1.26e-06	1.21e-04	2.59e-03	1.42e-02	3.78e-02	4.21e-01	4.15e-01	1.09e-01
 1.26166e+23	5.59e-17	2.23e-12	5.03e-09	1.57e-06	1.46e-04	3.02e-03	1.59e-02	4.07e-02	4.33e-01	4.06e-01	1.01e-01
 1.27046e+23	6.83e-17	2.68e-12	5.93e-09	1.81e-06	1.65e-04	3.34e-03	1.72e-02	4.26e-02	4.40e-01	4.00e-01	9.67e-02
 1.27865e+23	8.80e-17	3.40e-12	7.35e-09	2.18e-06	1.95e-04	3.84e-03	1.91e-02	4.55e-02	4.50e-01	3.91e-01	9.04e-02
 1.28686e+23	1.07e-16	4.06e-12	8.65e-09	2.51e-06	2.20e-04	4.24e-03	2.06e-02	4.77e-02	4.57e-01	3.84e-01	8.60e-02
 1.29508e+23	1.37e-16	5.10e-12	1.06e-08	3.01e-06	2.57e-04	4.84e-03	2.27e-02	5.08e-02	4.66e-01	3.75e-01	8.03e-02
 1.30350e+23	1.66e-16	6.14e-12	1.26e-08	3.49e-06	2.93e-04	5.40e-03	2.47e-02	5.34e-02	4.73e-01	3.67e-01	7.58e-02
 1.31217e+23	2.13e-16	7.74e-12	1.56e-08	4.21e-06	3.46e-04	6.20e-03	2.74e-02	5.70e-02	4.83e-01	3.56e-01	7.02e-02
 1.32088e+23	2.58e-16	9.26e-12	1.84e-08	4.86e-06	3.92e-04	6.89e-03	2.97e-02	5.98e-02	4.89e-01	3.48e-01	6.61e-02
 1.32966e+23	3.27e-16	1.16e-11	2.26e-08	5.84e-06	4.61e-04	7.91e-03	3.30e-02	6.38e-02	4.97e-01	3.37e-01	6.09e-02
 1.33861e+23	3.94e-16	1.38e-11	2.66e-08	6.76e-06	5.25e-04	8.82e-03	3.58e-02	6.71e-02	5.03e-01	3.27e-01	5.69e-02
 1.34778e+23	4.95e-16	1.73e-11	3.28e-08	8.13e-06	6.19e-04	1.02e-02	3.99e-02	7.16e-02	5.11e-01	3.15e-01	5.19e-02
 1.35714e+23	5.92e-16	2.05e-11	3.86e-08	9.41e-06	7.06e-04	1.13e-02	4.34e-02	7.53e-02	5.16e-01	3.05e-01	4.82e-02
 1.36672e+23	7.35e-16	2.54e-11	4.73e-08	1.13e-05	8.33e-04	1.31e-02	4.84e-02	8.04e-02	5.22e-01	2.92e-01	4.36e-02
 1.37642e+23	8.65e-16	2.99e-11	5.53e-08	1.30e-05	9.48e-04	1.46e-02	5.26e-02	8.45e-02	5.26e-01	2.81e-01	4.01e-02
 1.38459e+23	9.96e-16	3.44e-11	6.35e-08	1.48e-05	1.06e-03	1.61e-02	5.67e-02	8.85e-02	5.29e-01	2.71e-01	3.72e-02
 1.39352e+23	1.18e-15	4.09e-11	7.53e-08	1.73e-05	1.23e-03	1.83e-02	6.23e-02	9.37e-02	5.33e-01	2.58e-01	3.36e-02
 1.40248e+23	1.33e-15	4.65e-11	8.57e-08	1.95e-05	1.37e-03	2.02e-02	6.71e-02	9.78e-02	5.34e-01	2.48e-01	3.10e-02
 1.41123e+23	1.52e-15	5.39e-11	9.96e-08	2.24e-05	1.57e-03	2.26e-02	7.31e-02	1.03e-01	5.35e-01	2.36e-01	2.80e-02
 1.42016e+23	1.70e-15	6.07e-11	1.13e-07	2.52e-05	1.75e-03	2.49e-02	7.86e-02	1.08e-01	5.36e-01	2.26e-01	2.56e-02
 1.42892e+23	1.88e-15	6.86e-11	1.29e-07	2.86e-05	1.98e-03	2.77e-02	8.51e-02	1.13e-01	5.35e-01	2.14e-01	2.31e-02
 1.43786e+23	2.06e-15	7.65e-11	1.45e-07	3.21e-05	2.21e-03	3.05e-02	9.14e-02	1.18e-01	5.33e-01	2.04e-01	2.09e-02
 1.44666e+23	2.24e-15	8.49e-11	1.63e-07	3.61e-05	2.47e-03	3.37e-02	9.83e-02	1.23e-01	5.31e-01	1.93e-01	1.88e-02
 1.45554e+23	2.40e-15	9.33e-11	1.82e-07	4.02e-05	2.75e-03	3.70e-02	1.05e-01	1.28e-01	5.28e-01	1.83e-01	1.70e-02
 1.46432e+23	2.54e-15	1.02e-10	2.02e-07	4.48e-05	3.05e-03	4.05e-02	1.12e-01	1.33e-01	5.23e-01	1.72e-01	1.53e-02
 1.47307e+23	2.68e-15	1.11e-10	2.24e-07	4.97e-05	3.38e-03	4.42e-02	1.20e-01	1.38e-01	5.18e-01	1.63e-01	1.38e-02
 1.48184e+23	2.80e-15	1.19e-10	2.47e-07	5.50e-05	3.73e-03	4.81e-02	1.27e-01	1.43e-01	5.13e-01	1.53e-01	1.23e-02
 1.49064e+23	2.90e-15	1.28e-10	2.72e-07	6.08e-05	4.12e-03	5.23e-02	1.35e-01	1.48e-01	5.06e-01	1.44e-01	1.11e-02
 1.49948e+23	3.00e-15	1.38e-10	2.99e-07	6.72e-05	4.54e-03	5.68e-02	1.42e-01	1.53e-01	4.99e-01	1.35e-01	9.89e-03
 1.50839e+23	3.08e-15	1.47e-10	3.29e-07	7.43e-05	5.01e-03	6.16e-02	1.50e-01	1.57e-01	4.91e-01	1.27e-01	8.82e-03
 1.51739e+23	3.15e-15	1.58e-10	3.62e-07	8.22e-05	5.52e-03	6.67e-02	1.58e-01	1.62e-01	4.82e-01	1.18e-01	7.85e-03
 1.52644e+23	3.22e-15	1.69e-10	3.98e-07	9.10e-05	6.07e-03	7.21e-02	1.66e-01	1.66e-01	4.72e-01	1.10e-01	6.98e-03
 1.53564e+23	3.29e-15	1.80e-10	4.40e-07	1.01e-04	6.70e-03	7.79e-02	1.74e-01	1.71e-01	4.62e-01	1.03e-01	6.18e-03
 1.54493e+23	3.36e-15	1.93e-10	4.85e-07	1.12e-04	7.38e-03	8.40e-02	1.82e-01	1.75e-01	4.51e-01	9.54e-02	5.47e-03
 1.55441e+23	3.43e-15	2.08e-10	5.40e-07	1.25e-04	8.17e-03	9.07e-02	1.91e-01	1.78e-01	4.39e-01	8.82e-02	4.81e-03
 1.56405e+23	3.52e-15	2.24e-10	6.00e-07	1.40e-04	9.02e-03	9.77e-02	1.99e-01	1.82e-01	4.27e-01	8.16e-02	4.23e-03
 1.57288e+23	3.60e-15	2.39e-10	6.59e-07	1.54e-04	9.80e-03	1.04e-01	2.05e-01	1.85e-01	4.16e-01	7.63e-02	3.79e-03
 1.58210e+23	3.70e-15	2.60e-10	7.42e-07	1.74e-04	1.09e-02	1.12e-01	2.14e-01	1.88e-01	4.02e-01	6.98e-02	3.29e-03
 1.59147e+23	3.83e-15	2.81e-10	8.21e-07	1.92e-04	1.19e-02	1.19e-01	2.20e-01	1.90e-01	3.91e-01	6.50e-02	2.94e-03
 1.60114e+23	4.00e-15	3.11e-10	9.39e-07	2.20e-04	1.33e-02	1.28e-01	2.28e-01	1.92e-01	3.76e-01	5.91e-02	2.53e-03
 1.61084e+23	4.17e-15	3.39e-10	1.04e-06	2.44e-04	1.44e-02	1.36e-01	2.34e-01	1.94e-01	3.64e-01	5.49e-02	2.25e-03
 1.62057e+23	4.40e-15	3.78e-10	1.20e-06	2.79e-04	1.61e-02	1.47e-01	2.42e-01	1.95e-01	3.48e-01	4.97e-02	1.93e-03
 1.63034e+23	4.66e-15	4.16e-10	1.35e-06	3.11e-04	1.75e-02	1.55e-01	2.48e-01	1.96e-01	3.36e-01	4.60e-02	1.71e-03
 1.64016e+23	5.00e-15	4.71e-10	1.56e-06	3.57e-04	1.96e-02	1.66e-01	2.54e-01	1.97e-01	3.20e-01	4.15e-02	1.46e-03
 1.65008e+23	5.37e-15	5.23e-10	1.77e-06	3.99e-04	2.13e-02	1.75e-01	2.59e-01	1.97e-01	3.08e-01	3.82e-02	1.29e-03
 1.66014e+23	5.88e-15	6.01e-10	2.07e-06	4.61e-04	2.38e-02	1.87e-01	2.65e-01	1.96e-01	2.92e-01	3.43e-02	1.10e-03
 1.67033e+23	6.42e-15	6.77e-10	2.36e-06	5.17e-04	2.59e-02	1.97e-01	2.70e-01	1.95e-01	2.79e-01	3.14e-02	9.66e-04
 1.68069e+23	7.20e-15	7.91e-10	2.79e-06	6.01e-04	2.89e-02	2.11e-01	2.74e-01	1.93e-01	2.63e-01	2.80e-02	8.14e-04
 1.69124e+23	8.01e-15	9.03e-10	3.21e-06	6.77e-04	3.15e-02	2.22e-01	2.78e-01	1.92e-01	2.50e-01	2.55e-02	7.10e-04
 1.70204e+23	9.23e-15	1.08e-09	3.85e-06	7.91e-04	3.52e-02	2.36e-01	2.82e-01	1.89e-01	2.34e-01	2.25e-02	5.92e-04
 1.71309e+23	1.05e-14	1.25e-09	4.46e-06	8.96e-04	3.84e-02	2.48e-01	2.84e-01	1.86e-01	2.22e-01	2.04e-02	5.12e-04
 1.72446e+23	1.25e-14	1.52e-09	5.42e-06	1.05e-03	4.30e-02	2.64e-01	2.87e-01	1.82e-01	2.05e-01	1.78e-02	4.21e-04
 1.73606e+23	1.46e-14	1.79e-09	6.34e-06	1.20e-03	4.70e-02	2.76e-01	2.88e-01	1.78e-01	1.93e-01	1.60e-02	3.61e-04
 1.74583e+23	1.68e-14	2.07e-09	7.29e-06	1.34e-03	5.07e-02	2.87e-01	2.89e-01	1.75e-01	1.82e-01	1.45e-02	3.14e-04
 1.75643e+23	2.03e-14	2.52e-09	8.75e-06	1.55e-03	5.60e-02	3.02e-01	2.89e-01	1.70e-01	1.69e-01	1.27e-02	2.61e-04
 1.76673e+23	2.35e-14	2.91e-09	9.98e-06	1.72e-03	6.00e-02	3.13e-01	2.88e-01	1.66e-01	1.60e-01	1.15e-02	2.28e-04
 1.77664e+23	2.84e-14	3.51e-09	1.19e-05	1.97e-03	6.55e-02	3.26e-01	2.87e-01	1.61e-01	1.48e-01	1.02e-02	1.91e-04
 1.78666e+23	3.32e-14	4.08e-09	1.35e-05	2.18e-03	7.00e-02	3.37e-01	2.86e-01	1.56e-01	1.39e-01	9.21e-03	1.67e-04
 1.79680e+23	4.09e-14	4.97e-09	1.61e-05	2.49e-03	7.63e-02	3.50e-01	2.84e-01	1.51e-01	1.29e-01	8.07e-03	1.39e-04
 1.80710e+23	4.86e-14	5.82e-09	1.84e-05	2.76e-03	8.15e-02	3.60e-01	2.81e-01	1.46e-01	1.21e-01	7.28e-03	1.20e-04
 1.81759e+23	6.08e-14	7.16e-09	2.20e-05	3.16e-03	8.87e-02	3.74e-01	2.78e-01	1.40e-01	1.10e-01	6.32e-03	9.94e-05
 1.82823e+23	7.31e-14	8.43e-09	2.53e-05	3.50e-03	9.46e-02	3.84e-01	2.75e-01	1.35e-01	1.03e-01	5.67e-03	8.57e-05
 1.83906e+23	9.31e-14	1.05e-08	3.03e-05	4.01e-03	1.03e-01	3.96e-01	2.70e-01	1.28e-01	9.37e-02	4.89e-03	7.00e-05
 1.85009e+23	1.13e-13	1.24e-08	3.49e-05	4.45e-03	1.09e-01	4.06e-01	2.66e-01	1.23e-01	8.70e-02	4.36e-03	5.99e-05
 1.86137e+23	1.46e-13	1.55e-08	4.20e-05	5.09e-03	1.19e-01	4.18e-01	2.60e-01	1.17e-01	7.85e-02	3.72e-03	4.84e-05
 1.87288e+23	1.80e-13	1.85e-08	4.85e-05	5.65e-03	1.26e-01	4.27e-01	2.54e-01	1.11e-01	7.24e-02	3.29e-03	4.10e-05
 1.88472e+23	2.38e-13	2.35e-08	5.88e-05	6.48e-03	1.37e-01	4.38e-01	2.47e-01	1.04e-01	6.48e-02	2.78e-03	3.27e-05
 1.89687e+23	2.97e-13	2.83e-08	6.84e-05	7.22e-03	1.46e-01	4.46e-01	2.41e-01	9.88e-02	5.92e-02	2.42e-03	2.73e-05
 1.90943e+23	3.98e-13	3.62e-08	8.32e-05	8.28e-03	1.57e-01	4.55e-01	2.32e-01	9.19e-02	5.25e-02	2.02e-03	2.15e-05
 1.92213e+23	5.00e-13	4.37e-08	9.65e-05	9.19e-03	1.67e-01	4.62e-01	2.26e-01	8.67e-02	4.77e-02	1.76e-03	1.78e-05
 1.93502e+23	6.78e-13	5.63e-08	1.18e-04	1.05e-02	1.80e-01	4.70e-01	2.16e-01	8.00e-02	4.20e-02	1.45e-03	1.39e-05
 1.94803e+23	8.55e-13	6.80e-08	1.36e-04	1.17e-02	1.90e-01	4.74e-01	2.09e-01	7.51e-02	3.80e-02	1.26e-03	1.15e-05
 1.96121e+23	1.16e-12	8.76e-08	1.66e-04	1.33e-02	2.04e-01	4.80e-01	1.99e-01	6.89e-02	3.32e-02	1.03e-03	8.85e-06
 1.97464e+23	1.48e-12	1.06e-07	1.93e-04	1.48e-02	2.15e-01	4.83e-01	1.92e-01	6.42e-02	2.98e-02	8.84e-04	7.23e-06
 1.98650e+23	1.88e-12	1.29e-07	2.24e-04	1.63e-02	2.27e-01	4.85e-01	1.84e-01	5.98e-02	2.68e-02	7.55e-04	5.89e-06
 2.00003e+23	2.55e-12	1.65e-07	2.70e-04	1.85e-02	2.42e-01	4.87e-01	1.74e-01	5.45e-02	2.32e-02	6.17e-04	4.52e-06
 2.01385e+23	3.29e-12	2.03e-07	3.16e-04	2.05e-02	2.54e-01	4.88e-01	1.66e-01	5.03e-02	2.06e-02	5.21e-04	3.63e-06
 2.02505e+23	4.05e-12	2.40e-07	3.58e-04	2.23e-02	2.65e-01	4.87e-01	1.59e-01	4.70e-02	1.87e-02	4.52e-04	3.02e-06
 2.03664e+23	5.18e-12	2.92e-07	4.15e-04	2.46e-02	2.78e-01	4.86e-01	1.51e-01	4.34e-02	1.66e-02	3.82e-04	2.43e-06
 2.04885e+23	6.47e-12	3.48e-07	4.74e-04	2.68e-02	2.89e-01	4.84e-01	1.44e-01	4.03e-02	1.49e-02	3.27e-04	1.99e-06
 2.06007e+23	8.03e-12	4.14e-07	5.40e-04	2.91e-02	3.00e-01	4.82e-01	1.37e-01	3.74e-02	1.34e-02	2.81e-04	1.63e-06
 2.07285e+23	1.05e-11	5.13e-07	6.33e-04	3.22e-02	3.15e-01	4.78e-01	1.29e-01	3.40e-02	1.17e-02	2.32e-04	1.28e-06
 2.08599e+23	1.34e-11	6.21e-07	7.30e-04	3.53e-02	3.27e-01	4.73e-01	1.22e-01	3.12e-02	1.03e-02	1.95e-04	1.02e-06
 2.09752e+23	1.66e-11	7.36e-07	8.28e-04	3.82e-02	3.39e-01	4.68e-01	1.16e-01	2.88e-02	9.21e-03	1.67e-04	8.34e-07
 2.11048e+23	2.17e-11	9.08e-07	9.66e-04	4.20e-02	3.53e-01	4.62e-01	1.08e-01	2.61e-02	7.99e-03	1.37e-04	6.48e-07
 2.12405e+23	2.77e-11	1.10e-06	1.11e-03	4.59e-02	3.66e-01	4.55e-01	1.01e-01	2.38e-02	7.00e-03	1.14e-04	5.12e-07
 2.13632e+23	3.46e-11	1.31e-06	1.27e-03	4.97e-02	3.77e-01	4.48e-01	9.55e-02	2.18e-02	6.20e-03	9.60e-05	4.12e-07
 2.15017e+23	4.58e-11	1.63e-06	1.49e-03	5.48e-02	3.92e-01	4.39e-01	8.84e-02	1.95e-02	5.31e-03	7.74e-05	3.14e-07
 2.16447e+23	5.89e-11	1.99e-06	1.72e-03	5.98e-02	4.04e-01	4.30e-01	8.21e-02	1.77e-02	4.60e-03	6.36e-05	2.44e-07
 2.17721e+23	7.39e-11	2.37e-06	1.95e-03	6.46e-02	4.16e-01	4.21e-01	7.68e-02	1.61e-02	4.04e-03	5.32e-05	1.94e-07
 2.19162e+23	9.81e-11	2.96e-06	2.29e-03	7.10e-02	4.29e-01	4.09e-01	7.04e-02	1.43e-02	3.43e-03	4.24e-05	1.46e-07
 2.20662e+23	1.27e-10	3.61e-06	2.64e-03	7.73e-02	4.42e-01	3.98e-01	6.50e-02	1.28e-02	2.94e-03	3.44e-05	0.00e+00
 2.22013e+23	1.61e-10	4.34e-06	3.01e-03	8.35e-02	4.52e-01	3.87e-01	6.01e-02	1.16e-02	2.55e-03	2.83e-05	0.00e+00
 2.23545e+23	2.17e-10	5.48e-06	3.56e-03	9.19e-02	4.65e-01	3.73e-01	5.44e-02	1.01e-02	2.12e-03	2.20e-05	0.00e+00
 2.25120e+23	2.80e-10	6.67e-06	4.10e-03	9.95e-02	4.76e-01	3.60e-01	4.98e-02	9.01e-03	1.81e-03	1.77e-05	0.00e+00
 2.26534e+23	3.58e-10	8.06e-06	4.68e-03	1.07e-01	4.85e-01	3.48e-01	4.56e-02	8.05e-03	1.55e-03	1.44e-05	0.00e+00
 2.28156e+23	4.90e-10	1.03e-05	5.56e-03	1.18e-01	4.96e-01	3.31e-01	4.07e-02	6.95e-03	1.26e-03	1.09e-05	0.00e+00
 2.29795e+23	6.33e-10	1.25e-05	6.38e-03	1.27e-01	5.04e-01	3.18e-01	3.69e-02	6.15e-03	1.07e-03	8.68e-06	0.00e+00
 2.31455e+23	8.62e-10	1.58e-05	7.53e-03	1.39e-01	5.13e-01	3.01e-01	3.27e-02	5.29e-03	8.69e-04	6.56e-06	0.00e+00
 2.33141e+23	1.12e-09	1.93e-05	8.64e-03	1.50e-01	5.20e-01	2.87e-01	2.95e-02	4.65e-03	7.28e-04	5.18e-06	0.00e+00
 2.34638e+23	1.43e-09	2.33e-05	9.86e-03	1.61e-01	5.25e-01	2.73e-01	2.66e-02	4.10e-03	6.12e-04	4.10e-06	0.00e+00
 2.36358e+23	1.98e-09	2.98e-05	1.17e-02	1.76e-01	5.30e-01	2.56e-01	2.32e-02	3.47e-03	4.87e-04	3.02e-06	0.00e+00
 2.38101e+23	2.55e-09	3.61e-05	1.33e-02	1.88e-01	5.33e-01	2.42e-01	2.08e-02	3.04e-03	4.05e-04	2.36e-06	0.00e+00
 2.39872e+23	3.53e-09	4.61e-05	1.58e-02	2.04e-01	5.35e-01	2.24e-01	1.79e-02	2.55e-03	3.19e-04	1.71e-06	0.00e+00
 2.41667e+23	4.56e-09	5.59e-05	1.80e-02	2.18e-01	5.35e-01	2.11e-01	1.59e-02	2.21e-03	2.63e-04	1.33e-06	0.00e+00
 2.43492e+23	6.33e-09	7.15e-05	2.13e-02	2.36e-01	5.33e-01	1.94e-01	1.36e-02	1.84e-03	2.04e-04	9.47e-07	0.00e+00
 2.45341e+23	8.20e-09	8.68e-05	2.42e-02	2.51e-01	5.30e-01	1.81e-01	1.20e-02	1.58e-03	1.66e-04	7.23e-07	0.00e+00
 2.46951e+23	1.05e-08	1.05e-04	2.75e-02	2.66e-01	5.26e-01	1.68e-01	1.06e-02	1.37e-03	1.36e-04	5.55e-07	0.00e+00
 2.48491e+23	1.32e-08	1.24e-04	3.08e-02	2.80e-01	5.21e-01	1.57e-01	9.38e-03	1.19e-03	1.13e-04	4.33e-07	0.00e+00
 2.49958e+23	1.65e-08	1.46e-04	3.43e-02	2.93e-01	5.16e-01	1.47e-01	8.33e-03	1.04e-03	9.38e-05	3.40e-07	0.00e+00
 2.51613e+23	2.18e-08	1.80e-04	3.93e-02	3.11e-01	5.07e-01	1.35e-01	7.16e-03	8.74e-04	7.41e-05	2.49e-07	0.00e+00
 2.53263e+23	2.72e-08	2.11e-04	4.38e-02	3.25e-01	4.99e-01	1.25e-01	6.33e-03	7.59e-04	6.12e-05	1.94e-07	0.00e+00
 2.54907e+23	3.57e-08	2.58e-04	4.99e-02	3.42e-01	4.88e-01	1.14e-01	5.41e-03	6.35e-04	4.81e-05	1.41e-07	0.00e+00
 2.56585e+23	4.46e-08	3.05e-04	5.55e-02	3.56e-01	4.78e-01	1.05e-01	4.74e-03	5.47e-04	3.92e-05	0.00e+00	0.00e+00
 2.58306e+23	5.89e-08	3.73e-04	6.33e-02	3.74e-01	4.63e-01	9.43e-02	4.01e-03	4.52e-04	3.04e-05	0.00e+00	0.00e+00
 2.60045e+23	7.37e-08	4.40e-04	7.02e-02	3.88e-01	4.51e-01	8.63e-02	3.48e-03	3.86e-04	2.45e-05	0.00e+00	0.00e+00
 2.61576e+23	9.15e-08	5.15e-04	7.76e-02	4.02e-01	4.38e-01	7.89e-02	3.03e-03	3.30e-04	1.99e-05	0.00e+00	0.00e+00
 2.63334e+23	1.20e-07	6.28e-04	8.80e-02	4.18e-01	4.21e-01	7.01e-02	2.53e-03	2.69e-04	1.52e-05	0.00e+00	0.00e+00
 2.65037e+23	1.47e-07	7.25e-04	9.63e-02	4.29e-01	4.07e-01	6.41e-02	2.21e-03	2.31e-04	1.24e-05	0.00e+00	0.00e+00
 2.66396e+23	1.76e-07	8.27e-04	1.04e-01	4.39e-01	3.94e-01	5.89e-02	1.95e-03	2.01e-04	1.03e-05	0.00e+00	0.00e+00
 2.67887e+23	2.20e-07	9.68e-04	1.15e-01	4.51e-01	3.78e-01	5.30e-02	1.67e-03	1.69e-04	8.14e-06	0.00e+00	0.00e+00
 2.69405e+23	2.64e-07	1.10e-03	1.25e-01	4.60e-01	3.64e-01	4.84e-02	1.46e-03	1.45e-04	6.68e-06	0.00e+00	0.00e+00
 2.70749e+23	3.15e-07	1.25e-03	1.35e-01	4.68e-01	3.50e-01	4.42e-02	1.28e-03	1.25e-04	5.50e-06	0.00e+00	0.00e+00
 2.72285e+23	3.92e-07	1.46e-03	1.48e-01	4.77e-01	3.33e-01	3.93e-02	1.09e-03	1.04e-04	4.30e-06	0.00e+00	0.00e+00
 2.73841e+23	4.70e-07	1.66e-03	1.60e-01	4.84e-01	3.18e-01	3.56e-02	9.45e-04	8.84e-05	3.49e-06	0.00e+00	0.00e+00
 2.75205e+23	5.59e-07	1.88e-03	1.72e-01	4.89e-01	3.04e-01	3.22e-02	8.23e-04	7.56e-05	2.85e-06	0.00e+00	0.00e+00
 2.76764e+23	6.92e-07	2.19e-03	1.88e-01	4.95e-01	2.86e-01	2.84e-02	6.92e-04	6.20e-05	2.20e-06	0.00e+00	0.00e+00
 2.78349e+23	8.27e-07	2.48e-03	2.02e-01	4.99e-01	2.71e-01	2.54e-02	5.96e-04	5.23e-05	1.77e-06	0.00e+00	0.00e+00
 2.79752e+23	9.82e-07	2.79e-03	2.16e-01	5.01e-01	2.57e-01	2.28e-02	5.14e-04	4.42e-05	1.43e-06	0.00e+00	0.00e+00
 2.81358e+23	1.21e-06	3.23e-03	2.35e-01	5.03e-01	2.39e-01	1.98e-02	4.27e-04	3.58e-05	1.09e-06	0.00e+00	0.00e+00
 2.82984e+23	1.45e-06	3.65e-03	2.51e-01	5.03e-01	2.25e-01	1.76e-02	3.65e-04	2.98e-05	8.63e-07	0.00e+00	0.00e+00
 2.84416e+23	1.71e-06	4.09e-03	2.67e-01	5.02e-01	2.11e-01	1.56e-02	3.12e-04	2.49e-05	6.88e-07	0.00e+00	0.00e+00
 2.86058e+23	2.11e-06	4.71e-03	2.89e-01	4.99e-01	1.94e-01	1.34e-02	2.57e-04	1.99e-05	5.17e-07	0.00e+00	0.00e+00
 2.87730e+23	2.51e-06	5.30e-03	3.07e-01	4.95e-01	1.80e-01	1.18e-02	2.17e-04	1.63e-05	4.04e-07	0.00e+00	0.00e+00
 2.89219e+23	2.97e-06	5.94e-03	3.26e-01	4.90e-01	1.67e-01	1.03e-02	1.83e-04	1.34e-05	3.17e-07	0.00e+00	0.00e+00
 2.90930e+23	3.65e-06	6.82e-03	3.50e-01	4.82e-01	1.52e-01	8.70e-03	1.48e-04	1.05e-05	2.33e-07	0.00e+00	0.00e+00
 2.92675e+23	4.35e-06	7.65e-03	3.71e-01	4.74e-01	1.39e-01	7.51e-03	1.23e-04	8.47e-06	1.79e-07	0.00e+00	0.00e+00
 2.94464e+23	5.36e-06	8.79e-03	3.97e-01	4.63e-01	1.25e-01	6.24e-03	9.82e-05	6.47e-06	1.29e-07	0.00e+00	0.00e+00
 2.96277e+23	6.39e-06	9.85e-03	4.20e-01	4.52e-01	1.13e-01	5.32e-03	8.07e-05	5.14e-06	0.00e+00	0.00e+00	0.00e+00
 2.97870e+23	7.54e-06	1.10e-02	4.41e-01	4.40e-01	1.03e-01	4.55e-03	6.67e-05	4.11e-06	0.00e+00	0.00e+00	0.00e+00
 2.99686e+23	9.23e-06	1.25e-02	4.69e-01	4.24e-01	9.08e-02	3.72e-03	5.25e-05	3.09e-06	0.00e+00	0.00e+00	0.00e+00
 3.01557e+23	1.10e-05	1.39e-02	4.92e-01	4.10e-01	8.11e-02	3.11e-03	4.24e-05	2.40e-06	0.00e+00	0.00e+00	0.00e+00
 3.02974e+23	1.24e-05	1.50e-02	5.08e-01	3.99e-01	7.50e-02	2.75e-03	3.66e-05	2.01e-06	0.00e+00	0.00e+00	0.00e+00
 3.04293e+23	1.43e-05	1.64e-02	5.28e-01	3.86e-01	6.79e-02	2.36e-03	3.05e-05	1.62e-06	0.00e+00	0.00e+00	0.00e+00
 3.05656e+23	1.62e-05	1.77e-02	5.44e-01	3.74e-01	6.22e-02	2.07e-03	2.61e-05	1.34e-06	0.00e+00	0.00e+00	0.00e+00
 3.06884e+23	1.82e-05	1.90e-02	5.60e-01	3.62e-01	5.71e-02	1.81e-03	2.24e-05	1.12e-06	0.00e+00	0.00e+00	0.00e+00
 3.08032e+23	2.03e-05	2.03e-02	5.74e-01	3.52e-01	5.27e-02	1.61e-03	1.95e-05	9.43e-07	0.00e+00	0.00e+00	0.00e+00
