#depth	Cl	Cl+	Cl+2	Cl+3	Cl+4	Cl+5	Cl+6	Cl+7	Cl+8	Cl+9	Cl+10	Cl+11	Cl+12	Cl+13	Cl+14	Cl+15	Cl+16	Cl+17
 1.54284e+22	0.00e+00	0.00e+00	0.00e+00	0.00e+00	1.26e-24	2.03e-21	1.80e-18	2.11e-15	6.93e-13	1.01e-10	7.02e-09	3.00e-07	7.54e-06	1.24e-04	2.26e-03	7.56e-02	3.63e-01	5.59e-01
 3.58036e+22	0.00e+00	0.00e+00	0.00e+00	1.36e-26	2.54e-23	2.99e-20	3.25e-17	5.50e-14	1.28e-11	1.32e-09	6.53e-08	1.97e-06	3.51e-05	4.08e-04	5.22e-03	1.24e-01	4.18e-01	4.53e-01
 4.41538e+22	0.00e+00	0.00e+00	5.96e-29	3.13e-25	4.67e-22	4.38e-19	3.73e-16	5.13e-13	9.53e-11	7.79e-09	3.04e-07	7.26e-06	1.01e-04	9.15e-04	9.13e-03	1.69e-01	4.45e-01	3.76e-01
 5.02799e+22	0.00e+00	0.00e+00	9.35e-28	4.12e-24	5.06e-21	3.88e-18	2.67e-15	3.13e-12	4.87e-10	3.32e-08	1.07e-06	2.12e-05	2.42e-04	1.76e-03	1.42e-02	2.14e-01	4.57e-01	3.13e-01
 5.36834e+22	0.00e+00	1.38e-31	1.93e-27	8.10e-24	9.43e-21	6.85e-18	4.45e-15	5.01e-12	7.46e-10	4.85e-08	1.49e-06	2.80e-05	3.04e-04	2.09e-03	1.59e-02	2.27e-01	4.58e-01	2.97e-01
 5.47583e+22	0.00e+00	2.12e-31	2.88e-27	1.18e-23	1.33e-20	9.41e-18	5.92e-15	6.52e-12	9.46e-10	5.99e-08	1.79e-06	3.27e-05	3.45e-04	2.29e-03	1.70e-02	2.35e-01	4.58e-01	2.88e-01
 5.56652e+22	0.00e+00	3.81e-31	4.99e-27	1.97e-23	2.13e-20	1.44e-17	8.65e-15	9.28e-12	1.30e-09	7.97e-08	2.30e-06	4.05e-05	4.09e-04	2.61e-03	1.85e-02	2.45e-01	4.58e-01	2.76e-01
 5.65600e+22	0.00e+00	5.71e-31	7.29e-27	2.80e-23	2.96e-20	1.94e-17	1.13e-14	1.19e-11	1.63e-09	9.71e-08	2.73e-06	4.68e-05	4.61e-04	2.85e-03	1.96e-02	2.52e-01	4.58e-01	2.67e-01
 5.74391e+22	0.00e+00	9.80e-31	1.21e-26	4.49e-23	4.55e-20	2.87e-17	1.60e-14	1.64e-11	2.19e-09	1.26e-07	3.43e-06	5.69e-05	5.39e-04	3.20e-03	2.11e-02	2.62e-01	4.57e-01	2.57e-01
 5.83491e+22	0.00e+00	1.59e-30	1.90e-26	6.84e-23	6.69e-20	4.07e-17	2.19e-14	2.19e-11	2.84e-09	1.60e-07	4.21e-06	6.78e-05	6.21e-04	3.55e-03	2.26e-02	2.70e-01	4.56e-01	2.47e-01
 5.91544e+22	0.00e+00	2.47e-30	2.86e-26	1.00e-22	9.51e-20	5.60e-17	2.91e-14	2.85e-11	3.61e-09	1.98e-07	5.07e-06	7.93e-05	7.05e-04	3.90e-03	2.40e-02	2.79e-01	4.54e-01	2.38e-01
 6.00566e+22	0.00e+00	4.26e-30	4.75e-26	1.61e-22	1.47e-19	8.29e-17	4.13e-14	3.95e-11	4.85e-09	2.57e-07	6.38e-06	9.64e-05	8.26e-04	4.38e-03	2.59e-02	2.89e-01	4.52e-01	2.28e-01
 6.09707e+22	0.00e+00	6.87e-30	7.42e-26	2.43e-22	2.14e-19	1.17e-16	5.60e-14	5.25e-11	6.28e-09	3.24e-07	7.80e-06	1.14e-04	9.48e-04	4.84e-03	2.77e-02	2.98e-01	4.50e-01	2.19e-01
 6.17513e+22	0.00e+00	1.06e-29	1.11e-25	3.54e-22	3.02e-19	1.60e-16	7.38e-14	6.79e-11	7.94e-09	3.99e-07	9.35e-06	1.33e-04	1.07e-03	5.31e-03	2.93e-02	3.06e-01	4.47e-01	2.11e-01
 6.26168e+22	0.00e+00	1.82e-29	1.84e-25	5.66e-22	4.64e-19	2.35e-16	1.04e-13	9.36e-11	1.06e-08	5.19e-07	1.17e-05	1.62e-04	1.25e-03	5.94e-03	3.15e-02	3.16e-01	4.44e-01	2.01e-01
 6.35009e+22	0.00e+00	2.91e-29	2.85e-25	8.51e-22	6.72e-19	3.29e-16	1.40e-13	1.23e-10	1.37e-08	6.50e-07	1.43e-05	1.91e-04	1.43e-03	6.55e-03	3.35e-02	3.25e-01	4.41e-01	1.93e-01
 6.42711e+22	0.00e+00	4.47e-29	4.26e-25	1.23e-21	9.44e-19	4.47e-16	1.84e-13	1.59e-10	1.72e-08	7.99e-07	1.71e-05	2.23e-04	1.62e-03	7.16e-03	3.55e-02	3.33e-01	4.37e-01	1.85e-01
 6.51346e+22	0.00e+00	7.65e-29	7.02e-25	1.96e-21	1.44e-18	6.54e-16	2.58e-13	2.18e-10	2.30e-08	1.03e-06	2.14e-05	2.70e-04	1.89e-03	8.00e-03	3.80e-02	3.43e-01	4.33e-01	1.76e-01
 6.60310e+22	0.00e+00	1.24e-28	1.10e-24	2.97e-21	2.11e-18	9.20e-16	3.48e-13	2.89e-10	2.97e-08	1.30e-06	2.61e-05	3.19e-04	2.16e-03	8.82e-03	4.04e-02	3.52e-01	4.28e-01	1.68e-01
 6.68292e+22	0.00e+00	1.95e-28	1.68e-24	4.40e-21	3.01e-18	1.27e-15	4.61e-13	3.77e-10	3.79e-08	1.62e-06	3.16e-05	3.75e-04	2.46e-03	9.67e-03	4.28e-02	3.60e-01	4.24e-01	1.61e-01
 6.76023e+22	0.00e+00	3.07e-28	2.55e-24	6.49e-21	4.29e-18	1.74e-15	6.10e-13	4.90e-10	4.82e-08	2.01e-06	3.81e-05	4.40e-04	2.79e-03	1.06e-02	4.52e-02	3.69e-01	4.19e-01	1.53e-01
 6.84836e+22	0.00e+00	5.37e-28	4.30e-24	1.05e-20	6.65e-18	2.58e-15	8.63e-13	6.80e-10	6.50e-08	2.62e-06	4.80e-05	5.35e-04	3.26e-03	1.19e-02	4.84e-02	3.79e-01	4.12e-01	1.45e-01
 6.93835e+22	0.00e+00	8.58e-28	6.65e-24	1.58e-20	9.60e-18	3.59e-15	1.15e-12	8.92e-10	8.34e-08	3.28e-06	5.83e-05	6.31e-04	3.72e-03	1.30e-02	5.12e-02	3.87e-01	4.06e-01	1.38e-01
 7.03077e+22	0.00e+00	1.54e-27	1.15e-23	2.61e-20	1.52e-17	5.41e-15	1.65e-12	1.25e-09	1.14e-07	4.33e-06	7.42e-05	7.73e-04	4.37e-03	1.46e-02	5.49e-02	3.97e-01	3.99e-01	1.29e-01
 7.12498e+22	0.00e+00	2.58e-27	1.85e-23	4.05e-20	2.26e-17	7.72e-15	2.25e-12	1.68e-09	1.49e-07	5.52e-06	9.17e-05	9.24e-04	5.04e-03	1.61e-02	5.82e-02	4.06e-01	3.91e-01	1.22e-01
 7.20163e+22	0.00e+00	3.90e-27	2.71e-23	5.78e-20	3.12e-17	1.03e-14	2.89e-12	2.13e-09	1.85e-07	6.71e-06	1.09e-04	1.07e-03	5.65e-03	1.75e-02	6.10e-02	4.13e-01	3.85e-01	1.16e-01
 7.28138e+22	0.00e+00	6.53e-27	4.38e-23	8.99e-20	4.65e-17	1.47e-14	3.94e-12	2.86e-09	2.43e-07	8.56e-06	1.34e-04	1.27e-03	6.50e-03	1.93e-02	6.46e-02	4.21e-01	3.78e-01	1.10e-01
 7.36434e+22	0.00e+00	1.03e-26	6.69e-23	1.33e-19	6.61e-17	2.01e-14	5.18e-12	3.71e-09	3.09e-07	1.06e-05	1.62e-04	1.49e-03	7.35e-03	2.10e-02	6.79e-02	4.28e-01	3.70e-01	1.04e-01
 7.43893e+22	0.00e+00	1.57e-26	9.91e-23	1.91e-19	9.18e-17	2.69e-14	6.68e-12	4.73e-09	3.86e-07	1.30e-05	1.92e-04	1.72e-03	8.24e-03	2.28e-02	7.11e-02	4.34e-01	3.63e-01	9.86e-02
 7.50875e+22	0.00e+00	2.35e-26	1.44e-22	2.69e-19	1.25e-16	3.53e-14	8.46e-12	5.92e-09	4.76e-07	1.56e-05	2.26e-04	1.98e-03	9.18e-03	2.45e-02	7.42e-02	4.40e-01	3.57e-01	9.38e-02
 7.56881e+22	0.00e+00	3.30e-26	1.97e-22	3.59e-19	1.62e-16	4.43e-14	1.03e-11	7.16e-09	5.67e-07	1.83e-05	2.60e-04	2.22e-03	1.01e-02	2.61e-02	7.68e-02	4.44e-01	3.51e-01	8.98e-02
 7.62237e+22	0.00e+00	4.62e-26	2.69e-22	4.77e-19	2.09e-16	5.55e-14	1.25e-11	8.63e-09	6.74e-07	2.14e-05	2.97e-04	2.49e-03	1.10e-02	2.78e-02	7.95e-02	4.48e-01	3.45e-01	8.60e-02
 7.68357e+22	0.00e+00	6.95e-26	3.92e-22	6.74e-19	2.84e-16	7.29e-14	1.58e-11	1.08e-08	8.32e-07	2.59e-05	3.50e-04	2.85e-03	1.22e-02	2.99e-02	8.28e-02	4.53e-01	3.37e-01	8.16e-02
 7.74648e+22	0.00e+00	9.76e-26	5.36e-22	8.99e-19	3.68e-16	9.17e-14	1.92e-11	1.31e-08	9.92e-07	3.03e-05	4.01e-04	3.20e-03	1.34e-02	3.18e-02	8.56e-02	4.57e-01	3.31e-01	7.79e-02
 7.80062e+22	0.00e+00	1.35e-25	7.22e-22	1.18e-18	4.70e-16	1.14e-13	2.31e-11	1.56e-08	1.17e-06	3.52e-05	4.57e-04	3.57e-03	1.46e-02	3.37e-02	8.82e-02	4.60e-01	3.25e-01	7.46e-02
 7.85158e+22	0.00e+00	1.86e-25	9.71e-22	1.55e-18	5.99e-16	1.40e-13	2.77e-11	1.86e-08	1.38e-06	4.08e-05	5.19e-04	3.97e-03	1.58e-02	3.56e-02	9.09e-02	4.63e-01	3.19e-01	7.14e-02
 7.90152e+22	0.00e+00	2.51e-25	1.28e-21	2.00e-18	7.51e-16	1.71e-13	3.28e-11	2.20e-08	1.61e-06	4.69e-05	5.85e-04	4.39e-03	1.71e-02	3.76e-02	9.35e-02	4.65e-01	3.13e-01	6.85e-02
 7.95030e+22	0.00e+00	3.37e-25	1.69e-21	2.56e-18	9.39e-16	2.08e-13	3.88e-11	2.59e-08	1.87e-06	5.38e-05	6.58e-04	4.84e-03	1.85e-02	3.95e-02	9.60e-02	4.68e-01	3.07e-01	6.56e-02
 7.99803e+22	0.00e+00	4.55e-25	2.22e-21	3.29e-18	1.17e-15	2.53e-13	4.58e-11	3.04e-08	2.18e-06	6.16e-05	7.40e-04	5.34e-03	1.99e-02	4.16e-02	9.86e-02	4.70e-01	3.01e-01	6.29e-02
 8.04532e+22	0.00e+00	6.12e-25	2.92e-21	4.23e-18	1.46e-15	3.06e-13	5.39e-11	3.57e-08	2.53e-06	7.06e-05	8.33e-04	5.89e-03	2.15e-02	4.38e-02	1.01e-01	4.71e-01	2.95e-01	6.02e-02
 8.09948e+22	0.00e+00	8.86e-25	4.11e-21	5.77e-18	1.93e-15	3.90e-13	6.62e-11	4.37e-08	3.05e-06	8.37e-05	9.63e-04	6.65e-03	2.36e-02	4.66e-02	1.04e-01	4.73e-01	2.88e-01	5.70e-02
 8.15427e+22	0.00e+00	1.23e-24	5.57e-21	7.60e-18	2.46e-15	4.81e-13	7.90e-11	5.21e-08	3.60e-06	9.72e-05	1.10e-03	7.40e-03	2.56e-02	4.92e-02	1.07e-01	4.74e-01	2.81e-01	5.42e-02
 8.20051e+22	0.00e+00	1.64e-24	7.25e-21	9.65e-18	3.04e-15	5.78e-13	9.21e-11	6.07e-08	4.16e-06	1.11e-04	1.23e-03	8.13e-03	2.75e-02	5.16e-02	1.10e-01	4.75e-01	2.75e-01	5.18e-02
 8.24338e+22	0.00e+00	2.17e-24	9.35e-21	1.22e-17	3.73e-15	6.88e-13	1.07e-10	7.03e-08	4.78e-06	1.25e-04	1.37e-03	8.88e-03	2.94e-02	5.39e-02	1.12e-01	4.75e-01	2.69e-01	4.96e-02
 8.28487e+22	0.00e+00	2.85e-24	1.20e-20	1.52e-17	4.55e-15	8.17e-13	1.23e-10	8.12e-08	5.47e-06	1.42e-04	1.52e-03	9.70e-03	3.15e-02	5.63e-02	1.14e-01	4.76e-01	2.63e-01	4.75e-02
 8.33242e+22	0.00e+00	4.00e-24	1.64e-20	2.02e-17	5.83e-15	1.01e-12	1.47e-10	9.71e-08	6.48e-06	1.65e-04	1.73e-03	1.08e-02	3.42e-02	5.94e-02	1.17e-01	4.75e-01	2.56e-01	4.50e-02
 8.38092e+22	0.00e+00	5.43e-24	2.17e-20	2.60e-17	7.28e-15	1.22e-12	1.72e-10	1.14e-07	7.53e-06	1.89e-04	1.95e-03	1.19e-02	3.68e-02	6.23e-02	1.20e-01	4.75e-01	2.50e-01	4.28e-02
 8.42245e+22	0.00e+00	7.12e-24	2.78e-20	3.25e-17	8.84e-15	1.44e-12	1.98e-10	1.31e-07	8.60e-06	2.14e-04	2.16e-03	1.30e-02	3.92e-02	6.49e-02	1.22e-01	4.74e-01	2.44e-01	4.09e-02
 8.46820e+22	0.00e+00	1.01e-23	3.81e-20	4.31e-17	1.13e-14	1.78e-12	2.36e-10	1.56e-07	1.02e-05	2.49e-04	2.46e-03	1.44e-02	4.25e-02	6.84e-02	1.25e-01	4.73e-01	2.36e-01	3.85e-02
 8.51533e+22	0.00e+00	1.36e-23	5.03e-20	5.54e-17	1.41e-14	2.14e-12	2.74e-10	1.83e-07	1.18e-05	2.85e-04	2.76e-03	1.59e-02	4.57e-02	7.16e-02	1.27e-01	4.71e-01	2.30e-01	3.65e-02
 8.55696e+22	0.00e+00	1.81e-23	6.53e-20	6.99e-17	1.72e-14	2.54e-12	3.15e-10	2.11e-07	1.35e-05	3.23e-04	3.07e-03	1.73e-02	4.88e-02	7.46e-02	1.29e-01	4.69e-01	2.23e-01	3.47e-02
 8.60377e+22	0.00e+00	2.63e-23	9.17e-20	9.47e-17	2.24e-14	3.17e-12	3.78e-10	2.55e-07	1.62e-05	3.80e-04	3.53e-03	1.94e-02	5.31e-02	7.86e-02	1.32e-01	4.66e-01	2.15e-01	3.25e-02
 8.65118e+22	0.00e+00	3.57e-23	1.21e-19	1.21e-16	2.78e-14	3.79e-12	4.37e-10	2.96e-07	1.87e-05	4.34e-04	3.95e-03	2.13e-02	5.69e-02	8.20e-02	1.34e-01	4.63e-01	2.08e-01	3.07e-02
 8.69160e+22	0.00e+00	4.73e-23	1.56e-19	1.52e-16	3.38e-14	4.47e-12	5.00e-10	3.41e-07	2.14e-05	4.90e-04	4.38e-03	2.31e-02	6.06e-02	8.52e-02	1.36e-01	4.59e-01	2.02e-01	2.91e-02
 8.73641e+22	0.00e+00	6.93e-23	2.21e-19	2.07e-16	4.40e-14	5.55e-12	5.95e-10	4.10e-07	2.57e-05	5.78e-04	5.04e-03	2.59e-02	6.58e-02	8.96e-02	1.38e-01	4.54e-01	1.94e-01	2.70e-02
 8.78095e+22	0.00e+00	9.14e-23	2.84e-19	2.59e-16	5.33e-14	6.52e-12	6.77e-10	4.71e-07	2.93e-05	6.51e-04	5.57e-03	2.81e-02	6.99e-02	9.29e-02	1.39e-01	4.50e-01	1.88e-01	2.56e-02
 8.82517e+22	0.00e+00	1.34e-22	4.03e-19	3.52e-16	6.93e-14	8.08e-12	8.03e-10	5.66e-07	3.50e-05	7.66e-04	6.40e-03	3.14e-02	7.58e-02	9.75e-02	1.41e-01	4.44e-01	1.79e-01	2.37e-02
 8.86820e+22	0.00e+00	1.74e-22	5.09e-19	4.34e-16	8.29e-14	9.38e-12	9.06e-10	6.43e-07	3.95e-05	8.55e-04	7.02e-03	3.38e-02	8.00e-02	1.01e-01	1.43e-01	4.39e-01	1.73e-01	2.24e-02
 8.90969e+22	0.00e+00	2.55e-22	7.18e-19	5.85e-16	1.07e-13	1.15e-11	1.06e-09	7.67e-07	4.70e-05	1.00e-03	8.03e-03	3.76e-02	8.64e-02	1.05e-01	1.44e-01	4.32e-01	1.65e-01	2.07e-02
 8.95090e+22	0.00e+00	3.29e-22	9.05e-19	7.19e-16	1.27e-13	1.33e-11	1.19e-09	8.68e-07	5.29e-05	1.12e-03	8.78e-03	4.04e-02	9.09e-02	1.08e-01	1.45e-01	4.26e-01	1.60e-01	1.96e-02
 8.99175e+22	0.00e+00	4.85e-22	1.28e-18	9.71e-16	1.64e-13	1.63e-11	1.40e-09	1.04e-06	6.29e-05	1.31e-03	1.00e-02	4.49e-02	9.81e-02	1.13e-01	1.46e-01	4.17e-01	1.51e-01	1.80e-02
 9.03266e+22	0.00e+00	6.35e-22	1.63e-18	1.20e-15	1.97e-13	1.89e-11	1.57e-09	1.18e-06	7.11e-05	1.46e-03	1.10e-02	4.83e-02	1.03e-01	1.16e-01	1.47e-01	4.11e-01	1.45e-01	1.69e-02
 9.07366e+22	0.00e+00	9.34e-22	2.31e-18	1.62e-15	2.53e-13	2.31e-11	1.83e-09	1.40e-06	8.42e-05	1.71e-03	1.25e-02	5.35e-02	1.11e-01	1.21e-01	1.47e-01	4.01e-01	1.37e-01	1.54e-02
 9.11535e+22	0.00e+00	1.24e-21	2.99e-18	2.04e-15	3.06e-13	2.69e-11	2.06e-09	1.59e-06	9.56e-05	1.91e-03	1.38e-02	5.76e-02	1.17e-01	1.24e-01	1.47e-01	3.93e-01	1.31e-01	1.44e-02
 9.15794e+22	0.00e+00	1.83e-21	4.23e-18	2.75e-15	3.93e-13	3.29e-11	2.40e-09	1.90e-06	1.13e-04	2.23e-03	1.57e-02	6.36e-02	1.25e-01	1.28e-01	1.47e-01	3.81e-01	1.23e-01	1.31e-02
 9.20022e+22	0.00e+00	2.47e-21	5.52e-18	3.46e-15	4.76e-13	3.83e-11	2.70e-09	2.16e-06	1.29e-04	2.51e-03	1.72e-02	6.84e-02	1.31e-01	1.31e-01	1.47e-01	3.72e-01	1.17e-01	1.22e-02
 9.24208e+22	0.00e+00	3.63e-21	7.79e-18	4.66e-15	6.11e-13	4.65e-11	3.13e-09	2.55e-06	1.52e-04	2.91e-03	1.95e-02	7.52e-02	1.40e-01	1.35e-01	1.46e-01	3.60e-01	1.10e-01	1.10e-02
 9.28464e+22	0.00e+00	4.94e-21	1.03e-17	5.91e-15	7.44e-13	5.43e-11	3.52e-09	2.92e-06	1.72e-04	3.27e-03	2.15e-02	8.08e-02	1.47e-01	1.38e-01	1.45e-01	3.50e-01	1.04e-01	1.01e-02
 9.32810e+22	0.00e+00	7.39e-21	1.47e-17	8.05e-15	9.60e-13	6.64e-11	4.09e-09	3.46e-06	2.04e-04	3.80e-03	2.43e-02	8.87e-02	1.56e-01	1.42e-01	1.44e-01	3.36e-01	9.60e-02	9.05e-03
 9.37190e+22	0.00e+00	1.01e-20	1.95e-17	1.02e-14	1.17e-12	7.75e-11	4.59e-09	3.94e-06	2.31e-04	4.27e-03	2.67e-02	9.51e-02	1.64e-01	1.45e-01	1.42e-01	3.25e-01	9.02e-02	8.27e-03
 9.41615e+22	0.00e+00	1.53e-20	2.80e-17	1.40e-14	1.52e-12	9.47e-11	5.33e-09	4.66e-06	2.73e-04	4.95e-03	3.02e-02	1.04e-01	1.73e-01	1.48e-01	1.40e-01	3.10e-01	8.30e-02	7.34e-03
 9.46068e+22	0.00e+00	2.09e-20	3.71e-17	1.78e-14	1.85e-12	1.10e-10	5.98e-09	5.29e-06	3.08e-04	5.54e-03	3.30e-02	1.11e-01	1.80e-01	1.50e-01	1.38e-01	2.98e-01	7.76e-02	6.67e-03
 9.49915e+22	0.00e+00	2.84e-20	4.88e-17	2.25e-14	2.24e-12	1.28e-10	6.68e-09	5.98e-06	3.47e-04	6.17e-03	3.60e-02	1.18e-01	1.87e-01	1.51e-01	1.36e-01	2.87e-01	7.25e-02	6.07e-03
 9.54275e+22	3.51e-32	4.25e-20	6.97e-17	3.05e-14	2.87e-12	1.55e-10	7.70e-09	6.99e-06	4.04e-04	7.07e-03	4.02e-02	1.28e-01	1.96e-01	1.53e-01	1.32e-01	2.71e-01	6.62e-02	5.34e-03
 9.58600e+22	4.80e-32	5.66e-20	9.00e-17	3.79e-14	3.44e-12	1.79e-10	8.56e-09	7.81e-06	4.50e-04	7.79e-03	4.34e-02	1.35e-01	2.02e-01	1.54e-01	1.30e-01	2.61e-01	6.19e-02	4.86e-03
 9.62879e+22	7.29e-32	8.32e-20	1.27e-16	5.07e-14	4.37e-12	2.15e-10	9.80e-09	9.02e-06	5.17e-04	8.84e-03	4.80e-02	1.44e-01	2.10e-01	1.55e-01	1.26e-01	2.46e-01	5.64e-02	4.28e-03
 9.67243e+22	1.00e-31	1.11e-19	1.64e-16	6.33e-14	5.25e-12	2.48e-10	1.09e-08	1.01e-05	5.75e-04	9.71e-03	5.17e-02	1.52e-01	2.16e-01	1.55e-01	1.23e-01	2.35e-01	5.24e-02	3.87e-03
 9.71717e+22	1.53e-31	1.64e-19	2.32e-16	8.47e-14	6.67e-12	2.99e-10	1.25e-08	1.16e-05	6.58e-04	1.10e-02	5.68e-02	1.62e-01	2.24e-01	1.55e-01	1.19e-01	2.21e-01	4.74e-02	3.38e-03
 9.76297e+22	2.13e-31	2.22e-19	3.03e-16	1.06e-13	8.06e-12	3.46e-10	1.40e-08	1.29e-05	7.30e-04	1.20e-02	6.11e-02	1.70e-01	2.29e-01	1.55e-01	1.16e-01	2.10e-01	4.37e-02	3.03e-03
 9.81015e+22	3.27e-31	3.28e-19	4.29e-16	1.43e-13	1.03e-11	4.19e-10	1.61e-08	1.48e-05	8.32e-04	1.35e-02	6.70e-02	1.80e-01	2.36e-01	1.54e-01	1.11e-01	1.95e-01	3.93e-02	2.62e-03
 9.85838e+22	4.57e-31	4.45e-19	5.63e-16	1.81e-13	1.25e-11	4.87e-10	1.81e-08	1.65e-05	9.21e-04	1.48e-02	7.18e-02	1.88e-01	2.40e-01	1.53e-01	1.08e-01	1.85e-01	3.61e-02	2.34e-03
 9.90798e+22	7.05e-31	6.59e-19	7.98e-16	2.43e-13	1.60e-11	5.90e-10	2.09e-08	1.89e-05	1.04e-03	1.66e-02	7.82e-02	1.99e-01	2.46e-01	1.52e-01	1.03e-01	1.71e-01	3.22e-02	2.01e-03
 9.95852e+22	9.86e-31	8.95e-19	1.05e-15	3.07e-13	1.94e-11	6.88e-10	2.35e-08	2.10e-05	1.15e-03	1.80e-02	8.35e-02	2.07e-01	2.49e-01	1.50e-01	9.93e-02	1.61e-01	2.94e-02	1.78e-03
 1.00103e+23	1.52e-30	1.32e-18	1.49e-15	4.14e-13	2.48e-11	8.36e-10	2.72e-08	2.40e-05	1.30e-03	2.01e-02	9.06e-02	2.17e-01	2.54e-01	1.47e-01	9.44e-02	1.49e-01	2.60e-02	1.52e-03
 1.00624e+23	2.11e-30	1.78e-18	1.94e-15	5.19e-13	3.00e-11	9.71e-10	3.05e-08	2.65e-05	1.42e-03	2.17e-02	9.62e-02	2.24e-01	2.56e-01	1.45e-01	9.06e-02	1.39e-01	2.37e-02	1.35e-03
 1.01149e+23	3.21e-30	2.60e-18	2.72e-15	6.93e-13	3.82e-11	1.17e-09	3.53e-08	3.00e-05	1.60e-03	2.40e-02	1.04e-01	2.34e-01	2.59e-01	1.42e-01	8.59e-02	1.28e-01	2.10e-02	1.15e-03
 1.01688e+23	4.48e-30	3.50e-18	3.55e-15	8.71e-13	4.63e-11	1.37e-09	3.97e-08	3.31e-05	1.74e-03	2.59e-02	1.10e-01	2.41e-01	2.61e-01	1.39e-01	8.22e-02	1.20e-01	1.90e-02	1.01e-03
 1.02155e+23	6.10e-30	4.61e-18	4.53e-15	1.07e-12	5.52e-11	1.57e-09	4.42e-08	3.62e-05	1.89e-03	2.78e-02	1.15e-01	2.47e-01	2.62e-01	1.36e-01	7.87e-02	1.12e-01	1.74e-02	8.95e-04
 1.02673e+23	9.00e-30	6.53e-18	6.19e-15	1.41e-12	6.91e-11	1.88e-09	5.08e-08	4.05e-05	2.09e-03	3.03e-02	1.23e-01	2.56e-01	2.63e-01	1.33e-01	7.44e-02	1.03e-01	1.54e-02	7.66e-04
 1.03198e+23	1.22e-29	8.57e-18	7.89e-15	1.73e-12	8.24e-11	2.17e-09	5.66e-08	4.42e-05	2.26e-03	3.24e-02	1.29e-01	2.62e-01	2.63e-01	1.30e-01	7.12e-02	9.65e-02	1.40e-02	6.78e-04
 1.03730e+23	1.81e-29	1.21e-17	1.08e-14	2.26e-12	1.03e-10	2.60e-09	6.51e-08	4.94e-05	2.49e-03	3.52e-02	1.37e-01	2.69e-01	2.63e-01	1.26e-01	6.70e-02	8.84e-02	1.24e-02	5.78e-04
 1.04271e+23	2.44e-29	1.58e-17	1.37e-14	2.77e-12	1.23e-10	2.98e-09	7.26e-08	5.38e-05	2.68e-03	3.74e-02	1.43e-01	2.74e-01	2.62e-01	1.23e-01	6.39e-02	8.25e-02	1.12e-02	5.10e-04
 1.04745e+23	3.27e-29	2.05e-17	1.72e-14	3.39e-12	1.45e-10	3.42e-09	8.06e-08	5.84e-05	2.88e-03	3.98e-02	1.49e-01	2.79e-01	2.61e-01	1.19e-01	6.09e-02	7.70e-02	1.02e-02	4.51e-04
 1.05283e+23	4.80e-29	2.86e-17	2.33e-14	4.39e-12	1.80e-10	4.07e-09	9.24e-08	6.49e-05	3.16e-03	4.29e-02	1.57e-01	2.86e-01	2.59e-01	1.15e-01	5.72e-02	7.03e-02	8.97e-03	3.83e-04
 1.05820e+23	6.31e-29	3.63e-17	2.88e-14	5.28e-12	2.11e-10	4.63e-09	1.02e-07	7.02e-05	3.37e-03	4.53e-02	1.63e-01	2.90e-01	2.58e-01	1.12e-01	5.46e-02	6.58e-02	8.18e-03	3.41e-04
 1.06353e+23	9.10e-29	5.00e-17	3.84e-14	6.76e-12	2.60e-10	5.48e-09	1.17e-07	7.76e-05	3.67e-03	4.86e-02	1.71e-01	2.95e-01	2.55e-01	1.08e-01	5.12e-02	6.00e-02	7.22e-03	2.90e-04
 1.06897e+23	1.20e-28	6.36e-17	4.77e-14	8.16e-12	3.06e-10	6.25e-09	1.29e-07	8.40e-05	3.92e-03	5.12e-02	1.77e-01	2.98e-01	2.53e-01	1.04e-01	4.87e-02	5.60e-02	6.55e-03	2.57e-04
 1.07455e+23	1.74e-28	8.77e-17	6.36e-14	1.05e-11	3.77e-10	7.42e-09	1.48e-07	9.29e-05	4.27e-03	5.49e-02	1.85e-01	3.03e-01	2.50e-01	1.00e-01	4.55e-02	5.09e-02	5.75e-03	2.18e-04
 1.08023e+23	2.31e-28	1.12e-16	7.93e-14	1.27e-11	4.44e-10	8.48e-09	1.64e-07	1.01e-04	4.56e-03	5.78e-02	1.92e-01	3.06e-01	2.47e-01	9.67e-02	4.31e-02	4.73e-02	5.20e-03	1.92e-04
 1.08605e+23	3.35e-28	1.54e-16	1.06e-13	1.63e-11	5.50e-10	1.01e-08	1.89e-07	1.12e-04	4.96e-03	6.19e-02	2.00e-01	3.10e-01	2.43e-01	9.24e-02	4.01e-02	4.28e-02	4.54e-03	1.61e-04
 1.09198e+23	1.20e-29	1.97e-16	1.32e-13	1.97e-11	6.48e-10	1.16e-08	2.10e-07	1.21e-04	5.30e-03	6.51e-02	2.07e-01	3.12e-01	2.40e-01	8.90e-02	3.79e-02	3.96e-02	4.09e-03	1.42e-04
 1.09804e+23	1.71e-29	2.73e-16	1.77e-13	2.54e-11	8.04e-10	1.38e-08	2.41e-07	1.34e-04	5.76e-03	6.96e-02	2.16e-01	3.15e-01	2.35e-01	8.46e-02	3.52e-02	3.57e-02	3.55e-03	1.19e-04
 1.10397e+23	2.19e-29	3.39e-16	2.15e-13	3.02e-11	9.33e-10	1.56e-08	2.67e-07	1.44e-04	6.11e-03	7.28e-02	2.22e-01	3.16e-01	2.31e-01	8.17e-02	3.34e-02	3.33e-02	3.23e-03	1.05e-04
 1.10973e+23	3.10e-29	4.59e-16	2.83e-13	3.82e-11	1.14e-09	1.84e-08	3.04e-07	1.59e-04	6.61e-03	7.73e-02	2.30e-01	3.18e-01	2.26e-01	7.76e-02	3.10e-02	3.01e-02	2.82e-03	8.87e-05
 1.11557e+23	3.97e-29	5.71e-16	3.45e-13	4.55e-11	1.33e-09	2.08e-08	3.36e-07	1.72e-04	7.01e-03	8.07e-02	2.36e-01	3.19e-01	2.22e-01	7.47e-02	2.93e-02	2.79e-02	2.55e-03	7.84e-05
 1.12152e+23	5.56e-29	7.67e-16	4.50e-13	5.73e-11	1.62e-09	2.45e-08	3.82e-07	1.89e-04	7.56e-03	8.55e-02	2.44e-01	3.20e-01	2.17e-01	7.09e-02	2.72e-02	2.52e-02	2.23e-03	6.62e-05
 1.12766e+23	7.32e-29	9.73e-16	5.59e-13	6.92e-11	1.90e-09	2.81e-08	4.26e-07	2.05e-04	8.05e-03	8.95e-02	2.51e-01	3.20e-01	2.12e-01	6.79e-02	2.55e-02	2.32e-02	2.00e-03	5.76e-05
 1.13404e+23	1.03e-28	1.31e-15	7.31e-13	8.75e-11	2.33e-09	3.32e-08	4.87e-07	2.26e-04	8.69e-03	9.48e-02	2.59e-01	3.20e-01	2.07e-01	6.41e-02	2.36e-02	2.09e-02	1.74e-03	4.84e-05
 1.14063e+23	1.38e-28	1.68e-15	9.17e-13	1.07e-10	2.76e-09	3.82e-08	5.46e-07	2.46e-04	9.28e-03	9.94e-02	2.66e-01	3.20e-01	2.01e-01	6.11e-02	2.20e-02	1.91e-02	1.54e-03	4.17e-05
 1.14749e+23	1.96e-28	2.29e-15	1.21e-12	1.36e-10	3.41e-09	4.56e-08	6.29e-07	2.73e-04	1.01e-02	1.05e-01	2.74e-01	3.19e-01	1.95e-01	5.74e-02	2.02e-02	1.71e-02	1.33e-03	3.46e-05
 1.15453e+23	2.66e-28	2.96e-15	1.53e-12	1.67e-10	4.07e-09	5.28e-08	7.08e-07	2.98e-04	1.07e-02	1.10e-01	2.81e-01	3.18e-01	1.90e-01	5.44e-02	1.88e-02	1.55e-02	1.17e-03	2.96e-05
 1.16181e+23	3.85e-28	4.06e-15	2.04e-12	2.15e-10	5.07e-09	6.33e-08	8.19e-07	3.32e-04	1.17e-02	1.17e-01	2.90e-01	3.16e-01	1.83e-01	5.08e-02	1.71e-02	1.37e-02	9.98e-04	2.44e-05
 1.16933e+23	5.29e-28	5.30e-15	2.60e-12	2.67e-10	6.09e-09	7.39e-08	9.28e-07	3.64e-04	1.25e-02	1.23e-01	2.96e-01	3.14e-01	1.77e-01	4.79e-02	1.58e-02	1.24e-02	8.72e-04	2.06e-05
 1.17715e+23	7.79e-28	7.36e-15	3.51e-12	3.47e-10	7.65e-09	8.94e-08	1.08e-06	4.08e-04	1.36e-02	1.30e-01	3.05e-01	3.11e-01	1.70e-01	4.45e-02	1.43e-02	1.09e-02	7.37e-04	1.67e-05
 1.18522e+23	1.09e-27	9.73e-15	4.52e-12	4.34e-10	9.28e-09	1.05e-07	1.23e-06	4.49e-04	1.46e-02	1.36e-01	3.12e-01	3.08e-01	1.63e-01	4.17e-02	1.31e-02	9.76e-03	6.37e-04	1.40e-05
 1.19248e+23	1.49e-27	1.26e-14	5.74e-12	5.36e-10	1.11e-08	1.22e-07	1.39e-06	4.93e-04	1.56e-02	1.43e-01	3.18e-01	3.05e-01	1.58e-01	3.92e-02	1.21e-02	8.78e-03	5.55e-04	1.18e-05
 1.20081e+23	2.27e-27	1.80e-14	7.91e-12	7.10e-10	1.42e-08	1.50e-07	1.64e-06	5.55e-04	1.71e-02	1.51e-01	3.26e-01	3.00e-01	1.50e-01	3.59e-02	1.08e-02	7.60e-03	4.60e-04	9.39e-06
 1.20921e+23	3.12e-27	2.33e-14	1.00e-11	8.76e-10	1.71e-08	1.75e-07	1.86e-06	6.09e-04	1.83e-02	1.58e-01	3.32e-01	2.96e-01	1.44e-01	3.36e-02	9.93e-03	6.81e-03	4.00e-04	7.90e-06
 1.21769e+23	4.74e-27	3.30e-14	1.37e-11	1.16e-09	2.17e-08	2.13e-07	2.19e-06	6.86e-04	1.99e-02	1.67e-01	3.39e-01	2.91e-01	1.36e-01	3.08e-02	8.85e-03	5.88e-03	3.31e-04	6.26e-06
 1.22635e+23	6.68e-27	4.36e-14	1.77e-11	1.45e-09	2.63e-08	2.51e-07	2.49e-06	7.55e-04	2.13e-02	1.74e-01	3.45e-01	2.86e-01	1.30e-01	2.86e-02	8.05e-03	5.22e-03	2.83e-04	5.18e-06
 1.23524e+23	1.02e-26	6.19e-14	2.44e-11	1.91e-09	3.36e-08	3.08e-07	2.94e-06	8.51e-04	2.32e-02	1.84e-01	3.52e-01	2.79e-01	1.23e-01	2.60e-02	7.14e-03	4.48e-03	2.32e-04	4.07e-06
 1.24433e+23	1.47e-26	8.30e-14	3.19e-11	2.42e-09	4.12e-08	3.65e-07	3.37e-06	9.41e-04	2.49e-02	1.92e-01	3.57e-01	2.74e-01	1.17e-01	2.40e-02	6.44e-03	3.93e-03	1.96e-04	3.31e-06
 1.25241e+23	2.09e-26	1.10e-13	4.13e-11	3.04e-09	5.01e-08	4.30e-07	3.85e-06	1.04e-03	2.67e-02	2.01e-01	3.62e-01	2.68e-01	1.11e-01	2.21e-02	5.82e-03	3.46e-03	1.67e-04	2.71e-06
 1.26166e+23	3.29e-26	1.60e-13	5.78e-11	4.08e-09	6.48e-08	5.33e-07	4.58e-06	1.17e-03	2.91e-02	2.12e-01	3.67e-01	2.59e-01	1.03e-01	1.98e-02	5.09e-03	2.92e-03	1.34e-04	2.08e-06
 1.27046e+23	4.45e-26	2.04e-13	7.21e-11	4.96e-09	7.68e-08	6.15e-07	5.14e-06	1.28e-03	3.09e-02	2.19e-01	3.71e-01	2.54e-01	9.85e-02	1.85e-02	4.65e-03	2.60e-03	1.16e-04	1.74e-06
 1.27865e+23	6.72e-26	2.85e-13	9.76e-11	6.47e-09	9.66e-08	7.45e-07	6.01e-06	1.43e-03	3.33e-02	2.29e-01	3.75e-01	2.46e-01	9.21e-02	1.67e-02	4.10e-03	2.22e-03	9.45e-05	1.36e-06
 1.28686e+23	9.12e-26	3.64e-13	1.22e-10	7.87e-09	1.15e-07	8.60e-07	6.75e-06	1.55e-03	3.53e-02	2.37e-01	3.77e-01	2.40e-01	8.76e-02	1.54e-02	3.74e-03	1.97e-03	8.13e-05	1.13e-06
 1.29508e+23	1.36e-25	5.02e-13	1.64e-10	1.02e-08	1.43e-07	1.04e-06	7.86e-06	1.73e-03	3.80e-02	2.47e-01	3.81e-01	2.32e-01	8.17e-02	1.39e-02	3.30e-03	1.69e-03	6.65e-05	8.86e-07
 1.30350e+23	1.90e-25	6.54e-13	2.08e-10	1.25e-08	1.72e-07	1.21e-06	8.91e-06	1.89e-03	4.04e-02	2.56e-01	3.83e-01	2.25e-01	7.71e-02	1.28e-02	2.97e-03	1.48e-03	5.62e-05	7.22e-07
 1.31217e+23	2.91e-25	9.22e-13	2.84e-10	1.65e-08	2.18e-07	1.48e-06	1.05e-05	2.12e-03	4.37e-02	2.67e-01	3.85e-01	2.16e-01	7.12e-02	1.14e-02	2.59e-03	1.24e-03	4.49e-05	5.51e-07
 1.32088e+23	4.04e-25	1.20e-12	3.59e-10	2.03e-08	2.62e-07	1.72e-06	1.19e-05	2.32e-03	4.63e-02	2.76e-01	3.86e-01	2.09e-01	6.70e-02	1.04e-02	2.32e-03	1.08e-03	3.79e-05	4.48e-07
 1.32966e+23	6.19e-25	1.68e-12	4.90e-10	2.66e-08	3.33e-07	2.11e-06	1.40e-05	2.60e-03	5.00e-02	2.88e-01	3.87e-01	1.99e-01	6.16e-02	9.22e-03	2.01e-03	9.03e-04	3.01e-05	3.39e-07
 1.33861e+23	8.74e-25	2.21e-12	6.27e-10	3.31e-08	4.03e-07	2.48e-06	1.60e-05	2.86e-03	5.32e-02	2.97e-01	3.87e-01	1.92e-01	5.74e-02	8.35e-03	1.79e-03	7.79e-04	2.49e-05	2.70e-07
 1.34778e+23	1.36e-24	3.14e-12	8.62e-10	4.38e-08	5.17e-07	3.07e-06	1.91e-05	3.22e-03	5.76e-02	3.10e-01	3.86e-01	1.81e-01	5.23e-02	7.30e-03	1.53e-03	6.40e-04	1.94e-05	2.00e-07
 1.35714e+23	1.96e-24	4.15e-12	1.11e-09	5.48e-08	6.31e-07	3.63e-06	2.20e-05	3.56e-03	6.14e-02	3.20e-01	3.85e-01	1.73e-01	4.84e-02	6.55e-03	1.35e-03	5.45e-04	1.59e-05	1.56e-07
 1.36672e+23	3.10e-24	5.93e-12	1.54e-09	7.32e-08	8.17e-07	4.53e-06	2.64e-05	4.04e-03	6.66e-02	3.33e-01	3.83e-01	1.63e-01	4.36e-02	5.65e-03	1.14e-03	4.40e-04	1.21e-05	0.00e+00
 1.37642e+23	4.48e-24	7.84e-12	1.98e-09	9.17e-08	1.00e-06	5.40e-06	3.06e-05	4.47e-03	7.10e-02	3.43e-01	3.80e-01	1.55e-01	4.00e-02	5.02e-03	9.93e-04	3.71e-04	9.76e-06	0.00e+00
 1.38459e+23	6.27e-24	1.01e-11	2.49e-09	1.13e-07	1.20e-06	6.33e-06	3.50e-05	4.90e-03	7.53e-02	3.52e-01	3.78e-01	1.47e-01	3.69e-02	4.50e-03	8.75e-04	3.16e-04	7.99e-06	0.00e+00
 1.39352e+23	9.53e-24	1.38e-11	3.33e-09	1.46e-07	1.52e-06	7.77e-06	4.16e-05	5.52e-03	8.11e-02	3.65e-01	3.73e-01	1.38e-01	3.32e-02	3.89e-03	7.42e-04	2.57e-04	6.15e-06	0.00e+00
 1.40248e+23	1.34e-23	1.76e-11	4.16e-09	1.79e-07	1.83e-06	9.12e-06	4.77e-05	6.06e-03	8.60e-02	3.74e-01	3.69e-01	1.30e-01	3.04e-02	3.46e-03	6.50e-04	2.17e-04	4.99e-06	0.00e+00
 1.41123e+23	1.99e-23	2.34e-11	5.43e-09	2.27e-07	2.29e-06	1.11e-05	5.63e-05	6.79e-03	9.22e-02	3.85e-01	3.63e-01	1.21e-01	2.73e-02	2.99e-03	5.52e-04	1.77e-04	3.86e-06	0.00e+00
 1.42016e+23	2.82e-23	2.98e-11	6.79e-09	2.79e-07	2.77e-06	1.31e-05	6.50e-05	7.49e-03	9.79e-02	3.95e-01	3.58e-01	1.14e-01	2.49e-02	2.63e-03	4.78e-04	1.48e-04	3.08e-06	0.00e+00
 1.42892e+23	4.09e-23	3.87e-11	8.68e-09	3.50e-07	3.42e-06	1.58e-05	7.65e-05	8.37e-03	1.05e-01	4.05e-01	3.51e-01	1.06e-01	2.23e-02	2.27e-03	4.06e-04	1.20e-04	2.39e-06	0.00e+00
 1.43786e+23	5.84e-23	4.90e-11	1.08e-08	4.31e-07	4.15e-06	1.87e-05	8.89e-05	9.27e-03	1.11e-01	4.14e-01	3.43e-01	9.89e-02	2.01e-02	1.98e-03	3.48e-04	9.93e-05	1.88e-06	0.00e+00
 1.44666e+23	8.27e-23	6.21e-11	1.36e-08	5.32e-07	5.07e-06	2.24e-05	1.04e-04	1.03e-02	1.19e-01	4.24e-01	3.36e-01	9.17e-02	1.79e-02	1.71e-03	2.96e-04	8.10e-05	1.46e-06	0.00e+00
 1.45554e+23	1.15e-22	7.76e-11	1.68e-08	6.51e-07	6.14e-06	2.66e-05	1.21e-04	1.14e-02	1.26e-01	4.32e-01	3.27e-01	8.50e-02	1.61e-02	1.48e-03	2.52e-04	6.63e-05	1.14e-06	0.00e+00
 1.46432e+23	1.60e-22	9.60e-11	2.06e-08	7.94e-07	7.43e-06	3.16e-05	1.41e-04	1.27e-02	1.34e-01	4.41e-01	3.18e-01	7.86e-02	1.43e-02	1.27e-03	2.14e-04	5.41e-05	8.85e-07	0.00e+00
 1.47307e+23	2.21e-22	1.18e-10	2.52e-08	9.62e-07	8.94e-06	3.73e-05	1.64e-04	1.40e-02	1.42e-01	4.48e-01	3.09e-01	7.26e-02	1.28e-02	1.10e-03	1.82e-04	4.42e-05	6.89e-07	0.00e+00
 1.48184e+23	3.03e-22	1.43e-10	3.06e-08	1.16e-06	1.07e-05	4.41e-05	1.91e-04	1.55e-02	1.50e-01	4.55e-01	3.00e-01	6.68e-02	1.14e-02	9.45e-04	1.55e-04	3.60e-05	5.35e-07	0.00e+00
 1.49064e+23	4.13e-22	1.72e-10	3.69e-08	1.40e-06	1.29e-05	5.20e-05	2.22e-04	1.71e-02	1.59e-01	4.61e-01	2.90e-01	6.14e-02	1.01e-02	8.13e-04	1.31e-04	2.93e-05	4.15e-07	0.00e+00
 1.49948e+23	5.59e-22	2.06e-10	4.44e-08	1.68e-06	1.54e-05	6.12e-05	2.58e-04	1.89e-02	1.68e-01	4.67e-01	2.80e-01	5.64e-02	8.98e-03	6.97e-04	1.11e-04	2.38e-05	3.21e-07	0.00e+00
 1.50839e+23	7.50e-22	2.45e-10	5.31e-08	2.01e-06	1.84e-05	7.20e-05	2.99e-04	2.09e-02	1.77e-01	4.72e-01	2.70e-01	5.16e-02	7.95e-03	5.97e-04	9.34e-05	1.93e-05	2.48e-07	0.00e+00
 1.51739e+23	1.00e-21	2.90e-10	6.34e-08	2.40e-06	2.19e-05	8.46e-05	3.47e-04	2.31e-02	1.87e-01	4.76e-01	2.59e-01	4.71e-02	7.02e-03	5.10e-04	7.86e-05	1.56e-05	1.91e-07	0.00e+00
 1.52644e+23	1.32e-21	3.40e-10	7.53e-08	2.85e-06	2.60e-05	9.92e-05	4.03e-04	2.54e-02	1.96e-01	4.79e-01	2.49e-01	4.30e-02	6.20e-03	4.35e-04	6.61e-05	1.26e-05	1.47e-07	0.00e+00
 1.53564e+23	1.75e-21	3.99e-10	8.95e-08	3.39e-06	3.10e-05	1.16e-04	4.68e-04	2.81e-02	2.07e-01	4.82e-01	2.38e-01	3.90e-02	5.45e-03	3.70e-04	5.53e-05	1.01e-05	0.00e+00	0.00e+00
 1.54493e+23	2.28e-21	4.63e-10	1.06e-07	4.02e-06	3.66e-05	1.36e-04	5.42e-04	3.09e-02	2.17e-01	4.83e-01	2.27e-01	3.55e-02	4.80e-03	3.15e-04	4.64e-05	8.15e-06	0.00e+00	0.00e+00
 1.55441e+23	3.00e-21	5.39e-10	1.25e-07	4.78e-06	4.36e-05	1.60e-04	6.31e-04	3.41e-02	2.28e-01	4.84e-01	2.16e-01	3.20e-02	4.19e-03	2.66e-04	3.86e-05	6.50e-06	0.00e+00	0.00e+00
 1.56405e+23	3.89e-21	6.23e-10	1.48e-07	5.65e-06	5.16e-05	1.87e-04	7.31e-04	3.75e-02	2.39e-01	4.84e-01	2.05e-01	2.90e-02	3.67e-03	2.26e-04	3.22e-05	5.21e-06	0.00e+00	0.00e+00
 1.57288e+23	4.86e-21	7.02e-10	1.70e-07	6.50e-06	5.93e-05	2.12e-04	8.26e-04	4.06e-02	2.49e-01	4.83e-01	1.97e-01	2.66e-02	3.28e-03	1.96e-04	2.76e-05	4.32e-06	0.00e+00	0.00e+00
 1.58210e+23	2.74e-20	8.11e-10	2.01e-07	7.73e-06	7.07e-05	2.50e-04	9.65e-04	4.49e-02	2.61e-01	4.81e-01	1.85e-01	2.38e-02	2.84e-03	1.64e-04	2.27e-05	3.40e-06	0.00e+00	0.00e+00
 1.59147e+23	7.86e-20	9.14e-10	2.32e-07	8.90e-06	8.13e-05	2.84e-04	1.09e-03	4.85e-02	2.71e-01	4.78e-01	1.77e-01	2.17e-02	2.53e-03	1.42e-04	1.94e-05	2.81e-06	0.00e+00	0.00e+00
 1.60114e+23	1.01e-19	1.06e-09	2.77e-07	1.06e-05	9.71e-05	3.35e-04	1.27e-03	5.36e-02	2.83e-01	4.74e-01	1.66e-01	1.93e-02	2.18e-03	1.18e-04	1.58e-05	2.19e-06	0.00e+00	0.00e+00
 1.61084e+23	1.23e-19	1.19e-09	3.18e-07	1.22e-05	1.11e-04	3.79e-04	1.44e-03	5.78e-02	2.93e-01	4.70e-01	1.57e-01	1.76e-02	1.94e-03	1.02e-04	1.35e-05	1.81e-06	0.00e+00	0.00e+00
 1.62057e+23	1.57e-19	1.37e-09	3.78e-07	1.46e-05	1.32e-04	4.45e-04	1.68e-03	6.37e-02	3.06e-01	4.64e-01	1.47e-01	1.56e-02	1.66e-03	8.45e-05	1.10e-05	1.41e-06	0.00e+00	0.00e+00
 1.63034e+23	1.92e-19	1.54e-09	4.34e-07	1.67e-05	1.51e-04	5.02e-04	1.88e-03	6.84e-02	3.15e-01	4.59e-01	1.39e-01	1.42e-02	1.48e-03	7.32e-05	9.40e-06	1.17e-06	0.00e+00	0.00e+00
 1.64016e+23	2.47e-19	1.77e-09	5.17e-07	1.98e-05	1.79e-04	5.86e-04	2.18e-03	7.50e-02	3.27e-01	4.51e-01	1.30e-01	1.25e-02	1.27e-03	6.07e-05	7.65e-06	9.09e-07	0.00e+00	0.00e+00
 1.65008e+23	3.05e-19	2.00e-09	5.95e-07	2.27e-05	2.05e-04	6.60e-04	2.44e-03	8.04e-02	3.36e-01	4.45e-01	1.22e-01	1.14e-02	1.13e-03	5.24e-05	6.52e-06	7.50e-07	0.00e+00	0.00e+00
 1.66014e+23	3.97e-19	2.31e-09	7.12e-07	2.70e-05	2.42e-04	7.69e-04	2.83e-03	8.80e-02	3.48e-01	4.36e-01	1.13e-01	1.00e-02	9.64e-04	4.33e-05	5.29e-06	5.82e-07	0.00e+00	0.00e+00
 1.67033e+23	4.96e-19	2.61e-09	8.23e-07	3.11e-05	2.76e-04	8.66e-04	3.16e-03	9.42e-02	3.57e-01	4.28e-01	1.07e-01	9.06e-03	8.53e-04	3.72e-05	4.49e-06	4.78e-07	0.00e+00	0.00e+00
 1.68069e+23	6.58e-19	3.03e-09	9.89e-07	3.71e-05	3.27e-04	1.01e-03	3.66e-03	1.03e-01	3.68e-01	4.17e-01	9.82e-02	7.93e-03	7.26e-04	3.06e-05	3.62e-06	3.69e-07	0.00e+00	0.00e+00
 1.69124e+23	8.39e-19	3.45e-09	1.15e-06	4.28e-05	3.74e-04	1.13e-03	4.09e-03	1.10e-01	3.77e-01	4.08e-01	9.19e-02	7.14e-03	6.39e-04	2.62e-05	3.06e-06	3.01e-07	0.00e+00	0.00e+00
 1.70204e+23	1.14e-18	4.06e-09	1.40e-06	5.14e-05	4.44e-04	1.32e-03	4.72e-03	1.20e-01	3.87e-01	3.96e-01	8.41e-02	6.21e-03	5.40e-04	2.14e-05	2.45e-06	2.30e-07	0.00e+00	0.00e+00
 1.71309e+23	1.50e-18	4.67e-09	1.64e-06	5.96e-05	5.10e-04	1.49e-03	5.28e-03	1.28e-01	3.95e-01	3.86e-01	7.82e-02	5.55e-03	4.72e-04	1.81e-05	2.05e-06	1.86e-07	0.00e+00	0.00e+00
 1.72446e+23	2.10e-18	5.56e-09	2.01e-06	7.22e-05	6.08e-04	1.74e-03	6.11e-03	1.39e-01	4.04e-01	3.72e-01	7.09e-02	4.78e-03	3.96e-04	1.46e-05	1.62e-06	1.41e-07	0.00e+00	0.00e+00
 1.73606e+23	2.86e-18	6.49e-09	2.39e-06	8.43e-05	7.00e-04	1.96e-03	6.83e-03	1.48e-01	4.11e-01	3.61e-01	6.57e-02	4.26e-03	3.44e-04	1.24e-05	1.35e-06	0.00e+00	0.00e+00	0.00e+00
 1.74583e+23	3.76e-18	7.41e-09	2.77e-06	9.67e-05	7.93e-04	2.19e-03	7.54e-03	1.57e-01	4.17e-01	3.51e-01	6.11e-02	3.83e-03	3.03e-04	1.06e-05	1.14e-06	0.00e+00	0.00e+00	0.00e+00
 1.75643e+23	5.39e-18	8.80e-09	3.36e-06	1.15e-04	9.29e-04	2.51e-03	8.55e-03	1.68e-01	4.23e-01	3.37e-01	5.56e-02	3.33e-03	2.57e-04	8.71e-06	9.21e-07	0.00e+00	0.00e+00	0.00e+00
 1.76673e+23	7.20e-18	1.00e-08	3.88e-06	1.31e-04	1.04e-03	2.76e-03	9.33e-03	1.77e-01	4.27e-01	3.27e-01	5.19e-02	3.01e-03	2.29e-04	7.56e-06	7.89e-07	0.00e+00	0.00e+00	0.00e+00
 1.77664e+23	1.04e-17	1.18e-08	4.65e-06	1.55e-04	1.20e-03	3.13e-03	1.05e-02	1.88e-01	4.32e-01	3.14e-01	4.73e-02	2.63e-03	1.95e-04	6.26e-06	6.43e-07	0.00e+00	0.00e+00	0.00e+00
 1.78666e+23	1.46e-17	1.36e-08	5.39e-06	1.77e-04	1.35e-03	3.44e-03	1.14e-02	1.97e-01	4.35e-01	3.05e-01	4.41e-02	2.38e-03	1.74e-04	5.43e-06	5.51e-07	0.00e+00	0.00e+00	0.00e+00
 1.79680e+23	2.25e-17	1.62e-08	6.50e-06	2.09e-04	1.56e-03	3.90e-03	1.27e-02	2.09e-01	4.39e-01	2.92e-01	4.01e-02	2.08e-03	1.48e-04	4.49e-06	4.48e-07	0.00e+00	0.00e+00	0.00e+00
 1.80710e+23	3.43e-17	1.89e-08	7.58e-06	2.39e-04	1.76e-03	4.29e-03	1.38e-02	2.19e-01	4.40e-01	2.81e-01	3.72e-02	1.87e-03	1.31e-04	3.87e-06	3.81e-07	0.00e+00	0.00e+00	0.00e+00
 1.81759e+23	5.94e-17	2.27e-08	9.21e-06	2.84e-04	2.04e-03	4.85e-03	1.54e-02	2.32e-01	4.42e-01	2.68e-01	3.36e-02	1.62e-03	1.11e-04	3.17e-06	3.08e-07	0.00e+00	0.00e+00	0.00e+00
 1.82823e+23	1.07e-16	2.67e-08	1.08e-05	3.27e-04	2.29e-03	5.34e-03	1.68e-02	2.42e-01	4.43e-01	2.58e-01	3.10e-02	1.45e-03	9.76e-05	2.73e-06	2.61e-07	0.00e+00	0.00e+00	0.00e+00
 1.83906e+23	2.33e-16	3.25e-08	1.32e-05	3.90e-04	2.66e-03	6.05e-03	1.87e-02	2.55e-01	4.43e-01	2.44e-01	2.78e-02	1.25e-03	8.22e-05	2.22e-06	2.09e-07	0.00e+00	0.00e+00	0.00e+00
 1.85009e+23	6.15e-16	3.86e-08	1.56e-05	4.51e-04	3.00e-03	6.67e-03	2.03e-02	2.66e-01	4.43e-01	2.34e-01	2.56e-02	1.12e-03	7.20e-05	1.90e-06	1.76e-07	0.00e+00	0.00e+00	0.00e+00
 1.86137e+23	1.98e-15	4.76e-08	1.92e-05	5.42e-04	3.50e-03	7.56e-03	2.26e-02	2.80e-01	4.41e-01	2.21e-01	2.28e-02	9.57e-04	6.01e-05	1.53e-06	1.39e-07	0.00e+00	0.00e+00	0.00e+00
 1.87288e+23	6.88e-15	5.73e-08	2.29e-05	6.31e-04	3.96e-03	8.34e-03	2.45e-02	2.91e-01	4.39e-01	2.11e-01	2.08e-02	8.49e-04	5.22e-05	1.30e-06	0.00e+00	0.00e+00	0.00e+00	0.00e+00
 1.88472e+23	1.69e-14	7.19e-08	2.86e-05	7.64e-04	4.64e-03	9.47e-03	2.72e-02	3.06e-01	4.35e-01	1.97e-01	1.84e-02	7.20e-04	4.32e-05	1.04e-06	0.00e+00	0.00e+00	0.00e+00	0.00e+00
 1.89687e+23	2.92e-14	8.75e-08	3.43e-05	8.95e-04	5.27e-03	1.05e-02	2.96e-02	3.18e-01	4.31e-01	1.87e-01	1.67e-02	6.32e-04	3.71e-05	8.65e-07	0.00e+00	0.00e+00	0.00e+00	0.00e+00
 1.90943e+23	5.16e-14	1.12e-07	4.34e-05	1.10e-03	6.20e-03	1.19e-02	3.29e-02	3.34e-01	4.26e-01	1.74e-01	1.46e-02	5.31e-04	3.04e-05	6.83e-07	0.00e+00	0.00e+00	0.00e+00	0.00e+00
 1.92213e+23	7.90e-14	1.38e-07	5.24e-05	1.29e-03	7.05e-03	1.32e-02	3.55e-02	3.45e-01	4.20e-01	1.64e-01	1.32e-02	4.65e-04	2.60e-05	5.69e-07	0.00e+00	0.00e+00	0.00e+00	0.00e+00
 1.93502e+23	1.29e-13	1.79e-07	6.65e-05	1.58e-03	8.30e-03	1.50e-02	3.94e-02	3.60e-01	4.12e-01	1.51e-01	1.14e-02	3.87e-04	2.11e-05	4.45e-07	0.00e+00	0.00e+00	0.00e+00	0.00e+00
 1.94803e+23	1.91e-13	2.21e-07	8.05e-05	1.86e-03	9.43e-03	1.65e-02	4.25e-02	3.72e-01	4.05e-01	1.42e-01	1.02e-02	3.37e-04	1.80e-05	3.69e-07	0.00e+00	0.00e+00	0.00e+00	0.00e+00
 1.96121e+23	3.05e-13	2.89e-07	1.03e-04	2.28e-03	1.11e-02	1.87e-02	4.69e-02	3.86e-01	3.95e-01	1.30e-01	8.83e-03	2.80e-04	1.45e-05	2.87e-07	0.00e+00	0.00e+00	0.00e+00	0.00e+00
 1.97464e+23	4.54e-16	3.62e-07	1.25e-04	2.69e-03	1.26e-02	2.06e-02	5.04e-02	3.97e-01	3.87e-01	1.22e-01	7.87e-03	2.42e-04	1.22e-05	2.36e-07	0.00e+00	0.00e+00	0.00e+00	0.00e+00
 1.98650e+23	2.55e-16	4.49e-07	1.51e-04	3.16e-03	1.43e-02	2.27e-02	5.42e-02	4.07e-01	3.78e-01	1.13e-01	6.99e-03	2.09e-04	1.03e-05	1.93e-07	0.00e+00	0.00e+00	0.00e+00	0.00e+00
 2.00003e+23	4.11e-16	5.93e-07	1.93e-04	3.88e-03	1.67e-02	2.56e-02	5.92e-02	4.19e-01	3.66e-01	1.03e-01	5.99e-03	1.73e-04	8.28e-06	1.50e-07	0.00e+00	0.00e+00	0.00e+00	0.00e+00
 2.01385e+23	6.26e-16	7.45e-07	2.35e-04	4.59e-03	1.90e-02	2.81e-02	6.36e-02	4.29e-01	3.55e-01	9.52e-02	5.26e-03	1.47e-04	6.89e-06	1.21e-07	0.00e+00	0.00e+00	0.00e+00	0.00e+00
 2.02505e+23	8.86e-16	9.06e-07	2.79e-04	5.28e-03	2.12e-02	3.05e-02	6.73e-02	4.36e-01	3.46e-01	8.89e-02	4.72e-03	1.29e-04	5.90e-06	0.00e+00	0.00e+00	0.00e+00	0.00e+00	0.00e+00
 2.03664e+23	1.41e-15	1.14e-06	3.40e-04	6.23e-03	2.40e-02	3.34e-02	7.18e-02	4.44e-01	3.35e-01	8.19e-02	4.14e-03	1.10e-04	4.92e-06	0.00e+00	0.00e+00	0.00e+00	0.00e+00	0.00e+00
 2.04885e+23	2.14e-15	1.40e-06	4.06e-04	7.21e-03	2.68e-02	3.62e-02	7.60e-02	4.50e-01	3.24e-01	7.59e-02	3.68e-03	9.52e-05	4.16e-06	0.00e+00	0.00e+00	0.00e+00	0.00e+00	0.00e+00
 2.06007e+23	3.32e-15	1.72e-06	4.82e-04	8.32e-03	2.98e-02	3.91e-02	8.02e-02	4.55e-01	3.13e-01	7.03e-02	3.26e-03	8.25e-05	3.53e-06	0.00e+00	0.00e+00	0.00e+00	0.00e+00	0.00e+00
 2.07285e+23	5.92e-15	2.22e-06	5.98e-04	9.93e-03	3.39e-02	4.29e-02	8.56e-02	4.61e-01	3.00e-01	6.37e-02	2.81e-03	6.89e-05	2.86e-06	0.00e+00	0.00e+00	0.00e+00	0.00e+00	0.00e+00
 2.08599e+23	1.24e-14	2.77e-06	7.20e-04	1.16e-02	3.80e-02	4.66e-02	9.05e-02	4.65e-01	2.87e-01	5.82e-02	2.44e-03	5.84e-05	2.37e-06	0.00e+00	0.00e+00	0.00e+00	0.00e+00	0.00e+00
 2.09752e+23	2.03e-14	3.40e-06	8.54e-04	1.33e-02	4.21e-02	5.00e-02	9.48e-02	4.67e-01	2.76e-01	5.35e-02	2.16e-03	5.04e-05	1.99e-06	0.00e+00	0.00e+00	0.00e+00	0.00e+00	0.00e+00
 2.11048e+23	4.61e-14	4.38e-06	1.05e-03	1.58e-02	4.76e-02	5.46e-02	1.00e-01	4.69e-01	2.62e-01	4.81e-02	1.84e-03	4.18e-05	1.61e-06	0.00e+00	0.00e+00	0.00e+00	0.00e+00	0.00e+00
 2.12405e+23	1.92e-13	5.50e-06	1.27e-03	1.84e-02	5.32e-02	5.89e-02	1.05e-01	4.69e-01	2.49e-01	4.34e-02	1.58e-03	3.51e-05	1.31e-06	0.00e+00	0.00e+00	0.00e+00	0.00e+00	0.00e+00
 2.13632e+23	4.70e-13	6.79e-06	1.51e-03	2.12e-02	5.88e-02	6.31e-02	1.10e-01	4.68e-01	2.37e-01	3.95e-02	1.38e-03	2.98e-05	1.09e-06	0.00e+00	0.00e+00	0.00e+00	0.00e+00	0.00e+00
 2.15017e+23	1.82e-12	8.85e-06	1.88e-03	2.52e-02	6.64e-02	6.85e-02	1.15e-01	4.65e-01	2.21e-01	3.49e-02	1.15e-03	2.43e-05	8.58e-07	0.00e+00	0.00e+00	0.00e+00	0.00e+00	0.00e+00
 2.16447e+23	9.72e-12	1.12e-05	2.27e-03	2.93e-02	7.38e-02	7.35e-02	1.20e-01	4.61e-01	2.08e-01	3.11e-02	9.77e-04	2.01e-05	6.89e-07	0.00e+00	0.00e+00	0.00e+00	0.00e+00	0.00e+00
 2.17721e+23	1.62e-11	1.38e-05	2.69e-03	3.36e-02	8.10e-02	7.81e-02	1.24e-01	4.56e-01	1.95e-01	2.79e-02	8.40e-04	1.69e-05	5.63e-07	0.00e+00	0.00e+00	0.00e+00	0.00e+00	0.00e+00
 2.19162e+23	2.93e-11	1.80e-05	3.34e-03	3.97e-02	9.08e-02	8.40e-02	1.29e-01	4.48e-01	1.80e-01	2.43e-02	6.92e-04	1.35e-05	4.36e-07	0.00e+00	0.00e+00	0.00e+00	0.00e+00	0.00e+00
 2.20662e+23	4.84e-11	2.28e-05	4.02e-03	4.60e-02	1.00e-01	8.93e-02	1.33e-01	4.39e-01	1.67e-01	2.13e-02	5.77e-04	1.10e-05	3.44e-07	0.00e+00	0.00e+00	0.00e+00	0.00e+00	0.00e+00
 2.22013e+23	7.23e-11	2.83e-05	4.78e-03	5.25e-02	1.09e-01	9.43e-02	1.37e-01	4.29e-01	1.55e-01	1.88e-02	4.86e-04	9.04e-06	2.75e-07	0.00e+00	0.00e+00	0.00e+00	0.00e+00	0.00e+00
 2.23545e+23	1.20e-10	3.71e-05	5.92e-03	6.20e-02	1.22e-01	1.00e-01	1.40e-01	4.14e-01	1.39e-01	1.59e-02	3.88e-04	7.02e-06	2.06e-07	0.00e+00	0.00e+00	0.00e+00	0.00e+00	0.00e+00
 2.25120e+23	1.82e-10	4.66e-05	7.07e-03	7.09e-02	1.33e-01	1.05e-01	1.43e-01	4.00e-01	1.27e-01	1.37e-02	3.20e-04	5.63e-06	1.60e-07	0.00e+00	0.00e+00	0.00e+00	0.00e+00	0.00e+00
 2.26534e+23	2.66e-10	5.79e-05	8.37e-03	8.05e-02	1.44e-01	1.10e-01	1.45e-01	3.85e-01	1.16e-01	1.19e-02	2.64e-04	4.54e-06	1.25e-07	0.00e+00	0.00e+00	0.00e+00	0.00e+00	0.00e+00
 2.28156e+23	4.29e-10	7.63e-05	1.03e-02	9.43e-02	1.58e-01	1.16e-01	1.46e-01	3.64e-01	1.02e-01	9.76e-03	2.04e-04	3.41e-06	0.00e+00	0.00e+00	0.00e+00	0.00e+00	0.00e+00	0.00e+00
 2.29795e+23	6.21e-10	9.47e-05	1.22e-02	1.06e-01	1.70e-01	1.20e-01	1.46e-01	3.46e-01	9.12e-02	8.28e-03	1.65e-04	2.69e-06	0.00e+00	0.00e+00	0.00e+00	0.00e+00	0.00e+00	0.00e+00
 2.31455e+23	9.70e-10	1.23e-04	1.49e-02	1.23e-01	1.84e-01	1.24e-01	1.46e-01	3.23e-01	7.92e-02	6.72e-03	1.26e-04	2.00e-06	0.00e+00	0.00e+00	0.00e+00	0.00e+00	0.00e+00	0.00e+00
 2.33141e+23	1.40e-09	1.53e-04	1.75e-02	1.38e-01	1.95e-01	1.27e-01	1.44e-01	3.03e-01	6.98e-02	5.61e-03	1.00e-04	1.55e-06	0.00e+00	0.00e+00	0.00e+00	0.00e+00	0.00e+00	0.00e+00
 2.34638e+23	1.95e-09	1.88e-04	2.03e-02	1.53e-01	2.06e-01	1.29e-01	1.42e-01	2.83e-01	6.15e-02	4.67e-03	7.97e-05	1.20e-06	0.00e+00	0.00e+00	0.00e+00	0.00e+00	0.00e+00	0.00e+00
 2.36358e+23	3.00e-09	2.43e-04	2.45e-02	1.74e-01	2.19e-01	1.31e-01	1.39e-01	2.57e-01	5.17e-02	3.67e-03	5.89e-05	8.62e-07	0.00e+00	0.00e+00	0.00e+00	0.00e+00	0.00e+00	0.00e+00
 2.38101e+23	4.16e-09	2.97e-04	2.83e-02	1.91e-01	2.29e-01	1.31e-01	1.35e-01	2.37e-01	4.48e-02	3.00e-03	4.60e-05	6.57e-07	0.00e+00	0.00e+00	0.00e+00	0.00e+00	0.00e+00	0.00e+00
 2.39872e+23	6.29e-09	3.82e-04	3.38e-02	2.15e-01	2.40e-01	1.31e-01	1.29e-01	2.12e-01	3.69e-02	2.30e-03	3.32e-05	4.60e-07	0.00e+00	0.00e+00	0.00e+00	0.00e+00	0.00e+00	0.00e+00
 2.41667e+23	8.63e-09	4.63e-04	3.87e-02	2.34e-01	2.47e-01	1.30e-01	1.24e-01	1.92e-01	3.14e-02	1.85e-03	2.55e-05	3.45e-07	0.00e+00	0.00e+00	0.00e+00	0.00e+00	0.00e+00	0.00e+00
