#depth	Si	Si+	Si+2	Si+3	Si+4	Si+5	Si+6	Si+7	Si+8	Si+9	Si+10	Si+11	Si+12	Si+13	Si+14
 1.54284e+22	0.00e+00	0.00e+00	0.00e+00	1.40e-25	3.08e-21	1.10e-17	1.18e-14	4.12e-12	6.23e-10	4.65e-08	2.29e-06	1.11e-04	1.28e-02	1.86e-01	8.01e-01
 3.58036e+22	0.00e+00	0.00e+00	4.91e-28	5.63e-24	9.01e-20	2.29e-16	1.75e-13	4.34e-11	4.66e-09	2.46e-07	8.54e-06	2.91e-04	2.36e-02	2.42e-01	7.34e-01
 4.41538e+22	0.00e+00	1.30e-31	6.02e-27	5.45e-23	9.65e-19	1.93e-15	1.16e-12	2.27e-10	1.92e-08	7.95e-07	2.14e-05	5.69e-04	3.59e-02	2.86e-01	6.77e-01
 5.02799e+22	0.00e+00	1.65e-30	6.38e-26	4.71e-22	6.93e-18	1.14e-14	5.61e-12	9.00e-10	6.24e-08	2.11e-06	4.58e-05	9.86e-04	5.03e-02	3.25e-01	6.24e-01
 5.36834e+22	0.00e+00	3.25e-30	1.19e-25	8.31e-22	1.17e-17	1.81e-14	8.51e-12	1.29e-09	8.53e-08	2.74e-06	5.60e-05	1.14e-03	5.49e-02	3.35e-01	6.09e-01
 5.47583e+22	0.00e+00	4.73e-30	1.69e-25	1.14e-21	1.56e-17	2.36e-14	1.07e-11	1.59e-09	1.01e-07	3.16e-06	6.26e-05	1.23e-03	5.76e-02	3.41e-01	6.00e-01
 5.56652e+22	0.00e+00	7.91e-30	2.71e-25	1.76e-21	2.31e-17	3.36e-14	1.47e-11	2.09e-09	1.29e-07	3.85e-06	7.29e-05	1.38e-03	6.16e-02	3.49e-01	5.88e-01
 5.65600e+22	0.00e+00	1.13e-29	3.77e-25	2.37e-21	3.04e-17	4.30e-14	1.83e-11	2.53e-09	1.52e-07	4.40e-06	8.09e-05	1.48e-03	6.44e-02	3.54e-01	5.80e-01
 5.74391e+22	0.00e+00	1.81e-29	5.84e-25	3.53e-21	4.38e-17	5.98e-14	2.45e-11	3.26e-09	1.89e-07	5.28e-06	9.30e-05	1.64e-03	6.84e-02	3.61e-01	5.68e-01
 5.83491e+22	0.00e+00	2.77e-29	8.64e-25	5.04e-21	6.07e-17	8.02e-14	3.18e-11	4.10e-09	2.30e-07	6.21e-06	1.05e-04	1.79e-03	7.21e-02	3.68e-01	5.58e-01
 5.91544e+22	0.00e+00	3.33e-29	1.01e-24	6.97e-21	8.17e-17	1.05e-13	4.04e-11	5.05e-09	2.74e-07	7.20e-06	1.18e-04	1.94e-03	7.57e-02	3.74e-01	5.49e-01
 6.00566e+22	0.00e+00	5.38e-29	1.57e-24	1.04e-20	1.18e-16	1.46e-13	5.42e-11	6.53e-09	3.42e-07	8.64e-06	1.36e-04	2.14e-03	8.02e-02	3.80e-01	5.37e-01
 6.09707e+22	0.00e+00	8.20e-29	2.32e-24	1.48e-20	1.63e-16	1.95e-13	7.01e-11	8.18e-09	4.15e-07	1.01e-05	1.54e-04	2.34e-03	8.45e-02	3.86e-01	5.27e-01
 6.17513e+22	0.00e+00	1.20e-28	3.30e-24	2.03e-20	2.18e-16	2.54e-13	8.86e-11	1.00e-08	4.95e-07	1.17e-05	1.72e-04	2.53e-03	8.85e-02	3.92e-01	5.17e-01
 6.26168e+22	0.00e+00	1.94e-28	5.13e-24	3.03e-20	3.15e-16	3.53e-13	1.19e-10	1.30e-08	6.16e-07	1.41e-05	1.97e-04	2.79e-03	9.37e-02	3.98e-01	5.05e-01
 6.35009e+22	0.00e+00	2.94e-28	7.53e-24	4.28e-20	4.33e-16	4.70e-13	1.53e-10	1.62e-08	7.46e-07	1.65e-05	2.23e-04	3.04e-03	9.84e-02	4.04e-01	4.94e-01
 6.42711e+22	0.00e+00	4.30e-28	1.07e-23	5.88e-20	5.78e-16	6.10e-13	1.93e-10	1.98e-08	8.88e-07	1.90e-05	2.49e-04	3.28e-03	1.03e-01	4.09e-01	4.85e-01
 6.51346e+22	0.00e+00	6.91e-28	1.65e-23	8.72e-20	8.32e-16	8.46e-13	2.58e-10	2.55e-08	1.10e-06	2.28e-05	2.85e-04	3.61e-03	1.09e-01	4.15e-01	4.72e-01
 6.60310e+22	0.00e+00	1.06e-27	2.45e-23	1.24e-19	1.15e-15	1.13e-12	3.34e-10	3.21e-08	1.34e-06	2.67e-05	3.23e-04	3.94e-03	1.14e-01	4.20e-01	4.61e-01
 6.68292e+22	0.00e+00	1.58e-27	3.55e-23	1.73e-19	1.56e-15	1.49e-12	4.27e-10	3.97e-08	1.62e-06	3.11e-05	3.62e-04	4.27e-03	1.20e-01	4.25e-01	4.51e-01
 6.76023e+22	0.00e+00	2.36e-27	5.13e-23	2.42e-19	2.12e-15	1.97e-12	5.46e-10	4.92e-08	1.94e-06	3.62e-05	4.06e-04	4.62e-03	1.25e-01	4.30e-01	4.40e-01
 6.84836e+22	0.00e+00	3.88e-27	8.10e-23	3.64e-19	3.10e-15	2.77e-12	7.38e-10	6.41e-08	2.44e-06	4.37e-05	4.69e-04	5.10e-03	1.32e-01	4.35e-01	4.27e-01
 6.93835e+22	0.00e+00	5.88e-27	1.19e-22	5.14e-19	4.25e-15	3.68e-12	9.51e-10	8.00e-08	2.95e-06	5.11e-05	5.28e-04	5.54e-03	1.39e-01	4.39e-01	4.16e-01
 7.03077e+22	0.00e+00	9.86e-27	1.91e-22	7.89e-19	6.31e-15	5.25e-12	1.30e-09	1.05e-07	3.73e-06	6.21e-05	6.12e-04	6.13e-03	1.47e-01	4.44e-01	4.02e-01
 7.12498e+22	5.14e-34	1.56e-26	2.90e-22	1.15e-18	8.92e-15	7.17e-12	1.72e-09	1.34e-07	4.60e-06	7.38e-05	6.96e-04	6.70e-03	1.54e-01	4.48e-01	3.90e-01
 7.20163e+22	7.72e-34	2.25e-26	4.07e-22	1.55e-18	1.18e-14	9.22e-12	2.15e-09	1.63e-07	5.44e-06	8.47e-05	7.73e-04	7.19e-03	1.60e-01	4.51e-01	3.81e-01
 7.28138e+22	1.28e-33	3.55e-26	6.19e-22	2.26e-18	1.67e-14	1.26e-11	2.84e-09	2.08e-07	6.70e-06	1.01e-04	8.79e-04	7.86e-03	1.68e-01	4.55e-01	3.69e-01
 7.36434e+22	2.01e-33	5.32e-26	8.97e-22	3.15e-18	2.26e-14	1.66e-11	3.63e-09	2.58e-07	8.06e-06	1.17e-04	9.85e-04	8.49e-03	1.75e-01	4.57e-01	3.58e-01
 7.43893e+22	3.03e-33	7.73e-26	1.26e-21	4.28e-18	3.01e-14	2.15e-11	4.56e-09	3.14e-07	9.56e-06	1.35e-04	1.09e-03	9.11e-03	1.82e-01	4.60e-01	3.48e-01
 7.50875e+22	4.51e-33	1.10e-25	1.75e-21	5.72e-18	3.94e-14	2.74e-11	5.66e-09	3.80e-07	1.13e-05	1.54e-04	1.21e-03	9.75e-03	1.88e-01	4.62e-01	3.39e-01
 7.56881e+22	6.30e-33	1.49e-25	2.30e-21	7.31e-18	4.93e-14	3.36e-11	6.78e-09	4.45e-07	1.29e-05	1.72e-04	1.32e-03	1.03e-02	1.94e-01	4.63e-01	3.31e-01
 7.62237e+22	8.75e-33	2.00e-25	3.02e-21	9.29e-18	6.17e-14	4.10e-11	8.11e-09	5.21e-07	1.48e-05	1.93e-04	1.43e-03	1.09e-02	2.00e-01	4.64e-01	3.23e-01
 7.68357e+22	1.31e-32	2.87e-25	4.19e-21	1.24e-17	8.08e-14	5.24e-11	1.01e-08	6.30e-07	1.74e-05	2.20e-04	1.58e-03	1.17e-02	2.07e-01	4.65e-01	3.14e-01
 7.74648e+22	3.66e-35	3.87e-25	5.51e-21	1.59e-17	1.01e-13	6.43e-11	1.21e-08	7.38e-07	2.00e-05	2.47e-04	1.72e-03	1.23e-02	2.13e-01	4.66e-01	3.06e-01
 7.80062e+22	0.00e+00	5.15e-25	7.14e-21	2.00e-17	1.25e-13	7.80e-11	1.44e-08	8.58e-07	2.27e-05	2.74e-04	1.86e-03	1.30e-02	2.19e-01	4.67e-01	2.99e-01
 7.85158e+22	0.00e+00	6.83e-25	9.23e-21	2.51e-17	1.55e-13	9.45e-11	1.70e-08	9.96e-07	2.59e-05	3.05e-04	2.01e-03	1.37e-02	2.25e-01	4.67e-01	2.92e-01
 7.90152e+22	0.00e+00	8.89e-25	1.17e-20	3.11e-17	1.89e-13	1.13e-10	2.00e-08	1.15e-06	2.92e-05	3.37e-04	2.16e-03	1.44e-02	2.30e-01	4.68e-01	2.85e-01
 7.95030e+22	0.00e+00	1.15e-24	1.49e-20	3.83e-17	2.30e-13	1.35e-10	2.34e-08	1.32e-06	3.29e-05	3.71e-04	2.33e-03	1.51e-02	2.36e-01	4.68e-01	2.79e-01
 7.99803e+22	0.00e+00	1.50e-24	1.89e-20	4.73e-17	2.80e-13	1.61e-10	2.74e-08	1.51e-06	3.70e-05	4.09e-04	2.50e-03	1.58e-02	2.42e-01	4.68e-01	2.72e-01
 8.04532e+22	0.00e+00	1.95e-24	2.39e-20	5.82e-17	3.40e-13	1.92e-10	3.21e-08	1.74e-06	4.17e-05	4.51e-04	2.69e-03	1.66e-02	2.47e-01	4.67e-01	2.66e-01
 8.09948e+22	0.00e+00	2.70e-24	3.22e-20	7.55e-17	4.33e-13	2.40e-10	3.91e-08	2.06e-06	4.84e-05	5.10e-04	2.94e-03	1.76e-02	2.55e-01	4.67e-01	2.58e-01
 8.15427e+22	3.48e-34	3.60e-24	4.18e-20	9.50e-17	5.37e-13	2.91e-10	4.65e-08	2.40e-06	5.52e-05	5.68e-04	3.18e-03	1.85e-02	2.61e-01	4.66e-01	2.51e-01
 8.20051e+22	4.69e-34	4.63e-24	5.24e-20	1.16e-16	6.47e-13	3.45e-10	5.42e-08	2.74e-06	6.20e-05	6.24e-04	3.41e-03	1.93e-02	2.67e-01	4.65e-01	2.44e-01
 8.24338e+22	1.47e-34	5.89e-24	6.51e-20	1.40e-16	7.73e-13	4.06e-10	6.26e-08	3.12e-06	6.92e-05	6.83e-04	3.65e-03	2.02e-02	2.72e-01	4.64e-01	2.39e-01
 8.28487e+22	0.00e+00	7.47e-24	8.07e-20	1.69e-16	9.23e-13	4.77e-10	7.23e-08	3.53e-06	7.72e-05	7.46e-04	3.89e-03	2.10e-02	2.78e-01	4.63e-01	2.33e-01
 8.33242e+22	0.00e+00	1.00e-23	1.05e-19	2.14e-16	1.15e-12	5.82e-10	8.65e-08	4.13e-06	8.83e-05	8.34e-04	4.22e-03	2.21e-02	2.85e-01	4.62e-01	2.26e-01
 8.38092e+22	2.87e-34	1.31e-23	1.34e-19	2.63e-16	1.40e-12	6.96e-10	1.01e-07	4.76e-06	9.98e-05	9.21e-04	4.54e-03	2.32e-02	2.91e-01	4.60e-01	2.20e-01
 8.42245e+22	3.87e-34	1.66e-23	1.65e-19	3.16e-16	1.66e-12	8.15e-10	1.17e-07	5.39e-06	1.11e-04	1.01e-03	4.84e-03	2.42e-02	2.97e-01	4.59e-01	2.14e-01
 8.46820e+22	5.61e-34	2.23e-23	2.16e-19	3.98e-16	2.07e-12	9.96e-10	1.40e-07	6.31e-06	1.27e-04	1.12e-03	5.25e-03	2.54e-02	3.04e-01	4.57e-01	2.08e-01
 8.51533e+22	7.90e-34	2.91e-23	2.73e-19	4.88e-16	2.51e-12	1.19e-09	1.64e-07	7.26e-06	1.44e-04	1.24e-03	5.64e-03	2.66e-02	3.10e-01	4.55e-01	2.02e-01
 8.55696e+22	1.08e-33	3.71e-23	3.40e-19	5.90e-16	3.00e-12	1.40e-09	1.90e-07	8.27e-06	1.61e-04	1.36e-03	6.04e-03	2.78e-02	3.16e-01	4.53e-01	1.96e-01
 8.60377e+22	1.62e-33	5.12e-23	4.53e-19	7.55e-16	3.79e-12	1.74e-09	2.31e-07	9.81e-06	1.87e-04	1.54e-03	6.59e-03	2.93e-02	3.24e-01	4.50e-01	1.89e-01
 8.65118e+22	2.26e-33	6.64e-23	5.70e-19	9.20e-16	4.59e-12	2.07e-09	2.71e-07	1.13e-05	2.11e-04	1.69e-03	7.07e-03	3.06e-02	3.30e-01	4.47e-01	1.83e-01
 8.69160e+22	3.05e-33	8.46e-23	7.07e-19	1.11e-15	5.47e-12	2.43e-09	3.14e-07	1.28e-05	2.36e-04	1.86e-03	7.56e-03	3.19e-02	3.36e-01	4.45e-01	1.78e-01
 8.73641e+22	4.57e-33	1.17e-22	9.41e-19	1.41e-15	6.91e-12	3.03e-09	3.82e-07	1.52e-05	2.74e-04	2.10e-03	8.26e-03	3.37e-02	3.44e-01	4.41e-01	1.71e-01
 8.78095e+22	6.15e-33	1.48e-22	1.16e-18	1.69e-15	8.22e-12	3.55e-09	4.41e-07	1.73e-05	3.06e-04	2.30e-03	8.81e-03	3.50e-02	3.49e-01	4.38e-01	1.66e-01
 8.82517e+22	9.20e-33	2.06e-22	1.55e-18	2.15e-15	1.04e-11	4.42e-09	5.38e-07	2.06e-05	3.56e-04	2.60e-03	9.63e-03	3.70e-02	3.57e-01	4.34e-01	1.59e-01
 8.86820e+22	1.21e-32	2.56e-22	1.88e-18	2.54e-15	1.22e-11	5.12e-09	6.16e-07	2.32e-05	3.95e-04	2.82e-03	1.02e-02	3.83e-02	3.63e-01	4.30e-01	1.55e-01
 8.90969e+22	1.79e-32	3.53e-22	2.49e-18	3.21e-15	1.53e-11	6.35e-09	7.49e-07	2.76e-05	4.59e-04	3.19e-03	1.12e-02	4.04e-02	3.71e-01	4.26e-01	1.48e-01
 8.95090e+22	2.34e-32	4.39e-22	3.01e-18	3.78e-15	1.80e-11	7.35e-09	8.55e-07	3.10e-05	5.07e-04	3.46e-03	1.18e-02	4.18e-02	3.76e-01	4.22e-01	1.44e-01
 8.99175e+22	3.46e-32	6.06e-22	3.98e-18	4.76e-15	2.26e-11	9.12e-09	1.04e-06	3.69e-05	5.91e-04	3.92e-03	1.29e-02	4.41e-02	3.83e-01	4.17e-01	1.38e-01
 9.03266e+22	4.57e-32	7.61e-22	4.86e-18	5.63e-15	2.66e-11	1.06e-08	1.20e-06	4.18e-05	6.58e-04	4.27e-03	1.38e-02	4.57e-02	3.89e-01	4.13e-01	1.34e-01
 9.07366e+22	6.74e-32	1.05e-21	6.41e-18	7.07e-15	3.34e-11	1.32e-08	1.46e-06	4.98e-05	7.65e-04	4.83e-03	1.50e-02	4.81e-02	3.96e-01	4.07e-01	1.27e-01
 9.11535e+22	9.04e-32	1.33e-21	7.89e-18	8.40e-15	3.97e-11	1.55e-08	1.70e-06	5.67e-05	8.57e-04	5.29e-03	1.60e-02	5.00e-02	4.02e-01	4.03e-01	1.23e-01
 9.15794e+22	1.33e-31	1.84e-21	1.04e-17	1.06e-14	5.00e-11	1.93e-08	2.07e-06	6.76e-05	9.98e-04	5.99e-03	1.75e-02	5.26e-02	4.09e-01	3.97e-01	1.17e-01
 9.20022e+22	1.80e-31	2.35e-21	1.29e-17	1.26e-14	5.95e-11	2.28e-08	2.41e-06	7.74e-05	1.12e-03	6.58e-03	1.87e-02	5.46e-02	4.15e-01	3.92e-01	1.13e-01
 9.24208e+22	2.64e-31	3.23e-21	1.69e-17	1.57e-14	7.47e-11	2.82e-08	2.95e-06	9.23e-05	1.31e-03	7.43e-03	2.04e-02	5.74e-02	4.22e-01	3.85e-01	1.07e-01
 9.28464e+22	3.59e-31	4.16e-21	2.10e-17	1.87e-14	8.94e-11	3.35e-08	3.46e-06	1.06e-04	1.47e-03	8.19e-03	2.18e-02	5.97e-02	4.27e-01	3.79e-01	1.03e-01
 9.32810e+22	5.34e-31	5.77e-21	2.78e-17	2.35e-14	1.13e-10	4.20e-08	4.26e-06	1.28e-04	1.73e-03	9.29e-03	2.39e-02	6.27e-02	4.34e-01	3.71e-01	9.71e-02
 9.37190e+22	7.29e-31	7.45e-21	3.45e-17	2.80e-14	1.35e-10	5.00e-08	5.00e-06	1.47e-04	1.95e-03	1.02e-02	2.56e-02	6.52e-02	4.39e-01	3.65e-01	9.29e-02
 9.41615e+22	1.09e-30	1.04e-20	4.57e-17	3.50e-14	1.71e-10	6.28e-08	6.18e-06	1.77e-04	2.29e-03	1.16e-02	2.80e-02	6.85e-02	4.45e-01	3.57e-01	8.75e-02
 9.46068e+22	1.48e-30	1.34e-20	5.66e-17	4.15e-14	2.05e-10	7.47e-08	7.27e-06	2.04e-04	2.58e-03	1.28e-02	3.00e-02	7.11e-02	4.50e-01	3.50e-01	8.35e-02
 9.49915e+22	2.00e-30	1.71e-20	6.97e-17	4.90e-14	2.45e-10	8.86e-08	8.52e-06	2.35e-04	2.91e-03	1.41e-02	3.20e-02	7.37e-02	4.54e-01	3.44e-01	7.97e-02
 9.54275e+22	2.95e-30	2.36e-20	9.11e-17	6.05e-14	3.07e-10	1.10e-07	1.05e-05	2.82e-04	3.40e-03	1.59e-02	3.49e-02	7.72e-02	4.59e-01	3.35e-01	7.48e-02
 9.58600e+22	3.89e-30	2.96e-20	1.10e-16	7.05e-14	3.61e-10	1.29e-07	1.21e-05	3.20e-04	3.79e-03	1.74e-02	3.71e-02	7.97e-02	4.62e-01	3.28e-01	7.15e-02
 9.62879e+22	5.64e-30	4.01e-20	1.42e-16	8.59e-14	4.48e-10	1.60e-07	1.48e-05	3.81e-04	4.39e-03	1.95e-02	4.02e-02	8.32e-02	4.66e-01	3.19e-01	6.71e-02
 9.67243e+22	7.47e-30	5.05e-20	1.72e-16	1.00e-13	5.28e-10	1.87e-07	1.71e-05	4.34e-04	4.90e-03	2.13e-02	4.27e-02	8.58e-02	4.69e-01	3.12e-01	6.39e-02
 9.71717e+22	1.08e-29	6.81e-20	2.21e-16	1.22e-13	6.54e-10	2.31e-07	2.09e-05	5.15e-04	5.66e-03	2.39e-02	4.62e-02	8.94e-02	4.72e-01	3.03e-01	5.98e-02
 9.76297e+22	1.44e-29	8.62e-20	2.70e-16	1.42e-13	7.73e-10	2.72e-07	2.43e-05	5.89e-04	6.34e-03	2.60e-02	4.90e-02	9.22e-02	4.74e-01	2.95e-01	5.67e-02
 9.81015e+22	2.10e-29	1.17e-19	3.46e-16	1.72e-13	9.59e-10	3.36e-07	2.96e-05	7.01e-04	7.33e-03	2.92e-02	5.30e-02	9.58e-02	4.76e-01	2.86e-01	5.28e-02
 9.85838e+22	2.80e-29	1.48e-19	4.22e-16	2.01e-13	1.13e-09	3.96e-07	3.45e-05	8.01e-04	8.19e-03	3.18e-02	5.62e-02	9.87e-02	4.77e-01	2.78e-01	4.99e-02
 9.90798e+22	4.07e-29	1.99e-19	5.41e-16	2.43e-13	1.40e-09	4.89e-07	4.20e-05	9.51e-04	9.44e-03	3.55e-02	6.06e-02	1.02e-01	4.77e-01	2.68e-01	4.63e-02
 9.95852e+22	5.44e-29	2.52e-19	6.57e-16	2.83e-13	1.66e-09	5.76e-07	4.89e-05	1.09e-03	1.05e-02	3.87e-02	6.42e-02	1.05e-01	4.77e-01	2.60e-01	4.36e-02
 1.00103e+23	7.88e-29	3.39e-19	8.41e-16	3.42e-13	2.05e-09	7.08e-07	5.93e-05	1.29e-03	1.21e-02	4.31e-02	6.89e-02	1.09e-01	4.76e-01	2.49e-01	4.02e-02
 1.00624e+23	1.04e-28	4.25e-19	1.01e-15	3.96e-13	2.40e-09	8.29e-07	6.87e-05	1.46e-03	1.34e-02	4.67e-02	7.27e-02	1.11e-01	4.75e-01	2.41e-01	3.78e-02
 1.01149e+23	1.49e-28	5.66e-19	1.29e-15	4.75e-13	2.94e-09	1.01e-06	8.26e-05	1.72e-03	1.53e-02	5.16e-02	7.77e-02	1.15e-01	4.73e-01	2.31e-01	3.49e-02
 1.01688e+23	1.98e-28	7.11e-19	1.55e-15	5.50e-13	3.45e-09	1.18e-06	9.56e-05	1.95e-03	1.70e-02	5.58e-02	8.18e-02	1.17e-01	4.70e-01	2.23e-01	3.27e-02
 1.02155e+23	2.58e-28	8.75e-19	1.85e-15	6.28e-13	3.99e-09	1.36e-06	1.09e-04	2.19e-03	1.87e-02	5.99e-02	8.56e-02	1.20e-01	4.68e-01	2.16e-01	3.07e-02
 1.02673e+23	3.59e-28	1.14e-18	2.30e-15	7.43e-13	4.79e-09	1.63e-06	1.29e-04	2.53e-03	2.10e-02	6.54e-02	9.06e-02	1.23e-01	4.63e-01	2.06e-01	2.83e-02
 1.03198e+23	4.65e-28	1.40e-18	2.73e-15	8.48e-13	5.53e-09	1.88e-06	1.47e-04	2.83e-03	2.30e-02	7.00e-02	9.46e-02	1.25e-01	4.60e-01	1.99e-01	2.66e-02
 1.03730e+23	6.48e-28	1.82e-18	3.38e-15	1.00e-12	6.62e-09	2.24e-06	1.73e-04	3.27e-03	2.58e-02	7.63e-02	9.98e-02	1.27e-01	4.54e-01	1.89e-01	2.44e-02
 1.04271e+23	8.38e-28	2.23e-18	4.01e-15	1.14e-12	7.61e-09	2.56e-06	1.96e-04	3.65e-03	2.81e-02	8.13e-02	1.04e-01	1.29e-01	4.49e-01	1.82e-01	2.28e-02
 1.04745e+23	1.07e-27	2.71e-18	4.72e-15	1.29e-12	8.71e-09	2.92e-06	2.22e-04	4.05e-03	3.06e-02	8.65e-02	1.08e-01	1.31e-01	4.44e-01	1.75e-01	2.14e-02
 1.05283e+23	1.48e-27	3.49e-18	5.81e-15	1.52e-12	1.03e-08	3.45e-06	2.59e-04	4.64e-03	3.40e-02	9.35e-02	1.13e-01	1.33e-01	4.37e-01	1.66e-01	1.96e-02
 1.05820e+23	1.88e-27	4.19e-18	6.79e-15	1.71e-12	1.17e-08	3.90e-06	2.90e-04	5.10e-03	3.67e-02	9.87e-02	1.17e-01	1.34e-01	4.31e-01	1.60e-01	1.83e-02
 1.06353e+23	2.56e-27	5.34e-18	8.29e-15	2.00e-12	1.37e-08	4.56e-06	3.35e-04	5.79e-03	4.05e-02	1.06e-01	1.22e-01	1.35e-01	4.23e-01	1.51e-01	1.68e-02
 1.06897e+23	3.25e-27	6.44e-18	9.71e-15	2.26e-12	1.56e-08	5.15e-06	3.75e-04	6.37e-03	4.36e-02	1.12e-01	1.25e-01	1.36e-01	4.16e-01	1.45e-01	1.57e-02
 1.07455e+23	4.44e-27	8.23e-18	1.19e-14	2.64e-12	1.83e-08	6.02e-06	4.33e-04	7.22e-03	4.80e-02	1.20e-01	1.30e-01	1.37e-01	4.06e-01	1.37e-01	1.43e-02
 1.08023e+23	5.67e-27	9.95e-18	1.40e-14	3.00e-12	2.07e-08	6.79e-06	4.83e-04	7.93e-03	5.16e-02	1.26e-01	1.34e-01	1.38e-01	3.99e-01	1.30e-01	1.33e-02
 1.08605e+23	7.79e-27	1.27e-17	1.72e-14	3.51e-12	2.43e-08	7.93e-06	5.58e-04	8.97e-03	5.67e-02	1.35e-01	1.38e-01	1.38e-01	3.88e-01	1.22e-01	1.20e-02
 1.09198e+23	3.58e-28	1.55e-17	2.02e-14	3.99e-12	2.76e-08	8.93e-06	6.22e-04	9.85e-03	6.09e-02	1.41e-01	1.42e-01	1.39e-01	3.79e-01	1.16e-01	1.11e-02
 1.09804e+23	4.83e-28	1.98e-17	2.49e-14	4.69e-12	3.23e-08	1.04e-05	7.16e-04	1.11e-02	6.67e-02	1.50e-01	1.46e-01	1.39e-01	3.68e-01	1.09e-01	1.00e-02
 1.10397e+23	5.99e-28	2.36e-17	2.89e-14	5.29e-12	3.62e-08	1.16e-05	7.89e-04	1.20e-02	7.08e-02	1.56e-01	1.49e-01	1.38e-01	3.59e-01	1.04e-01	9.32e-03
 1.10973e+23	8.01e-28	2.99e-17	3.51e-14	6.14e-12	4.19e-08	1.33e-05	8.98e-04	1.35e-02	7.69e-02	1.65e-01	1.53e-01	1.38e-01	3.47e-01	9.68e-02	8.40e-03
 1.11557e+23	9.96e-28	3.56e-17	4.09e-14	6.94e-12	4.69e-08	1.48e-05	9.87e-04	1.46e-02	8.15e-02	1.72e-01	1.55e-01	1.37e-01	3.39e-01	9.21e-02	7.79e-03
 1.12152e+23	1.33e-27	4.49e-17	4.96e-14	8.08e-12	5.41e-08	1.70e-05	1.12e-03	1.62e-02	8.81e-02	1.80e-01	1.59e-01	1.36e-01	3.27e-01	8.58e-02	7.01e-03
 1.12766e+23	1.68e-27	5.44e-17	5.83e-14	9.18e-12	6.09e-08	1.90e-05	1.24e-03	1.76e-02	9.36e-02	1.88e-01	1.61e-01	1.35e-01	3.17e-01	8.08e-02	6.43e-03
 1.13404e+23	2.25e-27	6.89e-17	7.14e-14	1.08e-11	7.05e-08	2.18e-05	1.40e-03	1.95e-02	1.01e-01	1.96e-01	1.64e-01	1.34e-01	3.04e-01	7.50e-02	5.76e-03
 1.14063e+23	2.90e-27	8.43e-17	8.47e-14	1.23e-11	7.97e-08	2.45e-05	1.55e-03	2.13e-02	1.07e-01	2.04e-01	1.66e-01	1.32e-01	2.93e-01	7.02e-02	5.24e-03
 1.14749e+23	3.95e-27	1.08e-16	1.05e-13	1.46e-11	9.28e-08	2.82e-05	1.76e-03	2.36e-02	1.15e-01	2.13e-01	1.68e-01	1.30e-01	2.80e-01	6.45e-02	4.65e-03
 1.15453e+23	5.14e-27	1.33e-16	1.25e-13	1.69e-11	1.05e-07	3.17e-05	1.95e-03	2.57e-02	1.22e-01	2.20e-01	1.69e-01	1.28e-01	2.68e-01	6.01e-02	4.19e-03
 1.16181e+23	7.09e-27	1.72e-16	1.56e-13	2.01e-11	1.23e-07	3.65e-05	2.22e-03	2.86e-02	1.32e-01	2.29e-01	1.70e-01	1.25e-01	2.54e-01	5.48e-02	3.69e-03
 1.16933e+23	9.36e-27	2.14e-16	1.88e-13	2.34e-11	1.40e-07	4.12e-05	2.46e-03	3.11e-02	1.39e-01	2.37e-01	1.71e-01	1.22e-01	2.43e-01	5.06e-02	3.30e-03
 1.17715e+23	1.31e-26	2.79e-16	2.37e-13	2.81e-11	1.65e-07	4.77e-05	2.80e-03	3.45e-02	1.50e-01	2.46e-01	1.71e-01	1.19e-01	2.28e-01	4.58e-02	2.87e-03
 1.18522e+23	1.76e-26	3.51e-16	2.88e-13	3.29e-11	1.88e-07	5.40e-05	3.12e-03	3.77e-02	1.58e-01	2.53e-01	1.71e-01	1.16e-01	2.16e-01	4.19e-02	2.54e-03
 1.19248e+23	2.32e-26	4.35e-16	3.48e-13	3.84e-11	2.15e-07	6.07e-05	3.45e-03	4.08e-02	1.67e-01	2.59e-01	1.71e-01	1.13e-01	2.05e-01	3.85e-02	2.26e-03
 1.20081e+23	3.34e-26	5.78e-16	4.44e-13	4.65e-11	2.52e-07	7.04e-05	3.93e-03	4.53e-02	1.78e-01	2.68e-01	1.70e-01	1.08e-01	1.90e-01	3.42e-02	1.92e-03
 1.20921e+23	4.42e-26	7.18e-16	5.36e-13	5.42e-11	2.87e-07	7.89e-05	4.33e-03	4.89e-02	1.87e-01	2.73e-01	1.68e-01	1.05e-01	1.80e-01	3.13e-02	1.70e-03
 1.21769e+23	6.36e-26	9.50e-16	6.82e-13	6.57e-11	3.37e-07	9.11e-05	4.90e-03	5.40e-02	1.99e-01	2.80e-01	1.66e-01	1.00e-01	1.66e-01	2.77e-02	1.44e-03
 1.22635e+23	8.57e-26	1.19e-15	8.29e-13	7.68e-11	3.83e-07	1.02e-04	5.41e-03	5.83e-02	2.08e-01	2.85e-01	1.64e-01	9.67e-02	1.55e-01	2.50e-02	1.26e-03
 1.23524e+23	1.24e-25	1.58e-15	1.06e-12	9.34e-11	4.50e-07	1.18e-04	6.12e-03	6.42e-02	2.21e-01	2.91e-01	1.61e-01	9.18e-02	1.43e-01	2.19e-02	1.06e-03
 1.24433e+23	1.70e-25	2.01e-15	1.30e-12	1.10e-10	5.12e-07	1.33e-04	6.76e-03	6.93e-02	2.31e-01	2.95e-01	1.58e-01	8.78e-02	1.32e-01	1.96e-02	9.09e-04
 1.25241e+23	2.31e-25	2.53e-15	1.58e-12	1.28e-10	5.80e-07	1.48e-04	7.44e-03	7.46e-02	2.40e-01	2.98e-01	1.55e-01	8.38e-02	1.23e-01	1.75e-02	7.84e-04
 1.26166e+23	3.42e-25	3.40e-15	2.03e-12	1.56e-10	6.78e-07	1.71e-04	8.39e-03	8.20e-02	2.53e-01	3.01e-01	1.50e-01	7.86e-02	1.11e-01	1.51e-02	6.42e-04
 1.27046e+23	4.45e-25	4.15e-15	2.41e-12	1.79e-10	7.56e-07	1.88e-04	9.09e-03	8.71e-02	2.61e-01	3.03e-01	1.47e-01	7.52e-02	1.03e-01	1.36e-02	5.63e-04
 1.27865e+23	6.34e-25	5.42e-15	3.00e-12	2.12e-10	8.60e-07	2.11e-04	1.01e-02	9.43e-02	2.72e-01	3.04e-01	1.42e-01	7.07e-02	9.36e-02	1.18e-02	4.67e-04
 1.28686e+23	8.27e-25	6.61e-15	3.56e-12	2.42e-10	9.54e-07	2.31e-04	1.09e-02	1.00e-01	2.80e-01	3.05e-01	1.39e-01	6.74e-02	8.70e-02	1.06e-02	4.06e-04
 1.29508e+23	1.17e-24	8.57e-15	4.42e-12	2.85e-10	1.08e-06	2.59e-04	1.20e-02	1.08e-01	2.91e-01	3.05e-01	1.34e-01	6.31e-02	7.87e-02	9.18e-03	3.37e-04
 1.30350e+23	1.56e-24	1.06e-14	5.28e-12	3.27e-10	1.20e-06	2.84e-04	1.30e-02	1.14e-01	2.99e-01	3.04e-01	1.29e-01	5.97e-02	7.23e-02	8.14e-03	2.88e-04
 1.31217e+23	2.27e-24	1.40e-14	6.63e-12	3.89e-10	1.36e-06	3.19e-04	1.43e-02	1.24e-01	3.09e-01	3.02e-01	1.23e-01	5.54e-02	6.45e-02	6.92e-03	2.33e-04
 1.32088e+23	3.03e-24	1.74e-14	7.91e-12	4.46e-10	1.51e-06	3.49e-04	1.55e-02	1.31e-01	3.17e-01	3.00e-01	1.19e-01	5.22e-02	5.90e-02	6.11e-03	1.98e-04
 1.32966e+23	4.41e-24	2.30e-14	9.96e-12	5.31e-10	1.71e-06	3.91e-04	1.70e-02	1.41e-01	3.26e-01	2.97e-01	1.13e-01	4.82e-02	5.23e-02	5.15e-03	1.59e-04
 1.33861e+23	5.99e-24	2.88e-14	1.20e-11	6.11e-10	1.89e-06	4.27e-04	1.84e-02	1.49e-01	3.33e-01	2.94e-01	1.08e-01	4.51e-02	4.74e-02	4.48e-03	1.33e-04
 1.34778e+23	8.91e-24	3.87e-14	1.52e-11	7.32e-10	2.15e-06	4.79e-04	2.03e-02	1.61e-01	3.42e-01	2.89e-01	1.02e-01	4.12e-02	4.15e-02	3.73e-03	1.05e-04
 1.35714e+23	1.24e-23	4.92e-14	1.85e-11	8.47e-10	2.39e-06	5.25e-04	2.19e-02	1.70e-01	3.49e-01	2.84e-01	9.64e-02	3.82e-02	3.72e-02	3.20e-03	8.67e-05
 1.36672e+23	1.89e-23	6.73e-14	2.38e-11	1.02e-09	2.72e-06	5.90e-04	2.42e-02	1.83e-01	3.56e-01	2.77e-01	8.97e-02	3.46e-02	3.21e-02	2.61e-03	6.70e-05
 1.37642e+23	2.68e-23	8.64e-14	2.90e-11	1.19e-09	3.03e-06	6.46e-04	2.61e-02	1.94e-01	3.62e-01	2.70e-01	8.45e-02	3.19e-02	2.85e-02	2.22e-03	5.44e-05
 1.38459e+23	3.69e-23	1.09e-13	3.49e-11	1.37e-09	3.33e-06	7.02e-04	2.80e-02	2.04e-01	3.66e-01	2.64e-01	7.98e-02	2.96e-02	2.55e-02	1.91e-03	4.49e-05
 1.39352e+23	5.54e-23	1.46e-13	4.42e-11	1.64e-09	3.78e-06	7.81e-04	3.06e-02	2.18e-01	3.71e-01	2.56e-01	7.39e-02	2.67e-02	2.21e-02	1.56e-03	3.49e-05
 1.40248e+23	7.75e-23	1.85e-13	5.35e-11	1.90e-09	4.17e-06	8.50e-04	3.28e-02	2.29e-01	3.74e-01	2.48e-01	6.93e-02	2.46e-02	1.96e-02	1.33e-03	2.85e-05
 1.41123e+23	1.16e-22	2.48e-13	6.74e-11	2.27e-09	4.72e-06	9.43e-04	3.56e-02	2.43e-01	3.77e-01	2.39e-01	6.39e-02	2.23e-02	1.70e-02	1.09e-03	2.22e-05
 1.42016e+23	1.67e-22	3.18e-13	8.24e-11	2.65e-09	5.26e-06	1.03e-03	3.82e-02	2.56e-01	3.79e-01	2.31e-01	5.94e-02	2.04e-02	1.49e-02	9.19e-04	1.79e-05
 1.42892e+23	2.48e-22	4.24e-13	1.04e-10	3.17e-09	5.95e-06	1.14e-03	4.14e-02	2.71e-01	3.80e-01	2.21e-01	5.46e-02	1.84e-02	1.29e-02	7.53e-04	1.39e-05
 1.43786e+23	3.66e-22	5.54e-13	1.28e-10	3.76e-09	6.70e-06	1.25e-03	4.45e-02	2.84e-01	3.80e-01	2.11e-01	5.03e-02	1.66e-02	1.12e-02	6.25e-04	1.10e-05
 1.44666e+23	5.42e-22	7.35e-13	1.61e-10	4.50e-09	7.61e-06	1.39e-03	4.81e-02	2.99e-01	3.79e-01	2.01e-01	4.60e-02	1.50e-02	9.64e-03	5.12e-04	8.61e-06
 1.45554e+23	7.93e-22	9.70e-13	2.01e-10	5.39e-09	8.63e-06	1.53e-03	5.17e-02	3.14e-01	3.77e-01	1.92e-01	4.20e-02	1.35e-02	8.31e-03	4.21e-04	6.75e-06
 1.46432e+23	1.17e-21	1.28e-12	2.52e-10	6.46e-09	9.83e-06	1.69e-03	5.57e-02	3.29e-01	3.74e-01	1.82e-01	3.82e-02	1.21e-02	7.15e-03	3.45e-04	5.27e-06
 1.47307e+23	1.74e-21	1.69e-12	3.16e-10	7.77e-09	1.12e-05	1.87e-03	5.99e-02	3.44e-01	3.70e-01	1.72e-01	3.47e-02	1.09e-02	6.14e-03	2.82e-04	4.11e-06
 1.48184e+23	2.58e-21	2.24e-12	3.97e-10	9.37e-09	1.28e-05	2.07e-03	6.43e-02	3.60e-01	3.66e-01	1.62e-01	3.14e-02	9.73e-03	5.25e-03	2.30e-04	3.19e-06
 1.49064e+23	3.83e-21	2.96e-12	4.99e-10	1.13e-08	1.47e-05	2.29e-03	6.91e-02	3.75e-01	3.60e-01	1.52e-01	2.84e-02	8.68e-03	4.49e-03	1.87e-04	2.48e-06
 1.49948e+23	5.67e-21	3.92e-12	6.29e-10	1.37e-08	1.69e-05	2.54e-03	7.41e-02	3.90e-01	3.54e-01	1.42e-01	2.56e-02	7.73e-03	3.82e-03	1.52e-04	1.92e-06
 1.50839e+23	8.39e-21	5.18e-12	7.93e-10	1.67e-08	1.95e-05	2.82e-03	7.95e-02	4.05e-01	3.47e-01	1.33e-01	2.29e-02	6.86e-03	3.24e-03	1.23e-04	1.48e-06
 1.51739e+23	1.24e-20	6.87e-12	1.00e-09	2.04e-08	2.26e-05	3.14e-03	8.52e-02	4.20e-01	3.39e-01	1.24e-01	2.05e-02	6.08e-03	2.74e-03	9.89e-05	1.13e-06
 1.52644e+23	1.82e-20	9.08e-12	1.26e-09	2.48e-08	2.61e-05	3.48e-03	9.12e-02	4.34e-01	3.30e-01	1.15e-01	1.83e-02	5.37e-03	2.32e-03	7.96e-05	8.70e-07
 1.53564e+23	2.68e-20	1.21e-11	1.60e-09	3.04e-08	3.03e-05	3.87e-03	9.77e-02	4.48e-01	3.21e-01	1.06e-01	1.63e-02	4.72e-03	1.94e-03	6.35e-05	6.61e-07
 1.54493e+23	3.91e-20	1.59e-11	2.03e-09	3.72e-08	3.52e-05	4.30e-03	1.04e-01	4.62e-01	3.11e-01	9.83e-02	1.45e-02	4.15e-03	1.63e-03	5.09e-05	5.04e-07
 1.55441e+23	5.76e-20	2.12e-11	2.58e-09	4.59e-08	4.11e-05	4.79e-03	1.12e-01	4.75e-01	3.00e-01	9.03e-02	1.28e-02	3.62e-03	1.36e-03	4.02e-05	3.79e-07
 1.56405e+23	8.37e-20	2.79e-11	3.27e-09	5.64e-08	4.78e-05	5.32e-03	1.19e-01	4.88e-01	2.89e-01	8.29e-02	1.13e-02	3.16e-03	1.13e-03	3.19e-05	2.86e-07
 1.57288e+23	1.15e-19	3.52e-11	3.98e-09	6.70e-08	5.43e-05	5.81e-03	1.26e-01	4.97e-01	2.80e-01	7.70e-02	1.01e-02	2.82e-03	9.73e-04	2.63e-05	2.26e-07
 1.58210e+23	4.44e-19	4.71e-11	5.11e-09	8.34e-08	6.38e-05	6.49e-03	1.34e-01	5.09e-01	2.68e-01	7.00e-02	8.82e-03	2.43e-03	7.98e-04	2.04e-05	1.67e-07
 1.59147e+23	1.30e-18	5.92e-11	6.24e-09	9.93e-08	7.25e-05	7.08e-03	1.41e-01	5.17e-01	2.59e-01	6.48e-02	7.90e-03	2.16e-03	6.81e-04	1.67e-05	1.31e-07
 1.60114e+23	1.86e-18	7.94e-11	8.04e-09	1.24e-07	8.56e-05	7.92e-03	1.51e-01	5.27e-01	2.46e-01	5.86e-02	6.83e-03	1.84e-03	5.54e-04	1.29e-05	0.00e+00
 1.61084e+23	2.45e-18	9.93e-11	9.78e-09	1.48e-07	9.71e-05	8.63e-03	1.58e-01	5.34e-01	2.36e-01	5.41e-02	6.11e-03	1.63e-03	4.72e-04	1.05e-05	0.00e+00
 1.62057e+23	3.47e-18	1.32e-10	1.26e-08	1.85e-07	1.14e-04	9.63e-03	1.68e-01	5.42e-01	2.24e-01	4.87e-02	5.27e-03	1.39e-03	3.82e-04	8.06e-06	0.00e+00
 1.63034e+23	4.53e-18	1.64e-10	1.52e-08	2.19e-07	1.29e-04	1.04e-02	1.76e-01	5.47e-01	2.15e-01	4.49e-02	4.71e-03	1.23e-03	3.26e-04	6.59e-06	0.00e+00
 1.64016e+23	6.37e-18	2.16e-10	1.94e-08	2.72e-07	1.52e-04	1.16e-02	1.87e-01	5.53e-01	2.03e-01	4.04e-02	4.06e-03	1.05e-03	2.64e-04	5.06e-06	0.00e+00
 1.65008e+23	8.30e-18	2.67e-10	2.34e-08	3.22e-07	1.72e-04	1.26e-02	1.95e-01	5.57e-01	1.94e-01	3.72e-02	3.62e-03	9.24e-04	2.25e-04	4.12e-06	0.00e+00
 1.66014e+23	1.16e-17	3.50e-10	2.98e-08	4.00e-07	2.01e-04	1.40e-02	2.06e-01	5.60e-01	1.82e-01	3.33e-02	3.11e-03	7.84e-04	1.81e-04	3.15e-06	0.00e+00
 1.67033e+23	1.52e-17	4.32e-10	3.60e-08	4.74e-07	2.28e-04	1.51e-02	2.15e-01	5.62e-01	1.73e-01	3.05e-02	2.77e-03	6.89e-04	1.53e-04	2.56e-06	0.00e+00
 1.68069e+23	2.12e-17	5.65e-10	4.58e-08	5.90e-07	2.67e-04	1.68e-02	2.26e-01	5.64e-01	1.62e-01	2.73e-02	2.37e-03	5.81e-04	1.23e-04	1.94e-06	0.00e+00
 1.69124e+23	2.78e-17	6.97e-10	5.54e-08	7.00e-07	3.02e-04	1.82e-02	2.36e-01	5.64e-01	1.54e-01	2.49e-02	2.10e-03	5.08e-04	1.04e-04	1.57e-06	0.00e+00
 1.70204e+23	3.91e-17	9.13e-10	7.08e-08	8.74e-07	3.55e-04	2.01e-02	2.48e-01	5.64e-01	1.43e-01	2.21e-02	1.79e-03	4.26e-04	8.28e-05	1.18e-06	0.00e+00
 1.71309e+23	5.16e-17	1.13e-09	8.59e-08	1.04e-06	4.03e-04	2.18e-02	2.58e-01	5.62e-01	1.35e-01	2.02e-02	1.58e-03	3.70e-04	6.92e-05	9.43e-07	0.00e+00
 1.72446e+23	7.32e-17	1.48e-09	1.10e-07	1.31e-06	4.76e-04	2.42e-02	2.71e-01	5.60e-01	1.25e-01	1.78e-02	1.33e-03	3.08e-04	5.47e-05	7.02e-07	0.00e+00
 1.73606e+23	9.73e-17	1.84e-09	1.34e-07	1.56e-06	5.40e-04	2.62e-02	2.81e-01	5.57e-01	1.18e-01	1.61e-02	1.17e-03	2.66e-04	4.55e-05	5.58e-07	0.00e+00
 1.74583e+23	1.25e-16	2.22e-09	1.60e-07	1.83e-06	6.06e-04	2.82e-02	2.90e-01	5.53e-01	1.12e-01	1.48e-02	1.04e-03	2.33e-04	3.85e-05	4.53e-07	0.00e+00
 1.75643e+23	1.71e-16	2.83e-09	2.00e-07	2.25e-06	7.02e-04	3.09e-02	3.03e-01	5.48e-01	1.04e-01	1.32e-02	8.91e-04	1.97e-04	3.10e-05	3.46e-07	0.00e+00
 1.76673e+23	2.16e-16	3.35e-09	2.34e-07	2.60e-06	7.78e-04	3.29e-02	3.11e-01	5.44e-01	9.82e-02	1.21e-02	7.99e-04	1.74e-04	2.66e-05	2.86e-07	0.00e+00
 1.77664e+23	2.90e-16	4.18e-09	2.88e-07	3.15e-06	8.92e-04	3.58e-02	3.23e-01	5.38e-01	9.14e-02	1.09e-02	6.91e-04	1.49e-04	2.17e-05	2.21e-07	0.00e+00
 1.78666e+23	3.68e-16	4.95e-09	3.37e-07	3.63e-06	9.87e-04	3.81e-02	3.31e-01	5.32e-01	8.66e-02	1.00e-02	6.20e-04	1.32e-04	1.86e-05	1.83e-07	0.00e+00
 1.79680e+23	4.95e-16	6.16e-09	4.14e-07	4.38e-06	1.13e-03	4.14e-02	3.43e-01	5.25e-01	8.03e-02	8.98e-03	5.36e-04	1.12e-04	1.52e-05	1.42e-07	0.00e+00
 1.80710e+23	6.32e-16	7.31e-09	4.85e-07	5.07e-06	1.25e-03	4.40e-02	3.51e-01	5.19e-01	7.59e-02	8.25e-03	4.79e-04	9.87e-05	1.30e-05	0.00e+00	0.00e+00
 1.81759e+23	8.55e-16	9.11e-09	5.97e-07	6.14e-06	1.44e-03	4.78e-02	3.63e-01	5.10e-01	7.01e-02	7.36e-03	4.12e-04	8.35e-05	1.05e-05	0.00e+00	0.00e+00
 1.82823e+23	1.10e-15	1.08e-08	7.02e-07	7.11e-06	1.59e-03	5.09e-02	3.72e-01	5.03e-01	6.61e-02	6.75e-03	3.68e-04	7.35e-05	8.96e-06	0.00e+00	0.00e+00
 1.83906e+23	1.48e-15	1.35e-08	8.66e-07	8.64e-06	1.83e-03	5.52e-02	3.83e-01	4.93e-01	6.08e-02	6.00e-03	3.15e-04	6.19e-05	7.21e-06	0.00e+00	0.00e+00
 1.85009e+23	1.89e-15	1.61e-08	1.02e-06	1.00e-05	2.03e-03	5.87e-02	3.92e-01	4.84e-01	5.71e-02	5.49e-03	2.80e-04	5.43e-05	6.12e-06	0.00e+00	0.00e+00
 1.86137e+23	2.51e-15	2.02e-08	1.26e-06	1.22e-05	2.33e-03	6.38e-02	4.03e-01	4.73e-01	5.23e-02	4.86e-03	2.38e-04	4.54e-05	4.89e-06	0.00e+00	0.00e+00
 1.87288e+23	3.14e-15	2.41e-08	1.50e-06	1.42e-05	2.59e-03	6.79e-02	4.12e-01	4.64e-01	4.89e-02	4.42e-03	2.11e-04	3.96e-05	4.12e-06	0.00e+00	0.00e+00
 1.88472e+23	4.12e-15	3.04e-08	1.87e-06	1.75e-05	2.99e-03	7.38e-02	4.24e-01	4.51e-01	4.45e-02	3.89e-03	1.78e-04	3.29e-05	3.26e-06	0.00e+00	0.00e+00
 1.89687e+23	5.16e-15	3.66e-08	2.22e-06	2.05e-05	3.35e-03	7.87e-02	4.32e-01	4.41e-01	4.13e-02	3.52e-03	1.56e-04	2.84e-05	2.71e-06	0.00e+00	0.00e+00
 1.90943e+23	6.84e-15	4.64e-08	2.79e-06	2.53e-05	3.87e-03	8.55e-02	4.43e-01	4.27e-01	3.74e-02	3.08e-03	1.31e-04	2.34e-05	2.13e-06	0.00e+00	0.00e+00
 1.92213e+23	8.59e-15	5.60e-08	3.33e-06	2.97e-05	4.33e-03	9.11e-02	4.51e-01	4.16e-01	3.46e-02	2.78e-03	1.15e-04	2.01e-05	1.77e-06	0.00e+00	0.00e+00
 1.93502e+23	1.14e-14	7.10e-08	4.19e-06	3.68e-05	5.01e-03	9.90e-02	4.62e-01	4.00e-01	3.11e-02	2.42e-03	9.56e-05	1.65e-05	1.38e-06	0.00e+00	0.00e+00
 1.94803e+23	1.43e-14	8.57e-08	5.00e-06	4.31e-05	5.59e-03	1.05e-01	4.69e-01	3.89e-01	2.87e-02	2.18e-03	8.34e-05	1.42e-05	1.14e-06	0.00e+00	0.00e+00
 1.96121e+23	1.90e-14	1.09e-07	6.29e-06	5.34e-05	6.47e-03	1.14e-01	4.78e-01	3.73e-01	2.58e-02	1.90e-03	6.94e-05	1.16e-05	8.84e-07	0.00e+00	0.00e+00
 1.97464e+23	1.26e-14	1.32e-07	7.53e-06	6.28e-05	7.23e-03	1.21e-01	4.85e-01	3.61e-01	2.37e-02	1.70e-03	6.02e-05	9.90e-06	7.26e-07	0.00e+00	0.00e+00
 1.98650e+23	9.33e-15	1.59e-07	8.99e-06	7.39e-05	8.08e-03	1.29e-01	4.91e-01	3.49e-01	2.17e-02	1.52e-03	5.20e-05	8.44e-06	5.95e-07	0.00e+00	0.00e+00
 2.00003e+23	1.33e-14	2.01e-07	1.13e-05	9.09e-05	9.29e-03	1.39e-01	4.98e-01	3.33e-01	1.94e-02	1.32e-03	4.32e-05	6.90e-06	4.62e-07	0.00e+00	0.00e+00
 2.01385e+23	1.80e-14	2.43e-07	1.36e-05	1.08e-04	1.04e-02	1.47e-01	5.03e-01	3.20e-01	1.76e-02	1.18e-03	3.70e-05	5.83e-06	3.74e-07	0.00e+00	0.00e+00
 2.02505e+23	2.32e-14	2.86e-07	1.58e-05	1.24e-04	1.15e-02	1.55e-01	5.07e-01	3.09e-01	1.62e-02	1.07e-03	3.26e-05	5.06e-06	3.14e-07	0.00e+00	0.00e+00
 2.03664e+23	3.22e-14	3.47e-07	1.90e-05	1.46e-04	1.28e-02	1.64e-01	5.10e-01	2.97e-01	1.48e-02	9.50e-04	2.80e-05	4.29e-06	2.55e-07	0.00e+00	0.00e+00
 2.04885e+23	4.29e-14	4.11e-07	2.23e-05	1.69e-04	1.41e-02	1.73e-01	5.13e-01	2.86e-01	1.35e-02	8.55e-04	2.44e-05	3.69e-06	2.11e-07	0.00e+00	0.00e+00
 2.06007e+23	5.74e-14	4.86e-07	2.61e-05	1.96e-04	1.55e-02	1.81e-01	5.15e-01	2.75e-01	1.24e-02	7.71e-04	2.12e-05	3.19e-06	1.76e-07	0.00e+00	0.00e+00
 2.07285e+23	8.33e-14	5.99e-07	3.18e-05	2.34e-04	1.75e-02	1.92e-01	5.17e-01	2.61e-01	1.11e-02	6.76e-04	1.79e-05	2.65e-06	1.39e-07	0.00e+00	0.00e+00
 2.08599e+23	1.24e-13	7.16e-07	3.78e-05	2.74e-04	1.94e-02	2.02e-01	5.18e-01	2.49e-01	1.01e-02	6.01e-04	1.53e-05	2.24e-06	0.00e+00	0.00e+00	0.00e+00
 2.09752e+23	1.64e-13	8.46e-07	4.43e-05	3.16e-04	2.13e-02	2.12e-01	5.18e-01	2.38e-01	9.21e-03	5.40e-04	1.33e-05	1.93e-06	0.00e+00	0.00e+00	0.00e+00
 2.11048e+23	2.41e-13	1.04e-06	5.38e-05	3.77e-04	2.38e-02	2.24e-01	5.18e-01	2.26e-01	8.23e-03	4.73e-04	1.12e-05	1.60e-06	0.00e+00	0.00e+00	0.00e+00
 2.12405e+23	3.57e-13	1.25e-06	6.41e-05	4.43e-04	2.65e-02	2.35e-01	5.16e-01	2.14e-01	7.38e-03	4.18e-04	9.49e-06	1.34e-06	0.00e+00	0.00e+00	0.00e+00
 2.13632e+23	4.65e-13	1.48e-06	7.54e-05	5.13e-04	2.91e-02	2.46e-01	5.14e-01	2.03e-01	6.69e-03	3.73e-04	8.17e-06	1.14e-06	0.00e+00	0.00e+00	0.00e+00
 2.15017e+23	6.38e-13	1.84e-06	9.24e-05	6.15e-04	3.27e-02	2.59e-01	5.11e-01	1.91e-01	5.90e-03	3.22e-04	6.76e-06	9.33e-07	0.00e+00	0.00e+00	0.00e+00
 2.16447e+23	8.27e-13	2.22e-06	1.10e-04	7.26e-04	3.63e-02	2.71e-01	5.07e-01	1.79e-01	5.25e-03	2.82e-04	5.68e-06	7.76e-07	0.00e+00	0.00e+00	0.00e+00
 2.17721e+23	1.05e-12	2.64e-06	1.30e-04	8.41e-04	3.98e-02	2.83e-01	5.02e-01	1.69e-01	4.72e-03	2.50e-04	4.85e-06	6.56e-07	0.00e+00	0.00e+00	0.00e+00
 2.19162e+23	1.42e-12	3.29e-06	1.60e-04	1.01e-03	4.47e-02	2.97e-01	4.95e-01	1.57e-01	4.13e-03	2.15e-04	3.97e-06	5.30e-07	0.00e+00	0.00e+00	0.00e+00
 2.20662e+23	1.86e-12	3.99e-06	1.92e-04	1.19e-03	4.95e-02	3.10e-01	4.88e-01	1.47e-01	3.64e-03	1.87e-04	3.30e-06	4.37e-07	0.00e+00	0.00e+00	0.00e+00
 2.22013e+23	2.41e-12	4.78e-06	2.27e-04	1.39e-03	5.44e-02	3.22e-01	4.81e-01	1.37e-01	3.23e-03	1.63e-04	2.78e-06	3.64e-07	0.00e+00	0.00e+00	0.00e+00
 2.23545e+23	3.39e-12	6.02e-06	2.82e-04	1.69e-03	6.13e-02	3.37e-01	4.71e-01	1.26e-01	2.77e-03	1.38e-04	2.22e-06	2.88e-07	0.00e+00	0.00e+00	0.00e+00
 2.25120e+23	4.54e-12	7.29e-06	3.38e-04	1.99e-03	6.76e-02	3.50e-01	4.61e-01	1.17e-01	2.43e-03	1.19e-04	1.83e-06	2.36e-07	0.00e+00	0.00e+00	0.00e+00
 2.26534e+23	6.10e-12	8.79e-06	4.02e-04	2.32e-03	7.43e-02	3.62e-01	4.51e-01	1.08e-01	2.13e-03	1.03e-04	1.52e-06	1.94e-07	0.00e+00	0.00e+00	0.00e+00
 2.28156e+23	9.05e-12	1.12e-05	5.02e-04	2.84e-03	8.37e-02	3.77e-01	4.36e-01	9.76e-02	1.80e-03	8.54e-05	1.19e-06	1.50e-07	0.00e+00	0.00e+00	0.00e+00
 2.29795e+23	1.25e-11	1.35e-05	5.99e-04	3.34e-03	9.20e-02	3.89e-01	4.24e-01	8.96e-02	1.56e-03	7.31e-05	9.73e-07	1.22e-07	0.00e+00	0.00e+00	0.00e+00
 2.31455e+23	1.94e-11	1.71e-05	7.46e-04	4.06e-03	1.03e-01	4.03e-01	4.08e-01	8.04e-02	1.31e-03	6.03e-05	7.58e-07	0.00e+00	0.00e+00	0.00e+00	0.00e+00
 2.33141e+23	2.84e-11	2.08e-05	8.93e-04	4.77e-03	1.13e-01	4.14e-01	3.93e-01	7.32e-02	1.12e-03	5.12e-05	6.14e-07	0.00e+00	0.00e+00	0.00e+00	0.00e+00
 2.34638e+23	4.13e-11	2.52e-05	1.06e-03	5.58e-03	1.23e-01	4.23e-01	3.79e-01	6.66e-02	9.68e-04	4.35e-05	4.98e-07	0.00e+00	0.00e+00	0.00e+00	0.00e+00
 2.36358e+23	6.80e-11	3.21e-05	1.33e-03	6.82e-03	1.38e-01	4.35e-01	3.60e-01	5.87e-02	7.95e-04	3.52e-05	3.79e-07	0.00e+00	0.00e+00	0.00e+00	0.00e+00
 2.38101e+23	1.00e-10	3.90e-05	1.58e-03	7.97e-03	1.50e-01	4.43e-01	3.44e-01	5.29e-02	6.78e-04	2.96e-05	3.04e-07	0.00e+00	0.00e+00	0.00e+00	0.00e+00
 2.39872e+23	1.62e-10	4.99e-05	1.98e-03	9.73e-03	1.67e-01	4.51e-01	3.23e-01	4.61e-02	5.49e-04	2.36e-05	2.28e-07	0.00e+00	0.00e+00	0.00e+00	0.00e+00
 2.41667e+23	2.32e-10	6.07e-05	2.36e-03	1.14e-02	1.82e-01	4.57e-01	3.06e-01	4.11e-02	4.64e-04	1.97e-05	1.80e-07	0.00e+00	0.00e+00	0.00e+00	0.00e+00
 2.43492e+23	3.55e-10	7.80e-05	2.95e-03	1.39e-02	2.01e-01	4.62e-01	2.85e-01	3.53e-02	3.71e-04	1.55e-05	1.33e-07	0.00e+00	0.00e+00	0.00e+00	0.00e+00
 2.45341e+23	4.87e-10	9.53e-05	3.52e-03	1.62e-02	2.17e-01	4.64e-01	2.67e-01	3.12e-02	3.10e-04	1.27e-05	0.00e+00	0.00e+00	0.00e+00	0.00e+00	0.00e+00
 2.46951e+23	6.48e-10	1.15e-04	4.17e-03	1.88e-02	2.34e-01	4.65e-01	2.51e-01	2.75e-02	2.59e-04	1.05e-05	0.00e+00	0.00e+00	0.00e+00	0.00e+00	0.00e+00
 2.48491e+23	8.42e-10	1.38e-04	4.87e-03	2.15e-02	2.49e-01	4.64e-01	2.35e-01	2.45e-02	2.19e-04	8.77e-06	0.00e+00	0.00e+00	0.00e+00	0.00e+00	0.00e+00
 2.49958e+23	1.07e-09	1.64e-04	5.65e-03	2.44e-02	2.65e-01	4.62e-01	2.21e-01	2.17e-02	1.85e-04	7.33e-06	0.00e+00	0.00e+00	0.00e+00	0.00e+00	0.00e+00
 2.51613e+23	1.42e-09	2.04e-04	6.82e-03	2.87e-02	2.85e-01	4.58e-01	2.03e-01	1.86e-02	1.50e-04	5.82e-06	0.00e+00	0.00e+00	0.00e+00	0.00e+00	0.00e+00
 2.53263e+23	1.78e-09	2.42e-04	7.89e-03	3.25e-02	3.02e-01	4.53e-01	1.89e-01	1.64e-02	1.26e-04	4.83e-06	0.00e+00	0.00e+00	0.00e+00	0.00e+00	0.00e+00
 2.54907e+23	2.33e-09	3.00e-04	9.46e-03	3.79e-02	3.22e-01	4.45e-01	1.72e-01	1.39e-02	1.01e-04	3.81e-06	0.00e+00	0.00e+00	0.00e+00	0.00e+00	0.00e+00
 2.56585e+23	2.90e-09	3.59e-04	1.10e-02	4.29e-02	3.39e-01	4.36e-01	1.58e-01	1.21e-02	8.38e-05	3.11e-06	0.00e+00	0.00e+00	0.00e+00	0.00e+00	0.00e+00
 2.58306e+23	3.81e-09	4.48e-04	1.32e-02	4.99e-02	3.60e-01	4.24e-01	1.42e-01	1.01e-02	6.61e-05	2.41e-06	0.00e+00	0.00e+00	0.00e+00	0.00e+00	0.00e+00
 2.60045e+23	4.72e-09	5.36e-04	1.52e-02	5.62e-02	3.77e-01	4.13e-01	1.29e-01	8.73e-03	5.43e-05	1.95e-06	0.00e+00	0.00e+00	0.00e+00	0.00e+00	0.00e+00
 2.61576e+23	5.82e-09	6.38e-04	1.75e-02	6.31e-02	3.93e-01	4.01e-01	1.18e-01	7.51e-03	4.46e-05	1.57e-06	0.00e+00	0.00e+00	0.00e+00	0.00e+00	0.00e+00
 2.63334e+23	7.58e-09	7.96e-04	2.09e-02	7.27e-02	4.12e-01	3.84e-01	1.04e-01	6.16e-03	3.46e-05	1.19e-06	0.00e+00	0.00e+00	0.00e+00	0.00e+00	0.00e+00
 2.65037e+23	9.19e-09	9.36e-04	2.38e-02	8.04e-02	4.25e-01	3.70e-01	9.41e-02	5.30e-03	2.86e-05	9.70e-07	0.00e+00	0.00e+00	0.00e+00	0.00e+00	0.00e+00
 2.66396e+23	1.09e-08	1.08e-03	2.67e-02	8.80e-02	4.37e-01	3.57e-01	8.58e-02	4.60e-03	2.40e-05	8.00e-07	0.00e+00	0.00e+00	0.00e+00	0.00e+00	0.00e+00
 2.67887e+23	1.35e-08	1.30e-03	3.07e-02	9.80e-02	4.49e-01	3.40e-01	7.63e-02	3.86e-03	1.92e-05	6.29e-07	0.00e+00	0.00e+00	0.00e+00	0.00e+00	0.00e+00
 2.69405e+23	1.62e-08	1.51e-03	3.44e-02	1.07e-01	4.59e-01	3.26e-01	6.89e-02	3.31e-03	1.59e-05	5.12e-07	0.00e+00	0.00e+00	0.00e+00	0.00e+00	0.00e+00
 2.70749e+23	1.92e-08	1.74e-03	3.84e-02	1.16e-01	4.67e-01	3.11e-01	6.21e-02	2.85e-03	1.32e-05	4.17e-07	0.00e+00	0.00e+00	0.00e+00	0.00e+00	0.00e+00
 2.72285e+23	2.39e-08	2.09e-03	4.41e-02	1.28e-01	4.76e-01	2.93e-01	5.44e-02	2.35e-03	1.04e-05	3.22e-07	0.00e+00	0.00e+00	0.00e+00	0.00e+00	0.00e+00
 2.73841e+23	2.85e-08	2.43e-03	4.92e-02	1.39e-01	4.82e-01	2.77e-01	4.84e-02	1.99e-03	8.52e-06	2.58e-07	0.00e+00	0.00e+00	0.00e+00	0.00e+00	0.00e+00
 2.75205e+23	3.38e-08	2.80e-03	5.46e-02	1.50e-01	4.86e-01	2.62e-01	4.31e-02	1.69e-03	6.98e-06	2.08e-07	0.00e+00	0.00e+00	0.00e+00	0.00e+00	0.00e+00
 2.76764e+23	4.19e-08	3.34e-03	6.21e-02	1.64e-01	4.90e-01	2.42e-01	3.71e-02	1.37e-03	5.44e-06	1.58e-07	0.00e+00	0.00e+00	0.00e+00	0.00e+00	0.00e+00
 2.78349e+23	5.01e-08	3.87e-03	6.89e-02	1.76e-01	4.91e-01	2.27e-01	3.26e-02	1.14e-03	4.39e-06	1.24e-07	0.00e+00	0.00e+00	0.00e+00	0.00e+00	0.00e+00
 2.79752e+23	5.94e-08	4.46e-03	7.61e-02	1.88e-01	4.90e-01	2.11e-01	2.86e-02	9.54e-04	3.55e-06	0.00e+00	0.00e+00	0.00e+00	0.00e+00	0.00e+00	0.00e+00
 2.81358e+23	7.37e-08	5.31e-03	8.60e-02	2.04e-01	4.87e-01	1.93e-01	2.42e-02	7.58e-04	2.71e-06	0.00e+00	0.00e+00	0.00e+00	0.00e+00	0.00e+00	0.00e+00
 2.82984e+23	8.79e-08	6.13e-03	9.49e-02	2.16e-01	4.83e-01	1.78e-01	2.09e-02	6.23e-04	2.15e-06	0.00e+00	0.00e+00	0.00e+00	0.00e+00	0.00e+00	0.00e+00
 2.84416e+23	1.04e-07	7.04e-03	1.04e-01	2.29e-01	4.78e-01	1.64e-01	1.81e-02	5.13e-04	1.72e-06	0.00e+00	0.00e+00	0.00e+00	0.00e+00	0.00e+00	0.00e+00
 2.86058e+23	1.29e-07	8.34e-03	1.17e-01	2.45e-01	4.68e-01	1.47e-01	1.50e-02	3.99e-04	1.29e-06	0.00e+00	0.00e+00	0.00e+00	0.00e+00	0.00e+00	0.00e+00
 2.87730e+23	1.54e-07	9.61e-03	1.28e-01	2.58e-01	4.59e-01	1.33e-01	1.27e-02	3.22e-04	1.01e-06	0.00e+00	0.00e+00	0.00e+00	0.00e+00	0.00e+00	0.00e+00
 2.89219e+23	1.83e-07	1.10e-02	1.39e-01	2.70e-01	4.48e-01	1.21e-01	1.08e-02	2.60e-04	7.88e-07	0.00e+00	0.00e+00	0.00e+00	0.00e+00	0.00e+00	0.00e+00
 2.90930e+23	2.26e-07	1.30e-02	1.55e-01	2.85e-01	4.32e-01	1.06e-01	8.72e-03	1.97e-04	5.76e-07	0.00e+00	0.00e+00	0.00e+00	0.00e+00	0.00e+00	0.00e+00
 2.92675e+23	2.70e-07	1.50e-02	1.68e-01	2.97e-01	4.18e-01	9.44e-02	7.25e-03	1.56e-04	4.40e-07	0.00e+00	0.00e+00	0.00e+00	0.00e+00	0.00e+00	0.00e+00
 2.94464e+23	3.36e-07	1.77e-02	1.86e-01	3.11e-01	3.99e-01	8.14e-02	5.73e-03	1.15e-04	3.14e-07	0.00e+00	0.00e+00	0.00e+00	0.00e+00	0.00e+00	0.00e+00
 2.96277e+23	4.02e-07	2.03e-02	2.01e-01	3.21e-01	3.81e-01	7.16e-02	4.68e-03	8.95e-05	2.36e-07	0.00e+00	0.00e+00	0.00e+00	0.00e+00	0.00e+00	0.00e+00
 2.97870e+23	4.77e-07	2.32e-02	2.16e-01	3.30e-01	3.64e-01	6.30e-02	3.84e-03	6.98e-05	1.78e-07	0.00e+00	0.00e+00	0.00e+00	0.00e+00	0.00e+00	0.00e+00
 2.99686e+23	5.88e-07	2.71e-02	2.35e-01	3.40e-01	3.41e-01	5.33e-02	2.97e-03	5.08e-05	1.25e-07	0.00e+00	0.00e+00	0.00e+00	0.00e+00	0.00e+00	0.00e+00
 3.01557e+23	7.05e-07	3.11e-02	2.52e-01	3.46e-01	3.22e-01	4.59e-02	2.37e-03	3.84e-05	0.00e+00	0.00e+00	0.00e+00	0.00e+00	0.00e+00	0.00e+00	0.00e+00
 3.02974e+23	7.98e-07	3.41e-02	2.64e-01	3.50e-01	3.08e-01	4.14e-02	2.03e-03	3.16e-05	0.00e+00	0.00e+00	0.00e+00	0.00e+00	0.00e+00	0.00e+00	0.00e+00
 3.04293e+23	9.24e-07	3.80e-02	2.79e-01	3.54e-01	2.92e-01	3.62e-02	1.67e-03	2.49e-05	0.00e+00	0.00e+00	0.00e+00	0.00e+00	0.00e+00	0.00e+00	0.00e+00
 3.05656e+23	1.05e-06	4.16e-02	2.91e-01	3.56e-01	2.77e-01	3.23e-02	1.41e-03	2.02e-05	0.00e+00	0.00e+00	0.00e+00	0.00e+00	0.00e+00	0.00e+00	0.00e+00
 3.06884e+23	1.18e-06	4.55e-02	3.03e-01	3.57e-01	2.64e-01	2.88e-02	1.19e-03	1.65e-05	0.00e+00	0.00e+00	0.00e+00	0.00e+00	0.00e+00	0.00e+00	0.00e+00
 3.08032e+23	1.32e-06	4.93e-02	3.14e-01	3.58e-01	2.52e-01	2.60e-02	1.02e-03	1.37e-05	0.00e+00	0.00e+00	0.00e+00	0.00e+00	0.00e+00	0.00e+00	0.00e+00
