#depth	Ar	Ar+	Ar+2	Ar+3	Ar+4	Ar+5	Ar+6	Ar+7	Ar+8	Ar+9	Ar+10	Ar+11	Ar+12	Ar+13	Ar+14	Ar+15	Ar+16	Ar+17	Ar+18
 1.54284e+22	0.00e+00	0.00e+00	0.00e+00	0.00e+00	5.86e-26	7.01e-23	4.99e-20	2.34e-17	3.45e-14	7.28e-12	7.77e-10	4.11e-08	1.50e-06	2.90e-05	3.70e-04	5.00e-03	1.18e-01	4.10e-01	4.67e-01
 3.58036e+22	0.00e+00	0.00e+00	0.00e+00	1.35e-27	2.92e-24	2.55e-21	1.32e-18	8.09e-16	8.51e-13	1.28e-10	9.66e-09	3.62e-07	9.37e-06	1.28e-04	1.15e-03	1.09e-02	1.82e-01	4.47e-01	3.59e-01
 4.41538e+22	0.00e+00	0.00e+00	1.37e-29	3.76e-26	6.50e-23	4.49e-20	1.83e-17	8.79e-15	7.54e-12	9.05e-10	5.45e-08	1.61e-06	3.30e-05	3.53e-04	2.46e-03	1.83e-02	2.38e-01	4.55e-01	2.85e-01
 5.02799e+22	0.00e+00	0.00e+00	2.51e-28	5.80e-25	8.26e-22	4.66e-19	1.54e-16	5.96e-14	4.39e-11	4.44e-09	2.23e-07	5.45e-06	9.25e-05	8.07e-04	4.54e-03	2.73e-02	2.90e-01	4.49e-01	2.28e-01
 5.36834e+22	0.00e+00	0.00e+00	5.38e-28	1.19e-24	1.61e-21	8.57e-19	2.68e-16	9.77e-14	6.92e-11	6.71e-09	3.22e-07	7.50e-06	1.21e-04	1.00e-03	5.32e-03	3.02e-02	3.04e-01	4.45e-01	2.14e-01
 5.47583e+22	0.00e+00	0.00e+00	8.23e-28	1.78e-24	2.33e-21	1.20e-18	3.66e-16	1.29e-13	8.94e-11	8.46e-09	3.95e-07	8.95e-06	1.41e-04	1.13e-03	5.81e-03	3.19e-02	3.12e-01	4.43e-01	2.06e-01
 5.56652e+22	0.00e+00	0.00e+00	1.47e-27	3.06e-24	3.84e-21	1.91e-18	5.53e-16	1.86e-13	1.26e-10	1.15e-08	5.22e-07	1.14e-05	1.72e-04	1.33e-03	6.54e-03	3.44e-02	3.23e-01	4.39e-01	1.96e-01
 5.65600e+22	0.00e+00	0.00e+00	2.19e-27	4.45e-24	5.45e-21	2.62e-18	7.39e-16	2.41e-13	1.60e-10	1.43e-08	6.32e-07	1.34e-05	1.98e-04	1.49e-03	7.10e-03	3.62e-02	3.30e-01	4.36e-01	1.89e-01
 5.74391e+22	0.00e+00	8.26e-33	3.74e-27	7.35e-24	8.65e-21	4.00e-18	1.08e-15	3.38e-13	2.19e-10	1.91e-08	8.16e-07	1.68e-05	2.39e-04	1.73e-03	7.91e-03	3.88e-02	3.40e-01	4.31e-01	1.80e-01
 5.83491e+22	0.00e+00	1.37e-32	6.03e-27	1.15e-23	1.31e-20	5.83e-18	1.52e-15	4.56e-13	2.90e-10	2.46e-08	1.02e-06	2.04e-05	2.83e-04	1.97e-03	8.71e-03	4.12e-02	3.49e-01	4.27e-01	1.72e-01
 5.91544e+22	0.00e+00	2.17e-32	9.31e-27	1.73e-23	1.90e-20	8.21e-18	2.07e-15	6.00e-13	3.74e-10	3.11e-08	1.26e-06	2.44e-05	3.29e-04	2.23e-03	9.50e-03	4.34e-02	3.57e-01	4.23e-01	1.65e-01
 6.00566e+22	0.00e+00	3.82e-32	1.59e-26	2.86e-23	3.03e-20	1.25e-17	3.02e-15	8.39e-13	5.12e-10	4.14e-08	1.63e-06	3.05e-05	3.96e-04	2.58e-03	1.06e-02	4.64e-02	3.67e-01	4.17e-01	1.56e-01
 6.09707e+22	0.00e+00	6.30e-32	2.55e-26	4.45e-23	4.55e-20	1.82e-17	4.22e-15	1.13e-12	6.74e-10	5.32e-08	2.03e-06	3.70e-05	4.67e-04	2.94e-03	1.16e-02	4.91e-02	3.75e-01	4.12e-01	1.49e-01
 6.17513e+22	0.00e+00	9.89e-32	3.91e-26	6.63e-23	6.58e-20	2.54e-17	5.70e-15	1.47e-12	8.65e-10	6.68e-08	2.49e-06	4.40e-05	5.41e-04	3.31e-03	1.26e-02	5.16e-02	3.83e-01	4.07e-01	1.42e-01
 6.26168e+22	0.00e+00	1.74e-31	6.68e-26	1.09e-22	1.04e-19	3.86e-17	8.30e-15	2.05e-12	1.18e-09	8.87e-08	3.21e-06	5.48e-05	6.51e-04	3.82e-03	1.40e-02	5.50e-02	3.92e-01	4.00e-01	1.34e-01
 6.35009e+22	0.00e+00	2.84e-31	1.06e-25	1.69e-22	1.55e-19	5.54e-17	1.15e-14	2.72e-12	1.54e-09	1.13e-07	3.99e-06	6.62e-05	7.64e-04	4.34e-03	1.53e-02	5.80e-02	4.00e-01	3.94e-01	1.28e-01
 6.42711e+22	0.00e+00	4.44e-31	1.62e-25	2.51e-22	2.24e-19	7.71e-17	1.54e-14	3.53e-12	1.97e-09	1.42e-07	4.87e-06	7.87e-05	8.83e-04	4.87e-03	1.66e-02	6.08e-02	4.07e-01	3.88e-01	1.22e-01
 6.51346e+22	0.00e+00	7.77e-31	2.76e-25	4.11e-22	3.52e-19	1.17e-16	2.23e-14	4.89e-12	2.67e-09	1.87e-07	6.25e-06	9.75e-05	1.06e-03	5.61e-03	1.84e-02	6.45e-02	4.15e-01	3.80e-01	1.15e-01
 6.60310e+22	0.00e+00	1.28e-30	4.43e-25	6.41e-22	5.29e-19	1.69e-16	3.10e-14	6.52e-12	3.50e-09	2.40e-07	7.81e-06	1.18e-04	1.24e-03	6.37e-03	2.01e-02	6.79e-02	4.22e-01	3.73e-01	1.09e-01
 6.68292e+22	0.00e+00	2.06e-30	6.94e-25	9.74e-22	7.77e-19	2.39e-16	4.22e-14	8.54e-12	4.53e-09	3.04e-07	9.64e-06	1.42e-04	1.45e-03	7.18e-03	2.18e-02	7.13e-02	4.29e-01	3.66e-01	1.03e-01
 6.76023e+22	0.00e+00	3.30e-30	1.08e-24	1.48e-21	1.14e-18	3.37e-16	5.74e-14	1.12e-11	5.83e-09	3.84e-07	1.19e-05	1.70e-04	1.69e-03	8.09e-03	2.37e-02	7.47e-02	4.35e-01	3.59e-01	9.76e-02
 6.84836e+22	0.00e+00	5.91e-30	1.88e-24	2.47e-21	1.83e-18	5.16e-16	8.40e-14	1.56e-11	7.99e-09	5.13e-07	1.54e-05	2.12e-04	2.03e-03	9.35e-03	2.62e-02	7.90e-02	4.42e-01	3.50e-01	9.12e-02
 6.93835e+22	0.00e+00	9.64e-30	2.99e-24	3.81e-21	2.71e-18	7.38e-16	1.15e-13	2.05e-11	1.04e-08	6.52e-07	1.90e-05	2.55e-04	2.37e-03	1.06e-02	2.85e-02	8.28e-02	4.48e-01	3.42e-01	8.60e-02
 7.03077e+22	0.00e+00	1.77e-29	5.33e-24	6.52e-21	4.44e-18	1.15e-15	1.71e-13	2.89e-11	1.44e-08	8.80e-07	2.49e-05	3.21e-04	2.88e-03	1.23e-02	3.16e-02	8.76e-02	4.54e-01	3.31e-01	7.97e-02
 7.12498e+22	0.00e+00	3.02e-29	8.85e-24	1.05e-20	6.83e-18	1.70e-15	2.41e-13	3.89e-11	1.91e-08	1.14e-06	3.15e-05	3.92e-04	3.40e-03	1.40e-02	3.45e-02	9.18e-02	4.59e-01	3.22e-01	7.45e-02
 7.20163e+22	0.00e+00	4.65e-29	1.33e-23	1.53e-20	9.67e-18	2.32e-15	3.17e-13	4.94e-11	2.40e-08	1.41e-06	3.80e-05	4.61e-04	3.90e-03	1.55e-02	3.71e-02	9.54e-02	4.63e-01	3.14e-01	7.04e-02
 7.28138e+22	0.00e+00	7.95e-29	2.21e-23	2.45e-20	1.49e-17	3.41e-15	4.47e-13	6.64e-11	3.19e-08	1.83e-06	4.80e-05	5.63e-04	4.61e-03	1.76e-02	4.04e-02	9.98e-02	4.67e-01	3.04e-01	6.56e-02
 7.36434e+22	0.00e+00	1.28e-28	3.47e-23	3.73e-20	2.18e-17	4.80e-15	6.04e-13	8.61e-11	4.09e-08	2.31e-06	5.89e-05	6.72e-04	5.34e-03	1.98e-02	4.36e-02	1.04e-01	4.70e-01	2.96e-01	6.15e-02
 7.43893e+22	0.00e+00	1.98e-28	5.26e-23	5.49e-20	3.10e-17	6.60e-15	7.99e-13	1.10e-10	5.16e-08	2.86e-06	7.13e-05	7.90e-04	6.11e-03	2.19e-02	4.67e-02	1.07e-01	4.72e-01	2.87e-01	5.79e-02
 7.50875e+22	0.00e+00	3.01e-28	7.83e-23	7.93e-20	4.33e-17	8.89e-15	1.04e-12	1.37e-10	6.40e-08	3.50e-06	8.54e-05	9.22e-04	6.95e-03	2.42e-02	4.98e-02	1.11e-01	4.73e-01	2.79e-01	5.45e-02
 7.56881e+22	0.00e+00	4.28e-28	1.09e-22	1.08e-19	5.73e-17	1.14e-14	1.29e-12	1.65e-10	7.67e-08	4.14e-06	9.93e-05	1.05e-03	7.74e-03	2.62e-02	5.26e-02	1.14e-01	4.74e-01	2.72e-01	5.18e-02
 7.62237e+22	0.00e+00	6.05e-28	1.52e-22	1.46e-19	7.56e-17	1.46e-14	1.60e-12	1.98e-10	9.17e-08	4.89e-06	1.15e-04	1.19e-03	8.60e-03	2.84e-02	5.54e-02	1.17e-01	4.75e-01	2.66e-01	4.92e-02
 7.68357e+22	0.00e+00	9.22e-28	2.27e-22	2.12e-19	1.06e-16	1.97e-14	2.07e-12	2.47e-10	1.14e-07	5.98e-06	1.38e-04	1.39e-03	9.77e-03	3.13e-02	5.90e-02	1.20e-01	4.75e-01	2.57e-01	4.62e-02
 7.74648e+22	0.00e+00	1.31e-27	3.17e-22	2.89e-19	1.40e-16	2.53e-14	2.58e-12	2.98e-10	1.36e-07	7.07e-06	1.60e-04	1.58e-03	1.09e-02	3.39e-02	6.22e-02	1.23e-01	4.74e-01	2.50e-01	4.37e-02
 7.80062e+22	0.00e+00	1.83e-27	4.35e-22	3.87e-19	1.82e-16	3.20e-14	3.16e-12	3.55e-10	1.62e-07	8.28e-06	1.85e-04	1.78e-03	1.20e-02	3.65e-02	6.52e-02	1.26e-01	4.74e-01	2.44e-01	4.15e-02
 7.85158e+22	0.00e+00	2.55e-27	5.96e-22	5.17e-19	2.37e-16	4.03e-14	3.86e-12	4.20e-10	1.91e-07	9.68e-06	2.12e-04	2.01e-03	1.32e-02	3.93e-02	6.83e-02	1.28e-01	4.72e-01	2.37e-01	3.94e-02
 7.90152e+22	0.00e+00	3.47e-27	8.00e-22	6.79e-19	3.03e-16	5.01e-14	4.67e-12	4.93e-10	2.24e-07	1.12e-05	2.42e-04	2.24e-03	1.45e-02	4.21e-02	7.14e-02	1.31e-01	4.71e-01	2.31e-01	3.74e-02
 7.95030e+22	0.00e+00	4.71e-27	1.07e-21	8.87e-19	3.86e-16	6.21e-14	5.62e-12	5.77e-10	2.61e-07	1.29e-05	2.75e-04	2.50e-03	1.59e-02	4.50e-02	7.44e-02	1.33e-01	4.69e-01	2.24e-01	3.56e-02
 7.99803e+22	0.00e+00	6.41e-27	1.43e-21	1.16e-18	4.92e-16	7.69e-14	6.75e-12	6.73e-10	3.04e-07	1.49e-05	3.13e-04	2.79e-03	1.73e-02	4.81e-02	7.76e-02	1.35e-01	4.67e-01	2.18e-01	3.38e-02
 8.04532e+22	0.00e+00	8.70e-27	1.92e-21	1.52e-18	6.25e-16	9.50e-14	8.10e-12	7.84e-10	3.54e-07	1.72e-05	3.56e-04	3.10e-03	1.89e-02	5.14e-02	8.08e-02	1.37e-01	4.64e-01	2.12e-01	3.21e-02
 8.09948e+22	0.00e+00	1.27e-26	2.75e-21	2.12e-18	8.44e-16	1.24e-13	1.02e-11	9.50e-10	4.28e-07	2.06e-05	4.17e-04	3.55e-03	2.11e-02	5.57e-02	8.49e-02	1.40e-01	4.61e-01	2.04e-01	3.00e-02
 8.15427e+22	4.13e-33	1.79e-26	3.80e-21	2.84e-18	1.10e-15	1.56e-13	1.24e-11	1.12e-09	5.05e-07	2.41e-05	4.79e-04	3.99e-03	2.33e-02	5.97e-02	8.86e-02	1.42e-01	4.57e-01	1.97e-01	2.82e-02
 8.20051e+22	5.62e-33	2.40e-26	5.03e-21	3.67e-18	1.38e-15	1.91e-13	1.47e-11	1.29e-09	5.84e-07	2.76e-05	5.41e-04	4.42e-03	2.53e-02	6.35e-02	9.19e-02	1.43e-01	4.53e-01	1.91e-01	2.67e-02
 8.24338e+22	7.57e-33	3.18e-26	6.59e-21	4.70e-18	1.73e-15	2.32e-13	1.73e-11	1.48e-09	6.70e-07	3.14e-05	6.07e-04	4.87e-03	2.74e-02	6.73e-02	9.51e-02	1.45e-01	4.49e-01	1.85e-01	2.54e-02
 8.28487e+22	1.01e-32	4.21e-26	8.60e-21	5.99e-18	2.14e-15	2.80e-13	2.04e-11	1.69e-09	7.66e-07	3.56e-05	6.80e-04	5.36e-03	2.96e-02	7.11e-02	9.83e-02	1.46e-01	4.45e-01	1.79e-01	2.40e-02
 8.33242e+22	1.46e-32	5.96e-26	1.20e-20	8.10e-18	2.81e-15	3.54e-13	2.49e-11	1.99e-09	9.06e-07	4.17e-05	7.83e-04	6.03e-03	3.26e-02	7.62e-02	1.02e-01	1.48e-01	4.39e-01	1.72e-01	2.25e-02
 8.38092e+22	2.02e-32	8.13e-26	1.61e-20	1.06e-17	3.57e-15	4.36e-13	2.96e-11	2.30e-09	1.05e-06	4.79e-05	8.87e-04	6.70e-03	3.55e-02	8.10e-02	1.06e-01	1.49e-01	4.34e-01	1.66e-01	2.11e-02
 8.42245e+22	2.70e-32	1.07e-25	2.09e-20	1.35e-17	4.41e-15	5.24e-13	3.46e-11	2.61e-09	1.20e-06	5.42e-05	9.90e-04	7.34e-03	3.82e-02	8.54e-02	1.09e-01	1.50e-01	4.28e-01	1.60e-01	2.00e-02
 8.46820e+22	3.90e-32	1.52e-25	2.92e-20	1.82e-17	5.78e-15	6.62e-13	4.21e-11	3.06e-09	1.41e-06	6.34e-05	1.14e-03	8.25e-03	4.19e-02	9.12e-02	1.13e-01	1.51e-01	4.21e-01	1.53e-01	1.86e-02
 8.51533e+22	5.39e-32	2.07e-25	3.92e-20	2.38e-17	7.32e-15	8.12e-13	4.99e-11	3.51e-09	1.63e-06	7.26e-05	1.28e-03	9.13e-03	4.55e-02	9.66e-02	1.17e-01	1.52e-01	4.14e-01	1.47e-01	1.74e-02
 8.55696e+22	7.30e-32	2.76e-25	5.16e-20	3.06e-17	9.12e-15	9.82e-13	5.84e-11	3.99e-09	1.86e-06	8.24e-05	1.44e-03	1.00e-02	4.90e-02	1.02e-01	1.20e-01	1.53e-01	4.08e-01	1.41e-01	1.63e-02
 8.60377e+22	1.08e-31	4.03e-25	7.40e-20	4.23e-17	1.21e-14	1.26e-12	7.16e-11	4.70e-09	2.21e-06	9.71e-05	1.66e-03	1.13e-02	5.40e-02	1.09e-01	1.24e-01	1.53e-01	3.98e-01	1.34e-01	1.50e-02
 8.65118e+22	1.49e-31	5.47e-25	9.91e-20	5.50e-17	1.53e-14	1.53e-12	8.43e-11	5.36e-09	2.54e-06	1.11e-04	1.87e-03	1.25e-02	5.83e-02	1.15e-01	1.28e-01	1.53e-01	3.90e-01	1.28e-01	1.40e-02
 8.69160e+22	2.01e-31	7.27e-25	1.30e-19	7.02e-17	1.90e-14	1.84e-12	9.80e-11	6.04e-09	2.88e-06	1.25e-04	2.09e-03	1.36e-02	6.26e-02	1.20e-01	1.31e-01	1.53e-01	3.82e-01	1.22e-01	1.31e-02
 8.73641e+22	3.00e-31	1.07e-24	1.87e-19	9.73e-17	2.53e-14	2.35e-12	1.19e-10	7.06e-09	3.41e-06	1.47e-04	2.41e-03	1.54e-02	6.87e-02	1.28e-01	1.35e-01	1.52e-01	3.71e-01	1.15e-01	1.20e-02
 8.78095e+22	4.01e-31	1.41e-24	2.44e-19	1.24e-16	3.12e-14	2.81e-12	1.38e-10	7.93e-09	3.86e-06	1.65e-04	2.67e-03	1.67e-02	7.35e-02	1.34e-01	1.37e-01	1.52e-01	3.63e-01	1.10e-01	1.12e-02
 8.82517e+22	6.01e-31	2.07e-24	3.53e-19	1.72e-16	4.15e-14	3.57e-12	1.68e-10	9.22e-09	4.55e-06	1.94e-04	3.08e-03	1.88e-02	8.05e-02	1.42e-01	1.41e-01	1.51e-01	3.50e-01	1.03e-01	1.01e-02
 8.86820e+22	7.89e-31	2.69e-24	4.52e-19	2.14e-16	5.04e-14	4.22e-12	1.92e-10	1.03e-08	5.10e-06	2.16e-04	3.39e-03	2.03e-02	8.54e-02	1.48e-01	1.43e-01	1.50e-01	3.42e-01	9.84e-02	9.46e-03
 8.90969e+22	1.17e-30	3.92e-24	6.50e-19	2.96e-16	6.65e-14	5.32e-12	2.32e-10	1.18e-08	5.97e-06	2.52e-04	3.88e-03	2.27e-02	9.31e-02	1.56e-01	1.46e-01	1.48e-01	3.29e-01	9.17e-02	8.55e-03
 8.95090e+22	1.53e-30	5.07e-24	8.29e-19	3.68e-16	8.05e-14	6.25e-12	2.64e-10	1.31e-08	6.66e-06	2.79e-04	4.25e-03	2.44e-02	9.84e-02	1.62e-01	1.48e-01	1.47e-01	3.21e-01	8.74e-02	7.98e-03
 8.99175e+22	2.28e-30	7.43e-24	1.20e-18	5.08e-16	1.06e-13	7.88e-12	3.17e-10	1.50e-08	7.77e-06	3.25e-04	4.85e-03	2.72e-02	1.07e-01	1.70e-01	1.51e-01	1.44e-01	3.07e-01	8.10e-02	7.16e-03
 9.03266e+22	3.03e-30	9.74e-24	1.55e-18	6.39e-16	1.30e-13	9.31e-12	3.62e-10	1.66e-08	8.68e-06	3.61e-04	5.33e-03	2.93e-02	1.13e-01	1.76e-01	1.53e-01	1.42e-01	2.97e-01	7.67e-02	6.63e-03
 9.07366e+22	4.52e-30	1.43e-23	2.23e-18	8.81e-16	1.71e-13	1.17e-11	4.33e-10	1.90e-08	1.01e-05	4.18e-04	6.06e-03	3.25e-02	1.22e-01	1.85e-01	1.55e-01	1.39e-01	2.84e-01	7.08e-02	5.92e-03
 9.11535e+22	6.09e-30	1.90e-23	2.93e-18	1.12e-15	2.10e-13	1.39e-11	4.97e-10	2.12e-08	1.13e-05	4.66e-04	6.67e-03	3.50e-02	1.29e-01	1.91e-01	1.56e-01	1.37e-01	2.73e-01	6.65e-02	5.43e-03
 9.15794e+22	9.10e-30	2.79e-23	4.22e-18	1.55e-15	2.78e-13	1.75e-11	5.96e-10	2.42e-08	1.31e-05	5.38e-04	7.56e-03	3.87e-02	1.39e-01	1.99e-01	1.57e-01	1.34e-01	2.59e-01	6.10e-02	4.82e-03
 9.20022e+22	1.24e-29	3.74e-23	5.59e-18	1.98e-15	3.43e-13	2.09e-11	6.84e-10	2.68e-08	1.47e-05	6.00e-04	8.30e-03	4.17e-02	1.47e-01	2.05e-01	1.58e-01	1.31e-01	2.48e-01	5.70e-02	4.39e-03
 9.24208e+22	1.85e-29	5.49e-23	8.06e-18	2.73e-15	4.51e-13	2.62e-11	8.16e-10	3.06e-08	1.70e-05	6.89e-04	9.36e-03	4.58e-02	1.57e-01	2.12e-01	1.58e-01	1.27e-01	2.34e-01	5.20e-02	3.87e-03
 9.28464e+22	2.54e-29	7.46e-23	1.08e-17	3.52e-15	5.62e-13	3.14e-11	9.40e-10	3.40e-08	1.90e-05	7.68e-04	1.03e-02	4.92e-02	1.66e-01	2.18e-01	1.58e-01	1.23e-01	2.23e-01	4.82e-02	3.50e-03
 9.32810e+22	3.87e-29	1.11e-22	1.58e-17	4.92e-15	7.47e-13	3.97e-11	1.13e-09	3.89e-08	2.19e-05	8.82e-04	1.16e-02	5.40e-02	1.77e-01	2.25e-01	1.57e-01	1.19e-01	2.09e-01	4.35e-02	3.05e-03
 9.37190e+22	5.36e-29	1.52e-22	2.13e-17	6.38e-15	9.32e-13	4.77e-11	1.30e-09	4.33e-08	2.45e-05	9.81e-04	1.27e-02	5.80e-02	1.86e-01	2.31e-01	1.57e-01	1.15e-01	1.98e-01	4.01e-02	2.73e-03
 9.41615e+22	8.22e-29	2.29e-22	3.14e-17	8.95e-15	1.25e-12	6.05e-11	1.57e-09	4.96e-08	2.82e-05	1.12e-03	1.43e-02	6.34e-02	1.97e-01	2.37e-01	1.55e-01	1.10e-01	1.84e-01	3.59e-02	2.36e-03
 9.46068e+22	1.14e-28	3.13e-22	4.23e-17	1.16e-14	1.56e-12	7.27e-11	1.81e-09	5.51e-08	3.14e-05	1.24e-03	1.56e-02	6.77e-02	2.06e-01	2.41e-01	1.54e-01	1.06e-01	1.73e-01	3.29e-02	2.10e-03
 9.49915e+22	1.57e-28	4.26e-22	5.67e-17	1.50e-14	1.93e-12	8.69e-11	2.08e-09	6.11e-08	3.49e-05	1.37e-03	1.69e-02	7.20e-02	2.15e-01	2.45e-01	1.52e-01	1.02e-01	1.63e-01	3.02e-02	1.88e-03
 9.54275e+22	2.40e-28	6.37e-22	8.31e-17	2.09e-14	2.57e-12	1.10e-10	2.49e-09	6.99e-08	3.97e-05	1.56e-03	1.88e-02	7.80e-02	2.26e-01	2.50e-01	1.50e-01	9.69e-02	1.51e-01	2.68e-02	1.61e-03
 9.58600e+22	3.24e-28	8.49e-22	1.09e-16	2.65e-14	3.15e-12	1.30e-10	2.84e-09	7.72e-08	4.37e-05	1.70e-03	2.02e-02	8.24e-02	2.34e-01	2.53e-01	1.48e-01	9.33e-02	1.42e-01	2.46e-02	1.44e-03
 9.62879e+22	4.86e-28	1.25e-21	1.58e-16	3.65e-14	4.13e-12	1.63e-10	3.39e-09	8.79e-08	4.94e-05	1.91e-03	2.23e-02	8.84e-02	2.44e-01	2.56e-01	1.45e-01	8.84e-02	1.31e-01	2.19e-02	1.24e-03
 9.67243e+22	6.61e-28	1.68e-21	2.08e-16	4.65e-14	5.09e-12	1.94e-10	3.88e-09	9.75e-08	5.42e-05	2.09e-03	2.40e-02	9.32e-02	2.52e-01	2.58e-01	1.42e-01	8.47e-02	1.23e-01	2.00e-02	1.10e-03
 9.71717e+22	9.94e-28	2.47e-21	3.01e-16	6.41e-14	6.70e-12	2.43e-10	4.64e-09	1.12e-07	6.12e-05	2.33e-03	2.63e-02	9.97e-02	2.62e-01	2.60e-01	1.38e-01	7.99e-02	1.13e-01	1.77e-02	9.38e-04
 9.76297e+22	1.37e-27	3.35e-21	4.01e-16	8.24e-14	8.31e-12	2.91e-10	5.36e-09	1.24e-07	6.73e-05	2.55e-03	2.82e-02	1.05e-01	2.70e-01	2.61e-01	1.35e-01	7.61e-02	1.05e-01	1.60e-02	8.27e-04
 9.81015e+22	2.08e-27	4.98e-21	5.84e-16	1.14e-13	1.10e-11	3.68e-10	6.45e-09	1.43e-07	7.59e-05	2.85e-03	3.09e-02	1.12e-01	2.80e-01	2.62e-01	1.31e-01	7.14e-02	9.60e-02	1.41e-02	6.99e-04
 9.85838e+22	2.87e-27	6.77e-21	7.81e-16	1.47e-13	1.37e-11	4.43e-10	7.46e-09	1.60e-07	8.34e-05	3.10e-03	3.31e-02	1.17e-01	2.87e-01	2.62e-01	1.28e-01	6.78e-02	8.92e-02	1.27e-02	6.13e-04
 9.90798e+22	4.35e-27	1.01e-20	1.14e-15	2.04e-13	1.81e-11	5.61e-10	9.02e-09	1.85e-07	9.40e-05	3.46e-03	3.60e-02	1.24e-01	2.96e-01	2.61e-01	1.23e-01	6.34e-02	8.09e-02	1.11e-02	5.16e-04
 9.95852e+22	6.04e-27	1.37e-20	1.52e-15	2.64e-13	2.26e-11	6.76e-10	1.05e-08	2.07e-07	1.03e-04	3.76e-03	3.85e-02	1.30e-01	3.02e-01	2.60e-01	1.20e-01	5.99e-02	7.49e-02	9.96e-03	4.50e-04
 1.00103e+23	9.18e-27	2.04e-20	2.21e-15	3.66e-13	3.00e-11	8.58e-10	1.27e-08	2.40e-07	1.16e-04	4.18e-03	4.18e-02	1.38e-01	3.11e-01	2.59e-01	1.15e-01	5.57e-02	6.76e-02	8.66e-03	3.76e-04
 1.00624e+23	1.26e-26	2.76e-20	2.93e-15	4.69e-13	3.73e-11	1.03e-09	1.47e-08	2.70e-07	1.27e-04	4.53e-03	4.45e-02	1.43e-01	3.16e-01	2.57e-01	1.11e-01	5.27e-02	6.25e-02	7.77e-03	3.28e-04
 1.01149e+23	1.89e-26	4.05e-20	4.21e-15	6.43e-13	4.90e-11	1.30e-09	1.78e-08	3.12e-07	1.43e-04	5.01e-03	4.80e-02	1.51e-01	3.23e-01	2.54e-01	1.06e-01	4.89e-02	5.64e-02	6.75e-03	2.74e-04
 1.01688e+23	2.61e-26	5.49e-20	5.59e-15	8.26e-13	6.10e-11	1.56e-09	2.06e-08	3.51e-07	1.57e-04	5.42e-03	5.10e-02	1.57e-01	3.28e-01	2.52e-01	1.03e-01	4.60e-02	5.19e-02	6.03e-03	2.38e-04
 1.02155e+23	3.51e-26	7.25e-20	7.26e-15	1.04e-12	7.45e-11	1.86e-09	2.37e-08	3.92e-07	1.71e-04	5.82e-03	5.38e-02	1.62e-01	3.33e-01	2.49e-01	9.90e-02	4.35e-02	4.81e-02	5.43e-03	2.08e-04
 1.02673e+23	5.12e-26	1.04e-19	1.01e-14	1.39e-12	9.62e-11	2.31e-09	2.84e-08	4.50e-07	1.90e-04	6.38e-03	5.76e-02	1.69e-01	3.38e-01	2.45e-01	9.46e-02	4.04e-02	4.35e-02	4.74e-03	1.76e-04
 1.03198e+23	6.86e-26	1.37e-19	1.31e-14	1.75e-12	1.17e-10	2.74e-09	3.26e-08	5.03e-07	2.07e-04	6.85e-03	6.07e-02	1.75e-01	3.41e-01	2.42e-01	9.11e-02	3.81e-02	4.02e-02	4.25e-03	1.53e-04
 1.03730e+23	9.99e-26	1.94e-19	1.83e-14	2.34e-12	1.51e-10	3.41e-09	3.90e-08	5.79e-07	2.30e-04	7.49e-03	6.48e-02	1.82e-01	3.46e-01	2.38e-01	8.68e-02	3.53e-02	3.62e-02	3.70e-03	1.29e-04
 1.04271e+23	1.33e-25	2.55e-19	2.35e-14	2.92e-12	1.84e-10	4.03e-09	4.48e-08	6.47e-07	2.50e-04	8.02e-03	6.81e-02	1.88e-01	3.48e-01	2.34e-01	8.34e-02	3.32e-02	3.34e-02	3.32e-03	1.12e-04
 1.04745e+23	1.77e-25	3.32e-19	3.01e-14	3.64e-12	2.23e-10	4.75e-09	5.13e-08	7.20e-07	2.71e-04	8.57e-03	7.14e-02	1.93e-01	3.51e-01	2.30e-01	8.02e-02	3.13e-02	3.09e-02	2.98e-03	9.82e-05
 1.05283e+23	2.55e-25	4.69e-19	4.14e-14	4.82e-12	2.86e-10	5.89e-09	6.12e-08	8.28e-07	3.01e-04	9.33e-03	7.59e-02	2.00e-01	3.54e-01	2.25e-01	7.61e-02	2.89e-02	2.78e-02	2.59e-03	8.23e-05
 1.05820e+23	3.31e-25	5.98e-19	5.20e-14	5.90e-12	3.42e-10	6.86e-09	6.95e-08	9.17e-07	3.25e-04	9.93e-03	7.92e-02	2.05e-01	3.55e-01	2.21e-01	7.32e-02	2.73e-02	2.57e-02	2.34e-03	7.25e-05
 1.06353e+23	4.70e-25	8.31e-19	7.06e-14	7.73e-12	4.34e-10	8.43e-09	8.24e-08	1.05e-06	3.60e-04	1.08e-02	8.38e-02	2.12e-01	3.57e-01	2.16e-01	6.93e-02	2.52e-02	2.32e-02	2.04e-03	6.10e-05
 1.06897e+23	6.13e-25	1.06e-18	8.88e-14	9.48e-12	5.19e-10	9.86e-09	9.38e-08	1.17e-06	3.89e-04	1.15e-02	8.75e-02	2.17e-01	3.58e-01	2.12e-01	6.65e-02	2.37e-02	2.14e-02	1.83e-03	5.35e-05
 1.07455e+23	8.72e-25	1.48e-18	1.21e-13	1.24e-11	6.60e-10	1.21e-08	1.11e-07	1.34e-06	4.32e-04	1.24e-02	9.25e-02	2.24e-01	3.59e-01	2.06e-01	6.28e-02	2.19e-02	1.92e-02	1.59e-03	4.48e-05
 1.08023e+23	1.14e-24	1.90e-18	1.52e-13	1.53e-11	7.93e-10	1.42e-08	1.27e-07	1.49e-06	4.68e-04	1.32e-02	9.65e-02	2.29e-01	3.60e-01	2.02e-01	6.01e-02	2.05e-02	1.77e-02	1.42e-03	3.91e-05
 1.08605e+23	1.63e-24	2.65e-18	2.07e-13	2.01e-11	1.01e-09	1.76e-08	1.52e-07	1.72e-06	5.19e-04	1.43e-02	1.02e-01	2.35e-01	3.60e-01	1.95e-01	5.65e-02	1.88e-02	1.58e-02	1.23e-03	3.25e-05
 1.09198e+23	2.14e-24	3.42e-18	2.61e-13	2.48e-11	1.22e-09	2.06e-08	1.74e-07	1.91e-06	5.63e-04	1.52e-02	1.06e-01	2.40e-01	3.60e-01	1.91e-01	5.39e-02	1.76e-02	1.45e-02	1.10e-03	2.82e-05
 1.09804e+23	3.06e-24	4.78e-18	3.56e-13	3.26e-11	1.55e-09	2.55e-08	2.07e-07	2.21e-06	6.27e-04	1.65e-02	1.12e-01	2.47e-01	3.59e-01	1.84e-01	5.05e-02	1.61e-02	1.29e-02	9.41e-04	2.34e-05
 1.10397e+23	3.91e-24	5.99e-18	4.38e-13	3.93e-11	1.83e-09	2.95e-08	2.34e-07	2.44e-06	6.75e-04	1.75e-02	1.16e-01	2.51e-01	3.58e-01	1.80e-01	4.83e-02	1.52e-02	1.20e-02	8.48e-04	2.06e-05
 1.10973e+23	5.48e-24	8.20e-18	5.85e-13	5.08e-11	2.30e-09	3.60e-08	2.77e-07	2.79e-06	7.46e-04	1.88e-02	1.22e-01	2.57e-01	3.57e-01	1.74e-01	4.54e-02	1.39e-02	1.07e-02	7.33e-04	1.72e-05
 1.11557e+23	7.00e-24	1.03e-17	7.21e-13	6.12e-11	2.72e-09	4.17e-08	3.13e-07	3.08e-06	8.04e-04	1.99e-02	1.26e-01	2.62e-01	3.55e-01	1.69e-01	4.33e-02	1.30e-02	9.86e-03	6.59e-04	1.51e-05
 1.12152e+23	9.73e-24	1.40e-17	9.54e-13	7.87e-11	3.40e-09	5.07e-08	3.69e-07	3.52e-06	8.87e-04	2.14e-02	1.32e-01	2.67e-01	3.53e-01	1.63e-01	4.06e-02	1.20e-02	8.82e-03	5.69e-04	1.26e-05
 1.12766e+23	1.27e-23	1.79e-17	1.20e-12	9.65e-11	4.08e-09	5.94e-08	4.21e-07	3.93e-06	9.62e-04	2.27e-02	1.37e-01	2.72e-01	3.51e-01	1.58e-01	3.84e-02	1.11e-02	8.05e-03	5.05e-04	1.09e-05
 1.13404e+23	1.77e-23	2.44e-17	1.59e-12	1.24e-10	5.12e-09	7.24e-08	4.98e-07	4.50e-06	1.06e-03	2.45e-02	1.44e-01	2.77e-01	3.48e-01	1.52e-01	3.59e-02	1.02e-02	7.17e-03	4.35e-04	9.04e-06
 1.14063e+23	2.35e-23	3.16e-17	2.02e-12	1.54e-10	6.21e-09	8.57e-08	5.73e-07	5.05e-06	1.16e-03	2.60e-02	1.49e-01	2.81e-01	3.45e-01	1.47e-01	3.39e-02	9.40e-03	6.49e-03	3.83e-04	7.72e-06
 1.14749e+23	3.33e-23	4.36e-17	2.71e-12	2.01e-10	7.86e-09	1.05e-07	6.82e-07	5.81e-06	1.29e-03	2.81e-02	1.57e-01	2.87e-01	3.41e-01	1.41e-01	3.14e-02	8.53e-03	5.74e-03	3.26e-04	6.35e-06
 1.15453e+23	4.46e-23	5.71e-17	3.46e-12	2.50e-10	9.58e-09	1.25e-07	7.89e-07	6.55e-06	1.41e-03	2.99e-02	1.63e-01	2.91e-01	3.37e-01	1.35e-01	2.95e-02	7.85e-03	5.17e-03	2.85e-04	5.39e-06
 1.16181e+23	6.38e-23	7.94e-17	4.68e-12	3.29e-10	1.22e-08	1.55e-07	9.44e-07	7.58e-06	1.57e-03	3.23e-02	1.70e-01	2.96e-01	3.32e-01	1.29e-01	2.72e-02	7.08e-03	4.54e-03	2.41e-04	4.39e-06
 1.16933e+23	8.65e-23	1.05e-16	6.05e-12	4.14e-10	1.50e-08	1.86e-07	1.10e-06	8.58e-06	1.72e-03	3.45e-02	1.77e-01	3.00e-01	3.27e-01	1.23e-01	2.54e-02	6.48e-03	4.06e-03	2.09e-04	3.68e-06
 1.17715e+23	1.26e-22	1.48e-16	8.28e-12	5.49e-10	1.93e-08	2.32e-07	1.33e-06	1.00e-05	1.93e-03	3.74e-02	1.85e-01	3.04e-01	3.21e-01	1.17e-01	2.33e-02	5.79e-03	3.54e-03	1.75e-04	2.96e-06
 1.18522e+23	1.73e-22	1.99e-16	1.08e-11	6.98e-10	2.40e-08	2.80e-07	1.55e-06	1.14e-05	2.12e-03	4.00e-02	1.93e-01	3.08e-01	3.16e-01	1.11e-01	2.16e-02	5.26e-03	3.14e-03	1.50e-04	2.45e-06
 1.19248e+23	2.34e-22	2.62e-16	1.39e-11	8.75e-10	2.93e-08	3.34e-07	1.80e-06	1.29e-05	2.32e-03	4.26e-02	2.00e-01	3.11e-01	3.11e-01	1.06e-01	2.01e-02	4.80e-03	2.80e-03	1.30e-04	2.06e-06
 1.20081e+23	3.49e-22	3.79e-16	1.94e-11	1.18e-09	3.85e-08	4.23e-07	2.20e-06	1.52e-05	2.62e-03	4.62e-02	2.09e-01	3.14e-01	3.03e-01	9.98e-02	1.82e-02	4.24e-03	2.40e-03	1.06e-04	1.61e-06
 1.20921e+23	4.71e-22	4.99e-16	2.49e-11	1.48e-09	4.71e-08	5.05e-07	2.56e-06	1.71e-05	2.87e-03	4.92e-02	2.16e-01	3.17e-01	2.97e-01	9.50e-02	1.69e-02	3.85e-03	2.13e-03	9.15e-05	1.35e-06
 1.21769e+23	6.99e-22	7.16e-16	3.46e-11	1.99e-09	6.14e-08	6.38e-07	3.11e-06	2.01e-05	3.22e-03	5.32e-02	2.26e-01	3.20e-01	2.89e-01	8.89e-02	1.53e-02	3.39e-03	1.82e-03	7.49e-05	1.06e-06
 1.22635e+23	9.62e-22	9.60e-16	4.51e-11	2.53e-09	7.60e-08	7.70e-07	3.65e-06	2.29e-05	3.55e-03	5.68e-02	2.34e-01	3.21e-01	2.82e-01	8.40e-02	1.40e-02	3.06e-03	1.60e-03	6.36e-05	8.67e-07
 1.23524e+23	1.44e-21	1.39e-15	6.28e-11	3.42e-09	9.95e-08	9.74e-07	4.45e-06	2.69e-05	3.99e-03	6.15e-02	2.43e-01	3.23e-01	2.73e-01	7.82e-02	1.26e-02	2.68e-03	1.36e-03	5.16e-05	6.73e-07
 1.24433e+23	2.01e-21	1.88e-15	8.29e-11	4.39e-09	1.25e-07	1.19e-06	5.25e-06	3.08e-05	4.41e-03	6.56e-02	2.52e-01	3.24e-01	2.65e-01	7.34e-02	1.15e-02	2.39e-03	1.18e-03	4.32e-05	5.44e-07
 1.25241e+23	2.78e-21	2.53e-15	1.08e-10	5.59e-09	1.55e-07	1.44e-06	6.17e-06	3.52e-05	4.85e-03	6.99e-02	2.60e-01	3.25e-01	2.58e-01	6.90e-02	1.05e-02	2.14e-03	1.03e-03	3.63e-05	4.41e-07
 1.26166e+23	4.23e-21	3.72e-15	1.53e-10	7.63e-09	2.05e-07	1.84e-06	7.60e-06	4.18e-05	5.49e-03	7.57e-02	2.70e-01	3.26e-01	2.48e-01	6.35e-02	9.29e-03	1.84e-03	8.59e-04	2.89e-05	3.34e-07
 1.27046e+23	5.59e-21	4.79e-15	1.92e-10	9.39e-09	2.47e-07	2.17e-06	8.72e-06	4.67e-05	5.96e-03	7.98e-02	2.77e-01	3.25e-01	2.41e-01	6.00e-02	8.57e-03	1.67e-03	7.62e-04	2.48e-05	2.78e-07
 1.27865e+23	8.13e-21	6.74e-15	2.62e-10	1.24e-08	3.18e-07	2.71e-06	1.05e-05	5.46e-05	6.65e-03	8.57e-02	2.86e-01	3.25e-01	2.32e-01	5.54e-02	7.64e-03	1.45e-03	6.43e-04	2.00e-05	2.14e-07
 1.28686e+23	1.07e-20	8.69e-15	3.29e-10	1.52e-08	3.83e-07	3.19e-06	1.21e-05	6.11e-05	7.22e-03	9.02e-02	2.93e-01	3.24e-01	2.25e-01	5.22e-02	7.02e-03	1.31e-03	5.67e-04	1.71e-05	1.77e-07
 1.29508e+23	1.54e-20	1.21e-14	4.42e-10	1.99e-08	4.88e-07	3.95e-06	1.45e-05	7.10e-05	8.03e-03	9.65e-02	3.02e-01	3.23e-01	2.15e-01	4.81e-02	6.25e-03	1.14e-03	4.79e-04	1.38e-05	1.37e-07
 1.30350e+23	2.08e-20	1.58e-14	5.62e-10	2.48e-08	5.95e-07	4.72e-06	1.68e-05	8.03e-05	8.76e-03	1.02e-01	3.09e-01	3.21e-01	2.08e-01	4.49e-02	5.68e-03	1.02e-03	4.16e-04	1.16e-05	0.00e+00
 1.31217e+23	3.05e-20	2.24e-14	7.66e-10	3.28e-08	7.70e-07	5.93e-06	2.04e-05	9.44e-05	9.81e-03	1.09e-01	3.17e-01	3.18e-01	1.98e-01	4.09e-02	4.99e-03	8.74e-04	3.44e-04	9.14e-06	0.00e+00
 1.32088e+23	4.08e-20	2.92e-14	9.70e-10	4.06e-08	9.36e-07	7.06e-06	2.37e-05	1.07e-04	1.07e-02	1.15e-01	3.24e-01	3.16e-01	1.90e-01	3.81e-02	4.52e-03	7.77e-04	2.98e-04	7.63e-06	0.00e+00
 1.32966e+23	5.95e-20	4.11e-14	1.32e-09	5.36e-08	1.21e-06	8.88e-06	2.88e-05	1.25e-04	1.20e-02	1.23e-01	3.33e-01	3.12e-01	1.80e-01	3.45e-02	3.94e-03	6.63e-04	2.46e-04	5.98e-06	0.00e+00
 1.33861e+23	8.05e-20	5.40e-14	1.67e-09	6.69e-08	1.48e-06	1.07e-05	3.36e-05	1.43e-04	1.31e-02	1.30e-01	3.39e-01	3.09e-01	1.72e-01	3.19e-02	3.53e-03	5.82e-04	2.10e-04	4.90e-06	0.00e+00
 1.34778e+23	1.18e-19	7.64e-14	2.28e-09	8.87e-08	1.93e-06	1.35e-05	4.12e-05	1.69e-04	1.48e-02	1.39e-01	3.47e-01	3.04e-01	1.62e-01	2.86e-02	3.04e-03	4.90e-04	1.70e-04	3.77e-06	0.00e+00
 1.35714e+23	1.61e-19	1.01e-13	2.91e-09	1.11e-07	2.38e-06	1.64e-05	4.84e-05	1.94e-04	1.62e-02	1.47e-01	3.53e-01	2.99e-01	1.54e-01	2.61e-02	2.70e-03	4.26e-04	1.43e-04	3.04e-06	0.00e+00
 1.36672e+23	2.38e-19	1.43e-13	3.96e-09	1.48e-07	3.12e-06	2.09e-05	5.97e-05	2.32e-04	1.83e-02	1.58e-01	3.61e-01	2.93e-01	1.44e-01	2.31e-02	2.29e-03	3.53e-04	1.14e-04	2.29e-06	0.00e+00
 1.37642e+23	3.23e-19	1.88e-13	5.02e-09	1.85e-07	3.85e-06	2.54e-05	7.05e-05	2.67e-04	2.02e-02	1.67e-01	3.66e-01	2.88e-01	1.35e-01	2.10e-02	2.01e-03	3.03e-04	9.46e-05	1.82e-06	0.00e+00
 1.38459e+23	4.24e-19	2.40e-13	6.20e-09	2.26e-07	4.66e-06	3.02e-05	8.19e-05	3.04e-04	2.20e-02	1.75e-01	3.71e-01	2.82e-01	1.28e-01	1.91e-02	1.78e-03	2.64e-04	7.97e-05	1.47e-06	0.00e+00
 1.39352e+23	5.97e-19	3.25e-13	8.07e-09	2.90e-07	5.93e-06	3.77e-05	9.93e-05	3.59e-04	2.47e-02	1.86e-01	3.76e-01	2.75e-01	1.19e-01	1.69e-02	1.51e-03	2.19e-04	6.37e-05	1.12e-06	0.00e+00
 1.40248e+23	7.78e-19	4.10e-13	9.88e-09	3.52e-07	7.15e-06	4.49e-05	1.15e-04	4.10e-04	2.70e-02	1.95e-01	3.80e-01	2.68e-01	1.12e-01	1.53e-02	1.33e-03	1.89e-04	5.33e-05	8.96e-07	0.00e+00
 1.41123e+23	1.06e-18	5.40e-13	1.25e-08	4.43e-07	8.96e-06	5.54e-05	1.38e-04	4.80e-04	3.00e-02	2.07e-01	3.83e-01	2.60e-01	1.04e-01	1.36e-02	1.13e-03	1.58e-04	4.27e-05	6.82e-07	0.00e+00
 1.42016e+23	1.38e-18	6.80e-13	1.52e-08	5.37e-07	1.08e-05	6.63e-05	1.62e-04	5.51e-04	3.29e-02	2.17e-01	3.86e-01	2.53e-01	9.69e-02	1.22e-02	9.82e-04	1.35e-04	3.52e-05	5.38e-07	0.00e+00
 1.42892e+23	1.84e-18	8.73e-13	1.88e-08	6.63e-07	1.34e-05	8.09e-05	1.92e-04	6.43e-04	3.64e-02	2.29e-01	3.88e-01	2.45e-01	8.94e-02	1.07e-02	8.34e-04	1.12e-04	2.82e-05	4.10e-07	0.00e+00
 1.43786e+23	2.38e-18	1.09e-12	2.28e-08	8.03e-07	1.62e-05	9.70e-05	2.25e-04	7.41e-04	4.00e-02	2.40e-01	3.90e-01	2.36e-01	8.27e-02	9.53e-03	7.16e-04	9.44e-05	2.30e-05	3.18e-07	0.00e+00
 1.44666e+23	3.09e-18	1.37e-12	2.75e-08	9.75e-07	1.97e-05	1.17e-04	2.65e-04	8.59e-04	4.41e-02	2.52e-01	3.90e-01	2.28e-01	7.61e-02	8.40e-03	6.08e-04	7.87e-05	1.84e-05	2.43e-07	0.00e+00
 1.45554e+23	3.96e-18	1.69e-12	3.28e-08	1.17e-06	2.38e-05	1.40e-04	3.10e-04	9.91e-04	4.85e-02	2.63e-01	3.90e-01	2.19e-01	7.00e-02	7.40e-03	5.18e-04	6.57e-05	1.48e-05	1.87e-07	0.00e+00
 1.46432e+23	5.04e-18	2.08e-12	3.89e-08	1.40e-06	2.86e-05	1.67e-04	3.62e-04	1.14e-03	5.32e-02	2.75e-01	3.89e-01	2.10e-01	6.41e-02	6.50e-03	4.40e-04	5.47e-05	1.19e-05	1.43e-07	0.00e+00
 1.47307e+23	6.35e-18	2.53e-12	4.57e-08	1.67e-06	3.42e-05	1.99e-04	4.21e-04	1.32e-03	5.82e-02	2.87e-01	3.87e-01	2.01e-01	5.87e-02	5.70e-03	3.73e-04	4.56e-05	9.57e-06	0.00e+00	0.00e+00
 1.48184e+23	7.97e-18	3.07e-12	5.34e-08	1.98e-06	4.09e-05	2.36e-04	4.89e-04	1.51e-03	6.37e-02	2.99e-01	3.84e-01	1.92e-01	5.35e-02	4.99e-03	3.15e-04	3.78e-05	7.66e-06	0.00e+00	0.00e+00
 1.49064e+23	9.94e-18	3.70e-12	6.21e-08	2.33e-06	4.86e-05	2.79e-04	5.66e-04	1.74e-03	6.96e-02	3.11e-01	3.81e-01	1.82e-01	4.87e-02	4.36e-03	2.66e-04	3.13e-05	6.12e-06	0.00e+00	0.00e+00
 1.49948e+23	1.23e-17	4.43e-12	7.18e-08	2.74e-06	5.76e-05	3.29e-04	6.54e-04	1.99e-03	7.59e-02	3.23e-01	3.77e-01	1.73e-01	4.42e-02	3.80e-03	2.24e-04	2.59e-05	4.88e-06	0.00e+00	0.00e+00
 1.50839e+23	1.53e-17	5.30e-12	8.28e-08	3.22e-06	6.82e-05	3.88e-04	7.54e-04	2.28e-03	8.26e-02	3.34e-01	3.72e-01	1.64e-01	4.00e-02	3.30e-03	1.88e-04	2.13e-05	3.88e-06	0.00e+00	0.00e+00
 1.51739e+23	1.89e-17	6.32e-12	9.53e-08	3.78e-06	8.06e-05	4.56e-04	8.67e-04	2.61e-03	8.99e-02	3.46e-01	3.66e-01	1.55e-01	3.61e-02	2.86e-03	1.58e-04	1.75e-05	3.07e-06	0.00e+00	0.00e+00
 1.52644e+23	2.33e-17	7.51e-12	1.09e-07	4.41e-06	9.49e-05	5.34e-04	9.93e-04	2.98e-03	9.75e-02	3.57e-01	3.60e-01	1.46e-01	3.25e-02	2.48e-03	1.32e-04	1.44e-05	2.44e-06	0.00e+00	0.00e+00
 1.53564e+23	2.88e-17	8.95e-12	1.25e-07	5.17e-06	1.12e-04	6.26e-04	1.14e-03	3.41e-03	1.06e-01	3.67e-01	3.53e-01	1.37e-01	2.92e-02	2.13e-03	1.10e-04	1.17e-05	1.92e-06	0.00e+00	0.00e+00
 1.54493e+23	3.54e-17	1.06e-11	1.44e-07	6.03e-06	1.31e-04	7.30e-04	1.30e-03	3.87e-03	1.14e-01	3.77e-01	3.45e-01	1.29e-01	2.61e-02	1.84e-03	9.18e-05	9.58e-06	1.51e-06	0.00e+00	0.00e+00
 1.55441e+23	4.40e-17	1.27e-11	1.65e-07	7.08e-06	1.55e-04	8.55e-04	1.49e-03	4.42e-03	1.24e-01	3.87e-01	3.36e-01	1.20e-01	2.33e-02	1.57e-03	7.59e-05	7.74e-06	1.18e-06	0.00e+00	0.00e+00
 1.56405e+23	5.44e-17	1.52e-11	1.90e-07	8.28e-06	1.82e-04	9.96e-04	1.69e-03	5.02e-03	1.33e-01	3.97e-01	3.28e-01	1.12e-01	2.07e-02	1.35e-03	6.29e-05	6.28e-06	9.25e-07	0.00e+00	0.00e+00
 1.57288e+23	6.53e-17	1.76e-11	2.14e-07	9.45e-06	2.08e-04	1.13e-03	1.88e-03	5.58e-03	1.42e-01	4.04e-01	3.20e-01	1.06e-01	1.88e-02	1.18e-03	5.37e-05	5.26e-06	7.53e-07	0.00e+00	0.00e+00
 1.58210e+23	8.20e-17	2.13e-11	2.48e-07	1.12e-05	2.45e-04	1.32e-03	2.14e-03	6.37e-03	1.53e-01	4.12e-01	3.09e-01	9.80e-02	1.65e-02	9.97e-04	4.38e-05	4.20e-06	5.78e-07	0.00e+00	0.00e+00
 1.59147e+23	9.93e-17	2.49e-11	2.82e-07	1.28e-05	2.81e-04	1.50e-03	2.37e-03	7.06e-03	1.62e-01	4.18e-01	3.01e-01	9.19e-02	1.49e-02	8.71e-04	3.72e-05	3.50e-06	4.69e-07	0.00e+00	0.00e+00
 1.60114e+23	1.27e-16	3.06e-11	3.32e-07	1.53e-05	3.33e-04	1.76e-03	2.70e-03	8.05e-03	1.75e-01	4.25e-01	2.89e-01	8.44e-02	1.30e-02	7.30e-04	3.01e-05	2.77e-06	3.56e-07	0.00e+00	0.00e+00
 1.61084e+23	1.55e-16	3.60e-11	3.78e-07	1.75e-05	3.80e-04	1.99e-03	2.98e-03	8.89e-03	1.84e-01	4.30e-01	2.80e-01	7.89e-02	1.17e-02	6.37e-04	2.55e-05	2.30e-06	2.88e-07	0.00e+00	0.00e+00
 1.62057e+23	1.99e-16	4.44e-11	4.47e-07	2.09e-05	4.50e-04	2.32e-03	3.37e-03	1.01e-02	1.97e-01	4.35e-01	2.69e-01	7.22e-02	1.02e-02	5.32e-04	2.06e-05	1.81e-06	2.19e-07	0.00e+00	0.00e+00
 1.63034e+23	2.44e-16	5.27e-11	5.13e-07	2.41e-05	5.13e-04	2.61e-03	3.70e-03	1.11e-02	2.08e-01	4.38e-01	2.60e-01	6.74e-02	9.18e-03	4.64e-04	1.75e-05	1.51e-06	1.78e-07	0.00e+00	0.00e+00
 1.64016e+23	3.16e-16	6.56e-11	6.13e-07	2.88e-05	6.06e-04	3.04e-03	4.17e-03	1.25e-02	2.21e-01	4.41e-01	2.48e-01	6.15e-02	7.98e-03	3.88e-04	1.42e-05	1.19e-06	1.35e-07	0.00e+00	0.00e+00
 1.65008e+23	3.91e-16	7.85e-11	7.09e-07	3.33e-05	6.91e-04	3.41e-03	4.56e-03	1.37e-02	2.32e-01	4.43e-01	2.39e-01	5.72e-02	7.15e-03	3.38e-04	1.20e-05	9.93e-07	0.00e+00	0.00e+00	0.00e+00
 1.66014e+23	5.15e-16	9.91e-11	8.57e-07	4.02e-05	8.18e-04	3.96e-03	5.12e-03	1.53e-02	2.46e-01	4.44e-01	2.27e-01	5.20e-02	6.18e-03	2.81e-04	9.64e-06	7.79e-07	0.00e+00	0.00e+00	0.00e+00
 1.67033e+23	6.45e-16	1.20e-10	1.00e-06	4.67e-05	9.35e-04	4.45e-03	5.59e-03	1.68e-02	2.57e-01	4.44e-01	2.18e-01	4.81e-02	5.52e-03	2.44e-04	8.13e-06	6.45e-07	0.00e+00	0.00e+00	0.00e+00
 1.68069e+23	8.63e-16	1.54e-10	1.23e-06	5.67e-05	1.11e-03	5.16e-03	6.25e-03	1.88e-02	2.71e-01	4.43e-01	2.06e-01	4.35e-02	4.75e-03	2.02e-04	6.51e-06	5.04e-07	0.00e+00	0.00e+00	0.00e+00
 1.69124e+23	1.10e-15	1.89e-10	1.46e-06	6.65e-05	1.27e-03	5.81e-03	6.82e-03	2.05e-02	2.83e-01	4.42e-01	1.97e-01	4.01e-02	4.21e-03	1.74e-04	5.46e-06	4.15e-07	0.00e+00	0.00e+00	0.00e+00
 1.70204e+23	1.50e-15	2.46e-10	1.82e-06	8.16e-05	1.52e-03	6.75e-03	7.62e-03	2.29e-02	2.98e-01	4.39e-01	1.85e-01	3.60e-02	3.60e-03	1.43e-04	4.33e-06	3.21e-07	0.00e+00	0.00e+00	0.00e+00
 1.71309e+23	1.94e-15	3.07e-10	2.19e-06	9.66e-05	1.75e-03	7.61e-03	8.32e-03	2.49e-02	3.09e-01	4.36e-01	1.76e-01	3.30e-02	3.17e-03	1.23e-04	3.61e-06	2.62e-07	0.00e+00	0.00e+00	0.00e+00
 1.72446e+23	2.71e-15	4.10e-10	2.78e-06	1.20e-04	2.10e-03	8.87e-03	9.30e-03	2.78e-02	3.25e-01	4.31e-01	1.64e-01	2.94e-02	2.69e-03	9.99e-05	2.83e-06	2.01e-07	0.00e+00	0.00e+00	0.00e+00
 1.73606e+23	3.58e-15	5.20e-10	3.40e-06	1.43e-04	2.43e-03	1.00e-02	1.01e-02	3.02e-02	3.36e-01	4.26e-01	1.55e-01	2.68e-02	2.35e-03	8.51e-05	2.34e-06	1.63e-07	0.00e+00	0.00e+00	0.00e+00
 1.74583e+23	4.57e-15	6.42e-10	4.06e-06	1.68e-04	2.77e-03	1.11e-02	1.09e-02	3.25e-02	3.47e-01	4.21e-01	1.48e-01	2.46e-02	2.09e-03	7.35e-05	1.97e-06	1.34e-07	0.00e+00	0.00e+00	0.00e+00
 1.75643e+23	6.30e-15	8.47e-10	5.12e-06	2.06e-04	3.28e-03	1.28e-02	1.21e-02	3.57e-02	3.60e-01	4.14e-01	1.38e-01	2.20e-02	1.79e-03	6.08e-05	1.58e-06	0.00e+00	0.00e+00	0.00e+00	0.00e+00
 1.76673e+23	7.96e-15	1.04e-09	6.08e-06	2.39e-04	3.70e-03	1.41e-02	1.29e-02	3.81e-02	3.69e-01	4.09e-01	1.31e-01	2.03e-02	1.60e-03	5.31e-05	1.34e-06	0.00e+00	0.00e+00	0.00e+00	0.00e+00
 1.77664e+23	1.08e-14	1.35e-09	7.57e-06	2.89e-04	4.32e-03	1.60e-02	1.41e-02	4.14e-02	3.81e-01	4.01e-01	1.23e-01	1.83e-02	1.37e-03	4.44e-05	1.09e-06	0.00e+00	0.00e+00	0.00e+00	0.00e+00
 1.78666e+23	1.37e-14	1.66e-09	9.04e-06	3.37e-04	4.88e-03	1.76e-02	1.50e-02	4.39e-02	3.89e-01	3.94e-01	1.16e-01	1.68e-02	1.23e-03	3.87e-05	9.26e-07	0.00e+00	0.00e+00	0.00e+00	0.00e+00
 1.79680e+23	1.87e-14	2.18e-09	1.14e-05	4.09e-04	5.70e-03	1.99e-02	1.64e-02	4.76e-02	4.00e-01	3.85e-01	1.08e-01	1.51e-02	1.05e-03	3.23e-05	7.47e-07	0.00e+00	0.00e+00	0.00e+00	0.00e+00
 1.80710e+23	2.40e-14	2.70e-09	1.36e-05	4.78e-04	6.46e-03	2.19e-02	1.75e-02	5.05e-02	4.08e-01	3.78e-01	1.03e-01	1.38e-02	9.34e-04	2.80e-05	6.33e-07	0.00e+00	0.00e+00	0.00e+00	0.00e+00
 1.81759e+23	3.32e-14	3.58e-09	1.73e-05	5.85e-04	7.57e-03	2.48e-02	1.90e-02	5.45e-02	4.18e-01	3.67e-01	9.50e-02	1.23e-02	7.96e-04	2.32e-05	5.07e-07	0.00e+00	0.00e+00	0.00e+00	0.00e+00
 1.82823e+23	4.30e-14	4.47e-09	2.09e-05	6.86e-04	8.58e-03	2.73e-02	2.03e-02	5.77e-02	4.25e-01	3.59e-01	8.95e-02	1.12e-02	7.04e-04	2.00e-05	4.27e-07	0.00e+00	0.00e+00	0.00e+00	0.00e+00
 1.83906e+23	6.01e-14	5.98e-09	2.68e-05	8.43e-04	1.01e-02	3.10e-02	2.20e-02	6.21e-02	4.34e-01	3.47e-01	8.24e-02	9.90e-03	5.95e-04	1.65e-05	3.39e-07	0.00e+00	0.00e+00	0.00e+00	0.00e+00
 1.85009e+23	7.84e-14	7.54e-09	3.25e-05	9.92e-04	1.15e-02	3.41e-02	2.35e-02	6.56e-02	4.39e-01	3.38e-01	7.73e-02	8.98e-03	5.23e-04	1.41e-05	2.84e-07	0.00e+00	0.00e+00	0.00e+00	0.00e+00
 1.86137e+23	1.11e-13	1.02e-08	4.20e-05	1.23e-03	1.35e-02	3.87e-02	2.55e-02	7.04e-02	4.46e-01	3.25e-01	7.07e-02	7.87e-03	4.39e-04	1.15e-05	2.23e-07	0.00e+00	0.00e+00	0.00e+00	0.00e+00
 1.87288e+23	1.46e-13	1.30e-08	5.15e-05	1.45e-03	1.54e-02	4.27e-02	2.72e-02	7.42e-02	4.51e-01	3.15e-01	6.58e-02	7.09e-03	3.82e-04	9.80e-06	1.85e-07	0.00e+00	0.00e+00	0.00e+00	0.00e+00
 1.88472e+23	2.10e-13	1.78e-08	6.73e-05	1.81e-03	1.82e-02	4.84e-02	2.94e-02	7.94e-02	4.56e-01	3.01e-01	5.97e-02	6.16e-03	3.17e-04	7.89e-06	1.43e-07	0.00e+00	0.00e+00	0.00e+00	0.00e+00
 1.89687e+23	2.82e-13	2.29e-08	8.34e-05	2.15e-03	2.09e-02	5.34e-02	3.13e-02	8.36e-02	4.58e-01	2.89e-01	5.51e-02	5.49e-03	2.72e-04	6.62e-06	0.00e+00	0.00e+00	0.00e+00	0.00e+00	0.00e+00
 1.90943e+23	4.12e-13	3.18e-08	1.10e-04	2.70e-03	2.48e-02	6.06e-02	3.39e-02	8.91e-02	4.60e-01	2.74e-01	4.94e-02	4.71e-03	2.23e-04	5.26e-06	0.00e+00	0.00e+00	0.00e+00	0.00e+00	0.00e+00
 1.92213e+23	5.53e-13	4.11e-08	1.36e-04	3.22e-03	2.83e-02	6.67e-02	3.60e-02	9.32e-02	4.61e-01	2.62e-01	4.54e-02	4.17e-03	1.91e-04	4.40e-06	0.00e+00	0.00e+00	0.00e+00	0.00e+00	0.00e+00
 1.93502e+23	8.12e-13	5.73e-08	1.81e-04	4.03e-03	3.36e-02	7.54e-02	3.87e-02	9.87e-02	4.59e-01	2.46e-01	4.03e-02	3.54e-03	1.54e-04	3.45e-06	0.00e+00	0.00e+00	0.00e+00	0.00e+00	0.00e+00
 1.94803e+23	1.09e-12	7.39e-08	2.24e-04	4.79e-03	3.82e-02	8.27e-02	4.09e-02	1.03e-01	4.57e-01	2.34e-01	3.67e-02	3.11e-03	1.31e-04	2.87e-06	0.00e+00	0.00e+00	0.00e+00	0.00e+00	0.00e+00
 1.96121e+23	1.60e-12	1.03e-07	2.96e-04	5.99e-03	4.51e-02	9.28e-02	4.37e-02	1.08e-01	4.51e-01	2.18e-01	3.23e-02	2.62e-03	1.05e-04	2.23e-06	0.00e+00	0.00e+00	0.00e+00	0.00e+00	0.00e+00
 1.97464e+23	2.17e-12	1.34e-07	3.68e-04	7.12e-03	5.13e-02	1.01e-01	4.60e-02	1.12e-01	4.46e-01	2.05e-01	2.92e-02	2.28e-03	8.83e-05	1.83e-06	0.00e+00	0.00e+00	0.00e+00	0.00e+00	0.00e+00
 1.98650e+23	2.92e-12	1.72e-07	4.55e-04	8.43e-03	5.80e-02	1.10e-01	4.82e-02	1.15e-01	4.39e-01	1.92e-01	2.62e-02	1.98e-03	7.39e-05	1.50e-06	0.00e+00	0.00e+00	0.00e+00	0.00e+00	0.00e+00
 2.00003e+23	4.24e-12	2.38e-07	5.95e-04	1.04e-02	6.77e-02	1.22e-01	5.09e-02	1.19e-01	4.28e-01	1.77e-01	2.28e-02	1.64e-03	5.87e-05	1.15e-06	0.00e+00	0.00e+00	0.00e+00	0.00e+00	0.00e+00
 2.01385e+23	5.77e-12	3.10e-07	7.41e-04	1.24e-02	7.65e-02	1.32e-01	5.30e-02	1.22e-01	4.17e-01	1.64e-01	2.02e-02	1.40e-03	4.82e-05	9.27e-07	0.00e+00	0.00e+00	0.00e+00	0.00e+00	0.00e+00
 2.02505e+23	7.44e-12	3.85e-07	8.87e-04	1.42e-02	8.46e-02	1.41e-01	5.47e-02	1.24e-01	4.07e-01	1.54e-01	1.83e-02	1.23e-03	4.09e-05	7.70e-07	0.00e+00	0.00e+00	0.00e+00	0.00e+00	0.00e+00
 2.03664e+23	1.00e-11	4.95e-07	1.09e-03	1.67e-02	9.48e-02	1.52e-01	5.66e-02	1.26e-01	3.94e-01	1.42e-01	1.61e-02	1.04e-03	3.36e-05	6.18e-07	0.00e+00	0.00e+00	0.00e+00	0.00e+00	0.00e+00
 2.04885e+23	1.30e-11	6.20e-07	1.31e-03	1.92e-02	1.05e-01	1.61e-01	5.81e-02	1.28e-01	3.81e-01	1.31e-01	1.43e-02	8.97e-04	2.80e-05	5.04e-07	0.00e+00	0.00e+00	0.00e+00	0.00e+00	0.00e+00
 2.06007e+23	1.68e-11	7.70e-07	1.57e-03	2.20e-02	1.15e-01	1.71e-01	5.95e-02	1.29e-01	3.68e-01	1.21e-01	1.27e-02	7.73e-04	2.33e-05	4.12e-07	0.00e+00	0.00e+00	0.00e+00	0.00e+00	0.00e+00
 2.07285e+23	2.31e-11	1.01e-06	1.96e-03	2.60e-02	1.29e-01	1.82e-01	6.09e-02	1.29e-01	3.50e-01	1.09e-01	1.09e-02	6.37e-04	1.85e-05	3.19e-07	0.00e+00	0.00e+00	0.00e+00	0.00e+00	0.00e+00
 2.08599e+23	3.05e-11	1.27e-06	2.37e-03	3.00e-02	1.42e-01	1.92e-01	6.19e-02	1.29e-01	3.33e-01	9.91e-02	9.51e-03	5.35e-04	1.50e-05	2.52e-07	0.00e+00	0.00e+00	0.00e+00	0.00e+00	0.00e+00
 2.09752e+23	3.90e-11	1.57e-06	2.80e-03	3.40e-02	1.54e-01	2.01e-01	6.27e-02	1.28e-01	3.18e-01	9.05e-02	8.35e-03	4.55e-04	1.23e-05	2.04e-07	0.00e+00	0.00e+00	0.00e+00	0.00e+00	0.00e+00
 2.11048e+23	5.28e-11	2.02e-06	3.43e-03	3.95e-02	1.70e-01	2.12e-01	6.33e-02	1.27e-01	2.98e-01	8.04e-02	7.07e-03	3.70e-04	9.65e-06	1.56e-07	0.00e+00	0.00e+00	0.00e+00	0.00e+00	0.00e+00
 2.12405e+23	6.94e-11	2.54e-06	4.12e-03	4.52e-02	1.85e-01	2.20e-01	6.35e-02	1.25e-01	2.79e-01	7.16e-02	6.03e-03	3.04e-04	7.65e-06	0.00e+00	0.00e+00	0.00e+00	0.00e+00	0.00e+00	0.00e+00
 2.13632e+23	8.89e-11	3.12e-06	4.86e-03	5.08e-02	1.99e-01	2.28e-01	6.35e-02	1.23e-01	2.62e-01	6.42e-02	5.19e-03	2.53e-04	6.17e-06	0.00e+00	0.00e+00	0.00e+00	0.00e+00	0.00e+00	0.00e+00
 2.15017e+23	1.21e-10	4.02e-06	5.94e-03	5.86e-02	2.16e-01	2.36e-01	6.31e-02	1.19e-01	2.41e-01	5.57e-02	4.27e-03	2.00e-04	4.68e-06	0.00e+00	0.00e+00	0.00e+00	0.00e+00	0.00e+00	0.00e+00
 2.16447e+23	1.58e-10	5.02e-06	7.07e-03	6.63e-02	2.33e-01	2.42e-01	6.24e-02	1.15e-01	2.22e-01	4.86e-02	3.57e-03	1.61e-04	3.63e-06	0.00e+00	0.00e+00	0.00e+00	0.00e+00	0.00e+00	0.00e+00
 2.17721e+23	2.01e-10	6.12e-06	8.26e-03	7.38e-02	2.47e-01	2.47e-01	6.15e-02	1.12e-01	2.05e-01	4.28e-02	3.01e-03	1.31e-04	2.87e-06	0.00e+00	0.00e+00	0.00e+00	0.00e+00	0.00e+00	0.00e+00
 2.19162e+23	2.71e-10	7.81e-06	9.98e-03	8.39e-02	2.65e-01	2.52e-01	6.01e-02	1.06e-01	1.84e-01	3.63e-02	2.42e-03	1.01e-04	2.12e-06	0.00e+00	0.00e+00	0.00e+00	0.00e+00	0.00e+00	0.00e+00
 2.20662e+23	3.53e-10	9.68e-06	1.18e-02	9.37e-02	2.81e-01	2.54e-01	5.85e-02	1.01e-01	1.66e-01	3.11e-02	1.98e-03	7.98e-05	1.61e-06	0.00e+00	0.00e+00	0.00e+00	0.00e+00	0.00e+00	0.00e+00
 2.22013e+23	4.49e-10	1.18e-05	1.37e-02	1.03e-01	2.95e-01	2.56e-01	5.68e-02	9.65e-02	1.51e-01	2.68e-02	1.63e-03	6.35e-05	1.24e-06	0.00e+00	0.00e+00	0.00e+00	0.00e+00	0.00e+00	0.00e+00
 2.23545e+23	6.08e-10	1.50e-05	1.64e-02	1.17e-01	3.12e-01	2.56e-01	5.44e-02	8.99e-02	1.32e-01	2.20e-02	1.27e-03	4.72e-05	8.78e-07	0.00e+00	0.00e+00	0.00e+00	0.00e+00	0.00e+00	0.00e+00
