#depth	N	N+	N+2	N+3	N+4	N+5	N+6	N+7
 1.54284e+22	3.45e-12	6.30e-08	3.16e-05	1.26e-03	8.19e-03	3.01e-01	5.06e-01	1.84e-01
 3.44890e+22	9.55e-12	1.73e-07	8.58e-05	3.23e-03	1.69e-02	4.09e-01	4.59e-01	1.12e-01
 3.99374e+22	1.46e-11	2.64e-07	1.31e-04	4.79e-03	2.29e-02	4.59e-01	4.27e-01	8.65e-02
 4.26616e+22	1.79e-11	3.22e-07	1.61e-04	5.76e-03	2.65e-02	4.82e-01	4.10e-01	7.58e-02
 4.39866e+22	1.96e-11	3.54e-07	1.77e-04	6.26e-03	2.82e-02	4.92e-01	4.02e-01	7.13e-02
 4.49456e+22	2.20e-11	3.97e-07	1.99e-04	6.95e-03	3.06e-02	5.06e-01	3.91e-01	6.59e-02
 4.59733e+22	2.43e-11	4.39e-07	2.20e-04	7.62e-03	3.28e-02	5.17e-01	3.81e-01	6.13e-02
 4.70904e+22	2.76e-11	4.99e-07	2.51e-04	8.56e-03	3.59e-02	5.31e-01	3.68e-01	5.57e-02
 4.82187e+22	3.08e-11	5.55e-07	2.79e-04	9.36e-03	3.85e-02	5.42e-01	3.58e-01	5.17e-02
 4.91601e+22	3.39e-11	6.09e-07	3.06e-04	1.01e-02	4.08e-02	5.51e-01	3.49e-01	4.84e-02
 5.01824e+22	3.80e-11	6.84e-07	3.44e-04	1.12e-02	4.41e-02	5.63e-01	3.38e-01	4.43e-02
 5.11749e+22	4.15e-11	7.45e-07	3.75e-04	1.20e-02	4.65e-02	5.70e-01	3.29e-01	4.16e-02
 5.21285e+22	4.60e-11	8.27e-07	4.18e-04	1.32e-02	4.98e-02	5.80e-01	3.18e-01	3.82e-02
 5.30928e+22	5.06e-11	9.06e-07	4.56e-04	1.41e-02	5.25e-02	5.87e-01	3.10e-01	3.58e-02
 5.40710e+22	5.63e-11	1.01e-06	5.09e-04	1.54e-02	5.62e-02	5.96e-01	2.99e-01	3.28e-02
 5.50640e+22	6.20e-11	1.11e-06	5.56e-04	1.66e-02	5.91e-02	6.03e-01	2.90e-01	3.06e-02
 5.60765e+22	6.94e-11	1.24e-06	6.23e-04	1.81e-02	6.32e-02	6.11e-01	2.79e-01	2.79e-02
 5.71042e+22	7.70e-11	1.37e-06	6.83e-04	1.95e-02	6.65e-02	6.17e-01	2.70e-01	2.60e-02
 5.81519e+22	8.63e-11	1.53e-06	7.67e-04	2.13e-02	7.11e-02	6.24e-01	2.59e-01	2.36e-02
 5.92168e+22	9.62e-11	1.70e-06	8.43e-04	2.29e-02	7.47e-02	6.29e-01	2.50e-01	2.19e-02
 6.03042e+22	1.09e-10	1.91e-06	9.50e-04	2.51e-02	7.99e-02	6.35e-01	2.39e-01	1.98e-02
 6.14169e+22	1.21e-10	2.12e-06	1.05e-03	2.70e-02	8.41e-02	6.40e-01	2.30e-01	1.82e-02
 6.25626e+22	1.39e-10	2.42e-06	1.19e-03	2.96e-02	8.98e-02	6.44e-01	2.19e-01	1.64e-02
 6.37396e+22	1.56e-10	2.70e-06	1.32e-03	3.19e-02	9.45e-02	6.47e-01	2.10e-01	1.50e-02
 6.49575e+22	1.81e-10	3.11e-06	1.51e-03	3.51e-02	1.01e-01	6.51e-01	1.98e-01	1.33e-02
 6.61860e+22	2.05e-10	3.49e-06	1.68e-03	3.78e-02	1.06e-01	6.52e-01	1.90e-01	1.22e-02
 6.74285e+22	2.38e-10	4.02e-06	1.92e-03	4.16e-02	1.13e-01	6.54e-01	1.79e-01	1.08e-02
 6.86844e+22	2.73e-10	4.54e-06	2.14e-03	4.48e-02	1.19e-01	6.54e-01	1.71e-01	9.84e-03
 6.99579e+22	3.17e-10	5.24e-06	2.46e-03	4.92e-02	1.26e-01	6.53e-01	1.60e-01	8.66e-03
 7.12516e+22	3.66e-10	5.95e-06	2.75e-03	5.30e-02	1.32e-01	6.52e-01	1.52e-01	7.86e-03
 7.25715e+22	4.29e-10	6.92e-06	3.16e-03	5.82e-02	1.41e-01	6.49e-01	1.42e-01	6.87e-03
 7.38781e+22	4.84e-10	7.84e-06	3.52e-03	6.25e-02	1.47e-01	6.46e-01	1.35e-01	6.23e-03
 7.49378e+22	5.41e-10	8.69e-06	3.87e-03	6.65e-02	1.52e-01	6.43e-01	1.28e-01	5.68e-03
 7.60863e+22	6.30e-10	9.96e-06	4.37e-03	7.18e-02	1.60e-01	6.38e-01	1.21e-01	5.07e-03
 7.72526e+22	7.13e-10	1.11e-05	4.82e-03	7.65e-02	1.66e-01	6.34e-01	1.15e-01	4.60e-03
 7.82828e+22	8.06e-10	1.24e-05	5.31e-03	8.13e-02	1.72e-01	6.29e-01	1.09e-01	4.18e-03
 7.94629e+22	9.44e-10	1.43e-05	5.99e-03	8.77e-02	1.79e-01	6.21e-01	1.02e-01	3.71e-03
 8.06890e+22	1.08e-09	1.61e-05	6.66e-03	9.36e-02	1.86e-01	6.14e-01	9.59e-02	3.32e-03
 8.17842e+22	1.26e-09	1.81e-05	7.35e-03	9.95e-02	1.92e-01	6.07e-01	9.06e-02	3.00e-03
 8.30173e+22	1.49e-09	2.09e-05	8.31e-03	1.07e-01	2.00e-01	5.97e-01	8.42e-02	2.64e-03
 8.43078e+22	1.72e-09	2.38e-05	9.28e-03	1.15e-01	2.07e-01	5.88e-01	7.86e-02	2.34e-03
 8.54730e+22	1.94e-09	2.69e-05	1.03e-02	1.22e-01	2.14e-01	5.78e-01	7.37e-02	2.09e-03
 8.67879e+22	2.33e-09	3.14e-05	1.17e-02	1.31e-01	2.22e-01	5.65e-01	6.79e-02	1.82e-03
 8.81462e+22	2.72e-09	3.59e-05	1.31e-02	1.40e-01	2.29e-01	5.53e-01	6.29e-02	1.60e-03
 8.93570e+22	3.15e-09	4.07e-05	1.45e-02	1.49e-01	2.35e-01	5.41e-01	5.86e-02	1.42e-03
 9.07270e+22	3.81e-09	4.77e-05	1.65e-02	1.60e-01	2.43e-01	5.26e-01	5.34e-02	1.21e-03
 9.21496e+22	4.49e-09	5.49e-05	1.85e-02	1.71e-01	2.50e-01	5.11e-01	4.90e-02	1.05e-03
 9.34274e+22	5.26e-09	6.27e-05	2.06e-02	1.81e-01	2.56e-01	4.97e-01	4.52e-02	9.22e-04
 9.48756e+22	6.44e-09	7.43e-05	2.35e-02	1.94e-01	2.63e-01	4.78e-01	4.06e-02	7.75e-04
 9.63725e+22	7.66e-09	8.58e-05	2.63e-02	2.06e-01	2.68e-01	4.61e-01	3.70e-02	6.66e-04
 9.77246e+22	9.07e-09	9.86e-05	2.93e-02	2.18e-01	2.73e-01	4.45e-01	3.37e-02	5.74e-04
 9.92741e+22	1.13e-08	1.18e-04	3.36e-02	2.34e-01	2.79e-01	4.23e-01	2.97e-02	4.71e-04
 1.00838e+23	1.34e-08	1.36e-04	3.75e-02	2.47e-01	2.83e-01	4.05e-01	2.68e-02	4.00e-04
 1.02419e+23	1.68e-08	1.63e-04	4.28e-02	2.64e-01	2.87e-01	3.82e-01	2.36e-02	3.28e-04
 1.04036e+23	2.03e-08	1.89e-04	4.78e-02	2.78e-01	2.90e-01	3.63e-01	2.10e-02	2.74e-04
 1.05458e+23	2.42e-08	2.18e-04	5.30e-02	2.92e-01	2.91e-01	3.45e-01	1.88e-02	2.31e-04
 1.07063e+23	3.04e-08	2.61e-04	6.03e-02	3.09e-01	2.92e-01	3.21e-01	1.62e-02	1.85e-04
 1.08710e+23	3.67e-08	3.02e-04	6.70e-02	3.24e-01	2.93e-01	3.02e-01	1.43e-02	1.53e-04
 1.10410e+23	4.66e-08	3.64e-04	7.61e-02	3.41e-01	2.91e-01	2.79e-01	1.21e-02	1.20e-04
 1.12136e+23	5.68e-08	4.23e-04	8.44e-02	3.56e-01	2.89e-01	2.60e-01	1.06e-02	9.79e-05
 1.13665e+23	6.89e-08	4.90e-04	9.32e-02	3.69e-01	2.86e-01	2.42e-01	9.20e-03	7.99e-05
 1.15420e+23	8.84e-08	5.92e-04	1.05e-01	3.86e-01	2.81e-01	2.19e-01	7.64e-03	6.11e-05
 1.17200e+23	1.08e-07	6.87e-04	1.16e-01	3.99e-01	2.76e-01	2.02e-01	6.57e-03	4.90e-05
 1.18752e+23	1.31e-07	7.92e-04	1.27e-01	4.10e-01	2.71e-01	1.86e-01	5.66e-03	3.96e-05
 1.20240e+23	1.57e-07	9.05e-04	1.38e-01	4.20e-01	2.64e-01	1.71e-01	4.89e-03	3.22e-05
 1.21660e+23	1.86e-07	1.03e-03	1.49e-01	4.29e-01	2.58e-01	1.58e-01	4.25e-03	2.63e-05
 1.23260e+23	2.32e-07	1.21e-03	1.64e-01	4.40e-01	2.49e-01	1.42e-01	3.53e-03	2.02e-05
 1.24855e+23	2.77e-07	1.37e-03	1.76e-01	4.47e-01	2.42e-01	1.30e-01	3.04e-03	1.64e-05
 1.26444e+23	3.44e-07	1.60e-03	1.93e-01	4.55e-01	2.32e-01	1.16e-01	2.51e-03	1.25e-05
 1.28062e+23	4.11e-07	1.81e-03	2.07e-01	4.60e-01	2.24e-01	1.06e-01	2.13e-03	1.00e-05
 1.29719e+23	5.14e-07	2.12e-03	2.25e-01	4.65e-01	2.12e-01	9.34e-02	1.73e-03	7.50e-06
 1.31390e+23	6.15e-07	2.40e-03	2.41e-01	4.68e-01	2.03e-01	8.42e-02	1.46e-03	5.91e-06
 1.33078e+23	7.69e-07	2.80e-03	2.61e-01	4.70e-01	1.91e-01	7.36e-02	1.17e-03	4.37e-06
 1.34787e+23	9.22e-07	3.17e-03	2.78e-01	4.70e-01	1.82e-01	6.58e-02	9.76e-04	3.40e-06
 1.36157e+23	1.07e-06	3.50e-03	2.92e-01	4.69e-01	1.74e-01	5.99e-02	8.38e-04	2.76e-06
 1.37573e+23	1.28e-06	3.96e-03	3.10e-01	4.68e-01	1.64e-01	5.33e-02	6.94e-04	2.14e-06
 1.39022e+23	1.49e-06	4.38e-03	3.25e-01	4.65e-01	1.56e-01	4.81e-02	5.90e-04	1.71e-06
 1.40312e+23	1.72e-06	4.83e-03	3.41e-01	4.62e-01	1.48e-01	4.35e-02	5.03e-04	1.38e-06
 1.41788e+23	2.06e-06	5.45e-03	3.60e-01	4.57e-01	1.39e-01	3.83e-02	4.10e-04	1.05e-06
 1.43282e+23	2.39e-06	6.02e-03	3.76e-01	4.52e-01	1.31e-01	3.43e-02	3.45e-04	8.27e-07
 1.44592e+23	2.76e-06	6.62e-03	3.92e-01	4.47e-01	1.24e-01	3.08e-02	2.91e-04	6.57e-07
 1.46090e+23	3.30e-06	7.45e-03	4.11e-01	4.39e-01	1.15e-01	2.68e-02	2.35e-04	4.93e-07
 1.47613e+23	3.82e-06	8.20e-03	4.28e-01	4.32e-01	1.08e-01	2.39e-02	1.95e-04	3.85e-07
 1.48963e+23	4.42e-06	9.01e-03	4.44e-01	4.24e-01	1.01e-01	2.13e-02	1.63e-04	3.02e-07
 1.50514e+23	5.30e-06	1.01e-02	4.64e-01	4.14e-01	9.28e-02	1.83e-02	1.30e-04	2.23e-07
 1.52080e+23	6.15e-06	1.12e-02	4.81e-01	4.05e-01	8.64e-02	1.62e-02	1.07e-04	1.72e-07
 1.53455e+23	7.10e-06	1.23e-02	4.97e-01	3.96e-01	8.05e-02	1.43e-02	8.86e-05	1.33e-07
 1.54708e+23	7.98e-06	1.32e-02	5.10e-01	3.88e-01	7.59e-02	1.30e-02	7.58e-05	0.00e+00
 1.56010e+23	9.28e-06	1.45e-02	5.26e-01	3.77e-01	7.02e-02	1.14e-02	6.19e-05	0.00e+00
 1.57475e+23	1.07e-05	1.59e-02	5.42e-01	3.67e-01	6.50e-02	9.99e-03	5.08e-05	0.00e+00
 1.59152e+23	1.30e-05	1.80e-02	5.63e-01	3.52e-01	5.84e-02	8.37e-03	3.87e-05	0.00e+00
 1.60818e+23	1.51e-05	1.97e-02	5.78e-01	3.41e-01	5.37e-02	7.30e-03	3.14e-05	0.00e+00
 1.62467e+23	1.80e-05	2.21e-02	5.97e-01	3.27e-01	4.84e-02	6.14e-03	2.41e-05	0.00e+00
 1.64173e+23	2.11e-05	2.43e-02	6.12e-01	3.14e-01	4.40e-02	5.29e-03	1.92e-05	0.00e+00
 1.65951e+23	2.55e-05	2.74e-02	6.31e-01	2.98e-01	3.92e-02	4.38e-03	1.44e-05	0.00e+00
 1.67761e+23	2.99e-05	3.01e-02	6.45e-01	2.85e-01	3.54e-02	3.73e-03	1.13e-05	0.00e+00
 1.69366e+23	3.48e-05	3.31e-02	6.59e-01	2.73e-01	3.20e-02	3.19e-03	8.89e-06	0.00e+00
 1.71209e+23	4.22e-05	3.72e-02	6.75e-01	2.57e-01	2.82e-02	2.61e-03	6.55e-06	0.00e+00
 1.72827e+23	4.74e-05	3.99e-02	6.85e-01	2.47e-01	2.59e-02	2.30e-03	5.41e-06	0.00e+00
 1.74153e+23	5.41e-05	4.32e-02	6.95e-01	2.36e-01	2.37e-02	1.99e-03	4.36e-06	0.00e+00
 1.75538e+23	6.09e-05	4.64e-02	7.04e-01	2.26e-01	2.17e-02	1.75e-03	3.58e-06	0.00e+00
 1.76804e+23	6.81e-05	4.96e-02	7.11e-01	2.17e-01	2.00e-02	1.55e-03	2.96e-06	0.00e+00
 1.78254e+23	7.86e-05	5.41e-02	7.20e-01	2.06e-01	1.80e-02	1.32e-03	2.32e-06	0.00e+00
 1.79730e+23	8.86e-05	5.80e-02	7.28e-01	1.96e-01	1.65e-02	1.15e-03	1.89e-06	0.00e+00
 1.81240e+23	1.03e-04	6.34e-02	7.36e-01	1.85e-01	1.47e-02	9.65e-04	1.45e-06	0.00e+00
 1.82760e+23	1.16e-04	6.81e-02	7.42e-01	1.76e-01	1.33e-02	8.35e-04	1.17e-06	0.00e+00
 1.84296e+23	1.35e-04	7.44e-02	7.48e-01	1.65e-01	1.19e-02	6.99e-04	8.95e-07	0.00e+00
 1.85858e+23	1.53e-04	7.98e-02	7.53e-01	1.56e-01	1.07e-02	6.01e-04	7.13e-07	0.00e+00
 1.87453e+23	1.78e-04	8.74e-02	7.58e-01	1.45e-01	9.45e-03	4.98e-04	5.38e-07	0.00e+00
 1.89079e+23	2.02e-04	9.39e-02	7.61e-01	1.36e-01	8.48e-03	4.25e-04	4.24e-07	0.00e+00
 1.90745e+23	2.37e-04	1.03e-01	7.63e-01	1.25e-01	7.41e-03	3.47e-04	3.13e-07	0.00e+00
 1.92431e+23	2.69e-04	1.11e-01	7.65e-01	1.17e-01	6.62e-03	2.94e-04	2.44e-07	0.00e+00
 1.94143e+23	3.16e-04	1.22e-01	7.65e-01	1.07e-01	5.76e-03	2.38e-04	1.79e-07	0.00e+00
 1.95893e+23	3.62e-04	1.31e-01	7.64e-01	9.95e-02	5.09e-03	1.99e-04	1.37e-07	0.00e+00
 1.97695e+23	4.30e-04	1.45e-01	7.61e-01	8.99e-02	4.37e-03	1.58e-04	0.00e+00	0.00e+00
 1.99490e+23	4.90e-04	1.55e-01	7.57e-01	8.29e-02	3.86e-03	1.31e-04	0.00e+00	0.00e+00
 2.01278e+23	5.83e-04	1.71e-01	7.50e-01	7.44e-02	3.30e-03	1.03e-04	0.00e+00	0.00e+00
 2.03078e+23	6.66e-04	1.84e-01	7.44e-01	6.80e-02	2.90e-03	8.55e-05	0.00e+00	0.00e+00
 2.04893e+23	7.96e-04	2.03e-01	7.33e-01	6.02e-02	2.46e-03	6.63e-05	0.00e+00	0.00e+00
 2.06715e+23	9.13e-04	2.19e-01	7.24e-01	5.45e-02	2.15e-03	5.42e-05	0.00e+00	0.00e+00
 2.08547e+23	1.10e-03	2.42e-01	7.07e-01	4.75e-02	1.80e-03	4.12e-05	0.00e+00	0.00e+00
 2.10374e+23	1.27e-03	2.61e-01	6.94e-01	4.26e-02	1.57e-03	3.33e-05	0.00e+00	0.00e+00
 2.12196e+23	1.53e-03	2.89e-01	6.72e-01	3.65e-02	1.31e-03	2.48e-05	0.00e+00	0.00e+00
 2.14020e+23	1.78e-03	3.12e-01	6.53e-01	3.22e-02	1.13e-03	1.97e-05	0.00e+00	0.00e+00
 2.15848e+23	2.17e-03	3.46e-01	6.24e-01	2.71e-02	9.25e-04	1.43e-05	0.00e+00	0.00e+00
 2.17678e+23	2.53e-03	3.73e-01	6.00e-01	2.34e-02	7.88e-04	1.11e-05	0.00e+00	0.00e+00
 2.19510e+23	3.10e-03	4.13e-01	5.64e-01	1.91e-02	6.34e-04	7.76e-06	0.00e+00	0.00e+00
 2.21353e+23	3.66e-03	4.47e-01	5.33e-01	1.61e-02	5.29e-04	5.77e-06	0.00e+00	0.00e+00
 2.23211e+23	4.51e-03	4.93e-01	4.89e-01	1.27e-02	4.15e-04	3.87e-06	0.00e+00	0.00e+00
 2.25094e+23	5.40e-03	5.34e-01	4.50e-01	1.02e-02	3.34e-04	2.71e-06	0.00e+00	0.00e+00
 2.26753e+23	6.45e-03	5.75e-01	4.10e-01	8.11e-03	2.66e-04	1.86e-06	0.00e+00	0.00e+00
 2.28389e+23	7.70e-03	6.17e-01	3.69e-01	6.34e-03	2.09e-04	1.25e-06	0.00e+00	0.00e+00
 2.29821e+23	8.89e-03	6.51e-01	3.35e-01	5.12e-03	1.69e-04	8.91e-07	0.00e+00	0.00e+00
 2.31252e+23	1.06e-02	6.92e-01	2.93e-01	3.88e-03	1.29e-04	5.74e-07	0.00e+00	0.00e+00
 2.32745e+23	1.25e-02	7.30e-01	2.55e-01	2.92e-03	9.77e-05	3.69e-07	0.00e+00	0.00e+00
 2.34089e+23	1.46e-02	7.64e-01	2.19e-01	2.19e-03	7.32e-05	2.35e-07	0.00e+00	0.00e+00
 2.35606e+23	1.78e-02	8.03e-01	1.77e-01	1.48e-03	4.93e-05	1.28e-07	0.00e+00	0.00e+00
 2.37130e+23	2.15e-02	8.36e-01	1.41e-01	9.98e-04	3.28e-05	0.00e+00	0.00e+00	0.00e+00
 2.38321e+23	2.53e-02	8.59e-01	1.15e-01	7.05e-04	2.26e-05	0.00e+00	0.00e+00	0.00e+00
 2.39333e+23	2.94e-02	8.77e-01	9.29e-02	5.06e-04	1.57e-05	0.00e+00	0.00e+00	0.00e+00
 2.40255e+23	3.40e-02	8.91e-01	7.49e-02	3.65e-04	1.08e-05	0.00e+00	0.00e+00	0.00e+00
 2.41072e+23	3.91e-02	9.00e-01	6.05e-02	2.69e-04	7.45e-06	0.00e+00	0.00e+00	0.00e+00
 2.41803e+23	4.47e-02	9.06e-01	4.89e-02	2.01e-04	5.17e-06	0.00e+00	0.00e+00	0.00e+00
 2.42477e+23	5.13e-02	9.09e-01	3.93e-02	1.52e-04	3.56e-06	0.00e+00	0.00e+00	0.00e+00
 2.43103e+23	5.89e-02	9.10e-01	3.15e-02	1.16e-04	2.45e-06	0.00e+00	0.00e+00	0.00e+00
 2.43686e+23	6.73e-02	9.07e-01	2.53e-02	9.02e-05	1.69e-06	0.00e+00	0.00e+00	0.00e+00
 2.44241e+23	7.76e-02	9.02e-01	2.00e-02	7.05e-05	1.15e-06	0.00e+00	0.00e+00	0.00e+00
 2.44785e+23	9.03e-02	8.94e-01	1.57e-02	5.53e-05	7.69e-07	0.00e+00	0.00e+00	0.00e+00
 2.45305e+23	1.05e-01	8.82e-01	1.22e-02	4.38e-05	5.13e-07	0.00e+00	0.00e+00	0.00e+00
 2.45777e+23	1.22e-01	8.68e-01	9.61e-03	3.55e-05	3.50e-07	0.00e+00	0.00e+00	0.00e+00
 2.46206e+23	1.41e-01	8.52e-01	7.64e-03	2.94e-05	2.44e-07	0.00e+00	0.00e+00	0.00e+00
 2.46597e+23	1.61e-01	8.33e-01	6.13e-03	2.48e-05	1.74e-07	0.00e+00	0.00e+00	0.00e+00
 2.46940e+23	1.81e-01	8.14e-01	5.03e-03	2.14e-05	1.29e-07	0.00e+00	0.00e+00	0.00e+00
 2.47189e+23	1.97e-01	7.99e-01	4.37e-03	1.94e-05	0.00e+00	0.00e+00	0.00e+00	0.00e+00
 2.47357e+23	2.08e-01	7.88e-01	3.96e-03	1.81e-05	0.00e+00	0.00e+00	0.00e+00	0.00e+00
 2.47529e+23	2.21e-01	7.75e-01	3.56e-03	1.68e-05	0.00e+00	0.00e+00	0.00e+00	0.00e+00
 2.47737e+23	2.37e-01	7.60e-01	3.13e-03	1.55e-05	0.00e+00	0.00e+00	0.00e+00	0.00e+00
 2.47967e+23	2.56e-01	7.41e-01	2.71e-03	1.41e-05	0.00e+00	0.00e+00	0.00e+00	0.00e+00
 2.48197e+23	2.76e-01	7.22e-01	2.35e-03	1.29e-05	0.00e+00	0.00e+00	0.00e+00	0.00e+00
 2.48420e+23	2.96e-01	7.02e-01	2.05e-03	1.19e-05	0.00e+00	0.00e+00	0.00e+00	0.00e+00
 2.48634e+23	3.15e-01	6.83e-01	1.79e-03	1.10e-05	0.00e+00	0.00e+00	0.00e+00	0.00e+00
 2.48804e+23	3.30e-01	6.68e-01	1.62e-03	1.04e-05	0.00e+00	0.00e+00	0.00e+00	0.00e+00
 2.48921e+23	3.41e-01	6.58e-01	1.51e-03	1.00e-05	0.00e+00	0.00e+00	0.00e+00	0.00e+00
 2.49036e+23	3.52e-01	6.47e-01	1.41e-03	9.61e-06	0.00e+00	0.00e+00	0.00e+00	0.00e+00
 2.49171e+23	3.65e-01	6.34e-01	1.30e-03	9.17e-06	0.00e+00	0.00e+00	0.00e+00	0.00e+00
 2.49321e+23	3.79e-01	6.20e-01	1.18e-03	8.73e-06	0.00e+00	0.00e+00	0.00e+00	0.00e+00
 2.49470e+23	3.93e-01	6.06e-01	1.08e-03	8.31e-06	0.00e+00	0.00e+00	0.00e+00	0.00e+00
 2.49612e+23	4.07e-01	5.92e-01	9.88e-04	7.94e-06	0.00e+00	0.00e+00	0.00e+00	0.00e+00
 2.49756e+23	4.20e-01	5.79e-01	9.06e-04	7.59e-06	0.00e+00	0.00e+00	0.00e+00	0.00e+00
 2.49907e+23	4.35e-01	5.64e-01	8.26e-04	7.24e-06	0.00e+00	0.00e+00	0.00e+00	0.00e+00
 2.50066e+23	4.50e-01	5.49e-01	7.51e-04	6.89e-06	0.00e+00	0.00e+00	0.00e+00	0.00e+00
 2.50225e+23	4.65e-01	5.35e-01	6.83e-04	6.57e-06	0.00e+00	0.00e+00	0.00e+00	0.00e+00
 2.50386e+23	4.79e-01	5.20e-01	6.21e-04	6.27e-06	0.00e+00	0.00e+00	0.00e+00	0.00e+00
 2.50552e+23	4.94e-01	5.05e-01	5.63e-04	5.97e-06	0.00e+00	0.00e+00	0.00e+00	0.00e+00
 2.50725e+23	5.10e-01	4.90e-01	5.10e-04	5.68e-06	0.00e+00	0.00e+00	0.00e+00	0.00e+00
 2.50901e+23	5.25e-01	4.74e-01	4.61e-04	5.41e-06	0.00e+00	0.00e+00	0.00e+00	0.00e+00
 2.51082e+23	5.41e-01	4.59e-01	4.16e-04	5.14e-06	0.00e+00	0.00e+00	0.00e+00	0.00e+00
 2.51267e+23	5.56e-01	4.44e-01	3.75e-04	4.89e-06	0.00e+00	0.00e+00	0.00e+00	0.00e+00
 2.51459e+23	5.72e-01	4.28e-01	3.37e-04	4.64e-06	0.00e+00	0.00e+00	0.00e+00	0.00e+00
 2.51656e+23	5.87e-01	4.13e-01	3.04e-04	4.41e-06	0.00e+00	0.00e+00	0.00e+00	0.00e+00
 2.51859e+23	6.02e-01	3.97e-01	2.73e-04	4.19e-06	0.00e+00	0.00e+00	0.00e+00	0.00e+00
 2.52069e+23	6.18e-01	3.82e-01	2.45e-04	3.97e-06	0.00e+00	0.00e+00	0.00e+00	0.00e+00
 2.52286e+23	6.33e-01	3.67e-01	2.20e-04	3.76e-06	0.00e+00	0.00e+00	0.00e+00	0.00e+00
 2.52509e+23	6.48e-01	3.52e-01	1.97e-04	3.56e-06	0.00e+00	0.00e+00	0.00e+00	0.00e+00
 2.52739e+23	6.63e-01	3.37e-01	1.77e-04	3.38e-06	0.00e+00	0.00e+00	0.00e+00	0.00e+00
 2.52978e+23	6.78e-01	3.22e-01	1.59e-04	3.19e-06	0.00e+00	0.00e+00	0.00e+00	0.00e+00
 2.53228e+23	6.92e-01	3.07e-01	1.43e-04	3.02e-06	0.00e+00	0.00e+00	0.00e+00	0.00e+00
 2.53485e+23	7.07e-01	2.93e-01	1.28e-04	2.85e-06	0.00e+00	0.00e+00	0.00e+00	0.00e+00
 2.53751e+23	7.20e-01	2.79e-01	1.15e-04	2.70e-06	0.00e+00	0.00e+00	0.00e+00	0.00e+00
 2.54023e+23	7.34e-01	2.66e-01	1.04e-04	2.55e-06	0.00e+00	0.00e+00	0.00e+00	0.00e+00
 2.54302e+23	7.46e-01	2.54e-01	9.45e-05	2.41e-06	0.00e+00	0.00e+00	0.00e+00	0.00e+00
 2.54588e+23	7.59e-01	2.41e-01	8.60e-05	2.28e-06	0.00e+00	0.00e+00	0.00e+00	0.00e+00
 2.54886e+23	7.71e-01	2.29e-01	7.84e-05	2.16e-06	0.00e+00	0.00e+00	0.00e+00	0.00e+00
 2.55197e+23	7.82e-01	2.18e-01	7.17e-05	2.05e-06	0.00e+00	0.00e+00	0.00e+00	0.00e+00
 2.55513e+23	7.93e-01	2.07e-01	6.59e-05	1.94e-06	0.00e+00	0.00e+00	0.00e+00	0.00e+00
 2.55840e+23	8.04e-01	1.96e-01	6.08e-05	1.84e-06	0.00e+00	0.00e+00	0.00e+00	0.00e+00
 2.56183e+23	8.14e-01	1.86e-01	5.62e-05	1.74e-06	0.00e+00	0.00e+00	0.00e+00	0.00e+00
 2.56543e+23	8.24e-01	1.76e-01	5.23e-05	1.65e-06	0.00e+00	0.00e+00	0.00e+00	0.00e+00
 2.56916e+23	8.33e-01	1.67e-01	4.87e-05	1.57e-06	0.00e+00	0.00e+00	0.00e+00	0.00e+00
 2.57306e+23	8.42e-01	1.58e-01	4.55e-05	1.49e-06	0.00e+00	0.00e+00	0.00e+00	0.00e+00
 2.57719e+23	8.51e-01	1.49e-01	4.26e-05	1.41e-06	0.00e+00	0.00e+00	0.00e+00	0.00e+00
 2.58154e+23	8.60e-01	1.40e-01	4.00e-05	1.34e-06	0.00e+00	0.00e+00	0.00e+00	0.00e+00
 2.58610e+23	8.68e-01	1.32e-01	3.77e-05	1.27e-06	0.00e+00	0.00e+00	0.00e+00	0.00e+00
 2.59068e+23	8.76e-01	1.24e-01	3.57e-05	1.20e-06	0.00e+00	0.00e+00	0.00e+00	0.00e+00
 2.59514e+23	8.83e-01	1.17e-01	3.40e-05	1.15e-06	0.00e+00	0.00e+00	0.00e+00	0.00e+00
 2.59947e+23	8.89e-01	1.11e-01	3.25e-05	1.10e-06	0.00e+00	0.00e+00	0.00e+00	0.00e+00
 2.60369e+23	8.94e-01	1.05e-01	3.12e-05	1.05e-06	0.00e+00	0.00e+00	0.00e+00	0.00e+00
 2.60780e+23	9.00e-01	1.00e-01	3.01e-05	1.01e-06	0.00e+00	0.00e+00	0.00e+00	0.00e+00
 2.61179e+23	9.05e-01	9.52e-02	2.91e-05	9.70e-07	0.00e+00	0.00e+00	0.00e+00	0.00e+00
 2.61560e+23	9.09e-01	9.06e-02	2.82e-05	9.36e-07	0.00e+00	0.00e+00	0.00e+00	0.00e+00
 2.61915e+23	9.13e-01	8.67e-02	2.74e-05	9.06e-07	0.00e+00	0.00e+00	0.00e+00	0.00e+00
 2.62259e+23	9.17e-01	8.29e-02	2.67e-05	8.77e-07	0.00e+00	0.00e+00	0.00e+00	0.00e+00
 2.62604e+23	9.21e-01	7.92e-02	2.60e-05	8.50e-07	0.00e+00	0.00e+00	0.00e+00	0.00e+00
 2.62938e+23	9.24e-01	7.58e-02	2.54e-05	8.25e-07	0.00e+00	0.00e+00	0.00e+00	0.00e+00
 2.63261e+23	9.27e-01	7.27e-02	2.48e-05	8.02e-07	0.00e+00	0.00e+00	0.00e+00	0.00e+00
 2.63571e+23	9.30e-01	6.98e-02	2.43e-05	7.81e-07	0.00e+00	0.00e+00	0.00e+00	0.00e+00
 2.63872e+23	9.33e-01	6.71e-02	2.38e-05	7.62e-07	0.00e+00	0.00e+00	0.00e+00	0.00e+00
 2.64163e+23	9.35e-01	6.46e-02	2.34e-05	7.45e-07	0.00e+00	0.00e+00	0.00e+00	0.00e+00
 2.64444e+23	9.38e-01	6.23e-02	2.30e-05	7.30e-07	0.00e+00	0.00e+00	0.00e+00	0.00e+00
 2.64715e+23	9.40e-01	6.02e-02	2.26e-05	7.16e-07	0.00e+00	0.00e+00	0.00e+00	0.00e+00
 2.64976e+23	9.42e-01	5.82e-02	2.23e-05	7.03e-07	0.00e+00	0.00e+00	0.00e+00	0.00e+00
 2.65228e+23	9.44e-01	5.64e-02	2.20e-05	6.93e-07	0.00e+00	0.00e+00	0.00e+00	0.00e+00
 2.65467e+23	9.45e-01	5.48e-02	2.17e-05	6.84e-07	0.00e+00	0.00e+00	0.00e+00	0.00e+00
 2.65702e+23	9.47e-01	5.32e-02	2.14e-05	6.76e-07	0.00e+00	0.00e+00	0.00e+00	0.00e+00
 2.65930e+23	9.48e-01	5.18e-02	2.12e-05	6.69e-07	0.00e+00	0.00e+00	0.00e+00	0.00e+00
 2.66138e+23	9.49e-01	5.07e-02	2.10e-05	6.64e-07	0.00e+00	0.00e+00	0.00e+00	0.00e+00
 2.66328e+23	9.50e-01	4.97e-02	2.08e-05	6.61e-07	0.00e+00	0.00e+00	0.00e+00	0.00e+00
 2.66500e+23	9.51e-01	4.88e-02	2.06e-05	6.59e-07	0.00e+00	0.00e+00	0.00e+00	0.00e+00
 2.66657e+23	9.52e-01	4.80e-02	2.05e-05	6.57e-07	0.00e+00	0.00e+00	0.00e+00	0.00e+00
 2.66800e+23	9.53e-01	4.74e-02	2.03e-05	6.57e-07	0.00e+00	0.00e+00	0.00e+00	0.00e+00
 2.66930e+23	9.53e-01	4.68e-02	2.02e-05	6.57e-07	0.00e+00	0.00e+00	0.00e+00	0.00e+00
 2.67048e+23	9.54e-01	4.64e-02	2.01e-05	6.58e-07	0.00e+00	0.00e+00	0.00e+00	0.00e+00
 2.67178e+23	9.54e-01	4.58e-02	2.00e-05	6.58e-07	0.00e+00	0.00e+00	0.00e+00	0.00e+00
 2.67318e+23	9.55e-01	4.52e-02	1.99e-05	6.58e-07	0.00e+00	0.00e+00	0.00e+00	0.00e+00
 2.67445e+23	9.55e-01	4.47e-02	1.98e-05	6.59e-07	0.00e+00	0.00e+00	0.00e+00	0.00e+00
 2.67561e+23	9.56e-01	4.43e-02	1.97e-05	6.62e-07	0.00e+00	0.00e+00	0.00e+00	0.00e+00
 2.67667e+23	9.56e-01	4.40e-02	1.96e-05	6.63e-07	0.00e+00	0.00e+00	0.00e+00	0.00e+00
 2.67782e+23	9.56e-01	4.36e-02	1.95e-05	6.63e-07	0.00e+00	0.00e+00	0.00e+00	0.00e+00
 2.67932e+23	9.57e-01	4.30e-02	1.93e-05	6.65e-07	0.00e+00	0.00e+00	0.00e+00	0.00e+00
 2.68095e+23	9.57e-01	4.25e-02	1.92e-05	6.66e-07	0.00e+00	0.00e+00	0.00e+00	0.00e+00
 2.68242e+23	9.58e-01	4.21e-02	1.91e-05	6.69e-07	0.00e+00	0.00e+00	0.00e+00	0.00e+00
 2.68376e+23	9.58e-01	4.18e-02	1.90e-05	6.71e-07	0.00e+00	0.00e+00	0.00e+00	0.00e+00
 2.68499e+23	9.58e-01	4.15e-02	1.89e-05	6.77e-07	0.00e+00	0.00e+00	0.00e+00	0.00e+00
 2.68610e+23	9.59e-01	4.13e-02	1.89e-05	6.75e-07	0.00e+00	0.00e+00	0.00e+00	0.00e+00
 2.68732e+23	9.59e-01	4.10e-02	1.88e-05	6.77e-07	0.00e+00	0.00e+00	0.00e+00	0.00e+00
 2.68863e+23	9.59e-01	4.07e-02	1.87e-05	6.78e-07	0.00e+00	0.00e+00	0.00e+00	0.00e+00
 2.69007e+23	9.60e-01	4.03e-02	1.86e-05	6.80e-07	0.00e+00	0.00e+00	0.00e+00	0.00e+00
 2.69163e+23	9.60e-01	4.00e-02	1.84e-05	6.81e-07	0.00e+00	0.00e+00	0.00e+00	0.00e+00
 2.69305e+23	9.60e-01	3.97e-02	1.84e-05	6.86e-07	0.00e+00	0.00e+00	0.00e+00	0.00e+00
 2.69434e+23	9.60e-01	3.95e-02	1.83e-05	6.88e-07	0.00e+00	0.00e+00	0.00e+00	0.00e+00
 2.69575e+23	9.61e-01	3.92e-02	1.82e-05	6.88e-07	0.00e+00	0.00e+00	0.00e+00	0.00e+00
 2.69758e+23	9.61e-01	3.88e-02	1.80e-05	6.90e-07	0.00e+00	0.00e+00	0.00e+00	0.00e+00
 2.69957e+23	9.62e-01	3.84e-02	1.79e-05	6.91e-07	0.00e+00	0.00e+00	0.00e+00	0.00e+00
 2.70137e+23	9.62e-01	3.81e-02	1.78e-05	6.96e-07	0.00e+00	0.00e+00	0.00e+00	0.00e+00
 2.70301e+23	9.62e-01	3.79e-02	1.77e-05	6.99e-07	0.00e+00	0.00e+00	0.00e+00	0.00e+00
 2.70450e+23	9.62e-01	3.77e-02	1.76e-05	7.04e-07	0.00e+00	0.00e+00	0.00e+00	0.00e+00
 2.70586e+23	9.62e-01	3.75e-02	1.76e-05	7.08e-07	0.00e+00	0.00e+00	0.00e+00	0.00e+00
 2.70710e+23	9.63e-01	3.74e-02	1.76e-05	7.13e-07	0.00e+00	0.00e+00	0.00e+00	0.00e+00
 2.70846e+23	9.63e-01	3.72e-02	1.75e-05	7.18e-07	0.00e+00	0.00e+00	0.00e+00	0.00e+00
 2.70992e+23	9.63e-01	3.70e-02	1.75e-05	7.23e-07	0.00e+00	0.00e+00	0.00e+00	0.00e+00
 2.71125e+23	9.63e-01	3.68e-02	1.75e-05	7.26e-07	0.00e+00	0.00e+00	0.00e+00	0.00e+00
 2.71271e+23	9.63e-01	3.66e-02	1.74e-05	7.31e-07	0.00e+00	0.00e+00	0.00e+00	0.00e+00
 2.71428e+23	9.64e-01	3.64e-02	1.74e-05	7.35e-07	0.00e+00	0.00e+00	0.00e+00	0.00e+00
 2.71572e+23	9.64e-01	3.62e-02	1.73e-05	7.38e-07	0.00e+00	0.00e+00	0.00e+00	0.00e+00
 2.71702e+23	9.64e-01	3.61e-02	1.73e-05	7.45e-07	0.00e+00	0.00e+00	0.00e+00	0.00e+00
 2.71821e+23	9.64e-01	3.59e-02	1.73e-05	7.48e-07	0.00e+00	0.00e+00	0.00e+00	0.00e+00
 2.71951e+23	9.64e-01	3.57e-02	1.72e-05	7.50e-07	0.00e+00	0.00e+00	0.00e+00	0.00e+00
 2.72091e+23	9.64e-01	3.55e-02	1.72e-05	7.54e-07	0.00e+00	0.00e+00	0.00e+00	0.00e+00
 2.72219e+23	9.65e-01	3.54e-02	1.72e-05	7.62e-07	0.00e+00	0.00e+00	0.00e+00	0.00e+00
 2.72336e+23	9.65e-01	3.53e-02	1.71e-05	7.61e-07	0.00e+00	0.00e+00	0.00e+00	0.00e+00
 2.72463e+23	9.65e-01	3.51e-02	1.71e-05	7.65e-07	0.00e+00	0.00e+00	0.00e+00	0.00e+00
 2.72601e+23	9.65e-01	3.49e-02	1.70e-05	7.67e-07	0.00e+00	0.00e+00	0.00e+00	0.00e+00
 2.72751e+23	9.65e-01	3.47e-02	1.70e-05	7.70e-07	0.00e+00	0.00e+00	0.00e+00	0.00e+00
 2.72914e+23	9.66e-01	3.44e-02	1.70e-05	7.72e-07	0.00e+00	0.00e+00	0.00e+00	0.00e+00
 2.73062e+23	9.66e-01	3.42e-02	1.69e-05	7.76e-07	0.00e+00	0.00e+00	0.00e+00	0.00e+00
 2.73197e+23	9.66e-01	3.41e-02	1.69e-05	7.75e-07	0.00e+00	0.00e+00	0.00e+00	0.00e+00
 2.73345e+23	9.66e-01	3.38e-02	1.68e-05	7.75e-07	0.00e+00	0.00e+00	0.00e+00	0.00e+00
 2.73504e+23	9.66e-01	3.36e-02	1.67e-05	7.77e-07	0.00e+00	0.00e+00	0.00e+00	0.00e+00
 2.73649e+23	9.67e-01	3.34e-02	1.67e-05	7.76e-07	0.00e+00	0.00e+00	0.00e+00	0.00e+00
 2.73808e+23	9.67e-01	3.32e-02	1.66e-05	7.78e-07	0.00e+00	0.00e+00	0.00e+00	0.00e+00
 2.73980e+23	9.67e-01	3.29e-02	1.66e-05	7.78e-07	0.00e+00	0.00e+00	0.00e+00	0.00e+00
 2.74136e+23	9.67e-01	3.28e-02	1.65e-05	7.82e-07	0.00e+00	0.00e+00	0.00e+00	0.00e+00
 2.74278e+23	9.67e-01	3.26e-02	1.65e-05	7.80e-07	0.00e+00	0.00e+00	0.00e+00	0.00e+00
 2.74434e+23	9.68e-01	3.23e-02	1.64e-05	7.80e-07	0.00e+00	0.00e+00	0.00e+00	0.00e+00
 2.74602e+23	9.68e-01	3.21e-02	1.64e-05	7.81e-07	0.00e+00	0.00e+00	0.00e+00	0.00e+00
 2.74755e+23	9.68e-01	3.19e-02	1.63e-05	7.79e-07	0.00e+00	0.00e+00	0.00e+00	0.00e+00
 2.74923e+23	9.68e-01	3.17e-02	1.63e-05	7.81e-07	0.00e+00	0.00e+00	0.00e+00	0.00e+00
 2.75104e+23	9.69e-01	3.14e-02	1.62e-05	7.80e-07	0.00e+00	0.00e+00	0.00e+00	0.00e+00
 2.75268e+23	9.69e-01	3.12e-02	1.62e-05	7.83e-07	0.00e+00	0.00e+00	0.00e+00	0.00e+00
 2.75418e+23	9.69e-01	3.11e-02	1.61e-05	7.80e-07	0.00e+00	0.00e+00	0.00e+00	0.00e+00
 2.75582e+23	9.69e-01	3.08e-02	1.60e-05	7.80e-07	0.00e+00	0.00e+00	0.00e+00	0.00e+00
 2.75760e+23	9.69e-01	3.06e-02	1.60e-05	7.80e-07	0.00e+00	0.00e+00	0.00e+00	0.00e+00
 2.75921e+23	9.70e-01	3.04e-02	1.59e-05	7.78e-07	0.00e+00	0.00e+00	0.00e+00	0.00e+00
 2.76098e+23	9.70e-01	3.01e-02	1.59e-05	7.77e-07	0.00e+00	0.00e+00	0.00e+00	0.00e+00
 2.76289e+23	9.70e-01	2.99e-02	1.58e-05	7.76e-07	0.00e+00	0.00e+00	0.00e+00	0.00e+00
 2.76462e+23	9.70e-01	2.97e-02	1.57e-05	7.73e-07	0.00e+00	0.00e+00	0.00e+00	0.00e+00
 2.76653e+23	9.71e-01	2.94e-02	1.57e-05	7.73e-07	0.00e+00	0.00e+00	0.00e+00	0.00e+00
 2.76858e+23	9.71e-01	2.91e-02	1.56e-05	7.73e-07	0.00e+00	0.00e+00	0.00e+00	0.00e+00
 2.77045e+23	9.71e-01	2.89e-02	1.55e-05	7.69e-07	0.00e+00	0.00e+00	0.00e+00	0.00e+00
 2.77250e+23	9.71e-01	2.86e-02	1.55e-05	7.67e-07	0.00e+00	0.00e+00	0.00e+00	0.00e+00
 2.77471e+23	9.72e-01	2.83e-02	1.54e-05	7.66e-07	0.00e+00	0.00e+00	0.00e+00	0.00e+00
 2.77673e+23	9.72e-01	2.81e-02	1.53e-05	7.62e-07	0.00e+00	0.00e+00	0.00e+00	0.00e+00
 2.77893e+23	9.72e-01	2.78e-02	1.53e-05	7.59e-07	0.00e+00	0.00e+00	0.00e+00	0.00e+00
 2.78131e+23	9.73e-01	2.75e-02	1.52e-05	7.55e-07	0.00e+00	0.00e+00	0.00e+00	0.00e+00
 2.78348e+23	9.73e-01	2.72e-02	1.51e-05	7.53e-07	0.00e+00	0.00e+00	0.00e+00	0.00e+00
 2.78545e+23	9.73e-01	2.71e-02	1.51e-05	7.54e-07	0.00e+00	0.00e+00	0.00e+00	0.00e+00
 2.78725e+23	9.73e-01	2.69e-02	1.50e-05	7.50e-07	0.00e+00	0.00e+00	0.00e+00	0.00e+00
 2.78922e+23	9.73e-01	2.66e-02	1.49e-05	7.46e-07	0.00e+00	0.00e+00	0.00e+00	0.00e+00
 2.79134e+23	9.74e-01	2.64e-02	1.49e-05	7.45e-07	0.00e+00	0.00e+00	0.00e+00	0.00e+00
 2.79327e+23	9.74e-01	2.62e-02	1.48e-05	7.39e-07	0.00e+00	0.00e+00	0.00e+00	0.00e+00
 2.79539e+23	9.74e-01	2.58e-02	1.47e-05	7.34e-07	0.00e+00	0.00e+00	0.00e+00	0.00e+00
 2.79767e+23	9.74e-01	2.56e-02	1.46e-05	7.33e-07	0.00e+00	0.00e+00	0.00e+00	0.00e+00
 2.79975e+23	9.75e-01	2.54e-02	1.46e-05	7.28e-07	0.00e+00	0.00e+00	0.00e+00	0.00e+00
 2.80203e+23	9.75e-01	2.51e-02	1.45e-05	7.21e-07	0.00e+00	0.00e+00	0.00e+00	0.00e+00
 2.80449e+23	9.75e-01	2.48e-02	1.44e-05	7.18e-07	0.00e+00	0.00e+00	0.00e+00	0.00e+00
 2.80673e+23	9.75e-01	2.46e-02	1.43e-05	7.12e-07	0.00e+00	0.00e+00	0.00e+00	0.00e+00
 2.80919e+23	9.76e-01	2.42e-02	1.42e-05	7.06e-07	0.00e+00	0.00e+00	0.00e+00	0.00e+00
 2.81183e+23	9.76e-01	2.40e-02	1.41e-05	7.02e-07	0.00e+00	0.00e+00	0.00e+00	0.00e+00
 2.81424e+23	9.76e-01	2.37e-02	1.40e-05	6.96e-07	0.00e+00	0.00e+00	0.00e+00	0.00e+00
 2.81689e+23	9.77e-01	2.34e-02	1.39e-05	6.88e-07	0.00e+00	0.00e+00	0.00e+00	0.00e+00
 2.81974e+23	9.77e-01	2.31e-02	1.39e-05	6.84e-07	0.00e+00	0.00e+00	0.00e+00	0.00e+00
 2.82233e+23	9.77e-01	2.29e-02	1.38e-05	6.77e-07	0.00e+00	0.00e+00	0.00e+00	0.00e+00
 2.82518e+23	9.78e-01	2.25e-02	1.37e-05	6.68e-07	0.00e+00	0.00e+00	0.00e+00	0.00e+00
 2.82824e+23	9.78e-01	2.22e-02	1.36e-05	6.63e-07	0.00e+00	0.00e+00	0.00e+00	0.00e+00
 2.83104e+23	9.78e-01	2.19e-02	1.35e-05	6.56e-07	0.00e+00	0.00e+00	0.00e+00	0.00e+00
 2.83410e+23	9.78e-01	2.16e-02	1.34e-05	6.46e-07	0.00e+00	0.00e+00	0.00e+00	0.00e+00
 2.83740e+23	9.79e-01	2.13e-02	1.32e-05	6.39e-07	0.00e+00	0.00e+00	0.00e+00	0.00e+00
 2.84041e+23	9.79e-01	2.10e-02	1.32e-05	6.33e-07	0.00e+00	0.00e+00	0.00e+00	0.00e+00
 2.84315e+23	9.79e-01	2.08e-02	1.31e-05	6.27e-07	0.00e+00	0.00e+00	0.00e+00	0.00e+00
 2.84615e+23	9.80e-01	2.04e-02	1.30e-05	6.17e-07	0.00e+00	0.00e+00	0.00e+00	0.00e+00
 2.84938e+23	9.80e-01	2.02e-02	1.29e-05	6.11e-07	0.00e+00	0.00e+00	0.00e+00	0.00e+00
 2.85233e+23	9.80e-01	1.99e-02	1.28e-05	6.04e-07	0.00e+00	0.00e+00	0.00e+00	0.00e+00
 2.85556e+23	9.80e-01	1.95e-02	1.26e-05	5.93e-07	0.00e+00	0.00e+00	0.00e+00	0.00e+00
 2.85904e+23	9.81e-01	1.93e-02	1.25e-05	5.87e-07	0.00e+00	0.00e+00	0.00e+00	0.00e+00
 2.86221e+23	9.81e-01	1.90e-02	1.24e-05	5.79e-07	0.00e+00	0.00e+00	0.00e+00	0.00e+00
 2.86569e+23	9.81e-01	1.86e-02	1.23e-05	5.67e-07	0.00e+00	0.00e+00	0.00e+00	0.00e+00
 2.86944e+23	9.82e-01	1.84e-02	1.22e-05	5.59e-07	0.00e+00	0.00e+00	0.00e+00	0.00e+00
 2.87286e+23	9.82e-01	1.81e-02	1.21e-05	5.52e-07	0.00e+00	0.00e+00	0.00e+00	0.00e+00
 2.87596e+23	9.82e-01	1.79e-02	1.20e-05	5.45e-07	0.00e+00	0.00e+00	0.00e+00	0.00e+00
 2.87937e+23	9.82e-01	1.75e-02	1.19e-05	5.34e-07	0.00e+00	0.00e+00	0.00e+00	0.00e+00
 2.88304e+23	9.83e-01	1.73e-02	1.18e-05	5.26e-07	0.00e+00	0.00e+00	0.00e+00	0.00e+00
 2.88639e+23	9.83e-01	1.71e-02	1.17e-05	5.19e-07	0.00e+00	0.00e+00	0.00e+00	0.00e+00
 2.89005e+23	9.83e-01	1.67e-02	1.15e-05	5.07e-07	0.00e+00	0.00e+00	0.00e+00	0.00e+00
 2.89401e+23	9.84e-01	1.64e-02	1.14e-05	4.99e-07	0.00e+00	0.00e+00	0.00e+00	0.00e+00
 2.89761e+23	9.84e-01	1.62e-02	1.13e-05	4.91e-07	0.00e+00	0.00e+00	0.00e+00	0.00e+00
 2.90156e+23	9.84e-01	1.58e-02	1.12e-05	4.79e-07	0.00e+00	0.00e+00	0.00e+00	0.00e+00
 2.90581e+23	9.84e-01	1.56e-02	1.11e-05	4.70e-07	0.00e+00	0.00e+00	0.00e+00	0.00e+00
 2.90969e+23	9.85e-01	1.53e-02	1.09e-05	4.62e-07	0.00e+00	0.00e+00	0.00e+00	0.00e+00
 2.91322e+23	9.85e-01	1.51e-02	1.08e-05	4.55e-07	0.00e+00	0.00e+00	0.00e+00	0.00e+00
 2.91708e+23	9.85e-01	1.48e-02	1.07e-05	4.44e-07	0.00e+00	0.00e+00	0.00e+00	0.00e+00
 2.92126e+23	9.85e-01	1.46e-02	1.06e-05	4.36e-07	0.00e+00	0.00e+00	0.00e+00	0.00e+00
 2.92505e+23	9.86e-01	1.44e-02	1.05e-05	4.29e-07	0.00e+00	0.00e+00	0.00e+00	0.00e+00
 2.92921e+23	9.86e-01	1.40e-02	1.04e-05	4.16e-07	0.00e+00	0.00e+00	0.00e+00	0.00e+00
 2.93462e+23	9.86e-01	1.36e-02	1.02e-05	4.02e-07	0.00e+00	0.00e+00	0.00e+00	0.00e+00
 2.94048e+23	9.87e-01	1.33e-02	1.00e-05	3.91e-07	0.00e+00	0.00e+00	0.00e+00	0.00e+00
 2.94636e+23	9.87e-01	1.29e-02	9.85e-06	3.78e-07	0.00e+00	0.00e+00	0.00e+00	0.00e+00
 2.95249e+23	9.87e-01	1.26e-02	9.69e-06	3.67e-07	0.00e+00	0.00e+00	0.00e+00	0.00e+00
 2.95860e+23	9.88e-01	1.22e-02	9.52e-06	3.55e-07	0.00e+00	0.00e+00	0.00e+00	0.00e+00
 2.96479e+23	9.88e-01	1.19e-02	9.35e-06	3.44e-07	0.00e+00	0.00e+00	0.00e+00	0.00e+00
 2.97104e+23	9.88e-01	1.16e-02	9.19e-06	3.33e-07	0.00e+00	0.00e+00	0.00e+00	0.00e+00
 2.97735e+23	9.89e-01	1.13e-02	9.03e-06	3.22e-07	0.00e+00	0.00e+00	0.00e+00	0.00e+00
 2.98371e+23	9.89e-01	1.10e-02	8.86e-06	3.11e-07	0.00e+00	0.00e+00	0.00e+00	0.00e+00
 2.99013e+23	9.89e-01	1.07e-02	8.70e-06	3.01e-07	0.00e+00	0.00e+00	0.00e+00	0.00e+00
 2.99663e+23	9.90e-01	1.04e-02	8.54e-06	2.91e-07	0.00e+00	0.00e+00	0.00e+00	0.00e+00
 3.00318e+23	9.90e-01	1.01e-02	8.38e-06	2.81e-07	0.00e+00	0.00e+00	0.00e+00	0.00e+00
 3.00979e+23	9.90e-01	9.85e-03	8.23e-06	2.71e-07	0.00e+00	0.00e+00	0.00e+00	0.00e+00
 3.01645e+23	9.90e-01	9.58e-03	8.07e-06	2.62e-07	0.00e+00	0.00e+00	0.00e+00	0.00e+00
 3.02317e+23	9.91e-01	9.32e-03	7.91e-06	2.52e-07	0.00e+00	0.00e+00	0.00e+00	0.00e+00
 3.02993e+23	9.91e-01	9.07e-03	7.76e-06	2.43e-07	0.00e+00	0.00e+00	0.00e+00	0.00e+00
 3.03673e+23	9.91e-01	8.82e-03	7.61e-06	2.35e-07	0.00e+00	0.00e+00	0.00e+00	0.00e+00
 3.04359e+23	9.91e-01	8.58e-03	7.46e-06	2.26e-07	0.00e+00	0.00e+00	0.00e+00	0.00e+00
 3.05050e+23	9.92e-01	8.34e-03	7.31e-06	2.18e-07	0.00e+00	0.00e+00	0.00e+00	0.00e+00
 3.05747e+23	9.92e-01	8.11e-03	7.16e-06	2.10e-07	0.00e+00	0.00e+00	0.00e+00	0.00e+00
 3.06448e+23	9.92e-01	7.89e-03	7.01e-06	2.02e-07	0.00e+00	0.00e+00	0.00e+00	0.00e+00
 3.07155e+23	9.92e-01	7.67e-03	6.87e-06	1.95e-07	0.00e+00	0.00e+00	0.00e+00	0.00e+00
 3.07866e+23	9.93e-01	7.46e-03	6.72e-06	1.87e-07	0.00e+00	0.00e+00	0.00e+00	0.00e+00
 3.08395e+23	9.92e-01	7.51e-03	6.64e-06	1.87e-07	0.00e+00	0.00e+00	0.00e+00	0.00e+00
