#depth	S	S+	S+2	S+3	S+4	S+5	S+6	S+7	S+8	S+9	S+10	S+11	S+12	S+13	S+14	S+15	S+16
 4.62852e+21	0.00e+00	0.00e+00	0.00e+00	0.00e+00	0.00e+00	0.00e+00	0.00e+00	0.00e+00	0.00e+00	9.76e-24	6.94e-20	2.46e-16	5.69e-13	1.38e-09	6.69e-06	4.60e-03	9.95e-01
 1.05216e+22	0.00e+00	0.00e+00	0.00e+00	0.00e+00	0.00e+00	0.00e+00	0.00e+00	0.00e+00	1.43e-26	1.18e-22	5.82e-19	1.50e-15	2.42e-12	4.09e-09	1.38e-05	6.60e-03	9.93e-01
 1.26211e+22	0.00e+00	0.00e+00	0.00e+00	0.00e+00	0.00e+00	0.00e+00	0.00e+00	6.01e-30	9.53e-26	6.18e-22	2.41e-18	4.89e-15	6.22e-12	8.31e-09	2.21e-05	8.35e-03	9.92e-01
 1.41239e+22	0.00e+00	0.00e+00	0.00e+00	0.00e+00	0.00e+00	0.00e+00	0.00e+00	3.23e-29	4.23e-25	2.27e-21	7.47e-18	1.26e-14	1.32e-11	1.46e-08	3.22e-05	1.01e-02	9.90e-01
 1.50910e+22	0.00e+00	0.00e+00	0.00e+00	0.00e+00	0.00e+00	0.00e+00	0.00e+00	6.79e-29	8.19e-25	4.04e-21	1.22e-17	1.89e-14	1.84e-11	1.87e-08	3.79e-05	1.09e-02	9.89e-01
 1.57791e+22	0.00e+00	0.00e+00	0.00e+00	0.00e+00	0.00e+00	0.00e+00	0.00e+00	1.87e-28	2.01e-24	8.85e-21	2.39e-17	3.31e-14	2.87e-11	2.61e-08	4.74e-05	1.22e-02	9.88e-01
 1.63890e+22	0.00e+00	0.00e+00	0.00e+00	0.00e+00	0.00e+00	0.00e+00	0.00e+00	3.17e-28	3.22e-24	1.34e-20	3.40e-17	4.44e-14	3.63e-11	3.12e-08	5.33e-05	1.29e-02	9.87e-01
 1.68972e+22	0.00e+00	0.00e+00	0.00e+00	0.00e+00	0.00e+00	0.00e+00	0.00e+00	6.50e-28	6.07e-24	2.33e-20	5.47e-17	6.59e-14	4.97e-11	3.95e-08	6.24e-05	1.40e-02	9.86e-01
 1.74245e+22	0.00e+00	0.00e+00	0.00e+00	0.00e+00	0.00e+00	0.00e+00	0.00e+00	1.21e-27	1.06e-23	3.78e-20	8.29e-17	9.31e-14	6.56e-11	4.86e-08	7.16e-05	1.50e-02	9.85e-01
 1.78991e+22	0.00e+00	0.00e+00	0.00e+00	0.00e+00	0.00e+00	0.00e+00	1.06e-31	2.20e-27	1.80e-23	6.00e-20	1.23e-16	1.29e-13	8.52e-11	5.91e-08	8.16e-05	1.60e-02	9.84e-01
 1.84386e+22	0.00e+00	0.00e+00	0.00e+00	0.00e+00	0.00e+00	0.00e+00	2.58e-31	4.88e-27	3.64e-23	1.11e-19	2.08e-16	2.00e-13	1.21e-10	7.69e-08	9.72e-05	1.74e-02	9.82e-01
 1.89709e+22	0.00e+00	0.00e+00	0.00e+00	0.00e+00	0.00e+00	0.00e+00	4.70e-31	8.38e-27	5.87e-23	1.69e-19	2.98e-16	2.70e-13	1.54e-10	9.19e-08	1.09e-04	1.85e-02	9.81e-01
 1.94936e+22	0.00e+00	0.00e+00	0.00e+00	0.00e+00	0.00e+00	0.00e+00	1.07e-30	1.75e-26	1.13e-22	2.99e-19	4.85e-16	4.04e-13	2.12e-10	1.17e-07	1.29e-04	2.00e-02	9.80e-01
 2.00339e+22	0.00e+00	0.00e+00	0.00e+00	0.00e+00	0.00e+00	0.00e+00	2.15e-30	3.27e-26	1.96e-22	4.89e-19	7.39e-16	5.74e-13	2.81e-10	1.44e-07	1.48e-04	2.15e-02	9.78e-01
 2.05134e+22	0.00e+00	0.00e+00	0.00e+00	0.00e+00	0.00e+00	0.00e+00	4.16e-30	5.93e-26	3.33e-22	7.74e-19	1.09e-15	7.95e-13	3.64e-10	1.76e-07	1.68e-04	2.29e-02	9.77e-01
 2.10529e+22	0.00e+00	0.00e+00	0.00e+00	0.00e+00	0.00e+00	0.00e+00	1.00e-29	1.31e-25	6.71e-22	1.43e-18	1.85e-15	1.23e-12	5.16e-10	2.28e-07	2.00e-04	2.49e-02	9.75e-01
 2.15918e+22	0.00e+00	0.00e+00	0.00e+00	0.00e+00	0.00e+00	0.00e+00	1.85e-29	2.27e-25	1.09e-21	2.19e-18	2.66e-15	1.66e-12	6.57e-10	2.73e-07	2.26e-04	2.65e-02	9.73e-01
 2.21297e+22	0.00e+00	0.00e+00	0.00e+00	0.00e+00	0.00e+00	0.00e+00	4.51e-29	5.04e-25	2.22e-21	4.06e-18	4.50e-15	2.57e-12	9.32e-10	3.55e-07	2.69e-04	2.88e-02	9.71e-01
 2.26623e+22	0.00e+00	0.00e+00	0.00e+00	0.00e+00	0.00e+00	0.00e+00	8.24e-29	8.66e-25	3.59e-21	6.17e-18	6.44e-15	3.47e-12	1.18e-09	4.24e-07	3.03e-04	3.06e-02	9.69e-01
 2.31005e+22	0.00e+00	0.00e+00	0.00e+00	0.00e+00	0.00e+00	0.00e+00	1.48e-28	1.46e-24	5.71e-21	9.25e-18	9.10e-15	4.62e-12	1.49e-09	5.04e-07	3.39e-04	3.23e-02	9.67e-01
 2.35123e+22	0.00e+00	0.00e+00	0.00e+00	0.00e+00	0.00e+00	0.00e+00	2.62e-28	2.45e-24	9.00e-21	1.38e-17	1.28e-14	6.12e-12	1.86e-09	5.96e-07	3.79e-04	3.42e-02	9.65e-01
 2.39157e+22	0.00e+00	0.00e+00	0.00e+00	0.00e+00	0.00e+00	0.00e+00	4.59e-28	4.04e-24	1.40e-20	2.03e-17	1.78e-14	8.05e-12	2.32e-09	7.03e-07	4.23e-04	3.60e-02	9.64e-01
 2.43178e+22	0.00e+00	0.00e+00	0.00e+00	0.00e+00	0.00e+00	0.00e+00	8.05e-28	6.69e-24	2.19e-20	3.00e-17	2.48e-14	1.06e-11	2.89e-09	8.29e-07	4.72e-04	3.80e-02	9.62e-01
 2.47192e+22	0.00e+00	0.00e+00	0.00e+00	0.00e+00	0.00e+00	4.60e-32	1.40e-27	1.10e-23	3.41e-20	4.40e-17	3.44e-14	1.39e-11	3.59e-09	9.76e-07	5.26e-04	4.01e-02	9.59e-01
 2.51806e+22	0.00e+00	0.00e+00	0.00e+00	0.00e+00	0.00e+00	1.01e-31	2.87e-27	2.09e-23	6.02e-20	7.22e-17	5.25e-14	1.98e-11	4.76e-09	1.20e-06	6.04e-04	4.29e-02	9.56e-01
 2.56463e+22	0.00e+00	0.00e+00	0.00e+00	0.00e+00	0.00e+00	1.91e-31	5.09e-27	3.50e-23	9.50e-20	1.07e-16	7.37e-14	2.62e-11	5.95e-09	1.42e-06	6.75e-04	4.53e-02	9.54e-01
 2.60510e+22	0.00e+00	0.00e+00	0.00e+00	0.00e+00	0.00e+00	3.53e-31	8.88e-27	5.76e-23	1.48e-19	1.58e-16	1.02e-13	3.44e-11	7.40e-09	1.67e-06	7.52e-04	4.78e-02	9.51e-01
 2.65106e+22	0.00e+00	0.00e+00	0.00e+00	0.00e+00	0.00e+00	7.94e-31	1.85e-26	1.11e-22	2.65e-19	2.63e-16	1.58e-13	4.93e-11	9.86e-09	2.08e-06	8.67e-04	5.12e-02	9.48e-01
 2.69679e+22	0.00e+00	0.00e+00	0.00e+00	0.00e+00	0.00e+00	1.44e-30	3.16e-26	1.80e-22	4.06e-19	3.81e-16	2.17e-13	6.41e-11	1.22e-08	2.43e-06	9.62e-04	5.38e-02	9.45e-01
 2.73367e+22	0.00e+00	0.00e+00	0.00e+00	0.00e+00	0.00e+00	2.46e-30	5.15e-26	2.79e-22	5.98e-19	5.35e-16	2.89e-13	8.14e-11	1.47e-08	2.80e-06	1.06e-03	5.64e-02	9.43e-01
 2.76748e+22	0.00e+00	0.00e+00	0.00e+00	0.00e+00	0.00e+00	4.12e-30	8.22e-26	4.24e-22	8.67e-19	7.38e-16	3.81e-13	1.02e-10	1.77e-08	3.21e-06	1.16e-03	5.89e-02	9.40e-01
 2.80588e+22	0.00e+00	0.00e+00	0.00e+00	0.00e+00	0.00e+00	7.79e-30	1.46e-25	7.10e-22	1.37e-18	1.10e-15	5.34e-13	1.35e-10	2.21e-08	3.79e-06	1.29e-03	6.21e-02	9.37e-01
 2.84569e+22	0.00e+00	0.00e+00	0.00e+00	0.00e+00	0.00e+00	1.37e-29	2.44e-25	1.12e-21	2.05e-18	1.56e-15	7.22e-13	1.74e-10	2.69e-08	4.40e-06	1.42e-03	6.51e-02	9.33e-01
 2.88044e+22	0.00e+00	0.00e+00	0.00e+00	0.00e+00	0.00e+00	2.29e-29	3.88e-25	1.70e-21	2.97e-18	2.16e-15	9.49e-13	2.18e-10	3.23e-08	5.04e-06	1.56e-03	6.80e-02	9.30e-01
 2.91871e+22	0.00e+00	0.00e+00	0.00e+00	0.00e+00	0.00e+00	4.24e-29	6.78e-25	2.81e-21	4.61e-18	3.17e-15	1.32e-12	2.85e-10	4.01e-08	5.92e-06	1.73e-03	7.16e-02	9.27e-01
 2.95891e+22	0.00e+00	0.00e+00	0.00e+00	0.00e+00	0.00e+00	7.57e-29	1.15e-24	4.49e-21	7.00e-18	4.56e-15	1.79e-12	3.69e-10	4.92e-08	6.89e-06	1.92e-03	7.51e-02	9.23e-01
 2.99451e+22	0.00e+00	0.00e+00	0.00e+00	0.00e+00	0.00e+00	1.29e-28	1.86e-24	6.94e-21	1.03e-17	6.37e-15	2.38e-12	4.67e-10	5.93e-08	7.93e-06	2.10e-03	7.85e-02	9.19e-01
 3.02813e+22	0.00e+00	0.00e+00	0.00e+00	0.00e+00	2.30e-32	2.15e-28	2.95e-24	1.05e-20	1.48e-17	8.76e-15	3.13e-12	5.85e-10	7.10e-08	9.06e-06	2.29e-03	8.19e-02	9.16e-01
 3.06629e+22	0.00e+00	0.00e+00	0.00e+00	0.00e+00	4.54e-32	4.02e-28	5.20e-24	1.74e-20	2.32e-17	1.29e-14	4.36e-12	7.69e-10	8.83e-08	1.07e-05	2.55e-03	8.62e-02	9.11e-01
 3.10303e+22	0.00e+00	0.00e+00	0.00e+00	0.00e+00	7.70e-32	6.55e-28	8.08e-24	2.59e-20	3.29e-17	1.76e-14	5.65e-12	9.54e-10	1.05e-07	1.21e-05	2.78e-03	8.97e-02	9.08e-01
 3.13229e+22	0.00e+00	0.00e+00	0.00e+00	0.00e+00	1.24e-31	1.01e-27	1.20e-23	3.68e-20	4.50e-17	2.30e-14	7.12e-12	1.15e-09	1.22e-07	1.36e-05	2.99e-03	9.29e-02	9.04e-01
 3.16469e+22	0.00e+00	0.00e+00	0.00e+00	0.00e+00	2.16e-31	1.70e-27	1.91e-23	5.59e-20	6.51e-17	3.18e-14	9.35e-12	1.45e-09	1.46e-07	1.55e-05	3.27e-03	9.69e-02	9.00e-01
 3.19950e+22	0.00e+00	0.00e+00	0.00e+00	0.00e+00	3.76e-31	2.82e-27	3.03e-23	8.47e-20	9.40e-17	4.37e-14	1.23e-11	1.81e-09	1.75e-07	1.77e-05	3.57e-03	1.01e-01	8.95e-01
 3.23035e+22	0.00e+00	0.00e+00	0.00e+00	0.00e+00	6.06e-31	4.38e-27	4.52e-23	1.21e-19	1.29e-16	5.75e-14	1.55e-11	2.20e-09	2.04e-07	1.99e-05	3.84e-03	1.05e-01	8.92e-01
 3.26336e+22	0.00e+00	0.00e+00	0.00e+00	0.00e+00	1.07e-30	7.42e-27	7.28e-23	1.85e-19	1.88e-16	7.98e-14	2.05e-11	2.76e-09	2.45e-07	2.28e-05	4.20e-03	1.09e-01	8.87e-01
 3.29823e+22	0.00e+00	0.00e+00	0.00e+00	0.00e+00	1.85e-30	1.23e-26	1.15e-22	2.79e-19	2.70e-16	1.09e-13	2.68e-11	3.45e-09	2.92e-07	2.60e-05	4.58e-03	1.14e-01	8.82e-01
 3.32914e+22	0.00e+00	0.00e+00	0.00e+00	0.00e+00	3.03e-30	1.93e-26	1.73e-22	4.03e-19	3.73e-16	1.45e-13	3.40e-11	4.21e-09	3.42e-07	2.92e-05	4.94e-03	1.18e-01	8.77e-01
 3.35829e+22	0.00e+00	0.00e+00	0.00e+00	0.00e+00	4.90e-30	3.01e-26	2.59e-22	5.77e-19	5.13e-16	1.91e-13	4.30e-11	5.11e-09	3.99e-07	3.28e-05	5.33e-03	1.22e-01	8.73e-01
 3.38562e+22	0.00e+00	0.00e+00	0.00e+00	0.00e+00	7.50e-30	4.45e-26	3.69e-22	7.93e-19	6.79e-16	2.44e-13	5.30e-11	6.06e-09	4.57e-07	3.62e-05	5.69e-03	1.26e-01	8.69e-01
 3.41523e+22	0.00e+00	0.00e+00	0.00e+00	0.00e+00	1.24e-29	7.07e-26	5.60e-22	1.15e-18	9.45e-16	3.25e-13	6.75e-11	7.41e-09	5.36e-07	4.08e-05	6.15e-03	1.30e-01	8.64e-01
 3.44662e+22	0.00e+00	0.00e+00	0.00e+00	0.00e+00	2.02e-29	1.11e-25	8.45e-22	1.67e-18	1.31e-15	4.32e-13	8.60e-11	9.05e-09	6.28e-07	4.59e-05	6.64e-03	1.35e-01	8.58e-01
 3.47422e+22	0.00e+00	0.00e+00	0.00e+00	0.00e+00	3.13e-29	1.66e-25	1.22e-21	2.31e-18	1.75e-15	5.55e-13	1.06e-10	1.08e-08	7.22e-07	5.09e-05	7.10e-03	1.39e-01	8.54e-01
 3.50398e+22	0.00e+00	0.00e+00	0.00e+00	0.00e+00	5.23e-29	2.67e-25	1.87e-21	3.39e-18	2.45e-15	7.46e-13	1.37e-10	1.33e-08	8.51e-07	5.75e-05	7.69e-03	1.44e-01	8.48e-01
 3.53544e+22	0.00e+00	0.00e+00	0.00e+00	9.04e-33	8.54e-29	4.19e-25	2.81e-21	4.89e-18	3.39e-15	9.89e-13	1.74e-10	1.62e-08	9.96e-07	6.46e-05	8.29e-03	1.49e-01	8.42e-01
 3.56282e+22	0.00e+00	0.00e+00	0.00e+00	1.44e-32	1.32e-28	6.25e-25	4.04e-21	6.77e-18	4.52e-15	1.27e-12	2.15e-10	1.93e-08	1.15e-06	7.16e-05	8.86e-03	1.54e-01	8.37e-01
 3.59213e+22	0.00e+00	0.00e+00	0.00e+00	2.47e-32	2.18e-28	9.95e-25	6.16e-21	9.85e-18	6.30e-15	1.69e-12	2.74e-10	2.35e-08	1.34e-06	8.05e-05	9.57e-03	1.59e-01	8.31e-01
 3.62320e+22	0.00e+00	0.00e+00	0.00e+00	4.16e-32	3.53e-28	1.55e-24	9.22e-21	1.42e-17	8.67e-15	2.24e-12	3.47e-10	2.86e-08	1.57e-06	9.03e-05	1.03e-02	1.65e-01	8.25e-01
 3.65083e+22	0.00e+00	0.00e+00	0.00e+00	6.66e-32	5.47e-28	2.32e-24	1.33e-20	1.96e-17	1.16e-14	2.88e-12	4.30e-10	3.41e-08	1.80e-06	1.00e-04	1.10e-02	1.70e-01	8.19e-01
 3.67560e+22	0.00e+00	0.00e+00	0.00e+00	1.02e-31	8.11e-28	3.34e-24	1.85e-20	2.64e-17	1.50e-14	3.61e-12	5.21e-10	4.00e-08	2.04e-06	1.10e-04	1.17e-02	1.74e-01	8.14e-01
 3.69881e+22	0.00e+00	0.00e+00	0.00e+00	1.51e-31	1.17e-27	4.68e-24	2.51e-20	3.47e-17	1.91e-14	4.45e-12	6.23e-10	4.63e-08	2.30e-06	1.20e-04	1.24e-02	1.79e-01	8.09e-01
 3.72543e+22	0.00e+00	0.00e+00	0.00e+00	2.43e-31	1.82e-27	7.06e-24	3.64e-20	4.84e-17	2.57e-14	5.75e-12	7.73e-10	5.53e-08	2.64e-06	1.33e-04	1.32e-02	1.84e-01	8.02e-01
 3.75402e+22	0.00e+00	0.00e+00	0.00e+00	3.91e-31	2.84e-27	1.06e-23	5.27e-20	6.74e-17	3.44e-14	7.41e-12	9.59e-10	6.61e-08	3.04e-06	1.47e-04	1.41e-02	1.90e-01	7.96e-01
 3.77986e+22	0.00e+00	0.00e+00	0.00e+00	3.27e-31	2.30e-27	8.32e-24	7.44e-20	9.18e-17	4.53e-14	9.40e-12	1.17e-09	7.81e-08	3.47e-06	1.62e-04	1.50e-02	1.95e-01	7.90e-01
 3.80434e+22	0.00e+00	0.00e+00	0.00e+00	5.01e-31	3.43e-27	1.20e-23	1.04e-19	1.24e-16	5.89e-14	1.18e-11	1.42e-09	9.15e-08	3.94e-06	1.78e-04	1.60e-02	2.00e-01	7.84e-01
 3.82847e+22	0.00e+00	0.00e+00	0.00e+00	7.58e-31	5.04e-27	1.71e-23	1.43e-19	1.65e-16	7.59e-14	1.47e-11	1.72e-09	1.07e-07	4.45e-06	1.95e-04	1.69e-02	2.05e-01	7.78e-01
 3.85593e+22	0.00e+00	0.00e+00	0.00e+00	1.24e-30	7.99e-27	2.63e-23	2.11e-19	2.33e-16	1.03e-13	1.92e-11	2.15e-09	1.28e-07	5.15e-06	2.17e-04	1.81e-02	2.11e-01	7.70e-01
 3.88468e+22	0.00e+00	0.00e+00	0.00e+00	2.01e-30	1.25e-26	3.96e-23	3.05e-19	3.25e-16	1.38e-13	2.48e-11	2.67e-09	1.54e-07	5.93e-06	2.40e-04	1.93e-02	2.17e-01	7.63e-01
 3.90963e+22	0.00e+00	0.00e+00	0.00e+00	3.07e-30	1.85e-26	5.70e-23	4.25e-19	4.37e-16	1.79e-13	3.11e-11	3.24e-09	1.80e-07	6.72e-06	2.63e-04	2.05e-02	2.23e-01	7.56e-01
 3.93656e+22	0.00e+00	0.00e+00	0.00e+00	5.04e-30	2.94e-26	8.73e-23	6.25e-19	6.17e-16	2.43e-13	4.05e-11	4.05e-09	2.16e-07	7.77e-06	2.93e-04	2.19e-02	2.29e-01	7.49e-01
 3.96519e+22	0.00e+00	0.00e+00	0.00e+00	8.11e-30	4.58e-26	1.31e-22	9.05e-19	8.59e-16	3.26e-13	5.22e-11	5.02e-09	2.58e-07	8.93e-06	3.25e-04	2.34e-02	2.36e-01	7.41e-01
 3.98973e+22	0.00e+00	0.00e+00	0.00e+00	1.22e-29	6.70e-26	1.86e-22	1.24e-18	1.14e-15	4.20e-13	6.51e-11	6.05e-09	3.01e-07	1.01e-05	3.55e-04	2.48e-02	2.41e-01	7.34e-01
 4.01187e+22	0.00e+00	0.00e+00	0.00e+00	1.78e-29	9.50e-26	2.57e-22	1.67e-18	1.48e-15	5.28e-13	7.94e-11	7.16e-09	3.46e-07	1.12e-05	3.84e-04	2.60e-02	2.46e-01	7.27e-01
 4.03721e+22	0.00e+00	0.00e+00	0.00e+00	2.80e-29	1.45e-25	3.81e-22	2.38e-18	2.04e-15	7.00e-13	1.01e-10	8.80e-09	4.09e-07	1.28e-05	4.23e-04	2.77e-02	2.52e-01	7.19e-01
 4.06462e+22	0.00e+00	0.00e+00	4.86e-33	4.43e-29	2.23e-25	5.64e-22	3.39e-18	2.81e-15	9.28e-13	1.29e-10	1.08e-08	4.86e-07	1.47e-05	4.67e-04	2.95e-02	2.59e-01	7.11e-01
 4.08972e+22	0.00e+00	0.00e+00	7.67e-33	6.80e-29	3.32e-25	8.15e-22	4.74e-18	3.78e-15	1.21e-12	1.63e-10	1.32e-08	5.70e-07	1.67e-05	5.12e-04	3.12e-02	2.65e-01	7.03e-01
 4.11736e+22	0.00e+00	0.00e+00	1.31e-32	1.13e-28	5.32e-25	1.26e-21	7.04e-18	5.39e-15	1.65e-12	2.13e-10	1.65e-08	6.87e-07	1.93e-05	5.70e-04	3.34e-02	2.72e-01	6.94e-01
 4.14497e+22	0.00e+00	0.00e+00	2.12e-32	1.77e-28	8.09e-25	1.85e-21	9.98e-18	7.36e-15	2.18e-12	2.71e-10	2.03e-08	8.13e-07	2.20e-05	6.27e-04	3.54e-02	2.79e-01	6.85e-01
 4.16753e+22	0.00e+00	0.00e+00	3.20e-32	2.60e-28	1.16e-24	2.57e-21	1.34e-17	9.62e-15	2.76e-12	3.33e-10	2.41e-08	9.38e-07	2.46e-05	6.80e-04	3.73e-02	2.84e-01	6.78e-01
 4.19184e+22	0.00e+00	0.00e+00	5.12e-32	4.05e-28	1.75e-24	3.77e-21	1.90e-17	1.31e-14	3.62e-12	4.22e-10	2.95e-08	1.10e-06	2.80e-05	7.47e-04	3.95e-02	2.91e-01	6.69e-01
 4.21837e+22	0.00e+00	0.00e+00	8.24e-32	6.33e-28	2.65e-24	5.53e-21	2.69e-17	1.79e-14	4.77e-12	5.36e-10	3.61e-08	1.30e-06	3.19e-05	8.21e-04	4.19e-02	2.98e-01	6.60e-01
 4.24311e+22	0.00e+00	0.00e+00	1.28e-31	9.58e-28	3.90e-24	7.89e-21	3.72e-17	2.39e-14	6.16e-12	6.69e-10	4.36e-08	1.52e-06	3.60e-05	8.96e-04	4.42e-02	3.04e-01	6.51e-01
 4.27056e+22	0.00e+00	0.00e+00	2.19e-31	1.58e-27	6.22e-24	1.21e-20	5.49e-17	3.39e-14	8.39e-12	8.75e-10	5.47e-08	1.83e-06	4.17e-05	9.95e-04	4.72e-02	3.11e-01	6.41e-01
 4.29800e+22	0.00e+00	0.00e+00	2.21e-31	1.55e-27	5.91e-24	1.78e-20	7.77e-17	4.63e-14	1.10e-11	1.11e-09	6.70e-08	2.17e-06	4.75e-05	1.09e-03	5.00e-02	3.18e-01	6.31e-01
 4.32045e+22	0.00e+00	0.00e+00	3.34e-31	2.28e-27	8.47e-24	2.47e-20	1.05e-16	6.06e-14	1.40e-11	1.37e-09	7.98e-08	2.50e-06	5.31e-05	1.18e-03	5.26e-02	3.24e-01	6.23e-01
 4.34469e+22	0.00e+00	0.00e+00	5.37e-31	3.57e-27	1.28e-23	3.62e-20	1.48e-16	8.27e-14	1.84e-11	1.73e-09	9.77e-08	2.95e-06	6.04e-05	1.30e-03	5.56e-02	3.30e-01	6.13e-01
 4.37090e+22	0.00e+00	0.00e+00	8.68e-31	5.60e-27	1.95e-23	5.31e-20	2.10e-16	1.13e-13	2.43e-11	2.20e-09	1.20e-07	3.49e-06	6.89e-05	1.43e-03	5.89e-02	3.37e-01	6.02e-01
 4.39491e+22	0.00e+00	0.00e+00	1.33e-30	8.37e-27	2.83e-23	7.48e-20	2.87e-16	1.49e-13	3.11e-11	2.73e-09	1.44e-07	4.05e-06	7.73e-05	1.55e-03	6.20e-02	3.43e-01	5.93e-01
 4.42136e+22	0.00e+00	0.00e+00	2.31e-30	1.40e-26	4.57e-23	1.16e-19	4.28e-16	2.14e-13	4.27e-11	3.59e-09	1.81e-07	4.90e-06	8.97e-05	1.73e-03	6.61e-02	3.51e-01	5.81e-01
 4.44723e+22	0.00e+00	0.00e+00	3.56e-30	2.11e-26	6.67e-23	1.64e-19	5.86e-16	2.83e-13	5.48e-11	4.47e-09	2.18e-07	5.71e-06	1.01e-04	1.88e-03	6.95e-02	3.57e-01	5.72e-01
 4.46870e+22	0.00e+00	0.00e+00	5.32e-30	3.07e-26	9.47e-23	2.25e-19	7.84e-16	3.68e-13	6.91e-11	5.46e-09	2.59e-07	6.56e-06	1.13e-04	2.03e-03	7.29e-02	3.62e-01	5.63e-01
 4.49293e+22	0.00e+00	0.00e+00	8.59e-30	4.81e-26	1.44e-22	3.30e-19	1.11e-15	5.03e-13	9.10e-11	6.94e-09	3.17e-07	7.75e-06	1.28e-04	2.22e-03	7.70e-02	3.69e-01	5.52e-01
 4.51889e+22	0.00e+00	0.00e+00	1.40e-29	7.61e-26	2.20e-22	4.86e-19	1.58e-15	6.91e-13	1.21e-10	8.86e-09	3.91e-07	9.20e-06	1.46e-04	2.44e-03	8.14e-02	3.75e-01	5.41e-01
 4.54197e+22	0.00e+00	0.00e+00	2.12e-29	1.12e-25	3.15e-22	6.75e-19	2.13e-15	9.04e-13	1.53e-10	1.09e-08	4.65e-07	1.06e-05	1.63e-04	2.64e-03	8.53e-02	3.81e-01	5.31e-01
 4.56684e+22	0.00e+00	0.00e+00	3.54e-29	1.81e-25	4.91e-22	1.01e-18	3.09e-15	1.26e-12	2.05e-10	1.41e-08	5.79e-07	1.27e-05	1.88e-04	2.92e-03	9.04e-02	3.87e-01	5.19e-01
 4.59203e+22	0.00e+00	0.00e+00	5.54e-29	2.75e-25	7.24e-22	1.44e-18	4.27e-15	1.68e-12	2.66e-10	1.76e-08	7.00e-07	1.48e-05	2.12e-04	3.17e-03	9.50e-02	3.93e-01	5.08e-01
 4.61335e+22	0.00e+00	1.63e-33	8.35e-29	4.04e-25	1.03e-21	1.98e-18	5.72e-15	2.19e-12	3.36e-10	2.16e-08	8.33e-07	1.71e-05	2.36e-04	3.43e-03	9.95e-02	3.98e-01	4.99e-01
 4.63677e+22	0.00e+00	2.72e-33	1.35e-28	6.31e-25	1.56e-21	2.90e-18	8.08e-15	2.99e-12	4.42e-10	2.74e-08	1.02e-06	2.02e-05	2.68e-04	3.75e-03	1.05e-01	4.04e-01	4.87e-01
 4.66164e+22	0.00e+00	4.60e-33	2.19e-28	9.93e-25	2.37e-21	4.22e-18	1.14e-14	4.09e-12	5.83e-10	3.49e-08	1.25e-06	2.40e-05	3.06e-04	4.11e-03	1.11e-01	4.10e-01	4.75e-01
 4.68338e+22	0.00e+00	7.03e-33	3.26e-28	1.44e-24	3.34e-21	5.77e-18	1.52e-14	5.28e-12	7.32e-10	4.25e-08	1.48e-06	2.75e-05	3.40e-04	4.43e-03	1.15e-01	4.14e-01	4.66e-01
 4.70664e+22	0.00e+00	1.21e-32	5.38e-28	2.30e-24	5.14e-21	8.53e-18	2.18e-14	7.30e-12	9.75e-10	5.46e-08	1.84e-06	3.27e-05	3.88e-04	4.86e-03	1.22e-01	4.20e-01	4.53e-01
 4.73015e+22	0.00e+00	1.92e-32	8.30e-28	3.44e-24	7.45e-21	1.19e-17	2.96e-14	9.63e-12	1.25e-09	6.76e-08	2.21e-06	3.81e-05	4.36e-04	5.27e-03	1.27e-01	4.24e-01	4.42e-01
 4.75023e+22	0.00e+00	2.90e-32	1.22e-27	4.92e-24	1.04e-20	1.61e-17	3.89e-14	1.23e-11	1.55e-09	8.18e-08	2.59e-06	4.35e-05	4.83e-04	5.65e-03	1.33e-01	4.28e-01	4.33e-01
 4.77256e+22	0.00e+00	4.92e-32	1.99e-27	7.75e-24	1.58e-20	2.35e-17	5.51e-14	1.69e-11	2.05e-09	1.04e-07	3.19e-06	5.16e-05	5.50e-04	6.19e-03	1.39e-01	4.33e-01	4.21e-01
 4.79569e+22	0.00e+00	7.86e-32	3.07e-27	1.16e-23	2.28e-20	3.28e-17	7.50e-14	2.23e-11	2.63e-09	1.29e-07	3.84e-06	6.00e-05	6.17e-04	6.70e-03	1.46e-01	4.37e-01	4.10e-01
 4.81626e+22	0.00e+00	1.23e-31	4.65e-27	1.71e-23	3.25e-20	4.51e-17	1.01e-13	2.91e-11	3.33e-09	1.59e-07	4.58e-06	6.93e-05	6.88e-04	7.22e-03	1.52e-01	4.40e-01	4.00e-01
 4.83941e+22	0.00e+00	2.16e-31	7.83e-27	2.77e-23	5.07e-20	6.71e-17	1.45e-13	4.05e-11	4.47e-09	2.06e-07	5.70e-06	8.30e-05	7.89e-04	7.94e-03	1.60e-01	4.45e-01	3.87e-01
 4.86228e+22	0.00e+00	3.34e-31	1.18e-26	4.05e-23	7.18e-20	9.20e-17	1.94e-13	5.26e-11	5.64e-09	2.52e-07	6.78e-06	9.56e-05	8.78e-04	8.54e-03	1.67e-01	4.47e-01	3.76e-01
 4.88177e+22	0.00e+00	5.23e-31	1.78e-26	5.93e-23	1.02e-19	1.26e-16	2.59e-13	6.83e-11	7.12e-09	3.09e-07	8.07e-06	1.10e-04	9.79e-04	9.19e-03	1.73e-01	4.50e-01	3.66e-01
 4.90089e+22	0.00e+00	7.92e-31	2.62e-26	8.48e-23	1.41e-19	1.69e-16	3.40e-13	8.73e-11	8.86e-09	3.73e-07	9.50e-06	1.26e-04	1.08e-03	9.84e-03	1.80e-01	4.52e-01	3.56e-01
 4.92253e+22	0.00e+00	1.33e-30	4.22e-26	1.32e-22	2.12e-19	2.43e-16	4.76e-13	1.18e-10	1.16e-08	4.73e-07	1.16e-05	1.49e-04	1.23e-03	1.07e-02	1.88e-01	4.55e-01	3.45e-01
 4.94506e+22	0.00e+00	2.13e-30	6.55e-26	1.98e-22	3.07e-19	3.38e-16	6.47e-13	1.56e-10	1.49e-08	5.87e-07	1.40e-05	1.73e-04	1.37e-03	1.16e-02	1.96e-01	4.57e-01	3.34e-01
 4.96495e+22	0.00e+00	3.32e-30	9.87e-26	2.90e-22	4.34e-19	4.61e-16	8.62e-13	2.03e-10	1.88e-08	7.18e-07	1.66e-05	1.99e-04	1.53e-03	1.24e-02	2.04e-01	4.58e-01	3.24e-01
 4.98359e+22	0.00e+00	5.02e-30	1.45e-25	4.13e-22	6.00e-19	6.15e-16	1.13e-12	2.58e-10	2.33e-08	8.67e-07	1.95e-05	2.27e-04	1.69e-03	1.33e-02	2.11e-01	4.60e-01	3.14e-01
 5.00439e+22	0.00e+00	8.27e-30	2.29e-25	6.31e-22	8.84e-19	8.69e-16	1.55e-12	3.46e-10	3.02e-08	1.09e-06	2.37e-05	2.67e-04	1.90e-03	1.44e-02	2.20e-01	4.61e-01	3.03e-01
 5.02621e+22	0.00e+00	1.33e-29	3.55e-25	9.46e-22	1.28e-18	1.21e-15	2.11e-12	4.56e-10	3.87e-08	1.35e-06	2.85e-05	3.10e-04	2.13e-03	1.55e-02	2.28e-01	4.61e-01	2.93e-01
 5.04554e+22	0.00e+00	2.04e-29	5.28e-25	1.36e-21	1.78e-18	1.62e-15	2.78e-12	5.85e-10	4.83e-08	1.64e-06	3.37e-05	3.55e-04	2.35e-03	1.65e-02	2.36e-01	4.61e-01	2.83e-01
 5.06687e+22	0.00e+00	3.47e-29	8.63e-25	2.15e-21	2.70e-18	2.35e-15	3.91e-12	7.98e-10	6.38e-08	2.08e-06	4.14e-05	4.20e-04	2.66e-03	1.80e-02	2.46e-01	4.61e-01	2.72e-01
 5.08851e+22	0.00e+00	5.47e-29	1.31e-24	3.16e-21	3.83e-18	3.21e-15	5.23e-12	1.04e-09	8.08e-08	2.56e-06	4.94e-05	4.85e-04	2.97e-03	1.93e-02	2.55e-01	4.61e-01	2.62e-01
 5.10722e+22	0.00e+00	8.40e-29	1.95e-24	4.55e-21	5.33e-18	4.30e-15	6.87e-12	1.33e-09	1.01e-07	3.11e-06	5.83e-05	5.55e-04	3.28e-03	2.06e-02	2.63e-01	4.60e-01	2.53e-01
 5.12821e+22	0.00e+00	1.44e-28	3.21e-24	7.18e-21	8.07e-18	6.20e-15	9.68e-12	1.82e-09	1.33e-07	3.96e-06	7.19e-05	6.58e-04	3.72e-03	2.23e-02	2.74e-01	4.58e-01	2.41e-01
 5.14924e+22	0.00e+00	2.20e-28	4.75e-24	1.03e-20	1.12e-17	8.29e-15	1.27e-11	2.33e-09	1.66e-07	4.80e-06	8.46e-05	7.51e-04	4.10e-03	2.38e-02	2.82e-01	4.57e-01	2.33e-01
 5.17031e+22	0.00e+00	3.79e-28	7.84e-24	1.63e-20	1.70e-17	1.20e-14	1.79e-11	3.19e-09	2.20e-07	6.13e-06	1.04e-04	8.91e-04	4.64e-03	2.58e-02	2.93e-01	4.54e-01	2.22e-01
 5.19164e+22	0.00e+00	5.89e-28	1.18e-23	2.37e-20	2.38e-17	1.62e-14	2.37e-11	4.12e-09	2.77e-07	7.48e-06	1.24e-04	1.02e-03	5.14e-03	2.75e-02	3.02e-01	4.52e-01	2.13e-01
 5.21331e+22	0.00e+00	1.01e-27	1.94e-23	3.76e-20	3.61e-17	2.33e-14	3.35e-11	5.64e-09	3.66e-07	9.55e-06	1.52e-04	1.21e-03	5.81e-03	2.97e-02	3.13e-01	4.48e-01	2.02e-01
 5.23564e+22	0.00e+00	1.65e-27	3.05e-23	5.67e-20	5.24e-17	3.23e-14	4.55e-11	7.47e-09	4.71e-07	1.19e-05	1.84e-04	1.41e-03	6.49e-03	3.19e-02	3.23e-01	4.44e-01	1.93e-01
 5.25452e+22	0.00e+00	2.50e-27	4.45e-23	8.02e-20	7.16e-17	4.26e-14	5.90e-11	9.46e-09	5.82e-07	1.43e-05	2.15e-04	1.60e-03	7.12e-03	3.38e-02	3.31e-01	4.41e-01	1.85e-01
 5.27473e+22	0.00e+00	4.21e-27	7.20e-23	1.25e-19	1.06e-16	6.03e-14	8.19e-11	1.28e-08	7.62e-07	1.81e-05	2.63e-04	1.88e-03	8.01e-03	3.63e-02	3.42e-01	4.36e-01	1.76e-01
 5.29511e+22	0.00e+00	6.51e-27	1.07e-22	1.79e-19	1.48e-16	8.03e-14	1.07e-10	1.64e-08	9.53e-07	2.19e-05	3.10e-04	2.15e-03	8.82e-03	3.85e-02	3.51e-01	4.32e-01	1.68e-01
 5.31274e+22	8.53e-34	9.70e-27	1.55e-22	2.51e-19	2.00e-16	1.05e-13	1.38e-10	2.06e-08	1.17e-06	2.62e-05	3.61e-04	2.43e-03	9.64e-03	4.07e-02	3.59e-01	4.27e-01	1.61e-01
 5.32931e+22	1.31e-33	1.43e-26	2.21e-22	3.47e-19	2.67e-16	1.35e-13	1.75e-10	2.57e-08	1.43e-06	3.11e-05	4.19e-04	2.73e-03	1.05e-02	4.29e-02	3.66e-01	4.23e-01	1.54e-01
 5.34464e+22	1.92e-33	2.03e-26	3.05e-22	4.64e-19	3.47e-16	1.69e-13	2.18e-10	3.13e-08	1.71e-06	3.64e-05	4.78e-04	3.04e-03	1.13e-02	4.49e-02	3.73e-01	4.19e-01	1.48e-01
 5.35885e+22	2.77e-33	2.83e-26	4.13e-22	6.12e-19	4.44e-16	2.10e-13	2.67e-10	3.78e-08	2.02e-06	4.22e-05	5.42e-04	3.37e-03	1.22e-02	4.69e-02	3.80e-01	4.14e-01	1.43e-01
 5.37214e+22	3.97e-33	3.92e-26	5.57e-22	8.02e-19	5.65e-16	2.58e-13	3.26e-10	4.55e-08	2.39e-06	4.87e-05	6.13e-04	3.72e-03	1.31e-02	4.89e-02	3.86e-01	4.10e-01	1.38e-01
 5.38508e+22	5.57e-33	5.33e-26	7.38e-22	1.04e-18	7.10e-16	3.15e-13	3.94e-10	5.41e-08	2.79e-06	5.58e-05	6.89e-04	4.08e-03	1.40e-02	5.09e-02	3.92e-01	4.06e-01	1.33e-01
 5.39770e+22	7.76e-33	7.19e-26	9.71e-22	1.33e-18	8.86e-16	3.81e-13	4.74e-10	6.41e-08	3.25e-06	6.37e-05	7.71e-04	4.47e-03	1.49e-02	5.29e-02	3.97e-01	4.01e-01	1.28e-01
 5.41005e+22	1.08e-32	9.71e-26	1.28e-21	1.70e-18	1.10e-15	4.61e-13	5.69e-10	7.59e-08	3.79e-06	7.27e-05	8.63e-04	4.89e-03	1.59e-02	5.49e-02	4.03e-01	3.97e-01	1.24e-01
 5.42235e+22	1.51e-32	1.31e-25	1.68e-21	2.18e-18	1.38e-15	5.58e-13	6.83e-10	8.99e-08	4.41e-06	8.31e-05	9.67e-04	5.35e-03	1.70e-02	5.70e-02	4.08e-01	3.92e-01	1.19e-01
 5.43465e+22	2.10e-32	1.77e-25	2.22e-21	2.80e-18	1.72e-15	6.75e-13	8.21e-10	1.07e-07	5.14e-06	9.48e-05	1.08e-03	5.86e-03	1.81e-02	5.91e-02	4.14e-01	3.87e-01	1.15e-01
 5.44643e+22	2.88e-32	2.36e-25	2.88e-21	3.54e-18	2.11e-15	8.06e-13	9.75e-10	1.25e-07	5.95e-06	1.08e-04	1.20e-03	6.38e-03	1.92e-02	6.12e-02	4.19e-01	3.83e-01	1.11e-01
 5.45757e+22	3.95e-32	3.13e-25	3.72e-21	4.46e-18	2.59e-15	9.60e-13	1.16e-09	1.46e-07	6.86e-06	1.22e-04	1.34e-03	6.94e-03	2.04e-02	6.33e-02	4.23e-01	3.78e-01	1.07e-01
 5.46858e+22	5.35e-32	4.12e-25	4.78e-21	5.59e-18	3.16e-15	1.14e-12	1.36e-09	1.71e-07	7.88e-06	1.37e-04	1.48e-03	7.53e-03	2.16e-02	6.54e-02	4.28e-01	3.73e-01	1.03e-01
 5.48122e+22	7.82e-32	5.82e-25	6.54e-21	7.41e-18	4.05e-15	1.41e-12	1.68e-09	2.07e-07	9.38e-06	1.60e-04	1.69e-03	8.34e-03	2.32e-02	6.81e-02	4.33e-01	3.67e-01	9.85e-02
 5.49417e+22	1.11e-31	7.95e-25	8.69e-21	9.55e-18	5.06e-15	1.70e-12	2.02e-09	2.46e-07	1.10e-05	1.83e-04	1.89e-03	9.14e-03	2.47e-02	7.06e-02	4.38e-01	3.61e-01	9.44e-02
 5.50530e+22	1.50e-31	1.05e-24	1.12e-20	1.19e-17	6.16e-15	2.01e-12	2.38e-09	2.86e-07	1.26e-05	2.06e-04	2.10e-03	9.91e-03	2.61e-02	7.28e-02	4.42e-01	3.56e-01	9.10e-02
 5.51559e+22	2.01e-31	1.36e-24	1.41e-20	1.48e-17	7.40e-15	2.34e-12	2.77e-09	3.31e-07	1.44e-05	2.31e-04	2.31e-03	1.07e-02	2.76e-02	7.50e-02	4.46e-01	3.51e-01	8.77e-02
 5.52553e+22	2.67e-31	1.76e-24	1.79e-20	1.82e-17	8.89e-15	2.74e-12	3.23e-09	3.82e-07	1.64e-05	2.58e-04	2.54e-03	1.15e-02	2.90e-02	7.71e-02	4.49e-01	3.46e-01	8.46e-02
 5.53696e+22	3.85e-31	2.45e-24	2.41e-20	2.37e-17	1.12e-14	3.32e-12	3.91e-09	4.57e-07	1.93e-05	2.98e-04	2.87e-03	1.27e-02	3.10e-02	7.99e-02	4.53e-01	3.39e-01	8.07e-02
 5.54852e+22	5.30e-31	3.26e-24	3.12e-20	2.98e-17	1.37e-14	3.92e-12	4.62e-09	5.35e-07	2.23e-05	3.37e-04	3.19e-03	1.38e-02	3.29e-02	8.24e-02	4.57e-01	3.33e-01	7.74e-02
 5.55837e+22	7.04e-31	4.21e-24	3.93e-20	3.66e-17	1.63e-14	4.55e-12	5.36e-09	6.16e-07	2.53e-05	3.76e-04	3.50e-03	1.49e-02	3.46e-02	8.46e-02	4.59e-01	3.28e-01	7.45e-02
 5.56928e+22	1.01e-30	5.84e-24	5.28e-20	4.75e-17	2.04e-14	5.49e-12	6.48e-09	7.36e-07	2.98e-05	4.33e-04	3.94e-03	1.63e-02	3.69e-02	8.75e-02	4.63e-01	3.21e-01	7.10e-02
 5.58052e+22	1.40e-30	7.80e-24	6.85e-20	5.98e-17	2.49e-14	6.46e-12	7.64e-09	8.61e-07	3.43e-05	4.90e-04	4.38e-03	1.77e-02	3.90e-02	9.01e-02	4.65e-01	3.15e-01	6.79e-02
 5.59047e+22	1.89e-30	1.02e-23	8.74e-20	7.41e-17	2.99e-14	7.53e-12	8.92e-09	9.97e-07	3.93e-05	5.50e-04	4.83e-03	1.92e-02	4.11e-02	9.25e-02	4.67e-01	3.09e-01	6.51e-02
 5.60169e+22	2.81e-30	1.46e-23	1.20e-19	9.80e-17	3.80e-14	9.16e-12	1.09e-08	1.21e-06	4.68e-05	6.40e-04	5.49e-03	2.12e-02	4.40e-02	9.58e-02	4.70e-01	3.01e-01	6.15e-02
 5.61261e+22	3.76e-30	1.89e-23	1.52e-19	1.20e-16	4.52e-14	1.06e-11	1.27e-08	1.39e-06	5.33e-05	7.15e-04	6.03e-03	2.28e-02	4.62e-02	9.81e-02	4.72e-01	2.95e-01	5.90e-02
 5.62314e+22	5.58e-30	2.69e-23	2.08e-19	1.58e-16	5.69e-14	1.28e-11	1.54e-08	1.68e-06	6.33e-05	8.30e-04	6.84e-03	2.52e-02	4.94e-02	1.01e-01	4.73e-01	2.87e-01	5.57e-02
 5.63365e+22	7.38e-30	3.46e-23	2.61e-19	1.93e-16	6.74e-14	1.47e-11	1.78e-08	1.92e-06	7.17e-05	9.23e-04	7.48e-03	2.70e-02	5.18e-02	1.04e-01	4.74e-01	2.82e-01	5.33e-02
 5.64412e+22	1.11e-29	4.98e-23	3.61e-19	2.55e-16	8.51e-14	1.77e-11	2.17e-08	2.33e-06	8.56e-05	1.07e-03	8.50e-03	2.98e-02	5.53e-02	1.07e-01	4.75e-01	2.73e-01	5.01e-02
 5.65427e+22	1.45e-29	6.33e-23	4.48e-19	3.07e-16	9.97e-14	2.01e-11	2.48e-08	2.65e-06	9.63e-05	1.19e-03	9.25e-03	3.19e-02	5.78e-02	1.09e-01	4.75e-01	2.67e-01	4.80e-02
 5.66399e+22	2.13e-29	8.92e-23	6.07e-19	3.99e-16	1.24e-13	2.39e-11	2.98e-08	3.17e-06	1.14e-04	1.37e-03	1.04e-02	3.50e-02	6.15e-02	1.12e-01	4.75e-01	2.59e-01	4.52e-02
 5.67379e+22	2.82e-29	1.15e-22	7.59e-19	4.84e-16	1.46e-13	2.72e-11	3.43e-08	3.63e-06	1.28e-04	1.52e-03	1.14e-02	3.74e-02	6.42e-02	1.14e-01	4.75e-01	2.53e-01	4.32e-02
 5.68367e+22	4.21e-29	1.64e-22	1.04e-18	6.34e-16	1.82e-13	3.24e-11	4.14e-08	4.36e-06	1.52e-04	1.76e-03	1.29e-02	4.11e-02	6.83e-02	1.17e-01	4.73e-01	2.45e-01	4.04e-02
 5.69359e+22	5.63e-29	2.12e-22	1.31e-18	7.73e-16	2.14e-13	3.69e-11	4.77e-08	5.00e-06	1.73e-04	1.96e-03	1.41e-02	4.40e-02	7.14e-02	1.20e-01	4.72e-01	2.38e-01	3.84e-02
 5.70353e+22	8.49e-29	3.05e-22	1.81e-18	1.02e-15	2.68e-13	4.39e-11	5.78e-08	6.04e-06	2.06e-04	2.27e-03	1.59e-02	4.85e-02	7.59e-02	1.23e-01	4.70e-01	2.29e-01	3.58e-02
 5.71353e+22	1.15e-28	3.99e-22	2.29e-18	1.24e-15	3.16e-13	5.00e-11	6.67e-08	6.94e-06	2.34e-04	2.53e-03	1.74e-02	5.19e-02	7.93e-02	1.25e-01	4.67e-01	2.22e-01	3.39e-02
 5.72362e+22	1.72e-28	5.72e-22	3.15e-18	1.63e-15	3.93e-13	5.93e-11	8.06e-08	8.36e-06	2.77e-04	2.92e-03	1.96e-02	5.69e-02	8.41e-02	1.27e-01	4.64e-01	2.13e-01	3.15e-02
 5.73361e+22	2.33e-28	7.50e-22	4.00e-18	1.99e-15	4.63e-13	6.74e-11	9.29e-08	9.60e-06	3.15e-04	3.25e-03	2.14e-02	6.08e-02	8.77e-02	1.29e-01	4.61e-01	2.07e-01	2.97e-02
 5.74349e+22	3.49e-28	1.07e-21	5.48e-18	2.60e-15	5.74e-13	7.95e-11	1.12e-07	1.15e-05	3.72e-04	3.74e-03	2.41e-02	6.65e-02	9.27e-02	1.32e-01	4.56e-01	1.98e-01	2.75e-02
 5.75352e+22	4.80e-28	1.42e-21	7.03e-18	3.20e-15	6.80e-13	9.05e-11	1.29e-07	1.33e-05	4.25e-04	4.18e-03	2.64e-02	7.12e-02	9.67e-02	1.34e-01	4.51e-01	1.91e-01	2.58e-02
 5.76375e+22	7.30e-28	2.07e-21	9.74e-18	4.21e-15	8.46e-13	1.07e-10	1.56e-07	1.60e-05	5.04e-04	4.82e-03	2.96e-02	7.78e-02	1.02e-01	1.36e-01	4.44e-01	1.81e-01	2.37e-02
 5.77409e+22	1.02e-27	2.77e-21	1.26e-17	5.21e-15	1.00e-12	1.22e-10	1.81e-07	1.85e-05	5.76e-04	5.39e-03	3.24e-02	8.32e-02	1.06e-01	1.37e-01	4.39e-01	1.74e-01	2.22e-02
 5.78460e+22	1.56e-27	4.06e-21	1.76e-17	6.89e-15	1.25e-12	1.44e-10	2.19e-07	2.24e-05	6.85e-04	6.22e-03	3.64e-02	9.08e-02	1.12e-01	1.39e-01	4.30e-01	1.64e-01	2.02e-02
 5.79516e+22	2.18e-27	5.44e-21	2.27e-17	8.53e-15	1.48e-12	1.64e-10	2.54e-07	2.58e-05	7.80e-04	6.93e-03	3.98e-02	9.69e-02	1.16e-01	1.40e-01	4.23e-01	1.57e-01	1.88e-02
 5.80427e+22	3.00e-27	7.24e-21	2.92e-17	1.05e-14	1.75e-12	1.85e-10	2.92e-07	2.97e-05	8.85e-04	7.69e-03	4.32e-02	1.03e-01	1.20e-01	1.41e-01	4.16e-01	1.50e-01	1.75e-02
 5.81458e+22	4.59e-27	1.05e-20	4.05e-17	1.38e-14	2.16e-12	2.17e-10	3.49e-07	3.55e-05	1.04e-03	8.79e-03	4.81e-02	1.12e-01	1.26e-01	1.42e-01	4.06e-01	1.41e-01	1.58e-02
 5.82488e+22	6.24e-27	1.38e-20	5.13e-17	1.68e-14	2.53e-12	2.44e-10	3.98e-07	4.04e-05	1.17e-03	9.67e-03	5.19e-02	1.18e-01	1.30e-01	1.43e-01	3.98e-01	1.35e-01	1.47e-02
 5.83515e+22	9.43e-27	1.99e-20	7.05e-17	2.18e-14	3.11e-12	2.84e-10	4.73e-07	4.79e-05	1.37e-03	1.10e-02	5.74e-02	1.27e-01	1.35e-01	1.43e-01	3.86e-01	1.26e-01	1.33e-02
 5.84552e+22	1.28e-26	2.61e-20	8.94e-17	2.65e-14	3.63e-12	3.20e-10	5.37e-07	5.43e-05	1.53e-03	1.20e-02	6.17e-02	1.33e-01	1.39e-01	1.43e-01	3.78e-01	1.20e-01	1.23e-02
 5.85604e+22	1.93e-26	3.77e-20	1.23e-16	3.45e-14	4.46e-12	3.73e-10	6.35e-07	6.40e-05	1.78e-03	1.36e-02	6.78e-02	1.43e-01	1.44e-01	1.42e-01	3.65e-01	1.12e-01	1.11e-02
 5.86674e+22	2.63e-26	4.95e-20	1.56e-16	4.21e-14	5.22e-12	4.20e-10	7.20e-07	7.25e-05	1.99e-03	1.48e-02	7.26e-02	1.50e-01	1.47e-01	1.42e-01	3.56e-01	1.06e-01	1.02e-02
 5.87767e+22	3.94e-26	7.08e-20	2.13e-16	5.46e-14	6.40e-12	4.89e-10	8.46e-07	8.49e-05	2.29e-03	1.66e-02	7.93e-02	1.59e-01	1.51e-01	1.41e-01	3.43e-01	9.84e-02	9.15e-03
 5.88899e+22	5.48e-26	9.50e-20	2.76e-16	6.75e-14	7.56e-12	5.55e-10	9.63e-07	9.65e-05	2.57e-03	1.82e-02	8.50e-02	1.67e-01	1.55e-01	1.40e-01	3.32e-01	9.25e-02	8.34e-03
 5.90078e+22	8.34e-26	1.38e-19	3.82e-16	8.84e-14	9.35e-12	6.52e-10	1.13e-06	1.13e-04	2.97e-03	2.04e-02	9.26e-02	1.77e-01	1.58e-01	1.38e-01	3.17e-01	8.52e-02	7.40e-03
 5.91284e+22	1.16e-25	1.85e-19	4.94e-16	1.10e-13	1.11e-11	7.41e-10	1.29e-06	1.28e-04	3.32e-03	2.23e-02	9.89e-02	1.85e-01	1.61e-01	1.37e-01	3.06e-01	7.96e-02	6.71e-03
 5.92358e+22	1.60e-25	2.47e-19	6.34e-16	1.35e-13	1.31e-11	8.40e-10	1.46e-06	1.45e-04	3.69e-03	2.42e-02	1.05e-01	1.93e-01	1.64e-01	1.35e-01	2.95e-01	7.45e-02	6.10e-03
 5.93584e+22	2.42e-25	3.55e-19	8.73e-16	1.76e-13	1.61e-11	9.86e-10	1.70e-06	1.68e-04	4.21e-03	2.68e-02	1.13e-01	2.02e-01	1.67e-01	1.32e-01	2.80e-01	6.82e-02	5.37e-03
 5.94828e+22	3.33e-25	4.71e-19	1.12e-15	2.16e-13	1.90e-11	1.12e-09	1.91e-06	1.89e-04	4.66e-03	2.90e-02	1.20e-01	2.10e-01	1.68e-01	1.30e-01	2.69e-01	6.35e-02	4.86e-03
 5.96095e+22	4.99e-25	6.76e-19	1.53e-15	2.82e-13	2.34e-11	1.31e-09	2.22e-06	2.18e-04	5.29e-03	3.20e-02	1.29e-01	2.19e-01	1.70e-01	1.27e-01	2.55e-01	5.79e-02	4.27e-03
 5.97324e+22	6.62e-25	8.70e-19	1.92e-15	3.39e-13	2.72e-11	1.47e-09	2.46e-06	2.41e-04	5.78e-03	3.42e-02	1.35e-01	2.25e-01	1.71e-01	1.25e-01	2.45e-01	5.42e-02	3.89e-03
 5.98507e+22	9.58e-25	1.21e-18	2.55e-15	4.31e-13	3.29e-11	1.71e-09	2.80e-06	2.74e-04	6.46e-03	3.72e-02	1.43e-01	2.33e-01	1.72e-01	1.22e-01	2.32e-01	4.95e-02	3.43e-03
 5.99712e+22	1.26e-24	1.55e-18	3.18e-15	5.19e-13	3.82e-11	1.91e-09	3.10e-06	3.02e-04	7.03e-03	3.97e-02	1.49e-01	2.39e-01	1.73e-01	1.19e-01	2.23e-01	4.62e-02	3.12e-03
 6.00947e+22	1.84e-24	2.17e-18	4.27e-15	6.63e-13	4.64e-11	2.22e-09	3.54e-06	3.42e-04	7.84e-03	4.31e-02	1.58e-01	2.47e-01	1.73e-01	1.16e-01	2.10e-01	4.20e-02	2.74e-03
 6.02199e+22	2.42e-24	2.77e-18	5.30e-15	7.96e-13	5.38e-11	2.50e-09	3.91e-06	3.76e-04	8.50e-03	4.57e-02	1.64e-01	2.52e-01	1.73e-01	1.13e-01	2.01e-01	3.91e-02	2.48e-03
 6.03473e+22	3.51e-24	3.86e-18	7.09e-15	1.02e-12	6.54e-11	2.90e-09	4.44e-06	4.25e-04	9.45e-03	4.95e-02	1.73e-01	2.59e-01	1.73e-01	1.09e-01	1.89e-01	3.54e-02	2.17e-03
 6.04725e+22	4.52e-24	4.84e-18	8.66e-15	1.20e-12	7.50e-11	3.24e-09	4.86e-06	4.63e-04	1.02e-02	5.22e-02	1.79e-01	2.64e-01	1.72e-01	1.07e-01	1.80e-01	3.31e-02	1.97e-03
 6.05949e+22	6.38e-24	6.60e-18	1.14e-14	1.51e-12	9.00e-11	3.73e-09	5.46e-06	5.17e-04	1.12e-02	5.60e-02	1.87e-01	2.69e-01	1.71e-01	1.03e-01	1.70e-01	3.00e-02	1.73e-03
 6.07197e+22	8.25e-24	8.30e-18	1.39e-14	1.79e-12	1.04e-10	4.16e-09	5.99e-06	5.63e-04	1.20e-02	5.90e-02	1.94e-01	2.73e-01	1.70e-01	1.00e-01	1.62e-01	2.79e-02	1.57e-03
 6.08478e+22	1.17e-23	1.13e-17	1.83e-14	2.26e-12	1.25e-10	4.81e-09	6.73e-06	6.28e-04	1.32e-02	6.31e-02	2.02e-01	2.78e-01	1.69e-01	9.64e-02	1.52e-01	2.52e-02	1.37e-03
 6.09783e+22	1.51e-23	1.43e-17	2.25e-14	2.69e-12	1.44e-10	5.38e-09	7.38e-06	6.84e-04	1.42e-02	6.64e-02	2.08e-01	2.82e-01	1.67e-01	9.35e-02	1.44e-01	2.33e-02	1.24e-03
 6.11120e+22	2.15e-23	1.96e-17	2.96e-14	3.39e-12	1.73e-10	6.23e-09	8.29e-06	7.63e-04	1.55e-02	7.09e-02	2.16e-01	2.86e-01	1.65e-01	8.96e-02	1.34e-01	2.10e-02	1.07e-03
 6.12480e+22	2.79e-23	2.48e-17	3.65e-14	4.06e-12	2.01e-10	7.00e-09	9.09e-06	8.30e-04	1.67e-02	7.44e-02	2.22e-01	2.89e-01	1.63e-01	8.66e-02	1.27e-01	1.94e-02	9.64e-04
 6.13871e+22	2.37e-25	3.39e-17	4.82e-14	5.12e-12	2.42e-10	8.12e-09	1.02e-05	9.25e-04	1.82e-02	7.93e-02	2.30e-01	2.92e-01	1.60e-01	8.27e-02	1.18e-01	1.73e-02	8.33e-04
 6.15289e+22	3.13e-25	4.30e-17	5.95e-14	6.14e-12	2.81e-10	9.14e-09	1.12e-05	1.01e-03	1.95e-02	8.32e-02	2.36e-01	2.94e-01	1.58e-01	7.97e-02	1.11e-01	1.59e-02	7.44e-04
 6.16741e+22	4.51e-25	5.90e-17	7.86e-14	7.77e-12	3.41e-10	1.06e-08	1.26e-05	1.12e-03	2.14e-02	8.84e-02	2.44e-01	2.96e-01	1.55e-01	7.58e-02	1.03e-01	1.42e-02	6.40e-04
 6.18159e+22	5.76e-25	7.29e-17	9.50e-14	9.15e-12	3.90e-10	1.19e-08	1.38e-05	1.21e-03	2.27e-02	9.21e-02	2.50e-01	2.98e-01	1.52e-01	7.32e-02	9.77e-02	1.31e-02	5.77e-04
 6.19535e+22	8.13e-25	9.81e-17	1.24e-13	1.14e-11	4.67e-10	1.37e-08	1.54e-05	1.33e-03	2.46e-02	9.73e-02	2.57e-01	2.99e-01	1.49e-01	6.96e-02	9.05e-02	1.17e-02	4.98e-04
 6.20933e+22	1.04e-24	1.21e-16	1.49e-13	1.35e-11	5.35e-10	1.53e-08	1.68e-05	1.44e-03	2.61e-02	1.01e-01	2.62e-01	2.99e-01	1.46e-01	6.70e-02	8.55e-02	1.08e-02	4.48e-04
 6.22360e+22	1.46e-24	1.62e-16	1.93e-13	1.68e-11	6.40e-10	1.76e-08	1.87e-05	1.59e-03	2.83e-02	1.07e-01	2.68e-01	3.00e-01	1.43e-01	6.36e-02	7.91e-02	9.67e-03	3.87e-04
 6.23832e+22	1.92e-24	2.05e-16	2.38e-13	2.00e-11	7.42e-10	1.98e-08	2.05e-05	1.72e-03	3.01e-02	1.11e-01	2.73e-01	3.00e-01	1.39e-01	6.09e-02	7.42e-02	8.82e-03	3.43e-04
 6.25361e+22	2.70e-24	2.75e-16	3.09e-13	2.50e-11	8.92e-10	2.30e-08	2.30e-05	1.90e-03	3.26e-02	1.17e-01	2.80e-01	2.99e-01	1.35e-01	5.75e-02	6.84e-02	7.85e-03	2.95e-04
 6.26941e+22	3.61e-24	3.52e-16	3.85e-13	3.03e-11	1.04e-09	2.61e-08	2.53e-05	2.06e-03	3.48e-02	1.22e-01	2.85e-01	2.98e-01	1.32e-01	5.48e-02	6.37e-02	7.10e-03	2.59e-04
 6.28587e+22	5.15e-24	4.77e-16	5.05e-13	3.82e-11	1.27e-09	3.05e-08	2.86e-05	2.29e-03	3.77e-02	1.28e-01	2.91e-01	2.97e-01	1.27e-01	5.15e-02	5.83e-02	6.26e-03	2.20e-04
 6.30279e+22	5.09e-24	6.16e-16	6.34e-13	4.65e-11	1.49e-09	3.47e-08	3.16e-05	2.49e-03	4.03e-02	1.34e-01	2.96e-01	2.95e-01	1.24e-01	4.88e-02	5.40e-02	5.63e-03	1.92e-04
 6.32030e+22	7.36e-24	8.44e-16	8.40e-13	5.93e-11	1.82e-09	4.09e-08	3.59e-05	2.77e-03	4.37e-02	1.41e-01	3.01e-01	2.93e-01	1.19e-01	4.56e-02	4.91e-02	4.92e-03	1.62e-04
 6.33839e+22	1.01e-23	1.10e-15	1.07e-12	7.28e-11	2.17e-09	4.70e-08	3.99e-05	3.03e-03	4.68e-02	1.47e-01	3.06e-01	2.90e-01	1.15e-01	4.30e-02	4.52e-02	4.39e-03	1.40e-04
 6.35726e+22	1.48e-23	1.53e-15	1.43e-12	9.40e-11	2.68e-09	5.59e-08	4.56e-05	3.38e-03	5.09e-02	1.54e-01	3.11e-01	2.86e-01	1.10e-01	3.99e-02	4.08e-02	3.80e-03	1.16e-04
 6.37658e+22	2.05e-23	2.02e-15	1.83e-12	1.16e-10	3.20e-09	6.45e-08	5.09e-05	3.70e-03	5.45e-02	1.61e-01	3.14e-01	2.83e-01	1.06e-01	3.74e-02	3.73e-02	3.36e-03	9.95e-05
 6.39390e+22	2.78e-23	2.62e-15	2.31e-12	1.43e-10	3.80e-09	7.42e-08	5.66e-05	4.04e-03	5.81e-02	1.67e-01	3.18e-01	2.79e-01	1.01e-01	3.51e-02	3.43e-02	2.99e-03	8.57e-05
 6.41380e+22	4.22e-23	3.73e-15	3.17e-12	1.87e-10	4.76e-09	8.90e-08	6.50e-05	4.53e-03	6.32e-02	1.75e-01	3.22e-01	2.74e-01	9.62e-02	3.22e-02	3.05e-02	2.55e-03	6.98e-05
 6.43383e+22	5.72e-23	4.83e-15	4.00e-12	2.29e-10	5.64e-09	1.02e-07	7.24e-05	4.93e-03	6.73e-02	1.81e-01	3.24e-01	2.69e-01	9.22e-02	3.02e-02	2.79e-02	2.26e-03	6.00e-05
 6.45401e+22	8.61e-23	6.83e-15	5.46e-12	2.99e-10	7.04e-09	1.22e-07	8.30e-05	5.51e-03	7.29e-02	1.90e-01	3.27e-01	2.63e-01	8.71e-02	2.76e-02	2.48e-02	1.92e-03	4.88e-05
 6.47463e+22	1.20e-22	9.02e-15	7.01e-12	3.71e-10	8.44e-09	1.42e-07	9.28e-05	6.02e-03	7.78e-02	1.96e-01	3.29e-01	2.58e-01	8.30e-02	2.57e-02	2.25e-02	1.68e-03	4.13e-05
 6.49580e+22	1.82e-22	1.29e-14	9.64e-12	4.89e-10	1.06e-08	1.71e-07	1.07e-04	6.74e-03	8.43e-02	2.05e-01	3.30e-01	2.51e-01	7.79e-02	2.34e-02	1.98e-02	1.42e-03	3.33e-05
 6.51729e+22	2.56e-22	1.72e-14	1.25e-11	6.11e-10	1.28e-08	1.99e-07	1.20e-04	7.38e-03	8.99e-02	2.12e-01	3.31e-01	2.45e-01	7.39e-02	2.16e-02	1.79e-02	1.23e-03	2.79e-05
 6.53921e+22	3.98e-22	2.50e-14	1.74e-11	8.15e-10	1.62e-08	2.41e-07	1.38e-04	8.27e-03	9.74e-02	2.21e-01	3.31e-01	2.37e-01	6.88e-02	1.95e-02	1.56e-02	1.02e-03	2.21e-05
 6.55993e+22	5.33e-22	3.21e-14	2.17e-11	9.86e-10	1.90e-08	2.74e-07	1.53e-04	8.93e-03	1.03e-01	2.26e-01	3.31e-01	2.32e-01	6.56e-02	1.82e-02	1.42e-02	9.03e-04	1.89e-05
 6.57909e+22	7.88e-22	4.47e-14	2.92e-11	1.27e-09	2.35e-08	3.25e-07	1.73e-04	9.86e-03	1.10e-01	2.34e-01	3.30e-01	2.25e-01	6.15e-02	1.65e-02	1.26e-02	7.64e-04	1.53e-05
 6.59841e+22	1.06e-21	5.72e-14	3.65e-11	1.54e-09	2.76e-08	3.71e-07	1.91e-04	1.06e-02	1.16e-01	2.40e-01	3.29e-01	2.19e-01	5.84e-02	1.54e-02	1.14e-02	6.72e-04	1.30e-05
 6.61792e+22	1.58e-21	8.05e-14	4.94e-11	2.00e-09	3.42e-08	4.41e-07	2.17e-04	1.17e-02	1.24e-01	2.47e-01	3.27e-01	2.11e-01	5.44e-02	1.39e-02	1.00e-02	5.64e-04	1.05e-05
 6.63762e+22	2.14e-21	1.04e-13	6.22e-11	2.43e-09	4.03e-08	5.05e-07	2.40e-04	1.27e-02	1.30e-01	2.52e-01	3.25e-01	2.05e-01	5.15e-02	1.29e-02	9.05e-03	4.92e-04	8.83e-06
 6.65756e+22	3.23e-21	1.48e-13	8.48e-11	3.17e-09	5.02e-08	6.04e-07	2.74e-04	1.40e-02	1.39e-01	2.60e-01	3.22e-01	1.97e-01	4.78e-02	1.16e-02	7.89e-03	4.10e-04	7.02e-06
 6.67776e+22	4.44e-21	1.93e-13	1.08e-10	3.90e-09	5.96e-08	6.95e-07	3.03e-04	1.52e-02	1.47e-01	2.65e-01	3.19e-01	1.91e-01	4.50e-02	1.07e-02	7.08e-03	3.55e-04	5.86e-06
 6.69832e+22	6.81e-21	2.78e-13	1.49e-10	5.14e-09	7.50e-08	8.38e-07	3.48e-04	1.68e-02	1.57e-01	2.72e-01	3.15e-01	1.82e-01	4.14e-02	9.56e-03	6.12e-03	2.92e-04	4.59e-06
 6.71917e+22	9.46e-21	3.67e-13	1.90e-10	6.36e-09	8.96e-08	9.70e-07	3.87e-04	1.82e-02	1.65e-01	2.77e-01	3.11e-01	1.76e-01	3.88e-02	8.75e-03	5.45e-03	2.50e-04	3.80e-06
 6.74039e+22	1.47e-20	5.32e-13	2.65e-10	8.45e-09	1.14e-07	1.18e-06	4.47e-04	2.03e-02	1.76e-01	2.83e-01	3.05e-01	1.67e-01	3.55e-02	7.77e-03	4.67e-03	2.04e-04	2.93e-06
 6.76207e+22	2.10e-20	7.18e-13	3.45e-10	1.06e-08	1.38e-07	1.38e-06	5.02e-04	2.21e-02	1.86e-01	2.87e-01	3.00e-01	1.60e-01	3.30e-02	7.05e-03	4.11e-03	1.72e-04	2.38e-06
 6.78437e+22	3.35e-20	1.06e-12	4.89e-10	1.43e-08	1.77e-07	1.70e-06	5.85e-04	2.47e-02	1.98e-01	2.93e-01	2.92e-01	1.51e-01	2.99e-02	6.19e-03	3.47e-03	1.37e-04	1.80e-06
 6.80698e+22	4.85e-20	1.44e-12	6.44e-10	1.82e-08	2.17e-07	2.01e-06	6.61e-04	2.70e-02	2.09e-01	2.97e-01	2.86e-01	1.44e-01	2.75e-02	5.57e-03	3.03e-03	1.15e-04	1.44e-06
 6.82940e+22	7.72e-20	2.12e-12	9.06e-10	2.45e-08	2.79e-07	2.49e-06	7.71e-04	3.02e-02	2.22e-01	3.01e-01	2.78e-01	1.35e-01	2.48e-02	4.87e-03	2.55e-03	9.13e-05	1.08e-06
 6.85079e+22	1.08e-19	2.78e-12	1.16e-09	3.03e-08	3.34e-07	2.90e-06	8.63e-04	3.28e-02	2.32e-01	3.04e-01	2.71e-01	1.29e-01	2.30e-02	4.42e-03	2.24e-03	7.73e-05	8.82e-07
 6.87148e+22	1.69e-19	3.98e-12	1.60e-09	4.02e-08	4.25e-07	3.55e-06	1.00e-03	3.65e-02	2.46e-01	3.06e-01	2.62e-01	1.21e-01	2.07e-02	3.87e-03	1.89e-03	6.18e-05	6.68e-07
