#depth	N	N+	N+2	N+3	N+4	N+5	N+6	N+7
 4.62852e+21	0.00e+00	0.00e+00	6.71e-28	1.01e-21	5.09e-16	7.00e-10	5.45e-05	1.00e+00
 1.05216e+22	0.00e+00	0.00e+00	3.90e-27	4.08e-21	1.52e-15	1.45e-09	7.83e-05	1.00e+00
 1.26211e+22	0.00e+00	0.00e+00	1.28e-26	1.06e-20	3.11e-15	2.33e-09	9.92e-05	1.00e+00
 1.41239e+22	0.00e+00	0.00e+00	3.29e-26	2.26e-20	5.52e-15	3.40e-09	1.20e-04	1.00e+00
 1.50910e+22	0.00e+00	0.00e+00	4.98e-26	3.15e-20	7.10e-15	4.02e-09	1.30e-04	1.00e+00
 1.57791e+22	0.00e+00	0.00e+00	8.73e-26	4.94e-20	9.97e-15	5.03e-09	1.45e-04	1.00e+00
 1.63890e+22	0.00e+00	2.26e-32	1.17e-25	6.27e-20	1.19e-14	5.67e-09	1.54e-04	1.00e+00
 1.68972e+22	0.00e+00	3.63e-32	1.75e-25	8.64e-20	1.52e-14	6.65e-09	1.67e-04	1.00e+00
 1.74245e+22	0.00e+00	5.51e-32	2.48e-25	1.14e-19	1.88e-14	7.64e-09	1.79e-04	1.00e+00
 1.78991e+22	0.00e+00	8.19e-32	3.45e-25	1.49e-19	2.30e-14	8.73e-09	1.91e-04	1.00e+00
 1.84386e+22	0.00e+00	1.39e-31	5.37e-25	2.13e-19	3.01e-14	1.04e-08	2.09e-04	1.00e+00
 1.89709e+22	0.00e+00	1.99e-31	7.25e-25	2.71e-19	3.61e-14	1.18e-08	2.22e-04	1.00e+00
 1.94936e+22	0.00e+00	3.25e-31	1.09e-24	3.77e-19	4.64e-14	1.39e-08	2.40e-04	1.00e+00
 2.00339e+22	0.00e+00	4.96e-31	1.55e-24	5.01e-19	5.75e-14	1.60e-08	2.58e-04	1.00e+00
 2.05134e+22	0.00e+00	7.37e-31	2.17e-24	6.54e-19	7.05e-14	1.83e-08	2.75e-04	1.00e+00
 2.10529e+22	0.00e+00	1.25e-30	3.36e-24	9.33e-19	9.22e-14	2.18e-08	3.01e-04	1.00e+00
 2.15918e+22	0.00e+00	1.80e-30	4.57e-24	1.19e-18	1.11e-13	2.47e-08	3.19e-04	1.00e+00
 2.21297e+22	0.00e+00	3.06e-30	7.13e-24	1.71e-18	1.46e-13	2.95e-08	3.49e-04	1.00e+00
 2.26623e+22	0.00e+00	4.38e-30	9.64e-24	2.18e-18	1.76e-13	3.33e-08	3.71e-04	1.00e+00
 2.31005e+22	0.00e+00	6.21e-30	1.29e-23	2.76e-18	2.11e-13	3.75e-08	3.93e-04	1.00e+00
 2.35123e+22	0.00e+00	8.65e-30	1.70e-23	3.48e-18	2.51e-13	4.21e-08	4.16e-04	1.00e+00
 2.39157e+22	0.00e+00	1.21e-29	2.25e-23	4.37e-18	2.98e-13	4.71e-08	4.39e-04	1.00e+00
 2.43178e+22	0.00e+00	1.69e-29	2.98e-23	5.48e-18	3.54e-13	5.27e-08	4.64e-04	1.00e+00
 2.47192e+22	0.00e+00	2.35e-29	3.93e-23	6.86e-18	4.21e-13	5.90e-08	4.91e-04	1.00e+00
 2.51806e+22	0.00e+00	3.60e-29	5.63e-23	9.16e-18	5.25e-13	6.82e-08	5.26e-04	9.99e-01
 2.56463e+22	0.00e+00	5.07e-29	7.50e-23	1.16e-17	6.27e-13	7.65e-08	5.57e-04	9.99e-01
 2.60510e+22	0.00e+00	7.06e-29	9.90e-23	1.45e-17	7.45e-13	8.57e-08	5.89e-04	9.99e-01
 2.65106e+22	0.00e+00	1.10e-28	1.43e-22	1.95e-17	9.36e-13	9.94e-08	6.33e-04	9.99e-01
 2.69679e+22	0.00e+00	1.51e-28	1.87e-22	2.42e-17	1.10e-12	1.11e-07	6.68e-04	9.99e-01
 2.73367e+22	0.00e+00	2.02e-28	2.39e-22	2.96e-17	1.29e-12	1.22e-07	7.01e-04	9.99e-01
 2.76748e+22	0.00e+00	2.67e-28	3.02e-22	3.57e-17	1.49e-12	1.34e-07	7.34e-04	9.99e-01
 2.80588e+22	0.00e+00	3.76e-28	4.03e-22	4.52e-17	1.78e-12	1.51e-07	7.77e-04	9.99e-01
 2.84569e+22	0.00e+00	5.09e-28	5.20e-22	5.56e-17	2.09e-12	1.68e-07	8.17e-04	9.99e-01
 2.88044e+22	0.00e+00	6.72e-28	6.57e-22	6.71e-17	2.41e-12	1.84e-07	8.56e-04	9.99e-01
 2.91871e+22	0.00e+00	9.36e-28	8.69e-22	8.43e-17	2.87e-12	2.06e-07	9.04e-04	9.99e-01
 2.95891e+22	0.00e+00	1.28e-27	1.13e-21	1.04e-16	3.38e-12	2.30e-07	9.53e-04	9.99e-01
 2.99451e+22	0.00e+00	1.71e-27	1.44e-21	1.27e-16	3.94e-12	2.53e-07	9.99e-04	9.99e-01
 3.02813e+22	0.00e+00	2.25e-27	1.82e-21	1.53e-16	4.54e-12	2.78e-07	1.05e-03	9.99e-01
 3.06629e+22	0.00e+00	3.15e-27	2.41e-21	1.93e-16	5.43e-12	3.13e-07	1.11e-03	9.99e-01
 3.10303e+22	0.00e+00	4.09e-27	3.00e-21	2.31e-16	6.23e-12	3.42e-07	1.16e-03	9.99e-01
 3.13229e+22	0.00e+00	5.18e-27	3.66e-21	2.71e-16	7.05e-12	3.71e-07	1.20e-03	9.99e-01
 3.16469e+22	0.00e+00	6.83e-27	4.62e-21	3.29e-16	8.18e-12	4.08e-07	1.26e-03	9.99e-01
 3.19950e+22	0.00e+00	9.00e-27	5.83e-21	3.97e-16	9.45e-12	4.48e-07	1.32e-03	9.99e-01
 3.23035e+22	0.00e+00	1.14e-26	7.12e-21	4.67e-16	1.07e-11	4.86e-07	1.37e-03	9.99e-01
 3.26336e+22	0.00e+00	1.51e-26	9.04e-21	5.67e-16	1.25e-11	5.36e-07	1.44e-03	9.99e-01
 3.29823e+22	0.00e+00	1.99e-26	1.14e-20	6.83e-16	1.44e-11	5.88e-07	1.50e-03	9.98e-01
 3.32914e+22	0.00e+00	2.54e-26	1.40e-20	8.08e-16	1.64e-11	6.40e-07	1.57e-03	9.98e-01
 3.35829e+22	0.00e+00	3.23e-26	1.71e-20	9.51e-16	1.85e-11	6.95e-07	1.63e-03	9.98e-01
 3.38562e+22	1.96e-33	3.98e-26	2.04e-20	1.10e-15	2.07e-11	7.48e-07	1.69e-03	9.98e-01
 3.41523e+22	2.62e-33	5.10e-26	2.51e-20	1.31e-15	2.37e-11	8.15e-07	1.76e-03	9.98e-01
 3.44662e+22	3.48e-33	6.52e-26	3.08e-20	1.54e-15	2.69e-11	8.86e-07	1.83e-03	9.98e-01
 3.47422e+22	4.47e-33	8.10e-26	3.70e-20	1.79e-15	3.02e-11	9.55e-07	1.90e-03	9.98e-01
 3.50398e+22	6.02e-33	1.05e-25	4.59e-20	2.14e-15	3.47e-11	1.04e-06	1.98e-03	9.98e-01
 3.53544e+22	7.99e-33	1.34e-25	5.64e-20	2.52e-15	3.94e-11	1.14e-06	2.07e-03	9.98e-01
 3.56282e+22	1.03e-32	1.66e-25	6.76e-20	2.93e-15	4.41e-11	1.22e-06	2.14e-03	9.98e-01
 3.59213e+22	1.37e-32	2.12e-25	8.34e-20	3.48e-15	5.05e-11	1.34e-06	2.23e-03	9.98e-01
 3.62320e+22	1.81e-32	2.70e-25	1.02e-19	4.10e-15	5.73e-11	1.45e-06	2.33e-03	9.98e-01
 3.65083e+22	2.33e-32	3.36e-25	1.23e-19	4.76e-15	6.43e-11	1.56e-06	2.41e-03	9.98e-01
 3.67560e+22	2.93e-32	4.09e-25	1.45e-19	5.44e-15	7.13e-11	1.67e-06	2.49e-03	9.98e-01
 3.69881e+22	3.62e-32	4.91e-25	1.69e-19	6.17e-15	7.86e-11	1.78e-06	2.57e-03	9.97e-01
 3.72543e+22	4.68e-32	6.12e-25	2.03e-19	7.19e-15	8.86e-11	1.93e-06	2.67e-03	9.97e-01
 3.75402e+22	6.05e-32	7.63e-25	2.45e-19	8.37e-15	9.95e-11	2.08e-06	2.77e-03	9.97e-01
 3.77986e+22	7.68e-32	9.38e-25	2.91e-19	9.63e-15	1.11e-10	2.24e-06	2.87e-03	9.97e-01
 3.80434e+22	9.66e-32	1.14e-24	3.43e-19	1.10e-14	1.23e-10	2.40e-06	2.97e-03	9.97e-01
 3.82847e+22	1.21e-31	1.38e-24	4.04e-19	1.26e-14	1.36e-10	2.56e-06	3.06e-03	9.97e-01
 3.85593e+22	1.57e-31	1.74e-24	4.90e-19	1.48e-14	1.54e-10	2.78e-06	3.18e-03	9.97e-01
 3.88468e+22	2.04e-31	2.17e-24	5.90e-19	1.72e-14	1.73e-10	3.00e-06	3.31e-03	9.97e-01
 3.90963e+22	2.56e-31	2.64e-24	6.95e-19	1.96e-14	1.92e-10	3.21e-06	3.42e-03	9.97e-01
 3.93656e+22	3.34e-31	3.32e-24	8.44e-19	2.30e-14	2.18e-10	3.48e-06	3.55e-03	9.96e-01
 3.96519e+22	4.32e-31	4.14e-24	1.01e-18	2.67e-14	2.44e-10	3.76e-06	3.69e-03	9.96e-01
 3.98973e+22	5.39e-31	5.01e-24	1.19e-18	3.04e-14	2.70e-10	4.02e-06	3.81e-03	9.96e-01
 4.01187e+22	6.59e-31	5.95e-24	1.38e-18	3.43e-14	2.96e-10	4.27e-06	3.93e-03	9.96e-01
 4.03721e+22	8.42e-31	7.36e-24	1.64e-18	3.97e-14	3.32e-10	4.60e-06	4.07e-03	9.96e-01
 4.06462e+22	1.08e-30	9.10e-24	1.96e-18	4.58e-14	3.71e-10	4.96e-06	4.22e-03	9.96e-01
 4.08972e+22	1.36e-30	1.11e-23	2.32e-18	5.25e-14	4.11e-10	5.31e-06	4.37e-03	9.96e-01
 4.11736e+22	1.79e-30	1.40e-23	2.83e-18	6.17e-14	4.67e-10	5.77e-06	4.55e-03	9.95e-01
 4.14497e+22	2.28e-30	1.73e-23	3.36e-18	7.10e-14	5.19e-10	6.21e-06	4.71e-03	9.95e-01
 4.16753e+22	2.81e-30	2.06e-23	3.90e-18	8.02e-14	5.70e-10	6.61e-06	4.86e-03	9.95e-01
 4.19184e+22	3.56e-30	2.54e-23	4.64e-18	9.23e-14	6.36e-10	7.11e-06	5.04e-03	9.95e-01
 4.21837e+22	4.54e-30	3.12e-23	5.52e-18	1.06e-13	7.08e-10	7.64e-06	5.22e-03	9.95e-01
 4.24311e+22	5.69e-30	3.78e-23	6.48e-18	1.21e-13	7.82e-10	8.18e-06	5.40e-03	9.95e-01
 4.27056e+22	7.46e-30	4.77e-23	7.87e-18	1.42e-13	8.85e-10	8.88e-06	5.62e-03	9.94e-01
 4.29800e+22	9.51e-30	5.87e-23	9.35e-18	1.63e-13	9.83e-10	9.54e-06	5.83e-03	9.94e-01
 4.32045e+22	1.17e-29	7.02e-23	1.09e-17	1.84e-13	1.08e-09	1.02e-05	6.01e-03	9.94e-01
 4.34469e+22	1.49e-29	8.63e-23	1.29e-17	2.12e-13	1.20e-09	1.09e-05	6.24e-03	9.94e-01
 4.37090e+22	1.91e-29	1.06e-22	1.53e-17	2.43e-13	1.33e-09	1.17e-05	6.47e-03	9.94e-01
 4.39491e+22	2.37e-29	1.28e-22	1.79e-17	2.76e-13	1.47e-09	1.25e-05	6.68e-03	9.93e-01
 4.42136e+22	3.14e-29	1.63e-22	2.18e-17	3.23e-13	1.65e-09	1.36e-05	6.97e-03	9.93e-01
 4.44723e+22	3.93e-29	1.96e-22	2.55e-17	3.66e-13	1.81e-09	1.46e-05	7.21e-03	9.93e-01
 4.46870e+22	4.83e-29	2.34e-22	2.95e-17	4.11e-13	1.98e-09	1.55e-05	7.44e-03	9.93e-01
 4.49293e+22	6.16e-29	2.88e-22	3.50e-17	4.73e-13	2.20e-09	1.66e-05	7.72e-03	9.92e-01
 4.51889e+22	7.94e-29	3.56e-22	4.17e-17	5.43e-13	2.44e-09	1.79e-05	8.02e-03	9.92e-01
 4.54197e+22	9.81e-29	4.26e-22	4.84e-17	6.12e-13	2.66e-09	1.91e-05	8.28e-03	9.92e-01
 4.56684e+22	1.28e-28	5.33e-22	5.81e-17	7.08e-13	2.96e-09	2.06e-05	8.62e-03	9.91e-01
 4.59203e+22	1.61e-28	6.48e-22	6.82e-17	8.04e-13	3.26e-09	2.20e-05	8.93e-03	9.91e-01
 4.61335e+22	1.99e-28	7.75e-22	7.89e-17	9.01e-13	3.54e-09	2.34e-05	9.22e-03	9.91e-01
 4.63677e+22	2.55e-28	9.54e-22	9.37e-17	1.03e-12	3.92e-09	2.51e-05	9.58e-03	9.90e-01
 4.66164e+22	3.29e-28	1.18e-21	1.11e-16	1.18e-12	4.31e-09	2.70e-05	9.96e-03	9.90e-01
 4.68338e+22	4.04e-28	1.40e-21	1.28e-16	1.32e-12	4.68e-09	2.87e-05	1.03e-02	9.90e-01
 4.70664e+22	5.24e-28	1.75e-21	1.53e-16	1.52e-12	5.18e-09	3.09e-05	1.07e-02	9.89e-01
 4.73015e+22	6.58e-28	2.11e-21	1.79e-16	1.71e-12	5.63e-09	3.29e-05	1.11e-02	9.89e-01
 4.75023e+22	8.05e-28	2.50e-21	2.05e-16	1.91e-12	6.08e-09	3.48e-05	1.14e-02	9.89e-01
 4.77256e+22	1.04e-27	3.10e-21	2.44e-16	2.18e-12	6.70e-09	3.74e-05	1.19e-02	9.88e-01
 4.79569e+22	1.31e-27	3.75e-21	2.85e-16	2.46e-12	7.29e-09	3.99e-05	1.23e-02	9.88e-01
 4.81626e+22	1.63e-27	4.51e-21	3.31e-16	2.76e-12	7.89e-09	4.24e-05	1.27e-02	9.87e-01
 4.83941e+22	2.15e-27	5.68e-21	3.98e-16	3.19e-12	8.72e-09	4.58e-05	1.33e-02	9.87e-01
 4.86228e+22	2.68e-27	6.81e-21	4.61e-16	3.57e-12	9.46e-09	4.87e-05	1.37e-02	9.86e-01
 4.88177e+22	3.34e-27	8.19e-21	5.35e-16	4.00e-12	1.02e-08	5.17e-05	1.42e-02	9.86e-01
 4.90089e+22	4.11e-27	9.73e-21	6.14e-16	4.45e-12	1.10e-08	5.48e-05	1.47e-02	9.85e-01
 4.92253e+22	5.32e-27	1.20e-20	7.30e-16	5.08e-12	1.21e-08	5.88e-05	1.52e-02	9.85e-01
 4.94506e+22	6.75e-27	1.47e-20	8.56e-16	5.73e-12	1.31e-08	6.28e-05	1.58e-02	9.84e-01
 4.96495e+22	8.45e-27	1.77e-20	9.93e-16	6.42e-12	1.42e-08	6.67e-05	1.64e-02	9.84e-01
 4.98359e+22	1.04e-26	2.10e-20	1.14e-15	7.15e-12	1.52e-08	7.07e-05	1.69e-02	9.83e-01
 5.00439e+22	1.34e-26	2.60e-20	1.35e-15	8.12e-12	1.66e-08	7.57e-05	1.75e-02	9.82e-01
 5.02621e+22	1.71e-26	3.17e-20	1.59e-15	9.18e-12	1.81e-08	8.09e-05	1.82e-02	9.82e-01
 5.04554e+22	2.13e-26	3.81e-20	1.84e-15	1.03e-11	1.95e-08	8.59e-05	1.88e-02	9.81e-01
 5.06687e+22	2.81e-26	4.78e-20	2.21e-15	1.18e-11	2.14e-08	9.26e-05	1.96e-02	9.80e-01
 5.08851e+22	3.56e-26	5.82e-20	2.58e-15	1.33e-11	2.32e-08	9.87e-05	2.03e-02	9.80e-01
 5.10722e+22	4.45e-26	7.01e-20	3.00e-15	1.49e-11	2.50e-08	1.05e-04	2.10e-02	9.79e-01
 5.12821e+22	5.92e-26	8.87e-20	3.62e-15	1.72e-11	2.76e-08	1.13e-04	2.19e-02	9.78e-01
 5.14924e+22	7.40e-26	1.07e-19	4.20e-15	1.93e-11	2.98e-08	1.20e-04	2.27e-02	9.77e-01
 5.17031e+22	9.90e-26	1.36e-19	5.10e-15	2.23e-11	3.28e-08	1.30e-04	2.37e-02	9.76e-01
 5.19164e+22	1.25e-25	1.65e-19	5.96e-15	2.51e-11	3.56e-08	1.39e-04	2.45e-02	9.75e-01
 5.21331e+22	1.68e-25	2.11e-19	7.25e-15	2.92e-11	3.94e-08	1.50e-04	2.56e-02	9.74e-01
 5.23564e+22	2.20e-25	2.64e-19	8.67e-15	3.34e-11	4.31e-08	1.61e-04	2.66e-02	9.73e-01
 5.25452e+22	2.76e-25	3.18e-19	1.01e-14	3.75e-11	4.65e-08	1.72e-04	2.75e-02	9.72e-01
 5.27473e+22	3.69e-25	4.05e-19	1.22e-14	4.34e-11	5.14e-08	1.85e-04	2.87e-02	9.71e-01
 5.29511e+22	4.71e-25	4.96e-19	1.44e-14	4.91e-11	5.58e-08	1.98e-04	2.97e-02	9.70e-01
 5.31274e+22	5.90e-25	5.98e-19	1.67e-14	5.51e-11	6.03e-08	2.10e-04	3.06e-02	9.69e-01
 5.32931e+22	7.38e-25	7.20e-19	1.94e-14	6.17e-11	6.50e-08	2.23e-04	3.16e-02	9.68e-01
 5.34464e+22	9.01e-25	8.50e-19	2.22e-14	6.84e-11	6.96e-08	2.35e-04	3.25e-02	9.67e-01
 5.35885e+22	1.09e-24	1.00e-18	2.53e-14	7.54e-11	7.43e-08	2.47e-04	3.34e-02	9.66e-01
 5.37214e+22	1.33e-24	1.17e-18	2.88e-14	8.32e-11	7.93e-08	2.60e-04	3.43e-02	9.65e-01
 5.38508e+22	1.59e-24	1.36e-18	3.25e-14	9.13e-11	8.43e-08	2.72e-04	3.52e-02	9.65e-01
 5.39770e+22	1.90e-24	1.58e-18	3.67e-14	1.00e-10	8.96e-08	2.85e-04	3.60e-02	9.64e-01
 5.41005e+22	2.28e-24	1.84e-18	4.14e-14	1.10e-10	9.53e-08	2.99e-04	3.69e-02	9.63e-01
 5.42235e+22	2.73e-24	2.14e-18	4.68e-14	1.20e-10	1.01e-07	3.14e-04	3.78e-02	9.62e-01
 5.43465e+22	3.28e-24	2.50e-18	5.30e-14	1.32e-10	1.08e-07	3.29e-04	3.88e-02	9.61e-01
 5.44643e+22	3.92e-24	2.90e-18	5.97e-14	1.45e-10	1.15e-07	3.44e-04	3.97e-02	9.60e-01
 5.45757e+22	4.68e-24	3.36e-18	6.73e-14	1.59e-10	1.22e-07	3.60e-04	4.06e-02	9.59e-01
 5.46858e+22	5.56e-24	3.88e-18	7.56e-14	1.73e-10	1.29e-07	3.76e-04	4.16e-02	9.58e-01
 5.48122e+22	6.90e-24	4.65e-18	8.76e-14	1.94e-10	1.39e-07	3.97e-04	4.28e-02	9.57e-01
 5.49417e+22	8.44e-24	5.50e-18	1.00e-13	2.15e-10	1.49e-07	4.18e-04	4.39e-02	9.56e-01
 5.50530e+22	1.01e-23	6.39e-18	1.13e-13	2.36e-10	1.59e-07	4.37e-04	4.49e-02	9.55e-01
 5.51559e+22	1.20e-23	7.37e-18	1.27e-13	2.58e-10	1.68e-07	4.56e-04	4.59e-02	9.54e-01
 5.52553e+22	1.42e-23	8.51e-18	1.43e-13	2.82e-10	1.79e-07	4.76e-04	4.69e-02	9.53e-01
 5.53696e+22	1.77e-23	1.02e-17	1.66e-13	3.15e-10	1.93e-07	5.02e-04	4.82e-02	9.51e-01
 5.54852e+22	2.15e-23	1.20e-17	1.90e-13	3.49e-10	2.06e-07	5.26e-04	4.93e-02	9.50e-01
 5.55837e+22	2.56e-23	1.39e-17	2.14e-13	3.82e-10	2.19e-07	5.49e-04	5.04e-02	9.49e-01
 5.56928e+22	3.20e-23	1.69e-17	2.49e-13	4.30e-10	2.37e-07	5.80e-04	5.18e-02	9.48e-01
 5.58052e+22	3.92e-23	2.00e-17	2.86e-13	4.78e-10	2.54e-07	6.09e-04	5.30e-02	9.46e-01
 5.59047e+22	4.75e-23	2.35e-17	3.27e-13	5.28e-10	2.71e-07	6.38e-04	5.43e-02	9.45e-01
 5.60169e+22	6.12e-23	2.91e-17	3.89e-13	6.03e-10	2.96e-07	6.77e-04	5.59e-02	9.43e-01
 5.61261e+22	7.40e-23	3.41e-17	4.43e-13	6.66e-10	3.17e-07	7.08e-04	5.72e-02	9.42e-01
 5.62314e+22	9.60e-23	4.25e-17	5.30e-13	7.64e-10	3.46e-07	7.52e-04	5.89e-02	9.40e-01
 5.63365e+22	1.15e-22	4.96e-17	6.02e-13	8.41e-10	3.70e-07	7.86e-04	6.01e-02	9.39e-01
 5.64412e+22	1.52e-22	6.27e-17	7.29e-13	9.73e-10	4.07e-07	8.37e-04	6.20e-02	9.37e-01
 5.65427e+22	1.82e-22	7.31e-17	8.25e-13	1.07e-09	4.34e-07	8.73e-04	6.33e-02	9.36e-01
 5.66399e+22	2.38e-22	9.16e-17	9.93e-13	1.23e-09	4.76e-07	9.28e-04	6.52e-02	9.34e-01
 5.67379e+22	2.88e-22	1.08e-16	1.13e-12	1.36e-09	5.10e-07	9.70e-04	6.66e-02	9.32e-01
 5.68367e+22	3.82e-22	1.37e-16	1.38e-12	1.58e-09	5.63e-07	1.03e-03	6.87e-02	9.30e-01
 5.69359e+22	4.68e-22	1.63e-16	1.59e-12	1.76e-09	6.05e-07	1.08e-03	7.02e-02	9.29e-01
 5.70353e+22	6.30e-22	2.10e-16	1.96e-12	2.06e-09	6.71e-07	1.16e-03	7.25e-02	9.26e-01
 5.71353e+22	7.80e-22	2.51e-16	2.27e-12	2.31e-09	7.25e-07	1.21e-03	7.42e-02	9.25e-01
 5.72362e+22	1.05e-21	3.23e-16	2.79e-12	2.71e-09	8.04e-07	1.30e-03	7.66e-02	9.22e-01
 5.73361e+22	1.31e-21	3.90e-16	3.26e-12	3.05e-09	8.71e-07	1.36e-03	7.84e-02	9.20e-01
 5.74349e+22	1.77e-21	5.04e-16	4.02e-12	3.58e-09	9.68e-07	1.46e-03	8.09e-02	9.18e-01
 5.75352e+22	2.24e-21	6.17e-16	4.75e-12	4.06e-09	1.05e-06	1.53e-03	8.29e-02	9.16e-01
 5.76375e+22	3.07e-21	8.08e-16	5.93e-12	4.81e-09	1.18e-06	1.64e-03	8.57e-02	9.13e-01
 5.77409e+22	3.94e-21	9.98e-16	7.06e-12	5.49e-09	1.29e-06	1.74e-03	8.80e-02	9.10e-01
 5.78460e+22	5.47e-21	1.32e-15	8.90e-12	6.55e-09	1.45e-06	1.87e-03	9.10e-02	9.07e-01
 5.79516e+22	7.03e-21	1.64e-15	1.06e-11	7.49e-09	1.59e-06	1.98e-03	9.34e-02	9.05e-01
 5.80427e+22	9.01e-21	2.02e-15	1.27e-11	8.56e-09	1.73e-06	2.09e-03	9.59e-02	9.02e-01
 5.81458e+22	1.25e-20	2.68e-15	1.59e-11	1.02e-08	1.95e-06	2.24e-03	9.92e-02	8.99e-01
 5.82488e+22	1.58e-20	3.27e-15	1.88e-11	1.16e-08	2.12e-06	2.36e-03	1.02e-01	8.96e-01
 5.83515e+22	2.18e-20	4.31e-15	2.36e-11	1.38e-08	2.38e-06	2.54e-03	1.05e-01	8.92e-01
 5.84552e+22	2.75e-20	5.26e-15	2.78e-11	1.56e-08	2.60e-06	2.68e-03	1.08e-01	8.90e-01
 5.85604e+22	3.79e-20	6.93e-15	3.49e-11	1.86e-08	2.92e-06	2.88e-03	1.11e-01	8.86e-01
 5.86674e+22	4.80e-20	8.47e-15	4.13e-11	2.11e-08	3.18e-06	3.03e-03	1.14e-01	8.83e-01
 5.87767e+22	6.55e-20	1.11e-14	5.15e-11	2.50e-08	3.57e-06	3.26e-03	1.18e-01	8.79e-01
 5.88899e+22	8.45e-20	1.37e-14	6.16e-11	2.87e-08	3.92e-06	3.45e-03	1.21e-01	8.75e-01
 5.90078e+22	1.17e-19	1.81e-14	7.75e-11	3.42e-08	4.41e-06	3.72e-03	1.25e-01	8.71e-01
 5.91284e+22	1.50e-19	2.25e-14	9.29e-11	3.93e-08	4.85e-06	3.94e-03	1.29e-01	8.67e-01
 5.92358e+22	1.92e-19	2.78e-14	1.11e-10	4.50e-08	5.32e-06	4.17e-03	1.32e-01	8.64e-01
 5.93584e+22	2.63e-19	3.64e-14	1.38e-10	5.35e-08	5.99e-06	4.49e-03	1.37e-01	8.59e-01
 5.94828e+22	3.35e-19	4.48e-14	1.64e-10	6.11e-08	6.56e-06	4.75e-03	1.40e-01	8.55e-01
 5.96095e+22	4.56e-19	5.84e-14	2.05e-10	7.24e-08	7.37e-06	5.11e-03	1.45e-01	8.50e-01
 5.97324e+22	5.64e-19	7.02e-14	2.39e-10	8.15e-08	8.00e-06	5.38e-03	1.48e-01	8.46e-01
 5.98507e+22	7.47e-19	8.93e-14	2.92e-10	9.52e-08	8.91e-06	5.75e-03	1.53e-01	8.42e-01
 5.99712e+22	9.22e-19	1.07e-13	3.39e-10	1.07e-07	9.66e-06	6.05e-03	1.56e-01	8.38e-01
 6.00947e+22	1.23e-18	1.37e-13	4.16e-10	1.25e-07	1.08e-05	6.48e-03	1.61e-01	8.32e-01
 6.02199e+22	1.50e-18	1.63e-13	4.82e-10	1.41e-07	1.17e-05	6.81e-03	1.65e-01	8.28e-01
 6.03473e+22	1.99e-18	2.08e-13	5.90e-10	1.65e-07	1.30e-05	7.29e-03	1.70e-01	8.23e-01
 6.04725e+22	2.41e-18	2.44e-13	6.75e-10	1.83e-07	1.40e-05	7.63e-03	1.73e-01	8.19e-01
 6.05949e+22	3.12e-18	3.06e-13	8.15e-10	2.12e-07	1.55e-05	8.14e-03	1.78e-01	8.14e-01
 6.07197e+22	3.78e-18	3.60e-13	9.36e-10	2.36e-07	1.68e-05	8.53e-03	1.82e-01	8.09e-01
 6.08478e+22	4.91e-18	4.51e-13	1.13e-09	2.74e-07	1.86e-05	9.10e-03	1.87e-01	8.04e-01
 6.09783e+22	5.97e-18	5.33e-13	1.30e-09	3.05e-07	2.01e-05	9.55e-03	1.91e-01	7.99e-01
 6.11120e+22	7.76e-18	6.69e-13	1.57e-09	3.54e-07	2.23e-05	1.02e-02	1.97e-01	7.93e-01
 6.12480e+22	9.43e-18	7.91e-13	1.81e-09	3.96e-07	2.41e-05	1.07e-02	2.01e-01	7.88e-01
 6.13871e+22	1.23e-17	9.93e-13	2.19e-09	4.60e-07	2.68e-05	1.14e-02	2.07e-01	7.82e-01
 6.15289e+22	1.49e-17	1.18e-12	2.52e-09	5.15e-07	2.90e-05	1.20e-02	2.11e-01	7.77e-01
 6.16741e+22	1.94e-17	1.48e-12	3.05e-09	5.98e-07	3.23e-05	1.28e-02	2.17e-01	7.70e-01
 6.18159e+22	2.31e-17	1.71e-12	3.46e-09	6.60e-07	3.46e-05	1.34e-02	2.22e-01	7.65e-01
 6.19535e+22	2.96e-17	2.12e-12	4.15e-09	7.62e-07	3.83e-05	1.43e-02	2.27e-01	7.58e-01
 6.20933e+22	3.52e-17	2.47e-12	4.70e-09	8.41e-07	4.11e-05	1.49e-02	2.32e-01	7.53e-01
 6.22360e+22	4.48e-17	3.04e-12	5.59e-09	9.66e-07	4.53e-05	1.59e-02	2.38e-01	7.46e-01
 6.23832e+22	5.43e-17	3.58e-12	6.43e-09	1.08e-06	4.90e-05	1.67e-02	2.43e-01	7.41e-01
 6.25361e+22	6.91e-17	4.41e-12	7.66e-09	1.24e-06	5.41e-05	1.77e-02	2.49e-01	7.33e-01
 6.26941e+22	8.46e-17	5.25e-12	8.87e-09	1.39e-06	5.88e-05	1.87e-02	2.54e-01	7.27e-01
 6.28587e+22	1.08e-16	6.51e-12	1.06e-08	1.61e-06	6.52e-05	1.99e-02	2.61e-01	7.19e-01
 6.30279e+22	1.34e-16	7.79e-12	1.24e-08	1.81e-06	7.10e-05	2.10e-02	2.67e-01	7.12e-01
 6.32030e+22	1.73e-16	9.72e-12	1.49e-08	2.10e-06	7.89e-05	2.24e-02	2.74e-01	7.04e-01
 6.33839e+22	2.15e-16	1.17e-11	1.74e-08	2.38e-06	8.64e-05	2.37e-02	2.80e-01	6.96e-01
 6.35726e+22	2.80e-16	1.48e-11	2.12e-08	2.78e-06	9.65e-05	2.53e-02	2.88e-01	6.87e-01
 6.37658e+22	3.51e-16	1.79e-11	2.49e-08	3.17e-06	1.06e-04	2.68e-02	2.94e-01	6.79e-01
 6.39390e+22	4.32e-16	2.15e-11	2.90e-08	3.57e-06	1.15e-04	2.83e-02	3.00e-01	6.71e-01
 6.41380e+22	5.77e-16	2.76e-11	3.58e-08	4.23e-06	1.30e-04	3.04e-02	3.09e-01	6.60e-01
 6.43383e+22	7.11e-16	3.30e-11	4.17e-08	4.77e-06	1.42e-04	3.21e-02	3.15e-01	6.52e-01
 6.45401e+22	9.43e-16	4.21e-11	5.11e-08	5.62e-06	1.59e-04	3.45e-02	3.24e-01	6.41e-01
 6.47463e+22	1.18e-15	5.12e-11	6.03e-08	6.40e-06	1.75e-04	3.65e-02	3.31e-01	6.32e-01
 6.49580e+22	1.58e-15	6.58e-11	7.45e-08	7.58e-06	1.98e-04	3.93e-02	3.40e-01	6.21e-01
 6.51729e+22	2.00e-15	8.05e-11	8.84e-08	8.69e-06	2.18e-04	4.16e-02	3.47e-01	6.11e-01
 6.53921e+22	2.71e-15	1.05e-10	1.11e-07	1.04e-05	2.48e-04	4.50e-02	3.57e-01	5.98e-01
 6.55993e+22	3.31e-15	1.25e-10	1.28e-07	1.17e-05	2.69e-04	4.72e-02	3.63e-01	5.89e-01
 6.57909e+22	4.35e-15	1.58e-10	1.56e-07	1.37e-05	3.01e-04	5.06e-02	3.72e-01	5.77e-01
 6.59841e+22	5.31e-15	1.87e-10	1.80e-07	1.54e-05	3.27e-04	5.31e-02	3.78e-01	5.68e-01
 6.61792e+22	7.01e-15	2.38e-10	2.21e-07	1.81e-05	3.68e-04	5.69e-02	3.87e-01	5.56e-01
 6.63762e+22	8.64e-15	2.86e-10	2.58e-07	2.05e-05	4.02e-04	6.00e-02	3.93e-01	5.46e-01
 6.65756e+22	1.15e-14	3.65e-10	3.18e-07	2.42e-05	4.53e-04	6.43e-02	4.02e-01	5.33e-01
 6.67776e+22	1.42e-14	4.40e-10	3.72e-07	2.75e-05	4.96e-04	6.79e-02	4.09e-01	5.22e-01
 6.69832e+22	1.90e-14	5.67e-10	4.62e-07	3.28e-05	5.62e-04	7.30e-02	4.18e-01	5.08e-01
 6.71917e+22	2.37e-14	6.87e-10	5.44e-07	3.74e-05	6.18e-04	7.71e-02	4.25e-01	4.97e-01
 6.74039e+22	3.18e-14	8.88e-10	6.78e-07	4.47e-05	7.02e-04	8.30e-02	4.34e-01	4.82e-01
 6.76207e+22	4.02e-14	1.09e-09	8.08e-07	5.16e-05	7.78e-04	8.80e-02	4.41e-01	4.70e-01
 6.78437e+22	5.46e-14	1.42e-09	1.02e-06	6.24e-05	8.91e-04	9.50e-02	4.50e-01	4.54e-01
 6.80698e+22	6.94e-14	1.75e-09	1.22e-06	7.24e-05	9.91e-04	1.01e-01	4.57e-01	4.41e-01
 6.82940e+22	9.31e-14	2.27e-09	1.52e-06	8.71e-05	1.13e-03	1.09e-01	4.66e-01	4.24e-01
 6.85079e+22	1.15e-13	2.73e-09	1.78e-06	9.94e-05	1.24e-03	1.15e-01	4.71e-01	4.13e-01
 6.87148e+22	1.50e-13	3.46e-09	2.20e-06	1.18e-04	1.41e-03	1.23e-01	4.79e-01	3.97e-01
 6.89257e+22	1.86e-13	4.18e-09	2.59e-06	1.36e-04	1.56e-03	1.30e-01	4.84e-01	3.84e-01
 6.91322e+22	2.39e-13	5.21e-09	3.15e-06	1.61e-04	1.76e-03	1.39e-01	4.90e-01	3.69e-01
 6.93430e+22	2.95e-13	6.30e-09	3.73e-06	1.85e-04	1.96e-03	1.47e-01	4.95e-01	3.56e-01
 6.95484e+22	3.71e-13	7.72e-09	4.47e-06	2.17e-04	2.19e-03	1.56e-01	5.00e-01	3.42e-01
 6.97579e+22	4.58e-13	9.32e-09	5.30e-06	2.51e-04	2.44e-03	1.65e-01	5.04e-01	3.29e-01
 6.99656e+22	5.66e-13	1.13e-08	6.28e-06	2.91e-04	2.72e-03	1.75e-01	5.07e-01	3.15e-01
 7.01743e+22	6.91e-13	1.35e-08	7.41e-06	3.37e-04	3.03e-03	1.85e-01	5.10e-01	3.02e-01
 7.03806e+22	8.39e-13	1.61e-08	8.70e-06	3.88e-04	3.37e-03	1.95e-01	5.12e-01	2.89e-01
 7.05865e+22	1.01e-12	1.91e-08	1.02e-05	4.46e-04	3.73e-03	2.06e-01	5.14e-01	2.76e-01
 7.07929e+22	1.21e-12	2.25e-08	1.19e-05	5.12e-04	4.14e-03	2.17e-01	5.15e-01	2.63e-01
 7.10002e+22	1.44e-12	2.64e-08	1.38e-05	5.86e-04	4.58e-03	2.28e-01	5.16e-01	2.51e-01
 7.12088e+22	1.71e-12	3.09e-08	1.60e-05	6.70e-04	5.07e-03	2.39e-01	5.16e-01	2.39e-01
 7.14193e+22	2.02e-12	3.61e-08	1.85e-05	7.65e-04	5.60e-03	2.51e-01	5.15e-01	2.27e-01
 7.16324e+22	2.37e-12	4.19e-08	2.13e-05	8.73e-04	6.18e-03	2.64e-01	5.14e-01	2.16e-01
 7.18466e+22	2.76e-12	4.84e-08	2.45e-05	9.91e-04	6.81e-03	2.76e-01	5.12e-01	2.05e-01
 7.20643e+22	3.22e-12	5.60e-08	2.81e-05	1.13e-03	7.52e-03	2.89e-01	5.09e-01	1.93e-01
 7.22846e+22	3.73e-12	6.42e-08	3.21e-05	1.28e-03	8.27e-03	3.02e-01	5.06e-01	1.83e-01
 7.25092e+22	4.32e-12	7.39e-08	3.69e-05	1.45e-03	9.13e-03	3.16e-01	5.02e-01	1.72e-01
 7.27182e+22	4.85e-12	8.26e-08	4.11e-05	1.61e-03	9.87e-03	3.27e-01	4.98e-01	1.64e-01
 7.29338e+22	5.60e-12	9.50e-08	4.72e-05	1.83e-03	1.09e-02	3.41e-01	4.92e-01	1.54e-01
 7.31529e+22	6.27e-12	1.06e-07	5.25e-05	2.03e-03	1.18e-02	3.53e-01	4.88e-01	1.46e-01
 7.33767e+22	7.19e-12	1.21e-07	6.02e-05	2.30e-03	1.30e-02	3.68e-01	4.81e-01	1.36e-01
 7.36015e+22	8.03e-12	1.35e-07	6.67e-05	2.54e-03	1.40e-02	3.79e-01	4.75e-01	1.29e-01
 7.38274e+22	9.16e-12	1.53e-07	7.61e-05	2.87e-03	1.54e-02	3.94e-01	4.67e-01	1.20e-01
 7.40547e+22	1.02e-11	1.70e-07	8.41e-05	3.15e-03	1.66e-02	4.06e-01	4.61e-01	1.14e-01
 7.42838e+22	1.15e-11	1.93e-07	9.56e-05	3.55e-03	1.82e-02	4.21e-01	4.52e-01	1.05e-01
 7.45148e+22	1.27e-11	2.13e-07	1.05e-04	3.88e-03	1.95e-02	4.32e-01	4.45e-01	9.96e-02
 7.47485e+22	1.44e-11	2.40e-07	1.20e-04	4.36e-03	2.14e-02	4.47e-01	4.35e-01	9.22e-02
 7.49851e+22	1.59e-11	2.65e-07	1.32e-04	4.77e-03	2.29e-02	4.58e-01	4.27e-01	8.68e-02
 7.52255e+22	1.80e-11	2.99e-07	1.49e-04	5.35e-03	2.50e-02	4.73e-01	4.17e-01	8.00e-02
 7.54699e+22	1.98e-11	3.30e-07	1.65e-04	5.85e-03	2.68e-02	4.84e-01	4.08e-01	7.51e-02
 7.57197e+22	2.24e-11	3.74e-07	1.87e-04	6.55e-03	2.93e-02	4.98e-01	3.97e-01	6.89e-02
 7.59747e+22	2.48e-11	4.13e-07	2.07e-04	7.16e-03	3.13e-02	5.09e-01	3.88e-01	6.44e-02
 7.62367e+22	2.81e-11	4.69e-07	2.35e-04	8.03e-03	3.42e-02	5.23e-01	3.75e-01	5.87e-02
 7.65049e+22	3.12e-11	5.21e-07	2.61e-04	8.78e-03	3.66e-02	5.34e-01	3.65e-01	5.46e-02
 7.67310e+22	3.42e-11	5.70e-07	2.86e-04	9.50e-03	3.89e-02	5.44e-01	3.57e-01	5.11e-02
 7.69750e+22	3.83e-11	6.39e-07	3.21e-04	1.05e-02	4.20e-02	5.55e-01	3.45e-01	4.69e-02
 7.72224e+22	4.21e-11	7.02e-07	3.52e-04	1.13e-02	4.45e-02	5.64e-01	3.36e-01	4.38e-02
 7.74364e+22	4.59e-11	7.65e-07	3.85e-04	1.22e-02	4.71e-02	5.72e-01	3.27e-01	4.09e-02
 7.76765e+22	5.11e-11	8.54e-07	4.30e-04	1.34e-02	5.06e-02	5.82e-01	3.16e-01	3.75e-02
 7.79156e+22	5.62e-11	9.35e-07	4.69e-04	1.44e-02	5.32e-02	5.89e-01	3.07e-01	3.51e-02
 7.81532e+22	6.25e-11	1.04e-06	5.24e-04	1.57e-02	5.70e-02	5.98e-01	2.96e-01	3.22e-02
 7.83943e+22	6.88e-11	1.14e-06	5.73e-04	1.69e-02	5.99e-02	6.05e-01	2.88e-01	3.00e-02
 7.86398e+22	7.70e-11	1.28e-06	6.41e-04	1.85e-02	6.41e-02	6.13e-01	2.77e-01	2.74e-02
 7.88895e+22	8.54e-11	1.41e-06	7.03e-04	1.98e-02	6.74e-02	6.19e-01	2.68e-01	2.55e-02
 7.91448e+22	9.56e-11	1.58e-06	7.90e-04	2.17e-02	7.21e-02	6.26e-01	2.57e-01	2.31e-02
 7.94041e+22	1.07e-10	1.75e-06	8.69e-04	2.33e-02	7.57e-02	6.31e-01	2.48e-01	2.14e-02
 7.96684e+22	1.20e-10	1.98e-06	9.80e-04	2.55e-02	8.10e-02	6.36e-01	2.37e-01	1.94e-02
 7.99390e+22	1.34e-10	2.20e-06	1.08e-03	2.75e-02	8.51e-02	6.41e-01	2.28e-01	1.78e-02
 8.02179e+22	1.54e-10	2.50e-06	1.23e-03	3.01e-02	9.10e-02	6.45e-01	2.17e-01	1.60e-02
 8.05036e+22	1.73e-10	2.80e-06	1.36e-03	3.25e-02	9.57e-02	6.48e-01	2.08e-01	1.47e-02
 8.07982e+22	2.00e-10	3.22e-06	1.56e-03	3.57e-02	1.02e-01	6.51e-01	1.96e-01	1.30e-02
 8.10957e+22	2.27e-10	3.62e-06	1.73e-03	3.85e-02	1.07e-01	6.53e-01	1.88e-01	1.19e-02
 8.13967e+22	2.63e-10	4.16e-06	1.98e-03	4.23e-02	1.15e-01	6.54e-01	1.77e-01	1.05e-02
 8.17008e+22	3.01e-10	4.71e-06	2.21e-03	4.56e-02	1.20e-01	6.54e-01	1.69e-01	9.62e-03
 8.20088e+22	3.50e-10	5.44e-06	2.54e-03	5.00e-02	1.28e-01	6.53e-01	1.58e-01	8.46e-03
 8.23089e+22	3.96e-10	6.09e-06	2.80e-03	5.35e-02	1.33e-01	6.52e-01	1.51e-01	7.73e-03
 8.25988e+22	4.62e-10	7.01e-06	3.19e-03	5.83e-02	1.41e-01	6.49e-01	1.42e-01	6.87e-03
 8.29043e+22	5.26e-10	7.92e-06	3.57e-03	6.28e-02	1.47e-01	6.46e-01	1.34e-01	6.16e-03
 8.31610e+22	5.92e-10	8.81e-06	3.92e-03	6.67e-02	1.53e-01	6.43e-01	1.28e-01	5.64e-03
 8.34256e+22	6.83e-10	1.00e-05	4.39e-03	7.18e-02	1.60e-01	6.38e-01	1.21e-01	5.07e-03
 8.37030e+22	7.74e-10	1.12e-05	4.85e-03	7.65e-02	1.66e-01	6.34e-01	1.15e-01	4.60e-03
 8.39578e+22	8.77e-10	1.25e-05	5.35e-03	8.14e-02	1.72e-01	6.28e-01	1.09e-01	4.18e-03
 8.42499e+22	1.03e-09	1.45e-05	6.05e-03	8.79e-02	1.80e-01	6.21e-01	1.02e-01	3.69e-03
 8.45493e+22	1.18e-09	1.64e-05	6.73e-03	9.39e-02	1.86e-01	6.14e-01	9.57e-02	3.31e-03
 8.48134e+22	1.34e-09	1.83e-05	7.43e-03	9.98e-02	1.93e-01	6.07e-01	9.03e-02	2.99e-03
 8.51117e+22	1.59e-09	2.12e-05	8.41e-03	1.08e-01	2.01e-01	5.97e-01	8.39e-02	2.62e-03
 8.54230e+22	1.83e-09	2.41e-05	9.39e-03	1.15e-01	2.08e-01	5.87e-01	7.83e-02	2.33e-03
 8.57040e+22	2.11e-09	2.73e-05	1.04e-02	1.22e-01	2.14e-01	5.78e-01	7.34e-02	2.08e-03
 8.60216e+22	2.52e-09	3.19e-05	1.18e-02	1.32e-01	2.22e-01	5.65e-01	6.76e-02	1.80e-03
 8.63491e+22	2.93e-09	3.64e-05	1.32e-02	1.41e-01	2.30e-01	5.52e-01	6.26e-02	1.58e-03
 8.66404e+22	3.41e-09	4.13e-05	1.47e-02	1.49e-01	2.36e-01	5.41e-01	5.83e-02	1.40e-03
 8.69703e+22	4.12e-09	4.85e-05	1.67e-02	1.61e-01	2.43e-01	5.25e-01	5.31e-02	1.20e-03
 8.73126e+22	4.84e-09	5.58e-05	1.87e-02	1.71e-01	2.50e-01	5.10e-01	4.88e-02	1.04e-03
 8.76200e+22	5.66e-09	6.37e-05	2.08e-02	1.81e-01	2.56e-01	4.96e-01	4.50e-02	9.14e-04
 8.79685e+22	6.93e-09	7.54e-05	2.37e-02	1.95e-01	2.63e-01	4.77e-01	4.05e-02	7.71e-04
 8.83303e+22	8.24e-09	8.73e-05	2.67e-02	2.07e-01	2.69e-01	4.60e-01	3.67e-02	6.58e-04
 8.86545e+22	9.75e-09	1.00e-04	2.96e-02	2.19e-01	2.74e-01	4.44e-01	3.35e-02	5.69e-04
 8.90210e+22	1.21e-08	1.20e-04	3.39e-02	2.35e-01	2.79e-01	4.22e-01	2.97e-02	4.69e-04
 8.93947e+22	1.44e-08	1.38e-04	3.79e-02	2.48e-01	2.83e-01	4.04e-01	2.67e-02	3.98e-04
 8.97779e+22	1.80e-08	1.66e-04	4.33e-02	2.65e-01	2.87e-01	3.81e-01	2.34e-02	3.24e-04
 9.01650e+22	2.16e-08	1.92e-04	4.83e-02	2.79e-01	2.90e-01	3.62e-01	2.09e-02	2.72e-04
 9.05571e+22	2.72e-08	2.31e-04	5.52e-02	2.96e-01	2.92e-01	3.38e-01	1.80e-02	2.17e-04
 9.09527e+22	3.27e-08	2.67e-04	6.13e-02	3.11e-01	2.92e-01	3.19e-01	1.60e-02	1.81e-04
 9.13528e+22	4.14e-08	3.22e-04	6.99e-02	3.29e-01	2.92e-01	2.95e-01	1.36e-02	1.43e-04
 9.17576e+22	4.99e-08	3.73e-04	7.74e-02	3.43e-01	2.91e-01	2.77e-01	1.20e-02	1.18e-04
 9.21683e+22	6.37e-08	4.50e-04	8.79e-02	3.60e-01	2.88e-01	2.53e-01	1.01e-02	9.12e-05
 9.24854e+22	7.00e-08	4.85e-04	9.23e-02	3.67e-01	2.87e-01	2.44e-01	9.39e-03	8.23e-05
