#depth	Si	Si+	Si+2	Si+3	Si+4	Si+5	Si+6	Si+7	Si+8	Si+9	Si+10	Si+11	Si+12	Si+13	Si+14
 4.62852e+21	0.00e+00	0.00e+00	0.00e+00	0.00e+00	0.00e+00	0.00e+00	0.00e+00	4.82e-26	7.71e-22	5.81e-18	2.80e-14	1.35e-10	1.54e-06	2.27e-03	9.98e-01
 1.05216e+22	0.00e+00	0.00e+00	0.00e+00	0.00e+00	0.00e+00	0.00e+00	2.29e-29	5.86e-25	6.52e-21	3.55e-17	1.19e-13	4.01e-10	3.18e-06	3.26e-03	9.97e-01
 1.26211e+22	0.00e+00	0.00e+00	0.00e+00	0.00e+00	0.00e+00	0.00e+00	1.52e-28	3.08e-24	2.70e-20	1.16e-16	3.06e-13	8.15e-10	5.10e-06	4.13e-03	9.96e-01
 1.41239e+22	0.00e+00	0.00e+00	0.00e+00	0.00e+00	0.00e+00	0.00e+00	6.92e-28	1.16e-23	8.37e-20	2.98e-16	6.52e-13	1.43e-09	7.44e-06	4.98e-03	9.95e-01
 1.50910e+22	0.00e+00	0.00e+00	0.00e+00	0.00e+00	0.00e+00	0.00e+00	1.34e-27	2.06e-23	1.37e-19	4.49e-16	9.06e-13	1.84e-09	8.77e-06	5.41e-03	9.95e-01
 1.57791e+22	0.00e+00	0.00e+00	0.00e+00	0.00e+00	0.00e+00	7.89e-32	3.28e-27	4.51e-23	2.69e-19	7.85e-16	1.42e-12	2.57e-09	1.10e-05	6.05e-03	9.94e-01
 1.63890e+22	0.00e+00	0.00e+00	0.00e+00	0.00e+00	0.00e+00	1.34e-31	5.26e-27	6.81e-23	3.82e-19	1.05e-15	1.79e-12	3.06e-09	1.23e-05	6.41e-03	9.94e-01
 1.68972e+22	0.00e+00	0.00e+00	0.00e+00	0.00e+00	0.00e+00	2.74e-31	9.93e-27	1.19e-22	6.14e-19	1.56e-15	2.46e-12	3.88e-09	1.44e-05	6.94e-03	9.93e-01
 1.74245e+22	0.00e+00	0.00e+00	0.00e+00	0.00e+00	0.00e+00	5.04e-31	1.70e-26	1.90e-22	9.31e-19	2.21e-15	3.24e-12	4.78e-09	1.66e-05	7.43e-03	9.93e-01
 1.78991e+22	0.00e+00	0.00e+00	0.00e+00	0.00e+00	0.00e+00	9.13e-31	2.89e-26	3.01e-22	1.38e-18	3.07e-15	4.22e-12	5.82e-09	1.89e-05	7.93e-03	9.92e-01
 1.84386e+22	0.00e+00	0.00e+00	0.00e+00	0.00e+00	0.00e+00	2.02e-30	5.84e-26	5.57e-22	2.34e-18	4.76e-15	5.99e-12	7.57e-09	2.25e-05	8.66e-03	9.91e-01
 1.89709e+22	0.00e+00	0.00e+00	0.00e+00	0.00e+00	0.00e+00	3.47e-30	9.44e-26	8.47e-22	3.35e-18	6.42e-15	7.61e-12	9.06e-09	2.54e-05	9.19e-03	9.91e-01
 1.94936e+22	0.00e+00	0.00e+00	0.00e+00	0.00e+00	0.00e+00	7.22e-30	1.81e-25	1.50e-21	5.46e-18	9.63e-15	1.05e-11	1.16e-08	2.99e-05	9.96e-03	9.90e-01
 2.00339e+22	0.00e+00	0.00e+00	0.00e+00	0.00e+00	0.00e+00	1.36e-29	3.18e-25	2.45e-21	8.32e-18	1.37e-14	1.39e-11	1.43e-08	3.43e-05	1.07e-02	9.89e-01
 2.05134e+22	0.00e+00	0.00e+00	0.00e+00	0.00e+00	0.00e+00	2.47e-29	5.39e-25	3.88e-21	1.23e-17	1.90e-14	1.81e-11	1.74e-08	3.91e-05	1.14e-02	9.89e-01
 2.10529e+22	0.00e+00	0.00e+00	0.00e+00	0.00e+00	0.00e+00	5.43e-29	1.09e-24	7.16e-21	2.08e-17	2.93e-14	2.57e-11	2.25e-08	4.66e-05	1.24e-02	9.88e-01
 2.15918e+22	0.00e+00	0.00e+00	0.00e+00	0.00e+00	0.00e+00	9.40e-29	1.77e-24	1.10e-20	3.00e-17	3.97e-14	3.27e-11	2.70e-08	5.26e-05	1.32e-02	9.87e-01
 2.21297e+22	0.00e+00	0.00e+00	0.00e+00	0.00e+00	0.00e+00	2.09e-28	3.59e-24	2.04e-20	5.09e-17	6.16e-14	4.65e-11	3.52e-08	6.27e-05	1.44e-02	9.86e-01
 2.26623e+22	0.00e+00	0.00e+00	0.00e+00	0.00e+00	0.00e+00	3.58e-28	5.80e-24	3.10e-20	7.28e-17	8.30e-14	5.90e-11	4.21e-08	7.06e-05	1.53e-02	9.85e-01
 2.31005e+22	0.00e+00	0.00e+00	0.00e+00	0.00e+00	0.00e+00	6.05e-28	9.24e-24	4.65e-20	1.03e-16	1.11e-13	7.44e-11	5.00e-08	7.92e-05	1.62e-02	9.84e-01
 2.35123e+22	0.00e+00	0.00e+00	0.00e+00	0.00e+00	2.11e-32	1.01e-27	1.46e-23	6.92e-20	1.45e-16	1.47e-13	9.32e-11	5.92e-08	8.87e-05	1.71e-02	9.83e-01
 2.39157e+22	0.00e+00	0.00e+00	0.00e+00	0.00e+00	3.69e-32	1.66e-27	2.27e-23	1.02e-19	2.02e-16	1.93e-13	1.16e-10	6.99e-08	9.89e-05	1.81e-02	9.82e-01
 2.43178e+22	0.00e+00	0.00e+00	0.00e+00	0.00e+00	6.45e-32	2.75e-27	3.55e-23	1.51e-19	2.81e-16	2.55e-13	1.45e-10	8.25e-08	1.11e-04	1.91e-02	9.81e-01
 2.47192e+22	0.00e+00	0.00e+00	0.00e+00	0.00e+00	1.12e-31	4.50e-27	5.49e-23	2.21e-19	3.91e-16	3.35e-13	1.80e-10	9.72e-08	1.23e-04	2.01e-02	9.80e-01
 2.51806e+22	0.00e+00	0.00e+00	0.00e+00	0.00e+00	2.27e-31	8.54e-27	9.68e-23	3.64e-19	5.97e-16	4.77e-13	2.39e-10	1.20e-07	1.42e-04	2.16e-02	9.78e-01
 2.56463e+22	0.00e+00	0.00e+00	0.00e+00	0.00e+00	4.02e-31	1.43e-26	1.53e-22	5.41e-19	8.39e-16	6.33e-13	3.00e-10	1.42e-07	1.59e-04	2.28e-02	9.77e-01
 2.60510e+22	0.00e+00	0.00e+00	0.00e+00	0.00e+00	7.00e-31	2.35e-26	2.38e-22	7.96e-19	1.17e-15	8.32e-13	3.73e-10	1.67e-07	1.77e-04	2.41e-02	9.76e-01
 2.65106e+22	0.00e+00	0.00e+00	0.00e+00	0.00e+00	1.45e-30	4.53e-26	4.26e-22	1.33e-18	1.80e-15	1.19e-12	4.99e-10	2.08e-07	2.04e-04	2.59e-02	9.74e-01
 2.69679e+22	0.00e+00	0.00e+00	0.00e+00	0.00e+00	2.48e-30	7.32e-26	6.53e-22	1.92e-18	2.48e-15	1.56e-12	6.16e-10	2.44e-07	2.27e-04	2.72e-02	9.73e-01
 2.73367e+22	0.00e+00	0.00e+00	0.00e+00	0.00e+00	4.04e-30	1.13e-25	9.62e-22	2.70e-18	3.31e-15	1.98e-12	7.47e-10	2.81e-07	2.50e-04	2.86e-02	9.71e-01
 2.76748e+22	0.00e+00	0.00e+00	0.00e+00	0.00e+00	6.42e-30	1.72e-25	1.39e-21	3.73e-18	4.36e-15	2.49e-12	8.97e-10	3.23e-07	2.74e-04	2.99e-02	9.70e-01
 2.80588e+22	0.00e+00	0.00e+00	0.00e+00	0.00e+00	1.14e-29	2.88e-25	2.20e-21	5.55e-18	6.12e-15	3.30e-12	1.12e-09	3.82e-07	3.06e-04	3.16e-02	9.68e-01
 2.84569e+22	0.00e+00	0.00e+00	0.00e+00	0.00e+00	1.89e-29	4.54e-25	3.30e-21	7.91e-18	8.28e-15	4.24e-12	1.37e-09	4.44e-07	3.38e-04	3.32e-02	9.66e-01
 2.88044e+22	0.00e+00	0.00e+00	0.00e+00	0.00e+00	3.00e-29	6.89e-25	4.77e-21	1.09e-17	1.09e-14	5.33e-12	1.65e-09	5.09e-07	3.71e-04	3.47e-02	9.65e-01
 2.91871e+22	0.00e+00	0.00e+00	0.00e+00	0.00e+00	5.22e-29	1.13e-24	7.41e-21	1.60e-17	1.51e-14	6.99e-12	2.05e-09	5.99e-07	4.13e-04	3.66e-02	9.63e-01
 2.95891e+22	0.00e+00	0.00e+00	0.00e+00	0.00e+00	8.81e-29	1.81e-24	1.13e-20	2.31e-17	2.07e-14	9.06e-12	2.52e-09	7.00e-07	4.58e-04	3.85e-02	9.61e-01
 2.99451e+22	0.00e+00	0.00e+00	0.00e+00	0.00e+00	1.43e-28	2.80e-24	1.65e-20	3.23e-17	2.75e-14	1.15e-11	3.05e-09	8.06e-07	5.03e-04	4.03e-02	9.59e-01
 3.02813e+22	0.00e+00	0.00e+00	0.00e+00	0.00e+00	2.26e-28	4.22e-24	2.39e-20	4.45e-17	3.62e-14	1.44e-11	3.66e-09	9.23e-07	5.50e-04	4.21e-02	9.57e-01
 3.06629e+22	0.00e+00	0.00e+00	0.00e+00	0.00e+00	3.96e-28	7.00e-24	3.73e-20	6.58e-17	5.05e-14	1.90e-11	4.56e-09	1.09e-06	6.14e-04	4.44e-02	9.55e-01
 3.10303e+22	0.00e+00	0.00e+00	0.00e+00	0.00e+00	6.15e-28	1.04e-23	5.30e-20	8.94e-17	6.56e-14	2.36e-11	5.42e-09	1.24e-06	6.69e-04	4.63e-02	9.53e-01
 3.13229e+22	0.00e+00	0.00e+00	0.00e+00	9.34e-33	9.11e-28	1.48e-23	7.25e-20	1.17e-16	8.28e-14	2.86e-11	6.33e-09	1.39e-06	7.22e-04	4.81e-02	9.51e-01
 3.16469e+22	0.00e+00	0.00e+00	0.00e+00	1.55e-32	1.44e-27	2.24e-23	1.05e-19	1.62e-16	1.09e-13	3.60e-11	7.59e-09	1.59e-06	7.90e-04	5.02e-02	9.49e-01
 3.19950e+22	0.00e+00	0.00e+00	0.00e+00	2.58e-32	2.29e-27	3.39e-23	1.51e-19	2.23e-16	1.43e-13	4.51e-11	9.11e-09	1.83e-06	8.65e-04	5.25e-02	9.47e-01
 3.23035e+22	0.00e+00	0.00e+00	0.00e+00	3.99e-32	3.41e-27	4.84e-23	2.08e-19	2.94e-16	1.81e-13	5.49e-11	1.06e-08	2.05e-06	9.34e-04	5.45e-02	9.45e-01
 3.26336e+22	0.00e+00	0.00e+00	0.00e+00	6.71e-32	5.46e-27	7.39e-23	3.03e-19	4.09e-16	2.40e-13	6.92e-11	1.28e-08	2.36e-06	1.02e-03	5.70e-02	9.42e-01
 3.29823e+22	0.00e+00	0.00e+00	0.00e+00	1.11e-31	8.60e-27	1.11e-22	4.35e-19	5.61e-16	3.14e-13	8.66e-11	1.53e-08	2.69e-06	1.12e-03	5.95e-02	9.39e-01
 3.32914e+22	0.00e+00	0.00e+00	0.00e+00	1.74e-31	1.30e-26	1.61e-22	6.04e-19	7.46e-16	4.01e-13	1.06e-10	1.80e-08	3.04e-06	1.21e-03	6.18e-02	9.37e-01
 3.35829e+22	0.00e+00	0.00e+00	0.00e+00	2.69e-31	1.93e-26	2.30e-22	8.30e-19	9.85e-16	5.08e-13	1.29e-10	2.11e-08	3.42e-06	1.31e-03	6.42e-02	9.35e-01
 3.38562e+22	0.00e+00	0.00e+00	0.00e+00	3.97e-31	2.75e-26	3.16e-22	1.10e-18	1.26e-15	6.27e-13	1.53e-10	2.42e-08	3.79e-06	1.40e-03	6.63e-02	9.32e-01
 3.41523e+22	0.00e+00	0.00e+00	0.00e+00	6.26e-31	4.16e-26	4.59e-22	1.53e-18	1.68e-15	8.01e-13	1.88e-10	2.85e-08	4.28e-06	1.52e-03	6.89e-02	9.30e-01
 3.44662e+22	0.00e+00	0.00e+00	0.00e+00	9.83e-31	6.27e-26	6.63e-22	2.12e-18	2.24e-15	1.02e-12	2.30e-10	3.35e-08	4.83e-06	1.64e-03	7.16e-02	9.27e-01
 3.47422e+22	0.00e+00	0.00e+00	0.00e+00	1.46e-30	9.00e-26	9.19e-22	2.83e-18	2.88e-15	1.27e-12	2.75e-10	3.86e-08	5.37e-06	1.76e-03	7.41e-02	9.24e-01
 3.50398e+22	0.00e+00	0.00e+00	0.00e+00	2.34e-30	1.38e-25	1.35e-21	3.99e-18	3.87e-15	1.63e-12	3.39e-10	4.56e-08	6.08e-06	1.91e-03	7.71e-02	9.21e-01
 3.53544e+22	0.00e+00	0.00e+00	0.00e+00	3.67e-30	2.08e-25	1.95e-21	5.52e-18	5.14e-15	2.08e-12	4.15e-10	5.36e-08	6.85e-06	2.07e-03	8.00e-02	9.18e-01
 3.56282e+22	0.00e+00	0.00e+00	0.00e+00	5.47e-30	2.98e-25	2.70e-21	7.37e-18	6.62e-15	2.58e-12	4.96e-10	6.18e-08	7.62e-06	2.22e-03	8.28e-02	9.15e-01
 3.59213e+22	0.00e+00	0.00e+00	0.00e+00	8.65e-30	4.52e-25	3.92e-21	1.03e-17	8.84e-15	3.30e-12	6.08e-10	7.27e-08	8.60e-06	2.41e-03	8.60e-02	9.12e-01
 3.62320e+22	0.00e+00	0.00e+00	0.00e+00	1.35e-29	6.78e-25	5.64e-21	1.42e-17	1.17e-14	4.20e-12	7.42e-10	8.52e-08	9.68e-06	2.60e-03	8.92e-02	9.08e-01
 3.65083e+22	0.00e+00	0.00e+00	0.00e+00	2.01e-29	9.75e-25	7.82e-21	1.90e-17	1.51e-14	5.21e-12	8.87e-10	9.83e-08	1.08e-05	2.79e-03	9.22e-02	9.05e-01
 3.67560e+22	0.00e+00	0.00e+00	0.00e+00	2.89e-29	1.36e-24	1.05e-20	2.47e-17	1.90e-14	6.34e-12	1.04e-09	1.12e-07	1.19e-05	2.97e-03	9.50e-02	9.02e-01
 3.69881e+22	0.00e+00	0.00e+00	0.00e+00	4.04e-29	1.84e-24	1.38e-20	3.15e-17	2.35e-14	7.59e-12	1.21e-09	1.26e-07	1.30e-05	3.15e-03	9.77e-02	8.99e-01
 3.72543e+22	0.00e+00	0.00e+00	0.00e+00	6.07e-29	2.66e-24	1.93e-20	4.23e-17	3.04e-14	9.45e-12	1.45e-09	1.46e-07	1.44e-05	3.38e-03	1.01e-01	8.96e-01
 3.75402e+22	0.00e+00	0.00e+00	3.11e-33	9.11e-29	3.85e-24	2.69e-20	5.68e-17	3.93e-14	1.18e-11	1.74e-09	1.68e-07	1.61e-05	3.63e-03	1.04e-01	8.92e-01
 3.77986e+22	0.00e+00	0.00e+00	4.70e-33	1.33e-28	5.44e-24	3.67e-20	7.48e-17	5.00e-14	1.45e-11	2.07e-09	1.93e-07	1.78e-05	3.87e-03	1.08e-01	8.88e-01
 3.80434e+22	0.00e+00	0.00e+00	6.97e-33	1.92e-28	7.58e-24	4.95e-20	9.75e-17	6.29e-14	1.76e-11	2.43e-09	2.20e-07	1.96e-05	4.13e-03	1.11e-01	8.85e-01
 3.82847e+22	0.00e+00	0.00e+00	1.02e-32	2.73e-28	1.05e-23	6.60e-20	1.26e-16	7.87e-14	2.13e-11	2.85e-09	2.49e-07	2.15e-05	4.39e-03	1.14e-01	8.81e-01
 3.85593e+22	0.00e+00	0.00e+00	1.62e-32	4.16e-28	1.54e-23	9.33e-20	1.71e-16	1.03e-13	2.67e-11	3.44e-09	2.89e-07	2.40e-05	4.72e-03	1.18e-01	8.77e-01
 3.88468e+22	0.00e+00	0.00e+00	2.52e-32	6.27e-28	2.23e-23	1.30e-19	2.31e-16	1.33e-13	3.34e-11	4.13e-09	3.35e-07	2.68e-05	5.07e-03	1.22e-01	8.73e-01
 3.90963e+22	0.00e+00	0.00e+00	3.74e-32	9.01e-28	3.10e-23	1.76e-19	3.00e-16	1.68e-13	4.06e-11	4.86e-09	3.81e-07	2.95e-05	5.39e-03	1.26e-01	8.69e-01
 3.93656e+22	0.00e+00	0.00e+00	5.91e-32	1.38e-27	4.56e-23	2.48e-19	4.08e-16	2.19e-13	5.10e-11	5.87e-09	4.43e-07	3.29e-05	5.80e-03	1.30e-01	8.64e-01
 3.96519e+22	0.00e+00	0.00e+00	9.19e-32	2.07e-27	6.61e-23	3.46e-19	5.49e-16	2.84e-13	6.36e-11	7.05e-09	5.12e-07	3.67e-05	6.22e-03	1.34e-01	8.59e-01
 3.98973e+22	0.00e+00	0.00e+00	1.35e-31	2.94e-27	9.10e-23	4.62e-19	7.09e-16	3.55e-13	7.70e-11	8.25e-09	5.81e-07	4.03e-05	6.61e-03	1.38e-01	8.55e-01
 4.01187e+22	0.00e+00	0.00e+00	1.90e-31	4.04e-27	1.22e-22	6.00e-19	8.94e-16	4.35e-13	9.14e-11	9.52e-09	6.51e-07	4.38e-05	6.98e-03	1.42e-01	8.51e-01
 4.03721e+22	0.00e+00	0.00e+00	2.90e-31	5.98e-27	1.74e-22	8.26e-19	1.19e-15	5.57e-13	1.13e-10	1.13e-08	7.47e-07	4.85e-05	7.46e-03	1.46e-01	8.46e-01
 4.06462e+22	0.00e+00	0.00e+00	4.45e-31	8.86e-27	2.49e-22	1.14e-18	1.58e-15	7.15e-13	1.40e-10	1.35e-08	8.60e-07	5.38e-05	7.98e-03	1.51e-01	8.41e-01
 4.08972e+22	0.00e+00	0.00e+00	6.63e-31	1.28e-26	3.48e-22	1.54e-18	2.06e-15	9.03e-13	1.70e-10	1.59e-08	9.80e-07	5.93e-05	8.50e-03	1.55e-01	8.37e-01
 4.11736e+22	0.00e+00	0.00e+00	1.06e-30	1.98e-26	5.17e-22	2.20e-18	2.83e-15	1.19e-12	2.16e-10	1.94e-08	1.14e-06	6.64e-05	9.15e-03	1.60e-01	8.31e-01
 4.14497e+22	0.00e+00	0.00e+00	1.62e-30	2.91e-26	7.35e-22	3.02e-18	3.75e-15	1.52e-12	2.66e-10	2.30e-08	1.31e-06	7.36e-05	9.78e-03	1.65e-01	8.25e-01
 4.16753e+22	0.00e+00	0.00e+00	2.31e-30	4.05e-26	9.93e-22	3.96e-18	4.77e-15	1.88e-12	3.18e-10	2.67e-08	1.48e-06	8.02e-05	1.03e-02	1.69e-01	8.20e-01
 4.19184e+22	0.00e+00	0.00e+00	3.49e-30	5.92e-26	1.41e-21	5.41e-18	6.30e-15	2.39e-12	3.91e-10	3.17e-08	1.69e-06	8.86e-05	1.10e-02	1.74e-01	8.15e-01
 4.21837e+22	0.00e+00	0.00e+00	5.30e-30	8.70e-26	2.00e-21	7.43e-18	8.34e-15	3.05e-12	4.82e-10	3.76e-08	1.94e-06	9.81e-05	1.18e-02	1.79e-01	8.09e-01
 4.24311e+22	0.00e+00	0.00e+00	7.82e-30	1.24e-25	2.77e-21	9.96e-18	1.08e-14	3.83e-12	5.85e-10	4.42e-08	2.20e-06	1.08e-04	1.25e-02	1.84e-01	8.03e-01
 4.27056e+22	0.00e+00	0.00e+00	1.25e-29	1.92e-25	4.11e-21	1.42e-17	1.48e-14	5.04e-12	7.39e-10	5.36e-08	2.57e-06	1.21e-04	1.34e-02	1.90e-01	7.96e-01
 4.29800e+22	0.00e+00	0.00e+00	1.90e-29	2.82e-25	5.84e-21	1.95e-17	1.96e-14	6.44e-12	9.11e-10	6.38e-08	2.94e-06	1.33e-04	1.43e-02	1.96e-01	7.90e-01
 4.32045e+22	0.00e+00	0.00e+00	2.73e-29	3.94e-25	7.92e-21	2.56e-17	2.51e-14	7.97e-12	1.09e-09	7.42e-08	3.31e-06	1.46e-04	1.52e-02	2.00e-01	7.84e-01
 4.34469e+22	0.00e+00	0.00e+00	4.15e-29	5.79e-25	1.13e-20	3.52e-17	3.32e-14	1.02e-11	1.35e-09	8.82e-08	3.80e-06	1.61e-04	1.62e-02	2.06e-01	7.78e-01
 4.37090e+22	0.00e+00	0.00e+00	6.33e-29	8.54e-25	1.61e-20	4.84e-17	4.41e-14	1.30e-11	1.67e-09	1.05e-07	4.37e-06	1.78e-04	1.73e-02	2.12e-01	7.71e-01
 4.39491e+22	0.00e+00	1.42e-33	9.22e-29	1.21e-24	2.20e-20	6.44e-17	5.68e-14	1.63e-11	2.01e-09	1.23e-07	4.94e-06	1.95e-04	1.83e-02	2.17e-01	7.64e-01
 4.42136e+22	0.00e+00	2.39e-33	1.50e-28	1.89e-24	3.32e-20	9.30e-17	7.86e-14	2.16e-11	2.56e-09	1.50e-07	5.79e-06	2.19e-04	1.97e-02	2.24e-01	7.56e-01
 4.44723e+22	0.00e+00	2.60e-33	1.59e-28	1.94e-24	4.58e-20	1.24e-16	1.02e-13	2.71e-11	3.11e-09	1.76e-07	6.56e-06	2.40e-04	2.09e-02	2.30e-01	7.49e-01
 4.46870e+22	0.00e+00	3.81e-33	2.27e-28	2.69e-24	6.18e-20	1.63e-16	1.29e-13	3.34e-11	3.71e-09	2.04e-07	7.37e-06	2.62e-04	2.20e-02	2.35e-01	7.43e-01
 4.49293e+22	0.00e+00	6.01e-33	3.46e-28	3.97e-24	8.82e-20	2.24e-16	1.72e-13	4.28e-11	4.59e-09	2.43e-07	8.46e-06	2.89e-04	2.35e-02	2.41e-01	7.35e-01
 4.51889e+22	0.00e+00	9.63e-33	5.37e-28	5.93e-24	1.27e-19	3.12e-16	2.30e-13	5.52e-11	5.71e-09	2.92e-07	9.75e-06	3.21e-04	2.51e-02	2.48e-01	7.27e-01
 4.54197e+22	0.00e+00	1.43e-32	7.75e-28	8.31e-24	1.73e-19	4.11e-16	2.94e-13	6.85e-11	6.87e-09	3.39e-07	1.10e-05	3.50e-04	2.65e-02	2.54e-01	7.20e-01
 4.56684e+22	0.00e+00	2.34e-32	1.22e-27	1.27e-23	2.54e-19	5.80e-16	4.00e-13	8.95e-11	8.63e-09	4.10e-07	1.28e-05	3.90e-04	2.84e-02	2.61e-01	7.11e-01
 4.59203e+22	0.00e+00	3.59e-32	1.83e-27	1.83e-23	3.55e-19	7.85e-16	5.23e-13	1.13e-10	1.05e-08	4.84e-07	1.45e-05	4.29e-04	3.01e-02	2.67e-01	7.02e-01
 4.61335e+22	0.00e+00	5.34e-32	2.64e-27	2.56e-23	4.83e-19	1.03e-15	6.68e-13	1.40e-10	1.27e-08	5.64e-07	1.64e-05	4.68e-04	3.18e-02	2.73e-01	6.95e-01
 4.63677e+22	0.00e+00	8.45e-32	4.05e-27	3.78e-23	6.90e-19	1.43e-15	8.89e-13	1.80e-10	1.57e-08	6.73e-07	1.88e-05	5.18e-04	3.38e-02	2.80e-01	6.86e-01
 4.66164e+22	0.00e+00	1.36e-31	6.27e-27	5.65e-23	9.95e-19	1.98e-15	1.19e-12	2.32e-10	1.95e-08	8.07e-07	2.17e-05	5.74e-04	3.61e-02	2.87e-01	6.77e-01
 4.68338e+22	0.00e+00	1.99e-31	8.95e-27	7.82e-23	1.34e-18	2.59e-15	1.51e-12	2.86e-10	2.33e-08	9.35e-07	2.43e-05	6.24e-04	3.80e-02	2.93e-01	6.69e-01
 4.70664e+22	0.00e+00	3.24e-31	1.41e-26	1.18e-22	1.96e-18	3.64e-15	2.04e-12	3.72e-10	2.93e-08	1.13e-06	2.81e-05	6.93e-04	4.05e-02	3.00e-01	6.59e-01
 4.73015e+22	0.00e+00	4.94e-31	2.08e-26	1.69e-22	2.71e-18	4.89e-15	2.65e-12	4.68e-10	3.56e-08	1.33e-06	3.19e-05	7.59e-04	4.29e-02	3.06e-01	6.50e-01
 4.75023e+22	0.00e+00	7.17e-31	2.94e-26	2.32e-22	3.62e-18	6.34e-15	3.34e-12	5.72e-10	4.23e-08	1.53e-06	3.57e-05	8.23e-04	4.51e-02	3.12e-01	6.42e-01
 4.77256e+22	0.00e+00	1.16e-30	4.58e-26	3.48e-22	5.24e-18	8.84e-15	4.49e-12	7.41e-10	5.28e-08	1.84e-06	4.11e-05	9.12e-04	4.80e-02	3.19e-01	6.32e-01
 4.79569e+22	0.00e+00	1.77e-30	6.79e-26	4.98e-22	7.28e-18	1.19e-14	5.84e-12	9.32e-10	6.43e-08	2.16e-06	4.67e-05	9.99e-04	5.07e-02	3.26e-01	6.22e-01
 4.81626e+22	0.00e+00	2.66e-30	9.91e-26	7.02e-22	9.98e-18	1.58e-14	7.52e-12	1.16e-09	7.77e-08	2.53e-06	5.27e-05	1.09e-03	5.35e-02	3.32e-01	6.13e-01
 4.83941e+22	0.00e+00	4.44e-30	1.59e-25	1.08e-21	1.48e-17	2.25e-14	1.03e-11	1.53e-09	9.84e-08	3.08e-06	6.13e-05	1.22e-03	5.71e-02	3.40e-01	6.01e-01
 4.86228e+22	0.00e+00	6.62e-30	2.30e-25	1.51e-21	2.02e-17	2.97e-14	1.32e-11	1.90e-09	1.18e-07	3.59e-06	6.90e-05	1.32e-03	6.02e-02	3.46e-01	5.92e-01
 4.88177e+22	0.00e+00	9.97e-30	3.36e-25	2.13e-21	2.76e-17	3.94e-14	1.69e-11	2.36e-09	1.43e-07	4.20e-06	7.79e-05	1.44e-03	6.34e-02	3.52e-01	5.83e-01
 4.90089e+22	0.00e+00	1.46e-29	4.77e-25	2.93e-21	3.70e-17	5.13e-14	2.14e-11	2.90e-09	1.70e-07	4.85e-06	8.72e-05	1.56e-03	6.65e-02	3.58e-01	5.74e-01
 4.92253e+22	0.00e+00	2.33e-29	7.38e-25	4.36e-21	5.31e-17	7.11e-14	2.86e-11	3.74e-09	2.12e-07	5.81e-06	1.00e-04	1.73e-03	7.05e-02	3.65e-01	5.62e-01
 4.94506e+22	0.00e+00	3.61e-29	1.10e-24	6.28e-21	7.42e-17	9.60e-14	3.74e-11	4.72e-09	2.59e-07	6.86e-06	1.14e-04	1.89e-03	7.45e-02	3.72e-01	5.52e-01
 4.96495e+22	0.00e+00	4.43e-29	1.31e-24	8.83e-21	1.01e-16	1.27e-13	4.80e-11	5.87e-09	3.12e-07	8.01e-06	1.28e-04	2.06e-03	7.83e-02	3.78e-01	5.42e-01
 4.98359e+22	0.00e+00	6.48e-29	1.86e-24	1.21e-20	1.36e-16	1.65e-13	6.06e-11	7.20e-09	3.72e-07	9.26e-06	1.43e-04	2.23e-03	8.20e-02	3.83e-01	5.33e-01
 5.00439e+22	0.00e+00	1.02e-28	2.85e-24	1.78e-20	1.93e-16	2.27e-13	8.02e-11	9.20e-09	4.59e-07	1.10e-05	1.64e-04	2.45e-03	8.67e-02	3.90e-01	5.21e-01
 5.02621e+22	0.00e+00	1.58e-28	4.26e-24	2.56e-20	2.69e-16	3.06e-13	1.05e-10	1.16e-08	5.61e-07	1.30e-05	1.86e-04	2.68e-03	9.14e-02	3.96e-01	5.10e-01
 5.04554e+22	0.00e+00	2.35e-28	6.13e-24	3.56e-20	3.64e-16	4.02e-13	1.33e-10	1.43e-08	6.73e-07	1.51e-05	2.09e-04	2.90e-03	9.58e-02	4.01e-01	5.00e-01
 5.06687e+22	0.00e+00	3.84e-28	9.63e-24	5.35e-20	5.30e-16	5.64e-13	1.80e-10	1.86e-08	8.43e-07	1.82e-05	2.41e-04	3.21e-03	1.02e-01	4.07e-01	4.88e-01
 5.08851e+22	0.00e+00	5.86e-28	1.42e-23	7.59e-20	7.32e-16	7.54e-13	2.33e-10	2.33e-08	1.02e-06	2.14e-05	2.72e-04	3.49e-03	1.07e-01	4.13e-01	4.77e-01
 5.10722e+22	0.00e+00	8.71e-28	2.05e-23	1.06e-19	9.90e-16	9.89e-13	2.96e-10	2.88e-08	1.23e-06	2.48e-05	3.05e-04	3.78e-03	1.12e-01	4.18e-01	4.66e-01
 5.12821e+22	0.00e+00	1.43e-27	3.24e-23	1.59e-19	1.45e-15	1.39e-12	4.02e-10	3.76e-08	1.54e-06	3.00e-05	3.52e-04	4.18e-03	1.18e-01	4.24e-01	4.53e-01
 5.14924e+22	0.00e+00	2.12e-27	4.65e-23	2.21e-19	1.95e-15	1.82e-12	5.10e-10	4.64e-08	1.84e-06	3.48e-05	3.94e-04	4.52e-03	1.24e-01	4.28e-01	4.43e-01
 5.17031e+22	0.00e+00	3.51e-27	7.39e-23	3.35e-19	2.87e-15	2.58e-12	6.94e-10	6.07e-08	2.32e-06	4.20e-05	4.55e-04	5.00e-03	1.31e-01	4.34e-01	4.30e-01
 5.19164e+22	0.00e+00	5.28e-27	1.08e-22	4.70e-19	3.91e-15	3.41e-12	8.90e-10	7.54e-08	2.80e-06	4.90e-05	5.11e-04	5.42e-03	1.37e-01	4.38e-01	4.19e-01
 5.21331e+22	0.00e+00	8.73e-27	1.71e-22	7.12e-19	5.74e-15	4.82e-12	1.21e-09	9.86e-08	3.53e-06	5.93e-05	5.90e-04	5.98e-03	1.45e-01	4.43e-01	4.06e-01
 5.23564e+22	4.48e-34	1.37e-26	2.59e-22	1.04e-18	8.10e-15	6.57e-12	1.59e-09	1.25e-07	4.34e-06	7.03e-05	6.71e-04	6.54e-03	1.52e-01	4.47e-01	3.94e-01
 5.25452e+22	6.84e-34	2.01e-26	3.68e-22	1.42e-18	1.08e-14	8.54e-12	2.01e-09	1.54e-07	5.17e-06	8.12e-05	7.48e-04	7.04e-03	1.58e-01	4.50e-01	3.84e-01
 5.27473e+22	1.17e-33	3.27e-26	5.74e-22	2.11e-18	1.56e-14	1.19e-11	2.70e-09	1.99e-07	6.45e-06	9.74e-05	8.58e-04	7.73e-03	1.66e-01	4.54e-01	3.71e-01
 5.29511e+22	1.83e-33	4.90e-26	8.31e-22	2.94e-18	2.12e-14	1.57e-11	3.45e-09	2.46e-07	7.76e-06	1.13e-04	9.62e-04	8.35e-03	1.73e-01	4.57e-01	3.60e-01
 5.31274e+22	2.76e-33	7.09e-26	1.17e-21	3.99e-18	2.81e-14	2.02e-11	4.32e-09	3.00e-07	9.18e-06	1.30e-04	1.07e-03	8.96e-03	1.80e-01	4.59e-01	3.51e-01
 5.32931e+22	4.12e-33	1.02e-25	1.62e-21	5.35e-18	3.69e-14	2.58e-11	5.37e-09	3.63e-07	1.08e-05	1.49e-04	1.18e-03	9.59e-03	1.87e-01	4.61e-01	3.41e-01
 5.34464e+22	5.90e-33	1.40e-25	2.18e-21	6.97e-18	4.72e-14	3.22e-11	6.54e-09	4.31e-07	1.25e-05	1.68e-04	1.29e-03	1.02e-02	1.93e-01	4.63e-01	3.33e-01
 5.35885e+22	8.33e-33	1.91e-25	2.90e-21	8.96e-18	5.95e-14	3.98e-11	7.89e-09	5.08e-07	1.45e-05	1.89e-04	1.41e-03	1.08e-02	1.99e-01	4.64e-01	3.25e-01
 5.37214e+22	1.17e-32	2.59e-25	3.82e-21	1.14e-17	7.47e-14	4.88e-11	9.47e-09	5.96e-07	1.66e-05	2.12e-04	1.53e-03	1.14e-02	2.05e-01	4.65e-01	3.17e-01
 5.38508e+22	1.60e-32	3.45e-25	4.95e-21	1.44e-17	9.27e-14	5.93e-11	1.13e-08	6.93e-07	1.89e-05	2.36e-04	1.66e-03	1.21e-02	2.11e-01	4.66e-01	3.09e-01
 5.39770e+22	2.18e-32	4.55e-25	6.38e-21	1.81e-17	1.14e-13	7.16e-11	1.33e-08	8.03e-07	2.15e-05	2.62e-04	1.80e-03	1.27e-02	2.16e-01	4.67e-01	3.02e-01
 5.41005e+22	2.98e-32	6.01e-25	8.22e-21	2.26e-17	1.41e-13	8.65e-11	1.58e-08	9.30e-07	2.44e-05	2.90e-04	1.94e-03	1.34e-02	2.22e-01	4.67e-01	2.95e-01
 5.42235e+22	4.07e-32	7.95e-25	1.06e-20	2.83e-17	1.74e-13	1.05e-10	1.87e-08	1.08e-06	2.77e-05	3.22e-04	2.10e-03	1.41e-02	2.28e-01	4.67e-01	2.88e-01
 5.43465e+22	5.55e-32	1.05e-24	1.37e-20	3.55e-17	2.14e-13	1.26e-10	2.21e-08	1.25e-06	3.14e-05	3.58e-04	2.26e-03	1.48e-02	2.34e-01	4.68e-01	2.81e-01
 5.44643e+22	7.46e-32	1.37e-24	1.74e-20	4.39e-17	2.61e-13	1.51e-10	2.59e-08	1.44e-06	3.55e-05	3.95e-04	2.44e-03	1.55e-02	2.40e-01	4.68e-01	2.74e-01
 5.45757e+22	1.00e-31	1.78e-24	2.20e-20	5.41e-17	3.17e-13	1.81e-10	3.04e-08	1.65e-06	4.00e-05	4.36e-04	2.62e-03	1.63e-02	2.45e-01	4.67e-01	2.68e-01
 5.46858e+22	1.33e-31	2.29e-24	2.78e-20	6.63e-17	3.83e-13	2.15e-10	3.54e-08	1.89e-06	4.49e-05	4.79e-04	2.81e-03	1.70e-02	2.51e-01	4.67e-01	2.62e-01
 5.48122e+22	1.90e-31	3.15e-24	3.71e-20	8.55e-17	4.86e-13	2.66e-10	4.29e-08	2.24e-06	5.19e-05	5.40e-04	3.07e-03	1.80e-02	2.58e-01	4.66e-01	2.54e-01
 5.49417e+22	2.62e-31	4.21e-24	4.81e-20	1.08e-16	6.02e-13	3.23e-10	5.11e-08	2.61e-06	5.93e-05	6.01e-04	3.32e-03	1.90e-02	2.65e-01	4.66e-01	2.47e-01
 5.50530e+22	3.48e-31	5.43e-24	6.05e-20	1.31e-16	7.27e-13	3.84e-10	5.96e-08	2.98e-06	6.66e-05	6.61e-04	3.56e-03	1.99e-02	2.70e-01	4.65e-01	2.41e-01
 5.51559e+22	4.57e-31	6.91e-24	7.52e-20	1.59e-16	8.69e-13	4.52e-10	6.89e-08	3.39e-06	7.43e-05	7.24e-04	3.81e-03	2.07e-02	2.76e-01	4.64e-01	2.35e-01
 5.52553e+22	5.97e-31	8.77e-24	9.33e-20	1.92e-16	1.04e-12	5.31e-10	7.96e-08	3.84e-06	8.29e-05	7.91e-04	4.06e-03	2.16e-02	2.81e-01	4.63e-01	2.29e-01
 5.53696e+22	8.39e-31	1.19e-23	1.22e-19	2.43e-16	1.30e-12	6.51e-10	9.55e-08	4.51e-06	9.52e-05	8.86e-04	4.41e-03	2.28e-02	2.89e-01	4.61e-01	2.22e-01
 5.54852e+22	1.13e-30	1.55e-23	1.55e-19	2.99e-16	1.58e-12	7.77e-10	1.12e-07	5.19e-06	1.08e-04	9.79e-04	4.75e-03	2.39e-02	2.95e-01	4.59e-01	2.16e-01
 5.55837e+22	1.47e-30	1.96e-23	1.92e-19	3.59e-16	1.87e-12	9.10e-10	1.29e-07	5.88e-06	1.20e-04	1.07e-03	5.06e-03	2.48e-02	3.00e-01	4.58e-01	2.11e-01
 5.56928e+22	2.06e-30	2.64e-23	2.51e-19	4.54e-16	2.34e-12	1.11e-09	1.55e-07	6.89e-06	1.38e-04	1.20e-03	5.49e-03	2.62e-02	3.08e-01	4.56e-01	2.04e-01
 5.58052e+22	2.78e-30	3.44e-23	3.18e-19	5.56e-16	2.83e-12	1.33e-09	1.82e-07	7.93e-06	1.55e-04	1.32e-03	5.91e-03	2.74e-02	3.14e-01	4.53e-01	1.98e-01
 5.59047e+22	3.68e-30	4.41e-23	3.96e-19	6.73e-16	3.40e-12	1.57e-09	2.11e-07	9.05e-06	1.74e-04	1.45e-03	6.32e-03	2.86e-02	3.20e-01	4.51e-01	1.92e-01
 5.60169e+22	5.31e-30	6.10e-23	5.29e-19	8.63e-16	4.31e-12	1.95e-09	2.57e-07	1.08e-05	2.02e-04	1.64e-03	6.91e-03	3.02e-02	3.28e-01	4.48e-01	1.85e-01
 5.61261e+22	6.96e-30	7.75e-23	6.54e-19	1.03e-15	5.12e-12	2.29e-09	2.97e-07	1.22e-05	2.26e-04	1.79e-03	7.37e-03	3.14e-02	3.34e-01	4.46e-01	1.80e-01
 5.62314e+22	1.00e-29	1.07e-22	8.68e-19	1.32e-15	6.46e-12	2.84e-09	3.61e-07	1.45e-05	2.62e-04	2.03e-03	8.05e-03	3.31e-02	3.41e-01	4.42e-01	1.73e-01
 5.63365e+22	1.30e-29	1.34e-22	1.06e-18	1.57e-15	7.64e-12	3.32e-09	4.15e-07	1.64e-05	2.91e-04	2.21e-03	8.56e-03	3.44e-02	3.47e-01	4.39e-01	1.68e-01
 5.64412e+22	1.89e-29	1.87e-22	1.42e-18	2.00e-15	9.68e-12	4.13e-09	5.06e-07	1.95e-05	3.40e-04	2.50e-03	9.37e-03	3.64e-02	3.55e-01	4.35e-01	1.62e-01
 5.65427e+22	2.42e-29	2.32e-22	1.72e-18	2.36e-15	1.13e-11	4.79e-09	5.79e-07	2.20e-05	3.76e-04	2.72e-03	9.94e-03	3.77e-02	3.60e-01	4.32e-01	1.57e-01
 5.66399e+22	3.44e-29	3.16e-22	2.26e-18	2.96e-15	1.42e-11	5.89e-09	6.99e-07	2.59e-05	4.35e-04	3.06e-03	1.08e-02	3.97e-02	3.68e-01	4.27e-01	1.51e-01
 5.67379e+22	4.45e-29	3.97e-22	2.76e-18	3.50e-15	1.67e-11	6.85e-09	8.03e-07	2.93e-05	4.83e-04	3.33e-03	1.15e-02	4.11e-02	3.73e-01	4.24e-01	1.46e-01
 5.68367e+22	6.40e-29	5.46e-22	3.64e-18	4.41e-15	2.09e-11	8.49e-09	9.76e-07	3.48e-05	5.62e-04	3.76e-03	1.26e-02	4.33e-02	3.81e-01	4.19e-01	1.40e-01
 5.69359e+22	8.36e-29	6.89e-22	4.46e-18	5.24e-15	2.48e-11	9.94e-09	1.13e-06	3.95e-05	6.27e-04	4.11e-03	1.34e-02	4.50e-02	3.86e-01	4.15e-01	1.35e-01
 5.70353e+22	1.21e-28	9.54e-22	5.91e-18	6.61e-15	3.12e-11	1.24e-08	1.38e-06	4.72e-05	7.31e-04	4.66e-03	1.46e-02	4.74e-02	3.94e-01	4.09e-01	1.29e-01
 5.71353e+22	1.59e-28	1.21e-21	7.27e-18	7.85e-15	3.71e-11	1.45e-08	1.60e-06	5.38e-05	8.18e-04	5.10e-03	1.56e-02	4.92e-02	4.00e-01	4.05e-01	1.25e-01
 5.72362e+22	2.30e-28	1.67e-21	9.59e-18	9.86e-15	4.66e-11	1.80e-08	1.95e-06	6.41e-05	9.53e-04	5.76e-03	1.70e-02	5.18e-02	4.07e-01	3.99e-01	1.19e-01
 5.73361e+22	3.03e-28	2.12e-21	1.18e-17	1.17e-14	5.53e-11	2.12e-08	2.26e-06	7.31e-05	1.07e-03	6.32e-03	1.82e-02	5.37e-02	4.12e-01	3.94e-01	1.15e-01
 5.74349e+22	4.36e-28	2.91e-21	1.55e-17	1.46e-14	6.93e-11	2.63e-08	2.76e-06	8.71e-05	1.24e-03	7.14e-03	1.98e-02	5.65e-02	4.19e-01	3.87e-01	1.09e-01
 5.75352e+22	5.82e-28	3.74e-21	1.92e-17	1.74e-14	8.28e-11	3.12e-08	3.23e-06	1.00e-04	1.40e-03	7.85e-03	2.12e-02	5.87e-02	4.25e-01	3.82e-01	1.05e-01
 5.76375e+22	8.47e-28	5.18e-21	2.53e-17	2.18e-14	1.04e-10	3.89e-08	3.97e-06	1.20e-04	1.64e-03	8.90e-03	2.32e-02	6.17e-02	4.31e-01	3.74e-01	9.90e-02
 5.77409e+22	1.14e-27	6.68e-21	3.14e-17	2.59e-14	1.25e-10	4.63e-08	4.66e-06	1.38e-04	1.85e-03	9.81e-03	2.48e-02	6.41e-02	4.37e-01	3.68e-01	9.48e-02
 5.78460e+22	1.67e-27	9.31e-21	4.17e-17	3.25e-14	1.58e-10	5.82e-08	5.76e-06	1.66e-04	2.17e-03	1.12e-02	2.72e-02	6.74e-02	4.43e-01	3.60e-01	8.93e-02
 5.79516e+22	2.23e-27	1.20e-20	5.16e-17	3.86e-14	1.90e-10	6.92e-08	6.77e-06	1.92e-04	2.45e-03	1.23e-02	2.91e-02	6.99e-02	4.48e-01	3.53e-01	8.53e-02
 5.80427e+22	2.97e-27	1.53e-20	6.35e-17	4.55e-14	2.26e-10	8.20e-08	7.93e-06	2.20e-04	2.76e-03	1.35e-02	3.11e-02	7.25e-02	4.52e-01	3.47e-01	8.14e-02
 5.81458e+22	4.31e-27	2.11e-20	8.31e-17	5.63e-14	2.84e-10	1.02e-07	9.74e-06	2.64e-04	3.22e-03	1.53e-02	3.39e-02	7.59e-02	4.57e-01	3.38e-01	7.65e-02
 5.82488e+22	5.63e-27	2.66e-20	1.01e-16	6.57e-14	3.35e-10	1.20e-07	1.13e-05	3.01e-04	3.60e-03	1.67e-02	3.60e-02	7.85e-02	4.60e-01	3.31e-01	7.31e-02
 5.83515e+22	8.06e-27	3.62e-20	1.31e-16	8.04e-14	4.16e-10	1.49e-07	1.38e-05	3.59e-04	4.17e-03	1.88e-02	3.91e-02	8.20e-02	4.65e-01	3.22e-01	6.86e-02
 5.84552e+22	1.05e-26	4.55e-20	1.58e-16	9.35e-14	4.90e-10	1.74e-07	1.60e-05	4.09e-04	4.65e-03	2.04e-02	4.15e-02	8.46e-02	4.67e-01	3.16e-01	6.54e-02
 5.85604e+22	1.50e-26	6.17e-20	2.04e-16	1.14e-13	6.08e-10	2.15e-07	1.95e-05	4.86e-04	5.39e-03	2.30e-02	4.50e-02	8.82e-02	4.71e-01	3.06e-01	6.11e-02
 5.86674e+22	1.95e-26	7.74e-20	2.47e-16	1.32e-13	7.16e-10	2.52e-07	2.26e-05	5.54e-04	6.01e-03	2.50e-02	4.77e-02	9.08e-02	4.73e-01	2.99e-01	5.81e-02
 5.87767e+22	2.75e-26	1.04e-19	3.15e-16	1.60e-13	8.83e-10	3.10e-07	2.74e-05	6.55e-04	6.92e-03	2.79e-02	5.14e-02	9.44e-02	4.75e-01	2.89e-01	5.43e-02
 5.88899e+22	3.64e-26	1.32e-19	3.85e-16	1.87e-13	1.05e-09	3.67e-07	3.21e-05	7.52e-04	7.76e-03	3.05e-02	5.47e-02	9.73e-02	4.76e-01	2.82e-01	5.13e-02
 5.90078e+22	5.19e-26	1.79e-19	4.95e-16	2.27e-13	1.30e-09	4.53e-07	3.91e-05	8.94e-04	8.96e-03	3.41e-02	5.90e-02	1.01e-01	4.77e-01	2.71e-01	4.76e-02
 5.91284e+22	6.86e-26	2.28e-19	6.04e-16	2.65e-13	1.54e-09	5.36e-07	4.57e-05	1.02e-03	1.00e-02	3.72e-02	6.25e-02	1.04e-01	4.77e-01	2.63e-01	4.48e-02
 5.92358e+22	8.98e-26	2.87e-19	7.31e-16	3.07e-13	1.81e-09	6.29e-07	5.31e-05	1.17e-03	1.12e-02	4.05e-02	6.62e-02	1.07e-01	4.77e-01	2.55e-01	4.21e-02
 5.93584e+22	1.26e-25	3.84e-19	9.32e-16	3.70e-13	2.23e-09	7.71e-07	6.42e-05	1.38e-03	1.28e-02	4.50e-02	7.09e-02	1.10e-01	4.76e-01	2.45e-01	3.89e-02
 5.94828e+22	1.65e-25	4.82e-19	1.13e-15	4.28e-13	2.62e-09	9.02e-07	7.43e-05	1.57e-03	1.42e-02	4.87e-02	7.48e-02	1.13e-01	4.74e-01	2.37e-01	3.66e-02
 5.96095e+22	2.30e-25	6.42e-19	1.43e-15	5.15e-13	3.21e-09	1.10e-06	8.94e-05	1.84e-03	1.62e-02	5.38e-02	7.99e-02	1.16e-01	4.71e-01	2.27e-01	3.37e-02
 5.97324e+22	2.91e-25	7.85e-19	1.69e-15	5.86e-13	3.69e-09	1.26e-06	1.02e-04	2.06e-03	1.78e-02	5.77e-02	8.35e-02	1.18e-01	4.69e-01	2.20e-01	3.18e-02
 5.98507e+22	3.94e-25	1.02e-18	2.09e-15	6.90e-13	4.42e-09	1.51e-06	1.20e-04	2.38e-03	2.00e-02	6.30e-02	8.84e-02	1.21e-01	4.65e-01	2.10e-01	2.94e-02
 5.99712e+22	4.98e-25	1.24e-18	2.47e-15	7.85e-13	5.08e-09	1.73e-06	1.36e-04	2.65e-03	2.18e-02	6.73e-02	9.22e-02	1.23e-01	4.62e-01	2.03e-01	2.76e-02
 6.00947e+22	6.76e-25	1.61e-18	3.06e-15	9.25e-13	6.09e-09	2.06e-06	1.61e-04	3.06e-03	2.45e-02	7.34e-02	9.74e-02	1.26e-01	4.57e-01	1.94e-01	2.54e-02
 6.02199e+22	8.49e-25	1.96e-18	3.61e-15	1.05e-12	6.98e-09	2.35e-06	1.81e-04	3.40e-03	2.66e-02	7.81e-02	1.01e-01	1.28e-01	4.52e-01	1.87e-01	2.38e-02
 6.03473e+22	1.15e-24	2.54e-18	4.47e-15	1.24e-12	8.32e-09	2.80e-06	2.13e-04	3.92e-03	2.98e-02	8.48e-02	1.06e-01	1.30e-01	4.46e-01	1.77e-01	2.18e-02
 6.04725e+22	1.42e-24	3.05e-18	5.21e-15	1.40e-12	9.43e-09	3.16e-06	2.38e-04	4.31e-03	3.21e-02	8.96e-02	1.10e-01	1.31e-01	4.41e-01	1.71e-01	2.05e-02
 6.05949e+22	1.88e-24	3.88e-18	6.35e-15	1.63e-12	1.11e-08	3.70e-06	2.76e-04	4.90e-03	3.55e-02	9.65e-02	1.15e-01	1.33e-01	4.33e-01	1.62e-01	1.89e-02
 6.07197e+22	2.34e-24	4.67e-18	7.42e-15	1.84e-12	1.26e-08	4.17e-06	3.09e-04	5.39e-03	3.83e-02	1.02e-01	1.19e-01	1.34e-01	4.27e-01	1.56e-01	1.77e-02
 6.08478e+22	3.10e-24	5.95e-18	9.08e-15	2.14e-12	1.48e-08	4.89e-06	3.57e-04	6.12e-03	4.22e-02	1.09e-01	1.24e-01	1.36e-01	4.19e-01	1.48e-01	1.61e-02
 6.09783e+22	3.86e-24	7.18e-18	1.06e-14	2.42e-12	1.67e-08	5.51e-06	3.99e-04	6.73e-03	4.55e-02	1.15e-01	1.27e-01	1.37e-01	4.12e-01	1.41e-01	1.51e-02
 6.11120e+22	5.14e-24	9.18e-18	1.30e-14	2.84e-12	1.96e-08	6.44e-06	4.61e-04	7.62e-03	5.01e-02	1.23e-01	1.32e-01	1.38e-01	4.02e-01	1.33e-01	1.37e-02
 6.12480e+22	6.41e-24	1.11e-17	1.53e-14	3.22e-12	2.22e-08	7.26e-06	5.14e-04	8.37e-03	5.38e-02	1.30e-01	1.36e-01	1.38e-01	3.94e-01	1.27e-01	1.27e-02
 6.13871e+22	1.12e-24	1.42e-17	1.88e-14	3.77e-12	2.61e-08	8.48e-06	5.93e-04	9.46e-03	5.90e-02	1.38e-01	1.40e-01	1.39e-01	3.83e-01	1.19e-01	1.15e-02
 6.15289e+22	1.41e-24	1.72e-17	2.21e-14	4.29e-12	2.96e-08	9.55e-06	6.61e-04	1.04e-02	6.33e-02	1.45e-01	1.44e-01	1.39e-01	3.74e-01	1.13e-01	1.06e-02
 6.16741e+22	1.91e-24	2.22e-17	2.73e-14	5.04e-12	3.46e-08	1.11e-05	7.61e-04	1.17e-02	6.93e-02	1.54e-01	1.48e-01	1.38e-01	3.62e-01	1.06e-01	9.56e-03
 6.18159e+22	2.36e-24	2.64e-17	3.17e-14	5.69e-12	3.88e-08	1.24e-05	8.38e-04	1.27e-02	7.36e-02	1.60e-01	1.51e-01	1.38e-01	3.54e-01	1.01e-01	8.89e-03
 6.19535e+22	3.14e-24	3.34e-17	3.85e-14	6.61e-12	4.48e-08	1.42e-05	9.52e-04	1.41e-02	7.98e-02	1.69e-01	1.55e-01	1.37e-01	3.42e-01	9.38e-02	8.01e-03
 6.20933e+22	3.88e-24	3.98e-17	4.49e-14	7.47e-12	5.02e-08	1.58e-05	1.05e-03	1.53e-02	8.46e-02	1.76e-01	1.57e-01	1.37e-01	3.33e-01	8.91e-02	7.42e-03
 6.22360e+22	5.14e-24	5.03e-17	5.46e-14	8.71e-12	5.80e-08	1.81e-05	1.19e-03	1.70e-02	9.13e-02	1.85e-01	1.60e-01	1.36e-01	3.21e-01	8.29e-02	6.67e-03
 6.23832e+22	6.48e-24	6.09e-17	6.42e-14	9.91e-12	6.52e-08	2.03e-05	1.31e-03	1.85e-02	9.70e-02	1.92e-01	1.62e-01	1.34e-01	3.11e-01	7.81e-02	6.11e-03
 6.25361e+22	8.65e-24	7.73e-17	7.87e-14	1.16e-11	7.56e-08	2.33e-05	1.48e-03	2.05e-02	1.04e-01	2.01e-01	1.65e-01	1.33e-01	2.98e-01	7.23e-02	5.46e-03
 6.26941e+22	1.10e-23	9.46e-17	9.35e-14	1.34e-11	8.55e-08	2.61e-05	1.64e-03	2.23e-02	1.11e-01	2.08e-01	1.67e-01	1.31e-01	2.87e-01	6.76e-02	4.96e-03
 6.28587e+22	1.50e-23	1.21e-16	1.16e-13	1.58e-11	9.96e-08	3.01e-05	1.86e-03	2.48e-02	1.19e-01	2.17e-01	1.68e-01	1.29e-01	2.73e-01	6.20e-02	4.39e-03
 6.30279e+22	1.47e-23	1.50e-16	1.39e-13	1.83e-11	1.13e-07	3.38e-05	2.07e-03	2.70e-02	1.27e-01	2.25e-01	1.70e-01	1.27e-01	2.62e-01	5.76e-02	3.96e-03
 6.32030e+22	2.01e-23	1.94e-16	1.73e-13	2.19e-11	1.32e-07	3.90e-05	2.35e-03	2.99e-02	1.36e-01	2.34e-01	1.71e-01	1.24e-01	2.48e-01	5.25e-02	3.47e-03
 6.33839e+22	2.63e-23	2.42e-16	2.09e-13	2.54e-11	1.51e-07	4.40e-05	2.61e-03	3.26e-02	1.44e-01	2.41e-01	1.71e-01	1.21e-01	2.36e-01	4.84e-02	3.10e-03
 6.35726e+22	3.66e-23	3.17e-16	2.65e-13	3.07e-11	1.77e-07	5.11e-05	2.97e-03	3.62e-02	1.54e-01	2.50e-01	1.71e-01	1.17e-01	2.22e-01	4.36e-02	2.68e-03
 6.37658e+22	4.82e-23	3.98e-16	3.22e-13	3.59e-11	2.03e-07	5.77e-05	3.30e-03	3.95e-02	1.63e-01	2.57e-01	1.71e-01	1.14e-01	2.10e-01	3.99e-02	2.37e-03
 6.39390e+22	6.28e-23	4.94e-16	3.89e-13	4.19e-11	2.31e-07	6.49e-05	3.65e-03	4.27e-02	1.72e-01	2.63e-01	1.70e-01	1.11e-01	1.99e-01	3.66e-02	2.11e-03
 6.41380e+22	8.91e-23	6.58e-16	4.96e-13	5.09e-11	2.72e-07	7.53e-05	4.16e-03	4.74e-02	1.84e-01	2.71e-01	1.69e-01	1.06e-01	1.84e-01	3.24e-02	1.79e-03
 6.43383e+22	1.16e-22	8.17e-16	5.99e-13	5.93e-11	3.09e-07	8.43e-05	4.58e-03	5.11e-02	1.92e-01	2.76e-01	1.68e-01	1.03e-01	1.74e-01	2.96e-02	1.58e-03
 6.45401e+22	1.64e-22	1.08e-15	7.63e-13	7.18e-11	3.62e-07	9.73e-05	5.19e-03	5.64e-02	2.04e-01	2.83e-01	1.65e-01	9.83e-02	1.60e-01	2.61e-02	1.34e-03
 6.47463e+22	2.16e-22	1.36e-15	9.28e-13	8.40e-11	4.12e-07	1.09e-04	5.72e-03	6.09e-02	2.14e-01	2.88e-01	1.63e-01	9.45e-02	1.50e-01	2.36e-02	1.16e-03
 6.49580e+22	3.08e-22	1.81e-15	1.19e-12	1.02e-10	4.84e-07	1.26e-04	6.47e-03	6.70e-02	2.26e-01	2.93e-01	1.59e-01	8.96e-02	1.37e-01	2.06e-02	9.72e-04
 6.51729e+22	4.10e-22	2.29e-15	1.45e-12	1.20e-10	5.49e-07	1.41e-04	7.13e-03	7.23e-02	2.36e-01	2.96e-01	1.56e-01	8.56e-02	1.27e-01	1.84e-02	8.38e-04
 6.53921e+22	5.92e-22	3.09e-15	1.87e-12	1.46e-10	6.43e-07	1.63e-04	8.06e-03	7.94e-02	2.49e-01	3.00e-01	1.52e-01	8.04e-02	1.15e-01	1.59e-02	6.87e-04
 6.55993e+22	7.56e-22	3.76e-15	2.21e-12	1.67e-10	7.16e-07	1.79e-04	8.73e-03	8.44e-02	2.57e-01	3.02e-01	1.49e-01	7.70e-02	1.07e-01	1.43e-02	6.02e-04
 6.57909e+22	1.04e-21	4.89e-15	2.75e-12	1.98e-10	8.16e-07	2.01e-04	9.67e-03	9.14e-02	2.68e-01	3.04e-01	1.44e-01	7.25e-02	9.73e-02	1.25e-02	5.02e-04
 6.59841e+22	1.33e-21	5.96e-15	3.26e-12	2.26e-10	9.07e-07	2.21e-04	1.05e-02	9.69e-02	2.76e-01	3.04e-01	1.41e-01	6.91e-02	9.05e-02	1.12e-02	4.38e-04
 6.61792e+22	1.85e-21	7.78e-15	4.07e-12	2.68e-10	1.03e-06	2.48e-04	1.16e-02	1.05e-01	2.87e-01	3.05e-01	1.35e-01	6.47e-02	8.17e-02	9.70e-03	3.61e-04
 6.63762e+22	2.38e-21	9.55e-15	4.83e-12	3.06e-10	1.14e-06	2.72e-04	1.25e-02	1.11e-01	2.95e-01	3.04e-01	1.31e-01	6.14e-02	7.54e-02	8.65e-03	3.12e-04
 6.65756e+22	3.34e-21	1.25e-14	6.04e-12	3.62e-10	1.29e-06	3.04e-04	1.38e-02	1.20e-01	3.05e-01	3.03e-01	1.26e-01	5.72e-02	6.76e-02	7.40e-03	2.54e-04
 6.67776e+22	4.33e-21	1.55e-14	7.20e-12	4.15e-10	1.43e-06	3.33e-04	1.48e-02	1.27e-01	3.13e-01	3.01e-01	1.21e-01	5.39e-02	6.20e-02	6.54e-03	2.17e-04
 6.69832e+22	6.15e-21	2.05e-14	9.05e-12	4.93e-10	1.62e-06	3.72e-04	1.64e-02	1.37e-01	3.22e-01	2.99e-01	1.15e-01	4.98e-02	5.50e-02	5.52e-03	1.74e-04
 6.71917e+22	8.06e-21	2.55e-14	1.08e-11	5.66e-10	1.79e-06	4.07e-04	1.76e-02	1.44e-01	3.29e-01	2.96e-01	1.11e-01	4.67e-02	5.01e-02	4.84e-03	1.47e-04
 6.74039e+22	1.16e-20	3.41e-14	1.37e-11	6.77e-10	2.04e-06	4.56e-04	1.94e-02	1.55e-01	3.38e-01	2.91e-01	1.04e-01	4.29e-02	4.40e-02	4.04e-03	1.17e-04
 6.76207e+22	1.55e-20	4.31e-14	1.66e-11	7.81e-10	2.25e-06	4.99e-04	2.10e-02	1.65e-01	3.45e-01	2.87e-01	9.93e-02	3.99e-02	3.96e-02	3.49e-03	9.67e-05
 6.78437e+22	2.29e-20	5.87e-14	2.13e-11	9.42e-10	2.57e-06	5.60e-04	2.31e-02	1.77e-01	3.53e-01	2.80e-01	9.27e-02	3.62e-02	3.43e-02	2.86e-03	7.51e-05
 6.80698e+22	3.13e-20	7.51e-14	2.59e-11	1.10e-09	2.85e-06	6.14e-04	2.50e-02	1.88e-01	3.59e-01	2.74e-01	8.75e-02	3.34e-02	3.05e-02	2.44e-03	6.13e-05
 6.82940e+22	4.63e-20	1.02e-13	3.32e-11	1.32e-09	3.24e-06	6.86e-04	2.75e-02	2.01e-01	3.65e-01	2.66e-01	8.11e-02	3.02e-02	2.63e-02	1.99e-03	4.73e-05
 6.85079e+22	6.17e-20	1.28e-13	3.98e-11	1.51e-09	3.57e-06	7.45e-04	2.94e-02	2.12e-01	3.69e-01	2.60e-01	7.66e-02	2.80e-02	2.36e-02	1.71e-03	3.92e-05
 6.87148e+22	9.08e-20	1.72e-13	5.04e-11	1.81e-09	4.04e-06	8.28e-04	3.21e-02	2.26e-01	3.73e-01	2.51e-01	7.07e-02	2.53e-02	2.04e-02	1.40e-03	3.04e-05
 6.89257e+22	1.24e-19	2.19e-13	6.10e-11	2.10e-09	4.47e-06	9.02e-04	3.43e-02	2.37e-01	3.76e-01	2.43e-01	6.62e-02	2.33e-02	1.81e-02	1.19e-03	2.48e-05
 6.91322e+22	1.84e-19	2.93e-13	7.70e-11	2.52e-09	5.07e-06	1.00e-03	3.73e-02	2.52e-01	3.78e-01	2.34e-01	6.09e-02	2.10e-02	1.56e-02	9.75e-04	1.93e-05
 6.93430e+22	2.60e-19	3.78e-13	9.46e-11	2.95e-09	5.66e-06	1.09e-03	4.01e-02	2.65e-01	3.79e-01	2.25e-01	5.65e-02	1.92e-02	1.37e-02	8.17e-04	1.54e-05
 6.95484e+22	3.87e-19	5.02e-13	1.19e-10	3.53e-09	6.41e-06	1.21e-03	4.33e-02	2.79e-01	3.80e-01	2.15e-01	5.18e-02	1.73e-02	1.18e-02	6.70e-04	1.20e-05
 6.97579e+22	5.72e-19	6.59e-13	1.48e-10	4.20e-09	7.23e-06	1.33e-03	4.66e-02	2.93e-01	3.79e-01	2.05e-01	4.76e-02	1.56e-02	1.02e-02	5.54e-04	9.50e-06
 6.99656e+22	8.76e-19	8.74e-13	1.85e-10	5.03e-09	8.22e-06	1.47e-03	5.03e-02	3.08e-01	3.78e-01	1.95e-01	4.35e-02	1.40e-02	8.80e-03	4.54e-04	7.41e-06
 7.01743e+22	1.36e-18	1.15e-12	2.32e-10	6.03e-09	9.35e-06	1.63e-03	5.42e-02	3.23e-01	3.75e-01	1.85e-01	3.96e-02	1.26e-02	7.57e-03	3.72e-04	5.79e-06
 7.03806e+22	2.19e-18	1.52e-12	2.91e-10	7.25e-09	1.07e-05	1.80e-03	5.82e-02	3.39e-01	3.72e-01	1.75e-01	3.60e-02	1.13e-02	6.50e-03	3.04e-04	4.52e-06
 7.05865e+22	3.65e-18	2.01e-12	3.65e-10	8.73e-09	1.22e-05	1.99e-03	6.26e-02	3.54e-01	3.67e-01	1.65e-01	3.27e-02	1.02e-02	5.57e-03	2.49e-04	3.52e-06
 7.07929e+22	6.27e-18	2.66e-12	4.58e-10	1.05e-08	1.40e-05	2.21e-03	6.72e-02	3.69e-01	3.62e-01	1.56e-01	2.95e-02	9.07e-03	4.76e-03	2.02e-04	2.73e-06
 7.10002e+22	1.06e-17	3.52e-12	5.76e-10	1.28e-08	1.61e-05	2.45e-03	7.22e-02	3.84e-01	3.56e-01	1.46e-01	2.66e-02	8.08e-03	4.06e-03	1.64e-04	2.11e-06
 7.12088e+22	1.63e-17	4.67e-12	7.27e-10	1.55e-08	1.85e-05	2.71e-03	7.74e-02	3.99e-01	3.49e-01	1.36e-01	2.39e-02	7.18e-03	3.45e-03	1.33e-04	1.63e-06
 7.14193e+22	2.31e-17	6.18e-12	9.18e-10	1.89e-08	2.14e-05	3.01e-03	8.30e-02	4.14e-01	3.42e-01	1.27e-01	2.14e-02	6.37e-03	2.92e-03	1.07e-04	1.25e-06
 7.16324e+22	3.19e-17	8.20e-12	1.16e-09	2.31e-08	2.47e-05	3.35e-03	8.90e-02	4.29e-01	3.33e-01	1.18e-01	1.91e-02	5.62e-03	2.47e-03	8.63e-05	9.60e-07
 7.18466e+22	4.35e-17	1.08e-11	1.47e-09	2.81e-08	2.86e-05	3.72e-03	9.52e-02	4.43e-01	3.24e-01	1.10e-01	1.70e-02	4.96e-03	2.08e-03	6.94e-05	7.35e-07
 7.20643e+22	5.94e-17	1.44e-11	1.86e-09	3.46e-08	3.33e-05	4.14e-03	1.02e-01	4.57e-01	3.14e-01	1.01e-01	1.51e-02	4.35e-03	1.74e-03	5.52e-05	5.57e-07
 7.22846e+22	8.01e-17	1.90e-11	2.35e-09	4.23e-08	3.87e-05	4.59e-03	1.09e-01	4.70e-01	3.04e-01	9.33e-02	1.34e-02	3.82e-03	1.46e-03	4.41e-05	4.24e-07
 7.25092e+22	1.09e-16	2.53e-11	3.00e-09	5.23e-08	4.52e-05	5.12e-03	1.16e-01	4.83e-01	2.93e-01	8.55e-02	1.18e-02	3.33e-03	1.21e-03	3.48e-05	3.17e-07
 7.27182e+22	1.39e-16	3.18e-11	3.65e-09	6.20e-08	5.12e-05	5.59e-03	1.23e-01	4.93e-01	2.84e-01	7.96e-02	1.06e-02	2.97e-03	1.04e-03	2.87e-05	2.51e-07
 7.29338e+22	1.92e-16	4.27e-11	4.70e-09	7.74e-08	6.03e-05	6.25e-03	1.31e-01	5.05e-01	2.72e-01	7.24e-02	9.25e-03	2.56e-03	8.55e-04	2.23e-05	1.85e-07
 7.31529e+22	2.38e-16	5.36e-11	5.72e-09	9.20e-08	6.85e-05	6.82e-03	1.38e-01	5.14e-01	2.63e-01	6.71e-02	8.29e-03	2.27e-03	7.31e-04	1.83e-05	1.46e-07
 7.33767e+22	3.19e-16	7.21e-11	7.39e-09	1.15e-07	8.09e-05	7.63e-03	1.48e-01	5.24e-01	2.50e-01	6.06e-02	7.17e-03	1.94e-03	5.94e-04	1.40e-05	0.00e+00
 7.36015e+22	4.02e-16	8.97e-11	8.95e-09	1.37e-07	9.16e-05	8.30e-03	1.55e-01	5.31e-01	2.41e-01	5.61e-02	6.43e-03	1.73e-03	5.08e-04	1.15e-05	0.00e+00
 7.38274e+22	5.44e-16	1.19e-10	1.15e-08	1.71e-07	1.08e-04	9.26e-03	1.65e-01	5.40e-01	2.28e-01	5.06e-02	5.56e-03	1.47e-03	4.13e-04	8.87e-06	0.00e+00
 7.40547e+22	6.83e-16	1.48e-10	1.39e-08	2.02e-07	1.22e-04	1.00e-02	1.72e-01	5.45e-01	2.19e-01	4.67e-02	4.97e-03	1.31e-03	3.52e-04	7.26e-06	0.00e+00
 7.42838e+22	9.15e-16	1.96e-10	1.77e-08	2.51e-07	1.43e-04	1.12e-02	1.83e-01	5.51e-01	2.07e-01	4.20e-02	4.29e-03	1.11e-03	2.85e-04	5.57e-06	0.00e+00
 7.45148e+22	1.14e-15	2.42e-10	2.14e-08	2.97e-07	1.62e-04	1.21e-02	1.91e-01	5.55e-01	1.98e-01	3.87e-02	3.83e-03	9.81e-04	2.43e-04	4.55e-06	0.00e+00
 7.47485e+22	1.52e-15	3.17e-10	2.73e-08	3.70e-07	1.90e-04	1.34e-02	2.02e-01	5.59e-01	1.86e-01	3.47e-02	3.29e-03	8.33e-04	1.96e-04	3.48e-06	0.00e+00
 7.49851e+22	1.89e-15	3.91e-10	3.29e-08	4.37e-07	2.15e-04	1.46e-02	2.10e-01	5.62e-01	1.78e-01	3.18e-02	2.93e-03	7.33e-04	1.66e-04	2.83e-06	0.00e+00
