#depth	Cl	Cl+	Cl+2	Cl+3	Cl+4	Cl+5	Cl+6	Cl+7	Cl+8	Cl+9	Cl+10	Cl+11	Cl+12	Cl+13	Cl+14	Cl+15	Cl+16	Cl+17
 4.62852e+21	0.00e+00	0.00e+00	0.00e+00	0.00e+00	0.00e+00	0.00e+00	0.00e+00	0.00e+00	0.00e+00	0.00e+00	1.13e-22	5.30e-19	1.35e-15	2.20e-12	3.93e-09	1.30e-05	6.33e-03	9.94e-01
 1.05216e+22	0.00e+00	0.00e+00	0.00e+00	0.00e+00	0.00e+00	0.00e+00	0.00e+00	0.00e+00	0.00e+00	2.49e-25	1.36e-21	4.42e-18	8.26e-15	9.32e-12	1.16e-08	2.67e-05	9.06e-03	9.91e-01
 1.26211e+22	0.00e+00	0.00e+00	0.00e+00	0.00e+00	0.00e+00	0.00e+00	0.00e+00	0.00e+00	1.78e-28	1.66e-24	7.12e-21	1.83e-17	2.69e-14	2.40e-11	2.36e-08	4.28e-05	1.15e-02	9.88e-01
 1.41239e+22	0.00e+00	0.00e+00	0.00e+00	0.00e+00	0.00e+00	0.00e+00	0.00e+00	0.00e+00	9.80e-28	7.53e-24	2.67e-20	5.66e-17	6.89e-14	5.09e-11	4.15e-08	6.24e-05	1.38e-02	9.86e-01
 1.50910e+22	0.00e+00	0.00e+00	0.00e+00	0.00e+00	0.00e+00	0.00e+00	0.00e+00	0.00e+00	2.01e-27	1.42e-23	4.63e-20	9.28e-17	1.04e-13	7.07e-11	5.31e-08	7.35e-05	1.50e-02	9.85e-01
 1.57791e+22	0.00e+00	0.00e+00	0.00e+00	0.00e+00	0.00e+00	0.00e+00	0.00e+00	0.00e+00	5.51e-27	3.48e-23	1.01e-19	1.81e-16	1.82e-13	1.10e-10	7.41e-08	9.18e-05	1.67e-02	9.83e-01
 1.63890e+22	0.00e+00	0.00e+00	0.00e+00	0.00e+00	0.00e+00	0.00e+00	0.00e+00	0.00e+00	9.37e-27	5.57e-23	1.53e-19	2.58e-16	2.43e-13	1.40e-10	8.83e-08	1.03e-04	1.77e-02	9.82e-01
 1.68972e+22	0.00e+00	0.00e+00	0.00e+00	0.00e+00	0.00e+00	0.00e+00	0.00e+00	0.00e+00	1.92e-26	1.05e-22	2.66e-19	4.14e-16	3.61e-13	1.91e-10	1.12e-07	1.21e-04	1.92e-02	9.81e-01
 1.74245e+22	0.00e+00	0.00e+00	0.00e+00	0.00e+00	0.00e+00	0.00e+00	0.00e+00	0.00e+00	3.58e-26	1.83e-22	4.32e-19	6.27e-16	5.10e-13	2.52e-10	1.38e-07	1.38e-04	2.05e-02	9.79e-01
 1.78991e+22	0.00e+00	0.00e+00	0.00e+00	0.00e+00	0.00e+00	0.00e+00	0.00e+00	0.00e+00	6.50e-26	3.10e-22	6.85e-19	9.30e-16	7.07e-13	3.28e-10	1.67e-07	1.58e-04	2.19e-02	9.78e-01
 1.84386e+22	0.00e+00	0.00e+00	0.00e+00	0.00e+00	0.00e+00	0.00e+00	0.00e+00	1.42e-29	1.44e-25	6.28e-22	1.27e-18	1.57e-15	1.10e-12	4.65e-10	2.18e-07	1.88e-04	2.39e-02	9.76e-01
 1.89709e+22	0.00e+00	0.00e+00	0.00e+00	0.00e+00	0.00e+00	0.00e+00	0.00e+00	2.59e-29	2.47e-25	1.01e-21	1.93e-18	2.25e-15	1.48e-12	5.90e-10	2.60e-07	2.11e-04	2.53e-02	9.75e-01
 1.94936e+22	0.00e+00	0.00e+00	0.00e+00	0.00e+00	0.00e+00	0.00e+00	0.00e+00	5.87e-29	5.16e-25	1.95e-21	3.40e-18	3.66e-15	2.21e-12	8.14e-10	3.31e-07	2.48e-04	2.74e-02	9.72e-01
 2.00339e+22	0.00e+00	0.00e+00	0.00e+00	0.00e+00	0.00e+00	0.00e+00	0.00e+00	1.19e-28	9.73e-25	3.42e-21	5.56e-18	5.57e-15	3.13e-12	1.08e-09	4.08e-07	2.85e-04	2.93e-02	9.70e-01
 2.05134e+22	0.00e+00	0.00e+00	0.00e+00	0.00e+00	0.00e+00	0.00e+00	0.00e+00	2.31e-28	1.76e-24	5.79e-21	8.81e-18	8.25e-15	4.34e-12	1.40e-09	4.96e-07	3.25e-04	3.12e-02	9.68e-01
 2.10529e+22	0.00e+00	0.00e+00	0.00e+00	0.00e+00	0.00e+00	0.00e+00	0.00e+00	5.57e-28	3.88e-24	1.17e-20	1.62e-17	1.39e-14	6.70e-12	1.98e-09	6.43e-07	3.86e-04	3.40e-02	9.66e-01
 2.15918e+22	0.00e+00	0.00e+00	0.00e+00	0.00e+00	0.00e+00	0.00e+00	0.00e+00	1.02e-27	6.66e-24	1.88e-20	2.48e-17	2.00e-14	9.06e-12	2.51e-09	7.70e-07	4.35e-04	3.61e-02	9.64e-01
 2.21297e+22	0.00e+00	0.00e+00	0.00e+00	0.00e+00	0.00e+00	0.00e+00	0.00e+00	2.48e-27	1.48e-23	3.81e-20	4.60e-17	3.38e-14	1.40e-11	3.57e-09	1.00e-06	5.17e-04	3.93e-02	9.60e-01
 2.26623e+22	0.00e+00	0.00e+00	0.00e+00	0.00e+00	0.00e+00	0.00e+00	0.00e+00	4.53e-27	2.54e-23	6.15e-20	6.99e-17	4.84e-14	1.89e-11	4.52e-09	1.19e-06	5.82e-04	4.16e-02	9.58e-01
 2.31005e+22	0.00e+00	0.00e+00	0.00e+00	0.00e+00	0.00e+00	0.00e+00	0.00e+00	8.13e-27	4.30e-23	9.79e-20	1.05e-16	6.83e-14	2.51e-11	5.68e-09	1.42e-06	6.52e-04	4.40e-02	9.55e-01
 2.35123e+22	0.00e+00	0.00e+00	0.00e+00	0.00e+00	0.00e+00	0.00e+00	0.00e+00	1.44e-26	7.17e-23	1.54e-19	1.56e-16	9.58e-14	3.33e-11	7.11e-09	1.68e-06	7.28e-04	4.64e-02	9.53e-01
 2.39157e+22	0.00e+00	0.00e+00	0.00e+00	0.00e+00	0.00e+00	0.00e+00	0.00e+00	2.52e-26	1.18e-22	2.40e-19	2.29e-16	1.33e-13	4.37e-11	8.85e-09	1.97e-06	8.11e-04	4.89e-02	9.50e-01
 2.43178e+22	0.00e+00	0.00e+00	0.00e+00	0.00e+00	0.00e+00	0.00e+00	0.00e+00	4.42e-26	1.96e-22	3.75e-19	3.38e-16	1.86e-13	5.76e-11	1.10e-08	2.33e-06	9.05e-04	5.16e-02	9.47e-01
 2.47192e+22	0.00e+00	0.00e+00	0.00e+00	0.00e+00	0.00e+00	0.00e+00	5.26e-30	7.71e-26	3.23e-22	5.83e-19	4.96e-16	2.57e-13	7.55e-11	1.37e-08	2.74e-06	1.01e-03	5.44e-02	9.45e-01
 2.51806e+22	0.00e+00	0.00e+00	0.00e+00	0.00e+00	0.00e+00	0.00e+00	1.16e-29	1.58e-25	6.12e-22	1.03e-18	8.13e-16	3.92e-13	1.07e-10	1.81e-08	3.37e-06	1.16e-03	5.81e-02	9.41e-01
 2.56463e+22	0.00e+00	0.00e+00	0.00e+00	0.00e+00	0.00e+00	0.00e+00	2.18e-29	2.80e-25	1.02e-21	1.62e-18	1.21e-15	5.49e-13	1.42e-10	2.26e-08	3.98e-06	1.29e-03	6.13e-02	9.37e-01
 2.60510e+22	0.00e+00	0.00e+00	0.00e+00	0.00e+00	0.00e+00	0.00e+00	4.04e-29	4.88e-25	1.68e-21	2.52e-18	1.77e-15	7.62e-13	1.86e-10	2.81e-08	4.68e-06	1.44e-03	6.46e-02	9.34e-01
 2.65106e+22	0.00e+00	0.00e+00	0.00e+00	0.00e+00	0.00e+00	0.00e+00	9.12e-29	1.02e-24	3.26e-21	4.51e-18	2.94e-15	1.17e-12	2.66e-10	3.74e-08	5.80e-06	1.65e-03	6.91e-02	9.29e-01
 2.69679e+22	0.00e+00	0.00e+00	0.00e+00	0.00e+00	0.00e+00	0.00e+00	1.65e-28	1.74e-24	5.27e-21	6.90e-18	4.27e-15	1.61e-12	3.46e-10	4.61e-08	6.78e-06	1.83e-03	7.26e-02	9.26e-01
 2.73367e+22	0.00e+00	0.00e+00	0.00e+00	0.00e+00	0.00e+00	0.00e+00	2.82e-28	2.83e-24	8.13e-21	1.02e-17	5.97e-15	2.14e-12	4.38e-10	5.57e-08	7.81e-06	2.01e-03	7.59e-02	9.22e-01
 2.76748e+22	0.00e+00	0.00e+00	0.00e+00	0.00e+00	0.00e+00	0.00e+00	4.73e-28	4.51e-24	1.23e-20	1.47e-17	8.24e-15	2.82e-12	5.50e-10	6.68e-08	8.93e-06	2.20e-03	7.92e-02	9.19e-01
 2.80588e+22	0.00e+00	0.00e+00	0.00e+00	0.00e+00	0.00e+00	0.00e+00	8.95e-28	8.02e-24	2.07e-20	2.32e-17	1.22e-14	3.95e-12	7.27e-10	8.34e-08	1.05e-05	2.45e-03	8.35e-02	9.14e-01
 2.84569e+22	0.00e+00	0.00e+00	0.00e+00	0.00e+00	0.00e+00	0.00e+00	1.57e-27	1.34e-23	3.26e-20	3.47e-17	1.74e-14	5.33e-12	9.31e-10	1.02e-07	1.22e-05	2.70e-03	8.74e-02	9.10e-01
 2.88044e+22	0.00e+00	0.00e+00	0.00e+00	0.00e+00	0.00e+00	0.00e+00	2.63e-27	2.13e-23	4.95e-20	5.01e-17	2.40e-14	7.00e-12	1.17e-09	1.22e-07	1.40e-05	2.95e-03	9.12e-02	9.06e-01
 2.91871e+22	0.00e+00	0.00e+00	0.00e+00	0.00e+00	0.00e+00	0.00e+00	4.88e-27	3.72e-23	8.14e-20	7.78e-17	3.51e-14	9.68e-12	1.53e-09	1.51e-07	1.64e-05	3.28e-03	9.58e-02	9.01e-01
 2.95891e+22	0.00e+00	0.00e+00	0.00e+00	0.00e+00	0.00e+00	1.89e-30	8.72e-27	6.28e-23	1.30e-19	1.18e-16	5.04e-14	1.32e-11	1.97e-09	1.85e-07	1.91e-05	3.62e-03	1.00e-01	8.96e-01
 2.99451e+22	0.00e+00	0.00e+00	0.00e+00	0.00e+00	0.00e+00	3.39e-30	1.49e-26	1.02e-22	2.01e-19	1.73e-16	7.04e-14	1.75e-11	2.49e-09	2.22e-07	2.19e-05	3.96e-03	1.05e-01	8.91e-01
 3.02813e+22	0.00e+00	0.00e+00	0.00e+00	0.00e+00	0.00e+00	5.89e-30	2.48e-26	1.62e-22	3.04e-19	2.49e-16	9.66e-14	2.29e-11	3.11e-09	2.66e-07	2.50e-05	4.32e-03	1.09e-01	8.86e-01
 3.06629e+22	0.00e+00	0.00e+00	0.00e+00	0.00e+00	0.00e+00	1.16e-29	4.64e-26	2.85e-22	5.03e-19	3.89e-16	1.42e-13	3.18e-11	4.09e-09	3.30e-07	2.94e-05	4.80e-03	1.15e-01	8.80e-01
 3.10303e+22	0.00e+00	0.00e+00	0.00e+00	0.00e+00	0.00e+00	1.98e-29	7.55e-26	4.43e-22	7.47e-19	5.51e-16	1.93e-13	4.12e-11	5.06e-09	3.91e-07	3.33e-05	5.22e-03	1.19e-01	8.76e-01
 3.13229e+22	0.00e+00	0.00e+00	0.00e+00	0.00e+00	0.00e+00	3.17e-29	1.17e-25	6.57e-22	1.06e-18	7.53e-16	2.53e-13	5.19e-11	6.12e-09	4.55e-07	3.73e-05	5.61e-03	1.23e-01	8.71e-01
 3.16469e+22	0.00e+00	0.00e+00	0.00e+00	0.00e+00	0.00e+00	5.56e-29	1.96e-25	1.05e-21	1.61e-18	1.09e-15	3.48e-13	6.80e-11	7.65e-09	5.43e-07	4.25e-05	6.12e-03	1.28e-01	8.65e-01
 3.19950e+22	0.00e+00	0.00e+00	0.00e+00	0.00e+00	0.00e+00	9.68e-29	3.26e-25	1.66e-21	2.44e-18	1.57e-15	4.78e-13	8.90e-11	9.56e-09	6.49e-07	4.85e-05	6.66e-03	1.34e-01	8.60e-01
 3.23035e+22	0.00e+00	0.00e+00	0.00e+00	0.00e+00	0.00e+00	1.56e-28	5.06e-25	2.47e-21	3.48e-18	2.14e-15	6.28e-13	1.12e-10	1.16e-08	7.56e-07	5.43e-05	7.17e-03	1.38e-01	8.55e-01
 3.26336e+22	0.00e+00	0.00e+00	0.00e+00	0.00e+00	0.00e+00	2.76e-28	8.58e-25	3.97e-21	5.32e-18	3.12e-15	8.68e-13	1.48e-10	1.45e-08	9.05e-07	6.21e-05	7.82e-03	1.44e-01	8.48e-01
 3.29823e+22	0.00e+00	0.00e+00	0.00e+00	0.00e+00	0.00e+00	4.77e-28	1.42e-24	6.26e-21	7.99e-18	4.47e-15	1.19e-12	1.93e-10	1.81e-08	1.08e-06	7.07e-05	8.51e-03	1.49e-01	8.42e-01
 3.32914e+22	0.00e+00	0.00e+00	0.00e+00	0.00e+00	0.00e+00	7.82e-28	2.23e-24	9.45e-21	1.15e-17	6.18e-15	1.57e-12	2.45e-10	2.20e-08	1.26e-06	7.93e-05	9.17e-03	1.55e-01	8.36e-01
 3.35829e+22	0.00e+00	0.00e+00	0.00e+00	0.00e+00	0.00e+00	1.26e-27	3.47e-24	1.41e-20	1.65e-17	8.47e-15	2.07e-12	3.09e-10	2.67e-08	1.47e-06	8.88e-05	9.87e-03	1.60e-01	8.30e-01
 3.38562e+22	0.00e+00	0.00e+00	0.00e+00	0.00e+00	0.00e+00	1.93e-27	5.14e-24	2.01e-20	2.27e-17	1.12e-14	2.64e-12	3.80e-10	3.16e-08	1.68e-06	9.81e-05	1.05e-02	1.64e-01	8.25e-01
 3.41523e+22	0.00e+00	0.00e+00	0.00e+00	0.00e+00	0.00e+00	3.19e-27	8.17e-24	3.05e-20	3.29e-17	1.56e-14	3.51e-12	4.83e-10	3.86e-08	1.96e-06	1.10e-04	1.13e-02	1.70e-01	8.18e-01
 3.44662e+22	0.00e+00	0.00e+00	0.00e+00	0.00e+00	1.22e-30	5.22e-27	1.28e-23	4.59e-20	4.74e-17	2.15e-14	4.65e-12	6.14e-10	4.70e-08	2.30e-06	1.24e-04	1.22e-02	1.76e-01	8.12e-01
 3.47422e+22	0.00e+00	0.00e+00	0.00e+00	0.00e+00	1.95e-30	8.07e-27	1.92e-23	6.60e-20	6.56e-17	2.86e-14	5.95e-12	7.57e-10	5.59e-08	2.64e-06	1.37e-04	1.30e-02	1.81e-01	8.06e-01
 3.50398e+22	0.00e+00	0.00e+00	0.00e+00	0.00e+00	3.39e-30	1.35e-26	3.09e-23	1.01e-19	9.63e-17	4.01e-14	7.98e-12	9.70e-10	6.86e-08	3.10e-06	1.54e-04	1.41e-02	1.87e-01	7.99e-01
 3.53544e+22	0.00e+00	0.00e+00	0.00e+00	0.00e+00	5.74e-30	2.20e-26	4.84e-23	1.52e-19	1.39e-16	5.54e-14	1.06e-11	1.23e-09	8.34e-08	3.62e-06	1.73e-04	1.52e-02	1.93e-01	7.91e-01
 3.56282e+22	0.00e+00	0.00e+00	0.00e+00	0.00e+00	9.17e-30	3.40e-26	7.21e-23	2.19e-19	1.92e-16	7.37e-14	1.35e-11	1.52e-09	9.91e-08	4.15e-06	1.91e-04	1.62e-02	1.99e-01	7.85e-01
 3.59213e+22	0.00e+00	0.00e+00	0.00e+00	0.00e+00	1.57e-29	5.63e-26	1.15e-22	3.33e-19	2.78e-16	1.02e-13	1.80e-11	1.93e-09	1.21e-07	4.85e-06	2.14e-04	1.74e-02	2.05e-01	7.77e-01
 3.62320e+22	0.00e+00	0.00e+00	0.00e+00	0.00e+00	2.65e-29	9.12e-26	1.79e-22	4.98e-19	3.99e-16	1.41e-13	2.37e-11	2.44e-09	1.46e-07	5.65e-06	2.40e-04	1.87e-02	2.12e-01	7.69e-01
 3.65083e+22	0.00e+00	0.00e+00	0.00e+00	0.00e+00	4.24e-29	1.41e-25	2.68e-22	7.16e-19	5.52e-16	1.87e-13	3.04e-11	3.01e-09	1.74e-07	6.48e-06	2.65e-04	1.99e-02	2.18e-01	7.62e-01
 3.67560e+22	0.00e+00	0.00e+00	0.00e+00	0.00e+00	6.48e-29	2.09e-25	3.84e-22	9.94e-19	7.41e-16	2.43e-13	3.80e-11	3.65e-09	2.04e-07	7.34e-06	2.90e-04	2.11e-02	2.23e-01	7.55e-01
 3.69881e+22	0.00e+00	0.00e+00	0.00e+00	0.00e+00	9.60e-29	3.02e-25	5.39e-22	1.35e-18	9.72e-16	3.08e-13	4.68e-11	4.34e-09	2.35e-07	8.22e-06	3.16e-04	2.23e-02	2.28e-01	7.49e-01
 3.72543e+22	0.00e+00	0.00e+00	0.00e+00	0.00e+00	1.55e-28	4.71e-25	8.12e-22	1.95e-18	1.35e-15	4.13e-13	6.02e-11	5.37e-09	2.80e-07	9.44e-06	3.49e-04	2.38e-02	2.34e-01	7.41e-01
 3.75402e+22	0.00e+00	0.00e+00	0.00e+00	0.00e+00	1.22e-28	3.58e-25	5.96e-22	2.83e-18	1.88e-15	5.52e-13	7.75e-11	6.65e-09	3.34e-07	1.08e-05	3.87e-04	2.53e-02	2.41e-01	7.34e-01
 3.77986e+22	0.00e+00	0.00e+00	0.00e+00	0.00e+00	3.89e-28	1.11e-24	1.78e-21	3.98e-18	2.56e-15	7.23e-13	9.80e-11	8.12e-09	3.93e-07	1.23e-05	4.25e-04	2.69e-02	2.47e-01	7.26e-01
 3.80434e+22	0.00e+00	0.00e+00	0.00e+00	0.00e+00	2.92e-28	8.05e-25	1.26e-21	5.55e-18	3.44e-15	9.39e-13	1.23e-10	9.82e-09	4.60e-07	1.39e-05	4.65e-04	2.85e-02	2.53e-01	7.18e-01
 3.82847e+22	0.00e+00	0.00e+00	0.00e+00	0.00e+00	4.41e-28	1.18e-24	1.79e-21	7.64e-18	4.58e-15	1.21e-12	1.53e-10	1.18e-08	5.36e-07	1.57e-05	5.07e-04	3.01e-02	2.58e-01	7.11e-01
 3.85593e+22	0.00e+00	0.00e+00	0.00e+00	0.00e+00	7.24e-28	1.88e-24	2.74e-21	1.12e-17	6.45e-15	1.63e-12	1.98e-10	1.47e-08	6.41e-07	1.81e-05	5.62e-04	3.21e-02	2.65e-01	7.02e-01
 3.88468e+22	0.00e+00	0.00e+00	0.00e+00	0.00e+00	1.17e-27	2.92e-24	4.13e-21	1.62e-17	8.97e-15	2.18e-12	2.55e-10	1.82e-08	7.65e-07	2.08e-05	6.22e-04	3.42e-02	2.72e-01	6.93e-01
 3.90963e+22	0.00e+00	0.00e+00	0.00e+00	4.72e-31	1.79e-27	4.34e-24	5.93e-21	2.25e-17	1.20e-14	2.83e-12	3.19e-10	2.20e-08	8.93e-07	2.35e-05	6.79e-04	3.61e-02	2.78e-01	6.85e-01
 3.93656e+22	0.00e+00	0.00e+00	0.00e+00	8.01e-31	2.93e-27	6.88e-24	9.08e-21	3.31e-17	1.69e-14	3.83e-12	4.14e-10	2.75e-08	1.07e-06	2.71e-05	7.53e-04	3.85e-02	2.85e-01	6.76e-01
 3.96519e+22	0.00e+00	0.00e+00	0.00e+00	1.33e-30	4.71e-27	1.07e-23	1.36e-20	4.78e-17	2.35e-14	5.11e-12	5.32e-10	3.40e-08	1.27e-06	3.10e-05	8.31e-04	4.10e-02	2.92e-01	6.66e-01
 3.98973e+22	0.00e+00	0.00e+00	0.00e+00	2.06e-30	7.09e-27	1.56e-23	1.93e-20	6.55e-17	3.12e-14	6.55e-12	6.61e-10	4.08e-08	1.48e-06	3.49e-05	9.05e-04	4.32e-02	2.98e-01	6.58e-01
 4.01187e+22	0.00e+00	0.00e+00	0.00e+00	3.07e-30	1.03e-26	2.21e-23	2.66e-20	8.75e-17	4.04e-14	8.23e-12	8.04e-10	4.81e-08	1.69e-06	3.88e-05	9.77e-04	4.53e-02	3.03e-01	6.50e-01
 4.03721e+22	0.00e+00	0.00e+00	0.00e+00	5.01e-30	1.63e-26	3.39e-23	3.94e-20	1.25e-16	5.54e-14	1.09e-11	1.02e-09	5.89e-08	2.00e-06	4.42e-05	1.07e-03	4.80e-02	3.10e-01	6.41e-01
 4.06462e+22	0.00e+00	0.00e+00	0.00e+00	8.16e-30	2.57e-26	5.17e-23	5.82e-20	1.77e-16	7.59e-14	1.43e-11	1.30e-09	7.22e-08	2.36e-06	5.03e-05	1.18e-03	5.09e-02	3.17e-01	6.31e-01
 4.08972e+22	0.00e+00	0.00e+00	0.00e+00	1.29e-29	3.94e-26	7.69e-23	8.38e-20	2.47e-16	1.02e-13	1.86e-11	1.63e-09	8.74e-08	2.76e-06	5.68e-05	1.29e-03	5.37e-02	3.23e-01	6.22e-01
 4.11736e+22	0.00e+00	0.00e+00	0.00e+00	2.21e-29	6.53e-26	1.23e-22	1.29e-19	3.66e-16	1.45e-13	2.53e-11	2.13e-09	1.09e-07	3.31e-06	6.56e-05	1.43e-03	5.72e-02	3.30e-01	6.11e-01
 4.14497e+22	0.00e+00	0.00e+00	0.00e+00	3.57e-29	1.02e-25	1.87e-22	1.89e-19	5.17e-16	1.97e-13	3.33e-11	2.69e-09	1.34e-07	3.90e-06	7.45e-05	1.56e-03	6.05e-02	3.37e-01	6.01e-01
 4.16753e+22	0.00e+00	0.00e+00	0.00e+00	5.38e-29	1.50e-25	2.66e-22	2.62e-19	6.94e-16	2.57e-13	4.20e-11	3.30e-09	1.58e-07	4.48e-06	8.30e-05	1.69e-03	6.35e-02	3.42e-01	5.92e-01
 4.19184e+22	0.00e+00	0.00e+00	0.00e+00	8.62e-29	2.33e-25	4.01e-22	3.83e-19	9.78e-16	3.49e-13	5.49e-11	4.16e-09	1.93e-07	5.26e-06	9.40e-05	1.85e-03	6.70e-02	3.49e-01	5.82e-01
 4.21837e+22	0.00e+00	0.00e+00	0.00e+00	1.39e-28	3.63e-25	6.07e-22	5.60e-19	1.38e-15	4.74e-13	7.20e-11	5.26e-09	2.35e-07	6.19e-06	1.07e-04	2.02e-03	7.07e-02	3.55e-01	5.72e-01
 4.24311e+22	0.00e+00	0.00e+00	0.00e+00	1.25e-28	3.18e-25	5.15e-22	7.97e-19	1.90e-15	6.31e-13	9.26e-11	6.54e-09	2.82e-07	7.19e-06	1.20e-04	2.20e-03	7.44e-02	3.61e-01	5.62e-01
 4.27056e+22	0.00e+00	0.00e+00	0.00e+00	2.14e-28	5.25e-25	8.21e-22	1.22e-18	2.80e-15	8.91e-13	1.26e-10	8.50e-09	3.52e-07	8.61e-06	1.38e-04	2.43e-03	7.90e-02	3.68e-01	5.50e-01
 4.29800e+22	0.00e+00	0.00e+00	0.00e+00	3.44e-28	8.18e-25	1.24e-21	1.78e-18	3.93e-15	1.21e-12	1.64e-10	1.07e-08	4.29e-07	1.01e-05	1.56e-04	2.66e-03	8.33e-02	3.74e-01	5.39e-01
 4.32045e+22	0.00e+00	0.00e+00	0.00e+00	5.19e-28	1.20e-24	1.77e-21	2.47e-18	5.29e-15	1.58e-12	2.08e-10	1.32e-08	5.09e-07	1.16e-05	1.74e-04	2.87e-03	8.72e-02	3.80e-01	5.30e-01
 4.34469e+22	0.00e+00	0.00e+00	0.00e+00	8.35e-28	1.87e-24	2.68e-21	3.60e-18	7.46e-15	2.14e-12	2.72e-10	1.66e-08	6.20e-07	1.37e-05	1.97e-04	3.13e-03	9.18e-02	3.86e-01	5.19e-01
 4.37090e+22	0.00e+00	0.00e+00	0.00e+00	1.35e-27	2.92e-24	4.04e-21	5.25e-18	1.05e-14	2.91e-12	3.57e-10	2.10e-08	7.57e-07	1.61e-05	2.24e-04	3.42e-03	9.67e-02	3.92e-01	5.08e-01
 4.39491e+22	0.00e+00	0.00e+00	2.87e-31	2.06e-27	4.36e-24	5.85e-21	7.36e-18	1.43e-14	3.83e-12	4.55e-10	2.59e-08	9.02e-07	1.86e-05	2.50e-04	3.70e-03	1.01e-01	3.97e-01	4.98e-01
 4.42136e+22	0.00e+00	0.00e+00	5.13e-31	3.56e-27	7.26e-24	9.37e-21	1.13e-17	2.11e-14	5.44e-12	6.20e-10	3.39e-08	1.13e-06	2.23e-05	2.88e-04	4.09e-03	1.07e-01	4.03e-01	4.85e-01
 4.44723e+22	0.00e+00	0.00e+00	8.12e-31	5.49e-27	1.09e-23	1.36e-20	1.59e-17	2.88e-14	7.18e-12	7.92e-10	4.19e-08	1.36e-06	2.59e-05	3.22e-04	4.43e-03	1.12e-01	4.08e-01	4.75e-01
 4.46870e+22	0.00e+00	0.00e+00	1.24e-30	8.19e-27	1.58e-23	1.92e-20	2.18e-17	3.84e-14	9.29e-12	9.94e-10	5.10e-08	1.60e-06	2.96e-05	3.58e-04	4.76e-03	1.17e-01	4.13e-01	4.65e-01
 4.49293e+22	0.00e+00	0.00e+00	2.06e-30	1.32e-26	2.46e-23	2.90e-20	3.18e-17	5.40e-14	1.26e-11	1.30e-09	6.44e-08	1.95e-06	3.47e-05	4.04e-04	5.19e-03	1.23e-01	4.18e-01	4.54e-01
 4.51889e+22	0.00e+00	0.00e+00	3.46e-30	2.15e-26	3.87e-23	4.40e-20	4.64e-17	7.63e-14	1.72e-11	1.71e-09	8.18e-08	2.39e-06	4.10e-05	4.59e-04	5.67e-03	1.30e-01	4.23e-01	4.42e-01
 4.54197e+22	0.00e+00	0.00e+00	5.34e-30	3.24e-26	5.67e-23	6.27e-20	6.41e-17	1.02e-13	2.24e-11	2.16e-09	1.00e-07	2.83e-06	4.71e-05	5.10e-04	6.10e-03	1.35e-01	4.27e-01	4.32e-01
 4.56684e+22	0.00e+00	0.00e+00	9.18e-30	5.38e-26	9.09e-23	9.69e-20	9.51e-17	1.47e-13	3.10e-11	2.88e-09	1.28e-07	3.49e-06	5.59e-05	5.82e-04	6.68e-03	1.42e-01	4.31e-01	4.19e-01
 4.59203e+22	0.00e+00	0.00e+00	1.47e-29	8.39e-26	1.37e-22	1.42e-19	1.35e-16	2.02e-13	4.11e-11	3.70e-09	1.60e-07	4.20e-06	6.49e-05	6.52e-04	7.23e-03	1.49e-01	4.35e-01	4.08e-01
 4.61335e+22	0.00e+00	0.00e+00	2.27e-29	1.26e-25	2.00e-22	2.00e-19	1.84e-16	2.68e-13	5.32e-11	4.65e-09	1.95e-07	4.97e-06	7.45e-05	7.24e-04	7.77e-03	1.55e-01	4.38e-01	3.98e-01
 4.63677e+22	0.00e+00	0.00e+00	3.75e-29	2.02e-25	3.11e-22	3.01e-19	2.66e-16	3.76e-13	7.20e-11	6.08e-09	2.45e-07	6.05e-06	8.73e-05	8.17e-04	8.45e-03	1.62e-01	4.42e-01	3.87e-01
 4.66164e+22	0.00e+00	0.00e+00	6.26e-29	3.26e-25	4.84e-22	4.51e-19	3.84e-16	5.26e-13	9.76e-11	7.97e-09	3.10e-07	7.39e-06	1.03e-04	9.25e-04	9.19e-03	1.70e-01	4.45e-01	3.75e-01
 4.68338e+22	0.00e+00	0.00e+00	9.51e-29	4.83e-25	6.97e-22	6.32e-19	5.21e-16	6.96e-13	1.25e-10	9.94e-09	3.76e-07	8.69e-06	1.17e-04	1.02e-03	9.84e-03	1.76e-01	4.48e-01	3.65e-01
 4.70664e+22	0.00e+00	0.00e+00	1.61e-28	7.93e-25	1.10e-21	9.62e-19	7.61e-16	9.86e-13	1.72e-10	1.31e-08	4.79e-07	1.07e-05	1.39e-04	1.16e-03	1.07e-02	1.84e-01	4.50e-01	3.53e-01
 4.73015e+22	0.00e+00	0.00e+00	2.55e-28	1.21e-24	1.63e-21	1.38e-18	1.05e-15	1.33e-12	2.25e-10	1.67e-08	5.90e-07	1.27e-05	1.60e-04	1.29e-03	1.15e-02	1.92e-01	4.53e-01	3.43e-01
 4.75023e+22	0.00e+00	0.00e+00	3.81e-28	1.77e-24	2.32e-21	1.90e-18	1.41e-15	1.73e-12	2.86e-10	2.07e-08	7.10e-07	1.49e-05	1.82e-04	1.42e-03	1.23e-02	1.99e-01	4.54e-01	3.33e-01
 4.77256e+22	0.00e+00	0.00e+00	6.38e-28	2.87e-24	3.62e-21	2.86e-18	2.03e-15	2.43e-12	3.88e-10	2.71e-08	8.98e-07	1.82e-05	2.14e-04	1.61e-03	1.34e-02	2.07e-01	4.56e-01	3.22e-01
 4.79569e+22	0.00e+00	0.00e+00	1.01e-27	4.40e-24	5.37e-21	4.10e-18	2.80e-15	3.27e-12	5.07e-10	3.44e-08	1.11e-06	2.17e-05	2.47e-04	1.79e-03	1.44e-02	2.15e-01	4.57e-01	3.11e-01
 4.81626e+22	0.00e+00	1.10e-31	1.56e-27	6.63e-24	7.82e-21	5.77e-18	3.81e-15	4.35e-12	6.56e-10	4.33e-08	1.35e-06	2.58e-05	2.84e-04	1.98e-03	1.54e-02	2.23e-01	4.58e-01	3.01e-01
 4.83941e+22	0.00e+00	1.97e-31	2.70e-27	1.10e-23	1.25e-20	8.86e-18	5.60e-15	6.20e-12	9.05e-10	5.76e-08	1.73e-06	3.18e-05	3.37e-04	2.26e-03	1.68e-02	2.33e-01	4.58e-01	2.89e-01
 4.86228e+22	0.00e+00	3.12e-31	4.14e-27	1.65e-23	1.81e-20	1.24e-17	7.59e-15	8.21e-12	1.17e-09	7.21e-08	2.11e-06	3.76e-05	3.85e-04	2.49e-03	1.79e-02	2.41e-01	4.58e-01	2.80e-01
 4.88177e+22	0.00e+00	4.98e-31	6.40e-27	2.47e-23	2.63e-20	1.74e-17	1.02e-14	1.08e-11	1.50e-09	9.04e-08	2.57e-06	4.45e-05	4.42e-04	2.76e-03	1.92e-02	2.49e-01	4.58e-01	2.70e-01
 4.90089e+22	0.00e+00	7.68e-31	9.60e-27	3.61e-23	3.72e-20	2.39e-17	1.36e-14	1.41e-11	1.90e-09	1.12e-07	3.08e-06	5.20e-05	5.01e-04	3.03e-03	2.04e-02	2.57e-01	4.57e-01	2.62e-01
 4.92253e+22	0.00e+00	1.31e-30	1.59e-26	5.77e-23	5.72e-20	3.53e-17	1.93e-14	1.95e-11	2.55e-09	1.45e-07	3.87e-06	6.31e-05	5.86e-04	3.40e-03	2.20e-02	2.67e-01	4.56e-01	2.51e-01
 4.94506e+22	0.00e+00	2.16e-30	2.52e-26	8.86e-23	8.48e-20	5.05e-17	2.65e-14	2.62e-11	3.34e-09	1.84e-07	4.77e-06	7.53e-05	6.76e-04	3.78e-03	2.36e-02	2.76e-01	4.55e-01	2.41e-01
 4.96495e+22	0.00e+00	3.43e-30	3.88e-26	1.33e-22	1.23e-19	7.05e-17	3.57e-14	3.45e-11	4.29e-09	2.31e-07	5.80e-06	8.89e-05	7.74e-04	4.17e-03	2.51e-02	2.84e-01	4.53e-01	2.32e-01
 4.98359e+22	0.00e+00	5.27e-30	5.80e-26	1.93e-22	1.73e-19	9.63e-17	4.71e-14	4.47e-11	5.42e-09	2.84e-07	6.96e-06	1.04e-04	8.76e-04	4.57e-03	2.67e-02	2.92e-01	4.51e-01	2.24e-01
 5.00439e+22	0.00e+00	8.86e-30	9.41e-26	3.02e-22	2.61e-19	1.40e-16	6.56e-14	6.08e-11	7.18e-09	3.65e-07	8.65e-06	1.25e-04	1.02e-03	5.10e-03	2.86e-02	3.02e-01	4.49e-01	2.14e-01
 5.02621e+22	0.00e+00	1.45e-29	1.49e-25	4.64e-22	3.86e-19	1.99e-16	8.98e-14	8.15e-11	9.37e-09	4.63e-07	1.06e-05	1.49e-04	1.17e-03	5.66e-03	3.06e-02	3.12e-01	4.46e-01	2.05e-01
 5.04554e+22	0.00e+00	2.27e-29	2.26e-25	6.83e-22	5.50e-19	2.74e-16	1.19e-13	1.06e-10	1.19e-08	5.75e-07	1.28e-05	1.75e-04	1.33e-03	6.21e-03	3.24e-02	3.20e-01	4.43e-01	1.97e-01
 5.06687e+22	0.00e+00	3.96e-29	3.80e-25	1.11e-21	8.53e-19	4.08e-16	1.69e-13	1.47e-10	1.61e-08	7.51e-07	1.62e-05	2.13e-04	1.56e-03	6.97e-03	3.49e-02	3.30e-01	4.38e-01	1.87e-01
 5.08851e+22	0.00e+00	6.37e-29	5.91e-25	1.67e-21	1.24e-18	5.71e-16	2.28e-13	1.95e-10	2.08e-08	9.43e-07	1.98e-05	2.52e-04	1.79e-03	7.69e-03	3.71e-02	3.39e-01	4.34e-01	1.79e-01
 5.10722e+22	0.00e+00	9.96e-29	8.97e-25	2.45e-21	1.76e-18	7.84e-16	3.02e-13	2.53e-10	2.64e-08	1.17e-06	2.38e-05	2.95e-04	2.03e-03	8.43e-03	3.93e-02	3.48e-01	4.30e-01	1.72e-01
 5.12821e+22	0.00e+00	1.75e-28	1.51e-24	3.99e-21	2.74e-18	1.17e-15	4.28e-13	3.52e-10	3.56e-08	1.53e-06	3.01e-05	3.60e-04	2.38e-03	9.45e-03	4.21e-02	3.58e-01	4.25e-01	1.63e-01
 5.14924e+22	0.00e+00	2.72e-28	2.29e-24	5.85e-21	3.89e-18	1.60e-15	5.65e-13	4.56e-10	4.51e-08	1.89e-06	3.62e-05	4.21e-04	2.69e-03	1.03e-02	4.45e-02	3.67e-01	4.20e-01	1.55e-01
 5.17031e+22	0.00e+00	4.81e-28	3.88e-24	9.54e-21	6.07e-18	2.38e-15	8.02e-13	6.34e-10	6.10e-08	2.48e-06	4.58e-05	5.14e-04	3.16e-03	1.16e-02	4.77e-02	3.77e-01	4.14e-01	1.47e-01
 5.19164e+22	0.00e+00	7.62e-28	5.95e-24	1.42e-20	8.70e-18	3.29e-15	1.07e-12	8.29e-10	7.80e-08	3.09e-06	5.54e-05	6.03e-04	3.59e-03	1.27e-02	5.04e-02	3.85e-01	4.08e-01	1.40e-01
 5.21331e+22	0.00e+00	1.34e-27	1.01e-23	2.31e-20	1.36e-17	4.90e-15	1.51e-12	1.15e-09	1.05e-07	4.04e-06	7.00e-05	7.36e-04	4.20e-03	1.42e-02	5.40e-02	3.95e-01	4.01e-01	1.31e-01
 5.23564e+22	0.00e+00	2.24e-27	1.62e-23	3.59e-20	2.02e-17	6.98e-15	2.06e-12	1.55e-09	1.38e-07	5.15e-06	8.64e-05	8.79e-04	4.84e-03	1.57e-02	5.73e-02	4.04e-01	3.93e-01	1.24e-01
 5.25452e+22	0.00e+00	3.45e-27	2.42e-23	5.19e-20	2.82e-17	9.41e-15	2.68e-12	1.98e-09	1.73e-07	6.32e-06	1.03e-04	1.02e-03	5.45e-03	1.70e-02	6.01e-02	4.11e-01	3.87e-01	1.18e-01
 5.27473e+22	0.00e+00	5.97e-27	4.03e-23	8.30e-20	4.32e-17	1.37e-14	3.73e-12	2.71e-09	2.31e-07	8.18e-06	1.29e-04	1.23e-03	6.33e-03	1.89e-02	6.39e-02	4.20e-01	3.79e-01	1.11e-01
 5.29511e+22	0.00e+00	9.42e-27	6.15e-23	1.23e-19	6.14e-17	1.88e-14	4.89e-12	3.51e-09	2.94e-07	1.01e-05	1.55e-04	1.44e-03	7.16e-03	2.07e-02	6.72e-02	4.26e-01	3.72e-01	1.05e-01
 5.31274e+22	0.00e+00	1.43e-26	9.07e-23	1.76e-19	8.49e-17	2.51e-14	6.30e-12	4.46e-09	3.66e-07	1.24e-05	1.84e-04	1.66e-03	8.02e-03	2.23e-02	7.03e-02	4.33e-01	3.65e-01	9.98e-02
 5.32931e+22	0.00e+00	2.15e-26	1.32e-22	2.48e-19	1.16e-16	3.30e-14	7.98e-12	5.60e-09	4.52e-07	1.49e-05	2.18e-04	1.91e-03	8.95e-03	2.41e-02	7.34e-02	4.38e-01	3.58e-01	9.49e-02
 5.34464e+22	0.00e+00	3.10e-26	1.86e-22	3.39e-19	1.53e-16	4.24e-14	9.91e-12	6.89e-09	5.47e-07	1.77e-05	2.52e-04	2.17e-03	9.86e-03	2.58e-02	7.63e-02	4.43e-01	3.52e-01	9.06e-02
 5.35885e+22	0.00e+00	4.40e-26	2.57e-22	4.56e-19	2.00e-16	5.36e-14	1.21e-11	8.38e-09	6.56e-07	2.09e-05	2.91e-04	2.44e-03	1.08e-02	2.75e-02	7.90e-02	4.47e-01	3.46e-01	8.67e-02
 5.37214e+22	0.00e+00	6.20e-26	3.52e-22	6.10e-19	2.60e-16	6.74e-14	1.48e-11	1.01e-08	7.82e-07	2.45e-05	3.34e-04	2.74e-03	1.19e-02	2.93e-02	8.18e-02	4.52e-01	3.40e-01	8.29e-02
 5.38508e+22	0.00e+00	8.56e-26	4.75e-22	8.03e-19	3.32e-16	8.37e-14	1.78e-11	1.21e-08	9.25e-07	2.85e-05	3.80e-04	3.06e-03	1.29e-02	3.10e-02	8.44e-02	4.55e-01	3.34e-01	7.94e-02
 5.39770e+22	0.00e+00	1.17e-25	6.36e-22	1.05e-18	4.22e-16	1.03e-13	2.13e-11	1.44e-08	1.09e-06	3.29e-05	4.31e-04	3.40e-03	1.40e-02	3.28e-02	8.70e-02	4.58e-01	3.28e-01	7.61e-02
 5.41005e+22	0.00e+00	1.61e-25	8.51e-22	1.37e-18	5.36e-16	1.27e-13	2.55e-11	1.72e-08	1.28e-06	3.81e-05	4.89e-04	3.78e-03	1.52e-02	3.47e-02	8.97e-02	4.61e-01	3.22e-01	7.29e-02
 5.42235e+22	0.00e+00	2.21e-25	1.14e-21	1.79e-18	6.81e-16	1.57e-13	3.05e-11	2.05e-08	1.50e-06	4.41e-05	5.55e-04	4.20e-03	1.65e-02	3.67e-02	9.24e-02	4.64e-01	3.16e-01	6.97e-02
 5.43465e+22	0.00e+00	3.04e-25	1.53e-21	2.34e-18	8.64e-16	1.94e-13	3.65e-11	2.44e-08	1.77e-06	5.11e-05	6.30e-04	4.66e-03	1.79e-02	3.88e-02	9.51e-02	4.67e-01	3.09e-01	6.67e-02
 5.44643e+22	0.00e+00	4.10e-25	2.02e-21	3.01e-18	1.08e-15	2.36e-13	4.31e-11	2.87e-08	2.06e-06	5.87e-05	7.09e-04	5.15e-03	1.94e-02	4.09e-02	9.76e-02	4.69e-01	3.04e-01	6.39e-02
 5.45757e+22	5.39e-32	5.53e-25	2.66e-21	3.87e-18	1.35e-15	2.86e-13	5.08e-11	3.37e-08	2.40e-06	6.72e-05	7.98e-04	5.69e-03	2.09e-02	4.30e-02	1.00e-01	4.71e-01	2.98e-01	6.12e-02
 5.46858e+22	7.31e-32	7.39e-25	3.47e-21	4.94e-18	1.68e-15	3.45e-13	5.96e-11	3.94e-08	2.78e-06	7.68e-05	8.95e-04	6.25e-03	2.25e-02	4.51e-02	1.03e-01	4.72e-01	2.92e-01	5.86e-02
 5.48122e+22	1.07e-31	1.06e-24	4.85e-21	6.69e-18	2.20e-15	4.37e-13	7.27e-11	4.80e-08	3.34e-06	9.06e-05	1.03e-03	7.04e-03	2.46e-02	4.80e-02	1.06e-01	4.74e-01	2.84e-01	5.55e-02
 5.49417e+22	1.52e-31	1.48e-24	6.57e-21	8.81e-18	2.80e-15	5.39e-13	8.68e-11	5.72e-08	3.94e-06	1.05e-04	1.17e-03	7.84e-03	2.67e-02	5.06e-02	1.09e-01	4.75e-01	2.77e-01	5.27e-02
 5.50530e+22	2.06e-31	1.98e-24	8.59e-21	1.12e-17	3.47e-15	6.48e-13	1.01e-10	6.68e-08	4.55e-06	1.20e-04	1.31e-03	8.61e-03	2.87e-02	5.31e-02	1.11e-01	4.75e-01	2.71e-01	5.04e-02
 5.51559e+22	2.76e-31	2.61e-24	1.11e-20	1.41e-17	4.25e-15	7.71e-13	1.17e-10	7.73e-08	5.22e-06	1.36e-04	1.46e-03	9.41e-03	3.08e-02	5.55e-02	1.13e-01	4.76e-01	2.65e-01	4.82e-02
 5.52553e+22	3.69e-31	3.43e-24	1.42e-20	1.77e-17	5.19e-15	9.15e-13	1.35e-10	8.93e-08	5.98e-06	1.54e-04	1.63e-03	1.03e-02	3.29e-02	5.80e-02	1.16e-01	4.76e-01	2.60e-01	4.62e-02
 5.53696e+22	5.32e-31	4.86e-24	1.96e-20	2.37e-17	6.69e-15	1.14e-12	1.62e-10	1.07e-07	7.11e-06	1.80e-04	1.86e-03	1.15e-02	3.58e-02	6.12e-02	1.19e-01	4.75e-01	2.52e-01	4.36e-02
 5.54852e+22	7.33e-31	6.59e-24	2.59e-20	3.04e-17	8.33e-15	1.37e-12	1.90e-10	1.25e-07	8.25e-06	2.06e-04	2.09e-03	1.26e-02	3.85e-02	6.41e-02	1.21e-01	4.74e-01	2.46e-01	4.15e-02
 5.55837e+22	9.75e-31	8.65e-24	3.32e-20	3.80e-17	1.01e-14	1.62e-12	2.18e-10	1.44e-07	9.43e-06	2.32e-04	2.32e-03	1.37e-02	4.10e-02	6.68e-02	1.23e-01	4.73e-01	2.40e-01	3.96e-02
 5.56928e+22	1.40e-30	1.22e-23	4.56e-20	5.06e-17	1.30e-14	2.00e-12	2.59e-10	1.72e-07	1.12e-05	2.71e-04	2.64e-03	1.53e-02	4.45e-02	7.04e-02	1.26e-01	4.72e-01	2.32e-01	3.73e-02
 5.58052e+22	1.94e-30	1.66e-23	6.03e-20	6.50e-17	1.62e-14	2.40e-12	3.01e-10	2.01e-07	1.30e-05	3.10e-04	2.97e-03	1.68e-02	4.78e-02	7.36e-02	1.28e-01	4.69e-01	2.25e-01	3.53e-02
 5.59047e+22	2.63e-30	2.22e-23	7.85e-20	8.22e-17	1.98e-14	2.86e-12	3.47e-10	2.33e-07	1.49e-05	3.52e-04	3.30e-03	1.84e-02	5.10e-02	7.67e-02	1.30e-01	4.67e-01	2.19e-01	3.35e-02
 5.60169e+22	3.90e-30	3.24e-23	1.11e-19	1.12e-16	2.59e-14	3.57e-12	4.16e-10	2.82e-07	1.79e-05	4.15e-04	3.80e-03	2.06e-02	5.56e-02	8.09e-02	1.33e-01	4.64e-01	2.11e-01	3.13e-02
 5.61261e+22	5.23e-30	4.28e-23	1.43e-19	1.40e-16	3.14e-14	4.20e-12	4.75e-10	3.24e-07	2.04e-05	4.68e-04	4.21e-03	2.24e-02	5.91e-02	8.40e-02	1.35e-01	4.61e-01	2.05e-01	2.97e-02
 5.62314e+22	7.75e-30	6.23e-23	2.00e-19	1.89e-16	4.07e-14	5.21e-12	5.65e-10	3.89e-07	2.43e-05	5.51e-04	4.84e-03	2.51e-02	6.42e-02	8.83e-02	1.37e-01	4.56e-01	1.96e-01	2.76e-02
 5.63365e+22	1.03e-29	8.14e-23	2.56e-19	2.35e-16	4.91e-14	6.10e-12	6.42e-10	4.44e-07	2.76e-05	6.18e-04	5.33e-03	2.71e-02	6.80e-02	9.14e-02	1.39e-01	4.52e-01	1.90e-01	2.62e-02
 5.64412e+22	1.54e-29	1.20e-22	3.63e-19	3.21e-16	6.39e-14	7.56e-12	7.62e-10	5.35e-07	3.31e-05	7.29e-04	6.13e-03	3.04e-02	7.39e-02	9.60e-02	1.41e-01	4.46e-01	1.82e-01	2.43e-02
 5.65427e+22	2.02e-29	1.55e-22	4.59e-19	3.94e-16	7.63e-14	8.76e-12	8.58e-10	6.06e-07	3.73e-05	8.12e-04	6.72e-03	3.27e-02	7.80e-02	9.91e-02	1.42e-01	4.41e-01	1.76e-01	2.30e-02
 5.66399e+22	2.96e-29	2.24e-22	6.38e-19	5.27e-16	9.76e-14	1.07e-11	1.00e-09	7.20e-07	4.42e-05	9.47e-04	7.65e-03	3.62e-02	8.41e-02	1.04e-01	1.44e-01	4.34e-01	1.68e-01	2.13e-02
 5.67379e+22	3.92e-29	2.93e-22	8.13e-19	6.52e-16	1.17e-13	1.24e-11	1.13e-09	8.19e-07	5.00e-05	1.06e-03	8.41e-03	3.91e-02	8.87e-02	1.07e-01	1.45e-01	4.29e-01	1.62e-01	2.01e-02
 5.68367e+22	5.85e-29	4.29e-22	1.15e-18	8.80e-16	1.51e-13	1.52e-11	1.32e-09	9.76e-07	5.93e-05	1.24e-03	9.60e-03	4.34e-02	9.57e-02	1.11e-01	1.46e-01	4.20e-01	1.54e-01	1.85e-02
 5.69359e+22	7.82e-29	5.66e-22	1.47e-18	1.10e-15	1.82e-13	1.77e-11	1.49e-09	1.11e-06	6.73e-05	1.39e-03	1.06e-02	4.68e-02	1.01e-01	1.15e-01	1.46e-01	4.14e-01	1.48e-01	1.74e-02
 5.70353e+22	1.18e-28	8.37e-22	2.09e-18	1.49e-15	2.34e-13	2.17e-11	1.74e-09	1.33e-06	8.00e-05	1.63e-03	1.21e-02	5.19e-02	1.09e-01	1.19e-01	1.47e-01	4.04e-01	1.40e-01	1.59e-02
 5.71353e+22	1.59e-28	1.11e-21	2.70e-18	1.86e-15	2.83e-13	2.53e-11	1.96e-09	1.51e-06	9.08e-05	1.83e-03	1.33e-02	5.59e-02	1.14e-01	1.23e-01	1.47e-01	3.96e-01	1.34e-01	1.48e-02
 5.72362e+22	2.38e-28	1.64e-21	3.82e-18	2.51e-15	3.64e-13	3.09e-11	2.29e-09	1.80e-06	1.07e-04	2.13e-03	1.51e-02	6.17e-02	1.22e-01	1.27e-01	1.47e-01	3.85e-01	1.26e-01	1.35e-02
 5.73361e+22	3.22e-28	2.19e-21	4.95e-18	3.15e-15	4.39e-13	3.59e-11	2.57e-09	2.04e-06	1.22e-04	2.39e-03	1.66e-02	6.63e-02	1.29e-01	1.30e-01	1.47e-01	3.76e-01	1.20e-01	1.26e-02
 5.74349e+22	4.81e-28	3.21e-21	6.98e-18	4.23e-15	5.63e-13	4.36e-11	2.98e-09	2.42e-06	1.44e-04	2.77e-03	1.87e-02	7.29e-02	1.37e-01	1.34e-01	1.46e-01	3.64e-01	1.12e-01	1.14e-02
 5.75352e+22	6.61e-28	4.35e-21	9.16e-18	5.35e-15	6.83e-13	5.08e-11	3.35e-09	2.76e-06	1.63e-04	3.11e-03	2.06e-02	7.83e-02	1.44e-01	1.37e-01	1.46e-01	3.54e-01	1.06e-01	1.05e-02
 5.76375e+22	1.00e-27	6.48e-21	1.31e-17	7.27e-15	8.81e-13	6.20e-11	3.88e-09	3.26e-06	1.93e-04	3.61e-03	2.33e-02	8.59e-02	1.53e-01	1.41e-01	1.44e-01	3.41e-01	9.86e-02	9.40e-03
 5.77409e+22	1.39e-27	8.86e-21	1.73e-17	9.23e-15	1.07e-12	7.24e-11	4.36e-09	3.72e-06	2.19e-04	4.06e-03	2.56e-02	9.22e-02	1.60e-01	1.43e-01	1.43e-01	3.30e-01	9.28e-02	8.61e-03
 5.78460e+22	2.14e-27	1.34e-20	2.49e-17	1.26e-14	1.39e-12	8.85e-11	5.07e-09	4.41e-06	2.58e-04	4.71e-03	2.90e-02	1.01e-01	1.70e-01	1.47e-01	1.41e-01	3.15e-01	8.54e-02	7.65e-03
 5.79516e+22	2.97e-27	1.83e-20	3.29e-17	1.60e-14	1.69e-12	1.03e-10	5.69e-09	5.00e-06	2.92e-04	5.27e-03	3.17e-02	1.08e-01	1.77e-01	1.49e-01	1.39e-01	3.03e-01	8.00e-02	6.96e-03
 5.80427e+22	4.09e-27	2.48e-20	4.32e-17	2.02e-14	2.05e-12	1.20e-10	6.35e-09	5.66e-06	3.29e-04	5.87e-03	3.46e-02	1.15e-01	1.84e-01	1.51e-01	1.37e-01	2.92e-01	7.49e-02	6.34e-03
 5.81458e+22	6.24e-27	3.71e-20	6.18e-17	2.74e-14	2.63e-12	1.45e-10	7.32e-09	6.61e-06	3.83e-04	6.74e-03	3.87e-02	1.24e-01	1.93e-01	1.53e-01	1.34e-01	2.77e-01	6.84e-02	5.59e-03
 5.82488e+22	8.45e-27	4.96e-20	7.99e-17	3.42e-14	3.16e-12	1.67e-10	8.14e-09	7.41e-06	4.27e-04	7.44e-03	4.18e-02	1.31e-01	1.99e-01	1.54e-01	1.31e-01	2.66e-01	6.39e-02	5.09e-03
 5.83515e+22	1.27e-26	7.33e-20	1.13e-16	4.59e-14	4.02e-12	2.02e-10	9.35e-09	8.59e-06	4.93e-04	8.46e-03	4.64e-02	1.41e-01	2.08e-01	1.55e-01	1.28e-01	2.51e-01	5.82e-02	4.47e-03
 5.84552e+22	1.72e-26	9.78e-20	1.46e-16	5.72e-14	4.82e-12	2.32e-10	1.04e-08	9.58e-06	5.48e-04	9.30e-03	4.99e-02	1.48e-01	2.13e-01	1.55e-01	1.25e-01	2.40e-01	5.42e-02	4.05e-03
 5.85604e+22	2.60e-26	1.45e-19	2.07e-16	7.68e-14	6.15e-12	2.80e-10	1.19e-08	1.10e-05	6.28e-04	1.05e-02	5.50e-02	1.58e-01	2.21e-01	1.55e-01	1.21e-01	2.25e-01	4.91e-02	3.54e-03
 5.86674e+22	3.53e-26	1.93e-19	2.68e-16	9.58e-14	7.38e-12	3.23e-10	1.33e-08	1.23e-05	6.95e-04	1.15e-02	5.91e-02	1.66e-01	2.26e-01	1.55e-01	1.18e-01	2.15e-01	4.54e-02	3.19e-03
 5.87767e+22	5.27e-26	2.83e-19	3.76e-16	1.28e-13	9.37e-12	3.89e-10	1.53e-08	1.41e-05	7.91e-04	1.29e-02	6.47e-02	1.76e-01	2.33e-01	1.55e-01	1.13e-01	2.01e-01	4.10e-02	2.78e-03
 5.88899e+22	7.31e-26	3.87e-19	4.97e-16	1.62e-13	1.14e-11	4.53e-10	1.71e-08	1.57e-05	8.78e-04	1.42e-02	6.95e-02	1.84e-01	2.38e-01	1.54e-01	1.10e-01	1.90e-01	3.76e-02	2.47e-03
 5.90078e+22	1.11e-25	5.74e-19	7.06e-16	2.19e-13	1.46e-11	5.50e-10	1.98e-08	1.80e-05	9.98e-04	1.59e-02	7.58e-02	1.95e-01	2.44e-01	1.52e-01	1.05e-01	1.76e-01	3.36e-02	2.12e-03
 5.91284e+22	1.54e-25	7.85e-19	9.33e-16	2.77e-13	1.78e-11	6.43e-10	2.23e-08	2.01e-05	1.10e-03	1.74e-02	8.12e-02	2.03e-01	2.48e-01	1.51e-01	1.01e-01	1.66e-01	3.06e-02	1.88e-03
 5.92358e+22	2.12e-25	1.06e-18	1.22e-15	3.49e-13	2.15e-11	7.47e-10	2.50e-08	2.22e-05	1.21e-03	1.89e-02	8.65e-02	2.11e-01	2.51e-01	1.49e-01	9.72e-02	1.56e-01	2.79e-02	1.67e-03
 5.93584e+22	3.18e-25	1.56e-18	1.72e-15	4.68e-13	2.75e-11	9.06e-10	2.89e-08	2.53e-05	1.37e-03	2.10e-02	9.36e-02	2.21e-01	2.55e-01	1.46e-01	9.24e-02	1.44e-01	2.48e-02	1.42e-03
 5.94828e+22	4.36e-25	2.10e-18	2.25e-15	5.88e-13	3.33e-11	1.05e-09	3.25e-08	2.79e-05	1.50e-03	2.27e-02	9.93e-02	2.28e-01	2.57e-01	1.44e-01	8.86e-02	1.35e-01	2.25e-02	1.26e-03
 5.96095e+22	6.50e-25	3.07e-18	3.15e-15	7.86e-13	4.24e-11	1.28e-09	3.76e-08	3.16e-05	1.67e-03	2.50e-02	1.07e-01	2.38e-01	2.60e-01	1.40e-01	8.39e-02	1.24e-01	1.99e-02	1.07e-03
 5.97324e+22	8.60e-25	4.00e-18	3.99e-15	9.63e-13	5.03e-11	1.46e-09	4.17e-08	3.45e-05	1.81e-03	2.68e-02	1.12e-01	2.44e-01	2.61e-01	1.38e-01	8.06e-02	1.16e-01	1.82e-02	9.55e-04
 5.98507e+22	1.24e-24	5.65e-18	5.43e-15	1.25e-12	6.26e-11	1.74e-09	4.78e-08	3.85e-05	2.00e-03	2.92e-02	1.20e-01	2.52e-01	2.62e-01	1.34e-01	7.63e-02	1.07e-01	1.62e-02	8.20e-04
 5.99712e+22	1.57e-24	7.33e-18	6.87e-15	1.53e-12	7.42e-11	2.00e-09	5.31e-08	4.20e-05	2.16e-03	3.11e-02	1.25e-01	2.58e-01	2.63e-01	1.32e-01	7.31e-02	1.00e-01	1.48e-02	7.29e-04
 6.00947e+22	2.26e-24	1.04e-17	9.38e-15	2.00e-12	9.29e-11	2.39e-09	6.09e-08	4.69e-05	2.38e-03	3.38e-02	1.33e-01	2.66e-01	2.63e-01	1.28e-01	6.89e-02	9.21e-02	1.31e-02	6.22e-04
 6.02199e+22	2.95e-24	1.34e-17	1.18e-14	2.44e-12	1.10e-10	2.73e-09	6.77e-08	5.10e-05	2.56e-03	3.60e-02	1.39e-01	2.71e-01	2.62e-01	1.25e-01	6.59e-02	8.62e-02	1.19e-02	5.52e-04
 6.03473e+22	4.24e-24	1.90e-17	1.61e-14	3.18e-12	1.37e-10	3.27e-09	7.78e-08	5.68e-05	2.81e-03	3.90e-02	1.47e-01	2.78e-01	2.61e-01	1.20e-01	6.19e-02	7.87e-02	1.05e-02	4.69e-04
 6.04725e+22	5.41e-24	2.40e-17	1.98e-14	3.82e-12	1.60e-10	3.71e-09	8.59e-08	6.14e-05	3.01e-03	4.12e-02	1.53e-01	2.82e-01	2.60e-01	1.17e-01	5.92e-02	7.39e-02	9.62e-03	4.19e-04
 6.05949e+22	7.55e-24	3.30e-17	2.64e-14	4.89e-12	1.97e-10	4.38e-09	9.78e-08	6.78e-05	3.28e-03	4.42e-02	1.60e-01	2.88e-01	2.59e-01	1.13e-01	5.57e-02	6.77e-02	8.51e-03	3.58e-04
 6.07197e+22	9.67e-24	4.19e-17	3.27e-14	5.88e-12	2.31e-10	4.98e-09	1.08e-07	7.33e-05	3.50e-03	4.67e-02	1.66e-01	2.92e-01	2.57e-01	1.10e-01	5.31e-02	6.33e-02	7.76e-03	3.18e-04
 6.08478e+22	1.35e-23	5.77e-17	4.37e-14	7.54e-12	2.85e-10	5.90e-09	1.24e-07	8.11e-05	3.81e-03	5.01e-02	1.74e-01	2.97e-01	2.54e-01	1.06e-01	4.98e-02	5.77e-02	6.83e-03	2.71e-04
 6.09783e+22	1.73e-23	7.35e-17	5.43e-14	9.10e-12	3.35e-10	6.73e-09	1.37e-07	8.78e-05	4.07e-03	5.28e-02	1.81e-01	3.00e-01	2.52e-01	1.03e-01	4.73e-02	5.37e-02	6.20e-03	2.39e-04
 6.11120e+22	2.42e-23	1.01e-16	7.25e-14	1.17e-11	4.14e-10	8.00e-09	1.57e-07	9.72e-05	4.43e-03	5.66e-02	1.89e-01	3.05e-01	2.48e-01	9.82e-02	4.41e-02	4.88e-02	5.43e-03	2.02e-04
 6.12480e+22	3.11e-23	1.29e-16	9.02e-14	1.41e-11	4.87e-10	9.14e-09	1.75e-07	1.05e-04	4.73e-03	5.96e-02	1.96e-01	3.08e-01	2.45e-01	9.49e-02	4.18e-02	4.53e-02	4.91e-03	1.78e-04
 6.13871e+22	2.96e-26	1.78e-16	1.21e-13	1.82e-11	6.03e-10	1.09e-08	2.00e-07	1.17e-04	5.15e-03	6.37e-02	2.04e-01	3.11e-01	2.41e-01	9.05e-02	3.89e-02	4.10e-02	4.28e-03	1.50e-04
 6.15289e+22	3.89e-26	2.28e-16	1.50e-13	2.20e-11	7.11e-10	1.25e-08	2.23e-07	1.26e-04	5.49e-03	6.70e-02	2.11e-01	3.13e-01	2.38e-01	8.71e-02	3.67e-02	3.79e-02	3.85e-03	1.31e-04
 6.16741e+22	5.58e-26	3.15e-16	2.01e-13	2.84e-11	8.82e-10	1.49e-08	2.57e-07	1.40e-04	5.98e-03	7.15e-02	2.20e-01	3.16e-01	2.33e-01	8.28e-02	3.40e-02	3.42e-02	3.35e-03	1.10e-04
 6.18159e+22	7.13e-26	3.91e-16	2.45e-13	3.37e-11	1.02e-09	1.68e-08	2.83e-07	1.51e-04	6.34e-03	7.48e-02	2.26e-01	3.17e-01	2.29e-01	7.98e-02	3.23e-02	3.18e-02	3.04e-03	9.74e-05
 6.19535e+22	1.00e-25	5.30e-16	3.22e-13	4.27e-11	1.25e-09	1.99e-08	3.23e-07	1.67e-04	6.85e-03	7.94e-02	2.34e-01	3.19e-01	2.24e-01	7.58e-02	2.99e-02	2.87e-02	2.65e-03	8.21e-05
 6.20933e+22	1.28e-25	6.59e-16	3.93e-13	5.08e-11	1.46e-09	2.25e-08	3.57e-07	1.80e-04	7.26e-03	8.29e-02	2.40e-01	3.19e-01	2.20e-01	7.29e-02	2.83e-02	2.67e-02	2.40e-03	7.25e-05
 6.22360e+22	1.79e-25	8.86e-16	5.13e-13	6.41e-11	1.78e-09	2.65e-08	4.07e-07	1.98e-04	7.84e-03	8.78e-02	2.48e-01	3.20e-01	2.14e-01	6.91e-02	2.62e-02	2.41e-02	2.09e-03	6.11e-05
 6.23832e+22	2.35e-25	1.12e-15	6.37e-13	7.74e-11	2.09e-09	3.03e-08	4.53e-07	2.14e-04	8.34e-03	9.20e-02	2.55e-01	3.20e-01	2.10e-01	6.61e-02	2.46e-02	2.21e-02	1.87e-03	5.31e-05
 6.25361e+22	3.30e-25	1.51e-15	8.34e-13	9.80e-11	2.56e-09	3.59e-08	5.19e-07	2.37e-04	9.02e-03	9.73e-02	2.63e-01	3.20e-01	2.04e-01	6.24e-02	2.27e-02	1.99e-02	1.62e-03	4.46e-05
 6.26941e+22	4.40e-25	1.95e-15	1.05e-12	1.20e-10	3.04e-09	4.14e-08	5.82e-07	2.58e-04	9.63e-03	1.02e-01	2.70e-01	3.20e-01	1.99e-01	5.94e-02	2.12e-02	1.81e-02	1.44e-03	3.83e-05
 6.28587e+22	6.27e-25	2.65e-15	1.39e-12	1.53e-10	3.77e-09	4.95e-08	6.71e-07	2.87e-04	1.04e-02	1.08e-01	2.78e-01	3.19e-01	1.92e-01	5.57e-02	1.94e-02	1.62e-02	1.24e-03	3.18e-05
 6.30279e+22	6.17e-25	3.44e-15	1.75e-12	1.88e-10	4.50e-09	5.74e-08	7.57e-07	3.13e-04	1.12e-02	1.13e-01	2.85e-01	3.17e-01	1.86e-01	5.28e-02	1.80e-02	1.47e-02	1.09e-03	2.71e-05
 6.32030e+22	8.90e-25	4.72e-15	2.34e-12	2.43e-10	5.61e-09	6.89e-08	8.77e-07	3.49e-04	1.21e-02	1.20e-01	2.93e-01	3.15e-01	1.80e-01	4.92e-02	1.64e-02	1.30e-02	9.27e-04	2.22e-05
 6.33839e+22	1.21e-24	6.19e-15	3.00e-12	3.01e-10	6.76e-09	8.05e-08	9.95e-07	3.83e-04	1.30e-02	1.26e-01	3.00e-01	3.13e-01	1.74e-01	4.63e-02	1.51e-02	1.17e-02	8.08e-04	1.88e-05
 6.35726e+22	1.78e-24	8.63e-15	4.06e-12	3.93e-10	8.51e-09	9.77e-08	1.16e-06	4.30e-04	1.42e-02	1.33e-01	3.09e-01	3.10e-01	1.66e-01	4.29e-02	1.37e-02	1.03e-02	6.80e-04	1.52e-05
 6.37658e+22	2.46e-24	1.14e-14	5.22e-12	4.91e-10	1.03e-08	1.15e-07	1.32e-06	4.74e-04	1.52e-02	1.40e-01	3.15e-01	3.06e-01	1.60e-01	4.02e-02	1.25e-02	9.18e-03	5.88e-04	1.27e-05
 6.39390e+22	3.34e-24	1.48e-14	6.64e-12	6.07e-10	1.24e-08	1.34e-07	1.50e-06	5.20e-04	1.63e-02	1.46e-01	3.22e-01	3.03e-01	1.54e-01	3.77e-02	1.15e-02	8.25e-03	5.12e-04	1.07e-05
 6.41380e+22	5.03e-24	2.11e-14	9.17e-12	8.06e-10	1.58e-08	1.64e-07	1.77e-06	5.86e-04	1.78e-02	1.55e-01	3.30e-01	2.98e-01	1.46e-01	3.45e-02	1.03e-02	7.12e-03	4.23e-04	8.47e-06
 6.43383e+22	6.82e-24	2.74e-14	1.16e-11	9.95e-10	1.90e-08	1.91e-07	2.00e-06	6.43e-04	1.90e-02	1.62e-01	3.35e-01	2.94e-01	1.40e-01	3.23e-02	9.43e-03	6.38e-03	3.67e-04	7.12e-06
 6.45401e+22	1.02e-23	3.88e-14	1.60e-11	1.31e-09	2.42e-08	2.34e-07	2.35e-06	7.24e-04	2.07e-02	1.71e-01	3.43e-01	2.88e-01	1.33e-01	2.95e-02	8.39e-03	5.50e-03	3.03e-04	5.63e-06
 6.47463e+22	1.41e-23	5.13e-14	2.06e-11	1.64e-09	2.94e-08	2.75e-07	2.68e-06	7.97e-04	2.22e-02	1.79e-01	3.48e-01	2.83e-01	1.27e-01	2.74e-02	7.63e-03	4.87e-03	2.59e-04	4.65e-06
 6.49580e+22	2.14e-23	7.34e-14	2.85e-11	2.19e-09	3.76e-08	3.39e-07	3.17e-06	9.00e-04	2.42e-02	1.89e-01	3.55e-01	2.76e-01	1.19e-01	2.48e-02	6.74e-03	4.16e-03	2.12e-04	3.63e-06
 6.51729e+22	3.00e-23	9.78e-14	3.70e-11	2.75e-09	4.59e-08	4.00e-07	3.63e-06	9.93e-04	2.59e-02	1.97e-01	3.60e-01	2.70e-01	1.13e-01	2.29e-02	6.09e-03	3.66e-03	1.79e-04	2.96e-06
 6.53921e+22	4.63e-23	1.42e-13	5.19e-11	3.70e-09	5.94e-08	4.96e-07	4.32e-06	1.13e-03	2.83e-02	2.08e-01	3.66e-01	2.62e-01	1.06e-01	2.06e-02	5.32e-03	3.09e-03	1.44e-04	2.27e-06
 6.55993e+22	6.17e-23	1.81e-13	6.48e-11	4.50e-09	7.04e-08	5.72e-07	4.85e-06	1.22e-03	3.00e-02	2.15e-01	3.69e-01	2.57e-01	1.01e-01	1.92e-02	4.87e-03	2.76e-03	1.25e-04	1.90e-06
 6.57909e+22	9.04e-23	2.51e-13	8.71e-11	5.84e-09	8.82e-08	6.91e-07	5.65e-06	1.37e-03	3.24e-02	2.25e-01	3.73e-01	2.49e-01	9.46e-02	1.74e-02	4.31e-03	2.36e-03	1.02e-04	1.50e-06
 6.59841e+22	1.20e-22	3.21e-13	1.09e-10	7.10e-09	1.05e-07	7.97e-07	6.35e-06	1.48e-03	3.43e-02	2.33e-01	3.76e-01	2.43e-01	9.00e-02	1.61e-02	3.93e-03	2.10e-03	8.83e-05	1.25e-06
