#depth	C	C+	C+2	C+3	C+4	C+5	C+6	C[1]	C[2]	C[3]	C+[1]	C+[2]	CO
 4.62852e+21	0.00e+00	2.80e-29	2.74e-22	2.95e-16	4.50e-10	3.76e-05	1.00e+00	0.00e+00	0.00e+00	0.00e+00	0.00e+00	0.00e+00	6.24e-123
 1.05231e+22	0.00e+00	1.64e-28	1.12e-21	8.86e-16	9.32e-10	5.39e-05	1.00e+00	0.00e+00	0.00e+00	0.00e+00	0.00e+00	0.00e+00	1.81e-123
 1.26294e+22	0.00e+00	5.43e-28	2.94e-21	1.83e-15	1.51e-09	6.84e-05	1.00e+00	0.00e+00	0.00e+00	0.00e+00	0.00e+00	0.00e+00	2.47e-123
 1.41418e+22	0.00e+00	1.41e-27	6.32e-21	3.28e-15	2.21e-09	8.26e-05	1.00e+00	0.00e+00	0.00e+00	0.00e+00	0.00e+00	0.00e+00	3.65e-123
 1.50175e+22	0.00e+00	1.87e-27	7.95e-21	3.90e-15	2.48e-09	8.74e-05	1.00e+00	0.00e+00	0.00e+00	0.00e+00	0.00e+00	0.00e+00	4.04e-123
 1.54853e+22	0.00e+00	2.71e-27	1.07e-20	4.89e-15	2.88e-09	9.40e-05	1.00e+00	0.00e+00	0.00e+00	0.00e+00	0.00e+00	0.00e+00	6.56e-123
 1.59921e+22	0.00e+00	3.81e-27	1.41e-20	6.01e-15	3.31e-09	1.01e-04	1.00e+00	0.00e+00	0.00e+00	0.00e+00	0.00e+00	0.00e+00	7.71e-123
 1.65494e+22	0.00e+00	6.02e-27	2.04e-20	7.96e-15	3.98e-09	1.10e-04	1.00e+00	0.00e+00	0.00e+00	0.00e+00	0.00e+00	0.00e+00	3.80e-122
 1.70919e+22	0.00e+00	8.14e-27	2.60e-20	9.57e-15	4.50e-09	1.17e-04	1.00e+00	0.00e+00	0.00e+00	0.00e+00	0.00e+00	0.00e+00	4.53e-122
 1.76152e+22	0.00e+00	1.23e-26	3.62e-20	1.23e-14	5.31e-09	1.27e-04	1.00e+00	0.00e+00	0.00e+00	0.00e+00	0.00e+00	0.00e+00	6.72e-122
 1.81566e+22	0.00e+00	1.75e-26	4.82e-20	1.53e-14	6.13e-09	1.36e-04	1.00e+00	0.00e+00	0.00e+00	0.00e+00	0.00e+00	0.00e+00	7.89e-122
 1.86365e+22	0.00e+00	2.44e-26	6.31e-20	1.88e-14	7.02e-09	1.45e-04	1.00e+00	0.00e+00	0.00e+00	0.00e+00	0.00e+00	0.00e+00	6.64e-119
 1.91753e+22	0.00e+00	3.80e-26	9.02e-20	2.47e-14	8.40e-09	1.58e-04	1.00e+00	0.00e+00	0.00e+00	0.00e+00	0.00e+00	0.00e+00	7.98e-119
 1.96626e+22	0.00e+00	4.90e-26	1.11e-19	2.89e-14	9.31e-09	1.66e-04	1.00e+00	0.00e+00	0.00e+00	0.00e+00	0.00e+00	0.00e+00	3.69e-113
 2.00827e+22	0.00e+00	6.70e-26	1.43e-19	3.51e-14	1.06e-08	1.77e-04	1.00e+00	0.00e+00	0.00e+00	0.00e+00	0.00e+00	0.00e+00	4.05e-113
 2.05379e+22	0.00e+00	9.11e-26	1.83e-19	4.24e-14	1.20e-08	1.88e-04	1.00e+00	0.00e+00	0.00e+00	0.00e+00	0.00e+00	0.00e+00	1.63e-93
 2.09505e+22	0.00e+00	1.21e-25	2.30e-19	5.05e-14	1.34e-08	1.99e-04	1.00e+00	0.00e+00	0.00e+00	0.00e+00	0.00e+00	0.00e+00	1.79e-93
 2.13988e+22	0.00e+00	1.72e-25	3.05e-19	6.28e-14	1.55e-08	2.13e-04	1.00e+00	0.00e+00	0.00e+00	0.00e+00	0.00e+00	0.00e+00	7.60e-93
 2.18534e+22	0.00e+00	2.28e-25	3.84e-19	7.49e-14	1.74e-08	2.25e-04	1.00e+00	0.00e+00	0.00e+00	0.00e+00	0.00e+00	0.00e+00	3.48e-92
 2.22521e+22	0.00e+00	3.03e-25	4.84e-19	8.93e-14	1.95e-08	2.38e-04	1.00e+00	0.00e+00	0.00e+00	0.00e+00	0.00e+00	0.00e+00	2.23e-92
 2.26454e+22	2.31e-33	3.97e-25	6.02e-19	1.06e-13	2.18e-08	2.51e-04	1.00e+00	0.00e+00	0.00e+00	0.00e+00	0.00e+00	0.00e+00	1.15e-91
 2.30961e+22	3.56e-33	5.70e-25	8.07e-19	1.32e-13	2.53e-08	2.69e-04	1.00e+00	0.00e+00	0.00e+00	0.00e+00	0.00e+00	0.00e+00	1.87e-91
 2.35494e+22	4.91e-33	7.48e-25	1.01e-18	1.57e-13	2.82e-08	2.84e-04	1.00e+00	0.00e+00	0.00e+00	0.00e+00	0.00e+00	0.00e+00	2.73e-91
 2.39197e+22	6.59e-33	9.58e-25	1.23e-18	1.83e-13	3.12e-08	2.98e-04	1.00e+00	0.00e+00	0.00e+00	0.00e+00	0.00e+00	0.00e+00	1.84e-90
 2.42568e+22	8.71e-33	1.21e-24	1.49e-18	2.11e-13	3.44e-08	3.12e-04	1.00e+00	0.00e+00	0.00e+00	0.00e+00	0.00e+00	0.00e+00	3.12e-90
 2.46374e+22	1.21e-32	1.60e-24	1.87e-18	2.52e-13	3.86e-08	3.30e-04	1.00e+00	0.00e+00	0.00e+00	0.00e+00	0.00e+00	0.00e+00	4.39e-90
 2.50408e+22	1.67e-32	2.09e-24	2.32e-18	2.98e-13	4.30e-08	3.48e-04	1.00e+00	0.00e+00	0.00e+00	0.00e+00	0.00e+00	0.00e+00	1.52e-89
 2.53930e+22	2.22e-32	2.66e-24	2.81e-18	3.46e-13	4.75e-08	3.64e-04	1.00e+00	0.00e+00	0.00e+00	0.00e+00	0.00e+00	0.00e+00	3.73e-89
 2.57699e+22	3.08e-32	3.51e-24	3.54e-18	4.13e-13	5.33e-08	3.85e-04	1.00e+00	0.00e+00	0.00e+00	0.00e+00	0.00e+00	0.00e+00	3.16e-89
 2.61661e+22	4.21e-32	4.56e-24	4.37e-18	4.86e-13	5.93e-08	4.05e-04	1.00e+00	0.00e+00	0.00e+00	0.00e+00	0.00e+00	0.00e+00	9.09e-89
 2.65182e+22	5.61e-32	5.80e-24	5.32e-18	5.65e-13	6.55e-08	4.25e-04	1.00e+00	0.00e+00	0.00e+00	0.00e+00	0.00e+00	0.00e+00	3.72e-88
 2.68547e+22	7.41e-32	7.33e-24	6.43e-18	6.54e-13	7.21e-08	4.45e-04	1.00e+00	0.00e+00	0.00e+00	0.00e+00	0.00e+00	0.00e+00	7.41e-88
 2.72396e+22	1.04e-31	9.75e-24	8.12e-18	7.85e-13	8.13e-08	4.70e-04	1.00e+00	0.00e+00	0.00e+00	0.00e+00	0.00e+00	0.00e+00	9.96e-88
 2.76070e+22	1.36e-31	1.22e-23	9.72e-18	9.01e-13	8.90e-08	4.91e-04	1.00e+00	0.00e+00	0.00e+00	0.00e+00	0.00e+00	0.00e+00	3.33e-87
 2.78960e+22	1.72e-31	1.48e-23	1.14e-17	1.02e-12	9.66e-08	5.11e-04	9.99e-01	0.00e+00	0.00e+00	0.00e+00	0.00e+00	0.00e+00	5.17e-87
 2.82164e+22	2.26e-31	1.87e-23	1.38e-17	1.18e-12	1.06e-07	5.35e-04	9.99e-01	0.00e+00	0.00e+00	0.00e+00	0.00e+00	0.00e+00	1.17e-86
 2.85619e+22	2.98e-31	2.36e-23	1.67e-17	1.37e-12	1.17e-07	5.60e-04	9.99e-01	0.00e+00	0.00e+00	0.00e+00	0.00e+00	0.00e+00	7.23e-87
 2.88692e+22	3.78e-31	2.89e-23	1.96e-17	1.55e-12	1.27e-07	5.82e-04	9.99e-01	0.00e+00	0.00e+00	0.00e+00	0.00e+00	0.00e+00	2.99e-86
 2.91976e+22	5.03e-31	3.67e-23	2.39e-17	1.81e-12	1.40e-07	6.10e-04	9.99e-01	0.00e+00	0.00e+00	0.00e+00	0.00e+00	0.00e+00	2.12e-86
 2.95446e+22	6.60e-31	4.61e-23	2.87e-17	2.08e-12	1.54e-07	6.38e-04	9.99e-01	0.00e+00	0.00e+00	0.00e+00	0.00e+00	0.00e+00	7.65e-86
 2.98523e+22	8.43e-31	5.66e-23	3.39e-17	2.37e-12	1.68e-07	6.65e-04	9.99e-01	0.00e+00	0.00e+00	0.00e+00	0.00e+00	0.00e+00	1.87e-85
 3.01887e+22	1.13e-30	7.25e-23	4.15e-17	2.78e-12	1.86e-07	6.97e-04	9.99e-01	0.00e+00	0.00e+00	0.00e+00	0.00e+00	0.00e+00	2.61e-85
 3.05153e+22	1.44e-30	8.90e-23	4.90e-17	3.15e-12	2.03e-07	7.27e-04	9.99e-01	0.00e+00	0.00e+00	0.00e+00	0.00e+00	0.00e+00	6.77e-85
 3.07704e+22	1.77e-30	1.06e-22	5.63e-17	3.51e-12	2.18e-07	7.52e-04	9.99e-01	0.00e+00	0.00e+00	0.00e+00	0.00e+00	0.00e+00	1.06e-84
 3.10432e+22	2.24e-30	1.29e-22	6.62e-17	3.98e-12	2.36e-07	7.81e-04	9.99e-01	0.00e+00	0.00e+00	0.00e+00	0.00e+00	0.00e+00	1.02e-84
 3.13433e+22	2.82e-30	1.56e-22	7.76e-17	4.51e-12	2.56e-07	8.12e-04	9.99e-01	0.00e+00	0.00e+00	0.00e+00	0.00e+00	0.00e+00	3.73e-84
 3.16287e+22	3.54e-30	1.89e-22	9.06e-17	5.09e-12	2.78e-07	8.43e-04	9.99e-01	0.00e+00	0.00e+00	0.00e+00	0.00e+00	0.00e+00	4.74e-84
 3.19053e+22	4.44e-30	2.29e-22	1.06e-16	5.73e-12	3.00e-07	8.76e-04	9.99e-01	0.00e+00	0.00e+00	0.00e+00	0.00e+00	0.00e+00	7.79e-84
 3.21728e+22	5.50e-30	2.74e-22	1.22e-16	6.42e-12	3.24e-07	9.07e-04	9.99e-01	0.00e+00	0.00e+00	0.00e+00	0.00e+00	0.00e+00	3.20e-83
 3.24726e+22	7.12e-30	3.41e-22	1.46e-16	7.37e-12	3.54e-07	9.47e-04	9.99e-01	0.00e+00	0.00e+00	0.00e+00	0.00e+00	0.00e+00	4.01e-83
 3.27857e+22	9.08e-30	4.18e-22	1.72e-16	8.37e-12	3.86e-07	9.86e-04	9.99e-01	0.00e+00	0.00e+00	0.00e+00	0.00e+00	0.00e+00	2.45e-83
 3.30582e+22	1.13e-29	5.02e-22	2.00e-16	9.40e-12	4.16e-07	1.02e-03	9.99e-01	0.00e+00	0.00e+00	0.00e+00	0.00e+00	0.00e+00	1.28e-82
 3.33005e+22	1.37e-29	5.90e-22	2.28e-16	1.04e-11	4.45e-07	1.06e-03	9.99e-01	0.00e+00	0.00e+00	0.00e+00	0.00e+00	0.00e+00	2.07e-82
 3.35609e+22	1.71e-29	7.10e-22	2.65e-16	1.17e-11	4.82e-07	1.10e-03	9.99e-01	0.00e+00	0.00e+00	0.00e+00	0.00e+00	0.00e+00	5.29e-82
 3.38416e+22	2.12e-29	8.52e-22	3.08e-16	1.31e-11	5.19e-07	1.14e-03	9.99e-01	0.00e+00	0.00e+00	0.00e+00	0.00e+00	0.00e+00	4.12e-82
 3.40966e+22	2.60e-29	1.01e-21	3.53e-16	1.46e-11	5.58e-07	1.18e-03	9.99e-01	0.00e+00	0.00e+00	0.00e+00	0.00e+00	0.00e+00	1.12e-81
 3.43759e+22	3.30e-29	1.23e-21	4.16e-16	1.66e-11	6.07e-07	1.22e-03	9.99e-01	0.00e+00	0.00e+00	0.00e+00	0.00e+00	0.00e+00	2.27e-81
 3.46677e+22	4.14e-29	1.49e-21	4.85e-16	1.87e-11	6.57e-07	1.27e-03	9.99e-01	0.00e+00	0.00e+00	0.00e+00	0.00e+00	0.00e+00	3.99e-81
 3.49140e+22	5.02e-29	1.75e-21	5.53e-16	2.07e-11	7.03e-07	1.31e-03	9.99e-01	0.00e+00	0.00e+00	0.00e+00	0.00e+00	0.00e+00	1.42e-80
 3.51728e+22	6.27e-29	2.11e-21	6.44e-16	2.33e-11	7.61e-07	1.36e-03	9.99e-01	0.00e+00	0.00e+00	0.00e+00	0.00e+00	0.00e+00	2.47e-80
 3.54494e+22	7.77e-29	2.53e-21	7.44e-16	2.61e-11	8.20e-07	1.41e-03	9.99e-01	0.00e+00	0.00e+00	0.00e+00	0.00e+00	0.00e+00	4.20e-80
 3.57002e+22	9.47e-29	2.99e-21	8.51e-16	2.90e-11	8.79e-07	1.46e-03	9.99e-01	0.00e+00	0.00e+00	0.00e+00	0.00e+00	0.00e+00	6.87e-80
 3.59773e+22	1.20e-28	3.64e-21	1.00e-15	3.29e-11	9.56e-07	1.52e-03	9.98e-01	0.00e+00	0.00e+00	0.00e+00	0.00e+00	0.00e+00	1.24e-79
 3.62679e+22	1.50e-28	4.39e-21	1.16e-15	3.69e-11	1.03e-06	1.58e-03	9.98e-01	0.00e+00	0.00e+00	0.00e+00	0.00e+00	0.00e+00	2.16e-79
 3.65110e+22	1.82e-28	5.15e-21	1.32e-15	4.08e-11	1.10e-06	1.63e-03	9.98e-01	0.00e+00	0.00e+00	0.00e+00	0.00e+00	0.00e+00	3.46e-79
 3.67281e+22	2.15e-28	5.93e-21	1.48e-15	4.46e-11	1.17e-06	1.68e-03	9.98e-01	0.00e+00	0.00e+00	0.00e+00	0.00e+00	0.00e+00	5.28e-79
 3.69769e+22	2.66e-28	7.08e-21	1.72e-15	4.99e-11	1.26e-06	1.74e-03	9.98e-01	0.00e+00	0.00e+00	0.00e+00	0.00e+00	0.00e+00	8.91e-79
 3.72467e+22	3.28e-28	8.44e-21	1.98e-15	5.57e-11	1.36e-06	1.80e-03	9.98e-01	0.00e+00	0.00e+00	0.00e+00	0.00e+00	0.00e+00	1.51e-78
 3.74956e+22	4.00e-28	9.96e-21	2.26e-15	6.17e-11	1.46e-06	1.86e-03	9.98e-01	0.00e+00	0.00e+00	0.00e+00	0.00e+00	0.00e+00	2.47e-78
 3.77711e+22	5.07e-28	1.21e-20	2.65e-15	7.00e-11	1.59e-06	1.94e-03	9.98e-01	0.00e+00	0.00e+00	0.00e+00	0.00e+00	0.00e+00	4.46e-78
 3.80459e+22	6.25e-28	1.44e-20	3.05e-15	7.79e-11	1.71e-06	2.01e-03	9.98e-01	0.00e+00	0.00e+00	0.00e+00	0.00e+00	0.00e+00	7.50e-78
 3.82698e+22	7.47e-28	1.67e-20	3.43e-15	8.54e-11	1.82e-06	2.07e-03	9.98e-01	0.00e+00	0.00e+00	0.00e+00	0.00e+00	0.00e+00	1.17e-77
 3.85108e+22	9.18e-28	1.99e-20	3.95e-15	9.51e-11	1.95e-06	2.15e-03	9.98e-01	0.00e+00	0.00e+00	0.00e+00	0.00e+00	0.00e+00	1.95e-77
 3.87741e+22	1.13e-27	2.36e-20	4.53e-15	1.06e-10	2.10e-06	2.23e-03	9.98e-01	0.00e+00	0.00e+00	0.00e+00	0.00e+00	0.00e+00	3.28e-77
 3.90202e+22	1.37e-27	2.77e-20	5.15e-15	1.17e-10	2.25e-06	2.30e-03	9.98e-01	0.00e+00	0.00e+00	0.00e+00	0.00e+00	0.00e+00	5.32e-77
 3.92937e+22	1.73e-27	3.37e-20	6.03e-15	1.32e-10	2.44e-06	2.40e-03	9.98e-01	0.00e+00	0.00e+00	0.00e+00	0.00e+00	0.00e+00	9.53e-77
 3.95812e+22	2.17e-27	4.06e-20	6.99e-15	1.48e-10	2.64e-06	2.49e-03	9.98e-01	0.00e+00	0.00e+00	0.00e+00	0.00e+00	0.00e+00	1.68e-76
 3.98212e+22	2.62e-27	4.74e-20	7.92e-15	1.63e-10	2.81e-06	2.57e-03	9.97e-01	0.00e+00	0.00e+00	0.00e+00	0.00e+00	0.00e+00	2.68e-76
 4.00674e+22	3.24e-27	5.66e-20	9.13e-15	1.81e-10	3.03e-06	2.67e-03	9.97e-01	0.00e+00	0.00e+00	0.00e+00	0.00e+00	0.00e+00	4.59e-76
 4.03295e+22	3.98e-27	6.69e-20	1.04e-14	2.01e-10	3.25e-06	2.77e-03	9.97e-01	0.00e+00	0.00e+00	0.00e+00	0.00e+00	0.00e+00	7.65e-76
 4.05693e+22	4.83e-27	7.85e-20	1.18e-14	2.21e-10	3.48e-06	2.86e-03	9.97e-01	0.00e+00	0.00e+00	0.00e+00	0.00e+00	0.00e+00	1.25e-75
 4.08381e+22	6.15e-27	9.58e-20	1.39e-14	2.49e-10	3.78e-06	2.99e-03	9.97e-01	0.00e+00	0.00e+00	0.00e+00	0.00e+00	0.00e+00	2.29e-75
 4.11002e+22	7.45e-27	1.12e-19	1.57e-14	2.74e-10	4.04e-06	3.09e-03	9.97e-01	0.00e+00	0.00e+00	0.00e+00	0.00e+00	0.00e+00	3.71e-75
 4.13155e+22	8.89e-27	1.30e-19	1.76e-14	2.99e-10	4.29e-06	3.19e-03	9.97e-01	0.00e+00	0.00e+00	0.00e+00	0.00e+00	0.00e+00	5.80e-75
 4.15573e+22	1.10e-26	1.55e-19	2.02e-14	3.32e-10	4.62e-06	3.31e-03	9.97e-01	0.00e+00	0.00e+00	0.00e+00	0.00e+00	0.00e+00	1.00e-74
 4.18122e+22	1.34e-26	1.82e-19	2.30e-14	3.64e-10	4.93e-06	3.43e-03	9.97e-01	0.00e+00	0.00e+00	0.00e+00	0.00e+00	0.00e+00	1.65e-74
 4.20442e+22	1.63e-26	2.12e-19	2.60e-14	3.99e-10	5.26e-06	3.55e-03	9.96e-01	0.00e+00	0.00e+00	0.00e+00	0.00e+00	0.00e+00	2.67e-74
 4.23058e+22	2.08e-26	2.59e-19	3.04e-14	4.49e-10	5.72e-06	3.71e-03	9.96e-01	0.00e+00	0.00e+00	0.00e+00	0.00e+00	0.00e+00	4.99e-74
 4.25595e+22	2.51e-26	3.02e-19	3.42e-14	4.89e-10	6.08e-06	3.84e-03	9.96e-01	0.00e+00	0.00e+00	0.00e+00	0.00e+00	0.00e+00	8.10e-74
 4.27648e+22	2.96e-26	3.45e-19	3.80e-14	5.29e-10	6.43e-06	3.96e-03	9.96e-01	0.00e+00	0.00e+00	0.00e+00	0.00e+00	0.00e+00	1.23e-73
 4.29936e+22	3.67e-26	4.10e-19	4.34e-14	5.83e-10	6.90e-06	4.11e-03	9.96e-01	0.00e+00	0.00e+00	0.00e+00	0.00e+00	0.00e+00	2.13e-73
 4.32333e+22	4.44e-26	4.78e-19	4.88e-14	6.35e-10	7.35e-06	4.26e-03	9.96e-01	0.00e+00	0.00e+00	0.00e+00	0.00e+00	0.00e+00	3.48e-73
 4.34516e+22	5.35e-26	5.55e-19	5.48e-14	6.91e-10	7.81e-06	4.41e-03	9.96e-01	0.00e+00	0.00e+00	0.00e+00	0.00e+00	0.00e+00	5.60e-73
 4.36996e+22	6.73e-26	6.68e-19	6.31e-14	7.65e-10	8.41e-06	4.60e-03	9.95e-01	0.00e+00	0.00e+00	0.00e+00	0.00e+00	0.00e+00	1.01e-72
 4.39447e+22	8.20e-26	7.82e-19	7.11e-14	8.33e-10	8.96e-06	4.77e-03	9.95e-01	0.00e+00	0.00e+00	0.00e+00	0.00e+00	0.00e+00	1.69e-72
 4.41431e+22	9.67e-26	8.92e-19	7.87e-14	8.97e-10	9.46e-06	4.92e-03	9.95e-01	0.00e+00	0.00e+00	0.00e+00	0.00e+00	0.00e+00	2.57e-72
 4.43584e+22	1.19e-25	1.05e-18	8.93e-14	9.80e-10	1.01e-05	5.11e-03	9.95e-01	0.00e+00	0.00e+00	0.00e+00	0.00e+00	0.00e+00	4.43e-72
 4.45834e+22	1.44e-25	1.22e-18	9.98e-14	1.06e-09	1.07e-05	5.29e-03	9.95e-01	0.00e+00	0.00e+00	0.00e+00	0.00e+00	0.00e+00	7.21e-72
 4.47874e+22	1.72e-25	1.41e-18	1.11e-13	1.14e-09	1.13e-05	5.47e-03	9.95e-01	0.00e+00	0.00e+00	0.00e+00	0.00e+00	0.00e+00	1.15e-71
 4.50192e+22	2.16e-25	1.69e-18	1.27e-13	1.25e-09	1.22e-05	5.71e-03	9.94e-01	0.00e+00	0.00e+00	0.00e+00	0.00e+00	0.00e+00	2.08e-71
 4.52476e+22	2.59e-25	1.95e-18	1.42e-13	1.35e-09	1.29e-05	5.91e-03	9.94e-01	0.00e+00	0.00e+00	0.00e+00	0.00e+00	0.00e+00	3.35e-71
 4.54398e+22	3.08e-25	2.23e-18	1.57e-13	1.45e-09	1.36e-05	6.11e-03	9.94e-01	0.00e+00	0.00e+00	0.00e+00	0.00e+00	0.00e+00	5.31e-71
 4.56579e+22	3.83e-25	2.65e-18	1.78e-13	1.58e-09	1.46e-05	6.37e-03	9.94e-01	0.00e+00	0.00e+00	0.00e+00	0.00e+00	0.00e+00	9.46e-71
 4.58793e+22	4.59e-25	3.06e-18	1.98e-13	1.70e-09	1.54e-05	6.59e-03	9.93e-01	0.00e+00	0.00e+00	0.00e+00	0.00e+00	0.00e+00	1.52e-70
 4.60754e+22	5.49e-25	3.52e-18	2.20e-13	1.82e-09	1.63e-05	6.82e-03	9.93e-01	0.00e+00	0.00e+00	0.00e+00	0.00e+00	0.00e+00	2.44e-70
 4.63008e+22	6.92e-25	4.21e-18	2.51e-13	1.99e-09	1.75e-05	7.13e-03	9.93e-01	0.00e+00	0.00e+00	0.00e+00	0.00e+00	0.00e+00	4.53e-70
 4.65263e+22	8.29e-25	4.85e-18	2.79e-13	2.14e-09	1.85e-05	7.38e-03	9.93e-01	0.00e+00	0.00e+00	0.00e+00	0.00e+00	0.00e+00	7.30e-70
 4.67186e+22	9.93e-25	5.59e-18	3.09e-13	2.29e-09	1.95e-05	7.64e-03	9.92e-01	0.00e+00	0.00e+00	0.00e+00	0.00e+00	0.00e+00	1.19e-69
 4.69045e+22	1.17e-24	6.35e-18	3.40e-13	2.44e-09	2.06e-05	7.88e-03	9.92e-01	0.00e+00	0.00e+00	0.00e+00	0.00e+00	0.00e+00	1.83e-69
 4.71153e+22	1.45e-24	7.51e-18	3.84e-13	2.64e-09	2.19e-05	8.21e-03	9.92e-01	0.00e+00	0.00e+00	0.00e+00	0.00e+00	0.00e+00	3.28e-69
 4.73293e+22	1.75e-24	8.67e-18	4.26e-13	2.83e-09	2.32e-05	8.52e-03	9.91e-01	0.00e+00	0.00e+00	0.00e+00	0.00e+00	0.00e+00	5.42e-69
 4.75141e+22	2.07e-24	9.90e-18	4.70e-13	3.01e-09	2.44e-05	8.80e-03	9.91e-01	0.00e+00	0.00e+00	0.00e+00	0.00e+00	0.00e+00	8.57e-69
 4.77208e+22	2.56e-24	1.17e-17	5.30e-13	3.26e-09	2.60e-05	9.17e-03	9.91e-01	0.00e+00	0.00e+00	0.00e+00	0.00e+00	0.00e+00	1.52e-68
 4.79355e+22	3.10e-24	1.35e-17	5.89e-13	3.49e-09	2.76e-05	9.51e-03	9.90e-01	0.00e+00	0.00e+00	0.00e+00	0.00e+00	0.00e+00	2.55e-68
 4.81272e+22	3.71e-24	1.55e-17	6.52e-13	3.72e-09	2.91e-05	9.85e-03	9.90e-01	0.00e+00	0.00e+00	0.00e+00	0.00e+00	0.00e+00	4.17e-68
 4.83132e+22	4.43e-24	1.78e-17	7.20e-13	3.96e-09	3.07e-05	1.02e-02	9.90e-01	0.00e+00	0.00e+00	0.00e+00	0.00e+00	0.00e+00	6.78e-68
 4.85256e+22	5.53e-24	2.11e-17	8.15e-13	4.29e-09	3.28e-05	1.06e-02	9.89e-01	0.00e+00	0.00e+00	0.00e+00	0.00e+00	0.00e+00	1.24e-67
 4.87444e+22	6.78e-24	2.47e-17	9.11e-13	4.59e-09	3.48e-05	1.11e-02	9.89e-01	0.00e+00	0.00e+00	0.00e+00	0.00e+00	0.00e+00	2.18e-67
 4.89340e+22	8.10e-24	2.84e-17	1.01e-12	4.89e-09	3.67e-05	1.15e-02	9.88e-01	0.00e+00	0.00e+00	0.00e+00	0.00e+00	0.00e+00	3.54e-67
 4.91430e+22	1.01e-23	3.36e-17	1.14e-12	5.29e-09	3.93e-05	1.20e-02	9.88e-01	0.00e+00	0.00e+00	0.00e+00	0.00e+00	0.00e+00	6.48e-67
 4.93525e+22	1.22e-23	3.88e-17	1.26e-12	5.63e-09	4.15e-05	1.24e-02	9.88e-01	0.00e+00	0.00e+00	0.00e+00	0.00e+00	0.00e+00	1.08e-66
 4.95297e+22	1.44e-23	4.42e-17	1.38e-12	5.97e-09	4.37e-05	1.28e-02	9.87e-01	0.00e+00	0.00e+00	0.00e+00	0.00e+00	0.00e+00	1.74e-66
 4.97272e+22	1.80e-23	5.23e-17	1.56e-12	6.43e-09	4.66e-05	1.34e-02	9.87e-01	0.00e+00	0.00e+00	0.00e+00	5.23e-17	5.79e-26	3.18e-66
 4.99151e+22	2.10e-23	5.90e-17	1.70e-12	6.78e-09	4.89e-05	1.38e-02	9.86e-01	0.00e+00	0.00e+00	0.00e+00	5.90e-17	7.09e-24	4.91e-66
 5.00673e+22	2.47e-23	6.67e-17	1.85e-12	7.14e-09	5.12e-05	1.42e-02	9.86e-01	0.00e+00	0.00e+00	0.00e+00	6.67e-17	8.01e-24	7.68e-66
 5.02073e+22	2.84e-23	7.42e-17	2.00e-12	7.46e-09	5.33e-05	1.46e-02	9.85e-01	0.00e+00	0.00e+00	0.00e+00	7.42e-17	8.91e-24	1.14e-65
 5.03342e+22	3.24e-23	8.21e-17	2.15e-12	7.79e-09	5.54e-05	1.50e-02	9.85e-01	0.00e+00	0.00e+00	0.00e+00	8.21e-17	9.85e-24	1.63e-65
 5.04790e+22	3.83e-23	9.33e-17	2.35e-12	8.22e-09	5.83e-05	1.55e-02	9.84e-01	0.00e+00	0.00e+00	0.00e+00	9.33e-17	1.12e-23	2.60e-65
 5.06221e+22	4.38e-23	1.03e-16	2.53e-12	8.59e-09	6.06e-05	1.59e-02	9.84e-01	0.00e+00	0.00e+00	0.00e+00	1.03e-16	1.24e-23	3.78e-65
 5.07428e+22	4.98e-23	1.14e-16	2.71e-12	8.95e-09	6.29e-05	1.63e-02	9.84e-01	0.00e+00	0.00e+00	0.00e+00	1.14e-16	1.37e-23	5.41e-65
 5.08793e+22	5.86e-23	1.29e-16	2.97e-12	9.43e-09	6.60e-05	1.68e-02	9.83e-01	0.00e+00	0.00e+00	0.00e+00	1.29e-16	1.55e-23	8.52e-65
 5.10185e+22	6.72e-23	1.44e-16	3.20e-12	9.86e-09	6.88e-05	1.72e-02	9.83e-01	0.00e+00	0.00e+00	0.00e+00	1.44e-16	1.73e-23	1.25e-64
 5.11358e+22	7.64e-23	1.58e-16	3.42e-12	1.03e-08	7.14e-05	1.76e-02	9.82e-01	0.00e+00	0.00e+00	0.00e+00	1.58e-16	1.90e-23	1.78e-64
 5.12457e+22	8.68e-23	1.75e-16	3.67e-12	1.07e-08	7.41e-05	1.81e-02	9.82e-01	0.00e+00	0.00e+00	0.00e+00	1.75e-16	2.10e-23	2.55e-64
 5.13546e+22	9.80e-23	1.92e-16	3.92e-12	1.11e-08	7.68e-05	1.85e-02	9.81e-01	0.00e+00	0.00e+00	0.00e+00	1.92e-16	2.30e-23	3.57e-64
 5.14797e+22	1.16e-22	2.17e-16	4.28e-12	1.17e-08	8.06e-05	1.91e-02	9.81e-01	0.00e+00	0.00e+00	0.00e+00	2.17e-16	2.62e-23	5.67e-64
 5.16051e+22	1.31e-22	2.40e-16	4.59e-12	1.22e-08	8.37e-05	1.95e-02	9.80e-01	0.00e+00	0.00e+00	0.00e+00	2.40e-16	2.88e-23	8.06e-64
 5.17307e+22	1.55e-22	2.72e-16	5.03e-12	1.28e-08	8.78e-05	2.01e-02	9.80e-01	0.00e+00	0.00e+00	0.00e+00	2.72e-16	3.27e-23	1.27e-63
 5.18521e+22	1.76e-22	3.00e-16	5.38e-12	1.33e-08	9.11e-05	2.06e-02	9.79e-01	0.00e+00	0.00e+00	0.00e+00	3.00e-16	3.61e-23	1.80e-63
 5.19517e+22	2.00e-22	3.31e-16	5.77e-12	1.39e-08	9.45e-05	2.11e-02	9.79e-01	0.00e+00	0.00e+00	0.00e+00	3.31e-16	3.98e-23	2.57e-63
 5.20493e+22	2.26e-22	3.64e-16	6.17e-12	1.44e-08	9.80e-05	2.15e-02	9.78e-01	0.00e+00	0.00e+00	0.00e+00	3.64e-16	4.38e-23	3.61e-63
 5.21603e+22	2.64e-22	4.11e-16	6.73e-12	1.51e-08	1.03e-04	2.21e-02	9.78e-01	0.00e+00	0.00e+00	0.00e+00	4.11e-16	4.94e-23	5.56e-63
 5.22743e+22	3.05e-22	4.59e-16	7.28e-12	1.58e-08	1.07e-04	2.27e-02	9.77e-01	0.00e+00	0.00e+00	0.00e+00	4.59e-16	5.52e-23	8.24e-63
 5.23731e+22	3.45e-22	5.05e-16	7.79e-12	1.65e-08	1.11e-04	2.32e-02	9.77e-01	0.00e+00	0.00e+00	0.00e+00	5.05e-16	6.08e-23	1.15e-62
 5.24826e+22	4.15e-22	5.81e-16	8.61e-12	1.74e-08	1.17e-04	2.39e-02	9.76e-01	0.00e+00	0.00e+00	0.00e+00	5.81e-16	7.00e-23	1.90e-62
 5.25915e+22	4.70e-22	6.40e-16	9.24e-12	1.82e-08	1.21e-04	2.45e-02	9.75e-01	0.00e+00	0.00e+00	0.00e+00	6.40e-16	7.71e-23	2.65e-62
 5.26997e+22	5.68e-22	7.42e-16	1.03e-11	1.93e-08	1.28e-04	2.52e-02	9.75e-01	0.00e+00	0.00e+00	0.00e+00	7.42e-16	8.94e-23	4.44e-62
 5.28045e+22	6.45e-22	8.19e-16	1.10e-11	2.01e-08	1.32e-04	2.58e-02	9.74e-01	0.00e+00	0.00e+00	0.00e+00	8.19e-16	9.88e-23	6.23e-62
 5.29049e+22	7.69e-22	9.40e-16	1.22e-11	2.13e-08	1.39e-04	2.65e-02	9.73e-01	0.00e+00	0.00e+00	0.00e+00	9.40e-16	1.13e-22	9.95e-62
 5.30086e+22	8.94e-22	1.06e-15	1.32e-11	2.24e-08	1.45e-04	2.72e-02	9.73e-01	0.00e+00	0.00e+00	0.00e+00	1.06e-15	1.27e-22	1.48e-61
 5.31167e+22	1.10e-21	1.24e-15	1.49e-11	2.39e-08	1.54e-04	2.81e-02	9.72e-01	0.00e+00	0.00e+00	0.00e+00	1.24e-15	1.50e-22	2.54e-61
 5.32209e+22	1.26e-21	1.39e-15	1.61e-11	2.51e-08	1.60e-04	2.87e-02	9.71e-01	0.00e+00	0.00e+00	0.00e+00	1.39e-15	1.67e-22	3.66e-61
 5.33200e+22	1.55e-21	1.63e-15	1.81e-11	2.69e-08	1.70e-04	2.96e-02	9.70e-01	0.00e+00	0.00e+00	0.00e+00	1.63e-15	1.97e-22	6.23e-61
 5.34187e+22	1.80e-21	1.83e-15	1.98e-11	2.83e-08	1.77e-04	3.03e-02	9.69e-01	0.00e+00	0.00e+00	0.00e+00	1.83e-15	2.21e-22	9.10e-61
 5.35170e+22	2.22e-21	2.17e-15	2.24e-11	3.05e-08	1.87e-04	3.13e-02	9.69e-01	0.00e+00	0.00e+00	0.00e+00	2.17e-15	2.62e-22	1.56e-60
 5.36162e+22	2.60e-21	2.46e-15	2.46e-11	3.23e-08	1.96e-04	3.21e-02	9.68e-01	0.00e+00	0.00e+00	0.00e+00	2.46e-15	2.97e-22	2.33e-60
 5.37165e+22	3.28e-21	2.95e-15	2.82e-11	3.51e-08	2.09e-04	3.32e-02	9.67e-01	0.00e+00	0.00e+00	0.00e+00	2.95e-15	3.57e-22	4.18e-60
 5.38170e+22	3.88e-21	3.38e-15	3.12e-11	3.73e-08	2.19e-04	3.40e-02	9.66e-01	0.00e+00	0.00e+00	0.00e+00	3.38e-15	4.09e-22	6.35e-60
 5.39178e+22	4.90e-21	4.08e-15	3.59e-11	4.07e-08	2.33e-04	3.51e-02	9.65e-01	0.00e+00	0.00e+00	0.00e+00	4.08e-15	4.93e-22	1.13e-59
 5.40177e+22	5.85e-21	4.71e-15	4.00e-11	4.35e-08	2.45e-04	3.60e-02	9.64e-01	0.00e+00	0.00e+00	0.00e+00	4.71e-15	5.69e-22	1.75e-59
 5.41165e+22	7.45e-21	5.72e-15	4.63e-11	4.77e-08	2.61e-04	3.72e-02	9.63e-01	0.00e+00	0.00e+00	0.00e+00	5.72e-15	6.92e-22	3.15e-59
 5.42168e+22	9.04e-21	6.69e-15	5.21e-11	5.14e-08	2.75e-04	3.82e-02	9.61e-01	0.00e+00	0.00e+00	0.00e+00	6.69e-15	8.10e-22	5.04e-59
 5.43192e+22	1.17e-20	8.26e-15	6.12e-11	5.69e-08	2.95e-04	3.96e-02	9.60e-01	0.00e+00	0.00e+00	0.00e+00	8.26e-15	1.00e-21	9.38e-59
 5.44227e+22	1.44e-20	9.77e-15	6.95e-11	6.17e-08	3.12e-04	4.07e-02	9.59e-01	0.00e+00	0.00e+00	0.00e+00	9.77e-15	1.18e-21	1.53e-58
 5.45277e+22	1.89e-20	1.22e-14	8.25e-11	6.89e-08	3.36e-04	4.22e-02	9.57e-01	0.00e+00	0.00e+00	0.00e+00	1.22e-14	1.48e-21	2.93e-58
 5.46333e+22	2.34e-20	1.45e-14	9.42e-11	7.51e-08	3.55e-04	4.34e-02	9.56e-01	0.00e+00	0.00e+00	0.00e+00	1.45e-14	1.76e-21	4.82e-58
 5.47244e+22	2.89e-20	1.73e-14	1.08e-10	8.18e-08	3.76e-04	4.46e-02	9.55e-01	0.00e+00	0.00e+00	0.00e+00	1.73e-14	2.09e-21	7.89e-58
 5.48276e+22	3.83e-20	2.18e-14	1.29e-10	9.18e-08	4.05e-04	4.63e-02	9.53e-01	0.00e+00	0.00e+00	0.00e+00	2.18e-14	2.64e-21	1.52e-57
 5.49306e+22	4.68e-20	2.56e-14	1.46e-10	9.98e-08	4.27e-04	4.75e-02	9.52e-01	0.00e+00	0.00e+00	0.00e+00	2.56e-14	3.11e-21	2.41e-57
 5.50331e+22	6.12e-20	3.20e-14	1.73e-10	1.12e-07	4.58e-04	4.92e-02	9.50e-01	0.00e+00	0.00e+00	0.00e+00	3.20e-14	3.89e-21	4.47e-57
 5.51379e+22	7.60e-20	3.83e-14	1.99e-10	1.22e-07	4.86e-04	5.06e-02	9.49e-01	0.00e+00	0.00e+00	0.00e+00	3.83e-14	4.65e-21	7.35e-57
 5.52454e+22	1.01e-19	4.83e-14	2.38e-10	1.38e-07	5.23e-04	5.25e-02	9.47e-01	0.00e+00	0.00e+00	0.00e+00	4.83e-14	5.87e-21	1.40e-56
 5.53544e+22	1.25e-19	5.76e-14	2.73e-10	1.51e-07	5.54e-04	5.39e-02	9.46e-01	0.00e+00	0.00e+00	0.00e+00	5.76e-14	7.00e-21	2.28e-56
 5.54652e+22	1.66e-19	7.28e-14	3.28e-10	1.70e-07	5.98e-04	5.59e-02	9.43e-01	0.00e+00	0.00e+00	0.00e+00	7.28e-14	8.86e-21	4.33e-56
 5.55786e+22	2.06e-19	8.72e-14	3.77e-10	1.87e-07	6.34e-04	5.75e-02	9.42e-01	0.00e+00	0.00e+00	0.00e+00	8.72e-14	1.06e-20	7.08e-56
 5.56954e+22	2.74e-19	1.10e-13	4.54e-10	2.12e-07	6.84e-04	5.97e-02	9.40e-01	0.00e+00	0.00e+00	0.00e+00	1.10e-13	1.34e-20	1.35e-55
 5.58143e+22	3.41e-19	1.33e-13	5.24e-10	2.33e-07	7.26e-04	6.14e-02	9.38e-01	0.00e+00	0.00e+00	0.00e+00	1.33e-13	1.61e-20	2.22e-55
 5.59360e+22	4.54e-19	1.68e-13	6.30e-10	2.64e-07	7.85e-04	6.37e-02	9.35e-01	0.00e+00	0.00e+00	0.00e+00	1.68e-13	2.05e-20	4.22e-55
 5.60585e+22	5.63e-19	2.01e-13	7.25e-10	2.90e-07	8.32e-04	6.56e-02	9.34e-01	0.00e+00	0.00e+00	0.00e+00	2.01e-13	2.45e-20	6.83e-55
 5.61820e+22	7.41e-19	2.53e-13	8.68e-10	3.27e-07	8.98e-04	6.80e-02	9.31e-01	0.00e+00	0.00e+00	0.00e+00	2.53e-13	3.08e-20	1.27e-54
 5.63088e+22	9.22e-19	3.03e-13	1.00e-09	3.61e-07	9.54e-04	6.99e-02	9.29e-01	0.00e+00	0.00e+00	0.00e+00	3.03e-13	3.69e-20	2.07e-54
 5.64189e+22	1.13e-18	3.58e-13	1.14e-09	3.94e-07	1.01e-03	7.18e-02	9.27e-01	0.00e+00	0.00e+00	0.00e+00	3.58e-13	4.37e-20	3.25e-54
 5.65412e+22	1.45e-18	4.43e-13	1.35e-09	4.42e-07	1.08e-03	7.43e-02	9.25e-01	0.00e+00	0.00e+00	0.00e+00	4.43e-13	5.41e-20	5.74e-54
 5.66648e+22	1.76e-18	5.23e-13	1.54e-09	4.83e-07	1.14e-03	7.63e-02	9.23e-01	0.00e+00	0.00e+00	0.00e+00	5.23e-13	6.39e-20	8.95e-54
 5.67900e+22	2.28e-18	6.47e-13	1.82e-09	5.42e-07	1.23e-03	7.89e-02	9.20e-01	0.00e+00	0.00e+00	0.00e+00	6.47e-13	7.91e-20	1.58e-53
 5.69172e+22	2.76e-18	7.61e-13	2.07e-09	5.91e-07	1.30e-03	8.10e-02	9.18e-01	0.00e+00	0.00e+00	0.00e+00	7.61e-13	9.31e-20	2.45e-53
 5.70290e+22	3.34e-18	8.93e-13	2.35e-09	6.45e-07	1.37e-03	8.31e-02	9.16e-01	0.00e+00	0.00e+00	0.00e+00	8.93e-13	1.09e-19	3.75e-53
 5.71562e+22	4.30e-18	1.10e-12	2.77e-09	7.23e-07	1.47e-03	8.59e-02	9.13e-01	0.00e+00	0.00e+00	0.00e+00	1.10e-12	1.35e-19	6.58e-53
 5.72826e+22	5.11e-18	1.27e-12	3.11e-09	7.82e-07	1.55e-03	8.80e-02	9.10e-01	0.00e+00	0.00e+00	0.00e+00	1.27e-12	1.56e-19	9.68e-53
 5.74080e+22	6.48e-18	1.56e-12	3.64e-09	8.72e-07	1.66e-03	9.09e-02	9.07e-01	0.00e+00	0.00e+00	0.00e+00	1.56e-12	1.91e-19	1.65e-52
 5.75359e+22	7.72e-18	1.80e-12	4.09e-09	9.46e-07	1.74e-03	9.31e-02	9.05e-01	0.00e+00	0.00e+00	0.00e+00	1.80e-12	2.21e-19	2.44e-52
 5.76669e+22	9.80e-18	2.21e-12	4.80e-09	1.06e-06	1.87e-03	9.61e-02	9.02e-01	0.00e+00	0.00e+00	0.00e+00	2.21e-12	2.71e-19	4.17e-52
 5.78003e+22	1.17e-17	2.56e-12	5.40e-09	1.15e-06	1.97e-03	9.85e-02	9.00e-01	0.00e+00	0.00e+00	0.00e+00	2.56e-12	3.15e-19	6.22e-52
 5.79370e+22	1.49e-17	3.14e-12	6.34e-09	1.28e-06	2.11e-03	1.02e-01	8.96e-01	0.00e+00	0.00e+00	0.00e+00	3.14e-12	3.86e-19	1.06e-51
 5.80762e+22	4.61e-20	3.65e-12	7.15e-09	1.39e-06	2.23e-03	1.04e-01	8.93e-01	0.00e+00	0.00e+00	0.00e+00	3.65e-12	4.49e-19	1.71e-52
 5.82186e+22	5.96e-20	4.48e-12	8.41e-09	1.56e-06	2.39e-03	1.08e-01	8.90e-01	0.00e+00	0.00e+00	0.00e+00	4.48e-12	5.51e-19	2.92e-52
 5.83638e+22	7.22e-20	5.22e-12	9.50e-09	1.70e-06	2.52e-03	1.11e-01	8.87e-01	0.00e+00	0.00e+00	0.00e+00	5.22e-12	6.42e-19	4.37e-52
 5.84914e+22	8.73e-20	6.06e-12	1.07e-08	1.85e-06	2.66e-03	1.13e-01	8.84e-01	0.00e+00	0.00e+00	0.00e+00	6.06e-12	7.47e-19	6.50e-52
 5.86359e+22	1.12e-19	7.38e-12	1.25e-08	2.06e-06	2.85e-03	1.17e-01	8.80e-01	0.00e+00	0.00e+00	0.00e+00	7.38e-12	9.10e-19	1.09e-51
 5.87805e+22	9.70e-20	8.44e-12	1.39e-08	2.23e-06	2.99e-03	1.20e-01	8.77e-01	0.00e+00	0.00e+00	0.00e+00	8.44e-12	1.04e-18	1.55e-51
 5.89253e+22	1.24e-19	1.03e-11	1.63e-08	2.48e-06	3.20e-03	1.24e-01	8.73e-01	0.00e+00	0.00e+00	0.00e+00	1.03e-11	1.27e-18	2.60e-51
 5.90725e+22	1.48e-19	1.18e-11	1.82e-08	2.68e-06	3.37e-03	1.26e-01	8.70e-01	0.00e+00	0.00e+00	0.00e+00	1.18e-11	1.46e-18	3.75e-51
 5.92229e+22	1.88e-19	1.42e-11	2.11e-08	2.99e-06	3.60e-03	1.30e-01	8.66e-01	0.00e+00	0.00e+00	0.00e+00	1.42e-11	1.76e-18	6.18e-51
 5.93784e+22	2.27e-19	1.65e-11	2.38e-08	3.25e-06	3.80e-03	1.34e-01	8.63e-01	0.00e+00	0.00e+00	0.00e+00	1.65e-11	2.04e-18	9.13e-51
 5.95404e+22	2.93e-19	2.01e-11	2.79e-08	3.63e-06	4.08e-03	1.38e-01	8.58e-01	0.00e+00	0.00e+00	0.00e+00	2.01e-11	2.49e-18	1.55e-50
 5.97062e+22	3.55e-19	2.33e-11	3.14e-08	3.96e-06	4.30e-03	1.42e-01	8.54e-01	0.00e+00	0.00e+00	0.00e+00	2.33e-11	2.90e-18	2.31e-50
 5.98771e+22	4.61e-19	2.86e-11	3.69e-08	4.44e-06	4.63e-03	1.46e-01	8.49e-01	0.00e+00	0.00e+00	0.00e+00	2.86e-11	3.55e-18	3.95e-50
 6.00542e+22	5.64e-19	3.35e-11	4.19e-08	4.86e-06	4.90e-03	1.50e-01	8.45e-01	0.00e+00	0.00e+00	0.00e+00	3.35e-11	4.16e-18	6.02e-50
 6.02393e+22	7.42e-19	4.14e-11	4.97e-08	5.49e-06	5.29e-03	1.55e-01	8.39e-01	0.00e+00	0.00e+00	0.00e+00	4.14e-11	5.16e-18	1.06e-49
 6.04290e+22	9.16e-19	4.87e-11	5.66e-08	6.02e-06	5.62e-03	1.60e-01	8.35e-01	0.00e+00	0.00e+00	0.00e+00	4.87e-11	6.07e-18	1.64e-49
 6.06245e+22	1.22e-18	6.10e-11	6.77e-08	6.85e-06	6.09e-03	1.66e-01	8.28e-01	0.00e+00	0.00e+00	0.00e+00	6.10e-11	7.62e-18	2.97e-49
 6.08214e+22	1.51e-18	7.16e-11	7.71e-08	7.51e-06	6.46e-03	1.70e-01	8.23e-01	0.00e+00	0.00e+00	0.00e+00	7.16e-11	8.95e-18	4.58e-49
 6.10203e+22	2.00e-18	8.92e-11	9.19e-08	8.52e-06	6.99e-03	1.76e-01	8.17e-01	0.00e+00	0.00e+00	0.00e+00	8.92e-11	1.12e-17	8.19e-49
 6.12234e+22	2.51e-18	1.06e-10	1.06e-07	9.42e-06	7.45e-03	1.81e-01	8.11e-01	0.00e+00	0.00e+00	0.00e+00	1.06e-10	1.33e-17	1.31e-48
 6.14319e+22	3.35e-18	1.33e-10	1.26e-07	1.07e-05	8.08e-03	1.88e-01	8.04e-01	0.00e+00	0.00e+00	0.00e+00	1.33e-10	1.67e-17	2.36e-48
 6.16447e+22	4.26e-18	1.60e-10	1.47e-07	1.19e-05	8.65e-03	1.93e-01	7.98e-01	0.00e+00	0.00e+00	0.00e+00	1.60e-10	2.02e-17	3.87e-48
 6.18345e+22	5.41e-18	1.92e-10	1.70e-07	1.32e-05	9.24e-03	1.99e-01	7.92e-01	0.00e+00	0.00e+00	0.00e+00	1.92e-10	2.43e-17	6.27e-48
 6.20525e+22	7.39e-18	2.45e-10	2.07e-07	1.52e-05	1.01e-02	2.07e-01	7.83e-01	0.00e+00	0.00e+00	0.00e+00	2.45e-10	3.10e-17	1.18e-47
 6.22591e+22	9.04e-18	2.87e-10	2.34e-07	1.66e-05	1.07e-02	2.12e-01	7.77e-01	0.00e+00	0.00e+00	0.00e+00	2.87e-10	3.63e-17	1.78e-47
 6.24507e+22	1.20e-17	3.59e-10	2.81e-07	1.89e-05	1.15e-02	2.19e-01	7.69e-01	0.00e+00	0.00e+00	0.00e+00	3.59e-10	4.55e-17	3.17e-47
 6.26429e+22	1.48e-17	4.21e-10	3.19e-07	2.07e-05	1.22e-02	2.25e-01	7.63e-01	0.00e+00	0.00e+00	0.00e+00	4.21e-10	5.35e-17	4.83e-47
 6.28359e+22	1.96e-17	5.23e-10	3.80e-07	2.35e-05	1.32e-02	2.32e-01	7.55e-01	0.00e+00	0.00e+00	0.00e+00	5.23e-10	6.66e-17	8.44e-47
 6.30332e+22	2.46e-17	6.26e-10	4.39e-07	2.60e-05	1.41e-02	2.38e-01	7.47e-01	0.00e+00	0.00e+00	0.00e+00	6.26e-10	7.98e-17	1.33e-46
 6.32362e+22	3.34e-17	7.93e-10	5.31e-07	2.98e-05	1.53e-02	2.47e-01	7.38e-01	0.00e+00	0.00e+00	0.00e+00	7.93e-10	1.01e-16	2.43e-46
 6.34401e+22	4.20e-17	9.48e-10	6.13e-07	3.30e-05	1.63e-02	2.54e-01	7.30e-01	0.00e+00	0.00e+00	0.00e+00	9.48e-10	1.21e-16	3.83e-46
 6.36452e+22	5.71e-17	1.20e-09	7.43e-07	3.78e-05	1.77e-02	2.62e-01	7.20e-01	5.71e-17	7.24e-23	1.73e-23	1.20e-09	1.55e-16	6.98e-46
 6.38543e+22	7.31e-17	1.46e-09	8.67e-07	4.22e-05	1.90e-02	2.70e-01	7.11e-01	7.31e-17	2.56e-21	3.99e-22	1.46e-09	1.88e-16	1.13e-45
 6.40684e+22	1.01e-16	1.88e-09	1.06e-06	4.88e-05	2.08e-02	2.80e-01	6.99e-01	1.01e-16	3.55e-21	5.54e-22	1.88e-09	2.43e-16	2.11e-45
 6.42862e+22	1.32e-16	2.30e-09	1.25e-06	5.48e-05	2.23e-02	2.88e-01	6.90e-01	1.32e-16	4.62e-21	7.20e-22	2.30e-09	2.98e-16	3.47e-45
 6.45088e+22	1.86e-16	3.00e-09	1.55e-06	6.39e-05	2.45e-02	2.99e-01	6.77e-01	1.86e-16	6.53e-21	1.02e-21	3.00e-09	3.90e-16	6.64e-45
 6.47346e+22	2.44e-16	3.70e-09	1.84e-06	7.22e-05	2.64e-02	3.07e-01	6.66e-01	2.44e-16	8.60e-21	1.34e-21	3.70e-09	4.82e-16	1.10e-44
 6.49584e+22	3.45e-16	4.82e-09	2.28e-06	8.41e-05	2.89e-02	3.18e-01	6.53e-01	3.45e-16	1.22e-20	1.90e-21	4.82e-09	6.29e-16	2.07e-44
 6.51721e+22	4.43e-16	5.80e-09	2.65e-06	9.38e-05	3.09e-02	3.26e-01	6.43e-01	4.43e-16	1.56e-20	2.44e-21	5.80e-09	7.60e-16	3.23e-44
 6.53789e+22	6.18e-16	7.44e-09	3.25e-06	1.08e-04	3.37e-02	3.37e-01	6.29e-01	6.18e-16	2.18e-20	3.41e-21	7.44e-09	9.78e-16	5.79e-44
 6.55896e+22	8.08e-16	9.05e-09	3.81e-06	1.22e-04	3.61e-02	3.46e-01	6.18e-01	8.08e-16	2.86e-20	4.47e-21	9.05e-09	1.19e-15	9.16e-44
 6.57959e+22	1.12e-15	1.15e-08	4.62e-06	1.40e-04	3.93e-02	3.56e-01	6.04e-01	1.12e-15	3.97e-20	6.22e-21	1.15e-08	1.52e-15	1.58e-43
 6.60064e+22	1.50e-15	1.40e-08	5.46e-06	1.58e-04	4.23e-02	3.66e-01	5.92e-01	1.50e-15	5.31e-20	8.33e-21	1.40e-08	1.86e-15	2.52e-43
 6.62116e+22	2.07e-15	1.75e-08	6.56e-06	1.81e-04	4.57e-02	3.76e-01	5.78e-01	2.07e-15	7.36e-20	1.16e-20	1.75e-08	2.33e-15	4.16e-43
 6.64209e+22	2.85e-15	2.15e-08	7.79e-06	2.05e-04	4.93e-02	3.86e-01	5.65e-01	2.85e-15	1.01e-19	1.59e-20	2.15e-08	2.88e-15	6.64e-43
 6.66283e+22	4.00e-15	2.65e-08	9.29e-06	2.33e-04	5.31e-02	3.95e-01	5.51e-01	4.00e-15	1.42e-19	2.24e-20	2.65e-08	3.57e-15	1.06e-42
 6.68367e+22	5.67e-15	3.25e-08	1.10e-05	2.64e-04	5.72e-02	4.05e-01	5.38e-01	5.67e-15	2.02e-19	3.18e-20	3.25e-08	4.39e-15	1.67e-42
 6.70428e+22	8.23e-15	3.97e-08	1.30e-05	2.99e-04	6.15e-02	4.14e-01	5.24e-01	8.23e-15	2.94e-19	4.63e-20	3.97e-08	5.38e-15	2.61e-42
 6.72485e+22	1.24e-14	4.83e-08	1.54e-05	3.39e-04	6.61e-02	4.24e-01	5.10e-01	1.24e-14	4.42e-19	6.97e-20	4.83e-08	6.57e-15	4.03e-42
 6.74547e+22	1.97e-14	5.85e-08	1.82e-05	3.83e-04	7.10e-02	4.33e-01	4.96e-01	1.97e-14	7.05e-19	1.11e-19	5.85e-08	8.00e-15	6.20e-42
 6.76618e+22	3.42e-14	7.07e-08	2.14e-05	4.32e-04	7.61e-02	4.42e-01	4.82e-01	3.42e-14	1.23e-18	1.94e-19	7.07e-08	9.71e-15	9.59e-42
 6.78702e+22	6.87e-14	8.52e-08	2.51e-05	4.88e-04	8.16e-02	4.50e-01	4.68e-01	6.87e-14	2.47e-18	3.90e-19	8.52e-08	1.18e-14	1.52e-41
 6.80806e+22	1.70e-13	1.02e-07	2.95e-05	5.51e-04	8.74e-02	4.59e-01	4.53e-01	1.70e-13	6.13e-18	9.70e-19	1.02e-07	1.42e-14	2.63e-41
 6.82935e+22	4.96e-13	1.23e-07	3.46e-05	6.21e-04	9.36e-02	4.67e-01	4.39e-01	4.96e-13	1.79e-17	2.84e-18	1.23e-07	1.71e-14	5.37e-41
 6.85075e+22	1.18e-12	1.47e-07	4.04e-05	6.99e-04	1.00e-01	4.74e-01	4.25e-01	1.18e-12	4.27e-17	6.76e-18	1.47e-07	2.06e-14	1.12e-40
 6.87251e+22	2.04e-12	1.75e-07	4.74e-05	7.89e-04	1.07e-01	4.82e-01	4.10e-01	2.04e-12	7.39e-17	1.17e-17	1.75e-07	2.47e-14	2.03e-40
 6.89452e+22	3.02e-12	2.08e-07	5.53e-05	8.87e-04	1.14e-01	4.89e-01	3.96e-01	3.02e-12	1.10e-16	1.74e-17	2.08e-07	2.95e-14	3.30e-40
 6.91697e+22	4.26e-12	2.48e-07	6.48e-05	1.00e-03	1.22e-01	4.96e-01	3.81e-01	4.26e-12	1.55e-16	2.47e-17	2.48e-07	3.55e-14	5.20e-40
 6.93786e+22	5.46e-12	2.85e-07	7.34e-05	1.10e-03	1.29e-01	5.01e-01	3.69e-01	5.46e-12	1.99e-16	3.17e-17	2.85e-07	4.10e-14	7.33e-40
 6.95939e+22	7.28e-12	3.40e-07	8.63e-05	1.25e-03	1.38e-01	5.07e-01	3.54e-01	7.28e-12	2.66e-16	4.24e-17	3.40e-07	4.93e-14	1.10e-39
 6.98129e+22	1.01e-11	3.90e-07	9.78e-05	1.37e-03	1.45e-01	5.11e-01	3.42e-01	1.01e-11	3.71e-16	5.92e-17	3.90e-07	5.69e-14	1.66e-39
 7.00367e+22	1.57e-11	4.65e-07	1.15e-04	1.56e-03	1.55e-01	5.16e-01	3.27e-01	1.57e-11	5.77e-16	9.23e-17	4.65e-07	6.83e-14	2.83e-39
 7.02613e+22	1.83e-11	5.29e-07	1.30e-04	1.71e-03	1.63e-01	5.20e-01	3.16e-01	1.83e-11	6.74e-16	1.08e-16	5.29e-07	7.83e-14	3.68e-39
 7.04870e+22	2.21e-11	6.26e-07	1.51e-04	1.93e-03	1.73e-01	5.24e-01	3.01e-01	2.21e-11	8.18e-16	1.31e-16	6.26e-07	9.33e-14	5.07e-39
 7.07140e+22	2.55e-11	7.10e-07	1.70e-04	2.11e-03	1.82e-01	5.26e-01	2.90e-01	2.55e-11	9.47e-16	1.52e-16	7.10e-07	1.07e-13	6.51e-39
 7.09429e+22	3.06e-11	8.33e-07	1.98e-04	2.38e-03	1.93e-01	5.29e-01	2.76e-01	3.06e-11	1.14e-15	1.83e-16	8.33e-07	1.26e-13	8.86e-39
 7.11738e+22	3.51e-11	9.42e-07	2.22e-04	2.60e-03	2.02e-01	5.30e-01	2.65e-01	3.51e-11	1.31e-15	2.11e-16	9.42e-07	1.44e-13	1.13e-38
 7.14073e+22	4.18e-11	1.10e-06	2.57e-04	2.92e-03	2.14e-01	5.31e-01	2.51e-01	4.18e-11	1.56e-15	2.52e-16	1.10e-06	1.70e-13	1.53e-38
 7.16437e+22	4.78e-11	1.24e-06	2.88e-04	3.18e-03	2.24e-01	5.32e-01	2.41e-01	4.78e-11	1.79e-15	2.90e-16	1.24e-06	1.93e-13	1.94e-38
 7.18840e+22	5.65e-11	1.45e-06	3.34e-04	3.57e-03	2.37e-01	5.32e-01	2.28e-01	5.65e-11	2.13e-15	3.45e-16	1.45e-06	2.28e-13	2.62e-38
 7.21283e+22	6.44e-11	1.63e-06	3.73e-04	3.90e-03	2.47e-01	5.31e-01	2.18e-01	6.44e-11	2.44e-15	3.95e-16	1.63e-06	2.59e-13	3.34e-38
 7.23779e+22	7.59e-11	1.89e-06	4.32e-04	4.37e-03	2.61e-01	5.29e-01	2.05e-01	7.59e-11	2.89e-15	4.68e-16	1.89e-06	3.05e-13	4.51e-38
 7.26329e+22	8.65e-11	2.14e-06	4.84e-04	4.78e-03	2.72e-01	5.27e-01	1.95e-01	8.65e-11	3.30e-15	5.37e-16	2.14e-06	3.47e-13	5.80e-38
 7.28948e+22	1.02e-10	2.48e-06	5.60e-04	5.36e-03	2.87e-01	5.24e-01	1.83e-01	1.02e-10	3.91e-15	6.36e-16	2.48e-06	4.10e-13	7.89e-38
 7.31629e+22	1.16e-10	2.80e-06	6.28e-04	5.86e-03	2.99e-01	5.21e-01	1.73e-01	1.16e-10	4.48e-15	7.31e-16	2.80e-06	4.68e-13	1.03e-37
 7.33889e+22	1.30e-10	3.11e-06	6.95e-04	6.34e-03	3.10e-01	5.17e-01	1.65e-01	1.30e-10	5.03e-15	8.22e-16	3.11e-06	5.24e-13	1.28e-37
 7.36329e+22	1.50e-10	3.55e-06	7.90e-04	7.01e-03	3.25e-01	5.12e-01	1.55e-01	1.50e-10	5.82e-15	9.54e-16	3.55e-06	6.07e-13	1.70e-37
 7.38804e+22	1.67e-10	3.94e-06	8.73e-04	7.58e-03	3.36e-01	5.08e-01	1.48e-01	1.67e-10	6.54e-15	1.07e-15	3.94e-06	6.82e-13	2.15e-37
 7.40944e+22	1.86e-10	4.34e-06	9.59e-04	8.16e-03	3.47e-01	5.04e-01	1.40e-01	1.86e-10	7.29e-15	1.20e-15	4.34e-06	7.59e-13	2.67e-37
 7.43346e+22	2.11e-10	4.91e-06	1.08e-03	8.97e-03	3.61e-01	4.97e-01	1.31e-01	2.11e-10	8.34e-15	1.37e-15	4.91e-06	8.72e-13	3.51e-37
 7.45736e+22	2.34e-10	5.40e-06	1.18e-03	9.60e-03	3.72e-01	4.92e-01	1.25e-01	2.34e-10	9.29e-15	1.53e-15	5.40e-06	9.69e-13	4.41e-37
 7.48110e+22	2.65e-10	6.07e-06	1.33e-03	1.05e-02	3.86e-01	4.85e-01	1.17e-01	2.65e-10	1.06e-14	1.75e-15	6.07e-06	1.11e-12	5.78e-37
 7.50520e+22	2.94e-10	6.67e-06	1.45e-03	1.13e-02	3.97e-01	4.79e-01	1.11e-01	2.94e-10	1.18e-14	1.95e-15	6.67e-06	1.23e-12	7.32e-37
 7.52975e+22	3.32e-10	7.51e-06	1.63e-03	1.23e-02	4.11e-01	4.71e-01	1.04e-01	3.32e-10	1.34e-14	2.23e-15	7.51e-06	1.41e-12	9.73e-37
 7.55472e+22	3.70e-10	8.28e-06	1.78e-03	1.32e-02	4.23e-01	4.64e-01	9.83e-02	3.70e-10	1.50e-14	2.50e-15	8.28e-06	1.58e-12	1.25e-36
 7.58023e+22	4.17e-10	9.31e-06	2.00e-03	1.44e-02	4.38e-01	4.55e-01	9.11e-02	4.17e-10	1.70e-14	2.85e-15	9.31e-06	1.81e-12	1.67e-36
 7.60615e+22	4.65e-10	1.03e-05	2.18e-03	1.54e-02	4.49e-01	4.47e-01	8.60e-02	4.65e-10	1.91e-14	3.20e-15	1.03e-05	2.02e-12	2.18e-36
 7.63258e+22	5.26e-10	1.16e-05	2.45e-03	1.69e-02	4.64e-01	4.37e-01	7.94e-02	5.26e-10	2.18e-14	3.66e-15	1.16e-05	2.33e-12	2.97e-36
 7.65964e+22	5.88e-10	1.28e-05	2.69e-03	1.81e-02	4.76e-01	4.29e-01	7.46e-02	5.88e-10	2.45e-14	4.13e-15	1.28e-05	2.62e-12	3.94e-36
 7.68753e+22	6.67e-10	1.45e-05	3.03e-03	1.99e-02	4.91e-01	4.17e-01	6.85e-02	6.67e-10	2.81e-14	4.74e-15	1.45e-05	3.03e-12	5.47e-36
 7.71602e+22	7.46e-10	1.61e-05	3.33e-03	2.13e-02	5.03e-01	4.08e-01	6.40e-02	7.46e-10	3.16e-14	5.35e-15	1.61e-05	3.42e-12	7.33e-36
 7.74529e+22	8.53e-10	1.82e-05	3.75e-03	2.33e-02	5.19e-01	3.96e-01	5.84e-02	8.53e-10	3.65e-14	6.21e-15	1.82e-05	3.98e-12	1.05e-35
 7.77492e+22	9.56e-10	2.03e-05	4.12e-03	2.50e-02	5.30e-01	3.86e-01	5.44e-02	9.56e-10	4.13e-14	7.03e-15	2.03e-05	4.50e-12	1.43e-35
 7.80502e+22	1.09e-09	2.30e-05	4.64e-03	2.74e-02	5.46e-01	3.73e-01	4.94e-02	1.09e-09	4.77e-14	8.16e-15	2.30e-05	5.26e-12	2.09e-35
 7.83548e+22	1.23e-09	2.56e-05	5.10e-03	2.93e-02	5.57e-01	3.63e-01	4.59e-02	1.23e-09	5.41e-14	9.29e-15	2.56e-05	5.97e-12	2.88e-35
 7.86642e+22	1.41e-09	2.91e-05	5.74e-03	3.21e-02	5.72e-01	3.49e-01	4.14e-02	1.41e-09	6.27e-14	1.08e-14	2.91e-05	6.99e-12	4.28e-35
 7.89660e+22	1.57e-09	3.22e-05	6.25e-03	3.41e-02	5.81e-01	3.40e-01	3.86e-02	1.57e-09	7.07e-14	1.22e-14	3.22e-05	7.88e-12	5.84e-35
 7.92580e+22	1.78e-09	3.63e-05	6.98e-03	3.70e-02	5.94e-01	3.27e-01	3.50e-02	1.78e-09	8.11e-14	1.41e-14	3.63e-05	9.14e-12	8.51e-35
 7.95607e+22	2.01e-09	4.04e-05	7.64e-03	3.94e-02	6.04e-01	3.17e-01	3.23e-02	2.01e-09	9.25e-14	1.61e-14	4.04e-05	1.04e-11	1.20e-34
 7.98194e+22	2.22e-09	4.42e-05	8.26e-03	4.17e-02	6.12e-01	3.08e-01	3.01e-02	2.22e-09	1.03e-13	1.80e-14	4.42e-05	1.16e-11	1.60e-34
 8.00976e+22	2.50e-09	4.95e-05	9.13e-03	4.49e-02	6.23e-01	2.96e-01	2.73e-02	2.50e-09	1.18e-13	2.06e-14	4.95e-05	1.34e-11	2.32e-34
 8.03760e+22	2.75e-09	5.42e-05	9.86e-03	4.74e-02	6.31e-01	2.87e-01	2.54e-02	2.75e-09	1.31e-13	2.30e-14	5.42e-05	1.50e-11	3.12e-34
 8.06547e+22	3.12e-09	6.07e-05	1.09e-02	5.07e-02	6.40e-01	2.75e-01	2.31e-02	3.12e-09	1.50e-13	2.65e-14	6.07e-05	1.73e-11	4.55e-34
 8.09445e+22	3.45e-09	6.69e-05	1.18e-02	5.39e-02	6.48e-01	2.65e-01	2.12e-02	3.45e-09	1.68e-13	2.98e-14	6.69e-05	1.95e-11	6.29e-34
 8.12033e+22	3.84e-09	7.35e-05	1.28e-02	5.69e-02	6.54e-01	2.56e-01	1.96e-02	3.84e-09	1.89e-13	3.36e-14	7.35e-05	2.20e-11	8.65e-34
 8.14945e+22	4.37e-09	8.27e-05	1.41e-02	6.08e-02	6.62e-01	2.45e-01	1.78e-02	4.37e-09	2.19e-13	3.91e-14	8.27e-05	2.55e-11	1.29e-33
 8.18006e+22	4.90e-09	9.19e-05	1.53e-02	6.47e-02	6.69e-01	2.35e-01	1.62e-02	4.90e-09	2.49e-13	4.45e-14	9.19e-05	2.91e-11	1.85e-33
 8.20788e+22	5.46e-09	1.01e-04	1.66e-02	6.83e-02	6.74e-01	2.26e-01	1.48e-02	5.46e-09	2.81e-13	5.05e-14	1.01e-04	3.30e-11	2.60e-33
 8.23932e+22	6.28e-09	1.15e-04	1.84e-02	7.32e-02	6.81e-01	2.14e-01	1.33e-02	6.28e-09	3.29e-13	5.94e-14	1.15e-04	3.88e-11	4.03e-33
 8.27168e+22	7.06e-09	1.28e-04	2.01e-02	7.77e-02	6.85e-01	2.05e-01	1.20e-02	7.06e-09	3.75e-13	6.81e-14	1.28e-04	4.46e-11	5.87e-33
 8.30043e+22	7.93e-09	1.42e-04	2.18e-02	8.20e-02	6.89e-01	1.96e-01	1.09e-02	7.93e-09	4.28e-13	7.79e-14	1.42e-04	5.09e-11	8.42e-33
 8.33298e+22	9.13e-09	1.62e-04	2.41e-02	8.79e-02	6.94e-01	1.85e-01	9.69e-03	9.13e-09	5.03e-13	9.20e-14	1.62e-04	6.02e-11	1.33e-32
 8.36645e+22	1.03e-08	1.80e-04	2.63e-02	9.30e-02	6.96e-01	1.76e-01	8.73e-03	1.03e-08	5.77e-13	1.06e-13	1.80e-04	6.95e-11	1.96e-32
