#depth	Ar	Ar+	Ar+2	Ar+3	Ar+4	Ar+5	Ar+6	Ar+7	Ar+8	Ar+9	Ar+10	Ar+11	Ar+12	Ar+13	Ar+14	Ar+15	Ar+16	Ar+17	Ar+18
 4.62852e+21	0.00e+00	0.00e+00	0.00e+00	0.00e+00	0.00e+00	0.00e+00	0.00e+00	0.00e+00	0.00e+00	0.00e+00	5.44e-24	2.01e-20	5.09e-17	6.49e-14	5.08e-11	4.20e-08	6.08e-05	1.35e-02	9.86e-01
 1.05231e+22	0.00e+00	0.00e+00	0.00e+00	0.00e+00	0.00e+00	0.00e+00	0.00e+00	0.00e+00	0.00e+00	1.73e-26	9.50e-23	2.44e-19	4.41e-16	3.91e-13	2.14e-10	1.23e-07	1.24e-04	1.93e-02	9.81e-01
 1.26294e+22	0.00e+00	0.00e+00	0.00e+00	0.00e+00	0.00e+00	0.00e+00	0.00e+00	0.00e+00	1.63e-29	1.47e-25	6.33e-22	1.28e-18	1.82e-15	1.27e-12	5.49e-10	2.50e-07	1.99e-04	2.43e-02	9.76e-01
 1.41418e+22	0.00e+00	0.00e+00	0.00e+00	0.00e+00	0.00e+00	0.00e+00	0.00e+00	0.00e+00	1.09e-28	8.07e-25	2.87e-21	4.80e-18	5.63e-15	3.25e-12	1.16e-09	4.38e-07	2.89e-04	2.92e-02	9.71e-01
 1.50175e+22	0.00e+00	0.00e+00	0.00e+00	0.00e+00	0.00e+00	0.00e+00	0.00e+00	0.00e+00	1.90e-28	1.33e-24	4.46e-21	7.11e-18	7.87e-15	4.30e-12	1.45e-09	5.18e-07	3.23e-04	3.08e-02	9.69e-01
 1.54853e+22	0.00e+00	0.00e+00	0.00e+00	0.00e+00	0.00e+00	0.00e+00	0.00e+00	0.00e+00	3.97e-28	2.57e-24	8.02e-21	1.19e-17	1.22e-14	6.19e-12	1.95e-09	6.44e-07	3.74e-04	3.31e-02	9.67e-01
 1.59921e+22	0.00e+00	0.00e+00	0.00e+00	0.00e+00	0.00e+00	0.00e+00	0.00e+00	0.00e+00	7.78e-28	4.71e-24	1.37e-20	1.89e-17	1.82e-14	8.64e-12	2.54e-09	7.86e-07	4.26e-04	3.53e-02	9.64e-01
 1.65494e+22	0.00e+00	0.00e+00	0.00e+00	0.00e+00	0.00e+00	0.00e+00	0.00e+00	0.00e+00	1.93e-27	1.06e-23	2.82e-20	3.56e-17	3.12e-14	1.35e-11	3.63e-09	1.03e-06	5.09e-04	3.86e-02	9.61e-01
 1.70919e+22	0.00e+00	0.00e+00	0.00e+00	0.00e+00	0.00e+00	0.00e+00	0.00e+00	0.00e+00	3.52e-27	1.82e-23	4.55e-20	5.40e-17	4.45e-14	1.82e-11	4.59e-09	1.23e-06	5.72e-04	4.08e-02	9.59e-01
 1.76152e+22	0.00e+00	0.00e+00	0.00e+00	0.00e+00	0.00e+00	0.00e+00	0.00e+00	5.09e-31	7.98e-27	3.79e-23	8.70e-20	9.51e-17	7.21e-14	2.71e-11	6.33e-09	1.56e-06	6.71e-04	4.41e-02	9.55e-01
 1.81566e+22	0.00e+00	0.00e+00	0.00e+00	0.00e+00	0.00e+00	0.00e+00	0.00e+00	1.11e-30	1.62e-26	7.16e-23	1.53e-19	1.55e-16	1.10e-13	3.84e-11	8.36e-09	1.92e-06	7.70e-04	4.72e-02	9.52e-01
 1.86365e+22	0.00e+00	0.00e+00	0.00e+00	0.00e+00	0.00e+00	0.00e+00	0.00e+00	2.31e-30	3.13e-26	1.29e-22	2.58e-19	2.45e-16	1.62e-13	5.31e-11	1.08e-08	2.33e-06	8.75e-04	5.02e-02	9.49e-01
 1.91753e+22	0.00e+00	0.00e+00	0.00e+00	0.00e+00	0.00e+00	0.00e+00	0.00e+00	6.08e-30	7.53e-26	2.83e-22	5.16e-19	4.49e-16	2.71e-13	8.16e-11	1.53e-08	3.01e-06	1.04e-03	5.46e-02	9.44e-01
 1.96626e+22	0.00e+00	0.00e+00	0.00e+00	0.00e+00	0.00e+00	0.00e+00	0.00e+00	1.06e-29	1.25e-25	4.46e-22	7.71e-19	6.38e-16	3.66e-13	1.05e-10	1.86e-08	3.49e-06	1.14e-03	5.72e-02	9.42e-01
 2.00827e+22	0.00e+00	0.00e+00	0.00e+00	0.00e+00	0.00e+00	0.00e+00	0.00e+00	2.10e-29	2.31e-25	7.72e-22	1.26e-18	9.76e-16	5.26e-13	1.41e-10	2.36e-08	4.17e-06	1.29e-03	6.06e-02	9.38e-01
 2.05379e+22	0.00e+00	0.00e+00	0.00e+00	0.00e+00	0.00e+00	0.00e+00	0.00e+00	4.13e-29	4.25e-25	1.34e-21	2.04e-18	1.49e-15	7.55e-13	1.91e-10	3.00e-08	4.99e-06	1.45e-03	6.42e-02	9.34e-01
 2.09505e+22	0.00e+00	0.00e+00	0.00e+00	0.00e+00	0.00e+00	0.00e+00	0.00e+00	7.65e-29	7.43e-25	2.20e-21	3.18e-18	2.19e-15	1.05e-12	2.50e-10	3.73e-08	5.87e-06	1.61e-03	6.76e-02	9.31e-01
 2.13988e+22	0.00e+00	0.00e+00	0.00e+00	0.00e+00	0.00e+00	0.00e+00	0.00e+00	1.66e-28	1.49e-24	4.11e-21	5.52e-18	3.54e-15	1.58e-12	3.51e-10	4.89e-08	7.19e-06	1.84e-03	7.21e-02	9.26e-01
 2.18534e+22	0.00e+00	0.00e+00	0.00e+00	0.00e+00	0.00e+00	0.00e+00	0.00e+00	3.09e-28	2.62e-24	6.81e-21	8.63e-18	5.23e-15	2.20e-12	4.63e-10	6.09e-08	8.46e-06	2.05e-03	7.59e-02	9.22e-01
 2.22521e+22	0.00e+00	0.00e+00	0.00e+00	0.00e+00	0.00e+00	0.00e+00	0.00e+00	5.76e-28	4.60e-24	1.13e-20	1.35e-17	7.70e-15	3.06e-12	6.08e-10	7.58e-08	9.96e-06	2.29e-03	7.99e-02	9.18e-01
 2.26454e+22	0.00e+00	0.00e+00	0.00e+00	0.00e+00	0.00e+00	0.00e+00	2.63e-31	1.04e-27	7.86e-24	1.82e-20	2.05e-17	1.11e-14	4.18e-12	7.89e-10	9.32e-08	1.16e-05	2.53e-03	8.39e-02	9.14e-01
 2.30961e+22	0.00e+00	0.00e+00	0.00e+00	0.00e+00	0.00e+00	0.00e+00	6.21e-31	2.30e-27	1.61e-23	3.45e-20	3.62e-17	1.82e-14	6.36e-12	1.12e-09	1.23e-07	1.43e-05	2.90e-03	8.95e-02	9.08e-01
 2.35494e+22	0.00e+00	0.00e+00	0.00e+00	0.00e+00	0.00e+00	0.00e+00	1.19e-30	4.16e-27	2.75e-23	5.57e-20	5.53e-17	2.63e-14	8.71e-12	1.45e-09	1.51e-07	1.67e-05	3.21e-03	9.39e-02	9.03e-01
 2.39197e+22	0.00e+00	0.00e+00	0.00e+00	0.00e+00	0.00e+00	0.00e+00	2.14e-30	7.16e-27	4.49e-23	8.63e-20	8.14e-17	3.69e-14	1.16e-11	1.84e-09	1.83e-07	1.92e-05	3.52e-03	9.81e-02	8.98e-01
 2.42568e+22	0.00e+00	0.00e+00	0.00e+00	0.00e+00	0.00e+00	0.00e+00	3.73e-30	1.20e-26	7.13e-23	1.31e-19	1.17e-16	5.07e-14	1.52e-11	2.30e-09	2.19e-07	2.19e-05	3.84e-03	1.02e-01	8.94e-01
 2.46374e+22	0.00e+00	0.00e+00	0.00e+00	0.00e+00	0.00e+00	0.00e+00	7.24e-30	2.20e-26	1.24e-22	2.13e-19	1.81e-16	7.39e-14	2.09e-11	2.99e-09	2.70e-07	2.57e-05	4.26e-03	1.07e-01	8.88e-01
 2.50408e+22	0.00e+00	0.00e+00	0.00e+00	0.00e+00	0.00e+00	0.00e+00	1.37e-29	3.96e-26	2.10e-22	3.43e-19	2.75e-16	1.07e-13	2.86e-11	3.87e-09	3.31e-07	2.99e-05	4.70e-03	1.12e-01	8.83e-01
 2.53930e+22	0.00e+00	0.00e+00	0.00e+00	0.00e+00	0.00e+00	0.00e+00	2.42e-29	6.67e-26	3.36e-22	5.23e-19	4.00e-16	1.47e-13	3.76e-11	4.86e-09	3.97e-07	3.42e-05	5.14e-03	1.17e-01	8.78e-01
 2.57699e+22	0.00e+00	0.00e+00	0.00e+00	0.00e+00	0.00e+00	0.00e+00	4.71e-29	1.23e-25	5.85e-22	8.57e-19	6.18e-16	2.15e-13	5.19e-11	6.34e-09	4.91e-07	4.01e-05	5.69e-03	1.23e-01	8.71e-01
 2.61661e+22	0.00e+00	0.00e+00	0.00e+00	0.00e+00	0.00e+00	0.00e+00	8.79e-29	2.19e-25	9.82e-22	1.36e-18	9.31e-16	3.07e-13	7.02e-11	8.15e-09	5.99e-07	4.64e-05	6.27e-03	1.29e-01	8.65e-01
 2.65182e+22	0.00e+00	0.00e+00	0.00e+00	0.00e+00	0.00e+00	0.00e+00	1.56e-28	3.71e-25	1.58e-21	2.08e-18	1.35e-15	4.25e-13	9.26e-11	1.02e-08	7.18e-07	5.32e-05	6.85e-03	1.34e-01	8.59e-01
 2.68547e+22	0.00e+00	0.00e+00	0.00e+00	0.00e+00	0.00e+00	0.00e+00	2.72e-28	6.19e-25	2.51e-21	3.15e-18	1.95e-15	5.84e-13	1.21e-10	1.28e-08	8.57e-07	6.06e-05	7.46e-03	1.39e-01	8.53e-01
 2.72396e+22	0.00e+00	0.00e+00	0.00e+00	0.00e+00	0.00e+00	1.71e-31	5.41e-28	1.17e-24	4.45e-21	5.25e-18	3.06e-15	8.63e-13	1.69e-10	1.68e-08	1.07e-06	7.12e-05	8.28e-03	1.46e-01	8.46e-01
 2.76070e+22	0.00e+00	0.00e+00	0.00e+00	0.00e+00	0.00e+00	3.01e-31	9.16e-28	1.89e-24	6.88e-21	7.76e-18	4.32e-15	1.16e-12	2.18e-10	2.08e-08	1.26e-06	8.06e-05	8.98e-03	1.51e-01	8.39e-01
 2.78960e+22	0.00e+00	0.00e+00	0.00e+00	0.00e+00	0.00e+00	5.00e-31	1.47e-27	2.92e-24	1.02e-20	1.10e-17	5.87e-15	1.52e-12	2.73e-10	2.50e-08	1.46e-06	9.00e-05	9.64e-03	1.56e-01	8.34e-01
 2.82164e+22	0.00e+00	0.00e+00	0.00e+00	0.00e+00	0.00e+00	9.07e-31	2.55e-27	4.86e-24	1.61e-20	1.65e-17	8.42e-15	2.08e-12	3.56e-10	3.11e-08	1.74e-06	1.02e-04	1.05e-02	1.62e-01	8.27e-01
 2.85619e+22	0.00e+00	0.00e+00	0.00e+00	0.00e+00	0.00e+00	1.65e-30	4.43e-27	8.09e-24	2.55e-20	2.49e-17	1.21e-14	2.85e-12	4.65e-10	3.88e-08	2.07e-06	1.16e-04	1.14e-02	1.69e-01	8.20e-01
 2.88692e+22	0.00e+00	0.00e+00	0.00e+00	0.00e+00	0.00e+00	2.75e-30	7.12e-27	1.25e-23	3.78e-20	3.54e-17	1.65e-14	3.73e-12	5.84e-10	4.69e-08	2.40e-06	1.30e-04	1.22e-02	1.74e-01	8.14e-01
 2.91976e+22	0.00e+00	0.00e+00	0.00e+00	0.00e+00	0.00e+00	5.06e-30	1.26e-26	2.11e-23	6.05e-20	5.39e-17	2.39e-14	5.13e-12	7.66e-10	5.86e-08	2.87e-06	1.48e-04	1.33e-02	1.81e-01	8.06e-01
 2.95446e+22	0.00e+00	0.00e+00	0.00e+00	0.00e+00	0.00e+00	9.10e-30	2.16e-26	3.48e-23	9.51e-20	8.07e-17	3.41e-14	6.99e-12	9.96e-10	7.27e-08	3.40e-06	1.68e-04	1.44e-02	1.87e-01	7.98e-01
 2.98523e+22	0.00e+00	0.00e+00	0.00e+00	0.00e+00	0.00e+00	1.55e-29	3.54e-26	5.47e-23	1.43e-19	1.16e-16	4.69e-14	9.24e-12	1.26e-09	8.83e-08	3.97e-06	1.88e-04	1.55e-02	1.93e-01	7.91e-01
 3.01887e+22	0.00e+00	0.00e+00	0.00e+00	0.00e+00	0.00e+00	2.90e-29	6.35e-26	9.38e-23	2.32e-19	1.79e-16	6.87e-14	1.28e-11	1.67e-09	1.11e-07	4.76e-06	2.15e-04	1.69e-02	2.01e-01	7.82e-01
 3.05153e+22	0.00e+00	0.00e+00	0.00e+00	0.00e+00	0.00e+00	4.91e-29	1.03e-25	1.47e-22	3.48e-19	2.57e-16	9.45e-14	1.70e-11	2.11e-09	1.35e-07	5.55e-06	2.41e-04	1.82e-02	2.07e-01	7.74e-01
 3.07704e+22	0.00e+00	0.00e+00	0.00e+00	0.00e+00	0.00e+00	3.51e-29	7.15e-26	9.83e-23	4.88e-19	3.47e-16	1.23e-13	2.13e-11	2.56e-09	1.58e-07	6.30e-06	2.65e-04	1.93e-02	2.13e-01	7.68e-01
 3.10432e+22	0.00e+00	0.00e+00	0.00e+00	0.00e+00	0.00e+00	5.81e-29	1.14e-25	1.51e-22	7.19e-19	4.91e-16	1.67e-13	2.77e-11	3.20e-09	1.90e-07	7.27e-06	2.94e-04	2.07e-02	2.19e-01	7.60e-01
 3.13433e+22	0.00e+00	0.00e+00	0.00e+00	0.00e+00	0.00e+00	9.58e-29	1.82e-25	2.32e-22	1.06e-18	6.92e-16	2.26e-13	3.61e-11	3.99e-09	2.28e-07	8.40e-06	3.27e-04	2.21e-02	2.25e-01	7.52e-01
 3.16287e+22	0.00e+00	0.00e+00	0.00e+00	0.00e+00	0.00e+00	1.56e-28	2.86e-25	3.53e-22	1.54e-18	9.69e-16	3.04e-13	4.67e-11	4.96e-09	2.73e-07	9.68e-06	3.63e-04	2.36e-02	2.31e-01	7.45e-01
 3.19053e+22	0.00e+00	0.00e+00	0.00e+00	0.00e+00	8.63e-32	2.54e-28	4.49e-25	5.34e-22	2.24e-18	1.35e-15	4.08e-13	6.02e-11	6.16e-09	3.26e-07	1.11e-05	4.02e-04	2.52e-02	2.38e-01	7.37e-01
 3.21728e+22	0.00e+00	0.00e+00	0.00e+00	0.00e+00	1.41e-31	4.03e-28	6.89e-25	7.92e-22	3.20e-18	1.85e-15	5.38e-13	7.66e-11	7.54e-09	3.85e-07	1.27e-05	4.43e-04	2.68e-02	2.44e-01	7.29e-01
 3.24726e+22	0.00e+00	0.00e+00	0.00e+00	0.00e+00	2.55e-31	7.00e-28	1.15e-24	1.27e-21	4.89e-18	2.71e-15	7.51e-13	1.02e-10	9.62e-09	4.70e-07	1.49e-05	4.96e-04	2.88e-02	2.51e-01	7.19e-01
 3.27857e+22	0.00e+00	0.00e+00	0.00e+00	0.00e+00	4.46e-31	1.18e-27	1.86e-24	1.98e-21	7.30e-18	3.87e-15	1.03e-12	1.34e-10	1.21e-08	5.68e-07	1.73e-05	5.54e-04	3.08e-02	2.58e-01	7.10e-01
 3.30582e+22	0.00e+00	0.00e+00	0.00e+00	0.00e+00	7.39e-31	1.89e-27	2.88e-24	2.96e-21	1.05e-17	5.35e-15	1.37e-12	1.72e-10	1.49e-08	6.74e-07	1.97e-05	6.11e-04	3.28e-02	2.65e-01	7.02e-01
 3.33005e+22	0.00e+00	0.00e+00	0.00e+00	0.00e+00	1.15e-30	2.85e-27	4.23e-24	4.21e-21	1.44e-17	7.11e-15	1.76e-12	2.13e-10	1.79e-08	7.83e-07	2.22e-05	6.66e-04	3.46e-02	2.71e-01	6.94e-01
 3.35609e+22	0.00e+00	0.00e+00	0.00e+00	0.00e+00	1.91e-30	4.57e-27	6.55e-24	6.31e-21	2.07e-17	9.81e-15	2.33e-12	2.72e-10	2.20e-08	9.27e-07	2.54e-05	7.33e-04	3.68e-02	2.77e-01	6.85e-01
 3.38416e+22	0.00e+00	0.00e+00	0.00e+00	0.00e+00	3.14e-30	7.28e-27	1.01e-23	9.38e-21	2.96e-17	1.35e-14	3.09e-12	3.47e-10	2.71e-08	1.10e-06	2.90e-05	8.08e-04	3.91e-02	2.84e-01	6.76e-01
 3.40966e+22	0.00e+00	0.00e+00	0.00e+00	0.00e+00	4.99e-30	1.12e-26	1.51e-23	1.36e-20	4.13e-17	1.82e-14	4.01e-12	4.35e-10	3.27e-08	1.28e-06	3.27e-05	8.82e-04	4.13e-02	2.90e-01	6.68e-01
 3.43759e+22	0.00e+00	0.00e+00	0.00e+00	0.00e+00	8.64e-30	1.87e-26	2.43e-23	2.11e-20	6.14e-17	2.58e-14	5.46e-12	5.68e-10	4.10e-08	1.54e-06	3.78e-05	9.80e-04	4.41e-02	2.97e-01	6.58e-01
 3.46677e+22	0.00e+00	0.00e+00	0.00e+00	0.00e+00	1.45e-29	3.04e-26	3.80e-23	3.18e-20	8.90e-17	3.60e-14	7.31e-12	7.32e-10	5.07e-08	1.84e-06	4.34e-05	1.08e-03	4.69e-02	3.04e-01	6.48e-01
 3.49140e+22	0.00e+00	0.00e+00	0.00e+00	0.00e+00	2.27e-29	4.60e-26	5.58e-23	4.53e-20	1.22e-16	4.78e-14	9.40e-12	9.09e-10	6.09e-08	2.13e-06	4.87e-05	1.18e-03	4.94e-02	3.10e-01	6.39e-01
 3.51728e+22	0.00e+00	0.00e+00	0.00e+00	0.00e+00	2.02e-29	3.96e-26	4.65e-23	6.80e-20	1.77e-16	6.62e-14	1.25e-11	1.16e-09	7.49e-08	2.53e-06	5.56e-05	1.30e-03	5.24e-02	3.17e-01	6.29e-01
 3.54494e+22	0.00e+00	0.00e+00	0.00e+00	0.00e+00	6.15e-29	1.17e-25	1.32e-22	1.00e-19	2.51e-16	9.06e-14	1.65e-11	1.48e-09	9.17e-08	2.98e-06	6.33e-05	1.42e-03	5.54e-02	3.24e-01	6.19e-01
 3.57002e+22	0.00e+00	0.00e+00	0.00e+00	0.00e+00	5.19e-29	9.56e-26	1.05e-22	1.44e-19	3.47e-16	1.21e-13	2.12e-11	1.84e-09	1.10e-07	3.47e-06	7.12e-05	1.55e-03	5.84e-02	3.30e-01	6.10e-01
 3.59773e+22	0.00e+00	0.00e+00	0.00e+00	0.00e+00	8.92e-29	1.59e-25	1.68e-22	2.22e-19	5.13e-16	1.71e-13	2.88e-11	2.39e-09	1.38e-07	4.15e-06	8.20e-05	1.71e-03	6.21e-02	3.37e-01	5.99e-01
 3.62679e+22	0.00e+00	0.00e+00	0.00e+00	3.55e-32	1.49e-28	2.56e-25	2.63e-22	3.34e-19	7.41e-16	2.38e-13	3.84e-11	3.07e-09	1.70e-07	4.93e-06	9.37e-05	1.89e-03	6.59e-02	3.44e-01	5.88e-01
 3.65110e+22	0.00e+00	0.00e+00	0.00e+00	5.65e-32	2.30e-28	3.84e-25	3.82e-22	4.71e-19	1.01e-15	3.14e-13	4.91e-11	3.79e-09	2.03e-07	5.70e-06	1.05e-04	2.05e-03	6.92e-02	3.50e-01	5.79e-01
 3.67281e+22	0.00e+00	0.00e+00	0.00e+00	8.52e-32	3.39e-28	5.51e-25	5.34e-22	6.41e-19	1.33e-15	4.01e-13	6.09e-11	4.57e-09	2.37e-07	6.47e-06	1.16e-04	2.20e-03	7.22e-02	3.55e-01	5.71e-01
 3.69769e+22	0.00e+00	0.00e+00	0.00e+00	1.42e-31	5.49e-28	8.65e-25	8.12e-22	9.42e-19	1.89e-15	5.46e-13	7.98e-11	5.77e-09	2.89e-07	7.59e-06	1.31e-04	2.40e-03	7.62e-02	3.61e-01	5.60e-01
 3.72467e+22	0.00e+00	0.00e+00	0.00e+00	2.38e-31	8.89e-28	1.35e-24	1.23e-21	1.38e-18	2.66e-15	7.43e-13	1.05e-10	7.29e-09	3.51e-07	8.91e-06	1.49e-04	2.62e-03	8.03e-02	3.67e-01	5.50e-01
 3.74956e+22	0.00e+00	0.00e+00	0.00e+00	3.86e-31	1.40e-27	2.07e-24	1.82e-21	1.98e-18	3.69e-15	9.92e-13	1.35e-10	9.07e-09	4.23e-07	1.04e-05	1.67e-04	2.85e-03	8.44e-02	3.73e-01	5.40e-01
 3.77711e+22	0.00e+00	0.00e+00	0.00e+00	6.86e-31	2.40e-27	3.42e-24	2.91e-21	3.04e-18	5.43e-15	1.40e-12	1.82e-10	1.18e-08	5.26e-07	1.24e-05	1.92e-04	3.14e-03	8.95e-02	3.80e-01	5.28e-01
 3.80459e+22	0.00e+00	0.00e+00	0.00e+00	1.14e-30	3.87e-27	5.33e-24	4.39e-21	4.42e-18	7.63e-15	1.90e-12	2.38e-10	1.48e-08	6.39e-07	1.45e-05	2.17e-04	3.43e-03	9.42e-02	3.86e-01	5.17e-01
 3.82698e+22	0.00e+00	0.00e+00	0.00e+00	1.76e-30	5.80e-27	7.79e-24	6.23e-21	6.10e-18	1.02e-14	2.46e-12	2.99e-10	1.80e-08	7.53e-07	1.66e-05	2.40e-04	3.69e-03	9.84e-02	3.90e-01	5.07e-01
 3.85108e+22	0.00e+00	0.00e+00	0.00e+00	2.90e-30	9.26e-27	1.21e-23	9.35e-21	8.85e-18	1.43e-14	3.31e-12	3.89e-10	2.26e-08	9.11e-07	1.93e-05	2.71e-04	4.01e-03	1.03e-01	3.96e-01	4.97e-01
 3.87741e+22	0.00e+00	0.00e+00	0.00e+00	4.79e-30	1.48e-26	1.87e-23	1.40e-20	1.28e-17	2.00e-14	4.47e-12	5.06e-10	2.84e-08	1.10e-06	2.26e-05	3.05e-04	4.36e-03	1.09e-01	4.01e-01	4.86e-01
 3.90202e+22	0.00e+00	0.00e+00	0.00e+00	7.67e-30	2.31e-26	2.82e-23	2.05e-20	1.82e-17	2.74e-14	5.92e-12	6.48e-10	3.51e-08	1.32e-06	2.61e-05	3.41e-04	4.72e-03	1.14e-01	4.06e-01	4.75e-01
 3.92937e+22	0.00e+00	0.00e+00	0.00e+00	1.35e-29	3.92e-26	4.62e-23	3.25e-20	2.77e-17	4.00e-14	8.30e-12	8.71e-10	4.53e-08	1.63e-06	3.11e-05	3.90e-04	5.18e-03	1.20e-01	4.12e-01	4.63e-01
 3.95812e+22	0.00e+00	0.00e+00	0.00e+00	2.33e-29	6.53e-26	7.44e-23	5.04e-20	4.14e-17	5.75e-14	1.15e-11	1.16e-09	5.81e-08	2.01e-06	3.68e-05	4.44e-04	5.68e-03	1.26e-01	4.17e-01	4.51e-01
 3.98212e+22	0.00e+00	0.00e+00	0.00e+00	3.67e-29	1.00e-25	1.11e-22	7.27e-20	5.79e-17	7.79e-14	1.51e-11	1.47e-09	7.13e-08	2.39e-06	4.23e-05	4.94e-04	6.12e-03	1.32e-01	4.21e-01	4.40e-01
 4.00674e+22	0.00e+00	0.00e+00	0.00e+00	6.16e-29	1.63e-25	1.74e-22	1.11e-19	8.49e-17	1.10e-13	2.05e-11	1.93e-09	9.01e-08	2.91e-06	4.96e-05	5.58e-04	6.66e-03	1.38e-01	4.26e-01	4.29e-01
 4.03295e+22	0.00e+00	0.00e+00	2.62e-32	1.01e-28	2.58e-25	2.67e-22	1.64e-19	1.22e-16	1.53e-13	2.75e-11	2.50e-09	1.13e-07	3.51e-06	5.77e-05	6.27e-04	7.22e-03	1.45e-01	4.30e-01	4.18e-01
 4.05693e+22	0.00e+00	0.00e+00	4.29e-32	1.61e-28	4.00e-25	4.01e-22	2.39e-19	1.72e-16	2.09e-13	3.63e-11	3.19e-09	1.39e-07	4.19e-06	6.67e-05	7.00e-04	7.79e-03	1.51e-01	4.33e-01	4.07e-01
 4.08381e+22	0.00e+00	0.00e+00	7.95e-32	2.89e-28	6.91e-25	6.67e-22	3.83e-19	2.63e-16	3.08e-13	5.14e-11	4.33e-09	1.81e-07	5.23e-06	7.97e-05	8.02e-04	8.55e-03	1.59e-01	4.38e-01	3.94e-01
 4.11002e+22	0.00e+00	0.00e+00	1.30e-31	4.58e-28	1.06e-24	9.97e-22	5.54e-19	3.69e-16	4.18e-13	6.76e-11	5.52e-09	2.23e-07	6.23e-06	9.19e-05	8.93e-04	9.21e-03	1.66e-01	4.41e-01	3.83e-01
 4.13155e+22	0.00e+00	0.00e+00	2.03e-31	7.02e-28	1.59e-24	1.44e-21	7.80e-19	5.04e-16	5.55e-13	8.70e-11	6.89e-09	2.70e-07	7.32e-06	1.05e-04	9.86e-04	9.86e-03	1.72e-01	4.43e-01	3.74e-01
 4.15573e+22	0.00e+00	0.00e+00	3.52e-31	1.18e-27	2.57e-24	2.27e-21	1.18e-18	7.35e-16	7.82e-13	1.18e-10	9.03e-09	3.41e-07	8.91e-06	1.23e-04	1.11e-03	1.07e-02	1.80e-01	4.46e-01	3.62e-01
 4.18122e+22	0.00e+00	0.00e+00	5.83e-31	1.90e-27	4.02e-24	3.42e-21	1.73e-18	1.04e-15	1.07e-12	1.57e-10	1.16e-08	4.23e-07	1.07e-05	1.42e-04	1.24e-03	1.15e-02	1.87e-01	4.48e-01	3.51e-01
 4.20442e+22	0.00e+00	0.00e+00	9.43e-31	3.00e-27	6.16e-24	5.08e-21	2.49e-18	1.44e-15	1.45e-12	2.05e-10	1.47e-08	5.19e-07	1.27e-05	1.63e-04	1.38e-03	1.24e-02	1.95e-01	4.50e-01	3.41e-01
 4.23058e+22	0.00e+00	0.00e+00	1.76e-30	5.41e-27	1.07e-23	8.47e-21	3.98e-18	2.21e-15	2.13e-12	2.91e-10	2.00e-08	6.76e-07	1.59e-05	1.95e-04	1.58e-03	1.36e-02	2.04e-01	4.52e-01	3.28e-01
 4.25595e+22	0.00e+00	0.00e+00	2.86e-30	8.55e-27	1.64e-23	1.26e-20	5.70e-18	3.06e-15	2.87e-12	3.80e-10	2.53e-08	8.30e-07	1.89e-05	2.25e-04	1.76e-03	1.46e-02	2.12e-01	4.54e-01	3.18e-01
 4.27648e+22	0.00e+00	0.00e+00	4.34e-30	1.27e-26	2.36e-23	1.77e-20	7.80e-18	4.07e-15	3.72e-12	4.80e-10	3.10e-08	9.90e-07	2.19e-05	2.53e-04	1.92e-03	1.55e-02	2.19e-01	4.54e-01	3.09e-01
 4.29936e+22	0.00e+00	0.00e+00	7.47e-30	2.12e-26	3.81e-23	2.74e-20	1.17e-17	5.85e-15	5.20e-12	6.47e-10	4.05e-08	1.25e-06	2.66e-05	2.96e-04	2.16e-03	1.67e-02	2.28e-01	4.55e-01	2.98e-01
 4.32333e+22	0.00e+00	0.00e+00	1.22e-29	3.35e-26	5.84e-23	4.07e-20	1.67e-17	8.09e-15	6.99e-12	8.46e-10	5.13e-08	1.53e-06	3.16e-05	3.40e-04	2.40e-03	1.79e-02	2.36e-01	4.55e-01	2.88e-01
 4.34516e+22	0.00e+00	0.00e+00	1.95e-29	5.22e-26	8.83e-23	5.96e-20	2.37e-17	1.11e-14	9.34e-12	1.10e-09	6.46e-08	1.87e-06	3.74e-05	3.90e-04	2.65e-03	1.92e-02	2.44e-01	4.55e-01	2.78e-01
 4.36996e+22	0.00e+00	0.00e+00	3.49e-29	9.05e-26	1.47e-22	9.55e-20	3.65e-17	1.63e-14	1.33e-11	1.51e-09	8.58e-08	2.38e-06	4.60e-05	4.60e-04	3.00e-03	2.08e-02	2.54e-01	4.55e-01	2.66e-01
 4.39447e+22	0.00e+00	0.00e+00	5.77e-29	1.45e-25	2.28e-22	1.43e-19	5.27e-17	2.27e-14	1.80e-11	1.99e-09	1.09e-07	2.94e-06	5.49e-05	5.32e-04	3.34e-03	2.23e-02	2.63e-01	4.54e-01	2.56e-01
 4.41431e+22	0.00e+00	0.00e+00	8.73e-29	2.15e-25	3.29e-22	2.00e-19	7.17e-17	3.00e-14	2.33e-11	2.50e-09	1.34e-07	3.51e-06	6.36e-05	5.98e-04	3.64e-03	2.36e-02	2.71e-01	4.53e-01	2.48e-01
 4.43584e+22	0.00e+00	0.00e+00	1.49e-28	3.55e-25	5.23e-22	3.06e-19	1.06e-16	4.24e-14	3.20e-11	3.34e-09	1.73e-07	4.38e-06	7.69e-05	6.96e-04	4.07e-03	2.54e-02	2.80e-01	4.51e-01	2.38e-01
 4.45834e+22	0.00e+00	0.00e+00	2.39e-28	5.54e-25	7.90e-22	4.47e-19	1.49e-16	5.76e-14	4.25e-11	4.32e-09	2.18e-07	5.34e-06	9.09e-05	7.96e-04	4.50e-03	2.71e-02	2.89e-01	4.49e-01	2.29e-01
 4.47874e+22	0.00e+00	0.00e+00	3.75e-28	8.47e-25	1.17e-21	6.42e-19	2.07e-16	7.73e-14	5.58e-11	5.52e-09	2.71e-07	6.45e-06	1.07e-04	9.05e-04	4.94e-03	2.88e-02	2.97e-01	4.47e-01	2.21e-01
 4.50192e+22	0.00e+00	0.00e+00	6.69e-28	1.46e-24	1.94e-21	1.02e-18	3.14e-16	1.12e-13	7.88e-11	7.55e-09	3.57e-07	8.20e-06	1.31e-04	1.06e-03	5.56e-03	3.11e-02	3.08e-01	4.44e-01	2.10e-01
 4.52476e+22	0.00e+00	0.00e+00	1.06e-27	2.25e-24	2.89e-21	1.47e-18	4.37e-16	1.51e-13	1.04e-10	9.68e-09	4.46e-07	9.93e-06	1.54e-04	1.21e-03	6.12e-03	3.30e-02	3.17e-01	4.41e-01	2.02e-01
 4.54398e+22	0.00e+00	0.00e+00	1.65e-27	3.41e-24	4.25e-21	2.09e-18	6.01e-16	2.00e-13	1.35e-10	1.23e-08	5.51e-07	1.19e-05	1.80e-04	1.37e-03	6.70e-03	3.49e-02	3.25e-01	4.38e-01	1.94e-01
 4.56579e+22	0.00e+00	0.00e+00	2.88e-27	5.73e-24	6.87e-21	3.24e-18	8.93e-16	2.85e-13	1.87e-10	1.65e-08	7.19e-07	1.50e-05	2.18e-04	1.60e-03	7.50e-03	3.75e-02	3.35e-01	4.34e-01	1.84e-01
 4.58793e+22	0.00e+00	1.01e-32	4.53e-27	8.77e-24	1.02e-20	4.64e-18	1.24e-15	3.80e-13	2.45e-10	2.11e-08	8.92e-07	1.81e-05	2.56e-04	1.82e-03	8.22e-03	3.97e-02	3.44e-01	4.30e-01	1.77e-01
 4.60754e+22	0.00e+00	1.63e-32	7.12e-27	1.34e-23	1.51e-20	6.63e-18	1.70e-15	5.06e-13	3.19e-10	2.69e-08	1.11e-06	2.18e-05	2.99e-04	2.06e-03	9.00e-03	4.20e-02	3.52e-01	4.26e-01	1.69e-01
 4.63008e+22	0.00e+00	3.03e-32	1.28e-26	2.32e-23	2.50e-20	1.05e-17	2.58e-15	7.29e-13	4.49e-10	3.67e-08	1.46e-06	2.78e-05	3.67e-04	2.43e-03	1.01e-02	4.52e-02	3.63e-01	4.20e-01	1.60e-01
 4.65263e+22	0.00e+00	4.90e-32	2.01e-26	3.55e-23	3.70e-20	1.51e-17	3.57e-15	9.73e-13	5.87e-10	4.69e-08	1.82e-06	3.35e-05	4.30e-04	2.75e-03	1.11e-02	4.77e-02	3.71e-01	4.15e-01	1.52e-01
 4.67186e+22	0.00e+00	7.94e-32	3.18e-26	5.45e-23	5.48e-20	2.15e-17	4.91e-15	1.29e-12	7.64e-10	5.97e-08	2.25e-06	4.04e-05	5.03e-04	3.12e-03	1.21e-02	5.04e-02	3.79e-01	4.09e-01	1.45e-01
 4.69045e+22	0.00e+00	1.23e-31	4.79e-26	8.01e-23	7.83e-20	2.98e-17	6.58e-15	1.67e-12	9.74e-10	7.44e-08	2.74e-06	4.78e-05	5.80e-04	3.49e-03	1.31e-02	5.29e-02	3.86e-01	4.04e-01	1.39e-01
 4.71153e+22	0.00e+00	2.17e-31	8.24e-26	1.33e-22	1.25e-19	4.54e-17	9.61e-15	2.33e-12	1.33e-09	9.90e-08	3.54e-06	5.97e-05	6.99e-04	4.05e-03	1.46e-02	5.63e-02	3.95e-01	3.97e-01	1.31e-01
 4.73293e+22	0.00e+00	3.56e-31	1.32e-25	2.06e-22	1.86e-19	6.53e-17	1.33e-14	3.10e-12	1.74e-09	1.27e-07	4.41e-06	7.22e-05	8.21e-04	4.60e-03	1.59e-02	5.94e-02	4.03e-01	3.91e-01	1.25e-01
 4.75141e+22	0.00e+00	5.59e-31	2.02e-25	3.07e-22	2.69e-19	9.13e-17	1.79e-14	4.03e-12	2.23e-09	1.59e-07	5.39e-06	8.59e-05	9.51e-04	5.16e-03	1.73e-02	6.23e-02	4.10e-01	3.85e-01	1.19e-01
 4.77208e+22	0.00e+00	9.80e-31	3.43e-25	5.04e-22	4.25e-19	1.38e-16	2.60e-14	5.58e-12	3.03e-09	2.10e-07	6.92e-06	1.07e-04	1.14e-03	5.95e-03	1.91e-02	6.61e-02	4.18e-01	3.77e-01	1.12e-01
 4.79355e+22	0.00e+00	1.62e-30	5.52e-25	7.86e-22	6.39e-19	2.00e-16	3.61e-14	7.44e-12	3.97e-09	2.70e-07	8.65e-06	1.29e-04	1.34e-03	6.76e-03	2.09e-02	6.95e-02	4.26e-01	3.70e-01	1.06e-01
 4.81272e+22	0.00e+00	2.61e-30	8.67e-25	1.20e-21	9.39e-19	2.83e-16	4.92e-14	9.76e-12	5.13e-09	3.41e-07	1.07e-05	1.55e-04	1.56e-03	7.62e-03	2.27e-02	7.29e-02	4.32e-01	3.63e-01	1.00e-01
 4.83132e+22	0.00e+00	4.15e-30	1.35e-24	1.81e-21	1.37e-18	3.98e-16	6.67e-14	1.27e-11	6.60e-09	4.30e-07	1.31e-05	1.85e-04	1.81e-03	8.56e-03	2.47e-02	7.64e-02	4.38e-01	3.55e-01	9.51e-02
 4.85256e+22	0.00e+00	7.40e-30	2.33e-24	3.01e-21	2.19e-18	6.08e-16	9.72e-14	1.77e-11	9.01e-09	5.72e-07	1.69e-05	2.30e-04	2.18e-03	9.88e-03	2.72e-02	8.07e-02	4.45e-01	3.46e-01	8.88e-02
 4.87444e+22	0.00e+00	1.26e-29	3.87e-24	4.83e-21	3.37e-18	8.95e-16	1.37e-13	2.38e-11	1.20e-08	7.43e-07	2.14e-05	2.82e-04	2.58e-03	1.13e-02	2.98e-02	8.49e-02	4.51e-01	3.37e-01	8.32e-02
 4.89340e+22	0.00e+00	2.01e-29	6.00e-24	7.27e-21	4.90e-18	1.26e-15	1.85e-13	3.09e-11	1.53e-08	9.34e-07	2.63e-05	3.36e-04	2.99e-03	1.26e-02	3.22e-02	8.85e-02	4.56e-01	3.29e-01	7.85e-02
 4.91430e+22	0.00e+00	3.55e-29	1.03e-23	1.20e-20	7.77e-18	1.90e-15	2.67e-13	4.26e-11	2.08e-08	1.24e-06	3.37e-05	4.16e-04	3.58e-03	1.45e-02	3.54e-02	9.31e-02	4.61e-01	3.19e-01	7.30e-02
 4.93525e+22	0.00e+00	5.75e-29	1.63e-23	1.84e-20	1.15e-17	2.70e-15	3.63e-13	5.55e-11	2.68e-08	1.56e-06	4.16e-05	4.98e-04	4.16e-03	1.63e-02	3.83e-02	9.71e-02	4.65e-01	3.10e-01	6.85e-02
 4.95297e+22	0.00e+00	8.93e-29	2.47e-23	2.71e-20	1.63e-17	3.71e-15	4.81e-13	7.07e-11	3.38e-08	1.94e-06	5.04e-05	5.88e-04	4.77e-03	1.81e-02	4.12e-02	1.01e-01	4.68e-01	3.02e-01	6.46e-02
 4.97272e+22	0.00e+00	1.56e-28	4.20e-23	4.44e-20	2.56e-17	5.55e-15	6.85e-13	9.61e-11	4.54e-08	2.54e-06	6.43e-05	7.23e-04	5.67e-03	2.07e-02	4.50e-02	1.05e-01	4.71e-01	2.92e-01	5.98e-02
 4.99151e+22	0.00e+00	2.33e-28	6.15e-23	6.33e-20	3.53e-17	7.41e-15	8.84e-13	1.20e-10	5.61e-08	3.09e-06	7.64e-05	8.39e-04	6.42e-03	2.27e-02	4.79e-02	1.09e-01	4.73e-01	2.84e-01	5.66e-02
 5.00673e+22	0.00e+00	3.50e-28	9.04e-23	9.04e-20	4.88e-17	9.88e-15	1.14e-12	1.48e-10	6.91e-08	3.76e-06	9.10e-05	9.74e-04	7.27e-03	2.50e-02	5.10e-02	1.12e-01	4.74e-01	2.76e-01	5.34e-02
 5.02073e+22	0.00e+00	4.99e-28	1.27e-22	1.23e-19	6.47e-17	1.27e-14	1.41e-12	1.79e-10	8.29e-08	4.45e-06	1.06e-04	1.11e-03	8.10e-03	2.72e-02	5.38e-02	1.15e-01	4.75e-01	2.69e-01	5.07e-02
 5.03342e+22	0.00e+00	6.92e-28	1.73e-22	1.65e-19	8.41e-17	1.60e-14	1.74e-12	2.13e-10	9.82e-08	5.21e-06	1.22e-04	1.25e-03	8.95e-03	2.93e-02	5.66e-02	1.18e-01	4.75e-01	2.63e-01	4.82e-02
 5.04790e+22	0.00e+00	1.05e-27	2.57e-22	2.38e-19	1.17e-16	2.16e-14	2.25e-12	2.65e-10	1.22e-07	6.36e-06	1.46e-04	1.46e-03	1.02e-02	3.22e-02	6.02e-02	1.21e-01	4.75e-01	2.55e-01	4.53e-02
 5.06221e+22	0.00e+00	1.47e-27	3.53e-22	3.18e-19	1.53e-16	2.73e-14	2.76e-12	3.16e-10	1.44e-07	7.45e-06	1.68e-04	1.64e-03	1.12e-02	3.47e-02	6.32e-02	1.24e-01	4.74e-01	2.48e-01	4.30e-02
 5.07428e+22	0.00e+00	2.02e-27	4.77e-22	4.21e-19	1.97e-16	3.42e-14	3.35e-12	3.73e-10	1.70e-07	8.67e-06	1.92e-04	1.84e-03	1.23e-02	3.73e-02	6.61e-02	1.26e-01	4.73e-01	2.42e-01	4.09e-02
 5.08793e+22	0.00e+00	3.01e-27	6.98e-22	5.97e-19	2.70e-16	4.53e-14	4.28e-12	4.58e-10	2.08e-07	1.05e-05	2.28e-04	2.13e-03	1.39e-02	4.08e-02	6.99e-02	1.29e-01	4.72e-01	2.34e-01	3.83e-02
 5.10185e+22	0.00e+00	4.20e-27	9.59e-22	8.01e-19	3.52e-16	5.73e-14	5.24e-12	5.44e-10	2.46e-07	1.23e-05	2.62e-04	2.40e-03	1.53e-02	4.39e-02	7.32e-02	1.32e-01	4.70e-01	2.27e-01	3.63e-02
 5.11358e+22	0.00e+00	5.72e-27	1.29e-21	1.05e-18	4.49e-16	7.10e-14	6.30e-12	6.35e-10	2.87e-07	1.42e-05	2.98e-04	2.68e-03	1.68e-02	4.69e-02	7.64e-02	1.34e-01	4.68e-01	2.20e-01	3.45e-02
 5.12457e+22	0.00e+00	7.78e-27	1.72e-21	1.37e-18	5.72e-16	8.78e-14	7.56e-12	7.40e-10	3.35e-07	1.63e-05	3.39e-04	2.98e-03	1.83e-02	5.01e-02	7.96e-02	1.36e-01	4.65e-01	2.14e-01	3.27e-02
 5.13546e+22	0.00e+00	1.04e-26	2.27e-21	1.77e-18	7.17e-16	1.07e-13	8.99e-12	8.56e-10	3.86e-07	1.87e-05	3.82e-04	3.30e-03	1.99e-02	5.33e-02	8.26e-02	1.38e-01	4.63e-01	2.08e-01	3.11e-02
 5.14797e+22	3.52e-33	1.54e-26	3.29e-21	2.49e-18	9.75e-16	1.40e-13	1.13e-11	1.04e-09	4.68e-07	2.24e-05	4.50e-04	3.79e-03	2.23e-02	5.79e-02	8.69e-02	1.41e-01	4.59e-01	2.00e-01	2.90e-02
 5.16051e+22	4.81e-33	2.07e-26	4.37e-21	3.23e-18	1.23e-15	1.72e-13	1.35e-11	1.20e-09	5.42e-07	2.57e-05	5.08e-04	4.20e-03	2.43e-02	6.16e-02	9.02e-02	1.43e-01	4.55e-01	1.94e-01	2.75e-02
 5.17307e+22	7.19e-33	3.03e-26	6.29e-21	4.50e-18	1.66e-15	2.24e-13	1.69e-11	1.45e-09	6.54e-07	3.06e-05	5.95e-04	4.79e-03	2.70e-02	6.66e-02	9.45e-02	1.45e-01	4.50e-01	1.86e-01	2.56e-02
 5.18521e+22	9.72e-33	4.04e-26	8.26e-21	5.78e-18	2.08e-15	2.73e-13	1.99e-11	1.66e-09	7.52e-07	3.50e-05	6.68e-04	5.28e-03	2.92e-02	7.05e-02	9.77e-02	1.46e-01	4.46e-01	1.80e-01	2.42e-02
 5.19517e+22	1.32e-32	5.41e-26	1.09e-20	7.44e-18	2.60e-15	3.31e-13	2.35e-11	1.90e-09	8.64e-07	3.99e-05	7.52e-04	5.84e-03	3.17e-02	7.47e-02	1.01e-01	1.48e-01	4.41e-01	1.74e-01	2.29e-02
 5.20493e+22	1.77e-32	7.14e-26	1.42e-20	9.47e-18	3.22e-15	3.99e-13	2.75e-11	2.16e-09	9.86e-07	4.52e-05	8.41e-04	6.41e-03	3.42e-02	7.89e-02	1.04e-01	1.49e-01	4.36e-01	1.69e-01	2.17e-02
 5.21603e+22	2.54e-32	1.01e-25	1.98e-20	1.28e-17	4.22e-15	5.05e-13	3.35e-11	2.54e-09	1.16e-06	5.28e-05	9.67e-04	7.20e-03	3.76e-02	8.44e-02	1.08e-01	1.50e-01	4.30e-01	1.62e-01	2.02e-02
 5.22743e+22	3.53e-32	1.38e-25	2.67e-20	1.68e-17	5.37e-15	6.21e-13	3.99e-11	2.93e-09	1.35e-06	6.07e-05	1.10e-03	7.99e-03	4.09e-02	8.96e-02	1.12e-01	1.51e-01	4.23e-01	1.55e-01	1.90e-02
 5.23731e+22	4.68e-32	1.81e-25	3.45e-20	2.12e-17	6.60e-15	7.44e-13	4.64e-11	3.32e-09	1.53e-06	6.84e-05	1.22e-03	8.73e-03	4.39e-02	9.41e-02	1.15e-01	1.52e-01	4.17e-01	1.50e-01	1.79e-02
 5.24826e+22	7.01e-32	2.66e-25	4.98e-20	2.95e-17	8.85e-15	9.56e-13	5.71e-11	3.91e-09	1.82e-06	8.10e-05	1.42e-03	9.90e-03	4.85e-02	1.01e-01	1.20e-01	1.52e-01	4.08e-01	1.42e-01	1.65e-02
 5.25915e+22	9.25e-32	3.47e-25	6.41e-20	3.71e-17	1.08e-14	1.14e-12	6.61e-11	4.42e-09	2.06e-06	9.10e-05	1.57e-03	1.08e-02	5.19e-02	1.06e-01	1.22e-01	1.53e-01	4.02e-01	1.37e-01	1.55e-02
 5.26997e+22	1.39e-31	5.12e-25	9.30e-20	5.18e-17	1.45e-14	1.46e-12	8.11e-11	5.19e-09	2.46e-06	1.08e-04	1.82e-03	1.22e-02	5.73e-02	1.13e-01	1.27e-01	1.53e-01	3.92e-01	1.29e-01	1.42e-02
 5.28045e+22	1.83e-31	6.63e-25	1.19e-19	6.48e-17	1.77e-14	1.73e-12	9.33e-11	5.81e-09	2.76e-06	1.20e-04	2.01e-03	1.32e-02	6.12e-02	1.18e-01	1.30e-01	1.53e-01	3.85e-01	1.24e-01	1.34e-02
 5.29049e+22	2.63e-31	9.41e-25	1.66e-19	8.74e-17	2.30e-14	2.17e-12	1.12e-10	6.72e-09	3.23e-06	1.40e-04	2.30e-03	1.48e-02	6.67e-02	1.26e-01	1.33e-01	1.53e-01	3.75e-01	1.18e-01	1.23e-02
 5.30086e+22	3.58e-31	1.26e-24	2.20e-19	1.12e-16	2.87e-14	2.62e-12	1.31e-10	7.58e-09	3.67e-06	1.58e-04	2.56e-03	1.62e-02	7.16e-02	1.32e-01	1.36e-01	1.52e-01	3.66e-01	1.12e-01	1.15e-02
 5.31167e+22	5.40e-31	1.87e-24	3.20e-19	1.57e-16	3.84e-14	3.35e-12	1.60e-10	8.85e-09	4.35e-06	1.86e-04	2.96e-03	1.82e-02	7.85e-02	1.40e-01	1.40e-01	1.51e-01	3.54e-01	1.05e-01	1.04e-02
 5.32209e+22	7.13e-31	2.44e-24	4.13e-19	1.97e-16	4.69e-14	3.96e-12	1.83e-10	9.86e-09	4.89e-06	2.08e-04	3.27e-03	1.97e-02	8.35e-02	1.46e-01	1.42e-01	1.50e-01	3.45e-01	1.00e-01	9.71e-03
 5.33200e+22	1.05e-30	3.55e-24	5.90e-19	2.71e-16	6.17e-14	4.99e-12	2.20e-10	1.14e-08	5.72e-06	2.42e-04	3.74e-03	2.20e-02	9.09e-02	1.54e-01	1.46e-01	1.49e-01	3.33e-01	9.35e-02	8.79e-03
 5.34187e+22	1.40e-30	4.65e-24	7.63e-19	3.41e-16	7.53e-14	5.91e-12	2.52e-10	1.26e-08	6.41e-06	2.69e-04	4.12e-03	2.38e-02	9.65e-02	1.60e-01	1.48e-01	1.47e-01	3.24e-01	8.89e-02	8.17e-03
 5.35170e+22	2.07e-30	6.75e-24	1.09e-18	4.68e-16	9.90e-14	7.42e-12	3.02e-10	1.45e-08	7.47e-06	3.12e-04	4.69e-03	2.64e-02	1.05e-01	1.68e-01	1.50e-01	1.45e-01	3.10e-01	8.26e-02	7.37e-03
 5.36162e+22	2.76e-30	8.91e-24	1.42e-18	5.92e-16	1.21e-13	8.81e-12	3.47e-10	1.61e-08	8.37e-06	3.49e-04	5.17e-03	2.86e-02	1.11e-01	1.74e-01	1.52e-01	1.43e-01	3.01e-01	7.82e-02	6.81e-03
 5.37165e+22	4.16e-30	1.32e-23	2.07e-18	8.23e-16	1.61e-13	1.11e-11	4.17e-10	1.85e-08	9.78e-06	4.05e-04	5.90e-03	3.18e-02	1.20e-01	1.83e-01	1.54e-01	1.40e-01	2.87e-01	7.20e-02	6.07e-03
 5.38170e+22	5.59e-30	1.75e-23	2.71e-18	1.05e-15	1.98e-13	1.32e-11	4.78e-10	2.05e-08	1.10e-05	4.52e-04	6.49e-03	3.43e-02	1.27e-01	1.89e-01	1.55e-01	1.38e-01	2.76e-01	6.77e-02	5.57e-03
 5.39178e+22	8.35e-30	2.57e-23	3.90e-18	1.44e-15	2.61e-13	1.67e-11	5.73e-10	2.35e-08	1.27e-05	5.22e-04	7.36e-03	3.79e-02	1.37e-01	1.97e-01	1.57e-01	1.34e-01	2.62e-01	6.22e-02	4.95e-03
 5.40177e+22	1.13e-29	3.43e-23	5.14e-18	1.84e-15	3.22e-13	1.98e-11	6.56e-10	2.60e-08	1.42e-05	5.80e-04	8.07e-03	4.07e-02	1.44e-01	2.03e-01	1.57e-01	1.32e-01	2.52e-01	5.82e-02	4.52e-03
 5.41165e+22	1.68e-29	5.02e-23	7.39e-18	2.53e-15	4.23e-13	2.48e-11	7.83e-10	2.97e-08	1.64e-05	6.66e-04	9.10e-03	4.48e-02	1.55e-01	2.11e-01	1.58e-01	1.28e-01	2.38e-01	5.31e-02	3.99e-03
 5.42168e+22	2.31e-29	6.79e-23	9.87e-18	3.25e-15	5.25e-13	2.97e-11	9.00e-10	3.29e-08	1.83e-05	7.42e-04	9.99e-03	4.81e-02	1.63e-01	2.16e-01	1.58e-01	1.24e-01	2.27e-01	4.93e-02	3.61e-03
 5.43192e+22	3.49e-29	1.01e-22	1.44e-17	4.53e-15	6.96e-13	3.75e-11	1.08e-09	3.77e-08	2.12e-05	8.53e-04	1.13e-02	5.28e-02	1.74e-01	2.24e-01	1.58e-01	1.20e-01	2.12e-01	4.46e-02	3.16e-03
 5.44227e+22	4.84e-29	1.38e-22	1.94e-17	5.87e-15	8.69e-13	4.50e-11	1.24e-09	4.18e-08	2.37e-05	9.48e-04	1.23e-02	5.67e-02	1.83e-01	2.29e-01	1.57e-01	1.16e-01	2.01e-01	4.12e-02	2.83e-03
 5.45277e+22	7.41e-29	2.07e-22	2.86e-17	8.24e-15	1.16e-12	5.71e-11	1.50e-09	4.80e-08	2.73e-05	1.09e-03	1.39e-02	6.20e-02	1.94e-01	2.35e-01	1.56e-01	1.11e-01	1.87e-01	3.69e-02	2.45e-03
 5.46333e+22	1.03e-28	2.84e-22	3.85e-17	1.07e-14	1.45e-12	6.85e-11	1.72e-09	5.33e-08	3.04e-05	1.20e-03	1.51e-02	6.63e-02	2.03e-01	2.40e-01	1.54e-01	1.07e-01	1.77e-01	3.38e-02	2.18e-03
 5.47244e+22	1.42e-28	3.85e-22	5.15e-17	1.38e-14	1.80e-12	8.19e-11	1.98e-09	5.91e-08	3.37e-05	1.33e-03	1.64e-02	7.06e-02	2.12e-01	2.44e-01	1.53e-01	1.03e-01	1.67e-01	3.11e-02	1.95e-03
 5.48276e+22	2.16e-28	5.77e-22	7.56e-17	1.92e-14	2.39e-12	1.04e-10	2.38e-09	6.75e-08	3.85e-05	1.51e-03	1.83e-02	7.65e-02	2.23e-01	2.49e-01	1.50e-01	9.82e-02	1.54e-01	2.76e-02	1.67e-03
 5.49306e+22	2.92e-28	7.70e-22	9.95e-17	2.44e-14	2.93e-12	1.23e-10	2.71e-09	7.46e-08	4.23e-05	1.65e-03	1.97e-02	8.08e-02	2.31e-01	2.52e-01	1.48e-01	9.45e-02	1.45e-01	2.54e-02	1.50e-03
 5.50331e+22	4.37e-28	1.13e-21	1.43e-16	3.35e-14	3.84e-12	1.53e-10	3.23e-09	8.50e-08	4.78e-05	1.85e-03	2.17e-02	8.68e-02	2.42e-01	2.55e-01	1.45e-01	8.97e-02	1.34e-01	2.26e-02	1.29e-03
 5.51379e+22	6.02e-28	1.53e-21	1.91e-16	4.32e-14	4.77e-12	1.84e-10	3.72e-09	9.45e-08	5.27e-05	2.03e-03	2.34e-02	9.17e-02	2.50e-01	2.57e-01	1.43e-01	8.58e-02	1.25e-01	2.06e-02	1.14e-03
 5.52454e+22	9.13e-28	2.28e-21	2.79e-16	5.99e-14	6.31e-12	2.32e-10	4.47e-09	1.08e-07	5.96e-05	2.28e-03	2.58e-02	9.83e-02	2.60e-01	2.59e-01	1.39e-01	8.09e-02	1.15e-01	1.82e-02	9.71e-04
 5.53544e+22	1.25e-27	3.08e-21	3.70e-16	7.67e-14	7.82e-12	2.77e-10	5.15e-09	1.21e-07	6.55e-05	2.49e-03	2.77e-02	1.03e-01	2.68e-01	2.60e-01	1.36e-01	7.72e-02	1.07e-01	1.65e-02	8.57e-04
 5.54652e+22	1.90e-27	4.57e-21	5.38e-16	1.06e-13	1.03e-11	3.50e-10	6.19e-09	1.39e-07	7.39e-05	2.78e-03	3.03e-02	1.10e-01	2.78e-01	2.61e-01	1.32e-01	7.25e-02	9.80e-02	1.45e-02	7.26e-04
 5.55786e+22	2.61e-27	6.20e-21	7.18e-16	1.37e-13	1.28e-11	4.19e-10	7.15e-09	1.55e-07	8.12e-05	3.03e-03	3.24e-02	1.16e-01	2.85e-01	2.62e-01	1.29e-01	6.89e-02	9.11e-02	1.31e-02	6.38e-04
 5.56954e+22	3.97e-27	9.22e-21	1.04e-15	1.89e-13	1.70e-11	5.31e-10	8.63e-09	1.79e-07	9.15e-05	3.37e-03	3.53e-02	1.23e-01	2.94e-01	2.61e-01	1.24e-01	6.44e-02	8.28e-02	1.14e-02	5.37e-04
 5.58143e+22	5.49e-27	1.25e-20	1.40e-15	2.44e-13	2.12e-11	6.39e-10	1.00e-08	2.00e-07	1.00e-04	3.67e-03	3.77e-02	1.28e-01	3.00e-01	2.61e-01	1.21e-01	6.10e-02	7.67e-02	1.03e-02	4.69e-04
 5.59360e+22	8.33e-27	1.86e-20	2.03e-15	3.38e-13	2.81e-11	8.10e-10	1.21e-08	2.32e-07	1.13e-04	4.08e-03	4.10e-02	1.36e-01	3.09e-01	2.59e-01	1.16e-01	5.67e-02	6.93e-02	8.95e-03	3.93e-04
 5.60585e+22	1.14e-26	2.51e-20	2.68e-15	4.33e-13	3.48e-11	9.72e-10	1.40e-08	2.60e-07	1.24e-04	4.42e-03	4.36e-02	1.42e-01	3.14e-01	2.57e-01	1.12e-01	5.36e-02	6.41e-02	8.04e-03	3.43e-04
 5.61820e+22	1.71e-26	3.68e-20	3.85e-15	5.94e-13	4.57e-11	1.23e-09	1.69e-08	3.01e-07	1.39e-04	4.88e-03	4.71e-02	1.49e-01	3.21e-01	2.55e-01	1.08e-01	4.98e-02	5.79e-02	7.00e-03	2.87e-04
 5.63088e+22	2.36e-26	4.99e-20	5.11e-15	7.62e-13	5.69e-11	1.47e-09	1.97e-08	3.38e-07	1.52e-04	5.29e-03	5.00e-02	1.55e-01	3.27e-01	2.52e-01	1.04e-01	4.69e-02	5.33e-02	6.25e-03	2.49e-04
 5.64189e+22	3.17e-26	6.59e-20	6.64e-15	9.59e-13	6.95e-11	1.75e-09	2.26e-08	3.77e-07	1.66e-04	5.68e-03	5.28e-02	1.60e-01	3.31e-01	2.50e-01	1.00e-01	4.44e-02	4.94e-02	5.63e-03	2.18e-04
 5.65412e+22	4.62e-26	9.41e-20	9.26e-15	1.29e-12	8.97e-11	2.18e-09	2.70e-08	4.34e-07	1.84e-04	6.23e-03	5.65e-02	1.67e-01	3.36e-01	2.46e-01	9.58e-02	4.12e-02	4.47e-02	4.92e-03	1.84e-04
 5.66648e+22	6.19e-26	1.24e-19	1.20e-14	1.61e-12	1.09e-10	2.58e-09	3.10e-08	4.84e-07	2.01e-04	6.68e-03	5.96e-02	1.73e-01	3.40e-01	2.43e-01	9.24e-02	3.89e-02	4.13e-02	4.42e-03	1.61e-04
 5.67900e+22	9.01e-26	1.76e-19	1.67e-14	2.16e-12	1.41e-10	3.20e-09	3.71e-08	5.57e-07	2.23e-04	7.30e-03	6.36e-02	1.80e-01	3.44e-01	2.39e-01	8.80e-02	3.61e-02	3.73e-02	3.85e-03	1.35e-04
 5.69172e+22	1.20e-25	2.31e-19	2.15e-14	2.69e-12	1.72e-10	3.79e-09	4.26e-08	6.21e-07	2.43e-04	7.82e-03	6.69e-02	1.86e-01	3.47e-01	2.35e-01	8.46e-02	3.40e-02	3.44e-02	3.46e-03	1.18e-04
 5.70290e+22	1.59e-25	3.01e-19	2.75e-14	3.35e-12	2.08e-10	4.47e-09	4.88e-08	6.92e-07	2.63e-04	8.36e-03	7.01e-02	1.91e-01	3.50e-01	2.32e-01	8.14e-02	3.20e-02	3.18e-02	3.11e-03	1.03e-04
 5.71562e+22	2.30e-25	4.26e-19	3.79e-14	4.45e-12	2.67e-10	5.54e-09	5.82e-08	7.96e-07	2.92e-04	9.11e-03	7.46e-02	1.98e-01	3.53e-01	2.27e-01	7.72e-02	2.96e-02	2.86e-02	2.70e-03	8.66e-05
 5.72826e+22	2.98e-25	5.43e-19	4.75e-14	5.44e-12	3.18e-10	6.45e-09	6.60e-08	8.80e-07	3.16e-04	9.69e-03	7.79e-02	2.03e-01	3.55e-01	2.23e-01	7.43e-02	2.79e-02	2.65e-02	2.44e-03	7.64e-05
 5.74080e+22	4.23e-25	7.54e-19	6.44e-14	7.12e-12	4.03e-10	7.92e-09	7.82e-08	1.01e-06	3.49e-04	1.05e-02	8.24e-02	2.10e-01	3.57e-01	2.18e-01	7.05e-02	2.58e-02	2.39e-02	2.12e-03	6.43e-05
 5.75359e+22	5.51e-25	9.64e-19	8.10e-14	8.73e-12	4.83e-10	9.25e-09	8.90e-08	1.12e-06	3.77e-04	1.12e-02	8.60e-02	2.15e-01	3.58e-01	2.14e-01	6.77e-02	2.43e-02	2.21e-02	1.91e-03	5.64e-05
 5.76669e+22	7.84e-25	1.34e-18	1.10e-13	1.14e-11	6.13e-10	1.14e-08	1.06e-07	1.28e-06	4.18e-04	1.21e-02	9.09e-02	2.22e-01	3.59e-01	2.08e-01	6.40e-02	2.24e-02	1.99e-02	1.66e-03	4.73e-05
 5.78003e+22	1.02e-24	1.72e-18	1.39e-13	1.41e-11	7.36e-10	1.33e-08	1.21e-07	1.43e-06	4.53e-04	1.29e-02	9.49e-02	2.27e-01	3.60e-01	2.03e-01	6.12e-02	2.11e-02	1.83e-02	1.49e-03	4.13e-05
 5.79370e+22	1.46e-24	2.40e-18	1.88e-13	1.85e-11	9.37e-10	1.64e-08	1.44e-07	1.64e-06	5.03e-04	1.40e-02	1.00e-01	2.33e-01	3.60e-01	1.97e-01	5.76e-02	1.94e-02	1.64e-02	1.29e-03	3.44e-05
 5.80762e+22	1.92e-24	3.09e-18	2.38e-13	2.27e-11	1.13e-09	1.93e-08	1.64e-07	1.83e-06	5.45e-04	1.49e-02	1.04e-01	2.38e-01	3.60e-01	1.93e-01	5.50e-02	1.81e-02	1.51e-02	1.15e-03	2.99e-05
 5.82186e+22	2.74e-24	4.31e-18	3.24e-13	2.99e-11	1.44e-09	2.39e-08	1.96e-07	2.11e-06	6.06e-04	1.61e-02	1.10e-01	2.45e-01	3.59e-01	1.86e-01	5.16e-02	1.66e-02	1.34e-02	9.87e-04	2.48e-05
 5.83638e+22	3.61e-24	5.56e-18	4.09e-13	3.69e-11	1.73e-09	2.81e-08	2.25e-07	2.36e-06	6.58e-04	1.72e-02	1.15e-01	2.50e-01	3.58e-01	1.81e-01	4.91e-02	1.55e-02	1.23e-02	8.78e-04	2.15e-05
 5.84914e+22	4.71e-24	7.13e-18	5.15e-13	4.52e-11	2.08e-09	3.29e-08	2.57e-07	2.62e-06	7.13e-04	1.82e-02	1.19e-01	2.55e-01	3.57e-01	1.77e-01	4.67e-02	1.45e-02	1.12e-02	7.83e-04	1.86e-05
 5.86359e+22	6.66e-24	9.83e-18	6.91e-13	5.89e-11	2.63e-09	4.04e-08	3.05e-07	3.02e-06	7.91e-04	1.97e-02	1.25e-01	2.61e-01	3.56e-01	1.70e-01	4.37e-02	1.32e-02	1.00e-02	6.73e-04	1.55e-05
 5.87805e+22	8.55e-24	1.24e-17	8.55e-13	7.13e-11	3.12e-09	4.69e-08	3.45e-07	3.34e-06	8.53e-04	2.08e-02	1.30e-01	2.65e-01	3.54e-01	1.66e-01	4.16e-02	1.24e-02	9.22e-03	6.04e-04	1.35e-05
 5.89253e+22	1.20e-23	1.70e-17	1.14e-12	9.25e-11	3.93e-09	5.74e-08	4.10e-07	3.84e-06	9.45e-04	2.24e-02	1.36e-01	2.71e-01	3.51e-01	1.59e-01	3.89e-02	1.13e-02	8.20e-03	5.18e-04	1.12e-05
 5.90725e+22	1.55e-23	2.15e-17	1.42e-12	1.12e-10	4.67e-09	6.68e-08	4.65e-07	4.25e-06	1.02e-03	2.37e-02	1.41e-01	2.75e-01	3.49e-01	1.55e-01	3.69e-02	1.06e-02	7.52e-03	4.63e-04	9.76e-06
 5.92229e+22	2.17e-23	2.94e-17	1.89e-12	1.45e-10	5.87e-09	8.16e-08	5.50e-07	4.88e-06	1.13e-03	2.56e-02	1.48e-01	2.80e-01	3.46e-01	1.48e-01	3.44e-02	9.62e-03	6.69e-03	3.97e-04	8.09e-06
 5.93784e+22	2.84e-23	3.76e-17	2.37e-12	1.78e-10	7.05e-09	9.57e-08	6.29e-07	5.44e-06	1.23e-03	2.71e-02	1.53e-01	2.84e-01	3.43e-01	1.44e-01	3.25e-02	8.93e-03	6.09e-03	3.52e-04	6.97e-06
 5.95404e+22	4.06e-23	5.23e-17	3.20e-12	2.33e-10	8.97e-09	1.18e-07	7.52e-07	6.30e-06	1.37e-03	2.93e-02	1.61e-01	2.89e-01	3.38e-01	1.37e-01	3.01e-02	8.07e-03	5.36e-03	2.98e-04	5.69e-06
 5.97062e+22	5.35e-23	6.74e-17	4.03e-12	2.87e-10	1.08e-08	1.39e-07	8.63e-07	7.05e-06	1.49e-03	3.11e-02	1.67e-01	2.93e-01	3.35e-01	1.32e-01	2.84e-02	7.46e-03	4.85e-03	2.63e-04	4.87e-06
 5.98771e+22	7.68e-23	9.42e-17	5.47e-12	3.78e-10	1.38e-08	1.73e-07	1.04e-06	8.17e-06	1.66e-03	3.36e-02	1.74e-01	2.98e-01	3.29e-01	1.26e-01	2.61e-02	6.71e-03	4.25e-03	2.21e-04	3.95e-06
 6.00542e+22	1.03e-22	1.23e-16	6.99e-12	4.71e-10	1.68e-08	2.05e-07	1.20e-06	9.21e-06	1.81e-03	3.58e-02	1.81e-01	3.02e-01	3.25e-01	1.20e-01	2.44e-02	6.16e-03	3.82e-03	1.93e-04	3.34e-06
 6.02393e+22	1.51e-22	1.75e-16	9.64e-12	6.29e-10	2.18e-08	2.58e-07	1.45e-06	1.08e-05	2.03e-03	3.88e-02	1.89e-01	3.06e-01	3.18e-01	1.14e-01	2.23e-02	5.49e-03	3.31e-03	1.60e-04	2.66e-06
 6.04290e+22	2.04e-22	2.32e-16	1.24e-11	7.90e-10	2.68e-08	3.08e-07	1.69e-06	1.22e-05	2.23e-03	4.14e-02	1.96e-01	3.09e-01	3.13e-01	1.09e-01	2.08e-02	5.01e-03	2.95e-03	1.38e-04	2.23e-06
 6.06245e+22	3.05e-22	3.35e-16	1.73e-11	1.07e-09	3.51e-08	3.90e-07	2.06e-06	1.43e-05	2.51e-03	4.49e-02	2.06e-01	3.13e-01	3.06e-01	1.02e-01	1.88e-02	4.42e-03	2.53e-03	1.14e-04	1.75e-06
 6.08214e+22	4.11e-22	4.40e-16	2.22e-11	1.34e-09	4.29e-08	4.66e-07	2.39e-06	1.62e-05	2.75e-03	4.78e-02	2.13e-01	3.16e-01	3.00e-01	9.72e-02	1.75e-02	4.03e-03	2.25e-03	9.81e-05	1.47e-06
 6.10203e+22	6.09e-22	6.31e-16	3.08e-11	1.80e-09	5.59e-08	5.87e-07	2.90e-06	1.90e-05	3.09e-03	5.18e-02	2.22e-01	3.19e-01	2.92e-01	9.10e-02	1.58e-02	3.55e-03	1.93e-03	8.04e-05	1.15e-06
 6.12234e+22	8.36e-22	8.44e-16	4.01e-11	2.28e-09	6.91e-08	7.08e-07	3.40e-06	2.16e-05	3.40e-03	5.52e-02	2.30e-01	3.21e-01	2.85e-01	8.62e-02	1.46e-02	3.21e-03	1.70e-03	6.84e-05	9.48e-07
 6.14319e+22	1.25e-21	1.22e-15	5.59e-11	3.07e-09	9.04e-08	8.96e-07	4.14e-06	2.54e-05	3.83e-03	5.97e-02	2.40e-01	3.23e-01	2.76e-01	8.03e-02	1.31e-02	2.81e-03	1.44e-03	5.56e-05	7.38e-07
 6.16447e+22	1.74e-21	1.65e-15	7.35e-11	3.94e-09	1.13e-07	1.09e-06	4.88e-06	2.91e-05	4.22e-03	6.38e-02	2.48e-01	3.24e-01	2.69e-01	7.55e-02	1.20e-02	2.51e-03	1.26e-03	4.67e-05	5.97e-07
