#depth	Si	Si+	Si+2	Si+3	Si+4	Si+5	Si+6	Si+7	Si+8	Si+9	Si+10	Si+11	Si+12	Si+13	Si+14
 4.62852e+21	0.00e+00	4.02e-28	8.14e-24	3.49e-20	2.02e-16	1.82e-13	5.54e-11	5.89e-09	2.91e-07	7.35e-06	1.27e-04	2.09e-03	8.17e-02	3.84e-01	5.32e-01
 1.02137e+22	0.00e+00	7.94e-26	1.03e-21	2.92e-18	1.43e-14	8.29e-12	1.61e-09	1.12e-07	3.70e-06	6.06e-05	6.20e-04	6.32e-03	1.53e-01	4.49e-01	3.92e-01
 1.16488e+22	0.00e+00	1.14e-24	1.18e-20	2.55e-17	1.06e-13	5.02e-11	7.94e-09	4.52e-07	1.24e-05	1.65e-04	1.31e-03	1.05e-02	2.00e-01	4.65e-01	3.23e-01
 1.23663e+22	0.00e+00	4.42e-24	4.07e-20	7.54e-17	2.90e-13	1.24e-10	1.78e-08	9.18e-07	2.30e-05	2.75e-04	1.90e-03	1.35e-02	2.27e-01	4.68e-01	2.89e-01
 1.26653e+22	0.00e+00	6.25e-24	5.57e-20	9.94e-17	3.75e-13	1.57e-10	2.19e-08	1.10e-06	2.69e-05	3.13e-04	2.10e-03	1.43e-02	2.34e-01	4.69e-01	2.80e-01
 1.27691e+22	0.00e+00	8.03e-24	6.99e-20	1.21e-16	4.52e-13	1.86e-10	2.54e-08	1.26e-06	3.02e-05	3.44e-04	2.25e-03	1.50e-02	2.40e-01	4.69e-01	2.74e-01
 1.28702e+22	0.00e+00	1.12e-23	9.48e-20	1.58e-16	5.79e-13	2.32e-10	3.10e-08	1.50e-06	3.52e-05	3.91e-04	2.47e-03	1.59e-02	2.47e-01	4.68e-01	2.66e-01
 1.29715e+22	0.00e+00	1.45e-23	1.19e-19	1.93e-16	6.98e-13	2.75e-10	3.61e-08	1.71e-06	3.96e-05	4.30e-04	2.65e-03	1.67e-02	2.53e-01	4.68e-01	2.60e-01
 1.30730e+22	0.00e+00	2.03e-23	1.62e-19	2.51e-16	8.93e-13	3.44e-10	4.41e-08	2.04e-06	4.61e-05	4.89e-04	2.90e-03	1.77e-02	2.60e-01	4.67e-01	2.52e-01
 1.31753e+22	0.00e+00	2.65e-23	2.05e-19	3.09e-16	1.08e-12	4.10e-10	5.16e-08	2.34e-06	5.21e-05	5.40e-04	3.13e-03	1.86e-02	2.66e-01	4.66e-01	2.45e-01
 1.32786e+22	0.00e+00	3.82e-23	2.85e-19	4.09e-16	1.41e-12	5.22e-10	6.40e-08	2.83e-06	6.16e-05	6.20e-04	3.46e-03	1.98e-02	2.74e-01	4.65e-01	2.37e-01
 1.33745e+22	0.00e+00	4.73e-23	3.46e-19	4.84e-16	1.65e-12	6.03e-10	7.28e-08	3.17e-06	6.80e-05	6.73e-04	3.67e-03	2.06e-02	2.79e-01	4.64e-01	2.32e-01
 1.34606e+22	0.00e+00	6.44e-23	4.55e-19	6.12e-16	2.06e-12	7.38e-10	8.73e-08	3.73e-06	7.83e-05	7.56e-04	4.00e-03	2.17e-02	2.87e-01	4.63e-01	2.24e-01
 1.35477e+22	0.00e+00	8.07e-23	5.56e-19	7.28e-16	2.43e-12	8.57e-10	9.99e-08	4.19e-06	8.68e-05	8.23e-04	4.25e-03	2.26e-02	2.92e-01	4.61e-01	2.19e-01
 1.36362e+22	0.00e+00	1.10e-22	7.34e-19	9.22e-16	3.04e-12	1.05e-09	1.20e-07	4.94e-06	1.00e-04	9.26e-04	4.63e-03	2.39e-02	2.99e-01	4.59e-01	2.12e-01
 1.37260e+22	0.00e+00	1.41e-22	9.17e-19	1.11e-15	3.64e-12	1.24e-09	1.39e-07	5.63e-06	1.12e-04	1.02e-03	4.96e-03	2.49e-02	3.05e-01	4.57e-01	2.06e-01
 1.38174e+22	0.00e+00	1.99e-22	1.24e-18	1.44e-15	4.63e-12	1.55e-09	1.70e-07	6.73e-06	1.32e-04	1.16e-03	5.45e-03	2.64e-02	3.13e-01	4.55e-01	1.99e-01
 1.39074e+22	1.49e-35	2.51e-22	1.52e-18	1.71e-15	5.48e-12	1.81e-09	1.96e-07	7.61e-06	1.47e-04	1.27e-03	5.82e-03	2.75e-02	3.19e-01	4.53e-01	1.94e-01
 1.39955e+22	2.25e-35	3.47e-22	2.03e-18	2.18e-15	6.91e-12	2.24e-09	2.38e-07	9.04e-06	1.70e-04	1.44e-03	6.37e-03	2.91e-02	3.27e-01	4.50e-01	1.87e-01
 1.40849e+22	3.13e-35	4.51e-22	2.55e-18	2.64e-15	8.30e-12	2.66e-09	2.78e-07	1.04e-05	1.92e-04	1.59e-03	6.84e-03	3.04e-02	3.33e-01	4.47e-01	1.81e-01
 1.41628e+22	4.32e-35	5.82e-22	3.19e-18	3.18e-15	9.94e-12	3.14e-09	3.24e-07	1.19e-05	2.17e-04	1.75e-03	7.34e-03	3.17e-02	3.39e-01	4.44e-01	1.75e-01
 1.42508e+22	6.63e-35	8.14e-22	4.28e-18	4.06e-15	1.26e-11	3.91e-09	3.96e-07	1.42e-05	2.54e-04	1.99e-03	8.06e-03	3.36e-02	3.48e-01	4.40e-01	1.68e-01
 1.43382e+22	9.15e-35	1.05e-21	5.34e-18	4.88e-15	1.51e-11	4.62e-09	4.61e-07	1.63e-05	2.86e-04	2.20e-03	8.65e-03	3.50e-02	3.54e-01	4.37e-01	1.63e-01
 1.44247e+22	1.41e-34	1.47e-21	7.15e-18	6.21e-15	1.91e-11	5.77e-09	5.65e-07	1.95e-05	3.35e-04	2.50e-03	9.50e-03	3.71e-02	3.62e-01	4.32e-01	1.56e-01
 1.45087e+22	1.91e-34	1.87e-21	8.81e-18	7.36e-15	2.25e-11	6.76e-09	6.54e-07	2.22e-05	3.75e-04	2.75e-03	1.02e-02	3.86e-02	3.68e-01	4.29e-01	1.51e-01
 1.45892e+22	2.88e-34	2.58e-21	1.16e-17	9.22e-15	2.82e-11	8.34e-09	7.94e-07	2.64e-05	4.37e-04	3.11e-03	1.11e-02	4.07e-02	3.76e-01	4.24e-01	1.45e-01
 1.46699e+22	3.95e-34	3.31e-21	1.44e-17	1.10e-14	3.35e-11	9.82e-09	9.23e-07	3.02e-05	4.92e-04	3.42e-03	1.19e-02	4.24e-02	3.82e-01	4.20e-01	1.40e-01
 1.47509e+22	6.01e-34	4.59e-21	1.90e-17	1.37e-14	4.19e-11	1.22e-08	1.13e-06	3.60e-05	5.75e-04	3.89e-03	1.30e-02	4.47e-02	3.90e-01	4.14e-01	1.34e-01
 1.48325e+22	8.26e-34	5.89e-21	2.35e-17	1.63e-14	4.98e-11	1.44e-08	1.31e-06	4.13e-05	6.47e-04	4.28e-03	1.40e-02	4.65e-02	3.96e-01	4.10e-01	1.29e-01
 1.49149e+22	1.24e-33	8.12e-21	3.09e-17	2.02e-14	6.23e-11	1.78e-08	1.60e-06	4.92e-05	7.55e-04	4.86e-03	1.53e-02	4.90e-02	4.03e-01	4.04e-01	1.23e-01
 1.49995e+22	1.74e-33	1.05e-20	3.86e-17	2.42e-14	7.46e-11	2.11e-08	1.88e-06	5.68e-05	8.56e-04	5.38e-03	1.64e-02	5.11e-02	4.09e-01	3.99e-01	1.18e-01
 1.50746e+22	2.40e-33	1.36e-20	4.78e-17	2.86e-14	8.89e-11	2.50e-08	2.21e-06	6.54e-05	9.68e-04	5.94e-03	1.76e-02	5.32e-02	4.15e-01	3.94e-01	1.14e-01
 1.51580e+22	3.63e-33	1.88e-20	6.27e-17	3.55e-14	1.11e-10	3.11e-08	2.70e-06	7.83e-05	1.13e-03	6.74e-03	1.93e-02	5.60e-02	4.22e-01	3.87e-01	1.08e-01
 1.52415e+22	4.94e-33	2.39e-20	7.69e-17	4.16e-14	1.31e-10	3.66e-08	3.14e-06	8.95e-05	1.27e-03	7.41e-03	2.07e-02	5.82e-02	4.28e-01	3.81e-01	1.04e-01
 1.53267e+22	7.46e-33	3.30e-20	1.01e-16	5.14e-14	1.64e-10	4.54e-08	3.85e-06	1.07e-04	1.49e-03	8.40e-03	2.26e-02	6.12e-02	4.34e-01	3.74e-01	9.81e-02
 1.54142e+22	1.04e-32	4.27e-20	1.25e-16	6.07e-14	1.96e-10	5.40e-08	4.54e-06	1.24e-04	1.69e-03	9.29e-03	2.43e-02	6.37e-02	4.40e-01	3.67e-01	9.37e-02
 1.54995e+22	1.51e-32	5.74e-20	1.60e-16	7.35e-14	2.40e-10	6.61e-08	5.48e-06	1.47e-04	1.95e-03	1.04e-02	2.63e-02	6.66e-02	4.46e-01	3.60e-01	8.88e-02
 1.55865e+22	2.10e-32	7.43e-20	1.98e-16	8.66e-14	2.87e-10	7.87e-08	6.47e-06	1.70e-04	2.21e-03	1.15e-02	2.83e-02	6.93e-02	4.51e-01	3.53e-01	8.47e-02
 1.56745e+22	3.05e-32	9.95e-20	2.52e-16	1.04e-13	3.51e-10	9.61e-08	7.81e-06	2.00e-04	2.55e-03	1.29e-02	3.07e-02	7.24e-02	4.56e-01	3.45e-01	8.01e-02
 1.57640e+22	4.24e-32	1.29e-19	3.11e-16	1.22e-13	4.20e-10	1.15e-07	9.22e-06	2.32e-04	2.89e-03	1.43e-02	3.29e-02	7.52e-02	4.60e-01	3.38e-01	7.61e-02
 1.58484e+22	5.80e-32	1.65e-19	3.81e-16	1.43e-13	4.98e-10	1.36e-07	1.08e-05	2.67e-04	3.26e-03	1.57e-02	3.52e-02	7.80e-02	4.64e-01	3.31e-01	7.24e-02
 1.59391e+22	8.27e-32	2.18e-19	4.80e-16	1.70e-13	6.04e-10	1.64e-07	1.30e-05	3.14e-04	3.73e-03	1.75e-02	3.80e-02	8.13e-02	4.68e-01	3.23e-01	6.83e-02
 1.60310e+22	1.12e-31	2.77e-19	5.84e-16	1.97e-13	7.13e-10	1.94e-07	1.52e-05	3.61e-04	4.20e-03	1.92e-02	4.05e-02	8.41e-02	4.71e-01	3.16e-01	6.49e-02
 1.61254e+22	1.59e-31	3.65e-19	7.33e-16	2.34e-13	8.63e-10	2.35e-07	1.82e-05	4.23e-04	4.80e-03	2.14e-02	4.37e-02	8.75e-02	4.74e-01	3.07e-01	6.10e-02
 1.62222e+22	2.16e-31	4.63e-19	8.92e-16	2.71e-13	1.02e-09	2.77e-07	2.12e-05	4.85e-04	5.39e-03	2.35e-02	4.65e-02	9.04e-02	4.77e-01	2.99e-01	5.77e-02
 1.63222e+22	3.06e-31	6.11e-19	1.12e-15	3.21e-13	1.23e-09	3.35e-07	2.54e-05	5.69e-04	6.16e-03	2.60e-02	5.00e-02	9.38e-02	4.79e-01	2.90e-01	5.41e-02
 1.64250e+22	4.13e-31	7.76e-19	1.36e-15	3.72e-13	1.45e-09	3.95e-07	2.97e-05	6.53e-04	6.91e-03	2.85e-02	5.32e-02	9.68e-02	4.80e-01	2.82e-01	5.11e-02
 1.65318e+22	5.86e-31	1.02e-18	1.71e-15	4.41e-13	1.76e-09	4.78e-07	3.56e-05	7.66e-04	7.89e-03	3.16e-02	5.72e-02	1.00e-01	4.81e-01	2.73e-01	4.76e-02
 1.66417e+22	7.90e-31	1.30e-18	2.07e-15	5.11e-13	2.08e-09	5.63e-07	4.15e-05	8.78e-04	8.84e-03	3.45e-02	6.07e-02	1.03e-01	4.82e-01	2.65e-01	4.48e-02
 1.67564e+22	1.12e-30	1.72e-18	2.61e-15	6.08e-13	2.52e-09	6.83e-07	4.98e-05	1.03e-03	1.01e-02	3.83e-02	6.51e-02	1.07e-01	4.82e-01	2.55e-01	4.16e-02
 1.68722e+22	1.49e-30	2.16e-18	3.15e-15	7.00e-13	2.95e-09	7.98e-07	5.76e-05	1.17e-03	1.12e-02	4.15e-02	6.88e-02	1.10e-01	4.81e-01	2.47e-01	3.92e-02
 1.69927e+22	2.13e-30	2.88e-18	3.99e-15	8.36e-13	3.58e-09	9.69e-07	6.93e-05	1.38e-03	1.28e-02	4.60e-02	7.36e-02	1.13e-01	4.80e-01	2.37e-01	3.62e-02
 1.71161e+22	2.82e-30	3.62e-18	4.81e-15	9.63e-13	4.18e-09	1.13e-06	8.00e-05	1.56e-03	1.42e-02	4.98e-02	7.76e-02	1.16e-01	4.78e-01	2.29e-01	3.39e-02
 1.72432e+22	4.02e-30	4.82e-18	6.09e-15	1.15e-12	5.08e-09	1.37e-06	9.60e-05	1.84e-03	1.62e-02	5.50e-02	8.28e-02	1.20e-01	4.75e-01	2.19e-01	3.11e-02
 1.73666e+22	5.15e-30	5.90e-18	7.20e-15	1.31e-12	5.82e-09	1.57e-06	1.09e-04	2.05e-03	1.77e-02	5.89e-02	8.66e-02	1.22e-01	4.72e-01	2.12e-01	2.93e-02
 1.74852e+22	7.08e-30	7.64e-18	8.91e-15	1.54e-12	6.92e-09	1.86e-06	1.28e-04	2.36e-03	1.98e-02	6.41e-02	9.15e-02	1.25e-01	4.68e-01	2.02e-01	2.71e-02
 1.76068e+22	9.11e-30	9.38e-18	1.06e-14	1.75e-12	7.93e-09	2.13e-06	1.45e-04	2.64e-03	2.17e-02	6.86e-02	9.55e-02	1.27e-01	4.64e-01	1.95e-01	2.54e-02
 1.77324e+22	1.26e-29	1.22e-17	1.31e-14	2.06e-12	9.44e-09	2.53e-06	1.71e-04	3.04e-03	2.43e-02	7.47e-02	1.01e-01	1.30e-01	4.58e-01	1.86e-01	2.33e-02
 1.78598e+22	1.61e-29	1.50e-17	1.56e-14	2.35e-12	1.08e-08	2.89e-06	1.93e-04	3.39e-03	2.64e-02	7.96e-02	1.05e-01	1.32e-01	4.54e-01	1.79e-01	2.18e-02
 1.79896e+22	2.22e-29	1.95e-17	1.94e-14	2.78e-12	1.28e-08	3.41e-06	2.26e-04	3.90e-03	2.95e-02	8.63e-02	1.10e-01	1.34e-01	4.47e-01	1.69e-01	1.99e-02
 1.81171e+22	2.80e-29	2.36e-17	2.27e-14	3.14e-12	1.45e-08	3.85e-06	2.53e-04	4.30e-03	3.19e-02	9.13e-02	1.14e-01	1.35e-01	4.41e-01	1.63e-01	1.87e-02
 1.82417e+22	3.78e-29	3.02e-17	2.79e-14	3.66e-12	1.69e-08	4.50e-06	2.93e-04	4.89e-03	3.52e-02	9.83e-02	1.19e-01	1.37e-01	4.33e-01	1.55e-01	1.71e-02
 1.83680e+22	4.72e-29	3.64e-17	3.26e-14	4.15e-12	1.91e-08	5.05e-06	3.26e-04	5.36e-03	3.79e-02	1.04e-01	1.23e-01	1.38e-01	4.27e-01	1.49e-01	1.60e-02
 1.84964e+22	6.33e-29	4.64e-17	4.00e-14	4.85e-12	2.23e-08	5.87e-06	3.75e-04	6.05e-03	4.16e-02	1.11e-01	1.27e-01	1.40e-01	4.19e-01	1.41e-01	1.47e-02
 1.86285e+22	8.05e-29	5.67e-17	4.73e-14	5.52e-12	2.52e-08	6.63e-06	4.20e-04	6.68e-03	4.49e-02	1.17e-01	1.31e-01	1.41e-01	4.11e-01	1.34e-01	1.36e-02
 1.87655e+22	1.10e-28	7.33e-17	5.86e-14	6.51e-12	2.95e-08	7.73e-06	4.85e-04	7.58e-03	4.95e-02	1.25e-01	1.36e-01	1.42e-01	4.01e-01	1.26e-01	1.23e-02
 1.89034e+22	1.38e-28	8.89e-17	6.90e-14	7.41e-12	3.33e-08	8.68e-06	5.40e-04	8.31e-03	5.31e-02	1.31e-01	1.40e-01	1.42e-01	3.93e-01	1.20e-01	1.15e-02
 1.90423e+22	1.87e-28	1.15e-16	8.54e-14	8.73e-12	3.88e-08	1.01e-05	6.20e-04	9.38e-03	5.81e-02	1.40e-01	1.45e-01	1.43e-01	3.82e-01	1.13e-01	1.04e-02
 1.91838e+22	2.35e-28	1.39e-16	1.01e-13	9.97e-12	4.39e-08	1.13e-05	6.90e-04	1.03e-02	6.23e-02	1.47e-01	1.48e-01	1.43e-01	3.73e-01	1.07e-01	9.58e-03
 1.93079e+22	2.95e-28	1.69e-16	1.19e-13	1.13e-11	4.92e-08	1.26e-05	7.64e-04	1.12e-02	6.65e-02	1.53e-01	1.51e-01	1.43e-01	3.64e-01	1.02e-01	8.85e-03
 1.94483e+22	3.95e-28	2.16e-16	1.46e-13	1.33e-11	5.70e-08	1.46e-05	8.70e-04	1.25e-02	7.22e-02	1.62e-01	1.55e-01	1.42e-01	3.52e-01	9.50e-02	7.98e-03
 1.95885e+22	4.87e-28	2.58e-16	1.71e-13	1.51e-11	6.37e-08	1.62e-05	9.56e-04	1.36e-02	7.66e-02	1.68e-01	1.57e-01	1.42e-01	3.43e-01	9.04e-02	7.41e-03
 1.97281e+22	6.49e-28	3.29e-16	2.09e-13	1.77e-11	7.33e-08	1.85e-05	1.08e-03	1.51e-02	8.29e-02	1.77e-01	1.61e-01	1.41e-01	3.31e-01	8.41e-02	6.66e-03
 1.98698e+22	8.03e-28	3.95e-16	2.45e-13	2.01e-11	8.20e-08	2.05e-05	1.19e-03	1.64e-02	8.77e-02	1.84e-01	1.63e-01	1.40e-01	3.22e-01	7.98e-02	6.16e-03
 2.00141e+22	1.06e-27	5.00e-16	3.00e-13	2.36e-11	9.43e-08	2.34e-05	1.34e-03	1.81e-02	9.43e-02	1.92e-01	1.66e-01	1.38e-01	3.10e-01	7.42e-02	5.53e-03
 2.01634e+22	1.34e-27	6.08e-16	3.56e-13	2.71e-11	1.06e-07	2.62e-05	1.48e-03	1.97e-02	1.00e-01	1.99e-01	1.68e-01	1.37e-01	3.00e-01	6.98e-02	5.07e-03
 2.03192e+22	1.80e-27	7.83e-16	4.42e-13	3.22e-11	1.23e-07	3.00e-05	1.68e-03	2.18e-02	1.08e-01	2.08e-01	1.70e-01	1.35e-01	2.86e-01	6.43e-02	4.50e-03
 2.04776e+22	2.27e-27	9.52e-16	5.25e-13	3.71e-11	1.39e-07	3.35e-05	1.85e-03	2.36e-02	1.14e-01	2.15e-01	1.71e-01	1.33e-01	2.76e-01	6.03e-02	4.10e-03
 2.06394e+22	3.06e-27	1.23e-15	6.53e-13	4.42e-11	1.61e-07	3.84e-05	2.09e-03	2.62e-02	1.22e-01	2.24e-01	1.73e-01	1.31e-01	2.63e-01	5.53e-02	3.63e-03
 2.08068e+22	3.91e-27	1.51e-15	7.84e-13	5.13e-11	1.82e-07	4.31e-05	2.31e-03	2.84e-02	1.29e-01	2.31e-01	1.74e-01	1.29e-01	2.52e-01	5.14e-02	3.28e-03
 2.09817e+22	5.36e-27	1.97e-15	9.88e-13	6.17e-11	2.13e-07	4.96e-05	2.61e-03	3.15e-02	1.39e-01	2.40e-01	1.75e-01	1.25e-01	2.38e-01	4.67e-02	2.87e-03
 2.11596e+22	6.88e-27	2.44e-15	1.19e-12	7.20e-11	2.41e-07	5.57e-05	2.89e-03	3.42e-02	1.46e-01	2.47e-01	1.75e-01	1.23e-01	2.27e-01	4.32e-02	2.57e-03
 2.13414e+22	9.47e-27	3.19e-15	1.51e-12	8.70e-11	2.82e-07	6.41e-05	3.27e-03	3.78e-02	1.56e-01	2.55e-01	1.75e-01	1.19e-01	2.13e-01	3.90e-02	2.23e-03
 2.15275e+22	1.23e-26	3.97e-15	1.83e-12	1.02e-10	3.21e-07	7.21e-05	3.62e-03	4.09e-02	1.64e-01	2.62e-01	1.74e-01	1.16e-01	2.02e-01	3.58e-02	1.99e-03
 2.17190e+22	1.71e-26	5.26e-15	2.33e-12	1.24e-10	3.77e-07	8.32e-05	4.10e-03	4.53e-02	1.75e-01	2.69e-01	1.73e-01	1.11e-01	1.88e-01	3.20e-02	1.70e-03
 2.19163e+22	2.25e-26	6.64e-15	2.86e-12	1.46e-10	4.31e-07	9.38e-05	4.55e-03	4.92e-02	1.85e-01	2.75e-01	1.71e-01	1.08e-01	1.77e-01	2.90e-02	1.49e-03
 2.21213e+22	3.16e-26	8.88e-15	3.69e-12	1.80e-10	5.08e-07	1.09e-04	5.16e-03	5.44e-02	1.96e-01	2.82e-01	1.69e-01	1.03e-01	1.63e-01	2.56e-02	1.26e-03
 2.23291e+22	4.19e-26	1.13e-14	4.54e-12	2.12e-10	5.80e-07	1.22e-04	5.71e-03	5.89e-02	2.06e-01	2.87e-01	1.67e-01	9.91e-02	1.52e-01	2.31e-02	1.10e-03
 2.25409e+22	5.98e-26	1.53e-14	5.91e-12	2.62e-10	6.84e-07	1.42e-04	6.49e-03	6.52e-02	2.19e-01	2.93e-01	1.63e-01	9.39e-02	1.39e-01	2.01e-02	9.09e-04
 2.27534e+22	7.84e-26	1.94e-14	7.24e-12	3.08e-10	7.77e-07	1.59e-04	7.15e-03	7.03e-02	2.28e-01	2.96e-01	1.60e-01	8.99e-02	1.29e-01	1.80e-02	7.87e-04
 2.29294e+22	1.00e-25	2.39e-14	8.68e-12	3.55e-10	8.69e-07	1.75e-04	7.79e-03	7.52e-02	2.37e-01	2.99e-01	1.57e-01	8.62e-02	1.20e-01	1.63e-02	6.88e-04
 2.31209e+22	1.38e-25	3.16e-14	1.10e-11	4.27e-10	1.00e-06	1.99e-04	8.68e-03	8.20e-02	2.48e-01	3.02e-01	1.53e-01	8.15e-02	1.10e-01	1.42e-02	5.74e-04
 2.33116e+22	1.74e-25	3.90e-14	1.31e-11	4.91e-10	1.11e-06	2.19e-04	9.42e-03	8.73e-02	2.57e-01	3.04e-01	1.49e-01	7.79e-02	1.02e-01	1.28e-02	5.00e-04
 2.35014e+22	2.41e-25	5.16e-14	1.66e-11	5.88e-10	1.27e-06	2.47e-04	1.05e-02	9.48e-02	2.68e-01	3.05e-01	1.44e-01	7.33e-02	9.25e-02	1.10e-02	4.14e-04
 2.36925e+22	3.05e-25	6.39e-14	1.98e-11	6.77e-10	1.41e-06	2.71e-04	1.13e-02	1.01e-01	2.76e-01	3.06e-01	1.40e-01	6.97e-02	8.56e-02	9.87e-03	3.57e-04
 2.38852e+22	4.19e-25	8.54e-14	2.51e-11	8.11e-10	1.61e-06	3.05e-04	1.26e-02	1.10e-01	2.87e-01	3.05e-01	1.35e-01	6.51e-02	7.68e-02	8.45e-03	2.92e-04
 2.40792e+22	5.32e-25	1.07e-13	3.02e-11	9.35e-10	1.79e-06	3.34e-04	1.36e-02	1.16e-01	2.95e-01	3.05e-01	1.30e-01	6.17e-02	7.06e-02	7.49e-03	2.49e-04
 2.42747e+22	7.29e-25	1.43e-13	3.84e-11	1.12e-09	2.04e-06	3.76e-04	1.50e-02	1.26e-01	3.05e-01	3.02e-01	1.24e-01	5.72e-02	6.29e-02	6.34e-03	2.01e-04
 2.44729e+22	9.34e-25	1.82e-13	4.66e-11	1.30e-09	2.26e-06	4.12e-04	1.63e-02	1.34e-01	3.13e-01	3.00e-01	1.19e-01	5.38e-02	5.71e-02	5.54e-03	1.69e-04
 2.46746e+22	1.29e-24	2.50e-13	5.99e-11	1.58e-09	2.59e-06	4.64e-04	1.81e-02	1.45e-01	3.23e-01	2.96e-01	1.12e-01	4.94e-02	5.03e-02	4.63e-03	1.34e-04
 2.48790e+22	1.66e-24	3.22e-13	7.33e-11	1.84e-09	2.89e-06	5.10e-04	1.96e-02	1.55e-01	3.30e-01	2.92e-01	1.07e-01	4.62e-02	4.53e-02	3.99e-03	1.11e-04
 2.50502e+22	2.08e-24	4.05e-13	8.80e-11	2.12e-09	3.18e-06	5.55e-04	2.10e-02	1.64e-01	3.37e-01	2.88e-01	1.02e-01	4.33e-02	4.11e-02	3.49e-03	9.34e-05
 2.52360e+22	2.79e-24	5.50e-13	1.12e-10	2.55e-09	3.61e-06	6.20e-04	2.31e-02	1.76e-01	3.44e-01	2.82e-01	9.58e-02	3.97e-02	3.60e-02	2.91e-03	7.40e-05
 2.54227e+22	3.50e-24	7.00e-13	1.35e-10	2.95e-09	4.00e-06	6.76e-04	2.48e-02	1.86e-01	3.50e-01	2.76e-01	9.08e-02	3.71e-02	3.25e-02	2.52e-03	6.16e-05
 2.56027e+22	4.58e-24	9.43e-13	1.71e-10	3.54e-09	4.53e-06	7.51e-04	2.71e-02	1.99e-01	3.55e-01	2.69e-01	8.48e-02	3.40e-02	2.85e-02	2.11e-03	4.91e-05
 2.57869e+22	5.79e-24	1.23e-12	2.10e-10	4.16e-09	5.07e-06	8.24e-04	2.92e-02	2.11e-01	3.60e-01	2.61e-01	7.97e-02	3.14e-02	2.54e-02	1.80e-03	4.01e-05
 2.59646e+22	7.41e-24	1.64e-12	2.63e-10	4.97e-09	5.74e-06	9.12e-04	3.17e-02	2.24e-01	3.64e-01	2.53e-01	7.42e-02	2.88e-02	2.23e-02	1.51e-03	3.22e-05
 2.61454e+22	9.42e-24	2.18e-12	3.29e-10	5.93e-09	6.50e-06	1.01e-03	3.43e-02	2.37e-01	3.67e-01	2.45e-01	6.90e-02	2.64e-02	1.96e-02	1.27e-03	2.59e-05
 2.63218e+22	1.19e-23	2.89e-12	4.10e-10	7.09e-09	7.36e-06	1.11e-03	3.70e-02	2.51e-01	3.69e-01	2.36e-01	6.41e-02	2.42e-02	1.73e-02	1.06e-03	2.08e-05
 2.64952e+22	1.50e-23	3.83e-12	5.11e-10	8.49e-09	8.36e-06	1.23e-03	4.00e-02	2.64e-01	3.70e-01	2.27e-01	5.93e-02	2.21e-02	1.52e-02	8.94e-04	1.67e-05
 2.66666e+22	1.88e-23	5.07e-12	6.37e-10	1.02e-08	9.51e-06	1.36e-03	4.31e-02	2.79e-01	3.70e-01	2.18e-01	5.48e-02	2.02e-02	1.33e-02	7.50e-04	1.34e-05
 2.68366e+22	2.37e-23	6.71e-12	7.94e-10	1.22e-08	1.08e-05	1.50e-03	4.64e-02	2.93e-01	3.70e-01	2.08e-01	5.06e-02	1.85e-02	1.16e-02	6.29e-04	1.08e-05
 2.70061e+22	2.97e-23	8.88e-12	9.91e-10	1.48e-08	1.24e-05	1.66e-03	5.00e-02	3.07e-01	3.68e-01	1.99e-01	4.65e-02	1.68e-02	1.02e-02	5.26e-04	8.62e-06
 2.71759e+22	3.73e-23	1.18e-11	1.24e-09	1.78e-08	1.42e-05	1.84e-03	5.38e-02	3.22e-01	3.66e-01	1.89e-01	4.26e-02	1.53e-02	8.85e-03	4.38e-04	6.88e-06
 2.73465e+22	4.69e-23	1.56e-11	1.55e-09	2.16e-08	1.63e-05	2.04e-03	5.79e-02	3.37e-01	3.63e-01	1.79e-01	3.90e-02	1.38e-02	7.69e-03	3.64e-04	5.48e-06
 2.75185e+22	5.92e-23	2.07e-11	1.95e-09	2.63e-08	1.88e-05	2.26e-03	6.22e-02	3.52e-01	3.59e-01	1.70e-01	3.55e-02	1.25e-02	6.67e-03	3.02e-04	4.35e-06
 2.76929e+22	7.50e-23	2.75e-11	2.45e-09	3.21e-08	2.17e-05	2.52e-03	6.68e-02	3.67e-01	3.54e-01	1.60e-01	3.23e-02	1.12e-02	5.76e-03	2.50e-04	3.44e-06
 2.78702e+22	9.57e-23	3.66e-11	3.08e-09	3.92e-08	2.52e-05	2.80e-03	7.18e-02	3.82e-01	3.49e-01	1.51e-01	2.93e-02	1.01e-02	4.95e-03	2.05e-04	2.70e-06
 2.80489e+22	1.22e-22	4.84e-11	3.87e-09	4.80e-08	2.91e-05	3.10e-03	7.70e-02	3.96e-01	3.42e-01	1.41e-01	2.65e-02	9.06e-03	4.26e-03	1.69e-04	2.13e-06
 2.82314e+22	1.40e-22	6.46e-11	4.91e-09	5.91e-08	3.39e-05	3.46e-03	8.26e-02	4.11e-01	3.35e-01	1.32e-01	2.38e-02	8.07e-03	3.63e-03	1.38e-04	1.66e-06
 2.84150e+22	1.80e-22	8.50e-11	6.15e-09	7.22e-08	3.92e-05	3.83e-03	8.83e-02	4.25e-01	3.28e-01	1.24e-01	2.15e-02	7.22e-03	3.12e-03	1.13e-04	1.30e-06
 2.86035e+22	2.37e-22	1.14e-10	7.83e-09	8.97e-08	4.58e-05	4.27e-03	9.47e-02	4.39e-01	3.19e-01	1.15e-01	1.92e-02	6.38e-03	2.63e-03	9.10e-05	1.00e-06
 2.87801e+22	2.95e-22	1.43e-10	9.46e-09	1.06e-07	5.18e-05	4.66e-03	1.00e-01	4.50e-01	3.12e-01	1.08e-01	1.75e-02	5.78e-03	2.30e-03	7.67e-05	8.14e-07
 2.89606e+22	3.94e-22	1.91e-10	1.21e-08	1.33e-07	6.08e-05	5.20e-03	1.07e-01	4.63e-01	3.02e-01	9.99e-02	1.56e-02	5.08e-03	1.94e-03	6.13e-05	6.20e-07
 2.91436e+22	4.95e-22	2.39e-10	1.46e-08	1.57e-07	6.87e-05	5.66e-03	1.13e-01	4.73e-01	2.94e-01	9.39e-02	1.42e-02	4.59e-03	1.69e-03	5.15e-05	5.02e-07
 2.93300e+22	6.65e-22	3.18e-10	1.86e-08	1.96e-07	8.05e-05	6.30e-03	1.20e-01	4.85e-01	2.84e-01	8.64e-02	1.25e-02	4.02e-03	1.41e-03	4.11e-05	3.82e-07
 2.95209e+22	8.50e-22	4.00e-10	2.26e-08	2.34e-07	9.14e-05	6.87e-03	1.27e-01	4.94e-01	2.75e-01	8.08e-02	1.14e-02	3.60e-03	1.22e-03	3.42e-05	3.05e-07
 2.97177e+22	1.16e-21	5.35e-10	2.90e-08	2.94e-07	1.08e-04	7.67e-03	1.35e-01	5.05e-01	2.64e-01	7.38e-02	9.97e-03	3.12e-03	1.01e-03	2.69e-05	2.29e-07
 2.99175e+22	1.49e-21	6.69e-10	3.52e-08	3.50e-07	1.22e-04	8.35e-03	1.42e-01	5.13e-01	2.55e-01	6.88e-02	9.01e-03	2.79e-03	8.73e-04	2.23e-05	1.82e-07
 3.01212e+22	2.06e-21	8.93e-10	4.52e-08	4.41e-07	1.44e-04	9.31e-03	1.51e-01	5.22e-01	2.43e-01	6.26e-02	7.87e-03	2.41e-03	7.17e-04	1.74e-05	1.35e-07
 3.03259e+22	2.63e-21	1.10e-09	5.45e-08	5.22e-07	1.63e-04	1.01e-02	1.58e-01	5.28e-01	2.35e-01	5.83e-02	7.11e-03	2.15e-03	6.20e-04	1.45e-05	0.00e+00
 3.05319e+22	3.61e-21	1.46e-09	6.95e-08	6.54e-07	1.91e-04	1.12e-02	1.68e-01	5.35e-01	2.23e-01	5.30e-02	6.20e-03	1.85e-03	5.09e-04	1.13e-05	0.00e+00
 3.07403e+22	4.62e-21	1.80e-09	8.36e-08	7.75e-07	2.16e-04	1.22e-02	1.76e-01	5.40e-01	2.15e-01	4.92e-02	5.59e-03	1.65e-03	4.38e-04	9.35e-06	0.00e+00
 3.09518e+22	6.37e-21	2.36e-09	1.07e-07	9.70e-07	2.54e-04	1.35e-02	1.86e-01	5.46e-01	2.04e-01	4.46e-02	4.87e-03	1.41e-03	3.59e-04	7.27e-06	0.00e+00
 3.11667e+22	8.18e-21	2.91e-09	1.29e-07	1.15e-06	2.87e-04	1.46e-02	1.94e-01	5.49e-01	1.95e-01	4.13e-02	4.38e-03	1.25e-03	3.07e-04	5.98e-06	0.00e+00
 3.13859e+22	1.13e-20	3.82e-09	1.64e-07	1.45e-06	3.37e-04	1.62e-02	2.04e-01	5.52e-01	1.84e-01	3.73e-02	3.79e-03	1.07e-03	2.50e-04	4.62e-06	0.00e+00
 3.16091e+22	1.46e-20	4.71e-09	1.98e-07	1.72e-06	3.82e-04	1.76e-02	2.13e-01	5.54e-01	1.76e-01	3.44e-02	3.40e-03	9.45e-04	2.13e-04	3.78e-06	0.00e+00
 3.18373e+22	2.03e-20	6.19e-09	2.54e-07	2.17e-06	4.50e-04	1.95e-02	2.24e-01	5.55e-01	1.65e-01	3.09e-02	2.93e-03	8.02e-04	1.73e-04	2.90e-06	0.00e+00
 3.20705e+22	2.63e-20	7.66e-09	3.09e-07	2.60e-06	5.11e-04	2.11e-02	2.33e-01	5.56e-01	1.57e-01	2.84e-02	2.61e-03	7.04e-04	1.46e-04	2.35e-06	0.00e+00
 3.22669e+22	3.30e-20	9.23e-09	3.67e-07	3.05e-06	5.72e-04	2.27e-02	2.42e-01	5.55e-01	1.51e-01	2.63e-02	2.35e-03	6.27e-04	1.26e-04	1.95e-06	0.00e+00
 3.24789e+22	4.44e-20	1.18e-08	4.59e-07	3.76e-06	6.63e-04	2.48e-02	2.53e-01	5.54e-01	1.42e-01	2.38e-02	2.05e-03	5.37e-04	1.03e-04	1.53e-06	0.00e+00
 3.26919e+22	5.56e-20	1.41e-08	5.42e-07	4.39e-06	7.38e-04	2.66e-02	2.61e-01	5.52e-01	1.35e-01	2.21e-02	1.85e-03	4.79e-04	8.95e-05	1.27e-06	0.00e+00
 3.29059e+22	7.43e-20	1.79e-08	6.76e-07	5.40e-06	8.54e-04	2.91e-02	2.72e-01	5.50e-01	1.27e-01	1.99e-02	1.62e-03	4.11e-04	7.35e-05	9.95e-07	0.00e+00
 3.31187e+22	9.23e-20	2.13e-08	7.95e-07	6.27e-06	9.48e-04	3.10e-02	2.80e-01	5.47e-01	1.21e-01	1.85e-02	1.46e-03	3.67e-04	6.37e-05	8.31e-07	0.00e+00
 3.33299e+22	1.22e-19	2.67e-08	9.84e-07	7.67e-06	1.09e-03	3.38e-02	2.90e-01	5.43e-01	1.14e-01	1.68e-02	1.28e-03	3.15e-04	5.26e-05	6.54e-07	0.00e+00
 3.35434e+22	1.52e-19	3.19e-08	1.16e-06	8.93e-06	1.21e-03	3.60e-02	2.99e-01	5.39e-01	1.08e-01	1.55e-02	1.15e-03	2.81e-04	4.54e-05	5.44e-07	0.00e+00
 3.37601e+22	2.01e-19	3.99e-08	1.43e-06	1.09e-05	1.39e-03	3.91e-02	3.09e-01	5.33e-01	1.01e-01	1.40e-02	1.01e-03	2.41e-04	3.74e-05	4.28e-07	0.00e+00
 3.39807e+22	2.52e-19	4.78e-08	1.70e-06	1.28e-05	1.55e-03	4.18e-02	3.18e-01	5.28e-01	9.61e-02	1.29e-02	9.05e-04	2.13e-04	3.21e-05	3.52e-07	0.00e+00
 3.42064e+22	3.36e-19	6.03e-08	2.12e-06	1.57e-05	1.79e-03	4.56e-02	3.29e-01	5.21e-01	8.95e-02	1.16e-02	7.85e-04	1.82e-04	2.62e-05	2.73e-07	0.00e+00
 3.44336e+22	4.21e-19	7.19e-08	2.50e-06	1.83e-05	1.99e-03	4.85e-02	3.38e-01	5.15e-01	8.49e-02	1.07e-02	7.07e-04	1.61e-04	2.25e-05	2.27e-07	0.00e+00
 3.46629e+22	5.60e-19	9.07e-08	3.12e-06	2.26e-05	2.30e-03	5.28e-02	3.49e-01	5.07e-01	7.87e-02	9.61e-03	6.10e-04	1.37e-04	1.83e-05	1.75e-07	0.00e+00
 3.48945e+22	7.02e-19	1.08e-07	3.69e-06	2.64e-05	2.56e-03	5.62e-02	3.57e-01	5.00e-01	7.45e-02	8.86e-03	5.48e-04	1.21e-04	1.57e-05	1.44e-07	0.00e+00
 3.51294e+22	9.36e-19	1.37e-07	4.62e-06	3.26e-05	2.96e-03	6.12e-02	3.68e-01	4.90e-01	6.88e-02	7.91e-03	4.72e-04	1.02e-04	1.27e-05	0.00e+00	0.00e+00
 3.53694e+22	1.18e-18	1.64e-07	5.50e-06	3.82e-05	3.30e-03	6.52e-02	3.77e-01	4.82e-01	6.49e-02	7.26e-03	4.22e-04	8.98e-05	1.08e-05	0.00e+00	0.00e+00
 3.56163e+22	1.59e-18	2.09e-07	6.93e-06	4.77e-05	3.83e-03	7.10e-02	3.88e-01	4.71e-01	5.96e-02	6.44e-03	3.60e-04	7.53e-05	8.65e-06	0.00e+00	0.00e+00
 3.58686e+22	2.03e-18	2.52e-07	8.30e-06	5.62e-05	4.28e-03	7.57e-02	3.96e-01	4.62e-01	5.59e-02	5.88e-03	3.20e-04	6.58e-05	7.31e-06	0.00e+00	0.00e+00
 3.61278e+22	2.77e-18	3.23e-07	1.05e-05	7.06e-05	4.99e-03	8.25e-02	4.07e-01	4.49e-01	5.10e-02	5.19e-03	2.71e-04	5.46e-05	5.79e-06	0.00e+00	0.00e+00
 3.63889e+22	3.54e-18	3.90e-07	1.26e-05	8.34e-05	5.59e-03	8.79e-02	4.15e-01	4.39e-01	4.77e-02	4.73e-03	2.40e-04	4.76e-05	4.87e-06	0.00e+00	0.00e+00
 3.66526e+22	4.82e-18	5.00e-07	1.60e-05	1.05e-04	6.50e-03	9.56e-02	4.25e-01	4.25e-01	4.34e-02	4.16e-03	2.03e-04	3.95e-05	3.85e-06	0.00e+00	0.00e+00
 3.69030e+22	5.99e-18	5.93e-07	1.89e-05	1.22e-04	7.21e-03	1.01e-01	4.31e-01	4.15e-01	4.06e-02	3.81e-03	1.81e-04	3.47e-05	3.28e-06	0.00e+00	0.00e+00
 3.71360e+22	7.80e-18	7.29e-07	2.31e-05	1.47e-04	8.15e-03	1.08e-01	4.39e-01	4.03e-01	3.75e-02	3.42e-03	1.58e-04	2.97e-05	2.70e-06	0.00e+00	0.00e+00
 3.73851e+22	9.98e-18	8.84e-07	2.78e-05	1.75e-04	9.15e-03	1.15e-01	4.46e-01	3.92e-01	3.47e-02	3.09e-03	1.38e-04	2.56e-05	2.24e-06	0.00e+00	0.00e+00
 3.76173e+22	1.24e-17	1.06e-06	3.32e-05	2.06e-04	1.02e-02	1.22e-01	4.51e-01	3.81e-01	3.23e-02	2.81e-03	1.22e-04	2.22e-05	1.88e-06	0.00e+00	0.00e+00
 3.78358e+22	1.54e-17	1.26e-06	3.90e-05	2.40e-04	1.13e-02	1.29e-01	4.56e-01	3.70e-01	3.01e-02	2.56e-03	1.08e-04	1.95e-05	1.60e-06	0.00e+00	0.00e+00
 3.80431e+22	1.89e-17	1.48e-06	4.57e-05	2.78e-04	1.24e-02	1.36e-01	4.61e-01	3.60e-01	2.81e-02	2.34e-03	9.66e-05	1.71e-05	1.36e-06	0.00e+00	0.00e+00
 3.82813e+22	2.50e-17	1.83e-06	5.60e-05	3.36e-04	1.41e-02	1.45e-01	4.66e-01	3.47e-01	2.57e-02	2.09e-03	8.34e-05	1.45e-05	1.11e-06	0.00e+00	0.00e+00
 3.85234e+22	3.09e-17	2.17e-06	6.60e-05	3.92e-04	1.56e-02	1.52e-01	4.70e-01	3.36e-01	2.39e-02	1.90e-03	7.38e-05	1.27e-05	9.32e-07	0.00e+00	0.00e+00
 3.87708e+22	4.10e-17	2.69e-06	8.11e-05	4.74e-04	1.76e-02	1.62e-01	4.74e-01	3.22e-01	2.17e-02	1.69e-03	6.34e-05	1.07e-05	7.55e-07	0.00e+00	0.00e+00
 3.90244e+22	5.21e-17	3.23e-06	9.66e-05	5.58e-04	1.96e-02	1.71e-01	4.77e-01	3.10e-01	2.00e-02	1.53e-03	5.55e-05	9.21e-06	6.27e-07	0.00e+00	0.00e+00
 3.92480e+22	6.48e-17	3.83e-06	1.14e-04	6.51e-04	2.16e-02	1.80e-01	4.79e-01	2.99e-01	1.85e-02	1.38e-03	4.88e-05	8.00e-06	5.26e-07	0.00e+00	0.00e+00
 3.95007e+22	8.64e-17	4.75e-06	1.40e-04	7.88e-04	2.44e-02	1.91e-01	4.81e-01	2.85e-01	1.68e-02	1.22e-03	4.18e-05	6.72e-06	4.24e-07	0.00e+00	0.00e+00
 3.97649e+22	1.11e-16	5.74e-06	1.68e-04	9.33e-04	2.72e-02	2.01e-01	4.81e-01	2.73e-01	1.53e-02	1.09e-03	3.62e-05	5.73e-06	3.48e-07	0.00e+00	0.00e+00
 4.00047e+22	1.42e-16	6.89e-06	2.00e-04	1.10e-03	3.02e-02	2.11e-01	4.81e-01	2.61e-01	1.40e-02	9.82e-04	3.15e-05	4.92e-06	2.88e-07	0.00e+00	0.00e+00
 4.02773e+22	1.92e-16	8.66e-06	2.48e-04	1.34e-03	3.43e-02	2.24e-01	4.80e-01	2.47e-01	1.25e-02	8.57e-04	2.65e-05	4.06e-06	2.26e-07	0.00e+00	0.00e+00
 4.05573e+22	2.52e-16	1.05e-05	2.99e-04	1.60e-03	3.83e-02	2.35e-01	4.79e-01	2.34e-01	1.13e-02	7.59e-04	2.27e-05	3.42e-06	1.83e-07	0.00e+00	0.00e+00
 4.08058e+22	3.23e-16	1.27e-05	3.56e-04	1.88e-03	4.24e-02	2.46e-01	4.76e-01	2.23e-01	1.03e-02	6.77e-04	1.96e-05	2.91e-06	1.50e-07	0.00e+00	0.00e+00
 4.10877e+22	4.45e-16	1.60e-05	4.44e-04	2.31e-03	4.81e-02	2.60e-01	4.72e-01	2.08e-01	9.08e-03	5.85e-04	1.63e-05	2.37e-06	0.00e+00	0.00e+00	0.00e+00
 4.13786e+22	5.93e-16	1.95e-05	5.36e-04	2.75e-03	5.36e-02	2.72e-01	4.67e-01	1.96e-01	8.12e-03	5.14e-04	1.38e-05	1.98e-06	0.00e+00	0.00e+00	0.00e+00
 4.16388e+22	7.72e-16	2.36e-05	6.41e-04	3.25e-03	5.93e-02	2.83e-01	4.61e-01	1.85e-01	7.30e-03	4.54e-04	1.18e-05	1.67e-06	0.00e+00	0.00e+00	0.00e+00
 4.19349e+22	1.09e-15	3.00e-05	8.04e-04	4.00e-03	6.73e-02	2.98e-01	4.53e-01	1.71e-01	6.37e-03	3.87e-04	9.63e-06	1.34e-06	0.00e+00	0.00e+00	0.00e+00
 4.22347e+22	1.47e-15	3.66e-05	9.67e-04	4.76e-03	7.48e-02	3.10e-01	4.45e-01	1.59e-01	5.64e-03	3.37e-04	8.08e-06	1.11e-06	0.00e+00	0.00e+00	0.00e+00
 4.24975e+22	1.92e-15	4.42e-05	1.15e-03	5.59e-03	8.23e-02	3.21e-01	4.36e-01	1.49e-01	5.04e-03	2.96e-04	6.85e-06	9.23e-07	0.00e+00	0.00e+00	0.00e+00
 4.27973e+22	2.79e-15	5.61e-05	1.44e-03	6.85e-03	9.28e-02	3.35e-01	4.24e-01	1.36e-01	4.35e-03	2.50e-04	5.55e-06	7.34e-07	0.00e+00	0.00e+00	0.00e+00
 4.31041e+22	3.94e-15	6.85e-05	1.73e-03	8.13e-03	1.03e-01	3.46e-01	4.12e-01	1.25e-01	3.82e-03	2.16e-04	4.61e-06	6.00e-07	0.00e+00	0.00e+00	0.00e+00
 4.33771e+22	5.30e-15	8.30e-05	2.06e-03	9.56e-03	1.13e-01	3.56e-01	4.01e-01	1.16e-01	3.36e-03	1.87e-04	3.85e-06	4.94e-07	0.00e+00	0.00e+00	0.00e+00
 4.36890e+22	7.84e-15	1.06e-04	2.57e-03	1.17e-02	1.26e-01	3.68e-01	3.84e-01	1.04e-01	2.85e-03	1.55e-04	3.06e-06	3.85e-07	0.00e+00	0.00e+00	0.00e+00
 4.40079e+22	1.17e-14	1.30e-04	3.09e-03	1.39e-02	1.39e-01	3.77e-01	3.70e-01	9.47e-02	2.46e-03	1.32e-04	2.50e-06	3.09e-07	0.00e+00	0.00e+00	0.00e+00
 4.42902e+22	1.65e-14	1.57e-04	3.67e-03	1.63e-02	1.52e-01	3.85e-01	3.55e-01	8.62e-02	2.14e-03	1.13e-04	2.06e-06	2.51e-07	0.00e+00	0.00e+00	0.00e+00
 4.45665e+22	2.30e-14	1.89e-04	4.34e-03	1.89e-02	1.65e-01	3.91e-01	3.40e-01	7.84e-02	1.86e-03	9.65e-05	1.69e-06	2.03e-07	0.00e+00	0.00e+00	0.00e+00
 4.48805e+22	3.56e-14	2.39e-04	5.34e-03	2.29e-02	1.82e-01	3.97e-01	3.21e-01	6.93e-02	1.55e-03	7.90e-05	1.33e-06	1.56e-07	0.00e+00	0.00e+00	0.00e+00
 4.51980e+22	6.11e-14	2.89e-04	6.31e-03	2.67e-02	1.98e-01	4.01e-01	3.04e-01	6.22e-02	1.32e-03	6.64e-05	1.07e-06	1.24e-07	0.00e+00	0.00e+00	0.00e+00
 4.54736e+22	8.82e-14	3.46e-04	7.38e-03	3.07e-02	2.13e-01	4.04e-01	2.88e-01	5.59e-02	1.14e-03	5.63e-05	8.75e-07	0.00e+00	0.00e+00	0.00e+00	0.00e+00
 4.57858e+22	1.47e-13	4.33e-04	8.97e-03	3.66e-02	2.32e-01	4.05e-01	2.68e-01	4.87e-02	9.37e-04	4.55e-05	6.75e-07	0.00e+00	0.00e+00	0.00e+00	0.00e+00
 4.61052e+22	2.52e-13	5.22e-04	1.05e-02	4.23e-02	2.49e-01	4.04e-01	2.50e-01	4.31e-02	7.90e-04	3.78e-05	5.39e-07	0.00e+00	0.00e+00	0.00e+00	0.00e+00
 4.63790e+22	4.09e-13	6.18e-04	1.21e-02	4.81e-02	2.64e-01	4.02e-01	2.34e-01	3.83e-02	6.73e-04	3.17e-05	4.36e-07	0.00e+00	0.00e+00	0.00e+00	0.00e+00
 4.66800e+22	8.65e-13	7.60e-04	1.44e-02	5.61e-02	2.83e-01	3.97e-01	2.15e-01	3.30e-02	5.51e-04	2.55e-05	3.36e-07	0.00e+00	0.00e+00	0.00e+00	0.00e+00
 4.69882e+22	1.95e-12	9.02e-04	1.66e-02	6.36e-02	2.99e-01	3.91e-01	1.99e-01	2.90e-02	4.63e-04	2.11e-05	2.68e-07	0.00e+00	0.00e+00	0.00e+00	0.00e+00
 4.72628e+22	3.96e-12	1.06e-03	1.90e-02	7.17e-02	3.15e-01	3.84e-01	1.84e-01	2.54e-02	3.88e-04	1.75e-05	2.13e-07	0.00e+00	0.00e+00	0.00e+00	0.00e+00
 4.75099e+22	8.31e-12	1.22e-03	2.13e-02	7.89e-02	3.27e-01	3.77e-01	1.71e-01	2.26e-02	3.35e-04	1.48e-05	1.76e-07	0.00e+00	0.00e+00	0.00e+00	0.00e+00
 4.77307e+22	2.42e-11	1.38e-03	2.35e-02	8.62e-02	3.39e-01	3.70e-01	1.60e-01	2.03e-02	2.90e-04	1.27e-05	1.47e-07	0.00e+00	0.00e+00	0.00e+00	0.00e+00
 4.79844e+22	6.59e-11	1.62e-03	2.67e-02	9.61e-02	3.52e-01	3.59e-01	1.46e-01	1.76e-02	2.42e-04	1.05e-05	1.16e-07	0.00e+00	0.00e+00	0.00e+00	0.00e+00
 4.82467e+22	5.31e-10	1.86e-03	2.98e-02	1.06e-01	3.64e-01	3.49e-01	1.34e-01	1.54e-02	2.04e-04	8.70e-06	0.00e+00	0.00e+00	0.00e+00	0.00e+00	0.00e+00
 4.84780e+22	2.05e-09	2.11e-03	3.29e-02	1.15e-01	3.74e-01	3.39e-01	1.24e-01	1.36e-02	1.75e-04	7.35e-06	0.00e+00	0.00e+00	0.00e+00	0.00e+00	0.00e+00
 4.87367e+22	5.88e-09	2.47e-03	3.72e-02	1.27e-01	3.86e-01	3.24e-01	1.11e-01	1.16e-02	1.42e-04	5.89e-06	0.00e+00	0.00e+00	0.00e+00	0.00e+00	0.00e+00
 4.90005e+22	1.12e-08	2.81e-03	4.10e-02	1.38e-01	3.94e-01	3.12e-01	1.01e-01	1.01e-02	1.20e-04	4.90e-06	0.00e+00	0.00e+00	0.00e+00	0.00e+00	0.00e+00
 4.92709e+22	1.50e-08	3.30e-03	4.62e-02	1.53e-01	4.03e-01	2.96e-01	8.97e-02	8.43e-03	9.59e-05	3.85e-06	0.00e+00	0.00e+00	0.00e+00	0.00e+00	0.00e+00
 4.95434e+22	1.94e-08	3.74e-03	5.07e-02	1.64e-01	4.10e-01	2.83e-01	8.11e-02	7.28e-03	8.02e-05	3.17e-06	0.00e+00	0.00e+00	0.00e+00	0.00e+00	0.00e+00
 4.98187e+22	2.58e-08	4.37e-03	5.68e-02	1.80e-01	4.16e-01	2.66e-01	7.10e-02	6.01e-03	6.34e-05	2.46e-06	0.00e+00	0.00e+00	0.00e+00	0.00e+00	0.00e+00
 5.00978e+22	3.29e-08	4.94e-03	6.21e-02	1.93e-01	4.19e-01	2.52e-01	6.36e-02	5.13e-03	5.24e-05	2.00e-06	0.00e+00	0.00e+00	0.00e+00	0.00e+00	0.00e+00
 5.03819e+22	4.41e-08	5.77e-03	6.93e-02	2.10e-01	4.22e-01	2.34e-01	5.49e-02	4.18e-03	4.09e-05	1.53e-06	0.00e+00	0.00e+00	0.00e+00	0.00e+00	0.00e+00
 5.06696e+22	5.50e-08	6.51e-03	7.53e-02	2.24e-01	4.23e-01	2.19e-01	4.86e-02	3.52e-03	3.33e-05	1.22e-06	0.00e+00	0.00e+00	0.00e+00	0.00e+00	0.00e+00
 5.09622e+22	7.35e-08	7.57e-03	8.35e-02	2.42e-01	4.21e-01	2.01e-01	4.14e-02	2.82e-03	2.56e-05	9.22e-07	0.00e+00	0.00e+00	0.00e+00	0.00e+00	0.00e+00
 5.12592e+22	9.27e-08	8.56e-03	9.05e-02	2.57e-01	4.19e-01	1.87e-01	3.61e-02	2.34e-03	2.05e-05	7.25e-07	0.00e+00	0.00e+00	0.00e+00	0.00e+00	0.00e+00
 5.15620e+22	1.26e-07	9.96e-03	9.99e-02	2.76e-01	4.13e-01	1.69e-01	3.02e-02	1.84e-03	1.55e-05	5.33e-07	0.00e+00	0.00e+00	0.00e+00	0.00e+00	0.00e+00
 5.18679e+22	1.59e-07	1.12e-02	1.08e-01	2.90e-01	4.08e-01	1.56e-01	2.62e-02	1.51e-03	1.23e-05	4.17e-07	0.00e+00	0.00e+00	0.00e+00	0.00e+00	0.00e+00
 5.21780e+22	2.09e-07	1.29e-02	1.18e-01	3.08e-01	3.99e-01	1.40e-01	2.17e-02	1.18e-03	9.23e-06	3.04e-07	0.00e+00	0.00e+00	0.00e+00	0.00e+00	0.00e+00
 5.24994e+22	2.72e-07	1.46e-02	1.27e-01	3.23e-01	3.90e-01	1.27e-01	1.84e-02	9.44e-04	7.12e-06	2.30e-07	0.00e+00	0.00e+00	0.00e+00	0.00e+00	0.00e+00
 5.28355e+22	3.79e-07	1.70e-02	1.39e-01	3.41e-01	3.76e-01	1.11e-01	1.48e-02	7.09e-04	5.13e-06	1.61e-07	0.00e+00	0.00e+00	0.00e+00	0.00e+00	0.00e+00
 5.31332e+22	4.67e-07	1.86e-02	1.46e-01	3.51e-01	3.68e-01	1.03e-01	1.29e-02	5.95e-04	4.19e-06	1.29e-07	0.00e+00	0.00e+00	0.00e+00	0.00e+00	0.00e+00
 5.33809e+22	5.94e-07	2.07e-02	1.55e-01	3.64e-01	3.56e-01	9.28e-02	1.10e-02	4.82e-04	3.30e-06	0.00e+00	0.00e+00	0.00e+00	0.00e+00	0.00e+00	0.00e+00
 5.36403e+22	7.30e-07	2.26e-02	1.63e-01	3.73e-01	3.46e-01	8.49e-02	9.54e-03	4.00e-04	2.67e-06	0.00e+00	0.00e+00	0.00e+00	0.00e+00	0.00e+00	0.00e+00
 5.39150e+22	9.44e-07	2.53e-02	1.73e-01	3.85e-01	3.32e-01	7.54e-02	7.90e-03	3.14e-04	2.03e-06	0.00e+00	0.00e+00	0.00e+00	0.00e+00	0.00e+00	0.00e+00
 5.41898e+22	1.18e-06	2.76e-02	1.81e-01	3.94e-01	3.22e-01	6.87e-02	6.82e-03	2.60e-04	1.63e-06	0.00e+00	0.00e+00	0.00e+00	0.00e+00	0.00e+00	0.00e+00
 5.44646e+22	1.54e-06	3.08e-02	1.92e-01	4.04e-01	3.07e-01	6.06e-02	5.61e-03	2.02e-04	1.23e-06	0.00e+00	0.00e+00	0.00e+00	0.00e+00	0.00e+00	0.00e+00
 5.47420e+22	1.95e-06	3.35e-02	2.00e-01	4.11e-01	2.96e-01	5.49e-02	4.81e-03	1.66e-04	9.86e-07	0.00e+00	0.00e+00	0.00e+00	0.00e+00	0.00e+00	0.00e+00
 5.50228e+22	2.58e-06	3.74e-02	2.11e-01	4.19e-01	2.80e-01	4.81e-02	3.92e-03	1.28e-04	7.38e-07	0.00e+00	0.00e+00	0.00e+00	0.00e+00	0.00e+00	0.00e+00
 5.53085e+22	3.31e-06	4.07e-02	2.20e-01	4.25e-01	2.68e-01	4.33e-02	3.33e-03	1.04e-04	5.85e-07	0.00e+00	0.00e+00	0.00e+00	0.00e+00	0.00e+00	0.00e+00
 5.56004e+22	4.33e-06	4.52e-02	2.31e-01	4.31e-01	2.53e-01	3.76e-02	2.69e-03	7.99e-05	4.34e-07	0.00e+00	0.00e+00	0.00e+00	0.00e+00	0.00e+00	0.00e+00
 5.59003e+22	5.67e-06	4.93e-02	2.40e-01	4.34e-01	2.41e-01	3.34e-02	2.26e-03	6.39e-05	3.38e-07	0.00e+00	0.00e+00	0.00e+00	0.00e+00	0.00e+00	0.00e+00
 5.62104e+22	8.07e-06	5.51e-02	2.52e-01	4.39e-01	2.24e-01	2.85e-02	1.78e-03	4.76e-05	2.44e-07	0.00e+00	0.00e+00	0.00e+00	0.00e+00	0.00e+00	0.00e+00
 5.64841e+22	1.02e-05	5.85e-02	2.58e-01	4.40e-01	2.16e-01	2.62e-02	1.57e-03	4.06e-05	2.03e-07	0.00e+00	0.00e+00	0.00e+00	0.00e+00	0.00e+00	0.00e+00
 5.66676e+22	1.23e-05	6.13e-02	2.63e-01	4.41e-01	2.09e-01	2.44e-02	1.41e-03	3.56e-05	1.76e-07	0.00e+00	0.00e+00	0.00e+00	0.00e+00	0.00e+00	0.00e+00
 5.68638e+22	1.49e-05	6.58e-02	2.70e-01	4.42e-01	1.99e-01	2.19e-02	1.21e-03	2.93e-05	1.42e-07	0.00e+00	0.00e+00	0.00e+00	0.00e+00	0.00e+00	0.00e+00
 5.71187e+22	1.99e-05	7.16e-02	2.79e-01	4.42e-01	1.87e-01	1.92e-02	9.92e-04	2.30e-05	0.00e+00	0.00e+00	0.00e+00	0.00e+00	0.00e+00	0.00e+00	0.00e+00
 5.73653e+22	2.46e-05	7.58e-02	2.85e-01	4.41e-01	1.79e-01	1.75e-02	8.68e-04	1.95e-05	0.00e+00	0.00e+00	0.00e+00	0.00e+00	0.00e+00	0.00e+00	0.00e+00
 5.76009e+22	3.20e-05	8.19e-02	2.94e-01	4.40e-01	1.68e-01	1.54e-02	7.21e-04	1.55e-05	0.00e+00	0.00e+00	0.00e+00	0.00e+00	0.00e+00	0.00e+00	0.00e+00
 5.78438e+22	4.12e-05	8.72e-02	3.00e-01	4.38e-01	1.60e-01	1.39e-02	6.20e-04	1.29e-05	0.00e+00	0.00e+00	0.00e+00	0.00e+00	0.00e+00	0.00e+00	0.00e+00
 5.80469e+22	5.10e-05	9.18e-02	3.05e-01	4.36e-01	1.53e-01	1.27e-02	5.46e-04	1.10e-05	0.00e+00	0.00e+00	0.00e+00	0.00e+00	0.00e+00	0.00e+00	0.00e+00
 5.82614e+22	6.43e-05	9.81e-02	3.12e-01	4.34e-01	1.44e-01	1.13e-02	4.61e-04	8.97e-06	0.00e+00	0.00e+00	0.00e+00	0.00e+00	0.00e+00	0.00e+00	0.00e+00
 5.85010e+22	8.29e-05	1.05e-01	3.18e-01	4.30e-01	1.36e-01	1.01e-02	3.91e-04	7.35e-06	0.00e+00	0.00e+00	0.00e+00	0.00e+00	0.00e+00	0.00e+00	0.00e+00
 5.87217e+22	9.92e-05	1.10e-01	3.24e-01	4.27e-01	1.30e-01	9.13e-03	3.40e-04	6.20e-06	0.00e+00	0.00e+00	0.00e+00	0.00e+00	0.00e+00	0.00e+00	0.00e+00
 5.89573e+22	1.25e-04	1.18e-01	3.30e-01	4.22e-01	1.21e-01	7.97e-03	2.81e-04	4.91e-06	0.00e+00	0.00e+00	0.00e+00	0.00e+00	0.00e+00	0.00e+00	0.00e+00
 5.92225e+22	1.51e-04	1.27e-01	3.36e-01	4.17e-01	1.13e-01	6.99e-03	2.33e-04	3.92e-06	0.00e+00	0.00e+00	0.00e+00	0.00e+00	0.00e+00	0.00e+00	0.00e+00
 5.95260e+22	1.94e-04	1.39e-01	3.44e-01	4.08e-01	1.03e-01	5.84e-03	1.81e-04	2.90e-06	0.00e+00	0.00e+00	0.00e+00	0.00e+00	0.00e+00	0.00e+00	0.00e+00
 5.98560e+22	2.40e-04	1.50e-01	3.50e-01	4.00e-01	9.44e-02	4.96e-03	1.44e-04	2.20e-06	0.00e+00	0.00e+00	0.00e+00	0.00e+00	0.00e+00	0.00e+00	0.00e+00
 6.02204e+22	3.05e-04	1.66e-01	3.58e-01	3.88e-01	8.37e-02	3.97e-03	1.06e-04	1.52e-06	0.00e+00	0.00e+00	0.00e+00	0.00e+00	0.00e+00	0.00e+00	0.00e+00
 6.05920e+22	3.63e-04	1.81e-01	3.62e-01	3.78e-01	7.61e-02	3.33e-03	8.32e-05	1.14e-06	0.00e+00	0.00e+00	0.00e+00	0.00e+00	0.00e+00	0.00e+00	0.00e+00
 6.09730e+22	4.49e-04	2.00e-01	3.67e-01	3.63e-01	6.65e-02	2.61e-03	5.97e-05	7.66e-07	0.00e+00	0.00e+00	0.00e+00	0.00e+00	0.00e+00	0.00e+00	0.00e+00
 6.13557e+22	5.23e-04	2.17e-01	3.70e-01	3.51e-01	5.99e-02	2.17e-03	4.64e-05	5.66e-07	0.00e+00	0.00e+00	0.00e+00	0.00e+00	0.00e+00	0.00e+00	0.00e+00
 6.17407e+22	6.26e-04	2.40e-01	3.72e-01	3.34e-01	5.17e-02	1.68e-03	3.28e-05	3.75e-07	0.00e+00	0.00e+00	0.00e+00	0.00e+00	0.00e+00	0.00e+00	0.00e+00
 6.21290e+22	7.18e-04	2.60e-01	3.72e-01	3.21e-01	4.59e-02	1.37e-03	2.49e-05	2.71e-07	0.00e+00	0.00e+00	0.00e+00	0.00e+00	0.00e+00	0.00e+00	0.00e+00
 6.25219e+22	8.44e-04	2.87e-01	3.70e-01	3.02e-01	3.89e-02	1.03e-03	1.71e-05	1.74e-07	0.00e+00	0.00e+00	0.00e+00	0.00e+00	0.00e+00	0.00e+00	0.00e+00
 6.28697e+22	9.22e-04	3.04e-01	3.68e-01	2.91e-01	3.53e-02	8.78e-04	1.38e-05	1.35e-07	0.00e+00	0.00e+00	0.00e+00	0.00e+00	0.00e+00	0.00e+00	0.00e+00
 6.31589e+22	1.03e-03	3.27e-01	3.64e-01	2.77e-01	3.09e-02	7.03e-04	1.03e-05	0.00e+00	0.00e+00	0.00e+00	0.00e+00	0.00e+00	0.00e+00	0.00e+00	0.00e+00
 6.34536e+22	1.12e-03	3.48e-01	3.59e-01	2.64e-01	2.75e-02	5.83e-04	8.05e-06	0.00e+00	0.00e+00	0.00e+00	0.00e+00	0.00e+00	0.00e+00	0.00e+00	0.00e+00
 6.37121e+22	1.22e-03	3.68e-01	3.53e-01	2.53e-01	2.45e-02	4.84e-04	6.29e-06	0.00e+00	0.00e+00	0.00e+00	0.00e+00	0.00e+00	0.00e+00	0.00e+00	0.00e+00
 6.40048e+22	1.35e-03	3.97e-01	3.44e-01	2.37e-01	2.08e-02	3.76e-04	4.51e-06	0.00e+00	0.00e+00	0.00e+00	0.00e+00	0.00e+00	0.00e+00	0.00e+00	0.00e+00
 6.42988e+22	1.46e-03	4.21e-01	3.35e-01	2.24e-01	1.82e-02	3.04e-04	3.41e-06	0.00e+00	0.00e+00	0.00e+00	0.00e+00	0.00e+00	0.00e+00	0.00e+00	0.00e+00
 6.45516e+22	1.57e-03	4.45e-01	3.26e-01	2.11e-01	1.58e-02	2.47e-04	2.59e-06	0.00e+00	0.00e+00	0.00e+00	0.00e+00	0.00e+00	0.00e+00	0.00e+00	0.00e+00
 6.48372e+22	1.73e-03	4.79e-01	3.11e-01	1.95e-01	1.31e-02	1.86e-04	1.79e-06	0.00e+00	0.00e+00	0.00e+00	0.00e+00	0.00e+00	0.00e+00	0.00e+00	0.00e+00
 6.51323e+22	1.86e-03	5.09e-01	2.97e-01	1.81e-01	1.10e-02	1.44e-04	1.27e-06	0.00e+00	0.00e+00	0.00e+00	0.00e+00	0.00e+00	0.00e+00	0.00e+00	0.00e+00
 6.53951e+22	2.00e-03	5.39e-01	2.82e-01	1.68e-01	9.15e-03	1.12e-04	9.06e-07	0.00e+00	0.00e+00	0.00e+00	0.00e+00	0.00e+00	0.00e+00	0.00e+00	0.00e+00
 6.56920e+22	2.18e-03	5.78e-01	2.62e-01	1.51e-01	7.19e-03	8.03e-05	5.81e-07	0.00e+00	0.00e+00	0.00e+00	0.00e+00	0.00e+00	0.00e+00	0.00e+00	0.00e+00
 6.60089e+22	2.35e-03	6.17e-01	2.40e-01	1.35e-01	5.58e-03	5.75e-05	3.67e-07	0.00e+00	0.00e+00	0.00e+00	0.00e+00	0.00e+00	0.00e+00	0.00e+00	0.00e+00
 6.62883e+22	2.51e-03	6.54e-01	2.19e-01	1.21e-01	4.36e-03	4.21e-05	2.37e-07	0.00e+00	0.00e+00	0.00e+00	0.00e+00	0.00e+00	0.00e+00	0.00e+00	0.00e+00
 6.65425e+22	2.65e-03	6.87e-01	1.99e-01	1.08e-01	3.42e-03	3.14e-05	1.55e-07	0.00e+00	0.00e+00	0.00e+00	0.00e+00	0.00e+00	0.00e+00	0.00e+00	0.00e+00
 6.68276e+22	2.83e-03	7.28e-01	1.74e-01	9.26e-02	2.49e-03	2.17e-05	0.00e+00	0.00e+00	0.00e+00	0.00e+00	0.00e+00	0.00e+00	0.00e+00	0.00e+00	0.00e+00
 6.70343e+22	2.89e-03	7.50e-01	1.60e-01	8.51e-02	2.07e-03	1.77e-05	0.00e+00	0.00e+00	0.00e+00	0.00e+00	0.00e+00	0.00e+00	0.00e+00	0.00e+00	0.00e+00
 6.70997e+22	2.91e-03	7.56e-01	1.56e-01	8.26e-02	1.95e-03	1.65e-05	0.00e+00	0.00e+00	0.00e+00	0.00e+00	0.00e+00	0.00e+00	0.00e+00	0.00e+00	0.00e+00
