#depth	Ar	Ar+	Ar+2	Ar+3	Ar+4	Ar+5	Ar+6	Ar+7	Ar+8	Ar+9	Ar+10	Ar+11	Ar+12	Ar+13	Ar+14	Ar+15	Ar+16	Ar+17	Ar+18
 4.62852e+21	0.00e+00	1.76e-30	1.63e-25	2.86e-22	2.76e-19	1.07e-16	2.62e-14	4.50e-12	9.88e-10	6.29e-08	2.07e-06	3.41e-05	3.86e-04	2.40e-03	1.04e-02	4.72e-02	3.77e-01	4.15e-01	1.48e-01
 1.02137e+22	3.09e-34	2.87e-28	2.22e-23	2.41e-20	1.35e-17	2.91e-15	3.84e-13	6.06e-11	2.17e-08	1.15e-06	2.94e-05	3.56e-04	2.98e-03	1.24e-02	3.25e-02	9.12e-02	4.66e-01	3.22e-01	7.28e-02
 1.16488e+22	7.04e-33	5.86e-27	4.10e-22	3.49e-19	1.48e-16	2.37e-14	2.30e-12	2.69e-10	9.48e-08	4.66e-06	1.06e-04	1.09e-03	7.78e-03	2.63e-02	5.35e-02	1.17e-01	4.82e-01	2.64e-01	4.77e-02
 1.23663e+22	3.52e-32	2.77e-26	1.84e-21	1.37e-18	5.01e-16	6.83e-14	5.59e-12	5.57e-10	1.99e-07	9.48e-06	2.03e-04	1.91e-03	1.25e-02	3.78e-02	6.76e-02	1.30e-01	4.79e-01	2.33e-01	3.74e-02
 1.26653e+22	5.33e-32	4.13e-26	2.70e-21	1.95e-18	6.84e-16	8.94e-14	7.00e-12	6.69e-10	2.40e-07	1.14e-05	2.39e-04	2.21e-03	1.41e-02	4.14e-02	7.16e-02	1.33e-01	4.77e-01	2.25e-01	3.50e-02
 1.27691e+22	7.19e-32	5.52e-26	3.57e-21	2.51e-18	8.58e-16	1.09e-13	8.24e-12	7.65e-10	2.75e-07	1.29e-05	2.69e-04	2.45e-03	1.54e-02	4.42e-02	7.45e-02	1.35e-01	4.75e-01	2.19e-01	3.33e-02
 1.28702e+22	1.08e-31	8.16e-26	5.21e-21	3.54e-18	1.16e-15	1.41e-13	1.02e-11	9.08e-10	3.29e-07	1.54e-05	3.16e-04	2.81e-03	1.73e-02	4.82e-02	7.86e-02	1.38e-01	4.72e-01	2.11e-01	3.12e-02
 1.29715e+22	1.46e-31	1.10e-25	6.93e-21	4.58e-18	1.46e-15	1.71e-13	1.20e-11	1.04e-09	3.77e-07	1.76e-05	3.57e-04	3.11e-03	1.89e-02	5.14e-02	8.19e-02	1.40e-01	4.69e-01	2.05e-01	2.96e-02
 1.30730e+22	2.20e-31	1.62e-25	1.01e-20	6.44e-18	1.97e-15	2.21e-13	1.48e-11	1.23e-09	4.50e-07	2.09e-05	4.18e-04	3.57e-03	2.11e-02	5.60e-02	8.62e-02	1.43e-01	4.65e-01	1.97e-01	2.76e-02
 1.31753e+22	3.03e-31	2.21e-25	1.36e-20	8.44e-18	2.50e-15	2.71e-13	1.75e-11	1.40e-09	5.19e-07	2.40e-05	4.74e-04	3.97e-03	2.31e-02	5.98e-02	8.97e-02	1.44e-01	4.61e-01	1.91e-01	2.61e-02
 1.32786e+22	4.71e-31	3.38e-25	2.05e-20	1.22e-17	3.45e-15	3.57e-13	2.19e-11	1.67e-09	6.27e-07	2.89e-05	5.62e-04	4.60e-03	2.61e-02	6.54e-02	9.46e-02	1.47e-01	4.55e-01	1.82e-01	2.41e-02
 1.33745e+22	6.12e-31	4.36e-25	2.62e-20	1.52e-17	4.19e-15	4.21e-13	2.51e-11	1.87e-09	7.03e-07	3.23e-05	6.22e-04	5.01e-03	2.80e-02	6.89e-02	9.75e-02	1.48e-01	4.51e-01	1.77e-01	2.30e-02
 1.34606e+22	8.90e-31	6.26e-25	3.71e-20	2.08e-17	5.50e-15	5.30e-13	3.03e-11	2.16e-09	8.24e-07	3.77e-05	7.17e-04	5.66e-03	3.10e-02	7.42e-02	1.02e-01	1.50e-01	4.45e-01	1.70e-01	2.15e-02
 1.35477e+22	1.17e-30	8.16e-25	4.80e-20	2.62e-17	6.73e-15	6.29e-13	3.48e-11	2.41e-09	9.28e-07	4.24e-05	7.97e-04	6.18e-03	3.34e-02	7.82e-02	1.05e-01	1.51e-01	4.41e-01	1.65e-01	2.04e-02
 1.36362e+22	1.71e-30	1.18e-24	6.83e-20	3.59e-17	8.86e-15	7.94e-13	4.20e-11	2.79e-09	1.09e-06	4.95e-05	9.19e-04	6.98e-03	3.69e-02	8.40e-02	1.09e-01	1.52e-01	4.33e-01	1.57e-01	1.89e-02
 1.37260e+22	2.33e-30	1.58e-24	9.08e-20	4.63e-17	1.11e-14	9.57e-13	4.87e-11	3.14e-09	1.24e-06	5.62e-05	1.03e-03	7.69e-03	3.99e-02	8.89e-02	1.13e-01	1.53e-01	4.27e-01	1.52e-01	1.78e-02
 1.38174e+22	3.54e-30	2.37e-24	1.34e-19	6.55e-17	1.49e-14	1.23e-12	5.94e-11	3.65e-09	1.47e-06	6.65e-05	1.20e-03	8.76e-03	4.44e-02	9.59e-02	1.17e-01	1.54e-01	4.18e-01	1.44e-01	1.64e-02
 1.39074e+22	4.72e-30	3.13e-24	1.75e-19	8.31e-17	1.84e-14	1.46e-12	6.83e-11	4.07e-09	1.65e-06	7.48e-05	1.34e-03	9.58e-03	4.78e-02	1.01e-01	1.21e-01	1.55e-01	4.11e-01	1.38e-01	1.54e-02
 1.39955e+22	7.08e-30	4.62e-24	2.54e-19	1.16e-16	2.45e-14	1.85e-12	8.25e-11	4.70e-09	1.95e-06	8.79e-05	1.55e-03	1.08e-02	5.28e-02	1.08e-01	1.25e-01	1.55e-01	4.01e-01	1.31e-01	1.42e-02
 1.40849e+22	9.78e-30	6.30e-24	3.43e-19	1.51e-16	3.07e-14	2.24e-12	9.58e-11	5.27e-09	2.22e-06	9.98e-05	1.74e-03	1.19e-02	5.71e-02	1.14e-01	1.29e-01	1.55e-01	3.93e-01	1.25e-01	1.32e-02
 1.41628e+22	1.34e-29	8.56e-24	4.61e-19	1.96e-16	3.84e-14	2.69e-12	1.11e-10	5.87e-09	2.51e-06	1.13e-04	1.95e-03	1.31e-02	6.16e-02	1.20e-01	1.32e-01	1.55e-01	3.85e-01	1.19e-01	1.23e-02
 1.42508e+22	2.05e-29	1.28e-23	6.80e-19	2.76e-16	5.15e-14	3.43e-12	1.34e-10	6.76e-09	2.96e-06	1.33e-04	2.26e-03	1.48e-02	6.79e-02	1.29e-01	1.36e-01	1.54e-01	3.73e-01	1.12e-01	1.12e-02
 1.43382e+22	2.82e-29	1.75e-23	9.13e-19	3.58e-16	6.43e-14	4.11e-12	1.54e-10	7.52e-09	3.34e-06	1.50e-04	2.52e-03	1.62e-02	7.30e-02	1.35e-01	1.39e-01	1.54e-01	3.63e-01	1.06e-01	1.04e-02
 1.44247e+22	4.32e-29	2.63e-23	1.35e-18	5.05e-16	8.62e-14	5.23e-12	1.85e-10	8.62e-09	3.93e-06	1.76e-04	2.91e-03	1.83e-02	8.03e-02	1.44e-01	1.43e-01	1.52e-01	3.50e-01	9.93e-02	9.36e-03
 1.45087e+22	5.86e-29	3.53e-23	1.79e-18	6.46e-16	1.06e-13	6.20e-12	2.11e-10	9.50e-09	4.40e-06	1.97e-04	3.23e-03	1.99e-02	8.58e-02	1.50e-01	1.46e-01	1.51e-01	3.41e-01	9.43e-02	8.69e-03
 1.45892e+22	8.82e-29	5.23e-23	2.61e-18	8.97e-16	1.40e-13	7.78e-12	2.51e-10	1.08e-08	5.11e-06	2.29e-04	3.69e-03	2.22e-02	9.35e-02	1.59e-01	1.49e-01	1.49e-01	3.28e-01	8.78e-02	7.84e-03
 1.46699e+22	1.21e-28	7.10e-23	3.50e-18	1.16e-15	1.74e-13	9.25e-12	2.86e-10	1.19e-08	5.73e-06	2.57e-04	4.09e-03	2.42e-02	9.98e-02	1.65e-01	1.51e-01	1.47e-01	3.17e-01	8.29e-02	7.23e-03
 1.47509e+22	1.85e-28	1.06e-22	5.14e-18	1.62e-15	2.31e-13	1.16e-11	3.40e-10	1.34e-08	6.65e-06	2.98e-04	4.67e-03	2.70e-02	1.09e-01	1.74e-01	1.54e-01	1.45e-01	3.03e-01	7.67e-02	6.47e-03
 1.48325e+22	2.55e-28	1.45e-22	6.91e-18	2.09e-15	2.86e-13	1.38e-11	3.89e-10	1.48e-08	7.45e-06	3.33e-04	5.17e-03	2.92e-02	1.15e-01	1.81e-01	1.56e-01	1.43e-01	2.93e-01	7.21e-02	5.93e-03
 1.49149e+22	3.87e-28	2.16e-22	1.01e-17	2.91e-15	3.78e-13	1.73e-11	4.61e-10	1.68e-08	8.60e-06	3.85e-04	5.87e-03	3.24e-02	1.25e-01	1.90e-01	1.58e-01	1.39e-01	2.78e-01	6.63e-02	5.28e-03
 1.49995e+22	5.44e-28	3.00e-22	1.38e-17	3.81e-15	4.75e-13	2.08e-11	5.30e-10	1.85e-08	9.66e-06	4.32e-04	6.50e-03	3.52e-02	1.33e-01	1.96e-01	1.59e-01	1.37e-01	2.67e-01	6.18e-02	4.79e-03
 1.50746e+22	7.60e-28	4.13e-22	1.87e-17	4.95e-15	5.92e-13	2.49e-11	6.06e-10	2.04e-08	1.08e-05	4.82e-04	7.16e-03	3.80e-02	1.41e-01	2.03e-01	1.60e-01	1.34e-01	2.55e-01	5.76e-02	4.35e-03
 1.51580e+22	1.17e-27	6.24e-22	2.78e-17	6.95e-15	7.86e-13	3.13e-11	7.20e-10	2.31e-08	1.24e-05	5.53e-04	8.09e-03	4.19e-02	1.51e-01	2.11e-01	1.61e-01	1.30e-01	2.41e-01	5.25e-02	3.83e-03
 1.52415e+22	1.61e-27	8.49e-22	3.72e-17	8.94e-15	9.72e-13	3.71e-11	8.21e-10	2.54e-08	1.38e-05	6.13e-04	8.85e-03	4.49e-02	1.59e-01	2.17e-01	1.61e-01	1.26e-01	2.30e-01	4.89e-02	3.48e-03
 1.53267e+22	2.49e-27	1.29e-21	5.51e-17	1.25e-14	1.29e-12	4.67e-11	9.76e-10	2.88e-08	1.58e-05	7.01e-04	9.95e-03	4.93e-02	1.70e-01	2.25e-01	1.61e-01	1.22e-01	2.16e-01	4.42e-02	3.04e-03
 1.54142e+22	3.53e-27	1.79e-21	7.55e-17	1.64e-14	1.62e-12	5.61e-11	1.12e-09	3.20e-08	1.76e-05	7.79e-04	1.09e-02	5.29e-02	1.78e-01	2.30e-01	1.60e-01	1.18e-01	2.05e-01	4.08e-02	2.72e-03
 1.54995e+22	5.30e-27	2.65e-21	1.09e-16	2.26e-14	2.11e-12	6.96e-11	1.32e-09	3.60e-08	1.99e-05	8.79e-04	1.21e-02	5.74e-02	1.89e-01	2.37e-01	1.59e-01	1.14e-01	1.92e-01	3.69e-02	2.39e-03
 1.55865e+22	7.57e-27	3.72e-21	1.50e-16	2.97e-14	2.66e-12	8.39e-11	1.53e-09	4.00e-08	2.21e-05	9.75e-04	1.32e-02	6.15e-02	1.98e-01	2.42e-01	1.58e-01	1.10e-01	1.81e-01	3.38e-02	2.13e-03
 1.56745e+22	1.14e-26	5.48e-21	2.17e-16	4.07e-14	3.47e-12	1.04e-10	1.80e-09	4.52e-08	2.49e-05	1.09e-03	1.46e-02	6.63e-02	2.08e-01	2.47e-01	1.56e-01	1.05e-01	1.69e-01	3.05e-02	1.86e-03
 1.57640e+22	1.64e-26	7.74e-21	3.01e-16	5.39e-14	4.39e-12	1.26e-10	2.09e-09	5.05e-08	2.76e-05	1.21e-03	1.59e-02	7.08e-02	2.17e-01	2.51e-01	1.55e-01	1.01e-01	1.58e-01	2.78e-02	1.64e-03
 1.58484e+22	2.32e-26	1.08e-20	4.11e-16	7.05e-14	5.51e-12	1.52e-10	2.41e-09	5.62e-08	3.05e-05	1.33e-03	1.73e-02	7.52e-02	2.26e-01	2.55e-01	1.53e-01	9.73e-02	1.49e-01	2.54e-02	1.46e-03
 1.59391e+22	3.45e-26	1.58e-20	5.87e-16	9.57e-14	7.14e-12	1.88e-10	2.85e-09	6.36e-08	3.42e-05	1.48e-03	1.89e-02	8.04e-02	2.36e-01	2.58e-01	1.50e-01	9.28e-02	1.38e-01	2.28e-02	1.27e-03
 1.60310e+22	4.88e-26	2.19e-20	7.99e-16	1.25e-13	8.93e-12	2.26e-10	3.29e-09	7.09e-08	3.76e-05	1.62e-03	2.04e-02	8.51e-02	2.44e-01	2.61e-01	1.48e-01	8.89e-02	1.29e-01	2.07e-02	1.12e-03
 1.61254e+22	7.28e-26	3.20e-20	1.14e-15	1.70e-13	1.16e-11	2.80e-10	3.90e-09	8.07e-08	4.20e-05	1.80e-03	2.22e-02	9.07e-02	2.54e-01	2.63e-01	1.44e-01	8.44e-02	1.20e-01	1.85e-02	9.68e-04
 1.62222e+22	1.03e-25	4.45e-20	1.56e-15	2.21e-13	1.45e-11	3.38e-10	4.52e-09	9.04e-08	4.63e-05	1.97e-03	2.39e-02	9.57e-02	2.62e-01	2.65e-01	1.42e-01	8.06e-02	1.12e-01	1.68e-02	8.51e-04
 1.63222e+22	1.54e-25	6.53e-20	2.23e-15	3.01e-13	1.89e-11	4.21e-10	5.38e-09	1.03e-07	5.17e-05	2.19e-03	2.60e-02	1.02e-01	2.71e-01	2.66e-01	1.38e-01	7.62e-02	1.03e-01	1.49e-02	7.31e-04
 1.64250e+22	2.19e-25	9.10e-20	3.04e-15	3.94e-13	2.38e-11	5.09e-10	6.27e-09	1.16e-07	5.70e-05	2.39e-03	2.79e-02	1.07e-01	2.79e-01	2.67e-01	1.35e-01	7.25e-02	9.55e-02	1.35e-02	6.40e-04
 1.65318e+22	3.31e-25	1.34e-19	4.36e-15	5.38e-13	3.11e-11	6.37e-10	7.51e-09	1.34e-07	6.38e-05	2.64e-03	3.03e-02	1.13e-01	2.88e-01	2.67e-01	1.30e-01	6.82e-02	8.75e-02	1.19e-02	5.45e-04
 1.66417e+22	4.70e-25	1.87e-19	5.95e-15	7.04e-13	3.91e-11	7.73e-10	8.78e-09	1.51e-07	7.02e-05	2.88e-03	3.24e-02	1.19e-01	2.95e-01	2.67e-01	1.27e-01	6.46e-02	8.10e-02	1.07e-02	4.75e-04
 1.67564e+22	7.11e-25	2.76e-19	8.56e-15	9.64e-13	5.13e-11	9.72e-10	1.06e-08	1.75e-07	7.88e-05	3.19e-03	3.51e-02	1.26e-01	3.03e-01	2.66e-01	1.22e-01	6.05e-02	7.37e-02	9.36e-03	4.02e-04
 1.68722e+22	9.94e-25	3.79e-19	1.15e-14	1.24e-12	6.39e-11	1.17e-09	1.23e-08	1.97e-07	8.66e-05	3.46e-03	3.74e-02	1.31e-01	3.10e-01	2.65e-01	1.19e-01	5.73e-02	6.83e-02	8.41e-03	3.51e-04
 1.69927e+22	1.52e-24	5.65e-19	1.66e-14	1.72e-12	8.44e-11	1.48e-09	1.49e-08	2.30e-07	9.75e-05	3.84e-03	4.05e-02	1.38e-01	3.17e-01	2.63e-01	1.14e-01	5.34e-02	6.18e-02	7.32e-03	2.94e-04
 1.71161e+22	2.12e-24	7.74e-19	2.23e-14	2.21e-12	1.05e-10	1.79e-09	1.74e-08	2.60e-07	1.07e-04	4.16e-03	4.30e-02	1.44e-01	3.23e-01	2.61e-01	1.10e-01	5.04e-02	5.70e-02	6.55e-03	2.55e-04
 1.72432e+22	3.24e-24	1.15e-18	3.22e-14	3.05e-12	1.39e-10	2.28e-09	2.12e-08	3.04e-07	1.21e-04	4.61e-03	4.65e-02	1.51e-01	3.30e-01	2.58e-01	1.05e-01	4.67e-02	5.13e-02	5.68e-03	2.13e-04
 1.73666e+22	4.36e-24	1.52e-18	4.17e-14	3.82e-12	1.69e-10	2.69e-09	2.44e-08	3.39e-07	1.32e-04	4.95e-03	4.90e-02	1.57e-01	3.34e-01	2.56e-01	1.02e-01	4.43e-02	4.76e-02	5.13e-03	1.87e-04
 1.74852e+22	6.37e-24	2.18e-18	5.79e-14	5.09e-12	2.17e-10	3.34e-09	2.91e-08	3.92e-07	1.47e-04	5.41e-03	5.24e-02	1.64e-01	3.40e-01	2.52e-01	9.75e-02	4.13e-02	4.32e-02	4.49e-03	1.58e-04
 1.76068e+22	8.61e-24	2.88e-18	7.51e-14	6.39e-12	2.65e-10	3.96e-09	3.36e-08	4.39e-07	1.60e-04	5.81e-03	5.52e-02	1.69e-01	3.44e-01	2.49e-01	9.40e-02	3.89e-02	4.00e-02	4.04e-03	1.38e-04
 1.77324e+22	1.27e-23	4.14e-18	1.05e-13	8.55e-12	3.43e-10	4.94e-09	4.04e-08	5.09e-07	1.79e-04	6.37e-03	5.90e-02	1.76e-01	3.48e-01	2.45e-01	8.96e-02	3.61e-02	3.60e-02	3.51e-03	1.16e-04
 1.78598e+22	1.70e-23	5.47e-18	1.36e-13	1.07e-11	4.17e-10	5.86e-09	4.65e-08	5.71e-07	1.95e-04	6.83e-03	6.20e-02	1.82e-01	3.52e-01	2.41e-01	8.61e-02	3.40e-02	3.33e-02	3.15e-03	1.01e-04
 1.79896e+22	2.50e-23	7.83e-18	1.89e-13	1.43e-11	5.38e-10	7.30e-09	5.59e-08	6.63e-07	2.18e-04	7.48e-03	6.61e-02	1.89e-01	3.55e-01	2.36e-01	8.18e-02	3.14e-02	2.99e-02	2.73e-03	8.47e-05
 1.81171e+22	3.29e-23	1.01e-17	2.38e-13	1.75e-11	6.44e-10	8.55e-09	6.38e-08	7.38e-07	2.37e-04	7.97e-03	6.92e-02	1.94e-01	3.58e-01	2.32e-01	7.87e-02	2.97e-02	2.77e-02	2.46e-03	7.45e-05
 1.82417e+22	4.73e-23	1.42e-17	3.25e-13	2.30e-11	8.19e-10	1.05e-08	7.60e-08	8.50e-07	2.63e-04	8.67e-03	7.34e-02	2.01e-01	3.60e-01	2.27e-01	7.47e-02	2.75e-02	2.50e-02	2.14e-03	6.26e-05
 1.83680e+22	6.12e-23	1.80e-17	4.05e-13	2.80e-11	9.74e-10	1.23e-08	8.64e-08	9.44e-07	2.85e-04	9.22e-03	7.66e-02	2.06e-01	3.62e-01	2.23e-01	7.18e-02	2.60e-02	2.32e-02	1.94e-03	5.53e-05
 1.84964e+22	8.66e-23	2.49e-17	5.46e-13	3.64e-11	1.23e-09	1.50e-08	1.02e-07	1.09e-06	3.17e-04	1.00e-02	8.10e-02	2.13e-01	3.64e-01	2.18e-01	6.81e-02	2.40e-02	2.09e-02	1.69e-03	4.66e-05
 1.86285e+22	1.15e-22	3.25e-17	6.95e-13	4.50e-11	1.48e-09	1.77e-08	1.18e-07	1.22e-06	3.45e-04	1.07e-02	8.48e-02	2.18e-01	3.65e-01	2.13e-01	6.51e-02	2.25e-02	1.92e-02	1.51e-03	4.05e-05
 1.87655e+22	1.66e-22	4.57e-17	9.50e-13	5.93e-11	1.89e-09	2.19e-08	1.41e-07	1.41e-06	3.85e-04	1.16e-02	8.98e-02	2.25e-01	3.66e-01	2.07e-01	6.13e-02	2.07e-02	1.72e-02	1.30e-03	3.36e-05
 1.89034e+22	2.18e-22	5.87e-17	1.19e-12	7.26e-11	2.27e-09	2.57e-08	1.61e-07	1.57e-06	4.19e-04	1.24e-02	9.36e-02	2.30e-01	3.66e-01	2.02e-01	5.86e-02	1.94e-02	1.58e-02	1.17e-03	2.93e-05
 1.90423e+22	3.12e-22	8.19e-17	1.62e-12	9.49e-11	2.88e-09	3.17e-08	1.92e-07	1.82e-06	4.67e-04	1.34e-02	9.89e-02	2.37e-01	3.66e-01	1.96e-01	5.50e-02	1.78e-02	1.41e-02	1.00e-03	2.44e-05
 1.91838e+22	4.09e-22	1.05e-16	2.04e-12	1.17e-10	3.46e-09	3.72e-08	2.21e-07	2.04e-06	5.08e-04	1.43e-02	1.03e-01	2.42e-01	3.66e-01	1.91e-01	5.24e-02	1.67e-02	1.29e-02	8.97e-04	2.12e-05
 1.93079e+22	5.33e-22	1.35e-16	2.55e-12	1.42e-10	4.13e-09	4.34e-08	2.52e-07	2.27e-06	5.52e-04	1.52e-02	1.07e-01	2.47e-01	3.66e-01	1.86e-01	5.00e-02	1.56e-02	1.19e-02	8.01e-04	1.84e-05
 1.94483e+22	7.52e-22	1.85e-16	3.40e-12	1.84e-10	5.20e-09	5.32e-08	2.99e-07	2.62e-06	6.13e-04	1.65e-02	1.13e-01	2.53e-01	3.64e-01	1.80e-01	4.69e-02	1.43e-02	1.06e-02	6.91e-04	1.53e-05
 1.95885e+22	9.59e-22	2.32e-16	4.18e-12	2.21e-10	6.13e-09	6.15e-08	3.38e-07	2.90e-06	6.63e-04	1.74e-02	1.17e-01	2.58e-01	3.63e-01	1.75e-01	4.47e-02	1.34e-02	9.79e-03	6.21e-04	1.35e-05
 1.97281e+22	1.34e-21	3.17e-16	5.55e-12	2.84e-10	7.67e-09	7.50e-08	4.01e-07	3.34e-06	7.35e-04	1.88e-02	1.23e-01	2.64e-01	3.61e-01	1.69e-01	4.19e-02	1.23e-02	8.74e-03	5.36e-04	1.12e-05
 1.98698e+22	1.72e-21	3.98e-16	6.83e-12	3.42e-10	9.06e-09	8.68e-08	4.54e-07	3.70e-06	7.95e-04	1.99e-02	1.27e-01	2.68e-01	3.60e-01	1.64e-01	3.99e-02	1.15e-02	8.04e-03	4.80e-04	9.81e-06
 2.00141e+22	2.38e-21	5.38e-16	8.97e-12	4.36e-10	1.13e-08	1.05e-07	5.35e-07	4.24e-06	8.81e-04	2.14e-02	1.34e-01	2.74e-01	3.57e-01	1.58e-01	3.73e-02	1.06e-02	7.18e-03	4.15e-04	8.19e-06
 2.01634e+22	3.09e-21	6.86e-16	1.12e-11	5.32e-10	1.35e-08	1.23e-07	6.11e-07	4.74e-06	9.58e-04	2.28e-02	1.39e-01	2.78e-01	3.54e-01	1.53e-01	3.53e-02	9.82e-03	6.55e-03	3.68e-04	7.07e-06
 2.03192e+22	4.37e-21	9.44e-16	1.49e-11	6.88e-10	1.70e-08	1.51e-07	7.28e-07	5.48e-06	1.07e-03	2.46e-02	1.45e-01	2.84e-01	3.51e-01	1.47e-01	3.28e-02	8.91e-03	5.80e-03	3.14e-04	5.82e-06
 2.04776e+22	5.69e-21	1.21e-15	1.86e-11	8.40e-10	2.03e-08	1.77e-07	8.33e-07	6.13e-06	1.16e-03	2.61e-02	1.51e-01	2.88e-01	3.48e-01	1.42e-01	3.10e-02	8.27e-03	5.27e-03	2.78e-04	5.01e-06
 2.06394e+22	8.03e-21	1.65e-15	2.48e-11	1.09e-09	2.56e-08	2.17e-07	9.92e-07	7.08e-06	1.29e-03	2.82e-02	1.58e-01	2.93e-01	3.43e-01	1.35e-01	2.87e-02	7.49e-03	4.65e-03	2.36e-04	4.11e-06
 2.08068e+22	1.06e-20	2.14e-15	3.14e-11	1.34e-09	3.09e-08	2.57e-07	1.14e-06	7.98e-06	1.42e-03	3.01e-02	1.64e-01	2.97e-01	3.39e-01	1.30e-01	2.69e-02	6.90e-03	4.20e-03	2.07e-04	3.50e-06
 2.09817e+22	1.52e-20	2.99e-15	4.24e-11	1.76e-09	3.94e-08	3.18e-07	1.37e-06	9.29e-06	1.59e-03	3.26e-02	1.72e-01	3.02e-01	3.34e-01	1.24e-01	2.47e-02	6.20e-03	3.67e-03	1.74e-04	2.83e-06
 2.11596e+22	2.03e-20	3.89e-15	5.38e-11	2.18e-09	4.78e-08	3.77e-07	1.59e-06	1.05e-05	1.74e-03	3.47e-02	1.78e-01	3.06e-01	3.29e-01	1.19e-01	2.31e-02	5.69e-03	3.29e-03	1.52e-04	2.39e-06
 2.13414e+22	2.92e-20	5.45e-15	7.29e-11	2.86e-09	6.12e-08	4.69e-07	1.91e-06	1.22e-05	1.95e-03	3.76e-02	1.87e-01	3.10e-01	3.22e-01	1.12e-01	2.12e-02	5.08e-03	2.86e-03	1.27e-04	1.92e-06
 2.15275e+22	3.92e-20	7.14e-15	9.31e-11	3.57e-09	7.46e-08	5.58e-07	2.22e-06	1.38e-05	2.14e-03	4.01e-02	1.94e-01	3.13e-01	3.17e-01	1.07e-01	1.97e-02	4.64e-03	2.55e-03	1.09e-04	1.61e-06
 2.17190e+22	5.72e-20	1.01e-14	1.27e-10	4.73e-09	9.62e-08	6.99e-07	2.69e-06	1.62e-05	2.41e-03	4.35e-02	2.03e-01	3.17e-01	3.10e-01	1.01e-01	1.79e-02	4.11e-03	2.20e-03	9.05e-05	1.28e-06
 2.19163e+22	7.85e-20	1.35e-14	1.65e-10	5.99e-09	1.19e-07	8.43e-07	3.15e-06	1.86e-05	2.66e-03	4.65e-02	2.10e-01	3.20e-01	3.03e-01	9.54e-02	1.65e-02	3.71e-03	1.94e-03	7.70e-05	1.05e-06
 2.21213e+22	1.16e-19	1.94e-14	2.29e-10	8.03e-09	1.55e-07	1.06e-06	3.85e-06	2.19e-05	3.01e-03	5.05e-02	2.20e-01	3.23e-01	2.95e-01	8.91e-02	1.49e-02	3.26e-03	1.65e-03	6.28e-05	8.19e-07
 2.23291e+22	1.61e-19	2.61e-14	2.99e-10	1.02e-08	1.92e-07	1.29e-06	4.53e-06	2.51e-05	3.32e-03	5.40e-02	2.28e-01	3.25e-01	2.87e-01	8.40e-02	1.36e-02	2.93e-03	1.44e-03	5.30e-05	6.67e-07
 2.25409e+22	2.44e-19	3.82e-14	4.20e-10	1.38e-08	2.53e-07	1.65e-06	5.59e-06	2.99e-05	3.78e-03	5.89e-02	2.38e-01	3.28e-01	2.78e-01	7.78e-02	1.21e-02	2.54e-03	1.21e-03	4.25e-05	5.10e-07
 2.27534e+22	3.34e-19	5.10e-14	5.44e-10	1.75e-08	3.13e-07	1.98e-06	6.55e-06	3.42e-05	4.17e-03	6.28e-02	2.46e-01	3.29e-01	2.70e-01	7.32e-02	1.11e-02	2.28e-03	1.06e-03	3.58e-05	4.15e-07
 2.29294e+22	4.45e-19	6.62e-14	6.86e-10	2.15e-08	3.78e-07	2.35e-06	7.57e-06	3.86e-05	4.55e-03	6.65e-02	2.53e-01	3.30e-01	2.63e-01	6.92e-02	1.02e-02	2.06e-03	9.36e-04	3.06e-05	3.43e-07
 2.31209e+22	6.48e-19	9.31e-14	9.28e-10	2.83e-08	4.85e-07	2.93e-06	9.15e-06	4.52e-05	5.11e-03	7.17e-02	2.63e-01	3.30e-01	2.54e-01	6.41e-02	9.13e-03	1.80e-03	7.92e-04	2.48e-05	2.66e-07
 2.33116e+22	8.57e-19	1.20e-13	1.16e-09	3.46e-08	5.83e-07	3.46e-06	1.05e-05	5.09e-05	5.57e-03	7.58e-02	2.70e-01	3.31e-01	2.47e-01	6.04e-02	8.38e-03	1.62e-03	6.98e-04	2.11e-05	2.20e-07
 2.35014e+22	1.24e-18	1.68e-13	1.57e-09	4.52e-08	7.46e-07	4.31e-06	1.27e-05	5.97e-05	6.25e-03	8.15e-02	2.79e-01	3.30e-01	2.37e-01	5.57e-02	7.46e-03	1.41e-03	5.87e-04	1.70e-05	1.69e-07
 2.36925e+22	1.65e-18	2.18e-13	1.96e-09	5.55e-08	8.99e-07	5.10e-06	1.47e-05	6.75e-05	6.82e-03	8.62e-02	2.86e-01	3.30e-01	2.30e-01	5.23e-02	6.81e-03	1.27e-03	5.14e-04	1.44e-05	1.38e-07
 2.38852e+22	2.41e-18	3.06e-13	2.64e-09	7.25e-08	1.15e-06	6.38e-06	1.79e-05	7.96e-05	7.67e-03	9.28e-02	2.96e-01	3.28e-01	2.20e-01	4.79e-02	6.00e-03	1.09e-03	4.28e-04	1.14e-05	0.00e+00
 2.40792e+22	3.22e-18	3.95e-13	3.31e-09	8.88e-08	1.39e-06	7.57e-06	2.07e-05	9.02e-05	8.38e-03	9.81e-02	3.03e-01	3.27e-01	2.12e-01	4.47e-02	5.45e-03	9.74e-04	3.71e-04	9.55e-06	0.00e+00
 2.42747e+22	4.69e-18	5.54e-13	4.43e-09	1.16e-07	1.79e-06	9.49e-06	2.52e-05	1.07e-04	9.45e-03	1.05e-01	3.12e-01	3.25e-01	2.02e-01	4.06e-02	4.76e-03	8.32e-04	3.06e-04	7.49e-06	0.00e+00
 2.44729e+22	6.31e-18	7.21e-13	5.55e-09	1.43e-07	2.17e-06	1.14e-05	2.94e-05	1.22e-04	1.04e-02	1.12e-01	3.19e-01	3.22e-01	1.93e-01	3.76e-02	4.27e-03	7.33e-04	2.62e-04	6.16e-06	0.00e+00
 2.46746e+22	9.25e-18	1.01e-12	7.42e-09	1.86e-07	2.80e-06	1.44e-05	3.60e-05	1.46e-04	1.18e-02	1.20e-01	3.28e-01	3.19e-01	1.83e-01	3.38e-02	3.69e-03	6.19e-04	2.12e-04	4.75e-06	0.00e+00
 2.48790e+22	1.25e-17	1.31e-12	9.28e-09	2.29e-07	3.41e-06	1.73e-05	4.23e-05	1.68e-04	1.30e-02	1.28e-01	3.35e-01	3.15e-01	1.74e-01	3.10e-02	3.28e-03	5.40e-04	1.79e-04	3.85e-06	0.00e+00
 2.50502e+22	1.62e-17	1.66e-12	1.13e-08	2.75e-07	4.08e-06	2.04e-05	4.89e-05	1.90e-04	1.42e-02	1.34e-01	3.41e-01	3.12e-01	1.66e-01	2.86e-02	2.94e-03	4.76e-04	1.54e-04	3.17e-06	0.00e+00
 2.52360e+22	2.28e-17	2.22e-12	1.44e-08	3.47e-07	5.12e-06	2.52e-05	5.90e-05	2.25e-04	1.59e-02	1.44e-01	3.49e-01	3.06e-01	1.56e-01	2.57e-02	2.53e-03	4.02e-04	1.25e-04	2.45e-06	0.00e+00
 2.54227e+22	2.95e-17	2.78e-12	1.74e-08	4.14e-07	6.11e-06	2.98e-05	6.83e-05	2.57e-04	1.74e-02	1.51e-01	3.54e-01	3.02e-01	1.49e-01	2.35e-02	2.25e-03	3.52e-04	1.06e-04	2.00e-06	0.00e+00
 2.56027e+22	4.00e-17	3.61e-12	2.16e-08	5.11e-07	7.54e-06	3.64e-05	8.16e-05	3.01e-04	1.94e-02	1.61e-01	3.60e-01	2.96e-01	1.39e-01	2.11e-02	1.95e-03	2.98e-04	8.65e-05	1.55e-06	0.00e+00
 2.57869e+22	5.19e-17	4.50e-12	2.58e-08	6.11e-07	9.03e-06	4.33e-05	9.51e-05	3.47e-04	2.14e-02	1.70e-01	3.65e-01	2.90e-01	1.31e-01	1.92e-02	1.71e-03	2.57e-04	7.22e-05	1.24e-06	0.00e+00
 2.59646e+22	6.79e-17	5.65e-12	3.11e-08	7.36e-07	1.09e-05	5.21e-05	1.12e-04	4.03e-04	2.37e-02	1.80e-01	3.70e-01	2.84e-01	1.23e-01	1.72e-02	1.48e-03	2.19e-04	5.93e-05	9.75e-07	0.00e+00
 2.61454e+22	8.75e-17	6.98e-12	3.69e-08	8.77e-07	1.31e-05	6.22e-05	1.31e-04	4.67e-04	2.62e-02	1.90e-01	3.75e-01	2.77e-01	1.15e-01	1.55e-02	1.28e-03	1.87e-04	4.88e-05	7.68e-07	0.00e+00
 2.63218e+22	1.11e-16	8.53e-12	4.33e-08	1.04e-06	1.56e-05	7.39e-05	1.53e-04	5.39e-04	2.88e-02	2.00e-01	3.78e-01	2.70e-01	1.08e-01	1.39e-02	1.11e-03	1.59e-04	4.02e-05	6.05e-07	0.00e+00
 2.64952e+22	1.40e-16	1.03e-11	5.03e-08	1.22e-06	1.85e-05	8.74e-05	1.78e-04	6.22e-04	3.17e-02	2.10e-01	3.81e-01	2.62e-01	1.00e-01	1.24e-02	9.65e-04	1.36e-04	3.31e-05	4.76e-07	0.00e+00
 2.66666e+22	1.75e-16	1.24e-11	5.79e-08	1.42e-06	2.19e-05	1.03e-04	2.06e-04	7.16e-04	3.48e-02	2.21e-01	3.83e-01	2.55e-01	9.34e-02	1.11e-02	8.36e-04	1.16e-04	2.73e-05	3.76e-07	0.00e+00
 2.68366e+22	2.17e-16	1.47e-11	6.63e-08	1.65e-06	2.57e-05	1.21e-04	2.37e-04	8.22e-04	3.82e-02	2.31e-01	3.85e-01	2.47e-01	8.68e-02	9.96e-03	7.24e-04	9.85e-05	2.24e-05	2.96e-07	0.00e+00
 2.70061e+22	2.66e-16	1.73e-11	7.53e-08	1.91e-06	3.01e-05	1.42e-04	2.73e-04	9.44e-04	4.18e-02	2.42e-01	3.86e-01	2.39e-01	8.06e-02	8.89e-03	6.26e-04	8.37e-05	1.84e-05	2.33e-07	0.00e+00
 2.71759e+22	3.25e-16	2.03e-11	8.52e-08	2.21e-06	3.52e-05	1.65e-04	3.14e-04	1.08e-03	4.57e-02	2.53e-01	3.86e-01	2.30e-01	7.46e-02	7.92e-03	5.40e-04	7.10e-05	1.51e-05	1.83e-07	0.00e+00
 2.73465e+22	3.96e-16	2.38e-11	9.61e-08	2.54e-06	4.11e-05	1.93e-04	3.60e-04	1.24e-03	5.00e-02	2.64e-01	3.86e-01	2.22e-01	6.89e-02	7.05e-03	4.65e-04	6.01e-05	1.24e-05	1.43e-07	0.00e+00
 2.75185e+22	4.81e-16	2.77e-11	1.08e-07	2.93e-06	4.78e-05	2.24e-04	4.12e-04	1.42e-03	5.45e-02	2.75e-01	3.85e-01	2.13e-01	6.35e-02	6.25e-03	4.00e-04	5.08e-05	1.01e-05	0.00e+00	0.00e+00
 2.76929e+22	5.84e-16	3.23e-11	1.21e-07	3.36e-06	5.56e-05	2.61e-04	4.71e-04	1.62e-03	5.94e-02	2.86e-01	3.83e-01	2.05e-01	5.84e-02	5.53e-03	3.42e-04	4.28e-05	8.25e-06	0.00e+00	0.00e+00
 2.78702e+22	7.09e-16	3.77e-11	1.37e-07	3.87e-06	6.46e-05	3.03e-04	5.37e-04	1.86e-03	6.47e-02	2.98e-01	3.80e-01	1.96e-01	5.35e-02	4.88e-03	2.93e-04	3.59e-05	6.70e-06	0.00e+00	0.00e+00
 2.80489e+22	8.58e-16	4.38e-11	1.53e-07	4.44e-06	7.49e-05	3.51e-04	6.11e-04	2.12e-03	7.03e-02	3.09e-01	3.77e-01	1.87e-01	4.90e-02	4.31e-03	2.50e-04	3.02e-05	5.45e-06	0.00e+00	0.00e+00
 2.82314e+22	1.05e-15	5.13e-11	1.73e-07	5.13e-06	8.72e-05	4.08e-04	6.96e-04	2.42e-03	7.65e-02	3.20e-01	3.73e-01	1.78e-01	4.47e-02	3.78e-03	2.13e-04	2.52e-05	4.39e-06	0.00e+00	0.00e+00
 2.84150e+22	1.27e-15	5.97e-11	1.94e-07	5.89e-06	1.01e-04	4.70e-04	7.87e-04	2.74e-03	8.27e-02	3.30e-01	3.69e-01	1.70e-01	4.08e-02	3.33e-03	1.82e-04	2.11e-05	3.57e-06	0.00e+00	0.00e+00
 2.86035e+22	1.56e-15	7.04e-11	2.21e-07	6.84e-06	1.18e-04	5.46e-04	8.96e-04	3.14e-03	8.99e-02	3.41e-01	3.63e-01	1.61e-01	3.69e-02	2.90e-03	1.53e-04	1.75e-05	2.85e-06	0.00e+00	0.00e+00
 2.87801e+22	1.84e-15	8.05e-11	2.45e-07	7.71e-06	1.33e-04	6.15e-04	9.91e-04	3.49e-03	9.58e-02	3.50e-01	3.59e-01	1.54e-01	3.41e-02	2.60e-03	1.34e-04	1.50e-05	2.39e-06	0.00e+00	0.00e+00
 2.89606e+22	2.29e-15	9.58e-11	2.81e-07	8.99e-06	1.55e-04	7.14e-04	1.13e-03	3.98e-03	1.04e-01	3.60e-01	3.52e-01	1.45e-01	3.07e-02	2.26e-03	1.12e-04	1.23e-05	1.89e-06	0.00e+00	0.00e+00
 2.91436e+22	2.73e-15	1.11e-10	3.15e-07	1.02e-05	1.76e-04	8.03e-04	1.24e-03	4.41e-03	1.10e-01	3.68e-01	3.46e-01	1.38e-01	2.83e-02	2.02e-03	9.80e-05	1.06e-05	1.58e-06	0.00e+00	0.00e+00
 2.93300e+22	3.43e-15	1.33e-10	3.66e-07	1.20e-05	2.06e-04	9.32e-04	1.41e-03	5.02e-03	1.19e-01	3.78e-01	3.39e-01	1.30e-01	2.54e-02	1.74e-03	8.20e-05	8.67e-06	1.25e-06	0.00e+00	0.00e+00
 2.95209e+22	4.14e-15	1.55e-10	4.14e-07	1.37e-05	2.33e-04	1.05e-03	1.55e-03	5.56e-03	1.26e-01	3.85e-01	3.32e-01	1.23e-01	2.32e-02	1.55e-03	7.10e-05	7.38e-06	1.04e-06	0.00e+00	0.00e+00
 2.97177e+22	5.30e-15	1.90e-10	4.88e-07	1.62e-05	2.75e-04	1.22e-03	1.76e-03	6.34e-03	1.36e-01	3.94e-01	3.23e-01	1.15e-01	2.07e-02	1.33e-03	5.88e-05	5.98e-06	8.12e-07	0.00e+00	0.00e+00
 2.99175e+22	6.48e-15	2.25e-10	5.60e-07	1.87e-05	3.13e-04	1.38e-03	1.94e-03	7.00e-03	1.44e-01	4.00e-01	3.16e-01	1.09e-01	1.89e-02	1.18e-03	5.08e-05	5.08e-06	6.71e-07	0.00e+00	0.00e+00
 3.01212e+22	8.42e-15	2.80e-10	6.68e-07	2.24e-05	3.70e-04	1.60e-03	2.19e-03	7.96e-03	1.55e-01	4.08e-01	3.06e-01	1.01e-01	1.67e-02	1.00e-03	4.19e-05	4.10e-06	5.22e-07	0.00e+00	0.00e+00
 3.03259e+22	1.04e-14	3.34e-10	7.73e-07	2.58e-05	4.20e-04	1.80e-03	2.40e-03	8.75e-03	1.63e-01	4.13e-01	2.98e-01	9.53e-02	1.53e-02	8.90e-04	3.62e-05	3.48e-06	4.32e-07	0.00e+00	0.00e+00
 3.05319e+22	1.36e-14	4.19e-10	9.34e-07	3.10e-05	4.96e-04	2.09e-03	2.71e-03	9.90e-03	1.75e-01	4.19e-01	2.88e-01	8.82e-02	1.35e-02	7.58e-04	2.98e-05	2.81e-06	3.36e-07	0.00e+00	0.00e+00
 3.07403e+22	1.70e-14	5.05e-10	1.09e-06	3.60e-05	5.66e-04	2.35e-03	2.96e-03	1.08e-02	1.84e-01	4.23e-01	2.80e-01	8.30e-02	1.23e-02	6.70e-04	2.57e-05	2.38e-06	2.77e-07	0.00e+00	0.00e+00
 3.09518e+22	2.26e-14	6.44e-10	1.34e-06	4.37e-05	6.69e-04	2.72e-03	3.33e-03	1.22e-02	1.96e-01	4.28e-01	2.69e-01	7.65e-02	1.08e-02	5.69e-04	2.11e-05	1.91e-06	2.15e-07	0.00e+00	0.00e+00
 3.11667e+22	2.85e-14	7.86e-10	1.58e-06	5.10e-05	7.65e-04	3.06e-03	3.64e-03	1.34e-02	2.05e-01	4.31e-01	2.61e-01	7.17e-02	9.77e-03	5.00e-04	1.81e-05	1.61e-06	1.77e-07	0.00e+00	0.00e+00
 3.13859e+22	3.87e-14	1.02e-09	1.96e-06	6.24e-05	9.10e-04	3.55e-03	4.09e-03	1.51e-02	2.18e-01	4.34e-01	2.50e-01	6.58e-02	8.55e-03	4.23e-04	1.48e-05	1.29e-06	1.36e-07	0.00e+00	0.00e+00
 3.16091e+22	4.94e-14	1.26e-09	2.35e-06	7.34e-05	1.04e-03	4.00e-03	4.48e-03	1.65e-02	2.28e-01	4.35e-01	2.41e-01	6.14e-02	7.70e-03	3.70e-04	1.26e-05	1.08e-06	0.00e+00	0.00e+00	0.00e+00
 3.18373e+22	6.82e-14	1.66e-09	2.97e-06	9.08e-05	1.25e-03	4.65e-03	5.02e-03	1.85e-02	2.42e-01	4.36e-01	2.30e-01	5.60e-02	6.69e-03	3.10e-04	1.03e-05	8.55e-07	0.00e+00	0.00e+00	0.00e+00
 3.20705e+22	8.87e-14	2.08e-09	3.60e-06	1.08e-04	1.44e-03	5.25e-03	5.50e-03	2.02e-02	2.53e-01	4.36e-01	2.21e-01	5.20e-02	5.99e-03	2.70e-04	8.69e-06	7.11e-07	0.00e+00	0.00e+00	0.00e+00
 3.22669e+22	1.12e-13	2.55e-09	4.28e-06	1.26e-04	1.63e-03	5.83e-03	5.96e-03	2.18e-02	2.62e-01	4.36e-01	2.13e-01	4.86e-02	5.42e-03	2.38e-04	7.49e-06	6.04e-07	0.00e+00	0.00e+00	0.00e+00
 3.24789e+22	1.52e-13	3.32e-09	5.36e-06	1.53e-04	1.92e-03	6.69e-03	6.60e-03	2.42e-02	2.75e-01	4.34e-01	2.02e-01	4.44e-02	4.74e-03	2.02e-04	6.16e-06	4.86e-07	0.00e+00	0.00e+00	0.00e+00
 3.26919e+22	1.93e-13	4.08e-09	6.39e-06	1.78e-04	2.18e-03	7.42e-03	7.13e-03	2.60e-02	2.84e-01	4.32e-01	1.95e-01	4.15e-02	4.29e-03	1.79e-04	5.32e-06	4.13e-07	0.00e+00	0.00e+00	0.00e+00
 3.29059e+22	2.63e-13	5.34e-09	8.05e-06	2.18e-04	2.57e-03	8.49e-03	7.87e-03	2.86e-02	2.97e-01	4.29e-01	1.84e-01	3.78e-02	3.75e-03	1.51e-04	4.37e-06	3.33e-07	0.00e+00	0.00e+00	0.00e+00
 3.31187e+22	3.33e-13	6.56e-09	9.60e-06	2.54e-04	2.90e-03	9.38e-03	8.47e-03	3.06e-02	3.06e-01	4.27e-01	1.77e-01	3.53e-02	3.39e-03	1.34e-04	3.78e-06	2.83e-07	0.00e+00	0.00e+00	0.00e+00
 3.33299e+22	4.54e-13	8.58e-09	1.21e-05	3.09e-04	3.40e-03	1.07e-02	9.32e-03	3.35e-02	3.18e-01	4.22e-01	1.68e-01	3.21e-02	2.97e-03	1.14e-04	3.12e-06	2.29e-07	0.00e+00	0.00e+00	0.00e+00
 3.35434e+22	5.78e-13	1.06e-08	1.45e-05	3.61e-04	3.85e-03	1.18e-02	1.00e-02	3.58e-02	3.27e-01	4.18e-01	1.61e-01	2.99e-02	2.67e-03	1.00e-04	2.68e-06	1.94e-07	0.00e+00	0.00e+00	0.00e+00
 3.37601e+22	7.91e-13	1.39e-08	1.83e-05	4.41e-04	4.52e-03	1.34e-02	1.10e-02	3.90e-02	3.38e-01	4.12e-01	1.51e-01	2.71e-02	2.33e-03	8.49e-05	2.21e-06	1.57e-07	0.00e+00	0.00e+00	0.00e+00
 3.39807e+22	1.02e-12	1.74e-08	2.22e-05	5.18e-04	5.14e-03	1.49e-02	1.19e-02	4.18e-02	3.47e-01	4.07e-01	1.44e-01	2.50e-02	2.08e-03	7.42e-05	1.88e-06	1.32e-07	0.00e+00	0.00e+00	0.00e+00
 3.42064e+22	1.42e-12	2.32e-08	2.84e-05	6.39e-04	6.06e-03	1.70e-02	1.30e-02	4.55e-02	3.59e-01	4.00e-01	1.35e-01	2.25e-02	1.80e-03	6.22e-05	1.53e-06	0.00e+00	0.00e+00	0.00e+00	0.00e+00
 3.44336e+22	1.83e-12	2.90e-08	3.44e-05	7.49e-04	6.88e-03	1.87e-02	1.40e-02	4.84e-02	3.67e-01	3.94e-01	1.29e-01	2.08e-02	1.61e-03	5.44e-05	1.31e-06	0.00e+00	0.00e+00	0.00e+00	0.00e+00
 3.46629e+22	2.57e-12	3.90e-08	4.43e-05	9.26e-04	8.12e-03	2.14e-02	1.54e-02	5.27e-02	3.77e-01	3.84e-01	1.20e-01	1.86e-02	1.38e-03	4.53e-05	1.06e-06	0.00e+00	0.00e+00	0.00e+00	0.00e+00
 3.48945e+22	3.32e-12	4.88e-08	5.38e-05	1.09e-03	9.22e-03	2.36e-02	1.65e-02	5.59e-02	3.85e-01	3.77e-01	1.13e-01	1.71e-02	1.23e-03	3.95e-05	8.99e-07	0.00e+00	0.00e+00	0.00e+00	0.00e+00
 3.51294e+22	4.69e-12	6.59e-08	6.97e-05	1.35e-03	1.09e-02	2.68e-02	1.81e-02	6.06e-02	3.94e-01	3.67e-01	1.05e-01	1.52e-02	1.05e-03	3.27e-05	7.21e-07	0.00e+00	0.00e+00	0.00e+00	0.00e+00
 3.53694e+22	6.13e-12	8.35e-08	8.53e-05	1.59e-03	1.24e-02	2.97e-02	1.94e-02	6.42e-02	4.01e-01	3.58e-01	9.90e-02	1.39e-02	9.24e-04	2.83e-05	6.08e-07	0.00e+00	0.00e+00	0.00e+00	0.00e+00
 3.56163e+22	8.78e-12	1.14e-07	1.12e-04	1.99e-03	1.47e-02	3.38e-02	2.13e-02	6.95e-02	4.09e-01	3.46e-01	9.10e-02	1.22e-02	7.78e-04	2.31e-05	4.80e-07	0.00e+00	0.00e+00	0.00e+00	0.00e+00
 3.58686e+22	1.16e-11	1.46e-07	1.38e-04	2.36e-03	1.68e-02	3.74e-02	2.28e-02	7.35e-02	4.14e-01	3.36e-01	8.51e-02	1.10e-02	6.81e-04	1.98e-05	4.01e-07	0.00e+00	0.00e+00	0.00e+00	0.00e+00
 3.61278e+22	1.69e-11	2.02e-07	1.82e-04	2.96e-03	2.00e-02	4.27e-02	2.50e-02	7.93e-02	4.20e-01	3.22e-01	7.74e-02	9.61e-03	5.66e-04	1.60e-05	3.12e-07	0.00e+00	0.00e+00	0.00e+00	0.00e+00
 3.63889e+22	2.23e-11	2.58e-07	2.24e-04	3.52e-03	2.28e-02	4.72e-02	2.67e-02	8.36e-02	4.24e-01	3.11e-01	7.20e-02	8.64e-03	4.92e-04	1.36e-05	2.59e-07	0.00e+00	0.00e+00	0.00e+00	0.00e+00
 3.66526e+22	3.24e-11	3.57e-07	2.96e-04	4.40e-03	2.70e-02	5.36e-02	2.92e-02	8.96e-02	4.27e-01	2.96e-01	6.50e-02	7.47e-03	4.06e-04	1.09e-05	2.00e-07	0.00e+00	0.00e+00	0.00e+00	0.00e+00
 3.69030e+22	4.17e-11	4.45e-07	3.58e-04	5.13e-03	3.03e-02	5.84e-02	3.09e-02	9.36e-02	4.29e-01	2.85e-01	6.05e-02	6.74e-03	3.55e-04	9.34e-06	1.68e-07	0.00e+00	0.00e+00	0.00e+00	0.00e+00
 3.71360e+22	5.66e-11	5.81e-07	4.49e-04	6.15e-03	3.48e-02	6.46e-02	3.31e-02	9.85e-02	4.29e-01	2.72e-01	5.53e-02	5.93e-03	3.02e-04	7.75e-06	1.35e-07	0.00e+00	0.00e+00	0.00e+00	0.00e+00
 3.73851e+22	7.54e-11	7.44e-07	5.54e-04	7.28e-03	3.96e-02	7.09e-02	3.52e-02	1.03e-01	4.28e-01	2.59e-01	5.07e-02	5.25e-03	2.58e-04	6.48e-06	0.00e+00	0.00e+00	0.00e+00	0.00e+00	0.00e+00
 3.76173e+22	9.88e-11	9.42e-07	6.77e-04	8.54e-03	4.46e-02	7.73e-02	3.72e-02	1.07e-01	4.26e-01	2.47e-01	4.65e-02	4.66e-03	2.21e-04	5.45e-06	0.00e+00	0.00e+00	0.00e+00	0.00e+00	0.00e+00
 3.78358e+22	1.27e-10	1.17e-06	8.12e-04	9.88e-03	4.96e-02	8.35e-02	3.91e-02	1.11e-01	4.23e-01	2.36e-01	4.28e-02	4.16e-03	1.92e-04	4.63e-06	0.00e+00	0.00e+00	0.00e+00	0.00e+00	0.00e+00
 3.80431e+22	1.61e-10	1.44e-06	9.70e-04	1.14e-02	5.50e-02	8.98e-02	4.09e-02	1.15e-01	4.19e-01	2.25e-01	3.94e-02	3.71e-03	1.66e-04	3.94e-06	0.00e+00	0.00e+00	0.00e+00	0.00e+00	0.00e+00
 3.82813e+22	2.19e-10	1.88e-06	1.21e-03	1.35e-02	6.26e-02	9.83e-02	4.33e-02	1.19e-01	4.13e-01	2.11e-01	3.53e-02	3.20e-03	1.38e-04	3.20e-06	0.00e+00	0.00e+00	0.00e+00	0.00e+00	0.00e+00
 3.85234e+22	2.80e-10	2.32e-06	1.45e-03	1.56e-02	6.94e-02	1.06e-01	4.53e-02	1.22e-01	4.06e-01	1.99e-01	3.22e-02	2.83e-03	1.18e-04	2.69e-06	0.00e+00	0.00e+00	0.00e+00	0.00e+00	0.00e+00
 3.87708e+22	3.80e-10	3.02e-06	1.81e-03	1.85e-02	7.85e-02	1.15e-01	4.76e-02	1.26e-01	3.97e-01	1.85e-01	2.85e-02	2.42e-03	9.75e-05	2.16e-06	0.00e+00	0.00e+00	0.00e+00	0.00e+00	0.00e+00
 3.90244e+22	4.93e-10	3.78e-06	2.18e-03	2.14e-02	8.71e-02	1.23e-01	4.96e-02	1.29e-01	3.88e-01	1.72e-01	2.56e-02	2.10e-03	8.19e-05	1.78e-06	0.00e+00	0.00e+00	0.00e+00	0.00e+00	0.00e+00
 3.92480e+22	6.28e-10	4.65e-06	2.60e-03	2.45e-02	9.57e-02	1.31e-01	5.13e-02	1.31e-01	3.78e-01	1.61e-01	2.31e-02	1.83e-03	6.93e-05	1.48e-06	0.00e+00	0.00e+00	0.00e+00	0.00e+00	0.00e+00
 3.95007e+22	8.45e-10	6.00e-06	3.21e-03	2.87e-02	1.07e-01	1.41e-01	5.34e-02	1.33e-01	3.64e-01	1.47e-01	2.02e-02	1.54e-03	5.61e-05	1.17e-06	0.00e+00	0.00e+00	0.00e+00	0.00e+00	0.00e+00
 3.97649e+22	1.10e-09	7.51e-06	3.87e-03	3.31e-02	1.18e-01	1.50e-01	5.51e-02	1.35e-01	3.50e-01	1.35e-01	1.78e-02	1.31e-03	4.62e-05	9.44e-07	0.00e+00	0.00e+00	0.00e+00	0.00e+00	0.00e+00
 4.00047e+22	1.41e-09	9.26e-06	4.60e-03	3.77e-02	1.29e-01	1.58e-01	5.66e-02	1.36e-01	3.37e-01	1.24e-01	1.57e-02	1.12e-03	3.82e-05	7.66e-07	0.00e+00	0.00e+00	0.00e+00	0.00e+00	0.00e+00
 4.02773e+22	1.91e-09	1.20e-05	5.70e-03	4.42e-02	1.43e-01	1.69e-01	5.82e-02	1.36e-01	3.18e-01	1.11e-01	1.34e-02	9.11e-04	3.00e-05	5.86e-07	0.00e+00	0.00e+00	0.00e+00	0.00e+00	0.00e+00
 4.05573e+22	2.48e-09	1.50e-05	6.83e-03	5.05e-02	1.56e-01	1.77e-01	5.93e-02	1.36e-01	3.02e-01	1.00e-01	1.15e-02	7.59e-04	2.41e-05	4.62e-07	0.00e+00	0.00e+00	0.00e+00	0.00e+00	0.00e+00
 4.08058e+22	3.15e-09	1.84e-05	8.06e-03	5.69e-02	1.69e-01	1.85e-01	6.01e-02	1.35e-01	2.85e-01	9.03e-02	1.00e-02	6.36e-04	1.96e-05	3.67e-07	0.00e+00	0.00e+00	0.00e+00	0.00e+00	0.00e+00
 4.10877e+22	4.25e-09	2.36e-05	9.86e-03	6.58e-02	1.85e-01	1.94e-01	6.08e-02	1.33e-01	2.64e-01	7.88e-02	8.30e-03	5.06e-04	1.50e-05	2.74e-07	0.00e+00	0.00e+00	0.00e+00	0.00e+00	0.00e+00
 4.13786e+22	5.48e-09	2.92e-05	1.17e-02	7.43e-02	1.99e-01	2.01e-01	6.11e-02	1.30e-01	2.46e-01	6.96e-02	7.01e-03	4.11e-04	1.17e-05	2.11e-07	0.00e+00	0.00e+00	0.00e+00	0.00e+00	0.00e+00
 4.16388e+22	6.94e-09	3.55e-05	1.37e-02	8.29e-02	2.12e-01	2.06e-01	6.11e-02	1.27e-01	2.28e-01	6.15e-02	5.94e-03	3.36e-04	9.30e-06	1.63e-07	0.00e+00	0.00e+00	0.00e+00	0.00e+00	0.00e+00
 4.19349e+22	9.29e-09	4.52e-05	1.66e-02	9.45e-02	2.29e-01	2.12e-01	6.07e-02	1.23e-01	2.07e-01	5.23e-02	4.79e-03	2.59e-04	6.88e-06	0.00e+00	0.00e+00	0.00e+00	0.00e+00	0.00e+00	0.00e+00
 4.22347e+22	1.18e-08	5.52e-05	1.94e-02	1.05e-01	2.42e-01	2.17e-01	6.01e-02	1.19e-01	1.89e-01	4.53e-02	3.96e-03	2.07e-04	5.29e-06	0.00e+00	0.00e+00	0.00e+00	0.00e+00	0.00e+00	0.00e+00
 4.24975e+22	1.48e-08	6.63e-05	2.24e-02	1.15e-01	2.54e-01	2.19e-01	5.92e-02	1.14e-01	1.72e-01	3.93e-02	3.30e-03	1.66e-04	4.12e-06	0.00e+00	0.00e+00	0.00e+00	0.00e+00	0.00e+00	0.00e+00
 4.27973e+22	1.94e-08	8.30e-05	2.67e-02	1.29e-01	2.69e-01	2.22e-01	5.78e-02	1.08e-01	1.53e-01	3.27e-02	2.60e-03	1.25e-04	2.99e-06	0.00e+00	0.00e+00	0.00e+00	0.00e+00	0.00e+00	0.00e+00
 4.31041e+22	2.45e-08	1.00e-04	3.08e-02	1.41e-01	2.80e-01	2.22e-01	5.62e-02	1.02e-01	1.37e-01	2.77e-02	2.11e-03	9.78e-05	2.25e-06	0.00e+00	0.00e+00	0.00e+00	0.00e+00	0.00e+00	0.00e+00
 4.33771e+22	3.03e-08	1.19e-04	3.52e-02	1.54e-01	2.90e-01	2.22e-01	5.46e-02	9.66e-02	1.23e-01	2.36e-02	1.72e-03	7.68e-05	1.71e-06	0.00e+00	0.00e+00	0.00e+00	0.00e+00	0.00e+00	0.00e+00
 4.36890e+22	3.96e-08	1.48e-04	4.14e-02	1.69e-01	3.01e-01	2.20e-01	5.23e-02	8.95e-02	1.06e-01	1.91e-02	1.31e-03	5.62e-05	1.20e-06	0.00e+00	0.00e+00	0.00e+00	0.00e+00	0.00e+00	0.00e+00
 4.40079e+22	4.95e-08	1.76e-04	4.73e-02	1.83e-01	3.09e-01	2.17e-01	5.01e-02	8.33e-02	9.33e-02	1.58e-02	1.04e-03	4.27e-05	8.80e-07	0.00e+00	0.00e+00	0.00e+00	0.00e+00	0.00e+00	0.00e+00
 4.42902e+22	6.08e-08	2.08e-04	5.34e-02	1.96e-01	3.15e-01	2.14e-01	4.80e-02	7.75e-02	8.21e-02	1.32e-02	8.28e-04	3.28e-05	6.53e-07	0.00e+00	0.00e+00	0.00e+00	0.00e+00	0.00e+00	0.00e+00
 4.45665e+22	7.41e-08	2.43e-04	6.00e-02	2.09e-01	3.20e-01	2.09e-01	4.58e-02	7.19e-02	7.22e-02	1.10e-02	6.60e-04	2.52e-05	4.86e-07	0.00e+00	0.00e+00	0.00e+00	0.00e+00	0.00e+00	0.00e+00
 4.48805e+22	9.44e-08	2.94e-04	6.89e-02	2.24e-01	3.25e-01	2.03e-01	4.30e-02	6.52e-02	6.12e-02	8.68e-03	4.95e-04	1.81e-05	3.35e-07	0.00e+00	0.00e+00	0.00e+00	0.00e+00	0.00e+00	0.00e+00
 4.51980e+22	1.15e-07	3.44e-04	7.71e-02	2.38e-01	3.27e-01	1.97e-01	4.06e-02	5.97e-02	5.29e-02	7.09e-03	3.86e-04	1.36e-05	2.43e-07	0.00e+00	0.00e+00	0.00e+00	0.00e+00	0.00e+00	0.00e+00
 4.54736e+22	1.39e-07	3.96e-04	8.53e-02	2.50e-01	3.28e-01	1.91e-01	3.83e-02	5.48e-02	4.61e-02	5.84e-03	3.05e-04	1.03e-05	1.79e-07	0.00e+00	0.00e+00	0.00e+00	0.00e+00	0.00e+00	0.00e+00
 4.57858e+22	1.74e-07	4.72e-04	9.65e-02	2.64e-01	3.28e-01	1.83e-01	3.55e-02	4.90e-02	3.85e-02	4.56e-03	2.25e-04	7.32e-06	1.22e-07	0.00e+00	0.00e+00	0.00e+00	0.00e+00	0.00e+00	0.00e+00
 4.61052e+22	2.10e-07	5.46e-04	1.07e-01	2.76e-01	3.26e-01	1.76e-01	3.32e-02	4.44e-02	3.29e-02	3.68e-03	1.74e-04	5.44e-06	0.00e+00	0.00e+00	0.00e+00	0.00e+00	0.00e+00	0.00e+00	0.00e+00
 4.63790e+22	2.49e-07	6.21e-04	1.17e-01	2.87e-01	3.24e-01	1.69e-01	3.11e-02	4.04e-02	2.85e-02	3.01e-03	1.36e-04	4.13e-06	0.00e+00	0.00e+00	0.00e+00	0.00e+00	0.00e+00	0.00e+00	0.00e+00
 4.66800e+22	3.05e-07	7.25e-04	1.30e-01	2.99e-01	3.20e-01	1.60e-01	2.87e-02	3.59e-02	2.37e-02	2.35e-03	1.01e-04	2.93e-06	0.00e+00	0.00e+00	0.00e+00	0.00e+00	0.00e+00	0.00e+00	0.00e+00
 4.69882e+22	3.61e-07	8.23e-04	1.41e-01	3.09e-01	3.15e-01	1.52e-01	2.67e-02	3.23e-02	2.03e-02	1.90e-03	7.82e-05	2.19e-06	0.00e+00	0.00e+00	0.00e+00	0.00e+00	0.00e+00	0.00e+00	0.00e+00
 4.72628e+22	4.25e-07	9.30e-04	1.53e-01	3.18e-01	3.10e-01	1.45e-01	2.48e-02	2.91e-02	1.73e-02	1.53e-03	6.06e-05	1.64e-06	0.00e+00	0.00e+00	0.00e+00	0.00e+00	0.00e+00	0.00e+00	0.00e+00
 4.75099e+22	4.86e-07	1.03e-03	1.63e-01	3.25e-01	3.05e-01	1.39e-01	2.33e-02	2.66e-02	1.52e-02	1.28e-03	4.89e-05	1.29e-06	0.00e+00	0.00e+00	0.00e+00	0.00e+00	0.00e+00	0.00e+00	0.00e+00
 4.77307e+22	5.50e-07	1.13e-03	1.73e-01	3.31e-01	3.00e-01	1.33e-01	2.19e-02	2.45e-02	1.34e-02	1.08e-03	4.00e-05	1.02e-06	0.00e+00	0.00e+00	0.00e+00	0.00e+00	0.00e+00	0.00e+00	0.00e+00
 4.79844e+22	6.40e-07	1.26e-03	1.87e-01	3.38e-01	2.93e-01	1.26e-01	2.03e-02	2.20e-02	1.14e-02	8.74e-04	3.10e-05	7.68e-07	0.00e+00	0.00e+00	0.00e+00	0.00e+00	0.00e+00	0.00e+00	0.00e+00
 4.82467e+22	7.35e-07	1.39e-03	1.99e-01	3.44e-01	2.86e-01	1.20e-01	1.89e-02	1.99e-02	9.84e-03	7.17e-04	2.45e-05	5.88e-07	0.00e+00	0.00e+00	0.00e+00	0.00e+00	0.00e+00	0.00e+00	0.00e+00
 4.84780e+22	8.31e-07	1.52e-03	2.10e-01	3.49e-01	2.80e-01	1.14e-01	1.77e-02	1.81e-02	8.60e-03	5.99e-04	1.98e-05	4.62e-07	0.00e+00	0.00e+00	0.00e+00	0.00e+00	0.00e+00	0.00e+00	0.00e+00
 4.87367e+22	9.70e-07	1.71e-03	2.26e-01	3.54e-01	2.71e-01	1.07e-01	1.62e-02	1.60e-02	7.22e-03	4.74e-04	1.50e-05	3.38e-07	0.00e+00	0.00e+00	0.00e+00	0.00e+00	0.00e+00	0.00e+00	0.00e+00
 4.90005e+22	1.10e-06	1.87e-03	2.39e-01	3.58e-01	2.64e-01	1.02e-01	1.51e-02	1.45e-02	6.25e-03	3.91e-04	1.20e-05	2.62e-07	0.00e+00	0.00e+00	0.00e+00	0.00e+00	0.00e+00	0.00e+00	0.00e+00
 4.92709e+22	1.28e-06	2.09e-03	2.55e-01	3.61e-01	2.54e-01	9.50e-02	1.37e-02	1.27e-02	5.19e-03	3.06e-04	8.95e-06	1.88e-07	0.00e+00	0.00e+00	0.00e+00	0.00e+00	0.00e+00	0.00e+00	0.00e+00
 4.95434e+22	1.45e-06	2.28e-03	2.69e-01	3.64e-01	2.46e-01	8.97e-02	1.27e-02	1.14e-02	4.47e-03	2.51e-04	7.09e-06	1.45e-07	0.00e+00	0.00e+00	0.00e+00	0.00e+00	0.00e+00	0.00e+00	0.00e+00
 4.98187e+22	1.69e-06	2.54e-03	2.87e-01	3.66e-01	2.36e-01	8.33e-02	1.15e-02	9.99e-03	3.69e-03	1.95e-04	5.27e-06	0.00e+00	0.00e+00	0.00e+00	0.00e+00	0.00e+00	0.00e+00	0.00e+00	0.00e+00
 5.00978e+22	1.91e-06	2.76e-03	3.01e-01	3.67e-01	2.28e-01	7.84e-02	1.06e-02	8.94e-03	3.16e-03	1.58e-04	4.14e-06	0.00e+00	0.00e+00	0.00e+00	0.00e+00	0.00e+00	0.00e+00	0.00e+00	0.00e+00
 5.03819e+22	2.22e-06	3.07e-03	3.20e-01	3.67e-01	2.17e-01	7.23e-02	9.55e-03	7.74e-03	2.59e-03	1.22e-04	3.04e-06	0.00e+00	0.00e+00	0.00e+00	0.00e+00	0.00e+00	0.00e+00	0.00e+00	0.00e+00
 5.06696e+22	2.51e-06	3.34e-03	3.35e-01	3.67e-01	2.09e-01	6.77e-02	8.76e-03	6.88e-03	2.20e-03	9.83e-05	2.37e-06	0.00e+00	0.00e+00	0.00e+00	0.00e+00	0.00e+00	0.00e+00	0.00e+00	0.00e+00
 5.09622e+22	2.92e-06	3.71e-03	3.56e-01	3.65e-01	1.98e-01	6.22e-02	7.86e-03	5.93e-03	1.79e-03	7.50e-05	1.73e-06	0.00e+00	0.00e+00	0.00e+00	0.00e+00	0.00e+00	0.00e+00	0.00e+00	0.00e+00
 5.12592e+22	3.31e-06	4.04e-03	3.72e-01	3.63e-01	1.89e-01	5.78e-02	7.16e-03	5.22e-03	1.51e-03	5.98e-05	1.33e-06	0.00e+00	0.00e+00	0.00e+00	0.00e+00	0.00e+00	0.00e+00	0.00e+00	0.00e+00
 5.15620e+22	3.86e-06	4.49e-03	3.94e-01	3.59e-01	1.78e-01	5.27e-02	6.36e-03	4.45e-03	1.21e-03	4.49e-05	9.53e-07	0.00e+00	0.00e+00	0.00e+00	0.00e+00	0.00e+00	0.00e+00	0.00e+00	0.00e+00
 5.18679e+22	4.36e-06	4.87e-03	4.11e-01	3.55e-01	1.70e-01	4.89e-02	5.78e-03	3.91e-03	1.02e-03	3.58e-05	7.33e-07	0.00e+00	0.00e+00	0.00e+00	0.00e+00	0.00e+00	0.00e+00	0.00e+00	0.00e+00
 5.21780e+22	5.05e-06	5.37e-03	4.32e-01	3.50e-01	1.59e-01	4.45e-02	5.13e-03	3.32e-03	8.19e-04	2.69e-05	5.27e-07	0.00e+00	0.00e+00	0.00e+00	0.00e+00	0.00e+00	0.00e+00	0.00e+00	0.00e+00
