#depth	Cl	Cl+	Cl+2	Cl+3	Cl+4	Cl+5	Cl+6	Cl+7	Cl+8	Cl+9	Cl+10	Cl+11	Cl+12	Cl+13	Cl+14	Cl+15	Cl+16	Cl+17
 4.62852e+21	0.00e+00	5.52e-29	3.63e-25	1.18e-21	1.03e-18	5.86e-16	1.82e-13	6.90e-11	6.99e-09	3.20e-07	7.05e-06	9.46e-05	7.68e-04	4.30e-03	2.62e-02	2.97e-01	4.53e-01	2.19e-01
 1.02137e+22	0.00e+00	9.11e-27	4.31e-23	8.56e-20	4.25e-17	1.35e-14	3.53e-12	1.85e-09	1.47e-07	5.10e-06	8.24e-05	8.06e-04	4.44e-03	1.51e-02	5.71e-02	4.10e-01	3.92e-01	1.20e-01
 1.16488e+22	0.00e+00	1.74e-25	6.61e-22	1.02e-18	3.80e-16	8.99e-14	1.75e-11	8.76e-09	6.34e-07	1.94e-05	2.68e-04	2.23e-03	1.00e-02	2.65e-02	7.89e-02	4.53e-01	3.44e-01	8.43e-02
 1.23663e+22	0.00e+00	7.92e-25	2.68e-21	3.62e-18	1.15e-15	2.32e-13	3.86e-11	1.91e-08	1.33e-06	3.84e-05	4.87e-04	3.72e-03	1.51e-02	3.50e-02	9.16e-02	4.69e-01	3.16e-01	6.87e-02
 1.26653e+22	0.00e+00	1.17e-24	3.84e-21	5.01e-18	1.53e-15	2.95e-13	4.71e-11	2.33e-08	1.61e-06	4.57e-05	5.68e-04	4.24e-03	1.67e-02	3.75e-02	9.49e-02	4.72e-01	3.09e-01	6.51e-02
 1.27691e+22	0.00e+00	1.55e-24	4.99e-21	6.34e-18	1.88e-15	3.51e-13	5.44e-11	2.70e-08	1.85e-06	5.19e-05	6.35e-04	4.66e-03	1.80e-02	3.94e-02	9.74e-02	4.74e-01	3.03e-01	6.25e-02
 1.28702e+22	0.00e+00	2.28e-24	7.08e-21	8.68e-18	2.46e-15	4.42e-13	6.56e-11	3.26e-08	2.22e-06	6.14e-05	7.36e-04	5.29e-03	1.98e-02	4.21e-02	1.01e-01	4.77e-01	2.95e-01	5.92e-02
 1.29715e+22	0.00e+00	3.05e-24	9.24e-21	1.10e-17	3.03e-15	5.26e-13	7.56e-11	3.77e-08	2.55e-06	6.98e-05	8.24e-04	5.82e-03	2.14e-02	4.42e-02	1.03e-01	4.78e-01	2.89e-01	5.67e-02
 1.30730e+22	0.00e+00	4.47e-24	1.31e-20	1.51e-17	3.97e-15	6.61e-13	9.11e-11	4.56e-08	3.06e-06	8.27e-05	9.55e-04	6.60e-03	2.36e-02	4.72e-02	1.07e-01	4.80e-01	2.82e-01	5.35e-02
 1.31753e+22	0.00e+00	6.07e-24	1.74e-20	1.94e-17	4.93e-15	7.91e-13	1.06e-10	5.30e-08	3.54e-06	9.46e-05	1.07e-03	7.29e-03	2.54e-02	4.96e-02	1.09e-01	4.81e-01	2.75e-01	5.11e-02
 1.32786e+22	0.00e+00	9.24e-24	2.55e-20	2.72e-17	6.59e-15	1.01e-12	1.28e-10	6.49e-08	4.31e-06	1.14e-04	1.26e-03	8.34e-03	2.83e-02	5.31e-02	1.13e-01	4.81e-01	2.67e-01	4.79e-02
 1.33745e+22	0.00e+00	1.18e-23	3.20e-20	3.34e-17	7.86e-15	1.17e-12	1.44e-10	7.34e-08	4.85e-06	1.27e-04	1.39e-03	9.04e-03	3.01e-02	5.53e-02	1.15e-01	4.82e-01	2.62e-01	4.61e-02
 1.34606e+22	0.00e+00	1.69e-23	4.42e-20	4.45e-17	1.00e-14	1.43e-12	1.70e-10	8.70e-08	5.73e-06	1.48e-04	1.59e-03	1.01e-02	3.28e-02	5.85e-02	1.18e-01	4.81e-01	2.54e-01	4.35e-02
 1.35477e+22	0.00e+00	2.20e-23	5.62e-20	5.50e-17	1.21e-14	1.66e-12	1.92e-10	9.89e-08	6.48e-06	1.66e-04	1.75e-03	1.10e-02	3.49e-02	6.10e-02	1.20e-01	4.81e-01	2.49e-01	4.17e-02
 1.36362e+22	0.00e+00	3.16e-23	7.81e-20	7.36e-17	1.54e-14	2.04e-12	2.26e-10	1.17e-07	7.67e-06	1.94e-04	2.00e-03	1.23e-02	3.81e-02	6.45e-02	1.23e-01	4.80e-01	2.41e-01	3.93e-02
 1.37260e+22	0.00e+00	4.24e-23	1.02e-19	9.32e-17	1.89e-14	2.40e-12	2.57e-10	1.35e-07	8.79e-06	2.20e-04	2.24e-03	1.35e-02	4.09e-02	6.74e-02	1.25e-01	4.78e-01	2.35e-01	3.74e-02
 1.38174e+22	0.00e+00	6.32e-23	1.47e-19	1.28e-16	2.47e-14	2.98e-12	3.05e-10	1.62e-07	1.05e-05	2.60e-04	2.59e-03	1.53e-02	4.49e-02	7.15e-02	1.28e-01	4.76e-01	2.26e-01	3.49e-02
 1.39074e+22	0.00e+00	8.32e-23	1.88e-19	1.60e-16	2.98e-14	3.48e-12	3.44e-10	1.85e-07	1.20e-05	2.93e-04	2.87e-03	1.66e-02	4.78e-02	7.44e-02	1.30e-01	4.74e-01	2.20e-01	3.33e-02
 1.39955e+22	0.00e+00	1.23e-22	2.67e-19	2.17e-16	3.85e-14	4.28e-12	4.05e-10	2.21e-07	1.43e-05	3.45e-04	3.31e-03	1.87e-02	5.22e-02	7.87e-02	1.33e-01	4.71e-01	2.12e-01	3.11e-02
 1.40849e+22	0.00e+00	1.67e-22	3.53e-19	2.77e-16	4.73e-14	5.05e-12	4.60e-10	2.55e-07	1.64e-05	3.93e-04	3.70e-03	2.05e-02	5.60e-02	8.21e-02	1.35e-01	4.67e-01	2.05e-01	2.94e-02
 1.41628e+22	0.00e+00	2.27e-22	4.65e-19	3.52e-16	5.78e-14	5.92e-12	5.21e-10	2.93e-07	1.89e-05	4.46e-04	4.13e-03	2.24e-02	5.99e-02	8.56e-02	1.37e-01	4.64e-01	1.99e-01	2.78e-02
 1.42508e+22	0.00e+00	3.41e-22	6.70e-19	4.83e-16	7.52e-14	7.30e-12	6.12e-10	3.51e-07	2.26e-05	5.28e-04	4.77e-03	2.52e-02	6.54e-02	9.02e-02	1.39e-01	4.58e-01	1.90e-01	2.57e-02
 1.43382e+22	0.00e+00	4.63e-22	8.84e-19	6.15e-16	9.19e-14	8.55e-12	6.90e-10	4.02e-07	2.59e-05	5.99e-04	5.31e-03	2.75e-02	6.99e-02	9.39e-02	1.41e-01	4.54e-01	1.84e-01	2.43e-02
 1.44247e+22	0.00e+00	6.99e-22	1.28e-18	8.45e-16	1.19e-13	1.05e-11	8.07e-10	4.82e-07	3.10e-05	7.09e-04	6.13e-03	3.09e-02	7.61e-02	9.87e-02	1.43e-01	4.47e-01	1.75e-01	2.24e-02
 1.45087e+22	0.00e+00	9.38e-22	1.66e-18	1.06e-15	1.44e-13	1.22e-11	9.02e-10	5.48e-07	3.52e-05	7.98e-04	6.79e-03	3.36e-02	8.08e-02	1.02e-01	1.44e-01	4.41e-01	1.69e-01	2.11e-02
 1.45892e+22	0.00e+00	1.39e-21	2.37e-18	1.44e-15	1.85e-13	1.48e-11	1.04e-09	6.49e-07	4.18e-05	9.36e-04	7.77e-03	3.74e-02	8.74e-02	1.07e-01	1.46e-01	4.34e-01	1.60e-01	1.94e-02
 1.46699e+22	0.00e+00	1.89e-21	3.11e-18	1.81e-15	2.24e-13	1.71e-11	1.16e-09	7.39e-07	4.76e-05	1.06e-03	8.61e-03	4.06e-02	9.28e-02	1.11e-01	1.47e-01	4.27e-01	1.54e-01	1.82e-02
 1.47509e+22	0.00e+00	2.84e-21	4.46e-18	2.47e-15	2.88e-13	2.08e-11	1.34e-09	8.77e-07	5.65e-05	1.24e-03	9.86e-03	4.52e-02	1.00e-01	1.16e-01	1.48e-01	4.17e-01	1.46e-01	1.67e-02
 1.48325e+22	0.00e+00	3.88e-21	5.89e-18	3.13e-15	3.49e-13	2.41e-11	1.50e-09	9.99e-07	6.44e-05	1.40e-03	1.09e-02	4.90e-02	1.06e-01	1.19e-01	1.48e-01	4.10e-01	1.39e-01	1.55e-02
 1.49149e+22	0.00e+00	5.81e-21	8.42e-18	4.25e-15	4.48e-13	2.91e-11	1.73e-09	1.18e-06	7.62e-05	1.63e-03	1.24e-02	5.43e-02	1.14e-01	1.24e-01	1.49e-01	3.99e-01	1.31e-01	1.42e-02
 1.49995e+22	0.00e+00	8.07e-21	1.13e-17	5.44e-15	5.48e-13	3.40e-11	1.93e-09	1.35e-06	8.72e-05	1.85e-03	1.38e-02	5.89e-02	1.21e-01	1.28e-01	1.49e-01	3.90e-01	1.25e-01	1.31e-02
 1.50746e+22	0.00e+00	1.11e-20	1.50e-17	6.93e-15	6.67e-13	3.95e-11	2.16e-09	1.54e-06	9.93e-05	2.09e-03	1.53e-02	6.37e-02	1.28e-01	1.31e-01	1.49e-01	3.81e-01	1.19e-01	1.21e-02
 1.51580e+22	0.00e+00	1.69e-20	2.16e-17	9.44e-15	8.56e-13	4.76e-11	2.47e-09	1.81e-06	1.17e-04	2.43e-03	1.73e-02	7.02e-02	1.36e-01	1.35e-01	1.48e-01	3.68e-01	1.11e-01	1.10e-02
 1.52415e+22	0.00e+00	2.29e-20	2.84e-17	1.19e-14	1.03e-12	5.50e-11	2.75e-09	2.05e-06	1.32e-04	2.72e-03	1.90e-02	7.54e-02	1.43e-01	1.39e-01	1.47e-01	3.58e-01	1.05e-01	1.01e-02
 1.53267e+22	0.00e+00	3.47e-20	4.10e-17	1.62e-14	1.32e-12	6.64e-11	3.15e-09	2.41e-06	1.55e-04	3.16e-03	2.15e-02	8.27e-02	1.52e-01	1.42e-01	1.46e-01	3.45e-01	9.76e-02	9.09e-03
 1.54142e+22	2.16e-33	4.85e-20	5.51e-17	2.08e-14	1.62e-12	7.72e-11	3.52e-09	2.73e-06	1.76e-04	3.55e-03	2.37e-02	8.89e-02	1.60e-01	1.45e-01	1.45e-01	3.34e-01	9.18e-02	8.31e-03
 1.54995e+22	3.32e-33	7.15e-20	7.76e-17	2.77e-14	2.04e-12	9.19e-11	3.99e-09	3.16e-06	2.04e-04	4.06e-03	2.65e-02	9.64e-02	1.68e-01	1.48e-01	1.43e-01	3.20e-01	8.52e-02	7.46e-03
 1.55865e+22	4.84e-33	1.00e-19	1.05e-16	3.56e-14	2.50e-12	1.07e-10	4.47e-09	3.59e-06	2.31e-04	4.55e-03	2.91e-02	1.03e-01	1.76e-01	1.51e-01	1.41e-01	3.08e-01	7.97e-02	6.78e-03
 1.56745e+22	7.45e-33	1.48e-19	1.47e-16	4.75e-14	3.15e-12	1.27e-10	5.07e-09	4.13e-06	2.66e-04	5.17e-03	3.23e-02	1.11e-01	1.84e-01	1.53e-01	1.39e-01	2.95e-01	7.36e-02	6.06e-03
 1.57640e+22	1.09e-32	2.09e-19	1.99e-16	6.12e-14	3.87e-12	1.49e-10	5.68e-09	4.67e-06	3.00e-04	5.78e-03	3.53e-02	1.19e-01	1.92e-01	1.55e-01	1.36e-01	2.82e-01	6.84e-02	5.47e-03
 1.58484e+22	1.57e-32	2.90e-19	2.66e-16	7.81e-14	4.71e-12	1.73e-10	6.34e-09	5.24e-06	3.36e-04	6.42e-03	3.85e-02	1.26e-01	1.99e-01	1.57e-01	1.34e-01	2.71e-01	6.37e-02	4.95e-03
 1.59391e+22	2.39e-32	4.23e-19	3.72e-16	1.03e-13	5.90e-12	2.05e-10	7.20e-09	5.97e-06	3.82e-04	7.22e-03	4.23e-02	1.35e-01	2.07e-01	1.58e-01	1.31e-01	2.57e-01	5.85e-02	4.40e-03
 1.60310e+22	3.42e-32	5.86e-19	4.95e-16	1.31e-13	7.18e-12	2.38e-10	8.04e-09	6.68e-06	4.26e-04	7.97e-03	4.58e-02	1.42e-01	2.13e-01	1.59e-01	1.28e-01	2.45e-01	5.42e-02	3.96e-03
 1.61254e+22	5.19e-32	8.55e-19	6.91e-16	1.74e-13	9.01e-12	2.84e-10	9.16e-09	7.59e-06	4.81e-04	8.93e-03	5.01e-02	1.51e-01	2.21e-01	1.59e-01	1.24e-01	2.32e-01	4.95e-02	3.50e-03
 1.62222e+22	7.46e-32	1.19e-18	9.23e-16	2.22e-13	1.10e-11	3.30e-10	1.03e-08	8.46e-06	5.35e-04	9.82e-03	5.41e-02	1.59e-01	2.27e-01	1.59e-01	1.21e-01	2.20e-01	4.57e-02	3.14e-03
 1.63222e+22	1.13e-31	1.74e-18	1.29e-15	2.94e-13	1.38e-11	3.95e-10	1.17e-08	9.59e-06	6.03e-04	1.10e-02	5.90e-02	1.69e-01	2.33e-01	1.59e-01	1.17e-01	2.07e-01	4.15e-02	2.75e-03
 1.64250e+22	1.63e-31	2.41e-18	1.73e-15	3.75e-13	1.69e-11	4.61e-10	1.32e-08	1.07e-05	6.67e-04	1.20e-02	6.34e-02	1.77e-01	2.39e-01	1.58e-01	1.14e-01	1.96e-01	3.81e-02	2.45e-03
 1.65318e+22	2.48e-31	3.55e-18	2.43e-15	5.00e-13	2.14e-11	5.54e-10	1.52e-08	1.21e-05	7.50e-04	1.34e-02	6.89e-02	1.86e-01	2.44e-01	1.57e-01	1.09e-01	1.83e-01	3.43e-02	2.13e-03
 1.66417e+22	3.57e-31	4.93e-18	3.25e-15	6.40e-13	2.62e-11	6.50e-10	1.72e-08	1.34e-05	8.28e-04	1.46e-02	7.38e-02	1.94e-01	2.49e-01	1.56e-01	1.06e-01	1.73e-01	3.14e-02	1.89e-03
 1.67564e+22	5.45e-31	7.26e-18	4.58e-15	8.55e-13	3.33e-11	7.85e-10	1.98e-08	1.52e-05	9.30e-04	1.62e-02	7.99e-02	2.04e-01	2.54e-01	1.54e-01	1.01e-01	1.61e-01	2.81e-02	1.63e-03
 1.68722e+22	7.69e-31	9.93e-18	6.04e-15	1.08e-12	4.05e-11	9.16e-10	2.24e-08	1.68e-05	1.02e-03	1.75e-02	8.51e-02	2.12e-01	2.57e-01	1.52e-01	9.74e-02	1.51e-01	2.56e-02	1.45e-03
 1.69927e+22	1.19e-30	1.47e-17	8.58e-15	1.46e-12	5.19e-11	1.11e-09	2.60e-08	1.91e-05	1.14e-03	1.94e-02	9.19e-02	2.21e-01	2.61e-01	1.49e-01	9.27e-02	1.39e-01	2.28e-02	1.24e-03
 1.71161e+22	1.67e-30	2.01e-17	1.13e-14	1.84e-12	6.31e-11	1.30e-09	2.94e-08	2.10e-05	1.25e-03	2.10e-02	9.75e-02	2.29e-01	2.63e-01	1.47e-01	8.89e-02	1.31e-01	2.07e-02	1.09e-03
 1.72432e+22	2.57e-30	2.99e-17	1.61e-14	2.48e-12	8.09e-11	1.59e-09	3.43e-08	2.38e-05	1.40e-03	2.31e-02	1.05e-01	2.38e-01	2.66e-01	1.43e-01	8.42e-02	1.20e-01	1.83e-02	9.27e-04
 1.73666e+22	3.47e-30	3.93e-17	2.05e-14	3.05e-12	9.63e-11	1.83e-09	3.83e-08	2.60e-05	1.51e-03	2.48e-02	1.10e-01	2.44e-01	2.67e-01	1.41e-01	8.09e-02	1.13e-01	1.67e-02	8.25e-04
 1.74852e+22	5.10e-30	5.58e-17	2.80e-14	3.98e-12	1.20e-10	2.19e-09	4.41e-08	2.91e-05	1.66e-03	2.69e-02	1.17e-01	2.52e-01	2.68e-01	1.37e-01	7.68e-02	1.04e-01	1.49e-02	7.10e-04
 1.76068e+22	6.91e-30	7.36e-17	3.59e-14	4.92e-12	1.44e-10	2.52e-09	4.94e-08	3.17e-05	1.80e-03	2.88e-02	1.23e-01	2.58e-01	2.69e-01	1.34e-01	7.35e-02	9.73e-02	1.35e-02	6.28e-04
 1.77324e+22	1.02e-29	1.05e-16	4.93e-14	6.45e-12	1.80e-10	3.03e-09	5.72e-08	3.55e-05	1.98e-03	3.13e-02	1.31e-01	2.66e-01	2.69e-01	1.30e-01	6.94e-02	8.92e-02	1.20e-02	5.36e-04
 1.78598e+22	1.38e-29	1.38e-16	6.29e-14	7.93e-12	2.15e-10	3.50e-09	6.40e-08	3.88e-05	2.14e-03	3.33e-02	1.37e-01	2.71e-01	2.68e-01	1.27e-01	6.62e-02	8.33e-02	1.09e-02	4.73e-04
 1.79896e+22	2.03e-29	1.97e-16	8.62e-14	1.04e-11	2.70e-10	4.21e-09	7.41e-08	4.34e-05	2.35e-03	3.61e-02	1.45e-01	2.78e-01	2.67e-01	1.23e-01	6.23e-02	7.61e-02	9.57e-03	4.02e-04
 1.81171e+22	2.66e-29	2.52e-16	1.08e-13	1.26e-11	3.17e-10	4.81e-09	8.24e-08	4.70e-05	2.52e-03	3.82e-02	1.51e-01	2.83e-01	2.66e-01	1.20e-01	5.95e-02	7.13e-02	8.73e-03	3.57e-04
 1.82417e+22	3.83e-29	3.52e-16	1.45e-13	1.62e-11	3.93e-10	5.72e-09	9.46e-08	5.22e-05	2.75e-03	4.11e-02	1.59e-01	2.89e-01	2.64e-01	1.15e-01	5.60e-02	6.52e-02	7.70e-03	3.04e-04
 1.83680e+22	4.97e-29	4.45e-16	1.79e-13	1.94e-11	4.60e-10	6.51e-09	1.05e-07	5.65e-05	2.94e-03	4.33e-02	1.65e-01	2.92e-01	2.63e-01	1.12e-01	5.35e-02	6.10e-02	7.04e-03	2.71e-04
 1.84964e+22	7.03e-29	6.11e-16	2.38e-13	2.48e-11	5.65e-10	7.72e-09	1.20e-07	6.27e-05	3.20e-03	4.64e-02	1.73e-01	2.97e-01	2.60e-01	1.08e-01	5.02e-02	5.58e-02	6.22e-03	2.32e-04
 1.86285e+22	9.34e-29	7.91e-16	3.00e-13	3.02e-11	6.70e-10	8.88e-09	1.35e-07	6.82e-05	3.43e-03	4.91e-02	1.79e-01	3.01e-01	2.57e-01	1.04e-01	4.76e-02	5.18e-02	5.61e-03	2.03e-04
 1.87655e+22	1.35e-28	1.11e-15	4.04e-13	3.91e-11	8.34e-10	1.06e-08	1.56e-07	7.60e-05	3.75e-03	5.27e-02	1.88e-01	3.05e-01	2.54e-01	9.99e-02	4.44e-02	4.70e-02	4.90e-03	1.71e-04
 1.89034e+22	1.76e-28	1.41e-15	5.03e-13	4.72e-11	9.81e-10	1.22e-08	1.74e-07	8.25e-05	4.01e-03	5.55e-02	1.94e-01	3.08e-01	2.51e-01	9.66e-02	4.22e-02	4.36e-02	4.43e-03	1.51e-04
 1.90423e+22	2.51e-28	1.95e-15	6.73e-13	6.07e-11	1.22e-09	1.45e-08	2.00e-07	9.18e-05	4.37e-03	5.94e-02	2.03e-01	3.12e-01	2.46e-01	9.21e-02	3.92e-02	3.95e-02	3.87e-03	1.27e-04
 1.91838e+22	3.28e-28	2.50e-15	8.40e-13	7.35e-11	1.43e-09	1.67e-08	2.24e-07	9.99e-05	4.67e-03	6.26e-02	2.10e-01	3.14e-01	2.43e-01	8.87e-02	3.71e-02	3.66e-02	3.48e-03	1.11e-04
 1.93079e+22	4.27e-28	3.17e-15	1.04e-12	8.86e-11	1.68e-09	1.91e-08	2.50e-07	1.08e-04	4.98e-03	6.58e-02	2.16e-01	3.16e-01	2.39e-01	8.54e-02	3.51e-02	3.39e-02	3.14e-03	9.77e-05
 1.94483e+22	5.99e-28	4.33e-15	1.38e-12	1.13e-10	2.07e-09	2.26e-08	2.87e-07	1.20e-04	5.41e-03	7.00e-02	2.25e-01	3.18e-01	2.34e-01	8.12e-02	3.26e-02	3.06e-02	2.74e-03	8.23e-05
 1.95885e+22	7.61e-28	5.38e-15	1.68e-12	1.34e-10	2.41e-09	2.57e-08	3.18e-07	1.30e-04	5.75e-03	7.33e-02	2.31e-01	3.19e-01	2.30e-01	7.83e-02	3.09e-02	2.85e-02	2.49e-03	7.28e-05
 1.97281e+22	1.06e-27	7.29e-15	2.20e-12	1.70e-10	2.95e-09	3.04e-08	3.65e-07	1.44e-04	6.23e-03	7.78e-02	2.40e-01	3.21e-01	2.25e-01	7.43e-02	2.87e-02	2.57e-02	2.17e-03	6.13e-05
 1.98698e+22	1.35e-27	9.07e-15	2.69e-12	2.02e-10	3.43e-09	3.46e-08	4.06e-07	1.56e-04	6.62e-03	8.14e-02	2.46e-01	3.21e-01	2.21e-01	7.13e-02	2.71e-02	2.38e-02	1.96e-03	5.41e-05
 2.00141e+22	1.86e-27	1.21e-14	3.50e-12	2.54e-10	4.18e-09	4.08e-08	4.65e-07	1.72e-04	7.16e-03	8.62e-02	2.54e-01	3.22e-01	2.15e-01	6.76e-02	2.51e-02	2.15e-02	1.71e-03	4.56e-05
 2.01634e+22	2.41e-27	1.53e-14	4.33e-12	3.06e-10	4.91e-09	4.68e-08	5.20e-07	1.88e-04	7.64e-03	9.03e-02	2.61e-01	3.22e-01	2.10e-01	6.46e-02	2.36e-02	1.98e-02	1.53e-03	3.97e-05
 2.03192e+22	3.40e-27	2.09e-14	5.73e-12	3.91e-10	6.07e-09	5.59e-08	6.01e-07	2.09e-04	8.30e-03	9.58e-02	2.69e-01	3.21e-01	2.04e-01	6.08e-02	2.17e-02	1.77e-02	1.32e-03	3.30e-05
 2.04776e+22	4.40e-27	2.64e-14	7.09e-12	4.71e-10	7.14e-09	6.41e-08	6.73e-07	2.28e-04	8.85e-03	1.00e-01	2.76e-01	3.20e-01	1.99e-01	5.79e-02	2.03e-02	1.62e-02	1.18e-03	2.87e-05
 2.06394e+22	6.18e-27	3.59e-14	9.36e-12	6.01e-10	8.82e-09	7.66e-08	7.79e-07	2.54e-04	9.61e-03	1.06e-01	2.85e-01	3.19e-01	1.92e-01	5.43e-02	1.86e-02	1.45e-02	1.01e-03	2.38e-05
 2.08068e+22	8.14e-27	4.59e-14	1.17e-11	7.33e-10	1.05e-08	8.87e-08	8.78e-07	2.78e-04	1.03e-02	1.11e-01	2.91e-01	3.17e-01	1.86e-01	5.15e-02	1.73e-02	1.32e-02	8.93e-04	2.04e-05
 2.09817e+22	1.16e-26	6.32e-14	1.57e-11	9.46e-10	1.31e-08	1.07e-07	1.02e-06	3.12e-04	1.12e-02	1.18e-01	3.00e-01	3.15e-01	1.79e-01	4.79e-02	1.57e-02	1.16e-02	7.59e-04	1.67e-05
 2.11596e+22	1.54e-26	8.13e-14	1.98e-11	1.16e-09	1.56e-08	1.24e-07	1.16e-06	3.43e-04	1.20e-02	1.24e-01	3.07e-01	3.13e-01	1.73e-01	4.52e-02	1.46e-02	1.05e-02	6.67e-04	1.42e-05
 2.13414e+22	2.21e-26	1.12e-13	2.65e-11	1.50e-09	1.96e-08	1.50e-07	1.36e-06	3.85e-04	1.31e-02	1.31e-01	3.15e-01	3.09e-01	1.66e-01	4.19e-02	1.32e-02	9.24e-03	5.63e-04	1.15e-05
 2.15275e+22	2.95e-26	1.46e-13	3.36e-11	1.85e-09	2.35e-08	1.75e-07	1.54e-06	4.24e-04	1.40e-02	1.37e-01	3.22e-01	3.06e-01	1.60e-01	3.93e-02	1.21e-02	8.31e-03	4.90e-04	9.73e-06
 2.17190e+22	4.30e-26	2.03e-13	4.56e-11	2.42e-09	2.96e-08	2.14e-07	1.81e-06	4.79e-04	1.53e-02	1.46e-01	3.30e-01	3.02e-01	1.52e-01	3.62e-02	1.09e-02	7.24e-03	4.10e-04	7.80e-06
 2.19163e+22	5.84e-26	2.69e-13	5.88e-11	3.02e-09	3.60e-08	2.52e-07	2.07e-06	5.30e-04	1.65e-02	1.53e-01	3.36e-01	2.97e-01	1.46e-01	3.37e-02	9.94e-03	6.44e-03	3.52e-04	6.47e-06
 2.21213e+22	8.61e-26	3.80e-13	8.07e-11	3.99e-09	4.59e-08	3.10e-07	2.46e-06	6.01e-04	1.81e-02	1.62e-01	3.44e-01	2.92e-01	1.38e-01	3.08e-02	8.85e-03	5.55e-03	2.90e-04	5.11e-06
 2.23291e+22	1.18e-25	5.06e-13	1.05e-10	5.01e-09	5.60e-08	3.67e-07	2.83e-06	6.66e-04	1.95e-02	1.70e-01	3.50e-01	2.87e-01	1.32e-01	2.85e-02	8.02e-03	4.90e-03	2.47e-04	4.20e-06
 2.25409e+22	1.77e-25	7.31e-13	1.46e-10	6.71e-09	7.22e-08	4.55e-07	3.38e-06	7.60e-04	2.14e-02	1.80e-01	3.58e-01	2.79e-01	1.24e-01	2.58e-02	7.06e-03	4.16e-03	2.00e-04	3.25e-06
 2.27534e+22	2.41e-25	9.66e-13	1.88e-10	8.38e-09	8.77e-08	5.37e-07	3.87e-06	8.41e-04	2.30e-02	1.88e-01	3.63e-01	2.74e-01	1.18e-01	2.38e-02	6.40e-03	3.67e-03	1.70e-04	2.67e-06
 2.29294e+22	3.19e-25	1.25e-12	2.37e-10	1.03e-08	1.05e-07	6.23e-07	4.38e-06	9.20e-04	2.45e-02	1.95e-01	3.68e-01	2.68e-01	1.12e-01	2.21e-02	5.84e-03	3.26e-03	1.47e-04	2.22e-06
 2.31209e+22	4.58e-25	1.74e-12	3.21e-10	1.33e-08	1.32e-07	7.58e-07	5.15e-06	1.04e-03	2.66e-02	2.05e-01	3.73e-01	2.61e-01	1.05e-01	2.00e-02	5.17e-03	2.79e-03	1.20e-04	1.74e-06
 2.33116e+22	5.99e-25	2.23e-12	4.02e-10	1.62e-08	1.56e-07	8.78e-07	5.82e-06	1.13e-03	2.83e-02	2.13e-01	3.77e-01	2.55e-01	1.00e-01	1.86e-02	4.71e-03	2.48e-03	1.03e-04	1.45e-06
 2.35014e+22	1.30e-24	3.13e-12	5.42e-10	2.11e-08	1.97e-07	1.07e-06	6.85e-06	1.27e-03	3.07e-02	2.24e-01	3.81e-01	2.47e-01	9.35e-02	1.67e-02	4.15e-03	2.11e-03	8.41e-05	1.13e-06
 2.36925e+22	1.70e-24	4.03e-12	6.81e-10	2.57e-08	2.35e-07	1.24e-06	7.76e-06	1.39e-03	3.27e-02	2.32e-01	3.84e-01	2.40e-01	8.86e-02	1.54e-02	3.76e-03	1.87e-03	7.17e-05	9.31e-07
 2.38852e+22	2.43e-24	5.68e-12	9.24e-10	3.35e-08	2.97e-07	1.52e-06	9.18e-06	1.57e-03	3.55e-02	2.43e-01	3.88e-01	2.31e-01	8.21e-02	1.38e-02	3.29e-03	1.57e-03	5.76e-05	7.13e-07
 2.40792e+22	3.18e-24	7.35e-12	1.16e-09	4.10e-08	3.55e-07	1.77e-06	1.04e-05	1.72e-03	3.77e-02	2.52e-01	3.90e-01	2.24e-01	7.74e-02	1.26e-02	2.97e-03	1.38e-03	4.87e-05	5.82e-07
 2.42747e+22	4.51e-24	1.04e-11	1.58e-09	5.35e-08	4.50e-07	2.17e-06	1.24e-05	1.95e-03	4.10e-02	2.64e-01	3.92e-01	2.14e-01	7.13e-02	1.12e-02	2.57e-03	1.15e-03	3.87e-05	4.41e-07
 2.44729e+22	5.93e-24	1.36e-11	2.01e-09	6.60e-08	5.43e-07	2.56e-06	1.42e-05	2.15e-03	4.38e-02	2.73e-01	3.94e-01	2.07e-01	6.67e-02	1.02e-02	2.30e-03	9.95e-04	3.22e-05	3.52e-07
 2.46746e+22	8.39e-24	1.93e-11	2.73e-09	8.66e-08	6.93e-07	3.16e-06	1.71e-05	2.44e-03	4.77e-02	2.86e-01	3.95e-01	1.96e-01	6.08e-02	8.92e-03	1.97e-03	8.18e-04	2.51e-05	2.61e-07
 2.48790e+22	1.10e-23	2.54e-11	3.48e-09	1.07e-07	8.41e-07	3.74e-06	1.97e-05	2.71e-03	5.10e-02	2.97e-01	3.95e-01	1.88e-01	5.64e-02	8.01e-03	1.74e-03	6.99e-04	2.06e-05	2.05e-07
 2.50502e+22	1.39e-23	3.24e-11	4.32e-09	1.29e-07	1.00e-06	4.36e-06	2.25e-05	2.97e-03	5.41e-02	3.06e-01	3.94e-01	1.80e-01	5.26e-02	7.26e-03	1.56e-03	6.05e-04	1.72e-05	1.65e-07
 2.52360e+22	1.86e-23	4.44e-11	5.69e-09	1.66e-07	1.25e-06	5.32e-06	2.67e-05	3.35e-03	5.86e-02	3.19e-01	3.93e-01	1.71e-01	4.78e-02	6.36e-03	1.34e-03	4.99e-04	1.34e-05	1.23e-07
 2.54227e+22	2.32e-23	5.64e-11	7.01e-09	2.00e-07	1.49e-06	6.21e-06	3.06e-05	3.68e-03	6.23e-02	3.28e-01	3.91e-01	1.63e-01	4.43e-02	5.72e-03	1.19e-03	4.28e-04	1.11e-05	0.00e+00
 2.56027e+22	2.98e-23	7.49e-11	8.99e-09	2.50e-07	1.84e-06	7.50e-06	3.61e-05	4.13e-03	6.70e-02	3.40e-01	3.88e-01	1.54e-01	4.03e-02	5.01e-03	1.02e-03	3.55e-04	8.75e-06	0.00e+00
 2.57869e+22	3.68e-23	9.52e-11	1.11e-08	3.04e-07	2.21e-06	8.84e-06	4.18e-05	4.57e-03	7.15e-02	3.51e-01	3.85e-01	1.45e-01	3.70e-02	4.46e-03	8.96e-04	3.00e-04	7.09e-06	0.00e+00
 2.59646e+22	4.52e-23	1.22e-10	1.39e-08	3.72e-07	2.69e-06	1.05e-05	4.89e-05	5.10e-03	7.65e-02	3.62e-01	3.81e-01	1.37e-01	3.36e-02	3.92e-03	7.76e-04	2.50e-04	5.64e-06	0.00e+00
 2.61454e+22	5.48e-23	1.55e-10	1.70e-08	4.52e-07	3.24e-06	1.25e-05	5.70e-05	5.66e-03	8.18e-02	3.73e-01	3.76e-01	1.29e-01	3.06e-02	3.45e-03	6.73e-04	2.08e-04	4.50e-06	0.00e+00
 2.63218e+22	6.53e-23	1.93e-10	2.08e-08	5.45e-07	3.89e-06	1.47e-05	6.63e-05	6.29e-03	8.72e-02	3.83e-01	3.71e-01	1.21e-01	2.78e-02	3.03e-03	5.83e-04	1.74e-04	3.59e-06	0.00e+00
 2.64952e+22	7.69e-23	2.39e-10	2.51e-08	6.53e-07	4.64e-06	1.73e-05	7.70e-05	6.96e-03	9.29e-02	3.93e-01	3.65e-01	1.14e-01	2.52e-02	2.66e-03	5.06e-04	1.45e-04	2.87e-06	0.00e+00
 2.66666e+22	8.94e-23	2.91e-10	3.00e-08	7.78e-07	5.52e-06	2.04e-05	8.93e-05	7.71e-03	9.88e-02	4.03e-01	3.58e-01	1.06e-01	2.29e-02	2.34e-03	4.39e-04	1.21e-04	2.30e-06	0.00e+00
 2.68366e+22	1.03e-22	3.52e-10	3.57e-08	9.22e-07	6.54e-06	2.38e-05	1.03e-04	8.52e-03	1.05e-01	4.12e-01	3.52e-01	9.96e-02	2.07e-02	2.06e-03	3.80e-04	1.01e-04	1.84e-06	0.00e+00
 2.70061e+22	1.18e-22	4.22e-10	4.22e-08	1.09e-06	7.73e-06	2.78e-05	1.20e-04	9.41e-03	1.11e-01	4.21e-01	3.44e-01	9.30e-02	1.88e-02	1.80e-03	3.29e-04	8.46e-05	1.47e-06	0.00e+00
 2.71759e+22	1.34e-22	5.02e-10	4.97e-08	1.28e-06	9.12e-06	3.25e-05	1.39e-04	1.04e-02	1.18e-01	4.29e-01	3.36e-01	8.67e-02	1.69e-02	1.58e-03	2.85e-04	7.04e-05	1.17e-06	0.00e+00
 2.73465e+22	1.51e-22	5.92e-10	5.81e-08	1.51e-06	1.07e-05	3.79e-05	1.60e-04	1.15e-02	1.25e-01	4.37e-01	3.28e-01	8.07e-02	1.53e-02	1.38e-03	2.46e-04	5.86e-05	9.31e-07	0.00e+00
 2.75185e+22	1.71e-22	6.95e-10	6.78e-08	1.76e-06	1.26e-05	4.41e-05	1.85e-04	1.27e-02	1.32e-01	4.45e-01	3.20e-01	7.50e-02	1.38e-02	1.21e-03	2.12e-04	4.87e-05	7.40e-07	0.00e+00
 2.76929e+22	1.93e-22	8.10e-10	7.90e-08	2.06e-06	1.48e-05	5.14e-05	2.15e-04	1.40e-02	1.40e-01	4.52e-01	3.11e-01	6.95e-02	1.24e-02	1.05e-03	1.82e-04	4.03e-05	5.86e-07	0.00e+00
 2.78702e+22	2.17e-22	9.41e-10	9.18e-08	2.41e-06	1.74e-05	5.99e-05	2.49e-04	1.54e-02	1.48e-01	4.58e-01	3.01e-01	6.43e-02	1.11e-02	9.14e-04	1.56e-04	3.33e-05	4.63e-07	0.00e+00
 2.80489e+22	2.45e-22	1.08e-09	1.06e-07	2.81e-06	2.04e-05	6.95e-05	2.88e-04	1.70e-02	1.56e-01	4.64e-01	2.92e-01	5.95e-02	9.94e-03	7.96e-04	1.34e-04	2.75e-05	3.67e-07	0.00e+00
 2.82314e+22	2.74e-22	1.25e-09	1.23e-07	3.29e-06	2.40e-05	8.10e-05	3.34e-04	1.88e-02	1.65e-01	4.69e-01	2.82e-01	5.47e-02	8.87e-03	6.88e-04	1.14e-04	2.26e-05	2.88e-07	0.00e+00
 2.84150e+22	3.11e-22	1.43e-09	1.42e-07	3.81e-06	2.79e-05	9.37e-05	3.85e-04	2.06e-02	1.74e-01	4.74e-01	2.72e-01	5.05e-02	7.95e-03	5.99e-04	9.81e-05	1.87e-05	2.28e-07	0.00e+00
 2.86035e+22	3.58e-22	1.64e-09	1.66e-07	4.47e-06	3.29e-05	1.09e-04	4.49e-04	2.28e-02	1.84e-01	4.78e-01	2.61e-01	4.62e-02	7.05e-03	5.15e-04	8.31e-05	1.52e-05	1.77e-07	0.00e+00
 2.87801e+22	4.04e-22	1.83e-09	1.87e-07	5.07e-06	3.74e-05	1.24e-04	5.06e-04	2.47e-02	1.92e-01	4.80e-01	2.53e-01	4.31e-02	6.41e-03	4.57e-04	7.28e-05	1.29e-05	1.45e-07	0.00e+00
 2.89606e+22	4.71e-22	2.09e-09	2.18e-07	5.94e-06	4.41e-05	1.44e-04	5.90e-04	2.73e-02	2.02e-01	4.82e-01	2.42e-01	3.92e-02	5.67e-03	3.91e-04	6.13e-05	1.05e-05	0.00e+00	0.00e+00
 2.91436e+22	5.38e-22	2.33e-09	2.46e-07	6.74e-06	5.01e-05	1.63e-04	6.64e-04	2.95e-02	2.10e-01	4.84e-01	2.34e-01	3.65e-02	5.14e-03	3.46e-04	5.37e-05	8.90e-06	0.00e+00	0.00e+00
 2.93300e+22	6.38e-22	2.67e-09	2.88e-07	7.93e-06	5.91e-05	1.90e-04	7.73e-04	3.26e-02	2.21e-01	4.84e-01	2.23e-01	3.31e-02	4.54e-03	2.96e-04	4.51e-05	7.20e-06	0.00e+00	0.00e+00
 2.95209e+22	7.41e-22	2.98e-09	3.28e-07	9.03e-06	6.74e-05	2.15e-04	8.72e-04	3.53e-02	2.30e-01	4.84e-01	2.14e-01	3.06e-02	4.10e-03	2.60e-04	3.92e-05	6.06e-06	0.00e+00	0.00e+00
 2.97177e+22	8.98e-22	3.42e-09	3.86e-07	1.07e-05	7.98e-05	2.52e-04	1.02e-03	3.90e-02	2.41e-01	4.84e-01	2.03e-01	2.76e-02	3.58e-03	2.21e-04	3.26e-05	4.85e-06	0.00e+00	0.00e+00
 2.99175e+22	1.06e-21	3.84e-09	4.41e-07	1.22e-05	9.10e-05	2.85e-04	1.15e-03	4.21e-02	2.50e-01	4.82e-01	1.95e-01	2.55e-02	3.23e-03	1.94e-04	2.83e-05	4.08e-06	0.00e+00	0.00e+00
 3.01212e+22	1.30e-21	4.42e-09	5.23e-07	1.45e-05	1.08e-04	3.34e-04	1.34e-03	4.65e-02	2.62e-01	4.80e-01	1.84e-01	2.29e-02	2.81e-03	1.64e-04	2.34e-05	3.24e-06	0.00e+00	0.00e+00
 3.03259e+22	1.54e-21	4.98e-09	6.00e-07	1.65e-05	1.23e-04	3.76e-04	1.51e-03	5.01e-02	2.71e-01	4.77e-01	1.76e-01	2.11e-02	2.54e-03	1.44e-04	2.03e-05	2.73e-06	0.00e+00	0.00e+00
 3.05319e+22	1.92e-21	5.75e-09	7.13e-07	1.96e-05	1.45e-04	4.39e-04	1.75e-03	5.51e-02	2.83e-01	4.73e-01	1.65e-01	1.89e-02	2.21e-03	1.21e-04	1.69e-05	2.17e-06	0.00e+00	0.00e+00
 3.07403e+22	2.31e-21	6.50e-09	8.21e-07	2.24e-05	1.65e-04	4.94e-04	1.97e-03	5.92e-02	2.92e-01	4.69e-01	1.58e-01	1.74e-02	1.99e-03	1.06e-04	1.46e-05	1.82e-06	0.00e+00	0.00e+00
 3.09518e+22	2.93e-21	7.57e-09	9.83e-07	2.67e-05	1.96e-04	5.76e-04	2.28e-03	6.50e-02	3.04e-01	4.63e-01	1.48e-01	1.55e-02	1.72e-03	8.94e-05	1.20e-05	1.44e-06	0.00e+00	0.00e+00
 3.11667e+22	3.56e-21	8.61e-09	1.14e-06	3.07e-05	2.23e-04	6.49e-04	2.56e-03	6.98e-02	3.13e-01	4.58e-01	1.40e-01	1.42e-02	1.54e-03	7.81e-05	1.04e-05	1.21e-06	0.00e+00	0.00e+00
 3.13859e+22	4.59e-21	1.01e-08	1.38e-06	3.68e-05	2.65e-04	7.57e-04	2.97e-03	7.65e-02	3.25e-01	4.50e-01	1.31e-01	1.26e-02	1.33e-03	6.53e-05	8.51e-06	9.50e-07	0.00e+00	0.00e+00
 3.16091e+22	5.66e-21	1.16e-08	1.61e-06	4.25e-05	3.03e-04	8.54e-04	3.33e-03	8.20e-02	3.34e-01	4.43e-01	1.23e-01	1.15e-02	1.19e-03	5.68e-05	7.29e-06	7.89e-07	0.00e+00	0.00e+00
 3.18373e+22	7.43e-21	1.38e-08	1.96e-06	5.12e-05	3.61e-04	9.97e-04	3.86e-03	8.97e-02	3.45e-01	4.34e-01	1.14e-01	1.01e-02	1.02e-03	4.71e-05	5.94e-06	6.16e-07	0.00e+00	0.00e+00
 3.20705e+22	9.33e-21	1.60e-08	2.31e-06	5.96e-05	4.14e-04	1.13e-03	4.33e-03	9.62e-02	3.54e-01	4.26e-01	1.07e-01	9.19e-03	9.05e-04	4.07e-05	5.05e-06	5.07e-07	0.00e+00	0.00e+00
 3.22669e+22	1.14e-20	1.83e-08	2.67e-06	6.82e-05	4.68e-04	1.26e-03	4.79e-03	1.02e-01	3.62e-01	4.19e-01	1.02e-01	8.41e-03	8.13e-04	3.57e-05	4.37e-06	4.27e-07	0.00e+00	0.00e+00
 3.24789e+22	1.48e-20	2.16e-08	3.22e-06	8.10e-05	5.48e-04	1.44e-03	5.47e-03	1.10e-01	3.71e-01	4.08e-01	9.42e-02	7.46e-03	7.04e-04	3.00e-05	3.61e-06	3.39e-07	0.00e+00	0.00e+00
 3.26919e+22	1.83e-20	2.49e-08	3.74e-06	9.28e-05	6.18e-04	1.60e-03	6.01e-03	1.17e-01	3.78e-01	4.00e-01	8.90e-02	6.83e-03	6.33e-04	2.64e-05	3.13e-06	2.86e-07	0.00e+00	0.00e+00
 3.29059e+22	2.40e-20	2.97e-08	4.53e-06	1.11e-04	7.23e-04	1.84e-03	6.84e-03	1.26e-01	3.86e-01	3.89e-01	8.23e-02	6.06e-03	5.48e-04	2.21e-05	2.59e-06	2.27e-07	0.00e+00	0.00e+00
 3.31187e+22	2.98e-20	3.43e-08	5.25e-06	1.26e-04	8.13e-04	2.04e-03	7.49e-03	1.33e-01	3.92e-01	3.81e-01	7.76e-02	5.54e-03	4.93e-04	1.95e-05	2.24e-06	1.92e-07	0.00e+00	0.00e+00
 3.33299e+22	3.92e-20	4.10e-08	6.35e-06	1.50e-04	9.47e-04	2.32e-03	8.45e-03	1.42e-01	4.00e-01	3.69e-01	7.16e-02	4.92e-03	4.27e-04	1.64e-05	1.86e-06	1.53e-07	0.00e+00	0.00e+00
 3.35434e+22	4.90e-20	4.77e-08	7.40e-06	1.72e-04	1.07e-03	2.57e-03	9.25e-03	1.50e-01	4.05e-01	3.60e-01	6.73e-02	4.48e-03	3.83e-04	1.43e-05	1.61e-06	1.29e-07	0.00e+00	0.00e+00
 3.37601e+22	6.53e-20	5.77e-08	9.01e-06	2.05e-04	1.24e-03	2.93e-03	1.04e-02	1.60e-01	4.11e-01	3.48e-01	6.20e-02	3.97e-03	3.31e-04	1.21e-05	1.33e-06	0.00e+00	0.00e+00	0.00e+00
 3.39807e+22	8.28e-20	6.77e-08	1.06e-05	2.37e-04	1.40e-03	3.25e-03	1.14e-02	1.68e-01	4.15e-01	3.38e-01	5.79e-02	3.60e-03	2.94e-04	1.05e-05	1.14e-06	0.00e+00	0.00e+00	0.00e+00
 3.42064e+22	1.12e-19	8.29e-08	1.30e-05	2.85e-04	1.64e-03	3.72e-03	1.29e-02	1.80e-01	4.20e-01	3.25e-01	5.29e-02	3.15e-03	2.52e-04	8.70e-06	9.29e-07	0.00e+00	0.00e+00	0.00e+00
 3.44336e+22	1.44e-19	9.83e-08	1.53e-05	3.29e-04	1.86e-03	4.11e-03	1.40e-02	1.88e-01	4.23e-01	3.16e-01	4.94e-02	2.86e-03	2.25e-04	7.57e-06	7.98e-07	0.00e+00	0.00e+00	0.00e+00
 3.46629e+22	1.97e-19	1.21e-07	1.89e-05	3.96e-04	2.17e-03	4.70e-03	1.58e-02	2.01e-01	4.27e-01	3.02e-01	4.48e-02	2.49e-03	1.91e-04	6.25e-06	6.47e-07	0.00e+00	0.00e+00	0.00e+00
 3.48945e+22	2.54e-19	1.45e-07	2.24e-05	4.59e-04	2.46e-03	5.20e-03	1.72e-02	2.10e-01	4.29e-01	2.92e-01	4.17e-02	2.25e-03	1.70e-04	5.42e-06	5.54e-07	0.00e+00	0.00e+00	0.00e+00
 3.51294e+22	3.52e-19	1.80e-07	2.77e-05	5.54e-04	2.88e-03	5.95e-03	1.93e-02	2.23e-01	4.31e-01	2.78e-01	3.77e-02	1.96e-03	1.44e-04	4.45e-06	4.47e-07	0.00e+00	0.00e+00	0.00e+00
 3.53694e+22	4.63e-19	2.18e-07	3.31e-05	6.46e-04	3.27e-03	6.59e-03	2.11e-02	2.33e-01	4.31e-01	2.67e-01	3.48e-02	1.76e-03	1.27e-04	3.83e-06	3.79e-07	0.00e+00	0.00e+00	0.00e+00
 3.56163e+22	6.55e-19	2.76e-07	4.15e-05	7.88e-04	3.85e-03	7.56e-03	2.37e-02	2.47e-01	4.31e-01	2.53e-01	3.12e-02	1.51e-03	1.06e-04	3.11e-06	3.02e-07	0.00e+00	0.00e+00	0.00e+00
 3.58686e+22	8.74e-19	3.37e-07	4.99e-05	9.24e-04	4.38e-03	8.40e-03	2.58e-02	2.57e-01	4.31e-01	2.42e-01	2.87e-02	1.35e-03	9.30e-05	2.65e-06	2.53e-07	0.00e+00	0.00e+00	0.00e+00
 3.61278e+22	1.27e-18	4.33e-07	6.32e-05	1.14e-03	5.19e-03	9.65e-03	2.90e-02	2.72e-01	4.29e-01	2.27e-01	2.54e-02	1.15e-03	7.72e-05	2.12e-06	1.99e-07	0.00e+00	0.00e+00	0.00e+00
 3.63889e+22	1.70e-18	5.32e-07	7.62e-05	1.33e-03	5.90e-03	1.07e-02	3.16e-02	2.83e-01	4.26e-01	2.17e-01	2.32e-02	1.02e-03	6.72e-05	1.80e-06	1.66e-07	0.00e+00	0.00e+00	0.00e+00
 3.66526e+22	2.49e-18	6.91e-07	9.69e-05	1.64e-03	6.98e-03	1.23e-02	3.53e-02	2.98e-01	4.22e-01	2.02e-01	2.05e-02	8.62e-04	5.55e-05	1.44e-06	1.30e-07	0.00e+00	0.00e+00	0.00e+00
 3.69030e+22	3.27e-18	8.32e-07	1.15e-04	1.90e-03	7.84e-03	1.35e-02	3.81e-02	3.08e-01	4.18e-01	1.93e-01	1.88e-02	7.69e-04	4.86e-05	1.23e-06	0.00e+00	0.00e+00	0.00e+00	0.00e+00
 3.71360e+22	4.53e-18	1.04e-06	1.41e-04	2.26e-03	9.00e-03	1.51e-02	4.16e-02	3.20e-01	4.13e-01	1.82e-01	1.69e-02	6.70e-04	4.14e-05	1.02e-06	0.00e+00	0.00e+00	0.00e+00	0.00e+00
 3.73851e+22	6.18e-18	1.29e-06	1.70e-04	2.65e-03	1.02e-02	1.67e-02	4.51e-02	3.31e-01	4.07e-01	1.71e-01	1.52e-02	5.87e-04	3.55e-05	8.51e-07	0.00e+00	0.00e+00	0.00e+00	0.00e+00
 3.76173e+22	4.74e-18	1.58e-06	2.04e-04	3.10e-03	1.16e-02	1.84e-02	4.86e-02	3.41e-01	4.01e-01	1.61e-01	1.38e-02	5.16e-04	3.06e-05	7.16e-07	0.00e+00	0.00e+00	0.00e+00	0.00e+00
 3.78358e+22	6.20e-18	1.91e-06	2.41e-04	3.57e-03	1.29e-02	2.01e-02	5.21e-02	3.51e-01	3.95e-01	1.53e-01	1.25e-02	4.58e-04	2.67e-05	6.09e-07	0.00e+00	0.00e+00	0.00e+00	0.00e+00
 3.80431e+22	8.09e-18	2.30e-06	2.83e-04	4.10e-03	1.44e-02	2.19e-02	5.56e-02	3.59e-01	3.88e-01	1.44e-01	1.14e-02	4.07e-04	2.33e-05	5.20e-07	0.00e+00	0.00e+00	0.00e+00	0.00e+00
 3.82813e+22	1.15e-17	2.92e-06	3.49e-04	4.88e-03	1.65e-02	2.44e-02	6.04e-02	3.70e-01	3.79e-01	1.34e-01	1.01e-02	3.49e-04	1.95e-05	4.24e-07	0.00e+00	0.00e+00	0.00e+00	0.00e+00
 3.85234e+22	1.51e-17	3.54e-06	4.13e-04	5.63e-03	1.84e-02	2.66e-02	6.44e-02	3.78e-01	3.71e-01	1.26e-01	9.14e-03	3.08e-04	1.69e-05	3.58e-07	0.00e+00	0.00e+00	0.00e+00	0.00e+00
 3.87708e+22	2.16e-17	4.51e-06	5.09e-04	6.71e-03	2.11e-02	2.95e-02	6.97e-02	3.88e-01	3.60e-01	1.16e-01	8.05e-03	2.63e-04	1.41e-05	2.90e-07	0.00e+00	0.00e+00	0.00e+00	0.00e+00
 3.90244e+22	2.95e-17	5.55e-06	6.09e-04	7.80e-03	2.37e-02	3.22e-02	7.44e-02	3.95e-01	3.50e-01	1.08e-01	7.18e-03	2.28e-04	1.20e-05	2.40e-07	0.00e+00	0.00e+00	0.00e+00	0.00e+00
 3.92480e+22	3.91e-17	6.75e-06	7.21e-04	8.98e-03	2.64e-02	3.50e-02	7.90e-02	4.02e-01	3.40e-01	1.01e-01	6.43e-03	2.00e-04	1.03e-05	2.01e-07	0.00e+00	0.00e+00	0.00e+00	0.00e+00
 3.95007e+22	5.62e-17	8.61e-06	8.88e-04	1.07e-02	3.00e-02	3.87e-02	8.49e-02	4.09e-01	3.28e-01	9.23e-02	5.61e-03	1.69e-04	8.47e-06	1.62e-07	0.00e+00	0.00e+00	0.00e+00	0.00e+00
 3.97649e+22	7.81e-17	1.07e-05	1.07e-03	1.24e-02	3.37e-02	4.22e-02	9.03e-02	4.14e-01	3.16e-01	8.49e-02	4.94e-03	1.45e-04	7.10e-06	1.32e-07	0.00e+00	0.00e+00	0.00e+00	0.00e+00
 4.00047e+22	1.06e-16	1.31e-05	1.27e-03	1.44e-02	3.75e-02	4.58e-02	9.56e-02	4.19e-01	3.04e-01	7.82e-02	4.36e-03	1.25e-04	5.99e-06	0.00e+00	0.00e+00	0.00e+00	0.00e+00	0.00e+00
 4.02773e+22	1.57e-16	1.70e-05	1.59e-03	1.72e-02	4.29e-02	5.06e-02	1.02e-01	4.23e-01	2.89e-01	7.03e-02	3.72e-03	1.03e-04	4.82e-06	0.00e+00	0.00e+00	0.00e+00	0.00e+00	0.00e+00
 4.05573e+22	2.23e-16	2.13e-05	1.91e-03	2.00e-02	4.80e-02	5.50e-02	1.08e-01	4.25e-01	2.75e-01	6.38e-02	3.23e-03	8.74e-05	3.98e-06	0.00e+00	0.00e+00	0.00e+00	0.00e+00	0.00e+00
 4.08058e+22	3.06e-16	2.62e-05	2.27e-03	2.31e-02	5.32e-02	5.94e-02	1.14e-01	4.25e-01	2.62e-01	5.81e-02	2.82e-03	7.44e-05	3.31e-06	0.00e+00	0.00e+00	0.00e+00	0.00e+00	0.00e+00
 4.10877e+22	4.58e-16	3.40e-05	2.83e-03	2.75e-02	6.04e-02	6.51e-02	1.21e-01	4.24e-01	2.45e-01	5.13e-02	2.37e-03	6.06e-05	2.62e-06	0.00e+00	0.00e+00	0.00e+00	0.00e+00	0.00e+00
 4.13786e+22	6.63e-16	4.25e-05	3.40e-03	3.19e-02	6.71e-02	7.03e-02	1.27e-01	4.22e-01	2.31e-01	4.59e-02	2.02e-03	5.04e-05	2.12e-06	0.00e+00	0.00e+00	0.00e+00	0.00e+00	0.00e+00
 4.16388e+22	9.24e-16	5.25e-05	4.05e-03	3.67e-02	7.40e-02	7.54e-02	1.32e-01	4.18e-01	2.17e-01	4.11e-02	1.73e-03	4.22e-05	1.73e-06	0.00e+00	0.00e+00	0.00e+00	0.00e+00	0.00e+00
 4.19349e+22	1.42e-15	6.84e-05	5.03e-03	4.35e-02	8.34e-02	8.19e-02	1.38e-01	4.11e-01	2.00e-01	3.56e-02	1.42e-03	3.36e-05	1.34e-06	0.00e+00	0.00e+00	0.00e+00	0.00e+00	0.00e+00
 4.22347e+22	2.09e-15	8.50e-05	6.00e-03	5.00e-02	9.18e-02	8.75e-02	1.43e-01	4.04e-01	1.85e-01	3.13e-02	1.20e-03	2.76e-05	1.07e-06	0.00e+00	0.00e+00	0.00e+00	0.00e+00	0.00e+00
 4.24975e+22	2.89e-15	1.04e-04	7.09e-03	5.69e-02	1.00e-01	9.28e-02	1.48e-01	3.95e-01	1.72e-01	2.77e-02	1.01e-03	2.28e-05	8.61e-07	0.00e+00	0.00e+00	0.00e+00	0.00e+00	0.00e+00
 4.27973e+22	4.55e-15	1.34e-04	8.69e-03	6.66e-02	1.11e-01	9.93e-02	1.53e-01	3.82e-01	1.55e-01	2.35e-02	8.16e-04	1.79e-05	6.53e-07	0.00e+00	0.00e+00	0.00e+00	0.00e+00	0.00e+00
 4.31041e+22	7.03e-15	1.66e-04	1.03e-02	7.58e-02	1.21e-01	1.05e-01	1.56e-01	3.69e-01	1.41e-01	2.04e-02	6.74e-04	1.44e-05	5.12e-07	0.00e+00	0.00e+00	0.00e+00	0.00e+00	0.00e+00
 4.33771e+22	1.00e-14	2.03e-04	1.21e-02	8.55e-02	1.30e-01	1.10e-01	1.59e-01	3.56e-01	1.29e-01	1.76e-02	5.59e-04	1.17e-05	4.03e-07	0.00e+00	0.00e+00	0.00e+00	0.00e+00	0.00e+00
 4.36890e+22	1.62e-14	2.61e-04	1.47e-02	9.89e-02	1.43e-01	1.16e-01	1.61e-01	3.38e-01	1.14e-01	1.46e-02	4.38e-04	8.88e-06	2.97e-07	0.00e+00	0.00e+00	0.00e+00	0.00e+00	0.00e+00
 4.40079e+22	2.69e-14	3.21e-04	1.73e-02	1.11e-01	1.53e-01	1.21e-01	1.62e-01	3.21e-01	1.01e-01	1.23e-02	3.53e-04	6.99e-06	2.27e-07	0.00e+00	0.00e+00	0.00e+00	0.00e+00	0.00e+00
 4.42902e+22	4.05e-14	3.90e-04	2.01e-02	1.24e-01	1.63e-01	1.25e-01	1.62e-01	3.04e-01	9.06e-02	1.05e-02	2.87e-04	5.54e-06	1.75e-07	0.00e+00	0.00e+00	0.00e+00	0.00e+00	0.00e+00
 4.45665e+22	6.09e-14	4.69e-04	2.32e-02	1.37e-01	1.73e-01	1.28e-01	1.62e-01	2.87e-01	8.07e-02	8.85e-03	2.33e-04	4.39e-06	1.35e-07	0.00e+00	0.00e+00	0.00e+00	0.00e+00	0.00e+00
 4.48805e+22	1.04e-13	5.88e-04	2.75e-02	1.55e-01	1.84e-01	1.32e-01	1.60e-01	2.65e-01	6.93e-02	7.13e-03	1.78e-04	3.27e-06	0.00e+00	0.00e+00	0.00e+00	0.00e+00	0.00e+00	0.00e+00
 4.51980e+22	2.08e-13	7.07e-04	3.16e-02	1.70e-01	1.93e-01	1.34e-01	1.57e-01	2.46e-01	6.05e-02	5.90e-03	1.41e-04	2.53e-06	0.00e+00	0.00e+00	0.00e+00	0.00e+00	0.00e+00	0.00e+00
 4.54736e+22	3.24e-13	8.38e-04	3.59e-02	1.85e-01	2.01e-01	1.36e-01	1.54e-01	2.29e-01	5.31e-02	4.92e-03	1.13e-04	1.98e-06	0.00e+00	0.00e+00	0.00e+00	0.00e+00	0.00e+00	0.00e+00
 4.57858e+22	6.07e-13	1.03e-03	4.19e-02	2.05e-01	2.10e-01	1.37e-01	1.50e-01	2.07e-01	4.47e-02	3.89e-03	8.47e-05	1.45e-06	0.00e+00	0.00e+00	0.00e+00	0.00e+00	0.00e+00	0.00e+00
 4.61052e+22	1.19e-12	1.23e-03	4.75e-02	2.21e-01	2.16e-01	1.37e-01	1.45e-01	1.90e-01	3.84e-02	3.16e-03	6.60e-05	1.10e-06	0.00e+00	0.00e+00	0.00e+00	0.00e+00	0.00e+00	0.00e+00
 4.63790e+22	2.17e-12	1.43e-03	5.30e-02	2.37e-01	2.22e-01	1.37e-01	1.40e-01	1.74e-01	3.32e-02	2.60e-03	5.23e-05	8.55e-07	0.00e+00	0.00e+00	0.00e+00	0.00e+00	0.00e+00	0.00e+00
 4.66800e+22	5.48e-12	1.72e-03	6.05e-02	2.56e-01	2.27e-01	1.36e-01	1.34e-01	1.56e-01	2.77e-02	2.04e-03	3.91e-05	6.24e-07	0.00e+00	0.00e+00	0.00e+00	0.00e+00	0.00e+00	0.00e+00
 4.69882e+22	1.50e-11	2.00e-03	6.73e-02	2.72e-01	2.30e-01	1.34e-01	1.28e-01	1.41e-01	2.36e-02	1.65e-03	3.04e-05	4.74e-07	0.00e+00	0.00e+00	0.00e+00	0.00e+00	0.00e+00	0.00e+00
 4.72628e+22	3.65e-11	2.31e-03	7.44e-02	2.88e-01	2.33e-01	1.32e-01	1.22e-01	1.27e-01	2.01e-02	1.34e-03	2.37e-05	3.62e-07	0.00e+00	0.00e+00	0.00e+00	0.00e+00	0.00e+00	0.00e+00
 4.75099e+22	9.50e-11	2.60e-03	8.07e-02	3.01e-01	2.34e-01	1.30e-01	1.16e-01	1.17e-01	1.75e-02	1.12e-03	1.92e-05	2.87e-07	0.00e+00	0.00e+00	0.00e+00	0.00e+00	0.00e+00	0.00e+00
 4.77307e+22	3.63e-10	2.89e-03	8.68e-02	3.12e-01	2.35e-01	1.28e-01	1.12e-01	1.07e-01	1.53e-02	9.43e-04	1.57e-05	2.32e-07	0.00e+00	0.00e+00	0.00e+00	0.00e+00	0.00e+00	0.00e+00
 4.79844e+22	1.18e-09	3.30e-03	9.50e-02	3.26e-01	2.35e-01	1.25e-01	1.05e-01	9.60e-02	1.30e-02	7.59e-04	1.22e-05	1.76e-07	0.00e+00	0.00e+00	0.00e+00	0.00e+00	0.00e+00	0.00e+00
 4.82467e+22	1.39e-08	3.72e-03	1.03e-01	3.39e-01	2.35e-01	1.22e-01	9.98e-02	8.66e-02	1.11e-02	6.20e-04	9.65e-06	1.36e-07	0.00e+00	0.00e+00	0.00e+00	0.00e+00	0.00e+00	0.00e+00
 4.84780e+22	7.09e-08	4.13e-03	1.10e-01	3.50e-01	2.34e-01	1.19e-01	9.47e-02	7.87e-02	9.59e-03	5.16e-04	7.79e-06	0.00e+00	0.00e+00	0.00e+00	0.00e+00	0.00e+00	0.00e+00	0.00e+00
 4.87367e+22	3.40e-07	4.72e-03	1.20e-01	3.63e-01	2.31e-01	1.15e-01	8.83e-02	6.94e-02	7.94e-03	4.05e-04	5.90e-06	0.00e+00	0.00e+00	0.00e+00	0.00e+00	0.00e+00	0.00e+00	0.00e+00
 4.90005e+22	1.05e-06	5.25e-03	1.29e-01	3.74e-01	2.29e-01	1.11e-01	8.31e-02	6.25e-02	6.79e-03	3.32e-04	4.69e-06	0.00e+00	0.00e+00	0.00e+00	0.00e+00	0.00e+00	0.00e+00	0.00e+00
 4.92709e+22	1.39e-06	5.99e-03	1.40e-01	3.86e-01	2.25e-01	1.06e-01	7.67e-02	5.45e-02	5.54e-03	2.57e-04	3.49e-06	0.00e+00	0.00e+00	0.00e+00	0.00e+00	0.00e+00	0.00e+00	0.00e+00
 4.95434e+22	1.69e-06	6.64e-03	1.49e-01	3.95e-01	2.22e-01	1.02e-01	7.17e-02	4.87e-02	4.70e-03	2.09e-04	2.75e-06	0.00e+00	0.00e+00	0.00e+00	0.00e+00	0.00e+00	0.00e+00	0.00e+00
 4.98187e+22	2.10e-06	7.54e-03	1.62e-01	4.05e-01	2.17e-01	9.74e-02	6.58e-02	4.22e-02	3.80e-03	1.60e-04	2.03e-06	0.00e+00	0.00e+00	0.00e+00	0.00e+00	0.00e+00	0.00e+00	0.00e+00
 5.00978e+22	2.49e-06	8.35e-03	1.72e-01	4.13e-01	2.12e-01	9.33e-02	6.11e-02	3.74e-02	3.20e-03	1.29e-04	1.59e-06	0.00e+00	0.00e+00	0.00e+00	0.00e+00	0.00e+00	0.00e+00	0.00e+00
 5.03819e+22	3.04e-06	9.47e-03	1.85e-01	4.21e-01	2.06e-01	8.81e-02	5.55e-02	3.21e-02	2.56e-03	9.79e-05	1.16e-06	0.00e+00	0.00e+00	0.00e+00	0.00e+00	0.00e+00	0.00e+00	0.00e+00
 5.06696e+22	3.54e-06	1.05e-02	1.97e-01	4.27e-01	2.00e-01	8.39e-02	5.13e-02	2.83e-02	2.13e-03	7.80e-05	8.96e-07	0.00e+00	0.00e+00	0.00e+00	0.00e+00	0.00e+00	0.00e+00	0.00e+00
 5.09622e+22	4.28e-06	1.18e-02	2.11e-01	4.33e-01	1.93e-01	7.87e-02	4.63e-02	2.40e-02	1.69e-03	5.85e-05	6.47e-07	0.00e+00	0.00e+00	0.00e+00	0.00e+00	0.00e+00	0.00e+00	0.00e+00
 5.12592e+22	4.97e-06	1.31e-02	2.24e-01	4.37e-01	1.87e-01	7.45e-02	4.23e-02	2.10e-02	1.39e-03	4.60e-05	4.93e-07	0.00e+00	0.00e+00	0.00e+00	0.00e+00	0.00e+00	0.00e+00	0.00e+00
 5.15620e+22	5.97e-06	1.48e-02	2.40e-01	4.40e-01	1.79e-01	6.93e-02	3.78e-02	1.76e-02	1.08e-03	3.39e-05	3.49e-07	0.00e+00	0.00e+00	0.00e+00	0.00e+00	0.00e+00	0.00e+00	0.00e+00
 5.18679e+22	6.86e-06	1.63e-02	2.53e-01	4.42e-01	1.72e-01	6.53e-02	3.45e-02	1.53e-02	8.90e-04	2.66e-05	2.66e-07	0.00e+00	0.00e+00	0.00e+00	0.00e+00	0.00e+00	0.00e+00	0.00e+00
 5.21780e+22	8.10e-06	1.83e-02	2.70e-01	4.43e-01	1.64e-01	6.04e-02	3.06e-02	1.28e-02	6.92e-04	1.96e-05	1.88e-07	0.00e+00	0.00e+00	0.00e+00	0.00e+00	0.00e+00	0.00e+00	0.00e+00
 5.24994e+22	9.37e-06	2.03e-02	2.85e-01	4.43e-01	1.57e-01	5.63e-02	2.75e-02	1.09e-02	5.54e-04	1.49e-05	1.39e-07	0.00e+00	0.00e+00	0.00e+00	0.00e+00	0.00e+00	0.00e+00	0.00e+00
 5.28355e+22	1.11e-05	2.30e-02	3.04e-01	4.41e-01	1.48e-01	5.14e-02	2.40e-02	8.93e-03	4.18e-04	1.06e-05	0.00e+00	0.00e+00	0.00e+00	0.00e+00	0.00e+00	0.00e+00	0.00e+00	0.00e+00
 5.31332e+22	1.24e-05	2.49e-02	3.16e-01	4.39e-01	1.42e-01	4.85e-02	2.20e-02	7.89e-03	3.52e-04	8.62e-06	0.00e+00	0.00e+00	0.00e+00	0.00e+00	0.00e+00	0.00e+00	0.00e+00	0.00e+00
 5.33809e+22	1.39e-05	2.70e-02	3.29e-01	4.35e-01	1.36e-01	4.54e-02	1.99e-02	6.82e-03	2.87e-04	6.75e-06	0.00e+00	0.00e+00	0.00e+00	0.00e+00	0.00e+00	0.00e+00	0.00e+00	0.00e+00
 5.36403e+22	1.54e-05	2.91e-02	3.42e-01	4.32e-01	1.30e-01	4.26e-02	1.82e-02	5.99e-03	2.40e-04	5.43e-06	0.00e+00	0.00e+00	0.00e+00	0.00e+00	0.00e+00	0.00e+00	0.00e+00	0.00e+00
 5.39150e+22	1.75e-05	3.20e-02	3.57e-01	4.27e-01	1.23e-01	3.94e-02	1.62e-02	5.07e-03	1.91e-04	4.12e-06	0.00e+00	0.00e+00	0.00e+00	0.00e+00	0.00e+00	0.00e+00	0.00e+00	0.00e+00
 5.41898e+22	1.92e-05	3.44e-02	3.70e-01	4.22e-01	1.18e-01	3.69e-02	1.48e-02	4.44e-03	1.59e-04	3.31e-06	0.00e+00	0.00e+00	0.00e+00	0.00e+00	0.00e+00	0.00e+00	0.00e+00	0.00e+00
 5.44646e+22	2.17e-05	3.76e-02	3.86e-01	4.15e-01	1.11e-01	3.39e-02	1.31e-02	3.74e-03	1.26e-04	2.50e-06	0.00e+00	0.00e+00	0.00e+00	0.00e+00	0.00e+00	0.00e+00	0.00e+00	0.00e+00
 5.47420e+22	2.39e-05	4.04e-02	3.98e-01	4.09e-01	1.05e-01	3.17e-02	1.19e-02	3.27e-03	1.05e-04	2.01e-06	0.00e+00	0.00e+00	0.00e+00	0.00e+00	0.00e+00	0.00e+00	0.00e+00	0.00e+00
 5.50228e+22	2.69e-05	4.41e-02	4.14e-01	4.01e-01	9.90e-02	2.90e-02	1.05e-02	2.74e-03	8.22e-05	1.51e-06	0.00e+00	0.00e+00	0.00e+00	0.00e+00	0.00e+00	0.00e+00	0.00e+00	0.00e+00
 5.53085e+22	2.95e-05	4.73e-02	4.26e-01	3.93e-01	9.39e-02	2.70e-02	9.48e-03	2.38e-03	6.79e-05	1.20e-06	0.00e+00	0.00e+00	0.00e+00	0.00e+00	0.00e+00	0.00e+00	0.00e+00	0.00e+00
