#depth	He	He+	He+2
 1.54284e+22	3.13e-06	1.86e-02	9.81e-01
 3.51024e+22	6.14e-06	2.60e-02	9.74e-01
 4.14709e+22	8.53e-06	3.05e-02	9.69e-01
 4.51572e+22	1.08e-05	3.43e-02	9.66e-01
 4.73763e+22	1.20e-05	3.61e-02	9.64e-01
 4.88843e+22	1.37e-05	3.85e-02	9.62e-01
 5.04870e+22	1.53e-05	4.07e-02	9.59e-01
 5.22128e+22	1.77e-05	4.36e-02	9.56e-01
 5.39646e+22	1.99e-05	4.63e-02	9.54e-01
 5.55110e+22	2.24e-05	4.89e-02	9.51e-01
 5.72821e+22	2.60e-05	5.26e-02	9.47e-01
 5.90806e+22	2.93e-05	5.58e-02	9.44e-01
 6.09147e+22	3.42e-05	6.01e-02	9.40e-01
 6.27183e+22	3.83e-05	6.35e-02	9.36e-01
 6.42290e+22	4.27e-05	6.69e-02	9.33e-01
 6.56907e+22	4.75e-05	7.04e-02	9.30e-01
 6.73422e+22	5.42e-05	7.50e-02	9.25e-01
 6.89986e+22	6.06e-05	7.91e-02	9.21e-01
 7.04186e+22	6.70e-05	8.31e-02	9.17e-01
 7.20215e+22	7.60e-05	8.82e-02	9.12e-01
 7.36920e+22	8.51e-05	9.30e-02	9.07e-01
 7.52002e+22	9.45e-05	9.78e-02	9.02e-01
 7.69104e+22	1.08e-04	1.04e-01	8.96e-01
 7.86502e+22	1.21e-04	1.10e-01	8.90e-01
 8.01235e+22	1.34e-04	1.15e-01	8.85e-01
 8.14679e+22	1.46e-04	1.20e-01	8.80e-01
 8.29495e+22	1.64e-04	1.27e-01	8.73e-01
 8.44627e+22	1.79e-04	1.32e-01	8.68e-01
 8.58100e+22	1.97e-04	1.38e-01	8.62e-01
 8.73544e+22	2.20e-04	1.45e-01	8.54e-01
 8.89081e+22	2.42e-04	1.52e-01	8.48e-01
 9.02633e+22	2.65e-04	1.58e-01	8.41e-01
 9.18143e+22	2.96e-04	1.67e-01	8.33e-01
 9.33933e+22	3.25e-04	1.74e-01	8.26e-01
 9.47909e+22	3.57e-04	1.81e-01	8.18e-01
 9.63902e+22	3.99e-04	1.91e-01	8.09e-01
 9.80089e+22	4.39e-04	1.99e-01	8.01e-01
 9.94370e+22	4.81e-04	2.07e-01	7.92e-01
 1.01078e+23	5.39e-04	2.18e-01	7.82e-01
 1.02747e+23	5.92e-04	2.27e-01	7.72e-01
 1.04453e+23	6.66e-04	2.39e-01	7.60e-01
 1.06180e+23	7.33e-04	2.49e-01	7.50e-01
 1.07934e+23	8.24e-04	2.62e-01	7.37e-01
 1.09722e+23	9.10e-04	2.73e-01	7.26e-01
 1.10819e+23	9.44e-04	2.77e-01	7.22e-01
 1.11509e+23	9.87e-04	2.83e-01	7.16e-01
 1.12406e+23	1.05e-03	2.90e-01	7.09e-01
 1.13571e+23	1.13e-03	2.99e-01	7.00e-01
 1.15087e+23	1.25e-03	3.12e-01	6.87e-01
 1.16711e+23	1.36e-03	3.23e-01	6.75e-01
 1.18119e+23	1.47e-03	3.33e-01	6.65e-01
 1.19379e+23	1.58e-03	3.43e-01	6.55e-01
 1.20804e+23	1.72e-03	3.55e-01	6.43e-01
 1.22269e+23	1.85e-03	3.66e-01	6.32e-01
 1.23578e+23	1.99e-03	3.77e-01	6.21e-01
 1.25074e+23	2.18e-03	3.90e-01	6.07e-01
 1.26599e+23	2.35e-03	4.02e-01	5.95e-01
 1.28163e+23	2.58e-03	4.17e-01	5.80e-01
 1.29729e+23	2.78e-03	4.30e-01	5.67e-01
 1.31299e+23	3.05e-03	4.45e-01	5.52e-01
 1.32906e+23	3.29e-03	4.59e-01	5.38e-01
 1.34563e+23	3.63e-03	4.76e-01	5.21e-01
 1.36233e+23	3.91e-03	4.89e-01	5.07e-01
 1.37921e+23	4.29e-03	5.07e-01	4.89e-01
 1.39669e+23	4.67e-03	5.23e-01	4.73e-01
 1.41495e+23	5.18e-03	5.43e-01	4.52e-01
 1.43317e+23	5.61e-03	5.59e-01	4.36e-01
 1.45131e+23	6.23e-03	5.79e-01	4.15e-01
 1.46948e+23	6.74e-03	5.96e-01	3.98e-01
 1.48770e+23	7.45e-03	6.16e-01	3.77e-01
 1.50627e+23	8.11e-03	6.34e-01	3.58e-01
 1.52529e+23	9.03e-03	6.56e-01	3.35e-01
 1.54417e+23	9.83e-03	6.74e-01	3.16e-01
 1.56285e+23	1.09e-02	6.95e-01	2.94e-01
 1.58152e+23	1.19e-02	7.13e-01	2.75e-01
 1.60018e+23	1.33e-02	7.34e-01	2.53e-01
 1.61876e+23	1.45e-02	7.51e-01	2.34e-01
 1.63724e+23	1.61e-02	7.71e-01	2.13e-01
 1.65582e+23	1.77e-02	7.87e-01	1.95e-01
 1.67453e+23	1.98e-02	8.05e-01	1.75e-01
 1.69334e+23	2.17e-02	8.20e-01	1.58e-01
 1.71229e+23	2.44e-02	8.36e-01	1.40e-01
 1.73145e+23	2.70e-02	8.49e-01	1.24e-01
 1.74793e+23	2.97e-02	8.59e-01	1.12e-01
 1.76219e+23	3.21e-02	8.66e-01	1.02e-01
 1.77465e+23	3.45e-02	8.72e-01	9.32e-02
 1.78895e+23	3.80e-02	8.78e-01	8.36e-02
 1.80404e+23	4.18e-02	8.83e-01	7.50e-02
 1.81774e+23	4.59e-02	8.86e-01	6.77e-02
 1.83090e+23	5.04e-02	8.88e-01	6.13e-02
 1.84353e+23	5.54e-02	8.89e-01	5.58e-02
 1.85535e+23	6.09e-02	8.88e-01	5.11e-02
 1.86627e+23	6.70e-02	8.86e-01	4.71e-02
 1.87633e+23	7.35e-02	8.83e-01	4.39e-02
 1.88564e+23	8.06e-02	8.78e-01	4.11e-02
 1.89409e+23	8.83e-02	8.73e-01	3.89e-02
 1.90154e+23	9.61e-02	8.67e-01	3.71e-02
 1.90820e+23	1.04e-01	8.60e-01	3.56e-02
 1.91428e+23	1.13e-01	8.52e-01	3.45e-02
 1.91981e+23	1.22e-01	8.44e-01	3.36e-02
 1.92488e+23	1.32e-01	8.35e-01	3.28e-02
 1.92961e+23	1.42e-01	8.26e-01	3.23e-02
 1.93401e+23	1.52e-01	8.16e-01	3.19e-02
 1.93807e+23	1.63e-01	8.05e-01	3.17e-02
 1.94164e+23	1.73e-01	7.96e-01	3.17e-02
 1.94467e+23	1.82e-01	7.87e-01	3.17e-02
 1.94701e+23	1.89e-01	7.80e-01	3.18e-02
 1.94885e+23	1.95e-01	7.73e-01	3.19e-02
 1.95081e+23	2.02e-01	7.66e-01	3.19e-02
 1.95309e+23	2.10e-01	7.58e-01	3.19e-02
 1.95553e+23	2.20e-01	7.48e-01	3.20e-02
 1.95792e+23	2.29e-01	7.39e-01	3.22e-02
 1.96011e+23	2.38e-01	7.30e-01	3.24e-02
 1.96179e+23	2.45e-01	7.23e-01	3.25e-02
 1.96298e+23	2.50e-01	7.18e-01	3.25e-02
 1.96415e+23	2.55e-01	7.12e-01	3.26e-02
 1.96554e+23	2.62e-01	7.05e-01	3.25e-02
 1.96708e+23	2.70e-01	6.98e-01	3.25e-02
 1.96859e+23	2.77e-01	6.90e-01	3.25e-02
 1.97006e+23	2.84e-01	6.83e-01	3.25e-02
 1.97157e+23	2.92e-01	6.75e-01	3.25e-02
 1.97314e+23	3.01e-01	6.67e-01	3.24e-02
 1.97475e+23	3.09e-01	6.58e-01	3.23e-02
 1.97639e+23	3.18e-01	6.49e-01	3.22e-02
 1.97807e+23	3.28e-01	6.40e-01	3.21e-02
 1.97980e+23	3.38e-01	6.30e-01	3.19e-02
 1.98157e+23	3.48e-01	6.20e-01	3.17e-02
 1.98338e+23	3.59e-01	6.09e-01	3.14e-02
 1.98526e+23	3.71e-01	5.98e-01	3.11e-02
 1.98720e+23	3.83e-01	5.87e-01	3.08e-02
 1.98918e+23	3.95e-01	5.75e-01	3.05e-02
 1.99122e+23	4.08e-01	5.62e-01	3.01e-02
 1.99333e+23	4.21e-01	5.49e-01	2.96e-02
 1.99552e+23	4.35e-01	5.36e-01	2.91e-02
 1.99777e+23	4.49e-01	5.22e-01	2.86e-02
 2.00010e+23	4.64e-01	5.08e-01	2.80e-02
 2.00250e+23	4.79e-01	4.94e-01	2.74e-02
 2.00500e+23	4.95e-01	4.79e-01	2.67e-02
 2.00761e+23	5.11e-01	4.63e-01	2.60e-02
 2.01030e+23	5.27e-01	4.48e-01	2.52e-02
 2.01307e+23	5.43e-01	4.32e-01	2.44e-02
 2.01589e+23	5.59e-01	4.17e-01	2.36e-02
 2.01879e+23	5.76e-01	4.01e-01	2.27e-02
 2.02182e+23	5.92e-01	3.86e-01	2.18e-02
 2.02498e+23	6.08e-01	3.71e-01	2.09e-02
 2.02819e+23	6.24e-01	3.56e-01	2.00e-02
 2.03149e+23	6.40e-01	3.41e-01	1.90e-02
 2.03497e+23	6.55e-01	3.27e-01	1.81e-02
 2.03867e+23	6.70e-01	3.13e-01	1.71e-02
 2.04248e+23	6.84e-01	2.99e-01	1.62e-02
 2.04644e+23	6.98e-01	2.86e-01	1.52e-02
 2.05066e+23	7.12e-01	2.74e-01	1.43e-02
 2.05514e+23	7.25e-01	2.62e-01	1.34e-02
 2.05982e+23	7.37e-01	2.50e-01	1.25e-02
 2.06463e+23	7.49e-01	2.39e-01	1.16e-02
 2.06931e+23	7.60e-01	2.30e-01	1.08e-02
 2.07380e+23	7.69e-01	2.21e-01	1.01e-02
 2.07820e+23	7.77e-01	2.13e-01	9.49e-03
 2.08251e+23	7.85e-01	2.06e-01	8.92e-03
 2.08671e+23	7.92e-01	2.00e-01	8.39e-03
 2.09075e+23	7.98e-01	1.94e-01	7.92e-03
 2.09459e+23	8.04e-01	1.89e-01	7.48e-03
 2.09820e+23	8.09e-01	1.84e-01	7.11e-03
 2.10170e+23	8.14e-01	1.79e-01	6.74e-03
 2.10521e+23	8.19e-01	1.75e-01	6.40e-03
 2.10861e+23	8.23e-01	1.71e-01	6.09e-03
 2.11188e+23	8.27e-01	1.67e-01	5.80e-03
 2.11504e+23	8.31e-01	1.63e-01	5.53e-03
 2.11809e+23	8.35e-01	1.59e-01	5.28e-03
 2.12104e+23	8.39e-01	1.56e-01	5.05e-03
 2.12388e+23	8.42e-01	1.53e-01	4.83e-03
 2.12663e+23	8.46e-01	1.50e-01	4.63e-03
 2.12927e+23	8.49e-01	1.47e-01	4.44e-03
 2.13183e+23	8.52e-01	1.44e-01	4.26e-03
 2.13425e+23	8.54e-01	1.41e-01	4.10e-03
 2.13663e+23	8.57e-01	1.39e-01	3.93e-03
 2.13893e+23	8.60e-01	1.36e-01	3.79e-03
 2.14103e+23	8.62e-01	1.34e-01	3.65e-03
 2.14295e+23	8.65e-01	1.32e-01	3.53e-03
 2.14468e+23	8.67e-01	1.30e-01	3.42e-03
 2.14627e+23	8.69e-01	1.28e-01	3.33e-03
 2.14771e+23	8.70e-01	1.27e-01	3.24e-03
 2.14902e+23	8.72e-01	1.25e-01	3.16e-03
 2.15021e+23	8.73e-01	1.24e-01	3.09e-03
 2.15152e+23	8.75e-01	1.22e-01	3.00e-03
 2.15293e+23	8.76e-01	1.21e-01	2.93e-03
 2.15421e+23	8.78e-01	1.19e-01	2.87e-03
 2.15562e+23	8.79e-01	1.18e-01	2.79e-03
 2.15714e+23	8.81e-01	1.16e-01	2.72e-03
 2.15852e+23	8.82e-01	1.15e-01	2.65e-03
 2.15978e+23	8.84e-01	1.14e-01	2.59e-03
 2.16092e+23	8.85e-01	1.13e-01	2.54e-03
 2.16218e+23	8.86e-01	1.11e-01	2.47e-03
 2.16353e+23	8.87e-01	1.10e-01	2.42e-03
 2.16501e+23	8.89e-01	1.09e-01	2.35e-03
 2.16662e+23	8.90e-01	1.08e-01	2.30e-03
 2.16807e+23	8.91e-01	1.06e-01	2.25e-03
 2.16940e+23	8.92e-01	1.05e-01	2.21e-03
 2.17085e+23	8.94e-01	1.04e-01	2.13e-03
 2.17274e+23	8.96e-01	1.02e-01	2.07e-03
 2.17478e+23	8.97e-01	1.01e-01	2.01e-03
 2.17664e+23	8.99e-01	9.93e-02	1.95e-03
 2.17833e+23	9.00e-01	9.80e-02	1.90e-03
 2.17986e+23	9.01e-01	9.67e-02	1.85e-03
 2.18126e+23	9.03e-01	9.55e-02	1.80e-03
 2.18280e+23	9.04e-01	9.41e-02	1.74e-03
 2.18445e+23	9.05e-01	9.28e-02	1.70e-03
 2.18596e+23	9.07e-01	9.17e-02	1.66e-03
 2.18733e+23	9.08e-01	9.06e-02	1.62e-03
 2.18857e+23	9.09e-01	8.96e-02	1.58e-03
 2.18994e+23	9.10e-01	8.84e-02	1.54e-03
 2.19142e+23	9.11e-01	8.73e-02	1.50e-03
 2.19276e+23	9.12e-01	8.64e-02	1.46e-03
 2.19423e+23	9.13e-01	8.51e-02	1.42e-03
 2.19582e+23	9.15e-01	8.41e-02	1.39e-03
 2.19726e+23	9.15e-01	8.32e-02	1.36e-03
 2.19885e+23	9.17e-01	8.19e-02	1.31e-03
 2.20056e+23	9.18e-01	8.08e-02	1.28e-03
 2.20211e+23	9.19e-01	7.98e-02	1.25e-03
 2.20353e+23	9.20e-01	7.88e-02	1.22e-03
 2.20482e+23	9.21e-01	7.79e-02	1.19e-03
 2.20599e+23	9.22e-01	7.72e-02	1.17e-03
 2.20727e+23	9.23e-01	7.61e-02	1.13e-03
 2.20894e+23	9.24e-01	7.50e-02	1.10e-03
 2.21075e+23	9.25e-01	7.42e-02	1.08e-03
 2.21239e+23	9.26e-01	7.33e-02	1.05e-03
 2.21388e+23	9.27e-01	7.24e-02	1.02e-03
 2.21524e+23	9.27e-01	7.17e-02	1.00e-03
 2.21673e+23	9.28e-01	7.07e-02	9.74e-04
 2.21833e+23	9.29e-01	6.99e-02	9.54e-04
 2.21980e+23	9.30e-01	6.92e-02	9.33e-04
 2.22140e+23	9.31e-01	6.82e-02	9.06e-04
 2.22313e+23	9.32e-01	6.74e-02	8.85e-04
 2.22470e+23	9.33e-01	6.65e-02	8.63e-04
 2.22614e+23	9.33e-01	6.59e-02	8.47e-04
 2.22771e+23	9.34e-01	6.50e-02	8.22e-04
 2.22940e+23	9.35e-01	6.42e-02	8.03e-04
 2.23094e+23	9.36e-01	6.36e-02	7.87e-04
 2.23264e+23	9.37e-01	6.26e-02	7.62e-04
 2.23446e+23	9.37e-01	6.18e-02	7.44e-04
 2.23612e+23	9.38e-01	6.12e-02	7.29e-04
 2.23794e+23	9.39e-01	6.01e-02	7.04e-04
 2.23990e+23	9.40e-01	5.94e-02	6.86e-04
 2.24169e+23	9.41e-01	5.86e-02	6.67e-04
 2.24332e+23	9.41e-01	5.80e-02	6.54e-04
 2.24510e+23	9.42e-01	5.71e-02	6.33e-04
 2.24703e+23	9.43e-01	5.64e-02	6.18e-04
 2.24878e+23	9.44e-01	5.57e-02	6.04e-04
 2.25070e+23	9.45e-01	5.48e-02	5.83e-04
 2.25277e+23	9.45e-01	5.41e-02	5.69e-04
 2.25465e+23	9.46e-01	5.34e-02	5.55e-04
 2.25672e+23	9.47e-01	5.25e-02	5.35e-04
 2.25895e+23	9.48e-01	5.17e-02	5.21e-04
 2.26098e+23	9.48e-01	5.11e-02	5.07e-04
 2.26320e+23	9.49e-01	5.01e-02	4.88e-04
 2.26560e+23	9.50e-01	4.94e-02	4.74e-04
 2.26779e+23	9.51e-01	4.87e-02	4.61e-04
 2.27018e+23	9.52e-01	4.77e-02	4.43e-04
 2.27277e+23	9.53e-01	4.70e-02	4.30e-04
 2.27512e+23	9.53e-01	4.63e-02	4.16e-04
 2.27726e+23	9.54e-01	4.56e-02	4.05e-04
 2.27961e+23	9.55e-01	4.48e-02	3.89e-04
 2.28214e+23	9.56e-01	4.41e-02	3.77e-04
 2.28444e+23	9.56e-01	4.35e-02	3.67e-04
 2.28697e+23	9.57e-01	4.26e-02	3.53e-04
 2.28969e+23	9.58e-01	4.19e-02	3.41e-04
 2.29217e+23	9.58e-01	4.13e-02	3.32e-04
 2.29489e+23	9.59e-01	4.05e-02	3.18e-04
 2.29783e+23	9.60e-01	3.98e-02	3.08e-04
 2.30050e+23	9.61e-01	3.91e-02	2.97e-04
 2.30293e+23	9.61e-01	3.85e-02	2.89e-04
 2.30559e+23	9.62e-01	3.78e-02	2.77e-04
 2.30847e+23	9.63e-01	3.71e-02	2.68e-04
 2.31108e+23	9.63e-01	3.66e-02	2.60e-04
 2.31395e+23	9.64e-01	3.58e-02	2.49e-04
 2.31704e+23	9.65e-01	3.52e-02	2.41e-04
 2.31986e+23	9.65e-01	3.46e-02	2.33e-04
 2.32295e+23	9.66e-01	3.39e-02	2.23e-04
 2.32628e+23	9.67e-01	3.32e-02	2.14e-04
 2.32931e+23	9.67e-01	3.26e-02	2.07e-04
 2.33263e+23	9.68e-01	3.19e-02	1.98e-04
 2.33622e+23	9.69e-01	3.12e-02	1.90e-04
 2.33948e+23	9.69e-01	3.07e-02	1.83e-04
 2.34306e+23	9.70e-01	3.00e-02	1.75e-04
 2.34692e+23	9.70e-01	2.93e-02	1.68e-04
 2.35043e+23	9.71e-01	2.87e-02	1.60e-04
 2.35363e+23	9.72e-01	2.82e-02	1.55e-04
 2.35713e+23	9.72e-01	2.76e-02	1.48e-04
 2.36092e+23	9.73e-01	2.70e-02	1.42e-04
 2.36436e+23	9.73e-01	2.65e-02	1.36e-04
 2.36749e+23	9.74e-01	2.60e-02	1.32e-04
 2.37092e+23	9.74e-01	2.54e-02	1.26e-04
 2.37463e+23	9.75e-01	2.49e-02	1.21e-04
 2.37869e+23	9.76e-01	2.43e-02	1.15e-04
 2.38307e+23	9.76e-01	2.38e-02	1.10e-04
 2.38706e+23	9.77e-01	2.32e-02	1.05e-04
 2.39069e+23	9.77e-01	2.28e-02	1.01e-04
 2.39467e+23	9.78e-01	2.23e-02	9.65e-05
 2.39896e+23	9.78e-01	2.18e-02	9.22e-05
 2.40287e+23	9.79e-01	2.13e-02	8.84e-05
 2.40715e+23	9.79e-01	2.08e-02	8.40e-05
 2.41178e+23	9.80e-01	2.03e-02	8.00e-05
 2.41598e+23	9.80e-01	1.98e-02	7.64e-05
 2.42059e+23	9.81e-01	1.93e-02	7.25e-05
 2.42641e+23	9.81e-01	1.86e-02	6.76e-05
 2.43254e+23	9.82e-01	1.80e-02	6.35e-05
 2.43868e+23	9.83e-01	1.74e-02	5.93e-05
 2.44508e+23	9.83e-01	1.68e-02	5.54e-05
 2.45145e+23	9.84e-01	1.63e-02	5.17e-05
 2.45789e+23	9.84e-01	1.57e-02	4.83e-05
 2.46440e+23	9.85e-01	1.52e-02	4.51e-05
 2.47095e+23	9.85e-01	1.47e-02	4.20e-05
 2.47757e+23	9.86e-01	1.42e-02	3.92e-05
 2.48426e+23	9.86e-01	1.37e-02	3.65e-05
 2.49102e+23	9.87e-01	1.32e-02	3.40e-05
 2.49784e+23	9.87e-01	1.27e-02	3.17e-05
 2.50471e+23	9.88e-01	1.23e-02	2.95e-05
 2.51164e+23	9.88e-01	1.19e-02	2.75e-05
 2.51861e+23	9.89e-01	1.14e-02	2.56e-05
 2.52564e+23	9.89e-01	1.10e-02	2.38e-05
 2.53271e+23	9.89e-01	1.06e-02	2.21e-05
 2.53984e+23	9.90e-01	1.02e-02	2.06e-05
 2.54703e+23	9.90e-01	9.88e-03	1.91e-05
 2.55427e+23	9.90e-01	9.52e-03	1.78e-05
 2.56156e+23	9.91e-01	9.17e-03	1.65e-05
 2.56890e+23	9.91e-01	8.84e-03	1.53e-05
 2.57630e+23	9.91e-01	8.52e-03	1.42e-05
 2.58383e+23	9.92e-01	8.20e-03	1.32e-05
 2.59153e+23	9.92e-01	7.89e-03	1.22e-05
 2.59932e+23	9.92e-01	7.59e-03	1.13e-05
 2.60721e+23	9.93e-01	7.30e-03	1.05e-05
 2.61517e+23	9.93e-01	7.02e-03	9.66e-06
 2.62323e+23	9.93e-01	6.75e-03	8.93e-06
 2.63137e+23	9.94e-01	6.49e-03	8.25e-06
 2.63961e+23	9.94e-01	6.23e-03	7.62e-06
 2.64798e+23	9.94e-01	5.98e-03	7.02e-06
 2.65649e+23	9.94e-01	5.74e-03	6.47e-06
 2.66521e+23	9.94e-01	5.51e-03	5.95e-06
 2.67414e+23	9.95e-01	5.28e-03	5.47e-06
 2.68324e+23	9.95e-01	5.06e-03	5.02e-06
 2.69250e+23	9.95e-01	4.84e-03	4.60e-06
 2.70192e+23	9.95e-01	4.63e-03	4.21e-06
 2.71152e+23	9.96e-01	4.43e-03	3.85e-06
 2.72130e+23	9.96e-01	4.23e-03	3.51e-06
 2.73128e+23	9.96e-01	4.04e-03	3.21e-06
 2.74151e+23	9.96e-01	3.86e-03	2.92e-06
 2.75200e+23	9.96e-01	3.68e-03	2.65e-06
 2.76272e+23	9.96e-01	3.50e-03	2.41e-06
 2.77369e+23	9.97e-01	3.33e-03	2.18e-06
 2.78492e+23	9.97e-01	3.17e-03	1.97e-06
 2.79643e+23	9.97e-01	3.01e-03	1.78e-06
 2.80825e+23	9.97e-01	2.86e-03	1.60e-06
 2.82033e+23	9.97e-01	2.71e-03	1.44e-06
 2.83250e+23	9.97e-01	2.57e-03	1.30e-06
 2.84478e+23	9.98e-01	2.44e-03	1.16e-06
 2.85721e+23	9.98e-01	2.31e-03	1.05e-06
 2.86978e+23	9.98e-01	2.19e-03	9.39e-07
 2.88246e+23	9.98e-01	2.07e-03	8.42e-07
 2.89528e+23	9.98e-01	1.96e-03	7.55e-07
 2.90823e+23	9.98e-01	1.86e-03	6.76e-07
 2.92134e+23	9.98e-01	1.76e-03	6.06e-07
 2.93458e+23	9.98e-01	1.66e-03	5.42e-07
 2.94791e+23	9.98e-01	1.57e-03	4.85e-07
 2.96137e+23	9.99e-01	1.49e-03	4.33e-07
 2.97502e+23	9.99e-01	1.41e-03	3.87e-07
 2.98869e+23	9.99e-01	1.33e-03	3.45e-07
 3.00248e+23	9.99e-01	1.26e-03	3.08e-07
 3.01655e+23	9.99e-01	1.18e-03	2.74e-07
 3.03078e+23	9.99e-01	1.12e-03	2.44e-07
 3.04493e+23	9.99e-01	1.05e-03	2.17e-07
 3.05851e+23	9.99e-01	9.98e-04	1.94e-07
 3.07120e+23	9.99e-01	9.49e-04	1.76e-07
 3.08149e+23	9.99e-01	9.14e-04	1.63e-07
