#depth	N	N+	N+2	N+3	N+4	N+5	N+6	N+7
 4.62852e+21	1.50e-25	1.91e-19	6.70e-15	2.77e-11	3.80e-08	1.46e-04	2.52e-02	9.75e-01
 1.04294e+22	4.11e-24	3.01e-18	6.16e-14	1.49e-10	1.17e-07	3.49e-04	4.00e-02	9.60e-01
 1.21834e+22	3.11e-23	1.64e-17	2.44e-13	4.26e-10	2.35e-07	5.78e-04	5.17e-02	9.48e-01
 1.30560e+22	1.03e-22	4.51e-17	5.56e-13	7.98e-10	3.57e-07	7.68e-04	5.95e-02	9.40e-01
 1.34195e+22	1.43e-22	5.94e-17	6.96e-13	9.47e-10	4.00e-07	8.28e-04	6.17e-02	9.37e-01
 1.35375e+22	1.75e-22	7.08e-17	8.04e-13	1.06e-09	4.30e-07	8.68e-04	6.31e-02	9.36e-01
 1.36271e+22	2.16e-22	8.44e-17	9.29e-13	1.18e-09	4.63e-07	9.11e-04	6.46e-02	9.34e-01
 1.37291e+22	2.85e-22	1.07e-16	1.12e-12	1.36e-09	5.10e-07	9.70e-04	6.66e-02	9.32e-01
 1.38306e+22	3.53e-22	1.28e-16	1.31e-12	1.53e-09	5.50e-07	1.02e-03	6.82e-02	9.31e-01
 1.39315e+22	4.76e-22	1.65e-16	1.61e-12	1.79e-09	6.10e-07	1.09e-03	7.04e-02	9.28e-01
 1.40314e+22	5.84e-22	1.96e-16	1.86e-12	2.00e-09	6.57e-07	1.14e-03	7.20e-02	9.27e-01
 1.41298e+22	7.85e-22	2.52e-16	2.28e-12	2.34e-09	7.29e-07	1.22e-03	7.43e-02	9.24e-01
 1.42299e+22	9.86e-22	3.06e-16	2.67e-12	2.64e-09	7.90e-07	1.28e-03	7.62e-02	9.23e-01
 1.43184e+22	1.25e-21	3.74e-16	3.15e-12	2.99e-09	8.59e-07	1.35e-03	7.81e-02	9.21e-01
 1.44196e+22	1.70e-21	4.86e-16	3.91e-12	3.52e-09	9.58e-07	1.45e-03	8.06e-02	9.18e-01
 1.45205e+22	2.15e-21	5.95e-16	4.62e-12	4.00e-09	1.04e-06	1.52e-03	8.27e-02	9.16e-01
 1.46211e+22	2.94e-21	7.78e-16	5.75e-12	4.73e-09	1.17e-06	1.63e-03	8.54e-02	9.13e-01
 1.47231e+22	3.77e-21	9.61e-16	6.85e-12	5.40e-09	1.27e-06	1.73e-03	8.77e-02	9.11e-01
 1.48269e+22	5.24e-21	1.27e-15	8.63e-12	6.44e-09	1.43e-06	1.86e-03	9.07e-02	9.07e-01
 1.49312e+22	6.74e-21	1.58e-15	1.03e-11	7.37e-09	1.57e-06	1.96e-03	9.31e-02	9.05e-01
 1.50208e+22	8.63e-21	1.95e-15	1.23e-11	8.42e-09	1.71e-06	2.07e-03	9.55e-02	9.02e-01
 1.51223e+22	1.20e-20	2.58e-15	1.54e-11	1.00e-08	1.93e-06	2.23e-03	9.88e-02	8.99e-01
 1.52236e+22	1.51e-20	3.15e-15	1.82e-11	1.14e-08	2.10e-06	2.35e-03	1.01e-01	8.96e-01
 1.53249e+22	2.09e-20	4.15e-15	2.29e-11	1.35e-08	2.36e-06	2.52e-03	1.05e-01	8.93e-01
 1.54272e+22	2.63e-20	5.06e-15	2.70e-11	1.54e-08	2.57e-06	2.66e-03	1.07e-01	8.90e-01
 1.55306e+22	3.63e-20	6.66e-15	3.38e-11	1.83e-08	2.88e-06	2.85e-03	1.11e-01	8.86e-01
 1.56360e+22	4.60e-20	8.15e-15	4.00e-11	2.08e-08	3.14e-06	3.01e-03	1.14e-01	8.83e-01
 1.57437e+22	6.28e-20	1.06e-14	4.99e-11	2.46e-08	3.52e-06	3.23e-03	1.17e-01	8.79e-01
 1.58551e+22	8.09e-20	1.32e-14	5.97e-11	2.82e-08	3.87e-06	3.43e-03	1.21e-01	8.76e-01
 1.59710e+22	1.12e-19	1.75e-14	7.51e-11	3.37e-08	4.36e-06	3.69e-03	1.25e-01	8.71e-01
 1.60896e+22	1.44e-19	2.17e-14	9.00e-11	3.87e-08	4.80e-06	3.91e-03	1.28e-01	8.68e-01
 1.61951e+22	1.84e-19	2.68e-14	1.07e-10	4.42e-08	5.26e-06	4.14e-03	1.32e-01	8.64e-01
 1.63157e+22	2.52e-19	3.51e-14	1.34e-10	5.25e-08	5.91e-06	4.46e-03	1.36e-01	8.59e-01
 1.64380e+22	3.21e-19	4.31e-14	1.59e-10	6.00e-08	6.48e-06	4.72e-03	1.40e-01	8.56e-01
 1.65625e+22	4.36e-19	5.62e-14	1.98e-10	7.11e-08	7.28e-06	5.07e-03	1.44e-01	8.51e-01
 1.66834e+22	5.40e-19	6.75e-14	2.31e-10	8.01e-08	7.90e-06	5.34e-03	1.48e-01	8.47e-01
 1.67997e+22	7.15e-19	8.59e-14	2.83e-10	9.35e-08	8.80e-06	5.71e-03	1.52e-01	8.42e-01
 1.69182e+22	8.82e-19	1.03e-13	3.29e-10	1.05e-07	9.54e-06	6.00e-03	1.56e-01	8.38e-01
 1.70396e+22	1.17e-18	1.31e-13	4.03e-10	1.23e-07	1.06e-05	6.43e-03	1.61e-01	8.33e-01
 1.71627e+22	1.44e-18	1.57e-13	4.67e-10	1.38e-07	1.15e-05	6.75e-03	1.64e-01	8.29e-01
 1.72879e+22	1.91e-18	2.00e-13	5.71e-10	1.62e-07	1.29e-05	7.23e-03	1.69e-01	8.24e-01
 1.74111e+22	2.30e-18	2.35e-13	6.54e-10	1.80e-07	1.38e-05	7.57e-03	1.73e-01	8.20e-01
 1.75315e+22	2.99e-18	2.94e-13	7.89e-10	2.08e-07	1.53e-05	8.07e-03	1.78e-01	8.14e-01
 1.76542e+22	3.62e-18	3.46e-13	9.06e-10	2.32e-07	1.65e-05	8.46e-03	1.81e-01	8.10e-01
 1.77802e+22	4.70e-18	4.34e-13	1.09e-09	2.69e-07	1.83e-05	9.03e-03	1.87e-01	8.04e-01
 1.79086e+22	5.71e-18	5.13e-13	1.26e-09	3.00e-07	1.98e-05	9.47e-03	1.91e-01	8.00e-01
 1.80400e+22	7.42e-18	6.43e-13	1.52e-09	3.48e-07	2.20e-05	1.01e-02	1.96e-01	7.94e-01
 1.81738e+22	9.02e-18	7.61e-13	1.75e-09	3.89e-07	2.38e-05	1.06e-02	2.00e-01	7.89e-01
 1.83106e+22	1.17e-17	9.54e-13	2.12e-09	4.51e-07	2.64e-05	1.13e-02	2.06e-01	7.83e-01
 1.84500e+22	1.43e-17	1.13e-12	2.44e-09	5.05e-07	2.86e-05	1.19e-02	2.11e-01	7.77e-01
 1.85927e+22	1.86e-17	1.42e-12	2.95e-09	5.87e-07	3.18e-05	1.27e-02	2.17e-01	7.71e-01
 1.87322e+22	2.21e-17	1.65e-12	3.35e-09	6.48e-07	3.41e-05	1.33e-02	2.21e-01	7.66e-01
 1.88675e+22	2.83e-17	2.04e-12	4.01e-09	7.47e-07	3.78e-05	1.42e-02	2.27e-01	7.59e-01
 1.90049e+22	3.37e-17	2.37e-12	4.55e-09	8.25e-07	4.05e-05	1.48e-02	2.31e-01	7.54e-01
 1.91451e+22	4.28e-17	2.92e-12	5.41e-09	9.47e-07	4.47e-05	1.57e-02	2.37e-01	7.47e-01
 1.92897e+22	5.19e-17	3.44e-12	6.22e-09	1.06e-06	4.84e-05	1.65e-02	2.42e-01	7.42e-01
 1.94399e+22	6.60e-17	4.23e-12	7.40e-09	1.21e-06	5.34e-05	1.76e-02	2.48e-01	7.34e-01
 1.95951e+22	8.08e-17	5.04e-12	8.58e-09	1.36e-06	5.80e-05	1.85e-02	2.53e-01	7.28e-01
 1.97567e+22	1.04e-16	6.25e-12	1.03e-08	1.57e-06	6.42e-05	1.97e-02	2.60e-01	7.20e-01
 1.99227e+22	1.27e-16	7.47e-12	1.19e-08	1.78e-06	7.00e-05	2.08e-02	2.66e-01	7.13e-01
 2.00944e+22	1.64e-16	9.31e-12	1.44e-08	2.06e-06	7.78e-05	2.22e-02	2.73e-01	7.05e-01
 2.02719e+22	2.03e-16	1.12e-11	1.68e-08	2.33e-06	8.50e-05	2.34e-02	2.79e-01	6.98e-01
 2.04568e+22	2.65e-16	1.41e-11	2.04e-08	2.72e-06	9.49e-05	2.51e-02	2.87e-01	6.88e-01
 2.06465e+22	3.31e-16	1.71e-11	2.40e-08	3.10e-06	1.04e-04	2.66e-02	2.93e-01	6.80e-01
 2.08170e+22	4.09e-16	2.05e-11	2.79e-08	3.49e-06	1.14e-04	2.80e-02	2.99e-01	6.73e-01
 2.10128e+22	5.45e-16	2.63e-11	3.45e-08	4.13e-06	1.28e-04	3.01e-02	3.08e-01	6.62e-01
 2.12099e+22	6.71e-16	3.15e-11	4.01e-08	4.66e-06	1.40e-04	3.18e-02	3.14e-01	6.54e-01
 2.14084e+22	8.90e-16	4.02e-11	4.92e-08	5.49e-06	1.57e-04	3.41e-02	3.23e-01	6.43e-01
 2.16112e+22	1.12e-15	4.88e-11	5.80e-08	6.25e-06	1.72e-04	3.61e-02	3.30e-01	6.34e-01
 2.18195e+22	1.49e-15	6.27e-11	7.16e-08	7.40e-06	1.94e-04	3.88e-02	3.39e-01	6.22e-01
 2.20310e+22	1.88e-15	7.68e-11	8.49e-08	8.48e-06	2.14e-04	4.12e-02	3.46e-01	6.13e-01
 2.22468e+22	2.55e-15	1.00e-10	1.06e-07	1.01e-05	2.43e-04	4.45e-02	3.56e-01	6.00e-01
 2.24507e+22	3.12e-15	1.19e-10	1.23e-07	1.14e-05	2.64e-04	4.67e-02	3.62e-01	5.91e-01
 2.26392e+22	4.08e-15	1.50e-10	1.50e-07	1.33e-05	2.96e-04	5.00e-02	3.70e-01	5.79e-01
 2.28293e+22	4.98e-15	1.78e-10	1.73e-07	1.50e-05	3.21e-04	5.25e-02	3.77e-01	5.70e-01
 2.30215e+22	6.57e-15	2.27e-10	2.12e-07	1.76e-05	3.61e-04	5.63e-02	3.85e-01	5.58e-01
 2.32155e+22	8.10e-15	2.72e-10	2.47e-07	1.99e-05	3.94e-04	5.93e-02	3.92e-01	5.48e-01
 2.34118e+22	1.07e-14	3.47e-10	3.04e-07	2.36e-05	4.44e-04	6.36e-02	4.01e-01	5.35e-01
 2.36107e+22	1.33e-14	4.18e-10	3.57e-07	2.68e-05	4.87e-04	6.71e-02	4.08e-01	5.25e-01
 2.38131e+22	1.78e-14	5.39e-10	4.42e-07	3.19e-05	5.51e-04	7.21e-02	4.17e-01	5.10e-01
 2.40182e+22	2.21e-14	6.52e-10	5.20e-07	3.63e-05	6.05e-04	7.62e-02	4.24e-01	5.00e-01
 2.42268e+22	2.97e-14	8.43e-10	6.48e-07	4.35e-05	6.88e-04	8.20e-02	4.33e-01	4.85e-01
 2.44398e+22	3.75e-14	1.03e-09	7.72e-07	5.01e-05	7.62e-04	8.69e-02	4.40e-01	4.72e-01
 2.46584e+22	5.08e-14	1.35e-09	9.70e-07	6.04e-05	8.71e-04	9.38e-02	4.49e-01	4.56e-01
 2.48816e+22	6.46e-14	1.67e-09	1.16e-06	7.02e-05	9.70e-04	9.97e-02	4.56e-01	4.43e-01
 2.51039e+22	8.68e-14	2.16e-09	1.46e-06	8.46e-05	1.11e-03	1.08e-01	4.64e-01	4.27e-01
 2.53161e+22	1.07e-13	2.60e-09	1.71e-06	9.66e-05	1.22e-03	1.13e-01	4.70e-01	4.15e-01
 2.55219e+22	1.41e-13	3.31e-09	2.11e-06	1.15e-04	1.39e-03	1.22e-01	4.78e-01	3.99e-01
 2.57304e+22	1.74e-13	3.99e-09	2.49e-06	1.32e-04	1.53e-03	1.29e-01	4.83e-01	3.87e-01
 2.59344e+22	2.23e-13	4.99e-09	3.03e-06	1.56e-04	1.73e-03	1.37e-01	4.89e-01	3.72e-01
 2.61425e+22	2.76e-13	6.03e-09	3.59e-06	1.81e-04	1.92e-03	1.45e-01	4.94e-01	3.59e-01
 2.63451e+22	3.47e-13	7.40e-09	4.31e-06	2.11e-04	2.15e-03	1.54e-01	4.99e-01	3.44e-01
 2.65521e+22	4.27e-13	8.94e-09	5.10e-06	2.45e-04	2.40e-03	1.64e-01	5.03e-01	3.31e-01
 2.67569e+22	5.27e-13	1.08e-08	6.06e-06	2.84e-04	2.67e-03	1.73e-01	5.07e-01	3.17e-01
 2.69627e+22	6.44e-13	1.30e-08	7.15e-06	3.28e-04	2.98e-03	1.83e-01	5.10e-01	3.04e-01
 2.71663e+22	7.80e-13	1.55e-08	8.40e-06	3.79e-04	3.31e-03	1.93e-01	5.12e-01	2.91e-01
 2.73694e+22	9.39e-13	1.84e-08	9.83e-06	4.35e-04	3.67e-03	2.04e-01	5.14e-01	2.78e-01
 2.75728e+22	1.12e-12	2.17e-08	1.15e-05	5.00e-04	4.07e-03	2.15e-01	5.15e-01	2.65e-01
 2.77771e+22	1.34e-12	2.55e-08	1.33e-05	5.73e-04	4.50e-03	2.26e-01	5.16e-01	2.53e-01
 2.79826e+22	1.58e-12	2.99e-08	1.55e-05	6.55e-04	4.98e-03	2.37e-01	5.16e-01	2.41e-01
 2.81899e+22	1.86e-12	3.48e-08	1.79e-05	7.48e-04	5.50e-03	2.49e-01	5.15e-01	2.29e-01
 2.83997e+22	2.18e-12	4.05e-08	2.06e-05	8.53e-04	6.08e-03	2.61e-01	5.14e-01	2.18e-01
 2.86105e+22	2.54e-12	4.68e-08	2.37e-05	9.70e-04	6.70e-03	2.74e-01	5.12e-01	2.06e-01
 2.88247e+22	2.95e-12	5.41e-08	2.73e-05	1.10e-03	7.39e-03	2.87e-01	5.09e-01	1.95e-01
 2.90414e+22	3.45e-12	6.22e-08	3.12e-05	1.25e-03	8.13e-03	3.00e-01	5.06e-01	1.85e-01
 2.92623e+22	3.99e-12	7.16e-08	3.58e-05	1.42e-03	8.98e-03	3.13e-01	5.02e-01	1.74e-01
 2.94678e+22	4.48e-12	8.01e-08	3.99e-05	1.57e-03	9.70e-03	3.24e-01	4.99e-01	1.66e-01
 2.96792e+22	5.16e-12	9.20e-08	4.58e-05	1.79e-03	1.07e-02	3.39e-01	4.93e-01	1.55e-01
 2.98940e+22	5.77e-12	1.03e-07	5.10e-05	1.98e-03	1.16e-02	3.50e-01	4.89e-01	1.48e-01
 3.01139e+22	6.61e-12	1.18e-07	5.84e-05	2.26e-03	1.28e-02	3.65e-01	4.82e-01	1.38e-01
 3.03350e+22	7.37e-12	1.31e-07	6.48e-05	2.48e-03	1.38e-02	3.77e-01	4.76e-01	1.31e-01
 3.05577e+22	8.40e-12	1.49e-07	7.39e-05	2.81e-03	1.52e-02	3.92e-01	4.69e-01	1.22e-01
 3.07816e+22	9.31e-12	1.65e-07	8.18e-05	3.08e-03	1.63e-02	4.03e-01	4.62e-01	1.15e-01
 3.10072e+22	1.06e-11	1.87e-07	9.29e-05	3.48e-03	1.79e-02	4.18e-01	4.54e-01	1.07e-01
 3.12346e+22	1.17e-11	2.06e-07	1.03e-04	3.81e-03	1.92e-02	4.29e-01	4.47e-01	1.01e-01
 3.14645e+22	1.32e-11	2.33e-07	1.16e-04	4.28e-03	2.10e-02	4.44e-01	4.37e-01	9.34e-02
 3.16972e+22	1.46e-11	2.57e-07	1.28e-04	4.68e-03	2.25e-02	4.56e-01	4.29e-01	8.79e-02
 3.19337e+22	1.64e-11	2.91e-07	1.45e-04	5.25e-03	2.46e-02	4.70e-01	4.19e-01	8.11e-02
 3.21740e+22	1.82e-11	3.21e-07	1.60e-04	5.73e-03	2.64e-02	4.81e-01	4.10e-01	7.61e-02
 3.24193e+22	2.05e-11	3.63e-07	1.82e-04	6.42e-03	2.88e-02	4.96e-01	3.99e-01	6.99e-02
 3.26698e+22	2.27e-11	4.01e-07	2.01e-04	7.02e-03	3.08e-02	5.07e-01	3.90e-01	6.53e-02
 3.29268e+22	2.57e-11	4.55e-07	2.28e-04	7.87e-03	3.37e-02	5.21e-01	3.77e-01	5.97e-02
 3.31904e+22	2.86e-11	5.05e-07	2.54e-04	8.61e-03	3.61e-02	5.32e-01	3.68e-01	5.55e-02
 3.34624e+22	3.25e-11	5.74e-07	2.89e-04	9.67e-03	3.95e-02	5.46e-01	3.54e-01	5.03e-02
 3.37182e+22	3.58e-11	6.30e-07	3.16e-04	1.04e-02	4.17e-02	5.54e-01	3.46e-01	4.72e-02
 3.39532e+22	4.00e-11	7.04e-07	3.54e-04	1.15e-02	4.49e-02	5.65e-01	3.35e-01	4.33e-02
 3.41862e+22	4.38e-11	7.69e-07	3.86e-04	1.23e-02	4.73e-02	5.73e-01	3.26e-01	4.07e-02
 3.44166e+22	4.85e-11	8.53e-07	4.31e-04	1.35e-02	5.08e-02	5.83e-01	3.15e-01	3.73e-02
 3.46484e+22	5.32e-11	9.34e-07	4.70e-04	1.45e-02	5.34e-02	5.90e-01	3.07e-01	3.50e-02
 3.48820e+22	5.93e-11	1.04e-06	5.24e-04	1.58e-02	5.71e-02	5.99e-01	2.96e-01	3.20e-02
 3.51198e+22	6.55e-11	1.14e-06	5.73e-04	1.70e-02	6.01e-02	6.05e-01	2.87e-01	2.99e-02
 3.53631e+22	7.32e-11	1.28e-06	6.42e-04	1.86e-02	6.43e-02	6.13e-01	2.76e-01	2.72e-02
 3.56097e+22	8.11e-11	1.41e-06	7.04e-04	1.99e-02	6.76e-02	6.19e-01	2.67e-01	2.54e-02
 3.58607e+22	9.11e-11	1.58e-06	7.91e-04	2.18e-02	7.23e-02	6.26e-01	2.56e-01	2.30e-02
 3.61167e+22	1.02e-10	1.75e-06	8.70e-04	2.34e-02	7.60e-02	6.31e-01	2.47e-01	2.13e-02
 3.63790e+22	1.15e-10	1.98e-06	9.82e-04	2.57e-02	8.13e-02	6.37e-01	2.36e-01	1.92e-02
 3.66470e+22	1.29e-10	2.20e-06	1.08e-03	2.76e-02	8.54e-02	6.41e-01	2.27e-01	1.77e-02
 3.69224e+22	1.47e-10	2.50e-06	1.23e-03	3.03e-02	9.13e-02	6.45e-01	2.16e-01	1.59e-02
 3.72038e+22	1.66e-10	2.80e-06	1.37e-03	3.27e-02	9.61e-02	6.48e-01	2.07e-01	1.46e-02
 3.74932e+22	1.92e-10	3.22e-06	1.56e-03	3.59e-02	1.03e-01	6.51e-01	1.96e-01	1.30e-02
 3.77860e+22	2.18e-10	3.62e-06	1.74e-03	3.87e-02	1.08e-01	6.53e-01	1.87e-01	1.19e-02
 3.80833e+22	2.52e-10	4.16e-06	1.99e-03	4.25e-02	1.15e-01	6.54e-01	1.76e-01	1.05e-02
 3.83835e+22	2.89e-10	4.71e-06	2.21e-03	4.58e-02	1.20e-01	6.54e-01	1.68e-01	9.56e-03
 3.86877e+22	3.37e-10	5.44e-06	2.54e-03	5.03e-02	1.28e-01	6.53e-01	1.58e-01	8.40e-03
 3.89841e+22	3.82e-10	6.10e-06	2.81e-03	5.38e-02	1.34e-01	6.52e-01	1.50e-01	7.68e-03
 3.92706e+22	4.46e-10	7.02e-06	3.20e-03	5.86e-02	1.41e-01	6.49e-01	1.41e-01	6.82e-03
 3.95725e+22	5.08e-10	7.93e-06	3.58e-03	6.31e-02	1.48e-01	6.46e-01	1.34e-01	6.12e-03
 3.98261e+22	5.73e-10	8.83e-06	3.93e-03	6.71e-02	1.53e-01	6.43e-01	1.28e-01	5.60e-03
 4.00873e+22	6.61e-10	1.00e-05	4.40e-03	7.21e-02	1.60e-01	6.38e-01	1.20e-01	5.03e-03
 4.03613e+22	7.50e-10	1.12e-05	4.86e-03	7.69e-02	1.66e-01	6.33e-01	1.14e-01	4.57e-03
 4.06130e+22	8.51e-10	1.26e-05	5.36e-03	8.18e-02	1.72e-01	6.28e-01	1.08e-01	4.14e-03
 4.09015e+22	1.00e-09	1.45e-05	6.07e-03	8.84e-02	1.80e-01	6.21e-01	1.01e-01	3.66e-03
 4.11973e+22	1.15e-09	1.64e-05	6.75e-03	9.44e-02	1.87e-01	6.13e-01	9.52e-02	3.28e-03
 4.14582e+22	1.31e-09	1.84e-05	7.46e-03	1.00e-01	1.93e-01	6.06e-01	8.99e-02	2.96e-03
 4.17529e+22	1.55e-09	2.13e-05	8.44e-03	1.08e-01	2.01e-01	5.96e-01	8.35e-02	2.60e-03
 4.20604e+22	1.79e-09	2.42e-05	9.43e-03	1.16e-01	2.08e-01	5.86e-01	7.80e-02	2.31e-03
 4.23377e+22	2.06e-09	2.74e-05	1.04e-02	1.23e-01	2.15e-01	5.77e-01	7.31e-02	2.06e-03
 4.26514e+22	2.47e-09	3.20e-05	1.19e-02	1.32e-01	2.23e-01	5.64e-01	6.72e-02	1.79e-03
 4.29749e+22	2.88e-09	3.66e-05	1.33e-02	1.41e-01	2.30e-01	5.52e-01	6.23e-02	1.57e-03
 4.32629e+22	3.34e-09	4.15e-05	1.47e-02	1.50e-01	2.36e-01	5.40e-01	5.79e-02	1.39e-03
 4.35892e+22	4.04e-09	4.88e-05	1.68e-02	1.61e-01	2.44e-01	5.24e-01	5.28e-02	1.19e-03
 4.39275e+22	4.75e-09	5.61e-05	1.88e-02	1.72e-01	2.51e-01	5.09e-01	4.84e-02	1.03e-03
 4.42310e+22	5.58e-09	6.41e-05	2.09e-02	1.82e-01	2.57e-01	4.95e-01	4.47e-02	9.04e-04
 4.45751e+22	6.84e-09	7.60e-05	2.39e-02	1.96e-01	2.64e-01	4.76e-01	4.01e-02	7.59e-04
 4.49301e+22	8.13e-09	8.77e-05	2.67e-02	2.08e-01	2.69e-01	4.59e-01	3.65e-02	6.52e-04
 4.52508e+22	9.63e-09	1.01e-04	2.98e-02	2.20e-01	2.74e-01	4.42e-01	3.32e-02	5.62e-04
 4.56189e+22	1.20e-08	1.21e-04	3.42e-02	2.36e-01	2.80e-01	4.20e-01	2.93e-02	4.61e-04
 4.59896e+22	1.43e-08	1.39e-04	3.81e-02	2.49e-01	2.84e-01	4.02e-01	2.64e-02	3.91e-04
 4.63635e+22	1.78e-08	1.66e-04	4.35e-02	2.66e-01	2.87e-01	3.80e-01	2.32e-02	3.20e-04
 4.67459e+22	2.15e-08	1.94e-04	4.86e-02	2.80e-01	2.90e-01	3.60e-01	2.06e-02	2.67e-04
 4.70827e+22	2.56e-08	2.23e-04	5.39e-02	2.94e-01	2.91e-01	3.42e-01	1.85e-02	2.25e-04
 4.74638e+22	3.22e-08	2.67e-04	6.13e-02	3.11e-01	2.92e-01	3.19e-01	1.59e-02	1.80e-04
 4.78538e+22	3.83e-08	3.10e-04	6.81e-02	3.25e-01	2.92e-01	2.99e-01	1.40e-02	1.49e-04
 4.82555e+22	4.87e-08	3.73e-04	7.73e-02	3.43e-01	2.91e-01	2.76e-01	1.19e-02	1.17e-04
 4.86635e+22	5.94e-08	4.34e-04	8.58e-02	3.58e-01	2.89e-01	2.57e-01	1.04e-02	9.52e-05
 4.90253e+22	7.20e-08	5.03e-04	9.47e-02	3.71e-01	2.86e-01	2.39e-01	9.00e-03	7.74e-05
 4.94414e+22	9.25e-08	6.08e-04	1.07e-01	3.88e-01	2.80e-01	2.16e-01	7.49e-03	5.93e-05
 4.98638e+22	1.13e-07	7.07e-04	1.18e-01	4.01e-01	2.75e-01	1.99e-01	6.42e-03	4.74e-05
 5.02307e+22	1.37e-07	8.15e-04	1.29e-01	4.12e-01	2.70e-01	1.83e-01	5.52e-03	3.82e-05
 5.05797e+22	1.64e-07	9.29e-04	1.40e-01	4.22e-01	2.63e-01	1.69e-01	4.79e-03	3.12e-05
 5.09119e+22	1.95e-07	1.05e-03	1.51e-01	4.31e-01	2.57e-01	1.56e-01	4.15e-03	2.55e-05
 5.12860e+22	2.43e-07	1.24e-03	1.66e-01	4.41e-01	2.48e-01	1.40e-01	3.45e-03	1.96e-05
 5.16605e+22	2.89e-07	1.40e-03	1.79e-01	4.48e-01	2.41e-01	1.29e-01	2.97e-03	1.59e-05
 5.20354e+22	3.59e-07	1.64e-03	1.95e-01	4.55e-01	2.31e-01	1.15e-01	2.45e-03	1.21e-05
 5.24164e+22	4.29e-07	1.86e-03	2.09e-01	4.60e-01	2.22e-01	1.04e-01	2.08e-03	9.69e-06
 5.28052e+22	5.36e-07	2.17e-03	2.28e-01	4.65e-01	2.11e-01	9.21e-02	1.69e-03	7.27e-06
 5.31971e+22	6.41e-07	2.46e-03	2.43e-01	4.68e-01	2.02e-01	8.31e-02	1.43e-03	5.75e-06
 5.35931e+22	8.05e-07	2.89e-03	2.64e-01	4.69e-01	1.90e-01	7.24e-02	1.14e-03	4.21e-06
 5.39895e+22	9.56e-07	3.25e-03	2.80e-01	4.70e-01	1.81e-01	6.51e-02	9.58e-04	3.32e-06
 5.43082e+22	1.11e-06	3.60e-03	2.95e-01	4.69e-01	1.73e-01	5.92e-02	8.22e-04	2.69e-06
 5.46443e+22	1.33e-06	4.08e-03	3.13e-01	4.67e-01	1.63e-01	5.25e-02	6.79e-04	2.07e-06
 5.49852e+22	1.54e-06	4.51e-03	3.28e-01	4.64e-01	1.55e-01	4.75e-02	5.77e-04	1.66e-06
 5.52851e+22	1.79e-06	4.98e-03	3.43e-01	4.61e-01	1.47e-01	4.30e-02	4.93e-04	1.34e-06
 5.56276e+22	2.14e-06	5.63e-03	3.62e-01	4.56e-01	1.38e-01	3.78e-02	4.02e-04	1.02e-06
 5.59743e+22	2.49e-06	6.22e-03	3.78e-01	4.51e-01	1.30e-01	3.39e-02	3.39e-04	8.08e-07
 5.62781e+22	2.87e-06	6.84e-03	3.94e-01	4.46e-01	1.23e-01	3.05e-02	2.86e-04	6.45e-07
 5.66246e+22	3.45e-06	7.73e-03	4.14e-01	4.38e-01	1.14e-01	2.65e-02	2.30e-04	4.81e-07
 5.69739e+22	3.98e-06	8.49e-03	4.29e-01	4.31e-01	1.07e-01	2.38e-02	1.94e-04	3.81e-07
 5.73268e+22	4.76e-06	9.55e-03	4.49e-01	4.21e-01	9.92e-02	2.06e-02	1.55e-04	2.83e-07
 5.76851e+22	5.53e-06	1.05e-02	4.66e-01	4.13e-01	9.26e-02	1.82e-02	1.28e-04	2.20e-07
 5.80007e+22	6.38e-06	1.15e-02	4.82e-01	4.04e-01	8.66e-02	1.62e-02	1.07e-04	1.72e-07
 5.83610e+22	7.62e-06	1.30e-02	5.01e-01	3.92e-01	7.94e-02	1.39e-02	8.48e-05	1.26e-07
 5.87290e+22	8.85e-06	1.43e-02	5.18e-01	3.82e-01	7.36e-02	1.22e-02	6.95e-05	0.00e+00
 5.90577e+22	1.02e-05	1.56e-02	5.33e-01	3.72e-01	6.82e-02	1.08e-02	5.71e-05	0.00e+00
 5.94356e+22	1.23e-05	1.76e-02	5.53e-01	3.58e-01	6.18e-02	9.14e-03	4.43e-05	0.00e+00
 5.98192e+22	1.43e-05	1.94e-02	5.69e-01	3.47e-01	5.69e-02	7.96e-03	3.58e-05	0.00e+00
 6.02103e+22	1.71e-05	2.17e-02	5.88e-01	3.33e-01	5.13e-02	6.71e-03	2.76e-05	0.00e+00
 6.06119e+22	2.01e-05	2.40e-02	6.04e-01	3.20e-01	4.67e-02	5.76e-03	2.18e-05	0.00e+00
 6.09675e+22	2.34e-05	2.63e-02	6.18e-01	3.08e-01	4.27e-02	4.98e-03	1.75e-05	0.00e+00
 6.13702e+22	2.82e-05	2.96e-02	6.36e-01	2.92e-01	3.80e-02	4.13e-03	1.32e-05	0.00e+00
 6.17836e+22	3.29e-05	3.26e-02	6.50e-01	2.80e-01	3.44e-02	3.53e-03	1.04e-05	0.00e+00
 6.22110e+22	4.00e-05	3.68e-02	6.66e-01	2.64e-01	3.03e-02	2.89e-03	7.65e-06	0.00e+00
 6.25833e+22	4.49e-05	3.94e-02	6.76e-01	2.54e-01	2.81e-02	2.57e-03	6.37e-06	0.00e+00
 6.28841e+22	5.14e-05	4.29e-02	6.86e-01	2.43e-01	2.56e-02	2.22e-03	5.13e-06	0.00e+00
 6.31949e+22	5.77e-05	4.60e-02	6.94e-01	2.34e-01	2.37e-02	1.96e-03	4.25e-06	0.00e+00
 6.35189e+22	6.63e-05	5.01e-02	7.04e-01	2.23e-01	2.15e-02	1.69e-03	3.38e-06	0.00e+00
 6.38496e+22	7.51e-05	5.40e-02	7.12e-01	2.13e-01	1.97e-02	1.47e-03	2.75e-06	0.00e+00
 6.41385e+22	8.41e-05	5.79e-02	7.18e-01	2.04e-01	1.81e-02	1.30e-03	2.27e-06	0.00e+00
 6.44637e+22	9.71e-05	6.31e-02	7.26e-01	1.93e-01	1.63e-02	1.11e-03	1.78e-06	0.00e+00
 6.47964e+22	1.09e-04	6.78e-02	7.32e-01	1.85e-01	1.49e-02	9.66e-04	1.45e-06	0.00e+00
 6.51387e+22	1.27e-04	7.42e-02	7.38e-01	1.73e-01	1.33e-02	8.12e-04	1.11e-06	0.00e+00
 6.54851e+22	1.43e-04	7.97e-02	7.42e-01	1.65e-01	1.22e-02	7.06e-04	9.01e-07	0.00e+00
 6.58364e+22	1.67e-04	8.73e-02	7.47e-01	1.54e-01	1.08e-02	5.89e-04	6.86e-07	0.00e+00
 6.61943e+22	1.89e-04	9.39e-02	7.50e-01	1.46e-01	9.77e-03	5.07e-04	5.47e-07	0.00e+00
 6.65607e+22	2.20e-04	1.03e-01	7.52e-01	1.36e-01	8.64e-03	4.21e-04	4.13e-07	0.00e+00
 6.69383e+22	2.51e-04	1.11e-01	7.53e-01	1.27e-01	7.74e-03	3.57e-04	3.22e-07	0.00e+00
 6.73305e+22	2.96e-04	1.22e-01	7.53e-01	1.17e-01	6.74e-03	2.89e-04	2.36e-07	0.00e+00
 6.77260e+22	3.38e-04	1.32e-01	7.52e-01	1.09e-01	6.02e-03	2.44e-04	1.82e-07	0.00e+00
 6.81261e+22	3.99e-04	1.45e-01	7.49e-01	1.00e-01	5.21e-03	1.96e-04	1.32e-07	0.00e+00
 6.85325e+22	4.55e-04	1.56e-01	7.45e-01	9.29e-02	4.63e-03	1.64e-04	0.00e+00	0.00e+00
 6.89473e+22	5.38e-04	1.72e-01	7.39e-01	8.42e-02	3.97e-03	1.31e-04	0.00e+00	0.00e+00
 6.93686e+22	6.15e-04	1.86e-01	7.33e-01	7.76e-02	3.51e-03	1.08e-04	0.00e+00	0.00e+00
 6.97982e+22	7.26e-04	2.04e-01	7.22e-01	6.98e-02	2.99e-03	8.52e-05	0.00e+00	0.00e+00
 7.02394e+22	8.36e-04	2.20e-01	7.13e-01	6.36e-02	2.61e-03	6.93e-05	0.00e+00	0.00e+00
 7.06960e+22	1.00e-03	2.43e-01	6.97e-01	5.61e-02	2.18e-03	5.29e-05	0.00e+00	0.00e+00
 7.11527e+22	1.14e-03	2.61e-01	6.85e-01	5.09e-02	1.90e-03	4.30e-05	0.00e+00	0.00e+00
 7.16098e+22	1.36e-03	2.86e-01	6.66e-01	4.46e-02	1.58e-03	3.26e-05	0.00e+00	0.00e+00
 7.20838e+22	1.58e-03	3.09e-01	6.49e-01	3.97e-02	1.35e-03	2.57e-05	0.00e+00	0.00e+00
 7.25799e+22	1.89e-03	3.40e-01	6.23e-01	3.40e-02	1.10e-03	1.88e-05	0.00e+00	0.00e+00
 7.30877e+22	2.19e-03	3.65e-01	6.02e-01	2.98e-02	9.32e-04	1.46e-05	0.00e+00	0.00e+00
 7.36107e+22	2.66e-03	4.02e-01	5.70e-01	2.48e-02	7.41e-04	1.03e-05	0.00e+00	0.00e+00
 7.41474e+22	3.09e-03	4.31e-01	5.44e-01	2.14e-02	6.17e-04	7.76e-06	0.00e+00	0.00e+00
 7.47018e+22	3.77e-03	4.73e-01	5.06e-01	1.73e-02	4.78e-04	5.23e-06	0.00e+00	0.00e+00
 7.52768e+22	4.43e-03	5.07e-01	4.74e-01	1.44e-02	3.86e-04	3.76e-06	0.00e+00	0.00e+00
 7.58785e+22	5.47e-03	5.55e-01	4.28e-01	1.11e-02	2.87e-04	2.38e-06	0.00e+00	0.00e+00
 7.64999e+22	6.51e-03	5.94e-01	3.91e-01	8.82e-03	2.23e-04	1.61e-06	0.00e+00	0.00e+00
 7.69843e+22	7.38e-03	6.22e-01	3.63e-01	7.42e-03	1.85e-04	1.21e-06	0.00e+00	0.00e+00
 7.74513e+22	8.64e-03	6.59e-01	3.27e-01	5.84e-03	1.43e-04	8.09e-07	0.00e+00	0.00e+00
 7.79317e+22	9.93e-03	6.89e-01	2.96e-01	4.71e-03	1.14e-04	5.69e-07	0.00e+00	0.00e+00
 7.84296e+22	1.18e-02	7.28e-01	2.57e-01	3.51e-03	8.36e-05	3.53e-07	0.00e+00	0.00e+00
 7.89373e+22	1.37e-02	7.57e-01	2.26e-01	2.71e-03	6.40e-05	2.35e-07	0.00e+00	0.00e+00
 7.94577e+22	1.64e-02	7.93e-01	1.88e-01	1.90e-03	4.43e-05	1.34e-07	0.00e+00	0.00e+00
 7.99981e+22	1.94e-02	8.22e-01	1.57e-01	1.36e-03	3.14e-05	0.00e+00	0.00e+00	0.00e+00
 8.04275e+22	2.21e-02	8.42e-01	1.35e-01	1.03e-03	2.35e-05	0.00e+00	0.00e+00	0.00e+00
 8.07930e+22	2.51e-02	8.59e-01	1.15e-01	7.77e-04	1.74e-05	0.00e+00	0.00e+00	0.00e+00
 8.12121e+22	2.95e-02	8.78e-01	9.18e-02	5.33e-04	1.17e-05	0.00e+00	0.00e+00	0.00e+00
 8.16528e+22	3.47e-02	8.93e-01	7.25e-02	3.64e-04	7.67e-06	0.00e+00	0.00e+00	0.00e+00
 8.20399e+22	4.04e-02	9.02e-01	5.70e-02	2.51e-04	5.04e-06	0.00e+00	0.00e+00	0.00e+00
 8.23958e+22	4.71e-02	9.08e-01	4.43e-02	1.74e-04	3.25e-06	0.00e+00	0.00e+00	0.00e+00
 8.27293e+22	5.50e-02	9.11e-01	3.40e-02	1.20e-04	2.06e-06	0.00e+00	0.00e+00	0.00e+00
 8.30389e+22	6.45e-02	9.10e-01	2.58e-02	8.40e-05	1.28e-06	0.00e+00	0.00e+00	0.00e+00
 8.33219e+22	7.57e-02	9.05e-01	1.95e-02	5.96e-05	7.93e-07	0.00e+00	0.00e+00	0.00e+00
 8.35772e+22	8.86e-02	8.97e-01	1.47e-02	4.34e-05	4.93e-07	0.00e+00	0.00e+00	0.00e+00
 8.38096e+22	1.04e-01	8.85e-01	1.11e-02	3.23e-05	3.08e-07	0.00e+00	0.00e+00	0.00e+00
 8.40225e+22	1.22e-01	8.70e-01	8.40e-03	2.45e-05	1.94e-07	0.00e+00	0.00e+00	0.00e+00
 8.41563e+22	1.35e-01	8.58e-01	7.11e-03	2.10e-05	1.48e-07	0.00e+00	0.00e+00	0.00e+00
 8.42060e+22	1.40e-01	8.53e-01	6.65e-03	1.98e-05	1.33e-07	0.00e+00	0.00e+00	0.00e+00
 8.42458e+22	1.45e-01	8.49e-01	6.27e-03	1.87e-05	0.00e+00	0.00e+00	0.00e+00	0.00e+00
 8.42972e+22	1.51e-01	8.43e-01	5.80e-03	1.75e-05	0.00e+00	0.00e+00	0.00e+00	0.00e+00
 8.43589e+22	1.60e-01	8.35e-01	5.28e-03	1.62e-05	0.00e+00	0.00e+00	0.00e+00	0.00e+00
 8.44215e+22	1.69e-01	8.26e-01	4.80e-03	1.49e-05	0.00e+00	0.00e+00	0.00e+00	0.00e+00
 8.44795e+22	1.78e-01	8.18e-01	4.40e-03	1.39e-05	0.00e+00	0.00e+00	0.00e+00	0.00e+00
 8.45385e+22	1.88e-01	8.08e-01	3.99e-03	1.29e-05	0.00e+00	0.00e+00	0.00e+00	0.00e+00
 8.45992e+22	1.98e-01	7.98e-01	3.64e-03	1.19e-05	0.00e+00	0.00e+00	0.00e+00	0.00e+00
 8.46615e+22	2.10e-01	7.87e-01	3.28e-03	1.10e-05	0.00e+00	0.00e+00	0.00e+00	0.00e+00
 8.47260e+22	2.23e-01	7.74e-01	2.95e-03	1.02e-05	0.00e+00	0.00e+00	0.00e+00	0.00e+00
 8.47885e+22	2.36e-01	7.61e-01	2.66e-03	9.43e-06	0.00e+00	0.00e+00	0.00e+00	0.00e+00
 8.48516e+22	2.50e-01	7.47e-01	2.39e-03	8.72e-06	0.00e+00	0.00e+00	0.00e+00	0.00e+00
 8.49187e+22	2.66e-01	7.32e-01	2.13e-03	8.04e-06	0.00e+00	0.00e+00	0.00e+00	0.00e+00
 8.49888e+22	2.83e-01	7.15e-01	1.89e-03	7.39e-06	0.00e+00	0.00e+00	0.00e+00	0.00e+00
 8.50617e+22	3.03e-01	6.96e-01	1.66e-03	6.77e-06	0.00e+00	0.00e+00	0.00e+00	0.00e+00
 8.51371e+22	3.23e-01	6.75e-01	1.45e-03	6.19e-06	0.00e+00	0.00e+00	0.00e+00	0.00e+00
 8.52125e+22	3.45e-01	6.54e-01	1.27e-03	5.67e-06	0.00e+00	0.00e+00	0.00e+00	0.00e+00
 8.52719e+22	3.60e-01	6.39e-01	1.15e-03	5.33e-06	0.00e+00	0.00e+00	0.00e+00	0.00e+00
 8.53115e+22	3.72e-01	6.27e-01	1.07e-03	5.10e-06	0.00e+00	0.00e+00	0.00e+00	0.00e+00
 8.53489e+22	3.83e-01	6.16e-01	1.00e-03	4.89e-06	0.00e+00	0.00e+00	0.00e+00	0.00e+00
 8.53923e+22	3.96e-01	6.03e-01	9.26e-04	4.66e-06	0.00e+00	0.00e+00	0.00e+00	0.00e+00
 8.54398e+22	4.10e-01	5.89e-01	8.49e-04	4.42e-06	0.00e+00	0.00e+00	0.00e+00	0.00e+00
 8.54870e+22	4.24e-01	5.75e-01	7.81e-04	4.20e-06	0.00e+00	0.00e+00	0.00e+00	0.00e+00
 8.55332e+22	4.38e-01	5.62e-01	7.19e-04	4.00e-06	0.00e+00	0.00e+00	0.00e+00	0.00e+00
 8.55799e+22	4.51e-01	5.48e-01	6.61e-04	3.80e-06	0.00e+00	0.00e+00	0.00e+00	0.00e+00
 8.56279e+22	4.66e-01	5.34e-01	6.06e-04	3.62e-06	0.00e+00	0.00e+00	0.00e+00	0.00e+00
 8.56772e+22	4.80e-01	5.19e-01	5.54e-04	3.44e-06	0.00e+00	0.00e+00	0.00e+00	0.00e+00
 8.57265e+22	4.94e-01	5.05e-01	5.09e-04	3.27e-06	0.00e+00	0.00e+00	0.00e+00	0.00e+00
 8.57770e+22	5.09e-01	4.91e-01	4.64e-04	3.10e-06	0.00e+00	0.00e+00	0.00e+00	0.00e+00
 8.58292e+22	5.24e-01	4.76e-01	4.23e-04	2.95e-06	0.00e+00	0.00e+00	0.00e+00	0.00e+00
 8.58813e+22	5.38e-01	4.61e-01	3.86e-04	2.80e-06	0.00e+00	0.00e+00	0.00e+00	0.00e+00
 8.59341e+22	5.53e-01	4.47e-01	3.52e-04	2.66e-06	0.00e+00	0.00e+00	0.00e+00	0.00e+00
 8.59891e+22	5.68e-01	4.32e-01	3.19e-04	2.52e-06	0.00e+00	0.00e+00	0.00e+00	0.00e+00
 8.60460e+22	5.83e-01	4.17e-01	2.89e-04	2.39e-06	0.00e+00	0.00e+00	0.00e+00	0.00e+00
 8.61036e+22	5.97e-01	4.02e-01	2.62e-04	2.27e-06	0.00e+00	0.00e+00	0.00e+00	0.00e+00
 8.61621e+22	6.12e-01	3.88e-01	2.37e-04	2.15e-06	0.00e+00	0.00e+00	0.00e+00	0.00e+00
 8.62228e+22	6.26e-01	3.73e-01	2.14e-04	2.03e-06	0.00e+00	0.00e+00	0.00e+00	0.00e+00
 8.62855e+22	6.41e-01	3.59e-01	1.93e-04	1.92e-06	0.00e+00	0.00e+00	0.00e+00	0.00e+00
 8.63495e+22	6.55e-01	3.44e-01	1.73e-04	1.82e-06	0.00e+00	0.00e+00	0.00e+00	0.00e+00
 8.64149e+22	6.70e-01	3.30e-01	1.56e-04	1.72e-06	0.00e+00	0.00e+00	0.00e+00	0.00e+00
 8.64823e+22	6.84e-01	3.16e-01	1.40e-04	1.62e-06	0.00e+00	0.00e+00	0.00e+00	0.00e+00
 8.65520e+22	6.98e-01	3.02e-01	1.25e-04	1.53e-06	0.00e+00	0.00e+00	0.00e+00	0.00e+00
 8.66237e+22	7.11e-01	2.88e-01	1.12e-04	1.44e-06	0.00e+00	0.00e+00	0.00e+00	0.00e+00
 8.66971e+22	7.25e-01	2.75e-01	1.00e-04	1.36e-06	0.00e+00	0.00e+00	0.00e+00	0.00e+00
 8.67725e+22	7.38e-01	2.62e-01	8.99e-05	1.28e-06	0.00e+00	0.00e+00	0.00e+00	0.00e+00
 8.68504e+22	7.51e-01	2.49e-01	8.04e-05	1.21e-06	0.00e+00	0.00e+00	0.00e+00	0.00e+00
 8.69303e+22	7.63e-01	2.36e-01	7.21e-05	1.14e-06	0.00e+00	0.00e+00	0.00e+00	0.00e+00
 8.70106e+22	7.76e-01	2.24e-01	6.46e-05	1.07e-06	0.00e+00	0.00e+00	0.00e+00	0.00e+00
 8.70923e+22	7.87e-01	2.13e-01	5.81e-05	1.01e-06	0.00e+00	0.00e+00	0.00e+00	0.00e+00
 8.71770e+22	7.99e-01	2.01e-01	5.22e-05	9.48e-07	0.00e+00	0.00e+00	0.00e+00	0.00e+00
 8.72624e+22	8.10e-01	1.90e-01	4.71e-05	8.93e-07	0.00e+00	0.00e+00	0.00e+00	0.00e+00
 8.73472e+22	8.20e-01	1.80e-01	4.27e-05	8.43e-07	0.00e+00	0.00e+00	0.00e+00	0.00e+00
 8.74338e+22	8.30e-01	1.70e-01	3.88e-05	7.95e-07	0.00e+00	0.00e+00	0.00e+00	0.00e+00
 8.75222e+22	8.39e-01	1.61e-01	3.54e-05	7.50e-07	0.00e+00	0.00e+00	0.00e+00	0.00e+00
 8.76122e+22	8.48e-01	1.52e-01	3.24e-05	7.08e-07	0.00e+00	0.00e+00	0.00e+00	0.00e+00
 8.77044e+22	8.57e-01	1.43e-01	2.97e-05	6.67e-07	0.00e+00	0.00e+00	0.00e+00	0.00e+00
 8.77988e+22	8.66e-01	1.34e-01	2.72e-05	6.29e-07	0.00e+00	0.00e+00	0.00e+00	0.00e+00
 8.78946e+22	8.74e-01	1.26e-01	2.51e-05	5.93e-07	0.00e+00	0.00e+00	0.00e+00	0.00e+00
 8.79918e+22	8.81e-01	1.18e-01	2.32e-05	5.59e-07	0.00e+00	0.00e+00	0.00e+00	0.00e+00
 8.80919e+22	8.89e-01	1.11e-01	2.15e-05	5.27e-07	0.00e+00	0.00e+00	0.00e+00	0.00e+00
 8.81945e+22	8.96e-01	1.04e-01	2.01e-05	4.97e-07	0.00e+00	0.00e+00	0.00e+00	0.00e+00
 8.82965e+22	9.03e-01	9.70e-02	1.88e-05	4.69e-07	0.00e+00	0.00e+00	0.00e+00	0.00e+00
 8.83947e+22	9.09e-01	9.10e-02	1.77e-05	4.45e-07	0.00e+00	0.00e+00	0.00e+00	0.00e+00
 8.84859e+22	9.14e-01	8.57e-02	1.68e-05	4.24e-07	0.00e+00	0.00e+00	0.00e+00	0.00e+00
 8.85704e+22	9.19e-01	8.09e-02	1.60e-05	4.07e-07	0.00e+00	0.00e+00	0.00e+00	0.00e+00
 8.86480e+22	9.23e-01	7.69e-02	1.54e-05	3.91e-07	0.00e+00	0.00e+00	0.00e+00	0.00e+00
 8.87226e+22	9.27e-01	7.31e-02	1.48e-05	3.77e-07	0.00e+00	0.00e+00	0.00e+00	0.00e+00
 8.87973e+22	9.30e-01	6.96e-02	1.43e-05	3.64e-07	0.00e+00	0.00e+00	0.00e+00	0.00e+00
 8.88709e+22	9.34e-01	6.61e-02	1.39e-05	3.51e-07	0.00e+00	0.00e+00	0.00e+00	0.00e+00
 8.89411e+22	9.37e-01	6.29e-02	1.34e-05	3.39e-07	0.00e+00	0.00e+00	0.00e+00	0.00e+00
 8.90053e+22	9.40e-01	6.04e-02	1.31e-05	3.30e-07	0.00e+00	0.00e+00	0.00e+00	0.00e+00
 8.90681e+22	9.42e-01	5.78e-02	1.28e-05	3.21e-07	0.00e+00	0.00e+00	0.00e+00	0.00e+00
 8.91301e+22	9.45e-01	5.54e-02	1.25e-05	3.13e-07	0.00e+00	0.00e+00	0.00e+00	0.00e+00
 8.91888e+22	9.47e-01	5.33e-02	1.22e-05	3.06e-07	0.00e+00	0.00e+00	0.00e+00	0.00e+00
 8.92470e+22	9.49e-01	5.12e-02	1.20e-05	2.99e-07	0.00e+00	0.00e+00	0.00e+00	0.00e+00
 8.93028e+22	9.51e-01	4.94e-02	1.17e-05	2.93e-07	0.00e+00	0.00e+00	0.00e+00	0.00e+00
 8.93554e+22	9.52e-01	4.78e-02	1.15e-05	2.88e-07	0.00e+00	0.00e+00	0.00e+00	0.00e+00
 8.94079e+22	9.54e-01	4.62e-02	1.13e-05	2.83e-07	0.00e+00	0.00e+00	0.00e+00	0.00e+00
 8.94582e+22	9.55e-01	4.48e-02	1.12e-05	2.79e-07	0.00e+00	0.00e+00	0.00e+00	0.00e+00
 8.95038e+22	9.56e-01	4.36e-02	1.10e-05	2.76e-07	0.00e+00	0.00e+00	0.00e+00	0.00e+00
 8.95453e+22	9.57e-01	4.26e-02	1.09e-05	2.74e-07	0.00e+00	0.00e+00	0.00e+00	0.00e+00
 8.95831e+22	9.58e-01	4.17e-02	1.08e-05	2.73e-07	0.00e+00	0.00e+00	0.00e+00	0.00e+00
 8.96175e+22	9.59e-01	4.09e-02	1.07e-05	2.72e-07	0.00e+00	0.00e+00	0.00e+00	0.00e+00
 8.96487e+22	9.60e-01	4.03e-02	1.06e-05	2.71e-07	0.00e+00	0.00e+00	0.00e+00	0.00e+00
 8.96772e+22	9.60e-01	3.97e-02	1.06e-05	2.70e-07	0.00e+00	0.00e+00	0.00e+00	0.00e+00
 8.97031e+22	9.61e-01	3.92e-02	1.05e-05	2.71e-07	0.00e+00	0.00e+00	0.00e+00	0.00e+00
 8.97267e+22	9.61e-01	3.88e-02	1.04e-05	2.70e-07	0.00e+00	0.00e+00	0.00e+00	0.00e+00
 8.97525e+22	9.62e-01	3.83e-02	1.04e-05	2.70e-07	0.00e+00	0.00e+00	0.00e+00	0.00e+00
 8.97860e+22	9.62e-01	3.77e-02	1.03e-05	2.69e-07	0.00e+00	0.00e+00	0.00e+00	0.00e+00
 8.98223e+22	9.63e-01	3.70e-02	1.02e-05	2.69e-07	0.00e+00	0.00e+00	0.00e+00	0.00e+00
 8.98553e+22	9.63e-01	3.66e-02	1.01e-05	2.69e-07	0.00e+00	0.00e+00	0.00e+00	0.00e+00
 8.98853e+22	9.64e-01	3.62e-02	1.01e-05	2.70e-07	0.00e+00	0.00e+00	0.00e+00	0.00e+00
 8.99126e+22	9.64e-01	3.58e-02	1.00e-05	2.70e-07	0.00e+00	0.00e+00	0.00e+00	0.00e+00
 8.99374e+22	9.64e-01	3.55e-02	9.96e-06	2.71e-07	0.00e+00	0.00e+00	0.00e+00	0.00e+00
 8.99647e+22	9.65e-01	3.52e-02	9.90e-06	2.72e-07	0.00e+00	0.00e+00	0.00e+00	0.00e+00
 8.99941e+22	9.65e-01	3.48e-02	9.84e-06	2.73e-07	0.00e+00	0.00e+00	0.00e+00	0.00e+00
 9.00208e+22	9.65e-01	3.45e-02	9.79e-06	2.74e-07	0.00e+00	0.00e+00	0.00e+00	0.00e+00
 9.00502e+22	9.66e-01	3.42e-02	9.73e-06	2.74e-07	0.00e+00	0.00e+00	0.00e+00	0.00e+00
 9.00818e+22	9.66e-01	3.39e-02	9.67e-06	2.74e-07	0.00e+00	0.00e+00	0.00e+00	0.00e+00
 9.01106e+22	9.66e-01	3.36e-02	9.62e-06	2.76e-07	0.00e+00	0.00e+00	0.00e+00	0.00e+00
 9.01368e+22	9.67e-01	3.34e-02	9.58e-06	2.75e-07	0.00e+00	0.00e+00	0.00e+00	0.00e+00
 9.01655e+22	9.67e-01	3.31e-02	9.52e-06	2.76e-07	0.00e+00	0.00e+00	0.00e+00	0.00e+00
 9.02029e+22	9.67e-01	3.28e-02	9.45e-06	2.77e-07	0.00e+00	0.00e+00	0.00e+00	0.00e+00
 9.02432e+22	9.68e-01	3.24e-02	9.38e-06	2.77e-07	0.00e+00	0.00e+00	0.00e+00	0.00e+00
 9.02799e+22	9.68e-01	3.21e-02	9.32e-06	2.78e-07	0.00e+00	0.00e+00	0.00e+00	0.00e+00
 9.03132e+22	9.68e-01	3.19e-02	9.27e-06	2.79e-07	0.00e+00	0.00e+00	0.00e+00	0.00e+00
 9.03436e+22	9.68e-01	3.17e-02	9.22e-06	2.80e-07	0.00e+00	0.00e+00	0.00e+00	0.00e+00
 9.03713e+22	9.68e-01	3.15e-02	9.18e-06	2.82e-07	0.00e+00	0.00e+00	0.00e+00	0.00e+00
 9.03964e+22	9.69e-01	3.14e-02	9.14e-06	2.82e-07	0.00e+00	0.00e+00	0.00e+00	0.00e+00
 9.04240e+22	9.69e-01	3.12e-02	9.10e-06	2.84e-07	0.00e+00	0.00e+00	0.00e+00	0.00e+00
 9.04537e+22	9.69e-01	3.10e-02	9.07e-06	2.85e-07	0.00e+00	0.00e+00	0.00e+00	0.00e+00
 9.04808e+22	9.69e-01	3.08e-02	9.05e-06	2.87e-07	0.00e+00	0.00e+00	0.00e+00	0.00e+00
 9.05105e+22	9.69e-01	3.07e-02	9.03e-06	2.88e-07	0.00e+00	0.00e+00	0.00e+00	0.00e+00
 9.05425e+22	9.70e-01	3.05e-02	9.01e-06	2.90e-07	0.00e+00	0.00e+00	0.00e+00	0.00e+00
 9.05717e+22	9.70e-01	3.03e-02	8.99e-06	2.91e-07	0.00e+00	0.00e+00	0.00e+00	0.00e+00
 9.05982e+22	9.70e-01	3.02e-02	8.98e-06	2.94e-07	0.00e+00	0.00e+00	0.00e+00	0.00e+00
 9.06223e+22	9.70e-01	3.01e-02	8.96e-06	2.95e-07	0.00e+00	0.00e+00	0.00e+00	0.00e+00
 9.06488e+22	9.70e-01	2.99e-02	8.94e-06	2.96e-07	0.00e+00	0.00e+00	0.00e+00	0.00e+00
 9.06832e+22	9.70e-01	2.97e-02	8.91e-06	2.98e-07	0.00e+00	0.00e+00	0.00e+00	0.00e+00
 9.07203e+22	9.71e-01	2.95e-02	8.89e-06	3.00e-07	0.00e+00	0.00e+00	0.00e+00	0.00e+00
 9.07541e+22	9.71e-01	2.93e-02	8.86e-06	3.01e-07	0.00e+00	0.00e+00	0.00e+00	0.00e+00
 9.07848e+22	9.71e-01	2.91e-02	8.84e-06	3.02e-07	0.00e+00	0.00e+00	0.00e+00	0.00e+00
 9.08128e+22	9.71e-01	2.90e-02	8.83e-06	3.04e-07	0.00e+00	0.00e+00	0.00e+00	0.00e+00
 9.08383e+22	9.71e-01	2.89e-02	8.82e-06	3.07e-07	0.00e+00	0.00e+00	0.00e+00	0.00e+00
 9.08614e+22	9.71e-01	2.88e-02	8.80e-06	3.07e-07	0.00e+00	0.00e+00	0.00e+00	0.00e+00
 9.08868e+22	9.71e-01	2.87e-02	8.78e-06	3.09e-07	0.00e+00	0.00e+00	0.00e+00	0.00e+00
 9.09142e+22	9.71e-01	2.85e-02	8.77e-06	3.10e-07	0.00e+00	0.00e+00	0.00e+00	0.00e+00
 9.09392e+22	9.72e-01	2.84e-02	8.76e-06	3.13e-07	0.00e+00	0.00e+00	0.00e+00	0.00e+00
 9.09619e+22	9.72e-01	2.83e-02	8.74e-06	3.13e-07	0.00e+00	0.00e+00	0.00e+00	0.00e+00
 9.09867e+22	9.72e-01	2.82e-02	8.72e-06	3.13e-07	0.00e+00	0.00e+00	0.00e+00	0.00e+00
 9.10191e+22	9.72e-01	2.80e-02	8.69e-06	3.14e-07	0.00e+00	0.00e+00	0.00e+00	0.00e+00
 9.10540e+22	9.72e-01	2.78e-02	8.66e-06	3.14e-07	0.00e+00	0.00e+00	0.00e+00	0.00e+00
 9.10922e+22	9.72e-01	2.75e-02	8.63e-06	3.15e-07	0.00e+00	0.00e+00	0.00e+00	0.00e+00
 9.11335e+22	9.73e-01	2.73e-02	8.59e-06	3.15e-07	0.00e+00	0.00e+00	0.00e+00	0.00e+00
 9.11711e+22	9.73e-01	2.71e-02	8.56e-06	3.15e-07	0.00e+00	0.00e+00	0.00e+00	0.00e+00
 9.12053e+22	9.73e-01	2.69e-02	8.55e-06	3.17e-07	0.00e+00	0.00e+00	0.00e+00	0.00e+00
 9.12364e+22	9.73e-01	2.68e-02	8.52e-06	3.17e-07	0.00e+00	0.00e+00	0.00e+00	0.00e+00
 9.12705e+22	9.73e-01	2.66e-02	8.49e-06	3.17e-07	0.00e+00	0.00e+00	0.00e+00	0.00e+00
 9.13148e+22	9.74e-01	2.63e-02	8.45e-06	3.17e-07	0.00e+00	0.00e+00	0.00e+00	0.00e+00
 9.13627e+22	9.74e-01	2.60e-02	8.41e-06	3.16e-07	0.00e+00	0.00e+00	0.00e+00	0.00e+00
 9.14062e+22	9.74e-01	2.58e-02	8.38e-06	3.17e-07	0.00e+00	0.00e+00	0.00e+00	0.00e+00
 9.14458e+22	9.74e-01	2.56e-02	8.35e-06	3.17e-07	0.00e+00	0.00e+00	0.00e+00	0.00e+00
 9.14819e+22	9.75e-01	2.55e-02	8.33e-06	3.17e-07	0.00e+00	0.00e+00	0.00e+00	0.00e+00
 9.15214e+22	9.75e-01	2.52e-02	8.29e-06	3.18e-07	0.00e+00	0.00e+00	0.00e+00	0.00e+00
 9.15641e+22	9.75e-01	2.50e-02	8.26e-06	3.18e-07	0.00e+00	0.00e+00	0.00e+00	0.00e+00
 9.16029e+22	9.75e-01	2.49e-02	8.24e-06	3.19e-07	0.00e+00	0.00e+00	0.00e+00	0.00e+00
 9.16382e+22	9.75e-01	2.47e-02	8.21e-06	3.18e-07	0.00e+00	0.00e+00	0.00e+00	0.00e+00
 9.16769e+22	9.76e-01	2.45e-02	8.18e-06	3.18e-07	0.00e+00	0.00e+00	0.00e+00	0.00e+00
 9.17187e+22	9.76e-01	2.43e-02	8.15e-06	3.17e-07	0.00e+00	0.00e+00	0.00e+00	0.00e+00
 9.17567e+22	9.76e-01	2.41e-02	8.12e-06	3.17e-07	0.00e+00	0.00e+00	0.00e+00	0.00e+00
 9.17984e+22	9.76e-01	2.39e-02	8.08e-06	3.17e-07	0.00e+00	0.00e+00	0.00e+00	0.00e+00
 9.18434e+22	9.76e-01	2.36e-02	8.05e-06	3.16e-07	0.00e+00	0.00e+00	0.00e+00	0.00e+00
 9.18843e+22	9.77e-01	2.35e-02	8.03e-06	3.17e-07	0.00e+00	0.00e+00	0.00e+00	0.00e+00
 9.19216e+22	9.77e-01	2.33e-02	7.99e-06	3.15e-07	0.00e+00	0.00e+00	0.00e+00	0.00e+00
 9.19624e+22	9.77e-01	2.31e-02	7.96e-06	3.14e-07	0.00e+00	0.00e+00	0.00e+00	0.00e+00
 9.20065e+22	9.77e-01	2.29e-02	7.93e-06	3.14e-07	0.00e+00	0.00e+00	0.00e+00	0.00e+00
 9.20466e+22	9.77e-01	2.27e-02	7.90e-06	3.13e-07	0.00e+00	0.00e+00	0.00e+00	0.00e+00
 9.20906e+22	9.78e-01	2.25e-02	7.86e-06	3.12e-07	0.00e+00	0.00e+00	0.00e+00	0.00e+00
 9.21380e+22	9.78e-01	2.22e-02	7.83e-06	3.11e-07	0.00e+00	0.00e+00	0.00e+00	0.00e+00
 9.21812e+22	9.78e-01	2.20e-02	7.80e-06	3.11e-07	0.00e+00	0.00e+00	0.00e+00	0.00e+00
 9.22205e+22	9.78e-01	2.19e-02	7.77e-06	3.09e-07	0.00e+00	0.00e+00	0.00e+00	0.00e+00
 9.22635e+22	9.78e-01	2.17e-02	7.73e-06	3.08e-07	0.00e+00	0.00e+00	0.00e+00	0.00e+00
 9.23100e+22	9.79e-01	2.14e-02	7.70e-06	3.07e-07	0.00e+00	0.00e+00	0.00e+00	0.00e+00
 9.23523e+22	9.79e-01	2.13e-02	7.66e-06	3.06e-07	0.00e+00	0.00e+00	0.00e+00	0.00e+00
 9.23986e+22	9.79e-01	2.10e-02	7.62e-06	3.04e-07	0.00e+00	0.00e+00	0.00e+00	0.00e+00
 9.24487e+22	9.79e-01	2.08e-02	7.59e-06	3.03e-07	0.00e+00	0.00e+00	0.00e+00	0.00e+00
 9.24942e+22	9.79e-01	2.06e-02	7.55e-06	3.01e-07	0.00e+00	0.00e+00	0.00e+00	0.00e+00
 9.25431e+22	9.80e-01	2.04e-02	7.51e-06	2.99e-07	0.00e+00	0.00e+00	0.00e+00	0.00e+00
