#depth	O	O+	O+2	O+3	O+4	O+5	O+6	O+7	O+8	O[1]	O[2]	O[3]
 4.62852e+21	2.93e-27	3.77e-21	1.73e-16	7.07e-13	7.64e-10	3.57e-07	6.04e-04	5.05e-02	9.49e-01	0.00e+00	0.00e+00	0.00e+00
 1.04294e+22	1.73e-25	1.28e-19	3.44e-15	8.36e-12	5.19e-09	1.38e-06	1.50e-03	7.88e-02	9.20e-01	0.00e+00	0.00e+00	0.00e+00
 1.21834e+22	1.95e-24	1.05e-18	2.05e-14	3.66e-11	1.62e-08	3.03e-06	2.50e-03	1.00e-01	8.97e-01	0.00e+00	0.00e+00	0.00e+00
 1.30560e+22	7.93e-24	3.54e-18	5.77e-14	8.55e-11	3.09e-08	4.74e-06	3.31e-03	1.14e-01	8.82e-01	0.00e+00	0.00e+00	0.00e+00
 1.34195e+22	1.15e-23	4.89e-18	7.60e-14	1.07e-10	3.68e-08	5.34e-06	3.56e-03	1.18e-01	8.78e-01	0.00e+00	0.00e+00	0.00e+00
 1.35375e+22	1.46e-23	6.02e-18	9.06e-14	1.24e-10	4.10e-08	5.75e-06	3.73e-03	1.21e-01	8.75e-01	0.00e+00	0.00e+00	0.00e+00
 1.36271e+22	1.86e-23	7.41e-18	1.08e-13	1.43e-10	4.58e-08	6.20e-06	3.91e-03	1.24e-01	8.73e-01	0.00e+00	0.00e+00	0.00e+00
 1.37291e+22	2.54e-23	9.72e-18	1.36e-13	1.73e-10	5.29e-08	6.84e-06	4.15e-03	1.27e-01	8.69e-01	0.00e+00	0.00e+00	0.00e+00
 1.38306e+22	3.25e-23	1.20e-17	1.63e-13	2.01e-10	5.92e-08	7.39e-06	4.36e-03	1.30e-01	8.66e-01	0.00e+00	0.00e+00	0.00e+00
 1.39315e+22	4.55e-23	1.61e-17	2.09e-13	2.46e-10	6.90e-08	8.20e-06	4.65e-03	1.34e-01	8.62e-01	0.00e+00	0.00e+00	0.00e+00
 1.40314e+22	5.74e-23	1.97e-17	2.48e-13	2.83e-10	7.68e-08	8.82e-06	4.86e-03	1.36e-01	8.59e-01	0.00e+00	0.00e+00	0.00e+00
 1.41298e+22	7.98e-23	2.62e-17	3.16e-13	3.45e-10	8.93e-08	9.77e-06	5.18e-03	1.40e-01	8.54e-01	0.00e+00	0.00e+00	0.00e+00
 1.42299e+22	1.03e-22	3.27e-17	3.82e-13	4.03e-10	1.00e-07	1.06e-05	5.44e-03	1.44e-01	8.51e-01	0.00e+00	0.00e+00	0.00e+00
 1.43184e+22	1.34e-22	4.11e-17	4.62e-13	4.72e-10	1.13e-07	1.15e-05	5.72e-03	1.47e-01	8.47e-01	0.00e+00	0.00e+00	0.00e+00
 1.44196e+22	1.88e-22	5.53e-17	5.95e-13	5.80e-10	1.32e-07	1.28e-05	6.10e-03	1.51e-01	8.43e-01	0.00e+00	0.00e+00	0.00e+00
 1.45205e+22	2.45e-22	6.94e-17	7.22e-13	6.79e-10	1.49e-07	1.39e-05	6.42e-03	1.55e-01	8.39e-01	0.00e+00	0.00e+00	0.00e+00
 1.46211e+22	3.46e-22	9.37e-17	9.31e-13	8.37e-10	1.75e-07	1.54e-05	6.86e-03	1.59e-01	8.34e-01	0.00e+00	0.00e+00	0.00e+00
 1.47231e+22	4.55e-22	1.19e-16	1.14e-12	9.86e-10	1.98e-07	1.68e-05	7.23e-03	1.63e-01	8.30e-01	0.00e+00	0.00e+00	0.00e+00
 1.48269e+22	6.53e-22	1.62e-16	1.48e-12	1.23e-09	2.34e-07	1.88e-05	7.74e-03	1.68e-01	8.24e-01	0.00e+00	0.00e+00	0.00e+00
 1.49312e+22	8.59e-22	2.06e-16	1.82e-12	1.45e-09	2.65e-07	2.05e-05	8.16e-03	1.72e-01	8.20e-01	0.00e+00	0.00e+00	0.00e+00
 1.50208e+22	1.12e-21	2.60e-16	2.21e-12	1.70e-09	3.00e-07	2.23e-05	8.59e-03	1.76e-01	8.15e-01	0.00e+00	0.00e+00	0.00e+00
 1.51223e+22	1.60e-21	3.54e-16	2.87e-12	2.11e-09	3.53e-07	2.49e-05	9.20e-03	1.81e-01	8.09e-01	0.00e+00	0.00e+00	0.00e+00
 1.52236e+22	2.07e-21	4.41e-16	3.47e-12	2.46e-09	3.97e-07	2.70e-05	9.67e-03	1.85e-01	8.05e-01	0.00e+00	0.00e+00	0.00e+00
 1.53249e+22	2.93e-21	5.96e-16	4.47e-12	3.03e-09	4.65e-07	3.01e-05	1.03e-02	1.91e-01	7.99e-01	0.00e+00	0.00e+00	0.00e+00
 1.54272e+22	3.76e-21	7.41e-16	5.39e-12	3.53e-09	5.23e-07	3.26e-05	1.09e-02	1.95e-01	7.94e-01	0.00e+00	0.00e+00	0.00e+00
 1.55306e+22	5.31e-21	1.00e-15	6.94e-12	4.35e-09	6.13e-07	3.64e-05	1.16e-02	2.01e-01	7.88e-01	0.00e+00	0.00e+00	0.00e+00
 1.56360e+22	6.85e-21	1.25e-15	8.37e-12	5.07e-09	6.90e-07	3.94e-05	1.22e-02	2.05e-01	7.83e-01	0.00e+00	0.00e+00	0.00e+00
 1.57437e+22	9.57e-21	1.66e-15	1.07e-11	6.21e-09	8.07e-07	4.39e-05	1.31e-02	2.11e-01	7.76e-01	0.00e+00	0.00e+00	0.00e+00
 1.58551e+22	1.26e-20	2.11e-15	1.31e-11	7.33e-09	9.16e-07	4.79e-05	1.38e-02	2.16e-01	7.70e-01	0.00e+00	0.00e+00	0.00e+00
 1.59710e+22	1.77e-20	2.84e-15	1.69e-11	9.03e-09	1.08e-06	5.36e-05	1.48e-02	2.22e-01	7.63e-01	0.00e+00	0.00e+00	0.00e+00
 1.60896e+22	2.32e-20	3.59e-15	2.06e-11	1.07e-08	1.22e-06	5.86e-05	1.56e-02	2.28e-01	7.57e-01	0.00e+00	0.00e+00	0.00e+00
 1.61951e+22	3.02e-20	4.51e-15	2.50e-11	1.25e-08	1.39e-06	6.38e-05	1.64e-02	2.33e-01	7.51e-01	0.00e+00	0.00e+00	0.00e+00
 1.63157e+22	4.22e-20	6.02e-15	3.20e-11	1.53e-08	1.62e-06	7.13e-05	1.76e-02	2.39e-01	7.43e-01	0.00e+00	0.00e+00	0.00e+00
 1.64380e+22	5.45e-20	7.52e-15	3.86e-11	1.79e-08	1.83e-06	7.76e-05	1.85e-02	2.45e-01	7.37e-01	0.00e+00	0.00e+00	0.00e+00
 1.65625e+22	7.56e-20	9.99e-15	4.92e-11	2.19e-08	2.14e-06	8.65e-05	1.98e-02	2.51e-01	7.29e-01	0.00e+00	0.00e+00	0.00e+00
 1.66834e+22	9.48e-20	1.22e-14	5.82e-11	2.52e-08	2.39e-06	9.34e-05	2.08e-02	2.56e-01	7.23e-01	0.00e+00	0.00e+00	0.00e+00
 1.67997e+22	1.28e-19	1.57e-14	7.25e-11	3.03e-08	2.76e-06	1.03e-04	2.21e-02	2.63e-01	7.15e-01	0.00e+00	0.00e+00	0.00e+00
 1.69182e+22	1.59e-19	1.91e-14	8.55e-11	3.47e-08	3.07e-06	1.11e-04	2.31e-02	2.68e-01	7.09e-01	0.00e+00	0.00e+00	0.00e+00
 1.70396e+22	2.15e-19	2.48e-14	1.07e-10	4.18e-08	3.55e-06	1.23e-04	2.46e-02	2.74e-01	7.01e-01	0.00e+00	0.00e+00	0.00e+00
 1.71627e+22	2.67e-19	2.99e-14	1.26e-10	4.78e-08	3.95e-06	1.33e-04	2.58e-02	2.79e-01	6.95e-01	0.00e+00	0.00e+00	0.00e+00
 1.72879e+22	3.60e-19	3.87e-14	1.57e-10	5.74e-08	4.56e-06	1.47e-04	2.74e-02	2.86e-01	6.86e-01	0.00e+00	0.00e+00	0.00e+00
 1.74111e+22	4.39e-19	4.60e-14	1.81e-10	6.50e-08	5.03e-06	1.57e-04	2.86e-02	2.91e-01	6.80e-01	0.00e+00	0.00e+00	0.00e+00
 1.75315e+22	5.78e-19	5.85e-14	2.23e-10	7.71e-08	5.76e-06	1.73e-04	3.03e-02	2.98e-01	6.72e-01	0.00e+00	0.00e+00	0.00e+00
 1.76542e+22	7.08e-19	6.97e-14	2.59e-10	8.74e-08	6.36e-06	1.86e-04	3.16e-02	3.03e-01	6.65e-01	0.00e+00	0.00e+00	0.00e+00
 1.77802e+22	9.31e-19	8.84e-14	3.17e-10	1.04e-07	7.28e-06	2.04e-04	3.35e-02	3.09e-01	6.57e-01	0.00e+00	0.00e+00	0.00e+00
 1.79086e+22	1.14e-18	1.06e-13	3.70e-10	1.18e-07	8.06e-06	2.19e-04	3.50e-02	3.15e-01	6.50e-01	0.00e+00	0.00e+00	0.00e+00
 1.80400e+22	1.51e-18	1.34e-13	4.54e-10	1.40e-07	9.23e-06	2.42e-04	3.71e-02	3.22e-01	6.41e-01	0.00e+00	0.00e+00	0.00e+00
 1.81738e+22	1.85e-18	1.61e-13	5.29e-10	1.59e-07	1.02e-05	2.60e-04	3.88e-02	3.27e-01	6.34e-01	0.00e+00	0.00e+00	0.00e+00
 1.83106e+22	2.44e-18	2.04e-13	6.50e-10	1.89e-07	1.17e-05	2.86e-04	4.11e-02	3.34e-01	6.25e-01	0.00e+00	0.00e+00	0.00e+00
 1.84500e+22	3.00e-18	2.45e-13	7.59e-10	2.15e-07	1.30e-05	3.08e-04	4.30e-02	3.39e-01	6.17e-01	0.00e+00	0.00e+00	0.00e+00
 1.85927e+22	3.96e-18	3.11e-13	9.33e-10	2.56e-07	1.49e-05	3.40e-04	4.55e-02	3.47e-01	6.08e-01	0.00e+00	0.00e+00	0.00e+00
 1.87322e+22	4.75e-18	3.65e-13	1.07e-09	2.87e-07	1.64e-05	3.62e-04	4.74e-02	3.51e-01	6.01e-01	0.00e+00	0.00e+00	0.00e+00
 1.88675e+22	6.16e-18	4.57e-13	1.30e-09	3.38e-07	1.86e-05	3.97e-04	5.00e-02	3.58e-01	5.91e-01	0.00e+00	0.00e+00	0.00e+00
 1.90049e+22	7.40e-18	5.36e-13	1.49e-09	3.79e-07	2.04e-05	4.24e-04	5.20e-02	3.63e-01	5.85e-01	0.00e+00	0.00e+00	0.00e+00
 1.91451e+22	9.51e-18	6.68e-13	1.80e-09	4.44e-07	2.32e-05	4.64e-04	5.49e-02	3.70e-01	5.75e-01	0.00e+00	0.00e+00	0.00e+00
 1.92897e+22	1.16e-17	7.96e-13	2.09e-09	5.05e-07	2.57e-05	4.98e-04	5.73e-02	3.75e-01	5.67e-01	0.00e+00	0.00e+00	0.00e+00
 1.94399e+22	1.50e-17	9.91e-13	2.53e-09	5.91e-07	2.91e-05	5.45e-04	6.04e-02	3.82e-01	5.57e-01	0.00e+00	0.00e+00	0.00e+00
 1.95951e+22	1.85e-17	1.19e-12	2.96e-09	6.76e-07	3.24e-05	5.88e-04	6.32e-02	3.87e-01	5.49e-01	0.00e+00	0.00e+00	0.00e+00
 1.97567e+22	2.41e-17	1.50e-12	3.60e-09	7.97e-07	3.69e-05	6.45e-04	6.67e-02	3.94e-01	5.38e-01	2.41e-17	6.17e-28	6.56e-28
 1.99227e+22	2.99e-17	1.81e-12	4.24e-09	9.14e-07	4.12e-05	6.97e-04	6.98e-02	4.00e-01	5.30e-01	2.99e-17	5.75e-26	7.24e-26
 2.00944e+22	3.91e-17	2.29e-12	5.19e-09	1.08e-06	4.72e-05	7.67e-04	7.39e-02	4.07e-01	5.19e-01	3.91e-17	7.52e-26	9.47e-26
 2.02719e+22	4.91e-17	2.79e-12	6.15e-09	1.25e-06	5.29e-05	8.31e-04	7.74e-02	4.13e-01	5.09e-01	4.91e-17	9.44e-26	1.19e-25
 2.04568e+22	6.50e-17	3.56e-12	7.59e-09	1.49e-06	6.09e-05	9.18e-04	8.20e-02	4.20e-01	4.97e-01	6.50e-17	1.25e-25	1.57e-25
 2.06465e+22	8.23e-17	4.37e-12	9.04e-09	1.73e-06	6.85e-05	9.98e-04	8.61e-02	4.25e-01	4.87e-01	8.23e-17	1.58e-25	1.99e-25
 2.08170e+22	1.03e-16	5.30e-12	1.07e-08	1.98e-06	7.65e-05	1.08e-03	9.00e-02	4.31e-01	4.78e-01	1.03e-16	1.97e-25	2.48e-25
 2.10128e+22	1.39e-16	6.89e-12	1.34e-08	2.40e-06	8.90e-05	1.20e-03	9.57e-02	4.38e-01	4.65e-01	1.39e-16	2.67e-25	3.36e-25
 2.12099e+22	1.73e-16	8.35e-12	1.58e-08	2.75e-06	9.93e-05	1.30e-03	1.00e-01	4.43e-01	4.55e-01	1.73e-16	3.32e-25	4.18e-25
 2.14084e+22	2.32e-16	1.08e-11	1.96e-08	3.31e-06	1.15e-04	1.44e-03	1.06e-01	4.50e-01	4.43e-01	2.32e-16	4.46e-25	5.62e-25
 2.16112e+22	2.94e-16	1.33e-11	2.35e-08	3.84e-06	1.30e-04	1.56e-03	1.11e-01	4.55e-01	4.32e-01	2.94e-16	5.65e-25	7.11e-25
 2.18195e+22	3.97e-16	1.72e-11	2.94e-08	4.64e-06	1.51e-04	1.74e-03	1.18e-01	4.61e-01	4.19e-01	3.97e-16	7.64e-25	9.62e-25
 2.20310e+22	5.06e-16	2.13e-11	3.53e-08	5.41e-06	1.70e-04	1.89e-03	1.24e-01	4.66e-01	4.08e-01	5.06e-16	9.75e-25	1.23e-24
 2.22468e+22	6.93e-16	2.80e-11	4.47e-08	6.60e-06	2.00e-04	2.12e-03	1.32e-01	4.72e-01	3.94e-01	6.93e-16	1.34e-24	1.68e-24
 2.24507e+22	8.52e-16	3.36e-11	5.22e-08	7.51e-06	2.22e-04	2.28e-03	1.37e-01	4.76e-01	3.84e-01	8.52e-16	1.64e-24	2.07e-24
 2.26392e+22	1.12e-15	4.27e-11	6.42e-08	8.95e-06	2.55e-04	2.51e-03	1.45e-01	4.81e-01	3.72e-01	1.12e-15	2.17e-24	2.72e-24
 2.28293e+22	1.38e-15	5.11e-11	7.49e-08	1.02e-05	2.83e-04	2.70e-03	1.51e-01	4.84e-01	3.62e-01	1.38e-15	2.66e-24	3.35e-24
 2.30215e+22	1.83e-15	6.52e-11	9.25e-08	1.22e-05	3.27e-04	2.99e-03	1.59e-01	4.88e-01	3.49e-01	1.83e-15	3.53e-24	4.44e-24
 2.32155e+22	2.26e-15	7.85e-11	1.09e-07	1.40e-05	3.65e-04	3.23e-03	1.66e-01	4.91e-01	3.40e-01	2.26e-15	4.37e-24	5.49e-24
 2.34118e+22	3.00e-15	1.00e-10	1.34e-07	1.67e-05	4.23e-04	3.57e-03	1.75e-01	4.95e-01	3.26e-01	3.00e-15	5.79e-24	7.28e-24
 2.36107e+22	3.72e-15	1.21e-10	1.58e-07	1.92e-05	4.73e-04	3.86e-03	1.82e-01	4.97e-01	3.16e-01	3.72e-15	7.20e-24	9.05e-24
 2.38131e+22	4.97e-15	1.56e-10	1.97e-07	2.32e-05	5.51e-04	4.30e-03	1.93e-01	5.00e-01	3.03e-01	4.97e-15	9.61e-24	1.21e-23
 2.40182e+22	6.19e-15	1.89e-10	2.33e-07	2.67e-05	6.18e-04	4.66e-03	2.01e-01	5.01e-01	2.92e-01	6.19e-15	1.20e-23	1.51e-23
 2.42268e+22	8.26e-15	2.43e-10	2.90e-07	3.23e-05	7.22e-04	5.19e-03	2.12e-01	5.03e-01	2.79e-01	8.26e-15	1.60e-23	2.01e-23
 2.44398e+22	1.04e-14	2.97e-10	3.46e-07	3.75e-05	8.17e-04	5.66e-03	2.22e-01	5.04e-01	2.68e-01	1.04e-14	2.01e-23	2.53e-23
 2.46584e+22	1.39e-14	3.85e-10	4.33e-07	4.56e-05	9.60e-04	6.34e-03	2.35e-01	5.04e-01	2.54e-01	1.39e-14	2.70e-23	3.40e-23
 2.48816e+22	1.76e-14	4.71e-10	5.18e-07	5.33e-05	1.09e-03	6.94e-03	2.45e-01	5.04e-01	2.43e-01	1.76e-14	3.42e-23	4.29e-23
 2.51039e+22	2.33e-14	6.03e-10	6.45e-07	6.45e-05	1.28e-03	7.76e-03	2.59e-01	5.03e-01	2.29e-01	2.33e-14	4.53e-23	5.69e-23
 2.53161e+22	2.85e-14	7.19e-10	7.53e-07	7.39e-05	1.44e-03	8.40e-03	2.69e-01	5.02e-01	2.19e-01	2.85e-14	5.53e-23	6.95e-23
 2.55219e+22	3.68e-14	9.00e-10	9.21e-07	8.83e-05	1.67e-03	9.34e-03	2.83e-01	4.99e-01	2.07e-01	3.68e-14	7.15e-23	8.98e-23
 2.57304e+22	4.47e-14	1.07e-09	1.08e-06	1.01e-04	1.87e-03	1.01e-02	2.94e-01	4.97e-01	1.97e-01	4.47e-14	8.70e-23	1.09e-22
 2.59344e+22	5.64e-14	1.31e-09	1.29e-06	1.20e-04	2.16e-03	1.12e-02	3.08e-01	4.93e-01	1.86e-01	5.64e-14	1.10e-22	1.38e-22
 2.61425e+22	6.84e-14	1.56e-09	1.51e-06	1.38e-04	2.43e-03	1.22e-02	3.20e-01	4.89e-01	1.76e-01	6.84e-14	1.33e-22	1.67e-22
 2.63451e+22	8.39e-14	1.87e-09	1.79e-06	1.60e-04	2.77e-03	1.34e-02	3.33e-01	4.85e-01	1.66e-01	8.39e-14	1.64e-22	2.05e-22
 2.65521e+22	1.01e-13	2.21e-09	2.09e-06	1.84e-04	3.13e-03	1.46e-02	3.46e-01	4.79e-01	1.56e-01	1.01e-13	1.97e-22	2.48e-22
 2.67569e+22	1.22e-13	2.60e-09	2.43e-06	2.13e-04	3.54e-03	1.60e-02	3.60e-01	4.74e-01	1.47e-01	1.22e-13	2.37e-22	2.98e-22
 2.69627e+22	1.45e-13	3.04e-09	2.82e-06	2.44e-04	3.99e-03	1.74e-02	3.73e-01	4.67e-01	1.38e-01	1.45e-13	2.82e-22	3.54e-22
 2.71663e+22	1.70e-13	3.53e-09	3.25e-06	2.79e-04	4.49e-03	1.90e-02	3.86e-01	4.61e-01	1.30e-01	1.70e-13	3.33e-22	4.18e-22
 2.73694e+22	1.99e-13	4.07e-09	3.73e-06	3.17e-04	5.03e-03	2.06e-02	3.99e-01	4.53e-01	1.22e-01	1.99e-13	3.90e-22	4.89e-22
 2.75728e+22	2.31e-13	4.67e-09	4.26e-06	3.60e-04	5.62e-03	2.24e-02	4.12e-01	4.46e-01	1.14e-01	2.31e-13	4.53e-22	5.68e-22
 2.77771e+22	2.66e-13	5.32e-09	4.85e-06	4.08e-04	6.28e-03	2.43e-02	4.25e-01	4.38e-01	1.07e-01	2.66e-13	5.22e-22	6.55e-22
 2.79826e+22	3.05e-13	6.04e-09	5.50e-06	4.61e-04	6.99e-03	2.63e-02	4.38e-01	4.29e-01	9.95e-02	3.05e-13	5.99e-22	7.51e-22
 2.81899e+22	3.47e-13	6.82e-09	6.22e-06	5.19e-04	7.77e-03	2.84e-02	4.50e-01	4.20e-01	9.28e-02	3.47e-13	6.83e-22	8.55e-22
 2.83997e+22	3.93e-13	7.68e-09	7.01e-06	5.85e-04	8.63e-03	3.07e-02	4.63e-01	4.11e-01	8.64e-02	3.93e-13	7.74e-22	9.69e-22
 2.86105e+22	4.43e-13	8.59e-09	7.88e-06	6.56e-04	9.55e-03	3.32e-02	4.75e-01	4.01e-01	8.03e-02	4.43e-13	8.71e-22	1.09e-21
 2.88247e+22	4.96e-13	9.61e-09	8.85e-06	7.37e-04	1.06e-02	3.58e-02	4.87e-01	3.91e-01	7.45e-02	4.96e-13	9.78e-22	1.22e-21
 2.90414e+22	5.53e-13	1.07e-08	9.89e-06	8.24e-04	1.17e-02	3.86e-02	4.99e-01	3.81e-01	6.91e-02	5.53e-13	1.09e-21	1.37e-21
 2.92623e+22	6.15e-13	1.19e-08	1.11e-05	9.25e-04	1.29e-02	4.17e-02	5.11e-01	3.70e-01	6.37e-02	6.15e-13	1.22e-21	1.52e-21
 2.94678e+22	6.70e-13	1.29e-08	1.21e-05	1.01e-03	1.40e-02	4.42e-02	5.20e-01	3.61e-01	5.97e-02	6.70e-13	1.32e-21	1.66e-21
 2.96792e+22	7.41e-13	1.43e-08	1.36e-05	1.14e-03	1.54e-02	4.78e-02	5.31e-01	3.50e-01	5.48e-02	7.41e-13	1.47e-21	1.83e-21
 2.98940e+22	8.04e-13	1.56e-08	1.49e-05	1.25e-03	1.67e-02	5.07e-02	5.40e-01	3.40e-01	5.11e-02	8.04e-13	1.59e-21	1.99e-21
 3.01139e+22	8.82e-13	1.72e-08	1.67e-05	1.40e-03	1.84e-02	5.47e-02	5.51e-01	3.28e-01	4.66e-02	8.82e-13	1.75e-21	2.19e-21
 3.03350e+22	9.57e-13	1.87e-08	1.82e-05	1.53e-03	1.98e-02	5.79e-02	5.58e-01	3.19e-01	4.35e-02	9.57e-13	1.90e-21	2.38e-21
 3.05577e+22	1.05e-12	2.06e-08	2.03e-05	1.72e-03	2.18e-02	6.23e-02	5.68e-01	3.07e-01	3.96e-02	1.05e-12	2.09e-21	2.61e-21
 3.07816e+22	1.13e-12	2.23e-08	2.22e-05	1.88e-03	2.34e-02	6.57e-02	5.74e-01	2.98e-01	3.69e-02	1.13e-12	2.25e-21	2.81e-21
 3.10072e+22	1.23e-12	2.45e-08	2.48e-05	2.10e-03	2.56e-02	7.05e-02	5.82e-01	2.86e-01	3.35e-02	1.23e-12	2.46e-21	3.07e-21
 3.12346e+22	1.33e-12	2.66e-08	2.70e-05	2.29e-03	2.74e-02	7.43e-02	5.88e-01	2.77e-01	3.11e-02	1.33e-12	2.65e-21	3.31e-21
 3.14645e+22	1.44e-12	2.93e-08	3.01e-05	2.56e-03	2.99e-02	7.95e-02	5.95e-01	2.65e-01	2.82e-02	1.44e-12	2.90e-21	3.61e-21
 3.16972e+22	1.55e-12	3.17e-08	3.29e-05	2.80e-03	3.19e-02	8.36e-02	6.00e-01	2.56e-01	2.61e-02	1.55e-12	3.12e-21	3.90e-21
 3.19337e+22	1.70e-12	3.50e-08	3.68e-05	3.13e-03	3.48e-02	8.93e-02	6.05e-01	2.44e-01	2.36e-02	1.70e-12	3.41e-21	4.26e-21
 3.21740e+22	1.83e-12	3.80e-08	4.03e-05	3.42e-03	3.71e-02	9.39e-02	6.09e-01	2.35e-01	2.17e-02	1.83e-12	3.69e-21	4.60e-21
 3.24193e+22	2.00e-12	4.22e-08	4.52e-05	3.83e-03	4.04e-02	1.00e-01	6.13e-01	2.23e-01	1.95e-02	2.00e-12	4.04e-21	5.04e-21
 3.26698e+22	2.17e-12	4.61e-08	4.98e-05	4.20e-03	4.31e-02	1.05e-01	6.15e-01	2.14e-01	1.79e-02	2.17e-12	4.39e-21	5.48e-21
 3.29268e+22	2.39e-12	5.15e-08	5.62e-05	4.72e-03	4.69e-02	1.12e-01	6.17e-01	2.03e-01	1.60e-02	2.39e-12	4.85e-21	6.04e-21
 3.31904e+22	2.61e-12	5.67e-08	6.23e-05	5.19e-03	5.01e-02	1.18e-01	6.19e-01	1.94e-01	1.46e-02	2.61e-12	5.31e-21	6.62e-21
 3.34624e+22	2.89e-12	6.38e-08	7.08e-05	5.86e-03	5.45e-02	1.25e-01	6.19e-01	1.82e-01	1.29e-02	2.89e-12	5.89e-21	7.34e-21
 3.37182e+22	3.15e-12	6.99e-08	7.75e-05	6.36e-03	5.75e-02	1.30e-01	6.19e-01	1.75e-01	1.19e-02	3.15e-12	6.43e-21	8.01e-21
 3.39532e+22	3.47e-12	7.79e-08	8.68e-05	7.05e-03	6.17e-02	1.37e-01	6.17e-01	1.66e-01	1.07e-02	3.47e-12	7.10e-21	8.84e-21
 3.41862e+22	3.77e-12	8.52e-08	9.48e-05	7.62e-03	6.49e-02	1.42e-01	6.16e-01	1.59e-01	9.90e-03	3.77e-12	7.73e-21	9.62e-21
 3.44166e+22	4.12e-12	9.45e-08	1.06e-04	8.41e-03	6.93e-02	1.49e-01	6.14e-01	1.51e-01	8.89e-03	4.12e-12	8.47e-21	1.05e-20
 3.46484e+22	4.50e-12	1.04e-07	1.16e-04	9.09e-03	7.28e-02	1.54e-01	6.11e-01	1.44e-01	8.20e-03	4.50e-12	9.29e-21	1.16e-20
 3.48820e+22	4.99e-12	1.16e-07	1.30e-04	1.00e-02	7.76e-02	1.62e-01	6.07e-01	1.36e-01	7.36e-03	4.99e-12	1.03e-20	1.28e-20
 3.51198e+22	5.50e-12	1.29e-07	1.43e-04	1.09e-02	8.16e-02	1.67e-01	6.03e-01	1.30e-01	6.76e-03	5.50e-12	1.14e-20	1.42e-20
 3.53631e+22	6.14e-12	1.46e-07	1.62e-04	1.20e-02	8.69e-02	1.75e-01	5.98e-01	1.22e-01	6.02e-03	6.14e-12	1.28e-20	1.59e-20
 3.56097e+22	6.82e-12	1.62e-07	1.79e-04	1.31e-02	9.14e-02	1.80e-01	5.93e-01	1.16e-01	5.51e-03	6.82e-12	1.42e-20	1.77e-20
 3.58607e+22	7.69e-12	1.85e-07	2.03e-04	1.45e-02	9.73e-02	1.88e-01	5.86e-01	1.09e-01	4.89e-03	7.69e-12	1.61e-20	2.00e-20
 3.61167e+22	8.64e-12	2.08e-07	2.25e-04	1.58e-02	1.02e-01	1.94e-01	5.80e-01	1.03e-01	4.45e-03	8.64e-12	1.82e-20	2.25e-20
 3.63790e+22	9.86e-12	2.40e-07	2.57e-04	1.75e-02	1.09e-01	2.02e-01	5.71e-01	9.63e-02	3.92e-03	9.86e-12	2.08e-20	2.58e-20
 3.66470e+22	1.12e-11	2.72e-07	2.87e-04	1.91e-02	1.15e-01	2.08e-01	5.64e-01	9.10e-02	3.55e-03	1.12e-11	2.37e-20	2.94e-20
 3.69224e+22	1.30e-11	3.18e-07	3.31e-04	2.13e-02	1.22e-01	2.16e-01	5.53e-01	8.42e-02	3.10e-03	1.30e-11	2.76e-20	3.42e-20
 3.72038e+22	1.49e-11	3.64e-07	3.72e-04	2.33e-02	1.28e-01	2.22e-01	5.44e-01	7.91e-02	2.78e-03	1.49e-11	3.17e-20	3.93e-20
 3.74932e+22	1.76e-11	4.31e-07	4.32e-04	2.60e-02	1.37e-01	2.31e-01	5.31e-01	7.27e-02	2.41e-03	1.76e-11	3.77e-20	4.67e-20
 3.77860e+22	2.04e-11	4.98e-07	4.87e-04	2.84e-02	1.44e-01	2.36e-01	5.21e-01	6.81e-02	2.16e-03	2.04e-11	4.40e-20	5.45e-20
 3.80833e+22	2.44e-11	5.95e-07	5.68e-04	3.18e-02	1.53e-01	2.44e-01	5.06e-01	6.22e-02	1.85e-03	2.44e-11	5.28e-20	6.53e-20
 3.83835e+22	2.86e-11	6.91e-07	6.43e-04	3.48e-02	1.60e-01	2.50e-01	4.95e-01	5.80e-02	1.65e-03	2.86e-11	6.23e-20	7.71e-20
 3.86877e+22	3.45e-11	8.32e-07	7.52e-04	3.89e-02	1.70e-01	2.57e-01	4.79e-01	5.27e-02	1.41e-03	3.45e-11	7.57e-20	9.36e-20
 3.89841e+22	4.02e-11	9.58e-07	8.44e-04	4.22e-02	1.78e-01	2.62e-01	4.67e-01	4.92e-02	1.26e-03	4.02e-11	8.86e-20	1.09e-19
 3.92706e+22	4.87e-11	1.15e-06	9.77e-04	4.67e-02	1.87e-01	2.68e-01	4.52e-01	4.49e-02	1.08e-03	4.87e-11	1.08e-19	1.33e-19
 3.95725e+22	5.76e-11	1.34e-06	1.11e-03	5.10e-02	1.96e-01	2.73e-01	4.37e-01	4.13e-02	9.47e-04	5.76e-11	1.28e-19	1.59e-19
 3.98261e+22	6.68e-11	1.54e-06	1.24e-03	5.49e-02	2.03e-01	2.76e-01	4.26e-01	3.86e-02	8.49e-04	6.68e-11	1.50e-19	1.85e-19
 4.00873e+22	8.00e-11	1.81e-06	1.41e-03	5.99e-02	2.12e-01	2.80e-01	4.11e-01	3.54e-02	7.42e-04	8.00e-11	1.81e-19	2.23e-19
 4.03613e+22	9.39e-11	2.09e-06	1.58e-03	6.46e-02	2.20e-01	2.83e-01	3.98e-01	3.28e-02	6.57e-04	9.39e-11	2.13e-19	2.63e-19
 4.06130e+22	1.10e-10	2.41e-06	1.76e-03	6.96e-02	2.28e-01	2.85e-01	3.85e-01	3.03e-02	5.82e-04	1.10e-10	2.52e-19	3.10e-19
 4.09015e+22	1.35e-10	2.89e-06	2.03e-03	7.63e-02	2.38e-01	2.88e-01	3.68e-01	2.75e-02	4.99e-04	1.35e-10	3.12e-19	3.83e-19
 4.11973e+22	1.62e-10	3.38e-06	2.29e-03	8.25e-02	2.46e-01	2.90e-01	3.54e-01	2.51e-02	4.34e-04	1.62e-10	3.75e-19	4.61e-19
 4.14582e+22	1.91e-10	3.91e-06	2.56e-03	8.86e-02	2.54e-01	2.91e-01	3.40e-01	2.31e-02	3.82e-04	1.91e-10	4.47e-19	5.49e-19
 4.17529e+22	2.37e-10	4.70e-06	2.95e-03	9.68e-02	2.64e-01	2.92e-01	3.23e-01	2.07e-02	3.24e-04	2.37e-10	5.60e-19	6.87e-19
 4.20604e+22	2.88e-10	5.55e-06	3.34e-03	1.05e-01	2.73e-01	2.92e-01	3.08e-01	1.88e-02	2.79e-04	2.88e-10	6.84e-19	8.40e-19
 4.23377e+22	3.46e-10	6.47e-06	3.74e-03	1.12e-01	2.81e-01	2.91e-01	2.94e-01	1.71e-02	2.42e-04	3.46e-10	8.28e-19	1.02e-18
 4.26514e+22	4.37e-10	7.86e-06	4.32e-03	1.23e-01	2.91e-01	2.90e-01	2.77e-01	1.51e-02	2.02e-04	4.37e-10	1.06e-18	1.30e-18
 4.29749e+22	5.36e-10	9.31e-06	4.90e-03	1.32e-01	2.99e-01	2.88e-01	2.62e-01	1.36e-02	1.72e-04	5.36e-10	1.31e-18	1.61e-18
 4.32629e+22	6.51e-10	1.09e-05	5.50e-03	1.42e-01	3.06e-01	2.86e-01	2.48e-01	1.22e-02	1.47e-04	6.51e-10	1.61e-18	1.97e-18
 4.35892e+22	8.33e-10	1.33e-05	6.35e-03	1.55e-01	3.15e-01	2.82e-01	2.31e-01	1.07e-02	1.21e-04	8.33e-10	2.08e-18	2.55e-18
 4.39275e+22	1.04e-09	1.59e-05	7.21e-03	1.66e-01	3.23e-01	2.78e-01	2.16e-01	9.44e-03	1.01e-04	1.04e-09	2.62e-18	3.20e-18
 4.42310e+22	1.27e-09	1.87e-05	8.10e-03	1.78e-01	3.29e-01	2.74e-01	2.03e-01	8.42e-03	8.57e-05	1.27e-09	3.26e-18	3.97e-18
 4.45751e+22	1.66e-09	2.30e-05	9.39e-03	1.93e-01	3.37e-01	2.68e-01	1.86e-01	7.23e-03	6.88e-05	1.66e-09	4.31e-18	5.26e-18
 4.49301e+22	2.08e-09	2.74e-05	1.06e-02	2.07e-01	3.42e-01	2.61e-01	1.73e-01	6.33e-03	5.69e-05	2.08e-09	5.48e-18	6.67e-18
 4.52508e+22	2.60e-09	3.25e-05	1.20e-02	2.20e-01	3.47e-01	2.55e-01	1.60e-01	5.54e-03	4.72e-05	2.60e-09	6.93e-18	8.43e-18
 4.56189e+22	3.46e-09	4.04e-05	1.39e-02	2.39e-01	3.52e-01	2.46e-01	1.45e-01	4.65e-03	3.69e-05	3.46e-09	9.41e-18	1.14e-17
 4.59896e+22	4.35e-09	4.80e-05	1.57e-02	2.54e-01	3.55e-01	2.38e-01	1.33e-01	4.03e-03	3.01e-05	4.35e-09	1.20e-17	1.46e-17
 4.63635e+22	5.77e-09	5.92e-05	1.80e-02	2.73e-01	3.58e-01	2.28e-01	1.19e-01	3.37e-03	2.35e-05	5.77e-09	1.63e-17	1.98e-17
 4.67459e+22	7.37e-09	7.10e-05	2.04e-02	2.90e-01	3.60e-01	2.19e-01	1.08e-01	2.87e-03	1.88e-05	7.37e-09	2.12e-17	2.57e-17
 4.70827e+22	9.26e-09	8.40e-05	2.28e-02	3.06e-01	3.60e-01	2.10e-01	9.87e-02	2.46e-03	1.52e-05	9.26e-09	2.72e-17	3.29e-17
 4.74638e+22	1.24e-08	1.04e-04	2.62e-02	3.26e-01	3.60e-01	1.99e-01	8.72e-02	2.02e-03	1.16e-05	1.24e-08	3.74e-17	4.53e-17
 4.78538e+22	1.58e-08	1.24e-04	2.94e-02	3.44e-01	3.58e-01	1.89e-01	7.85e-02	1.70e-03	9.15e-06	1.58e-08	4.88e-17	5.91e-17
 4.82555e+22	2.14e-08	1.54e-04	3.38e-02	3.65e-01	3.55e-01	1.76e-01	6.85e-02	1.37e-03	6.83e-06	2.14e-08	6.81e-17	8.24e-17
 4.86635e+22	2.75e-08	1.84e-04	3.78e-02	3.83e-01	3.51e-01	1.66e-01	6.10e-02	1.14e-03	5.32e-06	2.75e-08	8.99e-17	1.09e-16
 4.90253e+22	3.51e-08	2.18e-04	4.21e-02	4.00e-01	3.46e-01	1.56e-01	5.42e-02	9.51e-04	4.15e-06	3.51e-08	1.18e-16	1.43e-16
 4.94414e+22	4.78e-08	2.71e-04	4.82e-02	4.22e-01	3.39e-01	1.44e-01	4.65e-02	7.49e-04	3.01e-06	4.78e-08	1.67e-16	2.02e-16
 4.98638e+22	6.13e-08	3.22e-04	5.37e-02	4.39e-01	3.32e-01	1.34e-01	4.09e-02	6.15e-04	2.31e-06	6.13e-08	2.22e-16	2.68e-16
 5.02307e+22	7.78e-08	3.80e-04	5.93e-02	4.54e-01	3.25e-01	1.25e-01	3.61e-02	5.08e-04	1.79e-06	7.78e-08	2.91e-16	3.51e-16
 5.05797e+22	9.66e-08	4.41e-04	6.49e-02	4.68e-01	3.18e-01	1.17e-01	3.21e-02	4.25e-04	1.41e-06	9.66e-08	3.72e-16	4.49e-16
 5.09119e+22	1.19e-07	5.10e-04	7.07e-02	4.81e-01	3.10e-01	1.09e-01	2.85e-02	3.55e-04	1.11e-06	1.19e-07	4.73e-16	5.71e-16
 5.12860e+22	1.56e-07	6.12e-04	7.87e-02	4.97e-01	3.00e-01	9.94e-02	2.45e-02	2.83e-04	8.21e-07	1.56e-07	6.42e-16	7.74e-16
 5.16605e+22	1.93e-07	7.06e-04	8.55e-02	5.09e-01	2.91e-01	9.23e-02	2.17e-02	2.35e-04	6.42e-07	1.93e-07	8.16e-16	9.83e-16
 5.20354e+22	2.51e-07	8.43e-04	9.47e-02	5.22e-01	2.80e-01	8.38e-02	1.85e-02	1.86e-04	4.71e-07	2.51e-07	1.10e-15	1.33e-15
 5.24164e+22	3.11e-07	9.74e-04	1.03e-01	5.32e-01	2.70e-01	7.71e-02	1.62e-02	1.52e-04	3.63e-07	3.11e-07	1.40e-15	1.69e-15
 5.28052e+22	4.07e-07	1.16e-03	1.14e-01	5.44e-01	2.58e-01	6.93e-02	1.37e-02	1.19e-04	2.62e-07	4.07e-07	1.90e-15	2.29e-15
 5.31971e+22	5.03e-07	1.34e-03	1.23e-01	5.52e-01	2.48e-01	6.35e-02	1.19e-02	9.70e-05	2.01e-07	5.03e-07	2.42e-15	2.91e-15
 5.35931e+22	6.62e-07	1.61e-03	1.36e-01	5.61e-01	2.35e-01	5.65e-02	9.94e-03	7.42e-05	1.41e-07	6.62e-07	3.30e-15	3.96e-15
 5.39895e+22	8.14e-07	1.85e-03	1.46e-01	5.67e-01	2.25e-01	5.15e-02	8.64e-03	6.04e-05	0.00e+00	8.14e-07	4.17e-15	5.00e-15
 5.43082e+22	9.72e-07	2.07e-03	1.55e-01	5.71e-01	2.16e-01	4.75e-02	7.64e-03	5.04e-05	0.00e+00	9.72e-07	5.09e-15	6.11e-15
 5.46443e+22	1.21e-06	2.39e-03	1.67e-01	5.75e-01	2.06e-01	4.29e-02	6.55e-03	4.03e-05	0.00e+00	1.21e-06	6.53e-15	7.82e-15
 5.49852e+22	1.44e-06	2.69e-03	1.78e-01	5.78e-01	1.97e-01	3.93e-02	5.76e-03	3.34e-05	0.00e+00	1.44e-06	8.00e-15	9.58e-15
 5.52851e+22	1.72e-06	3.01e-03	1.88e-01	5.79e-01	1.88e-01	3.61e-02	5.07e-03	2.78e-05	0.00e+00	1.72e-06	9.74e-15	1.17e-14
 5.56276e+22	2.13e-06	3.47e-03	2.02e-01	5.80e-01	1.78e-01	3.23e-02	4.32e-03	2.20e-05	0.00e+00	2.13e-06	1.25e-14	1.49e-14
 5.59743e+22	2.55e-06	3.89e-03	2.14e-01	5.79e-01	1.69e-01	2.94e-02	3.77e-03	1.80e-05	0.00e+00	2.55e-06	1.53e-14	1.83e-14
 5.62781e+22	3.02e-06	4.35e-03	2.26e-01	5.78e-01	1.61e-01	2.69e-02	3.30e-03	1.49e-05	0.00e+00	3.02e-06	1.86e-14	2.22e-14
 5.66246e+22	3.76e-06	5.01e-03	2.42e-01	5.75e-01	1.51e-01	2.38e-02	2.77e-03	1.16e-05	0.00e+00	3.76e-06	2.40e-14	2.85e-14
 5.69739e+22	4.45e-06	5.58e-03	2.55e-01	5.72e-01	1.43e-01	2.16e-02	2.42e-03	9.52e-06	0.00e+00	4.45e-06	2.91e-14	3.46e-14
 5.73268e+22	5.51e-06	6.40e-03	2.72e-01	5.67e-01	1.34e-01	1.91e-02	2.03e-03	7.39e-06	0.00e+00	5.51e-06	3.73e-14	4.44e-14
 5.76851e+22	6.58e-06	7.17e-03	2.87e-01	5.61e-01	1.26e-01	1.72e-02	1.75e-03	5.96e-06	0.00e+00	6.58e-06	4.58e-14	5.44e-14
 5.80007e+22	7.78e-06	7.99e-03	3.01e-01	5.55e-01	1.19e-01	1.55e-02	1.51e-03	4.84e-06	0.00e+00	7.78e-06	5.57e-14	6.62e-14
 5.83610e+22	9.61e-06	9.14e-03	3.20e-01	5.46e-01	1.10e-01	1.36e-02	1.26e-03	3.72e-06	0.00e+00	9.61e-06	7.14e-14	8.47e-14
 5.87290e+22	1.15e-05	1.02e-02	3.36e-01	5.38e-01	1.03e-01	1.21e-02	1.07e-03	2.97e-06	0.00e+00	1.15e-05	8.76e-14	1.04e-13
 5.90577e+22	1.36e-05	1.14e-02	3.52e-01	5.29e-01	9.66e-02	1.08e-02	9.18e-04	2.38e-06	0.00e+00	1.36e-05	1.07e-13	1.27e-13
 5.94356e+22	1.68e-05	1.31e-02	3.72e-01	5.16e-01	8.85e-02	9.32e-03	7.50e-04	1.78e-06	0.00e+00	1.68e-05	1.38e-13	1.64e-13
 5.98192e+22	2.01e-05	1.46e-02	3.90e-01	5.05e-01	8.21e-02	8.23e-03	6.33e-04	1.40e-06	0.00e+00	2.01e-05	1.70e-13	2.02e-13
 6.02103e+22	2.48e-05	1.67e-02	4.11e-01	4.90e-01	7.49e-02	7.05e-03	5.14e-04	1.04e-06	0.00e+00	2.48e-05	2.19e-13	2.60e-13
 6.06119e+22	2.99e-05	1.87e-02	4.31e-01	4.76e-01	6.87e-02	6.13e-03	4.26e-04	7.98e-07	0.00e+00	2.99e-05	2.74e-13	3.24e-13
 6.09675e+22	3.54e-05	2.08e-02	4.49e-01	4.62e-01	6.33e-02	5.36e-03	3.57e-04	6.20e-07	0.00e+00	3.54e-05	3.36e-13	3.99e-13
 6.13702e+22	4.40e-05	2.38e-02	4.71e-01	4.43e-01	5.68e-02	4.52e-03	2.84e-04	4.49e-07	0.00e+00	4.40e-05	4.37e-13	5.18e-13
 6.17836e+22	5.24e-05	2.65e-02	4.90e-01	4.27e-01	5.18e-02	3.90e-03	2.34e-04	3.42e-07	0.00e+00	5.24e-05	5.41e-13	6.41e-13
 6.22110e+22	6.56e-05	3.05e-02	5.14e-01	4.06e-01	4.60e-02	3.23e-03	1.83e-04	2.41e-07	0.00e+00	6.56e-05	7.12e-13	8.43e-13
 6.25833e+22	7.46e-05	3.30e-02	5.28e-01	3.94e-01	4.27e-02	2.88e-03	1.57e-04	1.95e-07	0.00e+00	7.46e-05	8.32e-13	9.85e-13
 6.28841e+22	8.70e-05	3.63e-02	5.43e-01	3.78e-01	3.92e-02	2.52e-03	1.32e-04	1.52e-07	0.00e+00	8.70e-05	1.01e-12	1.19e-12
 6.31949e+22	9.91e-05	3.93e-02	5.57e-01	3.65e-01	3.63e-02	2.23e-03	1.13e-04	0.00e+00	0.00e+00	9.91e-05	1.18e-12	1.40e-12
 6.35189e+22	1.16e-04	4.34e-02	5.73e-01	3.49e-01	3.30e-02	1.93e-03	9.35e-05	0.00e+00	0.00e+00	1.16e-04	1.44e-12	1.70e-12
 6.38496e+22	1.33e-04	4.71e-02	5.86e-01	3.34e-01	3.02e-02	1.69e-03	7.89e-05	0.00e+00	0.00e+00	1.33e-04	1.71e-12	2.01e-12
 6.41385e+22	1.51e-04	5.09e-02	5.98e-01	3.21e-01	2.79e-02	1.50e-03	6.74e-05	0.00e+00	0.00e+00	1.51e-04	2.00e-12	2.36e-12
 6.44637e+22	1.77e-04	5.61e-02	6.13e-01	3.04e-01	2.51e-02	1.28e-03	5.50e-05	0.00e+00	0.00e+00	1.77e-04	2.44e-12	2.88e-12
 6.47964e+22	2.01e-04	6.06e-02	6.25e-01	2.90e-01	2.30e-02	1.12e-03	4.64e-05	0.00e+00	0.00e+00	2.01e-04	2.87e-12	3.38e-12
 6.51387e+22	2.38e-04	6.70e-02	6.38e-01	2.73e-01	2.04e-02	9.40e-04	3.73e-05	0.00e+00	0.00e+00	2.38e-04	3.55e-12	4.17e-12
 6.54851e+22	2.70e-04	7.24e-02	6.49e-01	2.59e-01	1.86e-02	8.16e-04	3.12e-05	0.00e+00	0.00e+00	2.70e-04	4.18e-12	4.91e-12
 6.58364e+22	3.19e-04	7.99e-02	6.61e-01	2.42e-01	1.64e-02	6.80e-04	2.48e-05	0.00e+00	0.00e+00	3.19e-04	5.17e-12	6.06e-12
 6.61943e+22	3.63e-04	8.63e-02	6.70e-01	2.28e-01	1.48e-02	5.84e-04	2.05e-05	0.00e+00	0.00e+00	3.63e-04	6.12e-12	7.17e-12
 6.65607e+22	4.27e-04	9.51e-02	6.80e-01	2.11e-01	1.30e-02	4.82e-04	1.62e-05	0.00e+00	0.00e+00	4.27e-04	7.57e-12	8.85e-12
 6.69383e+22	4.91e-04	1.03e-01	6.87e-01	1.97e-01	1.16e-02	4.07e-04	1.31e-05	0.00e+00	0.00e+00	4.91e-04	9.06e-12	1.06e-11
 6.73305e+22	5.84e-04	1.14e-01	6.95e-01	1.80e-01	9.99e-03	3.28e-04	1.00e-05	0.00e+00	0.00e+00	5.84e-04	1.14e-11	1.33e-11
 6.77260e+22	6.68e-04	1.23e-01	7.00e-01	1.67e-01	8.83e-03	2.75e-04	8.05e-06	0.00e+00	0.00e+00	6.68e-04	1.36e-11	1.58e-11
 6.81261e+22	7.94e-04	1.36e-01	7.04e-01	1.51e-01	7.55e-03	2.19e-04	6.10e-06	0.00e+00	0.00e+00	7.94e-04	1.71e-11	1.99e-11
 6.85325e+22	9.07e-04	1.47e-01	7.06e-01	1.39e-01	6.63e-03	1.82e-04	4.86e-06	0.00e+00	0.00e+00	9.07e-04	2.05e-11	2.37e-11
 6.89473e+22	1.08e-03	1.62e-01	7.06e-01	1.25e-01	5.60e-03	1.43e-04	3.62e-06	0.00e+00	0.00e+00	1.08e-03	2.58e-11	2.98e-11
 6.93686e+22	1.23e-03	1.75e-01	7.05e-01	1.14e-01	4.88e-03	1.17e-04	2.85e-06	0.00e+00	0.00e+00	1.23e-03	3.08e-11	3.55e-11
 6.97982e+22	1.46e-03	1.92e-01	7.01e-01	1.01e-01	4.09e-03	9.08e-05	2.11e-06	0.00e+00	0.00e+00	1.46e-03	3.87e-11	4.45e-11
 7.02394e+22	1.67e-03	2.07e-01	6.97e-01	9.05e-02	3.51e-03	7.29e-05	1.62e-06	0.00e+00	0.00e+00	1.67e-03	4.65e-11	5.34e-11
 7.06960e+22	2.01e-03	2.29e-01	6.87e-01	7.84e-02	2.87e-03	5.46e-05	1.15e-06	0.00e+00	0.00e+00	2.01e-03	5.94e-11	6.81e-11
 7.11527e+22	2.28e-03	2.45e-01	6.80e-01	7.01e-02	2.46e-03	4.37e-05	8.87e-07	0.00e+00	0.00e+00	2.28e-03	7.08e-11	8.10e-11
 7.16098e+22	2.70e-03	2.69e-01	6.66e-01	6.02e-02	2.01e-03	3.26e-05	6.31e-07	0.00e+00	0.00e+00	2.70e-03	8.95e-11	1.02e-10
 7.20838e+22	3.11e-03	2.89e-01	6.53e-01	5.27e-02	1.68e-03	2.53e-05	4.69e-07	0.00e+00	0.00e+00	3.11e-03	1.08e-10	1.24e-10
 7.25799e+22	3.72e-03	3.18e-01	6.33e-01	4.41e-02	1.34e-03	1.81e-05	3.22e-07	0.00e+00	0.00e+00	3.72e-03	1.39e-10	1.58e-10
 7.30877e+22	4.27e-03	3.41e-01	6.16e-01	3.80e-02	1.12e-03	1.38e-05	2.36e-07	0.00e+00	0.00e+00	4.27e-03	1.69e-10	1.92e-10
 7.36107e+22	5.16e-03	3.75e-01	5.88e-01	3.08e-02	8.70e-04	9.50e-06	1.56e-07	0.00e+00	0.00e+00	5.16e-03	2.19e-10	2.49e-10
 7.41474e+22	5.93e-03	4.02e-01	5.66e-01	2.60e-02	7.12e-04	7.04e-06	0.00e+00	0.00e+00	0.00e+00	5.93e-03	2.67e-10	3.03e-10
 7.47018e+22	7.21e-03	4.41e-01	5.31e-01	2.03e-02	5.42e-04	4.63e-06	0.00e+00	0.00e+00	0.00e+00	7.21e-03	3.51e-10	3.97e-10
 7.52768e+22	8.38e-03	4.73e-01	5.02e-01	1.65e-02	4.32e-04	3.26e-06	0.00e+00	0.00e+00	0.00e+00	8.38e-03	4.34e-10	4.91e-10
 7.58785e+22	1.03e-02	5.19e-01	4.58e-01	1.23e-02	3.19e-04	2.01e-06	0.00e+00	0.00e+00	0.00e+00	1.03e-02	5.80e-10	6.56e-10
 7.64999e+22	1.21e-02	5.56e-01	4.22e-01	9.51e-03	2.47e-04	1.33e-06	0.00e+00	0.00e+00	0.00e+00	1.21e-02	7.29e-10	8.24e-10
 7.69843e+22	1.36e-02	5.83e-01	3.96e-01	7.82e-03	2.05e-04	9.81e-07	0.00e+00	0.00e+00	0.00e+00	1.36e-02	8.58e-10	9.70e-10
 7.74513e+22	1.59e-02	6.19e-01	3.59e-01	5.97e-03	1.60e-04	6.46e-07	0.00e+00	0.00e+00	0.00e+00	1.59e-02	1.07e-09	1.21e-09
 7.79317e+22	1.81e-02	6.50e-01	3.28e-01	4.68e-03	1.29e-04	4.47e-07	0.00e+00	0.00e+00	0.00e+00	1.81e-02	1.28e-09	1.45e-09
 7.84296e+22	2.15e-02	6.88e-01	2.87e-01	3.37e-03	9.67e-05	2.72e-07	0.00e+00	0.00e+00	0.00e+00	2.15e-02	1.63e-09	1.84e-09
 7.89373e+22	2.48e-02	7.18e-01	2.54e-01	2.52e-03	7.58e-05	1.77e-07	0.00e+00	0.00e+00	0.00e+00	2.48e-02	1.98e-09	2.24e-09
 7.94577e+22	2.99e-02	7.55e-01	2.14e-01	1.69e-03	5.48e-05	0.00e+00	0.00e+00	0.00e+00	0.00e+00	2.99e-02	2.56e-09	2.89e-09
 7.99981e+22	3.53e-02	7.83e-01	1.80e-01	1.16e-03	4.07e-05	0.00e+00	0.00e+00	0.00e+00	0.00e+00	3.53e-02	3.20e-09	3.59e-09
 8.04275e+22	4.05e-02	8.03e-01	1.55e-01	8.47e-04	3.20e-05	0.00e+00	0.00e+00	0.00e+00	0.00e+00	4.05e-02	3.81e-09	4.28e-09
 8.07930e+22	4.65e-02	8.20e-01	1.33e-01	6.15e-04	2.50e-05	0.00e+00	0.00e+00	0.00e+00	0.00e+00	4.65e-02	4.55e-09	5.09e-09
 8.12121e+22	5.54e-02	8.38e-01	1.07e-01	4.02e-04	1.80e-05	0.00e+00	0.00e+00	0.00e+00	0.00e+00	5.54e-02	5.73e-09	6.39e-09
 8.16528e+22	6.64e-02	8.49e-01	8.44e-02	2.60e-04	1.29e-05	0.00e+00	0.00e+00	0.00e+00	0.00e+00	6.64e-02	7.19e-09	8.00e-09
 8.20399e+22	7.92e-02	8.54e-01	6.64e-02	1.70e-04	9.26e-06	0.00e+00	0.00e+00	0.00e+00	0.00e+00	7.92e-02	8.94e-09	9.94e-09
 8.23958e+22	9.46e-02	8.54e-01	5.16e-02	1.11e-04	6.58e-06	0.00e+00	0.00e+00	0.00e+00	0.00e+00	9.46e-02	1.11e-08	1.24e-08
 8.27293e+22	1.13e-01	8.47e-01	3.94e-02	7.25e-05	4.61e-06	0.00e+00	0.00e+00	0.00e+00	0.00e+00	1.13e-01	1.38e-08	1.54e-08
 8.30389e+22	1.36e-01	8.34e-01	2.97e-02	4.75e-05	3.18e-06	0.00e+00	0.00e+00	0.00e+00	0.00e+00	1.36e-01	1.70e-08	1.90e-08
 8.33219e+22	1.64e-01	8.14e-01	2.21e-02	3.17e-05	2.18e-06	0.00e+00	0.00e+00	0.00e+00	0.00e+00	1.64e-01	2.08e-08	2.34e-08
 8.35772e+22	1.95e-01	7.89e-01	1.65e-02	2.16e-05	1.49e-06	0.00e+00	0.00e+00	0.00e+00	0.00e+00	1.95e-01	2.51e-08	2.82e-08
 8.38096e+22	2.30e-01	7.58e-01	1.22e-02	1.51e-05	1.01e-06	0.00e+00	0.00e+00	0.00e+00	0.00e+00	2.30e-01	2.97e-08	3.34e-08
 8.40225e+22	2.70e-01	7.21e-01	9.05e-03	1.08e-05	6.85e-07	0.00e+00	0.00e+00	0.00e+00	0.00e+00	2.70e-01	3.47e-08	3.88e-08
 8.41563e+22	2.96e-01	6.96e-01	7.54e-03	8.91e-06	5.44e-07	0.00e+00	0.00e+00	0.00e+00	0.00e+00	2.96e-01	3.76e-08	4.21e-08
 8.42060e+22	3.07e-01	6.86e-01	7.02e-03	8.27e-06	4.96e-07	0.00e+00	0.00e+00	0.00e+00	0.00e+00	3.07e-01	3.87e-08	4.33e-08
 8.42458e+22	3.17e-01	6.77e-01	6.58e-03	7.74e-06	4.56e-07	0.00e+00	0.00e+00	0.00e+00	0.00e+00	3.17e-01	3.98e-08	4.45e-08
 8.42972e+22	3.29e-01	6.65e-01	6.05e-03	7.11e-06	4.08e-07	0.00e+00	0.00e+00	0.00e+00	0.00e+00	3.29e-01	4.12e-08	4.61e-08
 8.43589e+22	3.45e-01	6.50e-01	5.46e-03	6.43e-06	3.58e-07	0.00e+00	0.00e+00	0.00e+00	0.00e+00	3.45e-01	4.28e-08	4.79e-08
 8.44215e+22	3.61e-01	6.34e-01	4.93e-03	5.81e-06	3.12e-07	0.00e+00	0.00e+00	0.00e+00	0.00e+00	3.61e-01	4.45e-08	4.97e-08
 8.44795e+22	3.76e-01	6.20e-01	4.48e-03	5.31e-06	2.77e-07	0.00e+00	0.00e+00	0.00e+00	0.00e+00	3.76e-01	4.59e-08	5.13e-08
 8.45385e+22	3.93e-01	6.03e-01	4.04e-03	4.81e-06	2.42e-07	0.00e+00	0.00e+00	0.00e+00	0.00e+00	3.93e-01	4.74e-08	5.30e-08
 8.45992e+22	4.09e-01	5.87e-01	3.65e-03	4.38e-06	2.12e-07	0.00e+00	0.00e+00	0.00e+00	0.00e+00	4.09e-01	4.89e-08	5.46e-08
 8.46615e+22	4.27e-01	5.70e-01	3.27e-03	3.96e-06	1.84e-07	0.00e+00	0.00e+00	0.00e+00	0.00e+00	4.27e-01	5.04e-08	5.63e-08
 8.47260e+22	4.47e-01	5.50e-01	2.91e-03	3.56e-06	1.58e-07	0.00e+00	0.00e+00	0.00e+00	0.00e+00	4.47e-01	5.19e-08	5.79e-08
 8.47885e+22	4.65e-01	5.32e-01	2.60e-03	3.23e-06	1.37e-07	0.00e+00	0.00e+00	0.00e+00	0.00e+00	4.65e-01	5.32e-08	5.93e-08
 8.48516e+22	4.84e-01	5.14e-01	2.32e-03	2.92e-06	0.00e+00	0.00e+00	0.00e+00	0.00e+00	0.00e+00	4.84e-01	5.45e-08	6.07e-08
 8.49187e+22	5.04e-01	4.94e-01	2.05e-03	2.63e-06	0.00e+00	0.00e+00	0.00e+00	0.00e+00	0.00e+00	5.04e-01	5.57e-08	6.21e-08
 8.49888e+22	5.25e-01	4.73e-01	1.80e-03	2.36e-06	0.00e+00	0.00e+00	0.00e+00	0.00e+00	0.00e+00	5.25e-01	5.68e-08	6.33e-08
 8.50617e+22	5.47e-01	4.51e-01	1.57e-03	2.10e-06	0.00e+00	0.00e+00	0.00e+00	0.00e+00	0.00e+00	5.47e-01	5.78e-08	6.44e-08
 8.51371e+22	5.70e-01	4.29e-01	1.36e-03	1.87e-06	0.00e+00	0.00e+00	0.00e+00	0.00e+00	0.00e+00	5.70e-01	5.87e-08	6.53e-08
 8.52125e+22	5.92e-01	4.07e-01	1.18e-03	1.67e-06	0.00e+00	0.00e+00	0.00e+00	0.00e+00	0.00e+00	5.92e-01	5.94e-08	6.60e-08
 8.52719e+22	6.07e-01	3.92e-01	1.07e-03	1.54e-06	0.00e+00	0.00e+00	0.00e+00	0.00e+00	0.00e+00	6.07e-01	5.97e-08	6.63e-08
 8.53115e+22	6.18e-01	3.81e-01	9.95e-04	1.46e-06	0.00e+00	0.00e+00	0.00e+00	0.00e+00	0.00e+00	6.18e-01	5.98e-08	6.65e-08
 8.53489e+22	6.28e-01	3.71e-01	9.28e-04	1.38e-06	0.00e+00	0.00e+00	0.00e+00	0.00e+00	0.00e+00	6.28e-01	6.00e-08	6.66e-08
 8.53923e+22	6.40e-01	3.59e-01	8.55e-04	1.30e-06	0.00e+00	0.00e+00	0.00e+00	0.00e+00	0.00e+00	6.40e-01	6.02e-08	6.68e-08
 8.54398e+22	6.52e-01	3.47e-01	7.83e-04	1.21e-06	0.00e+00	0.00e+00	0.00e+00	0.00e+00	0.00e+00	6.52e-01	6.03e-08	6.69e-08
 8.54870e+22	6.64e-01	3.36e-01	7.19e-04	1.14e-06	0.00e+00	0.00e+00	0.00e+00	0.00e+00	0.00e+00	6.64e-01	6.03e-08	6.69e-08
 8.55332e+22	6.75e-01	3.25e-01	6.62e-04	1.07e-06	0.00e+00	0.00e+00	0.00e+00	0.00e+00	0.00e+00	6.75e-01	6.03e-08	6.68e-08
 8.55799e+22	6.86e-01	3.14e-01	6.08e-04	1.01e-06	0.00e+00	0.00e+00	0.00e+00	0.00e+00	0.00e+00	6.86e-01	6.02e-08	6.68e-08
 8.56279e+22	6.96e-01	3.03e-01	5.59e-04	9.45e-07	0.00e+00	0.00e+00	0.00e+00	0.00e+00	0.00e+00	6.96e-01	6.01e-08	6.66e-08
 8.56772e+22	7.07e-01	2.92e-01	5.12e-04	8.86e-07	0.00e+00	0.00e+00	0.00e+00	0.00e+00	0.00e+00	7.07e-01	6.00e-08	6.64e-08
 8.57265e+22	7.17e-01	2.82e-01	4.70e-04	8.35e-07	0.00e+00	0.00e+00	0.00e+00	0.00e+00	0.00e+00	7.17e-01	5.98e-08	6.62e-08
 8.57770e+22	7.28e-01	2.72e-01	4.30e-04	7.84e-07	0.00e+00	0.00e+00	0.00e+00	0.00e+00	0.00e+00	7.28e-01	5.96e-08	6.59e-08
 8.58292e+22	7.38e-01	2.62e-01	3.93e-04	7.35e-07	0.00e+00	0.00e+00	0.00e+00	0.00e+00	0.00e+00	7.38e-01	5.93e-08	6.56e-08
 8.58813e+22	7.47e-01	2.52e-01	3.60e-04	6.92e-07	0.00e+00	0.00e+00	0.00e+00	0.00e+00	0.00e+00	7.47e-01	5.91e-08	6.53e-08
 8.59341e+22	7.56e-01	2.43e-01	3.30e-04	6.51e-07	0.00e+00	0.00e+00	0.00e+00	0.00e+00	0.00e+00	7.56e-01	5.88e-08	6.49e-08
 8.59891e+22	7.66e-01	2.34e-01	3.01e-04	6.12e-07	0.00e+00	0.00e+00	0.00e+00	0.00e+00	0.00e+00	7.66e-01	5.85e-08	6.45e-08
 8.60460e+22	7.75e-01	2.25e-01	2.75e-04	5.74e-07	0.00e+00	0.00e+00	0.00e+00	0.00e+00	0.00e+00	7.75e-01	5.81e-08	6.41e-08
 8.61036e+22	7.83e-01	2.16e-01	2.51e-04	5.40e-07	0.00e+00	0.00e+00	0.00e+00	0.00e+00	0.00e+00	7.83e-01	5.77e-08	6.37e-08
 8.61621e+22	7.92e-01	2.08e-01	2.29e-04	5.08e-07	0.00e+00	0.00e+00	0.00e+00	0.00e+00	0.00e+00	7.92e-01	5.74e-08	6.33e-08
 8.62228e+22	8.00e-01	2.00e-01	2.08e-04	4.78e-07	0.00e+00	0.00e+00	0.00e+00	0.00e+00	0.00e+00	8.00e-01	5.70e-08	6.28e-08
 8.62855e+22	8.08e-01	1.92e-01	1.89e-04	4.49e-07	0.00e+00	0.00e+00	0.00e+00	0.00e+00	0.00e+00	8.08e-01	5.66e-08	6.23e-08
 8.63495e+22	8.15e-01	1.84e-01	1.72e-04	4.22e-07	0.00e+00	0.00e+00	0.00e+00	0.00e+00	0.00e+00	8.15e-01	5.62e-08	6.18e-08
 8.64149e+22	8.23e-01	1.77e-01	1.57e-04	3.96e-07	0.00e+00	0.00e+00	0.00e+00	0.00e+00	0.00e+00	8.23e-01	5.57e-08	6.12e-08
 8.64823e+22	8.30e-01	1.70e-01	1.42e-04	3.73e-07	0.00e+00	0.00e+00	0.00e+00	0.00e+00	0.00e+00	8.30e-01	5.53e-08	6.05e-08
 8.65520e+22	8.37e-01	1.63e-01	1.29e-04	3.50e-07	0.00e+00	0.00e+00	0.00e+00	0.00e+00	0.00e+00	8.37e-01	5.48e-08	5.98e-08
 8.66237e+22	8.44e-01	1.56e-01	1.17e-04	3.29e-07	0.00e+00	0.00e+00	0.00e+00	0.00e+00	0.00e+00	8.44e-01	5.44e-08	5.91e-08
 8.66971e+22	8.50e-01	1.50e-01	1.06e-04	3.09e-07	0.00e+00	0.00e+00	0.00e+00	0.00e+00	0.00e+00	8.50e-01	5.39e-08	5.85e-08
 8.67725e+22	8.57e-01	1.43e-01	9.65e-05	2.90e-07	0.00e+00	0.00e+00	0.00e+00	0.00e+00	0.00e+00	8.57e-01	5.35e-08	5.78e-08
 8.68504e+22	8.63e-01	1.37e-01	8.76e-05	2.73e-07	0.00e+00	0.00e+00	0.00e+00	0.00e+00	0.00e+00	8.63e-01	5.30e-08	5.71e-08
 8.69303e+22	8.68e-01	1.32e-01	7.97e-05	2.56e-07	0.00e+00	0.00e+00	0.00e+00	0.00e+00	0.00e+00	8.68e-01	5.26e-08	5.65e-08
 8.70106e+22	8.74e-01	1.26e-01	7.26e-05	2.41e-07	0.00e+00	0.00e+00	0.00e+00	0.00e+00	0.00e+00	8.74e-01	5.22e-08	5.58e-08
 8.70923e+22	8.79e-01	1.21e-01	6.62e-05	2.27e-07	0.00e+00	0.00e+00	0.00e+00	0.00e+00	0.00e+00	8.79e-01	5.18e-08	5.52e-08
 8.71770e+22	8.84e-01	1.16e-01	6.05e-05	2.13e-07	0.00e+00	0.00e+00	0.00e+00	0.00e+00	0.00e+00	8.84e-01	5.14e-08	5.46e-08
 8.72624e+22	8.89e-01	1.11e-01	5.55e-05	2.01e-07	0.00e+00	0.00e+00	0.00e+00	0.00e+00	0.00e+00	8.89e-01	5.10e-08	5.40e-08
 8.73472e+22	8.93e-01	1.07e-01	5.11e-05	1.90e-07	0.00e+00	0.00e+00	0.00e+00	0.00e+00	0.00e+00	8.93e-01	5.07e-08	5.34e-08
 8.74338e+22	8.97e-01	1.03e-01	4.72e-05	1.79e-07	0.00e+00	0.00e+00	0.00e+00	0.00e+00	0.00e+00	8.97e-01	5.04e-08	5.29e-08
 8.75222e+22	9.01e-01	9.85e-02	4.36e-05	1.69e-07	0.00e+00	0.00e+00	0.00e+00	0.00e+00	0.00e+00	9.01e-01	5.01e-08	5.24e-08
 8.76122e+22	9.05e-01	9.47e-02	4.05e-05	1.60e-07	0.00e+00	0.00e+00	0.00e+00	0.00e+00	0.00e+00	9.05e-01	4.99e-08	5.19e-08
 8.77044e+22	9.09e-01	9.10e-02	3.77e-05	1.51e-07	0.00e+00	0.00e+00	0.00e+00	0.00e+00	0.00e+00	9.09e-01	4.96e-08	5.15e-08
 8.77988e+22	9.13e-01	8.74e-02	3.51e-05	1.43e-07	0.00e+00	0.00e+00	0.00e+00	0.00e+00	0.00e+00	9.13e-01	4.94e-08	5.10e-08
 8.78946e+22	9.16e-01	8.40e-02	3.29e-05	1.35e-07	0.00e+00	0.00e+00	0.00e+00	0.00e+00	0.00e+00	9.16e-01	4.92e-08	5.06e-08
 8.79918e+22	9.19e-01	8.07e-02	3.08e-05	1.28e-07	0.00e+00	0.00e+00	0.00e+00	0.00e+00	0.00e+00	9.19e-01	4.90e-08	5.01e-08
 8.80919e+22	9.22e-01	7.75e-02	2.90e-05	0.00e+00	0.00e+00	0.00e+00	0.00e+00	0.00e+00	0.00e+00	9.22e-01	4.89e-08	4.97e-08
 8.81945e+22	9.25e-01	7.45e-02	2.74e-05	0.00e+00	0.00e+00	0.00e+00	0.00e+00	0.00e+00	0.00e+00	9.25e-01	4.87e-08	4.94e-08
 8.82965e+22	9.28e-01	7.17e-02	2.60e-05	0.00e+00	0.00e+00	0.00e+00	0.00e+00	0.00e+00	0.00e+00	9.28e-01	4.86e-08	4.90e-08
 8.83947e+22	9.31e-01	6.91e-02	2.48e-05	0.00e+00	0.00e+00	0.00e+00	0.00e+00	0.00e+00	0.00e+00	9.31e-01	4.85e-08	4.87e-08
 8.84859e+22	9.33e-01	6.69e-02	2.39e-05	0.00e+00	0.00e+00	0.00e+00	0.00e+00	0.00e+00	0.00e+00	9.33e-01	4.83e-08	4.84e-08
