#depth	He	He+	He+2
 4.62852e+21	4.05e-11	7.32e-06	1.00e+00
 1.04294e+22	1.13e-10	1.19e-05	1.00e+00
 1.21834e+22	2.02e-10	1.59e-05	1.00e+00
 1.30560e+22	2.80e-10	1.89e-05	1.00e+00
 1.34195e+22	3.06e-10	1.98e-05	1.00e+00
 1.35375e+22	3.23e-10	2.04e-05	1.00e+00
 1.36271e+22	3.42e-10	2.10e-05	1.00e+00
 1.37291e+22	3.67e-10	2.19e-05	1.00e+00
 1.38306e+22	3.88e-10	2.26e-05	1.00e+00
 1.39315e+22	4.19e-10	2.36e-05	1.00e+00
 1.40314e+22	4.42e-10	2.43e-05	1.00e+00
 1.41298e+22	4.77e-10	2.53e-05	1.00e+00
 1.42299e+22	5.06e-10	2.62e-05	1.00e+00
 1.43184e+22	5.36e-10	2.71e-05	1.00e+00
 1.44196e+22	5.79e-10	2.83e-05	1.00e+00
 1.45205e+22	6.15e-10	2.93e-05	1.00e+00
 1.46211e+22	6.64e-10	3.07e-05	1.00e+00
 1.47231e+22	7.06e-10	3.18e-05	1.00e+00
 1.48269e+22	7.64e-10	3.34e-05	1.00e+00
 1.49312e+22	8.12e-10	3.47e-05	1.00e+00
 1.50208e+22	8.62e-10	3.60e-05	1.00e+00
 1.51223e+22	9.31e-10	3.78e-05	1.00e+00
 1.52236e+22	9.84e-10	3.91e-05	1.00e+00
 1.53249e+22	1.06e-09	4.10e-05	1.00e+00
 1.54272e+22	1.12e-09	4.25e-05	1.00e+00
 1.55306e+22	1.21e-09	4.46e-05	1.00e+00
 1.56360e+22	1.27e-09	4.62e-05	1.00e+00
 1.57437e+22	1.37e-09	4.84e-05	1.00e+00
 1.58551e+22	1.45e-09	5.03e-05	1.00e+00
 1.59710e+22	1.56e-09	5.28e-05	1.00e+00
 1.60896e+22	1.65e-09	5.49e-05	1.00e+00
 1.61951e+22	1.74e-09	5.70e-05	1.00e+00
 1.63157e+22	1.86e-09	5.98e-05	1.00e+00
 1.64380e+22	1.96e-09	6.21e-05	1.00e+00
 1.65625e+22	2.10e-09	6.51e-05	1.00e+00
 1.66834e+22	2.20e-09	6.73e-05	1.00e+00
 1.67997e+22	2.33e-09	7.03e-05	1.00e+00
 1.69182e+22	2.44e-09	7.26e-05	1.00e+00
 1.70396e+22	2.59e-09	7.59e-05	1.00e+00
 1.71627e+22	2.70e-09	7.84e-05	1.00e+00
 1.72879e+22	2.87e-09	8.19e-05	1.00e+00
 1.74111e+22	2.98e-09	8.43e-05	1.00e+00
 1.75315e+22	3.15e-09	8.79e-05	1.00e+00
 1.76542e+22	3.27e-09	9.06e-05	1.00e+00
 1.77802e+22	3.45e-09	9.44e-05	1.00e+00
 1.79086e+22	3.59e-09	9.74e-05	1.00e+00
 1.80400e+22	3.79e-09	1.02e-04	1.00e+00
 1.81738e+22	3.86e-09	1.05e-04	1.00e+00
 1.83106e+22	4.06e-09	1.09e-04	1.00e+00
 1.84500e+22	4.23e-09	1.13e-04	1.00e+00
 1.85927e+22	4.46e-09	1.18e-04	1.00e+00
 1.87322e+22	4.63e-09	1.21e-04	1.00e+00
 1.88675e+22	4.86e-09	1.26e-04	1.00e+00
 1.90049e+22	5.04e-09	1.29e-04	1.00e+00
 1.91451e+22	5.29e-09	1.34e-04	1.00e+00
 1.92897e+22	5.50e-09	1.39e-04	1.00e+00
 1.94399e+22	5.78e-09	1.44e-04	1.00e+00
 1.95951e+22	6.02e-09	1.49e-04	1.00e+00
 1.97567e+22	6.34e-09	1.55e-04	1.00e+00
 1.99227e+22	6.61e-09	1.61e-04	1.00e+00
 2.00944e+22	6.97e-09	1.67e-04	1.00e+00
 2.02719e+22	7.29e-09	1.73e-04	1.00e+00
 2.04568e+22	7.71e-09	1.81e-04	1.00e+00
 2.06465e+22	8.08e-09	1.88e-04	1.00e+00
 2.08170e+22	8.46e-09	1.94e-04	1.00e+00
 2.10128e+22	8.96e-09	2.04e-04	1.00e+00
 2.12099e+22	9.38e-09	2.11e-04	1.00e+00
 2.14084e+22	9.93e-09	2.21e-04	1.00e+00
 2.16112e+22	1.04e-08	2.30e-04	1.00e+00
 2.18195e+22	1.10e-08	2.41e-04	1.00e+00
 2.20310e+22	1.16e-08	2.51e-04	1.00e+00
 2.22468e+22	1.23e-08	2.65e-04	1.00e+00
 2.24507e+22	1.27e-08	2.74e-04	1.00e+00
 2.26392e+22	1.34e-08	2.87e-04	1.00e+00
 2.28293e+22	1.39e-08	2.97e-04	1.00e+00
 2.30215e+22	1.46e-08	3.12e-04	1.00e+00
 2.32155e+22	1.51e-08	3.24e-04	1.00e+00
 2.34118e+22	1.58e-08	3.41e-04	1.00e+00
 2.36107e+22	1.64e-08	3.54e-04	1.00e+00
 2.38131e+22	1.71e-08	3.74e-04	1.00e+00
 2.40182e+22	1.77e-08	3.89e-04	1.00e+00
 2.42268e+22	1.84e-08	4.12e-04	1.00e+00
 2.44398e+22	1.89e-08	4.31e-04	1.00e+00
 2.46584e+22	1.96e-08	4.57e-04	1.00e+00
 2.48816e+22	2.01e-08	4.80e-04	1.00e+00
 2.51039e+22	2.07e-08	5.09e-04	9.99e-01
 2.53161e+22	2.10e-08	5.32e-04	9.99e-01
 2.55219e+22	2.14e-08	5.64e-04	9.99e-01
 2.57304e+22	2.17e-08	5.90e-04	9.99e-01
 2.59344e+22	2.19e-08	6.25e-04	9.99e-01
 2.61425e+22	2.21e-08	6.56e-04	9.99e-01
 2.63451e+22	2.22e-08	6.92e-04	9.99e-01
 2.65521e+22	2.23e-08	7.28e-04	9.99e-01
 2.67569e+22	2.23e-08	7.68e-04	9.99e-01
 2.69627e+22	2.23e-08	8.09e-04	9.99e-01
 2.71663e+22	2.23e-08	8.51e-04	9.99e-01
 2.73694e+22	2.23e-08	8.96e-04	9.99e-01
 2.75728e+22	2.23e-08	9.43e-04	9.99e-01
 2.77771e+22	2.24e-08	9.93e-04	9.99e-01
 2.79826e+22	2.25e-08	1.05e-03	9.99e-01
 2.81899e+22	2.27e-08	1.10e-03	9.99e-01
 2.83997e+22	2.30e-08	1.16e-03	9.99e-01
 2.86105e+22	2.35e-08	1.22e-03	9.99e-01
 2.88247e+22	2.41e-08	1.29e-03	9.99e-01
 2.90414e+22	2.48e-08	1.35e-03	9.99e-01
 2.92623e+22	2.58e-08	1.43e-03	9.99e-01
 2.94678e+22	2.68e-08	1.49e-03	9.99e-01
 2.96792e+22	2.83e-08	1.58e-03	9.98e-01
 2.98940e+22	2.97e-08	1.65e-03	9.98e-01
 3.01139e+22	3.18e-08	1.74e-03	9.98e-01
 3.03350e+22	3.37e-08	1.82e-03	9.98e-01
 3.05577e+22	3.65e-08	1.93e-03	9.98e-01
 3.07816e+22	3.89e-08	2.01e-03	9.98e-01
 3.10072e+22	4.26e-08	2.13e-03	9.98e-01
 3.12346e+22	4.57e-08	2.22e-03	9.98e-01
 3.14645e+22	5.04e-08	2.35e-03	9.98e-01
 3.16972e+22	5.44e-08	2.46e-03	9.98e-01
 3.19337e+22	6.04e-08	2.60e-03	9.97e-01
 3.21740e+22	6.56e-08	2.72e-03	9.97e-01
 3.24193e+22	7.32e-08	2.88e-03	9.97e-01
 3.26698e+22	7.99e-08	3.02e-03	9.97e-01
 3.29268e+22	8.98e-08	3.20e-03	9.97e-01
 3.31904e+22	9.86e-08	3.36e-03	9.97e-01
 3.34624e+22	1.12e-07	3.58e-03	9.96e-01
 3.37182e+22	1.21e-07	3.72e-03	9.96e-01
 3.39532e+22	1.34e-07	3.92e-03	9.96e-01
 3.41862e+22	1.45e-07	4.08e-03	9.96e-01
 3.44166e+22	1.61e-07	4.30e-03	9.96e-01
 3.46484e+22	1.74e-07	4.46e-03	9.96e-01
 3.48820e+22	1.93e-07	4.70e-03	9.95e-01
 3.51198e+22	2.09e-07	4.89e-03	9.95e-01
 3.53631e+22	2.33e-07	5.16e-03	9.95e-01
 3.56097e+22	2.53e-07	5.37e-03	9.95e-01
 3.58607e+22	2.83e-07	5.67e-03	9.94e-01
 3.61167e+22	3.07e-07	5.91e-03	9.94e-01
 3.63790e+22	3.45e-07	6.26e-03	9.94e-01
 3.66470e+22	3.76e-07	6.53e-03	9.93e-01
 3.69224e+22	4.23e-07	6.93e-03	9.93e-01
 3.72038e+22	4.64e-07	7.25e-03	9.93e-01
 3.74932e+22	5.24e-07	7.70e-03	9.92e-01
 3.77860e+22	5.74e-07	8.05e-03	9.92e-01
 3.80833e+22	6.51e-07	8.57e-03	9.91e-01
 3.83835e+22	7.13e-07	8.96e-03	9.91e-01
 3.86877e+22	8.10e-07	9.55e-03	9.90e-01
 3.89841e+22	8.84e-07	9.97e-03	9.90e-01
 3.92706e+22	9.90e-07	1.05e-02	9.89e-01
 3.95725e+22	1.10e-06	1.11e-02	9.89e-01
 3.98261e+22	1.19e-06	1.16e-02	9.88e-01
 4.00873e+22	1.32e-06	1.21e-02	9.88e-01
 4.03613e+22	1.44e-06	1.27e-02	9.87e-01
 4.06130e+22	1.57e-06	1.32e-02	9.87e-01
 4.09015e+22	1.75e-06	1.40e-02	9.86e-01
 4.11973e+22	1.93e-06	1.46e-02	9.85e-01
 4.14582e+22	2.10e-06	1.53e-02	9.85e-01
 4.17529e+22	2.35e-06	1.62e-02	9.84e-01
 4.20604e+22	2.60e-06	1.70e-02	9.83e-01
 4.23377e+22	2.85e-06	1.78e-02	9.82e-01
 4.26514e+22	3.20e-06	1.88e-02	9.81e-01
 4.29749e+22	3.55e-06	1.98e-02	9.80e-01
 4.32629e+22	3.91e-06	2.08e-02	9.79e-01
 4.35892e+22	4.41e-06	2.21e-02	9.78e-01
 4.39275e+22	4.93e-06	2.33e-02	9.77e-01
 4.42310e+22	5.44e-06	2.44e-02	9.76e-01
 4.45751e+22	6.18e-06	2.60e-02	9.74e-01
 4.49301e+22	6.90e-06	2.75e-02	9.73e-01
 4.52508e+22	7.67e-06	2.90e-02	9.71e-01
 4.56189e+22	8.81e-06	3.10e-02	9.69e-01
 4.59896e+22	9.85e-06	3.28e-02	9.67e-01
 4.63635e+22	1.13e-05	3.50e-02	9.65e-01
 4.67459e+22	1.27e-05	3.71e-02	9.63e-01
 4.70827e+22	1.42e-05	3.91e-02	9.61e-01
 4.74638e+22	1.63e-05	4.19e-02	9.58e-01
 4.78538e+22	1.83e-05	4.44e-02	9.56e-01
 4.82555e+22	2.12e-05	4.77e-02	9.52e-01
 4.86635e+22	2.39e-05	5.06e-02	9.49e-01
 4.90253e+22	2.70e-05	5.36e-02	9.46e-01
 4.94414e+22	3.14e-05	5.77e-02	9.42e-01
 4.98638e+22	3.55e-05	6.12e-02	9.39e-01
 5.02307e+22	3.99e-05	6.48e-02	9.35e-01
 5.05797e+22	4.44e-05	6.82e-02	9.32e-01
 5.09119e+22	4.94e-05	7.18e-02	9.28e-01
 5.12860e+22	5.64e-05	7.65e-02	9.23e-01
 5.16605e+22	6.28e-05	8.05e-02	9.19e-01
 5.20354e+22	7.17e-05	8.58e-02	9.14e-01
 5.24164e+22	7.99e-05	9.04e-02	9.10e-01
 5.28052e+22	9.16e-05	9.64e-02	9.03e-01
 5.31971e+22	1.02e-04	1.01e-01	8.98e-01
 5.35931e+22	1.18e-04	1.09e-01	8.91e-01
 5.39895e+22	1.31e-04	1.14e-01	8.86e-01
 5.43082e+22	1.43e-04	1.19e-01	8.81e-01
 5.46443e+22	1.60e-04	1.26e-01	8.74e-01
 5.49852e+22	1.76e-04	1.31e-01	8.69e-01
 5.52851e+22	1.93e-04	1.37e-01	8.63e-01
 5.56276e+22	2.16e-04	1.44e-01	8.56e-01
 5.59743e+22	2.37e-04	1.50e-01	8.49e-01
 5.62781e+22	2.59e-04	1.57e-01	8.43e-01
 5.66246e+22	2.91e-04	1.65e-01	8.35e-01
 5.69739e+22	3.18e-04	1.72e-01	8.28e-01
 5.73268e+22	3.56e-04	1.81e-01	8.19e-01
 5.76851e+22	3.92e-04	1.89e-01	8.11e-01
 5.80007e+22	4.28e-04	1.97e-01	8.03e-01
 5.83610e+22	4.79e-04	2.07e-01	7.93e-01
 5.87290e+22	5.27e-04	2.15e-01	7.84e-01
 5.90577e+22	5.77e-04	2.24e-01	7.75e-01
 5.94356e+22	6.47e-04	2.36e-01	7.64e-01
 5.98192e+22	7.13e-04	2.46e-01	7.54e-01
 6.02103e+22	7.98e-04	2.58e-01	7.41e-01
 6.06119e+22	8.84e-04	2.69e-01	7.30e-01
 6.09675e+22	9.71e-04	2.80e-01	7.19e-01
 6.13702e+22	1.09e-03	2.94e-01	7.05e-01
 6.17836e+22	1.20e-03	3.06e-01	6.92e-01
 6.22110e+22	1.36e-03	3.22e-01	6.77e-01
 6.25833e+22	1.46e-03	3.31e-01	6.67e-01
 6.28841e+22	1.59e-03	3.43e-01	6.56e-01
 6.31949e+22	1.71e-03	3.53e-01	6.46e-01
 6.35189e+22	1.86e-03	3.64e-01	6.34e-01
 6.38496e+22	2.01e-03	3.75e-01	6.23e-01
 6.41385e+22	2.15e-03	3.85e-01	6.12e-01
 6.44637e+22	2.35e-03	3.98e-01	5.99e-01
 6.47964e+22	2.52e-03	4.09e-01	5.88e-01
 6.51387e+22	2.77e-03	4.23e-01	5.74e-01
 6.54851e+22	2.98e-03	4.35e-01	5.62e-01
 6.58364e+22	3.26e-03	4.49e-01	5.48e-01
 6.61943e+22	3.51e-03	4.61e-01	5.35e-01
 6.65607e+22	3.84e-03	4.76e-01	5.20e-01
 6.69383e+22	4.16e-03	4.89e-01	5.07e-01
 6.73305e+22	4.59e-03	5.05e-01	4.90e-01
 6.77260e+22	4.97e-03	5.18e-01	4.77e-01
 6.81261e+22	5.48e-03	5.35e-01	4.59e-01
 6.85325e+22	5.93e-03	5.49e-01	4.46e-01
 6.89473e+22	6.55e-03	5.66e-01	4.28e-01
 6.93686e+22	7.08e-03	5.79e-01	4.14e-01
 6.97982e+22	7.80e-03	5.96e-01	3.96e-01
 7.02394e+22	8.49e-03	6.11e-01	3.81e-01
 7.06960e+22	9.44e-03	6.29e-01	3.62e-01
 7.11527e+22	1.02e-02	6.43e-01	3.47e-01
 7.16098e+22	1.13e-02	6.60e-01	3.29e-01
 7.20838e+22	1.24e-02	6.75e-01	3.13e-01
 7.25799e+22	1.38e-02	6.93e-01	2.94e-01
 7.30877e+22	1.50e-02	7.07e-01	2.78e-01
 7.36107e+22	1.69e-02	7.25e-01	2.58e-01
 7.41474e+22	1.85e-02	7.40e-01	2.42e-01
 7.47018e+22	2.08e-02	7.57e-01	2.22e-01
 7.52768e+22	2.30e-02	7.72e-01	2.05e-01
 7.58785e+22	2.62e-02	7.89e-01	1.85e-01
 7.64999e+22	2.92e-02	8.02e-01	1.69e-01
 7.69843e+22	3.16e-02	8.11e-01	1.57e-01
 7.74513e+22	3.50e-02	8.22e-01	1.43e-01
 7.79317e+22	3.82e-02	8.30e-01	1.32e-01
 7.84296e+22	4.28e-02	8.39e-01	1.18e-01
 7.89373e+22	4.70e-02	8.46e-01	1.07e-01
 7.94577e+22	5.31e-02	8.52e-01	9.46e-02
 7.99981e+22	5.91e-02	8.57e-01	8.43e-02
 8.04275e+22	6.43e-02	8.59e-01	7.69e-02
 8.07930e+22	7.01e-02	8.60e-01	7.03e-02
 8.12121e+22	7.81e-02	8.59e-01	6.28e-02
 8.16528e+22	8.66e-02	8.57e-01	5.63e-02
 8.20399e+22	9.55e-02	8.53e-01	5.12e-02
 8.23958e+22	1.05e-01	8.48e-01	4.68e-02
 8.27293e+22	1.15e-01	8.42e-01	4.30e-02
 8.30389e+22	1.26e-01	8.34e-01	3.99e-02
 8.33219e+22	1.38e-01	8.25e-01	3.74e-02
 8.35772e+22	1.50e-01	8.15e-01	3.54e-02
 8.38096e+22	1.62e-01	8.04e-01	3.38e-02
 8.40225e+22	1.75e-01	7.92e-01	3.25e-02
 8.41563e+22	1.83e-01	7.85e-01	3.22e-02
 8.42060e+22	1.86e-01	7.82e-01	3.20e-02
 8.42458e+22	1.89e-01	7.79e-01	3.18e-02
 8.42972e+22	1.93e-01	7.76e-01	3.15e-02
 8.43589e+22	1.98e-01	7.71e-01	3.12e-02
 8.44215e+22	2.03e-01	7.66e-01	3.09e-02
 8.44795e+22	2.07e-01	7.62e-01	3.08e-02
 8.45385e+22	2.12e-01	7.57e-01	3.05e-02
 8.45992e+22	2.17e-01	7.52e-01	3.04e-02
 8.46615e+22	2.23e-01	7.47e-01	3.02e-02
 8.47260e+22	2.29e-01	7.41e-01	3.00e-02
 8.47885e+22	2.35e-01	7.35e-01	2.99e-02
 8.48516e+22	2.41e-01	7.29e-01	2.98e-02
 8.49187e+22	2.48e-01	7.22e-01	2.96e-02
 8.49888e+22	2.55e-01	7.15e-01	2.96e-02
 8.50617e+22	2.64e-01	7.07e-01	2.95e-02
 8.51371e+22	2.72e-01	6.98e-01	2.94e-02
 8.52125e+22	2.81e-01	6.90e-01	2.94e-02
 8.52719e+22	2.87e-01	6.84e-01	2.95e-02
 8.53115e+22	2.91e-01	6.79e-01	2.95e-02
 8.53489e+22	2.96e-01	6.74e-01	2.95e-02
 8.53923e+22	3.02e-01	6.69e-01	2.94e-02
 8.54398e+22	3.08e-01	6.62e-01	2.94e-02
 8.54870e+22	3.14e-01	6.56e-01	2.93e-02
 8.55332e+22	3.21e-01	6.50e-01	2.93e-02
 8.55799e+22	3.27e-01	6.44e-01	2.92e-02
 8.56279e+22	3.34e-01	6.37e-01	2.91e-02
 8.56772e+22	3.41e-01	6.30e-01	2.90e-02
 8.57265e+22	3.48e-01	6.23e-01	2.90e-02
 8.57770e+22	3.55e-01	6.16e-01	2.88e-02
 8.58292e+22	3.64e-01	6.08e-01	2.86e-02
 8.58813e+22	3.72e-01	6.00e-01	2.85e-02
 8.59341e+22	3.80e-01	5.92e-01	2.83e-02
 8.59891e+22	3.89e-01	5.83e-01	2.80e-02
 8.60460e+22	3.98e-01	5.74e-01	2.78e-02
 8.61036e+22	4.08e-01	5.65e-01	2.75e-02
 8.61621e+22	4.18e-01	5.55e-01	2.72e-02
 8.62228e+22	4.28e-01	5.45e-01	2.68e-02
 8.62855e+22	4.39e-01	5.35e-01	2.64e-02
 8.63495e+22	4.50e-01	5.24e-01	2.60e-02
 8.64149e+22	4.62e-01	5.13e-01	2.55e-02
 8.64823e+22	4.74e-01	5.01e-01	2.50e-02
 8.65520e+22	4.86e-01	4.89e-01	2.44e-02
 8.66237e+22	4.99e-01	4.77e-01	2.39e-02
 8.66971e+22	5.12e-01	4.65e-01	2.32e-02
 8.67725e+22	5.25e-01	4.52e-01	2.26e-02
 8.68504e+22	5.39e-01	4.39e-01	2.19e-02
 8.69303e+22	5.53e-01	4.26e-01	2.13e-02
 8.70106e+22	5.67e-01	4.13e-01	2.05e-02
 8.70923e+22	5.81e-01	4.00e-01	1.98e-02
 8.71770e+22	5.95e-01	3.86e-01	1.90e-02
 8.72624e+22	6.09e-01	3.73e-01	1.82e-02
 8.73472e+22	6.22e-01	3.60e-01	1.75e-02
 8.74338e+22	6.36e-01	3.48e-01	1.67e-02
 8.75222e+22	6.49e-01	3.35e-01	1.60e-02
 8.76122e+22	6.62e-01	3.23e-01	1.52e-02
 8.77044e+22	6.75e-01	3.11e-01	1.45e-02
 8.77988e+22	6.88e-01	2.99e-01	1.37e-02
 8.78946e+22	7.00e-01	2.87e-01	1.30e-02
 8.79918e+22	7.12e-01	2.75e-01	1.22e-02
 8.80919e+22	7.24e-01	2.64e-01	1.15e-02
 8.81945e+22	7.36e-01	2.53e-01	1.08e-02
 8.82965e+22	7.47e-01	2.43e-01	1.02e-02
 8.83947e+22	7.57e-01	2.34e-01	9.55e-03
 8.84859e+22	7.66e-01	2.25e-01	9.00e-03
 8.85704e+22	7.74e-01	2.18e-01	8.50e-03
 8.86480e+22	7.81e-01	2.11e-01	8.08e-03
 8.87226e+22	7.88e-01	2.05e-01	7.66e-03
 8.87973e+22	7.94e-01	1.99e-01	7.30e-03
 8.88709e+22	8.00e-01	1.93e-01	6.92e-03
 8.89411e+22	8.06e-01	1.88e-01	6.59e-03
 8.90053e+22	8.11e-01	1.83e-01	6.31e-03
 8.90681e+22	8.15e-01	1.79e-01	6.02e-03
 8.91301e+22	8.20e-01	1.74e-01	5.76e-03
 8.91888e+22	8.24e-01	1.70e-01	5.52e-03
 8.92470e+22	8.28e-01	1.66e-01	5.28e-03
 8.93028e+22	8.32e-01	1.63e-01	5.07e-03
 8.93554e+22	8.36e-01	1.59e-01	4.87e-03
 8.94079e+22	8.39e-01	1.56e-01	4.67e-03
 8.94582e+22	8.43e-01	1.53e-01	4.50e-03
 8.95038e+22	8.46e-01	1.50e-01	4.34e-03
 8.95453e+22	8.48e-01	1.48e-01	4.20e-03
 8.95831e+22	8.51e-01	1.45e-01	4.07e-03
 8.96175e+22	8.53e-01	1.43e-01	3.95e-03
 8.96487e+22	8.55e-01	1.41e-01	3.85e-03
 8.96772e+22	8.57e-01	1.39e-01	3.75e-03
 8.97031e+22	8.59e-01	1.38e-01	3.67e-03
 8.97267e+22	8.60e-01	1.37e-01	3.60e-03
 8.97525e+22	8.62e-01	1.35e-01	3.51e-03
 8.97860e+22	8.64e-01	1.33e-01	3.40e-03
 8.98223e+22	8.66e-01	1.31e-01	3.30e-03
 8.98553e+22	8.68e-01	1.29e-01	3.21e-03
 8.98853e+22	8.69e-01	1.27e-01	3.14e-03
 8.99126e+22	8.71e-01	1.26e-01	3.07e-03
 8.99374e+22	8.72e-01	1.25e-01	3.00e-03
 8.99647e+22	8.74e-01	1.23e-01	2.92e-03
 8.99941e+22	8.76e-01	1.21e-01	2.85e-03
 9.00208e+22	8.77e-01	1.20e-01	2.79e-03
 9.00502e+22	8.79e-01	1.19e-01	2.72e-03
 9.00818e+22	8.80e-01	1.17e-01	2.66e-03
 9.01106e+22	8.82e-01	1.16e-01	2.59e-03
 9.01368e+22	8.83e-01	1.15e-01	2.55e-03
 9.01655e+22	8.84e-01	1.13e-01	2.49e-03
 9.02029e+22	8.86e-01	1.12e-01	2.41e-03
 9.02432e+22	8.88e-01	1.10e-01	2.34e-03
 9.02799e+22	8.89e-01	1.08e-01	2.28e-03
 9.03132e+22	8.91e-01	1.07e-01	2.23e-03
 9.03436e+22	8.92e-01	1.06e-01	2.17e-03
 9.03713e+22	8.93e-01	1.05e-01	2.12e-03
 9.03964e+22	8.94e-01	1.04e-01	2.08e-03
 9.04240e+22	8.96e-01	1.02e-01	2.02e-03
 9.04537e+22	8.97e-01	1.01e-01	1.98e-03
 9.04808e+22	8.98e-01	1.00e-01	1.94e-03
 9.05105e+22	9.00e-01	9.86e-02	1.88e-03
 9.05425e+22	9.01e-01	9.74e-02	1.84e-03
 9.05717e+22	9.02e-01	9.63e-02	1.80e-03
 9.05982e+22	9.03e-01	9.52e-02	1.76e-03
 9.06223e+22	9.04e-01	9.44e-02	1.73e-03
 9.06488e+22	9.05e-01	9.32e-02	1.68e-03
 9.06832e+22	9.07e-01	9.18e-02	1.63e-03
 9.07203e+22	9.08e-01	9.04e-02	1.58e-03
 9.07541e+22	9.09e-01	8.93e-02	1.55e-03
 9.07848e+22	9.10e-01	8.83e-02	1.51e-03
 9.08128e+22	9.11e-01	8.73e-02	1.48e-03
 9.08383e+22	9.12e-01	8.63e-02	1.44e-03
 9.08614e+22	9.13e-01	8.56e-02	1.42e-03
 9.08868e+22	9.14e-01	8.45e-02	1.38e-03
 9.09142e+22	9.15e-01	8.35e-02	1.35e-03
 9.09392e+22	9.16e-01	8.26e-02	1.32e-03
 9.09619e+22	9.17e-01	8.20e-02	1.30e-03
 9.09867e+22	9.18e-01	8.12e-02	1.28e-03
 9.10191e+22	9.19e-01	8.00e-02	1.24e-03
 9.10540e+22	9.20e-01	7.93e-02	1.22e-03
 9.10922e+22	9.21e-01	7.80e-02	1.18e-03
 9.11335e+22	9.22e-01	7.70e-02	1.15e-03
 9.11711e+22	9.23e-01	7.61e-02	1.12e-03
 9.12053e+22	9.24e-01	7.51e-02	1.09e-03
 9.12364e+22	9.25e-01	7.44e-02	1.07e-03
 9.12705e+22	9.26e-01	7.32e-02	1.04e-03
 9.13148e+22	9.27e-01	7.20e-02	1.00e-03
 9.13627e+22	9.28e-01	7.10e-02	9.76e-04
 9.14062e+22	9.29e-01	6.99e-02	9.46e-04
 9.14458e+22	9.30e-01	6.89e-02	9.21e-04
 9.14819e+22	9.31e-01	6.81e-02	8.97e-04
 9.15214e+22	9.32e-01	6.70e-02	8.69e-04
 9.15641e+22	9.33e-01	6.60e-02	8.44e-04
 9.16029e+22	9.34e-01	6.50e-02	8.20e-04
 9.16382e+22	9.35e-01	6.44e-02	8.04e-04
 9.16769e+22	9.36e-01	6.34e-02	7.78e-04
 9.17187e+22	9.37e-01	6.25e-02	7.58e-04
 9.17567e+22	9.37e-01	6.18e-02	7.40e-04
 9.17984e+22	9.39e-01	6.08e-02	7.15e-04
 9.18434e+22	9.39e-01	5.99e-02	6.96e-04
 9.18843e+22	9.40e-01	5.90e-02	6.76e-04
 9.19216e+22	9.41e-01	5.84e-02	6.62e-04
 9.19624e+22	9.42e-01	5.75e-02	6.41e-04
 9.20065e+22	9.43e-01	5.67e-02	6.24e-04
 9.20466e+22	9.43e-01	5.61e-02	6.10e-04
 9.20906e+22	9.44e-01	5.51e-02	5.88e-04
 9.21380e+22	9.45e-01	5.43e-02	5.72e-04
 9.21812e+22	9.46e-01	5.35e-02	5.55e-04
 9.22205e+22	9.47e-01	5.29e-02	5.43e-04
 9.22635e+22	9.47e-01	5.21e-02	5.25e-04
 9.23100e+22	9.48e-01	5.14e-02	5.12e-04
 9.23523e+22	9.49e-01	5.07e-02	4.99e-04
 9.23986e+22	9.50e-01	4.99e-02	4.82e-04
 9.24487e+22	9.50e-01	4.92e-02	4.69e-04
 9.24942e+22	9.51e-01	4.85e-02	4.57e-04
 9.25431e+22	9.52e-01	4.77e-02	4.41e-04
