#depth	He	He+	He+2
 4.62852e+21	1.27e-12	1.31e-06	1.00e+00
 1.05691e+22	2.57e-12	1.84e-06	1.00e+00
 1.27517e+22	4.18e-12	2.33e-06	1.00e+00
 1.43188e+22	6.31e-12	2.83e-06	1.00e+00
 1.51894e+22	7.03e-12	2.98e-06	1.00e+00
 1.54654e+22	7.54e-12	3.08e-06	1.00e+00
 1.56657e+22	7.97e-12	3.16e-06	1.00e+00
 1.58923e+22	8.63e-12	3.29e-06	1.00e+00
 1.61221e+22	9.22e-12	3.39e-06	1.00e+00
 1.63238e+22	9.85e-12	3.50e-06	1.00e+00
 1.65538e+22	1.07e-11	3.64e-06	1.00e+00
 1.67870e+22	1.15e-11	3.77e-06	1.00e+00
 1.69903e+22	1.23e-11	3.89e-06	1.00e+00
 1.71858e+22	1.31e-11	4.01e-06	1.00e+00
 1.74051e+22	1.42e-11	4.17e-06	1.00e+00
 1.76280e+22	1.52e-11	4.31e-06	1.00e+00
 1.78198e+22	1.63e-11	4.45e-06	1.00e+00
 1.80335e+22	1.77e-11	4.63e-06	1.00e+00
 1.82535e+22	1.90e-11	4.79e-06	1.00e+00
 1.84412e+22	2.02e-11	4.94e-06	1.00e+00
 1.86449e+22	2.20e-11	5.14e-06	1.00e+00
 1.88549e+22	2.35e-11	5.31e-06	1.00e+00
 1.90734e+22	2.57e-11	5.55e-06	1.00e+00
 1.92866e+22	2.74e-11	5.72e-06	1.00e+00
 1.94931e+22	2.99e-11	5.96e-06	1.00e+00
 1.97033e+22	3.21e-11	6.17e-06	1.00e+00
 1.98890e+22	3.44e-11	6.38e-06	1.00e+00
 2.00733e+22	3.69e-11	6.60e-06	1.00e+00
 2.02848e+22	4.03e-11	6.88e-06	1.00e+00
 2.04984e+22	4.32e-11	7.12e-06	1.00e+00
 2.07147e+22	4.75e-11	7.46e-06	1.00e+00
 2.09325e+22	5.10e-11	7.73e-06	1.00e+00
 2.11199e+22	5.50e-11	8.02e-06	1.00e+00
 2.12965e+22	5.88e-11	8.28e-06	1.00e+00
 2.14914e+22	6.40e-11	8.63e-06	1.00e+00
 2.16920e+22	6.91e-11	8.96e-06	1.00e+00
 2.18540e+22	7.34e-11	9.23e-06	1.00e+00
 2.20187e+22	7.90e-11	9.58e-06	1.00e+00
 2.21775e+22	8.36e-11	9.85e-06	1.00e+00
 2.23071e+22	8.83e-11	1.01e-05	1.00e+00
 2.24542e+22	9.46e-11	1.05e-05	1.00e+00
 2.25974e+22	9.98e-11	1.08e-05	1.00e+00
 2.27164e+22	1.05e-10	1.10e-05	1.00e+00
 2.28516e+22	1.12e-10	1.14e-05	1.00e+00
 2.29843e+22	1.18e-10	1.17e-05	1.00e+00
 2.30947e+22	1.24e-10	1.20e-05	1.00e+00
 2.32024e+22	1.30e-10	1.23e-05	1.00e+00
 2.33258e+22	1.39e-10	1.27e-05	1.00e+00
 2.34520e+22	1.46e-10	1.31e-05	1.00e+00
 2.35644e+22	1.54e-10	1.34e-05	1.00e+00
 2.36709e+22	1.62e-10	1.38e-05	1.00e+00
 2.37693e+22	1.70e-10	1.41e-05	1.00e+00
 2.38788e+22	1.80e-10	1.45e-05	1.00e+00
 2.39913e+22	1.90e-10	1.49e-05	1.00e+00
 2.40893e+22	1.99e-10	1.53e-05	1.00e+00
 2.41982e+22	2.12e-10	1.58e-05	1.00e+00
 2.43099e+22	2.24e-10	1.63e-05	1.00e+00
 2.44080e+22	2.35e-10	1.67e-05	1.00e+00
 2.45185e+22	2.52e-10	1.74e-05	1.00e+00
 2.46304e+22	2.66e-10	1.79e-05	1.00e+00
 2.47260e+22	2.80e-10	1.84e-05	1.00e+00
 2.48323e+22	3.00e-10	1.91e-05	1.00e+00
 2.49383e+22	3.17e-10	1.97e-05	1.00e+00
 2.50286e+22	3.34e-10	2.02e-05	1.00e+00
 2.51311e+22	3.59e-10	2.11e-05	1.00e+00
 2.52315e+22	3.77e-10	2.17e-05	1.00e+00
 2.53293e+22	4.05e-10	2.25e-05	1.00e+00
 2.54273e+22	4.27e-10	2.32e-05	1.00e+00
 2.55256e+22	4.60e-10	2.42e-05	1.00e+00
 2.56244e+22	4.85e-10	2.50e-05	1.00e+00
 2.57238e+22	5.22e-10	2.61e-05	1.00e+00
 2.58223e+22	5.51e-10	2.69e-05	1.00e+00
 2.59195e+22	5.93e-10	2.81e-05	1.00e+00
 2.60182e+22	6.28e-10	2.91e-05	1.00e+00
 2.61190e+22	6.78e-10	3.04e-05	1.00e+00
 2.62212e+22	7.20e-10	3.16e-05	1.00e+00
 2.63251e+22	7.79e-10	3.31e-05	1.00e+00
 2.64295e+22	8.27e-10	3.44e-05	1.00e+00
 2.65345e+22	8.95e-10	3.61e-05	1.00e+00
 2.66369e+22	9.46e-10	3.74e-05	1.00e+00
 2.67361e+22	1.02e-09	3.92e-05	1.00e+00
 2.68361e+22	1.07e-09	4.06e-05	1.00e+00
 2.69372e+22	1.15e-09	4.25e-05	1.00e+00
 2.70409e+22	1.22e-09	4.41e-05	1.00e+00
 2.71479e+22	1.31e-09	4.63e-05	1.00e+00
 2.72566e+22	1.39e-09	4.80e-05	1.00e+00
 2.73675e+22	1.49e-09	5.04e-05	1.00e+00
 2.74814e+22	1.57e-09	5.23e-05	1.00e+00
 2.75989e+22	1.69e-09	5.49e-05	1.00e+00
 2.77186e+22	1.78e-09	5.70e-05	1.00e+00
 2.78411e+22	1.91e-09	5.99e-05	1.00e+00
 2.79644e+22	2.01e-09	6.21e-05	1.00e+00
 2.80888e+22	2.15e-09	6.52e-05	1.00e+00
 2.82093e+22	2.25e-09	6.72e-05	1.00e+00
 2.83246e+22	2.38e-09	7.02e-05	1.00e+00
 2.84430e+22	2.49e-09	7.25e-05	1.00e+00
 2.85652e+22	2.65e-09	7.58e-05	1.00e+00
 2.86890e+22	2.76e-09	7.83e-05	1.00e+00
 2.88147e+22	2.93e-09	8.17e-05	1.00e+00
 2.89394e+22	3.05e-09	8.43e-05	1.00e+00
 2.90629e+22	3.22e-09	8.80e-05	1.00e+00
 2.91875e+22	3.35e-09	9.06e-05	1.00e+00
 2.93138e+22	3.53e-09	9.45e-05	1.00e+00
 2.94425e+22	3.68e-09	9.74e-05	1.00e+00
 2.95743e+22	3.88e-09	1.02e-04	1.00e+00
 2.97086e+22	4.03e-09	1.05e-04	1.00e+00
 2.98460e+22	4.24e-09	1.09e-04	1.00e+00
 2.99859e+22	4.42e-09	1.13e-04	1.00e+00
 3.01292e+22	4.66e-09	1.18e-04	1.00e+00
 3.02692e+22	4.83e-09	1.21e-04	1.00e+00
 3.04050e+22	5.07e-09	1.26e-04	1.00e+00
 3.05430e+22	5.25e-09	1.29e-04	1.00e+00
 3.06838e+22	5.51e-09	1.35e-04	1.00e+00
 3.08289e+22	5.73e-09	1.39e-04	1.00e+00
 3.09798e+22	6.01e-09	1.44e-04	1.00e+00
 3.11356e+22	6.27e-09	1.49e-04	1.00e+00
 3.12978e+22	6.59e-09	1.55e-04	1.00e+00
 3.14645e+22	6.88e-09	1.61e-04	1.00e+00
 3.16370e+22	7.25e-09	1.67e-04	1.00e+00
 3.18152e+22	7.58e-09	1.73e-04	1.00e+00
 3.20009e+22	8.02e-09	1.81e-04	1.00e+00
 3.21914e+22	8.40e-09	1.88e-04	1.00e+00
 3.23625e+22	8.78e-09	1.95e-04	1.00e+00
 3.25591e+22	9.30e-09	2.04e-04	1.00e+00
 3.27569e+22	9.73e-09	2.11e-04	1.00e+00
 3.29563e+22	1.03e-08	2.21e-04	1.00e+00
 3.31599e+22	1.08e-08	2.30e-04	1.00e+00
 3.33690e+22	1.14e-08	2.41e-04	1.00e+00
 3.35813e+22	1.20e-08	2.51e-04	1.00e+00
 3.37979e+22	1.27e-08	2.65e-04	1.00e+00
 3.40026e+22	1.32e-08	2.74e-04	1.00e+00
 3.41919e+22	1.39e-08	2.87e-04	1.00e+00
 3.43827e+22	1.44e-08	2.97e-04	1.00e+00
 3.45757e+22	1.51e-08	3.12e-04	1.00e+00
 3.47704e+22	1.57e-08	3.24e-04	1.00e+00
 3.49673e+22	1.64e-08	3.41e-04	1.00e+00
 3.51669e+22	1.70e-08	3.54e-04	1.00e+00
 3.53701e+22	1.77e-08	3.74e-04	1.00e+00
 3.55759e+22	1.84e-08	3.89e-04	1.00e+00
 3.57852e+22	1.91e-08	4.12e-04	1.00e+00
 3.59989e+22	1.97e-08	4.31e-04	1.00e+00
 3.62185e+22	2.04e-08	4.57e-04	1.00e+00
 3.64426e+22	2.09e-08	4.80e-04	1.00e+00
 3.66657e+22	2.15e-08	5.10e-04	9.99e-01
 3.68786e+22	2.20e-08	5.32e-04	9.99e-01
 3.70853e+22	2.24e-08	5.64e-04	9.99e-01
 3.72946e+22	2.27e-08	5.91e-04	9.99e-01
 3.74993e+22	2.30e-08	6.25e-04	9.99e-01
 3.77082e+22	2.32e-08	6.56e-04	9.99e-01
 3.79116e+22	2.34e-08	6.93e-04	9.99e-01
 3.81193e+22	2.36e-08	7.29e-04	9.99e-01
 3.83248e+22	2.37e-08	7.68e-04	9.99e-01
 3.85314e+22	2.37e-08	8.09e-04	9.99e-01
 3.87357e+22	2.38e-08	8.52e-04	9.99e-01
 3.89396e+22	2.39e-08	8.97e-04	9.99e-01
 3.91438e+22	2.40e-08	9.44e-04	9.99e-01
 3.93488e+22	2.42e-08	9.93e-04	9.99e-01
 3.95551e+22	2.44e-08	1.05e-03	9.99e-01
 3.97632e+22	2.47e-08	1.10e-03	9.99e-01
 3.99738e+22	2.51e-08	1.16e-03	9.99e-01
 4.01854e+22	2.57e-08	1.22e-03	9.99e-01
 4.04005e+22	2.64e-08	1.29e-03	9.99e-01
 4.06180e+22	2.73e-08	1.35e-03	9.99e-01
 4.08398e+22	2.84e-08	1.43e-03	9.99e-01
 4.10461e+22	2.95e-08	1.49e-03	9.99e-01
 4.12585e+22	3.11e-08	1.58e-03	9.98e-01
 4.14742e+22	3.27e-08	1.65e-03	9.98e-01
 4.16949e+22	3.50e-08	1.75e-03	9.98e-01
 4.19169e+22	3.70e-08	1.82e-03	9.98e-01
 4.21404e+22	4.00e-08	1.93e-03	9.98e-01
 4.23652e+22	4.27e-08	2.01e-03	9.98e-01
 4.25917e+22	4.66e-08	2.13e-03	9.98e-01
 4.28200e+22	4.99e-08	2.22e-03	9.98e-01
 4.30507e+22	5.49e-08	2.35e-03	9.98e-01
 4.32844e+22	5.91e-08	2.46e-03	9.98e-01
 4.35218e+22	6.54e-08	2.60e-03	9.97e-01
 4.37631e+22	7.09e-08	2.72e-03	9.97e-01
 4.40095e+22	7.89e-08	2.88e-03	9.97e-01
 4.42610e+22	8.59e-08	3.02e-03	9.97e-01
 4.45191e+22	9.62e-08	3.20e-03	9.97e-01
 4.47838e+22	1.05e-07	3.36e-03	9.97e-01
 4.50568e+22	1.19e-07	3.58e-03	9.96e-01
 4.53137e+22	1.28e-07	3.72e-03	9.96e-01
 4.55496e+22	1.42e-07	3.93e-03	9.96e-01
 4.57835e+22	1.53e-07	4.08e-03	9.96e-01
 4.60148e+22	1.70e-07	4.30e-03	9.96e-01
 4.62475e+22	1.83e-07	4.47e-03	9.96e-01
 4.64820e+22	2.03e-07	4.71e-03	9.95e-01
 4.67208e+22	2.20e-07	4.90e-03	9.95e-01
 4.69650e+22	2.44e-07	5.17e-03	9.95e-01
 4.72127e+22	2.64e-07	5.38e-03	9.95e-01
 4.74647e+22	2.95e-07	5.68e-03	9.94e-01
 4.77208e+22	3.20e-07	5.92e-03	9.94e-01
 4.79823e+22	3.58e-07	6.26e-03	9.94e-01
 4.82500e+22	3.90e-07	6.53e-03	9.93e-01
 4.85260e+22	4.38e-07	6.93e-03	9.93e-01
 4.88083e+22	4.79e-07	7.25e-03	9.93e-01
 4.90989e+22	5.40e-07	7.70e-03	9.92e-01
 4.93929e+22	5.92e-07	8.06e-03	9.92e-01
 4.96913e+22	6.69e-07	8.57e-03	9.91e-01
 4.99934e+22	7.34e-07	8.97e-03	9.91e-01
 5.03002e+22	8.31e-07	9.55e-03	9.90e-01
 5.05996e+22	9.06e-07	9.97e-03	9.90e-01
 5.08893e+22	1.02e-06	1.06e-02	9.89e-01
 5.11896e+22	1.12e-06	1.11e-02	9.89e-01
 5.14461e+22	1.21e-06	1.15e-02	9.88e-01
 5.17221e+22	1.35e-06	1.22e-02	9.88e-01
 5.19982e+22	1.47e-06	1.27e-02	9.87e-01
 5.22746e+22	1.63e-06	1.34e-02	9.87e-01
 5.25620e+22	1.80e-06	1.40e-02	9.86e-01
 5.28188e+22	1.96e-06	1.46e-02	9.85e-01
 5.31076e+22	2.18e-06	1.54e-02	9.85e-01
 5.34111e+22	2.40e-06	1.62e-02	9.84e-01
 5.36869e+22	2.63e-06	1.70e-02	9.83e-01
 5.39986e+22	2.96e-06	1.80e-02	9.82e-01
 5.43194e+22	3.27e-06	1.89e-02	9.81e-01
 5.46045e+22	3.60e-06	1.98e-02	9.80e-01
 5.49272e+22	4.05e-06	2.10e-02	9.79e-01
 5.52615e+22	4.50e-06	2.21e-02	9.78e-01
 5.55614e+22	4.97e-06	2.33e-02	9.77e-01
 5.59015e+22	5.63e-06	2.48e-02	9.75e-01
 5.62524e+22	6.28e-06	2.61e-02	9.74e-01
 5.66170e+22	7.18e-06	2.79e-02	9.72e-01
 5.69855e+22	8.01e-06	2.95e-02	9.71e-01
 5.73097e+22	8.92e-06	3.11e-02	9.69e-01
 5.76819e+22	1.02e-05	3.33e-02	9.67e-01
 5.80582e+22	1.15e-05	3.52e-02	9.65e-01
 5.84397e+22	1.32e-05	3.76e-02	9.62e-01
 5.88271e+22	1.48e-05	3.98e-02	9.60e-01
 5.92221e+22	1.71e-05	4.28e-02	9.57e-01
 5.96212e+22	1.92e-05	4.53e-02	9.55e-01
 6.00254e+22	2.23e-05	4.87e-02	9.51e-01
 6.04334e+22	2.50e-05	5.16e-02	9.48e-01
 6.08461e+22	2.91e-05	5.55e-02	9.44e-01
 6.12646e+22	3.28e-05	5.88e-02	9.41e-01
 6.16280e+22	3.68e-05	6.22e-02	9.38e-01
 6.20379e+22	4.28e-05	6.69e-02	9.33e-01
 6.24284e+22	4.73e-05	7.02e-02	9.30e-01
 6.27936e+22	5.41e-05	7.49e-02	9.25e-01
 6.31588e+22	5.98e-05	7.86e-02	9.21e-01
 6.35240e+22	6.78e-05	8.35e-02	9.16e-01
 6.39028e+22	7.60e-05	8.82e-02	9.12e-01
 6.42429e+22	8.43e-05	9.26e-02	9.07e-01
 6.46286e+22	9.64e-05	9.87e-02	9.01e-01
 6.50203e+22	1.08e-04	1.04e-01	8.96e-01
 6.53676e+22	1.20e-04	1.09e-01	8.90e-01
 6.57042e+22	1.32e-04	1.15e-01	8.85e-01
 6.60151e+22	1.45e-04	1.20e-01	8.80e-01
 6.63106e+22	1.59e-04	1.25e-01	8.75e-01
 6.66504e+22	1.77e-04	1.31e-01	8.68e-01
 6.69951e+22	1.95e-04	1.37e-01	8.62e-01
 6.72961e+22	2.14e-04	1.43e-01	8.57e-01
 6.76373e+22	2.39e-04	1.51e-01	8.49e-01
 6.79851e+22	2.62e-04	1.57e-01	8.42e-01
 6.82928e+22	2.87e-04	1.64e-01	8.36e-01
 6.86442e+22	3.21e-04	1.73e-01	8.27e-01
 6.90006e+22	3.53e-04	1.80e-01	8.20e-01
 6.93150e+22	3.86e-04	1.87e-01	8.12e-01
 6.96752e+22	4.32e-04	1.97e-01	8.02e-01
 7.00412e+22	4.75e-04	2.06e-01	7.94e-01
 7.03658e+22	5.19e-04	2.14e-01	7.85e-01
 7.07390e+22	5.82e-04	2.25e-01	7.74e-01
 7.11182e+22	6.41e-04	2.35e-01	7.65e-01
 7.15052e+22	7.17e-04	2.46e-01	7.53e-01
 7.19015e+22	7.94e-04	2.57e-01	7.42e-01
 7.22505e+22	8.71e-04	2.68e-01	7.31e-01
 7.26449e+22	9.77e-04	2.81e-01	7.18e-01
 7.30530e+22	1.08e-03	2.93e-01	7.06e-01
 7.34788e+22	1.22e-03	3.08e-01	6.91e-01
 7.39057e+22	1.34e-03	3.20e-01	6.78e-01
 7.42270e+22	1.44e-03	3.29e-01	6.69e-01
 7.45378e+22	1.57e-03	3.41e-01	6.57e-01
 7.48512e+22	1.69e-03	3.51e-01	6.47e-01
 7.51678e+22	1.84e-03	3.63e-01	6.36e-01
 7.54943e+22	1.98e-03	3.73e-01	6.25e-01
 7.57844e+22	2.12e-03	3.83e-01	6.14e-01
 7.61124e+22	2.31e-03	3.96e-01	6.02e-01
 7.64495e+22	2.49e-03	4.07e-01	5.90e-01
 7.67514e+22	2.68e-03	4.18e-01	5.79e-01
 7.70970e+22	2.94e-03	4.33e-01	5.64e-01
 7.74459e+22	3.16e-03	4.44e-01	5.53e-01
 7.77989e+22	3.46e-03	4.59e-01	5.38e-01
 7.81597e+22	3.73e-03	4.71e-01	5.26e-01
 7.85306e+22	4.10e-03	4.86e-01	5.10e-01
 7.89108e+22	4.43e-03	4.99e-01	4.97e-01
 7.93031e+22	4.88e-03	5.15e-01	4.80e-01
 7.97018e+22	5.27e-03	5.28e-01	4.67e-01
 8.01086e+22	5.82e-03	5.45e-01	4.49e-01
 8.05210e+22	6.30e-03	5.58e-01	4.35e-01
 8.09405e+22	6.96e-03	5.76e-01	4.17e-01
 8.13666e+22	7.53e-03	5.89e-01	4.03e-01
 8.18014e+22	8.30e-03	6.06e-01	3.86e-01
 8.22483e+22	9.04e-03	6.21e-01	3.70e-01
 8.27113e+22	1.01e-02	6.39e-01	3.51e-01
 8.31746e+22	1.09e-02	6.53e-01	3.37e-01
 8.36384e+22	1.21e-02	6.70e-01	3.18e-01
 8.41173e+22	1.32e-02	6.84e-01	3.03e-01
 8.46160e+22	1.48e-02	7.03e-01	2.83e-01
 8.51260e+22	1.61e-02	7.16e-01	2.68e-01
 8.56508e+22	1.81e-02	7.34e-01	2.48e-01
 8.61934e+22	1.98e-02	7.48e-01	2.32e-01
 8.67594e+22	2.24e-02	7.66e-01	2.12e-01
 8.73489e+22	2.49e-02	7.80e-01	1.95e-01
 8.79633e+22	2.84e-02	7.97e-01	1.75e-01
 8.85910e+22	3.17e-02	8.09e-01	1.59e-01
 8.90829e+22	3.44e-02	8.18e-01	1.47e-01
 8.95631e+22	3.83e-02	8.28e-01	1.33e-01
 9.00558e+22	4.20e-02	8.36e-01	1.22e-01
 9.05646e+22	4.71e-02	8.44e-01	1.09e-01
 9.10917e+22	5.22e-02	8.50e-01	9.79e-02
 9.15194e+22	5.67e-02	8.54e-01	8.97e-02
 9.18956e+22	6.16e-02	8.56e-01	8.23e-02
 9.23269e+22	6.87e-02	8.58e-01	7.36e-02
