#depth	He	He+	He+2
 4.62852e+21	8.76e-10	2.30e-05	1.00e+00
 1.02438e+22	4.57e-09	5.88e-05	1.00e+00
 1.15853e+22	8.46e-09	8.64e-05	1.00e+00
 1.21173e+22	1.09e-08	1.03e-04	1.00e+00
 1.23390e+22	1.16e-08	1.07e-04	1.00e+00
 1.24409e+22	1.25e-08	1.12e-04	1.00e+00
 1.25511e+22	1.33e-08	1.17e-04	1.00e+00
 1.26690e+22	1.44e-08	1.24e-04	1.00e+00
 1.27855e+22	1.52e-08	1.29e-04	1.00e+00
 1.29033e+22	1.63e-08	1.35e-04	1.00e+00
 1.30254e+22	1.73e-08	1.41e-04	1.00e+00
 1.31533e+22	1.86e-08	1.49e-04	1.00e+00
 1.32772e+22	1.95e-08	1.54e-04	1.00e+00
 1.33959e+22	2.08e-08	1.62e-04	1.00e+00
 1.35177e+22	2.18e-08	1.67e-04	1.00e+00
 1.36436e+22	2.33e-08	1.76e-04	1.00e+00
 1.37704e+22	2.44e-08	1.82e-04	1.00e+00
 1.38985e+22	2.59e-08	1.91e-04	1.00e+00
 1.40253e+22	2.70e-08	1.97e-04	1.00e+00
 1.41505e+22	2.86e-08	2.06e-04	1.00e+00
 1.42772e+22	2.98e-08	2.13e-04	1.00e+00
 1.44058e+22	3.14e-08	2.22e-04	1.00e+00
 1.45387e+22	3.28e-08	2.30e-04	1.00e+00
 1.46773e+22	3.47e-08	2.40e-04	1.00e+00
 1.48161e+22	3.61e-08	2.48e-04	1.00e+00
 1.49551e+22	3.81e-08	2.59e-04	1.00e+00
 1.50968e+22	3.97e-08	2.68e-04	1.00e+00
 1.52211e+22	4.13e-08	2.76e-04	1.00e+00
 1.53619e+22	4.34e-08	2.88e-04	1.00e+00
 1.55023e+22	4.50e-08	2.97e-04	1.00e+00
 1.56423e+22	4.72e-08	3.09e-04	1.00e+00
 1.57843e+22	4.90e-08	3.18e-04	1.00e+00
 1.59291e+22	5.13e-08	3.31e-04	1.00e+00
 1.60789e+22	5.33e-08	3.41e-04	1.00e+00
 1.62352e+22	5.60e-08	3.56e-04	1.00e+00
 1.63942e+22	5.82e-08	3.67e-04	1.00e+00
 1.65566e+22	6.12e-08	3.82e-04	1.00e+00
 1.67248e+22	6.38e-08	3.95e-04	1.00e+00
 1.69005e+22	6.72e-08	4.13e-04	1.00e+00
 1.70792e+22	7.00e-08	4.27e-04	1.00e+00
 1.72618e+22	7.38e-08	4.46e-04	1.00e+00
 1.74488e+22	7.71e-08	4.62e-04	1.00e+00
 1.76415e+22	8.15e-08	4.84e-04	1.00e+00
 1.78387e+22	8.52e-08	5.01e-04	9.99e-01
 1.80420e+22	9.01e-08	5.27e-04	9.99e-01
 1.82464e+22	9.42e-08	5.46e-04	9.99e-01
 1.84524e+22	9.96e-08	5.76e-04	9.99e-01
 1.86611e+22	1.04e-07	5.99e-04	9.99e-01
 1.88369e+22	1.08e-07	6.20e-04	9.99e-01
 1.90288e+22	1.14e-07	6.53e-04	9.99e-01
 1.92188e+22	1.18e-07	6.76e-04	9.99e-01
 1.94064e+22	1.23e-07	7.11e-04	9.99e-01
 1.95962e+22	1.28e-07	7.39e-04	9.99e-01
 1.97889e+22	1.33e-07	7.79e-04	9.99e-01
 1.99829e+22	1.38e-07	8.11e-04	9.99e-01
 2.01783e+22	1.43e-07	8.57e-04	9.99e-01
 2.03765e+22	1.47e-07	8.95e-04	9.99e-01
 2.05782e+22	1.52e-07	9.49e-04	9.99e-01
 2.07826e+22	1.56e-07	9.94e-04	9.99e-01
 2.09539e+22	1.58e-07	1.04e-03	9.99e-01
 2.11398e+22	1.61e-07	1.10e-03	9.99e-01
 2.13265e+22	1.64e-07	1.15e-03	9.99e-01
 2.15061e+22	1.65e-07	1.21e-03	9.99e-01
 2.16901e+22	1.66e-07	1.27e-03	9.99e-01
 2.18674e+22	1.67e-07	1.33e-03	9.99e-01
 2.20475e+22	1.67e-07	1.40e-03	9.99e-01
 2.22233e+22	1.67e-07	1.47e-03	9.99e-01
 2.23962e+22	1.67e-07	1.54e-03	9.98e-01
 2.25672e+22	1.67e-07	1.61e-03	9.98e-01
 2.27367e+22	1.66e-07	1.69e-03	9.98e-01
 2.29060e+22	1.66e-07	1.77e-03	9.98e-01
 2.30757e+22	1.67e-07	1.86e-03	9.98e-01
 2.32462e+22	1.67e-07	1.94e-03	9.98e-01
 2.34183e+22	1.69e-07	2.04e-03	9.98e-01
 2.35928e+22	1.71e-07	2.13e-03	9.98e-01
 2.37702e+22	1.74e-07	2.24e-03	9.98e-01
 2.39489e+22	1.78e-07	2.34e-03	9.98e-01
 2.41314e+22	1.83e-07	2.46e-03	9.98e-01
 2.43152e+22	1.89e-07	2.57e-03	9.97e-01
 2.45039e+22	1.98e-07	2.70e-03	9.97e-01
 2.46808e+22	2.06e-07	2.81e-03	9.97e-01
 2.48613e+22	2.18e-07	2.95e-03	9.97e-01
 2.50440e+22	2.29e-07	3.06e-03	9.97e-01
 2.52296e+22	2.45e-07	3.22e-03	9.97e-01
 2.54188e+22	2.60e-07	3.35e-03	9.97e-01
 2.56128e+22	2.81e-07	3.52e-03	9.96e-01
 2.58112e+22	3.00e-07	3.67e-03	9.96e-01
 2.60152e+22	3.27e-07	3.86e-03	9.96e-01
 2.62206e+22	3.51e-07	4.02e-03	9.96e-01
 2.64279e+22	3.85e-07	4.23e-03	9.96e-01
 2.66379e+22	4.15e-07	4.41e-03	9.96e-01
 2.68513e+22	4.57e-07	4.65e-03	9.95e-01
 2.70671e+22	4.93e-07	4.83e-03	9.95e-01
 2.72857e+22	5.46e-07	5.10e-03	9.95e-01
 2.75087e+22	5.91e-07	5.31e-03	9.95e-01
 2.77376e+22	6.57e-07	5.60e-03	9.94e-01
 2.79713e+22	7.14e-07	5.85e-03	9.94e-01
 2.81680e+22	7.69e-07	6.07e-03	9.94e-01
 2.83806e+22	8.48e-07	6.38e-03	9.94e-01
 2.85940e+22	9.12e-07	6.61e-03	9.93e-01
 2.88085e+22	1.01e-06	6.94e-03	9.93e-01
 2.90215e+22	1.08e-06	7.19e-03	9.93e-01
 2.92326e+22	1.19e-06	7.54e-03	9.92e-01
 2.94462e+22	1.28e-06	7.82e-03	9.92e-01
 2.96629e+22	1.40e-06	8.20e-03	9.92e-01
 2.98836e+22	1.51e-06	8.51e-03	9.91e-01
 3.01095e+22	1.67e-06	8.94e-03	9.91e-01
 3.03371e+22	1.80e-06	9.27e-03	9.91e-01
 3.05669e+22	1.99e-06	9.76e-03	9.90e-01
 3.07990e+22	2.15e-06	1.01e-02	9.90e-01
 3.10342e+22	2.38e-06	1.06e-02	9.89e-01
 3.12747e+22	2.57e-06	1.11e-02	9.89e-01
 3.15221e+22	2.86e-06	1.17e-02	9.88e-01
 3.17747e+22	3.10e-06	1.21e-02	9.88e-01
 3.20338e+22	3.46e-06	1.28e-02	9.87e-01
 3.22950e+22	3.75e-06	1.33e-02	9.87e-01
 3.25589e+22	4.19e-06	1.41e-02	9.86e-01
 3.28098e+22	4.52e-06	1.46e-02	9.85e-01
 3.30438e+22	4.95e-06	1.53e-02	9.85e-01
 3.32939e+22	5.39e-06	1.60e-02	9.84e-01
 3.35269e+22	5.84e-06	1.66e-02	9.83e-01
 3.37459e+22	6.30e-06	1.72e-02	9.83e-01
 3.39534e+22	6.78e-06	1.79e-02	9.82e-01
 3.41917e+22	7.44e-06	1.87e-02	9.81e-01
 3.44343e+22	8.03e-06	1.94e-02	9.81e-01
 3.46822e+22	8.83e-06	2.04e-02	9.80e-01
 3.49363e+22	9.59e-06	2.12e-02	9.79e-01
 3.51604e+22	1.04e-05	2.20e-02	9.78e-01
 3.54137e+22	1.14e-05	2.31e-02	9.77e-01
 3.56786e+22	1.24e-05	2.41e-02	9.76e-01
 3.59192e+22	1.35e-05	2.51e-02	9.75e-01
 3.61928e+22	1.49e-05	2.64e-02	9.74e-01
 3.64734e+22	1.63e-05	2.76e-02	9.72e-01
 3.67221e+22	1.78e-05	2.88e-02	9.71e-01
 3.70045e+22	1.97e-05	3.03e-02	9.70e-01
 3.72958e+22	2.16e-05	3.17e-02	9.68e-01
 3.75566e+22	2.36e-05	3.31e-02	9.67e-01
 3.78534e+22	2.63e-05	3.49e-02	9.65e-01
 3.81536e+22	2.89e-05	3.65e-02	9.63e-01
 3.84166e+22	3.16e-05	3.81e-02	9.62e-01
 3.87167e+22	3.52e-05	4.02e-02	9.60e-01
 3.90238e+22	3.87e-05	4.21e-02	9.58e-01
 3.92972e+22	4.23e-05	4.40e-02	9.56e-01
 3.96096e+22	4.74e-05	4.65e-02	9.53e-01
 3.99290e+22	5.22e-05	4.88e-02	9.51e-01
 4.02116e+22	5.73e-05	5.10e-02	9.49e-01
 4.04880e+22	6.26e-05	5.33e-02	9.47e-01
 4.08021e+22	7.00e-05	5.63e-02	9.44e-01
 4.11197e+22	7.69e-05	5.89e-02	9.41e-01
 4.13956e+22	8.40e-05	6.15e-02	9.38e-01
 4.17081e+22	9.38e-05	6.49e-02	9.35e-01
 4.20280e+22	1.03e-04	6.79e-02	9.32e-01
 4.23021e+22	1.12e-04	7.08e-02	9.29e-01
 4.26033e+22	1.24e-04	7.44e-02	9.25e-01
 4.29117e+22	1.36e-04	7.77e-02	9.22e-01
 4.31585e+22	1.46e-04	8.03e-02	9.20e-01
 4.34083e+22	1.59e-04	8.38e-02	9.16e-01
 4.36625e+22	1.70e-04	8.67e-02	9.13e-01
 4.39224e+22	1.86e-04	9.05e-02	9.09e-01
 4.41850e+22	2.00e-04	9.37e-02	9.06e-01
 4.44161e+22	2.15e-04	9.69e-02	9.03e-01
 4.46813e+22	2.35e-04	1.01e-01	8.99e-01
 4.49487e+22	2.52e-04	1.05e-01	8.95e-01
 4.52190e+22	2.75e-04	1.09e-01	8.91e-01
 4.54966e+22	2.97e-04	1.13e-01	8.86e-01
 4.57414e+22	3.19e-04	1.17e-01	8.82e-01
 4.60171e+22	3.49e-04	1.23e-01	8.77e-01
 4.62996e+22	3.75e-04	1.27e-01	8.73e-01
 4.65906e+22	4.13e-04	1.33e-01	8.67e-01
 4.68841e+22	4.46e-04	1.38e-01	8.62e-01
 4.71807e+22	4.90e-04	1.44e-01	8.55e-01
 4.74845e+22	5.31e-04	1.50e-01	8.50e-01
 4.77974e+22	5.87e-04	1.57e-01	8.43e-01
 4.81138e+22	6.37e-04	1.63e-01	8.36e-01
 4.84346e+22	7.06e-04	1.71e-01	8.28e-01
 4.87231e+22	7.51e-04	1.76e-01	8.23e-01
 4.89696e+22	8.10e-04	1.82e-01	8.17e-01
 4.92240e+22	8.64e-04	1.88e-01	8.12e-01
 4.94887e+22	9.34e-04	1.94e-01	8.05e-01
 4.97585e+22	9.99e-04	2.01e-01	7.98e-01
 5.00350e+22	1.09e-03	2.08e-01	7.90e-01
 5.03105e+22	1.16e-03	2.15e-01	7.84e-01
 5.05847e+22	1.26e-03	2.23e-01	7.76e-01
 5.08663e+22	1.35e-03	2.30e-01	7.69e-01
 5.11574e+22	1.48e-03	2.39e-01	7.59e-01
 5.14506e+22	1.58e-03	2.47e-01	7.52e-01
 5.17465e+22	1.72e-03	2.56e-01	7.42e-01
 5.20511e+22	1.85e-03	2.65e-01	7.33e-01
 5.22900e+22	1.95e-03	2.71e-01	7.27e-01
 5.24690e+22	2.03e-03	2.76e-01	7.22e-01
 5.26473e+22	2.14e-03	2.82e-01	7.16e-01
 5.28792e+22	2.27e-03	2.90e-01	7.07e-01
 5.31806e+22	2.50e-03	3.02e-01	6.95e-01
 5.34202e+22	2.58e-03	3.07e-01	6.90e-01
 5.35797e+22	2.69e-03	3.13e-01	6.85e-01
 5.37869e+22	2.86e-03	3.21e-01	6.76e-01
 5.40563e+22	3.08e-03	3.32e-01	6.65e-01
 5.43282e+22	3.27e-03	3.41e-01	6.56e-01
 5.45531e+22	3.45e-03	3.49e-01	6.48e-01
 5.47954e+22	3.69e-03	3.59e-01	6.37e-01
 5.51105e+22	4.05e-03	3.73e-01	6.23e-01
 5.54168e+22	4.29e-03	3.83e-01	6.13e-01
 5.57119e+22	4.67e-03	3.97e-01	5.99e-01
 5.60954e+22	5.20e-03	4.15e-01	5.80e-01
 5.64763e+22	5.64e-03	4.30e-01	5.65e-01
 5.68537e+22	6.29e-03	4.49e-01	5.45e-01
 5.72341e+22	6.84e-03	4.65e-01	5.28e-01
 5.76185e+22	7.63e-03	4.85e-01	5.08e-01
 5.80066e+22	8.37e-03	5.03e-01	4.89e-01
 5.83996e+22	9.40e-03	5.25e-01	4.66e-01
 5.87463e+22	1.01e-02	5.40e-01	4.50e-01
 5.90329e+22	1.10e-02	5.56e-01	4.33e-01
 5.93260e+22	1.18e-02	5.71e-01	4.17e-01
 5.95840e+22	1.27e-02	5.85e-01	4.02e-01
 5.98756e+22	1.40e-02	6.03e-01	3.83e-01
 6.01688e+22	1.51e-02	6.18e-01	3.67e-01
 6.04212e+22	1.63e-02	6.32e-01	3.52e-01
 6.07063e+22	1.80e-02	6.49e-01	3.33e-01
 6.10017e+22	1.97e-02	6.65e-01	3.15e-01
 6.12649e+22	2.14e-02	6.79e-01	2.99e-01
 6.15617e+22	2.39e-02	6.96e-01	2.80e-01
 6.18783e+22	2.66e-02	7.12e-01	2.61e-01
 6.21564e+22	2.94e-02	7.26e-01	2.45e-01
 6.24094e+22	3.23e-02	7.37e-01	2.31e-01
 6.26523e+22	3.57e-02	7.48e-01	2.17e-01
 6.28100e+22	3.72e-02	7.52e-01	2.11e-01
 6.28717e+22	3.82e-02	7.54e-01	2.07e-01
 6.29177e+22	3.88e-02	7.56e-01	2.06e-01
 6.29706e+22	3.97e-02	7.58e-01	2.03e-01
 6.30364e+22	4.09e-02	7.60e-01	1.99e-01
 6.31060e+22	4.22e-02	7.62e-01	1.96e-01
 6.31711e+22	4.34e-02	7.64e-01	1.92e-01
 6.32338e+22	4.47e-02	7.66e-01	1.89e-01
 6.32944e+22	4.58e-02	7.68e-01	1.86e-01
 6.33545e+22	4.72e-02	7.70e-01	1.83e-01
 6.34148e+22	4.85e-02	7.71e-01	1.80e-01
 6.34730e+22	4.99e-02	7.73e-01	1.77e-01
 6.35304e+22	5.12e-02	7.74e-01	1.75e-01
 6.35892e+22	5.28e-02	7.75e-01	1.72e-01
 6.36465e+22	5.42e-02	7.76e-01	1.69e-01
 6.37022e+22	5.58e-02	7.77e-01	1.67e-01
 6.37587e+22	5.75e-02	7.78e-01	1.64e-01
 6.38132e+22	5.91e-02	7.79e-01	1.62e-01
 6.38665e+22	6.07e-02	7.79e-01	1.60e-01
 6.39229e+22	6.26e-02	7.80e-01	1.57e-01
 6.39795e+22	6.46e-02	7.80e-01	1.55e-01
 6.40313e+22	6.65e-02	7.81e-01	1.53e-01
 6.40819e+22	6.82e-02	7.81e-01	1.51e-01
 6.41373e+22	7.05e-02	7.81e-01	1.49e-01
 6.41936e+22	7.29e-02	7.81e-01	1.46e-01
 6.42442e+22	7.50e-02	7.80e-01	1.45e-01
 6.42937e+22	7.69e-02	7.80e-01	1.43e-01
 6.43491e+22	7.97e-02	7.79e-01	1.41e-01
 6.44065e+22	8.25e-02	7.78e-01	1.39e-01
 6.44582e+22	8.52e-02	7.78e-01	1.37e-01
 6.45067e+22	8.75e-02	7.77e-01	1.36e-01
 6.45600e+22	9.05e-02	7.75e-01	1.34e-01
 6.46171e+22	9.40e-02	7.74e-01	1.32e-01
 6.46700e+22	9.73e-02	7.72e-01	1.30e-01
 6.47190e+22	1.00e-01	7.71e-01	1.29e-01
 6.47733e+22	1.04e-01	7.69e-01	1.28e-01
 6.48324e+22	1.08e-01	7.66e-01	1.26e-01
 6.48882e+22	1.12e-01	7.64e-01	1.24e-01
 6.49412e+22	1.16e-01	7.61e-01	1.23e-01
 6.49967e+22	1.20e-01	7.59e-01	1.21e-01
 6.50557e+22	1.25e-01	7.55e-01	1.20e-01
 6.51137e+22	1.30e-01	7.52e-01	1.18e-01
 6.51710e+22	1.35e-01	7.48e-01	1.17e-01
 6.52283e+22	1.40e-01	7.44e-01	1.16e-01
 6.52887e+22	1.46e-01	7.40e-01	1.14e-01
 6.53518e+22	1.53e-01	7.35e-01	1.12e-01
 6.54134e+22	1.59e-01	7.30e-01	1.11e-01
 6.54759e+22	1.66e-01	7.25e-01	1.09e-01
 6.55430e+22	1.74e-01	7.19e-01	1.08e-01
 6.56125e+22	1.82e-01	7.12e-01	1.06e-01
 6.56803e+22	1.90e-01	7.06e-01	1.04e-01
 6.57444e+22	1.98e-01	6.99e-01	1.03e-01
 6.58038e+22	2.06e-01	6.93e-01	1.01e-01
 6.58647e+22	2.15e-01	6.86e-01	9.95e-02
 6.59301e+22	2.24e-01	6.78e-01	9.77e-02
 6.59962e+22	2.34e-01	6.70e-01	9.60e-02
 6.60622e+22	2.43e-01	6.63e-01	9.42e-02
 6.61309e+22	2.54e-01	6.54e-01	9.22e-02
 6.62014e+22	2.65e-01	6.45e-01	9.04e-02
 6.62735e+22	2.77e-01	6.35e-01	8.83e-02
 6.63473e+22	2.88e-01	6.25e-01	8.65e-02
 6.64241e+22	3.01e-01	6.14e-01	8.42e-02
 6.65043e+22	3.15e-01	6.03e-01	8.19e-02
 6.65839e+22	3.29e-01	5.92e-01	7.96e-02
 6.66657e+22	3.43e-01	5.80e-01	7.73e-02
 6.67539e+22	3.59e-01	5.67e-01	7.46e-02
 6.68453e+22	3.74e-01	5.54e-01	7.22e-02
 6.69388e+22	3.91e-01	5.40e-01	6.94e-02
 6.70367e+22	4.08e-01	5.26e-01	6.68e-02
 6.71410e+22	4.26e-01	5.11e-01	6.38e-02
 6.72521e+22	4.44e-01	4.95e-01	6.07e-02
 6.73661e+22	4.63e-01	4.79e-01	5.78e-02
 6.74867e+22	4.82e-01	4.63e-01	5.46e-02
 6.76185e+22	5.02e-01	4.47e-01	5.13e-02
 6.77579e+22	5.22e-01	4.30e-01	4.81e-02
 6.79022e+22	5.41e-01	4.14e-01	4.49e-02
 6.80537e+22	5.60e-01	3.98e-01	4.18e-02
 6.82157e+22	5.78e-01	3.83e-01	3.87e-02
 6.83863e+22	5.96e-01	3.68e-01	3.57e-02
 6.85644e+22	6.14e-01	3.53e-01	3.28e-02
 6.87488e+22	6.31e-01	3.39e-01	3.01e-02
 6.89351e+22	6.46e-01	3.26e-01	2.75e-02
 6.91189e+22	6.61e-01	3.14e-01	2.53e-02
 6.93006e+22	6.74e-01	3.03e-01	2.32e-02
 6.94821e+22	6.87e-01	2.92e-01	2.14e-02
 6.96610e+22	6.99e-01	2.81e-01	1.97e-02
 6.98366e+22	7.10e-01	2.72e-01	1.82e-02
 7.00120e+22	7.21e-01	2.62e-01	1.67e-02
 7.01841e+22	7.31e-01	2.53e-01	1.55e-02
 7.03489e+22	7.41e-01	2.45e-01	1.43e-02
 7.05097e+22	7.50e-01	2.37e-01	1.33e-02
 7.06675e+22	7.58e-01	2.29e-01	1.23e-02
 7.08222e+22	7.67e-01	2.22e-01	1.14e-02
 7.09728e+22	7.74e-01	2.15e-01	1.06e-02
 7.11187e+22	7.82e-01	2.08e-01	9.92e-03
 7.12612e+22	7.89e-01	2.02e-01	9.25e-03
 7.14024e+22	7.96e-01	1.96e-01	8.63e-03
 7.15426e+22	8.02e-01	1.90e-01	8.05e-03
 7.16803e+22	8.09e-01	1.84e-01	7.50e-03
 7.18127e+22	8.15e-01	1.78e-01	7.02e-03
 7.19401e+22	8.21e-01	1.73e-01	6.58e-03
 7.20637e+22	8.26e-01	1.68e-01	6.17e-03
 7.21808e+22	8.31e-01	1.63e-01	5.81e-03
 7.22904e+22	8.35e-01	1.59e-01	5.48e-03
 7.23944e+22	8.40e-01	1.55e-01	5.18e-03
 7.24914e+22	8.44e-01	1.51e-01	4.93e-03
 7.25650e+22	8.46e-01	1.49e-01	4.74e-03
 7.26091e+22	8.48e-01	1.47e-01	4.63e-03
 7.26414e+22	8.50e-01	1.46e-01	4.53e-03
 7.26753e+22	8.51e-01	1.44e-01	4.43e-03
 7.27124e+22	8.53e-01	1.43e-01	4.34e-03
 7.27498e+22	8.54e-01	1.41e-01	4.25e-03
 7.27845e+22	8.56e-01	1.40e-01	4.17e-03
 7.28182e+22	8.57e-01	1.39e-01	4.09e-03
 7.28539e+22	8.58e-01	1.38e-01	4.01e-03
 7.28900e+22	8.60e-01	1.36e-01	3.93e-03
 7.29254e+22	8.61e-01	1.35e-01	3.85e-03
 7.29608e+22	8.62e-01	1.34e-01	3.77e-03
 7.29982e+22	8.64e-01	1.33e-01	3.69e-03
 7.30375e+22	8.65e-01	1.31e-01	3.61e-03
 7.30761e+22	8.67e-01	1.30e-01	3.54e-03
 7.31142e+22	8.68e-01	1.29e-01	3.46e-03
 7.31536e+22	8.70e-01	1.27e-01	3.38e-03
 7.31925e+22	8.71e-01	1.26e-01	3.31e-03
 7.32316e+22	8.72e-01	1.24e-01	3.22e-03
 7.32712e+22	8.74e-01	1.23e-01	3.16e-03
 7.33116e+22	8.75e-01	1.22e-01	3.08e-03
 7.33529e+22	8.77e-01	1.20e-01	3.01e-03
 7.33947e+22	8.78e-01	1.19e-01	2.93e-03
 7.34368e+22	8.79e-01	1.18e-01	2.87e-03
 7.34769e+22	8.81e-01	1.16e-01	2.79e-03
 7.35165e+22	8.83e-01	1.15e-01	2.71e-03
 7.35554e+22	8.84e-01	1.14e-01	2.66e-03
 7.35963e+22	8.85e-01	1.12e-01	2.59e-03
 7.36391e+22	8.87e-01	1.11e-01	2.53e-03
 7.36780e+22	8.88e-01	1.10e-01	2.46e-03
 7.37134e+22	8.89e-01	1.09e-01	2.42e-03
 7.37522e+22	8.90e-01	1.07e-01	2.35e-03
 7.37940e+22	8.92e-01	1.06e-01	2.30e-03
 7.38322e+22	8.93e-01	1.05e-01	2.25e-03
 7.38739e+22	8.94e-01	1.03e-01	2.18e-03
 7.39190e+22	8.96e-01	1.02e-01	2.12e-03
 7.39600e+22	8.97e-01	1.01e-01	2.06e-03
 7.39974e+22	8.98e-01	9.99e-02	2.03e-03
 7.40383e+22	9.00e-01	9.84e-02	1.96e-03
 7.40824e+22	9.01e-01	9.73e-02	1.92e-03
 7.41226e+22	9.02e-01	9.60e-02	1.86e-03
 7.41592e+22	9.03e-01	9.52e-02	1.83e-03
 7.41993e+22	9.04e-01	9.37e-02	1.77e-03
 7.42426e+22	9.05e-01	9.28e-02	1.73e-03
 7.42819e+22	9.07e-01	9.15e-02	1.68e-03
 7.43178e+22	9.08e-01	9.07e-02	1.65e-03
 7.43570e+22	9.09e-01	8.94e-02	1.61e-03
 7.44081e+22	9.10e-01	8.82e-02	1.56e-03
 7.44632e+22	9.11e-01	8.70e-02	1.52e-03
 7.45133e+22	9.13e-01	8.58e-02	1.47e-03
 7.45589e+22	9.14e-01	8.45e-02	1.43e-03
 7.46005e+22	9.15e-01	8.37e-02	1.40e-03
 7.46460e+22	9.16e-01	8.24e-02	1.35e-03
 7.46951e+22	9.17e-01	8.14e-02	1.32e-03
 7.47398e+22	9.18e-01	8.05e-02	1.29e-03
 7.47888e+22	9.20e-01	7.91e-02	1.24e-03
 7.48417e+22	9.21e-01	7.80e-02	1.21e-03
 7.48898e+22	9.22e-01	7.69e-02	1.17e-03
 7.49336e+22	9.23e-01	7.61e-02	1.15e-03
 7.49816e+22	9.24e-01	7.48e-02	1.11e-03
 7.50334e+22	9.25e-01	7.38e-02	1.08e-03
 7.50805e+22	9.26e-01	7.27e-02	1.05e-03
 7.51234e+22	9.27e-01	7.20e-02	1.03e-03
 7.51704e+22	9.28e-01	7.07e-02	9.90e-04
 7.52212e+22	9.29e-01	6.98e-02	9.65e-04
 7.52674e+22	9.30e-01	6.87e-02	9.35e-04
 7.53094e+22	9.31e-01	6.81e-02	9.16e-04
 7.53554e+22	9.32e-01	6.69e-02	8.85e-04
 7.54052e+22	9.33e-01	6.61e-02	8.63e-04
 7.54504e+22	9.34e-01	6.51e-02	8.37e-04
 7.54916e+22	9.35e-01	6.45e-02	8.20e-04
 7.55367e+22	9.36e-01	6.34e-02	7.93e-04
 7.55854e+22	9.37e-01	6.26e-02	7.73e-04
 7.56297e+22	9.38e-01	6.17e-02	7.51e-04
 7.56700e+22	9.38e-01	6.11e-02	7.37e-04
 7.57142e+22	9.39e-01	6.01e-02	7.13e-04
 7.57620e+22	9.40e-01	5.94e-02	6.95e-04
 7.58054e+22	9.41e-01	5.86e-02	6.76e-04
 7.58449e+22	9.41e-01	5.80e-02	6.63e-04
 7.58882e+22	9.42e-01	5.71e-02	6.42e-04
 7.59349e+22	9.43e-01	5.65e-02	6.28e-04
 7.59862e+22	9.44e-01	5.55e-02	6.07e-04
 7.60415e+22	9.45e-01	5.48e-02	5.90e-04
 7.60918e+22	9.45e-01	5.40e-02	5.73e-04
 7.61376e+22	9.46e-01	5.34e-02	5.61e-04
 7.61877e+22	9.47e-01	5.25e-02	5.42e-04
 7.62419e+22	9.48e-01	5.18e-02	5.28e-04
 7.62912e+22	9.48e-01	5.11e-02	5.15e-04
 7.63452e+22	9.49e-01	5.02e-02	4.96e-04
 7.64035e+22	9.50e-01	4.95e-02	4.81e-04
 7.64566e+22	9.51e-01	4.88e-02	4.69e-04
 7.65148e+22	9.52e-01	4.78e-02	4.51e-04
 7.65775e+22	9.52e-01	4.71e-02	4.36e-04
 7.66347e+22	9.53e-01	4.64e-02	4.24e-04
 7.66973e+22	9.54e-01	4.55e-02	4.07e-04
 7.67649e+22	9.55e-01	4.47e-02	3.93e-04
 7.68264e+22	9.56e-01	4.40e-02	3.81e-04
 7.68823e+22	9.56e-01	4.34e-02	3.70e-04
 7.69437e+22	9.57e-01	4.25e-02	3.56e-04
 7.70099e+22	9.58e-01	4.18e-02	3.44e-04
 7.70701e+22	9.58e-01	4.12e-02	3.34e-04
 7.71361e+22	9.59e-01	4.03e-02	3.20e-04
 7.72074e+22	9.60e-01	3.96e-02	3.09e-04
 7.72723e+22	9.61e-01	3.89e-02	2.99e-04
 7.73313e+22	9.61e-01	3.84e-02	2.91e-04
 7.73960e+22	9.62e-01	3.76e-02	2.79e-04
 7.74658e+22	9.63e-01	3.69e-02	2.70e-04
 7.75293e+22	9.63e-01	3.64e-02	2.62e-04
 7.75990e+22	9.64e-01	3.56e-02	2.50e-04
 7.76741e+22	9.65e-01	3.49e-02	2.41e-04
 7.77425e+22	9.65e-01	3.44e-02	2.34e-04
 7.78175e+22	9.66e-01	3.36e-02	2.23e-04
 7.78984e+22	9.67e-01	3.29e-02	2.15e-04
 7.79721e+22	9.67e-01	3.24e-02	2.08e-04
 7.80528e+22	9.68e-01	3.16e-02	1.98e-04
 7.81399e+22	9.69e-01	3.09e-02	1.90e-04
 7.82191e+22	9.69e-01	3.03e-02	1.83e-04
 7.82913e+22	9.70e-01	2.98e-02	1.77e-04
 7.83703e+22	9.71e-01	2.92e-02	1.69e-04
 7.84557e+22	9.71e-01	2.86e-02	1.62e-04
 7.85333e+22	9.72e-01	2.81e-02	1.57e-04
 7.86184e+22	9.72e-01	2.74e-02	1.50e-04
 7.87103e+22	9.73e-01	2.68e-02	1.44e-04
 7.87939e+22	9.74e-01	2.63e-02	1.38e-04
 7.88700e+22	9.74e-01	2.58e-02	1.33e-04
 7.89534e+22	9.75e-01	2.53e-02	1.28e-04
 7.90434e+22	9.75e-01	2.48e-02	1.23e-04
 7.91253e+22	9.76e-01	2.43e-02	1.18e-04
 7.92150e+22	9.76e-01	2.37e-02	1.13e-04
 7.93119e+22	9.77e-01	2.32e-02	1.08e-04
 7.94001e+22	9.77e-01	2.27e-02	1.04e-04
 7.94803e+22	9.78e-01	2.23e-02	1.00e-04
 7.95682e+22	9.78e-01	2.18e-02	9.56e-05
 7.96631e+22	9.79e-01	2.13e-02	9.17e-05
 7.97495e+22	9.79e-01	2.09e-02	8.82e-05
 7.98442e+22	9.79e-01	2.04e-02	8.41e-05
 7.99463e+22	9.80e-01	2.00e-02	8.05e-05
 8.00393e+22	9.80e-01	1.96e-02	7.72e-05
 8.01239e+22	9.81e-01	1.92e-02	7.46e-05
 8.02167e+22	9.81e-01	1.88e-02	7.12e-05
 8.03168e+22	9.82e-01	1.83e-02	6.81e-05
 8.04078e+22	9.82e-01	1.80e-02	6.54e-05
 8.05077e+22	9.82e-01	1.75e-02	6.24e-05
 8.06154e+22	9.83e-01	1.71e-02	5.96e-05
 8.07135e+22	9.83e-01	1.68e-02	5.72e-05
 8.08209e+22	9.84e-01	1.64e-02	5.44e-05
 8.09370e+22	9.84e-01	1.59e-02	5.18e-05
 8.10425e+22	9.84e-01	1.56e-02	4.95e-05
 8.11582e+22	9.85e-01	1.52e-02	4.70e-05
 8.12831e+22	9.85e-01	1.48e-02	4.46e-05
 8.13967e+22	9.86e-01	1.44e-02	4.25e-05
 8.15002e+22	9.86e-01	1.41e-02	4.08e-05
 8.16135e+22	9.86e-01	1.37e-02	3.87e-05
 8.17358e+22	9.87e-01	1.34e-02	3.68e-05
 8.18699e+22	9.87e-01	1.30e-02	3.46e-05
 8.20218e+22	9.87e-01	1.26e-02	3.24e-05
 8.21805e+22	9.88e-01	1.21e-02	3.03e-05
 8.23452e+22	9.88e-01	1.17e-02	2.83e-05
 8.25126e+22	9.89e-01	1.13e-02	2.64e-05
 8.26830e+22	9.89e-01	1.09e-02	2.46e-05
 8.28550e+22	9.89e-01	1.05e-02	2.29e-05
 8.30289e+22	9.90e-01	1.01e-02	2.13e-05
 8.32045e+22	9.90e-01	9.75e-03	1.98e-05
 8.33819e+22	9.91e-01	9.40e-03	1.84e-05
 8.35609e+22	9.91e-01	9.05e-03	1.71e-05
 8.37416e+22	9.91e-01	8.72e-03	1.59e-05
 8.39239e+22	9.92e-01	8.40e-03	1.48e-05
 8.41078e+22	9.92e-01	8.08e-03	1.37e-05
 8.42922e+22	9.92e-01	7.78e-03	1.28e-05
 8.44783e+22	9.92e-01	7.49e-03	1.18e-05
 8.46664e+22	9.93e-01	7.21e-03	1.10e-05
 8.48557e+22	9.93e-01	6.94e-03	1.02e-05
 8.50469e+22	9.93e-01	6.67e-03	9.44e-06
 8.52398e+22	9.94e-01	6.42e-03	8.74e-06
 8.54342e+22	9.94e-01	6.17e-03	8.10e-06
 8.56301e+22	9.94e-01	5.93e-03	7.50e-06
 8.58276e+22	9.94e-01	5.70e-03	6.94e-06
 8.60268e+22	9.95e-01	5.48e-03	6.42e-06
 8.62301e+22	9.95e-01	5.26e-03	5.93e-06
 8.64374e+22	9.95e-01	5.05e-03	5.47e-06
 8.66473e+22	9.95e-01	4.84e-03	5.05e-06
 8.68600e+22	9.95e-01	4.64e-03	4.65e-06
 8.70751e+22	9.96e-01	4.45e-03	4.28e-06
 8.72931e+22	9.96e-01	4.27e-03	3.94e-06
 8.75138e+22	9.96e-01	4.09e-03	3.62e-06
 8.77379e+22	9.96e-01	3.91e-03	3.33e-06
 8.79662e+22	9.96e-01	3.74e-03	3.05e-06
 8.81988e+22	9.96e-01	3.58e-03	2.80e-06
 8.84372e+22	9.97e-01	3.42e-03	2.56e-06
 8.86823e+22	9.97e-01	3.26e-03	2.33e-06
 8.89331e+22	9.97e-01	3.11e-03	2.13e-06
 8.91900e+22	9.97e-01	2.96e-03	1.93e-06
 8.94523e+22	9.97e-01	2.82e-03	1.76e-06
 8.97175e+22	9.97e-01	2.68e-03	1.59e-06
 8.99838e+22	9.97e-01	2.55e-03	1.45e-06
 9.02512e+22	9.98e-01	2.43e-03	1.32e-06
 9.05201e+22	9.98e-01	2.31e-03	1.20e-06
 9.07903e+22	9.98e-01	2.20e-03	1.09e-06
 9.10616e+22	9.98e-01	2.09e-03	9.87e-07
 9.13339e+22	9.98e-01	1.99e-03	8.97e-07
 9.16066e+22	9.98e-01	1.89e-03	8.16e-07
 9.18801e+22	9.98e-01	1.80e-03	7.42e-07
 9.21550e+22	9.98e-01	1.71e-03	6.75e-07
 9.24301e+22	9.98e-01	1.63e-03	6.14e-07
 9.25690e+22	9.98e-01	1.63e-03	6.19e-07
