#depth	O	O+	O+2	O+3	O+4	O+5	O+6	O+7	O+8	O[1]	O[2]	O[3]
 1.54284e+22	7.72e-17	4.13e-12	8.60e-09	1.65e-06	6.62e-05	9.74e-04	8.50e-02	4.24e-01	4.90e-01	7.72e-17	2.23e-27	2.37e-27
 3.46106e+22	5.50e-16	2.29e-11	3.75e-08	5.70e-06	1.78e-04	1.95e-03	1.26e-01	4.68e-01	4.04e-01	5.50e-16	1.04e-24	1.31e-24
 4.02413e+22	1.39e-15	5.15e-11	7.53e-08	1.02e-05	2.84e-04	2.71e-03	1.51e-01	4.84e-01	3.62e-01	1.39e-15	2.66e-24	3.34e-24
 4.30567e+22	2.21e-15	7.70e-11	1.07e-07	1.37e-05	3.60e-04	3.20e-03	1.65e-01	4.91e-01	3.41e-01	2.21e-15	4.21e-24	5.30e-24
 4.44078e+22	2.71e-15	9.19e-11	1.24e-07	1.56e-05	4.00e-04	3.44e-03	1.71e-01	4.93e-01	3.31e-01	2.71e-15	5.16e-24	6.49e-24
 4.53569e+22	3.50e-15	1.15e-10	1.51e-07	1.85e-05	4.57e-04	3.78e-03	1.80e-01	4.96e-01	3.19e-01	3.50e-15	6.68e-24	8.40e-24
 4.63663e+22	4.40e-15	1.40e-10	1.79e-07	2.14e-05	5.15e-04	4.10e-03	1.88e-01	4.99e-01	3.09e-01	4.40e-15	8.38e-24	1.05e-23
 4.74543e+22	5.87e-15	1.80e-10	2.23e-07	2.58e-05	6.00e-04	4.56e-03	1.99e-01	5.01e-01	2.95e-01	5.87e-15	1.12e-23	1.41e-23
 4.85575e+22	7.41e-15	2.21e-10	2.66e-07	3.00e-05	6.79e-04	4.98e-03	2.08e-01	5.03e-01	2.84e-01	7.41e-15	1.41e-23	1.77e-23
 4.96805e+22	9.95e-15	2.86e-10	3.34e-07	3.64e-05	7.97e-04	5.56e-03	2.20e-01	5.04e-01	2.70e-01	9.95e-15	1.90e-23	2.38e-23
 5.08208e+22	1.25e-14	3.50e-10	3.98e-07	4.24e-05	9.04e-04	6.07e-03	2.30e-01	5.04e-01	2.59e-01	1.25e-14	2.39e-23	3.00e-23
 5.19835e+22	1.69e-14	4.54e-10	5.01e-07	5.17e-05	1.07e-03	6.82e-03	2.43e-01	5.04e-01	2.45e-01	1.69e-14	3.22e-23	4.04e-23
 5.31588e+22	2.12e-14	5.55e-10	5.98e-07	6.04e-05	1.21e-03	7.46e-03	2.54e-01	5.03e-01	2.34e-01	2.12e-14	4.04e-23	5.08e-23
 5.41502e+22	2.61e-14	6.65e-10	7.01e-07	6.95e-05	1.36e-03	8.10e-03	2.64e-01	5.02e-01	2.24e-01	2.61e-14	4.97e-23	6.24e-23
 5.52303e+22	3.37e-14	8.33e-10	8.58e-07	8.29e-05	1.58e-03	9.00e-03	2.78e-01	5.00e-01	2.11e-01	3.37e-14	6.42e-23	8.06e-23
 5.63165e+22	4.11e-14	9.92e-10	1.00e-06	9.53e-05	1.78e-03	9.77e-03	2.89e-01	4.98e-01	2.01e-01	4.11e-14	7.83e-23	9.83e-23
 5.73766e+22	5.18e-14	1.22e-09	1.21e-06	1.12e-04	2.05e-03	1.08e-02	3.03e-01	4.95e-01	1.90e-01	5.18e-14	9.88e-23	1.24e-22
 5.84582e+22	6.29e-14	1.45e-09	1.41e-06	1.29e-04	2.31e-03	1.17e-02	3.14e-01	4.91e-01	1.80e-01	6.29e-14	1.20e-22	1.51e-22
 5.95196e+22	7.76e-14	1.74e-09	1.67e-06	1.51e-04	2.63e-03	1.29e-02	3.28e-01	4.86e-01	1.70e-01	7.76e-14	1.48e-22	1.86e-22
 6.06030e+22	9.38e-14	2.06e-09	1.96e-06	1.74e-04	2.98e-03	1.41e-02	3.41e-01	4.82e-01	1.60e-01	9.38e-14	1.79e-22	2.25e-22
 6.16707e+22	1.13e-13	2.44e-09	2.29e-06	2.01e-04	3.37e-03	1.54e-02	3.54e-01	4.76e-01	1.51e-01	1.13e-13	2.16e-22	2.71e-22
 6.27474e+22	1.35e-13	2.86e-09	2.65e-06	2.30e-04	3.80e-03	1.68e-02	3.67e-01	4.70e-01	1.42e-01	1.35e-13	2.58e-22	3.23e-22
 6.38113e+22	1.60e-13	3.33e-09	3.07e-06	2.64e-04	4.28e-03	1.83e-02	3.81e-01	4.63e-01	1.33e-01	1.60e-13	3.05e-22	3.82e-22
 6.48731e+22	1.87e-13	3.84e-09	3.52e-06	3.00e-04	4.80e-03	1.99e-02	3.94e-01	4.56e-01	1.25e-01	1.87e-13	3.58e-22	4.48e-22
 6.59365e+22	2.18e-13	4.42e-09	4.03e-06	3.42e-04	5.37e-03	2.16e-02	4.07e-01	4.49e-01	1.17e-01	2.18e-13	4.17e-22	5.22e-22
 6.70038e+22	2.52e-13	5.05e-09	4.59e-06	3.87e-04	6.00e-03	2.35e-02	4.20e-01	4.41e-01	1.10e-01	2.52e-13	4.81e-22	6.04e-22
 6.80758e+22	2.89e-13	5.74e-09	5.22e-06	4.38e-04	6.68e-03	2.54e-02	4.32e-01	4.33e-01	1.02e-01	2.89e-13	5.53e-22	6.93e-22
 6.91572e+22	3.30e-13	6.50e-09	5.91e-06	4.94e-04	7.44e-03	2.75e-02	4.45e-01	4.24e-01	9.56e-02	3.30e-13	6.31e-22	7.91e-22
 7.02499e+22	3.75e-13	7.32e-09	6.67e-06	5.57e-04	8.26e-03	2.98e-02	4.58e-01	4.15e-01	8.90e-02	3.75e-13	7.17e-22	8.98e-22
 7.13489e+22	4.22e-13	8.21e-09	7.50e-06	6.25e-04	9.15e-03	3.21e-02	4.70e-01	4.05e-01	8.29e-02	4.22e-13	8.08e-22	1.01e-21
 7.24654e+22	4.74e-13	9.19e-09	8.43e-06	7.02e-04	1.01e-02	3.47e-02	4.82e-01	3.95e-01	7.69e-02	4.74e-13	9.09e-22	1.14e-21
 7.35934e+22	5.30e-13	1.02e-08	9.44e-06	7.86e-04	1.12e-02	3.74e-02	4.94e-01	3.85e-01	7.13e-02	5.30e-13	1.01e-21	1.27e-21
 7.47447e+22	5.90e-13	1.14e-08	1.06e-05	8.82e-04	1.24e-02	4.04e-02	5.06e-01	3.75e-01	6.59e-02	5.90e-13	1.13e-21	1.42e-21
 7.59160e+22	6.54e-13	1.26e-08	1.18e-05	9.86e-04	1.36e-02	4.34e-02	5.17e-01	3.64e-01	6.09e-02	6.54e-13	1.26e-21	1.57e-21
 7.69887e+22	7.11e-13	1.37e-08	1.29e-05	1.08e-03	1.47e-02	4.61e-02	5.26e-01	3.55e-01	5.70e-02	7.11e-13	1.36e-21	1.71e-21
 7.81086e+22	7.84e-13	1.52e-08	1.45e-05	1.21e-03	1.63e-02	4.98e-02	5.37e-01	3.43e-01	5.22e-02	7.84e-13	1.51e-21	1.88e-21
 7.92479e+22	8.51e-13	1.65e-08	1.58e-05	1.33e-03	1.76e-02	5.28e-02	5.46e-01	3.34e-01	4.87e-02	8.51e-13	1.64e-21	2.05e-21
 8.04238e+22	9.39e-13	1.83e-08	1.78e-05	1.50e-03	1.94e-02	5.70e-02	5.56e-01	3.22e-01	4.44e-02	9.39e-13	1.81e-21	2.26e-21
 8.16027e+22	1.01e-12	1.98e-08	1.94e-05	1.64e-03	2.09e-02	6.03e-02	5.64e-01	3.12e-01	4.13e-02	1.01e-12	1.95e-21	2.44e-21
 8.27855e+22	1.11e-12	2.18e-08	2.17e-05	1.84e-03	2.29e-02	6.48e-02	5.73e-01	3.00e-01	3.76e-02	1.11e-12	2.13e-21	2.67e-21
 8.39731e+22	1.19e-12	2.36e-08	2.37e-05	2.00e-03	2.46e-02	6.84e-02	5.79e-01	2.91e-01	3.49e-02	1.19e-12	2.30e-21	2.87e-21
 8.51669e+22	1.30e-12	2.60e-08	2.64e-05	2.24e-03	2.69e-02	7.33e-02	5.87e-01	2.79e-01	3.17e-02	1.30e-12	2.51e-21	3.14e-21
 8.63734e+22	1.40e-12	2.82e-08	2.88e-05	2.45e-03	2.88e-02	7.72e-02	5.92e-01	2.70e-01	2.94e-02	1.40e-12	2.71e-21	3.38e-21
 8.75964e+22	1.53e-12	3.10e-08	3.22e-05	2.74e-03	3.14e-02	8.26e-02	5.99e-01	2.58e-01	2.66e-02	1.53e-12	2.95e-21	3.69e-21
 8.88358e+22	1.64e-12	3.37e-08	3.52e-05	2.99e-03	3.36e-02	8.69e-02	6.03e-01	2.49e-01	2.46e-02	1.64e-12	3.18e-21	3.97e-21
 9.00965e+22	1.79e-12	3.72e-08	3.94e-05	3.34e-03	3.65e-02	9.27e-02	6.08e-01	2.37e-01	2.22e-02	1.79e-12	3.48e-21	4.34e-21
 9.13807e+22	1.94e-12	4.05e-08	4.32e-05	3.66e-03	3.90e-02	9.75e-02	6.11e-01	2.28e-01	2.04e-02	1.94e-12	3.77e-21	4.70e-21
 9.26953e+22	2.13e-12	4.51e-08	4.86e-05	4.10e-03	4.24e-02	1.04e-01	6.15e-01	2.17e-01	1.83e-02	2.13e-12	4.14e-21	5.16e-21
 9.40403e+22	2.31e-12	4.94e-08	5.36e-05	4.50e-03	4.53e-02	1.09e-01	6.17e-01	2.08e-01	1.68e-02	2.31e-12	4.50e-21	5.61e-21
 9.54246e+22	2.55e-12	5.53e-08	6.06e-05	5.07e-03	4.93e-02	1.16e-01	6.18e-01	1.96e-01	1.49e-02	2.55e-12	4.98e-21	6.20e-21
 9.68362e+22	2.80e-12	6.13e-08	6.73e-05	5.58e-03	5.26e-02	1.22e-01	6.19e-01	1.87e-01	1.36e-02	2.80e-12	5.48e-21	6.83e-21
 9.80270e+22	3.02e-12	6.67e-08	7.37e-05	6.07e-03	5.58e-02	1.27e-01	6.19e-01	1.79e-01	1.25e-02	3.02e-12	5.91e-21	7.37e-21
 9.93187e+22	3.34e-12	7.46e-08	8.29e-05	6.76e-03	6.00e-02	1.34e-01	6.18e-01	1.70e-01	1.12e-02	3.34e-12	6.55e-21	8.15e-21
 1.00573e+23	3.61e-12	8.13e-08	9.04e-05	7.30e-03	6.31e-02	1.39e-01	6.17e-01	1.63e-01	1.03e-02	3.61e-12	7.09e-21	8.83e-21
 1.01780e+23	3.95e-12	9.02e-08	1.01e-04	8.06e-03	6.74e-02	1.46e-01	6.15e-01	1.54e-01	9.30e-03	3.95e-12	7.77e-21	9.67e-21
 1.02999e+23	4.32e-12	9.92e-08	1.11e-04	8.72e-03	7.09e-02	1.52e-01	6.12e-01	1.48e-01	8.58e-03	4.32e-12	8.52e-21	1.06e-20
 1.04234e+23	4.77e-12	1.11e-07	1.24e-04	9.63e-03	7.56e-02	1.59e-01	6.09e-01	1.40e-01	7.70e-03	4.77e-12	9.44e-21	1.17e-20
 1.05487e+23	5.26e-12	1.23e-07	1.36e-04	1.04e-02	7.95e-02	1.64e-01	6.05e-01	1.33e-01	7.08e-03	5.26e-12	1.04e-20	1.29e-20
 1.06765e+23	5.85e-12	1.38e-07	1.53e-04	1.15e-02	8.47e-02	1.72e-01	6.00e-01	1.25e-01	6.32e-03	5.85e-12	1.16e-20	1.44e-20
 1.08060e+23	6.50e-12	1.54e-07	1.70e-04	1.25e-02	8.91e-02	1.77e-01	5.96e-01	1.20e-01	5.79e-03	6.50e-12	1.29e-20	1.61e-20
 1.09380e+23	7.31e-12	1.75e-07	1.92e-04	1.39e-02	9.48e-02	1.85e-01	5.89e-01	1.12e-01	5.14e-03	7.31e-12	1.46e-20	1.81e-20
 1.10723e+23	8.20e-12	1.97e-07	2.13e-04	1.51e-02	9.97e-02	1.91e-01	5.83e-01	1.06e-01	4.68e-03	8.20e-12	1.64e-20	2.04e-20
 1.12097e+23	9.32e-12	2.26e-07	2.43e-04	1.68e-02	1.06e-01	1.99e-01	5.75e-01	9.92e-02	4.13e-03	9.32e-12	1.87e-20	2.32e-20
 1.13501e+23	1.06e-11	2.56e-07	2.71e-04	1.83e-02	1.12e-01	2.05e-01	5.68e-01	9.38e-02	3.74e-03	1.06e-11	2.12e-20	2.64e-20
 1.14944e+23	1.22e-11	2.98e-07	3.12e-04	2.03e-02	1.19e-01	2.13e-01	5.57e-01	8.69e-02	3.27e-03	1.22e-11	2.46e-20	3.05e-20
 1.16426e+23	1.39e-11	3.41e-07	3.50e-04	2.22e-02	1.25e-01	2.19e-01	5.49e-01	8.17e-02	2.94e-03	1.39e-11	2.82e-20	3.50e-20
 1.17957e+23	1.64e-11	4.03e-07	4.07e-04	2.49e-02	1.33e-01	2.27e-01	5.36e-01	7.52e-02	2.55e-03	1.64e-11	3.35e-20	4.15e-20
 1.19506e+23	1.90e-11	4.64e-07	4.59e-04	2.72e-02	1.40e-01	2.33e-01	5.26e-01	7.04e-02	2.28e-03	1.90e-11	3.88e-20	4.80e-20
 1.21077e+23	2.27e-11	5.55e-07	5.35e-04	3.04e-02	1.49e-01	2.41e-01	5.12e-01	6.44e-02	1.96e-03	2.27e-11	4.66e-20	5.77e-20
 1.22668e+23	2.65e-11	6.43e-07	6.05e-04	3.33e-02	1.57e-01	2.47e-01	5.01e-01	6.01e-02	1.75e-03	2.65e-11	5.47e-20	6.76e-20
 1.24284e+23	3.21e-11	7.75e-07	7.08e-04	3.73e-02	1.66e-01	2.55e-01	4.85e-01	5.47e-02	1.49e-03	3.21e-11	6.65e-20	8.22e-20
 1.25926e+23	3.79e-11	9.05e-07	8.04e-04	4.07e-02	1.74e-01	2.60e-01	4.72e-01	5.07e-02	1.32e-03	3.79e-11	7.89e-20	9.75e-20
 1.27372e+23	4.44e-11	1.05e-06	9.10e-04	4.44e-02	1.82e-01	2.65e-01	4.59e-01	4.70e-02	1.17e-03	4.44e-11	9.29e-20	1.15e-19
 1.29024e+23	5.49e-11	1.28e-06	1.07e-03	4.96e-02	1.93e-01	2.71e-01	4.42e-01	4.25e-02	9.91e-04	5.49e-11	1.15e-19	1.42e-19
 1.30711e+23	6.51e-11	1.50e-06	1.21e-03	5.42e-02	2.02e-01	2.75e-01	4.28e-01	3.90e-02	8.65e-04	6.51e-11	1.38e-19	1.70e-19
 1.32079e+23	7.59e-11	1.73e-06	1.36e-03	5.84e-02	2.09e-01	2.79e-01	4.15e-01	3.63e-02	7.71e-04	7.59e-11	1.61e-19	1.99e-19
 1.33492e+23	9.12e-11	2.04e-06	1.54e-03	6.37e-02	2.18e-01	2.82e-01	4.01e-01	3.33e-02	6.73e-04	9.12e-11	1.95e-19	2.40e-19
 1.34982e+23	1.08e-10	2.36e-06	1.73e-03	6.87e-02	2.26e-01	2.85e-01	3.87e-01	3.07e-02	5.93e-04	1.08e-10	2.31e-19	2.85e-19
 1.36352e+23	1.27e-10	2.73e-06	1.94e-03	7.40e-02	2.34e-01	2.87e-01	3.74e-01	2.84e-02	5.24e-04	1.27e-10	2.74e-19	3.37e-19
 1.37912e+23	1.56e-10	3.28e-06	2.23e-03	8.12e-02	2.44e-01	2.89e-01	3.57e-01	2.56e-02	4.47e-04	1.56e-10	3.41e-19	4.19e-19
 1.39516e+23	1.88e-10	3.85e-06	2.53e-03	8.78e-02	2.53e-01	2.91e-01	3.42e-01	2.33e-02	3.87e-04	1.88e-10	4.11e-19	5.06e-19
 1.40926e+23	2.23e-10	4.46e-06	2.83e-03	9.43e-02	2.61e-01	2.92e-01	3.28e-01	2.14e-02	3.40e-04	2.23e-10	4.92e-19	6.05e-19
 1.42508e+23	2.77e-10	5.37e-06	3.25e-03	1.03e-01	2.71e-01	2.92e-01	3.12e-01	1.92e-02	2.88e-04	2.77e-10	6.17e-19	7.57e-19
 1.44165e+23	3.37e-10	6.34e-06	3.68e-03	1.11e-01	2.79e-01	2.92e-01	2.96e-01	1.73e-02	2.47e-04	3.37e-10	7.56e-19	9.28e-19
 1.45662e+23	4.06e-10	7.40e-06	4.13e-03	1.19e-01	2.87e-01	2.91e-01	2.82e-01	1.57e-02	2.14e-04	4.06e-10	9.18e-19	1.12e-18
 1.47352e+23	5.15e-10	8.99e-06	4.77e-03	1.30e-01	2.97e-01	2.89e-01	2.65e-01	1.39e-02	1.78e-04	5.15e-10	1.18e-18	1.44e-18
 1.49098e+23	6.35e-10	1.07e-05	5.41e-03	1.40e-01	3.05e-01	2.86e-01	2.50e-01	1.24e-02	1.51e-04	6.35e-10	1.46e-18	1.79e-18
 1.50656e+23	7.73e-10	1.25e-05	6.07e-03	1.50e-01	3.12e-01	2.84e-01	2.36e-01	1.12e-02	1.29e-04	7.73e-10	1.79e-18	2.19e-18
 1.52418e+23	9.91e-10	1.53e-05	7.01e-03	1.64e-01	3.21e-01	2.79e-01	2.19e-01	9.72e-03	1.06e-04	9.91e-10	2.33e-18	2.84e-18
 1.54251e+23	1.24e-09	1.82e-05	7.96e-03	1.76e-01	3.28e-01	2.75e-01	2.05e-01	8.57e-03	8.80e-05	1.24e-09	2.94e-18	3.59e-18
 1.55902e+23	1.53e-09	2.15e-05	8.94e-03	1.88e-01	3.34e-01	2.70e-01	1.92e-01	7.60e-03	7.40e-05	1.53e-09	3.66e-18	4.47e-18
 1.57774e+23	2.00e-09	2.65e-05	1.04e-02	2.04e-01	3.41e-01	2.63e-01	1.75e-01	6.50e-03	5.91e-05	2.00e-09	4.87e-18	5.93e-18
 1.59698e+23	2.51e-09	3.16e-05	1.17e-02	2.18e-01	3.46e-01	2.56e-01	1.62e-01	5.67e-03	4.87e-05	2.51e-09	6.19e-18	7.53e-18
 1.61425e+23	3.14e-09	3.75e-05	1.32e-02	2.32e-01	3.51e-01	2.49e-01	1.50e-01	4.95e-03	4.03e-05	3.14e-09	7.82e-18	9.51e-18
 1.63404e+23	4.18e-09	4.66e-05	1.53e-02	2.51e-01	3.55e-01	2.40e-01	1.35e-01	4.15e-03	3.14e-05	4.18e-09	1.06e-17	1.29e-17
 1.65405e+23	5.27e-09	5.54e-05	1.72e-02	2.66e-01	3.57e-01	2.32e-01	1.24e-01	3.57e-03	2.55e-05	5.27e-09	1.35e-17	1.64e-17
 1.67435e+23	7.04e-09	6.86e-05	1.99e-02	2.86e-01	3.60e-01	2.21e-01	1.11e-01	2.97e-03	1.97e-05	7.04e-09	1.84e-17	2.23e-17
 1.69498e+23	8.94e-09	8.19e-05	2.24e-02	3.03e-01	3.60e-01	2.12e-01	1.00e-01	2.53e-03	1.58e-05	8.94e-09	2.38e-17	2.88e-17
 1.71326e+23	1.13e-08	9.71e-05	2.50e-02	3.19e-01	3.60e-01	2.03e-01	9.10e-02	2.16e-03	1.27e-05	1.13e-08	3.05e-17	3.69e-17
 1.73427e+23	1.53e-08	1.21e-04	2.88e-02	3.41e-01	3.58e-01	1.90e-01	7.99e-02	1.75e-03	9.53e-06	1.53e-08	4.21e-17	5.08e-17
 1.75557e+23	1.94e-08	1.44e-04	3.23e-02	3.58e-01	3.56e-01	1.81e-01	7.17e-02	1.47e-03	7.52e-06	1.94e-08	5.45e-17	6.58e-17
 1.77726e+23	2.63e-08	1.78e-04	3.70e-02	3.79e-01	3.52e-01	1.68e-01	6.24e-02	1.19e-03	5.60e-06	2.63e-08	7.54e-17	9.09e-17
 1.79938e+23	3.38e-08	2.12e-04	4.14e-02	3.97e-01	3.47e-01	1.58e-01	5.54e-02	9.82e-04	4.34e-06	3.38e-08	9.88e-17	1.19e-16
 1.81909e+23	4.32e-08	2.52e-04	4.61e-02	4.14e-01	3.41e-01	1.48e-01	4.91e-02	8.13e-04	3.37e-06	4.32e-08	1.29e-16	1.55e-16
 1.84172e+23	5.89e-08	3.13e-04	5.26e-02	4.35e-01	3.33e-01	1.36e-01	4.19e-02	6.38e-04	2.43e-06	5.89e-08	1.81e-16	2.17e-16
 1.86410e+23	7.46e-08	3.69e-04	5.81e-02	4.51e-01	3.26e-01	1.27e-01	3.70e-02	5.28e-04	1.88e-06	7.46e-08	2.34e-16	2.81e-16
 1.88275e+23	9.26e-08	4.28e-04	6.36e-02	4.65e-01	3.19e-01	1.18e-01	3.29e-02	4.42e-04	1.49e-06	9.26e-08	2.96e-16	3.55e-16
 1.90059e+23	1.15e-07	4.96e-04	6.94e-02	4.78e-01	3.12e-01	1.11e-01	2.93e-02	3.70e-04	1.17e-06	1.15e-07	3.74e-16	4.48e-16
 1.92081e+23	1.50e-07	5.95e-04	7.72e-02	4.94e-01	3.02e-01	1.01e-01	2.52e-02	2.94e-04	8.67e-07	1.50e-07	5.02e-16	6.02e-16
 1.94100e+23	1.85e-07	6.87e-04	8.39e-02	5.06e-01	2.93e-01	9.38e-02	2.23e-02	2.45e-04	6.78e-07	1.85e-07	6.34e-16	7.59e-16
 1.96118e+23	2.41e-07	8.20e-04	9.29e-02	5.20e-01	2.82e-01	8.53e-02	1.90e-02	1.94e-04	4.98e-07	2.41e-07	8.48e-16	1.01e-15
 1.98173e+23	2.99e-07	9.48e-04	1.01e-01	5.30e-01	2.73e-01	7.86e-02	1.67e-02	1.59e-04	3.85e-07	2.99e-07	1.08e-15	1.29e-15
 2.00001e+23	3.68e-07	1.09e-03	1.09e-01	5.40e-01	2.63e-01	7.24e-02	1.46e-02	1.31e-04	2.98e-07	3.68e-07	1.36e-15	1.62e-15
 2.02103e+23	4.81e-07	1.30e-03	1.20e-01	5.50e-01	2.51e-01	6.50e-02	1.23e-02	1.02e-04	2.14e-07	4.81e-07	1.83e-15	2.19e-15
 2.04232e+23	5.98e-07	1.51e-03	1.30e-01	5.58e-01	2.40e-01	5.93e-02	1.07e-02	8.26e-05	1.63e-07	5.98e-07	2.34e-15	2.79e-15
 2.06110e+23	7.35e-07	1.73e-03	1.40e-01	5.64e-01	2.30e-01	5.41e-02	9.32e-03	6.74e-05	0.00e+00	7.35e-07	2.95e-15	3.52e-15
 2.07927e+23	8.93e-07	1.96e-03	1.50e-01	5.69e-01	2.21e-01	4.96e-02	8.16e-03	5.55e-05	0.00e+00	8.93e-07	3.68e-15	4.38e-15
 2.09605e+23	1.07e-06	2.21e-03	1.60e-01	5.73e-01	2.12e-01	4.57e-02	7.21e-03	4.63e-05	0.00e+00	1.07e-06	4.50e-15	5.36e-15
 2.11439e+23	1.33e-06	2.55e-03	1.72e-01	5.76e-01	2.02e-01	4.12e-02	6.16e-03	3.68e-05	0.00e+00	1.33e-06	5.80e-15	6.89e-15
 2.13287e+23	1.59e-06	2.86e-03	1.83e-01	5.78e-01	1.93e-01	3.78e-02	5.42e-03	3.06e-05	0.00e+00	1.59e-06	7.08e-15	8.41e-15
 2.15155e+23	1.97e-06	3.30e-03	1.96e-01	5.80e-01	1.83e-01	3.39e-02	4.62e-03	2.42e-05	0.00e+00	1.97e-06	9.10e-15	1.08e-14
 2.17041e+23	2.37e-06	3.72e-03	2.08e-01	5.80e-01	1.74e-01	3.08e-02	4.03e-03	1.99e-05	0.00e+00	2.37e-06	1.12e-14	1.33e-14
 2.18676e+23	2.80e-06	4.14e-03	2.19e-01	5.79e-01	1.66e-01	2.82e-02	3.54e-03	1.65e-05	0.00e+00	2.80e-06	1.36e-14	1.61e-14
 2.20526e+23	3.46e-06	4.75e-03	2.34e-01	5.77e-01	1.56e-01	2.52e-02	3.00e-03	1.30e-05	0.00e+00	3.46e-06	1.74e-14	2.06e-14
 2.22419e+23	4.13e-06	5.33e-03	2.48e-01	5.74e-01	1.48e-01	2.28e-02	2.60e-03	1.06e-05	0.00e+00	4.13e-06	2.14e-14	2.53e-14
 2.24102e+23	4.90e-06	5.95e-03	2.61e-01	5.70e-01	1.40e-01	2.07e-02	2.27e-03	8.69e-06	0.00e+00	4.90e-06	2.61e-14	3.08e-14
 2.26022e+23	6.07e-06	6.83e-03	2.78e-01	5.64e-01	1.31e-01	1.83e-02	1.90e-03	6.74e-06	0.00e+00	6.07e-06	3.35e-14	3.96e-14
 2.27972e+23	7.25e-06	7.66e-03	2.92e-01	5.59e-01	1.23e-01	1.64e-02	1.64e-03	5.44e-06	0.00e+00	7.25e-06	4.12e-14	4.87e-14
 2.29692e+23	8.59e-06	8.54e-03	3.07e-01	5.52e-01	1.16e-01	1.48e-02	1.42e-03	4.42e-06	0.00e+00	8.59e-06	5.03e-14	5.94e-14
 2.31660e+23	1.06e-05	9.79e-03	3.26e-01	5.43e-01	1.08e-01	1.29e-02	1.18e-03	3.38e-06	0.00e+00	1.06e-05	6.48e-14	7.65e-14
 2.33666e+23	1.27e-05	1.10e-02	3.42e-01	5.34e-01	1.01e-01	1.15e-02	1.00e-03	2.70e-06	0.00e+00	1.27e-05	7.99e-14	9.43e-14
 2.35450e+23	1.50e-05	1.22e-02	3.58e-01	5.25e-01	9.42e-02	1.03e-02	8.60e-04	2.16e-06	0.00e+00	1.50e-05	9.79e-14	1.16e-13
 2.37495e+23	1.87e-05	1.40e-02	3.78e-01	5.12e-01	8.63e-02	8.89e-03	7.04e-04	1.63e-06	0.00e+00	1.87e-05	1.27e-13	1.50e-13
 2.39580e+23	2.23e-05	1.57e-02	3.95e-01	5.00e-01	8.01e-02	7.85e-03	5.94e-04	1.28e-06	0.00e+00	2.23e-05	1.57e-13	1.85e-13
 2.41718e+23	2.78e-05	1.81e-02	4.17e-01	4.85e-01	7.28e-02	6.70e-03	4.80e-04	9.43e-07	0.00e+00	2.78e-05	2.05e-13	2.42e-13
 2.43890e+23	3.35e-05	2.03e-02	4.36e-01	4.71e-01	6.69e-02	5.84e-03	3.99e-04	7.27e-07	0.00e+00	3.35e-05	2.56e-13	3.02e-13
 2.45791e+23	3.97e-05	2.26e-02	4.53e-01	4.57e-01	6.18e-02	5.13e-03	3.36e-04	5.69e-07	0.00e+00	3.97e-05	3.15e-13	3.71e-13
 2.47948e+23	4.93e-05	2.59e-02	4.75e-01	4.39e-01	5.57e-02	4.33e-03	2.69e-04	4.15e-07	0.00e+00	4.93e-05	4.10e-13	4.83e-13
 2.50177e+23	5.91e-05	2.90e-02	4.93e-01	4.23e-01	5.08e-02	3.74e-03	2.22e-04	3.16e-07	0.00e+00	5.91e-05	5.12e-13	6.04e-13
 2.51894e+23	6.71e-05	3.14e-02	5.06e-01	4.11e-01	4.75e-02	3.37e-03	1.93e-04	2.60e-07	0.00e+00	6.71e-05	5.99e-13	7.06e-13
 2.53520e+23	7.87e-05	3.47e-02	5.22e-01	3.96e-01	4.37e-02	2.95e-03	1.62e-04	2.03e-07	0.00e+00	7.87e-05	7.28e-13	8.58e-13
 2.55186e+23	8.97e-05	3.76e-02	5.35e-01	3.84e-01	4.06e-02	2.63e-03	1.40e-04	1.65e-07	0.00e+00	8.97e-05	8.55e-13	1.01e-12
 2.56904e+23	1.05e-04	4.16e-02	5.51e-01	3.68e-01	3.71e-02	2.28e-03	1.16e-04	1.27e-07	0.00e+00	1.05e-04	1.05e-12	1.23e-12
 2.58645e+23	1.21e-04	4.52e-02	5.64e-01	3.54e-01	3.43e-02	2.02e-03	9.94e-05	0.00e+00	0.00e+00	1.21e-04	1.24e-12	1.46e-12
 2.60172e+23	1.37e-04	4.89e-02	5.76e-01	3.41e-01	3.18e-02	1.80e-03	8.54e-05	0.00e+00	0.00e+00	1.37e-04	1.45e-12	1.71e-12
 2.61915e+23	1.60e-04	5.39e-02	5.90e-01	3.25e-01	2.88e-02	1.55e-03	7.06e-05	0.00e+00	0.00e+00	1.60e-04	1.77e-12	2.08e-12
 2.63709e+23	1.84e-04	5.86e-02	6.02e-01	3.11e-01	2.64e-02	1.36e-03	5.96e-05	0.00e+00	0.00e+00	1.84e-04	2.09e-12	2.47e-12
 2.65306e+23	2.10e-04	6.35e-02	6.13e-01	2.98e-01	2.43e-02	1.19e-03	5.06e-05	0.00e+00	0.00e+00	2.10e-04	2.47e-12	2.91e-12
 2.67120e+23	2.47e-04	7.02e-02	6.26e-01	2.80e-01	2.17e-02	1.01e-03	4.09e-05	0.00e+00	0.00e+00	2.47e-04	3.04e-12	3.59e-12
 2.68963e+23	2.82e-04	7.60e-02	6.36e-01	2.67e-01	1.98e-02	8.80e-04	3.44e-05	0.00e+00	0.00e+00	2.82e-04	3.59e-12	4.24e-12
 2.70842e+23	3.33e-04	8.41e-02	6.47e-01	2.50e-01	1.76e-02	7.37e-04	2.75e-05	0.00e+00	0.00e+00	3.33e-04	4.44e-12	5.24e-12
 2.72755e+23	3.81e-04	9.12e-02	6.56e-01	2.36e-01	1.60e-02	6.36e-04	2.29e-05	0.00e+00	0.00e+00	3.81e-04	5.27e-12	6.21e-12
 2.74711e+23	4.50e-04	1.01e-01	6.65e-01	2.19e-01	1.41e-02	5.27e-04	1.81e-05	0.00e+00	0.00e+00	4.50e-04	6.53e-12	7.69e-12
 2.76719e+23	5.18e-04	1.09e-01	6.71e-01	2.06e-01	1.26e-02	4.48e-04	1.48e-05	0.00e+00	0.00e+00	5.18e-04	7.81e-12	9.20e-12
 2.78793e+23	6.15e-04	1.21e-01	6.78e-01	1.89e-01	1.10e-02	3.65e-04	1.15e-05	0.00e+00	0.00e+00	6.15e-04	9.77e-12	1.15e-11
 2.80907e+23	7.08e-04	1.32e-01	6.82e-01	1.76e-01	9.75e-03	3.07e-04	9.31e-06	0.00e+00	0.00e+00	7.08e-04	1.17e-11	1.38e-11
 2.82785e+23	8.13e-04	1.43e-01	6.85e-01	1.63e-01	8.66e-03	2.58e-04	7.52e-06	0.00e+00	0.00e+00	8.13e-04	1.40e-11	1.65e-11
 2.84940e+23	9.61e-04	1.57e-01	6.86e-01	1.48e-01	7.47e-03	2.08e-04	5.77e-06	0.00e+00	0.00e+00	9.61e-04	1.75e-11	2.06e-11
 2.87161e+23	1.11e-03	1.71e-01	6.85e-01	1.35e-01	6.52e-03	1.70e-04	4.54e-06	0.00e+00	0.00e+00	1.11e-03	2.12e-11	2.49e-11
 2.89135e+23	1.28e-03	1.85e-01	6.83e-01	1.24e-01	5.73e-03	1.41e-04	3.62e-06	0.00e+00	0.00e+00	1.28e-03	2.53e-11	2.98e-11
 2.91371e+23	1.51e-03	2.04e-01	6.78e-01	1.11e-01	4.85e-03	1.11e-04	2.71e-06	0.00e+00	0.00e+00	1.51e-03	3.18e-11	3.74e-11
 2.93676e+23	1.75e-03	2.21e-01	6.72e-01	1.00e-01	4.20e-03	8.99e-05	2.11e-06	0.00e+00	0.00e+00	1.75e-03	3.83e-11	4.51e-11
 2.96070e+23	2.08e-03	2.44e-01	6.62e-01	8.82e-02	3.49e-03	6.87e-05	1.54e-06	0.00e+00	0.00e+00	2.08e-03	4.84e-11	5.70e-11
 2.98513e+23	2.41e-03	2.64e-01	6.52e-01	7.88e-02	2.98e-03	5.47e-05	1.17e-06	0.00e+00	0.00e+00	2.41e-03	5.86e-11	6.90e-11
 3.01018e+23	2.85e-03	2.90e-01	6.37e-01	6.83e-02	2.46e-03	4.13e-05	8.47e-07	0.00e+00	0.00e+00	2.85e-03	7.37e-11	8.69e-11
 3.03614e+23	3.33e-03	3.14e-01	6.21e-01	5.98e-02	2.06e-03	3.18e-05	6.26e-07	0.00e+00	0.00e+00	3.33e-03	9.04e-11	1.07e-10
 3.05957e+23	3.84e-03	3.38e-01	6.04e-01	5.24e-02	1.73e-03	2.48e-05	4.69e-07	0.00e+00	0.00e+00	3.84e-03	1.09e-10	1.29e-10
 3.07843e+23	4.21e-03	3.55e-01	5.92e-01	4.80e-02	1.55e-03	2.10e-05	3.88e-07	0.00e+00	0.00e+00	4.21e-03	1.24e-10	1.46e-10
