#depth	O	O+	O+2	O+3	O+4	O+5	O+6	O+7	O+8	O[1]	O[2]	O[3]
 6.86450e+21	8.71e-08	4.11e-04	6.21e-02	4.62e-01	3.21e-01	1.20e-01	3.39e-02	4.63e-04	1.58e-06	8.71e-08	3.41e-16	4.11e-16
 1.76208e+22	2.23e-07	7.78e-04	9.08e-02	5.17e-01	2.85e-01	8.71e-02	1.97e-02	2.05e-04	5.37e-07	2.23e-07	9.80e-16	1.18e-15
 2.34584e+22	3.50e-07	1.05e-03	1.08e-01	5.39e-01	2.64e-01	7.30e-02	1.49e-02	1.34e-04	3.08e-07	3.50e-07	1.63e-15	1.97e-15
 2.70620e+22	5.11e-07	1.35e-03	1.25e-01	5.54e-01	2.46e-01	6.24e-02	1.16e-02	9.34e-05	1.91e-07	5.11e-07	2.50e-15	3.01e-15
 2.95938e+22	6.22e-07	1.54e-03	1.34e-01	5.60e-01	2.36e-01	5.73e-02	1.02e-02	7.67e-05	1.48e-07	6.22e-07	3.12e-15	3.75e-15
 3.16045e+22	7.99e-07	1.81e-03	1.47e-01	5.68e-01	2.24e-01	5.12e-02	8.56e-03	5.96e-05	0.00e+00	7.99e-07	4.14e-15	4.98e-15
 3.35154e+22	9.49e-07	2.03e-03	1.56e-01	5.72e-01	2.15e-01	4.72e-02	7.57e-03	4.98e-05	0.00e+00	9.49e-07	5.03e-15	6.04e-15
 3.52967e+22	1.18e-06	2.34e-03	1.69e-01	5.75e-01	2.05e-01	4.26e-02	6.49e-03	3.98e-05	0.00e+00	1.18e-06	6.41e-15	7.69e-15
 3.71160e+22	1.40e-06	2.62e-03	1.79e-01	5.78e-01	1.96e-01	3.90e-02	5.69e-03	3.29e-05	0.00e+00	1.40e-06	7.83e-15	9.39e-15
 3.87310e+22	1.66e-06	2.93e-03	1.90e-01	5.79e-01	1.87e-01	3.58e-02	5.00e-03	2.73e-05	0.00e+00	1.66e-06	9.50e-15	1.14e-14
 4.05767e+22	2.06e-06	3.36e-03	2.04e-01	5.80e-01	1.77e-01	3.20e-02	4.25e-03	2.15e-05	0.00e+00	2.06e-06	1.21e-14	1.45e-14
 4.24517e+22	2.45e-06	3.75e-03	2.17e-01	5.79e-01	1.68e-01	2.91e-02	3.70e-03	1.76e-05	0.00e+00	2.45e-06	1.48e-14	1.77e-14
 4.41079e+22	2.90e-06	4.18e-03	2.29e-01	5.78e-01	1.59e-01	2.64e-02	3.23e-03	1.44e-05	0.00e+00	2.90e-06	1.79e-14	2.14e-14
 4.60036e+22	3.59e-06	4.80e-03	2.45e-01	5.74e-01	1.49e-01	2.34e-02	2.71e-03	1.13e-05	0.00e+00	3.59e-06	2.30e-14	2.74e-14
 4.79186e+22	4.28e-06	5.37e-03	2.59e-01	5.71e-01	1.41e-01	2.12e-02	2.34e-03	9.13e-06	0.00e+00	4.28e-06	2.81e-14	3.35e-14
 4.95985e+22	5.07e-06	5.99e-03	2.73e-01	5.66e-01	1.33e-01	1.91e-02	2.03e-03	7.43e-06	0.00e+00	5.07e-06	3.41e-14	4.07e-14
 5.15222e+22	6.26e-06	6.85e-03	2.91e-01	5.60e-01	1.24e-01	1.68e-02	1.70e-03	5.74e-06	0.00e+00	6.26e-06	4.36e-14	5.19e-14
 5.34788e+22	7.44e-06	7.65e-03	3.07e-01	5.53e-01	1.16e-01	1.51e-02	1.45e-03	4.60e-06	0.00e+00	7.44e-06	5.33e-14	6.34e-14
 5.52155e+22	8.81e-06	8.52e-03	3.22e-01	5.45e-01	1.09e-01	1.35e-02	1.25e-03	3.70e-06	0.00e+00	8.81e-06	6.50e-14	7.72e-14
 5.72104e+22	1.09e-05	9.75e-03	3.42e-01	5.35e-01	1.00e-01	1.17e-02	1.03e-03	2.81e-06	0.00e+00	1.09e-05	8.34e-14	9.91e-14
 5.92370e+22	1.29e-05	1.09e-02	3.60e-01	5.25e-01	9.35e-02	1.04e-02	8.72e-04	2.22e-06	0.00e+00	1.29e-05	1.02e-13	1.21e-13
 6.13047e+22	1.60e-05	1.25e-02	3.81e-01	5.11e-01	8.54e-02	8.93e-03	7.09e-04	1.66e-06	0.00e+00	1.60e-05	1.32e-13	1.56e-13
 6.33983e+22	1.91e-05	1.39e-02	4.00e-01	4.99e-01	7.89e-02	7.86e-03	5.96e-04	1.29e-06	0.00e+00	1.91e-05	1.62e-13	1.92e-13
 6.55255e+22	2.37e-05	1.59e-02	4.23e-01	4.83e-01	7.15e-02	6.69e-03	4.80e-04	9.52e-07	0.00e+00	2.37e-05	2.10e-13	2.48e-13
 6.76927e+22	2.82e-05	1.77e-02	4.42e-01	4.68e-01	6.55e-02	5.82e-03	3.98e-04	7.32e-07	0.00e+00	2.82e-05	2.59e-13	3.06e-13
 6.89874e+22	2.98e-05	1.83e-02	4.50e-01	4.63e-01	6.33e-02	5.53e-03	3.72e-04	6.64e-07	0.00e+00	2.98e-05	2.78e-13	3.28e-13
 6.97458e+22	3.20e-05	1.92e-02	4.57e-01	4.57e-01	6.11e-02	5.23e-03	3.45e-04	5.98e-07	0.00e+00	3.20e-05	3.03e-13	3.57e-13
 7.07318e+22	3.53e-05	2.04e-02	4.68e-01	4.48e-01	5.81e-02	4.83e-03	3.10e-04	5.15e-07	0.00e+00	3.53e-05	3.41e-13	4.02e-13
 7.20136e+22	3.99e-05	2.20e-02	4.82e-01	4.37e-01	5.45e-02	4.36e-03	2.71e-04	4.27e-07	0.00e+00	3.99e-05	3.96e-13	4.66e-13
 7.36799e+22	4.71e-05	2.44e-02	5.01e-01	4.21e-01	4.98e-02	3.79e-03	2.25e-04	3.29e-07	0.00e+00	4.71e-05	4.87e-13	5.71e-13
 7.54973e+22	5.44e-05	2.66e-02	5.17e-01	4.06e-01	4.58e-02	3.33e-03	1.90e-04	2.60e-07	0.00e+00	5.44e-05	5.81e-13	6.81e-13
 7.71433e+22	6.19e-05	2.88e-02	5.33e-01	3.93e-01	4.24e-02	2.96e-03	1.63e-04	2.09e-07	0.00e+00	6.19e-05	6.82e-13	7.97e-13
 7.86804e+22	7.02e-05	3.11e-02	5.47e-01	3.80e-01	3.92e-02	2.63e-03	1.40e-04	1.68e-07	0.00e+00	7.02e-05	7.99e-13	9.31e-13
 8.04435e+22	8.24e-05	3.44e-02	5.65e-01	3.62e-01	3.55e-02	2.26e-03	1.15e-04	1.28e-07	0.00e+00	8.24e-05	9.78e-13	1.14e-12
 8.22182e+22	9.30e-05	3.70e-02	5.80e-01	3.48e-01	3.26e-02	2.00e-03	9.78e-05	0.00e+00	0.00e+00	9.30e-05	1.14e-12	1.32e-12
 8.40080e+22	1.09e-04	4.08e-02	5.97e-01	3.31e-01	2.93e-02	1.70e-03	7.97e-05	0.00e+00	0.00e+00	1.09e-04	1.40e-12	1.61e-12
 8.58121e+22	1.23e-04	4.38e-02	6.12e-01	3.16e-01	2.68e-02	1.49e-03	6.73e-05	0.00e+00	0.00e+00	1.23e-04	1.64e-12	1.88e-12
 8.76346e+22	1.44e-04	4.81e-02	6.28e-01	2.99e-01	2.40e-02	1.27e-03	5.46e-05	0.00e+00	0.00e+00	1.44e-04	2.00e-12	2.29e-12
 8.95007e+22	1.63e-04	5.18e-02	6.42e-01	2.83e-01	2.17e-02	1.10e-03	4.55e-05	0.00e+00	0.00e+00	1.63e-04	2.36e-12	2.68e-12
 9.14235e+22	1.91e-04	5.70e-02	6.58e-01	2.65e-01	1.92e-02	9.19e-04	3.63e-05	0.00e+00	0.00e+00	1.91e-04	2.91e-12	3.29e-12
 9.33692e+22	2.17e-04	6.13e-02	6.71e-01	2.50e-01	1.72e-02	7.89e-04	2.99e-05	0.00e+00	0.00e+00	2.17e-04	3.44e-12	3.86e-12
 9.53447e+22	2.55e-04	6.75e-02	6.85e-01	2.32e-01	1.51e-02	6.53e-04	2.35e-05	0.00e+00	0.00e+00	2.55e-04	4.27e-12	4.75e-12
 9.73493e+22	2.88e-04	7.25e-02	6.96e-01	2.17e-01	1.34e-02	5.55e-04	1.92e-05	0.00e+00	0.00e+00	2.88e-04	5.05e-12	5.57e-12
 9.93919e+22	3.39e-04	7.99e-02	7.09e-01	1.99e-01	1.16e-02	4.53e-04	1.49e-05	0.00e+00	0.00e+00	3.39e-04	6.32e-12	6.89e-12
 1.01471e+23	3.85e-04	8.59e-02	7.19e-01	1.84e-01	1.02e-02	3.80e-04	1.20e-05	0.00e+00	0.00e+00	3.85e-04	7.53e-12	8.13e-12
 1.03597e+23	4.57e-04	9.50e-02	7.29e-01	1.67e-01	8.72e-03	3.04e-04	9.10e-06	0.00e+00	0.00e+00	4.57e-04	9.53e-12	1.01e-11
 1.05744e+23	5.17e-04	1.02e-01	7.36e-01	1.53e-01	7.61e-03	2.53e-04	7.24e-06	0.00e+00	0.00e+00	5.17e-04	1.14e-11	1.20e-11
 1.07919e+23	6.14e-04	1.13e-01	7.43e-01	1.37e-01	6.43e-03	2.00e-04	5.43e-06	0.00e+00	0.00e+00	6.14e-04	1.45e-11	1.49e-11
 1.10107e+23	6.96e-04	1.21e-01	7.48e-01	1.25e-01	5.58e-03	1.64e-04	4.29e-06	0.00e+00	0.00e+00	6.96e-04	1.73e-11	1.76e-11
 1.12310e+23	8.29e-04	1.34e-01	7.50e-01	1.10e-01	4.66e-03	1.28e-04	3.17e-06	0.00e+00	0.00e+00	8.29e-04	2.21e-11	2.20e-11
 1.14513e+23	9.42e-04	1.44e-01	7.51e-01	9.91e-02	4.01e-03	1.04e-04	2.49e-06	0.00e+00	0.00e+00	9.42e-04	2.66e-11	2.60e-11
 1.16717e+23	1.13e-03	1.60e-01	7.49e-01	8.62e-02	3.32e-03	7.99e-05	1.82e-06	0.00e+00	0.00e+00	1.13e-03	3.43e-11	3.28e-11
 1.18918e+23	1.28e-03	1.73e-01	7.46e-01	7.68e-02	2.84e-03	6.44e-05	1.41e-06	0.00e+00	0.00e+00	1.28e-03	4.14e-11	3.88e-11
 1.21114e+23	1.55e-03	1.92e-01	7.38e-01	6.57e-02	2.33e-03	4.85e-05	1.02e-06	0.00e+00	0.00e+00	1.55e-03	5.40e-11	4.92e-11
 1.23300e+23	1.77e-03	2.08e-01	7.31e-01	5.76e-02	1.98e-03	3.86e-05	7.85e-07	0.00e+00	0.00e+00	1.77e-03	6.58e-11	5.86e-11
 1.25472e+23	2.14e-03	2.32e-01	7.16e-01	4.85e-02	1.61e-03	2.85e-05	5.61e-07	0.00e+00	0.00e+00	2.14e-03	8.63e-11	7.45e-11
 1.27633e+23	2.48e-03	2.51e-01	7.03e-01	4.18e-02	1.36e-03	2.23e-05	4.28e-07	0.00e+00	0.00e+00	2.48e-03	1.06e-10	8.94e-11
 1.29782e+23	3.02e-03	2.81e-01	6.81e-01	3.44e-02	1.10e-03	1.61e-05	3.02e-07	0.00e+00	0.00e+00	3.02e-03	1.40e-10	1.15e-10
 1.31923e+23	3.52e-03	3.05e-01	6.61e-01	2.91e-02	9.26e-04	1.23e-05	2.28e-07	0.00e+00	0.00e+00	3.52e-03	1.74e-10	1.39e-10
 1.34055e+23	4.32e-03	3.41e-01	6.31e-01	2.33e-02	7.44e-04	8.62e-06	1.58e-07	0.00e+00	0.00e+00	4.32e-03	2.31e-10	1.79e-10
 1.36187e+23	5.09e-03	3.72e-01	6.04e-01	1.91e-02	6.19e-04	6.37e-06	0.00e+00	0.00e+00	0.00e+00	5.09e-03	2.89e-10	2.19e-10
 1.38320e+23	6.31e-03	4.14e-01	5.65e-01	1.48e-02	4.93e-04	4.30e-06	0.00e+00	0.00e+00	0.00e+00	6.31e-03	3.86e-10	2.85e-10
 1.40464e+23	7.56e-03	4.51e-01	5.29e-01	1.17e-02	4.05e-04	3.03e-06	0.00e+00	0.00e+00	0.00e+00	7.56e-03	4.89e-10	3.54e-10
 1.42319e+23	9.01e-03	4.90e-01	4.92e-01	9.22e-03	3.34e-04	2.14e-06	0.00e+00	0.00e+00	0.00e+00	9.01e-03	6.16e-10	4.37e-10
 1.44428e+23	1.13e-02	5.39e-01	4.43e-01	6.71e-03	2.62e-04	1.35e-06	0.00e+00	0.00e+00	0.00e+00	1.13e-02	8.23e-10	5.73e-10
 1.46570e+23	1.39e-02	5.85e-01	3.96e-01	4.92e-03	2.08e-04	8.66e-07	0.00e+00	0.00e+00	0.00e+00	1.39e-02	1.07e-09	7.30e-10
 1.48201e+23	1.63e-02	6.20e-01	3.60e-01	3.83e-03	1.74e-04	6.09e-07	0.00e+00	0.00e+00	0.00e+00	1.63e-02	1.30e-09	8.79e-10
 1.49769e+23	1.95e-02	6.59e-01	3.19e-01	2.83e-03	1.41e-04	4.00e-07	0.00e+00	0.00e+00	0.00e+00	1.95e-02	1.63e-09	1.09e-09
 1.51462e+23	2.37e-02	6.97e-01	2.77e-01	2.04e-03	1.13e-04	2.54e-07	0.00e+00	0.00e+00	0.00e+00	2.37e-02	2.06e-09	1.37e-09
 1.53026e+23	2.86e-02	7.32e-01	2.38e-01	1.46e-03	8.96e-05	1.61e-07	0.00e+00	0.00e+00	0.00e+00	2.86e-02	2.58e-09	1.70e-09
 1.54511e+23	3.47e-02	7.63e-01	2.01e-01	1.02e-03	7.03e-05	0.00e+00	0.00e+00	0.00e+00	0.00e+00	3.47e-02	3.24e-09	2.12e-09
 1.55924e+23	4.22e-02	7.90e-01	1.67e-01	7.10e-04	5.45e-05	0.00e+00	0.00e+00	0.00e+00	0.00e+00	4.22e-02	4.07e-09	2.65e-09
 1.57245e+23	5.11e-02	8.12e-01	1.37e-01	4.90e-04	4.19e-05	0.00e+00	0.00e+00	0.00e+00	0.00e+00	5.11e-02	5.08e-09	3.29e-09
 1.58480e+23	6.23e-02	8.28e-01	1.10e-01	3.34e-04	3.15e-05	0.00e+00	0.00e+00	0.00e+00	0.00e+00	6.23e-02	6.36e-09	4.10e-09
 1.59625e+23	7.56e-02	8.37e-01	8.73e-02	2.28e-04	2.36e-05	0.00e+00	0.00e+00	0.00e+00	0.00e+00	7.56e-02	7.90e-09	5.07e-09
 1.60683e+23	9.20e-02	8.40e-01	6.82e-02	1.56e-04	1.73e-05	0.00e+00	0.00e+00	0.00e+00	0.00e+00	9.20e-02	9.78e-09	6.25e-09
 1.61648e+23	1.11e-01	8.36e-01	5.29e-02	1.08e-04	1.26e-05	0.00e+00	0.00e+00	0.00e+00	0.00e+00	1.11e-01	1.20e-08	7.64e-09
 1.62499e+23	1.33e-01	8.26e-01	4.11e-02	7.66e-05	9.17e-06	0.00e+00	0.00e+00	0.00e+00	0.00e+00	1.33e-01	1.44e-08	9.17e-09
 1.63258e+23	1.58e-01	8.10e-01	3.20e-02	5.57e-05	6.68e-06	0.00e+00	0.00e+00	0.00e+00	0.00e+00	1.58e-01	1.71e-08	1.09e-08
 1.63946e+23	1.85e-01	7.90e-01	2.48e-02	4.12e-05	4.85e-06	0.00e+00	0.00e+00	0.00e+00	0.00e+00	1.85e-01	2.00e-08	1.27e-08
 1.64568e+23	2.14e-01	7.67e-01	1.95e-02	3.14e-05	3.57e-06	0.00e+00	0.00e+00	0.00e+00	0.00e+00	2.14e-01	2.30e-08	1.45e-08
 1.65147e+23	2.46e-01	7.38e-01	1.52e-02	2.41e-05	2.59e-06	0.00e+00	0.00e+00	0.00e+00	0.00e+00	2.46e-01	2.61e-08	1.65e-08
 1.65695e+23	2.82e-01	7.06e-01	1.18e-02	1.88e-05	1.88e-06	0.00e+00	0.00e+00	0.00e+00	0.00e+00	2.82e-01	2.93e-08	1.85e-08
 1.66199e+23	3.18e-01	6.72e-01	9.21e-03	1.48e-05	1.37e-06	0.00e+00	0.00e+00	0.00e+00	0.00e+00	3.18e-01	3.24e-08	2.04e-08
 1.66667e+23	3.56e-01	6.37e-01	7.24e-03	1.19e-05	1.01e-06	0.00e+00	0.00e+00	0.00e+00	0.00e+00	3.56e-01	3.52e-08	2.21e-08
 1.67093e+23	3.93e-01	6.01e-01	5.76e-03	9.76e-06	7.54e-07	0.00e+00	0.00e+00	0.00e+00	0.00e+00	3.93e-01	3.76e-08	2.36e-08
 1.67462e+23	4.26e-01	5.69e-01	4.71e-03	8.22e-06	5.83e-07	0.00e+00	0.00e+00	0.00e+00	0.00e+00	4.26e-01	3.95e-08	2.48e-08
 1.67780e+23	4.55e-01	5.41e-01	3.94e-03	7.11e-06	4.66e-07	0.00e+00	0.00e+00	0.00e+00	0.00e+00	4.55e-01	4.10e-08	2.57e-08
 1.68045e+23	4.79e-01	5.17e-01	3.40e-03	6.31e-06	3.87e-07	0.00e+00	0.00e+00	0.00e+00	0.00e+00	4.79e-01	4.21e-08	2.64e-08
 1.68272e+23	5.00e-01	4.97e-01	2.98e-03	5.70e-06	3.29e-07	0.00e+00	0.00e+00	0.00e+00	0.00e+00	5.00e-01	4.29e-08	2.68e-08
 1.68511e+23	5.22e-01	4.75e-01	2.60e-03	5.12e-06	2.77e-07	0.00e+00	0.00e+00	0.00e+00	0.00e+00	5.22e-01	4.36e-08	2.73e-08
 1.68781e+23	5.47e-01	4.51e-01	2.22e-03	4.55e-06	2.29e-07	0.00e+00	0.00e+00	0.00e+00	0.00e+00	5.47e-01	4.43e-08	2.77e-08
 1.69058e+23	5.71e-01	4.28e-01	1.90e-03	4.05e-06	1.89e-07	0.00e+00	0.00e+00	0.00e+00	0.00e+00	5.71e-01	4.48e-08	2.80e-08
 1.69314e+23	5.92e-01	4.07e-01	1.65e-03	3.65e-06	1.58e-07	0.00e+00	0.00e+00	0.00e+00	0.00e+00	5.92e-01	4.51e-08	2.81e-08
 1.69509e+23	6.06e-01	3.92e-01	1.49e-03	3.40e-06	1.40e-07	0.00e+00	0.00e+00	0.00e+00	0.00e+00	6.06e-01	4.52e-08	2.82e-08
 1.69644e+23	6.17e-01	3.82e-01	1.38e-03	3.23e-06	1.28e-07	0.00e+00	0.00e+00	0.00e+00	0.00e+00	6.17e-01	4.52e-08	2.82e-08
 1.69780e+23	6.27e-01	3.71e-01	1.28e-03	3.06e-06	0.00e+00	0.00e+00	0.00e+00	0.00e+00	0.00e+00	6.27e-01	4.52e-08	2.82e-08
 1.69938e+23	6.38e-01	3.61e-01	1.18e-03	2.90e-06	0.00e+00	0.00e+00	0.00e+00	0.00e+00	0.00e+00	6.38e-01	4.53e-08	2.82e-08
 1.70116e+23	6.51e-01	3.48e-01	1.07e-03	2.71e-06	0.00e+00	0.00e+00	0.00e+00	0.00e+00	0.00e+00	6.51e-01	4.52e-08	2.82e-08
 1.70296e+23	6.63e-01	3.36e-01	9.71e-04	2.54e-06	0.00e+00	0.00e+00	0.00e+00	0.00e+00	0.00e+00	6.63e-01	4.51e-08	2.81e-08
 1.70466e+23	6.74e-01	3.25e-01	8.89e-04	2.40e-06	0.00e+00	0.00e+00	0.00e+00	0.00e+00	0.00e+00	6.74e-01	4.50e-08	2.80e-08
 1.70635e+23	6.84e-01	3.15e-01	8.14e-04	2.27e-06	0.00e+00	0.00e+00	0.00e+00	0.00e+00	0.00e+00	6.84e-01	4.49e-08	2.79e-08
 1.70815e+23	6.95e-01	3.04e-01	7.42e-04	2.14e-06	0.00e+00	0.00e+00	0.00e+00	0.00e+00	0.00e+00	6.95e-01	4.47e-08	2.78e-08
 1.71004e+23	7.06e-01	2.93e-01	6.74e-04	2.01e-06	0.00e+00	0.00e+00	0.00e+00	0.00e+00	0.00e+00	7.06e-01	4.45e-08	2.76e-08
 1.71196e+23	7.16e-01	2.83e-01	6.12e-04	1.89e-06	0.00e+00	0.00e+00	0.00e+00	0.00e+00	0.00e+00	7.16e-01	4.42e-08	2.75e-08
 1.71387e+23	7.26e-01	2.73e-01	5.58e-04	1.79e-06	0.00e+00	0.00e+00	0.00e+00	0.00e+00	0.00e+00	7.26e-01	4.40e-08	2.73e-08
 1.71584e+23	7.36e-01	2.63e-01	5.07e-04	1.69e-06	0.00e+00	0.00e+00	0.00e+00	0.00e+00	0.00e+00	7.36e-01	4.37e-08	2.71e-08
 1.71790e+23	7.46e-01	2.54e-01	4.59e-04	1.59e-06	0.00e+00	0.00e+00	0.00e+00	0.00e+00	0.00e+00	7.46e-01	4.34e-08	2.69e-08
 1.72002e+23	7.55e-01	2.44e-01	4.16e-04	1.50e-06	0.00e+00	0.00e+00	0.00e+00	0.00e+00	0.00e+00	7.55e-01	4.31e-08	2.67e-08
 1.72219e+23	7.64e-01	2.35e-01	3.77e-04	1.41e-06	0.00e+00	0.00e+00	0.00e+00	0.00e+00	0.00e+00	7.64e-01	4.27e-08	2.65e-08
 1.72441e+23	7.73e-01	2.26e-01	3.41e-04	1.33e-06	0.00e+00	0.00e+00	0.00e+00	0.00e+00	0.00e+00	7.73e-01	4.24e-08	2.62e-08
 1.72669e+23	7.82e-01	2.18e-01	3.09e-04	1.26e-06	0.00e+00	0.00e+00	0.00e+00	0.00e+00	0.00e+00	7.82e-01	4.20e-08	2.60e-08
 1.72906e+23	7.90e-01	2.09e-01	2.79e-04	1.18e-06	0.00e+00	0.00e+00	0.00e+00	0.00e+00	0.00e+00	7.90e-01	4.16e-08	2.57e-08
 1.73151e+23	7.98e-01	2.01e-01	2.52e-04	1.12e-06	0.00e+00	0.00e+00	0.00e+00	0.00e+00	0.00e+00	7.98e-01	4.12e-08	2.55e-08
 1.73403e+23	8.06e-01	1.93e-01	2.28e-04	1.05e-06	0.00e+00	0.00e+00	0.00e+00	0.00e+00	0.00e+00	8.06e-01	4.08e-08	2.52e-08
 1.73663e+23	8.14e-01	1.86e-01	2.06e-04	9.92e-07	0.00e+00	0.00e+00	0.00e+00	0.00e+00	0.00e+00	8.14e-01	4.05e-08	2.50e-08
 1.73933e+23	8.21e-01	1.78e-01	1.87e-04	9.36e-07	0.00e+00	0.00e+00	0.00e+00	0.00e+00	0.00e+00	8.21e-01	4.01e-08	2.47e-08
 1.74213e+23	8.29e-01	1.71e-01	1.69e-04	8.82e-07	0.00e+00	0.00e+00	0.00e+00	0.00e+00	0.00e+00	8.29e-01	3.97e-08	2.44e-08
 1.74503e+23	8.36e-01	1.64e-01	1.53e-04	8.32e-07	0.00e+00	0.00e+00	0.00e+00	0.00e+00	0.00e+00	8.36e-01	3.93e-08	2.42e-08
 1.74806e+23	8.42e-01	1.58e-01	1.39e-04	7.84e-07	0.00e+00	0.00e+00	0.00e+00	0.00e+00	0.00e+00	8.42e-01	3.89e-08	2.39e-08
 1.75120e+23	8.49e-01	1.51e-01	1.26e-04	7.40e-07	0.00e+00	0.00e+00	0.00e+00	0.00e+00	0.00e+00	8.49e-01	3.85e-08	2.37e-08
 1.75442e+23	8.55e-01	1.45e-01	1.15e-04	6.99e-07	0.00e+00	0.00e+00	0.00e+00	0.00e+00	0.00e+00	8.55e-01	3.82e-08	2.34e-08
 1.75773e+23	8.60e-01	1.40e-01	1.05e-04	6.61e-07	0.00e+00	0.00e+00	0.00e+00	0.00e+00	0.00e+00	8.60e-01	3.79e-08	2.32e-08
 1.76113e+23	8.66e-01	1.34e-01	9.68e-05	6.26e-07	0.00e+00	0.00e+00	0.00e+00	0.00e+00	0.00e+00	8.66e-01	3.75e-08	2.30e-08
 1.76465e+23	8.71e-01	1.29e-01	8.93e-05	5.92e-07	0.00e+00	0.00e+00	0.00e+00	0.00e+00	0.00e+00	8.71e-01	3.72e-08	2.26e-08
 1.76838e+23	8.76e-01	1.24e-01	8.25e-05	5.61e-07	0.00e+00	0.00e+00	0.00e+00	0.00e+00	0.00e+00	8.76e-01	3.68e-08	2.23e-08
 1.77227e+23	8.81e-01	1.19e-01	7.66e-05	5.31e-07	0.00e+00	0.00e+00	0.00e+00	0.00e+00	0.00e+00	8.81e-01	3.65e-08	2.20e-08
 1.77625e+23	8.85e-01	1.15e-01	7.15e-05	5.04e-07	0.00e+00	0.00e+00	0.00e+00	0.00e+00	0.00e+00	8.85e-01	3.62e-08	2.18e-08
 1.78039e+23	8.89e-01	1.11e-01	6.71e-05	4.79e-07	0.00e+00	0.00e+00	0.00e+00	0.00e+00	0.00e+00	8.89e-01	3.59e-08	2.15e-08
 1.78480e+23	8.93e-01	1.07e-01	6.31e-05	4.55e-07	0.00e+00	0.00e+00	0.00e+00	0.00e+00	0.00e+00	8.93e-01	3.57e-08	2.13e-08
 1.78945e+23	8.97e-01	1.03e-01	5.95e-05	4.32e-07	0.00e+00	0.00e+00	0.00e+00	0.00e+00	0.00e+00	8.97e-01	3.55e-08	2.10e-08
 1.79432e+23	9.00e-01	9.96e-02	5.63e-05	4.10e-07	0.00e+00	0.00e+00	0.00e+00	0.00e+00	0.00e+00	9.00e-01	3.53e-08	2.08e-08
 1.79952e+23	9.04e-01	9.61e-02	5.35e-05	3.89e-07	0.00e+00	0.00e+00	0.00e+00	0.00e+00	0.00e+00	9.04e-01	3.51e-08	2.06e-08
 1.80505e+23	9.07e-01	9.27e-02	5.10e-05	3.69e-07	0.00e+00	0.00e+00	0.00e+00	0.00e+00	0.00e+00	9.07e-01	3.50e-08	2.04e-08
 1.81090e+23	9.11e-01	8.94e-02	4.87e-05	3.50e-07	0.00e+00	0.00e+00	0.00e+00	0.00e+00	0.00e+00	9.11e-01	3.49e-08	2.02e-08
 1.81692e+23	9.14e-01	8.62e-02	4.68e-05	3.31e-07	0.00e+00	0.00e+00	0.00e+00	0.00e+00	0.00e+00	9.14e-01	3.48e-08	2.00e-08
 1.82278e+23	9.16e-01	8.35e-02	4.52e-05	3.16e-07	0.00e+00	0.00e+00	0.00e+00	0.00e+00	0.00e+00	9.16e-01	3.47e-08	1.98e-08
 1.82840e+23	9.19e-01	8.10e-02	4.39e-05	3.02e-07	0.00e+00	0.00e+00	0.00e+00	0.00e+00	0.00e+00	9.19e-01	3.47e-08	1.97e-08
 1.83393e+23	9.21e-01	7.87e-02	4.27e-05	2.89e-07	0.00e+00	0.00e+00	0.00e+00	0.00e+00	0.00e+00	9.21e-01	3.47e-08	1.96e-08
 1.83937e+23	9.23e-01	7.65e-02	4.16e-05	2.77e-07	0.00e+00	0.00e+00	0.00e+00	0.00e+00	0.00e+00	9.23e-01	3.47e-08	1.95e-08
 1.84469e+23	9.26e-01	7.44e-02	4.07e-05	2.66e-07	0.00e+00	0.00e+00	0.00e+00	0.00e+00	0.00e+00	9.26e-01	3.47e-08	1.94e-08
 1.84983e+23	9.27e-01	7.25e-02	3.99e-05	2.55e-07	0.00e+00	0.00e+00	0.00e+00	0.00e+00	0.00e+00	9.27e-01	3.46e-08	1.92e-08
 1.85472e+23	9.29e-01	7.06e-02	3.92e-05	2.46e-07	0.00e+00	0.00e+00	0.00e+00	0.00e+00	0.00e+00	9.29e-01	3.46e-08	1.91e-08
 1.85928e+23	9.31e-01	6.90e-02	3.86e-05	2.38e-07	0.00e+00	0.00e+00	0.00e+00	0.00e+00	0.00e+00	9.31e-01	3.46e-08	1.90e-08
 1.86370e+23	9.33e-01	6.74e-02	3.80e-05	2.29e-07	0.00e+00	0.00e+00	0.00e+00	0.00e+00	0.00e+00	9.33e-01	3.45e-08	1.89e-08
 1.86812e+23	9.34e-01	6.58e-02	3.75e-05	2.22e-07	0.00e+00	0.00e+00	0.00e+00	0.00e+00	0.00e+00	9.34e-01	3.45e-08	1.89e-08
 1.87240e+23	9.36e-01	6.42e-02	3.70e-05	2.14e-07	0.00e+00	0.00e+00	0.00e+00	0.00e+00	0.00e+00	9.36e-01	3.45e-08	1.88e-08
 1.87652e+23	9.37e-01	6.28e-02	3.66e-05	2.07e-07	0.00e+00	0.00e+00	0.00e+00	0.00e+00	0.00e+00	9.37e-01	3.45e-08	1.87e-08
 1.88049e+23	9.39e-01	6.14e-02	3.62e-05	2.01e-07	0.00e+00	0.00e+00	0.00e+00	0.00e+00	0.00e+00	9.39e-01	3.44e-08	1.86e-08
 1.88432e+23	9.40e-01	6.01e-02	3.59e-05	1.95e-07	0.00e+00	0.00e+00	0.00e+00	0.00e+00	0.00e+00	9.40e-01	3.44e-08	1.85e-08
 1.88803e+23	9.41e-01	5.88e-02	3.55e-05	1.89e-07	0.00e+00	0.00e+00	0.00e+00	0.00e+00	0.00e+00	9.41e-01	3.44e-08	1.85e-08
 1.89160e+23	9.42e-01	5.75e-02	3.52e-05	1.84e-07	0.00e+00	0.00e+00	0.00e+00	0.00e+00	0.00e+00	9.42e-01	3.44e-08	1.84e-08
 1.89505e+23	9.44e-01	5.63e-02	3.49e-05	1.78e-07	0.00e+00	0.00e+00	0.00e+00	0.00e+00	0.00e+00	9.44e-01	3.44e-08	1.83e-08
 1.89836e+23	9.45e-01	5.52e-02	3.47e-05	1.74e-07	0.00e+00	0.00e+00	0.00e+00	0.00e+00	0.00e+00	9.45e-01	3.43e-08	1.83e-08
 1.90157e+23	9.46e-01	5.41e-02	3.44e-05	1.69e-07	0.00e+00	0.00e+00	0.00e+00	0.00e+00	0.00e+00	9.46e-01	3.43e-08	1.82e-08
 1.90466e+23	9.47e-01	5.30e-02	3.42e-05	1.65e-07	0.00e+00	0.00e+00	0.00e+00	0.00e+00	0.00e+00	9.47e-01	3.43e-08	1.81e-08
 1.90760e+23	9.48e-01	5.20e-02	3.40e-05	1.61e-07	0.00e+00	0.00e+00	0.00e+00	0.00e+00	0.00e+00	9.48e-01	3.43e-08	1.81e-08
 1.91048e+23	9.49e-01	5.10e-02	3.38e-05	1.56e-07	0.00e+00	0.00e+00	0.00e+00	0.00e+00	0.00e+00	9.49e-01	3.42e-08	1.80e-08
 1.91328e+23	9.50e-01	5.00e-02	3.36e-05	1.53e-07	0.00e+00	0.00e+00	0.00e+00	0.00e+00	0.00e+00	9.50e-01	3.42e-08	1.79e-08
 1.91582e+23	9.51e-01	4.91e-02	3.35e-05	1.49e-07	0.00e+00	0.00e+00	0.00e+00	0.00e+00	0.00e+00	9.51e-01	3.41e-08	1.79e-08
 1.91814e+23	9.52e-01	4.83e-02	3.33e-05	1.46e-07	0.00e+00	0.00e+00	0.00e+00	0.00e+00	0.00e+00	9.52e-01	3.41e-08	1.78e-08
 1.92025e+23	9.52e-01	4.76e-02	3.32e-05	1.44e-07	0.00e+00	0.00e+00	0.00e+00	0.00e+00	0.00e+00	9.52e-01	3.40e-08	1.77e-08
 1.92217e+23	9.53e-01	4.70e-02	3.31e-05	1.41e-07	0.00e+00	0.00e+00	0.00e+00	0.00e+00	0.00e+00	9.53e-01	3.40e-08	1.77e-08
 1.92392e+23	9.54e-01	4.64e-02	3.30e-05	1.39e-07	0.00e+00	0.00e+00	0.00e+00	0.00e+00	0.00e+00	9.54e-01	3.40e-08	1.76e-08
 1.92551e+23	9.54e-01	4.59e-02	3.28e-05	1.38e-07	0.00e+00	0.00e+00	0.00e+00	0.00e+00	0.00e+00	9.54e-01	3.38e-08	1.76e-08
 1.92695e+23	9.55e-01	4.54e-02	3.28e-05	1.36e-07	0.00e+00	0.00e+00	0.00e+00	0.00e+00	0.00e+00	9.55e-01	3.37e-08	1.75e-08
 1.92827e+23	9.55e-01	4.51e-02	3.27e-05	1.35e-07	0.00e+00	0.00e+00	0.00e+00	0.00e+00	0.00e+00	9.55e-01	3.36e-08	1.75e-08
 1.92971e+23	9.55e-01	4.45e-02	3.25e-05	1.32e-07	0.00e+00	0.00e+00	0.00e+00	0.00e+00	0.00e+00	9.55e-01	3.35e-08	1.75e-08
 1.93159e+23	9.56e-01	4.37e-02	3.24e-05	1.30e-07	0.00e+00	0.00e+00	0.00e+00	0.00e+00	0.00e+00	9.56e-01	3.33e-08	1.74e-08
 1.93361e+23	9.57e-01	4.30e-02	3.22e-05	1.27e-07	0.00e+00	0.00e+00	0.00e+00	0.00e+00	0.00e+00	9.57e-01	3.32e-08	1.73e-08
 1.93545e+23	9.58e-01	4.22e-02	3.20e-05	1.25e-07	0.00e+00	0.00e+00	0.00e+00	0.00e+00	0.00e+00	9.58e-01	3.31e-08	1.73e-08
 1.93713e+23	9.58e-01	4.18e-02	3.19e-05	0.00e+00	0.00e+00	0.00e+00	0.00e+00	0.00e+00	0.00e+00	9.58e-01	3.30e-08	1.72e-08
 1.93866e+23	9.59e-01	4.13e-02	3.17e-05	0.00e+00	0.00e+00	0.00e+00	0.00e+00	0.00e+00	0.00e+00	9.59e-01	3.29e-08	1.72e-08
 1.94004e+23	9.59e-01	4.08e-02	3.16e-05	0.00e+00	0.00e+00	0.00e+00	0.00e+00	0.00e+00	0.00e+00	9.59e-01	3.27e-08	1.71e-08
 1.94131e+23	9.59e-01	4.05e-02	3.15e-05	0.00e+00	0.00e+00	0.00e+00	0.00e+00	0.00e+00	0.00e+00	9.59e-01	3.27e-08	1.71e-08
 1.94269e+23	9.60e-01	4.00e-02	3.13e-05	0.00e+00	0.00e+00	0.00e+00	0.00e+00	0.00e+00	0.00e+00	9.60e-01	3.26e-08	1.71e-08
 1.94419e+23	9.60e-01	3.97e-02	3.12e-05	0.00e+00	0.00e+00	0.00e+00	0.00e+00	0.00e+00	0.00e+00	9.60e-01	3.26e-08	1.71e-08
 1.94582e+23	9.61e-01	3.91e-02	3.10e-05	0.00e+00	0.00e+00	0.00e+00	0.00e+00	0.00e+00	0.00e+00	9.61e-01	3.25e-08	1.70e-08
 1.94759e+23	9.61e-01	3.86e-02	3.08e-05	0.00e+00	0.00e+00	0.00e+00	0.00e+00	0.00e+00	0.00e+00	9.61e-01	3.25e-08	1.70e-08
 1.94953e+23	9.62e-01	3.79e-02	3.05e-05	0.00e+00	0.00e+00	0.00e+00	0.00e+00	0.00e+00	0.00e+00	9.62e-01	3.24e-08	1.70e-08
 1.95162e+23	9.63e-01	3.73e-02	3.03e-05	0.00e+00	0.00e+00	0.00e+00	0.00e+00	0.00e+00	0.00e+00	9.63e-01	3.24e-08	1.69e-08
 1.95352e+23	9.63e-01	3.67e-02	3.01e-05	0.00e+00	0.00e+00	0.00e+00	0.00e+00	0.00e+00	0.00e+00	9.63e-01	3.23e-08	1.69e-08
 1.95526e+23	9.64e-01	3.64e-02	2.99e-05	0.00e+00	0.00e+00	0.00e+00	0.00e+00	0.00e+00	0.00e+00	9.64e-01	3.22e-08	1.69e-08
 1.95715e+23	9.64e-01	3.58e-02	2.96e-05	0.00e+00	0.00e+00	0.00e+00	0.00e+00	0.00e+00	0.00e+00	9.64e-01	3.22e-08	1.69e-08
 1.95920e+23	9.65e-01	3.51e-02	2.94e-05	0.00e+00	0.00e+00	0.00e+00	0.00e+00	0.00e+00	0.00e+00	9.65e-01	3.21e-08	1.68e-08
 1.96107e+23	9.65e-01	3.47e-02	2.92e-05	0.00e+00	0.00e+00	0.00e+00	0.00e+00	0.00e+00	0.00e+00	9.65e-01	3.21e-08	1.68e-08
 1.96311e+23	9.66e-01	3.41e-02	2.89e-05	0.00e+00	0.00e+00	0.00e+00	0.00e+00	0.00e+00	0.00e+00	9.66e-01	3.20e-08	1.68e-08
 1.96532e+23	9.67e-01	3.35e-02	2.86e-05	0.00e+00	0.00e+00	0.00e+00	0.00e+00	0.00e+00	0.00e+00	9.67e-01	3.20e-08	1.67e-08
 1.96732e+23	9.67e-01	3.30e-02	2.83e-05	0.00e+00	0.00e+00	0.00e+00	0.00e+00	0.00e+00	0.00e+00	9.67e-01	3.19e-08	1.67e-08
 1.96915e+23	9.67e-01	3.26e-02	2.81e-05	0.00e+00	0.00e+00	0.00e+00	0.00e+00	0.00e+00	0.00e+00	9.67e-01	3.19e-08	1.66e-08
 1.97081e+23	9.68e-01	3.22e-02	2.78e-05	0.00e+00	0.00e+00	0.00e+00	0.00e+00	0.00e+00	0.00e+00	9.68e-01	3.18e-08	1.66e-08
 1.97233e+23	9.68e-01	3.18e-02	2.76e-05	0.00e+00	0.00e+00	0.00e+00	0.00e+00	0.00e+00	0.00e+00	9.68e-01	3.17e-08	1.65e-08
 1.97370e+23	9.68e-01	3.15e-02	2.74e-05	0.00e+00	0.00e+00	0.00e+00	0.00e+00	0.00e+00	0.00e+00	9.68e-01	3.17e-08	1.65e-08
 1.97521e+23	9.69e-01	3.11e-02	2.72e-05	0.00e+00	0.00e+00	0.00e+00	0.00e+00	0.00e+00	0.00e+00	9.69e-01	3.17e-08	1.65e-08
 1.97717e+23	9.69e-01	3.05e-02	2.69e-05	0.00e+00	0.00e+00	0.00e+00	0.00e+00	0.00e+00	0.00e+00	9.69e-01	3.16e-08	1.64e-08
 1.97929e+23	9.70e-01	2.99e-02	2.66e-05	0.00e+00	0.00e+00	0.00e+00	0.00e+00	0.00e+00	0.00e+00	9.70e-01	3.16e-08	1.64e-08
 1.98121e+23	9.71e-01	2.94e-02	2.63e-05	0.00e+00	0.00e+00	0.00e+00	0.00e+00	0.00e+00	0.00e+00	9.71e-01	3.15e-08	1.63e-08
 1.98297e+23	9.71e-01	2.90e-02	2.61e-05	0.00e+00	0.00e+00	0.00e+00	0.00e+00	0.00e+00	0.00e+00	9.71e-01	3.14e-08	1.63e-08
 1.98456e+23	9.71e-01	2.87e-02	2.59e-05	0.00e+00	0.00e+00	0.00e+00	0.00e+00	0.00e+00	0.00e+00	9.71e-01	3.14e-08	1.62e-08
 1.98631e+23	9.72e-01	2.82e-02	2.56e-05	0.00e+00	0.00e+00	0.00e+00	0.00e+00	0.00e+00	0.00e+00	9.72e-01	3.14e-08	1.62e-08
 1.98820e+23	9.72e-01	2.78e-02	2.54e-05	0.00e+00	0.00e+00	0.00e+00	0.00e+00	0.00e+00	0.00e+00	9.72e-01	3.13e-08	1.61e-08
 1.98992e+23	9.73e-01	2.74e-02	2.52e-05	0.00e+00	0.00e+00	0.00e+00	0.00e+00	0.00e+00	0.00e+00	9.73e-01	3.13e-08	1.61e-08
 1.99180e+23	9.73e-01	2.70e-02	2.49e-05	0.00e+00	0.00e+00	0.00e+00	0.00e+00	0.00e+00	0.00e+00	9.73e-01	3.12e-08	1.61e-08
 1.99383e+23	9.74e-01	2.65e-02	2.46e-05	0.00e+00	0.00e+00	0.00e+00	0.00e+00	0.00e+00	0.00e+00	9.74e-01	3.12e-08	1.60e-08
 1.99568e+23	9.74e-01	2.61e-02	2.44e-05	0.00e+00	0.00e+00	0.00e+00	0.00e+00	0.00e+00	0.00e+00	9.74e-01	3.12e-08	1.60e-08
 1.99770e+23	9.74e-01	2.57e-02	2.42e-05	0.00e+00	0.00e+00	0.00e+00	0.00e+00	0.00e+00	0.00e+00	9.74e-01	3.11e-08	1.59e-08
 1.99989e+23	9.75e-01	2.52e-02	2.39e-05	0.00e+00	0.00e+00	0.00e+00	0.00e+00	0.00e+00	0.00e+00	9.75e-01	3.09e-08	1.58e-08
 2.00188e+23	9.75e-01	2.48e-02	2.37e-05	0.00e+00	0.00e+00	0.00e+00	0.00e+00	0.00e+00	0.00e+00	9.75e-01	3.06e-08	1.56e-08
 2.00369e+23	9.75e-01	2.46e-02	2.35e-05	0.00e+00	0.00e+00	0.00e+00	0.00e+00	0.00e+00	0.00e+00	9.75e-01	3.05e-08	1.56e-08
 2.00568e+23	9.76e-01	2.42e-02	2.33e-05	0.00e+00	0.00e+00	0.00e+00	0.00e+00	0.00e+00	0.00e+00	9.76e-01	3.03e-08	1.55e-08
 2.00782e+23	9.76e-01	2.37e-02	2.31e-05	0.00e+00	0.00e+00	0.00e+00	0.00e+00	0.00e+00	0.00e+00	9.76e-01	3.00e-08	1.53e-08
 2.00977e+23	9.76e-01	2.35e-02	2.29e-05	0.00e+00	0.00e+00	0.00e+00	0.00e+00	0.00e+00	0.00e+00	9.76e-01	2.99e-08	1.53e-08
 2.01190e+23	9.77e-01	2.31e-02	2.26e-05	0.00e+00	0.00e+00	0.00e+00	0.00e+00	0.00e+00	0.00e+00	9.77e-01	2.96e-08	1.51e-08
 2.01421e+23	9.77e-01	2.26e-02	2.24e-05	0.00e+00	0.00e+00	0.00e+00	0.00e+00	0.00e+00	0.00e+00	9.77e-01	2.94e-08	1.49e-08
 2.01631e+23	9.78e-01	2.22e-02	2.22e-05	0.00e+00	0.00e+00	0.00e+00	0.00e+00	0.00e+00	0.00e+00	9.78e-01	2.91e-08	1.47e-08
 2.01822e+23	9.78e-01	2.21e-02	2.20e-05	0.00e+00	0.00e+00	0.00e+00	0.00e+00	0.00e+00	0.00e+00	9.78e-01	2.90e-08	1.46e-08
 2.02031e+23	9.78e-01	2.17e-02	2.18e-05	0.00e+00	0.00e+00	0.00e+00	0.00e+00	0.00e+00	0.00e+00	9.78e-01	2.88e-08	1.45e-08
 2.02257e+23	9.79e-01	2.13e-02	2.16e-05	0.00e+00	0.00e+00	0.00e+00	0.00e+00	0.00e+00	0.00e+00	9.79e-01	2.85e-08	1.43e-08
 2.02463e+23	9.79e-01	2.10e-02	2.14e-05	0.00e+00	0.00e+00	0.00e+00	0.00e+00	0.00e+00	0.00e+00	9.79e-01	2.84e-08	1.42e-08
 2.02688e+23	9.79e-01	2.06e-02	2.12e-05	0.00e+00	0.00e+00	0.00e+00	0.00e+00	0.00e+00	0.00e+00	9.79e-01	2.81e-08	1.40e-08
 2.02931e+23	9.80e-01	2.02e-02	2.10e-05	0.00e+00	0.00e+00	0.00e+00	0.00e+00	0.00e+00	0.00e+00	9.80e-01	2.79e-08	1.39e-08
 2.03153e+23	9.80e-01	1.99e-02	2.08e-05	0.00e+00	0.00e+00	0.00e+00	0.00e+00	0.00e+00	0.00e+00	9.80e-01	2.77e-08	1.37e-08
 2.03354e+23	9.80e-01	1.97e-02	2.06e-05	0.00e+00	0.00e+00	0.00e+00	0.00e+00	0.00e+00	0.00e+00	9.80e-01	2.76e-08	1.36e-08
 2.03575e+23	9.81e-01	1.94e-02	2.04e-05	0.00e+00	0.00e+00	0.00e+00	0.00e+00	0.00e+00	0.00e+00	9.81e-01	2.74e-08	1.35e-08
 2.03813e+23	9.81e-01	1.90e-02	2.02e-05	0.00e+00	0.00e+00	0.00e+00	0.00e+00	0.00e+00	0.00e+00	9.81e-01	2.71e-08	1.33e-08
 2.04030e+23	9.81e-01	1.87e-02	2.01e-05	0.00e+00	0.00e+00	0.00e+00	0.00e+00	0.00e+00	0.00e+00	9.81e-01	2.70e-08	1.32e-08
 2.04268e+23	9.82e-01	1.84e-02	1.98e-05	0.00e+00	0.00e+00	0.00e+00	0.00e+00	0.00e+00	0.00e+00	9.82e-01	2.67e-08	1.30e-08
 2.04524e+23	9.82e-01	1.80e-02	1.96e-05	0.00e+00	0.00e+00	0.00e+00	0.00e+00	0.00e+00	0.00e+00	9.82e-01	2.64e-08	1.28e-08
 2.04758e+23	9.82e-01	1.78e-02	1.95e-05	0.00e+00	0.00e+00	0.00e+00	0.00e+00	0.00e+00	0.00e+00	9.82e-01	2.63e-08	1.27e-08
 2.05013e+23	9.83e-01	1.74e-02	1.92e-05	0.00e+00	0.00e+00	0.00e+00	0.00e+00	0.00e+00	0.00e+00	9.83e-01	2.59e-08	1.25e-08
 2.05290e+23	9.83e-01	1.70e-02	1.90e-05	0.00e+00	0.00e+00	0.00e+00	0.00e+00	0.00e+00	0.00e+00	9.83e-01	2.56e-08	1.23e-08
 2.05541e+23	9.83e-01	1.68e-02	1.89e-05	0.00e+00	0.00e+00	0.00e+00	0.00e+00	0.00e+00	0.00e+00	9.83e-01	2.55e-08	1.22e-08
 2.05816e+23	9.84e-01	1.64e-02	1.86e-05	0.00e+00	0.00e+00	0.00e+00	0.00e+00	0.00e+00	0.00e+00	9.84e-01	2.51e-08	1.20e-08
 2.06114e+23	9.84e-01	1.61e-02	1.84e-05	0.00e+00	0.00e+00	0.00e+00	0.00e+00	0.00e+00	0.00e+00	9.84e-01	2.49e-08	1.18e-08
 2.06384e+23	9.84e-01	1.58e-02	1.82e-05	0.00e+00	0.00e+00	0.00e+00	0.00e+00	0.00e+00	0.00e+00	9.84e-01	2.46e-08	1.16e-08
 2.06630e+23	9.84e-01	1.55e-02	1.81e-05	0.00e+00	0.00e+00	0.00e+00	0.00e+00	0.00e+00	0.00e+00	9.84e-01	2.43e-08	1.14e-08
 2.06854e+23	9.85e-01	1.53e-02	1.79e-05	0.00e+00	0.00e+00	0.00e+00	0.00e+00	0.00e+00	0.00e+00	9.85e-01	2.42e-08	1.13e-08
 2.07100e+23	9.85e-01	1.51e-02	1.77e-05	0.00e+00	0.00e+00	0.00e+00	0.00e+00	0.00e+00	0.00e+00	9.85e-01	2.40e-08	1.12e-08
 2.07365e+23	9.85e-01	1.47e-02	1.76e-05	0.00e+00	0.00e+00	0.00e+00	0.00e+00	0.00e+00	0.00e+00	9.85e-01	2.37e-08	1.10e-08
 2.07606e+23	9.85e-01	1.46e-02	1.74e-05	0.00e+00	0.00e+00	0.00e+00	0.00e+00	0.00e+00	0.00e+00	9.85e-01	2.36e-08	1.09e-08
 2.07870e+23	9.86e-01	1.43e-02	1.72e-05	0.00e+00	0.00e+00	0.00e+00	0.00e+00	0.00e+00	0.00e+00	9.86e-01	2.33e-08	1.07e-08
 2.08156e+23	9.86e-01	1.39e-02	1.70e-05	0.00e+00	0.00e+00	0.00e+00	0.00e+00	0.00e+00	0.00e+00	9.86e-01	2.30e-08	1.05e-08
 2.08415e+23	9.86e-01	1.38e-02	1.69e-05	0.00e+00	0.00e+00	0.00e+00	0.00e+00	0.00e+00	0.00e+00	9.86e-01	2.29e-08	1.04e-08
 2.08700e+23	9.87e-01	1.35e-02	1.67e-05	0.00e+00	0.00e+00	0.00e+00	0.00e+00	0.00e+00	0.00e+00	9.87e-01	2.26e-08	1.03e-08
 2.09007e+23	9.87e-01	1.31e-02	1.65e-05	0.00e+00	0.00e+00	0.00e+00	0.00e+00	0.00e+00	0.00e+00	9.87e-01	2.23e-08	1.01e-08
 2.09286e+23	9.87e-01	1.30e-02	1.64e-05	0.00e+00	0.00e+00	0.00e+00	0.00e+00	0.00e+00	0.00e+00	9.87e-01	2.23e-08	1.00e-08
 2.09593e+23	9.87e-01	1.27e-02	1.61e-05	0.00e+00	0.00e+00	0.00e+00	0.00e+00	0.00e+00	0.00e+00	9.87e-01	2.20e-08	9.81e-09
 2.09923e+23	9.88e-01	1.24e-02	1.60e-05	0.00e+00	0.00e+00	0.00e+00	0.00e+00	0.00e+00	0.00e+00	9.88e-01	2.17e-08	9.59e-09
 2.10224e+23	9.88e-01	1.22e-02	1.58e-05	0.00e+00	0.00e+00	0.00e+00	0.00e+00	0.00e+00	0.00e+00	9.88e-01	2.16e-08	9.50e-09
 2.10554e+23	9.88e-01	1.19e-02	1.56e-05	0.00e+00	0.00e+00	0.00e+00	0.00e+00	0.00e+00	0.00e+00	9.88e-01	2.13e-08	9.29e-09
 2.10910e+23	9.88e-01	1.16e-02	1.54e-05	0.00e+00	0.00e+00	0.00e+00	0.00e+00	0.00e+00	0.00e+00	9.88e-01	2.10e-08	9.07e-09
 2.11234e+23	9.89e-01	1.14e-02	1.52e-05	0.00e+00	0.00e+00	0.00e+00	0.00e+00	0.00e+00	0.00e+00	9.89e-01	2.09e-08	8.96e-09
 2.11589e+23	9.89e-01	1.11e-02	1.50e-05	0.00e+00	0.00e+00	0.00e+00	0.00e+00	0.00e+00	0.00e+00	9.89e-01	2.06e-08	8.77e-09
 2.11972e+23	9.89e-01	1.08e-02	1.48e-05	0.00e+00	0.00e+00	0.00e+00	0.00e+00	0.00e+00	0.00e+00	9.89e-01	2.02e-08	8.56e-09
 2.12321e+23	9.89e-01	1.06e-02	1.47e-05	0.00e+00	0.00e+00	0.00e+00	0.00e+00	0.00e+00	0.00e+00	9.89e-01	2.01e-08	8.45e-09
 2.12703e+23	9.90e-01	1.03e-02	1.45e-05	0.00e+00	0.00e+00	0.00e+00	0.00e+00	0.00e+00	0.00e+00	9.90e-01	1.98e-08	8.26e-09
 2.13115e+23	9.90e-01	1.01e-02	1.43e-05	0.00e+00	0.00e+00	0.00e+00	0.00e+00	0.00e+00	0.00e+00	9.90e-01	1.96e-08	8.10e-09
 2.13491e+23	9.90e-01	9.84e-03	1.41e-05	0.00e+00	0.00e+00	0.00e+00	0.00e+00	0.00e+00	0.00e+00	9.90e-01	1.94e-08	7.95e-09
 2.13832e+23	9.90e-01	9.66e-03	1.39e-05	0.00e+00	0.00e+00	0.00e+00	0.00e+00	0.00e+00	0.00e+00	9.90e-01	1.92e-08	7.82e-09
 2.14207e+23	9.91e-01	9.40e-03	1.37e-05	0.00e+00	0.00e+00	0.00e+00	0.00e+00	0.00e+00	0.00e+00	9.91e-01	1.89e-08	7.64e-09
 2.14611e+23	9.91e-01	9.14e-03	1.36e-05	0.00e+00	0.00e+00	0.00e+00	0.00e+00	0.00e+00	0.00e+00	9.91e-01	1.86e-08	7.45e-09
 2.14979e+23	9.91e-01	8.97e-03	1.34e-05	0.00e+00	0.00e+00	0.00e+00	0.00e+00	0.00e+00	0.00e+00	9.91e-01	1.85e-08	7.36e-09
 2.15382e+23	9.91e-01	8.72e-03	1.32e-05	0.00e+00	0.00e+00	0.00e+00	0.00e+00	0.00e+00	0.00e+00	9.91e-01	1.82e-08	7.18e-09
 2.15817e+23	9.92e-01	8.48e-03	1.30e-05	0.00e+00	0.00e+00	0.00e+00	0.00e+00	0.00e+00	0.00e+00	9.92e-01	1.79e-08	6.99e-09
 2.16213e+23	9.92e-01	8.31e-03	1.29e-05	0.00e+00	0.00e+00	0.00e+00	0.00e+00	0.00e+00	0.00e+00	9.92e-01	1.78e-08	6.89e-09
 2.16646e+23	9.92e-01	8.08e-03	1.27e-05	0.00e+00	0.00e+00	0.00e+00	0.00e+00	0.00e+00	0.00e+00	9.92e-01	1.76e-08	6.73e-09
 2.17115e+23	9.92e-01	7.85e-03	1.25e-05	0.00e+00	0.00e+00	0.00e+00	0.00e+00	0.00e+00	0.00e+00	9.92e-01	1.74e-08	6.58e-09
 2.17541e+23	9.92e-01	7.65e-03	1.23e-05	0.00e+00	0.00e+00	0.00e+00	0.00e+00	0.00e+00	0.00e+00	9.92e-01	1.72e-08	6.43e-09
 2.17929e+23	9.92e-01	7.49e-03	1.22e-05	0.00e+00	0.00e+00	0.00e+00	0.00e+00	0.00e+00	0.00e+00	9.92e-01	1.70e-08	6.32e-09
 2.18354e+23	9.93e-01	7.28e-03	1.20e-05	0.00e+00	0.00e+00	0.00e+00	0.00e+00	0.00e+00	0.00e+00	9.93e-01	1.68e-08	6.17e-09
 2.18813e+23	9.93e-01	7.09e-03	1.18e-05	0.00e+00	0.00e+00	0.00e+00	0.00e+00	0.00e+00	0.00e+00	9.93e-01	1.66e-08	6.03e-09
 2.19230e+23	9.93e-01	6.91e-03	1.17e-05	0.00e+00	0.00e+00	0.00e+00	0.00e+00	0.00e+00	0.00e+00	9.93e-01	1.64e-08	5.90e-09
 2.19688e+23	9.93e-01	6.71e-03	1.15e-05	0.00e+00	0.00e+00	0.00e+00	0.00e+00	0.00e+00	0.00e+00	9.93e-01	1.62e-08	5.74e-09
 2.20182e+23	9.93e-01	6.53e-03	1.13e-05	0.00e+00	0.00e+00	0.00e+00	0.00e+00	0.00e+00	0.00e+00	9.93e-01	1.60e-08	5.61e-09
 2.20631e+23	9.94e-01	6.36e-03	1.11e-05	0.00e+00	0.00e+00	0.00e+00	0.00e+00	0.00e+00	0.00e+00	9.94e-01	1.58e-08	5.47e-09
 2.21124e+23	9.94e-01	6.16e-03	1.10e-05	0.00e+00	0.00e+00	0.00e+00	0.00e+00	0.00e+00	0.00e+00	9.94e-01	1.56e-08	5.32e-09
 2.21655e+23	9.94e-01	5.99e-03	1.08e-05	0.00e+00	0.00e+00	0.00e+00	0.00e+00	0.00e+00	0.00e+00	9.94e-01	1.54e-08	5.18e-09
 2.22139e+23	9.94e-01	5.83e-03	1.06e-05	0.00e+00	0.00e+00	0.00e+00	0.00e+00	0.00e+00	0.00e+00	9.94e-01	1.52e-08	5.05e-09
 2.22580e+23	9.94e-01	5.69e-03	1.05e-05	0.00e+00	0.00e+00	0.00e+00	0.00e+00	0.00e+00	0.00e+00	9.94e-01	1.50e-08	4.94e-09
 2.23062e+23	9.94e-01	5.52e-03	1.03e-05	0.00e+00	0.00e+00	0.00e+00	0.00e+00	0.00e+00	0.00e+00	9.94e-01	1.48e-08	4.81e-09
 2.23583e+23	9.95e-01	5.36e-03	1.02e-05	0.00e+00	0.00e+00	0.00e+00	0.00e+00	0.00e+00	0.00e+00	9.95e-01	1.47e-08	4.68e-09
 2.24057e+23	9.95e-01	5.22e-03	1.00e-05	0.00e+00	0.00e+00	0.00e+00	0.00e+00	0.00e+00	0.00e+00	9.95e-01	1.45e-08	4.56e-09
 2.24576e+23	9.95e-01	5.06e-03	9.83e-06	0.00e+00	0.00e+00	0.00e+00	0.00e+00	0.00e+00	0.00e+00	9.95e-01	1.43e-08	4.42e-09
 2.25137e+23	9.95e-01	4.90e-03	9.67e-06	0.00e+00	0.00e+00	0.00e+00	0.00e+00	0.00e+00	0.00e+00	9.95e-01	1.41e-08	4.29e-09
 2.25648e+23	9.95e-01	4.67e-03	9.52e-06	0.00e+00	0.00e+00	0.00e+00	0.00e+00	0.00e+00	0.00e+00	9.95e-01	1.39e-08	4.16e-09
 2.26207e+23	9.96e-01	4.37e-03	9.34e-06	0.00e+00	0.00e+00	0.00e+00	0.00e+00	0.00e+00	0.00e+00	9.96e-01	1.37e-08	4.02e-09
 2.26922e+23	9.96e-01	4.06e-03	9.11e-06	0.00e+00	0.00e+00	0.00e+00	0.00e+00	0.00e+00	0.00e+00	9.96e-01	1.33e-08	3.81e-09
 2.27681e+23	9.96e-01	3.85e-03	8.91e-06	0.00e+00	0.00e+00	0.00e+00	0.00e+00	0.00e+00	0.00e+00	9.96e-01	1.31e-08	3.65e-09
 2.28439e+23	9.96e-01	3.62e-03	8.70e-06	0.00e+00	0.00e+00	0.00e+00	0.00e+00	0.00e+00	0.00e+00	9.96e-01	1.28e-08	3.47e-09
 2.29229e+23	9.97e-01	3.41e-03	8.49e-06	0.00e+00	0.00e+00	0.00e+00	0.00e+00	0.00e+00	0.00e+00	9.97e-01	1.25e-08	3.31e-09
 2.30016e+23	9.97e-01	3.20e-03	8.29e-06	0.00e+00	0.00e+00	0.00e+00	0.00e+00	0.00e+00	0.00e+00	9.97e-01	1.23e-08	3.14e-09
 2.30813e+23	9.97e-01	3.01e-03	8.09e-06	0.00e+00	0.00e+00	0.00e+00	0.00e+00	0.00e+00	0.00e+00	9.97e-01	1.20e-08	2.98e-09
 2.31616e+23	9.97e-01	2.82e-03	7.89e-06	0.00e+00	0.00e+00	0.00e+00	0.00e+00	0.00e+00	0.00e+00	9.97e-01	1.17e-08	2.83e-09
 2.32428e+23	9.97e-01	2.63e-03	7.70e-06	0.00e+00	0.00e+00	0.00e+00	0.00e+00	0.00e+00	0.00e+00	9.97e-01	1.15e-08	2.68e-09
 2.33245e+23	9.98e-01	2.46e-03	7.51e-06	0.00e+00	0.00e+00	0.00e+00	0.00e+00	0.00e+00	0.00e+00	9.98e-01	1.12e-08	2.54e-09
 2.34070e+23	9.98e-01	2.30e-03	7.32e-06	0.00e+00	0.00e+00	0.00e+00	0.00e+00	0.00e+00	0.00e+00	9.98e-01	1.09e-08	2.40e-09
 2.34905e+23	9.98e-01	2.14e-03	7.14e-06	0.00e+00	0.00e+00	0.00e+00	0.00e+00	0.00e+00	0.00e+00	9.98e-01	1.06e-08	2.27e-09
 2.35747e+23	9.98e-01	1.99e-03	6.96e-06	0.00e+00	0.00e+00	0.00e+00	0.00e+00	0.00e+00	0.00e+00	9.98e-01	1.04e-08	2.14e-09
 2.36596e+23	9.98e-01	1.84e-03	6.78e-06	0.00e+00	0.00e+00	0.00e+00	0.00e+00	0.00e+00	0.00e+00	9.98e-01	1.01e-08	2.01e-09
 2.37452e+23	9.98e-01	1.71e-03	6.61e-06	0.00e+00	0.00e+00	0.00e+00	0.00e+00	0.00e+00	0.00e+00	9.98e-01	9.80e-09	1.89e-09
 2.38314e+23	9.98e-01	1.58e-03	6.44e-06	0.00e+00	0.00e+00	0.00e+00	0.00e+00	0.00e+00	0.00e+00	9.98e-01	9.51e-09	1.77e-09
 2.39182e+23	9.99e-01	1.46e-03	6.27e-06	0.00e+00	0.00e+00	0.00e+00	0.00e+00	0.00e+00	0.00e+00	9.99e-01	9.23e-09	1.66e-09
 2.40056e+23	9.99e-01	1.34e-03	6.11e-06	0.00e+00	0.00e+00	0.00e+00	0.00e+00	0.00e+00	0.00e+00	9.99e-01	8.95e-09	1.55e-09
 2.40936e+23	9.99e-01	1.23e-03	5.95e-06	0.00e+00	0.00e+00	0.00e+00	0.00e+00	0.00e+00	0.00e+00	9.99e-01	8.66e-09	1.44e-09
 2.41824e+23	9.99e-01	1.13e-03	5.79e-06	0.00e+00	0.00e+00	0.00e+00	0.00e+00	0.00e+00	0.00e+00	9.99e-01	8.38e-09	1.34e-09
 2.42718e+23	9.99e-01	1.03e-03	5.63e-06	0.00e+00	0.00e+00	0.00e+00	0.00e+00	0.00e+00	0.00e+00	9.99e-01	8.10e-09	1.25e-09
 2.43619e+23	9.99e-01	9.46e-04	5.48e-06	0.00e+00	0.00e+00	0.00e+00	0.00e+00	0.00e+00	0.00e+00	9.99e-01	7.81e-09	1.16e-09
 2.44527e+23	9.99e-01	8.62e-04	5.33e-06	0.00e+00	0.00e+00	0.00e+00	0.00e+00	0.00e+00	0.00e+00	9.99e-01	7.53e-09	1.07e-09
 2.45441e+23	9.99e-01	7.86e-04	5.19e-06	0.00e+00	0.00e+00	0.00e+00	0.00e+00	0.00e+00	0.00e+00	9.99e-01	7.26e-09	9.85e-10
 2.46375e+23	9.99e-01	7.13e-04	5.04e-06	0.00e+00	0.00e+00	0.00e+00	0.00e+00	0.00e+00	0.00e+00	9.99e-01	6.98e-09	9.05e-10
 2.47328e+23	9.99e-01	6.45e-04	4.90e-06	0.00e+00	0.00e+00	0.00e+00	0.00e+00	0.00e+00	0.00e+00	9.99e-01	6.70e-09	8.30e-10
 2.48292e+23	9.99e-01	5.83e-04	4.76e-06	0.00e+00	0.00e+00	0.00e+00	0.00e+00	0.00e+00	0.00e+00	9.99e-01	6.43e-09	7.59e-10
 2.49267e+23	9.99e-01	5.25e-04	4.62e-06	0.00e+00	0.00e+00	0.00e+00	0.00e+00	0.00e+00	0.00e+00	9.99e-01	6.16e-09	6.92e-10
 2.50253e+23	1.00e+00	4.72e-04	4.48e-06	0.00e+00	0.00e+00	0.00e+00	0.00e+00	0.00e+00	0.00e+00	1.00e+00	5.89e-09	6.29e-10
 2.51249e+23	1.00e+00	4.23e-04	4.35e-06	0.00e+00	0.00e+00	0.00e+00	0.00e+00	0.00e+00	0.00e+00	1.00e+00	5.63e-09	5.71e-10
 2.52257e+23	1.00e+00	3.78e-04	4.22e-06	0.00e+00	0.00e+00	0.00e+00	0.00e+00	0.00e+00	0.00e+00	1.00e+00	5.37e-09	5.16e-10
 2.53277e+23	1.00e+00	3.37e-04	4.09e-06	0.00e+00	0.00e+00	0.00e+00	0.00e+00	0.00e+00	0.00e+00	1.00e+00	5.11e-09	4.66e-10
 2.54314e+23	1.00e+00	3.00e-04	3.96e-06	0.00e+00	0.00e+00	0.00e+00	0.00e+00	0.00e+00	0.00e+00	1.00e+00	4.86e-09	4.19e-10
 2.55368e+23	1.00e+00	2.67e-04	3.83e-06	0.00e+00	0.00e+00	0.00e+00	0.00e+00	0.00e+00	0.00e+00	1.00e+00	4.63e-09	3.77e-10
 2.56449e+23	1.00e+00	2.36e-04	3.71e-06	0.00e+00	0.00e+00	0.00e+00	0.00e+00	0.00e+00	0.00e+00	1.00e+00	4.39e-09	3.37e-10
 2.57558e+23	1.00e+00	2.08e-04	3.58e-06	0.00e+00	0.00e+00	0.00e+00	0.00e+00	0.00e+00	0.00e+00	1.00e+00	4.17e-09	3.00e-10
 2.58685e+23	1.00e+00	1.83e-04	3.46e-06	0.00e+00	0.00e+00	0.00e+00	0.00e+00	0.00e+00	0.00e+00	1.00e+00	3.95e-09	2.67e-10
 2.59832e+23	1.00e+00	1.60e-04	3.34e-06	0.00e+00	0.00e+00	0.00e+00	0.00e+00	0.00e+00	0.00e+00	1.00e+00	3.73e-09	2.37e-10
 2.61000e+23	1.00e+00	1.40e-04	3.22e-06	0.00e+00	0.00e+00	0.00e+00	0.00e+00	0.00e+00	0.00e+00	1.00e+00	3.53e-09	2.09e-10
 2.62190e+23	1.00e+00	1.22e-04	3.11e-06	0.00e+00	0.00e+00	0.00e+00	0.00e+00	0.00e+00	0.00e+00	1.00e+00	3.32e-09	1.84e-10
 2.63402e+23	1.00e+00	1.06e-04	2.99e-06	0.00e+00	0.00e+00	0.00e+00	0.00e+00	0.00e+00	0.00e+00	1.00e+00	3.13e-09	1.61e-10
 2.64640e+23	1.00e+00	9.16e-05	2.88e-06	0.00e+00	0.00e+00	0.00e+00	0.00e+00	0.00e+00	0.00e+00	1.00e+00	2.94e-09	1.41e-10
 2.65909e+23	1.00e+00	7.90e-05	2.77e-06	0.00e+00	0.00e+00	0.00e+00	0.00e+00	0.00e+00	0.00e+00	1.00e+00	2.75e-09	1.23e-10
 2.67209e+23	1.00e+00	6.80e-05	2.66e-06	0.00e+00	0.00e+00	0.00e+00	0.00e+00	0.00e+00	0.00e+00	1.00e+00	2.57e-09	1.07e-10
 2.68539e+23	1.00e+00	5.83e-05	2.55e-06	0.00e+00	0.00e+00	0.00e+00	0.00e+00	0.00e+00	0.00e+00	1.00e+00	2.40e-09	9.23e-11
