#depth	Si	Si+	Si+2	Si+3	Si+4	Si+5	Si+6	Si+7	Si+8	Si+9	Si+10	Si+11	Si+12	Si+13	Si+14
 4.62852e+21	7.33e-31	1.29e-18	2.12e-15	4.62e-13	1.86e-09	5.04e-07	3.74e-05	8.01e-04	8.18e-03	3.25e-02	5.83e-02	1.01e-01	4.82e-01	2.70e-01	4.67e-02
 1.02345e+22	6.60e-29	4.91e-17	4.19e-14	5.03e-12	2.30e-08	6.07e-06	3.87e-04	6.23e-03	4.25e-02	1.13e-01	1.29e-01	1.40e-01	4.17e-01	1.39e-01	1.44e-02
 1.16207e+22	3.16e-28	1.83e-16	1.27e-13	1.20e-11	5.17e-08	1.33e-05	7.99e-04	1.17e-02	6.84e-02	1.56e-01	1.52e-01	1.42e-01	3.60e-01	9.95e-02	8.55e-03
 1.22337e+22	6.57e-28	3.41e-16	2.16e-13	1.82e-11	7.51e-08	1.89e-05	1.10e-03	1.54e-02	8.38e-02	1.79e-01	1.61e-01	1.41e-01	3.29e-01	8.33e-02	6.56e-03
 1.24899e+22	7.94e-28	4.01e-16	2.48e-13	2.03e-11	8.26e-08	2.07e-05	1.20e-03	1.65e-02	8.82e-02	1.84e-01	1.63e-01	1.40e-01	3.21e-01	7.93e-02	6.11e-03
 1.26094e+22	9.98e-28	4.87e-16	2.93e-13	2.32e-11	9.28e-08	2.31e-05	1.32e-03	1.79e-02	9.36e-02	1.91e-01	1.66e-01	1.39e-01	3.11e-01	7.48e-02	5.60e-03
 1.27647e+22	1.34e-27	6.25e-16	3.64e-13	2.76e-11	1.08e-07	2.65e-05	1.50e-03	1.99e-02	1.01e-01	2.00e-01	1.68e-01	1.37e-01	2.98e-01	6.92e-02	5.00e-03
 1.29222e+22	1.69e-27	7.63e-16	4.32e-13	3.17e-11	1.21e-07	2.96e-05	1.66e-03	2.16e-02	1.07e-01	2.08e-01	1.70e-01	1.35e-01	2.88e-01	6.48e-02	4.55e-03
 1.30828e+22	2.28e-27	9.82e-16	5.38e-13	3.78e-11	1.41e-07	3.40e-05	1.87e-03	2.40e-02	1.15e-01	2.16e-01	1.72e-01	1.33e-01	2.74e-01	5.96e-02	4.04e-03
 1.32473e+22	2.91e-27	1.21e-15	6.45e-13	4.38e-11	1.59e-07	3.81e-05	2.07e-03	2.60e-02	1.22e-01	2.24e-01	1.73e-01	1.31e-01	2.64e-01	5.56e-02	3.66e-03
 1.34169e+22	3.97e-27	1.57e-15	8.11e-13	5.26e-11	1.86e-07	4.39e-05	2.35e-03	2.89e-02	1.31e-01	2.33e-01	1.74e-01	1.28e-01	2.50e-01	5.07e-02	3.21e-03
 1.35906e+22	5.09e-27	1.94e-15	9.75e-13	6.12e-11	2.11e-07	4.92e-05	2.60e-03	3.13e-02	1.38e-01	2.39e-01	1.74e-01	1.26e-01	2.39e-01	4.70e-02	2.89e-03
 1.37696e+22	7.00e-27	2.54e-15	1.23e-12	7.39e-11	2.47e-07	5.68e-05	2.94e-03	3.47e-02	1.48e-01	2.48e-01	1.75e-01	1.22e-01	2.25e-01	4.25e-02	2.52e-03
 1.39523e+22	9.04e-27	3.15e-15	1.49e-12	8.64e-11	2.81e-07	6.38e-05	3.25e-03	3.76e-02	1.56e-01	2.55e-01	1.75e-01	1.19e-01	2.14e-01	3.92e-02	2.25e-03
 1.41400e+22	1.25e-26	4.16e-15	1.90e-12	1.05e-10	3.29e-07	7.37e-05	3.69e-03	4.16e-02	1.66e-01	2.63e-01	1.74e-01	1.15e-01	2.00e-01	3.52e-02	1.94e-03
 1.43330e+22	1.64e-26	5.21e-15	2.32e-12	1.24e-10	3.76e-07	8.30e-05	4.09e-03	4.51e-02	1.75e-01	2.69e-01	1.73e-01	1.12e-01	1.88e-01	3.21e-02	1.71e-03
 1.45331e+22	2.31e-26	6.99e-15	2.99e-12	1.52e-10	4.44e-07	9.63e-05	4.65e-03	5.01e-02	1.87e-01	2.77e-01	1.71e-01	1.07e-01	1.74e-01	2.84e-02	1.45e-03
 1.47348e+22	3.01e-26	8.75e-15	3.65e-12	1.78e-10	5.06e-07	1.08e-04	5.13e-03	5.41e-02	1.96e-01	2.82e-01	1.69e-01	1.03e-01	1.64e-01	2.58e-02	1.27e-03
 1.49388e+22	4.29e-26	1.18e-14	4.72e-12	2.19e-10	5.94e-07	1.25e-04	5.82e-03	5.99e-02	2.08e-01	2.88e-01	1.66e-01	9.83e-02	1.50e-01	2.26e-02	1.06e-03
 1.51447e+22	5.56e-26	1.48e-14	5.76e-12	2.57e-10	6.76e-07	1.40e-04	6.41e-03	6.45e-02	2.17e-01	2.92e-01	1.64e-01	9.45e-02	1.40e-01	2.04e-02	9.30e-04
 1.53530e+22	7.94e-26	2.01e-14	7.46e-12	3.15e-10	7.91e-07	1.61e-04	7.25e-03	7.12e-02	2.30e-01	2.97e-01	1.60e-01	8.92e-02	1.27e-01	1.77e-02	7.67e-04
 1.55500e+22	9.99e-26	2.46e-14	8.87e-12	3.61e-10	8.80e-07	1.77e-04	7.87e-03	7.58e-02	2.38e-01	3.00e-01	1.57e-01	8.58e-02	1.19e-01	1.61e-02	6.76e-04
 1.57322e+22	1.35e-25	3.20e-14	1.11e-11	4.30e-10	1.01e-06	2.00e-04	8.73e-03	8.23e-02	2.49e-01	3.02e-01	1.53e-01	8.13e-02	1.09e-01	1.41e-02	5.69e-04
 1.59180e+22	1.71e-25	3.95e-14	1.33e-11	4.96e-10	1.12e-06	2.20e-04	9.47e-03	8.76e-02	2.57e-01	3.04e-01	1.49e-01	7.77e-02	1.02e-01	1.27e-02	4.96e-04
 1.61084e+22	2.35e-25	5.23e-14	1.68e-11	5.94e-10	1.28e-06	2.48e-04	1.05e-02	9.53e-02	2.68e-01	3.05e-01	1.44e-01	7.30e-02	9.20e-02	1.10e-02	4.09e-04
 1.62995e+22	3.01e-25	6.49e-14	2.01e-11	6.83e-10	1.42e-06	2.73e-04	1.14e-02	1.01e-01	2.77e-01	3.06e-01	1.40e-01	6.95e-02	8.51e-02	9.79e-03	3.54e-04
 1.64915e+22	4.13e-25	8.67e-14	2.54e-11	8.19e-10	1.62e-06	3.07e-04	1.26e-02	1.10e-01	2.87e-01	3.05e-01	1.34e-01	6.49e-02	7.64e-02	8.38e-03	2.88e-04
 1.66849e+22	5.24e-25	1.08e-13	3.06e-11	9.44e-10	1.80e-06	3.36e-04	1.37e-02	1.17e-01	2.95e-01	3.04e-01	1.30e-01	6.14e-02	7.02e-02	7.43e-03	2.47e-04
 1.68801e+22	7.18e-25	1.46e-13	3.89e-11	1.13e-09	2.05e-06	3.78e-04	1.51e-02	1.27e-01	3.06e-01	3.02e-01	1.24e-01	5.70e-02	6.25e-02	6.29e-03	1.99e-04
 1.70779e+22	9.20e-25	1.85e-13	4.72e-11	1.31e-09	2.28e-06	4.15e-04	1.64e-02	1.35e-01	3.14e-01	3.00e-01	1.19e-01	5.35e-02	5.68e-02	5.49e-03	1.67e-04
 1.72793e+22	1.27e-24	2.54e-13	6.07e-11	1.59e-09	2.61e-06	4.67e-04	1.82e-02	1.46e-01	3.24e-01	2.96e-01	1.12e-01	4.92e-02	4.99e-02	4.58e-03	1.32e-04
 1.74834e+22	1.63e-24	3.27e-13	7.44e-11	1.86e-09	2.91e-06	5.13e-04	1.97e-02	1.56e-01	3.31e-01	2.92e-01	1.07e-01	4.59e-02	4.49e-02	3.95e-03	1.10e-04
 1.76543e+22	2.05e-24	4.12e-13	8.93e-11	2.14e-09	3.20e-06	5.59e-04	2.11e-02	1.64e-01	3.37e-01	2.88e-01	1.02e-01	4.31e-02	4.08e-02	3.45e-03	9.21e-05
 1.78399e+22	2.74e-24	5.61e-13	1.14e-10	2.58e-09	3.64e-06	6.24e-04	2.32e-02	1.77e-01	3.45e-01	2.81e-01	9.54e-02	3.95e-02	3.58e-02	2.88e-03	7.30e-05
 1.80263e+22	3.44e-24	7.14e-13	1.38e-10	2.99e-09	4.03e-06	6.80e-04	2.49e-02	1.87e-01	3.50e-01	2.76e-01	9.05e-02	3.69e-02	3.22e-02	2.49e-03	6.08e-05
 1.82058e+22	4.51e-24	9.61e-13	1.74e-10	3.58e-09	4.57e-06	7.56e-04	2.72e-02	2.00e-01	3.56e-01	2.68e-01	8.45e-02	3.38e-02	2.83e-02	2.08e-03	4.84e-05
 1.83896e+22	5.70e-24	1.25e-12	2.14e-10	4.21e-09	5.11e-06	8.30e-04	2.94e-02	2.11e-01	3.60e-01	2.61e-01	7.93e-02	3.12e-02	2.52e-02	1.77e-03	3.95e-05
 1.85668e+22	7.28e-24	1.67e-12	2.67e-10	5.03e-09	5.79e-06	9.18e-04	3.18e-02	2.25e-01	3.64e-01	2.53e-01	7.39e-02	2.86e-02	2.21e-02	1.49e-03	3.17e-05
 1.87469e+22	9.26e-24	2.22e-12	3.34e-10	6.01e-09	6.55e-06	1.01e-03	3.45e-02	2.38e-01	3.67e-01	2.44e-01	6.87e-02	2.63e-02	1.95e-02	1.25e-03	2.55e-05
 1.89226e+22	1.17e-23	2.94e-12	4.16e-10	7.18e-09	7.43e-06	1.12e-03	3.72e-02	2.52e-01	3.69e-01	2.35e-01	6.37e-02	2.41e-02	1.71e-02	1.05e-03	2.05e-05
 1.90955e+22	1.47e-23	3.90e-12	5.18e-10	8.60e-09	8.44e-06	1.24e-03	4.02e-02	2.65e-01	3.70e-01	2.26e-01	5.90e-02	2.20e-02	1.50e-02	8.84e-04	1.65e-05
 1.92663e+22	1.85e-23	5.16e-12	6.46e-10	1.03e-08	9.60e-06	1.37e-03	4.33e-02	2.79e-01	3.70e-01	2.17e-01	5.45e-02	2.01e-02	1.32e-02	7.41e-04	1.32e-05
 1.94358e+22	2.32e-23	6.83e-12	8.06e-10	1.24e-08	1.09e-05	1.51e-03	4.67e-02	2.94e-01	3.70e-01	2.07e-01	5.03e-02	1.83e-02	1.15e-02	6.21e-04	1.06e-05
 1.96049e+22	2.91e-23	9.05e-12	1.01e-09	1.49e-08	1.25e-05	1.67e-03	5.02e-02	3.08e-01	3.68e-01	1.98e-01	4.62e-02	1.67e-02	1.01e-02	5.19e-04	8.49e-06
 1.97744e+22	3.65e-23	1.20e-11	1.26e-09	1.81e-08	1.43e-05	1.85e-03	5.41e-02	3.23e-01	3.66e-01	1.88e-01	4.24e-02	1.52e-02	8.77e-03	4.33e-04	6.78e-06
 1.99446e+22	4.60e-23	1.59e-11	1.58e-09	2.19e-08	1.65e-05	2.06e-03	5.81e-02	3.38e-01	3.63e-01	1.79e-01	3.87e-02	1.37e-02	7.62e-03	3.60e-04	5.39e-06
 2.01164e+22	5.80e-23	2.11e-11	1.98e-09	2.66e-08	1.90e-05	2.28e-03	6.25e-02	3.53e-01	3.59e-01	1.69e-01	3.53e-02	1.24e-02	6.60e-03	2.98e-04	4.28e-06
 2.02906e+22	7.35e-23	2.80e-11	2.49e-09	3.25e-08	2.19e-05	2.53e-03	6.72e-02	3.68e-01	3.54e-01	1.59e-01	3.21e-02	1.12e-02	5.70e-03	2.46e-04	3.38e-06
 2.04677e+22	9.37e-23	3.73e-11	3.13e-09	3.98e-08	2.54e-05	2.82e-03	7.21e-02	3.83e-01	3.48e-01	1.50e-01	2.91e-02	1.00e-02	4.90e-03	2.02e-04	2.66e-06
 2.06460e+22	1.20e-22	4.94e-11	3.94e-09	4.86e-08	2.94e-05	3.13e-03	7.73e-02	3.97e-01	3.42e-01	1.41e-01	2.63e-02	8.99e-03	4.21e-03	1.67e-04	2.09e-06
 2.08283e+22	1.38e-22	6.59e-11	4.98e-09	6.00e-08	3.42e-05	3.48e-03	8.30e-02	4.12e-01	3.35e-01	1.32e-01	2.36e-02	8.01e-03	3.59e-03	1.36e-04	1.63e-06
 2.10117e+22	1.77e-22	8.66e-11	6.24e-09	7.33e-08	3.96e-05	3.86e-03	8.87e-02	4.26e-01	3.27e-01	1.23e-01	2.13e-02	7.16e-03	3.08e-03	1.11e-04	1.28e-06
 2.12000e+22	2.33e-22	1.16e-10	7.95e-09	9.10e-08	4.63e-05	4.31e-03	9.52e-02	4.40e-01	3.18e-01	1.14e-01	1.90e-02	6.33e-03	2.61e-03	8.97e-05	9.85e-07
 2.13764e+22	2.90e-22	1.46e-10	9.62e-09	1.08e-07	5.24e-05	4.69e-03	1.00e-01	4.51e-01	3.11e-01	1.08e-01	1.74e-02	5.73e-03	2.28e-03	7.56e-05	7.99e-07
 2.15567e+22	3.87e-22	1.95e-10	1.23e-08	1.35e-07	6.14e-05	5.24e-03	1.08e-01	4.64e-01	3.01e-01	9.94e-02	1.54e-02	5.04e-03	1.91e-03	6.04e-05	6.09e-07
 2.17393e+22	4.86e-22	2.44e-10	1.48e-08	1.59e-07	6.94e-05	5.70e-03	1.13e-01	4.74e-01	2.93e-01	9.34e-02	1.41e-02	4.55e-03	1.67e-03	5.08e-05	4.94e-07
 2.19250e+22	6.54e-22	3.24e-10	1.89e-08	1.99e-07	8.13e-05	6.35e-03	1.21e-01	4.86e-01	2.83e-01	8.60e-02	1.24e-02	3.98e-03	1.40e-03	4.05e-05	3.75e-07
 2.21155e+22	8.35e-22	4.07e-10	2.29e-08	2.37e-07	9.24e-05	6.92e-03	1.27e-01	4.95e-01	2.74e-01	8.03e-02	1.13e-02	3.57e-03	1.21e-03	3.37e-05	3.00e-07
 2.23123e+22	1.14e-21	5.45e-10	2.95e-08	2.98e-07	1.09e-04	7.72e-03	1.36e-01	5.06e-01	2.63e-01	7.34e-02	9.89e-03	3.10e-03	9.99e-04	2.65e-05	2.24e-07
 2.25119e+22	1.47e-21	6.81e-10	3.57e-08	3.55e-07	1.23e-04	8.40e-03	1.43e-01	5.13e-01	2.54e-01	6.84e-02	8.93e-03	2.77e-03	8.62e-04	2.20e-05	1.79e-07
 2.27152e+22	2.03e-21	9.09e-10	4.59e-08	4.47e-07	1.46e-04	9.38e-03	1.52e-01	5.23e-01	2.43e-01	6.23e-02	7.80e-03	2.38e-03	7.09e-04	1.72e-05	1.33e-07
 2.29196e+22	2.58e-21	1.12e-09	5.53e-08	5.30e-07	1.64e-04	1.02e-02	1.59e-01	5.29e-01	2.34e-01	5.80e-02	7.05e-03	2.13e-03	6.12e-04	1.43e-05	0.00e+00
 2.31253e+22	3.55e-21	1.48e-09	7.05e-08	6.63e-07	1.93e-04	1.13e-02	1.69e-01	5.36e-01	2.23e-01	5.27e-02	6.15e-03	1.83e-03	5.03e-04	1.11e-05	0.00e+00
 2.33334e+22	4.54e-21	1.83e-09	8.49e-08	7.86e-07	2.18e-04	1.22e-02	1.76e-01	5.41e-01	2.14e-01	4.89e-02	5.55e-03	1.63e-03	4.33e-04	9.21e-06	0.00e+00
 2.35446e+22	6.26e-21	2.40e-09	1.08e-07	9.84e-07	2.56e-04	1.36e-02	1.86e-01	5.46e-01	2.03e-01	4.43e-02	4.83e-03	1.40e-03	3.54e-04	7.16e-06	0.00e+00
 2.37593e+22	8.05e-21	2.96e-09	1.31e-07	1.17e-06	2.90e-04	1.47e-02	1.94e-01	5.49e-01	1.95e-01	4.10e-02	4.34e-03	1.24e-03	3.04e-04	5.89e-06	0.00e+00
 2.39783e+22	1.11e-20	3.89e-09	1.67e-07	1.47e-06	3.41e-04	1.63e-02	2.05e-01	5.52e-01	1.84e-01	3.70e-02	3.76e-03	1.06e-03	2.47e-04	4.55e-06	0.00e+00
 2.42013e+22	1.44e-20	4.79e-09	2.02e-07	1.75e-06	3.86e-04	1.77e-02	2.14e-01	5.54e-01	1.75e-01	3.42e-02	3.37e-03	9.36e-04	2.11e-04	3.72e-06	0.00e+00
 2.44293e+22	2.00e-20	6.30e-09	2.58e-07	2.20e-06	4.54e-04	1.96e-02	2.25e-01	5.55e-01	1.65e-01	3.07e-02	2.90e-03	7.93e-04	1.70e-04	2.85e-06	0.00e+00
 2.46623e+22	2.59e-20	7.79e-09	3.14e-07	2.64e-06	5.16e-04	2.12e-02	2.34e-01	5.56e-01	1.57e-01	2.82e-02	2.59e-03	6.96e-04	1.44e-04	2.31e-06	0.00e+00
 2.48586e+22	3.26e-20	9.39e-09	3.72e-07	3.09e-06	5.78e-04	2.28e-02	2.42e-01	5.55e-01	1.50e-01	2.61e-02	2.33e-03	6.20e-04	1.24e-04	1.92e-06	0.00e+00
 2.50706e+22	4.38e-20	1.20e-08	4.66e-07	3.82e-06	6.70e-04	2.50e-02	2.53e-01	5.54e-01	1.41e-01	2.36e-02	2.03e-03	5.31e-04	1.02e-04	1.50e-06	0.00e+00
 2.52835e+22	5.48e-20	1.44e-08	5.51e-07	4.46e-06	7.46e-04	2.68e-02	2.61e-01	5.52e-01	1.35e-01	2.19e-02	1.84e-03	4.74e-04	8.82e-05	1.25e-06	0.00e+00
 2.54975e+22	7.33e-20	1.82e-08	6.87e-07	5.48e-06	8.63e-04	2.93e-02	2.72e-01	5.49e-01	1.26e-01	1.98e-02	1.60e-03	4.06e-04	7.24e-05	9.76e-07	0.00e+00
 2.57101e+22	9.11e-20	2.17e-08	8.08e-07	6.37e-06	9.59e-04	3.12e-02	2.80e-01	5.47e-01	1.21e-01	1.84e-02	1.45e-03	3.62e-04	6.27e-05	8.16e-07	0.00e+00
 2.59210e+22	1.20e-19	2.72e-08	1.00e-06	7.79e-06	1.10e-03	3.40e-02	2.91e-01	5.42e-01	1.13e-01	1.66e-02	1.27e-03	3.11e-04	5.18e-05	6.41e-07	0.00e+00
 2.61342e+22	1.50e-19	3.24e-08	1.18e-06	9.07e-06	1.23e-03	3.63e-02	2.99e-01	5.38e-01	1.08e-01	1.54e-02	1.14e-03	2.77e-04	4.47e-05	5.34e-07	0.00e+00
 2.63505e+22	1.98e-19	4.06e-08	1.46e-06	1.11e-05	1.41e-03	3.94e-02	3.10e-01	5.33e-01	1.01e-01	1.39e-02	9.98e-04	2.38e-04	3.69e-05	4.20e-07	0.00e+00
 2.65708e+22	2.49e-19	4.87e-08	1.73e-06	1.30e-05	1.57e-03	4.21e-02	3.19e-01	5.28e-01	9.56e-02	1.28e-02	8.95e-04	2.11e-04	3.16e-05	3.46e-07	0.00e+00
 2.67963e+22	3.31e-19	6.14e-08	2.16e-06	1.60e-05	1.81e-03	4.59e-02	3.30e-01	5.21e-01	8.90e-02	1.15e-02	7.77e-04	1.79e-04	2.58e-05	2.68e-07	0.00e+00
 2.70234e+22	4.15e-19	7.32e-08	2.55e-06	1.86e-05	2.01e-03	4.88e-02	3.38e-01	5.15e-01	8.45e-02	1.07e-02	6.99e-04	1.59e-04	2.22e-05	2.22e-07	0.00e+00
 2.72525e+22	5.52e-19	9.24e-08	3.18e-06	2.30e-05	2.33e-03	5.32e-02	3.50e-01	5.06e-01	7.83e-02	9.53e-03	6.03e-04	1.35e-04	1.80e-05	1.71e-07	0.00e+00
 2.74840e+22	6.92e-19	1.10e-07	3.76e-06	2.68e-05	2.59e-03	5.66e-02	3.58e-01	4.99e-01	7.40e-02	8.78e-03	5.42e-04	1.19e-04	1.54e-05	1.41e-07	0.00e+00
 2.77187e+22	9.23e-19	1.39e-07	4.70e-06	3.31e-05	2.99e-03	6.16e-02	3.69e-01	4.89e-01	6.84e-02	7.84e-03	4.66e-04	1.01e-04	1.25e-05	0.00e+00	0.00e+00
 2.79587e+22	1.17e-18	1.67e-07	5.60e-06	3.89e-05	3.34e-03	6.56e-02	3.77e-01	4.81e-01	6.44e-02	7.19e-03	4.16e-04	8.86e-05	1.06e-05	0.00e+00	0.00e+00
 2.82055e+22	1.57e-18	2.13e-07	7.06e-06	4.85e-05	3.88e-03	7.15e-02	3.89e-01	4.70e-01	5.92e-02	6.38e-03	3.56e-04	7.42e-05	8.50e-06	0.00e+00	0.00e+00
 2.84575e+22	2.01e-18	2.57e-07	8.45e-06	5.72e-05	4.34e-03	7.62e-02	3.97e-01	4.61e-01	5.55e-02	5.83e-03	3.16e-04	6.48e-05	7.18e-06	0.00e+00	0.00e+00
 2.87163e+22	2.73e-18	3.29e-07	1.07e-05	7.18e-05	5.05e-03	8.31e-02	4.08e-01	4.48e-01	5.06e-02	5.14e-03	2.68e-04	5.39e-05	5.69e-06	0.00e+00	0.00e+00
 2.89770e+22	3.49e-18	3.98e-07	1.29e-05	8.48e-05	5.65e-03	8.84e-02	4.15e-01	4.38e-01	4.73e-02	4.68e-03	2.37e-04	4.69e-05	4.79e-06	0.00e+00	0.00e+00
 2.92404e+22	4.75e-18	5.09e-07	1.63e-05	1.06e-04	6.58e-03	9.62e-02	4.26e-01	4.24e-01	4.30e-02	4.11e-03	2.01e-04	3.89e-05	3.78e-06	0.00e+00	0.00e+00
 2.94907e+22	5.91e-18	6.05e-07	1.93e-05	1.24e-04	7.30e-03	1.02e-01	4.32e-01	4.14e-01	4.03e-02	3.77e-03	1.79e-04	3.42e-05	3.22e-06	0.00e+00	0.00e+00
 2.97239e+22	7.70e-18	7.44e-07	2.35e-05	1.49e-04	8.25e-03	1.09e-01	4.40e-01	4.02e-01	3.72e-02	3.39e-03	1.56e-04	2.92e-05	2.65e-06	0.00e+00	0.00e+00
 2.99732e+22	9.85e-18	9.03e-07	2.84e-05	1.78e-04	9.26e-03	1.16e-01	4.46e-01	3.91e-01	3.45e-02	3.06e-03	1.36e-04	2.52e-05	2.20e-06	0.00e+00	0.00e+00
 3.02055e+22	1.23e-17	1.09e-06	3.39e-05	2.10e-04	1.03e-02	1.23e-01	4.52e-01	3.80e-01	3.20e-02	2.77e-03	1.20e-04	2.19e-05	1.84e-06	0.00e+00	0.00e+00
 3.04240e+22	1.52e-17	1.29e-06	3.98e-05	2.44e-04	1.14e-02	1.30e-01	4.57e-01	3.69e-01	2.98e-02	2.53e-03	1.07e-04	1.92e-05	1.56e-06	0.00e+00	0.00e+00
 3.06311e+22	1.87e-17	1.52e-06	4.67e-05	2.84e-04	1.26e-02	1.36e-01	4.62e-01	3.59e-01	2.78e-02	2.32e-03	9.52e-05	1.68e-05	1.33e-06	0.00e+00	0.00e+00
 3.08689e+22	2.47e-17	1.87e-06	5.72e-05	3.42e-04	1.43e-02	1.46e-01	4.67e-01	3.45e-01	2.55e-02	2.07e-03	8.21e-05	1.43e-05	1.08e-06	0.00e+00	0.00e+00
 3.11109e+22	3.05e-17	2.22e-06	6.74e-05	4.00e-04	1.58e-02	1.53e-01	4.70e-01	3.34e-01	2.36e-02	1.88e-03	7.26e-05	1.24e-05	9.12e-07	0.00e+00	0.00e+00
 3.13582e+22	4.04e-17	2.75e-06	8.28e-05	4.83e-04	1.78e-02	1.63e-01	4.74e-01	3.21e-01	2.15e-02	1.67e-03	6.24e-05	1.05e-05	7.39e-07	0.00e+00	0.00e+00
 3.16117e+22	5.14e-17	3.30e-06	9.87e-05	5.70e-04	1.98e-02	1.72e-01	4.77e-01	3.09e-01	1.98e-02	1.51e-03	5.46e-05	9.05e-06	6.13e-07	0.00e+00	0.00e+00
 3.18352e+22	6.40e-17	3.92e-06	1.16e-04	6.65e-04	2.19e-02	1.81e-01	4.79e-01	2.98e-01	1.83e-02	1.36e-03	4.80e-05	7.85e-06	5.14e-07	0.00e+00	0.00e+00
 3.20879e+22	8.52e-17	4.86e-06	1.43e-04	8.04e-04	2.48e-02	1.92e-01	4.81e-01	2.84e-01	1.66e-02	1.21e-03	4.10e-05	6.59e-06	4.14e-07	0.00e+00	0.00e+00
 3.23521e+22	1.10e-16	5.88e-06	1.72e-04	9.53e-04	2.76e-02	2.02e-01	4.81e-01	2.72e-01	1.51e-02	1.08e-03	3.55e-05	5.62e-06	3.39e-07	0.00e+00	0.00e+00
 3.25920e+22	1.39e-16	7.05e-06	2.04e-04	1.12e-03	3.06e-02	2.12e-01	4.81e-01	2.60e-01	1.38e-02	9.68e-04	3.09e-05	4.82e-06	2.80e-07	0.00e+00	0.00e+00
 3.28648e+22	1.90e-16	8.87e-06	2.54e-04	1.37e-03	3.48e-02	2.25e-01	4.80e-01	2.45e-01	1.23e-02	8.44e-04	2.60e-05	3.97e-06	2.20e-07	0.00e+00	0.00e+00
 3.31447e+22	2.48e-16	1.08e-05	3.06e-04	1.63e-03	3.88e-02	2.36e-01	4.78e-01	2.33e-01	1.12e-02	7.48e-04	2.22e-05	3.35e-06	1.78e-07	0.00e+00	0.00e+00
 3.33929e+22	3.17e-16	1.30e-05	3.65e-04	1.92e-03	4.30e-02	2.47e-01	4.76e-01	2.21e-01	1.01e-02	6.67e-04	1.92e-05	2.85e-06	1.46e-07	0.00e+00	0.00e+00
 3.36746e+22	4.37e-16	1.64e-05	4.55e-04	2.36e-03	4.87e-02	2.61e-01	4.71e-01	2.07e-01	8.96e-03	5.76e-04	1.59e-05	2.32e-06	0.00e+00	0.00e+00	0.00e+00
 3.39653e+22	5.81e-16	2.00e-05	5.49e-04	2.81e-03	5.43e-02	2.73e-01	4.66e-01	1.94e-01	8.01e-03	5.06e-04	1.35e-05	1.94e-06	0.00e+00	0.00e+00	0.00e+00
 3.42254e+22	7.56e-16	2.42e-05	6.57e-04	3.32e-03	6.01e-02	2.85e-01	4.60e-01	1.83e-01	7.20e-03	4.46e-04	1.15e-05	1.63e-06	0.00e+00	0.00e+00	0.00e+00
 3.45215e+22	1.06e-15	3.08e-05	8.23e-04	4.09e-03	6.82e-02	2.99e-01	4.52e-01	1.69e-01	6.27e-03	3.81e-04	9.42e-06	1.31e-06	0.00e+00	0.00e+00	0.00e+00
 3.48210e+22	1.43e-15	3.75e-05	9.90e-04	4.87e-03	7.58e-02	3.11e-01	4.43e-01	1.58e-01	5.56e-03	3.31e-04	7.90e-06	1.08e-06	0.00e+00	0.00e+00	0.00e+00
 3.50835e+22	1.87e-15	4.54e-05	1.18e-03	5.72e-03	8.34e-02	3.23e-01	4.35e-01	1.47e-01	4.96e-03	2.90e-04	6.70e-06	9.00e-07	0.00e+00	0.00e+00	0.00e+00
 3.53830e+22	2.70e-15	5.75e-05	1.47e-03	7.00e-03	9.40e-02	3.36e-01	4.22e-01	1.34e-01	4.28e-03	2.45e-04	5.42e-06	7.15e-07	0.00e+00	0.00e+00	0.00e+00
 3.56896e+22	3.78e-15	7.03e-05	1.77e-03	8.31e-03	1.04e-01	3.47e-01	4.11e-01	1.24e-01	3.75e-03	2.12e-04	4.50e-06	5.84e-07	0.00e+00	0.00e+00	0.00e+00
 3.59623e+22	5.08e-15	8.52e-05	2.11e-03	9.77e-03	1.14e-01	3.57e-01	3.99e-01	1.14e-01	3.30e-03	1.83e-04	3.76e-06	4.81e-07	0.00e+00	0.00e+00	0.00e+00
 3.62741e+22	7.46e-15	1.09e-04	2.63e-03	1.20e-02	1.28e-01	3.69e-01	3.83e-01	1.03e-01	2.80e-03	1.52e-04	2.98e-06	3.74e-07	0.00e+00	0.00e+00	0.00e+00
 3.65927e+22	1.10e-14	1.33e-04	3.16e-03	1.42e-02	1.41e-01	3.78e-01	3.68e-01	9.35e-02	2.42e-03	1.29e-04	2.43e-06	3.00e-07	0.00e+00	0.00e+00	0.00e+00
 3.68748e+22	1.53e-14	1.61e-04	3.76e-03	1.66e-02	1.54e-01	3.86e-01	3.53e-01	8.51e-02	2.10e-03	1.10e-04	2.00e-06	2.43e-07	0.00e+00	0.00e+00	0.00e+00
 3.71507e+22	2.12e-14	1.94e-04	4.44e-03	1.93e-02	1.67e-01	3.92e-01	3.38e-01	7.74e-02	1.82e-03	9.43e-05	1.65e-06	1.97e-07	0.00e+00	0.00e+00	0.00e+00
 3.74642e+22	3.23e-14	2.45e-04	5.46e-03	2.34e-02	1.84e-01	3.98e-01	3.19e-01	6.83e-02	1.52e-03	7.72e-05	1.29e-06	1.51e-07	0.00e+00	0.00e+00	0.00e+00
 3.77813e+22	5.29e-14	2.97e-04	6.46e-03	2.72e-02	2.00e-01	4.02e-01	3.02e-01	6.12e-02	1.30e-03	6.49e-05	1.04e-06	0.00e+00	0.00e+00	0.00e+00	0.00e+00
 3.80567e+22	7.48e-14	3.55e-04	7.55e-03	3.14e-02	2.15e-01	4.04e-01	2.86e-01	5.50e-02	1.11e-03	5.49e-05	8.49e-07	0.00e+00	0.00e+00	0.00e+00	0.00e+00
 3.83685e+22	1.21e-13	4.45e-04	9.17e-03	3.74e-02	2.34e-01	4.05e-01	2.65e-01	4.79e-02	9.15e-04	4.43e-05	6.55e-07	0.00e+00	0.00e+00	0.00e+00	0.00e+00
 3.86877e+22	2.13e-13	5.36e-04	1.08e-02	4.31e-02	2.51e-01	4.04e-01	2.48e-01	4.23e-02	7.71e-04	3.68e-05	5.22e-07	0.00e+00	0.00e+00	0.00e+00	0.00e+00
 3.89611e+22	3.24e-13	6.34e-04	1.24e-02	4.90e-02	2.67e-01	4.01e-01	2.32e-01	3.76e-02	6.57e-04	3.09e-05	4.23e-07	0.00e+00	0.00e+00	0.00e+00	0.00e+00
 3.92614e+22	6.32e-13	7.79e-04	1.47e-02	5.71e-02	2.86e-01	3.96e-01	2.13e-01	3.24e-02	5.38e-04	2.48e-05	3.25e-07	0.00e+00	0.00e+00	0.00e+00	0.00e+00
 3.95690e+22	1.30e-12	9.24e-04	1.70e-02	6.48e-02	3.02e-01	3.90e-01	1.97e-01	2.84e-02	4.51e-04	2.05e-05	2.59e-07	0.00e+00	0.00e+00	0.00e+00	0.00e+00
 3.98435e+22	2.48e-12	1.09e-03	1.94e-02	7.30e-02	3.17e-01	3.83e-01	1.81e-01	2.49e-02	3.78e-04	1.70e-05	2.06e-07	0.00e+00	0.00e+00	0.00e+00	0.00e+00
 4.00906e+22	4.97e-12	1.25e-03	2.17e-02	8.03e-02	3.30e-01	3.76e-01	1.69e-01	2.22e-02	3.25e-04	1.44e-05	1.70e-07	0.00e+00	0.00e+00	0.00e+00	0.00e+00
 4.03112e+22	1.27e-11	1.42e-03	2.40e-02	8.77e-02	3.41e-01	3.68e-01	1.58e-01	1.99e-02	2.82e-04	1.23e-05	1.41e-07	0.00e+00	0.00e+00	0.00e+00	0.00e+00
 4.05646e+22	3.08e-11	1.66e-03	2.73e-02	9.78e-02	3.54e-01	3.57e-01	1.44e-01	1.72e-02	2.35e-04	1.01e-05	0.00e+00	0.00e+00	0.00e+00	0.00e+00	0.00e+00
 4.08266e+22	2.09e-10	1.91e-03	3.04e-02	1.07e-01	3.66e-01	3.47e-01	1.32e-01	1.51e-02	1.98e-04	8.42e-06	0.00e+00	0.00e+00	0.00e+00	0.00e+00	0.00e+00
 4.10577e+22	8.40e-10	2.16e-03	3.35e-02	1.17e-01	3.76e-01	3.36e-01	1.22e-01	1.33e-02	1.69e-04	7.11e-06	0.00e+00	0.00e+00	0.00e+00	0.00e+00	0.00e+00
 4.13163e+22	3.20e-09	2.53e-03	3.79e-02	1.29e-01	3.87e-01	3.22e-01	1.09e-01	1.13e-02	1.38e-04	5.69e-06	0.00e+00	0.00e+00	0.00e+00	0.00e+00	0.00e+00
 4.15799e+22	1.08e-08	2.88e-03	4.17e-02	1.40e-01	3.96e-01	3.10e-01	9.95e-02	9.82e-03	1.16e-04	4.72e-06	0.00e+00	0.00e+00	0.00e+00	0.00e+00	0.00e+00
 4.18501e+22	1.44e-08	3.36e-03	4.70e-02	1.54e-01	4.04e-01	2.94e-01	8.85e-02	8.26e-03	9.37e-05	3.75e-06	0.00e+00	0.00e+00	0.00e+00	0.00e+00	0.00e+00
 4.21272e+22	1.93e-08	3.84e-03	5.18e-02	1.67e-01	4.11e-01	2.80e-01	7.93e-02	7.05e-03	7.70e-05	3.03e-06	0.00e+00	0.00e+00	0.00e+00	0.00e+00	0.00e+00
 4.23704e+22	2.46e-08	4.33e-03	5.65e-02	1.79e-01	4.16e-01	2.67e-01	7.15e-02	6.07e-03	6.42e-05	2.49e-06	0.00e+00	0.00e+00	0.00e+00	0.00e+00	0.00e+00
 4.26441e+22	3.25e-08	5.04e-03	6.30e-02	1.96e-01	4.20e-01	2.49e-01	6.23e-02	4.99e-03	5.06e-05	1.93e-06	0.00e+00	0.00e+00	0.00e+00	0.00e+00	0.00e+00
 4.29241e+22	4.17e-08	5.70e-03	6.87e-02	2.09e-01	4.22e-01	2.35e-01	5.55e-02	4.24e-03	4.16e-05	1.56e-06	0.00e+00	0.00e+00	0.00e+00	0.00e+00	0.00e+00
 4.32122e+22	5.48e-08	6.64e-03	7.63e-02	2.27e-01	4.23e-01	2.17e-01	4.75e-02	3.41e-03	3.21e-05	1.18e-06	0.00e+00	0.00e+00	0.00e+00	0.00e+00	0.00e+00
 4.35037e+22	7.01e-08	7.50e-03	8.29e-02	2.41e-01	4.21e-01	2.03e-01	4.18e-02	2.86e-03	2.61e-05	9.38e-07	0.00e+00	0.00e+00	0.00e+00	0.00e+00	0.00e+00
 4.37995e+22	9.45e-08	8.74e-03	9.18e-02	2.59e-01	4.18e-01	1.84e-01	3.52e-02	2.27e-03	1.98e-05	6.96e-07	0.00e+00	0.00e+00	0.00e+00	0.00e+00	0.00e+00
 4.40978e+22	1.18e-07	9.82e-03	9.91e-02	2.74e-01	4.14e-01	1.71e-01	3.08e-02	1.88e-03	1.59e-05	5.49e-07	0.00e+00	0.00e+00	0.00e+00	0.00e+00	0.00e+00
 4.43992e+22	1.58e-07	1.14e-02	1.09e-01	2.92e-01	4.07e-01	1.54e-01	2.57e-02	1.48e-03	1.20e-05	4.04e-07	0.00e+00	0.00e+00	0.00e+00	0.00e+00	0.00e+00
 4.47101e+22	2.01e-07	1.28e-02	1.17e-01	3.07e-01	3.99e-01	1.41e-01	2.20e-02	1.20e-03	9.38e-06	3.10e-07	0.00e+00	0.00e+00	0.00e+00	0.00e+00	0.00e+00
 4.50330e+22	2.75e-07	1.49e-02	1.28e-01	3.25e-01	3.88e-01	1.25e-01	1.79e-02	9.12e-04	6.85e-06	2.20e-07	0.00e+00	0.00e+00	0.00e+00	0.00e+00	0.00e+00
 4.53617e+22	3.55e-07	1.67e-02	1.38e-01	3.39e-01	3.78e-01	1.13e-01	1.51e-02	7.32e-04	5.32e-06	1.67e-07	0.00e+00	0.00e+00	0.00e+00	0.00e+00	0.00e+00
 4.56215e+22	4.42e-07	1.83e-02	1.45e-01	3.50e-01	3.69e-01	1.04e-01	1.33e-02	6.14e-04	4.35e-06	1.34e-07	0.00e+00	0.00e+00	0.00e+00	0.00e+00	0.00e+00
 4.58831e+22	5.58e-07	2.05e-02	1.55e-01	3.63e-01	3.57e-01	9.33e-02	1.11e-02	4.88e-04	3.34e-06	0.00e+00	0.00e+00	0.00e+00	0.00e+00	0.00e+00	0.00e+00
 4.61456e+22	6.94e-07	2.24e-02	1.62e-01	3.72e-01	3.47e-01	8.57e-02	9.68e-03	4.08e-04	2.73e-06	0.00e+00	0.00e+00	0.00e+00	0.00e+00	0.00e+00	0.00e+00
 4.64092e+22	8.75e-07	2.49e-02	1.72e-01	3.84e-01	3.34e-01	7.67e-02	8.10e-03	3.25e-04	2.10e-06	0.00e+00	0.00e+00	0.00e+00	0.00e+00	0.00e+00	0.00e+00
 4.66795e+22	1.12e-06	2.73e-02	1.80e-01	3.92e-01	3.23e-01	6.96e-02	6.96e-03	2.67e-04	1.68e-06	0.00e+00	0.00e+00	0.00e+00	0.00e+00	0.00e+00	0.00e+00
 4.69583e+22	1.46e-06	3.05e-02	1.91e-01	4.03e-01	3.08e-01	6.13e-02	5.71e-03	2.07e-04	1.26e-06	0.00e+00	0.00e+00	0.00e+00	0.00e+00	0.00e+00	0.00e+00
 4.72377e+22	1.82e-06	3.32e-02	1.99e-01	4.10e-01	2.97e-01	5.55e-02	4.89e-03	1.70e-04	1.01e-06	0.00e+00	0.00e+00	0.00e+00	0.00e+00	0.00e+00	0.00e+00
 4.75177e+22	2.38e-06	3.70e-02	2.10e-01	4.18e-01	2.82e-01	4.87e-02	4.00e-03	1.31e-04	7.59e-07	0.00e+00	0.00e+00	0.00e+00	0.00e+00	0.00e+00	0.00e+00
 4.78043e+22	3.11e-06	4.04e-02	2.19e-01	4.24e-01	2.70e-01	4.37e-02	3.38e-03	1.06e-04	5.98e-07	0.00e+00	0.00e+00	0.00e+00	0.00e+00	0.00e+00	0.00e+00
 4.80997e+22	4.22e-06	4.51e-02	2.30e-01	4.31e-01	2.54e-01	3.78e-02	2.71e-03	8.06e-05	4.38e-07	0.00e+00	0.00e+00	0.00e+00	0.00e+00	0.00e+00	0.00e+00
 4.83975e+22	5.51e-06	4.90e-02	2.39e-01	4.34e-01	2.42e-01	3.38e-02	2.29e-03	6.51e-05	3.45e-07	0.00e+00	0.00e+00	0.00e+00	0.00e+00	0.00e+00	0.00e+00
 4.86985e+22	7.57e-06	5.46e-02	2.50e-01	4.38e-01	2.26e-01	2.90e-02	1.82e-03	4.89e-05	2.51e-07	0.00e+00	0.00e+00	0.00e+00	0.00e+00	0.00e+00	0.00e+00
 4.89789e+22	9.76e-06	5.83e-02	2.57e-01	4.40e-01	2.17e-01	2.64e-02	1.58e-03	4.10e-05	2.06e-07	0.00e+00	0.00e+00	0.00e+00	0.00e+00	0.00e+00	0.00e+00
 4.91768e+22	1.17e-05	6.15e-02	2.63e-01	4.41e-01	2.09e-01	2.44e-02	1.41e-03	3.54e-05	1.75e-07	0.00e+00	0.00e+00	0.00e+00	0.00e+00	0.00e+00	0.00e+00
 4.93784e+22	1.46e-05	6.58e-02	2.70e-01	4.42e-01	1.99e-01	2.19e-02	1.21e-03	2.93e-05	1.41e-07	0.00e+00	0.00e+00	0.00e+00	0.00e+00	0.00e+00	0.00e+00
 4.96042e+22	1.78e-05	7.02e-02	2.77e-01	4.42e-01	1.90e-01	1.98e-02	1.04e-03	2.44e-05	0.00e+00	0.00e+00	0.00e+00	0.00e+00	0.00e+00	0.00e+00	0.00e+00
 4.98616e+22	2.49e-05	7.67e-02	2.86e-01	4.41e-01	1.77e-01	1.72e-02	8.46e-04	1.89e-05	0.00e+00	0.00e+00	0.00e+00	0.00e+00	0.00e+00	0.00e+00	0.00e+00
 5.00944e+22	3.06e-05	8.04e-02	2.91e-01	4.40e-01	1.71e-01	1.59e-02	7.57e-04	1.65e-05	0.00e+00	0.00e+00	0.00e+00	0.00e+00	0.00e+00	0.00e+00	0.00e+00
 5.02953e+22	3.76e-05	8.57e-02	2.98e-01	4.39e-01	1.62e-01	1.43e-02	6.46e-04	1.36e-05	0.00e+00	0.00e+00	0.00e+00	0.00e+00	0.00e+00	0.00e+00	0.00e+00
 5.05565e+22	5.13e-05	9.31e-02	3.07e-01	4.36e-01	1.51e-01	1.24e-02	5.25e-04	1.05e-05	0.00e+00	0.00e+00	0.00e+00	0.00e+00	0.00e+00	0.00e+00	0.00e+00
 5.08045e+22	6.31e-05	9.83e-02	3.12e-01	4.34e-01	1.44e-01	1.13e-02	4.59e-04	8.92e-06	0.00e+00	0.00e+00	0.00e+00	0.00e+00	0.00e+00	0.00e+00	0.00e+00
 5.10353e+22	8.01e-05	1.05e-01	3.19e-01	4.30e-01	1.35e-01	9.90e-03	3.82e-04	7.13e-06	0.00e+00	0.00e+00	0.00e+00	0.00e+00	0.00e+00	0.00e+00	0.00e+00
 5.12896e+22	1.03e-04	1.13e-01	3.26e-01	4.26e-01	1.27e-01	8.77e-03	3.21e-04	5.78e-06	0.00e+00	0.00e+00	0.00e+00	0.00e+00	0.00e+00	0.00e+00	0.00e+00
 5.15207e+22	1.26e-04	1.19e-01	3.31e-01	4.22e-01	1.20e-01	7.89e-03	2.77e-04	4.83e-06	0.00e+00	0.00e+00	0.00e+00	0.00e+00	0.00e+00	0.00e+00	0.00e+00
 5.17673e+22	1.52e-04	1.28e-01	3.37e-01	4.16e-01	1.12e-01	6.84e-03	2.26e-04	3.78e-06	0.00e+00	0.00e+00	0.00e+00	0.00e+00	0.00e+00	0.00e+00	0.00e+00
 5.20879e+22	1.98e-04	1.41e-01	3.45e-01	4.07e-01	1.01e-01	5.66e-03	1.73e-04	2.75e-06	0.00e+00	0.00e+00	0.00e+00	0.00e+00	0.00e+00	0.00e+00	0.00e+00
 5.24285e+22	2.46e-04	1.53e-01	3.51e-01	3.98e-01	9.27e-02	4.79e-03	1.38e-04	2.08e-06	0.00e+00	0.00e+00	0.00e+00	0.00e+00	0.00e+00	0.00e+00	0.00e+00
 5.27952e+22	3.11e-04	1.69e-01	3.59e-01	3.86e-01	8.21e-02	3.83e-03	1.01e-04	1.43e-06	0.00e+00	0.00e+00	0.00e+00	0.00e+00	0.00e+00	0.00e+00	0.00e+00
 5.31689e+22	3.73e-04	1.83e-01	3.63e-01	3.75e-01	7.45e-02	3.21e-03	7.91e-05	1.07e-06	0.00e+00	0.00e+00	0.00e+00	0.00e+00	0.00e+00	0.00e+00	0.00e+00
 5.35517e+22	4.59e-04	2.03e-01	3.68e-01	3.60e-01	6.50e-02	2.51e-03	5.66e-05	7.18e-07	0.00e+00	0.00e+00	0.00e+00	0.00e+00	0.00e+00	0.00e+00	0.00e+00
 5.39355e+22	5.33e-04	2.20e-01	3.70e-01	3.48e-01	5.85e-02	2.08e-03	4.39e-05	5.31e-07	0.00e+00	0.00e+00	0.00e+00	0.00e+00	0.00e+00	0.00e+00	0.00e+00
 5.43208e+22	6.37e-04	2.44e-01	3.72e-01	3.32e-01	5.05e-02	1.61e-03	3.10e-05	3.51e-07	0.00e+00	0.00e+00	0.00e+00	0.00e+00	0.00e+00	0.00e+00	0.00e+00
 5.47090e+22	7.32e-04	2.64e-01	3.72e-01	3.18e-01	4.47e-02	1.30e-03	2.34e-05	2.52e-07	0.00e+00	0.00e+00	0.00e+00	0.00e+00	0.00e+00	0.00e+00	0.00e+00
 5.51011e+22	8.62e-04	2.92e-01	3.69e-01	2.99e-01	3.78e-02	9.81e-04	1.60e-05	1.61e-07	0.00e+00	0.00e+00	0.00e+00	0.00e+00	0.00e+00	0.00e+00	0.00e+00
 5.54471e+22	9.41e-04	3.09e-01	3.67e-01	2.88e-01	3.43e-02	8.36e-04	1.29e-05	0.00e+00	0.00e+00	0.00e+00	0.00e+00	0.00e+00	0.00e+00	0.00e+00	0.00e+00
 5.57333e+22	1.05e-03	3.33e-01	3.62e-01	2.73e-01	2.99e-02	6.69e-04	9.64e-06	0.00e+00	0.00e+00	0.00e+00	0.00e+00	0.00e+00	0.00e+00	0.00e+00	0.00e+00
 5.60261e+22	1.14e-03	3.53e-01	3.57e-01	2.61e-01	2.66e-02	5.54e-04	7.51e-06	0.00e+00	0.00e+00	0.00e+00	0.00e+00	0.00e+00	0.00e+00	0.00e+00	0.00e+00
 5.62835e+22	1.24e-03	3.74e-01	3.51e-01	2.49e-01	2.37e-02	4.59e-04	5.86e-06	0.00e+00	0.00e+00	0.00e+00	0.00e+00	0.00e+00	0.00e+00	0.00e+00	0.00e+00
 5.65743e+22	1.37e-03	4.03e-01	3.42e-01	2.33e-01	2.01e-02	3.56e-04	4.20e-06	0.00e+00	0.00e+00	0.00e+00	0.00e+00	0.00e+00	0.00e+00	0.00e+00	0.00e+00
 5.68670e+22	1.49e-03	4.28e-01	3.33e-01	2.20e-01	1.75e-02	2.87e-04	3.16e-06	0.00e+00	0.00e+00	0.00e+00	0.00e+00	0.00e+00	0.00e+00	0.00e+00	0.00e+00
 5.71191e+22	1.60e-03	4.53e-01	3.23e-01	2.08e-01	1.52e-02	2.32e-04	2.39e-06	0.00e+00	0.00e+00	0.00e+00	0.00e+00	0.00e+00	0.00e+00	0.00e+00	0.00e+00
 5.74037e+22	1.76e-03	4.86e-01	3.08e-01	1.92e-01	1.25e-02	1.75e-04	1.64e-06	0.00e+00	0.00e+00	0.00e+00	0.00e+00	0.00e+00	0.00e+00	0.00e+00	0.00e+00
 5.76986e+22	1.90e-03	5.17e-01	2.93e-01	1.77e-01	1.04e-02	1.34e-04	1.16e-06	0.00e+00	0.00e+00	0.00e+00	0.00e+00	0.00e+00	0.00e+00	0.00e+00	0.00e+00
 5.79619e+22	2.04e-03	5.48e-01	2.77e-01	1.64e-01	8.67e-03	1.04e-04	8.20e-07	0.00e+00	0.00e+00	0.00e+00	0.00e+00	0.00e+00	0.00e+00	0.00e+00	0.00e+00
 5.82590e+22	2.22e-03	5.87e-01	2.57e-01	1.47e-01	6.77e-03	7.42e-05	5.21e-07	0.00e+00	0.00e+00	0.00e+00	0.00e+00	0.00e+00	0.00e+00	0.00e+00	0.00e+00
 5.85749e+22	2.39e-03	6.27e-01	2.35e-01	1.31e-01	5.23e-03	5.30e-05	3.27e-07	0.00e+00	0.00e+00	0.00e+00	0.00e+00	0.00e+00	0.00e+00	0.00e+00	0.00e+00
 5.88509e+22	2.54e-03	6.62e-01	2.14e-01	1.17e-01	4.09e-03	3.89e-05	2.12e-07	0.00e+00	0.00e+00	0.00e+00	0.00e+00	0.00e+00	0.00e+00	0.00e+00	0.00e+00
 5.91020e+22	2.70e-03	6.98e-01	1.92e-01	1.04e-01	3.16e-03	2.86e-05	1.35e-07	0.00e+00	0.00e+00	0.00e+00	0.00e+00	0.00e+00	0.00e+00	0.00e+00	0.00e+00
 5.93312e+22	2.80e-03	7.26e-01	1.75e-01	9.32e-02	2.51e-03	2.19e-05	0.00e+00	0.00e+00	0.00e+00	0.00e+00	0.00e+00	0.00e+00	0.00e+00	0.00e+00	0.00e+00
 5.94767e+22	2.85e-03	7.42e-01	1.65e-01	8.77e-02	2.20e-03	1.89e-05	0.00e+00	0.00e+00	0.00e+00	0.00e+00	0.00e+00	0.00e+00	0.00e+00	0.00e+00	0.00e+00
 5.95393e+22	2.88e-03	7.51e-01	1.60e-01	8.49e-02	2.06e-03	1.75e-05	0.00e+00	0.00e+00	0.00e+00	0.00e+00	0.00e+00	0.00e+00	0.00e+00	0.00e+00	0.00e+00
 5.95875e+22	2.90e-03	7.56e-01	1.56e-01	8.27e-02	1.95e-03	1.66e-05	0.00e+00	0.00e+00	0.00e+00	0.00e+00	0.00e+00	0.00e+00	0.00e+00	0.00e+00	0.00e+00
 5.96450e+22	2.93e-03	7.65e-01	1.51e-01	7.97e-02	1.81e-03	1.53e-05	0.00e+00	0.00e+00	0.00e+00	0.00e+00	0.00e+00	0.00e+00	0.00e+00	0.00e+00	0.00e+00
 5.97112e+22	2.97e-03	7.73e-01	1.45e-01	7.66e-02	1.67e-03	1.40e-05	0.00e+00	0.00e+00	0.00e+00	0.00e+00	0.00e+00	0.00e+00	0.00e+00	0.00e+00	0.00e+00
 5.97772e+22	3.00e-03	7.82e-01	1.40e-01	7.35e-02	1.55e-03	1.29e-05	0.00e+00	0.00e+00	0.00e+00	0.00e+00	0.00e+00	0.00e+00	0.00e+00	0.00e+00	0.00e+00
 5.98405e+22	3.02e-03	7.90e-01	1.35e-01	7.08e-02	1.43e-03	1.19e-05	0.00e+00	0.00e+00	0.00e+00	0.00e+00	0.00e+00	0.00e+00	0.00e+00	0.00e+00	0.00e+00
 5.99035e+22	3.05e-03	7.98e-01	1.29e-01	6.79e-02	1.32e-03	1.10e-05	0.00e+00	0.00e+00	0.00e+00	0.00e+00	0.00e+00	0.00e+00	0.00e+00	0.00e+00	0.00e+00
 5.99653e+22	3.07e-03	8.06e-01	1.25e-01	6.53e-02	1.23e-03	1.02e-05	0.00e+00	0.00e+00	0.00e+00	0.00e+00	0.00e+00	0.00e+00	0.00e+00	0.00e+00	0.00e+00
 6.00256e+22	3.09e-03	8.14e-01	1.19e-01	6.26e-02	1.13e-03	9.39e-06	0.00e+00	0.00e+00	0.00e+00	0.00e+00	0.00e+00	0.00e+00	0.00e+00	0.00e+00	0.00e+00
 6.00849e+22	3.11e-03	8.20e-01	1.15e-01	6.02e-02	1.05e-03	8.72e-06	0.00e+00	0.00e+00	0.00e+00	0.00e+00	0.00e+00	0.00e+00	0.00e+00	0.00e+00	0.00e+00
 6.01435e+22	3.13e-03	8.28e-01	1.10e-01	5.78e-02	9.72e-04	8.08e-06	0.00e+00	0.00e+00	0.00e+00	0.00e+00	0.00e+00	0.00e+00	0.00e+00	0.00e+00	0.00e+00
 6.02020e+22	3.15e-03	8.35e-01	1.06e-01	5.54e-02	9.00e-04	7.50e-06	0.00e+00	0.00e+00	0.00e+00	0.00e+00	0.00e+00	0.00e+00	0.00e+00	0.00e+00	0.00e+00
 6.02585e+22	3.16e-03	8.42e-01	1.01e-01	5.32e-02	8.34e-04	6.96e-06	0.00e+00	0.00e+00	0.00e+00	0.00e+00	0.00e+00	0.00e+00	0.00e+00	0.00e+00	0.00e+00
 6.03137e+22	3.17e-03	8.47e-01	9.76e-02	5.12e-02	7.78e-04	6.52e-06	0.00e+00	0.00e+00	0.00e+00	0.00e+00	0.00e+00	0.00e+00	0.00e+00	0.00e+00	0.00e+00
 6.03711e+22	3.19e-03	8.54e-01	9.30e-02	4.89e-02	7.17e-04	6.04e-06	0.00e+00	0.00e+00	0.00e+00	0.00e+00	0.00e+00	0.00e+00	0.00e+00	0.00e+00	0.00e+00
 6.04283e+22	3.19e-03	8.60e-01	8.93e-02	4.70e-02	6.67e-04	5.64e-06	0.00e+00	0.00e+00	0.00e+00	0.00e+00	0.00e+00	0.00e+00	0.00e+00	0.00e+00	0.00e+00
 6.04838e+22	3.20e-03	8.66e-01	8.49e-02	4.49e-02	6.16e-04	5.24e-06	0.00e+00	0.00e+00	0.00e+00	0.00e+00	0.00e+00	0.00e+00	0.00e+00	0.00e+00	0.00e+00
 6.05379e+22	3.20e-03	8.71e-01	8.17e-02	4.32e-02	5.75e-04	4.92e-06	0.00e+00	0.00e+00	0.00e+00	0.00e+00	0.00e+00	0.00e+00	0.00e+00	0.00e+00	0.00e+00
 6.05917e+22	3.21e-03	8.77e-01	7.79e-02	4.14e-02	5.33e-04	4.59e-06	0.00e+00	0.00e+00	0.00e+00	0.00e+00	0.00e+00	0.00e+00	0.00e+00	0.00e+00	0.00e+00
 6.06467e+22	3.21e-03	8.83e-01	7.41e-02	3.96e-02	4.94e-04	4.28e-06	0.00e+00	0.00e+00	0.00e+00	0.00e+00	0.00e+00	0.00e+00	0.00e+00	0.00e+00	0.00e+00
 6.06990e+22	3.21e-03	8.88e-01	7.08e-02	3.79e-02	4.60e-04	4.02e-06	0.00e+00	0.00e+00	0.00e+00	0.00e+00	0.00e+00	0.00e+00	0.00e+00	0.00e+00	0.00e+00
 6.07500e+22	3.20e-03	8.92e-01	6.81e-02	3.65e-02	4.32e-04	3.79e-06	0.00e+00	0.00e+00	0.00e+00	0.00e+00	0.00e+00	0.00e+00	0.00e+00	0.00e+00	0.00e+00
 6.08054e+22	3.20e-03	8.97e-01	6.45e-02	3.48e-02	3.99e-04	3.54e-06	0.00e+00	0.00e+00	0.00e+00	0.00e+00	0.00e+00	0.00e+00	0.00e+00	0.00e+00	0.00e+00
 6.08612e+22	3.20e-03	9.02e-01	6.11e-02	3.33e-02	3.70e-04	3.31e-06	0.00e+00	0.00e+00	0.00e+00	0.00e+00	0.00e+00	0.00e+00	0.00e+00	0.00e+00	0.00e+00
 6.09117e+22	3.19e-03	9.06e-01	5.84e-02	3.19e-02	3.46e-04	3.12e-06	0.00e+00	0.00e+00	0.00e+00	0.00e+00	0.00e+00	0.00e+00	0.00e+00	0.00e+00	0.00e+00
 6.09610e+22	3.17e-03	9.10e-01	5.61e-02	3.08e-02	3.25e-04	2.96e-06	0.00e+00	0.00e+00	0.00e+00	0.00e+00	0.00e+00	0.00e+00	0.00e+00	0.00e+00	0.00e+00
 6.10164e+22	3.16e-03	9.14e-01	5.30e-02	2.93e-02	3.02e-04	2.77e-06	0.00e+00	0.00e+00	0.00e+00	0.00e+00	0.00e+00	0.00e+00	0.00e+00	0.00e+00	0.00e+00
 6.10736e+22	3.15e-03	9.19e-01	5.01e-02	2.80e-02	2.80e-04	2.59e-06	0.00e+00	0.00e+00	0.00e+00	0.00e+00	0.00e+00	0.00e+00	0.00e+00	0.00e+00	0.00e+00
 6.11252e+22	3.14e-03	9.22e-01	4.75e-02	2.68e-02	2.62e-04	2.45e-06	0.00e+00	0.00e+00	0.00e+00	0.00e+00	0.00e+00	0.00e+00	0.00e+00	0.00e+00	0.00e+00
 6.11736e+22	3.12e-03	9.25e-01	4.56e-02	2.58e-02	2.47e-04	2.33e-06	0.00e+00	0.00e+00	0.00e+00	0.00e+00	0.00e+00	0.00e+00	0.00e+00	0.00e+00	0.00e+00
 6.12268e+22	3.10e-03	9.29e-01	4.31e-02	2.47e-02	2.31e-04	2.19e-06	0.00e+00	0.00e+00	0.00e+00	0.00e+00	0.00e+00	0.00e+00	0.00e+00	0.00e+00	0.00e+00
 6.12838e+22	3.08e-03	9.33e-01	4.06e-02	2.35e-02	2.15e-04	2.06e-06	0.00e+00	0.00e+00	0.00e+00	0.00e+00	0.00e+00	0.00e+00	0.00e+00	0.00e+00	0.00e+00
 6.13367e+22	3.06e-03	9.36e-01	3.84e-02	2.25e-02	2.01e-04	1.95e-06	0.00e+00	0.00e+00	0.00e+00	0.00e+00	0.00e+00	0.00e+00	0.00e+00	0.00e+00	0.00e+00
 6.13857e+22	3.03e-03	9.38e-01	3.68e-02	2.17e-02	1.91e-04	1.86e-06	0.00e+00	0.00e+00	0.00e+00	0.00e+00	0.00e+00	0.00e+00	0.00e+00	0.00e+00	0.00e+00
 6.14399e+22	3.00e-03	9.41e-01	3.47e-02	2.08e-02	1.79e-04	1.76e-06	0.00e+00	0.00e+00	0.00e+00	0.00e+00	0.00e+00	0.00e+00	0.00e+00	0.00e+00	0.00e+00
 6.14990e+22	2.97e-03	9.44e-01	3.27e-02	1.98e-02	1.67e-04	1.66e-06	0.00e+00	0.00e+00	0.00e+00	0.00e+00	0.00e+00	0.00e+00	0.00e+00	0.00e+00	0.00e+00
 6.15547e+22	2.95e-03	9.47e-01	3.08e-02	1.90e-02	1.57e-04	1.58e-06	0.00e+00	0.00e+00	0.00e+00	0.00e+00	0.00e+00	0.00e+00	0.00e+00	0.00e+00	0.00e+00
 6.16076e+22	2.91e-03	9.49e-01	2.94e-02	1.82e-02	1.48e-04	1.50e-06	0.00e+00	0.00e+00	0.00e+00	0.00e+00	0.00e+00	0.00e+00	0.00e+00	0.00e+00	0.00e+00
 6.16632e+22	2.88e-03	9.52e-01	2.77e-02	1.75e-02	1.40e-04	1.43e-06	0.00e+00	0.00e+00	0.00e+00	0.00e+00	0.00e+00	0.00e+00	0.00e+00	0.00e+00	0.00e+00
 6.17221e+22	2.85e-03	9.54e-01	2.61e-02	1.67e-02	1.32e-04	1.36e-06	0.00e+00	0.00e+00	0.00e+00	0.00e+00	0.00e+00	0.00e+00	0.00e+00	0.00e+00	0.00e+00
 6.17801e+22	2.81e-03	9.56e-01	2.46e-02	1.60e-02	1.24e-04	1.29e-06	0.00e+00	0.00e+00	0.00e+00	0.00e+00	0.00e+00	0.00e+00	0.00e+00	0.00e+00	0.00e+00
 6.18374e+22	2.78e-03	9.59e-01	2.31e-02	1.54e-02	1.18e-04	1.23e-06	0.00e+00	0.00e+00	0.00e+00	0.00e+00	0.00e+00	0.00e+00	0.00e+00	0.00e+00	0.00e+00
 6.18948e+22	2.74e-03	9.60e-01	2.19e-02	1.48e-02	1.12e-04	1.18e-06	0.00e+00	0.00e+00	0.00e+00	0.00e+00	0.00e+00	0.00e+00	0.00e+00	0.00e+00	0.00e+00
 6.19552e+22	2.71e-03	9.62e-01	2.06e-02	1.42e-02	1.06e-04	1.12e-06	0.00e+00	0.00e+00	0.00e+00	0.00e+00	0.00e+00	0.00e+00	0.00e+00	0.00e+00	0.00e+00
 6.20183e+22	2.67e-03	9.64e-01	1.93e-02	1.36e-02	9.99e-05	1.07e-06	0.00e+00	0.00e+00	0.00e+00	0.00e+00	0.00e+00	0.00e+00	0.00e+00	0.00e+00	0.00e+00
 6.20799e+22	2.63e-03	9.66e-01	1.82e-02	1.30e-02	9.50e-05	1.03e-06	0.00e+00	0.00e+00	0.00e+00	0.00e+00	0.00e+00	0.00e+00	0.00e+00	0.00e+00	0.00e+00
 6.21425e+22	2.59e-03	9.68e-01	1.72e-02	1.25e-02	9.04e-05	9.85e-07	0.00e+00	0.00e+00	0.00e+00	0.00e+00	0.00e+00	0.00e+00	0.00e+00	0.00e+00	0.00e+00
 6.22097e+22	2.55e-03	9.69e-01	1.61e-02	1.20e-02	8.58e-05	9.41e-07	0.00e+00	0.00e+00	0.00e+00	0.00e+00	0.00e+00	0.00e+00	0.00e+00	0.00e+00	0.00e+00
 6.22793e+22	2.52e-03	9.71e-01	1.51e-02	1.15e-02	8.15e-05	9.00e-07	0.00e+00	0.00e+00	0.00e+00	0.00e+00	0.00e+00	0.00e+00	0.00e+00	0.00e+00	0.00e+00
 6.23472e+22	2.47e-03	9.72e-01	1.42e-02	1.11e-02	7.78e-05	8.65e-07	0.00e+00	0.00e+00	0.00e+00	0.00e+00	0.00e+00	0.00e+00	0.00e+00	0.00e+00	0.00e+00
 6.24113e+22	2.44e-03	9.73e-01	1.34e-02	1.07e-02	7.45e-05	8.34e-07	0.00e+00	0.00e+00	0.00e+00	0.00e+00	0.00e+00	0.00e+00	0.00e+00	0.00e+00	0.00e+00
 6.24708e+22	2.41e-03	9.74e-01	1.28e-02	1.03e-02	7.19e-05	8.08e-07	0.00e+00	0.00e+00	0.00e+00	0.00e+00	0.00e+00	0.00e+00	0.00e+00	0.00e+00	0.00e+00
 6.25318e+22	2.38e-03	9.75e-01	1.21e-02	1.00e-02	6.92e-05	7.82e-07	0.00e+00	0.00e+00	0.00e+00	0.00e+00	0.00e+00	0.00e+00	0.00e+00	0.00e+00	0.00e+00
 6.25973e+22	2.35e-03	9.77e-01	1.14e-02	9.65e-03	6.65e-05	7.56e-07	0.00e+00	0.00e+00	0.00e+00	0.00e+00	0.00e+00	0.00e+00	0.00e+00	0.00e+00	0.00e+00
 6.26636e+22	2.32e-03	9.77e-01	1.08e-02	9.33e-03	6.40e-05	7.31e-07	0.00e+00	0.00e+00	0.00e+00	0.00e+00	0.00e+00	0.00e+00	0.00e+00	0.00e+00	0.00e+00
 6.27297e+22	2.28e-03	9.78e-01	1.02e-02	9.03e-03	6.18e-05	7.09e-07	0.00e+00	0.00e+00	0.00e+00	0.00e+00	0.00e+00	0.00e+00	0.00e+00	0.00e+00	0.00e+00
 6.27984e+22	2.26e-03	9.79e-01	9.66e-03	8.72e-03	5.95e-05	6.87e-07	0.00e+00	0.00e+00	0.00e+00	0.00e+00	0.00e+00	0.00e+00	0.00e+00	0.00e+00	0.00e+00
 6.28692e+22	2.22e-03	9.80e-01	9.17e-03	8.44e-03	5.75e-05	6.66e-07	0.00e+00	0.00e+00	0.00e+00	0.00e+00	0.00e+00	0.00e+00	0.00e+00	0.00e+00	0.00e+00
 6.29416e+22	2.20e-03	9.81e-01	8.65e-03	8.16e-03	5.55e-05	6.46e-07	0.00e+00	0.00e+00	0.00e+00	0.00e+00	0.00e+00	0.00e+00	0.00e+00	0.00e+00	0.00e+00
 6.30166e+22	2.17e-03	9.82e-01	8.16e-03	7.89e-03	5.36e-05	6.26e-07	0.00e+00	0.00e+00	0.00e+00	0.00e+00	0.00e+00	0.00e+00	0.00e+00	0.00e+00	0.00e+00
 6.30921e+22	2.14e-03	9.82e-01	7.72e-03	7.63e-03	5.18e-05	6.08e-07	0.00e+00	0.00e+00	0.00e+00	0.00e+00	0.00e+00	0.00e+00	0.00e+00	0.00e+00	0.00e+00
 6.31697e+22	2.12e-03	9.83e-01	7.30e-03	7.38e-03	5.01e-05	5.91e-07	0.00e+00	0.00e+00	0.00e+00	0.00e+00	0.00e+00	0.00e+00	0.00e+00	0.00e+00	0.00e+00
 6.32513e+22	2.10e-03	9.84e-01	6.90e-03	7.13e-03	4.84e-05	5.74e-07	0.00e+00	0.00e+00	0.00e+00	0.00e+00	0.00e+00	0.00e+00	0.00e+00	0.00e+00	0.00e+00
 6.33364e+22	2.07e-03	9.84e-01	6.50e-03	6.89e-03	4.68e-05	5.57e-07	0.00e+00	0.00e+00	0.00e+00	0.00e+00	0.00e+00	0.00e+00	0.00e+00	0.00e+00	0.00e+00
 6.34235e+22	2.05e-03	9.85e-01	6.13e-03	6.65e-03	4.53e-05	5.41e-07	0.00e+00	0.00e+00	0.00e+00	0.00e+00	0.00e+00	0.00e+00	0.00e+00	0.00e+00	0.00e+00
 6.35132e+22	2.04e-03	9.86e-01	5.79e-03	6.43e-03	4.39e-05	5.26e-07	0.00e+00	0.00e+00	0.00e+00	0.00e+00	0.00e+00	0.00e+00	0.00e+00	0.00e+00	0.00e+00
 6.36081e+22	2.02e-03	9.86e-01	5.44e-03	6.20e-03	4.24e-05	5.11e-07	0.00e+00	0.00e+00	0.00e+00	0.00e+00	0.00e+00	0.00e+00	0.00e+00	0.00e+00	0.00e+00
 6.37077e+22	2.00e-03	9.87e-01	5.14e-03	5.98e-03	4.11e-05	4.97e-07	0.00e+00	0.00e+00	0.00e+00	0.00e+00	0.00e+00	0.00e+00	0.00e+00	0.00e+00	0.00e+00
 6.38123e+22	1.99e-03	9.87e-01	4.83e-03	5.76e-03	3.97e-05	4.82e-07	0.00e+00	0.00e+00	0.00e+00	0.00e+00	0.00e+00	0.00e+00	0.00e+00	0.00e+00	0.00e+00
 6.39226e+22	1.98e-03	9.88e-01	4.53e-03	5.55e-03	3.84e-05	4.68e-07	0.00e+00	0.00e+00	0.00e+00	0.00e+00	0.00e+00	0.00e+00	0.00e+00	0.00e+00	0.00e+00
