#depth	O	O+	O+2	O+3	O+4	O+5	O+6	O+7	O+8	O[1]	O[2]	O[3]
 4.62852e+21	2.09e-18	6.71e-14	1.48e-10	3.92e-08	2.41e-06	7.28e-05	1.46e-02	2.21e-01	7.64e-01	0.00e+00	0.00e+00	0.00e+00
 1.02345e+22	1.60e-16	2.88e-12	3.58e-09	5.43e-07	1.89e-05	3.11e-04	3.55e-02	3.16e-01	6.48e-01	1.60e-16	5.79e-26	6.18e-26
 1.16207e+22	6.46e-16	9.76e-12	1.01e-08	1.30e-06	3.80e-05	5.11e-04	4.79e-02	3.53e-01	5.99e-01	6.46e-16	3.16e-25	3.44e-25
 1.22337e+22	1.22e-15	1.71e-11	1.64e-08	1.94e-06	5.25e-05	6.43e-04	5.50e-02	3.70e-01	5.74e-01	1.22e-15	6.27e-25	6.82e-25
 1.24899e+22	1.44e-15	1.97e-11	1.85e-08	2.15e-06	5.71e-05	6.83e-04	5.70e-02	3.75e-01	5.68e-01	1.44e-15	7.48e-25	8.13e-25
 1.26094e+22	1.76e-15	2.34e-11	2.14e-08	2.43e-06	6.30e-05	7.33e-04	5.95e-02	3.80e-01	5.60e-01	1.76e-15	9.24e-25	1.00e-24
 1.27647e+22	2.25e-15	2.91e-11	2.59e-08	2.85e-06	7.15e-05	8.02e-04	6.27e-02	3.86e-01	5.50e-01	2.25e-15	1.21e-24	1.31e-24
 1.29222e+22	2.75e-15	3.48e-11	3.01e-08	3.23e-06	7.92e-05	8.63e-04	6.55e-02	3.92e-01	5.42e-01	2.75e-15	1.50e-24	1.63e-24
 1.30828e+22	3.54e-15	4.34e-11	3.64e-08	3.79e-06	9.00e-05	9.45e-04	6.91e-02	3.99e-01	5.31e-01	3.54e-15	1.97e-24	2.14e-24
 1.32473e+22	4.32e-15	5.18e-11	4.23e-08	4.31e-06	9.97e-05	1.02e-03	7.21e-02	4.04e-01	5.23e-01	4.32e-15	2.45e-24	2.66e-24
 1.34169e+22	5.62e-15	6.53e-11	5.16e-08	5.09e-06	1.14e-04	1.12e-03	7.63e-02	4.11e-01	5.12e-01	5.62e-15	3.27e-24	3.53e-24
 1.35906e+22	6.90e-15	7.82e-11	6.03e-08	5.80e-06	1.27e-04	1.20e-03	7.97e-02	4.16e-01	5.03e-01	6.90e-15	4.08e-24	4.41e-24
 1.37696e+22	9.00e-15	9.88e-11	7.37e-08	6.86e-06	1.45e-04	1.33e-03	8.43e-02	4.23e-01	4.91e-01	9.00e-15	5.45e-24	5.89e-24
 1.39523e+22	1.11e-14	1.19e-10	8.65e-08	7.85e-06	1.61e-04	1.43e-03	8.81e-02	4.28e-01	4.82e-01	1.11e-14	6.87e-24	7.41e-24
 1.41400e+22	1.46e-14	1.51e-10	1.06e-07	9.33e-06	1.85e-04	1.58e-03	9.33e-02	4.35e-01	4.70e-01	1.46e-14	9.25e-24	9.97e-24
 1.43330e+22	1.82e-14	1.84e-10	1.26e-07	1.07e-05	2.07e-04	1.71e-03	9.77e-02	4.40e-01	4.60e-01	1.82e-14	1.18e-23	1.27e-23
 1.45331e+22	2.43e-14	2.38e-10	1.57e-07	1.29e-05	2.41e-04	1.90e-03	1.04e-01	4.47e-01	4.47e-01	2.43e-14	1.62e-23	1.74e-23
 1.47348e+22	3.02e-14	2.89e-10	1.85e-07	1.48e-05	2.69e-04	2.06e-03	1.09e-01	4.52e-01	4.37e-01	3.02e-14	2.06e-23	2.21e-23
 1.49388e+22	4.08e-14	3.75e-10	2.32e-07	1.80e-05	3.14e-04	2.29e-03	1.15e-01	4.59e-01	4.23e-01	4.08e-14	2.85e-23	3.06e-23
 1.51447e+22	5.07e-14	4.55e-10	2.74e-07	2.06e-05	3.51e-04	2.48e-03	1.21e-01	4.63e-01	4.13e-01	5.07e-14	3.63e-23	3.89e-23
 1.53530e+22	6.88e-14	5.95e-10	3.44e-07	2.51e-05	4.11e-04	2.77e-03	1.28e-01	4.69e-01	3.99e-01	6.88e-14	5.06e-23	5.43e-23
 1.55500e+22	8.36e-14	7.08e-10	3.99e-07	2.84e-05	4.54e-04	2.98e-03	1.34e-01	4.73e-01	3.90e-01	8.36e-14	6.28e-23	6.72e-23
 1.57322e+22	1.09e-13	8.91e-10	4.87e-07	3.36e-05	5.20e-04	3.28e-03	1.41e-01	4.78e-01	3.77e-01	1.09e-13	8.37e-23	8.95e-23
 1.59180e+22	1.33e-13	1.07e-09	5.68e-07	3.82e-05	5.78e-04	3.53e-03	1.47e-01	4.81e-01	3.68e-01	1.33e-13	1.05e-22	1.12e-22
 1.61084e+22	1.75e-13	1.36e-09	6.99e-07	4.57e-05	6.68e-04	3.91e-03	1.55e-01	4.86e-01	3.54e-01	1.75e-13	1.42e-22	1.51e-22
 1.62995e+22	2.16e-13	1.63e-09	8.18e-07	5.22e-05	7.45e-04	4.23e-03	1.62e-01	4.89e-01	3.44e-01	2.16e-13	1.78e-22	1.90e-22
 1.64915e+22	2.85e-13	2.07e-09	1.01e-06	6.24e-05	8.64e-04	4.70e-03	1.71e-01	4.93e-01	3.31e-01	2.85e-13	2.41e-22	2.57e-22
 1.66849e+22	3.51e-13	2.49e-09	1.18e-06	7.15e-05	9.66e-04	5.08e-03	1.78e-01	4.95e-01	3.20e-01	3.51e-13	3.03e-22	3.23e-22
 1.68801e+22	4.63e-13	3.17e-09	1.46e-06	8.56e-05	1.12e-03	5.65e-03	1.89e-01	4.98e-01	3.07e-01	4.63e-13	4.11e-22	4.37e-22
 1.70779e+22	5.75e-13	3.82e-09	1.72e-06	9.88e-05	1.26e-03	6.15e-03	1.97e-01	5.00e-01	2.96e-01	5.75e-13	5.21e-22	5.54e-22
 1.72793e+22	7.59e-13	4.87e-09	2.12e-06	1.19e-04	1.48e-03	6.88e-03	2.09e-01	5.01e-01	2.81e-01	7.59e-13	7.08e-22	7.51e-22
 1.74834e+22	9.43e-13	5.88e-09	2.50e-06	1.37e-04	1.67e-03	7.51e-03	2.18e-01	5.02e-01	2.70e-01	9.43e-13	8.99e-22	9.53e-22
 1.76543e+22	1.14e-12	6.95e-09	2.90e-06	1.57e-04	1.87e-03	8.13e-03	2.27e-01	5.02e-01	2.60e-01	1.14e-12	1.11e-21	1.18e-21
 1.78399e+22	1.46e-12	8.59e-09	3.50e-06	1.85e-04	2.16e-03	9.03e-03	2.39e-01	5.02e-01	2.47e-01	1.46e-12	1.45e-21	1.54e-21
 1.80263e+22	1.75e-12	1.01e-08	4.04e-06	2.11e-04	2.41e-03	9.78e-03	2.49e-01	5.02e-01	2.37e-01	1.75e-12	1.78e-21	1.88e-21
 1.82058e+22	2.17e-12	1.22e-08	4.79e-06	2.46e-04	2.76e-03	1.08e-02	2.61e-01	5.00e-01	2.25e-01	2.17e-12	2.26e-21	2.39e-21
 1.83896e+22	2.61e-12	1.42e-08	5.53e-06	2.81e-04	3.10e-03	1.18e-02	2.72e-01	4.98e-01	2.15e-01	2.61e-12	2.77e-21	2.93e-21
 1.85668e+22	3.14e-12	1.68e-08	6.43e-06	3.23e-04	3.51e-03	1.29e-02	2.84e-01	4.96e-01	2.04e-01	3.14e-12	3.42e-21	3.60e-21
 1.87469e+22	3.74e-12	1.95e-08	7.41e-06	3.69e-04	3.95e-03	1.41e-02	2.95e-01	4.93e-01	1.93e-01	3.74e-12	4.16e-21	4.38e-21
 1.89226e+22	4.40e-12	2.25e-08	8.48e-06	4.20e-04	4.43e-03	1.53e-02	3.07e-01	4.89e-01	1.83e-01	4.40e-12	4.99e-21	5.25e-21
 1.90955e+22	5.12e-12	2.57e-08	9.65e-06	4.75e-04	4.95e-03	1.67e-02	3.19e-01	4.85e-01	1.74e-01	5.12e-12	5.94e-21	6.24e-21
 1.92663e+22	5.91e-12	2.92e-08	1.09e-05	5.35e-04	5.52e-03	1.81e-02	3.31e-01	4.80e-01	1.65e-01	5.91e-12	6.99e-21	7.34e-21
 1.94358e+22	6.76e-12	3.29e-08	1.23e-05	6.01e-04	6.14e-03	1.96e-02	3.42e-01	4.75e-01	1.56e-01	6.76e-12	8.15e-21	8.56e-21
 1.96049e+22	7.67e-12	3.68e-08	1.38e-05	6.73e-04	6.81e-03	2.12e-02	3.54e-01	4.70e-01	1.47e-01	7.67e-12	9.44e-21	9.91e-21
 1.97744e+22	8.63e-12	4.10e-08	1.54e-05	7.52e-04	7.54e-03	2.30e-02	3.66e-01	4.64e-01	1.39e-01	8.63e-12	1.09e-20	1.14e-20
 1.99446e+22	9.66e-12	4.54e-08	1.71e-05	8.39e-04	8.33e-03	2.48e-02	3.77e-01	4.57e-01	1.31e-01	9.66e-12	1.24e-20	1.30e-20
 2.01164e+22	1.07e-11	5.01e-08	1.90e-05	9.33e-04	9.19e-03	2.68e-02	3.89e-01	4.50e-01	1.24e-01	1.07e-11	1.41e-20	1.47e-20
 2.02906e+22	1.19e-11	5.51e-08	2.10e-05	1.04e-03	1.01e-02	2.90e-02	4.01e-01	4.43e-01	1.16e-01	1.19e-11	1.59e-20	1.67e-20
 2.04677e+22	1.31e-11	6.04e-08	2.33e-05	1.15e-03	1.12e-02	3.12e-02	4.12e-01	4.35e-01	1.09e-01	1.31e-11	1.79e-20	1.88e-20
 2.06460e+22	1.44e-11	6.59e-08	2.56e-05	1.28e-03	1.22e-02	3.36e-02	4.24e-01	4.27e-01	1.02e-01	1.44e-11	2.01e-20	2.10e-20
 2.08283e+22	1.57e-11	7.19e-08	2.83e-05	1.42e-03	1.35e-02	3.63e-02	4.35e-01	4.18e-01	9.56e-02	1.57e-11	2.25e-20	2.35e-20
 2.10117e+22	1.70e-11	7.80e-08	3.10e-05	1.56e-03	1.47e-02	3.90e-02	4.46e-01	4.09e-01	8.95e-02	1.70e-11	2.49e-20	2.60e-20
 2.12000e+22	1.86e-11	8.49e-08	3.42e-05	1.74e-03	1.61e-02	4.20e-02	4.57e-01	3.99e-01	8.33e-02	1.86e-11	2.78e-20	2.90e-20
 2.13764e+22	1.98e-11	9.08e-08	3.70e-05	1.88e-03	1.74e-02	4.46e-02	4.66e-01	3.92e-01	7.86e-02	1.98e-11	3.03e-20	3.16e-20
 2.15567e+22	2.14e-11	9.85e-08	4.07e-05	2.09e-03	1.90e-02	4.80e-02	4.77e-01	3.81e-01	7.28e-02	2.14e-11	3.36e-20	3.50e-20
 2.17393e+22	2.29e-11	1.05e-07	4.40e-05	2.27e-03	2.04e-02	5.08e-02	4.85e-01	3.73e-01	6.86e-02	2.29e-11	3.66e-20	3.82e-20
 2.19250e+22	2.48e-11	1.15e-07	4.86e-05	2.52e-03	2.23e-02	5.46e-02	4.95e-01	3.62e-01	6.33e-02	2.48e-11	4.07e-20	4.25e-20
 2.21155e+22	2.65e-11	1.23e-07	5.26e-05	2.74e-03	2.39e-02	5.79e-02	5.03e-01	3.53e-01	5.94e-02	2.65e-11	4.44e-20	4.63e-20
 2.23123e+22	2.87e-11	1.34e-07	5.82e-05	3.05e-03	2.62e-02	6.23e-02	5.13e-01	3.41e-01	5.45e-02	2.87e-11	4.94e-20	5.15e-20
 2.25119e+22	3.07e-11	1.44e-07	6.32e-05	3.31e-03	2.80e-02	6.58e-02	5.20e-01	3.32e-01	5.10e-02	3.07e-11	5.41e-20	5.64e-20
 2.27152e+22	3.33e-11	1.57e-07	7.00e-05	3.69e-03	3.06e-02	7.07e-02	5.28e-01	3.20e-01	4.66e-02	3.33e-11	6.02e-20	6.28e-20
 2.29196e+22	3.57e-11	1.69e-07	7.60e-05	4.01e-03	3.27e-02	7.45e-02	5.34e-01	3.11e-01	4.35e-02	3.57e-11	6.61e-20	6.90e-20
 2.31253e+22	3.87e-11	1.84e-07	8.43e-05	4.46e-03	3.56e-02	7.98e-02	5.42e-01	2.99e-01	3.97e-02	3.87e-11	7.36e-20	7.70e-20
 2.33334e+22	4.17e-11	1.99e-07	9.17e-05	4.85e-03	3.79e-02	8.39e-02	5.47e-01	2.89e-01	3.69e-02	4.17e-11	8.10e-20	8.49e-20
 2.35446e+22	4.55e-11	2.19e-07	1.02e-04	5.39e-03	4.11e-02	8.96e-02	5.53e-01	2.77e-01	3.36e-02	4.55e-11	9.09e-20	9.55e-20
 2.37593e+22	4.92e-11	2.37e-07	1.11e-04	5.87e-03	4.38e-02	9.42e-02	5.57e-01	2.68e-01	3.11e-02	4.92e-11	1.01e-19	1.06e-19
 2.39783e+22	5.41e-11	2.62e-07	1.25e-04	6.54e-03	4.75e-02	1.01e-01	5.62e-01	2.56e-01	2.82e-02	5.41e-11	1.14e-19	1.20e-19
 2.42013e+22	5.89e-11	2.86e-07	1.37e-04	7.13e-03	5.06e-02	1.06e-01	5.64e-01	2.46e-01	2.60e-02	5.89e-11	1.27e-19	1.34e-19
 2.44293e+22	6.54e-11	3.19e-07	1.54e-04	7.97e-03	5.48e-02	1.12e-01	5.67e-01	2.34e-01	2.34e-02	6.54e-11	1.46e-19	1.54e-19
 2.46623e+22	7.19e-11	3.51e-07	1.69e-04	8.71e-03	5.84e-02	1.18e-01	5.69e-01	2.24e-01	2.15e-02	7.19e-11	1.64e-19	1.74e-19
 2.48586e+22	7.81e-11	3.82e-07	1.85e-04	9.42e-03	6.17e-02	1.23e-01	5.70e-01	2.16e-01	1.99e-02	7.81e-11	1.82e-19	1.93e-19
 2.50706e+22	8.65e-11	4.23e-07	2.06e-04	1.04e-02	6.61e-02	1.30e-01	5.70e-01	2.05e-01	1.79e-02	8.65e-11	2.08e-19	2.21e-19
 2.52835e+22	9.52e-11	4.65e-07	2.26e-04	1.13e-02	6.97e-02	1.35e-01	5.70e-01	1.97e-01	1.66e-02	9.52e-11	2.34e-19	2.49e-19
 2.54975e+22	1.06e-10	5.20e-07	2.53e-04	1.24e-02	7.46e-02	1.42e-01	5.69e-01	1.87e-01	1.50e-02	1.06e-10	2.70e-19	2.87e-19
 2.57101e+22	1.17e-10	5.70e-07	2.76e-04	1.34e-02	7.85e-02	1.47e-01	5.68e-01	1.79e-01	1.38e-02	1.17e-10	3.05e-19	3.25e-19
 2.59210e+22	1.32e-10	6.40e-07	3.09e-04	1.48e-02	8.36e-02	1.54e-01	5.65e-01	1.70e-01	1.25e-02	1.32e-10	3.54e-19	3.77e-19
 2.61342e+22	1.47e-10	7.06e-07	3.39e-04	1.59e-02	8.79e-02	1.60e-01	5.62e-01	1.63e-01	1.15e-02	1.47e-10	4.02e-19	4.29e-19
 2.63505e+22	1.68e-10	8.00e-07	3.81e-04	1.75e-02	9.36e-02	1.67e-01	5.58e-01	1.53e-01	1.03e-02	1.68e-10	4.74e-19	5.06e-19
 2.65708e+22	1.87e-10	8.88e-07	4.20e-04	1.90e-02	9.84e-02	1.72e-01	5.54e-01	1.46e-01	9.44e-03	1.87e-10	5.44e-19	5.82e-19
 2.67963e+22	2.17e-10	1.01e-06	4.76e-04	2.10e-02	1.05e-01	1.80e-01	5.48e-01	1.37e-01	8.41e-03	2.17e-10	6.49e-19	6.95e-19
 2.70234e+22	2.46e-10	1.14e-06	5.26e-04	2.27e-02	1.10e-01	1.86e-01	5.43e-01	1.30e-01	7.70e-03	2.46e-10	7.56e-19	8.11e-19
 2.72525e+22	2.86e-10	1.30e-06	5.97e-04	2.50e-02	1.17e-01	1.93e-01	5.36e-01	1.22e-01	6.81e-03	2.86e-10	9.08e-19	9.76e-19
 2.74840e+22	3.27e-10	1.47e-06	6.61e-04	2.70e-02	1.23e-01	1.99e-01	5.29e-01	1.15e-01	6.21e-03	3.27e-10	1.07e-18	1.15e-18
 2.77187e+22	3.86e-10	1.70e-06	7.53e-04	2.99e-02	1.30e-01	2.07e-01	5.20e-01	1.07e-01	5.46e-03	3.86e-10	1.30e-18	1.40e-18
 2.79587e+22	4.47e-10	1.94e-06	8.39e-04	3.24e-02	1.36e-01	2.12e-01	5.12e-01	1.01e-01	4.94e-03	4.47e-10	1.55e-18	1.68e-18
 2.82055e+22	5.37e-10	2.27e-06	9.64e-04	3.59e-02	1.45e-01	2.20e-01	5.00e-01	9.33e-02	4.31e-03	5.37e-10	1.93e-18	2.09e-18
 2.84575e+22	6.30e-10	2.60e-06	1.08e-03	3.89e-02	1.52e-01	2.26e-01	4.91e-01	8.76e-02	3.87e-03	6.30e-10	2.34e-18	2.53e-18
 2.87163e+22	7.70e-10	3.09e-06	1.25e-03	4.32e-02	1.61e-01	2.33e-01	4.77e-01	8.01e-02	3.33e-03	7.70e-10	2.97e-18	3.22e-18
 2.89770e+22	9.12e-10	3.56e-06	1.40e-03	4.68e-02	1.69e-01	2.38e-01	4.67e-01	7.48e-02	2.98e-03	9.12e-10	3.63e-18	3.93e-18
 2.92404e+22	1.13e-09	4.26e-06	1.62e-03	5.19e-02	1.79e-01	2.45e-01	4.52e-01	6.81e-02	2.55e-03	1.13e-09	4.67e-18	5.07e-18
 2.94907e+22	1.32e-09	4.85e-06	1.80e-03	5.57e-02	1.86e-01	2.50e-01	4.41e-01	6.37e-02	2.29e-03	1.32e-09	5.61e-18	6.09e-18
 2.97239e+22	1.60e-09	5.68e-06	2.04e-03	6.07e-02	1.95e-01	2.54e-01	4.27e-01	5.86e-02	2.01e-03	1.60e-09	7.04e-18	7.65e-18
 2.99732e+22	1.92e-09	6.59e-06	2.30e-03	6.57e-02	2.03e-01	2.59e-01	4.14e-01	5.41e-02	1.77e-03	1.92e-09	8.70e-18	9.47e-18
 3.02055e+22	2.28e-09	7.60e-06	2.57e-03	7.08e-02	2.11e-01	2.62e-01	4.02e-01	5.01e-02	1.56e-03	2.28e-09	1.07e-17	1.17e-17
 3.04240e+22	2.69e-09	8.67e-06	2.85e-03	7.57e-02	2.19e-01	2.65e-01	3.90e-01	4.65e-02	1.39e-03	2.69e-09	1.29e-17	1.41e-17
 3.06311e+22	3.16e-09	9.88e-06	3.15e-03	8.08e-02	2.26e-01	2.68e-01	3.78e-01	4.32e-02	1.24e-03	3.16e-09	1.56e-17	1.71e-17
 3.08689e+22	3.89e-09	1.17e-05	3.58e-03	8.78e-02	2.35e-01	2.71e-01	3.62e-01	3.93e-02	1.07e-03	3.89e-09	2.00e-17	2.18e-17
 3.11109e+22	4.62e-09	1.34e-05	3.97e-03	9.38e-02	2.43e-01	2.73e-01	3.49e-01	3.62e-02	9.46e-04	4.62e-09	2.44e-17	2.67e-17
 3.13582e+22	5.74e-09	1.59e-05	4.52e-03	1.02e-01	2.53e-01	2.74e-01	3.33e-01	3.27e-02	8.09e-04	5.74e-09	3.15e-17	3.44e-17
 3.16117e+22	6.92e-09	1.84e-05	5.04e-03	1.09e-01	2.61e-01	2.75e-01	3.20e-01	2.99e-02	7.05e-04	6.92e-09	3.92e-17	4.29e-17
 3.18352e+22	8.27e-09	2.12e-05	5.60e-03	1.16e-01	2.68e-01	2.76e-01	3.06e-01	2.73e-02	6.18e-04	8.27e-09	4.82e-17	5.28e-17
 3.20879e+22	1.03e-08	2.52e-05	6.36e-03	1.25e-01	2.78e-01	2.76e-01	2.90e-01	2.45e-02	5.23e-04	1.03e-08	6.26e-17	6.87e-17
 3.23521e+22	1.26e-08	2.95e-05	7.13e-03	1.34e-01	2.86e-01	2.75e-01	2.76e-01	2.21e-02	4.49e-04	1.26e-08	7.90e-17	8.67e-17
 3.25920e+22	1.53e-08	3.42e-05	7.94e-03	1.43e-01	2.93e-01	2.74e-01	2.62e-01	2.00e-02	3.87e-04	1.53e-08	9.88e-17	1.09e-16
 3.28648e+22	1.95e-08	4.13e-05	9.09e-03	1.55e-01	3.02e-01	2.71e-01	2.45e-01	1.76e-02	3.21e-04	1.95e-08	1.31e-16	1.45e-16
 3.31447e+22	2.40e-08	4.85e-05	1.02e-02	1.65e-01	3.10e-01	2.68e-01	2.31e-01	1.56e-02	2.71e-04	2.40e-08	1.68e-16	1.85e-16
 3.33929e+22	2.93e-08	5.64e-05	1.14e-02	1.75e-01	3.16e-01	2.65e-01	2.17e-01	1.40e-02	2.31e-04	2.93e-08	2.11e-16	2.33e-16
 3.36746e+22	3.76e-08	6.83e-05	1.30e-02	1.89e-01	3.24e-01	2.61e-01	2.01e-01	1.21e-02	1.88e-04	3.76e-08	2.83e-16	3.13e-16
 3.39653e+22	4.68e-08	8.06e-05	1.46e-02	2.01e-01	3.30e-01	2.56e-01	1.88e-01	1.07e-02	1.57e-04	4.68e-08	3.65e-16	4.03e-16
 3.42254e+22	5.75e-08	9.43e-05	1.62e-02	2.12e-01	3.36e-01	2.51e-01	1.75e-01	9.44e-03	1.31e-04	5.75e-08	4.65e-16	5.13e-16
 3.45215e+22	7.46e-08	1.15e-04	1.86e-02	2.28e-01	3.42e-01	2.44e-01	1.60e-01	8.04e-03	1.05e-04	7.46e-08	6.31e-16	6.98e-16
 3.48210e+22	9.27e-08	1.35e-04	2.08e-02	2.41e-01	3.46e-01	2.37e-01	1.48e-01	7.00e-03	8.61e-05	9.27e-08	8.14e-16	9.01e-16
 3.50835e+22	1.14e-07	1.58e-04	2.30e-02	2.54e-01	3.50e-01	2.31e-01	1.37e-01	6.13e-03	7.14e-05	1.14e-07	1.04e-15	1.15e-15
 3.53830e+22	1.48e-07	1.92e-04	2.62e-02	2.70e-01	3.53e-01	2.22e-01	1.23e-01	5.16e-03	5.62e-05	1.48e-07	1.41e-15	1.56e-15
 3.56896e+22	1.84e-07	2.26e-04	2.92e-02	2.84e-01	3.55e-01	2.14e-01	1.13e-01	4.44e-03	4.56e-05	1.84e-07	1.82e-15	2.02e-15
 3.59623e+22	2.27e-07	2.65e-04	3.24e-02	2.97e-01	3.57e-01	2.06e-01	1.03e-01	3.83e-03	3.72e-05	2.27e-07	2.33e-15	2.59e-15
 3.62741e+22	2.96e-07	3.22e-04	3.68e-02	3.15e-01	3.58e-01	1.96e-01	9.20e-02	3.17e-03	2.86e-05	2.96e-07	3.19e-15	3.55e-15
 3.65927e+22	3.70e-07	3.81e-04	4.10e-02	3.29e-01	3.57e-01	1.87e-01	8.32e-02	2.68e-03	2.27e-05	3.70e-07	4.15e-15	4.62e-15
 3.68748e+22	4.57e-07	4.45e-04	4.53e-02	3.43e-01	3.56e-01	1.78e-01	7.53e-02	2.28e-03	1.82e-05	4.57e-07	5.32e-15	5.94e-15
 3.71507e+22	5.62e-07	5.19e-04	4.98e-02	3.56e-01	3.54e-01	1.69e-01	6.82e-02	1.95e-03	1.47e-05	5.62e-07	6.79e-15	7.58e-15
 3.74642e+22	7.27e-07	6.27e-04	5.61e-02	3.72e-01	3.51e-01	1.59e-01	6.00e-02	1.59e-03	1.11e-05	7.27e-07	9.22e-15	1.03e-14
 3.77813e+22	8.99e-07	7.33e-04	6.18e-02	3.86e-01	3.47e-01	1.50e-01	5.38e-02	1.33e-03	8.77e-06	8.99e-07	1.18e-14	1.32e-14
 3.80567e+22	1.10e-06	8.48e-04	6.76e-02	3.98e-01	3.43e-01	1.41e-01	4.84e-02	1.13e-03	7.00e-06	1.10e-06	1.50e-14	1.68e-14
 3.83685e+22	1.41e-06	1.02e-03	7.55e-02	4.13e-01	3.37e-01	1.31e-01	4.22e-02	9.09e-04	5.24e-06	1.41e-06	2.02e-14	2.26e-14
 3.86877e+22	1.73e-06	1.19e-03	8.28e-02	4.25e-01	3.31e-01	1.23e-01	3.75e-02	7.56e-04	4.09e-06	1.73e-06	2.59e-14	2.90e-14
 3.89611e+22	2.09e-06	1.36e-03	8.99e-02	4.35e-01	3.25e-01	1.15e-01	3.36e-02	6.38e-04	3.25e-06	2.09e-06	3.24e-14	3.63e-14
 3.92614e+22	2.64e-06	1.61e-03	9.92e-02	4.47e-01	3.17e-01	1.06e-01	2.93e-02	5.15e-04	2.45e-06	2.64e-06	4.27e-14	4.80e-14
 3.95690e+22	3.20e-06	1.85e-03	1.08e-01	4.56e-01	3.09e-01	9.88e-02	2.60e-02	4.29e-04	1.91e-06	3.20e-06	5.38e-14	6.05e-14
 3.98435e+22	3.86e-06	2.12e-03	1.17e-01	4.64e-01	3.02e-01	9.19e-02	2.31e-02	3.58e-04	1.50e-06	3.86e-06	6.74e-14	7.58e-14
 4.00906e+22	4.50e-06	2.37e-03	1.24e-01	4.71e-01	2.95e-01	8.63e-02	2.09e-02	3.07e-04	1.22e-06	4.50e-06	8.11e-14	9.12e-14
 4.03112e+22	5.19e-06	2.63e-03	1.32e-01	4.76e-01	2.88e-01	8.13e-02	1.90e-02	2.65e-04	1.01e-06	5.19e-06	9.64e-14	1.09e-13
 4.05646e+22	6.22e-06	3.00e-03	1.42e-01	4.83e-01	2.80e-01	7.53e-02	1.68e-02	2.21e-04	7.91e-07	6.22e-06	1.20e-13	1.35e-13
 4.08266e+22	7.31e-06	3.37e-03	1.52e-01	4.88e-01	2.72e-01	7.00e-02	1.50e-02	1.86e-04	6.31e-07	7.31e-06	1.46e-13	1.64e-13
 4.10577e+22	8.45e-06	3.73e-03	1.61e-01	4.91e-01	2.65e-01	6.55e-02	1.35e-02	1.59e-04	5.14e-07	8.45e-06	1.74e-13	1.96e-13
 4.13163e+22	1.02e-05	4.27e-03	1.73e-01	4.96e-01	2.55e-01	6.00e-02	1.18e-02	1.30e-04	3.94e-07	1.02e-05	2.18e-13	2.46e-13
 4.15799e+22	1.18e-05	4.75e-03	1.83e-01	4.98e-01	2.47e-01	5.57e-02	1.06e-02	1.10e-04	3.15e-07	1.18e-05	2.62e-13	2.96e-13
 4.18501e+22	1.42e-05	5.41e-03	1.97e-01	5.00e-01	2.38e-01	5.07e-02	9.23e-03	8.97e-05	2.41e-07	1.42e-05	3.28e-13	3.70e-13
 4.21272e+22	1.66e-05	6.06e-03	2.09e-01	5.02e-01	2.29e-01	4.66e-02	8.15e-03	7.45e-05	1.88e-07	1.66e-05	3.98e-13	4.49e-13
 4.23704e+22	1.92e-05	6.71e-03	2.21e-01	5.02e-01	2.20e-01	4.30e-02	7.27e-03	6.28e-05	1.50e-07	1.92e-05	4.75e-13	5.36e-13
 4.26441e+22	2.31e-05	7.65e-03	2.36e-01	5.01e-01	2.10e-01	3.88e-02	6.26e-03	5.02e-05	0.00e+00	2.31e-05	5.96e-13	6.74e-13
 4.29241e+22	2.67e-05	8.47e-03	2.50e-01	5.00e-01	2.01e-01	3.56e-02	5.53e-03	4.19e-05	0.00e+00	2.67e-05	7.13e-13	8.06e-13
 4.32122e+22	3.23e-05	9.69e-03	2.67e-01	4.96e-01	1.90e-01	3.17e-02	4.71e-03	3.30e-05	0.00e+00	3.23e-05	9.04e-13	1.02e-12
 4.35037e+22	3.75e-05	1.08e-02	2.82e-01	4.93e-01	1.82e-01	2.89e-02	4.13e-03	2.72e-05	0.00e+00	3.75e-05	1.09e-12	1.23e-12
 4.37995e+22	4.56e-05	1.24e-02	3.01e-01	4.87e-01	1.70e-01	2.55e-02	3.48e-03	2.12e-05	0.00e+00	4.56e-05	1.39e-12	1.57e-12
 4.40978e+22	5.28e-05	1.37e-02	3.16e-01	4.82e-01	1.62e-01	2.31e-02	3.04e-03	1.74e-05	0.00e+00	5.28e-05	1.67e-12	1.88e-12
 4.43992e+22	6.38e-05	1.57e-02	3.36e-01	4.74e-01	1.51e-01	2.03e-02	2.56e-03	1.35e-05	0.00e+00	6.38e-05	2.12e-12	2.39e-12
 4.47101e+22	7.44e-05	1.74e-02	3.53e-01	4.66e-01	1.43e-01	1.82e-02	2.20e-03	1.08e-05	0.00e+00	7.44e-05	2.58e-12	2.90e-12
 4.50330e+22	9.09e-05	2.00e-02	3.76e-01	4.55e-01	1.32e-01	1.57e-02	1.81e-03	8.17e-06	0.00e+00	9.09e-05	3.32e-12	3.72e-12
 4.53617e+22	1.06e-04	2.23e-02	3.94e-01	4.45e-01	1.23e-01	1.40e-02	1.55e-03	6.52e-06	0.00e+00	1.06e-04	4.04e-12	4.51e-12
 4.56215e+22	1.19e-04	2.42e-02	4.08e-01	4.37e-01	1.17e-01	1.27e-02	1.37e-03	5.45e-06	0.00e+00	1.19e-04	4.70e-12	5.24e-12
 4.58831e+22	1.39e-04	2.69e-02	4.26e-01	4.25e-01	1.09e-01	1.12e-02	1.17e-03	4.32e-06	0.00e+00	1.39e-04	5.74e-12	6.38e-12
 4.61456e+22	1.55e-04	2.91e-02	4.40e-01	4.16e-01	1.03e-01	1.02e-02	1.03e-03	3.61e-06	0.00e+00	1.55e-04	6.65e-12	7.37e-12
 4.64092e+22	1.80e-04	3.21e-02	4.58e-01	4.04e-01	9.60e-02	9.02e-03	8.78e-04	2.87e-06	0.00e+00	1.80e-04	8.07e-12	8.90e-12
 4.66795e+22	2.03e-04	3.49e-02	4.73e-01	3.93e-01	9.00e-02	8.09e-03	7.64e-04	2.35e-06	0.00e+00	2.03e-04	9.45e-12	1.04e-11
 4.69583e+22	2.37e-04	3.88e-02	4.91e-01	3.79e-01	8.30e-02	7.04e-03	6.41e-04	1.82e-06	0.00e+00	2.37e-04	1.16e-11	1.27e-11
 4.72377e+22	2.65e-04	4.18e-02	5.06e-01	3.68e-01	7.76e-02	6.31e-03	5.57e-04	1.50e-06	0.00e+00	2.65e-04	1.35e-11	1.47e-11
 4.75177e+22	3.08e-04	4.63e-02	5.23e-01	3.53e-01	7.13e-02	5.48e-03	4.66e-04	1.16e-06	0.00e+00	3.08e-04	1.65e-11	1.78e-11
 4.78043e+22	3.46e-04	5.00e-02	5.38e-01	3.40e-01	6.62e-02	4.86e-03	4.01e-04	9.38e-07	0.00e+00	3.46e-04	1.94e-11	2.07e-11
 4.80997e+22	4.04e-04	5.55e-02	5.56e-01	3.24e-01	6.01e-02	4.16e-03	3.30e-04	7.11e-07	0.00e+00	4.04e-04	2.40e-11	2.53e-11
 4.83975e+22	4.51e-04	5.97e-02	5.69e-01	3.11e-01	5.57e-02	3.68e-03	2.84e-04	5.74e-07	0.00e+00	4.51e-04	2.80e-11	2.93e-11
 4.86985e+22	5.26e-04	6.60e-02	5.85e-01	2.94e-01	5.03e-02	3.12e-03	2.32e-04	4.32e-07	0.00e+00	5.26e-04	3.46e-11	3.58e-11
 4.89789e+22	5.71e-04	6.97e-02	5.96e-01	2.84e-01	4.70e-02	2.82e-03	2.04e-04	3.61e-07	0.00e+00	5.71e-04	3.91e-11	4.02e-11
 4.91768e+22	6.13e-04	7.30e-02	6.04e-01	2.76e-01	4.45e-02	2.58e-03	1.84e-04	3.11e-07	0.00e+00	6.13e-04	4.33e-11	4.42e-11
 4.93784e+22	6.75e-04	7.78e-02	6.13e-01	2.65e-01	4.14e-02	2.31e-03	1.61e-04	2.57e-07	0.00e+00	6.75e-04	4.97e-11	5.02e-11
 4.96042e+22	7.37e-04	8.24e-02	6.22e-01	2.54e-01	3.87e-02	2.08e-03	1.41e-04	2.14e-07	0.00e+00	7.37e-04	5.65e-11	5.66e-11
 4.98616e+22	8.36e-04	8.94e-02	6.33e-01	2.40e-01	3.51e-02	1.79e-03	1.17e-04	1.66e-07	0.00e+00	8.36e-04	6.77e-11	6.68e-11
 5.00944e+22	8.85e-04	9.26e-02	6.39e-01	2.32e-01	3.32e-02	1.64e-03	1.06e-04	1.44e-07	0.00e+00	8.85e-04	7.39e-11	7.25e-11
 5.02953e+22	9.71e-04	9.84e-02	6.47e-01	2.22e-01	3.08e-02	1.46e-03	9.23e-05	0.00e+00	0.00e+00	9.71e-04	8.48e-11	8.21e-11
 5.05565e+22	1.10e-03	1.06e-01	6.55e-01	2.08e-01	2.79e-02	1.26e-03	7.69e-05	0.00e+00	0.00e+00	1.10e-03	1.01e-10	9.64e-11
 5.08045e+22	1.17e-03	1.11e-01	6.61e-01	2.00e-01	2.60e-02	1.13e-03	6.80e-05	0.00e+00	0.00e+00	1.17e-03	1.12e-10	1.06e-10
 5.10353e+22	1.30e-03	1.18e-01	6.67e-01	1.88e-01	2.38e-02	9.88e-04	5.78e-05	0.00e+00	0.00e+00	1.30e-03	1.31e-10	1.22e-10
 5.12896e+22	1.42e-03	1.25e-01	6.73e-01	1.78e-01	2.18e-02	8.66e-04	4.94e-05	0.00e+00	0.00e+00	1.42e-03	1.51e-10	1.38e-10
 5.15207e+22	1.54e-03	1.31e-01	6.77e-01	1.69e-01	2.02e-02	7.73e-04	4.32e-05	0.00e+00	0.00e+00	1.54e-03	1.70e-10	1.54e-10
 5.17673e+22	1.71e-03	1.41e-01	6.81e-01	1.58e-01	1.83e-02	6.64e-04	3.62e-05	0.00e+00	0.00e+00	1.71e-03	2.00e-10	1.78e-10
 5.20879e+22	1.97e-03	1.53e-01	6.84e-01	1.44e-01	1.60e-02	5.41e-04	2.86e-05	0.00e+00	0.00e+00	1.97e-03	2.48e-10	2.16e-10
 5.24285e+22	2.21e-03	1.65e-01	6.87e-01	1.32e-01	1.42e-02	4.52e-04	2.32e-05	0.00e+00	0.00e+00	2.21e-03	2.96e-10	2.53e-10
 5.27952e+22	2.60e-03	1.81e-01	6.86e-01	1.17e-01	1.22e-02	3.54e-04	1.75e-05	0.00e+00	0.00e+00	2.60e-03	3.79e-10	3.15e-10
 5.31689e+22	2.92e-03	1.94e-01	6.86e-01	1.06e-01	1.07e-02	2.92e-04	1.40e-05	0.00e+00	0.00e+00	2.92e-03	4.53e-10	3.70e-10
 5.35517e+22	3.46e-03	2.15e-01	6.80e-01	9.26e-02	8.98e-03	2.23e-04	1.04e-05	0.00e+00	0.00e+00	3.46e-03	5.87e-10	4.66e-10
 5.39355e+22	3.90e-03	2.30e-01	6.75e-01	8.29e-02	7.83e-03	1.81e-04	8.25e-06	0.00e+00	0.00e+00	3.90e-03	7.06e-10	5.50e-10
 5.43208e+22	4.65e-03	2.55e-01	6.63e-01	7.09e-02	6.54e-03	1.36e-04	6.03e-06	0.00e+00	0.00e+00	4.65e-03	9.20e-10	6.97e-10
 5.47090e+22	5.31e-03	2.74e-01	6.52e-01	6.22e-02	5.62e-03	1.07e-04	4.67e-06	0.00e+00	0.00e+00	5.31e-03	1.12e-09	8.35e-10
 5.51011e+22	6.43e-03	3.05e-01	6.32e-01	5.17e-02	4.62e-03	7.79e-05	3.33e-06	0.00e+00	0.00e+00	6.43e-03	1.48e-09	1.07e-09
 5.54471e+22	7.10e-03	3.22e-01	6.21e-01	4.62e-02	4.11e-03	6.45e-05	2.73e-06	0.00e+00	0.00e+00	7.10e-03	1.72e-09	1.23e-09
 5.57333e+22	8.23e-03	3.48e-01	6.00e-01	3.96e-02	3.53e-03	4.99e-05	2.10e-06	0.00e+00	0.00e+00	8.23e-03	2.12e-09	1.49e-09
 5.60261e+22	9.31e-03	3.71e-01	5.82e-01	3.46e-02	3.09e-03	4.00e-05	1.68e-06	0.00e+00	0.00e+00	9.31e-03	2.51e-09	1.74e-09
 5.62835e+22	1.05e-02	3.95e-01	5.62e-01	3.01e-02	2.72e-03	3.20e-05	1.34e-06	0.00e+00	0.00e+00	1.05e-02	2.98e-09	2.04e-09
 5.65743e+22	1.24e-02	4.28e-01	5.32e-01	2.48e-02	2.29e-03	2.36e-05	9.97e-07	0.00e+00	0.00e+00	1.24e-02	3.73e-09	2.51e-09
 5.68670e+22	1.43e-02	4.57e-01	5.05e-01	2.09e-02	1.97e-03	1.82e-05	7.72e-07	0.00e+00	0.00e+00	1.43e-02	4.50e-09	2.99e-09
 5.71191e+22	1.64e-02	4.86e-01	4.78e-01	1.76e-02	1.70e-03	1.40e-05	6.01e-07	0.00e+00	0.00e+00	1.64e-02	5.38e-09	3.54e-09
 5.74037e+22	1.96e-02	5.26e-01	4.40e-01	1.38e-02	1.40e-03	9.80e-06	4.30e-07	0.00e+00	0.00e+00	1.96e-02	6.79e-09	4.42e-09
 5.76986e+22	2.31e-02	5.62e-01	4.03e-01	1.10e-02	1.17e-03	6.99e-06	3.14e-07	0.00e+00	0.00e+00	2.31e-02	8.39e-09	5.40e-09
 5.79619e+22	2.72e-02	5.97e-01	3.66e-01	8.63e-03	9.67e-04	4.96e-06	2.28e-07	0.00e+00	0.00e+00	2.72e-02	1.03e-08	6.57e-09
 5.82590e+22	3.34e-02	6.40e-01	3.20e-01	6.26e-03	7.55e-04	3.14e-06	1.50e-07	0.00e+00	0.00e+00	3.34e-02	1.33e-08	8.41e-09
 5.85749e+22	4.11e-02	6.80e-01	2.74e-01	4.44e-03	5.83e-04	1.95e-06	0.00e+00	0.00e+00	0.00e+00	4.11e-02	1.71e-08	1.07e-08
 5.88509e+22	4.96e-02	7.13e-01	2.33e-01	3.20e-03	4.55e-04	1.24e-06	0.00e+00	0.00e+00	0.00e+00	4.96e-02	2.14e-08	1.33e-08
 5.91020e+22	6.00e-02	7.41e-01	1.96e-01	2.28e-03	3.49e-04	7.74e-07	0.00e+00	0.00e+00	0.00e+00	6.00e-02	2.66e-08	1.66e-08
 5.93312e+22	7.06e-02	7.62e-01	1.66e-01	1.67e-03	2.75e-04	5.06e-07	0.00e+00	0.00e+00	0.00e+00	7.06e-02	3.22e-08	1.99e-08
 5.94767e+22	7.78e-02	7.71e-01	1.50e-01	1.39e-03	2.39e-04	3.96e-07	0.00e+00	0.00e+00	0.00e+00	7.78e-02	3.57e-08	2.21e-08
 5.95393e+22	8.16e-02	7.75e-01	1.42e-01	1.27e-03	2.23e-04	3.49e-07	0.00e+00	0.00e+00	0.00e+00	8.16e-02	3.76e-08	2.32e-08
 5.95875e+22	8.44e-02	7.78e-01	1.37e-01	1.19e-03	2.10e-04	3.17e-07	0.00e+00	0.00e+00	0.00e+00	8.44e-02	3.91e-08	2.42e-08
 5.96450e+22	8.86e-02	7.81e-01	1.29e-01	1.08e-03	1.94e-04	2.77e-07	0.00e+00	0.00e+00	0.00e+00	8.86e-02	4.13e-08	2.55e-08
 5.97112e+22	9.34e-02	7.84e-01	1.21e-01	9.69e-04	1.78e-04	2.38e-07	0.00e+00	0.00e+00	0.00e+00	9.34e-02	4.39e-08	2.70e-08
 5.97772e+22	9.85e-02	7.87e-01	1.14e-01	8.72e-04	1.63e-04	2.05e-07	0.00e+00	0.00e+00	0.00e+00	9.85e-02	4.65e-08	2.87e-08
 5.98405e+22	1.03e-01	7.89e-01	1.07e-01	7.89e-04	1.50e-04	1.78e-07	0.00e+00	0.00e+00	0.00e+00	1.03e-01	4.91e-08	3.02e-08
 5.99035e+22	1.09e-01	7.90e-01	1.00e-01	7.11e-04	1.37e-04	1.53e-07	0.00e+00	0.00e+00	0.00e+00	1.09e-01	5.20e-08	3.20e-08
 5.99653e+22	1.14e-01	7.91e-01	9.38e-02	6.42e-04	1.25e-04	1.33e-07	0.00e+00	0.00e+00	0.00e+00	1.14e-01	5.49e-08	3.37e-08
 6.00256e+22	1.20e-01	7.91e-01	8.79e-02	5.80e-04	1.14e-04	0.00e+00	0.00e+00	0.00e+00	0.00e+00	1.20e-01	5.80e-08	3.56e-08
 6.00849e+22	1.26e-01	7.91e-01	8.23e-02	5.26e-04	1.05e-04	0.00e+00	0.00e+00	0.00e+00	0.00e+00	1.26e-01	6.10e-08	3.74e-08
 6.01435e+22	1.32e-01	7.90e-01	7.69e-02	4.75e-04	9.54e-05	0.00e+00	0.00e+00	0.00e+00	0.00e+00	1.32e-01	6.43e-08	3.95e-08
 6.02020e+22	1.39e-01	7.89e-01	7.19e-02	4.31e-04	8.70e-05	0.00e+00	0.00e+00	0.00e+00	0.00e+00	1.39e-01	6.77e-08	4.15e-08
 6.02585e+22	1.46e-01	7.87e-01	6.71e-02	3.90e-04	7.93e-05	0.00e+00	0.00e+00	0.00e+00	0.00e+00	1.46e-01	7.12e-08	4.36e-08
 6.03137e+22	1.52e-01	7.84e-01	6.29e-02	3.56e-04	7.27e-05	0.00e+00	0.00e+00	0.00e+00	0.00e+00	1.52e-01	7.46e-08	4.57e-08
 6.03711e+22	1.60e-01	7.81e-01	5.84e-02	3.22e-04	6.58e-05	0.00e+00	0.00e+00	0.00e+00	0.00e+00	1.60e-01	7.85e-08	4.81e-08
 6.04283e+22	1.67e-01	7.78e-01	5.45e-02	2.93e-04	5.99e-05	0.00e+00	0.00e+00	0.00e+00	0.00e+00	1.67e-01	8.23e-08	5.03e-08
 6.04838e+22	1.75e-01	7.74e-01	5.06e-02	2.65e-04	5.41e-05	0.00e+00	0.00e+00	0.00e+00	0.00e+00	1.75e-01	8.64e-08	5.29e-08
 6.05379e+22	1.83e-01	7.69e-01	4.72e-02	2.43e-04	4.94e-05	0.00e+00	0.00e+00	0.00e+00	0.00e+00	1.83e-01	9.03e-08	5.52e-08
 6.05917e+22	1.92e-01	7.64e-01	4.39e-02	2.21e-04	4.47e-05	0.00e+00	0.00e+00	0.00e+00	0.00e+00	1.92e-01	9.46e-08	5.78e-08
 6.06467e+22	2.01e-01	7.58e-01	4.06e-02	2.01e-04	4.03e-05	0.00e+00	0.00e+00	0.00e+00	0.00e+00	2.01e-01	9.90e-08	6.05e-08
 6.06990e+22	2.09e-01	7.53e-01	3.78e-02	1.84e-04	3.66e-05	0.00e+00	0.00e+00	0.00e+00	0.00e+00	2.09e-01	1.03e-07	6.30e-08
 6.07500e+22	2.18e-01	7.47e-01	3.53e-02	1.69e-04	3.34e-05	0.00e+00	0.00e+00	0.00e+00	0.00e+00	2.18e-01	1.07e-07	6.55e-08
 6.08054e+22	2.28e-01	7.39e-01	3.25e-02	1.53e-04	2.98e-05	0.00e+00	0.00e+00	0.00e+00	0.00e+00	2.28e-01	1.12e-07	6.85e-08
 6.08612e+22	2.39e-01	7.31e-01	2.99e-02	1.40e-04	2.67e-05	0.00e+00	0.00e+00	0.00e+00	0.00e+00	2.39e-01	1.17e-07	7.16e-08
 6.09117e+22	2.48e-01	7.24e-01	2.78e-02	1.28e-04	2.42e-05	0.00e+00	0.00e+00	0.00e+00	0.00e+00	2.48e-01	1.22e-07	7.43e-08
 6.09610e+22	2.58e-01	7.16e-01	2.59e-02	1.19e-04	2.21e-05	0.00e+00	0.00e+00	0.00e+00	0.00e+00	2.58e-01	1.26e-07	7.68e-08
 6.10164e+22	2.69e-01	7.07e-01	2.37e-02	1.08e-04	1.96e-05	0.00e+00	0.00e+00	0.00e+00	0.00e+00	2.69e-01	1.32e-07	8.01e-08
 6.10736e+22	2.82e-01	6.97e-01	2.17e-02	9.84e-05	1.75e-05	0.00e+00	0.00e+00	0.00e+00	0.00e+00	2.82e-01	1.37e-07	8.34e-08
 6.11252e+22	2.93e-01	6.87e-01	2.01e-02	9.04e-05	1.57e-05	0.00e+00	0.00e+00	0.00e+00	0.00e+00	2.93e-01	1.42e-07	8.64e-08
 6.11736e+22	3.03e-01	6.78e-01	1.86e-02	8.40e-05	1.42e-05	0.00e+00	0.00e+00	0.00e+00	0.00e+00	3.03e-01	1.46e-07	8.90e-08
 6.12268e+22	3.16e-01	6.67e-01	1.71e-02	7.70e-05	1.27e-05	0.00e+00	0.00e+00	0.00e+00	0.00e+00	3.16e-01	1.52e-07	9.21e-08
 6.12838e+22	3.29e-01	6.55e-01	1.56e-02	7.03e-05	1.12e-05	0.00e+00	0.00e+00	0.00e+00	0.00e+00	3.29e-01	1.57e-07	9.55e-08
 6.13367e+22	3.42e-01	6.43e-01	1.43e-02	6.46e-05	9.99e-06	0.00e+00	0.00e+00	0.00e+00	0.00e+00	3.42e-01	1.62e-07	9.85e-08
 6.13857e+22	3.53e-01	6.34e-01	1.32e-02	6.03e-05	9.06e-06	0.00e+00	0.00e+00	0.00e+00	0.00e+00	3.53e-01	1.66e-07	1.01e-07
 6.14399e+22	3.67e-01	6.21e-01	1.21e-02	5.53e-05	8.01e-06	0.00e+00	0.00e+00	0.00e+00	0.00e+00	3.67e-01	1.72e-07	1.04e-07
 6.14990e+22	3.81e-01	6.08e-01	1.09e-02	5.06e-05	7.05e-06	0.00e+00	0.00e+00	0.00e+00	0.00e+00	3.81e-01	1.77e-07	1.07e-07
 6.15547e+22	3.95e-01	5.95e-01	9.97e-03	4.66e-05	6.24e-06	0.00e+00	0.00e+00	0.00e+00	0.00e+00	3.95e-01	1.82e-07	1.10e-07
 6.16076e+22	4.08e-01	5.83e-01	9.14e-03	4.33e-05	5.58e-06	0.00e+00	0.00e+00	0.00e+00	0.00e+00	4.08e-01	1.86e-07	1.13e-07
 6.16632e+22	4.22e-01	5.69e-01	8.32e-03	3.99e-05	4.93e-06	0.00e+00	0.00e+00	0.00e+00	0.00e+00	4.22e-01	1.91e-07	1.16e-07
 6.17221e+22	4.37e-01	5.55e-01	7.53e-03	3.67e-05	4.34e-06	0.00e+00	0.00e+00	0.00e+00	0.00e+00	4.37e-01	1.95e-07	1.19e-07
 6.17801e+22	4.52e-01	5.41e-01	6.83e-03	3.39e-05	3.82e-06	0.00e+00	0.00e+00	0.00e+00	0.00e+00	4.52e-01	2.00e-07	1.21e-07
 6.18374e+22	4.66e-01	5.27e-01	6.19e-03	3.13e-05	3.37e-06	0.00e+00	0.00e+00	0.00e+00	0.00e+00	4.66e-01	2.04e-07	1.23e-07
 6.18948e+22	4.80e-01	5.14e-01	5.63e-03	2.91e-05	2.98e-06	0.00e+00	0.00e+00	0.00e+00	0.00e+00	4.80e-01	2.07e-07	1.26e-07
 6.19552e+22	4.95e-01	5.00e-01	5.08e-03	2.68e-05	2.61e-06	0.00e+00	0.00e+00	0.00e+00	0.00e+00	4.95e-01	2.11e-07	1.28e-07
 6.20183e+22	5.10e-01	4.85e-01	4.56e-03	2.47e-05	2.28e-06	0.00e+00	0.00e+00	0.00e+00	0.00e+00	5.10e-01	2.15e-07	1.30e-07
 6.20799e+22	5.25e-01	4.71e-01	4.12e-03	2.29e-05	2.00e-06	0.00e+00	0.00e+00	0.00e+00	0.00e+00	5.25e-01	2.18e-07	1.32e-07
 6.21425e+22	5.39e-01	4.57e-01	3.71e-03	2.12e-05	1.76e-06	0.00e+00	0.00e+00	0.00e+00	0.00e+00	5.39e-01	2.21e-07	1.34e-07
 6.22097e+22	5.54e-01	4.42e-01	3.32e-03	1.96e-05	1.53e-06	0.00e+00	0.00e+00	0.00e+00	0.00e+00	5.54e-01	2.24e-07	1.35e-07
 6.22793e+22	5.70e-01	4.27e-01	2.96e-03	1.80e-05	1.32e-06	0.00e+00	0.00e+00	0.00e+00	0.00e+00	5.70e-01	2.26e-07	1.37e-07
 6.23472e+22	5.84e-01	4.13e-01	2.65e-03	1.67e-05	1.16e-06	0.00e+00	0.00e+00	0.00e+00	0.00e+00	5.84e-01	2.28e-07	1.38e-07
 6.24113e+22	5.97e-01	4.00e-01	2.39e-03	1.56e-05	1.02e-06	0.00e+00	0.00e+00	0.00e+00	0.00e+00	5.97e-01	2.30e-07	1.39e-07
 6.24708e+22	6.08e-01	3.89e-01	2.18e-03	1.46e-05	9.11e-07	0.00e+00	0.00e+00	0.00e+00	0.00e+00	6.08e-01	2.31e-07	1.40e-07
 6.25318e+22	6.20e-01	3.78e-01	1.98e-03	1.37e-05	8.09e-07	0.00e+00	0.00e+00	0.00e+00	0.00e+00	6.20e-01	2.33e-07	1.41e-07
 6.25973e+22	6.33e-01	3.66e-01	1.79e-03	1.28e-05	7.13e-07	0.00e+00	0.00e+00	0.00e+00	0.00e+00	6.33e-01	2.34e-07	1.41e-07
 6.26636e+22	6.44e-01	3.54e-01	1.62e-03	1.20e-05	6.30e-07	0.00e+00	0.00e+00	0.00e+00	0.00e+00	6.44e-01	2.35e-07	1.42e-07
 6.27297e+22	6.55e-01	3.43e-01	1.47e-03	1.13e-05	5.59e-07	0.00e+00	0.00e+00	0.00e+00	0.00e+00	6.55e-01	2.36e-07	1.42e-07
 6.27984e+22	6.67e-01	3.32e-01	1.32e-03	1.05e-05	4.93e-07	0.00e+00	0.00e+00	0.00e+00	0.00e+00	6.67e-01	2.36e-07	1.43e-07
 6.28692e+22	6.78e-01	3.21e-01	1.20e-03	9.87e-06	4.36e-07	0.00e+00	0.00e+00	0.00e+00	0.00e+00	6.78e-01	2.37e-07	1.43e-07
 6.29416e+22	6.89e-01	3.10e-01	1.08e-03	9.23e-06	3.85e-07	0.00e+00	0.00e+00	0.00e+00	0.00e+00	6.89e-01	2.37e-07	1.43e-07
 6.30166e+22	7.00e-01	2.99e-01	9.73e-04	8.64e-06	3.40e-07	0.00e+00	0.00e+00	0.00e+00	0.00e+00	7.00e-01	2.38e-07	1.43e-07
 6.30921e+22	7.10e-01	2.89e-01	8.80e-04	8.10e-06	3.01e-07	0.00e+00	0.00e+00	0.00e+00	0.00e+00	7.10e-01	2.38e-07	1.43e-07
 6.31697e+22	7.20e-01	2.79e-01	7.95e-04	7.60e-06	2.66e-07	0.00e+00	0.00e+00	0.00e+00	0.00e+00	7.20e-01	2.38e-07	1.43e-07
 6.32513e+22	7.30e-01	2.69e-01	7.18e-04	7.11e-06	2.35e-07	0.00e+00	0.00e+00	0.00e+00	0.00e+00	7.30e-01	2.38e-07	1.43e-07
 6.33364e+22	7.40e-01	2.59e-01	6.47e-04	6.65e-06	2.07e-07	0.00e+00	0.00e+00	0.00e+00	0.00e+00	7.40e-01	2.38e-07	1.43e-07
 6.34235e+22	7.49e-01	2.50e-01	5.86e-04	6.23e-06	1.83e-07	0.00e+00	0.00e+00	0.00e+00	0.00e+00	7.49e-01	2.38e-07	1.43e-07
 6.35132e+22	7.58e-01	2.41e-01	5.31e-04	5.84e-06	1.62e-07	0.00e+00	0.00e+00	0.00e+00	0.00e+00	7.58e-01	2.38e-07	1.43e-07
 6.36081e+22	7.67e-01	2.32e-01	4.81e-04	5.47e-06	1.44e-07	0.00e+00	0.00e+00	0.00e+00	0.00e+00	7.67e-01	2.38e-07	1.43e-07
 6.37077e+22	7.76e-01	2.24e-01	4.36e-04	5.12e-06	1.27e-07	0.00e+00	0.00e+00	0.00e+00	0.00e+00	7.76e-01	2.38e-07	1.43e-07
 6.38123e+22	7.84e-01	2.15e-01	3.95e-04	4.79e-06	0.00e+00	0.00e+00	0.00e+00	0.00e+00	0.00e+00	7.84e-01	2.38e-07	1.43e-07
 6.39226e+22	7.93e-01	2.07e-01	3.59e-04	4.47e-06	0.00e+00	0.00e+00	0.00e+00	0.00e+00	0.00e+00	7.93e-01	2.38e-07	1.43e-07
 6.40378e+22	8.00e-01	1.99e-01	3.28e-04	4.18e-06	0.00e+00	0.00e+00	0.00e+00	0.00e+00	0.00e+00	8.00e-01	2.39e-07	1.43e-07
 6.41604e+22	8.08e-01	1.92e-01	3.00e-04	3.91e-06	0.00e+00	0.00e+00	0.00e+00	0.00e+00	0.00e+00	8.08e-01	2.39e-07	1.43e-07
 6.42923e+22	8.15e-01	1.85e-01	2.74e-04	3.65e-06	0.00e+00	0.00e+00	0.00e+00	0.00e+00	0.00e+00	8.15e-01	2.40e-07	1.43e-07
 6.44314e+22	8.22e-01	1.78e-01	2.52e-04	3.40e-06	0.00e+00	0.00e+00	0.00e+00	0.00e+00	0.00e+00	8.22e-01	2.41e-07	1.44e-07
 6.45767e+22	8.29e-01	1.71e-01	2.32e-04	3.18e-06	0.00e+00	0.00e+00	0.00e+00	0.00e+00	0.00e+00	8.29e-01	2.42e-07	1.44e-07
 6.47299e+22	8.35e-01	1.65e-01	2.15e-04	2.97e-06	0.00e+00	0.00e+00	0.00e+00	0.00e+00	0.00e+00	8.35e-01	2.43e-07	1.45e-07
 6.48928e+22	8.41e-01	1.59e-01	1.99e-04	2.78e-06	0.00e+00	0.00e+00	0.00e+00	0.00e+00	0.00e+00	8.41e-01	2.45e-07	1.46e-07
 6.50639e+22	8.46e-01	1.53e-01	1.86e-04	2.59e-06	0.00e+00	0.00e+00	0.00e+00	0.00e+00	0.00e+00	8.46e-01	2.47e-07	1.47e-07
 6.52426e+22	8.52e-01	1.48e-01	1.73e-04	2.42e-06	0.00e+00	0.00e+00	0.00e+00	0.00e+00	0.00e+00	8.52e-01	2.49e-07	1.48e-07
 6.54273e+22	8.57e-01	1.43e-01	1.62e-04	2.26e-06	0.00e+00	0.00e+00	0.00e+00	0.00e+00	0.00e+00	8.57e-01	2.52e-07	1.49e-07
 6.56142e+22	8.62e-01	1.38e-01	1.53e-04	2.11e-06	0.00e+00	0.00e+00	0.00e+00	0.00e+00	0.00e+00	8.62e-01	2.55e-07	1.51e-07
 6.57979e+22	8.67e-01	1.33e-01	1.45e-04	1.98e-06	0.00e+00	0.00e+00	0.00e+00	0.00e+00	0.00e+00	8.67e-01	2.57e-07	1.52e-07
 6.59784e+22	8.71e-01	1.29e-01	1.37e-04	1.86e-06	0.00e+00	0.00e+00	0.00e+00	0.00e+00	0.00e+00	8.71e-01	2.60e-07	1.53e-07
 6.61592e+22	8.75e-01	1.25e-01	1.31e-04	1.75e-06	0.00e+00	0.00e+00	0.00e+00	0.00e+00	0.00e+00	8.75e-01	2.62e-07	1.55e-07
 6.63376e+22	8.79e-01	1.21e-01	1.25e-04	1.64e-06	0.00e+00	0.00e+00	0.00e+00	0.00e+00	0.00e+00	8.79e-01	2.65e-07	1.56e-07
 6.65127e+22	8.83e-01	1.17e-01	1.20e-04	1.55e-06	0.00e+00	0.00e+00	0.00e+00	0.00e+00	0.00e+00	8.83e-01	2.67e-07	1.57e-07
 6.66874e+22	8.86e-01	1.14e-01	1.15e-04	1.46e-06	0.00e+00	0.00e+00	0.00e+00	0.00e+00	0.00e+00	8.86e-01	2.70e-07	1.57e-07
 6.68589e+22	8.90e-01	1.10e-01	1.11e-04	1.38e-06	0.00e+00	0.00e+00	0.00e+00	0.00e+00	0.00e+00	8.90e-01	2.71e-07	1.57e-07
 6.70231e+22	8.93e-01	1.07e-01	1.07e-04	1.30e-06	0.00e+00	0.00e+00	0.00e+00	0.00e+00	0.00e+00	8.93e-01	2.73e-07	1.57e-07
 6.71832e+22	8.96e-01	1.04e-01	1.04e-04	1.23e-06	0.00e+00	0.00e+00	0.00e+00	0.00e+00	0.00e+00	8.96e-01	2.75e-07	1.57e-07
 6.73405e+22	8.99e-01	1.01e-01	1.01e-04	1.17e-06	0.00e+00	0.00e+00	0.00e+00	0.00e+00	0.00e+00	8.99e-01	2.77e-07	1.57e-07
 6.74945e+22	9.02e-01	9.78e-02	9.78e-05	1.11e-06	0.00e+00	0.00e+00	0.00e+00	0.00e+00	0.00e+00	9.02e-01	2.78e-07	1.57e-07
 6.76445e+22	9.05e-01	9.50e-02	9.54e-05	1.05e-06	0.00e+00	0.00e+00	0.00e+00	0.00e+00	0.00e+00	9.05e-01	2.80e-07	1.56e-07
 6.77898e+22	9.08e-01	9.23e-02	9.31e-05	1.00e-06	0.00e+00	0.00e+00	0.00e+00	0.00e+00	0.00e+00	9.08e-01	2.81e-07	1.56e-07
 6.79318e+22	9.10e-01	8.98e-02	9.10e-05	9.53e-07	0.00e+00	0.00e+00	0.00e+00	0.00e+00	0.00e+00	9.10e-01	2.83e-07	1.56e-07
 6.80728e+22	9.13e-01	8.72e-02	8.91e-05	9.07e-07	0.00e+00	0.00e+00	0.00e+00	0.00e+00	0.00e+00	9.13e-01	2.85e-07	1.56e-07
 6.82126e+22	9.15e-01	8.47e-02	8.74e-05	8.63e-07	0.00e+00	0.00e+00	0.00e+00	0.00e+00	0.00e+00	9.15e-01	2.86e-07	1.56e-07
 6.83497e+22	9.18e-01	8.23e-02	8.57e-05	8.21e-07	0.00e+00	0.00e+00	0.00e+00	0.00e+00	0.00e+00	9.18e-01	2.87e-07	1.55e-07
 6.84814e+22	9.20e-01	8.00e-02	8.43e-05	7.84e-07	0.00e+00	0.00e+00	0.00e+00	0.00e+00	0.00e+00	9.20e-01	2.89e-07	1.55e-07
 6.86079e+22	9.22e-01	7.79e-02	8.30e-05	7.49e-07	0.00e+00	0.00e+00	0.00e+00	0.00e+00	0.00e+00	9.22e-01	2.90e-07	1.55e-07
 6.87306e+22	9.24e-01	7.58e-02	8.19e-05	7.16e-07	0.00e+00	0.00e+00	0.00e+00	0.00e+00	0.00e+00	9.24e-01	2.91e-07	1.55e-07
 6.88467e+22	9.26e-01	7.38e-02	8.09e-05	6.87e-07	0.00e+00	0.00e+00	0.00e+00	0.00e+00	0.00e+00	9.26e-01	2.92e-07	1.54e-07
 6.89555e+22	9.28e-01	7.20e-02	8.01e-05	6.60e-07	0.00e+00	0.00e+00	0.00e+00	0.00e+00	0.00e+00	9.28e-01	2.93e-07	1.54e-07
 6.90589e+22	9.30e-01	7.03e-02	7.94e-05	6.35e-07	0.00e+00	0.00e+00	0.00e+00	0.00e+00	0.00e+00	9.30e-01	2.94e-07	1.53e-07
 6.91398e+22	9.31e-01	6.92e-02	7.89e-05	6.20e-07	0.00e+00	0.00e+00	0.00e+00	0.00e+00	0.00e+00	9.31e-01	2.94e-07	1.53e-07
 6.91882e+22	9.31e-01	6.88e-02	7.88e-05	6.13e-07	0.00e+00	0.00e+00	0.00e+00	0.00e+00	0.00e+00	9.31e-01	2.94e-07	1.53e-07
 6.92212e+22	9.31e-01	6.85e-02	7.86e-05	6.08e-07	0.00e+00	0.00e+00	0.00e+00	0.00e+00	0.00e+00	9.31e-01	2.95e-07	1.53e-07
 6.92529e+22	9.32e-01	6.82e-02	7.86e-05	6.03e-07	0.00e+00	0.00e+00	0.00e+00	0.00e+00	0.00e+00	9.32e-01	2.95e-07	1.53e-07
 6.92889e+22	9.32e-01	6.75e-02	7.83e-05	5.93e-07	0.00e+00	0.00e+00	0.00e+00	0.00e+00	0.00e+00	9.32e-01	2.95e-07	1.53e-07
 6.93259e+22	9.33e-01	6.68e-02	7.81e-05	5.85e-07	0.00e+00	0.00e+00	0.00e+00	0.00e+00	0.00e+00	9.33e-01	2.96e-07	1.53e-07
 6.93612e+22	9.34e-01	6.62e-02	7.78e-05	5.76e-07	0.00e+00	0.00e+00	0.00e+00	0.00e+00	0.00e+00	9.34e-01	2.96e-07	1.52e-07
 6.93957e+22	9.34e-01	6.56e-02	7.76e-05	5.69e-07	0.00e+00	0.00e+00	0.00e+00	0.00e+00	0.00e+00	9.34e-01	2.96e-07	1.52e-07
 6.94304e+22	9.35e-01	6.51e-02	7.74e-05	5.61e-07	0.00e+00	0.00e+00	0.00e+00	0.00e+00	0.00e+00	9.35e-01	2.96e-07	1.52e-07
 6.94659e+22	9.35e-01	6.45e-02	7.72e-05	5.53e-07	0.00e+00	0.00e+00	0.00e+00	0.00e+00	0.00e+00	9.35e-01	2.97e-07	1.52e-07
 6.95016e+22	9.36e-01	6.38e-02	7.70e-05	5.45e-07	0.00e+00	0.00e+00	0.00e+00	0.00e+00	0.00e+00	9.36e-01	2.97e-07	1.52e-07
 6.95368e+22	9.37e-01	6.33e-02	7.68e-05	5.38e-07	0.00e+00	0.00e+00	0.00e+00	0.00e+00	0.00e+00	9.37e-01	2.97e-07	1.52e-07
 6.95716e+22	9.37e-01	6.27e-02	7.66e-05	5.30e-07	0.00e+00	0.00e+00	0.00e+00	0.00e+00	0.00e+00	9.37e-01	2.97e-07	1.52e-07
 6.96068e+22	9.38e-01	6.21e-02	7.64e-05	5.23e-07	0.00e+00	0.00e+00	0.00e+00	0.00e+00	0.00e+00	9.38e-01	2.98e-07	1.52e-07
 6.96441e+22	9.38e-01	6.14e-02	7.62e-05	5.15e-07	0.00e+00	0.00e+00	0.00e+00	0.00e+00	0.00e+00	9.38e-01	2.98e-07	1.51e-07
 6.96834e+22	9.39e-01	6.07e-02	7.60e-05	5.06e-07	0.00e+00	0.00e+00	0.00e+00	0.00e+00	0.00e+00	9.39e-01	2.98e-07	1.51e-07
 6.97220e+22	9.40e-01	6.01e-02	7.57e-05	4.98e-07	0.00e+00	0.00e+00	0.00e+00	0.00e+00	0.00e+00	9.40e-01	2.99e-07	1.51e-07
 6.97600e+22	9.40e-01	5.95e-02	7.55e-05	4.91e-07	0.00e+00	0.00e+00	0.00e+00	0.00e+00	0.00e+00	9.40e-01	2.99e-07	1.51e-07
 6.97992e+22	9.41e-01	5.88e-02	7.53e-05	4.82e-07	0.00e+00	0.00e+00	0.00e+00	0.00e+00	0.00e+00	9.41e-01	2.99e-07	1.51e-07
 6.98380e+22	9.42e-01	5.82e-02	7.51e-05	4.75e-07	0.00e+00	0.00e+00	0.00e+00	0.00e+00	0.00e+00	9.42e-01	2.99e-07	1.51e-07
 6.98771e+22	9.42e-01	5.75e-02	7.49e-05	4.67e-07	0.00e+00	0.00e+00	0.00e+00	0.00e+00	0.00e+00	9.42e-01	3.00e-07	1.51e-07
 6.99166e+22	9.43e-01	5.69e-02	7.47e-05	4.60e-07	0.00e+00	0.00e+00	0.00e+00	0.00e+00	0.00e+00	9.43e-01	3.00e-07	1.51e-07
 6.99568e+22	9.44e-01	5.62e-02	7.45e-05	4.52e-07	0.00e+00	0.00e+00	0.00e+00	0.00e+00	0.00e+00	9.44e-01	3.00e-07	1.50e-07
 6.99977e+22	9.44e-01	5.56e-02	7.43e-05	4.45e-07	0.00e+00	0.00e+00	0.00e+00	0.00e+00	0.00e+00	9.44e-01	3.01e-07	1.50e-07
 7.00391e+22	9.45e-01	5.48e-02	7.41e-05	4.36e-07	0.00e+00	0.00e+00	0.00e+00	0.00e+00	0.00e+00	9.45e-01	3.01e-07	1.50e-07
 7.00815e+22	9.46e-01	5.41e-02	7.38e-05	4.29e-07	0.00e+00	0.00e+00	0.00e+00	0.00e+00	0.00e+00	9.46e-01	3.01e-07	1.50e-07
 7.01235e+22	9.46e-01	5.34e-02	7.37e-05	4.21e-07	0.00e+00	0.00e+00	0.00e+00	0.00e+00	0.00e+00	9.46e-01	3.02e-07	1.50e-07
