#depth	O	O+	O+2	O+3	O+4	O+5	O+6	O+7	O+8	O[1]	O[2]	O[3]
 4.62852e+21	0.00e+00	2.80e-30	5.01e-24	5.51e-19	1.48e-14	1.66e-10	4.77e-06	4.59e-03	9.95e-01	0.00e+00	0.00e+00	0.00e+00
 1.05523e+22	0.00e+00	3.41e-29	4.29e-23	3.34e-18	6.33e-14	4.99e-10	9.87e-06	6.57e-03	9.93e-01	0.00e+00	0.00e+00	0.00e+00
 1.27140e+22	0.00e+00	1.82e-28	1.81e-22	1.11e-17	1.67e-13	1.04e-09	1.61e-05	8.37e-03	9.92e-01	0.00e+00	0.00e+00	0.00e+00
 1.42737e+22	0.00e+00	7.05e-28	5.77e-22	2.93e-17	3.64e-13	1.87e-09	2.38e-05	1.02e-02	9.90e-01	0.00e+00	0.00e+00	0.00e+00
 1.51402e+22	4.28e-35	9.95e-28	7.74e-22	3.75e-17	4.43e-13	2.17e-09	2.63e-05	1.07e-02	9.89e-01	0.00e+00	0.00e+00	0.00e+00
 1.54203e+22	5.58e-35	1.25e-27	9.43e-22	4.42e-17	5.05e-13	2.40e-09	2.81e-05	1.10e-02	9.89e-01	0.00e+00	0.00e+00	0.00e+00
 1.56324e+22	7.11e-35	1.55e-27	1.13e-21	5.13e-17	5.70e-13	2.63e-09	2.99e-05	1.14e-02	9.89e-01	0.00e+00	0.00e+00	0.00e+00
 1.58745e+22	9.44e-35	1.99e-27	1.40e-21	6.13e-17	6.57e-13	2.92e-09	3.21e-05	1.18e-02	9.88e-01	0.00e+00	0.00e+00	0.00e+00
 1.61399e+22	1.27e-34	2.57e-27	1.74e-21	7.36e-17	7.60e-13	3.26e-09	3.46e-05	1.22e-02	9.88e-01	0.00e+00	0.00e+00	0.00e+00
 1.63862e+22	1.67e-34	3.26e-27	2.13e-21	8.72e-17	8.71e-13	3.60e-09	3.70e-05	1.27e-02	9.87e-01	0.00e+00	0.00e+00	0.00e+00
 1.66116e+22	2.17e-34	4.10e-27	2.59e-21	1.02e-16	9.90e-13	3.96e-09	3.95e-05	1.31e-02	9.87e-01	0.00e+00	0.00e+00	0.00e+00
 1.68246e+22	2.76e-34	5.05e-27	3.10e-21	1.19e-16	1.11e-12	4.33e-09	4.20e-05	1.35e-02	9.86e-01	0.00e+00	0.00e+00	0.00e+00
 1.70668e+22	3.73e-34	6.57e-27	3.88e-21	1.43e-16	1.29e-12	4.83e-09	4.53e-05	1.40e-02	9.86e-01	0.00e+00	0.00e+00	0.00e+00
 1.73225e+22	4.98e-34	8.44e-27	4.80e-21	1.71e-16	1.49e-12	5.36e-09	4.86e-05	1.45e-02	9.85e-01	0.00e+00	0.00e+00	0.00e+00
 1.75521e+22	6.58e-34	1.08e-26	5.89e-21	2.03e-16	1.70e-12	5.92e-09	5.20e-05	1.51e-02	9.85e-01	0.00e+00	0.00e+00	0.00e+00
 1.77724e+22	8.55e-34	1.35e-26	7.15e-21	2.38e-16	1.93e-12	6.51e-09	5.56e-05	1.56e-02	9.84e-01	0.00e+00	0.00e+00	0.00e+00
 1.80242e+22	1.19e-33	1.80e-26	9.15e-21	2.92e-16	2.27e-12	7.33e-09	6.03e-05	1.62e-02	9.84e-01	0.00e+00	0.00e+00	0.00e+00
 1.82751e+22	1.58e-33	2.30e-26	1.12e-20	3.46e-16	2.60e-12	8.08e-09	6.46e-05	1.68e-02	9.83e-01	0.00e+00	0.00e+00	0.00e+00
 1.84852e+22	2.05e-33	2.88e-26	1.36e-20	4.05e-16	2.94e-12	8.85e-09	6.88e-05	1.73e-02	9.83e-01	0.00e+00	0.00e+00	0.00e+00
 1.87186e+22	2.78e-33	3.76e-26	1.71e-20	4.88e-16	3.40e-12	9.85e-09	7.42e-05	1.80e-02	9.82e-01	0.00e+00	0.00e+00	0.00e+00
 1.89661e+22	3.79e-33	4.91e-26	2.14e-20	5.87e-16	3.94e-12	1.09e-08	7.99e-05	1.87e-02	9.81e-01	0.00e+00	0.00e+00	0.00e+00
 1.91844e+22	4.93e-33	6.16e-26	2.59e-20	6.88e-16	4.46e-12	1.20e-08	8.51e-05	1.93e-02	9.81e-01	0.00e+00	0.00e+00	0.00e+00
 1.94204e+22	6.85e-33	8.19e-26	3.30e-20	8.40e-16	5.21e-12	1.34e-08	9.22e-05	2.01e-02	9.80e-01	0.00e+00	0.00e+00	0.00e+00
 1.96575e+22	9.12e-33	1.05e-25	4.07e-20	9.97e-16	5.96e-12	1.48e-08	9.87e-05	2.08e-02	9.79e-01	0.00e+00	0.00e+00	0.00e+00
 1.98572e+22	1.17e-32	1.31e-25	4.89e-20	1.16e-15	6.71e-12	1.61e-08	1.05e-04	2.15e-02	9.78e-01	0.00e+00	0.00e+00	0.00e+00
 2.00781e+22	1.61e-32	1.71e-25	6.15e-20	1.40e-15	7.77e-12	1.79e-08	1.13e-04	2.23e-02	9.78e-01	0.00e+00	0.00e+00	0.00e+00
 2.03099e+22	2.14e-32	2.19e-25	7.58e-20	1.66e-15	8.88e-12	1.97e-08	1.21e-04	2.31e-02	9.77e-01	0.00e+00	0.00e+00	0.00e+00
 2.05197e+22	2.86e-32	2.82e-25	9.37e-20	1.98e-15	1.02e-11	2.17e-08	1.30e-04	2.40e-02	9.76e-01	0.00e+00	0.00e+00	0.00e+00
 2.07220e+22	3.73e-32	3.54e-25	1.14e-19	2.32e-15	1.15e-11	2.37e-08	1.38e-04	2.47e-02	9.75e-01	0.00e+00	0.00e+00	0.00e+00
 2.09211e+22	4.92e-32	4.50e-25	1.39e-19	2.73e-15	1.31e-11	2.59e-08	1.47e-04	2.56e-02	9.74e-01	0.00e+00	0.00e+00	0.00e+00
 2.11189e+22	6.41e-32	5.66e-25	1.69e-19	3.20e-15	1.48e-11	2.83e-08	1.57e-04	2.64e-02	9.73e-01	0.00e+00	0.00e+00	0.00e+00
 2.13450e+22	9.05e-32	7.62e-25	2.17e-19	3.93e-15	1.73e-11	3.17e-08	1.70e-04	2.75e-02	9.72e-01	0.00e+00	0.00e+00	0.00e+00
 2.15719e+22	1.22e-31	9.83e-25	2.69e-19	4.69e-15	1.99e-11	3.50e-08	1.82e-04	2.85e-02	9.71e-01	0.00e+00	0.00e+00	0.00e+00
 2.17643e+22	1.59e-31	1.24e-24	3.26e-19	5.49e-15	2.25e-11	3.82e-08	1.94e-04	2.94e-02	9.70e-01	0.00e+00	0.00e+00	0.00e+00
 2.19787e+22	2.22e-31	1.65e-24	4.16e-19	6.70e-15	2.62e-11	4.26e-08	2.10e-04	3.06e-02	9.69e-01	0.00e+00	0.00e+00	0.00e+00
 2.22022e+22	2.99e-31	2.14e-24	5.17e-19	8.01e-15	3.01e-11	4.70e-08	2.25e-04	3.17e-02	9.68e-01	0.00e+00	0.00e+00	0.00e+00
 2.23972e+22	3.93e-31	2.70e-24	6.30e-19	9.42e-15	3.42e-11	5.14e-08	2.40e-04	3.28e-02	9.67e-01	0.00e+00	0.00e+00	0.00e+00
 2.26105e+22	5.52e-31	3.62e-24	8.07e-19	1.15e-14	4.00e-11	5.74e-08	2.60e-04	3.41e-02	9.66e-01	0.00e+00	0.00e+00	0.00e+00
 2.28303e+22	7.46e-31	4.70e-24	1.00e-18	1.38e-14	4.59e-11	6.34e-08	2.78e-04	3.53e-02	9.64e-01	0.00e+00	0.00e+00	0.00e+00
 2.30214e+22	9.81e-31	5.95e-24	1.23e-18	1.63e-14	5.21e-11	6.93e-08	2.97e-04	3.65e-02	9.63e-01	0.00e+00	0.00e+00	0.00e+00
 2.32324e+22	1.38e-30	8.00e-24	1.57e-18	1.99e-14	6.11e-11	7.76e-08	3.21e-04	3.80e-02	9.62e-01	0.00e+00	0.00e+00	0.00e+00
 2.34495e+22	1.88e-30	1.04e-23	1.97e-18	2.39e-14	7.03e-11	8.57e-08	3.45e-04	3.93e-02	9.60e-01	0.00e+00	0.00e+00	0.00e+00
 2.36403e+22	2.48e-30	1.33e-23	2.41e-18	2.83e-14	8.01e-11	9.40e-08	3.68e-04	4.06e-02	9.59e-01	0.00e+00	0.00e+00	0.00e+00
 2.38543e+22	3.54e-30	1.80e-23	3.12e-18	3.49e-14	9.44e-11	1.06e-07	3.99e-04	4.23e-02	9.57e-01	0.00e+00	0.00e+00	0.00e+00
 2.40717e+22	4.81e-30	2.35e-23	3.90e-18	4.20e-14	1.09e-10	1.17e-07	4.28e-04	4.38e-02	9.56e-01	0.00e+00	0.00e+00	0.00e+00
 2.42613e+22	6.47e-30	3.03e-23	4.84e-18	5.01e-14	1.25e-10	1.29e-07	4.58e-04	4.53e-02	9.54e-01	0.00e+00	0.00e+00	0.00e+00
 2.44752e+22	9.24e-30	4.12e-23	6.27e-18	6.20e-14	1.47e-10	1.45e-07	4.97e-04	4.72e-02	9.52e-01	0.00e+00	0.00e+00	0.00e+00
 2.46989e+22	1.30e-29	5.54e-23	8.05e-18	7.61e-14	1.72e-10	1.62e-07	5.37e-04	4.91e-02	9.50e-01	0.00e+00	0.00e+00	0.00e+00
 2.48981e+22	1.77e-29	7.21e-23	1.00e-17	9.13e-14	1.99e-10	1.79e-07	5.76e-04	5.08e-02	9.49e-01	0.00e+00	0.00e+00	0.00e+00
 2.51194e+22	2.58e-29	9.99e-23	1.32e-17	1.15e-13	2.37e-10	2.03e-07	6.27e-04	5.30e-02	9.46e-01	0.00e+00	0.00e+00	0.00e+00
 2.53366e+22	3.48e-29	1.29e-22	1.65e-17	1.37e-13	2.73e-10	2.24e-07	6.72e-04	5.48e-02	9.45e-01	0.00e+00	0.00e+00	0.00e+00
 2.55179e+22	4.65e-29	1.66e-22	2.03e-17	1.63e-13	3.12e-10	2.47e-07	7.17e-04	5.66e-02	9.43e-01	0.00e+00	0.00e+00	0.00e+00
 2.57232e+22	6.89e-29	2.34e-22	2.71e-17	2.07e-13	3.74e-10	2.80e-07	7.83e-04	5.91e-02	9.40e-01	0.00e+00	0.00e+00	0.00e+00
 2.59116e+22	8.92e-29	2.92e-22	3.27e-17	2.41e-13	4.22e-10	3.05e-07	8.29e-04	6.08e-02	9.38e-01	0.00e+00	0.00e+00	0.00e+00
 2.60780e+22	1.20e-28	3.78e-22	4.07e-17	2.89e-13	4.85e-10	3.37e-07	8.86e-04	6.28e-02	9.36e-01	0.00e+00	0.00e+00	0.00e+00
 2.62532e+22	1.57e-28	4.77e-22	4.96e-17	3.39e-13	5.50e-10	3.68e-07	9.41e-04	6.47e-02	9.34e-01	0.00e+00	0.00e+00	0.00e+00
 2.64021e+22	2.01e-28	5.88e-22	5.92e-17	3.93e-13	6.16e-10	3.99e-07	9.93e-04	6.64e-02	9.33e-01	0.00e+00	0.00e+00	0.00e+00
 2.65347e+22	2.55e-28	7.24e-22	7.05e-17	4.53e-13	6.88e-10	4.31e-07	1.05e-03	6.81e-02	9.31e-01	0.00e+00	0.00e+00	0.00e+00
 2.66630e+22	3.13e-28	8.63e-22	8.19e-17	5.13e-13	7.57e-10	4.62e-07	1.10e-03	6.96e-02	9.29e-01	0.00e+00	0.00e+00	0.00e+00
 2.68092e+22	4.15e-28	1.10e-21	1.01e-16	6.07e-13	8.64e-10	5.07e-07	1.17e-03	7.17e-02	9.27e-01	0.00e+00	0.00e+00	0.00e+00
 2.69539e+22	5.26e-28	1.35e-21	1.20e-16	7.00e-13	9.64e-10	5.47e-07	1.23e-03	7.35e-02	9.25e-01	0.00e+00	0.00e+00	0.00e+00
 2.70736e+22	6.54e-28	1.63e-21	1.40e-16	7.99e-13	1.07e-09	5.88e-07	1.29e-03	7.52e-02	9.23e-01	0.00e+00	0.00e+00	0.00e+00
 2.72061e+22	8.57e-28	2.06e-21	1.71e-16	9.39e-13	1.21e-09	6.42e-07	1.36e-03	7.74e-02	9.21e-01	0.00e+00	0.00e+00	0.00e+00
 2.73427e+22	1.07e-27	2.50e-21	2.01e-16	1.07e-12	1.34e-09	6.92e-07	1.43e-03	7.92e-02	9.19e-01	0.00e+00	0.00e+00	0.00e+00
 2.74846e+22	1.43e-27	3.20e-21	2.48e-16	1.28e-12	1.53e-09	7.60e-07	1.52e-03	8.16e-02	9.17e-01	0.00e+00	0.00e+00	0.00e+00
 2.76218e+22	1.78e-27	3.87e-21	2.91e-16	1.46e-12	1.70e-09	8.17e-07	1.60e-03	8.35e-02	9.15e-01	0.00e+00	0.00e+00	0.00e+00
 2.77336e+22	2.21e-27	4.68e-21	3.42e-16	1.66e-12	1.88e-09	8.77e-07	1.67e-03	8.53e-02	9.13e-01	0.00e+00	0.00e+00	0.00e+00
 2.78595e+22	2.90e-27	5.90e-21	4.17e-16	1.96e-12	2.13e-09	9.58e-07	1.77e-03	8.77e-02	9.11e-01	0.00e+00	0.00e+00	0.00e+00
 2.79872e+22	3.60e-27	7.13e-21	4.89e-16	2.23e-12	2.36e-09	1.03e-06	1.86e-03	8.97e-02	9.08e-01	0.00e+00	0.00e+00	0.00e+00
 2.81173e+22	4.86e-27	9.24e-21	6.09e-16	2.67e-12	2.72e-09	1.14e-06	1.98e-03	9.24e-02	9.06e-01	0.00e+00	0.00e+00	0.00e+00
 2.82453e+22	6.03e-27	1.11e-20	7.13e-16	3.04e-12	3.00e-09	1.22e-06	2.07e-03	9.44e-02	9.03e-01	0.00e+00	0.00e+00	0.00e+00
 2.83707e+22	8.23e-27	1.46e-20	8.95e-16	3.67e-12	3.47e-09	1.35e-06	2.21e-03	9.73e-02	9.00e-01	0.00e+00	0.00e+00	0.00e+00
 2.84942e+22	1.02e-26	1.75e-20	1.05e-15	4.17e-12	3.83e-09	1.44e-06	2.31e-03	9.94e-02	8.98e-01	0.00e+00	0.00e+00	0.00e+00
 2.85985e+22	1.27e-26	2.12e-20	1.23e-15	4.77e-12	4.24e-09	1.55e-06	2.42e-03	1.02e-01	8.96e-01	0.00e+00	0.00e+00	0.00e+00
 2.87010e+22	1.58e-26	2.56e-20	1.44e-15	5.44e-12	4.70e-09	1.66e-06	2.54e-03	1.04e-01	8.94e-01	0.00e+00	0.00e+00	0.00e+00
 2.88181e+22	2.08e-26	3.25e-20	1.77e-15	6.42e-12	5.34e-09	1.82e-06	2.69e-03	1.07e-01	8.91e-01	0.00e+00	0.00e+00	0.00e+00
 2.89366e+22	2.66e-26	4.02e-20	2.11e-15	7.45e-12	5.99e-09	1.97e-06	2.83e-03	1.09e-01	8.88e-01	0.00e+00	0.00e+00	0.00e+00
 2.90379e+22	3.29e-26	4.83e-20	2.47e-15	8.47e-12	6.61e-09	2.11e-06	2.95e-03	1.11e-01	8.86e-01	0.00e+00	0.00e+00	0.00e+00
 2.91502e+22	4.48e-26	6.30e-20	3.09e-15	1.02e-11	7.61e-09	2.33e-06	3.14e-03	1.15e-01	8.82e-01	0.00e+00	0.00e+00	0.00e+00
 2.92632e+22	5.59e-26	7.63e-20	3.64e-15	1.16e-11	8.44e-09	2.50e-06	3.29e-03	1.17e-01	8.80e-01	0.00e+00	0.00e+00	0.00e+00
 2.93771e+22	7.63e-26	9.99e-20	4.57e-15	1.41e-11	9.75e-09	2.77e-06	3.50e-03	1.21e-01	8.76e-01	0.00e+00	0.00e+00	0.00e+00
 2.94908e+22	9.59e-26	1.22e-19	5.40e-15	1.61e-11	1.08e-08	2.98e-06	3.67e-03	1.23e-01	8.73e-01	0.00e+00	0.00e+00	0.00e+00
 2.96041e+22	1.33e-25	1.61e-19	6.85e-15	1.96e-11	1.26e-08	3.30e-06	3.92e-03	1.27e-01	8.69e-01	0.00e+00	0.00e+00	0.00e+00
 2.97171e+22	1.67e-25	1.97e-19	8.13e-15	2.26e-11	1.40e-08	3.56e-06	4.11e-03	1.30e-01	8.66e-01	0.00e+00	0.00e+00	0.00e+00
 2.98297e+22	2.34e-25	2.63e-19	1.04e-14	2.76e-11	1.64e-08	3.96e-06	4.39e-03	1.34e-01	8.62e-01	0.00e+00	0.00e+00	0.00e+00
 2.99426e+22	2.98e-25	3.24e-19	1.24e-14	3.19e-11	1.83e-08	4.28e-06	4.61e-03	1.37e-01	8.59e-01	0.00e+00	0.00e+00	0.00e+00
 3.00557e+22	4.16e-25	4.32e-19	1.58e-14	3.91e-11	2.14e-08	4.77e-06	4.93e-03	1.41e-01	8.54e-01	0.00e+00	0.00e+00	0.00e+00
 3.01682e+22	5.36e-25	5.39e-19	1.91e-14	4.56e-11	2.41e-08	5.17e-06	5.19e-03	1.44e-01	8.50e-01	0.00e+00	0.00e+00	0.00e+00
 3.02643e+22	6.91e-25	6.70e-19	2.30e-14	5.31e-11	2.70e-08	5.61e-06	5.46e-03	1.48e-01	8.47e-01	0.00e+00	0.00e+00	0.00e+00
 3.03739e+22	9.65e-25	8.94e-19	2.93e-14	6.49e-11	3.16e-08	6.24e-06	5.84e-03	1.52e-01	8.42e-01	0.00e+00	0.00e+00	0.00e+00
 3.04835e+22	1.25e-24	1.12e-18	3.54e-14	7.59e-11	3.56e-08	6.77e-06	6.14e-03	1.56e-01	8.38e-01	0.00e+00	0.00e+00	0.00e+00
 3.05931e+22	1.75e-24	1.50e-18	4.54e-14	9.31e-11	4.16e-08	7.55e-06	6.57e-03	1.61e-01	8.33e-01	0.00e+00	0.00e+00	0.00e+00
 3.07049e+22	2.30e-24	1.89e-18	5.54e-14	1.10e-10	4.72e-08	8.24e-06	6.94e-03	1.64e-01	8.29e-01	0.00e+00	0.00e+00	0.00e+00
 3.08193e+22	3.29e-24	2.58e-18	7.21e-14	1.36e-10	5.58e-08	9.24e-06	7.46e-03	1.70e-01	8.23e-01	0.00e+00	0.00e+00	0.00e+00
 3.09340e+22	4.33e-24	3.27e-18	8.81e-14	1.61e-10	6.34e-08	1.01e-05	7.88e-03	1.74e-01	8.18e-01	0.00e+00	0.00e+00	0.00e+00
 3.10328e+22	5.68e-24	4.13e-18	1.07e-13	1.90e-10	7.20e-08	1.10e-05	8.32e-03	1.78e-01	8.13e-01	0.00e+00	0.00e+00	0.00e+00
 3.11451e+22	8.09e-24	5.61e-18	1.39e-13	2.35e-10	8.49e-08	1.23e-05	8.93e-03	1.84e-01	8.07e-01	0.00e+00	0.00e+00	0.00e+00
 3.12573e+22	1.05e-23	7.04e-18	1.69e-13	2.76e-10	9.60e-08	1.34e-05	9.41e-03	1.88e-01	8.02e-01	0.00e+00	0.00e+00	0.00e+00
 3.13692e+22	1.50e-23	9.54e-18	2.19e-13	3.42e-10	1.13e-07	1.51e-05	1.01e-02	1.94e-01	7.96e-01	0.00e+00	0.00e+00	0.00e+00
 3.14808e+22	1.92e-23	1.18e-17	2.63e-13	3.98e-10	1.27e-07	1.63e-05	1.06e-02	1.98e-01	7.91e-01	0.00e+00	0.00e+00	0.00e+00
 3.15918e+22	2.70e-23	1.59e-17	3.37e-13	4.90e-10	1.50e-07	1.83e-05	1.14e-02	2.04e-01	7.84e-01	0.00e+00	0.00e+00	0.00e+00
 3.17050e+22	3.49e-23	1.98e-17	4.08e-13	5.73e-10	1.69e-07	1.99e-05	1.20e-02	2.09e-01	7.79e-01	0.00e+00	0.00e+00	0.00e+00
 3.18210e+22	4.92e-23	2.67e-17	5.25e-13	7.07e-10	1.99e-07	2.23e-05	1.29e-02	2.15e-01	7.72e-01	0.00e+00	0.00e+00	0.00e+00
 3.19396e+22	6.39e-23	3.35e-17	6.36e-13	8.30e-10	2.25e-07	2.43e-05	1.36e-02	2.20e-01	7.66e-01	0.00e+00	0.00e+00	0.00e+00
 3.20614e+22	9.00e-23	4.50e-17	8.19e-13	1.02e-09	2.65e-07	2.72e-05	1.46e-02	2.27e-01	7.59e-01	0.00e+00	0.00e+00	0.00e+00
 3.21868e+22	1.18e-22	5.69e-17	1.00e-12	1.21e-09	3.02e-07	2.98e-05	1.54e-02	2.32e-01	7.52e-01	0.00e+00	0.00e+00	0.00e+00
 3.22976e+22	1.53e-22	7.11e-17	1.21e-12	1.42e-09	3.42e-07	3.25e-05	1.63e-02	2.38e-01	7.46e-01	0.00e+00	0.00e+00	0.00e+00
 3.24227e+22	2.12e-22	9.45e-17	1.54e-12	1.74e-09	4.01e-07	3.63e-05	1.74e-02	2.44e-01	7.38e-01	0.00e+00	0.00e+00	0.00e+00
 3.25493e+22	2.74e-22	1.18e-16	1.86e-12	2.03e-09	4.54e-07	3.96e-05	1.84e-02	2.50e-01	7.32e-01	0.00e+00	0.00e+00	0.00e+00
 3.26780e+22	3.78e-22	1.56e-16	2.37e-12	2.48e-09	5.31e-07	4.42e-05	1.96e-02	2.57e-01	7.23e-01	0.00e+00	0.00e+00	0.00e+00
 3.28104e+22	4.90e-22	1.95e-16	2.87e-12	2.92e-09	6.02e-07	4.83e-05	2.07e-02	2.63e-01	7.17e-01	0.00e+00	0.00e+00	0.00e+00
 3.29293e+22	6.30e-22	2.42e-16	3.45e-12	3.41e-09	6.82e-07	5.26e-05	2.19e-02	2.68e-01	7.10e-01	0.00e+00	0.00e+00	0.00e+00
 3.30656e+22	8.71e-22	3.20e-16	4.39e-12	4.17e-09	7.99e-07	5.88e-05	2.34e-02	2.76e-01	7.01e-01	0.00e+00	0.00e+00	0.00e+00
 3.32027e+22	1.11e-21	3.96e-16	5.26e-12	4.86e-09	9.01e-07	6.40e-05	2.47e-02	2.81e-01	6.94e-01	0.00e+00	0.00e+00	0.00e+00
 3.33410e+22	1.53e-21	5.22e-16	6.67e-12	5.93e-09	1.05e-06	7.15e-05	2.64e-02	2.89e-01	6.84e-01	0.00e+00	0.00e+00	0.00e+00
 3.34814e+22	1.94e-21	6.42e-16	7.97e-12	6.88e-09	1.19e-06	7.78e-05	2.78e-02	2.95e-01	6.77e-01	0.00e+00	0.00e+00	0.00e+00
 3.36028e+22	2.45e-21	7.84e-16	9.45e-12	7.94e-09	1.33e-06	8.43e-05	2.92e-02	3.01e-01	6.70e-01	0.00e+00	0.00e+00	0.00e+00
 3.37391e+22	3.29e-21	1.01e-15	1.18e-11	9.56e-09	1.54e-06	9.35e-05	3.11e-02	3.08e-01	6.61e-01	0.00e+00	0.00e+00	0.00e+00
 3.38747e+22	4.08e-21	1.22e-15	1.38e-11	1.09e-08	1.72e-06	1.01e-04	3.25e-02	3.13e-01	6.54e-01	0.00e+00	0.00e+00	0.00e+00
 3.40094e+22	5.40e-21	1.56e-15	1.70e-11	1.31e-08	1.97e-06	1.11e-04	3.45e-02	3.21e-01	6.45e-01	0.00e+00	0.00e+00	0.00e+00
 3.41471e+22	6.73e-21	1.88e-15	2.01e-11	1.50e-08	2.20e-06	1.20e-04	3.62e-02	3.26e-01	6.37e-01	0.00e+00	0.00e+00	0.00e+00
 3.42885e+22	9.00e-21	2.42e-15	2.49e-11	1.80e-08	2.55e-06	1.33e-04	3.85e-02	3.34e-01	6.28e-01	0.00e+00	0.00e+00	0.00e+00
 3.44310e+22	1.11e-20	2.91e-15	2.92e-11	2.06e-08	2.84e-06	1.44e-04	4.03e-02	3.39e-01	6.20e-01	0.00e+00	0.00e+00	0.00e+00
 3.45747e+22	1.48e-20	3.73e-15	3.62e-11	2.47e-08	3.28e-06	1.59e-04	4.29e-02	3.47e-01	6.10e-01	0.00e+00	0.00e+00	0.00e+00
 3.47152e+22	1.80e-20	4.42e-15	4.18e-11	2.79e-08	3.61e-06	1.71e-04	4.47e-02	3.52e-01	6.03e-01	0.00e+00	0.00e+00	0.00e+00
 3.48512e+22	2.34e-20	5.55e-15	5.09e-11	3.29e-08	4.13e-06	1.88e-04	4.73e-02	3.59e-01	5.93e-01	0.00e+00	0.00e+00	0.00e+00
 3.49900e+22	2.84e-20	6.58e-15	5.89e-11	3.72e-08	4.56e-06	2.01e-04	4.93e-02	3.64e-01	5.86e-01	0.00e+00	0.00e+00	0.00e+00
 3.51321e+22	3.70e-20	8.27e-15	7.18e-11	4.40e-08	5.21e-06	2.21e-04	5.21e-02	3.71e-01	5.76e-01	0.00e+00	0.00e+00	0.00e+00
 3.52768e+22	4.52e-20	9.85e-15	8.34e-11	5.00e-08	5.77e-06	2.38e-04	5.44e-02	3.77e-01	5.68e-01	0.00e+00	0.00e+00	0.00e+00
 3.54249e+22	5.90e-20	1.24e-14	1.02e-10	5.92e-08	6.61e-06	2.62e-04	5.76e-02	3.84e-01	5.58e-01	0.00e+00	0.00e+00	0.00e+00
 3.55757e+22	7.22e-20	1.48e-14	1.18e-10	6.73e-08	7.32e-06	2.82e-04	6.01e-02	3.89e-01	5.50e-01	0.00e+00	0.00e+00	0.00e+00
 3.57298e+22	9.43e-20	1.87e-14	1.45e-10	7.97e-08	8.39e-06	3.10e-04	6.36e-02	3.97e-01	5.39e-01	0.00e+00	0.00e+00	0.00e+00
 3.58871e+22	1.16e-19	2.23e-14	1.69e-10	9.08e-08	9.31e-06	3.34e-04	6.65e-02	4.02e-01	5.31e-01	0.00e+00	0.00e+00	0.00e+00
 3.60485e+22	1.51e-19	2.81e-14	2.06e-10	1.08e-07	1.07e-05	3.67e-04	7.03e-02	4.09e-01	5.20e-01	0.00e+00	0.00e+00	0.00e+00
 3.62144e+22	1.88e-19	3.39e-14	2.42e-10	1.23e-07	1.19e-05	3.97e-04	7.35e-02	4.15e-01	5.11e-01	0.00e+00	0.00e+00	0.00e+00
 3.63862e+22	2.46e-19	4.30e-14	2.97e-10	1.47e-07	1.37e-05	4.38e-04	7.79e-02	4.22e-01	5.00e-01	0.00e+00	0.00e+00	0.00e+00
 3.65629e+22	3.08e-19	5.22e-14	3.52e-10	1.69e-07	1.53e-05	4.75e-04	8.16e-02	4.28e-01	4.90e-01	0.00e+00	0.00e+00	0.00e+00
 3.67149e+22	3.74e-19	6.18e-14	4.07e-10	1.91e-07	1.69e-05	5.09e-04	8.49e-02	4.33e-01	4.82e-01	0.00e+00	0.00e+00	0.00e+00
 3.68814e+22	4.86e-19	7.75e-14	4.95e-10	2.25e-07	1.93e-05	5.59e-04	8.96e-02	4.39e-01	4.71e-01	0.00e+00	0.00e+00	0.00e+00
 3.70507e+22	5.93e-19	9.22e-14	5.75e-10	2.56e-07	2.14e-05	6.00e-04	9.33e-02	4.44e-01	4.62e-01	0.00e+00	0.00e+00	0.00e+00
 3.72235e+22	7.60e-19	1.14e-13	6.91e-10	2.99e-07	2.42e-05	6.56e-04	9.81e-02	4.50e-01	4.51e-01	0.00e+00	0.00e+00	0.00e+00
 3.74064e+22	9.55e-19	1.40e-13	8.21e-10	3.46e-07	2.72e-05	7.12e-04	1.03e-01	4.55e-01	4.41e-01	0.00e+00	0.00e+00	0.00e+00
 3.75747e+22	1.18e-18	1.68e-13	9.63e-10	3.95e-07	3.03e-05	7.67e-04	1.07e-01	4.60e-01	4.32e-01	0.00e+00	0.00e+00	0.00e+00
 3.77662e+22	1.55e-18	2.12e-13	1.18e-09	4.69e-07	3.47e-05	8.44e-04	1.13e-01	4.66e-01	4.20e-01	0.00e+00	0.00e+00	0.00e+00
 3.79677e+22	1.97e-18	2.61e-13	1.41e-09	5.44e-07	3.91e-05	9.19e-04	1.19e-01	4.71e-01	4.10e-01	0.00e+00	0.00e+00	0.00e+00
 3.81457e+22	2.43e-18	3.14e-13	1.65e-09	6.22e-07	4.35e-05	9.89e-04	1.24e-01	4.75e-01	4.00e-01	0.00e+00	0.00e+00	0.00e+00
 3.83405e+22	3.16e-18	3.94e-13	2.01e-09	7.33e-07	4.96e-05	1.08e-03	1.30e-01	4.80e-01	3.89e-01	0.00e+00	0.00e+00	0.00e+00
 3.85403e+22	3.96e-18	4.80e-13	2.38e-09	8.46e-07	5.55e-05	1.17e-03	1.36e-01	4.84e-01	3.79e-01	0.00e+00	0.00e+00	0.00e+00
 3.87174e+22	4.89e-18	5.77e-13	2.79e-09	9.66e-07	6.18e-05	1.26e-03	1.41e-01	4.88e-01	3.69e-01	0.00e+00	0.00e+00	0.00e+00
 3.89184e+22	6.37e-18	7.25e-13	3.40e-09	1.14e-06	7.05e-05	1.39e-03	1.49e-01	4.92e-01	3.58e-01	0.00e+00	0.00e+00	0.00e+00
 3.91256e+22	8.03e-18	8.87e-13	4.04e-09	1.32e-06	7.92e-05	1.50e-03	1.55e-01	4.96e-01	3.47e-01	0.00e+00	0.00e+00	0.00e+00
 3.93098e+22	9.94e-18	1.07e-12	4.73e-09	1.51e-06	8.80e-05	1.62e-03	1.62e-01	4.99e-01	3.38e-01	0.00e+00	0.00e+00	0.00e+00
 3.95181e+22	1.31e-17	1.36e-12	5.82e-09	1.79e-06	1.01e-04	1.78e-03	1.70e-01	5.02e-01	3.26e-01	0.00e+00	0.00e+00	0.00e+00
 3.97314e+22	1.65e-17	1.66e-12	6.93e-09	2.08e-06	1.14e-04	1.94e-03	1.78e-01	5.05e-01	3.16e-01	0.00e+00	0.00e+00	0.00e+00
 3.99224e+22	2.05e-17	2.00e-12	8.15e-09	2.38e-06	1.27e-04	2.09e-03	1.85e-01	5.07e-01	3.06e-01	0.00e+00	0.00e+00	0.00e+00
 4.01419e+22	2.75e-17	2.58e-12	1.02e-08	2.87e-06	1.47e-04	2.31e-03	1.95e-01	5.09e-01	2.93e-01	2.75e-17	6.96e-27	7.31e-27
 4.03630e+22	3.43e-17	3.13e-12	1.20e-08	3.29e-06	1.64e-04	2.50e-03	2.03e-01	5.11e-01	2.84e-01	3.43e-17	1.93e-24	2.43e-24
 4.05860e+22	4.60e-17	4.04e-12	1.49e-08	3.97e-06	1.91e-04	2.77e-03	2.14e-01	5.13e-01	2.71e-01	4.60e-17	2.58e-24	3.26e-24
 4.08117e+22	5.76e-17	4.91e-12	1.77e-08	4.58e-06	2.14e-04	3.00e-03	2.22e-01	5.13e-01	2.61e-01	5.76e-17	3.23e-24	4.08e-24
 4.10407e+22	7.73e-17	6.35e-12	2.21e-08	5.54e-06	2.50e-04	3.33e-03	2.35e-01	5.14e-01	2.48e-01	7.73e-17	4.34e-24	5.48e-24
 4.12729e+22	9.73e-17	7.75e-12	2.63e-08	6.42e-06	2.81e-04	3.62e-03	2.44e-01	5.14e-01	2.38e-01	9.73e-17	5.47e-24	6.89e-24
 4.14669e+22	1.19e-16	9.23e-12	3.06e-08	7.30e-06	3.12e-04	3.88e-03	2.53e-01	5.13e-01	2.30e-01	1.19e-16	6.68e-24	8.43e-24
 4.16766e+22	1.55e-16	1.16e-11	3.75e-08	8.68e-06	3.59e-04	4.28e-03	2.65e-01	5.12e-01	2.19e-01	1.55e-16	8.71e-24	1.10e-23
 4.18862e+22	1.89e-16	1.38e-11	4.36e-08	9.88e-06	3.99e-04	4.60e-03	2.74e-01	5.11e-01	2.10e-01	1.89e-16	1.06e-23	1.34e-23
 4.20955e+22	2.44e-16	1.73e-11	5.31e-08	1.17e-05	4.58e-04	5.07e-03	2.87e-01	5.08e-01	1.99e-01	2.44e-16	1.37e-23	1.73e-23
 4.23082e+22	2.98e-16	2.06e-11	6.18e-08	1.33e-05	5.09e-04	5.44e-03	2.97e-01	5.06e-01	1.91e-01	2.98e-16	1.68e-23	2.11e-23
 4.25254e+22	3.86e-16	2.58e-11	7.55e-08	1.59e-05	5.88e-04	6.01e-03	3.10e-01	5.03e-01	1.80e-01	3.86e-16	2.17e-23	2.74e-23
 4.27467e+22	4.74e-16	3.09e-11	8.85e-08	1.82e-05	6.58e-04	6.50e-03	3.22e-01	4.99e-01	1.72e-01	4.74e-16	2.66e-23	3.36e-23
 4.29734e+22	6.14e-16	3.88e-11	1.08e-07	2.17e-05	7.62e-04	7.19e-03	3.36e-01	4.95e-01	1.61e-01	6.14e-16	3.45e-23	4.35e-23
 4.32055e+22	7.55e-16	4.65e-11	1.27e-07	2.50e-05	8.57e-04	7.80e-03	3.49e-01	4.90e-01	1.53e-01	7.55e-16	4.24e-23	5.35e-23
 4.34449e+22	9.80e-16	5.85e-11	1.57e-07	3.01e-05	9.98e-04	8.68e-03	3.65e-01	4.83e-01	1.42e-01	9.80e-16	5.51e-23	6.94e-23
 4.36868e+22	1.20e-15	6.98e-11	1.84e-07	3.46e-05	1.12e-03	9.42e-03	3.78e-01	4.78e-01	1.34e-01	1.20e-15	6.73e-23	8.48e-23
 4.39271e+22	1.53e-15	8.66e-11	2.24e-07	4.13e-05	1.30e-03	1.05e-02	3.94e-01	4.70e-01	1.24e-01	1.53e-15	8.58e-23	1.08e-22
 4.41696e+22	1.85e-15	1.03e-10	2.62e-07	4.75e-05	1.47e-03	1.14e-02	4.08e-01	4.63e-01	1.17e-01	1.85e-15	1.04e-22	1.31e-22
 4.44059e+22	2.29e-15	1.25e-10	3.13e-07	5.58e-05	1.68e-03	1.25e-02	4.23e-01	4.54e-01	1.08e-01	2.29e-15	1.29e-22	1.63e-22
 4.46392e+22	2.73e-15	1.45e-10	3.61e-07	6.36e-05	1.88e-03	1.35e-02	4.36e-01	4.46e-01	1.02e-01	2.73e-15	1.53e-22	1.93e-22
 4.48446e+22	3.19e-15	1.67e-10	4.12e-07	7.18e-05	2.09e-03	1.46e-02	4.49e-01	4.39e-01	9.57e-02	3.19e-15	1.79e-22	2.26e-22
 4.50667e+22	3.84e-15	1.98e-10	4.83e-07	8.32e-05	2.37e-03	1.59e-02	4.64e-01	4.29e-01	8.86e-02	3.84e-15	2.16e-22	2.72e-22
 4.52858e+22	4.42e-15	2.25e-10	5.46e-07	9.31e-05	2.61e-03	1.71e-02	4.75e-01	4.22e-01	8.34e-02	4.42e-15	2.49e-22	3.13e-22
 4.55076e+22	5.26e-15	2.64e-10	6.36e-07	1.07e-04	2.95e-03	1.87e-02	4.90e-01	4.11e-01	7.69e-02	5.26e-15	2.96e-22	3.73e-22
 4.57290e+22	5.99e-15	2.98e-10	7.14e-07	1.20e-04	3.23e-03	1.99e-02	5.01e-01	4.03e-01	7.23e-02	5.99e-15	3.37e-22	4.25e-22
 4.59510e+22	7.04e-15	3.45e-10	8.26e-07	1.37e-04	3.64e-03	2.17e-02	5.16e-01	3.92e-01	6.65e-02	7.04e-15	3.96e-22	4.99e-22
 4.61733e+22	7.95e-15	3.87e-10	9.23e-07	1.53e-04	3.98e-03	2.32e-02	5.27e-01	3.84e-01	6.24e-02	7.95e-15	4.47e-22	5.64e-22
 4.63958e+22	9.22e-15	4.44e-10	1.06e-06	1.74e-04	4.46e-03	2.52e-02	5.41e-01	3.72e-01	5.74e-02	9.22e-15	5.19e-22	6.54e-22
 4.66193e+22	1.03e-14	4.95e-10	1.18e-06	1.93e-04	4.86e-03	2.68e-02	5.51e-01	3.64e-01	5.37e-02	1.03e-14	5.82e-22	7.33e-22
 4.68440e+22	1.19e-14	5.64e-10	1.35e-06	2.19e-04	5.42e-03	2.90e-02	5.64e-01	3.52e-01	4.93e-02	1.19e-14	6.68e-22	8.41e-22
 4.70702e+22	1.32e-14	6.26e-10	1.49e-06	2.42e-04	5.89e-03	3.08e-02	5.74e-01	3.43e-01	4.61e-02	1.32e-14	7.45e-22	9.38e-22
 4.72985e+22	1.51e-14	7.10e-10	1.70e-06	2.75e-04	6.55e-03	3.33e-02	5.86e-01	3.32e-01	4.21e-02	1.51e-14	8.50e-22	1.07e-21
 4.75297e+22	1.67e-14	7.85e-10	1.88e-06	3.03e-04	7.11e-03	3.54e-02	5.95e-01	3.23e-01	3.93e-02	1.67e-14	9.43e-22	1.19e-21
 4.77648e+22	1.90e-14	8.88e-10	2.14e-06	3.43e-04	7.89e-03	3.82e-02	6.07e-01	3.11e-01	3.58e-02	1.90e-14	1.07e-21	1.35e-21
 4.80034e+22	2.10e-14	9.83e-10	2.37e-06	3.79e-04	8.56e-03	4.06e-02	6.15e-01	3.02e-01	3.33e-02	2.10e-14	1.19e-21	1.49e-21
 4.82467e+22	2.37e-14	1.11e-09	2.69e-06	4.30e-04	9.49e-03	4.38e-02	6.26e-01	2.90e-01	3.02e-02	2.37e-14	1.34e-21	1.69e-21
 4.84949e+22	2.64e-14	1.23e-09	2.99e-06	4.75e-04	1.03e-02	4.64e-02	6.34e-01	2.81e-01	2.79e-02	2.64e-14	1.49e-21	1.88e-21
 4.87498e+22	2.98e-14	1.39e-09	3.41e-06	5.41e-04	1.14e-02	5.01e-02	6.44e-01	2.69e-01	2.52e-02	2.98e-14	1.68e-21	2.12e-21
 4.90073e+22	3.31e-14	1.54e-09	3.79e-06	5.98e-04	1.23e-02	5.31e-02	6.51e-01	2.59e-01	2.33e-02	3.31e-14	1.87e-21	2.35e-21
 4.92260e+22	3.62e-14	1.69e-09	4.16e-06	6.55e-04	1.32e-02	5.60e-02	6.57e-01	2.51e-01	2.16e-02	3.62e-14	2.05e-21	2.58e-21
 4.94682e+22	4.06e-14	1.90e-09	4.70e-06	7.38e-04	1.45e-02	5.99e-02	6.65e-01	2.40e-01	1.96e-02	4.06e-14	2.29e-21	2.89e-21
 4.97008e+22	4.41e-14	2.07e-09	5.13e-06	8.01e-04	1.55e-02	6.27e-02	6.70e-01	2.33e-01	1.83e-02	4.41e-14	2.49e-21	3.14e-21
 4.99209e+22	4.88e-14	2.29e-09	5.72e-06	8.90e-04	1.68e-02	6.65e-02	6.76e-01	2.24e-01	1.67e-02	4.88e-14	2.76e-21	3.47e-21
 5.01439e+22	5.31e-14	2.50e-09	6.25e-06	9.67e-04	1.78e-02	6.96e-02	6.80e-01	2.16e-01	1.55e-02	5.31e-14	3.00e-21	3.78e-21
 5.03707e+22	5.85e-14	2.77e-09	6.98e-06	1.08e-03	1.93e-02	7.38e-02	6.85e-01	2.07e-01	1.41e-02	5.85e-14	3.31e-21	4.17e-21
 5.05988e+22	6.41e-14	3.03e-09	7.64e-06	1.17e-03	2.05e-02	7.71e-02	6.88e-01	2.00e-01	1.32e-02	6.41e-14	3.62e-21	4.56e-21
 5.08286e+22	7.07e-14	3.37e-09	8.55e-06	1.30e-03	2.22e-02	8.17e-02	6.92e-01	1.91e-01	1.20e-02	7.07e-14	4.00e-21	5.03e-21
 5.10613e+22	7.76e-14	3.70e-09	9.38e-06	1.42e-03	2.36e-02	8.53e-02	6.94e-01	1.85e-01	1.11e-02	7.76e-14	4.39e-21	5.53e-21
 5.12977e+22	8.60e-14	4.13e-09	1.05e-05	1.58e-03	2.55e-02	9.03e-02	6.97e-01	1.76e-01	1.00e-02	8.60e-14	4.87e-21	6.13e-21
 5.15377e+22	9.46e-14	4.56e-09	1.16e-05	1.72e-03	2.71e-02	9.42e-02	6.98e-01	1.69e-01	9.29e-03	9.46e-14	5.36e-21	6.75e-21
 5.17822e+22	1.05e-13	5.12e-09	1.31e-05	1.93e-03	2.93e-02	9.97e-02	7.00e-01	1.61e-01	8.37e-03	1.05e-13	5.97e-21	7.51e-21
 5.20310e+22	1.17e-13	5.67e-09	1.45e-05	2.11e-03	3.12e-02	1.04e-01	7.00e-01	1.55e-01	7.72e-03	1.17e-13	6.61e-21	8.32e-21
 5.22854e+22	1.31e-13	6.41e-09	1.64e-05	2.36e-03	3.37e-02	1.10e-01	7.01e-01	1.46e-01	6.92e-03	1.31e-13	7.41e-21	9.32e-21
 5.25453e+22	1.46e-13	7.17e-09	1.82e-05	2.59e-03	3.59e-02	1.15e-01	7.00e-01	1.40e-01	6.36e-03	1.46e-13	8.31e-21	1.04e-20
 5.28123e+22	1.64e-13	8.14e-09	2.08e-05	2.91e-03	3.88e-02	1.22e-01	6.99e-01	1.32e-01	5.65e-03	1.64e-13	9.32e-21	1.17e-20
 5.30806e+22	1.84e-13	9.13e-09	2.32e-05	3.19e-03	4.13e-02	1.27e-01	6.97e-01	1.26e-01	5.18e-03	1.84e-13	1.04e-20	1.31e-20
 5.33505e+22	2.08e-13	1.05e-08	2.65e-05	3.60e-03	4.46e-02	1.34e-01	6.95e-01	1.19e-01	4.60e-03	2.08e-13	1.19e-20	1.49e-20
 5.36244e+22	2.35e-13	1.18e-08	2.97e-05	3.95e-03	4.74e-02	1.39e-01	6.92e-01	1.13e-01	4.20e-03	2.35e-13	1.34e-20	1.68e-20
 5.39033e+22	2.69e-13	1.36e-08	3.42e-05	4.46e-03	5.12e-02	1.47e-01	6.88e-01	1.06e-01	3.71e-03	2.69e-13	1.53e-20	1.92e-20
 5.41745e+22	3.03e-13	1.54e-08	3.81e-05	4.87e-03	5.42e-02	1.52e-01	6.84e-01	1.01e-01	3.41e-03	3.03e-13	1.73e-20	2.17e-20
 5.44358e+22	3.43e-13	1.76e-08	4.35e-05	5.44e-03	5.81e-02	1.60e-01	6.79e-01	9.51e-02	3.03e-03	3.43e-13	1.96e-20	2.46e-20
 5.46837e+22	3.81e-13	1.96e-08	4.79e-05	5.88e-03	6.10e-02	1.64e-01	6.75e-01	9.11e-02	2.80e-03	3.81e-13	2.18e-20	2.73e-20
 5.49141e+22	4.32e-13	2.23e-08	5.39e-05	6.47e-03	6.47e-02	1.71e-01	6.69e-01	8.64e-02	2.53e-03	4.32e-13	2.47e-20	3.11e-20
 5.51557e+22	4.85e-13	2.50e-08	5.99e-05	7.04e-03	6.82e-02	1.76e-01	6.64e-01	8.23e-02	2.32e-03	4.85e-13	2.78e-20	3.49e-20
 5.53766e+22	5.39e-13	2.79e-08	6.63e-05	7.64e-03	7.17e-02	1.82e-01	6.58e-01	7.84e-02	2.12e-03	5.39e-13	3.09e-20	3.88e-20
 5.56284e+22	6.23e-13	3.24e-08	7.57e-05	8.47e-03	7.63e-02	1.89e-01	6.50e-01	7.36e-02	1.90e-03	6.23e-13	3.58e-20	4.49e-20
 5.58848e+22	7.02e-13	3.66e-08	8.44e-05	9.23e-03	8.03e-02	1.95e-01	6.43e-01	6.99e-02	1.73e-03	7.02e-13	4.03e-20	5.06e-20
 5.61470e+22	8.21e-13	4.28e-08	9.69e-05	1.03e-02	8.56e-02	2.03e-01	6.34e-01	6.54e-02	1.53e-03	8.21e-13	4.72e-20	5.92e-20
 5.64142e+22	9.35e-13	4.87e-08	1.09e-04	1.12e-02	9.02e-02	2.09e-01	6.26e-01	6.18e-02	1.39e-03	9.35e-13	5.38e-20	6.75e-20
 5.66878e+22	1.10e-12	5.76e-08	1.26e-04	1.25e-02	9.62e-02	2.17e-01	6.15e-01	5.76e-02	1.23e-03	1.10e-12	6.36e-20	7.98e-20
 5.69672e+22	1.27e-12	6.62e-08	1.42e-04	1.37e-02	1.01e-01	2.23e-01	6.06e-01	5.42e-02	1.10e-03	1.27e-12	7.33e-20	9.19e-20
 5.72160e+22	1.46e-12	7.60e-08	1.59e-04	1.50e-02	1.07e-01	2.30e-01	5.96e-01	5.11e-02	9.96e-04	1.46e-12	8.44e-20	1.06e-19
 5.75014e+22	1.76e-12	9.09e-08	1.86e-04	1.67e-02	1.14e-01	2.38e-01	5.84e-01	4.73e-02	8.72e-04	1.76e-12	1.02e-19	1.27e-19
 5.77910e+22	2.04e-12	1.05e-07	2.10e-04	1.83e-02	1.20e-01	2.44e-01	5.73e-01	4.43e-02	7.81e-04	2.04e-12	1.18e-19	1.48e-19
 5.80473e+22	2.37e-12	1.22e-07	2.37e-04	2.00e-02	1.26e-01	2.50e-01	5.62e-01	4.15e-02	7.01e-04	2.37e-12	1.38e-19	1.73e-19
 5.83418e+22	2.89e-12	1.47e-07	2.78e-04	2.24e-02	1.34e-01	2.58e-01	5.47e-01	3.82e-02	6.09e-04	2.89e-12	1.68e-19	2.11e-19
 5.86415e+22	3.41e-12	1.72e-07	3.16e-04	2.45e-02	1.41e-01	2.64e-01	5.34e-01	3.56e-02	5.42e-04	3.41e-12	1.98e-19	2.49e-19
 5.89478e+22	4.21e-12	2.10e-07	3.71e-04	2.75e-02	1.50e-01	2.71e-01	5.18e-01	3.26e-02	4.67e-04	4.21e-12	2.45e-19	3.07e-19
 5.92585e+22	5.00e-12	2.47e-07	4.23e-04	3.02e-02	1.57e-01	2.77e-01	5.04e-01	3.02e-02	4.13e-04	5.00e-12	2.93e-19	3.66e-19
 5.95747e+22	6.24e-12	3.03e-07	4.98e-04	3.38e-02	1.67e-01	2.84e-01	4.87e-01	2.75e-02	3.55e-04	6.24e-12	3.66e-19	4.58e-19
 5.98990e+22	7.51e-12	3.61e-07	5.74e-04	3.72e-02	1.76e-01	2.89e-01	4.71e-01	2.52e-02	3.09e-04	7.51e-12	4.41e-19	5.52e-19
 6.01834e+22	9.02e-12	4.26e-07	6.53e-04	4.07e-02	1.84e-01	2.94e-01	4.57e-01	2.33e-02	2.73e-04	9.02e-12	5.31e-19	6.64e-19
 6.05028e+22	1.13e-11	5.23e-07	7.67e-04	4.53e-02	1.95e-01	2.99e-01	4.39e-01	2.11e-02	2.33e-04	1.13e-11	6.69e-19	8.37e-19
 6.08405e+22	1.40e-11	6.31e-07	8.90e-04	5.01e-02	2.05e-01	3.03e-01	4.22e-01	1.92e-02	2.00e-04	1.40e-11	8.28e-19	1.04e-18
 6.11490e+22	1.71e-11	7.54e-07	1.02e-03	5.49e-02	2.14e-01	3.07e-01	4.06e-01	1.75e-02	1.74e-04	1.71e-11	1.01e-18	1.27e-18
 6.14240e+22	2.02e-11	8.78e-07	1.15e-03	5.93e-02	2.22e-01	3.10e-01	3.92e-01	1.62e-02	1.53e-04	2.02e-11	1.20e-18	1.50e-18
 6.16674e+22	2.36e-11	1.00e-06	1.27e-03	6.34e-02	2.29e-01	3.11e-01	3.79e-01	1.51e-02	1.38e-04	2.36e-11	1.41e-18	1.76e-18
 6.19426e+22	2.89e-11	1.20e-06	1.46e-03	6.92e-02	2.39e-01	3.13e-01	3.63e-01	1.37e-02	1.19e-04	2.89e-11	1.72e-18	2.15e-18
 6.22330e+22	3.47e-11	1.40e-06	1.64e-03	7.48e-02	2.48e-01	3.15e-01	3.49e-01	1.26e-02	1.04e-04	3.47e-11	2.08e-18	2.60e-18
 6.25431e+22	4.40e-11	1.72e-06	1.91e-03	8.25e-02	2.59e-01	3.16e-01	3.30e-01	1.12e-02	8.78e-05	4.40e-11	2.65e-18	3.31e-18
 6.28536e+22	5.30e-11	2.01e-06	2.15e-03	8.89e-02	2.67e-01	3.16e-01	3.16e-01	1.03e-02	7.64e-05	5.30e-11	3.20e-18	3.99e-18
 6.31646e+22	6.71e-11	2.45e-06	2.50e-03	9.76e-02	2.78e-01	3.15e-01	2.98e-01	9.12e-03	6.42e-05	6.71e-11	4.06e-18	5.07e-18
 6.34791e+22	8.14e-11	2.88e-06	2.81e-03	1.05e-01	2.86e-01	3.14e-01	2.83e-01	8.27e-03	5.55e-05	8.14e-11	4.95e-18	6.17e-18
 6.37562e+22	9.81e-11	3.36e-06	3.15e-03	1.13e-01	2.94e-01	3.12e-01	2.70e-01	7.52e-03	4.82e-05	9.81e-11	5.98e-18	7.46e-18
 6.40743e+22	1.25e-10	4.10e-06	3.65e-03	1.23e-01	3.05e-01	3.10e-01	2.52e-01	6.62e-03	4.00e-05	1.25e-10	7.67e-18	9.56e-18
 6.43976e+22	1.52e-10	4.82e-06	4.10e-03	1.32e-01	3.12e-01	3.07e-01	2.39e-01	5.97e-03	3.44e-05	1.52e-10	9.37e-18	1.17e-17
 6.47278e+22	1.96e-10	5.91e-06	4.75e-03	1.44e-01	3.22e-01	3.02e-01	2.21e-01	5.21e-03	2.82e-05	1.96e-10	1.21e-17	1.51e-17
 6.50626e+22	2.41e-10	6.97e-06	5.36e-03	1.55e-01	3.30e-01	2.98e-01	2.08e-01	4.64e-03	2.39e-05	2.41e-10	1.50e-17	1.87e-17
 6.54034e+22	3.12e-10	8.53e-06	6.19e-03	1.68e-01	3.38e-01	2.92e-01	1.92e-01	4.02e-03	1.95e-05	3.12e-10	1.95e-17	2.42e-17
 6.57538e+22	3.90e-10	1.02e-05	7.01e-03	1.80e-01	3.45e-01	2.86e-01	1.78e-01	3.54e-03	1.62e-05	3.90e-10	2.45e-17	3.05e-17
 6.60642e+22	4.81e-10	1.20e-05	7.87e-03	1.92e-01	3.51e-01	2.80e-01	1.66e-01	3.13e-03	1.36e-05	4.81e-10	3.03e-17	3.77e-17
 6.64153e+22	6.26e-10	1.47e-05	9.07e-03	2.08e-01	3.57e-01	2.71e-01	1.52e-01	2.67e-03	1.09e-05	6.26e-10	3.98e-17	4.94e-17
 6.67761e+22	7.88e-10	1.75e-05	1.03e-02	2.22e-01	3.62e-01	2.64e-01	1.39e-01	2.32e-03	8.94e-06	7.88e-10	5.04e-17	6.26e-17
 6.70949e+22	9.76e-10	2.06e-05	1.15e-02	2.36e-01	3.66e-01	2.56e-01	1.29e-01	2.03e-03	7.43e-06	9.76e-10	6.27e-17	7.79e-17
 6.74548e+22	1.28e-09	2.52e-05	1.32e-02	2.53e-01	3.70e-01	2.46e-01	1.16e-01	1.72e-03	5.87e-06	1.28e-09	8.27e-17	1.03e-16
 6.78254e+22	1.61e-09	3.00e-05	1.48e-02	2.69e-01	3.72e-01	2.36e-01	1.06e-01	1.47e-03	4.75e-06	1.61e-09	1.05e-16	1.31e-16
 6.81542e+22	2.01e-09	3.53e-05	1.65e-02	2.84e-01	3.74e-01	2.28e-01	9.67e-02	1.27e-03	3.89e-06	2.01e-09	1.32e-16	1.64e-16
 6.85258e+22	2.66e-09	4.33e-05	1.89e-02	3.04e-01	3.74e-01	2.16e-01	8.59e-02	1.05e-03	3.00e-06	2.66e-09	1.76e-16	2.18e-16
 6.89062e+22	3.35e-09	5.13e-05	2.12e-02	3.20e-01	3.74e-01	2.06e-01	7.76e-02	8.97e-04	2.41e-06	3.35e-09	2.24e-16	2.77e-16
 6.92981e+22	4.49e-09	6.32e-05	2.43e-02	3.41e-01	3.72e-01	1.93e-01	6.80e-02	7.29e-04	1.82e-06	4.49e-09	3.03e-16	3.75e-16
 6.96952e+22	5.71e-09	7.51e-05	2.72e-02	3.59e-01	3.69e-01	1.83e-01	6.08e-02	6.12e-04	1.43e-06	5.71e-09	3.89e-16	4.81e-16
 7.00992e+22	7.63e-09	9.22e-05	3.10e-02	3.80e-01	3.65e-01	1.70e-01	5.29e-02	4.94e-04	1.08e-06	7.63e-09	5.27e-16	6.51e-16
 7.05137e+22	9.82e-09	1.10e-04	3.47e-02	3.98e-01	3.60e-01	1.60e-01	4.67e-02	4.07e-04	8.29e-07	9.82e-09	6.86e-16	8.47e-16
 7.08805e+22	1.24e-08	1.30e-04	3.86e-02	4.15e-01	3.55e-01	1.50e-01	4.13e-02	3.38e-04	6.47e-07	1.24e-08	8.79e-16	1.09e-15
 7.12963e+22	1.68e-08	1.60e-04	4.38e-02	4.36e-01	3.47e-01	1.37e-01	3.53e-02	2.67e-04	4.72e-07	1.68e-08	1.20e-15	1.48e-15
 7.17246e+22	2.16e-08	1.90e-04	4.88e-02	4.54e-01	3.39e-01	1.27e-01	3.08e-02	2.17e-04	3.59e-07	2.16e-08	1.57e-15	1.93e-15
 7.21067e+22	2.74e-08	2.24e-04	5.40e-02	4.70e-01	3.31e-01	1.18e-01	2.69e-02	1.77e-04	2.75e-07	2.74e-08	2.02e-15	2.49e-15
 7.25410e+22	3.71e-08	2.75e-04	6.11e-02	4.90e-01	3.20e-01	1.06e-01	2.26e-02	1.37e-04	1.95e-07	3.71e-08	2.79e-15	3.43e-15
 7.29798e+22	4.74e-08	3.24e-04	6.75e-02	5.05e-01	3.10e-01	9.76e-02	1.95e-02	1.10e-04	1.47e-07	4.74e-08	3.62e-15	4.45e-15
 7.33652e+22	6.02e-08	3.80e-04	7.42e-02	5.19e-01	3.00e-01	8.95e-02	1.69e-02	8.91e-05	0.00e+00	6.02e-08	4.66e-15	5.73e-15
 7.37225e+22	7.37e-08	4.34e-04	8.04e-02	5.31e-01	2.91e-01	8.28e-02	1.49e-02	7.40e-05	0.00e+00	7.37e-08	5.78e-15	7.11e-15
 7.41028e+22	9.49e-08	5.13e-04	8.86e-02	5.44e-01	2.79e-01	7.50e-02	1.27e-02	5.85e-05	0.00e+00	9.49e-08	7.59e-15	9.33e-15
 7.44897e+22	1.17e-07	5.89e-04	9.60e-02	5.54e-01	2.69e-01	6.88e-02	1.10e-02	4.78e-05	0.00e+00	1.17e-07	9.52e-15	1.17e-14
 7.48293e+22	1.43e-07	6.71e-04	1.04e-01	5.63e-01	2.59e-01	6.32e-02	9.63e-03	3.94e-05	0.00e+00	1.43e-07	1.18e-14	1.45e-14
 7.52150e+22	1.84e-07	7.91e-04	1.14e-01	5.74e-01	2.47e-01	5.66e-02	8.10e-03	3.06e-05	0.00e+00	1.84e-07	1.55e-14	1.90e-14
 7.56082e+22	2.26e-07	9.04e-04	1.23e-01	5.81e-01	2.36e-01	5.16e-02	7.00e-03	2.48e-05	0.00e+00	2.26e-07	1.94e-14	2.38e-14
 7.60112e+22	2.91e-07	1.06e-03	1.34e-01	5.89e-01	2.24e-01	4.58e-02	5.84e-03	1.91e-05	0.00e+00	2.91e-07	2.56e-14	3.13e-14
 7.64234e+22	3.64e-07	1.23e-03	1.45e-01	5.95e-01	2.13e-01	4.12e-02	4.96e-03	1.51e-05	0.00e+00	3.64e-07	3.25e-14	3.98e-14
 7.67843e+22	4.44e-07	1.39e-03	1.56e-01	5.99e-01	2.02e-01	3.73e-02	4.28e-03	1.23e-05	0.00e+00	4.44e-07	4.04e-14	4.94e-14
 7.71359e+22	5.40e-07	1.58e-03	1.67e-01	6.02e-01	1.93e-01	3.38e-02	3.69e-03	9.91e-06	0.00e+00	5.40e-07	5.02e-14	6.13e-14
 7.74713e+22	6.47e-07	1.77e-03	1.77e-01	6.03e-01	1.84e-01	3.08e-02	3.21e-03	8.12e-06	0.00e+00	6.47e-07	6.12e-14	7.47e-14
 7.78398e+22	8.09e-07	2.05e-03	1.91e-01	6.04e-01	1.73e-01	2.73e-02	2.69e-03	6.34e-06	0.00e+00	8.09e-07	7.84e-14	9.55e-14
 7.82122e+22	9.72e-07	2.30e-03	2.03e-01	6.04e-01	1.64e-01	2.47e-02	2.32e-03	5.13e-06	0.00e+00	9.72e-07	9.61e-14	1.17e-13
 7.85367e+22	1.16e-06	2.57e-03	2.15e-01	6.03e-01	1.55e-01	2.23e-02	2.01e-03	4.18e-06	0.00e+00	1.16e-06	1.17e-13	1.42e-13
 7.89055e+22	1.44e-06	2.95e-03	2.30e-01	6.00e-01	1.45e-01	1.97e-02	1.68e-03	3.24e-06	0.00e+00	1.44e-06	1.49e-13	1.81e-13
 7.92805e+22	1.73e-06	3.31e-03	2.44e-01	5.97e-01	1.37e-01	1.76e-02	1.43e-03	2.60e-06	0.00e+00	1.73e-06	1.83e-13	2.22e-13
 7.96112e+22	2.06e-06	3.69e-03	2.57e-01	5.93e-01	1.29e-01	1.59e-02	1.23e-03	2.10e-06	0.00e+00	2.06e-06	2.22e-13	2.69e-13
 7.99883e+22	2.57e-06	4.24e-03	2.75e-01	5.86e-01	1.19e-01	1.38e-02	1.02e-03	1.60e-06	0.00e+00	2.57e-06	2.85e-13	3.46e-13
 8.03695e+22	3.05e-06	4.72e-03	2.90e-01	5.80e-01	1.12e-01	1.23e-02	8.68e-04	1.28e-06	0.00e+00	3.05e-06	3.47e-13	4.20e-13
 8.07560e+22	3.80e-06	5.42e-03	3.10e-01	5.70e-01	1.03e-01	1.07e-02	7.10e-04	9.68e-07	0.00e+00	3.80e-06	4.46e-13	5.39e-13
 8.11476e+22	4.54e-06	6.04e-03	3.27e-01	5.61e-01	9.59e-02	9.44e-03	5.99e-04	7.64e-07	0.00e+00	4.54e-06	5.46e-13	6.59e-13
 8.15459e+22	5.67e-06	6.94e-03	3.48e-01	5.49e-01	8.76e-02	8.09e-03	4.85e-04	5.68e-07	0.00e+00	5.67e-06	7.05e-13	8.51e-13
 8.19479e+22	6.76e-06	7.74e-03	3.66e-01	5.38e-01	8.09e-02	7.09e-03	4.06e-04	4.43e-07	0.00e+00	6.76e-06	8.63e-13	1.04e-12
 8.23545e+22	8.42e-06	8.87e-03	3.89e-01	5.22e-01	7.33e-02	6.02e-03	3.25e-04	3.26e-07	0.00e+00	8.42e-06	1.12e-12	1.34e-12
 8.27667e+22	1.01e-05	9.88e-03	4.09e-01	5.08e-01	6.72e-02	5.23e-03	2.69e-04	2.51e-07	0.00e+00	1.01e-05	1.37e-12	1.65e-12
 8.31859e+22	1.25e-05	1.13e-02	4.33e-01	4.90e-01	6.03e-02	4.39e-03	2.13e-04	1.82e-07	0.00e+00	1.25e-05	1.78e-12	2.14e-12
 8.36119e+22	1.49e-05	1.26e-02	4.55e-01	4.74e-01	5.47e-02	3.77e-03	1.75e-04	1.38e-07	0.00e+00	1.49e-05	2.19e-12	2.63e-12
 8.40467e+22	1.87e-05	1.45e-02	4.81e-01	4.53e-01	4.85e-02	3.12e-03	1.36e-04	0.00e+00	0.00e+00	1.87e-05	2.85e-12	3.43e-12
 8.44892e+22	2.23e-05	1.61e-02	5.03e-01	4.34e-01	4.35e-02	2.64e-03	1.10e-04	0.00e+00	0.00e+00	2.23e-05	3.53e-12	4.23e-12
 8.49418e+22	2.80e-05	1.85e-02	5.31e-01	4.10e-01	3.80e-02	2.15e-03	8.41e-05	0.00e+00	0.00e+00	2.80e-05	4.63e-12	5.56e-12
 8.53940e+22	3.32e-05	2.05e-02	5.54e-01	3.90e-01	3.38e-02	1.81e-03	6.73e-05	0.00e+00	0.00e+00	3.32e-05	5.70e-12	6.83e-12
 8.58459e+22	4.14e-05	2.35e-02	5.81e-01	3.64e-01	2.92e-02	1.45e-03	5.10e-05	0.00e+00	0.00e+00	4.14e-05	7.46e-12	8.93e-12
 8.63033e+22	4.92e-05	2.60e-02	6.04e-01	3.43e-01	2.56e-02	1.21e-03	4.02e-05	0.00e+00	0.00e+00	4.92e-05	9.20e-12	1.10e-11
 8.66515e+22	5.54e-05	2.80e-02	6.21e-01	3.27e-01	2.32e-02	1.05e-03	3.38e-05	0.00e+00	0.00e+00	5.54e-05	1.07e-11	1.28e-11
 8.69878e+22	6.55e-05	3.10e-02	6.41e-01	3.07e-01	2.05e-02	8.81e-04	2.70e-05	0.00e+00	0.00e+00	6.55e-05	1.31e-11	1.56e-11
 8.73240e+22	7.36e-05	3.32e-02	6.56e-01	2.91e-01	1.85e-02	7.66e-04	2.27e-05	0.00e+00	0.00e+00	7.36e-05	1.51e-11	1.81e-11
 8.76600e+22	8.66e-05	3.67e-02	6.75e-01	2.72e-01	1.63e-02	6.38e-04	1.81e-05	0.00e+00	0.00e+00	8.66e-05	1.85e-11	2.21e-11
 8.79985e+22	9.81e-05	3.96e-02	6.90e-01	2.55e-01	1.45e-02	5.48e-04	1.49e-05	0.00e+00	0.00e+00	9.81e-05	2.16e-11	2.58e-11
 8.83404e+22	1.16e-04	4.40e-02	7.07e-01	2.36e-01	1.26e-02	4.50e-04	1.17e-05	0.00e+00	0.00e+00	1.16e-04	2.66e-11	3.18e-11
 8.86802e+22	1.31e-04	4.74e-02	7.21e-01	2.20e-01	1.12e-02	3.84e-04	9.64e-06	0.00e+00	0.00e+00	1.31e-04	3.09e-11	3.69e-11
 8.90174e+22	1.55e-04	5.25e-02	7.36e-01	2.01e-01	9.61e-03	3.14e-04	7.51e-06	0.00e+00	0.00e+00	1.55e-04	3.80e-11	4.53e-11
 8.93567e+22	1.77e-04	5.71e-02	7.48e-01	1.86e-01	8.41e-03	2.64e-04	6.07e-06	0.00e+00	0.00e+00	1.77e-04	4.47e-11	5.33e-11
 8.96989e+22	2.10e-04	6.35e-02	7.61e-01	1.68e-01	7.16e-03	2.13e-04	4.68e-06	0.00e+00	0.00e+00	2.10e-04	5.50e-11	6.57e-11
 9.00432e+22	2.43e-04	6.94e-02	7.71e-01	1.53e-01	6.18e-03	1.77e-04	3.72e-06	0.00e+00	0.00e+00	2.43e-04	6.54e-11	7.80e-11
 9.03406e+22	2.78e-04	7.55e-02	7.79e-01	1.40e-01	5.38e-03	1.48e-04	3.00e-06	0.00e+00	0.00e+00	2.78e-04	7.71e-11	9.20e-11
 9.06775e+22	3.34e-04	8.46e-02	7.86e-01	1.24e-01	4.49e-03	1.17e-04	2.25e-06	0.00e+00	0.00e+00	3.34e-04	9.61e-11	1.15e-10
 9.10123e+22	3.88e-04	9.31e-02	7.91e-01	1.11e-01	3.83e-03	9.54e-05	1.77e-06	0.00e+00	0.00e+00	3.88e-04	1.15e-10	1.37e-10
 9.12935e+22	4.48e-04	1.02e-01	7.94e-01	1.01e-01	3.31e-03	7.90e-05	1.42e-06	0.00e+00	0.00e+00	4.48e-04	1.36e-10	1.63e-10
 9.16085e+22	5.36e-04	1.14e-01	7.95e-01	8.80e-02	2.75e-03	6.20e-05	1.06e-06	0.00e+00	0.00e+00	5.36e-04	1.69e-10	2.02e-10
 9.19261e+22	6.31e-04	1.26e-01	7.93e-01	7.77e-02	2.33e-03	5.00e-05	8.26e-07	0.00e+00	0.00e+00	6.31e-04	2.05e-10	2.44e-10
 9.21916e+22	7.37e-04	1.39e-01	7.89e-01	6.91e-02	1.99e-03	4.09e-05	6.54e-07	0.00e+00	0.00e+00	7.37e-04	2.45e-10	2.92e-10
 9.24402e+22	8.56e-04	1.53e-01	7.83e-01	6.16e-02	1.72e-03	3.37e-05	5.23e-07	0.00e+00	0.00e+00	8.56e-04	2.91e-10	3.47e-10
 9.25665e+22	9.23e-04	1.63e-01	7.75e-01	5.94e-02	1.65e-03	3.21e-05	4.96e-07	0.00e+00	0.00e+00	9.23e-04	3.13e-10	3.73e-10
