#depth	N	N+	N+2	N+3	N+4	N+5	N+6	N+7
 4.62852e+21	0.00e+00	3.19e-27	4.56e-21	5.28e-16	1.76e-11	9.32e-07	1.97e-03	9.98e-01
 1.05523e+22	0.00e+00	2.78e-26	2.81e-20	2.30e-15	5.41e-11	1.95e-06	2.83e-03	9.97e-01
 1.27140e+22	4.00e-33	1.18e-25	9.39e-20	6.09e-15	1.14e-10	3.19e-06	3.61e-03	9.96e-01
 1.42737e+22	1.56e-32	3.78e-25	2.47e-19	1.33e-14	2.05e-10	4.74e-06	4.39e-03	9.96e-01
 1.51402e+22	2.19e-32	5.06e-25	3.16e-19	1.62e-14	2.38e-10	5.23e-06	4.61e-03	9.95e-01
 1.54203e+22	2.76e-32	6.16e-25	3.72e-19	1.84e-14	2.62e-10	5.59e-06	4.77e-03	9.95e-01
 1.56324e+22	3.41e-32	7.38e-25	4.32e-19	2.07e-14	2.86e-10	5.94e-06	4.92e-03	9.95e-01
 1.58745e+22	4.37e-32	9.13e-25	5.15e-19	2.39e-14	3.19e-10	6.38e-06	5.10e-03	9.95e-01
 1.61399e+22	5.65e-32	1.14e-24	6.17e-19	2.76e-14	3.54e-10	6.87e-06	5.29e-03	9.95e-01
 1.63862e+22	7.17e-32	1.39e-24	7.30e-19	3.15e-14	3.92e-10	7.35e-06	5.48e-03	9.95e-01
 1.66116e+22	9.00e-32	1.69e-24	8.56e-19	3.57e-14	4.30e-10	7.84e-06	5.66e-03	9.94e-01
 1.68246e+22	1.11e-31	2.02e-24	9.92e-19	4.02e-14	4.69e-10	8.33e-06	5.84e-03	9.94e-01
 1.70668e+22	1.44e-31	2.51e-24	1.19e-18	4.64e-14	5.22e-10	8.96e-06	6.06e-03	9.94e-01
 1.73225e+22	1.85e-31	3.11e-24	1.42e-18	5.33e-14	5.77e-10	9.61e-06	6.29e-03	9.94e-01
 1.75521e+22	2.34e-31	3.80e-24	1.67e-18	6.07e-14	6.34e-10	1.03e-05	6.51e-03	9.93e-01
 1.77724e+22	2.94e-31	4.60e-24	1.96e-18	6.88e-14	6.96e-10	1.10e-05	6.73e-03	9.93e-01
 1.80242e+22	3.91e-31	5.87e-24	2.39e-18	8.03e-14	7.79e-10	1.19e-05	7.02e-03	9.93e-01
 1.82751e+22	4.96e-31	7.17e-24	2.81e-18	9.13e-14	8.55e-10	1.27e-05	7.27e-03	9.93e-01
 1.84852e+22	6.20e-31	8.65e-24	3.28e-18	1.03e-13	9.31e-10	1.35e-05	7.51e-03	9.92e-01
 1.87186e+22	8.05e-31	1.08e-23	3.93e-18	1.18e-13	1.03e-09	1.45e-05	7.80e-03	9.92e-01
 1.89661e+22	1.05e-30	1.34e-23	4.69e-18	1.36e-13	1.14e-09	1.56e-05	8.11e-03	9.92e-01
 1.91844e+22	1.31e-30	1.62e-23	5.47e-18	1.53e-13	1.24e-09	1.65e-05	8.38e-03	9.92e-01
 1.94204e+22	1.73e-30	2.05e-23	6.61e-18	1.77e-13	1.37e-09	1.79e-05	8.73e-03	9.91e-01
 1.96575e+22	2.19e-30	2.51e-23	7.78e-18	2.01e-13	1.50e-09	1.91e-05	9.05e-03	9.91e-01
 1.98572e+22	2.72e-30	3.00e-23	8.99e-18	2.25e-13	1.62e-09	2.02e-05	9.34e-03	9.91e-01
 2.00781e+22	3.53e-30	3.74e-23	1.07e-17	2.58e-13	1.78e-09	2.17e-05	9.71e-03	9.90e-01
 2.03099e+22	4.49e-30	4.57e-23	1.26e-17	2.92e-13	1.95e-09	2.31e-05	1.01e-02	9.90e-01
 2.05197e+22	5.72e-30	5.59e-23	1.49e-17	3.30e-13	2.12e-09	2.47e-05	1.04e-02	9.90e-01
 2.07220e+22	7.15e-30	6.74e-23	1.73e-17	3.71e-13	2.30e-09	2.62e-05	1.08e-02	9.89e-01
 2.09211e+22	9.00e-30	8.16e-23	2.02e-17	4.17e-13	2.49e-09	2.78e-05	1.11e-02	9.89e-01
 2.11189e+22	1.12e-29	9.81e-23	2.34e-17	4.67e-13	2.69e-09	2.95e-05	1.15e-02	9.88e-01
 2.13450e+22	1.49e-29	1.25e-22	2.83e-17	5.40e-13	2.98e-09	3.19e-05	1.20e-02	9.88e-01
 2.15719e+22	1.91e-29	1.53e-22	3.33e-17	6.10e-13	3.23e-09	3.40e-05	1.24e-02	9.88e-01
 2.17643e+22	2.38e-29	1.83e-22	3.87e-17	6.83e-13	3.50e-09	3.61e-05	1.29e-02	9.87e-01
 2.19787e+22	3.13e-29	2.31e-22	4.65e-17	7.86e-13	3.84e-09	3.88e-05	1.34e-02	9.87e-01
 2.22022e+22	4.01e-29	2.84e-22	5.48e-17	8.90e-13	4.18e-09	4.14e-05	1.39e-02	9.86e-01
 2.23972e+22	5.02e-29	3.42e-22	6.37e-17	9.97e-13	4.52e-09	4.40e-05	1.44e-02	9.86e-01
 2.26105e+22	6.65e-29	4.32e-22	7.67e-17	1.15e-12	4.97e-09	4.73e-05	1.50e-02	9.85e-01
 2.28303e+22	8.51e-29	5.30e-22	9.04e-17	1.30e-12	5.40e-09	5.05e-05	1.55e-02	9.84e-01
 2.30214e+22	1.07e-28	6.40e-22	1.05e-16	1.46e-12	5.83e-09	5.36e-05	1.60e-02	9.84e-01
 2.32324e+22	1.41e-28	8.08e-22	1.27e-16	1.68e-12	6.42e-09	5.78e-05	1.67e-02	9.83e-01
 2.34495e+22	1.81e-28	9.95e-22	1.50e-16	1.90e-12	6.97e-09	6.17e-05	1.73e-02	9.83e-01
 2.36403e+22	2.28e-28	1.21e-21	1.74e-16	2.13e-12	7.54e-09	6.56e-05	1.79e-02	9.82e-01
 2.38543e+22	3.05e-28	1.54e-21	2.12e-16	2.47e-12	8.33e-09	7.08e-05	1.87e-02	9.81e-01
 2.40717e+22	3.93e-28	1.89e-21	2.50e-16	2.80e-12	9.06e-09	7.56e-05	1.94e-02	9.81e-01
 2.42613e+22	5.00e-28	2.31e-21	2.94e-16	3.16e-12	9.82e-09	8.06e-05	2.00e-02	9.80e-01
 2.44752e+22	6.71e-28	2.95e-21	3.57e-16	3.67e-12	1.09e-08	8.71e-05	2.09e-02	9.79e-01
 2.46989e+22	8.87e-28	3.72e-21	4.30e-16	4.21e-12	1.19e-08	9.37e-05	2.17e-02	9.78e-01
 2.48981e+22	1.14e-27	4.59e-21	5.08e-16	4.78e-12	1.30e-08	1.00e-04	2.25e-02	9.77e-01
 2.51194e+22	1.55e-27	5.94e-21	6.26e-16	5.60e-12	1.44e-08	1.09e-04	2.35e-02	9.76e-01
 2.53366e+22	1.99e-27	7.30e-21	7.38e-16	6.34e-12	1.57e-08	1.16e-04	2.44e-02	9.76e-01
 2.55179e+22	2.52e-27	8.90e-21	8.65e-16	7.15e-12	1.70e-08	1.23e-04	2.52e-02	9.75e-01
 2.57232e+22	3.48e-27	1.16e-20	1.07e-15	8.40e-12	1.89e-08	1.34e-04	2.64e-02	9.74e-01
 2.59116e+22	4.30e-27	1.39e-20	1.23e-15	9.34e-12	2.03e-08	1.42e-04	2.71e-02	9.73e-01
 2.60780e+22	5.51e-27	1.70e-20	1.46e-15	1.06e-11	2.21e-08	1.51e-04	2.81e-02	9.72e-01
 2.62532e+22	6.88e-27	2.05e-20	1.69e-15	1.19e-11	2.39e-08	1.60e-04	2.90e-02	9.71e-01
 2.64021e+22	8.40e-27	2.42e-20	1.93e-15	1.31e-11	2.55e-08	1.69e-04	2.98e-02	9.70e-01
 2.65347e+22	1.02e-26	2.86e-20	2.21e-15	1.45e-11	2.73e-08	1.78e-04	3.06e-02	9.69e-01
 2.66630e+22	1.21e-26	3.29e-20	2.47e-15	1.58e-11	2.89e-08	1.86e-04	3.13e-02	9.69e-01
 2.68092e+22	1.53e-26	4.00e-20	2.89e-15	1.78e-11	3.13e-08	1.97e-04	3.23e-02	9.68e-01
 2.69539e+22	1.86e-26	4.71e-20	3.30e-15	1.96e-11	3.35e-08	2.07e-04	3.31e-02	9.67e-01
 2.70736e+22	2.23e-26	5.48e-20	3.73e-15	2.15e-11	3.56e-08	2.17e-04	3.39e-02	9.66e-01
 2.72061e+22	2.79e-26	6.61e-20	4.33e-15	2.41e-11	3.84e-08	2.30e-04	3.50e-02	9.65e-01
 2.73427e+22	3.37e-26	7.72e-20	4.91e-15	2.66e-11	4.10e-08	2.41e-04	3.58e-02	9.64e-01
 2.74846e+22	4.27e-26	9.43e-20	5.77e-15	3.00e-11	4.45e-08	2.56e-04	3.70e-02	9.63e-01
 2.76218e+22	5.14e-26	1.10e-19	6.54e-15	3.30e-11	4.75e-08	2.69e-04	3.79e-02	9.62e-01
 2.77336e+22	6.17e-26	1.28e-19	7.40e-15	3.63e-11	5.05e-08	2.81e-04	3.88e-02	9.61e-01
 2.78595e+22	7.74e-26	1.55e-19	8.63e-15	4.07e-11	5.47e-08	2.98e-04	3.99e-02	9.60e-01
 2.79872e+22	9.31e-26	1.81e-19	9.78e-15	4.48e-11	5.83e-08	3.12e-04	4.09e-02	9.59e-01
 2.81173e+22	1.20e-25	2.24e-19	1.16e-14	5.11e-11	6.36e-08	3.32e-04	4.22e-02	9.57e-01
 2.82453e+22	1.44e-25	2.61e-19	1.31e-14	5.61e-11	6.79e-08	3.48e-04	4.32e-02	9.56e-01
 2.83707e+22	1.87e-25	3.25e-19	1.57e-14	6.43e-11	7.43e-08	3.71e-04	4.46e-02	9.55e-01
 2.84942e+22	2.25e-25	3.79e-19	1.78e-14	7.07e-11	7.92e-08	3.89e-04	4.56e-02	9.54e-01
 2.85985e+22	2.71e-25	4.43e-19	2.02e-14	7.79e-11	8.46e-08	4.07e-04	4.67e-02	9.53e-01
 2.87010e+22	3.27e-25	5.19e-19	2.30e-14	8.59e-11	9.04e-08	4.26e-04	4.78e-02	9.52e-01
 2.88181e+22	4.14e-25	6.33e-19	2.70e-14	9.72e-11	9.82e-08	4.52e-04	4.92e-02	9.50e-01
 2.89366e+22	5.12e-25	7.57e-19	3.12e-14	1.09e-10	1.06e-07	4.75e-04	5.04e-02	9.49e-01
 2.90379e+22	6.15e-25	8.84e-19	3.54e-14	1.19e-10	1.13e-07	4.97e-04	5.16e-02	9.48e-01
 2.91502e+22	8.02e-25	1.11e-18	4.25e-14	1.37e-10	1.24e-07	5.30e-04	5.32e-02	9.46e-01
 2.92632e+22	9.73e-25	1.30e-18	4.85e-14	1.52e-10	1.33e-07	5.55e-04	5.45e-02	9.45e-01
 2.93771e+22	1.28e-24	1.64e-18	5.85e-14	1.75e-10	1.46e-07	5.93e-04	5.62e-02	9.43e-01
 2.94908e+22	1.56e-24	1.94e-18	6.71e-14	1.95e-10	1.57e-07	6.22e-04	5.75e-02	9.42e-01
 2.96041e+22	2.07e-24	2.46e-18	8.17e-14	2.26e-10	1.74e-07	6.65e-04	5.95e-02	9.40e-01
 2.97171e+22	2.54e-24	2.93e-18	9.41e-14	2.52e-10	1.87e-07	6.99e-04	6.09e-02	9.38e-01
 2.98297e+22	3.42e-24	3.76e-18	1.16e-13	2.95e-10	2.08e-07	7.49e-04	6.30e-02	9.36e-01
 2.99426e+22	4.23e-24	4.51e-18	1.34e-13	3.31e-10	2.25e-07	7.88e-04	6.45e-02	9.35e-01
 3.00557e+22	5.70e-24	5.80e-18	1.65e-13	3.87e-10	2.50e-07	8.45e-04	6.67e-02	9.32e-01
 3.01682e+22	7.15e-24	7.03e-18	1.93e-13	4.37e-10	2.72e-07	8.91e-04	6.85e-02	9.31e-01
 3.02643e+22	8.97e-24	8.52e-18	2.26e-13	4.93e-10	2.95e-07	9.39e-04	7.02e-02	9.29e-01
 3.03739e+22	1.21e-23	1.10e-17	2.78e-13	5.79e-10	3.29e-07	1.01e-03	7.26e-02	9.26e-01
 3.04835e+22	1.53e-23	1.34e-17	3.27e-13	6.56e-10	3.58e-07	1.06e-03	7.45e-02	9.24e-01
 3.05931e+22	2.08e-23	1.73e-17	4.05e-13	7.73e-10	4.01e-07	1.14e-03	7.71e-02	9.22e-01
 3.07049e+22	2.65e-23	2.14e-17	4.81e-13	8.82e-10	4.38e-07	1.21e-03	7.92e-02	9.20e-01
 3.08193e+22	3.68e-23	2.82e-17	6.04e-13	1.05e-09	4.94e-07	1.30e-03	8.21e-02	9.17e-01
 3.09340e+22	4.72e-23	3.49e-17	7.20e-13	1.20e-09	5.42e-07	1.38e-03	8.44e-02	9.14e-01
 3.10328e+22	6.05e-23	4.30e-17	8.56e-13	1.38e-09	5.93e-07	1.46e-03	8.67e-02	9.12e-01
 3.11451e+22	8.36e-23	5.67e-17	1.08e-12	1.64e-09	6.69e-07	1.58e-03	8.98e-02	9.09e-01
 3.12573e+22	1.06e-22	6.96e-17	1.27e-12	1.87e-09	7.31e-07	1.67e-03	9.23e-02	9.06e-01
 3.13692e+22	1.47e-22	9.17e-17	1.60e-12	2.23e-09	8.24e-07	1.80e-03	9.56e-02	9.03e-01
 3.14808e+22	1.85e-22	1.11e-16	1.88e-12	2.52e-09	8.99e-07	1.90e-03	9.80e-02	9.00e-01
 3.15918e+22	2.54e-22	1.46e-16	2.35e-12	3.00e-09	1.01e-06	2.05e-03	1.01e-01	8.96e-01
 3.17050e+22	3.22e-22	1.79e-16	2.78e-12	3.41e-09	1.11e-06	2.17e-03	1.04e-01	8.94e-01
 3.18210e+22	4.42e-22	2.34e-16	3.48e-12	4.07e-09	1.25e-06	2.34e-03	1.08e-01	8.90e-01
 3.19396e+22	5.63e-22	2.88e-16	4.13e-12	4.65e-09	1.37e-06	2.48e-03	1.11e-01	8.87e-01
 3.20614e+22	7.75e-22	3.78e-16	5.18e-12	5.54e-09	1.54e-06	2.67e-03	1.15e-01	8.82e-01
 3.21868e+22	9.97e-22	4.69e-16	6.19e-12	6.37e-09	1.70e-06	2.84e-03	1.18e-01	8.79e-01
 3.22976e+22	1.27e-21	5.76e-16	7.35e-12	7.27e-09	1.86e-06	3.01e-03	1.21e-01	8.76e-01
 3.24227e+22	1.72e-21	7.49e-16	9.15e-12	8.63e-09	2.10e-06	3.25e-03	1.26e-01	8.71e-01
 3.25493e+22	2.18e-21	9.17e-16	1.08e-11	9.84e-09	2.30e-06	3.44e-03	1.29e-01	8.68e-01
 3.26780e+22	2.96e-21	1.19e-15	1.34e-11	1.17e-08	2.59e-06	3.70e-03	1.33e-01	8.63e-01
 3.28104e+22	3.77e-21	1.46e-15	1.60e-11	1.34e-08	2.84e-06	3.93e-03	1.37e-01	8.59e-01
 3.29293e+22	4.78e-21	1.79e-15	1.89e-11	1.53e-08	3.12e-06	4.17e-03	1.41e-01	8.55e-01
 3.30656e+22	6.47e-21	2.32e-15	2.35e-11	1.81e-08	3.52e-06	4.50e-03	1.46e-01	8.50e-01
 3.32027e+22	8.14e-21	2.83e-15	2.78e-11	2.06e-08	3.85e-06	4.76e-03	1.50e-01	8.46e-01
 3.33410e+22	1.10e-20	3.66e-15	3.45e-11	2.44e-08	4.34e-06	5.13e-03	1.55e-01	8.40e-01
 3.34814e+22	1.38e-20	4.44e-15	4.05e-11	2.77e-08	4.75e-06	5.43e-03	1.59e-01	8.36e-01
 3.36028e+22	1.71e-20	5.35e-15	4.73e-11	3.14e-08	5.18e-06	5.74e-03	1.63e-01	8.32e-01
 3.37391e+22	2.26e-20	6.80e-15	5.79e-11	3.68e-08	5.79e-06	6.16e-03	1.68e-01	8.26e-01
 3.38747e+22	2.77e-20	8.10e-15	6.71e-11	4.13e-08	6.29e-06	6.48e-03	1.72e-01	8.22e-01
 3.40094e+22	3.61e-20	1.02e-14	8.12e-11	4.81e-08	7.00e-06	6.94e-03	1.77e-01	8.16e-01
 3.41471e+22	4.45e-20	1.22e-14	9.44e-11	5.42e-08	7.62e-06	7.32e-03	1.81e-01	8.12e-01
 3.42885e+22	5.87e-20	1.54e-14	1.15e-10	6.35e-08	8.52e-06	7.85e-03	1.87e-01	8.05e-01
 3.44310e+22	7.17e-20	1.83e-14	1.33e-10	7.13e-08	9.25e-06	8.27e-03	1.91e-01	8.01e-01
 3.45747e+22	9.42e-20	2.32e-14	1.62e-10	8.34e-08	1.03e-05	8.86e-03	1.97e-01	7.94e-01
 3.47152e+22	1.13e-19	2.71e-14	1.85e-10	9.27e-08	1.12e-05	9.29e-03	2.01e-01	7.90e-01
 3.48512e+22	1.45e-19	3.37e-14	2.22e-10	1.07e-07	1.24e-05	9.92e-03	2.07e-01	7.83e-01
 3.49900e+22	1.75e-19	3.95e-14	2.55e-10	1.19e-07	1.34e-05	1.04e-02	2.11e-01	7.78e-01
 3.51321e+22	2.25e-19	4.91e-14	3.06e-10	1.38e-07	1.48e-05	1.11e-02	2.17e-01	7.72e-01
 3.52768e+22	2.73e-19	5.79e-14	3.51e-10	1.54e-07	1.60e-05	1.17e-02	2.22e-01	7.66e-01
 3.54249e+22	3.52e-19	7.20e-14	4.23e-10	1.79e-07	1.78e-05	1.25e-02	2.28e-01	7.59e-01
 3.55757e+22	4.26e-19	8.51e-14	4.87e-10	2.00e-07	1.93e-05	1.31e-02	2.33e-01	7.54e-01
 3.57298e+22	5.50e-19	1.06e-13	5.86e-10	2.33e-07	2.15e-05	1.40e-02	2.40e-01	7.46e-01
 3.58871e+22	6.70e-19	1.26e-13	6.76e-10	2.61e-07	2.34e-05	1.48e-02	2.45e-01	7.40e-01
 3.60485e+22	8.64e-19	1.56e-13	8.14e-10	3.03e-07	2.60e-05	1.58e-02	2.52e-01	7.32e-01
 3.62144e+22	1.06e-18	1.87e-13	9.47e-10	3.42e-07	2.83e-05	1.66e-02	2.57e-01	7.26e-01
 3.63862e+22	1.38e-18	2.34e-13	1.15e-09	3.98e-07	3.16e-05	1.78e-02	2.65e-01	7.17e-01
 3.65629e+22	1.71e-18	2.81e-13	1.34e-09	4.51e-07	3.46e-05	1.88e-02	2.71e-01	7.10e-01
 3.67149e+22	2.05e-18	3.30e-13	1.53e-09	5.03e-07	3.74e-05	1.98e-02	2.76e-01	7.04e-01
 3.68814e+22	2.64e-18	4.10e-13	1.84e-09	5.83e-07	4.16e-05	2.11e-02	2.84e-01	6.95e-01
 3.70507e+22	3.20e-18	4.83e-13	2.11e-09	6.52e-07	4.51e-05	2.22e-02	2.89e-01	6.89e-01
 3.72235e+22	4.05e-18	5.92e-13	2.51e-09	7.48e-07	4.98e-05	2.36e-02	2.96e-01	6.80e-01
 3.74064e+22	5.04e-18	7.16e-13	2.95e-09	8.51e-07	5.46e-05	2.50e-02	3.03e-01	6.72e-01
 3.75747e+22	6.18e-18	8.54e-13	3.42e-09	9.59e-07	5.96e-05	2.63e-02	3.09e-01	6.64e-01
 3.77662e+22	8.01e-18	1.07e-12	4.13e-09	1.12e-06	6.64e-05	2.81e-02	3.17e-01	6.54e-01
 3.79677e+22	1.01e-17	1.30e-12	4.88e-09	1.28e-06	7.31e-05	2.98e-02	3.25e-01	6.46e-01
 3.81457e+22	1.23e-17	1.55e-12	5.65e-09	1.44e-06	7.96e-05	3.14e-02	3.31e-01	6.38e-01
 3.83405e+22	1.59e-17	1.92e-12	6.79e-09	1.67e-06	8.86e-05	3.35e-02	3.39e-01	6.27e-01
 3.85403e+22	1.97e-17	2.32e-12	7.96e-09	1.89e-06	9.71e-05	3.54e-02	3.46e-01	6.18e-01
 3.87174e+22	2.42e-17	2.77e-12	9.23e-09	2.13e-06	1.06e-04	3.73e-02	3.53e-01	6.10e-01
 3.89184e+22	3.12e-17	3.44e-12	1.11e-08	2.47e-06	1.18e-04	3.98e-02	3.61e-01	5.99e-01
 3.91256e+22	3.90e-17	4.18e-12	1.31e-08	2.82e-06	1.29e-04	4.21e-02	3.68e-01	5.90e-01
 3.93098e+22	4.79e-17	4.98e-12	1.52e-08	3.18e-06	1.41e-04	4.44e-02	3.75e-01	5.81e-01
 3.95181e+22	6.26e-17	6.29e-12	1.85e-08	3.73e-06	1.58e-04	4.75e-02	3.84e-01	5.69e-01
 3.97314e+22	7.85e-17	7.65e-12	2.18e-08	4.26e-06	1.74e-04	5.03e-02	3.91e-01	5.58e-01
 3.99224e+22	9.69e-17	9.16e-12	2.54e-08	4.82e-06	1.90e-04	5.30e-02	3.98e-01	5.49e-01
 4.01419e+22	1.29e-16	1.18e-11	3.14e-08	5.72e-06	2.15e-04	5.70e-02	4.07e-01	5.35e-01
 4.03630e+22	1.60e-16	1.42e-11	3.68e-08	6.49e-06	2.35e-04	6.01e-02	4.14e-01	5.25e-01
 4.05860e+22	2.13e-16	1.82e-11	4.56e-08	7.73e-06	2.66e-04	6.46e-02	4.24e-01	5.11e-01
 4.08117e+22	2.66e-16	2.20e-11	5.36e-08	8.81e-06	2.93e-04	6.83e-02	4.31e-01	5.00e-01
 4.10407e+22	3.57e-16	2.85e-11	6.67e-08	1.05e-05	3.32e-04	7.35e-02	4.40e-01	4.86e-01
 4.12729e+22	4.49e-16	3.47e-11	7.90e-08	1.21e-05	3.67e-04	7.78e-02	4.48e-01	4.74e-01
 4.14669e+22	5.49e-16	4.13e-11	9.16e-08	1.36e-05	4.00e-04	8.18e-02	4.54e-01	4.64e-01
 4.16766e+22	7.17e-16	5.22e-11	1.12e-07	1.61e-05	4.50e-04	8.75e-02	4.62e-01	4.50e-01
 4.18862e+22	8.77e-16	6.22e-11	1.30e-07	1.82e-05	4.91e-04	9.19e-02	4.68e-01	4.39e-01
 4.20955e+22	1.14e-15	7.84e-11	1.59e-07	2.14e-05	5.53e-04	9.83e-02	4.76e-01	4.25e-01
 4.23082e+22	1.40e-15	9.35e-11	1.85e-07	2.43e-05	6.05e-04	1.03e-01	4.82e-01	4.14e-01
 4.25254e+22	1.83e-15	1.18e-10	2.27e-07	2.88e-05	6.83e-04	1.11e-01	4.89e-01	4.00e-01
 4.27467e+22	2.26e-15	1.43e-10	2.67e-07	3.29e-05	7.52e-04	1.17e-01	4.95e-01	3.88e-01
 4.29734e+22	2.98e-15	1.81e-10	3.29e-07	3.92e-05	8.53e-04	1.25e-01	5.02e-01	3.72e-01
 4.32055e+22	3.70e-15	2.20e-10	3.90e-07	4.52e-05	9.45e-04	1.32e-01	5.07e-01	3.60e-01
 4.34449e+22	4.90e-15	2.82e-10	4.85e-07	5.43e-05	1.08e-03	1.42e-01	5.13e-01	3.44e-01
 4.36868e+22	6.08e-15	3.41e-10	5.74e-07	6.27e-05	1.20e-03	1.50e-01	5.18e-01	3.31e-01
 4.39271e+22	7.94e-15	4.33e-10	7.10e-07	7.51e-05	1.37e-03	1.61e-01	5.23e-01	3.15e-01
 4.41696e+22	9.81e-15	5.23e-10	8.40e-07	8.68e-05	1.52e-03	1.70e-01	5.26e-01	3.02e-01
 4.44059e+22	1.25e-14	6.50e-10	1.02e-06	1.03e-04	1.72e-03	1.81e-01	5.30e-01	2.88e-01
 4.46392e+22	1.52e-14	7.76e-10	1.20e-06	1.18e-04	1.90e-03	1.91e-01	5.32e-01	2.76e-01
 4.48446e+22	1.82e-14	9.13e-10	1.39e-06	1.34e-04	2.08e-03	2.00e-01	5.33e-01	2.65e-01
 4.50667e+22	2.25e-14	1.11e-09	1.66e-06	1.57e-04	2.34e-03	2.12e-01	5.35e-01	2.51e-01
 4.52858e+22	2.66e-14	1.29e-09	1.90e-06	1.77e-04	2.56e-03	2.21e-01	5.35e-01	2.41e-01
 4.55076e+22	3.27e-14	1.56e-09	2.26e-06	2.07e-04	2.87e-03	2.34e-01	5.35e-01	2.28e-01
 4.57290e+22	3.82e-14	1.80e-09	2.58e-06	2.32e-04	3.12e-03	2.44e-01	5.34e-01	2.18e-01
 4.59510e+22	4.64e-14	2.15e-09	3.05e-06	2.70e-04	3.49e-03	2.58e-01	5.33e-01	2.06e-01
 4.61733e+22	5.37e-14	2.46e-09	3.46e-06	3.02e-04	3.80e-03	2.68e-01	5.31e-01	1.97e-01
 4.63958e+22	6.46e-14	2.92e-09	4.07e-06	3.49e-04	4.23e-03	2.82e-01	5.28e-01	1.85e-01
 4.66193e+22	7.43e-14	3.33e-09	4.59e-06	3.89e-04	4.59e-03	2.93e-01	5.26e-01	1.77e-01
 4.68440e+22	8.84e-14	3.92e-09	5.36e-06	4.48e-04	5.10e-03	3.07e-01	5.22e-01	1.66e-01
 4.70702e+22	1.01e-13	4.45e-09	6.03e-06	4.98e-04	5.52e-03	3.18e-01	5.18e-01	1.58e-01
 4.72985e+22	1.20e-13	5.21e-09	7.01e-06	5.71e-04	6.11e-03	3.33e-01	5.13e-01	1.48e-01
 4.75297e+22	1.36e-13	5.89e-09	7.88e-06	6.34e-04	6.62e-03	3.44e-01	5.08e-01	1.40e-01
 4.77648e+22	1.60e-13	6.87e-09	9.13e-06	7.26e-04	7.33e-03	3.60e-01	5.01e-01	1.31e-01
 4.80034e+22	1.82e-13	7.77e-09	1.03e-05	8.06e-04	7.92e-03	3.72e-01	4.96e-01	1.24e-01
 4.82467e+22	2.14e-13	9.04e-09	1.19e-05	9.22e-04	8.77e-03	3.88e-01	4.88e-01	1.15e-01
 4.84949e+22	2.43e-13	1.02e-08	1.33e-05	1.02e-03	9.48e-03	4.00e-01	4.81e-01	1.09e-01
 4.87498e+22	2.85e-13	1.19e-08	1.55e-05	1.17e-03	1.05e-02	4.16e-01	4.72e-01	1.00e-01
 4.90073e+22	3.24e-13	1.34e-08	1.73e-05	1.30e-03	1.13e-02	4.29e-01	4.64e-01	9.45e-02
 4.92260e+22	3.63e-13	1.50e-08	1.93e-05	1.42e-03	1.22e-02	4.40e-01	4.57e-01	8.91e-02
 4.94682e+22	4.19e-13	1.72e-08	2.20e-05	1.61e-03	1.33e-02	4.56e-01	4.47e-01	8.25e-02
 4.97008e+22	4.64e-13	1.89e-08	2.41e-05	1.74e-03	1.41e-02	4.66e-01	4.40e-01	7.83e-02
 4.99209e+22	5.26e-13	2.14e-08	2.72e-05	1.94e-03	1.53e-02	4.79e-01	4.31e-01	7.29e-02
 5.01439e+22	5.82e-13	2.36e-08	2.98e-05	2.10e-03	1.63e-02	4.89e-01	4.23e-01	6.89e-02
 5.03707e+22	6.58e-13	2.66e-08	3.35e-05	2.33e-03	1.76e-02	5.03e-01	4.13e-01	6.40e-02
 5.05988e+22	7.31e-13	2.93e-08	3.68e-05	2.53e-03	1.87e-02	5.13e-01	4.05e-01	6.04e-02
 5.08286e+22	8.25e-13	3.30e-08	4.13e-05	2.80e-03	2.02e-02	5.26e-01	3.95e-01	5.59e-02
 5.10613e+22	9.16e-13	3.64e-08	4.54e-05	3.04e-03	2.14e-02	5.36e-01	3.87e-01	5.27e-02
 5.12977e+22	1.04e-12	4.11e-08	5.11e-05	3.36e-03	2.32e-02	5.49e-01	3.76e-01	4.86e-02
 5.15377e+22	1.15e-12	4.54e-08	5.61e-05	3.64e-03	2.45e-02	5.59e-01	3.68e-01	4.57e-02
 5.17822e+22	1.31e-12	5.13e-08	6.33e-05	4.04e-03	2.65e-02	5.71e-01	3.56e-01	4.20e-02
 5.20310e+22	1.46e-12	5.69e-08	6.98e-05	4.38e-03	2.81e-02	5.81e-01	3.47e-01	3.93e-02
 5.22854e+22	1.66e-12	6.44e-08	7.89e-05	4.86e-03	3.04e-02	5.93e-01	3.36e-01	3.60e-02
 5.25453e+22	1.86e-12	7.19e-08	8.73e-05	5.27e-03	3.22e-02	6.02e-01	3.27e-01	3.36e-02
 5.28123e+22	2.12e-12	8.15e-08	9.90e-05	5.86e-03	3.49e-02	6.14e-01	3.14e-01	3.05e-02
 5.30806e+22	2.38e-12	9.08e-08	1.10e-04	6.35e-03	3.69e-02	6.23e-01	3.05e-01	2.84e-02
 5.33505e+22	2.71e-12	1.03e-07	1.24e-04	7.05e-03	3.99e-02	6.34e-01	2.93e-01	2.57e-02
 5.36244e+22	3.05e-12	1.16e-07	1.38e-04	7.64e-03	4.22e-02	6.42e-01	2.84e-01	2.39e-02
 5.39033e+22	3.50e-12	1.32e-07	1.57e-04	8.48e-03	4.55e-02	6.52e-01	2.72e-01	2.16e-02
 5.41745e+22	3.93e-12	1.47e-07	1.73e-04	9.13e-03	4.79e-02	6.59e-01	2.64e-01	2.01e-02
 5.44358e+22	4.44e-12	1.66e-07	1.95e-04	1.00e-02	5.14e-02	6.67e-01	2.53e-01	1.82e-02
 5.46837e+22	4.91e-12	1.82e-07	2.12e-04	1.07e-02	5.37e-02	6.72e-01	2.46e-01	1.71e-02
 5.49141e+22	5.53e-12	2.03e-07	2.36e-04	1.16e-02	5.68e-02	6.79e-01	2.37e-01	1.57e-02
 5.51557e+22	6.15e-12	2.25e-07	2.59e-04	1.24e-02	5.97e-02	6.84e-01	2.29e-01	1.46e-02
 5.53766e+22	6.78e-12	2.47e-07	2.83e-04	1.33e-02	6.26e-02	6.88e-01	2.22e-01	1.36e-02
 5.56284e+22	7.74e-12	2.79e-07	3.18e-04	1.45e-02	6.64e-02	6.94e-01	2.13e-01	1.24e-02
 5.58848e+22	8.61e-12	3.09e-07	3.50e-04	1.55e-02	6.97e-02	6.98e-01	2.05e-01	1.15e-02
 5.61470e+22	9.88e-12	3.51e-07	3.94e-04	1.70e-02	7.39e-02	7.03e-01	1.96e-01	1.04e-02
 5.64142e+22	1.11e-11	3.91e-07	4.36e-04	1.82e-02	7.76e-02	7.06e-01	1.88e-01	9.58e-03
 5.66878e+22	1.28e-11	4.47e-07	4.93e-04	1.99e-02	8.24e-02	7.09e-01	1.79e-01	8.64e-03
 5.69672e+22	1.44e-11	5.00e-07	5.47e-04	2.14e-02	8.65e-02	7.12e-01	1.72e-01	7.92e-03
 5.72160e+22	1.63e-11	5.59e-07	6.06e-04	2.30e-02	9.07e-02	7.13e-01	1.65e-01	7.28e-03
 5.75014e+22	1.90e-11	6.44e-07	6.89e-04	2.51e-02	9.61e-02	7.15e-01	1.56e-01	6.53e-03
 5.77910e+22	2.16e-11	7.24e-07	7.66e-04	2.71e-02	1.01e-01	7.16e-01	1.50e-01	5.96e-03
 5.80473e+22	2.45e-11	8.12e-07	8.51e-04	2.90e-02	1.06e-01	7.16e-01	1.43e-01	5.45e-03
 5.83418e+22	2.88e-11	9.42e-07	9.72e-04	3.18e-02	1.12e-01	7.16e-01	1.35e-01	4.86e-03
 5.86415e+22	3.30e-11	1.06e-06	1.08e-03	3.42e-02	1.17e-01	7.15e-01	1.29e-01	4.42e-03
 5.89478e+22	3.92e-11	1.24e-06	1.24e-03	3.75e-02	1.24e-01	7.13e-01	1.21e-01	3.92e-03
 5.92585e+22	4.52e-11	1.41e-06	1.39e-03	4.04e-02	1.30e-01	7.10e-01	1.15e-01	3.55e-03
 5.95747e+22	5.41e-11	1.66e-06	1.60e-03	4.42e-02	1.37e-01	7.07e-01	1.08e-01	3.13e-03
 5.98990e+22	6.27e-11	1.89e-06	1.81e-03	4.78e-02	1.44e-01	7.03e-01	1.01e-01	2.80e-03
 6.01834e+22	7.28e-11	2.16e-06	2.02e-03	5.14e-02	1.50e-01	6.98e-01	9.61e-02	2.53e-03
 6.05028e+22	8.77e-11	2.54e-06	2.32e-03	5.62e-02	1.57e-01	6.92e-01	8.98e-02	2.23e-03
 6.08405e+22	1.04e-10	2.95e-06	2.63e-03	6.09e-02	1.65e-01	6.86e-01	8.41e-02	1.98e-03
 6.11490e+22	1.22e-10	3.39e-06	2.97e-03	6.56e-02	1.72e-01	6.79e-01	7.91e-02	1.77e-03
 6.14240e+22	1.39e-10	3.81e-06	3.29e-03	6.99e-02	1.78e-01	6.72e-01	7.49e-02	1.60e-03
 6.16674e+22	1.58e-10	4.25e-06	3.59e-03	7.39e-02	1.83e-01	6.66e-01	7.14e-02	1.47e-03
 6.19426e+22	1.85e-10	4.87e-06	4.04e-03	7.94e-02	1.91e-01	6.58e-01	6.69e-02	1.31e-03
 6.22330e+22	2.15e-10	5.54e-06	4.49e-03	8.47e-02	1.97e-01	6.50e-01	6.32e-02	1.18e-03
 6.25431e+22	2.60e-10	6.52e-06	5.14e-03	9.20e-02	2.05e-01	6.38e-01	5.84e-02	1.03e-03
 6.28536e+22	3.01e-10	7.40e-06	5.70e-03	9.79e-02	2.12e-01	6.29e-01	5.49e-02	9.22e-04
 6.31646e+22	3.63e-10	8.68e-06	6.50e-03	1.06e-01	2.20e-01	6.16e-01	5.07e-02	8.04e-04
 6.34791e+22	4.24e-10	9.90e-06	7.23e-03	1.13e-01	2.27e-01	6.05e-01	4.75e-02	7.18e-04
 6.37562e+22	4.93e-10	1.12e-05	8.00e-03	1.20e-01	2.33e-01	5.94e-01	4.45e-02	6.43e-04
 6.40743e+22	5.98e-10	1.32e-05	9.13e-03	1.29e-01	2.41e-01	5.79e-01	4.08e-02	5.55e-04
 6.43976e+22	7.01e-10	1.51e-05	1.01e-02	1.37e-01	2.48e-01	5.66e-01	3.80e-02	4.93e-04
 6.47278e+22	8.58e-10	1.79e-05	1.16e-02	1.48e-01	2.56e-01	5.49e-01	3.47e-02	4.22e-04
 6.50626e+22	1.01e-09	2.05e-05	1.29e-02	1.57e-01	2.62e-01	5.35e-01	3.21e-02	3.71e-04
 6.54034e+22	1.25e-09	2.43e-05	1.47e-02	1.69e-01	2.70e-01	5.17e-01	2.91e-02	3.16e-04
 6.57538e+22	1.49e-09	2.81e-05	1.65e-02	1.80e-01	2.76e-01	5.00e-01	2.66e-02	2.74e-04
 6.60642e+22	1.76e-09	3.23e-05	1.84e-02	1.91e-01	2.81e-01	4.85e-01	2.45e-02	2.39e-04
 6.64153e+22	2.18e-09	3.84e-05	2.10e-02	2.05e-01	2.88e-01	4.65e-01	2.20e-02	2.01e-04
 6.67761e+22	2.62e-09	4.45e-05	2.35e-02	2.17e-01	2.93e-01	4.46e-01	1.99e-02	1.72e-04
 6.70949e+22	3.11e-09	5.12e-05	2.60e-02	2.29e-01	2.97e-01	4.30e-01	1.82e-02	1.49e-04
 6.74548e+22	3.87e-09	6.10e-05	2.96e-02	2.45e-01	3.01e-01	4.08e-01	1.61e-02	1.24e-04
 6.78254e+22	4.68e-09	7.09e-05	3.31e-02	2.58e-01	3.05e-01	3.89e-01	1.45e-02	1.05e-04
 6.81542e+22	5.59e-09	8.16e-05	3.67e-02	2.71e-01	3.07e-01	3.72e-01	1.31e-02	8.95e-05
 6.85258e+22	7.02e-09	9.76e-05	4.17e-02	2.88e-01	3.09e-01	3.49e-01	1.14e-02	7.29e-05
 6.89062e+22	8.49e-09	1.13e-04	4.63e-02	3.03e-01	3.10e-01	3.30e-01	1.02e-02	6.12e-05
 6.92981e+22	1.08e-08	1.36e-04	5.27e-02	3.21e-01	3.10e-01	3.07e-01	8.77e-03	4.89e-05
 6.96952e+22	1.31e-08	1.59e-04	5.86e-02	3.36e-01	3.10e-01	2.88e-01	7.72e-03	4.04e-05
 7.00992e+22	1.67e-08	1.91e-04	6.64e-02	3.54e-01	3.07e-01	2.66e-01	6.59e-03	3.21e-05
 7.05137e+22	2.06e-08	2.24e-04	7.38e-02	3.69e-01	3.05e-01	2.47e-01	5.71e-03	2.60e-05
 7.08805e+22	2.50e-08	2.59e-04	8.14e-02	3.83e-01	3.01e-01	2.29e-01	4.98e-03	2.13e-05
 7.12963e+22	3.21e-08	3.13e-04	9.19e-02	4.00e-01	2.95e-01	2.08e-01	4.17e-03	1.64e-05
 7.17246e+22	3.97e-08	3.65e-04	1.02e-01	4.14e-01	2.89e-01	1.91e-01	3.56e-03	1.31e-05
 7.21067e+22	4.85e-08	4.24e-04	1.11e-01	4.27e-01	2.83e-01	1.75e-01	3.05e-03	1.05e-05
 7.25410e+22	6.27e-08	5.11e-04	1.25e-01	4.42e-01	2.74e-01	1.56e-01	2.50e-03	7.94e-06
 7.29798e+22	7.71e-08	5.94e-04	1.37e-01	4.53e-01	2.65e-01	1.42e-01	2.12e-03	6.26e-06
 7.33652e+22	9.43e-08	6.87e-04	1.49e-01	4.63e-01	2.57e-01	1.29e-01	1.79e-03	4.94e-06
 7.37225e+22	1.12e-07	7.76e-04	1.60e-01	4.71e-01	2.49e-01	1.18e-01	1.55e-03	4.03e-06
 7.41028e+22	1.39e-07	9.04e-04	1.75e-01	4.79e-01	2.38e-01	1.05e-01	1.28e-03	3.11e-06
 7.44897e+22	1.66e-07	1.03e-03	1.88e-01	4.85e-01	2.29e-01	9.56e-02	1.09e-03	2.48e-06
 7.48293e+22	1.97e-07	1.16e-03	2.01e-01	4.90e-01	2.20e-01	8.70e-02	9.32e-04	2.00e-06
 7.52150e+22	2.45e-07	1.34e-03	2.18e-01	4.95e-01	2.09e-01	7.68e-02	7.61e-04	1.51e-06
 7.56082e+22	2.92e-07	1.52e-03	2.32e-01	4.97e-01	1.99e-01	6.90e-02	6.40e-04	1.19e-06
 7.60112e+22	3.63e-07	1.76e-03	2.51e-01	4.99e-01	1.87e-01	6.04e-02	5.17e-04	8.92e-07
 7.64234e+22	4.38e-07	2.00e-03	2.68e-01	4.99e-01	1.77e-01	5.36e-02	4.26e-04	6.86e-07
 7.67843e+22	5.20e-07	2.24e-03	2.83e-01	4.98e-01	1.68e-01	4.79e-02	3.58e-04	5.40e-07
 7.71359e+22	6.15e-07	2.51e-03	2.99e-01	4.96e-01	1.59e-01	4.28e-02	2.99e-04	4.25e-07
 7.74713e+22	7.18e-07	2.79e-03	3.14e-01	4.94e-01	1.50e-01	3.85e-02	2.53e-04	3.39e-07
 7.78398e+22	8.68e-07	3.16e-03	3.33e-01	4.90e-01	1.40e-01	3.37e-02	2.06e-04	2.56e-07
 7.82122e+22	1.02e-06	3.51e-03	3.49e-01	4.85e-01	1.32e-01	3.01e-02	1.72e-04	2.01e-07
 7.85367e+22	1.18e-06	3.87e-03	3.65e-01	4.80e-01	1.25e-01	2.69e-02	1.45e-04	1.60e-07
 7.89055e+22	1.43e-06	4.38e-03	3.84e-01	4.73e-01	1.15e-01	2.34e-02	1.16e-04	0.00e+00
 7.92805e+22	1.67e-06	4.84e-03	4.01e-01	4.66e-01	1.08e-01	2.07e-02	9.64e-05	0.00e+00
 7.96112e+22	1.93e-06	5.33e-03	4.17e-01	4.58e-01	1.01e-01	1.84e-02	8.06e-05	0.00e+00
 7.99883e+22	2.34e-06	6.02e-03	4.37e-01	4.48e-01	9.26e-02	1.58e-02	6.38e-05	0.00e+00
 8.03695e+22	2.71e-06	6.62e-03	4.54e-01	4.39e-01	8.62e-02	1.40e-02	5.27e-05	0.00e+00
 8.07560e+22	3.27e-06	7.46e-03	4.75e-01	4.27e-01	7.86e-02	1.19e-02	4.14e-05	0.00e+00
 8.11476e+22	3.81e-06	8.21e-03	4.92e-01	4.17e-01	7.27e-02	1.04e-02	3.38e-05	0.00e+00
 8.15459e+22	4.61e-06	9.26e-03	5.13e-01	4.04e-01	6.57e-02	8.81e-03	2.62e-05	0.00e+00
 8.19479e+22	5.38e-06	1.02e-02	5.30e-01	3.92e-01	6.04e-02	7.66e-03	2.12e-05	0.00e+00
 8.23545e+22	6.50e-06	1.15e-02	5.51e-01	3.77e-01	5.42e-02	6.43e-03	1.63e-05	0.00e+00
 8.27667e+22	7.60e-06	1.26e-02	5.68e-01	3.65e-01	4.94e-02	5.55e-03	1.30e-05	0.00e+00
 8.31859e+22	9.19e-06	1.42e-02	5.88e-01	3.49e-01	4.40e-02	4.62e-03	9.89e-06	0.00e+00
 8.36119e+22	1.08e-05	1.56e-02	6.05e-01	3.35e-01	3.99e-02	3.95e-03	7.83e-06	0.00e+00
 8.40467e+22	1.31e-05	1.76e-02	6.25e-01	3.19e-01	3.52e-02	3.25e-03	5.85e-06	0.00e+00
 8.44892e+22	1.53e-05	1.94e-02	6.42e-01	3.04e-01	3.15e-02	2.75e-03	4.56e-06	0.00e+00
 8.49418e+22	1.87e-05	2.19e-02	6.62e-01	2.87e-01	2.75e-02	2.24e-03	3.35e-06	0.00e+00
 8.53940e+22	2.19e-05	2.40e-02	6.77e-01	2.72e-01	2.45e-02	1.89e-03	2.60e-06	0.00e+00
 8.58459e+22	2.66e-05	2.70e-02	6.96e-01	2.55e-01	2.12e-02	1.52e-03	1.89e-06	0.00e+00
 8.63033e+22	3.12e-05	2.97e-02	7.10e-01	2.40e-01	1.88e-02	1.27e-03	1.45e-06	0.00e+00
 8.66515e+22	3.49e-05	3.17e-02	7.20e-01	2.30e-01	1.72e-02	1.12e-03	1.20e-06	0.00e+00
 8.69878e+22	4.06e-05	3.47e-02	7.32e-01	2.17e-01	1.53e-02	9.47e-04	9.37e-07	0.00e+00
 8.73240e+22	4.53e-05	3.70e-02	7.41e-01	2.07e-01	1.40e-02	8.32e-04	7.75e-07	0.00e+00
 8.76600e+22	5.26e-05	4.04e-02	7.52e-01	1.95e-01	1.24e-02	7.02e-04	6.04e-07	0.00e+00
 8.79985e+22	5.92e-05	4.33e-02	7.60e-01	1.85e-01	1.12e-02	6.10e-04	4.93e-07	0.00e+00
 8.83404e+22	6.91e-05	4.76e-02	7.70e-01	1.72e-01	9.87e-03	5.09e-04	3.79e-07	0.00e+00
 8.86802e+22	7.76e-05	5.09e-02	7.77e-01	1.63e-01	8.92e-03	4.43e-04	3.09e-07	0.00e+00
 8.90174e+22	9.07e-05	5.58e-02	7.85e-01	1.51e-01	7.84e-03	3.69e-04	2.37e-07	0.00e+00
 8.93567e+22	1.03e-04	6.02e-02	7.91e-01	1.42e-01	7.02e-03	3.17e-04	1.91e-07	0.00e+00
 8.96989e+22	1.21e-04	6.62e-02	7.97e-01	1.31e-01	6.15e-03	2.63e-04	1.45e-07	0.00e+00
 9.00432e+22	1.38e-04	7.17e-02	8.01e-01	1.21e-01	5.46e-03	2.23e-04	0.00e+00	0.00e+00
 9.03406e+22	1.57e-04	7.74e-02	8.04e-01	1.13e-01	4.89e-03	1.91e-04	0.00e+00	0.00e+00
 9.06775e+22	1.87e-04	8.56e-02	8.07e-01	1.03e-01	4.24e-03	1.56e-04	0.00e+00	0.00e+00
 9.10123e+22	2.16e-04	9.32e-02	8.08e-01	9.49e-02	3.76e-03	1.32e-04	0.00e+00	0.00e+00
 9.12935e+22	2.47e-04	1.01e-01	8.08e-01	8.78e-02	3.36e-03	1.12e-04	0.00e+00	0.00e+00
 9.16085e+22	2.93e-04	1.12e-01	8.06e-01	7.95e-02	2.92e-03	9.13e-05	0.00e+00	0.00e+00
 9.19261e+22	3.42e-04	1.22e-01	8.02e-01	7.27e-02	2.59e-03	7.64e-05	0.00e+00	0.00e+00
 9.21916e+22	3.95e-04	1.33e-01	7.98e-01	6.68e-02	2.31e-03	6.47e-05	0.00e+00	0.00e+00
 9.24402e+22	4.54e-04	1.44e-01	7.92e-01	6.15e-02	2.08e-03	5.51e-05	0.00e+00	0.00e+00
 9.25665e+22	4.84e-04	1.50e-01	7.88e-01	6.02e-02	2.03e-03	5.33e-05	0.00e+00	0.00e+00
