#depth	Cl	Cl+	Cl+2	Cl+3	Cl+4	Cl+5	Cl+6	Cl+7	Cl+8	Cl+9	Cl+10	Cl+11	Cl+12	Cl+13	Cl+14	Cl+15	Cl+16	Cl+17
 1.54284e+22	0.00e+00	0.00e+00	0.00e+00	2.55e-24	3.38e-21	2.81e-18	1.25e-15	1.56e-12	2.60e-10	1.90e-08	6.59e-07	1.40e-05	1.73e-04	1.37e-03	1.20e-02	1.96e-01	4.54e-01	3.37e-01
 3.55664e+22	0.00e+00	4.51e-30	4.94e-26	1.67e-22	1.52e-19	8.55e-17	4.23e-14	4.03e-11	4.95e-09	2.62e-07	6.48e-06	9.78e-05	8.35e-04	4.41e-03	2.60e-02	2.89e-01	4.52e-01	2.27e-01
 4.26309e+22	0.00e+00	6.68e-29	6.19e-25	1.75e-21	1.30e-18	5.94e-16	2.36e-13	2.01e-10	2.14e-08	9.69e-07	2.02e-05	2.57e-04	1.82e-03	7.78e-03	3.73e-02	3.40e-01	4.34e-01	1.78e-01
 4.61631e+22	0.00e+00	2.64e-28	2.22e-24	5.72e-21	3.82e-18	1.57e-15	5.57e-13	4.50e-10	4.46e-08	1.87e-06	3.58e-05	4.17e-04	2.68e-03	1.03e-02	4.44e-02	3.66e-01	4.20e-01	1.56e-01
 4.76696e+22	0.00e+00	3.97e-28	3.25e-24	8.13e-21	5.26e-18	2.09e-15	7.16e-13	5.70e-10	5.54e-08	2.27e-06	4.24e-05	4.82e-04	3.00e-03	1.12e-02	4.67e-02	3.74e-01	4.16e-01	1.49e-01
 4.84265e+22	0.00e+00	6.42e-28	5.08e-24	1.23e-20	7.66e-18	2.93e-15	9.65e-13	7.54e-10	7.15e-08	2.86e-06	5.18e-05	5.70e-04	3.43e-03	1.23e-02	4.95e-02	3.82e-01	4.10e-01	1.42e-01
 4.92671e+22	0.00e+00	1.04e-27	7.97e-24	1.86e-20	1.12e-17	4.11e-15	1.30e-12	9.98e-10	9.24e-08	3.59e-06	6.32e-05	6.75e-04	3.93e-03	1.35e-02	5.24e-02	3.91e-01	4.04e-01	1.35e-01
 5.00829e+22	0.00e+00	1.66e-27	1.23e-23	2.78e-20	1.61e-17	5.69e-15	1.72e-12	1.31e-09	1.18e-07	4.48e-06	7.66e-05	7.93e-04	4.46e-03	1.48e-02	5.53e-02	3.99e-01	3.98e-01	1.28e-01
 5.10100e+22	0.00e+00	3.07e-27	2.17e-23	4.71e-20	2.59e-17	8.72e-15	2.50e-12	1.86e-09	1.64e-07	6.00e-06	9.86e-05	9.82e-04	5.29e-03	1.67e-02	5.94e-02	4.09e-01	3.89e-01	1.20e-01
 5.18894e+22	0.00e+00	4.67e-27	3.21e-23	6.76e-20	3.59e-17	1.17e-14	3.23e-12	2.37e-09	2.04e-07	7.32e-06	1.17e-04	1.14e-03	5.93e-03	1.81e-02	6.23e-02	4.16e-01	3.83e-01	1.14e-01
 5.27069e+22	0.00e+00	8.20e-27	5.41e-23	1.09e-19	5.53e-17	1.71e-14	4.51e-12	3.25e-09	2.74e-07	9.53e-06	1.47e-04	1.38e-03	6.92e-03	2.02e-02	6.63e-02	4.25e-01	3.74e-01	1.07e-01
 5.35214e+22	0.00e+00	1.24e-26	7.96e-23	1.56e-19	7.64e-17	2.28e-14	5.79e-12	4.12e-09	3.41e-07	1.16e-05	1.75e-04	1.59e-03	7.74e-03	2.18e-02	6.93e-02	4.31e-01	3.67e-01	1.01e-01
 5.41960e+22	0.00e+00	1.81e-26	1.13e-22	2.16e-19	1.02e-16	2.96e-14	7.26e-12	5.12e-09	4.16e-07	1.39e-05	2.04e-04	1.81e-03	8.56e-03	2.34e-02	7.22e-02	4.36e-01	3.61e-01	9.68e-02
 5.49371e+22	0.00e+00	3.01e-26	1.81e-22	3.32e-19	1.51e-16	4.17e-14	9.76e-12	6.80e-09	5.41e-07	1.76e-05	2.50e-04	2.15e-03	9.81e-03	2.57e-02	7.61e-02	4.43e-01	3.52e-01	9.09e-02
 5.56199e+22	0.00e+00	4.26e-26	2.49e-22	4.45e-19	1.96e-16	5.26e-14	1.19e-11	8.24e-09	6.47e-07	2.06e-05	2.88e-04	2.42e-03	1.08e-02	2.74e-02	7.88e-02	4.47e-01	3.46e-01	8.69e-02
 5.61402e+22	0.00e+00	5.90e-26	3.37e-22	5.86e-19	2.51e-16	6.54e-14	1.44e-11	9.88e-09	7.65e-07	2.40e-05	3.28e-04	2.70e-03	1.17e-02	2.91e-02	8.14e-02	4.51e-01	3.40e-01	8.33e-02
 5.67296e+22	0.00e+00	8.59e-26	4.77e-22	8.08e-19	3.35e-16	8.43e-14	1.79e-11	1.22e-08	9.30e-07	2.86e-05	3.81e-04	3.07e-03	1.29e-02	3.11e-02	8.45e-02	4.55e-01	3.33e-01	7.93e-02
 5.73331e+22	0.00e+00	1.20e-25	6.51e-22	1.07e-18	4.32e-16	1.05e-13	2.17e-11	1.47e-08	1.11e-06	3.34e-05	4.36e-04	3.43e-03	1.41e-02	3.30e-02	8.73e-02	4.59e-01	3.27e-01	7.58e-02
 5.78538e+22	0.00e+00	1.65e-25	8.71e-22	1.40e-18	5.48e-16	1.30e-13	2.60e-11	1.75e-08	1.30e-06	3.87e-05	4.95e-04	3.82e-03	1.53e-02	3.49e-02	8.99e-02	4.62e-01	3.21e-01	7.26e-02
 5.84295e+22	0.00e+00	2.43e-25	1.25e-21	1.95e-18	7.36e-16	1.68e-13	3.24e-11	2.17e-08	1.59e-06	4.63e-05	5.78e-04	4.34e-03	1.70e-02	3.74e-02	9.32e-02	4.65e-01	3.14e-01	6.87e-02
 5.89908e+22	0.00e+00	3.33e-25	1.66e-21	2.53e-18	9.29e-16	2.06e-13	3.85e-11	2.57e-08	1.86e-06	5.34e-05	6.55e-04	4.82e-03	1.84e-02	3.95e-02	9.59e-02	4.67e-01	3.08e-01	6.58e-02
 5.94477e+22	0.00e+00	4.48e-25	2.19e-21	3.25e-18	1.16e-15	2.50e-13	4.53e-11	3.02e-08	2.16e-06	6.12e-05	7.36e-04	5.32e-03	1.98e-02	4.15e-02	9.85e-02	4.69e-01	3.02e-01	6.30e-02
 5.98886e+22	0.00e+00	5.92e-25	2.83e-21	4.11e-18	1.43e-15	3.00e-13	5.29e-11	3.51e-08	2.49e-06	6.96e-05	8.22e-04	5.83e-03	2.13e-02	4.35e-02	1.01e-01	4.71e-01	2.96e-01	6.05e-02
 6.03941e+22	0.00e+00	8.44e-25	3.92e-21	5.53e-18	1.86e-15	3.77e-13	6.42e-11	4.24e-08	2.98e-06	8.18e-05	9.45e-04	6.54e-03	2.33e-02	4.62e-02	1.04e-01	4.73e-01	2.89e-01	5.74e-02
 6.09186e+22	0.00e+00	1.14e-24	5.18e-21	7.12e-18	2.33e-15	4.58e-13	7.58e-11	5.00e-08	3.47e-06	9.39e-05	1.06e-03	7.22e-03	2.51e-02	4.86e-02	1.06e-01	4.74e-01	2.83e-01	5.48e-02
 6.13950e+22	0.00e+00	1.56e-24	6.90e-21	9.24e-18	2.93e-15	5.59e-13	8.96e-11	5.90e-08	4.05e-06	1.08e-04	1.20e-03	7.99e-03	2.71e-02	5.11e-02	1.09e-01	4.75e-01	2.76e-01	5.23e-02
 6.18375e+22	0.00e+00	2.05e-24	8.88e-21	1.16e-17	3.58e-15	6.65e-13	1.04e-10	6.83e-08	4.65e-06	1.22e-04	1.34e-03	8.73e-03	2.90e-02	5.35e-02	1.12e-01	4.75e-01	2.70e-01	5.01e-02
 6.22471e+22	0.00e+00	2.70e-24	1.14e-20	1.46e-17	4.37e-15	7.89e-13	1.20e-10	7.88e-08	5.32e-06	1.38e-04	1.49e-03	9.53e-03	3.11e-02	5.58e-02	1.14e-01	4.76e-01	2.65e-01	4.79e-02
 6.27181e+22	0.00e+00	3.78e-24	1.56e-20	1.93e-17	5.60e-15	9.77e-13	1.43e-10	9.42e-08	6.30e-06	1.61e-04	1.69e-03	1.06e-02	3.37e-02	5.89e-02	1.17e-01	4.75e-01	2.57e-01	4.54e-02
 6.31988e+22	0.00e+00	5.12e-24	2.05e-20	2.48e-17	6.97e-15	1.18e-12	1.67e-10	1.10e-07	7.31e-06	1.85e-04	1.90e-03	1.17e-02	3.63e-02	6.17e-02	1.19e-01	4.75e-01	2.51e-01	4.32e-02
 6.36118e+22	0.00e+00	6.71e-24	2.63e-20	3.10e-17	8.48e-15	1.39e-12	1.92e-10	1.27e-07	8.35e-06	2.08e-04	2.11e-03	1.27e-02	3.87e-02	6.44e-02	1.21e-01	4.74e-01	2.45e-01	4.13e-02
 6.40686e+22	0.00e+00	9.48e-24	3.61e-20	4.11e-17	1.09e-14	1.72e-12	2.29e-10	1.52e-07	9.90e-06	2.43e-04	2.41e-03	1.42e-02	4.20e-02	6.78e-02	1.24e-01	4.73e-01	2.38e-01	3.89e-02
 6.45380e+22	0.00e+00	1.29e-23	4.77e-20	5.28e-17	1.35e-14	2.07e-12	2.66e-10	1.77e-07	1.15e-05	2.78e-04	2.70e-03	1.56e-02	4.51e-02	7.09e-02	1.26e-01	4.71e-01	2.31e-01	3.69e-02
 6.49511e+22	0.00e+00	1.71e-23	6.18e-20	6.66e-17	1.65e-14	2.45e-12	3.06e-10	2.05e-07	1.32e-05	3.15e-04	3.00e-03	1.70e-02	4.81e-02	7.39e-02	1.29e-01	4.69e-01	2.25e-01	3.51e-02
 6.54153e+22	0.00e+00	2.48e-23	8.68e-20	9.02e-17	2.15e-14	3.06e-12	3.67e-10	2.47e-07	1.58e-05	3.70e-04	3.45e-03	1.91e-02	5.24e-02	7.80e-02	1.31e-01	4.66e-01	2.16e-01	3.28e-02
 6.58855e+22	0.00e+00	3.35e-23	1.14e-19	1.15e-16	2.66e-14	3.66e-12	4.24e-10	2.87e-07	1.82e-05	4.23e-04	3.86e-03	2.09e-02	5.61e-02	8.13e-02	1.33e-01	4.63e-01	2.10e-01	3.11e-02
 6.62867e+22	0.00e+00	4.41e-23	1.46e-19	1.44e-16	3.22e-14	4.30e-12	4.84e-10	3.30e-07	2.07e-05	4.76e-04	4.27e-03	2.27e-02	5.96e-02	8.44e-02	1.35e-01	4.60e-01	2.04e-01	2.95e-02
 6.67314e+22	0.00e+00	6.51e-23	2.09e-19	1.97e-16	4.21e-14	5.35e-12	5.77e-10	3.98e-07	2.49e-05	5.62e-04	4.92e-03	2.54e-02	6.49e-02	8.89e-02	1.38e-01	4.55e-01	1.95e-01	2.74e-02
 6.71689e+22	0.00e+00	8.49e-23	2.66e-19	2.44e-16	5.07e-14	6.26e-12	6.55e-10	4.54e-07	2.83e-05	6.31e-04	5.42e-03	2.75e-02	6.88e-02	9.20e-02	1.39e-01	4.51e-01	1.89e-01	2.60e-02
 6.75971e+22	0.00e+00	1.24e-22	3.74e-19	3.29e-16	6.55e-14	7.72e-12	7.74e-10	5.44e-07	3.37e-05	7.40e-04	6.21e-03	3.07e-02	7.45e-02	9.65e-02	1.41e-01	4.45e-01	1.81e-01	2.41e-02
 6.80180e+22	0.00e+00	1.60e-22	4.71e-19	4.04e-16	7.82e-14	8.94e-12	8.72e-10	6.17e-07	3.79e-05	8.24e-04	6.80e-03	3.30e-02	7.85e-02	9.95e-02	1.42e-01	4.41e-01	1.75e-01	2.29e-02
 6.84293e+22	0.00e+00	2.34e-22	6.64e-19	5.47e-16	1.01e-13	1.10e-11	1.02e-09	7.37e-07	4.52e-05	9.67e-04	7.79e-03	3.68e-02	8.49e-02	1.04e-01	1.44e-01	4.33e-01	1.67e-01	2.11e-02
 6.88365e+22	0.00e+00	3.01e-22	8.34e-19	6.69e-16	1.20e-13	1.27e-11	1.15e-09	8.33e-07	5.08e-05	1.07e-03	8.51e-03	3.94e-02	8.93e-02	1.07e-01	1.45e-01	4.28e-01	1.62e-01	2.00e-02
 6.92385e+22	0.00e+00	4.41e-22	1.18e-18	9.02e-16	1.54e-13	1.55e-11	1.34e-09	9.91e-07	6.02e-05	1.26e-03	9.71e-03	4.38e-02	9.63e-02	1.12e-01	1.46e-01	4.20e-01	1.53e-01	1.84e-02
 6.96424e+22	0.00e+00	5.78e-22	1.50e-18	1.12e-15	1.85e-13	1.80e-11	1.51e-09	1.13e-06	6.81e-05	1.40e-03	1.07e-02	4.71e-02	1.01e-01	1.15e-01	1.47e-01	4.13e-01	1.47e-01	1.73e-02
 7.00488e+22	0.00e+00	8.47e-22	2.11e-18	1.51e-15	2.37e-13	2.19e-11	1.76e-09	1.34e-06	8.07e-05	1.64e-03	1.21e-02	5.21e-02	1.09e-01	1.19e-01	1.47e-01	4.03e-01	1.39e-01	1.58e-02
 7.04623e+22	0.00e+00	1.13e-21	2.74e-18	1.89e-15	2.87e-13	2.56e-11	1.98e-09	1.53e-06	9.17e-05	1.84e-03	1.34e-02	5.62e-02	1.15e-01	1.23e-01	1.47e-01	3.95e-01	1.33e-01	1.48e-02
 7.08849e+22	0.00e+00	1.66e-21	3.87e-18	2.55e-15	3.69e-13	3.12e-11	2.31e-09	1.81e-06	1.08e-04	2.15e-03	1.52e-02	6.20e-02	1.23e-01	1.27e-01	1.47e-01	3.84e-01	1.25e-01	1.34e-02
 7.13039e+22	0.00e+00	2.23e-21	5.04e-18	3.20e-15	4.47e-13	3.63e-11	2.59e-09	2.07e-06	1.23e-04	2.41e-03	1.67e-02	6.68e-02	1.29e-01	1.30e-01	1.47e-01	3.76e-01	1.19e-01	1.25e-02
 7.17184e+22	0.00e+00	3.28e-21	7.11e-18	4.31e-15	5.72e-13	4.42e-11	3.01e-09	2.44e-06	1.45e-04	2.80e-03	1.89e-02	7.33e-02	1.38e-01	1.34e-01	1.46e-01	3.63e-01	1.12e-01	1.13e-02
 7.21388e+22	0.00e+00	4.45e-21	9.35e-18	5.46e-15	6.96e-13	5.16e-11	3.38e-09	2.79e-06	1.65e-04	3.14e-03	2.08e-02	7.89e-02	1.45e-01	1.37e-01	1.46e-01	3.53e-01	1.06e-01	1.04e-02
 7.25669e+22	0.00e+00	6.64e-21	1.34e-17	7.41e-15	8.97e-13	6.29e-11	3.93e-09	3.30e-06	1.95e-04	3.65e-03	2.35e-02	8.65e-02	1.54e-01	1.41e-01	1.44e-01	3.40e-01	9.80e-02	9.33e-03
 7.29999e+22	0.00e+00	9.08e-21	1.77e-17	9.43e-15	1.09e-12	7.35e-11	4.41e-09	3.77e-06	2.22e-04	4.10e-03	2.59e-02	9.29e-02	1.61e-01	1.44e-01	1.43e-01	3.29e-01	9.22e-02	8.54e-03
 7.34391e+22	0.00e+00	1.37e-20	2.55e-17	1.29e-14	1.42e-12	8.98e-11	5.13e-09	4.46e-06	2.61e-04	4.76e-03	2.92e-02	1.02e-01	1.71e-01	1.47e-01	1.41e-01	3.14e-01	8.49e-02	7.58e-03
 7.38808e+22	0.00e+00	1.87e-20	3.37e-17	1.64e-14	1.73e-12	1.05e-10	5.75e-09	5.07e-06	2.96e-04	5.33e-03	3.20e-02	1.09e-01	1.78e-01	1.49e-01	1.39e-01	3.02e-01	7.94e-02	6.90e-03
 7.42612e+22	0.00e+00	2.55e-20	4.42e-17	2.07e-14	2.09e-12	1.22e-10	6.42e-09	5.73e-06	3.33e-04	5.94e-03	3.49e-02	1.16e-01	1.85e-01	1.51e-01	1.37e-01	2.91e-01	7.43e-02	6.28e-03
 7.46913e+22	0.00e+00	3.76e-20	6.26e-17	2.78e-14	2.67e-12	1.47e-10	7.39e-09	6.68e-06	3.86e-04	6.79e-03	3.89e-02	1.25e-01	1.93e-01	1.53e-01	1.33e-01	2.76e-01	6.81e-02	5.55e-03
 7.51255e+22	0.00e+00	5.11e-20	8.22e-17	3.51e-14	3.23e-12	1.70e-10	8.25e-09	7.52e-06	4.33e-04	7.53e-03	4.22e-02	1.32e-01	2.00e-01	1.54e-01	1.31e-01	2.64e-01	6.34e-02	5.03e-03
 7.55651e+22	0.00e+00	7.61e-20	1.17e-16	4.74e-14	4.13e-12	2.06e-10	9.50e-09	8.73e-06	5.01e-04	8.59e-03	4.69e-02	1.42e-01	2.09e-01	1.55e-01	1.27e-01	2.49e-01	5.76e-02	4.41e-03
 7.60059e+22	0.00e+00	1.02e-19	1.52e-16	5.92e-14	4.97e-12	2.38e-10	1.06e-08	9.75e-06	5.57e-04	9.44e-03	5.05e-02	1.50e-01	2.14e-01	1.55e-01	1.24e-01	2.38e-01	5.35e-02	3.99e-03
 7.64484e+22	0.00e+00	1.51e-19	2.15e-16	7.95e-14	6.33e-12	2.87e-10	1.21e-08	1.12e-05	6.39e-04	1.07e-02	5.57e-02	1.60e-01	2.22e-01	1.55e-01	1.20e-01	2.24e-01	4.84e-02	3.48e-03
 7.68986e+22	0.00e+00	2.03e-19	2.79e-16	9.95e-14	7.62e-12	3.31e-10	1.35e-08	1.25e-05	7.08e-04	1.17e-02	5.98e-02	1.67e-01	2.27e-01	1.55e-01	1.17e-01	2.13e-01	4.48e-02	3.13e-03
 7.73589e+22	0.00e+00	2.99e-19	3.95e-16	1.34e-13	9.72e-12	4.00e-10	1.56e-08	1.44e-05	8.07e-04	1.32e-02	6.56e-02	1.78e-01	2.34e-01	1.55e-01	1.12e-01	1.99e-01	4.03e-02	2.71e-03
 7.78309e+22	0.00e+00	4.04e-19	5.16e-16	1.68e-13	1.17e-11	4.64e-10	1.74e-08	1.60e-05	8.92e-04	1.44e-02	7.02e-02	1.86e-01	2.39e-01	1.54e-01	1.09e-01	1.88e-01	3.71e-02	2.43e-03
 7.83183e+22	0.00e+00	5.97e-19	7.31e-16	2.26e-13	1.50e-11	5.62e-10	2.01e-08	1.83e-05	1.01e-03	1.61e-02	7.66e-02	1.96e-01	2.44e-01	1.52e-01	1.04e-01	1.75e-01	3.31e-02	2.09e-03
 7.88156e+22	3.84e-32	8.10e-19	9.60e-16	2.85e-13	1.82e-11	6.55e-10	2.26e-08	2.03e-05	1.12e-03	1.75e-02	8.18e-02	2.04e-01	2.48e-01	1.50e-01	1.00e-01	1.64e-01	3.03e-02	1.85e-03
 7.93258e+22	5.90e-32	1.20e-18	1.36e-15	3.83e-13	2.33e-11	7.95e-10	2.62e-08	2.32e-05	1.26e-03	1.95e-02	8.88e-02	2.14e-01	2.53e-01	1.48e-01	9.56e-02	1.52e-01	2.69e-02	1.58e-03
 7.98396e+22	8.16e-32	1.61e-18	1.77e-15	4.81e-13	2.82e-11	9.23e-10	2.94e-08	2.56e-05	1.38e-03	2.12e-02	9.43e-02	2.22e-01	2.55e-01	1.46e-01	9.19e-02	1.42e-01	2.45e-02	1.40e-03
 8.03580e+22	1.23e-31	2.35e-18	2.48e-15	6.42e-13	3.58e-11	1.12e-09	3.39e-08	2.90e-05	1.55e-03	2.34e-02	1.02e-01	2.31e-01	2.58e-01	1.43e-01	8.72e-02	1.31e-01	2.17e-02	1.20e-03
 8.08900e+22	1.72e-31	3.17e-18	3.25e-15	8.08e-13	4.35e-11	1.30e-09	3.82e-08	3.20e-05	1.69e-03	2.53e-02	1.08e-01	2.39e-01	2.60e-01	1.40e-01	8.34e-02	1.22e-01	1.97e-02	1.05e-03
 8.13505e+22	2.32e-31	4.17e-18	4.14e-15	9.96e-13	5.18e-11	1.50e-09	4.25e-08	3.50e-05	1.84e-03	2.71e-02	1.13e-01	2.45e-01	2.61e-01	1.37e-01	8.00e-02	1.15e-01	1.80e-02	9.35e-04
 8.18601e+22	3.39e-31	5.90e-18	5.65e-15	1.30e-12	6.47e-11	1.79e-09	4.88e-08	3.92e-05	2.03e-03	2.96e-02	1.21e-01	2.53e-01	2.62e-01	1.34e-01	7.57e-02	1.06e-01	1.60e-02	8.02e-04
 8.23766e+22	4.57e-31	7.74e-18	7.21e-15	1.60e-12	7.71e-11	2.06e-09	5.44e-08	4.28e-05	2.19e-03	3.16e-02	1.27e-01	2.59e-01	2.63e-01	1.31e-01	7.24e-02	9.90e-02	1.45e-02	7.10e-04
 8.29019e+22	6.69e-31	1.09e-17	9.83e-15	2.09e-12	9.65e-11	2.46e-09	6.24e-08	4.78e-05	2.42e-03	3.43e-02	1.34e-01	2.67e-01	2.63e-01	1.27e-01	6.82e-02	9.07e-02	1.28e-02	6.05e-04
 8.34354e+22	8.97e-31	1.43e-17	1.25e-14	2.56e-12	1.15e-10	2.83e-09	6.96e-08	5.21e-05	2.61e-03	3.66e-02	1.40e-01	2.72e-01	2.62e-01	1.24e-01	6.51e-02	8.47e-02	1.16e-02	5.35e-04
 8.39031e+22	1.19e-30	1.85e-17	1.57e-14	3.13e-12	1.36e-10	3.24e-09	7.74e-08	5.66e-05	2.80e-03	3.88e-02	1.47e-01	2.77e-01	2.62e-01	1.21e-01	6.21e-02	7.91e-02	1.06e-02	4.73e-04
 8.44349e+22	1.73e-30	2.59e-17	2.12e-14	4.06e-12	1.69e-10	3.86e-09	8.86e-08	6.29e-05	3.07e-03	4.19e-02	1.55e-01	2.84e-01	2.60e-01	1.16e-01	5.83e-02	7.22e-02	9.32e-03	4.02e-04
 8.49643e+22	2.25e-30	3.28e-17	2.63e-14	4.88e-12	1.98e-10	4.39e-09	9.80e-08	6.80e-05	3.28e-03	4.43e-02	1.60e-01	2.88e-01	2.59e-01	1.13e-01	5.57e-02	6.77e-02	8.51e-03	3.58e-04
 8.54907e+22	3.21e-30	4.52e-17	3.51e-14	6.25e-12	2.44e-10	5.20e-09	1.12e-07	7.51e-05	3.57e-03	4.75e-02	1.68e-01	2.93e-01	2.56e-01	1.09e-01	5.22e-02	6.18e-02	7.51e-03	3.05e-04
 8.60273e+22	4.19e-30	5.75e-17	4.35e-14	7.54e-12	2.86e-10	5.92e-09	1.24e-07	8.13e-05	3.82e-03	5.01e-02	1.75e-01	2.97e-01	2.54e-01	1.06e-01	4.97e-02	5.77e-02	6.83e-03	2.70e-04
 8.65774e+22	5.98e-30	7.92e-17	5.81e-14	9.67e-12	3.53e-10	7.02e-09	1.42e-07	9.00e-05	4.16e-03	5.37e-02	1.83e-01	3.02e-01	2.51e-01	1.01e-01	4.65e-02	5.25e-02	6.00e-03	2.29e-04
 8.71378e+22	7.85e-30	1.01e-16	7.23e-14	1.17e-11	4.15e-10	8.02e-09	1.57e-07	9.74e-05	4.44e-03	5.66e-02	1.89e-01	3.05e-01	2.48e-01	9.81e-02	4.41e-02	4.88e-02	5.42e-03	2.02e-04
 8.77117e+22	1.12e-29	1.40e-16	9.66e-14	1.50e-11	5.14e-10	9.54e-09	1.81e-07	1.08e-04	4.83e-03	6.06e-02	1.98e-01	3.09e-01	2.44e-01	9.38e-02	4.11e-02	4.42e-02	4.74e-03	1.70e-04
 8.82961e+22	2.85e-30	1.78e-16	1.21e-13	1.82e-11	6.06e-10	1.09e-08	2.01e-07	1.17e-04	5.16e-03	6.38e-02	2.04e-01	3.11e-01	2.41e-01	9.04e-02	3.88e-02	4.09e-02	4.27e-03	1.50e-04
 8.88942e+22	4.06e-30	2.46e-16	1.61e-13	2.34e-11	7.51e-10	1.30e-08	2.31e-07	1.30e-04	5.61e-03	6.81e-02	2.13e-01	3.14e-01	2.36e-01	8.60e-02	3.60e-02	3.69e-02	3.72e-03	1.25e-04
 8.95046e+22	5.33e-30	3.15e-16	2.02e-13	2.85e-11	8.87e-10	1.49e-08	2.58e-07	1.41e-04	5.99e-03	7.17e-02	2.20e-01	3.16e-01	2.32e-01	8.27e-02	3.40e-02	3.41e-02	3.33e-03	1.10e-04
 9.00394e+22	6.93e-30	4.00e-16	2.50e-13	3.43e-11	1.04e-09	1.71e-08	2.86e-07	1.52e-04	6.38e-03	7.52e-02	2.26e-01	3.17e-01	2.28e-01	7.95e-02	3.20e-02	3.15e-02	3.00e-03	9.58e-05
 9.06434e+22	9.74e-30	5.45e-16	3.30e-13	4.38e-11	1.28e-09	2.02e-08	3.28e-07	1.68e-04	6.91e-03	7.99e-02	2.35e-01	3.19e-01	2.23e-01	7.54e-02	2.97e-02	2.84e-02	2.61e-03	8.05e-05
 9.12495e+22	1.24e-29	6.80e-16	4.04e-13	5.22e-11	1.49e-09	2.30e-08	3.63e-07	1.82e-04	7.34e-03	8.36e-02	2.41e-01	3.20e-01	2.19e-01	7.24e-02	2.80e-02	2.63e-02	2.36e-03	7.09e-05
 9.18583e+22	1.74e-29	9.25e-16	5.33e-13	6.64e-11	1.84e-09	2.72e-08	4.16e-07	2.01e-04	7.93e-03	8.86e-02	2.49e-01	3.20e-01	2.13e-01	6.85e-02	2.59e-02	2.36e-02	2.04e-03	5.93e-05
 9.24773e+22	2.23e-29	1.16e-15	6.54e-13	7.95e-11	2.14e-09	3.10e-08	4.61e-07	2.17e-04	8.43e-03	9.26e-02	2.56e-01	3.20e-01	2.09e-01	6.57e-02	2.44e-02	2.18e-02	1.84e-03	5.21e-05
 9.31096e+22	3.11e-29	1.56e-15	8.58e-13	1.01e-10	2.63e-09	3.67e-08	5.28e-07	2.40e-04	9.10e-03	9.80e-02	2.64e-01	3.20e-01	2.03e-01	6.20e-02	2.25e-02	1.96e-02	1.59e-03	4.36e-05
 9.37633e+22	4.05e-29	1.98e-15	1.06e-12	1.22e-10	3.10e-09	4.21e-08	5.90e-07	2.60e-04	9.70e-03	1.03e-01	2.70e-01	3.20e-01	1.98e-01	5.91e-02	2.10e-02	1.80e-02	1.42e-03	3.78e-05
 9.44446e+22	5.78e-29	2.73e-15	1.42e-12	1.57e-10	3.85e-09	5.04e-08	6.81e-07	2.90e-04	1.05e-02	1.09e-01	2.79e-01	3.18e-01	1.91e-01	5.53e-02	1.92e-02	1.60e-02	1.22e-03	3.11e-05
 9.51394e+22	7.54e-29	3.46e-15	1.77e-12	1.90e-10	4.55e-09	5.79e-08	7.62e-07	3.15e-04	1.12e-02	1.14e-01	2.85e-01	3.17e-01	1.86e-01	5.26e-02	1.79e-02	1.46e-02	1.08e-03	2.69e-05
 9.58515e+22	1.07e-28	4.73e-15	2.35e-12	2.44e-10	5.64e-09	6.92e-08	8.80e-07	3.50e-04	1.21e-02	1.20e-01	2.94e-01	3.15e-01	1.79e-01	4.91e-02	1.64e-02	1.30e-02	9.23e-04	2.21e-05
 9.65976e+22	1.45e-28	6.24e-15	3.02e-12	3.04e-10	6.81e-09	8.11e-08	1.00e-06	3.85e-04	1.30e-02	1.26e-01	3.01e-01	3.13e-01	1.73e-01	4.62e-02	1.51e-02	1.16e-02	8.02e-04	1.86e-05
 9.73877e+22	2.07e-28	8.57e-15	4.03e-12	3.92e-10	8.51e-09	9.76e-08	1.16e-06	4.30e-04	1.42e-02	1.33e-01	3.09e-01	3.10e-01	1.66e-01	4.29e-02	1.37e-02	1.03e-02	6.81e-04	1.52e-05
 9.82107e+22	2.91e-28	1.16e-14	5.29e-12	4.98e-10	1.05e-08	1.16e-07	1.34e-06	4.77e-04	1.53e-02	1.40e-01	3.16e-01	3.06e-01	1.60e-01	4.00e-02	1.25e-02	9.10e-03	5.82e-04	1.25e-05
 9.89376e+22	3.88e-28	1.50e-14	6.69e-12	6.13e-10	1.25e-08	1.35e-07	1.51e-06	5.22e-04	1.63e-02	1.47e-01	3.22e-01	3.03e-01	1.54e-01	3.76e-02	1.15e-02	8.19e-03	5.08e-04	1.06e-05
 9.97436e+22	5.56e-28	2.06e-14	8.97e-12	7.93e-10	1.57e-08	1.63e-07	1.75e-06	5.83e-04	1.77e-02	1.55e-01	3.29e-01	2.98e-01	1.47e-01	3.47e-02	1.03e-02	7.17e-03	4.27e-04	8.57e-06
 1.00588e+23	7.74e-28	2.76e-14	1.17e-11	1.00e-09	1.92e-08	1.93e-07	2.01e-06	6.45e-04	1.90e-02	1.62e-01	3.36e-01	2.94e-01	1.40e-01	3.22e-02	9.39e-03	6.34e-03	3.64e-04	7.05e-06
 1.01353e+23	1.04e-27	3.60e-14	1.49e-11	1.24e-09	2.31e-08	2.25e-07	2.28e-06	7.08e-04	2.03e-02	1.69e-01	3.41e-01	2.89e-01	1.34e-01	3.01e-02	8.59e-03	5.67e-03	3.15e-04	5.90e-06
 1.02215e+23	1.56e-27	5.15e-14	2.06e-11	1.65e-09	2.95e-08	2.76e-07	2.69e-06	7.99e-04	2.22e-02	1.79e-01	3.48e-01	2.83e-01	1.27e-01	2.73e-02	7.61e-03	4.85e-03	2.58e-04	4.62e-06
 1.03089e+23	2.10e-27	6.73e-14	2.63e-11	2.05e-09	3.56e-08	3.23e-07	3.06e-06	8.77e-04	2.37e-02	1.87e-01	3.53e-01	2.78e-01	1.21e-01	2.54e-02	6.93e-03	4.31e-03	2.22e-04	3.84e-06
 1.03975e+23	3.16e-27	9.69e-14	3.67e-11	2.74e-09	4.58e-08	3.99e-07	3.63e-06	9.91e-04	2.59e-02	1.97e-01	3.60e-01	2.70e-01	1.13e-01	2.29e-02	6.09e-03	3.66e-03	1.80e-04	2.97e-06
 1.04872e+23	4.31e-27	1.28e-13	4.72e-11	3.42e-09	5.56e-08	4.69e-07	4.13e-06	1.09e-03	2.77e-02	2.05e-01	3.64e-01	2.64e-01	1.08e-01	2.12e-02	5.52e-03	3.23e-03	1.53e-04	2.44e-06
 1.05630e+23	5.72e-27	1.65e-13	5.95e-11	4.19e-09	6.63e-08	5.44e-07	4.66e-06	1.19e-03	2.94e-02	2.13e-01	3.68e-01	2.59e-01	1.03e-01	1.97e-02	5.03e-03	2.87e-03	1.31e-04	2.03e-06
 1.06464e+23	8.32e-27	2.31e-13	8.09e-11	5.49e-09	8.37e-08	6.61e-07	5.46e-06	1.33e-03	3.18e-02	2.23e-01	3.72e-01	2.51e-01	9.60e-02	1.78e-02	4.43e-03	2.45e-03	1.07e-04	1.58e-06
 1.07288e+23	1.09e-26	2.96e-13	1.01e-10	6.68e-09	9.94e-08	7.63e-07	6.13e-06	1.45e-03	3.37e-02	2.31e-01	3.75e-01	2.45e-01	9.14e-02	1.65e-02	4.04e-03	2.18e-03	9.23e-05	1.32e-06
 1.08101e+23	1.56e-26	4.10e-13	1.36e-10	8.65e-09	1.24e-07	9.22e-07	7.14e-06	1.61e-03	3.63e-02	2.41e-01	3.79e-01	2.37e-01	8.54e-02	1.49e-02	3.57e-03	1.86e-03	7.55e-05	1.03e-06
 1.08927e+23	2.06e-26	5.29e-13	1.71e-10	1.06e-08	1.49e-07	1.07e-06	8.06e-06	1.76e-03	3.85e-02	2.49e-01	3.81e-01	2.30e-01	8.08e-02	1.37e-02	3.23e-03	1.64e-03	6.43e-05	8.51e-07
 1.09772e+23	2.97e-26	7.41e-13	2.33e-10	1.39e-08	1.88e-07	1.30e-06	9.46e-06	1.97e-03	4.16e-02	2.60e-01	3.84e-01	2.21e-01	7.49e-02	1.23e-02	2.82e-03	1.39e-03	5.18e-05	6.54e-07
 1.10625e+23	3.92e-26	9.60e-13	2.94e-10	1.70e-08	2.25e-07	1.52e-06	1.07e-05	2.15e-03	4.41e-02	2.69e-01	3.85e-01	2.15e-01	7.06e-02	1.12e-02	2.54e-03	1.21e-03	4.38e-05	5.34e-07
 1.11489e+23	5.66e-26	1.35e-12	4.02e-10	2.24e-08	2.86e-07	1.86e-06	1.26e-05	2.41e-03	4.76e-02	2.80e-01	3.86e-01	2.05e-01	6.50e-02	9.96e-03	2.20e-03	1.01e-03	3.48e-05	4.04e-07
 1.12365e+23	7.49e-26	1.76e-12	5.10e-10	2.76e-08	3.44e-07	2.17e-06	1.44e-05	2.64e-03	5.06e-02	2.89e-01	3.87e-01	1.98e-01	6.09e-02	9.07e-03	1.97e-03	8.81e-04	2.91e-05	3.26e-07
 1.13257e+23	1.07e-25	2.49e-12	6.99e-10	3.64e-08	4.39e-07	2.67e-06	1.70e-05	2.98e-03	5.47e-02	3.01e-01	3.87e-01	1.88e-01	5.57e-02	7.98e-03	1.70e-03	7.29e-04	2.29e-05	2.44e-07
 1.14167e+23	1.44e-25	3.28e-12	8.98e-10	4.54e-08	5.34e-07	3.15e-06	1.95e-05	3.28e-03	5.82e-02	3.11e-01	3.86e-01	1.80e-01	5.17e-02	7.18e-03	1.50e-03	6.24e-04	1.88e-05	1.92e-07
 1.15102e+23	2.06e-25	4.68e-12	1.24e-09	6.04e-08	6.88e-07	3.92e-06	2.34e-05	3.71e-03	6.31e-02	3.24e-01	3.85e-01	1.70e-01	4.67e-02	6.23e-03	1.27e-03	5.07e-04	1.45e-05	1.40e-07
 1.16057e+23	2.77e-25	6.21e-12	1.60e-09	7.59e-08	8.44e-07	4.67e-06	2.71e-05	4.11e-03	6.73e-02	3.34e-01	3.83e-01	1.61e-01	4.30e-02	5.55e-03	1.11e-03	4.28e-04	1.17e-05	0.00e+00
 1.17008e+23	3.88e-25	8.74e-12	2.19e-09	1.00e-07	1.08e-06	5.79e-06	3.24e-05	4.65e-03	7.29e-02	3.47e-01	3.79e-01	1.51e-01	3.86e-02	4.79e-03	9.40e-04	3.46e-04	8.94e-06	0.00e+00
 1.17915e+23	4.97e-25	1.12e-11	2.74e-09	1.23e-07	1.30e-06	6.77e-06	3.70e-05	5.09e-03	7.71e-02	3.56e-01	3.76e-01	1.44e-01	3.57e-02	4.29e-03	8.30e-04	2.96e-04	7.34e-06	0.00e+00
 1.18794e+23	6.72e-25	1.52e-11	3.65e-09	1.59e-07	1.64e-06	8.30e-06	4.40e-05	5.74e-03	8.31e-02	3.68e-01	3.71e-01	1.35e-01	3.20e-02	3.70e-03	7.02e-04	2.40e-04	5.64e-06	0.00e+00
 1.19686e+23	8.55e-25	1.94e-11	4.56e-09	1.94e-07	1.98e-06	9.76e-06	5.05e-05	6.30e-03	8.81e-02	3.78e-01	3.67e-01	1.27e-01	2.93e-02	3.29e-03	6.15e-04	2.02e-04	4.57e-06	0.00e+00
 1.20558e+23	1.12e-24	2.58e-11	5.94e-09	2.47e-07	2.47e-06	1.19e-05	5.96e-05	7.07e-03	9.45e-02	3.89e-01	3.61e-01	1.18e-01	2.63e-02	2.84e-03	5.21e-04	1.65e-04	3.53e-06	0.00e+00
 1.21447e+23	1.40e-24	3.28e-11	7.43e-09	3.03e-07	2.99e-06	1.40e-05	6.90e-05	7.80e-03	1.00e-01	3.99e-01	3.55e-01	1.11e-01	2.39e-02	2.49e-03	4.51e-04	1.37e-04	2.81e-06	0.00e+00
 1.22315e+23	1.75e-24	4.24e-11	9.44e-09	3.79e-07	3.68e-06	1.68e-05	8.09e-05	8.70e-03	1.07e-01	4.09e-01	3.48e-01	1.03e-01	2.14e-02	2.16e-03	3.83e-04	1.12e-04	2.18e-06	0.00e+00
 1.23201e+23	2.17e-24	5.36e-11	1.18e-08	4.66e-07	4.47e-06	2.00e-05	9.42e-05	9.64e-03	1.14e-01	4.18e-01	3.41e-01	9.62e-02	1.92e-02	1.87e-03	3.28e-04	9.21e-05	1.71e-06	0.00e+00
 1.24078e+23	2.65e-24	6.76e-11	1.47e-08	5.74e-07	5.45e-06	2.39e-05	1.10e-04	1.07e-02	1.21e-01	4.27e-01	3.32e-01	8.91e-02	1.72e-02	1.62e-03	2.79e-04	7.51e-05	1.33e-06	0.00e+00
 1.24960e+23	3.22e-24	8.41e-11	1.82e-08	7.02e-07	6.60e-06	2.84e-05	1.28e-04	1.19e-02	1.29e-01	4.36e-01	3.24e-01	8.25e-02	1.54e-02	1.40e-03	2.37e-04	6.14e-05	1.03e-06	0.00e+00
 1.25831e+23	3.85e-24	1.04e-10	2.23e-08	8.54e-07	7.97e-06	3.36e-05	1.49e-04	1.32e-02	1.37e-01	4.44e-01	3.15e-01	7.63e-02	1.37e-02	1.21e-03	2.02e-04	5.01e-05	8.05e-07	0.00e+00
 1.26702e+23	4.58e-24	1.27e-10	2.71e-08	1.03e-06	9.59e-06	3.98e-05	1.74e-04	1.46e-02	1.45e-01	4.51e-01	3.06e-01	7.04e-02	1.22e-02	1.04e-03	1.71e-04	4.09e-05	6.26e-07	0.00e+00
 1.27573e+23	5.41e-24	1.54e-10	3.28e-08	1.25e-06	1.15e-05	4.70e-05	2.02e-04	1.61e-02	1.53e-01	4.58e-01	2.96e-01	6.48e-02	1.09e-02	8.93e-04	1.45e-04	3.33e-05	4.86e-07	0.00e+00
 1.28448e+23	6.35e-24	1.85e-10	3.96e-08	1.50e-06	1.38e-05	5.53e-05	2.35e-04	1.78e-02	1.62e-01	4.64e-01	2.86e-01	5.95e-02	9.68e-03	7.67e-04	1.23e-04	2.71e-05	3.76e-07	0.00e+00
 1.29329e+23	7.43e-24	2.20e-10	4.75e-08	1.80e-06	1.65e-05	6.51e-05	2.72e-04	1.97e-02	1.71e-01	4.69e-01	2.76e-01	5.45e-02	8.58e-03	6.57e-04	1.04e-04	2.20e-05	2.91e-07	0.00e+00
 1.30217e+23	8.66e-24	2.61e-10	5.68e-08	2.15e-06	1.96e-05	7.65e-05	3.16e-04	2.17e-02	1.81e-01	4.74e-01	2.66e-01	4.99e-02	7.59e-03	5.62e-04	8.75e-05	1.78e-05	2.25e-07	0.00e+00
 1.31116e+23	1.01e-23	3.08e-10	6.77e-08	2.56e-06	2.34e-05	8.99e-05	3.68e-04	2.40e-02	1.90e-01	4.77e-01	2.55e-01	4.55e-02	6.70e-03	4.80e-04	7.36e-05	1.44e-05	1.73e-07	0.00e+00
 1.32019e+23	1.18e-23	3.61e-10	8.03e-08	3.04e-06	2.78e-05	1.05e-04	4.26e-04	2.64e-02	2.00e-01	4.80e-01	2.45e-01	4.15e-02	5.91e-03	4.10e-04	6.19e-05	1.16e-05	1.33e-07	0.00e+00
 1.32937e+23	1.38e-23	4.22e-10	9.54e-08	3.62e-06	3.30e-05	1.24e-04	4.95e-04	2.91e-02	2.11e-01	4.82e-01	2.34e-01	3.76e-02	5.19e-03	3.48e-04	5.17e-05	9.31e-06	0.00e+00	0.00e+00
 1.33866e+23	1.61e-23	4.90e-10	1.13e-07	4.28e-06	3.91e-05	1.44e-04	5.73e-04	3.21e-02	2.21e-01	4.84e-01	2.23e-01	3.42e-02	4.56e-03	2.96e-04	4.34e-05	7.50e-06	0.00e+00	0.00e+00
 1.34813e+23	1.90e-23	5.70e-10	1.33e-07	5.09e-06	4.65e-05	1.70e-04	6.67e-04	3.54e-02	2.33e-01	4.84e-01	2.12e-01	3.08e-02	3.99e-03	2.50e-04	3.60e-05	5.97e-06	0.00e+00	0.00e+00
 1.35694e+23	2.15e-22	6.43e-10	1.53e-07	5.86e-06	5.35e-05	1.93e-04	7.54e-04	3.83e-02	2.42e-01	4.84e-01	2.03e-01	2.83e-02	3.57e-03	2.18e-04	3.10e-05	4.97e-06	0.00e+00	0.00e+00
 1.36599e+23	3.21e-22	7.43e-10	1.82e-07	6.97e-06	6.37e-05	2.27e-04	8.80e-04	4.23e-02	2.54e-01	4.82e-01	1.92e-01	2.54e-02	3.09e-03	1.82e-04	2.55e-05	3.92e-06	0.00e+00	0.00e+00
 1.37519e+23	4.16e-22	8.37e-10	2.09e-07	8.02e-06	7.32e-05	2.58e-04	9.94e-04	4.58e-02	2.63e-01	4.80e-01	1.83e-01	2.32e-02	2.76e-03	1.58e-04	2.18e-05	3.24e-06	0.00e+00	0.00e+00
 1.38464e+23	5.75e-22	9.65e-10	2.48e-07	9.57e-06	8.75e-05	3.04e-04	1.17e-03	5.06e-02	2.76e-01	4.77e-01	1.72e-01	2.06e-02	2.37e-03	1.31e-04	1.78e-05	2.53e-06	0.00e+00	0.00e+00
 1.39415e+23	7.74e-22	1.09e-09	2.86e-07	1.10e-05	1.00e-04	3.44e-04	1.31e-03	5.45e-02	2.86e-01	4.73e-01	1.64e-01	1.89e-02	2.12e-03	1.14e-04	1.53e-05	2.10e-06	0.00e+00	0.00e+00
 1.40373e+23	1.16e-21	1.25e-09	3.40e-07	1.31e-05	1.19e-04	4.04e-04	1.53e-03	6.01e-02	2.98e-01	4.68e-01	1.53e-01	1.67e-02	1.82e-03	9.45e-05	1.24e-05	1.64e-06	0.00e+00	0.00e+00
 1.41337e+23	1.68e-21	1.41e-09	3.90e-07	1.50e-05	1.36e-04	4.57e-04	1.72e-03	6.46e-02	3.08e-01	4.63e-01	1.45e-01	1.53e-02	1.62e-03	8.19e-05	1.06e-05	1.35e-06	0.00e+00	0.00e+00
 1.42308e+23	2.71e-21	1.62e-09	4.64e-07	1.78e-05	1.62e-04	5.34e-04	2.00e-03	7.10e-02	3.20e-01	4.56e-01	1.35e-01	1.35e-02	1.39e-03	6.79e-05	8.66e-06	1.06e-06	0.00e+00	0.00e+00
 1.43287e+23	4.23e-21	1.83e-09	5.34e-07	2.04e-05	1.85e-04	6.01e-04	2.24e-03	7.62e-02	3.29e-01	4.50e-01	1.28e-01	1.23e-02	1.24e-03	5.87e-05	7.39e-06	8.72e-07	0.00e+00	0.00e+00
 1.44277e+23	7.31e-21	2.11e-09	6.38e-07	2.43e-05	2.19e-04	7.01e-04	2.59e-03	8.34e-02	3.41e-01	4.41e-01	1.19e-01	1.08e-02	1.06e-03	4.86e-05	6.00e-06	6.78e-07	0.00e+00	0.00e+00
 1.45279e+23	1.22e-20	2.38e-09	7.36e-07	2.79e-05	2.49e-04	7.89e-04	2.90e-03	8.93e-02	3.50e-01	4.34e-01	1.12e-01	9.80e-03	9.38e-04	4.19e-05	5.10e-06	5.58e-07	0.00e+00	0.00e+00
 1.46298e+23	2.13e-20	2.76e-09	8.83e-07	3.33e-05	2.95e-04	9.19e-04	3.35e-03	9.75e-02	3.61e-01	4.24e-01	1.03e-01	8.60e-03	8.00e-04	3.45e-05	4.12e-06	4.32e-07	0.00e+00	0.00e+00
 1.47334e+23	3.37e-20	3.13e-09	1.02e-06	3.83e-05	3.38e-04	1.03e-03	3.75e-03	1.04e-01	3.70e-01	4.15e-01	9.68e-02	7.75e-03	7.05e-04	2.96e-05	3.49e-06	3.53e-07	0.00e+00	0.00e+00
 1.48391e+23	5.44e-20	3.67e-09	1.24e-06	4.59e-05	4.00e-04	1.20e-03	4.33e-03	1.14e-01	3.81e-01	4.03e-01	8.87e-02	6.76e-03	5.98e-04	2.42e-05	2.80e-06	2.71e-07	0.00e+00	0.00e+00
 1.49470e+23	7.99e-20	4.20e-09	1.45e-06	5.32e-05	4.59e-04	1.36e-03	4.84e-03	1.21e-01	3.89e-01	3.94e-01	8.27e-02	6.06e-03	5.24e-04	2.06e-05	2.35e-06	2.20e-07	0.00e+00	0.00e+00
 1.50579e+23	1.23e-19	4.98e-09	1.77e-06	6.42e-05	5.46e-04	1.58e-03	5.60e-03	1.32e-01	3.99e-01	3.80e-01	7.53e-02	5.24e-03	4.41e-04	1.67e-05	1.87e-06	1.67e-07	0.00e+00	0.00e+00
 1.51716e+23	1.75e-19	5.78e-09	2.10e-06	7.49e-05	6.29e-04	1.79e-03	6.27e-03	1.41e-01	4.06e-01	3.69e-01	6.97e-02	4.66e-03	3.83e-04	1.41e-05	1.55e-06	1.34e-07	0.00e+00	0.00e+00
 1.52890e+23	2.66e-19	6.95e-09	2.59e-06	9.12e-05	7.53e-04	2.09e-03	7.26e-03	1.53e-01	4.15e-01	3.55e-01	6.28e-02	3.99e-03	3.19e-04	1.13e-05	1.22e-06	0.00e+00	0.00e+00	0.00e+00
 1.53995e+23	3.57e-19	7.98e-09	3.01e-06	1.04e-04	8.49e-04	2.32e-03	7.95e-03	1.62e-01	4.20e-01	3.45e-01	5.87e-02	3.61e-03	2.83e-04	9.76e-06	1.04e-06	0.00e+00	0.00e+00	0.00e+00
 1.55009e+23	5.06e-19	9.43e-09	3.63e-06	1.24e-04	9.88e-04	2.64e-03	8.97e-03	1.73e-01	4.26e-01	3.32e-01	5.36e-02	3.15e-03	2.41e-04	8.06e-06	8.47e-07	0.00e+00	0.00e+00	0.00e+00
 1.56015e+23	6.68e-19	1.08e-08	4.20e-06	1.41e-04	1.11e-03	2.91e-03	9.78e-03	1.81e-01	4.29e-01	3.22e-01	5.00e-02	2.85e-03	2.14e-04	7.00e-06	7.25e-07	0.00e+00	0.00e+00	0.00e+00
 1.57011e+23	9.28e-19	1.27e-08	5.03e-06	1.66e-04	1.28e-03	3.30e-03	1.10e-02	1.93e-01	4.34e-01	3.09e-01	4.55e-02	2.49e-03	1.83e-04	5.78e-06	5.90e-07	0.00e+00	0.00e+00	0.00e+00
 1.58012e+23	1.23e-18	1.47e-08	5.84e-06	1.90e-04	1.44e-03	3.63e-03	1.19e-02	2.02e-01	4.37e-01	2.99e-01	4.24e-02	2.25e-03	1.62e-04	5.01e-06	5.05e-07	0.00e+00	0.00e+00	0.00e+00
 1.59022e+23	1.73e-18	1.75e-08	7.05e-06	2.24e-04	1.66e-03	4.10e-03	1.33e-02	2.14e-01	4.40e-01	2.86e-01	3.85e-02	1.96e-03	1.38e-04	4.14e-06	4.10e-07	0.00e+00	0.00e+00	0.00e+00
 1.60049e+23	2.31e-18	2.04e-08	8.24e-06	2.57e-04	1.87e-03	4.52e-03	1.45e-02	2.24e-01	4.41e-01	2.76e-01	3.57e-02	1.76e-03	1.22e-04	3.57e-06	3.49e-07	0.00e+00	0.00e+00	0.00e+00
 1.61101e+23	3.31e-18	2.47e-08	1.00e-05	3.06e-04	2.17e-03	5.12e-03	1.62e-02	2.37e-01	4.43e-01	2.62e-01	3.21e-02	1.53e-03	1.03e-04	2.92e-06	2.81e-07	0.00e+00	0.00e+00	0.00e+00
 1.62167e+23	4.48e-18	2.90e-08	1.18e-05	3.53e-04	2.44e-03	5.63e-03	1.75e-02	2.47e-01	4.43e-01	2.52e-01	2.97e-02	1.37e-03	9.09e-05	2.50e-06	2.38e-07	0.00e+00	0.00e+00	0.00e+00
 1.63251e+23	6.52e-18	3.55e-08	1.44e-05	4.22e-04	2.84e-03	6.38e-03	1.96e-02	2.61e-01	4.43e-01	2.39e-01	2.66e-02	1.18e-03	7.64e-05	2.04e-06	1.90e-07	0.00e+00	0.00e+00	0.00e+00
 1.64357e+23	9.03e-18	4.22e-08	1.71e-05	4.88e-04	3.20e-03	7.03e-03	2.12e-02	2.72e-01	4.42e-01	2.29e-01	2.44e-02	1.05e-03	6.68e-05	1.74e-06	1.60e-07	0.00e+00	0.00e+00	0.00e+00
 1.65490e+23	1.35e-17	5.23e-08	2.11e-05	5.88e-04	3.74e-03	7.97e-03	2.36e-02	2.86e-01	4.40e-01	2.15e-01	2.17e-02	8.96e-04	5.56e-05	1.40e-06	1.26e-07	0.00e+00	0.00e+00	0.00e+00
 1.66649e+23	1.92e-17	6.32e-08	2.52e-05	6.84e-04	4.23e-03	8.80e-03	2.56e-02	2.98e-01	4.37e-01	2.05e-01	1.98e-02	7.93e-04	4.83e-05	1.18e-06	0.00e+00	0.00e+00	0.00e+00	0.00e+00
 1.67840e+23	2.98e-17	7.96e-08	3.15e-05	8.31e-04	4.96e-03	1.00e-02	2.85e-02	3.13e-01	4.33e-01	1.92e-01	1.74e-02	6.71e-04	3.98e-05	9.40e-07	0.00e+00	0.00e+00	0.00e+00	0.00e+00
 1.69059e+23	4.37e-17	9.71e-08	3.79e-05	9.73e-04	5.64e-03	1.11e-02	3.09e-02	3.25e-01	4.29e-01	1.81e-01	1.58e-02	5.88e-04	3.42e-05	7.85e-07	0.00e+00	0.00e+00	0.00e+00	0.00e+00
 1.70313e+23	7.21e-17	1.25e-07	4.79e-05	1.19e-03	6.64e-03	1.26e-02	3.43e-02	3.40e-01	4.23e-01	1.68e-01	1.38e-02	4.94e-04	2.79e-05	6.19e-07	0.00e+00	0.00e+00	0.00e+00	0.00e+00
 1.71581e+23	1.11e-16	1.54e-07	5.79e-05	1.40e-03	7.54e-03	1.39e-02	3.71e-02	3.51e-01	4.17e-01	1.59e-01	1.24e-02	4.32e-04	2.39e-05	5.15e-07	0.00e+00	0.00e+00	0.00e+00	0.00e+00
 1.72869e+23	1.94e-16	2.00e-07	7.35e-05	1.72e-03	8.88e-03	1.58e-02	4.11e-02	3.67e-01	4.09e-01	1.46e-01	1.08e-02	3.59e-04	1.93e-05	4.02e-07	0.00e+00	0.00e+00	0.00e+00	0.00e+00
 1.74172e+23	3.24e-16	2.48e-07	8.91e-05	2.02e-03	1.01e-02	1.74e-02	4.43e-02	3.78e-01	4.01e-01	1.37e-01	9.64e-03	3.13e-04	1.65e-05	3.33e-07	0.00e+00	0.00e+00	0.00e+00	0.00e+00
 1.75493e+23	6.33e-16	3.25e-07	1.14e-04	2.49e-03	1.19e-02	1.97e-02	4.88e-02	3.92e-01	3.91e-01	1.26e-01	8.30e-03	2.59e-04	1.32e-05	2.58e-07	0.00e+00	0.00e+00	0.00e+00	0.00e+00
 1.76784e+23	1.20e-15	3.98e-07	1.36e-04	2.90e-03	1.34e-02	2.16e-02	5.22e-02	4.02e-01	3.83e-01	1.18e-01	7.45e-03	2.26e-04	1.13e-05	2.15e-07	0.00e+00	0.00e+00	0.00e+00	0.00e+00
 1.78036e+23	2.56e-15	5.17e-07	1.71e-04	3.51e-03	1.55e-02	2.41e-02	5.67e-02	4.13e-01	3.72e-01	1.08e-01	6.46e-03	1.90e-04	9.23e-06	1.70e-07	0.00e+00	0.00e+00	0.00e+00	0.00e+00
 1.79347e+23	5.79e-17	6.48e-07	2.08e-04	4.14e-03	1.76e-02	2.65e-02	6.09e-02	4.23e-01	3.62e-01	1.00e-01	5.71e-03	1.63e-04	7.72e-06	1.38e-07	0.00e+00	0.00e+00	0.00e+00	0.00e+00
 1.80454e+23	7.00e-17	7.82e-07	2.45e-04	4.75e-03	1.95e-02	2.87e-02	6.44e-02	4.30e-01	3.53e-01	9.38e-02	5.13e-03	1.43e-04	6.65e-06	0.00e+00	0.00e+00	0.00e+00	0.00e+00	0.00e+00
 1.81611e+23	1.04e-16	9.90e-07	3.01e-04	5.63e-03	2.22e-02	3.15e-02	6.90e-02	4.39e-01	3.42e-01	8.63e-02	4.50e-03	1.21e-04	5.52e-06	0.00e+00	0.00e+00	0.00e+00	0.00e+00	0.00e+00
 1.82805e+23	1.50e-16	1.21e-06	3.58e-04	6.51e-03	2.48e-02	3.42e-02	7.31e-02	4.45e-01	3.31e-01	8.01e-02	4.00e-03	1.05e-04	4.68e-06	0.00e+00	0.00e+00	0.00e+00	0.00e+00	0.00e+00
 1.83877e+23	2.10e-16	1.48e-06	4.23e-04	7.47e-03	2.75e-02	3.69e-02	7.71e-02	4.51e-01	3.21e-01	7.45e-02	3.57e-03	9.19e-05	3.99e-06	0.00e+00	0.00e+00	0.00e+00	0.00e+00	0.00e+00
 1.85101e+23	3.21e-16	1.89e-06	5.22e-04	8.88e-03	3.12e-02	4.05e-02	8.22e-02	4.57e-01	3.08e-01	6.78e-02	3.09e-03	7.73e-05	3.27e-06	0.00e+00	0.00e+00	0.00e+00	0.00e+00	0.00e+00
 1.86371e+23	4.79e-16	2.35e-06	6.27e-04	1.03e-02	3.50e-02	4.39e-02	8.69e-02	4.62e-01	2.96e-01	6.22e-02	2.70e-03	6.58e-05	2.72e-06	0.00e+00	0.00e+00	0.00e+00	0.00e+00	0.00e+00
 1.87503e+23	6.72e-16	2.88e-06	7.43e-04	1.19e-02	3.87e-02	4.72e-02	9.12e-02	4.65e-01	2.85e-01	5.73e-02	2.39e-03	5.69e-05	2.30e-06	0.00e+00	0.00e+00	0.00e+00	0.00e+00	0.00e+00
 1.88777e+23	1.05e-15	3.70e-06	9.17e-04	1.41e-02	4.39e-02	5.15e-02	9.66e-02	4.68e-01	2.71e-01	5.17e-02	2.05e-03	4.74e-05	1.86e-06	0.00e+00	0.00e+00	0.00e+00	0.00e+00	0.00e+00
 1.90110e+23	1.60e-15	4.65e-06	1.11e-03	1.65e-02	4.91e-02	5.57e-02	1.02e-01	4.69e-01	2.58e-01	4.68e-02	1.76e-03	3.98e-05	1.52e-06	0.00e+00	0.00e+00	0.00e+00	0.00e+00	0.00e+00
 1.91316e+23	2.30e-15	5.73e-06	1.32e-03	1.89e-02	5.42e-02	5.97e-02	1.06e-01	4.69e-01	2.46e-01	4.26e-02	1.54e-03	3.40e-05	1.27e-06	0.00e+00	0.00e+00	0.00e+00	0.00e+00	0.00e+00
 1.92677e+23	3.72e-15	7.46e-06	1.64e-03	2.25e-02	6.14e-02	6.49e-02	1.12e-01	4.67e-01	2.31e-01	3.78e-02	1.30e-03	2.78e-05	1.00e-06	0.00e+00	0.00e+00	0.00e+00	0.00e+00	0.00e+00
 1.94082e+23	5.89e-15	9.39e-06	1.97e-03	2.62e-02	6.82e-02	6.97e-02	1.17e-01	4.64e-01	2.18e-01	3.39e-02	1.11e-03	2.31e-05	8.11e-07	0.00e+00	0.00e+00	0.00e+00	0.00e+00	0.00e+00
 1.95334e+23	8.80e-15	1.16e-05	2.35e-03	3.01e-02	7.51e-02	7.43e-02	1.21e-01	4.60e-01	2.05e-01	3.05e-02	9.51e-04	1.94e-05	6.64e-07	0.00e+00	0.00e+00	0.00e+00	0.00e+00	0.00e+00
 1.96751e+23	1.49e-14	1.52e-05	2.91e-03	3.56e-02	8.44e-02	8.01e-02	1.26e-01	4.53e-01	1.90e-01	2.66e-02	7.86e-04	1.56e-05	5.16e-07	0.00e+00	0.00e+00	0.00e+00	0.00e+00	0.00e+00
 1.98223e+23	2.60e-14	1.91e-05	3.50e-03	4.13e-02	9.33e-02	8.55e-02	1.30e-01	4.45e-01	1.76e-01	2.34e-02	6.57e-04	1.27e-05	4.08e-07	0.00e+00	0.00e+00	0.00e+00	0.00e+00	0.00e+00
 1.99544e+23	4.11e-14	2.37e-05	4.16e-03	4.72e-02	1.02e-01	9.03e-02	1.34e-01	4.37e-01	1.64e-01	2.08e-02	5.58e-04	1.06e-05	3.29e-07	0.00e+00	0.00e+00	0.00e+00	0.00e+00	0.00e+00
 2.01040e+23	8.17e-14	3.12e-05	5.16e-03	5.58e-02	1.14e-01	9.65e-02	1.38e-01	4.24e-01	1.49e-01	1.77e-02	4.49e-04	8.26e-06	2.48e-07	0.00e+00	0.00e+00	0.00e+00	0.00e+00	0.00e+00
 2.02587e+23	1.78e-13	3.92e-05	6.18e-03	6.40e-02	1.24e-01	1.02e-01	1.41e-01	4.11e-01	1.36e-01	1.54e-02	3.71e-04	6.66e-06	1.94e-07	0.00e+00	0.00e+00	0.00e+00	0.00e+00	0.00e+00
 2.03986e+23	3.50e-13	4.88e-05	7.33e-03	7.29e-02	1.35e-01	1.06e-01	1.43e-01	3.97e-01	1.25e-01	1.33e-02	3.07e-04	5.39e-06	1.52e-07	0.00e+00	0.00e+00	0.00e+00	0.00e+00	0.00e+00
 2.05588e+23	1.19e-12	6.44e-05	9.08e-03	8.56e-02	1.49e-01	1.12e-01	1.45e-01	3.77e-01	1.10e-01	1.10e-02	2.39e-04	4.07e-06	0.00e+00	0.00e+00	0.00e+00	0.00e+00	0.00e+00	0.00e+00
 2.07205e+23	5.75e-12	8.01e-05	1.07e-02	9.70e-02	1.61e-01	1.17e-01	1.46e-01	3.60e-01	9.93e-02	9.39e-03	1.94e-04	3.23e-06	0.00e+00	0.00e+00	0.00e+00	0.00e+00	0.00e+00	0.00e+00
 2.08840e+23	2.58e-11	1.04e-04	1.31e-02	1.12e-01	1.75e-01	1.21e-01	1.46e-01	3.38e-01	8.69e-02	7.70e-03	1.50e-04	2.43e-06	0.00e+00	0.00e+00	0.00e+00	0.00e+00	0.00e+00	0.00e+00
 2.10512e+23	1.44e-10	1.30e-04	1.55e-02	1.26e-01	1.87e-01	1.25e-01	1.45e-01	3.18e-01	7.67e-02	6.42e-03	1.19e-04	1.88e-06	0.00e+00	0.00e+00	0.00e+00	0.00e+00	0.00e+00	0.00e+00
 2.11982e+23	3.92e-10	1.60e-04	1.80e-02	1.41e-01	1.98e-01	1.27e-01	1.44e-01	2.99e-01	6.80e-02	5.40e-03	9.56e-05	1.47e-06	0.00e+00	0.00e+00	0.00e+00	0.00e+00	0.00e+00	0.00e+00
 2.13643e+23	7.15e-10	2.06e-04	2.17e-02	1.60e-01	2.11e-01	1.30e-01	1.41e-01	2.74e-01	5.79e-02	4.29e-03	7.16e-05	1.07e-06	0.00e+00	0.00e+00	0.00e+00	0.00e+00	0.00e+00	0.00e+00
 2.15346e+23	1.13e-09	2.53e-04	2.52e-02	1.77e-01	2.21e-01	1.31e-01	1.38e-01	2.53e-01	5.02e-02	3.52e-03	5.58e-05	8.14e-07	0.00e+00	0.00e+00	0.00e+00	0.00e+00	0.00e+00	0.00e+00
 2.17105e+23	1.89e-09	3.25e-04	3.02e-02	2.00e-01	2.33e-01	1.31e-01	1.33e-01	2.28e-01	4.18e-02	2.73e-03	4.09e-05	5.78e-07	0.00e+00	0.00e+00	0.00e+00	0.00e+00	0.00e+00	0.00e+00
 2.18891e+23	2.85e-09	3.99e-04	3.49e-02	2.19e-01	2.41e-01	1.31e-01	1.28e-01	2.07e-01	3.56e-02	2.19e-03	3.13e-05	4.31e-07	0.00e+00	0.00e+00	0.00e+00	0.00e+00	0.00e+00	0.00e+00
 2.20472e+23	4.18e-09	4.83e-04	3.99e-02	2.38e-01	2.49e-01	1.30e-01	1.23e-01	1.88e-01	3.03e-02	1.77e-03	2.40e-05	3.23e-07	0.00e+00	0.00e+00	0.00e+00	0.00e+00	0.00e+00	0.00e+00
 2.22288e+23	6.68e-09	6.15e-04	4.71e-02	2.63e-01	2.56e-01	1.28e-01	1.16e-01	1.64e-01	2.44e-02	1.32e-03	1.69e-05	2.20e-07	0.00e+00	0.00e+00	0.00e+00	0.00e+00	0.00e+00	0.00e+00
 2.24128e+23	9.52e-09	7.42e-04	5.34e-02	2.83e-01	2.60e-01	1.25e-01	1.10e-01	1.47e-01	2.04e-02	1.04e-03	1.27e-05	1.62e-07	0.00e+00	0.00e+00	0.00e+00	0.00e+00	0.00e+00	0.00e+00
 2.25735e+23	1.33e-08	8.85e-04	6.00e-02	3.02e-01	2.63e-01	1.22e-01	1.04e-01	1.31e-01	1.71e-02	8.26e-04	9.65e-06	0.00e+00	0.00e+00	0.00e+00	0.00e+00	0.00e+00	0.00e+00	0.00e+00
 2.27275e+23	1.80e-08	1.04e-03	6.68e-02	3.20e-01	2.64e-01	1.18e-01	9.79e-02	1.17e-01	1.44e-02	6.60e-04	7.39e-06	0.00e+00	0.00e+00	0.00e+00	0.00e+00	0.00e+00	0.00e+00	0.00e+00
 2.28742e+23	2.39e-08	1.21e-03	7.37e-02	3.36e-01	2.65e-01	1.15e-01	9.23e-02	1.05e-01	1.21e-02	5.30e-04	5.70e-06	0.00e+00	0.00e+00	0.00e+00	0.00e+00	0.00e+00	0.00e+00	0.00e+00
 2.30397e+23	3.38e-08	1.47e-03	8.31e-02	3.56e-01	2.64e-01	1.10e-01	8.51e-02	9.04e-02	9.72e-03	3.99e-04	4.09e-06	0.00e+00	0.00e+00	0.00e+00	0.00e+00	0.00e+00	0.00e+00	0.00e+00
 2.32047e+23	4.43e-08	1.70e-03	9.11e-02	3.72e-01	2.62e-01	1.05e-01	7.95e-02	8.02e-02	8.12e-03	3.17e-04	3.12e-06	0.00e+00	0.00e+00	0.00e+00	0.00e+00	0.00e+00	0.00e+00	0.00e+00
 2.33690e+23	6.12e-08	2.03e-03	1.02e-01	3.90e-01	2.58e-01	1.00e-01	7.28e-02	6.87e-02	6.46e-03	2.38e-04	2.23e-06	0.00e+00	0.00e+00	0.00e+00	0.00e+00	0.00e+00	0.00e+00	0.00e+00
 2.35364e+23	7.94e-08	2.35e-03	1.11e-01	4.04e-01	2.54e-01	9.54e-02	6.74e-02	6.02e-02	5.33e-03	1.86e-04	1.68e-06	0.00e+00	0.00e+00	0.00e+00	0.00e+00	0.00e+00	0.00e+00	0.00e+00
 2.37079e+23	1.09e-07	2.80e-03	1.23e-01	4.21e-01	2.48e-01	8.94e-02	6.09e-02	5.09e-02	4.16e-03	1.37e-04	1.17e-06	0.00e+00	0.00e+00	0.00e+00	0.00e+00	0.00e+00	0.00e+00	0.00e+00
 2.38807e+23	1.39e-07	3.22e-03	1.34e-01	4.33e-01	2.42e-01	8.46e-02	5.59e-02	4.42e-02	3.40e-03	1.06e-04	8.76e-07	0.00e+00	0.00e+00	0.00e+00	0.00e+00	0.00e+00	0.00e+00	0.00e+00
 2.40553e+23	1.88e-07	3.82e-03	1.48e-01	4.46e-01	2.34e-01	7.87e-02	5.01e-02	3.69e-02	2.63e-03	7.70e-05	6.06e-07	0.00e+00	0.00e+00	0.00e+00	0.00e+00	0.00e+00	0.00e+00	0.00e+00
 2.42321e+23	2.39e-07	4.39e-03	1.60e-01	4.56e-01	2.27e-01	7.39e-02	4.57e-02	3.18e-02	2.12e-03	5.91e-05	4.47e-07	0.00e+00	0.00e+00	0.00e+00	0.00e+00	0.00e+00	0.00e+00	0.00e+00
 2.43737e+23	2.90e-07	4.90e-03	1.70e-01	4.63e-01	2.20e-01	7.00e-02	4.22e-02	2.81e-02	1.77e-03	4.75e-05	3.48e-07	0.00e+00	0.00e+00	0.00e+00	0.00e+00	0.00e+00	0.00e+00	0.00e+00
 2.45199e+23	3.64e-07	5.59e-03	1.83e-01	4.70e-01	2.12e-01	6.55e-02	3.83e-02	2.41e-02	1.43e-03	3.63e-05	2.56e-07	0.00e+00	0.00e+00	0.00e+00	0.00e+00	0.00e+00	0.00e+00	0.00e+00
 2.46696e+23	4.39e-07	6.24e-03	1.94e-01	4.75e-01	2.05e-01	6.17e-02	3.52e-02	2.11e-02	1.18e-03	2.89e-05	1.97e-07	0.00e+00	0.00e+00	0.00e+00	0.00e+00	0.00e+00	0.00e+00	0.00e+00
