#depth	O	O+	O+2	O+3	O+4	O+5	O+6	O+7	O+8	O[1]	O[2]	O[3]
 1.54284e+22	4.37e-30	1.37e-23	1.50e-18	1.41e-14	3.60e-11	4.03e-08	1.28e-04	2.30e-02	9.77e-01	0.00e+00	0.00e+00	0.00e+00
 3.55664e+22	9.73e-29	2.00e-22	1.44e-17	9.11e-14	1.55e-10	1.15e-07	2.71e-04	3.38e-02	9.66e-01	0.00e+00	0.00e+00	0.00e+00
 4.26309e+22	5.05e-28	8.25e-22	4.78e-17	2.45e-13	3.35e-10	1.99e-07	4.00e-04	4.11e-02	9.58e-01	0.00e+00	0.00e+00	0.00e+00
 4.61631e+22	1.19e-27	1.73e-21	8.93e-17	4.10e-13	5.00e-10	2.65e-07	4.89e-04	4.55e-02	9.54e-01	0.00e+00	0.00e+00	0.00e+00
 4.76696e+22	1.54e-27	2.16e-21	1.08e-16	4.79e-13	5.65e-10	2.88e-07	5.20e-04	4.69e-02	9.53e-01	0.00e+00	0.00e+00	0.00e+00
 4.84265e+22	2.08e-27	2.80e-21	1.35e-16	5.76e-13	6.51e-10	3.19e-07	5.58e-04	4.85e-02	9.51e-01	0.00e+00	0.00e+00	0.00e+00
 4.92671e+22	2.84e-27	3.67e-21	1.69e-16	6.94e-13	7.53e-10	3.53e-07	5.99e-04	5.03e-02	9.49e-01	0.00e+00	0.00e+00	0.00e+00
 5.00829e+22	3.83e-27	4.75e-21	2.10e-16	8.32e-13	8.67e-10	3.90e-07	6.42e-04	5.20e-02	9.47e-01	0.00e+00	0.00e+00	0.00e+00
 5.10100e+22	5.71e-27	6.70e-21	2.82e-16	1.06e-12	1.05e-09	4.46e-07	7.04e-04	5.45e-02	9.45e-01	0.00e+00	0.00e+00	0.00e+00
 5.18894e+22	7.50e-27	8.48e-21	3.44e-16	1.25e-12	1.19e-09	4.89e-07	7.49e-04	5.62e-02	9.43e-01	0.00e+00	0.00e+00	0.00e+00
 5.27069e+22	1.09e-26	1.17e-20	4.53e-16	1.57e-12	1.42e-09	5.53e-07	8.15e-04	5.86e-02	9.41e-01	0.00e+00	0.00e+00	0.00e+00
 5.35214e+22	1.44e-26	1.49e-20	5.54e-16	1.85e-12	1.61e-09	6.06e-07	8.68e-04	6.04e-02	9.39e-01	0.00e+00	0.00e+00	0.00e+00
 5.41960e+22	1.85e-26	1.85e-20	6.66e-16	2.16e-12	1.82e-09	6.59e-07	9.19e-04	6.21e-02	9.37e-01	0.00e+00	0.00e+00	0.00e+00
 5.49371e+22	2.61e-26	2.49e-20	8.58e-16	2.66e-12	2.14e-09	7.38e-07	9.92e-04	6.45e-02	9.35e-01	0.00e+00	0.00e+00	0.00e+00
 5.56199e+22	3.31e-26	3.06e-20	1.02e-15	3.07e-12	2.39e-09	7.99e-07	1.05e-03	6.61e-02	9.33e-01	0.00e+00	0.00e+00	0.00e+00
 5.61402e+22	4.14e-26	3.72e-20	1.20e-15	3.51e-12	2.65e-09	8.60e-07	1.10e-03	6.77e-02	9.31e-01	0.00e+00	0.00e+00	0.00e+00
 5.67296e+22	5.36e-26	4.64e-20	1.45e-15	4.11e-12	3.00e-09	9.37e-07	1.16e-03	6.97e-02	9.29e-01	0.00e+00	0.00e+00	0.00e+00
 5.73331e+22	6.77e-26	5.69e-20	1.73e-15	4.74e-12	3.35e-09	1.01e-06	1.22e-03	7.14e-02	9.27e-01	0.00e+00	0.00e+00	0.00e+00
 5.78538e+22	8.44e-26	6.89e-20	2.03e-15	5.42e-12	3.71e-09	1.09e-06	1.29e-03	7.31e-02	9.26e-01	0.00e+00	0.00e+00	0.00e+00
 5.84295e+22	1.11e-25	8.72e-20	2.48e-15	6.40e-12	4.22e-09	1.19e-06	1.36e-03	7.52e-02	9.23e-01	0.00e+00	0.00e+00	0.00e+00
 5.89908e+22	1.39e-25	1.06e-19	2.93e-15	7.32e-12	4.68e-09	1.28e-06	1.43e-03	7.70e-02	9.22e-01	0.00e+00	0.00e+00	0.00e+00
 5.94477e+22	1.72e-25	1.27e-19	3.43e-15	8.34e-12	5.18e-09	1.37e-06	1.50e-03	7.87e-02	9.20e-01	0.00e+00	0.00e+00	0.00e+00
 5.98886e+22	2.10e-25	1.51e-19	3.97e-15	9.42e-12	5.69e-09	1.47e-06	1.57e-03	8.04e-02	9.18e-01	0.00e+00	0.00e+00	0.00e+00
 6.03941e+22	2.71e-25	1.89e-19	4.79e-15	1.10e-11	6.42e-09	1.60e-06	1.65e-03	8.25e-02	9.16e-01	0.00e+00	0.00e+00	0.00e+00
 6.09186e+22	3.37e-25	2.29e-19	5.63e-15	1.26e-11	7.11e-09	1.72e-06	1.73e-03	8.44e-02	9.14e-01	0.00e+00	0.00e+00	0.00e+00
 6.13950e+22	4.24e-25	2.79e-19	6.66e-15	1.44e-11	7.91e-09	1.85e-06	1.82e-03	8.63e-02	9.12e-01	0.00e+00	0.00e+00	0.00e+00
 6.18375e+22	5.19e-25	3.32e-19	7.74e-15	1.63e-11	8.70e-09	1.97e-06	1.90e-03	8.81e-02	9.10e-01	0.00e+00	0.00e+00	0.00e+00
 6.22471e+22	6.36e-25	3.96e-19	8.98e-15	1.85e-11	9.57e-09	2.11e-06	1.98e-03	8.99e-02	9.08e-01	0.00e+00	0.00e+00	0.00e+00
 6.27181e+22	8.19e-25	4.93e-19	1.08e-14	2.15e-11	1.08e-08	2.29e-06	2.09e-03	9.22e-02	9.06e-01	0.00e+00	0.00e+00	0.00e+00
 6.31988e+22	1.03e-24	6.02e-19	1.28e-14	2.48e-11	1.20e-08	2.47e-06	2.19e-03	9.43e-02	9.04e-01	0.00e+00	0.00e+00	0.00e+00
 6.36118e+22	1.26e-24	7.19e-19	1.49e-14	2.81e-11	1.32e-08	2.64e-06	2.28e-03	9.62e-02	9.02e-01	0.00e+00	0.00e+00	0.00e+00
 6.40686e+22	1.65e-24	9.04e-19	1.81e-14	3.29e-11	1.49e-08	2.87e-06	2.41e-03	9.86e-02	8.99e-01	0.00e+00	0.00e+00	0.00e+00
 6.45380e+22	2.08e-24	1.11e-18	2.15e-14	3.80e-11	1.66e-08	3.09e-06	2.53e-03	1.01e-01	8.97e-01	0.00e+00	0.00e+00	0.00e+00
 6.49511e+22	2.60e-24	1.34e-18	2.53e-14	4.34e-11	1.84e-08	3.32e-06	2.65e-03	1.03e-01	8.94e-01	0.00e+00	0.00e+00	0.00e+00
 6.54153e+22	3.47e-24	1.73e-18	3.14e-14	5.18e-11	2.11e-08	3.65e-06	2.81e-03	1.06e-01	8.91e-01	0.00e+00	0.00e+00	0.00e+00
 6.58855e+22	4.41e-24	2.12e-18	3.74e-14	5.99e-11	2.36e-08	3.93e-06	2.94e-03	1.08e-01	8.89e-01	0.00e+00	0.00e+00	0.00e+00
 6.62867e+22	5.46e-24	2.56e-18	4.38e-14	6.82e-11	2.60e-08	4.21e-06	3.07e-03	1.10e-01	8.86e-01	0.00e+00	0.00e+00	0.00e+00
 6.67314e+22	7.49e-24	3.37e-18	5.53e-14	8.26e-11	3.01e-08	4.65e-06	3.27e-03	1.14e-01	8.83e-01	0.00e+00	0.00e+00	0.00e+00
 6.71689e+22	9.26e-24	4.05e-18	6.47e-14	9.39e-11	3.32e-08	4.98e-06	3.41e-03	1.16e-01	8.81e-01	0.00e+00	0.00e+00	0.00e+00
 6.75971e+22	1.26e-23	5.29e-18	8.12e-14	1.13e-10	3.83e-08	5.49e-06	3.62e-03	1.19e-01	8.77e-01	0.00e+00	0.00e+00	0.00e+00
 6.80180e+22	1.54e-23	6.31e-18	9.43e-14	1.28e-10	4.21e-08	5.85e-06	3.77e-03	1.21e-01	8.75e-01	0.00e+00	0.00e+00	0.00e+00
 6.84293e+22	2.13e-23	8.33e-18	1.19e-13	1.55e-10	4.87e-08	6.47e-06	4.01e-03	1.25e-01	8.71e-01	0.00e+00	0.00e+00	0.00e+00
 6.88365e+22	2.61e-23	9.95e-18	1.39e-13	1.76e-10	5.36e-08	6.90e-06	4.18e-03	1.27e-01	8.68e-01	0.00e+00	0.00e+00	0.00e+00
 6.92385e+22	3.61e-23	1.32e-17	1.76e-13	2.14e-10	6.21e-08	7.63e-06	4.44e-03	1.31e-01	8.65e-01	0.00e+00	0.00e+00	0.00e+00
 6.96424e+22	4.51e-23	1.60e-17	2.08e-13	2.45e-10	6.88e-08	8.19e-06	4.64e-03	1.34e-01	8.62e-01	0.00e+00	0.00e+00	0.00e+00
 7.00488e+22	6.26e-23	2.12e-17	2.64e-13	2.98e-10	7.99e-08	9.06e-06	4.94e-03	1.37e-01	8.58e-01	0.00e+00	0.00e+00	0.00e+00
 7.04623e+22	7.98e-23	2.62e-17	3.16e-13	3.45e-10	8.93e-08	9.77e-06	5.18e-03	1.40e-01	8.54e-01	0.00e+00	0.00e+00	0.00e+00
 7.08849e+22	1.11e-22	3.49e-17	4.03e-13	4.21e-10	1.04e-07	1.08e-05	5.52e-03	1.44e-01	8.50e-01	0.00e+00	0.00e+00	0.00e+00
 7.13039e+22	1.43e-22	4.34e-17	4.85e-13	4.90e-10	1.17e-07	1.17e-05	5.79e-03	1.48e-01	8.47e-01	0.00e+00	0.00e+00	0.00e+00
 7.17184e+22	1.99e-22	5.80e-17	6.20e-13	6.00e-10	1.36e-07	1.30e-05	6.17e-03	1.52e-01	8.42e-01	0.00e+00	0.00e+00	0.00e+00
 7.21388e+22	2.60e-22	7.30e-17	7.53e-13	7.03e-10	1.53e-07	1.41e-05	6.49e-03	1.55e-01	8.38e-01	0.00e+00	0.00e+00	0.00e+00
 7.25669e+22	3.68e-22	9.88e-17	9.73e-13	8.68e-10	1.80e-07	1.57e-05	6.94e-03	1.60e-01	8.33e-01	0.00e+00	0.00e+00	0.00e+00
 7.29999e+22	4.84e-22	1.25e-16	1.19e-12	1.02e-09	2.04e-07	1.71e-05	7.31e-03	1.64e-01	8.29e-01	0.00e+00	0.00e+00	0.00e+00
 7.34391e+22	6.94e-22	1.71e-16	1.55e-12	1.27e-09	2.40e-07	1.92e-05	7.83e-03	1.69e-01	8.23e-01	0.00e+00	0.00e+00	0.00e+00
 7.38808e+22	9.14e-22	2.17e-16	1.90e-12	1.50e-09	2.73e-07	2.09e-05	8.26e-03	1.73e-01	8.19e-01	0.00e+00	0.00e+00	0.00e+00
 7.42612e+22	1.20e-21	2.75e-16	2.32e-12	1.77e-09	3.08e-07	2.27e-05	8.70e-03	1.77e-01	8.14e-01	0.00e+00	0.00e+00	0.00e+00
 7.46913e+22	1.69e-21	3.70e-16	2.99e-12	2.17e-09	3.61e-07	2.53e-05	9.30e-03	1.82e-01	8.08e-01	0.00e+00	0.00e+00	0.00e+00
 7.51255e+22	2.21e-21	4.68e-16	3.64e-12	2.56e-09	4.09e-07	2.76e-05	9.80e-03	1.87e-01	8.04e-01	0.00e+00	0.00e+00	0.00e+00
 7.55651e+22	3.14e-21	6.34e-16	4.72e-12	3.16e-09	4.81e-07	3.08e-05	1.05e-02	1.92e-01	7.97e-01	0.00e+00	0.00e+00	0.00e+00
 7.60059e+22	4.07e-21	7.93e-16	5.70e-12	3.70e-09	5.42e-07	3.34e-05	1.10e-02	1.96e-01	7.93e-01	0.00e+00	0.00e+00	0.00e+00
 7.64484e+22	5.74e-21	1.07e-15	7.35e-12	4.56e-09	6.36e-07	3.73e-05	1.18e-02	2.02e-01	7.86e-01	0.00e+00	0.00e+00	0.00e+00
 7.68986e+22	7.42e-21	1.34e-15	8.88e-12	5.32e-09	7.17e-07	4.05e-05	1.24e-02	2.07e-01	7.81e-01	0.00e+00	0.00e+00	0.00e+00
 7.73589e+22	1.05e-20	1.80e-15	1.14e-11	6.55e-09	8.41e-07	4.52e-05	1.33e-02	2.13e-01	7.74e-01	0.00e+00	0.00e+00	0.00e+00
 7.78309e+22	1.36e-20	2.25e-15	1.38e-11	7.68e-09	9.50e-07	4.92e-05	1.40e-02	2.17e-01	7.69e-01	0.00e+00	0.00e+00	0.00e+00
 7.83183e+22	1.91e-20	3.03e-15	1.78e-11	9.45e-09	1.11e-06	5.49e-05	1.50e-02	2.24e-01	7.61e-01	0.00e+00	0.00e+00	0.00e+00
 7.88156e+22	2.49e-20	3.81e-15	2.16e-11	1.11e-08	1.26e-06	5.99e-05	1.58e-02	2.29e-01	7.55e-01	0.00e+00	0.00e+00	0.00e+00
 7.93258e+22	3.49e-20	5.11e-15	2.78e-11	1.37e-08	1.48e-06	6.69e-05	1.69e-02	2.36e-01	7.47e-01	0.00e+00	0.00e+00	0.00e+00
 7.98396e+22	4.51e-20	6.38e-15	3.36e-11	1.60e-08	1.68e-06	7.29e-05	1.78e-02	2.41e-01	7.41e-01	0.00e+00	0.00e+00	0.00e+00
 8.03580e+22	6.24e-20	8.47e-15	4.27e-11	1.95e-08	1.96e-06	8.12e-05	1.91e-02	2.47e-01	7.33e-01	0.00e+00	0.00e+00	0.00e+00
 8.08900e+22	8.09e-20	1.06e-14	5.17e-11	2.29e-08	2.21e-06	8.85e-05	2.01e-02	2.53e-01	7.27e-01	0.00e+00	0.00e+00	0.00e+00
 8.13505e+22	1.02e-19	1.30e-14	6.15e-11	2.64e-08	2.48e-06	9.58e-05	2.11e-02	2.58e-01	7.21e-01	0.00e+00	0.00e+00	0.00e+00
 8.18601e+22	1.38e-19	1.68e-14	7.67e-11	3.17e-08	2.86e-06	1.06e-04	2.24e-02	2.64e-01	7.13e-01	0.00e+00	0.00e+00	0.00e+00
 8.23766e+22	1.74e-19	2.06e-14	9.12e-11	3.66e-08	3.20e-06	1.15e-04	2.35e-02	2.70e-01	7.07e-01	0.00e+00	0.00e+00	0.00e+00
 8.29019e+22	2.34e-19	2.67e-14	1.14e-10	4.40e-08	3.70e-06	1.27e-04	2.51e-02	2.76e-01	6.98e-01	0.00e+00	0.00e+00	0.00e+00
 8.34354e+22	2.93e-19	3.24e-14	1.34e-10	5.06e-08	4.13e-06	1.37e-04	2.63e-02	2.82e-01	6.92e-01	0.00e+00	0.00e+00	0.00e+00
 8.39031e+22	3.66e-19	3.93e-14	1.59e-10	5.80e-08	4.60e-06	1.48e-04	2.75e-02	2.87e-01	6.85e-01	0.00e+00	0.00e+00	0.00e+00
 8.44349e+22	4.89e-19	5.05e-14	1.96e-10	6.94e-08	5.30e-06	1.63e-04	2.92e-02	2.94e-01	6.77e-01	0.00e+00	0.00e+00	0.00e+00
 8.49643e+22	5.98e-19	6.02e-14	2.28e-10	7.87e-08	5.85e-06	1.75e-04	3.05e-02	2.99e-01	6.71e-01	0.00e+00	0.00e+00	0.00e+00
 8.54907e+22	7.88e-19	7.64e-14	2.80e-10	9.34e-08	6.70e-06	1.93e-04	3.23e-02	3.05e-01	6.62e-01	0.00e+00	0.00e+00	0.00e+00
 8.60273e+22	9.66e-19	9.13e-14	3.26e-10	1.06e-07	7.41e-06	2.07e-04	3.38e-02	3.10e-01	6.56e-01	0.00e+00	0.00e+00	0.00e+00
 8.65774e+22	1.27e-18	1.16e-13	4.00e-10	1.26e-07	8.49e-06	2.28e-04	3.58e-02	3.17e-01	6.47e-01	0.00e+00	0.00e+00	0.00e+00
 8.71378e+22	1.56e-18	1.39e-13	4.67e-10	1.43e-07	9.40e-06	2.45e-04	3.74e-02	3.23e-01	6.40e-01	0.00e+00	0.00e+00	0.00e+00
 8.77117e+22	2.06e-18	1.76e-13	5.73e-10	1.70e-07	1.08e-05	2.70e-04	3.96e-02	3.30e-01	6.31e-01	0.00e+00	0.00e+00	0.00e+00
 8.82961e+22	2.53e-18	2.11e-13	6.69e-10	1.94e-07	1.20e-05	2.90e-04	4.14e-02	3.35e-01	6.23e-01	0.00e+00	0.00e+00	0.00e+00
 8.88942e+22	3.34e-18	2.68e-13	8.22e-10	2.30e-07	1.37e-05	3.20e-04	4.39e-02	3.42e-01	6.14e-01	0.00e+00	0.00e+00	0.00e+00
 8.95046e+22	4.12e-18	3.22e-13	9.62e-10	2.63e-07	1.52e-05	3.44e-04	4.59e-02	3.48e-01	6.06e-01	0.00e+00	0.00e+00	0.00e+00
 9.00394e+22	5.05e-18	3.84e-13	1.12e-09	2.98e-07	1.69e-05	3.70e-04	4.80e-02	3.53e-01	5.99e-01	0.00e+00	0.00e+00	0.00e+00
 9.06434e+22	6.57e-18	4.83e-13	1.36e-09	3.52e-07	1.92e-05	4.06e-04	5.07e-02	3.60e-01	5.89e-01	0.00e+00	0.00e+00	0.00e+00
 9.12495e+22	7.92e-18	5.69e-13	1.57e-09	3.96e-07	2.11e-05	4.34e-04	5.28e-02	3.65e-01	5.82e-01	0.00e+00	0.00e+00	0.00e+00
 9.18583e+22	1.03e-17	7.15e-13	1.91e-09	4.67e-07	2.41e-05	4.77e-04	5.58e-02	3.72e-01	5.72e-01	0.00e+00	0.00e+00	0.00e+00
 9.24773e+22	1.24e-17	8.42e-13	2.20e-09	5.26e-07	2.65e-05	5.10e-04	5.81e-02	3.77e-01	5.65e-01	0.00e+00	0.00e+00	0.00e+00
 9.31096e+22	1.60e-17	1.05e-12	2.66e-09	6.17e-07	3.01e-05	5.58e-04	6.13e-02	3.83e-01	5.55e-01	0.00e+00	0.00e+00	0.00e+00
 9.37633e+22	1.96e-17	1.25e-12	3.09e-09	7.00e-07	3.33e-05	5.99e-04	6.39e-02	3.89e-01	5.47e-01	0.00e+00	0.00e+00	0.00e+00
 9.44446e+22	2.57e-17	1.59e-12	3.79e-09	8.31e-07	3.82e-05	6.61e-04	6.77e-02	3.96e-01	5.36e-01	2.57e-17	6.33e-28	6.73e-28
 9.51394e+22	3.14e-17	1.89e-12	4.40e-09	9.43e-07	4.22e-05	7.09e-04	7.06e-02	4.01e-01	5.28e-01	3.14e-17	5.75e-26	7.25e-26
 9.58515e+22	4.10e-17	2.38e-12	5.37e-09	1.11e-06	4.83e-05	7.79e-04	7.46e-02	4.08e-01	5.17e-01	4.10e-17	7.50e-26	9.45e-26
 9.65976e+22	5.18e-17	2.92e-12	6.39e-09	1.29e-06	5.43e-05	8.47e-04	7.83e-02	4.14e-01	5.07e-01	5.18e-17	9.47e-26	1.19e-25
 9.73877e+22	6.77e-17	3.69e-12	7.81e-09	1.53e-06	6.21e-05	9.31e-04	8.27e-02	4.21e-01	4.96e-01	6.77e-17	1.24e-25	1.56e-25
 9.82107e+22	8.72e-17	4.60e-12	9.45e-09	1.79e-06	7.05e-05	1.02e-03	8.71e-02	4.27e-01	4.85e-01	8.72e-17	1.60e-25	2.01e-25
 9.89376e+22	1.08e-16	5.56e-12	1.11e-08	2.05e-06	7.86e-05	1.10e-03	9.11e-02	4.32e-01	4.76e-01	1.08e-16	1.98e-25	2.50e-25
 9.97436e+22	1.42e-16	7.05e-12	1.36e-08	2.43e-06	9.01e-05	1.21e-03	9.62e-02	4.39e-01	4.64e-01	1.42e-16	2.60e-25	3.28e-25
 1.00588e+23	1.82e-16	8.74e-12	1.64e-08	2.84e-06	1.02e-04	1.32e-03	1.01e-01	4.44e-01	4.53e-01	1.82e-16	3.33e-25	4.19e-25
 1.01353e+23	2.28e-16	1.06e-11	1.94e-08	3.27e-06	1.14e-04	1.43e-03	1.06e-01	4.49e-01	4.43e-01	2.28e-16	4.16e-25	5.24e-25
 1.02215e+23	3.09e-16	1.38e-11	2.44e-08	3.96e-06	1.33e-04	1.59e-03	1.12e-01	4.56e-01	4.30e-01	3.09e-16	5.65e-25	7.11e-25
 1.03089e+23	3.87e-16	1.69e-11	2.88e-08	4.57e-06	1.49e-04	1.72e-03	1.17e-01	4.61e-01	4.20e-01	3.87e-16	7.08e-25	8.91e-25
 1.03975e+23	5.27e-16	2.21e-11	3.64e-08	5.55e-06	1.74e-04	1.92e-03	1.25e-01	4.67e-01	4.06e-01	5.27e-16	9.65e-25	1.21e-24
 1.04872e+23	6.67e-16	2.71e-11	4.34e-08	6.44e-06	1.96e-04	2.09e-03	1.31e-01	4.72e-01	3.95e-01	6.67e-16	1.22e-24	1.53e-24
 1.05630e+23	8.27e-16	3.27e-11	5.10e-08	7.37e-06	2.18e-04	2.25e-03	1.36e-01	4.75e-01	3.86e-01	8.27e-16	1.51e-24	1.90e-24
 1.06464e+23	1.10e-15	4.20e-11	6.33e-08	8.85e-06	2.53e-04	2.50e-03	1.44e-01	4.80e-01	3.73e-01	1.10e-15	2.02e-24	2.54e-24
 1.07288e+23	1.36e-15	5.03e-11	7.40e-08	1.01e-05	2.81e-04	2.69e-03	1.50e-01	4.84e-01	3.63e-01	1.36e-15	2.48e-24	3.12e-24
 1.08101e+23	1.79e-15	6.39e-11	9.10e-08	1.20e-05	3.23e-04	2.97e-03	1.58e-01	4.88e-01	3.50e-01	1.79e-15	3.27e-24	4.11e-24
 1.08927e+23	2.21e-15	7.71e-11	1.07e-07	1.38e-05	3.61e-04	3.20e-03	1.65e-01	4.91e-01	3.40e-01	2.21e-15	4.05e-24	5.09e-24
 1.09772e+23	2.94e-15	9.88e-11	1.33e-07	1.65e-05	4.19e-04	3.55e-03	1.74e-01	4.95e-01	3.27e-01	2.94e-15	5.38e-24	6.77e-24
 1.10625e+23	3.66e-15	1.20e-10	1.56e-07	1.90e-05	4.68e-04	3.84e-03	1.82e-01	4.97e-01	3.17e-01	3.66e-15	6.69e-24	8.42e-24
 1.11489e+23	4.88e-15	1.54e-10	1.94e-07	2.29e-05	5.46e-04	4.27e-03	1.92e-01	5.00e-01	3.03e-01	4.88e-15	8.93e-24	1.12e-23
 1.12365e+23	6.08e-15	1.86e-10	2.30e-07	2.64e-05	6.12e-04	4.63e-03	2.00e-01	5.01e-01	2.93e-01	6.08e-15	1.11e-23	1.40e-23
 1.13257e+23	8.12e-15	2.40e-10	2.86e-07	3.19e-05	7.15e-04	5.16e-03	2.12e-01	5.03e-01	2.80e-01	8.12e-15	1.49e-23	1.87e-23
 1.14167e+23	1.02e-14	2.93e-10	3.41e-07	3.71e-05	8.09e-04	5.62e-03	2.21e-01	5.04e-01	2.69e-01	1.02e-14	1.87e-23	2.35e-23
 1.15102e+23	1.37e-14	3.79e-10	4.28e-07	4.51e-05	9.51e-04	6.30e-03	2.34e-01	5.04e-01	2.54e-01	1.37e-14	2.51e-23	3.16e-23
 1.16057e+23	1.73e-14	4.65e-10	5.12e-07	5.28e-05	1.08e-03	6.89e-03	2.45e-01	5.04e-01	2.43e-01	1.73e-14	3.17e-23	3.99e-23
 1.17008e+23	2.30e-14	5.95e-10	6.37e-07	6.38e-05	1.27e-03	7.71e-03	2.58e-01	5.03e-01	2.30e-01	2.30e-14	4.20e-23	5.28e-23
 1.17915e+23	2.81e-14	7.10e-10	7.45e-07	7.32e-05	1.42e-03	8.35e-03	2.68e-01	5.02e-01	2.20e-01	2.81e-14	5.14e-23	6.46e-23
 1.18794e+23	3.62e-14	8.88e-10	9.10e-07	8.74e-05	1.65e-03	9.28e-03	2.82e-01	4.99e-01	2.07e-01	3.62e-14	6.63e-23	8.33e-23
 1.19686e+23	4.41e-14	1.06e-09	1.06e-06	1.00e-04	1.86e-03	1.01e-02	2.93e-01	4.97e-01	1.98e-01	4.41e-14	8.08e-23	1.01e-22
 1.20558e+23	5.55e-14	1.30e-09	1.28e-06	1.18e-04	2.14e-03	1.11e-02	3.07e-01	4.93e-01	1.86e-01	5.55e-14	1.02e-22	1.28e-22
 1.21447e+23	6.74e-14	1.54e-09	1.50e-06	1.36e-04	2.41e-03	1.21e-02	3.19e-01	4.90e-01	1.77e-01	6.74e-14	1.24e-22	1.55e-22
 1.22315e+23	8.28e-14	1.85e-09	1.77e-06	1.59e-04	2.75e-03	1.33e-02	3.32e-01	4.85e-01	1.66e-01	8.28e-14	1.52e-22	1.91e-22
 1.23201e+23	9.98e-14	2.18e-09	2.06e-06	1.83e-04	3.11e-03	1.45e-02	3.45e-01	4.80e-01	1.57e-01	9.98e-14	1.83e-22	2.30e-22
 1.24078e+23	1.20e-13	2.57e-09	2.41e-06	2.11e-04	3.52e-03	1.59e-02	3.59e-01	4.74e-01	1.48e-01	1.20e-13	2.21e-22	2.77e-22
 1.24960e+23	1.43e-13	3.01e-09	2.79e-06	2.42e-04	3.96e-03	1.73e-02	3.72e-01	4.68e-01	1.39e-01	1.43e-13	2.62e-22	3.29e-22
 1.25831e+23	1.68e-13	3.49e-09	3.22e-06	2.76e-04	4.45e-03	1.89e-02	3.85e-01	4.61e-01	1.30e-01	1.68e-13	3.10e-22	3.88e-22
 1.26702e+23	1.97e-13	4.03e-09	3.69e-06	3.14e-04	4.99e-03	2.05e-02	3.98e-01	4.54e-01	1.22e-01	1.97e-13	3.62e-22	4.54e-22
 1.27573e+23	2.29e-13	4.62e-09	4.22e-06	3.57e-04	5.58e-03	2.22e-02	4.11e-01	4.46e-01	1.14e-01	2.29e-13	4.21e-22	5.28e-22
 1.28448e+23	2.64e-13	5.27e-09	4.80e-06	4.04e-04	6.23e-03	2.41e-02	4.24e-01	4.38e-01	1.07e-01	2.64e-13	4.85e-22	6.09e-22
 1.29329e+23	3.02e-13	5.99e-09	5.45e-06	4.57e-04	6.94e-03	2.61e-02	4.37e-01	4.30e-01	1.00e-01	3.02e-13	5.56e-22	6.97e-22
 1.30217e+23	3.44e-13	6.77e-09	6.16e-06	5.15e-04	7.72e-03	2.83e-02	4.50e-01	4.21e-01	9.32e-02	3.44e-13	6.34e-22	7.95e-22
 1.31116e+23	3.90e-13	7.62e-09	6.95e-06	5.80e-04	8.57e-03	3.06e-02	4.62e-01	4.11e-01	8.68e-02	3.90e-13	7.19e-22	9.00e-22
 1.32019e+23	4.39e-13	8.53e-09	7.81e-06	6.51e-04	9.48e-03	3.30e-02	4.74e-01	4.02e-01	8.08e-02	4.39e-13	8.09e-22	1.01e-21
 1.32937e+23	4.92e-13	9.53e-09	8.78e-06	7.31e-04	1.05e-02	3.56e-02	4.87e-01	3.92e-01	7.49e-02	4.92e-13	9.08e-22	1.14e-21
 1.33866e+23	5.49e-13	1.06e-08	9.81e-06	8.18e-04	1.16e-02	3.84e-02	4.98e-01	3.82e-01	6.94e-02	5.49e-13	1.01e-21	1.27e-21
 1.34813e+23	6.11e-13	1.18e-08	1.10e-05	9.18e-04	1.28e-02	4.14e-02	5.10e-01	3.71e-01	6.41e-02	6.11e-13	1.13e-21	1.41e-21
 1.35694e+23	6.65e-13	1.28e-08	1.20e-05	1.01e-03	1.39e-02	4.40e-02	5.19e-01	3.62e-01	6.00e-02	6.65e-13	1.23e-21	1.54e-21
 1.36599e+23	7.35e-13	1.42e-08	1.35e-05	1.13e-03	1.53e-02	4.75e-02	5.30e-01	3.50e-01	5.51e-02	7.35e-13	1.36e-21	1.70e-21
 1.37519e+23	7.98e-13	1.55e-08	1.48e-05	1.24e-03	1.66e-02	5.04e-02	5.39e-01	3.41e-01	5.14e-02	7.98e-13	1.48e-21	1.85e-21
 1.38464e+23	8.75e-13	1.71e-08	1.65e-05	1.39e-03	1.83e-02	5.44e-02	5.50e-01	3.29e-01	4.69e-02	8.75e-13	1.62e-21	2.03e-21
 1.39415e+23	9.51e-13	1.86e-08	1.81e-05	1.52e-03	1.97e-02	5.76e-02	5.57e-01	3.20e-01	4.38e-02	9.51e-13	1.76e-21	2.20e-21
 1.40373e+23	1.04e-12	2.05e-08	2.02e-05	1.71e-03	2.16e-02	6.20e-02	5.67e-01	3.08e-01	3.99e-02	1.04e-12	1.93e-21	2.42e-21
 1.41337e+23	1.12e-12	2.22e-08	2.20e-05	1.86e-03	2.32e-02	6.54e-02	5.74e-01	2.99e-01	3.71e-02	1.12e-12	2.09e-21	2.61e-21
 1.42308e+23	1.22e-12	2.44e-08	2.46e-05	2.09e-03	2.54e-02	7.02e-02	5.82e-01	2.87e-01	3.37e-02	1.22e-12	2.28e-21	2.85e-21
 1.43287e+23	1.32e-12	2.64e-08	2.68e-05	2.28e-03	2.72e-02	7.40e-02	5.88e-01	2.77e-01	3.13e-02	1.32e-12	2.46e-21	3.07e-21
 1.44277e+23	1.44e-12	2.91e-08	2.99e-05	2.55e-03	2.97e-02	7.91e-02	5.95e-01	2.66e-01	2.84e-02	1.44e-12	2.68e-21	3.35e-21
 1.45279e+23	1.55e-12	3.15e-08	3.27e-05	2.78e-03	3.18e-02	8.33e-02	5.99e-01	2.56e-01	2.63e-02	1.55e-12	2.89e-21	3.61e-21
 1.46298e+23	1.69e-12	3.48e-08	3.66e-05	3.11e-03	3.46e-02	8.90e-02	6.05e-01	2.45e-01	2.37e-02	1.69e-12	3.16e-21	3.94e-21
 1.47334e+23	1.82e-12	3.78e-08	4.01e-05	3.40e-03	3.70e-02	9.36e-02	6.09e-01	2.36e-01	2.19e-02	1.82e-12	3.41e-21	4.25e-21
 1.48391e+23	1.99e-12	4.19e-08	4.50e-05	3.81e-03	4.02e-02	9.98e-02	6.13e-01	2.24e-01	1.96e-02	1.99e-12	3.74e-21	4.66e-21
 1.49470e+23	2.16e-12	4.58e-08	4.95e-05	4.18e-03	4.30e-02	1.05e-01	6.15e-01	2.15e-01	1.80e-02	2.16e-12	4.06e-21	5.06e-21
 1.50579e+23	2.38e-12	5.12e-08	5.58e-05	4.69e-03	4.67e-02	1.12e-01	6.17e-01	2.03e-01	1.61e-02	2.38e-12	4.47e-21	5.58e-21
 1.51716e+23	2.60e-12	5.64e-08	6.19e-05	5.16e-03	4.99e-02	1.17e-01	6.18e-01	1.94e-01	1.47e-02	2.60e-12	4.90e-21	6.10e-21
 1.52890e+23	2.88e-12	6.35e-08	7.03e-05	5.83e-03	5.43e-02	1.25e-01	6.19e-01	1.83e-01	1.30e-02	2.88e-12	5.44e-21	6.77e-21
 1.53995e+23	3.13e-12	6.95e-08	7.70e-05	6.32e-03	5.73e-02	1.30e-01	6.19e-01	1.76e-01	1.20e-02	3.13e-12	5.93e-21	7.38e-21
 1.55009e+23	3.45e-12	7.75e-08	8.63e-05	7.01e-03	6.14e-02	1.37e-01	6.18e-01	1.66e-01	1.08e-02	3.45e-12	6.54e-21	8.14e-21
 1.56015e+23	3.75e-12	8.47e-08	9.43e-05	7.58e-03	6.47e-02	1.42e-01	6.16e-01	1.60e-01	9.95e-03	3.75e-12	7.12e-21	8.86e-21
 1.57011e+23	4.09e-12	9.39e-08	1.05e-04	8.37e-03	6.90e-02	1.49e-01	6.14e-01	1.51e-01	8.94e-03	4.09e-12	7.79e-21	9.70e-21
 1.58012e+23	4.48e-12	1.03e-07	1.15e-04	9.05e-03	7.26e-02	1.54e-01	6.11e-01	1.45e-01	8.25e-03	4.48e-12	8.55e-21	1.06e-20
 1.59022e+23	4.96e-12	1.16e-07	1.29e-04	1.00e-02	7.74e-02	1.61e-01	6.07e-01	1.37e-01	7.40e-03	4.96e-12	9.48e-21	1.18e-20
 1.60049e+23	5.47e-12	1.28e-07	1.42e-04	1.08e-02	8.14e-02	1.67e-01	6.04e-01	1.30e-01	6.79e-03	5.47e-12	1.05e-20	1.30e-20
 1.61101e+23	6.10e-12	1.45e-07	1.61e-04	1.20e-02	8.67e-02	1.74e-01	5.98e-01	1.23e-01	6.06e-03	6.10e-12	1.17e-20	1.46e-20
 1.62167e+23	6.78e-12	1.61e-07	1.78e-04	1.30e-02	9.12e-02	1.80e-01	5.93e-01	1.17e-01	5.54e-03	6.78e-12	1.31e-20	1.62e-20
 1.63251e+23	7.64e-12	1.84e-07	2.01e-04	1.44e-02	9.70e-02	1.88e-01	5.86e-01	1.09e-01	4.92e-03	7.64e-12	1.48e-20	1.83e-20
 1.64357e+23	8.59e-12	2.07e-07	2.24e-04	1.57e-02	1.02e-01	1.93e-01	5.80e-01	1.04e-01	4.48e-03	8.59e-12	1.66e-20	2.07e-20
 1.65490e+23	9.79e-12	2.38e-07	2.55e-04	1.74e-02	1.09e-01	2.02e-01	5.72e-01	9.66e-02	3.94e-03	9.79e-12	1.90e-20	2.36e-20
 1.66649e+23	1.11e-11	2.70e-07	2.86e-04	1.90e-02	1.14e-01	2.08e-01	5.64e-01	9.13e-02	3.57e-03	1.11e-11	2.17e-20	2.69e-20
 1.67840e+23	1.29e-11	3.16e-07	3.29e-04	2.12e-02	1.22e-01	2.16e-01	5.53e-01	8.44e-02	3.11e-03	1.29e-11	2.52e-20	3.13e-20
 1.69059e+23	1.48e-11	3.61e-07	3.70e-04	2.32e-02	1.28e-01	2.22e-01	5.44e-01	7.93e-02	2.80e-03	1.48e-11	2.90e-20	3.59e-20
 1.70313e+23	1.75e-11	4.28e-07	4.29e-04	2.59e-02	1.36e-01	2.30e-01	5.32e-01	7.29e-02	2.42e-03	1.75e-11	3.44e-20	4.27e-20
 1.71581e+23	2.02e-11	4.94e-07	4.84e-04	2.83e-02	1.43e-01	2.36e-01	5.21e-01	6.83e-02	2.17e-03	2.02e-11	4.01e-20	4.96e-20
 1.72869e+23	2.42e-11	5.90e-07	5.65e-04	3.17e-02	1.52e-01	2.44e-01	5.07e-01	6.24e-02	1.86e-03	2.42e-11	4.81e-20	5.96e-20
 1.74172e+23	2.83e-11	6.85e-07	6.39e-04	3.46e-02	1.60e-01	2.50e-01	4.95e-01	5.82e-02	1.66e-03	2.83e-11	5.66e-20	7.00e-20
 1.75493e+23	3.43e-11	8.27e-07	7.48e-04	3.88e-02	1.70e-01	2.57e-01	4.79e-01	5.29e-02	1.41e-03	3.43e-11	6.90e-20	8.53e-20
 1.76784e+23	3.99e-11	9.53e-07	8.41e-04	4.21e-02	1.77e-01	2.62e-01	4.68e-01	4.93e-02	1.26e-03	3.99e-11	8.07e-20	9.97e-20
 1.78036e+23	4.85e-11	1.14e-06	9.75e-04	4.66e-02	1.87e-01	2.68e-01	4.52e-01	4.50e-02	1.09e-03	4.85e-11	9.86e-20	1.22e-19
 1.79347e+23	5.75e-11	1.34e-06	1.11e-03	5.09e-02	1.96e-01	2.72e-01	4.38e-01	4.15e-02	9.53e-04	5.75e-11	1.17e-19	1.45e-19
 1.80454e+23	6.64e-11	1.53e-06	1.23e-03	5.47e-02	2.03e-01	2.76e-01	4.26e-01	3.87e-02	8.53e-04	6.64e-11	1.36e-19	1.68e-19
 1.81611e+23	7.99e-11	1.81e-06	1.41e-03	5.99e-02	2.12e-01	2.80e-01	4.11e-01	3.54e-02	7.43e-04	7.99e-11	1.65e-19	2.03e-19
 1.82805e+23	9.37e-11	2.09e-06	1.58e-03	6.46e-02	2.20e-01	2.83e-01	3.98e-01	3.28e-02	6.57e-04	9.37e-11	1.95e-19	2.40e-19
 1.83877e+23	1.10e-10	2.40e-06	1.76e-03	6.94e-02	2.27e-01	2.85e-01	3.85e-01	3.04e-02	5.83e-04	1.10e-10	2.29e-19	2.82e-19
 1.85101e+23	1.34e-10	2.87e-06	2.02e-03	7.60e-02	2.37e-01	2.88e-01	3.69e-01	2.76e-02	5.02e-04	1.34e-10	2.82e-19	3.47e-19
 1.86371e+23	1.60e-10	3.35e-06	2.28e-03	8.22e-02	2.46e-01	2.90e-01	3.54e-01	2.52e-02	4.37e-04	1.60e-10	3.38e-19	4.16e-19
 1.87503e+23	1.89e-10	3.88e-06	2.55e-03	8.83e-02	2.54e-01	2.91e-01	3.41e-01	2.32e-02	3.84e-04	1.89e-10	4.03e-19	4.95e-19
 1.88777e+23	2.34e-10	4.65e-06	2.92e-03	9.64e-02	2.63e-01	2.92e-01	3.24e-01	2.09e-02	3.27e-04	2.34e-10	5.03e-19	6.18e-19
 1.90110e+23	2.84e-10	5.49e-06	3.31e-03	1.04e-01	2.72e-01	2.92e-01	3.09e-01	1.89e-02	2.81e-04	2.84e-10	6.15e-19	7.54e-19
 1.91316e+23	3.41e-10	6.40e-06	3.72e-03	1.12e-01	2.80e-01	2.92e-01	2.95e-01	1.72e-02	2.44e-04	3.41e-10	7.43e-19	9.12e-19
 1.92677e+23	4.31e-10	7.77e-06	4.29e-03	1.22e-01	2.90e-01	2.90e-01	2.78e-01	1.52e-02	2.04e-04	4.31e-10	9.48e-19	1.16e-18
 1.94082e+23	5.29e-10	9.20e-06	4.86e-03	1.32e-01	2.98e-01	2.88e-01	2.63e-01	1.36e-02	1.73e-04	5.29e-10	1.17e-18	1.44e-18
 1.95334e+23	6.42e-10	1.08e-05	5.46e-03	1.41e-01	3.06e-01	2.86e-01	2.49e-01	1.23e-02	1.49e-04	6.42e-10	1.44e-18	1.76e-18
 1.96751e+23	8.20e-10	1.31e-05	6.30e-03	1.54e-01	3.15e-01	2.82e-01	2.32e-01	1.08e-02	1.23e-04	8.20e-10	1.86e-18	2.27e-18
 1.98223e+23	1.02e-09	1.57e-05	7.16e-03	1.66e-01	3.22e-01	2.79e-01	2.17e-01	9.52e-03	1.02e-04	1.02e-09	2.33e-18	2.85e-18
 1.99544e+23	1.25e-09	1.84e-05	8.04e-03	1.77e-01	3.29e-01	2.74e-01	2.04e-01	8.48e-03	8.67e-05	1.25e-09	2.90e-18	3.53e-18
 2.01040e+23	1.63e-09	2.27e-05	9.31e-03	1.92e-01	3.36e-01	2.68e-01	1.87e-01	7.29e-03	6.97e-05	1.63e-09	3.83e-18	4.66e-18
 2.02587e+23	2.05e-09	2.70e-05	1.05e-02	2.06e-01	3.42e-01	2.62e-01	1.74e-01	6.38e-03	5.76e-05	2.05e-09	4.85e-18	5.91e-18
 2.03986e+23	2.55e-09	3.20e-05	1.19e-02	2.19e-01	3.47e-01	2.55e-01	1.61e-01	5.59e-03	4.78e-05	2.55e-09	6.12e-18	7.45e-18
 2.05588e+23	3.40e-09	3.98e-05	1.38e-02	2.38e-01	3.52e-01	2.46e-01	1.45e-01	4.70e-03	3.74e-05	3.40e-09	8.29e-18	1.01e-17
 2.07205e+23	4.27e-09	4.74e-05	1.55e-02	2.53e-01	3.55e-01	2.39e-01	1.34e-01	4.07e-03	3.05e-05	4.27e-09	1.06e-17	1.28e-17
 2.08840e+23	5.67e-09	5.85e-05	1.79e-02	2.72e-01	3.58e-01	2.29e-01	1.20e-01	3.40e-03	2.38e-05	5.67e-09	1.43e-17	1.73e-17
 2.10512e+23	7.24e-09	7.01e-05	2.02e-02	2.89e-01	3.60e-01	2.20e-01	1.09e-01	2.90e-03	1.90e-05	7.24e-09	1.85e-17	2.24e-17
 2.11982e+23	9.09e-09	8.29e-05	2.26e-02	3.04e-01	3.60e-01	2.11e-01	9.93e-02	2.49e-03	1.54e-05	9.09e-09	2.36e-17	2.85e-17
 2.13643e+23	1.22e-08	1.03e-04	2.60e-02	3.25e-01	3.60e-01	1.99e-01	8.78e-02	2.04e-03	1.17e-05	1.22e-08	3.22e-17	3.90e-17
 2.15346e+23	1.55e-08	1.22e-04	2.92e-02	3.42e-01	3.58e-01	1.90e-01	7.90e-02	1.72e-03	9.29e-06	1.55e-08	4.18e-17	5.05e-17
 2.17105e+23	2.10e-08	1.52e-04	3.35e-02	3.64e-01	3.55e-01	1.77e-01	6.90e-02	1.39e-03	6.93e-06	2.10e-08	5.78e-17	6.98e-17
 2.18891e+23	2.69e-08	1.81e-04	3.76e-02	3.82e-01	3.51e-01	1.67e-01	6.14e-02	1.16e-03	5.41e-06	2.69e-08	7.55e-17	9.11e-17
 2.20472e+23	3.43e-08	2.15e-04	4.18e-02	3.99e-01	3.46e-01	1.57e-01	5.47e-02	9.64e-04	4.23e-06	3.43e-08	9.81e-17	1.18e-16
 2.22288e+23	4.68e-08	2.67e-04	4.79e-02	4.21e-01	3.39e-01	1.44e-01	4.69e-02	7.58e-04	3.06e-06	4.68e-08	1.38e-16	1.66e-16
 2.24128e+23	5.98e-08	3.17e-04	5.33e-02	4.37e-01	3.32e-01	1.35e-01	4.13e-02	6.24e-04	2.36e-06	5.98e-08	1.80e-16	2.16e-16
 2.25735e+23	7.58e-08	3.73e-04	5.89e-02	4.53e-01	3.25e-01	1.26e-01	3.64e-02	5.16e-04	1.83e-06	7.58e-08	2.33e-16	2.80e-16
 2.27275e+23	9.46e-08	4.35e-04	6.45e-02	4.67e-01	3.18e-01	1.17e-01	3.23e-02	4.29e-04	1.43e-06	9.46e-08	2.97e-16	3.57e-16
 2.28742e+23	1.17e-07	5.02e-04	7.04e-02	4.80e-01	3.10e-01	1.09e-01	2.87e-02	3.59e-04	1.13e-06	1.17e-07	3.75e-16	4.50e-16
 2.30397e+23	1.53e-07	6.03e-04	7.84e-02	4.96e-01	3.00e-01	9.98e-02	2.46e-02	2.85e-04	8.32e-07	1.53e-07	5.04e-16	6.05e-16
 2.32047e+23	1.89e-07	6.96e-04	8.53e-02	5.08e-01	2.91e-01	9.26e-02	2.18e-02	2.37e-04	6.50e-07	1.89e-07	6.36e-16	7.62e-16
 2.33690e+23	2.46e-07	8.30e-04	9.44e-02	5.22e-01	2.80e-01	8.41e-02	1.86e-02	1.87e-04	4.77e-07	2.46e-07	8.51e-16	1.02e-15
 2.35364e+23	3.04e-07	9.58e-04	1.03e-01	5.32e-01	2.71e-01	7.74e-02	1.63e-02	1.54e-04	3.68e-07	3.04e-07	1.08e-15	1.29e-15
 2.37079e+23	3.98e-07	1.15e-03	1.13e-01	5.44e-01	2.58e-01	6.96e-02	1.38e-02	1.20e-04	2.64e-07	3.98e-07	1.46e-15	1.74e-15
 2.38807e+23	4.92e-07	1.32e-03	1.23e-01	5.52e-01	2.48e-01	6.36e-02	1.20e-02	9.74e-05	2.02e-07	4.92e-07	1.85e-15	2.21e-15
 2.40553e+23	6.43e-07	1.58e-03	1.35e-01	5.61e-01	2.35e-01	5.67e-02	1.00e-02	7.50e-05	1.43e-07	6.43e-07	2.50e-15	2.99e-15
 2.42321e+23	7.97e-07	1.81e-03	1.46e-01	5.67e-01	2.25e-01	5.15e-02	8.64e-03	6.04e-05	0.00e+00	7.97e-07	3.19e-15	3.80e-15
 2.43737e+23	9.48e-07	2.03e-03	1.55e-01	5.71e-01	2.16e-01	4.75e-02	7.65e-03	5.05e-05	0.00e+00	9.48e-07	3.88e-15	4.62e-15
 2.45199e+23	1.17e-06	2.34e-03	1.67e-01	5.75e-01	2.05e-01	4.30e-02	6.57e-03	4.05e-05	0.00e+00	1.17e-06	4.95e-15	5.89e-15
 2.46696e+23	1.40e-06	2.63e-03	1.78e-01	5.78e-01	1.97e-01	3.94e-02	5.77e-03	3.35e-05	0.00e+00	1.40e-06	6.06e-15	7.21e-15
 2.48029e+23	1.66e-06	2.94e-03	1.89e-01	5.79e-01	1.88e-01	3.61e-02	5.07e-03	2.78e-05	0.00e+00	1.66e-06	7.39e-15	8.77e-15
 2.49553e+23	2.06e-06	3.38e-03	2.03e-01	5.80e-01	1.78e-01	3.23e-02	4.31e-03	2.19e-05	0.00e+00	2.06e-06	9.47e-15	1.12e-14
 2.51095e+23	2.46e-06	3.78e-03	2.15e-01	5.79e-01	1.69e-01	2.94e-02	3.75e-03	1.80e-05	0.00e+00	2.46e-06	1.16e-14	1.38e-14
 2.52447e+23	2.92e-06	4.22e-03	2.27e-01	5.78e-01	1.61e-01	2.67e-02	3.28e-03	1.48e-05	0.00e+00	2.92e-06	1.41e-14	1.67e-14
 2.53991e+23	3.60e-06	4.84e-03	2.43e-01	5.75e-01	1.51e-01	2.37e-02	2.76e-03	1.16e-05	0.00e+00	3.60e-06	1.81e-14	2.14e-14
 2.55562e+23	4.29e-06	5.40e-03	2.57e-01	5.71e-01	1.42e-01	2.14e-02	2.39e-03	9.38e-06	0.00e+00	4.29e-06	2.21e-14	2.62e-14
 2.56954e+23	5.08e-06	6.02e-03	2.71e-01	5.67e-01	1.35e-01	1.94e-02	2.07e-03	7.63e-06	0.00e+00	5.08e-06	2.70e-14	3.19e-14
 2.58550e+23	6.29e-06	6.90e-03	2.89e-01	5.60e-01	1.25e-01	1.70e-02	1.73e-03	5.88e-06	0.00e+00	6.29e-06	3.47e-14	4.11e-14
 2.60163e+23	7.49e-06	7.72e-03	3.04e-01	5.54e-01	1.17e-01	1.53e-02	1.48e-03	4.72e-06	0.00e+00	7.49e-06	4.26e-14	5.04e-14
 2.61582e+23	8.87e-06	8.60e-03	3.20e-01	5.47e-01	1.10e-01	1.37e-02	1.27e-03	3.81e-06	0.00e+00	8.87e-06	5.21e-14	6.16e-14
 2.63210e+23	1.10e-05	9.84e-03	3.39e-01	5.36e-01	1.02e-01	1.19e-02	1.05e-03	2.90e-06	0.00e+00	1.10e-05	6.70e-14	7.93e-14
 2.64867e+23	1.30e-05	1.10e-02	3.56e-01	5.27e-01	9.48e-02	1.06e-02	8.94e-04	2.30e-06	0.00e+00	1.30e-05	8.25e-14	9.75e-14
 2.66563e+23	1.62e-05	1.26e-02	3.78e-01	5.13e-01	8.67e-02	9.11e-03	7.28e-04	1.72e-06	0.00e+00	1.62e-05	1.07e-13	1.26e-13
 2.68277e+23	1.93e-05	1.41e-02	3.96e-01	5.01e-01	8.02e-02	8.02e-03	6.12e-04	1.34e-06	0.00e+00	1.93e-05	1.32e-13	1.56e-13
 2.70015e+23	2.40e-05	1.62e-02	4.18e-01	4.86e-01	7.28e-02	6.84e-03	4.94e-04	9.91e-07	0.00e+00	2.40e-05	1.72e-13	2.03e-13
 2.71785e+23	2.87e-05	1.81e-02	4.37e-01	4.72e-01	6.69e-02	5.97e-03	4.11e-04	7.64e-07	0.00e+00	2.87e-05	2.13e-13	2.52e-13
 2.73595e+23	3.57e-05	2.07e-02	4.61e-01	4.53e-01	6.01e-02	5.03e-03	3.27e-04	5.54e-07	0.00e+00	3.57e-05	2.79e-13	3.29e-13
 2.75436e+23	4.27e-05	2.32e-02	4.80e-01	4.37e-01	5.47e-02	4.34e-03	2.69e-04	4.20e-07	0.00e+00	4.27e-05	3.47e-13	4.10e-13
 2.77064e+23	5.08e-05	2.59e-02	5.00e-01	4.21e-01	4.98e-02	3.75e-03	2.22e-04	3.21e-07	0.00e+00	5.08e-05	4.29e-13	5.07e-13
 2.78930e+23	6.32e-05	2.96e-02	5.23e-01	4.00e-01	4.42e-02	3.11e-03	1.74e-04	2.28e-07	0.00e+00	6.32e-05	5.62e-13	6.64e-13
 2.80571e+23	7.21e-05	3.21e-02	5.38e-01	3.86e-01	4.08e-02	2.76e-03	1.49e-04	1.83e-07	0.00e+00	7.21e-05	6.60e-13	7.80e-13
 2.81922e+23	8.37e-05	3.52e-02	5.54e-01	3.71e-01	3.73e-02	2.41e-03	1.25e-04	1.43e-07	0.00e+00	8.37e-05	7.97e-13	9.41e-13
 2.83330e+23	9.56e-05	3.82e-02	5.69e-01	3.57e-01	3.43e-02	2.13e-03	1.06e-04	0.00e+00	0.00e+00	9.56e-05	9.41e-13	1.11e-12
 2.84603e+23	1.08e-04	4.13e-02	5.82e-01	3.43e-01	3.17e-02	1.89e-03	9.09e-05	0.00e+00	0.00e+00	1.08e-04	1.10e-12	1.30e-12
 2.86049e+23	1.27e-04	4.55e-02	5.98e-01	3.26e-01	2.87e-02	1.62e-03	7.47e-05	0.00e+00	0.00e+00	1.27e-04	1.34e-12	1.58e-12
 2.87526e+23	1.45e-04	4.93e-02	6.11e-01	3.12e-01	2.62e-02	1.42e-03	6.29e-05	0.00e+00	0.00e+00	1.45e-04	1.58e-12	1.87e-12
 2.88834e+23	1.64e-04	5.33e-02	6.24e-01	2.98e-01	2.39e-02	1.24e-03	5.31e-05	0.00e+00	0.00e+00	1.64e-04	1.86e-12	2.20e-12
 2.90329e+23	1.93e-04	5.89e-02	6.38e-01	2.80e-01	2.14e-02	1.05e-03	4.30e-05	0.00e+00	0.00e+00	1.93e-04	2.29e-12	2.70e-12
 2.91850e+23	2.20e-04	6.38e-02	6.50e-01	2.65e-01	1.93e-02	9.10e-04	3.58e-05	0.00e+00	0.00e+00	2.20e-04	2.71e-12	3.19e-12
 2.93407e+23	2.60e-04	7.06e-02	6.64e-01	2.48e-01	1.71e-02	7.60e-04	2.85e-05	0.00e+00	0.00e+00	2.60e-04	3.34e-12	3.94e-12
 2.94982e+23	2.98e-04	7.67e-02	6.74e-01	2.33e-01	1.53e-02	6.51e-04	2.35e-05	0.00e+00	0.00e+00	2.98e-04	3.98e-12	4.69e-12
 2.96367e+23	3.40e-04	8.31e-02	6.83e-01	2.19e-01	1.38e-02	5.60e-04	1.94e-05	0.00e+00	0.00e+00	3.40e-04	4.70e-12	5.55e-12
 2.97954e+23	4.01e-04	9.19e-02	6.93e-01	2.02e-01	1.20e-02	4.62e-04	1.53e-05	0.00e+00	0.00e+00	4.01e-04	5.82e-12	6.87e-12
 2.99582e+23	4.61e-04	1.00e-01	7.01e-01	1.88e-01	1.07e-02	3.90e-04	1.24e-05	0.00e+00	0.00e+00	4.61e-04	6.97e-12	8.22e-12
 3.01264e+23	5.49e-04	1.11e-01	7.08e-01	1.71e-01	9.18e-03	3.15e-04	9.53e-06	0.00e+00	0.00e+00	5.49e-04	8.75e-12	1.03e-11
 3.02960e+23	6.37e-04	1.22e-01	7.12e-01	1.57e-01	8.03e-03	2.62e-04	7.60e-06	0.00e+00	0.00e+00	6.37e-04	1.06e-11	1.25e-11
 3.04422e+23	7.33e-04	1.33e-01	7.14e-01	1.45e-01	7.09e-03	2.20e-04	6.14e-06	0.00e+00	0.00e+00	7.33e-04	1.26e-11	1.49e-11
 3.06071e+23	8.76e-04	1.48e-01	7.15e-01	1.30e-01	6.03e-03	1.75e-04	4.67e-06	0.00e+00	0.00e+00	8.76e-04	1.58e-11	1.87e-11
 3.07730e+23	1.02e-03	1.64e-01	7.12e-01	1.18e-01	5.24e-03	1.45e-04	3.70e-06	0.00e+00	0.00e+00	1.02e-03	1.92e-11	2.26e-11
 3.08512e+23	1.09e-03	1.72e-01	7.06e-01	1.15e-01	5.11e-03	1.40e-04	3.57e-06	0.00e+00	0.00e+00	1.09e-03	2.03e-11	2.40e-11
