#depth	H	H+	H2
 4.62852e+21	3.29e-06	1.00e+00	1.83e-29
 1.03421e+22	5.90e-06	1.00e+00	5.54e-29
 1.19179e+22	7.64e-06	1.00e+00	9.31e-29
 1.26538e+22	8.66e-06	1.00e+00	1.25e-28
 1.29839e+22	9.03e-06	1.00e+00	1.41e-28
 1.31787e+22	9.54e-06	1.00e+00	1.65e-28
 1.33897e+22	1.00e-05	1.00e+00	1.91e-28
 1.36216e+22	1.07e-05	1.00e+00	2.34e-28
 1.38561e+22	1.12e-05	1.00e+00	2.77e-28
 1.40941e+22	1.20e-05	1.00e+00	3.45e-28
 1.43377e+22	1.26e-05	1.00e+00	4.16e-28
 1.45445e+22	1.32e-05	1.00e+00	4.92e-28
 1.47692e+22	1.40e-05	1.00e+00	6.17e-28
 1.49888e+22	1.46e-05	1.00e+00	7.30e-28
 1.52020e+22	1.54e-05	1.00e+00	9.09e-28
 1.54174e+22	1.61e-05	1.00e+00	1.08e-27
 1.56357e+22	1.70e-05	1.00e+00	1.36e-27
 1.58551e+22	1.78e-05	1.00e+00	1.63e-27
 1.60759e+22	1.88e-05	1.00e+00	2.06e-27
 1.62994e+22	1.96e-05	1.00e+00	2.48e-27
 1.65263e+22	2.07e-05	1.00e+00	3.17e-27
 1.67565e+22	2.16e-05	1.00e+00	3.83e-27
 1.69911e+22	2.29e-05	1.00e+00	4.93e-27
 1.72297e+22	2.39e-05	1.00e+00	6.01e-27
 1.74734e+22	2.54e-05	1.00e+00	7.79e-27
 1.77222e+22	2.65e-05	1.00e+00	9.55e-27
 1.79776e+22	2.82e-05	1.00e+00	1.25e-26
 1.82359e+22	2.95e-05	1.00e+00	1.54e-26
 1.84981e+22	3.14e-05	1.00e+00	2.03e-26
 1.87633e+22	3.29e-05	1.00e+00	2.51e-26
 1.89914e+22	3.44e-05	1.00e+00	3.08e-26
 1.92467e+22	3.64e-05	1.00e+00	4.00e-26
 1.95043e+22	3.81e-05	1.00e+00	4.89e-26
 1.97216e+22	3.96e-05	1.00e+00	5.89e-26
 1.99607e+22	4.19e-05	1.00e+00	7.52e-26
 2.01973e+22	4.35e-05	1.00e+00	9.01e-26
 2.04304e+22	4.57e-05	1.00e+00	1.13e-25
 2.06734e+22	4.78e-05	1.00e+00	1.38e-25
 2.08920e+22	4.97e-05	1.00e+00	1.66e-25
 2.11390e+22	5.25e-05	1.00e+00	2.12e-25
 2.13914e+22	5.49e-05	1.00e+00	2.59e-25
 2.16510e+22	5.78e-05	1.00e+00	3.30e-25
 2.19225e+22	6.07e-05	1.00e+00	4.12e-25
 2.21652e+22	6.34e-05	1.00e+00	5.03e-25
 2.24363e+22	6.71e-05	1.00e+00	6.53e-25
 2.27124e+22	7.03e-05	1.00e+00	8.06e-25
 2.29950e+22	7.44e-05	1.00e+00	1.05e-24
 2.32831e+22	7.81e-05	1.00e+00	1.31e-24
 2.35395e+22	8.18e-05	1.00e+00	1.62e-24
 2.38342e+22	8.67e-05	1.00e+00	2.13e-24
 2.41349e+22	9.11e-05	1.00e+00	2.67e-24
 2.44434e+22	9.69e-05	1.00e+00	3.55e-24
 2.47506e+22	1.02e-04	1.00e+00	4.43e-24
 2.50562e+22	1.08e-04	1.00e+00	5.87e-24
 2.53708e+22	1.14e-04	1.00e+00	7.43e-24
 2.56260e+22	1.19e-04	1.00e+00	9.03e-24
 2.58521e+22	1.23e-04	1.00e+00	1.08e-23
 2.61113e+22	1.29e-04	1.00e+00	1.35e-23
 2.63864e+22	1.35e-04	1.00e+00	1.67e-23
 2.66409e+22	1.41e-04	1.00e+00	2.05e-23
 2.69308e+22	1.50e-04	1.00e+00	2.68e-23
 2.72216e+22	1.57e-04	1.00e+00	3.29e-23
 2.75137e+22	1.66e-04	1.00e+00	4.29e-23
 2.78113e+22	1.74e-04	1.00e+00	5.32e-23
 2.81159e+22	1.84e-04	1.00e+00	6.98e-23
 2.84249e+22	1.93e-04	1.00e+00	8.72e-23
 2.87398e+22	2.05e-04	1.00e+00	1.16e-22
 2.90580e+22	2.15e-04	1.00e+00	1.45e-22
 2.93806e+22	2.29e-04	1.00e+00	1.92e-22
 2.97117e+22	2.41e-04	1.00e+00	2.45e-22
 3.00049e+22	2.53e-04	1.00e+00	3.09e-22
 3.03371e+22	2.69e-04	1.00e+00	4.13e-22
 3.06779e+22	2.85e-04	1.00e+00	5.16e-22
 3.09792e+22	2.99e-04	1.00e+00	6.54e-22
 3.13199e+22	3.19e-04	1.00e+00	8.83e-22
 3.16696e+22	3.37e-04	1.00e+00	1.15e-21
 3.19789e+22	3.55e-04	1.00e+00	1.46e-21
 3.23289e+22	3.79e-04	1.00e+00	1.99e-21
 3.26895e+22	4.02e-04	1.00e+00	2.61e-21
 3.30100e+22	4.23e-04	1.00e+00	3.36e-21
 3.33726e+22	4.52e-04	1.00e+00	4.65e-21
 3.37456e+22	4.80e-04	1.00e+00	6.18e-21
 3.40791e+22	5.07e-04	9.99e-01	8.11e-21
 3.44593e+22	5.45e-04	9.99e-01	1.15e-20
 3.48463e+22	5.78e-04	9.99e-01	1.55e-20
 3.51818e+22	6.10e-04	9.99e-01	2.05e-20
 3.55575e+22	6.55e-04	9.99e-01	2.94e-20
 3.59197e+22	6.89e-04	9.99e-01	3.85e-20
 3.62644e+22	7.34e-04	9.99e-01	5.38e-20
 3.66129e+22	7.73e-04	9.99e-01	7.25e-20
 3.69197e+22	8.14e-04	9.99e-01	9.52e-20
 3.72720e+22	8.67e-04	9.99e-01	1.37e-19
 3.76340e+22	9.16e-04	9.99e-01	1.94e-19
 3.79568e+22	9.66e-04	9.99e-01	2.63e-19
 3.83246e+22	1.03e-03	9.99e-01	3.93e-19
 3.86950e+22	1.09e-03	9.99e-01	5.75e-19
 3.89842e+22	1.14e-03	9.99e-01	7.70e-19
 3.92753e+22	1.20e-03	9.99e-01	1.06e-18
 3.95745e+22	1.25e-03	9.99e-01	1.53e-18
 3.98435e+22	1.31e-03	9.99e-01	2.18e-18
 4.01527e+22	1.38e-03	9.99e-01	3.40e-18
 4.04636e+22	1.44e-03	9.99e-01	5.31e-18
 4.07352e+22	1.50e-03	9.98e-01	7.92e-18
 4.10469e+22	1.59e-03	9.98e-01	1.78e-17
 4.13603e+22	1.66e-03	9.98e-01	3.25e-17
 4.16758e+22	1.76e-03	9.98e-01	8.27e-17
 4.19950e+22	1.84e-03	9.98e-01	2.02e-16
 4.23188e+22	1.94e-03	9.98e-01	6.31e-16
 4.26484e+22	2.03e-03	9.98e-01	3.22e-15
 4.29855e+22	2.15e-03	9.98e-01	1.52e-14
 4.32236e+22	2.18e-03	9.98e-01	1.08e-13
 4.33332e+22	2.23e-03	9.98e-01	1.56e-13
 4.34756e+22	2.28e-03	9.98e-01	1.92e-13
 4.36607e+22	2.35e-03	9.98e-01	2.26e-13
 4.39014e+22	2.45e-03	9.98e-01	2.92e-13
 4.42142e+22	2.59e-03	9.97e-01	3.97e-13
 4.45486e+22	2.71e-03	9.97e-01	4.89e-13
 4.49108e+22	2.88e-03	9.97e-01	6.55e-13
 4.52807e+22	3.04e-03	9.97e-01	8.25e-13
 4.56605e+22	3.23e-03	9.97e-01	1.07e-12
 4.59969e+22	3.35e-03	9.97e-01	1.28e-12
 4.62769e+22	3.51e-03	9.96e-01	1.53e-12
 4.65603e+22	3.65e-03	9.96e-01	1.78e-12
 4.68482e+22	3.82e-03	9.96e-01	2.10e-12
 4.71461e+22	3.97e-03	9.96e-01	2.44e-12
 4.74139e+22	4.13e-03	9.96e-01	2.79e-12
 4.77191e+22	4.33e-03	9.96e-01	3.30e-12
 4.80295e+22	4.51e-03	9.95e-01	3.79e-12
 4.83468e+22	4.75e-03	9.95e-01	4.49e-12
 4.86645e+22	4.94e-03	9.95e-01	5.12e-12
 4.88896e+22	5.07e-03	9.95e-01	5.56e-12
 4.90604e+22	5.17e-03	9.95e-01	5.95e-12
 4.92540e+22	5.34e-03	9.95e-01	6.58e-12
 4.95056e+22	5.54e-03	9.94e-01	7.41e-12
 4.98327e+22	5.87e-03	9.94e-01	8.83e-12
 5.00980e+22	5.99e-03	9.94e-01	9.44e-12
 5.02830e+22	6.15e-03	9.94e-01	1.03e-11
 5.05234e+22	6.39e-03	9.94e-01	1.15e-11
 5.08359e+22	6.71e-03	9.93e-01	1.34e-11
 5.11557e+22	6.97e-03	9.93e-01	1.51e-11
 5.14849e+22	7.33e-03	9.93e-01	1.76e-11
 5.18434e+22	7.68e-03	9.92e-01	2.03e-11
 5.22400e+22	8.18e-03	9.92e-01	2.45e-11
 5.26339e+22	8.55e-03	9.91e-01	2.80e-11
 5.30242e+22	9.08e-03	9.91e-01	3.35e-11
 5.34233e+22	9.52e-03	9.90e-01	3.87e-11
 5.38336e+22	1.01e-02	9.90e-01	4.64e-11
 5.42540e+22	1.06e-02	9.89e-01	5.40e-11
 5.46873e+22	1.14e-02	9.89e-01	6.56e-11
 5.51257e+22	1.20e-02	9.88e-01	7.69e-11
 5.55708e+22	1.29e-02	9.87e-01	9.52e-11
 5.60204e+22	1.37e-02	9.86e-01	1.13e-10
 5.63707e+22	1.42e-02	9.86e-01	1.28e-10
 5.67208e+22	1.52e-02	9.85e-01	1.54e-10
 5.70680e+22	1.59e-02	9.84e-01	1.75e-10
 5.74114e+22	1.70e-02	9.83e-01	2.12e-10
 5.77593e+22	1.79e-02	9.82e-01	2.47e-10
 5.81134e+22	1.92e-02	9.81e-01	3.02e-10
 5.84714e+22	2.05e-02	9.80e-01	3.60e-10
 5.87838e+22	2.18e-02	9.78e-01	4.28e-10
 5.91389e+22	2.37e-02	9.76e-01	5.38e-10
 5.95021e+22	2.57e-02	9.74e-01	6.67e-10
 5.98193e+22	2.78e-02	9.72e-01	8.20e-10
 6.01750e+22	3.09e-02	9.69e-01	1.08e-09
 6.05481e+22	3.44e-02	9.66e-01	1.42e-09
 6.08828e+22	3.85e-02	9.62e-01	1.87e-09
 6.11985e+22	4.31e-02	9.57e-01	2.46e-09
 6.14843e+22	4.81e-02	9.52e-01	3.23e-09
 6.17438e+22	5.37e-02	9.46e-01	4.19e-09
 6.20359e+22	6.21e-02	9.38e-01	5.90e-09
 6.22522e+22	6.80e-02	9.32e-01	7.20e-09
 6.23302e+22	7.08e-02	9.29e-01	7.95e-09
 6.23833e+22	7.27e-02	9.27e-01	8.43e-09
 6.24439e+22	7.53e-02	9.25e-01	9.13e-09
 6.25183e+22	7.86e-02	9.21e-01	1.01e-08
 6.25964e+22	8.23e-02	9.18e-01	1.12e-08
 6.26692e+22	8.58e-02	9.14e-01	1.23e-08
 6.27400e+22	8.97e-02	9.10e-01	1.36e-08
 6.28101e+22	9.37e-02	9.06e-01	1.50e-08
 6.28770e+22	9.78e-02	9.02e-01	1.65e-08
 6.29434e+22	1.02e-01	8.98e-01	1.82e-08
 6.30096e+22	1.07e-01	8.93e-01	2.01e-08
 6.30738e+22	1.11e-01	8.89e-01	2.20e-08
 6.31392e+22	1.16e-01	8.84e-01	2.45e-08
 6.32042e+22	1.22e-01	8.78e-01	2.70e-08
 6.32665e+22	1.27e-01	8.73e-01	2.99e-08
 6.33272e+22	1.33e-01	8.67e-01	3.29e-08
 6.33865e+22	1.39e-01	8.61e-01	3.65e-08
 6.34440e+22	1.45e-01	8.55e-01	3.97e-08
 6.35038e+22	1.52e-01	8.48e-01	4.42e-08
 6.35650e+22	1.59e-01	8.41e-01	4.92e-08
 6.36208e+22	1.66e-01	8.34e-01	5.41e-08
 6.36749e+22	1.73e-01	8.27e-01	5.96e-08
 6.37299e+22	1.81e-01	8.19e-01	6.57e-08
 6.37851e+22	1.89e-01	8.11e-01	7.25e-08
 6.38401e+22	1.97e-01	8.03e-01	8.01e-08
 6.38942e+22	2.06e-01	7.94e-01	8.84e-08
 6.39479e+22	2.15e-01	7.85e-01	9.75e-08
 6.40014e+22	2.24e-01	7.76e-01	1.08e-07
 6.40545e+22	2.34e-01	7.66e-01	1.19e-07
 6.41072e+22	2.44e-01	7.56e-01	1.31e-07
 6.41596e+22	2.54e-01	7.46e-01	1.45e-07
 6.42116e+22	2.64e-01	7.36e-01	1.58e-07
 6.42669e+22	2.76e-01	7.24e-01	1.76e-07
 6.43221e+22	2.88e-01	7.12e-01	1.94e-07
 6.43742e+22	3.00e-01	7.00e-01	2.17e-07
 6.44239e+22	3.11e-01	6.89e-01	2.34e-07
 6.44766e+22	3.24e-01	6.76e-01	2.61e-07
 6.45322e+22	3.37e-01	6.63e-01	2.87e-07
 6.45861e+22	3.51e-01	6.49e-01	3.19e-07
 6.46396e+22	3.65e-01	6.35e-01	3.52e-07
 6.46912e+22	3.78e-01	6.22e-01	3.86e-07
 6.47435e+22	3.91e-01	6.09e-01	4.23e-07
 6.47992e+22	4.07e-01	5.93e-01	4.70e-07
 6.48546e+22	4.21e-01	5.79e-01	5.17e-07
 6.49087e+22	4.35e-01	5.65e-01	5.65e-07
 6.49660e+22	4.51e-01	5.49e-01	6.25e-07
 6.50244e+22	4.67e-01	5.33e-01	6.89e-07
 6.50819e+22	4.82e-01	5.18e-01	7.56e-07
 6.51404e+22	4.97e-01	5.03e-01	8.30e-07
 6.52013e+22	5.13e-01	4.87e-01	9.12e-07
 6.52639e+22	5.29e-01	4.71e-01	1.00e-06
 6.53214e+22	5.42e-01	4.58e-01	1.08e-06
 6.53710e+22	5.55e-01	4.45e-01	1.17e-06
 6.54195e+22	5.66e-01	4.34e-01	1.24e-06
 6.54723e+22	5.78e-01	4.22e-01	1.34e-06
 6.55287e+22	5.91e-01	4.09e-01	1.45e-06
 6.55840e+22	6.03e-01	3.97e-01	1.56e-06
 6.56387e+22	6.15e-01	3.85e-01	1.67e-06
 6.56951e+22	6.27e-01	3.73e-01	1.79e-06
 6.57537e+22	6.38e-01	3.62e-01	1.92e-06
 6.58136e+22	6.50e-01	3.50e-01	2.06e-06
 6.58733e+22	6.61e-01	3.39e-01	2.19e-06
 6.59345e+22	6.73e-01	3.27e-01	2.36e-06
 6.59980e+22	6.84e-01	3.16e-01	2.53e-06
 6.60612e+22	6.95e-01	3.05e-01	2.70e-06
 6.61252e+22	7.05e-01	2.95e-01	2.89e-06
 6.61917e+22	7.15e-01	2.85e-01	3.08e-06
 6.62603e+22	7.26e-01	2.74e-01	3.30e-06
 6.63295e+22	7.35e-01	2.65e-01	3.52e-06
 6.63993e+22	7.45e-01	2.55e-01	3.76e-06
 6.64716e+22	7.54e-01	2.46e-01	4.01e-06
 6.65461e+22	7.64e-01	2.36e-01	4.28e-06
 6.66218e+22	7.72e-01	2.27e-01	4.57e-06
 6.66989e+22	7.81e-01	2.19e-01	4.87e-06
 6.67783e+22	7.89e-01	2.11e-01	5.19e-06
 6.68606e+22	7.98e-01	2.02e-01	5.54e-06
 6.69449e+22	8.06e-01	1.94e-01	5.91e-06
 6.70314e+22	8.13e-01	1.87e-01	6.31e-06
 6.71200e+22	8.20e-01	1.80e-01	6.72e-06
 6.72103e+22	8.27e-01	1.73e-01	7.16e-06
 6.73023e+22	8.34e-01	1.66e-01	7.60e-06
 6.73959e+22	8.40e-01	1.60e-01	8.07e-06
 6.74914e+22	8.46e-01	1.54e-01	8.61e-06
 6.75910e+22	8.52e-01	1.48e-01	9.18e-06
 6.76949e+22	8.57e-01	1.43e-01	9.80e-06
 6.77989e+22	8.62e-01	1.38e-01	1.04e-05
 6.79029e+22	8.67e-01	1.33e-01	1.10e-05
 6.80125e+22	8.72e-01	1.28e-01	1.17e-05
 6.81283e+22	8.76e-01	1.23e-01	1.25e-05
 6.82466e+22	8.81e-01	1.19e-01	1.33e-05
 6.83670e+22	8.85e-01	1.15e-01	1.42e-05
 6.84919e+22	8.89e-01	1.11e-01	1.51e-05
 6.86195e+22	8.93e-01	1.07e-01	1.61e-05
 6.87450e+22	8.97e-01	1.03e-01	1.71e-05
 6.88641e+22	9.00e-01	1.00e-01	1.80e-05
 6.89769e+22	9.03e-01	9.74e-02	1.89e-05
 6.90864e+22	9.05e-01	9.47e-02	1.98e-05
 6.91928e+22	9.08e-01	9.22e-02	2.07e-05
 6.92957e+22	9.10e-01	8.98e-02	2.15e-05
 6.93940e+22	9.12e-01	8.76e-02	2.23e-05
 6.94871e+22	9.14e-01	8.55e-02	2.31e-05
 6.95761e+22	9.16e-01	8.35e-02	2.38e-05
 6.96595e+22	9.18e-01	8.18e-02	2.44e-05
 6.97402e+22	9.20e-01	8.01e-02	2.51e-05
 6.98208e+22	9.22e-01	7.83e-02	2.57e-05
 6.98986e+22	9.23e-01	7.66e-02	2.63e-05
 6.99734e+22	9.25e-01	7.51e-02	2.69e-05
 7.00454e+22	9.26e-01	7.36e-02	2.73e-05
 7.01149e+22	9.28e-01	7.22e-02	2.77e-05
 7.01820e+22	9.29e-01	7.08e-02	2.79e-05
 7.02469e+22	9.30e-01	6.95e-02	2.82e-05
 7.03094e+22	9.32e-01	6.82e-02	2.84e-05
 7.03697e+22	9.33e-01	6.70e-02	2.86e-05
 7.04279e+22	9.34e-01	6.58e-02	2.87e-05
 7.04841e+22	9.35e-01	6.46e-02	2.90e-05
 7.05383e+22	9.36e-01	6.35e-02	2.90e-05
 7.05892e+22	9.37e-01	6.25e-02	2.91e-05
 7.06355e+22	9.38e-01	6.16e-02	2.91e-05
 7.06776e+22	9.39e-01	6.08e-02	2.92e-05
 7.07160e+22	9.40e-01	6.00e-02	2.92e-05
 7.07509e+22	9.41e-01	5.94e-02	2.92e-05
 7.07826e+22	9.41e-01	5.88e-02	2.92e-05
 7.08115e+22	9.42e-01	5.82e-02	2.92e-05
 7.08432e+22	9.42e-01	5.75e-02	2.91e-05
 7.08773e+22	9.43e-01	5.67e-02	2.92e-05
 7.09085e+22	9.44e-01	5.61e-02	2.92e-05
 7.09368e+22	9.44e-01	5.56e-02	2.91e-05
 7.09625e+22	9.45e-01	5.52e-02	2.90e-05
 7.09907e+22	9.45e-01	5.46e-02	2.91e-05
 7.10274e+22	9.46e-01	5.36e-02	2.91e-05
 7.10670e+22	9.47e-01	5.28e-02	2.91e-05
 7.11031e+22	9.48e-01	5.20e-02	2.92e-05
 7.11359e+22	9.48e-01	5.15e-02	2.92e-05
 7.11718e+22	9.49e-01	5.09e-02	2.92e-05
 7.12107e+22	9.50e-01	5.01e-02	2.93e-05
 7.12460e+22	9.50e-01	4.95e-02	2.94e-05
 7.12847e+22	9.51e-01	4.89e-02	2.94e-05
 7.13264e+22	9.52e-01	4.81e-02	2.95e-05
 7.13645e+22	9.52e-01	4.75e-02	2.96e-05
 7.13991e+22	9.53e-01	4.70e-02	2.97e-05
 7.14305e+22	9.53e-01	4.65e-02	2.97e-05
 7.14650e+22	9.54e-01	4.60e-02	2.97e-05
 7.15023e+22	9.55e-01	4.53e-02	2.98e-05
 7.15362e+22	9.55e-01	4.48e-02	2.99e-05
 7.15733e+22	9.56e-01	4.42e-02	3.00e-05
 7.16134e+22	9.56e-01	4.35e-02	3.00e-05
 7.16499e+22	9.57e-01	4.29e-02	3.01e-05
 7.16831e+22	9.57e-01	4.25e-02	3.02e-05
 7.17133e+22	9.58e-01	4.21e-02	3.03e-05
 7.17408e+22	9.58e-01	4.17e-02	3.02e-05
 7.17658e+22	9.59e-01	4.14e-02	3.03e-05
 7.17932e+22	9.59e-01	4.10e-02	3.04e-05
 7.18289e+22	9.60e-01	4.03e-02	3.05e-05
 7.18674e+22	9.60e-01	3.97e-02	3.06e-05
 7.19024e+22	9.61e-01	3.92e-02	3.06e-05
 7.19342e+22	9.61e-01	3.88e-02	3.05e-05
 7.19632e+22	9.61e-01	3.84e-02	3.05e-05
 7.19950e+22	9.62e-01	3.80e-02	3.06e-05
 7.20293e+22	9.62e-01	3.75e-02	3.06e-05
 7.20605e+22	9.63e-01	3.71e-02	3.06e-05
 7.20947e+22	9.63e-01	3.66e-02	3.05e-05
 7.21316e+22	9.64e-01	3.61e-02	3.06e-05
 7.21652e+22	9.64e-01	3.57e-02	3.07e-05
 7.22021e+22	9.65e-01	3.53e-02	3.07e-05
 7.22418e+22	9.65e-01	3.48e-02	3.08e-05
 7.22780e+22	9.66e-01	3.44e-02	3.09e-05
 7.23109e+22	9.66e-01	3.41e-02	3.11e-05
 7.23470e+22	9.66e-01	3.37e-02	3.11e-05
 7.23859e+22	9.67e-01	3.33e-02	3.13e-05
 7.24214e+22	9.67e-01	3.29e-02	3.15e-05
 7.24602e+22	9.67e-01	3.25e-02	3.15e-05
 7.25021e+22	9.68e-01	3.20e-02	3.17e-05
 7.25403e+22	9.68e-01	3.16e-02	3.18e-05
 7.25750e+22	9.69e-01	3.14e-02	3.21e-05
 7.26130e+22	9.69e-01	3.10e-02	3.22e-05
 7.26541e+22	9.69e-01	3.06e-02	3.24e-05
 7.26915e+22	9.70e-01	3.03e-02	3.27e-05
 7.27324e+22	9.70e-01	2.99e-02	3.28e-05
 7.27767e+22	9.70e-01	2.94e-02	3.31e-05
 7.28169e+22	9.71e-01	2.91e-02	3.33e-05
 7.28535e+22	9.71e-01	2.89e-02	3.37e-05
 7.28936e+22	9.71e-01	2.85e-02	3.39e-05
 7.29369e+22	9.72e-01	2.81e-02	3.41e-05
 7.29764e+22	9.72e-01	2.78e-02	3.45e-05
 7.30195e+22	9.72e-01	2.74e-02	3.47e-05
 7.30662e+22	9.73e-01	2.70e-02	3.51e-05
 7.31086e+22	9.73e-01	2.68e-02	3.56e-05
 7.31551e+22	9.74e-01	2.64e-02	3.58e-05
 7.32053e+22	9.74e-01	2.59e-02	3.63e-05
 7.32510e+22	9.74e-01	2.57e-02	3.68e-05
 7.33010e+22	9.75e-01	2.53e-02	3.72e-05
 7.33551e+22	9.75e-01	2.49e-02	3.79e-05
 7.34042e+22	9.75e-01	2.45e-02	3.84e-05
 7.34490e+22	9.76e-01	2.43e-02	3.89e-05
 7.34980e+22	9.76e-01	2.39e-02	3.94e-05
 7.35510e+22	9.76e-01	2.35e-02	4.01e-05
 7.35991e+22	9.77e-01	2.33e-02	4.08e-05
 7.36519e+22	9.77e-01	2.30e-02	4.14e-05
 7.37089e+22	9.77e-01	2.25e-02	4.21e-05
 7.37608e+22	9.78e-01	2.23e-02	4.30e-05
 7.38176e+22	9.78e-01	2.20e-02	4.37e-05
 7.38790e+22	9.78e-01	2.16e-02	4.47e-05
 7.39348e+22	9.79e-01	2.13e-02	4.57e-05
 7.39856e+22	9.79e-01	2.11e-02	4.65e-05
 7.40413e+22	9.79e-01	2.08e-02	4.73e-05
 7.41014e+22	9.80e-01	2.04e-02	4.84e-05
 7.41561e+22	9.80e-01	2.01e-02	4.95e-05
 7.42160e+22	9.80e-01	1.98e-02	5.05e-05
 7.42807e+22	9.80e-01	1.95e-02	5.18e-05
 7.43396e+22	9.81e-01	1.93e-02	5.30e-05
 7.44041e+22	9.81e-01	1.89e-02	5.42e-05
 7.44738e+22	9.81e-01	1.86e-02	5.58e-05
 7.45371e+22	9.82e-01	1.83e-02	5.73e-05
 7.46066e+22	9.82e-01	1.80e-02	5.86e-05
 7.46816e+22	9.82e-01	1.77e-02	6.05e-05
 7.47498e+22	9.82e-01	1.74e-02	6.22e-05
 7.48245e+22	9.83e-01	1.71e-02	6.39e-05
 7.49052e+22	9.83e-01	1.68e-02	6.61e-05
 7.49786e+22	9.83e-01	1.65e-02	6.81e-05
 7.50453e+22	9.84e-01	1.63e-02	6.99e-05
 7.51185e+22	9.84e-01	1.60e-02	7.17e-05
 7.51975e+22	9.84e-01	1.57e-02	7.40e-05
 7.52694e+22	9.84e-01	1.55e-02	7.61e-05
 7.53481e+22	9.85e-01	1.52e-02	7.81e-05
 7.54332e+22	9.85e-01	1.49e-02	8.08e-05
 7.55106e+22	9.85e-01	1.46e-02	8.31e-05
 7.55810e+22	9.85e-01	1.44e-02	8.53e-05
 7.56582e+22	9.86e-01	1.42e-02	8.73e-05
 7.57415e+22	9.86e-01	1.39e-02	9.00e-05
 7.58173e+22	9.86e-01	1.37e-02	9.24e-05
 7.59003e+22	9.86e-01	1.35e-02	9.46e-05
 7.59900e+22	9.87e-01	1.32e-02	9.75e-05
 7.60716e+22	9.87e-01	1.30e-02	1.00e-04
 7.61611e+22	9.87e-01	1.27e-02	1.02e-04
 7.62576e+22	9.87e-01	1.25e-02	1.05e-04
 7.63455e+22	9.88e-01	1.23e-02	1.08e-04
 7.64254e+22	9.88e-01	1.21e-02	1.10e-04
 7.65130e+22	9.88e-01	1.18e-02	1.13e-04
 7.66076e+22	9.88e-01	1.16e-02	1.15e-04
 7.66937e+22	9.88e-01	1.14e-02	1.18e-04
 7.67880e+22	9.89e-01	1.12e-02	1.21e-04
 7.69106e+22	9.89e-01	1.09e-02	1.25e-04
 7.70461e+22	9.89e-01	1.06e-02	1.29e-04
 7.71815e+22	9.89e-01	1.03e-02	1.33e-04
 7.73209e+22	9.90e-01	1.00e-02	1.37e-04
 7.74624e+22	9.90e-01	9.73e-03	1.41e-04
 7.76055e+22	9.90e-01	9.46e-03	1.46e-04
 7.77500e+22	9.91e-01	9.19e-03	1.50e-04
 7.78960e+22	9.91e-01	8.93e-03	1.54e-04
 7.80434e+22	9.91e-01	8.67e-03	1.58e-04
 7.81922e+22	9.91e-01	8.42e-03	1.62e-04
 7.83424e+22	9.91e-01	8.18e-03	1.66e-04
 7.84940e+22	9.92e-01	7.94e-03	1.70e-04
 7.86467e+22	9.92e-01	7.71e-03	1.75e-04
 7.88008e+22	9.92e-01	7.48e-03	1.79e-04
 7.89558e+22	9.92e-01	7.26e-03	1.83e-04
 7.91119e+22	9.93e-01	7.04e-03	1.88e-04
 7.92690e+22	9.93e-01	6.83e-03	1.92e-04
 7.94271e+22	9.93e-01	6.63e-03	1.97e-04
 7.95866e+22	9.93e-01	6.43e-03	2.02e-04
 7.97472e+22	9.93e-01	6.23e-03	2.06e-04
 7.99088e+22	9.94e-01	6.04e-03	2.11e-04
 8.00714e+22	9.94e-01	5.86e-03	2.16e-04
 8.02352e+22	9.94e-01	5.68e-03	2.21e-04
 8.04006e+22	9.94e-01	5.50e-03	2.26e-04
 8.05698e+22	9.94e-01	5.33e-03	2.31e-04
 8.07417e+22	9.94e-01	5.16e-03	2.37e-04
 8.09152e+22	9.95e-01	4.99e-03	2.43e-04
 8.10904e+22	9.95e-01	4.83e-03	2.49e-04
 8.12673e+22	9.95e-01	4.68e-03	2.55e-04
 8.14458e+22	9.95e-01	4.52e-03	2.62e-04
 8.16263e+22	9.95e-01	4.37e-03	2.68e-04
 8.18091e+22	9.95e-01	4.23e-03	2.75e-04
 8.19946e+22	9.95e-01	4.09e-03	2.82e-04
 8.21835e+22	9.95e-01	3.95e-03	2.89e-04
 8.23770e+22	9.96e-01	3.81e-03	2.96e-04
 8.25742e+22	9.96e-01	3.67e-03	3.03e-04
 8.27744e+22	9.96e-01	3.54e-03	3.10e-04
 8.29778e+22	9.96e-01	3.41e-03	3.18e-04
 8.31844e+22	9.96e-01	3.29e-03	3.25e-04
 8.33945e+22	9.96e-01	3.17e-03	3.32e-04
 8.36082e+22	9.96e-01	3.05e-03	3.40e-04
 8.38266e+22	9.96e-01	2.93e-03	3.47e-04
 8.40498e+22	9.96e-01	2.82e-03	3.54e-04
 8.42777e+22	9.97e-01	2.71e-03	3.61e-04
 8.45102e+22	9.97e-01	2.60e-03	3.69e-04
 8.47475e+22	9.97e-01	2.49e-03	3.76e-04
 8.49895e+22	9.97e-01	2.39e-03	3.83e-04
 8.52341e+22	9.97e-01	2.29e-03	3.89e-04
 8.54807e+22	9.97e-01	2.19e-03	3.96e-04
 8.57296e+22	9.97e-01	2.10e-03	4.02e-04
 8.59796e+22	9.97e-01	2.01e-03	4.08e-04
 8.62311e+22	9.97e-01	1.92e-03	4.13e-04
 8.64850e+22	9.97e-01	1.84e-03	4.18e-04
 8.67406e+22	9.97e-01	1.76e-03	4.23e-04
 8.69978e+22	9.97e-01	1.68e-03	4.27e-04
 8.72566e+22	9.98e-01	1.61e-03	4.31e-04
 8.75163e+22	9.98e-01	1.54e-03	4.34e-04
 8.77769e+22	9.98e-01	1.47e-03	4.37e-04
 8.80400e+22	9.98e-01	1.40e-03	4.39e-04
 8.83055e+22	9.98e-01	1.34e-03	4.41e-04
 8.85725e+22	9.98e-01	1.28e-03	4.43e-04
 8.88407e+22	9.98e-01	1.22e-03	4.43e-04
 8.91104e+22	9.98e-01	1.17e-03	4.44e-04
 8.93814e+22	9.98e-01	1.11e-03	4.44e-04
 8.96537e+22	9.98e-01	1.06e-03	4.43e-04
 8.99272e+22	9.98e-01	1.01e-03	4.43e-04
 9.02019e+22	9.98e-01	9.62e-04	4.42e-04
 9.04776e+22	9.98e-01	9.16e-04	4.40e-04
 9.07542e+22	9.98e-01	8.72e-04	4.39e-04
 9.10315e+22	9.98e-01	8.29e-04	4.37e-04
 9.13095e+22	9.98e-01	7.89e-04	4.34e-04
 9.15879e+22	9.98e-01	7.50e-04	4.31e-04
 9.18665e+22	9.98e-01	7.10e-04	4.28e-04
 9.21378e+22	9.98e-01	6.76e-04	4.25e-04
 9.24080e+22	9.99e-01	6.43e-04	4.22e-04
 9.25583e+22	9.99e-01	6.40e-04	4.26e-04
