#depth	O	O+	O+2	O+3	O+4	O+5	O+6	O+7	O+8	O[1]	O[2]	O[3]
 1.54284e+22	1.57e-10	3.29e-06	2.24e-03	8.13e-02	2.44e-01	2.89e-01	3.57e-01	2.55e-02	4.46e-04	1.57e-10	3.72e-19	4.57e-19
 3.49416e+22	6.07e-10	1.03e-05	5.29e-03	1.39e-01	3.04e-01	2.87e-01	2.52e-01	1.26e-02	1.55e-04	6.07e-10	1.49e-18	1.83e-18
 4.10687e+22	1.20e-09	1.78e-05	7.85e-03	1.75e-01	3.27e-01	2.75e-01	2.06e-01	8.68e-03	8.96e-05	1.20e-09	3.06e-18	3.74e-18
 4.45629e+22	1.95e-09	2.61e-05	1.03e-02	2.03e-01	3.41e-01	2.63e-01	1.76e-01	6.56e-03	5.99e-05	1.95e-09	5.11e-18	6.23e-18
 4.66139e+22	2.39e-09	3.05e-05	1.15e-02	2.15e-01	3.45e-01	2.57e-01	1.65e-01	5.81e-03	5.05e-05	2.39e-09	6.33e-18	7.71e-18
 4.79922e+22	3.10e-09	3.72e-05	1.32e-02	2.32e-01	3.50e-01	2.49e-01	1.50e-01	4.97e-03	4.04e-05	3.10e-09	8.34e-18	1.01e-17
 4.94529e+22	3.88e-09	4.41e-05	1.48e-02	2.46e-01	3.54e-01	2.42e-01	1.38e-01	4.32e-03	3.32e-05	3.88e-09	1.06e-17	1.29e-17
 5.10210e+22	5.19e-09	5.48e-05	1.71e-02	2.66e-01	3.57e-01	2.32e-01	1.24e-01	3.60e-03	2.57e-05	5.19e-09	1.45e-17	1.76e-17
 5.26070e+22	6.58e-09	6.54e-05	1.93e-02	2.82e-01	3.59e-01	2.23e-01	1.13e-01	3.08e-03	2.07e-05	6.58e-09	1.87e-17	2.27e-17
 5.40009e+22	8.28e-09	7.74e-05	2.16e-02	2.98e-01	3.60e-01	2.14e-01	1.03e-01	2.65e-03	1.68e-05	8.28e-09	2.39e-17	2.90e-17
 5.55977e+22	1.11e-08	9.62e-05	2.50e-02	3.19e-01	3.60e-01	2.03e-01	9.12e-02	2.17e-03	1.27e-05	1.11e-08	3.30e-17	4.00e-17
 5.72202e+22	1.42e-08	1.14e-04	2.80e-02	3.36e-01	3.59e-01	1.93e-01	8.22e-02	1.83e-03	1.01e-05	1.42e-08	4.29e-17	5.20e-17
 5.88762e+22	1.91e-08	1.42e-04	3.21e-02	3.57e-01	3.56e-01	1.81e-01	7.20e-02	1.48e-03	7.60e-06	1.91e-08	5.96e-17	7.21e-17
 6.05627e+22	2.45e-08	1.69e-04	3.60e-02	3.75e-01	3.53e-01	1.71e-01	6.42e-02	1.24e-03	5.94e-06	2.45e-08	7.84e-17	9.48e-17
 6.20618e+22	3.11e-08	2.01e-04	4.01e-02	3.92e-01	3.48e-01	1.61e-01	5.72e-02	1.03e-03	4.66e-06	3.11e-08	1.03e-16	1.24e-16
 6.37834e+22	4.25e-08	2.50e-04	4.60e-02	4.14e-01	3.41e-01	1.48e-01	4.91e-02	8.16e-04	3.38e-06	4.25e-08	1.45e-16	1.76e-16
 6.55286e+22	5.43e-08	2.96e-04	5.12e-02	4.31e-01	3.35e-01	1.38e-01	4.34e-02	6.73e-04	2.61e-06	5.43e-08	1.91e-16	2.31e-16
 6.70461e+22	6.87e-08	3.49e-04	5.65e-02	4.47e-01	3.28e-01	1.29e-01	3.84e-02	5.58e-04	2.03e-06	6.87e-08	2.50e-16	3.01e-16
 6.87604e+22	9.30e-08	4.29e-04	6.41e-02	4.66e-01	3.18e-01	1.18e-01	3.26e-02	4.35e-04	1.46e-06	9.30e-08	3.52e-16	4.25e-16
 7.03940e+22	1.14e-07	4.94e-04	6.97e-02	4.79e-01	3.11e-01	1.10e-01	2.91e-02	3.66e-04	1.16e-06	1.14e-07	4.43e-16	5.35e-16
 7.19226e+22	1.49e-07	5.92e-04	7.77e-02	4.95e-01	3.01e-01	1.01e-01	2.50e-02	2.92e-04	8.56e-07	1.49e-07	6.00e-16	7.24e-16
 7.34547e+22	1.82e-07	6.79e-04	8.42e-02	5.06e-01	2.93e-01	9.37e-02	2.22e-02	2.44e-04	6.76e-07	1.82e-07	7.54e-16	9.10e-16
 7.49913e+22	2.35e-07	8.06e-04	9.29e-02	5.20e-01	2.82e-01	8.54e-02	1.91e-02	1.95e-04	5.02e-07	2.35e-07	1.01e-15	1.21e-15
 7.65810e+22	2.94e-07	9.37e-04	1.01e-01	5.31e-01	2.72e-01	7.84e-02	1.66e-02	1.58e-04	3.82e-07	2.94e-07	1.29e-15	1.56e-15
 7.80029e+22	3.61e-07	1.07e-03	1.09e-01	5.40e-01	2.63e-01	7.23e-02	1.46e-02	1.31e-04	2.97e-07	3.61e-07	1.63e-15	1.97e-15
 7.96148e+22	4.69e-07	1.28e-03	1.21e-01	5.50e-01	2.50e-01	6.49e-02	1.23e-02	1.02e-04	2.14e-07	4.69e-07	2.19e-15	2.64e-15
 8.12575e+22	5.82e-07	1.47e-03	1.31e-01	5.58e-01	2.40e-01	5.92e-02	1.07e-02	8.25e-05	1.62e-07	5.82e-07	2.80e-15	3.37e-15
 8.27200e+22	7.14e-07	1.69e-03	1.41e-01	5.64e-01	2.30e-01	5.40e-02	9.30e-03	6.72e-05	0.00e+00	7.14e-07	3.53e-15	4.24e-15
 8.41373e+22	8.67e-07	1.92e-03	1.51e-01	5.69e-01	2.20e-01	4.95e-02	8.12e-03	5.52e-05	0.00e+00	8.67e-07	4.40e-15	5.28e-15
 8.54456e+22	1.03e-06	2.15e-03	1.60e-01	5.73e-01	2.12e-01	4.56e-02	7.17e-03	4.60e-05	0.00e+00	1.03e-06	5.36e-15	6.43e-15
 8.68757e+22	1.28e-06	2.48e-03	1.73e-01	5.77e-01	2.01e-01	4.10e-02	6.13e-03	3.67e-05	0.00e+00	1.28e-06	6.86e-15	8.22e-15
 8.83237e+22	1.53e-06	2.78e-03	1.84e-01	5.79e-01	1.92e-01	3.75e-02	5.37e-03	3.02e-05	0.00e+00	1.53e-06	8.40e-15	1.01e-14
 8.95903e+22	1.82e-06	3.11e-03	1.95e-01	5.80e-01	1.83e-01	3.44e-02	4.72e-03	2.50e-05	0.00e+00	1.82e-06	1.02e-14	1.22e-14
 9.10324e+22	2.25e-06	3.57e-03	2.09e-01	5.80e-01	1.73e-01	3.07e-02	4.01e-03	1.98e-05	0.00e+00	2.25e-06	1.30e-14	1.55e-14
 9.25008e+22	2.68e-06	3.99e-03	2.22e-01	5.79e-01	1.64e-01	2.79e-02	3.49e-03	1.62e-05	0.00e+00	2.68e-06	1.59e-14	1.90e-14
 9.38007e+22	3.18e-06	4.45e-03	2.34e-01	5.77e-01	1.56e-01	2.54e-02	3.04e-03	1.33e-05	0.00e+00	3.18e-06	1.93e-14	2.30e-14
 9.52878e+22	3.92e-06	5.10e-03	2.51e-01	5.73e-01	1.46e-01	2.25e-02	2.56e-03	1.03e-05	0.00e+00	3.92e-06	2.46e-14	2.94e-14
 9.67973e+22	4.66e-06	5.69e-03	2.65e-01	5.69e-01	1.38e-01	2.03e-02	2.21e-03	8.37e-06	0.00e+00	4.66e-06	3.00e-14	3.58e-14
 9.81321e+22	5.53e-06	6.35e-03	2.79e-01	5.64e-01	1.30e-01	1.83e-02	1.91e-03	6.79e-06	0.00e+00	5.53e-06	3.66e-14	4.36e-14
 9.96639e+22	6.85e-06	7.28e-03	2.97e-01	5.57e-01	1.21e-01	1.60e-02	1.59e-03	5.22e-06	0.00e+00	6.85e-06	4.70e-14	5.59e-14
 1.01212e+23	8.15e-06	8.13e-03	3.13e-01	5.50e-01	1.13e-01	1.44e-02	1.36e-03	4.18e-06	0.00e+00	8.15e-06	5.75e-14	6.84e-14
 1.02576e+23	9.65e-06	9.05e-03	3.29e-01	5.42e-01	1.06e-01	1.29e-02	1.17e-03	3.36e-06	0.00e+00	9.65e-06	7.01e-14	8.33e-14
 1.04143e+23	1.19e-05	1.04e-02	3.49e-01	5.31e-01	9.78e-02	1.12e-02	9.60e-04	2.55e-06	0.00e+00	1.19e-05	9.01e-14	1.07e-13
 1.05738e+23	1.42e-05	1.16e-02	3.66e-01	5.21e-01	9.10e-02	9.89e-03	8.14e-04	2.01e-06	0.00e+00	1.42e-05	1.11e-13	1.31e-13
 1.07368e+23	1.76e-05	1.32e-02	3.88e-01	5.07e-01	8.30e-02	8.49e-03	6.61e-04	1.50e-06	0.00e+00	1.76e-05	1.43e-13	1.69e-13
 1.09018e+23	2.10e-05	1.48e-02	4.06e-01	4.94e-01	7.66e-02	7.45e-03	5.54e-04	1.17e-06	0.00e+00	2.10e-05	1.76e-13	2.08e-13
 1.10695e+23	2.60e-05	1.69e-02	4.29e-01	4.78e-01	6.94e-02	6.33e-03	4.46e-04	8.56e-07	0.00e+00	2.60e-05	2.29e-13	2.70e-13
 1.12404e+23	3.11e-05	1.89e-02	4.49e-01	4.63e-01	6.35e-02	5.51e-03	3.69e-04	6.57e-07	0.00e+00	3.11e-05	2.83e-13	3.33e-13
 1.13357e+23	3.24e-05	1.94e-02	4.54e-01	4.59e-01	6.19e-02	5.29e-03	3.50e-04	6.09e-07	0.00e+00	3.24e-05	2.98e-13	3.51e-13
 1.13795e+23	3.41e-05	2.00e-02	4.60e-01	4.54e-01	6.04e-02	5.08e-03	3.32e-04	5.65e-07	0.00e+00	3.41e-05	3.17e-13	3.73e-13
 1.14364e+23	3.67e-05	2.09e-02	4.68e-01	4.48e-01	5.81e-02	4.79e-03	3.07e-04	5.05e-07	0.00e+00	3.67e-05	3.47e-13	4.08e-13
 1.15105e+23	4.00e-05	2.21e-02	4.77e-01	4.40e-01	5.56e-02	4.46e-03	2.79e-04	4.43e-07	0.00e+00	4.00e-05	3.86e-13	4.53e-13
 1.16067e+23	4.53e-05	2.39e-02	4.91e-01	4.29e-01	5.20e-02	4.02e-03	2.44e-04	3.65e-07	0.00e+00	4.53e-05	4.49e-13	5.28e-13
 1.17318e+23	5.31e-05	2.64e-02	5.09e-01	4.14e-01	4.77e-02	3.51e-03	2.04e-04	2.85e-07	0.00e+00	5.31e-05	5.46e-13	6.40e-13
 1.18718e+23	6.14e-05	2.88e-02	5.25e-01	3.99e-01	4.39e-02	3.09e-03	1.72e-04	2.25e-07	0.00e+00	6.14e-05	6.54e-13	7.65e-13
 1.20015e+23	7.00e-05	3.12e-02	5.40e-01	3.85e-01	4.05e-02	2.74e-03	1.47e-04	1.80e-07	0.00e+00	7.00e-05	7.69e-13	8.97e-13
 1.21216e+23	7.94e-05	3.37e-02	5.54e-01	3.72e-01	3.75e-02	2.43e-03	1.26e-04	1.45e-07	0.00e+00	7.94e-05	9.02e-13	1.05e-12
 1.22592e+23	9.28e-05	3.71e-02	5.71e-01	3.55e-01	3.40e-02	2.10e-03	1.04e-04	0.00e+00	0.00e+00	9.28e-05	1.10e-12	1.27e-12
 1.23996e+23	1.06e-04	4.01e-02	5.86e-01	3.41e-01	3.12e-02	1.84e-03	8.81e-05	0.00e+00	0.00e+00	1.06e-04	1.29e-12	1.49e-12
 1.25246e+23	1.20e-04	4.33e-02	6.00e-01	3.27e-01	2.86e-02	1.62e-03	7.47e-05	0.00e+00	0.00e+00	1.20e-04	1.52e-12	1.75e-12
 1.26680e+23	1.40e-04	4.77e-02	6.16e-01	3.09e-01	2.56e-02	1.38e-03	6.06e-05	0.00e+00	0.00e+00	1.40e-04	1.87e-12	2.14e-12
 1.28135e+23	1.59e-04	5.14e-02	6.30e-01	2.94e-01	2.33e-02	1.20e-03	5.07e-05	0.00e+00	0.00e+00	1.59e-04	2.20e-12	2.51e-12
 1.29618e+23	1.87e-04	5.67e-02	6.45e-01	2.76e-01	2.07e-02	1.01e-03	4.07e-05	0.00e+00	0.00e+00	1.87e-04	2.72e-12	3.08e-12
 1.31118e+23	2.12e-04	6.10e-02	6.58e-01	2.61e-01	1.87e-02	8.68e-04	3.37e-05	0.00e+00	0.00e+00	2.12e-04	3.22e-12	3.62e-12
 1.32642e+23	2.50e-04	6.73e-02	6.72e-01	2.43e-01	1.64e-02	7.20e-04	2.66e-05	0.00e+00	0.00e+00	2.50e-04	4.00e-12	4.46e-12
 1.34181e+23	2.83e-04	7.23e-02	6.84e-01	2.28e-01	1.47e-02	6.17e-04	2.19e-05	0.00e+00	0.00e+00	2.83e-04	4.74e-12	5.23e-12
 1.35739e+23	3.31e-04	7.94e-02	6.96e-01	2.11e-01	1.28e-02	5.09e-04	1.72e-05	0.00e+00	0.00e+00	3.31e-04	5.88e-12	6.42e-12
 1.37346e+23	3.77e-04	8.55e-02	7.06e-01	1.97e-01	1.14e-02	4.29e-04	1.39e-05	0.00e+00	0.00e+00	3.77e-04	7.03e-12	7.60e-12
 1.39013e+23	4.47e-04	9.46e-02	7.16e-01	1.79e-01	9.75e-03	3.45e-04	1.06e-05	0.00e+00	0.00e+00	4.47e-04	8.90e-12	9.49e-12
 1.40693e+23	5.06e-04	1.02e-01	7.24e-01	1.65e-01	8.56e-03	2.88e-04	8.50e-06	0.00e+00	0.00e+00	5.06e-04	1.06e-11	1.12e-11
 1.42388e+23	6.00e-04	1.12e-01	7.31e-01	1.49e-01	7.28e-03	2.29e-04	6.42e-06	0.00e+00	0.00e+00	6.00e-04	1.35e-11	1.40e-11
 1.44106e+23	6.81e-04	1.20e-01	7.36e-01	1.36e-01	6.34e-03	1.89e-04	5.08e-06	0.00e+00	0.00e+00	6.81e-04	1.62e-11	1.65e-11
 1.45855e+23	8.09e-04	1.33e-01	7.40e-01	1.21e-01	5.32e-03	1.48e-04	3.77e-06	0.00e+00	0.00e+00	8.09e-04	2.07e-11	2.07e-11
 1.47614e+23	9.17e-04	1.43e-01	7.42e-01	1.10e-01	4.60e-03	1.21e-04	2.96e-06	0.00e+00	0.00e+00	9.17e-04	2.48e-11	2.44e-11
 1.49387e+23	1.09e-03	1.58e-01	7.41e-01	9.63e-02	3.82e-03	9.34e-05	2.17e-06	0.00e+00	0.00e+00	1.09e-03	3.20e-11	3.07e-11
 1.51167e+23	1.24e-03	1.70e-01	7.39e-01	8.62e-02	3.28e-03	7.55e-05	1.69e-06	0.00e+00	0.00e+00	1.24e-03	3.86e-11	3.63e-11
 1.52954e+23	1.49e-03	1.88e-01	7.33e-01	7.45e-02	2.70e-03	5.72e-05	1.22e-06	0.00e+00	0.00e+00	1.49e-03	5.02e-11	4.58e-11
 1.54746e+23	1.70e-03	2.03e-01	7.27e-01	6.58e-02	2.29e-03	4.56e-05	9.38e-07	0.00e+00	0.00e+00	1.70e-03	6.10e-11	5.46e-11
 1.56545e+23	2.04e-03	2.25e-01	7.15e-01	5.58e-02	1.87e-03	3.38e-05	6.68e-07	0.00e+00	0.00e+00	2.04e-03	7.98e-11	6.93e-11
 1.58345e+23	2.35e-03	2.43e-01	7.04e-01	4.86e-02	1.58e-03	2.65e-05	5.08e-07	0.00e+00	0.00e+00	2.35e-03	9.78e-11	8.30e-11
 1.60146e+23	2.84e-03	2.71e-01	6.85e-01	4.03e-02	1.27e-03	1.92e-05	3.57e-07	0.00e+00	0.00e+00	2.84e-03	1.29e-10	1.06e-10
 1.61947e+23	3.29e-03	2.93e-01	6.68e-01	3.44e-02	1.07e-03	1.48e-05	2.69e-07	0.00e+00	0.00e+00	3.29e-03	1.59e-10	1.28e-10
 1.63748e+23	4.03e-03	3.27e-01	6.40e-01	2.78e-02	8.49e-04	1.04e-05	1.84e-07	0.00e+00	0.00e+00	4.03e-03	2.12e-10	1.66e-10
 1.65546e+23	4.70e-03	3.55e-01	6.17e-01	2.32e-02	7.07e-04	7.76e-06	1.37e-07	0.00e+00	0.00e+00	4.70e-03	2.64e-10	2.01e-10
 1.67340e+23	5.78e-03	3.95e-01	5.81e-01	1.81e-02	5.59e-04	5.28e-06	0.00e+00	0.00e+00	0.00e+00	5.78e-03	3.52e-10	2.61e-10
 1.69151e+23	6.86e-03	4.30e-01	5.48e-01	1.46e-02	4.57e-04	3.77e-06	0.00e+00	0.00e+00	0.00e+00	6.86e-03	4.44e-10	3.23e-10
 1.70985e+23	8.54e-03	4.77e-01	5.03e-01	1.09e-02	3.55e-04	2.43e-06	0.00e+00	0.00e+00	0.00e+00	8.54e-03	5.98e-10	4.25e-10
 1.72840e+23	1.03e-02	5.19e-01	4.62e-01	8.30e-03	2.85e-04	1.63e-06	0.00e+00	0.00e+00	0.00e+00	1.03e-02	7.67e-10	5.36e-10
 1.74447e+23	1.24e-02	5.61e-01	4.20e-01	6.29e-03	2.29e-04	1.09e-06	0.00e+00	0.00e+00	0.00e+00	1.24e-02	9.76e-10	6.71e-10
 1.75831e+23	1.44e-02	5.95e-01	3.86e-01	4.97e-03	1.92e-04	7.78e-07	0.00e+00	0.00e+00	0.00e+00	1.44e-02	1.18e-09	8.03e-10
 1.77203e+23	1.73e-02	6.35e-01	3.44e-01	3.70e-03	1.54e-04	5.11e-07	0.00e+00	0.00e+00	0.00e+00	1.73e-02	1.49e-09	1.00e-09
 1.78646e+23	2.06e-02	6.72e-01	3.04e-01	2.73e-03	1.24e-04	3.35e-07	0.00e+00	0.00e+00	0.00e+00	2.06e-02	1.85e-09	1.23e-09
 1.79949e+23	2.45e-02	7.07e-01	2.66e-01	2.01e-03	9.98e-05	2.19e-07	0.00e+00	0.00e+00	0.00e+00	2.45e-02	2.29e-09	1.51e-09
 1.81410e+23	3.05e-02	7.47e-01	2.21e-01	1.34e-03	7.48e-05	1.25e-07	0.00e+00	0.00e+00	0.00e+00	3.05e-02	3.00e-09	1.96e-09
 1.82916e+23	3.80e-02	7.81e-01	1.80e-01	8.78e-04	5.59e-05	0.00e+00	0.00e+00	0.00e+00	0.00e+00	3.80e-02	3.90e-09	2.53e-09
 1.84149e+23	4.62e-02	8.05e-01	1.48e-01	5.97e-04	4.26e-05	0.00e+00	0.00e+00	0.00e+00	0.00e+00	4.62e-02	4.91e-09	3.17e-09
 1.85210e+23	5.55e-02	8.23e-01	1.21e-01	4.14e-04	3.27e-05	0.00e+00	0.00e+00	0.00e+00	0.00e+00	5.55e-02	6.07e-09	3.90e-09
 1.86184e+23	6.67e-02	8.35e-01	9.82e-02	2.86e-04	2.48e-05	0.00e+00	0.00e+00	0.00e+00	0.00e+00	6.67e-02	7.49e-09	4.79e-09
 1.87115e+23	8.02e-02	8.42e-01	7.80e-02	1.96e-04	1.85e-05	0.00e+00	0.00e+00	0.00e+00	0.00e+00	8.02e-02	9.24e-09	5.89e-09
 1.88028e+23	9.79e-02	8.42e-01	6.02e-02	1.31e-04	1.33e-05	0.00e+00	0.00e+00	0.00e+00	0.00e+00	9.79e-02	1.15e-08	7.31e-09
 1.88863e+23	1.19e-01	8.35e-01	4.61e-02	8.93e-05	9.54e-06	0.00e+00	0.00e+00	0.00e+00	0.00e+00	1.19e-01	1.41e-08	8.96e-09
 1.89586e+23	1.42e-01	8.22e-01	3.55e-02	6.28e-05	6.86e-06	0.00e+00	0.00e+00	0.00e+00	0.00e+00	1.42e-01	1.71e-08	1.08e-08
 1.90222e+23	1.68e-01	8.04e-01	2.75e-02	4.55e-05	4.96e-06	0.00e+00	0.00e+00	0.00e+00	0.00e+00	1.68e-01	2.02e-08	1.27e-08
 1.90797e+23	1.97e-01	7.82e-01	2.13e-02	3.36e-05	3.59e-06	0.00e+00	0.00e+00	0.00e+00	0.00e+00	1.97e-01	2.36e-08	1.48e-08
 1.91330e+23	2.28e-01	7.56e-01	1.65e-02	2.54e-05	2.60e-06	0.00e+00	0.00e+00	0.00e+00	0.00e+00	2.28e-01	2.71e-08	1.70e-08
 1.91826e+23	2.62e-01	7.25e-01	1.27e-02	1.94e-05	1.87e-06	0.00e+00	0.00e+00	0.00e+00	0.00e+00	2.62e-01	3.08e-08	1.93e-08
 1.92287e+23	2.99e-01	6.91e-01	9.87e-03	1.50e-05	1.34e-06	0.00e+00	0.00e+00	0.00e+00	0.00e+00	2.99e-01	3.44e-08	2.15e-08
 1.92710e+23	3.37e-01	6.55e-01	7.70e-03	1.19e-05	9.77e-07	0.00e+00	0.00e+00	0.00e+00	0.00e+00	3.37e-01	3.78e-08	2.36e-08
 1.93094e+23	3.75e-01	6.19e-01	6.08e-03	9.59e-06	7.23e-07	0.00e+00	0.00e+00	0.00e+00	0.00e+00	3.75e-01	4.08e-08	2.55e-08
 1.93429e+23	4.10e-01	5.85e-01	4.91e-03	7.97e-06	5.51e-07	0.00e+00	0.00e+00	0.00e+00	0.00e+00	4.10e-01	4.33e-08	2.70e-08
 1.93673e+23	4.35e-01	5.61e-01	4.22e-03	7.00e-06	4.54e-07	0.00e+00	0.00e+00	0.00e+00	0.00e+00	4.35e-01	4.48e-08	2.79e-08
 1.93837e+23	4.53e-01	5.44e-01	3.79e-03	6.41e-06	3.97e-07	0.00e+00	0.00e+00	0.00e+00	0.00e+00	4.53e-01	4.58e-08	2.85e-08
 1.94005e+23	4.71e-01	5.26e-01	3.39e-03	5.84e-06	3.44e-07	0.00e+00	0.00e+00	0.00e+00	0.00e+00	4.71e-01	4.68e-08	2.91e-08
 1.94208e+23	4.93e-01	5.04e-01	2.95e-03	5.23e-06	2.90e-07	0.00e+00	0.00e+00	0.00e+00	0.00e+00	4.93e-01	4.78e-08	2.98e-08
 1.94432e+23	5.18e-01	4.80e-01	2.53e-03	4.63e-06	2.39e-07	0.00e+00	0.00e+00	0.00e+00	0.00e+00	5.18e-01	4.88e-08	3.04e-08
 1.94657e+23	5.42e-01	4.56e-01	2.18e-03	4.12e-06	1.98e-07	0.00e+00	0.00e+00	0.00e+00	0.00e+00	5.42e-01	4.96e-08	3.09e-08
 1.94875e+23	5.64e-01	4.34e-01	1.88e-03	3.69e-06	1.66e-07	0.00e+00	0.00e+00	0.00e+00	0.00e+00	5.64e-01	5.02e-08	3.12e-08
 1.95085e+23	5.85e-01	4.13e-01	1.64e-03	3.33e-06	1.40e-07	0.00e+00	0.00e+00	0.00e+00	0.00e+00	5.85e-01	5.06e-08	3.14e-08
 1.95251e+23	6.01e-01	3.98e-01	1.48e-03	3.09e-06	0.00e+00	0.00e+00	0.00e+00	0.00e+00	0.00e+00	6.01e-01	5.08e-08	3.15e-08
 1.95365e+23	6.11e-01	3.88e-01	1.37e-03	2.94e-06	0.00e+00	0.00e+00	0.00e+00	0.00e+00	0.00e+00	6.11e-01	5.09e-08	3.16e-08
 1.95477e+23	6.21e-01	3.77e-01	1.27e-03	2.78e-06	0.00e+00	0.00e+00	0.00e+00	0.00e+00	0.00e+00	6.21e-01	5.09e-08	3.16e-08
 1.95609e+23	6.33e-01	3.66e-01	1.17e-03	2.62e-06	0.00e+00	0.00e+00	0.00e+00	0.00e+00	0.00e+00	6.33e-01	5.10e-08	3.16e-08
 1.95755e+23	6.45e-01	3.54e-01	1.07e-03	2.46e-06	0.00e+00	0.00e+00	0.00e+00	0.00e+00	0.00e+00	6.45e-01	5.10e-08	3.16e-08
 1.95901e+23	6.58e-01	3.41e-01	9.71e-04	2.31e-06	0.00e+00	0.00e+00	0.00e+00	0.00e+00	0.00e+00	6.58e-01	5.09e-08	3.15e-08
 1.96040e+23	6.68e-01	3.31e-01	8.91e-04	2.18e-06	0.00e+00	0.00e+00	0.00e+00	0.00e+00	0.00e+00	6.68e-01	5.09e-08	3.15e-08
 1.96180e+23	6.79e-01	3.20e-01	8.17e-04	2.05e-06	0.00e+00	0.00e+00	0.00e+00	0.00e+00	0.00e+00	6.79e-01	5.07e-08	3.14e-08
 1.96328e+23	6.90e-01	3.09e-01	7.46e-04	1.94e-06	0.00e+00	0.00e+00	0.00e+00	0.00e+00	0.00e+00	6.90e-01	5.06e-08	3.13e-08
 1.96483e+23	7.01e-01	2.98e-01	6.79e-04	1.82e-06	0.00e+00	0.00e+00	0.00e+00	0.00e+00	0.00e+00	7.01e-01	5.04e-08	3.11e-08
 1.96639e+23	7.11e-01	2.88e-01	6.19e-04	1.71e-06	0.00e+00	0.00e+00	0.00e+00	0.00e+00	0.00e+00	7.11e-01	5.01e-08	3.10e-08
 1.96795e+23	7.21e-01	2.78e-01	5.64e-04	1.62e-06	0.00e+00	0.00e+00	0.00e+00	0.00e+00	0.00e+00	7.21e-01	4.99e-08	3.08e-08
 1.96957e+23	7.31e-01	2.68e-01	5.14e-04	1.52e-06	0.00e+00	0.00e+00	0.00e+00	0.00e+00	0.00e+00	7.31e-01	4.96e-08	3.06e-08
 1.97126e+23	7.41e-01	2.58e-01	4.67e-04	1.43e-06	0.00e+00	0.00e+00	0.00e+00	0.00e+00	0.00e+00	7.41e-01	4.92e-08	3.04e-08
 1.97299e+23	7.51e-01	2.49e-01	4.23e-04	1.35e-06	0.00e+00	0.00e+00	0.00e+00	0.00e+00	0.00e+00	7.51e-01	4.89e-08	3.01e-08
 1.97475e+23	7.60e-01	2.40e-01	3.84e-04	1.27e-06	0.00e+00	0.00e+00	0.00e+00	0.00e+00	0.00e+00	7.60e-01	4.86e-08	2.99e-08
 1.97656e+23	7.69e-01	2.31e-01	3.49e-04	1.20e-06	0.00e+00	0.00e+00	0.00e+00	0.00e+00	0.00e+00	7.69e-01	4.82e-08	2.97e-08
 1.97844e+23	7.78e-01	2.22e-01	3.16e-04	1.13e-06	0.00e+00	0.00e+00	0.00e+00	0.00e+00	0.00e+00	7.78e-01	4.78e-08	2.94e-08
 1.98036e+23	7.86e-01	2.13e-01	2.86e-04	1.07e-06	0.00e+00	0.00e+00	0.00e+00	0.00e+00	0.00e+00	7.86e-01	4.74e-08	2.91e-08
 1.98234e+23	7.95e-01	2.05e-01	2.59e-04	1.01e-06	0.00e+00	0.00e+00	0.00e+00	0.00e+00	0.00e+00	7.95e-01	4.70e-08	2.89e-08
 1.98439e+23	8.03e-01	1.97e-01	2.34e-04	9.47e-07	0.00e+00	0.00e+00	0.00e+00	0.00e+00	0.00e+00	8.03e-01	4.66e-08	2.86e-08
 1.98652e+23	8.10e-01	1.89e-01	2.11e-04	8.92e-07	0.00e+00	0.00e+00	0.00e+00	0.00e+00	0.00e+00	8.10e-01	4.61e-08	2.83e-08
 1.98870e+23	8.18e-01	1.82e-01	1.91e-04	8.41e-07	0.00e+00	0.00e+00	0.00e+00	0.00e+00	0.00e+00	8.18e-01	4.57e-08	2.80e-08
 1.99095e+23	8.25e-01	1.75e-01	1.73e-04	7.93e-07	0.00e+00	0.00e+00	0.00e+00	0.00e+00	0.00e+00	8.25e-01	4.53e-08	2.78e-08
 1.99329e+23	8.32e-01	1.68e-01	1.57e-04	7.47e-07	0.00e+00	0.00e+00	0.00e+00	0.00e+00	0.00e+00	8.32e-01	4.49e-08	2.75e-08
 1.99573e+23	8.39e-01	1.61e-01	1.42e-04	7.03e-07	0.00e+00	0.00e+00	0.00e+00	0.00e+00	0.00e+00	8.39e-01	4.44e-08	2.72e-08
 1.99825e+23	8.46e-01	1.54e-01	1.29e-04	6.63e-07	0.00e+00	0.00e+00	0.00e+00	0.00e+00	0.00e+00	8.46e-01	4.40e-08	2.69e-08
 2.00085e+23	8.52e-01	1.48e-01	1.17e-04	6.25e-07	0.00e+00	0.00e+00	0.00e+00	0.00e+00	0.00e+00	8.52e-01	4.36e-08	2.67e-08
 2.00352e+23	8.58e-01	1.42e-01	1.07e-04	5.90e-07	0.00e+00	0.00e+00	0.00e+00	0.00e+00	0.00e+00	8.58e-01	4.32e-08	2.64e-08
 2.00626e+23	8.63e-01	1.37e-01	9.75e-05	5.58e-07	0.00e+00	0.00e+00	0.00e+00	0.00e+00	0.00e+00	8.63e-01	4.29e-08	2.61e-08
 2.00906e+23	8.69e-01	1.31e-01	8.95e-05	5.27e-07	0.00e+00	0.00e+00	0.00e+00	0.00e+00	0.00e+00	8.69e-01	4.24e-08	2.57e-08
 2.01199e+23	8.74e-01	1.26e-01	8.24e-05	4.99e-07	0.00e+00	0.00e+00	0.00e+00	0.00e+00	0.00e+00	8.74e-01	4.21e-08	2.54e-08
 2.01504e+23	8.79e-01	1.21e-01	7.61e-05	4.72e-07	0.00e+00	0.00e+00	0.00e+00	0.00e+00	0.00e+00	8.79e-01	4.17e-08	2.50e-08
 2.01816e+23	8.83e-01	1.17e-01	7.06e-05	4.47e-07	0.00e+00	0.00e+00	0.00e+00	0.00e+00	0.00e+00	8.83e-01	4.14e-08	2.47e-08
 2.02135e+23	8.88e-01	1.12e-01	6.59e-05	4.24e-07	0.00e+00	0.00e+00	0.00e+00	0.00e+00	0.00e+00	8.88e-01	4.10e-08	2.44e-08
 2.02469e+23	8.92e-01	1.08e-01	6.16e-05	4.02e-07	0.00e+00	0.00e+00	0.00e+00	0.00e+00	0.00e+00	8.92e-01	4.07e-08	2.41e-08
 2.02826e+23	8.96e-01	1.04e-01	5.78e-05	3.82e-07	0.00e+00	0.00e+00	0.00e+00	0.00e+00	0.00e+00	8.96e-01	4.05e-08	2.39e-08
 2.03194e+23	8.99e-01	1.00e-01	5.44e-05	3.62e-07	0.00e+00	0.00e+00	0.00e+00	0.00e+00	0.00e+00	8.99e-01	4.03e-08	2.36e-08
 2.03576e+23	9.03e-01	9.69e-02	5.14e-05	3.44e-07	0.00e+00	0.00e+00	0.00e+00	0.00e+00	0.00e+00	9.03e-01	4.00e-08	2.33e-08
 2.03981e+23	9.06e-01	9.35e-02	4.88e-05	3.26e-07	0.00e+00	0.00e+00	0.00e+00	0.00e+00	0.00e+00	9.06e-01	3.99e-08	2.31e-08
 2.04410e+23	9.10e-01	9.01e-02	4.64e-05	3.09e-07	0.00e+00	0.00e+00	0.00e+00	0.00e+00	0.00e+00	9.10e-01	3.97e-08	2.29e-08
 2.04860e+23	9.13e-01	8.68e-02	4.43e-05	2.93e-07	0.00e+00	0.00e+00	0.00e+00	0.00e+00	0.00e+00	9.13e-01	3.96e-08	2.27e-08
 2.05318e+23	9.16e-01	8.37e-02	4.24e-05	2.77e-07	0.00e+00	0.00e+00	0.00e+00	0.00e+00	0.00e+00	9.16e-01	3.95e-08	2.25e-08
 2.05760e+23	9.19e-01	8.10e-02	4.09e-05	2.65e-07	0.00e+00	0.00e+00	0.00e+00	0.00e+00	0.00e+00	9.19e-01	3.94e-08	2.23e-08
 2.06182e+23	9.21e-01	7.87e-02	3.97e-05	2.53e-07	0.00e+00	0.00e+00	0.00e+00	0.00e+00	0.00e+00	9.21e-01	3.94e-08	2.21e-08
 2.06596e+23	9.24e-01	7.64e-02	3.86e-05	2.43e-07	0.00e+00	0.00e+00	0.00e+00	0.00e+00	0.00e+00	9.24e-01	3.93e-08	2.20e-08
 2.07002e+23	9.26e-01	7.43e-02	3.76e-05	2.33e-07	0.00e+00	0.00e+00	0.00e+00	0.00e+00	0.00e+00	9.26e-01	3.93e-08	2.19e-08
 2.07398e+23	9.28e-01	7.23e-02	3.68e-05	2.23e-07	0.00e+00	0.00e+00	0.00e+00	0.00e+00	0.00e+00	9.28e-01	3.93e-08	2.17e-08
 2.07776e+23	9.30e-01	7.04e-02	3.61e-05	2.15e-07	0.00e+00	0.00e+00	0.00e+00	0.00e+00	0.00e+00	9.30e-01	3.92e-08	2.16e-08
 2.08126e+23	9.31e-01	6.88e-02	3.55e-05	2.08e-07	0.00e+00	0.00e+00	0.00e+00	0.00e+00	0.00e+00	9.31e-01	3.91e-08	2.15e-08
 2.08466e+23	9.33e-01	6.72e-02	3.49e-05	2.01e-07	0.00e+00	0.00e+00	0.00e+00	0.00e+00	0.00e+00	9.33e-01	3.91e-08	2.14e-08
 2.08807e+23	9.34e-01	6.55e-02	3.43e-05	1.94e-07	0.00e+00	0.00e+00	0.00e+00	0.00e+00	0.00e+00	9.34e-01	3.91e-08	2.13e-08
 2.09137e+23	9.36e-01	6.40e-02	3.39e-05	1.87e-07	0.00e+00	0.00e+00	0.00e+00	0.00e+00	0.00e+00	9.36e-01	3.90e-08	2.12e-08
 2.09455e+23	9.37e-01	6.26e-02	3.34e-05	1.81e-07	0.00e+00	0.00e+00	0.00e+00	0.00e+00	0.00e+00	9.37e-01	3.90e-08	2.11e-08
 2.09762e+23	9.39e-01	6.12e-02	3.30e-05	1.76e-07	0.00e+00	0.00e+00	0.00e+00	0.00e+00	0.00e+00	9.39e-01	3.90e-08	2.10e-08
 2.10059e+23	9.40e-01	5.98e-02	3.27e-05	1.70e-07	0.00e+00	0.00e+00	0.00e+00	0.00e+00	0.00e+00	9.40e-01	3.90e-08	2.09e-08
 2.10347e+23	9.41e-01	5.86e-02	3.23e-05	1.65e-07	0.00e+00	0.00e+00	0.00e+00	0.00e+00	0.00e+00	9.41e-01	3.89e-08	2.09e-08
 2.10625e+23	9.43e-01	5.73e-02	3.20e-05	1.61e-07	0.00e+00	0.00e+00	0.00e+00	0.00e+00	0.00e+00	9.43e-01	3.89e-08	2.08e-08
 2.10892e+23	9.44e-01	5.61e-02	3.18e-05	1.56e-07	0.00e+00	0.00e+00	0.00e+00	0.00e+00	0.00e+00	9.44e-01	3.89e-08	2.07e-08
 2.11150e+23	9.45e-01	5.50e-02	3.15e-05	1.52e-07	0.00e+00	0.00e+00	0.00e+00	0.00e+00	0.00e+00	9.45e-01	3.88e-08	2.06e-08
 2.11399e+23	9.46e-01	5.39e-02	3.12e-05	1.48e-07	0.00e+00	0.00e+00	0.00e+00	0.00e+00	0.00e+00	9.46e-01	3.88e-08	2.05e-08
 2.11640e+23	9.47e-01	5.28e-02	3.10e-05	1.44e-07	0.00e+00	0.00e+00	0.00e+00	0.00e+00	0.00e+00	9.47e-01	3.88e-08	2.05e-08
 2.11868e+23	9.48e-01	5.18e-02	3.08e-05	1.40e-07	0.00e+00	0.00e+00	0.00e+00	0.00e+00	0.00e+00	9.48e-01	3.87e-08	2.04e-08
 2.12092e+23	9.49e-01	5.08e-02	3.06e-05	1.37e-07	0.00e+00	0.00e+00	0.00e+00	0.00e+00	0.00e+00	9.49e-01	3.87e-08	2.03e-08
 2.12309e+23	9.50e-01	4.98e-02	3.04e-05	1.33e-07	0.00e+00	0.00e+00	0.00e+00	0.00e+00	0.00e+00	9.50e-01	3.86e-08	2.02e-08
 2.12507e+23	9.51e-01	4.90e-02	3.03e-05	1.31e-07	0.00e+00	0.00e+00	0.00e+00	0.00e+00	0.00e+00	9.51e-01	3.86e-08	2.02e-08
 2.12687e+23	9.52e-01	4.82e-02	3.01e-05	1.28e-07	0.00e+00	0.00e+00	0.00e+00	0.00e+00	0.00e+00	9.52e-01	3.85e-08	2.01e-08
 2.12851e+23	9.52e-01	4.75e-02	3.00e-05	1.26e-07	0.00e+00	0.00e+00	0.00e+00	0.00e+00	0.00e+00	9.52e-01	3.85e-08	2.00e-08
 2.13000e+23	9.53e-01	4.69e-02	2.99e-05	1.24e-07	0.00e+00	0.00e+00	0.00e+00	0.00e+00	0.00e+00	9.53e-01	3.85e-08	2.00e-08
 2.13136e+23	9.54e-01	4.63e-02	2.98e-05	0.00e+00	0.00e+00	0.00e+00	0.00e+00	0.00e+00	0.00e+00	9.54e-01	3.84e-08	1.99e-08
 2.13260e+23	9.54e-01	4.58e-02	2.97e-05	0.00e+00	0.00e+00	0.00e+00	0.00e+00	0.00e+00	0.00e+00	9.54e-01	3.83e-08	1.99e-08
 2.13372e+23	9.55e-01	4.53e-02	2.96e-05	0.00e+00	0.00e+00	0.00e+00	0.00e+00	0.00e+00	0.00e+00	9.55e-01	3.81e-08	1.98e-08
 2.13474e+23	9.55e-01	4.49e-02	2.95e-05	0.00e+00	0.00e+00	0.00e+00	0.00e+00	0.00e+00	0.00e+00	9.55e-01	3.81e-08	1.98e-08
 2.13587e+23	9.56e-01	4.44e-02	2.94e-05	0.00e+00	0.00e+00	0.00e+00	0.00e+00	0.00e+00	0.00e+00	9.56e-01	3.79e-08	1.97e-08
 2.13732e+23	9.56e-01	4.36e-02	2.92e-05	0.00e+00	0.00e+00	0.00e+00	0.00e+00	0.00e+00	0.00e+00	9.56e-01	3.78e-08	1.96e-08
 2.13890e+23	9.57e-01	4.29e-02	2.90e-05	0.00e+00	0.00e+00	0.00e+00	0.00e+00	0.00e+00	0.00e+00	9.57e-01	3.76e-08	1.96e-08
 2.14033e+23	9.58e-01	4.21e-02	2.88e-05	0.00e+00	0.00e+00	0.00e+00	0.00e+00	0.00e+00	0.00e+00	9.58e-01	3.74e-08	1.95e-08
 2.14163e+23	9.58e-01	4.16e-02	2.87e-05	0.00e+00	0.00e+00	0.00e+00	0.00e+00	0.00e+00	0.00e+00	9.58e-01	3.73e-08	1.95e-08
 2.14282e+23	9.59e-01	4.11e-02	2.86e-05	0.00e+00	0.00e+00	0.00e+00	0.00e+00	0.00e+00	0.00e+00	9.59e-01	3.72e-08	1.94e-08
 2.14389e+23	9.59e-01	4.07e-02	2.85e-05	0.00e+00	0.00e+00	0.00e+00	0.00e+00	0.00e+00	0.00e+00	9.59e-01	3.71e-08	1.94e-08
 2.14488e+23	9.60e-01	4.02e-02	2.84e-05	0.00e+00	0.00e+00	0.00e+00	0.00e+00	0.00e+00	0.00e+00	9.60e-01	3.69e-08	1.93e-08
 2.14577e+23	9.60e-01	4.00e-02	2.83e-05	0.00e+00	0.00e+00	0.00e+00	0.00e+00	0.00e+00	0.00e+00	9.60e-01	3.70e-08	1.93e-08
 2.14675e+23	9.60e-01	3.97e-02	2.81e-05	0.00e+00	0.00e+00	0.00e+00	0.00e+00	0.00e+00	0.00e+00	9.60e-01	3.69e-08	1.93e-08
 2.14802e+23	9.61e-01	3.91e-02	2.79e-05	0.00e+00	0.00e+00	0.00e+00	0.00e+00	0.00e+00	0.00e+00	9.61e-01	3.68e-08	1.92e-08
 2.14939e+23	9.61e-01	3.85e-02	2.77e-05	0.00e+00	0.00e+00	0.00e+00	0.00e+00	0.00e+00	0.00e+00	9.61e-01	3.67e-08	1.92e-08
 2.15064e+23	9.62e-01	3.81e-02	2.76e-05	0.00e+00	0.00e+00	0.00e+00	0.00e+00	0.00e+00	0.00e+00	9.62e-01	3.67e-08	1.92e-08
 2.15201e+23	9.62e-01	3.75e-02	2.74e-05	0.00e+00	0.00e+00	0.00e+00	0.00e+00	0.00e+00	0.00e+00	9.62e-01	3.66e-08	1.91e-08
 2.15349e+23	9.63e-01	3.69e-02	2.71e-05	0.00e+00	0.00e+00	0.00e+00	0.00e+00	0.00e+00	0.00e+00	9.63e-01	3.65e-08	1.91e-08
 2.15484e+23	9.64e-01	3.64e-02	2.70e-05	0.00e+00	0.00e+00	0.00e+00	0.00e+00	0.00e+00	0.00e+00	9.64e-01	3.64e-08	1.90e-08
 2.15606e+23	9.64e-01	3.61e-02	2.68e-05	0.00e+00	0.00e+00	0.00e+00	0.00e+00	0.00e+00	0.00e+00	9.64e-01	3.64e-08	1.91e-08
 2.15741e+23	9.64e-01	3.56e-02	2.66e-05	0.00e+00	0.00e+00	0.00e+00	0.00e+00	0.00e+00	0.00e+00	9.64e-01	3.64e-08	1.90e-08
 2.15886e+23	9.65e-01	3.50e-02	2.64e-05	0.00e+00	0.00e+00	0.00e+00	0.00e+00	0.00e+00	0.00e+00	9.65e-01	3.63e-08	1.90e-08
 2.16017e+23	9.65e-01	3.45e-02	2.62e-05	0.00e+00	0.00e+00	0.00e+00	0.00e+00	0.00e+00	0.00e+00	9.65e-01	3.62e-08	1.89e-08
 2.16137e+23	9.66e-01	3.42e-02	2.60e-05	0.00e+00	0.00e+00	0.00e+00	0.00e+00	0.00e+00	0.00e+00	9.66e-01	3.62e-08	1.89e-08
 2.16269e+23	9.66e-01	3.38e-02	2.58e-05	0.00e+00	0.00e+00	0.00e+00	0.00e+00	0.00e+00	0.00e+00	9.66e-01	3.61e-08	1.89e-08
 2.16411e+23	9.67e-01	3.31e-02	2.56e-05	0.00e+00	0.00e+00	0.00e+00	0.00e+00	0.00e+00	0.00e+00	9.67e-01	3.60e-08	1.88e-08
 2.16540e+23	9.67e-01	3.28e-02	2.54e-05	0.00e+00	0.00e+00	0.00e+00	0.00e+00	0.00e+00	0.00e+00	9.67e-01	3.61e-08	1.88e-08
 2.16682e+23	9.68e-01	3.23e-02	2.51e-05	0.00e+00	0.00e+00	0.00e+00	0.00e+00	0.00e+00	0.00e+00	9.68e-01	3.60e-08	1.88e-08
 2.16834e+23	9.68e-01	3.17e-02	2.48e-05	0.00e+00	0.00e+00	0.00e+00	0.00e+00	0.00e+00	0.00e+00	9.68e-01	3.59e-08	1.87e-08
 2.16973e+23	9.69e-01	3.13e-02	2.46e-05	0.00e+00	0.00e+00	0.00e+00	0.00e+00	0.00e+00	0.00e+00	9.69e-01	3.58e-08	1.86e-08
 2.17100e+23	9.69e-01	3.09e-02	2.44e-05	0.00e+00	0.00e+00	0.00e+00	0.00e+00	0.00e+00	0.00e+00	9.69e-01	3.57e-08	1.86e-08
 2.17215e+23	9.69e-01	3.06e-02	2.42e-05	0.00e+00	0.00e+00	0.00e+00	0.00e+00	0.00e+00	0.00e+00	9.69e-01	3.57e-08	1.86e-08
 2.17341e+23	9.70e-01	3.02e-02	2.39e-05	0.00e+00	0.00e+00	0.00e+00	0.00e+00	0.00e+00	0.00e+00	9.70e-01	3.57e-08	1.85e-08
 2.17477e+23	9.70e-01	2.96e-02	2.37e-05	0.00e+00	0.00e+00	0.00e+00	0.00e+00	0.00e+00	0.00e+00	9.70e-01	3.56e-08	1.85e-08
 2.17601e+23	9.71e-01	2.92e-02	2.35e-05	0.00e+00	0.00e+00	0.00e+00	0.00e+00	0.00e+00	0.00e+00	9.71e-01	3.55e-08	1.84e-08
 2.17714e+23	9.71e-01	2.90e-02	2.33e-05	0.00e+00	0.00e+00	0.00e+00	0.00e+00	0.00e+00	0.00e+00	9.71e-01	3.55e-08	1.84e-08
 2.17838e+23	9.71e-01	2.86e-02	2.31e-05	0.00e+00	0.00e+00	0.00e+00	0.00e+00	0.00e+00	0.00e+00	9.71e-01	3.55e-08	1.83e-08
 2.17971e+23	9.72e-01	2.82e-02	2.29e-05	0.00e+00	0.00e+00	0.00e+00	0.00e+00	0.00e+00	0.00e+00	9.72e-01	3.54e-08	1.83e-08
 2.18093e+23	9.72e-01	2.78e-02	2.27e-05	0.00e+00	0.00e+00	0.00e+00	0.00e+00	0.00e+00	0.00e+00	9.72e-01	3.53e-08	1.82e-08
 2.18226e+23	9.73e-01	2.74e-02	2.25e-05	0.00e+00	0.00e+00	0.00e+00	0.00e+00	0.00e+00	0.00e+00	9.73e-01	3.53e-08	1.82e-08
 2.18369e+23	9.73e-01	2.69e-02	2.23e-05	0.00e+00	0.00e+00	0.00e+00	0.00e+00	0.00e+00	0.00e+00	9.73e-01	3.52e-08	1.81e-08
 2.18500e+23	9.73e-01	2.65e-02	2.21e-05	0.00e+00	0.00e+00	0.00e+00	0.00e+00	0.00e+00	0.00e+00	9.73e-01	3.51e-08	1.80e-08
 2.18619e+23	9.74e-01	2.63e-02	2.20e-05	0.00e+00	0.00e+00	0.00e+00	0.00e+00	0.00e+00	0.00e+00	9.74e-01	3.51e-08	1.80e-08
 2.18749e+23	9.74e-01	2.59e-02	2.18e-05	0.00e+00	0.00e+00	0.00e+00	0.00e+00	0.00e+00	0.00e+00	9.74e-01	3.51e-08	1.80e-08
 2.18890e+23	9.75e-01	2.54e-02	2.16e-05	0.00e+00	0.00e+00	0.00e+00	0.00e+00	0.00e+00	0.00e+00	9.75e-01	3.50e-08	1.79e-08
 2.19018e+23	9.75e-01	2.52e-02	2.14e-05	0.00e+00	0.00e+00	0.00e+00	0.00e+00	0.00e+00	0.00e+00	9.75e-01	3.49e-08	1.78e-08
 2.19159e+23	9.75e-01	2.48e-02	2.12e-05	0.00e+00	0.00e+00	0.00e+00	0.00e+00	0.00e+00	0.00e+00	9.75e-01	3.46e-08	1.77e-08
 2.19310e+23	9.76e-01	2.44e-02	2.10e-05	0.00e+00	0.00e+00	0.00e+00	0.00e+00	0.00e+00	0.00e+00	9.76e-01	3.43e-08	1.75e-08
 2.19476e+23	9.76e-01	2.40e-02	2.08e-05	0.00e+00	0.00e+00	0.00e+00	0.00e+00	0.00e+00	0.00e+00	9.76e-01	3.40e-08	1.74e-08
 2.19655e+23	9.76e-01	2.35e-02	2.05e-05	0.00e+00	0.00e+00	0.00e+00	0.00e+00	0.00e+00	0.00e+00	9.76e-01	3.37e-08	1.72e-08
 2.19818e+23	9.77e-01	2.31e-02	2.03e-05	0.00e+00	0.00e+00	0.00e+00	0.00e+00	0.00e+00	0.00e+00	9.77e-01	3.34e-08	1.70e-08
 2.19967e+23	9.77e-01	2.29e-02	2.02e-05	0.00e+00	0.00e+00	0.00e+00	0.00e+00	0.00e+00	0.00e+00	9.77e-01	3.32e-08	1.69e-08
 2.20130e+23	9.77e-01	2.25e-02	2.00e-05	0.00e+00	0.00e+00	0.00e+00	0.00e+00	0.00e+00	0.00e+00	9.77e-01	3.30e-08	1.68e-08
 2.20305e+23	9.78e-01	2.21e-02	1.98e-05	0.00e+00	0.00e+00	0.00e+00	0.00e+00	0.00e+00	0.00e+00	9.78e-01	3.28e-08	1.66e-08
 2.20465e+23	9.78e-01	2.18e-02	1.96e-05	0.00e+00	0.00e+00	0.00e+00	0.00e+00	0.00e+00	0.00e+00	9.78e-01	3.25e-08	1.64e-08
 2.20610e+23	9.78e-01	2.15e-02	1.94e-05	0.00e+00	0.00e+00	0.00e+00	0.00e+00	0.00e+00	0.00e+00	9.78e-01	3.22e-08	1.62e-08
 2.20743e+23	9.79e-01	2.13e-02	1.93e-05	0.00e+00	0.00e+00	0.00e+00	0.00e+00	0.00e+00	0.00e+00	9.79e-01	3.21e-08	1.62e-08
 2.20888e+23	9.79e-01	2.09e-02	1.91e-05	0.00e+00	0.00e+00	0.00e+00	0.00e+00	0.00e+00	0.00e+00	9.79e-01	3.18e-08	1.59e-08
 2.21044e+23	9.79e-01	2.07e-02	1.90e-05	0.00e+00	0.00e+00	0.00e+00	0.00e+00	0.00e+00	0.00e+00	9.79e-01	3.17e-08	1.59e-08
 2.21216e+23	9.80e-01	2.03e-02	1.88e-05	0.00e+00	0.00e+00	0.00e+00	0.00e+00	0.00e+00	0.00e+00	9.80e-01	3.14e-08	1.57e-08
 2.21401e+23	9.80e-01	1.99e-02	1.86e-05	0.00e+00	0.00e+00	0.00e+00	0.00e+00	0.00e+00	0.00e+00	9.80e-01	3.11e-08	1.55e-08
 2.21569e+23	9.80e-01	1.96e-02	1.84e-05	0.00e+00	0.00e+00	0.00e+00	0.00e+00	0.00e+00	0.00e+00	9.80e-01	3.10e-08	1.54e-08
 2.21754e+23	9.81e-01	1.92e-02	1.82e-05	0.00e+00	0.00e+00	0.00e+00	0.00e+00	0.00e+00	0.00e+00	9.81e-01	3.07e-08	1.52e-08
 2.21953e+23	9.81e-01	1.89e-02	1.80e-05	0.00e+00	0.00e+00	0.00e+00	0.00e+00	0.00e+00	0.00e+00	9.81e-01	3.04e-08	1.50e-08
 2.22135e+23	9.81e-01	1.85e-02	1.78e-05	0.00e+00	0.00e+00	0.00e+00	0.00e+00	0.00e+00	0.00e+00	9.81e-01	3.00e-08	1.47e-08
 2.22300e+23	9.82e-01	1.83e-02	1.77e-05	0.00e+00	0.00e+00	0.00e+00	0.00e+00	0.00e+00	0.00e+00	9.82e-01	2.99e-08	1.46e-08
 2.22481e+23	9.82e-01	1.80e-02	1.75e-05	0.00e+00	0.00e+00	0.00e+00	0.00e+00	0.00e+00	0.00e+00	9.82e-01	2.96e-08	1.44e-08
 2.22676e+23	9.82e-01	1.76e-02	1.73e-05	0.00e+00	0.00e+00	0.00e+00	0.00e+00	0.00e+00	0.00e+00	9.82e-01	2.92e-08	1.42e-08
 2.22854e+23	9.83e-01	1.74e-02	1.72e-05	0.00e+00	0.00e+00	0.00e+00	0.00e+00	0.00e+00	0.00e+00	9.83e-01	2.91e-08	1.41e-08
 2.23048e+23	9.83e-01	1.71e-02	1.70e-05	0.00e+00	0.00e+00	0.00e+00	0.00e+00	0.00e+00	0.00e+00	9.83e-01	2.88e-08	1.39e-08
 2.23259e+23	9.83e-01	1.67e-02	1.68e-05	0.00e+00	0.00e+00	0.00e+00	0.00e+00	0.00e+00	0.00e+00	9.83e-01	2.84e-08	1.36e-08
 2.23450e+23	9.84e-01	1.65e-02	1.66e-05	0.00e+00	0.00e+00	0.00e+00	0.00e+00	0.00e+00	0.00e+00	9.84e-01	2.82e-08	1.35e-08
 2.23660e+23	9.84e-01	1.61e-02	1.64e-05	0.00e+00	0.00e+00	0.00e+00	0.00e+00	0.00e+00	0.00e+00	9.84e-01	2.78e-08	1.33e-08
 2.23886e+23	9.84e-01	1.58e-02	1.62e-05	0.00e+00	0.00e+00	0.00e+00	0.00e+00	0.00e+00	0.00e+00	9.84e-01	2.75e-08	1.31e-08
 2.24092e+23	9.85e-01	1.55e-02	1.61e-05	0.00e+00	0.00e+00	0.00e+00	0.00e+00	0.00e+00	0.00e+00	9.85e-01	2.73e-08	1.29e-08
 2.24279e+23	9.85e-01	1.52e-02	1.59e-05	0.00e+00	0.00e+00	0.00e+00	0.00e+00	0.00e+00	0.00e+00	9.85e-01	2.69e-08	1.26e-08
 2.24450e+23	9.85e-01	1.51e-02	1.58e-05	0.00e+00	0.00e+00	0.00e+00	0.00e+00	0.00e+00	0.00e+00	9.85e-01	2.68e-08	1.25e-08
 2.24637e+23	9.85e-01	1.48e-02	1.56e-05	0.00e+00	0.00e+00	0.00e+00	0.00e+00	0.00e+00	0.00e+00	9.85e-01	2.65e-08	1.24e-08
 2.24838e+23	9.86e-01	1.45e-02	1.55e-05	0.00e+00	0.00e+00	0.00e+00	0.00e+00	0.00e+00	0.00e+00	9.86e-01	2.62e-08	1.21e-08
 2.25022e+23	9.86e-01	1.43e-02	1.54e-05	0.00e+00	0.00e+00	0.00e+00	0.00e+00	0.00e+00	0.00e+00	9.86e-01	2.60e-08	1.20e-08
 2.25223e+23	9.86e-01	1.40e-02	1.52e-05	0.00e+00	0.00e+00	0.00e+00	0.00e+00	0.00e+00	0.00e+00	9.86e-01	2.57e-08	1.18e-08
 2.25440e+23	9.86e-01	1.38e-02	1.50e-05	0.00e+00	0.00e+00	0.00e+00	0.00e+00	0.00e+00	0.00e+00	9.86e-01	2.54e-08	1.17e-08
 2.25638e+23	9.86e-01	1.35e-02	1.49e-05	0.00e+00	0.00e+00	0.00e+00	0.00e+00	0.00e+00	0.00e+00	9.86e-01	2.53e-08	1.16e-08
 2.25855e+23	9.87e-01	1.32e-02	1.47e-05	0.00e+00	0.00e+00	0.00e+00	0.00e+00	0.00e+00	0.00e+00	9.87e-01	2.50e-08	1.14e-08
 2.26088e+23	9.87e-01	1.29e-02	1.46e-05	0.00e+00	0.00e+00	0.00e+00	0.00e+00	0.00e+00	0.00e+00	9.87e-01	2.47e-08	1.12e-08
 2.26301e+23	9.87e-01	1.28e-02	1.44e-05	0.00e+00	0.00e+00	0.00e+00	0.00e+00	0.00e+00	0.00e+00	9.87e-01	2.45e-08	1.11e-08
 2.26534e+23	9.88e-01	1.25e-02	1.43e-05	0.00e+00	0.00e+00	0.00e+00	0.00e+00	0.00e+00	0.00e+00	9.88e-01	2.43e-08	1.09e-08
 2.26786e+23	9.88e-01	1.22e-02	1.41e-05	0.00e+00	0.00e+00	0.00e+00	0.00e+00	0.00e+00	0.00e+00	9.88e-01	2.39e-08	1.06e-08
 2.27015e+23	9.88e-01	1.20e-02	1.40e-05	0.00e+00	0.00e+00	0.00e+00	0.00e+00	0.00e+00	0.00e+00	9.88e-01	2.38e-08	1.05e-08
 2.27266e+23	9.88e-01	1.17e-02	1.38e-05	0.00e+00	0.00e+00	0.00e+00	0.00e+00	0.00e+00	0.00e+00	9.88e-01	2.35e-08	1.03e-08
 2.27537e+23	9.89e-01	1.14e-02	1.36e-05	0.00e+00	0.00e+00	0.00e+00	0.00e+00	0.00e+00	0.00e+00	9.89e-01	2.32e-08	1.00e-08
 2.27784e+23	9.89e-01	1.12e-02	1.35e-05	0.00e+00	0.00e+00	0.00e+00	0.00e+00	0.00e+00	0.00e+00	9.89e-01	2.30e-08	9.93e-09
 2.28054e+23	9.89e-01	1.09e-02	1.33e-05	0.00e+00	0.00e+00	0.00e+00	0.00e+00	0.00e+00	0.00e+00	9.89e-01	2.27e-08	9.72e-09
 2.28346e+23	9.89e-01	1.06e-02	1.31e-05	0.00e+00	0.00e+00	0.00e+00	0.00e+00	0.00e+00	0.00e+00	9.89e-01	2.23e-08	9.48e-09
 2.28611e+23	9.90e-01	1.04e-02	1.30e-05	0.00e+00	0.00e+00	0.00e+00	0.00e+00	0.00e+00	0.00e+00	9.90e-01	2.21e-08	9.36e-09
 2.28902e+23	9.90e-01	1.02e-02	1.28e-05	0.00e+00	0.00e+00	0.00e+00	0.00e+00	0.00e+00	0.00e+00	9.90e-01	2.18e-08	9.15e-09
 2.29216e+23	9.90e-01	9.92e-03	1.26e-05	0.00e+00	0.00e+00	0.00e+00	0.00e+00	0.00e+00	0.00e+00	9.90e-01	2.15e-08	8.97e-09
 2.29502e+23	9.90e-01	9.70e-03	1.25e-05	0.00e+00	0.00e+00	0.00e+00	0.00e+00	0.00e+00	0.00e+00	9.90e-01	2.13e-08	8.80e-09
 2.29762e+23	9.90e-01	9.52e-03	1.23e-05	0.00e+00	0.00e+00	0.00e+00	0.00e+00	0.00e+00	0.00e+00	9.90e-01	2.11e-08	8.67e-09
 2.30047e+23	9.91e-01	9.28e-03	1.22e-05	0.00e+00	0.00e+00	0.00e+00	0.00e+00	0.00e+00	0.00e+00	9.91e-01	2.08e-08	8.47e-09
 2.30354e+23	9.91e-01	9.02e-03	1.20e-05	0.00e+00	0.00e+00	0.00e+00	0.00e+00	0.00e+00	0.00e+00	9.91e-01	2.04e-08	8.26e-09
 2.30634e+23	9.91e-01	8.86e-03	1.19e-05	0.00e+00	0.00e+00	0.00e+00	0.00e+00	0.00e+00	0.00e+00	9.91e-01	2.03e-08	8.15e-09
 2.30941e+23	9.91e-01	8.62e-03	1.17e-05	0.00e+00	0.00e+00	0.00e+00	0.00e+00	0.00e+00	0.00e+00	9.91e-01	2.00e-08	7.96e-09
 2.31272e+23	9.92e-01	8.37e-03	1.15e-05	0.00e+00	0.00e+00	0.00e+00	0.00e+00	0.00e+00	0.00e+00	9.92e-01	1.97e-08	7.75e-09
 2.31574e+23	9.92e-01	8.21e-03	1.14e-05	0.00e+00	0.00e+00	0.00e+00	0.00e+00	0.00e+00	0.00e+00	9.92e-01	1.95e-08	7.64e-09
 2.31904e+23	9.92e-01	7.97e-03	1.12e-05	0.00e+00	0.00e+00	0.00e+00	0.00e+00	0.00e+00	0.00e+00	9.92e-01	1.92e-08	7.45e-09
 2.32261e+23	9.92e-01	7.73e-03	1.11e-05	0.00e+00	0.00e+00	0.00e+00	0.00e+00	0.00e+00	0.00e+00	9.92e-01	1.89e-08	7.24e-09
 2.32585e+23	9.92e-01	7.57e-03	1.09e-05	0.00e+00	0.00e+00	0.00e+00	0.00e+00	0.00e+00	0.00e+00	9.92e-01	1.88e-08	7.13e-09
 2.32941e+23	9.93e-01	7.35e-03	1.07e-05	0.00e+00	0.00e+00	0.00e+00	0.00e+00	0.00e+00	0.00e+00	9.93e-01	1.85e-08	6.95e-09
 2.33324e+23	9.93e-01	7.13e-03	1.06e-05	0.00e+00	0.00e+00	0.00e+00	0.00e+00	0.00e+00	0.00e+00	9.93e-01	1.83e-08	6.78e-09
 2.33674e+23	9.93e-01	6.95e-03	1.04e-05	0.00e+00	0.00e+00	0.00e+00	0.00e+00	0.00e+00	0.00e+00	9.93e-01	1.81e-08	6.63e-09
 2.33992e+23	9.93e-01	6.78e-03	1.03e-05	0.00e+00	0.00e+00	0.00e+00	0.00e+00	0.00e+00	0.00e+00	9.93e-01	1.79e-08	6.49e-09
 2.34340e+23	9.93e-01	6.59e-03	1.01e-05	0.00e+00	0.00e+00	0.00e+00	0.00e+00	0.00e+00	0.00e+00	9.93e-01	1.76e-08	6.32e-09
 2.34716e+23	9.94e-01	6.41e-03	9.98e-06	0.00e+00	0.00e+00	0.00e+00	0.00e+00	0.00e+00	0.00e+00	9.94e-01	1.74e-08	6.17e-09
 2.35128e+23	9.94e-01	6.20e-03	9.80e-06	0.00e+00	0.00e+00	0.00e+00	0.00e+00	0.00e+00	0.00e+00	9.94e-01	1.71e-08	5.97e-09
 2.35573e+23	9.94e-01	6.00e-03	9.63e-06	0.00e+00	0.00e+00	0.00e+00	0.00e+00	0.00e+00	0.00e+00	9.94e-01	1.68e-08	5.80e-09
 2.35977e+23	9.94e-01	5.83e-03	9.48e-06	0.00e+00	0.00e+00	0.00e+00	0.00e+00	0.00e+00	0.00e+00	9.94e-01	1.66e-08	5.65e-09
 2.36346e+23	9.94e-01	5.67e-03	9.35e-06	0.00e+00	0.00e+00	0.00e+00	0.00e+00	0.00e+00	0.00e+00	9.94e-01	1.64e-08	5.51e-09
 2.36681e+23	9.94e-01	5.55e-03	9.23e-06	0.00e+00	0.00e+00	0.00e+00	0.00e+00	0.00e+00	0.00e+00	9.94e-01	1.63e-08	5.40e-09
 2.37048e+23	9.95e-01	5.38e-03	9.08e-06	0.00e+00	0.00e+00	0.00e+00	0.00e+00	0.00e+00	0.00e+00	9.95e-01	1.60e-08	5.24e-09
 2.37445e+23	9.95e-01	5.22e-03	8.94e-06	0.00e+00	0.00e+00	0.00e+00	0.00e+00	0.00e+00	0.00e+00	9.95e-01	1.58e-08	5.09e-09
 2.37806e+23	9.95e-01	5.09e-03	8.82e-06	0.00e+00	0.00e+00	0.00e+00	0.00e+00	0.00e+00	0.00e+00	9.95e-01	1.56e-08	4.97e-09
 2.38201e+23	9.95e-01	4.93e-03	8.67e-06	0.00e+00	0.00e+00	0.00e+00	0.00e+00	0.00e+00	0.00e+00	9.95e-01	1.54e-08	4.82e-09
 2.38628e+23	9.95e-01	4.70e-03	8.52e-06	0.00e+00	0.00e+00	0.00e+00	0.00e+00	0.00e+00	0.00e+00	9.95e-01	1.52e-08	4.68e-09
 2.39096e+23	9.96e-01	4.36e-03	8.35e-06	0.00e+00	0.00e+00	0.00e+00	0.00e+00	0.00e+00	0.00e+00	9.96e-01	1.48e-08	4.48e-09
 2.39647e+23	9.96e-01	4.08e-03	8.16e-06	0.00e+00	0.00e+00	0.00e+00	0.00e+00	0.00e+00	0.00e+00	9.96e-01	1.45e-08	4.28e-09
 2.40226e+23	9.96e-01	3.85e-03	7.97e-06	0.00e+00	0.00e+00	0.00e+00	0.00e+00	0.00e+00	0.00e+00	9.96e-01	1.42e-08	4.09e-09
 2.40816e+23	9.96e-01	3.63e-03	7.79e-06	0.00e+00	0.00e+00	0.00e+00	0.00e+00	0.00e+00	0.00e+00	9.96e-01	1.39e-08	3.89e-09
 2.41415e+23	9.97e-01	3.42e-03	7.60e-06	0.00e+00	0.00e+00	0.00e+00	0.00e+00	0.00e+00	0.00e+00	9.97e-01	1.36e-08	3.71e-09
 2.42022e+23	9.97e-01	3.21e-03	7.42e-06	0.00e+00	0.00e+00	0.00e+00	0.00e+00	0.00e+00	0.00e+00	9.97e-01	1.33e-08	3.52e-09
 2.42635e+23	9.97e-01	3.01e-03	7.25e-06	0.00e+00	0.00e+00	0.00e+00	0.00e+00	0.00e+00	0.00e+00	9.97e-01	1.30e-08	3.34e-09
 2.43255e+23	9.97e-01	2.82e-03	7.07e-06	0.00e+00	0.00e+00	0.00e+00	0.00e+00	0.00e+00	0.00e+00	9.97e-01	1.27e-08	3.17e-09
 2.43879e+23	9.97e-01	2.64e-03	6.90e-06	0.00e+00	0.00e+00	0.00e+00	0.00e+00	0.00e+00	0.00e+00	9.97e-01	1.24e-08	3.00e-09
 2.44509e+23	9.98e-01	2.47e-03	6.74e-06	0.00e+00	0.00e+00	0.00e+00	0.00e+00	0.00e+00	0.00e+00	9.98e-01	1.21e-08	2.84e-09
 2.45147e+23	9.98e-01	2.30e-03	6.57e-06	0.00e+00	0.00e+00	0.00e+00	0.00e+00	0.00e+00	0.00e+00	9.98e-01	1.18e-08	2.69e-09
 2.45790e+23	9.98e-01	2.14e-03	6.41e-06	0.00e+00	0.00e+00	0.00e+00	0.00e+00	0.00e+00	0.00e+00	9.98e-01	1.15e-08	2.54e-09
 2.46439e+23	9.98e-01	1.99e-03	6.25e-06	0.00e+00	0.00e+00	0.00e+00	0.00e+00	0.00e+00	0.00e+00	9.98e-01	1.11e-08	2.39e-09
 2.47093e+23	9.98e-01	1.85e-03	6.09e-06	0.00e+00	0.00e+00	0.00e+00	0.00e+00	0.00e+00	0.00e+00	9.98e-01	1.08e-08	2.25e-09
 2.47753e+23	9.98e-01	1.71e-03	5.94e-06	0.00e+00	0.00e+00	0.00e+00	0.00e+00	0.00e+00	0.00e+00	9.98e-01	1.05e-08	2.12e-09
 2.48417e+23	9.98e-01	1.58e-03	5.79e-06	0.00e+00	0.00e+00	0.00e+00	0.00e+00	0.00e+00	0.00e+00	9.98e-01	1.02e-08	1.99e-09
 2.49086e+23	9.99e-01	1.46e-03	5.64e-06	0.00e+00	0.00e+00	0.00e+00	0.00e+00	0.00e+00	0.00e+00	9.99e-01	9.89e-09	1.86e-09
 2.49759e+23	9.99e-01	1.34e-03	5.49e-06	0.00e+00	0.00e+00	0.00e+00	0.00e+00	0.00e+00	0.00e+00	9.99e-01	9.57e-09	1.74e-09
