#depth	He	He+	He+2
 1.54284e+22	1.89e-06	1.45e-02	9.85e-01
 3.49416e+22	3.77e-06	2.04e-02	9.80e-01
 4.10687e+22	5.27e-06	2.41e-02	9.76e-01
 4.45629e+22	6.66e-06	2.71e-02	9.73e-01
 4.66139e+22	7.35e-06	2.84e-02	9.72e-01
 4.79922e+22	8.34e-06	3.02e-02	9.70e-01
 4.94529e+22	9.28e-06	3.18e-02	9.68e-01
 5.10210e+22	1.07e-05	3.41e-02	9.66e-01
 5.26070e+22	1.20e-05	3.61e-02	9.64e-01
 5.40009e+22	1.34e-05	3.81e-02	9.62e-01
 5.55977e+22	1.54e-05	4.08e-02	9.59e-01
 5.72202e+22	1.73e-05	4.32e-02	9.57e-01
 5.88762e+22	2.00e-05	4.63e-02	9.54e-01
 6.05627e+22	2.26e-05	4.92e-02	9.51e-01
 6.20618e+22	2.54e-05	5.20e-02	9.48e-01
 6.37834e+22	2.96e-05	5.60e-02	9.44e-01
 6.55286e+22	3.34e-05	5.94e-02	9.41e-01
 6.70461e+22	3.75e-05	6.28e-02	9.37e-01
 6.87604e+22	4.35e-05	6.75e-02	9.32e-01
 7.03940e+22	4.82e-05	7.09e-02	9.29e-01
 7.19226e+22	5.51e-05	7.56e-02	9.24e-01
 7.34547e+22	6.10e-05	7.94e-02	9.21e-01
 7.49913e+22	6.92e-05	8.43e-02	9.16e-01
 7.65810e+22	7.77e-05	8.91e-02	9.11e-01
 7.80029e+22	8.61e-05	9.36e-02	9.06e-01
 7.96148e+22	9.84e-05	9.97e-02	9.00e-01
 8.12575e+22	1.10e-04	1.05e-01	8.95e-01
 8.27200e+22	1.22e-04	1.10e-01	8.89e-01
 8.41373e+22	1.35e-04	1.16e-01	8.84e-01
 8.54456e+22	1.48e-04	1.21e-01	8.79e-01
 8.68757e+22	1.66e-04	1.27e-01	8.72e-01
 8.83237e+22	1.82e-04	1.33e-01	8.67e-01
 8.95903e+22	2.00e-04	1.39e-01	8.61e-01
 9.10324e+22	2.23e-04	1.46e-01	8.54e-01
 9.25008e+22	2.45e-04	1.53e-01	8.47e-01
 9.38007e+22	2.68e-04	1.59e-01	8.41e-01
 9.52878e+22	3.00e-04	1.68e-01	8.32e-01
 9.67973e+22	3.29e-04	1.75e-01	8.25e-01
 9.81321e+22	3.61e-04	1.82e-01	8.17e-01
 9.96639e+22	4.05e-04	1.92e-01	8.08e-01
 1.01212e+23	4.45e-04	2.00e-01	7.99e-01
 1.02576e+23	4.87e-04	2.08e-01	7.91e-01
 1.04143e+23	5.46e-04	2.19e-01	7.80e-01
 1.05738e+23	6.00e-04	2.28e-01	7.71e-01
 1.07368e+23	6.75e-04	2.40e-01	7.59e-01
 1.09018e+23	7.43e-04	2.50e-01	7.49e-01
 1.10695e+23	8.36e-04	2.63e-01	7.36e-01
 1.12404e+23	9.22e-04	2.75e-01	7.24e-01
 1.13357e+23	9.46e-04	2.78e-01	7.21e-01
 1.13795e+23	9.72e-04	2.81e-01	7.18e-01
 1.14364e+23	1.01e-03	2.86e-01	7.13e-01
 1.15105e+23	1.06e-03	2.91e-01	7.08e-01
 1.16067e+23	1.14e-03	3.00e-01	6.99e-01
 1.17318e+23	1.24e-03	3.11e-01	6.88e-01
 1.18718e+23	1.35e-03	3.22e-01	6.77e-01
 1.20015e+23	1.45e-03	3.32e-01	6.67e-01
 1.21216e+23	1.56e-03	3.42e-01	6.57e-01
 1.22592e+23	1.70e-03	3.54e-01	6.45e-01
 1.23996e+23	1.83e-03	3.65e-01	6.34e-01
 1.25246e+23	1.97e-03	3.75e-01	6.23e-01
 1.26680e+23	2.16e-03	3.89e-01	6.09e-01
 1.28135e+23	2.33e-03	4.01e-01	5.97e-01
 1.29618e+23	2.55e-03	4.15e-01	5.82e-01
 1.31118e+23	2.75e-03	4.28e-01	5.69e-01
 1.32642e+23	3.03e-03	4.44e-01	5.53e-01
 1.34181e+23	3.27e-03	4.57e-01	5.40e-01
 1.35739e+23	3.58e-03	4.73e-01	5.24e-01
 1.37346e+23	3.88e-03	4.87e-01	5.09e-01
 1.39013e+23	4.29e-03	5.06e-01	4.90e-01
 1.40693e+23	4.65e-03	5.21e-01	4.75e-01
 1.42388e+23	5.14e-03	5.40e-01	4.55e-01
 1.44106e+23	5.58e-03	5.56e-01	4.39e-01
 1.45855e+23	6.18e-03	5.76e-01	4.18e-01
 1.47614e+23	6.70e-03	5.93e-01	4.01e-01
 1.49387e+23	7.43e-03	6.13e-01	3.79e-01
 1.51167e+23	8.07e-03	6.31e-01	3.61e-01
 1.52954e+23	8.96e-03	6.52e-01	3.39e-01
 1.54746e+23	9.74e-03	6.70e-01	3.21e-01
 1.56545e+23	1.08e-02	6.91e-01	2.98e-01
 1.58345e+23	1.18e-02	7.09e-01	2.79e-01
 1.60146e+23	1.32e-02	7.30e-01	2.57e-01
 1.61947e+23	1.44e-02	7.47e-01	2.39e-01
 1.63748e+23	1.61e-02	7.67e-01	2.17e-01
 1.65546e+23	1.76e-02	7.83e-01	1.99e-01
 1.67340e+23	1.96e-02	8.01e-01	1.79e-01
 1.69151e+23	2.16e-02	8.17e-01	1.62e-01
 1.70985e+23	2.43e-02	8.32e-01	1.44e-01
 1.72840e+23	2.68e-02	8.45e-01	1.28e-01
 1.74447e+23	2.96e-02	8.56e-01	1.14e-01
 1.75831e+23	3.19e-02	8.64e-01	1.04e-01
 1.77203e+23	3.50e-02	8.71e-01	9.40e-02
 1.78646e+23	3.83e-02	8.77e-01	8.46e-02
 1.79949e+23	4.18e-02	8.82e-01	7.67e-02
 1.81410e+23	4.67e-02	8.85e-01	6.79e-02
 1.82916e+23	5.20e-02	8.87e-01	6.06e-02
 1.84149e+23	5.71e-02	8.88e-01	5.52e-02
 1.85210e+23	6.24e-02	8.87e-01	5.10e-02
 1.86184e+23	6.81e-02	8.85e-01	4.73e-02
 1.87115e+23	7.45e-02	8.81e-01	4.41e-02
 1.88028e+23	8.20e-02	8.77e-01	4.12e-02
 1.88863e+23	8.99e-02	8.71e-01	3.89e-02
 1.89586e+23	9.80e-02	8.65e-01	3.71e-02
 1.90222e+23	1.06e-01	8.58e-01	3.57e-02
 1.90797e+23	1.15e-01	8.50e-01	3.45e-02
 1.91330e+23	1.24e-01	8.42e-01	3.36e-02
 1.91826e+23	1.34e-01	8.33e-01	3.29e-02
 1.92287e+23	1.44e-01	8.23e-01	3.23e-02
 1.92710e+23	1.55e-01	8.13e-01	3.19e-02
 1.93094e+23	1.65e-01	8.03e-01	3.18e-02
 1.93429e+23	1.75e-01	7.93e-01	3.17e-02
 1.93673e+23	1.82e-01	7.86e-01	3.18e-02
 1.93837e+23	1.87e-01	7.81e-01	3.19e-02
 1.94005e+23	1.93e-01	7.75e-01	3.19e-02
 1.94208e+23	2.00e-01	7.68e-01	3.19e-02
 1.94432e+23	2.09e-01	7.59e-01	3.19e-02
 1.94657e+23	2.18e-01	7.50e-01	3.20e-02
 1.94875e+23	2.26e-01	7.42e-01	3.21e-02
 1.95085e+23	2.35e-01	7.33e-01	3.23e-02
 1.95251e+23	2.42e-01	7.26e-01	3.24e-02
 1.95365e+23	2.46e-01	7.21e-01	3.25e-02
 1.95477e+23	2.52e-01	7.15e-01	3.25e-02
 1.95609e+23	2.58e-01	7.09e-01	3.25e-02
 1.95755e+23	2.65e-01	7.02e-01	3.25e-02
 1.95901e+23	2.73e-01	6.95e-01	3.25e-02
 1.96040e+23	2.80e-01	6.88e-01	3.25e-02
 1.96180e+23	2.87e-01	6.80e-01	3.25e-02
 1.96328e+23	2.95e-01	6.72e-01	3.24e-02
 1.96483e+23	3.04e-01	6.64e-01	3.23e-02
 1.96639e+23	3.13e-01	6.55e-01	3.22e-02
 1.96795e+23	3.22e-01	6.46e-01	3.21e-02
 1.96957e+23	3.31e-01	6.37e-01	3.20e-02
 1.97126e+23	3.41e-01	6.27e-01	3.18e-02
 1.97299e+23	3.52e-01	6.17e-01	3.16e-02
 1.97475e+23	3.63e-01	6.06e-01	3.13e-02
 1.97656e+23	3.74e-01	5.95e-01	3.10e-02
 1.97844e+23	3.86e-01	5.83e-01	3.07e-02
 1.98036e+23	3.98e-01	5.71e-01	3.03e-02
 1.98234e+23	4.11e-01	5.59e-01	2.99e-02
 1.98439e+23	4.24e-01	5.46e-01	2.95e-02
 1.98652e+23	4.38e-01	5.33e-01	2.90e-02
 1.98870e+23	4.53e-01	5.19e-01	2.84e-02
 1.99095e+23	4.67e-01	5.05e-01	2.78e-02
 1.99329e+23	4.82e-01	4.90e-01	2.72e-02
 1.99573e+23	4.98e-01	4.75e-01	2.65e-02
 1.99825e+23	5.14e-01	4.60e-01	2.58e-02
 2.00085e+23	5.30e-01	4.45e-01	2.50e-02
 2.00352e+23	5.47e-01	4.29e-01	2.42e-02
 2.00626e+23	5.63e-01	4.14e-01	2.34e-02
 2.00906e+23	5.79e-01	3.99e-01	2.25e-02
 2.01199e+23	5.95e-01	3.83e-01	2.16e-02
 2.01504e+23	6.11e-01	3.68e-01	2.07e-02
 2.01816e+23	6.27e-01	3.53e-01	1.98e-02
 2.02135e+23	6.42e-01	3.39e-01	1.88e-02
 2.02469e+23	6.58e-01	3.24e-01	1.78e-02
 2.02826e+23	6.72e-01	3.11e-01	1.69e-02
 2.03194e+23	6.87e-01	2.97e-01	1.60e-02
 2.03576e+23	7.00e-01	2.84e-01	1.50e-02
 2.03981e+23	7.14e-01	2.72e-01	1.41e-02
 2.04410e+23	7.27e-01	2.60e-01	1.32e-02
 2.04860e+23	7.39e-01	2.48e-01	1.23e-02
 2.05318e+23	7.51e-01	2.38e-01	1.14e-02
 2.05760e+23	7.61e-01	2.28e-01	1.07e-02
 2.06182e+23	7.70e-01	2.20e-01	1.00e-02
 2.06596e+23	7.78e-01	2.12e-01	9.38e-03
 2.07002e+23	7.86e-01	2.06e-01	8.82e-03
 2.07398e+23	7.93e-01	1.99e-01	8.30e-03
 2.07776e+23	7.99e-01	1.93e-01	7.84e-03
 2.08126e+23	8.04e-01	1.88e-01	7.43e-03
 2.08466e+23	8.10e-01	1.83e-01	7.04e-03
 2.08807e+23	8.15e-01	1.79e-01	6.68e-03
 2.09137e+23	8.19e-01	1.74e-01	6.35e-03
 2.09455e+23	8.24e-01	1.70e-01	6.05e-03
 2.09762e+23	8.28e-01	1.66e-01	5.76e-03
 2.10059e+23	8.32e-01	1.63e-01	5.50e-03
 2.10347e+23	8.36e-01	1.59e-01	5.25e-03
 2.10625e+23	8.39e-01	1.56e-01	5.02e-03
 2.10892e+23	8.43e-01	1.53e-01	4.80e-03
 2.11150e+23	8.46e-01	1.49e-01	4.60e-03
 2.11399e+23	8.49e-01	1.47e-01	4.42e-03
 2.11640e+23	8.52e-01	1.44e-01	4.24e-03
 2.11868e+23	8.55e-01	1.41e-01	4.08e-03
 2.12092e+23	8.58e-01	1.38e-01	3.92e-03
 2.12309e+23	8.60e-01	1.36e-01	3.77e-03
 2.12507e+23	8.63e-01	1.34e-01	3.64e-03
 2.12687e+23	8.65e-01	1.32e-01	3.52e-03
 2.12851e+23	8.67e-01	1.30e-01	3.41e-03
 2.13000e+23	8.69e-01	1.28e-01	3.31e-03
 2.13136e+23	8.70e-01	1.26e-01	3.23e-03
 2.13260e+23	8.72e-01	1.25e-01	3.15e-03
 2.13372e+23	8.73e-01	1.24e-01	3.08e-03
 2.13474e+23	8.74e-01	1.23e-01	3.02e-03
 2.13587e+23	8.76e-01	1.21e-01	2.94e-03
 2.13732e+23	8.78e-01	1.19e-01	2.86e-03
 2.13890e+23	8.79e-01	1.18e-01	2.79e-03
 2.14033e+23	8.81e-01	1.16e-01	2.71e-03
 2.14163e+23	8.82e-01	1.15e-01	2.65e-03
 2.14282e+23	8.84e-01	1.14e-01	2.59e-03
 2.14389e+23	8.85e-01	1.13e-01	2.53e-03
 2.14488e+23	8.86e-01	1.11e-01	2.47e-03
 2.14577e+23	8.87e-01	1.11e-01	2.44e-03
 2.14675e+23	8.88e-01	1.10e-01	2.39e-03
 2.14802e+23	8.89e-01	1.08e-01	2.33e-03
 2.14939e+23	8.90e-01	1.07e-01	2.29e-03
 2.15064e+23	8.92e-01	1.06e-01	2.24e-03
 2.15201e+23	8.93e-01	1.05e-01	2.18e-03
 2.15349e+23	8.94e-01	1.04e-01	2.13e-03
 2.15484e+23	8.96e-01	1.02e-01	2.08e-03
 2.15606e+23	8.96e-01	1.01e-01	2.04e-03
 2.15741e+23	8.98e-01	1.00e-01	1.98e-03
 2.15886e+23	8.99e-01	9.89e-02	1.94e-03
 2.16017e+23	9.00e-01	9.77e-02	1.89e-03
 2.16137e+23	9.01e-01	9.69e-02	1.85e-03
 2.16269e+23	9.03e-01	9.56e-02	1.80e-03
 2.16411e+23	9.04e-01	9.44e-02	1.76e-03
 2.16540e+23	9.05e-01	9.35e-02	1.72e-03
 2.16682e+23	9.06e-01	9.22e-02	1.67e-03
 2.16834e+23	9.07e-01	9.09e-02	1.63e-03
 2.16973e+23	9.09e-01	8.99e-02	1.59e-03
 2.17100e+23	9.10e-01	8.89e-02	1.55e-03
 2.17215e+23	9.11e-01	8.79e-02	1.52e-03
 2.17341e+23	9.12e-01	8.68e-02	1.48e-03
 2.17477e+23	9.13e-01	8.57e-02	1.44e-03
 2.17601e+23	9.14e-01	8.47e-02	1.41e-03
 2.17714e+23	9.15e-01	8.40e-02	1.38e-03
 2.17838e+23	9.16e-01	8.30e-02	1.35e-03
 2.17971e+23	9.17e-01	8.21e-02	1.32e-03
 2.18093e+23	9.18e-01	8.11e-02	1.29e-03
 2.18226e+23	9.19e-01	8.01e-02	1.25e-03
 2.18369e+23	9.20e-01	7.91e-02	1.22e-03
 2.18500e+23	9.21e-01	7.81e-02	1.19e-03
 2.18619e+23	9.21e-01	7.75e-02	1.17e-03
 2.18749e+23	9.22e-01	7.64e-02	1.14e-03
 2.18890e+23	9.23e-01	7.55e-02	1.11e-03
 2.19018e+23	9.24e-01	7.48e-02	1.09e-03
 2.19159e+23	9.25e-01	7.38e-02	1.06e-03
 2.19310e+23	9.26e-01	7.30e-02	1.04e-03
 2.19476e+23	9.27e-01	7.19e-02	1.01e-03
 2.19655e+23	9.28e-01	7.10e-02	9.85e-04
 2.19818e+23	9.29e-01	7.01e-02	9.58e-04
 2.19967e+23	9.30e-01	6.94e-02	9.40e-04
 2.20130e+23	9.31e-01	6.82e-02	9.06e-04
 2.20305e+23	9.32e-01	6.74e-02	8.87e-04
 2.20465e+23	9.33e-01	6.66e-02	8.63e-04
 2.20610e+23	9.33e-01	6.57e-02	8.41e-04
 2.20743e+23	9.34e-01	6.51e-02	8.25e-04
 2.20888e+23	9.35e-01	6.41e-02	8.00e-04
 2.21044e+23	9.36e-01	6.35e-02	7.86e-04
 2.21216e+23	9.37e-01	6.25e-02	7.61e-04
 2.21401e+23	9.37e-01	6.18e-02	7.43e-04
 2.21569e+23	9.38e-01	6.10e-02	7.26e-04
 2.21754e+23	9.39e-01	6.00e-02	7.00e-04
 2.21953e+23	9.40e-01	5.92e-02	6.81e-04
 2.22135e+23	9.41e-01	5.83e-02	6.61e-04
 2.22300e+23	9.42e-01	5.76e-02	6.47e-04
 2.22481e+23	9.43e-01	5.67e-02	6.25e-04
 2.22676e+23	9.43e-01	5.60e-02	6.09e-04
 2.22854e+23	9.44e-01	5.53e-02	5.94e-04
 2.23048e+23	9.45e-01	5.43e-02	5.73e-04
 2.23259e+23	9.46e-01	5.35e-02	5.57e-04
 2.23450e+23	9.47e-01	5.28e-02	5.43e-04
 2.23660e+23	9.48e-01	5.19e-02	5.23e-04
 2.23886e+23	9.48e-01	5.12e-02	5.09e-04
 2.24092e+23	9.49e-01	5.03e-02	4.93e-04
 2.24279e+23	9.50e-01	4.96e-02	4.78e-04
 2.24450e+23	9.50e-01	4.90e-02	4.68e-04
 2.24637e+23	9.51e-01	4.82e-02	4.52e-04
 2.24838e+23	9.52e-01	4.76e-02	4.41e-04
 2.25022e+23	9.53e-01	4.70e-02	4.30e-04
 2.25223e+23	9.53e-01	4.62e-02	4.16e-04
 2.25440e+23	9.54e-01	4.58e-02	4.08e-04
 2.25638e+23	9.55e-01	4.50e-02	3.94e-04
 2.25855e+23	9.55e-01	4.42e-02	3.80e-04
 2.26088e+23	9.56e-01	4.35e-02	3.69e-04
 2.26301e+23	9.57e-01	4.30e-02	3.60e-04
 2.26534e+23	9.57e-01	4.22e-02	3.46e-04
 2.26786e+23	9.58e-01	4.15e-02	3.35e-04
 2.27015e+23	9.59e-01	4.09e-02	3.26e-04
 2.27266e+23	9.60e-01	4.01e-02	3.13e-04
 2.27537e+23	9.60e-01	3.94e-02	3.02e-04
 2.27784e+23	9.61e-01	3.88e-02	2.93e-04
 2.28054e+23	9.62e-01	3.80e-02	2.81e-04
 2.28346e+23	9.62e-01	3.73e-02	2.71e-04
 2.28611e+23	9.63e-01	3.67e-02	2.63e-04
 2.28902e+23	9.64e-01	3.59e-02	2.51e-04
 2.29216e+23	9.64e-01	3.53e-02	2.42e-04
 2.29502e+23	9.65e-01	3.46e-02	2.33e-04
 2.29762e+23	9.66e-01	3.41e-02	2.26e-04
 2.30047e+23	9.66e-01	3.34e-02	2.17e-04
 2.30354e+23	9.67e-01	3.27e-02	2.09e-04
 2.30634e+23	9.68e-01	3.22e-02	2.02e-04
 2.30941e+23	9.68e-01	3.15e-02	1.93e-04
 2.31272e+23	9.69e-01	3.09e-02	1.85e-04
 2.31574e+23	9.69e-01	3.03e-02	1.79e-04
 2.31904e+23	9.70e-01	2.96e-02	1.71e-04
 2.32261e+23	9.71e-01	2.90e-02	1.64e-04
 2.32585e+23	9.71e-01	2.85e-02	1.58e-04
 2.32941e+23	9.72e-01	2.78e-02	1.50e-04
 2.33324e+23	9.73e-01	2.72e-02	1.44e-04
 2.33674e+23	9.73e-01	2.66e-02	1.38e-04
 2.33992e+23	9.74e-01	2.61e-02	1.33e-04
 2.34340e+23	9.74e-01	2.55e-02	1.27e-04
 2.34716e+23	9.75e-01	2.50e-02	1.22e-04
 2.35128e+23	9.76e-01	2.43e-02	1.15e-04
 2.35573e+23	9.76e-01	2.37e-02	1.10e-04
 2.35977e+23	9.77e-01	2.32e-02	1.05e-04
 2.36346e+23	9.77e-01	2.27e-02	1.00e-04
 2.36681e+23	9.78e-01	2.23e-02	9.67e-05
 2.37048e+23	9.78e-01	2.18e-02	9.22e-05
 2.37445e+23	9.79e-01	2.13e-02	8.82e-05
 2.37806e+23	9.79e-01	2.08e-02	8.46e-05
 2.38201e+23	9.80e-01	2.03e-02	8.07e-05
 2.38628e+23	9.80e-01	1.99e-02	7.69e-05
 2.39096e+23	9.81e-01	1.93e-02	7.26e-05
 2.39647e+23	9.81e-01	1.87e-02	6.80e-05
 2.40226e+23	9.82e-01	1.81e-02	6.37e-05
 2.40816e+23	9.82e-01	1.75e-02	5.95e-05
 2.41415e+23	9.83e-01	1.69e-02	5.56e-05
 2.42022e+23	9.84e-01	1.63e-02	5.20e-05
 2.42635e+23	9.84e-01	1.58e-02	4.85e-05
 2.43255e+23	9.85e-01	1.52e-02	4.53e-05
 2.43879e+23	9.85e-01	1.47e-02	4.22e-05
 2.44509e+23	9.86e-01	1.42e-02	3.94e-05
 2.45147e+23	9.86e-01	1.37e-02	3.67e-05
 2.45790e+23	9.87e-01	1.32e-02	3.42e-05
 2.46439e+23	9.87e-01	1.28e-02	3.18e-05
 2.47093e+23	9.88e-01	1.23e-02	2.96e-05
 2.47753e+23	9.88e-01	1.19e-02	2.76e-05
 2.48417e+23	9.89e-01	1.15e-02	2.57e-05
 2.49086e+23	9.89e-01	1.10e-02	2.39e-05
 2.49759e+23	9.89e-01	1.07e-02	2.22e-05
 2.50438e+23	9.90e-01	1.03e-02	2.06e-05
 2.51122e+23	9.90e-01	9.90e-03	1.92e-05
 2.51811e+23	9.90e-01	9.54e-03	1.78e-05
 2.52506e+23	9.91e-01	9.19e-03	1.66e-05
 2.53205e+23	9.91e-01	8.85e-03	1.54e-05
 2.53909e+23	9.91e-01	8.53e-03	1.43e-05
 2.54628e+23	9.92e-01	8.21e-03	1.32e-05
 2.55362e+23	9.92e-01	7.90e-03	1.22e-05
 2.56104e+23	9.92e-01	7.60e-03	1.13e-05
 2.56855e+23	9.93e-01	7.31e-03	1.05e-05
 2.57614e+23	9.93e-01	7.03e-03	9.69e-06
 2.58380e+23	9.93e-01	6.76e-03	8.96e-06
 2.59156e+23	9.93e-01	6.49e-03	8.27e-06
 2.59941e+23	9.94e-01	6.24e-03	7.64e-06
 2.60739e+23	9.94e-01	5.99e-03	7.04e-06
 2.61549e+23	9.94e-01	5.75e-03	6.49e-06
 2.62381e+23	9.94e-01	5.51e-03	5.96e-06
 2.63234e+23	9.95e-01	5.28e-03	5.48e-06
 2.64101e+23	9.95e-01	5.06e-03	5.02e-06
 2.64983e+23	9.95e-01	4.84e-03	4.60e-06
 2.65881e+23	9.95e-01	4.63e-03	4.21e-06
 2.66796e+23	9.96e-01	4.43e-03	3.85e-06
 2.67728e+23	9.96e-01	4.23e-03	3.52e-06
 2.68680e+23	9.96e-01	4.04e-03	3.21e-06
 2.69656e+23	9.96e-01	3.86e-03	2.92e-06
 2.70656e+23	9.96e-01	3.68e-03	2.65e-06
 2.71678e+23	9.96e-01	3.50e-03	2.40e-06
 2.72725e+23	9.97e-01	3.33e-03	2.18e-06
 2.73796e+23	9.97e-01	3.17e-03	1.97e-06
 2.74893e+23	9.97e-01	3.01e-03	1.78e-06
 2.76020e+23	9.97e-01	2.85e-03	1.60e-06
 2.77169e+23	9.97e-01	2.71e-03	1.44e-06
 2.78327e+23	9.97e-01	2.57e-03	1.29e-06
 2.79495e+23	9.98e-01	2.43e-03	1.16e-06
 2.80678e+23	9.98e-01	2.31e-03	1.04e-06
 2.81873e+23	9.98e-01	2.19e-03	9.36e-07
 2.83080e+23	9.98e-01	2.07e-03	8.40e-07
 2.84300e+23	9.98e-01	1.96e-03	7.53e-07
 2.85533e+23	9.98e-01	1.86e-03	6.74e-07
 2.86780e+23	9.98e-01	1.76e-03	6.04e-07
 2.88040e+23	9.98e-01	1.66e-03	5.40e-07
 2.89308e+23	9.98e-01	1.57e-03	4.83e-07
 2.90589e+23	9.99e-01	1.48e-03	4.31e-07
 2.91888e+23	9.99e-01	1.40e-03	3.85e-07
 2.93189e+23	9.99e-01	1.33e-03	3.44e-07
 2.94502e+23	9.99e-01	1.25e-03	3.06e-07
 2.95841e+23	9.99e-01	1.18e-03	2.73e-07
 2.97196e+23	9.99e-01	1.11e-03	2.42e-07
 2.98539e+23	9.99e-01	1.05e-03	2.16e-07
 2.99823e+23	9.99e-01	9.96e-04	1.94e-07
 3.01021e+23	9.99e-01	9.47e-04	1.75e-07
 3.02140e+23	9.99e-01	9.03e-04	1.59e-07
 3.03202e+23	9.99e-01	8.63e-04	1.46e-07
 3.04217e+23	9.99e-01	8.27e-04	1.34e-07
 3.05184e+23	9.99e-01	7.94e-04	1.23e-07
 3.06102e+23	9.99e-01	7.64e-04	1.14e-07
 3.06970e+23	9.99e-01	7.36e-04	1.06e-07
 3.07793e+23	9.99e-01	7.10e-04	9.85e-08
 3.08380e+23	9.99e-01	6.98e-04	9.51e-08
