#depth	O	O+	O+2	O+3	O+4	O+5	O+6	O+7	O+8	O[1]	O[2]	O[3]
 4.62852e+21	0.00e+00	0.00e+00	1.55e-30	1.98e-24	6.05e-19	7.86e-14	3.06e-08	3.75e-04	1.00e+00	0.00e+00	0.00e+00	0.00e+00
 1.05264e+22	0.00e+00	0.00e+00	1.32e-29	1.18e-23	2.56e-18	2.33e-13	6.30e-08	5.37e-04	9.99e-01	0.00e+00	0.00e+00	0.00e+00
 1.26430e+22	0.00e+00	0.00e+00	5.48e-29	3.88e-23	6.66e-18	4.79e-13	1.02e-07	6.80e-04	9.99e-01	0.00e+00	0.00e+00	0.00e+00
 1.41681e+22	0.00e+00	0.00e+00	1.70e-28	9.99e-23	1.42e-17	8.52e-13	1.48e-07	8.22e-04	9.99e-01	0.00e+00	0.00e+00	0.00e+00
 1.50154e+22	0.00e+00	0.00e+00	2.26e-28	1.27e-22	1.73e-17	9.85e-13	1.63e-07	8.62e-04	9.99e-01	0.00e+00	0.00e+00	0.00e+00
 1.54051e+22	0.00e+00	0.00e+00	3.23e-28	1.71e-22	2.19e-17	1.18e-12	1.84e-07	9.15e-04	9.99e-01	0.00e+00	0.00e+00	0.00e+00
 1.58333e+22	0.00e+00	0.00e+00	4.57e-28	2.28e-22	2.77e-17	1.41e-12	2.07e-07	9.69e-04	9.99e-01	0.00e+00	0.00e+00	0.00e+00
 1.62380e+22	0.00e+00	0.00e+00	6.31e-28	2.99e-22	3.44e-17	1.66e-12	2.31e-07	1.02e-03	9.99e-01	0.00e+00	0.00e+00	0.00e+00
 1.66908e+22	0.00e+00	0.00e+00	9.58e-28	4.24e-22	4.56e-17	2.06e-12	2.65e-07	1.10e-03	9.99e-01	0.00e+00	0.00e+00	0.00e+00
 1.71490e+22	0.00e+00	1.98e-34	1.34e-27	5.63e-22	5.73e-17	2.44e-12	2.97e-07	1.16e-03	9.99e-01	0.00e+00	0.00e+00	0.00e+00
 1.75477e+22	0.00e+00	2.89e-34	1.87e-27	7.40e-22	7.14e-17	2.89e-12	3.32e-07	1.23e-03	9.99e-01	0.00e+00	0.00e+00	0.00e+00
 1.79089e+22	0.00e+00	4.04e-34	2.49e-27	9.42e-22	8.67e-17	3.34e-12	3.66e-07	1.29e-03	9.99e-01	0.00e+00	0.00e+00	0.00e+00
 1.82346e+22	0.00e+00	5.54e-34	3.26e-27	1.18e-21	1.04e-16	3.84e-12	4.01e-07	1.35e-03	9.99e-01	0.00e+00	0.00e+00	0.00e+00
 1.86044e+22	0.00e+00	8.03e-34	4.49e-27	1.54e-21	1.29e-16	4.52e-12	4.46e-07	1.42e-03	9.99e-01	0.00e+00	0.00e+00	0.00e+00
 1.89992e+22	0.00e+00	1.16e-33	6.14e-27	2.01e-21	1.59e-16	5.31e-12	4.96e-07	1.50e-03	9.99e-01	0.00e+00	0.00e+00	0.00e+00
 1.93495e+22	0.00e+00	1.61e-33	8.15e-27	2.54e-21	1.93e-16	6.13e-12	5.45e-07	1.57e-03	9.98e-01	0.00e+00	0.00e+00	0.00e+00
 1.96779e+22	0.00e+00	2.21e-33	1.07e-26	3.20e-21	2.32e-16	7.06e-12	5.98e-07	1.64e-03	9.98e-01	0.00e+00	0.00e+00	0.00e+00
 2.00552e+22	0.00e+00	3.23e-33	1.49e-26	4.20e-21	2.90e-16	8.35e-12	6.68e-07	1.73e-03	9.98e-01	0.00e+00	0.00e+00	0.00e+00
 2.04553e+22	0.00e+00	4.67e-33	2.04e-26	5.48e-21	3.59e-16	9.81e-12	7.43e-07	1.83e-03	9.98e-01	0.00e+00	0.00e+00	0.00e+00
 2.08050e+22	0.00e+00	6.48e-33	2.71e-26	6.94e-21	4.34e-16	1.13e-11	8.17e-07	1.92e-03	9.98e-01	0.00e+00	0.00e+00	0.00e+00
 2.11795e+22	0.00e+00	9.51e-33	3.76e-26	9.15e-21	5.42e-16	1.34e-11	9.13e-07	2.02e-03	9.98e-01	0.00e+00	0.00e+00	0.00e+00
 2.15420e+22	0.00e+00	1.31e-32	4.95e-26	1.15e-20	6.52e-16	1.54e-11	1.00e-06	2.12e-03	9.98e-01	0.00e+00	0.00e+00	0.00e+00
 2.18262e+22	0.00e+00	1.71e-32	6.21e-26	1.39e-20	7.60e-16	1.74e-11	1.08e-06	2.20e-03	9.98e-01	0.00e+00	0.00e+00	0.00e+00
 2.21329e+22	0.00e+00	2.32e-32	8.10e-26	1.74e-20	9.10e-16	1.99e-11	1.18e-06	2.30e-03	9.98e-01	0.00e+00	0.00e+00	0.00e+00
 2.24686e+22	0.00e+00	3.15e-32	1.05e-25	2.17e-20	1.09e-15	2.28e-11	1.29e-06	2.40e-03	9.98e-01	0.00e+00	0.00e+00	0.00e+00
 2.27796e+22	0.00e+00	4.21e-32	1.35e-25	2.67e-20	1.29e-15	2.59e-11	1.41e-06	2.51e-03	9.97e-01	0.00e+00	0.00e+00	0.00e+00
 2.30734e+22	0.00e+00	5.56e-32	1.72e-25	3.27e-20	1.51e-15	2.93e-11	1.53e-06	2.61e-03	9.97e-01	0.00e+00	0.00e+00	0.00e+00
 2.34071e+22	0.00e+00	7.76e-32	2.29e-25	4.16e-20	1.84e-15	3.40e-11	1.68e-06	2.74e-03	9.97e-01	0.00e+00	0.00e+00	0.00e+00
 2.37569e+22	0.00e+00	1.07e-31	3.02e-25	5.25e-20	2.22e-15	3.91e-11	1.85e-06	2.87e-03	9.97e-01	0.00e+00	0.00e+00	0.00e+00
 2.40561e+22	0.00e+00	1.42e-31	3.84e-25	6.42e-20	2.61e-15	4.43e-11	2.00e-06	2.99e-03	9.97e-01	0.00e+00	0.00e+00	0.00e+00
 2.43155e+22	0.00e+00	1.81e-31	4.74e-25	7.66e-20	3.01e-15	4.93e-11	2.15e-06	3.09e-03	9.97e-01	0.00e+00	0.00e+00	0.00e+00
 2.45945e+22	0.00e+00	2.38e-31	6.00e-25	9.34e-20	3.53e-15	5.57e-11	2.33e-06	3.22e-03	9.97e-01	0.00e+00	0.00e+00	0.00e+00
 2.48965e+22	0.00e+00	3.14e-31	7.61e-25	1.14e-19	4.14e-15	6.29e-11	2.52e-06	3.35e-03	9.97e-01	0.00e+00	0.00e+00	0.00e+00
 2.51727e+22	0.00e+00	4.06e-31	9.49e-25	1.37e-19	4.81e-15	7.05e-11	2.72e-06	3.47e-03	9.97e-01	0.00e+00	0.00e+00	0.00e+00
 2.54761e+22	0.00e+00	5.57e-31	1.25e-24	1.72e-19	5.79e-15	8.12e-11	2.98e-06	3.64e-03	9.96e-01	0.00e+00	0.00e+00	0.00e+00
 2.57851e+22	0.00e+00	7.32e-31	1.58e-24	2.10e-19	6.78e-15	9.15e-11	3.23e-06	3.78e-03	9.96e-01	0.00e+00	0.00e+00	0.00e+00
 2.60477e+22	0.00e+00	9.37e-31	1.95e-24	2.50e-19	7.83e-15	1.02e-10	3.47e-06	3.92e-03	9.96e-01	0.00e+00	0.00e+00	0.00e+00
 2.63355e+22	0.00e+00	1.25e-30	2.50e-24	3.09e-19	9.27e-15	1.16e-10	3.77e-06	4.08e-03	9.96e-01	0.00e+00	0.00e+00	0.00e+00
 2.66396e+22	0.00e+00	1.65e-30	3.17e-24	3.77e-19	1.09e-14	1.31e-10	4.09e-06	4.25e-03	9.96e-01	0.00e+00	0.00e+00	0.00e+00
 2.69121e+22	0.00e+00	2.13e-30	3.95e-24	4.53e-19	1.26e-14	1.47e-10	4.40e-06	4.41e-03	9.96e-01	0.00e+00	0.00e+00	0.00e+00
 2.71570e+22	0.00e+00	2.68e-30	4.82e-24	5.34e-19	1.44e-14	1.62e-10	4.71e-06	4.56e-03	9.95e-01	0.00e+00	0.00e+00	0.00e+00
 2.73844e+22	0.00e+00	3.32e-30	5.78e-24	6.23e-19	1.63e-14	1.78e-10	5.01e-06	4.70e-03	9.95e-01	0.00e+00	0.00e+00	0.00e+00
 2.76455e+22	0.00e+00	4.29e-30	7.21e-24	7.50e-19	1.90e-14	2.00e-10	5.40e-06	4.88e-03	9.95e-01	0.00e+00	0.00e+00	0.00e+00
 2.79258e+22	0.00e+00	5.55e-30	9.01e-24	9.03e-19	2.20e-14	2.24e-10	5.82e-06	5.06e-03	9.95e-01	0.00e+00	0.00e+00	0.00e+00
 2.81787e+22	0.00e+00	7.05e-30	1.11e-23	1.07e-18	2.53e-14	2.49e-10	6.24e-06	5.24e-03	9.95e-01	0.00e+00	0.00e+00	0.00e+00
 2.84550e+22	0.00e+00	9.33e-30	1.41e-23	1.31e-18	2.98e-14	2.82e-10	6.77e-06	5.45e-03	9.95e-01	0.00e+00	0.00e+00	0.00e+00
 2.87347e+22	0.00e+00	1.20e-29	1.75e-23	1.58e-18	3.45e-14	3.15e-10	7.29e-06	5.66e-03	9.94e-01	0.00e+00	0.00e+00	0.00e+00
 2.89683e+22	0.00e+00	1.50e-29	2.11e-23	1.85e-18	3.92e-14	3.47e-10	7.77e-06	5.84e-03	9.94e-01	0.00e+00	0.00e+00	0.00e+00
 2.92211e+22	0.00e+00	1.94e-29	2.63e-23	2.22e-18	4.55e-14	3.89e-10	8.37e-06	6.06e-03	9.94e-01	0.00e+00	0.00e+00	0.00e+00
 2.94936e+22	0.00e+00	2.48e-29	3.26e-23	2.65e-18	5.26e-14	4.34e-10	9.00e-06	6.28e-03	9.94e-01	0.00e+00	0.00e+00	0.00e+00
 2.97458e+22	0.00e+00	3.17e-29	4.02e-23	3.16e-18	6.06e-14	4.83e-10	9.66e-06	6.50e-03	9.93e-01	0.00e+00	0.00e+00	0.00e+00
 2.99890e+22	0.00e+00	3.99e-29	4.90e-23	3.73e-18	6.93e-14	5.35e-10	1.03e-05	6.72e-03	9.93e-01	0.00e+00	0.00e+00	0.00e+00
 3.02233e+22	0.00e+00	4.97e-29	5.92e-23	4.37e-18	7.87e-14	5.89e-10	1.10e-05	6.94e-03	9.93e-01	0.00e+00	0.00e+00	0.00e+00
 3.04846e+22	0.00e+00	6.46e-29	7.41e-23	5.28e-18	9.16e-14	6.61e-10	1.19e-05	7.20e-03	9.93e-01	0.00e+00	0.00e+00	0.00e+00
 3.07576e+22	0.00e+00	8.30e-29	9.19e-23	6.32e-18	1.06e-13	7.38e-10	1.28e-05	7.47e-03	9.93e-01	0.00e+00	0.00e+00	0.00e+00
 3.09964e+22	0.00e+00	1.04e-28	1.12e-22	7.44e-18	1.21e-13	8.15e-10	1.37e-05	7.72e-03	9.92e-01	0.00e+00	0.00e+00	0.00e+00
 3.12576e+22	0.00e+00	1.36e-28	1.41e-22	9.01e-18	1.41e-13	9.17e-10	1.48e-05	8.02e-03	9.92e-01	0.00e+00	0.00e+00	0.00e+00
 3.15354e+22	0.00e+00	1.76e-28	1.75e-22	1.08e-17	1.64e-13	1.03e-09	1.59e-05	8.32e-03	9.92e-01	0.00e+00	0.00e+00	0.00e+00
 3.17739e+22	0.00e+00	2.20e-28	2.13e-22	1.27e-17	1.86e-13	1.13e-09	1.70e-05	8.60e-03	9.91e-01	0.00e+00	0.00e+00	0.00e+00
 3.19898e+22	0.00e+00	2.70e-28	2.53e-22	1.47e-17	2.09e-13	1.24e-09	1.80e-05	8.85e-03	9.91e-01	0.00e+00	0.00e+00	0.00e+00
 3.22369e+22	0.00e+00	3.47e-28	3.14e-22	1.77e-17	2.42e-13	1.38e-09	1.94e-05	9.18e-03	9.91e-01	0.00e+00	0.00e+00	0.00e+00
 3.25013e+22	0.00e+00	4.49e-28	3.91e-22	2.12e-17	2.80e-13	1.54e-09	2.09e-05	9.53e-03	9.90e-01	0.00e+00	0.00e+00	0.00e+00
 3.27379e+22	2.21e-35	5.58e-28	4.71e-22	2.48e-17	3.18e-13	1.69e-09	2.22e-05	9.83e-03	9.90e-01	0.00e+00	0.00e+00	0.00e+00
 3.29952e+22	3.04e-35	7.39e-28	5.99e-22	3.03e-17	3.73e-13	1.91e-09	2.41e-05	1.02e-02	9.90e-01	0.00e+00	0.00e+00	0.00e+00
 3.32640e+22	4.02e-35	9.43e-28	7.38e-22	3.60e-17	4.29e-13	2.12e-09	2.59e-05	1.06e-02	9.89e-01	0.00e+00	0.00e+00	0.00e+00
 3.34991e+22	5.23e-35	1.19e-27	8.97e-22	4.24e-17	4.89e-13	2.34e-09	2.76e-05	1.10e-02	9.89e-01	0.00e+00	0.00e+00	0.00e+00
 3.37219e+22	6.72e-35	1.48e-27	1.08e-21	4.96e-17	5.54e-13	2.57e-09	2.95e-05	1.13e-02	9.89e-01	0.00e+00	0.00e+00	0.00e+00
 3.39771e+22	9.28e-35	1.96e-27	1.38e-21	6.06e-17	6.51e-13	2.90e-09	3.20e-05	1.18e-02	9.88e-01	0.00e+00	0.00e+00	0.00e+00
 3.42390e+22	1.21e-34	2.47e-27	1.68e-21	7.15e-17	7.43e-13	3.20e-09	3.42e-05	1.22e-02	9.88e-01	0.00e+00	0.00e+00	0.00e+00
 3.45097e+22	1.69e-34	3.29e-27	2.15e-21	8.77e-17	8.75e-13	3.62e-09	3.71e-05	1.27e-02	9.87e-01	0.00e+00	0.00e+00	0.00e+00
 3.47759e+22	2.26e-34	4.24e-27	2.67e-21	1.05e-16	1.01e-12	4.02e-09	3.99e-05	1.32e-02	9.87e-01	0.00e+00	0.00e+00	0.00e+00
 3.49884e+22	2.83e-34	5.17e-27	3.16e-21	1.21e-16	1.13e-12	4.38e-09	4.23e-05	1.35e-02	9.86e-01	0.00e+00	0.00e+00	0.00e+00
 3.52168e+22	3.81e-34	6.69e-27	3.93e-21	1.45e-16	1.30e-12	4.87e-09	4.55e-05	1.41e-02	9.86e-01	0.00e+00	0.00e+00	0.00e+00
 3.54606e+22	5.01e-34	8.48e-27	4.81e-21	1.71e-16	1.49e-12	5.37e-09	4.86e-05	1.45e-02	9.85e-01	0.00e+00	0.00e+00	0.00e+00
 3.56893e+22	6.55e-34	1.07e-26	5.87e-21	2.02e-16	1.70e-12	5.91e-09	5.20e-05	1.50e-02	9.85e-01	0.00e+00	0.00e+00	0.00e+00
 3.59515e+22	9.31e-34	1.45e-26	7.61e-21	2.50e-16	2.01e-12	6.70e-09	5.67e-05	1.57e-02	9.84e-01	0.00e+00	0.00e+00	0.00e+00
 3.62145e+22	1.24e-33	1.86e-26	9.38e-21	2.98e-16	2.31e-12	7.41e-09	6.08e-05	1.63e-02	9.84e-01	0.00e+00	0.00e+00	0.00e+00
 3.64346e+22	1.62e-33	2.35e-26	1.14e-20	3.51e-16	2.62e-12	8.14e-09	6.49e-05	1.68e-02	9.83e-01	0.00e+00	0.00e+00	0.00e+00
 3.66420e+22	2.07e-33	2.91e-26	1.37e-20	4.07e-16	2.95e-12	8.88e-09	6.90e-05	1.74e-02	9.83e-01	0.00e+00	0.00e+00	0.00e+00
 3.68768e+22	2.84e-33	3.82e-26	1.73e-20	4.93e-16	3.43e-12	9.91e-09	7.45e-05	1.80e-02	9.82e-01	0.00e+00	0.00e+00	0.00e+00
 3.71223e+22	3.79e-33	4.91e-26	2.14e-20	5.87e-16	3.94e-12	1.10e-08	7.99e-05	1.87e-02	9.81e-01	0.00e+00	0.00e+00	0.00e+00
 3.73422e+22	5.01e-33	6.25e-26	2.62e-20	6.94e-16	4.49e-12	1.20e-08	8.54e-05	1.94e-02	9.81e-01	0.00e+00	0.00e+00	0.00e+00
 3.75883e+22	7.07e-33	8.42e-26	3.37e-20	8.54e-16	5.28e-12	1.35e-08	9.28e-05	2.02e-02	9.80e-01	0.00e+00	0.00e+00	0.00e+00
 3.78305e+22	9.36e-33	1.07e-25	4.14e-20	1.01e-15	6.03e-12	1.49e-08	9.93e-05	2.09e-02	9.79e-01	0.00e+00	0.00e+00	0.00e+00
 3.80310e+22	1.20e-32	1.33e-25	4.97e-20	1.17e-15	6.78e-12	1.62e-08	1.05e-04	2.15e-02	9.78e-01	0.00e+00	0.00e+00	0.00e+00
 3.82552e+22	1.66e-32	1.76e-25	6.30e-20	1.43e-15	7.89e-12	1.81e-08	1.14e-04	2.24e-02	9.77e-01	0.00e+00	0.00e+00	0.00e+00
 3.84862e+22	2.22e-32	2.26e-25	7.77e-20	1.70e-15	9.02e-12	1.99e-08	1.22e-04	2.32e-02	9.77e-01	0.00e+00	0.00e+00	0.00e+00
 3.86912e+22	2.90e-32	2.85e-25	9.44e-20	1.99e-15	1.02e-11	2.18e-08	1.30e-04	2.40e-02	9.76e-01	0.00e+00	0.00e+00	0.00e+00
 3.89227e+22	4.09e-32	3.83e-25	1.21e-19	2.44e-15	1.20e-11	2.44e-08	1.41e-04	2.50e-02	9.75e-01	0.00e+00	0.00e+00	0.00e+00
 3.91530e+22	5.46e-32	4.92e-25	1.50e-19	2.90e-15	1.37e-11	2.68e-08	1.51e-04	2.59e-02	9.74e-01	0.00e+00	0.00e+00	0.00e+00
 3.93471e+22	7.08e-32	6.17e-25	1.81e-19	3.39e-15	1.55e-11	2.93e-08	1.61e-04	2.67e-02	9.73e-01	0.00e+00	0.00e+00	0.00e+00
 3.95647e+22	9.81e-32	8.16e-25	2.29e-19	4.12e-15	1.80e-11	3.26e-08	1.73e-04	2.78e-02	9.72e-01	0.00e+00	0.00e+00	0.00e+00
 3.97903e+22	1.31e-31	1.05e-24	2.83e-19	4.90e-15	2.06e-11	3.58e-08	1.86e-04	2.88e-02	9.71e-01	0.00e+00	0.00e+00	0.00e+00
 3.99911e+22	1.74e-31	1.34e-24	3.49e-19	5.80e-15	2.35e-11	3.93e-08	1.98e-04	2.98e-02	9.70e-01	0.00e+00	0.00e+00	0.00e+00
 4.01870e+22	2.30e-31	1.71e-24	4.27e-19	6.85e-15	2.67e-11	4.31e-08	2.12e-04	3.08e-02	9.69e-01	0.00e+00	0.00e+00	0.00e+00
 4.03787e+22	3.01e-31	2.15e-24	5.19e-19	8.03e-15	3.02e-11	4.71e-08	2.25e-04	3.17e-02	9.68e-01	0.00e+00	0.00e+00	0.00e+00
 4.05950e+22	4.22e-31	2.87e-24	6.63e-19	9.82e-15	3.53e-11	5.26e-08	2.44e-04	3.30e-02	9.67e-01	0.00e+00	0.00e+00	0.00e+00
 4.08164e+22	5.73e-31	3.74e-24	8.27e-19	1.18e-14	4.06e-11	5.80e-08	2.62e-04	3.42e-02	9.65e-01	0.00e+00	0.00e+00	0.00e+00
 4.10093e+22	7.52e-31	4.73e-24	1.01e-18	1.39e-14	4.61e-11	6.35e-08	2.79e-04	3.54e-02	9.64e-01	0.00e+00	0.00e+00	0.00e+00
 4.12245e+22	1.06e-30	6.35e-24	1.29e-18	1.70e-14	5.39e-11	7.10e-08	3.02e-04	3.68e-02	9.63e-01	0.00e+00	0.00e+00	0.00e+00
 4.14457e+22	1.44e-30	8.28e-24	1.62e-18	2.04e-14	6.21e-11	7.85e-08	3.24e-04	3.81e-02	9.62e-01	0.00e+00	0.00e+00	0.00e+00
 4.16372e+22	1.90e-30	1.05e-23	1.98e-18	2.41e-14	7.08e-11	8.61e-08	3.46e-04	3.94e-02	9.60e-01	0.00e+00	0.00e+00	0.00e+00
 4.18491e+22	2.69e-30	1.42e-23	2.55e-18	2.96e-14	8.31e-11	9.65e-08	3.74e-04	4.10e-02	9.59e-01	0.00e+00	0.00e+00	0.00e+00
 4.20694e+22	3.68e-30	1.86e-23	3.20e-18	3.57e-14	9.60e-11	1.07e-07	4.02e-04	4.25e-02	9.57e-01	0.00e+00	0.00e+00	0.00e+00
 4.22629e+22	4.94e-30	2.40e-23	3.97e-18	4.26e-14	1.10e-10	1.18e-07	4.30e-04	4.40e-02	9.56e-01	0.00e+00	0.00e+00	0.00e+00
 4.24766e+22	7.02e-30	3.25e-23	5.13e-18	5.26e-14	1.29e-10	1.32e-07	4.67e-04	4.58e-02	9.54e-01	0.00e+00	0.00e+00	0.00e+00
 4.26993e+22	9.81e-30	4.34e-23	6.54e-18	6.41e-14	1.51e-10	1.47e-07	5.03e-04	4.75e-02	9.52e-01	0.00e+00	0.00e+00	0.00e+00
 4.28967e+22	1.32e-29	5.61e-23	8.12e-18	7.67e-14	1.73e-10	1.63e-07	5.39e-04	4.91e-02	9.50e-01	0.00e+00	0.00e+00	0.00e+00
 4.31166e+22	1.92e-29	7.74e-23	1.07e-17	9.58e-14	2.06e-10	1.84e-07	5.86e-04	5.13e-02	9.48e-01	0.00e+00	0.00e+00	0.00e+00
 4.33379e+22	2.61e-29	1.01e-22	1.33e-17	1.15e-13	2.38e-10	2.04e-07	6.29e-04	5.31e-02	9.46e-01	0.00e+00	0.00e+00	0.00e+00
 4.35243e+22	3.48e-29	1.29e-22	1.65e-17	1.37e-13	2.72e-10	2.24e-07	6.71e-04	5.48e-02	9.45e-01	0.00e+00	0.00e+00	0.00e+00
 4.37300e+22	5.13e-29	1.81e-22	2.18e-17	1.73e-13	3.26e-10	2.54e-07	7.32e-04	5.72e-02	9.42e-01	0.00e+00	0.00e+00	0.00e+00
 4.39336e+22	6.79e-29	2.31e-22	2.68e-17	2.05e-13	3.72e-10	2.79e-07	7.80e-04	5.90e-02	9.40e-01	0.00e+00	0.00e+00	0.00e+00
 4.40997e+22	8.89e-29	2.91e-22	3.26e-17	2.40e-13	4.21e-10	3.05e-07	8.28e-04	6.07e-02	9.38e-01	0.00e+00	0.00e+00	0.00e+00
 4.42548e+22	1.16e-28	3.65e-22	3.95e-17	2.82e-13	4.76e-10	3.32e-07	8.78e-04	6.25e-02	9.37e-01	0.00e+00	0.00e+00	0.00e+00
 4.44302e+22	1.59e-28	4.80e-22	4.98e-17	3.40e-13	5.51e-10	3.69e-07	9.42e-04	6.47e-02	9.34e-01	0.00e+00	0.00e+00	0.00e+00
 4.45985e+22	2.04e-28	5.96e-22	5.98e-17	3.95e-13	6.19e-10	4.00e-07	9.96e-04	6.64e-02	9.33e-01	0.00e+00	0.00e+00	0.00e+00
 4.47317e+22	2.58e-28	7.31e-22	7.11e-17	4.56e-13	6.91e-10	4.33e-07	1.05e-03	6.81e-02	9.31e-01	0.00e+00	0.00e+00	0.00e+00
 4.48591e+22	3.16e-28	8.71e-22	8.24e-17	5.15e-13	7.60e-10	4.63e-07	1.10e-03	6.96e-02	9.29e-01	0.00e+00	0.00e+00	0.00e+00
 4.50051e+22	4.17e-28	1.11e-21	1.01e-16	6.09e-13	8.65e-10	5.07e-07	1.17e-03	7.17e-02	9.27e-01	0.00e+00	0.00e+00	0.00e+00
 4.51504e+22	5.29e-28	1.36e-21	1.20e-16	7.02e-13	9.66e-10	5.48e-07	1.23e-03	7.35e-02	9.25e-01	0.00e+00	0.00e+00	0.00e+00
 4.52713e+22	6.59e-28	1.64e-21	1.41e-16	8.01e-13	1.07e-09	5.89e-07	1.29e-03	7.53e-02	9.23e-01	0.00e+00	0.00e+00	0.00e+00
 4.54054e+22	8.66e-28	2.08e-21	1.72e-16	9.44e-13	1.21e-09	6.44e-07	1.37e-03	7.74e-02	9.21e-01	0.00e+00	0.00e+00	0.00e+00
 4.55428e+22	1.08e-27	2.52e-21	2.02e-16	1.08e-12	1.35e-09	6.93e-07	1.43e-03	7.92e-02	9.19e-01	0.00e+00	0.00e+00	0.00e+00
 4.56844e+22	1.43e-27	3.22e-21	2.49e-16	1.28e-12	1.54e-09	7.61e-07	1.53e-03	8.16e-02	9.17e-01	0.00e+00	0.00e+00	0.00e+00
 4.58217e+22	1.79e-27	3.89e-21	2.92e-16	1.46e-12	1.70e-09	8.18e-07	1.60e-03	8.35e-02	9.15e-01	0.00e+00	0.00e+00	0.00e+00
 4.59342e+22	2.22e-27	4.70e-21	3.43e-16	1.67e-12	1.89e-09	8.78e-07	1.68e-03	8.54e-02	9.13e-01	0.00e+00	0.00e+00	0.00e+00
 4.60613e+22	2.91e-27	5.94e-21	4.18e-16	1.96e-12	2.14e-09	9.60e-07	1.78e-03	8.77e-02	9.10e-01	0.00e+00	0.00e+00	0.00e+00
 4.61901e+22	3.63e-27	7.18e-21	4.91e-16	2.24e-12	2.37e-09	1.03e-06	1.86e-03	8.97e-02	9.08e-01	0.00e+00	0.00e+00	0.00e+00
 4.63210e+22	4.92e-27	9.33e-21	6.13e-16	2.69e-12	2.73e-09	1.14e-06	1.98e-03	9.25e-02	9.06e-01	0.00e+00	0.00e+00	0.00e+00
 4.64492e+22	6.12e-27	1.13e-20	7.19e-16	3.07e-12	3.02e-09	1.22e-06	2.08e-03	9.45e-02	9.03e-01	0.00e+00	0.00e+00	0.00e+00
 4.65739e+22	8.16e-27	1.45e-20	8.88e-16	3.65e-12	3.45e-09	1.34e-06	2.21e-03	9.73e-02	9.01e-01	0.00e+00	0.00e+00	0.00e+00
 4.67004e+22	1.03e-26	1.77e-20	1.05e-15	4.20e-12	3.85e-09	1.45e-06	2.32e-03	9.95e-02	8.98e-01	0.00e+00	0.00e+00	0.00e+00
 4.68065e+22	1.28e-26	2.13e-20	1.23e-15	4.78e-12	4.25e-09	1.55e-06	2.43e-03	1.02e-01	8.96e-01	0.00e+00	0.00e+00	0.00e+00
 4.69217e+22	1.68e-26	2.70e-20	1.51e-15	5.63e-12	4.83e-09	1.70e-06	2.57e-03	1.04e-01	8.93e-01	0.00e+00	0.00e+00	0.00e+00
 4.70383e+22	2.11e-26	3.29e-20	1.78e-15	6.47e-12	5.37e-09	1.83e-06	2.69e-03	1.07e-01	8.91e-01	0.00e+00	0.00e+00	0.00e+00
 4.71401e+22	2.64e-26	3.99e-20	2.10e-15	7.40e-12	5.95e-09	1.96e-06	2.82e-03	1.09e-01	8.88e-01	0.00e+00	0.00e+00	0.00e+00
 4.72557e+22	3.53e-26	5.13e-20	2.60e-15	8.82e-12	6.82e-09	2.16e-06	2.99e-03	1.12e-01	8.85e-01	0.00e+00	0.00e+00	0.00e+00
 4.73725e+22	4.47e-26	6.29e-20	3.09e-15	1.02e-11	7.61e-09	2.33e-06	3.14e-03	1.15e-01	8.82e-01	0.00e+00	0.00e+00	0.00e+00
 4.74751e+22	5.67e-26	7.73e-20	3.67e-15	1.17e-11	8.49e-09	2.51e-06	3.30e-03	1.17e-01	8.79e-01	0.00e+00	0.00e+00	0.00e+00
 4.75930e+22	7.83e-26	1.02e-19	4.65e-15	1.43e-11	9.86e-09	2.79e-06	3.52e-03	1.21e-01	8.76e-01	0.00e+00	0.00e+00	0.00e+00
 4.77088e+22	9.82e-26	1.24e-19	5.49e-15	1.63e-11	1.10e-08	3.00e-06	3.69e-03	1.24e-01	8.73e-01	0.00e+00	0.00e+00	0.00e+00
 4.78220e+22	1.36e-25	1.64e-19	6.95e-15	1.99e-11	1.27e-08	3.33e-06	3.94e-03	1.27e-01	8.69e-01	0.00e+00	0.00e+00	0.00e+00
 4.79352e+22	1.71e-25	2.00e-19	8.24e-15	2.28e-11	1.42e-08	3.58e-06	4.12e-03	1.30e-01	8.66e-01	0.00e+00	0.00e+00	0.00e+00
 4.80484e+22	2.39e-25	2.68e-19	1.05e-14	2.79e-11	1.65e-08	3.99e-06	4.41e-03	1.34e-01	8.62e-01	0.00e+00	0.00e+00	0.00e+00
 4.81618e+22	3.04e-25	3.30e-19	1.26e-14	3.23e-11	1.85e-08	4.31e-06	4.63e-03	1.37e-01	8.58e-01	0.00e+00	0.00e+00	0.00e+00
 4.82757e+22	4.25e-25	4.40e-19	1.61e-14	3.95e-11	2.16e-08	4.80e-06	4.95e-03	1.41e-01	8.54e-01	0.00e+00	0.00e+00	0.00e+00
 4.83888e+22	5.48e-25	5.49e-19	1.93e-14	4.61e-11	2.43e-08	5.20e-06	5.21e-03	1.45e-01	8.50e-01	0.00e+00	0.00e+00	0.00e+00
 4.84855e+22	7.07e-25	6.83e-19	2.33e-14	5.37e-11	2.73e-08	5.64e-06	5.48e-03	1.48e-01	8.47e-01	0.00e+00	0.00e+00	0.00e+00
 4.85958e+22	9.87e-25	9.12e-19	2.98e-14	6.58e-11	3.19e-08	6.28e-06	5.86e-03	1.53e-01	8.42e-01	0.00e+00	0.00e+00	0.00e+00
 4.87062e+22	1.28e-24	1.14e-18	3.60e-14	7.68e-11	3.59e-08	6.82e-06	6.17e-03	1.56e-01	8.38e-01	0.00e+00	0.00e+00	0.00e+00
 4.88167e+22	1.80e-24	1.53e-18	4.61e-14	9.44e-11	4.21e-08	7.60e-06	6.60e-03	1.61e-01	8.33e-01	0.00e+00	0.00e+00	0.00e+00
 4.89291e+22	2.36e-24	1.93e-18	5.63e-14	1.11e-10	4.77e-08	8.30e-06	6.97e-03	1.65e-01	8.28e-01	0.00e+00	0.00e+00	0.00e+00
 4.90442e+22	3.37e-24	2.64e-18	7.33e-14	1.38e-10	5.64e-08	9.31e-06	7.49e-03	1.70e-01	8.22e-01	0.00e+00	0.00e+00	0.00e+00
 4.91597e+22	4.44e-24	3.34e-18	8.96e-14	1.63e-10	6.41e-08	1.02e-05	7.91e-03	1.74e-01	8.18e-01	0.00e+00	0.00e+00	0.00e+00
 4.92592e+22	5.82e-24	4.22e-18	1.09e-13	1.92e-10	7.27e-08	1.11e-05	8.35e-03	1.79e-01	8.13e-01	0.00e+00	0.00e+00	0.00e+00
 4.93723e+22	8.30e-24	5.74e-18	1.42e-13	2.39e-10	8.59e-08	1.24e-05	8.97e-03	1.84e-01	8.07e-01	0.00e+00	0.00e+00	0.00e+00
 4.94852e+22	1.08e-23	7.19e-18	1.72e-13	2.80e-10	9.71e-08	1.35e-05	9.46e-03	1.88e-01	8.02e-01	0.00e+00	0.00e+00	0.00e+00
 4.95979e+22	1.53e-23	9.75e-18	2.23e-13	3.47e-10	1.15e-07	1.52e-05	1.01e-02	1.94e-01	7.95e-01	0.00e+00	0.00e+00	0.00e+00
 4.97102e+22	1.97e-23	1.21e-17	2.67e-13	4.04e-10	1.29e-07	1.65e-05	1.07e-02	1.99e-01	7.91e-01	0.00e+00	0.00e+00	0.00e+00
 4.98220e+22	2.77e-23	1.62e-17	3.43e-13	4.97e-10	1.51e-07	1.84e-05	1.14e-02	2.05e-01	7.84e-01	0.00e+00	0.00e+00	0.00e+00
 4.99360e+22	3.58e-23	2.03e-17	4.15e-13	5.82e-10	1.71e-07	2.00e-05	1.21e-02	2.09e-01	7.79e-01	0.00e+00	0.00e+00	0.00e+00
 5.00530e+22	5.05e-23	2.73e-17	5.35e-13	7.18e-10	2.01e-07	2.24e-05	1.29e-02	2.16e-01	7.71e-01	0.00e+00	0.00e+00	0.00e+00
 5.01724e+22	6.55e-23	3.42e-17	6.48e-13	8.42e-10	2.28e-07	2.45e-05	1.36e-02	2.21e-01	7.66e-01	0.00e+00	0.00e+00	0.00e+00
 5.02950e+22	9.23e-23	4.60e-17	8.34e-13	1.04e-09	2.68e-07	2.74e-05	1.46e-02	2.27e-01	7.58e-01	0.00e+00	0.00e+00	0.00e+00
 5.04213e+22	1.21e-22	5.81e-17	1.02e-12	1.23e-09	3.06e-07	3.00e-05	1.55e-02	2.33e-01	7.52e-01	0.00e+00	0.00e+00	0.00e+00
 5.05330e+22	1.57e-22	7.27e-17	1.23e-12	1.44e-09	3.46e-07	3.28e-05	1.63e-02	2.38e-01	7.46e-01	0.00e+00	0.00e+00	0.00e+00
 5.06591e+22	2.18e-22	9.67e-17	1.57e-12	1.76e-09	4.06e-07	3.66e-05	1.75e-02	2.45e-01	7.38e-01	0.00e+00	0.00e+00	0.00e+00
 5.07868e+22	2.81e-22	1.20e-16	1.89e-12	2.06e-09	4.59e-07	3.99e-05	1.84e-02	2.50e-01	7.31e-01	0.00e+00	0.00e+00	0.00e+00
 5.09165e+22	3.88e-22	1.59e-16	2.41e-12	2.52e-09	5.37e-07	4.45e-05	1.97e-02	2.57e-01	7.23e-01	0.00e+00	0.00e+00	0.00e+00
 5.10500e+22	5.03e-22	1.99e-16	2.92e-12	2.96e-09	6.10e-07	4.87e-05	2.08e-02	2.63e-01	7.16e-01	0.00e+00	0.00e+00	0.00e+00
 5.11698e+22	6.47e-22	2.48e-16	3.52e-12	3.46e-09	6.90e-07	5.31e-05	2.20e-02	2.69e-01	7.09e-01	0.00e+00	0.00e+00	0.00e+00
 5.13072e+22	8.94e-22	3.28e-16	4.47e-12	4.23e-09	8.08e-07	5.93e-05	2.35e-02	2.76e-01	7.00e-01	0.00e+00	0.00e+00	0.00e+00
 5.14454e+22	1.14e-21	4.05e-16	5.36e-12	4.93e-09	9.12e-07	6.46e-05	2.48e-02	2.82e-01	6.93e-01	0.00e+00	0.00e+00	0.00e+00
 5.15848e+22	1.57e-21	5.34e-16	6.79e-12	6.01e-09	1.07e-06	7.21e-05	2.65e-02	2.90e-01	6.84e-01	0.00e+00	0.00e+00	0.00e+00
 5.17263e+22	1.99e-21	6.57e-16	8.11e-12	6.98e-09	1.20e-06	7.84e-05	2.79e-02	2.95e-01	6.77e-01	0.00e+00	0.00e+00	0.00e+00
 5.18488e+22	2.51e-21	8.01e-16	9.61e-12	8.06e-09	1.35e-06	8.49e-05	2.93e-02	3.01e-01	6.69e-01	0.00e+00	0.00e+00	0.00e+00
 5.19861e+22	3.37e-21	1.04e-15	1.20e-11	9.70e-09	1.56e-06	9.42e-05	3.12e-02	3.08e-01	6.60e-01	0.00e+00	0.00e+00	0.00e+00
 5.21228e+22	4.18e-21	1.25e-15	1.41e-11	1.11e-08	1.74e-06	1.02e-04	3.27e-02	3.14e-01	6.53e-01	0.00e+00	0.00e+00	0.00e+00
 5.22586e+22	5.53e-21	1.59e-15	1.73e-11	1.32e-08	2.00e-06	1.12e-04	3.47e-02	3.21e-01	6.44e-01	0.00e+00	0.00e+00	0.00e+00
 5.23973e+22	6.91e-21	1.93e-15	2.05e-11	1.52e-08	2.23e-06	1.21e-04	3.64e-02	3.27e-01	6.37e-01	0.00e+00	0.00e+00	0.00e+00
 5.25400e+22	9.25e-21	2.48e-15	2.54e-11	1.83e-08	2.58e-06	1.35e-04	3.87e-02	3.34e-01	6.27e-01	0.00e+00	0.00e+00	0.00e+00
 5.26836e+22	1.14e-20	2.98e-15	2.98e-11	2.09e-08	2.87e-06	1.45e-04	4.05e-02	3.40e-01	6.19e-01	0.00e+00	0.00e+00	0.00e+00
 5.28284e+22	1.52e-20	3.82e-15	3.69e-11	2.51e-08	3.32e-06	1.61e-04	4.31e-02	3.48e-01	6.09e-01	0.00e+00	0.00e+00	0.00e+00
 5.29699e+22	1.85e-20	4.52e-15	4.26e-11	2.83e-08	3.66e-06	1.72e-04	4.49e-02	3.53e-01	6.02e-01	0.00e+00	0.00e+00	0.00e+00
 5.31070e+22	2.40e-20	5.68e-15	5.19e-11	3.34e-08	4.18e-06	1.89e-04	4.75e-02	3.60e-01	5.93e-01	0.00e+00	0.00e+00	0.00e+00
 5.32468e+22	2.92e-20	6.74e-15	6.01e-11	3.79e-08	4.62e-06	2.03e-04	4.96e-02	3.65e-01	5.85e-01	0.00e+00	0.00e+00	0.00e+00
 5.33901e+22	3.80e-20	8.47e-15	7.32e-11	4.47e-08	5.28e-06	2.23e-04	5.24e-02	3.72e-01	5.75e-01	0.00e+00	0.00e+00	0.00e+00
 5.35360e+22	4.65e-20	1.01e-14	8.51e-11	5.08e-08	5.85e-06	2.40e-04	5.47e-02	3.78e-01	5.67e-01	0.00e+00	0.00e+00	0.00e+00
 5.36853e+22	6.06e-20	1.27e-14	1.04e-10	6.02e-08	6.69e-06	2.64e-04	5.79e-02	3.85e-01	5.57e-01	0.00e+00	0.00e+00	0.00e+00
 5.38372e+22	7.43e-20	1.52e-14	1.21e-10	6.84e-08	7.42e-06	2.84e-04	6.05e-02	3.90e-01	5.49e-01	0.00e+00	0.00e+00	0.00e+00
 5.39927e+22	9.70e-20	1.91e-14	1.48e-10	8.11e-08	8.50e-06	3.13e-04	6.40e-02	3.97e-01	5.38e-01	0.00e+00	0.00e+00	0.00e+00
 5.41513e+22	1.19e-19	2.29e-14	1.72e-10	9.23e-08	9.44e-06	3.37e-04	6.68e-02	4.03e-01	5.30e-01	0.00e+00	0.00e+00	0.00e+00
 5.43140e+22	1.56e-19	2.88e-14	2.10e-10	1.09e-07	1.08e-05	3.71e-04	7.07e-02	4.10e-01	5.19e-01	0.00e+00	0.00e+00	0.00e+00
 5.44814e+22	1.93e-19	3.48e-14	2.47e-10	1.25e-07	1.21e-05	4.01e-04	7.40e-02	4.16e-01	5.10e-01	0.00e+00	0.00e+00	0.00e+00
 5.46548e+22	2.54e-19	4.41e-14	3.04e-10	1.49e-07	1.39e-05	4.42e-04	7.83e-02	4.23e-01	4.99e-01	0.00e+00	0.00e+00	0.00e+00
 5.48232e+22	3.07e-19	5.21e-14	3.50e-10	1.68e-07	1.53e-05	4.74e-04	8.15e-02	4.28e-01	4.91e-01	0.00e+00	0.00e+00	0.00e+00
 5.49852e+22	3.98e-19	6.51e-14	4.25e-10	1.98e-07	1.74e-05	5.20e-04	8.59e-02	4.34e-01	4.79e-01	0.00e+00	0.00e+00	0.00e+00
 5.51504e+22	4.84e-19	7.72e-14	4.93e-10	2.24e-07	1.92e-05	5.58e-04	8.95e-02	4.39e-01	4.71e-01	0.00e+00	0.00e+00	0.00e+00
 5.53196e+22	6.17e-19	9.54e-14	5.91e-10	2.62e-07	2.18e-05	6.08e-04	9.40e-02	4.45e-01	4.61e-01	0.00e+00	0.00e+00	0.00e+00
 5.54984e+22	7.73e-19	1.16e-13	7.00e-10	3.02e-07	2.44e-05	6.59e-04	9.84e-02	4.50e-01	4.51e-01	0.00e+00	0.00e+00	0.00e+00
 5.56626e+22	9.52e-19	1.39e-13	8.18e-10	3.44e-07	2.71e-05	7.10e-04	1.03e-01	4.55e-01	4.42e-01	0.00e+00	0.00e+00	0.00e+00
 5.58489e+22	1.23e-18	1.74e-13	9.93e-10	4.05e-07	3.09e-05	7.78e-04	1.08e-01	4.61e-01	4.30e-01	0.00e+00	0.00e+00	0.00e+00
 5.60462e+22	1.57e-18	2.15e-13	1.19e-09	4.72e-07	3.49e-05	8.48e-04	1.13e-01	4.66e-01	4.20e-01	0.00e+00	0.00e+00	0.00e+00
 5.62290e+22	1.97e-18	2.61e-13	1.41e-09	5.44e-07	3.91e-05	9.18e-04	1.19e-01	4.71e-01	4.10e-01	0.00e+00	0.00e+00	0.00e+00
 5.64073e+22	2.44e-18	3.15e-13	1.65e-09	6.22e-07	4.35e-05	9.89e-04	1.24e-01	4.75e-01	4.00e-01	0.00e+00	0.00e+00	0.00e+00
 5.66086e+22	3.21e-18	4.00e-13	2.03e-09	7.40e-07	5.00e-05	1.09e-03	1.30e-01	4.80e-01	3.88e-01	0.00e+00	0.00e+00	0.00e+00
 5.68109e+22	3.99e-18	4.83e-13	2.39e-09	8.48e-07	5.56e-05	1.18e-03	1.36e-01	4.84e-01	3.79e-01	0.00e+00	0.00e+00	0.00e+00
 5.70145e+22	5.25e-18	6.13e-13	2.93e-09	1.01e-06	6.39e-05	1.30e-03	1.43e-01	4.89e-01	3.66e-01	0.00e+00	0.00e+00	0.00e+00
 5.72203e+22	6.53e-18	7.41e-13	3.45e-09	1.16e-06	7.12e-05	1.40e-03	1.49e-01	4.92e-01	3.57e-01	0.00e+00	0.00e+00	0.00e+00
 5.74290e+22	8.62e-18	9.44e-13	4.25e-09	1.38e-06	8.20e-05	1.54e-03	1.57e-01	4.97e-01	3.44e-01	0.00e+00	0.00e+00	0.00e+00
 5.76405e+22	1.08e-17	1.14e-12	5.01e-09	1.58e-06	9.15e-05	1.66e-03	1.64e-01	5.00e-01	3.35e-01	0.00e+00	0.00e+00	0.00e+00
 5.78554e+22	1.43e-17	1.47e-12	6.22e-09	1.90e-06	1.06e-04	1.84e-03	1.73e-01	5.03e-01	3.22e-01	0.00e+00	0.00e+00	0.00e+00
 5.80724e+22	1.79e-17	1.78e-12	7.33e-09	2.18e-06	1.18e-04	1.98e-03	1.80e-01	5.06e-01	3.12e-01	0.00e+00	0.00e+00	0.00e+00
 5.82921e+22	2.39e-17	2.29e-12	9.14e-09	2.62e-06	1.37e-04	2.20e-03	1.90e-01	5.08e-01	2.99e-01	2.39e-17	5.89e-27	6.19e-27
 5.85128e+22	2.98e-17	2.77e-12	1.08e-08	3.01e-06	1.53e-04	2.37e-03	1.98e-01	5.10e-01	2.90e-01	2.98e-17	1.65e-24	2.09e-24
 5.87348e+22	3.99e-17	3.57e-12	1.34e-08	3.63e-06	1.78e-04	2.63e-03	2.08e-01	5.12e-01	2.77e-01	3.99e-17	2.21e-24	2.79e-24
 5.89592e+22	4.98e-17	4.33e-12	1.58e-08	4.18e-06	1.99e-04	2.85e-03	2.17e-01	5.13e-01	2.67e-01	4.98e-17	2.77e-24	3.49e-24
 5.91870e+22	6.68e-17	5.59e-12	1.98e-08	5.04e-06	2.31e-04	3.16e-03	2.28e-01	5.14e-01	2.55e-01	6.68e-17	3.71e-24	4.68e-24
 5.94184e+22	8.38e-17	6.81e-12	2.35e-08	5.82e-06	2.60e-04	3.42e-03	2.38e-01	5.14e-01	2.45e-01	8.38e-17	4.66e-24	5.87e-24
 5.96130e+22	1.03e-16	8.16e-12	2.75e-08	6.66e-06	2.90e-04	3.69e-03	2.47e-01	5.13e-01	2.36e-01	1.03e-16	5.73e-24	7.22e-24
 5.97965e+22	1.26e-16	9.71e-12	3.19e-08	7.57e-06	3.21e-04	3.96e-03	2.55e-01	5.13e-01	2.28e-01	1.26e-16	7.00e-24	8.83e-24
 6.00069e+22	1.64e-16	1.22e-11	3.91e-08	9.00e-06	3.70e-04	4.37e-03	2.68e-01	5.12e-01	2.16e-01	1.64e-16	9.11e-24	1.15e-23
 6.02174e+22	2.00e-16	1.45e-11	4.53e-08	1.02e-05	4.10e-04	4.68e-03	2.77e-01	5.10e-01	2.08e-01	2.00e-16	1.11e-23	1.40e-23
 6.04282e+22	2.58e-16	1.81e-11	5.52e-08	1.21e-05	4.71e-04	5.16e-03	2.89e-01	5.08e-01	1.97e-01	2.58e-16	1.43e-23	1.81e-23
 6.06427e+22	3.16e-16	2.16e-11	6.45e-08	1.38e-05	5.25e-04	5.56e-03	3.00e-01	5.06e-01	1.89e-01	3.16e-16	1.75e-23	2.21e-23
 6.08621e+22	4.09e-16	2.71e-11	7.89e-08	1.65e-05	6.07e-04	6.15e-03	3.14e-01	5.02e-01	1.78e-01	4.09e-16	2.27e-23	2.86e-23
 6.10856e+22	5.01e-16	3.24e-11	9.22e-08	1.89e-05	6.78e-04	6.64e-03	3.25e-01	4.99e-01	1.70e-01	5.01e-16	2.78e-23	3.51e-23
 6.13144e+22	6.49e-16	4.07e-11	1.13e-07	2.25e-05	7.85e-04	7.34e-03	3.40e-01	4.93e-01	1.59e-01	6.49e-16	3.60e-23	4.54e-23
 6.15491e+22	7.98e-16	4.88e-11	1.33e-07	2.60e-05	8.83e-04	7.97e-03	3.52e-01	4.89e-01	1.51e-01	7.98e-16	4.43e-23	5.59e-23
 6.17914e+22	1.04e-15	6.14e-11	1.64e-07	3.12e-05	1.03e-03	8.87e-03	3.68e-01	4.82e-01	1.40e-01	1.04e-15	5.76e-23	7.25e-23
 6.20355e+22	1.26e-15	7.32e-11	1.92e-07	3.59e-05	1.16e-03	9.63e-03	3.81e-01	4.76e-01	1.32e-01	1.26e-15	7.02e-23	8.85e-23
 6.22766e+22	1.61e-15	9.06e-11	2.33e-07	4.28e-05	1.34e-03	1.07e-02	3.98e-01	4.68e-01	1.22e-01	1.61e-15	8.93e-23	1.12e-22
 6.25202e+22	1.94e-15	1.07e-10	2.72e-07	4.92e-05	1.51e-03	1.16e-02	4.11e-01	4.61e-01	1.15e-01	1.94e-15	1.08e-22	1.36e-22
 6.27577e+22	2.40e-15	1.30e-10	3.25e-07	5.77e-05	1.73e-03	1.28e-02	4.27e-01	4.52e-01	1.07e-01	2.40e-15	1.34e-22	1.68e-22
 6.29928e+22	2.86e-15	1.52e-10	3.75e-07	6.59e-05	1.94e-03	1.38e-02	4.40e-01	4.44e-01	9.99e-02	2.86e-15	1.59e-22	2.00e-22
 6.32007e+22	3.34e-15	1.75e-10	4.28e-07	7.44e-05	2.15e-03	1.49e-02	4.52e-01	4.37e-01	9.40e-02	3.34e-15	1.86e-22	2.34e-22
 6.34245e+22	4.01e-15	2.06e-10	5.01e-07	8.60e-05	2.44e-03	1.63e-02	4.67e-01	4.27e-01	8.70e-02	4.01e-15	2.23e-22	2.81e-22
 6.36449e+22	4.61e-15	2.34e-10	5.66e-07	9.63e-05	2.68e-03	1.74e-02	4.79e-01	4.19e-01	8.19e-02	4.61e-15	2.57e-22	3.23e-22
 6.38682e+22	5.48e-15	2.74e-10	6.59e-07	1.11e-04	3.03e-03	1.90e-02	4.94e-01	4.09e-01	7.55e-02	5.48e-15	3.05e-22	3.84e-22
 6.40911e+22	6.24e-15	3.09e-10	7.39e-07	1.24e-04	3.33e-03	2.03e-02	5.05e-01	4.00e-01	7.09e-02	6.24e-15	3.47e-22	4.37e-22
 6.43145e+22	7.31e-15	3.58e-10	8.54e-07	1.42e-04	3.74e-03	2.22e-02	5.19e-01	3.89e-01	6.53e-02	7.31e-15	4.07e-22	5.12e-22
 6.45381e+22	8.25e-15	4.00e-10	9.53e-07	1.57e-04	4.09e-03	2.36e-02	5.30e-01	3.81e-01	6.12e-02	8.25e-15	4.59e-22	5.78e-22
 6.47622e+22	9.55e-15	4.60e-10	1.09e-06	1.80e-04	4.58e-03	2.56e-02	5.44e-01	3.70e-01	5.63e-02	9.55e-15	5.32e-22	6.70e-22
 6.49873e+22	1.07e-14	5.11e-10	1.22e-06	1.99e-04	4.98e-03	2.73e-02	5.54e-01	3.61e-01	5.27e-02	1.07e-14	5.95e-22	7.50e-22
 6.52137e+22	1.23e-14	5.83e-10	1.39e-06	2.26e-04	5.56e-03	2.96e-02	5.67e-01	3.50e-01	4.83e-02	1.23e-14	6.83e-22	8.60e-22
 6.54418e+22	1.37e-14	6.46e-10	1.54e-06	2.49e-04	6.04e-03	3.14e-02	5.76e-01	3.41e-01	4.51e-02	1.37e-14	7.61e-22	9.58e-22
 6.56721e+22	1.56e-14	7.33e-10	1.75e-06	2.83e-04	6.71e-03	3.39e-02	5.89e-01	3.29e-01	4.13e-02	1.56e-14	8.68e-22	1.09e-21
 6.59055e+22	1.73e-14	8.10e-10	1.94e-06	3.12e-04	7.28e-03	3.60e-02	5.98e-01	3.20e-01	3.85e-02	1.73e-14	9.63e-22	1.21e-21
 6.61428e+22	1.96e-14	9.16e-10	2.20e-06	3.54e-04	8.09e-03	3.89e-02	6.09e-01	3.08e-01	3.50e-02	1.96e-14	1.09e-21	1.37e-21
 6.63840e+22	2.17e-14	1.01e-09	2.44e-06	3.90e-04	8.76e-03	4.13e-02	6.18e-01	2.99e-01	3.25e-02	2.17e-14	1.21e-21	1.52e-21
 6.66300e+22	2.45e-14	1.14e-09	2.77e-06	4.43e-04	9.72e-03	4.46e-02	6.29e-01	2.87e-01	2.95e-02	2.45e-14	1.36e-21	1.72e-21
 6.68814e+22	2.73e-14	1.27e-09	3.08e-06	4.90e-04	1.05e-02	4.73e-02	6.37e-01	2.78e-01	2.73e-02	2.73e-14	1.52e-21	1.91e-21
 6.71396e+22	3.08e-14	1.44e-09	3.52e-06	5.57e-04	1.17e-02	5.10e-02	6.46e-01	2.66e-01	2.46e-02	3.08e-14	1.72e-21	2.16e-21
 6.73999e+22	3.42e-14	1.59e-09	3.91e-06	6.16e-04	1.26e-02	5.40e-02	6.53e-01	2.57e-01	2.27e-02	3.42e-14	1.91e-21	2.40e-21
 6.76211e+22	3.74e-14	1.75e-09	4.30e-06	6.76e-04	1.36e-02	5.70e-02	6.60e-01	2.48e-01	2.10e-02	3.74e-14	2.09e-21	2.63e-21
 6.78672e+22	4.20e-14	1.96e-09	4.86e-06	7.61e-04	1.49e-02	6.10e-02	6.67e-01	2.37e-01	1.90e-02	4.20e-14	2.34e-21	2.95e-21
 6.81026e+22	4.56e-14	2.14e-09	5.30e-06	8.27e-04	1.58e-02	6.38e-02	6.72e-01	2.30e-01	1.78e-02	4.56e-14	2.55e-21	3.21e-21
 6.83243e+22	5.05e-14	2.37e-09	5.92e-06	9.19e-04	1.72e-02	6.76e-02	6.77e-01	2.21e-01	1.62e-02	5.05e-14	2.82e-21	3.55e-21
 6.85491e+22	5.49e-14	2.59e-09	6.46e-06	9.99e-04	1.83e-02	7.08e-02	6.81e-01	2.14e-01	1.51e-02	5.49e-14	3.07e-21	3.86e-21
 6.87780e+22	6.05e-14	2.87e-09	7.22e-06	1.11e-03	1.98e-02	7.51e-02	6.86e-01	2.04e-01	1.38e-02	6.05e-14	3.38e-21	4.26e-21
 6.90083e+22	6.63e-14	3.14e-09	7.91e-06	1.21e-03	2.10e-02	7.84e-02	6.89e-01	1.98e-01	1.28e-02	6.63e-14	3.71e-21	4.66e-21
 6.92404e+22	7.32e-14	3.49e-09	8.85e-06	1.34e-03	2.27e-02	8.31e-02	6.93e-01	1.89e-01	1.16e-02	7.32e-14	4.09e-21	5.15e-21
 6.94756e+22	8.03e-14	3.84e-09	9.72e-06	1.46e-03	2.42e-02	8.67e-02	6.95e-01	1.82e-01	1.08e-02	8.03e-14	4.50e-21	5.66e-21
 6.97145e+22	8.91e-14	4.29e-09	1.09e-05	1.63e-03	2.61e-02	9.18e-02	6.97e-01	1.73e-01	9.75e-03	8.91e-14	4.99e-21	6.27e-21
 6.99572e+22	9.81e-14	4.73e-09	1.20e-05	1.78e-03	2.77e-02	9.58e-02	6.99e-01	1.67e-01	9.02e-03	9.81e-14	5.50e-21	6.92e-21
 7.02047e+22	1.09e-13	5.32e-09	1.36e-05	1.99e-03	3.00e-02	1.01e-01	7.00e-01	1.58e-01	8.12e-03	1.09e-13	6.13e-21	7.71e-21
 7.04566e+22	1.21e-13	5.90e-09	1.50e-05	2.18e-03	3.19e-02	1.06e-01	7.01e-01	1.52e-01	7.48e-03	1.21e-13	6.80e-21	8.55e-21
 7.07144e+22	1.36e-13	6.67e-09	1.70e-05	2.44e-03	3.45e-02	1.12e-01	7.01e-01	1.44e-01	6.70e-03	1.36e-13	7.62e-21	9.58e-21
 7.09775e+22	1.52e-13	7.48e-09	1.90e-05	2.68e-03	3.67e-02	1.17e-01	7.00e-01	1.38e-01	6.15e-03	1.52e-13	8.55e-21	1.07e-20
 7.12475e+22	1.71e-13	8.50e-09	2.16e-05	3.02e-03	3.97e-02	1.24e-01	6.98e-01	1.30e-01	5.46e-03	1.71e-13	9.60e-21	1.21e-20
 7.15187e+22	1.92e-13	9.54e-09	2.41e-05	3.31e-03	4.22e-02	1.29e-01	6.97e-01	1.24e-01	5.00e-03	1.92e-13	1.08e-20	1.35e-20
 7.17913e+22	2.18e-13	1.10e-08	2.77e-05	3.73e-03	4.56e-02	1.36e-01	6.94e-01	1.17e-01	4.44e-03	2.18e-13	1.22e-20	1.54e-20
 7.20678e+22	2.46e-13	1.24e-08	3.10e-05	4.10e-03	4.85e-02	1.41e-01	6.91e-01	1.11e-01	4.05e-03	2.46e-13	1.38e-20	1.74e-20
 7.23082e+22	2.73e-13	1.38e-08	3.45e-05	4.48e-03	5.14e-02	1.47e-01	6.88e-01	1.06e-01	3.70e-03	2.73e-13	1.54e-20	1.93e-20
 7.25793e+22	3.12e-13	1.60e-08	3.96e-05	5.03e-03	5.53e-02	1.54e-01	6.83e-01	9.93e-02	3.28e-03	3.12e-13	1.76e-20	2.21e-20
 7.28530e+22	3.54e-13	1.81e-08	4.43e-05	5.52e-03	5.86e-02	1.60e-01	6.78e-01	9.46e-02	2.99e-03	3.54e-13	2.00e-20	2.51e-20
 7.30812e+22	3.93e-13	2.01e-08	4.89e-05	5.98e-03	6.17e-02	1.65e-01	6.74e-01	9.03e-02	2.75e-03	3.93e-13	2.22e-20	2.79e-20
 7.33292e+22	4.46e-13	2.30e-08	5.56e-05	6.64e-03	6.58e-02	1.73e-01	6.67e-01	8.50e-02	2.46e-03	4.46e-13	2.52e-20	3.17e-20
 7.35751e+22	4.98e-13	2.57e-08	6.14e-05	7.19e-03	6.90e-02	1.78e-01	6.62e-01	8.12e-02	2.26e-03	4.98e-13	2.82e-20	3.54e-20
 7.38182e+22	5.71e-13	2.96e-08	6.96e-05	7.93e-03	7.33e-02	1.85e-01	6.55e-01	7.66e-02	2.04e-03	5.71e-13	3.23e-20	4.06e-20
 7.40715e+22	6.38e-13	3.33e-08	7.76e-05	8.65e-03	7.73e-02	1.91e-01	6.49e-01	7.26e-02	1.85e-03	6.38e-13	3.62e-20	4.54e-20
 7.42971e+22	7.20e-13	3.75e-08	8.62e-05	9.38e-03	8.11e-02	1.97e-01	6.42e-01	6.91e-02	1.69e-03	7.20e-13	4.08e-20	5.13e-20
 7.45495e+22	8.36e-13	4.35e-08	9.82e-05	1.04e-02	8.62e-02	2.04e-01	6.33e-01	6.50e-02	1.52e-03	8.36e-13	4.75e-20	5.96e-20
 7.48159e+22	9.56e-13	4.99e-08	1.11e-04	1.14e-02	9.09e-02	2.10e-01	6.25e-01	6.13e-02	1.37e-03	9.56e-13	5.44e-20	6.82e-20
 7.50585e+22	1.09e-12	5.67e-08	1.24e-04	1.24e-02	9.56e-02	2.16e-01	6.17e-01	5.80e-02	1.24e-03	1.09e-12	6.20e-20	7.77e-20
 7.53319e+22	1.29e-12	6.71e-08	1.43e-04	1.38e-02	1.02e-01	2.24e-01	6.05e-01	5.40e-02	1.10e-03	1.29e-12	7.35e-20	9.22e-20
 7.56131e+22	1.49e-12	7.74e-08	1.62e-04	1.51e-02	1.07e-01	2.30e-01	5.95e-01	5.07e-02	9.85e-04	1.49e-12	8.50e-20	1.07e-19
 7.58659e+22	1.72e-12	8.91e-08	1.82e-04	1.65e-02	1.13e-01	2.37e-01	5.85e-01	4.77e-02	8.87e-04	1.72e-12	9.82e-20	1.23e-19
 7.61559e+22	2.07e-12	1.07e-07	2.12e-04	1.84e-02	1.20e-01	2.45e-01	5.72e-01	4.41e-02	7.75e-04	2.07e-12	1.19e-19	1.49e-19
 7.64502e+22	2.42e-12	1.24e-07	2.41e-04	2.02e-02	1.26e-01	2.51e-01	5.60e-01	4.12e-02	6.92e-04	2.42e-12	1.39e-19	1.74e-19
 7.67109e+22	2.83e-12	1.44e-07	2.72e-04	2.21e-02	1.33e-01	2.57e-01	5.49e-01	3.86e-02	6.20e-04	2.83e-12	1.62e-19	2.04e-19
 7.70107e+22	3.46e-12	1.75e-07	3.19e-04	2.47e-02	1.41e-01	2.64e-01	5.33e-01	3.54e-02	5.37e-04	3.46e-12	1.99e-19	2.50e-19
 7.73162e+22	4.10e-12	2.05e-07	3.63e-04	2.71e-02	1.49e-01	2.70e-01	5.20e-01	3.29e-02	4.77e-04	4.10e-12	2.36e-19	2.96e-19
 7.76289e+22	5.09e-12	2.51e-07	4.27e-04	3.04e-02	1.58e-01	2.77e-01	5.03e-01	3.00e-02	4.10e-04	5.09e-12	2.94e-19	3.68e-19
 7.79464e+22	6.08e-12	2.96e-07	4.89e-04	3.33e-02	1.66e-01	2.83e-01	4.89e-01	2.78e-02	3.61e-04	6.08e-12	3.52e-19	4.41e-19
 7.82702e+22	7.63e-12	3.64e-07	5.76e-04	3.73e-02	1.76e-01	2.89e-01	4.71e-01	2.52e-02	3.08e-04	7.63e-12	4.43e-19	5.54e-19
 7.86028e+22	9.25e-12	4.36e-07	6.65e-04	4.12e-02	1.85e-01	2.95e-01	4.55e-01	2.31e-02	2.67e-04	9.25e-12	5.38e-19	6.74e-19
 7.88931e+22	1.11e-11	5.15e-07	7.57e-04	4.50e-02	1.94e-01	2.99e-01	4.40e-01	2.13e-02	2.35e-04	1.11e-11	6.50e-19	8.13e-19
 7.92167e+22	1.40e-11	6.33e-07	8.90e-04	5.01e-02	2.05e-01	3.03e-01	4.22e-01	1.92e-02	2.00e-04	1.40e-11	8.22e-19	1.03e-18
 7.95603e+22	1.74e-11	7.67e-07	1.03e-03	5.53e-02	2.15e-01	3.07e-01	4.04e-01	1.74e-02	1.72e-04	1.74e-11	1.02e-18	1.28e-18
 7.98403e+22	2.05e-11	8.89e-07	1.16e-03	5.96e-02	2.23e-01	3.10e-01	3.91e-01	1.61e-02	1.52e-04	2.05e-11	1.21e-18	1.51e-18
 8.01147e+22	2.50e-11	1.06e-06	1.32e-03	6.49e-02	2.32e-01	3.12e-01	3.75e-01	1.47e-02	1.32e-04	2.50e-11	1.47e-18	1.84e-18
 8.04072e+22	3.00e-11	1.24e-06	1.49e-03	7.03e-02	2.41e-01	3.14e-01	3.60e-01	1.35e-02	1.16e-04	3.00e-11	1.78e-18	2.22e-18
 8.06794e+22	3.59e-11	1.44e-06	1.67e-03	7.57e-02	2.49e-01	3.15e-01	3.46e-01	1.24e-02	1.02e-04	3.59e-11	2.13e-18	2.66e-18
 8.09898e+22	4.54e-11	1.76e-06	1.95e-03	8.34e-02	2.60e-01	3.16e-01	3.28e-01	1.11e-02	8.60e-05	4.54e-11	2.70e-18	3.37e-18
 8.13038e+22	5.48e-11	2.07e-06	2.19e-03	9.00e-02	2.68e-01	3.16e-01	3.13e-01	1.01e-02	7.48e-05	5.48e-11	3.27e-18	4.08e-18
 8.16224e+22	6.95e-11	2.52e-06	2.55e-03	9.87e-02	2.79e-01	3.15e-01	2.95e-01	8.99e-03	6.28e-05	6.95e-11	4.17e-18	5.20e-18
 8.19437e+22	8.48e-11	2.98e-06	2.88e-03	1.07e-01	2.88e-01	3.14e-01	2.81e-01	8.12e-03	5.40e-05	8.48e-11	5.10e-18	6.36e-18
 8.22215e+22	1.02e-10	3.48e-06	3.23e-03	1.14e-01	2.96e-01	3.12e-01	2.67e-01	7.37e-03	4.68e-05	1.02e-10	6.16e-18	7.69e-18
 8.25356e+22	1.30e-10	4.23e-06	3.72e-03	1.25e-01	3.06e-01	3.09e-01	2.50e-01	6.51e-03	3.90e-05	1.30e-10	7.86e-18	9.79e-18
 8.28591e+22	1.58e-10	4.96e-06	4.18e-03	1.34e-01	3.14e-01	3.06e-01	2.36e-01	5.86e-03	3.35e-05	1.58e-10	9.62e-18	1.20e-17
 8.31948e+22	2.05e-10	6.12e-06	4.87e-03	1.46e-01	3.24e-01	3.01e-01	2.19e-01	5.09e-03	2.73e-05	2.05e-10	1.25e-17	1.56e-17
 8.35318e+22	2.51e-10	7.19e-06	5.47e-03	1.56e-01	3.31e-01	2.97e-01	2.06e-01	4.55e-03	2.32e-05	2.51e-10	1.54e-17	1.92e-17
 8.38704e+22	3.23e-10	8.78e-06	6.30e-03	1.70e-01	3.39e-01	2.91e-01	1.90e-01	3.95e-03	1.90e-05	3.23e-10	2.00e-17	2.48e-17
 8.42213e+22	4.04e-10	1.05e-05	7.14e-03	1.82e-01	3.46e-01	2.85e-01	1.76e-01	3.47e-03	1.58e-05	4.04e-10	2.51e-17	3.12e-17
 8.45349e+22	4.99e-10	1.23e-05	8.01e-03	1.94e-01	3.52e-01	2.79e-01	1.64e-01	3.07e-03	1.32e-05	4.99e-10	3.11e-17	3.87e-17
 8.48893e+22	6.50e-10	1.51e-05	9.23e-03	2.10e-01	3.58e-01	2.70e-01	1.50e-01	2.62e-03	1.06e-05	6.50e-10	4.09e-17	5.08e-17
 8.52529e+22	8.18e-10	1.80e-05	1.04e-02	2.24e-01	3.63e-01	2.62e-01	1.38e-01	2.28e-03	8.69e-06	8.18e-10	5.17e-17	6.42e-17
 8.55738e+22	1.01e-09	2.12e-05	1.17e-02	2.38e-01	3.67e-01	2.55e-01	1.27e-01	1.99e-03	7.22e-06	1.01e-09	6.44e-17	8.00e-17
 8.59362e+22	1.33e-09	2.59e-05	1.34e-02	2.56e-01	3.70e-01	2.44e-01	1.15e-01	1.68e-03	5.69e-06	1.33e-09	8.50e-17	1.05e-16
 8.63093e+22	1.68e-09	3.09e-05	1.51e-02	2.72e-01	3.73e-01	2.35e-01	1.04e-01	1.44e-03	4.60e-06	1.68e-09	1.08e-16	1.34e-16
 8.66404e+22	2.09e-09	3.63e-05	1.68e-02	2.87e-01	3.74e-01	2.26e-01	9.53e-02	1.24e-03	3.77e-06	2.09e-09	1.36e-16	1.68e-16
 8.70147e+22	2.76e-09	4.46e-05	1.93e-02	3.06e-01	3.74e-01	2.14e-01	8.46e-02	1.03e-03	2.90e-06	2.76e-09	1.81e-16	2.24e-16
 8.73980e+22	3.49e-09	5.28e-05	2.15e-02	3.23e-01	3.74e-01	2.04e-01	7.64e-02	8.75e-04	2.33e-06	3.49e-09	2.31e-16	2.85e-16
 8.77928e+22	4.67e-09	6.52e-05	2.47e-02	3.44e-01	3.72e-01	1.92e-01	6.69e-02	7.11e-04	1.76e-06	4.67e-09	3.12e-16	3.86e-16
 8.81929e+22	5.95e-09	7.74e-05	2.76e-02	3.61e-01	3.69e-01	1.82e-01	5.98e-02	5.96e-04	1.38e-06	5.95e-09	4.01e-16	4.96e-16
 8.86000e+22	7.96e-09	9.51e-05	3.15e-02	3.82e-01	3.65e-01	1.69e-01	5.20e-02	4.80e-04	1.04e-06	7.96e-09	5.43e-16	6.71e-16
 8.90177e+22	1.03e-08	1.14e-04	3.53e-02	4.01e-01	3.60e-01	1.58e-01	4.58e-02	3.96e-04	7.98e-07	1.03e-08	7.07e-16	8.73e-16
 8.93873e+22	1.30e-08	1.34e-04	3.92e-02	4.18e-01	3.54e-01	1.48e-01	4.05e-02	3.29e-04	6.23e-07	1.30e-08	9.07e-16	1.12e-15
