#depth	Ne	Ne+	Ne+2	Ne+3	Ne+4	Ne+5	Ne+6	Ne+7	Ne+8	Ne+9	Ne+10
 4.62852e+21	0.00e+00	0.00e+00	0.00e+00	0.00e+00	7.88e-26	7.77e-21	2.94e-16	6.60e-12	4.51e-07	1.35e-03	9.99e-01
 1.05264e+22	0.00e+00	0.00e+00	0.00e+00	2.31e-30	6.63e-25	4.57e-20	1.24e-15	1.94e-11	9.25e-07	1.93e-03	9.98e-01
 1.26430e+22	0.00e+00	0.00e+00	0.00e+00	1.21e-29	2.74e-24	1.49e-19	3.19e-15	3.95e-11	1.49e-06	2.45e-03	9.98e-01
 1.41681e+22	0.00e+00	0.00e+00	0.00e+00	4.47e-29	8.41e-24	3.82e-19	6.78e-15	6.97e-11	2.17e-06	2.96e-03	9.97e-01
 1.50154e+22	0.00e+00	0.00e+00	0.00e+00	6.22e-29	1.12e-23	4.84e-19	8.19e-15	8.03e-11	2.39e-06	3.10e-03	9.97e-01
 1.54051e+22	0.00e+00	0.00e+00	0.00e+00	9.41e-29	1.59e-23	6.51e-19	1.04e-14	9.60e-11	2.69e-06	3.29e-03	9.97e-01
 1.58333e+22	0.00e+00	0.00e+00	0.00e+00	1.41e-28	2.25e-23	8.68e-19	1.31e-14	1.14e-10	3.02e-06	3.49e-03	9.97e-01
 1.62380e+22	0.00e+00	0.00e+00	0.00e+00	2.05e-28	3.10e-23	1.14e-18	1.62e-14	1.34e-10	3.36e-06	3.68e-03	9.96e-01
 1.66908e+22	0.00e+00	0.00e+00	0.00e+00	3.32e-28	4.70e-23	1.60e-18	2.14e-14	1.65e-10	3.87e-06	3.94e-03	9.96e-01
 1.71490e+22	0.00e+00	0.00e+00	0.00e+00	4.92e-28	6.59e-23	2.13e-18	2.68e-14	1.96e-10	4.33e-06	4.17e-03	9.96e-01
 1.75477e+22	0.00e+00	0.00e+00	1.18e-33	7.20e-28	9.12e-23	2.79e-18	3.34e-14	2.31e-10	4.83e-06	4.41e-03	9.96e-01
 1.79089e+22	0.00e+00	0.00e+00	1.73e-33	1.01e-27	1.22e-22	3.55e-18	4.04e-14	2.67e-10	5.32e-06	4.62e-03	9.95e-01
 1.82346e+22	0.00e+00	0.00e+00	2.48e-33	1.38e-27	1.59e-22	4.44e-18	4.84e-14	3.06e-10	5.82e-06	4.84e-03	9.95e-01
 1.86044e+22	0.00e+00	0.00e+00	3.78e-33	1.99e-27	2.19e-22	5.78e-18	5.99e-14	3.59e-10	6.48e-06	5.10e-03	9.95e-01
 1.89992e+22	0.00e+00	0.00e+00	5.73e-33	2.87e-27	2.98e-22	7.50e-18	7.38e-14	4.20e-10	7.19e-06	5.37e-03	9.95e-01
 1.93495e+22	0.00e+00	0.00e+00	8.33e-33	3.98e-27	3.95e-22	9.49e-18	8.91e-14	4.84e-10	7.90e-06	5.63e-03	9.94e-01
 1.96779e+22	0.00e+00	0.00e+00	1.20e-32	5.47e-27	5.20e-22	1.19e-17	1.07e-13	5.55e-10	8.66e-06	5.90e-03	9.94e-01
 2.00552e+22	0.00e+00	0.00e+00	1.84e-32	7.96e-27	7.17e-22	1.56e-17	1.33e-13	6.53e-10	9.65e-06	6.22e-03	9.94e-01
 2.04553e+22	0.00e+00	0.00e+00	2.80e-32	1.15e-26	9.84e-22	2.03e-17	1.64e-13	7.66e-10	1.07e-05	6.56e-03	9.93e-01
 2.08050e+22	0.00e+00	0.00e+00	4.07e-32	1.60e-26	1.30e-21	2.56e-17	1.98e-13	8.82e-10	1.18e-05	6.88e-03	9.93e-01
 2.11795e+22	0.00e+00	0.00e+00	6.28e-32	2.34e-26	1.81e-21	3.37e-17	2.46e-13	1.04e-09	1.32e-05	7.26e-03	9.93e-01
 2.15420e+22	0.00e+00	0.00e+00	9.04e-32	3.21e-26	2.37e-21	4.23e-17	2.96e-13	1.19e-09	1.44e-05	7.60e-03	9.92e-01
 2.18262e+22	0.00e+00	0.00e+00	1.22e-31	4.18e-26	2.98e-21	5.11e-17	3.44e-13	1.34e-09	1.56e-05	7.90e-03	9.92e-01
 2.21329e+22	0.00e+00	0.00e+00	1.73e-31	5.68e-26	3.87e-21	6.36e-17	4.10e-13	1.53e-09	1.70e-05	8.25e-03	9.92e-01
 2.24686e+22	0.00e+00	0.00e+00	2.45e-31	7.70e-26	5.02e-21	7.91e-17	4.89e-13	1.74e-09	1.86e-05	8.62e-03	9.91e-01
 2.27796e+22	0.00e+00	0.00e+00	3.41e-31	1.03e-25	6.44e-21	9.73e-17	5.77e-13	1.97e-09	2.02e-05	8.98e-03	9.91e-01
 2.30734e+22	0.00e+00	0.00e+00	4.70e-31	1.36e-25	8.19e-21	1.19e-16	6.78e-13	2.23e-09	2.19e-05	9.35e-03	9.91e-01
 2.34071e+22	0.00e+00	0.00e+00	6.85e-31	1.89e-25	1.09e-20	1.51e-16	8.20e-13	2.57e-09	2.41e-05	9.81e-03	9.90e-01
 2.37569e+22	0.00e+00	0.00e+00	9.89e-31	2.61e-25	1.43e-20	1.90e-16	9.87e-13	2.96e-09	2.64e-05	1.03e-02	9.90e-01
 2.40561e+22	0.00e+00	0.00e+00	1.36e-30	3.45e-25	1.82e-20	2.32e-16	1.16e-12	3.33e-09	2.86e-05	1.07e-02	9.89e-01
 2.43155e+22	0.00e+00	0.00e+00	1.80e-30	4.41e-25	2.24e-20	2.76e-16	1.33e-12	3.71e-09	3.07e-05	1.11e-02	9.89e-01
 2.45945e+22	0.00e+00	0.00e+00	2.45e-30	5.79e-25	2.84e-20	3.35e-16	1.56e-12	4.17e-09	3.32e-05	1.15e-02	9.88e-01
 2.48965e+22	0.00e+00	0.00e+00	3.35e-30	7.61e-25	3.59e-20	4.08e-16	1.83e-12	4.70e-09	3.59e-05	1.20e-02	9.88e-01
 2.51727e+22	0.00e+00	0.00e+00	4.48e-30	9.82e-25	4.47e-20	4.90e-16	2.11e-12	5.25e-09	3.87e-05	1.24e-02	9.88e-01
 2.54761e+22	0.00e+00	0.00e+00	6.43e-30	1.35e-24	5.86e-20	6.15e-16	2.54e-12	6.02e-09	4.24e-05	1.30e-02	9.87e-01
 2.57851e+22	0.00e+00	0.00e+00	8.77e-30	1.77e-24	7.41e-20	7.47e-16	2.96e-12	6.77e-09	4.58e-05	1.35e-02	9.86e-01
 2.60477e+22	0.00e+00	0.00e+00	1.16e-29	2.26e-24	9.15e-20	8.91e-16	3.41e-12	7.53e-09	4.92e-05	1.40e-02	9.86e-01
 2.63355e+22	0.00e+00	0.00e+00	1.61e-29	3.01e-24	1.17e-19	1.09e-15	4.03e-12	8.53e-09	5.34e-05	1.46e-02	9.85e-01
 2.66396e+22	0.00e+00	0.00e+00	2.21e-29	3.97e-24	1.48e-19	1.33e-15	4.72e-12	9.61e-09	5.78e-05	1.52e-02	9.85e-01
 2.69121e+22	0.00e+00	0.00e+00	2.96e-29	5.13e-24	1.85e-19	1.60e-15	5.47e-12	1.07e-08	6.23e-05	1.57e-02	9.84e-01
 2.71570e+22	0.00e+00	0.00e+00	3.84e-29	6.45e-24	2.25e-19	1.89e-15	6.24e-12	1.18e-08	6.65e-05	1.63e-02	9.84e-01
 2.73844e+22	0.00e+00	0.00e+00	4.88e-29	7.96e-24	2.69e-19	2.20e-15	7.04e-12	1.30e-08	7.07e-05	1.68e-02	9.83e-01
 2.76455e+22	0.00e+00	0.00e+00	6.53e-29	1.03e-23	3.35e-19	2.64e-15	8.16e-12	1.45e-08	7.61e-05	1.74e-02	9.83e-01
 2.79258e+22	0.00e+00	0.00e+00	8.77e-29	1.33e-23	4.18e-19	3.17e-15	9.46e-12	1.62e-08	8.19e-05	1.80e-02	9.82e-01
 2.81787e+22	0.00e+00	0.00e+00	1.15e-28	1.69e-23	5.13e-19	3.76e-15	1.08e-11	1.80e-08	8.77e-05	1.87e-02	9.81e-01
 2.84550e+22	0.00e+00	0.00e+00	1.58e-28	2.23e-23	6.52e-19	4.59e-15	1.27e-11	2.03e-08	9.51e-05	1.94e-02	9.80e-01
 2.87347e+22	0.00e+00	1.79e-34	2.11e-28	2.87e-23	8.11e-19	5.51e-15	1.47e-11	2.26e-08	1.02e-04	2.01e-02	9.80e-01
 2.89683e+22	0.00e+00	2.37e-34	2.71e-28	3.58e-23	9.78e-19	6.44e-15	1.67e-11	2.49e-08	1.09e-04	2.08e-02	9.79e-01
 2.92211e+22	0.00e+00	3.28e-34	3.63e-28	4.61e-23	1.22e-18	7.73e-15	1.93e-11	2.78e-08	1.17e-04	2.15e-02	9.78e-01
 2.94936e+22	0.00e+00	4.51e-34	4.82e-28	5.91e-23	1.51e-18	9.23e-15	2.23e-11	3.09e-08	1.26e-04	2.23e-02	9.78e-01
 2.97458e+22	0.00e+00	6.16e-34	6.35e-28	7.53e-23	1.85e-18	1.10e-14	2.56e-11	3.43e-08	1.35e-04	2.31e-02	9.77e-01
 2.99890e+22	0.00e+00	8.28e-34	8.26e-28	9.49e-23	2.26e-18	1.30e-14	2.93e-11	3.79e-08	1.44e-04	2.38e-02	9.76e-01
 3.02233e+22	0.00e+00	1.10e-33	1.06e-27	1.18e-22	2.73e-18	1.52e-14	3.32e-11	4.17e-08	1.54e-04	2.46e-02	9.75e-01
 3.04846e+22	0.00e+00	1.53e-33	1.43e-27	1.53e-22	3.41e-18	1.83e-14	3.86e-11	4.67e-08	1.66e-04	2.55e-02	9.74e-01
 3.07576e+22	0.00e+00	2.11e-33	1.90e-27	1.97e-22	4.23e-18	2.19e-14	4.45e-11	5.20e-08	1.78e-04	2.65e-02	9.73e-01
 3.09964e+22	0.00e+00	2.83e-33	2.47e-27	2.47e-22	5.14e-18	2.57e-14	5.08e-11	5.74e-08	1.90e-04	2.73e-02	9.72e-01
 3.12576e+22	0.00e+00	3.98e-33	3.34e-27	3.22e-22	6.45e-18	3.11e-14	5.91e-11	6.43e-08	2.05e-04	2.84e-02	9.71e-01
 3.15354e+22	0.00e+00	5.55e-33	4.48e-27	4.17e-22	8.05e-18	3.74e-14	6.86e-11	7.19e-08	2.21e-04	2.94e-02	9.70e-01
 3.17739e+22	0.00e+00	7.40e-33	5.80e-27	5.22e-22	9.77e-18	4.40e-14	7.80e-11	7.92e-08	2.35e-04	3.04e-02	9.69e-01
 3.19898e+22	0.00e+00	9.58e-33	7.29e-27	6.39e-22	1.16e-17	5.08e-14	8.75e-11	8.64e-08	2.49e-04	3.12e-02	9.69e-01
 3.22369e+22	0.00e+00	1.33e-32	9.73e-27	8.22e-22	1.44e-17	6.08e-14	1.01e-10	9.63e-08	2.68e-04	3.24e-02	9.67e-01
 3.25013e+22	0.00e+00	1.85e-32	1.31e-26	1.07e-21	1.80e-17	7.32e-14	1.17e-10	1.08e-07	2.89e-04	3.36e-02	9.66e-01
 3.27379e+22	0.00e+00	2.44e-32	1.67e-26	1.32e-21	2.17e-17	8.54e-14	1.33e-10	1.18e-07	3.07e-04	3.46e-02	9.65e-01
 3.29952e+22	0.00e+00	3.51e-32	2.31e-26	1.75e-21	2.76e-17	1.05e-13	1.56e-10	1.33e-07	3.33e-04	3.60e-02	9.64e-01
 3.32640e+22	0.00e+00	4.80e-32	3.05e-26	2.24e-21	3.40e-17	1.24e-13	1.79e-10	1.48e-07	3.57e-04	3.72e-02	9.62e-01
 3.34991e+22	0.00e+00	6.46e-32	3.97e-26	2.81e-21	4.14e-17	1.47e-13	2.05e-10	1.63e-07	3.81e-04	3.85e-02	9.61e-01
 3.37219e+22	0.00e+00	8.56e-32	5.10e-26	3.50e-21	5.00e-17	1.72e-13	2.32e-10	1.79e-07	4.05e-04	3.96e-02	9.60e-01
 3.39771e+22	0.00e+00	1.23e-31	7.05e-26	4.65e-21	6.37e-17	2.10e-13	2.73e-10	2.02e-07	4.39e-04	4.12e-02	9.58e-01
 3.42390e+22	0.00e+00	1.67e-31	9.21e-26	5.88e-21	7.79e-17	2.48e-13	3.12e-10	2.24e-07	4.69e-04	4.26e-02	9.57e-01
 3.45097e+22	0.00e+00	2.42e-31	1.28e-25	7.86e-21	9.99e-17	3.06e-13	3.68e-10	2.53e-07	5.10e-04	4.43e-02	9.55e-01
 3.47759e+22	0.00e+00	3.37e-31	1.72e-25	1.01e-20	1.24e-16	3.67e-13	4.26e-10	2.82e-07	5.48e-04	4.59e-02	9.54e-01
 3.49884e+22	0.00e+00	4.35e-31	2.16e-25	1.24e-20	1.47e-16	4.23e-13	4.77e-10	3.07e-07	5.79e-04	4.72e-02	9.52e-01
 3.52168e+22	0.00e+00	6.09e-31	2.91e-25	1.61e-20	1.84e-16	5.09e-13	5.53e-10	3.43e-07	6.23e-04	4.89e-02	9.50e-01
 3.54606e+22	0.00e+00	8.31e-31	3.83e-25	2.04e-20	2.26e-16	6.04e-13	6.33e-10	3.80e-07	6.67e-04	5.06e-02	9.49e-01
 3.56893e+22	0.00e+00	1.13e-30	5.02e-25	2.59e-20	2.77e-16	7.15e-13	7.24e-10	4.19e-07	7.13e-04	5.22e-02	9.47e-01
 3.59515e+22	0.00e+00	1.68e-30	7.16e-25	3.53e-20	3.61e-16	8.92e-13	8.63e-10	4.78e-07	7.77e-04	5.45e-02	9.45e-01
 3.62145e+22	0.00e+00	2.32e-30	9.52e-25	4.52e-20	4.47e-16	1.07e-12	9.94e-10	5.31e-07	8.33e-04	5.63e-02	9.43e-01
 3.64346e+22	0.00e+00	3.16e-30	1.25e-24	5.74e-20	5.49e-16	1.26e-12	1.14e-09	5.86e-07	8.90e-04	5.82e-02	9.41e-01
 3.66420e+22	0.00e+00	4.18e-30	1.60e-24	7.12e-20	6.60e-16	1.47e-12	1.29e-09	6.42e-07	9.45e-04	5.99e-02	9.39e-01
 3.68768e+22	0.00e+00	5.99e-30	2.20e-24	9.40e-20	8.36e-16	1.79e-12	1.50e-09	7.21e-07	1.02e-03	6.21e-02	9.37e-01
 3.71223e+22	0.00e+00	8.34e-30	2.95e-24	1.21e-19	1.04e-15	2.15e-12	1.74e-09	8.02e-07	1.09e-03	6.43e-02	9.35e-01
 3.73422e+22	0.00e+00	1.15e-29	3.91e-24	1.55e-19	1.28e-15	2.56e-12	1.99e-09	8.88e-07	1.17e-03	6.64e-02	9.32e-01
 3.75883e+22	0.00e+00	1.70e-29	5.54e-24	2.10e-19	1.66e-15	3.18e-12	2.36e-09	1.01e-06	1.27e-03	6.91e-02	9.30e-01
 3.78305e+22	0.00e+00	2.34e-29	7.36e-24	2.69e-19	2.06e-15	3.79e-12	2.71e-09	1.11e-06	1.36e-03	7.14e-02	9.27e-01
 3.80310e+22	0.00e+00	3.11e-29	9.46e-24	3.35e-19	2.48e-15	4.43e-12	3.07e-09	1.22e-06	1.45e-03	7.35e-02	9.25e-01
 3.82552e+22	0.00e+00	4.51e-29	1.31e-23	4.46e-19	3.17e-15	5.43e-12	3.61e-09	1.37e-06	1.56e-03	7.63e-02	9.22e-01
 3.84862e+22	0.00e+00	6.28e-29	1.76e-23	5.75e-19	3.94e-15	6.49e-12	4.15e-09	1.52e-06	1.67e-03	7.88e-02	9.20e-01
 3.86912e+22	0.00e+00	8.52e-29	2.30e-23	7.27e-19	4.81e-15	7.67e-12	4.74e-09	1.68e-06	1.78e-03	8.13e-02	9.17e-01
 3.89227e+22	0.00e+00	1.26e-28	3.26e-23	9.84e-19	6.23e-15	9.51e-12	5.61e-09	1.90e-06	1.93e-03	8.45e-02	9.14e-01
 3.91530e+22	0.00e+00	1.76e-28	4.36e-23	1.27e-18	7.74e-15	1.14e-11	6.46e-09	2.11e-06	2.07e-03	8.72e-02	9.11e-01
 3.93471e+22	5.34e-35	2.36e-28	5.68e-23	1.60e-18	9.42e-15	1.34e-11	7.35e-09	2.32e-06	2.20e-03	8.98e-02	9.08e-01
 3.95647e+22	8.09e-35	3.43e-28	7.88e-23	2.12e-18	1.20e-14	1.64e-11	8.61e-09	2.60e-06	2.38e-03	9.31e-02	9.04e-01
 3.97903e+22	1.17e-34	4.77e-28	1.05e-22	2.73e-18	1.49e-14	1.96e-11	9.92e-09	2.89e-06	2.54e-03	9.62e-02	9.01e-01
 3.99911e+22	1.68e-34	6.60e-28	1.40e-22	3.51e-18	1.85e-14	2.34e-11	1.14e-08	3.19e-06	2.72e-03	9.92e-02	8.98e-01
 4.01870e+22	2.40e-34	9.06e-28	1.86e-22	4.48e-18	2.27e-14	2.78e-11	1.31e-08	3.53e-06	2.90e-03	1.02e-01	8.95e-01
 4.03787e+22	3.37e-34	1.23e-27	2.43e-22	5.65e-18	2.78e-14	3.28e-11	1.49e-08	3.88e-06	3.08e-03	1.05e-01	8.92e-01
 4.05950e+22	5.17e-34	1.80e-27	3.41e-22	7.58e-18	3.57e-14	4.04e-11	1.75e-08	4.37e-06	3.33e-03	1.09e-01	8.87e-01
 4.08164e+22	7.60e-34	2.54e-27	4.62e-22	9.89e-18	4.48e-14	4.88e-11	2.03e-08	4.86e-06	3.57e-03	1.13e-01	8.84e-01
 4.10093e+22	1.07e-33	3.46e-27	6.06e-22	1.25e-17	5.48e-14	5.77e-11	2.31e-08	5.35e-06	3.80e-03	1.16e-01	8.80e-01
 4.12245e+22	1.65e-33	5.08e-27	8.51e-22	1.68e-17	7.05e-14	7.11e-11	2.72e-08	6.02e-06	4.11e-03	1.20e-01	8.76e-01
 4.14457e+22	2.43e-33	7.20e-27	1.16e-21	2.20e-17	8.85e-14	8.59e-11	3.16e-08	6.71e-06	4.40e-03	1.24e-01	8.71e-01
 4.16372e+22	3.46e-33	9.86e-27	1.53e-21	2.80e-17	1.09e-13	1.02e-10	3.61e-08	7.40e-06	4.69e-03	1.28e-01	8.67e-01
 4.18491e+22	5.34e-33	1.45e-26	2.15e-21	3.77e-17	1.40e-13	1.26e-10	4.26e-08	8.34e-06	5.07e-03	1.33e-01	8.62e-01
 4.20694e+22	7.91e-33	2.07e-26	2.93e-21	4.93e-17	1.77e-13	1.52e-10	4.94e-08	9.29e-06	5.43e-03	1.37e-01	8.58e-01
 4.22629e+22	1.14e-32	2.87e-26	3.91e-21	6.34e-17	2.19e-13	1.82e-10	5.68e-08	1.03e-05	5.80e-03	1.41e-01	8.53e-01
 4.24766e+22	1.77e-32	4.25e-26	5.53e-21	8.57e-17	2.83e-13	2.25e-10	6.71e-08	1.16e-05	6.27e-03	1.46e-01	8.48e-01
 4.26993e+22	2.69e-32	6.16e-26	7.68e-21	1.14e-16	3.61e-13	2.76e-10	7.85e-08	1.30e-05	6.74e-03	1.51e-01	8.42e-01
 4.28967e+22	3.89e-32	8.57e-26	1.03e-20	1.47e-16	4.49e-13	3.30e-10	9.04e-08	1.44e-05	7.19e-03	1.56e-01	8.37e-01
 4.31166e+22	6.17e-32	1.30e-25	1.48e-20	2.01e-16	5.88e-13	4.12e-10	1.08e-07	1.63e-05	7.80e-03	1.61e-01	8.31e-01
 4.33379e+22	9.04e-32	1.82e-25	2.00e-20	2.62e-16	7.35e-13	4.97e-10	1.24e-07	1.81e-05	8.34e-03	1.66e-01	8.25e-01
 4.35243e+22	1.29e-31	2.50e-25	2.64e-20	3.33e-16	9.05e-13	5.89e-10	1.42e-07	1.99e-05	8.86e-03	1.71e-01	8.20e-01
 4.37300e+22	2.08e-31	3.83e-25	3.84e-20	4.62e-16	1.19e-12	7.42e-10	1.70e-07	2.27e-05	9.62e-03	1.77e-01	8.13e-01
 4.39336e+22	2.93e-31	5.21e-25	5.04e-20	5.84e-16	1.46e-12	8.77e-10	1.94e-07	2.49e-05	1.02e-02	1.82e-01	8.08e-01
 4.40997e+22	4.07e-31	6.99e-25	6.53e-20	7.32e-16	1.77e-12	1.03e-09	2.19e-07	2.72e-05	1.08e-02	1.86e-01	8.03e-01
 4.42548e+22	5.61e-31	9.32e-25	8.40e-20	9.11e-16	2.13e-12	1.20e-09	2.47e-07	2.97e-05	1.14e-02	1.91e-01	7.98e-01
 4.44302e+22	8.25e-31	1.31e-24	1.14e-19	1.19e-15	2.67e-12	1.45e-09	2.85e-07	3.29e-05	1.22e-02	1.96e-01	7.91e-01
 4.45985e+22	1.12e-30	1.72e-24	1.44e-19	1.46e-15	3.19e-12	1.67e-09	3.20e-07	3.57e-05	1.28e-02	2.01e-01	7.86e-01
 4.47317e+22	1.49e-30	2.23e-24	1.81e-19	1.77e-15	3.77e-12	1.92e-09	3.56e-07	3.85e-05	1.34e-02	2.05e-01	7.81e-01
 4.48591e+22	1.90e-30	2.77e-24	2.19e-19	2.10e-15	4.35e-12	2.16e-09	3.90e-07	4.11e-05	1.40e-02	2.09e-01	7.77e-01
 4.50051e+22	2.66e-30	3.74e-24	2.85e-19	2.64e-15	5.29e-12	2.54e-09	4.42e-07	4.50e-05	1.48e-02	2.14e-01	7.71e-01
 4.51504e+22	3.53e-30	4.81e-24	3.57e-19	3.20e-15	6.24e-12	2.91e-09	4.92e-07	4.85e-05	1.55e-02	2.18e-01	7.66e-01
 4.52713e+22	4.60e-30	6.09e-24	4.39e-19	3.83e-15	7.27e-12	3.31e-09	5.42e-07	5.20e-05	1.62e-02	2.22e-01	7.61e-01
 4.54054e+22	6.37e-30	8.15e-24	5.67e-19	4.78e-15	8.79e-12	3.87e-09	6.12e-07	5.67e-05	1.71e-02	2.27e-01	7.55e-01
 4.55428e+22	8.30e-30	1.03e-23	6.98e-19	5.72e-15	1.03e-11	4.39e-09	6.76e-07	6.08e-05	1.79e-02	2.32e-01	7.50e-01
 4.56844e+22	1.16e-29	1.40e-23	9.10e-19	7.21e-15	1.25e-11	5.17e-09	7.66e-07	6.65e-05	1.89e-02	2.37e-01	7.44e-01
 4.58217e+22	1.51e-29	1.76e-23	1.12e-18	8.61e-15	1.45e-11	5.86e-09	8.44e-07	7.13e-05	1.97e-02	2.41e-01	7.39e-01
 4.59342e+22	1.95e-29	2.22e-23	1.37e-18	1.03e-14	1.69e-11	6.63e-09	9.29e-07	7.63e-05	2.06e-02	2.45e-01	7.34e-01
 4.60613e+22	2.69e-29	2.95e-23	1.76e-18	1.27e-14	2.03e-11	7.73e-09	1.05e-06	8.29e-05	2.17e-02	2.51e-01	7.28e-01
 4.61901e+22	3.48e-29	3.72e-23	2.15e-18	1.52e-14	2.36e-11	8.76e-09	1.15e-06	8.87e-05	2.26e-02	2.55e-01	7.22e-01
 4.63210e+22	4.97e-29	5.10e-23	2.84e-18	1.93e-14	2.90e-11	1.04e-08	1.31e-06	9.73e-05	2.39e-02	2.61e-01	7.15e-01
 4.64492e+22	6.41e-29	6.41e-23	3.47e-18	2.30e-14	3.36e-11	1.17e-08	1.44e-06	1.04e-04	2.49e-02	2.65e-01	7.10e-01
 4.65739e+22	8.96e-29	8.64e-23	4.52e-18	2.89e-14	4.08e-11	1.38e-08	1.63e-06	1.13e-04	2.63e-02	2.71e-01	7.02e-01
 4.67004e+22	1.18e-28	1.10e-22	5.59e-18	3.48e-14	4.78e-11	1.57e-08	1.80e-06	1.22e-04	2.75e-02	2.76e-01	6.97e-01
 4.68065e+22	1.51e-28	1.38e-22	6.79e-18	4.11e-14	5.52e-11	1.77e-08	1.98e-06	1.30e-04	2.86e-02	2.80e-01	6.91e-01
 4.69217e+22	2.06e-28	1.82e-22	8.68e-18	5.09e-14	6.62e-11	2.05e-08	2.22e-06	1.41e-04	3.00e-02	2.86e-01	6.84e-01
 4.70383e+22	2.69e-28	2.31e-22	1.07e-17	6.09e-14	7.72e-11	2.33e-08	2.44e-06	1.51e-04	3.13e-02	2.90e-01	6.78e-01
 4.71401e+22	3.47e-28	2.89e-22	1.30e-17	7.23e-14	8.94e-11	2.63e-08	2.68e-06	1.61e-04	3.25e-02	2.95e-01	6.73e-01
 4.72557e+22	4.84e-28	3.89e-22	1.69e-17	9.07e-14	1.08e-10	3.09e-08	3.03e-06	1.75e-04	3.43e-02	3.01e-01	6.65e-01
 4.73725e+22	6.33e-28	4.95e-22	2.09e-17	1.09e-13	1.27e-10	3.51e-08	3.35e-06	1.88e-04	3.57e-02	3.05e-01	6.59e-01
 4.74751e+22	8.28e-28	6.29e-22	2.58e-17	1.30e-13	1.48e-10	4.00e-08	3.70e-06	2.01e-04	3.72e-02	3.10e-01	6.52e-01
 4.75930e+22	1.19e-27	8.69e-22	3.42e-17	1.67e-13	1.83e-10	4.75e-08	4.22e-06	2.21e-04	3.94e-02	3.17e-01	6.44e-01
 4.77088e+22	1.54e-27	1.09e-21	4.18e-17	1.98e-13	2.12e-10	5.37e-08	4.64e-06	2.36e-04	4.10e-02	3.21e-01	6.37e-01
 4.78220e+22	2.20e-27	1.51e-21	5.54e-17	2.53e-13	2.61e-10	6.39e-08	5.30e-06	2.58e-04	4.33e-02	3.28e-01	6.28e-01
 4.79352e+22	2.85e-27	1.90e-21	6.79e-17	3.02e-13	3.03e-10	7.23e-08	5.83e-06	2.76e-04	4.50e-02	3.33e-01	6.22e-01
 4.80484e+22	4.13e-27	2.64e-21	9.07e-17	3.87e-13	3.75e-10	8.64e-08	6.68e-06	3.03e-04	4.76e-02	3.39e-01	6.13e-01
 4.81618e+22	5.40e-27	3.35e-21	1.12e-16	4.64e-13	4.38e-10	9.83e-08	7.37e-06	3.25e-04	4.96e-02	3.44e-01	6.06e-01
 4.82757e+22	7.80e-27	4.66e-21	1.49e-16	5.96e-13	5.43e-10	1.17e-07	8.45e-06	3.57e-04	5.24e-02	3.51e-01	5.96e-01
 4.83888e+22	1.03e-26	5.98e-21	1.86e-16	7.20e-13	6.38e-10	1.34e-07	9.37e-06	3.83e-04	5.47e-02	3.56e-01	5.89e-01
 4.84855e+22	1.36e-26	7.66e-21	2.31e-16	8.68e-13	7.50e-10	1.54e-07	1.04e-05	4.11e-04	5.70e-02	3.61e-01	5.81e-01
 4.85958e+22	1.95e-26	1.06e-20	3.06e-16	1.11e-12	9.26e-10	1.83e-07	1.19e-05	4.51e-04	6.02e-02	3.68e-01	5.71e-01
 4.87062e+22	2.58e-26	1.36e-20	3.81e-16	1.34e-12	1.09e-09	2.10e-07	1.32e-05	4.85e-04	6.28e-02	3.73e-01	5.64e-01
 4.88167e+22	3.73e-26	1.89e-20	5.09e-16	1.72e-12	1.35e-09	2.51e-07	1.51e-05	5.32e-04	6.63e-02	3.80e-01	5.53e-01
 4.89291e+22	4.99e-26	2.45e-20	6.39e-16	2.10e-12	1.60e-09	2.89e-07	1.69e-05	5.74e-04	6.93e-02	3.85e-01	5.45e-01
 4.90442e+22	7.32e-26	3.45e-20	8.64e-16	2.72e-12	2.00e-09	3.48e-07	1.95e-05	6.33e-04	7.34e-02	3.92e-01	5.34e-01
 4.91597e+22	9.80e-26	4.48e-20	1.09e-15	3.32e-12	2.38e-09	4.02e-07	2.18e-05	6.83e-04	7.67e-02	3.97e-01	5.25e-01
 4.92592e+22	1.31e-25	5.79e-20	1.36e-15	4.04e-12	2.81e-09	4.63e-07	2.43e-05	7.36e-04	8.00e-02	4.03e-01	5.17e-01
 4.93723e+22	1.90e-25	8.09e-20	1.83e-15	5.21e-12	3.51e-09	5.57e-07	2.80e-05	8.11e-04	8.46e-02	4.09e-01	5.05e-01
 4.94852e+22	2.50e-25	1.04e-19	2.27e-15	6.29e-12	4.13e-09	6.39e-07	3.11e-05	8.71e-04	8.82e-02	4.14e-01	4.97e-01
 4.95979e+22	3.61e-25	1.44e-19	3.04e-15	8.09e-12	5.13e-09	7.67e-07	3.59e-05	9.60e-04	9.31e-02	4.20e-01	4.85e-01
 4.97102e+22	4.69e-25	1.82e-19	3.74e-15	9.68e-12	5.99e-09	8.74e-07	3.97e-05	1.03e-03	9.68e-02	4.25e-01	4.77e-01
 4.98220e+22	6.68e-25	2.50e-19	4.94e-15	1.23e-11	7.40e-09	1.04e-06	4.56e-05	1.13e-03	1.02e-01	4.31e-01	4.66e-01
 4.99360e+22	8.73e-25	3.18e-19	6.11e-15	1.48e-11	8.68e-09	1.19e-06	5.06e-05	1.21e-03	1.06e-01	4.35e-01	4.57e-01
 5.00530e+22	1.24e-24	4.38e-19	8.10e-15	1.90e-11	1.07e-08	1.43e-06	5.82e-05	1.33e-03	1.12e-01	4.41e-01	4.46e-01
 5.01724e+22	1.63e-24	5.58e-19	1.00e-14	2.28e-11	1.26e-08	1.64e-06	6.47e-05	1.43e-03	1.17e-01	4.45e-01	4.37e-01
 5.02950e+22	2.32e-24	7.66e-19	1.33e-14	2.91e-11	1.56e-08	1.96e-06	7.43e-05	1.57e-03	1.23e-01	4.51e-01	4.25e-01
 5.04213e+22	3.06e-24	9.84e-19	1.66e-14	3.53e-11	1.84e-08	2.26e-06	8.30e-05	1.69e-03	1.28e-01	4.55e-01	4.15e-01
 5.05330e+22	3.98e-24	1.25e-18	2.05e-14	4.24e-11	2.17e-08	2.58e-06	9.23e-05	1.82e-03	1.33e-01	4.59e-01	4.06e-01
 5.06591e+22	5.57e-24	1.69e-18	2.68e-14	5.36e-11	2.66e-08	3.07e-06	1.06e-04	1.99e-03	1.40e-01	4.63e-01	3.95e-01
 5.07868e+22	7.21e-24	2.14e-18	3.29e-14	6.42e-11	3.11e-08	3.51e-06	1.17e-04	2.14e-03	1.45e-01	4.67e-01	3.86e-01
 5.09165e+22	1.00e-23	2.88e-18	4.29e-14	8.08e-11	3.80e-08	4.16e-06	1.34e-04	2.34e-03	1.53e-01	4.71e-01	3.74e-01
 5.10500e+22	1.30e-23	3.65e-18	5.29e-14	9.72e-11	4.46e-08	4.76e-06	1.49e-04	2.51e-03	1.59e-01	4.74e-01	3.65e-01
 5.11698e+22	1.68e-23	4.59e-18	6.50e-14	1.16e-10	5.22e-08	5.44e-06	1.65e-04	2.70e-03	1.65e-01	4.76e-01	3.56e-01
 5.13072e+22	2.33e-23	6.17e-18	8.45e-14	1.46e-10	6.38e-08	6.44e-06	1.89e-04	2.95e-03	1.73e-01	4.80e-01	3.45e-01
 5.14454e+22	2.98e-23	7.72e-18	1.03e-13	1.74e-10	7.42e-08	7.32e-06	2.08e-04	3.15e-03	1.79e-01	4.82e-01	3.36e-01
 5.15848e+22	4.11e-23	1.03e-17	1.34e-13	2.18e-10	9.04e-08	8.66e-06	2.38e-04	3.44e-03	1.87e-01	4.85e-01	3.24e-01
 5.17263e+22	5.23e-23	1.28e-17	1.62e-13	2.58e-10	1.05e-07	9.82e-06	2.62e-04	3.68e-03	1.94e-01	4.86e-01	3.16e-01
 5.18488e+22	6.57e-23	1.58e-17	1.96e-13	3.04e-10	1.21e-07	1.11e-05	2.88e-04	3.92e-03	2.00e-01	4.88e-01	3.08e-01
 5.19861e+22	8.83e-23	2.07e-17	2.48e-13	3.75e-10	1.45e-07	1.29e-05	3.26e-04	4.25e-03	2.09e-01	4.89e-01	2.97e-01
 5.21228e+22	1.10e-22	2.51e-17	2.96e-13	4.37e-10	1.66e-07	1.45e-05	3.56e-04	4.51e-03	2.15e-01	4.90e-01	2.90e-01
 5.22586e+22	1.45e-22	3.24e-17	3.71e-13	5.33e-10	1.97e-07	1.68e-05	3.99e-04	4.88e-03	2.24e-01	4.91e-01	2.80e-01
 5.23973e+22	1.80e-22	3.96e-17	4.45e-13	6.24e-10	2.27e-07	1.89e-05	4.37e-04	5.18e-03	2.31e-01	4.92e-01	2.72e-01
 5.25400e+22	2.40e-22	5.14e-17	5.62e-13	7.66e-10	2.71e-07	2.20e-05	4.93e-04	5.61e-03	2.40e-01	4.92e-01	2.62e-01
 5.26836e+22	2.97e-22	6.23e-17	6.68e-13	8.90e-10	3.09e-07	2.45e-05	5.38e-04	5.95e-03	2.47e-01	4.92e-01	2.55e-01
 5.28284e+22	3.93e-22	8.05e-17	8.40e-13	1.09e-09	3.69e-07	2.85e-05	6.05e-04	6.43e-03	2.57e-01	4.92e-01	2.45e-01
 5.29699e+22	4.76e-22	9.59e-17	9.83e-13	1.25e-09	4.16e-07	3.15e-05	6.54e-04	6.78e-03	2.63e-01	4.91e-01	2.38e-01
 5.31070e+22	6.15e-22	1.21e-16	1.21e-12	1.50e-09	4.89e-07	3.62e-05	7.29e-04	7.28e-03	2.72e-01	4.90e-01	2.29e-01
 5.32468e+22	7.48e-22	1.45e-16	1.42e-12	1.73e-09	5.53e-07	4.01e-05	7.90e-04	7.68e-03	2.79e-01	4.89e-01	2.23e-01
 5.33901e+22	9.67e-22	1.83e-16	1.76e-12	2.08e-09	6.50e-07	4.60e-05	8.79e-04	8.24e-03	2.89e-01	4.88e-01	2.14e-01
 5.35360e+22	1.18e-21	2.20e-16	2.07e-12	2.40e-09	7.37e-07	5.11e-05	9.54e-04	8.70e-03	2.96e-01	4.86e-01	2.08e-01
 5.36853e+22	1.53e-21	2.79e-16	2.56e-12	2.89e-09	8.67e-07	5.86e-05	1.06e-03	9.35e-03	3.06e-01	4.84e-01	1.99e-01
 5.38372e+22	1.87e-21	3.34e-16	3.02e-12	3.34e-09	9.83e-07	6.51e-05	1.15e-03	9.86e-03	3.14e-01	4.82e-01	1.93e-01
 5.39927e+22	2.42e-21	4.24e-16	3.74e-12	4.03e-09	1.16e-06	7.48e-05	1.29e-03	1.06e-02	3.24e-01	4.79e-01	1.85e-01
 5.41513e+22	2.96e-21	5.11e-16	4.42e-12	4.66e-09	1.32e-06	8.32e-05	1.40e-03	1.12e-02	3.32e-01	4.77e-01	1.79e-01
 5.43140e+22	3.84e-21	6.49e-16	5.48e-12	5.63e-09	1.55e-06	9.55e-05	1.55e-03	1.20e-02	3.43e-01	4.73e-01	1.71e-01
 5.44814e+22	4.75e-21	7.88e-16	6.53e-12	6.56e-09	1.77e-06	1.07e-04	1.70e-03	1.27e-02	3.51e-01	4.70e-01	1.64e-01
 5.46548e+22	6.21e-21	1.01e-15	8.15e-12	7.95e-09	2.09e-06	1.23e-04	1.89e-03	1.36e-02	3.62e-01	4.66e-01	1.57e-01
 5.48232e+22	7.53e-21	1.20e-15	9.53e-12	9.12e-09	2.36e-06	1.36e-04	2.04e-03	1.43e-02	3.70e-01	4.63e-01	1.51e-01
 5.49852e+22	9.64e-21	1.51e-15	1.17e-11	1.09e-08	2.76e-06	1.55e-04	2.26e-03	1.53e-02	3.80e-01	4.58e-01	1.44e-01
 5.51504e+22	1.17e-20	1.80e-15	1.37e-11	1.26e-08	3.11e-06	1.71e-04	2.44e-03	1.61e-02	3.88e-01	4.54e-01	1.39e-01
 5.53196e+22	1.49e-20	2.25e-15	1.68e-11	1.49e-08	3.62e-06	1.94e-04	2.69e-03	1.71e-02	3.98e-01	4.49e-01	1.33e-01
 5.54984e+22	1.86e-20	2.75e-15	2.01e-11	1.75e-08	4.15e-06	2.18e-04	2.94e-03	1.81e-02	4.07e-01	4.44e-01	1.27e-01
 5.56626e+22	2.29e-20	3.33e-15	2.39e-11	2.03e-08	4.72e-06	2.42e-04	3.18e-03	1.91e-02	4.16e-01	4.40e-01	1.22e-01
 5.58489e+22	2.97e-20	4.21e-15	2.95e-11	2.44e-08	5.53e-06	2.76e-04	3.52e-03	2.04e-02	4.27e-01	4.34e-01	1.16e-01
 5.60462e+22	3.76e-20	5.23e-15	3.59e-11	2.90e-08	6.41e-06	3.12e-04	3.87e-03	2.16e-02	4.36e-01	4.28e-01	1.10e-01
 5.62290e+22	4.70e-20	6.42e-15	4.31e-11	3.40e-08	7.36e-06	3.50e-04	4.22e-03	2.28e-02	4.46e-01	4.22e-01	1.05e-01
 5.64073e+22	5.83e-20	7.82e-15	5.14e-11	3.96e-08	8.39e-06	3.90e-04	4.58e-03	2.40e-02	4.54e-01	4.17e-01	1.00e-01
 5.66086e+22	7.65e-20	1.00e-14	6.43e-11	4.82e-08	9.93e-06	4.48e-04	5.09e-03	2.57e-02	4.65e-01	4.09e-01	9.43e-02
 5.68109e+22	9.51e-20	1.22e-14	7.68e-11	5.62e-08	1.13e-05	5.00e-04	5.52e-03	2.71e-02	4.74e-01	4.03e-01	8.99e-02
 5.70145e+22	1.25e-19	1.57e-14	9.60e-11	6.82e-08	1.34e-05	5.74e-04	6.13e-03	2.89e-02	4.85e-01	3.95e-01	8.45e-02
 5.72203e+22	1.55e-19	1.91e-14	1.15e-10	7.96e-08	1.53e-05	6.40e-04	6.65e-03	3.04e-02	4.93e-01	3.89e-01	8.04e-02
 5.74290e+22	2.03e-19	2.45e-14	1.44e-10	9.69e-08	1.81e-05	7.36e-04	7.39e-03	3.25e-02	5.04e-01	3.80e-01	7.52e-02
 5.76405e+22	2.53e-19	3.00e-14	1.72e-10	1.13e-07	2.07e-05	8.21e-04	8.03e-03	3.42e-02	5.12e-01	3.73e-01	7.14e-02
 5.78554e+22	3.33e-19	3.86e-14	2.16e-10	1.38e-07	2.46e-05	9.47e-04	8.95e-03	3.65e-02	5.23e-01	3.64e-01	6.65e-02
 5.80724e+22	4.14e-19	4.71e-14	2.59e-10	1.62e-07	2.81e-05	1.06e-03	9.71e-03	3.84e-02	5.31e-01	3.57e-01	6.29e-02
 5.82921e+22	5.43e-19	6.07e-14	3.26e-10	1.98e-07	3.36e-05	1.22e-03	1.08e-02	4.11e-02	5.42e-01	3.47e-01	5.83e-02
 5.85128e+22	6.73e-19	7.39e-14	3.89e-10	2.31e-07	3.83e-05	1.36e-03	1.17e-02	4.32e-02	5.49e-01	3.39e-01	5.51e-02
 5.87348e+22	8.78e-19	9.48e-14	4.88e-10	2.82e-07	4.56e-05	1.58e-03	1.31e-02	4.62e-02	5.59e-01	3.29e-01	5.08e-02
 5.89592e+22	1.08e-18	1.15e-13	5.83e-10	3.29e-07	5.21e-05	1.76e-03	1.42e-02	4.86e-02	5.67e-01	3.21e-01	4.78e-02
 5.91870e+22	1.41e-18	1.48e-13	7.32e-10	4.02e-07	6.21e-05	2.04e-03	1.59e-02	5.20e-02	5.76e-01	3.10e-01	4.39e-02
 5.94184e+22	1.75e-18	1.80e-13	8.76e-10	4.71e-07	7.11e-05	2.28e-03	1.73e-02	5.46e-02	5.83e-01	3.02e-01	4.11e-02
 5.96130e+22	2.09e-18	2.14e-13	1.03e-09	5.42e-07	8.05e-05	2.53e-03	1.87e-02	5.73e-02	5.89e-01	2.94e-01	3.86e-02
 5.97965e+22	2.50e-18	2.53e-13	1.20e-09	6.21e-07	9.08e-05	2.79e-03	2.01e-02	5.99e-02	5.95e-01	2.86e-01	3.63e-02
 6.00069e+22	3.11e-18	3.12e-13	1.46e-09	7.41e-07	1.06e-04	3.19e-03	2.23e-02	6.37e-02	6.02e-01	2.76e-01	3.33e-02
 6.02174e+22	3.70e-18	3.68e-13	1.70e-09	8.48e-07	1.19e-04	3.52e-03	2.39e-02	6.65e-02	6.07e-01	2.68e-01	3.13e-02
 6.04282e+22	4.55e-18	4.50e-13	2.06e-09	1.01e-06	1.39e-04	4.01e-03	2.64e-02	7.06e-02	6.13e-01	2.58e-01	2.86e-02
 6.06427e+22	5.36e-18	5.28e-13	2.40e-09	1.15e-06	1.57e-04	4.44e-03	2.85e-02	7.39e-02	6.17e-01	2.49e-01	2.66e-02
 6.08621e+22	6.53e-18	6.43e-13	2.90e-09	1.37e-06	1.83e-04	5.06e-03	3.15e-02	7.86e-02	6.22e-01	2.39e-01	2.42e-02
 6.10856e+22	7.68e-18	7.54e-13	3.37e-09	1.57e-06	2.07e-04	5.61e-03	3.40e-02	8.22e-02	6.25e-01	2.30e-01	2.24e-02
 6.13144e+22	9.29e-18	9.16e-13	4.08e-09	1.87e-06	2.43e-04	6.42e-03	3.76e-02	8.74e-02	6.29e-01	2.19e-01	2.02e-02
 6.15491e+22	1.08e-17	1.07e-12	4.74e-09	2.14e-06	2.75e-04	7.14e-03	4.07e-02	9.17e-02	6.31e-01	2.11e-01	1.86e-02
 6.17914e+22	1.29e-17	1.29e-12	5.72e-09	2.55e-06	3.23e-04	8.20e-03	4.52e-02	9.76e-02	6.33e-01	1.99e-01	1.66e-02
 6.20355e+22	1.47e-17	1.48e-12	6.61e-09	2.92e-06	3.66e-04	9.12e-03	4.89e-02	1.02e-01	6.34e-01	1.90e-01	1.51e-02
 6.22766e+22	1.71e-17	1.75e-12	7.85e-09	3.43e-06	4.26e-04	1.04e-02	5.39e-02	1.09e-01	6.34e-01	1.79e-01	1.34e-02
 6.25202e+22	1.91e-17	2.00e-12	9.01e-09	3.91e-06	4.82e-04	1.15e-02	5.82e-02	1.14e-01	6.33e-01	1.71e-01	1.22e-02
 6.27577e+22	2.16e-17	2.30e-12	1.05e-08	4.54e-06	5.54e-04	1.30e-02	6.36e-02	1.20e-01	6.31e-01	1.61e-01	1.09e-02
 6.29928e+22	2.37e-17	2.59e-12	1.19e-08	5.14e-06	6.22e-04	1.44e-02	6.83e-02	1.25e-01	6.29e-01	1.53e-01	9.86e-03
 6.32007e+22	2.58e-17	2.87e-12	1.34e-08	5.75e-06	6.93e-04	1.57e-02	7.29e-02	1.30e-01	6.26e-01	1.45e-01	8.98e-03
 6.34245e+22	2.82e-17	3.24e-12	1.54e-08	6.59e-06	7.88e-04	1.76e-02	7.89e-02	1.37e-01	6.21e-01	1.37e-01	8.00e-03
 6.36449e+22	3.03e-17	3.56e-12	1.71e-08	7.34e-06	8.72e-04	1.91e-02	8.38e-02	1.42e-01	6.17e-01	1.30e-01	7.29e-03
 6.38682e+22	3.27e-17	3.99e-12	1.96e-08	8.42e-06	9.92e-04	2.13e-02	9.04e-02	1.48e-01	6.11e-01	1.22e-01	6.46e-03
 6.40911e+22	3.49e-17	4.37e-12	2.19e-08	9.36e-06	1.10e-03	2.31e-02	9.56e-02	1.53e-01	6.05e-01	1.16e-01	5.89e-03
 6.43145e+22	3.74e-17	4.88e-12	2.50e-08	1.07e-05	1.24e-03	2.57e-02	1.03e-01	1.60e-01	5.97e-01	1.08e-01	5.20e-03
 6.45381e+22	3.97e-17	5.33e-12	2.78e-08	1.19e-05	1.37e-03	2.78e-02	1.08e-01	1.65e-01	5.91e-01	1.02e-01	4.73e-03
 6.47622e+22	4.25e-17	5.95e-12	3.18e-08	1.37e-05	1.56e-03	3.08e-02	1.16e-01	1.71e-01	5.81e-01	9.53e-02	4.17e-03
 6.49873e+22	4.50e-17	6.51e-12	3.55e-08	1.52e-05	1.72e-03	3.32e-02	1.22e-01	1.76e-01	5.73e-01	9.01e-02	3.78e-03
 6.52137e+22	4.81e-17	7.28e-12	4.07e-08	1.75e-05	1.95e-03	3.67e-02	1.30e-01	1.82e-01	5.62e-01	8.37e-02	3.32e-03
 6.54418e+22	5.11e-17	7.99e-12	4.56e-08	1.95e-05	2.15e-03	3.96e-02	1.36e-01	1.87e-01	5.53e-01	7.89e-02	3.01e-03
 6.56721e+22	5.49e-17	8.99e-12	5.27e-08	2.26e-05	2.44e-03	4.36e-02	1.44e-01	1.93e-01	5.41e-01	7.30e-02	2.63e-03
 6.59055e+22	5.86e-17	9.93e-12	5.93e-08	2.53e-05	2.70e-03	4.71e-02	1.51e-01	1.98e-01	5.30e-01	6.86e-02	2.37e-03
 6.61428e+22	6.32e-17	1.13e-11	6.91e-08	2.95e-05	3.08e-03	5.19e-02	1.60e-01	2.03e-01	5.16e-01	6.31e-02	2.06e-03
 6.63840e+22	6.82e-17	1.26e-11	7.85e-08	3.33e-05	3.41e-03	5.60e-02	1.67e-01	2.08e-01	5.05e-01	5.91e-02	1.85e-03
 6.66300e+22	7.42e-17	1.44e-11	9.24e-08	3.90e-05	3.90e-03	6.17e-02	1.76e-01	2.13e-01	4.89e-01	5.40e-02	1.60e-03
 6.68814e+22	8.14e-17	1.63e-11	1.06e-07	4.45e-05	4.35e-03	6.66e-02	1.84e-01	2.17e-01	4.77e-01	5.03e-02	1.42e-03
 6.71396e+22	9.03e-17	1.90e-11	1.27e-07	5.27e-05	5.00e-03	7.35e-02	1.94e-01	2.22e-01	4.59e-01	4.57e-02	1.22e-03
 6.73999e+22	1.00e-16	2.18e-11	1.47e-07	6.03e-05	5.57e-03	7.92e-02	2.01e-01	2.25e-01	4.46e-01	4.24e-02	1.08e-03
 6.76211e+22	1.10e-16	2.46e-11	1.68e-07	6.83e-05	6.16e-03	8.49e-02	2.08e-01	2.27e-01	4.33e-01	3.94e-02	9.63e-04
 6.78672e+22	1.24e-16	2.90e-11	2.01e-07	8.05e-05	7.01e-03	9.27e-02	2.18e-01	2.30e-01	4.16e-01	3.58e-02	8.28e-04
 6.81026e+22	1.37e-16	3.26e-11	2.29e-07	9.03e-05	7.67e-03	9.85e-02	2.24e-01	2.32e-01	4.04e-01	3.35e-02	7.46e-04
 6.83243e+22	1.54e-16	3.81e-11	2.70e-07	1.05e-04	8.61e-03	1.06e-01	2.32e-01	2.34e-01	3.88e-01	3.06e-02	6.50e-04
 6.85491e+22	1.72e-16	4.33e-11	3.08e-07	1.18e-04	9.42e-03	1.13e-01	2.38e-01	2.35e-01	3.75e-01	2.85e-02	5.82e-04
 6.87780e+22	1.96e-16	5.11e-11	3.67e-07	1.37e-04	1.06e-02	1.22e-01	2.46e-01	2.36e-01	3.59e-01	2.59e-02	5.03e-04
 6.90083e+22	2.22e-16	5.86e-11	4.21e-07	1.55e-04	1.16e-02	1.29e-01	2.52e-01	2.36e-01	3.46e-01	2.41e-02	4.50e-04
 6.92404e+22	2.57e-16	6.98e-11	5.03e-07	1.81e-04	1.30e-02	1.39e-01	2.59e-01	2.36e-01	3.30e-01	2.18e-02	3.87e-04
 6.94756e+22	2.94e-16	8.08e-11	5.80e-07	2.04e-04	1.42e-02	1.47e-01	2.65e-01	2.36e-01	3.17e-01	2.01e-02	3.44e-04
 6.97145e+22	3.48e-16	9.76e-11	6.99e-07	2.39e-04	1.60e-02	1.58e-01	2.72e-01	2.35e-01	3.01e-01	1.81e-02	2.94e-04
 6.99572e+22	4.04e-16	1.14e-10	8.11e-07	2.71e-04	1.75e-02	1.67e-01	2.77e-01	2.33e-01	2.88e-01	1.67e-02	2.60e-04
 7.02047e+22	4.88e-16	1.40e-10	9.86e-07	3.19e-04	1.97e-02	1.79e-01	2.84e-01	2.31e-01	2.71e-01	1.49e-02	2.20e-04
 7.04566e+22	5.76e-16	1.65e-10	1.15e-06	3.63e-04	2.16e-02	1.89e-01	2.88e-01	2.29e-01	2.58e-01	1.36e-02	1.93e-04
 7.07144e+22	7.11e-16	2.05e-10	1.41e-06	4.29e-04	2.43e-02	2.03e-01	2.94e-01	2.25e-01	2.41e-01	1.20e-02	1.62e-04
 7.09775e+22	8.55e-16	2.45e-10	1.66e-06	4.88e-04	2.67e-02	2.14e-01	2.98e-01	2.22e-01	2.28e-01	1.09e-02	1.41e-04
 7.12475e+22	1.08e-15	3.09e-10	2.05e-06	5.80e-04	3.01e-02	2.29e-01	3.02e-01	2.17e-01	2.12e-01	9.54e-03	1.16e-04
 7.15187e+22	1.31e-15	3.71e-10	2.41e-06	6.60e-04	3.29e-02	2.40e-01	3.05e-01	2.13e-01	1.99e-01	8.62e-03	1.01e-04
 7.17913e+22	1.68e-15	4.71e-10	2.99e-06	7.82e-04	3.70e-02	2.56e-01	3.08e-01	2.07e-01	1.84e-01	7.50e-03	8.27e-05
 7.20678e+22	2.07e-15	5.69e-10	3.53e-06	8.90e-04	4.03e-02	2.68e-01	3.09e-01	2.02e-01	1.72e-01	6.73e-03	7.10e-05
 7.23082e+22	2.53e-15	6.85e-10	4.14e-06	1.01e-03	4.39e-02	2.81e-01	3.10e-01	1.97e-01	1.61e-01	6.04e-03	6.10e-05
 7.25793e+22	3.30e-15	8.72e-10	5.10e-06	1.19e-03	4.89e-02	2.96e-01	3.11e-01	1.90e-01	1.48e-01	5.23e-03	5.00e-05
 7.28530e+22	4.07e-15	1.05e-09	5.98e-06	1.34e-03	5.30e-02	3.09e-01	3.11e-01	1.84e-01	1.38e-01	4.68e-03	4.28e-05
 7.30812e+22	4.93e-15	1.25e-09	6.91e-06	1.49e-03	5.69e-02	3.19e-01	3.10e-01	1.79e-01	1.29e-01	4.22e-03	3.72e-05
 7.33292e+22	6.33e-15	1.56e-09	8.33e-06	1.72e-03	6.24e-02	3.34e-01	3.08e-01	1.71e-01	1.19e-01	3.67e-03	3.08e-05
 7.35751e+22	7.66e-15	1.84e-09	9.57e-06	1.91e-03	6.68e-02	3.44e-01	3.07e-01	1.66e-01	1.11e-01	3.31e-03	2.67e-05
 7.38182e+22	9.75e-15	2.27e-09	1.14e-05	2.17e-03	7.25e-02	3.57e-01	3.04e-01	1.59e-01	1.02e-01	2.90e-03	2.24e-05
 7.40715e+22	1.21e-14	2.74e-09	1.33e-05	2.44e-03	7.80e-02	3.69e-01	3.01e-01	1.53e-01	9.42e-02	2.57e-03	1.89e-05
 7.42971e+22	1.48e-14	3.25e-09	1.53e-05	2.70e-03	8.32e-02	3.79e-01	2.98e-01	1.47e-01	8.77e-02	2.30e-03	1.63e-05
 7.45495e+22	1.91e-14	4.02e-09	1.82e-05	3.07e-03	9.00e-02	3.92e-01	2.94e-01	1.40e-01	7.99e-02	2.00e-03	1.35e-05
 7.48159e+22	2.41e-14	4.90e-09	2.13e-05	3.45e-03	9.67e-02	4.03e-01	2.89e-01	1.33e-01	7.32e-02	1.75e-03	1.13e-05
 7.50585e+22	2.99e-14	5.88e-09	2.47e-05	3.83e-03	1.03e-01	4.13e-01	2.84e-01	1.27e-01	6.74e-02	1.54e-03	9.58e-06
 7.53319e+22	3.95e-14	7.41e-09	2.97e-05	4.38e-03	1.12e-01	4.25e-01	2.78e-01	1.19e-01	6.04e-02	1.31e-03	7.73e-06
 7.56131e+22	4.99e-14	9.02e-09	3.47e-05	4.90e-03	1.19e-01	4.34e-01	2.72e-01	1.13e-01	5.51e-02	1.14e-03	6.44e-06
 7.58659e+22	6.28e-14	1.09e-08	4.03e-05	5.44e-03	1.27e-01	4.43e-01	2.66e-01	1.07e-01	5.02e-02	9.98e-04	5.38e-06
 7.61559e+22	8.40e-14	1.39e-08	4.87e-05	6.22e-03	1.37e-01	4.54e-01	2.58e-01	9.94e-02	4.45e-02	8.37e-04	4.27e-06
 7.64502e+22	1.07e-13	1.69e-08	5.68e-05	6.93e-03	1.46e-01	4.62e-01	2.51e-01	9.34e-02	4.02e-02	7.22e-04	3.52e-06
 7.67109e+22	1.35e-13	2.04e-08	6.59e-05	7.69e-03	1.55e-01	4.69e-01	2.44e-01	8.78e-02	3.64e-02	6.25e-04	2.91e-06
 7.70107e+22	1.81e-13	2.60e-08	7.95e-05	8.76e-03	1.67e-01	4.77e-01	2.34e-01	8.09e-02	3.20e-02	5.19e-04	2.28e-06
 7.73162e+22	2.32e-13	3.18e-08	9.28e-05	9.74e-03	1.77e-01	4.82e-01	2.26e-01	7.54e-02	2.87e-02	4.44e-04	1.86e-06
 7.76289e+22	3.15e-13	4.07e-08	1.12e-04	1.11e-02	1.90e-01	4.88e-01	2.16e-01	6.89e-02	2.50e-02	3.64e-04	1.44e-06
 7.79464e+22	4.04e-13	4.99e-08	1.31e-04	1.23e-02	2.01e-01	4.92e-01	2.08e-01	6.38e-02	2.22e-02	3.09e-04	1.16e-06
 7.82702e+22	5.49e-13	6.38e-08	1.58e-04	1.40e-02	2.15e-01	4.96e-01	1.98e-01	5.80e-02	1.93e-02	2.52e-04	8.96e-07
 7.86028e+22	7.21e-13	7.94e-08	1.87e-04	1.56e-02	2.27e-01	4.98e-01	1.88e-01	5.31e-02	1.69e-02	2.09e-04	7.05e-07
 7.88931e+22	9.15e-13	9.61e-08	2.16e-04	1.72e-02	2.39e-01	5.00e-01	1.80e-01	4.90e-02	1.50e-02	1.78e-04	5.71e-07
 7.92167e+22	1.23e-12	1.22e-07	2.58e-04	1.94e-02	2.53e-01	5.00e-01	1.70e-01	4.43e-02	1.30e-02	1.44e-04	4.38e-07
 7.95603e+22	1.63e-12	1.52e-07	3.05e-04	2.16e-02	2.67e-01	4.99e-01	1.61e-01	4.02e-02	1.12e-02	1.19e-04	3.40e-07
 7.98403e+22	2.01e-12	1.80e-07	3.46e-04	2.35e-02	2.78e-01	4.97e-01	1.54e-01	3.72e-02	1.01e-02	1.02e-04	2.79e-07
 8.01147e+22	2.57e-12	2.19e-07	4.00e-04	2.58e-02	2.90e-01	4.95e-01	1.46e-01	3.40e-02	8.87e-03	8.52e-05	2.23e-07
 8.04072e+22	3.21e-12	2.61e-07	4.56e-04	2.81e-02	3.02e-01	4.92e-01	1.38e-01	3.13e-02	7.87e-03	7.23e-05	1.81e-07
 8.06794e+22	3.99e-12	3.10e-07	5.18e-04	3.05e-02	3.13e-01	4.89e-01	1.31e-01	2.88e-02	7.00e-03	6.14e-05	1.47e-07
 8.09898e+22	5.30e-12	3.88e-07	6.12e-04	3.39e-02	3.28e-01	4.83e-01	1.23e-01	2.58e-02	5.99e-03	4.96e-05	0.00e+00
 8.13038e+22	6.64e-12	4.63e-07	6.97e-04	3.68e-02	3.40e-01	4.78e-01	1.16e-01	2.35e-02	5.28e-03	4.18e-05	0.00e+00
 8.16224e+22	8.77e-12	5.77e-07	8.19e-04	4.07e-02	3.55e-01	4.71e-01	1.08e-01	2.10e-02	4.51e-03	3.37e-05	0.00e+00
 8.19437e+22	1.11e-11	6.93e-07	9.37e-04	4.42e-02	3.67e-01	4.64e-01	1.01e-01	1.91e-02	3.94e-03	2.80e-05	0.00e+00
 8.22215e+22	1.38e-11	8.22e-07	1.06e-03	4.78e-02	3.78e-01	4.57e-01	9.53e-02	1.74e-02	3.48e-03	2.36e-05	0.00e+00
 8.25356e+22	1.81e-11	1.02e-06	1.24e-03	5.26e-02	3.93e-01	4.47e-01	8.81e-02	1.54e-02	2.96e-03	1.89e-05	0.00e+00
 8.28591e+22	2.27e-11	1.21e-06	1.41e-03	5.68e-02	4.04e-01	4.39e-01	8.25e-02	1.40e-02	2.58e-03	1.58e-05	0.00e+00
 8.31948e+22	3.04e-11	1.53e-06	1.66e-03	6.27e-02	4.19e-01	4.27e-01	7.54e-02	1.23e-02	2.16e-03	1.24e-05	0.00e+00
 8.35318e+22	3.82e-11	1.82e-06	1.89e-03	6.77e-02	4.30e-01	4.17e-01	7.02e-02	1.10e-02	1.88e-03	1.02e-05	0.00e+00
 8.38704e+22	5.06e-11	2.26e-06	2.21e-03	7.42e-02	4.43e-01	4.05e-01	6.41e-02	9.69e-03	1.57e-03	8.07e-06	0.00e+00
 8.42213e+22	6.50e-11	2.75e-06	2.53e-03	8.05e-02	4.55e-01	3.93e-01	5.90e-02	8.61e-03	1.34e-03	6.51e-06	0.00e+00
 8.45349e+22	8.19e-11	3.28e-06	2.88e-03	8.67e-02	4.65e-01	3.82e-01	5.45e-02	7.70e-03	1.16e-03	5.33e-06	0.00e+00
 8.48893e+22	1.09e-10	4.11e-06	3.37e-03	9.50e-02	4.77e-01	3.68e-01	4.92e-02	6.68e-03	9.57e-04	4.13e-06	0.00e+00
 8.52529e+22	1.41e-10	4.98e-06	3.87e-03	1.03e-01	4.87e-01	3.55e-01	4.49e-02	5.89e-03	8.09e-04	3.30e-06	0.00e+00
 8.55738e+22	1.77e-10	5.96e-06	4.39e-03	1.10e-01	4.96e-01	3.42e-01	4.12e-02	5.23e-03	6.91e-04	2.67e-06	0.00e+00
 8.59362e+22	2.37e-10	7.44e-06	5.13e-03	1.20e-01	5.06e-01	3.27e-01	3.68e-02	4.50e-03	5.66e-04	2.05e-06	0.00e+00
 8.63093e+22	3.06e-10	9.03e-06	5.88e-03	1.30e-01	5.14e-01	3.13e-01	3.33e-02	3.94e-03	4.74e-04	1.62e-06	0.00e+00
 8.66404e+22	3.87e-10	1.08e-05	6.66e-03	1.39e-01	5.20e-01	3.00e-01	3.03e-02	3.48e-03	4.02e-04	1.30e-06	0.00e+00
 8.70147e+22	5.21e-10	1.36e-05	7.79e-03	1.51e-01	5.28e-01	2.84e-01	2.67e-02	2.95e-03	3.24e-04	9.77e-07	0.00e+00
 8.73980e+22	6.68e-10	1.64e-05	8.88e-03	1.62e-01	5.33e-01	2.70e-01	2.40e-02	2.57e-03	2.70e-04	7.67e-07	0.00e+00
 8.77928e+22	9.11e-10	2.07e-05	1.04e-02	1.76e-01	5.37e-01	2.53e-01	2.10e-02	2.16e-03	2.15e-04	5.66e-07	0.00e+00
 8.81929e+22	1.18e-09	2.52e-05	1.19e-02	1.88e-01	5.40e-01	2.39e-01	1.86e-02	1.86e-03	1.76e-04	4.37e-07	0.00e+00
 8.86000e+22	1.60e-09	3.16e-05	1.39e-02	2.03e-01	5.42e-01	2.23e-01	1.62e-02	1.56e-03	1.40e-04	3.21e-07	0.00e+00
 8.90177e+22	2.09e-09	3.87e-05	1.60e-02	2.18e-01	5.42e-01	2.08e-01	1.42e-02	1.33e-03	1.13e-04	2.43e-07	0.00e+00
 8.93873e+22	2.69e-09	4.67e-05	1.81e-02	2.31e-01	5.41e-01	1.95e-01	1.25e-02	1.14e-03	9.24e-05	1.87e-07	0.00e+00
 8.98060e+22	3.67e-09	5.89e-05	2.12e-02	2.49e-01	5.38e-01	1.80e-01	1.07e-02	9.40e-04	7.16e-05	1.34e-07	0.00e+00
 9.02375e+22	4.79e-09	7.18e-05	2.42e-02	2.65e-01	5.34e-01	1.67e-01	9.30e-03	7.95e-04	5.74e-05	0.00e+00	0.00e+00
 9.06273e+22	6.21e-09	8.71e-05	2.75e-02	2.80e-01	5.29e-01	1.54e-01	8.08e-03	6.72e-04	4.60e-05	0.00e+00	0.00e+00
 9.10151e+22	7.98e-09	1.05e-04	3.10e-02	2.96e-01	5.23e-01	1.43e-01	7.04e-03	5.70e-04	3.71e-05	0.00e+00	0.00e+00
 9.14589e+22	1.11e-08	1.33e-04	3.63e-02	3.16e-01	5.12e-01	1.29e-01	5.84e-03	4.58e-04	2.78e-05	0.00e+00	0.00e+00
 9.19025e+22	1.42e-08	1.60e-04	4.10e-02	3.32e-01	5.03e-01	1.18e-01	5.04e-03	3.86e-04	2.22e-05	0.00e+00	0.00e+00
 9.22591e+22	1.76e-08	1.87e-04	4.53e-02	3.46e-01	4.94e-01	1.10e-01	4.44e-03	3.33e-04	1.83e-05	0.00e+00	0.00e+00
 9.24966e+22	1.94e-08	2.01e-04	4.74e-02	3.52e-01	4.90e-01	1.06e-01	4.18e-03	3.11e-04	1.67e-05	0.00e+00	0.00e+00
