#depth	Cl	Cl+	Cl+2	Cl+3	Cl+4	Cl+5	Cl+6	Cl+7	Cl+8	Cl+9	Cl+10	Cl+11	Cl+12	Cl+13	Cl+14	Cl+15	Cl+16	Cl+17
 4.62852e+21	0.00e+00	0.00e+00	0.00e+00	0.00e+00	0.00e+00	0.00e+00	0.00e+00	0.00e+00	0.00e+00	1.26e-22	4.20e-19	7.32e-16	6.70e-13	3.52e-10	1.91e-07	1.84e-04	2.37e-02	9.76e-01
 1.05264e+22	0.00e+00	0.00e+00	0.00e+00	0.00e+00	0.00e+00	0.00e+00	0.00e+00	0.00e+00	3.96e-25	2.20e-21	5.09e-18	6.27e-15	3.99e-12	1.47e-09	5.54e-07	3.74e-04	3.36e-02	9.66e-01
 1.26430e+22	0.00e+00	0.00e+00	0.00e+00	0.00e+00	0.00e+00	0.00e+00	0.00e+00	2.97e-28	3.36e-24	1.46e-20	2.67e-17	2.58e-14	1.30e-11	3.75e-09	1.12e-06	5.96e-04	4.22e-02	9.57e-01
 1.41681e+22	0.00e+00	0.00e+00	0.00e+00	0.00e+00	0.00e+00	0.00e+00	0.00e+00	1.99e-27	1.85e-23	6.65e-20	9.99e-17	7.97e-14	3.30e-11	7.93e-09	1.96e-06	8.63e-04	5.06e-02	9.49e-01
 1.50154e+22	0.00e+00	0.00e+00	0.00e+00	0.00e+00	0.00e+00	0.00e+00	0.00e+00	3.21e-27	2.84e-23	9.72e-20	1.39e-16	1.06e-13	4.18e-11	9.56e-09	2.25e-06	9.47e-04	5.29e-02	9.46e-01
 1.54051e+22	0.00e+00	0.00e+00	0.00e+00	0.00e+00	0.00e+00	0.00e+00	0.00e+00	5.84e-27	4.86e-23	1.56e-19	2.11e-16	1.51e-13	5.60e-11	1.21e-08	2.69e-06	1.06e-03	5.60e-02	9.43e-01
 1.58333e+22	0.00e+00	0.00e+00	0.00e+00	0.00e+00	0.00e+00	0.00e+00	0.00e+00	1.05e-26	8.20e-23	2.49e-19	3.16e-16	2.13e-13	7.46e-11	1.52e-08	3.18e-06	1.19e-03	5.91e-02	9.40e-01
 1.62380e+22	0.00e+00	0.00e+00	0.00e+00	0.00e+00	0.00e+00	0.00e+00	6.49e-31	1.80e-26	1.34e-22	3.83e-19	4.60e-16	2.93e-13	9.73e-11	1.88e-08	3.73e-06	1.32e-03	6.22e-02	9.36e-01
 1.66908e+22	0.00e+00	0.00e+00	0.00e+00	0.00e+00	0.00e+00	0.00e+00	1.41e-30	3.64e-26	2.51e-22	6.68e-19	7.47e-16	4.43e-13	1.37e-10	2.47e-08	4.58e-06	1.51e-03	6.64e-02	9.32e-01
 1.71490e+22	0.00e+00	0.00e+00	0.00e+00	0.00e+00	0.00e+00	0.00e+00	2.64e-30	6.42e-26	4.17e-22	1.05e-18	1.11e-15	6.21e-13	1.81e-10	3.08e-08	5.41e-06	1.69e-03	7.00e-02	9.28e-01
 1.75477e+22	0.00e+00	0.00e+00	0.00e+00	0.00e+00	0.00e+00	0.00e+00	4.86e-30	1.11e-25	6.84e-22	1.62e-18	1.62e-15	8.58e-13	2.37e-10	3.82e-08	6.34e-06	1.87e-03	7.36e-02	9.25e-01
 1.79089e+22	0.00e+00	0.00e+00	0.00e+00	0.00e+00	0.00e+00	0.00e+00	8.26e-30	1.80e-25	1.05e-21	2.38e-18	2.27e-15	1.14e-12	3.01e-10	4.62e-08	7.30e-06	2.06e-03	7.70e-02	9.21e-01
 1.82346e+22	0.00e+00	0.00e+00	0.00e+00	0.00e+00	0.00e+00	0.00e+00	1.37e-29	2.84e-25	1.58e-21	3.42e-18	3.10e-15	1.49e-12	3.75e-10	5.51e-08	8.33e-06	2.24e-03	8.02e-02	9.18e-01
 1.86044e+22	0.00e+00	0.00e+00	0.00e+00	0.00e+00	0.00e+00	0.00e+00	2.48e-29	4.87e-25	2.57e-21	5.24e-18	4.50e-15	2.05e-12	4.88e-10	6.79e-08	9.74e-06	2.49e-03	8.43e-02	9.13e-01
 1.89992e+22	0.00e+00	0.00e+00	0.00e+00	0.00e+00	0.00e+00	0.00e+00	4.43e-29	8.23e-25	4.10e-21	7.95e-18	6.46e-15	2.79e-12	6.31e-10	8.33e-08	1.13e-05	2.75e-03	8.84e-02	9.09e-01
 1.93495e+22	0.00e+00	0.00e+00	0.00e+00	0.00e+00	0.00e+00	0.00e+00	7.48e-29	1.32e-24	6.29e-21	1.16e-17	8.98e-15	3.69e-12	7.95e-10	1.00e-07	1.30e-05	3.01e-03	9.22e-02	9.05e-01
 1.96779e+22	0.00e+00	0.00e+00	0.00e+00	0.00e+00	0.00e+00	0.00e+00	1.25e-28	2.10e-24	9.50e-21	1.67e-17	1.23e-14	4.84e-12	9.95e-10	1.20e-07	1.49e-05	3.28e-03	9.61e-02	9.01e-01
 2.00552e+22	0.00e+00	0.00e+00	0.00e+00	0.00e+00	0.00e+00	0.00e+00	2.29e-28	3.64e-24	1.55e-20	2.58e-17	1.80e-14	6.67e-12	1.30e-09	1.48e-07	1.74e-05	3.64e-03	1.01e-01	8.95e-01
 2.04553e+22	0.00e+00	0.00e+00	0.00e+00	0.00e+00	0.00e+00	0.00e+00	4.11e-28	6.18e-24	2.50e-20	3.93e-17	2.60e-14	9.13e-12	1.68e-09	1.82e-07	2.03e-05	4.02e-03	1.06e-01	8.90e-01
 2.08050e+22	0.00e+00	0.00e+00	0.00e+00	0.00e+00	0.00e+00	0.00e+00	6.93e-28	9.92e-24	3.82e-20	5.72e-17	3.60e-14	1.20e-11	2.12e-09	2.19e-07	2.32e-05	4.40e-03	1.10e-01	8.85e-01
 2.11795e+22	0.00e+00	0.00e+00	0.00e+00	0.00e+00	0.00e+00	0.00e+00	1.28e-27	1.73e-23	6.27e-20	8.86e-17	5.27e-14	1.67e-11	2.77e-09	2.71e-07	2.72e-05	4.88e-03	1.16e-01	8.79e-01
 2.15420e+22	0.00e+00	0.00e+00	0.00e+00	0.00e+00	0.00e+00	0.00e+00	2.12e-27	2.73e-23	9.44e-20	1.27e-16	7.23e-14	2.18e-11	3.46e-09	3.23e-07	3.11e-05	5.32e-03	1.21e-01	8.74e-01
 2.18262e+22	0.00e+00	0.00e+00	0.00e+00	0.00e+00	0.00e+00	3.58e-31	3.23e-27	4.00e-23	1.33e-19	1.72e-16	9.41e-14	2.73e-11	4.16e-09	3.74e-07	3.47e-05	5.71e-03	1.25e-01	8.70e-01
 2.21329e+22	0.00e+00	0.00e+00	0.00e+00	0.00e+00	0.00e+00	6.11e-31	5.29e-27	6.24e-23	1.98e-19	2.45e-16	1.28e-13	3.54e-11	5.16e-09	4.44e-07	3.93e-05	6.20e-03	1.30e-01	8.64e-01
 2.24686e+22	0.00e+00	0.00e+00	0.00e+00	0.00e+00	0.00e+00	1.04e-30	8.60e-27	9.69e-23	2.94e-19	3.47e-16	1.73e-13	4.58e-11	6.39e-09	5.26e-07	4.46e-05	6.73e-03	1.34e-01	8.59e-01
 2.27796e+22	0.00e+00	0.00e+00	0.00e+00	0.00e+00	0.00e+00	1.71e-30	1.36e-26	1.47e-22	4.27e-19	4.83e-16	2.31e-13	5.85e-11	7.81e-09	6.18e-07	5.02e-05	7.27e-03	1.39e-01	8.53e-01
 2.30734e+22	0.00e+00	0.00e+00	0.00e+00	0.00e+00	0.00e+00	2.79e-30	2.13e-26	2.20e-22	6.13e-19	6.66e-16	3.05e-13	7.41e-11	9.51e-09	7.22e-07	5.64e-05	7.84e-03	1.44e-01	8.48e-01
 2.34071e+22	0.00e+00	0.00e+00	0.00e+00	0.00e+00	0.00e+00	4.98e-30	3.64e-26	3.57e-22	9.45e-19	9.74e-16	4.24e-13	9.81e-11	1.20e-08	8.68e-07	6.46e-05	8.56e-03	1.50e-01	8.41e-01
 2.37569e+22	0.00e+00	0.00e+00	0.00e+00	0.00e+00	0.00e+00	8.66e-30	6.04e-26	5.65e-22	1.43e-18	1.40e-15	5.83e-13	1.29e-10	1.50e-08	1.04e-06	7.36e-05	9.32e-03	1.56e-01	8.35e-01
 2.40561e+22	0.00e+00	0.00e+00	0.00e+00	0.00e+00	0.00e+00	1.40e-29	9.41e-26	8.44e-22	2.04e-18	1.93e-15	7.68e-13	1.63e-10	1.82e-08	1.21e-06	8.25e-05	1.00e-02	1.61e-01	8.29e-01
 2.43155e+22	0.00e+00	0.00e+00	0.00e+00	0.00e+00	0.00e+00	2.14e-29	1.39e-25	1.20e-21	2.80e-18	2.54e-15	9.78e-13	2.00e-10	2.16e-08	1.38e-06	9.11e-05	1.07e-02	1.66e-01	8.23e-01
 2.45945e+22	0.00e+00	0.00e+00	0.00e+00	0.00e+00	0.00e+00	3.45e-29	2.15e-25	1.78e-21	3.99e-18	3.48e-15	1.28e-12	2.51e-10	2.61e-08	1.61e-06	1.02e-04	1.15e-02	1.71e-01	8.17e-01
 2.48965e+22	0.00e+00	0.00e+00	0.00e+00	0.00e+00	0.00e+00	5.54e-29	3.33e-25	2.65e-21	5.68e-18	4.76e-15	1.68e-12	3.17e-10	3.15e-08	1.87e-06	1.14e-04	1.23e-02	1.77e-01	8.10e-01
 2.51727e+22	0.00e+00	0.00e+00	0.00e+00	0.00e+00	0.00e+00	8.62e-29	5.00e-25	3.82e-21	7.89e-18	6.36e-15	2.17e-12	3.93e-10	3.76e-08	2.15e-06	1.26e-04	1.32e-02	1.82e-01	8.04e-01
 2.54761e+22	0.00e+00	0.00e+00	0.00e+00	0.00e+00	0.00e+00	1.49e-28	8.28e-25	6.04e-21	1.19e-17	9.12e-15	2.96e-12	5.12e-10	4.69e-08	2.56e-06	1.43e-04	1.43e-02	1.89e-01	7.96e-01
 2.57851e+22	0.00e+00	0.00e+00	0.00e+00	0.00e+00	0.00e+00	2.38e-28	1.27e-24	8.90e-21	1.68e-17	1.24e-14	3.87e-12	6.43e-10	5.65e-08	2.97e-06	1.60e-04	1.54e-02	1.95e-01	7.90e-01
 2.60477e+22	0.00e+00	0.00e+00	0.00e+00	0.00e+00	0.00e+00	3.64e-28	1.88e-24	1.27e-20	2.31e-17	1.64e-14	4.93e-12	7.89e-10	6.70e-08	3.39e-06	1.77e-04	1.64e-02	2.00e-01	7.83e-01
 2.63355e+22	0.00e+00	0.00e+00	0.00e+00	0.00e+00	0.00e+00	6.01e-28	2.98e-24	1.92e-20	3.34e-17	2.28e-14	6.56e-12	1.00e-09	8.16e-08	3.97e-06	1.98e-04	1.76e-02	2.07e-01	7.75e-01
 2.66396e+22	0.00e+00	0.00e+00	0.00e+00	0.00e+00	0.00e+00	9.64e-28	4.59e-24	2.84e-20	4.75e-17	3.10e-14	8.59e-12	1.26e-09	9.86e-08	4.61e-06	2.21e-04	1.89e-02	2.13e-01	7.68e-01
 2.69121e+22	0.00e+00	0.00e+00	0.00e+00	0.00e+00	1.77e-31	1.50e-27	6.88e-24	4.10e-20	6.59e-17	4.15e-14	1.10e-11	1.56e-09	1.18e-07	5.29e-06	2.45e-04	2.02e-02	2.19e-01	7.60e-01
 2.71570e+22	0.00e+00	0.00e+00	0.00e+00	0.00e+00	2.71e-31	2.22e-27	9.86e-24	5.68e-20	8.83e-17	5.36e-14	1.38e-11	1.89e-09	1.37e-07	5.99e-06	2.68e-04	2.14e-02	2.25e-01	7.54e-01
 2.73844e+22	0.00e+00	0.00e+00	0.00e+00	0.00e+00	4.02e-31	3.19e-27	1.38e-23	7.70e-20	1.16e-16	6.82e-14	1.70e-11	2.25e-09	1.59e-07	6.71e-06	2.91e-04	2.25e-02	2.30e-01	7.47e-01
 2.76455e+22	0.00e+00	0.00e+00	0.00e+00	0.00e+00	6.48e-31	4.97e-27	2.07e-23	1.11e-19	1.61e-16	9.11e-14	2.18e-11	2.79e-09	1.89e-07	7.70e-06	3.22e-04	2.40e-02	2.36e-01	7.40e-01
 2.79258e+22	0.00e+00	0.00e+00	0.00e+00	0.00e+00	1.04e-30	7.72e-27	3.10e-23	1.60e-19	2.23e-16	1.22e-13	2.81e-11	3.45e-09	2.25e-07	8.84e-06	3.56e-04	2.56e-02	2.42e-01	7.32e-01
 2.81787e+22	0.00e+00	0.00e+00	0.00e+00	0.00e+00	1.62e-30	1.16e-26	4.51e-23	2.25e-19	3.02e-16	1.59e-13	3.54e-11	4.20e-09	2.65e-07	1.00e-05	3.91e-04	2.72e-02	2.48e-01	7.24e-01
 2.84550e+22	0.00e+00	0.00e+00	0.00e+00	0.00e+00	2.72e-30	1.88e-26	7.02e-23	3.35e-19	4.32e-16	2.18e-13	4.65e-11	5.29e-09	3.20e-07	1.17e-05	4.36e-04	2.91e-02	2.55e-01	7.15e-01
 2.87347e+22	0.00e+00	0.00e+00	0.00e+00	0.00e+00	4.34e-30	2.89e-26	1.04e-22	4.80e-19	5.95e-16	2.89e-13	5.95e-11	6.52e-09	3.80e-07	1.34e-05	4.81e-04	3.09e-02	2.62e-01	7.07e-01
 2.89683e+22	0.00e+00	0.00e+00	0.00e+00	0.00e+00	6.50e-30	4.20e-26	1.47e-22	6.54e-19	7.86e-16	3.69e-13	7.36e-11	7.80e-09	4.41e-07	1.50e-05	5.24e-04	3.26e-02	2.67e-01	6.99e-01
 2.92211e+22	0.00e+00	0.00e+00	0.00e+00	0.00e+00	4.68e-30	2.92e-26	9.86e-23	9.41e-19	1.09e-15	4.91e-13	9.43e-11	9.62e-09	5.24e-07	1.72e-05	5.78e-04	3.47e-02	2.74e-01	6.91e-01
 2.94936e+22	0.00e+00	0.00e+00	0.00e+00	0.00e+00	1.65e-29	9.93e-26	3.24e-22	1.34e-18	1.49e-15	6.48e-13	1.20e-10	1.18e-08	6.19e-07	1.96e-05	6.36e-04	3.68e-02	2.81e-01	6.82e-01
 2.97458e+22	0.00e+00	0.00e+00	0.00e+00	0.00e+00	1.15e-29	6.73e-26	2.12e-22	1.88e-18	2.02e-15	8.49e-13	1.52e-10	1.44e-08	7.28e-07	2.22e-05	6.97e-04	3.90e-02	2.87e-01	6.73e-01
 2.99890e+22	0.00e+00	0.00e+00	0.00e+00	0.00e+00	1.77e-29	9.97e-26	3.04e-22	2.61e-18	2.70e-15	1.10e-12	1.89e-10	1.74e-08	8.50e-07	2.51e-05	7.62e-04	4.12e-02	2.93e-01	6.65e-01
 3.02233e+22	0.00e+00	0.00e+00	0.00e+00	0.00e+00	2.64e-29	1.45e-25	4.28e-22	3.55e-18	3.56e-15	1.40e-12	2.34e-10	2.08e-08	9.84e-07	2.82e-05	8.27e-04	4.34e-02	2.99e-01	6.57e-01
 3.04846e+22	0.00e+00	0.00e+00	0.00e+00	0.00e+00	4.27e-29	2.26e-25	6.44e-22	5.13e-18	4.95e-15	1.87e-12	3.01e-10	2.57e-08	1.17e-06	3.23e-05	9.13e-04	4.61e-02	3.06e-01	6.47e-01
 3.07576e+22	0.00e+00	0.00e+00	0.00e+00	0.00e+00	6.74e-29	3.44e-25	9.48e-22	7.28e-18	6.77e-15	2.47e-12	3.82e-10	3.15e-08	1.38e-06	3.68e-05	1.00e-03	4.89e-02	3.13e-01	6.38e-01
 3.09964e+22	0.00e+00	0.00e+00	0.00e+00	0.00e+00	1.02e-28	5.05e-25	1.35e-21	1.00e-17	9.01e-15	3.17e-12	4.75e-10	3.78e-08	1.61e-06	4.14e-05	1.09e-03	5.15e-02	3.19e-01	6.29e-01
 3.12576e+22	0.00e+00	0.00e+00	0.00e+00	0.00e+00	1.66e-28	7.94e-25	2.04e-21	1.46e-17	1.26e-14	4.26e-12	6.13e-10	4.69e-08	1.92e-06	4.75e-05	1.21e-03	5.47e-02	3.26e-01	6.18e-01
 3.15354e+22	0.00e+00	0.00e+00	0.00e+00	0.00e+00	2.66e-28	1.22e-24	3.03e-21	2.09e-17	1.73e-14	5.66e-12	7.84e-10	5.78e-08	2.28e-06	5.42e-05	1.33e-03	5.80e-02	3.33e-01	6.08e-01
 3.17739e+22	0.00e+00	0.00e+00	0.00e+00	0.00e+00	3.99e-28	1.78e-24	4.27e-21	2.84e-17	2.29e-14	7.23e-12	9.69e-10	6.91e-08	2.64e-06	6.08e-05	1.44e-03	6.10e-02	3.38e-01	5.99e-01
 3.19898e+22	0.00e+00	0.00e+00	0.00e+00	8.08e-32	5.76e-28	2.50e-24	5.83e-21	3.77e-17	2.94e-14	9.02e-12	1.17e-09	8.13e-08	3.01e-06	6.74e-05	1.55e-03	6.38e-02	3.44e-01	5.91e-01
 3.22369e+22	0.00e+00	0.00e+00	0.00e+00	1.32e-31	9.12e-28	3.82e-24	8.61e-21	5.36e-17	4.04e-14	1.19e-11	1.49e-09	9.96e-08	3.55e-06	7.67e-05	1.70e-03	6.75e-02	3.50e-01	5.80e-01
 3.25013e+22	0.00e+00	0.00e+00	0.00e+00	2.18e-31	1.44e-27	5.84e-24	1.27e-20	7.62e-17	5.53e-14	1.57e-11	1.90e-09	1.22e-07	4.20e-06	8.74e-05	1.87e-03	7.14e-02	3.57e-01	5.70e-01
 3.27379e+22	0.00e+00	0.00e+00	0.00e+00	3.32e-31	2.14e-27	8.42e-24	1.77e-20	1.03e-16	7.24e-14	2.00e-11	2.33e-09	1.45e-07	4.84e-06	9.75e-05	2.02e-03	7.48e-02	3.63e-01	5.60e-01
 3.29952e+22	0.00e+00	0.00e+00	0.00e+00	5.71e-31	3.54e-27	1.34e-23	2.71e-20	1.51e-16	1.02e-13	2.70e-11	3.04e-09	1.81e-07	5.80e-06	1.12e-04	2.23e-03	7.95e-02	3.70e-01	5.49e-01
 3.32640e+22	0.00e+00	0.00e+00	0.00e+00	9.15e-31	5.49e-27	2.00e-23	3.92e-20	2.12e-16	1.38e-13	3.52e-11	3.82e-09	2.20e-07	6.79e-06	1.27e-04	2.44e-03	8.37e-02	3.76e-01	5.38e-01
 3.34991e+22	0.00e+00	0.00e+00	0.00e+00	1.42e-30	8.24e-27	2.91e-23	5.52e-20	2.88e-16	1.82e-13	4.50e-11	4.72e-09	2.64e-07	7.87e-06	1.42e-04	2.64e-03	8.78e-02	3.81e-01	5.28e-01
 3.37219e+22	0.00e+00	0.00e+00	0.00e+00	2.16e-30	1.22e-26	4.18e-23	7.68e-20	3.89e-16	2.38e-13	5.69e-11	5.79e-09	3.13e-07	9.06e-06	1.59e-04	2.85e-03	9.19e-02	3.87e-01	5.19e-01
 3.39771e+22	0.00e+00	0.00e+00	0.00e+00	3.71e-30	2.01e-26	6.63e-23	1.17e-19	5.71e-16	3.35e-13	7.70e-11	7.52e-09	3.91e-07	1.09e-05	1.82e-04	3.15e-03	9.74e-02	3.93e-01	5.06e-01
 3.42390e+22	0.00e+00	0.00e+00	0.00e+00	5.79e-30	3.04e-26	9.70e-23	1.66e-19	7.82e-16	4.44e-13	9.88e-11	9.33e-09	4.69e-07	1.26e-05	2.04e-04	3.41e-03	1.02e-01	3.98e-01	4.96e-01
 3.45097e+22	0.00e+00	0.00e+00	0.00e+00	5.50e-30	2.77e-26	8.49e-23	2.54e-19	1.15e-15	6.28e-13	1.34e-10	1.22e-08	5.87e-07	1.51e-05	2.35e-04	3.77e-03	1.08e-01	4.05e-01	4.83e-01
 3.47759e+22	0.00e+00	0.00e+00	0.00e+00	8.87e-30	4.31e-26	1.27e-22	3.68e-19	1.61e-15	8.49e-13	1.75e-10	1.53e-08	7.14e-07	1.77e-05	2.66e-04	4.11e-03	1.14e-01	4.10e-01	4.72e-01
 3.49884e+22	0.00e+00	0.00e+00	0.00e+00	1.30e-29	6.13e-26	1.76e-22	4.95e-19	2.11e-15	1.08e-12	2.16e-10	1.84e-08	8.33e-07	2.01e-05	2.93e-04	4.40e-03	1.18e-01	4.14e-01	4.63e-01
 3.52168e+22	0.00e+00	0.00e+00	0.00e+00	2.11e-29	9.61e-26	2.66e-22	7.19e-19	2.96e-15	1.47e-12	2.84e-10	2.33e-08	1.02e-06	2.36e-05	3.32e-04	4.79e-03	1.24e-01	4.19e-01	4.51e-01
 3.54606e+22	0.00e+00	0.00e+00	0.00e+00	3.29e-29	1.45e-25	3.88e-22	1.01e-18	4.05e-15	1.94e-12	3.63e-10	2.89e-08	1.22e-06	2.74e-05	3.72e-04	5.19e-03	1.30e-01	4.24e-01	4.41e-01
 3.56893e+22	0.00e+00	0.00e+00	0.00e+00	5.10e-29	2.17e-25	5.63e-22	1.42e-18	5.51e-15	2.55e-12	4.64e-10	3.56e-08	1.46e-06	3.17e-05	4.16e-04	5.61e-03	1.36e-01	4.28e-01	4.30e-01
 3.59515e+22	0.00e+00	0.00e+00	0.00e+00	9.00e-29	3.68e-25	9.11e-22	2.19e-18	8.19e-15	3.65e-12	6.36e-10	4.69e-08	1.84e-06	3.83e-05	4.80e-04	6.20e-03	1.44e-01	4.33e-01	4.17e-01
 3.62145e+22	0.00e+00	0.00e+00	0.00e+00	1.43e-28	5.62e-25	1.35e-21	3.12e-18	1.13e-14	4.87e-12	8.20e-10	5.85e-08	2.22e-06	4.46e-05	5.39e-04	6.71e-03	1.50e-01	4.37e-01	4.06e-01
 3.64346e+22	0.00e+00	0.00e+00	0.00e+00	2.20e-28	8.37e-25	1.94e-21	4.34e-18	1.53e-14	6.38e-12	1.04e-09	7.20e-08	2.64e-06	5.16e-05	6.02e-04	7.24e-03	1.57e-01	4.40e-01	3.95e-01
 3.66420e+22	0.00e+00	0.00e+00	0.00e+00	3.26e-28	1.20e-24	2.70e-21	5.87e-18	2.01e-14	8.17e-12	1.30e-09	8.70e-08	3.10e-06	5.87e-05	6.64e-04	7.75e-03	1.63e-01	4.43e-01	3.86e-01
 3.68768e+22	0.00e+00	0.00e+00	4.23e-32	5.38e-28	1.91e-24	4.12e-21	8.59e-18	2.84e-14	1.12e-11	1.71e-09	1.11e-07	3.81e-06	6.93e-05	7.53e-04	8.45e-03	1.70e-01	4.47e-01	3.74e-01
 3.71223e+22	0.00e+00	0.00e+00	6.93e-32	8.50e-28	2.91e-24	6.05e-21	1.22e-17	3.91e-14	1.49e-11	2.20e-09	1.38e-07	4.59e-06	8.07e-05	8.45e-04	9.14e-03	1.78e-01	4.49e-01	3.63e-01
 3.73422e+22	0.00e+00	0.00e+00	1.11e-31	1.31e-27	4.34e-24	8.70e-21	1.69e-17	5.27e-14	1.95e-11	2.80e-09	1.70e-07	5.48e-06	9.33e-05	9.43e-04	9.85e-03	1.85e-01	4.52e-01	3.52e-01
 3.75883e+22	0.00e+00	0.00e+00	1.98e-31	2.25e-27	7.13e-24	1.37e-20	2.53e-17	7.65e-14	2.72e-11	3.78e-09	2.20e-07	6.83e-06	1.11e-04	1.08e-03	1.08e-02	1.94e-01	4.54e-01	3.39e-01
 3.78305e+22	0.00e+00	0.00e+00	3.17e-31	3.48e-27	1.06e-23	1.97e-20	3.51e-17	1.03e-13	3.57e-11	4.80e-09	2.71e-07	8.15e-06	1.29e-04	1.20e-03	1.16e-02	2.02e-01	4.56e-01	3.29e-01
 3.80310e+22	0.00e+00	0.00e+00	4.81e-31	5.13e-27	1.52e-23	2.72e-20	4.70e-17	1.35e-13	4.54e-11	5.94e-09	3.27e-07	9.53e-06	1.46e-04	1.32e-03	1.24e-02	2.09e-01	4.57e-01	3.20e-01
 3.82552e+22	0.00e+00	0.00e+00	8.24e-31	8.45e-27	2.40e-23	4.12e-20	6.82e-17	1.90e-13	6.19e-11	7.82e-09	4.15e-07	1.17e-05	1.73e-04	1.50e-03	1.35e-02	2.18e-01	4.59e-01	3.08e-01
 3.84862e+22	0.00e+00	0.00e+00	1.32e-30	1.31e-26	3.57e-23	5.91e-20	9.42e-17	2.56e-13	8.10e-11	9.94e-09	5.11e-07	1.40e-05	1.99e-04	1.67e-03	1.45e-02	2.27e-01	4.59e-01	2.98e-01
 3.86912e+22	0.00e+00	0.00e+00	2.05e-30	1.97e-26	5.20e-23	8.30e-20	1.28e-16	3.39e-13	1.04e-10	1.25e-08	6.22e-07	1.65e-05	2.28e-04	1.84e-03	1.55e-02	2.34e-01	4.60e-01	2.88e-01
 3.89227e+22	0.00e+00	0.00e+00	3.60e-30	3.30e-26	8.35e-23	1.28e-19	1.88e-16	4.83e-13	1.44e-10	1.66e-08	7.97e-07	2.03e-05	2.70e-04	2.09e-03	1.68e-02	2.45e-01	4.60e-01	2.76e-01
 3.91530e+22	0.00e+00	0.00e+00	5.73e-30	5.08e-26	1.24e-22	1.82e-19	2.57e-16	6.46e-13	1.87e-10	2.10e-08	9.79e-07	2.42e-05	3.12e-04	2.33e-03	1.80e-02	2.53e-01	4.59e-01	2.67e-01
 3.93471e+22	0.00e+00	0.00e+00	8.76e-30	7.51e-26	1.77e-22	2.52e-19	3.44e-16	8.44e-13	2.38e-10	2.60e-08	1.18e-06	2.84e-05	3.54e-04	2.56e-03	1.92e-02	2.61e-01	4.59e-01	2.58e-01
 3.95647e+22	0.00e+00	0.00e+00	1.47e-29	1.21e-25	2.74e-22	3.73e-19	4.89e-16	1.17e-12	3.20e-10	3.38e-08	1.48e-06	3.45e-05	4.15e-04	2.87e-03	2.07e-02	2.71e-01	4.58e-01	2.47e-01
 3.97903e+22	0.00e+00	0.00e+00	2.34e-29	1.86e-25	4.05e-22	5.32e-19	6.71e-16	1.56e-12	4.17e-10	4.28e-08	1.82e-06	4.11e-05	4.77e-04	3.19e-03	2.22e-02	2.80e-01	4.56e-01	2.38e-01
 3.99911e+22	0.00e+00	0.00e+00	3.68e-29	2.82e-25	5.92e-22	7.48e-19	9.09e-16	2.07e-12	5.39e-10	5.37e-08	2.22e-06	4.86e-05	5.47e-04	3.52e-03	2.36e-02	2.89e-01	4.54e-01	2.29e-01
 4.01870e+22	0.00e+00	0.00e+00	5.72e-29	4.24e-25	8.57e-22	1.05e-18	1.22e-15	2.73e-12	6.91e-10	6.71e-08	2.69e-06	5.73e-05	6.24e-04	3.88e-03	2.52e-02	2.97e-01	4.52e-01	2.20e-01
 4.03787e+22	0.00e+00	0.00e+00	8.70e-29	6.24e-25	1.22e-21	1.44e-18	1.62e-15	3.54e-12	8.76e-10	8.30e-08	3.24e-06	6.70e-05	7.08e-04	4.26e-03	2.67e-02	3.06e-01	4.50e-01	2.12e-01
 4.05950e+22	0.00e+00	0.00e+00	1.48e-28	1.02e-24	1.90e-21	2.14e-18	2.31e-15	4.92e-12	1.18e-09	1.08e-07	4.08e-06	8.15e-05	8.30e-04	4.78e-03	2.88e-02	3.16e-01	4.47e-01	2.02e-01
 4.08164e+22	0.00e+00	0.00e+00	2.36e-28	1.56e-24	2.81e-21	3.04e-18	3.15e-15	6.57e-12	1.54e-09	1.37e-07	5.01e-06	9.71e-05	9.55e-04	5.30e-03	3.07e-02	3.26e-01	4.44e-01	1.94e-01
 4.10093e+22	0.00e+00	0.00e+00	3.60e-28	2.31e-24	4.01e-21	4.18e-18	4.19e-15	8.56e-12	1.95e-09	1.70e-07	6.03e-06	1.14e-04	1.08e-03	5.81e-03	3.25e-02	3.34e-01	4.40e-01	1.86e-01
 4.12245e+22	0.00e+00	2.34e-32	6.07e-28	3.74e-24	6.20e-21	6.19e-18	5.92e-15	1.18e-11	2.62e-09	2.21e-07	7.58e-06	1.38e-04	1.26e-03	6.50e-03	3.49e-02	3.45e-01	4.36e-01	1.77e-01
 4.14457e+22	0.00e+00	3.89e-32	9.71e-28	5.75e-24	9.17e-21	8.79e-18	8.07e-15	1.58e-11	3.41e-09	2.79e-07	9.30e-06	1.64e-04	1.45e-03	7.19e-03	3.72e-02	3.54e-01	4.31e-01	1.69e-01
 4.16372e+22	0.00e+00	6.18e-32	1.49e-27	8.52e-24	1.31e-20	1.21e-17	1.07e-14	2.05e-11	4.34e-09	3.46e-07	1.12e-05	1.92e-04	1.65e-03	7.87e-03	3.93e-02	3.62e-01	4.27e-01	1.62e-01
 4.18491e+22	0.00e+00	1.09e-31	2.51e-27	1.38e-23	2.03e-20	1.79e-17	1.51e-14	2.83e-11	5.82e-09	4.49e-07	1.41e-05	2.33e-04	1.92e-03	8.79e-03	4.21e-02	3.73e-01	4.21e-01	1.53e-01
 4.20694e+22	0.00e+00	1.81e-31	4.00e-27	2.12e-23	2.99e-20	2.53e-17	2.05e-14	3.77e-11	7.56e-09	5.68e-07	1.72e-05	2.76e-04	2.21e-03	9.70e-03	4.47e-02	3.82e-01	4.16e-01	1.46e-01
 4.22629e+22	0.00e+00	2.90e-31	6.19e-27	3.16e-23	4.29e-20	3.50e-17	2.73e-14	4.92e-11	9.63e-09	7.06e-07	2.08e-05	3.24e-04	2.51e-03	1.06e-02	4.73e-02	3.90e-01	4.10e-01	1.39e-01
 4.24766e+22	0.00e+00	5.12e-31	1.05e-26	5.11e-23	6.64e-20	5.17e-17	3.85e-14	6.79e-11	1.29e-08	9.18e-07	2.61e-05	3.93e-04	2.92e-03	1.18e-02	5.05e-02	4.00e-01	4.03e-01	1.31e-01
 4.26993e+22	0.00e+00	8.67e-31	1.70e-26	7.97e-23	9.91e-20	7.39e-17	5.26e-14	9.12e-11	1.69e-08	1.17e-06	3.23e-05	4.69e-04	3.36e-03	1.31e-02	5.36e-02	4.09e-01	3.97e-01	1.24e-01
 4.28967e+22	0.00e+00	1.39e-30	2.63e-26	1.19e-22	1.42e-19	1.02e-16	6.98e-14	1.19e-10	2.16e-08	1.45e-06	3.90e-05	5.50e-04	3.81e-03	1.43e-02	5.65e-02	4.17e-01	3.90e-01	1.18e-01
 4.31166e+22	0.00e+00	2.51e-30	4.52e-26	1.96e-22	2.23e-19	1.53e-16	9.93e-14	1.66e-10	2.93e-08	1.91e-06	4.93e-05	6.70e-04	4.46e-03	1.60e-02	6.03e-02	4.26e-01	3.82e-01	1.10e-01
 4.33379e+22	0.00e+00	4.09e-30	7.09e-26	2.96e-22	3.24e-19	2.13e-16	1.33e-13	2.18e-10	3.76e-08	2.38e-06	5.98e-05	7.88e-04	5.06e-03	1.75e-02	6.36e-02	4.34e-01	3.75e-01	1.04e-01
 4.35243e+22	0.00e+00	6.39e-30	1.07e-25	4.31e-22	4.55e-19	2.87e-16	1.73e-13	2.80e-10	4.72e-08	2.93e-06	7.13e-05	9.14e-04	5.69e-03	1.90e-02	6.67e-02	4.41e-01	3.68e-01	9.91e-02
 4.37300e+22	0.00e+00	1.15e-29	1.84e-25	7.08e-22	7.10e-19	4.26e-16	2.43e-13	3.88e-10	6.38e-08	3.83e-06	9.01e-05	1.11e-03	6.65e-03	2.12e-02	7.09e-02	4.49e-01	3.59e-01	9.24e-02
 4.39336e+22	0.00e+00	1.78e-29	2.74e-25	1.02e-21	9.87e-19	5.71e-16	3.14e-13	4.94e-10	7.96e-08	4.67e-06	1.07e-04	1.29e-03	7.44e-03	2.29e-02	7.41e-02	4.55e-01	3.52e-01	8.76e-02
 4.40997e+22	0.00e+00	2.67e-29	3.98e-25	1.43e-21	1.34e-18	7.47e-16	3.96e-13	6.17e-10	9.77e-08	5.62e-06	1.26e-04	1.47e-03	8.27e-03	2.46e-02	7.72e-02	4.60e-01	3.45e-01	8.34e-02
 4.42548e+22	0.00e+00	3.97e-29	5.73e-25	2.00e-21	1.80e-18	9.71e-16	4.98e-13	7.67e-10	1.19e-07	6.73e-06	1.47e-04	1.68e-03	9.16e-03	2.64e-02	8.03e-02	4.65e-01	3.38e-01	7.93e-02
 4.44302e+22	0.00e+00	6.40e-29	8.88e-25	2.98e-21	2.58e-18	1.33e-15	6.56e-13	9.97e-10	1.52e-07	8.36e-06	1.77e-04	1.96e-03	1.04e-02	2.87e-02	8.41e-02	4.70e-01	3.30e-01	7.46e-02
 4.45985e+22	0.00e+00	9.28e-29	1.25e-24	4.06e-21	3.41e-18	1.70e-15	8.09e-13	1.22e-09	1.84e-07	9.89e-06	2.05e-04	2.21e-03	1.14e-02	3.06e-02	8.71e-02	4.74e-01	3.23e-01	7.11e-02
 4.47317e+22	0.00e+00	1.32e-28	1.72e-24	5.43e-21	4.42e-18	2.14e-15	9.85e-13	1.48e-09	2.19e-07	1.16e-05	2.35e-04	2.48e-03	1.24e-02	3.26e-02	8.99e-02	4.78e-01	3.17e-01	6.79e-02
 4.48591e+22	0.00e+00	1.78e-28	2.27e-24	6.99e-21	5.54e-18	2.61e-15	1.17e-12	1.74e-09	2.55e-07	1.33e-05	2.64e-04	2.74e-03	1.34e-02	3.43e-02	9.25e-02	4.80e-01	3.11e-01	6.52e-02
 4.50051e+22	0.00e+00	2.68e-28	3.30e-24	9.84e-21	7.52e-18	3.41e-15	1.47e-12	2.18e-09	3.13e-07	1.60e-05	3.09e-04	3.13e-03	1.49e-02	3.68e-02	9.59e-02	4.84e-01	3.04e-01	6.16e-02
 4.51504e+22	0.00e+00	3.77e-28	4.51e-24	1.31e-20	9.68e-18	4.26e-15	1.78e-12	2.62e-09	3.72e-07	1.87e-05	3.53e-04	3.49e-03	1.62e-02	3.90e-02	9.88e-02	4.86e-01	2.97e-01	5.87e-02
 4.52713e+22	0.00e+00	5.17e-28	6.02e-24	1.70e-20	1.22e-17	5.23e-15	2.12e-12	3.10e-09	4.35e-07	2.15e-05	4.00e-04	3.87e-03	1.76e-02	4.11e-02	1.02e-01	4.88e-01	2.91e-01	5.62e-02
 4.54054e+22	0.00e+00	7.64e-28	8.61e-24	2.35e-20	1.63e-17	6.71e-15	2.63e-12	3.82e-09	5.29e-07	2.56e-05	4.65e-04	4.39e-03	1.93e-02	4.38e-02	1.05e-01	4.90e-01	2.84e-01	5.31e-02
 4.55428e+22	0.00e+00	1.05e-27	1.15e-23	3.07e-20	2.07e-17	8.26e-15	3.14e-12	4.54e-09	6.21e-07	2.96e-05	5.26e-04	4.86e-03	2.09e-02	4.62e-02	1.08e-01	4.92e-01	2.77e-01	5.06e-02
 4.56844e+22	0.00e+00	1.58e-27	1.67e-23	4.29e-20	2.79e-17	1.07e-14	3.92e-12	5.64e-09	7.60e-07	3.55e-05	6.15e-04	5.54e-03	2.31e-02	4.93e-02	1.11e-01	4.93e-01	2.69e-01	4.77e-02
 4.58217e+22	0.00e+00	2.15e-27	2.22e-23	5.55e-20	3.50e-17	1.31e-14	4.65e-12	6.66e-09	8.88e-07	4.08e-05	6.93e-04	6.11e-03	2.49e-02	5.19e-02	1.14e-01	4.94e-01	2.63e-01	4.55e-02
 4.59342e+22	0.00e+00	2.92e-27	2.93e-23	7.12e-20	4.36e-17	1.58e-14	5.45e-12	7.82e-09	1.03e-06	4.68e-05	7.79e-04	6.73e-03	2.68e-02	5.44e-02	1.17e-01	4.94e-01	2.57e-01	4.34e-02
 4.60613e+22	0.00e+00	4.25e-27	4.13e-23	9.71e-20	5.74e-17	2.01e-14	6.67e-12	9.54e-09	1.24e-06	5.53e-05	8.99e-04	7.58e-03	2.94e-02	5.77e-02	1.20e-01	4.94e-01	2.49e-01	4.09e-02
 4.61901e+22	0.00e+00	5.78e-27	5.46e-23	1.25e-19	7.19e-17	2.44e-14	7.87e-12	1.12e-08	1.45e-06	6.34e-05	1.01e-03	8.35e-03	3.16e-02	6.05e-02	1.22e-01	4.94e-01	2.43e-01	3.89e-02
 4.63210e+22	0.00e+00	8.73e-27	7.94e-23	1.75e-19	9.66e-17	3.14e-14	9.73e-12	1.39e-08	1.77e-06	7.62e-05	1.18e-03	9.50e-03	3.49e-02	6.45e-02	1.26e-01	4.93e-01	2.35e-01	3.63e-02
 4.64492e+22	0.00e+00	1.18e-26	1.04e-22	2.24e-19	1.20e-16	3.78e-14	1.14e-11	1.63e-08	2.05e-06	8.69e-05	1.32e-03	1.04e-02	3.74e-02	6.75e-02	1.28e-01	4.92e-01	2.29e-01	3.46e-02
 4.65739e+22	0.00e+00	1.73e-26	1.48e-22	3.07e-19	1.58e-16	4.80e-14	1.39e-11	1.99e-08	2.48e-06	1.03e-04	1.53e-03	1.18e-02	4.10e-02	7.15e-02	1.32e-01	4.89e-01	2.21e-01	3.23e-02
 4.67004e+22	0.00e+00	2.38e-26	1.98e-22	3.97e-19	1.98e-16	5.82e-14	1.63e-11	2.34e-08	2.89e-06	1.19e-04	1.73e-03	1.30e-02	4.41e-02	7.48e-02	1.34e-01	4.87e-01	2.14e-01	3.06e-02
 4.68065e+22	0.00e+00	3.16e-26	2.56e-22	5.00e-19	2.42e-16	6.91e-14	1.88e-11	2.71e-08	3.32e-06	1.34e-04	1.92e-03	1.41e-02	4.70e-02	7.79e-02	1.36e-01	4.85e-01	2.08e-01	2.91e-02
 4.69217e+22	0.00e+00	4.52e-26	3.54e-22	6.70e-19	3.13e-16	8.59e-14	2.25e-11	3.26e-08	3.95e-06	1.57e-04	2.20e-03	1.58e-02	5.10e-02	8.20e-02	1.39e-01	4.82e-01	2.01e-01	2.72e-02
 4.70383e+22	0.00e+00	6.12e-26	4.66e-22	8.55e-19	3.87e-16	1.03e-13	2.61e-11	3.80e-08	4.58e-06	1.80e-04	2.46e-03	1.73e-02	5.46e-02	8.55e-02	1.41e-01	4.78e-01	1.95e-01	2.58e-02
 4.71401e+22	0.00e+00	8.17e-26	6.05e-22	1.08e-18	4.75e-16	1.22e-13	3.01e-11	4.40e-08	5.26e-06	2.04e-04	2.74e-03	1.89e-02	5.82e-02	8.89e-02	1.43e-01	4.75e-01	1.89e-01	2.44e-02
 4.72557e+22	0.00e+00	1.19e-25	8.51e-22	1.46e-18	6.18e-16	1.53e-13	3.61e-11	5.32e-08	6.31e-06	2.40e-04	3.15e-03	2.11e-02	6.33e-02	9.35e-02	1.46e-01	4.70e-01	1.81e-01	2.27e-02
 4.73725e+22	0.00e+00	1.61e-25	1.12e-21	1.87e-18	7.63e-16	1.82e-13	4.18e-11	6.19e-08	7.29e-06	2.74e-04	3.52e-03	2.31e-02	6.76e-02	9.73e-02	1.47e-01	4.65e-01	1.75e-01	2.13e-02
 4.74751e+22	0.00e+00	2.18e-25	1.47e-21	2.38e-18	9.41e-16	2.17e-13	4.82e-11	7.20e-08	8.42e-06	3.12e-04	3.93e-03	2.52e-02	7.21e-02	1.01e-01	1.49e-01	4.60e-01	1.68e-01	2.01e-02
 4.75930e+22	0.00e+00	3.27e-25	2.12e-21	3.28e-18	1.24e-15	2.74e-13	5.80e-11	8.78e-08	1.02e-05	3.71e-04	4.55e-03	2.84e-02	7.86e-02	1.06e-01	1.51e-01	4.52e-01	1.60e-01	1.84e-02
 4.77088e+22	0.00e+00	4.35e-25	2.74e-21	4.13e-18	1.51e-15	3.23e-13	6.64e-11	1.01e-07	1.17e-05	4.20e-04	5.04e-03	3.08e-02	8.34e-02	1.10e-01	1.52e-01	4.46e-01	1.54e-01	1.74e-02
 4.78220e+22	0.00e+00	6.48e-25	3.92e-21	5.65e-18	1.98e-15	4.03e-13	7.93e-11	1.23e-07	1.41e-05	4.97e-04	5.81e-03	3.45e-02	9.04e-02	1.15e-01	1.54e-01	4.38e-01	1.46e-01	1.59e-02
 4.79352e+22	0.00e+00	8.64e-25	5.08e-21	7.11e-18	2.42e-15	4.75e-13	9.06e-11	1.41e-07	1.61e-05	5.62e-04	6.44e-03	3.74e-02	9.58e-02	1.19e-01	1.55e-01	4.31e-01	1.40e-01	1.49e-02
 4.80484e+22	0.00e+00	1.30e-24	7.31e-21	9.78e-18	3.17e-15	5.94e-13	1.08e-10	1.72e-07	1.94e-05	6.66e-04	7.42e-03	4.18e-02	1.04e-01	1.24e-01	1.56e-01	4.20e-01	1.32e-01	1.36e-02
 4.81618e+22	0.00e+00	1.74e-24	9.53e-21	1.24e-17	3.87e-15	7.01e-13	1.23e-10	1.98e-07	2.23e-05	7.53e-04	8.23e-03	4.53e-02	1.10e-01	1.28e-01	1.56e-01	4.12e-01	1.26e-01	1.26e-02
 4.82757e+22	0.00e+00	2.60e-24	1.37e-20	1.69e-17	5.06e-15	8.72e-13	1.46e-10	2.39e-07	2.68e-05	8.90e-04	9.45e-03	5.05e-02	1.18e-01	1.33e-01	1.57e-01	4.01e-01	1.19e-01	1.15e-02
 4.83888e+22	0.00e+00	3.53e-24	1.79e-20	2.15e-17	6.20e-15	1.03e-12	1.66e-10	2.76e-07	3.07e-05	1.01e-03	1.05e-02	5.47e-02	1.25e-01	1.37e-01	1.57e-01	3.92e-01	1.13e-01	1.06e-02
 4.84855e+22	0.00e+00	4.77e-24	2.35e-20	2.72e-17	7.56e-15	1.21e-12	1.89e-10	3.18e-07	3.52e-05	1.14e-03	1.16e-02	5.92e-02	1.32e-01	1.41e-01	1.56e-01	3.82e-01	1.07e-01	9.82e-03
 4.85958e+22	0.00e+00	7.07e-24	3.34e-20	3.69e-17	9.79e-15	1.49e-12	2.22e-10	3.81e-07	4.20e-05	1.34e-03	1.32e-02	6.54e-02	1.41e-01	1.45e-01	1.56e-01	3.69e-01	9.98e-02	8.84e-03
 4.87062e+22	0.00e+00	9.56e-24	4.37e-20	4.67e-17	1.19e-14	1.75e-12	2.51e-10	4.37e-07	4.80e-05	1.51e-03	1.46e-02	7.05e-02	1.49e-01	1.49e-01	1.55e-01	3.59e-01	9.44e-02	8.14e-03
 4.88167e+22	0.00e+00	1.42e-23	6.22e-20	6.35e-17	1.55e-14	2.15e-12	2.94e-10	5.22e-07	5.70e-05	1.76e-03	1.66e-02	7.77e-02	1.58e-01	1.53e-01	1.53e-01	3.45e-01	8.74e-02	7.28e-03
 4.89291e+22	0.00e+00	1.95e-23	8.24e-20	8.10e-17	1.90e-14	2.53e-12	3.34e-10	6.01e-07	6.53e-05	1.99e-03	1.84e-02	8.37e-02	1.66e-01	1.56e-01	1.52e-01	3.33e-01	8.21e-02	6.64e-03
 4.90442e+22	0.00e+00	2.94e-23	1.19e-19	1.11e-16	2.48e-14	3.13e-12	3.93e-10	7.21e-07	7.78e-05	2.33e-03	2.09e-02	9.20e-02	1.77e-01	1.60e-01	1.50e-01	3.18e-01	7.53e-02	5.87e-03
 4.91597e+22	0.00e+00	4.03e-23	1.58e-19	1.42e-16	3.04e-14	3.69e-12	4.44e-10	8.26e-07	8.88e-05	2.63e-03	2.30e-02	9.87e-02	1.85e-01	1.62e-01	1.47e-01	3.05e-01	7.03e-02	5.32e-03
 4.92592e+22	0.00e+00	5.49e-23	2.07e-19	1.80e-16	3.71e-14	4.32e-12	5.01e-10	9.43e-07	1.01e-04	2.95e-03	2.52e-02	1.06e-01	1.93e-01	1.64e-01	1.45e-01	2.93e-01	6.56e-02	4.83e-03
 4.93723e+22	0.00e+00	8.20e-23	2.97e-19	2.45e-16	4.79e-14	5.30e-12	5.84e-10	1.12e-06	1.19e-04	3.42e-03	2.84e-02	1.15e-01	2.03e-01	1.67e-01	1.42e-01	2.78e-01	5.98e-02	4.23e-03
 4.94852e+22	0.00e+00	1.11e-22	3.87e-19	3.08e-16	5.81e-14	6.18e-12	6.56e-10	1.26e-06	1.34e-04	3.80e-03	3.10e-02	1.22e-01	2.10e-01	1.68e-01	1.39e-01	2.66e-01	5.56e-02	3.83e-03
 4.95979e+22	0.00e+00	1.65e-22	5.51e-19	4.18e-16	7.49e-14	7.55e-12	7.63e-10	1.49e-06	1.56e-04	4.37e-03	3.46e-02	1.32e-01	2.20e-01	1.70e-01	1.35e-01	2.50e-01	5.04e-02	3.34e-03
 4.97102e+22	0.00e+00	2.19e-22	7.11e-19	5.21e-16	9.01e-14	8.75e-12	8.54e-10	1.67e-06	1.75e-04	4.83e-03	3.74e-02	1.39e-01	2.26e-01	1.70e-01	1.32e-01	2.39e-01	4.68e-02	3.02e-03
 4.98220e+22	0.00e+00	3.21e-22	1.00e-18	6.99e-16	1.15e-13	1.06e-11	9.88e-10	1.94e-06	2.02e-04	5.50e-03	4.15e-02	1.49e-01	2.35e-01	1.71e-01	1.28e-01	2.24e-01	4.23e-02	2.63e-03
 4.99360e+22	0.00e+00	4.31e-22	1.30e-18	8.76e-16	1.39e-13	1.24e-11	1.11e-09	2.18e-06	2.25e-04	6.06e-03	4.48e-02	1.57e-01	2.42e-01	1.71e-01	1.24e-01	2.13e-01	3.91e-02	2.36e-03
 5.00530e+22	0.00e+00	6.37e-22	1.84e-18	1.18e-15	1.79e-13	1.51e-11	1.29e-09	2.53e-06	2.59e-04	6.88e-03	4.94e-02	1.68e-01	2.50e-01	1.70e-01	1.20e-01	1.99e-01	3.50e-02	2.04e-03
 5.01724e+22	0.00e+00	8.57e-22	2.40e-18	1.49e-15	2.17e-13	1.76e-11	1.45e-09	2.83e-06	2.89e-04	7.56e-03	5.32e-02	1.76e-01	2.55e-01	1.70e-01	1.16e-01	1.88e-01	3.22e-02	1.82e-03
 5.02950e+22	0.00e+00	1.27e-21	3.40e-18	2.01e-15	2.80e-13	2.16e-11	1.69e-09	3.27e-06	3.31e-04	8.53e-03	5.84e-02	1.87e-01	2.62e-01	1.68e-01	1.11e-01	1.74e-01	2.87e-02	1.56e-03
 5.04213e+22	0.00e+00	1.73e-21	4.48e-18	2.55e-15	3.43e-13	2.54e-11	1.91e-09	3.67e-06	3.68e-04	9.37e-03	6.28e-02	1.95e-01	2.67e-01	1.67e-01	1.07e-01	1.64e-01	2.61e-02	1.37e-03
 5.05330e+22	0.00e+00	2.32e-21	5.83e-18	3.21e-15	4.16e-13	2.96e-11	2.16e-09	4.09e-06	4.07e-04	1.02e-02	6.71e-02	2.04e-01	2.72e-01	1.65e-01	1.03e-01	1.54e-01	2.38e-02	1.22e-03
 5.06591e+22	4.64e-33	3.38e-21	8.18e-18	4.30e-15	5.32e-13	3.62e-11	2.51e-09	4.68e-06	4.61e-04	1.14e-02	7.30e-02	2.14e-01	2.77e-01	1.62e-01	9.78e-02	1.42e-01	2.11e-02	1.04e-03
 5.07868e+22	6.37e-33	4.53e-21	1.06e-17	5.39e-15	6.45e-13	4.22e-11	2.83e-09	5.20e-06	5.07e-04	1.24e-02	7.77e-02	2.22e-01	2.80e-01	1.60e-01	9.39e-02	1.33e-01	1.92e-02	9.18e-04
 5.09165e+22	9.58e-33	6.57e-21	1.48e-17	7.21e-15	8.25e-13	5.15e-11	3.30e-09	5.93e-06	5.71e-04	1.38e-02	8.40e-02	2.32e-01	2.84e-01	1.57e-01	8.90e-02	1.22e-01	1.70e-02	7.81e-04
 5.10500e+22	1.33e-32	8.86e-21	1.94e-17	9.10e-15	1.01e-12	6.05e-11	3.74e-09	6.58e-06	6.28e-04	1.50e-02	8.93e-02	2.40e-01	2.86e-01	1.54e-01	8.50e-02	1.14e-01	1.53e-02	6.84e-04
 5.11698e+22	1.83e-32	1.19e-20	2.52e-17	1.14e-14	1.22e-12	7.08e-11	4.22e-09	7.29e-06	6.88e-04	1.62e-02	9.47e-02	2.48e-01	2.88e-01	1.51e-01	8.12e-02	1.07e-01	1.39e-02	6.00e-04
 5.13072e+22	2.75e-32	1.72e-20	3.52e-17	1.53e-14	1.57e-12	8.67e-11	4.94e-09	8.29e-06	7.72e-04	1.79e-02	1.02e-01	2.57e-01	2.90e-01	1.46e-01	7.64e-02	9.72e-02	1.22e-02	5.06e-04
 5.14454e+22	3.76e-32	2.29e-20	4.54e-17	1.91e-14	1.89e-12	1.01e-10	5.58e-09	9.14e-06	8.42e-04	1.92e-02	1.07e-01	2.65e-01	2.90e-01	1.43e-01	7.28e-02	9.05e-02	1.10e-02	4.44e-04
 5.15848e+22	5.64e-32	3.31e-20	6.33e-17	2.55e-14	2.42e-12	1.24e-10	6.53e-09	1.04e-05	9.40e-04	2.11e-02	1.15e-01	2.73e-01	2.91e-01	1.38e-01	6.83e-02	8.22e-02	9.60e-03	3.73e-04
 5.17263e+22	7.69e-32	4.37e-20	8.13e-17	3.18e-14	2.93e-12	1.45e-10	7.37e-09	1.14e-05	1.02e-03	2.27e-02	1.21e-01	2.80e-01	2.90e-01	1.35e-01	6.49e-02	7.64e-02	8.65e-03	3.26e-04
 5.18488e+22	1.03e-31	5.71e-20	1.03e-16	3.92e-14	3.51e-12	1.67e-10	8.28e-09	1.25e-05	1.11e-03	2.42e-02	1.27e-01	2.86e-01	2.90e-01	1.31e-01	6.18e-02	7.11e-02	7.82e-03	2.86e-04
 5.19861e+22	1.51e-31	8.04e-20	1.41e-16	5.14e-14	4.42e-12	2.03e-10	9.61e-09	1.40e-05	1.22e-03	2.63e-02	1.34e-01	2.94e-01	2.89e-01	1.26e-01	5.79e-02	6.47e-02	6.85e-03	2.42e-04
 5.21228e+22	2.00e-31	1.04e-19	1.77e-16	6.28e-14	5.25e-12	2.33e-10	1.07e-08	1.53e-05	1.31e-03	2.80e-02	1.40e-01	2.99e-01	2.87e-01	1.23e-01	5.51e-02	6.02e-02	6.20e-03	2.13e-04
 5.22586e+22	2.87e-31	1.43e-19	2.37e-16	8.12e-14	6.55e-12	2.80e-10	1.24e-08	1.71e-05	1.44e-03	3.02e-02	1.48e-01	3.05e-01	2.85e-01	1.18e-01	5.16e-02	5.49e-02	5.45e-03	1.80e-04
 5.23973e+22	3.84e-31	1.86e-19	3.00e-16	9.98e-14	7.82e-12	3.24e-10	1.39e-08	1.87e-05	1.56e-03	3.21e-02	1.54e-01	3.10e-01	2.83e-01	1.14e-01	4.89e-02	5.08e-02	4.91e-03	1.58e-04
 5.25400e+22	5.60e-31	2.61e-19	4.07e-16	1.30e-13	9.84e-12	3.92e-10	1.62e-08	2.09e-05	1.71e-03	3.47e-02	1.62e-01	3.16e-01	2.80e-01	1.10e-01	4.55e-02	4.60e-02	4.27e-03	1.32e-04
 5.26836e+22	7.41e-31	3.34e-19	5.10e-16	1.59e-13	1.17e-11	4.52e-10	1.81e-08	2.28e-05	1.84e-03	3.68e-02	1.69e-01	3.20e-01	2.77e-01	1.06e-01	4.31e-02	4.26e-02	3.85e-03	1.16e-04
 5.28284e+22	1.08e-30	4.66e-19	6.88e-16	2.07e-13	1.47e-11	5.45e-10	2.10e-08	2.55e-05	2.01e-03	3.96e-02	1.77e-01	3.25e-01	2.73e-01	1.01e-01	4.00e-02	3.84e-02	3.34e-03	9.68e-05
 5.29699e+22	1.39e-30	5.86e-19	8.46e-16	2.49e-13	1.72e-11	6.22e-10	2.34e-08	2.76e-05	2.15e-03	4.17e-02	1.83e-01	3.28e-01	2.70e-01	9.78e-02	3.80e-02	3.58e-02	3.03e-03	8.56e-05
 5.31070e+22	1.97e-30	7.96e-19	1.12e-15	3.17e-13	2.12e-11	7.41e-10	2.69e-08	3.06e-05	2.34e-03	4.46e-02	1.92e-01	3.32e-01	2.65e-01	9.34e-02	3.54e-02	3.24e-02	2.65e-03	7.23e-05
 5.32468e+22	2.56e-30	1.00e-18	1.38e-15	3.82e-13	2.50e-11	8.48e-10	2.99e-08	3.32e-05	2.50e-03	4.69e-02	1.98e-01	3.35e-01	2.62e-01	9.00e-02	3.35e-02	3.01e-02	2.39e-03	6.36e-05
 5.33901e+22	3.63e-30	1.37e-18	1.82e-15	4.89e-13	3.09e-11	1.01e-09	3.45e-08	3.69e-05	2.72e-03	5.01e-02	2.06e-01	3.38e-01	2.57e-01	8.57e-02	3.11e-02	2.72e-02	2.08e-03	5.34e-05
 5.35360e+22	4.76e-30	1.73e-18	2.26e-15	5.92e-13	3.65e-11	1.16e-09	3.86e-08	4.01e-05	2.91e-03	5.28e-02	2.13e-01	3.40e-01	2.52e-01	8.23e-02	2.93e-02	2.51e-02	1.87e-03	4.67e-05
 5.36853e+22	6.78e-30	2.37e-18	3.00e-15	7.61e-13	4.54e-11	1.40e-09	4.46e-08	4.46e-05	3.17e-03	5.64e-02	2.22e-01	3.43e-01	2.47e-01	7.80e-02	2.71e-02	2.26e-02	1.62e-03	3.90e-05
 5.38372e+22	8.93e-30	3.01e-18	3.74e-15	9.24e-13	5.37e-11	1.61e-09	5.00e-08	4.86e-05	3.39e-03	5.93e-02	2.29e-01	3.44e-01	2.42e-01	7.48e-02	2.55e-02	2.08e-02	1.45e-03	3.39e-05
 5.39927e+22	1.28e-29	4.13e-18	4.98e-15	1.19e-12	6.70e-11	1.93e-09	5.80e-08	5.43e-05	3.69e-03	6.33e-02	2.38e-01	3.45e-01	2.36e-01	7.06e-02	2.35e-02	1.86e-02	1.25e-03	2.82e-05
 5.41513e+22	1.70e-29	5.27e-18	6.22e-15	1.45e-12	7.96e-11	2.24e-09	6.52e-08	5.92e-05	3.96e-03	6.65e-02	2.45e-01	3.46e-01	2.31e-01	6.74e-02	2.20e-02	1.70e-02	1.11e-03	2.44e-05
 5.43140e+22	2.44e-29	7.23e-18	8.29e-15	1.87e-12	9.95e-11	2.70e-09	7.59e-08	6.63e-05	4.32e-03	7.09e-02	2.54e-01	3.47e-01	2.24e-01	6.34e-02	2.02e-02	1.52e-02	9.57e-04	2.02e-05
 5.44814e+22	3.28e-29	9.36e-18	1.05e-14	2.31e-12	1.19e-10	3.14e-09	8.59e-08	7.27e-05	4.63e-03	7.47e-02	2.62e-01	3.47e-01	2.18e-01	6.03e-02	1.88e-02	1.38e-02	8.45e-04	1.73e-05
 5.46548e+22	4.78e-29	1.30e-17	1.41e-14	3.00e-12	1.50e-10	3.81e-09	1.01e-07	8.17e-05	5.07e-03	7.97e-02	2.71e-01	3.46e-01	2.11e-01	5.64e-02	1.72e-02	1.23e-02	7.20e-04	1.41e-05
 5.48232e+22	6.25e-29	1.63e-17	1.74e-14	3.62e-12	1.77e-10	4.38e-09	1.13e-07	8.89e-05	5.40e-03	8.34e-02	2.78e-01	3.46e-01	2.06e-01	5.37e-02	1.61e-02	1.13e-02	6.42e-04	1.23e-05
 5.49852e+22	8.91e-29	2.22e-17	2.30e-14	4.64e-12	2.20e-10	5.26e-09	1.30e-07	9.91e-05	5.87e-03	8.85e-02	2.87e-01	3.44e-01	1.99e-01	5.03e-02	1.47e-02	1.00e-02	5.50e-04	1.01e-05
 5.51504e+22	1.17e-28	2.81e-17	2.86e-14	5.63e-12	2.60e-10	6.06e-09	1.46e-07	1.08e-04	6.27e-03	9.26e-02	2.94e-01	3.43e-01	1.93e-01	4.78e-02	1.37e-02	9.14e-03	4.88e-04	8.74e-06
 5.53196e+22	1.65e-28	3.77e-17	3.73e-14	7.14e-12	3.21e-10	7.23e-09	1.69e-07	1.20e-04	6.79e-03	9.79e-02	3.02e-01	3.41e-01	1.87e-01	4.47e-02	1.25e-02	8.16e-03	4.20e-04	7.27e-06
 5.54984e+22	2.27e-28	4.94e-17	4.78e-14	8.91e-12	3.89e-10	8.51e-09	1.93e-07	1.33e-04	7.31e-03	1.03e-01	3.10e-01	3.39e-01	1.80e-01	4.20e-02	1.16e-02	7.33e-03	3.65e-04	6.11e-06
 5.56626e+22	3.05e-28	6.35e-17	6.01e-14	1.09e-11	4.66e-10	9.91e-09	2.18e-07	1.46e-04	7.83e-03	1.08e-01	3.17e-01	3.36e-01	1.74e-01	3.96e-02	1.07e-02	6.63e-03	3.20e-04	5.19e-06
 5.58489e+22	4.41e-28	8.69e-17	8.00e-14	1.41e-11	5.82e-10	1.20e-08	2.55e-07	1.63e-04	8.53e-03	1.14e-01	3.25e-01	3.32e-01	1.67e-01	3.68e-02	9.69e-03	5.84e-03	2.72e-04	4.24e-06
 5.60462e+22	6.23e-28	1.16e-16	1.04e-13	1.79e-11	7.17e-10	1.43e-08	2.94e-07	1.82e-04	9.22e-03	1.20e-01	3.33e-01	3.29e-01	1.60e-01	3.42e-02	8.82e-03	5.18e-03	2.32e-04	3.50e-06
 5.62290e+22	8.59e-28	1.53e-16	1.34e-13	2.24e-11	8.71e-10	1.68e-08	3.37e-07	2.01e-04	9.92e-03	1.26e-01	3.40e-01	3.25e-01	1.54e-01	3.20e-02	8.08e-03	4.63e-03	2.01e-04	2.92e-06
 5.64073e+22	1.17e-27	1.98e-16	1.70e-13	2.76e-11	1.05e-09	1.97e-08	3.83e-07	2.21e-04	1.06e-02	1.32e-01	3.46e-01	3.21e-01	1.48e-01	2.99e-02	7.42e-03	4.15e-03	1.74e-04	2.46e-06
 5.66086e+22	1.74e-27	2.76e-16	2.30e-13	3.63e-11	1.33e-09	2.41e-08	4.52e-07	2.50e-04	1.16e-02	1.40e-01	3.55e-01	3.15e-01	1.40e-01	2.74e-02	6.63e-03	3.60e-03	1.45e-04	1.96e-06
 5.68109e+22	2.38e-27	3.60e-16	2.93e-13	4.50e-11	1.61e-09	2.83e-08	5.14e-07	2.75e-04	1.25e-02	1.46e-01	3.61e-01	3.11e-01	1.34e-01	2.56e-02	6.07e-03	3.22e-03	1.25e-04	1.64e-06
 5.70145e+22	3.54e-27	5.02e-16	3.98e-13	5.91e-11	2.04e-09	3.46e-08	6.07e-07	3.11e-04	1.36e-02	1.55e-01	3.68e-01	3.04e-01	1.27e-01	2.33e-02	5.40e-03	2.78e-03	1.04e-04	1.30e-06
 5.72203e+22	4.85e-27	6.54e-16	5.07e-13	7.34e-11	2.47e-09	4.07e-08	6.92e-07	3.43e-04	1.46e-02	1.61e-01	3.74e-01	2.99e-01	1.21e-01	2.17e-02	4.93e-03	2.47e-03	8.93e-05	1.08e-06
 5.74290e+22	7.25e-27	9.16e-16	6.90e-13	9.67e-11	3.15e-09	4.99e-08	8.18e-07	3.88e-04	1.59e-02	1.70e-01	3.81e-01	2.92e-01	1.14e-01	1.97e-02	4.37e-03	2.12e-03	7.34e-05	8.54e-07
 5.76405e+22	1.00e-26	1.20e-15	8.82e-13	1.20e-10	3.82e-09	5.88e-08	9.35e-07	4.28e-04	1.71e-02	1.78e-01	3.86e-01	2.86e-01	1.09e-01	1.82e-02	3.96e-03	1.88e-03	6.28e-05	7.06e-07
 5.78554e+22	1.51e-26	1.70e-15	1.21e-12	1.60e-10	4.90e-09	7.26e-08	1.11e-06	4.86e-04	1.87e-02	1.88e-01	3.92e-01	2.78e-01	1.02e-01	1.64e-02	3.48e-03	1.60e-03	5.10e-05	5.48e-07
 5.80724e+22	2.08e-26	2.22e-15	1.55e-12	1.99e-10	5.94e-09	8.55e-08	1.27e-06	5.36e-04	2.00e-02	1.95e-01	3.97e-01	2.71e-01	9.63e-02	1.51e-02	3.15e-03	1.41e-03	4.35e-05	4.51e-07
 5.82921e+22	3.18e-26	3.16e-15	2.14e-12	2.67e-10	7.68e-09	1.06e-07	1.52e-06	6.10e-04	2.19e-02	2.06e-01	4.02e-01	2.62e-01	8.95e-02	1.35e-02	2.75e-03	1.19e-03	3.49e-05	3.45e-07
 5.85128e+22	4.36e-26	4.12e-15	2.73e-12	3.31e-10	9.29e-09	1.25e-07	1.73e-06	6.72e-04	2.34e-02	2.14e-01	4.06e-01	2.55e-01	8.47e-02	1.24e-02	2.48e-03	1.05e-03	2.96e-05	2.83e-07
 5.87348e+22	6.64e-26	5.86e-15	3.78e-12	4.43e-10	1.20e-08	1.55e-07	2.07e-06	7.64e-04	2.55e-02	2.25e-01	4.10e-01	2.46e-01	7.83e-02	1.11e-02	2.16e-03	8.75e-04	2.36e-05	2.15e-07
 5.89592e+22	9.19e-26	7.69e-15	4.85e-12	5.54e-10	1.46e-08	1.84e-07	2.38e-06	8.44e-04	2.73e-02	2.34e-01	4.13e-01	2.38e-01	7.36e-02	1.01e-02	1.93e-03	7.63e-04	1.99e-05	1.74e-07
 5.91870e+22	1.40e-25	1.10e-14	6.72e-12	7.44e-10	1.90e-08	2.29e-07	2.85e-06	9.62e-04	2.99e-02	2.46e-01	4.16e-01	2.28e-01	6.77e-02	8.93e-03	1.67e-03	6.34e-04	1.57e-05	1.31e-07
 5.94184e+22	1.95e-25	1.45e-14	8.67e-12	9.34e-10	2.32e-08	2.72e-07	3.28e-06	1.07e-03	3.20e-02	2.56e-01	4.17e-01	2.20e-01	6.33e-02	8.10e-03	1.48e-03	5.49e-04	1.31e-05	0.00e+00
 5.96130e+22	2.64e-25	1.86e-14	1.09e-11	1.15e-09	2.80e-08	3.19e-07	3.74e-06	1.17e-03	3.41e-02	2.64e-01	4.19e-01	2.13e-01	5.94e-02	7.38e-03	1.33e-03	4.78e-04	1.10e-05	0.00e+00
 5.97965e+22	3.52e-25	2.37e-14	1.37e-11	1.41e-09	3.35e-08	3.72e-07	4.25e-06	1.28e-03	3.62e-02	2.73e-01	4.19e-01	2.06e-01	5.57e-02	6.75e-03	1.20e-03	4.19e-04	9.28e-06	0.00e+00
 6.00069e+22	5.15e-25	3.26e-14	1.84e-11	1.85e-09	4.26e-08	4.57e-07	5.04e-06	1.45e-03	3.92e-02	2.85e-01	4.20e-01	1.96e-01	5.11e-02	5.95e-03	1.03e-03	3.48e-04	7.36e-06	0.00e+00
 6.02174e+22	6.87e-25	4.15e-14	2.30e-11	2.25e-09	5.09e-08	5.32e-07	5.71e-06	1.58e-03	4.16e-02	2.94e-01	4.20e-01	1.89e-01	4.78e-02	5.43e-03	9.27e-04	3.04e-04	6.20e-06	0.00e+00
 6.04282e+22	9.97e-25	5.66e-14	3.08e-11	2.94e-09	6.46e-08	6.53e-07	6.78e-06	1.78e-03	4.50e-02	3.06e-01	4.19e-01	1.79e-01	4.36e-02	4.77e-03	7.98e-04	2.52e-04	4.89e-06	0.00e+00
 6.06427e+22	1.34e-24	7.25e-14	3.87e-11	3.62e-09	7.79e-08	7.68e-07	7.76e-06	1.96e-03	4.79e-02	3.15e-01	4.17e-01	1.72e-01	4.05e-02	4.30e-03	7.08e-04	2.17e-04	4.05e-06	0.00e+00
 6.08621e+22	1.96e-24	9.93e-14	5.20e-11	4.75e-09	9.97e-08	9.50e-07	9.28e-06	2.23e-03	5.20e-02	3.28e-01	4.15e-01	1.62e-01	3.66e-02	3.73e-03	6.03e-04	1.77e-04	3.15e-06	0.00e+00
