#depth	N	N+	N+2	N+3	N+4	N+5	N+6	N+7
 1.54284e+22	1.28e-17	1.03e-12	2.26e-09	4.74e-07	2.74e-05	1.16e-02	2.08e-01	7.80e-01
 3.44904e+22	1.05e-16	6.31e-12	1.04e-08	1.59e-06	6.45e-05	1.97e-02	2.60e-01	7.20e-01
 3.99409e+22	2.57e-16	1.37e-11	1.99e-08	2.67e-06	9.36e-05	2.49e-02	2.86e-01	6.89e-01
 4.26931e+22	4.02e-16	2.02e-11	2.75e-08	3.45e-06	1.13e-04	2.79e-02	2.99e-01	6.73e-01
 4.40533e+22	4.89e-16	2.39e-11	3.18e-08	3.87e-06	1.22e-04	2.93e-02	3.05e-01	6.66e-01
 4.50305e+22	6.33e-16	2.98e-11	3.83e-08	4.49e-06	1.36e-04	3.13e-02	3.12e-01	6.56e-01
 4.60655e+22	7.92e-16	3.62e-11	4.51e-08	5.11e-06	1.49e-04	3.31e-02	3.19e-01	6.48e-01
 4.71758e+22	1.04e-15	4.59e-11	5.50e-08	6.00e-06	1.67e-04	3.55e-02	3.27e-01	6.37e-01
 4.83196e+22	1.34e-15	5.69e-11	6.60e-08	6.93e-06	1.85e-04	3.78e-02	3.35e-01	6.27e-01
 4.93228e+22	1.67e-15	6.89e-11	7.75e-08	7.88e-06	2.03e-04	3.99e-02	3.42e-01	6.18e-01
 5.04433e+22	2.23e-15	8.87e-11	9.59e-08	9.35e-06	2.30e-04	4.30e-02	3.51e-01	6.06e-01
 5.15908e+22	2.82e-15	1.08e-10	1.14e-07	1.07e-05	2.53e-04	4.55e-02	3.58e-01	5.96e-01
 5.25683e+22	3.47e-15	1.30e-10	1.32e-07	1.21e-05	2.76e-04	4.80e-02	3.65e-01	5.87e-01
 5.36336e+22	4.61e-15	1.66e-10	1.63e-07	1.43e-05	3.11e-04	5.15e-02	3.74e-01	5.74e-01
 5.46877e+22	5.65e-15	1.98e-10	1.89e-07	1.61e-05	3.38e-04	5.41e-02	3.80e-01	5.65e-01
 5.57270e+22	7.42e-15	2.51e-10	2.31e-07	1.89e-05	3.79e-04	5.80e-02	3.89e-01	5.53e-01
 5.67840e+22	9.17e-15	3.01e-10	2.70e-07	2.14e-05	4.15e-04	6.11e-02	3.96e-01	5.43e-01
 5.78640e+22	1.22e-14	3.86e-10	3.33e-07	2.53e-05	4.68e-04	6.56e-02	4.05e-01	5.29e-01
 5.89570e+22	1.52e-14	4.66e-10	3.91e-07	2.88e-05	5.13e-04	6.92e-02	4.12e-01	5.19e-01
 6.00667e+22	2.02e-14	5.98e-10	4.84e-07	3.43e-05	5.80e-04	7.43e-02	4.21e-01	5.04e-01
 6.11978e+22	2.54e-14	7.31e-10	5.74e-07	3.94e-05	6.41e-04	7.87e-02	4.28e-01	4.93e-01
 6.23567e+22	3.43e-14	9.49e-10	7.18e-07	4.72e-05	7.30e-04	8.48e-02	4.37e-01	4.77e-01
 6.35370e+22	4.35e-14	1.17e-09	8.57e-07	5.46e-05	8.10e-04	9.00e-02	4.44e-01	4.65e-01
 6.47452e+22	5.91e-14	1.53e-09	1.08e-06	6.61e-05	9.28e-04	9.73e-02	4.53e-01	4.49e-01
 6.59683e+22	7.51e-14	1.88e-09	1.30e-06	7.67e-05	1.03e-03	1.03e-01	4.60e-01	4.35e-01
 6.69993e+22	9.32e-14	2.28e-09	1.53e-06	8.79e-05	1.14e-03	1.09e-01	4.66e-01	4.23e-01
 6.81284e+22	1.23e-13	2.91e-09	1.89e-06	1.05e-04	1.29e-03	1.17e-01	4.74e-01	4.08e-01
 6.92645e+22	1.52e-13	3.51e-09	2.23e-06	1.20e-04	1.43e-03	1.24e-01	4.79e-01	3.95e-01
 7.03712e+22	1.96e-13	4.40e-09	2.71e-06	1.42e-04	1.61e-03	1.32e-01	4.86e-01	3.80e-01
 7.15004e+22	2.43e-13	5.31e-09	3.21e-06	1.64e-04	1.79e-03	1.40e-01	4.91e-01	3.67e-01
 7.26125e+22	3.08e-13	6.57e-09	3.88e-06	1.93e-04	2.01e-03	1.49e-01	4.96e-01	3.53e-01
 7.37467e+22	3.81e-13	7.94e-09	4.59e-06	2.23e-04	2.24e-03	1.58e-01	5.00e-01	3.39e-01
 7.48586e+22	4.73e-13	9.65e-09	5.47e-06	2.60e-04	2.50e-03	1.67e-01	5.04e-01	3.25e-01
 7.59826e+22	5.81e-13	1.16e-08	6.46e-06	3.00e-04	2.79e-03	1.77e-01	5.08e-01	3.12e-01
 7.70930e+22	7.08e-13	1.39e-08	7.61e-06	3.47e-04	3.10e-03	1.87e-01	5.11e-01	2.99e-01
 7.82013e+22	8.57e-13	1.65e-08	8.92e-06	3.99e-04	3.44e-03	1.97e-01	5.13e-01	2.86e-01
 7.93109e+22	1.03e-12	1.96e-08	1.04e-05	4.59e-04	3.82e-03	2.08e-01	5.15e-01	2.73e-01
 8.04242e+22	1.23e-12	2.31e-08	1.22e-05	5.27e-04	4.23e-03	2.19e-01	5.16e-01	2.61e-01
 8.15417e+22	1.47e-12	2.71e-08	1.41e-05	6.03e-04	4.68e-03	2.30e-01	5.16e-01	2.48e-01
 8.26683e+22	1.74e-12	3.17e-08	1.63e-05	6.89e-04	5.17e-03	2.42e-01	5.16e-01	2.36e-01
 8.38058e+22	2.04e-12	3.69e-08	1.89e-05	7.86e-04	5.72e-03	2.54e-01	5.15e-01	2.25e-01
 8.49580e+22	2.40e-12	4.28e-08	2.18e-05	8.97e-04	6.31e-03	2.66e-01	5.13e-01	2.13e-01
 8.61156e+22	2.79e-12	4.95e-08	2.50e-05	1.02e-03	6.95e-03	2.79e-01	5.11e-01	2.02e-01
 8.72926e+22	3.25e-12	5.71e-08	2.87e-05	1.16e-03	7.67e-03	2.92e-01	5.08e-01	1.91e-01
 8.84851e+22	3.75e-12	6.56e-08	3.28e-05	1.31e-03	8.44e-03	3.05e-01	5.05e-01	1.81e-01
 8.97023e+22	4.34e-12	7.54e-08	3.77e-05	1.49e-03	9.31e-03	3.18e-01	5.01e-01	1.70e-01
 9.08343e+22	4.94e-12	8.43e-08	4.20e-05	1.65e-03	1.01e-02	3.29e-01	4.97e-01	1.62e-01
 9.20023e+22	5.70e-12	9.68e-08	4.82e-05	1.88e-03	1.11e-02	3.44e-01	4.91e-01	1.52e-01
 9.31928e+22	6.38e-12	1.08e-07	5.36e-05	2.08e-03	1.20e-02	3.56e-01	4.86e-01	1.44e-01
 9.44126e+22	7.32e-12	1.24e-07	6.15e-05	2.36e-03	1.33e-02	3.71e-01	4.79e-01	1.34e-01
 9.56344e+22	8.17e-12	1.37e-07	6.82e-05	2.60e-03	1.43e-02	3.82e-01	4.74e-01	1.27e-01
 9.68588e+22	9.32e-12	1.56e-07	7.77e-05	2.94e-03	1.57e-02	3.97e-01	4.66e-01	1.18e-01
 9.80924e+22	1.03e-11	1.73e-07	8.59e-05	3.23e-03	1.69e-02	4.09e-01	4.59e-01	1.12e-01
 9.93380e+22	1.17e-11	1.96e-07	9.75e-05	3.64e-03	1.85e-02	4.24e-01	4.50e-01	1.04e-01
 1.00595e+23	1.30e-11	2.17e-07	1.08e-04	3.98e-03	1.99e-02	4.35e-01	4.43e-01	9.79e-02
 1.01868e+23	1.47e-11	2.45e-07	1.22e-04	4.47e-03	2.18e-02	4.50e-01	4.33e-01	9.06e-02
 1.03157e+23	1.62e-11	2.70e-07	1.35e-04	4.89e-03	2.33e-02	4.61e-01	4.25e-01	8.52e-02
 1.04468e+23	1.83e-11	3.05e-07	1.52e-04	5.48e-03	2.55e-02	4.76e-01	4.14e-01	7.86e-02
 1.05802e+23	2.02e-11	3.37e-07	1.68e-04	6.00e-03	2.73e-02	4.87e-01	4.06e-01	7.37e-02
 1.07168e+23	2.28e-11	3.81e-07	1.91e-04	6.72e-03	2.98e-02	5.01e-01	3.94e-01	6.76e-02
 1.08564e+23	2.53e-11	4.22e-07	2.12e-04	7.35e-03	3.20e-02	5.13e-01	3.85e-01	6.30e-02
 1.10000e+23	2.87e-11	4.79e-07	2.41e-04	8.24e-03	3.49e-02	5.27e-01	3.72e-01	5.75e-02
 1.11467e+23	3.19e-11	5.32e-07	2.67e-04	9.02e-03	3.74e-02	5.37e-01	3.63e-01	5.34e-02
 1.12701e+23	3.50e-11	5.83e-07	2.93e-04	9.75e-03	3.97e-02	5.47e-01	3.54e-01	5.00e-02
 1.14032e+23	3.92e-11	6.54e-07	3.29e-04	1.08e-02	4.28e-02	5.58e-01	3.42e-01	4.58e-02
 1.15330e+23	4.27e-11	7.13e-07	3.59e-04	1.16e-02	4.52e-02	5.66e-01	3.34e-01	4.30e-02
 1.16587e+23	4.73e-11	7.91e-07	3.99e-04	1.27e-02	4.85e-02	5.76e-01	3.23e-01	3.95e-02
 1.17857e+23	5.20e-11	8.66e-07	4.36e-04	1.36e-02	5.10e-02	5.84e-01	3.14e-01	3.70e-02
 1.19143e+23	5.78e-11	9.64e-07	4.86e-04	1.49e-02	5.47e-02	5.93e-01	3.03e-01	3.39e-02
 1.20447e+23	6.36e-11	1.06e-06	5.31e-04	1.60e-02	5.75e-02	6.00e-01	2.95e-01	3.17e-02
 1.21774e+23	7.10e-11	1.18e-06	5.95e-04	1.75e-02	6.16e-02	6.08e-01	2.83e-01	2.90e-02
 1.23122e+23	7.85e-11	1.30e-06	6.52e-04	1.88e-02	6.48e-02	6.14e-01	2.75e-01	2.70e-02
 1.24494e+23	8.79e-11	1.46e-06	7.31e-04	2.05e-02	6.92e-02	6.21e-01	2.63e-01	2.45e-02
 1.25891e+23	9.79e-11	1.61e-06	8.04e-04	2.21e-02	7.28e-02	6.27e-01	2.55e-01	2.28e-02
 1.27318e+23	1.10e-10	1.82e-06	9.05e-04	2.42e-02	7.78e-02	6.33e-01	2.43e-01	2.06e-02
 1.28774e+23	1.23e-10	2.02e-06	9.99e-04	2.60e-02	8.18e-02	6.37e-01	2.35e-01	1.90e-02
 1.30270e+23	1.40e-10	2.29e-06	1.13e-03	2.85e-02	8.75e-02	6.42e-01	2.23e-01	1.71e-02
 1.31805e+23	1.57e-10	2.56e-06	1.25e-03	3.07e-02	9.21e-02	6.46e-01	2.14e-01	1.57e-02
 1.33391e+23	1.81e-10	2.93e-06	1.43e-03	3.38e-02	9.84e-02	6.49e-01	2.03e-01	1.40e-02
 1.34998e+23	2.05e-10	3.28e-06	1.59e-03	3.64e-02	1.03e-01	6.51e-01	1.94e-01	1.28e-02
 1.36632e+23	2.37e-10	3.79e-06	1.82e-03	4.00e-02	1.10e-01	6.53e-01	1.83e-01	1.13e-02
 1.38287e+23	2.71e-10	4.27e-06	2.03e-03	4.31e-02	1.16e-01	6.54e-01	1.75e-01	1.03e-02
 1.39970e+23	3.15e-10	4.94e-06	2.32e-03	4.74e-02	1.23e-01	6.54e-01	1.64e-01	9.11e-03
 1.41677e+23	3.62e-10	5.59e-06	2.60e-03	5.10e-02	1.29e-01	6.53e-01	1.56e-01	8.26e-03
 1.43175e+23	4.11e-10	6.30e-06	2.89e-03	5.49e-02	1.35e-01	6.51e-01	1.48e-01	7.49e-03
 1.44883e+23	4.82e-10	7.31e-06	3.32e-03	6.01e-02	1.43e-01	6.48e-01	1.39e-01	6.56e-03
 1.46606e+23	5.53e-10	8.27e-06	3.71e-03	6.46e-02	1.50e-01	6.45e-01	1.31e-01	5.93e-03
 1.48023e+23	6.21e-10	9.20e-06	4.07e-03	6.87e-02	1.56e-01	6.41e-01	1.25e-01	5.42e-03
 1.49537e+23	7.21e-10	1.05e-05	4.59e-03	7.41e-02	1.63e-01	6.36e-01	1.18e-01	4.83e-03
 1.51087e+23	8.18e-10	1.18e-05	5.07e-03	7.90e-02	1.69e-01	6.31e-01	1.12e-01	4.38e-03
 1.52467e+23	9.25e-10	1.32e-05	5.59e-03	8.39e-02	1.75e-01	6.26e-01	1.06e-01	3.98e-03
 1.54045e+23	1.08e-09	1.52e-05	6.31e-03	9.05e-02	1.83e-01	6.18e-01	9.90e-02	3.52e-03
 1.55686e+23	1.24e-09	1.71e-05	7.02e-03	9.67e-02	1.90e-01	6.11e-01	9.30e-02	3.15e-03
 1.57152e+23	1.42e-09	1.92e-05	7.75e-03	1.03e-01	1.96e-01	6.03e-01	8.78e-02	2.84e-03
 1.58800e+23	1.68e-09	2.23e-05	8.78e-03	1.11e-01	2.04e-01	5.93e-01	8.15e-02	2.49e-03
 1.60523e+23	1.94e-09	2.53e-05	9.80e-03	1.18e-01	2.11e-01	5.83e-01	7.60e-02	2.20e-03
 1.62075e+23	2.23e-09	2.87e-05	1.09e-02	1.26e-01	2.17e-01	5.73e-01	7.12e-02	1.97e-03
 1.63826e+23	2.67e-09	3.35e-05	1.23e-02	1.36e-01	2.25e-01	5.60e-01	6.54e-02	1.71e-03
 1.65638e+23	3.12e-09	3.83e-05	1.38e-02	1.45e-01	2.32e-01	5.47e-01	6.06e-02	1.50e-03
 1.67255e+23	3.62e-09	4.35e-05	1.53e-02	1.54e-01	2.39e-01	5.35e-01	5.63e-02	1.32e-03
 1.69084e+23	4.38e-09	5.11e-05	1.74e-02	1.65e-01	2.46e-01	5.19e-01	5.12e-02	1.13e-03
 1.70986e+23	5.17e-09	5.89e-05	1.96e-02	1.76e-01	2.53e-01	5.03e-01	4.70e-02	9.81e-04
 1.72696e+23	6.05e-09	6.73e-05	2.18e-02	1.86e-01	2.59e-01	4.89e-01	4.32e-02	8.57e-04
 1.74634e+23	7.42e-09	7.98e-05	2.49e-02	2.00e-01	2.66e-01	4.69e-01	3.88e-02	7.18e-04
 1.76632e+23	8.82e-09	9.22e-05	2.78e-02	2.13e-01	2.71e-01	4.52e-01	3.52e-02	6.16e-04
 1.78431e+23	1.04e-08	1.06e-04	3.10e-02	2.25e-01	2.76e-01	4.36e-01	3.20e-02	5.30e-04
 1.80492e+23	1.30e-08	1.27e-04	3.55e-02	2.41e-01	2.81e-01	4.14e-01	2.83e-02	4.35e-04
 1.82582e+23	1.54e-08	1.46e-04	3.97e-02	2.54e-01	2.85e-01	3.95e-01	2.54e-02	3.68e-04
 1.84430e+23	1.84e-08	1.69e-04	4.40e-02	2.68e-01	2.88e-01	3.77e-01	2.29e-02	3.13e-04
 1.86553e+23	2.31e-08	2.03e-04	5.03e-02	2.85e-01	2.91e-01	3.54e-01	1.99e-02	2.52e-04
 1.88704e+23	2.76e-08	2.34e-04	5.59e-02	2.99e-01	2.92e-01	3.35e-01	1.76e-02	2.10e-04
 1.90891e+23	3.48e-08	2.81e-04	6.36e-02	3.17e-01	2.93e-01	3.12e-01	1.52e-02	1.68e-04
 1.93124e+23	4.22e-08	3.27e-04	7.07e-02	3.31e-01	2.92e-01	2.92e-01	1.33e-02	1.38e-04
 1.95112e+23	5.09e-08	3.78e-04	7.82e-02	3.45e-01	2.91e-01	2.74e-01	1.17e-02	1.14e-04
 1.97390e+23	6.48e-08	4.56e-04	8.88e-02	3.63e-01	2.88e-01	2.50e-01	9.84e-03	8.83e-05
 1.99700e+23	7.86e-08	5.29e-04	9.80e-02	3.76e-01	2.84e-01	2.32e-01	8.54e-03	7.17e-05
 2.02050e+23	1.01e-07	6.39e-04	1.11e-01	3.93e-01	2.79e-01	2.10e-01	7.07e-03	5.46e-05
 2.04357e+23	1.21e-07	7.34e-04	1.21e-01	4.04e-01	2.74e-01	1.94e-01	6.13e-03	4.44e-05
 2.06607e+23	1.53e-07	8.76e-04	1.35e-01	4.18e-01	2.66e-01	1.75e-01	5.06e-03	3.38e-05
 2.08781e+23	1.81e-07	9.91e-04	1.46e-01	4.27e-01	2.60e-01	1.62e-01	4.42e-03	2.78e-05
 2.10856e+23	2.25e-07	1.16e-03	1.61e-01	4.38e-01	2.51e-01	1.45e-01	3.67e-03	2.14e-05
 2.12925e+23	2.66e-07	1.31e-03	1.72e-01	4.45e-01	2.44e-01	1.34e-01	3.19e-03	1.75e-05
 2.14986e+23	3.27e-07	1.52e-03	1.88e-01	4.53e-01	2.35e-01	1.20e-01	2.65e-03	1.36e-05
 2.17125e+23	3.92e-07	1.73e-03	2.02e-01	4.58e-01	2.26e-01	1.09e-01	2.25e-03	1.08e-05
 2.19043e+23	4.65e-07	1.96e-03	2.16e-01	4.63e-01	2.18e-01	9.92e-02	1.92e-03	8.63e-06
 2.21215e+23	5.78e-07	2.28e-03	2.35e-01	4.67e-01	2.07e-01	8.76e-02	1.56e-03	6.48e-06
 2.23428e+23	6.91e-07	2.58e-03	2.51e-01	4.69e-01	1.97e-01	7.87e-02	1.31e-03	5.08e-06
 2.25694e+23	8.58e-07	3.01e-03	2.71e-01	4.70e-01	1.86e-01	6.89e-02	1.05e-03	3.77e-06
 2.27900e+23	1.02e-06	3.37e-03	2.87e-01	4.70e-01	1.77e-01	6.19e-02	8.83e-04	2.97e-06
 2.29639e+23	1.17e-06	3.72e-03	3.02e-01	4.69e-01	1.69e-01	5.63e-02	7.58e-04	2.41e-06
 2.31509e+23	1.40e-06	4.19e-03	3.19e-01	4.66e-01	1.59e-01	5.00e-02	6.28e-04	1.86e-06
 2.33436e+23	1.62e-06	4.64e-03	3.35e-01	4.64e-01	1.51e-01	4.51e-02	5.33e-04	1.49e-06
 2.35166e+23	1.87e-06	5.11e-03	3.50e-01	4.60e-01	1.43e-01	4.07e-02	4.53e-04	1.20e-06
 2.37147e+23	2.25e-06	5.77e-03	3.70e-01	4.55e-01	1.34e-01	3.57e-02	3.68e-04	9.03e-07
 2.39148e+23	2.61e-06	6.37e-03	3.86e-01	4.49e-01	1.26e-01	3.20e-02	3.09e-04	7.13e-07
 2.40901e+23	3.01e-06	7.00e-03	4.02e-01	4.43e-01	1.19e-01	2.86e-02	2.60e-04	5.65e-07
 2.42908e+23	3.61e-06	7.89e-03	4.22e-01	4.35e-01	1.10e-01	2.49e-02	2.09e-04	4.22e-07
 2.44941e+23	4.19e-06	8.69e-03	4.38e-01	4.27e-01	1.03e-01	2.22e-02	1.74e-04	3.30e-07
 2.46730e+23	4.84e-06	9.55e-03	4.54e-01	4.20e-01	9.67e-02	1.97e-02	1.45e-04	2.59e-07
 2.48776e+23	5.78e-06	1.07e-02	4.74e-01	4.09e-01	8.89e-02	1.70e-02	1.16e-04	1.91e-07
 2.50858e+23	6.72e-06	1.18e-02	4.91e-01	4.00e-01	8.27e-02	1.50e-02	9.52e-05	1.47e-07
 2.52703e+23	7.76e-06	1.29e-02	5.07e-01	3.90e-01	7.69e-02	1.33e-02	7.86e-05	0.00e+00
 2.54821e+23	9.30e-06	1.45e-02	5.27e-01	3.77e-01	7.00e-02	1.13e-02	6.17e-05	0.00e+00
 2.56974e+23	1.08e-05	1.60e-02	5.43e-01	3.67e-01	6.46e-02	9.90e-03	5.02e-05	0.00e+00
 2.59175e+23	1.30e-05	1.80e-02	5.63e-01	3.53e-01	5.84e-02	8.37e-03	3.87e-05	0.00e+00
 2.61403e+23	1.52e-05	1.98e-02	5.79e-01	3.41e-01	5.35e-02	7.26e-03	3.12e-05	0.00e+00
 2.63666e+23	1.83e-05	2.22e-02	5.98e-01	3.26e-01	4.80e-02	6.08e-03	2.38e-05	0.00e+00
 2.65972e+23	2.14e-05	2.45e-02	6.13e-01	3.13e-01	4.37e-02	5.24e-03	1.89e-05	0.00e+00
 2.68021e+23	2.49e-05	2.69e-02	6.28e-01	3.01e-01	3.98e-02	4.52e-03	1.51e-05	0.00e+00
 2.70373e+23	3.00e-05	3.02e-02	6.45e-01	2.86e-01	3.54e-02	3.74e-03	1.13e-05	0.00e+00
 2.72784e+23	3.52e-05	3.33e-02	6.59e-01	2.73e-01	3.19e-02	3.18e-03	8.85e-06	0.00e+00
 2.74931e+23	4.11e-05	3.66e-02	6.72e-01	2.60e-01	2.88e-02	2.71e-03	6.96e-06	0.00e+00
 2.76774e+23	4.58e-05	3.91e-02	6.81e-01	2.51e-01	2.67e-02	2.42e-03	5.84e-06	0.00e+00
 2.78564e+23	5.28e-05	4.26e-02	6.92e-01	2.39e-01	2.42e-02	2.08e-03	4.66e-06	0.00e+00
 2.80384e+23	5.94e-05	4.57e-02	7.00e-01	2.30e-01	2.24e-02	1.84e-03	3.86e-06	0.00e+00
 2.82241e+23	6.86e-05	4.99e-02	7.10e-01	2.18e-01	2.02e-02	1.57e-03	3.04e-06	0.00e+00
 2.84117e+23	7.72e-05	5.35e-02	7.17e-01	2.09e-01	1.85e-02	1.38e-03	2.50e-06	0.00e+00
 2.86018e+23	8.98e-05	5.86e-02	7.26e-01	1.97e-01	1.66e-02	1.17e-03	1.95e-06	0.00e+00
 2.87923e+23	1.01e-04	6.28e-02	7.32e-01	1.89e-01	1.52e-02	1.03e-03	1.60e-06	0.00e+00
 2.89833e+23	1.17e-04	6.86e-02	7.39e-01	1.78e-01	1.36e-02	8.68e-04	1.24e-06	0.00e+00
 2.91785e+23	1.32e-04	7.37e-02	7.44e-01	1.69e-01	1.24e-02	7.55e-04	1.01e-06	0.00e+00
 2.93792e+23	1.55e-04	8.09e-02	7.50e-01	1.58e-01	1.10e-02	6.31e-04	7.71e-07	0.00e+00
 2.95813e+23	1.76e-04	8.73e-02	7.53e-01	1.49e-01	9.95e-03	5.44e-04	6.17e-07	0.00e+00
 2.97854e+23	2.06e-04	9.58e-02	7.56e-01	1.39e-01	8.81e-03	4.53e-04	4.70e-07	0.00e+00
 2.99932e+23	2.37e-04	1.04e-01	7.58e-01	1.30e-01	7.90e-03	3.86e-04	3.70e-07	0.00e+00
 3.01756e+23	2.70e-04	1.12e-01	7.58e-01	1.22e-01	7.13e-03	3.31e-04	2.95e-07	0.00e+00
 3.03824e+23	3.18e-04	1.24e-01	7.57e-01	1.12e-01	6.25e-03	2.72e-04	2.20e-07	0.00e+00
 3.05920e+23	3.69e-04	1.35e-01	7.55e-01	1.04e-01	5.57e-03	2.30e-04	1.72e-07	0.00e+00
 3.07707e+23	4.24e-04	1.46e-01	7.51e-01	9.74e-02	5.01e-03	1.96e-04	1.36e-07	0.00e+00
