#depth	O	O+	O+2	O+3	O+4	O+5	O+6	O+7	O+8	O[1]	O[2]	O[3]
 1.54284e+22	2.32e-06	3.67e-03	2.07e-01	5.80e-01	1.75e-01	3.11e-02	4.09e-03	2.03e-05	0.00e+00	2.32e-06	1.41e-14	1.69e-14
 3.57542e+22	6.84e-06	7.37e-03	2.89e-01	5.60e-01	1.25e-01	1.69e-02	1.70e-03	5.75e-06	0.00e+00	6.84e-06	4.84e-14	5.75e-14
 4.31004e+22	1.14e-05	1.02e-02	3.34e-01	5.39e-01	1.04e-01	1.22e-02	1.09e-03	3.03e-06	0.00e+00	1.14e-05	8.80e-14	1.04e-13
 4.75081e+22	1.69e-05	1.31e-02	3.71e-01	5.17e-01	8.89e-02	9.37e-03	7.56e-04	1.80e-06	0.00e+00	1.69e-05	1.40e-13	1.66e-13
 5.01095e+22	1.93e-05	1.42e-02	3.84e-01	5.08e-01	8.40e-02	8.54e-03	6.66e-04	1.50e-06	0.00e+00	1.93e-05	1.63e-13	1.93e-13
 5.15871e+22	2.28e-05	1.58e-02	4.01e-01	4.97e-01	7.83e-02	7.59e-03	5.68e-04	1.20e-06	0.00e+00	2.28e-05	1.99e-13	2.35e-13
 5.32064e+22	2.64e-05	1.74e-02	4.16e-01	4.86e-01	7.33e-02	6.80e-03	4.90e-04	9.72e-07	0.00e+00	2.64e-05	2.38e-13	2.81e-13
 5.50098e+22	3.20e-05	1.96e-02	4.35e-01	4.72e-01	6.71e-02	5.89e-03	4.04e-04	7.40e-07	0.00e+00	3.20e-05	3.00e-13	3.54e-13
 5.69798e+22	3.84e-05	2.20e-02	4.54e-01	4.57e-01	6.16e-02	5.13e-03	3.36e-04	5.69e-07	0.00e+00	3.84e-05	3.73e-13	4.40e-13
 5.88752e+22	4.58e-05	2.46e-02	4.73e-01	4.42e-01	5.64e-02	4.45e-03	2.79e-04	4.37e-07	0.00e+00	4.58e-05	4.62e-13	5.44e-13
 6.10478e+22	5.77e-05	2.83e-02	4.96e-01	4.21e-01	5.02e-02	3.69e-03	2.18e-04	3.08e-07	0.00e+00	5.77e-05	6.11e-13	7.18e-13
 6.32183e+22	6.84e-05	3.15e-02	5.14e-01	4.05e-01	4.57e-02	3.19e-03	1.80e-04	2.35e-07	0.00e+00	6.84e-05	7.53e-13	8.83e-13
 6.48540e+22	7.75e-05	3.40e-02	5.27e-01	3.93e-01	4.27e-02	2.86e-03	1.56e-04	1.93e-07	0.00e+00	7.75e-05	8.78e-13	1.03e-12
 6.64483e+22	9.10e-05	3.76e-02	5.44e-01	3.77e-01	3.89e-02	2.48e-03	1.29e-04	1.48e-07	0.00e+00	9.10e-05	1.07e-12	1.25e-12
 6.80662e+22	1.03e-04	4.06e-02	5.57e-01	3.64e-01	3.61e-02	2.21e-03	1.11e-04	0.00e+00	0.00e+00	1.03e-04	1.26e-12	1.46e-12
 6.97149e+22	1.21e-04	4.47e-02	5.72e-01	3.48e-01	3.29e-02	1.91e-03	9.23e-05	0.00e+00	0.00e+00	1.21e-04	1.53e-12	1.77e-12
 7.14139e+22	1.39e-04	4.86e-02	5.86e-01	3.34e-01	3.02e-02	1.68e-03	7.79e-05	0.00e+00	0.00e+00	1.39e-04	1.81e-12	2.10e-12
 7.29132e+22	1.57e-04	5.25e-02	5.98e-01	3.20e-01	2.78e-02	1.48e-03	6.66e-05	0.00e+00	0.00e+00	1.57e-04	2.13e-12	2.46e-12
 7.45972e+22	1.84e-04	5.78e-02	6.12e-01	3.04e-01	2.51e-02	1.27e-03	5.46e-05	0.00e+00	0.00e+00	1.84e-04	2.60e-12	2.99e-12
 7.63339e+22	2.11e-04	6.27e-02	6.23e-01	2.90e-01	2.29e-02	1.10e-03	4.58e-05	0.00e+00	0.00e+00	2.11e-04	3.09e-12	3.53e-12
 7.78921e+22	2.40e-04	6.79e-02	6.34e-01	2.76e-01	2.09e-02	9.64e-04	3.85e-05	0.00e+00	0.00e+00	2.40e-04	3.66e-12	4.16e-12
 7.96707e+22	2.83e-04	7.50e-02	6.47e-01	2.59e-01	1.86e-02	8.09e-04	3.09e-05	0.00e+00	0.00e+00	2.83e-04	4.54e-12	5.13e-12
 8.14769e+22	3.23e-04	8.11e-02	6.56e-01	2.45e-01	1.69e-02	7.00e-04	2.57e-05	0.00e+00	0.00e+00	3.23e-04	5.38e-12	6.04e-12
 8.33190e+22	3.81e-04	8.95e-02	6.67e-01	2.28e-01	1.49e-02	5.82e-04	2.04e-05	0.00e+00	0.00e+00	3.81e-04	6.70e-12	7.45e-12
 8.52052e+22	4.36e-04	9.70e-02	6.74e-01	2.14e-01	1.34e-02	4.96e-04	1.68e-05	0.00e+00	0.00e+00	4.36e-04	8.02e-12	8.86e-12
 8.71488e+22	5.17e-04	1.07e-01	6.83e-01	1.97e-01	1.17e-02	4.06e-04	1.30e-05	0.00e+00	0.00e+00	5.17e-04	1.01e-11	1.10e-11
 8.91333e+22	5.93e-04	1.16e-01	6.89e-01	1.84e-01	1.04e-02	3.42e-04	1.06e-05	0.00e+00	0.00e+00	5.93e-04	1.22e-11	1.31e-11
 9.11709e+22	7.05e-04	1.29e-01	6.94e-01	1.68e-01	8.94e-03	2.75e-04	8.10e-06	0.00e+00	0.00e+00	7.05e-04	1.54e-11	1.65e-11
 9.32408e+22	8.08e-04	1.39e-01	6.97e-01	1.55e-01	7.89e-03	2.30e-04	6.48e-06	0.00e+00	0.00e+00	8.08e-04	1.86e-11	1.97e-11
 9.53525e+22	9.62e-04	1.54e-01	6.99e-01	1.40e-01	6.72e-03	1.82e-04	4.88e-06	0.00e+00	0.00e+00	9.62e-04	2.38e-11	2.47e-11
 9.74960e+22	1.10e-03	1.66e-01	6.99e-01	1.28e-01	5.88e-03	1.50e-04	3.87e-06	0.00e+00	0.00e+00	1.10e-03	2.88e-11	2.96e-11
 9.96808e+22	1.31e-03	1.83e-01	6.96e-01	1.14e-01	4.96e-03	1.17e-04	2.87e-06	0.00e+00	0.00e+00	1.31e-03	3.69e-11	3.72e-11
 1.01904e+23	1.50e-03	1.98e-01	6.93e-01	1.04e-01	4.30e-03	9.55e-05	2.25e-06	0.00e+00	0.00e+00	1.50e-03	4.47e-11	4.45e-11
 1.04178e+23	1.78e-03	2.18e-01	6.85e-01	9.14e-02	3.60e-03	7.36e-05	1.65e-06	0.00e+00	0.00e+00	1.78e-03	5.70e-11	5.58e-11
 1.06519e+23	2.05e-03	2.35e-01	6.78e-01	8.18e-02	3.07e-03	5.87e-05	1.26e-06	0.00e+00	0.00e+00	2.05e-03	6.98e-11	6.73e-11
 1.08947e+23	2.46e-03	2.60e-01	6.65e-01	7.04e-02	2.50e-03	4.35e-05	8.87e-07	0.00e+00	0.00e+00	2.46e-03	9.07e-11	8.58e-11
 1.11386e+23	2.81e-03	2.78e-01	6.54e-01	6.26e-02	2.13e-03	3.46e-05	6.78e-07	0.00e+00	0.00e+00	2.81e-03	1.10e-10	1.03e-10
 1.13840e+23	3.35e-03	3.05e-01	6.36e-01	5.34e-02	1.73e-03	2.54e-05	4.76e-07	0.00e+00	0.00e+00	3.35e-03	1.41e-10	1.30e-10
 1.16385e+23	3.84e-03	3.27e-01	6.21e-01	4.66e-02	1.45e-03	1.96e-05	3.54e-07	0.00e+00	0.00e+00	3.84e-03	1.73e-10	1.57e-10
 1.19048e+23	4.61e-03	3.59e-01	5.96e-01	3.86e-02	1.14e-03	1.39e-05	2.38e-07	0.00e+00	0.00e+00	4.61e-03	2.26e-10	2.01e-10
 1.21798e+23	5.28e-03	3.84e-01	5.76e-01	3.30e-02	9.46e-04	1.04e-05	1.74e-07	0.00e+00	0.00e+00	5.28e-03	2.77e-10	2.44e-10
 1.24659e+23	6.37e-03	4.21e-01	5.45e-01	2.66e-02	7.29e-04	7.08e-06	0.00e+00	0.00e+00	0.00e+00	6.37e-03	3.64e-10	3.17e-10
 1.27645e+23	7.33e-03	4.50e-01	5.20e-01	2.21e-02	5.90e-04	5.14e-06	0.00e+00	0.00e+00	0.00e+00	7.33e-03	4.50e-10	3.88e-10
 1.30793e+23	8.93e-03	4.92e-01	4.82e-01	1.70e-02	4.41e-04	3.28e-06	0.00e+00	0.00e+00	0.00e+00	8.93e-03	6.00e-10	5.12e-10
 1.34106e+23	1.04e-02	5.26e-01	4.50e-01	1.36e-02	3.44e-04	2.23e-06	0.00e+00	0.00e+00	0.00e+00	1.04e-02	7.57e-10	6.40e-10
 1.37166e+23	1.21e-02	5.61e-01	4.16e-01	1.07e-02	2.68e-04	1.51e-06	0.00e+00	0.00e+00	0.00e+00	1.21e-02	9.51e-10	7.99e-10
 1.39827e+23	1.35e-02	5.85e-01	3.92e-01	8.95e-03	2.23e-04	1.13e-06	0.00e+00	0.00e+00	0.00e+00	1.35e-02	1.12e-09	9.34e-10
 1.42433e+23	1.56e-02	6.19e-01	3.58e-01	6.96e-03	1.74e-04	7.51e-07	0.00e+00	0.00e+00	0.00e+00	1.56e-02	1.39e-09	1.16e-09
 1.45122e+23	1.75e-02	6.45e-01	3.32e-01	5.63e-03	1.41e-04	5.36e-07	0.00e+00	0.00e+00	0.00e+00	1.75e-02	1.65e-09	1.37e-09
 1.47919e+23	2.04e-02	6.80e-01	2.96e-01	4.20e-03	1.07e-04	3.39e-07	0.00e+00	0.00e+00	0.00e+00	2.04e-02	2.08e-09	1.71e-09
 1.50821e+23	2.31e-02	7.06e-01	2.67e-01	3.26e-03	8.50e-05	2.29e-07	0.00e+00	0.00e+00	0.00e+00	2.31e-02	2.50e-09	2.05e-09
 1.53861e+23	2.72e-02	7.40e-01	2.30e-01	2.29e-03	6.23e-05	1.35e-07	0.00e+00	0.00e+00	0.00e+00	2.72e-02	3.19e-09	2.61e-09
 1.57026e+23	3.11e-02	7.66e-01	2.01e-01	1.68e-03	4.75e-05	0.00e+00	0.00e+00	0.00e+00	0.00e+00	3.11e-02	3.90e-09	3.19e-09
 1.59563e+23	3.46e-02	7.84e-01	1.80e-01	1.30e-03	3.84e-05	0.00e+00	0.00e+00	0.00e+00	0.00e+00	3.46e-02	4.53e-09	3.68e-09
 1.62071e+23	3.97e-02	8.06e-01	1.54e-01	9.32e-04	2.90e-05	0.00e+00	0.00e+00	0.00e+00	0.00e+00	3.97e-02	5.53e-09	4.46e-09
 1.64670e+23	4.49e-02	8.22e-01	1.33e-01	6.83e-04	2.25e-05	0.00e+00	0.00e+00	0.00e+00	0.00e+00	4.49e-02	6.58e-09	5.27e-09
 1.66954e+23	5.06e-02	8.35e-01	1.14e-01	5.04e-04	1.76e-05	0.00e+00	0.00e+00	0.00e+00	0.00e+00	5.06e-02	7.76e-09	6.18e-09
 1.69489e+23	5.89e-02	8.47e-01	9.33e-02	3.39e-04	1.28e-05	0.00e+00	0.00e+00	0.00e+00	0.00e+00	5.89e-02	9.61e-09	7.61e-09
 1.72165e+23	6.87e-02	8.56e-01	7.56e-02	2.28e-04	9.28e-06	0.00e+00	0.00e+00	0.00e+00	0.00e+00	6.87e-02	1.18e-08	9.30e-09
 1.74551e+23	7.97e-02	8.59e-01	6.10e-02	1.54e-04	6.79e-06	0.00e+00	0.00e+00	0.00e+00	0.00e+00	7.97e-02	1.44e-08	1.13e-08
 1.77181e+23	9.65e-02	8.58e-01	4.55e-02	9.33e-05	4.47e-06	0.00e+00	0.00e+00	0.00e+00	0.00e+00	9.65e-02	1.85e-08	1.45e-08
 1.79812e+23	1.17e-01	8.49e-01	3.39e-02	5.78e-05	2.99e-06	0.00e+00	0.00e+00	0.00e+00	0.00e+00	1.17e-01	2.35e-08	1.84e-08
 1.81902e+23	1.39e-01	8.35e-01	2.57e-02	3.81e-05	2.07e-06	0.00e+00	0.00e+00	0.00e+00	0.00e+00	1.39e-01	2.89e-08	2.27e-08
 1.83746e+23	1.64e-01	8.16e-01	1.94e-02	2.55e-05	1.43e-06	0.00e+00	0.00e+00	0.00e+00	0.00e+00	1.64e-01	3.52e-08	2.77e-08
 1.85517e+23	1.95e-01	7.91e-01	1.43e-02	1.71e-05	9.57e-07	0.00e+00	0.00e+00	0.00e+00	0.00e+00	1.95e-01	4.29e-08	3.39e-08
 1.87194e+23	2.32e-01	7.58e-01	1.04e-02	1.15e-05	6.30e-07	0.00e+00	0.00e+00	0.00e+00	0.00e+00	2.32e-01	5.18e-08	4.11e-08
 1.88225e+23	2.57e-01	7.34e-01	8.68e-03	9.33e-06	4.99e-07	0.00e+00	0.00e+00	0.00e+00	0.00e+00	2.57e-01	5.71e-08	4.54e-08
 1.88564e+23	2.66e-01	7.26e-01	8.13e-03	8.67e-06	4.59e-07	0.00e+00	0.00e+00	0.00e+00	0.00e+00	2.66e-01	5.90e-08	4.70e-08
 1.88823e+23	2.74e-01	7.19e-01	7.67e-03	8.12e-06	4.25e-07	0.00e+00	0.00e+00	0.00e+00	0.00e+00	2.74e-01	6.08e-08	4.84e-08
 1.89159e+23	2.84e-01	7.09e-01	7.10e-03	7.45e-06	3.83e-07	0.00e+00	0.00e+00	0.00e+00	0.00e+00	2.84e-01	6.32e-08	5.04e-08
 1.89553e+23	2.97e-01	6.96e-01	6.48e-03	6.74e-06	3.40e-07	0.00e+00	0.00e+00	0.00e+00	0.00e+00	2.97e-01	6.60e-08	5.26e-08
 1.89945e+23	3.10e-01	6.84e-01	5.93e-03	6.14e-06	3.03e-07	0.00e+00	0.00e+00	0.00e+00	0.00e+00	3.10e-01	6.87e-08	5.49e-08
 1.90325e+23	3.23e-01	6.71e-01	5.42e-03	5.58e-06	2.69e-07	0.00e+00	0.00e+00	0.00e+00	0.00e+00	3.23e-01	7.15e-08	5.71e-08
 1.90702e+23	3.36e-01	6.59e-01	4.96e-03	5.10e-06	2.39e-07	0.00e+00	0.00e+00	0.00e+00	0.00e+00	3.36e-01	7.42e-08	5.92e-08
 1.91086e+23	3.51e-01	6.45e-01	4.51e-03	4.63e-06	2.11e-07	0.00e+00	0.00e+00	0.00e+00	0.00e+00	3.51e-01	7.70e-08	6.15e-08
 1.91474e+23	3.66e-01	6.30e-01	4.09e-03	4.20e-06	1.86e-07	0.00e+00	0.00e+00	0.00e+00	0.00e+00	3.66e-01	7.99e-08	6.37e-08
 1.91850e+23	3.81e-01	6.15e-01	3.73e-03	3.83e-06	1.64e-07	0.00e+00	0.00e+00	0.00e+00	0.00e+00	3.81e-01	8.26e-08	6.58e-08
 1.92226e+23	3.96e-01	6.00e-01	3.38e-03	3.49e-06	1.45e-07	0.00e+00	0.00e+00	0.00e+00	0.00e+00	3.96e-01	8.53e-08	6.80e-08
 1.92615e+23	4.13e-01	5.84e-01	3.05e-03	3.17e-06	1.27e-07	0.00e+00	0.00e+00	0.00e+00	0.00e+00	4.13e-01	8.80e-08	7.01e-08
 1.93010e+23	4.30e-01	5.68e-01	2.76e-03	2.88e-06	0.00e+00	0.00e+00	0.00e+00	0.00e+00	0.00e+00	4.30e-01	9.07e-08	7.22e-08
 1.93410e+23	4.47e-01	5.50e-01	2.47e-03	2.60e-06	0.00e+00	0.00e+00	0.00e+00	0.00e+00	0.00e+00	4.47e-01	9.34e-08	7.43e-08
 1.93811e+23	4.65e-01	5.32e-01	2.22e-03	2.36e-06	0.00e+00	0.00e+00	0.00e+00	0.00e+00	0.00e+00	4.65e-01	9.58e-08	7.62e-08
 1.94215e+23	4.84e-01	5.14e-01	1.99e-03	2.14e-06	0.00e+00	0.00e+00	0.00e+00	0.00e+00	0.00e+00	4.84e-01	9.82e-08	7.81e-08
 1.94631e+23	5.03e-01	4.96e-01	1.77e-03	1.93e-06	0.00e+00	0.00e+00	0.00e+00	0.00e+00	0.00e+00	5.03e-01	1.01e-07	7.99e-08
 1.95061e+23	5.22e-01	4.76e-01	1.57e-03	1.74e-06	0.00e+00	0.00e+00	0.00e+00	0.00e+00	0.00e+00	5.22e-01	1.03e-07	8.15e-08
 1.95501e+23	5.42e-01	4.56e-01	1.39e-03	1.56e-06	0.00e+00	0.00e+00	0.00e+00	0.00e+00	0.00e+00	5.42e-01	1.05e-07	8.30e-08
 1.95951e+23	5.63e-01	4.36e-01	1.22e-03	1.40e-06	0.00e+00	0.00e+00	0.00e+00	0.00e+00	0.00e+00	5.63e-01	1.06e-07	8.43e-08
 1.96414e+23	5.84e-01	4.15e-01	1.07e-03	1.25e-06	0.00e+00	0.00e+00	0.00e+00	0.00e+00	0.00e+00	5.84e-01	1.08e-07	8.55e-08
 1.96795e+23	5.99e-01	4.00e-01	9.67e-04	1.16e-06	0.00e+00	0.00e+00	0.00e+00	0.00e+00	0.00e+00	5.99e-01	1.09e-07	8.61e-08
 1.97058e+23	6.10e-01	3.89e-01	9.00e-04	1.09e-06	0.00e+00	0.00e+00	0.00e+00	0.00e+00	0.00e+00	6.10e-01	1.09e-07	8.64e-08
 1.97306e+23	6.21e-01	3.78e-01	8.38e-04	1.03e-06	0.00e+00	0.00e+00	0.00e+00	0.00e+00	0.00e+00	6.21e-01	1.10e-07	8.68e-08
 1.97587e+23	6.33e-01	3.67e-01	7.73e-04	9.65e-07	0.00e+00	0.00e+00	0.00e+00	0.00e+00	0.00e+00	6.33e-01	1.10e-07	8.71e-08
 1.97889e+23	6.45e-01	3.54e-01	7.09e-04	9.00e-07	0.00e+00	0.00e+00	0.00e+00	0.00e+00	0.00e+00	6.45e-01	1.10e-07	8.73e-08
 1.98183e+23	6.56e-01	3.43e-01	6.54e-04	8.46e-07	0.00e+00	0.00e+00	0.00e+00	0.00e+00	0.00e+00	6.56e-01	1.11e-07	8.75e-08
 1.98474e+23	6.68e-01	3.31e-01	6.02e-04	7.92e-07	0.00e+00	0.00e+00	0.00e+00	0.00e+00	0.00e+00	6.68e-01	1.11e-07	8.76e-08
 1.98775e+23	6.79e-01	3.20e-01	5.54e-04	7.42e-07	0.00e+00	0.00e+00	0.00e+00	0.00e+00	0.00e+00	6.79e-01	1.11e-07	8.76e-08
 1.99075e+23	6.90e-01	3.09e-01	5.10e-04	6.96e-07	0.00e+00	0.00e+00	0.00e+00	0.00e+00	0.00e+00	6.90e-01	1.11e-07	8.76e-08
 1.99376e+23	7.01e-01	2.98e-01	4.68e-04	6.52e-07	0.00e+00	0.00e+00	0.00e+00	0.00e+00	0.00e+00	7.01e-01	1.11e-07	8.74e-08
 1.99676e+23	7.11e-01	2.88e-01	4.32e-04	6.14e-07	0.00e+00	0.00e+00	0.00e+00	0.00e+00	0.00e+00	7.11e-01	1.11e-07	8.73e-08
 1.99984e+23	7.22e-01	2.78e-01	3.97e-04	5.76e-07	0.00e+00	0.00e+00	0.00e+00	0.00e+00	0.00e+00	7.22e-01	1.10e-07	8.70e-08
 2.00306e+23	7.32e-01	2.68e-01	3.64e-04	5.39e-07	0.00e+00	0.00e+00	0.00e+00	0.00e+00	0.00e+00	7.32e-01	1.10e-07	8.66e-08
 2.00627e+23	7.42e-01	2.58e-01	3.33e-04	5.05e-07	0.00e+00	0.00e+00	0.00e+00	0.00e+00	0.00e+00	7.42e-01	1.10e-07	8.61e-08
 2.00943e+23	7.51e-01	2.49e-01	3.07e-04	4.76e-07	0.00e+00	0.00e+00	0.00e+00	0.00e+00	0.00e+00	7.51e-01	1.09e-07	8.57e-08
 2.01271e+23	7.61e-01	2.39e-01	2.81e-04	4.46e-07	0.00e+00	0.00e+00	0.00e+00	0.00e+00	0.00e+00	7.61e-01	1.09e-07	8.51e-08
 2.01612e+23	7.70e-01	2.30e-01	2.57e-04	4.18e-07	0.00e+00	0.00e+00	0.00e+00	0.00e+00	0.00e+00	7.70e-01	1.08e-07	8.44e-08
 2.01953e+23	7.79e-01	2.21e-01	2.36e-04	3.93e-07	0.00e+00	0.00e+00	0.00e+00	0.00e+00	0.00e+00	7.79e-01	1.07e-07	8.38e-08
 2.02297e+23	7.87e-01	2.13e-01	2.16e-04	3.69e-07	0.00e+00	0.00e+00	0.00e+00	0.00e+00	0.00e+00	7.87e-01	1.07e-07	8.32e-08
 2.02654e+23	7.95e-01	2.04e-01	1.97e-04	3.47e-07	0.00e+00	0.00e+00	0.00e+00	0.00e+00	0.00e+00	7.95e-01	1.06e-07	8.25e-08
 2.03022e+23	8.04e-01	1.96e-01	1.80e-04	3.25e-07	0.00e+00	0.00e+00	0.00e+00	0.00e+00	0.00e+00	8.04e-01	1.05e-07	8.17e-08
 2.03394e+23	8.11e-01	1.88e-01	1.65e-04	3.05e-07	0.00e+00	0.00e+00	0.00e+00	0.00e+00	0.00e+00	8.11e-01	1.05e-07	8.10e-08
 2.03772e+23	8.19e-01	1.81e-01	1.50e-04	2.87e-07	0.00e+00	0.00e+00	0.00e+00	0.00e+00	0.00e+00	8.19e-01	1.04e-07	8.03e-08
 2.04164e+23	8.26e-01	1.74e-01	1.37e-04	2.69e-07	0.00e+00	0.00e+00	0.00e+00	0.00e+00	0.00e+00	8.26e-01	1.03e-07	7.95e-08
 2.04567e+23	8.33e-01	1.66e-01	1.25e-04	2.52e-07	0.00e+00	0.00e+00	0.00e+00	0.00e+00	0.00e+00	8.33e-01	1.03e-07	7.88e-08
 2.04977e+23	8.40e-01	1.60e-01	1.14e-04	2.37e-07	0.00e+00	0.00e+00	0.00e+00	0.00e+00	0.00e+00	8.40e-01	1.02e-07	7.79e-08
 2.05394e+23	8.47e-01	1.53e-01	1.04e-04	2.23e-07	0.00e+00	0.00e+00	0.00e+00	0.00e+00	0.00e+00	8.47e-01	1.01e-07	7.72e-08
 2.05825e+23	8.53e-01	1.47e-01	9.45e-05	2.09e-07	0.00e+00	0.00e+00	0.00e+00	0.00e+00	0.00e+00	8.53e-01	1.00e-07	7.64e-08
 2.06270e+23	8.60e-01	1.40e-01	8.59e-05	1.96e-07	0.00e+00	0.00e+00	0.00e+00	0.00e+00	0.00e+00	8.60e-01	9.97e-08	7.56e-08
 2.06725e+23	8.66e-01	1.34e-01	7.81e-05	1.84e-07	0.00e+00	0.00e+00	0.00e+00	0.00e+00	0.00e+00	8.66e-01	9.89e-08	7.48e-08
 2.07189e+23	8.71e-01	1.29e-01	7.12e-05	1.73e-07	0.00e+00	0.00e+00	0.00e+00	0.00e+00	0.00e+00	8.71e-01	9.83e-08	7.41e-08
 2.07658e+23	8.77e-01	1.23e-01	6.49e-05	1.62e-07	0.00e+00	0.00e+00	0.00e+00	0.00e+00	0.00e+00	8.77e-01	9.76e-08	7.33e-08
 2.08137e+23	8.82e-01	1.18e-01	5.92e-05	1.52e-07	0.00e+00	0.00e+00	0.00e+00	0.00e+00	0.00e+00	8.82e-01	9.70e-08	7.26e-08
 2.08626e+23	8.87e-01	1.13e-01	5.40e-05	1.43e-07	0.00e+00	0.00e+00	0.00e+00	0.00e+00	0.00e+00	8.87e-01	9.64e-08	7.19e-08
 2.09118e+23	8.92e-01	1.08e-01	4.95e-05	1.34e-07	0.00e+00	0.00e+00	0.00e+00	0.00e+00	0.00e+00	8.92e-01	9.58e-08	7.12e-08
 2.09612e+23	8.96e-01	1.04e-01	4.54e-05	1.26e-07	0.00e+00	0.00e+00	0.00e+00	0.00e+00	0.00e+00	8.96e-01	9.52e-08	7.05e-08
 2.10114e+23	9.00e-01	9.96e-02	4.18e-05	0.00e+00	0.00e+00	0.00e+00	0.00e+00	0.00e+00	0.00e+00	9.00e-01	9.48e-08	6.99e-08
 2.10619e+23	9.04e-01	9.56e-02	3.85e-05	0.00e+00	0.00e+00	0.00e+00	0.00e+00	0.00e+00	0.00e+00	9.04e-01	9.44e-08	6.93e-08
 2.11129e+23	9.08e-01	9.17e-02	3.55e-05	0.00e+00	0.00e+00	0.00e+00	0.00e+00	0.00e+00	0.00e+00	9.08e-01	9.40e-08	6.88e-08
 2.11655e+23	9.12e-01	8.80e-02	3.29e-05	0.00e+00	0.00e+00	0.00e+00	0.00e+00	0.00e+00	0.00e+00	9.12e-01	9.36e-08	6.82e-08
 2.12186e+23	9.16e-01	8.44e-02	3.05e-05	0.00e+00	0.00e+00	0.00e+00	0.00e+00	0.00e+00	0.00e+00	9.16e-01	9.32e-08	6.77e-08
 2.12711e+23	9.19e-01	8.11e-02	2.84e-05	0.00e+00	0.00e+00	0.00e+00	0.00e+00	0.00e+00	0.00e+00	9.19e-01	9.29e-08	6.72e-08
 2.13244e+23	9.22e-01	7.78e-02	2.65e-05	0.00e+00	0.00e+00	0.00e+00	0.00e+00	0.00e+00	0.00e+00	9.22e-01	9.26e-08	6.67e-08
 2.13793e+23	9.25e-01	7.46e-02	2.47e-05	0.00e+00	0.00e+00	0.00e+00	0.00e+00	0.00e+00	0.00e+00	9.25e-01	9.24e-08	6.62e-08
 2.14350e+23	9.28e-01	7.16e-02	2.32e-05	0.00e+00	0.00e+00	0.00e+00	0.00e+00	0.00e+00	0.00e+00	9.28e-01	9.22e-08	6.58e-08
 2.14902e+23	9.31e-01	6.87e-02	2.18e-05	0.00e+00	0.00e+00	0.00e+00	0.00e+00	0.00e+00	0.00e+00	9.31e-01	9.19e-08	6.53e-08
 2.15440e+23	9.34e-01	6.61e-02	2.06e-05	0.00e+00	0.00e+00	0.00e+00	0.00e+00	0.00e+00	0.00e+00	9.34e-01	9.15e-08	6.49e-08
 2.15944e+23	9.36e-01	6.38e-02	1.97e-05	0.00e+00	0.00e+00	0.00e+00	0.00e+00	0.00e+00	0.00e+00	9.36e-01	9.13e-08	6.45e-08
 2.16414e+23	9.38e-01	6.17e-02	1.89e-05	0.00e+00	0.00e+00	0.00e+00	0.00e+00	0.00e+00	0.00e+00	9.38e-01	9.11e-08	6.41e-08
 2.16861e+23	9.40e-01	5.98e-02	1.82e-05	0.00e+00	0.00e+00	0.00e+00	0.00e+00	0.00e+00	0.00e+00	9.40e-01	9.09e-08	6.38e-08
 2.17288e+23	9.42e-01	5.81e-02	1.75e-05	0.00e+00	0.00e+00	0.00e+00	0.00e+00	0.00e+00	0.00e+00	9.42e-01	9.07e-08	6.35e-08
 2.17696e+23	9.44e-01	5.64e-02	1.70e-05	0.00e+00	0.00e+00	0.00e+00	0.00e+00	0.00e+00	0.00e+00	9.44e-01	9.05e-08	6.32e-08
 2.18086e+23	9.45e-01	5.48e-02	1.65e-05	0.00e+00	0.00e+00	0.00e+00	0.00e+00	0.00e+00	0.00e+00	9.45e-01	9.04e-08	6.29e-08
 2.18451e+23	9.47e-01	5.35e-02	1.61e-05	0.00e+00	0.00e+00	0.00e+00	0.00e+00	0.00e+00	0.00e+00	9.47e-01	9.02e-08	6.26e-08
 2.18798e+23	9.48e-01	5.22e-02	1.57e-05	0.00e+00	0.00e+00	0.00e+00	0.00e+00	0.00e+00	0.00e+00	9.48e-01	9.01e-08	6.24e-08
 2.19140e+23	9.49e-01	5.09e-02	1.54e-05	0.00e+00	0.00e+00	0.00e+00	0.00e+00	0.00e+00	0.00e+00	9.49e-01	9.00e-08	6.22e-08
 2.19472e+23	9.50e-01	4.96e-02	1.51e-05	0.00e+00	0.00e+00	0.00e+00	0.00e+00	0.00e+00	0.00e+00	9.50e-01	8.98e-08	6.20e-08
 2.19789e+23	9.52e-01	4.85e-02	1.48e-05	0.00e+00	0.00e+00	0.00e+00	0.00e+00	0.00e+00	0.00e+00	9.52e-01	8.97e-08	6.17e-08
 2.20094e+23	9.53e-01	4.74e-02	1.45e-05	0.00e+00	0.00e+00	0.00e+00	0.00e+00	0.00e+00	0.00e+00	9.53e-01	8.96e-08	6.15e-08
 2.20388e+23	9.54e-01	4.63e-02	1.43e-05	0.00e+00	0.00e+00	0.00e+00	0.00e+00	0.00e+00	0.00e+00	9.54e-01	8.95e-08	6.13e-08
 2.20671e+23	9.55e-01	4.53e-02	1.40e-05	0.00e+00	0.00e+00	0.00e+00	0.00e+00	0.00e+00	0.00e+00	9.55e-01	8.94e-08	6.11e-08
 2.20943e+23	9.56e-01	4.43e-02	1.38e-05	0.00e+00	0.00e+00	0.00e+00	0.00e+00	0.00e+00	0.00e+00	9.56e-01	8.92e-08	6.09e-08
 2.21199e+23	9.57e-01	4.34e-02	1.36e-05	0.00e+00	0.00e+00	0.00e+00	0.00e+00	0.00e+00	0.00e+00	9.57e-01	8.91e-08	6.07e-08
 2.21431e+23	9.57e-01	4.26e-02	1.35e-05	0.00e+00	0.00e+00	0.00e+00	0.00e+00	0.00e+00	0.00e+00	9.57e-01	8.89e-08	6.05e-08
 2.21643e+23	9.58e-01	4.19e-02	1.33e-05	0.00e+00	0.00e+00	0.00e+00	0.00e+00	0.00e+00	0.00e+00	9.58e-01	8.88e-08	6.03e-08
 2.21835e+23	9.59e-01	4.12e-02	1.32e-05	0.00e+00	0.00e+00	0.00e+00	0.00e+00	0.00e+00	0.00e+00	9.59e-01	8.86e-08	6.01e-08
 2.22011e+23	9.59e-01	4.07e-02	1.31e-05	0.00e+00	0.00e+00	0.00e+00	0.00e+00	0.00e+00	0.00e+00	9.59e-01	8.85e-08	5.99e-08
 2.22170e+23	9.60e-01	4.01e-02	1.30e-05	0.00e+00	0.00e+00	0.00e+00	0.00e+00	0.00e+00	0.00e+00	9.60e-01	8.84e-08	5.98e-08
 2.22315e+23	9.60e-01	3.96e-02	1.29e-05	0.00e+00	0.00e+00	0.00e+00	0.00e+00	0.00e+00	0.00e+00	9.60e-01	8.82e-08	5.96e-08
 2.22447e+23	9.61e-01	3.91e-02	1.28e-05	0.00e+00	0.00e+00	0.00e+00	0.00e+00	0.00e+00	0.00e+00	9.61e-01	8.78e-08	5.94e-08
 2.22567e+23	9.61e-01	3.88e-02	1.27e-05	0.00e+00	0.00e+00	0.00e+00	0.00e+00	0.00e+00	0.00e+00	9.61e-01	8.77e-08	5.93e-08
 2.22699e+23	9.62e-01	3.84e-02	1.26e-05	0.00e+00	0.00e+00	0.00e+00	0.00e+00	0.00e+00	0.00e+00	9.62e-01	8.74e-08	5.92e-08
 2.22870e+23	9.62e-01	3.77e-02	1.25e-05	0.00e+00	0.00e+00	0.00e+00	0.00e+00	0.00e+00	0.00e+00	9.62e-01	8.71e-08	5.91e-08
 2.23055e+23	9.63e-01	3.71e-02	1.24e-05	0.00e+00	0.00e+00	0.00e+00	0.00e+00	0.00e+00	0.00e+00	9.63e-01	8.67e-08	5.89e-08
 2.23223e+23	9.63e-01	3.65e-02	1.23e-05	0.00e+00	0.00e+00	0.00e+00	0.00e+00	0.00e+00	0.00e+00	9.63e-01	8.63e-08	5.87e-08
 2.23376e+23	9.64e-01	3.60e-02	1.22e-05	0.00e+00	0.00e+00	0.00e+00	0.00e+00	0.00e+00	0.00e+00	9.64e-01	8.61e-08	5.86e-08
 2.23516e+23	9.64e-01	3.56e-02	1.21e-05	0.00e+00	0.00e+00	0.00e+00	0.00e+00	0.00e+00	0.00e+00	9.64e-01	8.58e-08	5.84e-08
 2.23642e+23	9.65e-01	3.52e-02	1.20e-05	0.00e+00	0.00e+00	0.00e+00	0.00e+00	0.00e+00	0.00e+00	9.65e-01	8.55e-08	5.83e-08
 2.23781e+23	9.65e-01	3.46e-02	1.19e-05	0.00e+00	0.00e+00	0.00e+00	0.00e+00	0.00e+00	0.00e+00	9.65e-01	8.52e-08	5.81e-08
 2.23931e+23	9.66e-01	3.42e-02	1.18e-05	0.00e+00	0.00e+00	0.00e+00	0.00e+00	0.00e+00	0.00e+00	9.66e-01	8.50e-08	5.80e-08
 2.24068e+23	9.66e-01	3.39e-02	1.17e-05	0.00e+00	0.00e+00	0.00e+00	0.00e+00	0.00e+00	0.00e+00	9.66e-01	8.49e-08	5.79e-08
 2.24217e+23	9.67e-01	3.34e-02	1.16e-05	0.00e+00	0.00e+00	0.00e+00	0.00e+00	0.00e+00	0.00e+00	9.67e-01	8.47e-08	5.78e-08
 2.24379e+23	9.67e-01	3.30e-02	1.15e-05	0.00e+00	0.00e+00	0.00e+00	0.00e+00	0.00e+00	0.00e+00	9.67e-01	8.46e-08	5.78e-08
 2.24555e+23	9.68e-01	3.25e-02	1.13e-05	0.00e+00	0.00e+00	0.00e+00	0.00e+00	0.00e+00	0.00e+00	9.68e-01	8.44e-08	5.77e-08
 2.24746e+23	9.68e-01	3.19e-02	1.12e-05	0.00e+00	0.00e+00	0.00e+00	0.00e+00	0.00e+00	0.00e+00	9.68e-01	8.42e-08	5.75e-08
 2.24920e+23	9.69e-01	3.15e-02	1.11e-05	0.00e+00	0.00e+00	0.00e+00	0.00e+00	0.00e+00	0.00e+00	9.69e-01	8.40e-08	5.74e-08
 2.25078e+23	9.69e-01	3.10e-02	1.10e-05	0.00e+00	0.00e+00	0.00e+00	0.00e+00	0.00e+00	0.00e+00	9.69e-01	8.37e-08	5.72e-08
 2.25222e+23	9.69e-01	3.08e-02	1.09e-05	0.00e+00	0.00e+00	0.00e+00	0.00e+00	0.00e+00	0.00e+00	9.69e-01	8.38e-08	5.73e-08
 2.25380e+23	9.70e-01	3.03e-02	1.08e-05	0.00e+00	0.00e+00	0.00e+00	0.00e+00	0.00e+00	0.00e+00	9.70e-01	8.36e-08	5.72e-08
 2.25550e+23	9.70e-01	2.99e-02	1.06e-05	0.00e+00	0.00e+00	0.00e+00	0.00e+00	0.00e+00	0.00e+00	9.70e-01	8.34e-08	5.70e-08
 2.25705e+23	9.71e-01	2.95e-02	1.05e-05	0.00e+00	0.00e+00	0.00e+00	0.00e+00	0.00e+00	0.00e+00	9.71e-01	8.33e-08	5.69e-08
 2.25875e+23	9.71e-01	2.90e-02	1.04e-05	0.00e+00	0.00e+00	0.00e+00	0.00e+00	0.00e+00	0.00e+00	9.71e-01	8.32e-08	5.68e-08
 2.26058e+23	9.71e-01	2.86e-02	1.03e-05	0.00e+00	0.00e+00	0.00e+00	0.00e+00	0.00e+00	0.00e+00	9.71e-01	8.30e-08	5.67e-08
 2.26225e+23	9.72e-01	2.82e-02	1.02e-05	0.00e+00	0.00e+00	0.00e+00	0.00e+00	0.00e+00	0.00e+00	9.72e-01	8.28e-08	5.66e-08
 2.26376e+23	9.72e-01	2.78e-02	1.01e-05	0.00e+00	0.00e+00	0.00e+00	0.00e+00	0.00e+00	0.00e+00	9.72e-01	8.27e-08	5.65e-08
 2.26514e+23	9.73e-01	2.75e-02	9.94e-06	0.00e+00	0.00e+00	0.00e+00	0.00e+00	0.00e+00	0.00e+00	9.73e-01	8.24e-08	5.63e-08
 2.26640e+23	9.73e-01	2.72e-02	9.86e-06	0.00e+00	0.00e+00	0.00e+00	0.00e+00	0.00e+00	0.00e+00	9.73e-01	8.23e-08	5.62e-08
 2.26778e+23	9.73e-01	2.69e-02	9.75e-06	0.00e+00	0.00e+00	0.00e+00	0.00e+00	0.00e+00	0.00e+00	9.73e-01	8.22e-08	5.61e-08
 2.26957e+23	9.74e-01	2.64e-02	9.60e-06	0.00e+00	0.00e+00	0.00e+00	0.00e+00	0.00e+00	0.00e+00	9.74e-01	8.20e-08	5.59e-08
 2.27150e+23	9.74e-01	2.59e-02	9.46e-06	0.00e+00	0.00e+00	0.00e+00	0.00e+00	0.00e+00	0.00e+00	9.74e-01	8.18e-08	5.57e-08
 2.27326e+23	9.75e-01	2.55e-02	9.34e-06	0.00e+00	0.00e+00	0.00e+00	0.00e+00	0.00e+00	0.00e+00	9.75e-01	8.16e-08	5.55e-08
 2.27486e+23	9.75e-01	2.51e-02	9.24e-06	0.00e+00	0.00e+00	0.00e+00	0.00e+00	0.00e+00	0.00e+00	9.75e-01	8.14e-08	5.54e-08
 2.27632e+23	9.75e-01	2.48e-02	9.14e-06	0.00e+00	0.00e+00	0.00e+00	0.00e+00	0.00e+00	0.00e+00	9.75e-01	8.12e-08	5.53e-08
 2.27791e+23	9.76e-01	2.44e-02	9.03e-06	0.00e+00	0.00e+00	0.00e+00	0.00e+00	0.00e+00	0.00e+00	9.76e-01	8.11e-08	5.51e-08
 2.27963e+23	9.76e-01	2.40e-02	8.92e-06	0.00e+00	0.00e+00	0.00e+00	0.00e+00	0.00e+00	0.00e+00	9.76e-01	8.09e-08	5.49e-08
 2.28120e+23	9.76e-01	2.37e-02	8.82e-06	0.00e+00	0.00e+00	0.00e+00	0.00e+00	0.00e+00	0.00e+00	9.76e-01	8.07e-08	5.47e-08
 2.28263e+23	9.77e-01	2.34e-02	8.73e-06	0.00e+00	0.00e+00	0.00e+00	0.00e+00	0.00e+00	0.00e+00	9.77e-01	8.04e-08	5.45e-08
 2.28393e+23	9.77e-01	2.32e-02	8.67e-06	0.00e+00	0.00e+00	0.00e+00	0.00e+00	0.00e+00	0.00e+00	9.77e-01	8.04e-08	5.44e-08
 2.28535e+23	9.77e-01	2.28e-02	8.57e-06	0.00e+00	0.00e+00	0.00e+00	0.00e+00	0.00e+00	0.00e+00	9.77e-01	8.02e-08	5.43e-08
 2.28689e+23	9.77e-01	2.25e-02	8.48e-06	0.00e+00	0.00e+00	0.00e+00	0.00e+00	0.00e+00	0.00e+00	9.77e-01	8.00e-08	5.41e-08
 2.28828e+23	9.78e-01	2.22e-02	8.39e-06	0.00e+00	0.00e+00	0.00e+00	0.00e+00	0.00e+00	0.00e+00	9.78e-01	7.97e-08	5.38e-08
 2.28955e+23	9.78e-01	2.20e-02	8.33e-06	0.00e+00	0.00e+00	0.00e+00	0.00e+00	0.00e+00	0.00e+00	9.78e-01	7.97e-08	5.37e-08
 2.29095e+23	9.78e-01	2.18e-02	8.25e-06	0.00e+00	0.00e+00	0.00e+00	0.00e+00	0.00e+00	0.00e+00	9.78e-01	7.95e-08	5.36e-08
 2.29276e+23	9.79e-01	2.14e-02	8.15e-06	0.00e+00	0.00e+00	0.00e+00	0.00e+00	0.00e+00	0.00e+00	9.79e-01	7.89e-08	5.32e-08
 2.29472e+23	9.79e-01	2.11e-02	8.05e-06	0.00e+00	0.00e+00	0.00e+00	0.00e+00	0.00e+00	0.00e+00	9.79e-01	7.81e-08	5.27e-08
 2.29650e+23	9.79e-01	2.07e-02	7.96e-06	0.00e+00	0.00e+00	0.00e+00	0.00e+00	0.00e+00	0.00e+00	9.79e-01	7.74e-08	5.23e-08
 2.29845e+23	9.80e-01	2.04e-02	7.86e-06	0.00e+00	0.00e+00	0.00e+00	0.00e+00	0.00e+00	0.00e+00	9.80e-01	7.67e-08	5.19e-08
 2.30055e+23	9.80e-01	2.00e-02	7.76e-06	0.00e+00	0.00e+00	0.00e+00	0.00e+00	0.00e+00	0.00e+00	9.80e-01	7.59e-08	5.14e-08
 2.30247e+23	9.80e-01	1.97e-02	7.68e-06	0.00e+00	0.00e+00	0.00e+00	0.00e+00	0.00e+00	0.00e+00	9.80e-01	7.53e-08	5.09e-08
 2.30457e+23	9.81e-01	1.94e-02	7.57e-06	0.00e+00	0.00e+00	0.00e+00	0.00e+00	0.00e+00	0.00e+00	9.81e-01	7.46e-08	5.02e-08
 2.30683e+23	9.81e-01	1.90e-02	7.47e-06	0.00e+00	0.00e+00	0.00e+00	0.00e+00	0.00e+00	0.00e+00	9.81e-01	7.38e-08	4.96e-08
 2.30890e+23	9.81e-01	1.87e-02	7.39e-06	0.00e+00	0.00e+00	0.00e+00	0.00e+00	0.00e+00	0.00e+00	9.81e-01	7.32e-08	4.90e-08
 2.31077e+23	9.82e-01	1.84e-02	7.31e-06	0.00e+00	0.00e+00	0.00e+00	0.00e+00	0.00e+00	0.00e+00	9.82e-01	7.23e-08	4.83e-08
 2.31248e+23	9.82e-01	1.82e-02	7.24e-06	0.00e+00	0.00e+00	0.00e+00	0.00e+00	0.00e+00	0.00e+00	9.82e-01	7.19e-08	4.80e-08
 2.31435e+23	9.82e-01	1.79e-02	7.16e-06	0.00e+00	0.00e+00	0.00e+00	0.00e+00	0.00e+00	0.00e+00	9.82e-01	7.14e-08	4.75e-08
 2.31679e+23	9.82e-01	1.75e-02	7.05e-06	0.00e+00	0.00e+00	0.00e+00	0.00e+00	0.00e+00	0.00e+00	9.82e-01	7.05e-08	4.68e-08
 2.31941e+23	9.83e-01	1.72e-02	6.95e-06	0.00e+00	0.00e+00	0.00e+00	0.00e+00	0.00e+00	0.00e+00	9.83e-01	6.98e-08	4.62e-08
 2.32181e+23	9.83e-01	1.68e-02	6.86e-06	0.00e+00	0.00e+00	0.00e+00	0.00e+00	0.00e+00	0.00e+00	9.83e-01	6.90e-08	4.56e-08
 2.32398e+23	9.83e-01	1.66e-02	6.79e-06	0.00e+00	0.00e+00	0.00e+00	0.00e+00	0.00e+00	0.00e+00	9.83e-01	6.85e-08	4.51e-08
 2.32596e+23	9.84e-01	1.63e-02	6.71e-06	0.00e+00	0.00e+00	0.00e+00	0.00e+00	0.00e+00	0.00e+00	9.84e-01	6.74e-08	4.43e-08
 2.32776e+23	9.84e-01	1.61e-02	6.66e-06	0.00e+00	0.00e+00	0.00e+00	0.00e+00	0.00e+00	0.00e+00	9.84e-01	6.71e-08	4.40e-08
 2.32974e+23	9.84e-01	1.59e-02	6.58e-06	0.00e+00	0.00e+00	0.00e+00	0.00e+00	0.00e+00	0.00e+00	9.84e-01	6.64e-08	4.35e-08
 2.33187e+23	9.84e-01	1.56e-02	6.51e-06	0.00e+00	0.00e+00	0.00e+00	0.00e+00	0.00e+00	0.00e+00	9.84e-01	6.56e-08	4.29e-08
 2.33381e+23	9.85e-01	1.54e-02	6.45e-06	0.00e+00	0.00e+00	0.00e+00	0.00e+00	0.00e+00	0.00e+00	9.85e-01	6.51e-08	4.25e-08
 2.33593e+23	9.85e-01	1.51e-02	6.37e-06	0.00e+00	0.00e+00	0.00e+00	0.00e+00	0.00e+00	0.00e+00	9.85e-01	6.43e-08	4.18e-08
 2.33823e+23	9.85e-01	1.49e-02	6.30e-06	0.00e+00	0.00e+00	0.00e+00	0.00e+00	0.00e+00	0.00e+00	9.85e-01	6.35e-08	4.12e-08
 2.34031e+23	9.85e-01	1.46e-02	6.23e-06	0.00e+00	0.00e+00	0.00e+00	0.00e+00	0.00e+00	0.00e+00	9.85e-01	6.26e-08	4.05e-08
 2.34221e+23	9.86e-01	1.44e-02	6.18e-06	0.00e+00	0.00e+00	0.00e+00	0.00e+00	0.00e+00	0.00e+00	9.86e-01	6.23e-08	4.02e-08
 2.34429e+23	9.86e-01	1.42e-02	6.11e-06	0.00e+00	0.00e+00	0.00e+00	0.00e+00	0.00e+00	0.00e+00	9.86e-01	6.15e-08	3.96e-08
 2.34654e+23	9.86e-01	1.39e-02	6.04e-06	0.00e+00	0.00e+00	0.00e+00	0.00e+00	0.00e+00	0.00e+00	9.86e-01	6.07e-08	3.89e-08
 2.34859e+23	9.86e-01	1.38e-02	5.99e-06	0.00e+00	0.00e+00	0.00e+00	0.00e+00	0.00e+00	0.00e+00	9.86e-01	6.02e-08	3.85e-08
 2.35083e+23	9.86e-01	1.35e-02	5.92e-06	0.00e+00	0.00e+00	0.00e+00	0.00e+00	0.00e+00	0.00e+00	9.86e-01	5.93e-08	3.78e-08
 2.35325e+23	9.87e-01	1.32e-02	5.85e-06	0.00e+00	0.00e+00	0.00e+00	0.00e+00	0.00e+00	0.00e+00	9.87e-01	5.85e-08	3.72e-08
 2.35545e+23	9.87e-01	1.31e-02	5.79e-06	0.00e+00	0.00e+00	0.00e+00	0.00e+00	0.00e+00	0.00e+00	9.87e-01	5.80e-08	3.68e-08
 2.35786e+23	9.87e-01	1.28e-02	5.72e-06	0.00e+00	0.00e+00	0.00e+00	0.00e+00	0.00e+00	0.00e+00	9.87e-01	5.71e-08	3.60e-08
 2.36047e+23	9.87e-01	1.25e-02	5.65e-06	0.00e+00	0.00e+00	0.00e+00	0.00e+00	0.00e+00	0.00e+00	9.87e-01	5.63e-08	3.54e-08
 2.36284e+23	9.88e-01	1.23e-02	5.60e-06	0.00e+00	0.00e+00	0.00e+00	0.00e+00	0.00e+00	0.00e+00	9.88e-01	5.58e-08	3.50e-08
 2.36543e+23	9.88e-01	1.21e-02	5.52e-06	0.00e+00	0.00e+00	0.00e+00	0.00e+00	0.00e+00	0.00e+00	9.88e-01	5.49e-08	3.44e-08
 2.36824e+23	9.88e-01	1.18e-02	5.45e-06	0.00e+00	0.00e+00	0.00e+00	0.00e+00	0.00e+00	0.00e+00	9.88e-01	5.42e-08	3.38e-08
 2.37079e+23	9.88e-01	1.16e-02	5.40e-06	0.00e+00	0.00e+00	0.00e+00	0.00e+00	0.00e+00	0.00e+00	9.88e-01	5.36e-08	3.34e-08
 2.37359e+23	9.89e-01	1.14e-02	5.32e-06	0.00e+00	0.00e+00	0.00e+00	0.00e+00	0.00e+00	0.00e+00	9.89e-01	5.29e-08	3.28e-08
 2.37661e+23	9.89e-01	1.11e-02	5.25e-06	0.00e+00	0.00e+00	0.00e+00	0.00e+00	0.00e+00	0.00e+00	9.89e-01	5.20e-08	3.21e-08
 2.37935e+23	9.89e-01	1.09e-02	5.20e-06	0.00e+00	0.00e+00	0.00e+00	0.00e+00	0.00e+00	0.00e+00	9.89e-01	5.14e-08	3.15e-08
 2.38236e+23	9.89e-01	1.07e-02	5.12e-06	0.00e+00	0.00e+00	0.00e+00	0.00e+00	0.00e+00	0.00e+00	9.89e-01	5.06e-08	3.08e-08
 2.38561e+23	9.90e-01	1.04e-02	5.05e-06	0.00e+00	0.00e+00	0.00e+00	0.00e+00	0.00e+00	0.00e+00	9.90e-01	4.99e-08	3.02e-08
 2.38857e+23	9.90e-01	1.02e-02	4.99e-06	0.00e+00	0.00e+00	0.00e+00	0.00e+00	0.00e+00	0.00e+00	9.90e-01	4.92e-08	2.96e-08
 2.39126e+23	9.90e-01	1.00e-02	4.94e-06	0.00e+00	0.00e+00	0.00e+00	0.00e+00	0.00e+00	0.00e+00	9.90e-01	4.85e-08	2.91e-08
 2.39421e+23	9.90e-01	9.80e-03	4.87e-06	0.00e+00	0.00e+00	0.00e+00	0.00e+00	0.00e+00	0.00e+00	9.90e-01	4.77e-08	2.85e-08
 2.39739e+23	9.90e-01	9.59e-03	4.81e-06	0.00e+00	0.00e+00	0.00e+00	0.00e+00	0.00e+00	0.00e+00	9.90e-01	4.70e-08	2.79e-08
 2.40029e+23	9.91e-01	9.39e-03	4.76e-06	0.00e+00	0.00e+00	0.00e+00	0.00e+00	0.00e+00	0.00e+00	9.91e-01	4.62e-08	2.74e-08
 2.40293e+23	9.91e-01	9.25e-03	4.71e-06	0.00e+00	0.00e+00	0.00e+00	0.00e+00	0.00e+00	0.00e+00	9.91e-01	4.57e-08	2.69e-08
 2.40581e+23	9.91e-01	9.05e-03	4.65e-06	0.00e+00	0.00e+00	0.00e+00	0.00e+00	0.00e+00	0.00e+00	9.91e-01	4.49e-08	2.64e-08
 2.40893e+23	9.91e-01	8.83e-03	4.59e-06	0.00e+00	0.00e+00	0.00e+00	0.00e+00	0.00e+00	0.00e+00	9.91e-01	4.40e-08	2.57e-08
 2.41177e+23	9.91e-01	8.69e-03	4.55e-06	0.00e+00	0.00e+00	0.00e+00	0.00e+00	0.00e+00	0.00e+00	9.91e-01	4.36e-08	2.54e-08
 2.41488e+23	9.92e-01	8.49e-03	4.49e-06	0.00e+00	0.00e+00	0.00e+00	0.00e+00	0.00e+00	0.00e+00	9.92e-01	4.29e-08	2.48e-08
 2.41824e+23	9.92e-01	8.27e-03	4.43e-06	0.00e+00	0.00e+00	0.00e+00	0.00e+00	0.00e+00	0.00e+00	9.92e-01	4.20e-08	2.42e-08
 2.42129e+23	9.92e-01	8.12e-03	4.38e-06	0.00e+00	0.00e+00	0.00e+00	0.00e+00	0.00e+00	0.00e+00	9.92e-01	4.16e-08	2.38e-08
 2.42464e+23	9.92e-01	7.93e-03	4.32e-06	0.00e+00	0.00e+00	0.00e+00	0.00e+00	0.00e+00	0.00e+00	9.92e-01	4.08e-08	2.33e-08
 2.42826e+23	9.92e-01	7.71e-03	4.26e-06	0.00e+00	0.00e+00	0.00e+00	0.00e+00	0.00e+00	0.00e+00	9.92e-01	3.99e-08	2.26e-08
 2.43154e+23	9.92e-01	7.56e-03	4.21e-06	0.00e+00	0.00e+00	0.00e+00	0.00e+00	0.00e+00	0.00e+00	9.92e-01	3.95e-08	2.22e-08
 2.43515e+23	9.93e-01	7.37e-03	4.15e-06	0.00e+00	0.00e+00	0.00e+00	0.00e+00	0.00e+00	0.00e+00	9.93e-01	3.88e-08	2.17e-08
 2.43904e+23	9.93e-01	7.18e-03	4.09e-06	0.00e+00	0.00e+00	0.00e+00	0.00e+00	0.00e+00	0.00e+00	9.93e-01	3.81e-08	2.12e-08
 2.44258e+23	9.93e-01	7.01e-03	4.04e-06	0.00e+00	0.00e+00	0.00e+00	0.00e+00	0.00e+00	0.00e+00	9.93e-01	3.75e-08	2.07e-08
 2.44580e+23	9.93e-01	6.87e-03	4.00e-06	0.00e+00	0.00e+00	0.00e+00	0.00e+00	0.00e+00	0.00e+00	9.93e-01	3.69e-08	2.03e-08
 2.44933e+23	9.93e-01	6.71e-03	3.94e-06	0.00e+00	0.00e+00	0.00e+00	0.00e+00	0.00e+00	0.00e+00	9.93e-01	3.62e-08	1.98e-08
 2.45314e+23	9.93e-01	6.51e-03	3.89e-06	0.00e+00	0.00e+00	0.00e+00	0.00e+00	0.00e+00	0.00e+00	9.93e-01	3.55e-08	1.92e-08
 2.45661e+23	9.94e-01	6.39e-03	3.84e-06	0.00e+00	0.00e+00	0.00e+00	0.00e+00	0.00e+00	0.00e+00	9.94e-01	3.50e-08	1.89e-08
 2.46041e+23	9.94e-01	6.22e-03	3.78e-06	0.00e+00	0.00e+00	0.00e+00	0.00e+00	0.00e+00	0.00e+00	9.94e-01	3.44e-08	1.84e-08
 2.46452e+23	9.94e-01	6.05e-03	3.73e-06	0.00e+00	0.00e+00	0.00e+00	0.00e+00	0.00e+00	0.00e+00	9.94e-01	3.37e-08	1.79e-08
 2.46825e+23	9.94e-01	5.91e-03	3.69e-06	0.00e+00	0.00e+00	0.00e+00	0.00e+00	0.00e+00	0.00e+00	9.94e-01	3.31e-08	1.74e-08
 2.47234e+23	9.94e-01	5.75e-03	3.63e-06	0.00e+00	0.00e+00	0.00e+00	0.00e+00	0.00e+00	0.00e+00	9.94e-01	3.25e-08	1.70e-08
 2.47676e+23	9.94e-01	5.57e-03	3.57e-06	0.00e+00	0.00e+00	0.00e+00	0.00e+00	0.00e+00	0.00e+00	9.94e-01	3.16e-08	1.64e-08
 2.48078e+23	9.95e-01	5.44e-03	3.53e-06	0.00e+00	0.00e+00	0.00e+00	0.00e+00	0.00e+00	0.00e+00	9.95e-01	3.12e-08	1.60e-08
 2.48518e+23	9.95e-01	5.29e-03	3.47e-06	0.00e+00	0.00e+00	0.00e+00	0.00e+00	0.00e+00	0.00e+00	9.95e-01	3.05e-08	1.55e-08
 2.48994e+23	9.95e-01	5.13e-03	3.42e-06	0.00e+00	0.00e+00	0.00e+00	0.00e+00	0.00e+00	0.00e+00	9.95e-01	2.98e-08	1.50e-08
 2.49427e+23	9.95e-01	4.99e-03	3.37e-06	0.00e+00	0.00e+00	0.00e+00	0.00e+00	0.00e+00	0.00e+00	9.95e-01	2.92e-08	1.46e-08
 2.49821e+23	9.95e-01	4.88e-03	3.33e-06	0.00e+00	0.00e+00	0.00e+00	0.00e+00	0.00e+00	0.00e+00	9.95e-01	2.87e-08	1.42e-08
 2.50252e+23	9.95e-01	4.74e-03	3.28e-06	0.00e+00	0.00e+00	0.00e+00	0.00e+00	0.00e+00	0.00e+00	9.95e-01	2.81e-08	1.38e-08
 2.50718e+23	9.95e-01	4.58e-03	3.23e-06	0.00e+00	0.00e+00	0.00e+00	0.00e+00	0.00e+00	0.00e+00	9.95e-01	2.74e-08	1.33e-08
 2.51227e+23	9.96e-01	4.28e-03	3.16e-06	0.00e+00	0.00e+00	0.00e+00	0.00e+00	0.00e+00	0.00e+00	9.96e-01	2.68e-08	1.28e-08
 2.51857e+23	9.96e-01	3.94e-03	3.09e-06	0.00e+00	0.00e+00	0.00e+00	0.00e+00	0.00e+00	0.00e+00	9.96e-01	2.59e-08	1.21e-08
 2.52519e+23	9.96e-01	3.73e-03	3.03e-06	0.00e+00	0.00e+00	0.00e+00	0.00e+00	0.00e+00	0.00e+00	9.96e-01	2.51e-08	1.16e-08
 2.53163e+23	9.96e-01	3.53e-03	2.96e-06	0.00e+00	0.00e+00	0.00e+00	0.00e+00	0.00e+00	0.00e+00	9.96e-01	2.43e-08	1.10e-08
 2.53817e+23	9.97e-01	3.33e-03	2.90e-06	0.00e+00	0.00e+00	0.00e+00	0.00e+00	0.00e+00	0.00e+00	9.97e-01	2.35e-08	1.05e-08
 2.54479e+23	9.97e-01	3.14e-03	2.84e-06	0.00e+00	0.00e+00	0.00e+00	0.00e+00	0.00e+00	0.00e+00	9.97e-01	2.27e-08	9.91e-09
 2.55148e+23	9.97e-01	2.96e-03	2.78e-06	0.00e+00	0.00e+00	0.00e+00	0.00e+00	0.00e+00	0.00e+00	9.97e-01	2.19e-08	9.39e-09
 2.55824e+23	9.97e-01	2.78e-03	2.72e-06	0.00e+00	0.00e+00	0.00e+00	0.00e+00	0.00e+00	0.00e+00	9.97e-01	2.12e-08	8.89e-09
 2.56508e+23	9.97e-01	2.61e-03	2.66e-06	0.00e+00	0.00e+00	0.00e+00	0.00e+00	0.00e+00	0.00e+00	9.97e-01	2.04e-08	8.40e-09
 2.57201e+23	9.98e-01	2.45e-03	2.60e-06	0.00e+00	0.00e+00	0.00e+00	0.00e+00	0.00e+00	0.00e+00	9.98e-01	1.97e-08	7.93e-09
 2.57902e+23	9.98e-01	2.29e-03	2.55e-06	0.00e+00	0.00e+00	0.00e+00	0.00e+00	0.00e+00	0.00e+00	9.98e-01	1.90e-08	7.49e-09
 2.58611e+23	9.98e-01	2.14e-03	2.49e-06	0.00e+00	0.00e+00	0.00e+00	0.00e+00	0.00e+00	0.00e+00	9.98e-01	1.82e-08	7.07e-09
 2.59328e+23	9.98e-01	1.99e-03	2.43e-06	0.00e+00	0.00e+00	0.00e+00	0.00e+00	0.00e+00	0.00e+00	9.98e-01	1.75e-08	6.65e-09
 2.60053e+23	9.98e-01	1.86e-03	2.38e-06	0.00e+00	0.00e+00	0.00e+00	0.00e+00	0.00e+00	0.00e+00	9.98e-01	1.68e-08	6.25e-09
 2.60786e+23	9.98e-01	1.72e-03	2.33e-06	0.00e+00	0.00e+00	0.00e+00	0.00e+00	0.00e+00	0.00e+00	9.98e-01	1.61e-08	5.87e-09
 2.61526e+23	9.98e-01	1.60e-03	2.27e-06	0.00e+00	0.00e+00	0.00e+00	0.00e+00	0.00e+00	0.00e+00	9.98e-01	1.54e-08	5.49e-09
 2.62273e+23	9.99e-01	1.48e-03	2.22e-06	0.00e+00	0.00e+00	0.00e+00	0.00e+00	0.00e+00	0.00e+00	9.99e-01	1.47e-08	5.14e-09
 2.63027e+23	9.99e-01	1.37e-03	2.17e-06	0.00e+00	0.00e+00	0.00e+00	0.00e+00	0.00e+00	0.00e+00	9.99e-01	1.41e-08	4.79e-09
 2.63789e+23	9.99e-01	1.26e-03	2.12e-06	0.00e+00	0.00e+00	0.00e+00	0.00e+00	0.00e+00	0.00e+00	9.99e-01	1.34e-08	4.46e-09
 2.64560e+23	9.99e-01	1.16e-03	2.07e-06	0.00e+00	0.00e+00	0.00e+00	0.00e+00	0.00e+00	0.00e+00	9.99e-01	1.28e-08	4.15e-09
 2.65340e+23	9.99e-01	1.06e-03	2.03e-06	0.00e+00	0.00e+00	0.00e+00	0.00e+00	0.00e+00	0.00e+00	9.99e-01	1.22e-08	3.85e-09
 2.66126e+23	9.99e-01	9.74e-04	1.98e-06	0.00e+00	0.00e+00	0.00e+00	0.00e+00	0.00e+00	0.00e+00	9.99e-01	1.16e-08	3.56e-09
 2.66921e+23	9.99e-01	8.90e-04	1.93e-06	0.00e+00	0.00e+00	0.00e+00	0.00e+00	0.00e+00	0.00e+00	9.99e-01	1.10e-08	3.29e-09
 2.67724e+23	9.99e-01	8.12e-04	1.89e-06	0.00e+00	0.00e+00	0.00e+00	0.00e+00	0.00e+00	0.00e+00	9.99e-01	1.04e-08	3.03e-09
 2.68540e+23	9.99e-01	7.40e-04	1.84e-06	0.00e+00	0.00e+00	0.00e+00	0.00e+00	0.00e+00	0.00e+00	9.99e-01	9.85e-09	2.79e-09
 2.69378e+23	9.99e-01	6.71e-04	1.79e-06	0.00e+00	0.00e+00	0.00e+00	0.00e+00	0.00e+00	0.00e+00	9.99e-01	9.30e-09	2.55e-09
 2.70234e+23	9.99e-01	6.08e-04	1.75e-06	0.00e+00	0.00e+00	0.00e+00	0.00e+00	0.00e+00	0.00e+00	9.99e-01	8.77e-09	2.33e-09
 2.71101e+23	9.99e-01	5.48e-04	1.70e-06	0.00e+00	0.00e+00	0.00e+00	0.00e+00	0.00e+00	0.00e+00	9.99e-01	8.27e-09	2.12e-09
 2.71978e+23	1.00e+00	4.94e-04	1.66e-06	0.00e+00	0.00e+00	0.00e+00	0.00e+00	0.00e+00	0.00e+00	1.00e+00	7.77e-09	1.93e-09
 2.72866e+23	1.00e+00	4.43e-04	1.62e-06	0.00e+00	0.00e+00	0.00e+00	0.00e+00	0.00e+00	0.00e+00	1.00e+00	7.30e-09	1.75e-09
 2.73767e+23	1.00e+00	3.97e-04	1.58e-06	0.00e+00	0.00e+00	0.00e+00	0.00e+00	0.00e+00	0.00e+00	1.00e+00	6.84e-09	1.58e-09
 2.74680e+23	1.00e+00	3.55e-04	1.53e-06	0.00e+00	0.00e+00	0.00e+00	0.00e+00	0.00e+00	0.00e+00	1.00e+00	6.40e-09	1.43e-09
 2.75610e+23	1.00e+00	3.16e-04	1.49e-06	0.00e+00	0.00e+00	0.00e+00	0.00e+00	0.00e+00	0.00e+00	1.00e+00	5.98e-09	1.28e-09
 2.76557e+23	1.00e+00	2.81e-04	1.45e-06	0.00e+00	0.00e+00	0.00e+00	0.00e+00	0.00e+00	0.00e+00	1.00e+00	5.58e-09	1.15e-09
 2.77525e+23	1.00e+00	2.49e-04	1.41e-06	0.00e+00	0.00e+00	0.00e+00	0.00e+00	0.00e+00	0.00e+00	1.00e+00	5.20e-09	1.03e-09
 2.78522e+23	1.00e+00	2.20e-04	1.37e-06	0.00e+00	0.00e+00	0.00e+00	0.00e+00	0.00e+00	0.00e+00	1.00e+00	4.84e-09	9.20e-10
 2.79543e+23	1.00e+00	1.93e-04	1.33e-06	0.00e+00	0.00e+00	0.00e+00	0.00e+00	0.00e+00	0.00e+00	1.00e+00	4.49e-09	8.17e-10
 2.80582e+23	1.00e+00	1.69e-04	1.29e-06	0.00e+00	0.00e+00	0.00e+00	0.00e+00	0.00e+00	0.00e+00	1.00e+00	4.16e-09	7.24e-10
 2.81638e+23	1.00e+00	1.48e-04	1.25e-06	0.00e+00	0.00e+00	0.00e+00	0.00e+00	0.00e+00	0.00e+00	1.00e+00	3.85e-09	6.39e-10
 2.82714e+23	1.00e+00	1.29e-04	1.21e-06	0.00e+00	0.00e+00	0.00e+00	0.00e+00	0.00e+00	0.00e+00	1.00e+00	3.56e-09	5.62e-10
 2.83814e+23	1.00e+00	1.12e-04	1.17e-06	0.00e+00	0.00e+00	0.00e+00	0.00e+00	0.00e+00	0.00e+00	1.00e+00	3.28e-09	4.93e-10
 2.84938e+23	1.00e+00	9.70e-05	1.14e-06	0.00e+00	0.00e+00	0.00e+00	0.00e+00	0.00e+00	0.00e+00	1.00e+00	3.01e-09	4.31e-10
 2.86089e+23	1.00e+00	8.37e-05	1.10e-06	0.00e+00	0.00e+00	0.00e+00	0.00e+00	0.00e+00	0.00e+00	1.00e+00	2.76e-09	3.76e-10
 2.87270e+23	1.00e+00	7.19e-05	1.06e-06	0.00e+00	0.00e+00	0.00e+00	0.00e+00	0.00e+00	0.00e+00	1.00e+00	2.52e-09	3.26e-10
 2.88480e+23	1.00e+00	6.16e-05	1.03e-06	0.00e+00	0.00e+00	0.00e+00	0.00e+00	0.00e+00	0.00e+00	1.00e+00	2.29e-09	2.82e-10
 2.89717e+23	1.00e+00	5.26e-05	9.90e-07	0.00e+00	0.00e+00	0.00e+00	0.00e+00	0.00e+00	0.00e+00	1.00e+00	2.08e-09	2.42e-10
 2.90984e+23	1.00e+00	4.47e-05	9.54e-07	0.00e+00	0.00e+00	0.00e+00	0.00e+00	0.00e+00	0.00e+00	1.00e+00	1.88e-09	2.08e-10
 2.92282e+23	1.00e+00	3.80e-05	9.19e-07	0.00e+00	0.00e+00	0.00e+00	0.00e+00	0.00e+00	0.00e+00	1.00e+00	1.70e-09	1.78e-10
 2.93603e+23	1.00e+00	3.22e-05	8.85e-07	0.00e+00	0.00e+00	0.00e+00	0.00e+00	0.00e+00	0.00e+00	1.00e+00	1.53e-09	1.53e-10
 2.94937e+23	1.00e+00	2.74e-05	8.51e-07	0.00e+00	0.00e+00	0.00e+00	0.00e+00	0.00e+00	0.00e+00	1.00e+00	1.37e-09	1.31e-10
 2.96284e+23	1.00e+00	2.32e-05	8.19e-07	0.00e+00	0.00e+00	0.00e+00	0.00e+00	0.00e+00	0.00e+00	1.00e+00	1.22e-09	1.12e-10
 2.97644e+23	1.00e+00	1.97e-05	7.88e-07	0.00e+00	0.00e+00	0.00e+00	0.00e+00	0.00e+00	0.00e+00	1.00e+00	1.09e-09	9.52e-11
 2.99016e+23	1.00e+00	1.67e-05	7.57e-07	0.00e+00	0.00e+00	0.00e+00	0.00e+00	0.00e+00	0.00e+00	1.00e+00	9.65e-10	8.11e-11
