#depth	He	He+	He+2
 1.54284e+22	2.86e-11	5.80e-06	1.00e+00
 3.58130e+22	5.84e-11	8.22e-06	1.00e+00
 4.32473e+22	8.50e-11	9.89e-06	1.00e+00
 4.69644e+22	1.03e-10	1.09e-05	1.00e+00
 4.85133e+22	1.09e-10	1.12e-05	1.00e+00
 4.91006e+22	1.14e-10	1.15e-05	1.00e+00
 4.97390e+22	1.21e-10	1.18e-05	1.00e+00
 5.04156e+22	1.27e-10	1.21e-05	1.00e+00
 5.10344e+22	1.34e-10	1.24e-05	1.00e+00
 5.17314e+22	1.43e-10	1.29e-05	1.00e+00
 5.24189e+22	1.51e-10	1.32e-05	1.00e+00
 5.29798e+22	1.58e-10	1.36e-05	1.00e+00
 5.35052e+22	1.66e-10	1.39e-05	1.00e+00
 5.40988e+22	1.76e-10	1.43e-05	1.00e+00
 5.47106e+22	1.85e-10	1.47e-05	1.00e+00
 5.52439e+22	1.94e-10	1.51e-05	1.00e+00
 5.58350e+22	2.06e-10	1.56e-05	1.00e+00
 5.64412e+22	2.18e-10	1.60e-05	1.00e+00
 5.69728e+22	2.29e-10	1.65e-05	1.00e+00
 5.75698e+22	2.45e-10	1.71e-05	1.00e+00
 5.81754e+22	2.59e-10	1.76e-05	1.00e+00
 5.86928e+22	2.72e-10	1.80e-05	1.00e+00
 5.92660e+22	2.92e-10	1.88e-05	1.00e+00
 5.98305e+22	3.06e-10	1.93e-05	1.00e+00
 6.03835e+22	3.29e-10	2.00e-05	1.00e+00
 6.09271e+22	3.44e-10	2.05e-05	1.00e+00
 6.14586e+22	3.70e-10	2.14e-05	1.00e+00
 6.19863e+22	3.88e-10	2.20e-05	1.00e+00
 6.25089e+22	4.17e-10	2.29e-05	1.00e+00
 6.30358e+22	4.39e-10	2.35e-05	1.00e+00
 6.35682e+22	4.73e-10	2.46e-05	1.00e+00
 6.41064e+22	4.99e-10	2.53e-05	1.00e+00
 6.46519e+22	5.38e-10	2.65e-05	1.00e+00
 6.51924e+22	5.68e-10	2.73e-05	1.00e+00
 6.57262e+22	6.12e-10	2.86e-05	1.00e+00
 6.62685e+22	6.49e-10	2.96e-05	1.00e+00
 6.68218e+22	7.01e-10	3.10e-05	1.00e+00
 6.73814e+22	7.44e-10	3.21e-05	1.00e+00
 6.79490e+22	8.05e-10	3.37e-05	1.00e+00
 6.85198e+22	8.55e-10	3.50e-05	1.00e+00
 6.90110e+22	9.07e-10	3.63e-05	1.00e+00
 6.95661e+22	9.77e-10	3.81e-05	1.00e+00
 7.01270e+22	1.04e-09	3.95e-05	1.00e+00
 7.06955e+22	1.12e-09	4.15e-05	1.00e+00
 7.12659e+22	1.18e-09	4.30e-05	1.00e+00
 7.18387e+22	1.27e-09	4.51e-05	1.00e+00
 7.24226e+22	1.34e-09	4.68e-05	1.00e+00
 7.30207e+22	1.44e-09	4.91e-05	1.00e+00
 7.36327e+22	1.52e-09	5.10e-05	1.00e+00
 7.42628e+22	1.63e-09	5.35e-05	1.00e+00
 7.49060e+22	1.72e-09	5.55e-05	1.00e+00
 7.55661e+22	1.85e-09	5.83e-05	1.00e+00
 7.62308e+22	1.95e-09	6.05e-05	1.00e+00
 7.69016e+22	2.08e-09	6.34e-05	1.00e+00
 7.75901e+22	2.19e-09	6.59e-05	1.00e+00
 7.81856e+22	2.30e-09	6.82e-05	1.00e+00
 7.88441e+22	2.44e-09	7.12e-05	1.00e+00
 7.95120e+22	2.55e-09	7.37e-05	1.00e+00
 8.01923e+22	2.71e-09	7.70e-05	1.00e+00
 8.08828e+22	2.83e-09	7.96e-05	1.00e+00
 8.14877e+22	2.96e-09	8.22e-05	1.00e+00
 8.21750e+22	3.13e-09	8.59e-05	1.00e+00
 8.28599e+22	3.26e-09	8.85e-05	1.00e+00
 8.35415e+22	3.43e-09	9.22e-05	1.00e+00
 8.42366e+22	3.57e-09	9.51e-05	1.00e+00
 8.49490e+22	3.77e-09	9.91e-05	1.00e+00
 8.56749e+22	3.92e-09	1.02e-04	1.00e+00
 8.64182e+22	4.13e-09	1.07e-04	1.00e+00
 8.71752e+22	4.30e-09	1.10e-04	1.00e+00
 8.79501e+22	4.53e-09	1.15e-04	1.00e+00
 8.87076e+22	4.70e-09	1.18e-04	1.00e+00
 8.94424e+22	4.93e-09	1.23e-04	1.00e+00
 9.01882e+22	5.12e-09	1.26e-04	1.00e+00
 9.09482e+22	5.37e-09	1.31e-04	1.00e+00
 9.17306e+22	5.58e-09	1.35e-04	1.00e+00
 9.25420e+22	5.85e-09	1.41e-04	1.00e+00
 9.33806e+22	6.10e-09	1.45e-04	1.00e+00
 9.42546e+22	6.41e-09	1.51e-04	1.00e+00
 9.51515e+22	6.69e-09	1.57e-04	1.00e+00
 9.60782e+22	7.04e-09	1.63e-04	1.00e+00
 9.70341e+22	7.36e-09	1.69e-04	1.00e+00
 9.80280e+22	7.77e-09	1.76e-04	1.00e+00
 9.90563e+22	8.14e-09	1.83e-04	1.00e+00
 9.99858e+22	8.51e-09	1.89e-04	1.00e+00
 1.01050e+23	9.01e-09	1.98e-04	1.00e+00
 1.02124e+23	9.43e-09	2.05e-04	1.00e+00
 1.03210e+23	9.98e-09	2.15e-04	1.00e+00
 1.04319e+23	1.04e-08	2.23e-04	1.00e+00
 1.05458e+23	1.11e-08	2.34e-04	1.00e+00
 1.06621e+23	1.16e-08	2.44e-04	1.00e+00
 1.07655e+23	1.22e-08	2.54e-04	1.00e+00
 1.08840e+23	1.29e-08	2.67e-04	1.00e+00
 1.09966e+23	1.34e-08	2.76e-04	1.00e+00
 1.11015e+23	1.41e-08	2.90e-04	1.00e+00
 1.12067e+23	1.46e-08	3.00e-04	1.00e+00
 1.13123e+23	1.53e-08	3.15e-04	1.00e+00
 1.14202e+23	1.59e-08	3.28e-04	1.00e+00
 1.15314e+23	1.66e-08	3.45e-04	1.00e+00
 1.16431e+23	1.73e-08	3.59e-04	1.00e+00
 1.17556e+23	1.80e-08	3.78e-04	1.00e+00
 1.18703e+23	1.86e-08	3.95e-04	1.00e+00
 1.19877e+23	1.94e-08	4.18e-04	1.00e+00
 1.21073e+23	2.00e-08	4.38e-04	1.00e+00
 1.22296e+23	2.07e-08	4.65e-04	1.00e+00
 1.23537e+23	2.12e-08	4.88e-04	1.00e+00
 1.24759e+23	2.18e-08	5.18e-04	9.99e-01
 1.25927e+23	2.22e-08	5.41e-04	9.99e-01
 1.27065e+23	2.26e-08	5.73e-04	9.99e-01
 1.28225e+23	2.29e-08	6.00e-04	9.99e-01
 1.29353e+23	2.32e-08	6.35e-04	9.99e-01
 1.30505e+23	2.34e-08	6.67e-04	9.99e-01
 1.31629e+23	2.36e-08	7.03e-04	9.99e-01
 1.32774e+23	2.37e-08	7.40e-04	9.99e-01
 1.33913e+23	2.38e-08	7.80e-04	9.99e-01
 1.35056e+23	2.39e-08	8.22e-04	9.99e-01
 1.36187e+23	2.40e-08	8.65e-04	9.99e-01
 1.37316e+23	2.41e-08	9.11e-04	9.99e-01
 1.38448e+23	2.42e-08	9.59e-04	9.99e-01
 1.39586e+23	2.44e-08	1.01e-03	9.99e-01
 1.40732e+23	2.46e-08	1.06e-03	9.99e-01
 1.41889e+23	2.50e-08	1.12e-03	9.99e-01
 1.43061e+23	2.55e-08	1.18e-03	9.99e-01
 1.44240e+23	2.61e-08	1.24e-03	9.99e-01
 1.45437e+23	2.68e-08	1.31e-03	9.99e-01
 1.46651e+23	2.78e-08	1.38e-03	9.99e-01
 1.47889e+23	2.90e-08	1.45e-03	9.99e-01
 1.49039e+23	3.02e-08	1.52e-03	9.98e-01
 1.50225e+23	3.19e-08	1.60e-03	9.98e-01
 1.51434e+23	3.35e-08	1.68e-03	9.98e-01
 1.52675e+23	3.60e-08	1.78e-03	9.98e-01
 1.53918e+23	3.81e-08	1.85e-03	9.98e-01
 1.55164e+23	4.13e-08	1.96e-03	9.98e-01
 1.56420e+23	4.41e-08	2.05e-03	9.98e-01
 1.57687e+23	4.81e-08	2.17e-03	9.98e-01
 1.58967e+23	5.17e-08	2.26e-03	9.98e-01
 1.60261e+23	5.68e-08	2.39e-03	9.98e-01
 1.61573e+23	6.13e-08	2.50e-03	9.97e-01
 1.62906e+23	6.79e-08	2.65e-03	9.97e-01
 1.64263e+23	7.36e-08	2.77e-03	9.97e-01
 1.65651e+23	8.20e-08	2.94e-03	9.97e-01
 1.67070e+23	8.94e-08	3.07e-03	9.97e-01
 1.68529e+23	1.00e-07	3.27e-03	9.97e-01
 1.70021e+23	1.10e-07	3.43e-03	9.97e-01
 1.71275e+23	1.19e-07	3.57e-03	9.96e-01
 1.72626e+23	1.32e-07	3.77e-03	9.96e-01
 1.73946e+23	1.43e-07	3.92e-03	9.96e-01
 1.75225e+23	1.58e-07	4.13e-03	9.96e-01
 1.76516e+23	1.70e-07	4.29e-03	9.96e-01
 1.77824e+23	1.88e-07	4.52e-03	9.95e-01
 1.79150e+23	2.04e-07	4.71e-03	9.95e-01
 1.80500e+23	2.26e-07	4.96e-03	9.95e-01
 1.81870e+23	2.45e-07	5.16e-03	9.95e-01
 1.83266e+23	2.72e-07	5.45e-03	9.95e-01
 1.84683e+23	2.95e-07	5.68e-03	9.94e-01
 1.86128e+23	3.30e-07	6.00e-03	9.94e-01
 1.87605e+23	3.59e-07	6.26e-03	9.94e-01
 1.89125e+23	4.02e-07	6.63e-03	9.93e-01
 1.90684e+23	4.40e-07	6.94e-03	9.93e-01
 1.92294e+23	4.95e-07	7.36e-03	9.93e-01
 1.93927e+23	5.42e-07	7.71e-03	9.92e-01
 1.95589e+23	6.12e-07	8.19e-03	9.92e-01
 1.97270e+23	6.71e-07	8.58e-03	9.91e-01
 1.98974e+23	7.60e-07	9.12e-03	9.91e-01
 2.00706e+23	8.35e-07	9.56e-03	9.90e-01
 2.02227e+23	9.17e-07	1.00e-02	9.90e-01
 2.03958e+23	1.04e-06	1.07e-02	9.89e-01
 2.05706e+23	1.14e-06	1.12e-02	9.89e-01
 2.07144e+23	1.24e-06	1.16e-02	9.88e-01
 2.08682e+23	1.37e-06	1.23e-02	9.88e-01
 2.10256e+23	1.50e-06	1.28e-02	9.87e-01
 2.11657e+23	1.63e-06	1.34e-02	9.87e-01
 2.13260e+23	1.82e-06	1.41e-02	9.86e-01
 2.14925e+23	2.00e-06	1.48e-02	9.85e-01
 2.16412e+23	2.18e-06	1.55e-02	9.85e-01
 2.18085e+23	2.43e-06	1.63e-02	9.84e-01
 2.19835e+23	2.69e-06	1.72e-02	9.83e-01
 2.21413e+23	2.95e-06	1.80e-02	9.82e-01
 2.23193e+23	3.31e-06	1.90e-02	9.81e-01
 2.25034e+23	3.68e-06	2.00e-02	9.80e-01
 2.26675e+23	4.04e-06	2.10e-02	9.79e-01
 2.28530e+23	4.55e-06	2.23e-02	9.78e-01
 2.30460e+23	5.07e-06	2.35e-02	9.76e-01
 2.32197e+23	5.61e-06	2.47e-02	9.75e-01
 2.34164e+23	6.37e-06	2.63e-02	9.74e-01
 2.36194e+23	7.11e-06	2.78e-02	9.72e-01
 2.38024e+23	7.91e-06	2.93e-02	9.71e-01
 2.40121e+23	9.06e-06	3.13e-02	9.69e-01
 2.42246e+23	1.01e-05	3.31e-02	9.67e-01
 2.44124e+23	1.13e-05	3.49e-02	9.65e-01
 2.46283e+23	1.30e-05	3.74e-02	9.63e-01
 2.48469e+23	1.46e-05	3.95e-02	9.60e-01
 2.50691e+23	1.68e-05	4.23e-02	9.58e-01
 2.52960e+23	1.89e-05	4.49e-02	9.55e-01
 2.54979e+23	2.12e-05	4.75e-02	9.52e-01
 2.57295e+23	2.45e-05	5.10e-02	9.49e-01
 2.59649e+23	2.77e-05	5.41e-02	9.46e-01
 2.62055e+23	3.23e-05	5.83e-02	9.42e-01
 2.64405e+23	3.61e-05	6.15e-02	9.38e-01
 2.66684e+23	4.18e-05	6.60e-02	9.34e-01
 2.68890e+23	4.62e-05	6.93e-02	9.31e-01
 2.71000e+23	5.27e-05	7.39e-02	9.26e-01
 2.73140e+23	5.86e-05	7.77e-02	9.22e-01
 2.75318e+23	6.70e-05	8.29e-02	9.17e-01
 2.77521e+23	7.47e-05	8.73e-02	9.13e-01
 2.79463e+23	8.30e-05	9.18e-02	9.08e-01
 2.81695e+23	9.50e-05	9.79e-02	9.02e-01
 2.83957e+23	1.06e-04	1.03e-01	8.97e-01
 2.85954e+23	1.18e-04	1.08e-01	8.91e-01
 2.88248e+23	1.35e-04	1.16e-01	8.84e-01
 2.90371e+23	1.48e-04	1.21e-01	8.79e-01
 2.92271e+23	1.65e-04	1.27e-01	8.73e-01
 2.94222e+23	1.82e-04	1.33e-01	8.67e-01
 2.95953e+23	1.99e-04	1.38e-01	8.62e-01
 2.97918e+23	2.23e-04	1.46e-01	8.54e-01
 2.99900e+23	2.44e-04	1.52e-01	8.48e-01
 3.01904e+23	2.73e-04	1.60e-01	8.40e-01
 3.03932e+23	3.00e-04	1.67e-01	8.33e-01
 3.05689e+23	3.28e-04	1.73e-01	8.26e-01
 3.07559e+23	3.63e-04	1.81e-01	8.18e-01
