#depth	O	O+	O+2	O+3	O+4	O+5	O+6	O+7	O+8	O[1]	O[2]	O[3]
 1.54284e+22	4.12e-28	6.93e-22	4.12e-17	2.17e-13	3.05e-10	1.86e-07	3.82e-04	4.02e-02	9.59e-01	0.00e+00	0.00e+00	0.00e+00
 3.58130e+22	7.75e-27	8.73e-21	3.52e-16	1.27e-12	1.21e-09	4.93e-07	7.54e-04	5.63e-02	9.43e-01	0.00e+00	0.00e+00	0.00e+00
 4.32473e+22	3.71e-26	3.38e-20	1.11e-15	3.29e-12	2.52e-09	8.29e-07	1.07e-03	6.69e-02	9.32e-01	0.00e+00	0.00e+00	0.00e+00
 4.69644e+22	8.51e-26	6.93e-20	2.04e-15	5.44e-12	3.72e-09	1.09e-06	1.29e-03	7.31e-02	9.26e-01	0.00e+00	0.00e+00	0.00e+00
 4.85133e+22	1.07e-25	8.44e-20	2.41e-15	6.25e-12	4.14e-09	1.18e-06	1.35e-03	7.49e-02	9.24e-01	0.00e+00	0.00e+00	0.00e+00
 4.91006e+22	1.30e-25	1.00e-19	2.79e-15	7.05e-12	4.55e-09	1.26e-06	1.41e-03	7.65e-02	9.22e-01	0.00e+00	0.00e+00	0.00e+00
 4.97390e+22	1.65e-25	1.23e-19	3.33e-15	8.15e-12	5.09e-09	1.36e-06	1.49e-03	7.84e-02	9.20e-01	0.00e+00	0.00e+00	0.00e+00
 5.04156e+22	2.06e-25	1.49e-19	3.92e-15	9.32e-12	5.64e-09	1.46e-06	1.56e-03	8.02e-02	9.18e-01	0.00e+00	0.00e+00	0.00e+00
 5.10344e+22	2.55e-25	1.79e-19	4.58e-15	1.06e-11	6.24e-09	1.57e-06	1.63e-03	8.20e-02	9.16e-01	0.00e+00	0.00e+00	0.00e+00
 5.17314e+22	3.40e-25	2.30e-19	5.66e-15	1.26e-11	7.14e-09	1.72e-06	1.74e-03	8.44e-02	9.14e-01	0.00e+00	0.00e+00	0.00e+00
 5.24189e+22	4.21e-25	2.77e-19	6.63e-15	1.44e-11	7.89e-09	1.85e-06	1.82e-03	8.63e-02	9.12e-01	0.00e+00	0.00e+00	0.00e+00
 5.29798e+22	5.22e-25	3.34e-19	7.76e-15	1.64e-11	8.72e-09	1.98e-06	1.90e-03	8.81e-02	9.10e-01	0.00e+00	0.00e+00	0.00e+00
 5.35052e+22	6.37e-25	3.97e-19	8.99e-15	1.85e-11	9.57e-09	2.11e-06	1.98e-03	8.99e-02	9.08e-01	0.00e+00	0.00e+00	0.00e+00
 5.40988e+22	8.17e-25	4.92e-19	1.08e-14	2.15e-11	1.08e-08	2.29e-06	2.09e-03	9.21e-02	9.06e-01	0.00e+00	0.00e+00	0.00e+00
 5.47106e+22	1.03e-24	6.00e-19	1.28e-14	2.47e-11	1.20e-08	2.46e-06	2.19e-03	9.42e-02	9.04e-01	0.00e+00	0.00e+00	0.00e+00
 5.52439e+22	1.26e-24	7.16e-19	1.48e-14	2.80e-11	1.32e-08	2.63e-06	2.28e-03	9.61e-02	9.02e-01	0.00e+00	0.00e+00	0.00e+00
 5.58350e+22	1.64e-24	9.01e-19	1.80e-14	3.29e-11	1.49e-08	2.87e-06	2.41e-03	9.86e-02	8.99e-01	0.00e+00	0.00e+00	0.00e+00
 5.64412e+22	2.08e-24	1.11e-18	2.15e-14	3.79e-11	1.66e-08	3.09e-06	2.53e-03	1.01e-01	8.97e-01	0.00e+00	0.00e+00	0.00e+00
 5.69728e+22	2.59e-24	1.34e-18	2.52e-14	4.33e-11	1.84e-08	3.32e-06	2.64e-03	1.03e-01	8.94e-01	0.00e+00	0.00e+00	0.00e+00
 5.75698e+22	3.46e-24	1.72e-18	3.13e-14	5.17e-11	2.10e-08	3.64e-06	2.80e-03	1.06e-01	8.91e-01	0.00e+00	0.00e+00	0.00e+00
 5.81754e+22	4.39e-24	2.12e-18	3.73e-14	5.97e-11	2.35e-08	3.93e-06	2.94e-03	1.08e-01	8.89e-01	0.00e+00	0.00e+00	0.00e+00
 5.86928e+22	5.43e-24	2.55e-18	4.36e-14	6.80e-11	2.60e-08	4.21e-06	3.07e-03	1.10e-01	8.86e-01	0.00e+00	0.00e+00	0.00e+00
 5.92660e+22	7.45e-24	3.35e-18	5.51e-14	8.23e-11	3.00e-08	4.64e-06	3.26e-03	1.14e-01	8.83e-01	0.00e+00	0.00e+00	0.00e+00
 5.98305e+22	9.21e-24	4.03e-18	6.44e-14	9.36e-11	3.31e-08	4.97e-06	3.41e-03	1.16e-01	8.81e-01	0.00e+00	0.00e+00	0.00e+00
 6.03835e+22	1.25e-23	5.26e-18	8.08e-14	1.13e-10	3.82e-08	5.47e-06	3.62e-03	1.19e-01	8.77e-01	0.00e+00	0.00e+00	0.00e+00
 6.09271e+22	1.54e-23	6.29e-18	9.41e-14	1.28e-10	4.20e-08	5.85e-06	3.77e-03	1.21e-01	8.75e-01	0.00e+00	0.00e+00	0.00e+00
 6.14586e+22	2.12e-23	8.29e-18	1.19e-13	1.55e-10	4.86e-08	6.45e-06	4.01e-03	1.25e-01	8.71e-01	0.00e+00	0.00e+00	0.00e+00
 6.19863e+22	2.62e-23	9.96e-18	1.39e-13	1.76e-10	5.36e-08	6.90e-06	4.18e-03	1.27e-01	8.68e-01	0.00e+00	0.00e+00	0.00e+00
 6.25089e+22	3.60e-23	1.31e-17	1.76e-13	2.13e-10	6.20e-08	7.62e-06	4.44e-03	1.31e-01	8.65e-01	0.00e+00	0.00e+00	0.00e+00
 6.30358e+22	4.53e-23	1.60e-17	2.08e-13	2.45e-10	6.89e-08	8.19e-06	4.64e-03	1.34e-01	8.62e-01	0.00e+00	0.00e+00	0.00e+00
 6.35682e+22	6.31e-23	2.14e-17	2.66e-13	2.99e-10	8.01e-08	9.08e-06	4.95e-03	1.38e-01	8.58e-01	0.00e+00	0.00e+00	0.00e+00
 6.41064e+22	8.04e-23	2.64e-17	3.18e-13	3.47e-10	8.96e-08	9.79e-06	5.18e-03	1.41e-01	8.54e-01	0.00e+00	0.00e+00	0.00e+00
 6.46519e+22	1.12e-22	3.52e-17	4.05e-13	4.23e-10	1.04e-07	1.09e-05	5.52e-03	1.45e-01	8.50e-01	0.00e+00	0.00e+00	0.00e+00
 6.51924e+22	1.44e-22	4.37e-17	4.87e-13	4.92e-10	1.17e-07	1.17e-05	5.80e-03	1.48e-01	8.46e-01	0.00e+00	0.00e+00	0.00e+00
 6.57262e+22	2.00e-22	5.83e-17	6.22e-13	6.01e-10	1.36e-07	1.30e-05	6.18e-03	1.52e-01	8.42e-01	0.00e+00	0.00e+00	0.00e+00
 6.62685e+22	2.61e-22	7.34e-17	7.57e-13	7.06e-10	1.54e-07	1.41e-05	6.50e-03	1.56e-01	8.38e-01	0.00e+00	0.00e+00	0.00e+00
 6.68218e+22	3.70e-22	9.93e-17	9.78e-13	8.71e-10	1.80e-07	1.58e-05	6.94e-03	1.60e-01	8.33e-01	0.00e+00	0.00e+00	0.00e+00
 6.73814e+22	4.87e-22	1.26e-16	1.20e-12	1.03e-09	2.04e-07	1.72e-05	7.32e-03	1.64e-01	8.29e-01	0.00e+00	0.00e+00	0.00e+00
 6.79490e+22	6.99e-22	1.72e-16	1.56e-12	1.28e-09	2.41e-07	1.92e-05	7.84e-03	1.69e-01	8.23e-01	0.00e+00	0.00e+00	0.00e+00
 6.85198e+22	9.21e-22	2.19e-16	1.91e-12	1.51e-09	2.73e-07	2.09e-05	8.27e-03	1.73e-01	8.19e-01	0.00e+00	0.00e+00	0.00e+00
 6.90110e+22	1.21e-21	2.77e-16	2.33e-12	1.77e-09	3.09e-07	2.28e-05	8.71e-03	1.77e-01	8.14e-01	0.00e+00	0.00e+00	0.00e+00
 6.95661e+22	1.70e-21	3.73e-16	3.00e-12	2.18e-09	3.62e-07	2.54e-05	9.31e-03	1.82e-01	8.08e-01	0.00e+00	0.00e+00	0.00e+00
 7.01270e+22	2.23e-21	4.71e-16	3.66e-12	2.57e-09	4.11e-07	2.76e-05	9.81e-03	1.87e-01	8.04e-01	0.00e+00	0.00e+00	0.00e+00
 7.06955e+22	3.17e-21	6.38e-16	4.74e-12	3.18e-09	4.82e-07	3.08e-05	1.05e-02	1.92e-01	7.97e-01	0.00e+00	0.00e+00	0.00e+00
 7.12659e+22	4.11e-21	8.00e-16	5.74e-12	3.72e-09	5.44e-07	3.35e-05	1.10e-02	1.97e-01	7.92e-01	0.00e+00	0.00e+00	0.00e+00
 7.18387e+22	5.79e-21	1.08e-15	7.39e-12	4.58e-09	6.38e-07	3.74e-05	1.18e-02	2.02e-01	7.86e-01	0.00e+00	0.00e+00	0.00e+00
 7.24226e+22	7.50e-21	1.35e-15	8.94e-12	5.35e-09	7.20e-07	4.06e-05	1.24e-02	2.07e-01	7.81e-01	0.00e+00	0.00e+00	0.00e+00
 7.30207e+22	1.06e-20	1.82e-15	1.15e-11	6.60e-09	8.45e-07	4.53e-05	1.33e-02	2.13e-01	7.74e-01	0.00e+00	0.00e+00	0.00e+00
 7.36327e+22	1.37e-20	2.28e-15	1.40e-11	7.73e-09	9.55e-07	4.93e-05	1.40e-02	2.18e-01	7.68e-01	0.00e+00	0.00e+00	0.00e+00
 7.42628e+22	1.93e-20	3.06e-15	1.80e-11	9.51e-09	1.12e-06	5.51e-05	1.50e-02	2.24e-01	7.61e-01	0.00e+00	0.00e+00	0.00e+00
 7.49060e+22	2.52e-20	3.85e-15	2.18e-11	1.12e-08	1.27e-06	6.01e-05	1.58e-02	2.29e-01	7.55e-01	0.00e+00	0.00e+00	0.00e+00
 7.55661e+22	3.53e-20	5.17e-15	2.80e-11	1.38e-08	1.49e-06	6.72e-05	1.70e-02	2.36e-01	7.47e-01	0.00e+00	0.00e+00	0.00e+00
 7.62308e+22	4.57e-20	6.45e-15	3.39e-11	1.61e-08	1.68e-06	7.32e-05	1.79e-02	2.41e-01	7.41e-01	0.00e+00	0.00e+00	0.00e+00
 7.69016e+22	6.32e-20	8.56e-15	4.31e-11	1.96e-08	1.97e-06	8.15e-05	1.91e-02	2.48e-01	7.33e-01	0.00e+00	0.00e+00	0.00e+00
 7.75901e+22	8.19e-20	1.07e-14	5.22e-11	2.30e-08	2.23e-06	8.89e-05	2.01e-02	2.53e-01	7.27e-01	0.00e+00	0.00e+00	0.00e+00
 7.81856e+22	1.04e-19	1.31e-14	6.21e-11	2.66e-08	2.49e-06	9.62e-05	2.11e-02	2.58e-01	7.21e-01	0.00e+00	0.00e+00	0.00e+00
 7.88441e+22	1.39e-19	1.70e-14	7.74e-11	3.19e-08	2.88e-06	1.06e-04	2.25e-02	2.65e-01	7.13e-01	0.00e+00	0.00e+00	0.00e+00
 7.95120e+22	1.76e-19	2.08e-14	9.20e-11	3.69e-08	3.22e-06	1.15e-04	2.36e-02	2.70e-01	7.06e-01	0.00e+00	0.00e+00	0.00e+00
 8.01923e+22	2.37e-19	2.70e-14	1.15e-10	4.43e-08	3.72e-06	1.27e-04	2.51e-02	2.77e-01	6.98e-01	0.00e+00	0.00e+00	0.00e+00
 8.08828e+22	2.97e-19	3.28e-14	1.36e-10	5.10e-08	4.15e-06	1.38e-04	2.63e-02	2.82e-01	6.92e-01	0.00e+00	0.00e+00	0.00e+00
 8.14877e+22	3.71e-19	3.98e-14	1.60e-10	5.85e-08	4.63e-06	1.48e-04	2.76e-02	2.87e-01	6.85e-01	0.00e+00	0.00e+00	0.00e+00
 8.21750e+22	4.95e-19	5.11e-14	1.98e-10	6.99e-08	5.33e-06	1.64e-04	2.93e-02	2.94e-01	6.77e-01	0.00e+00	0.00e+00	0.00e+00
 8.28599e+22	6.06e-19	6.09e-14	2.30e-10	7.93e-08	5.89e-06	1.76e-04	3.06e-02	2.99e-01	6.70e-01	0.00e+00	0.00e+00	0.00e+00
 8.35415e+22	7.98e-19	7.73e-14	2.83e-10	9.41e-08	6.74e-06	1.93e-04	3.24e-02	3.06e-01	6.62e-01	0.00e+00	0.00e+00	0.00e+00
 8.42366e+22	9.79e-19	9.23e-14	3.29e-10	1.07e-07	7.45e-06	2.08e-04	3.39e-02	3.11e-01	6.55e-01	0.00e+00	0.00e+00	0.00e+00
 8.49490e+22	1.29e-18	1.17e-13	4.04e-10	1.27e-07	8.54e-06	2.29e-04	3.59e-02	3.18e-01	6.46e-01	0.00e+00	0.00e+00	0.00e+00
 8.56749e+22	1.58e-18	1.40e-13	4.71e-10	1.44e-07	9.46e-06	2.46e-04	3.75e-02	3.23e-01	6.39e-01	0.00e+00	0.00e+00	0.00e+00
 8.64182e+22	2.09e-18	1.78e-13	5.79e-10	1.72e-07	1.09e-05	2.71e-04	3.98e-02	3.30e-01	6.30e-01	0.00e+00	0.00e+00	0.00e+00
 8.71752e+22	2.57e-18	2.14e-13	6.76e-10	1.95e-07	1.20e-05	2.91e-04	4.16e-02	3.35e-01	6.23e-01	0.00e+00	0.00e+00	0.00e+00
 8.79501e+22	3.39e-18	2.72e-13	8.30e-10	2.32e-07	1.38e-05	3.21e-04	4.41e-02	3.42e-01	6.13e-01	0.00e+00	0.00e+00	0.00e+00
 8.87076e+22	4.07e-18	3.19e-13	9.52e-10	2.60e-07	1.51e-05	3.43e-04	4.58e-02	3.47e-01	6.07e-01	0.00e+00	0.00e+00	0.00e+00
 8.94424e+22	5.28e-18	4.00e-13	1.16e-09	3.07e-07	1.72e-05	3.76e-04	4.84e-02	3.54e-01	5.97e-01	0.00e+00	0.00e+00	0.00e+00
 9.01882e+22	6.34e-18	4.69e-13	1.33e-09	3.44e-07	1.89e-05	4.01e-04	5.03e-02	3.59e-01	5.90e-01	0.00e+00	0.00e+00	0.00e+00
 9.09482e+22	8.15e-18	5.84e-13	1.60e-09	4.03e-07	2.14e-05	4.39e-04	5.31e-02	3.66e-01	5.81e-01	0.00e+00	0.00e+00	0.00e+00
 9.17306e+22	9.97e-18	6.95e-13	1.86e-09	4.57e-07	2.37e-05	4.71e-04	5.54e-02	3.71e-01	5.73e-01	0.00e+00	0.00e+00	0.00e+00
 9.25420e+22	1.28e-17	8.64e-13	2.24e-09	5.35e-07	2.69e-05	5.15e-04	5.84e-02	3.77e-01	5.64e-01	0.00e+00	0.00e+00	0.00e+00
 9.33806e+22	1.58e-17	1.04e-12	2.63e-09	6.12e-07	2.99e-05	5.56e-04	6.11e-02	3.83e-01	5.55e-01	0.00e+00	0.00e+00	0.00e+00
 9.42546e+22	2.05e-17	1.30e-12	3.19e-09	7.20e-07	3.41e-05	6.09e-04	6.45e-02	3.90e-01	5.45e-01	0.00e+00	0.00e+00	0.00e+00
 9.51515e+22	2.55e-17	1.57e-12	3.76e-09	8.26e-07	3.80e-05	6.58e-04	6.75e-02	3.96e-01	5.36e-01	2.55e-17	6.26e-28	6.66e-28
 9.60782e+22	3.32e-17	1.98e-12	4.58e-09	9.76e-07	4.34e-05	7.23e-04	7.14e-02	4.02e-01	5.25e-01	3.32e-17	6.08e-26	7.66e-26
 9.70341e+22	4.16e-17	2.41e-12	5.43e-09	1.12e-06	4.86e-05	7.84e-04	7.48e-02	4.08e-01	5.16e-01	4.16e-17	7.61e-26	9.59e-26
 9.80280e+22	5.48e-17	3.07e-12	6.67e-09	1.34e-06	5.58e-05	8.64e-04	7.92e-02	4.15e-01	5.05e-01	5.48e-17	1.00e-25	1.26e-25
 9.90563e+22	6.94e-17	3.77e-12	7.96e-09	1.55e-06	6.28e-05	9.39e-04	8.31e-02	4.21e-01	4.95e-01	6.94e-17	1.27e-25	1.60e-25
 9.99858e+22	8.65e-17	4.57e-12	9.38e-09	1.78e-06	7.01e-05	1.01e-03	8.69e-02	4.27e-01	4.85e-01	8.65e-17	1.58e-25	1.99e-25
 1.01050e+23	1.17e-16	5.92e-12	1.17e-08	2.15e-06	8.15e-05	1.13e-03	9.24e-02	4.34e-01	4.73e-01	1.17e-16	2.13e-25	2.68e-25
 1.02124e+23	1.45e-16	7.17e-12	1.38e-08	2.46e-06	9.09e-05	1.22e-03	9.66e-02	4.39e-01	4.63e-01	1.45e-16	2.65e-25	3.34e-25
 1.03210e+23	1.94e-16	9.25e-12	1.72e-08	2.96e-06	1.05e-04	1.35e-03	1.02e-01	4.46e-01	4.50e-01	1.94e-16	3.55e-25	4.47e-25
 1.04319e+23	2.46e-16	1.14e-11	2.05e-08	3.43e-06	1.18e-04	1.47e-03	1.07e-01	4.51e-01	4.40e-01	2.46e-16	4.49e-25	5.66e-25
 1.05458e+23	3.31e-16	1.47e-11	2.56e-08	4.14e-06	1.37e-04	1.63e-03	1.14e-01	4.57e-01	4.27e-01	3.31e-16	6.04e-25	7.60e-25
 1.06621e+23	4.24e-16	1.83e-11	3.09e-08	4.83e-06	1.56e-04	1.78e-03	1.20e-01	4.63e-01	4.16e-01	4.24e-16	7.74e-25	9.74e-25
 1.07655e+23	5.39e-16	2.25e-11	3.70e-08	5.62e-06	1.76e-04	1.94e-03	1.25e-01	4.67e-01	4.05e-01	5.39e-16	9.83e-25	1.24e-24
 1.08840e+23	7.36e-16	2.95e-11	4.67e-08	6.85e-06	2.06e-04	2.16e-03	1.33e-01	4.73e-01	3.91e-01	7.36e-16	1.34e-24	1.69e-24
 1.09966e+23	9.04e-16	3.53e-11	5.45e-08	7.79e-06	2.28e-04	2.32e-03	1.39e-01	4.77e-01	3.82e-01	9.04e-16	1.65e-24	2.08e-24
 1.11015e+23	1.20e-15	4.51e-11	6.73e-08	9.32e-06	2.64e-04	2.57e-03	1.47e-01	4.82e-01	3.69e-01	1.20e-15	2.18e-24	2.75e-24
 1.12067e+23	1.47e-15	5.41e-11	7.86e-08	1.06e-05	2.93e-04	2.77e-03	1.52e-01	4.85e-01	3.59e-01	1.47e-15	2.69e-24	3.38e-24
 1.13123e+23	1.93e-15	6.85e-11	9.65e-08	1.26e-05	3.36e-04	3.05e-03	1.61e-01	4.89e-01	3.47e-01	1.93e-15	3.53e-24	4.44e-24
 1.14202e+23	2.42e-15	8.32e-11	1.14e-07	1.46e-05	3.77e-04	3.30e-03	1.68e-01	4.92e-01	3.37e-01	2.42e-15	4.40e-24	5.54e-24
 1.15314e+23	3.22e-15	1.07e-10	1.42e-07	1.75e-05	4.38e-04	3.67e-03	1.77e-01	4.96e-01	3.23e-01	3.22e-15	5.87e-24	7.38e-24
 1.16431e+23	4.01e-15	1.29e-10	1.67e-07	2.01e-05	4.91e-04	3.97e-03	1.85e-01	4.98e-01	3.13e-01	4.01e-15	7.30e-24	9.18e-24
 1.17556e+23	5.33e-15	1.66e-10	2.07e-07	2.42e-05	5.70e-04	4.41e-03	1.95e-01	5.00e-01	3.00e-01	5.33e-15	9.71e-24	1.22e-23
 1.18703e+23	6.69e-15	2.02e-10	2.47e-07	2.81e-05	6.44e-04	4.79e-03	2.04e-01	5.02e-01	2.89e-01	6.69e-15	1.22e-23	1.53e-23
 1.19877e+23	8.95e-15	2.61e-10	3.08e-07	3.40e-05	7.53e-04	5.35e-03	2.16e-01	5.03e-01	2.75e-01	8.95e-15	1.63e-23	2.05e-23
 1.21073e+23	1.13e-14	3.19e-10	3.68e-07	3.96e-05	8.54e-04	5.84e-03	2.25e-01	5.04e-01	2.64e-01	1.13e-14	2.06e-23	2.58e-23
 1.22296e+23	1.52e-14	4.14e-10	4.61e-07	4.82e-05	1.00e-03	6.54e-03	2.38e-01	5.04e-01	2.50e-01	1.52e-14	2.76e-23	3.47e-23
 1.23537e+23	1.91e-14	5.06e-10	5.51e-07	5.63e-05	1.14e-03	7.16e-03	2.49e-01	5.04e-01	2.39e-01	1.91e-14	3.48e-23	4.37e-23
 1.24759e+23	2.52e-14	6.45e-10	6.83e-07	6.79e-05	1.34e-03	7.99e-03	2.63e-01	5.03e-01	2.25e-01	2.52e-14	4.59e-23	5.76e-23
 1.25927e+23	3.07e-14	7.68e-10	7.98e-07	7.78e-05	1.50e-03	8.66e-03	2.73e-01	5.01e-01	2.16e-01	3.07e-14	5.59e-23	7.03e-23
 1.27065e+23	3.95e-14	9.58e-10	9.73e-07	9.28e-05	1.74e-03	9.62e-03	2.87e-01	4.98e-01	2.03e-01	3.95e-14	7.20e-23	9.04e-23
 1.28225e+23	4.80e-14	1.14e-09	1.14e-06	1.07e-04	1.96e-03	1.05e-02	2.98e-01	4.96e-01	1.94e-01	4.80e-14	8.76e-23	1.10e-22
 1.29353e+23	6.02e-14	1.39e-09	1.36e-06	1.25e-04	2.25e-03	1.15e-02	3.12e-01	4.92e-01	1.82e-01	6.02e-14	1.10e-22	1.38e-22
 1.30505e+23	7.30e-14	1.65e-09	1.59e-06	1.44e-04	2.53e-03	1.26e-02	3.24e-01	4.88e-01	1.73e-01	7.30e-14	1.33e-22	1.67e-22
 1.31629e+23	8.91e-14	1.97e-09	1.88e-06	1.68e-04	2.88e-03	1.38e-02	3.37e-01	4.83e-01	1.63e-01	8.91e-14	1.63e-22	2.04e-22
 1.32774e+23	1.07e-13	2.33e-09	2.19e-06	1.93e-04	3.26e-03	1.50e-02	3.50e-01	4.78e-01	1.53e-01	1.07e-13	1.96e-22	2.46e-22
 1.33913e+23	1.29e-13	2.74e-09	2.55e-06	2.22e-04	3.68e-03	1.64e-02	3.64e-01	4.72e-01	1.44e-01	1.29e-13	2.35e-22	2.95e-22
 1.35056e+23	1.53e-13	3.19e-09	2.95e-06	2.54e-04	4.14e-03	1.79e-02	3.77e-01	4.65e-01	1.35e-01	1.53e-13	2.78e-22	3.49e-22
 1.36187e+23	1.79e-13	3.70e-09	3.40e-06	2.90e-04	4.65e-03	1.95e-02	3.90e-01	4.58e-01	1.27e-01	1.79e-13	3.27e-22	4.11e-22
 1.37316e+23	2.09e-13	4.26e-09	3.89e-06	3.30e-04	5.21e-03	2.12e-02	4.03e-01	4.51e-01	1.19e-01	2.09e-13	3.82e-22	4.79e-22
 1.38448e+23	2.42e-13	4.87e-09	4.44e-06	3.75e-04	5.82e-03	2.30e-02	4.16e-01	4.43e-01	1.12e-01	2.42e-13	4.43e-22	5.55e-22
 1.39586e+23	2.79e-13	5.55e-09	5.04e-06	4.24e-04	6.49e-03	2.49e-02	4.29e-01	4.35e-01	1.04e-01	2.79e-13	5.09e-22	6.38e-22
 1.40732e+23	3.18e-13	6.28e-09	5.72e-06	4.78e-04	7.23e-03	2.69e-02	4.42e-01	4.26e-01	9.74e-02	3.18e-13	5.82e-22	7.29e-22
 1.41889e+23	3.62e-13	7.09e-09	6.46e-06	5.39e-04	8.03e-03	2.91e-02	4.54e-01	4.17e-01	9.07e-02	3.62e-13	6.62e-22	8.29e-22
 1.43061e+23	4.09e-13	7.97e-09	7.28e-06	6.07e-04	8.92e-03	3.15e-02	4.67e-01	4.08e-01	8.44e-02	4.09e-13	7.49e-22	9.38e-22
 1.44240e+23	4.59e-13	8.91e-09	8.17e-06	6.80e-04	9.86e-03	3.40e-02	4.79e-01	3.98e-01	7.85e-02	4.59e-13	8.41e-22	1.05e-21
 1.45437e+23	5.14e-13	9.95e-09	9.17e-06	7.64e-04	1.09e-02	3.67e-02	4.91e-01	3.88e-01	7.27e-02	5.14e-13	9.42e-22	1.18e-21
 1.46651e+23	5.72e-13	1.10e-08	1.03e-05	8.54e-04	1.20e-02	3.95e-02	5.03e-01	3.78e-01	6.74e-02	5.72e-13	1.05e-21	1.31e-21
 1.47889e+23	6.35e-13	1.23e-08	1.15e-05	9.59e-04	1.33e-02	4.27e-02	5.14e-01	3.67e-01	6.21e-02	6.35e-13	1.16e-21	1.46e-21
 1.49039e+23	6.92e-13	1.34e-08	1.26e-05	1.05e-03	1.44e-02	4.53e-02	5.23e-01	3.58e-01	5.82e-02	6.92e-13	1.27e-21	1.59e-21
 1.50225e+23	7.64e-13	1.48e-08	1.41e-05	1.18e-03	1.59e-02	4.89e-02	5.35e-01	3.46e-01	5.33e-02	7.64e-13	1.40e-21	1.76e-21
 1.51434e+23	8.29e-13	1.61e-08	1.54e-05	1.29e-03	1.72e-02	5.19e-02	5.43e-01	3.37e-01	4.97e-02	8.29e-13	1.52e-21	1.91e-21
 1.52675e+23	9.09e-13	1.78e-08	1.72e-05	1.45e-03	1.90e-02	5.60e-02	5.54e-01	3.24e-01	4.53e-02	9.09e-13	1.67e-21	2.09e-21
 1.53918e+23	9.86e-13	1.93e-08	1.89e-05	1.59e-03	2.04e-02	5.92e-02	5.61e-01	3.15e-01	4.23e-02	9.86e-13	1.82e-21	2.27e-21
 1.55164e+23	1.08e-12	2.13e-08	2.11e-05	1.78e-03	2.24e-02	6.36e-02	5.70e-01	3.03e-01	3.85e-02	1.08e-12	1.99e-21	2.48e-21
 1.56420e+23	1.16e-12	2.30e-08	2.30e-05	1.95e-03	2.40e-02	6.72e-02	5.77e-01	2.94e-01	3.58e-02	1.16e-12	2.14e-21	2.68e-21
 1.57687e+23	1.27e-12	2.53e-08	2.56e-05	2.18e-03	2.63e-02	7.20e-02	5.85e-01	2.82e-01	3.25e-02	1.27e-12	2.34e-21	2.92e-21
 1.58967e+23	1.37e-12	2.74e-08	2.80e-05	2.38e-03	2.82e-02	7.59e-02	5.90e-01	2.73e-01	3.02e-02	1.37e-12	2.52e-21	3.15e-21
 1.60261e+23	1.49e-12	3.02e-08	3.12e-05	2.66e-03	3.07e-02	8.12e-02	5.97e-01	2.61e-01	2.73e-02	1.49e-12	2.75e-21	3.43e-21
 1.61573e+23	1.60e-12	3.28e-08	3.41e-05	2.90e-03	3.28e-02	8.54e-02	6.02e-01	2.52e-01	2.53e-02	1.60e-12	2.97e-21	3.70e-21
 1.62906e+23	1.75e-12	3.62e-08	3.82e-05	3.25e-03	3.57e-02	9.12e-02	6.07e-01	2.40e-01	2.28e-02	1.75e-12	3.24e-21	4.04e-21
 1.64263e+23	1.89e-12	3.94e-08	4.19e-05	3.55e-03	3.82e-02	9.59e-02	6.10e-01	2.31e-01	2.10e-02	1.89e-12	3.50e-21	4.37e-21
 1.65651e+23	2.07e-12	4.37e-08	4.70e-05	3.98e-03	4.15e-02	1.02e-01	6.14e-01	2.20e-01	1.88e-02	2.07e-12	3.84e-21	4.79e-21
 1.67070e+23	2.25e-12	4.79e-08	5.19e-05	4.37e-03	4.44e-02	1.07e-01	6.16e-01	2.11e-01	1.73e-02	2.25e-12	4.18e-21	5.21e-21
 1.68529e+23	2.48e-12	5.36e-08	5.86e-05	4.91e-03	4.82e-02	1.14e-01	6.18e-01	1.99e-01	1.54e-02	2.48e-12	4.62e-21	5.75e-21
 1.70021e+23	2.71e-12	5.91e-08	6.50e-05	5.41e-03	5.15e-02	1.20e-01	6.19e-01	1.90e-01	1.40e-02	2.71e-12	5.06e-21	6.30e-21
 1.71275e+23	2.93e-12	6.44e-08	7.11e-05	5.87e-03	5.45e-02	1.25e-01	6.19e-01	1.82e-01	1.29e-02	2.93e-12	5.48e-21	6.82e-21
 1.72626e+23	3.22e-12	7.19e-08	7.98e-05	6.53e-03	5.86e-02	1.32e-01	6.18e-01	1.73e-01	1.16e-02	3.22e-12	6.04e-21	7.52e-21
 1.73946e+23	3.48e-12	7.83e-08	8.70e-05	7.06e-03	6.17e-02	1.37e-01	6.17e-01	1.66e-01	1.07e-02	3.48e-12	6.53e-21	8.14e-21
 1.75225e+23	3.81e-12	8.67e-08	9.70e-05	7.79e-03	6.59e-02	1.44e-01	6.16e-01	1.57e-01	9.63e-03	3.81e-12	7.15e-21	8.90e-21
 1.76516e+23	4.16e-12	9.52e-08	1.06e-04	8.43e-03	6.94e-02	1.49e-01	6.13e-01	1.51e-01	8.89e-03	4.16e-12	7.83e-21	9.75e-21
 1.77824e+23	4.59e-12	1.06e-07	1.19e-04	9.31e-03	7.39e-02	1.56e-01	6.10e-01	1.42e-01	7.99e-03	4.59e-12	8.66e-21	1.08e-20
 1.79150e+23	5.04e-12	1.17e-07	1.31e-04	1.01e-02	7.78e-02	1.62e-01	6.07e-01	1.36e-01	7.34e-03	5.04e-12	9.53e-21	1.18e-20
 1.80500e+23	5.61e-12	1.32e-07	1.47e-04	1.12e-02	8.29e-02	1.69e-01	6.02e-01	1.28e-01	6.56e-03	5.61e-12	1.06e-20	1.32e-20
 1.81870e+23	6.23e-12	1.47e-07	1.63e-04	1.21e-02	8.72e-02	1.75e-01	5.98e-01	1.22e-01	6.02e-03	6.23e-12	1.18e-20	1.47e-20
 1.83266e+23	6.98e-12	1.67e-07	1.84e-04	1.34e-02	9.28e-02	1.82e-01	5.91e-01	1.14e-01	5.34e-03	6.98e-12	1.33e-20	1.65e-20
 1.84683e+23	7.81e-12	1.87e-07	2.04e-04	1.46e-02	9.76e-02	1.88e-01	5.86e-01	1.09e-01	4.88e-03	7.81e-12	1.49e-20	1.85e-20
 1.86128e+23	8.86e-12	2.15e-07	2.32e-04	1.62e-02	1.04e-01	1.96e-01	5.78e-01	1.02e-01	4.31e-03	8.86e-12	1.70e-20	2.10e-20
 1.87605e+23	1.00e-11	2.43e-07	2.59e-04	1.76e-02	1.09e-01	2.02e-01	5.71e-01	9.61e-02	3.91e-03	1.00e-11	1.92e-20	2.38e-20
 1.89125e+23	1.15e-11	2.82e-07	2.97e-04	1.96e-02	1.16e-01	2.10e-01	5.61e-01	8.92e-02	3.43e-03	1.15e-11	2.22e-20	2.75e-20
 1.90684e+23	1.31e-11	3.21e-07	3.33e-04	2.14e-02	1.22e-01	2.16e-01	5.52e-01	8.39e-02	3.08e-03	1.31e-11	2.54e-20	3.15e-20
 1.92294e+23	1.55e-11	3.79e-07	3.86e-04	2.39e-02	1.30e-01	2.25e-01	5.41e-01	7.74e-02	2.68e-03	1.55e-11	3.00e-20	3.72e-20
 1.93927e+23	1.78e-11	4.36e-07	4.35e-04	2.62e-02	1.37e-01	2.31e-01	5.31e-01	7.25e-02	2.40e-03	1.78e-11	3.47e-20	4.30e-20
 1.95589e+23	2.12e-11	5.20e-07	5.07e-04	2.93e-02	1.46e-01	2.39e-01	5.17e-01	6.64e-02	2.07e-03	2.12e-11	4.15e-20	5.14e-20
 1.97270e+23	2.48e-11	6.02e-07	5.73e-04	3.20e-02	1.53e-01	2.44e-01	5.06e-01	6.20e-02	1.84e-03	2.48e-11	4.86e-20	6.01e-20
 1.98974e+23	2.98e-11	7.23e-07	6.69e-04	3.58e-02	1.63e-01	2.52e-01	4.91e-01	5.65e-02	1.58e-03	2.98e-11	5.89e-20	7.28e-20
 2.00706e+23	3.52e-11	8.44e-07	7.60e-04	3.92e-02	1.71e-01	2.57e-01	4.78e-01	5.25e-02	1.40e-03	3.52e-11	6.97e-20	8.62e-20
 2.02227e+23	4.12e-11	9.79e-07	8.58e-04	4.27e-02	1.79e-01	2.62e-01	4.65e-01	4.87e-02	1.24e-03	4.12e-11	8.21e-20	1.01e-19
 2.03958e+23	5.04e-11	1.19e-06	1.00e-03	4.76e-02	1.89e-01	2.69e-01	4.48e-01	4.41e-02	1.05e-03	5.04e-11	1.01e-19	1.25e-19
 2.05706e+23	5.97e-11	1.39e-06	1.14e-03	5.19e-02	1.97e-01	2.73e-01	4.35e-01	4.07e-02	9.27e-04	5.97e-11	1.20e-19	1.48e-19
 2.07144e+23	6.91e-11	1.59e-06	1.27e-03	5.58e-02	2.05e-01	2.77e-01	4.23e-01	3.80e-02	8.28e-04	6.91e-11	1.40e-19	1.72e-19
 2.08682e+23	8.35e-11	1.88e-06	1.45e-03	6.11e-02	2.14e-01	2.80e-01	4.08e-01	3.47e-02	7.18e-04	8.35e-11	1.70e-19	2.10e-19
 2.10256e+23	9.81e-11	2.17e-06	1.63e-03	6.60e-02	2.22e-01	2.83e-01	3.94e-01	3.21e-02	6.35e-04	9.81e-11	2.01e-19	2.47e-19
 2.11657e+23	1.15e-10	2.50e-06	1.82e-03	7.09e-02	2.30e-01	2.86e-01	3.81e-01	2.97e-02	5.63e-04	1.15e-10	2.36e-19	2.91e-19
 2.13260e+23	1.40e-10	2.99e-06	2.08e-03	7.76e-02	2.39e-01	2.88e-01	3.65e-01	2.69e-02	4.84e-04	1.40e-10	2.91e-19	3.58e-19
 2.14925e+23	1.68e-10	3.50e-06	2.35e-03	8.39e-02	2.48e-01	2.90e-01	3.51e-01	2.46e-02	4.21e-04	1.68e-10	3.50e-19	4.30e-19
 2.16412e+23	1.99e-10	4.05e-06	2.63e-03	9.01e-02	2.56e-01	2.91e-01	3.37e-01	2.26e-02	3.70e-04	1.99e-10	4.17e-19	5.13e-19
 2.18085e+23	2.47e-10	4.87e-06	3.02e-03	9.84e-02	2.66e-01	2.92e-01	3.20e-01	2.03e-02	3.14e-04	2.47e-10	5.22e-19	6.41e-19
 2.19835e+23	3.00e-10	5.75e-06	3.43e-03	1.06e-01	2.74e-01	2.92e-01	3.05e-01	1.84e-02	2.70e-04	3.00e-10	6.38e-19	7.83e-19
 2.21413e+23	3.60e-10	6.70e-06	3.84e-03	1.14e-01	2.82e-01	2.91e-01	2.91e-01	1.67e-02	2.34e-04	3.60e-10	7.72e-19	9.47e-19
 2.23193e+23	4.55e-10	8.13e-06	4.43e-03	1.25e-01	2.92e-01	2.90e-01	2.74e-01	1.48e-02	1.96e-04	4.55e-10	9.86e-19	1.21e-18
 2.25034e+23	5.59e-10	9.65e-06	5.03e-03	1.35e-01	3.00e-01	2.88e-01	2.59e-01	1.32e-02	1.66e-04	5.59e-10	1.22e-18	1.49e-18
 2.26675e+23	6.79e-10	1.13e-05	5.65e-03	1.44e-01	3.08e-01	2.85e-01	2.45e-01	1.19e-02	1.42e-04	6.79e-10	1.50e-18	1.83e-18
 2.28530e+23	8.69e-10	1.38e-05	6.51e-03	1.57e-01	3.17e-01	2.81e-01	2.28e-01	1.04e-02	1.17e-04	8.69e-10	1.94e-18	2.37e-18
 2.30460e+23	1.08e-09	1.64e-05	7.39e-03	1.69e-01	3.24e-01	2.77e-01	2.13e-01	9.22e-03	9.78e-05	1.08e-09	2.43e-18	2.97e-18
 2.32197e+23	1.33e-09	1.93e-05	8.31e-03	1.80e-01	3.30e-01	2.73e-01	2.00e-01	8.20e-03	8.25e-05	1.33e-09	3.03e-18	3.69e-18
 2.34164e+23	1.74e-09	2.38e-05	9.63e-03	1.96e-01	3.38e-01	2.66e-01	1.83e-01	7.03e-03	6.62e-05	1.74e-09	4.00e-18	4.88e-18
 2.36194e+23	2.18e-09	2.84e-05	1.09e-02	2.10e-01	3.43e-01	2.60e-01	1.70e-01	6.15e-03	5.47e-05	2.18e-09	5.08e-18	6.19e-18
 2.38024e+23	2.72e-09	3.36e-05	1.23e-02	2.23e-01	3.48e-01	2.54e-01	1.57e-01	5.39e-03	4.53e-05	2.72e-09	6.41e-18	7.80e-18
 2.40121e+23	3.61e-09	4.17e-05	1.42e-02	2.42e-01	3.53e-01	2.44e-01	1.42e-01	4.52e-03	3.55e-05	3.61e-09	8.65e-18	1.05e-17
 2.42246e+23	4.57e-09	4.98e-05	1.61e-02	2.57e-01	3.56e-01	2.37e-01	1.30e-01	3.90e-03	2.88e-05	4.57e-09	1.11e-17	1.35e-17
 2.44124e+23	5.72e-09	5.89e-05	1.80e-02	2.72e-01	3.58e-01	2.28e-01	1.20e-01	3.38e-03	2.36e-05	5.72e-09	1.41e-17	1.71e-17
 2.46283e+23	7.67e-09	7.32e-05	2.08e-02	2.93e-01	3.60e-01	2.17e-01	1.06e-01	2.79e-03	1.81e-05	7.67e-09	1.92e-17	2.33e-17
 2.48469e+23	9.71e-09	8.70e-05	2.34e-02	3.09e-01	3.60e-01	2.08e-01	9.66e-02	2.38e-03	1.45e-05	9.71e-09	2.47e-17	2.99e-17
 2.50691e+23	1.30e-08	1.08e-04	2.69e-02	3.30e-01	3.59e-01	1.96e-01	8.53e-02	1.95e-03	1.10e-05	1.30e-08	3.38e-17	4.09e-17
 2.52960e+23	1.67e-08	1.29e-04	3.02e-02	3.48e-01	3.57e-01	1.87e-01	7.66e-02	1.64e-03	8.68e-06	1.67e-08	4.40e-17	5.32e-17
 2.54979e+23	2.12e-08	1.53e-04	3.37e-02	3.65e-01	3.55e-01	1.77e-01	6.87e-02	1.38e-03	6.86e-06	2.12e-08	5.69e-17	6.87e-17
 2.57295e+23	2.87e-08	1.89e-04	3.87e-02	3.86e-01	3.50e-01	1.64e-01	5.96e-02	1.10e-03	5.07e-06	2.87e-08	7.90e-17	9.53e-17
 2.59649e+23	3.67e-08	2.25e-04	4.31e-02	4.04e-01	3.45e-01	1.54e-01	5.28e-02	9.14e-04	3.94e-06	3.67e-08	1.03e-16	1.24e-16
 2.62055e+23	5.03e-08	2.81e-04	4.95e-02	4.26e-01	3.37e-01	1.42e-01	4.51e-02	7.16e-04	2.84e-06	5.03e-08	1.45e-16	1.74e-16
 2.64405e+23	6.32e-08	3.29e-04	5.46e-02	4.41e-01	3.31e-01	1.33e-01	4.01e-02	5.97e-04	2.22e-06	6.32e-08	1.86e-16	2.23e-16
 2.66684e+23	8.49e-08	4.03e-04	6.17e-02	4.60e-01	3.22e-01	1.21e-01	3.43e-02	4.70e-04	1.61e-06	8.49e-08	2.56e-16	3.08e-16
 2.68890e+23	1.04e-07	4.64e-04	6.72e-02	4.73e-01	3.14e-01	1.13e-01	3.06e-02	3.96e-04	1.28e-06	1.04e-07	3.20e-16	3.85e-16
 2.71000e+23	1.36e-07	5.57e-04	7.48e-02	4.89e-01	3.05e-01	1.04e-01	2.64e-02	3.16e-04	9.52e-07	1.36e-07	4.29e-16	5.15e-16
 2.73140e+23	1.68e-07	6.42e-04	8.14e-02	5.02e-01	2.96e-01	9.66e-02	2.33e-02	2.63e-04	7.46e-07	1.68e-07	5.41e-16	6.49e-16
 2.75318e+23	2.19e-07	7.69e-04	9.04e-02	5.16e-01	2.85e-01	8.77e-02	1.99e-02	2.08e-04	5.46e-07	2.19e-07	7.27e-16	8.71e-16
 2.77521e+23	2.72e-07	8.89e-04	9.83e-02	5.27e-01	2.76e-01	8.09e-02	1.75e-02	1.71e-04	4.21e-07	2.72e-07	9.22e-16	1.10e-15
 2.79463e+23	3.35e-07	1.02e-03	1.06e-01	5.36e-01	2.66e-01	7.45e-02	1.53e-02	1.41e-04	3.27e-07	3.35e-07	1.16e-15	1.39e-15
 2.81695e+23	4.37e-07	1.22e-03	1.17e-01	5.48e-01	2.54e-01	6.69e-02	1.29e-02	1.09e-04	2.35e-07	4.37e-07	1.57e-15	1.87e-15
 2.83957e+23	5.42e-07	1.41e-03	1.27e-01	5.56e-01	2.43e-01	6.11e-02	1.12e-02	8.87e-05	1.78e-07	5.42e-07	1.99e-15	2.38e-15
 2.85954e+23	6.66e-07	1.61e-03	1.37e-01	5.62e-01	2.33e-01	5.58e-02	9.78e-03	7.24e-05	1.37e-07	6.66e-07	2.52e-15	3.00e-15
 2.88248e+23	8.70e-07	1.92e-03	1.51e-01	5.69e-01	2.20e-01	4.95e-02	8.14e-03	5.54e-05	0.00e+00	8.70e-07	3.40e-15	4.05e-15
 2.90371e+23	1.04e-06	2.16e-03	1.60e-01	5.73e-01	2.12e-01	4.56e-02	7.19e-03	4.62e-05	0.00e+00	1.04e-06	4.15e-15	4.94e-15
 2.92271e+23	1.28e-06	2.48e-03	1.72e-01	5.76e-01	2.01e-01	4.12e-02	6.18e-03	3.71e-05	0.00e+00	1.28e-06	5.28e-15	6.28e-15
 2.94222e+23	1.54e-06	2.79e-03	1.83e-01	5.78e-01	1.92e-01	3.77e-02	5.42e-03	3.06e-05	0.00e+00	1.54e-06	6.49e-15	7.72e-15
 2.95953e+23	1.82e-06	3.12e-03	1.94e-01	5.79e-01	1.84e-01	3.46e-02	4.78e-03	2.55e-05	0.00e+00	1.82e-06	7.89e-15	9.38e-15
 2.97918e+23	2.27e-06	3.60e-03	2.08e-01	5.80e-01	1.74e-01	3.10e-02	4.05e-03	2.01e-05	0.00e+00	2.27e-06	1.01e-14	1.21e-14
 2.99900e+23	2.70e-06	4.04e-03	2.20e-01	5.79e-01	1.65e-01	2.82e-02	3.54e-03	1.65e-05	0.00e+00	2.70e-06	1.24e-14	1.47e-14
 3.01904e+23	3.35e-06	4.65e-03	2.36e-01	5.76e-01	1.55e-01	2.51e-02	3.00e-03	1.30e-05	0.00e+00	3.35e-06	1.59e-14	1.89e-14
 3.03932e+23	4.03e-06	5.25e-03	2.49e-01	5.73e-01	1.47e-01	2.27e-02	2.60e-03	1.06e-05	0.00e+00	4.03e-06	1.97e-14	2.34e-14
 3.05689e+23	4.78e-06	5.87e-03	2.62e-01	5.70e-01	1.39e-01	2.07e-02	2.27e-03	8.69e-06	0.00e+00	4.78e-06	2.40e-14	2.85e-14
 3.07559e+23	5.81e-06	6.67e-03	2.78e-01	5.64e-01	1.31e-01	1.85e-02	1.94e-03	6.93e-06	0.00e+00	5.81e-06	3.01e-14	3.57e-14
