#depth	He	He+	He+2
 4.62852e+21	3.17e-06	1.88e-02	9.81e-01
 1.04849e+22	6.31e-06	2.63e-02	9.74e-01
 1.23266e+22	8.85e-06	3.11e-02	9.69e-01
 1.33786e+22	1.13e-05	3.50e-02	9.65e-01
 1.40005e+22	1.25e-05	3.68e-02	9.63e-01
 1.44231e+22	1.42e-05	3.92e-02	9.61e-01
 1.48719e+22	1.59e-05	4.14e-02	9.59e-01
 1.53548e+22	1.84e-05	4.45e-02	9.55e-01
 1.58445e+22	2.08e-05	4.72e-02	9.53e-01
 1.62769e+22	2.33e-05	4.99e-02	9.50e-01
 1.67730e+22	2.71e-05	5.37e-02	9.46e-01
 1.72758e+22	3.06e-05	5.70e-02	9.43e-01
 1.77874e+22	3.57e-05	6.14e-02	9.39e-01
 1.82915e+22	4.00e-05	6.49e-02	9.35e-01
 1.87029e+22	4.44e-05	6.82e-02	9.32e-01
 1.91550e+22	5.08e-05	7.28e-02	9.27e-01
 1.96087e+22	5.65e-05	7.66e-02	9.23e-01
 2.00646e+22	6.45e-05	8.16e-02	9.18e-01
 2.05258e+22	7.19e-05	8.60e-02	9.14e-01
 2.09939e+22	8.23e-05	9.17e-02	9.08e-01
 2.14666e+22	9.19e-05	9.66e-02	9.03e-01
 2.18827e+22	1.02e-04	1.02e-01	8.98e-01
 2.23610e+22	1.17e-04	1.08e-01	8.92e-01
 2.28462e+22	1.31e-04	1.14e-01	8.86e-01
 2.32354e+22	1.44e-04	1.19e-01	8.81e-01
 2.36361e+22	1.60e-04	1.26e-01	8.74e-01
 2.40488e+22	1.76e-04	1.31e-01	8.69e-01
 2.44171e+22	1.93e-04	1.37e-01	8.63e-01
 2.48361e+22	2.16e-04	1.44e-01	8.56e-01
 2.52594e+22	2.37e-04	1.50e-01	8.49e-01
 2.56287e+22	2.60e-04	1.57e-01	8.43e-01
 2.60494e+22	2.91e-04	1.65e-01	8.34e-01
 2.64742e+22	3.18e-04	1.72e-01	8.28e-01
 2.69042e+22	3.56e-04	1.81e-01	8.19e-01
 2.73408e+22	3.92e-04	1.89e-01	8.11e-01
 2.77252e+22	4.29e-04	1.97e-01	8.03e-01
 2.81642e+22	4.79e-04	2.07e-01	7.93e-01
 2.86127e+22	5.27e-04	2.15e-01	7.84e-01
 2.90734e+22	5.94e-04	2.27e-01	7.72e-01
 2.95341e+22	6.51e-04	2.36e-01	7.63e-01
 2.99947e+22	7.30e-04	2.48e-01	7.51e-01
 3.04675e+22	8.03e-04	2.59e-01	7.40e-01
 3.09562e+22	9.06e-04	2.72e-01	7.27e-01
 3.14516e+22	9.96e-04	2.83e-01	7.16e-01
 3.17698e+22	1.04e-03	2.88e-01	7.11e-01
 3.19978e+22	1.10e-03	2.95e-01	7.03e-01
 3.22941e+22	1.18e-03	3.04e-01	6.95e-01
 3.26794e+22	1.29e-03	3.15e-01	6.83e-01
 3.30601e+22	1.39e-03	3.24e-01	6.74e-01
 3.34350e+22	1.51e-03	3.36e-01	6.62e-01
 3.38150e+22	1.62e-03	3.46e-01	6.53e-01
 3.42016e+22	1.77e-03	3.58e-01	6.40e-01
 3.45932e+22	1.91e-03	3.68e-01	6.30e-01
 3.49914e+22	2.08e-03	3.81e-01	6.17e-01
 3.53940e+22	2.24e-03	3.92e-01	6.06e-01
 3.58021e+22	2.45e-03	4.05e-01	5.92e-01
 3.62140e+22	2.64e-03	4.16e-01	5.81e-01
 3.66307e+22	2.88e-03	4.30e-01	5.67e-01
 3.70561e+22	3.11e-03	4.42e-01	5.55e-01
 3.74928e+22	3.41e-03	4.57e-01	5.40e-01
 3.79365e+22	3.67e-03	4.69e-01	5.28e-01
 3.83893e+22	4.04e-03	4.84e-01	5.12e-01
 3.88520e+22	4.36e-03	4.97e-01	4.99e-01
 3.93275e+22	4.81e-03	5.14e-01	4.82e-01
 3.98117e+22	5.20e-03	5.27e-01	4.68e-01
 4.03070e+22	5.74e-03	5.44e-01	4.50e-01
 4.08090e+22	6.20e-03	5.57e-01	4.36e-01
 4.13196e+22	6.85e-03	5.75e-01	4.18e-01
 4.18379e+22	7.42e-03	5.89e-01	4.04e-01
 4.23661e+22	8.21e-03	6.06e-01	3.85e-01
 4.29033e+22	8.90e-03	6.21e-01	3.70e-01
 4.34520e+22	9.89e-03	6.39e-01	3.51e-01
 4.40072e+22	1.07e-02	6.53e-01	3.36e-01
 4.45706e+22	1.19e-02	6.71e-01	3.17e-01
 4.51484e+22	1.29e-02	6.86e-01	3.01e-01
 4.57450e+22	1.44e-02	7.04e-01	2.82e-01
 4.63575e+22	1.57e-02	7.19e-01	2.66e-01
 4.69908e+22	1.77e-02	7.37e-01	2.45e-01
 4.76405e+22	1.94e-02	7.51e-01	2.29e-01
 4.83114e+22	2.19e-02	7.69e-01	2.09e-01
 4.90026e+22	2.43e-02	7.84e-01	1.92e-01
 4.97203e+22	2.77e-02	8.01e-01	1.72e-01
 5.04562e+22	3.09e-02	8.14e-01	1.55e-01
 5.10257e+22	3.34e-02	8.23e-01	1.44e-01
 5.15759e+22	3.70e-02	8.33e-01	1.30e-01
 5.21430e+22	4.05e-02	8.41e-01	1.19e-01
 5.27320e+22	4.54e-02	8.49e-01	1.06e-01
 5.33393e+22	5.03e-02	8.55e-01	9.50e-02
 5.38854e+22	5.56e-02	8.59e-01	8.54e-02
 5.43789e+22	6.07e-02	8.62e-01	7.76e-02
 5.48137e+22	6.61e-02	8.63e-01	7.09e-02
 5.53039e+22	7.38e-02	8.63e-01	6.32e-02
 5.58159e+22	8.19e-02	8.61e-01	5.68e-02
 5.62608e+22	9.02e-02	8.58e-01	5.16e-02
 5.66679e+22	9.92e-02	8.54e-01	4.73e-02
 5.70495e+22	1.09e-01	8.47e-01	4.36e-02
 5.74023e+22	1.19e-01	8.40e-01	4.05e-02
 5.77223e+22	1.30e-01	8.32e-01	3.80e-02
 5.80104e+22	1.42e-01	8.22e-01	3.61e-02
 5.82724e+22	1.54e-01	8.12e-01	3.45e-02
 5.85123e+22	1.66e-01	8.01e-01	3.32e-02
 5.87309e+22	1.79e-01	7.89e-01	3.22e-02
 5.88709e+22	1.86e-01	7.82e-01	3.20e-02
 5.89279e+22	1.89e-01	7.79e-01	3.19e-02
 5.89752e+22	1.93e-01	7.76e-01	3.17e-02
 5.90351e+22	1.97e-01	7.72e-01	3.15e-02
 5.91075e+22	2.03e-01	7.66e-01	3.12e-02
 5.91809e+22	2.08e-01	7.61e-01	3.10e-02
 5.92512e+22	2.13e-01	7.56e-01	3.09e-02
 5.93219e+22	2.19e-01	7.50e-01	3.07e-02
 5.93932e+22	2.25e-01	7.44e-01	3.06e-02
 5.94672e+22	2.31e-01	7.38e-01	3.05e-02
 5.95446e+22	2.38e-01	7.31e-01	3.04e-02
 5.96246e+22	2.45e-01	7.24e-01	3.03e-02
 5.97075e+22	2.53e-01	7.16e-01	3.02e-02
 5.97929e+22	2.62e-01	7.08e-01	3.02e-02
 5.98784e+22	2.70e-01	7.00e-01	3.02e-02
 5.99457e+22	2.76e-01	6.94e-01	3.03e-02
 5.99907e+22	2.81e-01	6.89e-01	3.03e-02
 6.00336e+22	2.85e-01	6.84e-01	3.03e-02
 6.00834e+22	2.91e-01	6.79e-01	3.02e-02
 6.01380e+22	2.97e-01	6.72e-01	3.02e-02
 6.01921e+22	3.04e-01	6.66e-01	3.01e-02
 6.02450e+22	3.10e-01	6.60e-01	3.01e-02
 6.02986e+22	3.16e-01	6.54e-01	3.01e-02
 6.03538e+22	3.23e-01	6.47e-01	3.00e-02
 6.04105e+22	3.30e-01	6.40e-01	2.99e-02
 6.04680e+22	3.38e-01	6.33e-01	2.98e-02
 6.05253e+22	3.45e-01	6.25e-01	2.97e-02
 6.05838e+22	3.53e-01	6.18e-01	2.95e-02
 6.06445e+22	3.61e-01	6.10e-01	2.94e-02
 6.07072e+22	3.70e-01	6.01e-01	2.91e-02
 6.07706e+22	3.79e-01	5.92e-01	2.89e-02
 6.08347e+22	3.88e-01	5.83e-01	2.87e-02
 6.09011e+22	3.98e-01	5.74e-01	2.84e-02
 6.09700e+22	4.08e-01	5.64e-01	2.81e-02
 6.10406e+22	4.19e-01	5.54e-01	2.77e-02
 6.11125e+22	4.30e-01	5.43e-01	2.73e-02
 6.11862e+22	4.41e-01	5.32e-01	2.69e-02
 6.12624e+22	4.53e-01	5.21e-01	2.64e-02
 6.13413e+22	4.65e-01	5.09e-01	2.59e-02
 6.14223e+22	4.78e-01	4.97e-01	2.53e-02
 6.15052e+22	4.91e-01	4.85e-01	2.48e-02
 6.15904e+22	5.04e-01	4.72e-01	2.41e-02
 6.16785e+22	5.18e-01	4.59e-01	2.35e-02
 6.17696e+22	5.32e-01	4.45e-01	2.28e-02
 6.18630e+22	5.46e-01	4.32e-01	2.21e-02
 6.19571e+22	5.60e-01	4.19e-01	2.14e-02
 6.20522e+22	5.74e-01	4.05e-01	2.06e-02
 6.21509e+22	5.89e-01	3.92e-01	1.98e-02
 6.22529e+22	6.03e-01	3.78e-01	1.90e-02
 6.23538e+22	6.17e-01	3.65e-01	1.82e-02
 6.24549e+22	6.31e-01	3.52e-01	1.74e-02
 6.25607e+22	6.44e-01	3.39e-01	1.66e-02
 6.26688e+22	6.58e-01	3.26e-01	1.59e-02
 6.27776e+22	6.71e-01	3.14e-01	1.51e-02
 6.28894e+22	6.84e-01	3.02e-01	1.43e-02
 6.30046e+22	6.97e-01	2.90e-01	1.35e-02
 6.31220e+22	7.09e-01	2.78e-01	1.28e-02
 6.32416e+22	7.22e-01	2.66e-01	1.20e-02
 6.33652e+22	7.34e-01	2.55e-01	1.12e-02
 6.34907e+22	7.45e-01	2.45e-01	1.05e-02
 6.36122e+22	7.55e-01	2.35e-01	9.90e-03
 6.37267e+22	7.64e-01	2.26e-01	9.31e-03
 6.38328e+22	7.73e-01	2.19e-01	8.79e-03
 6.39319e+22	7.80e-01	2.11e-01	8.31e-03
 6.40242e+22	7.87e-01	2.05e-01	7.89e-03
 6.41137e+22	7.93e-01	1.99e-01	7.49e-03
 6.42034e+22	7.99e-01	1.94e-01	7.13e-03
 6.42906e+22	8.05e-01	1.88e-01	6.77e-03
 6.43729e+22	8.10e-01	1.83e-01	6.47e-03
 6.44525e+22	8.15e-01	1.79e-01	6.17e-03
 6.45312e+22	8.20e-01	1.74e-01	5.89e-03
 6.46049e+22	8.24e-01	1.70e-01	5.64e-03
 6.46767e+22	8.28e-01	1.67e-01	5.40e-03
 6.47477e+22	8.32e-01	1.63e-01	5.17e-03
 6.48140e+22	8.36e-01	1.60e-01	4.97e-03
 6.48773e+22	8.39e-01	1.56e-01	4.77e-03
 6.49410e+22	8.42e-01	1.53e-01	4.58e-03
 6.50022e+22	8.46e-01	1.50e-01	4.41e-03
 6.50577e+22	8.48e-01	1.47e-01	4.26e-03
 6.51082e+22	8.51e-01	1.45e-01	4.12e-03
 6.51541e+22	8.53e-01	1.43e-01	3.99e-03
 6.51960e+22	8.55e-01	1.41e-01	3.88e-03
 6.52340e+22	8.57e-01	1.39e-01	3.77e-03
 6.52686e+22	8.59e-01	1.37e-01	3.68e-03
 6.53066e+22	8.61e-01	1.35e-01	3.57e-03
 6.53475e+22	8.63e-01	1.33e-01	3.47e-03
 6.53848e+22	8.65e-01	1.32e-01	3.39e-03
 6.54187e+22	8.67e-01	1.30e-01	3.31e-03
 6.54559e+22	8.69e-01	1.28e-01	3.22e-03
 6.54960e+22	8.70e-01	1.26e-01	3.13e-03
 6.55326e+22	8.72e-01	1.25e-01	3.05e-03
 6.55658e+22	8.73e-01	1.24e-01	2.99e-03
 6.55960e+22	8.75e-01	1.22e-01	2.92e-03
 6.56236e+22	8.76e-01	1.21e-01	2.87e-03
 6.56537e+22	8.78e-01	1.20e-01	2.80e-03
 6.56863e+22	8.79e-01	1.18e-01	2.74e-03
 6.57219e+22	8.80e-01	1.17e-01	2.67e-03
 6.57605e+22	8.82e-01	1.16e-01	2.61e-03
 6.57955e+22	8.83e-01	1.14e-01	2.55e-03
 6.58274e+22	8.84e-01	1.13e-01	2.51e-03
 6.58623e+22	8.86e-01	1.12e-01	2.45e-03
 6.59078e+22	8.87e-01	1.10e-01	2.37e-03
 6.59568e+22	8.89e-01	1.09e-01	2.30e-03
 6.60015e+22	8.91e-01	1.07e-01	2.25e-03
 6.60421e+22	8.92e-01	1.06e-01	2.19e-03
 6.60790e+22	8.93e-01	1.05e-01	2.14e-03
 6.61127e+22	8.94e-01	1.03e-01	2.09e-03
 6.61433e+22	8.95e-01	1.03e-01	2.05e-03
 6.61768e+22	8.97e-01	1.01e-01	1.99e-03
 6.62130e+22	8.98e-01	9.99e-02	1.95e-03
 6.62460e+22	8.99e-01	9.90e-02	1.91e-03
 6.62821e+22	9.01e-01	9.76e-02	1.86e-03
 6.63211e+22	9.02e-01	9.64e-02	1.81e-03
 6.63565e+22	9.03e-01	9.53e-02	1.77e-03
 6.63888e+22	9.04e-01	9.43e-02	1.73e-03
 6.64182e+22	9.05e-01	9.35e-02	1.70e-03
 6.64504e+22	9.06e-01	9.23e-02	1.66e-03
 6.64922e+22	9.08e-01	9.08e-02	1.60e-03
 6.65374e+22	9.09e-01	8.97e-02	1.57e-03
 6.65785e+22	9.10e-01	8.85e-02	1.53e-03
 6.66159e+22	9.11e-01	8.75e-02	1.49e-03
 6.66499e+22	9.12e-01	8.65e-02	1.46e-03
 6.66872e+22	9.13e-01	8.53e-02	1.41e-03
 6.67275e+22	9.14e-01	8.42e-02	1.38e-03
 6.67642e+22	9.15e-01	8.32e-02	1.35e-03
 6.67975e+22	9.16e-01	8.23e-02	1.32e-03
 6.68279e+22	9.17e-01	8.16e-02	1.30e-03
 6.68611e+22	9.18e-01	8.05e-02	1.26e-03
 6.69043e+22	9.19e-01	7.94e-02	1.23e-03
 6.69510e+22	9.20e-01	7.85e-02	1.20e-03
 6.69935e+22	9.21e-01	7.76e-02	1.17e-03
 6.70400e+22	9.23e-01	7.63e-02	1.13e-03
 6.70903e+22	9.24e-01	7.53e-02	1.10e-03
 6.71360e+22	9.25e-01	7.44e-02	1.08e-03
 6.71861e+22	9.26e-01	7.32e-02	1.04e-03
 6.72402e+22	9.27e-01	7.21e-02	1.01e-03
 6.72894e+22	9.28e-01	7.11e-02	9.83e-04
 6.73342e+22	9.29e-01	7.02e-02	9.56e-04
 6.73750e+22	9.30e-01	6.95e-02	9.37e-04
 6.74196e+22	9.31e-01	6.82e-02	9.04e-04
 6.74777e+22	9.32e-01	6.71e-02	8.75e-04
 6.75404e+22	9.33e-01	6.61e-02	8.49e-04
 6.75974e+22	9.34e-01	6.51e-02	8.22e-04
 6.76493e+22	9.35e-01	6.41e-02	7.99e-04
 6.76965e+22	9.36e-01	6.33e-02	7.77e-04
 6.77483e+22	9.37e-01	6.22e-02	7.51e-04
 6.78042e+22	9.38e-01	6.13e-02	7.30e-04
 6.78550e+22	9.39e-01	6.04e-02	7.08e-04
 6.79013e+22	9.40e-01	5.97e-02	6.92e-04
 6.79520e+22	9.41e-01	5.87e-02	6.69e-04
 6.80068e+22	9.41e-01	5.79e-02	6.51e-04
 6.80566e+22	9.42e-01	5.72e-02	6.36e-04
 6.81112e+22	9.43e-01	5.62e-02	6.13e-04
 6.81701e+22	9.44e-01	5.54e-02	5.96e-04
 6.82237e+22	9.45e-01	5.46e-02	5.78e-04
 6.82725e+22	9.45e-01	5.40e-02	5.65e-04
 6.83260e+22	9.46e-01	5.30e-02	5.46e-04
 6.83837e+22	9.47e-01	5.23e-02	5.31e-04
 6.84363e+22	9.48e-01	5.17e-02	5.18e-04
 6.84939e+22	9.49e-01	5.07e-02	5.00e-04
 6.85560e+22	9.49e-01	5.00e-02	4.86e-04
 6.86126e+22	9.50e-01	4.94e-02	4.73e-04
 6.86745e+22	9.51e-01	4.84e-02	4.56e-04
 6.87414e+22	9.52e-01	4.78e-02	4.43e-04
 6.88023e+22	9.53e-01	4.70e-02	4.29e-04
 6.88577e+22	9.53e-01	4.64e-02	4.18e-04
 6.89185e+22	9.54e-01	4.55e-02	4.02e-04
 6.89840e+22	9.55e-01	4.48e-02	3.90e-04
 6.90436e+22	9.55e-01	4.42e-02	3.80e-04
 6.91090e+22	9.56e-01	4.34e-02	3.66e-04
 6.91796e+22	9.57e-01	4.27e-02	3.55e-04
 6.92438e+22	9.58e-01	4.21e-02	3.45e-04
 6.93141e+22	9.58e-01	4.13e-02	3.31e-04
 6.93901e+22	9.59e-01	4.06e-02	3.20e-04
 6.94592e+22	9.60e-01	4.00e-02	3.11e-04
 6.95350e+22	9.61e-01	3.92e-02	2.98e-04
 6.96168e+22	9.61e-01	3.85e-02	2.89e-04
 6.96912e+22	9.62e-01	3.78e-02	2.78e-04
 6.97589e+22	9.62e-01	3.72e-02	2.70e-04
 6.98331e+22	9.63e-01	3.65e-02	2.59e-04
 6.99132e+22	9.64e-01	3.59e-02	2.50e-04
 6.99861e+22	9.64e-01	3.53e-02	2.43e-04
 7.00660e+22	9.65e-01	3.46e-02	2.33e-04
 7.01522e+22	9.66e-01	3.39e-02	2.24e-04
 7.02307e+22	9.66e-01	3.34e-02	2.17e-04
 7.03167e+22	9.67e-01	3.26e-02	2.08e-04
 7.04095e+22	9.68e-01	3.21e-02	2.00e-04
 7.04940e+22	9.68e-01	3.14e-02	1.93e-04
 7.05709e+22	9.69e-01	3.09e-02	1.86e-04
 7.06552e+22	9.70e-01	3.02e-02	1.78e-04
 7.07461e+22	9.70e-01	2.97e-02	1.72e-04
 7.08289e+22	9.71e-01	2.92e-02	1.66e-04
 7.09196e+22	9.71e-01	2.85e-02	1.59e-04
 7.10175e+22	9.72e-01	2.80e-02	1.53e-04
 7.11066e+22	9.72e-01	2.75e-02	1.47e-04
 7.12042e+22	9.73e-01	2.68e-02	1.41e-04
 7.13096e+22	9.74e-01	2.63e-02	1.35e-04
 7.14055e+22	9.74e-01	2.58e-02	1.30e-04
 7.15107e+22	9.75e-01	2.51e-02	1.24e-04
 7.16241e+22	9.75e-01	2.46e-02	1.18e-04
 7.17274e+22	9.76e-01	2.41e-02	1.13e-04
 7.18214e+22	9.76e-01	2.36e-02	1.09e-04
 7.19243e+22	9.77e-01	2.31e-02	1.04e-04
 7.20582e+22	9.78e-01	2.24e-02	9.81e-05
 7.22101e+22	9.78e-01	2.17e-02	9.23e-05
 7.23627e+22	9.79e-01	2.10e-02	8.67e-05
 7.25172e+22	9.80e-01	2.04e-02	8.13e-05
 7.26746e+22	9.80e-01	1.97e-02	7.62e-05
 7.28343e+22	9.81e-01	1.91e-02	7.14e-05
 7.29964e+22	9.81e-01	1.85e-02	6.68e-05
 7.31603e+22	9.82e-01	1.79e-02	6.25e-05
 7.33263e+22	9.83e-01	1.73e-02	5.85e-05
 7.34942e+22	9.83e-01	1.67e-02	5.47e-05
 7.36640e+22	9.84e-01	1.61e-02	5.10e-05
 7.38357e+22	9.84e-01	1.56e-02	4.77e-05
 7.40092e+22	9.85e-01	1.50e-02	4.45e-05
 7.41845e+22	9.85e-01	1.45e-02	4.15e-05
 7.43616e+22	9.86e-01	1.40e-02	3.87e-05
 7.45401e+22	9.86e-01	1.35e-02	3.60e-05
 7.47201e+22	9.87e-01	1.31e-02	3.36e-05
 7.49014e+22	9.87e-01	1.26e-02	3.13e-05
 7.50845e+22	9.88e-01	1.22e-02	2.91e-05
 7.52694e+22	9.88e-01	1.17e-02	2.71e-05
 7.54558e+22	9.89e-01	1.13e-02	2.52e-05
 7.56436e+22	9.89e-01	1.09e-02	2.34e-05
 7.58330e+22	9.89e-01	1.05e-02	2.17e-05
 7.60239e+22	9.90e-01	1.01e-02	2.02e-05
 7.62181e+22	9.90e-01	9.74e-03	1.87e-05
 7.64168e+22	9.91e-01	9.37e-03	1.74e-05
 7.66186e+22	9.91e-01	9.02e-03	1.61e-05
 7.68225e+22	9.91e-01	8.67e-03	1.49e-05
 7.70286e+22	9.92e-01	8.34e-03	1.38e-05
 7.72369e+22	9.92e-01	8.01e-03	1.27e-05
 7.74474e+22	9.92e-01	7.70e-03	1.17e-05
 7.76605e+22	9.93e-01	7.40e-03	1.08e-05
 7.78769e+22	9.93e-01	7.10e-03	9.99e-06
 7.80968e+22	9.93e-01	6.82e-03	9.20e-06
 7.83218e+22	9.93e-01	6.53e-03	8.46e-06
 7.85526e+22	9.94e-01	6.26e-03	7.77e-06
 7.87877e+22	9.94e-01	5.99e-03	7.13e-06
 7.90268e+22	9.94e-01	5.74e-03	6.53e-06
 7.92699e+22	9.95e-01	5.49e-03	5.97e-06
 7.95174e+22	9.95e-01	5.24e-03	5.46e-06
 7.97695e+22	9.95e-01	5.01e-03	4.98e-06
 8.00264e+22	9.95e-01	4.78e-03	4.54e-06
 8.02897e+22	9.95e-01	4.56e-03	4.13e-06
 8.05595e+22	9.96e-01	4.34e-03	3.75e-06
 8.08353e+22	9.96e-01	4.13e-03	3.40e-06
 8.11173e+22	9.96e-01	3.93e-03	3.07e-06
 8.14054e+22	9.96e-01	3.74e-03	2.77e-06
 8.17004e+22	9.96e-01	3.55e-03	2.50e-06
 8.20016e+22	9.97e-01	3.36e-03	2.25e-06
 8.23067e+22	9.97e-01	3.19e-03	2.02e-06
 8.26146e+22	9.97e-01	3.03e-03	1.82e-06
 8.29247e+22	9.97e-01	2.87e-03	1.64e-06
 8.32377e+22	9.97e-01	2.72e-03	1.47e-06
 8.35548e+22	9.97e-01	2.57e-03	1.32e-06
 8.38750e+22	9.98e-01	2.44e-03	1.18e-06
 8.41984e+22	9.98e-01	2.31e-03	1.06e-06
 8.45253e+22	9.98e-01	2.18e-03	9.48e-07
 8.48559e+22	9.98e-01	2.07e-03	8.48e-07
 8.51901e+22	9.98e-01	1.95e-03	7.58e-07
 8.55268e+22	9.98e-01	1.85e-03	6.77e-07
 8.58669e+22	9.98e-01	1.74e-03	6.04e-07
 8.62106e+22	9.98e-01	1.65e-03	5.39e-07
 8.65582e+22	9.98e-01	1.55e-03	4.80e-07
 8.69106e+22	9.99e-01	1.47e-03	4.27e-07
 8.72671e+22	9.99e-01	1.38e-03	3.79e-07
 8.76277e+22	9.99e-01	1.30e-03	3.37e-07
 8.79924e+22	9.99e-01	1.23e-03	2.98e-07
 8.83559e+22	9.99e-01	1.16e-03	2.65e-07
 8.87052e+22	9.99e-01	1.09e-03	2.37e-07
 8.90307e+22	9.99e-01	1.04e-03	2.14e-07
 8.93339e+22	9.99e-01	9.88e-04	1.94e-07
 8.96205e+22	9.99e-01	9.44e-04	1.77e-07
 8.98944e+22	9.99e-01	9.03e-04	1.62e-07
 9.01562e+22	9.99e-01	8.66e-04	1.49e-07
 9.04047e+22	9.99e-01	8.33e-04	1.37e-07
 9.06398e+22	9.99e-01	8.02e-04	1.28e-07
 9.08624e+22	9.99e-01	7.74e-04	1.19e-07
 9.10743e+22	9.99e-01	7.48e-04	1.11e-07
 9.12766e+22	9.99e-01	7.25e-04	1.04e-07
 9.14691e+22	9.99e-01	7.04e-04	9.81e-08
 9.16507e+22	9.99e-01	6.84e-04	9.27e-08
 9.18225e+22	9.99e-01	6.65e-04	8.77e-08
 9.19879e+22	9.99e-01	6.48e-04	8.31e-08
 9.21482e+22	9.99e-01	6.31e-04	7.90e-08
 9.23026e+22	9.99e-01	6.16e-04	7.52e-08
 9.24499e+22	9.99e-01	6.02e-04	7.17e-08
 9.25460e+22	9.99e-01	5.97e-04	7.05e-08
