#depth	O	O+	O+2	O+3	O+4	O+5	O+6	O+7	O+8	O[1]	O[2]	O[3]
 4.62852e+21	4.29e-10	7.75e-06	4.28e-03	1.22e-01	2.90e-01	2.90e-01	2.78e-01	1.53e-02	2.05e-04	4.29e-10	1.07e-18	1.31e-18
 1.04849e+22	1.74e-09	2.38e-05	9.63e-03	1.96e-01	3.38e-01	2.66e-01	1.83e-01	7.03e-03	6.62e-05	1.74e-09	4.62e-18	5.63e-18
 1.23266e+22	3.51e-09	4.08e-05	1.40e-02	2.40e-01	3.52e-01	2.45e-01	1.44e-01	4.61e-03	3.64e-05	3.51e-09	9.75e-18	1.19e-17
 1.33786e+22	5.78e-09	5.94e-05	1.81e-02	2.73e-01	3.58e-01	2.28e-01	1.19e-01	3.36e-03	2.34e-05	5.78e-09	1.67e-17	2.02e-17
 1.40005e+22	7.13e-09	6.93e-05	2.01e-02	2.87e-01	3.60e-01	2.20e-01	1.10e-01	2.93e-03	1.93e-05	7.13e-09	2.09e-17	2.53e-17
 1.44231e+22	9.33e-09	8.45e-05	2.29e-02	3.06e-01	3.60e-01	2.10e-01	9.84e-02	2.45e-03	1.51e-05	9.33e-09	2.80e-17	3.39e-17
 1.48719e+22	1.18e-08	1.01e-04	2.56e-02	3.23e-01	3.60e-01	2.00e-01	8.90e-02	2.08e-03	1.21e-05	1.18e-08	3.63e-17	4.39e-17
 1.53548e+22	1.60e-08	1.25e-04	2.95e-02	3.44e-01	3.58e-01	1.88e-01	7.81e-02	1.69e-03	9.06e-06	1.60e-08	5.05e-17	6.11e-17
 1.58445e+22	2.05e-08	1.49e-04	3.31e-02	3.62e-01	3.55e-01	1.78e-01	6.98e-02	1.41e-03	7.11e-06	2.05e-08	6.63e-17	8.03e-17
 1.62769e+22	2.61e-08	1.77e-04	3.69e-02	3.79e-01	3.52e-01	1.68e-01	6.25e-02	1.19e-03	5.60e-06	2.61e-08	8.66e-17	1.05e-16
 1.67730e+22	3.55e-08	2.20e-04	4.24e-02	4.01e-01	3.46e-01	1.56e-01	5.38e-02	9.41e-04	4.09e-06	3.55e-08	1.22e-16	1.48e-16
 1.72758e+22	4.54e-08	2.61e-04	4.72e-02	4.18e-01	3.40e-01	1.46e-01	4.77e-02	7.79e-04	3.18e-06	4.54e-08	1.61e-16	1.95e-16
 1.77874e+22	6.21e-08	3.25e-04	5.40e-02	4.39e-01	3.32e-01	1.33e-01	4.06e-02	6.08e-04	2.28e-06	6.21e-08	2.30e-16	2.78e-16
 1.82915e+22	7.84e-08	3.82e-04	5.95e-02	4.55e-01	3.24e-01	1.24e-01	3.59e-02	5.04e-04	1.77e-06	7.84e-08	2.99e-16	3.61e-16
 1.87029e+22	9.67e-08	4.41e-04	6.49e-02	4.68e-01	3.17e-01	1.17e-01	3.21e-02	4.24e-04	1.41e-06	9.67e-08	3.80e-16	4.59e-16
 1.91550e+22	1.27e-07	5.31e-04	7.25e-02	4.85e-01	3.08e-01	1.07e-01	2.76e-02	3.38e-04	1.04e-06	1.27e-07	5.17e-16	6.24e-16
 1.96087e+22	1.57e-07	6.13e-04	7.88e-02	4.97e-01	2.99e-01	9.93e-02	2.44e-02	2.82e-04	8.17e-07	1.57e-07	6.57e-16	7.92e-16
 2.00646e+22	2.04e-07	7.34e-04	8.75e-02	5.12e-01	2.89e-01	9.04e-02	2.09e-02	2.23e-04	6.00e-07	2.04e-07	8.88e-16	1.07e-15
 2.05258e+22	2.53e-07	8.48e-04	9.50e-02	5.23e-01	2.79e-01	8.35e-02	1.84e-02	1.84e-04	4.65e-07	2.53e-07	1.13e-15	1.36e-15
 2.09939e+22	3.31e-07	1.01e-03	1.05e-01	5.35e-01	2.68e-01	7.53e-02	1.56e-02	1.44e-04	3.37e-07	3.31e-07	1.53e-15	1.85e-15
 2.14666e+22	4.10e-07	1.17e-03	1.14e-01	5.44e-01	2.58e-01	6.91e-02	1.36e-02	1.18e-04	2.58e-07	4.10e-07	1.96e-15	2.35e-15
 2.18827e+22	5.05e-07	1.35e-03	1.23e-01	5.52e-01	2.48e-01	6.34e-02	1.19e-02	9.63e-05	1.99e-07	5.05e-07	2.48e-15	2.98e-15
 2.23610e+22	6.59e-07	1.61e-03	1.36e-01	5.61e-01	2.35e-01	5.65e-02	9.96e-03	7.43e-05	1.42e-07	6.59e-07	3.35e-15	4.03e-15
 2.28462e+22	8.20e-07	1.85e-03	1.46e-01	5.67e-01	2.24e-01	5.13e-02	8.59e-03	5.98e-05	0.00e+00	8.20e-07	4.29e-15	5.14e-15
 2.32354e+22	9.78e-07	2.08e-03	1.56e-01	5.71e-01	2.16e-01	4.73e-02	7.59e-03	5.00e-05	0.00e+00	9.78e-07	5.23e-15	6.28e-15
 2.36361e+22	1.21e-06	2.39e-03	1.67e-01	5.75e-01	2.05e-01	4.28e-02	6.54e-03	4.02e-05	0.00e+00	1.21e-06	6.66e-15	7.98e-15
 2.40488e+22	1.45e-06	2.69e-03	1.78e-01	5.78e-01	1.97e-01	3.93e-02	5.74e-03	3.33e-05	0.00e+00	1.45e-06	8.17e-15	9.78e-15
 2.44171e+22	1.72e-06	3.01e-03	1.89e-01	5.79e-01	1.88e-01	3.60e-02	5.06e-03	2.77e-05	0.00e+00	1.72e-06	9.95e-15	1.19e-14
 2.48361e+22	2.14e-06	3.47e-03	2.02e-01	5.80e-01	1.78e-01	3.23e-02	4.30e-03	2.19e-05	0.00e+00	2.14e-06	1.28e-14	1.52e-14
 2.52594e+22	2.55e-06	3.89e-03	2.15e-01	5.79e-01	1.69e-01	2.94e-02	3.75e-03	1.79e-05	0.00e+00	2.55e-06	1.57e-14	1.87e-14
 2.56287e+22	3.03e-06	4.35e-03	2.27e-01	5.78e-01	1.61e-01	2.68e-02	3.28e-03	1.48e-05	0.00e+00	3.03e-06	1.91e-14	2.27e-14
 2.60494e+22	3.77e-06	5.01e-03	2.43e-01	5.75e-01	1.51e-01	2.37e-02	2.76e-03	1.15e-05	0.00e+00	3.77e-06	2.45e-14	2.91e-14
 2.64742e+22	4.45e-06	5.58e-03	2.55e-01	5.72e-01	1.43e-01	2.16e-02	2.41e-03	9.46e-06	0.00e+00	4.45e-06	2.97e-14	3.54e-14
 2.69042e+22	5.51e-06	6.40e-03	2.72e-01	5.66e-01	1.34e-01	1.90e-02	2.02e-03	7.34e-06	0.00e+00	5.51e-06	3.81e-14	4.53e-14
 2.73408e+22	6.58e-06	7.17e-03	2.87e-01	5.61e-01	1.26e-01	1.71e-02	1.74e-03	5.91e-06	0.00e+00	6.58e-06	4.68e-14	5.55e-14
 2.77252e+22	7.78e-06	7.98e-03	3.02e-01	5.55e-01	1.19e-01	1.54e-02	1.50e-03	4.81e-06	0.00e+00	7.78e-06	5.69e-14	6.75e-14
 2.81642e+22	9.60e-06	9.13e-03	3.20e-01	5.46e-01	1.10e-01	1.35e-02	1.25e-03	3.69e-06	0.00e+00	9.60e-06	7.28e-14	8.63e-14
 2.86127e+22	1.14e-05	1.02e-02	3.36e-01	5.37e-01	1.03e-01	1.20e-02	1.07e-03	2.94e-06	0.00e+00	1.14e-05	8.94e-14	1.06e-13
 2.90734e+22	1.43e-05	1.17e-02	3.57e-01	5.25e-01	9.42e-02	1.04e-02	8.68e-04	2.20e-06	0.00e+00	1.43e-05	1.16e-13	1.38e-13
 2.95341e+22	1.69e-05	1.31e-02	3.74e-01	5.15e-01	8.78e-02	9.22e-03	7.39e-04	1.75e-06	0.00e+00	1.69e-05	1.42e-13	1.68e-13
 2.99947e+22	2.09e-05	1.49e-02	3.95e-01	5.01e-01	8.03e-02	7.93e-03	6.02e-04	1.30e-06	0.00e+00	2.09e-05	1.83e-13	2.16e-13
 3.04675e+22	2.49e-05	1.66e-02	4.13e-01	4.88e-01	7.42e-02	6.96e-03	5.06e-04	1.02e-06	0.00e+00	2.49e-05	2.25e-13	2.66e-13
 3.09562e+22	3.10e-05	1.91e-02	4.36e-01	4.71e-01	6.70e-02	5.89e-03	4.04e-04	7.41e-07	0.00e+00	3.10e-05	2.94e-13	3.47e-13
 3.14516e+22	3.69e-05	2.13e-02	4.55e-01	4.57e-01	6.15e-02	5.14e-03	3.37e-04	5.72e-07	0.00e+00	3.69e-05	3.63e-13	4.27e-13
 3.17698e+22	3.98e-05	2.23e-02	4.63e-01	4.50e-01	5.91e-02	4.83e-03	3.10e-04	5.08e-07	0.00e+00	3.98e-05	3.98e-13	4.69e-13
 3.19978e+22	4.43e-05	2.38e-02	4.74e-01	4.41e-01	5.61e-02	4.43e-03	2.77e-04	4.33e-07	0.00e+00	4.43e-05	4.53e-13	5.33e-13
 3.22941e+22	5.01e-05	2.58e-02	4.87e-01	4.30e-01	5.26e-02	4.00e-03	2.42e-04	3.59e-07	0.00e+00	5.01e-05	5.29e-13	6.20e-13
 3.26794e+22	5.94e-05	2.86e-02	5.05e-01	4.14e-01	4.81e-02	3.48e-03	2.01e-04	2.76e-07	0.00e+00	5.94e-05	6.52e-13	7.62e-13
 3.30601e+22	6.74e-05	3.10e-02	5.19e-01	4.02e-01	4.48e-02	3.12e-03	1.74e-04	2.26e-07	0.00e+00	6.74e-05	7.62e-13	8.90e-13
 3.34350e+22	7.92e-05	3.42e-02	5.36e-01	3.86e-01	4.10e-02	2.71e-03	1.45e-04	1.74e-07	0.00e+00	7.92e-05	9.31e-13	1.08e-12
 3.38150e+22	9.01e-05	3.70e-02	5.49e-01	3.73e-01	3.80e-02	2.41e-03	1.24e-04	1.41e-07	0.00e+00	9.01e-05	1.09e-12	1.27e-12
 3.42016e+22	1.06e-04	4.09e-02	5.65e-01	3.57e-01	3.45e-02	2.08e-03	1.03e-04	0.00e+00	0.00e+00	1.06e-04	1.34e-12	1.55e-12
 3.45932e+22	1.20e-04	4.42e-02	5.79e-01	3.43e-01	3.18e-02	1.84e-03	8.77e-05	0.00e+00	0.00e+00	1.20e-04	1.58e-12	1.82e-12
 3.49914e+22	1.42e-04	4.89e-02	5.94e-01	3.26e-01	2.87e-02	1.57e-03	7.18e-05	0.00e+00	0.00e+00	1.42e-04	1.94e-12	2.23e-12
 3.53940e+22	1.61e-04	5.28e-02	6.07e-01	3.12e-01	2.64e-02	1.38e-03	6.07e-05	0.00e+00	0.00e+00	1.61e-04	2.29e-12	2.61e-12
 3.58021e+22	1.90e-04	5.84e-02	6.22e-01	2.95e-01	2.36e-02	1.17e-03	4.91e-05	0.00e+00	0.00e+00	1.90e-04	2.84e-12	3.21e-12
 3.62140e+22	2.16e-04	6.30e-02	6.33e-01	2.81e-01	2.15e-02	1.02e-03	4.14e-05	0.00e+00	0.00e+00	2.16e-04	3.35e-12	3.77e-12
 3.66307e+22	2.53e-04	6.95e-02	6.46e-01	2.64e-01	1.92e-02	8.59e-04	3.33e-05	0.00e+00	0.00e+00	2.53e-04	4.15e-12	4.63e-12
 3.70561e+22	2.89e-04	7.51e-02	6.57e-01	2.50e-01	1.74e-02	7.42e-04	2.77e-05	0.00e+00	0.00e+00	2.89e-04	4.94e-12	5.47e-12
 3.74928e+22	3.41e-04	8.29e-02	6.68e-01	2.32e-01	1.53e-02	6.15e-04	2.19e-05	0.00e+00	0.00e+00	3.41e-04	6.18e-12	6.77e-12
 3.79365e+22	3.88e-04	8.95e-02	6.77e-01	2.19e-01	1.37e-02	5.27e-04	1.80e-05	0.00e+00	0.00e+00	3.88e-04	7.39e-12	8.00e-12
 3.83893e+22	4.59e-04	9.89e-02	6.87e-01	2.02e-01	1.20e-02	4.31e-04	1.40e-05	0.00e+00	0.00e+00	4.59e-04	9.30e-12	9.94e-12
 3.88520e+22	5.25e-04	1.07e-01	6.94e-01	1.88e-01	1.07e-02	3.64e-04	1.14e-05	0.00e+00	0.00e+00	5.25e-04	1.12e-11	1.18e-11
 3.93275e+22	6.23e-04	1.18e-01	7.00e-01	1.71e-01	9.19e-03	2.93e-04	8.72e-06	0.00e+00	0.00e+00	6.23e-04	1.43e-11	1.48e-11
 3.98117e+22	7.11e-04	1.27e-01	7.05e-01	1.59e-01	8.11e-03	2.45e-04	6.99e-06	0.00e+00	0.00e+00	7.11e-04	1.72e-11	1.76e-11
 4.03070e+22	8.45e-04	1.41e-01	7.08e-01	1.43e-01	6.90e-03	1.94e-04	5.26e-06	0.00e+00	0.00e+00	8.45e-04	2.21e-11	2.21e-11
 4.08090e+22	9.63e-04	1.52e-01	7.10e-01	1.31e-01	6.04e-03	1.61e-04	4.18e-06	0.00e+00	0.00e+00	9.63e-04	2.69e-11	2.64e-11
 4.13196e+22	1.14e-03	1.67e-01	7.09e-01	1.17e-01	5.09e-03	1.26e-04	3.10e-06	0.00e+00	0.00e+00	1.14e-03	3.45e-11	3.31e-11
 4.18379e+22	1.31e-03	1.80e-01	7.08e-01	1.06e-01	4.41e-03	1.02e-04	2.43e-06	0.00e+00	0.00e+00	1.31e-03	4.19e-11	3.94e-11
 4.23661e+22	1.55e-03	1.98e-01	7.03e-01	9.35e-02	3.67e-03	7.87e-05	1.77e-06	0.00e+00	0.00e+00	1.55e-03	5.40e-11	4.96e-11
 4.29033e+22	1.77e-03	2.13e-01	6.98e-01	8.41e-02	3.16e-03	6.34e-05	1.37e-06	0.00e+00	0.00e+00	1.77e-03	6.58e-11	5.91e-11
 4.34520e+22	2.11e-03	2.35e-01	6.88e-01	7.27e-02	2.58e-03	4.75e-05	9.76e-07	0.00e+00	0.00e+00	2.11e-03	8.57e-11	7.50e-11
 4.40072e+22	2.40e-03	2.51e-01	6.80e-01	6.48e-02	2.21e-03	3.79e-05	7.50e-07	0.00e+00	0.00e+00	2.40e-03	1.04e-10	8.92e-11
 4.45706e+22	2.86e-03	2.76e-01	6.64e-01	5.52e-02	1.79e-03	2.79e-05	5.27e-07	0.00e+00	0.00e+00	2.86e-03	1.36e-10	1.13e-10
 4.51484e+22	3.27e-03	2.96e-01	6.51e-01	4.83e-02	1.51e-03	2.18e-05	3.95e-07	0.00e+00	0.00e+00	3.27e-03	1.66e-10	1.36e-10
 4.57450e+22	3.92e-03	3.25e-01	6.30e-01	4.01e-02	1.20e-03	1.55e-05	2.70e-07	0.00e+00	0.00e+00	3.92e-03	2.19e-10	1.74e-10
 4.63575e+22	4.49e-03	3.48e-01	6.12e-01	3.44e-02	9.93e-04	1.18e-05	1.98e-07	0.00e+00	0.00e+00	4.49e-03	2.70e-10	2.11e-10
 4.69908e+22	5.45e-03	3.84e-01	5.82e-01	2.77e-02	7.71e-04	8.03e-06	1.30e-07	0.00e+00	0.00e+00	5.45e-03	3.59e-10	2.74e-10
 4.76405e+22	6.26e-03	4.11e-01	5.59e-01	2.32e-02	6.31e-04	5.92e-06	0.00e+00	0.00e+00	0.00e+00	6.26e-03	4.45e-10	3.33e-10
 4.83114e+22	7.66e-03	4.53e-01	5.21e-01	1.79e-02	4.77e-04	3.84e-06	0.00e+00	0.00e+00	0.00e+00	7.66e-03	6.00e-10	4.40e-10
 4.90026e+22	8.93e-03	4.86e-01	4.90e-01	1.44e-02	3.80e-04	2.68e-06	0.00e+00	0.00e+00	0.00e+00	8.93e-03	7.54e-10	5.45e-10
 4.97203e+22	1.10e-02	5.34e-01	4.44e-01	1.05e-02	2.79e-04	1.63e-06	0.00e+00	0.00e+00	0.00e+00	1.10e-02	1.03e-09	7.30e-10
 5.04562e+22	1.30e-02	5.72e-01	4.06e-01	8.03e-03	2.16e-04	1.06e-06	0.00e+00	0.00e+00	0.00e+00	1.30e-02	1.31e-09	9.19e-10
 5.10257e+22	1.47e-02	6.01e-01	3.78e-01	6.50e-03	1.78e-04	7.71e-07	0.00e+00	0.00e+00	0.00e+00	1.47e-02	1.56e-09	1.09e-09
 5.15759e+22	1.73e-02	6.39e-01	3.39e-01	4.88e-03	1.38e-04	4.98e-07	0.00e+00	0.00e+00	0.00e+00	1.73e-02	1.97e-09	1.36e-09
 5.21430e+22	1.99e-02	6.70e-01	3.06e-01	3.74e-03	1.10e-04	3.36e-07	0.00e+00	0.00e+00	0.00e+00	1.99e-02	2.40e-09	1.64e-09
 5.27320e+22	2.38e-02	7.09e-01	2.64e-01	2.63e-03	8.25e-05	2.00e-07	0.00e+00	0.00e+00	0.00e+00	2.38e-02	3.09e-09	2.09e-09
 5.33393e+22	2.81e-02	7.42e-01	2.28e-01	1.88e-03	6.30e-05	1.23e-07	0.00e+00	0.00e+00	0.00e+00	2.81e-02	3.85e-09	2.59e-09
 5.38854e+22	3.30e-02	7.71e-01	1.95e-01	1.32e-03	4.80e-05	0.00e+00	0.00e+00	0.00e+00	0.00e+00	3.30e-02	4.79e-09	3.20e-09
 5.43789e+22	3.82e-02	7.93e-01	1.68e-01	9.56e-04	3.75e-05	0.00e+00	0.00e+00	0.00e+00	0.00e+00	3.82e-02	5.79e-09	3.85e-09
 5.48137e+22	4.40e-02	8.12e-01	1.43e-01	6.93e-04	2.94e-05	0.00e+00	0.00e+00	0.00e+00	0.00e+00	4.40e-02	6.96e-09	4.60e-09
 5.53039e+22	5.28e-02	8.32e-01	1.15e-01	4.51e-04	2.12e-05	0.00e+00	0.00e+00	0.00e+00	0.00e+00	5.28e-02	8.84e-09	5.80e-09
 5.58159e+22	6.37e-02	8.45e-01	9.10e-02	2.91e-04	1.52e-05	0.00e+00	0.00e+00	0.00e+00	0.00e+00	6.37e-02	1.12e-08	7.30e-09
 5.62608e+22	7.62e-02	8.52e-01	7.17e-02	1.91e-04	1.10e-05	0.00e+00	0.00e+00	0.00e+00	0.00e+00	7.62e-02	1.39e-08	9.09e-09
 5.66679e+22	9.13e-02	8.53e-01	5.58e-02	1.25e-04	7.85e-06	0.00e+00	0.00e+00	0.00e+00	0.00e+00	9.13e-02	1.73e-08	1.13e-08
 5.70495e+22	1.10e-01	8.47e-01	4.26e-02	8.15e-05	5.52e-06	0.00e+00	0.00e+00	0.00e+00	0.00e+00	1.10e-01	2.16e-08	1.41e-08
 5.74023e+22	1.32e-01	8.35e-01	3.22e-02	5.36e-05	3.83e-06	0.00e+00	0.00e+00	0.00e+00	0.00e+00	1.32e-01	2.67e-08	1.74e-08
 5.77223e+22	1.59e-01	8.17e-01	2.41e-02	3.59e-05	2.64e-06	0.00e+00	0.00e+00	0.00e+00	0.00e+00	1.59e-01	3.26e-08	2.12e-08
 5.80104e+22	1.89e-01	7.93e-01	1.80e-02	2.47e-05	1.82e-06	0.00e+00	0.00e+00	0.00e+00	0.00e+00	1.89e-01	3.92e-08	2.55e-08
 5.82724e+22	2.23e-01	7.63e-01	1.34e-02	1.74e-05	1.25e-06	0.00e+00	0.00e+00	0.00e+00	0.00e+00	2.23e-01	4.65e-08	3.01e-08
 5.85123e+22	2.61e-01	7.28e-01	1.00e-02	1.25e-05	8.53e-07	0.00e+00	0.00e+00	0.00e+00	0.00e+00	2.61e-01	5.41e-08	3.50e-08
 5.87309e+22	3.03e-01	6.90e-01	7.52e-03	9.20e-06	5.86e-07	0.00e+00	0.00e+00	0.00e+00	0.00e+00	3.03e-01	6.18e-08	3.99e-08
 5.88709e+22	3.30e-01	6.64e-01	6.29e-03	7.70e-06	4.68e-07	0.00e+00	0.00e+00	0.00e+00	0.00e+00	3.30e-01	6.63e-08	4.28e-08
 5.89279e+22	3.42e-01	6.52e-01	5.82e-03	7.13e-06	4.23e-07	0.00e+00	0.00e+00	0.00e+00	0.00e+00	3.42e-01	6.82e-08	4.40e-08
 5.89752e+22	3.53e-01	6.41e-01	5.42e-03	6.66e-06	3.86e-07	0.00e+00	0.00e+00	0.00e+00	0.00e+00	3.53e-01	7.00e-08	4.51e-08
 5.90351e+22	3.67e-01	6.28e-01	4.96e-03	6.12e-06	3.44e-07	0.00e+00	0.00e+00	0.00e+00	0.00e+00	3.67e-01	7.23e-08	4.66e-08
 5.91075e+22	3.85e-01	6.11e-01	4.44e-03	5.51e-06	2.98e-07	0.00e+00	0.00e+00	0.00e+00	0.00e+00	3.85e-01	7.49e-08	4.82e-08
 5.91809e+22	4.02e-01	5.94e-01	3.98e-03	4.98e-06	2.59e-07	0.00e+00	0.00e+00	0.00e+00	0.00e+00	4.02e-01	7.74e-08	4.98e-08
 5.92512e+22	4.20e-01	5.76e-01	3.58e-03	4.51e-06	2.25e-07	0.00e+00	0.00e+00	0.00e+00	0.00e+00	4.20e-01	7.98e-08	5.13e-08
 5.93219e+22	4.39e-01	5.58e-01	3.20e-03	4.09e-06	1.95e-07	0.00e+00	0.00e+00	0.00e+00	0.00e+00	4.39e-01	8.20e-08	5.27e-08
 5.93932e+22	4.57e-01	5.40e-01	2.86e-03	3.70e-06	1.69e-07	0.00e+00	0.00e+00	0.00e+00	0.00e+00	4.57e-01	8.42e-08	5.41e-08
 5.94672e+22	4.77e-01	5.21e-01	2.54e-03	3.34e-06	1.45e-07	0.00e+00	0.00e+00	0.00e+00	0.00e+00	4.77e-01	8.63e-08	5.54e-08
 5.95446e+22	4.97e-01	5.01e-01	2.24e-03	3.00e-06	0.00e+00	0.00e+00	0.00e+00	0.00e+00	0.00e+00	4.97e-01	8.83e-08	5.67e-08
 5.96246e+22	5.18e-01	4.80e-01	1.97e-03	2.70e-06	0.00e+00	0.00e+00	0.00e+00	0.00e+00	0.00e+00	5.18e-01	9.01e-08	5.78e-08
 5.97075e+22	5.40e-01	4.58e-01	1.72e-03	2.41e-06	0.00e+00	0.00e+00	0.00e+00	0.00e+00	0.00e+00	5.40e-01	9.18e-08	5.88e-08
 5.97929e+22	5.62e-01	4.36e-01	1.49e-03	2.15e-06	0.00e+00	0.00e+00	0.00e+00	0.00e+00	0.00e+00	5.62e-01	9.32e-08	5.97e-08
 5.98784e+22	5.84e-01	4.15e-01	1.30e-03	1.92e-06	0.00e+00	0.00e+00	0.00e+00	0.00e+00	0.00e+00	5.84e-01	9.43e-08	6.03e-08
 5.99457e+22	6.00e-01	3.99e-01	1.17e-03	1.78e-06	0.00e+00	0.00e+00	0.00e+00	0.00e+00	0.00e+00	6.00e-01	9.48e-08	6.06e-08
 5.99907e+22	6.11e-01	3.88e-01	1.09e-03	1.68e-06	0.00e+00	0.00e+00	0.00e+00	0.00e+00	0.00e+00	6.11e-01	9.51e-08	6.08e-08
 6.00336e+22	6.21e-01	3.78e-01	1.02e-03	1.59e-06	0.00e+00	0.00e+00	0.00e+00	0.00e+00	0.00e+00	6.21e-01	9.54e-08	6.10e-08
 6.00834e+22	6.33e-01	3.66e-01	9.39e-04	1.49e-06	0.00e+00	0.00e+00	0.00e+00	0.00e+00	0.00e+00	6.33e-01	9.57e-08	6.11e-08
 6.01380e+22	6.45e-01	3.54e-01	8.60e-04	1.40e-06	0.00e+00	0.00e+00	0.00e+00	0.00e+00	0.00e+00	6.45e-01	9.59e-08	6.12e-08
 6.01921e+22	6.57e-01	3.42e-01	7.89e-04	1.31e-06	0.00e+00	0.00e+00	0.00e+00	0.00e+00	0.00e+00	6.57e-01	9.59e-08	6.12e-08
 6.02450e+22	6.68e-01	3.31e-01	7.26e-04	1.23e-06	0.00e+00	0.00e+00	0.00e+00	0.00e+00	0.00e+00	6.68e-01	9.59e-08	6.12e-08
 6.02986e+22	6.79e-01	3.20e-01	6.67e-04	1.16e-06	0.00e+00	0.00e+00	0.00e+00	0.00e+00	0.00e+00	6.79e-01	9.59e-08	6.11e-08
 6.03538e+22	6.90e-01	3.10e-01	6.13e-04	1.09e-06	0.00e+00	0.00e+00	0.00e+00	0.00e+00	0.00e+00	6.90e-01	9.57e-08	6.10e-08
 6.04105e+22	7.01e-01	2.99e-01	5.61e-04	1.02e-06	0.00e+00	0.00e+00	0.00e+00	0.00e+00	0.00e+00	7.01e-01	9.55e-08	6.08e-08
 6.04680e+22	7.11e-01	2.88e-01	5.14e-04	9.61e-07	0.00e+00	0.00e+00	0.00e+00	0.00e+00	0.00e+00	7.11e-01	9.52e-08	6.06e-08
 6.05253e+22	7.21e-01	2.78e-01	4.71e-04	9.05e-07	0.00e+00	0.00e+00	0.00e+00	0.00e+00	0.00e+00	7.21e-01	9.49e-08	6.04e-08
 6.05838e+22	7.31e-01	2.68e-01	4.32e-04	8.52e-07	0.00e+00	0.00e+00	0.00e+00	0.00e+00	0.00e+00	7.31e-01	9.45e-08	6.01e-08
 6.06445e+22	7.41e-01	2.59e-01	3.95e-04	8.01e-07	0.00e+00	0.00e+00	0.00e+00	0.00e+00	0.00e+00	7.41e-01	9.41e-08	5.98e-08
 6.07072e+22	7.51e-01	2.49e-01	3.60e-04	7.52e-07	0.00e+00	0.00e+00	0.00e+00	0.00e+00	0.00e+00	7.51e-01	9.36e-08	5.94e-08
 6.07706e+22	7.60e-01	2.40e-01	3.29e-04	7.07e-07	0.00e+00	0.00e+00	0.00e+00	0.00e+00	0.00e+00	7.60e-01	9.31e-08	5.91e-08
 6.08347e+22	7.69e-01	2.31e-01	3.01e-04	6.66e-07	0.00e+00	0.00e+00	0.00e+00	0.00e+00	0.00e+00	7.69e-01	9.26e-08	5.87e-08
 6.09011e+22	7.78e-01	2.22e-01	2.74e-04	6.26e-07	0.00e+00	0.00e+00	0.00e+00	0.00e+00	0.00e+00	7.78e-01	9.20e-08	5.83e-08
 6.09700e+22	7.86e-01	2.13e-01	2.49e-04	5.88e-07	0.00e+00	0.00e+00	0.00e+00	0.00e+00	0.00e+00	7.86e-01	9.14e-08	5.79e-08
 6.10406e+22	7.95e-01	2.05e-01	2.27e-04	5.53e-07	0.00e+00	0.00e+00	0.00e+00	0.00e+00	0.00e+00	7.95e-01	9.08e-08	5.75e-08
 6.11125e+22	8.03e-01	1.97e-01	2.06e-04	5.20e-07	0.00e+00	0.00e+00	0.00e+00	0.00e+00	0.00e+00	8.03e-01	9.01e-08	5.70e-08
 6.11862e+22	8.11e-01	1.89e-01	1.88e-04	4.89e-07	0.00e+00	0.00e+00	0.00e+00	0.00e+00	0.00e+00	8.11e-01	8.95e-08	5.66e-08
 6.12624e+22	8.18e-01	1.82e-01	1.70e-04	4.60e-07	0.00e+00	0.00e+00	0.00e+00	0.00e+00	0.00e+00	8.18e-01	8.88e-08	5.61e-08
 6.13413e+22	8.26e-01	1.74e-01	1.55e-04	4.32e-07	0.00e+00	0.00e+00	0.00e+00	0.00e+00	0.00e+00	8.26e-01	8.82e-08	5.57e-08
 6.14223e+22	8.33e-01	1.67e-01	1.40e-04	4.06e-07	0.00e+00	0.00e+00	0.00e+00	0.00e+00	0.00e+00	8.33e-01	8.74e-08	5.50e-08
 6.15052e+22	8.40e-01	1.60e-01	1.27e-04	3.82e-07	0.00e+00	0.00e+00	0.00e+00	0.00e+00	0.00e+00	8.40e-01	8.67e-08	5.44e-08
 6.15904e+22	8.46e-01	1.54e-01	1.15e-04	3.59e-07	0.00e+00	0.00e+00	0.00e+00	0.00e+00	0.00e+00	8.46e-01	8.59e-08	5.38e-08
 6.16785e+22	8.53e-01	1.47e-01	1.05e-04	3.37e-07	0.00e+00	0.00e+00	0.00e+00	0.00e+00	0.00e+00	8.53e-01	8.52e-08	5.31e-08
 6.17696e+22	8.59e-01	1.41e-01	9.49e-05	3.17e-07	0.00e+00	0.00e+00	0.00e+00	0.00e+00	0.00e+00	8.59e-01	8.45e-08	5.25e-08
 6.18630e+22	8.65e-01	1.35e-01	8.63e-05	2.98e-07	0.00e+00	0.00e+00	0.00e+00	0.00e+00	0.00e+00	8.65e-01	8.38e-08	5.19e-08
 6.19571e+22	8.70e-01	1.30e-01	7.86e-05	2.81e-07	0.00e+00	0.00e+00	0.00e+00	0.00e+00	0.00e+00	8.70e-01	8.32e-08	5.13e-08
 6.20522e+22	8.75e-01	1.24e-01	7.18e-05	2.64e-07	0.00e+00	0.00e+00	0.00e+00	0.00e+00	0.00e+00	8.75e-01	8.25e-08	5.07e-08
 6.21509e+22	8.81e-01	1.19e-01	6.55e-05	2.49e-07	0.00e+00	0.00e+00	0.00e+00	0.00e+00	0.00e+00	8.81e-01	8.19e-08	5.01e-08
 6.22529e+22	8.86e-01	1.14e-01	6.00e-05	2.34e-07	0.00e+00	0.00e+00	0.00e+00	0.00e+00	0.00e+00	8.86e-01	8.13e-08	4.95e-08
 6.23538e+22	8.90e-01	1.10e-01	5.52e-05	2.21e-07	0.00e+00	0.00e+00	0.00e+00	0.00e+00	0.00e+00	8.90e-01	8.06e-08	4.89e-08
 6.24549e+22	8.94e-01	1.05e-01	5.10e-05	2.09e-07	0.00e+00	0.00e+00	0.00e+00	0.00e+00	0.00e+00	8.94e-01	8.01e-08	4.84e-08
 6.25607e+22	8.99e-01	1.01e-01	4.72e-05	1.97e-07	0.00e+00	0.00e+00	0.00e+00	0.00e+00	0.00e+00	8.99e-01	7.97e-08	4.79e-08
 6.26688e+22	9.02e-01	9.75e-02	4.37e-05	1.87e-07	0.00e+00	0.00e+00	0.00e+00	0.00e+00	0.00e+00	9.02e-01	7.93e-08	4.75e-08
 6.27776e+22	9.06e-01	9.37e-02	4.07e-05	1.77e-07	0.00e+00	0.00e+00	0.00e+00	0.00e+00	0.00e+00	9.06e-01	7.89e-08	4.70e-08
 6.28894e+22	9.10e-01	9.01e-02	3.80e-05	1.67e-07	0.00e+00	0.00e+00	0.00e+00	0.00e+00	0.00e+00	9.10e-01	7.85e-08	4.66e-08
 6.30046e+22	9.13e-01	8.66e-02	3.56e-05	1.58e-07	0.00e+00	0.00e+00	0.00e+00	0.00e+00	0.00e+00	9.13e-01	7.82e-08	4.62e-08
 6.31220e+22	9.17e-01	8.33e-02	3.34e-05	1.50e-07	0.00e+00	0.00e+00	0.00e+00	0.00e+00	0.00e+00	9.17e-01	7.79e-08	4.58e-08
 6.32416e+22	9.20e-01	8.00e-02	3.15e-05	1.41e-07	0.00e+00	0.00e+00	0.00e+00	0.00e+00	0.00e+00	9.20e-01	7.76e-08	4.54e-08
 6.33652e+22	9.23e-01	7.69e-02	2.98e-05	1.34e-07	0.00e+00	0.00e+00	0.00e+00	0.00e+00	0.00e+00	9.23e-01	7.74e-08	4.50e-08
 6.34907e+22	9.26e-01	7.40e-02	2.82e-05	1.27e-07	0.00e+00	0.00e+00	0.00e+00	0.00e+00	0.00e+00	9.26e-01	7.72e-08	4.47e-08
 6.36122e+22	9.29e-01	7.14e-02	2.70e-05	0.00e+00	0.00e+00	0.00e+00	0.00e+00	0.00e+00	0.00e+00	9.29e-01	7.71e-08	4.44e-08
 6.37267e+22	9.31e-01	6.90e-02	2.59e-05	0.00e+00	0.00e+00	0.00e+00	0.00e+00	0.00e+00	0.00e+00	9.31e-01	7.68e-08	4.40e-08
 6.38328e+22	9.33e-01	6.70e-02	2.51e-05	0.00e+00	0.00e+00	0.00e+00	0.00e+00	0.00e+00	0.00e+00	9.33e-01	7.67e-08	4.38e-08
 6.39319e+22	9.35e-01	6.51e-02	2.44e-05	0.00e+00	0.00e+00	0.00e+00	0.00e+00	0.00e+00	0.00e+00	9.35e-01	7.64e-08	4.35e-08
 6.40242e+22	9.36e-01	6.35e-02	2.37e-05	0.00e+00	0.00e+00	0.00e+00	0.00e+00	0.00e+00	0.00e+00	9.36e-01	7.63e-08	4.33e-08
 6.41137e+22	9.38e-01	6.19e-02	2.32e-05	0.00e+00	0.00e+00	0.00e+00	0.00e+00	0.00e+00	0.00e+00	9.38e-01	7.62e-08	4.31e-08
 6.42034e+22	9.40e-01	6.04e-02	2.27e-05	0.00e+00	0.00e+00	0.00e+00	0.00e+00	0.00e+00	0.00e+00	9.40e-01	7.61e-08	4.29e-08
 6.42906e+22	9.41e-01	5.88e-02	2.22e-05	0.00e+00	0.00e+00	0.00e+00	0.00e+00	0.00e+00	0.00e+00	9.41e-01	7.60e-08	4.26e-08
 6.43729e+22	9.43e-01	5.75e-02	2.18e-05	0.00e+00	0.00e+00	0.00e+00	0.00e+00	0.00e+00	0.00e+00	9.43e-01	7.59e-08	4.25e-08
 6.44525e+22	9.44e-01	5.61e-02	2.14e-05	0.00e+00	0.00e+00	0.00e+00	0.00e+00	0.00e+00	0.00e+00	9.44e-01	7.58e-08	4.23e-08
 6.45312e+22	9.45e-01	5.48e-02	2.11e-05	0.00e+00	0.00e+00	0.00e+00	0.00e+00	0.00e+00	0.00e+00	9.45e-01	7.57e-08	4.21e-08
 6.46049e+22	9.46e-01	5.37e-02	2.08e-05	0.00e+00	0.00e+00	0.00e+00	0.00e+00	0.00e+00	0.00e+00	9.46e-01	7.56e-08	4.20e-08
 6.46767e+22	9.47e-01	5.25e-02	2.05e-05	0.00e+00	0.00e+00	0.00e+00	0.00e+00	0.00e+00	0.00e+00	9.47e-01	7.55e-08	4.18e-08
 6.47477e+22	9.49e-01	5.14e-02	2.02e-05	0.00e+00	0.00e+00	0.00e+00	0.00e+00	0.00e+00	0.00e+00	9.49e-01	7.54e-08	4.16e-08
 6.48140e+22	9.50e-01	5.03e-02	2.00e-05	0.00e+00	0.00e+00	0.00e+00	0.00e+00	0.00e+00	0.00e+00	9.50e-01	7.53e-08	4.15e-08
 6.48773e+22	9.51e-01	4.94e-02	1.98e-05	0.00e+00	0.00e+00	0.00e+00	0.00e+00	0.00e+00	0.00e+00	9.51e-01	7.53e-08	4.14e-08
 6.49410e+22	9.52e-01	4.83e-02	1.96e-05	0.00e+00	0.00e+00	0.00e+00	0.00e+00	0.00e+00	0.00e+00	9.52e-01	7.52e-08	4.12e-08
 6.50022e+22	9.53e-01	4.73e-02	1.94e-05	0.00e+00	0.00e+00	0.00e+00	0.00e+00	0.00e+00	0.00e+00	9.53e-01	7.50e-08	4.11e-08
 6.50577e+22	9.53e-01	4.65e-02	1.92e-05	0.00e+00	0.00e+00	0.00e+00	0.00e+00	0.00e+00	0.00e+00	9.53e-01	7.50e-08	4.09e-08
 6.51082e+22	9.54e-01	4.58e-02	1.91e-05	0.00e+00	0.00e+00	0.00e+00	0.00e+00	0.00e+00	0.00e+00	9.54e-01	7.48e-08	4.08e-08
 6.51541e+22	9.55e-01	4.50e-02	1.89e-05	0.00e+00	0.00e+00	0.00e+00	0.00e+00	0.00e+00	0.00e+00	9.55e-01	7.47e-08	4.06e-08
 6.51960e+22	9.56e-01	4.44e-02	1.88e-05	0.00e+00	0.00e+00	0.00e+00	0.00e+00	0.00e+00	0.00e+00	9.56e-01	7.46e-08	4.05e-08
 6.52340e+22	9.56e-01	4.39e-02	1.87e-05	0.00e+00	0.00e+00	0.00e+00	0.00e+00	0.00e+00	0.00e+00	9.56e-01	7.45e-08	4.04e-08
 6.52686e+22	9.57e-01	4.34e-02	1.86e-05	0.00e+00	0.00e+00	0.00e+00	0.00e+00	0.00e+00	0.00e+00	9.57e-01	7.44e-08	4.03e-08
 6.53066e+22	9.57e-01	4.27e-02	1.85e-05	0.00e+00	0.00e+00	0.00e+00	0.00e+00	0.00e+00	0.00e+00	9.57e-01	7.43e-08	4.02e-08
 6.53475e+22	9.58e-01	4.20e-02	1.84e-05	0.00e+00	0.00e+00	0.00e+00	0.00e+00	0.00e+00	0.00e+00	9.58e-01	7.40e-08	4.00e-08
 6.53848e+22	9.59e-01	4.15e-02	1.82e-05	0.00e+00	0.00e+00	0.00e+00	0.00e+00	0.00e+00	0.00e+00	9.59e-01	7.37e-08	3.99e-08
 6.54187e+22	9.59e-01	4.10e-02	1.81e-05	0.00e+00	0.00e+00	0.00e+00	0.00e+00	0.00e+00	0.00e+00	9.59e-01	7.35e-08	3.98e-08
 6.54559e+22	9.60e-01	4.04e-02	1.80e-05	0.00e+00	0.00e+00	0.00e+00	0.00e+00	0.00e+00	0.00e+00	9.60e-01	7.31e-08	3.97e-08
 6.54960e+22	9.60e-01	3.97e-02	1.79e-05	0.00e+00	0.00e+00	0.00e+00	0.00e+00	0.00e+00	0.00e+00	9.60e-01	7.28e-08	3.96e-08
 6.55326e+22	9.61e-01	3.92e-02	1.78e-05	0.00e+00	0.00e+00	0.00e+00	0.00e+00	0.00e+00	0.00e+00	9.61e-01	7.25e-08	3.95e-08
 6.55658e+22	9.61e-01	3.87e-02	1.77e-05	0.00e+00	0.00e+00	0.00e+00	0.00e+00	0.00e+00	0.00e+00	9.61e-01	7.23e-08	3.94e-08
 6.55960e+22	9.62e-01	3.82e-02	1.76e-05	0.00e+00	0.00e+00	0.00e+00	0.00e+00	0.00e+00	0.00e+00	9.62e-01	7.20e-08	3.92e-08
 6.56236e+22	9.62e-01	3.79e-02	1.75e-05	0.00e+00	0.00e+00	0.00e+00	0.00e+00	0.00e+00	0.00e+00	9.62e-01	7.18e-08	3.92e-08
 6.56537e+22	9.63e-01	3.74e-02	1.74e-05	0.00e+00	0.00e+00	0.00e+00	0.00e+00	0.00e+00	0.00e+00	9.63e-01	7.17e-08	3.91e-08
 6.56863e+22	9.63e-01	3.70e-02	1.72e-05	0.00e+00	0.00e+00	0.00e+00	0.00e+00	0.00e+00	0.00e+00	9.63e-01	7.16e-08	3.90e-08
 6.57219e+22	9.63e-01	3.65e-02	1.71e-05	0.00e+00	0.00e+00	0.00e+00	0.00e+00	0.00e+00	0.00e+00	9.63e-01	7.14e-08	3.90e-08
 6.57605e+22	9.64e-01	3.60e-02	1.70e-05	0.00e+00	0.00e+00	0.00e+00	0.00e+00	0.00e+00	0.00e+00	9.64e-01	7.12e-08	3.89e-08
 6.57955e+22	9.65e-01	3.55e-02	1.68e-05	0.00e+00	0.00e+00	0.00e+00	0.00e+00	0.00e+00	0.00e+00	9.65e-01	7.10e-08	3.88e-08
 6.58274e+22	9.65e-01	3.52e-02	1.67e-05	0.00e+00	0.00e+00	0.00e+00	0.00e+00	0.00e+00	0.00e+00	9.65e-01	7.10e-08	3.88e-08
 6.58623e+22	9.65e-01	3.48e-02	1.66e-05	0.00e+00	0.00e+00	0.00e+00	0.00e+00	0.00e+00	0.00e+00	9.65e-01	7.09e-08	3.87e-08
 6.59078e+22	9.66e-01	3.41e-02	1.64e-05	0.00e+00	0.00e+00	0.00e+00	0.00e+00	0.00e+00	0.00e+00	9.66e-01	7.07e-08	3.86e-08
 6.59568e+22	9.67e-01	3.34e-02	1.62e-05	0.00e+00	0.00e+00	0.00e+00	0.00e+00	0.00e+00	0.00e+00	9.67e-01	7.05e-08	3.85e-08
 6.60015e+22	9.67e-01	3.29e-02	1.60e-05	0.00e+00	0.00e+00	0.00e+00	0.00e+00	0.00e+00	0.00e+00	9.67e-01	7.04e-08	3.85e-08
 6.60421e+22	9.67e-01	3.25e-02	1.59e-05	0.00e+00	0.00e+00	0.00e+00	0.00e+00	0.00e+00	0.00e+00	9.67e-01	7.03e-08	3.84e-08
 6.60790e+22	9.68e-01	3.21e-02	1.58e-05	0.00e+00	0.00e+00	0.00e+00	0.00e+00	0.00e+00	0.00e+00	9.68e-01	7.02e-08	3.83e-08
 6.61127e+22	9.68e-01	3.17e-02	1.56e-05	0.00e+00	0.00e+00	0.00e+00	0.00e+00	0.00e+00	0.00e+00	9.68e-01	6.99e-08	3.82e-08
 6.61433e+22	9.69e-01	3.15e-02	1.55e-05	0.00e+00	0.00e+00	0.00e+00	0.00e+00	0.00e+00	0.00e+00	9.69e-01	7.00e-08	3.82e-08
 6.61768e+22	9.69e-01	3.10e-02	1.54e-05	0.00e+00	0.00e+00	0.00e+00	0.00e+00	0.00e+00	0.00e+00	9.69e-01	6.98e-08	3.81e-08
 6.62130e+22	9.69e-01	3.05e-02	1.52e-05	0.00e+00	0.00e+00	0.00e+00	0.00e+00	0.00e+00	0.00e+00	9.69e-01	6.97e-08	3.80e-08
 6.62460e+22	9.70e-01	3.02e-02	1.51e-05	0.00e+00	0.00e+00	0.00e+00	0.00e+00	0.00e+00	0.00e+00	9.70e-01	6.96e-08	3.80e-08
 6.62821e+22	9.70e-01	2.97e-02	1.49e-05	0.00e+00	0.00e+00	0.00e+00	0.00e+00	0.00e+00	0.00e+00	9.70e-01	6.94e-08	3.78e-08
 6.63211e+22	9.71e-01	2.93e-02	1.47e-05	0.00e+00	0.00e+00	0.00e+00	0.00e+00	0.00e+00	0.00e+00	9.71e-01	6.92e-08	3.77e-08
 6.63565e+22	9.71e-01	2.89e-02	1.46e-05	0.00e+00	0.00e+00	0.00e+00	0.00e+00	0.00e+00	0.00e+00	9.71e-01	6.91e-08	3.76e-08
 6.63888e+22	9.71e-01	2.85e-02	1.44e-05	0.00e+00	0.00e+00	0.00e+00	0.00e+00	0.00e+00	0.00e+00	9.71e-01	6.89e-08	3.75e-08
 6.64182e+22	9.72e-01	2.83e-02	1.43e-05	0.00e+00	0.00e+00	0.00e+00	0.00e+00	0.00e+00	0.00e+00	9.72e-01	6.88e-08	3.75e-08
 6.64504e+22	9.72e-01	2.79e-02	1.42e-05	0.00e+00	0.00e+00	0.00e+00	0.00e+00	0.00e+00	0.00e+00	9.72e-01	6.88e-08	3.74e-08
 6.64922e+22	9.73e-01	2.73e-02	1.40e-05	0.00e+00	0.00e+00	0.00e+00	0.00e+00	0.00e+00	0.00e+00	9.73e-01	6.86e-08	3.72e-08
 6.65374e+22	9.73e-01	2.68e-02	1.38e-05	0.00e+00	0.00e+00	0.00e+00	0.00e+00	0.00e+00	0.00e+00	9.73e-01	6.84e-08	3.71e-08
 6.65785e+22	9.74e-01	2.64e-02	1.37e-05	0.00e+00	0.00e+00	0.00e+00	0.00e+00	0.00e+00	0.00e+00	9.74e-01	6.83e-08	3.70e-08
 6.66159e+22	9.74e-01	2.61e-02	1.35e-05	0.00e+00	0.00e+00	0.00e+00	0.00e+00	0.00e+00	0.00e+00	9.74e-01	6.82e-08	3.69e-08
 6.66499e+22	9.74e-01	2.57e-02	1.34e-05	0.00e+00	0.00e+00	0.00e+00	0.00e+00	0.00e+00	0.00e+00	9.74e-01	6.80e-08	3.68e-08
 6.66872e+22	9.75e-01	2.53e-02	1.33e-05	0.00e+00	0.00e+00	0.00e+00	0.00e+00	0.00e+00	0.00e+00	9.75e-01	6.79e-08	3.67e-08
 6.67275e+22	9.75e-01	2.49e-02	1.31e-05	0.00e+00	0.00e+00	0.00e+00	0.00e+00	0.00e+00	0.00e+00	9.75e-01	6.77e-08	3.65e-08
 6.67642e+22	9.75e-01	2.46e-02	1.30e-05	0.00e+00	0.00e+00	0.00e+00	0.00e+00	0.00e+00	0.00e+00	9.75e-01	6.76e-08	3.64e-08
 6.67975e+22	9.76e-01	2.43e-02	1.29e-05	0.00e+00	0.00e+00	0.00e+00	0.00e+00	0.00e+00	0.00e+00	9.76e-01	6.74e-08	3.62e-08
 6.68279e+22	9.76e-01	2.40e-02	1.28e-05	0.00e+00	0.00e+00	0.00e+00	0.00e+00	0.00e+00	0.00e+00	9.76e-01	6.73e-08	3.62e-08
 6.68611e+22	9.76e-01	2.37e-02	1.27e-05	0.00e+00	0.00e+00	0.00e+00	0.00e+00	0.00e+00	0.00e+00	9.76e-01	6.71e-08	3.60e-08
 6.69043e+22	9.77e-01	2.33e-02	1.25e-05	0.00e+00	0.00e+00	0.00e+00	0.00e+00	0.00e+00	0.00e+00	9.77e-01	6.65e-08	3.57e-08
 6.69510e+22	9.77e-01	2.29e-02	1.24e-05	0.00e+00	0.00e+00	0.00e+00	0.00e+00	0.00e+00	0.00e+00	9.77e-01	6.58e-08	3.54e-08
 6.69935e+22	9.77e-01	2.26e-02	1.22e-05	0.00e+00	0.00e+00	0.00e+00	0.00e+00	0.00e+00	0.00e+00	9.77e-01	6.54e-08	3.52e-08
 6.70400e+22	9.78e-01	2.21e-02	1.21e-05	0.00e+00	0.00e+00	0.00e+00	0.00e+00	0.00e+00	0.00e+00	9.78e-01	6.47e-08	3.48e-08
 6.70903e+22	9.78e-01	2.17e-02	1.19e-05	0.00e+00	0.00e+00	0.00e+00	0.00e+00	0.00e+00	0.00e+00	9.78e-01	6.41e-08	3.45e-08
 6.71360e+22	9.79e-01	2.14e-02	1.18e-05	0.00e+00	0.00e+00	0.00e+00	0.00e+00	0.00e+00	0.00e+00	9.79e-01	6.36e-08	3.41e-08
 6.71861e+22	9.79e-01	2.10e-02	1.17e-05	0.00e+00	0.00e+00	0.00e+00	0.00e+00	0.00e+00	0.00e+00	9.79e-01	6.29e-08	3.37e-08
 6.72402e+22	9.79e-01	2.06e-02	1.15e-05	0.00e+00	0.00e+00	0.00e+00	0.00e+00	0.00e+00	0.00e+00	9.79e-01	6.23e-08	3.32e-08
 6.72894e+22	9.80e-01	2.02e-02	1.14e-05	0.00e+00	0.00e+00	0.00e+00	0.00e+00	0.00e+00	0.00e+00	9.80e-01	6.18e-08	3.29e-08
 6.73342e+22	9.80e-01	1.99e-02	1.13e-05	0.00e+00	0.00e+00	0.00e+00	0.00e+00	0.00e+00	0.00e+00	9.80e-01	6.11e-08	3.24e-08
 6.73750e+22	9.80e-01	1.97e-02	1.12e-05	0.00e+00	0.00e+00	0.00e+00	0.00e+00	0.00e+00	0.00e+00	9.80e-01	6.07e-08	3.21e-08
 6.74196e+22	9.81e-01	1.94e-02	1.11e-05	0.00e+00	0.00e+00	0.00e+00	0.00e+00	0.00e+00	0.00e+00	9.81e-01	6.03e-08	3.18e-08
 6.74777e+22	9.81e-01	1.89e-02	1.09e-05	0.00e+00	0.00e+00	0.00e+00	0.00e+00	0.00e+00	0.00e+00	9.81e-01	5.96e-08	3.14e-08
 6.75404e+22	9.81e-01	1.85e-02	1.07e-05	0.00e+00	0.00e+00	0.00e+00	0.00e+00	0.00e+00	0.00e+00	9.81e-01	5.89e-08	3.09e-08
 6.75974e+22	9.82e-01	1.81e-02	1.06e-05	0.00e+00	0.00e+00	0.00e+00	0.00e+00	0.00e+00	0.00e+00	9.82e-01	5.83e-08	3.05e-08
 6.76493e+22	9.82e-01	1.78e-02	1.05e-05	0.00e+00	0.00e+00	0.00e+00	0.00e+00	0.00e+00	0.00e+00	9.82e-01	5.78e-08	3.01e-08
 6.76965e+22	9.82e-01	1.76e-02	1.04e-05	0.00e+00	0.00e+00	0.00e+00	0.00e+00	0.00e+00	0.00e+00	9.82e-01	5.72e-08	2.98e-08
 6.77483e+22	9.83e-01	1.73e-02	1.03e-05	0.00e+00	0.00e+00	0.00e+00	0.00e+00	0.00e+00	0.00e+00	9.83e-01	5.65e-08	2.93e-08
 6.78042e+22	9.83e-01	1.69e-02	1.02e-05	0.00e+00	0.00e+00	0.00e+00	0.00e+00	0.00e+00	0.00e+00	9.83e-01	5.58e-08	2.88e-08
 6.78550e+22	9.83e-01	1.66e-02	1.00e-05	0.00e+00	0.00e+00	0.00e+00	0.00e+00	0.00e+00	0.00e+00	9.83e-01	5.50e-08	2.83e-08
 6.79013e+22	9.84e-01	1.64e-02	9.96e-06	0.00e+00	0.00e+00	0.00e+00	0.00e+00	0.00e+00	0.00e+00	9.84e-01	5.48e-08	2.82e-08
 6.79520e+22	9.84e-01	1.61e-02	9.84e-06	0.00e+00	0.00e+00	0.00e+00	0.00e+00	0.00e+00	0.00e+00	9.84e-01	5.41e-08	2.77e-08
 6.80068e+22	9.84e-01	1.58e-02	9.73e-06	0.00e+00	0.00e+00	0.00e+00	0.00e+00	0.00e+00	0.00e+00	9.84e-01	5.34e-08	2.73e-08
 6.80566e+22	9.84e-01	1.56e-02	9.65e-06	0.00e+00	0.00e+00	0.00e+00	0.00e+00	0.00e+00	0.00e+00	9.84e-01	5.30e-08	2.70e-08
 6.81112e+22	9.85e-01	1.53e-02	9.52e-06	0.00e+00	0.00e+00	0.00e+00	0.00e+00	0.00e+00	0.00e+00	9.85e-01	5.21e-08	2.65e-08
 6.81701e+22	9.85e-01	1.49e-02	9.41e-06	0.00e+00	0.00e+00	0.00e+00	0.00e+00	0.00e+00	0.00e+00	9.85e-01	5.15e-08	2.60e-08
 6.82237e+22	9.85e-01	1.46e-02	9.31e-06	0.00e+00	0.00e+00	0.00e+00	0.00e+00	0.00e+00	0.00e+00	9.85e-01	5.06e-08	2.55e-08
 6.82725e+22	9.86e-01	1.45e-02	9.23e-06	0.00e+00	0.00e+00	0.00e+00	0.00e+00	0.00e+00	0.00e+00	9.86e-01	5.04e-08	2.53e-08
 6.83260e+22	9.86e-01	1.42e-02	9.13e-06	0.00e+00	0.00e+00	0.00e+00	0.00e+00	0.00e+00	0.00e+00	9.86e-01	4.97e-08	2.49e-08
 6.83837e+22	9.86e-01	1.39e-02	9.02e-06	0.00e+00	0.00e+00	0.00e+00	0.00e+00	0.00e+00	0.00e+00	9.86e-01	4.89e-08	2.44e-08
 6.84363e+22	9.86e-01	1.37e-02	8.94e-06	0.00e+00	0.00e+00	0.00e+00	0.00e+00	0.00e+00	0.00e+00	9.86e-01	4.86e-08	2.41e-08
 6.84939e+22	9.87e-01	1.34e-02	8.83e-06	0.00e+00	0.00e+00	0.00e+00	0.00e+00	0.00e+00	0.00e+00	9.87e-01	4.79e-08	2.37e-08
 6.85560e+22	9.87e-01	1.31e-02	8.73e-06	0.00e+00	0.00e+00	0.00e+00	0.00e+00	0.00e+00	0.00e+00	9.87e-01	4.74e-08	2.33e-08
 6.86126e+22	9.87e-01	1.29e-02	8.65e-06	0.00e+00	0.00e+00	0.00e+00	0.00e+00	0.00e+00	0.00e+00	9.87e-01	4.69e-08	2.30e-08
 6.86745e+22	9.87e-01	1.26e-02	8.53e-06	0.00e+00	0.00e+00	0.00e+00	0.00e+00	0.00e+00	0.00e+00	9.87e-01	4.63e-08	2.27e-08
 6.87414e+22	9.88e-01	1.24e-02	8.43e-06	0.00e+00	0.00e+00	0.00e+00	0.00e+00	0.00e+00	0.00e+00	9.88e-01	4.57e-08	2.23e-08
 6.88023e+22	9.88e-01	1.21e-02	8.34e-06	0.00e+00	0.00e+00	0.00e+00	0.00e+00	0.00e+00	0.00e+00	9.88e-01	4.52e-08	2.19e-08
 6.88577e+22	9.88e-01	1.20e-02	8.27e-06	0.00e+00	0.00e+00	0.00e+00	0.00e+00	0.00e+00	0.00e+00	9.88e-01	4.47e-08	2.16e-08
 6.89185e+22	9.88e-01	1.17e-02	8.17e-06	0.00e+00	0.00e+00	0.00e+00	0.00e+00	0.00e+00	0.00e+00	9.88e-01	4.42e-08	2.12e-08
 6.89840e+22	9.89e-01	1.14e-02	8.07e-06	0.00e+00	0.00e+00	0.00e+00	0.00e+00	0.00e+00	0.00e+00	9.89e-01	4.34e-08	2.07e-08
 6.90436e+22	9.89e-01	1.13e-02	7.99e-06	0.00e+00	0.00e+00	0.00e+00	0.00e+00	0.00e+00	0.00e+00	9.89e-01	4.32e-08	2.04e-08
 6.91090e+22	9.89e-01	1.10e-02	7.89e-06	0.00e+00	0.00e+00	0.00e+00	0.00e+00	0.00e+00	0.00e+00	9.89e-01	4.25e-08	2.00e-08
 6.91796e+22	9.89e-01	1.07e-02	7.79e-06	0.00e+00	0.00e+00	0.00e+00	0.00e+00	0.00e+00	0.00e+00	9.89e-01	4.17e-08	1.95e-08
 6.92438e+22	9.89e-01	1.06e-02	7.71e-06	0.00e+00	0.00e+00	0.00e+00	0.00e+00	0.00e+00	0.00e+00	9.89e-01	4.14e-08	1.93e-08
 6.93141e+22	9.90e-01	1.03e-02	7.61e-06	0.00e+00	0.00e+00	0.00e+00	0.00e+00	0.00e+00	0.00e+00	9.90e-01	4.07e-08	1.89e-08
 6.93901e+22	9.90e-01	1.00e-02	7.51e-06	0.00e+00	0.00e+00	0.00e+00	0.00e+00	0.00e+00	0.00e+00	9.90e-01	3.99e-08	1.84e-08
 6.94592e+22	9.90e-01	9.86e-03	7.43e-06	0.00e+00	0.00e+00	0.00e+00	0.00e+00	0.00e+00	0.00e+00	9.90e-01	3.96e-08	1.81e-08
 6.95350e+22	9.90e-01	9.63e-03	7.33e-06	0.00e+00	0.00e+00	0.00e+00	0.00e+00	0.00e+00	0.00e+00	9.90e-01	3.89e-08	1.77e-08
 6.96168e+22	9.91e-01	9.38e-03	7.23e-06	0.00e+00	0.00e+00	0.00e+00	0.00e+00	0.00e+00	0.00e+00	9.91e-01	3.84e-08	1.74e-08
 6.96912e+22	9.91e-01	9.18e-03	7.15e-06	0.00e+00	0.00e+00	0.00e+00	0.00e+00	0.00e+00	0.00e+00	9.91e-01	3.78e-08	1.70e-08
 6.97589e+22	9.91e-01	9.02e-03	7.07e-06	0.00e+00	0.00e+00	0.00e+00	0.00e+00	0.00e+00	0.00e+00	9.91e-01	3.74e-08	1.67e-08
 6.98331e+22	9.91e-01	8.81e-03	6.98e-06	0.00e+00	0.00e+00	0.00e+00	0.00e+00	0.00e+00	0.00e+00	9.91e-01	3.68e-08	1.64e-08
 6.99132e+22	9.91e-01	8.56e-03	6.89e-06	0.00e+00	0.00e+00	0.00e+00	0.00e+00	0.00e+00	0.00e+00	9.91e-01	3.61e-08	1.59e-08
 6.99861e+22	9.92e-01	8.41e-03	6.81e-06	0.00e+00	0.00e+00	0.00e+00	0.00e+00	0.00e+00	0.00e+00	9.92e-01	3.57e-08	1.57e-08
 7.00660e+22	9.92e-01	8.20e-03	6.72e-06	0.00e+00	0.00e+00	0.00e+00	0.00e+00	0.00e+00	0.00e+00	9.92e-01	3.51e-08	1.53e-08
 7.01522e+22	9.92e-01	7.96e-03	6.63e-06	0.00e+00	0.00e+00	0.00e+00	0.00e+00	0.00e+00	0.00e+00	9.92e-01	3.45e-08	1.49e-08
 7.02307e+22	9.92e-01	7.81e-03	6.55e-06	0.00e+00	0.00e+00	0.00e+00	0.00e+00	0.00e+00	0.00e+00	9.92e-01	3.41e-08	1.47e-08
 7.03167e+22	9.92e-01	7.60e-03	6.45e-06	0.00e+00	0.00e+00	0.00e+00	0.00e+00	0.00e+00	0.00e+00	9.92e-01	3.36e-08	1.43e-08
 7.04095e+22	9.93e-01	7.39e-03	6.36e-06	0.00e+00	0.00e+00	0.00e+00	0.00e+00	0.00e+00	0.00e+00	9.93e-01	3.30e-08	1.40e-08
 7.04940e+22	9.93e-01	7.22e-03	6.28e-06	0.00e+00	0.00e+00	0.00e+00	0.00e+00	0.00e+00	0.00e+00	9.93e-01	3.26e-08	1.37e-08
 7.05709e+22	9.93e-01	7.07e-03	6.21e-06	0.00e+00	0.00e+00	0.00e+00	0.00e+00	0.00e+00	0.00e+00	9.93e-01	3.21e-08	1.34e-08
 7.06552e+22	9.93e-01	6.89e-03	6.12e-06	0.00e+00	0.00e+00	0.00e+00	0.00e+00	0.00e+00	0.00e+00	9.93e-01	3.16e-08	1.31e-08
 7.07461e+22	9.93e-01	6.69e-03	6.04e-06	0.00e+00	0.00e+00	0.00e+00	0.00e+00	0.00e+00	0.00e+00	9.93e-01	3.10e-08	1.27e-08
 7.08289e+22	9.93e-01	6.55e-03	5.97e-06	0.00e+00	0.00e+00	0.00e+00	0.00e+00	0.00e+00	0.00e+00	9.93e-01	3.07e-08	1.25e-08
 7.09196e+22	9.94e-01	6.38e-03	5.88e-06	0.00e+00	0.00e+00	0.00e+00	0.00e+00	0.00e+00	0.00e+00	9.94e-01	3.02e-08	1.21e-08
 7.10175e+22	9.94e-01	6.18e-03	5.80e-06	0.00e+00	0.00e+00	0.00e+00	0.00e+00	0.00e+00	0.00e+00	9.94e-01	2.96e-08	1.18e-08
 7.11066e+22	9.94e-01	6.05e-03	5.72e-06	0.00e+00	0.00e+00	0.00e+00	0.00e+00	0.00e+00	0.00e+00	9.94e-01	2.92e-08	1.16e-08
 7.12042e+22	9.94e-01	5.88e-03	5.63e-06	0.00e+00	0.00e+00	0.00e+00	0.00e+00	0.00e+00	0.00e+00	9.94e-01	2.87e-08	1.12e-08
 7.13096e+22	9.94e-01	5.71e-03	5.55e-06	0.00e+00	0.00e+00	0.00e+00	0.00e+00	0.00e+00	0.00e+00	9.94e-01	2.82e-08	1.09e-08
 7.14055e+22	9.94e-01	5.56e-03	5.48e-06	0.00e+00	0.00e+00	0.00e+00	0.00e+00	0.00e+00	0.00e+00	9.94e-01	2.78e-08	1.06e-08
 7.15107e+22	9.95e-01	5.40e-03	5.38e-06	0.00e+00	0.00e+00	0.00e+00	0.00e+00	0.00e+00	0.00e+00	9.95e-01	2.72e-08	1.03e-08
 7.16241e+22	9.95e-01	5.23e-03	5.30e-06	0.00e+00	0.00e+00	0.00e+00	0.00e+00	0.00e+00	0.00e+00	9.95e-01	2.68e-08	1.00e-08
 7.17274e+22	9.95e-01	5.08e-03	5.22e-06	0.00e+00	0.00e+00	0.00e+00	0.00e+00	0.00e+00	0.00e+00	9.95e-01	2.63e-08	9.72e-09
 7.18214e+22	9.95e-01	4.97e-03	5.16e-06	0.00e+00	0.00e+00	0.00e+00	0.00e+00	0.00e+00	0.00e+00	9.95e-01	2.59e-08	9.50e-09
 7.19243e+22	9.95e-01	4.80e-03	5.07e-06	0.00e+00	0.00e+00	0.00e+00	0.00e+00	0.00e+00	0.00e+00	9.95e-01	2.54e-08	9.20e-09
 7.20582e+22	9.96e-01	4.42e-03	4.96e-06	0.00e+00	0.00e+00	0.00e+00	0.00e+00	0.00e+00	0.00e+00	9.96e-01	2.48e-08	8.79e-09
 7.22101e+22	9.96e-01	4.11e-03	4.85e-06	0.00e+00	0.00e+00	0.00e+00	0.00e+00	0.00e+00	0.00e+00	9.96e-01	2.41e-08	8.38e-09
 7.23627e+22	9.96e-01	3.88e-03	4.75e-06	0.00e+00	0.00e+00	0.00e+00	0.00e+00	0.00e+00	0.00e+00	9.96e-01	2.35e-08	8.00e-09
 7.25172e+22	9.96e-01	3.67e-03	4.64e-06	0.00e+00	0.00e+00	0.00e+00	0.00e+00	0.00e+00	0.00e+00	9.96e-01	2.29e-08	7.62e-09
 7.26746e+22	9.97e-01	3.46e-03	4.54e-06	0.00e+00	0.00e+00	0.00e+00	0.00e+00	0.00e+00	0.00e+00	9.97e-01	2.22e-08	7.25e-09
 7.28343e+22	9.97e-01	3.25e-03	4.44e-06	0.00e+00	0.00e+00	0.00e+00	0.00e+00	0.00e+00	0.00e+00	9.97e-01	2.16e-08	6.89e-09
 7.29964e+22	9.97e-01	3.06e-03	4.34e-06	0.00e+00	0.00e+00	0.00e+00	0.00e+00	0.00e+00	0.00e+00	9.97e-01	2.10e-08	6.53e-09
 7.31603e+22	9.97e-01	2.87e-03	4.24e-06	0.00e+00	0.00e+00	0.00e+00	0.00e+00	0.00e+00	0.00e+00	9.97e-01	2.04e-08	6.19e-09
 7.33263e+22	9.97e-01	2.69e-03	4.14e-06	0.00e+00	0.00e+00	0.00e+00	0.00e+00	0.00e+00	0.00e+00	9.97e-01	1.98e-08	5.86e-09
 7.34942e+22	9.97e-01	2.51e-03	4.05e-06	0.00e+00	0.00e+00	0.00e+00	0.00e+00	0.00e+00	0.00e+00	9.97e-01	1.92e-08	5.54e-09
 7.36640e+22	9.98e-01	2.34e-03	3.95e-06	0.00e+00	0.00e+00	0.00e+00	0.00e+00	0.00e+00	0.00e+00	9.98e-01	1.86e-08	5.24e-09
 7.38357e+22	9.98e-01	2.18e-03	3.86e-06	0.00e+00	0.00e+00	0.00e+00	0.00e+00	0.00e+00	0.00e+00	9.98e-01	1.80e-08	4.95e-09
 7.40092e+22	9.98e-01	2.03e-03	3.77e-06	0.00e+00	0.00e+00	0.00e+00	0.00e+00	0.00e+00	0.00e+00	9.98e-01	1.74e-08	4.67e-09
 7.41845e+22	9.98e-01	1.89e-03	3.68e-06	0.00e+00	0.00e+00	0.00e+00	0.00e+00	0.00e+00	0.00e+00	9.98e-01	1.68e-08	4.39e-09
 7.43616e+22	9.98e-01	1.75e-03	3.59e-06	0.00e+00	0.00e+00	0.00e+00	0.00e+00	0.00e+00	0.00e+00	9.98e-01	1.62e-08	4.13e-09
 7.45401e+22	9.98e-01	1.62e-03	3.51e-06	0.00e+00	0.00e+00	0.00e+00	0.00e+00	0.00e+00	0.00e+00	9.98e-01	1.56e-08	3.87e-09
 7.47201e+22	9.99e-01	1.49e-03	3.42e-06	0.00e+00	0.00e+00	0.00e+00	0.00e+00	0.00e+00	0.00e+00	9.99e-01	1.51e-08	3.62e-09
 7.49014e+22	9.99e-01	1.38e-03	3.34e-06	0.00e+00	0.00e+00	0.00e+00	0.00e+00	0.00e+00	0.00e+00	9.99e-01	1.45e-08	3.39e-09
 7.50845e+22	9.99e-01	1.27e-03	3.26e-06	0.00e+00	0.00e+00	0.00e+00	0.00e+00	0.00e+00	0.00e+00	9.99e-01	1.39e-08	3.16e-09
 7.52694e+22	9.99e-01	1.16e-03	3.18e-06	0.00e+00	0.00e+00	0.00e+00	0.00e+00	0.00e+00	0.00e+00	9.99e-01	1.34e-08	2.94e-09
 7.54558e+22	9.99e-01	1.07e-03	3.10e-06	0.00e+00	0.00e+00	0.00e+00	0.00e+00	0.00e+00	0.00e+00	9.99e-01	1.28e-08	2.73e-09
 7.56436e+22	9.99e-01	9.74e-04	3.02e-06	0.00e+00	0.00e+00	0.00e+00	0.00e+00	0.00e+00	0.00e+00	9.99e-01	1.23e-08	2.53e-09
 7.58330e+22	9.99e-01	8.89e-04	2.94e-06	0.00e+00	0.00e+00	0.00e+00	0.00e+00	0.00e+00	0.00e+00	9.99e-01	1.18e-08	2.33e-09
 7.60239e+22	9.99e-01	8.10e-04	2.87e-06	0.00e+00	0.00e+00	0.00e+00	0.00e+00	0.00e+00	0.00e+00	9.99e-01	1.13e-08	2.15e-09
 7.62181e+22	9.99e-01	7.36e-04	2.80e-06	0.00e+00	0.00e+00	0.00e+00	0.00e+00	0.00e+00	0.00e+00	9.99e-01	1.08e-08	1.98e-09
