#depth	Ne	Ne+	Ne+2	Ne+3	Ne+4	Ne+5	Ne+6	Ne+7	Ne+8	Ne+9	Ne+10
 4.62852e+21	2.63e-31	2.79e-25	1.96e-20	1.94e-16	4.41e-13	2.45e-10	5.19e-08	6.70e-06	2.90e-03	1.02e-01	8.96e-01
 1.04811e+22	2.83e-29	1.84e-23	7.92e-19	4.90e-15	7.03e-12	2.44e-09	3.14e-07	2.48e-05	6.73e-03	1.50e-01	8.43e-01
 1.23173e+22	3.54e-28	1.76e-22	5.83e-18	2.78e-14	3.11e-11	8.38e-09	8.18e-07	4.93e-05	1.04e-02	1.82e-01	8.07e-01
 1.32353e+22	1.33e-27	5.76e-22	1.66e-17	6.93e-14	6.79e-11	1.60e-08	1.35e-06	7.03e-05	1.30e-02	2.01e-01	7.86e-01
 1.36179e+22	1.86e-27	7.75e-22	2.16e-17	8.71e-14	8.26e-11	1.88e-08	1.53e-06	7.68e-05	1.38e-02	2.06e-01	7.80e-01
 1.37541e+22	2.46e-27	9.97e-22	2.69e-17	1.06e-13	9.74e-11	2.15e-08	1.70e-06	8.28e-05	1.44e-02	2.10e-01	7.75e-01
 1.38668e+22	3.17e-27	1.25e-21	3.29e-17	1.25e-13	1.13e-10	2.43e-08	1.86e-06	8.84e-05	1.51e-02	2.14e-01	7.71e-01
 1.39884e+22	4.26e-27	1.63e-21	4.15e-17	1.54e-13	1.34e-10	2.80e-08	2.08e-06	9.57e-05	1.58e-02	2.18e-01	7.66e-01
 1.41149e+22	5.59e-27	2.08e-21	5.14e-17	1.85e-13	1.57e-10	3.20e-08	2.30e-06	1.03e-04	1.65e-02	2.23e-01	7.61e-01
 1.42269e+22	7.23e-27	2.62e-21	6.31e-17	2.21e-13	1.83e-10	3.62e-08	2.53e-06	1.10e-04	1.72e-02	2.26e-01	7.56e-01
 1.43519e+22	9.97e-27	3.49e-21	8.12e-17	2.75e-13	2.21e-10	4.23e-08	2.85e-06	1.20e-04	1.82e-02	2.32e-01	7.50e-01
 1.44791e+22	1.32e-26	4.50e-21	1.02e-16	3.34e-13	2.61e-10	4.85e-08	3.17e-06	1.29e-04	1.90e-02	2.36e-01	7.45e-01
 1.45822e+22	1.67e-26	5.54e-21	1.22e-16	3.92e-13	2.99e-10	5.42e-08	3.45e-06	1.37e-04	1.97e-02	2.40e-01	7.41e-01
 1.46897e+22	2.23e-26	7.18e-21	1.53e-16	4.78e-13	3.54e-10	6.23e-08	3.84e-06	1.47e-04	2.07e-02	2.44e-01	7.35e-01
 1.48003e+22	2.84e-26	8.90e-21	1.85e-16	5.64e-13	4.07e-10	7.00e-08	4.20e-06	1.57e-04	2.15e-02	2.48e-01	7.30e-01
 1.49148e+22	3.96e-26	1.20e-20	2.41e-16	7.07e-13	4.94e-10	8.20e-08	4.74e-06	1.71e-04	2.26e-02	2.54e-01	7.24e-01
 1.50273e+22	5.02e-26	1.48e-20	2.90e-16	8.32e-13	5.67e-10	9.20e-08	5.18e-06	1.82e-04	2.35e-02	2.57e-01	7.19e-01
 1.51371e+22	7.08e-26	2.02e-20	3.80e-16	1.05e-12	6.93e-10	1.08e-07	5.87e-06	1.98e-04	2.48e-02	2.63e-01	7.12e-01
 1.52453e+22	8.97e-26	2.49e-20	4.58e-16	1.23e-12	7.95e-10	1.21e-07	6.40e-06	2.11e-04	2.57e-02	2.67e-01	7.07e-01
 1.53515e+22	1.23e-25	3.31e-20	5.88e-16	1.53e-12	9.55e-10	1.41e-07	7.18e-06	2.28e-04	2.70e-02	2.72e-01	7.00e-01
 1.54612e+22	1.62e-25	4.23e-20	7.29e-16	1.85e-12	1.12e-09	1.61e-07	7.94e-06	2.45e-04	2.82e-02	2.77e-01	6.95e-01
 1.55604e+22	2.13e-25	5.41e-20	9.04e-16	2.22e-12	1.31e-09	1.83e-07	8.77e-06	2.62e-04	2.94e-02	2.82e-01	6.89e-01
 1.56561e+22	2.75e-25	6.80e-20	1.11e-15	2.65e-12	1.52e-09	2.07e-07	9.62e-06	2.80e-04	3.06e-02	2.86e-01	6.83e-01
 1.57625e+22	3.87e-25	9.23e-20	1.45e-15	3.34e-12	1.86e-09	2.44e-07	1.09e-05	3.05e-04	3.22e-02	2.92e-01	6.76e-01
 1.58688e+22	5.06e-25	1.17e-19	1.79e-15	4.01e-12	2.17e-09	2.77e-07	1.20e-05	3.26e-04	3.35e-02	2.96e-01	6.70e-01
 1.59749e+22	7.27e-25	1.62e-19	2.37e-15	5.12e-12	2.67e-09	3.29e-07	1.37e-05	3.57e-04	3.54e-02	3.03e-01	6.62e-01
 1.60772e+22	9.17e-25	2.00e-19	2.85e-15	6.00e-12	3.05e-09	3.67e-07	1.49e-05	3.79e-04	3.67e-02	3.07e-01	6.56e-01
 1.61744e+22	1.30e-24	2.74e-19	3.75e-15	7.61e-12	3.74e-09	4.34e-07	1.69e-05	4.13e-04	3.87e-02	3.13e-01	6.48e-01
 1.62710e+22	1.64e-24	3.37e-19	4.50e-15	8.91e-12	4.28e-09	4.85e-07	1.84e-05	4.38e-04	4.01e-02	3.17e-01	6.43e-01
 1.63671e+22	2.36e-24	4.65e-19	5.97e-15	1.14e-11	5.26e-09	5.75e-07	2.09e-05	4.79e-04	4.23e-02	3.23e-01	6.34e-01
 1.64633e+22	3.02e-24	5.81e-19	7.26e-15	1.34e-11	6.07e-09	6.47e-07	2.29e-05	5.10e-04	4.39e-02	3.28e-01	6.28e-01
 1.65597e+22	4.32e-24	8.01e-19	9.61e-15	1.71e-11	7.47e-09	7.68e-07	2.61e-05	5.58e-04	4.63e-02	3.34e-01	6.19e-01
 1.66578e+22	5.62e-24	1.01e-18	1.18e-14	2.05e-11	8.69e-09	8.70e-07	2.87e-05	5.96e-04	4.81e-02	3.39e-01	6.13e-01
 1.67580e+22	8.06e-24	1.40e-18	1.57e-14	2.61e-11	1.07e-08	1.03e-06	3.28e-05	6.52e-04	5.08e-02	3.45e-01	6.04e-01
 1.68575e+22	1.06e-23	1.79e-18	1.94e-14	3.14e-11	1.25e-08	1.18e-06	3.62e-05	6.98e-04	5.29e-02	3.50e-01	5.97e-01
 1.69561e+22	1.52e-23	2.47e-18	2.57e-14	4.00e-11	1.54e-08	1.40e-06	4.13e-05	7.64e-04	5.58e-02	3.56e-01	5.87e-01
 1.70564e+22	2.02e-23	3.19e-18	3.22e-14	4.85e-11	1.82e-08	1.60e-06	4.59e-05	8.21e-04	5.82e-02	3.61e-01	5.80e-01
 1.71588e+22	2.94e-23	4.46e-18	4.32e-14	6.25e-11	2.26e-08	1.92e-06	5.26e-05	9.02e-04	6.15e-02	3.68e-01	5.69e-01
 1.72619e+22	3.92e-23	5.77e-18	5.42e-14	7.60e-11	2.67e-08	2.20e-06	5.86e-05	9.70e-04	6.42e-02	3.73e-01	5.61e-01
 1.73658e+22	5.72e-23	8.11e-18	7.30e-14	9.82e-11	3.32e-08	2.65e-06	6.74e-05	1.07e-03	6.79e-02	3.80e-01	5.51e-01
 1.74705e+22	7.62e-23	1.05e-17	9.15e-14	1.19e-10	3.93e-08	3.04e-06	7.50e-05	1.15e-03	7.08e-02	3.85e-01	5.43e-01
 1.75612e+22	1.01e-22	1.35e-17	1.14e-13	1.45e-10	4.63e-08	3.49e-06	8.34e-05	1.24e-03	7.39e-02	3.90e-01	5.34e-01
 1.76644e+22	1.47e-22	1.89e-17	1.53e-13	1.86e-10	5.75e-08	4.18e-06	9.60e-05	1.36e-03	7.81e-02	3.97e-01	5.23e-01
 1.77665e+22	1.90e-22	2.38e-17	1.88e-13	2.22e-10	6.69e-08	4.75e-06	1.06e-04	1.45e-03	8.12e-02	4.02e-01	5.16e-01
 1.78672e+22	2.67e-22	3.23e-17	2.46e-13	2.80e-10	8.17e-08	5.61e-06	1.20e-04	1.59e-03	8.54e-02	4.08e-01	5.05e-01
 1.79710e+22	3.52e-22	4.15e-17	3.06e-13	3.38e-10	9.62e-08	6.44e-06	1.34e-04	1.71e-03	8.90e-02	4.13e-01	4.97e-01
 1.80787e+22	5.04e-22	5.74e-17	4.07e-13	4.32e-10	1.19e-07	7.70e-06	1.54e-04	1.87e-03	9.39e-02	4.19e-01	4.85e-01
 1.81874e+22	6.55e-22	7.25e-17	5.00e-13	5.17e-10	1.39e-07	8.76e-06	1.70e-04	2.01e-03	9.77e-02	4.23e-01	4.77e-01
 1.82972e+22	9.20e-22	9.85e-17	6.55e-13	6.53e-10	1.70e-07	1.04e-05	1.94e-04	2.20e-03	1.03e-01	4.29e-01	4.66e-01
 1.84109e+22	1.21e-21	1.26e-16	8.16e-13	7.90e-10	2.00e-07	1.19e-05	2.17e-04	2.36e-03	1.07e-01	4.33e-01	4.57e-01
 1.85295e+22	1.72e-21	1.73e-16	1.08e-12	1.00e-09	2.47e-07	1.42e-05	2.48e-04	2.60e-03	1.13e-01	4.39e-01	4.45e-01
 1.86495e+22	2.25e-21	2.21e-16	1.33e-12	1.21e-09	2.90e-07	1.63e-05	2.76e-04	2.79e-03	1.18e-01	4.43e-01	4.36e-01
 1.87715e+22	3.16e-21	3.01e-16	1.75e-12	1.53e-09	3.56e-07	1.94e-05	3.16e-04	3.06e-03	1.24e-01	4.48e-01	4.24e-01
 1.88944e+22	4.09e-21	3.79e-16	2.15e-12	1.83e-09	4.16e-07	2.21e-05	3.51e-04	3.28e-03	1.29e-01	4.52e-01	4.15e-01
 1.90183e+22	5.70e-21	5.11e-16	2.81e-12	2.30e-09	5.08e-07	2.62e-05	4.00e-04	3.59e-03	1.35e-01	4.57e-01	4.04e-01
 1.91384e+22	7.11e-21	6.25e-16	3.35e-12	2.69e-09	5.81e-07	2.93e-05	4.37e-04	3.81e-03	1.40e-01	4.60e-01	3.96e-01
 1.92536e+22	9.53e-21	8.15e-16	4.24e-12	3.30e-09	6.94e-07	3.41e-05	4.92e-04	4.13e-03	1.46e-01	4.64e-01	3.86e-01
 1.93715e+22	1.19e-20	1.00e-15	5.09e-12	3.86e-09	7.96e-07	3.83e-05	5.39e-04	4.39e-03	1.51e-01	4.67e-01	3.77e-01
 1.94931e+22	1.61e-20	1.31e-15	6.47e-12	4.76e-09	9.56e-07	4.47e-05	6.09e-04	4.77e-03	1.58e-01	4.70e-01	3.67e-01
 1.96163e+22	2.00e-20	1.60e-15	7.72e-12	5.55e-09	1.09e-06	5.01e-05	6.65e-04	5.06e-03	1.63e-01	4.72e-01	3.59e-01
 1.97414e+22	2.67e-20	2.07e-15	9.73e-12	6.79e-09	1.30e-06	5.81e-05	7.48e-04	5.48e-03	1.70e-01	4.75e-01	3.48e-01
 1.98656e+22	3.30e-20	2.52e-15	1.16e-11	7.89e-09	1.48e-06	6.49e-05	8.16e-04	5.81e-03	1.76e-01	4.77e-01	3.41e-01
 1.99885e+22	4.35e-20	3.23e-15	1.45e-11	9.59e-09	1.76e-06	7.50e-05	9.14e-04	6.27e-03	1.83e-01	4.79e-01	3.30e-01
 2.01125e+22	5.33e-20	3.89e-15	1.70e-11	1.11e-08	1.99e-06	8.33e-05	9.92e-04	6.63e-03	1.88e-01	4.81e-01	3.23e-01
 2.02382e+22	6.98e-20	4.97e-15	2.12e-11	1.34e-08	2.36e-06	9.60e-05	1.11e-03	7.14e-03	1.96e-01	4.83e-01	3.13e-01
 2.03663e+22	8.56e-20	5.99e-15	2.50e-11	1.55e-08	2.67e-06	1.07e-04	1.21e-03	7.55e-03	2.02e-01	4.84e-01	3.06e-01
 2.04976e+22	1.12e-19	7.66e-15	3.12e-11	1.87e-08	3.16e-06	1.23e-04	1.35e-03	8.14e-03	2.09e-01	4.85e-01	2.96e-01
 2.06312e+22	1.38e-19	9.23e-15	3.69e-11	2.17e-08	3.59e-06	1.37e-04	1.47e-03	8.61e-03	2.16e-01	4.86e-01	2.88e-01
 2.07679e+22	1.80e-19	1.18e-14	4.59e-11	2.63e-08	4.24e-06	1.58e-04	1.64e-03	9.28e-03	2.24e-01	4.86e-01	2.78e-01
 2.09072e+22	2.22e-19	1.43e-14	5.44e-11	3.04e-08	4.82e-06	1.76e-04	1.78e-03	9.82e-03	2.30e-01	4.87e-01	2.71e-01
 2.10498e+22	2.91e-19	1.82e-14	6.78e-11	3.69e-08	5.71e-06	2.03e-04	1.99e-03	1.06e-02	2.39e-01	4.87e-01	2.61e-01
 2.11891e+22	3.49e-19	2.16e-14	7.88e-11	4.20e-08	6.39e-06	2.23e-04	2.15e-03	1.11e-02	2.45e-01	4.87e-01	2.55e-01
 2.13243e+22	4.49e-19	2.72e-14	9.69e-11	5.04e-08	7.48e-06	2.55e-04	2.38e-03	1.19e-02	2.54e-01	4.86e-01	2.46e-01
 2.14616e+22	5.41e-19	3.22e-14	1.13e-10	5.74e-08	8.38e-06	2.80e-04	2.57e-03	1.25e-02	2.60e-01	4.85e-01	2.39e-01
 2.16016e+22	6.92e-19	4.03e-14	1.38e-10	6.85e-08	9.77e-06	3.19e-04	2.84e-03	1.34e-02	2.68e-01	4.84e-01	2.31e-01
 2.17460e+22	8.45e-19	4.83e-14	1.62e-10	7.90e-08	1.11e-05	3.54e-04	3.08e-03	1.41e-02	2.75e-01	4.83e-01	2.24e-01
 2.18961e+22	1.08e-18	6.07e-14	1.99e-10	9.43e-08	1.29e-05	4.03e-04	3.40e-03	1.51e-02	2.84e-01	4.81e-01	2.15e-01
 2.20510e+22	1.34e-18	7.35e-14	2.36e-10	1.10e-07	1.47e-05	4.49e-04	3.70e-03	1.60e-02	2.92e-01	4.80e-01	2.08e-01
 2.22123e+22	1.73e-18	9.32e-14	2.92e-10	1.32e-07	1.73e-05	5.14e-04	4.11e-03	1.71e-02	3.01e-01	4.77e-01	2.00e-01
 2.23780e+22	2.15e-18	1.14e-13	3.49e-10	1.54e-07	1.97e-05	5.74e-04	4.48e-03	1.81e-02	3.09e-01	4.75e-01	1.93e-01
 2.25495e+22	2.81e-18	1.45e-13	4.34e-10	1.86e-07	2.32e-05	6.58e-04	4.98e-03	1.94e-02	3.19e-01	4.71e-01	1.84e-01
 2.27265e+22	3.52e-18	1.78e-13	5.22e-10	2.18e-07	2.67e-05	7.39e-04	5.44e-03	2.05e-02	3.28e-01	4.68e-01	1.77e-01
 2.29110e+22	4.66e-18	2.30e-13	6.55e-10	2.66e-07	3.17e-05	8.52e-04	6.07e-03	2.20e-02	3.38e-01	4.64e-01	1.69e-01
 2.31005e+22	5.89e-18	2.84e-13	7.93e-10	3.14e-07	3.66e-05	9.60e-04	6.65e-03	2.34e-02	3.47e-01	4.60e-01	1.62e-01
 2.32708e+22	7.37e-18	3.49e-13	9.52e-10	3.68e-07	4.19e-05	1.07e-03	7.24e-03	2.47e-02	3.55e-01	4.56e-01	1.55e-01
 2.34666e+22	9.88e-18	4.56e-13	1.21e-09	4.54e-07	5.02e-05	1.25e-03	8.13e-03	2.66e-02	3.67e-01	4.51e-01	1.47e-01
 2.36635e+22	1.23e-17	5.59e-13	1.45e-09	5.31e-07	5.74e-05	1.39e-03	8.84e-03	2.81e-02	3.75e-01	4.46e-01	1.41e-01
 2.38620e+22	1.65e-17	7.27e-13	1.84e-09	6.52e-07	6.85e-05	1.61e-03	9.89e-03	3.01e-02	3.86e-01	4.40e-01	1.33e-01
 2.40647e+22	2.08e-17	8.99e-13	2.22e-09	7.69e-07	7.90e-05	1.82e-03	1.08e-02	3.19e-02	3.95e-01	4.34e-01	1.27e-01
 2.42729e+22	2.78e-17	1.18e-12	2.83e-09	9.49e-07	9.47e-05	2.11e-03	1.21e-02	3.43e-02	4.06e-01	4.26e-01	1.19e-01
 2.44843e+22	3.52e-17	1.46e-12	3.43e-09	1.12e-06	1.09e-04	2.38e-03	1.33e-02	3.63e-02	4.15e-01	4.20e-01	1.13e-01
 2.47000e+22	4.75e-17	1.92e-12	4.40e-09	1.39e-06	1.32e-04	2.78e-03	1.49e-02	3.91e-02	4.27e-01	4.11e-01	1.05e-01
 2.49167e+22	5.97e-17	2.37e-12	5.31e-09	1.64e-06	1.52e-04	3.12e-03	1.63e-02	4.13e-02	4.35e-01	4.04e-01	9.99e-02
 2.50965e+22	7.32e-17	2.86e-12	6.29e-09	1.90e-06	1.73e-04	3.47e-03	1.77e-02	4.34e-02	4.43e-01	3.98e-01	9.50e-02
 2.52922e+22	9.48e-17	3.64e-12	7.82e-09	2.30e-06	2.04e-04	3.99e-03	1.96e-02	4.64e-02	4.53e-01	3.88e-01	8.87e-02
 2.54871e+22	1.15e-16	4.36e-12	9.21e-09	2.65e-06	2.31e-04	4.42e-03	2.12e-02	4.86e-02	4.60e-01	3.81e-01	8.43e-02
 2.56810e+22	1.47e-16	5.49e-12	1.14e-08	3.19e-06	2.71e-04	5.06e-03	2.35e-02	5.18e-02	4.69e-01	3.72e-01	7.85e-02
 2.58774e+22	1.79e-16	6.57e-12	1.34e-08	3.68e-06	3.07e-04	5.62e-03	2.54e-02	5.44e-02	4.76e-01	3.64e-01	7.42e-02
 2.60771e+22	2.28e-16	8.25e-12	1.65e-08	4.43e-06	3.62e-04	6.45e-03	2.83e-02	5.80e-02	4.85e-01	3.53e-01	6.87e-02
 2.62793e+22	2.76e-16	9.86e-12	1.95e-08	5.12e-06	4.10e-04	7.16e-03	3.06e-02	6.09e-02	4.91e-01	3.45e-01	6.46e-02
 2.64846e+22	3.49e-16	1.23e-11	2.40e-08	6.15e-06	4.83e-04	8.22e-03	3.40e-02	6.49e-02	4.99e-01	3.33e-01	5.94e-02
 2.66940e+22	4.20e-16	1.47e-11	2.82e-08	7.12e-06	5.49e-04	9.17e-03	3.69e-02	6.83e-02	5.05e-01	3.24e-01	5.55e-02
 2.69085e+22	5.27e-16	1.83e-11	3.47e-08	8.56e-06	6.48e-04	1.06e-02	4.11e-02	7.29e-02	5.13e-01	3.12e-01	5.06e-02
 2.71273e+22	6.29e-16	2.18e-11	4.08e-08	9.90e-06	7.39e-04	1.18e-02	4.47e-02	7.66e-02	5.18e-01	3.01e-01	4.69e-02
 2.73515e+22	7.79e-16	2.69e-11	5.00e-08	1.19e-05	8.72e-04	1.36e-02	4.98e-02	8.19e-02	5.24e-01	2.88e-01	4.23e-02
 2.75777e+22	9.15e-16	3.16e-11	5.84e-08	1.37e-05	9.91e-04	1.52e-02	5.41e-02	8.60e-02	5.28e-01	2.77e-01	3.90e-02
 2.77678e+22	1.05e-15	3.63e-11	6.69e-08	1.55e-05	1.11e-03	1.68e-02	5.83e-02	9.00e-02	5.30e-01	2.67e-01	3.61e-02
 2.79739e+22	1.23e-15	4.29e-11	7.90e-08	1.81e-05	1.28e-03	1.90e-02	6.40e-02	9.52e-02	5.33e-01	2.55e-01	3.26e-02
 2.81815e+22	1.39e-15	4.87e-11	8.98e-08	2.04e-05	1.43e-03	2.09e-02	6.89e-02	9.94e-02	5.35e-01	2.45e-01	3.00e-02
 2.83848e+22	1.58e-15	5.62e-11	1.04e-07	2.34e-05	1.63e-03	2.34e-02	7.50e-02	1.05e-01	5.36e-01	2.33e-01	2.71e-02
 2.85921e+22	1.76e-15	6.32e-11	1.18e-07	2.63e-05	1.82e-03	2.58e-02	8.06e-02	1.09e-01	5.36e-01	2.22e-01	2.48e-02
 2.87952e+22	1.94e-15	7.12e-11	1.34e-07	2.98e-05	2.05e-03	2.86e-02	8.72e-02	1.14e-01	5.35e-01	2.11e-01	2.23e-02
 2.90027e+22	2.12e-15	7.92e-11	1.51e-07	3.34e-05	2.29e-03	3.15e-02	9.36e-02	1.19e-01	5.33e-01	2.00e-01	2.02e-02
 2.92077e+22	2.29e-15	8.77e-11	1.69e-07	3.74e-05	2.56e-03	3.47e-02	1.01e-01	1.25e-01	5.30e-01	1.89e-01	1.82e-02
 2.94138e+22	2.45e-15	9.61e-11	1.89e-07	4.17e-05	2.85e-03	3.81e-02	1.08e-01	1.30e-01	5.26e-01	1.79e-01	1.64e-02
 2.96174e+22	2.59e-15	1.05e-10	2.09e-07	4.63e-05	3.16e-03	4.17e-02	1.15e-01	1.35e-01	5.22e-01	1.69e-01	1.48e-02
 2.98207e+22	2.72e-15	1.13e-10	2.31e-07	5.14e-05	3.49e-03	4.55e-02	1.22e-01	1.40e-01	5.17e-01	1.59e-01	1.33e-02
 3.00243e+22	2.83e-15	1.22e-10	2.55e-07	5.69e-05	3.86e-03	4.95e-02	1.30e-01	1.45e-01	5.11e-01	1.50e-01	1.19e-02
 3.02286e+22	2.94e-15	1.31e-10	2.81e-07	6.29e-05	4.25e-03	5.38e-02	1.37e-01	1.49e-01	5.04e-01	1.41e-01	1.07e-02
 3.04341e+22	3.02e-15	1.41e-10	3.09e-07	6.95e-05	4.69e-03	5.84e-02	1.45e-01	1.54e-01	4.96e-01	1.32e-01	9.52e-03
 3.06413e+22	3.10e-15	1.51e-10	3.40e-07	7.68e-05	5.17e-03	6.32e-02	1.53e-01	1.59e-01	4.88e-01	1.24e-01	8.49e-03
 3.08510e+22	3.18e-15	1.61e-10	3.74e-07	8.51e-05	5.70e-03	6.85e-02	1.61e-01	1.63e-01	4.78e-01	1.16e-01	7.55e-03
 3.10617e+22	3.25e-15	1.72e-10	4.11e-07	9.42e-05	6.27e-03	7.39e-02	1.69e-01	1.68e-01	4.69e-01	1.08e-01	6.71e-03
 3.12758e+22	3.31e-15	1.85e-10	4.55e-07	1.05e-04	6.93e-03	7.99e-02	1.77e-01	1.72e-01	4.58e-01	1.00e-01	5.93e-03
 3.14922e+22	3.38e-15	1.98e-10	5.02e-07	1.16e-04	7.63e-03	8.61e-02	1.85e-01	1.76e-01	4.47e-01	9.30e-02	5.25e-03
 3.17129e+22	3.46e-15	2.13e-10	5.59e-07	1.30e-04	8.44e-03	9.30e-02	1.93e-01	1.80e-01	4.35e-01	8.59e-02	4.61e-03
 3.19375e+22	3.55e-15	2.30e-10	6.23e-07	1.45e-04	9.33e-03	1.00e-01	2.01e-01	1.83e-01	4.22e-01	7.94e-02	4.05e-03
 3.21435e+22	3.63e-15	2.46e-10	6.84e-07	1.60e-04	1.01e-02	1.06e-01	2.08e-01	1.86e-01	4.12e-01	7.42e-02	3.63e-03
 3.23588e+22	3.74e-15	2.68e-10	7.73e-07	1.81e-04	1.13e-02	1.15e-01	2.16e-01	1.89e-01	3.98e-01	6.78e-02	3.14e-03
 3.25769e+22	3.88e-15	2.90e-10	8.56e-07	2.01e-04	1.23e-02	1.22e-01	2.23e-01	1.91e-01	3.86e-01	6.31e-02	2.80e-03
 3.28010e+22	4.07e-15	3.22e-10	9.80e-07	2.29e-04	1.37e-02	1.32e-01	2.31e-01	1.93e-01	3.71e-01	5.73e-02	2.41e-03
 3.30255e+22	4.24e-15	3.51e-10	1.09e-06	2.54e-04	1.49e-02	1.39e-01	2.37e-01	1.94e-01	3.59e-01	5.32e-02	2.14e-03
 3.32506e+22	4.49e-15	3.92e-10	1.26e-06	2.92e-04	1.67e-02	1.50e-01	2.44e-01	1.96e-01	3.43e-01	4.81e-02	1.84e-03
 3.34767e+22	4.77e-15	4.32e-10	1.41e-06	3.25e-04	1.82e-02	1.58e-01	2.50e-01	1.96e-01	3.31e-01	4.45e-02	1.63e-03
 3.37040e+22	5.14e-15	4.90e-10	1.64e-06	3.74e-04	2.02e-02	1.70e-01	2.56e-01	1.97e-01	3.15e-01	4.01e-02	1.39e-03
 3.39339e+22	5.52e-15	5.46e-10	1.86e-06	4.17e-04	2.20e-02	1.79e-01	2.61e-01	1.96e-01	3.03e-01	3.70e-02	1.23e-03
 3.41669e+22	6.08e-15	6.29e-10	2.18e-06	4.83e-04	2.46e-02	1.91e-01	2.67e-01	1.96e-01	2.87e-01	3.31e-02	1.04e-03
 3.44032e+22	6.65e-15	7.10e-10	2.48e-06	5.42e-04	2.68e-02	2.01e-01	2.71e-01	1.95e-01	2.74e-01	3.03e-02	9.16e-04
 3.46438e+22	7.49e-15	8.32e-10	2.95e-06	6.30e-04	2.99e-02	2.15e-01	2.76e-01	1.93e-01	2.58e-01	2.70e-02	7.71e-04
 3.48889e+22	8.36e-15	9.52e-10	3.39e-06	7.10e-04	3.26e-02	2.26e-01	2.79e-01	1.91e-01	2.45e-01	2.46e-02	6.72e-04
 3.51399e+22	9.69e-15	1.14e-09	4.07e-06	8.30e-04	3.64e-02	2.41e-01	2.83e-01	1.88e-01	2.29e-01	2.17e-02	5.59e-04
 3.53968e+22	1.11e-14	1.32e-09	4.73e-06	9.41e-04	3.98e-02	2.53e-01	2.85e-01	1.85e-01	2.17e-01	1.96e-02	4.83e-04
 3.56614e+22	1.32e-14	1.62e-09	5.76e-06	1.11e-03	4.45e-02	2.69e-01	2.87e-01	1.81e-01	2.00e-01	1.70e-02	3.96e-04
 3.59303e+22	1.55e-14	1.91e-09	6.74e-06	1.26e-03	4.86e-02	2.81e-01	2.88e-01	1.77e-01	1.88e-01	1.53e-02	3.39e-04
 3.61569e+22	1.79e-14	2.22e-09	7.76e-06	1.41e-03	5.25e-02	2.92e-01	2.89e-01	1.73e-01	1.78e-01	1.38e-02	2.94e-04
 3.64038e+22	2.18e-14	2.70e-09	9.34e-06	1.63e-03	5.79e-02	3.07e-01	2.89e-01	1.68e-01	1.64e-01	1.21e-02	2.44e-04
 3.66428e+22	2.52e-14	3.12e-09	1.06e-05	1.81e-03	6.20e-02	3.18e-01	2.88e-01	1.64e-01	1.55e-01	1.10e-02	2.14e-04
 3.68716e+22	3.06e-14	3.78e-09	1.26e-05	2.07e-03	6.77e-02	3.31e-01	2.87e-01	1.59e-01	1.44e-01	9.68e-03	1.79e-04
 3.71029e+22	3.59e-14	4.39e-09	1.44e-05	2.29e-03	7.23e-02	3.42e-01	2.85e-01	1.54e-01	1.35e-01	8.77e-03	1.56e-04
 3.73374e+22	4.44e-14	5.36e-09	1.72e-05	2.62e-03	7.88e-02	3.55e-01	2.83e-01	1.49e-01	1.25e-01	7.68e-03	1.30e-04
 3.75755e+22	5.28e-14	6.28e-09	1.97e-05	2.90e-03	8.41e-02	3.65e-01	2.80e-01	1.44e-01	1.17e-01	6.91e-03	1.12e-04
 3.78183e+22	6.64e-14	7.74e-09	2.36e-05	3.33e-03	9.15e-02	3.78e-01	2.76e-01	1.38e-01	1.07e-01	6.00e-03	9.25e-05
 3.80646e+22	7.99e-14	9.12e-09	2.70e-05	3.68e-03	9.75e-02	3.88e-01	2.73e-01	1.33e-01	9.95e-02	5.37e-03	7.96e-05
 3.83153e+22	1.02e-13	1.13e-08	3.24e-05	4.22e-03	1.06e-01	4.01e-01	2.68e-01	1.26e-01	9.04e-02	4.63e-03	6.50e-05
 3.85709e+22	1.24e-13	1.34e-08	3.73e-05	4.67e-03	1.13e-01	4.10e-01	2.64e-01	1.21e-01	8.38e-02	4.11e-03	5.55e-05
 3.88327e+22	1.62e-13	1.69e-08	4.51e-05	5.35e-03	1.22e-01	4.22e-01	2.57e-01	1.14e-01	7.55e-02	3.51e-03	4.47e-05
 3.91001e+22	2.00e-13	2.02e-08	5.21e-05	5.95e-03	1.30e-01	4.31e-01	2.52e-01	1.09e-01	6.95e-02	3.09e-03	3.77e-05
 3.93748e+22	2.64e-13	2.56e-08	6.31e-05	6.82e-03	1.41e-01	4.42e-01	2.44e-01	1.02e-01	6.21e-02	2.61e-03	3.01e-05
 3.96565e+22	3.30e-13	3.10e-08	7.34e-05	7.59e-03	1.50e-01	4.49e-01	2.38e-01	9.63e-02	5.67e-02	2.27e-03	2.51e-05
 3.99474e+22	4.44e-13	3.96e-08	8.93e-05	8.71e-03	1.62e-01	4.59e-01	2.29e-01	8.94e-02	5.02e-02	1.89e-03	1.97e-05
 4.02409e+22	5.58e-13	4.79e-08	1.04e-04	9.66e-03	1.72e-01	4.65e-01	2.22e-01	8.42e-02	4.56e-02	1.64e-03	1.63e-05
 4.05379e+22	7.58e-13	6.16e-08	1.26e-04	1.11e-02	1.85e-01	4.72e-01	2.13e-01	7.76e-02	4.00e-02	1.36e-03	1.27e-05
 4.08379e+22	9.54e-13	7.44e-08	1.46e-04	1.22e-02	1.95e-01	4.77e-01	2.06e-01	7.28e-02	3.62e-02	1.17e-03	1.05e-05
 4.11417e+22	1.30e-12	9.60e-08	1.78e-04	1.40e-02	2.10e-01	4.81e-01	1.96e-01	6.67e-02	3.16e-02	9.60e-04	8.05e-06
 4.14377e+22	1.62e-12	1.14e-07	2.04e-04	1.53e-02	2.20e-01	4.84e-01	1.89e-01	6.25e-02	2.86e-02	8.34e-04	6.69e-06
 4.17233e+22	2.15e-12	1.44e-07	2.43e-04	1.72e-02	2.33e-01	4.86e-01	1.80e-01	5.75e-02	2.52e-02	6.93e-04	5.26e-06
 4.20244e+22	2.75e-12	1.76e-07	2.83e-04	1.91e-02	2.46e-01	4.87e-01	1.71e-01	5.32e-02	2.25e-02	5.87e-04	4.24e-06
 4.22791e+22	3.37e-12	2.07e-07	3.20e-04	2.07e-02	2.56e-01	4.88e-01	1.65e-01	4.99e-02	2.04e-02	5.12e-04	3.55e-06
 4.25438e+22	4.33e-12	2.53e-07	3.73e-04	2.29e-02	2.68e-01	4.87e-01	1.57e-01	4.60e-02	1.81e-02	4.32e-04	2.85e-06
 4.28177e+22	5.39e-12	3.01e-07	4.25e-04	2.49e-02	2.80e-01	4.86e-01	1.50e-01	4.28e-02	1.63e-02	3.71e-04	2.34e-06
 4.30645e+22	6.65e-12	3.56e-07	4.82e-04	2.71e-02	2.90e-01	4.84e-01	1.43e-01	3.99e-02	1.47e-02	3.21e-04	1.94e-06
 4.33466e+22	8.65e-12	4.39e-07	5.64e-04	2.99e-02	3.04e-01	4.81e-01	1.35e-01	3.64e-02	1.29e-02	2.67e-04	1.53e-06
 4.36387e+22	1.10e-11	5.29e-07	6.48e-04	3.27e-02	3.17e-01	4.77e-01	1.28e-01	3.35e-02	1.14e-02	2.25e-04	1.23e-06
 4.38986e+22	1.36e-11	6.27e-07	7.35e-04	3.54e-02	3.28e-01	4.73e-01	1.22e-01	3.11e-02	1.02e-02	1.93e-04	1.01e-06
 4.41912e+22	1.77e-11	7.73e-07	8.58e-04	3.90e-02	3.42e-01	4.67e-01	1.14e-01	2.82e-02	8.91e-03	1.59e-04	7.87e-07
 4.44976e+22	2.25e-11	9.35e-07	9.87e-04	4.26e-02	3.55e-01	4.61e-01	1.07e-01	2.58e-02	7.84e-03	1.33e-04	6.26e-07
 4.47748e+22	2.81e-11	1.12e-06	1.12e-03	4.62e-02	3.66e-01	4.55e-01	1.01e-01	2.36e-02	6.94e-03	1.12e-04	5.05e-07
 4.50884e+22	3.72e-11	1.39e-06	1.32e-03	5.10e-02	3.81e-01	4.46e-01	9.36e-02	2.12e-02	5.96e-03	9.09e-05	3.85e-07
 4.54116e+22	4.77e-11	1.69e-06	1.52e-03	5.56e-02	3.94e-01	4.37e-01	8.74e-02	1.92e-02	5.19e-03	7.51e-05	3.02e-07
 4.56990e+22	5.99e-11	2.01e-06	1.73e-03	6.01e-02	4.05e-01	4.29e-01	8.18e-02	1.75e-02	4.56e-03	6.29e-05	2.41e-07
 4.60246e+22	7.95e-11	2.51e-06	2.03e-03	6.62e-02	4.19e-01	4.18e-01	7.52e-02	1.56e-02	3.88e-03	5.02e-05	1.81e-07
 4.63621e+22	1.03e-10	3.07e-06	2.35e-03	7.21e-02	4.32e-01	4.07e-01	6.94e-02	1.40e-02	3.34e-03	4.08e-05	1.39e-07
 4.66649e+22	1.30e-10	3.67e-06	2.67e-03	7.78e-02	4.42e-01	3.97e-01	6.45e-02	1.27e-02	2.91e-03	3.38e-05	0.00e+00
 4.70082e+22	1.75e-10	4.63e-06	3.15e-03	8.57e-02	4.56e-01	3.83e-01	5.85e-02	1.11e-02	2.43e-03	2.64e-05	0.00e+00
 4.73628e+22	2.25e-10	5.63e-06	3.63e-03	9.29e-02	4.67e-01	3.71e-01	5.37e-02	9.96e-03	2.08e-03	2.14e-05	0.00e+00
 4.76833e+22	2.87e-10	6.80e-06	4.15e-03	1.00e-01	4.77e-01	3.59e-01	4.94e-02	8.91e-03	1.78e-03	1.74e-05	0.00e+00
 4.80513e+22	3.94e-10	8.68e-06	4.93e-03	1.11e-01	4.89e-01	3.43e-01	4.41e-02	7.70e-03	1.46e-03	1.32e-05	0.00e+00
 4.84217e+22	5.08e-10	1.05e-05	5.66e-03	1.19e-01	4.97e-01	3.29e-01	4.02e-02	6.84e-03	1.24e-03	1.06e-05	0.00e+00
 4.87953e+22	6.87e-10	1.33e-05	6.66e-03	1.30e-01	5.07e-01	3.13e-01	3.58e-02	5.91e-03	1.01e-03	8.07e-06	0.00e+00
 4.91773e+22	8.96e-10	1.63e-05	7.68e-03	1.41e-01	5.14e-01	2.99e-01	3.23e-02	5.19e-03	8.47e-04	6.34e-06	0.00e+00
 4.95136e+22	1.15e-09	1.96e-05	8.75e-03	1.51e-01	5.20e-01	2.86e-01	2.92e-02	4.59e-03	7.16e-04	5.06e-06	0.00e+00
 4.98942e+22	1.57e-09	2.49e-05	1.03e-02	1.65e-01	5.26e-01	2.68e-01	2.57e-02	3.92e-03	5.75e-04	3.77e-06	0.00e+00
 5.02836e+22	2.03e-09	3.04e-05	1.18e-02	1.77e-01	5.30e-01	2.54e-01	2.30e-02	3.42e-03	4.78e-04	2.94e-06	0.00e+00
 5.06846e+22	2.79e-09	3.86e-05	1.40e-02	1.92e-01	5.33e-01	2.37e-01	2.00e-02	2.89e-03	3.80e-04	2.16e-06	0.00e+00
 5.10919e+22	3.65e-09	4.72e-05	1.60e-02	2.06e-01	5.35e-01	2.23e-01	1.77e-02	2.50e-03	3.11e-04	1.66e-06	0.00e+00
 5.14530e+22	4.71e-09	5.72e-05	1.83e-02	2.20e-01	5.35e-01	2.09e-01	1.57e-02	2.18e-03	2.57e-04	1.29e-06	0.00e+00
 5.18680e+22	6.52e-09	7.30e-05	2.16e-02	2.38e-01	5.33e-01	1.92e-01	1.34e-02	1.81e-03	2.00e-04	9.21e-07	0.00e+00
 5.22888e+22	8.45e-09	8.87e-05	2.46e-02	2.53e-01	5.30e-01	1.79e-01	1.18e-02	1.56e-03	1.63e-04	7.02e-07	0.00e+00
 5.26548e+22	1.09e-08	1.07e-04	2.78e-02	2.67e-01	5.26e-01	1.67e-01	1.04e-02	1.34e-03	1.33e-04	5.38e-07	0.00e+00
 5.30039e+22	1.36e-08	1.26e-04	3.11e-02	2.81e-01	5.21e-01	1.56e-01	9.26e-03	1.17e-03	1.11e-04	4.21e-07	0.00e+00
 5.33358e+22	1.70e-08	1.49e-04	3.47e-02	2.95e-01	5.15e-01	1.46e-01	8.22e-03	1.02e-03	9.18e-05	3.30e-07	0.00e+00
 5.37096e+22	2.24e-08	1.83e-04	3.98e-02	3.12e-01	5.06e-01	1.33e-01	7.06e-03	8.60e-04	7.25e-05	2.42e-07	0.00e+00
 5.40833e+22	2.79e-08	2.15e-04	4.43e-02	3.26e-01	4.98e-01	1.24e-01	6.24e-03	7.47e-04	5.99e-05	1.88e-07	0.00e+00
 5.44567e+22	3.67e-08	2.63e-04	5.04e-02	3.44e-01	4.87e-01	1.13e-01	5.34e-03	6.25e-04	4.70e-05	1.37e-07	0.00e+00
 5.48366e+22	4.58e-08	3.10e-04	5.61e-02	3.58e-01	4.77e-01	1.04e-01	4.68e-03	5.38e-04	3.84e-05	0.00e+00	0.00e+00
 5.52250e+22	6.04e-08	3.80e-04	6.39e-02	3.75e-01	4.62e-01	9.35e-02	3.95e-03	4.44e-04	2.97e-05	0.00e+00	0.00e+00
 5.56165e+22	7.55e-08	4.46e-04	7.08e-02	3.89e-01	4.50e-01	8.56e-02	3.44e-03	3.80e-04	2.41e-05	0.00e+00	0.00e+00
 5.60118e+22	9.94e-08	5.45e-04	8.04e-02	4.06e-01	4.33e-01	7.64e-02	2.89e-03	3.11e-04	1.84e-05	0.00e+00	0.00e+00
 5.64116e+22	1.24e-07	6.40e-04	8.89e-02	4.19e-01	4.19e-01	6.94e-02	2.49e-03	2.64e-04	1.48e-05	0.00e+00	0.00e+00
 5.67316e+22	1.49e-07	7.29e-04	9.65e-02	4.30e-01	4.07e-01	6.40e-02	2.21e-03	2.30e-04	1.23e-05	0.00e+00	0.00e+00
 5.70621e+22	1.85e-07	8.52e-04	1.06e-01	4.42e-01	3.91e-01	5.78e-02	1.90e-03	1.94e-04	9.83e-06	0.00e+00	0.00e+00
 5.74000e+22	2.22e-07	9.72e-04	1.15e-01	4.51e-01	3.78e-01	5.30e-02	1.67e-03	1.68e-04	8.10e-06	0.00e+00	0.00e+00
 5.77003e+22	2.65e-07	1.10e-03	1.24e-01	4.60e-01	3.65e-01	4.85e-02	1.47e-03	1.45e-04	6.70e-06	0.00e+00	0.00e+00
 5.80433e+22	3.30e-07	1.29e-03	1.37e-01	4.70e-01	3.47e-01	4.34e-02	1.25e-03	1.21e-04	5.27e-06	0.00e+00	0.00e+00
 5.83900e+22	3.95e-07	1.46e-03	1.48e-01	4.77e-01	3.33e-01	3.94e-02	1.09e-03	1.04e-04	4.30e-06	0.00e+00	0.00e+00
 5.86931e+22	4.70e-07	1.65e-03	1.59e-01	4.83e-01	3.19e-01	3.58e-02	9.53e-04	8.89e-05	3.52e-06	0.00e+00	0.00e+00
 5.90388e+22	5.85e-07	1.93e-03	1.74e-01	4.90e-01	3.01e-01	3.16e-02	8.01e-04	7.30e-05	2.73e-06	0.00e+00	0.00e+00
 5.93876e+22	6.93e-07	2.17e-03	1.87e-01	4.95e-01	2.87e-01	2.86e-02	6.99e-04	6.24e-05	2.23e-06	0.00e+00	0.00e+00
 5.97403e+22	8.57e-07	2.52e-03	2.03e-01	4.99e-01	2.69e-01	2.51e-02	5.85e-04	5.09e-05	1.71e-06	0.00e+00	0.00e+00
 6.00983e+22	1.02e-06	2.85e-03	2.18e-01	5.02e-01	2.55e-01	2.24e-02	5.03e-04	4.28e-05	1.37e-06	0.00e+00	0.00e+00
 6.04133e+22	1.21e-06	3.20e-03	2.33e-01	5.03e-01	2.41e-01	2.01e-02	4.35e-04	3.62e-05	1.11e-06	0.00e+00	0.00e+00
 6.07729e+22	1.49e-06	3.69e-03	2.52e-01	5.03e-01	2.23e-01	1.74e-02	3.61e-04	2.92e-05	8.43e-07	0.00e+00	0.00e+00
 6.11402e+22	1.77e-06	4.15e-03	2.69e-01	5.02e-01	2.09e-01	1.54e-02	3.07e-04	2.43e-05	6.67e-07	0.00e+00	0.00e+00
 6.14681e+22	2.09e-06	4.65e-03	2.86e-01	5.00e-01	1.96e-01	1.36e-02	2.63e-04	2.02e-05	5.30e-07	0.00e+00	0.00e+00
 6.18449e+22	2.57e-06	5.36e-03	3.08e-01	4.95e-01	1.79e-01	1.16e-02	2.14e-04	1.59e-05	3.94e-07	0.00e+00	0.00e+00
 6.22275e+22	3.06e-06	6.02e-03	3.28e-01	4.90e-01	1.66e-01	1.02e-02	1.80e-04	1.30e-05	3.06e-07	0.00e+00	0.00e+00
 6.26174e+22	3.75e-06	6.90e-03	3.52e-01	4.82e-01	1.51e-01	8.58e-03	1.46e-04	1.02e-05	2.26e-07	0.00e+00	0.00e+00
 6.30175e+22	4.49e-06	7.78e-03	3.73e-01	4.74e-01	1.38e-01	7.36e-03	1.21e-04	8.13e-06	1.71e-07	0.00e+00	0.00e+00
 6.33713e+22	5.29e-06	8.67e-03	3.94e-01	4.65e-01	1.26e-01	6.36e-03	1.01e-04	6.58e-06	1.32e-07	0.00e+00	0.00e+00
 6.37717e+22	6.50e-06	9.93e-03	4.20e-01	4.52e-01	1.12e-01	5.26e-03	7.98e-05	5.00e-06	0.00e+00	0.00e+00	0.00e+00
 6.41828e+22	7.69e-06	1.11e-02	4.42e-01	4.40e-01	1.02e-01	4.47e-03	6.56e-05	3.96e-06	0.00e+00	0.00e+00	0.00e+00
 6.46077e+22	9.47e-06	1.27e-02	4.70e-01	4.24e-01	8.95e-02	3.63e-03	5.11e-05	2.94e-06	0.00e+00	0.00e+00	0.00e+00
 6.49786e+22	1.08e-05	1.37e-02	4.88e-01	4.13e-01	8.24e-02	3.19e-03	4.37e-05	2.44e-06	0.00e+00	0.00e+00	0.00e+00
 6.52392e+22	1.20e-05	1.47e-02	5.02e-01	4.04e-01	7.66e-02	2.84e-03	3.82e-05	2.07e-06	0.00e+00	0.00e+00	0.00e+00
 6.55377e+22	1.38e-05	1.61e-02	5.22e-01	3.90e-01	6.95e-02	2.44e-03	3.19e-05	1.67e-06	0.00e+00	0.00e+00	0.00e+00
 6.58485e+22	1.55e-05	1.73e-02	5.38e-01	3.79e-01	6.37e-02	2.14e-03	2.72e-05	1.38e-06	0.00e+00	0.00e+00	0.00e+00
 6.61753e+22	1.80e-05	1.90e-02	5.58e-01	3.64e-01	5.70e-02	1.80e-03	2.23e-05	1.09e-06	0.00e+00	0.00e+00	0.00e+00
 6.65068e+22	2.04e-05	2.05e-02	5.75e-01	3.51e-01	5.17e-02	1.56e-03	1.88e-05	8.81e-07	0.00e+00	0.00e+00	0.00e+00
 6.67961e+22	2.30e-05	2.21e-02	5.91e-01	3.38e-01	4.70e-02	1.35e-03	1.59e-05	7.21e-07	0.00e+00	0.00e+00	0.00e+00
 6.71237e+22	2.64e-05	2.40e-02	6.10e-01	3.23e-01	4.17e-02	1.13e-03	1.30e-05	5.63e-07	0.00e+00	0.00e+00	0.00e+00
 6.74620e+22	3.00e-05	2.59e-02	6.26e-01	3.09e-01	3.75e-02	9.64e-04	1.08e-05	4.49e-07	0.00e+00	0.00e+00	0.00e+00
 6.77653e+22	3.37e-05	2.78e-02	6.41e-01	2.96e-01	3.38e-02	8.29e-04	9.06e-06	3.63e-07	0.00e+00	0.00e+00	0.00e+00
 6.81107e+22	3.90e-05	3.04e-02	6.60e-01	2.80e-01	2.95e-02	6.81e-04	7.23e-06	2.76e-07	0.00e+00	0.00e+00	0.00e+00
 6.84638e+22	4.41e-05	3.26e-02	6.74e-01	2.66e-01	2.62e-02	5.76e-04	5.97e-06	2.18e-07	0.00e+00	0.00e+00	0.00e+00
 6.88268e+22	5.12e-05	3.56e-02	6.92e-01	2.49e-01	2.26e-02	4.66e-04	4.69e-06	1.62e-07	0.00e+00	0.00e+00	0.00e+00
 6.91960e+22	5.80e-05	3.83e-02	7.06e-01	2.36e-01	1.99e-02	3.90e-04	3.82e-06	1.26e-07	0.00e+00	0.00e+00	0.00e+00
 6.95733e+22	6.76e-05	4.18e-02	7.22e-01	2.19e-01	1.70e-02	3.11e-04	2.95e-06	0.00e+00	0.00e+00	0.00e+00	0.00e+00
 6.99582e+22	7.65e-05	4.48e-02	7.34e-01	2.06e-01	1.48e-02	2.58e-04	2.39e-06	0.00e+00	0.00e+00	0.00e+00	0.00e+00
 7.03528e+22	8.93e-05	4.89e-02	7.49e-01	1.89e-01	1.25e-02	2.03e-04	1.82e-06	0.00e+00	0.00e+00	0.00e+00	0.00e+00
 7.07546e+22	1.01e-04	5.25e-02	7.60e-01	1.77e-01	1.08e-02	1.66e-04	1.45e-06	0.00e+00	0.00e+00	0.00e+00	0.00e+00
 7.11658e+22	1.18e-04	5.72e-02	7.72e-01	1.61e-01	8.93e-03	1.29e-04	1.09e-06	0.00e+00	0.00e+00	0.00e+00	0.00e+00
 7.15829e+22	1.35e-04	6.15e-02	7.81e-01	1.49e-01	7.64e-03	1.05e-04	8.54e-07	0.00e+00	0.00e+00	0.00e+00	0.00e+00
 7.20075e+22	1.58e-04	6.70e-02	7.91e-01	1.35e-01	6.26e-03	8.03e-05	6.31e-07	0.00e+00	0.00e+00	0.00e+00	0.00e+00
 7.24386e+22	1.80e-04	7.18e-02	7.98e-01	1.24e-01	5.31e-03	6.46e-05	4.92e-07	0.00e+00	0.00e+00	0.00e+00	0.00e+00
 7.28782e+22	2.11e-04	7.82e-02	8.06e-01	1.11e-01	4.29e-03	4.88e-05	3.57e-07	0.00e+00	0.00e+00	0.00e+00	0.00e+00
 7.33262e+22	2.40e-04	8.38e-02	8.10e-01	1.02e-01	3.60e-03	3.90e-05	2.75e-07	0.00e+00	0.00e+00	0.00e+00	0.00e+00
 7.37851e+22	2.84e-04	9.15e-02	8.15e-01	9.01e-02	2.86e-03	2.89e-05	1.95e-07	0.00e+00	0.00e+00	0.00e+00	0.00e+00
 7.42513e+22	3.25e-04	9.81e-02	8.18e-01	8.17e-02	2.37e-03	2.28e-05	1.48e-07	0.00e+00	0.00e+00	0.00e+00	0.00e+00
 7.47268e+22	3.86e-04	1.07e-01	8.19e-01	7.15e-02	1.85e-03	1.67e-05	0.00e+00	0.00e+00	0.00e+00	0.00e+00	0.00e+00
 7.52155e+22	4.43e-04	1.15e-01	8.19e-01	6.40e-02	1.52e-03	1.30e-05	0.00e+00	0.00e+00	0.00e+00	0.00e+00	0.00e+00
 7.57214e+22	5.33e-04	1.26e-01	8.17e-01	5.51e-02	1.16e-03	9.23e-06	0.00e+00	0.00e+00	0.00e+00	0.00e+00	0.00e+00
 7.62408e+22	6.15e-04	1.35e-01	8.14e-01	4.88e-02	9.34e-04	7.07e-06	0.00e+00	0.00e+00	0.00e+00	0.00e+00	0.00e+00
 7.67779e+22	7.48e-04	1.49e-01	8.08e-01	4.12e-02	6.95e-04	4.91e-06	0.00e+00	0.00e+00	0.00e+00	0.00e+00	0.00e+00
 7.73336e+22	8.77e-04	1.61e-01	8.02e-01	3.57e-02	5.46e-04	3.64e-06	0.00e+00	0.00e+00	0.00e+00	0.00e+00	0.00e+00
 7.79133e+22	1.08e-03	1.78e-01	7.92e-01	2.94e-02	3.94e-04	2.44e-06	0.00e+00	0.00e+00	0.00e+00	0.00e+00	0.00e+00
 7.85190e+22	1.29e-03	1.93e-01	7.80e-01	2.48e-02	2.99e-04	1.74e-06	0.00e+00	0.00e+00	0.00e+00	0.00e+00	0.00e+00
 7.91429e+22	1.62e-03	2.14e-01	7.65e-01	1.98e-02	2.10e-04	1.12e-06	0.00e+00	0.00e+00	0.00e+00	0.00e+00	0.00e+00
 7.96836e+22	1.85e-03	2.27e-01	7.53e-01	1.74e-02	1.71e-04	8.73e-07	0.00e+00	0.00e+00	0.00e+00	0.00e+00	0.00e+00
 8.01315e+22	2.17e-03	2.44e-01	7.39e-01	1.46e-02	1.32e-04	6.27e-07	0.00e+00	0.00e+00	0.00e+00	0.00e+00	0.00e+00
 8.06054e+22	2.53e-03	2.61e-01	7.24e-01	1.24e-02	1.03e-04	4.61e-07	0.00e+00	0.00e+00	0.00e+00	0.00e+00	0.00e+00
 8.11129e+22	3.06e-03	2.82e-01	7.05e-01	9.93e-03	7.54e-05	3.08e-07	0.00e+00	0.00e+00	0.00e+00	0.00e+00	0.00e+00
 8.16298e+22	3.60e-03	3.02e-01	6.87e-01	8.18e-03	5.79e-05	2.18e-07	0.00e+00	0.00e+00	0.00e+00	0.00e+00	0.00e+00
 8.21588e+22	4.41e-03	3.27e-01	6.63e-01	6.32e-03	4.10e-05	1.37e-07	0.00e+00	0.00e+00	0.00e+00	0.00e+00	0.00e+00
 8.26475e+22	5.09e-03	3.45e-01	6.45e-01	5.21e-03	3.22e-05	0.00e+00	0.00e+00	0.00e+00	0.00e+00	0.00e+00	0.00e+00
 8.30154e+22	5.79e-03	3.62e-01	6.28e-01	4.34e-03	2.57e-05	0.00e+00	0.00e+00	0.00e+00	0.00e+00	0.00e+00	0.00e+00
 8.34254e+22	6.80e-03	3.83e-01	6.07e-01	3.42e-03	1.92e-05	0.00e+00	0.00e+00	0.00e+00	0.00e+00	0.00e+00	0.00e+00
 8.38606e+22	7.90e-03	4.03e-01	5.87e-01	2.67e-03	1.45e-05	0.00e+00	0.00e+00	0.00e+00	0.00e+00	0.00e+00	0.00e+00
 8.42585e+22	9.12e-03	4.21e-01	5.68e-01	2.08e-03	1.10e-05	0.00e+00	0.00e+00	0.00e+00	0.00e+00	0.00e+00	0.00e+00
 8.46394e+22	1.05e-02	4.39e-01	5.49e-01	1.60e-03	8.27e-06	0.00e+00	0.00e+00	0.00e+00	0.00e+00	0.00e+00	0.00e+00
 8.49992e+22	1.19e-02	4.54e-01	5.33e-01	1.23e-03	6.26e-06	0.00e+00	0.00e+00	0.00e+00	0.00e+00	0.00e+00	0.00e+00
 8.53307e+22	1.34e-02	4.68e-01	5.18e-01	9.41e-04	4.77e-06	0.00e+00	0.00e+00	0.00e+00	0.00e+00	0.00e+00	0.00e+00
 8.56331e+22	1.50e-02	4.79e-01	5.05e-01	7.23e-04	3.67e-06	0.00e+00	0.00e+00	0.00e+00	0.00e+00	0.00e+00	0.00e+00
 8.59082e+22	1.66e-02	4.88e-01	4.95e-01	5.59e-04	2.86e-06	0.00e+00	0.00e+00	0.00e+00	0.00e+00	0.00e+00	0.00e+00
 8.61588e+22	1.82e-02	4.95e-01	4.87e-01	4.37e-04	2.26e-06	0.00e+00	0.00e+00	0.00e+00	0.00e+00	0.00e+00	0.00e+00
 8.63870e+22	1.98e-02	5.00e-01	4.80e-01	3.45e-04	1.81e-06	0.00e+00	0.00e+00	0.00e+00	0.00e+00	0.00e+00	0.00e+00
 8.65945e+22	2.13e-02	5.03e-01	4.76e-01	2.77e-04	1.47e-06	0.00e+00	0.00e+00	0.00e+00	0.00e+00	0.00e+00	0.00e+00
 8.67257e+22	2.20e-02	5.02e-01	4.76e-01	2.46e-04	1.32e-06	0.00e+00	0.00e+00	0.00e+00	0.00e+00	0.00e+00	0.00e+00
 8.67758e+22	2.24e-02	5.02e-01	4.76e-01	2.34e-04	1.26e-06	0.00e+00	0.00e+00	0.00e+00	0.00e+00	0.00e+00	0.00e+00
 8.68157e+22	2.27e-02	5.02e-01	4.75e-01	2.24e-04	1.21e-06	0.00e+00	0.00e+00	0.00e+00	0.00e+00	0.00e+00	0.00e+00
 8.68666e+22	2.32e-02	5.02e-01	4.74e-01	2.12e-04	1.15e-06	0.00e+00	0.00e+00	0.00e+00	0.00e+00	0.00e+00	0.00e+00
 8.69281e+22	2.38e-02	5.03e-01	4.73e-01	1.98e-04	1.08e-06	0.00e+00	0.00e+00	0.00e+00	0.00e+00	0.00e+00	0.00e+00
 8.69910e+22	2.43e-02	5.03e-01	4.73e-01	1.86e-04	1.02e-06	0.00e+00	0.00e+00	0.00e+00	0.00e+00	0.00e+00	0.00e+00
 8.70508e+22	2.49e-02	5.03e-01	4.72e-01	1.75e-04	9.64e-07	0.00e+00	0.00e+00	0.00e+00	0.00e+00	0.00e+00	0.00e+00
 8.71095e+22	2.53e-02	5.02e-01	4.73e-01	1.65e-04	9.16e-07	0.00e+00	0.00e+00	0.00e+00	0.00e+00	0.00e+00	0.00e+00
 8.71715e+22	2.59e-02	5.02e-01	4.72e-01	1.55e-04	8.65e-07	0.00e+00	0.00e+00	0.00e+00	0.00e+00	0.00e+00	0.00e+00
 8.72376e+22	2.65e-02	5.01e-01	4.72e-01	1.45e-04	8.16e-07	0.00e+00	0.00e+00	0.00e+00	0.00e+00	0.00e+00	0.00e+00
 8.73020e+22	2.71e-02	5.00e-01	4.72e-01	1.37e-04	7.73e-07	0.00e+00	0.00e+00	0.00e+00	0.00e+00	0.00e+00	0.00e+00
 8.73653e+22	2.78e-02	5.00e-01	4.72e-01	1.29e-04	7.32e-07	0.00e+00	0.00e+00	0.00e+00	0.00e+00	0.00e+00	0.00e+00
 8.74300e+22	2.84e-02	4.98e-01	4.73e-01	1.21e-04	6.95e-07	0.00e+00	0.00e+00	0.00e+00	0.00e+00	0.00e+00	0.00e+00
 8.74980e+22	2.90e-02	4.97e-01	4.74e-01	1.14e-04	6.59e-07	0.00e+00	0.00e+00	0.00e+00	0.00e+00	0.00e+00	0.00e+00
 8.75698e+22	2.96e-02	4.95e-01	4.75e-01	1.07e-04	6.25e-07	0.00e+00	0.00e+00	0.00e+00	0.00e+00	0.00e+00	0.00e+00
 8.76446e+22	3.03e-02	4.94e-01	4.76e-01	1.01e-04	5.93e-07	0.00e+00	0.00e+00	0.00e+00	0.00e+00	0.00e+00	0.00e+00
 8.77195e+22	3.10e-02	4.92e-01	4.77e-01	9.52e-05	5.64e-07	0.00e+00	0.00e+00	0.00e+00	0.00e+00	0.00e+00	0.00e+00
 8.77783e+22	3.14e-02	4.90e-01	4.79e-01	9.15e-05	5.45e-07	0.00e+00	0.00e+00	0.00e+00	0.00e+00	0.00e+00	0.00e+00
 8.78169e+22	3.17e-02	4.89e-01	4.79e-01	8.91e-05	5.33e-07	0.00e+00	0.00e+00	0.00e+00	0.00e+00	0.00e+00	0.00e+00
 8.78536e+22	3.21e-02	4.88e-01	4.80e-01	8.66e-05	5.20e-07	0.00e+00	0.00e+00	0.00e+00	0.00e+00	0.00e+00	0.00e+00
 8.78972e+22	3.25e-02	4.87e-01	4.81e-01	8.40e-05	5.08e-07	0.00e+00	0.00e+00	0.00e+00	0.00e+00	0.00e+00	0.00e+00
 8.79463e+22	3.30e-02	4.86e-01	4.81e-01	8.12e-05	4.93e-07	0.00e+00	0.00e+00	0.00e+00	0.00e+00	0.00e+00	0.00e+00
 8.79952e+22	3.35e-02	4.85e-01	4.82e-01	7.86e-05	4.80e-07	0.00e+00	0.00e+00	0.00e+00	0.00e+00	0.00e+00	0.00e+00
 8.80408e+22	3.38e-02	4.84e-01	4.82e-01	7.64e-05	4.69e-07	0.00e+00	0.00e+00	0.00e+00	0.00e+00	0.00e+00	0.00e+00
 8.80868e+22	3.43e-02	4.83e-01	4.83e-01	7.41e-05	4.58e-07	0.00e+00	0.00e+00	0.00e+00	0.00e+00	0.00e+00	0.00e+00
 8.81350e+22	3.49e-02	4.82e-01	4.83e-01	7.19e-05	4.47e-07	0.00e+00	0.00e+00	0.00e+00	0.00e+00	0.00e+00	0.00e+00
 8.81837e+22	3.54e-02	4.81e-01	4.83e-01	6.98e-05	4.37e-07	0.00e+00	0.00e+00	0.00e+00	0.00e+00	0.00e+00	0.00e+00
 8.82326e+22	3.59e-02	4.80e-01	4.84e-01	6.79e-05	4.27e-07	0.00e+00	0.00e+00	0.00e+00	0.00e+00	0.00e+00	0.00e+00
 8.82828e+22	3.65e-02	4.80e-01	4.84e-01	6.59e-05	4.17e-07	0.00e+00	0.00e+00	0.00e+00	0.00e+00	0.00e+00	0.00e+00
 8.83345e+22	3.70e-02	4.79e-01	4.84e-01	6.40e-05	4.08e-07	0.00e+00	0.00e+00	0.00e+00	0.00e+00	0.00e+00	0.00e+00
 8.83874e+22	3.77e-02	4.79e-01	4.84e-01	6.22e-05	3.99e-07	0.00e+00	0.00e+00	0.00e+00	0.00e+00	0.00e+00	0.00e+00
 8.84412e+22	3.84e-02	4.78e-01	4.83e-01	6.04e-05	3.90e-07	0.00e+00	0.00e+00	0.00e+00	0.00e+00	0.00e+00	0.00e+00
 8.84953e+22	3.91e-02	4.78e-01	4.83e-01	5.87e-05	3.82e-07	0.00e+00	0.00e+00	0.00e+00	0.00e+00	0.00e+00	0.00e+00
 8.85506e+22	3.98e-02	4.78e-01	4.82e-01	5.70e-05	3.73e-07	0.00e+00	0.00e+00	0.00e+00	0.00e+00	0.00e+00	0.00e+00
 8.86082e+22	4.06e-02	4.78e-01	4.81e-01	5.54e-05	3.65e-07	0.00e+00	0.00e+00	0.00e+00	0.00e+00	0.00e+00	0.00e+00
 8.86675e+22	4.15e-02	4.79e-01	4.80e-01	5.37e-05	3.57e-07	0.00e+00	0.00e+00	0.00e+00	0.00e+00	0.00e+00	0.00e+00
 8.87276e+22	4.24e-02	4.79e-01	4.79e-01	5.22e-05	3.49e-07	0.00e+00	0.00e+00	0.00e+00	0.00e+00	0.00e+00	0.00e+00
 8.87890e+22	4.34e-02	4.79e-01	4.77e-01	5.06e-05	3.41e-07	0.00e+00	0.00e+00	0.00e+00	0.00e+00	0.00e+00	0.00e+00
 8.88529e+22	4.45e-02	4.80e-01	4.75e-01	4.91e-05	3.34e-07	0.00e+00	0.00e+00	0.00e+00	0.00e+00	0.00e+00	0.00e+00
 8.89183e+22	4.56e-02	4.81e-01	4.73e-01	4.76e-05	3.26e-07	0.00e+00	0.00e+00	0.00e+00	0.00e+00	0.00e+00	0.00e+00
 8.89852e+22	4.68e-02	4.82e-01	4.71e-01	4.61e-05	3.19e-07	0.00e+00	0.00e+00	0.00e+00	0.00e+00	0.00e+00	0.00e+00
 8.90544e+22	4.81e-02	4.84e-01	4.68e-01	4.47e-05	3.11e-07	0.00e+00	0.00e+00	0.00e+00	0.00e+00	0.00e+00	0.00e+00
 8.91251e+22	4.95e-02	4.85e-01	4.66e-01	4.33e-05	3.04e-07	0.00e+00	0.00e+00	0.00e+00	0.00e+00	0.00e+00	0.00e+00
 8.91975e+22	5.09e-02	4.87e-01	4.62e-01	4.18e-05	2.97e-07	0.00e+00	0.00e+00	0.00e+00	0.00e+00	0.00e+00	0.00e+00
 8.92725e+22	5.25e-02	4.89e-01	4.59e-01	4.05e-05	2.89e-07	0.00e+00	0.00e+00	0.00e+00	0.00e+00	0.00e+00	0.00e+00
 8.93498e+22	5.42e-02	4.90e-01	4.55e-01	3.91e-05	2.82e-07	0.00e+00	0.00e+00	0.00e+00	0.00e+00	0.00e+00	0.00e+00
 8.94281e+22	5.59e-02	4.93e-01	4.52e-01	3.78e-05	2.75e-07	0.00e+00	0.00e+00	0.00e+00	0.00e+00	0.00e+00	0.00e+00
 8.95076e+22	5.78e-02	4.95e-01	4.47e-01	3.65e-05	2.68e-07	0.00e+00	0.00e+00	0.00e+00	0.00e+00	0.00e+00	0.00e+00
 8.95897e+22	5.99e-02	4.98e-01	4.42e-01	3.52e-05	2.61e-07	0.00e+00	0.00e+00	0.00e+00	0.00e+00	0.00e+00	0.00e+00
 8.96741e+22	6.20e-02	5.00e-01	4.38e-01	3.39e-05	2.54e-07	0.00e+00	0.00e+00	0.00e+00	0.00e+00	0.00e+00	0.00e+00
 8.97582e+22	6.42e-02	5.03e-01	4.33e-01	3.28e-05	2.47e-07	0.00e+00	0.00e+00	0.00e+00	0.00e+00	0.00e+00	0.00e+00
 8.98418e+22	6.66e-02	5.06e-01	4.27e-01	3.16e-05	2.40e-07	0.00e+00	0.00e+00	0.00e+00	0.00e+00	0.00e+00	0.00e+00
 8.99281e+22	6.91e-02	5.09e-01	4.22e-01	3.05e-05	2.34e-07	0.00e+00	0.00e+00	0.00e+00	0.00e+00	0.00e+00	0.00e+00
 9.00170e+22	7.16e-02	5.12e-01	4.16e-01	2.94e-05	2.27e-07	0.00e+00	0.00e+00	0.00e+00	0.00e+00	0.00e+00	0.00e+00
 9.01063e+22	7.43e-02	5.15e-01	4.10e-01	2.83e-05	2.20e-07	0.00e+00	0.00e+00	0.00e+00	0.00e+00	0.00e+00	0.00e+00
 9.01960e+22	7.71e-02	5.18e-01	4.04e-01	2.73e-05	2.14e-07	0.00e+00	0.00e+00	0.00e+00	0.00e+00	0.00e+00	0.00e+00
 9.02888e+22	8.03e-02	5.22e-01	3.98e-01	2.62e-05	2.07e-07	0.00e+00	0.00e+00	0.00e+00	0.00e+00	0.00e+00	0.00e+00
 9.03846e+22	8.36e-02	5.25e-01	3.91e-01	2.52e-05	2.00e-07	0.00e+00	0.00e+00	0.00e+00	0.00e+00	0.00e+00	0.00e+00
 9.04812e+22	8.71e-02	5.29e-01	3.84e-01	2.42e-05	1.94e-07	0.00e+00	0.00e+00	0.00e+00	0.00e+00	0.00e+00	0.00e+00
 9.05789e+22	9.09e-02	5.32e-01	3.77e-01	2.32e-05	1.87e-07	0.00e+00	0.00e+00	0.00e+00	0.00e+00	0.00e+00	0.00e+00
 9.06797e+22	9.50e-02	5.36e-01	3.69e-01	2.23e-05	1.80e-07	0.00e+00	0.00e+00	0.00e+00	0.00e+00	0.00e+00	0.00e+00
 9.07831e+22	9.94e-02	5.40e-01	3.61e-01	2.13e-05	1.73e-07	0.00e+00	0.00e+00	0.00e+00	0.00e+00	0.00e+00	0.00e+00
 9.08841e+22	1.04e-01	5.43e-01	3.53e-01	2.04e-05	1.66e-07	0.00e+00	0.00e+00	0.00e+00	0.00e+00	0.00e+00	0.00e+00
 9.09789e+22	1.08e-01	5.46e-01	3.46e-01	1.93e-05	1.60e-07	0.00e+00	0.00e+00	0.00e+00	0.00e+00	0.00e+00	0.00e+00
 9.10661e+22	1.13e-01	5.49e-01	3.38e-01	1.84e-05	1.54e-07	0.00e+00	0.00e+00	0.00e+00	0.00e+00	0.00e+00	0.00e+00
 9.11475e+22	1.17e-01	5.52e-01	3.31e-01	1.75e-05	1.49e-07	0.00e+00	0.00e+00	0.00e+00	0.00e+00	0.00e+00	0.00e+00
 9.12228e+22	1.21e-01	5.54e-01	3.25e-01	1.68e-05	1.44e-07	0.00e+00	0.00e+00	0.00e+00	0.00e+00	0.00e+00	0.00e+00
 9.12959e+22	1.26e-01	5.56e-01	3.18e-01	1.60e-05	1.39e-07	0.00e+00	0.00e+00	0.00e+00	0.00e+00	0.00e+00	0.00e+00
 9.13692e+22	1.30e-01	5.58e-01	3.12e-01	1.53e-05	1.34e-07	0.00e+00	0.00e+00	0.00e+00	0.00e+00	0.00e+00	0.00e+00
 9.14413e+22	1.35e-01	5.60e-01	3.05e-01	1.46e-05	1.29e-07	0.00e+00	0.00e+00	0.00e+00	0.00e+00	0.00e+00	0.00e+00
