#depth	Ar	Ar+	Ar+2	Ar+3	Ar+4	Ar+5	Ar+6	Ar+7	Ar+8	Ar+9	Ar+10	Ar+11	Ar+12	Ar+13	Ar+14	Ar+15	Ar+16	Ar+17	Ar+18
 4.62852e+21	0.00e+00	0.00e+00	1.06e-26	1.95e-23	2.13e-20	9.11e-18	2.27e-15	6.53e-13	4.05e-10	3.34e-08	1.34e-06	2.58e-05	3.44e-04	2.31e-03	9.75e-03	4.42e-02	3.59e-01	4.21e-01	1.63e-01
 1.04811e+22	0.00e+00	1.25e-29	3.82e-24	4.78e-21	3.35e-18	8.92e-16	1.37e-13	2.38e-11	1.19e-08	7.40e-07	2.13e-05	2.81e-04	2.57e-03	1.12e-02	2.97e-02	8.48e-02	4.51e-01	3.37e-01	8.33e-02
 1.23173e+22	0.00e+00	3.03e-28	7.88e-23	7.97e-20	4.35e-17	8.92e-15	1.04e-12	1.37e-10	6.41e-08	3.50e-06	8.55e-05	9.24e-04	6.96e-03	2.42e-02	4.99e-02	1.11e-01	4.73e-01	2.79e-01	5.45e-02
 1.32353e+22	0.00e+00	1.55e-27	3.71e-22	3.34e-19	1.60e-16	2.84e-14	2.86e-12	3.26e-10	1.49e-07	7.65e-06	1.72e-04	1.68e-03	1.14e-02	3.52e-02	6.37e-02	1.24e-01	4.74e-01	2.47e-01	4.26e-02
 1.36179e+22	0.00e+00	2.33e-27	5.47e-22	4.78e-19	2.21e-16	3.79e-14	3.67e-12	4.03e-10	1.83e-07	9.29e-06	2.04e-04	1.94e-03	1.29e-02	3.85e-02	6.75e-02	1.27e-01	4.73e-01	2.39e-01	4.00e-02
 1.37541e+22	0.00e+00	3.26e-27	7.53e-22	6.42e-19	2.89e-16	4.80e-14	4.50e-12	4.78e-10	2.17e-07	1.09e-05	2.36e-04	2.19e-03	1.42e-02	4.15e-02	7.07e-02	1.30e-01	4.71e-01	2.32e-01	3.78e-02
 1.38668e+22	0.00e+00	4.41e-27	1.00e-21	8.36e-19	3.66e-16	5.92e-14	5.39e-12	5.57e-10	2.52e-07	1.25e-05	2.68e-04	2.44e-03	1.55e-02	4.43e-02	7.37e-02	1.32e-01	4.70e-01	2.26e-01	3.60e-02
 1.39884e+22	0.00e+00	6.30e-27	1.41e-21	1.14e-18	4.85e-16	7.60e-14	6.69e-12	6.68e-10	3.02e-07	1.48e-05	3.11e-04	2.77e-03	1.72e-02	4.79e-02	7.74e-02	1.35e-01	4.67e-01	2.18e-01	3.39e-02
 1.41149e+22	0.00e+00	8.70e-27	1.92e-21	1.52e-18	6.26e-16	9.51e-14	8.11e-12	7.85e-10	3.54e-07	1.72e-05	3.56e-04	3.10e-03	1.89e-02	5.13e-02	8.08e-02	1.37e-01	4.65e-01	2.12e-01	3.21e-02
 1.42269e+22	0.00e+00	1.18e-26	2.57e-21	1.98e-18	7.96e-16	1.17e-13	9.72e-12	9.14e-10	4.12e-07	1.99e-05	4.04e-04	3.46e-03	2.07e-02	5.48e-02	8.41e-02	1.39e-01	4.62e-01	2.05e-01	3.04e-02
 1.43519e+22	3.99e-33	1.73e-26	3.68e-21	2.76e-18	1.07e-15	1.53e-13	1.22e-11	1.10e-09	4.98e-07	2.37e-05	4.73e-04	3.95e-03	2.31e-02	5.93e-02	8.82e-02	1.42e-01	4.57e-01	1.98e-01	2.84e-02
 1.44791e+22	5.65e-33	2.41e-26	5.05e-21	3.69e-18	1.39e-15	1.92e-13	1.48e-11	1.29e-09	5.85e-07	2.76e-05	5.42e-04	4.43e-03	2.53e-02	6.35e-02	9.19e-02	1.43e-01	4.53e-01	1.91e-01	2.67e-02
 1.45822e+22	7.51e-33	3.16e-26	6.54e-21	4.67e-18	1.72e-15	2.30e-13	1.73e-11	1.47e-09	6.67e-07	3.12e-05	6.05e-04	4.86e-03	2.73e-02	6.71e-02	9.50e-02	1.45e-01	4.49e-01	1.85e-01	2.54e-02
 1.46897e+22	1.07e-32	4.43e-26	9.03e-21	6.27e-18	2.23e-15	2.90e-13	2.10e-11	1.73e-09	7.86e-07	3.65e-05	6.94e-04	5.46e-03	3.00e-02	7.19e-02	9.88e-02	1.47e-01	4.44e-01	1.78e-01	2.38e-02
 1.48003e+22	1.44e-32	5.88e-26	1.18e-20	8.01e-18	2.78e-15	3.51e-13	2.47e-11	1.98e-09	9.01e-07	4.14e-05	7.78e-04	6.00e-03	3.24e-02	7.60e-02	1.02e-01	1.48e-01	4.40e-01	1.73e-01	2.25e-02
 1.49148e+22	2.14e-32	8.59e-26	1.70e-20	1.11e-17	3.73e-15	4.53e-13	3.06e-11	2.36e-09	1.08e-06	4.91e-05	9.07e-04	6.82e-03	3.60e-02	8.18e-02	1.06e-01	1.49e-01	4.33e-01	1.65e-01	2.09e-02
 1.50273e+22	2.86e-32	1.13e-25	2.21e-20	1.41e-17	4.61e-15	5.46e-13	3.58e-11	2.69e-09	1.23e-06	5.56e-05	1.01e-03	7.48e-03	3.87e-02	8.62e-02	1.10e-01	1.50e-01	4.27e-01	1.59e-01	1.98e-02
 1.51371e+22	4.30e-32	1.67e-25	3.19e-20	1.97e-17	6.20e-15	7.03e-13	4.42e-11	3.18e-09	1.47e-06	6.60e-05	1.18e-03	8.50e-03	4.30e-02	9.28e-02	1.14e-01	1.52e-01	4.19e-01	1.51e-01	1.82e-02
 1.52453e+22	5.70e-32	2.18e-25	4.13e-20	2.49e-17	7.62e-15	8.41e-13	5.13e-11	3.60e-09	1.67e-06	7.44e-05	1.31e-03	9.29e-03	4.61e-02	9.75e-02	1.17e-01	1.52e-01	4.13e-01	1.46e-01	1.72e-02
 1.53515e+22	8.29e-32	3.12e-25	5.80e-20	3.39e-17	1.00e-14	1.06e-12	6.24e-11	4.21e-09	1.97e-06	8.69e-05	1.51e-03	1.04e-02	5.06e-02	1.04e-01	1.21e-01	1.53e-01	4.05e-01	1.39e-01	1.59e-02
 1.54612e+22	1.15e-31	4.25e-25	7.79e-20	4.43e-17	1.27e-14	1.30e-12	7.37e-11	4.81e-09	2.26e-06	9.94e-05	1.70e-03	1.15e-02	5.47e-02	1.10e-01	1.25e-01	1.53e-01	3.97e-01	1.33e-01	1.48e-02
 1.55604e+22	1.58e-31	5.77e-25	1.04e-19	5.76e-17	1.59e-14	1.59e-12	8.67e-11	5.48e-09	2.60e-06	1.13e-04	1.91e-03	1.27e-02	5.91e-02	1.16e-01	1.28e-01	1.53e-01	3.89e-01	1.27e-01	1.38e-02
 1.56561e+22	2.12e-31	7.67e-25	1.37e-19	7.35e-17	1.98e-14	1.91e-12	1.01e-10	6.18e-09	2.95e-06	1.28e-04	2.13e-03	1.39e-02	6.34e-02	1.21e-01	1.31e-01	1.53e-01	3.81e-01	1.21e-01	1.29e-02
 1.57625e+22	3.16e-31	1.12e-24	1.96e-19	1.02e-16	2.62e-14	2.43e-12	1.23e-10	7.22e-09	3.49e-06	1.50e-04	2.45e-03	1.56e-02	6.96e-02	1.29e-01	1.35e-01	1.52e-01	3.70e-01	1.14e-01	1.18e-02
 1.58688e+22	4.30e-31	1.50e-24	2.60e-19	1.31e-16	3.27e-14	2.93e-12	1.43e-10	8.14e-09	3.97e-06	1.70e-04	2.74e-03	1.71e-02	7.46e-02	1.35e-01	1.38e-01	1.52e-01	3.61e-01	1.09e-01	1.10e-02
 1.59749e+22	6.50e-31	2.23e-24	3.79e-19	1.83e-16	4.39e-14	3.75e-12	1.75e-10	9.50e-09	4.70e-06	2.00e-04	3.17e-03	1.92e-02	8.19e-02	1.44e-01	1.42e-01	1.50e-01	3.48e-01	1.02e-01	9.93e-03
 1.60772e+22	8.51e-31	2.89e-24	4.85e-19	2.28e-16	5.32e-14	4.41e-12	2.00e-10	1.06e-08	5.26e-06	2.23e-04	3.48e-03	2.07e-02	8.68e-02	1.49e-01	1.44e-01	1.49e-01	3.40e-01	9.71e-02	9.28e-03
 1.61744e+22	1.26e-30	4.22e-24	6.97e-19	3.15e-16	7.02e-14	5.57e-12	2.40e-10	1.22e-08	6.15e-06	2.59e-04	3.98e-03	2.31e-02	9.46e-02	1.58e-01	1.47e-01	1.48e-01	3.27e-01	9.05e-02	8.39e-03
 1.62710e+22	1.65e-30	5.45e-24	8.89e-19	3.91e-16	8.49e-14	6.54e-12	2.74e-10	1.35e-08	6.86e-06	2.88e-04	4.36e-03	2.49e-02	1.00e-01	1.63e-01	1.49e-01	1.46e-01	3.18e-01	8.62e-02	7.82e-03
 1.63671e+22	2.47e-30	8.00e-24	1.28e-18	5.41e-16	1.12e-13	8.24e-12	3.28e-10	1.54e-08	8.01e-06	3.34e-04	4.98e-03	2.77e-02	1.09e-01	1.72e-01	1.51e-01	1.44e-01	3.04e-01	7.98e-02	7.02e-03
 1.64633e+22	3.27e-30	1.05e-23	1.66e-18	6.80e-16	1.37e-13	9.73e-12	3.75e-10	1.71e-08	8.95e-06	3.72e-04	5.46e-03	2.99e-02	1.15e-01	1.78e-01	1.53e-01	1.42e-01	2.95e-01	7.55e-02	6.49e-03
 1.65597e+22	4.88e-30	1.54e-23	2.39e-18	9.38e-16	1.80e-13	1.22e-11	4.49e-10	1.96e-08	1.04e-05	4.30e-04	6.22e-03	3.31e-02	1.24e-01	1.86e-01	1.55e-01	1.39e-01	2.81e-01	6.96e-02	5.79e-03
 1.66578e+22	6.58e-30	2.04e-23	3.14e-18	1.19e-15	2.22e-13	1.46e-11	5.15e-10	2.17e-08	1.17e-05	4.79e-04	6.83e-03	3.57e-02	1.31e-01	1.92e-01	1.56e-01	1.36e-01	2.70e-01	6.54e-02	5.31e-03
 1.67580e+22	9.84e-30	3.01e-23	4.54e-18	1.65e-15	2.93e-13	1.83e-11	6.17e-10	2.49e-08	1.35e-05	5.53e-04	7.74e-03	3.94e-02	1.41e-01	2.00e-01	1.57e-01	1.33e-01	2.56e-01	6.00e-02	4.71e-03
 1.68575e+22	1.34e-29	4.04e-23	6.01e-18	2.11e-15	3.62e-13	2.18e-11	7.08e-10	2.76e-08	1.51e-05	6.16e-04	8.50e-03	4.24e-02	1.49e-01	2.06e-01	1.58e-01	1.30e-01	2.45e-01	5.60e-02	4.29e-03
 1.69561e+22	2.00e-29	5.93e-23	8.67e-18	2.91e-15	4.77e-13	2.74e-11	8.46e-10	3.15e-08	1.75e-05	7.08e-04	9.59e-03	4.66e-02	1.59e-01	2.14e-01	1.58e-01	1.26e-01	2.31e-01	5.10e-02	3.78e-03
 1.70564e+22	2.76e-29	8.06e-23	1.16e-17	3.76e-15	5.94e-13	3.29e-11	9.74e-10	3.49e-08	1.95e-05	7.89e-04	1.05e-02	5.02e-02	1.68e-01	2.20e-01	1.58e-01	1.22e-01	2.20e-01	4.72e-02	3.41e-03
 1.71588e+22	4.20e-29	1.21e-22	1.71e-17	5.26e-15	7.91e-13	4.16e-11	1.17e-09	4.00e-08	2.26e-05	9.06e-04	1.19e-02	5.50e-02	1.79e-01	2.27e-01	1.57e-01	1.18e-01	2.06e-01	4.26e-02	2.97e-03
 1.72619e+22	5.82e-29	1.65e-22	2.29e-17	6.81e-15	9.86e-13	4.99e-11	1.35e-09	4.44e-08	2.52e-05	1.01e-03	1.30e-02	5.90e-02	1.88e-01	2.32e-01	1.56e-01	1.14e-01	1.95e-01	3.92e-02	2.66e-03
 1.73658e+22	8.93e-29	2.48e-22	3.39e-17	9.56e-15	1.32e-12	6.34e-11	1.62e-09	5.09e-08	2.90e-05	1.15e-03	1.46e-02	6.44e-02	1.99e-01	2.38e-01	1.55e-01	1.09e-01	1.81e-01	3.51e-02	2.29e-03
 1.74705e+22	1.24e-28	3.39e-22	4.56e-17	1.24e-14	1.64e-12	7.61e-11	1.87e-09	5.66e-08	3.23e-05	1.28e-03	1.59e-02	6.88e-02	2.08e-01	2.42e-01	1.54e-01	1.05e-01	1.71e-01	3.22e-02	2.04e-03
 1.75612e+22	1.71e-28	4.61e-22	6.12e-17	1.60e-14	2.05e-12	9.11e-11	2.15e-09	6.28e-08	3.58e-05	1.41e-03	1.73e-02	7.32e-02	2.17e-01	2.46e-01	1.52e-01	1.01e-01	1.61e-01	2.95e-02	1.82e-03
 1.76644e+22	2.62e-28	6.92e-22	9.00e-17	2.24e-14	2.72e-12	1.15e-10	2.58e-09	7.19e-08	4.08e-05	1.60e-03	1.92e-02	7.92e-02	2.28e-01	2.51e-01	1.49e-01	9.59e-02	1.48e-01	2.62e-02	1.56e-03
 1.77665e+22	3.53e-28	9.21e-22	1.18e-16	2.84e-14	3.33e-12	1.36e-10	2.95e-09	7.94e-08	4.49e-05	1.74e-03	2.07e-02	8.36e-02	2.36e-01	2.53e-01	1.47e-01	9.22e-02	1.40e-01	2.40e-02	1.40e-03
 1.78672e+22	5.24e-28	1.34e-21	1.69e-16	3.87e-14	4.35e-12	1.70e-10	3.51e-09	9.03e-08	5.06e-05	1.95e-03	2.27e-02	8.96e-02	2.46e-01	2.56e-01	1.44e-01	8.75e-02	1.29e-01	2.14e-02	1.20e-03
 1.79710e+22	7.25e-28	1.83e-21	2.26e-16	5.00e-14	5.41e-12	2.04e-10	4.04e-09	1.01e-07	5.58e-05	2.14e-03	2.45e-02	9.47e-02	2.55e-01	2.58e-01	1.41e-01	8.36e-02	1.21e-01	1.95e-02	1.06e-03
 1.80787e+22	1.11e-27	2.74e-21	3.32e-16	6.97e-14	7.19e-12	2.58e-10	4.87e-09	1.15e-07	6.31e-05	2.40e-03	2.69e-02	1.01e-01	2.65e-01	2.60e-01	1.37e-01	7.86e-02	1.10e-01	1.71e-02	8.99e-04
 1.81874e+22	1.51e-27	3.68e-21	4.38e-16	8.90e-14	8.87e-12	3.08e-10	5.60e-09	1.28e-07	6.92e-05	2.62e-03	2.88e-02	1.06e-01	2.72e-01	2.61e-01	1.34e-01	7.50e-02	1.03e-01	1.56e-02	7.95e-04
 1.82972e+22	2.26e-27	5.41e-21	6.31e-16	1.22e-13	1.17e-11	3.87e-10	6.71e-09	1.47e-07	7.79e-05	2.91e-03	3.14e-02	1.13e-01	2.82e-01	2.62e-01	1.30e-01	7.05e-02	9.41e-02	1.37e-02	6.75e-04
 1.84109e+22	3.16e-27	7.42e-21	8.51e-16	1.59e-13	1.46e-11	4.67e-10	7.80e-09	1.65e-07	8.58e-05	3.18e-03	3.37e-02	1.19e-01	2.89e-01	2.62e-01	1.27e-01	6.68e-02	8.72e-02	1.23e-02	5.89e-04
 1.85295e+22	4.82e-27	1.11e-20	1.24e-15	2.21e-13	1.94e-11	5.94e-10	9.44e-09	1.91e-07	9.68e-05	3.55e-03	3.68e-02	1.26e-01	2.98e-01	2.61e-01	1.22e-01	6.23e-02	7.90e-02	1.07e-02	4.94e-04
 1.86495e+22	6.68e-27	1.51e-20	1.66e-15	2.85e-13	2.42e-11	7.16e-10	1.10e-08	2.15e-07	1.06e-04	3.86e-03	3.93e-02	1.32e-01	3.04e-01	2.60e-01	1.18e-01	5.89e-02	7.31e-02	9.63e-03	4.31e-04
 1.87715e+22	1.02e-26	2.25e-20	2.42e-15	3.96e-13	3.22e-11	9.09e-10	1.33e-08	2.49e-07	1.20e-04	4.29e-03	4.26e-02	1.39e-01	3.12e-01	2.58e-01	1.14e-01	5.48e-02	6.60e-02	8.37e-03	3.60e-04
 1.88944e+22	1.40e-26	3.04e-20	3.21e-15	5.07e-13	3.99e-11	1.09e-09	1.54e-08	2.79e-07	1.31e-04	4.64e-03	4.53e-02	1.45e-01	3.18e-01	2.56e-01	1.10e-01	5.17e-02	6.10e-02	7.51e-03	3.14e-04
 1.90183e+22	2.10e-26	4.47e-20	4.62e-15	6.97e-13	5.26e-11	1.38e-09	1.86e-08	3.24e-07	1.47e-04	5.14e-03	4.90e-02	1.53e-01	3.25e-01	2.53e-01	1.05e-01	4.80e-02	5.49e-02	6.51e-03	2.62e-04
 1.91384e+22	2.77e-26	5.81e-20	5.90e-15	8.65e-13	6.35e-11	1.62e-09	2.12e-08	3.59e-07	1.60e-04	5.50e-03	5.16e-02	1.58e-01	3.29e-01	2.51e-01	1.02e-01	4.55e-02	5.11e-02	5.91e-03	2.32e-04
 1.92536e+22	4.00e-26	8.22e-20	8.16e-15	1.15e-12	8.14e-11	2.00e-09	2.52e-08	4.11e-07	1.77e-04	6.01e-03	5.51e-02	1.65e-01	3.34e-01	2.48e-01	9.75e-02	4.24e-02	4.64e-02	5.18e-03	1.96e-04
 1.93715e+22	5.32e-26	1.07e-19	1.05e-14	1.44e-12	9.88e-11	2.36e-09	2.89e-08	4.57e-07	1.92e-04	6.44e-03	5.80e-02	1.70e-01	3.38e-01	2.45e-01	9.41e-02	4.01e-02	4.30e-02	4.67e-03	1.73e-04
 1.94931e+22	7.77e-26	1.53e-19	1.46e-14	1.92e-12	1.28e-10	2.94e-09	3.45e-08	5.26e-07	2.14e-04	7.05e-03	6.20e-02	1.77e-01	3.43e-01	2.41e-01	8.97e-02	3.72e-02	3.88e-02	4.06e-03	1.45e-04
 1.96163e+22	1.03e-25	1.99e-19	1.87e-14	2.39e-12	1.54e-10	3.46e-09	3.95e-08	5.85e-07	2.32e-04	7.54e-03	6.51e-02	1.83e-01	3.46e-01	2.37e-01	8.65e-02	3.51e-02	3.60e-02	3.67e-03	1.27e-04
 1.97414e+22	1.48e-25	2.81e-19	2.57e-14	3.17e-12	1.98e-10	4.28e-09	4.71e-08	6.73e-07	2.58e-04	8.22e-03	6.93e-02	1.90e-01	3.49e-01	2.33e-01	8.22e-02	3.25e-02	3.25e-02	3.19e-03	1.07e-04
 1.98656e+22	1.94e-25	3.63e-19	3.26e-14	3.91e-12	2.38e-10	5.02e-09	5.37e-08	7.47e-07	2.79e-04	8.76e-03	7.25e-02	1.95e-01	3.52e-01	2.29e-01	7.91e-02	3.07e-02	3.01e-02	2.88e-03	9.40e-05
 1.99885e+22	2.77e-25	5.06e-19	4.46e-14	5.14e-12	3.03e-10	6.18e-09	6.37e-08	8.55e-07	3.09e-04	9.52e-03	7.69e-02	2.02e-01	3.54e-01	2.24e-01	7.51e-02	2.84e-02	2.71e-02	2.51e-03	7.91e-05
 2.01125e+22	3.60e-25	6.46e-19	5.59e-14	6.29e-12	3.62e-10	7.21e-09	7.24e-08	9.47e-07	3.33e-04	1.01e-02	8.03e-02	2.07e-01	3.56e-01	2.20e-01	7.23e-02	2.68e-02	2.51e-02	2.26e-03	6.97e-05
 2.02382e+22	5.11e-25	8.98e-19	7.58e-14	8.24e-12	4.59e-10	8.85e-09	8.58e-08	1.09e-06	3.69e-04	1.10e-02	8.50e-02	2.13e-01	3.58e-01	2.15e-01	6.85e-02	2.48e-02	2.26e-02	1.97e-03	5.86e-05
 2.03663e+22	6.66e-25	1.15e-18	9.55e-14	1.01e-11	5.50e-10	1.04e-08	9.77e-08	1.21e-06	3.99e-04	1.17e-02	8.87e-02	2.18e-01	3.59e-01	2.10e-01	6.56e-02	2.33e-02	2.09e-02	1.77e-03	5.13e-05
 2.04976e+22	9.49e-25	1.60e-18	1.30e-13	1.33e-11	6.99e-10	1.27e-08	1.16e-07	1.38e-06	4.43e-04	1.27e-02	9.37e-02	2.25e-01	3.60e-01	2.05e-01	6.20e-02	2.15e-02	1.87e-02	1.53e-03	4.29e-05
 2.06312e+22	1.24e-24	2.06e-18	1.64e-13	1.63e-11	8.39e-10	1.49e-08	1.33e-07	1.54e-06	4.79e-04	1.35e-02	9.77e-02	2.30e-01	3.60e-01	2.00e-01	5.92e-02	2.01e-02	1.73e-02	1.37e-03	3.74e-05
 2.07679e+22	1.77e-24	2.87e-18	2.22e-13	2.14e-11	1.07e-09	1.84e-08	1.58e-07	1.77e-06	5.32e-04	1.46e-02	1.03e-01	2.37e-01	3.60e-01	1.94e-01	5.57e-02	1.85e-02	1.54e-02	1.19e-03	3.11e-05
 2.09072e+22	2.33e-24	3.70e-18	2.81e-13	2.64e-11	1.29e-09	2.17e-08	1.81e-07	1.98e-06	5.78e-04	1.55e-02	1.08e-01	2.42e-01	3.60e-01	1.89e-01	5.31e-02	1.73e-02	1.41e-02	1.06e-03	2.70e-05
 2.10498e+22	3.33e-24	5.16e-18	3.82e-13	3.47e-11	1.64e-09	2.68e-08	2.16e-07	2.28e-06	6.42e-04	1.68e-02	1.13e-01	2.48e-01	3.59e-01	1.83e-01	4.98e-02	1.58e-02	1.26e-02	9.08e-04	2.24e-05
 2.11891e+22	4.25e-24	6.47e-18	4.70e-13	4.18e-11	1.94e-09	3.10e-08	2.44e-07	2.52e-06	6.92e-04	1.78e-02	1.18e-01	2.53e-01	3.58e-01	1.78e-01	4.76e-02	1.48e-02	1.16e-02	8.19e-04	1.97e-05
 2.13243e+22	5.95e-24	8.85e-18	6.28e-13	5.41e-11	2.44e-09	3.78e-08	2.88e-07	2.88e-06	7.64e-04	1.92e-02	1.23e-01	2.59e-01	3.56e-01	1.72e-01	4.47e-02	1.36e-02	1.04e-02	7.07e-04	1.64e-05
 2.14616e+22	7.60e-24	1.11e-17	7.73e-13	6.52e-11	2.88e-09	4.38e-08	3.26e-07	3.19e-06	8.24e-04	2.03e-02	1.28e-01	2.63e-01	3.55e-01	1.68e-01	4.26e-02	1.28e-02	9.59e-03	6.35e-04	1.44e-05
 2.16016e+22	1.06e-23	1.51e-17	1.02e-12	8.39e-11	3.60e-09	5.32e-08	3.84e-07	3.64e-06	9.10e-04	2.18e-02	1.34e-01	2.69e-01	3.52e-01	1.62e-01	3.99e-02	1.17e-02	8.57e-03	5.49e-04	1.20e-05
 2.17460e+22	1.38e-23	1.93e-17	1.29e-12	1.03e-10	4.32e-09	6.24e-08	4.39e-07	4.06e-06	9.86e-04	2.32e-02	1.39e-01	2.73e-01	3.50e-01	1.57e-01	3.78e-02	1.09e-02	7.82e-03	4.87e-04	1.04e-05
 2.18961e+22	1.93e-23	2.63e-17	1.71e-12	1.33e-10	5.42e-09	7.61e-08	5.19e-07	4.65e-06	1.09e-03	2.49e-02	1.46e-01	2.78e-01	3.47e-01	1.51e-01	3.53e-02	9.94e-03	6.96e-03	4.19e-04	8.63e-06
 2.20510e+22	2.56e-23	3.42e-17	2.17e-12	1.64e-10	6.57e-09	9.01e-08	5.98e-07	5.22e-06	1.19e-03	2.65e-02	1.51e-01	2.83e-01	3.44e-01	1.45e-01	3.33e-02	9.19e-03	6.31e-03	3.68e-04	7.37e-06
 2.22123e+22	3.63e-23	4.72e-17	2.91e-12	2.14e-10	8.33e-09	1.11e-07	7.12e-07	6.02e-06	1.32e-03	2.86e-02	1.58e-01	2.88e-01	3.40e-01	1.39e-01	3.09e-02	8.33e-03	5.57e-03	3.14e-04	6.06e-06
 2.23780e+22	4.86e-23	6.18e-17	3.72e-12	2.67e-10	1.02e-08	1.32e-07	8.24e-07	6.78e-06	1.44e-03	3.05e-02	1.65e-01	2.92e-01	3.36e-01	1.34e-01	2.90e-02	7.66e-03	5.02e-03	2.74e-04	5.13e-06
 2.25495e+22	6.97e-23	8.61e-17	5.04e-12	3.51e-10	1.30e-08	1.63e-07	9.87e-07	7.86e-06	1.61e-03	3.29e-02	1.72e-01	2.97e-01	3.31e-01	1.27e-01	2.67e-02	6.90e-03	4.40e-03	2.31e-04	4.17e-06
 2.27265e+22	9.46e-23	1.14e-16	6.51e-12	4.42e-10	1.59e-08	1.96e-07	1.15e-06	8.90e-06	1.77e-03	3.52e-02	1.79e-01	3.01e-01	3.26e-01	1.22e-01	2.49e-02	6.31e-03	3.93e-03	2.00e-04	3.50e-06
 2.29110e+22	1.38e-22	1.61e-16	8.94e-12	5.88e-10	2.06e-08	2.45e-07	1.39e-06	1.04e-05	1.98e-03	3.81e-02	1.87e-01	3.05e-01	3.20e-01	1.15e-01	2.28e-02	5.64e-03	3.42e-03	1.67e-04	2.81e-06
 2.31005e+22	1.89e-22	2.16e-16	1.16e-11	7.47e-10	2.55e-08	2.95e-07	1.63e-06	1.18e-05	2.18e-03	4.07e-02	1.95e-01	3.09e-01	3.14e-01	1.10e-01	2.12e-02	5.12e-03	3.03e-03	1.43e-04	2.33e-06
 2.32708e+22	2.56e-22	2.85e-16	1.50e-11	9.38e-10	3.12e-08	3.53e-07	1.89e-06	1.34e-05	2.39e-03	4.34e-02	2.02e-01	3.12e-01	3.09e-01	1.05e-01	1.97e-02	4.67e-03	2.70e-03	1.24e-04	1.95e-06
 2.34666e+22	3.83e-22	4.13e-16	2.10e-11	1.27e-09	4.10e-08	4.48e-07	2.31e-06	1.57e-05	2.69e-03	4.71e-02	2.11e-01	3.15e-01	3.01e-01	9.83e-02	1.78e-02	4.11e-03	2.31e-03	1.01e-04	1.53e-06
 2.36635e+22	5.17e-22	5.43e-16	2.69e-11	1.59e-09	5.01e-08	5.34e-07	2.68e-06	1.78e-05	2.95e-03	5.01e-02	2.19e-01	3.17e-01	2.95e-01	9.36e-02	1.65e-02	3.74e-03	2.06e-03	8.73e-05	1.27e-06
 2.38620e+22	7.68e-22	7.81e-16	3.74e-11	2.14e-09	6.54e-08	6.74e-07	3.26e-06	2.09e-05	3.32e-03	5.43e-02	2.28e-01	3.20e-01	2.87e-01	8.74e-02	1.49e-02	3.29e-03	1.75e-03	7.14e-05	9.97e-07
 2.40647e+22	1.06e-21	1.05e-15	4.87e-11	2.72e-09	8.10e-08	8.13e-07	3.82e-06	2.38e-05	3.65e-03	5.78e-02	2.36e-01	3.22e-01	2.80e-01	8.27e-02	1.37e-02	2.97e-03	1.54e-03	6.06e-05	8.18e-07
 2.42729e+22	1.59e-21	1.52e-15	6.82e-11	3.68e-09	1.06e-07	1.03e-06	4.67e-06	2.80e-05	4.11e-03	6.27e-02	2.46e-01	3.24e-01	2.71e-01	7.68e-02	1.23e-02	2.59e-03	1.31e-03	4.90e-05	6.33e-07
 2.44843e+22	2.20e-21	2.05e-15	8.93e-11	4.70e-09	1.32e-07	1.25e-06	5.50e-06	3.20e-05	4.53e-03	6.68e-02	2.54e-01	3.25e-01	2.63e-01	7.22e-02	1.12e-02	2.32e-03	1.14e-03	4.12e-05	5.13e-07
 2.47000e+22	3.36e-21	3.01e-15	1.27e-10	6.43e-09	1.76e-07	1.61e-06	6.78e-06	3.80e-05	5.13e-03	7.25e-02	2.64e-01	3.25e-01	2.53e-01	6.65e-02	9.94e-03	2.00e-03	9.50e-04	3.28e-05	3.89e-07
 2.49167e+22	4.64e-21	4.04e-15	1.65e-10	8.17e-09	2.18e-07	1.94e-06	7.95e-06	4.33e-05	5.64e-03	7.71e-02	2.72e-01	3.26e-01	2.45e-01	6.23e-02	9.06e-03	1.79e-03	8.27e-04	2.75e-05	3.15e-07
 2.50965e+22	6.20e-21	5.26e-15	2.09e-10	1.01e-08	2.65e-07	2.30e-06	9.18e-06	4.88e-05	6.14e-03	8.14e-02	2.79e-01	3.25e-01	2.38e-01	5.87e-02	8.31e-03	1.61e-03	7.27e-04	2.34e-05	2.59e-07
 2.52922e+22	9.05e-21	7.44e-15	2.85e-10	1.34e-08	3.41e-07	2.88e-06	1.11e-05	5.70e-05	6.86e-03	8.74e-02	2.89e-01	3.25e-01	2.29e-01	5.41e-02	7.40e-03	1.40e-03	6.13e-04	1.88e-05	1.99e-07
 2.54871e+22	1.20e-20	9.62e-15	3.60e-10	1.65e-08	4.12e-07	3.40e-06	1.28e-05	6.40e-05	7.45e-03	9.21e-02	2.95e-01	3.24e-01	2.22e-01	5.09e-02	6.78e-03	1.26e-03	5.39e-04	1.60e-05	1.64e-07
 2.56810e+22	1.74e-20	1.35e-14	4.87e-10	2.17e-08	5.29e-07	4.25e-06	1.54e-05	7.47e-05	8.32e-03	9.86e-02	3.04e-01	3.22e-01	2.12e-01	4.68e-02	6.01e-03	1.09e-03	4.52e-04	1.28e-05	1.26e-07
 2.58774e+22	2.32e-20	1.75e-14	6.15e-10	2.69e-08	6.41e-07	5.04e-06	1.78e-05	8.41e-05	9.05e-03	1.04e-01	3.11e-01	3.20e-01	2.05e-01	4.37e-02	5.47e-03	9.76e-04	3.94e-04	1.08e-05	0.00e+00
 2.60771e+22	3.39e-20	2.47e-14	8.35e-10	3.54e-08	8.27e-07	6.32e-06	2.16e-05	9.87e-05	1.01e-02	1.11e-01	3.20e-01	3.18e-01	1.95e-01	3.99e-02	4.81e-03	8.38e-04	3.27e-04	8.55e-06	0.00e+00
 2.62793e+22	4.54e-20	3.21e-14	1.06e-09	4.39e-08	1.01e-06	7.53e-06	2.50e-05	1.12e-04	1.10e-02	1.17e-01	3.27e-01	3.15e-01	1.88e-01	3.71e-02	4.35e-03	7.44e-04	2.83e-04	7.13e-06	0.00e+00
 2.64846e+22	6.63e-20	4.53e-14	1.43e-09	5.80e-08	1.30e-06	9.48e-06	3.04e-05	1.31e-04	1.24e-02	1.26e-01	3.35e-01	3.11e-01	1.78e-01	3.36e-02	3.79e-03	6.33e-04	2.32e-04	5.58e-06	0.00e+00
 2.66940e+22	8.96e-20	5.95e-14	1.82e-09	7.23e-08	1.59e-06	1.14e-05	3.55e-05	1.50e-04	1.35e-02	1.33e-01	3.41e-01	3.08e-01	1.70e-01	3.09e-02	3.39e-03	5.56e-04	1.98e-04	4.57e-06	0.00e+00
 2.69085e+22	1.32e-19	8.43e-14	2.48e-09	9.60e-08	2.08e-06	1.45e-05	4.36e-05	1.78e-04	1.53e-02	1.42e-01	3.49e-01	3.02e-01	1.59e-01	2.77e-02	2.92e-03	4.66e-04	1.60e-04	3.50e-06	0.00e+00
 2.71273e+22	1.79e-19	1.11e-13	3.16e-09	1.20e-07	2.56e-06	1.75e-05	5.12e-05	2.04e-04	1.68e-02	1.50e-01	3.56e-01	2.98e-01	1.51e-01	2.53e-02	2.58e-03	4.05e-04	1.34e-04	2.82e-06	0.00e+00
 2.73515e+22	2.66e-19	1.58e-13	4.31e-09	1.60e-07	3.36e-06	2.24e-05	6.33e-05	2.44e-04	1.90e-02	1.61e-01	3.63e-01	2.91e-01	1.41e-01	2.24e-02	2.19e-03	3.35e-04	1.07e-04	2.11e-06	0.00e+00
 2.75777e+22	3.59e-19	2.07e-13	5.45e-09	2.00e-07	4.14e-06	2.71e-05	7.47e-05	2.81e-04	2.09e-02	1.70e-01	3.68e-01	2.85e-01	1.33e-01	2.03e-02	1.92e-03	2.88e-04	8.86e-05	1.68e-06	0.00e+00
 2.77678e+22	4.71e-19	2.63e-13	6.72e-09	2.43e-07	5.01e-06	3.23e-05	8.67e-05	3.20e-04	2.28e-02	1.78e-01	3.73e-01	2.80e-01	1.25e-01	1.85e-02	1.69e-03	2.50e-04	7.46e-05	1.36e-06	0.00e+00
 2.79739e+22	6.59e-19	3.54e-13	8.70e-09	3.11e-07	6.35e-06	4.03e-05	1.05e-04	3.77e-04	2.55e-02	1.90e-01	3.78e-01	2.72e-01	1.16e-01	1.63e-02	1.44e-03	2.08e-04	5.97e-05	1.03e-06	0.00e+00
 2.81815e+22	8.57e-19	4.47e-13	1.06e-08	3.78e-07	7.67e-06	4.79e-05	1.22e-04	4.30e-04	2.79e-02	1.99e-01	3.81e-01	2.66e-01	1.09e-01	1.48e-02	1.27e-03	1.79e-04	4.99e-05	8.25e-07	0.00e+00
 2.83848e+22	1.17e-18	5.86e-13	1.34e-08	4.74e-07	9.58e-06	5.90e-05	1.46e-04	5.04e-04	3.10e-02	2.10e-01	3.84e-01	2.58e-01	1.01e-01	1.31e-02	1.08e-03	1.49e-04	3.99e-05	6.28e-07	0.00e+00
 2.85921e+22	1.52e-18	7.37e-13	1.63e-08	5.74e-07	1.16e-05	7.06e-05	1.71e-04	5.78e-04	3.40e-02	2.21e-01	3.87e-01	2.50e-01	9.45e-02	1.17e-02	9.33e-04	1.27e-04	3.29e-05	4.94e-07	0.00e+00
 2.87952e+22	2.01e-18	9.42e-13	2.01e-08	7.07e-07	1.43e-05	8.59e-05	2.03e-04	6.74e-04	3.76e-02	2.32e-01	3.89e-01	2.42e-01	8.71e-02	1.03e-02	7.93e-04	1.06e-04	2.64e-05	3.77e-07	0.00e+00
 2.90027e+22	2.60e-18	1.18e-12	2.42e-08	8.55e-07	1.73e-05	1.03e-04	2.37e-04	7.77e-04	4.13e-02	2.44e-01	3.90e-01	2.34e-01	8.06e-02	9.15e-03	6.79e-04	8.91e-05	2.14e-05	2.92e-07	0.00e+00
 2.92077e+22	3.36e-18	1.47e-12	2.92e-08	1.04e-06	2.10e-05	1.24e-04	2.79e-04	9.01e-04	4.55e-02	2.56e-01	3.90e-01	2.25e-01	7.40e-02	8.05e-03	5.77e-04	7.42e-05	1.72e-05	2.23e-07	0.00e+00
 2.94138e+22	4.30e-18	1.82e-12	3.47e-08	1.24e-06	2.53e-05	1.49e-04	3.27e-04	1.04e-03	5.00e-02	2.67e-01	3.90e-01	2.16e-01	6.80e-02	7.09e-03	4.91e-04	6.19e-05	1.38e-05	1.71e-07	0.00e+00
 2.96174e+22	5.45e-18	2.22e-12	4.11e-08	1.49e-06	3.04e-05	1.77e-04	3.81e-04	1.20e-03	5.48e-02	2.79e-01	3.88e-01	2.07e-01	6.23e-02	6.23e-03	4.16e-04	5.15e-05	1.11e-05	1.31e-07	0.00e+00
 2.98207e+22	6.86e-18	2.70e-12	4.82e-08	1.76e-06	3.63e-05	2.10e-04	4.43e-04	1.38e-03	6.00e-02	2.91e-01	3.86e-01	1.98e-01	5.69e-02	5.46e-03	3.53e-04	4.28e-05	8.89e-06	0.00e+00	0.00e+00
 3.00243e+22	8.58e-18	3.27e-12	5.62e-08	2.09e-06	4.33e-05	2.49e-04	5.14e-04	1.58e-03	6.56e-02	3.03e-01	3.83e-01	1.89e-01	5.19e-02	4.77e-03	2.98e-04	3.55e-05	7.11e-06	0.00e+00	0.00e+00
 3.02286e+22	1.07e-17	3.93e-12	6.52e-08	2.46e-06	5.14e-05	2.95e-04	5.94e-04	1.82e-03	7.16e-02	3.15e-01	3.80e-01	1.79e-01	4.72e-02	4.17e-03	2.52e-04	2.94e-05	5.68e-06	0.00e+00	0.00e+00
 3.04341e+22	1.33e-17	4.71e-12	7.54e-08	2.89e-06	6.10e-05	3.48e-04	6.86e-04	2.08e-03	7.81e-02	3.26e-01	3.75e-01	1.70e-01	4.28e-02	3.63e-03	2.12e-04	2.43e-05	4.52e-06	0.00e+00	0.00e+00
 3.06413e+22	1.64e-17	5.62e-12	8.68e-08	3.40e-06	7.21e-05	4.09e-04	7.90e-04	2.39e-03	8.50e-02	3.38e-01	3.70e-01	1.61e-01	3.87e-02	3.15e-03	1.78e-04	2.00e-05	3.59e-06	0.00e+00	0.00e+00
 3.08510e+22	2.03e-17	6.70e-12	9.98e-08	3.98e-06	8.52e-05	4.81e-04	9.08e-04	2.73e-03	9.24e-02	3.49e-01	3.64e-01	1.52e-01	3.49e-02	2.72e-03	1.49e-04	1.64e-05	2.84e-06	0.00e+00	0.00e+00
 3.10617e+22	2.50e-17	7.97e-12	1.14e-07	4.65e-06	1.00e-04	5.63e-04	1.04e-03	3.11e-03	1.00e-01	3.60e-01	3.58e-01	1.43e-01	3.14e-02	2.36e-03	1.25e-04	1.34e-05	2.25e-06	0.00e+00	0.00e+00
 3.12758e+22	3.09e-17	9.49e-12	1.31e-07	5.45e-06	1.18e-04	6.60e-04	1.19e-03	3.56e-03	1.09e-01	3.71e-01	3.50e-01	1.35e-01	2.81e-02	2.03e-03	1.04e-04	1.09e-05	1.77e-06	0.00e+00	0.00e+00
 3.14922e+22	3.80e-17	1.13e-11	1.50e-07	6.36e-06	1.39e-04	7.69e-04	1.36e-03	4.05e-03	1.17e-01	3.81e-01	3.42e-01	1.26e-01	2.52e-02	1.75e-03	8.63e-05	8.94e-06	1.40e-06	0.00e+00	0.00e+00
 3.17129e+22	4.73e-17	1.35e-11	1.73e-07	7.47e-06	1.63e-04	9.01e-04	1.55e-03	4.62e-03	1.27e-01	3.91e-01	3.33e-01	1.18e-01	2.24e-02	1.49e-03	7.12e-05	7.22e-06	1.09e-06	0.00e+00	0.00e+00
 3.19375e+22	5.86e-17	1.61e-11	1.99e-07	8.74e-06	1.92e-04	1.05e-03	1.76e-03	5.25e-03	1.37e-01	4.00e-01	3.24e-01	1.10e-01	1.99e-02	1.28e-03	5.90e-05	5.85e-06	8.51e-07	0.00e+00	0.00e+00
 3.21435e+22	7.04e-17	1.87e-11	2.25e-07	9.98e-06	2.19e-04	1.19e-03	1.96e-03	5.83e-03	1.45e-01	4.07e-01	3.16e-01	1.03e-01	1.80e-02	1.12e-03	5.03e-05	4.90e-06	6.92e-07	0.00e+00	0.00e+00
 3.23588e+22	8.87e-17	2.27e-11	2.61e-07	1.18e-05	2.59e-04	1.39e-03	2.23e-03	6.65e-03	1.57e-01	4.15e-01	3.06e-01	9.54e-02	1.58e-02	9.43e-04	4.09e-05	3.89e-06	5.30e-07	0.00e+00	0.00e+00
 3.25769e+22	1.07e-16	2.66e-11	2.97e-07	1.35e-05	2.96e-04	1.58e-03	2.47e-03	7.36e-03	1.66e-01	4.20e-01	2.97e-01	8.95e-02	1.43e-02	8.24e-04	3.48e-05	3.25e-06	4.30e-07	0.00e+00	0.00e+00
 3.28010e+22	1.38e-16	3.27e-11	3.50e-07	1.62e-05	3.52e-04	1.85e-03	2.81e-03	8.39e-03	1.79e-01	4.27e-01	2.86e-01	8.21e-02	1.25e-02	6.90e-04	2.81e-05	2.56e-06	3.27e-07	0.00e+00	0.00e+00
 3.30255e+22	1.67e-16	3.85e-11	3.98e-07	1.85e-05	4.01e-04	2.09e-03	3.10e-03	9.25e-03	1.88e-01	4.31e-01	2.77e-01	7.68e-02	1.12e-02	6.02e-04	2.39e-05	2.14e-06	2.65e-07	0.00e+00	0.00e+00
 3.32506e+22	2.16e-16	4.76e-11	4.72e-07	2.21e-05	4.75e-04	2.44e-03	3.51e-03	1.05e-02	2.02e-01	4.36e-01	2.65e-01	7.02e-02	9.77e-03	5.03e-04	1.93e-05	1.68e-06	2.01e-07	0.00e+00	0.00e+00
 3.34767e+22	2.65e-16	5.65e-11	5.43e-07	2.55e-05	5.41e-04	2.74e-03	3.84e-03	1.15e-02	2.12e-01	4.39e-01	2.56e-01	6.55e-02	8.79e-03	4.39e-04	1.64e-05	1.41e-06	1.63e-07	0.00e+00	0.00e+00
 3.37040e+22	3.44e-16	7.05e-11	6.49e-07	3.05e-05	6.39e-04	3.18e-03	4.32e-03	1.30e-02	2.25e-01	4.42e-01	2.44e-01	5.97e-02	7.63e-03	3.67e-04	1.32e-05	1.11e-06	1.24e-07	0.00e+00	0.00e+00
 3.39339e+22	4.26e-16	8.44e-11	7.52e-07	3.53e-05	7.29e-04	3.58e-03	4.73e-03	1.42e-02	2.36e-01	4.43e-01	2.35e-01	5.55e-02	6.84e-03	3.19e-04	1.12e-05	9.21e-07	0.00e+00	0.00e+00	0.00e+00
 3.41669e+22	5.63e-16	1.07e-10	9.12e-07	4.26e-05	8.63e-04	4.15e-03	5.30e-03	1.59e-02	2.50e-01	4.44e-01	2.23e-01	5.04e-02	5.91e-03	2.66e-04	9.01e-06	7.23e-07	0.00e+00	0.00e+00	0.00e+00
 3.44032e+22	7.06e-16	1.29e-10	1.07e-06	4.96e-05	9.86e-04	4.66e-03	5.79e-03	1.74e-02	2.61e-01	4.44e-01	2.14e-01	4.67e-02	5.27e-03	2.30e-04	7.60e-06	5.98e-07	0.00e+00	0.00e+00	0.00e+00
 3.46438e+22	9.49e-16	1.66e-10	1.31e-06	6.04e-05	1.17e-03	5.41e-03	6.47e-03	1.94e-02	2.76e-01	4.43e-01	2.02e-01	4.21e-02	4.53e-03	1.90e-04	6.07e-06	4.67e-07	0.00e+00	0.00e+00	0.00e+00
 3.48889e+22	1.21e-15	2.05e-10	1.56e-06	7.08e-05	1.34e-03	6.08e-03	7.06e-03	2.12e-02	2.87e-01	4.41e-01	1.93e-01	3.88e-02	4.02e-03	1.64e-04	5.09e-06	3.84e-07	0.00e+00	0.00e+00	0.00e+00
 3.51399e+22	1.66e-15	2.68e-10	1.95e-06	8.71e-05	1.60e-03	7.07e-03	7.89e-03	2.37e-02	3.02e-01	4.38e-01	1.81e-01	3.48e-02	3.43e-03	1.35e-04	4.03e-06	2.97e-07	0.00e+00	0.00e+00	0.00e+00
 3.53968e+22	2.15e-15	3.36e-10	2.35e-06	1.03e-04	1.85e-03	7.97e-03	8.61e-03	2.58e-02	3.14e-01	4.34e-01	1.72e-01	3.18e-02	3.02e-03	1.15e-04	3.35e-06	2.42e-07	0.00e+00	0.00e+00	0.00e+00
 3.56614e+22	3.02e-15	4.49e-10	3.01e-06	1.29e-04	2.23e-03	9.30e-03	9.62e-03	2.88e-02	3.29e-01	4.29e-01	1.61e-01	2.83e-02	2.55e-03	9.37e-05	2.62e-06	1.84e-07	0.00e+00	0.00e+00	0.00e+00
 3.59303e+22	3.98e-15	5.70e-10	3.67e-06	1.54e-04	2.58e-03	1.05e-02	1.05e-02	3.12e-02	3.41e-01	4.24e-01	1.52e-01	2.58e-02	2.23e-03	7.97e-05	2.17e-06	1.49e-07	0.00e+00	0.00e+00	0.00e+00
 3.61569e+22	5.11e-15	7.07e-10	4.40e-06	1.80e-04	2.94e-03	1.17e-02	1.13e-02	3.36e-02	3.52e-01	4.19e-01	1.44e-01	2.37e-02	1.98e-03	6.89e-05	1.82e-06	1.24e-07	0.00e+00	0.00e+00	0.00e+00
 3.64038e+22	7.07e-15	9.36e-10	5.57e-06	2.22e-04	3.48e-03	1.34e-02	1.25e-02	3.69e-02	3.65e-01	4.11e-01	1.35e-01	2.12e-02	1.69e-03	5.69e-05	1.46e-06	0.00e+00	0.00e+00	0.00e+00	0.00e+00
 3.66428e+22	8.93e-15	1.15e-09	6.61e-06	2.57e-04	3.92e-03	1.48e-02	1.33e-02	3.93e-02	3.74e-01	4.06e-01	1.28e-01	1.95e-02	1.51e-03	4.97e-05	1.24e-06	0.00e+00	0.00e+00	0.00e+00	0.00e+00
 3.68716e+22	1.21e-14	1.49e-09	8.25e-06	3.12e-04	4.58e-03	1.67e-02	1.45e-02	4.26e-02	3.85e-01	3.98e-01	1.20e-01	1.75e-02	1.30e-03	4.15e-05	1.00e-06	0.00e+00	0.00e+00	0.00e+00	0.00e+00
 3.71029e+22	1.54e-14	1.84e-09	9.85e-06	3.62e-04	5.17e-03	1.84e-02	1.55e-02	4.53e-02	3.94e-01	3.91e-01	1.13e-01	1.61e-02	1.16e-03	3.62e-05	8.55e-07	0.00e+00	0.00e+00	0.00e+00	0.00e+00
 3.73374e+22	2.11e-14	2.41e-09	1.24e-05	4.41e-04	6.05e-03	2.08e-02	1.69e-02	4.90e-02	4.04e-01	3.82e-01	1.06e-01	1.44e-02	9.93e-04	3.01e-05	6.89e-07	0.00e+00	0.00e+00	0.00e+00	0.00e+00
 3.75755e+22	2.71e-14	3.00e-09	1.49e-05	5.15e-04	6.85e-03	2.30e-02	1.80e-02	5.19e-02	4.12e-01	3.74e-01	9.98e-02	1.32e-02	8.81e-04	2.61e-05	5.83e-07	0.00e+00	0.00e+00	0.00e+00	0.00e+00
 3.78183e+22	3.76e-14	3.98e-09	1.89e-05	6.31e-04	8.04e-03	2.60e-02	1.96e-02	5.60e-02	4.22e-01	3.63e-01	9.23e-02	1.17e-02	7.50e-04	2.16e-05	4.66e-07	0.00e+00	0.00e+00	0.00e+00	0.00e+00
 3.80646e+22	4.86e-14	4.98e-09	2.29e-05	7.40e-04	9.11e-03	2.86e-02	2.09e-02	5.93e-02	4.28e-01	3.55e-01	8.69e-02	1.07e-02	6.62e-04	1.86e-05	3.93e-07	0.00e+00	0.00e+00	0.00e+00	0.00e+00
 3.83153e+22	6.82e-14	6.68e-09	2.94e-05	9.11e-04	1.07e-02	3.24e-02	2.27e-02	6.38e-02	4.37e-01	3.43e-01	7.99e-02	9.45e-03	5.59e-04	1.53e-05	3.11e-07	0.00e+00	0.00e+00	0.00e+00	0.00e+00
 3.85709e+22	8.91e-14	8.43e-09	3.58e-05	1.07e-03	1.22e-02	3.57e-02	2.42e-02	6.73e-02	4.42e-01	3.33e-01	7.48e-02	8.57e-03	4.91e-04	1.31e-05	2.60e-07	0.00e+00	0.00e+00	0.00e+00	0.00e+00
 3.88327e+22	1.27e-13	1.14e-08	4.63e-05	1.33e-03	1.44e-02	4.05e-02	2.63e-02	7.23e-02	4.49e-01	3.20e-01	6.83e-02	7.49e-03	4.10e-04	1.07e-05	2.04e-07	0.00e+00	0.00e+00	0.00e+00	0.00e+00
 3.91001e+22	1.68e-13	1.46e-08	5.69e-05	1.57e-03	1.64e-02	4.47e-02	2.80e-02	7.61e-02	4.53e-01	3.10e-01	6.35e-02	6.73e-03	3.56e-04	9.04e-06	1.68e-07	0.00e+00	0.00e+00	0.00e+00	0.00e+00
 3.93748e+22	2.41e-13	2.00e-08	7.44e-05	1.96e-03	1.94e-02	5.07e-02	3.03e-02	8.14e-02	4.57e-01	2.95e-01	5.75e-02	5.84e-03	2.95e-04	7.27e-06	1.30e-07	0.00e+00	0.00e+00	0.00e+00	0.00e+00
 3.96565e+22	3.24e-13	2.58e-08	9.23e-05	2.34e-03	2.22e-02	5.60e-02	3.23e-02	8.56e-02	4.59e-01	2.84e-01	5.30e-02	5.19e-03	2.53e-04	6.10e-06	0.00e+00	0.00e+00	0.00e+00	0.00e+00	0.00e+00
 3.99474e+22	4.74e-13	3.59e-08	1.22e-04	2.94e-03	2.64e-02	6.35e-02	3.49e-02	9.11e-02	4.61e-01	2.68e-01	4.74e-02	4.44e-03	2.07e-04	4.83e-06	0.00e+00	0.00e+00	0.00e+00	0.00e+00	0.00e+00
 4.02409e+22	6.36e-13	4.63e-08	1.51e-04	3.49e-03	3.01e-02	6.98e-02	3.70e-02	9.51e-02	4.60e-01	2.56e-01	4.35e-02	3.93e-03	1.77e-04	4.03e-06	0.00e+00	0.00e+00	0.00e+00	0.00e+00	0.00e+00
 4.05379e+22	9.36e-13	6.47e-08	2.00e-04	4.38e-03	3.57e-02	7.88e-02	3.97e-02	1.01e-01	4.58e-01	2.40e-01	3.86e-02	3.33e-03	1.43e-04	3.16e-06	0.00e+00	0.00e+00	0.00e+00	0.00e+00	0.00e+00
 4.08379e+22	1.25e-12	8.33e-08	2.48e-04	5.19e-03	4.06e-02	8.62e-02	4.19e-02	1.05e-01	4.55e-01	2.28e-01	3.51e-02	2.93e-03	1.21e-04	2.62e-06	0.00e+00	0.00e+00	0.00e+00	0.00e+00	0.00e+00
 4.11417e+22	1.85e-12	1.16e-07	3.28e-04	6.49e-03	4.79e-02	9.68e-02	4.48e-02	1.10e-01	4.49e-01	2.12e-01	3.08e-02	2.45e-03	9.69e-05	2.03e-06	0.00e+00	0.00e+00	0.00e+00	0.00e+00	0.00e+00
 4.14377e+22	2.43e-12	1.47e-07	3.99e-04	7.59e-03	5.37e-02	1.05e-01	4.68e-02	1.13e-01	4.43e-01	2.00e-01	2.81e-02	2.16e-03	8.26e-05	1.70e-06	0.00e+00	0.00e+00	0.00e+00	0.00e+00	0.00e+00
 4.17233e+22	3.43e-12	1.98e-07	5.11e-04	9.24e-03	6.20e-02	1.15e-01	4.94e-02	1.17e-01	4.34e-01	1.86e-01	2.47e-02	1.83e-03	6.70e-05	1.34e-06	0.00e+00	0.00e+00	0.00e+00	0.00e+00	0.00e+00
 4.20244e+22	4.65e-12	2.57e-07	6.35e-04	1.10e-02	7.02e-02	1.25e-01	5.15e-02	1.20e-01	4.25e-01	1.73e-01	2.20e-02	1.57e-03	5.54e-05	1.08e-06	0.00e+00	0.00e+00	0.00e+00	0.00e+00	0.00e+00
 4.22791e+22	5.95e-12	3.18e-07	7.57e-04	1.26e-02	7.75e-02	1.34e-01	5.32e-02	1.22e-01	4.16e-01	1.63e-01	2.00e-02	1.38e-03	4.73e-05	9.07e-07	0.00e+00	0.00e+00	0.00e+00	0.00e+00	0.00e+00
 4.25438e+22	8.08e-12	4.13e-07	9.40e-04	1.49e-02	8.73e-02	1.44e-01	5.52e-02	1.25e-01	4.04e-01	1.50e-01	1.77e-02	1.17e-03	3.88e-05	7.25e-07	0.00e+00	0.00e+00	0.00e+00	0.00e+00	0.00e+00
 4.28177e+22	1.05e-11	5.16e-07	1.13e-03	1.71e-02	9.65e-02	1.54e-01	5.69e-02	1.27e-01	3.92e-01	1.40e-01	1.58e-02	1.02e-03	3.25e-05	5.96e-07	0.00e+00	0.00e+00	0.00e+00	0.00e+00	0.00e+00
 4.30645e+22	1.35e-11	6.38e-07	1.35e-03	1.96e-02	1.06e-01	1.63e-01	5.83e-02	1.28e-01	3.80e-01	1.30e-01	1.41e-02	8.81e-04	2.73e-05	4.91e-07	0.00e+00	0.00e+00	0.00e+00	0.00e+00	0.00e+00
 4.33466e+22	1.84e-11	8.30e-07	1.67e-03	2.31e-02	1.19e-01	1.74e-01	5.99e-02	1.29e-01	3.63e-01	1.18e-01	1.22e-02	7.33e-04	2.19e-05	3.84e-07	0.00e+00	0.00e+00	0.00e+00	0.00e+00	0.00e+00
 4.36387e+22	2.42e-11	1.05e-06	2.02e-03	2.66e-02	1.31e-01	1.84e-01	6.11e-02	1.29e-01	3.47e-01	1.08e-01	1.07e-02	6.20e-04	1.79e-05	3.07e-07	0.00e+00	0.00e+00	0.00e+00	0.00e+00	0.00e+00
 4.38986e+22	3.09e-11	1.29e-06	2.39e-03	3.02e-02	1.42e-01	1.93e-01	6.20e-02	1.29e-01	3.33e-01	9.87e-02	9.45e-03	5.30e-04	1.48e-05	2.49e-07	0.00e+00	0.00e+00	0.00e+00	0.00e+00	0.00e+00
 4.41912e+22	4.19e-11	1.66e-06	2.94e-03	3.52e-02	1.57e-01	2.04e-01	6.28e-02	1.28e-01	3.13e-01	8.81e-02	8.04e-03	4.33e-04	1.16e-05	1.92e-07	0.00e+00	0.00e+00	0.00e+00	0.00e+00	0.00e+00
 4.44976e+22	5.51e-11	2.09e-06	3.53e-03	4.03e-02	1.72e-01	2.13e-01	6.33e-02	1.27e-01	2.95e-01	7.90e-02	6.90e-03	3.59e-04	9.32e-06	1.50e-07	0.00e+00	0.00e+00	0.00e+00	0.00e+00	0.00e+00
 4.47748e+22	7.07e-11	2.58e-06	4.17e-03	4.55e-02	1.86e-01	2.21e-01	6.35e-02	1.25e-01	2.78e-01	7.11e-02	5.97e-03	3.00e-04	7.54e-06	0.00e+00	0.00e+00	0.00e+00	0.00e+00	0.00e+00	0.00e+00
 4.50884e+22	9.64e-11	3.34e-06	5.12e-03	5.28e-02	2.03e-01	2.30e-01	6.34e-02	1.22e-01	2.56e-01	6.19e-02	4.94e-03	2.38e-04	5.74e-06	0.00e+00	0.00e+00	0.00e+00	0.00e+00	0.00e+00	0.00e+00
 4.54116e+22	1.26e-10	4.16e-06	6.10e-03	5.98e-02	2.19e-01	2.37e-01	6.30e-02	1.19e-01	2.38e-01	5.45e-02	4.16e-03	1.94e-04	4.50e-06	0.00e+00	0.00e+00	0.00e+00	0.00e+00	0.00e+00	0.00e+00
 4.56990e+22	1.61e-10	5.10e-06	7.15e-03	6.68e-02	2.34e-01	2.43e-01	6.23e-02	1.15e-01	2.20e-01	4.82e-02	3.53e-03	1.59e-04	3.57e-06	0.00e+00	0.00e+00	0.00e+00	0.00e+00	0.00e+00	0.00e+00
 4.60246e+22	2.18e-10	6.53e-06	8.68e-03	7.63e-02	2.52e-01	2.49e-01	6.12e-02	1.10e-01	1.99e-01	4.11e-02	2.85e-03	1.23e-04	2.65e-06	0.00e+00	0.00e+00	0.00e+00	0.00e+00	0.00e+00	0.00e+00
 4.63621e+22	2.84e-10	8.12e-06	1.03e-02	8.56e-02	2.68e-01	2.52e-01	5.98e-02	1.06e-01	1.81e-01	3.53e-02	2.34e-03	9.74e-05	2.02e-06	0.00e+00	0.00e+00	0.00e+00	0.00e+00	0.00e+00	0.00e+00
 4.66649e+22	3.61e-10	9.86e-06	1.19e-02	9.45e-02	2.82e-01	2.55e-01	5.83e-02	1.01e-01	1.65e-01	3.07e-02	1.95e-03	7.83e-05	1.57e-06	0.00e+00	0.00e+00	0.00e+00	0.00e+00	0.00e+00	0.00e+00
 4.70082e+22	4.88e-10	1.26e-05	1.44e-02	1.07e-01	2.99e-01	2.56e-01	5.62e-02	9.47e-02	1.45e-01	2.54e-02	1.53e-03	5.87e-05	1.13e-06	0.00e+00	0.00e+00	0.00e+00	0.00e+00	0.00e+00	0.00e+00
 4.73628e+22	6.29e-10	1.55e-05	1.68e-02	1.18e-01	3.13e-01	2.56e-01	5.41e-02	8.92e-02	1.30e-01	2.15e-02	1.23e-03	4.56e-05	8.45e-07	0.00e+00	0.00e+00	0.00e+00	0.00e+00	0.00e+00	0.00e+00
 4.76833e+22	8.01e-10	1.88e-05	1.94e-02	1.29e-01	3.26e-01	2.54e-01	5.19e-02	8.38e-02	1.16e-01	1.82e-02	9.98e-04	3.56e-05	6.36e-07	0.00e+00	0.00e+00	0.00e+00	0.00e+00	0.00e+00	0.00e+00
 4.80513e+22	1.09e-09	2.40e-05	2.33e-02	1.45e-01	3.41e-01	2.51e-01	4.90e-02	7.67e-02	9.93e-02	1.45e-02	7.53e-04	2.57e-05	4.37e-07	0.00e+00	0.00e+00	0.00e+00	0.00e+00	0.00e+00	0.00e+00
 4.84217e+22	1.39e-09	2.90e-05	2.68e-02	1.57e-01	3.51e-01	2.47e-01	4.65e-02	7.12e-02	8.74e-02	1.21e-02	5.98e-04	1.97e-05	3.22e-07	0.00e+00	0.00e+00	0.00e+00	0.00e+00	0.00e+00	0.00e+00
 4.87953e+22	1.85e-09	3.64e-05	3.16e-02	1.73e-01	3.62e-01	2.40e-01	4.34e-02	6.46e-02	7.44e-02	9.64e-03	4.50e-04	1.41e-05	2.22e-07	0.00e+00	0.00e+00	0.00e+00	0.00e+00	0.00e+00	0.00e+00
 4.91773e+22	2.37e-09	4.42e-05	3.63e-02	1.88e-01	3.70e-01	2.34e-01	4.07e-02	5.91e-02	6.42e-02	7.85e-03	3.49e-04	1.05e-05	1.59e-07	0.00e+00	0.00e+00	0.00e+00	0.00e+00	0.00e+00	0.00e+00
 4.95136e+22	2.97e-09	5.27e-05	4.11e-02	2.01e-01	3.76e-01	2.27e-01	3.82e-02	5.41e-02	5.59e-02	6.46e-03	2.75e-04	8.00e-06	0.00e+00	0.00e+00	0.00e+00	0.00e+00	0.00e+00	0.00e+00	0.00e+00
 4.98942e+22	3.95e-09	6.57e-05	4.81e-02	2.19e-01	3.81e-01	2.17e-01	3.51e-02	4.82e-02	4.65e-02	5.00e-03	2.01e-04	5.59e-06	0.00e+00	0.00e+00	0.00e+00	0.00e+00	0.00e+00	0.00e+00	0.00e+00
 5.02836e+22	4.99e-09	7.86e-05	5.45e-02	2.33e-01	3.84e-01	2.08e-01	3.25e-02	4.35e-02	3.97e-02	4.03e-03	1.54e-04	4.13e-06	0.00e+00	0.00e+00	0.00e+00	0.00e+00	0.00e+00	0.00e+00	0.00e+00
 5.06846e+22	6.62e-09	9.76e-05	6.32e-02	2.51e-01	3.85e-01	1.97e-01	2.95e-02	3.82e-02	3.25e-02	3.07e-03	1.11e-04	2.83e-06	0.00e+00	0.00e+00	0.00e+00	0.00e+00	0.00e+00	0.00e+00	0.00e+00
 5.10919e+22	8.36e-09	1.17e-04	7.14e-02	2.66e-01	3.84e-01	1.87e-01	2.70e-02	3.41e-02	2.74e-02	2.43e-03	8.34e-05	2.05e-06	0.00e+00	0.00e+00	0.00e+00	0.00e+00	0.00e+00	0.00e+00	0.00e+00
 5.14530e+22	1.04e-08	1.38e-04	7.99e-02	2.80e-01	3.82e-01	1.77e-01	2.48e-02	3.04e-02	2.31e-02	1.93e-03	6.33e-05	1.50e-06	0.00e+00	0.00e+00	0.00e+00	0.00e+00	0.00e+00	0.00e+00	0.00e+00
 5.18680e+22	1.38e-08	1.70e-04	9.19e-02	2.98e-01	3.77e-01	1.65e-01	2.21e-02	2.62e-02	1.85e-02	1.43e-03	4.42e-05	9.96e-07	0.00e+00	0.00e+00	0.00e+00	0.00e+00	0.00e+00	0.00e+00	0.00e+00
 5.22888e+22	1.73e-08	2.01e-04	1.02e-01	3.12e-01	3.71e-01	1.55e-01	2.01e-02	2.31e-02	1.55e-02	1.12e-03	3.31e-05	7.16e-07	0.00e+00	0.00e+00	0.00e+00	0.00e+00	0.00e+00	0.00e+00	0.00e+00
 5.26548e+22	2.13e-08	2.35e-04	1.13e-01	3.24e-01	3.64e-01	1.45e-01	1.83e-02	2.05e-02	1.29e-02	8.85e-04	2.49e-05	5.19e-07	0.00e+00	0.00e+00	0.00e+00	0.00e+00	0.00e+00	0.00e+00	0.00e+00
 5.30039e+22	2.58e-08	2.70e-04	1.24e-01	3.35e-01	3.57e-01	1.37e-01	1.67e-02	1.82e-02	1.10e-02	7.10e-04	1.92e-05	3.86e-07	0.00e+00	0.00e+00	0.00e+00	0.00e+00	0.00e+00	0.00e+00	0.00e+00
 5.33358e+22	3.10e-08	3.10e-04	1.35e-01	3.46e-01	3.49e-01	1.29e-01	1.53e-02	1.62e-02	9.31e-03	5.71e-04	1.48e-05	2.88e-07	0.00e+00	0.00e+00	0.00e+00	0.00e+00	0.00e+00	0.00e+00	0.00e+00
 5.37096e+22	3.91e-08	3.66e-04	1.50e-01	3.57e-01	3.38e-01	1.18e-01	1.36e-02	1.40e-02	7.54e-03	4.32e-04	1.06e-05	1.99e-07	0.00e+00	0.00e+00	0.00e+00	0.00e+00	0.00e+00	0.00e+00	0.00e+00
 5.40833e+22	4.68e-08	4.17e-04	1.62e-01	3.66e-01	3.29e-01	1.11e-01	1.24e-02	1.24e-02	6.37e-03	3.45e-04	8.18e-06	1.48e-07	0.00e+00	0.00e+00	0.00e+00	0.00e+00	0.00e+00	0.00e+00	0.00e+00
 5.44567e+22	5.85e-08	4.89e-04	1.79e-01	3.76e-01	3.16e-01	1.02e-01	1.10e-02	1.07e-02	5.14e-03	2.60e-04	5.87e-06	0.00e+00	0.00e+00	0.00e+00	0.00e+00	0.00e+00	0.00e+00	0.00e+00	0.00e+00
 5.48366e+22	7.00e-08	5.57e-04	1.93e-01	3.83e-01	3.05e-01	9.42e-02	9.95e-03	9.38e-03	4.30e-03	2.06e-04	4.46e-06	0.00e+00	0.00e+00	0.00e+00	0.00e+00	0.00e+00	0.00e+00	0.00e+00	0.00e+00
 5.52250e+22	8.75e-08	6.52e-04	2.12e-01	3.91e-01	2.91e-01	8.56e-02	8.75e-03	7.96e-03	3.43e-03	1.53e-04	3.15e-06	0.00e+00	0.00e+00	0.00e+00	0.00e+00	0.00e+00	0.00e+00	0.00e+00	0.00e+00
 5.56165e+22	1.05e-07	7.39e-04	2.27e-01	3.96e-01	2.79e-01	7.91e-02	7.87e-03	6.96e-03	2.86e-03	1.20e-04	2.38e-06	0.00e+00	0.00e+00	0.00e+00	0.00e+00	0.00e+00	0.00e+00	0.00e+00	0.00e+00
 5.60118e+22	1.30e-07	8.61e-04	2.48e-01	4.00e-01	2.64e-01	7.14e-02	6.88e-03	5.87e-03	2.26e-03	8.84e-05	1.67e-06	0.00e+00	0.00e+00	0.00e+00	0.00e+00	0.00e+00	0.00e+00	0.00e+00	0.00e+00
 5.64116e+22	1.55e-07	9.73e-04	2.65e-01	4.03e-01	2.52e-01	6.55e-02	6.15e-03	5.10e-03	1.87e-03	6.88e-05	1.25e-06	0.00e+00	0.00e+00	0.00e+00	0.00e+00	0.00e+00	0.00e+00	0.00e+00	0.00e+00
 5.67316e+22	1.79e-07	1.07e-03	2.80e-01	4.05e-01	2.42e-01	6.10e-02	5.61e-03	4.54e-03	1.60e-03	5.60e-05	9.86e-07	0.00e+00	0.00e+00	0.00e+00	0.00e+00	0.00e+00	0.00e+00	0.00e+00	0.00e+00
 5.70621e+22	2.12e-07	1.21e-03	2.98e-01	4.05e-01	2.30e-01	5.58e-02	5.00e-03	3.93e-03	1.32e-03	4.35e-05	7.38e-07	0.00e+00	0.00e+00	0.00e+00	0.00e+00	0.00e+00	0.00e+00	0.00e+00	0.00e+00
 5.74000e+22	2.45e-07	1.33e-03	3.13e-01	4.05e-01	2.19e-01	5.17e-02	4.53e-03	3.48e-03	1.12e-03	3.51e-05	5.76e-07	0.00e+00	0.00e+00	0.00e+00	0.00e+00	0.00e+00	0.00e+00	0.00e+00	0.00e+00
 5.77003e+22	2.81e-07	1.46e-03	3.29e-01	4.04e-01	2.09e-01	4.79e-02	4.12e-03	3.09e-03	9.52e-04	2.85e-05	4.54e-07	0.00e+00	0.00e+00	0.00e+00	0.00e+00	0.00e+00	0.00e+00	0.00e+00	0.00e+00
 5.80433e+22	3.33e-07	1.64e-03	3.48e-01	4.02e-01	1.97e-01	4.35e-02	3.65e-03	2.65e-03	7.77e-04	2.19e-05	3.35e-07	0.00e+00	0.00e+00	0.00e+00	0.00e+00	0.00e+00	0.00e+00	0.00e+00	0.00e+00
 5.83900e+22	3.83e-07	1.80e-03	3.65e-01	4.00e-01	1.87e-01	4.01e-02	3.29e-03	2.33e-03	6.56e-04	1.75e-05	2.61e-07	0.00e+00	0.00e+00	0.00e+00	0.00e+00	0.00e+00	0.00e+00	0.00e+00	0.00e+00
 5.86931e+22	4.38e-07	1.96e-03	3.81e-01	3.97e-01	1.78e-01	3.71e-02	2.98e-03	2.06e-03	5.57e-04	1.42e-05	2.04e-07	0.00e+00	0.00e+00	0.00e+00	0.00e+00	0.00e+00	0.00e+00	0.00e+00	0.00e+00
