#depth	O	O+	O+2	O+3	O+4	O+5	O+6	O+7	O+8	O[1]	O[2]	O[3]
 1.35320e+22	1.83e-07	6.82e-04	8.37e-02	5.06e-01	2.94e-01	9.37e-02	2.23e-02	2.45e-04	6.83e-07	1.83e-07	7.92e-16	9.55e-16
 3.13188e+22	5.89e-07	1.49e-03	1.32e-01	5.59e-01	2.39e-01	5.86e-02	1.05e-02	8.10e-05	1.58e-07	5.89e-07	2.92e-15	3.51e-15
 3.77011e+22	1.02e-06	2.13e-03	1.61e-01	5.73e-01	2.11e-01	4.54e-02	7.16e-03	4.59e-05	0.00e+00	1.02e-06	5.44e-15	6.54e-15
 4.15305e+22	1.57e-06	2.81e-03	1.87e-01	5.79e-01	1.90e-01	3.67e-02	5.21e-03	2.90e-05	0.00e+00	1.57e-06	8.86e-15	1.06e-14
 4.38361e+22	1.82e-06	3.10e-03	1.97e-01	5.80e-01	1.82e-01	3.39e-02	4.62e-03	2.43e-05	0.00e+00	1.82e-06	1.05e-14	1.26e-14
 4.52246e+22	2.20e-06	3.50e-03	2.10e-01	5.80e-01	1.72e-01	3.06e-02	3.99e-03	1.96e-05	0.00e+00	2.20e-06	1.31e-14	1.57e-14
 4.67170e+22	2.63e-06	3.93e-03	2.23e-01	5.79e-01	1.64e-01	2.78e-02	3.47e-03	1.61e-05	0.00e+00	2.63e-06	1.60e-14	1.91e-14
 4.81218e+22	3.09e-06	4.36e-03	2.34e-01	5.77e-01	1.56e-01	2.54e-02	3.05e-03	1.33e-05	0.00e+00	3.09e-06	1.93e-14	2.30e-14
 4.97253e+22	3.83e-06	5.00e-03	2.51e-01	5.73e-01	1.46e-01	2.25e-02	2.57e-03	1.04e-05	0.00e+00	3.83e-06	2.47e-14	2.94e-14
 5.13516e+22	4.56e-06	5.60e-03	2.65e-01	5.69e-01	1.38e-01	2.03e-02	2.22e-03	8.42e-06	0.00e+00	4.56e-06	3.02e-14	3.60e-14
 5.27811e+22	5.40e-06	6.24e-03	2.79e-01	5.64e-01	1.30e-01	1.84e-02	1.92e-03	6.85e-06	0.00e+00	5.40e-06	3.67e-14	4.37e-14
 5.44131e+22	6.68e-06	7.14e-03	2.97e-01	5.57e-01	1.21e-01	1.61e-02	1.60e-03	5.29e-06	0.00e+00	6.68e-06	4.70e-14	5.59e-14
 5.60736e+22	7.94e-06	7.97e-03	3.13e-01	5.50e-01	1.14e-01	1.44e-02	1.37e-03	4.24e-06	0.00e+00	7.94e-06	5.75e-14	6.83e-14
 5.75492e+22	9.40e-06	8.88e-03	3.28e-01	5.42e-01	1.06e-01	1.29e-02	1.18e-03	3.41e-06	0.00e+00	9.40e-06	7.01e-14	8.33e-14
 5.92452e+22	1.16e-05	1.02e-02	3.48e-01	5.31e-01	9.80e-02	1.12e-02	9.69e-04	2.58e-06	0.00e+00	1.16e-05	9.00e-14	1.07e-13
 6.09695e+22	1.38e-05	1.13e-02	3.66e-01	5.21e-01	9.11e-02	9.95e-03	8.21e-04	2.04e-06	0.00e+00	1.38e-05	1.10e-13	1.31e-13
 6.27306e+22	1.72e-05	1.30e-02	3.88e-01	5.07e-01	8.32e-02	8.55e-03	6.68e-04	1.52e-06	0.00e+00	1.72e-05	1.43e-13	1.69e-13
 6.45144e+22	2.04e-05	1.45e-02	4.06e-01	4.95e-01	7.68e-02	7.51e-03	5.60e-04	1.18e-06	0.00e+00	2.04e-05	1.76e-13	2.08e-13
 6.63277e+22	2.53e-05	1.66e-02	4.29e-01	4.78e-01	6.95e-02	6.38e-03	4.50e-04	8.70e-07	0.00e+00	2.53e-05	2.28e-13	2.69e-13
 6.81765e+22	3.02e-05	1.85e-02	4.48e-01	4.63e-01	6.36e-02	5.55e-03	3.73e-04	6.68e-07	0.00e+00	3.02e-05	2.82e-13	3.32e-13
 7.00714e+22	3.76e-05	2.13e-02	4.72e-01	4.44e-01	5.70e-02	4.65e-03	2.96e-04	4.81e-07	0.00e+00	3.76e-05	3.68e-13	4.33e-13
 7.19995e+22	4.49e-05	2.37e-02	4.93e-01	4.28e-01	5.17e-02	4.00e-03	2.42e-04	3.63e-07	0.00e+00	4.49e-05	4.57e-13	5.37e-13
 7.30708e+22	4.67e-05	2.42e-02	4.99e-01	4.23e-01	5.02e-02	3.84e-03	2.29e-04	3.35e-07	0.00e+00	4.67e-05	4.81e-13	5.64e-13
 7.35637e+22	4.91e-05	2.50e-02	5.04e-01	4.18e-01	4.89e-02	3.67e-03	2.16e-04	3.10e-07	0.00e+00	4.91e-05	5.12e-13	6.01e-13
 7.42043e+22	5.30e-05	2.62e-02	5.13e-01	4.11e-01	4.69e-02	3.44e-03	1.98e-04	2.75e-07	0.00e+00	5.30e-05	5.62e-13	6.58e-13
 7.50372e+22	5.77e-05	2.77e-02	5.22e-01	4.02e-01	4.46e-02	3.19e-03	1.80e-04	2.39e-07	0.00e+00	5.77e-05	6.26e-13	7.32e-13
 7.61200e+22	6.55e-05	2.99e-02	5.36e-01	3.89e-01	4.15e-02	2.85e-03	1.55e-04	1.95e-07	0.00e+00	6.55e-05	7.32e-13	8.54e-13
 7.75276e+22	7.68e-05	3.30e-02	5.54e-01	3.73e-01	3.77e-02	2.47e-03	1.28e-04	1.49e-07	0.00e+00	7.68e-05	8.93e-13	1.04e-12
 7.89563e+22	8.63e-05	3.54e-02	5.68e-01	3.60e-01	3.49e-02	2.20e-03	1.11e-04	0.00e+00	0.00e+00	8.63e-05	1.04e-12	1.20e-12
 8.04127e+22	1.01e-04	3.90e-02	5.85e-01	3.43e-01	3.15e-02	1.88e-03	9.06e-05	0.00e+00	0.00e+00	1.01e-04	1.27e-12	1.46e-12
 8.18873e+22	1.14e-04	4.19e-02	5.98e-01	3.29e-01	2.90e-02	1.67e-03	7.73e-05	0.00e+00	0.00e+00	1.14e-04	1.47e-12	1.70e-12
 8.33855e+22	1.33e-04	4.61e-02	6.15e-01	3.12e-01	2.60e-02	1.42e-03	6.30e-05	0.00e+00	0.00e+00	1.33e-04	1.80e-12	2.07e-12
 8.49158e+22	1.50e-04	4.95e-02	6.28e-01	2.97e-01	2.37e-02	1.24e-03	5.31e-05	0.00e+00	0.00e+00	1.50e-04	2.11e-12	2.41e-12
 8.64878e+22	1.76e-04	5.45e-02	6.44e-01	2.79e-01	2.11e-02	1.05e-03	4.28e-05	0.00e+00	0.00e+00	1.76e-04	2.60e-12	2.94e-12
 8.80881e+22	1.99e-04	5.85e-02	6.57e-01	2.65e-01	1.91e-02	9.06e-04	3.55e-05	0.00e+00	0.00e+00	1.99e-04	3.06e-12	3.44e-12
 8.97254e+22	2.33e-04	6.43e-02	6.71e-01	2.47e-01	1.69e-02	7.57e-04	2.83e-05	0.00e+00	0.00e+00	2.33e-04	3.78e-12	4.22e-12
 9.14007e+22	2.65e-04	6.93e-02	6.83e-01	2.32e-01	1.51e-02	6.45e-04	2.32e-05	0.00e+00	0.00e+00	2.65e-04	4.49e-12	4.97e-12
 9.31254e+22	3.14e-04	7.67e-02	6.96e-01	2.13e-01	1.30e-02	5.26e-04	1.79e-05	0.00e+00	0.00e+00	3.14e-04	5.66e-12	6.18e-12
 9.48461e+22	3.53e-04	8.19e-02	7.06e-01	1.99e-01	1.16e-02	4.49e-04	1.47e-05	0.00e+00	0.00e+00	3.53e-04	6.65e-12	7.21e-12
 9.65617e+22	4.14e-04	9.01e-02	7.16e-01	1.83e-01	1.01e-02	3.66e-04	1.14e-05	0.00e+00	0.00e+00	4.14e-04	8.31e-12	8.88e-12
 9.83408e+22	4.71e-04	9.70e-02	7.25e-01	1.69e-01	8.84e-03	3.05e-04	9.13e-06	0.00e+00	0.00e+00	4.71e-04	9.98e-12	1.05e-11
 1.00203e+23	5.60e-04	1.07e-01	7.33e-01	1.52e-01	7.49e-03	2.42e-04	6.86e-06	0.00e+00	0.00e+00	5.60e-04	1.27e-11	1.32e-11
 1.02068e+23	6.35e-04	1.15e-01	7.39e-01	1.39e-01	6.52e-03	2.00e-04	5.44e-06	0.00e+00	0.00e+00	6.35e-04	1.53e-11	1.56e-11
 1.03938e+23	7.54e-04	1.27e-01	7.43e-01	1.24e-01	5.49e-03	1.57e-04	4.05e-06	0.00e+00	0.00e+00	7.54e-04	1.95e-11	1.95e-11
 1.05821e+23	8.56e-04	1.37e-01	7.45e-01	1.12e-01	4.74e-03	1.28e-04	3.18e-06	0.00e+00	0.00e+00	8.56e-04	2.34e-11	2.30e-11
 1.07720e+23	1.02e-03	1.51e-01	7.45e-01	9.84e-02	3.96e-03	9.96e-05	2.35e-06	0.00e+00	0.00e+00	1.02e-03	3.00e-11	2.88e-11
 1.09637e+23	1.16e-03	1.63e-01	7.44e-01	8.80e-02	3.38e-03	8.02e-05	1.82e-06	0.00e+00	0.00e+00	1.16e-03	3.64e-11	3.42e-11
 1.11578e+23	1.39e-03	1.81e-01	7.39e-01	7.58e-02	2.78e-03	6.06e-05	1.31e-06	0.00e+00	0.00e+00	1.39e-03	4.75e-11	4.33e-11
 1.13504e+23	1.59e-03	1.95e-01	7.34e-01	6.71e-02	2.37e-03	4.85e-05	1.01e-06	0.00e+00	0.00e+00	1.59e-03	5.77e-11	5.14e-11
 1.15411e+23	1.92e-03	2.17e-01	7.22e-01	5.69e-02	1.93e-03	3.60e-05	7.21e-07	0.00e+00	0.00e+00	1.92e-03	7.58e-11	6.55e-11
 1.17310e+23	2.20e-03	2.34e-01	7.12e-01	4.97e-02	1.64e-03	2.85e-05	5.54e-07	0.00e+00	0.00e+00	2.20e-03	9.24e-11	7.80e-11
 1.19199e+23	2.67e-03	2.61e-01	6.93e-01	4.14e-02	1.32e-03	2.07e-05	3.91e-07	0.00e+00	0.00e+00	2.67e-03	1.22e-10	9.97e-11
 1.21086e+23	3.08e-03	2.83e-01	6.77e-01	3.54e-02	1.12e-03	1.61e-05	2.97e-07	0.00e+00	0.00e+00	3.08e-03	1.50e-10	1.20e-10
 1.22972e+23	3.76e-03	3.16e-01	6.51e-01	2.88e-02	8.94e-04	1.14e-05	2.06e-07	0.00e+00	0.00e+00	3.76e-03	2.00e-10	1.54e-10
 1.24858e+23	4.40e-03	3.43e-01	6.28e-01	2.40e-02	7.46e-04	8.55e-06	1.53e-07	0.00e+00	0.00e+00	4.40e-03	2.49e-10	1.88e-10
 1.26746e+23	5.41e-03	3.82e-01	5.93e-01	1.89e-02	5.93e-04	5.87e-06	0.00e+00	0.00e+00	0.00e+00	5.41e-03	3.33e-10	2.43e-10
 1.28645e+23	6.42e-03	4.16e-01	5.61e-01	1.52e-02	4.88e-04	4.22e-06	0.00e+00	0.00e+00	0.00e+00	6.42e-03	4.20e-10	3.00e-10
 1.30559e+23	7.99e-03	4.63e-01	5.17e-01	1.15e-02	3.82e-04	2.75e-06	0.00e+00	0.00e+00	0.00e+00	7.99e-03	5.66e-10	3.94e-10
 1.32492e+23	9.65e-03	5.04e-01	4.77e-01	8.83e-03	3.08e-04	1.87e-06	0.00e+00	0.00e+00	0.00e+00	9.65e-03	7.25e-10	4.94e-10
 1.34163e+23	1.16e-02	5.45e-01	4.36e-01	6.76e-03	2.50e-04	1.27e-06	0.00e+00	0.00e+00	0.00e+00	1.16e-02	9.20e-10	6.17e-10
 1.35795e+23	1.39e-02	5.86e-01	3.94e-01	5.10e-03	2.02e-04	8.48e-07	0.00e+00	0.00e+00	0.00e+00	1.39e-02	1.16e-09	7.69e-10
 1.37263e+23	1.64e-02	6.22e-01	3.58e-01	3.94e-03	1.68e-04	5.89e-07	0.00e+00	0.00e+00	0.00e+00	1.64e-02	1.43e-09	9.31e-10
 1.38561e+23	1.91e-02	6.56e-01	3.22e-01	3.03e-03	1.39e-04	4.08e-07	0.00e+00	0.00e+00	0.00e+00	1.91e-02	1.74e-09	1.12e-09
 1.40044e+23	2.34e-02	6.97e-01	2.77e-01	2.14e-03	1.09e-04	2.51e-07	0.00e+00	0.00e+00	0.00e+00	2.34e-02	2.23e-09	1.42e-09
 1.41612e+23	2.87e-02	7.35e-01	2.35e-01	1.48e-03	8.42e-05	1.51e-07	0.00e+00	0.00e+00	0.00e+00	2.87e-02	2.86e-09	1.81e-09
 1.42983e+23	3.48e-02	7.66e-01	1.98e-01	1.03e-03	6.57e-05	0.00e+00	0.00e+00	0.00e+00	0.00e+00	3.48e-02	3.59e-09	2.26e-09
 1.44229e+23	4.20e-02	7.92e-01	1.65e-01	7.18e-04	5.10e-05	0.00e+00	0.00e+00	0.00e+00	0.00e+00	4.20e-02	4.50e-09	2.81e-09
 1.45416e+23	5.10e-02	8.14e-01	1.35e-01	4.91e-04	3.88e-05	0.00e+00	0.00e+00	0.00e+00	0.00e+00	5.10e-02	5.64e-09	3.50e-09
 1.46542e+23	6.19e-02	8.30e-01	1.08e-01	3.33e-04	2.92e-05	0.00e+00	0.00e+00	0.00e+00	0.00e+00	6.19e-02	7.05e-09	4.36e-09
 1.47592e+23	7.57e-02	8.39e-01	8.52e-02	2.23e-04	2.15e-05	0.00e+00	0.00e+00	0.00e+00	0.00e+00	7.57e-02	8.83e-09	5.43e-09
 1.48549e+23	9.17e-02	8.41e-01	6.67e-02	1.52e-04	1.58e-05	0.00e+00	0.00e+00	0.00e+00	0.00e+00	9.17e-02	1.09e-08	6.69e-09
 1.49415e+23	1.11e-01	8.37e-01	5.16e-02	1.05e-04	1.15e-05	0.00e+00	0.00e+00	0.00e+00	0.00e+00	1.11e-01	1.34e-08	8.19e-09
 1.50195e+23	1.33e-01	8.27e-01	3.99e-02	7.33e-05	8.28e-06	0.00e+00	0.00e+00	0.00e+00	0.00e+00	1.33e-01	1.62e-08	9.88e-09
 1.50886e+23	1.58e-01	8.11e-01	3.08e-02	5.26e-05	5.97e-06	0.00e+00	0.00e+00	0.00e+00	0.00e+00	1.58e-01	1.93e-08	1.18e-08
 1.51503e+23	1.85e-01	7.91e-01	2.40e-02	3.91e-05	4.37e-06	0.00e+00	0.00e+00	0.00e+00	0.00e+00	1.85e-01	2.26e-08	1.37e-08
 1.52074e+23	2.15e-01	7.66e-01	1.86e-02	2.94e-05	3.16e-06	0.00e+00	0.00e+00	0.00e+00	0.00e+00	2.15e-01	2.61e-08	1.58e-08
 1.52612e+23	2.49e-01	7.37e-01	1.44e-02	2.23e-05	2.27e-06	0.00e+00	0.00e+00	0.00e+00	0.00e+00	2.49e-01	2.98e-08	1.80e-08
 1.53102e+23	2.85e-01	7.04e-01	1.11e-02	1.73e-05	1.64e-06	0.00e+00	0.00e+00	0.00e+00	0.00e+00	2.85e-01	3.35e-08	2.02e-08
 1.53548e+23	3.22e-01	6.70e-01	8.72e-03	1.36e-05	1.20e-06	0.00e+00	0.00e+00	0.00e+00	0.00e+00	3.22e-01	3.69e-08	2.22e-08
 1.53963e+23	3.59e-01	6.34e-01	6.86e-03	1.10e-05	8.81e-07	0.00e+00	0.00e+00	0.00e+00	0.00e+00	3.59e-01	4.01e-08	2.41e-08
 1.54341e+23	3.96e-01	5.99e-01	5.46e-03	8.97e-06	6.60e-07	0.00e+00	0.00e+00	0.00e+00	0.00e+00	3.96e-01	4.29e-08	2.58e-08
 1.54667e+23	4.28e-01	5.67e-01	4.47e-03	7.57e-06	5.12e-07	0.00e+00	0.00e+00	0.00e+00	0.00e+00	4.28e-01	4.50e-08	2.70e-08
 1.54912e+23	4.53e-01	5.43e-01	3.85e-03	6.69e-06	4.24e-07	0.00e+00	0.00e+00	0.00e+00	0.00e+00	4.53e-01	4.64e-08	2.79e-08
 1.55096e+23	4.72e-01	5.24e-01	3.43e-03	6.08e-06	3.67e-07	0.00e+00	0.00e+00	0.00e+00	0.00e+00	4.72e-01	4.74e-08	2.84e-08
 1.55285e+23	4.92e-01	5.05e-01	3.03e-03	5.51e-06	3.14e-07	0.00e+00	0.00e+00	0.00e+00	0.00e+00	4.92e-01	4.84e-08	2.90e-08
 1.55503e+23	5.15e-01	4.82e-01	2.63e-03	4.93e-06	2.63e-07	0.00e+00	0.00e+00	0.00e+00	0.00e+00	5.15e-01	4.93e-08	2.95e-08
 1.55744e+23	5.39e-01	4.58e-01	2.25e-03	4.38e-06	2.17e-07	0.00e+00	0.00e+00	0.00e+00	0.00e+00	5.39e-01	5.01e-08	3.00e-08
 1.55987e+23	5.63e-01	4.35e-01	1.93e-03	3.90e-06	1.79e-07	0.00e+00	0.00e+00	0.00e+00	0.00e+00	5.63e-01	5.08e-08	3.04e-08
 1.56212e+23	5.85e-01	4.14e-01	1.67e-03	3.51e-06	1.51e-07	0.00e+00	0.00e+00	0.00e+00	0.00e+00	5.85e-01	5.12e-08	3.06e-08
 1.56385e+23	6.00e-01	3.99e-01	1.51e-03	3.26e-06	1.33e-07	0.00e+00	0.00e+00	0.00e+00	0.00e+00	6.00e-01	5.14e-08	3.07e-08
 1.56504e+23	6.10e-01	3.89e-01	1.41e-03	3.10e-06	0.00e+00	0.00e+00	0.00e+00	0.00e+00	0.00e+00	6.10e-01	5.14e-08	3.07e-08
 1.56622e+23	6.20e-01	3.78e-01	1.31e-03	2.94e-06	0.00e+00	0.00e+00	0.00e+00	0.00e+00	0.00e+00	6.20e-01	5.15e-08	3.07e-08
 1.56764e+23	6.32e-01	3.67e-01	1.20e-03	2.77e-06	0.00e+00	0.00e+00	0.00e+00	0.00e+00	0.00e+00	6.32e-01	5.16e-08	3.08e-08
 1.56919e+23	6.45e-01	3.54e-01	1.09e-03	2.59e-06	0.00e+00	0.00e+00	0.00e+00	0.00e+00	0.00e+00	6.45e-01	5.15e-08	3.07e-08
 1.57068e+23	6.56e-01	3.43e-01	9.96e-04	2.44e-06	0.00e+00	0.00e+00	0.00e+00	0.00e+00	0.00e+00	6.56e-01	5.15e-08	3.07e-08
 1.57215e+23	6.68e-01	3.32e-01	9.12e-04	2.30e-06	0.00e+00	0.00e+00	0.00e+00	0.00e+00	0.00e+00	6.68e-01	5.14e-08	3.06e-08
 1.57368e+23	6.79e-01	3.20e-01	8.32e-04	2.17e-06	0.00e+00	0.00e+00	0.00e+00	0.00e+00	0.00e+00	6.79e-01	5.12e-08	3.05e-08
 1.57523e+23	6.90e-01	3.10e-01	7.60e-04	2.04e-06	0.00e+00	0.00e+00	0.00e+00	0.00e+00	0.00e+00	6.90e-01	5.11e-08	3.04e-08
 1.57682e+23	7.00e-01	2.99e-01	6.94e-04	1.92e-06	0.00e+00	0.00e+00	0.00e+00	0.00e+00	0.00e+00	7.00e-01	5.09e-08	3.02e-08
 1.57846e+23	7.11e-01	2.89e-01	6.32e-04	1.81e-06	0.00e+00	0.00e+00	0.00e+00	0.00e+00	0.00e+00	7.11e-01	5.06e-08	3.01e-08
 1.58015e+23	7.21e-01	2.79e-01	5.75e-04	1.71e-06	0.00e+00	0.00e+00	0.00e+00	0.00e+00	0.00e+00	7.21e-01	5.04e-08	2.99e-08
 1.58188e+23	7.31e-01	2.68e-01	5.22e-04	1.61e-06	0.00e+00	0.00e+00	0.00e+00	0.00e+00	0.00e+00	7.31e-01	5.00e-08	2.97e-08
 1.58364e+23	7.41e-01	2.59e-01	4.75e-04	1.52e-06	0.00e+00	0.00e+00	0.00e+00	0.00e+00	0.00e+00	7.41e-01	4.97e-08	2.95e-08
 1.58544e+23	7.50e-01	2.50e-01	4.32e-04	1.43e-06	0.00e+00	0.00e+00	0.00e+00	0.00e+00	0.00e+00	7.50e-01	4.94e-08	2.93e-08
 1.58731e+23	7.59e-01	2.40e-01	3.91e-04	1.35e-06	0.00e+00	0.00e+00	0.00e+00	0.00e+00	0.00e+00	7.59e-01	4.90e-08	2.91e-08
 1.58925e+23	7.68e-01	2.31e-01	3.54e-04	1.27e-06	0.00e+00	0.00e+00	0.00e+00	0.00e+00	0.00e+00	7.68e-01	4.86e-08	2.88e-08
 1.59123e+23	7.77e-01	2.23e-01	3.21e-04	1.20e-06	0.00e+00	0.00e+00	0.00e+00	0.00e+00	0.00e+00	7.77e-01	4.82e-08	2.86e-08
 1.59327e+23	7.86e-01	2.14e-01	2.91e-04	1.13e-06	0.00e+00	0.00e+00	0.00e+00	0.00e+00	0.00e+00	7.86e-01	4.78e-08	2.83e-08
 1.59539e+23	7.94e-01	2.06e-01	2.62e-04	1.06e-06	0.00e+00	0.00e+00	0.00e+00	0.00e+00	0.00e+00	7.94e-01	4.74e-08	2.80e-08
 1.59754e+23	8.02e-01	1.98e-01	2.38e-04	1.00e-06	0.00e+00	0.00e+00	0.00e+00	0.00e+00	0.00e+00	8.02e-01	4.69e-08	2.77e-08
 1.59975e+23	8.10e-01	1.90e-01	2.15e-04	9.46e-07	0.00e+00	0.00e+00	0.00e+00	0.00e+00	0.00e+00	8.10e-01	4.65e-08	2.75e-08
 1.60207e+23	8.17e-01	1.82e-01	1.94e-04	8.91e-07	0.00e+00	0.00e+00	0.00e+00	0.00e+00	0.00e+00	8.17e-01	4.61e-08	2.72e-08
 1.60449e+23	8.25e-01	1.75e-01	1.76e-04	8.39e-07	0.00e+00	0.00e+00	0.00e+00	0.00e+00	0.00e+00	8.25e-01	4.56e-08	2.69e-08
 1.60697e+23	8.32e-01	1.68e-01	1.59e-04	7.91e-07	0.00e+00	0.00e+00	0.00e+00	0.00e+00	0.00e+00	8.32e-01	4.52e-08	2.66e-08
 1.60952e+23	8.39e-01	1.61e-01	1.44e-04	7.46e-07	0.00e+00	0.00e+00	0.00e+00	0.00e+00	0.00e+00	8.39e-01	4.48e-08	2.64e-08
 1.61220e+23	8.45e-01	1.55e-01	1.31e-04	7.03e-07	0.00e+00	0.00e+00	0.00e+00	0.00e+00	0.00e+00	8.45e-01	4.44e-08	2.61e-08
 1.61499e+23	8.52e-01	1.48e-01	1.19e-04	6.63e-07	0.00e+00	0.00e+00	0.00e+00	0.00e+00	0.00e+00	8.52e-01	4.40e-08	2.58e-08
 1.61784e+23	8.58e-01	1.42e-01	1.08e-04	6.26e-07	0.00e+00	0.00e+00	0.00e+00	0.00e+00	0.00e+00	8.58e-01	4.36e-08	2.56e-08
 1.62074e+23	8.63e-01	1.37e-01	9.93e-05	5.92e-07	0.00e+00	0.00e+00	0.00e+00	0.00e+00	0.00e+00	8.63e-01	4.32e-08	2.53e-08
 1.62372e+23	8.68e-01	1.32e-01	9.12e-05	5.60e-07	0.00e+00	0.00e+00	0.00e+00	0.00e+00	0.00e+00	8.68e-01	4.28e-08	2.50e-08
 1.62686e+23	8.73e-01	1.27e-01	8.40e-05	5.30e-07	0.00e+00	0.00e+00	0.00e+00	0.00e+00	0.00e+00	8.73e-01	4.24e-08	2.46e-08
 1.63013e+23	8.78e-01	1.22e-01	7.77e-05	5.01e-07	0.00e+00	0.00e+00	0.00e+00	0.00e+00	0.00e+00	8.78e-01	4.20e-08	2.43e-08
 1.63347e+23	8.83e-01	1.17e-01	7.22e-05	4.76e-07	0.00e+00	0.00e+00	0.00e+00	0.00e+00	0.00e+00	8.83e-01	4.17e-08	2.40e-08
 1.63690e+23	8.87e-01	1.13e-01	6.74e-05	4.51e-07	0.00e+00	0.00e+00	0.00e+00	0.00e+00	0.00e+00	8.87e-01	4.13e-08	2.37e-08
 1.64050e+23	8.91e-01	1.09e-01	6.31e-05	4.28e-07	0.00e+00	0.00e+00	0.00e+00	0.00e+00	0.00e+00	8.91e-01	4.10e-08	2.34e-08
 1.64436e+23	8.95e-01	1.05e-01	5.93e-05	4.06e-07	0.00e+00	0.00e+00	0.00e+00	0.00e+00	0.00e+00	8.95e-01	4.08e-08	2.31e-08
 1.64836e+23	8.99e-01	1.01e-01	5.59e-05	3.85e-07	0.00e+00	0.00e+00	0.00e+00	0.00e+00	0.00e+00	8.99e-01	4.06e-08	2.29e-08
 1.65252e+23	9.02e-01	9.75e-02	5.29e-05	3.66e-07	0.00e+00	0.00e+00	0.00e+00	0.00e+00	0.00e+00	9.02e-01	4.03e-08	2.26e-08
 1.65694e+23	9.06e-01	9.40e-02	5.02e-05	3.47e-07	0.00e+00	0.00e+00	0.00e+00	0.00e+00	0.00e+00	9.06e-01	4.02e-08	2.24e-08
 1.66165e+23	9.09e-01	9.06e-02	4.78e-05	3.29e-07	0.00e+00	0.00e+00	0.00e+00	0.00e+00	0.00e+00	9.09e-01	4.00e-08	2.22e-08
 1.66659e+23	9.13e-01	8.74e-02	4.57e-05	3.12e-07	0.00e+00	0.00e+00	0.00e+00	0.00e+00	0.00e+00	9.13e-01	3.99e-08	2.20e-08
 1.67161e+23	9.16e-01	8.42e-02	4.39e-05	2.96e-07	0.00e+00	0.00e+00	0.00e+00	0.00e+00	0.00e+00	9.16e-01	3.98e-08	2.18e-08
 1.67643e+23	9.18e-01	8.16e-02	4.24e-05	2.82e-07	0.00e+00	0.00e+00	0.00e+00	0.00e+00	0.00e+00	9.18e-01	3.97e-08	2.16e-08
 1.68105e+23	9.21e-01	7.93e-02	4.11e-05	2.70e-07	0.00e+00	0.00e+00	0.00e+00	0.00e+00	0.00e+00	9.21e-01	3.97e-08	2.15e-08
 1.68559e+23	9.23e-01	7.70e-02	4.00e-05	2.59e-07	0.00e+00	0.00e+00	0.00e+00	0.00e+00	0.00e+00	9.23e-01	3.97e-08	2.13e-08
 1.69005e+23	9.25e-01	7.49e-02	3.90e-05	2.48e-07	0.00e+00	0.00e+00	0.00e+00	0.00e+00	0.00e+00	9.25e-01	3.97e-08	2.12e-08
 1.69441e+23	9.27e-01	7.28e-02	3.82e-05	2.38e-07	0.00e+00	0.00e+00	0.00e+00	0.00e+00	0.00e+00	9.27e-01	3.96e-08	2.11e-08
 1.69858e+23	9.29e-01	7.10e-02	3.74e-05	2.29e-07	0.00e+00	0.00e+00	0.00e+00	0.00e+00	0.00e+00	9.29e-01	3.96e-08	2.10e-08
 1.70254e+23	9.31e-01	6.92e-02	3.68e-05	2.21e-07	0.00e+00	0.00e+00	0.00e+00	0.00e+00	0.00e+00	9.31e-01	3.95e-08	2.09e-08
 1.70627e+23	9.32e-01	6.76e-02	3.62e-05	2.14e-07	0.00e+00	0.00e+00	0.00e+00	0.00e+00	0.00e+00	9.32e-01	3.95e-08	2.08e-08
 1.70989e+23	9.34e-01	6.61e-02	3.57e-05	2.06e-07	0.00e+00	0.00e+00	0.00e+00	0.00e+00	0.00e+00	9.34e-01	3.95e-08	2.07e-08
 1.71352e+23	9.35e-01	6.45e-02	3.52e-05	1.99e-07	0.00e+00	0.00e+00	0.00e+00	0.00e+00	0.00e+00	9.35e-01	3.94e-08	2.06e-08
 1.71703e+23	9.37e-01	6.30e-02	3.48e-05	1.93e-07	0.00e+00	0.00e+00	0.00e+00	0.00e+00	0.00e+00	9.37e-01	3.94e-08	2.05e-08
 1.72041e+23	9.38e-01	6.16e-02	3.44e-05	1.87e-07	0.00e+00	0.00e+00	0.00e+00	0.00e+00	0.00e+00	9.38e-01	3.94e-08	2.04e-08
 1.72367e+23	9.40e-01	6.03e-02	3.40e-05	1.81e-07	0.00e+00	0.00e+00	0.00e+00	0.00e+00	0.00e+00	9.40e-01	3.93e-08	2.03e-08
 1.72682e+23	9.41e-01	5.90e-02	3.37e-05	1.76e-07	0.00e+00	0.00e+00	0.00e+00	0.00e+00	0.00e+00	9.41e-01	3.93e-08	2.02e-08
 1.72986e+23	9.42e-01	5.77e-02	3.33e-05	1.71e-07	0.00e+00	0.00e+00	0.00e+00	0.00e+00	0.00e+00	9.42e-01	3.93e-08	2.02e-08
 1.73280e+23	9.43e-01	5.65e-02	3.31e-05	1.66e-07	0.00e+00	0.00e+00	0.00e+00	0.00e+00	0.00e+00	9.43e-01	3.93e-08	2.01e-08
 1.73563e+23	9.45e-01	5.54e-02	3.28e-05	1.61e-07	0.00e+00	0.00e+00	0.00e+00	0.00e+00	0.00e+00	9.45e-01	3.92e-08	2.00e-08
 1.73836e+23	9.46e-01	5.43e-02	3.26e-05	1.57e-07	0.00e+00	0.00e+00	0.00e+00	0.00e+00	0.00e+00	9.46e-01	3.92e-08	1.99e-08
 1.74099e+23	9.47e-01	5.32e-02	3.23e-05	1.53e-07	0.00e+00	0.00e+00	0.00e+00	0.00e+00	0.00e+00	9.47e-01	3.92e-08	1.99e-08
 1.74349e+23	9.48e-01	5.22e-02	3.21e-05	1.49e-07	0.00e+00	0.00e+00	0.00e+00	0.00e+00	0.00e+00	9.48e-01	3.91e-08	1.98e-08
 1.74594e+23	9.49e-01	5.11e-02	3.19e-05	1.45e-07	0.00e+00	0.00e+00	0.00e+00	0.00e+00	0.00e+00	9.49e-01	3.91e-08	1.97e-08
 1.74832e+23	9.50e-01	5.01e-02	3.17e-05	1.42e-07	0.00e+00	0.00e+00	0.00e+00	0.00e+00	0.00e+00	9.50e-01	3.90e-08	1.96e-08
 1.75049e+23	9.51e-01	4.93e-02	3.16e-05	1.39e-07	0.00e+00	0.00e+00	0.00e+00	0.00e+00	0.00e+00	9.51e-01	3.90e-08	1.96e-08
 1.75246e+23	9.51e-01	4.85e-02	3.14e-05	1.36e-07	0.00e+00	0.00e+00	0.00e+00	0.00e+00	0.00e+00	9.51e-01	3.89e-08	1.95e-08
 1.75426e+23	9.52e-01	4.78e-02	3.13e-05	1.34e-07	0.00e+00	0.00e+00	0.00e+00	0.00e+00	0.00e+00	9.52e-01	3.89e-08	1.94e-08
 1.75589e+23	9.53e-01	4.72e-02	3.12e-05	1.31e-07	0.00e+00	0.00e+00	0.00e+00	0.00e+00	0.00e+00	9.53e-01	3.89e-08	1.94e-08
 1.75738e+23	9.53e-01	4.66e-02	3.10e-05	1.29e-07	0.00e+00	0.00e+00	0.00e+00	0.00e+00	0.00e+00	9.53e-01	3.88e-08	1.93e-08
 1.75873e+23	9.54e-01	4.61e-02	3.09e-05	1.28e-07	0.00e+00	0.00e+00	0.00e+00	0.00e+00	0.00e+00	9.54e-01	3.88e-08	1.93e-08
 1.75996e+23	9.54e-01	4.55e-02	3.09e-05	1.26e-07	0.00e+00	0.00e+00	0.00e+00	0.00e+00	0.00e+00	9.54e-01	3.85e-08	1.92e-08
 1.76108e+23	9.55e-01	4.52e-02	3.08e-05	1.25e-07	0.00e+00	0.00e+00	0.00e+00	0.00e+00	0.00e+00	9.55e-01	3.85e-08	1.92e-08
 1.76231e+23	9.55e-01	4.46e-02	3.06e-05	0.00e+00	0.00e+00	0.00e+00	0.00e+00	0.00e+00	0.00e+00	9.55e-01	3.84e-08	1.91e-08
 1.76390e+23	9.56e-01	4.39e-02	3.05e-05	0.00e+00	0.00e+00	0.00e+00	0.00e+00	0.00e+00	0.00e+00	9.56e-01	3.82e-08	1.91e-08
 1.76562e+23	9.57e-01	4.31e-02	3.03e-05	0.00e+00	0.00e+00	0.00e+00	0.00e+00	0.00e+00	0.00e+00	9.57e-01	3.80e-08	1.90e-08
 1.76719e+23	9.58e-01	4.24e-02	3.01e-05	0.00e+00	0.00e+00	0.00e+00	0.00e+00	0.00e+00	0.00e+00	9.58e-01	3.79e-08	1.89e-08
 1.76862e+23	9.58e-01	4.19e-02	3.00e-05	0.00e+00	0.00e+00	0.00e+00	0.00e+00	0.00e+00	0.00e+00	9.58e-01	3.78e-08	1.89e-08
 1.76991e+23	9.59e-01	4.14e-02	2.98e-05	0.00e+00	0.00e+00	0.00e+00	0.00e+00	0.00e+00	0.00e+00	9.59e-01	3.76e-08	1.88e-08
 1.77110e+23	9.59e-01	4.09e-02	2.97e-05	0.00e+00	0.00e+00	0.00e+00	0.00e+00	0.00e+00	0.00e+00	9.59e-01	3.75e-08	1.88e-08
 1.77217e+23	9.59e-01	4.05e-02	2.96e-05	0.00e+00	0.00e+00	0.00e+00	0.00e+00	0.00e+00	0.00e+00	9.59e-01	3.74e-08	1.87e-08
 1.77315e+23	9.60e-01	4.03e-02	2.95e-05	0.00e+00	0.00e+00	0.00e+00	0.00e+00	0.00e+00	0.00e+00	9.60e-01	3.74e-08	1.87e-08
 1.77422e+23	9.60e-01	3.99e-02	2.94e-05	0.00e+00	0.00e+00	0.00e+00	0.00e+00	0.00e+00	0.00e+00	9.60e-01	3.73e-08	1.87e-08
 1.77561e+23	9.61e-01	3.93e-02	2.92e-05	0.00e+00	0.00e+00	0.00e+00	0.00e+00	0.00e+00	0.00e+00	9.61e-01	3.72e-08	1.87e-08
 1.77712e+23	9.61e-01	3.87e-02	2.90e-05	0.00e+00	0.00e+00	0.00e+00	0.00e+00	0.00e+00	0.00e+00	9.61e-01	3.71e-08	1.86e-08
 1.77849e+23	9.62e-01	3.83e-02	2.88e-05	0.00e+00	0.00e+00	0.00e+00	0.00e+00	0.00e+00	0.00e+00	9.62e-01	3.71e-08	1.86e-08
 1.77999e+23	9.62e-01	3.77e-02	2.86e-05	0.00e+00	0.00e+00	0.00e+00	0.00e+00	0.00e+00	0.00e+00	9.62e-01	3.70e-08	1.86e-08
 1.78161e+23	9.63e-01	3.71e-02	2.84e-05	0.00e+00	0.00e+00	0.00e+00	0.00e+00	0.00e+00	0.00e+00	9.63e-01	3.70e-08	1.85e-08
 1.78308e+23	9.63e-01	3.65e-02	2.82e-05	0.00e+00	0.00e+00	0.00e+00	0.00e+00	0.00e+00	0.00e+00	9.63e-01	3.68e-08	1.85e-08
 1.78442e+23	9.64e-01	3.63e-02	2.80e-05	0.00e+00	0.00e+00	0.00e+00	0.00e+00	0.00e+00	0.00e+00	9.64e-01	3.69e-08	1.85e-08
 1.78589e+23	9.64e-01	3.58e-02	2.78e-05	0.00e+00	0.00e+00	0.00e+00	0.00e+00	0.00e+00	0.00e+00	9.64e-01	3.68e-08	1.85e-08
 1.78747e+23	9.65e-01	3.52e-02	2.76e-05	0.00e+00	0.00e+00	0.00e+00	0.00e+00	0.00e+00	0.00e+00	9.65e-01	3.67e-08	1.84e-08
 1.78892e+23	9.65e-01	3.47e-02	2.74e-05	0.00e+00	0.00e+00	0.00e+00	0.00e+00	0.00e+00	0.00e+00	9.65e-01	3.66e-08	1.83e-08
 1.79023e+23	9.66e-01	3.44e-02	2.72e-05	0.00e+00	0.00e+00	0.00e+00	0.00e+00	0.00e+00	0.00e+00	9.66e-01	3.66e-08	1.83e-08
 1.79167e+23	9.66e-01	3.39e-02	2.70e-05	0.00e+00	0.00e+00	0.00e+00	0.00e+00	0.00e+00	0.00e+00	9.66e-01	3.66e-08	1.83e-08
 1.79323e+23	9.67e-01	3.34e-02	2.68e-05	0.00e+00	0.00e+00	0.00e+00	0.00e+00	0.00e+00	0.00e+00	9.67e-01	3.65e-08	1.83e-08
 1.79493e+23	9.67e-01	3.28e-02	2.65e-05	0.00e+00	0.00e+00	0.00e+00	0.00e+00	0.00e+00	0.00e+00	9.67e-01	3.65e-08	1.82e-08
 1.79677e+23	9.68e-01	3.22e-02	2.61e-05	0.00e+00	0.00e+00	0.00e+00	0.00e+00	0.00e+00	0.00e+00	9.68e-01	3.64e-08	1.82e-08
 1.79844e+23	9.68e-01	3.17e-02	2.59e-05	0.00e+00	0.00e+00	0.00e+00	0.00e+00	0.00e+00	0.00e+00	9.68e-01	3.63e-08	1.81e-08
 1.79996e+23	9.69e-01	3.13e-02	2.56e-05	0.00e+00	0.00e+00	0.00e+00	0.00e+00	0.00e+00	0.00e+00	9.69e-01	3.63e-08	1.81e-08
 1.80135e+23	9.69e-01	3.09e-02	2.54e-05	0.00e+00	0.00e+00	0.00e+00	0.00e+00	0.00e+00	0.00e+00	9.69e-01	3.62e-08	1.80e-08
 1.80261e+23	9.69e-01	3.05e-02	2.52e-05	0.00e+00	0.00e+00	0.00e+00	0.00e+00	0.00e+00	0.00e+00	9.69e-01	3.62e-08	1.80e-08
 1.80399e+23	9.70e-01	3.01e-02	2.50e-05	0.00e+00	0.00e+00	0.00e+00	0.00e+00	0.00e+00	0.00e+00	9.70e-01	3.61e-08	1.79e-08
 1.80548e+23	9.70e-01	2.96e-02	2.47e-05	0.00e+00	0.00e+00	0.00e+00	0.00e+00	0.00e+00	0.00e+00	9.70e-01	3.60e-08	1.79e-08
 1.80684e+23	9.71e-01	2.92e-02	2.45e-05	0.00e+00	0.00e+00	0.00e+00	0.00e+00	0.00e+00	0.00e+00	9.71e-01	3.59e-08	1.78e-08
 1.80807e+23	9.71e-01	2.89e-02	2.44e-05	0.00e+00	0.00e+00	0.00e+00	0.00e+00	0.00e+00	0.00e+00	9.71e-01	3.59e-08	1.78e-08
 1.80942e+23	9.71e-01	2.85e-02	2.41e-05	0.00e+00	0.00e+00	0.00e+00	0.00e+00	0.00e+00	0.00e+00	9.71e-01	3.59e-08	1.78e-08
 1.81089e+23	9.72e-01	2.81e-02	2.39e-05	0.00e+00	0.00e+00	0.00e+00	0.00e+00	0.00e+00	0.00e+00	9.72e-01	3.58e-08	1.77e-08
 1.81222e+23	9.72e-01	2.77e-02	2.37e-05	0.00e+00	0.00e+00	0.00e+00	0.00e+00	0.00e+00	0.00e+00	9.72e-01	3.57e-08	1.76e-08
 1.81342e+23	9.73e-01	2.74e-02	2.36e-05	0.00e+00	0.00e+00	0.00e+00	0.00e+00	0.00e+00	0.00e+00	9.73e-01	3.57e-08	1.76e-08
 1.81475e+23	9.73e-01	2.71e-02	2.34e-05	0.00e+00	0.00e+00	0.00e+00	0.00e+00	0.00e+00	0.00e+00	9.73e-01	3.57e-08	1.76e-08
 1.81618e+23	9.73e-01	2.67e-02	2.32e-05	0.00e+00	0.00e+00	0.00e+00	0.00e+00	0.00e+00	0.00e+00	9.73e-01	3.56e-08	1.75e-08
 1.81775e+23	9.74e-01	2.62e-02	2.29e-05	0.00e+00	0.00e+00	0.00e+00	0.00e+00	0.00e+00	0.00e+00	9.74e-01	3.55e-08	1.75e-08
 1.81944e+23	9.74e-01	2.57e-02	2.27e-05	0.00e+00	0.00e+00	0.00e+00	0.00e+00	0.00e+00	0.00e+00	9.74e-01	3.55e-08	1.74e-08
 1.82098e+23	9.75e-01	2.53e-02	2.25e-05	0.00e+00	0.00e+00	0.00e+00	0.00e+00	0.00e+00	0.00e+00	9.75e-01	3.53e-08	1.73e-08
 1.82239e+23	9.75e-01	2.51e-02	2.23e-05	0.00e+00	0.00e+00	0.00e+00	0.00e+00	0.00e+00	0.00e+00	9.75e-01	3.52e-08	1.72e-08
 1.82392e+23	9.75e-01	2.48e-02	2.21e-05	0.00e+00	0.00e+00	0.00e+00	0.00e+00	0.00e+00	0.00e+00	9.75e-01	3.49e-08	1.71e-08
 1.82558e+23	9.76e-01	2.44e-02	2.19e-05	0.00e+00	0.00e+00	0.00e+00	0.00e+00	0.00e+00	0.00e+00	9.76e-01	3.47e-08	1.70e-08
 1.82740e+23	9.76e-01	2.39e-02	2.17e-05	0.00e+00	0.00e+00	0.00e+00	0.00e+00	0.00e+00	0.00e+00	9.76e-01	3.44e-08	1.68e-08
 1.82936e+23	9.77e-01	2.35e-02	2.14e-05	0.00e+00	0.00e+00	0.00e+00	0.00e+00	0.00e+00	0.00e+00	9.77e-01	3.40e-08	1.67e-08
 1.83115e+23	9.77e-01	2.31e-02	2.12e-05	0.00e+00	0.00e+00	0.00e+00	0.00e+00	0.00e+00	0.00e+00	9.77e-01	3.38e-08	1.65e-08
 1.83277e+23	9.77e-01	2.29e-02	2.11e-05	0.00e+00	0.00e+00	0.00e+00	0.00e+00	0.00e+00	0.00e+00	9.77e-01	3.36e-08	1.64e-08
 1.83455e+23	9.78e-01	2.25e-02	2.08e-05	0.00e+00	0.00e+00	0.00e+00	0.00e+00	0.00e+00	0.00e+00	9.78e-01	3.34e-08	1.62e-08
 1.83647e+23	9.78e-01	2.21e-02	2.06e-05	0.00e+00	0.00e+00	0.00e+00	0.00e+00	0.00e+00	0.00e+00	9.78e-01	3.32e-08	1.61e-08
 1.83822e+23	9.78e-01	2.17e-02	2.05e-05	0.00e+00	0.00e+00	0.00e+00	0.00e+00	0.00e+00	0.00e+00	9.78e-01	3.29e-08	1.59e-08
 1.83981e+23	9.79e-01	2.14e-02	2.03e-05	0.00e+00	0.00e+00	0.00e+00	0.00e+00	0.00e+00	0.00e+00	9.79e-01	3.26e-08	1.57e-08
 1.84126e+23	9.79e-01	2.13e-02	2.02e-05	0.00e+00	0.00e+00	0.00e+00	0.00e+00	0.00e+00	0.00e+00	9.79e-01	3.25e-08	1.56e-08
 1.84285e+23	9.79e-01	2.09e-02	2.00e-05	0.00e+00	0.00e+00	0.00e+00	0.00e+00	0.00e+00	0.00e+00	9.79e-01	3.22e-08	1.54e-08
 1.84456e+23	9.79e-01	2.06e-02	1.98e-05	0.00e+00	0.00e+00	0.00e+00	0.00e+00	0.00e+00	0.00e+00	9.79e-01	3.21e-08	1.54e-08
 1.84644e+23	9.80e-01	2.02e-02	1.96e-05	0.00e+00	0.00e+00	0.00e+00	0.00e+00	0.00e+00	0.00e+00	9.80e-01	3.18e-08	1.52e-08
 1.84847e+23	9.80e-01	1.98e-02	1.94e-05	0.00e+00	0.00e+00	0.00e+00	0.00e+00	0.00e+00	0.00e+00	9.80e-01	3.15e-08	1.50e-08
 1.85031e+23	9.80e-01	1.96e-02	1.92e-05	0.00e+00	0.00e+00	0.00e+00	0.00e+00	0.00e+00	0.00e+00	9.80e-01	3.14e-08	1.49e-08
 1.85233e+23	9.81e-01	1.92e-02	1.90e-05	0.00e+00	0.00e+00	0.00e+00	0.00e+00	0.00e+00	0.00e+00	9.81e-01	3.11e-08	1.47e-08
 1.85452e+23	9.81e-01	1.88e-02	1.88e-05	0.00e+00	0.00e+00	0.00e+00	0.00e+00	0.00e+00	0.00e+00	9.81e-01	3.08e-08	1.45e-08
 1.85650e+23	9.82e-01	1.85e-02	1.86e-05	0.00e+00	0.00e+00	0.00e+00	0.00e+00	0.00e+00	0.00e+00	9.82e-01	3.04e-08	1.42e-08
 1.85831e+23	9.82e-01	1.83e-02	1.85e-05	0.00e+00	0.00e+00	0.00e+00	0.00e+00	0.00e+00	0.00e+00	9.82e-01	3.04e-08	1.42e-08
 1.86029e+23	9.82e-01	1.80e-02	1.83e-05	0.00e+00	0.00e+00	0.00e+00	0.00e+00	0.00e+00	0.00e+00	9.82e-01	3.00e-08	1.40e-08
 1.86243e+23	9.82e-01	1.76e-02	1.81e-05	0.00e+00	0.00e+00	0.00e+00	0.00e+00	0.00e+00	0.00e+00	9.82e-01	2.97e-08	1.37e-08
 1.86437e+23	9.83e-01	1.74e-02	1.79e-05	0.00e+00	0.00e+00	0.00e+00	0.00e+00	0.00e+00	0.00e+00	9.83e-01	2.95e-08	1.37e-08
 1.86651e+23	9.83e-01	1.70e-02	1.77e-05	0.00e+00	0.00e+00	0.00e+00	0.00e+00	0.00e+00	0.00e+00	9.83e-01	2.92e-08	1.34e-08
 1.86881e+23	9.83e-01	1.66e-02	1.75e-05	0.00e+00	0.00e+00	0.00e+00	0.00e+00	0.00e+00	0.00e+00	9.83e-01	2.88e-08	1.32e-08
 1.87090e+23	9.84e-01	1.64e-02	1.74e-05	0.00e+00	0.00e+00	0.00e+00	0.00e+00	0.00e+00	0.00e+00	9.84e-01	2.87e-08	1.31e-08
 1.87320e+23	9.84e-01	1.60e-02	1.72e-05	0.00e+00	0.00e+00	0.00e+00	0.00e+00	0.00e+00	0.00e+00	9.84e-01	2.83e-08	1.28e-08
 1.87567e+23	9.84e-01	1.57e-02	1.70e-05	0.00e+00	0.00e+00	0.00e+00	0.00e+00	0.00e+00	0.00e+00	9.84e-01	2.80e-08	1.26e-08
 1.87793e+23	9.85e-01	1.54e-02	1.68e-05	0.00e+00	0.00e+00	0.00e+00	0.00e+00	0.00e+00	0.00e+00	9.85e-01	2.77e-08	1.25e-08
 1.87998e+23	9.85e-01	1.52e-02	1.67e-05	0.00e+00	0.00e+00	0.00e+00	0.00e+00	0.00e+00	0.00e+00	9.85e-01	2.75e-08	1.23e-08
 1.88223e+23	9.85e-01	1.49e-02	1.65e-05	0.00e+00	0.00e+00	0.00e+00	0.00e+00	0.00e+00	0.00e+00	9.85e-01	2.71e-08	1.21e-08
 1.88466e+23	9.85e-01	1.45e-02	1.63e-05	0.00e+00	0.00e+00	0.00e+00	0.00e+00	0.00e+00	0.00e+00	9.85e-01	2.67e-08	1.18e-08
 1.88686e+23	9.86e-01	1.44e-02	1.61e-05	0.00e+00	0.00e+00	0.00e+00	0.00e+00	0.00e+00	0.00e+00	9.86e-01	2.66e-08	1.17e-08
 1.88928e+23	9.86e-01	1.40e-02	1.59e-05	0.00e+00	0.00e+00	0.00e+00	0.00e+00	0.00e+00	0.00e+00	9.86e-01	2.63e-08	1.15e-08
 1.89190e+23	9.86e-01	1.37e-02	1.58e-05	0.00e+00	0.00e+00	0.00e+00	0.00e+00	0.00e+00	0.00e+00	9.86e-01	2.59e-08	1.13e-08
 1.89428e+23	9.86e-01	1.35e-02	1.56e-05	0.00e+00	0.00e+00	0.00e+00	0.00e+00	0.00e+00	0.00e+00	9.86e-01	2.58e-08	1.12e-08
 1.89688e+23	9.87e-01	1.32e-02	1.54e-05	0.00e+00	0.00e+00	0.00e+00	0.00e+00	0.00e+00	0.00e+00	9.87e-01	2.55e-08	1.10e-08
 1.89969e+23	9.87e-01	1.29e-02	1.52e-05	0.00e+00	0.00e+00	0.00e+00	0.00e+00	0.00e+00	0.00e+00	9.87e-01	2.51e-08	1.08e-08
 1.90225e+23	9.87e-01	1.27e-02	1.51e-05	0.00e+00	0.00e+00	0.00e+00	0.00e+00	0.00e+00	0.00e+00	9.87e-01	2.50e-08	1.07e-08
 1.90506e+23	9.88e-01	1.24e-02	1.49e-05	0.00e+00	0.00e+00	0.00e+00	0.00e+00	0.00e+00	0.00e+00	9.88e-01	2.47e-08	1.05e-08
 1.90809e+23	9.88e-01	1.21e-02	1.47e-05	0.00e+00	0.00e+00	0.00e+00	0.00e+00	0.00e+00	0.00e+00	9.88e-01	2.44e-08	1.03e-08
 1.91084e+23	9.88e-01	1.18e-02	1.45e-05	0.00e+00	0.00e+00	0.00e+00	0.00e+00	0.00e+00	0.00e+00	9.88e-01	2.42e-08	1.01e-08
 1.91335e+23	9.88e-01	1.16e-02	1.44e-05	0.00e+00	0.00e+00	0.00e+00	0.00e+00	0.00e+00	0.00e+00	9.88e-01	2.40e-08	9.95e-09
 1.91610e+23	9.89e-01	1.13e-02	1.42e-05	0.00e+00	0.00e+00	0.00e+00	0.00e+00	0.00e+00	0.00e+00	9.89e-01	2.37e-08	9.74e-09
 1.91906e+23	9.89e-01	1.11e-02	1.40e-05	0.00e+00	0.00e+00	0.00e+00	0.00e+00	0.00e+00	0.00e+00	9.89e-01	2.33e-08	9.52e-09
 1.92176e+23	9.89e-01	1.09e-02	1.39e-05	0.00e+00	0.00e+00	0.00e+00	0.00e+00	0.00e+00	0.00e+00	9.89e-01	2.31e-08	9.41e-09
 1.92472e+23	9.89e-01	1.06e-02	1.37e-05	0.00e+00	0.00e+00	0.00e+00	0.00e+00	0.00e+00	0.00e+00	9.89e-01	2.28e-08	9.21e-09
 1.92792e+23	9.90e-01	1.03e-02	1.35e-05	0.00e+00	0.00e+00	0.00e+00	0.00e+00	0.00e+00	0.00e+00	9.90e-01	2.25e-08	8.99e-09
 1.93082e+23	9.90e-01	1.01e-02	1.34e-05	0.00e+00	0.00e+00	0.00e+00	0.00e+00	0.00e+00	0.00e+00	9.90e-01	2.23e-08	8.88e-09
 1.93401e+23	9.90e-01	9.88e-03	1.32e-05	0.00e+00	0.00e+00	0.00e+00	0.00e+00	0.00e+00	0.00e+00	9.90e-01	2.20e-08	8.68e-09
 1.93744e+23	9.90e-01	9.60e-03	1.30e-05	0.00e+00	0.00e+00	0.00e+00	0.00e+00	0.00e+00	0.00e+00	9.90e-01	2.16e-08	8.46e-09
 1.94057e+23	9.91e-01	9.42e-03	1.28e-05	0.00e+00	0.00e+00	0.00e+00	0.00e+00	0.00e+00	0.00e+00	9.91e-01	2.15e-08	8.35e-09
 1.94400e+23	9.91e-01	9.16e-03	1.26e-05	0.00e+00	0.00e+00	0.00e+00	0.00e+00	0.00e+00	0.00e+00	9.91e-01	2.12e-08	8.14e-09
 1.94770e+23	9.91e-01	8.92e-03	1.25e-05	0.00e+00	0.00e+00	0.00e+00	0.00e+00	0.00e+00	0.00e+00	9.91e-01	2.09e-08	7.98e-09
 1.95107e+23	9.91e-01	8.70e-03	1.23e-05	0.00e+00	0.00e+00	0.00e+00	0.00e+00	0.00e+00	0.00e+00	9.91e-01	2.07e-08	7.81e-09
 1.95414e+23	9.91e-01	8.53e-03	1.22e-05	0.00e+00	0.00e+00	0.00e+00	0.00e+00	0.00e+00	0.00e+00	9.91e-01	2.05e-08	7.69e-09
 1.95749e+23	9.92e-01	8.30e-03	1.20e-05	0.00e+00	0.00e+00	0.00e+00	0.00e+00	0.00e+00	0.00e+00	9.92e-01	2.02e-08	7.49e-09
 1.96112e+23	9.92e-01	8.06e-03	1.18e-05	0.00e+00	0.00e+00	0.00e+00	0.00e+00	0.00e+00	0.00e+00	9.92e-01	1.99e-08	7.30e-09
 1.96442e+23	9.92e-01	7.90e-03	1.17e-05	0.00e+00	0.00e+00	0.00e+00	0.00e+00	0.00e+00	0.00e+00	9.92e-01	1.98e-08	7.20e-09
 1.96803e+23	9.92e-01	7.69e-03	1.15e-05	0.00e+00	0.00e+00	0.00e+00	0.00e+00	0.00e+00	0.00e+00	9.92e-01	1.95e-08	7.03e-09
 1.97194e+23	9.93e-01	7.47e-03	1.13e-05	0.00e+00	0.00e+00	0.00e+00	0.00e+00	0.00e+00	0.00e+00	9.93e-01	1.93e-08	6.87e-09
 1.97549e+23	9.93e-01	7.29e-03	1.12e-05	0.00e+00	0.00e+00	0.00e+00	0.00e+00	0.00e+00	0.00e+00	9.93e-01	1.90e-08	6.72e-09
 1.97872e+23	9.93e-01	7.13e-03	1.11e-05	0.00e+00	0.00e+00	0.00e+00	0.00e+00	0.00e+00	0.00e+00	9.93e-01	1.89e-08	6.60e-09
 1.98226e+23	9.93e-01	6.94e-03	1.09e-05	0.00e+00	0.00e+00	0.00e+00	0.00e+00	0.00e+00	0.00e+00	9.93e-01	1.86e-08	6.44e-09
 1.98609e+23	9.93e-01	6.76e-03	1.07e-05	0.00e+00	0.00e+00	0.00e+00	0.00e+00	0.00e+00	0.00e+00	9.93e-01	1.84e-08	6.30e-09
 1.98957e+23	9.93e-01	6.59e-03	1.06e-05	0.00e+00	0.00e+00	0.00e+00	0.00e+00	0.00e+00	0.00e+00	9.93e-01	1.82e-08	6.16e-09
 1.99338e+23	9.94e-01	6.41e-03	1.04e-05	0.00e+00	0.00e+00	0.00e+00	0.00e+00	0.00e+00	0.00e+00	9.94e-01	1.80e-08	6.00e-09
 1.99750e+23	9.94e-01	6.23e-03	1.03e-05	0.00e+00	0.00e+00	0.00e+00	0.00e+00	0.00e+00	0.00e+00	9.94e-01	1.77e-08	5.84e-09
 2.00124e+23	9.94e-01	6.08e-03	1.02e-05	0.00e+00	0.00e+00	0.00e+00	0.00e+00	0.00e+00	0.00e+00	9.94e-01	1.76e-08	5.72e-09
 2.00535e+23	9.94e-01	5.89e-03	9.98e-06	0.00e+00	0.00e+00	0.00e+00	0.00e+00	0.00e+00	0.00e+00	9.94e-01	1.73e-08	5.56e-09
 2.00978e+23	9.94e-01	5.73e-03	9.83e-06	0.00e+00	0.00e+00	0.00e+00	0.00e+00	0.00e+00	0.00e+00	9.94e-01	1.71e-08	5.41e-09
 2.01381e+23	9.94e-01	5.57e-03	9.69e-06	0.00e+00	0.00e+00	0.00e+00	0.00e+00	0.00e+00	0.00e+00	9.94e-01	1.69e-08	5.27e-09
 2.01823e+23	9.95e-01	5.39e-03	9.51e-06	0.00e+00	0.00e+00	0.00e+00	0.00e+00	0.00e+00	0.00e+00	9.95e-01	1.66e-08	5.11e-09
 2.02300e+23	9.95e-01	5.23e-03	9.36e-06	0.00e+00	0.00e+00	0.00e+00	0.00e+00	0.00e+00	0.00e+00	9.95e-01	1.64e-08	4.96e-09
 2.02734e+23	9.95e-01	5.08e-03	9.21e-06	0.00e+00	0.00e+00	0.00e+00	0.00e+00	0.00e+00	0.00e+00	9.95e-01	1.62e-08	4.82e-09
 2.03129e+23	9.95e-01	4.95e-03	9.09e-06	0.00e+00	0.00e+00	0.00e+00	0.00e+00	0.00e+00	0.00e+00	9.95e-01	1.60e-08	4.71e-09
 2.03562e+23	9.95e-01	4.73e-03	8.93e-06	0.00e+00	0.00e+00	0.00e+00	0.00e+00	0.00e+00	0.00e+00	9.95e-01	1.58e-08	4.57e-09
 2.04125e+23	9.96e-01	4.34e-03	8.72e-06	0.00e+00	0.00e+00	0.00e+00	0.00e+00	0.00e+00	0.00e+00	9.96e-01	1.54e-08	4.35e-09
 2.04749e+23	9.96e-01	4.07e-03	8.53e-06	0.00e+00	0.00e+00	0.00e+00	0.00e+00	0.00e+00	0.00e+00	9.96e-01	1.51e-08	4.16e-09
 2.05375e+23	9.96e-01	3.84e-03	8.33e-06	0.00e+00	0.00e+00	0.00e+00	0.00e+00	0.00e+00	0.00e+00	9.96e-01	1.48e-08	3.97e-09
 2.06019e+23	9.96e-01	3.62e-03	8.14e-06	0.00e+00	0.00e+00	0.00e+00	0.00e+00	0.00e+00	0.00e+00	9.96e-01	1.45e-08	3.78e-09
 2.06673e+23	9.97e-01	3.41e-03	7.95e-06	0.00e+00	0.00e+00	0.00e+00	0.00e+00	0.00e+00	0.00e+00	9.97e-01	1.42e-08	3.60e-09
 2.07334e+23	9.97e-01	3.21e-03	7.76e-06	0.00e+00	0.00e+00	0.00e+00	0.00e+00	0.00e+00	0.00e+00	9.97e-01	1.39e-08	3.42e-09
 2.08003e+23	9.97e-01	3.01e-03	7.57e-06	0.00e+00	0.00e+00	0.00e+00	0.00e+00	0.00e+00	0.00e+00	9.97e-01	1.36e-08	3.25e-09
 2.08678e+23	9.97e-01	2.82e-03	7.39e-06	0.00e+00	0.00e+00	0.00e+00	0.00e+00	0.00e+00	0.00e+00	9.97e-01	1.33e-08	3.08e-09
 2.09358e+23	9.97e-01	2.64e-03	7.21e-06	0.00e+00	0.00e+00	0.00e+00	0.00e+00	0.00e+00	0.00e+00	9.97e-01	1.30e-08	2.92e-09
 2.10045e+23	9.98e-01	2.46e-03	7.03e-06	0.00e+00	0.00e+00	0.00e+00	0.00e+00	0.00e+00	0.00e+00	9.98e-01	1.27e-08	2.76e-09
 2.10740e+23	9.98e-01	2.30e-03	6.86e-06	0.00e+00	0.00e+00	0.00e+00	0.00e+00	0.00e+00	0.00e+00	9.98e-01	1.24e-08	2.61e-09
 2.11441e+23	9.98e-01	2.14e-03	6.69e-06	0.00e+00	0.00e+00	0.00e+00	0.00e+00	0.00e+00	0.00e+00	9.98e-01	1.21e-08	2.47e-09
 2.12148e+23	9.98e-01	1.99e-03	6.52e-06	0.00e+00	0.00e+00	0.00e+00	0.00e+00	0.00e+00	0.00e+00	9.98e-01	1.18e-08	2.33e-09
 2.12862e+23	9.98e-01	1.84e-03	6.36e-06	0.00e+00	0.00e+00	0.00e+00	0.00e+00	0.00e+00	0.00e+00	9.98e-01	1.15e-08	2.19e-09
 2.13581e+23	9.98e-01	1.71e-03	6.20e-06	0.00e+00	0.00e+00	0.00e+00	0.00e+00	0.00e+00	0.00e+00	9.98e-01	1.12e-08	2.06e-09
 2.14304e+23	9.98e-01	1.58e-03	6.04e-06	0.00e+00	0.00e+00	0.00e+00	0.00e+00	0.00e+00	0.00e+00	9.98e-01	1.08e-08	1.93e-09
 2.15032e+23	9.99e-01	1.45e-03	5.88e-06	0.00e+00	0.00e+00	0.00e+00	0.00e+00	0.00e+00	0.00e+00	9.99e-01	1.05e-08	1.81e-09
 2.15766e+23	9.99e-01	1.34e-03	5.73e-06	0.00e+00	0.00e+00	0.00e+00	0.00e+00	0.00e+00	0.00e+00	9.99e-01	1.02e-08	1.69e-09
 2.16506e+23	9.99e-01	1.23e-03	5.58e-06	0.00e+00	0.00e+00	0.00e+00	0.00e+00	0.00e+00	0.00e+00	9.99e-01	9.91e-09	1.57e-09
 2.17252e+23	9.99e-01	1.13e-03	5.43e-06	0.00e+00	0.00e+00	0.00e+00	0.00e+00	0.00e+00	0.00e+00	9.99e-01	9.59e-09	1.46e-09
 2.18003e+23	9.99e-01	1.03e-03	5.29e-06	0.00e+00	0.00e+00	0.00e+00	0.00e+00	0.00e+00	0.00e+00	9.99e-01	9.28e-09	1.36e-09
 2.18759e+23	9.99e-01	9.45e-04	5.15e-06	0.00e+00	0.00e+00	0.00e+00	0.00e+00	0.00e+00	0.00e+00	9.99e-01	8.97e-09	1.26e-09
 2.19521e+23	9.99e-01	8.61e-04	5.01e-06	0.00e+00	0.00e+00	0.00e+00	0.00e+00	0.00e+00	0.00e+00	9.99e-01	8.66e-09	1.16e-09
 2.20289e+23	9.99e-01	7.85e-04	4.87e-06	0.00e+00	0.00e+00	0.00e+00	0.00e+00	0.00e+00	0.00e+00	9.99e-01	8.36e-09	1.07e-09
 2.21073e+23	9.99e-01	7.12e-04	4.74e-06	0.00e+00	0.00e+00	0.00e+00	0.00e+00	0.00e+00	0.00e+00	9.99e-01	8.04e-09	9.85e-10
 2.21873e+23	9.99e-01	6.45e-04	4.60e-06	0.00e+00	0.00e+00	0.00e+00	0.00e+00	0.00e+00	0.00e+00	9.99e-01	7.74e-09	9.03e-10
 2.22682e+23	9.99e-01	5.82e-04	4.47e-06	0.00e+00	0.00e+00	0.00e+00	0.00e+00	0.00e+00	0.00e+00	9.99e-01	7.44e-09	8.26e-10
 2.23501e+23	9.99e-01	5.24e-04	4.34e-06	0.00e+00	0.00e+00	0.00e+00	0.00e+00	0.00e+00	0.00e+00	9.99e-01	7.14e-09	7.53e-10
 2.24328e+23	1.00e+00	4.71e-04	4.22e-06	0.00e+00	0.00e+00	0.00e+00	0.00e+00	0.00e+00	0.00e+00	1.00e+00	6.85e-09	6.85e-10
 2.25164e+23	1.00e+00	4.22e-04	4.09e-06	0.00e+00	0.00e+00	0.00e+00	0.00e+00	0.00e+00	0.00e+00	1.00e+00	6.56e-09	6.21e-10
 2.26010e+23	1.00e+00	3.77e-04	3.97e-06	0.00e+00	0.00e+00	0.00e+00	0.00e+00	0.00e+00	0.00e+00	1.00e+00	6.28e-09	5.61e-10
 2.26866e+23	1.00e+00	3.37e-04	3.85e-06	0.00e+00	0.00e+00	0.00e+00	0.00e+00	0.00e+00	0.00e+00	1.00e+00	6.00e-09	5.07e-10
 2.27736e+23	1.00e+00	2.99e-04	3.73e-06	0.00e+00	0.00e+00	0.00e+00	0.00e+00	0.00e+00	0.00e+00	1.00e+00	5.72e-09	4.55e-10
 2.28620e+23	1.00e+00	2.66e-04	3.61e-06	0.00e+00	0.00e+00	0.00e+00	0.00e+00	0.00e+00	0.00e+00	1.00e+00	5.47e-09	4.10e-10
 2.29527e+23	1.00e+00	2.35e-04	3.50e-06	0.00e+00	0.00e+00	0.00e+00	0.00e+00	0.00e+00	0.00e+00	1.00e+00	5.20e-09	3.66e-10
 2.30458e+23	1.00e+00	2.07e-04	3.38e-06	0.00e+00	0.00e+00	0.00e+00	0.00e+00	0.00e+00	0.00e+00	1.00e+00	4.96e-09	3.27e-10
 2.31403e+23	1.00e+00	1.82e-04	3.27e-06	0.00e+00	0.00e+00	0.00e+00	0.00e+00	0.00e+00	0.00e+00	1.00e+00	4.72e-09	2.90e-10
 2.32366e+23	1.00e+00	1.59e-04	3.16e-06	0.00e+00	0.00e+00	0.00e+00	0.00e+00	0.00e+00	0.00e+00	1.00e+00	4.49e-09	2.57e-10
 2.33345e+23	1.00e+00	1.39e-04	3.05e-06	0.00e+00	0.00e+00	0.00e+00	0.00e+00	0.00e+00	0.00e+00	1.00e+00	4.26e-09	2.27e-10
 2.34343e+23	1.00e+00	1.21e-04	2.94e-06	0.00e+00	0.00e+00	0.00e+00	0.00e+00	0.00e+00	0.00e+00	1.00e+00	4.04e-09	2.00e-10
 2.35360e+23	1.00e+00	1.05e-04	2.83e-06	0.00e+00	0.00e+00	0.00e+00	0.00e+00	0.00e+00	0.00e+00	1.00e+00	3.82e-09	1.75e-10
 2.36398e+23	1.00e+00	9.12e-05	2.73e-06	0.00e+00	0.00e+00	0.00e+00	0.00e+00	0.00e+00	0.00e+00	1.00e+00	3.62e-09	1.53e-10
 2.37463e+23	1.00e+00	7.87e-05	2.62e-06	0.00e+00	0.00e+00	0.00e+00	0.00e+00	0.00e+00	0.00e+00	1.00e+00	3.42e-09	1.34e-10
 2.38554e+23	1.00e+00	6.77e-05	2.52e-06	0.00e+00	0.00e+00	0.00e+00	0.00e+00	0.00e+00	0.00e+00	1.00e+00	3.22e-09	1.16e-10
 2.39670e+23	1.00e+00	5.80e-05	2.42e-06	0.00e+00	0.00e+00	0.00e+00	0.00e+00	0.00e+00	0.00e+00	1.00e+00	3.03e-09	1.00e-10
 2.40812e+23	1.00e+00	4.96e-05	2.32e-06	0.00e+00	0.00e+00	0.00e+00	0.00e+00	0.00e+00	0.00e+00	1.00e+00	2.85e-09	8.64e-11
 2.41980e+23	1.00e+00	4.23e-05	2.22e-06	0.00e+00	0.00e+00	0.00e+00	0.00e+00	0.00e+00	0.00e+00	1.00e+00	2.68e-09	7.42e-11
 2.43177e+23	1.00e+00	3.60e-05	2.12e-06	0.00e+00	0.00e+00	0.00e+00	0.00e+00	0.00e+00	0.00e+00	1.00e+00	2.51e-09	6.37e-11
