#depth	He	He+	He+2
 1.35320e+22	6.12e-05	7.96e-02	9.20e-01
 3.13188e+22	1.11e-04	1.05e-01	8.94e-01
 3.77011e+22	1.48e-04	1.21e-01	8.79e-01
 4.15305e+22	1.85e-04	1.34e-01	8.66e-01
 4.38361e+22	2.01e-04	1.39e-01	8.60e-01
 4.52246e+22	2.22e-04	1.46e-01	8.54e-01
 4.67170e+22	2.44e-04	1.52e-01	8.47e-01
 4.81218e+22	2.65e-04	1.59e-01	8.41e-01
 4.97253e+22	2.97e-04	1.67e-01	8.33e-01
 5.13516e+22	3.27e-04	1.74e-01	8.25e-01
 5.27811e+22	3.58e-04	1.81e-01	8.18e-01
 5.44131e+22	4.00e-04	1.91e-01	8.09e-01
 5.60736e+22	4.39e-04	1.99e-01	8.01e-01
 5.75492e+22	4.82e-04	2.07e-01	7.92e-01
 5.92452e+22	5.40e-04	2.18e-01	7.81e-01
 6.09695e+22	5.94e-04	2.27e-01	7.72e-01
 6.27306e+22	6.67e-04	2.39e-01	7.60e-01
 6.45144e+22	7.35e-04	2.49e-01	7.50e-01
 6.63277e+22	8.26e-04	2.62e-01	7.37e-01
 6.81765e+22	9.12e-04	2.73e-01	7.26e-01
 7.00714e+22	1.03e-03	2.88e-01	7.11e-01
 7.19995e+22	1.14e-03	3.00e-01	6.99e-01
 7.30708e+22	1.17e-03	3.03e-01	6.96e-01
 7.35637e+22	1.20e-03	3.07e-01	6.92e-01
 7.42043e+22	1.25e-03	3.12e-01	6.87e-01
 7.50372e+22	1.31e-03	3.18e-01	6.80e-01
 7.61200e+22	1.41e-03	3.28e-01	6.71e-01
 7.75276e+22	1.54e-03	3.40e-01	6.58e-01
 7.89563e+22	1.65e-03	3.50e-01	6.49e-01
 8.04127e+22	1.80e-03	3.63e-01	6.36e-01
 8.18873e+22	1.93e-03	3.73e-01	6.25e-01
 8.33855e+22	2.11e-03	3.86e-01	6.11e-01
 8.49158e+22	2.27e-03	3.98e-01	6.00e-01
 8.64878e+22	2.49e-03	4.12e-01	5.85e-01
 8.80881e+22	2.68e-03	4.25e-01	5.73e-01
 8.97254e+22	2.94e-03	4.40e-01	5.57e-01
 9.14007e+22	3.18e-03	4.54e-01	5.43e-01
 9.31254e+22	3.51e-03	4.71e-01	5.25e-01
 9.48461e+22	3.78e-03	4.85e-01	5.12e-01
 9.65617e+22	4.15e-03	5.02e-01	4.94e-01
 9.83408e+22	4.51e-03	5.18e-01	4.78e-01
 1.00203e+23	5.00e-03	5.37e-01	4.58e-01
 1.02068e+23	5.42e-03	5.54e-01	4.41e-01
 1.03938e+23	6.01e-03	5.74e-01	4.20e-01
 1.05821e+23	6.52e-03	5.91e-01	4.02e-01
 1.07720e+23	7.21e-03	6.12e-01	3.81e-01
 1.09637e+23	7.86e-03	6.30e-01	3.62e-01
 1.11578e+23	8.74e-03	6.52e-01	3.39e-01
 1.13504e+23	9.50e-03	6.70e-01	3.20e-01
 1.15411e+23	1.06e-02	6.92e-01	2.97e-01
 1.17310e+23	1.15e-02	7.10e-01	2.79e-01
 1.19199e+23	1.28e-02	7.31e-01	2.56e-01
 1.21086e+23	1.40e-02	7.48e-01	2.38e-01
 1.22972e+23	1.56e-02	7.68e-01	2.16e-01
 1.24858e+23	1.70e-02	7.85e-01	1.98e-01
 1.26746e+23	1.90e-02	8.03e-01	1.78e-01
 1.28645e+23	2.09e-02	8.18e-01	1.61e-01
 1.30559e+23	2.34e-02	8.34e-01	1.43e-01
 1.32492e+23	2.58e-02	8.47e-01	1.27e-01
 1.34163e+23	2.84e-02	8.57e-01	1.14e-01
 1.35795e+23	3.11e-02	8.66e-01	1.03e-01
 1.37263e+23	3.37e-02	8.73e-01	9.32e-02
 1.38561e+23	3.65e-02	8.78e-01	8.50e-02
 1.40044e+23	4.03e-02	8.84e-01	7.60e-02
 1.41612e+23	4.46e-02	8.87e-01	6.79e-02
 1.42983e+23	4.89e-02	8.90e-01	6.16e-02
 1.44229e+23	5.36e-02	8.90e-01	5.62e-02
 1.45416e+23	5.88e-02	8.90e-01	5.15e-02
 1.46542e+23	6.46e-02	8.88e-01	4.75e-02
 1.47592e+23	7.11e-02	8.85e-01	4.41e-02
 1.48549e+23	7.79e-02	8.81e-01	4.14e-02
 1.49415e+23	8.53e-02	8.76e-01	3.91e-02
 1.50195e+23	9.31e-02	8.70e-01	3.72e-02
 1.50886e+23	1.01e-01	8.63e-01	3.57e-02
 1.51503e+23	1.10e-01	8.56e-01	3.46e-02
 1.52074e+23	1.18e-01	8.48e-01	3.36e-02
 1.52612e+23	1.28e-01	8.39e-01	3.28e-02
 1.53102e+23	1.38e-01	8.30e-01	3.22e-02
 1.53548e+23	1.48e-01	8.20e-01	3.19e-02
 1.53963e+23	1.58e-01	8.10e-01	3.16e-02
 1.54341e+23	1.68e-01	8.00e-01	3.16e-02
 1.54667e+23	1.78e-01	7.91e-01	3.16e-02
 1.54912e+23	1.85e-01	7.84e-01	3.18e-02
 1.55096e+23	1.91e-01	7.78e-01	3.18e-02
 1.55285e+23	1.97e-01	7.71e-01	3.18e-02
 1.55503e+23	2.05e-01	7.63e-01	3.18e-02
 1.55744e+23	2.14e-01	7.54e-01	3.19e-02
 1.55987e+23	2.23e-01	7.44e-01	3.21e-02
 1.56212e+23	2.32e-01	7.35e-01	3.22e-02
 1.56385e+23	2.39e-01	7.29e-01	3.24e-02
 1.56504e+23	2.44e-01	7.24e-01	3.25e-02
 1.56622e+23	2.49e-01	7.18e-01	3.25e-02
 1.56764e+23	2.56e-01	7.12e-01	3.25e-02
 1.56919e+23	2.63e-01	7.04e-01	3.25e-02
 1.57068e+23	2.70e-01	6.98e-01	3.26e-02
 1.57215e+23	2.77e-01	6.90e-01	3.26e-02
 1.57368e+23	2.85e-01	6.82e-01	3.25e-02
 1.57523e+23	2.93e-01	6.74e-01	3.25e-02
 1.57682e+23	3.01e-01	6.66e-01	3.24e-02
 1.57846e+23	3.10e-01	6.57e-01	3.23e-02
 1.58015e+23	3.20e-01	6.48e-01	3.22e-02
 1.58188e+23	3.30e-01	6.38e-01	3.20e-02
 1.58364e+23	3.39e-01	6.29e-01	3.19e-02
 1.58544e+23	3.50e-01	6.18e-01	3.17e-02
 1.58731e+23	3.61e-01	6.08e-01	3.14e-02
 1.58925e+23	3.73e-01	5.96e-01	3.11e-02
 1.59123e+23	3.84e-01	5.85e-01	3.08e-02
 1.59327e+23	3.97e-01	5.72e-01	3.04e-02
 1.59539e+23	4.10e-01	5.60e-01	3.00e-02
 1.59754e+23	4.24e-01	5.47e-01	2.96e-02
 1.59975e+23	4.38e-01	5.33e-01	2.91e-02
 1.60207e+23	4.52e-01	5.19e-01	2.85e-02
 1.60449e+23	4.67e-01	5.05e-01	2.79e-02
 1.60697e+23	4.83e-01	4.90e-01	2.73e-02
 1.60952e+23	4.98e-01	4.75e-01	2.66e-02
 1.61220e+23	5.15e-01	4.60e-01	2.59e-02
 1.61499e+23	5.31e-01	4.44e-01	2.51e-02
 1.61784e+23	5.48e-01	4.28e-01	2.43e-02
 1.62074e+23	5.64e-01	4.13e-01	2.35e-02
 1.62372e+23	5.80e-01	3.97e-01	2.26e-02
 1.62686e+23	5.97e-01	3.82e-01	2.17e-02
 1.63013e+23	6.13e-01	3.66e-01	2.07e-02
 1.63347e+23	6.29e-01	3.52e-01	1.98e-02
 1.63690e+23	6.44e-01	3.37e-01	1.88e-02
 1.64050e+23	6.60e-01	3.22e-01	1.79e-02
 1.64436e+23	6.74e-01	3.09e-01	1.69e-02
 1.64836e+23	6.89e-01	2.95e-01	1.60e-02
 1.65252e+23	7.03e-01	2.82e-01	1.50e-02
 1.65694e+23	7.16e-01	2.70e-01	1.41e-02
 1.66165e+23	7.29e-01	2.58e-01	1.31e-02
 1.66659e+23	7.41e-01	2.46e-01	1.22e-02
 1.67161e+23	7.53e-01	2.36e-01	1.14e-02
 1.67643e+23	7.63e-01	2.27e-01	1.06e-02
 1.68105e+23	7.72e-01	2.18e-01	9.94e-03
 1.68559e+23	7.80e-01	2.11e-01	9.33e-03
 1.69005e+23	7.87e-01	2.04e-01	8.77e-03
 1.69441e+23	7.94e-01	1.98e-01	8.25e-03
 1.69858e+23	8.00e-01	1.92e-01	7.79e-03
 1.70254e+23	8.06e-01	1.87e-01	7.36e-03
 1.70627e+23	8.11e-01	1.82e-01	6.99e-03
 1.70989e+23	8.16e-01	1.78e-01	6.63e-03
 1.71352e+23	8.20e-01	1.73e-01	6.30e-03
 1.71703e+23	8.25e-01	1.69e-01	6.00e-03
 1.72041e+23	8.29e-01	1.65e-01	5.71e-03
 1.72367e+23	8.33e-01	1.62e-01	5.45e-03
 1.72682e+23	8.37e-01	1.58e-01	5.20e-03
 1.72986e+23	8.40e-01	1.55e-01	4.97e-03
 1.73280e+23	8.44e-01	1.52e-01	4.76e-03
 1.73563e+23	8.47e-01	1.49e-01	4.56e-03
 1.73836e+23	8.50e-01	1.46e-01	4.37e-03
 1.74099e+23	8.53e-01	1.43e-01	4.20e-03
 1.74349e+23	8.56e-01	1.40e-01	4.04e-03
 1.74594e+23	8.58e-01	1.38e-01	3.87e-03
 1.74832e+23	8.61e-01	1.35e-01	3.73e-03
 1.75049e+23	8.63e-01	1.33e-01	3.60e-03
 1.75246e+23	8.66e-01	1.31e-01	3.48e-03
 1.75426e+23	8.68e-01	1.29e-01	3.37e-03
 1.75589e+23	8.69e-01	1.27e-01	3.28e-03
 1.75738e+23	8.71e-01	1.26e-01	3.19e-03
 1.75873e+23	8.73e-01	1.24e-01	3.11e-03
 1.75996e+23	8.74e-01	1.23e-01	3.04e-03
 1.76108e+23	8.75e-01	1.22e-01	2.99e-03
 1.76231e+23	8.77e-01	1.20e-01	2.91e-03
 1.76390e+23	8.79e-01	1.19e-01	2.82e-03
 1.76562e+23	8.80e-01	1.17e-01	2.76e-03
 1.76719e+23	8.82e-01	1.16e-01	2.68e-03
 1.76862e+23	8.83e-01	1.14e-01	2.62e-03
 1.76991e+23	8.84e-01	1.13e-01	2.56e-03
 1.77110e+23	8.86e-01	1.12e-01	2.50e-03
 1.77217e+23	8.87e-01	1.11e-01	2.45e-03
 1.77315e+23	8.88e-01	1.10e-01	2.41e-03
 1.77422e+23	8.89e-01	1.09e-01	2.36e-03
 1.77561e+23	8.90e-01	1.08e-01	2.30e-03
 1.77712e+23	8.91e-01	1.07e-01	2.26e-03
 1.77849e+23	8.92e-01	1.06e-01	2.21e-03
 1.77999e+23	8.94e-01	1.04e-01	2.15e-03
 1.78161e+23	8.95e-01	1.03e-01	2.10e-03
 1.78308e+23	8.96e-01	1.02e-01	2.05e-03
 1.78442e+23	8.97e-01	1.01e-01	2.01e-03
 1.78589e+23	8.99e-01	9.94e-02	1.96e-03
 1.78747e+23	9.00e-01	9.82e-02	1.91e-03
 1.78892e+23	9.01e-01	9.70e-02	1.86e-03
 1.79023e+23	9.02e-01	9.62e-02	1.83e-03
 1.79167e+23	9.03e-01	9.49e-02	1.78e-03
 1.79323e+23	9.04e-01	9.39e-02	1.74e-03
 1.79493e+23	9.06e-01	9.25e-02	1.68e-03
 1.79677e+23	9.07e-01	9.13e-02	1.64e-03
 1.79844e+23	9.08e-01	9.00e-02	1.60e-03
 1.79996e+23	9.10e-01	8.89e-02	1.55e-03
 1.80135e+23	9.11e-01	8.78e-02	1.52e-03
 1.80261e+23	9.12e-01	8.69e-02	1.48e-03
 1.80399e+23	9.13e-01	8.57e-02	1.44e-03
 1.80548e+23	9.14e-01	8.47e-02	1.41e-03
 1.80684e+23	9.15e-01	8.37e-02	1.37e-03
 1.80807e+23	9.16e-01	8.29e-02	1.35e-03
 1.80942e+23	9.17e-01	8.19e-02	1.31e-03
 1.81089e+23	9.18e-01	8.09e-02	1.28e-03
 1.81222e+23	9.19e-01	8.00e-02	1.25e-03
 1.81342e+23	9.19e-01	7.93e-02	1.23e-03
 1.81475e+23	9.20e-01	7.84e-02	1.20e-03
 1.81618e+23	9.21e-01	7.75e-02	1.18e-03
 1.81775e+23	9.22e-01	7.64e-02	1.14e-03
 1.81944e+23	9.23e-01	7.55e-02	1.11e-03
 1.82098e+23	9.24e-01	7.45e-02	1.08e-03
 1.82239e+23	9.25e-01	7.38e-02	1.07e-03
 1.82392e+23	9.26e-01	7.29e-02	1.04e-03
 1.82558e+23	9.27e-01	7.21e-02	1.01e-03
 1.82740e+23	9.28e-01	7.10e-02	9.83e-04
 1.82936e+23	9.29e-01	7.01e-02	9.60e-04
 1.83115e+23	9.30e-01	6.91e-02	9.32e-04
 1.83277e+23	9.31e-01	6.85e-02	9.15e-04
 1.83455e+23	9.32e-01	6.73e-02	8.82e-04
 1.83647e+23	9.33e-01	6.65e-02	8.63e-04
 1.83822e+23	9.34e-01	6.57e-02	8.40e-04
 1.83981e+23	9.34e-01	6.48e-02	8.18e-04
 1.84126e+23	9.35e-01	6.42e-02	8.02e-04
 1.84285e+23	9.36e-01	6.32e-02	7.78e-04
 1.84456e+23	9.37e-01	6.26e-02	7.64e-04
 1.84644e+23	9.38e-01	6.17e-02	7.40e-04
 1.84847e+23	9.38e-01	6.09e-02	7.22e-04
 1.85031e+23	9.39e-01	6.02e-02	7.05e-04
 1.85233e+23	9.40e-01	5.91e-02	6.80e-04
 1.85452e+23	9.41e-01	5.83e-02	6.62e-04
 1.85650e+23	9.42e-01	5.75e-02	6.42e-04
 1.85831e+23	9.43e-01	5.68e-02	6.28e-04
 1.86029e+23	9.44e-01	5.59e-02	6.07e-04
 1.86243e+23	9.44e-01	5.52e-02	5.92e-04
 1.86437e+23	9.45e-01	5.45e-02	5.77e-04
 1.86651e+23	9.46e-01	5.35e-02	5.57e-04
 1.86881e+23	9.47e-01	5.27e-02	5.40e-04
 1.87090e+23	9.47e-01	5.21e-02	5.27e-04
 1.87320e+23	9.48e-01	5.11e-02	5.08e-04
 1.87567e+23	9.49e-01	5.04e-02	4.94e-04
 1.87793e+23	9.50e-01	4.96e-02	4.78e-04
 1.87998e+23	9.51e-01	4.90e-02	4.66e-04
 1.88223e+23	9.51e-01	4.81e-02	4.49e-04
 1.88466e+23	9.52e-01	4.73e-02	4.36e-04
 1.88686e+23	9.53e-01	4.67e-02	4.25e-04
 1.88928e+23	9.54e-01	4.59e-02	4.09e-04
 1.89190e+23	9.54e-01	4.51e-02	3.96e-04
 1.89428e+23	9.55e-01	4.45e-02	3.85e-04
 1.89688e+23	9.56e-01	4.37e-02	3.70e-04
 1.89969e+23	9.57e-01	4.29e-02	3.58e-04
 1.90225e+23	9.57e-01	4.23e-02	3.48e-04
 1.90506e+23	9.58e-01	4.14e-02	3.34e-04
 1.90809e+23	9.59e-01	4.08e-02	3.23e-04
 1.91084e+23	9.60e-01	4.00e-02	3.12e-04
 1.91335e+23	9.60e-01	3.94e-02	3.02e-04
 1.91610e+23	9.61e-01	3.87e-02	2.90e-04
 1.91906e+23	9.62e-01	3.80e-02	2.81e-04
 1.92176e+23	9.62e-01	3.74e-02	2.72e-04
 1.92472e+23	9.63e-01	3.67e-02	2.61e-04
 1.92792e+23	9.64e-01	3.60e-02	2.52e-04
 1.93082e+23	9.64e-01	3.54e-02	2.44e-04
 1.93401e+23	9.65e-01	3.46e-02	2.33e-04
 1.93744e+23	9.66e-01	3.40e-02	2.24e-04
 1.94057e+23	9.66e-01	3.34e-02	2.17e-04
 1.94400e+23	9.67e-01	3.26e-02	2.07e-04
 1.94770e+23	9.68e-01	3.20e-02	1.99e-04
 1.95107e+23	9.68e-01	3.14e-02	1.91e-04
 1.95414e+23	9.69e-01	3.08e-02	1.85e-04
 1.95749e+23	9.70e-01	3.02e-02	1.77e-04
 1.96112e+23	9.70e-01	2.95e-02	1.70e-04
 1.96442e+23	9.71e-01	2.90e-02	1.64e-04
 1.96803e+23	9.71e-01	2.84e-02	1.57e-04
 1.97194e+23	9.72e-01	2.78e-02	1.51e-04
 1.97549e+23	9.73e-01	2.72e-02	1.44e-04
 1.97872e+23	9.73e-01	2.68e-02	1.40e-04
 1.98226e+23	9.74e-01	2.62e-02	1.34e-04
 1.98609e+23	9.74e-01	2.57e-02	1.28e-04
 1.98957e+23	9.75e-01	2.52e-02	1.23e-04
 1.99338e+23	9.75e-01	2.46e-02	1.18e-04
 1.99750e+23	9.76e-01	2.41e-02	1.13e-04
 2.00124e+23	9.76e-01	2.36e-02	1.09e-04
 2.00535e+23	9.77e-01	2.30e-02	1.03e-04
 2.00978e+23	9.77e-01	2.25e-02	9.90e-05
 2.01381e+23	9.78e-01	2.21e-02	9.48e-05
 2.01823e+23	9.78e-01	2.15e-02	9.00e-05
 2.02300e+23	9.79e-01	2.10e-02	8.58e-05
 2.02734e+23	9.79e-01	2.05e-02	8.20e-05
 2.03129e+23	9.80e-01	2.01e-02	7.87e-05
 2.03562e+23	9.80e-01	1.96e-02	7.50e-05
 2.04125e+23	9.81e-01	1.90e-02	7.03e-05
 2.04749e+23	9.82e-01	1.84e-02	6.59e-05
 2.05375e+23	9.82e-01	1.78e-02	6.17e-05
 2.06019e+23	9.83e-01	1.72e-02	5.77e-05
 2.06673e+23	9.83e-01	1.66e-02	5.39e-05
 2.07334e+23	9.84e-01	1.61e-02	5.03e-05
 2.08003e+23	9.84e-01	1.55e-02	4.70e-05
 2.08678e+23	9.85e-01	1.50e-02	4.38e-05
 2.09358e+23	9.85e-01	1.45e-02	4.09e-05
 2.10045e+23	9.86e-01	1.40e-02	3.81e-05
 2.10740e+23	9.86e-01	1.35e-02	3.55e-05
 2.11441e+23	9.87e-01	1.30e-02	3.31e-05
 2.12148e+23	9.87e-01	1.26e-02	3.08e-05
 2.12862e+23	9.88e-01	1.21e-02	2.87e-05
 2.13581e+23	9.88e-01	1.17e-02	2.67e-05
 2.14304e+23	9.89e-01	1.13e-02	2.49e-05
 2.15032e+23	9.89e-01	1.09e-02	2.31e-05
 2.15766e+23	9.89e-01	1.05e-02	2.15e-05
 2.16506e+23	9.90e-01	1.01e-02	2.00e-05
 2.17252e+23	9.90e-01	9.74e-03	1.86e-05
 2.18003e+23	9.91e-01	9.39e-03	1.73e-05
 2.18759e+23	9.91e-01	9.05e-03	1.60e-05
 2.19521e+23	9.91e-01	8.72e-03	1.49e-05
 2.20289e+23	9.92e-01	8.40e-03	1.38e-05
 2.21073e+23	9.92e-01	8.09e-03	1.28e-05
 2.21873e+23	9.92e-01	7.78e-03	1.19e-05
 2.22682e+23	9.93e-01	7.49e-03	1.10e-05
 2.23501e+23	9.93e-01	7.20e-03	1.02e-05
 2.24328e+23	9.93e-01	6.92e-03	9.39e-06
 2.25164e+23	9.93e-01	6.65e-03	8.68e-06
 2.26010e+23	9.94e-01	6.39e-03	8.01e-06
 2.26866e+23	9.94e-01	6.14e-03	7.40e-06
 2.27736e+23	9.94e-01	5.90e-03	6.82e-06
 2.28620e+23	9.94e-01	5.66e-03	6.29e-06
 2.29527e+23	9.95e-01	5.43e-03	5.78e-06
 2.30458e+23	9.95e-01	5.20e-03	5.31e-06
 2.31403e+23	9.95e-01	4.98e-03	4.87e-06
 2.32366e+23	9.95e-01	4.77e-03	4.46e-06
 2.33345e+23	9.95e-01	4.56e-03	4.09e-06
 2.34343e+23	9.96e-01	4.36e-03	3.74e-06
 2.35360e+23	9.96e-01	4.17e-03	3.41e-06
 2.36398e+23	9.96e-01	3.98e-03	3.11e-06
 2.37463e+23	9.96e-01	3.80e-03	2.83e-06
 2.38554e+23	9.96e-01	3.62e-03	2.57e-06
 2.39670e+23	9.97e-01	3.45e-03	2.33e-06
 2.40812e+23	9.97e-01	3.28e-03	2.11e-06
 2.41980e+23	9.97e-01	3.12e-03	1.91e-06
 2.43177e+23	9.97e-01	2.97e-03	1.72e-06
 2.44407e+23	9.97e-01	2.81e-03	1.55e-06
 2.45662e+23	9.97e-01	2.67e-03	1.40e-06
 2.46927e+23	9.97e-01	2.53e-03	1.26e-06
 2.48203e+23	9.98e-01	2.40e-03	1.13e-06
 2.49495e+23	9.98e-01	2.28e-03	1.01e-06
 2.50800e+23	9.98e-01	2.16e-03	9.10e-07
 2.52119e+23	9.98e-01	2.04e-03	8.16e-07
 2.53450e+23	9.98e-01	1.93e-03	7.32e-07
 2.54797e+23	9.98e-01	1.83e-03	6.56e-07
 2.56158e+23	9.98e-01	1.73e-03	5.87e-07
 2.57534e+23	9.98e-01	1.64e-03	5.25e-07
 2.58919e+23	9.98e-01	1.55e-03	4.70e-07
 2.60317e+23	9.99e-01	1.47e-03	4.20e-07
 2.61735e+23	9.99e-01	1.39e-03	3.75e-07
 2.63154e+23	9.99e-01	1.31e-03	3.35e-07
 2.64586e+23	9.99e-01	1.24e-03	2.98e-07
 2.66047e+23	9.99e-01	1.17e-03	2.66e-07
 2.67525e+23	9.99e-01	1.10e-03	2.36e-07
 2.68987e+23	9.99e-01	1.04e-03	2.11e-07
 2.70378e+23	9.99e-01	9.84e-04	1.89e-07
 2.71674e+23	9.99e-01	9.36e-04	1.71e-07
 2.72887e+23	9.99e-01	8.93e-04	1.56e-07
 2.74039e+23	9.99e-01	8.54e-04	1.42e-07
 2.75141e+23	9.99e-01	8.19e-04	1.31e-07
 2.76191e+23	9.99e-01	7.86e-04	1.20e-07
 2.77187e+23	9.99e-01	7.56e-04	1.12e-07
 2.78128e+23	9.99e-01	7.29e-04	1.04e-07
 2.79020e+23	9.99e-01	7.04e-04	9.66e-08
 2.79871e+23	9.99e-01	6.82e-04	9.07e-08
 2.80675e+23	9.99e-01	6.62e-04	8.54e-08
 2.81432e+23	9.99e-01	6.43e-04	8.05e-08
 2.82156e+23	9.99e-01	6.25e-04	7.61e-08
 2.82854e+23	9.99e-01	6.08e-04	7.20e-08
 2.83524e+23	9.99e-01	5.92e-04	6.84e-08
 2.84161e+23	9.99e-01	5.78e-04	6.51e-08
 2.84766e+23	9.99e-01	5.64e-04	6.21e-08
 2.85342e+23	9.99e-01	5.52e-04	5.93e-08
 2.85895e+23	9.99e-01	5.40e-04	5.68e-08
 2.86428e+23	9.99e-01	5.28e-04	5.44e-08
 2.86943e+23	9.99e-01	5.18e-04	5.23e-08
 2.87438e+23	9.99e-01	5.08e-04	5.02e-08
 2.87913e+23	1.00e+00	4.98e-04	4.84e-08
 2.88371e+23	1.00e+00	4.89e-04	4.67e-08
 2.88815e+23	1.00e+00	4.81e-04	4.51e-08
 2.89246e+23	1.00e+00	4.73e-04	4.36e-08
 2.89666e+23	1.00e+00	4.65e-04	4.21e-08
 2.90076e+23	1.00e+00	4.57e-04	4.08e-08
 2.90477e+23	1.00e+00	4.50e-04	3.95e-08
 2.90870e+23	1.00e+00	4.43e-04	3.83e-08
 2.91257e+23	1.00e+00	4.36e-04	3.71e-08
 2.91640e+23	1.00e+00	4.30e-04	3.60e-08
 2.92022e+23	1.00e+00	4.23e-04	3.49e-08
 2.92402e+23	1.00e+00	4.16e-04	3.38e-08
 2.92783e+23	1.00e+00	4.10e-04	3.28e-08
 2.93166e+23	1.00e+00	4.04e-04	3.18e-08
 2.93553e+23	1.00e+00	3.98e-04	3.08e-08
 2.93944e+23	1.00e+00	3.91e-04	2.98e-08
 2.94344e+23	1.00e+00	3.85e-04	2.89e-08
 2.94755e+23	1.00e+00	3.78e-04	2.79e-08
 2.95180e+23	1.00e+00	3.72e-04	2.69e-08
 2.95619e+23	1.00e+00	3.65e-04	2.60e-08
 2.96072e+23	1.00e+00	3.58e-04	2.50e-08
 2.96546e+23	1.00e+00	3.51e-04	2.40e-08
 2.97044e+23	1.00e+00	3.43e-04	2.30e-08
 2.97567e+23	1.00e+00	3.36e-04	2.20e-08
 2.98117e+23	1.00e+00	3.28e-04	2.10e-08
 2.98695e+23	1.00e+00	3.20e-04	2.00e-08
 2.99308e+23	1.00e+00	3.12e-04	1.90e-08
 2.99954e+23	1.00e+00	3.04e-04	1.80e-08
 3.00634e+23	1.00e+00	2.95e-04	1.69e-08
 3.01356e+23	1.00e+00	2.86e-04	1.60e-08
 3.02123e+23	1.00e+00	2.76e-04	1.49e-08
 3.02934e+23	1.00e+00	2.67e-04	1.39e-08
 3.03794e+23	1.00e+00	2.57e-04	1.29e-08
 3.04709e+23	1.00e+00	2.47e-04	1.19e-08
 3.05684e+23	1.00e+00	2.37e-04	1.09e-08
 3.06723e+23	1.00e+00	2.26e-04	9.98e-09
 3.07832e+23	1.00e+00	2.15e-04	9.04e-09
 3.08486e+23	1.00e+00	2.13e-04	8.83e-09
