#depth	N	N+	N+2	N+3	N+4	N+5	N+6	N+7
 1.54284e+22	1.43e-13	3.36e-09	2.14e-06	1.17e-04	1.40e-03	1.22e-01	4.78e-01	3.98e-01
 3.46330e+22	9.84e-13	1.93e-08	1.03e-05	4.53e-04	3.78e-03	2.07e-01	5.14e-01	2.74e-01
 4.02495e+22	2.03e-12	3.81e-08	1.95e-05	8.08e-04	5.84e-03	2.56e-01	5.15e-01	2.22e-01
 4.30101e+22	2.81e-12	5.17e-08	2.61e-05	1.06e-03	7.16e-03	2.82e-01	5.10e-01	1.99e-01
 4.43278e+22	3.18e-12	5.86e-08	2.94e-05	1.19e-03	7.81e-03	2.94e-01	5.08e-01	1.89e-01
 4.51883e+22	3.68e-12	6.75e-08	3.37e-05	1.35e-03	8.60e-03	3.07e-01	5.04e-01	1.79e-01
 4.61398e+22	4.31e-12	7.77e-08	3.88e-05	1.53e-03	9.51e-03	3.21e-01	5.00e-01	1.68e-01
 4.70174e+22	4.83e-12	8.68e-08	4.32e-05	1.70e-03	1.03e-02	3.33e-01	4.96e-01	1.60e-01
 4.79024e+22	5.54e-12	9.94e-08	4.95e-05	1.93e-03	1.13e-02	3.47e-01	4.90e-01	1.50e-01
 4.88053e+22	6.19e-12	1.11e-07	5.51e-05	2.13e-03	1.23e-02	3.59e-01	4.85e-01	1.42e-01
 4.97412e+22	7.09e-12	1.27e-07	6.31e-05	2.43e-03	1.36e-02	3.74e-01	4.78e-01	1.32e-01
 5.06755e+22	7.89e-12	1.41e-07	7.00e-05	2.67e-03	1.46e-02	3.85e-01	4.72e-01	1.25e-01
 5.16078e+22	8.97e-12	1.60e-07	7.97e-05	3.01e-03	1.60e-02	4.00e-01	4.64e-01	1.17e-01
 5.25480e+22	9.93e-12	1.77e-07	8.81e-05	3.31e-03	1.72e-02	4.12e-01	4.57e-01	1.10e-01
 5.34985e+22	1.13e-11	2.01e-07	1.00e-04	3.72e-03	1.89e-02	4.27e-01	4.48e-01	1.02e-01
 5.44582e+22	1.24e-11	2.22e-07	1.10e-04	4.08e-03	2.02e-02	4.38e-01	4.41e-01	9.65e-02
 5.54300e+22	1.40e-11	2.51e-07	1.25e-04	4.58e-03	2.22e-02	4.53e-01	4.31e-01	8.93e-02
 5.64148e+22	1.55e-11	2.77e-07	1.38e-04	5.00e-03	2.37e-02	4.64e-01	4.23e-01	8.39e-02
 5.74167e+22	1.75e-11	3.13e-07	1.56e-04	5.61e-03	2.59e-02	4.79e-01	4.12e-01	7.73e-02
 5.84371e+22	1.94e-11	3.45e-07	1.73e-04	6.13e-03	2.78e-02	4.90e-01	4.04e-01	7.25e-02
 5.94816e+22	2.19e-11	3.91e-07	1.96e-04	6.87e-03	3.03e-02	5.04e-01	3.92e-01	6.64e-02
 6.05502e+22	2.43e-11	4.33e-07	2.17e-04	7.51e-03	3.25e-02	5.15e-01	3.83e-01	6.19e-02
 6.16500e+22	2.75e-11	4.91e-07	2.47e-04	8.43e-03	3.55e-02	5.29e-01	3.70e-01	5.64e-02
 6.27712e+22	3.07e-11	5.46e-07	2.74e-04	9.22e-03	3.80e-02	5.40e-01	3.60e-01	5.24e-02
 6.37159e+22	3.37e-11	5.98e-07	3.01e-04	9.97e-03	4.04e-02	5.49e-01	3.51e-01	4.90e-02
 6.47398e+22	3.78e-11	6.72e-07	3.38e-04	1.10e-02	4.36e-02	5.61e-01	3.39e-01	4.49e-02
 6.57351e+22	4.13e-11	7.32e-07	3.68e-04	1.18e-02	4.60e-02	5.69e-01	3.31e-01	4.21e-02
 6.66932e+22	4.57e-11	8.13e-07	4.10e-04	1.30e-02	4.93e-02	5.79e-01	3.20e-01	3.87e-02
 6.76612e+22	5.03e-11	8.90e-07	4.48e-04	1.39e-02	5.19e-02	5.86e-01	3.12e-01	3.63e-02
 6.86421e+22	5.60e-11	9.92e-07	5.00e-04	1.52e-02	5.56e-02	5.95e-01	3.00e-01	3.32e-02
 6.96375e+22	6.17e-11	1.09e-06	5.46e-04	1.63e-02	5.85e-02	6.02e-01	2.92e-01	3.10e-02
 7.06517e+22	6.89e-11	1.22e-06	6.12e-04	1.79e-02	6.26e-02	6.10e-01	2.81e-01	2.83e-02
 7.16808e+22	7.64e-11	1.34e-06	6.70e-04	1.92e-02	6.58e-02	6.16e-01	2.72e-01	2.64e-02
 7.27293e+22	8.56e-11	1.50e-06	7.52e-04	2.10e-02	7.04e-02	6.23e-01	2.61e-01	2.39e-02
 7.37954e+22	9.55e-11	1.66e-06	8.27e-04	2.26e-02	7.40e-02	6.28e-01	2.52e-01	2.22e-02
 7.48843e+22	1.08e-10	1.87e-06	9.32e-04	2.47e-02	7.91e-02	6.34e-01	2.41e-01	2.01e-02
 7.59976e+22	1.21e-10	2.08e-06	1.03e-03	2.66e-02	8.31e-02	6.39e-01	2.32e-01	1.85e-02
 7.71428e+22	1.37e-10	2.36e-06	1.17e-03	2.91e-02	8.89e-02	6.44e-01	2.21e-01	1.66e-02
 7.83184e+22	1.55e-10	2.64e-06	1.29e-03	3.14e-02	9.35e-02	6.47e-01	2.12e-01	1.53e-02
 7.95335e+22	1.78e-10	3.03e-06	1.48e-03	3.46e-02	9.99e-02	6.50e-01	2.00e-01	1.36e-02
 8.07618e+22	2.03e-10	3.41e-06	1.64e-03	3.72e-02	1.05e-01	6.52e-01	1.92e-01	1.24e-02
 8.20074e+22	2.34e-10	3.92e-06	1.88e-03	4.09e-02	1.12e-01	6.54e-01	1.81e-01	1.10e-02
 8.32654e+22	2.68e-10	4.42e-06	2.09e-03	4.41e-02	1.17e-01	6.54e-01	1.72e-01	1.00e-02
 8.45396e+22	3.12e-10	5.11e-06	2.40e-03	4.84e-02	1.25e-01	6.53e-01	1.62e-01	8.85e-03
 8.58373e+22	3.59e-10	5.80e-06	2.68e-03	5.22e-02	1.31e-01	6.52e-01	1.54e-01	8.02e-03
 8.69846e+22	4.07e-10	6.52e-06	2.99e-03	5.61e-02	1.37e-01	6.50e-01	1.46e-01	7.25e-03
 8.82951e+22	4.83e-10	7.61e-06	3.44e-03	6.15e-02	1.45e-01	6.47e-01	1.36e-01	6.36e-03
 8.96320e+22	5.39e-10	8.61e-06	3.85e-03	6.62e-02	1.52e-01	6.43e-01	1.29e-01	5.70e-03
 9.07157e+22	6.09e-10	9.61e-06	4.24e-03	7.04e-02	1.58e-01	6.39e-01	1.23e-01	5.20e-03
 9.18367e+22	7.06e-10	1.09e-05	4.75e-03	7.58e-02	1.65e-01	6.34e-01	1.16e-01	4.67e-03
 9.30178e+22	8.04e-10	1.23e-05	5.26e-03	8.08e-02	1.71e-01	6.29e-01	1.09e-01	4.22e-03
 9.41033e+22	9.14e-10	1.38e-05	5.81e-03	8.60e-02	1.77e-01	6.23e-01	1.04e-01	3.82e-03
 9.53405e+22	1.10e-09	1.59e-05	6.58e-03	9.30e-02	1.85e-01	6.15e-01	9.66e-02	3.37e-03
 9.66113e+22	1.26e-09	1.80e-05	7.33e-03	9.93e-02	1.92e-01	6.07e-01	9.06e-02	3.01e-03
 9.77277e+22	1.45e-09	2.03e-05	8.10e-03	1.06e-01	1.99e-01	5.99e-01	8.55e-02	2.71e-03
 9.89812e+22	1.71e-09	2.35e-05	9.17e-03	1.14e-01	2.06e-01	5.89e-01	7.93e-02	2.38e-03
 1.00294e+23	1.98e-09	2.67e-05	1.02e-02	1.21e-01	2.14e-01	5.79e-01	7.39e-02	2.10e-03
 1.01480e+23	2.24e-09	3.02e-05	1.14e-02	1.29e-01	2.20e-01	5.68e-01	6.92e-02	1.88e-03
 1.02819e+23	2.70e-09	3.54e-05	1.29e-02	1.39e-01	2.28e-01	5.55e-01	6.35e-02	1.62e-03
 1.04203e+23	3.15e-09	4.05e-05	1.45e-02	1.48e-01	2.35e-01	5.42e-01	5.87e-02	1.42e-03
 1.05435e+23	3.67e-09	4.60e-05	1.60e-02	1.57e-01	2.42e-01	5.29e-01	5.45e-02	1.25e-03
 1.06828e+23	4.45e-09	5.41e-05	1.83e-02	1.69e-01	2.49e-01	5.13e-01	4.96e-02	1.07e-03
 1.08279e+23	5.27e-09	6.24e-05	2.05e-02	1.80e-01	2.56e-01	4.97e-01	4.54e-02	9.27e-04
 1.09586e+23	6.19e-09	7.13e-05	2.28e-02	1.91e-01	2.61e-01	4.82e-01	4.17e-02	8.08e-04
 1.11068e+23	7.61e-09	8.47e-05	2.60e-02	2.05e-01	2.68e-01	4.63e-01	3.73e-02	6.75e-04
 1.12591e+23	9.06e-09	9.78e-05	2.91e-02	2.18e-01	2.73e-01	4.45e-01	3.39e-02	5.78e-04
 1.13958e+23	1.07e-08	1.13e-04	3.24e-02	2.30e-01	2.78e-01	4.28e-01	3.08e-02	4.97e-04
 1.15526e+23	1.34e-08	1.35e-04	3.72e-02	2.46e-01	2.83e-01	4.06e-01	2.71e-02	4.06e-04
 1.17110e+23	1.60e-08	1.55e-04	4.14e-02	2.60e-01	2.86e-01	3.88e-01	2.43e-02	3.44e-04
 1.18715e+23	2.00e-08	1.86e-04	4.73e-02	2.77e-01	2.89e-01	3.65e-01	2.12e-02	2.79e-04
 1.20346e+23	2.41e-08	2.16e-04	5.27e-02	2.91e-01	2.91e-01	3.46e-01	1.89e-02	2.33e-04
 1.21793e+23	2.89e-08	2.49e-04	5.84e-02	3.05e-01	2.92e-01	3.27e-01	1.68e-02	1.95e-04
 1.23456e+23	3.67e-08	3.00e-04	6.66e-02	3.23e-01	2.92e-01	3.03e-01	1.44e-02	1.54e-04
 1.25141e+23	4.42e-08	3.47e-04	7.38e-02	3.37e-01	2.92e-01	2.84e-01	1.26e-02	1.28e-04
 1.26854e+23	5.64e-08	4.19e-04	8.38e-02	3.55e-01	2.89e-01	2.61e-01	1.07e-02	9.93e-05
 1.28590e+23	6.85e-08	4.86e-04	9.26e-02	3.68e-01	2.86e-01	2.43e-01	9.28e-03	8.10e-05
 1.30355e+23	8.79e-08	5.87e-04	1.05e-01	3.85e-01	2.81e-01	2.20e-01	7.72e-03	6.19e-05
 1.32143e+23	1.07e-07	6.81e-04	1.15e-01	3.98e-01	2.76e-01	2.03e-01	6.64e-03	4.98e-05
 1.33700e+23	1.30e-07	7.85e-04	1.26e-01	4.10e-01	2.71e-01	1.87e-01	5.72e-03	4.02e-05
 1.35193e+23	1.55e-07	8.97e-04	1.37e-01	4.20e-01	2.65e-01	1.72e-01	4.95e-03	3.27e-05
 1.36619e+23	1.85e-07	1.02e-03	1.48e-01	4.29e-01	2.59e-01	1.59e-01	4.29e-03	2.67e-05
 1.38226e+23	2.31e-07	1.19e-03	1.63e-01	4.39e-01	2.50e-01	1.43e-01	3.57e-03	2.06e-05
 1.39827e+23	2.74e-07	1.35e-03	1.75e-01	4.46e-01	2.43e-01	1.31e-01	3.07e-03	1.67e-05
 1.41420e+23	3.41e-07	1.58e-03	1.92e-01	4.54e-01	2.33e-01	1.17e-01	2.54e-03	1.27e-05
 1.43043e+23	4.07e-07	1.79e-03	2.06e-01	4.59e-01	2.24e-01	1.07e-01	2.16e-03	1.02e-05
 1.44707e+23	5.09e-07	2.10e-03	2.24e-01	4.65e-01	2.13e-01	9.41e-02	1.76e-03	7.63e-06
 1.46389e+23	6.10e-07	2.38e-03	2.40e-01	4.68e-01	2.04e-01	8.48e-02	1.48e-03	6.01e-06
 1.47871e+23	7.26e-07	2.68e-03	2.56e-01	4.69e-01	1.95e-01	7.64e-02	1.24e-03	4.75e-06
 1.49574e+23	9.07e-07	3.13e-03	2.76e-01	4.70e-01	1.83e-01	6.66e-02	9.95e-04	3.50e-06
 1.51223e+23	1.07e-06	3.50e-03	2.92e-01	4.70e-01	1.74e-01	6.00e-02	8.42e-04	2.78e-06
 1.52539e+23	1.24e-06	3.86e-03	3.07e-01	4.68e-01	1.66e-01	5.45e-02	7.21e-04	2.25e-06
 1.53984e+23	1.48e-06	4.37e-03	3.25e-01	4.65e-01	1.56e-01	4.83e-02	5.93e-04	1.73e-06
 1.55455e+23	1.72e-06	4.83e-03	3.40e-01	4.62e-01	1.48e-01	4.35e-02	5.03e-04	1.38e-06
 1.56758e+23	1.98e-06	5.32e-03	3.56e-01	4.58e-01	1.41e-01	3.93e-02	4.27e-04	1.11e-06
 1.58250e+23	2.38e-06	6.00e-03	3.75e-01	4.53e-01	1.31e-01	3.44e-02	3.47e-04	8.35e-07
 1.59760e+23	2.76e-06	6.62e-03	3.92e-01	4.47e-01	1.24e-01	3.08e-02	2.91e-04	6.58e-07
 1.61087e+23	3.19e-06	7.28e-03	4.07e-01	4.41e-01	1.17e-01	2.76e-02	2.45e-04	5.22e-07
 1.62606e+23	3.81e-06	8.19e-03	4.27e-01	4.32e-01	1.08e-01	2.40e-02	1.97e-04	3.89e-07
 1.64150e+23	4.41e-06	9.01e-03	4.44e-01	4.25e-01	1.01e-01	2.13e-02	1.63e-04	3.03e-07
 1.65340e+23	4.91e-06	9.66e-03	4.56e-01	4.19e-01	9.61e-02	1.95e-02	1.43e-04	2.52e-07
 1.66502e+23	5.64e-06	1.06e-02	4.71e-01	4.10e-01	9.01e-02	1.74e-02	1.20e-04	1.99e-07
 1.68011e+23	6.74e-06	1.19e-02	4.91e-01	3.99e-01	8.27e-02	1.50e-02	9.49e-05	1.46e-07
 1.69559e+23	7.76e-06	1.30e-02	5.07e-01	3.90e-01	7.70e-02	1.33e-02	7.88e-05	0.00e+00
 1.71155e+23	9.37e-06	1.46e-02	5.27e-01	3.77e-01	6.99e-02	1.13e-02	6.12e-05	0.00e+00
 1.72755e+23	1.08e-05	1.60e-02	5.43e-01	3.66e-01	6.47e-02	9.90e-03	5.01e-05	0.00e+00
 1.74360e+23	1.29e-05	1.79e-02	5.62e-01	3.53e-01	5.86e-02	8.42e-03	3.91e-05	0.00e+00
 1.76016e+23	1.50e-05	1.97e-02	5.78e-01	3.41e-01	5.38e-02	7.31e-03	3.15e-05	0.00e+00
 1.77739e+23	1.81e-05	2.22e-02	5.97e-01	3.26e-01	4.82e-02	6.12e-03	2.40e-05	0.00e+00
 1.79490e+23	2.12e-05	2.44e-02	6.13e-01	3.14e-01	4.39e-02	5.26e-03	1.90e-05	0.00e+00
 1.81043e+23	2.46e-05	2.68e-02	6.27e-01	3.01e-01	4.00e-02	4.54e-03	1.52e-05	0.00e+00
 1.82825e+23	2.97e-05	3.01e-02	6.45e-01	2.86e-01	3.55e-02	3.75e-03	1.14e-05	0.00e+00
 1.84653e+23	3.48e-05	3.31e-02	6.59e-01	2.73e-01	3.20e-02	3.19e-03	8.88e-06	0.00e+00
 1.86287e+23	4.06e-05	3.63e-02	6.72e-01	2.60e-01	2.89e-02	2.72e-03	6.96e-06	0.00e+00
 1.87695e+23	4.52e-05	3.88e-02	6.81e-01	2.51e-01	2.68e-02	2.42e-03	5.83e-06	0.00e+00
 1.89064e+23	5.22e-05	4.23e-02	6.92e-01	2.39e-01	2.43e-02	2.08e-03	4.63e-06	0.00e+00
 1.90453e+23	5.85e-05	4.53e-02	7.01e-01	2.30e-01	2.24e-02	1.83e-03	3.83e-06	0.00e+00
 1.91870e+23	6.76e-05	4.94e-02	7.11e-01	2.18e-01	2.02e-02	1.56e-03	3.01e-06	0.00e+00
 1.93305e+23	7.58e-05	5.29e-02	7.18e-01	2.09e-01	1.85e-02	1.37e-03	2.47e-06	0.00e+00
 1.94762e+23	8.79e-05	5.78e-02	7.27e-01	1.97e-01	1.66e-02	1.16e-03	1.92e-06	0.00e+00
 1.96231e+23	9.85e-05	6.18e-02	7.34e-01	1.88e-01	1.52e-02	1.02e-03	1.57e-06	0.00e+00
 1.97714e+23	1.14e-04	6.74e-02	7.41e-01	1.77e-01	1.36e-02	8.57e-04	1.21e-06	0.00e+00
 1.99228e+23	1.28e-04	7.21e-02	7.46e-01	1.68e-01	1.23e-02	7.43e-04	9.81e-07	0.00e+00
 2.00782e+23	1.49e-04	7.90e-02	7.52e-01	1.57e-01	1.09e-02	6.19e-04	7.46e-07	0.00e+00
 2.02360e+23	1.69e-04	8.46e-02	7.56e-01	1.49e-01	9.87e-03	5.32e-04	5.94e-07	0.00e+00
 2.03969e+23	1.96e-04	9.25e-02	7.60e-01	1.38e-01	8.71e-03	4.41e-04	4.48e-07	0.00e+00
 2.05624e+23	2.24e-04	9.96e-02	7.63e-01	1.29e-01	7.79e-03	3.74e-04	3.50e-07	0.00e+00
 2.07337e+23	2.63e-04	1.09e-01	7.64e-01	1.19e-01	6.79e-03	3.04e-04	2.57e-07	0.00e+00
 2.09082e+23	3.00e-04	1.18e-01	7.65e-01	1.11e-01	6.03e-03	2.55e-04	1.98e-07	0.00e+00
 2.10868e+23	3.56e-04	1.30e-01	7.64e-01	1.01e-01	5.19e-03	2.04e-04	1.42e-07	0.00e+00
 2.12650e+23	4.05e-04	1.40e-01	7.62e-01	9.32e-02	4.60e-03	1.71e-04	0.00e+00	0.00e+00
 2.14427e+23	4.80e-04	1.54e-01	7.57e-01	8.41e-02	3.95e-03	1.36e-04	0.00e+00	0.00e+00
 2.16219e+23	5.48e-04	1.65e-01	7.53e-01	7.73e-02	3.49e-03	1.13e-04	0.00e+00	0.00e+00
 2.18030e+23	6.53e-04	1.82e-01	7.45e-01	6.91e-02	2.97e-03	8.83e-05	0.00e+00	0.00e+00
 2.19849e+23	7.47e-04	1.96e-01	7.37e-01	6.29e-02	2.61e-03	7.27e-05	0.00e+00	0.00e+00
 2.21680e+23	8.95e-04	2.17e-01	7.24e-01	5.55e-02	2.20e-03	5.60e-05	0.00e+00	0.00e+00
 2.23516e+23	1.03e-03	2.33e-01	7.14e-01	5.00e-02	1.92e-03	4.56e-05	0.00e+00	0.00e+00
 2.25359e+23	1.24e-03	2.59e-01	6.95e-01	4.33e-02	1.61e-03	3.43e-05	0.00e+00	0.00e+00
 2.27195e+23	1.43e-03	2.79e-01	6.80e-01	3.86e-02	1.40e-03	2.76e-05	0.00e+00	0.00e+00
 2.29023e+23	1.74e-03	3.09e-01	6.55e-01	3.29e-02	1.16e-03	2.05e-05	0.00e+00	0.00e+00
 2.30857e+23	2.02e-03	3.33e-01	6.35e-01	2.88e-02	9.94e-04	1.61e-05	0.00e+00	0.00e+00
 2.32700e+23	2.47e-03	3.69e-01	6.03e-01	2.40e-02	8.09e-04	1.15e-05	0.00e+00	0.00e+00
 2.34547e+23	2.89e-03	3.99e-01	5.77e-01	2.05e-02	6.85e-04	8.80e-06	0.00e+00	0.00e+00
 2.36399e+23	3.55e-03	4.41e-01	5.38e-01	1.66e-02	5.47e-04	6.10e-06	0.00e+00	0.00e+00
 2.38271e+23	4.22e-03	4.78e-01	5.04e-01	1.37e-02	4.50e-04	4.43e-06	0.00e+00	0.00e+00
 2.40170e+23	5.22e-03	5.26e-01	4.58e-01	1.07e-02	3.47e-04	2.89e-06	0.00e+00	0.00e+00
 2.42093e+23	6.29e-03	5.69e-01	4.16e-01	8.39e-03	2.75e-04	1.96e-06	0.00e+00	0.00e+00
 2.43746e+23	7.51e-03	6.11e-01	3.74e-01	6.58e-03	2.16e-04	1.33e-06	0.00e+00	0.00e+00
 2.45166e+23	8.67e-03	6.45e-01	3.41e-01	5.33e-03	1.76e-04	9.51e-07	0.00e+00	0.00e+00
 2.46589e+23	1.02e-02	6.85e-01	3.01e-01	4.08e-03	1.35e-04	6.22e-07	0.00e+00	0.00e+00
 2.48089e+23	1.21e-02	7.23e-01	2.62e-01	3.09e-03	1.03e-04	4.02e-07	0.00e+00	0.00e+00
 2.49449e+23	1.41e-02	7.57e-01	2.26e-01	2.33e-03	7.77e-05	2.58e-07	0.00e+00	0.00e+00
 2.50975e+23	1.72e-02	7.97e-01	1.84e-01	1.59e-03	5.28e-05	1.42e-07	0.00e+00	0.00e+00
 2.52519e+23	2.08e-02	8.31e-01	1.48e-01	1.08e-03	3.54e-05	0.00e+00	0.00e+00	0.00e+00
 2.53744e+23	2.45e-02	8.55e-01	1.20e-01	7.58e-04	2.45e-05	0.00e+00	0.00e+00	0.00e+00
 2.54787e+23	2.84e-02	8.74e-01	9.73e-02	5.44e-04	1.70e-05	0.00e+00	0.00e+00	0.00e+00
 2.55783e+23	3.33e-02	8.89e-01	7.73e-02	3.83e-04	1.14e-05	0.00e+00	0.00e+00	0.00e+00
 2.56741e+23	3.91e-02	9.00e-01	6.05e-02	2.69e-04	7.44e-06	0.00e+00	0.00e+00	0.00e+00
 2.57624e+23	4.61e-02	9.07e-01	4.67e-02	1.89e-04	4.77e-06	0.00e+00	0.00e+00	0.00e+00
 2.58410e+23	5.41e-02	9.10e-01	3.61e-02	1.37e-04	3.08e-06	0.00e+00	0.00e+00	0.00e+00
 2.59097e+23	6.32e-02	9.09e-01	2.81e-02	1.01e-04	2.01e-06	0.00e+00	0.00e+00	0.00e+00
 2.59710e+23	7.35e-02	9.04e-01	2.20e-02	7.76e-05	1.34e-06	0.00e+00	0.00e+00	0.00e+00
 2.60270e+23	8.50e-02	8.98e-01	1.73e-02	6.07e-05	9.01e-07	0.00e+00	0.00e+00	0.00e+00
 2.60802e+23	9.90e-02	8.87e-01	1.35e-02	4.79e-05	6.02e-07	0.00e+00	0.00e+00	0.00e+00
 2.61300e+23	1.15e-01	8.74e-01	1.06e-02	3.84e-05	4.06e-07	0.00e+00	0.00e+00	0.00e+00
 2.61752e+23	1.33e-01	8.58e-01	8.34e-03	3.15e-05	2.79e-07	0.00e+00	0.00e+00	0.00e+00
 2.62165e+23	1.53e-01	8.40e-01	6.66e-03	2.63e-05	1.97e-07	0.00e+00	0.00e+00	0.00e+00
 2.62532e+23	1.74e-01	8.21e-01	5.41e-03	2.25e-05	1.44e-07	0.00e+00	0.00e+00	0.00e+00
 2.62846e+23	1.93e-01	8.02e-01	4.51e-03	1.97e-05	0.00e+00	0.00e+00	0.00e+00	0.00e+00
 2.63085e+23	2.09e-01	7.87e-01	3.93e-03	1.79e-05	0.00e+00	0.00e+00	0.00e+00	0.00e+00
 2.63264e+23	2.22e-01	7.74e-01	3.53e-03	1.67e-05	0.00e+00	0.00e+00	0.00e+00	0.00e+00
 2.63452e+23	2.37e-01	7.60e-01	3.15e-03	1.55e-05	0.00e+00	0.00e+00	0.00e+00	0.00e+00
 2.63673e+23	2.55e-01	7.43e-01	2.74e-03	1.42e-05	0.00e+00	0.00e+00	0.00e+00	0.00e+00
 2.63913e+23	2.75e-01	7.22e-01	2.36e-03	1.29e-05	0.00e+00	0.00e+00	0.00e+00	0.00e+00
 2.64153e+23	2.96e-01	7.02e-01	2.04e-03	1.18e-05	0.00e+00	0.00e+00	0.00e+00	0.00e+00
 2.64375e+23	3.16e-01	6.82e-01	1.78e-03	1.09e-05	0.00e+00	0.00e+00	0.00e+00	0.00e+00
 2.64545e+23	3.31e-01	6.67e-01	1.61e-03	1.03e-05	0.00e+00	0.00e+00	0.00e+00	0.00e+00
 2.64662e+23	3.42e-01	6.57e-01	1.51e-03	9.93e-06	0.00e+00	0.00e+00	0.00e+00	0.00e+00
 2.64775e+23	3.53e-01	6.46e-01	1.40e-03	9.56e-06	0.00e+00	0.00e+00	0.00e+00	0.00e+00
 2.64912e+23	3.66e-01	6.33e-01	1.29e-03	9.12e-06	0.00e+00	0.00e+00	0.00e+00	0.00e+00
 2.65064e+23	3.80e-01	6.19e-01	1.17e-03	8.67e-06	0.00e+00	0.00e+00	0.00e+00	0.00e+00
 2.65212e+23	3.94e-01	6.05e-01	1.07e-03	8.27e-06	0.00e+00	0.00e+00	0.00e+00	0.00e+00
 2.65356e+23	4.08e-01	5.91e-01	9.84e-04	7.90e-06	0.00e+00	0.00e+00	0.00e+00	0.00e+00
 2.65504e+23	4.21e-01	5.78e-01	9.00e-04	7.55e-06	0.00e+00	0.00e+00	0.00e+00	0.00e+00
 2.65658e+23	4.36e-01	5.63e-01	8.20e-04	7.19e-06	0.00e+00	0.00e+00	0.00e+00	0.00e+00
 2.65816e+23	4.51e-01	5.48e-01	7.46e-04	6.86e-06	0.00e+00	0.00e+00	0.00e+00	0.00e+00
 2.65976e+23	4.65e-01	5.34e-01	6.79e-04	6.54e-06	0.00e+00	0.00e+00	0.00e+00	0.00e+00
 2.66139e+23	4.80e-01	5.19e-01	6.17e-04	6.23e-06	0.00e+00	0.00e+00	0.00e+00	0.00e+00
 2.66308e+23	4.96e-01	5.04e-01	5.59e-04	5.94e-06	0.00e+00	0.00e+00	0.00e+00	0.00e+00
 2.66482e+23	5.11e-01	4.89e-01	5.06e-04	5.65e-06	0.00e+00	0.00e+00	0.00e+00	0.00e+00
 2.66659e+23	5.26e-01	4.73e-01	4.57e-04	5.38e-06	0.00e+00	0.00e+00	0.00e+00	0.00e+00
 2.66842e+23	5.42e-01	4.58e-01	4.13e-04	5.11e-06	0.00e+00	0.00e+00	0.00e+00	0.00e+00
 2.67030e+23	5.57e-01	4.42e-01	3.72e-04	4.86e-06	0.00e+00	0.00e+00	0.00e+00	0.00e+00
 2.67223e+23	5.72e-01	4.27e-01	3.35e-04	4.62e-06	0.00e+00	0.00e+00	0.00e+00	0.00e+00
 2.67423e+23	5.88e-01	4.12e-01	3.01e-04	4.38e-06	0.00e+00	0.00e+00	0.00e+00	0.00e+00
 2.67631e+23	6.04e-01	3.96e-01	2.70e-04	4.16e-06	0.00e+00	0.00e+00	0.00e+00	0.00e+00
 2.67841e+23	6.19e-01	3.81e-01	2.43e-04	3.94e-06	0.00e+00	0.00e+00	0.00e+00	0.00e+00
 2.68056e+23	6.34e-01	3.66e-01	2.18e-04	3.74e-06	0.00e+00	0.00e+00	0.00e+00	0.00e+00
 2.68282e+23	6.49e-01	3.51e-01	1.96e-04	3.54e-06	0.00e+00	0.00e+00	0.00e+00	0.00e+00
 2.68517e+23	6.64e-01	3.35e-01	1.75e-04	3.35e-06	0.00e+00	0.00e+00	0.00e+00	0.00e+00
 2.68758e+23	6.79e-01	3.21e-01	1.57e-04	3.17e-06	0.00e+00	0.00e+00	0.00e+00	0.00e+00
 2.69007e+23	6.93e-01	3.06e-01	1.41e-04	3.00e-06	0.00e+00	0.00e+00	0.00e+00	0.00e+00
 2.69266e+23	7.08e-01	2.92e-01	1.27e-04	2.83e-06	0.00e+00	0.00e+00	0.00e+00	0.00e+00
 2.69537e+23	7.22e-01	2.78e-01	1.14e-04	2.68e-06	0.00e+00	0.00e+00	0.00e+00	0.00e+00
 2.69812e+23	7.35e-01	2.65e-01	1.03e-04	2.53e-06	0.00e+00	0.00e+00	0.00e+00	0.00e+00
 2.70093e+23	7.48e-01	2.52e-01	9.37e-05	2.39e-06	0.00e+00	0.00e+00	0.00e+00	0.00e+00
 2.70382e+23	7.60e-01	2.40e-01	8.53e-05	2.27e-06	0.00e+00	0.00e+00	0.00e+00	0.00e+00
 2.70680e+23	7.72e-01	2.28e-01	7.78e-05	2.15e-06	0.00e+00	0.00e+00	0.00e+00	0.00e+00
 2.70989e+23	7.83e-01	2.17e-01	7.12e-05	2.03e-06	0.00e+00	0.00e+00	0.00e+00	0.00e+00
 2.71313e+23	7.94e-01	2.06e-01	6.54e-05	1.93e-06	0.00e+00	0.00e+00	0.00e+00	0.00e+00
 2.71644e+23	8.05e-01	1.95e-01	6.03e-05	1.83e-06	0.00e+00	0.00e+00	0.00e+00	0.00e+00
 2.71987e+23	8.15e-01	1.85e-01	5.58e-05	1.73e-06	0.00e+00	0.00e+00	0.00e+00	0.00e+00
 2.72349e+23	8.24e-01	1.76e-01	5.19e-05	1.64e-06	0.00e+00	0.00e+00	0.00e+00	0.00e+00
 2.72726e+23	8.34e-01	1.66e-01	4.84e-05	1.56e-06	0.00e+00	0.00e+00	0.00e+00	0.00e+00
 2.73120e+23	8.43e-01	1.57e-01	4.52e-05	1.48e-06	0.00e+00	0.00e+00	0.00e+00	0.00e+00
 2.73535e+23	8.52e-01	1.48e-01	4.24e-05	1.40e-06	0.00e+00	0.00e+00	0.00e+00	0.00e+00
 2.73974e+23	8.60e-01	1.40e-01	3.98e-05	1.33e-06	0.00e+00	0.00e+00	0.00e+00	0.00e+00
 2.74433e+23	8.69e-01	1.31e-01	3.74e-05	1.26e-06	0.00e+00	0.00e+00	0.00e+00	0.00e+00
 2.74894e+23	8.76e-01	1.24e-01	3.55e-05	1.19e-06	0.00e+00	0.00e+00	0.00e+00	0.00e+00
 2.75340e+23	8.83e-01	1.17e-01	3.38e-05	1.14e-06	0.00e+00	0.00e+00	0.00e+00	0.00e+00
 2.75775e+23	8.89e-01	1.11e-01	3.24e-05	1.09e-06	0.00e+00	0.00e+00	0.00e+00	0.00e+00
 2.76197e+23	8.95e-01	1.05e-01	3.11e-05	1.04e-06	0.00e+00	0.00e+00	0.00e+00	0.00e+00
 2.76609e+23	9.00e-01	9.97e-02	3.00e-05	1.00e-06	0.00e+00	0.00e+00	0.00e+00	0.00e+00
 2.77008e+23	9.05e-01	9.48e-02	2.89e-05	9.64e-07	0.00e+00	0.00e+00	0.00e+00	0.00e+00
 2.77389e+23	9.10e-01	9.02e-02	2.80e-05	9.30e-07	0.00e+00	0.00e+00	0.00e+00	0.00e+00
 2.77744e+23	9.14e-01	8.63e-02	2.73e-05	9.01e-07	0.00e+00	0.00e+00	0.00e+00	0.00e+00
 2.78089e+23	9.17e-01	8.25e-02	2.66e-05	8.73e-07	0.00e+00	0.00e+00	0.00e+00	0.00e+00
 2.78435e+23	9.21e-01	7.89e-02	2.59e-05	8.45e-07	0.00e+00	0.00e+00	0.00e+00	0.00e+00
 2.78770e+23	9.24e-01	7.55e-02	2.53e-05	8.21e-07	0.00e+00	0.00e+00	0.00e+00	0.00e+00
 2.79093e+23	9.28e-01	7.24e-02	2.47e-05	7.98e-07	0.00e+00	0.00e+00	0.00e+00	0.00e+00
 2.79404e+23	9.30e-01	6.96e-02	2.42e-05	7.78e-07	0.00e+00	0.00e+00	0.00e+00	0.00e+00
 2.79705e+23	9.33e-01	6.69e-02	2.38e-05	7.59e-07	0.00e+00	0.00e+00	0.00e+00	0.00e+00
 2.79996e+23	9.36e-01	6.44e-02	2.33e-05	7.42e-07	0.00e+00	0.00e+00	0.00e+00	0.00e+00
 2.80278e+23	9.38e-01	6.21e-02	2.29e-05	7.26e-07	0.00e+00	0.00e+00	0.00e+00	0.00e+00
 2.80549e+23	9.40e-01	6.00e-02	2.26e-05	7.13e-07	0.00e+00	0.00e+00	0.00e+00	0.00e+00
 2.80811e+23	9.42e-01	5.80e-02	2.22e-05	7.00e-07	0.00e+00	0.00e+00	0.00e+00	0.00e+00
 2.81063e+23	9.44e-01	5.62e-02	2.19e-05	6.90e-07	0.00e+00	0.00e+00	0.00e+00	0.00e+00
 2.81303e+23	9.45e-01	5.46e-02	2.16e-05	6.81e-07	0.00e+00	0.00e+00	0.00e+00	0.00e+00
 2.81538e+23	9.47e-01	5.31e-02	2.14e-05	6.73e-07	0.00e+00	0.00e+00	0.00e+00	0.00e+00
 2.81766e+23	9.48e-01	5.17e-02	2.11e-05	6.66e-07	0.00e+00	0.00e+00	0.00e+00	0.00e+00
 2.81975e+23	9.49e-01	5.05e-02	2.09e-05	6.62e-07	0.00e+00	0.00e+00	0.00e+00	0.00e+00
 2.82165e+23	9.50e-01	4.95e-02	2.07e-05	6.59e-07	0.00e+00	0.00e+00	0.00e+00	0.00e+00
 2.82337e+23	9.51e-01	4.87e-02	2.05e-05	6.57e-07	0.00e+00	0.00e+00	0.00e+00	0.00e+00
 2.82495e+23	9.52e-01	4.79e-02	2.04e-05	6.55e-07	0.00e+00	0.00e+00	0.00e+00	0.00e+00
 2.82638e+23	9.53e-01	4.73e-02	2.03e-05	6.55e-07	0.00e+00	0.00e+00	0.00e+00	0.00e+00
 2.82768e+23	9.53e-01	4.67e-02	2.02e-05	6.55e-07	0.00e+00	0.00e+00	0.00e+00	0.00e+00
 2.82886e+23	9.54e-01	4.63e-02	2.01e-05	6.56e-07	0.00e+00	0.00e+00	0.00e+00	0.00e+00
 2.83016e+23	9.54e-01	4.57e-02	1.99e-05	6.56e-07	0.00e+00	0.00e+00	0.00e+00	0.00e+00
 2.83156e+23	9.55e-01	4.51e-02	1.98e-05	6.56e-07	0.00e+00	0.00e+00	0.00e+00	0.00e+00
 2.83284e+23	9.55e-01	4.46e-02	1.97e-05	6.57e-07	0.00e+00	0.00e+00	0.00e+00	0.00e+00
 2.83400e+23	9.56e-01	4.42e-02	1.96e-05	6.60e-07	0.00e+00	0.00e+00	0.00e+00	0.00e+00
 2.83506e+23	9.56e-01	4.39e-02	1.95e-05	6.62e-07	0.00e+00	0.00e+00	0.00e+00	0.00e+00
 2.83621e+23	9.56e-01	4.35e-02	1.94e-05	6.62e-07	0.00e+00	0.00e+00	0.00e+00	0.00e+00
 2.83772e+23	9.57e-01	4.30e-02	1.93e-05	6.64e-07	0.00e+00	0.00e+00	0.00e+00	0.00e+00
 2.83934e+23	9.58e-01	4.25e-02	1.92e-05	6.64e-07	0.00e+00	0.00e+00	0.00e+00	0.00e+00
 2.84082e+23	9.58e-01	4.20e-02	1.91e-05	6.68e-07	0.00e+00	0.00e+00	0.00e+00	0.00e+00
 2.84217e+23	9.58e-01	4.17e-02	1.90e-05	6.70e-07	0.00e+00	0.00e+00	0.00e+00	0.00e+00
 2.84364e+23	9.59e-01	4.13e-02	1.88e-05	6.72e-07	0.00e+00	0.00e+00	0.00e+00	0.00e+00
 2.84523e+23	9.59e-01	4.09e-02	1.87e-05	6.73e-07	0.00e+00	0.00e+00	0.00e+00	0.00e+00
 2.84668e+23	9.59e-01	4.07e-02	1.86e-05	6.78e-07	0.00e+00	0.00e+00	0.00e+00	0.00e+00
 2.84800e+23	9.60e-01	4.04e-02	1.86e-05	6.77e-07	0.00e+00	0.00e+00	0.00e+00	0.00e+00
 2.84944e+23	9.60e-01	4.01e-02	1.84e-05	6.79e-07	0.00e+00	0.00e+00	0.00e+00	0.00e+00
 2.85100e+23	9.60e-01	3.97e-02	1.83e-05	6.81e-07	0.00e+00	0.00e+00	0.00e+00	0.00e+00
 2.85242e+23	9.60e-01	3.95e-02	1.82e-05	6.83e-07	0.00e+00	0.00e+00	0.00e+00	0.00e+00
 2.85398e+23	9.61e-01	3.92e-02	1.81e-05	6.86e-07	0.00e+00	0.00e+00	0.00e+00	0.00e+00
 2.85565e+23	9.61e-01	3.88e-02	1.80e-05	6.88e-07	0.00e+00	0.00e+00	0.00e+00	0.00e+00
 2.85718e+23	9.61e-01	3.86e-02	1.79e-05	6.90e-07	0.00e+00	0.00e+00	0.00e+00	0.00e+00
 2.85886e+23	9.62e-01	3.83e-02	1.78e-05	6.93e-07	0.00e+00	0.00e+00	0.00e+00	0.00e+00
 2.86066e+23	9.62e-01	3.80e-02	1.77e-05	6.97e-07	0.00e+00	0.00e+00	0.00e+00	0.00e+00
 2.86231e+23	9.62e-01	3.77e-02	1.76e-05	7.00e-07	0.00e+00	0.00e+00	0.00e+00	0.00e+00
 2.86380e+23	9.62e-01	3.75e-02	1.76e-05	7.05e-07	0.00e+00	0.00e+00	0.00e+00	0.00e+00
 2.86516e+23	9.63e-01	3.74e-02	1.75e-05	7.09e-07	0.00e+00	0.00e+00	0.00e+00	0.00e+00
 2.86640e+23	9.63e-01	3.72e-02	1.75e-05	7.13e-07	0.00e+00	0.00e+00	0.00e+00	0.00e+00
 2.86776e+23	9.63e-01	3.71e-02	1.75e-05	7.19e-07	0.00e+00	0.00e+00	0.00e+00	0.00e+00
 2.86923e+23	9.63e-01	3.68e-02	1.74e-05	7.23e-07	0.00e+00	0.00e+00	0.00e+00	0.00e+00
 2.87056e+23	9.63e-01	3.67e-02	1.74e-05	7.27e-07	0.00e+00	0.00e+00	0.00e+00	0.00e+00
 2.87202e+23	9.64e-01	3.64e-02	1.73e-05	7.31e-07	0.00e+00	0.00e+00	0.00e+00	0.00e+00
 2.87360e+23	9.64e-01	3.62e-02	1.73e-05	7.35e-07	0.00e+00	0.00e+00	0.00e+00	0.00e+00
 2.87504e+23	9.64e-01	3.60e-02	1.73e-05	7.39e-07	0.00e+00	0.00e+00	0.00e+00	0.00e+00
 2.87634e+23	9.64e-01	3.59e-02	1.72e-05	7.45e-07	0.00e+00	0.00e+00	0.00e+00	0.00e+00
 2.87753e+23	9.64e-01	3.58e-02	1.72e-05	7.48e-07	0.00e+00	0.00e+00	0.00e+00	0.00e+00
 2.87883e+23	9.64e-01	3.56e-02	1.72e-05	7.51e-07	0.00e+00	0.00e+00	0.00e+00	0.00e+00
 2.88024e+23	9.65e-01	3.54e-02	1.71e-05	7.54e-07	0.00e+00	0.00e+00	0.00e+00	0.00e+00
 2.88152e+23	9.65e-01	3.53e-02	1.71e-05	7.62e-07	0.00e+00	0.00e+00	0.00e+00	0.00e+00
 2.88269e+23	9.65e-01	3.51e-02	1.71e-05	7.61e-07	0.00e+00	0.00e+00	0.00e+00	0.00e+00
 2.88396e+23	9.65e-01	3.50e-02	1.70e-05	7.65e-07	0.00e+00	0.00e+00	0.00e+00	0.00e+00
 2.88534e+23	9.65e-01	3.48e-02	1.70e-05	7.67e-07	0.00e+00	0.00e+00	0.00e+00	0.00e+00
 2.88685e+23	9.65e-01	3.45e-02	1.69e-05	7.70e-07	0.00e+00	0.00e+00	0.00e+00	0.00e+00
 2.88848e+23	9.66e-01	3.43e-02	1.69e-05	7.71e-07	0.00e+00	0.00e+00	0.00e+00	0.00e+00
 2.88996e+23	9.66e-01	3.41e-02	1.68e-05	7.75e-07	0.00e+00	0.00e+00	0.00e+00	0.00e+00
 2.89131e+23	9.66e-01	3.39e-02	1.68e-05	7.73e-07	0.00e+00	0.00e+00	0.00e+00	0.00e+00
 2.89279e+23	9.66e-01	3.37e-02	1.67e-05	7.74e-07	0.00e+00	0.00e+00	0.00e+00	0.00e+00
 2.89439e+23	9.67e-01	3.35e-02	1.67e-05	7.75e-07	0.00e+00	0.00e+00	0.00e+00	0.00e+00
 2.89584e+23	9.67e-01	3.33e-02	1.66e-05	7.74e-07	0.00e+00	0.00e+00	0.00e+00	0.00e+00
 2.89744e+23	9.67e-01	3.30e-02	1.66e-05	7.76e-07	0.00e+00	0.00e+00	0.00e+00	0.00e+00
 2.89916e+23	9.67e-01	3.28e-02	1.65e-05	7.76e-07	0.00e+00	0.00e+00	0.00e+00	0.00e+00
 2.90072e+23	9.67e-01	3.26e-02	1.65e-05	7.80e-07	0.00e+00	0.00e+00	0.00e+00	0.00e+00
 2.90214e+23	9.68e-01	3.25e-02	1.64e-05	7.78e-07	0.00e+00	0.00e+00	0.00e+00	0.00e+00
 2.90370e+23	9.68e-01	3.22e-02	1.64e-05	7.78e-07	0.00e+00	0.00e+00	0.00e+00	0.00e+00
 2.90539e+23	9.68e-01	3.20e-02	1.63e-05	7.78e-07	0.00e+00	0.00e+00	0.00e+00	0.00e+00
 2.90692e+23	9.68e-01	3.18e-02	1.63e-05	7.77e-07	0.00e+00	0.00e+00	0.00e+00	0.00e+00
 2.90860e+23	9.68e-01	3.15e-02	1.62e-05	7.79e-07	0.00e+00	0.00e+00	0.00e+00	0.00e+00
 2.91041e+23	9.69e-01	3.13e-02	1.61e-05	7.78e-07	0.00e+00	0.00e+00	0.00e+00	0.00e+00
 2.91206e+23	9.69e-01	3.11e-02	1.61e-05	7.80e-07	0.00e+00	0.00e+00	0.00e+00	0.00e+00
 2.91357e+23	9.69e-01	3.09e-02	1.60e-05	7.78e-07	0.00e+00	0.00e+00	0.00e+00	0.00e+00
 2.91521e+23	9.69e-01	3.07e-02	1.60e-05	7.77e-07	0.00e+00	0.00e+00	0.00e+00	0.00e+00
 2.91699e+23	9.70e-01	3.05e-02	1.59e-05	7.78e-07	0.00e+00	0.00e+00	0.00e+00	0.00e+00
 2.91860e+23	9.70e-01	3.03e-02	1.59e-05	7.75e-07	0.00e+00	0.00e+00	0.00e+00	0.00e+00
 2.92037e+23	9.70e-01	3.00e-02	1.58e-05	7.75e-07	0.00e+00	0.00e+00	0.00e+00	0.00e+00
 2.92229e+23	9.70e-01	2.97e-02	1.57e-05	7.73e-07	0.00e+00	0.00e+00	0.00e+00	0.00e+00
 2.92403e+23	9.70e-01	2.95e-02	1.57e-05	7.71e-07	0.00e+00	0.00e+00	0.00e+00	0.00e+00
 2.92593e+23	9.71e-01	2.93e-02	1.56e-05	7.70e-07	0.00e+00	0.00e+00	0.00e+00	0.00e+00
 2.92799e+23	9.71e-01	2.90e-02	1.56e-05	7.70e-07	0.00e+00	0.00e+00	0.00e+00	0.00e+00
 2.92987e+23	9.71e-01	2.88e-02	1.55e-05	7.66e-07	0.00e+00	0.00e+00	0.00e+00	0.00e+00
 2.93192e+23	9.71e-01	2.85e-02	1.54e-05	7.64e-07	0.00e+00	0.00e+00	0.00e+00	0.00e+00
 2.93413e+23	9.72e-01	2.82e-02	1.54e-05	7.63e-07	0.00e+00	0.00e+00	0.00e+00	0.00e+00
 2.93615e+23	9.72e-01	2.80e-02	1.53e-05	7.59e-07	0.00e+00	0.00e+00	0.00e+00	0.00e+00
 2.93836e+23	9.72e-01	2.77e-02	1.52e-05	7.56e-07	0.00e+00	0.00e+00	0.00e+00	0.00e+00
 2.94075e+23	9.73e-01	2.74e-02	1.51e-05	7.52e-07	0.00e+00	0.00e+00	0.00e+00	0.00e+00
 2.94292e+23	9.73e-01	2.71e-02	1.50e-05	7.50e-07	0.00e+00	0.00e+00	0.00e+00	0.00e+00
 2.94489e+23	9.73e-01	2.70e-02	1.50e-05	7.51e-07	0.00e+00	0.00e+00	0.00e+00	0.00e+00
 2.94669e+23	9.73e-01	2.68e-02	1.49e-05	7.47e-07	0.00e+00	0.00e+00	0.00e+00	0.00e+00
 2.94866e+23	9.73e-01	2.65e-02	1.49e-05	7.43e-07	0.00e+00	0.00e+00	0.00e+00	0.00e+00
 2.95079e+23	9.74e-01	2.63e-02	1.48e-05	7.41e-07	0.00e+00	0.00e+00	0.00e+00	0.00e+00
 2.95272e+23	9.74e-01	2.61e-02	1.47e-05	7.36e-07	0.00e+00	0.00e+00	0.00e+00	0.00e+00
 2.95484e+23	9.74e-01	2.58e-02	1.46e-05	7.32e-07	0.00e+00	0.00e+00	0.00e+00	0.00e+00
 2.95713e+23	9.74e-01	2.55e-02	1.46e-05	7.29e-07	0.00e+00	0.00e+00	0.00e+00	0.00e+00
 2.95922e+23	9.75e-01	2.53e-02	1.45e-05	7.23e-07	0.00e+00	0.00e+00	0.00e+00	0.00e+00
 2.96150e+23	9.75e-01	2.50e-02	1.44e-05	7.18e-07	0.00e+00	0.00e+00	0.00e+00	0.00e+00
 2.96396e+23	9.75e-01	2.47e-02	1.43e-05	7.15e-07	0.00e+00	0.00e+00	0.00e+00	0.00e+00
 2.96621e+23	9.75e-01	2.45e-02	1.43e-05	7.09e-07	0.00e+00	0.00e+00	0.00e+00	0.00e+00
 2.96867e+23	9.76e-01	2.42e-02	1.42e-05	7.03e-07	0.00e+00	0.00e+00	0.00e+00	0.00e+00
 2.97132e+23	9.76e-01	2.39e-02	1.41e-05	6.99e-07	0.00e+00	0.00e+00	0.00e+00	0.00e+00
 2.97373e+23	9.76e-01	2.36e-02	1.40e-05	6.92e-07	0.00e+00	0.00e+00	0.00e+00	0.00e+00
 2.97638e+23	9.77e-01	2.33e-02	1.39e-05	6.85e-07	0.00e+00	0.00e+00	0.00e+00	0.00e+00
 2.97924e+23	9.77e-01	2.30e-02	1.38e-05	6.81e-07	0.00e+00	0.00e+00	0.00e+00	0.00e+00
 2.98183e+23	9.77e-01	2.28e-02	1.37e-05	6.74e-07	0.00e+00	0.00e+00	0.00e+00	0.00e+00
 2.98468e+23	9.78e-01	2.24e-02	1.36e-05	6.65e-07	0.00e+00	0.00e+00	0.00e+00	0.00e+00
 2.98776e+23	9.78e-01	2.21e-02	1.35e-05	6.60e-07	0.00e+00	0.00e+00	0.00e+00	0.00e+00
 2.99056e+23	9.78e-01	2.19e-02	1.34e-05	6.53e-07	0.00e+00	0.00e+00	0.00e+00	0.00e+00
 2.99362e+23	9.78e-01	2.15e-02	1.33e-05	6.43e-07	0.00e+00	0.00e+00	0.00e+00	0.00e+00
 2.99693e+23	9.79e-01	2.12e-02	1.32e-05	6.36e-07	0.00e+00	0.00e+00	0.00e+00	0.00e+00
 2.99995e+23	9.79e-01	2.09e-02	1.31e-05	6.30e-07	0.00e+00	0.00e+00	0.00e+00	0.00e+00
 3.00269e+23	9.79e-01	2.07e-02	1.30e-05	6.24e-07	0.00e+00	0.00e+00	0.00e+00	0.00e+00
 3.00569e+23	9.80e-01	2.04e-02	1.29e-05	6.14e-07	0.00e+00	0.00e+00	0.00e+00	0.00e+00
 3.00893e+23	9.80e-01	2.01e-02	1.28e-05	6.08e-07	0.00e+00	0.00e+00	0.00e+00	0.00e+00
 3.01188e+23	9.80e-01	1.99e-02	1.27e-05	6.01e-07	0.00e+00	0.00e+00	0.00e+00	0.00e+00
 3.01512e+23	9.81e-01	1.95e-02	1.26e-05	5.90e-07	0.00e+00	0.00e+00	0.00e+00	0.00e+00
 3.01861e+23	9.81e-01	1.92e-02	1.25e-05	5.84e-07	0.00e+00	0.00e+00	0.00e+00	0.00e+00
 3.02179e+23	9.81e-01	1.90e-02	1.24e-05	5.76e-07	0.00e+00	0.00e+00	0.00e+00	0.00e+00
 3.02527e+23	9.81e-01	1.86e-02	1.23e-05	5.64e-07	0.00e+00	0.00e+00	0.00e+00	0.00e+00
 3.02903e+23	9.82e-01	1.83e-02	1.22e-05	5.56e-07	0.00e+00	0.00e+00	0.00e+00	0.00e+00
 3.03245e+23	9.82e-01	1.81e-02	1.21e-05	5.49e-07	0.00e+00	0.00e+00	0.00e+00	0.00e+00
 3.03556e+23	9.82e-01	1.79e-02	1.20e-05	5.43e-07	0.00e+00	0.00e+00	0.00e+00	0.00e+00
 3.03897e+23	9.82e-01	1.75e-02	1.18e-05	5.32e-07	0.00e+00	0.00e+00	0.00e+00	0.00e+00
 3.04265e+23	9.83e-01	1.72e-02	1.17e-05	5.24e-07	0.00e+00	0.00e+00	0.00e+00	0.00e+00
 3.04600e+23	9.83e-01	1.70e-02	1.16e-05	5.17e-07	0.00e+00	0.00e+00	0.00e+00	0.00e+00
 3.04967e+23	9.83e-01	1.67e-02	1.15e-05	5.05e-07	0.00e+00	0.00e+00	0.00e+00	0.00e+00
 3.05364e+23	9.84e-01	1.64e-02	1.14e-05	4.97e-07	0.00e+00	0.00e+00	0.00e+00	0.00e+00
 3.05724e+23	9.84e-01	1.62e-02	1.13e-05	4.89e-07	0.00e+00	0.00e+00	0.00e+00	0.00e+00
 3.06120e+23	9.84e-01	1.58e-02	1.11e-05	4.77e-07	0.00e+00	0.00e+00	0.00e+00	0.00e+00
 3.06546e+23	9.84e-01	1.55e-02	1.10e-05	4.68e-07	0.00e+00	0.00e+00	0.00e+00	0.00e+00
 3.06935e+23	9.85e-01	1.53e-02	1.09e-05	4.60e-07	0.00e+00	0.00e+00	0.00e+00	0.00e+00
 3.07288e+23	9.85e-01	1.51e-02	1.08e-05	4.53e-07	0.00e+00	0.00e+00	0.00e+00	0.00e+00
 3.07675e+23	9.85e-01	1.48e-02	1.07e-05	4.42e-07	0.00e+00	0.00e+00	0.00e+00	0.00e+00
 3.08093e+23	9.85e-01	1.45e-02	1.06e-05	4.34e-07	0.00e+00	0.00e+00	0.00e+00	0.00e+00
 3.08430e+23	9.86e-01	1.44e-02	1.05e-05	4.30e-07	0.00e+00	0.00e+00	0.00e+00	0.00e+00
