#depth	He	He+	He+2
 1.54284e+22	2.14e-08	5.66e-04	9.99e-01
 3.46330e+22	2.22e-08	9.09e-04	9.99e-01
 4.02495e+22	2.28e-08	1.13e-03	9.99e-01
 4.30101e+22	2.37e-08	1.26e-03	9.99e-01
 4.43278e+22	2.43e-08	1.32e-03	9.99e-01
 4.51883e+22	2.52e-08	1.39e-03	9.99e-01
 4.61398e+22	2.64e-08	1.47e-03	9.99e-01
 4.70174e+22	2.75e-08	1.54e-03	9.98e-01
 4.79024e+22	2.91e-08	1.63e-03	9.98e-01
 4.88053e+22	3.07e-08	1.70e-03	9.98e-01
 4.97412e+22	3.30e-08	1.80e-03	9.98e-01
 5.06755e+22	3.51e-08	1.88e-03	9.98e-01
 5.16078e+22	3.81e-08	1.99e-03	9.98e-01
 5.25480e+22	4.08e-08	2.08e-03	9.98e-01
 5.34985e+22	4.47e-08	2.20e-03	9.98e-01
 5.44582e+22	4.81e-08	2.30e-03	9.98e-01
 5.54300e+22	5.32e-08	2.43e-03	9.98e-01
 5.64148e+22	5.76e-08	2.54e-03	9.97e-01
 5.74167e+22	6.40e-08	2.69e-03	9.97e-01
 5.84371e+22	6.97e-08	2.81e-03	9.97e-01
 5.94816e+22	7.79e-08	2.98e-03	9.97e-01
 6.05502e+22	8.53e-08	3.12e-03	9.97e-01
 6.16500e+22	9.61e-08	3.32e-03	9.97e-01
 6.27712e+22	1.06e-07	3.48e-03	9.97e-01
 6.37159e+22	1.15e-07	3.63e-03	9.96e-01
 6.47398e+22	1.28e-07	3.84e-03	9.96e-01
 6.57351e+22	1.39e-07	3.99e-03	9.96e-01
 6.66932e+22	1.54e-07	4.20e-03	9.96e-01
 6.76612e+22	1.66e-07	4.37e-03	9.96e-01
 6.86421e+22	1.84e-07	4.60e-03	9.95e-01
 6.96375e+22	2.00e-07	4.79e-03	9.95e-01
 7.06517e+22	2.22e-07	5.05e-03	9.95e-01
 7.16808e+22	2.41e-07	5.25e-03	9.95e-01
 7.27293e+22	2.69e-07	5.55e-03	9.94e-01
 7.37954e+22	2.93e-07	5.78e-03	9.94e-01
 7.48843e+22	3.28e-07	6.11e-03	9.94e-01
 7.59976e+22	3.57e-07	6.38e-03	9.94e-01
 7.71428e+22	4.02e-07	6.76e-03	9.93e-01
 7.83184e+22	4.41e-07	7.07e-03	9.93e-01
 7.95335e+22	4.98e-07	7.51e-03	9.92e-01
 8.07618e+22	5.46e-07	7.86e-03	9.92e-01
 8.20074e+22	6.18e-07	8.36e-03	9.92e-01
 8.32654e+22	6.78e-07	8.75e-03	9.91e-01
 8.45396e+22	7.69e-07	9.31e-03	9.91e-01
 8.58373e+22	8.46e-07	9.76e-03	9.90e-01
 8.69846e+22	9.33e-07	1.02e-02	9.90e-01
 8.82951e+22	1.06e-06	1.09e-02	9.89e-01
 8.96320e+22	1.17e-06	1.15e-02	9.89e-01
 9.07157e+22	1.27e-06	1.19e-02	9.88e-01
 9.18367e+22	1.41e-06	1.25e-02	9.87e-01
 9.30178e+22	1.54e-06	1.31e-02	9.87e-01
 9.41033e+22	1.68e-06	1.37e-02	9.86e-01
 9.53405e+22	1.88e-06	1.45e-02	9.86e-01
 9.66113e+22	2.07e-06	1.52e-02	9.85e-01
 9.77277e+22	2.27e-06	1.59e-02	9.84e-01
 9.89812e+22	2.53e-06	1.68e-02	9.83e-01
 1.00294e+23	2.80e-06	1.76e-02	9.82e-01
 1.01480e+23	3.07e-06	1.85e-02	9.82e-01
 1.02819e+23	3.45e-06	1.96e-02	9.80e-01
 1.04203e+23	3.84e-06	2.06e-02	9.79e-01
 1.05435e+23	4.23e-06	2.16e-02	9.78e-01
 1.06828e+23	4.77e-06	2.29e-02	9.77e-01
 1.08279e+23	5.32e-06	2.42e-02	9.76e-01
 1.09586e+23	5.89e-06	2.55e-02	9.75e-01
 1.11068e+23	6.71e-06	2.71e-02	9.73e-01
 1.12591e+23	7.50e-06	2.86e-02	9.71e-01
 1.13958e+23	8.34e-06	3.02e-02	9.70e-01
 1.15526e+23	9.58e-06	3.23e-02	9.68e-01
 1.17110e+23	1.07e-05	3.41e-02	9.66e-01
 1.18715e+23	1.23e-05	3.65e-02	9.63e-01
 1.20346e+23	1.38e-05	3.86e-02	9.61e-01
 1.21793e+23	1.55e-05	4.08e-02	9.59e-01
 1.23456e+23	1.79e-05	4.38e-02	9.56e-01
 1.25141e+23	2.01e-05	4.64e-02	9.54e-01
 1.26854e+23	2.33e-05	4.99e-02	9.50e-01
 1.28590e+23	2.62e-05	5.28e-02	9.47e-01
 1.30355e+23	3.05e-05	5.69e-02	9.43e-01
 1.32143e+23	3.44e-05	6.03e-02	9.40e-01
 1.33700e+23	3.87e-05	6.38e-02	9.36e-01
 1.35193e+23	4.32e-05	6.73e-02	9.33e-01
 1.36619e+23	4.80e-05	7.08e-02	9.29e-01
 1.38226e+23	5.49e-05	7.54e-02	9.24e-01
 1.39827e+23	6.10e-05	7.94e-02	9.21e-01
 1.41420e+23	6.96e-05	8.45e-02	9.15e-01
 1.43043e+23	7.76e-05	8.90e-02	9.11e-01
 1.44707e+23	8.88e-05	9.50e-02	9.05e-01
 1.46389e+23	9.92e-05	1.00e-01	9.00e-01
 1.47871e+23	1.10e-04	1.05e-01	8.95e-01
 1.49574e+23	1.27e-04	1.12e-01	8.88e-01
 1.51223e+23	1.40e-04	1.18e-01	8.82e-01
 1.52539e+23	1.53e-04	1.23e-01	8.77e-01
 1.53984e+23	1.71e-04	1.29e-01	8.70e-01
 1.55455e+23	1.88e-04	1.35e-01	8.65e-01
 1.56758e+23	2.06e-04	1.41e-01	8.59e-01
 1.58250e+23	2.30e-04	1.48e-01	8.51e-01
 1.59760e+23	2.53e-04	1.55e-01	8.45e-01
 1.61087e+23	2.77e-04	1.62e-01	8.38e-01
 1.62606e+23	3.10e-04	1.70e-01	8.30e-01
 1.64150e+23	3.40e-04	1.78e-01	8.22e-01
 1.65340e+23	3.64e-04	1.83e-01	8.17e-01
 1.66502e+23	3.97e-04	1.90e-01	8.09e-01
 1.68011e+23	4.45e-04	2.00e-01	7.99e-01
 1.69559e+23	4.86e-04	2.08e-01	7.91e-01
 1.71155e+23	5.47e-04	2.19e-01	7.80e-01
 1.72755e+23	6.00e-04	2.28e-01	7.71e-01
 1.74360e+23	6.71e-04	2.40e-01	7.60e-01
 1.76016e+23	7.38e-04	2.50e-01	7.50e-01
 1.77739e+23	8.30e-04	2.63e-01	7.37e-01
 1.79490e+23	9.16e-04	2.74e-01	7.25e-01
 1.81043e+23	1.01e-03	2.85e-01	7.14e-01
 1.82825e+23	1.13e-03	3.00e-01	6.99e-01
 1.84653e+23	1.25e-03	3.12e-01	6.86e-01
 1.86287e+23	1.38e-03	3.25e-01	6.74e-01
 1.87695e+23	1.48e-03	3.34e-01	6.65e-01
 1.89064e+23	1.62e-03	3.46e-01	6.52e-01
 1.90453e+23	1.74e-03	3.57e-01	6.42e-01
 1.91870e+23	1.90e-03	3.70e-01	6.29e-01
 1.93305e+23	2.04e-03	3.80e-01	6.18e-01
 1.94762e+23	2.24e-03	3.94e-01	6.03e-01
 1.96231e+23	2.41e-03	4.06e-01	5.92e-01
 1.97714e+23	2.63e-03	4.20e-01	5.77e-01
 1.99228e+23	2.84e-03	4.32e-01	5.65e-01
 2.00782e+23	3.12e-03	4.48e-01	5.49e-01
 2.02360e+23	3.36e-03	4.61e-01	5.35e-01
 2.03969e+23	3.69e-03	4.78e-01	5.19e-01
 2.05624e+23	4.00e-03	4.92e-01	5.04e-01
 2.07337e+23	4.41e-03	5.10e-01	4.85e-01
 2.09082e+23	4.80e-03	5.26e-01	4.69e-01
 2.10868e+23	5.32e-03	5.46e-01	4.49e-01
 2.12650e+23	5.77e-03	5.62e-01	4.32e-01
 2.14427e+23	6.39e-03	5.82e-01	4.12e-01
 2.16219e+23	6.93e-03	5.99e-01	3.94e-01
 2.18030e+23	7.69e-03	6.19e-01	3.73e-01
 2.19849e+23	8.35e-03	6.36e-01	3.55e-01
 2.21680e+23	9.28e-03	6.58e-01	3.33e-01
 2.23516e+23	1.01e-02	6.75e-01	3.15e-01
 2.25359e+23	1.13e-02	6.97e-01	2.92e-01
 2.27195e+23	1.22e-02	7.14e-01	2.74e-01
 2.29023e+23	1.36e-02	7.35e-01	2.52e-01
 2.30857e+23	1.49e-02	7.52e-01	2.33e-01
 2.32700e+23	1.66e-02	7.72e-01	2.12e-01
 2.34547e+23	1.82e-02	7.88e-01	1.94e-01
 2.36399e+23	2.04e-02	8.05e-01	1.74e-01
 2.38271e+23	2.24e-02	8.21e-01	1.57e-01
 2.40170e+23	2.52e-02	8.36e-01	1.39e-01
 2.42093e+23	2.79e-02	8.49e-01	1.23e-01
 2.43746e+23	3.08e-02	8.59e-01	1.10e-01
 2.45166e+23	3.33e-02	8.66e-01	1.00e-01
 2.46589e+23	3.66e-02	8.73e-01	9.02e-02
 2.48089e+23	4.01e-02	8.79e-01	8.10e-02
 2.49449e+23	4.39e-02	8.83e-01	7.33e-02
 2.50975e+23	4.93e-02	8.86e-01	6.47e-02
 2.52519e+23	5.49e-02	8.87e-01	5.79e-02
 2.53744e+23	6.03e-02	8.87e-01	5.29e-02
 2.54787e+23	6.59e-02	8.85e-01	4.89e-02
 2.55783e+23	7.23e-02	8.82e-01	4.54e-02
 2.56741e+23	7.93e-02	8.78e-01	4.24e-02
 2.57624e+23	8.70e-02	8.73e-01	3.98e-02
 2.58410e+23	9.50e-02	8.67e-01	3.79e-02
 2.59097e+23	1.03e-01	8.60e-01	3.62e-02
 2.59710e+23	1.12e-01	8.53e-01	3.50e-02
 2.60270e+23	1.21e-01	8.45e-01	3.40e-02
 2.60802e+23	1.31e-01	8.36e-01	3.32e-02
 2.61300e+23	1.41e-01	8.27e-01	3.26e-02
 2.61752e+23	1.51e-01	8.17e-01	3.21e-02
 2.62165e+23	1.61e-01	8.07e-01	3.19e-02
 2.62532e+23	1.72e-01	7.97e-01	3.17e-02
 2.62846e+23	1.81e-01	7.87e-01	3.18e-02
 2.63085e+23	1.88e-01	7.80e-01	3.19e-02
 2.63264e+23	1.94e-01	7.74e-01	3.19e-02
 2.63452e+23	2.00e-01	7.68e-01	3.19e-02
 2.63673e+23	2.08e-01	7.60e-01	3.20e-02
 2.63913e+23	2.18e-01	7.50e-01	3.20e-02
 2.64153e+23	2.27e-01	7.41e-01	3.21e-02
 2.64375e+23	2.36e-01	7.32e-01	3.23e-02
 2.64545e+23	2.42e-01	7.25e-01	3.25e-02
 2.64662e+23	2.47e-01	7.20e-01	3.25e-02
 2.64775e+23	2.53e-01	7.15e-01	3.25e-02
 2.64912e+23	2.59e-01	7.08e-01	3.25e-02
 2.65064e+23	2.66e-01	7.01e-01	3.25e-02
 2.65212e+23	2.74e-01	6.94e-01	3.25e-02
 2.65356e+23	2.81e-01	6.87e-01	3.25e-02
 2.65504e+23	2.88e-01	6.79e-01	3.25e-02
 2.65658e+23	2.96e-01	6.71e-01	3.24e-02
 2.65816e+23	3.05e-01	6.63e-01	3.23e-02
 2.65976e+23	3.14e-01	6.54e-01	3.22e-02
 2.66139e+23	3.23e-01	6.45e-01	3.21e-02
 2.66308e+23	3.32e-01	6.36e-01	3.19e-02
 2.66482e+23	3.43e-01	6.26e-01	3.17e-02
 2.66659e+23	3.53e-01	6.16e-01	3.15e-02
 2.66842e+23	3.64e-01	6.05e-01	3.12e-02
 2.67030e+23	3.76e-01	5.94e-01	3.09e-02
 2.67223e+23	3.87e-01	5.82e-01	3.06e-02
 2.67423e+23	4.00e-01	5.70e-01	3.02e-02
 2.67631e+23	4.13e-01	5.57e-01	2.98e-02
 2.67841e+23	4.26e-01	5.44e-01	2.94e-02
 2.68056e+23	4.40e-01	5.31e-01	2.88e-02
 2.68282e+23	4.54e-01	5.17e-01	2.83e-02
 2.68517e+23	4.69e-01	5.03e-01	2.77e-02
 2.68758e+23	4.85e-01	4.88e-01	2.70e-02
 2.69007e+23	5.00e-01	4.74e-01	2.64e-02
 2.69266e+23	5.16e-01	4.58e-01	2.56e-02
 2.69537e+23	5.32e-01	4.43e-01	2.48e-02
 2.69812e+23	5.49e-01	4.27e-01	2.40e-02
 2.70093e+23	5.65e-01	4.12e-01	2.32e-02
 2.70382e+23	5.81e-01	3.97e-01	2.24e-02
 2.70680e+23	5.97e-01	3.82e-01	2.14e-02
 2.70989e+23	6.13e-01	3.66e-01	2.05e-02
 2.71313e+23	6.29e-01	3.51e-01	1.96e-02
 2.71644e+23	6.44e-01	3.37e-01	1.86e-02
 2.71987e+23	6.59e-01	3.23e-01	1.77e-02
 2.72349e+23	6.74e-01	3.09e-01	1.68e-02
 2.72726e+23	6.88e-01	2.96e-01	1.58e-02
 2.73120e+23	7.02e-01	2.83e-01	1.49e-02
 2.73535e+23	7.15e-01	2.71e-01	1.40e-02
 2.73974e+23	7.28e-01	2.59e-01	1.30e-02
 2.74433e+23	7.41e-01	2.47e-01	1.21e-02
 2.74894e+23	7.52e-01	2.37e-01	1.13e-02
 2.75340e+23	7.62e-01	2.28e-01	1.06e-02
 2.75775e+23	7.71e-01	2.19e-01	9.91e-03
 2.76197e+23	7.79e-01	2.12e-01	9.30e-03
 2.76609e+23	7.86e-01	2.05e-01	8.75e-03
 2.77008e+23	7.93e-01	1.99e-01	8.24e-03
 2.77389e+23	7.99e-01	1.93e-01	7.78e-03
 2.77744e+23	8.05e-01	1.88e-01	7.38e-03
 2.78089e+23	8.10e-01	1.83e-01	6.99e-03
 2.78435e+23	8.15e-01	1.78e-01	6.64e-03
 2.78770e+23	8.20e-01	1.74e-01	6.31e-03
 2.79093e+23	8.24e-01	1.70e-01	6.01e-03
 2.79404e+23	8.28e-01	1.66e-01	5.73e-03
 2.79705e+23	8.32e-01	1.62e-01	5.47e-03
 2.79996e+23	8.36e-01	1.59e-01	5.22e-03
 2.80278e+23	8.40e-01	1.55e-01	5.00e-03
 2.80549e+23	8.43e-01	1.52e-01	4.78e-03
 2.80811e+23	8.46e-01	1.49e-01	4.58e-03
 2.81063e+23	8.49e-01	1.46e-01	4.40e-03
 2.81303e+23	8.52e-01	1.44e-01	4.23e-03
 2.81538e+23	8.55e-01	1.41e-01	4.06e-03
 2.81766e+23	8.58e-01	1.38e-01	3.90e-03
 2.81975e+23	8.60e-01	1.36e-01	3.77e-03
 2.82165e+23	8.63e-01	1.34e-01	3.64e-03
 2.82337e+23	8.65e-01	1.32e-01	3.53e-03
 2.82495e+23	8.67e-01	1.30e-01	3.42e-03
 2.82638e+23	8.68e-01	1.28e-01	3.33e-03
 2.82768e+23	8.70e-01	1.27e-01	3.25e-03
 2.82886e+23	8.71e-01	1.25e-01	3.17e-03
 2.83016e+23	8.73e-01	1.24e-01	3.08e-03
 2.83156e+23	8.75e-01	1.22e-01	3.01e-03
 2.83284e+23	8.76e-01	1.21e-01	2.94e-03
 2.83400e+23	8.77e-01	1.20e-01	2.88e-03
 2.83506e+23	8.78e-01	1.19e-01	2.83e-03
 2.83621e+23	8.80e-01	1.17e-01	2.75e-03
 2.83772e+23	8.82e-01	1.16e-01	2.67e-03
 2.83934e+23	8.83e-01	1.14e-01	2.61e-03
 2.84082e+23	8.85e-01	1.13e-01	2.53e-03
 2.84217e+23	8.86e-01	1.11e-01	2.48e-03
 2.84364e+23	8.88e-01	1.10e-01	2.40e-03
 2.84523e+23	8.89e-01	1.09e-01	2.34e-03
 2.84668e+23	8.91e-01	1.07e-01	2.28e-03
 2.84800e+23	8.91e-01	1.06e-01	2.24e-03
 2.84944e+23	8.93e-01	1.05e-01	2.17e-03
 2.85100e+23	8.95e-01	1.03e-01	2.12e-03
 2.85242e+23	8.96e-01	1.02e-01	2.07e-03
 2.85398e+23	8.97e-01	1.01e-01	2.01e-03
 2.85565e+23	8.99e-01	9.95e-02	1.96e-03
 2.85718e+23	9.00e-01	9.83e-02	1.91e-03
 2.85886e+23	9.01e-01	9.67e-02	1.85e-03
 2.86066e+23	9.03e-01	9.54e-02	1.79e-03
 2.86231e+23	9.04e-01	9.41e-02	1.75e-03
 2.86380e+23	9.05e-01	9.29e-02	1.70e-03
 2.86516e+23	9.07e-01	9.17e-02	1.66e-03
 2.86640e+23	9.08e-01	9.06e-02	1.62e-03
 2.86776e+23	9.09e-01	8.93e-02	1.57e-03
 2.86923e+23	9.10e-01	8.82e-02	1.53e-03
 2.87056e+23	9.11e-01	8.73e-02	1.50e-03
 2.87202e+23	9.13e-01	8.60e-02	1.45e-03
 2.87360e+23	9.14e-01	8.49e-02	1.41e-03
 2.87504e+23	9.15e-01	8.39e-02	1.38e-03
 2.87634e+23	9.16e-01	8.29e-02	1.35e-03
 2.87753e+23	9.17e-01	8.20e-02	1.32e-03
 2.87883e+23	9.18e-01	8.10e-02	1.28e-03
 2.88024e+23	9.19e-01	8.00e-02	1.25e-03
 2.88152e+23	9.20e-01	7.90e-02	1.22e-03
 2.88269e+23	9.20e-01	7.83e-02	1.20e-03
 2.88396e+23	9.21e-01	7.74e-02	1.17e-03
 2.88534e+23	9.22e-01	7.65e-02	1.15e-03
 2.88685e+23	9.23e-01	7.54e-02	1.11e-03
 2.88848e+23	9.24e-01	7.46e-02	1.09e-03
 2.88996e+23	9.25e-01	7.37e-02	1.06e-03
 2.89131e+23	9.26e-01	7.30e-02	1.04e-03
 2.89279e+23	9.27e-01	7.20e-02	1.01e-03
 2.89439e+23	9.28e-01	7.11e-02	9.87e-04
 2.89584e+23	9.29e-01	7.04e-02	9.67e-04
 2.89744e+23	9.30e-01	6.93e-02	9.37e-04
 2.89916e+23	9.31e-01	6.85e-02	9.16e-04
 2.90072e+23	9.31e-01	6.76e-02	8.92e-04
 2.90214e+23	9.32e-01	6.70e-02	8.75e-04
 2.90370e+23	9.33e-01	6.60e-02	8.49e-04
 2.90539e+23	9.34e-01	6.52e-02	8.29e-04
 2.90692e+23	9.35e-01	6.46e-02	8.12e-04
 2.90860e+23	9.36e-01	6.35e-02	7.85e-04
 2.91041e+23	9.36e-01	6.27e-02	7.66e-04
 2.91206e+23	9.37e-01	6.19e-02	7.46e-04
 2.91357e+23	9.38e-01	6.13e-02	7.31e-04
 2.91521e+23	9.39e-01	6.04e-02	7.09e-04
 2.91699e+23	9.40e-01	5.96e-02	6.92e-04
 2.91860e+23	9.40e-01	5.90e-02	6.77e-04
 2.92037e+23	9.41e-01	5.80e-02	6.55e-04
 2.92229e+23	9.42e-01	5.73e-02	6.39e-04
 2.92403e+23	9.43e-01	5.67e-02	6.24e-04
 2.92593e+23	9.44e-01	5.57e-02	6.03e-04
 2.92799e+23	9.44e-01	5.49e-02	5.87e-04
 2.92987e+23	9.45e-01	5.42e-02	5.72e-04
 2.93192e+23	9.46e-01	5.32e-02	5.51e-04
 2.93413e+23	9.47e-01	5.25e-02	5.36e-04
 2.93615e+23	9.48e-01	5.18e-02	5.22e-04
 2.93836e+23	9.49e-01	5.08e-02	5.02e-04
 2.94075e+23	9.49e-01	5.01e-02	4.88e-04
 2.94292e+23	9.50e-01	4.93e-02	4.72e-04
 2.94489e+23	9.51e-01	4.85e-02	4.58e-04
 2.94669e+23	9.52e-01	4.80e-02	4.48e-04
 2.94866e+23	9.52e-01	4.72e-02	4.33e-04
 2.95079e+23	9.53e-01	4.66e-02	4.21e-04
 2.95272e+23	9.54e-01	4.60e-02	4.11e-04
 2.95484e+23	9.54e-01	4.52e-02	3.97e-04
 2.95713e+23	9.55e-01	4.45e-02	3.86e-04
 2.95922e+23	9.56e-01	4.40e-02	3.76e-04
 2.96150e+23	9.56e-01	4.32e-02	3.62e-04
 2.96396e+23	9.57e-01	4.25e-02	3.51e-04
 2.96621e+23	9.58e-01	4.19e-02	3.42e-04
 2.96867e+23	9.59e-01	4.11e-02	3.29e-04
 2.97132e+23	9.59e-01	4.04e-02	3.18e-04
 2.97373e+23	9.60e-01	3.99e-02	3.09e-04
 2.97638e+23	9.61e-01	3.91e-02	2.97e-04
 2.97924e+23	9.61e-01	3.84e-02	2.86e-04
 2.98183e+23	9.62e-01	3.78e-02	2.78e-04
 2.98468e+23	9.63e-01	3.70e-02	2.66e-04
 2.98776e+23	9.63e-01	3.63e-02	2.56e-04
 2.99056e+23	9.64e-01	3.57e-02	2.48e-04
 2.99362e+23	9.65e-01	3.49e-02	2.37e-04
 2.99693e+23	9.65e-01	3.43e-02	2.29e-04
 2.99995e+23	9.66e-01	3.36e-02	2.20e-04
 3.00269e+23	9.67e-01	3.31e-02	2.13e-04
 3.00569e+23	9.67e-01	3.23e-02	2.04e-04
 3.00893e+23	9.68e-01	3.17e-02	1.96e-04
 3.01188e+23	9.69e-01	3.12e-02	1.89e-04
 3.01512e+23	9.69e-01	3.05e-02	1.81e-04
 3.01861e+23	9.70e-01	2.99e-02	1.74e-04
 3.02179e+23	9.70e-01	2.93e-02	1.68e-04
 3.02527e+23	9.71e-01	2.87e-02	1.60e-04
 3.02903e+23	9.72e-01	2.81e-02	1.53e-04
 3.03245e+23	9.72e-01	2.75e-02	1.47e-04
 3.03556e+23	9.73e-01	2.70e-02	1.42e-04
 3.03897e+23	9.73e-01	2.64e-02	1.36e-04
 3.04265e+23	9.74e-01	2.59e-02	1.30e-04
 3.04600e+23	9.75e-01	2.53e-02	1.25e-04
 3.04967e+23	9.75e-01	2.48e-02	1.20e-04
 3.05364e+23	9.76e-01	2.42e-02	1.14e-04
 3.05724e+23	9.76e-01	2.37e-02	1.10e-04
 3.06120e+23	9.77e-01	2.32e-02	1.04e-04
 3.06546e+23	9.77e-01	2.26e-02	9.99e-05
 3.06935e+23	9.78e-01	2.21e-02	9.56e-05
 3.07288e+23	9.78e-01	2.17e-02	9.18e-05
 3.07675e+23	9.79e-01	2.12e-02	8.77e-05
 3.08093e+23	9.79e-01	2.07e-02	8.38e-05
 3.08430e+23	9.80e-01	2.04e-02	8.10e-05
