#depth	O	O+	O+2	O+3	O+4	O+5	O+6	O+7	O+8	O[1]	O[2]	O[3]
 4.62852e+21	7.86e-12	1.33e-07	1.65e-04	1.44e-02	1.02e-01	2.12e-01	5.92e-01	7.72e-02	2.25e-03	7.86e-12	6.06e-21	6.64e-21
 1.03254e+22	3.04e-11	4.66e-07	4.72e-04	3.09e-02	1.58e-01	2.66e-01	5.00e-01	4.40e-02	8.71e-04	3.04e-11	3.04e-20	3.34e-20
 1.19278e+22	6.34e-11	8.86e-07	7.90e-04	4.41e-02	1.90e-01	2.86e-01	4.46e-01	3.23e-02	5.28e-04	6.34e-11	7.24e-20	7.97e-20
 1.27758e+22	9.89e-11	1.30e-06	1.06e-03	5.39e-02	2.11e-01	2.96e-01	4.12e-01	2.67e-02	3.90e-04	9.89e-11	1.22e-19	1.35e-19
 1.32181e+22	1.19e-10	1.52e-06	1.20e-03	5.85e-02	2.19e-01	2.99e-01	3.97e-01	2.45e-02	3.42e-04	1.19e-10	1.53e-19	1.68e-19
 1.34614e+22	1.42e-10	1.76e-06	1.35e-03	6.29e-02	2.27e-01	3.01e-01	3.84e-01	2.27e-02	3.03e-04	1.42e-10	1.87e-19	2.06e-19
 1.37253e+22	1.75e-10	2.09e-06	1.54e-03	6.86e-02	2.37e-01	3.04e-01	3.68e-01	2.07e-02	2.62e-04	1.75e-10	2.40e-19	2.65e-19
 1.39999e+22	2.10e-10	2.43e-06	1.72e-03	7.38e-02	2.45e-01	3.05e-01	3.55e-01	1.90e-02	2.32e-04	2.10e-10	2.96e-19	3.28e-19
 1.42884e+22	2.65e-10	2.93e-06	1.99e-03	8.08e-02	2.56e-01	3.07e-01	3.37e-01	1.71e-02	1.97e-04	2.65e-10	3.90e-19	4.32e-19
 1.45823e+22	3.24e-10	3.45e-06	2.24e-03	8.73e-02	2.65e-01	3.07e-01	3.22e-01	1.56e-02	1.71e-04	3.24e-10	4.94e-19	5.46e-19
 1.48387e+22	3.91e-10	4.02e-06	2.51e-03	9.37e-02	2.73e-01	3.08e-01	3.09e-01	1.42e-02	1.49e-04	3.91e-10	6.15e-19	6.81e-19
 1.51276e+22	4.98e-10	4.87e-06	2.90e-03	1.02e-01	2.83e-01	3.07e-01	2.91e-01	1.27e-02	1.25e-04	4.98e-10	8.17e-19	9.05e-19
 1.54228e+22	6.07e-10	5.69e-06	3.25e-03	1.10e-01	2.92e-01	3.06e-01	2.77e-01	1.15e-02	1.09e-04	6.07e-10	1.03e-18	1.14e-18
 1.57264e+22	7.80e-10	6.93e-06	3.76e-03	1.20e-01	3.02e-01	3.04e-01	2.60e-01	1.02e-02	9.03e-05	7.80e-10	1.39e-18	1.54e-18
 1.60356e+22	9.66e-10	8.20e-06	4.25e-03	1.29e-01	3.11e-01	3.01e-01	2.45e-01	9.09e-03	7.68e-05	9.66e-10	1.78e-18	1.98e-18
 1.63063e+22	1.18e-09	9.58e-06	4.75e-03	1.38e-01	3.19e-01	2.98e-01	2.32e-01	8.20e-03	6.61e-05	1.18e-09	2.26e-18	2.50e-18
 1.66123e+22	1.52e-09	1.16e-05	5.46e-03	1.50e-01	3.28e-01	2.94e-01	2.16e-01	7.17e-03	5.45e-05	1.52e-09	3.04e-18	3.38e-18
 1.69301e+22	1.90e-09	1.38e-05	6.16e-03	1.60e-01	3.35e-01	2.90e-01	2.02e-01	6.36e-03	4.58e-05	1.90e-09	3.94e-18	4.39e-18
 1.72171e+22	2.35e-09	1.63e-05	6.92e-03	1.71e-01	3.42e-01	2.85e-01	1.89e-01	5.65e-03	3.86e-05	2.35e-09	5.08e-18	5.65e-18
 1.75443e+22	3.09e-09	1.99e-05	7.99e-03	1.85e-01	3.50e-01	2.78e-01	1.73e-01	4.85e-03	3.11e-05	3.09e-09	6.99e-18	7.79e-18
 1.78799e+22	3.90e-09	2.38e-05	9.03e-03	1.98e-01	3.57e-01	2.71e-01	1.60e-01	4.24e-03	2.57e-05	3.90e-09	9.19e-18	1.02e-17
 1.81764e+22	4.85e-09	2.80e-05	1.01e-02	2.11e-01	3.62e-01	2.65e-01	1.49e-01	3.72e-03	2.14e-05	4.85e-09	1.19e-17	1.33e-17
 1.85118e+22	6.39e-09	3.43e-05	1.16e-02	2.27e-01	3.68e-01	2.56e-01	1.35e-01	3.15e-03	1.70e-05	6.39e-09	1.65e-17	1.84e-17
 1.88558e+22	8.10e-09	4.09e-05	1.31e-02	2.41e-01	3.72e-01	2.47e-01	1.24e-01	2.72e-03	1.38e-05	8.10e-09	2.18e-17	2.43e-17
 1.91600e+22	1.01e-08	4.81e-05	1.46e-02	2.55e-01	3.75e-01	2.39e-01	1.14e-01	2.36e-03	1.14e-05	1.01e-08	2.83e-17	3.17e-17
 1.95043e+22	1.34e-08	5.90e-05	1.68e-02	2.73e-01	3.78e-01	2.29e-01	1.02e-01	1.97e-03	8.85e-06	1.34e-08	3.95e-17	4.42e-17
 1.98583e+22	1.70e-08	7.03e-05	1.88e-02	2.89e-01	3.79e-01	2.19e-01	9.22e-02	1.68e-03	7.09e-06	1.70e-08	5.25e-17	5.88e-17
 2.01724e+22	2.13e-08	8.29e-05	2.10e-02	3.04e-01	3.80e-01	2.10e-01	8.39e-02	1.44e-03	5.74e-06	2.13e-08	6.86e-17	7.69e-17
 2.05285e+22	2.84e-08	1.02e-04	2.40e-02	3.23e-01	3.79e-01	1.98e-01	7.41e-02	1.18e-03	4.38e-06	2.84e-08	9.63e-17	1.08e-16
 2.08948e+22	3.63e-08	1.21e-04	2.69e-02	3.40e-01	3.78e-01	1.88e-01	6.63e-02	9.90e-04	3.44e-06	3.63e-08	1.29e-16	1.45e-16
 2.12217e+22	4.58e-08	1.43e-04	2.99e-02	3.56e-01	3.76e-01	1.78e-01	5.95e-02	8.35e-04	2.74e-06	4.58e-08	1.70e-16	1.91e-16
 2.15940e+22	6.16e-08	1.77e-04	3.41e-02	3.76e-01	3.72e-01	1.66e-01	5.16e-02	6.68e-04	2.03e-06	6.16e-08	2.42e-16	2.72e-16
 2.19731e+22	7.84e-08	2.10e-04	3.80e-02	3.92e-01	3.68e-01	1.56e-01	4.57e-02	5.54e-04	1.57e-06	7.84e-08	3.22e-16	3.64e-16
 2.23613e+22	1.06e-07	2.60e-04	4.34e-02	4.13e-01	3.61e-01	1.43e-01	3.91e-02	4.36e-04	1.14e-06	1.06e-07	4.64e-16	5.24e-16
 2.27534e+22	1.36e-07	3.08e-04	4.82e-02	4.29e-01	3.55e-01	1.33e-01	3.44e-02	3.57e-04	8.75e-07	1.36e-07	6.20e-16	7.01e-16
 2.30925e+22	1.71e-07	3.62e-04	5.31e-02	4.44e-01	3.48e-01	1.24e-01	3.03e-02	2.95e-04	6.79e-07	1.71e-07	8.17e-16	9.24e-16
 2.34100e+22	2.10e-07	4.19e-04	5.80e-02	4.57e-01	3.41e-01	1.16e-01	2.70e-02	2.47e-04	5.35e-07	2.10e-07	1.05e-15	1.19e-15
 2.37578e+22	2.72e-07	5.01e-04	6.45e-02	4.72e-01	3.32e-01	1.07e-01	2.32e-02	1.97e-04	3.98e-07	2.72e-07	1.43e-15	1.62e-15
 2.41078e+22	3.37e-07	5.82e-04	7.04e-02	4.85e-01	3.24e-01	9.91e-02	2.05e-02	1.63e-04	3.09e-07	3.37e-07	1.85e-15	2.10e-15
 2.44106e+22	4.11e-07	6.68e-04	7.63e-02	4.96e-01	3.17e-01	9.22e-02	1.82e-02	1.36e-04	2.44e-07	4.11e-07	2.35e-15	2.67e-15
 2.47540e+22	5.30e-07	7.96e-04	8.44e-02	5.09e-01	3.06e-01	8.38e-02	1.55e-02	1.08e-04	1.79e-07	5.30e-07	3.20e-15	3.63e-15
 2.51080e+22	6.54e-07	9.20e-04	9.17e-02	5.20e-01	2.97e-01	7.72e-02	1.36e-02	8.84e-05	1.38e-07	6.54e-07	4.12e-15	4.69e-15
 2.54758e+22	8.52e-07	1.10e-03	1.02e-01	5.32e-01	2.85e-01	6.93e-02	1.14e-02	6.86e-05	0.00e+00	8.52e-07	5.68e-15	6.47e-15
 2.58432e+22	1.05e-06	1.27e-03	1.10e-01	5.40e-01	2.75e-01	6.34e-02	9.94e-03	5.56e-05	0.00e+00	1.05e-06	7.33e-15	8.35e-15
 2.61589e+22	1.29e-06	1.46e-03	1.19e-01	5.48e-01	2.65e-01	5.81e-02	8.67e-03	4.55e-05	0.00e+00	1.29e-06	9.36e-15	1.07e-14
 2.65183e+22	1.65e-06	1.74e-03	1.31e-01	5.56e-01	2.53e-01	5.19e-02	7.28e-03	3.52e-05	0.00e+00	1.65e-06	1.27e-14	1.45e-14
 2.68507e+22	1.97e-06	1.96e-03	1.39e-01	5.61e-01	2.44e-01	4.78e-02	6.43e-03	2.93e-05	0.00e+00	1.97e-06	1.57e-14	1.79e-14
 2.71052e+22	2.28e-06	2.17e-03	1.47e-01	5.64e-01	2.36e-01	4.45e-02	5.77e-03	2.50e-05	0.00e+00	2.28e-06	1.89e-14	2.15e-14
 2.73933e+22	2.77e-06	2.47e-03	1.58e-01	5.68e-01	2.26e-01	4.04e-02	5.00e-03	2.03e-05	0.00e+00	2.77e-06	2.39e-14	2.73e-14
 2.76933e+22	3.28e-06	2.77e-03	1.68e-01	5.70e-01	2.18e-01	3.71e-02	4.40e-03	1.68e-05	0.00e+00	3.28e-06	2.94e-14	3.36e-14
 2.79655e+22	3.87e-06	3.10e-03	1.78e-01	5.72e-01	2.09e-01	3.41e-02	3.88e-03	1.40e-05	0.00e+00	3.87e-06	3.60e-14	4.12e-14
 2.82758e+22	4.76e-06	3.57e-03	1.91e-01	5.73e-01	1.99e-01	3.05e-02	3.30e-03	1.11e-05	0.00e+00	4.76e-06	4.65e-14	5.32e-14
 2.85878e+22	5.61e-06	3.99e-03	2.02e-01	5.73e-01	1.90e-01	2.78e-02	2.90e-03	9.14e-06	0.00e+00	5.61e-06	5.70e-14	6.52e-14
 2.89018e+22	6.92e-06	4.60e-03	2.17e-01	5.72e-01	1.80e-01	2.47e-02	2.45e-03	7.15e-06	0.00e+00	6.92e-06	7.37e-14	8.44e-14
 2.92168e+22	8.12e-06	5.12e-03	2.29e-01	5.70e-01	1.71e-01	2.25e-02	2.14e-03	5.90e-06	0.00e+00	8.12e-06	8.99e-14	1.03e-13
 2.95330e+22	9.95e-06	5.87e-03	2.45e-01	5.66e-01	1.61e-01	1.99e-02	1.80e-03	4.61e-06	0.00e+00	9.95e-06	1.16e-13	1.33e-13
 2.98543e+22	1.17e-05	6.55e-03	2.58e-01	5.63e-01	1.53e-01	1.80e-02	1.57e-03	3.76e-06	0.00e+00	1.17e-05	1.42e-13	1.62e-13
 3.01822e+22	1.43e-05	7.51e-03	2.76e-01	5.57e-01	1.43e-01	1.58e-02	1.31e-03	2.90e-06	0.00e+00	1.43e-05	1.83e-13	2.10e-13
 3.05150e+22	1.69e-05	8.38e-03	2.90e-01	5.51e-01	1.35e-01	1.42e-02	1.13e-03	2.34e-06	0.00e+00	1.69e-05	2.25e-13	2.57e-13
 3.08539e+22	2.08e-05	9.62e-03	3.10e-01	5.42e-01	1.26e-01	1.23e-02	9.33e-04	1.78e-06	0.00e+00	2.08e-05	2.92e-13	3.34e-13
 3.11972e+22	2.45e-05	1.07e-02	3.26e-01	5.34e-01	1.18e-01	1.10e-02	7.97e-04	1.42e-06	0.00e+00	2.45e-05	3.59e-13	4.11e-13
 3.15460e+22	3.01e-05	1.23e-02	3.46e-01	5.22e-01	1.09e-01	9.47e-03	6.54e-04	1.07e-06	0.00e+00	3.01e-05	4.66e-13	5.34e-13
 3.18159e+22	3.25e-05	1.29e-02	3.55e-01	5.18e-01	1.05e-01	8.93e-03	6.05e-04	9.55e-07	0.00e+00	3.25e-05	5.13e-13	5.87e-13
 3.19831e+22	3.61e-05	1.39e-02	3.65e-01	5.11e-01	1.01e-01	8.26e-03	5.46e-04	8.24e-07	0.00e+00	3.61e-05	5.86e-13	6.70e-13
 3.22006e+22	4.09e-05	1.51e-02	3.78e-01	5.03e-01	9.58e-02	7.52e-03	4.82e-04	6.90e-07	0.00e+00	4.09e-05	6.89e-13	7.87e-13
 3.24833e+22	4.81e-05	1.68e-02	3.95e-01	4.91e-01	8.94e-02	6.64e-03	4.09e-04	5.47e-07	0.00e+00	4.81e-05	8.47e-13	9.67e-13
 3.28508e+22	6.01e-05	1.95e-02	4.19e-01	4.74e-01	8.08e-02	5.57e-03	3.26e-04	3.95e-07	0.00e+00	6.01e-05	1.12e-12	1.28e-12
 3.32191e+22	7.04e-05	2.16e-02	4.37e-01	4.61e-01	7.49e-02	4.88e-03	2.75e-04	3.10e-07	0.00e+00	7.04e-05	1.38e-12	1.57e-12
 3.35051e+22	7.97e-05	2.35e-02	4.52e-01	4.50e-01	7.03e-02	4.38e-03	2.39e-04	2.55e-07	0.00e+00	7.97e-05	1.62e-12	1.84e-12
 3.37940e+22	9.39e-05	2.61e-02	4.70e-01	4.35e-01	6.47e-02	3.81e-03	2.00e-04	1.97e-07	0.00e+00	9.39e-05	2.01e-12	2.27e-12
 3.40815e+22	1.06e-04	2.83e-02	4.84e-01	4.24e-01	6.06e-02	3.41e-03	1.74e-04	1.62e-07	0.00e+00	1.06e-04	2.35e-12	2.65e-12
 3.43673e+22	1.23e-04	3.12e-02	5.01e-01	4.09e-01	5.58e-02	2.97e-03	1.46e-04	1.27e-07	0.00e+00	1.23e-04	2.88e-12	3.23e-12
 3.46609e+22	1.40e-04	3.40e-02	5.16e-01	3.95e-01	5.18e-02	2.63e-03	1.25e-04	0.00e+00	0.00e+00	1.40e-04	3.41e-12	3.81e-12
 3.49239e+22	1.59e-04	3.68e-02	5.30e-01	3.83e-01	4.82e-02	2.34e-03	1.08e-04	0.00e+00	0.00e+00	1.59e-04	4.02e-12	4.48e-12
 3.52250e+22	1.85e-04	4.07e-02	5.47e-01	3.66e-01	4.39e-02	2.01e-03	8.95e-05	0.00e+00	0.00e+00	1.85e-04	4.95e-12	5.48e-12
 3.55319e+22	2.10e-04	4.42e-02	5.61e-01	3.52e-01	4.05e-02	1.77e-03	7.62e-05	0.00e+00	0.00e+00	2.10e-04	5.86e-12	6.46e-12
 3.58466e+22	2.48e-04	4.90e-02	5.79e-01	3.34e-01	3.65e-02	1.49e-03	6.19e-05	0.00e+00	0.00e+00	2.48e-04	7.31e-12	7.99e-12
 3.61618e+22	2.80e-04	5.30e-02	5.92e-01	3.20e-01	3.35e-02	1.31e-03	5.25e-05	0.00e+00	0.00e+00	2.80e-04	8.64e-12	9.38e-12
 3.64776e+22	3.27e-04	5.85e-02	6.07e-01	3.02e-01	3.01e-02	1.10e-03	4.27e-05	0.00e+00	0.00e+00	3.27e-04	1.07e-11	1.15e-11
 3.67796e+22	3.63e-04	6.26e-02	6.18e-01	2.90e-01	2.77e-02	9.73e-04	3.66e-05	0.00e+00	0.00e+00	3.63e-04	1.24e-11	1.33e-11
 3.69806e+22	3.87e-04	6.51e-02	6.25e-01	2.82e-01	2.63e-02	9.00e-04	3.33e-05	0.00e+00	0.00e+00	3.87e-04	1.36e-11	1.44e-11
 3.71588e+22	4.21e-04	6.87e-02	6.33e-01	2.73e-01	2.47e-02	8.17e-04	2.96e-05	0.00e+00	0.00e+00	4.21e-04	1.53e-11	1.61e-11
 3.73905e+22	4.69e-04	7.35e-02	6.42e-01	2.60e-01	2.28e-02	7.20e-04	2.54e-05	0.00e+00	0.00e+00	4.69e-04	1.79e-11	1.86e-11
 3.76916e+22	5.44e-04	8.07e-02	6.54e-01	2.44e-01	2.03e-02	6.03e-04	2.05e-05	0.00e+00	0.00e+00	5.44e-04	2.21e-11	2.27e-11
 3.79520e+22	5.80e-04	8.39e-02	6.60e-01	2.35e-01	1.91e-02	5.50e-04	1.83e-05	0.00e+00	0.00e+00	5.80e-04	2.43e-11	2.48e-11
 3.81596e+22	6.40e-04	8.92e-02	6.67e-01	2.25e-01	1.76e-02	4.87e-04	1.58e-05	0.00e+00	0.00e+00	6.40e-04	2.80e-11	2.83e-11
 3.84293e+22	7.21e-04	9.61e-02	6.76e-01	2.11e-01	1.59e-02	4.17e-04	1.31e-05	0.00e+00	0.00e+00	7.21e-04	3.34e-11	3.33e-11
 3.87801e+22	8.47e-04	1.06e-01	6.85e-01	1.94e-01	1.38e-02	3.38e-04	1.02e-05	0.00e+00	0.00e+00	8.47e-04	4.23e-11	4.13e-11
 3.91134e+22	9.34e-04	1.12e-01	6.91e-01	1.83e-01	1.25e-02	2.92e-04	8.57e-06	0.00e+00	0.00e+00	9.34e-04	4.91e-11	4.73e-11
 3.94240e+22	1.07e-03	1.22e-01	6.97e-01	1.69e-01	1.10e-02	2.42e-04	6.85e-06	0.00e+00	0.00e+00	1.07e-03	6.01e-11	5.68e-11
 3.97716e+22	1.21e-03	1.32e-01	7.01e-01	1.56e-01	9.65e-03	2.01e-04	5.48e-06	0.00e+00	0.00e+00	1.21e-03	7.30e-11	6.76e-11
 4.01671e+22	1.44e-03	1.46e-01	7.05e-01	1.39e-01	8.13e-03	1.56e-04	4.08e-06	0.00e+00	0.00e+00	1.44e-03	9.47e-11	8.54e-11
 4.05618e+22	1.62e-03	1.56e-01	7.07e-01	1.28e-01	7.10e-03	1.29e-04	3.25e-06	0.00e+00	0.00e+00	1.62e-03	1.14e-10	1.01e-10
 4.09557e+22	1.90e-03	1.72e-01	7.06e-01	1.13e-01	5.96e-03	9.99e-05	2.41e-06	0.00e+00	0.00e+00	1.90e-03	1.46e-10	1.26e-10
 4.13594e+22	2.15e-03	1.85e-01	7.05e-01	1.03e-01	5.13e-03	8.09e-05	1.89e-06	0.00e+00	0.00e+00	2.15e-03	1.78e-10	1.50e-10
 4.17759e+22	2.55e-03	2.04e-01	6.99e-01	8.94e-02	4.22e-03	6.11e-05	1.36e-06	0.00e+00	0.00e+00	2.55e-03	2.32e-10	1.90e-10
 4.21963e+22	2.88e-03	2.19e-01	6.95e-01	8.01e-02	3.61e-03	4.90e-05	1.05e-06	0.00e+00	0.00e+00	2.88e-03	2.82e-10	2.25e-10
 4.26220e+22	3.43e-03	2.41e-01	6.83e-01	6.86e-02	2.93e-03	3.62e-05	7.47e-07	0.00e+00	0.00e+00	3.43e-03	3.69e-10	2.87e-10
 4.30545e+22	3.88e-03	2.59e-01	6.74e-01	6.05e-02	2.47e-03	2.85e-05	5.68e-07	0.00e+00	0.00e+00	3.88e-03	4.49e-10	3.41e-10
 4.34958e+22	4.64e-03	2.86e-01	6.57e-01	5.07e-02	1.97e-03	2.06e-05	3.93e-07	0.00e+00	0.00e+00	4.64e-03	5.90e-10	4.36e-10
 4.39466e+22	5.33e-03	3.08e-01	6.41e-01	4.36e-02	1.63e-03	1.56e-05	2.89e-07	0.00e+00	0.00e+00	5.33e-03	7.28e-10	5.27e-10
 4.42992e+22	5.89e-03	3.25e-01	6.29e-01	3.88e-02	1.41e-03	1.27e-05	2.31e-07	0.00e+00	0.00e+00	5.89e-03	8.49e-10	6.06e-10
 4.46472e+22	6.85e-03	3.52e-01	6.07e-01	3.29e-02	1.16e-03	9.52e-06	1.68e-07	0.00e+00	0.00e+00	6.85e-03	1.06e-09	7.41e-10
 4.49935e+22	7.59e-03	3.72e-01	5.91e-01	2.89e-02	1.00e-03	7.65e-06	1.33e-07	0.00e+00	0.00e+00	7.59e-03	1.24e-09	8.54e-10
 4.53378e+22	8.84e-03	4.01e-01	5.65e-01	2.41e-02	8.20e-04	5.64e-06	0.00e+00	0.00e+00	0.00e+00	8.84e-03	1.54e-09	1.04e-09
 4.56867e+22	9.95e-03	4.25e-01	5.43e-01	2.07e-02	6.94e-04	4.38e-06	0.00e+00	0.00e+00	0.00e+00	9.95e-03	1.83e-09	1.22e-09
 4.60415e+22	1.17e-02	4.60e-01	5.11e-01	1.67e-02	5.59e-04	3.12e-06	0.00e+00	0.00e+00	0.00e+00	1.17e-02	2.29e-09	1.51e-09
 4.64005e+22	1.33e-02	4.88e-01	4.84e-01	1.39e-02	4.64e-04	2.33e-06	0.00e+00	0.00e+00	0.00e+00	1.33e-02	2.76e-09	1.80e-09
 4.67121e+22	1.52e-02	5.17e-01	4.56e-01	1.15e-02	3.87e-04	1.74e-06	0.00e+00	0.00e+00	0.00e+00	1.52e-02	3.30e-09	2.13e-09
 4.70645e+22	1.80e-02	5.56e-01	4.17e-01	8.88e-03	3.05e-04	1.18e-06	0.00e+00	0.00e+00	0.00e+00	1.80e-02	4.16e-09	2.65e-09
 4.74284e+22	2.10e-02	5.91e-01	3.81e-01	6.93e-03	2.45e-04	8.13e-07	0.00e+00	0.00e+00	0.00e+00	2.10e-02	5.11e-09	3.23e-09
 4.77484e+22	2.43e-02	6.23e-01	3.47e-01	5.41e-03	1.98e-04	5.67e-07	0.00e+00	0.00e+00	0.00e+00	2.43e-02	6.20e-09	3.88e-09
 4.81058e+22	2.93e-02	6.64e-01	3.03e-01	3.87e-03	1.50e-04	3.50e-07	0.00e+00	0.00e+00	0.00e+00	2.93e-02	7.95e-09	4.93e-09
 4.84833e+22	3.53e-02	7.01e-01	2.61e-01	2.74e-03	1.14e-04	2.14e-07	0.00e+00	0.00e+00	0.00e+00	3.53e-02	1.01e-08	6.20e-09
 4.88064e+22	4.17e-02	7.30e-01	2.26e-01	1.97e-03	8.84e-05	1.36e-07	0.00e+00	0.00e+00	0.00e+00	4.17e-02	1.24e-08	7.59e-09
 4.90791e+22	4.83e-02	7.54e-01	1.97e-01	1.46e-03	7.05e-05	0.00e+00	0.00e+00	0.00e+00	0.00e+00	4.83e-02	1.48e-08	9.05e-09
 4.93669e+22	5.76e-02	7.78e-01	1.63e-01	1.00e-03	5.28e-05	0.00e+00	0.00e+00	0.00e+00	0.00e+00	5.76e-02	1.85e-08	1.12e-08
 4.96663e+22	6.89e-02	7.96e-01	1.34e-01	6.76e-04	3.94e-05	0.00e+00	0.00e+00	0.00e+00	0.00e+00	6.89e-02	2.29e-08	1.38e-08
 4.98469e+22	7.58e-02	8.03e-01	1.20e-01	5.50e-04	3.40e-05	0.00e+00	0.00e+00	0.00e+00	0.00e+00	7.58e-02	2.54e-08	1.54e-08
 4.99159e+22	7.92e-02	8.06e-01	1.14e-01	5.00e-04	3.16e-05	0.00e+00	0.00e+00	0.00e+00	0.00e+00	7.92e-02	2.67e-08	1.61e-08
 4.99694e+22	8.19e-02	8.08e-01	1.10e-01	4.62e-04	2.98e-05	0.00e+00	0.00e+00	0.00e+00	0.00e+00	8.19e-02	2.78e-08	1.68e-08
 5.00346e+22	8.57e-02	8.10e-01	1.04e-01	4.15e-04	2.75e-05	0.00e+00	0.00e+00	0.00e+00	0.00e+00	8.57e-02	2.94e-08	1.77e-08
 5.01100e+22	9.02e-02	8.12e-01	9.70e-02	3.68e-04	2.51e-05	0.00e+00	0.00e+00	0.00e+00	0.00e+00	9.02e-02	3.12e-08	1.88e-08
 5.01847e+22	9.49e-02	8.14e-01	9.08e-02	3.27e-04	2.29e-05	0.00e+00	0.00e+00	0.00e+00	0.00e+00	9.49e-02	3.31e-08	1.99e-08
 5.02555e+22	9.99e-02	8.15e-01	8.50e-02	2.91e-04	2.09e-05	0.00e+00	0.00e+00	0.00e+00	0.00e+00	9.99e-02	3.50e-08	2.10e-08
 5.03221e+22	1.04e-01	8.15e-01	8.00e-02	2.61e-04	1.92e-05	0.00e+00	0.00e+00	0.00e+00	0.00e+00	1.04e-01	3.69e-08	2.21e-08
 5.03895e+22	1.10e-01	8.15e-01	7.48e-02	2.32e-04	1.75e-05	0.00e+00	0.00e+00	0.00e+00	0.00e+00	1.10e-01	3.90e-08	2.34e-08
 5.04580e+22	1.15e-01	8.15e-01	6.99e-02	2.07e-04	1.60e-05	0.00e+00	0.00e+00	0.00e+00	0.00e+00	1.15e-01	4.12e-08	2.47e-08
 5.05237e+22	1.21e-01	8.13e-01	6.53e-02	1.84e-04	1.45e-05	0.00e+00	0.00e+00	0.00e+00	0.00e+00	1.21e-01	4.36e-08	2.61e-08
 5.05864e+22	1.27e-01	8.12e-01	6.11e-02	1.65e-04	1.33e-05	0.00e+00	0.00e+00	0.00e+00	0.00e+00	1.27e-01	4.58e-08	2.74e-08
 5.06480e+22	1.33e-01	8.10e-01	5.71e-02	1.47e-04	1.21e-05	0.00e+00	0.00e+00	0.00e+00	0.00e+00	1.33e-01	4.83e-08	2.89e-08
 5.07099e+22	1.39e-01	8.08e-01	5.33e-02	1.32e-04	1.11e-05	0.00e+00	0.00e+00	0.00e+00	0.00e+00	1.39e-01	5.08e-08	3.03e-08
 5.07731e+22	1.46e-01	8.04e-01	4.96e-02	1.17e-04	1.00e-05	0.00e+00	0.00e+00	0.00e+00	0.00e+00	1.46e-01	5.35e-08	3.20e-08
 5.08359e+22	1.53e-01	8.01e-01	4.61e-02	1.05e-04	9.11e-06	0.00e+00	0.00e+00	0.00e+00	0.00e+00	1.53e-01	5.63e-08	3.36e-08
 5.08961e+22	1.60e-01	7.97e-01	4.28e-02	9.32e-05	8.25e-06	0.00e+00	0.00e+00	0.00e+00	0.00e+00	1.60e-01	5.93e-08	3.53e-08
 5.09546e+22	1.68e-01	7.92e-01	3.99e-02	8.36e-05	7.51e-06	0.00e+00	0.00e+00	0.00e+00	0.00e+00	1.68e-01	6.21e-08	3.70e-08
 5.10124e+22	1.76e-01	7.87e-01	3.70e-02	7.46e-05	6.78e-06	0.00e+00	0.00e+00	0.00e+00	0.00e+00	1.76e-01	6.53e-08	3.89e-08
 5.10685e+22	1.83e-01	7.82e-01	3.45e-02	6.72e-05	6.18e-06	0.00e+00	0.00e+00	0.00e+00	0.00e+00	1.83e-01	6.83e-08	4.06e-08
 5.11250e+22	1.92e-01	7.76e-01	3.20e-02	6.02e-05	5.59e-06	0.00e+00	0.00e+00	0.00e+00	0.00e+00	1.92e-01	7.16e-08	4.26e-08
 5.11834e+22	2.01e-01	7.69e-01	2.95e-02	5.36e-05	5.01e-06	0.00e+00	0.00e+00	0.00e+00	0.00e+00	2.01e-01	7.51e-08	4.47e-08
 5.12378e+22	2.10e-01	7.62e-01	2.74e-02	4.83e-05	4.54e-06	0.00e+00	0.00e+00	0.00e+00	0.00e+00	2.10e-01	7.85e-08	4.66e-08
 5.12895e+22	2.18e-01	7.56e-01	2.55e-02	4.39e-05	4.15e-06	0.00e+00	0.00e+00	0.00e+00	0.00e+00	2.18e-01	8.16e-08	4.85e-08
 5.13462e+22	2.29e-01	7.47e-01	2.35e-02	3.91e-05	3.70e-06	0.00e+00	0.00e+00	0.00e+00	0.00e+00	2.29e-01	8.56e-08	5.08e-08
 5.14037e+22	2.40e-01	7.38e-01	2.16e-02	3.50e-05	3.31e-06	0.00e+00	0.00e+00	0.00e+00	0.00e+00	2.40e-01	8.95e-08	5.31e-08
 5.14550e+22	2.50e-01	7.30e-01	2.00e-02	3.17e-05	2.99e-06	0.00e+00	0.00e+00	0.00e+00	0.00e+00	2.50e-01	9.30e-08	5.52e-08
 5.15049e+22	2.59e-01	7.22e-01	1.86e-02	2.89e-05	2.72e-06	0.00e+00	0.00e+00	0.00e+00	0.00e+00	2.59e-01	9.64e-08	5.72e-08
 5.15606e+22	2.72e-01	7.11e-01	1.70e-02	2.58e-05	2.41e-06	0.00e+00	0.00e+00	0.00e+00	0.00e+00	2.72e-01	1.01e-07	5.96e-08
 5.16174e+22	2.84e-01	7.01e-01	1.56e-02	2.32e-05	2.15e-06	0.00e+00	0.00e+00	0.00e+00	0.00e+00	2.84e-01	1.05e-07	6.20e-08
 5.16696e+22	2.96e-01	6.90e-01	1.43e-02	2.09e-05	1.92e-06	0.00e+00	0.00e+00	0.00e+00	0.00e+00	2.96e-01	1.09e-07	6.44e-08
 5.17187e+22	3.06e-01	6.80e-01	1.33e-02	1.92e-05	1.74e-06	0.00e+00	0.00e+00	0.00e+00	0.00e+00	3.06e-01	1.12e-07	6.64e-08
 5.17704e+22	3.20e-01	6.68e-01	1.22e-02	1.73e-05	1.55e-06	0.00e+00	0.00e+00	0.00e+00	0.00e+00	3.20e-01	1.16e-07	6.89e-08
 5.18238e+22	3.32e-01	6.57e-01	1.12e-02	1.57e-05	1.39e-06	0.00e+00	0.00e+00	0.00e+00	0.00e+00	3.32e-01	1.20e-07	7.11e-08
 5.18771e+22	3.46e-01	6.44e-01	1.02e-02	1.42e-05	1.23e-06	0.00e+00	0.00e+00	0.00e+00	0.00e+00	3.46e-01	1.24e-07	7.35e-08
 5.19309e+22	3.59e-01	6.32e-01	9.34e-03	1.29e-05	1.09e-06	0.00e+00	0.00e+00	0.00e+00	0.00e+00	3.59e-01	1.28e-07	7.58e-08
 5.19834e+22	3.73e-01	6.18e-01	8.52e-03	1.17e-05	9.68e-07	0.00e+00	0.00e+00	0.00e+00	0.00e+00	3.73e-01	1.32e-07	7.81e-08
 5.20350e+22	3.86e-01	6.06e-01	7.81e-03	1.07e-05	8.65e-07	0.00e+00	0.00e+00	0.00e+00	0.00e+00	3.86e-01	1.36e-07	8.02e-08
 5.20876e+22	4.01e-01	5.92e-01	7.12e-03	9.73e-06	7.65e-07	0.00e+00	0.00e+00	0.00e+00	0.00e+00	4.01e-01	1.40e-07	8.24e-08
 5.21418e+22	4.16e-01	5.77e-01	6.47e-03	8.85e-06	6.75e-07	0.00e+00	0.00e+00	0.00e+00	0.00e+00	4.16e-01	1.43e-07	8.45e-08
 5.21937e+22	4.30e-01	5.64e-01	5.90e-03	8.09e-06	5.99e-07	0.00e+00	0.00e+00	0.00e+00	0.00e+00	4.30e-01	1.47e-07	8.64e-08
 5.22457e+22	4.44e-01	5.50e-01	5.38e-03	7.42e-06	5.32e-07	0.00e+00	0.00e+00	0.00e+00	0.00e+00	4.44e-01	1.50e-07	8.83e-08
 5.23013e+22	4.60e-01	5.35e-01	4.86e-03	6.75e-06	4.67e-07	0.00e+00	0.00e+00	0.00e+00	0.00e+00	4.60e-01	1.53e-07	9.02e-08
 5.23579e+22	4.76e-01	5.20e-01	4.39e-03	6.14e-06	4.09e-07	0.00e+00	0.00e+00	0.00e+00	0.00e+00	4.76e-01	1.56e-07	9.21e-08
 5.24119e+22	4.91e-01	5.05e-01	3.98e-03	5.63e-06	3.61e-07	0.00e+00	0.00e+00	0.00e+00	0.00e+00	4.91e-01	1.59e-07	9.36e-08
 5.24663e+22	5.06e-01	4.91e-01	3.60e-03	5.16e-06	3.18e-07	0.00e+00	0.00e+00	0.00e+00	0.00e+00	5.06e-01	1.62e-07	9.51e-08
 5.25236e+22	5.21e-01	4.75e-01	3.24e-03	4.72e-06	2.79e-07	0.00e+00	0.00e+00	0.00e+00	0.00e+00	5.21e-01	1.64e-07	9.66e-08
 5.25829e+22	5.37e-01	4.60e-01	2.91e-03	4.32e-06	2.43e-07	0.00e+00	0.00e+00	0.00e+00	0.00e+00	5.37e-01	1.67e-07	9.79e-08
 5.26435e+22	5.53e-01	4.44e-01	2.61e-03	3.94e-06	2.11e-07	0.00e+00	0.00e+00	0.00e+00	0.00e+00	5.53e-01	1.69e-07	9.91e-08
 5.27040e+22	5.69e-01	4.29e-01	2.33e-03	3.61e-06	1.84e-07	0.00e+00	0.00e+00	0.00e+00	0.00e+00	5.69e-01	1.70e-07	1.00e-07
 5.27646e+22	5.84e-01	4.14e-01	2.09e-03	3.31e-06	1.61e-07	0.00e+00	0.00e+00	0.00e+00	0.00e+00	5.84e-01	1.72e-07	1.01e-07
 5.28211e+22	5.97e-01	4.01e-01	1.89e-03	3.07e-06	1.42e-07	0.00e+00	0.00e+00	0.00e+00	0.00e+00	5.97e-01	1.73e-07	1.02e-07
 5.28712e+22	6.09e-01	3.89e-01	1.73e-03	2.87e-06	1.27e-07	0.00e+00	0.00e+00	0.00e+00	0.00e+00	6.09e-01	1.74e-07	1.02e-07
 5.29206e+22	6.20e-01	3.78e-01	1.59e-03	2.69e-06	0.00e+00	0.00e+00	0.00e+00	0.00e+00	0.00e+00	6.20e-01	1.75e-07	1.02e-07
 5.29736e+22	6.32e-01	3.66e-01	1.44e-03	2.51e-06	0.00e+00	0.00e+00	0.00e+00	0.00e+00	0.00e+00	6.32e-01	1.75e-07	1.03e-07
 5.30298e+22	6.45e-01	3.54e-01	1.30e-03	2.34e-06	0.00e+00	0.00e+00	0.00e+00	0.00e+00	0.00e+00	6.45e-01	1.76e-07	1.03e-07
 5.30848e+22	6.56e-01	3.43e-01	1.19e-03	2.19e-06	0.00e+00	0.00e+00	0.00e+00	0.00e+00	0.00e+00	6.56e-01	1.76e-07	1.03e-07
 5.31399e+22	6.68e-01	3.31e-01	1.08e-03	2.04e-06	0.00e+00	0.00e+00	0.00e+00	0.00e+00	0.00e+00	6.68e-01	1.76e-07	1.03e-07
 5.31965e+22	6.78e-01	3.21e-01	9.75e-04	1.91e-06	0.00e+00	0.00e+00	0.00e+00	0.00e+00	0.00e+00	6.78e-01	1.77e-07	1.03e-07
 5.32548e+22	6.89e-01	3.10e-01	8.81e-04	1.79e-06	0.00e+00	0.00e+00	0.00e+00	0.00e+00	0.00e+00	6.89e-01	1.77e-07	1.03e-07
 5.33149e+22	7.01e-01	2.99e-01	7.94e-04	1.67e-06	0.00e+00	0.00e+00	0.00e+00	0.00e+00	0.00e+00	7.01e-01	1.76e-07	1.03e-07
 5.33747e+22	7.11e-01	2.88e-01	7.18e-04	1.56e-06	0.00e+00	0.00e+00	0.00e+00	0.00e+00	0.00e+00	7.11e-01	1.76e-07	1.03e-07
 5.34350e+22	7.21e-01	2.78e-01	6.48e-04	1.46e-06	0.00e+00	0.00e+00	0.00e+00	0.00e+00	0.00e+00	7.21e-01	1.76e-07	1.03e-07
 5.34976e+22	7.31e-01	2.68e-01	5.84e-04	1.37e-06	0.00e+00	0.00e+00	0.00e+00	0.00e+00	0.00e+00	7.31e-01	1.75e-07	1.02e-07
 5.35621e+22	7.41e-01	2.58e-01	5.24e-04	1.28e-06	0.00e+00	0.00e+00	0.00e+00	0.00e+00	0.00e+00	7.41e-01	1.75e-07	1.02e-07
 5.36273e+22	7.51e-01	2.49e-01	4.71e-04	1.20e-06	0.00e+00	0.00e+00	0.00e+00	0.00e+00	0.00e+00	7.51e-01	1.74e-07	1.02e-07
 5.36932e+22	7.60e-01	2.40e-01	4.24e-04	1.13e-06	0.00e+00	0.00e+00	0.00e+00	0.00e+00	0.00e+00	7.60e-01	1.73e-07	1.01e-07
 5.37610e+22	7.69e-01	2.31e-01	3.80e-04	1.05e-06	0.00e+00	0.00e+00	0.00e+00	0.00e+00	0.00e+00	7.69e-01	1.73e-07	1.01e-07
 5.38307e+22	7.78e-01	2.22e-01	3.41e-04	9.87e-07	0.00e+00	0.00e+00	0.00e+00	0.00e+00	0.00e+00	7.78e-01	1.72e-07	1.00e-07
 5.39014e+22	7.87e-01	2.13e-01	3.05e-04	9.25e-07	0.00e+00	0.00e+00	0.00e+00	0.00e+00	0.00e+00	7.87e-01	1.71e-07	9.95e-08
 5.39736e+22	7.95e-01	2.05e-01	2.74e-04	8.67e-07	0.00e+00	0.00e+00	0.00e+00	0.00e+00	0.00e+00	7.95e-01	1.70e-07	9.89e-08
 5.40478e+22	8.03e-01	1.97e-01	2.45e-04	8.12e-07	0.00e+00	0.00e+00	0.00e+00	0.00e+00	0.00e+00	8.03e-01	1.69e-07	9.83e-08
 5.41239e+22	8.11e-01	1.89e-01	2.20e-04	7.61e-07	0.00e+00	0.00e+00	0.00e+00	0.00e+00	0.00e+00	8.11e-01	1.68e-07	9.77e-08
 5.42015e+22	8.18e-01	1.81e-01	1.97e-04	7.14e-07	0.00e+00	0.00e+00	0.00e+00	0.00e+00	0.00e+00	8.18e-01	1.67e-07	9.71e-08
 5.42811e+22	8.26e-01	1.74e-01	1.77e-04	6.69e-07	0.00e+00	0.00e+00	0.00e+00	0.00e+00	0.00e+00	8.26e-01	1.66e-07	9.64e-08
 5.43635e+22	8.33e-01	1.67e-01	1.59e-04	6.27e-07	0.00e+00	0.00e+00	0.00e+00	0.00e+00	0.00e+00	8.33e-01	1.65e-07	9.58e-08
 5.44484e+22	8.40e-01	1.60e-01	1.42e-04	5.88e-07	0.00e+00	0.00e+00	0.00e+00	0.00e+00	0.00e+00	8.40e-01	1.64e-07	9.52e-08
 5.45355e+22	8.46e-01	1.54e-01	1.28e-04	5.51e-07	0.00e+00	0.00e+00	0.00e+00	0.00e+00	0.00e+00	8.46e-01	1.64e-07	9.46e-08
 5.46244e+22	8.53e-01	1.47e-01	1.16e-04	5.17e-07	0.00e+00	0.00e+00	0.00e+00	0.00e+00	0.00e+00	8.53e-01	1.63e-07	9.41e-08
 5.47147e+22	8.58e-01	1.42e-01	1.05e-04	4.86e-07	0.00e+00	0.00e+00	0.00e+00	0.00e+00	0.00e+00	8.58e-01	1.62e-07	9.36e-08
 5.48063e+22	8.64e-01	1.36e-01	9.53e-05	4.58e-07	0.00e+00	0.00e+00	0.00e+00	0.00e+00	0.00e+00	8.64e-01	1.61e-07	9.31e-08
 5.49001e+22	8.69e-01	1.31e-01	8.69e-05	4.31e-07	0.00e+00	0.00e+00	0.00e+00	0.00e+00	0.00e+00	8.69e-01	1.61e-07	9.27e-08
 5.49977e+22	8.74e-01	1.26e-01	7.94e-05	4.05e-07	0.00e+00	0.00e+00	0.00e+00	0.00e+00	0.00e+00	8.74e-01	1.60e-07	9.19e-08
 5.50982e+22	8.79e-01	1.21e-01	7.28e-05	3.81e-07	0.00e+00	0.00e+00	0.00e+00	0.00e+00	0.00e+00	8.79e-01	1.59e-07	9.10e-08
 5.52011e+22	8.84e-01	1.16e-01	6.70e-05	3.59e-07	0.00e+00	0.00e+00	0.00e+00	0.00e+00	0.00e+00	8.84e-01	1.58e-07	9.01e-08
 5.53052e+22	8.88e-01	1.12e-01	6.21e-05	3.39e-07	0.00e+00	0.00e+00	0.00e+00	0.00e+00	0.00e+00	8.88e-01	1.58e-07	8.93e-08
 5.54110e+22	8.92e-01	1.08e-01	5.78e-05	3.21e-07	0.00e+00	0.00e+00	0.00e+00	0.00e+00	0.00e+00	8.92e-01	1.57e-07	8.86e-08
 5.55216e+22	8.96e-01	1.04e-01	5.39e-05	3.03e-07	0.00e+00	0.00e+00	0.00e+00	0.00e+00	0.00e+00	8.96e-01	1.57e-07	8.79e-08
 5.56367e+22	9.00e-01	9.98e-02	5.03e-05	2.86e-07	0.00e+00	0.00e+00	0.00e+00	0.00e+00	0.00e+00	9.00e-01	1.57e-07	8.72e-08
 5.57554e+22	9.04e-01	9.61e-02	4.72e-05	2.70e-07	0.00e+00	0.00e+00	0.00e+00	0.00e+00	0.00e+00	9.04e-01	1.56e-07	8.65e-08
 5.58774e+22	9.07e-01	9.25e-02	4.45e-05	2.54e-07	0.00e+00	0.00e+00	0.00e+00	0.00e+00	0.00e+00	9.07e-01	1.56e-07	8.58e-08
 5.60031e+22	9.11e-01	8.91e-02	4.20e-05	2.40e-07	0.00e+00	0.00e+00	0.00e+00	0.00e+00	0.00e+00	9.11e-01	1.56e-07	8.52e-08
 5.61307e+22	9.14e-01	8.57e-02	3.98e-05	2.26e-07	0.00e+00	0.00e+00	0.00e+00	0.00e+00	0.00e+00	9.14e-01	1.56e-07	8.46e-08
 5.62536e+22	9.17e-01	8.28e-02	3.81e-05	2.15e-07	0.00e+00	0.00e+00	0.00e+00	0.00e+00	0.00e+00	9.17e-01	1.56e-07	8.41e-08
 5.63700e+22	9.20e-01	8.03e-02	3.66e-05	2.04e-07	0.00e+00	0.00e+00	0.00e+00	0.00e+00	0.00e+00	9.20e-01	1.56e-07	8.36e-08
 5.64823e+22	9.22e-01	7.78e-02	3.53e-05	1.95e-07	0.00e+00	0.00e+00	0.00e+00	0.00e+00	0.00e+00	9.22e-01	1.56e-07	8.32e-08
 5.65909e+22	9.24e-01	7.56e-02	3.41e-05	1.86e-07	0.00e+00	0.00e+00	0.00e+00	0.00e+00	0.00e+00	9.24e-01	1.56e-07	8.29e-08
 5.66959e+22	9.26e-01	7.35e-02	3.31e-05	1.78e-07	0.00e+00	0.00e+00	0.00e+00	0.00e+00	0.00e+00	9.26e-01	1.57e-07	8.25e-08
 5.67972e+22	9.29e-01	7.15e-02	3.22e-05	1.71e-07	0.00e+00	0.00e+00	0.00e+00	0.00e+00	0.00e+00	9.29e-01	1.57e-07	8.22e-08
 5.68935e+22	9.30e-01	6.96e-02	3.14e-05	1.64e-07	0.00e+00	0.00e+00	0.00e+00	0.00e+00	0.00e+00	9.30e-01	1.57e-07	8.18e-08
 5.69849e+22	9.32e-01	6.78e-02	3.08e-05	1.58e-07	0.00e+00	0.00e+00	0.00e+00	0.00e+00	0.00e+00	9.32e-01	1.56e-07	8.14e-08
 5.70703e+22	9.34e-01	6.63e-02	3.02e-05	1.53e-07	0.00e+00	0.00e+00	0.00e+00	0.00e+00	0.00e+00	9.34e-01	1.57e-07	8.11e-08
 5.71527e+22	9.35e-01	6.47e-02	2.96e-05	1.48e-07	0.00e+00	0.00e+00	0.00e+00	0.00e+00	0.00e+00	9.35e-01	1.57e-07	8.08e-08
 5.72348e+22	9.37e-01	6.32e-02	2.91e-05	1.42e-07	0.00e+00	0.00e+00	0.00e+00	0.00e+00	0.00e+00	9.37e-01	1.57e-07	8.06e-08
 5.73143e+22	9.38e-01	6.17e-02	2.86e-05	1.38e-07	0.00e+00	0.00e+00	0.00e+00	0.00e+00	0.00e+00	9.38e-01	1.57e-07	8.03e-08
 5.73907e+22	9.40e-01	6.03e-02	2.82e-05	1.33e-07	0.00e+00	0.00e+00	0.00e+00	0.00e+00	0.00e+00	9.40e-01	1.57e-07	8.00e-08
 5.74642e+22	9.41e-01	5.90e-02	2.78e-05	1.29e-07	0.00e+00	0.00e+00	0.00e+00	0.00e+00	0.00e+00	9.41e-01	1.57e-07	7.98e-08
 5.75352e+22	9.42e-01	5.77e-02	2.74e-05	1.25e-07	0.00e+00	0.00e+00	0.00e+00	0.00e+00	0.00e+00	9.42e-01	1.57e-07	7.95e-08
 5.76037e+22	9.43e-01	5.65e-02	2.71e-05	0.00e+00	0.00e+00	0.00e+00	0.00e+00	0.00e+00	0.00e+00	9.43e-01	1.57e-07	7.93e-08
 5.76700e+22	9.45e-01	5.53e-02	2.68e-05	0.00e+00	0.00e+00	0.00e+00	0.00e+00	0.00e+00	0.00e+00	9.45e-01	1.57e-07	7.90e-08
 5.77339e+22	9.46e-01	5.42e-02	2.65e-05	0.00e+00	0.00e+00	0.00e+00	0.00e+00	0.00e+00	0.00e+00	9.46e-01	1.57e-07	7.88e-08
 5.77955e+22	9.47e-01	5.31e-02	2.62e-05	0.00e+00	0.00e+00	0.00e+00	0.00e+00	0.00e+00	0.00e+00	9.47e-01	1.57e-07	7.86e-08
 5.78549e+22	9.48e-01	5.20e-02	2.60e-05	0.00e+00	0.00e+00	0.00e+00	0.00e+00	0.00e+00	0.00e+00	9.48e-01	1.57e-07	7.83e-08
 5.79123e+22	9.49e-01	5.10e-02	2.57e-05	0.00e+00	0.00e+00	0.00e+00	0.00e+00	0.00e+00	0.00e+00	9.49e-01	1.57e-07	7.81e-08
 5.79678e+22	9.50e-01	5.00e-02	2.55e-05	0.00e+00	0.00e+00	0.00e+00	0.00e+00	0.00e+00	0.00e+00	9.50e-01	1.57e-07	7.79e-08
 5.80201e+22	9.51e-01	4.91e-02	2.53e-05	0.00e+00	0.00e+00	0.00e+00	0.00e+00	0.00e+00	0.00e+00	9.51e-01	1.56e-07	7.76e-08
 5.80676e+22	9.52e-01	4.83e-02	2.51e-05	0.00e+00	0.00e+00	0.00e+00	0.00e+00	0.00e+00	0.00e+00	9.52e-01	1.56e-07	7.74e-08
 5.81109e+22	9.52e-01	4.75e-02	2.50e-05	0.00e+00	0.00e+00	0.00e+00	0.00e+00	0.00e+00	0.00e+00	9.52e-01	1.56e-07	7.72e-08
 5.81502e+22	9.53e-01	4.68e-02	2.48e-05	0.00e+00	0.00e+00	0.00e+00	0.00e+00	0.00e+00	0.00e+00	9.53e-01	1.56e-07	7.69e-08
 5.81861e+22	9.54e-01	4.62e-02	2.47e-05	0.00e+00	0.00e+00	0.00e+00	0.00e+00	0.00e+00	0.00e+00	9.54e-01	1.56e-07	7.67e-08
 5.82187e+22	9.54e-01	4.57e-02	2.46e-05	0.00e+00	0.00e+00	0.00e+00	0.00e+00	0.00e+00	0.00e+00	9.54e-01	1.56e-07	7.66e-08
 5.82483e+22	9.55e-01	4.52e-02	2.45e-05	0.00e+00	0.00e+00	0.00e+00	0.00e+00	0.00e+00	0.00e+00	9.55e-01	1.56e-07	7.64e-08
 5.82753e+22	9.55e-01	4.47e-02	2.44e-05	0.00e+00	0.00e+00	0.00e+00	0.00e+00	0.00e+00	0.00e+00	9.55e-01	1.55e-07	7.61e-08
 5.82999e+22	9.56e-01	4.44e-02	2.43e-05	0.00e+00	0.00e+00	0.00e+00	0.00e+00	0.00e+00	0.00e+00	9.56e-01	1.55e-07	7.61e-08
 5.83268e+22	9.56e-01	4.38e-02	2.42e-05	0.00e+00	0.00e+00	0.00e+00	0.00e+00	0.00e+00	0.00e+00	9.56e-01	1.54e-07	7.59e-08
 5.83559e+22	9.57e-01	4.32e-02	2.41e-05	0.00e+00	0.00e+00	0.00e+00	0.00e+00	0.00e+00	0.00e+00	9.57e-01	1.54e-07	7.57e-08
 5.83823e+22	9.57e-01	4.27e-02	2.40e-05	0.00e+00	0.00e+00	0.00e+00	0.00e+00	0.00e+00	0.00e+00	9.57e-01	1.53e-07	7.54e-08
 5.84064e+22	9.58e-01	4.23e-02	2.39e-05	0.00e+00	0.00e+00	0.00e+00	0.00e+00	0.00e+00	0.00e+00	9.58e-01	1.53e-07	7.54e-08
 5.84328e+22	9.58e-01	4.19e-02	2.37e-05	0.00e+00	0.00e+00	0.00e+00	0.00e+00	0.00e+00	0.00e+00	9.58e-01	1.52e-07	7.52e-08
 5.84612e+22	9.59e-01	4.13e-02	2.36e-05	0.00e+00	0.00e+00	0.00e+00	0.00e+00	0.00e+00	0.00e+00	9.59e-01	1.52e-07	7.51e-08
 5.84924e+22	9.59e-01	4.07e-02	2.34e-05	0.00e+00	0.00e+00	0.00e+00	0.00e+00	0.00e+00	0.00e+00	9.59e-01	1.52e-07	7.48e-08
 5.85261e+22	9.60e-01	4.00e-02	2.33e-05	0.00e+00	0.00e+00	0.00e+00	0.00e+00	0.00e+00	0.00e+00	9.60e-01	1.51e-07	7.46e-08
 5.85568e+22	9.61e-01	3.95e-02	2.31e-05	0.00e+00	0.00e+00	0.00e+00	0.00e+00	0.00e+00	0.00e+00	9.61e-01	1.51e-07	7.44e-08
 5.85847e+22	9.61e-01	3.90e-02	2.30e-05	0.00e+00	0.00e+00	0.00e+00	0.00e+00	0.00e+00	0.00e+00	9.61e-01	1.50e-07	7.42e-08
 5.86100e+22	9.61e-01	3.87e-02	2.29e-05	0.00e+00	0.00e+00	0.00e+00	0.00e+00	0.00e+00	0.00e+00	9.61e-01	1.50e-07	7.42e-08
 5.86378e+22	9.62e-01	3.83e-02	2.27e-05	0.00e+00	0.00e+00	0.00e+00	0.00e+00	0.00e+00	0.00e+00	9.62e-01	1.50e-07	7.42e-08
 5.86740e+22	9.62e-01	3.76e-02	2.25e-05	0.00e+00	0.00e+00	0.00e+00	0.00e+00	0.00e+00	0.00e+00	9.62e-01	1.50e-07	7.41e-08
 5.87130e+22	9.63e-01	3.70e-02	2.23e-05	0.00e+00	0.00e+00	0.00e+00	0.00e+00	0.00e+00	0.00e+00	9.63e-01	1.49e-07	7.40e-08
 5.87486e+22	9.64e-01	3.64e-02	2.21e-05	0.00e+00	0.00e+00	0.00e+00	0.00e+00	0.00e+00	0.00e+00	9.64e-01	1.49e-07	7.38e-08
 5.87809e+22	9.64e-01	3.59e-02	2.19e-05	0.00e+00	0.00e+00	0.00e+00	0.00e+00	0.00e+00	0.00e+00	9.64e-01	1.49e-07	7.36e-08
 5.88103e+22	9.64e-01	3.56e-02	2.18e-05	0.00e+00	0.00e+00	0.00e+00	0.00e+00	0.00e+00	0.00e+00	9.64e-01	1.49e-07	7.35e-08
 5.88425e+22	9.65e-01	3.51e-02	2.16e-05	0.00e+00	0.00e+00	0.00e+00	0.00e+00	0.00e+00	0.00e+00	9.65e-01	1.48e-07	7.35e-08
 5.88844e+22	9.66e-01	3.44e-02	2.13e-05	0.00e+00	0.00e+00	0.00e+00	0.00e+00	0.00e+00	0.00e+00	9.66e-01	1.48e-07	7.33e-08
 5.89297e+22	9.66e-01	3.37e-02	2.11e-05	0.00e+00	0.00e+00	0.00e+00	0.00e+00	0.00e+00	0.00e+00	9.66e-01	1.48e-07	7.32e-08
 5.89708e+22	9.67e-01	3.31e-02	2.08e-05	0.00e+00	0.00e+00	0.00e+00	0.00e+00	0.00e+00	0.00e+00	9.67e-01	1.48e-07	7.30e-08
 5.90083e+22	9.67e-01	3.26e-02	2.06e-05	0.00e+00	0.00e+00	0.00e+00	0.00e+00	0.00e+00	0.00e+00	9.67e-01	1.48e-07	7.29e-08
 5.90424e+22	9.68e-01	3.22e-02	2.04e-05	0.00e+00	0.00e+00	0.00e+00	0.00e+00	0.00e+00	0.00e+00	9.68e-01	1.47e-07	7.27e-08
 5.90734e+22	9.68e-01	3.18e-02	2.02e-05	0.00e+00	0.00e+00	0.00e+00	0.00e+00	0.00e+00	0.00e+00	9.68e-01	1.47e-07	7.25e-08
 5.91016e+22	9.69e-01	3.14e-02	2.01e-05	0.00e+00	0.00e+00	0.00e+00	0.00e+00	0.00e+00	0.00e+00	9.69e-01	1.47e-07	7.24e-08
 5.91326e+22	9.69e-01	3.09e-02	1.98e-05	0.00e+00	0.00e+00	0.00e+00	0.00e+00	0.00e+00	0.00e+00	9.69e-01	1.46e-07	7.22e-08
 5.91660e+22	9.70e-01	3.04e-02	1.96e-05	0.00e+00	0.00e+00	0.00e+00	0.00e+00	0.00e+00	0.00e+00	9.70e-01	1.46e-07	7.20e-08
 5.91964e+22	9.70e-01	3.00e-02	1.94e-05	0.00e+00	0.00e+00	0.00e+00	0.00e+00	0.00e+00	0.00e+00	9.70e-01	1.46e-07	7.17e-08
 5.92240e+22	9.70e-01	2.98e-02	1.93e-05	0.00e+00	0.00e+00	0.00e+00	0.00e+00	0.00e+00	0.00e+00	9.70e-01	1.46e-07	7.16e-08
 5.92543e+22	9.71e-01	2.93e-02	1.91e-05	0.00e+00	0.00e+00	0.00e+00	0.00e+00	0.00e+00	0.00e+00	9.71e-01	1.46e-07	7.15e-08
 5.92870e+22	9.71e-01	2.88e-02	1.89e-05	0.00e+00	0.00e+00	0.00e+00	0.00e+00	0.00e+00	0.00e+00	9.71e-01	1.45e-07	7.13e-08
 5.93168e+22	9.72e-01	2.84e-02	1.87e-05	0.00e+00	0.00e+00	0.00e+00	0.00e+00	0.00e+00	0.00e+00	9.72e-01	1.45e-07	7.11e-08
 5.93494e+22	9.72e-01	2.80e-02	1.85e-05	0.00e+00	0.00e+00	0.00e+00	0.00e+00	0.00e+00	0.00e+00	9.72e-01	1.45e-07	7.09e-08
 5.93846e+22	9.72e-01	2.75e-02	1.83e-05	0.00e+00	0.00e+00	0.00e+00	0.00e+00	0.00e+00	0.00e+00	9.72e-01	1.45e-07	7.07e-08
 5.94167e+22	9.73e-01	2.71e-02	1.81e-05	0.00e+00	0.00e+00	0.00e+00	0.00e+00	0.00e+00	0.00e+00	9.73e-01	1.45e-07	7.05e-08
 5.94518e+22	9.73e-01	2.67e-02	1.79e-05	0.00e+00	0.00e+00	0.00e+00	0.00e+00	0.00e+00	0.00e+00	9.73e-01	1.44e-07	7.03e-08
 5.94897e+22	9.74e-01	2.62e-02	1.77e-05	0.00e+00	0.00e+00	0.00e+00	0.00e+00	0.00e+00	0.00e+00	9.74e-01	1.44e-07	7.00e-08
 5.95242e+22	9.74e-01	2.58e-02	1.75e-05	0.00e+00	0.00e+00	0.00e+00	0.00e+00	0.00e+00	0.00e+00	9.74e-01	1.44e-07	6.98e-08
 5.95556e+22	9.75e-01	2.54e-02	1.73e-05	0.00e+00	0.00e+00	0.00e+00	0.00e+00	0.00e+00	0.00e+00	9.75e-01	1.43e-07	6.95e-08
 5.95842e+22	9.75e-01	2.52e-02	1.72e-05	0.00e+00	0.00e+00	0.00e+00	0.00e+00	0.00e+00	0.00e+00	9.75e-01	1.43e-07	6.93e-08
 5.96155e+22	9.75e-01	2.48e-02	1.70e-05	0.00e+00	0.00e+00	0.00e+00	0.00e+00	0.00e+00	0.00e+00	9.75e-01	1.43e-07	6.91e-08
 5.96493e+22	9.76e-01	2.44e-02	1.69e-05	0.00e+00	0.00e+00	0.00e+00	0.00e+00	0.00e+00	0.00e+00	9.76e-01	1.42e-07	6.86e-08
 5.96863e+22	9.76e-01	2.40e-02	1.67e-05	0.00e+00	0.00e+00	0.00e+00	0.00e+00	0.00e+00	0.00e+00	9.76e-01	1.41e-07	6.81e-08
 5.97263e+22	9.76e-01	2.36e-02	1.65e-05	0.00e+00	0.00e+00	0.00e+00	0.00e+00	0.00e+00	0.00e+00	9.76e-01	1.39e-07	6.74e-08
 5.97627e+22	9.77e-01	2.32e-02	1.63e-05	0.00e+00	0.00e+00	0.00e+00	0.00e+00	0.00e+00	0.00e+00	9.77e-01	1.38e-07	6.68e-08
 5.97958e+22	9.77e-01	2.30e-02	1.62e-05	0.00e+00	0.00e+00	0.00e+00	0.00e+00	0.00e+00	0.00e+00	9.77e-01	1.38e-07	6.66e-08
 5.98321e+22	9.77e-01	2.26e-02	1.60e-05	0.00e+00	0.00e+00	0.00e+00	0.00e+00	0.00e+00	0.00e+00	9.77e-01	1.36e-07	6.59e-08
 5.98713e+22	9.78e-01	2.22e-02	1.59e-05	0.00e+00	0.00e+00	0.00e+00	0.00e+00	0.00e+00	0.00e+00	9.78e-01	1.35e-07	6.52e-08
 5.99069e+22	9.78e-01	2.19e-02	1.57e-05	0.00e+00	0.00e+00	0.00e+00	0.00e+00	0.00e+00	0.00e+00	9.78e-01	1.34e-07	6.44e-08
 5.99394e+22	9.78e-01	2.17e-02	1.56e-05	0.00e+00	0.00e+00	0.00e+00	0.00e+00	0.00e+00	0.00e+00	9.78e-01	1.34e-07	6.41e-08
 5.99749e+22	9.79e-01	2.14e-02	1.54e-05	0.00e+00	0.00e+00	0.00e+00	0.00e+00	0.00e+00	0.00e+00	9.79e-01	1.33e-07	6.35e-08
 6.00133e+22	9.79e-01	2.10e-02	1.53e-05	0.00e+00	0.00e+00	0.00e+00	0.00e+00	0.00e+00	0.00e+00	9.79e-01	1.32e-07	6.28e-08
 6.00482e+22	9.79e-01	2.07e-02	1.52e-05	0.00e+00	0.00e+00	0.00e+00	0.00e+00	0.00e+00	0.00e+00	9.79e-01	1.31e-07	6.24e-08
 6.00865e+22	9.80e-01	2.04e-02	1.50e-05	0.00e+00	0.00e+00	0.00e+00	0.00e+00	0.00e+00	0.00e+00	9.80e-01	1.30e-07	6.16e-08
 6.01278e+22	9.80e-01	2.00e-02	1.48e-05	0.00e+00	0.00e+00	0.00e+00	0.00e+00	0.00e+00	0.00e+00	9.80e-01	1.29e-07	6.09e-08
 6.01654e+22	9.80e-01	1.97e-02	1.47e-05	0.00e+00	0.00e+00	0.00e+00	0.00e+00	0.00e+00	0.00e+00	9.80e-01	1.28e-07	6.02e-08
 6.01996e+22	9.80e-01	1.95e-02	1.46e-05	0.00e+00	0.00e+00	0.00e+00	0.00e+00	0.00e+00	0.00e+00	9.80e-01	1.27e-07	5.99e-08
 6.02371e+22	9.81e-01	1.92e-02	1.44e-05	0.00e+00	0.00e+00	0.00e+00	0.00e+00	0.00e+00	0.00e+00	9.81e-01	1.27e-07	5.93e-08
 6.02775e+22	9.81e-01	1.88e-02	1.43e-05	0.00e+00	0.00e+00	0.00e+00	0.00e+00	0.00e+00	0.00e+00	9.81e-01	1.25e-07	5.85e-08
 6.03144e+22	9.81e-01	1.86e-02	1.42e-05	0.00e+00	0.00e+00	0.00e+00	0.00e+00	0.00e+00	0.00e+00	9.81e-01	1.25e-07	5.81e-08
 6.03547e+22	9.82e-01	1.83e-02	1.40e-05	0.00e+00	0.00e+00	0.00e+00	0.00e+00	0.00e+00	0.00e+00	9.82e-01	1.23e-07	5.73e-08
 6.03983e+22	9.82e-01	1.79e-02	1.39e-05	0.00e+00	0.00e+00	0.00e+00	0.00e+00	0.00e+00	0.00e+00	9.82e-01	1.22e-07	5.66e-08
 6.04379e+22	9.82e-01	1.77e-02	1.37e-05	0.00e+00	0.00e+00	0.00e+00	0.00e+00	0.00e+00	0.00e+00	9.82e-01	1.22e-07	5.61e-08
 6.04814e+22	9.83e-01	1.73e-02	1.36e-05	0.00e+00	0.00e+00	0.00e+00	0.00e+00	0.00e+00	0.00e+00	9.83e-01	1.20e-07	5.52e-08
 6.05283e+22	9.83e-01	1.70e-02	1.34e-05	0.00e+00	0.00e+00	0.00e+00	0.00e+00	0.00e+00	0.00e+00	9.83e-01	1.19e-07	5.43e-08
 6.05710e+22	9.83e-01	1.67e-02	1.33e-05	0.00e+00	0.00e+00	0.00e+00	0.00e+00	0.00e+00	0.00e+00	9.83e-01	1.18e-07	5.39e-08
 6.06177e+22	9.84e-01	1.64e-02	1.31e-05	0.00e+00	0.00e+00	0.00e+00	0.00e+00	0.00e+00	0.00e+00	9.84e-01	1.16e-07	5.30e-08
 6.06682e+22	9.84e-01	1.60e-02	1.30e-05	0.00e+00	0.00e+00	0.00e+00	0.00e+00	0.00e+00	0.00e+00	9.84e-01	1.15e-07	5.19e-08
 6.07142e+22	9.84e-01	1.58e-02	1.29e-05	0.00e+00	0.00e+00	0.00e+00	0.00e+00	0.00e+00	0.00e+00	9.84e-01	1.14e-07	5.15e-08
 6.07645e+22	9.85e-01	1.55e-02	1.27e-05	0.00e+00	0.00e+00	0.00e+00	0.00e+00	0.00e+00	0.00e+00	9.85e-01	1.13e-07	5.06e-08
 6.08189e+22	9.85e-01	1.51e-02	1.25e-05	0.00e+00	0.00e+00	0.00e+00	0.00e+00	0.00e+00	0.00e+00	9.85e-01	1.11e-07	4.98e-08
 6.08683e+22	9.85e-01	1.48e-02	1.24e-05	0.00e+00	0.00e+00	0.00e+00	0.00e+00	0.00e+00	0.00e+00	9.85e-01	1.10e-07	4.90e-08
 6.09133e+22	9.85e-01	1.46e-02	1.23e-05	0.00e+00	0.00e+00	0.00e+00	0.00e+00	0.00e+00	0.00e+00	9.85e-01	1.09e-07	4.84e-08
 6.09627e+22	9.86e-01	1.43e-02	1.21e-05	0.00e+00	0.00e+00	0.00e+00	0.00e+00	0.00e+00	0.00e+00	9.86e-01	1.08e-07	4.75e-08
 6.10159e+22	9.86e-01	1.40e-02	1.20e-05	0.00e+00	0.00e+00	0.00e+00	0.00e+00	0.00e+00	0.00e+00	9.86e-01	1.07e-07	4.68e-08
 6.10644e+22	9.86e-01	1.38e-02	1.19e-05	0.00e+00	0.00e+00	0.00e+00	0.00e+00	0.00e+00	0.00e+00	9.86e-01	1.06e-07	4.62e-08
 6.11175e+22	9.87e-01	1.35e-02	1.17e-05	0.00e+00	0.00e+00	0.00e+00	0.00e+00	0.00e+00	0.00e+00	9.87e-01	1.05e-07	4.55e-08
 6.11748e+22	9.87e-01	1.31e-02	1.16e-05	0.00e+00	0.00e+00	0.00e+00	0.00e+00	0.00e+00	0.00e+00	9.87e-01	1.03e-07	4.46e-08
 6.12269e+22	9.87e-01	1.29e-02	1.15e-05	0.00e+00	0.00e+00	0.00e+00	0.00e+00	0.00e+00	0.00e+00	9.87e-01	1.03e-07	4.42e-08
 6.12841e+22	9.87e-01	1.27e-02	1.13e-05	0.00e+00	0.00e+00	0.00e+00	0.00e+00	0.00e+00	0.00e+00	9.87e-01	1.01e-07	4.35e-08
 6.13458e+22	9.88e-01	1.24e-02	1.12e-05	0.00e+00	0.00e+00	0.00e+00	0.00e+00	0.00e+00	0.00e+00	9.88e-01	1.00e-07	4.27e-08
 6.14020e+22	9.88e-01	1.21e-02	1.10e-05	0.00e+00	0.00e+00	0.00e+00	0.00e+00	0.00e+00	0.00e+00	9.88e-01	9.93e-08	4.20e-08
 6.14531e+22	9.88e-01	1.19e-02	1.09e-05	0.00e+00	0.00e+00	0.00e+00	0.00e+00	0.00e+00	0.00e+00	9.88e-01	9.85e-08	4.14e-08
 6.15091e+22	9.88e-01	1.17e-02	1.08e-05	0.00e+00	0.00e+00	0.00e+00	0.00e+00	0.00e+00	0.00e+00	9.88e-01	9.73e-08	4.05e-08
 6.15695e+22	9.89e-01	1.14e-02	1.07e-05	0.00e+00	0.00e+00	0.00e+00	0.00e+00	0.00e+00	0.00e+00	9.89e-01	9.59e-08	3.96e-08
 6.16245e+22	9.89e-01	1.12e-02	1.05e-05	0.00e+00	0.00e+00	0.00e+00	0.00e+00	0.00e+00	0.00e+00	9.89e-01	9.53e-08	3.92e-08
 6.16848e+22	9.89e-01	1.09e-02	1.04e-05	0.00e+00	0.00e+00	0.00e+00	0.00e+00	0.00e+00	0.00e+00	9.89e-01	9.41e-08	3.84e-08
 6.17499e+22	9.89e-01	1.06e-02	1.03e-05	0.00e+00	0.00e+00	0.00e+00	0.00e+00	0.00e+00	0.00e+00	9.89e-01	9.26e-08	3.75e-08
