#depth	He	He+	He+2
 1.54284e+22	1.80e-07	4.55e-03	9.95e-01
 3.45720e+22	3.64e-07	6.45e-03	9.94e-01
 4.01448e+22	5.09e-07	7.61e-03	9.92e-01
 4.30074e+22	6.07e-07	8.30e-03	9.92e-01
 4.45280e+22	6.65e-07	8.69e-03	9.91e-01
 4.57143e+22	7.47e-07	9.20e-03	9.91e-01
 4.69635e+22	8.25e-07	9.66e-03	9.90e-01
 4.80910e+22	9.07e-07	1.01e-02	9.90e-01
 4.93532e+22	1.02e-06	1.07e-02	9.89e-01
 5.06516e+22	1.13e-06	1.13e-02	9.89e-01
 5.17215e+22	1.23e-06	1.18e-02	9.88e-01
 5.28370e+22	1.36e-06	1.24e-02	9.88e-01
 5.39907e+22	1.49e-06	1.29e-02	9.87e-01
 5.50318e+22	1.63e-06	1.35e-02	9.87e-01
 5.62229e+22	1.81e-06	1.42e-02	9.86e-01
 5.74572e+22	2.00e-06	1.49e-02	9.85e-01
 5.85550e+22	2.18e-06	1.56e-02	9.84e-01
 5.97898e+22	2.44e-06	1.65e-02	9.84e-01
 6.10807e+22	2.70e-06	1.73e-02	9.83e-01
 6.22452e+22	2.96e-06	1.81e-02	9.82e-01
 6.35597e+22	3.33e-06	1.92e-02	9.81e-01
 6.49182e+22	3.70e-06	2.02e-02	9.80e-01
 6.61290e+22	4.07e-06	2.12e-02	9.79e-01
 6.74981e+22	4.59e-06	2.25e-02	9.77e-01
 6.89222e+22	5.12e-06	2.38e-02	9.76e-01
 7.02042e+22	5.66e-06	2.50e-02	9.75e-01
 7.16573e+22	6.44e-06	2.66e-02	9.73e-01
 7.31540e+22	7.19e-06	2.81e-02	9.72e-01
 7.45009e+22	8.00e-06	2.96e-02	9.70e-01
 7.60454e+22	9.19e-06	3.17e-02	9.68e-01
 7.76047e+22	1.03e-05	3.35e-02	9.67e-01
 7.91835e+22	1.18e-05	3.58e-02	9.64e-01
 8.07873e+22	1.32e-05	3.79e-02	9.62e-01
 8.22097e+22	1.48e-05	4.00e-02	9.60e-01
 8.38448e+22	1.71e-05	4.29e-02	9.57e-01
 8.55031e+22	1.92e-05	4.54e-02	9.55e-01
 8.71915e+22	2.23e-05	4.88e-02	9.51e-01
 8.88998e+22	2.51e-05	5.17e-02	9.48e-01
 9.06338e+22	2.92e-05	5.57e-02	9.44e-01
 9.23916e+22	3.29e-05	5.90e-02	9.41e-01
 9.39188e+22	3.69e-05	6.24e-02	9.38e-01
 9.56426e+22	4.29e-05	6.71e-02	9.33e-01
 9.72875e+22	4.75e-05	7.04e-02	9.30e-01
 9.88298e+22	5.42e-05	7.50e-02	9.25e-01
 1.00378e+23	6.01e-05	7.88e-02	9.21e-01
 1.01934e+23	6.84e-05	8.39e-02	9.16e-01
 1.03528e+23	7.63e-05	8.84e-02	9.12e-01
 1.04958e+23	8.49e-05	9.29e-02	9.07e-01
 1.06602e+23	9.72e-05	9.91e-02	9.01e-01
 1.08265e+23	1.09e-04	1.04e-01	8.95e-01
 1.09953e+23	1.24e-04	1.11e-01	8.89e-01
 1.11597e+23	1.38e-04	1.17e-01	8.83e-01
 1.12894e+23	1.51e-04	1.22e-01	8.78e-01
 1.14290e+23	1.68e-04	1.28e-01	8.72e-01
 1.15727e+23	1.84e-04	1.34e-01	8.66e-01
 1.17017e+23	2.02e-04	1.40e-01	8.60e-01
 1.18493e+23	2.26e-04	1.47e-01	8.53e-01
 1.19984e+23	2.48e-04	1.54e-01	8.46e-01
 1.21291e+23	2.72e-04	1.60e-01	8.40e-01
 1.22787e+23	3.04e-04	1.69e-01	8.31e-01
 1.24308e+23	3.34e-04	1.76e-01	8.24e-01
 1.25658e+23	3.66e-04	1.83e-01	8.16e-01
 1.27208e+23	4.10e-04	1.93e-01	8.07e-01
 1.28773e+23	4.51e-04	2.01e-01	7.98e-01
 1.30150e+23	4.94e-04	2.10e-01	7.90e-01
 1.31733e+23	5.54e-04	2.20e-01	7.79e-01
 1.33343e+23	6.09e-04	2.30e-01	7.70e-01
 1.34991e+23	6.84e-04	2.42e-01	7.58e-01
 1.36361e+23	7.28e-04	2.48e-01	7.51e-01
 1.37369e+23	7.80e-04	2.56e-01	7.43e-01
 1.38680e+23	8.53e-04	2.66e-01	7.34e-01
 1.40150e+23	9.37e-04	2.76e-01	7.23e-01
 1.41827e+23	1.05e-03	2.90e-01	7.09e-01
 1.43531e+23	1.15e-03	3.02e-01	6.97e-01
 1.45270e+23	1.30e-03	3.17e-01	6.82e-01
 1.46818e+23	1.40e-03	3.26e-01	6.72e-01
 1.48117e+23	1.51e-03	3.37e-01	6.61e-01
 1.49476e+23	1.63e-03	3.48e-01	6.50e-01
 1.50716e+23	1.75e-03	3.58e-01	6.41e-01
 1.52129e+23	1.91e-03	3.71e-01	6.27e-01
 1.53555e+23	2.06e-03	3.82e-01	6.16e-01
 1.54997e+23	2.26e-03	3.96e-01	6.02e-01
 1.56455e+23	2.43e-03	4.07e-01	5.90e-01
 1.57934e+23	2.65e-03	4.22e-01	5.76e-01
 1.59452e+23	2.87e-03	4.34e-01	5.63e-01
 1.61018e+23	3.16e-03	4.51e-01	5.46e-01
 1.62584e+23	3.41e-03	4.64e-01	5.33e-01
 1.64150e+23	3.73e-03	4.80e-01	5.16e-01
 1.65773e+23	4.05e-03	4.95e-01	5.01e-01
 1.67469e+23	4.46e-03	5.13e-01	4.83e-01
 1.69202e+23	4.86e-03	5.29e-01	4.66e-01
 1.70981e+23	5.39e-03	5.49e-01	4.46e-01
 1.72750e+23	5.84e-03	5.65e-01	4.29e-01
 1.74505e+23	6.47e-03	5.85e-01	4.09e-01
 1.76276e+23	7.02e-03	6.02e-01	3.91e-01
 1.78066e+23	7.79e-03	6.22e-01	3.70e-01
 1.79864e+23	8.46e-03	6.40e-01	3.52e-01
 1.81672e+23	9.40e-03	6.61e-01	3.29e-01
 1.83484e+23	1.02e-02	6.79e-01	3.11e-01
 1.85303e+23	1.14e-02	7.00e-01	2.88e-01
 1.87122e+23	1.24e-02	7.18e-01	2.70e-01
 1.88942e+23	1.38e-02	7.39e-01	2.48e-01
 1.90762e+23	1.51e-02	7.56e-01	2.29e-01
 1.92584e+23	1.69e-02	7.76e-01	2.07e-01
 1.94404e+23	1.85e-02	7.92e-01	1.90e-01
 1.96220e+23	2.07e-02	8.09e-01	1.70e-01
 1.98059e+23	2.28e-02	8.24e-01	1.53e-01
 1.99928e+23	2.56e-02	8.39e-01	1.35e-01
 2.01821e+23	2.84e-02	8.51e-01	1.20e-01
 2.03437e+23	3.13e-02	8.61e-01	1.07e-01
 2.04823e+23	3.38e-02	8.68e-01	9.80e-02
 2.06219e+23	3.73e-02	8.75e-01	8.78e-02
 2.07683e+23	4.08e-02	8.80e-01	7.90e-02
 2.09013e+23	4.47e-02	8.84e-01	7.14e-02
 2.10517e+23	5.03e-02	8.87e-01	6.30e-02
 2.12028e+23	5.61e-02	8.88e-01	5.64e-02
 2.13207e+23	6.15e-02	8.87e-01	5.17e-02
 2.14204e+23	6.72e-02	8.85e-01	4.80e-02
 2.15111e+23	7.31e-02	8.82e-01	4.49e-02
 2.15919e+23	7.91e-02	8.79e-01	4.24e-02
 2.16643e+23	8.55e-02	8.74e-01	4.03e-02
 2.17309e+23	9.22e-02	8.69e-01	3.85e-02
 2.17928e+23	9.95e-02	8.64e-01	3.69e-02
 2.18504e+23	1.07e-01	8.57e-01	3.57e-02
 2.19049e+23	1.15e-01	8.50e-01	3.46e-02
 2.19583e+23	1.24e-01	8.42e-01	3.36e-02
 2.20099e+23	1.35e-01	8.33e-01	3.29e-02
 2.20571e+23	1.45e-01	8.23e-01	3.23e-02
 2.20996e+23	1.55e-01	8.13e-01	3.20e-02
 2.21380e+23	1.66e-01	8.03e-01	3.18e-02
 2.21717e+23	1.75e-01	7.93e-01	3.17e-02
 2.21964e+23	1.82e-01	7.86e-01	3.18e-02
 2.22130e+23	1.88e-01	7.81e-01	3.19e-02
 2.22301e+23	1.93e-01	7.75e-01	3.19e-02
 2.22507e+23	2.01e-01	7.67e-01	3.19e-02
 2.22734e+23	2.10e-01	7.59e-01	3.19e-02
 2.22962e+23	2.18e-01	7.50e-01	3.20e-02
 2.23184e+23	2.27e-01	7.41e-01	3.21e-02
 2.23395e+23	2.36e-01	7.32e-01	3.23e-02
 2.23562e+23	2.42e-01	7.25e-01	3.24e-02
 2.23678e+23	2.47e-01	7.20e-01	3.25e-02
 2.23792e+23	2.53e-01	7.15e-01	3.25e-02
 2.23926e+23	2.59e-01	7.09e-01	3.25e-02
 2.24075e+23	2.66e-01	7.01e-01	3.25e-02
 2.24223e+23	2.73e-01	6.94e-01	3.25e-02
 2.24366e+23	2.81e-01	6.87e-01	3.25e-02
 2.24509e+23	2.88e-01	6.79e-01	3.24e-02
 2.24656e+23	2.96e-01	6.72e-01	3.24e-02
 2.24810e+23	3.05e-01	6.63e-01	3.23e-02
 2.24971e+23	3.14e-01	6.54e-01	3.22e-02
 2.25131e+23	3.23e-01	6.45e-01	3.21e-02
 2.25293e+23	3.32e-01	6.36e-01	3.19e-02
 2.25463e+23	3.42e-01	6.26e-01	3.18e-02
 2.25639e+23	3.53e-01	6.16e-01	3.15e-02
 2.25819e+23	3.64e-01	6.05e-01	3.13e-02
 2.26001e+23	3.75e-01	5.94e-01	3.10e-02
 2.26191e+23	3.87e-01	5.82e-01	3.07e-02
 2.26388e+23	4.00e-01	5.70e-01	3.03e-02
 2.26590e+23	4.12e-01	5.58e-01	2.99e-02
 2.26796e+23	4.26e-01	5.45e-01	2.94e-02
 2.27010e+23	4.40e-01	5.32e-01	2.89e-02
 2.27232e+23	4.54e-01	5.18e-01	2.84e-02
 2.27463e+23	4.69e-01	5.03e-01	2.78e-02
 2.27699e+23	4.84e-01	4.89e-01	2.71e-02
 2.27945e+23	5.00e-01	4.74e-01	2.64e-02
 2.28200e+23	5.16e-01	4.59e-01	2.57e-02
 2.28465e+23	5.32e-01	4.43e-01	2.49e-02
 2.28736e+23	5.48e-01	4.28e-01	2.41e-02
 2.29013e+23	5.64e-01	4.13e-01	2.33e-02
 2.29296e+23	5.80e-01	3.97e-01	2.24e-02
 2.29593e+23	5.97e-01	3.82e-01	2.15e-02
 2.29902e+23	6.13e-01	3.67e-01	2.06e-02
 2.30216e+23	6.28e-01	3.52e-01	1.96e-02
 2.30541e+23	6.44e-01	3.37e-01	1.87e-02
 2.30882e+23	6.59e-01	3.23e-01	1.77e-02
 2.31240e+23	6.74e-01	3.10e-01	1.68e-02
 2.31612e+23	6.88e-01	2.96e-01	1.59e-02
 2.32000e+23	7.02e-01	2.83e-01	1.49e-02
 2.32411e+23	7.15e-01	2.71e-01	1.40e-02
 2.32845e+23	7.28e-01	2.59e-01	1.31e-02
 2.33299e+23	7.41e-01	2.47e-01	1.22e-02
 2.33754e+23	7.52e-01	2.37e-01	1.14e-02
 2.34196e+23	7.62e-01	2.28e-01	1.06e-02
 2.34626e+23	7.71e-01	2.19e-01	9.94e-03
 2.35045e+23	7.79e-01	2.12e-01	9.33e-03
 2.35453e+23	7.86e-01	2.05e-01	8.77e-03
 2.35849e+23	7.93e-01	1.99e-01	8.26e-03
 2.36227e+23	7.99e-01	1.93e-01	7.80e-03
 2.36579e+23	8.05e-01	1.88e-01	7.39e-03
 2.36921e+23	8.10e-01	1.83e-01	7.01e-03
 2.37263e+23	8.15e-01	1.78e-01	6.65e-03
 2.37595e+23	8.20e-01	1.74e-01	6.32e-03
 2.37915e+23	8.24e-01	1.70e-01	6.02e-03
 2.38223e+23	8.28e-01	1.66e-01	5.74e-03
 2.38521e+23	8.32e-01	1.62e-01	5.47e-03
 2.38810e+23	8.36e-01	1.59e-01	5.23e-03
 2.39089e+23	8.40e-01	1.55e-01	5.00e-03
 2.39357e+23	8.43e-01	1.52e-01	4.79e-03
 2.39617e+23	8.46e-01	1.49e-01	4.59e-03
 2.39867e+23	8.49e-01	1.46e-01	4.40e-03
 2.40109e+23	8.52e-01	1.44e-01	4.22e-03
 2.40338e+23	8.55e-01	1.41e-01	4.06e-03
 2.40562e+23	8.58e-01	1.38e-01	3.90e-03
 2.40781e+23	8.60e-01	1.36e-01	3.76e-03
 2.40980e+23	8.63e-01	1.34e-01	3.63e-03
 2.41161e+23	8.65e-01	1.32e-01	3.51e-03
 2.41326e+23	8.67e-01	1.30e-01	3.40e-03
 2.41476e+23	8.69e-01	1.28e-01	3.30e-03
 2.41612e+23	8.71e-01	1.26e-01	3.22e-03
 2.41736e+23	8.72e-01	1.25e-01	3.14e-03
 2.41849e+23	8.74e-01	1.23e-01	3.07e-03
 2.41952e+23	8.75e-01	1.22e-01	3.02e-03
 2.42064e+23	8.76e-01	1.21e-01	2.93e-03
 2.42211e+23	8.78e-01	1.19e-01	2.85e-03
 2.42369e+23	8.79e-01	1.18e-01	2.79e-03
 2.42513e+23	8.81e-01	1.16e-01	2.71e-03
 2.42644e+23	8.82e-01	1.15e-01	2.64e-03
 2.42763e+23	8.84e-01	1.14e-01	2.58e-03
 2.42871e+23	8.85e-01	1.12e-01	2.52e-03
 2.42970e+23	8.86e-01	1.11e-01	2.47e-03
 2.43060e+23	8.87e-01	1.11e-01	2.43e-03
 2.43158e+23	8.88e-01	1.09e-01	2.39e-03
 2.43286e+23	8.89e-01	1.08e-01	2.33e-03
 2.43424e+23	8.91e-01	1.07e-01	2.28e-03
 2.43550e+23	8.92e-01	1.06e-01	2.24e-03
 2.43687e+23	8.93e-01	1.05e-01	2.18e-03
 2.43836e+23	8.94e-01	1.04e-01	2.13e-03
 2.43971e+23	8.96e-01	1.02e-01	2.07e-03
 2.44094e+23	8.97e-01	1.01e-01	2.04e-03
 2.44229e+23	8.98e-01	1.00e-01	1.98e-03
 2.44375e+23	8.99e-01	9.89e-02	1.93e-03
 2.44507e+23	9.00e-01	9.77e-02	1.89e-03
 2.44628e+23	9.01e-01	9.69e-02	1.85e-03
 2.44760e+23	9.03e-01	9.56e-02	1.80e-03
 2.44903e+23	9.04e-01	9.44e-02	1.76e-03
 2.45032e+23	9.05e-01	9.35e-02	1.72e-03
 2.45175e+23	9.06e-01	9.22e-02	1.67e-03
 2.45328e+23	9.07e-01	9.09e-02	1.63e-03
 2.45468e+23	9.09e-01	8.99e-02	1.59e-03
 2.45595e+23	9.10e-01	8.89e-02	1.55e-03
 2.45711e+23	9.11e-01	8.79e-02	1.52e-03
 2.45837e+23	9.12e-01	8.68e-02	1.48e-03
 2.45974e+23	9.13e-01	8.57e-02	1.44e-03
 2.46099e+23	9.14e-01	8.47e-02	1.41e-03
 2.46212e+23	9.15e-01	8.40e-02	1.38e-03
 2.46336e+23	9.16e-01	8.30e-02	1.35e-03
 2.46471e+23	9.17e-01	8.21e-02	1.32e-03
 2.46593e+23	9.18e-01	8.12e-02	1.29e-03
 2.46704e+23	9.18e-01	8.03e-02	1.26e-03
 2.46805e+23	9.19e-01	7.97e-02	1.24e-03
 2.46915e+23	9.20e-01	7.87e-02	1.21e-03
 2.47059e+23	9.21e-01	7.76e-02	1.18e-03
 2.47215e+23	9.22e-01	7.68e-02	1.15e-03
 2.47356e+23	9.23e-01	7.58e-02	1.12e-03
 2.47485e+23	9.24e-01	7.52e-02	1.10e-03
 2.47626e+23	9.25e-01	7.41e-02	1.07e-03
 2.47809e+23	9.26e-01	7.30e-02	1.04e-03
 2.48007e+23	9.27e-01	7.21e-02	1.01e-03
 2.48187e+23	9.28e-01	7.10e-02	9.85e-04
 2.48351e+23	9.29e-01	7.01e-02	9.58e-04
 2.48500e+23	9.30e-01	6.94e-02	9.39e-04
 2.48664e+23	9.31e-01	6.81e-02	9.05e-04
 2.48876e+23	9.32e-01	6.70e-02	8.76e-04
 2.49106e+23	9.33e-01	6.60e-02	8.50e-04
 2.49314e+23	9.34e-01	6.49e-02	8.22e-04
 2.49504e+23	9.35e-01	6.40e-02	7.97e-04
 2.49677e+23	9.36e-01	6.31e-02	7.75e-04
 2.49866e+23	9.37e-01	6.20e-02	7.48e-04
 2.50071e+23	9.38e-01	6.12e-02	7.29e-04
 2.50257e+23	9.39e-01	6.03e-02	7.07e-04
 2.50426e+23	9.40e-01	5.94e-02	6.87e-04
 2.50580e+23	9.41e-01	5.88e-02	6.73e-04
 2.50749e+23	9.41e-01	5.79e-02	6.51e-04
 2.50932e+23	9.42e-01	5.72e-02	6.36e-04
 2.51097e+23	9.43e-01	5.65e-02	6.22e-04
 2.51279e+23	9.44e-01	5.56e-02	6.01e-04
 2.51475e+23	9.45e-01	5.49e-02	5.86e-04
 2.51654e+23	9.45e-01	5.42e-02	5.72e-04
 2.51850e+23	9.46e-01	5.33e-02	5.52e-04
 2.52061e+23	9.47e-01	5.25e-02	5.37e-04
 2.52253e+23	9.48e-01	5.19e-02	5.23e-04
 2.52464e+23	9.49e-01	5.09e-02	5.04e-04
 2.52691e+23	9.49e-01	5.02e-02	4.89e-04
 2.52898e+23	9.50e-01	4.95e-02	4.76e-04
 2.53125e+23	9.51e-01	4.85e-02	4.57e-04
 2.53370e+23	9.52e-01	4.78e-02	4.44e-04
 2.53593e+23	9.53e-01	4.70e-02	4.30e-04
 2.53795e+23	9.53e-01	4.64e-02	4.18e-04
 2.54017e+23	9.54e-01	4.55e-02	4.03e-04
 2.54257e+23	9.55e-01	4.48e-02	3.90e-04
 2.54476e+23	9.55e-01	4.42e-02	3.80e-04
 2.54715e+23	9.56e-01	4.33e-02	3.65e-04
 2.54973e+23	9.57e-01	4.26e-02	3.53e-04
 2.55208e+23	9.58e-01	4.20e-02	3.43e-04
 2.55465e+23	9.59e-01	4.12e-02	3.30e-04
 2.55743e+23	9.59e-01	4.05e-02	3.19e-04
 2.55996e+23	9.60e-01	3.98e-02	3.08e-04
 2.56226e+23	9.60e-01	3.92e-02	2.99e-04
 2.56479e+23	9.61e-01	3.85e-02	2.88e-04
 2.56751e+23	9.62e-01	3.78e-02	2.78e-04
 2.56999e+23	9.62e-01	3.73e-02	2.70e-04
 2.57270e+23	9.63e-01	3.65e-02	2.59e-04
 2.57563e+23	9.64e-01	3.58e-02	2.50e-04
 2.57830e+23	9.64e-01	3.53e-02	2.42e-04
 2.58122e+23	9.65e-01	3.45e-02	2.32e-04
 2.58438e+23	9.66e-01	3.39e-02	2.23e-04
 2.58725e+23	9.66e-01	3.33e-02	2.16e-04
 2.59040e+23	9.67e-01	3.25e-02	2.06e-04
 2.59380e+23	9.68e-01	3.19e-02	1.98e-04
 2.59689e+23	9.68e-01	3.13e-02	1.91e-04
 2.60027e+23	9.69e-01	3.06e-02	1.82e-04
 2.60393e+23	9.70e-01	2.99e-02	1.75e-04
 2.60726e+23	9.71e-01	2.93e-02	1.67e-04
 2.61029e+23	9.71e-01	2.88e-02	1.62e-04
 2.61361e+23	9.72e-01	2.81e-02	1.54e-04
 2.61719e+23	9.72e-01	2.76e-02	1.48e-04
 2.62045e+23	9.73e-01	2.71e-02	1.43e-04
 2.62402e+23	9.73e-01	2.64e-02	1.36e-04
 2.62788e+23	9.74e-01	2.59e-02	1.30e-04
 2.63139e+23	9.75e-01	2.53e-02	1.25e-04
 2.63524e+23	9.75e-01	2.47e-02	1.19e-04
 2.63939e+23	9.76e-01	2.41e-02	1.14e-04
 2.64317e+23	9.76e-01	2.36e-02	1.09e-04
 2.64660e+23	9.77e-01	2.32e-02	1.05e-04
 2.65037e+23	9.77e-01	2.26e-02	9.97e-05
 2.65444e+23	9.78e-01	2.21e-02	9.54e-05
 2.65814e+23	9.78e-01	2.17e-02	9.14e-05
 2.66220e+23	9.79e-01	2.11e-02	8.70e-05
 2.66658e+23	9.79e-01	2.06e-02	8.29e-05
 2.67056e+23	9.80e-01	2.02e-02	7.92e-05
 2.67493e+23	9.80e-01	1.96e-02	7.51e-05
 2.68047e+23	9.81e-01	1.90e-02	7.01e-05
 2.68634e+23	9.82e-01	1.84e-02	6.59e-05
 2.69221e+23	9.82e-01	1.78e-02	6.15e-05
 2.69832e+23	9.83e-01	1.72e-02	5.75e-05
 2.70441e+23	9.83e-01	1.66e-02	5.37e-05
 2.71057e+23	9.84e-01	1.60e-02	5.01e-05
 2.71679e+23	9.84e-01	1.55e-02	4.68e-05
 2.72306e+23	9.85e-01	1.49e-02	4.37e-05
 2.72939e+23	9.86e-01	1.44e-02	4.07e-05
 2.73579e+23	9.86e-01	1.39e-02	3.80e-05
 2.74226e+23	9.87e-01	1.34e-02	3.54e-05
 2.74878e+23	9.87e-01	1.30e-02	3.29e-05
 2.75535e+23	9.87e-01	1.25e-02	3.07e-05
 2.76198e+23	9.88e-01	1.21e-02	2.86e-05
 2.76866e+23	9.88e-01	1.17e-02	2.66e-05
 2.77538e+23	9.89e-01	1.12e-02	2.47e-05
 2.78215e+23	9.89e-01	1.08e-02	2.30e-05
 2.78897e+23	9.90e-01	1.04e-02	2.14e-05
 2.79585e+23	9.90e-01	1.01e-02	1.99e-05
 2.80278e+23	9.90e-01	9.71e-03	1.85e-05
 2.80976e+23	9.91e-01	9.35e-03	1.71e-05
 2.81678e+23	9.91e-01	9.01e-03	1.59e-05
 2.82386e+23	9.91e-01	8.68e-03	1.48e-05
 2.83103e+23	9.92e-01	8.36e-03	1.37e-05
 2.83837e+23	9.92e-01	8.05e-03	1.27e-05
 2.84582e+23	9.92e-01	7.74e-03	1.18e-05
 2.85336e+23	9.93e-01	7.45e-03	1.09e-05
 2.86098e+23	9.93e-01	7.16e-03	1.01e-05
 2.86867e+23	9.93e-01	6.88e-03	9.30e-06
 2.87645e+23	9.93e-01	6.62e-03	8.59e-06
 2.88432e+23	9.94e-01	6.36e-03	7.93e-06
 2.89231e+23	9.94e-01	6.10e-03	7.31e-06
 2.90043e+23	9.94e-01	5.86e-03	6.74e-06
 2.90872e+23	9.94e-01	5.62e-03	6.21e-06
 2.91722e+23	9.95e-01	5.39e-03	5.70e-06
 2.92590e+23	9.95e-01	5.16e-03	5.23e-06
 2.93473e+23	9.95e-01	4.94e-03	4.80e-06
 2.94372e+23	9.95e-01	4.73e-03	4.39e-06
 2.95287e+23	9.95e-01	4.52e-03	4.02e-06
 2.96219e+23	9.96e-01	4.32e-03	3.67e-06
 2.97169e+23	9.96e-01	4.13e-03	3.35e-06
 2.98143e+23	9.96e-01	3.94e-03	3.05e-06
 2.99140e+23	9.96e-01	3.76e-03	2.77e-06
 3.00161e+23	9.96e-01	3.58e-03	2.52e-06
 3.01206e+23	9.97e-01	3.41e-03	2.28e-06
 3.02275e+23	9.97e-01	3.24e-03	2.06e-06
 3.03369e+23	9.97e-01	3.08e-03	1.86e-06
 3.04495e+23	9.97e-01	2.92e-03	1.68e-06
 3.05647e+23	9.97e-01	2.77e-03	1.51e-06
 3.06809e+23	9.97e-01	2.63e-03	1.36e-06
 3.07980e+23	9.98e-01	2.50e-03	1.22e-06
