#depth	N	N+	N+2	N+3	N+4	N+5	N+6	N+7
 1.54284e+22	5.32e-11	9.73e-07	4.89e-04	1.49e-02	5.47e-02	5.93e-01	3.03e-01	3.38e-02
 3.45720e+22	1.19e-10	2.13e-06	1.05e-03	2.70e-02	8.43e-02	6.40e-01	2.30e-01	1.82e-02
 4.01448e+22	1.79e-10	3.14e-06	1.52e-03	3.53e-02	1.01e-01	6.51e-01	1.98e-01	1.33e-02
 4.30074e+22	2.20e-10	3.88e-06	1.86e-03	4.06e-02	1.11e-01	6.53e-01	1.82e-01	1.11e-02
 4.45280e+22	2.48e-10	4.32e-06	2.05e-03	4.35e-02	1.17e-01	6.54e-01	1.74e-01	1.02e-02
 4.57143e+22	2.89e-10	4.98e-06	2.34e-03	4.76e-02	1.24e-01	6.54e-01	1.64e-01	9.07e-03
 4.69635e+22	3.30e-10	5.63e-06	2.62e-03	5.13e-02	1.30e-01	6.53e-01	1.56e-01	8.19e-03
 4.80910e+22	3.75e-10	6.32e-06	2.91e-03	5.51e-02	1.36e-01	6.51e-01	1.48e-01	7.43e-03
 4.93532e+22	4.42e-10	7.35e-06	3.33e-03	6.03e-02	1.44e-01	6.48e-01	1.39e-01	6.55e-03
 5.06516e+22	5.08e-10	8.33e-06	3.73e-03	6.49e-02	1.50e-01	6.44e-01	1.31e-01	5.89e-03
 5.17215e+22	5.71e-10	9.26e-06	4.10e-03	6.89e-02	1.56e-01	6.41e-01	1.25e-01	5.38e-03
 5.28370e+22	6.62e-10	1.06e-05	4.60e-03	7.43e-02	1.63e-01	6.36e-01	1.18e-01	4.81e-03
 5.39907e+22	7.51e-10	1.18e-05	5.09e-03	7.92e-02	1.69e-01	6.31e-01	1.11e-01	4.36e-03
 5.50318e+22	8.51e-10	1.32e-05	5.61e-03	8.42e-02	1.75e-01	6.25e-01	1.06e-01	3.96e-03
 5.62229e+22	1.00e-09	1.52e-05	6.34e-03	9.08e-02	1.83e-01	6.18e-01	9.87e-02	3.50e-03
 5.74572e+22	1.15e-09	1.72e-05	7.06e-03	9.70e-02	1.90e-01	6.10e-01	9.27e-02	3.13e-03
 5.85550e+22	1.31e-09	1.94e-05	7.79e-03	1.03e-01	1.96e-01	6.03e-01	8.75e-02	2.82e-03
 5.97898e+22	1.55e-09	2.24e-05	8.82e-03	1.11e-01	2.04e-01	5.92e-01	8.12e-02	2.48e-03
 6.10807e+22	1.80e-09	2.55e-05	9.85e-03	1.19e-01	2.11e-01	5.82e-01	7.57e-02	2.19e-03
 6.22452e+22	2.07e-09	2.88e-05	1.09e-02	1.26e-01	2.18e-01	5.72e-01	7.10e-02	1.96e-03
 6.35597e+22	2.49e-09	3.37e-05	1.24e-02	1.36e-01	2.26e-01	5.59e-01	6.52e-02	1.70e-03
 6.49182e+22	2.90e-09	3.85e-05	1.39e-02	1.45e-01	2.33e-01	5.46e-01	6.03e-02	1.49e-03
 6.61290e+22	3.38e-09	4.38e-05	1.54e-02	1.54e-01	2.39e-01	5.34e-01	5.61e-02	1.32e-03
 6.74981e+22	4.09e-09	5.15e-05	1.75e-02	1.66e-01	2.47e-01	5.18e-01	5.11e-02	1.13e-03
 6.89222e+22	4.84e-09	5.93e-05	1.97e-02	1.76e-01	2.53e-01	5.03e-01	4.68e-02	9.75e-04
 7.02042e+22	5.68e-09	6.77e-05	2.19e-02	1.87e-01	2.59e-01	4.88e-01	4.31e-02	8.52e-04
 7.16573e+22	6.98e-09	8.04e-05	2.50e-02	2.01e-01	2.66e-01	4.69e-01	3.86e-02	7.13e-04
 7.31540e+22	8.30e-09	9.28e-05	2.80e-02	2.13e-01	2.71e-01	4.52e-01	3.51e-02	6.12e-04
 7.45009e+22	9.85e-09	1.07e-04	3.11e-02	2.25e-01	2.76e-01	4.35e-01	3.19e-02	5.26e-04
 7.60454e+22	1.23e-08	1.28e-04	3.57e-02	2.42e-01	2.81e-01	4.13e-01	2.81e-02	4.31e-04
 7.76047e+22	1.46e-08	1.47e-04	3.98e-02	2.55e-01	2.85e-01	3.94e-01	2.53e-02	3.65e-04
 7.91835e+22	1.83e-08	1.77e-04	4.55e-02	2.72e-01	2.89e-01	3.72e-01	2.21e-02	2.97e-04
 8.07873e+22	2.21e-08	2.05e-04	5.07e-02	2.86e-01	2.91e-01	3.53e-01	1.97e-02	2.49e-04
 8.22097e+22	2.65e-08	2.36e-04	5.62e-02	3.00e-01	2.92e-01	3.34e-01	1.76e-02	2.09e-04
 8.38448e+22	3.35e-08	2.84e-04	6.41e-02	3.18e-01	2.93e-01	3.10e-01	1.51e-02	1.66e-04
 8.55031e+22	4.04e-08	3.29e-04	7.10e-02	3.32e-01	2.92e-01	2.91e-01	1.33e-02	1.37e-04
 8.71915e+22	5.16e-08	3.97e-04	8.08e-02	3.50e-01	2.90e-01	2.68e-01	1.12e-02	1.07e-04
 8.88998e+22	6.26e-08	4.60e-04	8.93e-02	3.63e-01	2.88e-01	2.49e-01	9.78e-03	8.74e-05
 9.06338e+22	8.03e-08	5.55e-04	1.01e-01	3.80e-01	2.83e-01	2.27e-01	8.15e-03	6.70e-05
 9.23916e+22	9.79e-08	6.44e-04	1.11e-01	3.93e-01	2.78e-01	2.09e-01	7.02e-03	5.40e-05
 9.39188e+22	1.18e-07	7.42e-04	1.22e-01	4.05e-01	2.73e-01	1.93e-01	6.06e-03	4.37e-05
 9.56426e+22	1.51e-07	8.90e-04	1.37e-01	4.19e-01	2.65e-01	1.73e-01	4.99e-03	3.30e-05
 9.72875e+22	1.79e-07	1.01e-03	1.47e-01	4.28e-01	2.59e-01	1.60e-01	4.35e-03	2.72e-05
 9.88298e+22	2.23e-07	1.18e-03	1.62e-01	4.38e-01	2.51e-01	1.44e-01	3.63e-03	2.10e-05
 1.00378e+23	2.64e-07	1.33e-03	1.74e-01	4.45e-01	2.44e-01	1.33e-01	3.14e-03	1.71e-05
 1.01934e+23	3.28e-07	1.55e-03	1.90e-01	4.53e-01	2.34e-01	1.19e-01	2.60e-03	1.32e-05
 1.03528e+23	3.92e-07	1.76e-03	2.04e-01	4.59e-01	2.25e-01	1.08e-01	2.21e-03	1.05e-05
 1.04958e+23	4.67e-07	1.99e-03	2.18e-01	4.63e-01	2.17e-01	9.81e-02	1.88e-03	8.41e-06
 1.06602e+23	5.84e-07	2.32e-03	2.37e-01	4.67e-01	2.06e-01	8.64e-02	1.52e-03	6.28e-06
 1.08265e+23	7.00e-07	2.63e-03	2.53e-01	4.69e-01	1.96e-01	7.76e-02	1.28e-03	4.92e-06
 1.09953e+23	8.72e-07	3.06e-03	2.73e-01	4.70e-01	1.84e-01	6.79e-02	1.03e-03	3.65e-06
 1.11597e+23	1.03e-06	3.44e-03	2.90e-01	4.70e-01	1.75e-01	6.10e-02	8.63e-04	2.88e-06
 1.12894e+23	1.20e-06	3.79e-03	3.04e-01	4.68e-01	1.68e-01	5.55e-02	7.41e-04	2.34e-06
 1.14290e+23	1.43e-06	4.27e-03	3.22e-01	4.66e-01	1.58e-01	4.93e-02	6.14e-04	1.81e-06
 1.15727e+23	1.66e-06	4.73e-03	3.37e-01	4.63e-01	1.50e-01	4.45e-02	5.20e-04	1.44e-06
 1.17017e+23	1.92e-06	5.21e-03	3.53e-01	4.59e-01	1.42e-01	4.01e-02	4.42e-04	1.16e-06
 1.18493e+23	2.31e-06	5.88e-03	3.72e-01	4.54e-01	1.33e-01	3.52e-02	3.59e-04	8.75e-07
 1.19984e+23	2.68e-06	6.49e-03	3.88e-01	4.48e-01	1.25e-01	3.15e-02	3.01e-04	6.90e-07
 1.21291e+23	3.09e-06	7.14e-03	4.04e-01	4.42e-01	1.18e-01	2.82e-02	2.54e-04	5.47e-07
 1.22787e+23	3.69e-06	8.02e-03	4.24e-01	4.34e-01	1.09e-01	2.46e-02	2.04e-04	4.09e-07
 1.24308e+23	4.28e-06	8.83e-03	4.41e-01	4.26e-01	1.02e-01	2.18e-02	1.70e-04	3.19e-07
 1.25658e+23	4.95e-06	9.71e-03	4.57e-01	4.18e-01	9.58e-02	1.94e-02	1.41e-04	2.49e-07
 1.27208e+23	5.94e-06	1.09e-02	4.77e-01	4.07e-01	8.79e-02	1.67e-02	1.12e-04	1.83e-07
 1.28773e+23	6.89e-06	1.20e-02	4.94e-01	3.98e-01	8.17e-02	1.47e-02	9.21e-05	1.41e-07
 1.30150e+23	7.97e-06	1.32e-02	5.10e-01	3.88e-01	7.60e-02	1.30e-02	7.60e-05	0.00e+00
 1.31733e+23	9.55e-06	1.48e-02	5.30e-01	3.75e-01	6.91e-02	1.11e-02	5.95e-05	0.00e+00
 1.33343e+23	1.11e-05	1.63e-02	5.46e-01	3.64e-01	6.38e-02	9.68e-03	4.84e-05	0.00e+00
 1.34991e+23	1.33e-05	1.83e-02	5.66e-01	3.50e-01	5.76e-02	8.16e-03	3.73e-05	0.00e+00
 1.36361e+23	1.47e-05	1.94e-02	5.76e-01	3.43e-01	5.44e-02	7.45e-03	3.24e-05	0.00e+00
 1.37369e+23	1.64e-05	2.08e-02	5.87e-01	3.34e-01	5.11e-02	6.72e-03	2.76e-05	0.00e+00
 1.38680e+23	1.89e-05	2.27e-02	6.02e-01	3.23e-01	4.70e-02	5.87e-03	2.25e-05	0.00e+00
 1.40150e+23	2.19e-05	2.49e-02	6.16e-01	3.11e-01	4.30e-02	5.08e-03	1.80e-05	0.00e+00
 1.41827e+23	2.63e-05	2.79e-02	6.33e-01	2.96e-01	3.84e-02	4.25e-03	1.37e-05	0.00e+00
 1.43531e+23	3.05e-05	3.05e-02	6.47e-01	2.84e-01	3.49e-02	3.65e-03	1.09e-05	0.00e+00
 1.45270e+23	3.67e-05	3.42e-02	6.64e-01	2.68e-01	3.09e-02	3.02e-03	8.16e-06	0.00e+00
 1.46818e+23	4.13e-05	3.67e-02	6.74e-01	2.58e-01	2.85e-02	2.66e-03	6.76e-06	0.00e+00
 1.48117e+23	4.70e-05	3.97e-02	6.84e-01	2.48e-01	2.61e-02	2.32e-03	5.47e-06	0.00e+00
 1.49476e+23	5.31e-05	4.27e-02	6.94e-01	2.38e-01	2.40e-02	2.04e-03	4.50e-06	0.00e+00
 1.50716e+23	5.91e-05	4.56e-02	7.02e-01	2.29e-01	2.22e-02	1.81e-03	3.75e-06	0.00e+00
 1.52129e+23	6.84e-05	4.98e-02	7.12e-01	2.17e-01	2.00e-02	1.54e-03	2.94e-06	0.00e+00
 1.53555e+23	7.68e-05	5.33e-02	7.19e-01	2.08e-01	1.83e-02	1.35e-03	2.41e-06	0.00e+00
 1.54997e+23	8.90e-05	5.82e-02	7.28e-01	1.96e-01	1.64e-02	1.14e-03	1.87e-06	0.00e+00
 1.56455e+23	9.99e-05	6.22e-02	7.35e-01	1.87e-01	1.50e-02	9.97e-04	1.53e-06	0.00e+00
 1.57934e+23	1.15e-04	6.79e-02	7.42e-01	1.76e-01	1.34e-02	8.42e-04	1.18e-06	0.00e+00
 1.59452e+23	1.31e-04	7.29e-02	7.47e-01	1.67e-01	1.21e-02	7.26e-04	9.47e-07	0.00e+00
 1.61018e+23	1.53e-04	8.00e-02	7.53e-01	1.55e-01	1.07e-02	6.01e-04	7.12e-07	0.00e+00
 1.62584e+23	1.72e-04	8.55e-02	7.57e-01	1.47e-01	9.70e-03	5.19e-04	5.71e-07	0.00e+00
 1.64150e+23	2.00e-04	9.34e-02	7.61e-01	1.37e-01	8.56e-03	4.30e-04	4.32e-07	0.00e+00
 1.65773e+23	2.27e-04	1.00e-01	7.63e-01	1.28e-01	7.66e-03	3.65e-04	3.38e-07	0.00e+00
 1.67469e+23	2.67e-04	1.10e-01	7.65e-01	1.18e-01	6.68e-03	2.97e-04	2.48e-07	0.00e+00
 1.69202e+23	3.05e-04	1.19e-01	7.65e-01	1.09e-01	5.92e-03	2.49e-04	1.91e-07	0.00e+00
 1.70981e+23	3.63e-04	1.31e-01	7.64e-01	9.93e-02	5.09e-03	1.98e-04	1.36e-07	0.00e+00
 1.72750e+23	4.13e-04	1.41e-01	7.62e-01	9.20e-02	4.51e-03	1.66e-04	0.00e+00	0.00e+00
 1.74505e+23	4.89e-04	1.55e-01	7.57e-01	8.30e-02	3.87e-03	1.32e-04	0.00e+00	0.00e+00
 1.76276e+23	5.58e-04	1.67e-01	7.53e-01	7.62e-02	3.42e-03	1.09e-04	0.00e+00	0.00e+00
 1.78066e+23	6.65e-04	1.84e-01	7.44e-01	6.80e-02	2.91e-03	8.56e-05	0.00e+00	0.00e+00
 1.79864e+23	7.62e-04	1.98e-01	7.37e-01	6.19e-02	2.55e-03	7.04e-05	0.00e+00	0.00e+00
 1.81672e+23	9.12e-04	2.19e-01	7.23e-01	5.45e-02	2.16e-03	5.42e-05	0.00e+00	0.00e+00
 1.83484e+23	1.05e-03	2.36e-01	7.12e-01	4.91e-02	1.88e-03	4.40e-05	0.00e+00	0.00e+00
 1.85303e+23	1.27e-03	2.61e-01	6.93e-01	4.26e-02	1.57e-03	3.32e-05	0.00e+00	0.00e+00
 1.87122e+23	1.47e-03	2.82e-01	6.78e-01	3.78e-02	1.36e-03	2.65e-05	0.00e+00	0.00e+00
 1.88942e+23	1.78e-03	3.12e-01	6.53e-01	3.22e-02	1.13e-03	1.96e-05	0.00e+00	0.00e+00
 1.90762e+23	2.07e-03	3.37e-01	6.32e-01	2.81e-02	9.66e-04	1.54e-05	0.00e+00	0.00e+00
 1.92584e+23	2.54e-03	3.74e-01	5.99e-01	2.33e-02	7.84e-04	1.09e-05	0.00e+00	0.00e+00
 1.94404e+23	2.98e-03	4.05e-01	5.72e-01	1.99e-02	6.63e-04	8.34e-06	0.00e+00	0.00e+00
 1.96220e+23	3.65e-03	4.47e-01	5.33e-01	1.61e-02	5.30e-04	5.78e-06	0.00e+00	0.00e+00
 1.98059e+23	4.34e-03	4.84e-01	4.98e-01	1.32e-02	4.35e-04	4.18e-06	0.00e+00	0.00e+00
 1.99928e+23	5.38e-03	5.33e-01	4.51e-01	1.02e-02	3.35e-04	2.72e-06	0.00e+00	0.00e+00
 2.01821e+23	6.50e-03	5.77e-01	4.08e-01	8.02e-03	2.63e-04	1.83e-06	0.00e+00	0.00e+00
 2.03437e+23	7.75e-03	6.19e-01	3.67e-01	6.28e-03	2.07e-04	1.23e-06	0.00e+00	0.00e+00
 2.04823e+23	8.91e-03	6.52e-01	3.34e-01	5.09e-03	1.69e-04	8.86e-07	0.00e+00	0.00e+00
 2.06219e+23	1.06e-02	6.92e-01	2.93e-01	3.87e-03	1.29e-04	5.73e-07	0.00e+00	0.00e+00
 2.07683e+23	1.25e-02	7.30e-01	2.55e-01	2.92e-03	9.79e-05	3.70e-07	0.00e+00	0.00e+00
 2.09013e+23	1.46e-02	7.64e-01	2.19e-01	2.18e-03	7.33e-05	2.35e-07	0.00e+00	0.00e+00
 2.10517e+23	1.78e-02	8.04e-01	1.77e-01	1.48e-03	4.93e-05	1.28e-07	0.00e+00	0.00e+00
 2.12028e+23	2.15e-02	8.36e-01	1.41e-01	9.95e-04	3.28e-05	0.00e+00	0.00e+00	0.00e+00
 2.13207e+23	2.53e-02	8.60e-01	1.14e-01	7.02e-04	2.26e-05	0.00e+00	0.00e+00	0.00e+00
 2.14204e+23	2.94e-02	8.77e-01	9.27e-02	5.04e-04	1.56e-05	0.00e+00	0.00e+00	0.00e+00
 2.15111e+23	3.40e-02	8.91e-01	7.48e-02	3.65e-04	1.08e-05	0.00e+00	0.00e+00	0.00e+00
 2.15919e+23	3.91e-02	9.00e-01	6.04e-02	2.69e-04	7.45e-06	0.00e+00	0.00e+00	0.00e+00
 2.16643e+23	4.48e-02	9.06e-01	4.88e-02	2.01e-04	5.16e-06	0.00e+00	0.00e+00	0.00e+00
 2.17309e+23	5.13e-02	9.09e-01	3.92e-02	1.52e-04	3.56e-06	0.00e+00	0.00e+00	0.00e+00
 2.17928e+23	5.89e-02	9.10e-01	3.14e-02	1.16e-04	2.44e-06	0.00e+00	0.00e+00	0.00e+00
 2.18504e+23	6.75e-02	9.07e-01	2.52e-02	9.01e-05	1.68e-06	0.00e+00	0.00e+00	0.00e+00
 2.19049e+23	7.78e-02	9.02e-01	2.00e-02	7.05e-05	1.15e-06	0.00e+00	0.00e+00	0.00e+00
 2.19583e+23	9.02e-02	8.94e-01	1.57e-02	5.54e-05	7.72e-07	0.00e+00	0.00e+00	0.00e+00
 2.20099e+23	1.05e-01	8.82e-01	1.22e-02	4.39e-05	5.15e-07	0.00e+00	0.00e+00	0.00e+00
 2.20571e+23	1.22e-01	8.68e-01	9.58e-03	3.55e-05	3.49e-07	0.00e+00	0.00e+00	0.00e+00
 2.20996e+23	1.41e-01	8.51e-01	7.60e-03	2.94e-05	2.43e-07	0.00e+00	0.00e+00	0.00e+00
 2.21380e+23	1.61e-01	8.33e-01	6.12e-03	2.48e-05	1.74e-07	0.00e+00	0.00e+00	0.00e+00
 2.21717e+23	1.81e-01	8.14e-01	5.02e-03	2.15e-05	1.30e-07	0.00e+00	0.00e+00	0.00e+00
 2.21964e+23	1.97e-01	7.99e-01	4.36e-03	1.94e-05	0.00e+00	0.00e+00	0.00e+00	0.00e+00
 2.22130e+23	2.08e-01	7.88e-01	3.95e-03	1.81e-05	0.00e+00	0.00e+00	0.00e+00	0.00e+00
 2.22301e+23	2.21e-01	7.75e-01	3.55e-03	1.69e-05	0.00e+00	0.00e+00	0.00e+00	0.00e+00
 2.22507e+23	2.38e-01	7.59e-01	3.12e-03	1.55e-05	0.00e+00	0.00e+00	0.00e+00	0.00e+00
 2.22734e+23	2.57e-01	7.41e-01	2.70e-03	1.42e-05	0.00e+00	0.00e+00	0.00e+00	0.00e+00
 2.22962e+23	2.76e-01	7.21e-01	2.35e-03	1.30e-05	0.00e+00	0.00e+00	0.00e+00	0.00e+00
 2.23184e+23	2.96e-01	7.02e-01	2.04e-03	1.19e-05	0.00e+00	0.00e+00	0.00e+00	0.00e+00
 2.23395e+23	3.16e-01	6.83e-01	1.79e-03	1.10e-05	0.00e+00	0.00e+00	0.00e+00	0.00e+00
 2.23562e+23	3.30e-01	6.68e-01	1.62e-03	1.04e-05	0.00e+00	0.00e+00	0.00e+00	0.00e+00
 2.23678e+23	3.41e-01	6.57e-01	1.51e-03	1.00e-05	0.00e+00	0.00e+00	0.00e+00	0.00e+00
 2.23792e+23	3.52e-01	6.46e-01	1.40e-03	9.63e-06	0.00e+00	0.00e+00	0.00e+00	0.00e+00
 2.23926e+23	3.65e-01	6.34e-01	1.29e-03	9.19e-06	0.00e+00	0.00e+00	0.00e+00	0.00e+00
 2.24075e+23	3.79e-01	6.19e-01	1.18e-03	8.75e-06	0.00e+00	0.00e+00	0.00e+00	0.00e+00
 2.24223e+23	3.94e-01	6.05e-01	1.07e-03	8.33e-06	0.00e+00	0.00e+00	0.00e+00	0.00e+00
 2.24366e+23	4.07e-01	5.92e-01	9.85e-04	7.96e-06	0.00e+00	0.00e+00	0.00e+00	0.00e+00
 2.24509e+23	4.21e-01	5.78e-01	9.01e-04	7.60e-06	0.00e+00	0.00e+00	0.00e+00	0.00e+00
 2.24656e+23	4.35e-01	5.64e-01	8.25e-04	7.26e-06	0.00e+00	0.00e+00	0.00e+00	0.00e+00
 2.24810e+23	4.50e-01	5.49e-01	7.50e-04	6.92e-06	0.00e+00	0.00e+00	0.00e+00	0.00e+00
 2.24971e+23	4.65e-01	5.34e-01	6.80e-04	6.58e-06	0.00e+00	0.00e+00	0.00e+00	0.00e+00
 2.25131e+23	4.80e-01	5.19e-01	6.19e-04	6.28e-06	0.00e+00	0.00e+00	0.00e+00	0.00e+00
 2.25293e+23	4.95e-01	5.05e-01	5.62e-04	5.99e-06	0.00e+00	0.00e+00	0.00e+00	0.00e+00
 2.25463e+23	5.10e-01	4.90e-01	5.09e-04	5.70e-06	0.00e+00	0.00e+00	0.00e+00	0.00e+00
 2.25639e+23	5.26e-01	4.74e-01	4.59e-04	5.42e-06	0.00e+00	0.00e+00	0.00e+00	0.00e+00
 2.25819e+23	5.41e-01	4.59e-01	4.15e-04	5.16e-06	0.00e+00	0.00e+00	0.00e+00	0.00e+00
 2.26001e+23	5.56e-01	4.43e-01	3.74e-04	4.90e-06	0.00e+00	0.00e+00	0.00e+00	0.00e+00
 2.26191e+23	5.72e-01	4.28e-01	3.37e-04	4.66e-06	0.00e+00	0.00e+00	0.00e+00	0.00e+00
 2.26388e+23	5.87e-01	4.12e-01	3.03e-04	4.42e-06	0.00e+00	0.00e+00	0.00e+00	0.00e+00
 2.26590e+23	6.03e-01	3.97e-01	2.72e-04	4.20e-06	0.00e+00	0.00e+00	0.00e+00	0.00e+00
 2.26796e+23	6.18e-01	3.82e-01	2.45e-04	3.98e-06	0.00e+00	0.00e+00	0.00e+00	0.00e+00
 2.27010e+23	6.33e-01	3.66e-01	2.20e-04	3.77e-06	0.00e+00	0.00e+00	0.00e+00	0.00e+00
 2.27232e+23	6.49e-01	3.51e-01	1.97e-04	3.57e-06	0.00e+00	0.00e+00	0.00e+00	0.00e+00
 2.27463e+23	6.64e-01	3.36e-01	1.77e-04	3.38e-06	0.00e+00	0.00e+00	0.00e+00	0.00e+00
 2.27699e+23	6.78e-01	3.22e-01	1.58e-04	3.20e-06	0.00e+00	0.00e+00	0.00e+00	0.00e+00
 2.27945e+23	6.93e-01	3.07e-01	1.42e-04	3.03e-06	0.00e+00	0.00e+00	0.00e+00	0.00e+00
 2.28200e+23	7.07e-01	2.93e-01	1.28e-04	2.86e-06	0.00e+00	0.00e+00	0.00e+00	0.00e+00
 2.28465e+23	7.21e-01	2.79e-01	1.15e-04	2.70e-06	0.00e+00	0.00e+00	0.00e+00	0.00e+00
 2.28736e+23	7.34e-01	2.66e-01	1.04e-04	2.55e-06	0.00e+00	0.00e+00	0.00e+00	0.00e+00
 2.29013e+23	7.47e-01	2.53e-01	9.44e-05	2.42e-06	0.00e+00	0.00e+00	0.00e+00	0.00e+00
 2.29296e+23	7.59e-01	2.41e-01	8.59e-05	2.29e-06	0.00e+00	0.00e+00	0.00e+00	0.00e+00
 2.29593e+23	7.71e-01	2.29e-01	7.83e-05	2.17e-06	0.00e+00	0.00e+00	0.00e+00	0.00e+00
 2.29902e+23	7.83e-01	2.17e-01	7.16e-05	2.05e-06	0.00e+00	0.00e+00	0.00e+00	0.00e+00
 2.30216e+23	7.94e-01	2.06e-01	6.59e-05	1.94e-06	0.00e+00	0.00e+00	0.00e+00	0.00e+00
 2.30541e+23	8.04e-01	1.96e-01	6.08e-05	1.84e-06	0.00e+00	0.00e+00	0.00e+00	0.00e+00
 2.30882e+23	8.14e-01	1.86e-01	5.62e-05	1.75e-06	0.00e+00	0.00e+00	0.00e+00	0.00e+00
 2.31240e+23	8.24e-01	1.76e-01	5.23e-05	1.66e-06	0.00e+00	0.00e+00	0.00e+00	0.00e+00
 2.31612e+23	8.33e-01	1.67e-01	4.87e-05	1.57e-06	0.00e+00	0.00e+00	0.00e+00	0.00e+00
 2.32000e+23	8.42e-01	1.58e-01	4.55e-05	1.49e-06	0.00e+00	0.00e+00	0.00e+00	0.00e+00
 2.32411e+23	8.51e-01	1.49e-01	4.27e-05	1.41e-06	0.00e+00	0.00e+00	0.00e+00	0.00e+00
 2.32845e+23	8.60e-01	1.40e-01	4.01e-05	1.34e-06	0.00e+00	0.00e+00	0.00e+00	0.00e+00
 2.33299e+23	8.68e-01	1.32e-01	3.77e-05	1.27e-06	0.00e+00	0.00e+00	0.00e+00	0.00e+00
 2.33754e+23	8.76e-01	1.24e-01	3.57e-05	1.21e-06	0.00e+00	0.00e+00	0.00e+00	0.00e+00
 2.34196e+23	8.83e-01	1.17e-01	3.41e-05	1.15e-06	0.00e+00	0.00e+00	0.00e+00	0.00e+00
 2.34626e+23	8.89e-01	1.11e-01	3.26e-05	1.10e-06	0.00e+00	0.00e+00	0.00e+00	0.00e+00
 2.35045e+23	8.95e-01	1.05e-01	3.13e-05	1.05e-06	0.00e+00	0.00e+00	0.00e+00	0.00e+00
 2.35453e+23	9.00e-01	1.00e-01	3.02e-05	1.01e-06	0.00e+00	0.00e+00	0.00e+00	0.00e+00
 2.35849e+23	9.05e-01	9.52e-02	2.91e-05	9.74e-07	0.00e+00	0.00e+00	0.00e+00	0.00e+00
 2.36227e+23	9.09e-01	9.06e-02	2.82e-05	9.39e-07	0.00e+00	0.00e+00	0.00e+00	0.00e+00
 2.36579e+23	9.13e-01	8.66e-02	2.75e-05	9.09e-07	0.00e+00	0.00e+00	0.00e+00	0.00e+00
 2.36921e+23	9.17e-01	8.28e-02	2.68e-05	8.81e-07	0.00e+00	0.00e+00	0.00e+00	0.00e+00
 2.37263e+23	9.21e-01	7.92e-02	2.61e-05	8.53e-07	0.00e+00	0.00e+00	0.00e+00	0.00e+00
 2.37595e+23	9.24e-01	7.58e-02	2.55e-05	8.28e-07	0.00e+00	0.00e+00	0.00e+00	0.00e+00
 2.37915e+23	9.27e-01	7.27e-02	2.49e-05	8.05e-07	0.00e+00	0.00e+00	0.00e+00	0.00e+00
 2.38223e+23	9.30e-01	6.98e-02	2.44e-05	7.85e-07	0.00e+00	0.00e+00	0.00e+00	0.00e+00
 2.38521e+23	9.33e-01	6.71e-02	2.39e-05	7.66e-07	0.00e+00	0.00e+00	0.00e+00	0.00e+00
 2.38810e+23	9.35e-01	6.46e-02	2.35e-05	7.48e-07	0.00e+00	0.00e+00	0.00e+00	0.00e+00
 2.39089e+23	9.38e-01	6.23e-02	2.31e-05	7.33e-07	0.00e+00	0.00e+00	0.00e+00	0.00e+00
 2.39357e+23	9.40e-01	6.02e-02	2.27e-05	7.19e-07	0.00e+00	0.00e+00	0.00e+00	0.00e+00
 2.39617e+23	9.42e-01	5.82e-02	2.24e-05	7.06e-07	0.00e+00	0.00e+00	0.00e+00	0.00e+00
 2.39867e+23	9.44e-01	5.64e-02	2.20e-05	6.96e-07	0.00e+00	0.00e+00	0.00e+00	0.00e+00
 2.40109e+23	9.45e-01	5.47e-02	2.18e-05	6.86e-07	0.00e+00	0.00e+00	0.00e+00	0.00e+00
 2.40338e+23	9.47e-01	5.33e-02	2.15e-05	6.78e-07	0.00e+00	0.00e+00	0.00e+00	0.00e+00
 2.40562e+23	9.48e-01	5.19e-02	2.12e-05	6.72e-07	0.00e+00	0.00e+00	0.00e+00	0.00e+00
 2.40781e+23	9.49e-01	5.06e-02	2.10e-05	6.67e-07	0.00e+00	0.00e+00	0.00e+00	0.00e+00
 2.40980e+23	9.50e-01	4.95e-02	2.08e-05	6.63e-07	0.00e+00	0.00e+00	0.00e+00	0.00e+00
 2.41161e+23	9.51e-01	4.86e-02	2.06e-05	6.61e-07	0.00e+00	0.00e+00	0.00e+00	0.00e+00
 2.41326e+23	9.52e-01	4.78e-02	2.05e-05	6.60e-07	0.00e+00	0.00e+00	0.00e+00	0.00e+00
 2.41476e+23	9.53e-01	4.71e-02	2.03e-05	6.59e-07	0.00e+00	0.00e+00	0.00e+00	0.00e+00
 2.41612e+23	9.53e-01	4.66e-02	2.02e-05	6.59e-07	0.00e+00	0.00e+00	0.00e+00	0.00e+00
 2.41736e+23	9.54e-01	4.61e-02	2.01e-05	6.60e-07	0.00e+00	0.00e+00	0.00e+00	0.00e+00
 2.41849e+23	9.54e-01	4.56e-02	2.00e-05	6.63e-07	0.00e+00	0.00e+00	0.00e+00	0.00e+00
 2.41952e+23	9.55e-01	4.53e-02	1.99e-05	6.63e-07	0.00e+00	0.00e+00	0.00e+00	0.00e+00
 2.42064e+23	9.55e-01	4.48e-02	1.98e-05	6.63e-07	0.00e+00	0.00e+00	0.00e+00	0.00e+00
 2.42211e+23	9.56e-01	4.42e-02	1.97e-05	6.64e-07	0.00e+00	0.00e+00	0.00e+00	0.00e+00
 2.42369e+23	9.56e-01	4.36e-02	1.96e-05	6.63e-07	0.00e+00	0.00e+00	0.00e+00	0.00e+00
 2.42513e+23	9.57e-01	4.31e-02	1.94e-05	6.66e-07	0.00e+00	0.00e+00	0.00e+00	0.00e+00
 2.42644e+23	9.57e-01	4.28e-02	1.93e-05	6.68e-07	0.00e+00	0.00e+00	0.00e+00	0.00e+00
 2.42763e+23	9.57e-01	4.25e-02	1.93e-05	6.71e-07	0.00e+00	0.00e+00	0.00e+00	0.00e+00
 2.42871e+23	9.58e-01	4.22e-02	1.92e-05	6.75e-07	0.00e+00	0.00e+00	0.00e+00	0.00e+00
 2.42970e+23	9.58e-01	4.20e-02	1.91e-05	6.80e-07	0.00e+00	0.00e+00	0.00e+00	0.00e+00
 2.43060e+23	9.58e-01	4.18e-02	1.91e-05	6.79e-07	0.00e+00	0.00e+00	0.00e+00	0.00e+00
 2.43158e+23	9.58e-01	4.16e-02	1.90e-05	6.80e-07	0.00e+00	0.00e+00	0.00e+00	0.00e+00
 2.43286e+23	9.59e-01	4.12e-02	1.89e-05	6.81e-07	0.00e+00	0.00e+00	0.00e+00	0.00e+00
 2.43424e+23	9.59e-01	4.09e-02	1.88e-05	6.83e-07	0.00e+00	0.00e+00	0.00e+00	0.00e+00
 2.43550e+23	9.59e-01	4.06e-02	1.87e-05	6.82e-07	0.00e+00	0.00e+00	0.00e+00	0.00e+00
 2.43687e+23	9.60e-01	4.02e-02	1.86e-05	6.84e-07	0.00e+00	0.00e+00	0.00e+00	0.00e+00
 2.43836e+23	9.60e-01	3.99e-02	1.85e-05	6.86e-07	0.00e+00	0.00e+00	0.00e+00	0.00e+00
 2.43971e+23	9.60e-01	3.97e-02	1.84e-05	6.91e-07	0.00e+00	0.00e+00	0.00e+00	0.00e+00
 2.44094e+23	9.61e-01	3.95e-02	1.83e-05	6.90e-07	0.00e+00	0.00e+00	0.00e+00	0.00e+00
 2.44229e+23	9.61e-01	3.92e-02	1.82e-05	6.92e-07	0.00e+00	0.00e+00	0.00e+00	0.00e+00
 2.44375e+23	9.61e-01	3.89e-02	1.81e-05	6.95e-07	0.00e+00	0.00e+00	0.00e+00	0.00e+00
 2.44507e+23	9.61e-01	3.87e-02	1.80e-05	7.01e-07	0.00e+00	0.00e+00	0.00e+00	0.00e+00
 2.44628e+23	9.61e-01	3.85e-02	1.79e-05	7.01e-07	0.00e+00	0.00e+00	0.00e+00	0.00e+00
 2.44760e+23	9.62e-01	3.83e-02	1.79e-05	7.06e-07	0.00e+00	0.00e+00	0.00e+00	0.00e+00
 2.44903e+23	9.62e-01	3.81e-02	1.78e-05	7.10e-07	0.00e+00	0.00e+00	0.00e+00	0.00e+00
 2.45032e+23	9.62e-01	3.78e-02	1.77e-05	7.09e-07	0.00e+00	0.00e+00	0.00e+00	0.00e+00
 2.45175e+23	9.62e-01	3.76e-02	1.77e-05	7.14e-07	0.00e+00	0.00e+00	0.00e+00	0.00e+00
 2.45328e+23	9.63e-01	3.74e-02	1.76e-05	7.18e-07	0.00e+00	0.00e+00	0.00e+00	0.00e+00
 2.45468e+23	9.63e-01	3.72e-02	1.76e-05	7.22e-07	0.00e+00	0.00e+00	0.00e+00	0.00e+00
 2.45595e+23	9.63e-01	3.70e-02	1.76e-05	7.28e-07	0.00e+00	0.00e+00	0.00e+00	0.00e+00
 2.45711e+23	9.63e-01	3.69e-02	1.75e-05	7.31e-07	0.00e+00	0.00e+00	0.00e+00	0.00e+00
 2.45837e+23	9.63e-01	3.67e-02	1.75e-05	7.34e-07	0.00e+00	0.00e+00	0.00e+00	0.00e+00
 2.45974e+23	9.63e-01	3.65e-02	1.74e-05	7.38e-07	0.00e+00	0.00e+00	0.00e+00	0.00e+00
 2.46099e+23	9.64e-01	3.64e-02	1.74e-05	7.46e-07	0.00e+00	0.00e+00	0.00e+00	0.00e+00
 2.46212e+23	9.64e-01	3.62e-02	1.74e-05	7.46e-07	0.00e+00	0.00e+00	0.00e+00	0.00e+00
 2.46336e+23	9.64e-01	3.61e-02	1.73e-05	7.49e-07	0.00e+00	0.00e+00	0.00e+00	0.00e+00
 2.46471e+23	9.64e-01	3.59e-02	1.73e-05	7.51e-07	0.00e+00	0.00e+00	0.00e+00	0.00e+00
 2.46593e+23	9.64e-01	3.57e-02	1.73e-05	7.56e-07	0.00e+00	0.00e+00	0.00e+00	0.00e+00
 2.46704e+23	9.64e-01	3.56e-02	1.73e-05	7.62e-07	0.00e+00	0.00e+00	0.00e+00	0.00e+00
 2.46805e+23	9.64e-01	3.55e-02	1.72e-05	7.62e-07	0.00e+00	0.00e+00	0.00e+00	0.00e+00
 2.46915e+23	9.65e-01	3.53e-02	1.72e-05	7.65e-07	0.00e+00	0.00e+00	0.00e+00	0.00e+00
 2.47059e+23	9.65e-01	3.51e-02	1.71e-05	7.69e-07	0.00e+00	0.00e+00	0.00e+00	0.00e+00
 2.47215e+23	9.65e-01	3.49e-02	1.71e-05	7.73e-07	0.00e+00	0.00e+00	0.00e+00	0.00e+00
 2.47356e+23	9.65e-01	3.47e-02	1.71e-05	7.77e-07	0.00e+00	0.00e+00	0.00e+00	0.00e+00
 2.47485e+23	9.65e-01	3.45e-02	1.70e-05	7.78e-07	0.00e+00	0.00e+00	0.00e+00	0.00e+00
 2.47626e+23	9.66e-01	3.43e-02	1.70e-05	7.78e-07	0.00e+00	0.00e+00	0.00e+00	0.00e+00
 2.47809e+23	9.66e-01	3.39e-02	1.69e-05	7.77e-07	0.00e+00	0.00e+00	0.00e+00	0.00e+00
 2.48007e+23	9.66e-01	3.36e-02	1.68e-05	7.76e-07	0.00e+00	0.00e+00	0.00e+00	0.00e+00
 2.48187e+23	9.67e-01	3.34e-02	1.68e-05	7.79e-07	0.00e+00	0.00e+00	0.00e+00	0.00e+00
 2.48351e+23	9.67e-01	3.32e-02	1.67e-05	7.82e-07	0.00e+00	0.00e+00	0.00e+00	0.00e+00
 2.48500e+23	9.67e-01	3.31e-02	1.67e-05	7.83e-07	0.00e+00	0.00e+00	0.00e+00	0.00e+00
 2.48664e+23	9.67e-01	3.28e-02	1.66e-05	7.82e-07	0.00e+00	0.00e+00	0.00e+00	0.00e+00
 2.48876e+23	9.68e-01	3.24e-02	1.65e-05	7.81e-07	0.00e+00	0.00e+00	0.00e+00	0.00e+00
 2.49106e+23	9.68e-01	3.21e-02	1.64e-05	7.80e-07	0.00e+00	0.00e+00	0.00e+00	0.00e+00
 2.49314e+23	9.68e-01	3.18e-02	1.64e-05	7.81e-07	0.00e+00	0.00e+00	0.00e+00	0.00e+00
 2.49504e+23	9.68e-01	3.16e-02	1.63e-05	7.82e-07	0.00e+00	0.00e+00	0.00e+00	0.00e+00
 2.49677e+23	9.69e-01	3.14e-02	1.63e-05	7.82e-07	0.00e+00	0.00e+00	0.00e+00	0.00e+00
 2.49866e+23	9.69e-01	3.11e-02	1.62e-05	7.83e-07	0.00e+00	0.00e+00	0.00e+00	0.00e+00
 2.50071e+23	9.69e-01	3.08e-02	1.61e-05	7.81e-07	0.00e+00	0.00e+00	0.00e+00	0.00e+00
 2.50257e+23	9.69e-01	3.06e-02	1.61e-05	7.82e-07	0.00e+00	0.00e+00	0.00e+00	0.00e+00
 2.50426e+23	9.70e-01	3.05e-02	1.60e-05	7.84e-07	0.00e+00	0.00e+00	0.00e+00	0.00e+00
 2.50580e+23	9.70e-01	3.03e-02	1.60e-05	7.82e-07	0.00e+00	0.00e+00	0.00e+00	0.00e+00
 2.50749e+23	9.70e-01	3.00e-02	1.59e-05	7.80e-07	0.00e+00	0.00e+00	0.00e+00	0.00e+00
 2.50932e+23	9.70e-01	2.98e-02	1.58e-05	7.80e-07	0.00e+00	0.00e+00	0.00e+00	0.00e+00
 2.51097e+23	9.70e-01	2.96e-02	1.58e-05	7.77e-07	0.00e+00	0.00e+00	0.00e+00	0.00e+00
 2.51279e+23	9.71e-01	2.93e-02	1.57e-05	7.76e-07	0.00e+00	0.00e+00	0.00e+00	0.00e+00
 2.51475e+23	9.71e-01	2.91e-02	1.57e-05	7.76e-07	0.00e+00	0.00e+00	0.00e+00	0.00e+00
 2.51654e+23	9.71e-01	2.89e-02	1.56e-05	7.72e-07	0.00e+00	0.00e+00	0.00e+00	0.00e+00
 2.51850e+23	9.71e-01	2.86e-02	1.55e-05	7.71e-07	0.00e+00	0.00e+00	0.00e+00	0.00e+00
 2.52061e+23	9.72e-01	2.83e-02	1.54e-05	7.69e-07	0.00e+00	0.00e+00	0.00e+00	0.00e+00
 2.52253e+23	9.72e-01	2.81e-02	1.54e-05	7.65e-07	0.00e+00	0.00e+00	0.00e+00	0.00e+00
 2.52464e+23	9.72e-01	2.78e-02	1.53e-05	7.63e-07	0.00e+00	0.00e+00	0.00e+00	0.00e+00
 2.52691e+23	9.72e-01	2.75e-02	1.52e-05	7.61e-07	0.00e+00	0.00e+00	0.00e+00	0.00e+00
 2.52898e+23	9.73e-01	2.73e-02	1.51e-05	7.56e-07	0.00e+00	0.00e+00	0.00e+00	0.00e+00
 2.53125e+23	9.73e-01	2.70e-02	1.51e-05	7.53e-07	0.00e+00	0.00e+00	0.00e+00	0.00e+00
 2.53370e+23	9.73e-01	2.67e-02	1.50e-05	7.48e-07	0.00e+00	0.00e+00	0.00e+00	0.00e+00
 2.53593e+23	9.74e-01	2.64e-02	1.49e-05	7.46e-07	0.00e+00	0.00e+00	0.00e+00	0.00e+00
 2.53795e+23	9.74e-01	2.62e-02	1.48e-05	7.43e-07	0.00e+00	0.00e+00	0.00e+00	0.00e+00
 2.54017e+23	9.74e-01	2.59e-02	1.48e-05	7.38e-07	0.00e+00	0.00e+00	0.00e+00	0.00e+00
 2.54257e+23	9.74e-01	2.56e-02	1.47e-05	7.36e-07	0.00e+00	0.00e+00	0.00e+00	0.00e+00
 2.54476e+23	9.75e-01	2.54e-02	1.46e-05	7.30e-07	0.00e+00	0.00e+00	0.00e+00	0.00e+00
 2.54715e+23	9.75e-01	2.51e-02	1.45e-05	7.24e-07	0.00e+00	0.00e+00	0.00e+00	0.00e+00
 2.54973e+23	9.75e-01	2.48e-02	1.44e-05	7.21e-07	0.00e+00	0.00e+00	0.00e+00	0.00e+00
 2.55208e+23	9.75e-01	2.46e-02	1.43e-05	7.15e-07	0.00e+00	0.00e+00	0.00e+00	0.00e+00
 2.55465e+23	9.76e-01	2.42e-02	1.42e-05	7.08e-07	0.00e+00	0.00e+00	0.00e+00	0.00e+00
 2.55743e+23	9.76e-01	2.39e-02	1.42e-05	7.02e-07	0.00e+00	0.00e+00	0.00e+00	0.00e+00
 2.55996e+23	9.76e-01	2.37e-02	1.41e-05	6.97e-07	0.00e+00	0.00e+00	0.00e+00	0.00e+00
 2.56226e+23	9.77e-01	2.35e-02	1.40e-05	6.93e-07	0.00e+00	0.00e+00	0.00e+00	0.00e+00
 2.56479e+23	9.77e-01	2.31e-02	1.39e-05	6.86e-07	0.00e+00	0.00e+00	0.00e+00	0.00e+00
 2.56751e+23	9.77e-01	2.29e-02	1.38e-05	6.81e-07	0.00e+00	0.00e+00	0.00e+00	0.00e+00
 2.56999e+23	9.77e-01	2.26e-02	1.37e-05	6.75e-07	0.00e+00	0.00e+00	0.00e+00	0.00e+00
 2.57270e+23	9.78e-01	2.23e-02	1.36e-05	6.66e-07	0.00e+00	0.00e+00	0.00e+00	0.00e+00
 2.57563e+23	9.78e-01	2.20e-02	1.35e-05	6.61e-07	0.00e+00	0.00e+00	0.00e+00	0.00e+00
 2.57830e+23	9.78e-01	2.18e-02	1.34e-05	6.54e-07	0.00e+00	0.00e+00	0.00e+00	0.00e+00
 2.58122e+23	9.79e-01	2.14e-02	1.33e-05	6.45e-07	0.00e+00	0.00e+00	0.00e+00	0.00e+00
 2.58438e+23	9.79e-01	2.11e-02	1.32e-05	6.39e-07	0.00e+00	0.00e+00	0.00e+00	0.00e+00
 2.58725e+23	9.79e-01	2.09e-02	1.31e-05	6.32e-07	0.00e+00	0.00e+00	0.00e+00	0.00e+00
 2.59040e+23	9.80e-01	2.05e-02	1.30e-05	6.21e-07	0.00e+00	0.00e+00	0.00e+00	0.00e+00
 2.59380e+23	9.80e-01	2.02e-02	1.29e-05	6.15e-07	0.00e+00	0.00e+00	0.00e+00	0.00e+00
 2.59689e+23	9.80e-01	2.00e-02	1.28e-05	6.07e-07	0.00e+00	0.00e+00	0.00e+00	0.00e+00
 2.60027e+23	9.80e-01	1.95e-02	1.27e-05	5.96e-07	0.00e+00	0.00e+00	0.00e+00	0.00e+00
 2.60393e+23	9.81e-01	1.93e-02	1.26e-05	5.87e-07	0.00e+00	0.00e+00	0.00e+00	0.00e+00
 2.60726e+23	9.81e-01	1.90e-02	1.25e-05	5.80e-07	0.00e+00	0.00e+00	0.00e+00	0.00e+00
 2.61029e+23	9.81e-01	1.88e-02	1.24e-05	5.74e-07	0.00e+00	0.00e+00	0.00e+00	0.00e+00
 2.61361e+23	9.82e-01	1.84e-02	1.23e-05	5.63e-07	0.00e+00	0.00e+00	0.00e+00	0.00e+00
 2.61719e+23	9.82e-01	1.81e-02	1.21e-05	5.56e-07	0.00e+00	0.00e+00	0.00e+00	0.00e+00
 2.62045e+23	9.82e-01	1.79e-02	1.20e-05	5.48e-07	0.00e+00	0.00e+00	0.00e+00	0.00e+00
 2.62402e+23	9.82e-01	1.75e-02	1.19e-05	5.36e-07	0.00e+00	0.00e+00	0.00e+00	0.00e+00
 2.62788e+23	9.83e-01	1.73e-02	1.18e-05	5.27e-07	0.00e+00	0.00e+00	0.00e+00	0.00e+00
 2.63139e+23	9.83e-01	1.70e-02	1.17e-05	5.20e-07	0.00e+00	0.00e+00	0.00e+00	0.00e+00
 2.63524e+23	9.83e-01	1.66e-02	1.16e-05	5.07e-07	0.00e+00	0.00e+00	0.00e+00	0.00e+00
 2.63939e+23	9.84e-01	1.64e-02	1.14e-05	4.98e-07	0.00e+00	0.00e+00	0.00e+00	0.00e+00
 2.64317e+23	9.84e-01	1.61e-02	1.13e-05	4.91e-07	0.00e+00	0.00e+00	0.00e+00	0.00e+00
 2.64660e+23	9.84e-01	1.59e-02	1.12e-05	4.83e-07	0.00e+00	0.00e+00	0.00e+00	0.00e+00
 2.65037e+23	9.84e-01	1.56e-02	1.11e-05	4.71e-07	0.00e+00	0.00e+00	0.00e+00	0.00e+00
 2.65444e+23	9.85e-01	1.53e-02	1.10e-05	4.63e-07	0.00e+00	0.00e+00	0.00e+00	0.00e+00
 2.65814e+23	9.85e-01	1.51e-02	1.09e-05	4.56e-07	0.00e+00	0.00e+00	0.00e+00	0.00e+00
 2.66220e+23	9.85e-01	1.47e-02	1.07e-05	4.43e-07	0.00e+00	0.00e+00	0.00e+00	0.00e+00
 2.66658e+23	9.85e-01	1.45e-02	1.06e-05	4.35e-07	0.00e+00	0.00e+00	0.00e+00	0.00e+00
 2.67056e+23	9.86e-01	1.43e-02	1.05e-05	4.28e-07	0.00e+00	0.00e+00	0.00e+00	0.00e+00
 2.67493e+23	9.86e-01	1.39e-02	1.03e-05	4.15e-07	0.00e+00	0.00e+00	0.00e+00	0.00e+00
 2.68047e+23	9.87e-01	1.35e-02	1.02e-05	4.00e-07	0.00e+00	0.00e+00	0.00e+00	0.00e+00
 2.68634e+23	9.87e-01	1.32e-02	1.00e-05	3.90e-07	0.00e+00	0.00e+00	0.00e+00	0.00e+00
 2.69221e+23	9.87e-01	1.28e-02	9.84e-06	3.77e-07	0.00e+00	0.00e+00	0.00e+00	0.00e+00
 2.69832e+23	9.88e-01	1.25e-02	9.67e-06	3.65e-07	0.00e+00	0.00e+00	0.00e+00	0.00e+00
 2.70441e+23	9.88e-01	1.22e-02	9.50e-06	3.54e-07	0.00e+00	0.00e+00	0.00e+00	0.00e+00
 2.71057e+23	9.88e-01	1.18e-02	9.34e-06	3.42e-07	0.00e+00	0.00e+00	0.00e+00	0.00e+00
 2.71679e+23	9.88e-01	1.15e-02	9.17e-06	3.31e-07	0.00e+00	0.00e+00	0.00e+00	0.00e+00
 2.72306e+23	9.89e-01	1.12e-02	9.01e-06	3.20e-07	0.00e+00	0.00e+00	0.00e+00	0.00e+00
 2.72939e+23	9.89e-01	1.09e-02	8.85e-06	3.10e-07	0.00e+00	0.00e+00	0.00e+00	0.00e+00
 2.73579e+23	9.89e-01	1.06e-02	8.69e-06	2.99e-07	0.00e+00	0.00e+00	0.00e+00	0.00e+00
 2.74226e+23	9.90e-01	1.03e-02	8.53e-06	2.89e-07	0.00e+00	0.00e+00	0.00e+00	0.00e+00
 2.74878e+23	9.90e-01	1.01e-02	8.37e-06	2.79e-07	0.00e+00	0.00e+00	0.00e+00	0.00e+00
 2.75535e+23	9.90e-01	9.79e-03	8.21e-06	2.70e-07	0.00e+00	0.00e+00	0.00e+00	0.00e+00
 2.76198e+23	9.90e-01	9.53e-03	8.05e-06	2.60e-07	0.00e+00	0.00e+00	0.00e+00	0.00e+00
 2.76866e+23	9.91e-01	9.27e-03	7.89e-06	2.51e-07	0.00e+00	0.00e+00	0.00e+00	0.00e+00
 2.77538e+23	9.91e-01	9.01e-03	7.74e-06	2.42e-07	0.00e+00	0.00e+00	0.00e+00	0.00e+00
 2.78215e+23	9.91e-01	8.77e-03	7.59e-06	2.33e-07	0.00e+00	0.00e+00	0.00e+00	0.00e+00
 2.78897e+23	9.91e-01	8.53e-03	7.44e-06	2.25e-07	0.00e+00	0.00e+00	0.00e+00	0.00e+00
 2.79585e+23	9.92e-01	8.29e-03	7.29e-06	2.17e-07	0.00e+00	0.00e+00	0.00e+00	0.00e+00
 2.80278e+23	9.92e-01	8.06e-03	7.14e-06	2.09e-07	0.00e+00	0.00e+00	0.00e+00	0.00e+00
 2.80976e+23	9.92e-01	7.84e-03	6.99e-06	2.01e-07	0.00e+00	0.00e+00	0.00e+00	0.00e+00
 2.81678e+23	9.92e-01	7.62e-03	6.85e-06	1.93e-07	0.00e+00	0.00e+00	0.00e+00	0.00e+00
 2.82386e+23	9.93e-01	7.41e-03	6.70e-06	1.86e-07	0.00e+00	0.00e+00	0.00e+00	0.00e+00
 2.83103e+23	9.93e-01	7.20e-03	6.56e-06	1.79e-07	0.00e+00	0.00e+00	0.00e+00	0.00e+00
 2.83837e+23	9.93e-01	6.99e-03	6.41e-06	1.71e-07	0.00e+00	0.00e+00	0.00e+00	0.00e+00
 2.84582e+23	9.93e-01	6.79e-03	6.27e-06	1.65e-07	0.00e+00	0.00e+00	0.00e+00	0.00e+00
 2.85336e+23	9.93e-01	6.59e-03	6.12e-06	1.58e-07	0.00e+00	0.00e+00	0.00e+00	0.00e+00
 2.86098e+23	9.94e-01	6.40e-03	5.98e-06	1.51e-07	0.00e+00	0.00e+00	0.00e+00	0.00e+00
 2.86867e+23	9.94e-01	6.21e-03	5.84e-06	1.45e-07	0.00e+00	0.00e+00	0.00e+00	0.00e+00
 2.87645e+23	9.94e-01	6.03e-03	5.70e-06	1.39e-07	0.00e+00	0.00e+00	0.00e+00	0.00e+00
 2.88432e+23	9.94e-01	5.85e-03	5.56e-06	1.32e-07	0.00e+00	0.00e+00	0.00e+00	0.00e+00
 2.89231e+23	9.94e-01	5.67e-03	5.42e-06	0.00e+00	0.00e+00	0.00e+00	0.00e+00	0.00e+00
 2.90043e+23	9.95e-01	5.49e-03	5.28e-06	0.00e+00	0.00e+00	0.00e+00	0.00e+00	0.00e+00
 2.90872e+23	9.95e-01	5.32e-03	5.14e-06	0.00e+00	0.00e+00	0.00e+00	0.00e+00	0.00e+00
 2.91722e+23	9.95e-01	5.15e-03	5.00e-06	0.00e+00	0.00e+00	0.00e+00	0.00e+00	0.00e+00
 2.92590e+23	9.95e-01	4.98e-03	4.86e-06	0.00e+00	0.00e+00	0.00e+00	0.00e+00	0.00e+00
 2.93473e+23	9.95e-01	4.81e-03	4.72e-06	0.00e+00	0.00e+00	0.00e+00	0.00e+00	0.00e+00
 2.94372e+23	9.95e-01	4.65e-03	4.58e-06	0.00e+00	0.00e+00	0.00e+00	0.00e+00	0.00e+00
 2.95287e+23	9.96e-01	4.49e-03	4.44e-06	0.00e+00	0.00e+00	0.00e+00	0.00e+00	0.00e+00
 2.96219e+23	9.96e-01	4.34e-03	4.30e-06	0.00e+00	0.00e+00	0.00e+00	0.00e+00	0.00e+00
 2.97169e+23	9.96e-01	4.18e-03	4.16e-06	0.00e+00	0.00e+00	0.00e+00	0.00e+00	0.00e+00
 2.98143e+23	9.96e-01	4.03e-03	4.03e-06	0.00e+00	0.00e+00	0.00e+00	0.00e+00	0.00e+00
 2.99140e+23	9.96e-01	3.88e-03	3.89e-06	0.00e+00	0.00e+00	0.00e+00	0.00e+00	0.00e+00
 3.00161e+23	9.96e-01	3.73e-03	3.75e-06	0.00e+00	0.00e+00	0.00e+00	0.00e+00	0.00e+00
 3.01206e+23	9.96e-01	3.59e-03	3.62e-06	0.00e+00	0.00e+00	0.00e+00	0.00e+00	0.00e+00
 3.02275e+23	9.97e-01	3.45e-03	3.48e-06	0.00e+00	0.00e+00	0.00e+00	0.00e+00	0.00e+00
 3.03369e+23	9.97e-01	3.31e-03	3.34e-06	0.00e+00	0.00e+00	0.00e+00	0.00e+00	0.00e+00
 3.04495e+23	9.97e-01	3.17e-03	3.21e-06	0.00e+00	0.00e+00	0.00e+00	0.00e+00	0.00e+00
 3.05647e+23	9.97e-01	3.03e-03	3.08e-06	0.00e+00	0.00e+00	0.00e+00	0.00e+00	0.00e+00
 3.06809e+23	9.97e-01	2.90e-03	2.95e-06	0.00e+00	0.00e+00	0.00e+00	0.00e+00	0.00e+00
 3.07980e+23	9.97e-01	2.78e-03	2.82e-06	0.00e+00	0.00e+00	0.00e+00	0.00e+00	0.00e+00
