#depth	H	H+	H2
 1.54284e+22	1.29e-09	1.00e+00	7.52e-38
 3.47489e+22	1.91e-09	1.00e+00	3.29e-41
 4.10250e+22	2.42e-09	1.00e+00	5.52e-41
 4.53162e+22	2.93e-09	1.00e+00	9.22e-41
 4.77002e+22	3.07e-09	1.00e+00	2.30e-40
 4.84808e+22	3.17e-09	1.00e+00	2.62e-40
 4.91797e+22	3.30e-09	1.00e+00	3.01e-40
 4.99010e+22	3.41e-09	1.00e+00	3.01e-40
 5.05500e+22	3.52e-09	1.00e+00	3.05e-40
 5.11905e+22	3.63e-09	1.00e+00	3.10e-40
 5.18155e+22	3.74e-09	1.00e+00	3.19e-40
 5.25228e+22	3.88e-09	1.00e+00	3.36e-40
 5.32641e+22	4.03e-09	1.00e+00	6.33e-40
 5.39009e+22	4.15e-09	1.00e+00	7.38e-40
 5.45799e+22	4.32e-09	1.00e+00	8.58e-40
 5.52683e+22	4.45e-09	1.00e+00	1.01e-39
 5.58721e+22	4.59e-09	1.00e+00	1.03e-39
 5.65603e+22	4.76e-09	1.00e+00	1.33e-39
 5.72906e+22	4.94e-09	1.00e+00	1.38e-39
 5.79381e+22	5.10e-09	1.00e+00	1.82e-39
 5.86425e+22	5.30e-09	1.00e+00	1.89e-39
 5.93487e+22	5.49e-09	1.00e+00	2.52e-39
 5.99373e+22	5.66e-09	1.00e+00	2.79e-39
 6.05826e+22	5.87e-09	1.00e+00	3.41e-39
 6.12780e+22	6.08e-09	1.00e+00	3.57e-39
 6.19113e+22	6.28e-09	1.00e+00	4.67e-39
 6.26072e+22	6.54e-09	1.00e+00	5.55e-39
 6.33020e+22	6.78e-09	1.00e+00	6.56e-39
 6.38751e+22	6.99e-09	1.00e+00	7.61e-39
 6.44998e+22	7.25e-09	1.00e+00	8.96e-39
 6.51631e+22	7.51e-09	1.00e+00	1.05e-38
 6.57784e+22	7.77e-09	1.00e+00	1.23e-38
 6.64802e+22	8.11e-09	1.00e+00	1.49e-38
 6.71728e+22	8.42e-09	1.00e+00	1.78e-38
 6.77264e+22	8.70e-09	1.00e+00	2.08e-38
 6.83193e+22	9.02e-09	1.00e+00	2.45e-38
 6.89616e+22	9.37e-09	1.00e+00	2.90e-38
 6.95475e+22	9.68e-09	1.00e+00	3.45e-38
 7.01887e+22	1.01e-08	1.00e+00	4.20e-38
 7.08208e+22	1.05e-08	1.00e+00	4.94e-38
 7.13401e+22	1.08e-08	1.00e+00	5.71e-38
 7.19146e+22	1.12e-08	1.00e+00	6.86e-38
 7.25126e+22	1.17e-08	1.00e+00	8.06e-38
 7.30532e+22	1.21e-08	1.00e+00	9.45e-38
 7.36678e+22	1.26e-08	1.00e+00	1.15e-37
 7.42828e+22	1.31e-08	1.00e+00	1.37e-37
 7.47920e+22	1.35e-08	1.00e+00	1.59e-37
 7.53477e+22	1.41e-08	1.00e+00	1.92e-37
 7.59285e+22	1.46e-08	1.00e+00	2.26e-37
 7.64494e+22	1.52e-08	1.00e+00	2.66e-37
 7.70342e+22	1.58e-08	1.00e+00	3.25e-37
 7.76137e+22	1.64e-08	1.00e+00	3.83e-37
 7.80973e+22	1.70e-08	1.00e+00	4.46e-37
 7.86369e+22	1.77e-08	1.00e+00	5.34e-37
 7.92103e+22	1.84e-08	1.00e+00	6.34e-37
 7.97201e+22	1.91e-08	1.00e+00	7.42e-37
 8.02753e+22	1.99e-08	1.00e+00	9.03e-37
 8.08453e+22	2.07e-08	1.00e+00	1.07e-36
 8.13462e+22	2.15e-08	1.00e+00	1.26e-36
 8.18303e+22	2.23e-08	1.00e+00	1.48e-36
 8.23809e+22	2.33e-08	1.00e+00	1.80e-36
 8.29448e+22	2.42e-08	1.00e+00	2.13e-36
 8.35259e+22	2.54e-08	1.00e+00	2.63e-36
 8.41186e+22	2.65e-08	1.00e+00	3.16e-36
 8.46135e+22	2.74e-08	1.00e+00	3.69e-36
 8.51441e+22	2.87e-08	1.00e+00	4.49e-36
 8.56814e+22	2.98e-08	1.00e+00	5.29e-36
 8.61490e+22	3.09e-08	1.00e+00	6.18e-36
 8.65884e+22	3.20e-08	1.00e+00	7.15e-36
 8.69946e+22	3.30e-08	1.00e+00	8.18e-36
 8.73713e+22	3.40e-08	1.00e+00	9.27e-36
 8.77281e+22	3.50e-08	1.00e+00	1.05e-35
 8.81355e+22	3.63e-08	1.00e+00	1.23e-35
 8.85257e+22	3.74e-08	1.00e+00	1.39e-35
 8.88367e+22	3.85e-08	1.00e+00	1.55e-35
 8.91843e+22	3.97e-08	1.00e+00	1.77e-35
 8.95465e+22	4.09e-08	1.00e+00	1.99e-35
 8.98628e+22	4.20e-08	1.00e+00	2.23e-35
 9.01604e+22	4.31e-08	1.00e+00	2.48e-35
 9.04986e+22	4.46e-08	1.00e+00	2.86e-35
 9.08347e+22	4.58e-08	1.00e+00	3.18e-35
 9.11681e+22	4.74e-08	1.00e+00	3.64e-35
 9.14905e+22	4.86e-08	1.00e+00	4.05e-35
 9.17524e+22	4.99e-08	1.00e+00	4.47e-35
 9.20466e+22	5.15e-08	1.00e+00	5.06e-35
 9.23469e+22	5.28e-08	1.00e+00	5.61e-35
 9.26550e+22	5.48e-08	1.00e+00	6.45e-35
 9.29552e+22	5.62e-08	1.00e+00	7.13e-35
 9.32453e+22	5.82e-08	1.00e+00	8.13e-35
 9.35389e+22	5.98e-08	1.00e+00	9.03e-35
 9.38370e+22	6.20e-08	1.00e+00	1.04e-34
 9.41371e+22	6.38e-08	1.00e+00	1.16e-34
 9.43929e+22	6.55e-08	1.00e+00	1.28e-34
 9.46784e+22	6.82e-08	1.00e+00	1.48e-34
 9.49578e+22	7.00e-08	1.00e+00	1.63e-34
 9.52292e+22	7.28e-08	1.00e+00	1.87e-34
 9.54960e+22	7.46e-08	1.00e+00	2.06e-34
 9.57568e+22	7.76e-08	1.00e+00	2.36e-34
 9.60164e+22	7.97e-08	1.00e+00	2.60e-34
 9.62744e+22	8.29e-08	1.00e+00	2.98e-34
 9.65353e+22	8.54e-08	1.00e+00	3.31e-34
 9.68001e+22	8.91e-08	1.00e+00	3.81e-34
 9.70672e+22	9.18e-08	1.00e+00	4.24e-34
 9.73374e+22	9.57e-08	1.00e+00	4.89e-34
 9.76054e+22	9.88e-08	1.00e+00	5.44e-34
 9.78704e+22	1.03e-07	1.00e+00	6.27e-34
 9.81405e+22	1.07e-07	1.00e+00	7.02e-34
 9.84171e+22	1.12e-07	1.00e+00	8.14e-34
 9.86953e+22	1.16e-07	1.00e+00	9.13e-34
 9.89755e+22	1.21e-07	1.00e+00	1.06e-33
 9.92576e+22	1.26e-07	1.00e+00	1.19e-33
 9.95017e+22	1.30e-07	1.00e+00	1.33e-33
 9.97782e+22	1.36e-07	1.00e+00	1.54e-33
 1.00055e+23	1.41e-07	1.00e+00	1.72e-33
 1.00333e+23	1.48e-07	1.00e+00	1.99e-33
 1.00615e+23	1.53e-07	1.00e+00	2.22e-33
 1.00900e+23	1.60e-07	1.00e+00	2.57e-33
 1.01192e+23	1.66e-07	1.00e+00	2.87e-33
 1.01490e+23	1.74e-07	1.00e+00	3.33e-33
 1.01797e+23	1.81e-07	1.00e+00	3.73e-33
 1.02113e+23	1.89e-07	1.00e+00	4.33e-33
 1.02435e+23	1.96e-07	1.00e+00	4.86e-33
 1.02765e+23	2.06e-07	1.00e+00	5.64e-33
 1.03097e+23	2.14e-07	1.00e+00	6.32e-33
 1.03432e+23	2.24e-07	1.00e+00	7.32e-33
 1.03756e+23	2.31e-07	1.00e+00	8.08e-33
 1.04066e+23	2.41e-07	1.00e+00	9.22e-33
 1.04384e+23	2.49e-07	1.00e+00	1.02e-32
 1.04713e+23	2.60e-07	1.00e+00	1.17e-32
 1.05045e+23	2.68e-07	1.00e+00	1.30e-32
 1.05384e+23	2.80e-07	1.00e+00	1.48e-32
 1.05719e+23	2.89e-07	1.00e+00	1.64e-32
 1.06052e+23	3.01e-07	1.00e+00	1.87e-32
 1.06387e+23	3.10e-07	1.00e+00	2.06e-32
 1.06727e+23	3.23e-07	1.00e+00	2.35e-32
 1.07073e+23	3.33e-07	1.00e+00	2.59e-32
 1.07428e+23	3.47e-07	1.00e+00	2.96e-32
 1.07790e+23	3.58e-07	1.00e+00	3.28e-32
 1.08160e+23	3.73e-07	1.00e+00	3.75e-32
 1.08536e+23	3.85e-07	1.00e+00	2.04e-32
 1.08922e+23	4.02e-07	1.00e+00	2.34e-32
 1.09299e+23	4.13e-07	1.00e+00	2.57e-32
 1.09665e+23	4.30e-07	1.00e+00	2.93e-32
 1.10037e+23	4.42e-07	1.00e+00	3.22e-32
 1.10416e+23	4.59e-07	1.00e+00	3.66e-32
 1.10807e+23	4.74e-07	1.00e+00	4.06e-32
 1.11213e+23	4.92e-07	1.00e+00	4.62e-32
 1.11633e+23	5.09e-07	1.00e+00	5.16e-32
 1.12070e+23	5.29e-07	1.00e+00	5.92e-32
 1.12519e+23	5.48e-07	1.00e+00	6.64e-32
 1.12984e+23	5.71e-07	1.00e+00	7.67e-32
 1.13465e+23	5.91e-07	1.00e+00	8.66e-32
 1.13965e+23	6.17e-07	1.00e+00	1.01e-31
 1.14479e+23	6.40e-07	1.00e+00	1.15e-31
 1.14940e+23	6.62e-07	1.00e+00	1.29e-31
 1.15469e+23	6.94e-07	1.00e+00	1.53e-31
 1.16001e+23	7.17e-07	1.00e+00	1.72e-31
 1.16539e+23	7.52e-07	1.00e+00	2.03e-31
 1.17088e+23	7.80e-07	1.00e+00	2.32e-31
 1.17652e+23	8.19e-07	1.00e+00	2.74e-31
 1.18225e+23	8.52e-07	1.00e+00	3.02e-31
 1.18810e+23	8.98e-07	1.00e+00	3.60e-31
 1.19362e+23	9.29e-07	1.00e+00	4.03e-31
 1.19873e+23	9.74e-07	1.00e+00	4.71e-31
 1.20388e+23	1.01e-06	1.00e+00	5.27e-31
 1.20909e+23	1.06e-06	1.00e+00	6.17e-31
 1.21434e+23	1.10e-06	1.00e+00	6.94e-31
 1.21966e+23	1.16e-06	1.00e+00	8.11e-31
 1.22504e+23	1.21e-06	1.00e+00	9.13e-31
 1.23053e+23	1.28e-06	1.00e+00	1.07e-30
 1.23610e+23	1.33e-06	1.00e+00	1.21e-30
 1.24175e+23	1.41e-06	1.00e+00	1.41e-30
 1.24753e+23	1.48e-06	1.00e+00	1.60e-30
 1.25346e+23	1.58e-06	1.00e+00	1.87e-30
 1.25952e+23	1.66e-06	1.00e+00	2.13e-30
 1.26554e+23	1.77e-06	1.00e+00	2.48e-30
 1.27126e+23	1.85e-06	1.00e+00	2.76e-30
 1.27678e+23	1.97e-06	1.00e+00	3.16e-30
 1.28240e+23	2.08e-06	1.00e+00	3.53e-30
 1.28792e+23	2.21e-06	1.00e+00	3.99e-30
 1.29356e+23	2.33e-06	1.00e+00	4.44e-30
 1.29905e+23	2.48e-06	1.00e+00	4.93e-30
 1.30466e+23	2.62e-06	1.00e+00	5.45e-30
 1.31022e+23	2.78e-06	1.00e+00	6.03e-30
 1.31580e+23	2.95e-06	1.00e+00	6.65e-30
 1.32132e+23	3.12e-06	1.00e+00	7.32e-30
 1.32683e+23	3.31e-06	1.00e+00	8.05e-30
 1.33236e+23	3.50e-06	1.00e+00	8.86e-30
 1.33790e+23	3.71e-06	1.00e+00	9.77e-30
 1.34347e+23	3.93e-06	1.00e+00	1.08e-29
 1.34910e+23	4.17e-06	1.00e+00	1.20e-29
 1.35480e+23	4.42e-06	1.00e+00	1.33e-29
 1.36052e+23	4.67e-06	1.00e+00	1.49e-29
 1.36633e+23	4.96e-06	1.00e+00	1.68e-29
 1.37222e+23	5.25e-06	1.00e+00	1.96e-29
 1.37822e+23	5.57e-06	1.00e+00	2.26e-29
 1.38380e+23	5.85e-06	1.00e+00	2.55e-29
 1.38954e+23	6.22e-06	1.00e+00	2.99e-29
 1.39538e+23	6.52e-06	1.00e+00	3.44e-29
 1.40136e+23	6.95e-06	1.00e+00	4.13e-29
 1.40737e+23	7.29e-06	1.00e+00	4.80e-29
 1.41343e+23	7.75e-06	1.00e+00	5.86e-29
 1.41952e+23	8.12e-06	1.00e+00	6.89e-29
 1.42566e+23	8.64e-06	1.00e+00	8.53e-29
 1.43185e+23	9.05e-06	1.00e+00	1.01e-28
 1.43810e+23	9.62e-06	1.00e+00	1.27e-28
 1.44444e+23	1.01e-05	1.00e+00	1.52e-28
 1.45088e+23	1.07e-05	1.00e+00	1.92e-28
 1.45742e+23	1.12e-05	1.00e+00	2.33e-28
 1.46410e+23	1.20e-05	1.00e+00	2.99e-28
 1.47092e+23	1.26e-05	1.00e+00	3.65e-28
 1.47793e+23	1.34e-05	1.00e+00	4.75e-28
 1.48511e+23	1.41e-05	1.00e+00	5.87e-28
 1.49252e+23	1.51e-05	1.00e+00	7.77e-28
 1.49949e+23	1.57e-05	1.00e+00	9.31e-28
 1.50590e+23	1.66e-05	1.00e+00	1.18e-27
 1.51226e+23	1.73e-05	1.00e+00	1.41e-27
 1.51854e+23	1.83e-05	1.00e+00	1.79e-27
 1.52486e+23	1.90e-05	1.00e+00	2.13e-27
 1.53123e+23	2.01e-05	1.00e+00	2.69e-27
 1.53771e+23	2.10e-05	1.00e+00	3.24e-27
 1.54435e+23	2.22e-05	1.00e+00	4.13e-27
 1.55106e+23	2.31e-05	1.00e+00	4.98e-27
 1.55789e+23	2.45e-05	1.00e+00	6.37e-27
 1.56487e+23	2.56e-05	1.00e+00	7.74e-27
 1.57205e+23	2.71e-05	1.00e+00	1.00e-26
 1.57937e+23	2.84e-05	1.00e+00	1.23e-26
 1.58689e+23	3.01e-05	1.00e+00	1.60e-26
 1.59457e+23	3.16e-05	1.00e+00	1.98e-26
 1.60247e+23	3.36e-05	1.00e+00	2.61e-26
 1.61047e+23	3.53e-05	1.00e+00	3.24e-26
 1.61859e+23	3.76e-05	1.00e+00	4.30e-26
 1.62680e+23	3.94e-05	1.00e+00	5.35e-26
 1.63512e+23	4.21e-05	1.00e+00	7.13e-26
 1.64326e+23	4.40e-05	1.00e+00	8.76e-26
 1.65116e+23	4.67e-05	1.00e+00	1.15e-25
 1.65935e+23	4.90e-05	1.00e+00	1.43e-25
 1.66633e+23	5.12e-05	1.00e+00	1.74e-25
 1.67384e+23	5.41e-05	1.00e+00	2.24e-25
 1.68139e+23	5.65e-05	1.00e+00	2.73e-25
 1.68901e+23	5.97e-05	1.00e+00	3.50e-25
 1.69686e+23	6.27e-05	1.00e+00	4.35e-25
 1.70381e+23	6.55e-05	1.00e+00	5.31e-25
 1.71167e+23	6.92e-05	1.00e+00	6.84e-25
 1.71994e+23	7.28e-05	1.00e+00	8.62e-25
 1.72747e+23	7.64e-05	1.00e+00	1.07e-24
 1.73596e+23	8.10e-05	1.00e+00	1.41e-24
 1.74471e+23	8.54e-05	1.00e+00	1.78e-24
 1.75248e+23	8.96e-05	1.00e+00	2.23e-24
 1.76128e+23	9.53e-05	1.00e+00	2.95e-24
 1.77039e+23	1.01e-04	1.00e+00	3.78e-24
 1.77858e+23	1.06e-04	1.00e+00	4.78e-24
 1.78785e+23	1.13e-04	1.00e+00	6.44e-24
 1.79743e+23	1.19e-04	1.00e+00	8.05e-24
 1.80739e+23	1.28e-04	1.00e+00	1.11e-23
 1.81746e+23	1.36e-04	1.00e+00	1.44e-23
 1.82631e+23	1.43e-04	1.00e+00	1.86e-23
 1.83646e+23	1.54e-04	1.00e+00	2.58e-23
 1.84673e+23	1.63e-04	1.00e+00	3.37e-23
 1.85717e+23	1.75e-04	1.00e+00	4.71e-23
 1.86777e+23	1.86e-04	1.00e+00	6.21e-23
 1.87857e+23	2.01e-04	1.00e+00	8.88e-23
 1.88947e+23	2.13e-04	1.00e+00	1.17e-22
 1.90049e+23	2.30e-04	1.00e+00	1.70e-22
 1.91163e+23	2.45e-04	1.00e+00	2.27e-22
 1.92294e+23	2.65e-04	1.00e+00	3.33e-22
 1.93439e+23	2.82e-04	1.00e+00	4.51e-22
 1.94434e+23	3.00e-04	1.00e+00	6.09e-22
 1.95556e+23	3.23e-04	1.00e+00	8.96e-22
 1.96629e+23	3.41e-04	1.00e+00	1.19e-21
 1.97638e+23	3.66e-04	1.00e+00	1.71e-21
 1.98648e+23	3.86e-04	1.00e+00	2.29e-21
 1.99660e+23	4.14e-04	1.00e+00	3.29e-21
 2.00697e+23	4.39e-04	1.00e+00	4.54e-21
 2.01767e+23	4.71e-04	1.00e+00	6.73e-21
 2.02846e+23	5.00e-04	1.00e+00	9.45e-21
 2.03794e+23	5.29e-04	9.99e-01	1.30e-20
 2.04884e+23	5.69e-04	9.99e-01	1.94e-20
 2.05940e+23	6.01e-04	9.99e-01	2.66e-20
 2.06781e+23	6.31e-04	9.99e-01	3.50e-20
 2.07705e+23	6.70e-04	9.99e-01	4.88e-20
 2.08646e+23	7.05e-04	9.99e-01	6.54e-20
 2.09478e+23	7.40e-04	9.99e-01	8.60e-20
 2.10429e+23	7.87e-04	9.99e-01	1.25e-19
 2.11392e+23	8.28e-04	9.99e-01	1.73e-19
 2.12237e+23	8.70e-04	9.99e-01	2.33e-19
 2.13202e+23	9.26e-04	9.99e-01	3.52e-19
 2.14184e+23	9.75e-04	9.99e-01	5.11e-19
 2.15053e+23	1.03e-03	9.99e-01	7.18e-19
 2.16050e+23	1.09e-03	9.99e-01	1.19e-18
 2.17062e+23	1.15e-03	9.99e-01	1.95e-18
 2.18094e+23	1.23e-03	9.99e-01	3.60e-18
 2.19136e+23	1.30e-03	9.99e-01	6.97e-18
 2.20053e+23	1.37e-03	9.99e-01	1.27e-17
 2.21103e+23	1.46e-03	9.99e-01	3.79e-17
 2.22171e+23	1.54e-03	9.98e-01	7.67e-17
 2.23263e+23	1.65e-03	9.98e-01	1.85e-16
 2.24376e+23	1.75e-03	9.98e-01	3.75e-16
 2.25363e+23	1.84e-03	9.98e-01	5.25e-16
 2.26491e+23	1.97e-03	9.98e-01	8.14e-16
 2.27651e+23	2.09e-03	9.98e-01	1.16e-15
 2.28540e+23	2.18e-03	9.98e-01	1.51e-15
 2.29386e+23	2.29e-03	9.98e-01	1.93e-15
 2.30249e+23	2.39e-03	9.98e-01	2.38e-15
 2.31136e+23	2.52e-03	9.97e-01	3.01e-15
 2.32045e+23	2.64e-03	9.97e-01	3.65e-15
 2.32854e+23	2.75e-03	9.97e-01	4.36e-15
 2.33772e+23	2.90e-03	9.97e-01	5.38e-15
 2.34712e+23	3.04e-03	9.97e-01	6.42e-15
 2.35677e+23	3.22e-03	9.97e-01	7.97e-15
 2.36652e+23	3.37e-03	9.97e-01	9.54e-15
 2.37641e+23	3.57e-03	9.96e-01	1.19e-14
 2.38647e+23	3.74e-03	9.96e-01	1.43e-14
 2.39675e+23	3.98e-03	9.96e-01	1.80e-14
 2.40717e+23	4.17e-03	9.96e-01	2.17e-14
 2.41776e+23	4.43e-03	9.96e-01	2.73e-14
 2.42871e+23	4.67e-03	9.95e-01	3.34e-14
 2.44013e+23	4.98e-03	9.95e-01	4.28e-14
 2.45170e+23	5.25e-03	9.95e-01	5.27e-14
 2.46346e+23	5.62e-03	9.94e-01	6.87e-14
 2.47521e+23	5.91e-03	9.94e-01	8.43e-14
 2.48694e+23	6.32e-03	9.94e-01	1.10e-13
 2.49885e+23	6.67e-03	9.93e-01	1.36e-13
 2.51098e+23	7.15e-03	9.93e-01	1.79e-13
 2.52324e+23	7.56e-03	9.92e-01	2.23e-13
 2.53569e+23	8.13e-03	9.92e-01	2.95e-13
 2.54830e+23	8.63e-03	9.91e-01	3.73e-13
 2.56113e+23	9.32e-03	9.91e-01	5.01e-13
 2.57409e+23	9.92e-03	9.90e-01	6.38e-13
 2.58725e+23	1.08e-02	9.89e-01	8.82e-13
 2.60045e+23	1.15e-02	9.88e-01	1.13e-12
 2.61372e+23	1.27e-02	9.87e-01	1.59e-12
 2.62720e+23	1.37e-02	9.86e-01	2.09e-12
 2.64095e+23	1.52e-02	9.85e-01	3.04e-12
 2.65498e+23	1.67e-02	9.83e-01	4.18e-12
 2.66936e+23	1.90e-02	9.81e-01	6.37e-12
 2.68201e+23	2.07e-02	9.79e-01	8.39e-12
 2.69101e+23	2.26e-02	9.77e-01	1.09e-11
 2.70131e+23	2.53e-02	9.75e-01	1.55e-11
 2.71229e+23	2.85e-02	9.72e-01	2.19e-11
 2.72255e+23	3.24e-02	9.68e-01	3.16e-11
 2.73428e+23	3.86e-02	9.61e-01	5.13e-11
 2.74552e+23	4.58e-02	9.54e-01	7.94e-11
 2.75405e+23	5.34e-02	9.47e-01	1.17e-10
 2.76181e+23	6.25e-02	9.37e-01	1.73e-10
 2.76946e+23	7.45e-02	9.26e-01	2.62e-10
 2.77664e+23	8.93e-02	9.11e-01	3.99e-10
 2.78299e+23	1.07e-01	8.93e-01	6.00e-10
 2.78857e+23	1.27e-01	8.73e-01	8.78e-10
 2.79359e+23	1.50e-01	8.50e-01	1.25e-09
 2.79823e+23	1.77e-01	8.23e-01	1.79e-09
 2.80247e+23	2.07e-01	7.93e-01	2.47e-09
 2.80632e+23	2.39e-01	7.61e-01	3.33e-09
 2.80988e+23	2.74e-01	7.26e-01	4.42e-09
 2.81315e+23	3.11e-01	6.89e-01	5.67e-09
 2.81536e+23	3.36e-01	6.64e-01	6.60e-09
 2.81648e+23	3.51e-01	6.49e-01	7.15e-09
 2.81750e+23	3.63e-01	6.37e-01	7.67e-09
 2.81877e+23	3.81e-01	6.19e-01	8.43e-09
 2.82024e+23	4.01e-01	5.99e-01	9.36e-09
 2.82170e+23	4.20e-01	5.80e-01	1.02e-08
 2.82319e+23	4.41e-01	5.59e-01	1.12e-08
 2.82478e+23	4.64e-01	5.36e-01	1.24e-08
 2.82637e+23	4.86e-01	5.14e-01	1.35e-08
 2.82800e+23	5.09e-01	4.91e-01	1.47e-08
 2.82962e+23	5.31e-01	4.69e-01	1.59e-08
 2.83089e+23	5.47e-01	4.53e-01	1.67e-08
 2.83173e+23	5.58e-01	4.42e-01	1.73e-08
 2.83255e+23	5.69e-01	4.31e-01	1.79e-08
 2.83351e+23	5.80e-01	4.20e-01	1.86e-08
 2.83457e+23	5.94e-01	4.06e-01	1.94e-08
 2.83563e+23	6.06e-01	3.94e-01	2.01e-08
 2.83666e+23	6.18e-01	3.82e-01	2.08e-08
 2.83770e+23	6.29e-01	3.71e-01	2.15e-08
 2.83878e+23	6.41e-01	3.59e-01	2.21e-08
 2.83990e+23	6.53e-01	3.47e-01	2.29e-08
 2.84103e+23	6.64e-01	3.36e-01	2.35e-08
 2.84218e+23	6.75e-01	3.25e-01	2.42e-08
 2.84337e+23	6.86e-01	3.14e-01	2.49e-08
 2.84457e+23	6.97e-01	3.03e-01	2.56e-08
 2.84580e+23	7.07e-01	2.93e-01	2.62e-08
 2.84707e+23	7.17e-01	2.83e-01	2.68e-08
 2.84839e+23	7.27e-01	2.73e-01	2.75e-08
 2.84974e+23	7.37e-01	2.63e-01	2.81e-08
 2.85111e+23	7.46e-01	2.54e-01	2.87e-08
 2.85254e+23	7.56e-01	2.44e-01	2.94e-08
 2.85402e+23	7.65e-01	2.35e-01	3.00e-08
 2.85554e+23	7.74e-01	2.26e-01	3.06e-08
 2.85708e+23	7.82e-01	2.18e-01	3.12e-08
 2.85868e+23	7.90e-01	2.10e-01	3.18e-08
 2.86034e+23	7.99e-01	2.01e-01	3.24e-08
 2.86206e+23	8.07e-01	1.93e-01	3.30e-08
 2.86383e+23	8.14e-01	1.86e-01	3.36e-08
 2.86565e+23	8.21e-01	1.79e-01	3.42e-08
 2.86753e+23	8.28e-01	1.72e-01	3.48e-08
 2.86946e+23	8.35e-01	1.65e-01	3.54e-08
 2.87141e+23	8.41e-01	1.59e-01	3.60e-08
 2.87340e+23	8.47e-01	1.53e-01	3.67e-08
 2.87549e+23	8.53e-01	1.47e-01	3.73e-08
 2.87762e+23	8.59e-01	1.41e-01	3.81e-08
 2.87977e+23	8.64e-01	1.36e-01	3.88e-08
 2.88198e+23	8.69e-01	1.31e-01	3.96e-08
 2.88429e+23	8.74e-01	1.26e-01	4.04e-08
 2.88667e+23	8.78e-01	1.22e-01	4.13e-08
 2.88911e+23	8.82e-01	1.18e-01	4.23e-08
 2.89166e+23	8.87e-01	1.13e-01	4.34e-08
 2.89431e+23	8.91e-01	1.09e-01	4.46e-08
 2.89706e+23	8.94e-01	1.06e-01	4.60e-08
 2.89990e+23	8.98e-01	1.02e-01	4.76e-08
 2.90274e+23	9.02e-01	9.84e-02	4.93e-08
 2.90549e+23	9.05e-01	9.54e-02	5.11e-08
 2.90815e+23	9.07e-01	9.26e-02	5.30e-08
 2.91071e+23	9.10e-01	9.01e-02	5.49e-08
 2.91317e+23	9.12e-01	8.78e-02	5.65e-08
 2.91550e+23	9.14e-01	8.56e-02	5.83e-08
 2.91767e+23	9.16e-01	8.37e-02	5.99e-08
 2.91979e+23	9.18e-01	8.19e-02	6.18e-08
 2.92191e+23	9.20e-01	8.00e-02	6.38e-08
 2.92397e+23	9.22e-01	7.83e-02	6.60e-08
 2.92596e+23	9.23e-01	7.66e-02	6.82e-08
 2.92787e+23	9.25e-01	7.50e-02	7.06e-08
 2.92972e+23	9.26e-01	7.35e-02	7.31e-08
 2.93152e+23	9.28e-01	7.21e-02	7.55e-08
 2.93325e+23	9.29e-01	7.07e-02	7.82e-08
 2.93493e+23	9.31e-01	6.94e-02	8.10e-08
 2.93655e+23	9.32e-01	6.81e-02	8.40e-08
 2.93808e+23	9.33e-01	6.69e-02	8.70e-08
 2.93958e+23	9.34e-01	6.57e-02	9.04e-08
 2.94105e+23	9.35e-01	6.46e-02	9.39e-08
 2.94244e+23	9.36e-01	6.35e-02	9.74e-08
 2.94375e+23	9.38e-01	6.25e-02	1.01e-07
 2.94495e+23	9.38e-01	6.16e-02	1.04e-07
 2.94604e+23	9.39e-01	6.08e-02	1.08e-07
 2.94703e+23	9.40e-01	6.01e-02	1.11e-07
 2.94793e+23	9.41e-01	5.94e-02	1.14e-07
 2.94875e+23	9.41e-01	5.88e-02	1.16e-07
 2.94950e+23	9.42e-01	5.83e-02	1.19e-07
 2.95032e+23	9.42e-01	5.76e-02	1.22e-07
 2.95120e+23	9.43e-01	5.68e-02	1.25e-07
 2.95200e+23	9.44e-01	5.62e-02	1.28e-07
 2.95273e+23	9.44e-01	5.57e-02	1.31e-07
 2.95340e+23	9.45e-01	5.53e-02	1.33e-07
 2.95413e+23	9.45e-01	5.47e-02	1.35e-07
 2.95508e+23	9.46e-01	5.38e-02	1.38e-07
 2.95610e+23	9.47e-01	5.30e-02	1.42e-07
 2.95703e+23	9.48e-01	5.22e-02	1.44e-07
 2.95788e+23	9.48e-01	5.17e-02	1.46e-07
 2.95881e+23	9.49e-01	5.11e-02	1.48e-07
 2.95981e+23	9.50e-01	5.03e-02	1.50e-07
 2.96073e+23	9.50e-01	4.98e-02	1.52e-07
 2.96173e+23	9.51e-01	4.92e-02	1.54e-07
 2.96281e+23	9.52e-01	4.84e-02	1.56e-07
 2.96379e+23	9.52e-01	4.78e-02	1.57e-07
 2.96468e+23	9.53e-01	4.73e-02	1.58e-07
 2.96550e+23	9.53e-01	4.69e-02	1.59e-07
 2.96624e+23	9.53e-01	4.66e-02	1.59e-07
 2.96705e+23	9.54e-01	4.60e-02	1.59e-07
 2.96810e+23	9.55e-01	4.53e-02	1.60e-07
 2.96924e+23	9.55e-01	4.46e-02	1.61e-07
 2.97028e+23	9.56e-01	4.39e-02	1.61e-07
 2.97122e+23	9.57e-01	4.34e-02	1.61e-07
 2.97208e+23	9.57e-01	4.30e-02	1.61e-07
 2.97286e+23	9.57e-01	4.26e-02	1.61e-07
 2.97372e+23	9.58e-01	4.21e-02	1.60e-07
 2.97464e+23	9.59e-01	4.15e-02	1.60e-07
 2.97548e+23	9.59e-01	4.11e-02	1.59e-07
 2.97625e+23	9.59e-01	4.07e-02	1.59e-07
 2.97694e+23	9.60e-01	4.04e-02	1.59e-07
 2.97770e+23	9.60e-01	3.99e-02	1.58e-07
 2.97870e+23	9.61e-01	3.94e-02	1.57e-07
 2.97977e+23	9.61e-01	3.87e-02	1.57e-07
 2.98074e+23	9.62e-01	3.82e-02	1.56e-07
 2.98163e+23	9.62e-01	3.78e-02	1.56e-07
 2.98260e+23	9.63e-01	3.73e-02	1.54e-07
 2.98365e+23	9.63e-01	3.67e-02	1.54e-07
 2.98460e+23	9.64e-01	3.63e-02	1.53e-07
 2.98547e+23	9.64e-01	3.59e-02	1.52e-07
 2.98626e+23	9.64e-01	3.57e-02	1.52e-07
 2.98713e+23	9.65e-01	3.52e-02	1.50e-07
 2.98825e+23	9.65e-01	3.48e-02	1.50e-07
 2.98947e+23	9.66e-01	3.42e-02	1.51e-07
 2.99058e+23	9.66e-01	3.37e-02	1.50e-07
 2.99158e+23	9.67e-01	3.34e-02	1.49e-07
 2.99250e+23	9.67e-01	3.32e-02	1.49e-07
 2.99350e+23	9.67e-01	3.27e-02	1.47e-07
 2.99481e+23	9.68e-01	3.22e-02	1.47e-07
 2.99621e+23	9.68e-01	3.15e-02	1.47e-07
 2.99750e+23	9.69e-01	3.11e-02	1.46e-07
 2.99866e+23	9.69e-01	3.07e-02	1.46e-07
 2.99972e+23	9.70e-01	3.05e-02	1.46e-07
 3.00089e+23	9.70e-01	3.00e-02	1.44e-07
 3.00214e+23	9.70e-01	2.96e-02	1.44e-07
 3.00329e+23	9.71e-01	2.92e-02	1.43e-07
 3.00433e+23	9.71e-01	2.90e-02	1.43e-07
 3.00547e+23	9.71e-01	2.86e-02	1.42e-07
 3.00670e+23	9.72e-01	2.82e-02	1.42e-07
 3.00782e+23	9.72e-01	2.78e-02	1.41e-07
 3.00883e+23	9.72e-01	2.76e-02	1.41e-07
 3.00995e+23	9.73e-01	2.73e-02	1.40e-07
 3.01116e+23	9.73e-01	2.69e-02	1.40e-07
 3.01225e+23	9.73e-01	2.66e-02	1.40e-07
 3.01345e+23	9.74e-01	2.63e-02	1.39e-07
 3.01475e+23	9.74e-01	2.59e-02	1.39e-07
 3.01593e+23	9.74e-01	2.56e-02	1.39e-07
 3.01723e+23	9.75e-01	2.52e-02	1.39e-07
 3.01862e+23	9.75e-01	2.48e-02	1.39e-07
 3.01989e+23	9.75e-01	2.45e-02	1.39e-07
 3.02129e+23	9.76e-01	2.42e-02	1.39e-07
 3.02279e+23	9.76e-01	2.38e-02	1.39e-07
 3.02416e+23	9.77e-01	2.35e-02	1.39e-07
 3.02540e+23	9.77e-01	2.33e-02	1.38e-07
 3.02677e+23	9.77e-01	2.29e-02	1.38e-07
 3.02824e+23	9.77e-01	2.25e-02	1.38e-07
 3.02958e+23	9.78e-01	2.23e-02	1.38e-07
 3.03105e+23	9.78e-01	2.20e-02	1.38e-07
 3.03264e+23	9.78e-01	2.16e-02	1.38e-07
 3.03408e+23	9.79e-01	2.14e-02	1.38e-07
 3.03566e+23	9.79e-01	2.10e-02	1.37e-07
 3.03737e+23	9.79e-01	2.07e-02	1.38e-07
 3.03892e+23	9.80e-01	2.04e-02	1.37e-07
 3.04033e+23	9.80e-01	2.02e-02	1.37e-07
 3.04188e+23	9.80e-01	1.99e-02	1.37e-07
 3.04355e+23	9.80e-01	1.95e-02	1.37e-07
 3.04508e+23	9.81e-01	1.93e-02	1.37e-07
 3.04674e+23	9.81e-01	1.90e-02	1.37e-07
 3.04854e+23	9.81e-01	1.87e-02	1.37e-07
 3.05018e+23	9.82e-01	1.85e-02	1.37e-07
 3.05198e+23	9.82e-01	1.82e-02	1.37e-07
 3.05392e+23	9.82e-01	1.78e-02	1.37e-07
 3.05568e+23	9.82e-01	1.76e-02	1.37e-07
 3.05761e+23	9.83e-01	1.73e-02	1.37e-07
 3.05970e+23	9.83e-01	1.69e-02	1.37e-07
 3.06160e+23	9.83e-01	1.67e-02	1.37e-07
 3.06368e+23	9.84e-01	1.64e-02	1.37e-07
 3.06592e+23	9.84e-01	1.61e-02	1.37e-07
 3.06797e+23	9.84e-01	1.58e-02	1.37e-07
 3.06983e+23	9.84e-01	1.56e-02	1.37e-07
 3.07187e+23	9.85e-01	1.53e-02	1.36e-07
 3.07407e+23	9.85e-01	1.50e-02	1.36e-07
 3.07607e+23	9.85e-01	1.48e-02	1.37e-07
 3.07826e+23	9.85e-01	1.46e-02	1.37e-07
 3.08063e+23	9.86e-01	1.43e-02	1.37e-07
 3.08279e+23	9.86e-01	1.41e-02	1.37e-07
 3.08475e+23	9.86e-01	1.38e-02	1.37e-07
