#depth	H	H+	H2
 4.62852e+21	3.46e-07	1.00e+00	2.80e-32
 1.02747e+22	5.59e-07	1.00e+00	6.87e-32
 1.18013e+22	6.94e-07	1.00e+00	1.26e-31
 1.25646e+22	7.70e-07	1.00e+00	1.83e-31
 1.28826e+22	7.93e-07	1.00e+00	2.05e-31
 1.30289e+22	8.21e-07	1.00e+00	2.34e-31
 1.31772e+22	8.35e-07	1.00e+00	2.53e-31
 1.33280e+22	8.63e-07	1.00e+00	2.85e-31
 1.34875e+22	8.89e-07	1.00e+00	3.19e-31
 1.36352e+22	9.13e-07	1.00e+00	3.54e-31
 1.38041e+22	9.46e-07	1.00e+00	4.07e-31
 1.39773e+22	9.74e-07	1.00e+00	4.57e-31
 1.41561e+22	1.01e-06	1.00e+00	5.26e-31
 1.43406e+22	1.04e-06	1.00e+00	5.96e-31
 1.45074e+22	1.07e-06	1.00e+00	6.69e-31
 1.46990e+22	1.12e-06	1.00e+00	7.82e-31
 1.48939e+22	1.15e-06	1.00e+00	8.85e-31
 1.50930e+22	1.20e-06	1.00e+00	1.03e-30
 1.52957e+22	1.24e-06	1.00e+00	1.18e-30
 1.54737e+22	1.28e-06	1.00e+00	1.33e-30
 1.56757e+22	1.33e-06	1.00e+00	1.56e-30
 1.58832e+22	1.38e-06	1.00e+00	1.78e-30
 1.60687e+22	1.43e-06	1.00e+00	2.03e-30
 1.62807e+22	1.49e-06	1.00e+00	2.38e-30
 1.64978e+22	1.55e-06	1.00e+00	2.73e-30
 1.66884e+22	1.61e-06	1.00e+00	3.10e-30
 1.69032e+22	1.69e-06	1.00e+00	3.66e-30
 1.71222e+22	1.76e-06	1.00e+00	4.19e-30
 1.73466e+22	1.86e-06	1.00e+00	4.97e-30
 1.75725e+22	1.93e-06	1.00e+00	5.66e-30
 1.77592e+22	2.01e-06	1.00e+00	6.35e-30
 1.79609e+22	2.11e-06	1.00e+00	7.38e-30
 1.81629e+22	2.20e-06	1.00e+00	8.27e-30
 1.83651e+22	2.32e-06	1.00e+00	9.59e-30
 1.85686e+22	2.41e-06	1.00e+00	1.07e-29
 1.87737e+22	2.56e-06	1.00e+00	1.24e-29
 1.89812e+22	2.67e-06	1.00e+00	1.38e-29
 1.91918e+22	2.83e-06	1.00e+00	1.59e-29
 1.94067e+22	2.96e-06	1.00e+00	1.79e-29
 1.96271e+22	3.16e-06	1.00e+00	2.06e-29
 1.98519e+22	3.33e-06	1.00e+00	2.30e-29
 2.00818e+22	3.56e-06	1.00e+00	2.62e-29
 2.03149e+22	3.76e-06	1.00e+00	2.94e-29
 2.05440e+22	4.02e-06	1.00e+00	3.37e-29
 2.07647e+22	4.22e-06	1.00e+00	3.73e-29
 2.09541e+22	4.44e-06	1.00e+00	4.09e-29
 2.11669e+22	4.74e-06	1.00e+00	4.55e-29
 2.13800e+22	4.98e-06	1.00e+00	4.97e-29
 2.15953e+22	5.32e-06	1.00e+00	5.58e-29
 2.18083e+22	5.58e-06	1.00e+00	6.14e-29
 2.20204e+22	5.95e-06	1.00e+00	6.85e-29
 2.22325e+22	6.25e-06	1.00e+00	7.56e-29
 2.24447e+22	6.66e-06	1.00e+00	8.49e-29
 2.26574e+22	6.98e-06	1.00e+00	9.43e-29
 2.28707e+22	7.44e-06	1.00e+00	1.07e-28
 2.30850e+22	7.80e-06	1.00e+00	1.20e-28
 2.33006e+22	8.31e-06	1.00e+00	1.38e-28
 2.35181e+22	8.71e-06	1.00e+00	1.57e-28
 2.37379e+22	9.27e-06	1.00e+00	1.85e-28
 2.39605e+22	9.73e-06	1.00e+00	2.13e-28
 2.41865e+22	1.04e-05	1.00e+00	2.57e-28
 2.44166e+22	1.09e-05	1.00e+00	3.01e-28
 2.46520e+22	1.16e-05	1.00e+00	3.72e-28
 2.48928e+22	1.22e-05	1.00e+00	4.44e-28
 2.50969e+22	1.28e-05	1.00e+00	5.22e-28
 2.53185e+22	1.35e-05	1.00e+00	6.47e-28
 2.55365e+22	1.41e-05	1.00e+00	7.62e-28
 2.57498e+22	1.49e-05	1.00e+00	9.45e-28
 2.59651e+22	1.56e-05	1.00e+00	1.12e-27
 2.61828e+22	1.65e-05	1.00e+00	1.40e-27
 2.64015e+22	1.72e-05	1.00e+00	1.67e-27
 2.66213e+22	1.82e-05	1.00e+00	2.10e-27
 2.68435e+22	1.89e-05	1.00e+00	2.51e-27
 2.70690e+22	2.00e-05	1.00e+00	3.19e-27
 2.72975e+22	2.09e-05	1.00e+00	3.84e-27
 2.75299e+22	2.21e-05	1.00e+00	4.91e-27
 2.77661e+22	2.31e-05	1.00e+00	5.95e-27
 2.80072e+22	2.45e-05	1.00e+00	7.67e-27
 2.82530e+22	2.56e-05	1.00e+00	9.36e-27
 2.85049e+22	2.72e-05	1.00e+00	1.22e-26
 2.87613e+22	2.84e-05	1.00e+00	1.50e-26
 2.90235e+22	3.02e-05	1.00e+00	1.97e-26
 2.92881e+22	3.17e-05	1.00e+00	2.43e-26
 2.95132e+22	3.31e-05	1.00e+00	2.95e-26
 2.97637e+22	3.50e-05	1.00e+00	3.82e-26
 3.00159e+22	3.66e-05	1.00e+00	4.64e-26
 3.02300e+22	3.81e-05	1.00e+00	5.57e-26
 3.04366e+22	3.97e-05	1.00e+00	6.69e-26
 3.06738e+22	4.18e-05	1.00e+00	8.43e-26
 3.09132e+22	4.36e-05	1.00e+00	1.02e-25
 3.11221e+22	4.53e-05	1.00e+00	1.22e-25
 3.13599e+22	4.76e-05	1.00e+00	1.53e-25
 3.16079e+22	4.98e-05	1.00e+00	1.88e-25
 3.18310e+22	5.20e-05	1.00e+00	2.27e-25
 3.20828e+22	5.48e-05	1.00e+00	2.89e-25
 3.23434e+22	5.73e-05	1.00e+00	3.55e-25
 3.26157e+22	6.06e-05	1.00e+00	4.59e-25
 3.28924e+22	6.35e-05	1.00e+00	5.69e-25
 3.31369e+22	6.64e-05	1.00e+00	6.97e-25
 3.34171e+22	7.05e-05	1.00e+00	9.12e-25
 3.36987e+22	7.37e-05	1.00e+00	1.12e-24
 3.39821e+22	7.80e-05	1.00e+00	1.45e-24
 3.42753e+22	8.21e-05	1.00e+00	1.83e-24
 3.45346e+22	8.58e-05	1.00e+00	2.25e-24
 3.48253e+22	9.08e-05	1.00e+00	2.93e-24
 3.51300e+22	9.58e-05	1.00e+00	3.72e-24
 3.53972e+22	1.00e-04	1.00e+00	4.58e-24
 3.56891e+22	1.06e-04	1.00e+00	5.94e-24
 3.60009e+22	1.12e-04	1.00e+00	7.60e-24
 3.62913e+22	1.17e-04	1.00e+00	9.58e-24
 3.65533e+22	1.23e-04	1.00e+00	1.17e-23
 3.67894e+22	1.28e-04	1.00e+00	1.41e-23
 3.70601e+22	1.34e-04	1.00e+00	1.79e-23
 3.73431e+22	1.41e-04	1.00e+00	2.21e-23
 3.75992e+22	1.47e-04	1.00e+00	2.71e-23
 3.78895e+22	1.55e-04	1.00e+00	3.50e-23
 3.81905e+22	1.63e-04	1.00e+00	4.39e-23
 3.84571e+22	1.71e-04	1.00e+00	5.42e-23
 3.87552e+22	1.81e-04	1.00e+00	7.03e-23
 3.90626e+22	1.90e-04	1.00e+00	8.83e-23
 3.93373e+22	1.99e-04	1.00e+00	1.10e-22
 3.96500e+22	2.11e-04	1.00e+00	1.44e-22
 3.99712e+22	2.22e-04	1.00e+00	1.83e-22
 4.02571e+22	2.33e-04	1.00e+00	2.29e-22
 4.05822e+22	2.47e-04	1.00e+00	3.04e-22
 4.09178e+22	2.61e-04	1.00e+00	3.90e-22
 4.12165e+22	2.74e-04	1.00e+00	4.93e-22
 4.15543e+22	2.92e-04	1.00e+00	6.43e-22
 4.19005e+22	3.08e-04	1.00e+00	8.30e-22
 4.22062e+22	3.24e-04	1.00e+00	1.06e-21
 4.25521e+22	3.46e-04	1.00e+00	1.43e-21
 4.29078e+22	3.66e-04	1.00e+00	1.86e-21
 4.32235e+22	3.86e-04	1.00e+00	2.39e-21
 4.35813e+22	4.12e-04	1.00e+00	3.29e-21
 4.39495e+22	4.37e-04	1.00e+00	4.34e-21
 4.42779e+22	4.61e-04	1.00e+00	5.65e-21
 4.46516e+22	4.95e-04	1.00e+00	7.97e-21
 4.50324e+22	5.24e-04	9.99e-01	1.06e-20
 4.54224e+22	5.64e-04	9.99e-01	1.53e-20
 4.58166e+22	5.98e-04	9.99e-01	2.07e-20
 4.61567e+22	6.32e-04	9.99e-01	2.76e-20
 4.64752e+22	6.66e-04	9.99e-01	3.61e-20
 4.68249e+22	7.09e-04	9.99e-01	5.05e-20
 4.71763e+22	7.48e-04	9.99e-01	6.84e-20
 4.74795e+22	7.85e-04	9.99e-01	9.00e-20
 4.78233e+22	8.36e-04	9.99e-01	1.30e-19
 4.81783e+22	8.82e-04	9.99e-01	1.78e-19
 4.85479e+22	9.42e-04	9.99e-01	2.64e-19
 4.89230e+22	9.98e-04	9.99e-01	3.96e-19
 4.92441e+22	1.05e-03	9.99e-01	5.30e-19
 4.96003e+22	1.12e-03	9.99e-01	8.74e-19
 4.99301e+22	1.17e-03	9.99e-01	1.18e-18
 5.02255e+22	1.23e-03	9.99e-01	1.66e-18
 5.05296e+22	1.29e-03	9.99e-01	2.72e-18
 5.08007e+22	1.34e-03	9.99e-01	3.66e-18
 5.11089e+22	1.42e-03	9.99e-01	6.56e-18
 5.14181e+22	1.48e-03	9.99e-01	9.99e-18
 5.17284e+22	1.57e-03	9.98e-01	2.03e-17
 5.20413e+22	1.63e-03	9.98e-01	3.53e-17
 5.23575e+22	1.73e-03	9.98e-01	8.49e-17
 5.26776e+22	1.81e-03	9.98e-01	1.99e-16
 5.30026e+22	1.91e-03	9.98e-01	7.61e-16
 5.32981e+22	1.98e-03	9.98e-01	3.40e-15
 5.35552e+22	2.07e-03	9.98e-01	9.89e-15
 5.38894e+22	2.19e-03	9.98e-01	4.50e-14
 5.42300e+22	2.29e-03	9.98e-01	1.18e-13
 5.45790e+22	2.43e-03	9.98e-01	2.34e-13
 5.49362e+22	2.55e-03	9.97e-01	3.54e-13
 5.52531e+22	2.68e-03	9.97e-01	4.87e-13
 5.56139e+22	2.84e-03	9.97e-01	6.30e-13
 5.59875e+22	2.99e-03	9.97e-01	7.96e-13
 5.63265e+22	3.15e-03	9.97e-01	9.97e-13
 5.66162e+22	3.27e-03	9.97e-01	1.18e-12
 5.68934e+22	3.42e-03	9.97e-01	1.41e-12
 5.71780e+22	3.55e-03	9.96e-01	1.64e-12
 5.74724e+22	3.72e-03	9.96e-01	1.96e-12
 5.77685e+22	3.87e-03	9.96e-01	2.26e-12
 5.80668e+22	4.06e-03	9.96e-01	2.67e-12
 5.83683e+22	4.22e-03	9.96e-01	3.06e-12
 5.86737e+22	4.43e-03	9.96e-01	3.62e-12
 5.89832e+22	4.61e-03	9.95e-01	4.13e-12
 5.92978e+22	4.85e-03	9.95e-01	4.86e-12
 5.95803e+22	4.99e-03	9.95e-01	5.35e-12
 5.97624e+22	5.10e-03	9.95e-01	5.75e-12
 5.99408e+22	5.24e-03	9.95e-01	6.28e-12
 6.01728e+22	5.44e-03	9.95e-01	7.03e-12
 6.04304e+22	5.62e-03	9.94e-01	7.82e-12
 6.07213e+22	5.90e-03	9.94e-01	9.08e-12
 6.09840e+22	6.06e-03	9.94e-01	9.90e-12
 6.12099e+22	6.27e-03	9.94e-01	1.10e-11
 6.15036e+22	6.56e-03	9.93e-01	1.26e-11
 6.18094e+22	6.81e-03	9.93e-01	1.42e-11
 6.21308e+22	7.16e-03	9.93e-01	1.65e-11
 6.24810e+22	7.49e-03	9.93e-01	1.90e-11
 6.28686e+22	7.98e-03	9.92e-01	2.28e-11
 6.32538e+22	8.31e-03	9.92e-01	2.60e-11
 6.36359e+22	8.81e-03	9.91e-01	3.08e-11
 6.40333e+22	9.24e-03	9.91e-01	3.57e-11
 6.44506e+22	9.86e-03	9.90e-01	4.31e-11
 6.48700e+22	1.03e-02	9.90e-01	4.99e-11
 6.52918e+22	1.10e-02	9.89e-01	6.02e-11
 6.57238e+22	1.16e-02	9.88e-01	7.04e-11
 6.61690e+22	1.25e-02	9.88e-01	8.67e-11
 6.66174e+22	1.32e-02	9.87e-01	1.02e-10
 6.70700e+22	1.42e-02	9.86e-01	1.28e-10
 6.74728e+22	1.48e-02	9.85e-01	1.46e-10
 6.78108e+22	1.58e-02	9.84e-01	1.73e-10
 6.81587e+22	1.66e-02	9.83e-01	2.02e-10
 6.84685e+22	1.75e-02	9.83e-01	2.32e-10
 6.88202e+22	1.87e-02	9.81e-01	2.83e-10
 6.91770e+22	1.99e-02	9.80e-01	3.35e-10
 6.94907e+22	2.12e-02	9.79e-01	3.98e-10
 6.98489e+22	2.30e-02	9.77e-01	4.98e-10
 7.02145e+22	2.49e-02	9.75e-01	6.12e-10
 7.05340e+22	2.69e-02	9.73e-01	7.52e-10
 7.08937e+22	2.98e-02	9.70e-01	9.80e-10
 7.12686e+22	3.30e-02	9.67e-01	1.28e-09
 7.16018e+22	3.67e-02	9.63e-01	1.67e-09
 7.19212e+22	4.10e-02	9.59e-01	2.19e-09
 7.22132e+22	4.56e-02	9.54e-01	2.83e-09
 7.24788e+22	5.09e-02	9.49e-01	3.69e-09
 7.27808e+22	5.87e-02	9.41e-01	5.18e-09
 7.30048e+22	6.41e-02	9.36e-01	6.32e-09
 7.30857e+22	6.66e-02	9.33e-01	6.90e-09
 7.31440e+22	6.88e-02	9.31e-01	7.45e-09
 7.32118e+22	7.12e-02	9.29e-01	8.04e-09
 7.32941e+22	7.47e-02	9.25e-01	9.01e-09
 7.33771e+22	7.81e-02	9.22e-01	9.97e-09
 7.34508e+22	8.15e-02	9.18e-01	1.10e-08
 7.35222e+22	8.51e-02	9.15e-01	1.21e-08
 7.35926e+22	8.88e-02	9.11e-01	1.33e-08
 7.36616e+22	9.24e-02	9.08e-01	1.46e-08
 7.37328e+22	9.68e-02	9.03e-01	1.62e-08
 7.38036e+22	1.01e-01	8.99e-01	1.79e-08
 7.38698e+22	1.06e-01	8.94e-01	1.98e-08
 7.39333e+22	1.10e-01	8.90e-01	2.17e-08
 7.39964e+22	1.15e-01	8.85e-01	2.40e-08
 7.40598e+22	1.20e-01	8.80e-01	2.63e-08
 7.41241e+22	1.26e-01	8.74e-01	2.92e-08
 7.41877e+22	1.32e-01	8.68e-01	3.22e-08
 7.42491e+22	1.38e-01	8.62e-01	3.57e-08
 7.43088e+22	1.44e-01	8.56e-01	3.92e-08
 7.43675e+22	1.51e-01	8.49e-01	4.36e-08
 7.44247e+22	1.57e-01	8.43e-01	4.77e-08
 7.44819e+22	1.64e-01	8.36e-01	5.28e-08
 7.45404e+22	1.72e-01	8.28e-01	5.86e-08
 7.45957e+22	1.79e-01	8.21e-01	6.46e-08
 7.46495e+22	1.87e-01	8.13e-01	7.11e-08
 7.47039e+22	1.95e-01	8.05e-01	7.84e-08
 7.47586e+22	2.04e-01	7.96e-01	8.65e-08
 7.48131e+22	2.13e-01	7.87e-01	9.55e-08
 7.48671e+22	2.22e-01	7.78e-01	1.05e-07
 7.49219e+22	2.31e-01	7.69e-01	1.16e-07
 7.49771e+22	2.42e-01	7.58e-01	1.29e-07
 7.50293e+22	2.52e-01	7.48e-01	1.42e-07
 7.50794e+22	2.62e-01	7.38e-01	1.57e-07
 7.51306e+22	2.72e-01	7.28e-01	1.70e-07
 7.51870e+22	2.85e-01	7.15e-01	1.90e-07
 7.52446e+22	2.98e-01	7.02e-01	2.12e-07
 7.52962e+22	3.09e-01	6.91e-01	2.33e-07
 7.53461e+22	3.21e-01	6.79e-01	2.55e-07
 7.53984e+22	3.34e-01	6.66e-01	2.81e-07
 7.54522e+22	3.47e-01	6.53e-01	3.10e-07
 7.55067e+22	3.61e-01	6.39e-01	3.44e-07
 7.55602e+22	3.75e-01	6.25e-01	3.78e-07
 7.56127e+22	3.88e-01	6.12e-01	4.15e-07
 7.56668e+22	4.02e-01	5.98e-01	4.57e-07
 7.57226e+22	4.17e-01	5.83e-01	5.03e-07
 7.57791e+22	4.32e-01	5.68e-01	5.56e-07
 7.58352e+22	4.47e-01	5.53e-01	6.11e-07
 7.58916e+22	4.62e-01	5.38e-01	6.71e-07
 7.59499e+22	4.78e-01	5.22e-01	7.38e-07
 7.60101e+22	4.93e-01	5.07e-01	8.11e-07
 7.60717e+22	5.09e-01	4.91e-01	8.95e-07
 7.61332e+22	5.25e-01	4.75e-01	9.82e-07
 7.61954e+22	5.40e-01	4.60e-01	1.08e-06
 7.62535e+22	5.54e-01	4.46e-01	1.17e-06
 7.63041e+22	5.66e-01	4.34e-01	1.25e-06
 7.63544e+22	5.77e-01	4.23e-01	1.34e-06
 7.64087e+22	5.90e-01	4.10e-01	1.44e-06
 7.64659e+22	6.03e-01	3.97e-01	1.55e-06
 7.65223e+22	6.14e-01	3.86e-01	1.66e-06
 7.65789e+22	6.26e-01	3.74e-01	1.79e-06
 7.66367e+22	6.37e-01	3.63e-01	1.90e-06
 7.66966e+22	6.49e-01	3.51e-01	2.05e-06
 7.67586e+22	6.61e-01	3.39e-01	2.21e-06
 7.68193e+22	6.72e-01	3.28e-01	2.35e-06
 7.68804e+22	6.83e-01	3.17e-01	2.51e-06
 7.69451e+22	6.94e-01	3.06e-01	2.69e-06
 7.70119e+22	7.05e-01	2.95e-01	2.89e-06
 7.70779e+22	7.15e-01	2.85e-01	3.08e-06
 7.71445e+22	7.25e-01	2.75e-01	3.28e-06
 7.72141e+22	7.35e-01	2.65e-01	3.51e-06
 7.72860e+22	7.45e-01	2.55e-01	3.76e-06
 7.73583e+22	7.54e-01	2.46e-01	4.00e-06
 7.74315e+22	7.63e-01	2.37e-01	4.27e-06
 7.75076e+22	7.72e-01	2.28e-01	4.56e-06
 7.75858e+22	7.81e-01	2.19e-01	4.86e-06
 7.76654e+22	7.89e-01	2.11e-01	5.19e-06
 7.77473e+22	7.97e-01	2.03e-01	5.53e-06
 7.78315e+22	8.05e-01	1.95e-01	5.90e-06
 7.79183e+22	8.13e-01	1.87e-01	6.29e-06
 7.80075e+22	8.20e-01	1.80e-01	6.71e-06
 7.80980e+22	8.27e-01	1.73e-01	7.15e-06
 7.81899e+22	8.33e-01	1.67e-01	7.59e-06
 7.82835e+22	8.40e-01	1.60e-01	8.06e-06
 7.83792e+22	8.46e-01	1.54e-01	8.60e-06
 7.84791e+22	8.52e-01	1.48e-01	9.17e-06
 7.85829e+22	8.57e-01	1.43e-01	9.78e-06
 7.86869e+22	8.62e-01	1.38e-01	1.04e-05
 7.87911e+22	8.67e-01	1.33e-01	1.10e-05
 7.89006e+22	8.72e-01	1.28e-01	1.17e-05
 7.90163e+22	8.76e-01	1.24e-01	1.25e-05
 7.91348e+22	8.81e-01	1.19e-01	1.33e-05
 7.92553e+22	8.85e-01	1.15e-01	1.42e-05
 7.93802e+22	8.89e-01	1.11e-01	1.51e-05
 7.95091e+22	8.93e-01	1.07e-01	1.61e-05
 7.96351e+22	8.96e-01	1.03e-01	1.71e-05
 7.97543e+22	9.00e-01	1.00e-01	1.80e-05
 7.98691e+22	9.02e-01	9.75e-02	1.89e-05
 7.99797e+22	9.05e-01	9.48e-02	1.98e-05
 8.00865e+22	9.08e-01	9.23e-02	2.07e-05
 8.01896e+22	9.10e-01	8.99e-02	2.15e-05
 8.02883e+22	9.12e-01	8.76e-02	2.23e-05
 8.03819e+22	9.14e-01	8.56e-02	2.31e-05
 8.04712e+22	9.16e-01	8.36e-02	2.38e-05
 8.05551e+22	9.18e-01	8.18e-02	2.45e-05
 8.06362e+22	9.20e-01	8.01e-02	2.51e-05
 8.07171e+22	9.22e-01	7.83e-02	2.57e-05
 8.07952e+22	9.23e-01	7.67e-02	2.64e-05
 8.08704e+22	9.25e-01	7.51e-02	2.69e-05
 8.09427e+22	9.26e-01	7.36e-02	2.74e-05
 8.10125e+22	9.28e-01	7.22e-02	2.77e-05
 8.10800e+22	9.29e-01	7.08e-02	2.80e-05
 8.11451e+22	9.30e-01	6.95e-02	2.82e-05
 8.12079e+22	9.32e-01	6.82e-02	2.84e-05
 8.12685e+22	9.33e-01	6.70e-02	2.86e-05
 8.13270e+22	9.34e-01	6.58e-02	2.88e-05
 8.13834e+22	9.35e-01	6.47e-02	2.90e-05
 8.14379e+22	9.36e-01	6.35e-02	2.91e-05
 8.14891e+22	9.37e-01	6.25e-02	2.92e-05
 8.15356e+22	9.38e-01	6.16e-02	2.92e-05
 8.15779e+22	9.39e-01	6.08e-02	2.92e-05
 8.16165e+22	9.40e-01	6.00e-02	2.92e-05
 8.16515e+22	9.41e-01	5.94e-02	2.92e-05
 8.16834e+22	9.41e-01	5.88e-02	2.92e-05
 8.17125e+22	9.42e-01	5.82e-02	2.92e-05
 8.17443e+22	9.42e-01	5.76e-02	2.92e-05
 8.17786e+22	9.43e-01	5.68e-02	2.92e-05
 8.18099e+22	9.44e-01	5.62e-02	2.92e-05
 8.18383e+22	9.44e-01	5.56e-02	2.91e-05
 8.18642e+22	9.45e-01	5.53e-02	2.91e-05
 8.18926e+22	9.45e-01	5.46e-02	2.92e-05
 8.19295e+22	9.46e-01	5.36e-02	2.92e-05
 8.19693e+22	9.47e-01	5.28e-02	2.92e-05
 8.20055e+22	9.48e-01	5.21e-02	2.92e-05
 8.20384e+22	9.48e-01	5.15e-02	2.93e-05
 8.20746e+22	9.49e-01	5.09e-02	2.93e-05
 8.21136e+22	9.50e-01	5.01e-02	2.94e-05
 8.21491e+22	9.50e-01	4.96e-02	2.94e-05
 8.21813e+22	9.51e-01	4.90e-02	2.94e-05
 8.22107e+22	9.51e-01	4.87e-02	2.94e-05
 8.22429e+22	9.52e-01	4.81e-02	2.96e-05
 8.22848e+22	9.53e-01	4.73e-02	2.96e-05
 8.23300e+22	9.53e-01	4.65e-02	2.97e-05
 8.23711e+22	9.54e-01	4.57e-02	2.98e-05
 8.24085e+22	9.55e-01	4.52e-02	2.99e-05
 8.24426e+22	9.55e-01	4.48e-02	3.00e-05
 8.24736e+22	9.56e-01	4.43e-02	3.01e-05
 8.25018e+22	9.56e-01	4.40e-02	3.01e-05
 8.25327e+22	9.56e-01	4.34e-02	3.01e-05
 8.25660e+22	9.57e-01	4.28e-02	3.02e-05
 8.25964e+22	9.58e-01	4.24e-02	3.02e-05
 8.26240e+22	9.58e-01	4.21e-02	3.02e-05
 8.26543e+22	9.58e-01	4.16e-02	3.03e-05
 8.26870e+22	9.59e-01	4.10e-02	3.05e-05
 8.27167e+22	9.59e-01	4.06e-02	3.05e-05
 8.27493e+22	9.60e-01	4.01e-02	3.06e-05
 8.27845e+22	9.60e-01	3.95e-02	3.07e-05
 8.28165e+22	9.61e-01	3.91e-02	3.07e-05
 8.28516e+22	9.61e-01	3.86e-02	3.06e-05
 8.28895e+22	9.62e-01	3.80e-02	3.06e-05
 8.29240e+22	9.62e-01	3.76e-02	3.06e-05
 8.29553e+22	9.63e-01	3.72e-02	3.05e-05
 8.29839e+22	9.63e-01	3.70e-02	3.05e-05
 8.30151e+22	9.63e-01	3.65e-02	3.06e-05
 8.30489e+22	9.64e-01	3.60e-02	3.06e-05
 8.30796e+22	9.64e-01	3.57e-02	3.07e-05
 8.31133e+22	9.65e-01	3.53e-02	3.08e-05
 8.31497e+22	9.65e-01	3.49e-02	3.09e-05
 8.31895e+22	9.66e-01	3.44e-02	3.09e-05
 8.32325e+22	9.66e-01	3.38e-02	3.11e-05
 8.32716e+22	9.67e-01	3.34e-02	3.12e-05
 8.33072e+22	9.67e-01	3.32e-02	3.13e-05
 8.33463e+22	9.67e-01	3.27e-02	3.15e-05
 8.33884e+22	9.68e-01	3.23e-02	3.17e-05
 8.34267e+22	9.68e-01	3.19e-02	3.19e-05
 8.34616e+22	9.68e-01	3.16e-02	3.20e-05
 8.34934e+22	9.69e-01	3.14e-02	3.22e-05
 8.35282e+22	9.69e-01	3.10e-02	3.23e-05
 8.35657e+22	9.69e-01	3.06e-02	3.25e-05
 8.36069e+22	9.70e-01	3.02e-02	3.27e-05
 8.36513e+22	9.70e-01	2.98e-02	3.29e-05
 8.36917e+22	9.70e-01	2.94e-02	3.33e-05
 8.37360e+22	9.71e-01	2.90e-02	3.34e-05
 8.37839e+22	9.71e-01	2.85e-02	3.38e-05
 8.38274e+22	9.72e-01	2.82e-02	3.40e-05
 8.38670e+22	9.72e-01	2.80e-02	3.44e-05
 8.39104e+22	9.72e-01	2.76e-02	3.47e-05
 8.39572e+22	9.73e-01	2.72e-02	3.50e-05
 8.39999e+22	9.73e-01	2.69e-02	3.54e-05
 8.40466e+22	9.73e-01	2.65e-02	3.57e-05
 8.40970e+22	9.74e-01	2.60e-02	3.62e-05
 8.41429e+22	9.74e-01	2.58e-02	3.67e-05
 8.41932e+22	9.75e-01	2.54e-02	3.71e-05
 8.42475e+22	9.75e-01	2.50e-02	3.77e-05
 8.42970e+22	9.75e-01	2.47e-02	3.83e-05
 8.43419e+22	9.76e-01	2.44e-02	3.88e-05
 8.43912e+22	9.76e-01	2.41e-02	3.93e-05
 8.44444e+22	9.76e-01	2.37e-02	4.00e-05
 8.44928e+22	9.77e-01	2.34e-02	4.06e-05
 8.45458e+22	9.77e-01	2.31e-02	4.12e-05
 8.46031e+22	9.77e-01	2.26e-02	4.20e-05
 8.46552e+22	9.78e-01	2.24e-02	4.28e-05
 8.47123e+22	9.78e-01	2.21e-02	4.35e-05
 8.47740e+22	9.78e-01	2.17e-02	4.45e-05
 8.48301e+22	9.79e-01	2.14e-02	4.54e-05
 8.48811e+22	9.79e-01	2.12e-02	4.63e-05
 8.49371e+22	9.79e-01	2.08e-02	4.71e-05
 8.49975e+22	9.79e-01	2.05e-02	4.82e-05
 8.50524e+22	9.80e-01	2.02e-02	4.92e-05
 8.51127e+22	9.80e-01	1.99e-02	5.02e-05
 8.51777e+22	9.80e-01	1.96e-02	5.15e-05
 8.52368e+22	9.81e-01	1.93e-02	5.28e-05
 8.53017e+22	9.81e-01	1.90e-02	5.39e-05
 8.53717e+22	9.81e-01	1.86e-02	5.55e-05
 8.54353e+22	9.81e-01	1.84e-02	5.69e-05
 8.55051e+22	9.82e-01	1.81e-02	5.83e-05
 8.55805e+22	9.82e-01	1.78e-02	6.02e-05
 8.56491e+22	9.82e-01	1.75e-02	6.19e-05
 8.57115e+22	9.83e-01	1.73e-02	6.35e-05
 8.57798e+22	9.83e-01	1.70e-02	6.50e-05
 8.58536e+22	9.83e-01	1.67e-02	6.70e-05
 8.59208e+22	9.83e-01	1.64e-02	6.89e-05
 8.59944e+22	9.84e-01	1.61e-02	7.06e-05
 8.60739e+22	9.84e-01	1.58e-02	7.29e-05
 8.61462e+22	9.84e-01	1.56e-02	7.50e-05
 8.62254e+22	9.85e-01	1.53e-02	7.70e-05
 8.63110e+22	9.85e-01	1.50e-02	7.97e-05
 8.63888e+22	9.85e-01	1.48e-02	8.20e-05
 8.64597e+22	9.85e-01	1.46e-02	8.42e-05
 8.65373e+22	9.86e-01	1.43e-02	8.62e-05
 8.66211e+22	9.86e-01	1.40e-02	8.89e-05
 8.66974e+22	9.86e-01	1.38e-02	9.13e-05
 8.67809e+22	9.86e-01	1.36e-02	9.35e-05
 8.68711e+22	9.87e-01	1.33e-02	9.64e-05
 8.69532e+22	9.87e-01	1.31e-02	9.89e-05
 8.70432e+22	9.87e-01	1.28e-02	1.01e-04
 8.71403e+22	9.87e-01	1.26e-02	1.04e-04
 8.72287e+22	9.87e-01	1.23e-02	1.07e-04
 8.73091e+22	9.88e-01	1.22e-02	1.09e-04
 8.73973e+22	9.88e-01	1.19e-02	1.12e-04
 8.74924e+22	9.88e-01	1.17e-02	1.14e-04
 8.75790e+22	9.88e-01	1.15e-02	1.17e-04
 8.76739e+22	9.88e-01	1.13e-02	1.20e-04
 8.77972e+22	9.89e-01	1.10e-02	1.24e-04
 8.79335e+22	9.89e-01	1.07e-02	1.28e-04
 8.80689e+22	9.89e-01	1.04e-02	1.32e-04
 8.82080e+22	9.90e-01	1.01e-02	1.36e-04
 8.83496e+22	9.90e-01	9.80e-03	1.40e-04
 8.84928e+22	9.90e-01	9.53e-03	1.45e-04
 8.86374e+22	9.90e-01	9.26e-03	1.49e-04
 8.87835e+22	9.91e-01	9.00e-03	1.53e-04
 8.89311e+22	9.91e-01	8.74e-03	1.57e-04
 8.90801e+22	9.91e-01	8.49e-03	1.61e-04
 8.92304e+22	9.91e-01	8.24e-03	1.65e-04
 8.93822e+22	9.92e-01	8.00e-03	1.69e-04
 8.95351e+22	9.92e-01	7.77e-03	1.74e-04
 8.96893e+22	9.92e-01	7.54e-03	1.78e-04
 8.98447e+22	9.92e-01	7.31e-03	1.82e-04
 9.00010e+22	9.93e-01	7.10e-03	1.87e-04
 9.01584e+22	9.93e-01	6.88e-03	1.91e-04
 9.03168e+22	9.93e-01	6.68e-03	1.96e-04
 9.04764e+22	9.93e-01	6.48e-03	2.01e-04
 9.06373e+22	9.93e-01	6.28e-03	2.05e-04
 9.07992e+22	9.93e-01	6.09e-03	2.10e-04
 9.09621e+22	9.94e-01	5.90e-03	2.15e-04
 9.11262e+22	9.94e-01	5.72e-03	2.20e-04
 9.12913e+22	9.94e-01	5.55e-03	2.25e-04
 9.14603e+22	9.94e-01	5.37e-03	2.30e-04
 9.16324e+22	9.94e-01	5.20e-03	2.36e-04
 9.18060e+22	9.94e-01	5.04e-03	2.41e-04
 9.19814e+22	9.95e-01	4.87e-03	2.48e-04
 9.21584e+22	9.95e-01	4.71e-03	2.54e-04
 9.23372e+22	9.95e-01	4.56e-03	2.60e-04
 9.24986e+22	9.95e-01	4.44e-03	2.66e-04
