#depth	Ne	Ne+	Ne+2	Ne+3	Ne+4	Ne+5	Ne+6	Ne+7	Ne+8	Ne+9	Ne+10
 4.62852e+21	2.45e-22	2.69e-17	2.56e-13	3.56e-10	1.29e-07	1.06e-05	2.50e-04	3.24e-03	1.67e-01	4.84e-01	3.45e-01
 1.02747e+22	6.38e-21	5.25e-16	3.67e-12	3.67e-09	9.83e-07	5.89e-05	9.60e-04	8.05e-03	2.66e-01	4.96e-01	2.29e-01
 1.18013e+22	2.68e-20	1.95e-15	1.19e-11	1.03e-08	2.40e-06	1.25e-04	1.72e-03	1.18e-02	3.19e-01	4.84e-01	1.83e-01
 1.25646e+22	5.30e-20	3.64e-15	2.09e-11	1.68e-08	3.66e-06	1.77e-04	2.25e-03	1.42e-02	3.45e-01	4.75e-01	1.63e-01
 1.28826e+22	6.39e-20	4.32e-15	2.44e-11	1.92e-08	4.12e-06	1.95e-04	2.43e-03	1.49e-02	3.53e-01	4.72e-01	1.57e-01
 1.30289e+22	8.03e-20	5.32e-15	2.94e-11	2.26e-08	4.74e-06	2.19e-04	2.66e-03	1.58e-02	3.62e-01	4.68e-01	1.51e-01
 1.31772e+22	9.22e-20	6.03e-15	3.29e-11	2.48e-08	5.14e-06	2.35e-04	2.80e-03	1.63e-02	3.67e-01	4.66e-01	1.48e-01
 1.33280e+22	1.14e-19	7.33e-15	3.91e-11	2.89e-08	5.86e-06	2.61e-04	3.04e-03	1.72e-02	3.75e-01	4.62e-01	1.42e-01
 1.34875e+22	1.38e-19	8.73e-15	4.58e-11	3.32e-08	6.60e-06	2.88e-04	3.27e-03	1.80e-02	3.83e-01	4.59e-01	1.37e-01
 1.36352e+22	1.66e-19	1.03e-14	5.32e-11	3.78e-08	7.37e-06	3.16e-04	3.51e-03	1.89e-02	3.90e-01	4.55e-01	1.32e-01
 1.38041e+22	2.11e-19	1.28e-14	6.45e-11	4.47e-08	8.52e-06	3.56e-04	3.84e-03	2.00e-02	3.99e-01	4.50e-01	1.27e-01
 1.39773e+22	2.57e-19	1.54e-14	7.59e-11	5.15e-08	9.62e-06	3.93e-04	4.14e-03	2.10e-02	4.07e-01	4.46e-01	1.22e-01
 1.41561e+22	3.29e-19	1.92e-14	9.27e-11	6.12e-08	1.12e-05	4.44e-04	4.54e-03	2.23e-02	4.17e-01	4.40e-01	1.16e-01
 1.43406e+22	4.07e-19	2.33e-14	1.10e-10	7.11e-08	1.27e-05	4.93e-04	4.92e-03	2.34e-02	4.25e-01	4.35e-01	1.11e-01
 1.45074e+22	4.99e-19	2.81e-14	1.30e-10	8.21e-08	1.43e-05	5.45e-04	5.30e-03	2.46e-02	4.33e-01	4.30e-01	1.07e-01
 1.46990e+22	6.47e-19	3.56e-14	1.61e-10	9.87e-08	1.68e-05	6.20e-04	5.85e-03	2.61e-02	4.43e-01	4.23e-01	1.01e-01
 1.48939e+22	7.99e-19	4.32e-14	1.91e-10	1.14e-07	1.90e-05	6.88e-04	6.32e-03	2.74e-02	4.51e-01	4.18e-01	9.68e-02
 1.50930e+22	1.04e-18	5.48e-14	2.36e-10	1.38e-07	2.23e-05	7.83e-04	6.97e-03	2.92e-02	4.61e-01	4.11e-01	9.14e-02
 1.52957e+22	1.30e-18	6.72e-14	2.83e-10	1.61e-07	2.55e-05	8.72e-04	7.55e-03	3.07e-02	4.69e-01	4.04e-01	8.72e-02
 1.54737e+22	1.60e-18	8.13e-14	3.36e-10	1.87e-07	2.89e-05	9.69e-04	8.17e-03	3.22e-02	4.77e-01	3.98e-01	8.31e-02
 1.56757e+22	2.08e-18	1.03e-13	4.16e-10	2.25e-07	3.39e-05	1.10e-03	8.99e-03	3.42e-02	4.87e-01	3.90e-01	7.83e-02
 1.58832e+22	2.59e-18	1.26e-13	4.98e-10	2.63e-07	3.87e-05	1.23e-03	9.76e-03	3.60e-02	4.95e-01	3.83e-01	7.43e-02
 1.60687e+22	3.20e-18	1.53e-13	5.94e-10	3.06e-07	4.41e-05	1.37e-03	1.06e-02	3.78e-02	5.03e-01	3.76e-01	7.05e-02
 1.62807e+22	4.17e-18	1.95e-13	7.39e-10	3.70e-07	5.19e-05	1.56e-03	1.17e-02	4.02e-02	5.13e-01	3.68e-01	6.60e-02
 1.64978e+22	5.22e-18	2.40e-13	8.91e-10	4.36e-07	5.97e-05	1.75e-03	1.27e-02	4.24e-02	5.21e-01	3.60e-01	6.22e-02
 1.66884e+22	6.43e-18	2.91e-13	1.06e-09	5.06e-07	6.79e-05	1.95e-03	1.38e-02	4.45e-02	5.28e-01	3.52e-01	5.89e-02
 1.69032e+22	8.35e-18	3.71e-13	1.32e-09	6.14e-07	8.03e-05	2.24e-03	1.53e-02	4.74e-02	5.38e-01	3.42e-01	5.46e-02
 1.71222e+22	1.03e-17	4.51e-13	1.58e-09	7.18e-07	9.20e-05	2.50e-03	1.66e-02	4.99e-02	5.45e-01	3.34e-01	5.13e-02
 1.73466e+22	1.34e-17	5.77e-13	1.98e-09	8.76e-07	1.09e-04	2.89e-03	1.85e-02	5.33e-02	5.55e-01	3.23e-01	4.73e-02
 1.75725e+22	1.64e-17	6.99e-13	2.36e-09	1.02e-06	1.25e-04	3.23e-03	2.01e-02	5.61e-02	5.61e-01	3.15e-01	4.43e-02
 1.77592e+22	1.96e-17	8.25e-13	2.74e-09	1.17e-06	1.41e-04	3.57e-03	2.17e-02	5.87e-02	5.67e-01	3.07e-01	4.17e-02
 1.79609e+22	2.44e-17	1.02e-12	3.33e-09	1.39e-06	1.64e-04	4.05e-03	2.38e-02	6.22e-02	5.74e-01	2.97e-01	3.86e-02
 1.81629e+22	2.89e-17	1.19e-12	3.87e-09	1.58e-06	1.84e-04	4.46e-03	2.57e-02	6.50e-02	5.79e-01	2.89e-01	3.62e-02
 1.83651e+22	3.54e-17	1.46e-12	4.66e-09	1.87e-06	2.14e-04	5.07e-03	2.82e-02	6.89e-02	5.86e-01	2.79e-01	3.33e-02
 1.85686e+22	4.17e-17	1.70e-12	5.40e-09	2.13e-06	2.40e-04	5.58e-03	3.03e-02	7.19e-02	5.90e-01	2.71e-01	3.12e-02
 1.87737e+22	5.04e-17	2.06e-12	6.47e-09	2.51e-06	2.78e-04	6.33e-03	3.34e-02	7.63e-02	5.96e-01	2.60e-01	2.85e-02
 1.89812e+22	5.89e-17	2.39e-12	7.47e-09	2.86e-06	3.12e-04	6.97e-03	3.59e-02	7.96e-02	5.99e-01	2.52e-01	2.66e-02
 1.91918e+22	7.07e-17	2.88e-12	8.94e-09	3.37e-06	3.62e-04	7.91e-03	3.94e-02	8.43e-02	6.03e-01	2.41e-01	2.42e-02
 1.94067e+22	8.15e-17	3.32e-12	1.03e-08	3.83e-06	4.07e-04	8.75e-03	4.25e-02	8.82e-02	6.06e-01	2.32e-01	2.24e-02
 1.96271e+22	9.67e-17	3.97e-12	1.23e-08	4.51e-06	4.72e-04	9.95e-03	4.68e-02	9.36e-02	6.09e-01	2.20e-01	2.01e-02
 1.98519e+22	1.10e-16	4.55e-12	1.41e-08	5.14e-06	5.32e-04	1.10e-02	5.05e-02	9.80e-02	6.10e-01	2.11e-01	1.85e-02
 2.00818e+22	1.28e-16	5.38e-12	1.68e-08	6.04e-06	6.19e-04	1.25e-02	5.56e-02	1.04e-01	6.11e-01	2.00e-01	1.65e-02
 2.03149e+22	1.44e-16	6.13e-12	1.92e-08	6.86e-06	6.97e-04	1.39e-02	6.00e-02	1.09e-01	6.11e-01	1.91e-01	1.51e-02
 2.05440e+22	1.63e-16	7.08e-12	2.24e-08	7.96e-06	8.02e-04	1.57e-02	6.56e-02	1.15e-01	6.10e-01	1.80e-01	1.34e-02
 2.07647e+22	1.79e-16	7.90e-12	2.52e-08	8.91e-06	8.91e-04	1.71e-02	7.00e-02	1.19e-01	6.08e-01	1.72e-01	1.23e-02
 2.09541e+22	1.94e-16	8.73e-12	2.82e-08	9.93e-06	9.87e-04	1.87e-02	7.47e-02	1.24e-01	6.06e-01	1.64e-01	1.13e-02
 2.11669e+22	2.13e-16	9.84e-12	3.23e-08	1.13e-05	1.12e-03	2.09e-02	8.08e-02	1.30e-01	6.02e-01	1.55e-01	1.01e-02
 2.13800e+22	2.29e-16	1.08e-11	3.59e-08	1.26e-05	1.24e-03	2.27e-02	8.58e-02	1.35e-01	5.99e-01	1.47e-01	9.18e-03
 2.15953e+22	2.47e-16	1.21e-11	4.10e-08	1.44e-05	1.41e-03	2.53e-02	9.25e-02	1.41e-01	5.93e-01	1.38e-01	8.16e-03
 2.18083e+22	2.63e-16	1.32e-11	4.54e-08	1.59e-05	1.55e-03	2.73e-02	9.77e-02	1.46e-01	5.89e-01	1.32e-01	7.46e-03
 2.20204e+22	2.82e-16	1.46e-11	5.16e-08	1.81e-05	1.75e-03	3.03e-02	1.05e-01	1.52e-01	5.81e-01	1.23e-01	6.61e-03
 2.22325e+22	2.98e-16	1.59e-11	5.71e-08	2.01e-05	1.92e-03	3.27e-02	1.10e-01	1.57e-01	5.75e-01	1.17e-01	6.03e-03
 2.24447e+22	3.16e-16	1.76e-11	6.49e-08	2.28e-05	2.17e-03	3.60e-02	1.18e-01	1.63e-01	5.67e-01	1.09e-01	5.34e-03
 2.26574e+22	3.33e-16	1.92e-11	7.17e-08	2.53e-05	2.38e-03	3.88e-02	1.24e-01	1.67e-01	5.60e-01	1.03e-01	4.86e-03
 2.28707e+22	3.53e-16	2.12e-11	8.16e-08	2.88e-05	2.68e-03	4.27e-02	1.31e-01	1.73e-01	5.50e-01	9.62e-02	4.29e-03
 2.30850e+22	3.72e-16	2.31e-11	9.05e-08	3.19e-05	2.94e-03	4.59e-02	1.38e-01	1.77e-01	5.41e-01	9.10e-02	3.89e-03
 2.33006e+22	3.95e-16	2.56e-11	1.03e-07	3.65e-05	3.31e-03	5.03e-02	1.46e-01	1.83e-01	5.30e-01	8.44e-02	3.42e-03
 2.35181e+22	4.17e-16	2.80e-11	1.15e-07	4.06e-05	3.64e-03	5.40e-02	1.52e-01	1.87e-01	5.20e-01	7.96e-02	3.10e-03
 2.37379e+22	4.44e-16	3.13e-11	1.32e-07	4.66e-05	4.11e-03	5.92e-02	1.61e-01	1.92e-01	5.07e-01	7.35e-02	2.71e-03
 2.39605e+22	4.72e-16	3.44e-11	1.48e-07	5.21e-05	4.52e-03	6.35e-02	1.67e-01	1.96e-01	4.97e-01	6.90e-02	2.45e-03
 2.41865e+22	5.06e-16	3.88e-11	1.72e-07	6.02e-05	5.11e-03	6.95e-02	1.76e-01	2.01e-01	4.82e-01	6.34e-02	2.13e-03
 2.44166e+22	5.43e-16	4.31e-11	1.95e-07	6.77e-05	5.64e-03	7.46e-02	1.83e-01	2.05e-01	4.71e-01	5.93e-02	1.91e-03
 2.46520e+22	5.89e-16	4.92e-11	2.28e-07	7.90e-05	6.41e-03	8.17e-02	1.92e-01	2.09e-01	4.55e-01	5.42e-02	1.65e-03
 2.48928e+22	6.42e-16	5.55e-11	2.61e-07	8.95e-05	7.10e-03	8.78e-02	1.99e-01	2.12e-01	4.42e-01	5.03e-02	1.47e-03
 2.50969e+22	6.92e-16	6.17e-11	2.95e-07	1.00e-04	7.78e-03	9.35e-02	2.06e-01	2.14e-01	4.30e-01	4.71e-02	1.32e-03
 2.53185e+22	7.63e-16	7.09e-11	3.46e-07	1.16e-04	8.75e-03	1.01e-01	2.14e-01	2.17e-01	4.14e-01	4.31e-02	1.14e-03
 2.55365e+22	8.28e-16	7.91e-11	3.90e-07	1.30e-04	9.54e-03	1.07e-01	2.20e-01	2.19e-01	4.03e-01	4.03e-02	1.03e-03
 2.57498e+22	9.20e-16	9.12e-11	4.56e-07	1.50e-04	1.07e-02	1.16e-01	2.28e-01	2.21e-01	3.87e-01	3.69e-02	8.99e-04
 2.59651e+22	1.01e-15	1.03e-10	5.17e-07	1.67e-04	1.16e-02	1.22e-01	2.33e-01	2.22e-01	3.75e-01	3.44e-02	8.08e-04
 2.61828e+22	1.13e-15	1.19e-10	6.09e-07	1.94e-04	1.30e-02	1.32e-01	2.41e-01	2.23e-01	3.59e-01	3.13e-02	6.99e-04
 2.64015e+22	1.26e-15	1.35e-10	6.94e-07	2.17e-04	1.42e-02	1.39e-01	2.46e-01	2.23e-01	3.47e-01	2.91e-02	6.27e-04
 2.66213e+22	1.43e-15	1.59e-10	8.21e-07	2.52e-04	1.59e-02	1.49e-01	2.53e-01	2.23e-01	3.31e-01	2.64e-02	5.41e-04
 2.68435e+22	1.61e-15	1.82e-10	9.40e-07	2.82e-04	1.73e-02	1.58e-01	2.58e-01	2.23e-01	3.19e-01	2.45e-02	4.83e-04
 2.70690e+22	1.87e-15	2.16e-10	1.12e-06	3.29e-04	1.93e-02	1.69e-01	2.65e-01	2.22e-01	3.03e-01	2.21e-02	4.14e-04
 2.72975e+22	2.14e-15	2.49e-10	1.29e-06	3.70e-04	2.10e-02	1.78e-01	2.69e-01	2.21e-01	2.90e-01	2.04e-02	3.67e-04
 2.75299e+22	2.52e-15	3.00e-10	1.55e-06	4.32e-04	2.35e-02	1.90e-01	2.75e-01	2.19e-01	2.74e-01	1.82e-02	3.12e-04
 2.77661e+22	2.92e-15	3.50e-10	1.79e-06	4.87e-04	2.56e-02	2.00e-01	2.79e-01	2.17e-01	2.61e-01	1.67e-02	2.75e-04
 2.80072e+22	3.53e-15	4.28e-10	2.17e-06	5.70e-04	2.87e-02	2.13e-01	2.84e-01	2.14e-01	2.45e-01	1.49e-02	2.32e-04
 2.82530e+22	4.16e-15	5.05e-10	2.53e-06	6.45e-04	3.13e-02	2.24e-01	2.87e-01	2.11e-01	2.32e-01	1.35e-02	2.03e-04
 2.85049e+22	5.14e-15	6.26e-10	3.10e-06	7.59e-04	3.50e-02	2.39e-01	2.91e-01	2.06e-01	2.16e-01	1.19e-02	1.69e-04
 2.87613e+22	6.16e-15	7.46e-10	3.63e-06	8.61e-04	3.82e-02	2.51e-01	2.93e-01	2.02e-01	2.04e-01	1.08e-02	1.46e-04
 2.90235e+22	7.79e-15	9.39e-10	4.47e-06	1.02e-03	4.28e-02	2.66e-01	2.95e-01	1.97e-01	1.88e-01	9.37e-03	1.20e-04
 2.92881e+22	9.46e-15	1.13e-09	5.25e-06	1.15e-03	4.65e-02	2.78e-01	2.97e-01	1.92e-01	1.77e-01	8.43e-03	1.04e-04
 2.95132e+22	1.13e-14	1.34e-09	6.10e-06	1.30e-03	5.03e-02	2.90e-01	2.97e-01	1.87e-01	1.66e-01	7.60e-03	8.97e-05
 2.97637e+22	1.44e-14	1.67e-09	7.43e-06	1.51e-03	5.57e-02	3.05e-01	2.97e-01	1.81e-01	1.53e-01	6.62e-03	7.41e-05
 3.00159e+22	1.75e-14	1.99e-09	8.62e-06	1.69e-03	6.00e-02	3.16e-01	2.97e-01	1.76e-01	1.43e-01	5.96e-03	6.41e-05
 3.02300e+22	2.10e-14	2.35e-09	9.93e-06	1.88e-03	6.43e-02	3.27e-01	2.96e-01	1.71e-01	1.34e-01	5.38e-03	5.57e-05
 3.04366e+22	2.53e-14	2.76e-09	1.14e-05	2.09e-03	6.88e-02	3.38e-01	2.95e-01	1.66e-01	1.26e-01	4.86e-03	4.83e-05
 3.06738e+22	3.20e-14	3.41e-09	1.36e-05	2.39e-03	7.49e-02	3.51e-01	2.92e-01	1.59e-01	1.16e-01	4.25e-03	4.03e-05
 3.09132e+22	3.90e-14	4.06e-09	1.58e-05	2.66e-03	8.03e-02	3.62e-01	2.90e-01	1.54e-01	1.08e-01	3.80e-03	3.46e-05
 3.11221e+22	4.70e-14	4.78e-09	1.80e-05	2.94e-03	8.55e-02	3.72e-01	2.87e-01	1.48e-01	1.01e-01	3.42e-03	3.00e-05
 3.13599e+22	5.97e-14	5.87e-09	2.14e-05	3.33e-03	9.23e-02	3.84e-01	2.83e-01	1.42e-01	9.22e-02	2.98e-03	2.50e-05
 3.16079e+22	7.41e-14	7.07e-09	2.49e-05	3.72e-03	9.89e-02	3.95e-01	2.79e-01	1.36e-01	8.50e-02	2.64e-03	2.11e-05
 3.18310e+22	9.07e-14	8.40e-09	2.87e-05	4.12e-03	1.05e-01	4.04e-01	2.75e-01	1.30e-01	7.87e-02	2.34e-03	1.81e-05
 3.20828e+22	1.18e-13	1.05e-08	3.42e-05	4.69e-03	1.14e-01	4.16e-01	2.70e-01	1.23e-01	7.12e-02	2.02e-03	1.48e-05
 3.23434e+22	1.47e-13	1.26e-08	3.98e-05	5.22e-03	1.21e-01	4.25e-01	2.65e-01	1.17e-01	6.52e-02	1.77e-03	1.24e-05
 3.26157e+22	1.95e-13	1.60e-08	4.80e-05	5.97e-03	1.31e-01	4.36e-01	2.58e-01	1.09e-01	5.83e-02	1.50e-03	9.93e-06
 3.28924e+22	2.45e-13	1.94e-08	5.60e-05	6.65e-03	1.40e-01	4.45e-01	2.51e-01	1.03e-01	5.31e-02	1.30e-03	8.25e-06
 3.31369e+22	3.06e-13	2.33e-08	6.48e-05	7.36e-03	1.48e-01	4.52e-01	2.45e-01	9.79e-02	4.84e-02	1.14e-03	6.91e-06
 3.34171e+22	4.12e-13	2.97e-08	7.85e-05	8.42e-03	1.60e-01	4.61e-01	2.37e-01	9.07e-02	4.27e-02	9.46e-04	5.43e-06
 3.36987e+22	5.15e-13	3.57e-08	9.07e-05	9.30e-03	1.69e-01	4.67e-01	2.30e-01	8.54e-02	3.88e-02	8.22e-04	4.52e-06
 3.39821e+22	6.83e-13	4.50e-08	1.09e-04	1.05e-02	1.80e-01	4.74e-01	2.21e-01	7.89e-02	3.43e-02	6.88e-04	3.58e-06
 3.42753e+22	8.81e-13	5.54e-08	1.28e-04	1.17e-02	1.91e-01	4.79e-01	2.13e-01	7.34e-02	3.06e-02	5.83e-04	2.89e-06
 3.45346e+22	1.10e-12	6.66e-08	1.47e-04	1.29e-02	2.02e-01	4.83e-01	2.06e-01	6.87e-02	2.76e-02	5.04e-04	2.39e-06
 3.48253e+22	1.46e-12	8.38e-08	1.75e-04	1.46e-02	2.14e-01	4.87e-01	1.96e-01	6.30e-02	2.42e-02	4.18e-04	1.87e-06
 3.51300e+22	1.90e-12	1.04e-07	2.06e-04	1.62e-02	2.27e-01	4.89e-01	1.88e-01	5.81e-02	2.14e-02	3.50e-04	1.49e-06
 3.53972e+22	2.38e-12	1.24e-07	2.37e-04	1.78e-02	2.38e-01	4.90e-01	1.80e-01	5.41e-02	1.92e-02	3.01e-04	1.22e-06
 3.56891e+22	3.15e-12	1.55e-07	2.81e-04	1.99e-02	2.51e-01	4.91e-01	1.71e-01	4.93e-02	1.68e-02	2.48e-04	9.57e-07
 3.60009e+22	4.09e-12	1.92e-07	3.30e-04	2.21e-02	2.64e-01	4.91e-01	1.63e-01	4.51e-02	1.47e-02	2.06e-04	7.55e-07
 3.62913e+22	5.24e-12	2.34e-07	3.83e-04	2.43e-02	2.77e-01	4.89e-01	1.55e-01	4.14e-02	1.30e-02	1.73e-04	6.03e-07
 3.65533e+22	6.47e-12	2.77e-07	4.35e-04	2.64e-02	2.88e-01	4.88e-01	1.48e-01	3.85e-02	1.16e-02	1.49e-04	4.96e-07
 3.67894e+22	7.90e-12	3.24e-07	4.90e-04	2.85e-02	2.98e-01	4.85e-01	1.41e-01	3.58e-02	1.05e-02	1.29e-04	4.12e-07
 3.70601e+22	1.01e-11	3.95e-07	5.69e-04	3.13e-02	3.11e-01	4.82e-01	1.34e-01	3.27e-02	9.20e-03	1.07e-04	3.26e-07
 3.73431e+22	1.27e-11	4.73e-07	6.50e-04	3.41e-02	3.23e-01	4.78e-01	1.27e-01	3.00e-02	8.15e-03	9.07e-05	2.64e-07
 3.75992e+22	1.57e-11	5.60e-07	7.38e-04	3.69e-02	3.34e-01	4.73e-01	1.20e-01	2.76e-02	7.25e-03	7.71e-05	2.14e-07
 3.78895e+22	2.05e-11	6.91e-07	8.63e-04	4.07e-02	3.48e-01	4.67e-01	1.13e-01	2.49e-02	6.26e-03	6.30e-05	1.66e-07
 3.81905e+22	2.59e-11	8.33e-07	9.90e-04	4.43e-02	3.60e-01	4.61e-01	1.06e-01	2.27e-02	5.49e-03	5.25e-05	1.31e-07
 3.84571e+22	3.22e-11	9.88e-07	1.12e-03	4.79e-02	3.71e-01	4.54e-01	9.99e-02	2.08e-02	4.85e-03	4.43e-05	0.00e+00
 3.87552e+22	4.20e-11	1.22e-06	1.31e-03	5.26e-02	3.85e-01	4.45e-01	9.28e-02	1.86e-02	4.16e-03	3.58e-05	0.00e+00
 3.90626e+22	5.30e-11	1.46e-06	1.50e-03	5.71e-02	3.97e-01	4.37e-01	8.68e-02	1.69e-02	3.63e-03	2.97e-05	0.00e+00
 3.93373e+22	6.62e-11	1.74e-06	1.70e-03	6.16e-02	4.08e-01	4.29e-01	8.14e-02	1.53e-02	3.18e-03	2.48e-05	0.00e+00
 3.96500e+22	8.71e-11	2.16e-06	1.99e-03	6.76e-02	4.21e-01	4.18e-01	7.49e-02	1.36e-02	2.69e-03	1.98e-05	0.00e+00
 3.99712e+22	1.11e-10	2.60e-06	2.29e-03	7.33e-02	4.33e-01	4.08e-01	6.95e-02	1.22e-02	2.32e-03	1.62e-05	0.00e+00
 4.02571e+22	1.39e-10	3.11e-06	2.60e-03	7.90e-02	4.43e-01	3.97e-01	6.46e-02	1.10e-02	2.02e-03	1.34e-05	0.00e+00
 4.05822e+22	1.83e-10	3.86e-06	3.04e-03	8.65e-02	4.56e-01	3.84e-01	5.90e-02	9.67e-03	1.69e-03	1.05e-05	0.00e+00
 4.09178e+22	2.35e-10	4.68e-06	3.50e-03	9.37e-02	4.66e-01	3.72e-01	5.42e-02	8.61e-03	1.44e-03	8.48e-06	0.00e+00
 4.12165e+22	2.95e-10	5.59e-06	3.97e-03	1.01e-01	4.75e-01	3.61e-01	5.00e-02	7.71e-03	1.24e-03	6.93e-06	0.00e+00
 4.15543e+22	3.93e-10	6.98e-06	4.66e-03	1.10e-01	4.86e-01	3.46e-01	4.51e-02	6.70e-03	1.02e-03	5.36e-06	0.00e+00
 4.19005e+22	5.03e-10	8.46e-06	5.35e-03	1.19e-01	4.95e-01	3.33e-01	4.12e-02	5.92e-03	8.66e-04	4.27e-06	0.00e+00
 4.22062e+22	6.34e-10	1.01e-05	6.07e-03	1.27e-01	5.02e-01	3.21e-01	3.77e-02	5.27e-03	7.40e-04	3.45e-06	0.00e+00
 4.25521e+22	8.45e-10	1.26e-05	7.11e-03	1.39e-01	5.10e-01	3.05e-01	3.37e-02	4.54e-03	6.05e-04	2.64e-06	0.00e+00
 4.29078e+22	1.09e-09	1.53e-05	8.15e-03	1.49e-01	5.17e-01	2.91e-01	3.04e-02	3.98e-03	5.06e-04	2.08e-06	0.00e+00
 4.32235e+22	1.37e-09	1.83e-05	9.25e-03	1.59e-01	5.21e-01	2.78e-01	2.76e-02	3.51e-03	4.27e-04	1.66e-06	0.00e+00
 4.35813e+22	1.83e-09	2.29e-05	1.08e-02	1.73e-01	5.26e-01	2.62e-01	2.44e-02	2.99e-03	3.45e-04	1.25e-06	0.00e+00
 4.39495e+22	2.37e-09	2.78e-05	1.24e-02	1.85e-01	5.29e-01	2.48e-01	2.18e-02	2.59e-03	2.85e-04	9.66e-07	0.00e+00
 4.42779e+22	3.00e-09	3.33e-05	1.41e-02	1.97e-01	5.31e-01	2.35e-01	1.96e-02	2.27e-03	2.37e-04	7.58e-07	0.00e+00
 4.46516e+22	4.06e-09	4.20e-05	1.65e-02	2.13e-01	5.32e-01	2.19e-01	1.70e-02	1.90e-03	1.88e-04	5.55e-07	0.00e+00
 4.50324e+22	5.21e-09	5.07e-05	1.88e-02	2.27e-01	5.31e-01	2.06e-01	1.51e-02	1.64e-03	1.54e-04	4.27e-07	0.00e+00
 4.54224e+22	7.10e-09	6.41e-05	2.21e-02	2.45e-01	5.29e-01	1.90e-01	1.30e-02	1.36e-03	1.20e-04	3.06e-07	0.00e+00
 4.58166e+22	9.12e-09	7.75e-05	2.52e-02	2.60e-01	5.25e-01	1.77e-01	1.14e-02	1.16e-03	9.71e-05	2.32e-07	0.00e+00
 4.61567e+22	1.15e-08	9.24e-05	2.84e-02	2.75e-01	5.21e-01	1.65e-01	1.01e-02	1.00e-03	7.96e-05	1.79e-07	0.00e+00
 4.64752e+22	1.43e-08	1.09e-04	3.17e-02	2.88e-01	5.15e-01	1.55e-01	9.01e-03	8.72e-04	6.61e-05	1.40e-07	0.00e+00
 4.68249e+22	1.85e-08	1.32e-04	3.63e-02	3.05e-01	5.08e-01	1.42e-01	7.81e-03	7.34e-04	5.25e-05	0.00e+00	0.00e+00
 4.71763e+22	2.31e-08	1.56e-04	4.05e-02	3.19e-01	5.00e-01	1.32e-01	6.89e-03	6.33e-04	4.31e-05	0.00e+00	0.00e+00
 4.74795e+22	2.82e-08	1.81e-04	4.48e-02	3.32e-01	4.92e-01	1.24e-01	6.14e-03	5.51e-04	3.59e-05	0.00e+00	0.00e+00
 4.78233e+22	3.65e-08	2.19e-04	5.09e-02	3.49e-01	4.81e-01	1.13e-01	5.27e-03	4.60e-04	2.82e-05	0.00e+00	0.00e+00
 4.81783e+22	4.52e-08	2.57e-04	5.65e-02	3.64e-01	4.71e-01	1.04e-01	4.62e-03	3.94e-04	2.30e-05	0.00e+00	0.00e+00
 4.85479e+22	5.90e-08	3.13e-04	6.44e-02	3.81e-01	4.56e-01	9.37e-02	3.91e-03	3.24e-04	1.77e-05	0.00e+00	0.00e+00
 4.89230e+22	7.40e-08	3.70e-04	7.18e-02	3.96e-01	4.43e-01	8.54e-02	3.37e-03	2.73e-04	1.41e-05	0.00e+00	0.00e+00
 4.92441e+22	9.03e-08	4.28e-04	7.90e-02	4.08e-01	4.30e-01	7.84e-02	2.95e-03	2.33e-04	1.15e-05	0.00e+00	0.00e+00
 4.96003e+22	1.16e-07	5.16e-04	8.91e-02	4.24e-01	4.13e-01	7.01e-02	2.48e-03	1.91e-04	8.81e-06	0.00e+00	0.00e+00
 4.99301e+22	1.37e-07	5.82e-04	9.63e-02	4.34e-01	4.02e-01	6.49e-02	2.21e-03	1.67e-04	7.39e-06	0.00e+00	0.00e+00
 5.02255e+22	1.67e-07	6.73e-04	1.06e-01	4.45e-01	3.87e-01	5.91e-02	1.91e-03	1.41e-04	5.95e-06	0.00e+00	0.00e+00
 5.05296e+22	1.98e-07	7.62e-04	1.14e-01	4.54e-01	3.74e-01	5.43e-02	1.69e-03	1.22e-04	4.91e-06	0.00e+00	0.00e+00
 5.08007e+22	2.33e-07	8.57e-04	1.23e-01	4.63e-01	3.62e-01	4.99e-02	1.49e-03	1.06e-04	4.08e-06	0.00e+00	0.00e+00
 5.11089e+22	2.87e-07	9.97e-04	1.35e-01	4.73e-01	3.45e-01	4.47e-02	1.27e-03	8.78e-05	3.20e-06	0.00e+00	0.00e+00
 5.14181e+22	3.37e-07	1.12e-03	1.45e-01	4.80e-01	3.32e-01	4.09e-02	1.12e-03	7.58e-05	2.64e-06	0.00e+00	0.00e+00
 5.17284e+22	4.13e-07	1.30e-03	1.59e-01	4.88e-01	3.15e-01	3.64e-02	9.44e-04	6.25e-05	2.06e-06	0.00e+00	0.00e+00
 5.20413e+22	4.85e-07	1.45e-03	1.71e-01	4.93e-01	3.01e-01	3.31e-02	8.25e-04	5.35e-05	1.69e-06	0.00e+00	0.00e+00
 5.23575e+22	5.93e-07	1.68e-03	1.86e-01	4.98e-01	2.84e-01	2.93e-02	6.95e-04	4.38e-05	1.31e-06	0.00e+00	0.00e+00
 5.26776e+22	6.96e-07	1.88e-03	1.99e-01	5.02e-01	2.70e-01	2.64e-02	6.02e-04	3.72e-05	1.06e-06	0.00e+00	0.00e+00
 5.30026e+22	8.51e-07	2.17e-03	2.17e-01	5.05e-01	2.52e-01	2.31e-02	5.01e-04	3.01e-05	8.08e-07	0.00e+00	0.00e+00
 5.32981e+22	9.63e-07	2.37e-03	2.28e-01	5.06e-01	2.41e-01	2.12e-02	4.46e-04	2.63e-05	6.81e-07	0.00e+00	0.00e+00
 5.35552e+22	1.12e-06	2.64e-03	2.43e-01	5.07e-01	2.28e-01	1.90e-02	3.86e-04	2.22e-05	5.50e-07	0.00e+00	0.00e+00
 5.38894e+22	1.36e-06	3.02e-03	2.63e-01	5.06e-01	2.11e-01	1.65e-02	3.18e-04	1.78e-05	4.15e-07	0.00e+00	0.00e+00
 5.42300e+22	1.60e-06	3.38e-03	2.80e-01	5.04e-01	1.98e-01	1.46e-02	2.70e-04	1.47e-05	3.27e-07	0.00e+00	0.00e+00
 5.45790e+22	1.94e-06	3.87e-03	3.02e-01	5.00e-01	1.81e-01	1.25e-02	2.21e-04	1.16e-05	2.43e-07	0.00e+00	0.00e+00
 5.49362e+22	2.30e-06	4.35e-03	3.22e-01	4.95e-01	1.68e-01	1.08e-02	1.84e-04	9.38e-06	1.87e-07	0.00e+00	0.00e+00
 5.52531e+22	2.70e-06	4.85e-03	3.41e-01	4.89e-01	1.55e-01	9.47e-03	1.54e-04	7.66e-06	1.45e-07	0.00e+00	0.00e+00
 5.56139e+22	3.27e-06	5.53e-03	3.66e-01	4.80e-01	1.40e-01	7.97e-03	1.24e-04	5.92e-06	0.00e+00	0.00e+00	0.00e+00
 5.59875e+22	3.86e-06	6.19e-03	3.87e-01	4.71e-01	1.28e-01	6.83e-03	1.02e-04	4.71e-06	0.00e+00	0.00e+00	0.00e+00
 5.63265e+22	4.55e-06	6.90e-03	4.09e-01	4.61e-01	1.17e-01	5.84e-03	8.37e-05	3.74e-06	0.00e+00	0.00e+00	0.00e+00
 5.66162e+22	5.12e-06	7.47e-03	4.26e-01	4.53e-01	1.09e-01	5.19e-03	7.23e-05	3.15e-06	0.00e+00	0.00e+00	0.00e+00
 5.68934e+22	5.89e-06	8.19e-03	4.45e-01	4.42e-01	9.97e-02	4.50e-03	6.06e-05	2.55e-06	0.00e+00	0.00e+00	0.00e+00
 5.71780e+22	6.62e-06	8.85e-03	4.62e-01	4.33e-01	9.24e-02	3.97e-03	5.20e-05	2.13e-06	0.00e+00	0.00e+00	0.00e+00
 5.74724e+22	7.66e-06	9.74e-03	4.83e-01	4.20e-01	8.37e-02	3.39e-03	4.29e-05	1.70e-06	0.00e+00	0.00e+00	0.00e+00
 5.77685e+22	8.60e-06	1.05e-02	5.00e-01	4.09e-01	7.71e-02	2.98e-03	3.66e-05	1.41e-06	0.00e+00	0.00e+00	0.00e+00
 5.80668e+22	9.93e-06	1.15e-02	5.21e-01	3.95e-01	6.94e-02	2.52e-03	2.99e-05	1.11e-06	0.00e+00	0.00e+00	0.00e+00
 5.83683e+22	1.12e-05	1.24e-02	5.38e-01	3.84e-01	6.35e-02	2.20e-03	2.54e-05	9.09e-07	0.00e+00	0.00e+00	0.00e+00
 5.86737e+22	1.29e-05	1.36e-02	5.59e-01	3.69e-01	5.67e-02	1.84e-03	2.06e-05	7.08e-07	0.00e+00	0.00e+00	0.00e+00
 5.89832e+22	1.45e-05	1.46e-02	5.76e-01	3.56e-01	5.16e-02	1.59e-03	1.73e-05	5.76e-07	0.00e+00	0.00e+00	0.00e+00
 5.92978e+22	1.67e-05	1.60e-02	5.97e-01	3.40e-01	4.57e-02	1.32e-03	1.39e-05	4.43e-07	0.00e+00	0.00e+00	0.00e+00
 5.95803e+22	1.82e-05	1.69e-02	6.09e-01	3.30e-01	4.24e-02	1.18e-03	1.22e-05	3.77e-07	0.00e+00	0.00e+00	0.00e+00
 5.97624e+22	1.94e-05	1.76e-02	6.18e-01	3.23e-01	4.00e-02	1.08e-03	1.10e-05	3.34e-07	0.00e+00	0.00e+00	0.00e+00
 5.99408e+22	2.10e-05	1.85e-02	6.29e-01	3.14e-01	3.73e-02	9.74e-04	9.69e-06	2.87e-07	0.00e+00	0.00e+00	0.00e+00
 6.01728e+22	2.32e-05	1.96e-02	6.44e-01	3.02e-01	3.39e-02	8.47e-04	8.24e-06	2.36e-07	0.00e+00	0.00e+00	0.00e+00
 6.04304e+22	2.55e-05	2.08e-02	6.57e-01	2.91e-01	3.10e-02	7.40e-04	7.04e-06	1.95e-07	0.00e+00	0.00e+00	0.00e+00
 6.07213e+22	2.90e-05	2.25e-02	6.74e-01	2.76e-01	2.73e-02	6.13e-04	5.67e-06	1.50e-07	0.00e+00	0.00e+00	0.00e+00
 6.09840e+22	3.14e-05	2.36e-02	6.84e-01	2.66e-01	2.52e-02	5.47e-04	4.96e-06	1.28e-07	0.00e+00	0.00e+00	0.00e+00
 6.12099e+22	3.44e-05	2.50e-02	6.96e-01	2.55e-01	2.29e-02	4.75e-04	4.22e-06	0.00e+00	0.00e+00	0.00e+00	0.00e+00
 6.15036e+22	3.89e-05	2.69e-02	7.11e-01	2.41e-01	2.01e-02	3.94e-04	3.41e-06	0.00e+00	0.00e+00	0.00e+00	0.00e+00
 6.18094e+22	4.31e-05	2.86e-02	7.24e-01	2.30e-01	1.80e-02	3.36e-04	2.83e-06	0.00e+00	0.00e+00	0.00e+00	0.00e+00
 6.21308e+22	4.91e-05	3.08e-02	7.39e-01	2.15e-01	1.55e-02	2.72e-04	2.23e-06	0.00e+00	0.00e+00	0.00e+00	0.00e+00
 6.24810e+22	5.55e-05	3.31e-02	7.52e-01	2.01e-01	1.35e-02	2.23e-04	1.78e-06	0.00e+00	0.00e+00	0.00e+00	0.00e+00
 6.28686e+22	6.50e-05	3.63e-02	7.68e-01	1.84e-01	1.12e-02	1.72e-04	1.32e-06	0.00e+00	0.00e+00	0.00e+00	0.00e+00
 6.32538e+22	7.31e-05	3.89e-02	7.79e-01	1.72e-01	9.75e-03	1.41e-04	1.06e-06	0.00e+00	0.00e+00	0.00e+00	0.00e+00
 6.36359e+22	8.45e-05	4.22e-02	7.92e-01	1.58e-01	8.11e-03	1.09e-04	7.91e-07	0.00e+00	0.00e+00	0.00e+00	0.00e+00
 6.40333e+22	9.61e-05	4.55e-02	8.02e-01	1.46e-01	6.90e-03	8.77e-05	6.14e-07	0.00e+00	0.00e+00	0.00e+00	0.00e+00
 6.44506e+22	1.13e-04	4.97e-02	8.13e-01	1.31e-01	5.59e-03	6.58e-05	4.44e-07	0.00e+00	0.00e+00	0.00e+00	0.00e+00
 6.48700e+22	1.28e-04	5.34e-02	8.21e-01	1.20e-01	4.73e-03	5.25e-05	3.43e-07	0.00e+00	0.00e+00	0.00e+00	0.00e+00
 6.52918e+22	1.50e-04	5.83e-02	8.30e-01	1.08e-01	3.80e-03	3.92e-05	2.46e-07	0.00e+00	0.00e+00	0.00e+00	0.00e+00
 6.57238e+22	1.72e-04	6.28e-02	8.36e-01	9.78e-02	3.16e-03	3.06e-05	1.86e-07	0.00e+00	0.00e+00	0.00e+00	0.00e+00
 6.61690e+22	2.04e-04	6.88e-02	8.42e-01	8.60e-02	2.47e-03	2.22e-05	1.29e-07	0.00e+00	0.00e+00	0.00e+00	0.00e+00
 6.66174e+22	2.35e-04	7.42e-02	8.46e-01	7.75e-02	2.03e-03	1.72e-05	0.00e+00	0.00e+00	0.00e+00	0.00e+00	0.00e+00
 6.70700e+22	2.79e-04	8.13e-02	8.50e-01	6.73e-02	1.57e-03	1.23e-05	0.00e+00	0.00e+00	0.00e+00	0.00e+00	0.00e+00
 6.74728e+22	3.12e-04	8.63e-02	8.50e-01	6.18e-02	1.34e-03	1.01e-05	0.00e+00	0.00e+00	0.00e+00	0.00e+00	0.00e+00
 6.78108e+22	3.56e-04	9.23e-02	8.51e-01	5.52e-02	1.09e-03	7.78e-06	0.00e+00	0.00e+00	0.00e+00	0.00e+00	0.00e+00
 6.81587e+22	4.02e-04	9.82e-02	8.51e-01	5.00e-02	9.16e-04	6.21e-06	0.00e+00	0.00e+00	0.00e+00	0.00e+00	0.00e+00
 6.84685e+22	4.46e-04	1.04e-01	8.50e-01	4.54e-02	7.74e-04	5.03e-06	0.00e+00	0.00e+00	0.00e+00	0.00e+00	0.00e+00
 6.88202e+22	5.14e-04	1.11e-01	8.48e-01	3.99e-02	6.16e-04	3.79e-06	0.00e+00	0.00e+00	0.00e+00	0.00e+00	0.00e+00
 6.91770e+22	5.81e-04	1.18e-01	8.45e-01	3.56e-02	5.07e-04	2.98e-06	0.00e+00	0.00e+00	0.00e+00	0.00e+00	0.00e+00
 6.94907e+22	6.55e-04	1.25e-01	8.42e-01	3.17e-02	4.17e-04	2.34e-06	0.00e+00	0.00e+00	0.00e+00	0.00e+00	0.00e+00
 6.98489e+22	7.60e-04	1.34e-01	8.37e-01	2.73e-02	3.23e-04	1.71e-06	0.00e+00	0.00e+00	0.00e+00	0.00e+00	0.00e+00
 7.02145e+22	8.68e-04	1.43e-01	8.32e-01	2.38e-02	2.58e-04	1.29e-06	0.00e+00	0.00e+00	0.00e+00	0.00e+00	0.00e+00
 7.05340e+22	9.85e-04	1.52e-01	8.26e-01	2.07e-02	2.07e-04	9.85e-07	0.00e+00	0.00e+00	0.00e+00	0.00e+00	0.00e+00
 7.08937e+22	1.15e-03	1.63e-01	8.19e-01	1.73e-02	1.55e-04	6.91e-07	0.00e+00	0.00e+00	0.00e+00	0.00e+00	0.00e+00
 7.12686e+22	1.33e-03	1.74e-01	8.10e-01	1.45e-02	1.18e-04	4.93e-07	0.00e+00	0.00e+00	0.00e+00	0.00e+00	0.00e+00
 7.16018e+22	1.53e-03	1.84e-01	8.02e-01	1.22e-02	9.08e-05	3.53e-07	0.00e+00	0.00e+00	0.00e+00	0.00e+00	0.00e+00
 7.19212e+22	1.75e-03	1.95e-01	7.93e-01	1.02e-02	6.95e-05	2.51e-07	0.00e+00	0.00e+00	0.00e+00	0.00e+00	0.00e+00
 7.22132e+22	1.97e-03	2.05e-01	7.84e-01	8.62e-03	5.45e-05	1.83e-07	0.00e+00	0.00e+00	0.00e+00	0.00e+00	0.00e+00
 7.24788e+22	2.21e-03	2.15e-01	7.76e-01	7.25e-03	4.27e-05	1.33e-07	0.00e+00	0.00e+00	0.00e+00	0.00e+00	0.00e+00
 7.27808e+22	2.56e-03	2.27e-01	7.65e-01	5.80e-03	3.15e-05	0.00e+00	0.00e+00	0.00e+00	0.00e+00	0.00e+00	0.00e+00
 7.30048e+22	2.72e-03	2.32e-01	7.60e-01	5.11e-03	2.67e-05	0.00e+00	0.00e+00	0.00e+00	0.00e+00	0.00e+00	0.00e+00
 7.30857e+22	2.80e-03	2.34e-01	7.58e-01	4.85e-03	2.49e-05	0.00e+00	0.00e+00	0.00e+00	0.00e+00	0.00e+00	0.00e+00
 7.31440e+22	2.88e-03	2.37e-01	7.56e-01	4.62e-03	2.34e-05	0.00e+00	0.00e+00	0.00e+00	0.00e+00	0.00e+00	0.00e+00
 7.32118e+22	2.96e-03	2.39e-01	7.53e-01	4.37e-03	2.18e-05	0.00e+00	0.00e+00	0.00e+00	0.00e+00	0.00e+00	0.00e+00
 7.32941e+22	3.09e-03	2.43e-01	7.50e-01	4.08e-03	2.00e-05	0.00e+00	0.00e+00	0.00e+00	0.00e+00	0.00e+00	0.00e+00
 7.33771e+22	3.20e-03	2.46e-01	7.47e-01	3.81e-03	1.84e-05	0.00e+00	0.00e+00	0.00e+00	0.00e+00	0.00e+00	0.00e+00
 7.34508e+22	3.31e-03	2.49e-01	7.44e-01	3.58e-03	1.70e-05	0.00e+00	0.00e+00	0.00e+00	0.00e+00	0.00e+00	0.00e+00
 7.35222e+22	3.42e-03	2.52e-01	7.42e-01	3.37e-03	1.58e-05	0.00e+00	0.00e+00	0.00e+00	0.00e+00	0.00e+00	0.00e+00
 7.35926e+22	3.53e-03	2.54e-01	7.39e-01	3.16e-03	1.46e-05	0.00e+00	0.00e+00	0.00e+00	0.00e+00	0.00e+00	0.00e+00
 7.36616e+22	3.63e-03	2.57e-01	7.37e-01	2.98e-03	1.36e-05	0.00e+00	0.00e+00	0.00e+00	0.00e+00	0.00e+00	0.00e+00
 7.37328e+22	3.76e-03	2.59e-01	7.34e-01	2.79e-03	1.26e-05	0.00e+00	0.00e+00	0.00e+00	0.00e+00	0.00e+00	0.00e+00
 7.38036e+22	3.88e-03	2.62e-01	7.31e-01	2.61e-03	1.17e-05	0.00e+00	0.00e+00	0.00e+00	0.00e+00	0.00e+00	0.00e+00
 7.38698e+22	4.01e-03	2.65e-01	7.29e-01	2.45e-03	1.08e-05	0.00e+00	0.00e+00	0.00e+00	0.00e+00	0.00e+00	0.00e+00
 7.39333e+22	4.13e-03	2.67e-01	7.26e-01	2.31e-03	1.01e-05	0.00e+00	0.00e+00	0.00e+00	0.00e+00	0.00e+00	0.00e+00
 7.39964e+22	4.26e-03	2.70e-01	7.24e-01	2.17e-03	9.40e-06	0.00e+00	0.00e+00	0.00e+00	0.00e+00	0.00e+00	0.00e+00
 7.40598e+22	4.37e-03	2.72e-01	7.22e-01	2.04e-03	8.78e-06	0.00e+00	0.00e+00	0.00e+00	0.00e+00	0.00e+00	0.00e+00
 7.41241e+22	4.51e-03	2.74e-01	7.20e-01	1.91e-03	8.16e-06	0.00e+00	0.00e+00	0.00e+00	0.00e+00	0.00e+00	0.00e+00
 7.41877e+22	4.64e-03	2.76e-01	7.17e-01	1.79e-03	7.61e-06	0.00e+00	0.00e+00	0.00e+00	0.00e+00	0.00e+00	0.00e+00
 7.42491e+22	4.78e-03	2.78e-01	7.15e-01	1.68e-03	7.10e-06	0.00e+00	0.00e+00	0.00e+00	0.00e+00	0.00e+00	0.00e+00
 7.43088e+22	4.91e-03	2.80e-01	7.13e-01	1.58e-03	6.64e-06	0.00e+00	0.00e+00	0.00e+00	0.00e+00	0.00e+00	0.00e+00
 7.43675e+22	5.07e-03	2.83e-01	7.11e-01	1.49e-03	6.20e-06	0.00e+00	0.00e+00	0.00e+00	0.00e+00	0.00e+00	0.00e+00
 7.44247e+22	5.19e-03	2.84e-01	7.09e-01	1.40e-03	5.82e-06	0.00e+00	0.00e+00	0.00e+00	0.00e+00	0.00e+00	0.00e+00
 7.44819e+22	5.35e-03	2.87e-01	7.07e-01	1.32e-03	5.45e-06	0.00e+00	0.00e+00	0.00e+00	0.00e+00	0.00e+00	0.00e+00
 7.45404e+22	5.51e-03	2.89e-01	7.04e-01	1.23e-03	5.10e-06	0.00e+00	0.00e+00	0.00e+00	0.00e+00	0.00e+00	0.00e+00
 7.45957e+22	5.66e-03	2.91e-01	7.03e-01	1.16e-03	4.79e-06	0.00e+00	0.00e+00	0.00e+00	0.00e+00	0.00e+00	0.00e+00
 7.46495e+22	5.82e-03	2.92e-01	7.01e-01	1.10e-03	4.50e-06	0.00e+00	0.00e+00	0.00e+00	0.00e+00	0.00e+00	0.00e+00
 7.47039e+22	5.98e-03	2.94e-01	6.99e-01	1.03e-03	4.24e-06	0.00e+00	0.00e+00	0.00e+00	0.00e+00	0.00e+00	0.00e+00
 7.47586e+22	6.14e-03	2.96e-01	6.97e-01	9.71e-04	3.98e-06	0.00e+00	0.00e+00	0.00e+00	0.00e+00	0.00e+00	0.00e+00
 7.48131e+22	6.31e-03	2.97e-01	6.95e-01	9.14e-04	3.75e-06	0.00e+00	0.00e+00	0.00e+00	0.00e+00	0.00e+00	0.00e+00
 7.48671e+22	6.46e-03	2.99e-01	6.94e-01	8.62e-04	3.54e-06	0.00e+00	0.00e+00	0.00e+00	0.00e+00	0.00e+00	0.00e+00
 7.49219e+22	6.64e-03	3.00e-01	6.92e-01	8.11e-04	3.33e-06	0.00e+00	0.00e+00	0.00e+00	0.00e+00	0.00e+00	0.00e+00
 7.49771e+22	6.84e-03	3.02e-01	6.90e-01	7.62e-04	3.13e-06	0.00e+00	0.00e+00	0.00e+00	0.00e+00	0.00e+00	0.00e+00
 7.50293e+22	7.03e-03	3.04e-01	6.89e-01	7.19e-04	2.96e-06	0.00e+00	0.00e+00	0.00e+00	0.00e+00	0.00e+00	0.00e+00
 7.50794e+22	7.21e-03	3.05e-01	6.87e-01	6.80e-04	2.80e-06	0.00e+00	0.00e+00	0.00e+00	0.00e+00	0.00e+00	0.00e+00
 7.51306e+22	7.35e-03	3.06e-01	6.86e-01	6.45e-04	2.66e-06	0.00e+00	0.00e+00	0.00e+00	0.00e+00	0.00e+00	0.00e+00
 7.51870e+22	7.57e-03	3.07e-01	6.85e-01	6.05e-04	2.51e-06	0.00e+00	0.00e+00	0.00e+00	0.00e+00	0.00e+00	0.00e+00
 7.52446e+22	7.81e-03	3.09e-01	6.83e-01	5.68e-04	2.36e-06	0.00e+00	0.00e+00	0.00e+00	0.00e+00	0.00e+00	0.00e+00
 7.52962e+22	8.00e-03	3.10e-01	6.82e-01	5.38e-04	2.24e-06	0.00e+00	0.00e+00	0.00e+00	0.00e+00	0.00e+00	0.00e+00
 7.53461e+22	8.20e-03	3.11e-01	6.80e-01	5.10e-04	2.13e-06	0.00e+00	0.00e+00	0.00e+00	0.00e+00	0.00e+00	0.00e+00
 7.53984e+22	8.42e-03	3.12e-01	6.79e-01	4.82e-04	2.02e-06	0.00e+00	0.00e+00	0.00e+00	0.00e+00	0.00e+00	0.00e+00
 7.54522e+22	8.64e-03	3.13e-01	6.78e-01	4.56e-04	1.92e-06	0.00e+00	0.00e+00	0.00e+00	0.00e+00	0.00e+00	0.00e+00
 7.55067e+22	8.90e-03	3.15e-01	6.76e-01	4.31e-04	1.82e-06	0.00e+00	0.00e+00	0.00e+00	0.00e+00	0.00e+00	0.00e+00
 7.55602e+22	9.13e-03	3.16e-01	6.75e-01	4.08e-04	1.74e-06	0.00e+00	0.00e+00	0.00e+00	0.00e+00	0.00e+00	0.00e+00
 7.56127e+22	9.37e-03	3.17e-01	6.74e-01	3.87e-04	1.66e-06	0.00e+00	0.00e+00	0.00e+00	0.00e+00	0.00e+00	0.00e+00
 7.56668e+22	9.63e-03	3.18e-01	6.72e-01	3.67e-04	1.58e-06	0.00e+00	0.00e+00	0.00e+00	0.00e+00	0.00e+00	0.00e+00
 7.57226e+22	9.90e-03	3.19e-01	6.71e-01	3.48e-04	1.50e-06	0.00e+00	0.00e+00	0.00e+00	0.00e+00	0.00e+00	0.00e+00
 7.57791e+22	1.02e-02	3.20e-01	6.70e-01	3.29e-04	1.43e-06	0.00e+00	0.00e+00	0.00e+00	0.00e+00	0.00e+00	0.00e+00
 7.58352e+22	1.05e-02	3.21e-01	6.68e-01	3.12e-04	1.37e-06	0.00e+00	0.00e+00	0.00e+00	0.00e+00	0.00e+00	0.00e+00
 7.58916e+22	1.08e-02	3.22e-01	6.67e-01	2.97e-04	1.31e-06	0.00e+00	0.00e+00	0.00e+00	0.00e+00	0.00e+00	0.00e+00
 7.59499e+22	1.11e-02	3.23e-01	6.65e-01	2.82e-04	1.25e-06	0.00e+00	0.00e+00	0.00e+00	0.00e+00	0.00e+00	0.00e+00
 7.60101e+22	1.14e-02	3.24e-01	6.64e-01	2.67e-04	1.20e-06	0.00e+00	0.00e+00	0.00e+00	0.00e+00	0.00e+00	0.00e+00
 7.60717e+22	1.18e-02	3.26e-01	6.62e-01	2.53e-04	1.14e-06	0.00e+00	0.00e+00	0.00e+00	0.00e+00	0.00e+00	0.00e+00
 7.61332e+22	1.22e-02	3.27e-01	6.60e-01	2.41e-04	1.10e-06	0.00e+00	0.00e+00	0.00e+00	0.00e+00	0.00e+00	0.00e+00
 7.61954e+22	1.26e-02	3.29e-01	6.59e-01	2.29e-04	1.05e-06	0.00e+00	0.00e+00	0.00e+00	0.00e+00	0.00e+00	0.00e+00
 7.62535e+22	1.30e-02	3.30e-01	6.57e-01	2.19e-04	1.01e-06	0.00e+00	0.00e+00	0.00e+00	0.00e+00	0.00e+00	0.00e+00
 7.63041e+22	1.33e-02	3.31e-01	6.55e-01	2.11e-04	9.84e-07	0.00e+00	0.00e+00	0.00e+00	0.00e+00	0.00e+00	0.00e+00
 7.63544e+22	1.37e-02	3.33e-01	6.53e-01	2.03e-04	9.54e-07	0.00e+00	0.00e+00	0.00e+00	0.00e+00	0.00e+00	0.00e+00
 7.64087e+22	1.41e-02	3.34e-01	6.51e-01	1.95e-04	9.24e-07	0.00e+00	0.00e+00	0.00e+00	0.00e+00	0.00e+00	0.00e+00
 7.64659e+22	1.46e-02	3.36e-01	6.49e-01	1.87e-04	8.93e-07	0.00e+00	0.00e+00	0.00e+00	0.00e+00	0.00e+00	0.00e+00
 7.65223e+22	1.50e-02	3.38e-01	6.47e-01	1.80e-04	8.67e-07	0.00e+00	0.00e+00	0.00e+00	0.00e+00	0.00e+00	0.00e+00
 7.65789e+22	1.55e-02	3.40e-01	6.44e-01	1.72e-04	8.40e-07	0.00e+00	0.00e+00	0.00e+00	0.00e+00	0.00e+00	0.00e+00
 7.66367e+22	1.60e-02	3.42e-01	6.42e-01	1.66e-04	8.15e-07	0.00e+00	0.00e+00	0.00e+00	0.00e+00	0.00e+00	0.00e+00
 7.66966e+22	1.65e-02	3.45e-01	6.39e-01	1.59e-04	7.90e-07	0.00e+00	0.00e+00	0.00e+00	0.00e+00	0.00e+00	0.00e+00
 7.67586e+22	1.72e-02	3.47e-01	6.35e-01	1.53e-04	7.65e-07	0.00e+00	0.00e+00	0.00e+00	0.00e+00	0.00e+00	0.00e+00
 7.68193e+22	1.77e-02	3.50e-01	6.32e-01	1.47e-04	7.43e-07	0.00e+00	0.00e+00	0.00e+00	0.00e+00	0.00e+00	0.00e+00
 7.68804e+22	1.84e-02	3.52e-01	6.29e-01	1.41e-04	7.22e-07	0.00e+00	0.00e+00	0.00e+00	0.00e+00	0.00e+00	0.00e+00
 7.69451e+22	1.91e-02	3.55e-01	6.25e-01	1.35e-04	7.00e-07	0.00e+00	0.00e+00	0.00e+00	0.00e+00	0.00e+00	0.00e+00
 7.70119e+22	1.99e-02	3.59e-01	6.21e-01	1.30e-04	6.79e-07	0.00e+00	0.00e+00	0.00e+00	0.00e+00	0.00e+00	0.00e+00
 7.70779e+22	2.06e-02	3.62e-01	6.18e-01	1.25e-04	6.60e-07	0.00e+00	0.00e+00	0.00e+00	0.00e+00	0.00e+00	0.00e+00
 7.71445e+22	2.14e-02	3.65e-01	6.14e-01	1.20e-04	6.41e-07	0.00e+00	0.00e+00	0.00e+00	0.00e+00	0.00e+00	0.00e+00
 7.72141e+22	2.23e-02	3.68e-01	6.09e-01	1.15e-04	6.22e-07	0.00e+00	0.00e+00	0.00e+00	0.00e+00	0.00e+00	0.00e+00
 7.72860e+22	2.33e-02	3.72e-01	6.04e-01	1.10e-04	6.03e-07	0.00e+00	0.00e+00	0.00e+00	0.00e+00	0.00e+00	0.00e+00
 7.73583e+22	2.42e-02	3.76e-01	6.00e-01	1.06e-04	5.86e-07	0.00e+00	0.00e+00	0.00e+00	0.00e+00	0.00e+00	0.00e+00
 7.74315e+22	2.52e-02	3.80e-01	5.95e-01	1.01e-04	5.69e-07	0.00e+00	0.00e+00	0.00e+00	0.00e+00	0.00e+00	0.00e+00
 7.75076e+22	2.64e-02	3.84e-01	5.89e-01	9.70e-05	5.52e-07	0.00e+00	0.00e+00	0.00e+00	0.00e+00	0.00e+00	0.00e+00
 7.75858e+22	2.75e-02	3.88e-01	5.84e-01	9.29e-05	5.36e-07	0.00e+00	0.00e+00	0.00e+00	0.00e+00	0.00e+00	0.00e+00
 7.76654e+22	2.87e-02	3.93e-01	5.78e-01	8.89e-05	5.20e-07	0.00e+00	0.00e+00	0.00e+00	0.00e+00	0.00e+00	0.00e+00
 7.77473e+22	3.00e-02	3.97e-01	5.72e-01	8.50e-05	5.05e-07	0.00e+00	0.00e+00	0.00e+00	0.00e+00	0.00e+00	0.00e+00
 7.78315e+22	3.14e-02	4.02e-01	5.66e-01	8.12e-05	4.90e-07	0.00e+00	0.00e+00	0.00e+00	0.00e+00	0.00e+00	0.00e+00
 7.79183e+22	3.29e-02	4.07e-01	5.60e-01	7.76e-05	4.75e-07	0.00e+00	0.00e+00	0.00e+00	0.00e+00	0.00e+00	0.00e+00
 7.80075e+22	3.44e-02	4.12e-01	5.53e-01	7.40e-05	4.60e-07	0.00e+00	0.00e+00	0.00e+00	0.00e+00	0.00e+00	0.00e+00
 7.80980e+22	3.61e-02	4.17e-01	5.47e-01	7.07e-05	4.46e-07	0.00e+00	0.00e+00	0.00e+00	0.00e+00	0.00e+00	0.00e+00
 7.81899e+22	3.77e-02	4.22e-01	5.40e-01	6.75e-05	4.33e-07	0.00e+00	0.00e+00	0.00e+00	0.00e+00	0.00e+00	0.00e+00
 7.82835e+22	3.95e-02	4.27e-01	5.33e-01	6.44e-05	4.20e-07	0.00e+00	0.00e+00	0.00e+00	0.00e+00	0.00e+00	0.00e+00
 7.83792e+22	4.15e-02	4.33e-01	5.25e-01	6.14e-05	4.07e-07	0.00e+00	0.00e+00	0.00e+00	0.00e+00	0.00e+00	0.00e+00
 7.84791e+22	4.35e-02	4.39e-01	5.18e-01	5.84e-05	3.94e-07	0.00e+00	0.00e+00	0.00e+00	0.00e+00	0.00e+00	0.00e+00
 7.85829e+22	4.57e-02	4.45e-01	5.10e-01	5.56e-05	3.81e-07	0.00e+00	0.00e+00	0.00e+00	0.00e+00	0.00e+00	0.00e+00
 7.86869e+22	4.79e-02	4.50e-01	5.02e-01	5.30e-05	3.69e-07	0.00e+00	0.00e+00	0.00e+00	0.00e+00	0.00e+00	0.00e+00
 7.87911e+22	5.03e-02	4.56e-01	4.94e-01	5.05e-05	3.57e-07	0.00e+00	0.00e+00	0.00e+00	0.00e+00	0.00e+00	0.00e+00
 7.89006e+22	5.30e-02	4.62e-01	4.85e-01	4.79e-05	3.45e-07	0.00e+00	0.00e+00	0.00e+00	0.00e+00	0.00e+00	0.00e+00
 7.90163e+22	5.59e-02	4.68e-01	4.76e-01	4.54e-05	3.32e-07	0.00e+00	0.00e+00	0.00e+00	0.00e+00	0.00e+00	0.00e+00
 7.91348e+22	5.90e-02	4.74e-01	4.67e-01	4.30e-05	3.20e-07	0.00e+00	0.00e+00	0.00e+00	0.00e+00	0.00e+00	0.00e+00
 7.92553e+22	6.23e-02	4.81e-01	4.57e-01	4.07e-05	3.08e-07	0.00e+00	0.00e+00	0.00e+00	0.00e+00	0.00e+00	0.00e+00
 7.93802e+22	6.59e-02	4.87e-01	4.47e-01	3.85e-05	2.96e-07	0.00e+00	0.00e+00	0.00e+00	0.00e+00	0.00e+00	0.00e+00
 7.95091e+22	6.99e-02	4.94e-01	4.36e-01	3.63e-05	2.83e-07	0.00e+00	0.00e+00	0.00e+00	0.00e+00	0.00e+00	0.00e+00
 7.96351e+22	7.39e-02	5.00e-01	4.26e-01	3.43e-05	2.71e-07	0.00e+00	0.00e+00	0.00e+00	0.00e+00	0.00e+00	0.00e+00
 7.97543e+22	7.79e-02	5.06e-01	4.17e-01	3.26e-05	2.61e-07	0.00e+00	0.00e+00	0.00e+00	0.00e+00	0.00e+00	0.00e+00
 7.98691e+22	8.20e-02	5.11e-01	4.07e-01	3.09e-05	2.50e-07	0.00e+00	0.00e+00	0.00e+00	0.00e+00	0.00e+00	0.00e+00
 7.99797e+22	8.61e-02	5.16e-01	3.98e-01	2.94e-05	2.40e-07	0.00e+00	0.00e+00	0.00e+00	0.00e+00	0.00e+00	0.00e+00
 8.00865e+22	9.04e-02	5.21e-01	3.89e-01	2.81e-05	2.31e-07	0.00e+00	0.00e+00	0.00e+00	0.00e+00	0.00e+00	0.00e+00
 8.01896e+22	9.46e-02	5.25e-01	3.80e-01	2.67e-05	2.22e-07	0.00e+00	0.00e+00	0.00e+00	0.00e+00	0.00e+00	0.00e+00
 8.02883e+22	9.90e-02	5.29e-01	3.72e-01	2.52e-05	2.13e-07	0.00e+00	0.00e+00	0.00e+00	0.00e+00	0.00e+00	0.00e+00
 8.03819e+22	1.03e-01	5.33e-01	3.64e-01	2.38e-05	2.05e-07	0.00e+00	0.00e+00	0.00e+00	0.00e+00	0.00e+00	0.00e+00
 8.04712e+22	1.08e-01	5.37e-01	3.56e-01	2.25e-05	1.98e-07	0.00e+00	0.00e+00	0.00e+00	0.00e+00	0.00e+00	0.00e+00
 8.05551e+22	1.12e-01	5.40e-01	3.48e-01	2.14e-05	1.91e-07	0.00e+00	0.00e+00	0.00e+00	0.00e+00	0.00e+00	0.00e+00
 8.06362e+22	1.16e-01	5.43e-01	3.41e-01	2.04e-05	1.84e-07	0.00e+00	0.00e+00	0.00e+00	0.00e+00	0.00e+00	0.00e+00
 8.07171e+22	1.21e-01	5.46e-01	3.33e-01	1.94e-05	1.77e-07	0.00e+00	0.00e+00	0.00e+00	0.00e+00	0.00e+00	0.00e+00
 8.07952e+22	1.25e-01	5.49e-01	3.26e-01	1.85e-05	1.70e-07	0.00e+00	0.00e+00	0.00e+00	0.00e+00	0.00e+00	0.00e+00
 8.08704e+22	1.30e-01	5.51e-01	3.19e-01	1.76e-05	1.64e-07	0.00e+00	0.00e+00	0.00e+00	0.00e+00	0.00e+00	0.00e+00
 8.09427e+22	1.35e-01	5.53e-01	3.12e-01	1.68e-05	1.58e-07	0.00e+00	0.00e+00	0.00e+00	0.00e+00	0.00e+00	0.00e+00
 8.10125e+22	1.39e-01	5.55e-01	3.05e-01	1.60e-05	1.52e-07	0.00e+00	0.00e+00	0.00e+00	0.00e+00	0.00e+00	0.00e+00
 8.10800e+22	1.44e-01	5.57e-01	2.99e-01	1.53e-05	1.47e-07	0.00e+00	0.00e+00	0.00e+00	0.00e+00	0.00e+00	0.00e+00
 8.11451e+22	1.49e-01	5.59e-01	2.92e-01	1.47e-05	1.42e-07	0.00e+00	0.00e+00	0.00e+00	0.00e+00	0.00e+00	0.00e+00
 8.12079e+22	1.53e-01	5.61e-01	2.86e-01	1.40e-05	1.37e-07	0.00e+00	0.00e+00	0.00e+00	0.00e+00	0.00e+00	0.00e+00
 8.12685e+22	1.58e-01	5.62e-01	2.80e-01	1.35e-05	1.32e-07	0.00e+00	0.00e+00	0.00e+00	0.00e+00	0.00e+00	0.00e+00
 8.13270e+22	1.63e-01	5.63e-01	2.74e-01	1.29e-05	1.27e-07	0.00e+00	0.00e+00	0.00e+00	0.00e+00	0.00e+00	0.00e+00
 8.13834e+22	1.68e-01	5.64e-01	2.68e-01	1.24e-05	0.00e+00	0.00e+00	0.00e+00	0.00e+00	0.00e+00	0.00e+00	0.00e+00
 8.14379e+22	1.73e-01	5.65e-01	2.62e-01	1.19e-05	0.00e+00	0.00e+00	0.00e+00	0.00e+00	0.00e+00	0.00e+00	0.00e+00
 8.14891e+22	1.78e-01	5.66e-01	2.56e-01	1.14e-05	0.00e+00	0.00e+00	0.00e+00	0.00e+00	0.00e+00	0.00e+00	0.00e+00
 8.15356e+22	1.82e-01	5.67e-01	2.51e-01	1.10e-05	0.00e+00	0.00e+00	0.00e+00	0.00e+00	0.00e+00	0.00e+00	0.00e+00
 8.15779e+22	1.87e-01	5.67e-01	2.46e-01	1.07e-05	0.00e+00	0.00e+00	0.00e+00	0.00e+00	0.00e+00	0.00e+00	0.00e+00
 8.16165e+22	1.91e-01	5.68e-01	2.41e-01	1.04e-05	0.00e+00	0.00e+00	0.00e+00	0.00e+00	0.00e+00	0.00e+00	0.00e+00
 8.16515e+22	1.95e-01	5.68e-01	2.37e-01	1.01e-05	0.00e+00	0.00e+00	0.00e+00	0.00e+00	0.00e+00	0.00e+00	0.00e+00
 8.16834e+22	1.99e-01	5.68e-01	2.33e-01	9.80e-06	0.00e+00	0.00e+00	0.00e+00	0.00e+00	0.00e+00	0.00e+00	0.00e+00
 8.17125e+22	2.02e-01	5.68e-01	2.30e-01	9.57e-06	0.00e+00	0.00e+00	0.00e+00	0.00e+00	0.00e+00	0.00e+00	0.00e+00
 8.17443e+22	2.06e-01	5.68e-01	2.26e-01	9.28e-06	0.00e+00	0.00e+00	0.00e+00	0.00e+00	0.00e+00	0.00e+00	0.00e+00
 8.17786e+22	2.10e-01	5.68e-01	2.22e-01	9.03e-06	0.00e+00	0.00e+00	0.00e+00	0.00e+00	0.00e+00	0.00e+00	0.00e+00
 8.18099e+22	2.14e-01	5.68e-01	2.18e-01	8.80e-06	0.00e+00	0.00e+00	0.00e+00	0.00e+00	0.00e+00	0.00e+00	0.00e+00
 8.18383e+22	2.17e-01	5.68e-01	2.15e-01	8.59e-06	0.00e+00	0.00e+00	0.00e+00	0.00e+00	0.00e+00	0.00e+00	0.00e+00
 8.18642e+22	2.20e-01	5.67e-01	2.12e-01	8.41e-06	0.00e+00	0.00e+00	0.00e+00	0.00e+00	0.00e+00	0.00e+00	0.00e+00
 8.18926e+22	2.25e-01	5.67e-01	2.08e-01	8.18e-06	0.00e+00	0.00e+00	0.00e+00	0.00e+00	0.00e+00	0.00e+00	0.00e+00
 8.19295e+22	2.30e-01	5.66e-01	2.04e-01	7.89e-06	0.00e+00	0.00e+00	0.00e+00	0.00e+00	0.00e+00	0.00e+00	0.00e+00
 8.19693e+22	2.34e-01	5.66e-01	2.00e-01	7.66e-06	0.00e+00	0.00e+00	0.00e+00	0.00e+00	0.00e+00	0.00e+00	0.00e+00
 8.20055e+22	2.38e-01	5.65e-01	1.96e-01	7.42e-06	0.00e+00	0.00e+00	0.00e+00	0.00e+00	0.00e+00	0.00e+00	0.00e+00
