#depth	He	He+	He+2
 4.62852e+21	1.00e-09	4.14e-05	1.00e+00
 1.02747e+22	1.77e-09	6.64e-05	1.00e+00
 1.18013e+22	2.34e-09	8.24e-05	1.00e+00
 1.25646e+22	2.68e-09	9.14e-05	1.00e+00
 1.28826e+22	2.78e-09	9.41e-05	1.00e+00
 1.30289e+22	2.91e-09	9.74e-05	1.00e+00
 1.31772e+22	3.00e-09	9.93e-05	1.00e+00
 1.33280e+22	3.12e-09	1.03e-04	1.00e+00
 1.34875e+22	3.25e-09	1.06e-04	1.00e+00
 1.36352e+22	3.37e-09	1.09e-04	1.00e+00
 1.38041e+22	3.54e-09	1.13e-04	1.00e+00
 1.39773e+22	3.69e-09	1.16e-04	1.00e+00
 1.41561e+22	3.87e-09	1.20e-04	1.00e+00
 1.43406e+22	4.05e-09	1.24e-04	1.00e+00
 1.45074e+22	4.22e-09	1.28e-04	1.00e+00
 1.46990e+22	4.46e-09	1.34e-04	1.00e+00
 1.48939e+22	4.66e-09	1.38e-04	1.00e+00
 1.50930e+22	4.91e-09	1.44e-04	1.00e+00
 1.52957e+22	5.15e-09	1.49e-04	1.00e+00
 1.54737e+22	5.37e-09	1.54e-04	1.00e+00
 1.56757e+22	5.67e-09	1.60e-04	1.00e+00
 1.58832e+22	5.93e-09	1.66e-04	1.00e+00
 1.60687e+22	6.18e-09	1.72e-04	1.00e+00
 1.62807e+22	6.53e-09	1.80e-04	1.00e+00
 1.64978e+22	6.82e-09	1.87e-04	1.00e+00
 1.66884e+22	7.12e-09	1.94e-04	1.00e+00
 1.69032e+22	7.48e-09	2.04e-04	1.00e+00
 1.71222e+22	7.78e-09	2.12e-04	1.00e+00
 1.73466e+22	8.17e-09	2.23e-04	1.00e+00
 1.75725e+22	8.49e-09	2.32e-04	1.00e+00
 1.77592e+22	8.76e-09	2.41e-04	1.00e+00
 1.79609e+22	9.10e-09	2.53e-04	1.00e+00
 1.81629e+22	9.36e-09	2.63e-04	1.00e+00
 1.83651e+22	9.67e-09	2.76e-04	1.00e+00
 1.85686e+22	9.94e-09	2.87e-04	1.00e+00
 1.87737e+22	1.02e-08	3.02e-04	1.00e+00
 1.89812e+22	1.05e-08	3.15e-04	1.00e+00
 1.91918e+22	1.07e-08	3.32e-04	1.00e+00
 1.94067e+22	1.09e-08	3.47e-04	1.00e+00
 1.96271e+22	1.11e-08	3.67e-04	1.00e+00
 1.98519e+22	1.13e-08	3.85e-04	1.00e+00
 2.00818e+22	1.14e-08	4.09e-04	1.00e+00
 2.03149e+22	1.16e-08	4.29e-04	1.00e+00
 2.05440e+22	1.17e-08	4.55e-04	1.00e+00
 2.07647e+22	1.18e-08	4.76e-04	1.00e+00
 2.09541e+22	1.18e-08	4.98e-04	1.00e+00
 2.11669e+22	1.19e-08	5.27e-04	9.99e-01
 2.13800e+22	1.20e-08	5.51e-04	9.99e-01
 2.15953e+22	1.21e-08	5.83e-04	9.99e-01
 2.18083e+22	1.22e-08	6.09e-04	9.99e-01
 2.20204e+22	1.23e-08	6.44e-04	9.99e-01
 2.22325e+22	1.25e-08	6.72e-04	9.99e-01
 2.24447e+22	1.28e-08	7.11e-04	9.99e-01
 2.26574e+22	1.30e-08	7.42e-04	9.99e-01
 2.28707e+22	1.34e-08	7.84e-04	9.99e-01
 2.30850e+22	1.38e-08	8.18e-04	9.99e-01
 2.33006e+22	1.44e-08	8.64e-04	9.99e-01
 2.35181e+22	1.50e-08	9.02e-04	9.99e-01
 2.37379e+22	1.59e-08	9.54e-04	9.99e-01
 2.39605e+22	1.67e-08	9.96e-04	9.99e-01
 2.41865e+22	1.78e-08	1.05e-03	9.99e-01
 2.44166e+22	1.89e-08	1.10e-03	9.99e-01
 2.46520e+22	2.05e-08	1.17e-03	9.99e-01
 2.48928e+22	2.20e-08	1.22e-03	9.99e-01
 2.50969e+22	2.35e-08	1.27e-03	9.99e-01
 2.53185e+22	2.56e-08	1.34e-03	9.99e-01
 2.55365e+22	2.74e-08	1.39e-03	9.99e-01
 2.57498e+22	3.00e-08	1.47e-03	9.99e-01
 2.59651e+22	3.22e-08	1.52e-03	9.98e-01
 2.61828e+22	3.54e-08	1.61e-03	9.98e-01
 2.64015e+22	3.80e-08	1.67e-03	9.98e-01
 2.66213e+22	4.19e-08	1.76e-03	9.98e-01
 2.68435e+22	4.52e-08	1.82e-03	9.98e-01
 2.70690e+22	5.01e-08	1.92e-03	9.98e-01
 2.72975e+22	5.42e-08	2.00e-03	9.98e-01
 2.75299e+22	6.02e-08	2.11e-03	9.98e-01
 2.77661e+22	6.53e-08	2.20e-03	9.98e-01
 2.80072e+22	7.29e-08	2.32e-03	9.98e-01
 2.82530e+22	7.94e-08	2.42e-03	9.98e-01
 2.85049e+22	8.90e-08	2.56e-03	9.97e-01
 2.87613e+22	9.72e-08	2.67e-03	9.97e-01
 2.90235e+22	1.09e-07	2.83e-03	9.97e-01
 2.92881e+22	1.20e-07	2.95e-03	9.97e-01
 2.95132e+22	1.30e-07	3.08e-03	9.97e-01
 2.97637e+22	1.46e-07	3.25e-03	9.97e-01
 3.00159e+22	1.58e-07	3.39e-03	9.97e-01
 3.02300e+22	1.71e-07	3.52e-03	9.96e-01
 3.04366e+22	1.85e-07	3.66e-03	9.96e-01
 3.06738e+22	2.05e-07	3.84e-03	9.96e-01
 3.09132e+22	2.23e-07	4.00e-03	9.96e-01
 3.11221e+22	2.41e-07	4.16e-03	9.96e-01
 3.13599e+22	2.65e-07	4.36e-03	9.96e-01
 3.16079e+22	2.90e-07	4.55e-03	9.95e-01
 3.18310e+22	3.14e-07	4.73e-03	9.95e-01
 3.20828e+22	3.49e-07	4.98e-03	9.95e-01
 3.23434e+22	3.81e-07	5.20e-03	9.95e-01
 3.26157e+22	4.26e-07	5.49e-03	9.95e-01
 3.28924e+22	4.66e-07	5.74e-03	9.94e-01
 3.31369e+22	5.09e-07	5.99e-03	9.94e-01
 3.34171e+22	5.72e-07	6.35e-03	9.94e-01
 3.36987e+22	6.24e-07	6.63e-03	9.93e-01
 3.39821e+22	6.97e-07	6.99e-03	9.93e-01
 3.42753e+22	7.70e-07	7.35e-03	9.93e-01
 3.45346e+22	8.42e-07	7.67e-03	9.92e-01
 3.48253e+22	9.40e-07	8.11e-03	9.92e-01
 3.51300e+22	1.04e-06	8.53e-03	9.91e-01
 3.53972e+22	1.14e-06	8.91e-03	9.91e-01
 3.56891e+22	1.27e-06	9.41e-03	9.91e-01
 3.60009e+22	1.41e-06	9.90e-03	9.90e-01
 3.62913e+22	1.56e-06	1.04e-02	9.90e-01
 3.65533e+22	1.70e-06	1.08e-02	9.89e-01
 3.67894e+22	1.84e-06	1.13e-02	9.89e-01
 3.70601e+22	2.03e-06	1.18e-02	9.88e-01
 3.73431e+22	2.22e-06	1.24e-02	9.88e-01
 3.75992e+22	2.43e-06	1.29e-02	9.87e-01
 3.78895e+22	2.70e-06	1.36e-02	9.86e-01
 3.81905e+22	2.97e-06	1.43e-02	9.86e-01
 3.84571e+22	3.25e-06	1.49e-02	9.85e-01
 3.87552e+22	3.63e-06	1.58e-02	9.84e-01
 3.90626e+22	3.99e-06	1.65e-02	9.83e-01
 3.93373e+22	4.38e-06	1.73e-02	9.83e-01
 3.96500e+22	4.91e-06	1.83e-02	9.82e-01
 3.99712e+22	5.42e-06	1.92e-02	9.81e-01
 4.02571e+22	5.97e-06	2.02e-02	9.80e-01
 4.05822e+22	6.71e-06	2.14e-02	9.79e-01
 4.09178e+22	7.45e-06	2.25e-02	9.78e-01
 4.12165e+22	8.22e-06	2.36e-02	9.76e-01
 4.15543e+22	9.29e-06	2.51e-02	9.75e-01
 4.19005e+22	1.03e-05	2.64e-02	9.74e-01
 4.22062e+22	1.14e-05	2.78e-02	9.72e-01
 4.25521e+22	1.29e-05	2.95e-02	9.70e-01
 4.29078e+22	1.44e-05	3.11e-02	9.69e-01
 4.32235e+22	1.60e-05	3.27e-02	9.67e-01
 4.35813e+22	1.82e-05	3.49e-02	9.65e-01
 4.39495e+22	2.04e-05	3.69e-02	9.63e-01
 4.42779e+22	2.27e-05	3.88e-02	9.61e-01
 4.46516e+22	2.60e-05	4.15e-02	9.58e-01
 4.50324e+22	2.91e-05	4.39e-02	9.56e-01
 4.54224e+22	3.35e-05	4.70e-02	9.53e-01
 4.58166e+22	3.75e-05	4.97e-02	9.50e-01
 4.61567e+22	4.18e-05	5.23e-02	9.48e-01
 4.64752e+22	4.62e-05	5.49e-02	9.45e-01
 4.68249e+22	5.21e-05	5.82e-02	9.42e-01
 4.71763e+22	5.78e-05	6.12e-02	9.39e-01
 4.74795e+22	6.35e-05	6.41e-02	9.36e-01
 4.78233e+22	7.17e-05	6.79e-02	9.32e-01
 4.81783e+22	7.94e-05	7.14e-02	9.29e-01
 4.85479e+22	9.01e-05	7.59e-02	9.24e-01
 4.89230e+22	1.01e-04	8.00e-02	9.20e-01
 4.92441e+22	1.11e-04	8.38e-02	9.16e-01
 4.96003e+22	1.26e-04	8.89e-02	9.11e-01
 4.99301e+22	1.36e-04	9.24e-02	9.07e-01
 5.02255e+22	1.50e-04	9.68e-02	9.03e-01
 5.05296e+22	1.63e-04	1.01e-01	8.99e-01
 5.08007e+22	1.77e-04	1.05e-01	8.95e-01
 5.11089e+22	1.97e-04	1.10e-01	8.90e-01
 5.14181e+22	2.13e-04	1.14e-01	8.85e-01
 5.17284e+22	2.37e-04	1.20e-01	8.80e-01
 5.20413e+22	2.57e-04	1.25e-01	8.75e-01
 5.23575e+22	2.85e-04	1.31e-01	8.69e-01
 5.26776e+22	3.10e-04	1.36e-01	8.63e-01
 5.30026e+22	3.44e-04	1.43e-01	8.57e-01
 5.32981e+22	3.67e-04	1.48e-01	8.52e-01
 5.35552e+22	3.98e-04	1.53e-01	8.46e-01
 5.38894e+22	4.42e-04	1.61e-01	8.39e-01
 5.42300e+22	4.82e-04	1.67e-01	8.32e-01
 5.45790e+22	5.35e-04	1.76e-01	8.24e-01
 5.49362e+22	5.88e-04	1.83e-01	8.16e-01
 5.52531e+22	6.42e-04	1.91e-01	8.09e-01
 5.56139e+22	7.15e-04	2.00e-01	7.99e-01
 5.59875e+22	7.86e-04	2.09e-01	7.90e-01
 5.63265e+22	8.63e-04	2.18e-01	7.81e-01
 5.66162e+22	9.24e-04	2.24e-01	7.75e-01
 5.68934e+22	1.00e-03	2.33e-01	7.66e-01
 5.71780e+22	1.07e-03	2.40e-01	7.59e-01
 5.74724e+22	1.17e-03	2.49e-01	7.50e-01
 5.77685e+22	1.25e-03	2.56e-01	7.42e-01
 5.80668e+22	1.37e-03	2.66e-01	7.33e-01
 5.83683e+22	1.47e-03	2.74e-01	7.24e-01
 5.86737e+22	1.60e-03	2.85e-01	7.14e-01
 5.89832e+22	1.72e-03	2.93e-01	7.05e-01
 5.92978e+22	1.87e-03	3.04e-01	6.94e-01
 5.95803e+22	1.98e-03	3.11e-01	6.87e-01
 5.97624e+22	2.06e-03	3.16e-01	6.82e-01
 5.99408e+22	2.16e-03	3.23e-01	6.75e-01
 6.01728e+22	2.30e-03	3.31e-01	6.66e-01
 6.04304e+22	2.44e-03	3.39e-01	6.58e-01
 6.07213e+22	2.65e-03	3.51e-01	6.46e-01
 6.09840e+22	2.79e-03	3.58e-01	6.39e-01
 6.12099e+22	2.96e-03	3.67e-01	6.30e-01
 6.15036e+22	3.20e-03	3.79e-01	6.18e-01
 6.18094e+22	3.42e-03	3.89e-01	6.08e-01
 6.21308e+22	3.72e-03	4.02e-01	5.94e-01
 6.24810e+22	4.03e-03	4.15e-01	5.81e-01
 6.28686e+22	4.48e-03	4.32e-01	5.64e-01
 6.32538e+22	4.82e-03	4.44e-01	5.51e-01
 6.36359e+22	5.31e-03	4.61e-01	5.34e-01
 6.40333e+22	5.77e-03	4.76e-01	5.19e-01
 6.44506e+22	6.42e-03	4.94e-01	4.99e-01
 6.48700e+22	6.97e-03	5.10e-01	4.83e-01
 6.52918e+22	7.74e-03	5.29e-01	4.63e-01
 6.57238e+22	8.45e-03	5.46e-01	4.46e-01
 6.61690e+22	9.45e-03	5.67e-01	4.24e-01
 6.66174e+22	1.03e-02	5.84e-01	4.05e-01
 6.70700e+22	1.16e-02	6.06e-01	3.82e-01
 6.74728e+22	1.24e-02	6.20e-01	3.67e-01
 6.78108e+22	1.35e-02	6.36e-01	3.50e-01
 6.81587e+22	1.46e-02	6.51e-01	3.34e-01
 6.84685e+22	1.56e-02	6.64e-01	3.20e-01
 6.88202e+22	1.71e-02	6.81e-01	3.02e-01
 6.91770e+22	1.85e-02	6.95e-01	2.86e-01
 6.94907e+22	1.99e-02	7.09e-01	2.71e-01
 6.98489e+22	2.19e-02	7.25e-01	2.54e-01
 7.02145e+22	2.38e-02	7.39e-01	2.37e-01
 7.05340e+22	2.58e-02	7.51e-01	2.23e-01
 7.08937e+22	2.85e-02	7.66e-01	2.06e-01
 7.12686e+22	3.13e-02	7.79e-01	1.90e-01
 7.16018e+22	3.42e-02	7.90e-01	1.76e-01
 7.19212e+22	3.74e-02	8.00e-01	1.63e-01
 7.22132e+22	4.04e-02	8.08e-01	1.52e-01
 7.24788e+22	4.37e-02	8.14e-01	1.42e-01
 7.27808e+22	4.82e-02	8.21e-01	1.31e-01
 7.30048e+22	5.04e-02	8.24e-01	1.25e-01
 7.30857e+22	5.15e-02	8.25e-01	1.23e-01
 7.31440e+22	5.26e-02	8.26e-01	1.21e-01
 7.32118e+22	5.36e-02	8.27e-01	1.19e-01
 7.32941e+22	5.53e-02	8.29e-01	1.16e-01
 7.33771e+22	5.67e-02	8.30e-01	1.14e-01
 7.34508e+22	5.81e-02	8.30e-01	1.12e-01
 7.35222e+22	5.96e-02	8.31e-01	1.09e-01
 7.35926e+22	6.11e-02	8.32e-01	1.07e-01
 7.36616e+22	6.24e-02	8.32e-01	1.06e-01
 7.37328e+22	6.41e-02	8.32e-01	1.03e-01
 7.38036e+22	6.57e-02	8.33e-01	1.01e-01
 7.38698e+22	6.74e-02	8.33e-01	9.96e-02
 7.39333e+22	6.89e-02	8.33e-01	9.81e-02
 7.39964e+22	7.06e-02	8.33e-01	9.64e-02
 7.40598e+22	7.22e-02	8.33e-01	9.49e-02
 7.41241e+22	7.41e-02	8.33e-01	9.32e-02
 7.41877e+22	7.59e-02	8.32e-01	9.17e-02
 7.42491e+22	7.78e-02	8.32e-01	9.02e-02
 7.43088e+22	7.97e-02	8.31e-01	8.88e-02
 7.43675e+22	8.18e-02	8.31e-01	8.74e-02
 7.44247e+22	8.35e-02	8.30e-01	8.63e-02
 7.44819e+22	8.57e-02	8.29e-01	8.50e-02
 7.45404e+22	8.79e-02	8.28e-01	8.37e-02
 7.45957e+22	9.00e-02	8.27e-01	8.25e-02
 7.46495e+22	9.22e-02	8.26e-01	8.14e-02
 7.47039e+22	9.45e-02	8.25e-01	8.03e-02
 7.47586e+22	9.69e-02	8.24e-01	7.93e-02
 7.48131e+22	9.94e-02	8.22e-01	7.83e-02
 7.48671e+22	1.02e-01	8.21e-01	7.74e-02
 7.49219e+22	1.04e-01	8.19e-01	7.64e-02
 7.49771e+22	1.07e-01	8.17e-01	7.54e-02
 7.50293e+22	1.10e-01	8.15e-01	7.45e-02
 7.50794e+22	1.13e-01	8.13e-01	7.37e-02
 7.51306e+22	1.16e-01	8.11e-01	7.31e-02
 7.51870e+22	1.19e-01	8.09e-01	7.21e-02
 7.52446e+22	1.23e-01	8.06e-01	7.13e-02
 7.52962e+22	1.26e-01	8.03e-01	7.06e-02
 7.53461e+22	1.29e-01	8.01e-01	6.99e-02
 7.53984e+22	1.33e-01	7.98e-01	6.92e-02
 7.54522e+22	1.37e-01	7.95e-01	6.86e-02
 7.55067e+22	1.41e-01	7.91e-01	6.78e-02
 7.55602e+22	1.45e-01	7.88e-01	6.72e-02
 7.56127e+22	1.49e-01	7.84e-01	6.66e-02
 7.56668e+22	1.54e-01	7.80e-01	6.60e-02
 7.57226e+22	1.59e-01	7.76e-01	6.54e-02
 7.57791e+22	1.64e-01	7.71e-01	6.48e-02
 7.58352e+22	1.70e-01	7.66e-01	6.42e-02
 7.58916e+22	1.75e-01	7.61e-01	6.36e-02
 7.59499e+22	1.81e-01	7.56e-01	6.30e-02
 7.60101e+22	1.88e-01	7.50e-01	6.24e-02
 7.60717e+22	1.95e-01	7.44e-01	6.17e-02
 7.61332e+22	2.02e-01	7.37e-01	6.11e-02
 7.61954e+22	2.09e-01	7.30e-01	6.04e-02
 7.62535e+22	2.16e-01	7.24e-01	5.99e-02
 7.63041e+22	2.23e-01	7.18e-01	5.94e-02
 7.63544e+22	2.30e-01	7.12e-01	5.87e-02
 7.64087e+22	2.37e-01	7.05e-01	5.81e-02
 7.64659e+22	2.46e-01	6.97e-01	5.73e-02
 7.65223e+22	2.53e-01	6.90e-01	5.67e-02
 7.65789e+22	2.62e-01	6.82e-01	5.59e-02
 7.66367e+22	2.71e-01	6.74e-01	5.52e-02
 7.66966e+22	2.80e-01	6.65e-01	5.44e-02
 7.67586e+22	2.91e-01	6.56e-01	5.34e-02
 7.68193e+22	3.01e-01	6.47e-01	5.26e-02
 7.68804e+22	3.11e-01	6.37e-01	5.17e-02
 7.69451e+22	3.22e-01	6.27e-01	5.07e-02
 7.70119e+22	3.34e-01	6.16e-01	4.97e-02
 7.70779e+22	3.46e-01	6.05e-01	4.87e-02
 7.71445e+22	3.58e-01	5.94e-01	4.77e-02
 7.72141e+22	3.71e-01	5.82e-01	4.65e-02
 7.72860e+22	3.85e-01	5.70e-01	4.53e-02
 7.73583e+22	3.99e-01	5.57e-01	4.42e-02
 7.74315e+22	4.13e-01	5.44e-01	4.30e-02
 7.75076e+22	4.27e-01	5.31e-01	4.17e-02
 7.75858e+22	4.42e-01	5.17e-01	4.04e-02
 7.76654e+22	4.58e-01	5.03e-01	3.90e-02
 7.77473e+22	4.74e-01	4.89e-01	3.76e-02
 7.78315e+22	4.90e-01	4.74e-01	3.62e-02
 7.79183e+22	5.06e-01	4.59e-01	3.48e-02
 7.80075e+22	5.23e-01	4.44e-01	3.33e-02
 7.80980e+22	5.40e-01	4.29e-01	3.18e-02
 7.81899e+22	5.56e-01	4.14e-01	3.04e-02
 7.82835e+22	5.72e-01	3.99e-01	2.89e-02
 7.83792e+22	5.88e-01	3.84e-01	2.74e-02
 7.84791e+22	6.05e-01	3.69e-01	2.59e-02
 7.85829e+22	6.21e-01	3.55e-01	2.44e-02
 7.86869e+22	6.36e-01	3.41e-01	2.31e-02
 7.87911e+22	6.50e-01	3.28e-01	2.17e-02
 7.89006e+22	6.65e-01	3.15e-01	2.03e-02
 7.90163e+22	6.80e-01	3.01e-01	1.89e-02
 7.91348e+22	6.93e-01	2.89e-01	1.77e-02
 7.92553e+22	7.07e-01	2.77e-01	1.64e-02
 7.93802e+22	7.19e-01	2.65e-01	1.52e-02
 7.95091e+22	7.32e-01	2.54e-01	1.40e-02
 7.96351e+22	7.43e-01	2.44e-01	1.30e-02
 7.97543e+22	7.53e-01	2.35e-01	1.21e-02
 7.98691e+22	7.62e-01	2.27e-01	1.13e-02
 7.99797e+22	7.71e-01	2.19e-01	1.05e-02
 8.00865e+22	7.78e-01	2.12e-01	9.86e-03
 8.01896e+22	7.85e-01	2.05e-01	9.25e-03
 8.02883e+22	7.92e-01	1.99e-01	8.70e-03
 8.03819e+22	7.98e-01	1.94e-01	8.20e-03
 8.04712e+22	8.04e-01	1.89e-01	7.74e-03
 8.05551e+22	8.09e-01	1.84e-01	7.35e-03
 8.06362e+22	8.14e-01	1.79e-01	6.96e-03
 8.07171e+22	8.19e-01	1.75e-01	6.61e-03
 8.07952e+22	8.23e-01	1.71e-01	6.28e-03
 8.08704e+22	8.27e-01	1.67e-01	5.98e-03
 8.09427e+22	8.31e-01	1.63e-01	5.69e-03
 8.10125e+22	8.35e-01	1.60e-01	5.43e-03
 8.10800e+22	8.39e-01	1.56e-01	5.19e-03
 8.11451e+22	8.42e-01	1.53e-01	4.96e-03
 8.12079e+22	8.45e-01	1.50e-01	4.75e-03
 8.12685e+22	8.49e-01	1.47e-01	4.55e-03
 8.13270e+22	8.52e-01	1.44e-01	4.36e-03
 8.13834e+22	8.55e-01	1.41e-01	4.18e-03
 8.14379e+22	8.57e-01	1.39e-01	4.02e-03
 8.14891e+22	8.60e-01	1.36e-01	3.87e-03
 8.15356e+22	8.62e-01	1.34e-01	3.73e-03
 8.15779e+22	8.65e-01	1.32e-01	3.61e-03
 8.16165e+22	8.67e-01	1.30e-01	3.50e-03
 8.16515e+22	8.68e-01	1.28e-01	3.40e-03
 8.16834e+22	8.70e-01	1.27e-01	3.31e-03
 8.17125e+22	8.72e-01	1.25e-01	3.23e-03
 8.17443e+22	8.73e-01	1.23e-01	3.14e-03
 8.17786e+22	8.75e-01	1.22e-01	3.05e-03
 8.18099e+22	8.76e-01	1.21e-01	2.98e-03
 8.18383e+22	8.78e-01	1.19e-01	2.91e-03
 8.18642e+22	8.79e-01	1.18e-01	2.86e-03
 8.18926e+22	8.81e-01	1.17e-01	2.78e-03
 8.19295e+22	8.83e-01	1.15e-01	2.69e-03
 8.19693e+22	8.84e-01	1.13e-01	2.62e-03
 8.20055e+22	8.86e-01	1.12e-01	2.55e-03
 8.20384e+22	8.87e-01	1.11e-01	2.49e-03
 8.20746e+22	8.89e-01	1.09e-01	2.41e-03
 8.21136e+22	8.90e-01	1.08e-01	2.35e-03
 8.21491e+22	8.91e-01	1.06e-01	2.29e-03
 8.21813e+22	8.93e-01	1.05e-01	2.23e-03
 8.22107e+22	8.94e-01	1.04e-01	2.19e-03
 8.22429e+22	8.96e-01	1.02e-01	2.12e-03
 8.22848e+22	8.97e-01	1.01e-01	2.05e-03
 8.23300e+22	8.98e-01	9.96e-02	2.00e-03
 8.23711e+22	9.00e-01	9.80e-02	1.93e-03
 8.24085e+22	9.01e-01	9.67e-02	1.88e-03
 8.24426e+22	9.03e-01	9.54e-02	1.83e-03
 8.24736e+22	9.04e-01	9.43e-02	1.78e-03
 8.25018e+22	9.05e-01	9.32e-02	1.74e-03
 8.25327e+22	9.06e-01	9.19e-02	1.69e-03
 8.25660e+22	9.08e-01	9.07e-02	1.65e-03
 8.25964e+22	9.09e-01	8.97e-02	1.61e-03
 8.26240e+22	9.10e-01	8.89e-02	1.58e-03
 8.26543e+22	9.11e-01	8.76e-02	1.53e-03
 8.26870e+22	9.12e-01	8.65e-02	1.50e-03
 8.27167e+22	9.13e-01	8.56e-02	1.46e-03
 8.27493e+22	9.14e-01	8.44e-02	1.42e-03
 8.27845e+22	9.15e-01	8.34e-02	1.39e-03
 8.28165e+22	9.16e-01	8.24e-02	1.36e-03
 8.28516e+22	9.18e-01	8.12e-02	1.31e-03
 8.28895e+22	9.19e-01	8.01e-02	1.28e-03
 8.29240e+22	9.20e-01	7.91e-02	1.25e-03
 8.29553e+22	9.21e-01	7.81e-02	1.22e-03
 8.29839e+22	9.21e-01	7.74e-02	1.19e-03
 8.30151e+22	9.23e-01	7.61e-02	1.15e-03
 8.30489e+22	9.24e-01	7.53e-02	1.13e-03
 8.30796e+22	9.24e-01	7.46e-02	1.10e-03
 8.31133e+22	9.25e-01	7.35e-02	1.07e-03
 8.31497e+22	9.26e-01	7.27e-02	1.05e-03
 8.31895e+22	9.27e-01	7.16e-02	1.02e-03
 8.32325e+22	9.28e-01	7.07e-02	9.92e-04
 8.32716e+22	9.29e-01	6.97e-02	9.63e-04
 8.33072e+22	9.30e-01	6.90e-02	9.46e-04
 8.33463e+22	9.31e-01	6.77e-02	9.10e-04
 8.33884e+22	9.32e-01	6.70e-02	8.90e-04
 8.34267e+22	9.33e-01	6.61e-02	8.66e-04
 8.34616e+22	9.34e-01	6.52e-02	8.43e-04
 8.34934e+22	9.35e-01	6.46e-02	8.27e-04
 8.35282e+22	9.36e-01	6.36e-02	8.03e-04
 8.35657e+22	9.36e-01	6.29e-02	7.84e-04
 8.36069e+22	9.37e-01	6.19e-02	7.60e-04
 8.36513e+22	9.38e-01	6.12e-02	7.42e-04
 8.36917e+22	9.39e-01	6.04e-02	7.24e-04
 8.37360e+22	9.40e-01	5.93e-02	6.97e-04
 8.37839e+22	9.41e-01	5.85e-02	6.78e-04
 8.38274e+22	9.42e-01	5.76e-02	6.57e-04
 8.38670e+22	9.42e-01	5.69e-02	6.43e-04
 8.39104e+22	9.43e-01	5.60e-02	6.21e-04
 8.39572e+22	9.44e-01	5.52e-02	6.04e-04
 8.39999e+22	9.45e-01	5.45e-02	5.89e-04
 8.40466e+22	9.46e-01	5.35e-02	5.68e-04
 8.40970e+22	9.47e-01	5.27e-02	5.50e-04
 8.41429e+22	9.47e-01	5.20e-02	5.37e-04
 8.41932e+22	9.48e-01	5.10e-02	5.17e-04
 8.42475e+22	9.49e-01	5.03e-02	5.02e-04
 8.42970e+22	9.50e-01	4.95e-02	4.86e-04
 8.43419e+22	9.51e-01	4.88e-02	4.73e-04
 8.43912e+22	9.52e-01	4.79e-02	4.55e-04
 8.44444e+22	9.52e-01	4.73e-02	4.43e-04
 8.44928e+22	9.53e-01	4.65e-02	4.30e-04
 8.45458e+22	9.54e-01	4.57e-02	4.14e-04
 8.46031e+22	9.55e-01	4.49e-02	4.01e-04
 8.46552e+22	9.55e-01	4.43e-02	3.89e-04
 8.47123e+22	9.56e-01	4.34e-02	3.74e-04
 8.47740e+22	9.57e-01	4.27e-02	3.63e-04
 8.48301e+22	9.58e-01	4.20e-02	3.50e-04
 8.48811e+22	9.58e-01	4.14e-02	3.40e-04
 8.49371e+22	9.59e-01	4.05e-02	3.27e-04
 8.49975e+22	9.60e-01	3.99e-02	3.16e-04
 8.50524e+22	9.60e-01	3.93e-02	3.07e-04
 8.51127e+22	9.61e-01	3.85e-02	2.95e-04
 8.51777e+22	9.62e-01	3.78e-02	2.85e-04
 8.52368e+22	9.62e-01	3.72e-02	2.76e-04
 8.53017e+22	9.63e-01	3.64e-02	2.65e-04
 8.53717e+22	9.64e-01	3.58e-02	2.55e-04
 8.54353e+22	9.65e-01	3.52e-02	2.47e-04
 8.55051e+22	9.65e-01	3.44e-02	2.36e-04
 8.55805e+22	9.66e-01	3.37e-02	2.28e-04
 8.56491e+22	9.67e-01	3.31e-02	2.19e-04
 8.57115e+22	9.67e-01	3.25e-02	2.12e-04
 8.57798e+22	9.68e-01	3.18e-02	2.03e-04
 8.58536e+22	9.69e-01	3.12e-02	1.95e-04
 8.59208e+22	9.69e-01	3.07e-02	1.88e-04
 8.59944e+22	9.70e-01	3.00e-02	1.80e-04
 8.60739e+22	9.70e-01	2.94e-02	1.73e-04
 8.61462e+22	9.71e-01	2.89e-02	1.67e-04
 8.62254e+22	9.72e-01	2.82e-02	1.59e-04
 8.63110e+22	9.72e-01	2.76e-02	1.53e-04
 8.63888e+22	9.73e-01	2.70e-02	1.46e-04
 8.64597e+22	9.73e-01	2.65e-02	1.41e-04
 8.65373e+22	9.74e-01	2.59e-02	1.35e-04
 8.66211e+22	9.74e-01	2.54e-02	1.30e-04
 8.66974e+22	9.75e-01	2.49e-02	1.25e-04
 8.67809e+22	9.76e-01	2.43e-02	1.19e-04
 8.68711e+22	9.76e-01	2.38e-02	1.14e-04
 8.69532e+22	9.77e-01	2.33e-02	1.09e-04
 8.70432e+22	9.77e-01	2.27e-02	1.04e-04
 8.71403e+22	9.78e-01	2.22e-02	9.95e-05
 8.72287e+22	9.78e-01	2.17e-02	9.51e-05
 8.73091e+22	9.79e-01	2.13e-02	9.15e-05
 8.73973e+22	9.79e-01	2.08e-02	8.73e-05
 8.74924e+22	9.80e-01	2.03e-02	8.34e-05
 8.75790e+22	9.80e-01	1.99e-02	7.99e-05
 8.76739e+22	9.81e-01	1.94e-02	7.60e-05
 8.77972e+22	9.81e-01	1.87e-02	7.12e-05
 8.79335e+22	9.82e-01	1.81e-02	6.66e-05
 8.80689e+22	9.82e-01	1.75e-02	6.23e-05
 8.82080e+22	9.83e-01	1.69e-02	5.82e-05
 8.83496e+22	9.84e-01	1.63e-02	5.43e-05
 8.84928e+22	9.84e-01	1.58e-02	5.07e-05
 8.86374e+22	9.85e-01	1.52e-02	4.72e-05
 8.87835e+22	9.85e-01	1.47e-02	4.40e-05
 8.89311e+22	9.86e-01	1.41e-02	4.10e-05
 8.90801e+22	9.86e-01	1.36e-02	3.82e-05
 8.92304e+22	9.87e-01	1.32e-02	3.56e-05
 8.93822e+22	9.87e-01	1.27e-02	3.31e-05
 8.95351e+22	9.88e-01	1.22e-02	3.08e-05
 8.96893e+22	9.88e-01	1.18e-02	2.86e-05
 8.98447e+22	9.89e-01	1.13e-02	2.66e-05
 9.00010e+22	9.89e-01	1.09e-02	2.47e-05
 9.01584e+22	9.89e-01	1.05e-02	2.30e-05
 9.03168e+22	9.90e-01	1.01e-02	2.13e-05
 9.04764e+22	9.90e-01	9.77e-03	1.98e-05
 9.06373e+22	9.91e-01	9.40e-03	1.84e-05
 9.07992e+22	9.91e-01	9.05e-03	1.70e-05
 9.09621e+22	9.91e-01	8.71e-03	1.58e-05
 9.11262e+22	9.92e-01	8.38e-03	1.46e-05
 9.12913e+22	9.92e-01	8.06e-03	1.36e-05
 9.14603e+22	9.92e-01	7.75e-03	1.26e-05
 9.16324e+22	9.93e-01	7.45e-03	1.16e-05
 9.18060e+22	9.93e-01	7.16e-03	1.07e-05
 9.19814e+22	9.93e-01	6.87e-03	9.92e-06
 9.21584e+22	9.93e-01	6.60e-03	9.16e-06
 9.23372e+22	9.94e-01	6.34e-03	8.45e-06
 9.24986e+22	9.94e-01	6.13e-03	7.91e-06
