#depth	Cl	Cl+	Cl+2	Cl+3	Cl+4	Cl+5	Cl+6	Cl+7	Cl+8	Cl+9	Cl+10	Cl+11	Cl+12	Cl+13	Cl+14	Cl+15	Cl+16	Cl+17
 4.62852e+21	0.00e+00	6.47e-20	6.45e-17	2.01e-14	1.60e-12	6.91e-11	3.10e-09	4.39e-06	4.50e-04	1.21e-02	7.98e-02	2.30e-01	3.04e-01	1.72e-01	9.07e-02	1.03e-01	7.94e-03	1.97e-04
 1.02747e+22	1.16e-32	3.50e-18	2.45e-15	5.14e-13	2.74e-11	7.71e-10	2.24e-08	2.06e-05	1.62e-03	3.39e-02	1.64e-01	3.18e-01	2.92e-01	1.13e-01	4.22e-02	3.35e-02	1.68e-03	2.72e-05
 1.18013e+22	8.18e-32	2.05e-17	1.24e-14	2.18e-12	9.77e-11	2.28e-09	5.48e-08	4.11e-05	2.79e-03	5.11e-02	2.12e-01	3.40e-01	2.63e-01	8.50e-02	2.73e-02	1.85e-02	7.57e-04	1.01e-05
 1.25646e+22	2.07e-31	4.75e-17	2.67e-14	4.34e-12	1.79e-10	3.82e-09	8.41e-08	5.71e-05	3.60e-03	6.15e-02	2.36e-01	3.45e-01	2.45e-01	7.27e-02	2.18e-02	1.37e-02	5.08e-04	6.12e-06
 1.28826e+22	2.70e-31	6.01e-17	3.31e-14	5.27e-12	2.12e-10	4.41e-09	9.48e-08	6.25e-05	3.86e-03	6.47e-02	2.43e-01	3.46e-01	2.40e-01	6.95e-02	2.04e-02	1.25e-02	4.52e-04	5.30e-06
 1.30289e+22	3.70e-31	7.95e-17	4.27e-14	6.62e-12	2.60e-10	5.25e-09	1.09e-07	6.97e-05	4.20e-03	6.87e-02	2.51e-01	3.46e-01	2.33e-01	6.57e-02	1.88e-02	1.13e-02	3.94e-04	4.47e-06
 1.31772e+22	4.45e-31	9.35e-17	4.96e-14	7.58e-12	2.93e-10	5.81e-09	1.19e-07	7.45e-05	4.41e-03	7.11e-02	2.56e-01	3.46e-01	2.30e-01	6.35e-02	1.80e-02	1.06e-02	3.64e-04	4.06e-06
 1.33280e+22	5.97e-31	1.22e-16	6.31e-14	9.40e-12	3.54e-10	6.82e-09	1.36e-07	8.25e-05	4.77e-03	7.51e-02	2.64e-01	3.46e-01	2.23e-01	6.02e-02	1.67e-02	9.59e-03	3.19e-04	3.45e-06
 1.34875e+22	7.80e-31	1.54e-16	7.84e-14	1.14e-11	4.20e-10	7.90e-09	1.53e-07	9.05e-05	5.11e-03	7.88e-02	2.71e-01	3.46e-01	2.18e-01	5.72e-02	1.55e-02	8.75e-03	2.83e-04	2.98e-06
 1.36352e+22	1.00e-30	1.92e-16	9.62e-14	1.37e-11	4.93e-10	9.07e-09	1.72e-07	9.88e-05	5.46e-03	8.25e-02	2.77e-01	3.45e-01	2.12e-01	5.45e-02	1.45e-02	8.02e-03	2.53e-04	2.59e-06
 1.38041e+22	1.39e-30	2.57e-16	1.26e-13	1.74e-11	6.08e-10	1.08e-08	1.99e-07	1.11e-04	5.95e-03	8.75e-02	2.86e-01	3.44e-01	2.05e-01	5.11e-02	1.33e-02	7.15e-03	2.18e-04	2.16e-06
 1.39773e+22	1.84e-30	3.28e-16	1.57e-13	2.13e-11	7.26e-10	1.26e-08	2.26e-07	1.22e-04	6.39e-03	9.18e-02	2.93e-01	3.42e-01	1.99e-01	4.84e-02	1.23e-02	6.49e-03	1.92e-04	1.85e-06
 1.41561e+22	2.57e-30	4.41e-16	2.06e-13	2.72e-11	9.00e-10	1.52e-08	2.63e-07	1.37e-04	6.97e-03	9.73e-02	3.01e-01	3.40e-01	1.92e-01	4.51e-02	1.12e-02	5.75e-03	1.64e-04	1.53e-06
 1.43406e+22	3.45e-30	5.71e-16	2.61e-13	3.36e-11	1.08e-09	1.78e-08	3.00e-07	1.51e-04	7.50e-03	1.02e-01	3.08e-01	3.38e-01	1.86e-01	4.25e-02	1.03e-02	5.17e-03	1.43e-04	1.29e-06
 1.45074e+22	4.56e-30	7.30e-16	3.28e-13	4.11e-11	1.30e-09	2.07e-08	3.40e-07	1.66e-04	8.05e-03	1.07e-01	3.15e-01	3.36e-01	1.80e-01	4.00e-02	9.53e-03	4.67e-03	1.26e-04	1.10e-06
 1.46990e+22	6.55e-30	1.00e-15	4.39e-13	5.35e-11	1.63e-09	2.52e-08	4.00e-07	1.88e-04	8.82e-03	1.14e-01	3.24e-01	3.32e-01	1.72e-01	3.70e-02	8.57e-03	4.08e-03	1.06e-04	8.89e-07
 1.48939e+22	8.76e-30	1.30e-15	5.55e-13	6.59e-11	1.96e-09	2.95e-08	4.55e-07	2.08e-04	9.48e-03	1.19e-01	3.31e-01	3.29e-01	1.65e-01	3.47e-02	7.87e-03	3.66e-03	9.20e-05	7.51e-07
 1.50930e+22	1.26e-29	1.79e-15	7.45e-13	8.59e-11	2.48e-09	3.59e-08	5.36e-07	2.35e-04	1.04e-02	1.27e-01	3.39e-01	3.24e-01	1.57e-01	3.19e-02	7.05e-03	3.19e-03	7.70e-05	6.04e-07
 1.52957e+22	1.71e-29	2.34e-15	9.54e-13	1.07e-10	3.01e-09	4.23e-08	6.14e-07	2.61e-04	1.12e-02	1.33e-01	3.46e-01	3.20e-01	1.51e-01	2.97e-02	6.42e-03	2.84e-03	6.63e-05	5.04e-07
 1.54737e+22	2.28e-29	3.02e-15	1.21e-12	1.32e-10	3.62e-09	4.96e-08	7.00e-07	2.88e-04	1.20e-02	1.39e-01	3.52e-01	3.16e-01	1.45e-01	2.77e-02	5.86e-03	2.53e-03	5.72e-05	4.21e-07
 1.56757e+22	3.27e-29	4.16e-15	1.62e-12	1.72e-10	4.56e-09	6.04e-08	8.24e-07	3.25e-04	1.31e-02	1.47e-01	3.60e-01	3.10e-01	1.37e-01	2.54e-02	5.23e-03	2.19e-03	4.76e-05	3.37e-07
 1.58832e+22	4.45e-29	5.47e-15	2.08e-12	2.15e-10	5.56e-09	7.14e-08	9.46e-07	3.61e-04	1.41e-02	1.54e-01	3.66e-01	3.05e-01	1.31e-01	2.35e-02	4.73e-03	1.93e-03	4.06e-05	2.78e-07
 1.60687e+22	6.01e-29	7.14e-15	2.66e-12	2.68e-10	6.74e-09	8.42e-08	1.08e-06	3.99e-04	1.52e-02	1.61e-01	3.72e-01	2.99e-01	1.25e-01	2.17e-02	4.28e-03	1.71e-03	3.47e-05	2.29e-07
 1.62807e+22	8.68e-29	9.93e-15	3.60e-12	3.52e-10	8.56e-09	1.03e-07	1.28e-06	4.52e-04	1.66e-02	1.70e-01	3.78e-01	2.92e-01	1.17e-01	1.97e-02	3.78e-03	1.46e-03	2.85e-05	1.80e-07
 1.64978e+22	1.20e-28	1.32e-14	4.69e-12	4.46e-10	1.05e-08	1.23e-07	1.48e-06	5.04e-04	1.79e-02	1.78e-01	3.84e-01	2.86e-01	1.11e-01	1.81e-02	3.39e-03	1.27e-03	2.39e-05	1.46e-07
 1.66884e+22	1.60e-28	1.72e-14	5.97e-12	5.53e-10	1.28e-08	1.45e-07	1.69e-06	5.57e-04	1.92e-02	1.86e-01	3.89e-01	2.79e-01	1.06e-01	1.67e-02	3.06e-03	1.12e-03	2.03e-05	0.00e+00
 1.69032e+22	2.34e-28	2.43e-14	8.20e-12	7.35e-10	1.64e-08	1.80e-07	2.02e-06	6.34e-04	2.11e-02	1.96e-01	3.95e-01	2.71e-01	9.83e-02	1.49e-02	2.66e-03	9.41e-04	1.63e-05	0.00e+00
 1.71222e+22	3.17e-28	3.22e-14	1.06e-11	9.24e-10	2.01e-08	2.14e-07	2.33e-06	7.05e-04	2.27e-02	2.05e-01	3.99e-01	2.64e-01	9.26e-02	1.36e-02	2.38e-03	8.17e-04	1.36e-05	0.00e+00
 1.73466e+22	4.67e-28	4.61e-14	1.47e-11	1.24e-09	2.61e-08	2.67e-07	2.81e-06	8.07e-04	2.49e-02	2.16e-01	4.04e-01	2.54e-01	8.55e-02	1.20e-02	2.04e-03	6.78e-04	1.07e-05	0.00e+00
 1.75725e+22	6.29e-28	6.08e-14	1.90e-11	1.56e-09	3.20e-08	3.18e-07	3.25e-06	8.96e-04	2.67e-02	2.25e-01	4.07e-01	2.46e-01	8.02e-02	1.09e-02	1.82e-03	5.85e-04	8.94e-06	0.00e+00
 1.77592e+22	8.16e-28	7.78e-14	2.38e-11	1.91e-09	3.83e-08	3.71e-07	3.69e-06	9.84e-04	2.85e-02	2.34e-01	4.10e-01	2.39e-01	7.56e-02	1.00e-02	1.63e-03	5.12e-04	7.56e-06	0.00e+00
 1.79609e+22	1.14e-27	1.07e-13	3.18e-11	2.49e-09	4.84e-08	4.53e-07	4.36e-06	1.11e-03	3.10e-02	2.45e-01	4.13e-01	2.30e-01	6.99e-02	8.92e-03	1.42e-03	4.30e-04	6.06e-06	0.00e+00
 1.81629e+22	1.47e-27	1.36e-13	3.98e-11	3.05e-09	5.81e-08	5.30e-07	4.97e-06	1.22e-03	3.30e-02	2.53e-01	4.15e-01	2.22e-01	6.57e-02	8.13e-03	1.27e-03	3.74e-04	5.09e-06	0.00e+00
 1.83651e+22	2.03e-27	1.87e-13	5.32e-11	3.96e-09	7.35e-08	6.50e-07	5.90e-06	1.38e-03	3.58e-02	2.65e-01	4.16e-01	2.13e-01	6.03e-02	7.18e-03	1.09e-03	3.11e-04	4.04e-06	0.00e+00
 1.85686e+22	2.60e-27	2.38e-13	6.64e-11	4.85e-09	8.81e-08	7.59e-07	6.72e-06	1.52e-03	3.81e-02	2.74e-01	4.17e-01	2.05e-01	5.64e-02	6.52e-03	9.77e-04	2.70e-04	3.38e-06	0.00e+00
 1.87737e+22	3.56e-27	3.25e-13	8.88e-11	6.31e-09	1.12e-07	9.35e-07	8.01e-06	1.72e-03	4.14e-02	2.86e-01	4.17e-01	1.95e-01	5.15e-02	5.71e-03	8.35e-04	2.22e-04	2.65e-06	0.00e+00
 1.89812e+22	4.54e-27	4.14e-13	1.11e-10	7.74e-09	1.34e-07	1.10e-06	9.16e-06	1.89e-03	4.41e-02	2.96e-01	4.17e-01	1.87e-01	4.79e-02	5.15e-03	7.40e-04	1.91e-04	2.20e-06	0.00e+00
 1.91918e+22	6.15e-27	5.66e-13	1.48e-10	1.01e-08	1.71e-07	1.35e-06	1.10e-05	2.15e-03	4.80e-02	3.09e-01	4.16e-01	1.77e-01	4.34e-02	4.48e-03	6.28e-04	1.56e-04	1.70e-06	0.00e+00
 1.94067e+22	7.84e-27	7.25e-13	1.87e-10	1.25e-08	2.08e-07	1.60e-06	1.27e-05	2.38e-03	5.13e-02	3.19e-01	4.14e-01	1.69e-01	4.00e-02	3.99e-03	5.50e-04	1.32e-04	1.38e-06	0.00e+00
 1.96271e+22	1.05e-26	9.94e-13	2.51e-10	1.64e-08	2.67e-07	2.00e-06	1.53e-05	2.72e-03	5.59e-02	3.32e-01	4.11e-01	1.58e-01	3.58e-02	3.42e-03	4.60e-04	1.06e-04	1.05e-06	0.00e+00
 1.98519e+22	1.33e-26	1.27e-12	3.16e-10	2.04e-08	3.26e-07	2.38e-06	1.78e-05	3.02e-03	5.99e-02	3.43e-01	4.08e-01	1.50e-01	3.27e-02	3.01e-03	3.98e-04	8.86e-05	8.42e-07	0.00e+00
 2.00818e+22	1.75e-26	1.74e-12	4.25e-10	2.68e-08	4.22e-07	2.99e-06	2.17e-05	3.47e-03	6.54e-02	3.58e-01	4.02e-01	1.39e-01	2.89e-02	2.55e-03	3.29e-04	6.99e-05	6.27e-07	0.00e+00
 2.03149e+22	2.17e-26	2.22e-12	5.36e-10	3.34e-08	5.17e-07	3.58e-06	2.53e-05	3.88e-03	7.00e-02	3.69e-01	3.98e-01	1.31e-01	2.62e-02	2.23e-03	2.82e-04	5.78e-05	4.95e-07	0.00e+00
 2.05440e+22	5.21e-26	2.96e-12	7.04e-10	4.33e-08	6.60e-07	4.45e-06	3.07e-05	4.43e-03	7.61e-02	3.82e-01	3.91e-01	1.21e-01	2.31e-02	1.88e-03	2.33e-04	4.56e-05	3.70e-07	0.00e+00
 2.07647e+22	6.28e-26	3.66e-12	8.63e-10	5.25e-08	7.92e-07	5.23e-06	3.54e-05	4.89e-03	8.10e-02	3.92e-01	3.85e-01	1.14e-01	2.10e-02	1.65e-03	2.01e-04	3.81e-05	2.97e-07	0.00e+00
 2.09541e+22	7.45e-26	4.49e-12	1.05e-09	6.34e-08	9.48e-07	6.14e-06	4.08e-05	5.41e-03	8.61e-02	4.02e-01	3.79e-01	1.07e-01	1.91e-02	1.45e-03	1.74e-04	3.18e-05	2.37e-07	0.00e+00
 2.11669e+22	9.06e-26	5.74e-12	1.34e-09	8.01e-08	1.18e-06	7.51e-06	4.89e-05	6.12e-03	9.28e-02	4.13e-01	3.70e-01	9.90e-02	1.68e-02	1.23e-03	1.44e-04	2.53e-05	1.79e-07	0.00e+00
 2.13800e+22	1.06e-25	6.96e-12	1.62e-09	9.62e-08	1.41e-06	8.79e-06	5.63e-05	6.75e-03	9.84e-02	4.22e-01	3.63e-01	9.28e-02	1.52e-02	1.08e-03	1.24e-04	2.11e-05	1.43e-07	0.00e+00
 2.15953e+22	1.28e-25	8.80e-12	2.04e-09	1.21e-07	1.76e-06	1.07e-05	6.74e-05	7.64e-03	1.06e-01	4.33e-01	3.53e-01	8.51e-02	1.34e-02	9.04e-04	1.02e-04	1.66e-05	0.00e+00	0.00e+00
 2.18083e+22	1.49e-25	1.05e-11	2.44e-09	1.44e-07	2.08e-06	1.25e-05	7.71e-05	8.38e-03	1.12e-01	4.41e-01	3.46e-01	7.96e-02	1.21e-02	7.93e-04	8.84e-05	1.39e-05	0.00e+00	0.00e+00
 2.20204e+22	1.76e-25	1.30e-11	3.05e-09	1.79e-07	2.57e-06	1.51e-05	9.20e-05	9.46e-03	1.20e-01	4.51e-01	3.35e-01	7.28e-02	1.06e-02	6.67e-04	7.28e-05	1.10e-05	0.00e+00	0.00e+00
 2.22325e+22	2.04e-25	1.54e-11	3.61e-09	2.11e-07	3.02e-06	1.75e-05	1.05e-04	1.04e-02	1.27e-01	4.58e-01	3.27e-01	6.80e-02	9.56e-03	5.84e-04	6.28e-05	9.15e-06	0.00e+00	0.00e+00
 2.24447e+22	2.40e-25	1.89e-11	4.46e-09	2.61e-07	3.71e-06	2.12e-05	1.25e-04	1.17e-02	1.36e-01	4.66e-01	3.15e-01	6.20e-02	8.35e-03	4.90e-04	5.17e-05	7.21e-06	0.00e+00	0.00e+00
 2.26574e+22	2.77e-25	2.20e-11	5.25e-09	3.07e-07	4.33e-06	2.44e-05	1.43e-04	1.27e-02	1.43e-01	4.72e-01	3.07e-01	5.77e-02	7.52e-03	4.28e-04	4.45e-05	6.02e-06	0.00e+00	0.00e+00
 2.28707e+22	3.27e-25	2.67e-11	6.45e-09	3.76e-07	5.30e-06	2.93e-05	1.69e-04	1.43e-02	1.52e-01	4.79e-01	2.95e-01	5.24e-02	6.55e-03	3.59e-04	3.66e-05	4.74e-06	0.00e+00	0.00e+00
 2.30850e+22	3.78e-25	3.10e-11	7.56e-09	4.40e-07	6.18e-06	3.37e-05	1.92e-04	1.56e-02	1.60e-01	4.84e-01	2.86e-01	4.86e-02	5.89e-03	3.13e-04	3.14e-05	3.94e-06	0.00e+00	0.00e+00
 2.33006e+22	4.49e-25	3.73e-11	9.24e-09	5.38e-07	7.52e-06	4.04e-05	2.28e-04	1.75e-02	1.70e-01	4.89e-01	2.74e-01	4.40e-02	5.12e-03	2.62e-04	2.58e-05	3.10e-06	0.00e+00	0.00e+00
 2.35181e+22	5.23e-25	4.31e-11	1.08e-08	6.29e-07	8.75e-06	4.64e-05	2.59e-04	1.90e-02	1.78e-01	4.93e-01	2.65e-01	4.08e-02	4.59e-03	2.28e-04	2.21e-05	2.57e-06	0.00e+00	0.00e+00
 2.37379e+22	6.31e-25	5.16e-11	1.32e-08	7.66e-07	1.06e-05	5.55e-05	3.06e-04	2.13e-02	1.89e-01	4.96e-01	2.52e-01	3.67e-02	3.97e-03	1.90e-04	1.80e-05	2.01e-06	0.00e+00	0.00e+00
 2.39605e+22	7.44e-25	5.95e-11	1.54e-08	8.95e-07	1.24e-05	6.37e-05	3.48e-04	2.32e-02	1.97e-01	4.98e-01	2.43e-01	3.39e-02	3.55e-03	1.65e-04	1.54e-05	1.66e-06	0.00e+00	0.00e+00
 2.41865e+22	9.14e-25	7.10e-11	1.88e-08	1.09e-06	1.50e-05	7.61e-05	4.11e-04	2.59e-02	2.09e-01	5.00e-01	2.31e-01	3.04e-02	3.05e-03	1.36e-04	1.25e-05	1.30e-06	0.00e+00	0.00e+00
 2.44166e+22	1.10e-24	8.21e-11	2.21e-08	1.28e-06	1.75e-05	8.74e-05	4.68e-04	2.82e-02	2.18e-01	5.01e-01	2.21e-01	2.79e-02	2.71e-03	1.18e-04	1.06e-05	1.06e-06	0.00e+00	0.00e+00
 2.46520e+22	1.38e-24	9.80e-11	2.71e-08	1.56e-06	2.13e-05	1.05e-04	5.54e-04	3.15e-02	2.31e-01	5.01e-01	2.09e-01	2.48e-02	2.32e-03	9.68e-05	8.55e-06	8.21e-07	0.00e+00	0.00e+00
 2.48928e+22	1.69e-24	1.14e-10	3.21e-08	1.84e-06	2.49e-05	1.20e-04	6.32e-04	3.44e-02	2.41e-01	5.00e-01	1.99e-01	2.26e-02	2.05e-03	8.30e-05	7.21e-06	6.69e-07	0.00e+00	0.00e+00
 2.50969e+22	2.02e-24	1.30e-10	3.72e-08	2.12e-06	2.86e-05	1.37e-04	7.10e-04	3.71e-02	2.50e-01	4.99e-01	1.91e-01	2.08e-02	1.83e-03	7.22e-05	6.18e-06	5.56e-07	0.00e+00	0.00e+00
 2.53185e+22	2.55e-24	1.53e-10	4.50e-08	2.55e-06	3.42e-05	1.60e-04	8.26e-04	4.09e-02	2.62e-01	4.96e-01	1.80e-01	1.86e-02	1.58e-03	6.02e-05	5.05e-06	4.37e-07	0.00e+00	0.00e+00
 2.55365e+22	3.06e-24	1.74e-10	5.18e-08	2.92e-06	3.90e-05	1.80e-04	9.22e-04	4.39e-02	2.70e-01	4.94e-01	1.72e-01	1.72e-02	1.42e-03	5.27e-05	4.36e-06	3.67e-07	0.00e+00	0.00e+00
 2.57498e+22	3.88e-24	2.04e-10	6.21e-08	3.48e-06	4.60e-05	2.10e-04	1.06e-03	4.80e-02	2.82e-01	4.90e-01	1.63e-01	1.54e-02	1.23e-03	4.43e-05	3.59e-06	2.91e-07	0.00e+00	0.00e+00
 2.59651e+22	4.68e-24	2.32e-10	7.18e-08	4.00e-06	5.24e-05	2.35e-04	1.18e-03	5.15e-02	2.90e-01	4.86e-01	1.55e-01	1.42e-02	1.10e-03	3.87e-05	3.09e-06	2.43e-07	0.00e+00	0.00e+00
 2.61828e+22	5.95e-24	2.71e-10	8.61e-08	4.76e-06	6.20e-05	2.74e-04	1.36e-03	5.63e-02	3.02e-01	4.80e-01	1.46e-01	1.26e-02	9.53e-04	3.23e-05	2.54e-06	1.92e-07	0.00e+00	0.00e+00
 2.64015e+22	7.29e-24	3.10e-10	9.99e-08	5.47e-06	7.05e-05	3.06e-04	1.51e-03	6.01e-02	3.11e-01	4.76e-01	1.39e-01	1.16e-02	8.54e-04	2.82e-05	2.18e-06	1.61e-07	0.00e+00	0.00e+00
 2.66213e+22	9.35e-24	3.63e-10	1.20e-07	6.51e-06	8.32e-05	3.55e-04	1.74e-03	6.56e-02	3.22e-01	4.69e-01	1.30e-01	1.03e-02	7.36e-04	2.35e-05	1.79e-06	1.27e-07	0.00e+00	0.00e+00
 2.68435e+22	1.16e-23	4.18e-10	1.40e-07	7.50e-06	9.47e-05	3.98e-04	1.93e-03	7.00e-02	3.31e-01	4.63e-01	1.24e-01	9.47e-03	6.58e-04	2.05e-05	1.54e-06	0.00e+00	0.00e+00	0.00e+00
 2.70690e+22	1.50e-23	4.93e-10	1.69e-07	8.96e-06	1.12e-04	4.61e-04	2.21e-03	7.62e-02	3.42e-01	4.55e-01	1.15e-01	8.39e-03	5.64e-04	1.70e-05	1.25e-06	0.00e+00	0.00e+00	0.00e+00
 2.72975e+22	1.87e-23	5.70e-10	1.97e-07	1.03e-05	1.27e-04	5.17e-04	2.45e-03	8.12e-02	3.50e-01	4.48e-01	1.09e-01	7.65e-03	5.02e-04	1.48e-05	1.07e-06	0.00e+00	0.00e+00	0.00e+00
 2.75299e+22	2.46e-23	6.78e-10	2.40e-07	1.24e-05	1.51e-04	5.99e-04	2.81e-03	8.83e-02	3.62e-01	4.38e-01	1.01e-01	6.75e-03	4.29e-04	1.22e-05	8.67e-07	0.00e+00	0.00e+00	0.00e+00
 2.77661e+22	3.11e-23	7.89e-10	2.83e-07	1.44e-05	1.72e-04	6.72e-04	3.12e-03	9.41e-02	3.70e-01	4.31e-01	9.52e-02	6.12e-03	3.80e-04	1.05e-05	7.36e-07	0.00e+00	0.00e+00	0.00e+00
 2.80072e+22	4.15e-23	9.48e-10	3.47e-07	1.74e-05	2.05e-04	7.80e-04	3.58e-03	1.02e-01	3.80e-01	4.19e-01	8.77e-02	5.36e-03	3.22e-04	8.64e-06	5.92e-07	0.00e+00	0.00e+00	0.00e+00
 2.82530e+22	5.32e-23	1.12e-09	4.11e-07	2.03e-05	2.35e-04	8.77e-04	3.97e-03	1.09e-01	3.88e-01	4.11e-01	8.23e-02	4.84e-03	2.84e-04	7.41e-06	5.00e-07	0.00e+00	0.00e+00	0.00e+00
 2.85049e+22	7.21e-23	1.36e-09	5.09e-07	2.47e-05	2.80e-04	1.02e-03	4.57e-03	1.18e-01	3.98e-01	3.98e-01	7.53e-02	4.20e-03	2.38e-04	6.01e-06	3.98e-07	0.00e+00	0.00e+00	0.00e+00
 2.87613e+22	9.36e-23	1.61e-09	6.09e-07	2.89e-05	3.22e-04	1.15e-03	5.07e-03	1.26e-01	4.05e-01	3.88e-01	7.03e-02	3.77e-03	2.09e-04	5.12e-06	3.33e-07	0.00e+00	0.00e+00	0.00e+00
 2.90235e+22	1.29e-22	1.98e-09	7.62e-07	3.54e-05	3.85e-04	1.34e-03	5.82e-03	1.36e-01	4.15e-01	3.74e-01	6.39e-02	3.25e-03	1.74e-04	4.12e-06	2.63e-07	0.00e+00	0.00e+00	0.00e+00
 2.92881e+22	1.69e-22	2.37e-09	9.14e-07	4.16e-05	4.43e-04	1.51e-03	6.45e-03	1.44e-01	4.21e-01	3.64e-01	5.94e-02	2.90e-03	1.52e-04	3.50e-06	2.19e-07	0.00e+00	0.00e+00	0.00e+00
 2.95132e+22	2.16e-22	2.79e-09	1.08e-06	4.84e-05	5.05e-04	1.68e-03	7.11e-03	1.53e-01	4.26e-01	3.54e-01	5.53e-02	2.60e-03	1.33e-04	2.99e-06	1.85e-07	0.00e+00	0.00e+00	0.00e+00
 2.97637e+22	2.96e-22	3.44e-09	1.34e-06	5.87e-05	5.97e-04	1.94e-03	8.06e-03	1.64e-01	4.33e-01	3.40e-01	5.03e-02	2.25e-03	1.12e-04	2.43e-06	1.47e-07	0.00e+00	0.00e+00	0.00e+00
 3.00159e+22	3.84e-22	4.10e-09	1.60e-06	6.84e-05	6.80e-04	2.16e-03	8.83e-03	1.72e-01	4.37e-01	3.30e-01	4.68e-02	2.02e-03	9.82e-05	2.08e-06	1.24e-07	0.00e+00	0.00e+00	0.00e+00
 3.02300e+22	4.87e-22	4.81e-09	1.87e-06	7.88e-05	7.67e-04	2.39e-03	9.63e-03	1.81e-01	4.41e-01	3.20e-01	4.36e-02	1.82e-03	8.66e-05	1.79e-06	0.00e+00	0.00e+00	0.00e+00	0.00e+00
 3.04366e+22	6.17e-22	5.64e-09	2.20e-06	9.07e-05	8.65e-04	2.63e-03	1.05e-02	1.89e-01	4.44e-01	3.10e-01	4.06e-02	1.64e-03	7.63e-05	1.54e-06	0.00e+00	0.00e+00	0.00e+00	0.00e+00
 3.06738e+22	8.37e-22	6.94e-09	2.69e-06	1.08e-04	1.01e-03	2.98e-03	1.17e-02	2.01e-01	4.48e-01	2.97e-01	3.70e-02	1.43e-03	6.50e-05	1.27e-06	0.00e+00	0.00e+00	0.00e+00	0.00e+00
 3.09132e+22	1.07e-21	8.18e-09	3.18e-06	1.26e-04	1.14e-03	3.31e-03	1.27e-02	2.10e-01	4.50e-01	2.87e-01	3.42e-02	1.27e-03	5.68e-05	1.08e-06	0.00e+00	0.00e+00	0.00e+00	0.00e+00
 3.11221e+22	1.37e-21	9.70e-09	3.74e-06	1.45e-04	1.28e-03	3.64e-03	1.38e-02	2.19e-01	4.52e-01	2.77e-01	3.18e-02	1.15e-03	5.01e-05	9.32e-07	0.00e+00	0.00e+00	0.00e+00	0.00e+00
 3.13599e+22	1.86e-21	1.20e-08	4.58e-06	1.73e-04	1.48e-03	4.09e-03	1.52e-02	2.31e-01	4.53e-01	2.65e-01	2.89e-02	1.00e-03	4.27e-05	7.72e-07	0.00e+00	0.00e+00	0.00e+00	0.00e+00
 3.16079e+22	2.46e-21	1.45e-08	5.49e-06	2.02e-04	1.69e-03	4.55e-03	1.66e-02	2.42e-01	4.54e-01	2.54e-01	2.65e-02	8.86e-04	3.70e-05	6.50e-07	0.00e+00	0.00e+00	0.00e+00	0.00e+00
 3.18310e+22	3.18e-21	1.73e-08	6.50e-06	2.34e-04	1.91e-03	5.02e-03	1.80e-02	2.52e-01	4.54e-01	2.44e-01	2.44e-02	7.89e-04	3.23e-05	5.53e-07	0.00e+00	0.00e+00	0.00e+00	0.00e+00
 3.20828e+22	4.44e-21	2.19e-08	8.08e-06	2.82e-04	2.23e-03	5.68e-03	2.00e-02	2.65e-01	4.53e-01	2.31e-01	2.20e-02	6.81e-04	2.71e-05	4.50e-07	0.00e+00	0.00e+00	0.00e+00	0.00e+00
 3.23434e+22	5.92e-21	2.67e-08	9.72e-06	3.32e-04	2.54e-03	6.31e-03	2.17e-02	2.76e-01	4.52e-01	2.21e-01	2.00e-02	5.98e-04	2.34e-05	3.77e-07	0.00e+00	0.00e+00	0.00e+00	0.00e+00
 3.26157e+22	8.50e-21	3.44e-08	1.23e-05	4.06e-04	2.99e-03	7.18e-03	2.41e-02	2.90e-01	4.49e-01	2.08e-01	1.78e-02	5.09e-04	1.93e-05	3.02e-07	0.00e+00	0.00e+00	0.00e+00	0.00e+00
 3.28924e+22	1.15e-20	4.24e-08	1.49e-05	4.79e-04	3.41e-03	7.98e-03	2.62e-02	3.02e-01	4.46e-01	1.97e-01	1.62e-02	4.44e-04	1.65e-05	2.51e-07	0.00e+00	0.00e+00	0.00e+00	0.00e+00
 3.31369e+22	1.54e-20	5.22e-08	1.80e-05	5.62e-04	3.88e-03	8.82e-03	2.84e-02	3.13e-01	4.43e-01	1.87e-01	1.47e-02	3.91e-04	1.42e-05	2.10e-07	0.00e+00	0.00e+00	0.00e+00	0.00e+00
 3.34171e+22	2.25e-20	6.80e-08	2.29e-05	6.91e-04	4.58e-03	1.00e-02	3.15e-02	3.28e-01	4.37e-01	1.75e-01	1.29e-02	3.27e-04	1.16e-05	1.65e-07	0.00e+00	0.00e+00	0.00e+00	0.00e+00
 3.36987e+22	3.04e-20	8.40e-08	2.76e-05	8.12e-04	5.20e-03	1.11e-02	3.40e-02	3.39e-01	4.32e-01	1.65e-01	1.17e-02	2.86e-04	9.94e-06	1.38e-07	0.00e+00	0.00e+00	0.00e+00	0.00e+00
 3.39821e+22	4.41e-20	1.10e-07	3.50e-05	9.93e-04	6.10e-03	1.25e-02	3.73e-02	3.53e-01	4.25e-01	1.54e-01	1.03e-02	2.41e-04	8.17e-06	0.00e+00	0.00e+00	0.00e+00	0.00e+00	0.00e+00
 3.42753e+22	6.15e-20	1.38e-07	4.30e-05	1.18e-03	7.01e-03	1.40e-02	4.06e-02	3.66e-01	4.18e-01	1.44e-01	9.14e-03	2.06e-04	6.82e-06	0.00e+00	0.00e+00	0.00e+00	0.00e+00	0.00e+00
 3.45346e+22	8.36e-20	1.72e-07	5.21e-05	1.39e-03	7.95e-03	1.54e-02	4.36e-02	3.76e-01	4.11e-01	1.36e-01	8.22e-03	1.80e-04	5.81e-06	0.00e+00	0.00e+00	0.00e+00	0.00e+00	0.00e+00
 3.48253e+22	1.23e-19	2.26e-07	6.62e-05	1.70e-03	9.30e-03	1.73e-02	4.76e-02	3.89e-01	4.02e-01	1.25e-01	7.18e-03	1.50e-04	4.74e-06	0.00e+00	0.00e+00	0.00e+00	0.00e+00	0.00e+00
 3.51300e+22	1.74e-19	2.89e-07	8.20e-05	2.04e-03	1.07e-02	1.93e-02	5.16e-02	4.01e-01	3.93e-01	1.16e-01	6.32e-03	1.27e-04	3.92e-06	0.00e+00	0.00e+00	0.00e+00	0.00e+00	0.00e+00
 3.53972e+22	2.37e-19	3.60e-07	9.92e-05	2.39e-03	1.21e-02	2.11e-02	5.52e-02	4.10e-01	3.84e-01	1.09e-01	5.65e-03	1.10e-04	3.32e-06	0.00e+00	0.00e+00	0.00e+00	0.00e+00	0.00e+00
 3.56891e+22	3.48e-19	4.73e-07	1.25e-04	2.91e-03	1.41e-02	2.37e-02	5.98e-02	4.22e-01	3.73e-01	9.99e-02	4.91e-03	9.19e-05	2.70e-06	0.00e+00	0.00e+00	0.00e+00	0.00e+00	0.00e+00
 3.60009e+22	4.99e-19	6.11e-07	1.56e-04	3.50e-03	1.62e-02	2.63e-02	6.44e-02	4.32e-01	3.62e-01	9.19e-02	4.28e-03	7.72e-05	2.21e-06	0.00e+00	0.00e+00	0.00e+00	0.00e+00	0.00e+00
 3.62913e+22	7.02e-19	7.79e-07	1.92e-04	4.16e-03	1.85e-02	2.89e-02	6.89e-02	4.40e-01	3.50e-01	8.48e-02	3.75e-03	6.55e-05	1.83e-06	0.00e+00	0.00e+00	0.00e+00	0.00e+00	0.00e+00
 3.65533e+22	9.41e-19	9.57e-07	2.29e-04	4.81e-03	2.06e-02	3.13e-02	7.30e-02	4.47e-01	3.41e-01	7.89e-02	3.35e-03	5.67e-05	1.56e-06	0.00e+00	0.00e+00	0.00e+00	0.00e+00	0.00e+00
 3.67894e+22	1.24e-18	1.17e-06	2.70e-04	5.52e-03	2.28e-02	3.38e-02	7.69e-02	4.53e-01	3.31e-01	7.37e-02	3.00e-03	4.94e-05	1.33e-06	0.00e+00	0.00e+00	0.00e+00	0.00e+00	0.00e+00
 3.70601e+22	1.76e-18	1.49e-06	3.33e-04	6.55e-03	2.60e-02	3.71e-02	8.19e-02	4.59e-01	3.19e-01	6.74e-02	2.61e-03	4.16e-05	1.09e-06	0.00e+00	0.00e+00	0.00e+00	0.00e+00	0.00e+00
 3.73431e+22	2.41e-18	1.86e-06	4.01e-04	7.63e-03	2.91e-02	4.03e-02	8.65e-02	4.64e-01	3.07e-01	6.21e-02	2.30e-03	3.54e-05	9.12e-07	0.00e+00	0.00e+00	0.00e+00	0.00e+00	0.00e+00
 3.75992e+22	3.25e-18	2.30e-06	4.78e-04	8.82e-03	3.24e-02	4.35e-02	9.11e-02	4.68e-01	2.96e-01	5.72e-02	2.03e-03	3.04e-05	7.66e-07	0.00e+00	0.00e+00	0.00e+00	0.00e+00	0.00e+00
 3.78895e+22	4.72e-18	2.99e-06	5.95e-04	1.06e-02	3.70e-02	4.77e-02	9.68e-02	4.72e-01	2.82e-01	5.16e-02	1.73e-03	2.50e-05	6.14e-07	0.00e+00	0.00e+00	0.00e+00	0.00e+00	0.00e+00
 3.81905e+22	6.58e-18	3.77e-06	7.21e-04	1.23e-02	4.14e-02	5.17e-02	1.02e-01	4.74e-01	2.69e-01	4.69e-02	1.50e-03	2.10e-05	5.04e-07	0.00e+00	0.00e+00	0.00e+00	0.00e+00	0.00e+00
 3.84571e+22	8.93e-18	4.66e-06	8.60e-04	1.42e-02	4.60e-02	5.56e-02	1.07e-01	4.75e-01	2.57e-01	4.29e-02	1.31e-03	1.79e-05	4.19e-07	0.00e+00	0.00e+00	0.00e+00	0.00e+00	0.00e+00
 3.87552e+22	1.30e-17	6.07e-06	1.07e-03	1.70e-02	5.21e-02	6.06e-02	1.13e-01	4.75e-01	2.43e-01	3.82e-02	1.10e-03	1.46e-05	3.32e-07	0.00e+00	0.00e+00	0.00e+00	0.00e+00	0.00e+00
 3.90626e+22	1.81e-17	7.61e-06	1.29e-03	1.97e-02	5.80e-02	6.52e-02	1.18e-01	4.73e-01	2.30e-01	3.45e-02	9.49e-04	1.21e-05	2.71e-07	0.00e+00	0.00e+00	0.00e+00	0.00e+00	0.00e+00
 3.93373e+22	2.47e-17	9.45e-06	1.54e-03	2.27e-02	6.41e-02	6.97e-02	1.22e-01	4.70e-01	2.17e-01	3.11e-02	8.18e-04	1.02e-05	2.22e-07	0.00e+00	0.00e+00	0.00e+00	0.00e+00	0.00e+00
 3.96500e+22	3.65e-17	1.24e-05	1.91e-03	2.70e-02	7.24e-02	7.56e-02	1.28e-01	4.65e-01	2.02e-01	2.73e-02	6.78e-04	8.15e-06	1.72e-07	0.00e+00	0.00e+00	0.00e+00	0.00e+00	0.00e+00
 3.99712e+22	5.12e-17	1.56e-05	2.30e-03	3.13e-02	8.02e-02	8.08e-02	1.33e-01	4.59e-01	1.89e-01	2.42e-02	5.73e-04	6.69e-06	1.38e-07	0.00e+00	0.00e+00	0.00e+00	0.00e+00	0.00e+00
 4.02571e+22	7.04e-17	1.93e-05	2.74e-03	3.59e-02	8.81e-02	8.58e-02	1.37e-01	4.52e-01	1.77e-01	2.16e-02	4.86e-04	5.53e-06	0.00e+00	0.00e+00	0.00e+00	0.00e+00	0.00e+00	0.00e+00
 4.05822e+22	1.05e-16	2.53e-05	3.40e-03	4.24e-02	9.86e-02	9.21e-02	1.42e-01	4.41e-01	1.62e-01	1.86e-02	3.95e-04	4.34e-06	0.00e+00	0.00e+00	0.00e+00	0.00e+00	0.00e+00	0.00e+00
 4.09178e+22	1.48e-16	3.19e-05	4.09e-03	4.90e-02	1.08e-01	9.76e-02	1.46e-01	4.30e-01	1.49e-01	1.62e-02	3.27e-04	3.49e-06	0.00e+00	0.00e+00	0.00e+00	0.00e+00	0.00e+00	0.00e+00
 4.12165e+22	2.05e-16	3.96e-05	4.84e-03	5.58e-02	1.18e-01	1.03e-01	1.49e-01	4.18e-01	1.37e-01	1.42e-02	2.74e-04	2.84e-06	0.00e+00	0.00e+00	0.00e+00	0.00e+00	0.00e+00	0.00e+00
 4.15543e+22	1.42e-16	5.16e-05	5.97e-03	6.54e-02	1.31e-01	1.09e-01	1.52e-01	4.01e-01	1.23e-01	1.20e-02	2.17e-04	2.18e-06	0.00e+00	0.00e+00	0.00e+00	0.00e+00	0.00e+00	0.00e+00
 4.19005e+22	2.01e-16	6.47e-05	7.13e-03	7.47e-02	1.42e-01	1.14e-01	1.54e-01	3.86e-01	1.12e-01	1.03e-02	1.76e-04	1.73e-06	0.00e+00	0.00e+00	0.00e+00	0.00e+00	0.00e+00	0.00e+00
 4.22062e+22	2.77e-16	7.97e-05	8.37e-03	8.43e-02	1.53e-01	1.18e-01	1.55e-01	3.70e-01	1.01e-01	8.86e-03	1.45e-04	1.38e-06	0.00e+00	0.00e+00	0.00e+00	0.00e+00	0.00e+00	0.00e+00
 4.25521e+22	4.12e-16	1.03e-04	1.02e-02	9.74e-02	1.67e-01	1.24e-01	1.56e-01	3.49e-01	8.93e-02	7.30e-03	1.12e-04	1.04e-06	0.00e+00	0.00e+00	0.00e+00	0.00e+00	0.00e+00	0.00e+00
 4.29078e+22	5.83e-16	1.28e-04	1.21e-02	1.10e-01	1.79e-01	1.28e-01	1.56e-01	3.30e-01	7.94e-02	6.13e-03	8.95e-05	8.04e-07	0.00e+00	0.00e+00	0.00e+00	0.00e+00	0.00e+00	0.00e+00
 4.32235e+22	8.03e-16	1.57e-04	1.40e-02	1.23e-01	1.90e-01	1.31e-01	1.55e-01	3.11e-01	7.07e-02	5.18e-03	7.19e-05	6.31e-07	0.00e+00	0.00e+00	0.00e+00	0.00e+00	0.00e+00	0.00e+00
 4.35813e+22	1.20e-15	2.01e-04	1.69e-02	1.40e-01	2.04e-01	1.34e-01	1.53e-01	2.87e-01	6.07e-02	4.16e-03	5.43e-05	4.62e-07	0.00e+00	0.00e+00	0.00e+00	0.00e+00	0.00e+00	0.00e+00
 4.39495e+22	1.71e-15	2.49e-04	1.98e-02	1.56e-01	2.15e-01	1.36e-01	1.50e-01	2.66e-01	5.28e-02	3.40e-03	4.21e-05	3.49e-07	0.00e+00	0.00e+00	0.00e+00	0.00e+00	0.00e+00	0.00e+00
 4.42779e+22	2.37e-15	3.02e-04	2.28e-02	1.71e-01	2.25e-01	1.38e-01	1.47e-01	2.46e-01	4.60e-02	2.81e-03	3.30e-05	2.67e-07	0.00e+00	0.00e+00	0.00e+00	0.00e+00	0.00e+00	0.00e+00
 4.46516e+22	3.60e-15	3.86e-04	2.73e-02	1.93e-01	2.37e-01	1.38e-01	1.42e-01	2.22e-01	3.83e-02	2.17e-03	2.40e-05	1.88e-07	0.00e+00	0.00e+00	0.00e+00	0.00e+00	0.00e+00	0.00e+00
 4.50324e+22	5.10e-15	4.69e-04	3.14e-02	2.11e-01	2.46e-01	1.38e-01	1.37e-01	2.02e-01	3.27e-02	1.75e-03	1.83e-05	1.40e-07	0.00e+00	0.00e+00	0.00e+00	0.00e+00	0.00e+00	0.00e+00
 4.54224e+22	7.87e-15	5.96e-04	3.72e-02	2.34e-01	2.55e-01	1.37e-01	1.30e-01	1.78e-01	2.65e-02	1.32e-03	1.29e-05	0.00e+00	0.00e+00	0.00e+00	0.00e+00	0.00e+00	0.00e+00	0.00e+00
 4.58166e+22	1.13e-14	7.21e-04	4.24e-02	2.53e-01	2.61e-01	1.35e-01	1.24e-01	1.60e-01	2.23e-02	1.04e-03	9.68e-06	0.00e+00	0.00e+00	0.00e+00	0.00e+00	0.00e+00	0.00e+00	0.00e+00
 4.61567e+22	1.58e-14	8.57e-04	4.78e-02	2.72e-01	2.66e-01	1.33e-01	1.18e-01	1.43e-01	1.88e-02	8.28e-04	7.34e-06	0.00e+00	0.00e+00	0.00e+00	0.00e+00	0.00e+00	0.00e+00	0.00e+00
 4.64752e+22	2.16e-14	1.00e-03	5.32e-02	2.88e-01	2.69e-01	1.30e-01	1.12e-01	1.29e-01	1.60e-02	6.67e-04	5.66e-06	0.00e+00	0.00e+00	0.00e+00	0.00e+00	0.00e+00	0.00e+00	0.00e+00
 4.68249e+22	3.17e-14	1.21e-03	6.03e-02	3.09e-01	2.72e-01	1.26e-01	1.05e-01	1.13e-01	1.30e-02	5.09e-04	4.09e-06	0.00e+00	0.00e+00	0.00e+00	0.00e+00	0.00e+00	0.00e+00	0.00e+00
 4.71763e+22	4.57e-14	1.41e-03	6.68e-02	3.26e-01	2.73e-01	1.22e-01	9.89e-02	1.01e-01	1.09e-02	4.04e-04	3.10e-06	0.00e+00	0.00e+00	0.00e+00	0.00e+00	0.00e+00	0.00e+00	0.00e+00
 4.74795e+22	6.24e-14	1.63e-03	7.33e-02	3.41e-01	2.72e-01	1.19e-01	9.32e-02	9.03e-02	9.21e-03	3.24e-04	2.39e-06	0.00e+00	0.00e+00	0.00e+00	0.00e+00	0.00e+00	0.00e+00	0.00e+00
 4.78233e+22	9.65e-14	1.94e-03	8.21e-02	3.60e-01	2.71e-01	1.14e-01	8.60e-02	7.80e-02	7.39e-03	2.44e-04	1.70e-06	0.00e+00	0.00e+00	0.00e+00	0.00e+00	0.00e+00	0.00e+00	0.00e+00
 4.81783e+22	1.40e-13	2.24e-03	9.01e-02	3.75e-01	2.69e-01	1.09e-01	8.00e-02	6.86e-02	6.10e-03	1.91e-04	1.27e-06	0.00e+00	0.00e+00	0.00e+00	0.00e+00	0.00e+00	0.00e+00	0.00e+00
 4.85479e+22	2.27e-13	2.68e-03	1.01e-01	3.93e-01	2.64e-01	1.03e-01	7.28e-02	5.82e-02	4.78e-03	1.39e-04	8.81e-07	0.00e+00	0.00e+00	0.00e+00	0.00e+00	0.00e+00	0.00e+00	0.00e+00
 4.89230e+22	4.11e-13	3.11e-03	1.10e-01	4.08e-01	2.60e-01	9.82e-02	6.69e-02	5.03e-02	3.86e-03	1.06e-04	6.40e-07	0.00e+00	0.00e+00	0.00e+00	0.00e+00	0.00e+00	0.00e+00	0.00e+00
 4.92441e+22	5.79e-13	3.54e-03	1.19e-01	4.20e-01	2.55e-01	9.35e-02	6.19e-02	4.41e-02	3.18e-03	8.29e-05	4.81e-07	0.00e+00	0.00e+00	0.00e+00	0.00e+00	0.00e+00	0.00e+00	0.00e+00
 4.96003e+22	1.32e-12	4.17e-03	1.32e-01	4.34e-01	2.47e-01	8.76e-02	5.58e-02	3.70e-02	2.47e-03	6.01e-05	3.31e-07	0.00e+00	0.00e+00	0.00e+00	0.00e+00	0.00e+00	0.00e+00	0.00e+00
 4.99301e+22	2.13e-12	4.63e-03	1.40e-01	4.42e-01	2.42e-01	8.37e-02	5.19e-02	3.30e-02	2.09e-03	4.86e-05	2.59e-07	0.00e+00	0.00e+00	0.00e+00	0.00e+00	0.00e+00	0.00e+00	0.00e+00
 5.02255e+22	3.59e-12	5.25e-03	1.51e-01	4.52e-01	2.35e-01	7.91e-02	4.75e-02	2.85e-02	1.70e-03	3.75e-05	1.92e-07	0.00e+00	0.00e+00	0.00e+00	0.00e+00	0.00e+00	0.00e+00	0.00e+00
 5.05296e+22	1.24e-11	5.85e-03	1.61e-01	4.59e-01	2.29e-01	7.51e-02	4.39e-02	2.51e-02	1.41e-03	2.98e-05	1.47e-07	0.00e+00	0.00e+00	0.00e+00	0.00e+00	0.00e+00	0.00e+00	0.00e+00
 5.08007e+22	2.39e-11	6.47e-03	1.70e-01	4.65e-01	2.23e-01	7.14e-02	4.07e-02	2.22e-02	1.19e-03	2.39e-05	0.00e+00	0.00e+00	0.00e+00	0.00e+00	0.00e+00	0.00e+00	0.00e+00	0.00e+00
 5.11089e+22	1.34e-10	7.36e-03	1.83e-01	4.72e-01	2.15e-01	6.67e-02	3.67e-02	1.89e-02	9.40e-04	1.79e-05	0.00e+00	0.00e+00	0.00e+00	0.00e+00	0.00e+00	0.00e+00	0.00e+00	0.00e+00
 5.14181e+22	5.63e-10	8.12e-03	1.93e-01	4.77e-01	2.08e-01	6.31e-02	3.39e-02	1.66e-02	7.83e-04	1.42e-05	0.00e+00	0.00e+00	0.00e+00	0.00e+00	0.00e+00	0.00e+00	0.00e+00	0.00e+00
 5.17284e+22	8.30e-09	9.19e-03	2.07e-01	4.81e-01	1.99e-01	5.87e-02	3.04e-02	1.40e-02	6.18e-04	1.06e-05	0.00e+00	0.00e+00	0.00e+00	0.00e+00	0.00e+00	0.00e+00	0.00e+00	0.00e+00
 5.20413e+22	6.19e-08	1.01e-02	2.18e-01	4.84e-01	1.92e-01	5.53e-02	2.79e-02	1.23e-02	5.11e-04	8.38e-06	0.00e+00	0.00e+00	0.00e+00	0.00e+00	0.00e+00	0.00e+00	0.00e+00	0.00e+00
 5.23575e+22	6.93e-07	1.14e-02	2.32e-01	4.86e-01	1.83e-01	5.13e-02	2.50e-02	1.03e-02	4.00e-04	6.20e-06	0.00e+00	0.00e+00	0.00e+00	0.00e+00	0.00e+00	0.00e+00	0.00e+00	0.00e+00
 5.26776e+22	1.89e-06	1.26e-02	2.44e-01	4.87e-01	1.76e-01	4.81e-02	2.28e-02	8.95e-03	3.28e-04	4.85e-06	0.00e+00	0.00e+00	0.00e+00	0.00e+00	0.00e+00	0.00e+00	0.00e+00	0.00e+00
 5.30026e+22	2.72e-06	1.42e-02	2.60e-01	4.87e-01	1.66e-01	4.43e-02	2.02e-02	7.46e-03	2.54e-04	3.55e-06	0.00e+00	0.00e+00	0.00e+00	0.00e+00	0.00e+00	0.00e+00	0.00e+00	0.00e+00
 5.32981e+22	3.15e-06	1.53e-02	2.70e-01	4.87e-01	1.61e-01	4.20e-02	1.87e-02	6.65e-03	2.16e-04	2.91e-06	0.00e+00	0.00e+00	0.00e+00	0.00e+00	0.00e+00	0.00e+00	0.00e+00	0.00e+00
 5.35552e+22	3.69e-06	1.67e-02	2.82e-01	4.85e-01	1.53e-01	3.93e-02	1.70e-02	5.76e-03	1.77e-04	2.28e-06	0.00e+00	0.00e+00	0.00e+00	0.00e+00	0.00e+00	0.00e+00	0.00e+00	0.00e+00
 5.38894e+22	4.54e-06	1.87e-02	2.99e-01	4.82e-01	1.44e-01	3.59e-02	1.50e-02	4.77e-03	1.36e-04	1.65e-06	0.00e+00	0.00e+00	0.00e+00	0.00e+00	0.00e+00	0.00e+00	0.00e+00	0.00e+00
 5.42300e+22	5.33e-06	2.06e-02	3.13e-01	4.79e-01	1.37e-01	3.33e-02	1.35e-02	4.07e-03	1.09e-04	1.26e-06	0.00e+00	0.00e+00	0.00e+00	0.00e+00	0.00e+00	0.00e+00	0.00e+00	0.00e+00
 5.45790e+22	6.43e-06	2.30e-02	3.30e-01	4.73e-01	1.28e-01	3.03e-02	1.18e-02	3.34e-03	8.29e-05	9.05e-07	0.00e+00	0.00e+00	0.00e+00	0.00e+00	0.00e+00	0.00e+00	0.00e+00	0.00e+00
 5.49362e+22	7.57e-06	2.54e-02	3.45e-01	4.68e-01	1.21e-01	2.79e-02	1.05e-02	2.80e-03	6.50e-05	6.74e-07	0.00e+00	0.00e+00	0.00e+00	0.00e+00	0.00e+00	0.00e+00	0.00e+00	0.00e+00
 5.52531e+22	8.77e-06	2.78e-02	3.60e-01	4.61e-01	1.14e-01	2.57e-02	9.35e-03	2.37e-03	5.15e-05	5.10e-07	0.00e+00	0.00e+00	0.00e+00	0.00e+00	0.00e+00	0.00e+00	0.00e+00	0.00e+00
 5.56139e+22	1.04e-05	3.11e-02	3.78e-01	4.52e-01	1.05e-01	2.31e-02	8.10e-03	1.92e-03	3.86e-05	3.59e-07	0.00e+00	0.00e+00	0.00e+00	0.00e+00	0.00e+00	0.00e+00	0.00e+00	0.00e+00
 5.59875e+22	1.21e-05	3.42e-02	3.94e-01	4.43e-01	9.83e-02	2.11e-02	7.12e-03	1.60e-03	2.99e-05	2.65e-07	0.00e+00	0.00e+00	0.00e+00	0.00e+00	0.00e+00	0.00e+00	0.00e+00	0.00e+00
 5.63265e+22	1.40e-05	3.75e-02	4.10e-01	4.34e-01	9.17e-02	1.92e-02	6.26e-03	1.32e-03	2.31e-05	1.95e-07	0.00e+00	0.00e+00	0.00e+00	0.00e+00	0.00e+00	0.00e+00	0.00e+00	0.00e+00
 5.66162e+22	1.55e-05	4.01e-02	4.22e-01	4.26e-01	8.70e-02	1.79e-02	5.69e-03	1.16e-03	1.92e-05	1.56e-07	0.00e+00	0.00e+00	0.00e+00	0.00e+00	0.00e+00	0.00e+00	0.00e+00	0.00e+00
 5.68934e+22	1.75e-05	4.34e-02	4.36e-01	4.17e-01	8.16e-02	1.65e-02	5.07e-03	9.79e-04	1.53e-05	0.00e+00	0.00e+00	0.00e+00	0.00e+00	0.00e+00	0.00e+00	0.00e+00	0.00e+00	0.00e+00
 5.71780e+22	1.93e-05	4.64e-02	4.47e-01	4.09e-01	7.72e-02	1.53e-02	4.59e-03	8.50e-04	1.26e-05	0.00e+00	0.00e+00	0.00e+00	0.00e+00	0.00e+00	0.00e+00	0.00e+00	0.00e+00	0.00e+00
 5.74724e+22	2.18e-05	5.04e-02	4.61e-01	3.98e-01	7.19e-02	1.39e-02	4.04e-03	7.10e-04	9.86e-06	0.00e+00	0.00e+00	0.00e+00	0.00e+00	0.00e+00	0.00e+00	0.00e+00	0.00e+00	0.00e+00
 5.77685e+22	2.41e-05	5.38e-02	4.73e-01	3.89e-01	6.77e-02	1.29e-02	3.64e-03	6.14e-04	8.09e-06	0.00e+00	0.00e+00	0.00e+00	0.00e+00	0.00e+00	0.00e+00	0.00e+00	0.00e+00	0.00e+00
 5.80668e+22	2.71e-05	5.83e-02	4.87e-01	3.77e-01	6.28e-02	1.17e-02	3.19e-03	5.11e-04	6.30e-06	0.00e+00	0.00e+00	0.00e+00	0.00e+00	0.00e+00	0.00e+00	0.00e+00	0.00e+00	0.00e+00
 5.83683e+22	2.99e-05	6.22e-02	4.98e-01	3.67e-01	5.91e-02	1.08e-02	2.87e-03	4.40e-04	5.14e-06	0.00e+00	0.00e+00	0.00e+00	0.00e+00	0.00e+00	0.00e+00	0.00e+00	0.00e+00	0.00e+00
 5.86737e+22	3.36e-05	6.73e-02	5.11e-01	3.54e-01	5.45e-02	9.76e-03	2.50e-03	3.63e-04	3.97e-06	0.00e+00	0.00e+00	0.00e+00	0.00e+00	0.00e+00	0.00e+00	0.00e+00	0.00e+00	0.00e+00
 5.89832e+22	3.68e-05	7.17e-02	5.22e-01	3.44e-01	5.11e-02	8.98e-03	2.23e-03	3.11e-04	3.22e-06	0.00e+00	0.00e+00	0.00e+00	0.00e+00	0.00e+00	0.00e+00	0.00e+00	0.00e+00	0.00e+00
 5.92978e+22	4.13e-05	7.75e-02	5.35e-01	3.30e-01	4.70e-02	8.06e-03	1.93e-03	2.56e-04	2.47e-06	0.00e+00	0.00e+00	0.00e+00	0.00e+00	0.00e+00	0.00e+00	0.00e+00	0.00e+00	0.00e+00
 5.95803e+22	4.42e-05	8.12e-02	5.42e-01	3.22e-01	4.46e-02	7.55e-03	1.77e-03	2.27e-04	2.11e-06	0.00e+00	0.00e+00	0.00e+00	0.00e+00	0.00e+00	0.00e+00	0.00e+00	0.00e+00	0.00e+00
 5.97624e+22	4.65e-05	8.40e-02	5.48e-01	3.16e-01	4.29e-02	7.18e-03	1.66e-03	2.08e-04	1.87e-06	0.00e+00	0.00e+00	0.00e+00	0.00e+00	0.00e+00	0.00e+00	0.00e+00	0.00e+00	0.00e+00
 5.99408e+22	4.94e-05	8.76e-02	5.55e-01	3.09e-01	4.08e-02	6.75e-03	1.53e-03	1.86e-04	1.61e-06	0.00e+00	0.00e+00	0.00e+00	0.00e+00	0.00e+00	0.00e+00	0.00e+00	0.00e+00	0.00e+00
 6.01728e+22	5.34e-05	9.24e-02	5.63e-01	2.99e-01	3.83e-02	6.24e-03	1.37e-03	1.61e-04	1.33e-06	0.00e+00	0.00e+00	0.00e+00	0.00e+00	0.00e+00	0.00e+00	0.00e+00	0.00e+00	0.00e+00
 6.04304e+22	5.74e-05	9.71e-02	5.70e-01	2.89e-01	3.60e-02	5.77e-03	1.24e-03	1.41e-04	1.10e-06	0.00e+00	0.00e+00	0.00e+00	0.00e+00	0.00e+00	0.00e+00	0.00e+00	0.00e+00	0.00e+00
 6.07213e+22	6.36e-05	1.04e-01	5.80e-01	2.76e-01	3.31e-02	5.18e-03	1.07e-03	1.16e-04	8.56e-07	0.00e+00	0.00e+00	0.00e+00	0.00e+00	0.00e+00	0.00e+00	0.00e+00	0.00e+00	0.00e+00
 6.09840e+22	6.75e-05	1.08e-01	5.86e-01	2.69e-01	3.14e-02	4.85e-03	9.84e-04	1.04e-04	7.35e-07	0.00e+00	0.00e+00	0.00e+00	0.00e+00	0.00e+00	0.00e+00	0.00e+00	0.00e+00	0.00e+00
 6.12099e+22	7.23e-05	1.14e-01	5.92e-01	2.59e-01	2.94e-02	4.47e-03	8.84e-04	9.03e-05	6.10e-07	0.00e+00	0.00e+00	0.00e+00	0.00e+00	0.00e+00	0.00e+00	0.00e+00	0.00e+00	0.00e+00
 6.15036e+22	7.91e-05	1.21e-01	6.00e-01	2.47e-01	2.70e-02	4.02e-03	7.68e-04	7.52e-05	4.77e-07	0.00e+00	0.00e+00	0.00e+00	0.00e+00	0.00e+00	0.00e+00	0.00e+00	0.00e+00	0.00e+00
 6.18094e+22	8.54e-05	1.28e-01	6.06e-01	2.37e-01	2.51e-02	3.67e-03	6.81e-04	6.43e-05	3.88e-07	0.00e+00	0.00e+00	0.00e+00	0.00e+00	0.00e+00	0.00e+00	0.00e+00	0.00e+00	0.00e+00
 6.21308e+22	9.39e-05	1.36e-01	6.13e-01	2.24e-01	2.28e-02	3.25e-03	5.81e-04	5.26e-05	2.96e-07	0.00e+00	0.00e+00	0.00e+00	0.00e+00	0.00e+00	0.00e+00	0.00e+00	0.00e+00	0.00e+00
 6.24810e+22	1.03e-04	1.45e-01	6.19e-01	2.12e-01	2.09e-02	2.91e-03	5.02e-04	4.36e-05	2.31e-07	0.00e+00	0.00e+00	0.00e+00	0.00e+00	0.00e+00	0.00e+00	0.00e+00	0.00e+00	0.00e+00
 6.28686e+22	1.15e-04	1.56e-01	6.26e-01	1.96e-01	1.85e-02	2.50e-03	4.11e-04	3.41e-05	1.66e-07	0.00e+00	0.00e+00	0.00e+00	0.00e+00	0.00e+00	0.00e+00	0.00e+00	0.00e+00	0.00e+00
 6.32538e+22	1.24e-04	1.65e-01	6.29e-01	1.86e-01	1.69e-02	2.23e-03	3.56e-04	2.85e-05	1.31e-07	0.00e+00	0.00e+00	0.00e+00	0.00e+00	0.00e+00	0.00e+00	0.00e+00	0.00e+00	0.00e+00
 6.36359e+22	1.37e-04	1.77e-01	6.33e-01	1.72e-01	1.50e-02	1.93e-03	2.94e-04	2.26e-05	0.00e+00	0.00e+00	0.00e+00	0.00e+00	0.00e+00	0.00e+00	0.00e+00	0.00e+00	0.00e+00	0.00e+00
 6.40333e+22	1.50e-04	1.88e-01	6.35e-01	1.61e-01	1.36e-02	1.70e-03	2.49e-04	1.86e-05	0.00e+00	0.00e+00	0.00e+00	0.00e+00	0.00e+00	0.00e+00	0.00e+00	0.00e+00	0.00e+00	0.00e+00
 6.44506e+22	1.66e-04	2.02e-01	6.37e-01	1.47e-01	1.19e-02	1.44e-03	2.01e-04	1.44e-05	0.00e+00	0.00e+00	0.00e+00	0.00e+00	0.00e+00	0.00e+00	0.00e+00	0.00e+00	0.00e+00	0.00e+00
 6.48700e+22	1.80e-04	2.14e-01	6.37e-01	1.37e-01	1.07e-02	1.27e-03	1.70e-04	1.19e-05	0.00e+00	0.00e+00	0.00e+00	0.00e+00	0.00e+00	0.00e+00	0.00e+00	0.00e+00	0.00e+00	0.00e+00
 6.52918e+22	1.99e-04	2.29e-01	6.36e-01	1.24e-01	9.37e-03	1.07e-03	1.36e-04	9.24e-06	0.00e+00	0.00e+00	0.00e+00	0.00e+00	0.00e+00	0.00e+00	0.00e+00	0.00e+00	0.00e+00	0.00e+00
 6.57238e+22	2.16e-04	2.42e-01	6.34e-01	1.14e-01	8.36e-03	9.30e-04	1.13e-04	7.53e-06	0.00e+00	0.00e+00	0.00e+00	0.00e+00	0.00e+00	0.00e+00	0.00e+00	0.00e+00	0.00e+00	0.00e+00
 6.61690e+22	2.39e-04	2.60e-01	6.30e-01	1.02e-01	7.20e-03	7.73e-04	8.86e-05	5.79e-06	0.00e+00	0.00e+00	0.00e+00	0.00e+00	0.00e+00	0.00e+00	0.00e+00	0.00e+00	0.00e+00	0.00e+00
 6.66174e+22	2.59e-04	2.75e-01	6.25e-01	9.32e-02	6.40e-03	6.67e-04	7.32e-05	4.73e-06	0.00e+00	0.00e+00	0.00e+00	0.00e+00	0.00e+00	0.00e+00	0.00e+00	0.00e+00	0.00e+00	0.00e+00
 6.70700e+22	2.86e-04	2.94e-01	6.18e-01	8.22e-02	5.47e-03	5.49e-04	5.66e-05	3.63e-06	0.00e+00	0.00e+00	0.00e+00	0.00e+00	0.00e+00	0.00e+00	0.00e+00	0.00e+00	0.00e+00	0.00e+00
 6.74728e+22	3.04e-04	3.06e-01	6.12e-01	7.64e-02	4.99e-03	4.90e-04	4.88e-05	3.13e-06	0.00e+00	0.00e+00	0.00e+00	0.00e+00	0.00e+00	0.00e+00	0.00e+00	0.00e+00	0.00e+00	0.00e+00
 6.78108e+22	3.26e-04	3.21e-01	6.05e-01	6.90e-02	4.42e-03	4.22e-04	4.00e-05	2.57e-06	0.00e+00	0.00e+00	0.00e+00	0.00e+00	0.00e+00	0.00e+00	0.00e+00	0.00e+00	0.00e+00	0.00e+00
 6.81587e+22	3.48e-04	3.35e-01	5.97e-01	6.31e-02	3.98e-03	3.70e-04	3.36e-05	2.17e-06	0.00e+00	0.00e+00	0.00e+00	0.00e+00	0.00e+00	0.00e+00	0.00e+00	0.00e+00	0.00e+00	0.00e+00
 6.84685e+22	3.68e-04	3.48e-01	5.90e-01	5.79e-02	3.60e-03	3.28e-04	2.86e-05	1.87e-06	0.00e+00	0.00e+00	0.00e+00	0.00e+00	0.00e+00	0.00e+00	0.00e+00	0.00e+00	0.00e+00	0.00e+00
 6.88202e+22	3.95e-04	3.65e-01	5.80e-01	5.14e-02	3.15e-03	2.78e-04	2.29e-05	1.52e-06	0.00e+00	0.00e+00	0.00e+00	0.00e+00	0.00e+00	0.00e+00	0.00e+00	0.00e+00	0.00e+00	0.00e+00
 6.91770e+22	4.20e-04	3.80e-01	5.70e-01	4.64e-02	2.81e-03	2.42e-04	1.90e-05	1.29e-06	0.00e+00	0.00e+00	0.00e+00	0.00e+00	0.00e+00	0.00e+00	0.00e+00	0.00e+00	0.00e+00	0.00e+00
 6.94907e+22	4.46e-04	3.95e-01	5.60e-01	4.18e-02	2.51e-03	2.10e-04	1.57e-05	1.09e-06	0.00e+00	0.00e+00	0.00e+00	0.00e+00	0.00e+00	0.00e+00	0.00e+00	0.00e+00	0.00e+00	0.00e+00
 6.98489e+22	4.79e-04	4.14e-01	5.47e-01	3.64e-02	2.16e-03	1.76e-04	1.23e-05	8.77e-07	0.00e+00	0.00e+00	0.00e+00	0.00e+00	0.00e+00	0.00e+00	0.00e+00	0.00e+00	0.00e+00	0.00e+00
 7.02145e+22	5.11e-04	4.31e-01	5.34e-01	3.21e-02	1.89e-03	1.50e-04	9.90e-06	7.30e-07	0.00e+00	0.00e+00	0.00e+00	0.00e+00	0.00e+00	0.00e+00	0.00e+00	0.00e+00	0.00e+00	0.00e+00
 7.05340e+22	5.43e-04	4.48e-01	5.22e-01	2.83e-02	1.66e-03	1.28e-04	8.00e-06	6.10e-07	0.00e+00	0.00e+00	0.00e+00	0.00e+00	0.00e+00	0.00e+00	0.00e+00	0.00e+00	0.00e+00	0.00e+00
 7.08937e+22	5.83e-04	4.68e-01	5.06e-01	2.40e-02	1.40e-03	1.05e-04	6.06e-06	4.86e-07	0.00e+00	0.00e+00	0.00e+00	0.00e+00	0.00e+00	0.00e+00	0.00e+00	0.00e+00	0.00e+00	0.00e+00
 7.12686e+22	6.23e-04	4.88e-01	4.89e-01	2.04e-02	1.19e-03	8.62e-05	4.66e-06	3.92e-07	0.00e+00	0.00e+00	0.00e+00	0.00e+00	0.00e+00	0.00e+00	0.00e+00	0.00e+00	0.00e+00	0.00e+00
 7.16018e+22	6.63e-04	5.07e-01	4.74e-01	1.74e-02	1.01e-03	7.14e-05	3.60e-06	3.19e-07	0.00e+00	0.00e+00	0.00e+00	0.00e+00	0.00e+00	0.00e+00	0.00e+00	0.00e+00	0.00e+00	0.00e+00
 7.19212e+22	7.03e-04	5.26e-01	4.58e-01	1.48e-02	8.54e-04	5.88e-05	2.77e-06	2.59e-07	0.00e+00	0.00e+00	0.00e+00	0.00e+00	0.00e+00	0.00e+00	0.00e+00	0.00e+00	0.00e+00	0.00e+00
 7.22132e+22	7.38e-04	5.42e-01	4.44e-01	1.27e-02	7.32e-04	4.93e-05	2.18e-06	2.14e-07	0.00e+00	0.00e+00	0.00e+00	0.00e+00	0.00e+00	0.00e+00	0.00e+00	0.00e+00	0.00e+00	0.00e+00
 7.24788e+22	7.74e-04	5.59e-01	4.29e-01	1.08e-02	6.23e-04	4.11e-05	1.71e-06	1.77e-07	0.00e+00	0.00e+00	0.00e+00	0.00e+00	0.00e+00	0.00e+00	0.00e+00	0.00e+00	0.00e+00	0.00e+00
 7.27808e+22	8.19e-04	5.79e-01	4.10e-01	8.81e-03	5.06e-04	3.25e-05	1.26e-06	1.39e-07	0.00e+00	0.00e+00	0.00e+00	0.00e+00	0.00e+00	0.00e+00	0.00e+00	0.00e+00	0.00e+00	0.00e+00
 7.30048e+22	8.38e-04	5.89e-01	4.02e-01	7.88e-03	4.53e-04	2.88e-05	1.07e-06	0.00e+00	0.00e+00	0.00e+00	0.00e+00	0.00e+00	0.00e+00	0.00e+00	0.00e+00	0.00e+00	0.00e+00	0.00e+00
 7.30857e+22	8.49e-04	5.93e-01	3.98e-01	7.50e-03	4.30e-04	2.73e-05	9.98e-07	0.00e+00	0.00e+00	0.00e+00	0.00e+00	0.00e+00	0.00e+00	0.00e+00	0.00e+00	0.00e+00	0.00e+00	0.00e+00
 7.31440e+22	8.59e-04	5.97e-01	3.94e-01	7.17e-03	4.11e-04	2.59e-05	9.36e-07	0.00e+00	0.00e+00	0.00e+00	0.00e+00	0.00e+00	0.00e+00	0.00e+00	0.00e+00	0.00e+00	0.00e+00	0.00e+00
 7.32118e+22	8.66e-04	6.01e-01	3.90e-01	6.83e-03	3.91e-04	2.46e-05	8.73e-07	0.00e+00	0.00e+00	0.00e+00	0.00e+00	0.00e+00	0.00e+00	0.00e+00	0.00e+00	0.00e+00	0.00e+00	0.00e+00
 7.32941e+22	8.80e-04	6.08e-01	3.85e-01	6.40e-03	3.66e-04	2.28e-05	7.95e-07	0.00e+00	0.00e+00	0.00e+00	0.00e+00	0.00e+00	0.00e+00	0.00e+00	0.00e+00	0.00e+00	0.00e+00	0.00e+00
