#depth	Ar	Ar+	Ar+2	Ar+3	Ar+4	Ar+5	Ar+6	Ar+7	Ar+8	Ar+9	Ar+10	Ar+11	Ar+12	Ar+13	Ar+14	Ar+15	Ar+16	Ar+17	Ar+18
 1.54284e+22	0.00e+00	0.00e+00	0.00e+00	0.00e+00	0.00e+00	0.00e+00	0.00e+00	0.00e+00	0.00e+00	0.00e+00	0.00e+00	1.46e-22	7.56e-19	1.87e-15	2.98e-12	5.01e-09	1.48e-05	6.68e-03	9.93e-01
 3.46638e+22	0.00e+00	0.00e+00	0.00e+00	0.00e+00	0.00e+00	0.00e+00	0.00e+00	0.00e+00	0.00e+00	0.00e+00	5.22e-25	2.59e-21	8.80e-18	1.50e-14	1.58e-11	1.75e-08	3.39e-05	1.01e-02	9.90e-01
 4.07091e+22	0.00e+00	0.00e+00	0.00e+00	0.00e+00	0.00e+00	0.00e+00	0.00e+00	0.00e+00	0.00e+00	4.17e-28	3.48e-24	1.36e-20	3.71e-17	4.99e-14	4.12e-11	3.59e-08	5.48e-05	1.28e-02	9.87e-01
 4.47379e+22	0.00e+00	0.00e+00	0.00e+00	0.00e+00	0.00e+00	0.00e+00	0.00e+00	0.00e+00	0.00e+00	2.35e-27	1.61e-23	5.19e-20	1.17e-16	1.30e-13	8.86e-11	6.36e-08	8.02e-05	1.55e-02	9.84e-01
 4.73166e+22	0.00e+00	0.00e+00	0.00e+00	0.00e+00	0.00e+00	0.00e+00	0.00e+00	0.00e+00	0.00e+00	4.94e-27	3.12e-23	9.24e-20	1.92e-16	1.96e-13	1.23e-10	8.13e-08	9.45e-05	1.68e-02	9.83e-01
 4.91294e+22	0.00e+00	0.00e+00	0.00e+00	0.00e+00	0.00e+00	0.00e+00	0.00e+00	0.00e+00	0.00e+00	1.34e-26	7.60e-23	2.01e-19	3.73e-16	3.41e-13	1.91e-10	1.13e-07	1.18e-04	1.87e-02	9.81e-01
 5.09996e+22	0.00e+00	0.00e+00	0.00e+00	0.00e+00	0.00e+00	0.00e+00	0.00e+00	0.00e+00	2.81e-30	3.02e-26	1.56e-22	3.77e-19	6.39e-16	5.33e-13	2.74e-10	1.48e-07	1.41e-04	2.05e-02	9.79e-01
 5.29443e+22	0.00e+00	0.00e+00	0.00e+00	0.00e+00	0.00e+00	0.00e+00	0.00e+00	0.00e+00	9.02e-30	8.62e-26	3.95e-22	8.48e-19	1.28e-15	9.49e-13	4.34e-10	2.09e-07	1.77e-04	2.29e-02	9.77e-01
 5.46431e+22	0.00e+00	0.00e+00	0.00e+00	0.00e+00	0.00e+00	0.00e+00	0.00e+00	0.00e+00	1.66e-29	1.49e-25	6.42e-22	1.30e-18	1.84e-15	1.28e-12	5.53e-10	2.51e-07	2.00e-04	2.43e-02	9.75e-01
 5.60221e+22	0.00e+00	0.00e+00	0.00e+00	0.00e+00	0.00e+00	0.00e+00	0.00e+00	0.00e+00	3.74e-29	3.09e-25	1.22e-21	2.28e-18	2.98e-15	1.92e-12	7.62e-10	3.19e-07	2.34e-04	2.63e-02	9.73e-01
 5.74422e+22	0.00e+00	0.00e+00	0.00e+00	0.00e+00	0.00e+00	0.00e+00	0.00e+00	0.00e+00	7.45e-29	5.73e-25	2.12e-21	3.71e-18	4.52e-15	2.71e-12	1.01e-09	3.93e-07	2.69e-04	2.82e-02	9.72e-01
 5.87047e+22	0.00e+00	0.00e+00	0.00e+00	0.00e+00	0.00e+00	0.00e+00	0.00e+00	0.00e+00	1.44e-28	1.04e-24	3.58e-21	5.87e-18	6.68e-15	3.76e-12	1.30e-09	4.77e-07	3.06e-04	3.00e-02	9.70e-01
 6.01349e+22	0.00e+00	0.00e+00	0.00e+00	0.00e+00	0.00e+00	0.00e+00	0.00e+00	0.00e+00	3.31e-28	2.19e-24	6.94e-21	1.05e-17	1.10e-14	5.67e-12	1.81e-09	6.10e-07	3.61e-04	3.25e-02	9.67e-01
 6.15900e+22	0.00e+00	0.00e+00	0.00e+00	0.00e+00	0.00e+00	0.00e+00	0.00e+00	0.00e+00	6.69e-28	4.11e-24	1.21e-20	1.70e-17	1.66e-14	8.01e-12	2.39e-09	7.51e-07	4.14e-04	3.48e-02	9.65e-01
 6.28676e+22	0.00e+00	0.00e+00	0.00e+00	0.00e+00	0.00e+00	0.00e+00	0.00e+00	0.00e+00	1.31e-27	7.50e-24	2.07e-20	2.72e-17	2.47e-14	1.12e-11	3.11e-09	9.16e-07	4.72e-04	3.71e-02	9.62e-01
 6.43187e+22	0.00e+00	0.00e+00	0.00e+00	0.00e+00	0.00e+00	0.00e+00	0.00e+00	0.00e+00	3.18e-27	1.66e-23	4.19e-20	5.02e-17	4.18e-14	1.72e-11	4.41e-09	1.19e-06	5.61e-04	4.04e-02	9.59e-01
 6.57537e+22	0.00e+00	0.00e+00	0.00e+00	0.00e+00	0.00e+00	0.00e+00	0.00e+00	0.00e+00	5.86e-27	2.88e-23	6.81e-20	7.68e-17	6.01e-14	2.33e-11	5.61e-09	1.42e-06	6.32e-04	4.29e-02	9.57e-01
 6.71676e+22	0.00e+00	0.00e+00	0.00e+00	0.00e+00	0.00e+00	0.00e+00	0.00e+00	9.53e-31	1.41e-26	6.31e-23	1.37e-19	1.41e-16	1.01e-13	3.59e-11	7.92e-09	1.84e-06	7.49e-04	4.66e-02	9.53e-01
 6.85680e+22	0.00e+00	0.00e+00	0.00e+00	0.00e+00	0.00e+00	0.00e+00	0.00e+00	1.84e-30	2.56e-26	1.08e-22	2.19e-19	2.13e-16	1.44e-13	4.81e-11	1.00e-08	2.19e-06	8.41e-04	4.93e-02	9.50e-01
 6.99509e+22	0.00e+00	0.00e+00	0.00e+00	0.00e+00	0.00e+00	0.00e+00	0.00e+00	4.49e-30	5.71e-26	2.21e-22	4.15e-19	3.71e-16	2.30e-13	7.12e-11	1.37e-08	2.77e-06	9.83e-04	5.32e-02	9.46e-01
 7.13932e+22	0.00e+00	0.00e+00	0.00e+00	0.00e+00	0.00e+00	0.00e+00	0.00e+00	9.83e-30	1.16e-25	4.19e-22	7.30e-19	6.08e-16	3.51e-13	1.01e-10	1.81e-08	3.42e-06	1.13e-03	5.68e-02	9.42e-01
 7.25590e+22	0.00e+00	0.00e+00	0.00e+00	0.00e+00	0.00e+00	0.00e+00	0.00e+00	1.79e-29	1.99e-25	6.78e-22	1.12e-18	8.82e-16	4.82e-13	1.31e-10	2.23e-08	4.00e-06	1.25e-03	5.98e-02	9.39e-01
 7.37208e+22	0.00e+00	0.00e+00	0.00e+00	0.00e+00	0.00e+00	0.00e+00	0.00e+00	3.76e-29	3.90e-25	1.24e-21	1.91e-18	1.41e-15	7.17e-13	1.83e-10	2.90e-08	4.87e-06	1.43e-03	6.37e-02	9.35e-01
 7.49055e+22	0.00e+00	0.00e+00	0.00e+00	0.00e+00	0.00e+00	0.00e+00	0.00e+00	6.94e-29	6.80e-25	2.03e-21	2.96e-18	2.06e-15	9.95e-13	2.40e-10	3.61e-08	5.72e-06	1.59e-03	6.70e-02	9.31e-01
 7.61201e+22	0.00e+00	0.00e+00	0.00e+00	0.00e+00	0.00e+00	0.00e+00	0.00e+00	1.51e-28	1.37e-24	3.81e-21	5.16e-18	3.34e-15	1.50e-12	3.37e-10	4.73e-08	7.01e-06	1.81e-03	7.15e-02	9.27e-01
 7.73490e+22	0.00e+00	0.00e+00	0.00e+00	0.00e+00	0.00e+00	0.00e+00	0.00e+00	2.84e-28	2.43e-24	6.36e-21	8.13e-18	4.96e-15	2.10e-12	4.46e-10	5.92e-08	8.28e-06	2.02e-03	7.54e-02	9.23e-01
 7.84318e+22	0.00e+00	0.00e+00	0.00e+00	0.00e+00	0.00e+00	0.00e+00	0.00e+00	5.28e-28	4.25e-24	1.05e-20	1.26e-17	7.29e-15	2.92e-12	5.85e-10	7.35e-08	9.73e-06	2.25e-03	7.93e-02	9.18e-01
 7.96744e+22	0.00e+00	0.00e+00	0.00e+00	0.00e+00	0.00e+00	0.00e+00	2.98e-31	1.17e-27	8.73e-24	2.00e-20	2.23e-17	1.20e-14	4.45e-12	8.29e-10	9.71e-08	1.20e-05	2.58e-03	8.47e-02	9.13e-01
 8.09142e+22	0.00e+00	0.00e+00	0.00e+00	0.00e+00	0.00e+00	0.00e+00	5.88e-31	2.18e-27	1.54e-23	3.31e-20	3.49e-17	1.76e-14	6.19e-12	1.09e-09	1.21e-07	1.41e-05	2.87e-03	8.91e-02	9.08e-01
 8.21504e+22	0.00e+00	0.00e+00	0.00e+00	0.00e+00	0.00e+00	0.00e+00	1.38e-30	4.81e-27	3.13e-23	6.24e-20	6.12e-17	2.88e-14	9.38e-12	1.54e-09	1.59e-07	1.73e-05	3.29e-03	9.50e-02	9.02e-01
 8.32915e+22	0.00e+00	0.00e+00	0.00e+00	0.00e+00	0.00e+00	0.00e+00	2.50e-30	8.28e-27	5.12e-23	9.71e-20	9.03e-17	4.04e-14	1.25e-11	1.96e-09	1.92e-07	2.00e-05	3.61e-03	9.92e-02	8.97e-01
 8.41572e+22	0.00e+00	0.00e+00	0.00e+00	0.00e+00	0.00e+00	0.00e+00	4.30e-30	1.36e-26	8.01e-23	1.45e-19	1.29e-16	5.50e-14	1.63e-11	2.43e-09	2.29e-07	2.27e-05	3.93e-03	1.03e-01	8.93e-01
 8.51310e+22	0.00e+00	0.00e+00	0.00e+00	0.00e+00	0.00e+00	0.00e+00	8.16e-30	2.46e-26	1.36e-22	2.33e-19	1.96e-16	7.91e-14	2.22e-11	3.14e-09	2.80e-07	2.64e-05	4.34e-03	1.08e-01	8.87e-01
 8.61826e+22	0.00e+00	0.00e+00	0.00e+00	0.00e+00	0.00e+00	0.00e+00	1.55e-29	4.42e-26	2.32e-22	3.75e-19	2.98e-16	1.14e-13	3.03e-11	4.06e-09	3.44e-07	3.08e-05	4.79e-03	1.13e-01	8.82e-01
 8.71217e+22	0.00e+00	0.00e+00	0.00e+00	0.00e+00	0.00e+00	0.00e+00	2.67e-29	7.32e-26	3.66e-22	5.64e-19	4.27e-16	1.56e-13	3.95e-11	5.06e-09	4.10e-07	3.51e-05	5.22e-03	1.18e-01	8.77e-01
 8.81290e+22	0.00e+00	0.00e+00	0.00e+00	0.00e+00	0.00e+00	0.00e+00	5.17e-29	1.34e-25	6.32e-22	9.18e-19	6.57e-16	2.27e-13	5.42e-11	6.58e-09	5.05e-07	4.09e-05	5.77e-03	1.24e-01	8.70e-01
 8.91954e+22	0.00e+00	0.00e+00	0.00e+00	0.00e+00	0.00e+00	0.00e+00	9.70e-29	2.40e-25	1.07e-21	1.47e-18	9.93e-16	3.25e-13	7.37e-11	8.48e-09	6.18e-07	4.75e-05	6.37e-03	1.29e-01	8.64e-01
 9.01473e+22	0.00e+00	0.00e+00	0.00e+00	0.00e+00	0.00e+00	0.00e+00	1.73e-28	4.09e-25	1.73e-21	2.25e-18	1.45e-15	4.52e-13	9.75e-11	1.07e-08	7.43e-07	5.45e-05	6.96e-03	1.35e-01	8.58e-01
 9.10468e+22	0.00e+00	0.00e+00	0.00e+00	0.00e+00	0.00e+00	0.00e+00	3.01e-28	6.80e-25	2.73e-21	3.40e-18	2.09e-15	6.19e-13	1.27e-10	1.33e-08	8.86e-07	6.21e-05	7.58e-03	1.40e-01	8.52e-01
 9.20697e+22	0.00e+00	0.00e+00	0.00e+00	0.00e+00	0.00e+00	1.89e-31	5.96e-28	1.27e-24	4.81e-21	5.63e-18	3.25e-15	9.11e-13	1.77e-10	1.75e-08	1.10e-06	7.28e-05	8.40e-03	1.47e-01	8.45e-01
 9.30520e+22	0.00e+00	0.00e+00	0.00e+00	0.00e+00	0.00e+00	3.35e-31	1.01e-27	2.07e-24	7.47e-21	8.34e-18	4.60e-15	1.23e-12	2.28e-10	2.16e-08	1.30e-06	8.25e-05	9.11e-03	1.53e-01	8.38e-01
 9.38314e+22	0.00e+00	0.00e+00	0.00e+00	0.00e+00	0.00e+00	5.56e-31	1.62e-27	3.20e-24	1.10e-20	1.18e-17	6.26e-15	1.61e-12	2.87e-10	2.60e-08	1.51e-06	9.21e-05	9.78e-03	1.58e-01	8.33e-01
 9.46942e+22	0.00e+00	0.00e+00	0.00e+00	0.00e+00	0.00e+00	1.01e-30	2.82e-27	5.34e-24	1.75e-20	1.78e-17	9.00e-15	2.20e-12	3.74e-10	3.24e-08	1.79e-06	1.05e-04	1.06e-02	1.64e-01	8.26e-01
 9.56234e+22	0.00e+00	0.00e+00	0.00e+00	0.00e+00	0.00e+00	1.84e-30	4.90e-27	8.87e-24	2.77e-20	2.69e-17	1.29e-14	3.02e-12	4.88e-10	4.04e-08	2.14e-06	1.19e-04	1.16e-02	1.70e-01	8.19e-01
 9.64497e+22	0.00e+00	0.00e+00	0.00e+00	0.00e+00	0.00e+00	3.08e-30	7.91e-27	1.38e-23	4.12e-20	3.83e-17	1.77e-14	3.96e-12	6.15e-10	4.89e-08	2.48e-06	1.33e-04	1.24e-02	1.75e-01	8.12e-01
 9.73347e+22	0.00e+00	0.00e+00	0.00e+00	0.00e+00	0.00e+00	5.69e-30	1.40e-26	2.33e-23	6.62e-20	5.84e-17	2.56e-14	5.46e-12	8.06e-10	6.11e-08	2.96e-06	1.52e-04	1.35e-02	1.82e-01	8.04e-01
 9.82700e+22	0.00e+00	0.00e+00	0.00e+00	0.00e+00	0.00e+00	1.03e-29	2.42e-26	3.85e-23	1.04e-19	8.77e-17	3.66e-14	7.45e-12	1.05e-09	7.60e-08	3.52e-06	1.73e-04	1.47e-02	1.89e-01	7.96e-01
 9.90967e+22	0.00e+00	0.00e+00	0.00e+00	0.00e+00	0.00e+00	1.74e-29	3.95e-26	6.06e-23	1.57e-19	1.26e-16	5.05e-14	9.84e-12	1.33e-09	9.23e-08	4.11e-06	1.93e-04	1.58e-02	1.95e-01	7.89e-01
 9.99971e+22	0.00e+00	0.00e+00	0.00e+00	0.00e+00	0.00e+00	3.27e-29	7.08e-26	1.04e-22	2.54e-19	1.94e-16	7.37e-14	1.37e-11	1.75e-09	1.16e-07	4.92e-06	2.21e-04	1.72e-02	2.02e-01	7.80e-01
 1.00873e+23	0.00e+00	0.00e+00	0.00e+00	0.00e+00	0.00e+00	5.53e-29	1.15e-25	1.62e-22	3.82e-19	2.79e-16	1.02e-13	1.80e-11	2.22e-09	1.41e-07	5.74e-06	2.47e-04	1.85e-02	2.09e-01	7.73e-01
 1.01560e+23	0.00e+00	0.00e+00	0.00e+00	0.00e+00	0.00e+00	3.95e-29	7.98e-26	1.09e-22	5.35e-19	3.77e-16	1.32e-13	2.27e-11	2.70e-09	1.65e-07	6.52e-06	2.71e-04	1.96e-02	2.14e-01	7.66e-01
 1.02295e+23	0.00e+00	0.00e+00	0.00e+00	0.00e+00	0.00e+00	6.55e-29	1.28e-25	1.68e-22	7.89e-19	5.33e-16	1.80e-13	2.96e-11	3.37e-09	1.99e-07	7.53e-06	3.02e-04	2.10e-02	2.20e-01	7.58e-01
 1.03103e+23	0.00e+00	0.00e+00	0.00e+00	0.00e+00	0.00e+00	1.08e-28	2.03e-25	2.58e-22	1.16e-18	7.52e-16	2.43e-13	3.85e-11	4.21e-09	2.39e-07	8.70e-06	3.36e-04	2.25e-02	2.27e-01	7.51e-01
 1.03871e+23	0.00e+00	0.00e+00	0.00e+00	0.00e+00	5.85e-32	1.77e-28	3.21e-25	3.92e-22	1.70e-18	1.05e-15	3.27e-13	4.98e-11	5.24e-09	2.85e-07	1.00e-05	3.72e-04	2.40e-02	2.33e-01	7.43e-01
 1.04614e+23	0.00e+00	0.00e+00	0.00e+00	0.00e+00	9.85e-32	2.88e-28	5.04e-25	5.94e-22	2.47e-18	1.47e-15	4.40e-13	6.42e-11	6.50e-09	3.41e-07	1.15e-05	4.12e-04	2.56e-02	2.39e-01	7.35e-01
 1.05334e+23	0.00e+00	0.00e+00	0.00e+00	0.00e+00	1.61e-31	4.57e-28	7.73e-25	8.81e-22	3.52e-18	2.02e-15	5.81e-13	8.17e-11	7.97e-09	4.03e-07	1.32e-05	4.54e-04	2.72e-02	2.46e-01	7.27e-01
 1.06141e+23	0.00e+00	0.00e+00	0.00e+00	0.00e+00	2.92e-31	7.93e-28	1.29e-24	1.41e-21	5.38e-18	2.95e-15	8.10e-13	1.09e-10	1.02e-08	4.91e-07	1.54e-05	5.10e-04	2.93e-02	2.53e-01	7.17e-01
 1.06984e+23	0.00e+00	0.00e+00	0.00e+00	0.00e+00	5.12e-31	1.34e-27	2.10e-24	2.21e-21	8.05e-18	4.23e-15	1.11e-12	1.43e-10	1.28e-08	5.95e-07	1.79e-05	5.69e-04	3.14e-02	2.60e-01	7.08e-01
 1.07718e+23	0.00e+00	0.00e+00	0.00e+00	0.00e+00	8.47e-31	2.14e-27	3.24e-24	3.30e-21	1.16e-17	5.84e-15	1.48e-12	1.83e-10	1.58e-08	7.06e-07	2.05e-05	6.27e-04	3.33e-02	2.67e-01	6.99e-01
 1.08370e+23	0.00e+00	0.00e+00	0.00e+00	0.00e+00	1.32e-30	3.25e-27	4.77e-24	4.70e-21	1.59e-17	7.76e-15	1.90e-12	2.28e-10	1.90e-08	8.21e-07	2.30e-05	6.84e-04	3.52e-02	2.72e-01	6.92e-01
 1.09072e+23	0.00e+00	0.00e+00	0.00e+00	0.00e+00	2.19e-30	5.20e-27	7.39e-24	7.04e-21	2.29e-17	1.07e-14	2.52e-12	2.91e-10	2.33e-08	9.71e-07	2.63e-05	7.53e-04	3.74e-02	2.79e-01	6.83e-01
 1.09829e+23	0.00e+00	0.00e+00	0.00e+00	0.00e+00	3.62e-30	8.30e-27	1.14e-23	1.05e-20	3.28e-17	1.48e-14	3.34e-12	3.72e-10	2.87e-08	1.15e-06	3.01e-05	8.30e-04	3.97e-02	2.86e-01	6.74e-01
 1.10517e+23	0.00e+00	0.00e+00	0.00e+00	0.00e+00	5.75e-30	1.28e-26	1.70e-23	1.52e-20	4.57e-17	1.99e-14	4.34e-12	4.66e-10	3.47e-08	1.35e-06	3.40e-05	9.07e-04	4.20e-02	2.92e-01	6.65e-01
 1.11270e+23	0.00e+00	0.00e+00	0.00e+00	0.00e+00	9.97e-30	2.14e-26	2.75e-23	2.36e-20	6.80e-17	2.83e-14	5.92e-12	6.09e-10	4.34e-08	1.62e-06	3.92e-05	1.01e-03	4.48e-02	2.99e-01	6.55e-01
 1.12056e+23	0.00e+00	0.00e+00	0.00e+00	0.00e+00	1.68e-29	3.48e-26	4.30e-23	3.57e-20	9.87e-17	3.95e-14	7.93e-12	7.85e-10	5.38e-08	1.93e-06	4.50e-05	1.11e-03	4.77e-02	3.06e-01	6.45e-01
 1.12721e+23	0.00e+00	0.00e+00	0.00e+00	0.00e+00	2.62e-29	5.27e-26	6.33e-23	5.08e-20	1.36e-16	5.25e-14	1.02e-11	9.76e-10	6.47e-08	2.24e-06	5.06e-05	1.21e-03	5.02e-02	3.12e-01	6.36e-01
 1.13419e+23	0.00e+00	0.00e+00	0.00e+00	0.00e+00	2.33e-29	4.54e-26	5.27e-23	7.64e-20	1.96e-16	7.27e-14	1.36e-11	1.25e-09	7.96e-08	2.65e-06	5.78e-05	1.33e-03	5.33e-02	3.19e-01	6.26e-01
 1.14166e+23	0.00e+00	0.00e+00	0.00e+00	0.00e+00	3.82e-29	7.19e-26	8.07e-23	1.13e-19	2.79e-16	9.96e-14	1.79e-11	1.59e-09	9.74e-08	3.13e-06	6.58e-05	1.46e-03	5.64e-02	3.26e-01	6.16e-01
 1.14843e+23	0.00e+00	0.00e+00	0.00e+00	0.00e+00	6.03e-29	1.10e-25	1.20e-22	1.62e-19	3.87e-16	1.33e-13	2.31e-11	1.98e-09	1.17e-07	3.64e-06	7.41e-05	1.59e-03	5.94e-02	3.32e-01	6.07e-01
 1.15590e+23	0.00e+00	0.00e+00	0.00e+00	0.00e+00	1.04e-28	1.83e-25	1.92e-22	2.50e-19	5.71e-16	1.88e-13	3.13e-11	2.57e-09	1.46e-07	4.36e-06	8.52e-05	1.76e-03	6.32e-02	3.39e-01	5.96e-01
 1.16375e+23	0.00e+00	0.00e+00	0.00e+00	4.18e-32	1.74e-28	2.95e-25	3.00e-22	3.77e-19	8.27e-16	2.62e-13	4.19e-11	3.31e-09	1.81e-07	5.18e-06	9.75e-05	1.94e-03	6.70e-02	3.46e-01	5.85e-01
 1.17032e+23	0.00e+00	0.00e+00	0.00e+00	6.66e-32	2.69e-28	4.43e-25	4.37e-22	5.32e-19	1.13e-15	3.46e-13	5.35e-11	4.09e-09	2.16e-07	6.00e-06	1.09e-04	2.10e-03	7.04e-02	3.52e-01	5.76e-01
 1.17619e+23	0.00e+00	0.00e+00	0.00e+00	1.01e-31	3.98e-28	6.40e-25	6.14e-22	7.28e-19	1.50e-15	4.45e-13	6.67e-11	4.94e-09	2.53e-07	6.83e-06	1.21e-04	2.26e-03	7.35e-02	3.57e-01	5.67e-01
 1.18292e+23	0.00e+00	0.00e+00	0.00e+00	1.68e-31	6.42e-28	1.00e-24	9.31e-22	1.07e-18	2.11e-15	6.04e-13	8.71e-11	6.22e-09	3.07e-07	7.99e-06	1.37e-04	2.47e-03	7.75e-02	3.63e-01	5.57e-01
 1.19029e+23	0.00e+00	0.00e+00	0.00e+00	2.88e-31	1.06e-27	1.60e-24	1.44e-21	1.59e-18	3.03e-15	8.33e-13	1.16e-10	7.95e-09	3.78e-07	9.46e-06	1.56e-04	2.71e-03	8.19e-02	3.69e-01	5.46e-01
 1.19702e+23	0.00e+00	0.00e+00	0.00e+00	4.63e-31	1.66e-27	2.42e-24	2.11e-21	2.26e-18	4.16e-15	1.11e-12	1.48e-10	9.85e-09	4.53e-07	1.10e-05	1.74e-04	2.94e-03	8.60e-02	3.75e-01	5.36e-01
 1.20427e+23	0.00e+00	0.00e+00	0.00e+00	8.07e-31	2.80e-27	3.95e-24	3.32e-21	3.43e-18	6.06e-15	1.54e-12	1.99e-10	1.27e-08	5.59e-07	1.30e-05	1.99e-04	3.23e-03	9.10e-02	3.82e-01	5.24e-01
 1.21163e+23	0.00e+00	0.00e+00	0.00e+00	1.34e-30	4.51e-27	6.16e-24	5.01e-21	5.00e-18	8.51e-15	2.09e-12	2.60e-10	1.60e-08	6.80e-07	1.53e-05	2.25e-04	3.52e-03	9.58e-02	3.87e-01	5.13e-01
 1.21778e+23	0.00e+00	0.00e+00	0.00e+00	2.08e-30	6.80e-27	9.03e-24	7.14e-21	6.91e-18	1.14e-14	2.72e-12	3.27e-10	1.95e-08	8.03e-07	1.75e-05	2.50e-04	3.79e-03	1.00e-01	3.92e-01	5.04e-01
 1.22441e+23	0.00e+00	0.00e+00	0.00e+00	3.47e-30	1.10e-26	1.41e-23	1.08e-20	1.01e-17	1.61e-14	3.69e-12	4.27e-10	2.45e-08	9.75e-07	2.04e-05	2.82e-04	4.13e-03	1.05e-01	3.98e-01	4.93e-01
 1.23159e+23	0.00e+00	0.00e+00	0.00e+00	5.77e-30	1.77e-26	2.20e-23	1.63e-20	1.47e-17	2.26e-14	5.00e-12	5.58e-10	3.09e-08	1.18e-06	2.39e-05	3.19e-04	4.50e-03	1.11e-01	4.03e-01	4.81e-01
 1.23820e+23	0.00e+00	0.00e+00	0.00e+00	9.21e-30	2.74e-26	3.31e-23	2.38e-20	2.08e-17	3.09e-14	6.61e-12	7.14e-10	3.82e-08	1.41e-06	2.76e-05	3.56e-04	4.87e-03	1.16e-01	4.08e-01	4.71e-01
 1.24552e+23	0.00e+00	0.00e+00	0.00e+00	1.62e-29	4.65e-26	5.42e-23	3.76e-20	3.17e-17	4.52e-14	9.25e-12	9.59e-10	4.92e-08	1.75e-06	3.29e-05	4.07e-04	5.34e-03	1.22e-01	4.13e-01	4.59e-01
 1.25288e+23	0.00e+00	0.00e+00	0.00e+00	2.68e-29	7.44e-26	8.40e-23	5.64e-20	4.59e-17	6.31e-14	1.25e-11	1.25e-09	6.18e-08	2.12e-06	3.84e-05	4.59e-04	5.81e-03	1.28e-01	4.18e-01	4.47e-01
 1.25894e+23	0.00e+00	0.00e+00	0.00e+00	4.14e-29	1.12e-25	1.23e-22	8.02e-20	6.33e-17	8.45e-14	1.62e-11	1.57e-09	7.53e-08	2.50e-06	4.39e-05	5.09e-04	6.24e-03	1.33e-01	4.22e-01	4.38e-01
 1.26549e+23	0.00e+00	0.00e+00	1.74e-32	6.88e-29	1.80e-25	1.92e-22	1.21e-19	9.20e-17	1.19e-13	2.19e-11	2.05e-09	9.47e-08	3.03e-06	5.13e-05	5.73e-04	6.78e-03	1.40e-01	4.27e-01	4.26e-01
 1.27256e+23	0.00e+00	0.00e+00	2.98e-32	1.14e-28	2.90e-25	2.97e-22	1.81e-19	1.33e-16	1.66e-13	2.96e-11	2.67e-09	1.19e-07	3.68e-06	6.00e-05	6.45e-04	7.36e-03	1.46e-01	4.31e-01	4.15e-01
 1.27903e+23	0.00e+00	0.00e+00	4.81e-32	1.80e-28	4.43e-25	4.42e-22	2.62e-19	1.86e-16	2.25e-13	3.88e-11	3.38e-09	1.46e-07	4.37e-06	6.89e-05	7.18e-04	7.92e-03	1.53e-01	4.34e-01	4.05e-01
 1.28616e+23	0.00e+00	0.00e+00	8.67e-32	3.14e-28	7.47e-25	7.19e-22	4.10e-19	2.80e-16	3.26e-13	5.40e-11	4.53e-09	1.88e-07	5.40e-06	8.18e-05	8.18e-04	8.67e-03	1.60e-01	4.38e-01	3.92e-01
 1.29326e+23	0.00e+00	0.00e+00	1.45e-31	5.11e-28	1.18e-24	1.10e-21	6.05e-19	3.99e-16	4.49e-13	7.21e-11	5.84e-09	2.34e-07	6.49e-06	9.50e-05	9.16e-04	9.37e-03	1.67e-01	4.41e-01	3.81e-01
 1.29912e+23	0.00e+00	0.00e+00	2.28e-31	7.83e-28	1.76e-24	1.59e-21	8.51e-19	5.45e-16	5.96e-13	9.28e-11	7.30e-09	2.84e-07	7.64e-06	1.08e-04	1.01e-03	1.00e-02	1.74e-01	4.44e-01	3.71e-01
 1.30552e+23	0.00e+00	0.00e+00	3.87e-31	1.29e-27	2.81e-24	2.45e-21	1.27e-18	7.86e-16	8.31e-13	1.25e-10	9.47e-09	3.55e-07	9.23e-06	1.26e-04	1.14e-03	1.09e-02	1.81e-01	4.47e-01	3.60e-01
 1.31241e+23	0.00e+00	0.00e+00	6.61e-31	2.14e-27	4.50e-24	3.80e-21	1.90e-18	1.13e-15	1.16e-12	1.68e-10	1.23e-08	4.46e-07	1.12e-05	1.47e-04	1.28e-03	1.18e-02	1.89e-01	4.49e-01	3.49e-01
 1.31864e+23	0.00e+00	0.00e+00	1.05e-30	3.32e-27	6.78e-24	5.56e-21	2.70e-18	1.55e-15	1.55e-12	2.18e-10	1.55e-08	5.43e-07	1.32e-05	1.68e-04	1.41e-03	1.26e-02	1.96e-01	4.51e-01	3.39e-01
 1.32543e+23	0.00e+00	0.00e+00	1.87e-30	5.72e-27	1.12e-23	8.88e-21	4.15e-18	2.30e-15	2.21e-12	3.00e-10	2.05e-08	6.93e-07	1.62e-05	1.99e-04	1.60e-03	1.37e-02	2.05e-01	4.53e-01	3.27e-01
 1.33228e+23	0.00e+00	0.00e+00	3.10e-30	9.25e-27	1.76e-23	1.34e-20	6.07e-18	3.24e-15	3.03e-12	3.98e-10	2.64e-08	8.60e-07	1.94e-05	2.30e-04	1.79e-03	1.48e-02	2.14e-01	4.54e-01	3.16e-01
 1.33800e+23	0.00e+00	0.00e+00	4.86e-30	1.41e-26	2.61e-23	1.94e-20	8.48e-18	4.38e-15	3.99e-12	5.10e-10	3.28e-08	1.04e-06	2.28e-05	2.62e-04	1.97e-03	1.57e-02	2.21e-01	4.55e-01	3.07e-01
 1.34420e+23	0.00e+00	0.00e+00	8.36e-30	2.36e-26	4.21e-23	3.01e-20	1.27e-17	6.31e-15	5.57e-12	6.89e-10	4.28e-08	1.31e-06	2.77e-05	3.06e-04	2.21e-03	1.70e-02	2.30e-01	4.55e-01	2.95e-01
 1.35071e+23	0.00e+00	0.00e+00	1.36e-29	3.73e-26	6.45e-23	4.46e-20	1.82e-17	8.73e-15	7.50e-12	9.00e-10	5.42e-08	1.60e-06	3.29e-05	3.52e-04	2.45e-03	1.82e-02	2.38e-01	4.55e-01	2.85e-01
 1.35667e+23	0.00e+00	0.00e+00	2.19e-29	5.85e-26	9.81e-23	6.57e-20	2.59e-17	1.20e-14	1.00e-11	1.17e-09	6.85e-08	1.96e-06	3.90e-05	4.03e-04	2.72e-03	1.95e-02	2.46e-01	4.55e-01	2.76e-01
 1.36346e+23	0.00e+00	0.00e+00	3.95e-29	1.02e-25	1.64e-22	1.06e-19	4.00e-17	1.78e-14	1.44e-11	1.62e-09	9.12e-08	2.51e-06	4.81e-05	4.77e-04	3.08e-03	2.12e-02	2.57e-01	4.55e-01	2.64e-01
 1.37016e+23	0.00e+00	0.00e+00	6.57e-29	1.65e-25	2.56e-22	1.59e-19	5.80e-17	2.48e-14	1.96e-11	2.14e-09	1.17e-07	3.11e-06	5.76e-05	5.52e-04	3.43e-03	2.27e-02	2.66e-01	4.54e-01	2.54e-01
 1.37552e+23	0.00e+00	0.00e+00	1.01e-28	2.47e-25	3.74e-22	2.25e-19	7.96e-17	3.29e-14	2.54e-11	2.71e-09	1.44e-07	3.73e-06	6.71e-05	6.24e-04	3.75e-03	2.41e-02	2.73e-01	4.52e-01	2.46e-01
 1.38130e+23	0.00e+00	0.00e+00	1.69e-28	4.01e-25	5.86e-22	3.40e-19	1.16e-16	4.61e-14	3.46e-11	3.58e-09	1.84e-07	4.63e-06	8.05e-05	7.23e-04	4.18e-03	2.59e-02	2.83e-01	4.51e-01	2.36e-01
 1.38744e+23	0.00e+00	0.00e+00	2.72e-28	6.26e-25	8.86e-22	4.97e-19	1.64e-16	6.28e-14	4.61e-11	4.64e-09	2.32e-07	5.64e-06	9.51e-05	8.26e-04	4.62e-03	2.76e-02	2.92e-01	4.49e-01	2.27e-01
 1.39315e+23	0.00e+00	0.00e+00	4.37e-28	9.79e-25	1.34e-21	7.26e-19	2.31e-16	8.54e-14	6.12e-11	6.00e-09	2.91e-07	6.88e-06	1.13e-04	9.45e-04	5.10e-03	2.94e-02	3.00e-01	4.46e-01	2.18e-01
 1.39876e+23	0.00e+00	0.00e+00	7.00e-28	1.52e-24	2.02e-21	1.06e-18	3.24e-16	1.16e-13	8.10e-11	7.74e-09	3.65e-07	8.36e-06	1.33e-04	1.08e-03	5.62e-03	3.13e-02	3.09e-01	4.44e-01	2.09e-01
 1.40415e+23	0.00e+00	0.00e+00	1.09e-27	2.31e-24	2.97e-21	1.51e-18	4.47e-16	1.54e-13	1.06e-10	9.84e-09	4.52e-07	1.01e-05	1.55e-04	1.22e-03	6.16e-03	3.31e-02	3.17e-01	4.41e-01	2.01e-01
 1.41015e+23	0.00e+00	0.00e+00	1.91e-27	3.91e-24	4.82e-21	2.34e-18	6.66e-16	2.19e-13	1.47e-10	1.33e-08	5.91e-07	1.27e-05	1.89e-04	1.43e-03	6.90e-03	3.56e-02	3.28e-01	4.37e-01	1.91e-01
 1.41619e+23	0.00e+00	0.00e+00	3.02e-27	6.01e-24	7.18e-21	3.37e-18	9.27e-16	2.95e-13	1.93e-10	1.70e-08	7.36e-07	1.53e-05	2.22e-04	1.63e-03	7.58e-03	3.77e-02	3.36e-01	4.33e-01	1.83e-01
 1.42143e+23	0.00e+00	1.05e-32	4.71e-27	9.12e-24	1.06e-20	4.79e-18	1.27e-15	3.90e-13	2.51e-10	2.16e-08	9.10e-07	1.84e-05	2.59e-04	1.84e-03	8.29e-03	3.99e-02	3.44e-01	4.29e-01	1.76e-01
 1.42740e+23	0.00e+00	1.90e-32	8.21e-27	1.54e-23	1.71e-20	7.44e-18	1.89e-15	5.55e-13	3.48e-10	2.91e-08	1.19e-06	2.32e-05	3.15e-04	2.15e-03	9.26e-03	4.28e-02	3.55e-01	4.24e-01	1.67e-01
 1.43351e+23	0.00e+00	3.16e-32	1.33e-26	2.42e-23	2.59e-20	1.09e-17	2.66e-15	7.51e-13	4.61e-10	3.76e-08	1.49e-06	2.83e-05	3.72e-04	2.46e-03	1.02e-02	4.54e-02	3.63e-01	4.19e-01	1.59e-01
 1.43865e+23	0.00e+00	4.92e-32	2.02e-26	3.57e-23	3.72e-20	1.51e-17	3.58e-15	9.77e-13	5.89e-10	4.70e-08	1.82e-06	3.36e-05	4.30e-04	2.76e-03	1.11e-02	4.77e-02	3.71e-01	4.15e-01	1.52e-01
 1.44421e+23	0.00e+00	8.61e-32	3.43e-26	5.87e-23	5.88e-20	2.29e-17	5.20e-15	1.36e-12	8.02e-10	6.23e-08	2.34e-06	4.17e-05	5.17e-04	3.19e-03	1.23e-02	5.09e-02	3.80e-01	4.08e-01	1.44e-01
 1.44995e+23	0.00e+00	1.40e-31	5.45e-26	9.03e-23	8.73e-20	3.29e-17	7.18e-15	1.80e-12	1.05e-09	7.95e-08	2.91e-06	5.04e-05	6.07e-04	3.62e-03	1.35e-02	5.37e-02	3.88e-01	4.03e-01	1.37e-01
 1.45509e+23	0.00e+00	2.23e-31	8.45e-26	1.36e-22	1.28e-19	4.64e-17	9.78e-15	2.37e-12	1.35e-09	1.00e-07	3.58e-06	6.03e-05	7.06e-04	4.08e-03	1.47e-02	5.65e-02	3.96e-01	3.97e-01	1.31e-01
 1.46094e+23	0.00e+00	4.01e-31	1.47e-25	2.29e-22	2.06e-19	7.16e-17	1.44e-14	3.33e-12	1.86e-09	1.35e-07	4.66e-06	7.56e-05	8.54e-04	4.74e-03	1.63e-02	6.02e-02	4.05e-01	3.89e-01	1.23e-01
 1.46684e+23	0.00e+00	6.59e-31	2.36e-25	3.56e-22	3.08e-19	1.03e-16	2.00e-14	4.44e-12	2.44e-09	1.73e-07	5.81e-06	9.16e-05	1.00e-03	5.38e-03	1.78e-02	6.34e-02	4.13e-01	3.83e-01	1.17e-01
 1.47190e+23	0.00e+00	1.05e-30	3.68e-25	5.39e-22	4.51e-19	1.46e-16	2.72e-14	5.81e-12	3.15e-09	2.18e-07	7.15e-06	1.10e-04	1.17e-03	6.07e-03	1.94e-02	6.66e-02	4.20e-01	3.76e-01	1.11e-01
 1.47758e+23	0.00e+00	1.89e-30	6.40e-25	9.03e-22	7.25e-19	2.24e-16	3.99e-14	8.11e-12	4.31e-09	2.91e-07	9.27e-06	1.37e-04	1.41e-03	7.03e-03	2.15e-02	7.07e-02	4.28e-01	3.67e-01	1.04e-01
 1.48327e+23	0.00e+00	3.00e-30	9.92e-25	1.36e-21	1.06e-18	3.14e-16	5.40e-14	1.06e-11	5.55e-09	3.66e-07	1.14e-05	1.64e-04	1.64e-03	7.90e-03	2.33e-02	7.40e-02	4.34e-01	3.60e-01	9.87e-02
 1.48898e+23	0.00e+00	5.41e-30	1.73e-24	2.29e-21	1.70e-18	4.84e-16	7.93e-14	1.48e-11	7.62e-09	4.90e-07	1.48e-05	2.05e-04	1.97e-03	9.15e-03	2.58e-02	7.84e-02	4.41e-01	3.51e-01	9.21e-02
 1.49478e+23	0.00e+00	8.69e-30	2.71e-24	3.48e-21	2.50e-18	6.85e-16	1.08e-13	1.94e-11	9.84e-09	6.20e-07	1.82e-05	2.45e-04	2.30e-03	1.03e-02	2.80e-02	8.20e-02	4.47e-01	3.43e-01	8.70e-02
 1.50070e+23	0.00e+00	1.60e-29	4.83e-24	5.96e-21	4.09e-18	1.07e-15	1.60e-13	2.73e-11	1.36e-08	8.37e-07	2.38e-05	3.08e-04	2.78e-03	1.20e-02	3.10e-02	8.67e-02	4.53e-01	3.33e-01	8.08e-02
 1.50671e+23	0.00e+00	2.70e-29	7.95e-24	9.46e-21	6.23e-18	1.56e-15	2.24e-13	3.65e-11	1.80e-08	1.08e-06	2.99e-05	3.76e-04	3.29e-03	1.36e-02	3.39e-02	9.09e-02	4.58e-01	3.24e-01	7.56e-02
 1.51176e+23	0.00e+00	4.22e-29	1.21e-23	1.40e-20	8.94e-18	2.16e-15	2.98e-13	4.68e-11	2.28e-08	1.35e-06	3.64e-05	4.44e-04	3.78e-03	1.51e-02	3.65e-02	9.46e-02	4.62e-01	3.16e-01	7.14e-02
 1.51721e+23	0.00e+00	7.44e-29	2.08e-23	2.32e-20	1.41e-17	3.26e-15	4.29e-13	6.41e-11	3.08e-08	1.78e-06	4.66e-05	5.49e-04	4.51e-03	1.74e-02	4.00e-02	9.92e-02	4.67e-01	3.06e-01	6.62e-02
 1.52272e+23	0.00e+00	1.20e-28	3.26e-23	3.52e-20	2.07e-17	4.58e-15	5.79e-13	8.31e-11	3.95e-08	2.24e-06	5.73e-05	6.55e-04	5.23e-03	1.94e-02	4.31e-02	1.03e-01	4.69e-01	2.97e-01	6.21e-02
 1.52750e+23	0.00e+00	1.85e-28	4.92e-23	5.16e-20	2.93e-17	6.28e-15	7.65e-13	1.06e-10	4.97e-08	2.76e-06	6.92e-05	7.70e-04	5.98e-03	2.15e-02	4.62e-02	1.07e-01	4.72e-01	2.89e-01	5.84e-02
 1.53199e+23	0.00e+00	2.82e-28	7.36e-23	7.48e-20	4.11e-17	8.48e-15	9.94e-13	1.32e-10	6.18e-08	3.39e-06	8.30e-05	9.00e-04	6.81e-03	2.38e-02	4.94e-02	1.10e-01	4.73e-01	2.81e-01	5.50e-02
 1.53614e+23	0.00e+00	4.15e-28	1.06e-22	1.05e-19	5.60e-17	1.12e-14	1.27e-12	1.63e-10	7.56e-08	4.08e-06	9.81e-05	1.04e-03	7.67e-03	2.60e-02	5.24e-02	1.14e-01	4.74e-01	2.73e-01	5.20e-02
 1.53994e+23	0.00e+00	5.93e-28	1.49e-22	1.44e-19	7.44e-17	1.44e-14	1.58e-12	1.96e-10	9.08e-08	4.84e-06	1.14e-04	1.18e-03	8.54e-03	2.83e-02	5.53e-02	1.16e-01	4.75e-01	2.66e-01	4.94e-02
 1.54348e+23	0.00e+00	8.36e-28	2.07e-22	1.95e-19	9.79e-17	1.84e-14	1.95e-12	2.35e-10	1.08e-07	5.70e-06	1.32e-04	1.34e-03	9.48e-03	3.06e-02	5.82e-02	1.19e-01	4.75e-01	2.59e-01	4.69e-02
 1.54753e+23	0.00e+00	1.29e-27	3.11e-22	2.84e-19	1.38e-16	2.49e-14	2.55e-12	2.96e-10	1.35e-07	7.01e-06	1.59e-04	1.57e-03	1.08e-02	3.37e-02	6.20e-02	1.23e-01	4.74e-01	2.51e-01	4.39e-02
 1.55147e+23	0.00e+00	1.80e-27	4.28e-22	3.81e-19	1.80e-16	3.16e-14	3.13e-12	3.52e-10	1.60e-07	8.22e-06	1.83e-04	1.77e-03	1.19e-02	3.64e-02	6.50e-02	1.25e-01	4.74e-01	2.44e-01	4.16e-02
 1.55474e+23	0.00e+00	2.49e-27	5.84e-22	5.08e-19	2.33e-16	3.97e-14	3.82e-12	4.16e-10	1.89e-07	9.59e-06	2.10e-04	1.99e-03	1.31e-02	3.91e-02	6.81e-02	1.28e-01	4.73e-01	2.37e-01	3.95e-02
 1.55794e+23	0.00e+00	3.42e-27	7.88e-22	6.69e-19	2.99e-16	4.96e-14	4.62e-12	4.89e-10	2.22e-07	1.11e-05	2.40e-04	2.23e-03	1.44e-02	4.19e-02	7.12e-02	1.30e-01	4.71e-01	2.31e-01	3.75e-02
 1.56107e+23	0.00e+00	4.59e-27	1.04e-21	8.67e-19	3.78e-16	6.09e-14	5.53e-12	5.69e-10	2.57e-07	1.28e-05	2.72e-04	2.48e-03	1.57e-02	4.47e-02	7.42e-02	1.33e-01	4.69e-01	2.25e-01	3.57e-02
 1.56457e+23	0.00e+00	6.71e-27	1.50e-21	1.21e-18	5.10e-16	7.95e-14	6.95e-12	6.90e-10	3.12e-07	1.53e-05	3.19e-04	2.83e-03	1.76e-02	4.86e-02	7.80e-02	1.35e-01	4.67e-01	2.17e-01	3.35e-02
 1.56810e+23	0.00e+00	9.17e-27	2.01e-21	1.59e-18	6.53e-16	9.88e-14	8.38e-12	8.08e-10	3.64e-07	1.77e-05	3.64e-04	3.16e-03	1.92e-02	5.19e-02	8.13e-02	1.37e-01	4.64e-01	2.11e-01	3.18e-02
 1.57116e+23	0.00e+00	1.25e-26	2.69e-21	2.07e-18	8.30e-16	1.22e-13	1.01e-11	9.41e-10	4.24e-07	2.04e-05	4.13e-04	3.52e-03	2.10e-02	5.54e-02	8.46e-02	1.39e-01	4.61e-01	2.04e-01	3.01e-02
 1.57465e+23	4.34e-33	1.87e-26	3.98e-21	2.96e-18	1.14e-15	1.61e-13	1.27e-11	1.15e-09	5.17e-07	2.46e-05	4.88e-04	4.06e-03	2.36e-02	6.03e-02	8.91e-02	1.42e-01	4.56e-01	1.96e-01	2.80e-02
 1.57809e+23	5.93e-33	2.52e-26	5.28e-21	3.84e-18	1.44e-15	1.98e-13	1.52e-11	1.33e-09	5.99e-07	2.82e-05	5.52e-04	4.50e-03	2.57e-02	6.41e-02	9.24e-02	1.44e-01	4.53e-01	1.90e-01	2.65e-02
 1.58091e+23	8.06e-33	3.38e-26	6.98e-21	4.95e-18	1.81e-15	2.41e-13	1.80e-11	1.52e-09	6.89e-07	3.22e-05	6.22e-04	4.98e-03	2.79e-02	6.81e-02	9.57e-02	1.45e-01	4.48e-01	1.84e-01	2.51e-02
 1.58357e+23	1.08e-32	4.46e-26	9.08e-21	6.30e-18	2.24e-15	2.91e-13	2.11e-11	1.74e-09	7.88e-07	3.66e-05	6.96e-04	5.47e-03	3.01e-02	7.20e-02	9.89e-02	1.47e-01	4.44e-01	1.78e-01	2.38e-02
 1.58658e+23	1.54e-32	6.28e-26	1.26e-20	8.48e-18	2.92e-15	3.67e-13	2.56e-11	2.04e-09	9.28e-07	4.27e-05	7.99e-04	6.14e-03	3.30e-02	7.70e-02	1.03e-01	1.48e-01	4.38e-01	1.71e-01	2.22e-02
 1.58968e+23	2.13e-32	8.54e-26	1.69e-20	1.11e-17	3.71e-15	4.51e-13	3.05e-11	2.35e-09	1.07e-06	4.90e-05	9.04e-04	6.81e-03	3.59e-02	8.17e-02	1.06e-01	1.49e-01	4.33e-01	1.65e-01	2.09e-02
 1.59237e+23	2.84e-32	1.12e-25	2.19e-20	1.41e-17	4.58e-15	5.42e-13	3.56e-11	2.67e-09	1.22e-06	5.54e-05	1.01e-03	7.47e-03	3.87e-02	8.62e-02	1.10e-01	1.50e-01	4.27e-01	1.59e-01	1.98e-02
 1.59535e+23	4.13e-32	1.60e-25	3.08e-20	1.91e-17	6.02e-15	6.87e-13	4.34e-11	3.14e-09	1.45e-06	6.49e-05	1.16e-03	8.40e-03	4.25e-02	9.21e-02	1.14e-01	1.51e-01	4.20e-01	1.52e-01	1.84e-02
 1.59841e+23	5.71e-32	2.19e-25	4.13e-20	2.50e-17	7.63e-15	8.42e-13	5.14e-11	3.60e-09	1.67e-06	7.44e-05	1.31e-03	9.29e-03	4.61e-02	9.75e-02	1.17e-01	1.52e-01	4.13e-01	1.46e-01	1.72e-02
 1.60109e+23	7.72e-32	2.92e-25	5.44e-20	3.20e-17	9.50e-15	1.02e-12	6.01e-11	4.09e-09	1.91e-06	8.44e-05	1.47e-03	1.02e-02	4.97e-02	1.03e-01	1.21e-01	1.53e-01	4.06e-01	1.40e-01	1.61e-02
 1.60411e+23	1.15e-31	4.26e-25	7.80e-20	4.43e-17	1.27e-14	1.30e-12	7.37e-11	4.81e-09	2.26e-06	9.95e-05	1.70e-03	1.15e-02	5.48e-02	1.10e-01	1.25e-01	1.53e-01	3.97e-01	1.33e-01	1.48e-02
 1.60718e+23	1.58e-31	5.78e-25	1.04e-19	5.77e-17	1.60e-14	1.59e-12	8.68e-11	5.48e-09	2.60e-06	1.13e-04	1.91e-03	1.27e-02	5.91e-02	1.16e-01	1.28e-01	1.53e-01	3.88e-01	1.27e-01	1.38e-02
 1.60979e+23	2.11e-31	7.63e-25	1.36e-19	7.32e-17	1.97e-14	1.90e-12	1.01e-10	6.17e-09	2.95e-06	1.28e-04	2.12e-03	1.38e-02	6.33e-02	1.21e-01	1.31e-01	1.53e-01	3.81e-01	1.22e-01	1.30e-02
 1.61270e+23	3.19e-31	1.13e-24	1.98e-19	1.02e-16	2.64e-14	2.44e-12	1.23e-10	7.23e-09	3.50e-06	1.51e-04	2.46e-03	1.56e-02	6.97e-02	1.29e-01	1.35e-01	1.52e-01	3.69e-01	1.14e-01	1.18e-02
 1.61555e+23	4.23e-31	1.48e-24	2.56e-19	1.29e-16	3.24e-14	2.90e-12	1.42e-10	8.09e-09	3.94e-06	1.69e-04	2.72e-03	1.70e-02	7.44e-02	1.35e-01	1.38e-01	1.52e-01	3.61e-01	1.09e-01	1.10e-02
 1.61835e+23	6.29e-31	2.17e-24	3.68e-19	1.78e-16	4.29e-14	3.67e-12	1.72e-10	9.38e-09	4.64e-06	1.98e-04	3.13e-03	1.90e-02	8.13e-02	1.43e-01	1.41e-01	1.51e-01	3.49e-01	1.02e-01	1.00e-02
 1.62109e+23	8.23e-31	2.80e-24	4.70e-19	2.22e-16	5.19e-14	4.33e-12	1.97e-10	1.04e-08	5.19e-06	2.20e-04	3.44e-03	2.05e-02	8.62e-02	1.49e-01	1.44e-01	1.50e-01	3.41e-01	9.77e-02	9.36e-03
 1.62377e+23	1.22e-30	4.09e-24	6.77e-19	3.07e-16	6.87e-14	5.46e-12	2.37e-10	1.20e-08	6.07e-06	2.56e-04	3.94e-03	2.29e-02	9.39e-02	1.57e-01	1.47e-01	1.48e-01	3.28e-01	9.10e-02	8.46e-03
 1.62642e+23	1.60e-30	5.29e-24	8.64e-19	3.81e-16	8.31e-14	6.42e-12	2.70e-10	1.33e-08	6.77e-06	2.84e-04	4.31e-03	2.47e-02	9.93e-02	1.63e-01	1.49e-01	1.46e-01	3.19e-01	8.67e-02	7.88e-03
 1.62904e+23	2.38e-30	7.72e-24	1.24e-18	5.25e-16	1.09e-13	8.06e-12	3.23e-10	1.52e-08	7.89e-06	3.30e-04	4.92e-03	2.75e-02	1.08e-01	1.71e-01	1.51e-01	1.44e-01	3.06e-01	8.04e-02	7.09e-03
 1.63168e+23	3.16e-30	1.01e-23	1.61e-18	6.61e-16	1.34e-13	9.54e-12	3.69e-10	1.69e-08	8.83e-06	3.67e-04	5.40e-03	2.96e-02	1.14e-01	1.77e-01	1.53e-01	1.42e-01	2.96e-01	7.61e-02	6.55e-03
 1.63436e+23	4.73e-30	1.49e-23	2.33e-18	9.14e-16	1.76e-13	1.20e-11	4.43e-10	1.94e-08	1.03e-05	4.25e-04	6.15e-03	3.29e-02	1.23e-01	1.86e-01	1.55e-01	1.39e-01	2.82e-01	7.01e-02	5.84e-03
 1.63706e+23	6.38e-30	1.98e-23	3.05e-18	1.16e-15	2.17e-13	1.43e-11	5.08e-10	2.15e-08	1.15e-05	4.74e-04	6.76e-03	3.54e-02	1.30e-01	1.92e-01	1.56e-01	1.37e-01	2.72e-01	6.59e-02	5.36e-03
 1.63982e+23	9.55e-30	2.92e-23	4.41e-18	1.61e-15	2.87e-13	1.80e-11	6.09e-10	2.46e-08	1.34e-05	5.48e-04	7.67e-03	3.91e-02	1.40e-01	2.00e-01	1.57e-01	1.33e-01	2.57e-01	6.03e-02	4.75e-03
 1.64255e+23	1.30e-29	3.91e-23	5.83e-18	2.06e-15	3.54e-13	2.14e-11	6.98e-10	2.73e-08	1.49e-05	6.10e-04	8.42e-03	4.21e-02	1.48e-01	2.06e-01	1.58e-01	1.30e-01	2.47e-01	5.64e-02	4.33e-03
 1.64526e+23	1.94e-29	5.74e-23	8.41e-18	2.83e-15	4.66e-13	2.69e-11	8.33e-10	3.11e-08	1.72e-05	7.00e-04	9.49e-03	4.63e-02	1.58e-01	2.13e-01	1.58e-01	1.26e-01	2.33e-01	5.14e-02	3.82e-03
 1.64801e+23	2.67e-29	7.80e-23	1.13e-17	3.66e-15	5.80e-13	3.22e-11	9.59e-10	3.45e-08	1.93e-05	7.80e-04	1.04e-02	4.98e-02	1.67e-01	2.19e-01	1.58e-01	1.23e-01	2.21e-01	4.76e-02	3.44e-03
 1.65082e+23	4.06e-29	1.17e-22	1.65e-17	5.11e-15	7.72e-13	4.08e-11	1.15e-09	3.95e-08	2.23e-05	8.96e-04	1.18e-02	5.46e-02	1.78e-01	2.26e-01	1.57e-01	1.18e-01	2.07e-01	4.30e-02	3.00e-03
 1.65365e+23	5.62e-29	1.59e-22	2.22e-17	6.63e-15	9.63e-13	4.90e-11	1.33e-09	4.39e-08	2.49e-05	9.96e-04	1.29e-02	5.86e-02	1.87e-01	2.31e-01	1.57e-01	1.14e-01	1.96e-01	3.96e-02	2.69e-03
 1.65651e+23	8.63e-29	2.40e-22	3.28e-17	9.31e-15	1.29e-12	6.22e-11	1.60e-09	5.04e-08	2.87e-05	1.14e-03	1.44e-02	6.40e-02	1.98e-01	2.38e-01	1.55e-01	1.09e-01	1.82e-01	3.54e-02	2.32e-03
 1.65939e+23	1.20e-28	3.28e-22	4.42e-17	1.21e-14	1.61e-12	7.47e-11	1.84e-09	5.60e-08	3.19e-05	1.26e-03	1.58e-02	6.83e-02	2.07e-01	2.42e-01	1.54e-01	1.05e-01	1.72e-01	3.25e-02	2.07e-03
 1.66188e+23	1.65e-28	4.46e-22	5.93e-17	1.56e-14	2.00e-12	8.94e-11	2.12e-09	6.21e-08	3.54e-05	1.39e-03	1.71e-02	7.27e-02	2.16e-01	2.46e-01	1.52e-01	1.01e-01	1.62e-01	2.98e-02	1.84e-03
 1.66471e+23	2.52e-28	6.69e-22	8.71e-17	2.18e-14	2.66e-12	1.13e-10	2.54e-09	7.10e-08	4.04e-05	1.58e-03	1.90e-02	7.87e-02	2.27e-01	2.50e-01	1.49e-01	9.63e-02	1.49e-01	2.64e-02	1.58e-03
 1.66752e+23	3.41e-28	8.91e-22	1.14e-16	2.76e-14	3.25e-12	1.34e-10	2.90e-09	7.85e-08	4.44e-05	1.73e-03	2.05e-02	8.31e-02	2.35e-01	2.53e-01	1.47e-01	9.27e-02	1.41e-01	2.43e-02	1.41e-03
 1.67028e+23	5.11e-28	1.31e-21	1.65e-16	3.80e-14	4.27e-12	1.68e-10	3.46e-09	8.94e-08	5.01e-05	1.94e-03	2.26e-02	8.92e-02	2.46e-01	2.56e-01	1.44e-01	8.78e-02	1.30e-01	2.16e-02	1.21e-03
 1.67311e+23	6.95e-28	1.76e-21	2.18e-16	4.84e-14	5.26e-12	1.99e-10	3.97e-09	9.91e-08	5.51e-05	2.12e-03	2.42e-02	9.40e-02	2.53e-01	2.58e-01	1.42e-01	8.41e-02	1.22e-01	1.97e-02	1.08e-03
 1.67600e+23	1.05e-27	2.59e-21	3.15e-16	6.67e-14	6.93e-12	2.50e-10	4.75e-09	1.13e-07	6.21e-05	2.37e-03	2.66e-02	1.00e-01	2.64e-01	2.60e-01	1.38e-01	7.93e-02	1.12e-01	1.74e-02	9.19e-04
 1.67897e+23	1.44e-27	3.52e-21	4.20e-16	8.57e-14	8.60e-12	3.00e-10	5.48e-09	1.26e-07	6.83e-05	2.58e-03	2.85e-02	1.06e-01	2.71e-01	2.61e-01	1.35e-01	7.56e-02	1.04e-01	1.58e-02	8.10e-04
 1.68202e+23	2.18e-27	5.23e-21	6.11e-16	1.19e-13	1.14e-11	3.79e-10	6.60e-09	1.45e-07	7.70e-05	2.89e-03	3.12e-02	1.13e-01	2.81e-01	2.62e-01	1.31e-01	7.09e-02	9.49e-02	1.39e-02	6.85e-04
 1.68515e+23	3.02e-27	7.11e-21	8.17e-16	1.53e-13	1.42e-11	4.55e-10	7.64e-09	1.63e-07	8.46e-05	3.14e-03	3.34e-02	1.18e-01	2.88e-01	2.62e-01	1.27e-01	6.73e-02	8.81e-02	1.25e-02	6.01e-04
 1.68836e+23	4.58e-27	1.06e-20	1.19e-15	2.12e-13	1.88e-11	5.77e-10	9.23e-09	1.88e-07	9.54e-05	3.50e-03	3.64e-02	1.25e-01	2.97e-01	2.61e-01	1.23e-01	6.28e-02	8.00e-02	1.09e-02	5.05e-04
 1.69164e+23	6.35e-27	1.44e-20	1.59e-15	2.74e-13	2.34e-11	6.95e-10	1.07e-08	2.11e-07	1.05e-04	3.81e-03	3.89e-02	1.31e-01	3.03e-01	2.60e-01	1.19e-01	5.94e-02	7.40e-02	9.80e-03	4.40e-04
 1.69499e+23	9.66e-27	2.14e-20	2.31e-15	3.80e-13	3.11e-11	8.83e-10	1.30e-08	2.45e-07	1.18e-04	4.23e-03	4.22e-02	1.39e-01	3.11e-01	2.58e-01	1.14e-01	5.53e-02	6.68e-02	8.51e-03	3.68e-04
 1.69836e+23	1.33e-26	2.89e-20	3.07e-15	4.87e-13	3.85e-11	1.06e-09	1.50e-08	2.74e-07	1.29e-04	4.59e-03	4.49e-02	1.44e-01	3.17e-01	2.57e-01	1.11e-01	5.22e-02	6.17e-02	7.64e-03	3.21e-04
 1.70176e+23	2.00e-26	4.26e-20	4.41e-15	6.70e-13	5.08e-11	1.34e-09	1.82e-08	3.18e-07	1.45e-04	5.07e-03	4.85e-02	1.52e-01	3.24e-01	2.54e-01	1.06e-01	4.84e-02	5.57e-02	6.63e-03	2.68e-04
 1.70523e+23	2.74e-26	5.74e-20	5.83e-15	8.57e-13	6.30e-11	1.61e-09	2.11e-08	3.57e-07	1.59e-04	5.48e-03	5.14e-02	1.58e-01	3.29e-01	2.51e-01	1.02e-01	4.56e-02	5.13e-02	5.93e-03	2.33e-04
 1.70826e+23	3.69e-26	7.62e-20	7.60e-15	1.08e-12	7.71e-11	1.91e-09	2.43e-08	3.99e-07	1.73e-04	5.90e-03	5.43e-02	1.63e-01	3.33e-01	2.49e-01	9.84e-02	4.31e-02	4.74e-02	5.33e-03	2.04e-04
 1.71166e+23	5.44e-26	1.10e-19	1.07e-14	1.46e-12	1.00e-10	2.39e-09	2.92e-08	4.60e-07	1.93e-04	6.47e-03	5.82e-02	1.71e-01	3.39e-01	2.45e-01	9.39e-02	3.99e-02	4.28e-02	4.63e-03	1.71e-04
 1.71505e+23	7.21e-26	1.43e-19	1.37e-14	1.82e-12	1.21e-10	2.82e-09	3.34e-08	5.12e-07	2.10e-04	6.93e-03	6.12e-02	1.76e-01	3.42e-01	2.42e-01	9.06e-02	3.77e-02	3.96e-02	4.18e-03	1.50e-04
 1.71844e+23	1.04e-25	2.03e-19	1.90e-14	2.42e-12	1.56e-10	3.49e-09	3.98e-08	5.89e-07	2.33e-04	7.57e-03	6.53e-02	1.83e-01	3.46e-01	2.37e-01	8.63e-02	3.50e-02	3.58e-02	3.64e-03	1.26e-04
 1.72191e+23	1.39e-25	2.66e-19	2.45e-14	3.03e-12	1.90e-10	4.14e-09	4.58e-08	6.58e-07	2.53e-04	8.11e-03	6.86e-02	1.89e-01	3.49e-01	2.33e-01	8.29e-02	3.29e-02	3.30e-02	3.26e-03	1.10e-04
 1.72498e+23	1.85e-25	3.46e-19	3.13e-14	3.76e-12	2.30e-10	4.88e-09	5.24e-08	7.33e-07	2.75e-04	8.66e-03	7.19e-02	1.94e-01	3.51e-01	2.30e-01	7.97e-02	3.10e-02	3.05e-02	2.93e-03	9.62e-05
 1.72846e+23	2.67e-25	4.89e-19	4.31e-14	4.99e-12	2.95e-10	6.04e-09	6.25e-08	8.43e-07	3.05e-04	9.43e-03	7.64e-02	2.01e-01	3.54e-01	2.25e-01	7.56e-02	2.86e-02	2.74e-02	2.55e-03	8.06e-05
 1.73193e+23	3.46e-25	6.23e-19	5.40e-14	6.10e-12	3.52e-10	7.04e-09	7.10e-08	9.33e-07	3.30e-04	1.00e-02	7.98e-02	2.06e-01	3.56e-01	2.21e-01	7.27e-02	2.70e-02	2.54e-02	2.30e-03	7.10e-05
 1.73538e+23	4.91e-25	8.66e-19	7.33e-14	7.99e-12	4.47e-10	8.65e-09	8.42e-08	1.07e-06	3.65e-04	1.09e-02	8.44e-02	2.13e-01	3.58e-01	2.15e-01	6.89e-02	2.50e-02	2.29e-02	2.00e-03	5.97e-05
 1.73889e+23	6.40e-25	1.11e-18	9.22e-14	9.80e-12	5.35e-10	1.01e-08	9.59e-08	1.19e-06	3.95e-04	1.16e-02	8.81e-02	2.18e-01	3.59e-01	2.11e-01	6.60e-02	2.35e-02	2.11e-02	1.80e-03	5.23e-05
 1.74250e+23	9.11e-25	1.54e-18	1.25e-13	1.29e-11	6.80e-10	1.24e-08	1.14e-07	1.36e-06	4.37e-04	1.25e-02	9.31e-02	2.24e-01	3.60e-01	2.05e-01	6.24e-02	2.17e-02	1.90e-02	1.56e-03	4.38e-05
 1.74617e+23	1.19e-24	1.98e-18	1.58e-13	1.58e-11	8.17e-10	1.46e-08	1.30e-07	1.52e-06	4.74e-04	1.33e-02	9.71e-02	2.30e-01	3.60e-01	2.01e-01	5.96e-02	2.03e-02	1.75e-02	1.40e-03	3.82e-05
 1.74993e+23	1.70e-24	2.76e-18	2.15e-13	2.08e-11	1.04e-09	1.80e-08	1.55e-07	1.75e-06	5.26e-04	1.45e-02	1.03e-01	2.36e-01	3.60e-01	1.95e-01	5.61e-02	1.86e-02	1.56e-02	1.21e-03	3.18e-05
 1.75376e+23	2.24e-24	3.56e-18	2.71e-13	2.56e-11	1.25e-09	2.12e-08	1.77e-07	1.95e-06	5.71e-04	1.54e-02	1.07e-01	2.41e-01	3.60e-01	1.90e-01	5.35e-02	1.74e-02	1.43e-02	1.08e-03	2.76e-05
 1.75769e+23	3.20e-24	4.97e-18	3.69e-13	3.37e-11	1.60e-09	2.62e-08	2.12e-07	2.25e-06	6.35e-04	1.67e-02	1.13e-01	2.48e-01	3.59e-01	1.84e-01	5.01e-02	1.60e-02	1.28e-02	9.24e-04	2.29e-05
 1.76152e+23	4.08e-24	6.23e-18	4.55e-13	4.06e-11	1.89e-09	3.02e-08	2.39e-07	2.48e-06	6.84e-04	1.76e-02	1.17e-01	2.52e-01	3.58e-01	1.79e-01	4.79e-02	1.50e-02	1.18e-02	8.33e-04	2.01e-05
 1.76524e+23	5.72e-24	8.53e-18	6.07e-13	5.25e-11	2.37e-09	3.69e-08	2.83e-07	2.84e-06	7.55e-04	1.90e-02	1.23e-01	2.58e-01	3.56e-01	1.73e-01	4.50e-02	1.38e-02	1.05e-02	7.19e-04	1.68e-05
 1.76901e+23	7.31e-24	1.07e-17	7.48e-13	6.33e-11	2.80e-09	4.27e-08	3.20e-07	3.14e-06	8.14e-04	2.01e-02	1.27e-01	2.62e-01	3.55e-01	1.69e-01	4.29e-02	1.29e-02	9.72e-03	6.46e-04	1.47e-05
 1.77286e+23	1.02e-23	1.45e-17	9.90e-13	8.14e-11	3.51e-09	5.20e-08	3.77e-07	3.58e-06	8.99e-04	2.16e-02	1.33e-01	2.68e-01	3.53e-01	1.62e-01	4.02e-02	1.18e-02	8.69e-03	5.59e-04	1.23e-05
 1.77683e+23	1.33e-23	1.86e-17	1.24e-12	9.98e-11	4.21e-09	6.10e-08	4.31e-07	4.00e-06	9.74e-04	2.29e-02	1.38e-01	2.72e-01	3.50e-01	1.58e-01	3.81e-02	1.10e-02	7.93e-03	4.96e-04	1.06e-05
 1.78096e+23	1.85e-23	2.54e-17	1.65e-12	1.29e-10	5.28e-09	7.43e-08	5.09e-07	4.58e-06	1.08e-03	2.47e-02	1.45e-01	2.78e-01	3.47e-01	1.51e-01	3.56e-02	1.00e-02	7.06e-03	4.27e-04	8.83e-06
 1.78522e+23	2.46e-23	3.30e-17	2.10e-12	1.59e-10	6.40e-09	8.80e-08	5.86e-07	5.14e-06	1.17e-03	2.63e-02	1.50e-01	2.82e-01	3.44e-01	1.46e-01	3.35e-02	9.29e-03	6.39e-03	3.75e-04	7.54e-06
 1.78966e+23	3.49e-23	4.55e-17	2.81e-12	2.08e-10	8.10e-09	1.08e-07	6.98e-07	5.92e-06	1.31e-03	2.84e-02	1.58e-01	2.87e-01	3.40e-01	1.40e-01	3.11e-02	8.42e-03	5.65e-03	3.20e-04	6.20e-06
 1.79421e+23	4.67e-23	5.95e-17	3.60e-12	2.59e-10	9.87e-09	1.29e-07	8.07e-07	6.67e-06	1.43e-03	3.02e-02	1.64e-01	2.91e-01	3.36e-01	1.35e-01	2.92e-02	7.75e-03	5.09e-03	2.79e-04	5.25e-06
 1.79892e+23	6.68e-23	8.29e-17	4.87e-12	3.40e-10	1.26e-08	1.59e-07	9.66e-07	7.73e-06	1.59e-03	3.27e-02	1.71e-01	2.96e-01	3.31e-01	1.28e-01	2.70e-02	6.99e-03	4.47e-03	2.36e-04	4.27e-06
 1.80379e+23	9.07e-23	1.10e-16	6.29e-12	4.28e-10	1.55e-08	1.91e-07	1.13e-06	8.75e-06	1.74e-03	3.48e-02	1.78e-01	3.00e-01	3.27e-01	1.23e-01	2.52e-02	6.39e-03	3.99e-03	2.04e-04	3.58e-06
 1.80885e+23	1.32e-22	1.55e-16	8.62e-12	5.69e-10	2.00e-08	2.38e-07	1.36e-06	1.02e-05	1.96e-03	3.77e-02	1.86e-01	3.05e-01	3.21e-01	1.16e-01	2.30e-02	5.71e-03	3.47e-03	1.71e-04	2.88e-06
 1.81406e+23	1.81e-22	2.08e-16	1.12e-11	7.23e-10	2.47e-08	2.88e-07	1.59e-06	1.16e-05	2.15e-03	4.04e-02	1.94e-01	3.08e-01	3.15e-01	1.11e-01	2.14e-02	5.19e-03	3.08e-03	1.46e-04	2.39e-06
