#depth	S	S+	S+2	S+3	S+4	S+5	S+6	S+7	S+8	S+9	S+10	S+11	S+12	S+13	S+14	S+15	S+16
 1.54284e+22	0.00e+00	0.00e+00	0.00e+00	0.00e+00	0.00e+00	0.00e+00	0.00e+00	0.00e+00	0.00e+00	1.76e-24	1.60e-20	7.25e-17	2.14e-13	6.65e-10	4.11e-06	3.61e-03	9.96e-01
 3.46638e+22	0.00e+00	0.00e+00	0.00e+00	0.00e+00	0.00e+00	0.00e+00	0.00e+00	0.00e+00	3.15e-27	3.14e-23	1.88e-19	5.85e-16	1.14e-12	2.32e-09	9.45e-06	5.47e-03	9.95e-01
 4.07091e+22	0.00e+00	0.00e+00	0.00e+00	0.00e+00	0.00e+00	0.00e+00	0.00e+00	1.13e-30	2.16e-26	1.69e-22	7.93e-19	1.94e-15	2.97e-12	4.77e-09	1.53e-05	6.95e-03	9.93e-01
 4.47379e+22	0.00e+00	0.00e+00	0.00e+00	0.00e+00	0.00e+00	0.00e+00	0.00e+00	6.39e-30	1.01e-25	6.48e-22	2.51e-18	5.06e-15	6.39e-12	8.48e-09	2.24e-05	8.41e-03	9.92e-01
 4.73166e+22	0.00e+00	0.00e+00	0.00e+00	0.00e+00	0.00e+00	0.00e+00	0.00e+00	1.31e-29	1.90e-25	1.13e-21	4.11e-18	7.64e-15	8.88e-12	1.09e-08	2.64e-05	9.12e-03	9.91e-01
 4.91294e+22	0.00e+00	0.00e+00	0.00e+00	0.00e+00	0.00e+00	0.00e+00	0.00e+00	3.58e-29	4.64e-25	2.46e-21	8.00e-18	1.33e-14	1.38e-11	1.51e-08	3.29e-05	1.02e-02	9.90e-01
 5.09996e+22	0.00e+00	0.00e+00	0.00e+00	0.00e+00	0.00e+00	0.00e+00	0.00e+00	8.07e-29	9.53e-25	4.61e-21	1.37e-17	2.08e-14	1.98e-11	1.98e-08	3.94e-05	1.11e-02	9.89e-01
 5.29443e+22	0.00e+00	0.00e+00	0.00e+00	0.00e+00	0.00e+00	0.00e+00	0.00e+00	2.30e-28	2.42e-24	1.04e-20	2.75e-17	3.71e-14	3.15e-11	2.80e-08	4.96e-05	1.25e-02	9.87e-01
 5.46431e+22	0.00e+00	0.00e+00	0.00e+00	0.00e+00	0.00e+00	0.00e+00	0.00e+00	3.98e-28	3.93e-24	1.59e-20	3.96e-17	5.03e-14	4.01e-11	3.36e-08	5.60e-05	1.33e-02	9.87e-01
 5.60221e+22	0.00e+00	0.00e+00	0.00e+00	0.00e+00	0.00e+00	0.00e+00	0.00e+00	8.26e-28	7.51e-24	2.80e-20	6.41e-17	7.52e-14	5.53e-11	4.27e-08	6.58e-05	1.44e-02	9.86e-01
 5.74422e+22	0.00e+00	0.00e+00	0.00e+00	0.00e+00	0.00e+00	0.00e+00	0.00e+00	1.55e-27	1.32e-23	4.57e-20	9.75e-17	1.07e-13	7.30e-11	5.27e-08	7.56e-05	1.54e-02	9.85e-01
 5.87047e+22	0.00e+00	0.00e+00	0.00e+00	0.00e+00	0.00e+00	0.00e+00	1.39e-31	2.81e-27	2.23e-23	7.24e-20	1.44e-16	1.48e-13	9.48e-11	6.41e-08	8.61e-05	1.64e-02	9.83e-01
 6.01349e+22	0.00e+00	0.00e+00	0.00e+00	0.00e+00	0.00e+00	0.00e+00	3.20e-31	5.94e-27	4.33e-23	1.29e-19	2.37e-16	2.23e-13	1.32e-10	8.20e-08	1.01e-04	1.78e-02	9.82e-01
 6.15900e+22	0.00e+00	0.00e+00	0.00e+00	0.00e+00	0.00e+00	0.00e+00	6.47e-31	1.12e-26	7.57e-23	2.11e-19	3.60e-16	3.16e-13	1.74e-10	1.01e-07	1.17e-04	1.91e-02	9.81e-01
 6.28676e+22	0.00e+00	0.00e+00	0.00e+00	0.00e+00	0.00e+00	0.00e+00	1.27e-30	2.04e-26	1.29e-22	3.37e-19	5.37e-16	4.40e-13	2.27e-10	1.23e-07	1.33e-04	2.04e-02	9.79e-01
 6.43187e+22	0.00e+00	0.00e+00	0.00e+00	0.00e+00	0.00e+00	0.00e+00	3.05e-30	4.49e-26	2.60e-22	6.24e-19	9.10e-16	6.82e-13	3.22e-10	1.60e-07	1.58e-04	2.22e-02	9.78e-01
 6.57537e+22	0.00e+00	0.00e+00	0.00e+00	0.00e+00	0.00e+00	0.00e+00	5.63e-30	7.78e-26	4.23e-22	9.56e-19	1.31e-15	9.23e-13	4.11e-10	1.92e-07	1.79e-04	2.36e-02	9.76e-01
 6.71676e+22	0.00e+00	0.00e+00	0.00e+00	0.00e+00	0.00e+00	0.00e+00	1.35e-29	1.71e-25	8.52e-22	1.76e-18	2.21e-15	1.42e-12	5.81e-10	2.49e-07	2.12e-04	2.57e-02	9.74e-01
 6.85680e+22	0.00e+00	0.00e+00	0.00e+00	0.00e+00	0.00e+00	0.00e+00	2.46e-29	2.92e-25	1.37e-21	2.66e-18	3.14e-15	1.91e-12	7.34e-10	2.97e-07	2.39e-04	2.72e-02	9.73e-01
 6.99509e+22	0.00e+00	0.00e+00	0.00e+00	0.00e+00	0.00e+00	0.00e+00	5.50e-29	6.02e-25	2.60e-21	4.65e-18	5.06e-15	2.84e-12	1.01e-09	3.76e-07	2.79e-04	2.94e-02	9.70e-01
 7.13932e+22	0.00e+00	0.00e+00	0.00e+00	0.00e+00	0.00e+00	0.00e+00	1.12e-28	1.14e-24	4.58e-21	7.64e-18	7.73e-15	4.03e-12	1.33e-09	4.65e-07	3.21e-04	3.15e-02	9.68e-01
 7.25590e+22	0.00e+00	0.00e+00	0.00e+00	0.00e+00	0.00e+00	0.00e+00	1.92e-28	1.85e-24	7.03e-21	1.11e-17	1.06e-14	5.25e-12	1.65e-09	5.44e-07	3.57e-04	3.32e-02	9.66e-01
 7.37208e+22	0.00e+00	0.00e+00	0.00e+00	0.00e+00	0.00e+00	0.00e+00	3.78e-28	3.40e-24	1.20e-20	1.77e-17	1.59e-14	7.32e-12	2.15e-09	6.64e-07	4.07e-04	3.54e-02	9.64e-01
 7.49055e+22	0.00e+00	0.00e+00	0.00e+00	0.00e+00	0.00e+00	0.00e+00	6.59e-28	5.59e-24	1.87e-20	2.61e-17	2.20e-14	9.62e-12	2.67e-09	7.82e-07	4.54e-04	3.73e-02	9.62e-01
 7.61201e+22	0.00e+00	0.00e+00	0.00e+00	0.00e+00	0.00e+00	4.35e-32	1.33e-27	1.05e-23	3.27e-20	4.24e-17	3.34e-14	1.36e-11	3.52e-09	9.61e-07	5.20e-04	3.99e-02	9.60e-01
 7.73490e+22	0.00e+00	0.00e+00	0.00e+00	0.00e+00	0.00e+00	8.17e-32	2.36e-27	1.76e-23	5.16e-20	6.32e-17	4.69e-14	1.80e-11	4.41e-09	1.14e-06	5.82e-04	4.21e-02	9.57e-01
 7.84318e+22	0.00e+00	0.00e+00	0.00e+00	0.00e+00	0.00e+00	1.52e-31	4.13e-27	2.90e-23	8.05e-20	9.30e-17	6.52e-14	2.37e-11	5.49e-09	1.34e-06	6.48e-04	4.44e-02	9.55e-01
 7.96744e+22	0.00e+00	0.00e+00	0.00e+00	0.00e+00	0.00e+00	3.36e-31	8.49e-27	5.54e-23	1.43e-19	1.53e-16	9.97e-14	3.37e-11	7.27e-09	1.65e-06	7.45e-04	4.76e-02	9.52e-01
 8.09142e+22	0.00e+00	0.00e+00	0.00e+00	0.00e+00	0.00e+00	6.26e-31	1.49e-26	9.18e-23	2.24e-19	2.27e-16	1.39e-13	4.44e-11	9.07e-09	1.95e-06	8.32e-04	5.02e-02	9.49e-01
 8.21504e+22	0.00e+00	0.00e+00	0.00e+00	0.00e+00	0.00e+00	1.38e-30	3.04e-26	1.74e-22	3.93e-19	3.71e-16	2.12e-13	6.29e-11	1.20e-08	2.40e-06	9.54e-04	5.36e-02	9.45e-01
 8.32915e+22	0.00e+00	0.00e+00	0.00e+00	0.00e+00	0.00e+00	2.37e-30	4.99e-26	2.71e-22	5.83e-19	5.22e-16	2.84e-13	8.01e-11	1.45e-08	2.77e-06	1.05e-03	5.62e-02	9.43e-01
 8.41572e+22	0.00e+00	0.00e+00	0.00e+00	0.00e+00	0.00e+00	3.90e-30	7.82e-26	4.05e-22	8.33e-19	7.13e-16	3.70e-13	9.98e-11	1.73e-08	3.16e-06	1.15e-03	5.86e-02	9.40e-01
 8.51310e+22	0.00e+00	0.00e+00	0.00e+00	0.00e+00	0.00e+00	7.03e-30	1.33e-25	6.53e-22	1.27e-18	1.03e-15	5.06e-13	1.29e-10	2.13e-08	3.69e-06	1.27e-03	6.16e-02	9.37e-01
 8.61826e+22	0.00e+00	0.00e+00	0.00e+00	0.00e+00	0.00e+00	1.27e-29	2.27e-25	1.05e-21	1.94e-18	1.49e-15	6.92e-13	1.68e-10	2.62e-08	4.31e-06	1.41e-03	6.47e-02	9.34e-01
 8.71217e+22	0.00e+00	0.00e+00	0.00e+00	0.00e+00	0.00e+00	2.10e-29	3.59e-25	1.59e-21	2.79e-18	2.04e-15	9.07e-13	2.10e-10	3.13e-08	4.92e-06	1.53e-03	6.75e-02	9.31e-01
 8.81290e+22	0.00e+00	0.00e+00	0.00e+00	0.00e+00	0.00e+00	3.85e-29	6.21e-25	2.59e-21	4.30e-18	2.98e-15	1.25e-12	2.74e-10	3.87e-08	5.77e-06	1.70e-03	7.10e-02	9.27e-01
 8.91954e+22	0.00e+00	0.00e+00	0.00e+00	0.00e+00	0.00e+00	6.87e-29	1.05e-24	4.16e-21	6.53e-18	4.29e-15	1.70e-12	3.54e-10	4.75e-08	6.72e-06	1.88e-03	7.45e-02	9.24e-01
 9.01473e+22	0.00e+00	0.00e+00	0.00e+00	0.00e+00	0.00e+00	1.17e-28	1.70e-24	6.40e-21	9.58e-18	5.99e-15	2.26e-12	4.47e-10	5.73e-08	7.73e-06	2.07e-03	7.79e-02	9.20e-01
 9.10468e+22	0.00e+00	0.00e+00	0.00e+00	0.00e+00	2.07e-32	1.95e-28	2.70e-24	9.69e-21	1.38e-17	8.24e-15	2.97e-12	5.60e-10	6.86e-08	8.84e-06	2.26e-03	8.12e-02	9.17e-01
 9.20697e+22	0.00e+00	0.00e+00	0.00e+00	0.00e+00	4.09e-32	3.65e-28	4.77e-24	1.61e-20	2.17e-17	1.22e-14	4.14e-12	7.37e-10	8.54e-08	1.04e-05	2.51e-03	8.55e-02	9.12e-01
 9.30520e+22	0.00e+00	0.00e+00	0.00e+00	0.00e+00	6.94e-32	5.94e-28	7.41e-24	2.39e-20	3.07e-17	1.65e-14	5.37e-12	9.14e-10	1.01e-07	1.18e-05	2.73e-03	8.90e-02	9.08e-01
 9.38314e+22	0.00e+00	0.00e+00	0.00e+00	0.00e+00	1.11e-31	9.18e-28	1.10e-23	3.40e-20	4.20e-17	2.17e-14	6.76e-12	1.11e-09	1.18e-07	1.32e-05	2.94e-03	9.22e-02	9.05e-01
 9.46942e+22	0.00e+00	0.00e+00	0.00e+00	0.00e+00	1.94e-31	1.53e-27	1.74e-23	5.15e-20	6.06e-17	2.98e-14	8.86e-12	1.38e-09	1.41e-07	1.51e-05	3.21e-03	9.61e-02	9.01e-01
 9.56234e+22	0.00e+00	0.00e+00	0.00e+00	0.00e+00	3.37e-31	2.55e-27	2.77e-23	7.79e-20	8.73e-17	4.10e-14	1.16e-11	1.73e-09	1.69e-07	1.73e-05	3.50e-03	1.00e-01	8.96e-01
 9.64497e+22	0.00e+00	0.00e+00	0.00e+00	0.00e+00	5.43e-31	3.96e-27	4.12e-23	1.11e-19	1.20e-16	5.40e-14	1.47e-11	2.10e-09	1.97e-07	1.94e-05	3.78e-03	1.04e-01	8.92e-01
 9.73347e+22	0.00e+00	0.00e+00	0.00e+00	0.00e+00	9.60e-31	6.70e-27	6.63e-23	1.70e-19	1.74e-16	7.48e-14	1.94e-11	2.64e-09	2.36e-07	2.22e-05	4.13e-03	1.08e-01	8.88e-01
 9.82700e+22	0.00e+00	0.00e+00	0.00e+00	0.00e+00	1.66e-30	1.11e-26	1.05e-22	2.57e-19	2.51e-16	1.03e-13	2.54e-11	3.30e-09	2.82e-07	2.53e-05	4.50e-03	1.13e-01	8.83e-01
 9.90967e+22	0.00e+00	0.00e+00	0.00e+00	0.00e+00	2.71e-30	1.75e-26	1.58e-22	3.71e-19	3.47e-16	1.36e-13	3.22e-11	4.02e-09	3.30e-07	2.84e-05	4.86e-03	1.17e-01	8.78e-01
 9.99971e+22	0.00e+00	0.00e+00	0.00e+00	0.00e+00	4.86e-30	2.99e-26	2.57e-22	5.74e-19	5.10e-16	1.90e-13	4.28e-11	5.09e-09	3.98e-07	3.27e-05	5.32e-03	1.22e-01	8.73e-01
 1.00873e+23	0.00e+00	0.00e+00	0.00e+00	0.00e+00	7.94e-30	4.69e-26	3.87e-22	8.28e-19	7.05e-16	2.53e-13	5.45e-11	6.21e-09	4.66e-07	3.67e-05	5.74e-03	1.26e-01	8.68e-01
 1.01560e+23	0.00e+00	0.00e+00	0.00e+00	0.00e+00	1.19e-29	6.82e-26	5.43e-22	1.12e-18	9.23e-16	3.19e-13	6.65e-11	7.31e-09	5.31e-07	4.05e-05	6.12e-03	1.30e-01	8.64e-01
 1.02295e+23	0.00e+00	0.00e+00	0.00e+00	0.00e+00	1.90e-29	1.05e-25	8.04e-22	1.59e-18	1.26e-15	4.17e-13	8.35e-11	8.83e-09	6.16e-07	4.52e-05	6.58e-03	1.34e-01	8.59e-01
 1.03103e+23	0.00e+00	0.00e+00	0.00e+00	0.00e+00	3.04e-29	1.62e-25	1.19e-21	2.26e-18	1.71e-15	5.46e-13	1.05e-10	1.07e-08	7.16e-07	5.05e-05	7.07e-03	1.39e-01	8.54e-01
 1.03871e+23	0.00e+00	0.00e+00	0.00e+00	0.00e+00	4.80e-29	2.46e-25	1.74e-21	3.18e-18	2.32e-15	7.10e-13	1.31e-10	1.28e-08	8.28e-07	5.63e-05	7.59e-03	1.43e-01	8.49e-01
 1.04614e+23	0.00e+00	0.00e+00	0.00e+00	7.88e-33	7.54e-29	3.74e-25	2.54e-21	4.46e-18	3.12e-15	9.21e-13	1.64e-10	1.54e-08	9.58e-07	6.27e-05	8.13e-03	1.48e-01	8.44e-01
 1.05334e+23	0.00e+00	0.00e+00	0.00e+00	1.25e-32	1.16e-28	5.55e-25	3.63e-21	6.14e-18	4.15e-15	1.18e-12	2.01e-10	1.83e-08	1.10e-06	6.94e-05	8.69e-03	1.53e-01	8.39e-01
 1.06141e+23	0.00e+00	0.00e+00	0.00e+00	2.17e-32	1.93e-28	8.91e-25	5.57e-21	9.01e-18	5.82e-15	1.58e-12	2.58e-10	2.24e-08	1.29e-06	7.83e-05	9.39e-03	1.58e-01	8.32e-01
 1.06984e+23	0.00e+00	0.00e+00	0.00e+00	3.66e-32	3.15e-28	1.40e-24	8.37e-21	1.30e-17	8.04e-15	2.09e-12	3.28e-10	2.73e-08	1.51e-06	8.79e-05	1.01e-02	1.64e-01	8.26e-01
 1.07718e+23	0.00e+00	0.00e+00	0.00e+00	5.86e-32	4.88e-28	2.09e-24	1.21e-20	1.80e-17	1.07e-14	2.69e-12	4.06e-10	3.26e-08	1.74e-06	9.74e-05	1.08e-02	1.69e-01	8.21e-01
 1.08370e+23	0.00e+00	0.00e+00	0.00e+00	8.88e-32	7.18e-28	2.98e-24	1.67e-20	2.41e-17	1.39e-14	3.36e-12	4.91e-10	3.81e-08	1.97e-06	1.07e-04	1.15e-02	1.73e-01	8.15e-01
 1.09072e+23	0.00e+00	0.00e+00	0.00e+00	1.42e-31	1.11e-27	4.47e-24	2.41e-20	3.34e-17	1.85e-14	4.32e-12	6.07e-10	4.53e-08	2.26e-06	1.18e-04	1.23e-02	1.78e-01	8.09e-01
 1.09829e+23	0.00e+00	0.00e+00	0.00e+00	2.27e-31	1.72e-27	6.68e-24	3.46e-20	4.63e-17	2.47e-14	5.56e-12	7.52e-10	5.41e-08	2.60e-06	1.31e-04	1.31e-02	1.83e-01	8.03e-01
 1.10517e+23	0.00e+00	0.00e+00	0.00e+00	3.50e-31	2.57e-27	9.69e-24	4.85e-20	6.26e-17	3.23e-14	7.00e-12	9.14e-10	6.35e-08	2.95e-06	1.44e-04	1.39e-02	1.88e-01	7.98e-01
 1.11270e+23	0.00e+00	0.00e+00	0.00e+00	3.14e-31	2.23e-27	8.08e-24	7.24e-20	8.96e-17	4.43e-14	9.22e-12	1.15e-09	7.70e-08	3.43e-06	1.61e-04	1.50e-02	1.94e-01	7.90e-01
 1.12056e+23	0.00e+00	0.00e+00	0.00e+00	5.11e-31	3.50e-27	1.23e-23	1.06e-19	1.26e-16	5.97e-14	1.20e-11	1.44e-09	9.24e-08	3.97e-06	1.79e-04	1.60e-02	2.00e-01	7.83e-01
 1.12721e+23	0.00e+00	0.00e+00	0.00e+00	7.77e-31	5.17e-27	1.76e-23	1.46e-19	1.68e-16	7.73e-14	1.50e-11	1.74e-09	1.08e-07	4.49e-06	1.96e-04	1.70e-02	2.05e-01	7.77e-01
 1.13419e+23	0.00e+00	0.00e+00	0.00e+00	1.25e-30	8.06e-27	2.65e-23	2.12e-19	2.34e-16	1.04e-13	1.93e-11	2.16e-09	1.29e-07	5.16e-06	2.17e-04	1.81e-02	2.11e-01	7.70e-01
 1.14166e+23	0.00e+00	0.00e+00	0.00e+00	1.98e-30	1.24e-26	3.93e-23	3.03e-19	3.23e-16	1.37e-13	2.47e-11	2.66e-09	1.53e-07	5.91e-06	2.40e-04	1.93e-02	2.17e-01	7.63e-01
 1.14843e+23	0.00e+00	0.00e+00	0.00e+00	3.04e-30	1.84e-26	5.66e-23	4.23e-19	4.35e-16	1.79e-13	3.10e-11	3.23e-09	1.79e-07	6.70e-06	2.63e-04	2.05e-02	2.23e-01	7.57e-01
 1.15590e+23	0.00e+00	0.00e+00	0.00e+00	5.05e-30	2.96e-26	8.77e-23	6.28e-19	6.19e-16	2.44e-13	4.06e-11	4.06e-09	2.17e-07	7.78e-06	2.93e-04	2.19e-02	2.29e-01	7.48e-01
 1.16375e+23	0.00e+00	0.00e+00	0.00e+00	8.19e-30	4.63e-26	1.33e-22	9.14e-19	8.67e-16	3.29e-13	5.26e-11	5.05e-09	2.59e-07	8.97e-06	3.26e-04	2.34e-02	2.36e-01	7.40e-01
 1.17032e+23	0.00e+00	0.00e+00	0.00e+00	1.23e-29	6.78e-26	1.88e-22	1.26e-18	1.15e-15	4.23e-13	6.55e-11	6.09e-09	3.02e-07	1.01e-05	3.56e-04	2.48e-02	2.41e-01	7.34e-01
 1.17619e+23	0.00e+00	0.00e+00	0.00e+00	1.78e-29	9.56e-26	2.59e-22	1.67e-18	1.49e-15	5.31e-13	7.97e-11	7.19e-09	3.47e-07	1.13e-05	3.85e-04	2.61e-02	2.46e-01	7.27e-01
 1.18292e+23	0.00e+00	0.00e+00	0.00e+00	2.79e-29	1.45e-25	3.81e-22	2.37e-18	2.04e-15	6.99e-13	1.01e-10	8.79e-09	4.09e-07	1.28e-05	4.23e-04	2.77e-02	2.52e-01	7.19e-01
 1.19029e+23	0.00e+00	0.00e+00	4.89e-33	4.48e-29	2.26e-25	5.71e-22	3.43e-18	2.83e-15	9.36e-13	1.30e-10	1.09e-08	4.88e-07	1.48e-05	4.68e-04	2.95e-02	2.59e-01	7.11e-01
 1.19702e+23	0.00e+00	0.00e+00	7.62e-33	6.79e-29	3.32e-25	8.16e-22	4.74e-18	3.78e-15	1.21e-12	1.63e-10	1.32e-08	5.70e-07	1.67e-05	5.12e-04	3.12e-02	2.65e-01	7.03e-01
 1.20427e+23	0.00e+00	0.00e+00	1.28e-32	1.11e-28	5.25e-25	1.25e-21	6.96e-18	5.33e-15	1.63e-12	2.12e-10	1.64e-08	6.83e-07	1.92e-05	5.68e-04	3.33e-02	2.72e-01	6.94e-01
 1.21163e+23	0.00e+00	0.00e+00	2.07e-32	1.74e-28	7.97e-25	1.83e-21	9.86e-18	7.29e-15	2.16e-12	2.69e-10	2.02e-08	8.08e-07	2.19e-05	6.25e-04	3.54e-02	2.79e-01	6.85e-01
 1.21778e+23	0.00e+00	0.00e+00	3.13e-32	2.55e-28	1.14e-24	2.55e-21	1.33e-17	9.53e-15	2.73e-12	3.31e-10	2.40e-08	9.33e-07	2.45e-05	6.78e-04	3.72e-02	2.84e-01	6.78e-01
 1.22441e+23	0.00e+00	0.00e+00	5.05e-32	4.01e-28	1.74e-24	3.75e-21	1.89e-17	1.31e-14	3.61e-12	4.21e-10	2.94e-08	1.10e-06	2.80e-05	7.46e-04	3.95e-02	2.91e-01	6.69e-01
 1.23159e+23	0.00e+00	0.00e+00	8.14e-32	6.27e-28	2.64e-24	5.50e-21	2.68e-17	1.78e-14	4.75e-12	5.35e-10	3.60e-08	1.30e-06	3.19e-05	8.20e-04	4.19e-02	2.97e-01	6.60e-01
 1.23820e+23	0.00e+00	0.00e+00	1.26e-31	9.48e-28	3.87e-24	7.84e-21	3.70e-17	2.38e-14	6.13e-12	6.67e-10	4.35e-08	1.52e-06	3.60e-05	8.94e-04	4.42e-02	3.04e-01	6.51e-01
 1.24552e+23	0.00e+00	0.00e+00	2.14e-31	1.56e-27	6.15e-24	1.20e-20	5.44e-17	3.37e-14	8.33e-12	8.69e-10	5.44e-08	1.83e-06	4.15e-05	9.92e-04	4.71e-02	3.11e-01	6.41e-01
 1.25288e+23	0.00e+00	0.00e+00	2.16e-31	1.52e-27	5.84e-24	1.76e-20	7.69e-17	4.59e-14	1.10e-11	1.10e-09	6.66e-08	2.16e-06	4.73e-05	1.09e-03	4.99e-02	3.18e-01	6.31e-01
 1.25894e+23	0.00e+00	0.00e+00	3.26e-31	2.25e-27	8.36e-24	2.44e-20	1.04e-16	6.00e-14	1.39e-11	1.36e-09	7.93e-08	2.49e-06	5.29e-05	1.18e-03	5.25e-02	3.23e-01	6.23e-01
 1.26549e+23	0.00e+00	0.00e+00	5.27e-31	3.52e-27	1.27e-23	3.59e-20	1.47e-16	8.21e-14	1.83e-11	1.72e-09	9.72e-08	2.94e-06	6.02e-05	1.30e-03	5.56e-02	3.30e-01	6.13e-01
 1.27256e+23	0.00e+00	0.00e+00	8.50e-31	5.51e-27	1.93e-23	5.25e-20	2.08e-16	1.12e-13	2.41e-11	2.19e-09	1.19e-07	3.47e-06	6.86e-05	1.42e-03	5.88e-02	3.37e-01	6.03e-01
 1.27903e+23	0.00e+00	0.00e+00	1.31e-30	8.25e-27	2.81e-23	7.41e-20	2.85e-16	1.48e-13	3.09e-11	2.71e-09	1.43e-07	4.03e-06	7.71e-05	1.55e-03	6.19e-02	3.43e-01	5.94e-01
 1.28616e+23	0.00e+00	0.00e+00	2.22e-30	1.35e-26	4.45e-23	1.13e-19	4.18e-16	2.09e-13	4.19e-11	3.54e-09	1.79e-07	4.85e-06	8.89e-05	1.72e-03	6.58e-02	3.50e-01	5.82e-01
 1.29326e+23	0.00e+00	0.00e+00	3.51e-30	2.08e-26	6.64e-23	1.63e-19	5.84e-16	2.82e-13	5.46e-11	4.45e-09	2.17e-07	5.69e-06	1.01e-04	1.87e-03	6.95e-02	3.57e-01	5.72e-01
 1.29912e+23	0.00e+00	0.00e+00	5.27e-30	3.05e-26	9.45e-23	2.25e-19	7.83e-16	3.67e-13	6.90e-11	5.45e-09	2.58e-07	6.56e-06	1.12e-04	2.03e-03	7.28e-02	3.62e-01	5.63e-01
 1.30552e+23	0.00e+00	0.00e+00	8.46e-30	4.76e-26	1.43e-22	3.28e-19	1.10e-15	5.00e-13	9.06e-11	6.91e-09	3.16e-07	7.73e-06	1.28e-04	2.22e-03	7.69e-02	3.69e-01	5.52e-01
 1.31241e+23	0.00e+00	0.00e+00	1.37e-29	7.46e-26	2.17e-22	4.80e-19	1.56e-15	6.83e-13	1.19e-10	8.79e-09	3.88e-07	9.14e-06	1.46e-04	2.44e-03	8.13e-02	3.75e-01	5.41e-01
 1.31864e+23	0.00e+00	0.00e+00	2.07e-29	1.10e-25	3.11e-22	6.67e-19	2.11e-15	8.95e-13	1.52e-10	1.08e-08	4.62e-07	1.06e-05	1.63e-04	2.64e-03	8.52e-02	3.81e-01	5.31e-01
 1.32543e+23	0.00e+00	0.00e+00	3.48e-29	1.78e-25	4.87e-22	1.00e-18	3.06e-15	1.25e-12	2.04e-10	1.40e-08	5.76e-07	1.26e-05	1.87e-04	2.91e-03	9.03e-02	3.87e-01	5.19e-01
 1.33228e+23	0.00e+00	0.00e+00	5.49e-29	2.74e-25	7.23e-22	1.44e-18	4.26e-15	1.68e-12	2.65e-10	1.76e-08	6.99e-07	1.48e-05	2.11e-04	3.17e-03	9.50e-02	3.93e-01	5.08e-01
 1.33800e+23	0.00e+00	1.60e-33	8.22e-29	3.99e-25	1.02e-21	1.97e-18	5.69e-15	2.18e-12	3.34e-10	2.15e-08	8.30e-07	1.71e-05	2.36e-04	3.43e-03	9.94e-02	3.98e-01	4.99e-01
 1.34420e+23	0.00e+00	2.71e-33	1.34e-28	6.29e-25	1.56e-21	2.89e-18	8.08e-15	2.99e-12	4.42e-10	2.74e-08	1.02e-06	2.02e-05	2.68e-04	3.75e-03	1.05e-01	4.04e-01	4.87e-01
 1.35071e+23	0.00e+00	4.33e-33	2.07e-28	9.46e-25	2.27e-21	4.07e-18	1.10e-14	3.96e-12	5.67e-10	3.41e-08	1.23e-06	2.35e-05	3.02e-04	4.07e-03	1.10e-01	4.09e-01	4.76e-01
 1.35667e+23	0.00e+00	6.87e-33	3.19e-28	1.41e-24	3.29e-21	5.70e-18	1.50e-14	5.23e-12	7.26e-10	4.22e-08	1.47e-06	2.74e-05	3.39e-04	4.42e-03	1.15e-01	4.14e-01	4.66e-01
 1.36346e+23	0.00e+00	1.21e-32	5.41e-28	2.32e-24	5.20e-21	8.61e-18	2.20e-14	7.36e-12	9.82e-10	5.49e-08	1.85e-06	3.29e-05	3.90e-04	4.87e-03	1.22e-01	4.20e-01	4.53e-01
 1.37016e+23	0.00e+00	1.99e-32	8.56e-28	3.55e-24	7.69e-21	1.23e-17	3.04e-14	9.87e-12	1.28e-09	6.89e-08	2.24e-06	3.86e-05	4.40e-04	5.31e-03	1.28e-01	4.25e-01	4.42e-01
 1.37552e+23	0.00e+00	3.01e-32	1.26e-27	5.09e-24	1.07e-20	1.66e-17	4.01e-14	1.27e-11	1.59e-09	8.35e-08	2.64e-06	4.41e-05	4.88e-04	5.70e-03	1.33e-01	4.29e-01	4.32e-01
 1.38130e+23	0.00e+00	4.97e-32	2.01e-27	7.84e-24	1.59e-20	2.37e-17	5.57e-14	1.70e-11	2.07e-09	1.05e-07	3.22e-06	5.19e-05	5.52e-04	6.21e-03	1.40e-01	4.33e-01	4.20e-01
 1.38744e+23	0.00e+00	7.85e-32	3.07e-27	1.16e-23	2.30e-20	3.30e-17	7.54e-14	2.24e-11	2.64e-09	1.30e-07	3.85e-06	6.01e-05	6.18e-04	6.71e-03	1.46e-01	4.37e-01	4.10e-01
 1.39315e+23	0.00e+00	1.25e-31	4.71e-27	1.73e-23	3.31e-20	4.58e-17	1.02e-13	2.94e-11	3.37e-09	1.61e-07	4.62e-06	6.98e-05	6.92e-04	7.25e-03	1.52e-01	4.41e-01	3.99e-01
 1.39876e+23	0.00e+00	1.97e-31	7.20e-27	2.57e-23	4.75e-20	6.34e-17	1.38e-13	3.86e-11	4.28e-09	1.98e-07	5.52e-06	8.08e-05	7.73e-04	7.83e-03	1.59e-01	4.44e-01	3.88e-01
 1.40415e+23	0.00e+00	3.03e-31	1.07e-26	3.73e-23	6.67e-20	8.61e-17	1.83e-13	4.98e-11	5.37e-09	2.41e-07	6.54e-06	9.29e-05	8.59e-04	8.41e-03	1.65e-01	4.47e-01	3.78e-01
 1.41015e+23	0.00e+00	5.22e-31	1.78e-26	5.93e-23	1.02e-19	1.26e-16	2.60e-13	6.85e-11	7.14e-09	3.09e-07	8.09e-06	1.11e-04	9.80e-04	9.20e-03	1.74e-01	4.50e-01	3.66e-01
 1.41619e+23	0.00e+00	8.14e-31	2.68e-26	8.70e-23	1.45e-19	1.73e-16	3.48e-13	8.91e-11	9.03e-09	3.79e-07	9.63e-06	1.27e-04	1.09e-03	9.90e-03	1.81e-01	4.53e-01	3.56e-01
 1.42143e+23	0.00e+00	1.25e-30	4.00e-26	1.26e-22	2.04e-19	2.34e-16	4.60e-13	1.15e-10	1.13e-08	4.62e-07	1.14e-05	1.46e-04	1.21e-03	1.06e-02	1.88e-01	4.55e-01	3.46e-01
 1.42740e+23	0.00e+00	2.15e-30	6.60e-26	2.00e-22	3.11e-19	3.42e-16	6.54e-13	1.58e-10	1.50e-08	5.91e-07	1.41e-05	1.74e-04	1.38e-03	1.16e-02	1.96e-01	4.57e-01	3.33e-01
 1.43351e+23	0.00e+00	3.44e-30	1.02e-25	2.99e-22	4.49e-19	4.75e-16	8.86e-13	2.08e-10	1.92e-08	7.32e-07	1.69e-05	2.02e-04	1.54e-03	1.25e-02	2.04e-01	4.59e-01	3.23e-01
 1.43865e+23	0.00e+00	5.15e-30	1.48e-25	4.23e-22	6.16e-19	6.31e-16	1.15e-12	2.64e-10	2.37e-08	8.80e-07	1.98e-05	2.30e-04	1.70e-03	1.33e-02	2.11e-01	4.60e-01	3.14e-01
 1.44421e+23	0.00e+00	8.63e-30	2.39e-25	6.57e-22	9.20e-19	9.01e-16	1.61e-12	3.56e-10	3.10e-08	1.11e-06	2.42e-05	2.71e-04	1.92e-03	1.45e-02	2.21e-01	4.61e-01	3.02e-01
 1.44995e+23	0.00e+00	1.35e-29	3.61e-25	9.62e-22	1.30e-18	1.23e-15	2.14e-12	4.62e-10	3.92e-08	1.36e-06	2.88e-05	3.12e-04	2.14e-03	1.55e-02	2.29e-01	4.61e-01	2.92e-01
 1.45509e+23	0.00e+00	2.07e-29	5.36e-25	1.39e-21	1.82e-18	1.65e-15	2.82e-12	5.93e-10	4.89e-08	1.65e-06	3.40e-05	3.57e-04	2.36e-03	1.66e-02	2.37e-01	4.61e-01	2.83e-01
 1.46094e+23	0.00e+00	3.55e-29	8.82e-25	2.19e-21	2.76e-18	2.40e-15	3.98e-12	8.13e-10	6.48e-08	2.11e-06	4.19e-05	4.24e-04	2.68e-03	1.81e-02	2.47e-01	4.61e-01	2.71e-01
 1.46684e+23	0.00e+00	5.61e-29	1.34e-24	3.23e-21	3.93e-18	3.28e-15	5.33e-12	1.06e-09	8.21e-08	2.60e-06	5.00e-05	4.90e-04	2.99e-03	1.94e-02	2.55e-01	4.61e-01	2.61e-01
 1.47190e+23	0.00e+00	8.63e-29	2.00e-24	4.66e-21	5.47e-18	4.40e-15	7.02e-12	1.36e-09	1.03e-07	3.16e-06	5.91e-05	5.61e-04	3.30e-03	2.07e-02	2.64e-01	4.60e-01	2.52e-01
 1.47758e+23	0.00e+00	1.48e-28	3.29e-24	7.36e-21	8.27e-18	6.34e-15	9.88e-12	1.86e-09	1.36e-07	4.02e-06	7.28e-05	6.64e-04	3.74e-03	2.24e-02	2.74e-01	4.58e-01	2.41e-01
 1.48327e+23	0.00e+00	2.26e-28	4.86e-24	1.06e-20	1.15e-17	8.48e-15	1.30e-11	2.38e-09	1.69e-07	4.87e-06	8.57e-05	7.59e-04	4.13e-03	2.39e-02	2.83e-01	4.56e-01	2.32e-01
 1.48898e+23	0.00e+00	3.88e-28	8.01e-24	1.67e-20	1.74e-17	1.22e-14	1.83e-11	3.25e-09	2.24e-07	6.22e-06	1.06e-04	8.99e-04	4.68e-03	2.59e-02	2.94e-01	4.54e-01	2.21e-01
 1.49478e+23	0.00e+00	6.00e-28	1.20e-23	2.42e-20	2.43e-17	1.65e-14	2.41e-11	4.18e-09	2.80e-07	7.57e-06	1.25e-04	1.03e-03	5.16e-03	2.76e-02	3.02e-01	4.51e-01	2.12e-01
 1.50070e+23	0.00e+00	1.05e-27	2.00e-23	3.87e-20	3.73e-17	2.40e-14	3.44e-11	5.77e-09	3.74e-07	9.73e-06	1.55e-04	1.23e-03	5.87e-03	2.99e-02	3.14e-01	4.48e-01	2.01e-01
 1.50671e+23	0.00e+00	1.70e-27	3.12e-23	5.81e-20	5.37e-17	3.31e-14	4.65e-11	7.61e-09	4.79e-07	1.21e-05	1.86e-04	1.42e-03	6.54e-03	3.20e-02	3.24e-01	4.44e-01	1.92e-01
 1.51176e+23	0.00e+00	2.56e-27	4.56e-23	8.21e-20	7.34e-17	4.35e-14	6.02e-11	9.64e-09	5.92e-07	1.45e-05	2.18e-04	1.62e-03	7.18e-03	3.39e-02	3.32e-01	4.41e-01	1.84e-01
 1.51721e+23	0.00e+00	4.31e-27	7.36e-23	1.27e-19	1.09e-16	6.15e-14	8.35e-11	1.30e-08	7.75e-07	1.83e-05	2.66e-04	1.90e-03	8.06e-03	3.65e-02	3.42e-01	4.36e-01	1.75e-01
 1.52272e+23	0.00e+00	6.68e-27	1.10e-22	1.84e-19	1.51e-16	8.20e-14	1.10e-10	1.67e-08	9.69e-07	2.22e-05	3.14e-04	2.17e-03	8.89e-03	3.87e-02	3.51e-01	4.31e-01	1.67e-01
 1.52750e+23	8.73e-34	9.95e-27	1.59e-22	2.57e-19	2.05e-16	1.07e-13	1.41e-10	2.10e-08	1.19e-06	2.66e-05	3.65e-04	2.45e-03	9.70e-03	4.09e-02	3.59e-01	4.27e-01	1.60e-01
 1.53199e+23	1.34e-33	1.47e-26	2.26e-22	3.55e-19	2.73e-16	1.37e-13	1.79e-10	2.61e-08	1.45e-06	3.16e-05	4.24e-04	2.76e-03	1.06e-02	4.31e-02	3.67e-01	4.23e-01	1.54e-01
 1.53614e+23	1.98e-33	2.10e-26	3.14e-22	4.78e-19	3.57e-16	1.73e-13	2.23e-10	3.20e-08	1.74e-06	3.70e-05	4.85e-04	3.08e-03	1.14e-02	4.51e-02	3.74e-01	4.18e-01	1.48e-01
 1.53994e+23	2.84e-33	2.91e-26	4.24e-22	6.27e-19	4.55e-16	2.14e-13	2.73e-10	3.85e-08	2.06e-06	4.28e-05	5.49e-04	3.40e-03	1.23e-02	4.71e-02	3.80e-01	4.14e-01	1.42e-01
 1.54348e+23	4.03e-33	3.99e-26	5.66e-22	8.16e-19	5.75e-16	2.62e-13	3.31e-10	4.61e-08	2.42e-06	4.92e-05	6.19e-04	3.74e-03	1.31e-02	4.91e-02	3.87e-01	4.10e-01	1.37e-01
 1.54753e+23	3.11e-38	5.92e-26	8.13e-22	1.13e-18	7.71e-16	3.38e-13	4.22e-10	5.77e-08	2.96e-06	5.86e-05	7.18e-04	4.22e-03	1.43e-02	5.16e-02	3.94e-01	4.04e-01	1.31e-01
 1.55147e+23	0.00e+00	8.07e-26	1.08e-21	1.46e-18	9.68e-16	4.12e-13	5.10e-10	6.86e-08	3.46e-06	6.72e-05	8.07e-04	4.63e-03	1.53e-02	5.37e-02	4.00e-01	3.99e-01	1.26e-01
 1.55474e+23	0.00e+00	1.09e-25	1.42e-21	1.88e-18	1.21e-15	4.98e-13	6.12e-10	8.12e-08	4.03e-06	7.67e-05	9.04e-04	5.07e-03	1.63e-02	5.57e-02	4.05e-01	3.95e-01	1.22e-01
 1.55794e+23	0.00e+00	1.46e-25	1.85e-21	2.38e-18	1.49e-15	5.98e-13	7.30e-10	9.57e-08	4.67e-06	8.72e-05	1.01e-03	5.53e-03	1.74e-02	5.78e-02	4.10e-01	3.90e-01	1.18e-01
 1.56107e+23	0.00e+00	1.91e-25	2.37e-21	2.98e-18	1.82e-15	7.09e-13	8.62e-10	1.11e-07	5.36e-06	9.83e-05	1.12e-03	6.00e-03	1.84e-02	5.97e-02	4.15e-01	3.86e-01	1.14e-01
 1.56457e+23	0.00e+00	2.71e-25	3.26e-21	3.98e-18	2.35e-15	8.83e-13	1.06e-09	1.36e-07	6.40e-06	1.15e-04	1.27e-03	6.66e-03	1.98e-02	6.23e-02	4.21e-01	3.80e-01	1.09e-01
 1.56810e+23	0.00e+00	3.62e-25	4.24e-21	5.04e-18	2.90e-15	1.06e-12	1.27e-09	1.59e-07	7.40e-06	1.30e-04	1.42e-03	7.25e-03	2.10e-02	6.45e-02	4.26e-01	3.75e-01	1.05e-01
 1.57116e+23	0.00e+00	4.79e-25	5.49e-21	6.35e-18	3.55e-15	1.26e-12	1.50e-09	1.87e-07	8.54e-06	1.47e-04	1.57e-03	7.89e-03	2.23e-02	6.66e-02	4.30e-01	3.70e-01	1.01e-01
 1.57465e+23	0.00e+00	6.99e-25	7.73e-21	8.62e-18	4.64e-15	1.58e-12	1.88e-09	2.30e-07	1.03e-05	1.73e-04	1.81e-03	8.82e-03	2.41e-02	6.96e-02	4.36e-01	3.63e-01	9.60e-02
 1.57809e+23	0.00e+00	9.21e-25	9.93e-21	1.08e-17	5.65e-15	1.87e-12	2.21e-09	2.68e-07	1.19e-05	1.95e-04	2.00e-03	9.56e-03	2.55e-02	7.18e-02	4.40e-01	3.58e-01	9.25e-02
 1.58091e+23	0.00e+00	1.21e-24	1.27e-20	1.34e-17	6.83e-15	2.19e-12	2.59e-09	3.11e-07	1.36e-05	2.20e-04	2.22e-03	1.04e-02	2.69e-02	7.40e-02	4.44e-01	3.53e-01	8.91e-02
 1.58357e+23	0.00e+00	1.56e-24	1.60e-20	1.65e-17	8.18e-15	2.55e-12	3.01e-09	3.58e-07	1.54e-05	2.46e-04	2.43e-03	1.12e-02	2.84e-02	7.62e-02	4.47e-01	3.48e-01	8.60e-02
 1.58658e+23	0.00e+00	2.14e-24	2.13e-20	2.13e-17	1.02e-14	3.08e-12	3.63e-09	4.26e-07	1.81e-05	2.82e-04	2.73e-03	1.22e-02	3.02e-02	7.88e-02	4.52e-01	3.42e-01	8.22e-02
 1.58968e+23	0.00e+00	2.84e-24	2.76e-20	2.68e-17	1.25e-14	3.63e-12	4.28e-09	4.98e-07	2.08e-05	3.19e-04	3.04e-03	1.33e-02	3.20e-02	8.13e-02	4.55e-01	3.36e-01	7.89e-02
 1.59237e+23	0.00e+00	3.67e-24	3.47e-20	3.28e-17	1.49e-14	4.22e-12	4.97e-09	5.73e-07	2.37e-05	3.56e-04	3.33e-03	1.43e-02	3.37e-02	8.35e-02	4.58e-01	3.31e-01	7.60e-02
 1.59535e+23	0.00e+00	5.10e-24	4.68e-20	4.27e-17	1.87e-14	5.10e-12	6.01e-09	6.86e-07	2.79e-05	4.10e-04	3.76e-03	1.57e-02	3.59e-02	8.64e-02	4.61e-01	3.24e-01	7.24e-02
 1.59841e+23	0.00e+00	6.80e-24	6.06e-20	5.37e-17	2.27e-14	6.00e-12	7.09e-09	8.02e-07	3.22e-05	4.64e-04	4.18e-03	1.71e-02	3.80e-02	8.89e-02	4.64e-01	3.18e-01	6.93e-02
 1.60109e+23	0.00e+00	8.89e-24	7.71e-20	6.64e-17	2.73e-14	6.98e-12	8.26e-09	9.27e-07	3.68e-05	5.20e-04	4.60e-03	1.84e-02	4.01e-02	9.13e-02	4.66e-01	3.12e-01	6.65e-02
 1.60411e+23	0.00e+00	1.26e-23	1.06e-19	8.76e-17	3.46e-14	8.49e-12	1.01e-08	1.12e-06	4.37e-05	6.04e-04	5.22e-03	2.04e-02	4.29e-02	9.45e-02	4.69e-01	3.04e-01	6.29e-02
 1.60718e+23	0.00e+00	1.68e-23	1.37e-19	1.10e-16	4.19e-14	9.93e-12	1.19e-08	1.31e-06	5.04e-05	6.82e-04	5.79e-03	2.21e-02	4.53e-02	9.71e-02	4.71e-01	2.98e-01	6.01e-02
 1.60979e+23	0.00e+00	2.17e-23	1.72e-19	1.34e-16	4.98e-14	1.15e-11	1.37e-08	1.50e-06	5.72e-05	7.61e-04	6.35e-03	2.37e-02	4.75e-02	9.94e-02	4.72e-01	2.92e-01	5.76e-02
 1.61270e+23	0.00e+00	3.14e-23	2.39e-19	1.79e-16	6.32e-14	1.39e-11	1.68e-08	1.83e-06	6.85e-05	8.88e-04	7.24e-03	2.63e-02	5.09e-02	1.03e-01	4.74e-01	2.84e-01	5.42e-02
 1.61555e+23	0.00e+00	4.04e-23	3.00e-19	2.17e-16	7.48e-14	1.59e-11	1.94e-08	2.09e-06	7.75e-05	9.87e-04	7.91e-03	2.82e-02	5.33e-02	1.05e-01	4.75e-01	2.78e-01	5.19e-02
 1.61835e+23	0.00e+00	5.77e-23	4.12e-19	2.86e-16	9.39e-14	1.91e-11	2.36e-08	2.53e-06	9.22e-05	1.15e-03	8.97e-03	3.11e-02	5.69e-02	1.08e-01	4.75e-01	2.70e-01	4.88e-02
 1.62109e+23	0.00e+00	7.33e-23	5.10e-19	3.45e-16	1.10e-13	2.18e-11	2.69e-08	2.87e-06	1.04e-04	1.27e-03	9.76e-03	3.32e-02	5.94e-02	1.10e-01	4.75e-01	2.64e-01	4.68e-02
 1.62377e+23	0.00e+00	1.05e-22	7.00e-19	4.52e-16	1.38e-13	2.60e-11	3.26e-08	3.46e-06	1.23e-04	1.47e-03	1.11e-02	3.66e-02	6.33e-02	1.14e-01	4.75e-01	2.55e-01	4.38e-02
 1.62642e+23	3.76e-34	1.33e-22	8.68e-19	5.44e-16	1.61e-13	2.95e-11	3.73e-08	3.94e-06	1.39e-04	1.62e-03	1.20e-02	3.90e-02	6.60e-02	1.16e-01	4.74e-01	2.49e-01	4.19e-02
 1.62904e+23	5.80e-34	1.90e-22	1.19e-18	7.10e-16	2.00e-13	3.49e-11	4.50e-08	4.73e-06	1.64e-04	1.88e-03	1.36e-02	4.29e-02	7.02e-02	1.19e-01	4.73e-01	2.41e-01	3.92e-02
 1.63168e+23	7.99e-34	2.46e-22	1.49e-18	8.64e-16	2.35e-13	3.97e-11	5.17e-08	5.42e-06	1.86e-04	2.08e-03	1.48e-02	4.58e-02	7.33e-02	1.21e-01	4.71e-01	2.34e-01	3.73e-02
 1.63436e+23	1.24e-33	3.53e-22	2.05e-18	1.13e-15	2.93e-13	4.72e-11	6.26e-08	6.53e-06	2.21e-04	2.41e-03	1.67e-02	5.04e-02	7.79e-02	1.24e-01	4.69e-01	2.25e-01	3.47e-02
 1.63706e+23	1.73e-33	4.62e-22	2.61e-18	1.39e-15	3.47e-13	5.38e-11	7.23e-08	7.51e-06	2.51e-04	2.69e-03	1.83e-02	5.39e-02	8.13e-02	1.26e-01	4.66e-01	2.19e-01	3.29e-02
 1.63982e+23	2.70e-33	6.65e-22	3.59e-18	1.82e-15	4.32e-13	6.38e-11	8.75e-08	9.05e-06	2.98e-04	3.11e-03	2.06e-02	5.91e-02	8.62e-02	1.29e-01	4.62e-01	2.10e-01	3.05e-02
 1.64255e+23	3.78e-33	8.75e-22	4.58e-18	2.23e-15	5.10e-13	7.25e-11	1.01e-07	1.04e-05	3.39e-04	3.46e-03	2.26e-02	6.33e-02	8.99e-02	1.31e-01	4.58e-01	2.03e-01	2.87e-02
 1.64526e+23	5.84e-33	1.25e-21	6.28e-18	2.92e-15	6.32e-13	8.55e-11	1.22e-07	1.25e-05	4.02e-04	3.99e-03	2.54e-02	6.91e-02	9.50e-02	1.33e-01	4.53e-01	1.94e-01	2.66e-02
 1.64801e+23	8.31e-33	1.67e-21	8.09e-18	3.61e-15	7.50e-13	9.75e-11	1.41e-07	1.45e-05	4.59e-04	4.46e-03	2.78e-02	7.41e-02	9.91e-02	1.35e-01	4.48e-01	1.86e-01	2.49e-02
 1.65082e+23	1.31e-32	2.44e-21	1.13e-17	4.76e-15	9.35e-13	1.15e-10	1.71e-07	1.75e-05	5.45e-04	5.15e-03	3.13e-02	8.10e-02	1.05e-01	1.37e-01	4.41e-01	1.77e-01	2.28e-02
 1.65365e+23	1.87e-32	3.27e-21	1.46e-17	5.89e-15	1.11e-12	1.31e-10	1.98e-07	2.02e-05	6.23e-04	5.75e-03	3.42e-02	8.66e-02	1.09e-01	1.38e-01	4.35e-01	1.70e-01	2.13e-02
 1.65651e+23	2.97e-32	4.80e-21	2.04e-17	7.79e-15	1.38e-12	1.55e-10	2.39e-07	2.44e-05	7.40e-04	6.63e-03	3.84e-02	9.44e-02	1.14e-01	1.40e-01	4.26e-01	1.60e-01	1.94e-02
 1.65939e+23	4.25e-32	6.43e-21	2.63e-17	9.64e-15	1.64e-12	1.76e-10	2.76e-07	2.81e-05	8.43e-04	7.38e-03	4.18e-02	1.01e-01	1.19e-01	1.41e-01	4.19e-01	1.53e-01	1.80e-02
 1.66188e+23	6.00e-32	8.58e-21	3.38e-17	1.19e-14	1.93e-12	1.99e-10	3.18e-07	3.23e-05	9.56e-04	8.19e-03	4.55e-02	1.07e-01	1.23e-01	1.42e-01	4.11e-01	1.46e-01	1.67e-02
 1.66471e+23	9.47e-32	1.25e-20	4.70e-17	1.56e-14	2.39e-12	2.34e-10	3.80e-07	3.86e-05	1.13e-03	9.36e-03	5.06e-02	1.16e-01	1.28e-01	1.42e-01	4.00e-01	1.37e-01	1.51e-02
 1.66752e+23	1.31e-31	1.64e-20	5.94e-17	1.90e-14	2.79e-12	2.63e-10	4.32e-07	4.38e-05	1.26e-03	1.03e-02	5.45e-02	1.22e-01	1.32e-01	1.43e-01	3.92e-01	1.31e-01	1.40e-02
 1.67028e+23	2.02e-31	2.35e-20	8.13e-17	2.46e-14	3.42e-12	3.05e-10	5.11e-07	5.17e-05	1.47e-03	1.16e-02	6.00e-02	1.31e-01	1.37e-01	1.43e-01	3.81e-01	1.22e-01	1.27e-02
 1.67311e+23	2.81e-31	3.09e-20	1.03e-16	3.00e-14	4.00e-12	3.44e-10	5.81e-07	5.87e-05	1.64e-03	1.27e-02	6.45e-02	1.38e-01	1.41e-01	1.43e-01	3.72e-01	1.16e-01	1.17e-02
 1.67600e+23	4.37e-31	4.43e-20	1.42e-16	3.89e-14	4.91e-12	4.01e-10	6.86e-07	6.91e-05	1.91e-03	1.43e-02	7.08e-02	1.47e-01	1.46e-01	1.42e-01	3.59e-01	1.08e-01	1.05e-02
 1.67897e+23	6.14e-31	5.88e-20	1.81e-16	4.78e-14	5.77e-12	4.53e-10	7.80e-07	7.84e-05	2.14e-03	1.57e-02	7.59e-02	1.55e-01	1.49e-01	1.42e-01	3.49e-01	1.02e-01	9.67e-03
 1.68202e+23	9.63e-31	8.51e-20	2.50e-16	6.23e-14	7.11e-12	5.30e-10	9.19e-07	9.22e-05	2.47e-03	1.76e-02	8.30e-02	1.64e-01	1.53e-01	1.40e-01	3.36e-01	9.45e-02	8.62e-03
 1.68515e+23	1.36e-30	1.13e-19	3.22e-16	7.68e-14	8.39e-12	6.00e-10	1.04e-06	1.04e-04	2.76e-03	1.93e-02	8.87e-02	1.72e-01	1.57e-01	1.39e-01	3.25e-01	8.88e-02	7.87e-03
 1.68836e+23	2.14e-30	1.64e-19	4.44e-16	1.00e-13	1.04e-11	7.04e-10	1.22e-06	1.22e-04	3.18e-03	2.15e-02	9.64e-02	1.82e-01	1.60e-01	1.37e-01	3.11e-01	8.18e-02	6.97e-03
 1.69164e+23	3.03e-30	2.19e-19	5.72e-16	1.24e-13	1.22e-11	8.00e-10	1.39e-06	1.38e-04	3.54e-03	2.34e-02	1.03e-01	1.90e-01	1.63e-01	1.36e-01	2.99e-01	7.64e-02	6.33e-03
 1.69499e+23	4.75e-30	3.18e-19	7.91e-16	1.62e-13	1.51e-11	9.40e-10	1.62e-06	1.61e-04	4.05e-03	2.60e-02	1.11e-01	2.00e-01	1.66e-01	1.33e-01	2.85e-01	7.00e-02	5.58e-03
 1.69836e+23	6.67e-30	4.21e-19	1.01e-15	1.99e-13	1.78e-11	1.07e-09	1.83e-06	1.81e-04	4.49e-03	2.82e-02	1.17e-01	2.07e-01	1.68e-01	1.31e-01	2.74e-01	6.53e-02	5.05e-03
 1.70176e+23	1.04e-29	6.04e-19	1.39e-15	2.60e-13	2.20e-11	1.25e-09	2.12e-06	2.09e-04	5.10e-03	3.11e-02	1.26e-01	2.16e-01	1.70e-01	1.28e-01	2.59e-01	5.95e-02	4.44e-03
 1.70523e+23	1.46e-29	8.00e-19	1.78e-15	3.19e-13	2.59e-11	1.42e-09	2.38e-06	2.34e-04	5.62e-03	3.35e-02	1.33e-01	2.23e-01	1.71e-01	1.26e-01	2.48e-01	5.53e-02	4.00e-03
 1.70826e+23	2.02e-29	1.04e-18	2.24e-15	3.87e-13	3.03e-11	1.60e-09	2.65e-06	2.59e-04	6.16e-03	3.59e-02	1.40e-01	2.30e-01	1.72e-01	1.23e-01	2.38e-01	5.15e-02	3.63e-03
 1.71166e+23	3.08e-29	1.47e-18	3.03e-15	4.98e-13	3.70e-11	1.87e-09	3.04e-06	2.96e-04	6.91e-03	3.92e-02	1.48e-01	2.38e-01	1.73e-01	1.20e-01	2.25e-01	4.69e-02	3.18e-03
 1.71505e+23	4.19e-29	1.88e-18	3.77e-15	5.99e-13	4.29e-11	2.09e-09	3.36e-06	3.25e-04	7.51e-03	4.17e-02	1.55e-01	2.44e-01	1.73e-01	1.17e-01	2.15e-01	4.37e-02	2.89e-03
 1.71844e+23	6.27e-29	2.61e-18	5.03e-15	7.62e-13	5.21e-11	2.43e-09	3.82e-06	3.68e-04	8.35e-03	4.51e-02	1.63e-01	2.51e-01	1.73e-01	1.14e-01	2.03e-01	3.97e-02	2.54e-03
 1.72191e+23	8.62e-29	3.37e-18	6.30e-15	9.21e-13	6.07e-11	2.74e-09	4.23e-06	4.05e-04	9.07e-03	4.80e-02	1.70e-01	2.56e-01	1.73e-01	1.11e-01	1.93e-01	3.68e-02	2.29e-03
 1.72498e+23	1.17e-28	4.33e-18	7.84e-15	1.11e-12	7.03e-11	3.08e-09	4.66e-06	4.44e-04	9.82e-03	5.09e-02	1.76e-01	2.61e-01	1.73e-01	1.08e-01	1.84e-01	3.42e-02	2.06e-03
 1.72846e+23	1.75e-28	5.98e-18	1.04e-14	1.41e-12	8.51e-11	3.57e-09	5.27e-06	5.00e-04	1.09e-02	5.48e-02	1.85e-01	2.68e-01	1.72e-01	1.04e-01	1.73e-01	3.09e-02	1.80e-03
 1.73193e+23	2.33e-28	7.52e-18	1.28e-14	1.67e-12	9.79e-11	3.98e-09	5.77e-06	5.44e-04	1.17e-02	5.77e-02	1.91e-01	2.72e-01	1.71e-01	1.01e-01	1.65e-01	2.87e-02	1.63e-03
 1.73538e+23	3.43e-28	1.03e-17	1.68e-14	2.10e-12	1.18e-10	4.60e-09	6.49e-06	6.07e-04	1.28e-02	6.18e-02	1.99e-01	2.77e-01	1.69e-01	9.76e-02	1.55e-01	2.60e-02	1.43e-03
 1.73889e+23	4.60e-28	1.29e-17	2.06e-14	2.50e-12	1.36e-10	5.14e-09	7.11e-06	6.61e-04	1.38e-02	6.50e-02	2.05e-01	2.80e-01	1.68e-01	9.47e-02	1.47e-01	2.41e-02	1.29e-03
 1.74250e+23	6.77e-28	1.77e-17	2.71e-14	3.15e-12	1.64e-10	5.95e-09	7.99e-06	7.37e-04	1.51e-02	6.94e-02	2.14e-01	2.85e-01	1.66e-01	9.08e-02	1.37e-01	2.17e-02	1.12e-03
 1.74617e+23	9.15e-28	2.24e-17	3.34e-14	3.76e-12	1.89e-10	6.68e-09	8.77e-06	8.02e-04	1.62e-02	7.30e-02	2.20e-01	2.88e-01	1.64e-01	8.78e-02	1.30e-01	2.00e-02	1.01e-03
 1.74993e+23	1.35e-27	3.06e-17	4.40e-14	4.75e-12	2.29e-10	7.75e-09	9.86e-06	8.94e-04	1.77e-02	7.78e-02	2.28e-01	2.91e-01	1.61e-01	8.39e-02	1.21e-01	1.79e-02	8.71e-04
 1.75376e+23	1.84e-27	3.88e-17	5.44e-14	5.69e-12	2.65e-10	8.72e-09	1.08e-05	9.73e-04	1.90e-02	8.16e-02	2.34e-01	2.93e-01	1.59e-01	8.09e-02	1.14e-01	1.65e-02	7.79e-04
 1.75769e+23	2.73e-27	5.32e-17	7.18e-14	7.21e-12	3.21e-10	1.01e-08	1.22e-05	1.08e-03	2.08e-02	8.68e-02	2.42e-01	2.96e-01	1.56e-01	7.70e-02	1.06e-01	1.47e-02	6.70e-04
 1.76152e+23	1.33e-28	6.58e-17	8.68e-14	8.48e-12	3.67e-10	1.13e-08	1.33e-05	1.17e-03	2.21e-02	9.05e-02	2.47e-01	2.97e-01	1.53e-01	7.44e-02	1.00e-01	1.36e-02	6.05e-04
 1.76524e+23	1.87e-28	8.86e-17	1.13e-13	1.06e-11	4.39e-10	1.30e-08	1.48e-05	1.29e-03	2.40e-02	9.56e-02	2.54e-01	2.99e-01	1.50e-01	7.08e-02	9.28e-02	1.22e-02	5.23e-04
 1.76901e+23	2.40e-28	1.10e-16	1.36e-13	1.25e-11	5.04e-10	1.45e-08	1.61e-05	1.39e-03	2.55e-02	9.95e-02	2.59e-01	2.99e-01	1.47e-01	6.82e-02	8.78e-02	1.12e-02	4.70e-04
 1.77286e+23	3.35e-28	1.46e-16	1.76e-13	1.55e-11	6.02e-10	1.68e-08	1.80e-05	1.53e-03	2.75e-02	1.05e-01	2.66e-01	3.00e-01	1.44e-01	6.47e-02	8.12e-02	1.00e-02	4.07e-04
 1.77683e+23	4.39e-28	1.85e-16	2.17e-13	1.85e-11	6.97e-10	1.88e-08	1.97e-05	1.66e-03	2.93e-02	1.09e-01	2.71e-01	3.00e-01	1.41e-01	6.20e-02	7.62e-02	9.17e-03	3.61e-04
 1.78096e+23	6.16e-28	2.47e-16	2.81e-13	2.31e-11	8.38e-10	2.18e-08	2.21e-05	1.83e-03	3.17e-02	1.15e-01	2.78e-01	2.99e-01	1.37e-01	5.86e-02	7.03e-02	8.17e-03	3.11e-04
 1.78522e+23	8.22e-28	3.17e-16	3.50e-13	2.79e-11	9.79e-10	2.48e-08	2.43e-05	1.99e-03	3.39e-02	1.20e-01	2.83e-01	2.99e-01	1.33e-01	5.59e-02	6.56e-02	7.39e-03	2.73e-04
 1.78966e+23	1.17e-27	4.29e-16	4.59e-13	3.53e-11	1.19e-09	2.89e-08	2.75e-05	2.21e-03	3.67e-02	1.26e-01	2.89e-01	2.97e-01	1.29e-01	5.26e-02	6.01e-02	6.53e-03	2.33e-04
 1.79421e+23	1.58e-27	5.53e-16	5.76e-13	4.28e-11	1.40e-09	3.29e-08	3.04e-05	2.41e-03	3.92e-02	1.32e-01	2.94e-01	2.96e-01	1.25e-01	4.99e-02	5.57e-02	5.88e-03	2.03e-04
 1.79892e+23	2.28e-27	7.55e-16	7.61e-13	5.45e-11	1.71e-09	3.87e-08	3.44e-05	2.67e-03	4.26e-02	1.39e-01	2.99e-01	2.94e-01	1.21e-01	4.67e-02	5.07e-02	5.15e-03	1.71e-04
 1.80379e+23	3.11e-27	9.84e-16	9.64e-13	6.69e-11	2.02e-09	4.45e-08	3.82e-05	2.92e-03	4.55e-02	1.44e-01	3.04e-01	2.91e-01	1.16e-01	4.40e-02	4.68e-02	4.60e-03	1.48e-04
 1.80885e+23	4.57e-27	1.36e-15	1.29e-12	8.61e-11	2.49e-09	5.27e-08	4.36e-05	3.26e-03	4.95e-02	1.52e-01	3.09e-01	2.88e-01	1.11e-01	4.09e-02	4.22e-02	3.99e-03	1.24e-04
 1.81406e+23	6.34e-27	1.80e-15	1.65e-12	1.06e-10	2.98e-09	6.09e-08	4.87e-05	3.57e-03	5.30e-02	1.58e-01	3.13e-01	2.84e-01	1.07e-01	3.84e-02	3.87e-02	3.53e-03	1.06e-04
 1.81876e+23	8.62e-27	2.33e-15	2.08e-12	1.30e-10	3.53e-09	7.00e-08	5.42e-05	3.90e-03	5.65e-02	1.64e-01	3.16e-01	2.81e-01	1.03e-01	3.61e-02	3.55e-02	3.14e-03	9.13e-05
 1.82414e+23	1.31e-26	3.31e-15	2.85e-12	1.71e-10	4.42e-09	8.39e-08	6.22e-05	4.36e-03	6.15e-02	1.72e-01	3.20e-01	2.76e-01	9.79e-02	3.31e-02	3.17e-02	2.68e-03	7.46e-05
 1.82956e+23	1.78e-26	4.29e-15	3.60e-12	2.09e-10	5.24e-09	9.64e-08	6.92e-05	4.76e-03	6.55e-02	1.79e-01	3.23e-01	2.71e-01	9.39e-02	3.11e-02	2.90e-02	2.38e-03	6.41e-05
 1.83503e+23	2.69e-26	6.05e-15	4.90e-12	2.73e-10	6.54e-09	1.15e-07	7.93e-05	5.31e-03	7.10e-02	1.87e-01	3.26e-01	2.65e-01	8.88e-02	2.85e-02	2.58e-02	2.03e-03	5.23e-05
 1.84062e+23	3.75e-26	8.00e-15	6.29e-12	3.39e-10	7.83e-09	1.33e-07	8.86e-05	5.81e-03	7.58e-02	1.94e-01	3.28e-01	2.60e-01	8.47e-02	2.65e-02	2.34e-02	1.78e-03	4.43e-05
 1.84636e+23	5.69e-26	1.14e-14	8.61e-12	4.44e-10	9.83e-09	1.61e-07	1.02e-04	6.49e-03	8.21e-02	2.02e-01	3.30e-01	2.54e-01	7.96e-02	2.41e-02	2.07e-02	1.50e-03	3.58e-05
 1.85221e+23	8.09e-26	1.53e-14	1.12e-11	5.58e-10	1.19e-08	1.87e-07	1.14e-04	7.12e-03	8.76e-02	2.09e-01	3.31e-01	2.48e-01	7.55e-02	2.23e-02	1.86e-02	1.30e-03	2.99e-05
 1.85743e+23	1.14e-25	2.03e-14	1.45e-11	6.95e-10	1.43e-08	2.17e-07	1.28e-04	7.78e-03	9.33e-02	2.16e-01	3.31e-01	2.42e-01	7.15e-02	2.06e-02	1.68e-02	1.13e-03	2.50e-05
 1.86340e+23	1.78e-25	2.96e-14	2.02e-11	9.28e-10	1.81e-08	2.64e-07	1.48e-04	8.72e-03	1.01e-01	2.25e-01	3.31e-01	2.34e-01	6.66e-02	1.86e-02	1.46e-02	9.38e-04	1.98e-05
 1.86903e+23	2.36e-25	3.76e-14	2.51e-11	1.12e-09	2.12e-08	2.99e-07	1.63e-04	9.39e-03	1.06e-01	2.30e-01	3.31e-01	2.28e-01	6.35e-02	1.73e-02	1.34e-02	8.30e-04	1.70e-05
 1.87420e+23	3.50e-25	5.25e-14	3.37e-11	1.44e-09	2.61e-08	3.55e-07	1.84e-04	1.04e-02	1.14e-01	2.38e-01	3.29e-01	2.21e-01	5.94e-02	1.58e-02	1.18e-02	7.01e-04	1.37e-05
 1.87943e+23	4.70e-25	6.74e-14	4.22e-11	1.75e-09	3.07e-08	4.04e-07	2.03e-04	1.12e-02	1.20e-01	2.43e-01	3.28e-01	2.15e-01	5.64e-02	1.46e-02	1.07e-02	6.16e-04	1.17e-05
 1.88474e+23	6.95e-25	9.41e-14	5.67e-11	2.25e-09	3.79e-08	4.80e-07	2.31e-04	1.23e-02	1.28e-01	2.50e-01	3.26e-01	2.07e-01	5.26e-02	1.33e-02	9.41e-03	5.18e-04	9.42e-06
 1.89017e+23	9.58e-25	1.24e-13	7.23e-11	2.77e-09	4.50e-08	5.52e-07	2.56e-04	1.33e-02	1.35e-01	2.56e-01	3.24e-01	2.01e-01	4.96e-02	1.22e-02	8.45e-03	4.49e-04	7.87e-06
 1.89575e+23	1.45e-24	1.77e-13	9.94e-11	3.64e-09	5.64e-08	6.64e-07	2.93e-04	1.48e-02	1.44e-01	2.63e-01	3.20e-01	1.93e-01	4.58e-02	1.10e-02	7.33e-03	3.71e-04	6.21e-06
 1.90136e+23	1.99e-24	2.32e-13	1.26e-10	4.48e-09	6.71e-08	7.65e-07	3.26e-04	1.60e-02	1.52e-01	2.68e-01	3.17e-01	1.86e-01	4.31e-02	1.01e-02	6.57e-03	3.21e-04	5.17e-06
 1.90701e+23	3.01e-24	3.33e-13	1.74e-10	5.91e-09	8.44e-08	9.23e-07	3.74e-04	1.78e-02	1.62e-01	2.75e-01	3.12e-01	1.78e-01	3.97e-02	9.01e-03	5.67e-03	2.64e-04	4.04e-06
 1.91277e+23	4.22e-24	4.44e-13	2.26e-10	7.37e-09	1.02e-07	1.07e-06	4.18e-04	1.93e-02	1.71e-01	2.80e-01	3.08e-01	1.71e-01	3.70e-02	8.22e-03	5.03e-03	2.25e-04	3.31e-06
 1.91868e+23	6.48e-24	6.49e-13	3.16e-10	9.85e-09	1.29e-07	1.31e-06	4.84e-04	2.15e-02	1.83e-01	2.86e-01	3.01e-01	1.63e-01	3.38e-02	7.27e-03	4.28e-03	1.82e-04	2.54e-06
 1.92471e+23	9.18e-24	8.79e-13	4.14e-10	1.24e-08	1.57e-07	1.54e-06	5.45e-04	2.35e-02	1.92e-01	2.90e-01	2.96e-01	1.55e-01	3.13e-02	6.57e-03	3.76e-03	1.53e-04	2.05e-06
 1.93088e+23	1.43e-23	1.31e-12	5.89e-10	1.69e-08	2.04e-07	1.91e-06	6.37e-04	2.63e-02	2.06e-01	2.96e-01	2.88e-01	1.46e-01	2.82e-02	5.75e-03	3.16e-03	1.21e-04	1.54e-06
 1.93712e+23	2.04e-23	1.78e-12	7.77e-10	2.15e-08	2.50e-07	2.27e-06	7.21e-04	2.88e-02	2.16e-01	2.99e-01	2.81e-01	1.39e-01	2.60e-02	5.17e-03	2.75e-03	1.01e-04	1.23e-06
 1.94239e+23	2.81e-23	2.37e-12	1.00e-09	2.68e-08	3.01e-07	2.65e-06	8.09e-04	3.13e-02	2.27e-01	3.02e-01	2.75e-01	1.33e-01	2.40e-02	4.67e-03	2.41e-03	8.50e-05	9.92e-07
 1.94812e+23	4.18e-23	3.39e-12	1.38e-09	3.55e-08	3.83e-07	3.25e-06	9.39e-04	3.48e-02	2.40e-01	3.05e-01	2.66e-01	1.25e-01	2.17e-02	4.10e-03	2.04e-03	6.81e-05	7.54e-07
