#depth	O	O+	O+2	O+3	O+4	O+5	O+6	O+7	O+8	O[1]	O[2]	O[3]
 1.54284e+22	2.29e-28	4.17e-22	2.69e-17	1.52e-13	2.32e-10	1.53e-07	3.33e-04	3.75e-02	9.62e-01	0.00e+00	0.00e+00	0.00e+00
 3.45717e+22	2.08e-26	2.05e-20	7.27e-16	2.32e-12	1.92e-09	6.85e-07	9.42e-04	6.29e-02	9.36e-01	0.00e+00	0.00e+00	0.00e+00
 3.99705e+22	2.13e-25	1.53e-19	4.01e-15	9.50e-12	5.73e-09	1.48e-06	1.57e-03	8.05e-02	9.18e-01	0.00e+00	0.00e+00	0.00e+00
 4.24963e+22	7.79e-25	4.72e-19	1.04e-14	2.09e-11	1.05e-08	2.25e-06	2.07e-03	9.17e-02	9.06e-01	0.00e+00	0.00e+00	0.00e+00
 4.35487e+22	1.10e-24	6.39e-19	1.35e-14	2.58e-11	1.24e-08	2.52e-06	2.22e-03	9.49e-02	9.03e-01	0.00e+00	0.00e+00	0.00e+00
 4.38802e+22	1.35e-24	7.59e-19	1.56e-14	2.92e-11	1.36e-08	2.69e-06	2.31e-03	9.68e-02	9.01e-01	0.00e+00	0.00e+00	0.00e+00
 4.41585e+22	1.75e-24	9.55e-19	1.90e-14	3.42e-11	1.54e-08	2.93e-06	2.44e-03	9.93e-02	8.98e-01	0.00e+00	0.00e+00	0.00e+00
 4.44459e+22	2.20e-24	1.16e-18	2.24e-14	3.93e-11	1.71e-08	3.15e-06	2.56e-03	1.01e-01	8.96e-01	0.00e+00	0.00e+00	0.00e+00
 4.47450e+22	2.92e-24	1.49e-18	2.76e-14	4.66e-11	1.95e-08	3.45e-06	2.71e-03	1.04e-01	8.93e-01	0.00e+00	0.00e+00	0.00e+00
 4.50490e+22	3.77e-24	1.85e-18	3.33e-14	5.44e-11	2.19e-08	3.74e-06	2.85e-03	1.07e-01	8.90e-01	0.00e+00	0.00e+00	0.00e+00
 4.53100e+22	4.72e-24	2.25e-18	3.93e-14	6.24e-11	2.43e-08	4.02e-06	2.98e-03	1.09e-01	8.88e-01	0.00e+00	0.00e+00	0.00e+00
 4.55607e+22	5.96e-24	2.76e-18	4.67e-14	7.19e-11	2.71e-08	4.33e-06	3.13e-03	1.11e-01	8.86e-01	0.00e+00	0.00e+00	0.00e+00
 4.58088e+22	7.54e-24	3.38e-18	5.56e-14	8.29e-11	3.02e-08	4.66e-06	3.27e-03	1.14e-01	8.83e-01	0.00e+00	0.00e+00	0.00e+00
 4.60926e+22	1.02e-23	4.41e-18	6.97e-14	9.98e-11	3.48e-08	5.14e-06	3.48e-03	1.17e-01	8.79e-01	0.00e+00	0.00e+00	0.00e+00
 4.63776e+22	1.31e-23	5.47e-18	8.36e-14	1.16e-10	3.90e-08	5.56e-06	3.65e-03	1.20e-01	8.77e-01	0.00e+00	0.00e+00	0.00e+00
 4.66186e+22	1.65e-23	6.68e-18	9.91e-14	1.33e-10	4.34e-08	5.98e-06	3.82e-03	1.22e-01	8.74e-01	0.00e+00	0.00e+00	0.00e+00
 4.68865e+22	2.28e-23	8.85e-18	1.26e-13	1.62e-10	5.03e-08	6.61e-06	4.07e-03	1.26e-01	8.70e-01	0.00e+00	0.00e+00	0.00e+00
 4.71498e+22	2.84e-23	1.07e-17	1.48e-13	1.85e-10	5.57e-08	7.08e-06	4.25e-03	1.28e-01	8.67e-01	0.00e+00	0.00e+00	0.00e+00
 4.74070e+22	3.92e-23	1.42e-17	1.87e-13	2.25e-10	6.45e-08	7.83e-06	4.52e-03	1.32e-01	8.64e-01	0.00e+00	0.00e+00	0.00e+00
 4.76658e+22	4.94e-23	1.73e-17	2.22e-13	2.58e-10	7.17e-08	8.42e-06	4.72e-03	1.35e-01	8.61e-01	0.00e+00	0.00e+00	0.00e+00
 4.79267e+22	6.91e-23	2.32e-17	2.84e-13	3.17e-10	8.36e-08	9.34e-06	5.04e-03	1.39e-01	8.56e-01	0.00e+00	0.00e+00	0.00e+00
 4.81893e+22	8.80e-23	2.85e-17	3.40e-13	3.66e-10	9.34e-08	1.01e-05	5.28e-03	1.42e-01	8.53e-01	0.00e+00	0.00e+00	0.00e+00
 4.84543e+22	1.23e-22	3.81e-17	4.34e-13	4.48e-10	1.09e-07	1.12e-05	5.62e-03	1.46e-01	8.49e-01	0.00e+00	0.00e+00	0.00e+00
 4.87171e+22	1.58e-22	4.74e-17	5.23e-13	5.21e-10	1.22e-07	1.21e-05	5.90e-03	1.49e-01	8.45e-01	0.00e+00	0.00e+00	0.00e+00
 4.89772e+22	2.21e-22	6.34e-17	6.68e-13	6.37e-10	1.42e-07	1.34e-05	6.29e-03	1.53e-01	8.40e-01	0.00e+00	0.00e+00	0.00e+00
 4.92421e+22	2.88e-22	7.99e-17	8.13e-13	7.49e-10	1.61e-07	1.46e-05	6.62e-03	1.57e-01	8.37e-01	0.00e+00	0.00e+00	0.00e+00
 4.95131e+22	4.10e-22	1.08e-16	1.05e-12	9.26e-10	1.89e-07	1.63e-05	7.08e-03	1.62e-01	8.31e-01	0.00e+00	0.00e+00	0.00e+00
 4.97861e+22	5.39e-22	1.38e-16	1.29e-12	1.09e-09	2.14e-07	1.77e-05	7.46e-03	1.65e-01	8.27e-01	0.00e+00	0.00e+00	0.00e+00
 5.00617e+22	7.73e-22	1.88e-16	1.68e-12	1.36e-09	2.52e-07	1.98e-05	8.00e-03	1.71e-01	8.21e-01	0.00e+00	0.00e+00	0.00e+00
 5.03391e+22	1.02e-21	2.39e-16	2.06e-12	1.60e-09	2.86e-07	2.16e-05	8.43e-03	1.75e-01	8.17e-01	0.00e+00	0.00e+00	0.00e+00
 5.05791e+22	1.34e-21	3.02e-16	2.51e-12	1.89e-09	3.24e-07	2.35e-05	8.88e-03	1.79e-01	8.12e-01	0.00e+00	0.00e+00	0.00e+00
 5.08515e+22	1.91e-21	4.12e-16	3.27e-12	2.34e-09	3.82e-07	2.63e-05	9.52e-03	1.84e-01	8.06e-01	0.00e+00	0.00e+00	0.00e+00
 5.11213e+22	2.45e-21	5.12e-16	3.93e-12	2.72e-09	4.29e-07	2.85e-05	9.99e-03	1.88e-01	8.02e-01	0.00e+00	0.00e+00	0.00e+00
 5.13878e+22	3.42e-21	6.82e-16	5.02e-12	3.33e-09	5.00e-07	3.16e-05	1.07e-02	1.93e-01	7.96e-01	0.00e+00	0.00e+00	0.00e+00
 5.16623e+22	4.47e-21	8.61e-16	6.12e-12	3.92e-09	5.66e-07	3.44e-05	1.12e-02	1.98e-01	7.91e-01	0.00e+00	0.00e+00	0.00e+00
 5.19469e+22	6.30e-21	1.16e-15	7.87e-12	4.82e-09	6.64e-07	3.84e-05	1.20e-02	2.04e-01	7.84e-01	0.00e+00	0.00e+00	0.00e+00
 5.22368e+22	8.25e-21	1.46e-15	9.60e-12	5.68e-09	7.53e-07	4.19e-05	1.27e-02	2.08e-01	7.79e-01	0.00e+00	0.00e+00	0.00e+00
 5.25335e+22	1.17e-20	1.98e-15	1.24e-11	7.00e-09	8.85e-07	4.68e-05	1.36e-02	2.15e-01	7.72e-01	0.00e+00	0.00e+00	0.00e+00
 5.28362e+22	1.52e-20	2.49e-15	1.51e-11	8.24e-09	1.00e-06	5.10e-05	1.43e-02	2.20e-01	7.66e-01	0.00e+00	0.00e+00	0.00e+00
 5.31469e+22	2.15e-20	3.35e-15	1.94e-11	1.01e-08	1.18e-06	5.71e-05	1.53e-02	2.26e-01	7.59e-01	0.00e+00	0.00e+00	0.00e+00
 5.34629e+22	2.80e-20	4.22e-15	2.36e-11	1.19e-08	1.34e-06	6.22e-05	1.62e-02	2.31e-01	7.53e-01	0.00e+00	0.00e+00	0.00e+00
 5.37858e+22	3.93e-20	5.66e-15	3.03e-11	1.47e-08	1.57e-06	6.96e-05	1.73e-02	2.38e-01	7.45e-01	0.00e+00	0.00e+00	0.00e+00
 5.41107e+22	5.07e-20	7.06e-15	3.66e-11	1.72e-08	1.77e-06	7.58e-05	1.83e-02	2.43e-01	7.39e-01	0.00e+00	0.00e+00	0.00e+00
 5.44382e+22	7.04e-20	9.39e-15	4.67e-11	2.10e-08	2.07e-06	8.45e-05	1.95e-02	2.50e-01	7.30e-01	0.00e+00	0.00e+00	0.00e+00
 5.47730e+22	9.06e-20	1.17e-14	5.63e-11	2.45e-08	2.34e-06	9.20e-05	2.06e-02	2.55e-01	7.24e-01	0.00e+00	0.00e+00	0.00e+00
 5.50648e+22	1.15e-19	1.44e-14	6.71e-11	2.84e-08	2.62e-06	9.96e-05	2.16e-02	2.60e-01	7.18e-01	0.00e+00	0.00e+00	0.00e+00
 5.53916e+22	1.56e-19	1.88e-14	8.43e-11	3.43e-08	3.04e-06	1.11e-04	2.30e-02	2.67e-01	7.10e-01	0.00e+00	0.00e+00	0.00e+00
 5.57185e+22	1.95e-19	2.28e-14	9.94e-11	3.93e-08	3.39e-06	1.19e-04	2.41e-02	2.72e-01	7.03e-01	0.00e+00	0.00e+00	0.00e+00
 5.60457e+22	2.62e-19	2.94e-14	1.24e-10	4.71e-08	3.91e-06	1.32e-04	2.56e-02	2.79e-01	6.95e-01	0.00e+00	0.00e+00	0.00e+00
 5.63803e+22	3.28e-19	3.58e-14	1.46e-10	5.42e-08	4.36e-06	1.42e-04	2.69e-02	2.84e-01	6.89e-01	0.00e+00	0.00e+00	0.00e+00
 5.66759e+22	4.10e-19	4.33e-14	1.72e-10	6.22e-08	4.86e-06	1.54e-04	2.82e-02	2.89e-01	6.82e-01	0.00e+00	0.00e+00	0.00e+00
 5.70118e+22	5.47e-19	5.57e-14	2.14e-10	7.44e-08	5.60e-06	1.70e-04	2.99e-02	2.96e-01	6.73e-01	0.00e+00	0.00e+00	0.00e+00
 5.73461e+22	6.69e-19	6.63e-14	2.48e-10	8.44e-08	6.18e-06	1.82e-04	3.12e-02	3.01e-01	6.67e-01	0.00e+00	0.00e+00	0.00e+00
 5.76784e+22	8.80e-19	8.42e-14	3.04e-10	1.00e-07	7.08e-06	2.00e-04	3.31e-02	3.08e-01	6.59e-01	0.00e+00	0.00e+00	0.00e+00
 5.80173e+22	1.08e-18	1.00e-13	3.54e-10	1.14e-07	7.83e-06	2.15e-04	3.46e-02	3.13e-01	6.52e-01	0.00e+00	0.00e+00	0.00e+00
 5.83646e+22	1.42e-18	1.28e-13	4.34e-10	1.35e-07	8.97e-06	2.37e-04	3.66e-02	3.20e-01	6.43e-01	0.00e+00	0.00e+00	0.00e+00
 5.87185e+22	1.75e-18	1.53e-13	5.07e-10	1.53e-07	9.93e-06	2.54e-04	3.83e-02	3.25e-01	6.36e-01	0.00e+00	0.00e+00	0.00e+00
 5.90810e+22	2.30e-18	1.94e-13	6.23e-10	1.82e-07	1.14e-05	2.80e-04	4.06e-02	3.32e-01	6.27e-01	0.00e+00	0.00e+00	0.00e+00
 5.94502e+22	2.83e-18	2.33e-13	7.27e-10	2.08e-07	1.26e-05	3.02e-04	4.24e-02	3.38e-01	6.19e-01	0.00e+00	0.00e+00	0.00e+00
 5.98282e+22	3.73e-18	2.96e-13	8.93e-10	2.47e-07	1.45e-05	3.33e-04	4.50e-02	3.45e-01	6.10e-01	0.00e+00	0.00e+00	0.00e+00
 6.01975e+22	4.48e-18	3.47e-13	1.02e-09	2.77e-07	1.59e-05	3.55e-04	4.68e-02	3.50e-01	6.03e-01	0.00e+00	0.00e+00	0.00e+00
 6.05558e+22	5.81e-18	4.35e-13	1.24e-09	3.26e-07	1.81e-05	3.89e-04	4.94e-02	3.57e-01	5.94e-01	0.00e+00	0.00e+00	0.00e+00
 6.09197e+22	6.98e-18	5.10e-13	1.43e-09	3.66e-07	1.98e-05	4.15e-04	5.14e-02	3.61e-01	5.87e-01	0.00e+00	0.00e+00	0.00e+00
 6.12907e+22	8.98e-18	6.35e-13	1.72e-09	4.28e-07	2.25e-05	4.54e-04	5.42e-02	3.68e-01	5.77e-01	0.00e+00	0.00e+00	0.00e+00
 6.16733e+22	1.10e-17	7.57e-13	2.00e-09	4.87e-07	2.49e-05	4.88e-04	5.66e-02	3.73e-01	5.69e-01	0.00e+00	0.00e+00	0.00e+00
 6.20708e+22	1.41e-17	9.42e-13	2.42e-09	5.70e-07	2.83e-05	5.34e-04	5.97e-02	3.80e-01	5.60e-01	0.00e+00	0.00e+00	0.00e+00
 6.24812e+22	1.75e-17	1.13e-12	2.83e-09	6.51e-07	3.15e-05	5.76e-04	6.24e-02	3.86e-01	5.51e-01	0.00e+00	0.00e+00	0.00e+00
 6.29085e+22	2.27e-17	1.42e-12	3.44e-09	7.67e-07	3.58e-05	6.31e-04	6.59e-02	3.93e-01	5.41e-01	2.27e-17	5.62e-28	5.99e-28
 6.33472e+22	2.82e-17	1.72e-12	4.05e-09	8.80e-07	4.00e-05	6.82e-04	6.90e-02	3.98e-01	5.32e-01	2.82e-17	5.26e-26	6.63e-26
 6.38010e+22	3.68e-17	2.17e-12	4.95e-09	1.04e-06	4.57e-05	7.50e-04	7.29e-02	4.05e-01	5.21e-01	3.68e-17	6.88e-26	8.66e-26
 6.42695e+22	4.62e-17	2.64e-12	5.87e-09	1.20e-06	5.13e-05	8.13e-04	7.64e-02	4.11e-01	5.12e-01	4.62e-17	8.62e-26	1.09e-25
 6.47572e+22	6.10e-17	3.37e-12	7.23e-09	1.43e-06	5.89e-05	8.98e-04	8.09e-02	4.18e-01	5.00e-01	6.10e-17	1.14e-25	1.44e-25
 6.52594e+22	7.72e-17	4.14e-12	8.62e-09	1.66e-06	6.63e-05	9.76e-04	8.50e-02	4.24e-01	4.90e-01	7.72e-17	1.44e-25	1.82e-25
 6.57115e+22	9.63e-17	5.01e-12	1.02e-08	1.90e-06	7.40e-05	1.05e-03	8.89e-02	4.29e-01	4.81e-01	9.63e-17	1.80e-25	2.26e-25
 6.62304e+22	1.30e-16	6.51e-12	1.27e-08	2.30e-06	8.61e-05	1.17e-03	9.45e-02	4.36e-01	4.68e-01	1.30e-16	2.43e-25	3.06e-25
 6.67530e+22	1.62e-16	7.89e-12	1.50e-08	2.64e-06	9.61e-05	1.27e-03	9.87e-02	4.42e-01	4.58e-01	1.62e-16	3.02e-25	3.81e-25
 6.72803e+22	2.17e-16	1.02e-11	1.87e-08	3.17e-06	1.11e-04	1.41e-03	1.05e-01	4.48e-01	4.45e-01	2.17e-16	4.05e-25	5.10e-25
 6.78187e+22	2.75e-16	1.25e-11	2.23e-08	3.68e-06	1.25e-04	1.53e-03	1.10e-01	4.53e-01	4.35e-01	2.75e-16	5.13e-25	6.46e-25
 6.83718e+22	3.70e-16	1.62e-11	2.79e-08	4.44e-06	1.45e-04	1.70e-03	1.16e-01	4.60e-01	4.22e-01	3.70e-16	6.92e-25	8.70e-25
 6.89363e+22	4.74e-16	2.01e-11	3.36e-08	5.19e-06	1.65e-04	1.85e-03	1.22e-01	4.65e-01	4.11e-01	4.74e-16	8.87e-25	1.12e-24
 6.94387e+22	6.04e-16	2.48e-11	4.03e-08	6.05e-06	1.86e-04	2.02e-03	1.28e-01	4.70e-01	4.00e-01	6.04e-16	1.13e-24	1.42e-24
 7.00149e+22	8.27e-16	3.27e-11	5.10e-08	7.38e-06	2.18e-04	2.25e-03	1.36e-01	4.75e-01	3.86e-01	8.27e-16	1.55e-24	1.95e-24
 7.05572e+22	1.01e-15	3.90e-11	5.93e-08	8.37e-06	2.42e-04	2.42e-03	1.42e-01	4.79e-01	3.77e-01	1.01e-15	1.89e-24	2.38e-24
 7.10555e+22	1.33e-15	4.96e-11	7.30e-08	9.99e-06	2.79e-04	2.67e-03	1.50e-01	4.84e-01	3.64e-01	1.33e-15	2.50e-24	3.14e-24
 7.15599e+22	1.64e-15	5.94e-11	8.53e-08	1.14e-05	3.09e-04	2.87e-03	1.56e-01	4.87e-01	3.54e-01	1.64e-15	3.07e-24	3.86e-24
 7.20724e+22	2.16e-15	7.54e-11	1.05e-07	1.36e-05	3.56e-04	3.17e-03	1.64e-01	4.91e-01	3.42e-01	2.16e-15	4.04e-24	5.08e-24
 7.25957e+22	2.70e-15	9.16e-11	1.24e-07	1.56e-05	4.00e-04	3.44e-03	1.71e-01	4.93e-01	3.31e-01	2.70e-15	5.05e-24	6.35e-24
 7.31332e+22	3.60e-15	1.18e-10	1.54e-07	1.88e-05	4.65e-04	3.82e-03	1.81e-01	4.97e-01	3.18e-01	3.60e-15	6.74e-24	8.47e-24
 7.36738e+22	4.47e-15	1.42e-10	1.82e-07	2.16e-05	5.20e-04	4.13e-03	1.89e-01	4.99e-01	3.08e-01	4.47e-15	8.38e-24	1.05e-23
 7.42185e+22	5.96e-15	1.83e-10	2.26e-07	2.61e-05	6.06e-04	4.59e-03	1.99e-01	5.01e-01	2.94e-01	5.96e-15	1.12e-23	1.40e-23
 7.47739e+22	7.47e-15	2.23e-10	2.69e-07	3.02e-05	6.83e-04	5.00e-03	2.08e-01	5.03e-01	2.84e-01	7.47e-15	1.40e-23	1.76e-23
 7.53431e+22	1.00e-14	2.88e-10	3.36e-07	3.66e-05	8.00e-04	5.58e-03	2.20e-01	5.04e-01	2.70e-01	1.00e-14	1.88e-23	2.36e-23
 7.59234e+22	1.26e-14	3.52e-10	4.01e-07	4.27e-05	9.08e-04	6.10e-03	2.30e-01	5.04e-01	2.59e-01	1.26e-14	2.37e-23	2.97e-23
 7.65183e+22	1.70e-14	4.57e-10	5.04e-07	5.20e-05	1.07e-03	6.84e-03	2.44e-01	5.04e-01	2.44e-01	1.70e-14	3.18e-23	4.00e-23
 7.71195e+22	2.13e-14	5.58e-10	6.01e-07	6.07e-05	1.22e-03	7.48e-03	2.55e-01	5.03e-01	2.33e-01	2.13e-14	4.00e-23	5.03e-23
 7.76274e+22	2.62e-14	6.68e-10	7.06e-07	6.99e-05	1.37e-03	8.13e-03	2.65e-01	5.02e-01	2.23e-01	2.62e-14	4.92e-23	6.18e-23
 7.81806e+22	3.39e-14	8.37e-10	8.63e-07	8.34e-05	1.59e-03	9.03e-03	2.78e-01	5.00e-01	2.11e-01	3.39e-14	6.37e-23	8.00e-23
 7.87358e+22	4.13e-14	9.97e-10	1.01e-06	9.58e-05	1.79e-03	9.80e-03	2.89e-01	4.98e-01	2.01e-01	4.13e-14	7.76e-23	9.74e-23
 7.92782e+22	5.21e-14	1.22e-09	1.22e-06	1.13e-04	2.06e-03	1.08e-02	3.03e-01	4.94e-01	1.90e-01	5.21e-14	9.80e-23	1.23e-22
 7.98316e+22	6.33e-14	1.45e-09	1.42e-06	1.30e-04	2.32e-03	1.18e-02	3.15e-01	4.91e-01	1.80e-01	6.33e-14	1.19e-22	1.49e-22
 8.03742e+22	7.80e-14	1.75e-09	1.69e-06	1.52e-04	2.65e-03	1.30e-02	3.29e-01	4.86e-01	1.69e-01	7.80e-14	1.47e-22	1.84e-22
 8.09282e+22	9.42e-14	2.07e-09	1.97e-06	1.75e-04	2.99e-03	1.41e-02	3.41e-01	4.81e-01	1.60e-01	9.42e-14	1.77e-22	2.23e-22
 8.14741e+22	1.14e-13	2.45e-09	2.30e-06	2.02e-04	3.39e-03	1.55e-02	3.55e-01	4.76e-01	1.50e-01	1.14e-13	2.14e-22	2.69e-22
 8.20245e+22	1.36e-13	2.87e-09	2.67e-06	2.32e-04	3.82e-03	1.69e-02	3.68e-01	4.70e-01	1.41e-01	1.36e-13	2.56e-22	3.21e-22
 8.25681e+22	1.60e-13	3.34e-09	3.08e-06	2.65e-04	4.30e-03	1.84e-02	3.81e-01	4.63e-01	1.33e-01	1.60e-13	3.02e-22	3.79e-22
 8.31106e+22	1.88e-13	3.86e-09	3.54e-06	3.02e-04	4.82e-03	2.00e-02	3.94e-01	4.56e-01	1.25e-01	1.88e-13	3.55e-22	4.45e-22
 8.36538e+22	2.19e-13	4.44e-09	4.05e-06	3.43e-04	5.39e-03	2.17e-02	4.07e-01	4.49e-01	1.17e-01	2.19e-13	4.13e-22	5.18e-22
 8.41988e+22	2.53e-13	5.07e-09	4.62e-06	3.89e-04	6.02e-03	2.35e-02	4.20e-01	4.41e-01	1.09e-01	2.53e-13	4.78e-22	5.99e-22
 8.47464e+22	2.90e-13	5.76e-09	5.24e-06	4.40e-04	6.71e-03	2.55e-02	4.33e-01	4.32e-01	1.02e-01	2.90e-13	5.49e-22	6.88e-22
 8.52986e+22	3.31e-13	6.52e-09	5.94e-06	4.96e-04	7.47e-03	2.76e-02	4.46e-01	4.23e-01	9.53e-02	3.31e-13	6.27e-22	7.86e-22
 8.58566e+22	3.76e-13	7.35e-09	6.70e-06	5.59e-04	8.30e-03	2.99e-02	4.58e-01	4.14e-01	8.87e-02	3.76e-13	7.12e-22	8.92e-22
 8.64176e+22	4.23e-13	8.24e-09	7.54e-06	6.28e-04	9.19e-03	3.22e-02	4.71e-01	4.05e-01	8.26e-02	4.23e-13	8.03e-22	1.01e-21
 8.69875e+22	4.75e-13	9.22e-09	8.47e-06	7.06e-04	1.02e-02	3.48e-02	4.83e-01	3.95e-01	7.66e-02	4.75e-13	9.03e-22	1.13e-21
 8.75633e+22	5.31e-13	1.03e-08	9.48e-06	7.90e-04	1.12e-02	3.75e-02	4.95e-01	3.85e-01	7.11e-02	5.31e-13	1.01e-21	1.26e-21
 8.81505e+22	5.91e-13	1.14e-08	1.06e-05	8.86e-04	1.24e-02	4.05e-02	5.06e-01	3.74e-01	6.57e-02	5.91e-13	1.12e-21	1.41e-21
 8.87479e+22	6.55e-13	1.26e-08	1.19e-05	9.91e-04	1.37e-02	4.36e-02	5.18e-01	3.63e-01	6.07e-02	6.55e-13	1.25e-21	1.56e-21
 8.92953e+22	7.12e-13	1.38e-08	1.30e-05	1.09e-03	1.48e-02	4.63e-02	5.27e-01	3.54e-01	5.68e-02	7.12e-13	1.36e-21	1.70e-21
 8.98670e+22	7.85e-13	1.52e-08	1.45e-05	1.22e-03	1.63e-02	4.99e-02	5.38e-01	3.43e-01	5.20e-02	7.85e-13	1.50e-21	1.87e-21
 9.04480e+22	8.52e-13	1.65e-08	1.59e-05	1.34e-03	1.77e-02	5.30e-02	5.46e-01	3.33e-01	4.85e-02	8.52e-13	1.63e-21	2.03e-21
 9.10466e+22	9.40e-13	1.83e-08	1.78e-05	1.50e-03	1.95e-02	5.71e-02	5.56e-01	3.21e-01	4.42e-02	9.40e-13	1.80e-21	2.25e-21
 9.16466e+22	1.01e-12	1.99e-08	1.95e-05	1.64e-03	2.10e-02	6.05e-02	5.64e-01	3.12e-01	4.12e-02	1.01e-12	1.94e-21	2.42e-21
 9.22483e+22	1.11e-12	2.19e-08	2.18e-05	1.84e-03	2.30e-02	6.50e-02	5.73e-01	3.00e-01	3.74e-02	1.11e-12	2.12e-21	2.65e-21
 9.28523e+22	1.19e-12	2.37e-08	2.37e-05	2.01e-03	2.47e-02	6.86e-02	5.79e-01	2.91e-01	3.48e-02	1.19e-12	2.29e-21	2.86e-21
 9.34592e+22	1.30e-12	2.61e-08	2.65e-05	2.25e-03	2.70e-02	7.35e-02	5.87e-01	2.79e-01	3.16e-02	1.30e-12	2.50e-21	3.12e-21
 9.40726e+22	1.40e-12	2.82e-08	2.89e-05	2.46e-03	2.89e-02	7.74e-02	5.92e-01	2.70e-01	2.93e-02	1.40e-12	2.69e-21	3.36e-21
 9.46944e+22	1.53e-12	3.11e-08	3.23e-05	2.75e-03	3.15e-02	8.28e-02	5.99e-01	2.58e-01	2.65e-02	1.53e-12	2.94e-21	3.67e-21
 9.53244e+22	1.64e-12	3.37e-08	3.53e-05	3.00e-03	3.36e-02	8.71e-02	6.03e-01	2.49e-01	2.45e-02	1.64e-12	3.17e-21	3.96e-21
 9.59652e+22	1.79e-12	3.73e-08	3.95e-05	3.35e-03	3.66e-02	9.29e-02	6.08e-01	2.37e-01	2.21e-02	1.79e-12	3.47e-21	4.33e-21
 9.66178e+22	1.94e-12	4.06e-08	4.33e-05	3.67e-03	3.91e-02	9.77e-02	6.11e-01	2.28e-01	2.04e-02	1.94e-12	3.75e-21	4.68e-21
 9.72858e+22	2.12e-12	4.51e-08	4.87e-05	4.12e-03	4.25e-02	1.04e-01	6.15e-01	2.16e-01	1.82e-02	2.12e-12	4.12e-21	5.14e-21
 9.79691e+22	2.31e-12	4.94e-08	5.37e-05	4.52e-03	4.54e-02	1.09e-01	6.17e-01	2.07e-01	1.67e-02	2.31e-12	4.49e-21	5.60e-21
 9.86723e+22	2.55e-12	5.53e-08	6.08e-05	5.08e-03	4.94e-02	1.17e-01	6.18e-01	1.96e-01	1.49e-02	2.55e-12	4.96e-21	6.19e-21
 9.93890e+22	2.80e-12	6.12e-08	6.74e-05	5.59e-03	5.27e-02	1.22e-01	6.19e-01	1.87e-01	1.36e-02	2.80e-12	5.46e-21	6.81e-21
 9.99939e+22	3.02e-12	6.67e-08	7.39e-05	6.08e-03	5.59e-02	1.28e-01	6.19e-01	1.79e-01	1.25e-02	3.02e-12	5.90e-21	7.36e-21
 1.00651e+23	3.34e-12	7.47e-08	8.31e-05	6.78e-03	6.01e-02	1.35e-01	6.18e-01	1.69e-01	1.12e-02	3.34e-12	6.54e-21	8.14e-21
 1.01289e+23	3.61e-12	8.14e-08	9.07e-05	7.32e-03	6.32e-02	1.40e-01	6.17e-01	1.63e-01	1.03e-02	3.61e-12	7.09e-21	8.82e-21
 1.01901e+23	3.95e-12	9.03e-08	1.01e-04	8.08e-03	6.75e-02	1.47e-01	6.15e-01	1.54e-01	9.27e-03	3.95e-12	7.77e-21	9.67e-21
 1.02519e+23	4.32e-12	9.92e-08	1.11e-04	8.74e-03	7.10e-02	1.52e-01	6.12e-01	1.48e-01	8.56e-03	4.32e-12	8.52e-21	1.06e-20
 1.03145e+23	4.77e-12	1.11e-07	1.24e-04	9.66e-03	7.57e-02	1.59e-01	6.09e-01	1.39e-01	7.68e-03	4.77e-12	9.44e-21	1.17e-20
 1.03781e+23	5.25e-12	1.23e-07	1.37e-04	1.05e-02	7.96e-02	1.64e-01	6.05e-01	1.33e-01	7.06e-03	5.25e-12	1.04e-20	1.29e-20
 1.04429e+23	5.85e-12	1.38e-07	1.54e-04	1.16e-02	8.48e-02	1.72e-01	6.00e-01	1.25e-01	6.30e-03	5.85e-12	1.16e-20	1.45e-20
 1.05086e+23	6.51e-12	1.54e-07	1.70e-04	1.26e-02	8.92e-02	1.77e-01	5.96e-01	1.19e-01	5.77e-03	6.51e-12	1.30e-20	1.61e-20
 1.05756e+23	7.30e-12	1.75e-07	1.93e-04	1.39e-02	9.49e-02	1.85e-01	5.89e-01	1.12e-01	5.12e-03	7.30e-12	1.46e-20	1.81e-20
 1.06436e+23	8.15e-12	1.96e-07	2.13e-04	1.51e-02	9.98e-02	1.91e-01	5.83e-01	1.06e-01	4.67e-03	8.15e-12	1.63e-20	2.03e-20
 1.07129e+23	9.31e-12	2.26e-07	2.43e-04	1.68e-02	1.06e-01	1.99e-01	5.75e-01	9.91e-02	4.12e-03	9.31e-12	1.87e-20	2.33e-20
 1.07842e+23	1.05e-11	2.56e-07	2.72e-04	1.83e-02	1.12e-01	2.05e-01	5.67e-01	9.36e-02	3.73e-03	1.05e-11	2.12e-20	2.63e-20
 1.08582e+23	1.22e-11	2.99e-07	3.13e-04	2.04e-02	1.19e-01	2.13e-01	5.57e-01	8.67e-02	3.26e-03	1.22e-11	2.48e-20	3.07e-20
 1.09338e+23	1.40e-11	3.42e-07	3.52e-04	2.23e-02	1.25e-01	2.19e-01	5.48e-01	8.15e-02	2.93e-03	1.40e-11	2.84e-20	3.52e-20
 1.10117e+23	1.65e-11	4.05e-07	4.09e-04	2.50e-02	1.34e-01	2.28e-01	5.36e-01	7.49e-02	2.54e-03	1.65e-11	3.37e-20	4.18e-20
 1.10902e+23	1.91e-11	4.66e-07	4.61e-04	2.73e-02	1.41e-01	2.34e-01	5.26e-01	7.02e-02	2.27e-03	1.91e-11	3.92e-20	4.86e-20
 1.11697e+23	2.27e-11	5.56e-07	5.37e-04	3.06e-02	1.49e-01	2.42e-01	5.12e-01	6.42e-02	1.95e-03	2.27e-11	4.70e-20	5.81e-20
 1.12499e+23	2.66e-11	6.45e-07	6.07e-04	3.34e-02	1.57e-01	2.47e-01	5.00e-01	5.99e-02	1.74e-03	2.66e-11	5.51e-20	6.82e-20
 1.13313e+23	3.21e-11	7.77e-07	7.10e-04	3.74e-02	1.67e-01	2.55e-01	4.85e-01	5.45e-02	1.49e-03	3.21e-11	6.70e-20	8.29e-20
 1.14141e+23	3.80e-11	9.07e-07	8.06e-04	4.08e-02	1.75e-01	2.60e-01	4.72e-01	5.06e-02	1.32e-03	3.80e-11	7.96e-20	9.84e-20
 1.14874e+23	4.45e-11	1.05e-06	9.13e-04	4.46e-02	1.83e-01	2.65e-01	4.59e-01	4.68e-02	1.16e-03	4.45e-11	9.38e-20	1.16e-19
 1.15712e+23	5.50e-11	1.29e-06	1.07e-03	4.98e-02	1.93e-01	2.71e-01	4.42e-01	4.23e-02	9.86e-04	5.50e-11	1.17e-19	1.44e-19
 1.16565e+23	6.52e-11	1.51e-06	1.22e-03	5.43e-02	2.02e-01	2.76e-01	4.27e-01	3.89e-02	8.61e-04	6.52e-11	1.39e-19	1.72e-19
 1.17256e+23	7.61e-11	1.73e-06	1.36e-03	5.85e-02	2.09e-01	2.79e-01	4.15e-01	3.62e-02	7.67e-04	7.61e-11	1.63e-19	2.01e-19
 1.17975e+23	9.16e-11	2.04e-06	1.55e-03	6.39e-02	2.19e-01	2.82e-01	4.00e-01	3.32e-02	6.69e-04	9.16e-11	1.98e-19	2.44e-19
 1.18730e+23	1.08e-10	2.37e-06	1.74e-03	6.90e-02	2.27e-01	2.85e-01	3.86e-01	3.06e-02	5.90e-04	1.08e-10	2.35e-19	2.89e-19
 1.19422e+23	1.27e-10	2.74e-06	1.95e-03	7.43e-02	2.35e-01	2.87e-01	3.73e-01	2.83e-02	5.21e-04	1.27e-10	2.78e-19	3.42e-19
 1.20212e+23	1.57e-10	3.29e-06	2.25e-03	8.15e-02	2.45e-01	2.89e-01	3.56e-01	2.55e-02	4.45e-04	1.57e-10	3.46e-19	4.26e-19
 1.21023e+23	1.88e-10	3.87e-06	2.54e-03	8.81e-02	2.53e-01	2.91e-01	3.41e-01	2.32e-02	3.85e-04	1.88e-10	4.18e-19	5.14e-19
 1.21735e+23	2.24e-10	4.48e-06	2.84e-03	9.47e-02	2.61e-01	2.92e-01	3.28e-01	2.13e-02	3.38e-04	2.24e-10	5.01e-19	6.15e-19
 1.22535e+23	2.79e-10	5.39e-06	3.27e-03	1.03e-01	2.71e-01	2.92e-01	3.11e-01	1.91e-02	2.86e-04	2.79e-10	6.29e-19	7.72e-19
 1.23372e+23	3.39e-10	6.37e-06	3.70e-03	1.12e-01	2.80e-01	2.92e-01	2.96e-01	1.72e-02	2.45e-04	3.39e-10	7.71e-19	9.45e-19
 1.24128e+23	4.08e-10	7.44e-06	4.15e-03	1.20e-01	2.88e-01	2.91e-01	2.82e-01	1.56e-02	2.12e-04	4.08e-10	9.36e-19	1.15e-18
 1.24982e+23	5.18e-10	9.04e-06	4.80e-03	1.31e-01	2.97e-01	2.89e-01	2.64e-01	1.38e-02	1.77e-04	5.18e-10	1.20e-18	1.47e-18
 1.25863e+23	6.38e-10	1.07e-05	5.44e-03	1.41e-01	3.05e-01	2.86e-01	2.49e-01	1.23e-02	1.49e-04	6.38e-10	1.49e-18	1.83e-18
 1.26648e+23	7.77e-10	1.26e-05	6.11e-03	1.51e-01	3.13e-01	2.83e-01	2.36e-01	1.11e-02	1.28e-04	7.77e-10	1.83e-18	2.24e-18
 1.27536e+23	9.97e-10	1.54e-05	7.05e-03	1.64e-01	3.21e-01	2.79e-01	2.19e-01	9.67e-03	1.05e-04	9.97e-10	2.39e-18	2.91e-18
 1.28460e+23	1.25e-09	1.83e-05	8.00e-03	1.76e-01	3.28e-01	2.74e-01	2.04e-01	8.52e-03	8.72e-05	1.25e-09	3.01e-18	3.68e-18
 1.29293e+23	1.54e-09	2.16e-05	9.00e-03	1.89e-01	3.34e-01	2.69e-01	1.91e-01	7.55e-03	7.33e-05	1.54e-09	3.76e-18	4.59e-18
 1.30237e+23	2.01e-09	2.67e-05	1.04e-02	2.05e-01	3.41e-01	2.62e-01	1.75e-01	6.45e-03	5.85e-05	2.01e-09	5.01e-18	6.11e-18
 1.31207e+23	2.53e-09	3.18e-05	1.18e-02	2.19e-01	3.47e-01	2.56e-01	1.62e-01	5.63e-03	4.82e-05	2.53e-09	6.38e-18	7.77e-18
 1.32076e+23	3.16e-09	3.77e-05	1.33e-02	2.33e-01	3.51e-01	2.49e-01	1.49e-01	4.92e-03	3.98e-05	3.16e-09	8.08e-18	9.83e-18
 1.33074e+23	4.21e-09	4.69e-05	1.54e-02	2.52e-01	3.55e-01	2.39e-01	1.34e-01	4.11e-03	3.10e-05	4.21e-09	1.10e-17	1.34e-17
 1.34082e+23	5.31e-09	5.58e-05	1.73e-02	2.67e-01	3.58e-01	2.31e-01	1.23e-01	3.54e-03	2.52e-05	5.31e-09	1.41e-17	1.71e-17
 1.35101e+23	7.09e-09	6.90e-05	2.00e-02	2.87e-01	3.60e-01	2.20e-01	1.10e-01	2.94e-03	1.94e-05	7.09e-09	1.92e-17	2.33e-17
 1.36137e+23	9.00e-09	8.23e-05	2.25e-02	3.04e-01	3.60e-01	2.11e-01	9.98e-02	2.51e-03	1.56e-05	9.00e-09	2.49e-17	3.02e-17
 1.37195e+23	1.22e-08	1.03e-04	2.60e-02	3.25e-01	3.60e-01	1.99e-01	8.79e-02	2.04e-03	1.18e-05	1.22e-08	3.46e-17	4.19e-17
 1.38263e+23	1.55e-08	1.22e-04	2.91e-02	3.42e-01	3.58e-01	1.90e-01	7.92e-02	1.73e-03	9.34e-06	1.55e-08	4.50e-17	5.44e-17
 1.39344e+23	2.10e-08	1.52e-04	3.35e-02	3.64e-01	3.55e-01	1.77e-01	6.90e-02	1.39e-03	6.92e-06	2.10e-08	6.31e-17	7.63e-17
 1.40436e+23	2.68e-08	1.80e-04	3.74e-02	3.81e-01	3.51e-01	1.67e-01	6.17e-02	1.16e-03	5.45e-06	2.68e-08	8.24e-17	9.96e-17
 1.41542e+23	3.65e-08	2.24e-04	4.29e-02	4.03e-01	3.45e-01	1.55e-01	5.31e-02	9.21e-04	3.98e-06	3.65e-08	1.16e-16	1.41e-16
 1.42662e+23	4.66e-08	2.66e-04	4.78e-02	4.20e-01	3.39e-01	1.45e-01	4.70e-02	7.62e-04	3.08e-06	4.66e-08	1.53e-16	1.85e-16
 1.43632e+23	5.87e-08	3.13e-04	5.28e-02	4.36e-01	3.33e-01	1.36e-01	4.18e-02	6.35e-04	2.41e-06	5.87e-08	1.99e-16	2.41e-16
 1.44723e+23	7.94e-08	3.85e-04	5.99e-02	4.56e-01	3.24e-01	1.24e-01	3.56e-02	4.98e-04	1.74e-06	7.94e-08	2.80e-16	3.38e-16
 1.45787e+23	9.81e-08	4.46e-04	6.54e-02	4.69e-01	3.17e-01	1.16e-01	3.17e-02	4.18e-04	1.38e-06	9.81e-08	3.56e-16	4.30e-16
 1.46674e+23	1.21e-07	5.15e-04	7.13e-02	4.82e-01	3.09e-01	1.08e-01	2.82e-02	3.50e-04	1.09e-06	1.21e-07	4.53e-16	5.47e-16
 1.47685e+23	1.58e-07	6.17e-04	7.93e-02	4.98e-01	2.99e-01	9.88e-02	2.42e-02	2.78e-04	8.04e-07	1.58e-07	6.14e-16	7.40e-16
 1.48697e+23	1.95e-07	7.12e-04	8.62e-02	5.10e-01	2.90e-01	9.17e-02	2.14e-02	2.31e-04	6.29e-07	1.95e-07	7.78e-16	9.38e-16
 1.49710e+23	2.54e-07	8.49e-04	9.54e-02	5.23e-01	2.79e-01	8.32e-02	1.83e-02	1.83e-04	4.61e-07	2.54e-07	1.05e-15	1.26e-15
 1.50741e+23	3.15e-07	9.81e-04	1.04e-01	5.33e-01	2.69e-01	7.66e-02	1.60e-02	1.50e-04	3.55e-07	3.15e-07	1.34e-15	1.61e-15
 1.51797e+23	4.11e-07	1.17e-03	1.14e-01	5.45e-01	2.57e-01	6.88e-02	1.35e-02	1.17e-04	2.56e-07	4.11e-07	1.81e-15	2.18e-15
 1.52861e+23	5.10e-07	1.35e-03	1.24e-01	5.53e-01	2.47e-01	6.29e-02	1.18e-02	9.49e-05	1.95e-07	5.10e-07	2.31e-15	2.77e-15
 1.53936e+23	6.66e-07	1.61e-03	1.36e-01	5.62e-01	2.34e-01	5.61e-02	9.84e-03	7.31e-05	1.38e-07	6.66e-07	3.12e-15	3.75e-15
 1.55024e+23	8.25e-07	1.86e-03	1.47e-01	5.68e-01	2.24e-01	5.09e-02	8.49e-03	5.89e-05	0.00e+00	8.25e-07	3.98e-15	4.78e-15
 1.55895e+23	9.83e-07	2.09e-03	1.57e-01	5.72e-01	2.15e-01	4.70e-02	7.51e-03	4.92e-05	0.00e+00	9.83e-07	4.85e-15	5.81e-15
 1.56793e+23	1.22e-06	2.40e-03	1.69e-01	5.76e-01	2.04e-01	4.25e-02	6.45e-03	3.94e-05	0.00e+00	1.22e-06	6.18e-15	7.40e-15
 1.57713e+23	1.45e-06	2.69e-03	1.79e-01	5.78e-01	1.96e-01	3.89e-02	5.67e-03	3.26e-05	0.00e+00	1.45e-06	7.56e-15	9.05e-15
 1.58531e+23	1.73e-06	3.01e-03	1.90e-01	5.79e-01	1.87e-01	3.57e-02	4.99e-03	2.71e-05	0.00e+00	1.73e-06	9.20e-15	1.10e-14
 1.59466e+23	2.14e-06	3.47e-03	2.04e-01	5.80e-01	1.77e-01	3.19e-02	4.24e-03	2.14e-05	0.00e+00	2.14e-06	1.18e-14	1.41e-14
 1.60413e+23	2.56e-06	3.89e-03	2.16e-01	5.79e-01	1.68e-01	2.90e-02	3.69e-03	1.75e-05	0.00e+00	2.56e-06	1.44e-14	1.72e-14
 1.61242e+23	3.03e-06	4.34e-03	2.28e-01	5.78e-01	1.60e-01	2.65e-02	3.23e-03	1.44e-05	0.00e+00	3.03e-06	1.75e-14	2.09e-14
 1.62188e+23	3.75e-06	4.98e-03	2.44e-01	5.75e-01	1.50e-01	2.35e-02	2.72e-03	1.13e-05	0.00e+00	3.75e-06	2.24e-14	2.67e-14
 1.63151e+23	4.46e-06	5.56e-03	2.58e-01	5.71e-01	1.42e-01	2.12e-02	2.35e-03	9.17e-06	0.00e+00	4.46e-06	2.73e-14	3.26e-14
 1.64003e+23	5.29e-06	6.20e-03	2.72e-01	5.67e-01	1.34e-01	1.92e-02	2.04e-03	7.47e-06	0.00e+00	5.29e-06	3.33e-14	3.96e-14
 1.64980e+23	6.53e-06	7.10e-03	2.90e-01	5.60e-01	1.25e-01	1.69e-02	1.70e-03	5.76e-06	0.00e+00	6.53e-06	4.26e-14	5.06e-14
 1.65972e+23	7.76e-06	7.91e-03	3.05e-01	5.53e-01	1.17e-01	1.51e-02	1.46e-03	4.62e-06	0.00e+00	7.76e-06	5.20e-14	6.18e-14
 1.66983e+23	9.61e-06	9.07e-03	3.24e-01	5.44e-01	1.08e-01	1.32e-02	1.21e-03	3.51e-06	0.00e+00	9.61e-06	6.70e-14	7.95e-14
 1.68005e+23	1.14e-05	1.01e-02	3.41e-01	5.35e-01	1.01e-01	1.17e-02	1.03e-03	2.79e-06	0.00e+00	1.14e-05	8.21e-14	9.74e-14
 1.68903e+23	1.36e-05	1.13e-02	3.57e-01	5.26e-01	9.43e-02	1.04e-02	8.75e-04	2.22e-06	0.00e+00	1.36e-05	1.00e-13	1.19e-13
 1.69935e+23	1.68e-05	1.29e-02	3.79e-01	5.12e-01	8.62e-02	8.98e-03	7.14e-04	1.67e-06	0.00e+00	1.68e-05	1.30e-13	1.54e-13
 1.70981e+23	2.00e-05	1.44e-02	3.96e-01	5.01e-01	7.99e-02	7.93e-03	6.03e-04	1.31e-06	0.00e+00	2.00e-05	1.59e-13	1.88e-13
 1.72048e+23	2.48e-05	1.65e-02	4.18e-01	4.85e-01	7.26e-02	6.77e-03	4.87e-04	9.67e-07	0.00e+00	2.48e-05	2.06e-13	2.44e-13
 1.73135e+23	2.96e-05	1.84e-02	4.37e-01	4.71e-01	6.67e-02	5.90e-03	4.05e-04	7.45e-07	0.00e+00	2.96e-05	2.56e-13	3.01e-13
 1.74249e+23	3.69e-05	2.12e-02	4.61e-01	4.53e-01	5.99e-02	4.97e-03	3.22e-04	5.39e-07	0.00e+00	3.69e-05	3.34e-13	3.93e-13
 1.75037e+23	3.89e-05	2.18e-02	4.68e-01	4.47e-01	5.80e-02	4.73e-03	3.01e-04	4.91e-07	0.00e+00	3.89e-05	3.57e-13	4.20e-13
 1.75308e+23	4.05e-05	2.24e-02	4.72e-01	4.44e-01	5.69e-02	4.58e-03	2.89e-04	4.63e-07	0.00e+00	4.05e-05	3.74e-13	4.40e-13
 1.75570e+23	4.28e-05	2.32e-02	4.78e-01	4.39e-01	5.52e-02	4.37e-03	2.72e-04	4.24e-07	0.00e+00	4.28e-05	4.01e-13	4.71e-13
 1.75910e+23	4.55e-05	2.41e-02	4.84e-01	4.33e-01	5.36e-02	4.16e-03	2.55e-04	3.88e-07	0.00e+00	4.55e-05	4.32e-13	5.07e-13
 1.76351e+23	4.95e-05	2.54e-02	4.94e-01	4.26e-01	5.12e-02	3.88e-03	2.32e-04	3.40e-07	0.00e+00	4.95e-05	4.80e-13	5.63e-13
 1.76926e+23	5.54e-05	2.72e-02	5.06e-01	4.15e-01	4.82e-02	3.53e-03	2.05e-04	2.86e-07	0.00e+00	5.54e-05	5.50e-13	6.44e-13
 1.77673e+23	6.44e-05	2.99e-02	5.22e-01	4.01e-01	4.44e-02	3.10e-03	1.73e-04	2.25e-07	0.00e+00	6.44e-05	6.63e-13	7.74e-13
 1.78457e+23	7.24e-05	3.21e-02	5.35e-01	3.89e-01	4.14e-02	2.79e-03	1.51e-04	1.85e-07	0.00e+00	7.24e-05	7.68e-13	8.95e-13
 1.79289e+23	8.43e-05	3.53e-02	5.51e-01	3.73e-01	3.79e-02	2.43e-03	1.26e-04	1.44e-07	0.00e+00	8.43e-05	9.30e-13	1.08e-12
 1.80153e+23	9.62e-05	3.82e-02	5.65e-01	3.59e-01	3.49e-02	2.14e-03	1.07e-04	0.00e+00	0.00e+00	9.62e-05	1.10e-12	1.27e-12
 1.80932e+23	1.09e-04	4.13e-02	5.79e-01	3.46e-01	3.22e-02	1.90e-03	9.15e-05	0.00e+00	0.00e+00	1.09e-04	1.29e-12	1.49e-12
 1.81816e+23	1.28e-04	4.56e-02	5.95e-01	3.28e-01	2.90e-02	1.62e-03	7.46e-05	0.00e+00	0.00e+00	1.28e-04	1.59e-12	1.82e-12
 1.82708e+23	1.45e-04	4.91e-02	6.08e-01	3.15e-01	2.66e-02	1.43e-03	6.35e-05	0.00e+00	0.00e+00	1.45e-04	1.86e-12	2.12e-12
 1.83609e+23	1.69e-04	5.39e-02	6.23e-01	2.98e-01	2.40e-02	1.22e-03	5.18e-05	0.00e+00	0.00e+00	1.69e-04	2.27e-12	2.58e-12
 1.84538e+23	1.93e-04	5.83e-02	6.35e-01	2.83e-01	2.17e-02	1.06e-03	4.33e-05	0.00e+00	0.00e+00	1.93e-04	2.69e-12	3.04e-12
 1.85503e+23	2.28e-04	6.44e-02	6.50e-01	2.65e-01	1.93e-02	8.84e-04	3.45e-05	0.00e+00	0.00e+00	2.28e-04	3.35e-12	3.75e-12
 1.86471e+23	2.58e-04	6.93e-02	6.61e-01	2.51e-01	1.74e-02	7.64e-04	2.86e-05	0.00e+00	0.00e+00	2.58e-04	3.97e-12	4.41e-12
 1.87445e+23	3.03e-04	7.63e-02	6.74e-01	2.34e-01	1.53e-02	6.36e-04	2.27e-05	0.00e+00	0.00e+00	3.03e-04	4.93e-12	5.42e-12
 1.88446e+23	3.45e-04	8.23e-02	6.84e-01	2.19e-01	1.37e-02	5.41e-04	1.86e-05	0.00e+00	0.00e+00	3.45e-04	5.89e-12	6.41e-12
 1.89482e+23	4.08e-04	9.10e-02	6.95e-01	2.02e-01	1.19e-02	4.41e-04	1.44e-05	0.00e+00	0.00e+00	4.08e-04	7.42e-12	7.97e-12
 1.90530e+23	4.65e-04	9.79e-02	7.03e-01	1.88e-01	1.06e-02	3.72e-04	1.17e-05	0.00e+00	0.00e+00	4.65e-04	8.89e-12	9.44e-12
 1.91593e+23	5.47e-04	1.08e-01	7.11e-01	1.71e-01	9.12e-03	3.01e-04	8.99e-06	0.00e+00	0.00e+00	5.47e-04	1.12e-11	1.17e-11
 1.92690e+23	6.26e-04	1.16e-01	7.17e-01	1.58e-01	7.97e-03	2.50e-04	7.12e-06	0.00e+00	0.00e+00	6.26e-04	1.36e-11	1.40e-11
 1.93828e+23	7.46e-04	1.29e-01	7.22e-01	1.42e-01	6.74e-03	1.96e-04	5.32e-06	0.00e+00	0.00e+00	7.46e-04	1.75e-11	1.76e-11
 1.94967e+23	8.47e-04	1.38e-01	7.25e-01	1.30e-01	5.88e-03	1.62e-04	4.20e-06	0.00e+00	0.00e+00	8.47e-04	2.10e-11	2.08e-11
 1.96107e+23	1.01e-03	1.53e-01	7.26e-01	1.15e-01	4.94e-03	1.26e-04	3.12e-06	0.00e+00	0.00e+00	1.01e-03	2.69e-11	2.61e-11
 1.97262e+23	1.14e-03	1.64e-01	7.26e-01	1.04e-01	4.27e-03	1.03e-04	2.44e-06	0.00e+00	0.00e+00	1.14e-03	3.25e-11	3.09e-11
 1.98437e+23	1.36e-03	1.81e-01	7.23e-01	9.15e-02	3.54e-03	7.91e-05	1.78e-06	0.00e+00	0.00e+00	1.36e-03	4.20e-11	3.89e-11
 1.99625e+23	1.55e-03	1.94e-01	7.20e-01	8.20e-02	3.03e-03	6.36e-05	1.37e-06	0.00e+00	0.00e+00	1.55e-03	5.10e-11	4.63e-11
 2.00831e+23	1.84e-03	2.14e-01	7.11e-01	7.07e-02	2.49e-03	4.79e-05	9.84e-07	0.00e+00	0.00e+00	1.84e-03	6.63e-11	5.85e-11
 2.02053e+23	2.11e-03	2.30e-01	7.03e-01	6.24e-02	2.10e-03	3.78e-05	7.47e-07	0.00e+00	0.00e+00	2.11e-03	8.11e-11	6.99e-11
 2.03294e+23	2.53e-03	2.54e-01	6.89e-01	5.28e-02	1.70e-03	2.78e-05	5.27e-07	0.00e+00	0.00e+00	2.53e-03	1.06e-10	8.90e-11
 2.04549e+23	2.90e-03	2.74e-01	6.76e-01	4.58e-02	1.43e-03	2.15e-05	3.94e-07	0.00e+00	0.00e+00	2.90e-03	1.31e-10	1.07e-10
 2.05822e+23	3.50e-03	3.03e-01	6.54e-01	3.78e-02	1.14e-03	1.54e-05	2.72e-07	0.00e+00	0.00e+00	3.50e-03	1.73e-10	1.37e-10
 2.07108e+23	4.05e-03	3.27e-01	6.36e-01	3.21e-02	9.43e-04	1.16e-05	2.00e-07	0.00e+00	0.00e+00	4.05e-03	2.15e-10	1.67e-10
 2.08412e+23	4.96e-03	3.63e-01	6.05e-01	2.56e-02	7.38e-04	7.94e-06	1.33e-07	0.00e+00	0.00e+00	4.96e-03	2.88e-10	2.17e-10
 2.09721e+23	5.75e-03	3.92e-01	5.80e-01	2.12e-02	6.06e-04	5.85e-06	0.00e+00	0.00e+00	0.00e+00	5.75e-03	3.58e-10	2.65e-10
 2.11036e+23	7.09e-03	4.35e-01	5.41e-01	1.64e-02	4.68e-04	3.85e-06	0.00e+00	0.00e+00	0.00e+00	7.09e-03	4.82e-10	3.48e-10
 2.12373e+23	8.35e-03	4.70e-01	5.08e-01	1.30e-02	3.77e-04	2.70e-06	0.00e+00	0.00e+00	0.00e+00	8.35e-03	6.07e-10	4.30e-10
 2.13738e+23	1.04e-02	5.21e-01	4.59e-01	9.47e-03	2.83e-04	1.65e-06	0.00e+00	0.00e+00	0.00e+00	1.04e-02	8.28e-10	5.75e-10
 2.15125e+23	1.25e-02	5.62e-01	4.18e-01	7.13e-03	2.22e-04	1.09e-06	0.00e+00	0.00e+00	0.00e+00	1.25e-02	1.06e-09	7.24e-10
 2.16186e+23	1.45e-02	5.95e-01	3.84e-01	5.64e-03	1.83e-04	7.70e-07	0.00e+00	0.00e+00	0.00e+00	1.45e-02	1.28e-09	8.67e-10
 2.17071e+23	1.65e-02	6.26e-01	3.53e-01	4.49e-03	1.53e-04	5.53e-07	0.00e+00	0.00e+00	0.00e+00	1.65e-02	1.53e-09	1.03e-09
 2.18084e+23	1.98e-02	6.66e-01	3.11e-01	3.27e-03	1.20e-04	3.51e-07	0.00e+00	0.00e+00	0.00e+00	1.98e-02	1.94e-09	1.29e-09
 2.19148e+23	2.34e-02	7.01e-01	2.73e-01	2.39e-03	9.47e-05	2.26e-07	0.00e+00	0.00e+00	0.00e+00	2.34e-02	2.41e-09	1.59e-09
 2.20125e+23	2.77e-02	7.35e-01	2.36e-01	1.72e-03	7.43e-05	1.42e-07	0.00e+00	0.00e+00	0.00e+00	2.77e-02	3.00e-09	1.96e-09
 2.21244e+23	3.46e-02	7.73e-01	1.92e-01	1.10e-03	5.36e-05	0.00e+00	0.00e+00	0.00e+00	0.00e+00	3.46e-02	3.97e-09	2.57e-09
 2.22385e+23	4.29e-02	8.03e-01	1.54e-01	7.03e-04	3.88e-05	0.00e+00	0.00e+00	0.00e+00	0.00e+00	4.29e-02	5.17e-09	3.33e-09
 2.23314e+23	5.20e-02	8.23e-01	1.24e-01	4.68e-04	2.90e-05	0.00e+00	0.00e+00	0.00e+00	0.00e+00	5.20e-02	6.52e-09	4.17e-09
 2.24129e+23	6.29e-02	8.37e-01	9.94e-02	3.11e-04	2.14e-05	0.00e+00	0.00e+00	0.00e+00	0.00e+00	6.29e-02	8.16e-09	5.21e-09
 2.24896e+23	7.61e-02	8.45e-01	7.82e-02	2.06e-04	1.57e-05	0.00e+00	0.00e+00	0.00e+00	0.00e+00	7.61e-02	1.02e-08	6.48e-09
 2.25614e+23	9.25e-02	8.47e-01	6.04e-02	1.36e-04	1.12e-05	0.00e+00	0.00e+00	0.00e+00	0.00e+00	9.25e-02	1.27e-08	8.06e-09
 2.26270e+23	1.12e-01	8.42e-01	4.63e-02	9.05e-05	7.98e-06	0.00e+00	0.00e+00	0.00e+00	0.00e+00	1.12e-01	1.58e-08	9.95e-09
 2.26855e+23	1.35e-01	8.30e-01	3.52e-02	6.15e-05	5.64e-06	0.00e+00	0.00e+00	0.00e+00	0.00e+00	1.35e-01	1.93e-08	1.21e-08
 2.27376e+23	1.61e-01	8.12e-01	2.69e-02	4.30e-05	4.00e-06	0.00e+00	0.00e+00	0.00e+00	0.00e+00	1.61e-01	2.31e-08	1.45e-08
 2.27844e+23	1.90e-01	7.90e-01	2.05e-02	3.09e-05	2.85e-06	0.00e+00	0.00e+00	0.00e+00	0.00e+00	1.90e-01	2.74e-08	1.71e-08
 2.28277e+23	2.22e-01	7.62e-01	1.56e-02	2.25e-05	2.00e-06	0.00e+00	0.00e+00	0.00e+00	0.00e+00	2.22e-01	3.19e-08	2.00e-08
 2.28676e+23	2.58e-01	7.30e-01	1.19e-02	1.67e-05	1.41e-06	0.00e+00	0.00e+00	0.00e+00	0.00e+00	2.58e-01	3.67e-08	2.29e-08
 2.29037e+23	2.96e-01	6.95e-01	9.12e-03	1.27e-05	1.00e-06	0.00e+00	0.00e+00	0.00e+00	0.00e+00	2.96e-01	4.14e-08	2.58e-08
 2.29370e+23	3.36e-01	6.57e-01	7.03e-03	9.88e-06	7.17e-07	0.00e+00	0.00e+00	0.00e+00	0.00e+00	3.36e-01	4.58e-08	2.85e-08
 2.29671e+23	3.74e-01	6.20e-01	5.50e-03	7.88e-06	5.24e-07	0.00e+00	0.00e+00	0.00e+00	0.00e+00	3.74e-01	4.98e-08	3.09e-08
 2.29875e+23	4.02e-01	5.93e-01	4.67e-03	6.79e-06	4.25e-07	0.00e+00	0.00e+00	0.00e+00	0.00e+00	4.02e-01	5.21e-08	3.24e-08
 2.29986e+23	4.17e-01	5.79e-01	4.25e-03	6.26e-06	3.78e-07	0.00e+00	0.00e+00	0.00e+00	0.00e+00	4.17e-01	5.34e-08	3.31e-08
 2.30091e+23	4.32e-01	5.64e-01	3.88e-03	5.78e-06	3.36e-07	0.00e+00	0.00e+00	0.00e+00	0.00e+00	4.32e-01	5.46e-08	3.39e-08
 2.30223e+23	4.52e-01	5.45e-01	3.44e-03	5.22e-06	2.88e-07	0.00e+00	0.00e+00	0.00e+00	0.00e+00	4.52e-01	5.61e-08	3.48e-08
 2.30374e+23	4.74e-01	5.23e-01	3.01e-03	4.66e-06	2.43e-07	0.00e+00	0.00e+00	0.00e+00	0.00e+00	4.74e-01	5.76e-08	3.57e-08
 2.30522e+23	4.95e-01	5.02e-01	2.64e-03	4.19e-06	2.06e-07	0.00e+00	0.00e+00	0.00e+00	0.00e+00	4.95e-01	5.89e-08	3.65e-08
 2.30675e+23	5.18e-01	4.80e-01	2.30e-03	3.74e-06	1.73e-07	0.00e+00	0.00e+00	0.00e+00	0.00e+00	5.18e-01	6.00e-08	3.72e-08
 2.30837e+23	5.41e-01	4.57e-01	1.98e-03	3.32e-06	1.44e-07	0.00e+00	0.00e+00	0.00e+00	0.00e+00	5.41e-01	6.11e-08	3.78e-08
 2.31001e+23	5.65e-01	4.34e-01	1.71e-03	2.96e-06	0.00e+00	0.00e+00	0.00e+00	0.00e+00	0.00e+00	5.65e-01	6.19e-08	3.83e-08
 2.31161e+23	5.87e-01	4.12e-01	1.48e-03	2.65e-06	0.00e+00	0.00e+00	0.00e+00	0.00e+00	0.00e+00	5.87e-01	6.25e-08	3.86e-08
 2.31283e+23	6.02e-01	3.97e-01	1.34e-03	2.46e-06	0.00e+00	0.00e+00	0.00e+00	0.00e+00	0.00e+00	6.02e-01	6.28e-08	3.87e-08
 2.31366e+23	6.12e-01	3.86e-01	1.24e-03	2.33e-06	0.00e+00	0.00e+00	0.00e+00	0.00e+00	0.00e+00	6.12e-01	6.29e-08	3.88e-08
 2.31446e+23	6.23e-01	3.76e-01	1.16e-03	2.21e-06	0.00e+00	0.00e+00	0.00e+00	0.00e+00	0.00e+00	6.23e-01	6.30e-08	3.89e-08
 2.31541e+23	6.34e-01	3.65e-01	1.06e-03	2.08e-06	0.00e+00	0.00e+00	0.00e+00	0.00e+00	0.00e+00	6.34e-01	6.31e-08	3.89e-08
 2.31645e+23	6.47e-01	3.52e-01	9.71e-04	1.95e-06	0.00e+00	0.00e+00	0.00e+00	0.00e+00	0.00e+00	6.47e-01	6.31e-08	3.89e-08
 2.31747e+23	6.58e-01	3.41e-01	8.91e-04	1.83e-06	0.00e+00	0.00e+00	0.00e+00	0.00e+00	0.00e+00	6.58e-01	6.31e-08	3.89e-08
 2.31849e+23	6.69e-01	3.30e-01	8.16e-04	1.72e-06	0.00e+00	0.00e+00	0.00e+00	0.00e+00	0.00e+00	6.69e-01	6.30e-08	3.88e-08
 2.31953e+23	6.81e-01	3.18e-01	7.47e-04	1.62e-06	0.00e+00	0.00e+00	0.00e+00	0.00e+00	0.00e+00	6.81e-01	6.29e-08	3.87e-08
 2.32058e+23	6.91e-01	3.08e-01	6.85e-04	1.53e-06	0.00e+00	0.00e+00	0.00e+00	0.00e+00	0.00e+00	6.91e-01	6.27e-08	3.86e-08
 2.32164e+23	7.02e-01	2.97e-01	6.27e-04	1.44e-06	0.00e+00	0.00e+00	0.00e+00	0.00e+00	0.00e+00	7.02e-01	6.25e-08	3.84e-08
 2.32275e+23	7.12e-01	2.87e-01	5.72e-04	1.35e-06	0.00e+00	0.00e+00	0.00e+00	0.00e+00	0.00e+00	7.12e-01	6.23e-08	3.83e-08
 2.32389e+23	7.23e-01	2.77e-01	5.22e-04	1.27e-06	0.00e+00	0.00e+00	0.00e+00	0.00e+00	0.00e+00	7.23e-01	6.20e-08	3.81e-08
 2.32506e+23	7.33e-01	2.67e-01	4.76e-04	1.20e-06	0.00e+00	0.00e+00	0.00e+00	0.00e+00	0.00e+00	7.33e-01	6.17e-08	3.78e-08
 2.32624e+23	7.42e-01	2.57e-01	4.34e-04	1.13e-06	0.00e+00	0.00e+00	0.00e+00	0.00e+00	0.00e+00	7.42e-01	6.13e-08	3.76e-08
 2.32744e+23	7.52e-01	2.48e-01	3.95e-04	1.06e-06	0.00e+00	0.00e+00	0.00e+00	0.00e+00	0.00e+00	7.52e-01	6.10e-08	3.74e-08
 2.32870e+23	7.61e-01	2.39e-01	3.59e-04	1.00e-06	0.00e+00	0.00e+00	0.00e+00	0.00e+00	0.00e+00	7.61e-01	6.05e-08	3.71e-08
 2.33000e+23	7.70e-01	2.30e-01	3.26e-04	9.42e-07	0.00e+00	0.00e+00	0.00e+00	0.00e+00	0.00e+00	7.70e-01	6.01e-08	3.68e-08
 2.33132e+23	7.79e-01	2.21e-01	2.96e-04	8.88e-07	0.00e+00	0.00e+00	0.00e+00	0.00e+00	0.00e+00	7.79e-01	5.97e-08	3.65e-08
 2.33267e+23	7.87e-01	2.13e-01	2.69e-04	8.36e-07	0.00e+00	0.00e+00	0.00e+00	0.00e+00	0.00e+00	7.87e-01	5.92e-08	3.62e-08
 2.33408e+23	7.96e-01	2.04e-01	2.44e-04	7.87e-07	0.00e+00	0.00e+00	0.00e+00	0.00e+00	0.00e+00	7.96e-01	5.87e-08	3.59e-08
 2.33552e+23	8.04e-01	1.96e-01	2.21e-04	7.41e-07	0.00e+00	0.00e+00	0.00e+00	0.00e+00	0.00e+00	8.04e-01	5.83e-08	3.56e-08
 2.33701e+23	8.11e-01	1.89e-01	2.00e-04	6.98e-07	0.00e+00	0.00e+00	0.00e+00	0.00e+00	0.00e+00	8.11e-01	5.78e-08	3.53e-08
 2.33856e+23	8.19e-01	1.81e-01	1.81e-04	6.57e-07	0.00e+00	0.00e+00	0.00e+00	0.00e+00	0.00e+00	8.19e-01	5.73e-08	3.49e-08
 2.34015e+23	8.26e-01	1.74e-01	1.64e-04	6.18e-07	0.00e+00	0.00e+00	0.00e+00	0.00e+00	0.00e+00	8.26e-01	5.68e-08	3.46e-08
 2.34179e+23	8.33e-01	1.66e-01	1.48e-04	5.81e-07	0.00e+00	0.00e+00	0.00e+00	0.00e+00	0.00e+00	8.33e-01	5.63e-08	3.43e-08
 2.34346e+23	8.40e-01	1.60e-01	1.34e-04	5.48e-07	0.00e+00	0.00e+00	0.00e+00	0.00e+00	0.00e+00	8.40e-01	5.58e-08	3.40e-08
 2.34520e+23	8.47e-01	1.53e-01	1.22e-04	5.16e-07	0.00e+00	0.00e+00	0.00e+00	0.00e+00	0.00e+00	8.47e-01	5.54e-08	3.37e-08
 2.34702e+23	8.53e-01	1.47e-01	1.10e-04	4.86e-07	0.00e+00	0.00e+00	0.00e+00	0.00e+00	0.00e+00	8.53e-01	5.49e-08	3.33e-08
 2.34888e+23	8.59e-01	1.41e-01	1.00e-04	4.57e-07	0.00e+00	0.00e+00	0.00e+00	0.00e+00	0.00e+00	8.59e-01	5.43e-08	3.28e-08
 2.35076e+23	8.65e-01	1.35e-01	9.16e-05	4.32e-07	0.00e+00	0.00e+00	0.00e+00	0.00e+00	0.00e+00	8.65e-01	5.39e-08	3.24e-08
 2.35268e+23	8.70e-01	1.30e-01	8.37e-05	4.07e-07	0.00e+00	0.00e+00	0.00e+00	0.00e+00	0.00e+00	8.70e-01	5.34e-08	3.20e-08
 2.35470e+23	8.75e-01	1.25e-01	7.67e-05	3.84e-07	0.00e+00	0.00e+00	0.00e+00	0.00e+00	0.00e+00	8.75e-01	5.29e-08	3.16e-08
 2.35678e+23	8.80e-01	1.20e-01	7.04e-05	3.62e-07	0.00e+00	0.00e+00	0.00e+00	0.00e+00	0.00e+00	8.80e-01	5.24e-08	3.12e-08
 2.35885e+23	8.85e-01	1.15e-01	6.51e-05	3.43e-07	0.00e+00	0.00e+00	0.00e+00	0.00e+00	0.00e+00	8.85e-01	5.20e-08	3.08e-08
 2.36097e+23	8.89e-01	1.11e-01	6.04e-05	3.25e-07	0.00e+00	0.00e+00	0.00e+00	0.00e+00	0.00e+00	8.89e-01	5.16e-08	3.04e-08
 2.36318e+23	8.94e-01	1.06e-01	5.61e-05	3.07e-07	0.00e+00	0.00e+00	0.00e+00	0.00e+00	0.00e+00	8.94e-01	5.13e-08	3.01e-08
 2.36548e+23	8.98e-01	1.02e-01	5.23e-05	2.91e-07	0.00e+00	0.00e+00	0.00e+00	0.00e+00	0.00e+00	8.98e-01	5.10e-08	2.97e-08
 2.36783e+23	9.01e-01	9.87e-02	4.90e-05	2.76e-07	0.00e+00	0.00e+00	0.00e+00	0.00e+00	0.00e+00	9.01e-01	5.07e-08	2.94e-08
 2.37025e+23	9.05e-01	9.51e-02	4.61e-05	2.62e-07	0.00e+00	0.00e+00	0.00e+00	0.00e+00	0.00e+00	9.05e-01	5.04e-08	2.91e-08
 2.37279e+23	9.08e-01	9.15e-02	4.34e-05	2.48e-07	0.00e+00	0.00e+00	0.00e+00	0.00e+00	0.00e+00	9.08e-01	5.02e-08	2.88e-08
 2.37544e+23	9.12e-01	8.81e-02	4.10e-05	2.35e-07	0.00e+00	0.00e+00	0.00e+00	0.00e+00	0.00e+00	9.12e-01	5.00e-08	2.86e-08
