#depth	Ne	Ne+	Ne+2	Ne+3	Ne+4	Ne+5	Ne+6	Ne+7	Ne+8	Ne+9	Ne+10
 4.62852e+21	0.00e+00	0.00e+00	0.00e+00	0.00e+00	4.91e-27	7.69e-22	4.62e-17	1.64e-12	1.79e-07	8.48e-04	9.99e-01
 1.05236e+22	0.00e+00	0.00e+00	0.00e+00	9.17e-32	4.17e-26	4.56e-21	1.95e-16	4.84e-12	3.67e-07	1.22e-03	9.99e-01
 1.26314e+22	0.00e+00	0.00e+00	0.00e+00	4.80e-31	1.72e-25	1.49e-20	5.03e-16	9.86e-12	5.90e-07	1.54e-03	9.98e-01
 1.41457e+22	0.00e+00	0.00e+00	0.00e+00	1.79e-30	5.34e-25	3.82e-20	1.07e-15	1.74e-11	8.61e-07	1.86e-03	9.98e-01
 1.50229e+22	0.00e+00	0.00e+00	0.00e+00	2.68e-30	7.52e-25	5.08e-20	1.34e-15	2.07e-11	9.66e-07	1.97e-03	9.98e-01
 1.54924e+22	0.00e+00	0.00e+00	0.00e+00	4.44e-30	1.16e-24	7.30e-20	1.80e-15	2.57e-11	1.12e-06	2.12e-03	9.98e-01
 1.60045e+22	0.00e+00	0.00e+00	0.00e+00	7.13e-30	1.74e-24	1.02e-19	2.36e-15	3.15e-11	1.28e-06	2.27e-03	9.98e-01
 1.65719e+22	0.00e+00	0.00e+00	0.00e+00	1.35e-29	3.02e-24	1.62e-19	3.41e-15	4.15e-11	1.54e-06	2.49e-03	9.98e-01
 1.70733e+22	0.00e+00	0.00e+00	0.00e+00	1.91e-29	4.05e-24	2.08e-19	4.16e-15	4.82e-11	1.70e-06	2.62e-03	9.97e-01
 1.74886e+22	0.00e+00	0.00e+00	0.00e+00	2.91e-29	5.82e-24	2.81e-19	5.30e-15	5.79e-11	1.92e-06	2.78e-03	9.97e-01
 1.79395e+22	0.00e+00	0.00e+00	0.00e+00	4.45e-29	8.38e-24	3.81e-19	6.76e-15	6.95e-11	2.17e-06	2.95e-03	9.97e-01
 1.83503e+22	0.00e+00	0.00e+00	0.00e+00	6.54e-29	1.17e-23	5.02e-19	8.43e-15	8.21e-11	2.42e-06	3.12e-03	9.97e-01
 1.87977e+22	0.00e+00	0.00e+00	0.00e+00	1.06e-28	1.77e-23	7.10e-19	1.11e-14	1.01e-10	2.78e-06	3.35e-03	9.97e-01
 1.92512e+22	0.00e+00	0.00e+00	0.00e+00	1.57e-28	2.47e-23	9.38e-19	1.39e-14	1.20e-10	3.12e-06	3.54e-03	9.96e-01
 1.96490e+22	0.00e+00	0.00e+00	0.00e+00	2.30e-28	3.43e-23	1.23e-18	1.73e-14	1.41e-10	3.48e-06	3.74e-03	9.96e-01
 2.01027e+22	0.00e+00	0.00e+00	0.00e+00	3.73e-28	5.19e-23	1.74e-18	2.29e-14	1.74e-10	4.00e-06	4.01e-03	9.96e-01
 2.05625e+22	0.00e+00	0.00e+00	8.80e-34	5.55e-28	7.30e-23	2.32e-18	2.88e-14	2.07e-10	4.48e-06	4.25e-03	9.96e-01
 2.09616e+22	0.00e+00	0.00e+00	1.35e-33	8.09e-28	1.01e-22	3.04e-18	3.57e-14	2.43e-10	5.00e-06	4.48e-03	9.96e-01
 2.13235e+22	0.00e+00	0.00e+00	1.99e-33	1.13e-27	1.35e-22	3.86e-18	4.33e-14	2.81e-10	5.50e-06	4.70e-03	9.95e-01
 2.16508e+22	0.00e+00	0.00e+00	2.84e-33	1.55e-27	1.76e-22	4.83e-18	5.19e-14	3.22e-10	6.02e-06	4.92e-03	9.95e-01
 2.20216e+22	0.00e+00	0.00e+00	4.35e-33	2.25e-27	2.43e-22	6.31e-18	6.42e-14	3.78e-10	6.71e-06	5.19e-03	9.95e-01
 2.24168e+22	0.00e+00	0.00e+00	6.56e-33	3.23e-27	3.31e-22	8.17e-18	7.90e-14	4.42e-10	7.44e-06	5.47e-03	9.95e-01
 2.27684e+22	0.00e+00	0.00e+00	9.62e-33	4.51e-27	4.41e-22	1.04e-17	9.58e-14	5.11e-10	8.19e-06	5.74e-03	9.94e-01
 2.30969e+22	0.00e+00	0.00e+00	1.38e-32	6.18e-27	5.77e-22	1.30e-17	1.15e-13	5.85e-10	8.97e-06	6.00e-03	9.94e-01
 2.34708e+22	0.00e+00	0.00e+00	2.10e-32	8.95e-27	7.93e-22	1.70e-17	1.42e-13	6.87e-10	9.98e-06	6.33e-03	9.94e-01
 2.38707e+22	0.00e+00	0.00e+00	3.20e-32	1.29e-26	1.09e-21	2.21e-17	1.75e-13	8.06e-10	1.11e-05	6.67e-03	9.93e-01
 2.42242e+22	0.00e+00	0.00e+00	4.67e-32	1.80e-26	1.44e-21	2.79e-17	2.12e-13	9.29e-10	1.22e-05	7.00e-03	9.93e-01
 2.45266e+22	0.00e+00	0.00e+00	6.45e-32	2.39e-26	1.84e-21	3.42e-17	2.49e-13	1.05e-09	1.32e-05	7.29e-03	9.93e-01
 2.48008e+22	0.00e+00	0.00e+00	8.62e-32	3.08e-26	2.29e-21	4.11e-17	2.89e-13	1.17e-09	1.43e-05	7.56e-03	9.92e-01
 2.51154e+22	0.00e+00	0.00e+00	1.22e-31	4.19e-26	2.98e-21	5.12e-17	3.45e-13	1.34e-09	1.56e-05	7.90e-03	9.92e-01
 2.54570e+22	0.00e+00	0.00e+00	1.75e-31	5.73e-26	3.90e-21	6.40e-17	4.12e-13	1.53e-09	1.70e-05	8.26e-03	9.92e-01
 2.57715e+22	0.00e+00	0.00e+00	2.45e-31	7.71e-26	5.03e-21	7.91e-17	4.89e-13	1.74e-09	1.86e-05	8.62e-03	9.91e-01
 2.60639e+22	0.00e+00	0.00e+00	3.36e-31	1.02e-25	6.37e-21	9.65e-17	5.73e-13	1.96e-09	2.01e-05	8.97e-03	9.91e-01
 2.63899e+22	0.00e+00	0.00e+00	4.88e-31	1.41e-25	8.43e-21	1.22e-16	6.91e-13	2.26e-09	2.21e-05	9.40e-03	9.91e-01
 2.67331e+22	0.00e+00	0.00e+00	6.98e-31	1.93e-25	1.10e-20	1.53e-16	8.28e-13	2.59e-09	2.42e-05	9.83e-03	9.90e-01
 2.70363e+22	0.00e+00	0.00e+00	9.66e-31	2.56e-25	1.41e-20	1.87e-16	9.75e-13	2.93e-09	2.62e-05	1.02e-02	9.90e-01
 2.73221e+22	0.00e+00	0.00e+00	1.32e-30	3.37e-25	1.78e-20	2.27e-16	1.14e-12	3.30e-09	2.84e-05	1.07e-02	9.89e-01
 2.75903e+22	0.00e+00	0.00e+00	1.73e-30	4.27e-25	2.18e-20	2.70e-16	1.31e-12	3.65e-09	3.04e-05	1.10e-02	9.89e-01
 2.78817e+22	0.00e+00	0.00e+00	2.41e-30	5.71e-25	2.80e-20	3.32e-16	1.55e-12	4.15e-09	3.31e-05	1.15e-02	9.88e-01
 2.81863e+22	0.00e+00	0.00e+00	3.31e-30	7.52e-25	3.56e-20	4.05e-16	1.81e-12	4.68e-09	3.58e-05	1.20e-02	9.88e-01
 2.84532e+22	0.00e+00	0.00e+00	4.39e-30	9.65e-25	4.40e-20	4.84e-16	2.09e-12	5.21e-09	3.85e-05	1.24e-02	9.88e-01
 2.87452e+22	0.00e+00	0.00e+00	6.14e-30	1.29e-24	5.67e-20	5.98e-16	2.48e-12	5.92e-09	4.19e-05	1.29e-02	9.87e-01
 2.90537e+22	0.00e+00	0.00e+00	8.47e-30	1.72e-24	7.22e-20	7.31e-16	2.91e-12	6.68e-09	4.54e-05	1.35e-02	9.86e-01
 2.93224e+22	0.00e+00	0.00e+00	1.13e-29	2.20e-24	8.95e-20	8.75e-16	3.36e-12	7.44e-09	4.88e-05	1.39e-02	9.86e-01
 2.96108e+22	0.00e+00	0.00e+00	1.57e-29	2.94e-24	1.15e-19	1.08e-15	3.97e-12	8.44e-09	5.31e-05	1.45e-02	9.85e-01
 2.99149e+22	0.00e+00	0.00e+00	2.15e-29	3.88e-24	1.45e-19	1.31e-15	4.66e-12	9.51e-09	5.75e-05	1.51e-02	9.85e-01
 3.01852e+22	0.00e+00	0.00e+00	2.87e-29	5.00e-24	1.81e-19	1.57e-15	5.39e-12	1.06e-08	6.18e-05	1.57e-02	9.84e-01
 3.04286e+22	0.00e+00	0.00e+00	3.72e-29	6.28e-24	2.20e-19	1.85e-15	6.14e-12	1.17e-08	6.60e-05	1.62e-02	9.84e-01
 3.06567e+22	0.00e+00	0.00e+00	4.73e-29	7.75e-24	2.63e-19	2.15e-15	6.93e-12	1.28e-08	7.01e-05	1.67e-02	9.83e-01
 3.09188e+22	0.00e+00	0.00e+00	6.34e-29	1.00e-23	3.28e-19	2.59e-15	8.04e-12	1.43e-08	7.55e-05	1.73e-02	9.83e-01
 3.11994e+22	0.00e+00	0.00e+00	8.51e-29	1.29e-23	4.09e-19	3.11e-15	9.32e-12	1.60e-08	8.13e-05	1.80e-02	9.82e-01
 3.14521e+22	0.00e+00	0.00e+00	1.12e-28	1.64e-23	5.02e-19	3.69e-15	1.07e-11	1.78e-08	8.71e-05	1.86e-02	9.81e-01
 3.16919e+22	0.00e+00	0.00e+00	1.45e-28	2.07e-23	6.11e-19	4.35e-15	1.22e-11	1.96e-08	9.30e-05	1.92e-02	9.81e-01
 3.19286e+22	0.00e+00	0.00e+00	1.87e-28	2.58e-23	7.39e-19	5.10e-15	1.39e-11	2.16e-08	9.92e-05	1.98e-02	9.80e-01
 3.21974e+22	0.00e+00	2.19e-34	2.53e-28	3.36e-23	9.28e-19	6.16e-15	1.61e-11	2.42e-08	1.07e-04	2.06e-02	9.79e-01
 3.24792e+22	0.00e+00	3.07e-34	3.41e-28	4.37e-23	1.16e-18	7.43e-15	1.87e-11	2.71e-08	1.15e-04	2.14e-02	9.79e-01
 3.27233e+22	0.00e+00	4.11e-34	4.42e-28	5.49e-23	1.41e-18	8.75e-15	2.14e-11	2.99e-08	1.23e-04	2.21e-02	9.78e-01
 3.29858e+22	0.00e+00	5.79e-34	6.00e-28	7.17e-23	1.78e-18	1.06e-14	2.49e-11	3.36e-08	1.33e-04	2.29e-02	9.77e-01
 3.32646e+22	0.00e+00	8.03e-34	8.03e-28	9.25e-23	2.21e-18	1.27e-14	2.89e-11	3.75e-08	1.43e-04	2.38e-02	9.76e-01
 3.35049e+22	0.00e+00	1.06e-33	1.03e-27	1.15e-22	2.67e-18	1.49e-14	3.27e-11	4.12e-08	1.52e-04	2.45e-02	9.75e-01
 3.37575e+22	0.00e+00	1.48e-33	1.38e-27	1.49e-22	3.33e-18	1.79e-14	3.79e-11	4.61e-08	1.64e-04	2.54e-02	9.74e-01
 3.40225e+22	0.00e+00	2.02e-33	1.82e-27	1.90e-22	4.10e-18	2.13e-14	4.36e-11	5.12e-08	1.76e-04	2.63e-02	9.74e-01
 3.42589e+22	0.00e+00	2.69e-33	2.35e-27	2.37e-22	4.96e-18	2.50e-14	4.96e-11	5.64e-08	1.88e-04	2.72e-02	9.73e-01
 3.45219e+22	0.00e+00	3.79e-33	3.19e-27	3.10e-22	6.24e-18	3.02e-14	5.78e-11	6.33e-08	2.03e-04	2.82e-02	9.72e-01
 3.48004e+22	0.00e+00	5.34e-33	4.33e-27	4.04e-22	7.84e-18	3.66e-14	6.73e-11	7.09e-08	2.19e-04	2.93e-02	9.70e-01
 3.50352e+22	0.00e+00	6.97e-33	5.48e-27	4.98e-22	9.37e-18	4.25e-14	7.59e-11	7.76e-08	2.32e-04	3.02e-02	9.70e-01
 3.52762e+22	0.00e+00	9.62e-33	7.30e-27	6.39e-22	1.16e-17	5.08e-14	8.76e-11	8.64e-08	2.49e-04	3.12e-02	9.69e-01
 3.55337e+22	0.00e+00	1.31e-32	9.58e-27	8.11e-22	1.42e-17	6.02e-14	1.00e-10	9.57e-08	2.67e-04	3.23e-02	9.67e-01
 3.57708e+22	0.00e+00	1.75e-32	1.24e-26	1.02e-21	1.73e-17	7.09e-14	1.14e-10	1.06e-07	2.85e-04	3.34e-02	9.66e-01
 3.60376e+22	0.00e+00	2.49e-32	1.70e-26	1.34e-21	2.19e-17	8.62e-14	1.34e-10	1.19e-07	3.08e-04	3.47e-02	9.65e-01
 3.63168e+22	0.00e+00	3.55e-32	2.33e-26	1.76e-21	2.77e-17	1.05e-13	1.57e-10	1.34e-07	3.33e-04	3.60e-02	9.64e-01
 3.65572e+22	0.00e+00	4.70e-32	2.99e-26	2.19e-21	3.34e-17	1.23e-13	1.78e-10	1.47e-07	3.55e-04	3.71e-02	9.62e-01
 3.68149e+22	0.00e+00	6.70e-32	4.09e-26	2.89e-21	4.24e-17	1.50e-13	2.08e-10	1.65e-07	3.84e-04	3.86e-02	9.61e-01
 3.70787e+22	0.00e+00	9.19e-32	5.42e-26	3.69e-21	5.23e-17	1.78e-13	2.39e-10	1.83e-07	4.11e-04	3.99e-02	9.60e-01
 3.73081e+22	0.00e+00	1.23e-31	7.01e-26	4.63e-21	6.34e-17	2.09e-13	2.72e-10	2.02e-07	4.39e-04	4.12e-02	9.58e-01
 3.75640e+22	0.00e+00	1.73e-31	9.52e-26	6.05e-21	7.98e-17	2.54e-13	3.17e-10	2.27e-07	4.73e-04	4.28e-02	9.57e-01
 3.78355e+22	0.00e+00	2.48e-31	1.31e-25	7.97e-21	1.01e-16	3.09e-13	3.71e-10	2.55e-07	5.11e-04	4.44e-02	9.55e-01
 3.80634e+22	0.00e+00	3.23e-31	1.65e-25	9.81e-21	1.21e-16	3.58e-13	4.18e-10	2.78e-07	5.43e-04	4.57e-02	9.54e-01
 3.82955e+22	0.00e+00	4.51e-31	2.22e-25	1.27e-20	1.51e-16	4.31e-13	4.84e-10	3.11e-07	5.84e-04	4.74e-02	9.52e-01
 3.85416e+22	0.00e+00	6.15e-31	2.93e-25	1.61e-20	1.85e-16	5.11e-13	5.54e-10	3.44e-07	6.24e-04	4.90e-02	9.50e-01
 3.87688e+22	0.00e+00	8.30e-31	3.82e-25	2.04e-20	2.26e-16	6.03e-13	6.33e-10	3.79e-07	6.66e-04	5.05e-02	9.49e-01
 3.90267e+22	0.00e+00	1.23e-30	5.39e-25	2.75e-20	2.92e-16	7.48e-13	7.50e-10	4.30e-07	7.25e-04	5.27e-02	9.47e-01
 3.92870e+22	0.00e+00	1.67e-30	7.10e-25	3.50e-20	3.59e-16	8.88e-13	8.61e-10	4.77e-07	7.76e-04	5.44e-02	9.45e-01
 3.95504e+22	0.00e+00	2.50e-30	1.02e-24	4.78e-20	4.69e-16	1.11e-12	1.03e-09	5.43e-07	8.46e-04	5.68e-02	9.42e-01
 3.98064e+22	0.00e+00	3.45e-30	1.35e-24	6.13e-20	5.80e-16	1.32e-12	1.18e-09	6.02e-07	9.06e-04	5.87e-02	9.40e-01
 4.00139e+22	0.00e+00	4.62e-30	1.75e-24	7.68e-20	7.03e-16	1.55e-12	1.34e-09	6.62e-07	9.64e-04	6.05e-02	9.39e-01
 4.02448e+22	0.00e+00	6.50e-30	2.36e-24	1.00e-19	8.82e-16	1.87e-12	1.56e-09	7.40e-07	1.04e-03	6.27e-02	9.36e-01
 4.04924e+22	0.00e+00	9.20e-30	3.21e-24	1.31e-19	1.11e-15	2.27e-12	1.81e-09	8.26e-07	1.12e-03	6.49e-02	9.34e-01
 4.07159e+22	0.00e+00	1.26e-29	4.23e-24	1.66e-19	1.36e-15	2.69e-12	2.07e-09	9.13e-07	1.19e-03	6.70e-02	9.32e-01
 4.09233e+22	0.00e+00	1.70e-29	5.53e-24	2.10e-19	1.66e-15	3.17e-12	2.36e-09	1.01e-06	1.27e-03	6.91e-02	9.30e-01
 4.11250e+22	0.00e+00	2.27e-29	7.14e-24	2.62e-19	2.01e-15	3.72e-12	2.68e-09	1.10e-06	1.35e-03	7.12e-02	9.27e-01
 4.13567e+22	0.00e+00	3.30e-29	9.93e-24	3.49e-19	2.57e-15	4.56e-12	3.14e-09	1.24e-06	1.46e-03	7.39e-02	9.25e-01
 4.15936e+22	0.00e+00	4.59e-29	1.33e-23	4.51e-19	3.20e-15	5.47e-12	3.63e-09	1.38e-06	1.57e-03	7.64e-02	9.22e-01
 4.17991e+22	0.00e+00	6.28e-29	1.75e-23	5.74e-19	3.93e-15	6.48e-12	4.15e-09	1.52e-06	1.67e-03	7.88e-02	9.20e-01
 4.20278e+22	0.00e+00	9.23e-29	2.47e-23	7.72e-19	5.06e-15	8.00e-12	4.90e-09	1.72e-06	1.81e-03	8.19e-02	9.16e-01
 4.22631e+22	0.00e+00	1.28e-28	3.29e-23	9.92e-19	6.27e-15	9.56e-12	5.64e-09	1.91e-06	1.94e-03	8.46e-02	9.13e-01
 4.24679e+22	0.00e+00	1.76e-28	4.37e-23	1.27e-18	7.75e-15	1.14e-11	6.47e-09	2.11e-06	2.07e-03	8.73e-02	9.11e-01
 4.26631e+22	5.41e-35	2.39e-28	5.72e-23	1.60e-18	9.46e-15	1.35e-11	7.37e-09	2.32e-06	2.21e-03	8.99e-02	9.08e-01
 4.28851e+22	8.22e-35	3.48e-28	7.96e-23	2.14e-18	1.21e-14	1.65e-11	8.66e-09	2.61e-06	2.38e-03	9.33e-02	9.04e-01
 4.31135e+22	1.21e-34	4.90e-28	1.08e-22	2.79e-18	1.52e-14	1.99e-11	1.00e-08	2.91e-06	2.55e-03	9.64e-02	9.01e-01
 4.33121e+22	1.70e-34	6.65e-28	1.41e-22	3.52e-18	1.85e-14	2.35e-11	1.14e-08	3.20e-06	2.72e-03	9.93e-02	8.98e-01
 4.35320e+22	2.63e-34	9.83e-28	1.99e-22	4.76e-18	2.40e-14	2.91e-11	1.35e-08	3.61e-06	2.95e-03	1.03e-01	8.94e-01
 4.37518e+22	3.77e-34	1.36e-27	2.65e-22	6.09e-18	2.96e-14	3.46e-11	1.55e-08	4.00e-06	3.14e-03	1.06e-01	8.91e-01
 4.39399e+22	5.31e-34	1.85e-27	3.47e-22	7.71e-18	3.62e-14	4.09e-11	1.77e-08	4.40e-06	3.35e-03	1.09e-01	8.87e-01
 4.41529e+22	8.10e-34	2.69e-27	4.84e-22	1.03e-17	4.64e-14	5.03e-11	2.08e-08	4.94e-06	3.61e-03	1.13e-01	8.83e-01
 4.43760e+22	1.18e-33	3.78e-27	6.53e-22	1.34e-17	5.79e-14	6.04e-11	2.40e-08	5.49e-06	3.87e-03	1.17e-01	8.79e-01
 4.45734e+22	1.71e-33	5.25e-27	8.74e-22	1.72e-17	7.19e-14	7.23e-11	2.76e-08	6.08e-06	4.13e-03	1.21e-01	8.75e-01
 4.47602e+22	2.41e-33	7.13e-27	1.14e-21	2.18e-17	8.78e-14	8.53e-11	3.14e-08	6.69e-06	4.39e-03	1.24e-01	8.71e-01
 4.49722e+22	3.71e-33	1.05e-26	1.61e-21	2.93e-17	1.13e-13	1.05e-10	3.71e-08	7.54e-06	4.75e-03	1.29e-01	8.67e-01
 4.51917e+22	5.48e-33	1.49e-26	2.19e-21	3.82e-17	1.42e-13	1.27e-10	4.29e-08	8.39e-06	5.09e-03	1.33e-01	8.62e-01
 4.53867e+22	7.95e-33	2.07e-26	2.93e-21	4.93e-17	1.77e-13	1.52e-10	4.94e-08	9.29e-06	5.43e-03	1.37e-01	8.58e-01
 4.55758e+22	1.14e-32	2.86e-26	3.89e-21	6.31e-17	2.18e-13	1.81e-10	5.67e-08	1.03e-05	5.79e-03	1.41e-01	8.53e-01
 4.57913e+22	1.80e-32	4.31e-26	5.59e-21	8.65e-17	2.85e-13	2.27e-10	6.74e-08	1.16e-05	6.28e-03	1.46e-01	8.47e-01
 4.60116e+22	2.63e-32	6.04e-26	7.52e-21	1.12e-16	3.56e-13	2.72e-10	7.78e-08	1.29e-05	6.71e-03	1.51e-01	8.43e-01
 4.62382e+22	4.24e-32	9.25e-26	1.10e-20	1.55e-16	4.71e-13	3.43e-10	9.32e-08	1.47e-05	7.30e-03	1.57e-01	8.36e-01
 4.64705e+22	6.59e-32	1.37e-25	1.55e-20	2.10e-16	6.10e-13	4.25e-10	1.10e-07	1.66e-05	7.88e-03	1.62e-01	8.30e-01
 4.66620e+22	9.37e-32	1.88e-25	2.05e-20	2.67e-16	7.49e-13	5.04e-10	1.26e-07	1.82e-05	8.37e-03	1.67e-01	8.25e-01
 4.68628e+22	1.43e-31	2.75e-25	2.86e-20	3.58e-16	9.60e-13	6.19e-10	1.48e-07	2.05e-05	9.02e-03	1.72e-01	8.19e-01
 4.70709e+22	2.07e-31	3.81e-25	3.82e-20	4.59e-16	1.19e-12	7.39e-10	1.70e-07	2.26e-05	9.61e-03	1.77e-01	8.13e-01
 4.72597e+22	3.08e-31	5.45e-25	5.23e-20	6.04e-16	1.50e-12	8.97e-10	1.97e-07	2.52e-05	1.03e-02	1.82e-01	8.07e-01
 4.74268e+22	4.24e-31	7.24e-25	6.72e-20	7.50e-16	1.81e-12	1.05e-09	2.22e-07	2.75e-05	1.09e-02	1.87e-01	8.02e-01
 4.75948e+22	6.05e-31	9.96e-25	8.89e-20	9.57e-16	2.23e-12	1.24e-09	2.54e-07	3.02e-05	1.15e-02	1.92e-01	7.97e-01
 4.77742e+22	8.56e-31	1.36e-24	1.17e-19	1.21e-15	2.73e-12	1.47e-09	2.89e-07	3.32e-05	1.22e-02	1.97e-01	7.91e-01
 4.79252e+22	1.14e-30	1.76e-24	1.46e-19	1.48e-15	3.22e-12	1.69e-09	3.22e-07	3.59e-05	1.28e-02	2.01e-01	7.86e-01
 4.80568e+22	1.51e-30	2.25e-24	1.83e-19	1.79e-15	3.80e-12	1.93e-09	3.58e-07	3.87e-05	1.35e-02	2.05e-01	7.81e-01
 4.82065e+22	2.11e-30	3.03e-24	2.37e-19	2.24e-15	4.61e-12	2.27e-09	4.05e-07	4.22e-05	1.42e-02	2.10e-01	7.75e-01
 4.83629e+22	2.86e-30	3.99e-24	3.02e-19	2.77e-15	5.51e-12	2.63e-09	4.54e-07	4.58e-05	1.50e-02	2.15e-01	7.70e-01
 4.84952e+22	3.75e-30	5.08e-24	3.73e-19	3.32e-15	6.45e-12	2.99e-09	5.02e-07	4.93e-05	1.57e-02	2.19e-01	7.65e-01
 4.86153e+22	4.88e-30	6.43e-24	4.59e-19	3.98e-15	7.52e-12	3.40e-09	5.54e-07	5.28e-05	1.64e-02	2.23e-01	7.60e-01
 4.87522e+22	6.74e-30	8.58e-24	5.91e-19	4.96e-15	9.07e-12	3.97e-09	6.25e-07	5.76e-05	1.73e-02	2.28e-01	7.54e-01
 4.88931e+22	8.90e-30	1.10e-23	7.35e-19	5.99e-15	1.07e-11	4.54e-09	6.93e-07	6.19e-05	1.81e-02	2.33e-01	7.49e-01
 4.90187e+22	1.16e-29	1.40e-23	9.07e-19	7.19e-15	1.25e-11	5.16e-09	7.65e-07	6.65e-05	1.89e-02	2.37e-01	7.44e-01
 4.91383e+22	1.52e-29	1.77e-23	1.12e-18	8.61e-15	1.45e-11	5.86e-09	8.44e-07	7.13e-05	1.97e-02	2.41e-01	7.39e-01
 4.92510e+22	1.95e-29	2.22e-23	1.36e-18	1.02e-14	1.68e-11	6.62e-09	9.27e-07	7.62e-05	2.06e-02	2.45e-01	7.34e-01
 4.93781e+22	2.67e-29	2.93e-23	1.74e-18	1.26e-14	2.02e-11	7.69e-09	1.04e-06	8.27e-05	2.16e-02	2.51e-01	7.28e-01
 4.95081e+22	3.53e-29	3.76e-23	2.17e-18	1.53e-14	2.37e-11	8.79e-09	1.15e-06	8.89e-05	2.26e-02	2.55e-01	7.22e-01
 4.96207e+22	4.54e-29	4.71e-23	2.64e-18	1.82e-14	2.75e-11	9.93e-09	1.27e-06	9.50e-05	2.36e-02	2.59e-01	7.17e-01
 4.97456e+22	6.26e-29	6.28e-23	3.40e-18	2.26e-14	3.31e-11	1.16e-08	1.43e-06	1.03e-04	2.48e-02	2.65e-01	7.10e-01
 4.98738e+22	8.32e-29	8.09e-23	4.25e-18	2.74e-14	3.91e-11	1.33e-08	1.59e-06	1.11e-04	2.60e-02	2.70e-01	7.04e-01
 4.99862e+22	1.07e-28	1.01e-22	5.17e-18	3.25e-14	4.51e-11	1.50e-08	1.74e-06	1.19e-04	2.70e-02	2.74e-01	6.99e-01
 5.00939e+22	1.40e-28	1.28e-22	6.38e-18	3.90e-14	5.27e-11	1.70e-08	1.92e-06	1.27e-04	2.82e-02	2.79e-01	6.93e-01
 5.01963e+22	1.76e-28	1.58e-22	7.66e-18	4.57e-14	6.04e-11	1.90e-08	2.09e-06	1.35e-04	2.93e-02	2.83e-01	6.88e-01
 5.03100e+22	2.44e-28	2.12e-22	9.89e-18	5.70e-14	7.29e-11	2.22e-08	2.36e-06	1.47e-04	3.08e-02	2.89e-01	6.81e-01
 5.04242e+22	3.16e-28	2.66e-22	1.21e-17	6.78e-14	8.46e-11	2.52e-08	2.59e-06	1.57e-04	3.21e-02	2.93e-01	6.75e-01
 5.05389e+22	4.39e-28	3.57e-22	1.56e-17	8.47e-14	1.02e-10	2.94e-08	2.92e-06	1.71e-04	3.37e-02	2.99e-01	6.67e-01
 5.06552e+22	5.73e-28	4.53e-22	1.93e-17	1.01e-13	1.19e-10	3.35e-08	3.23e-06	1.83e-04	3.52e-02	3.04e-01	6.61e-01
 5.07735e+22	8.19e-28	6.23e-22	2.55e-17	1.29e-13	1.47e-10	3.97e-08	3.68e-06	2.00e-04	3.72e-02	3.10e-01	6.53e-01
 5.08897e+22	1.05e-27	7.80e-22	3.10e-17	1.53e-13	1.70e-10	4.48e-08	4.04e-06	2.14e-04	3.86e-02	3.15e-01	6.47e-01
 5.10031e+22	1.50e-27	1.07e-21	4.10e-17	1.95e-13	2.09e-10	5.31e-08	4.60e-06	2.34e-04	4.08e-02	3.21e-01	6.38e-01
 5.11162e+22	1.94e-27	1.34e-21	5.00e-17	2.31e-13	2.42e-10	6.00e-08	5.05e-06	2.50e-04	4.24e-02	3.26e-01	6.32e-01
 5.12291e+22	2.79e-27	1.86e-21	6.65e-17	2.96e-13	2.98e-10	7.14e-08	5.77e-06	2.74e-04	4.48e-02	3.32e-01	6.23e-01
 5.13421e+22	3.62e-27	2.35e-21	8.16e-17	3.54e-13	3.47e-10	8.10e-08	6.36e-06	2.93e-04	4.67e-02	3.37e-01	6.16e-01
 5.14552e+22	5.26e-27	3.27e-21	1.09e-16	4.55e-13	4.31e-10	9.69e-08	7.29e-06	3.22e-04	4.94e-02	3.44e-01	6.06e-01
 5.15667e+22	6.79e-27	4.12e-21	1.34e-16	5.42e-13	5.00e-10	1.10e-07	8.02e-06	3.44e-04	5.13e-02	3.49e-01	6.00e-01
 5.16759e+22	9.70e-27	5.66e-21	1.77e-16	6.89e-13	6.15e-10	1.30e-07	9.15e-06	3.77e-04	5.42e-02	3.55e-01	5.90e-01
 5.17839e+22	1.26e-26	7.16e-21	2.17e-16	8.24e-13	7.17e-10	1.48e-07	1.01e-05	4.03e-04	5.64e-02	3.60e-01	5.83e-01
 5.18902e+22	1.79e-26	9.79e-21	2.85e-16	1.04e-12	8.78e-10	1.75e-07	1.15e-05	4.41e-04	5.94e-02	3.66e-01	5.74e-01
 5.19983e+22	2.36e-26	1.26e-20	3.55e-16	1.26e-12	1.03e-09	2.01e-07	1.27e-05	4.73e-04	6.19e-02	3.71e-01	5.66e-01
 5.21086e+22	3.41e-26	1.74e-20	4.73e-16	1.62e-12	1.28e-09	2.40e-07	1.46e-05	5.20e-04	6.54e-02	3.78e-01	5.56e-01
 5.22209e+22	4.56e-26	2.26e-20	5.94e-16	1.97e-12	1.52e-09	2.76e-07	1.63e-05	5.60e-04	6.83e-02	3.83e-01	5.48e-01
 5.23358e+22	6.68e-26	3.18e-20	8.02e-16	2.55e-12	1.89e-09	3.33e-07	1.88e-05	6.18e-04	7.24e-02	3.90e-01	5.37e-01
 5.24510e+22	8.94e-26	4.12e-20	1.01e-15	3.11e-12	2.25e-09	3.84e-07	2.10e-05	6.66e-04	7.56e-02	3.96e-01	5.28e-01
 5.25667e+22	1.31e-25	5.81e-20	1.36e-15	4.04e-12	2.82e-09	4.63e-07	2.43e-05	7.36e-04	8.00e-02	4.03e-01	5.17e-01
 5.26801e+22	1.72e-25	7.43e-20	1.69e-15	4.87e-12	3.31e-09	5.31e-07	2.70e-05	7.90e-04	8.34e-02	4.07e-01	5.08e-01
 5.27904e+22	2.48e-25	1.03e-19	2.25e-15	6.24e-12	4.10e-09	6.35e-07	3.10e-05	8.69e-04	8.80e-02	4.14e-01	4.97e-01
 5.29008e+22	3.23e-25	1.31e-19	2.78e-15	7.49e-12	4.80e-09	7.25e-07	3.44e-05	9.32e-04	9.16e-02	4.18e-01	4.89e-01
 5.30112e+22	4.60e-25	1.79e-19	3.67e-15	9.53e-12	5.91e-09	8.64e-07	3.94e-05	1.02e-03	9.65e-02	4.25e-01	4.78e-01
 5.31238e+22	6.04e-25	2.29e-19	4.55e-15	1.15e-11	6.96e-09	9.91e-07	4.38e-05	1.10e-03	1.01e-01	4.29e-01	4.69e-01
 5.32389e+22	8.62e-25	3.15e-19	6.04e-15	1.47e-11	8.60e-09	1.18e-06	5.03e-05	1.21e-03	1.06e-01	4.35e-01	4.58e-01
 5.33561e+22	1.13e-24	4.01e-19	7.48e-15	1.77e-11	1.01e-08	1.36e-06	5.59e-05	1.30e-03	1.10e-01	4.39e-01	4.49e-01
 5.34759e+22	1.60e-24	5.50e-19	9.89e-15	2.25e-11	1.25e-08	1.62e-06	6.42e-05	1.42e-03	1.16e-01	4.45e-01	4.37e-01
 5.35990e+22	2.12e-24	7.08e-19	1.24e-14	2.74e-11	1.48e-08	1.87e-06	7.17e-05	1.54e-03	1.21e-01	4.49e-01	4.28e-01
 5.37258e+22	3.02e-24	9.74e-19	1.64e-14	3.50e-11	1.83e-08	2.24e-06	8.26e-05	1.69e-03	1.28e-01	4.55e-01	4.16e-01
 5.38503e+22	3.90e-24	1.22e-18	2.01e-14	4.17e-11	2.13e-08	2.55e-06	9.14e-05	1.81e-03	1.33e-01	4.58e-01	4.07e-01
 5.39721e+22	5.42e-24	1.65e-18	2.61e-14	5.25e-11	2.61e-08	3.02e-06	1.04e-04	1.98e-03	1.39e-01	4.63e-01	3.96e-01
 5.40967e+22	6.97e-24	2.07e-18	3.19e-14	6.26e-11	3.04e-08	3.44e-06	1.15e-04	2.12e-03	1.45e-01	4.66e-01	3.87e-01
 5.42249e+22	9.69e-24	2.79e-18	4.16e-14	7.88e-11	3.72e-08	4.08e-06	1.32e-04	2.32e-03	1.52e-01	4.70e-01	3.76e-01
 5.43569e+22	1.25e-23	3.52e-18	5.12e-14	9.43e-11	4.35e-08	4.66e-06	1.46e-04	2.48e-03	1.58e-01	4.73e-01	3.67e-01
 5.44936e+22	1.75e-23	4.77e-18	6.71e-14	1.19e-10	5.34e-08	5.55e-06	1.68e-04	2.72e-03	1.66e-01	4.77e-01	3.55e-01
 5.46295e+22	2.23e-23	5.92e-18	8.14e-14	1.41e-10	6.19e-08	6.28e-06	1.85e-04	2.91e-03	1.71e-01	4.79e-01	3.46e-01
 5.47641e+22	3.04e-23	7.85e-18	1.05e-13	1.76e-10	7.49e-08	7.39e-06	2.10e-04	3.17e-03	1.79e-01	4.82e-01	3.35e-01
 5.49029e+22	3.91e-23	9.85e-18	1.28e-13	2.10e-10	8.75e-08	8.42e-06	2.33e-04	3.39e-03	1.86e-01	4.84e-01	3.26e-01
 5.50470e+22	5.39e-23	1.32e-17	1.66e-13	2.64e-10	1.07e-07	9.97e-06	2.65e-04	3.71e-03	1.95e-01	4.87e-01	3.15e-01
 5.51927e+22	6.87e-23	1.64e-17	2.02e-13	3.13e-10	1.24e-07	1.13e-05	2.93e-04	3.97e-03	2.01e-01	4.88e-01	3.06e-01
 5.53175e+22	8.63e-23	2.02e-17	2.43e-13	3.68e-10	1.43e-07	1.28e-05	3.22e-04	4.22e-03	2.08e-01	4.89e-01	2.98e-01
 5.54569e+22	1.16e-22	2.64e-17	3.09e-13	4.53e-10	1.71e-07	1.49e-05	3.63e-04	4.58e-03	2.17e-01	4.91e-01	2.88e-01
 5.55961e+22	1.44e-22	3.21e-17	3.68e-13	5.29e-10	1.96e-07	1.67e-05	3.97e-04	4.86e-03	2.23e-01	4.91e-01	2.80e-01
 5.57348e+22	1.91e-22	4.16e-17	4.64e-13	6.48e-10	2.34e-07	1.94e-05	4.48e-04	5.26e-03	2.32e-01	4.92e-01	2.70e-01
 5.58751e+22	2.35e-22	5.04e-17	5.51e-13	7.52e-10	2.67e-07	2.17e-05	4.88e-04	5.57e-03	2.39e-01	4.92e-01	2.63e-01
 5.60174e+22	3.11e-22	6.50e-17	6.93e-13	9.20e-10	3.19e-07	2.51e-05	5.48e-04	6.03e-03	2.49e-01	4.92e-01	2.53e-01
 5.61622e+22	3.85e-22	7.89e-17	8.24e-13	1.07e-09	3.64e-07	2.81e-05	5.98e-04	6.39e-03	2.56e-01	4.92e-01	2.46e-01
 5.62900e+22	4.74e-22	9.56e-17	9.78e-13	1.24e-09	4.15e-07	3.14e-05	6.53e-04	6.77e-03	2.63e-01	4.91e-01	2.38e-01
 5.64168e+22	5.83e-22	1.15e-16	1.16e-12	1.44e-09	4.72e-07	3.51e-05	7.11e-04	7.16e-03	2.70e-01	4.90e-01	2.31e-01
 5.65626e+22	7.58e-22	1.47e-16	1.44e-12	1.74e-09	5.57e-07	4.03e-05	7.93e-04	7.70e-03	2.80e-01	4.89e-01	2.23e-01
 5.67093e+22	9.29e-22	1.77e-16	1.70e-12	2.02e-09	6.33e-07	4.49e-05	8.64e-04	8.15e-03	2.87e-01	4.88e-01	2.16e-01
 5.68574e+22	1.21e-21	2.24e-16	2.11e-12	2.44e-09	7.47e-07	5.17e-05	9.63e-04	8.76e-03	2.97e-01	4.86e-01	2.07e-01
 5.70070e+22	1.47e-21	2.69e-16	2.48e-12	2.81e-09	8.45e-07	5.73e-05	1.04e-03	9.24e-03	3.05e-01	4.84e-01	2.01e-01
 5.71588e+22	1.90e-21	3.41e-16	3.07e-12	3.38e-09	9.95e-07	6.58e-05	1.16e-03	9.92e-03	3.15e-01	4.82e-01	1.92e-01
 5.73137e+22	2.33e-21	4.10e-16	3.62e-12	3.91e-09	1.13e-06	7.32e-05	1.26e-03	1.05e-02	3.22e-01	4.80e-01	1.86e-01
 5.74725e+22	3.02e-21	5.20e-16	4.49e-12	4.72e-09	1.33e-06	8.41e-05	1.41e-03	1.12e-02	3.33e-01	4.76e-01	1.78e-01
 5.76349e+22	3.71e-21	6.28e-16	5.31e-12	5.47e-09	1.51e-06	9.36e-05	1.53e-03	1.19e-02	3.41e-01	4.74e-01	1.72e-01
 5.78019e+22	4.82e-21	7.98e-16	6.60e-12	6.61e-09	1.78e-06	1.08e-04	1.70e-03	1.27e-02	3.52e-01	4.70e-01	1.64e-01
 5.79741e+22	5.98e-21	9.73e-16	7.89e-12	7.73e-09	2.04e-06	1.20e-04	1.86e-03	1.35e-02	3.60e-01	4.66e-01	1.58e-01
 5.81229e+22	7.25e-21	1.16e-15	9.22e-12	8.86e-09	2.30e-06	1.33e-04	2.01e-03	1.42e-02	3.68e-01	4.63e-01	1.52e-01
 5.82862e+22	9.30e-21	1.46e-15	1.14e-11	1.06e-08	2.70e-06	1.52e-04	2.23e-03	1.52e-02	3.79e-01	4.59e-01	1.45e-01
 5.84516e+22	1.13e-20	1.74e-15	1.33e-11	1.22e-08	3.04e-06	1.68e-04	2.41e-03	1.59e-02	3.87e-01	4.55e-01	1.40e-01
 5.86200e+22	1.44e-20	2.17e-15	1.62e-11	1.45e-08	3.53e-06	1.90e-04	2.65e-03	1.69e-02	3.97e-01	4.50e-01	1.34e-01
 5.87978e+22	1.79e-20	2.66e-15	1.95e-11	1.70e-08	4.05e-06	2.13e-04	2.89e-03	1.79e-02	4.06e-01	4.45e-01	1.28e-01
 5.89611e+22	2.20e-20	3.21e-15	2.31e-11	1.97e-08	4.60e-06	2.37e-04	3.13e-03	1.89e-02	4.14e-01	4.41e-01	1.23e-01
 5.91465e+22	2.85e-20	4.06e-15	2.85e-11	2.37e-08	5.39e-06	2.70e-04	3.46e-03	2.01e-02	4.25e-01	4.35e-01	1.17e-01
 5.93428e+22	3.61e-20	5.04e-15	3.46e-11	2.81e-08	6.24e-06	3.05e-04	3.80e-03	2.14e-02	4.35e-01	4.29e-01	1.11e-01
 5.95244e+22	4.51e-20	6.18e-15	4.15e-11	3.29e-08	7.16e-06	3.42e-04	4.14e-03	2.26e-02	4.44e-01	4.23e-01	1.06e-01
 5.97021e+22	5.59e-20	7.51e-15	4.95e-11	3.84e-08	8.16e-06	3.81e-04	4.50e-03	2.38e-02	4.52e-01	4.18e-01	1.01e-01
 5.99032e+22	7.33e-20	9.64e-15	6.20e-11	4.66e-08	9.66e-06	4.38e-04	5.00e-03	2.54e-02	4.64e-01	4.10e-01	9.53e-02
 6.01053e+22	9.11e-20	1.18e-14	7.40e-11	5.44e-08	1.10e-05	4.88e-04	5.43e-03	2.68e-02	4.72e-01	4.04e-01	9.09e-02
 6.03086e+22	1.19e-19	1.51e-14	9.25e-11	6.61e-08	1.30e-05	5.61e-04	6.03e-03	2.86e-02	4.83e-01	3.96e-01	8.54e-02
 6.05141e+22	1.48e-19	1.84e-14	1.10e-10	7.71e-08	1.49e-05	6.25e-04	6.54e-03	3.01e-02	4.92e-01	3.90e-01	8.12e-02
 6.07226e+22	1.94e-19	2.36e-14	1.38e-10	9.38e-08	1.76e-05	7.19e-04	7.27e-03	3.21e-02	5.02e-01	3.81e-01	7.61e-02
 6.09337e+22	2.42e-19	2.88e-14	1.66e-10	1.10e-07	2.01e-05	8.02e-04	7.89e-03	3.38e-02	5.11e-01	3.75e-01	7.22e-02
 6.11482e+22	3.18e-19	3.71e-14	2.08e-10	1.34e-07	2.39e-05	9.25e-04	8.79e-03	3.61e-02	5.21e-01	3.65e-01	6.73e-02
 6.13649e+22	3.96e-19	4.53e-14	2.49e-10	1.56e-07	2.73e-05	1.03e-03	9.54e-03	3.80e-02	5.29e-01	3.58e-01	6.37e-02
 6.15842e+22	5.20e-19	5.83e-14	3.14e-10	1.91e-07	3.26e-05	1.19e-03	1.07e-02	4.07e-02	5.40e-01	3.48e-01	5.90e-02
 6.18046e+22	6.44e-19	7.10e-14	3.74e-10	2.23e-07	3.72e-05	1.33e-03	1.15e-02	4.27e-02	5.48e-01	3.41e-01	5.58e-02
 6.20264e+22	8.41e-19	9.11e-14	4.70e-10	2.73e-07	4.43e-05	1.54e-03	1.29e-02	4.57e-02	5.58e-01	3.30e-01	5.15e-02
 6.22507e+22	1.04e-18	1.11e-13	5.61e-10	3.18e-07	5.06e-05	1.72e-03	1.40e-02	4.81e-02	5.65e-01	3.23e-01	4.85e-02
 6.24782e+22	1.35e-18	1.42e-13	7.05e-10	3.89e-07	6.03e-05	1.99e-03	1.56e-02	5.14e-02	5.75e-01	3.12e-01	4.46e-02
 6.27092e+22	1.67e-18	1.73e-13	8.43e-10	4.55e-07	6.91e-05	2.23e-03	1.70e-02	5.41e-02	5.81e-01	3.03e-01	4.17e-02
 6.29077e+22	2.02e-18	2.07e-13	9.95e-10	5.27e-07	7.86e-05	2.48e-03	1.84e-02	5.68e-02	5.88e-01	2.95e-01	3.91e-02
 6.30953e+22	2.42e-18	2.45e-13	1.16e-09	6.05e-07	8.86e-05	2.74e-03	1.98e-02	5.94e-02	5.94e-01	2.88e-01	3.68e-02
 6.33061e+22	3.01e-18	3.03e-13	1.42e-09	7.22e-07	1.04e-04	3.13e-03	2.19e-02	6.32e-02	6.01e-01	2.77e-01	3.37e-02
 6.35166e+22	3.59e-18	3.57e-13	1.65e-09	8.26e-07	1.17e-04	3.45e-03	2.36e-02	6.60e-02	6.06e-01	2.70e-01	3.17e-02
 6.37268e+22	4.40e-18	4.36e-13	2.00e-09	9.80e-07	1.36e-04	3.93e-03	2.60e-02	7.01e-02	6.12e-01	2.59e-01	2.90e-02
 6.39402e+22	5.21e-18	5.13e-13	2.33e-09	1.12e-06	1.53e-04	4.34e-03	2.80e-02	7.32e-02	6.16e-01	2.51e-01	2.71e-02
 6.41578e+22	6.37e-18	6.26e-13	2.81e-09	1.33e-06	1.79e-04	4.95e-03	3.09e-02	7.77e-02	6.21e-01	2.41e-01	2.46e-02
 6.43806e+22	7.45e-18	7.32e-13	3.27e-09	1.53e-06	2.02e-04	5.49e-03	3.35e-02	8.15e-02	6.25e-01	2.32e-01	2.28e-02
 6.46100e+22	9.04e-18	8.90e-13	3.96e-09	1.82e-06	2.37e-04	6.28e-03	3.70e-02	8.66e-02	6.28e-01	2.21e-01	2.06e-02
 6.48445e+22	1.05e-17	1.04e-12	4.60e-09	2.08e-06	2.68e-04	7.00e-03	4.01e-02	9.08e-02	6.31e-01	2.12e-01	1.89e-02
 6.50858e+22	1.26e-17	1.25e-12	5.55e-09	2.48e-06	3.15e-04	8.03e-03	4.44e-02	9.67e-02	6.33e-01	2.01e-01	1.69e-02
 6.53295e+22	1.44e-17	1.45e-12	6.42e-09	2.84e-06	3.57e-04	8.93e-03	4.81e-02	1.01e-01	6.34e-01	1.92e-01	1.54e-02
 6.55717e+22	1.67e-17	1.71e-12	7.64e-09	3.35e-06	4.16e-04	1.02e-02	5.31e-02	1.08e-01	6.34e-01	1.81e-01	1.37e-02
 6.58160e+22	1.88e-17	1.95e-12	8.78e-09	3.82e-06	4.70e-04	1.13e-02	5.73e-02	1.13e-01	6.33e-01	1.72e-01	1.24e-02
 6.60539e+22	2.12e-17	2.25e-12	1.03e-08	4.43e-06	5.42e-04	1.28e-02	6.27e-02	1.19e-01	6.32e-01	1.62e-01	1.11e-02
 6.62889e+22	2.34e-17	2.53e-12	1.16e-08	5.01e-06	6.08e-04	1.41e-02	6.73e-02	1.24e-01	6.29e-01	1.54e-01	1.01e-02
 6.64960e+22	2.54e-17	2.81e-12	1.31e-08	5.62e-06	6.77e-04	1.54e-02	7.19e-02	1.29e-01	6.27e-01	1.47e-01	9.16e-03
 6.67198e+22	2.78e-17	3.17e-12	1.50e-08	6.44e-06	7.70e-04	1.72e-02	7.78e-02	1.36e-01	6.22e-01	1.38e-01	8.16e-03
 6.69405e+22	2.99e-17	3.49e-12	1.67e-08	7.17e-06	8.53e-04	1.88e-02	8.27e-02	1.41e-01	6.18e-01	1.32e-01	7.45e-03
 6.71637e+22	3.23e-17	3.92e-12	1.92e-08	8.22e-06	9.70e-04	2.09e-02	8.92e-02	1.47e-01	6.12e-01	1.23e-01	6.60e-03
 6.73867e+22	3.45e-17	4.29e-12	2.13e-08	9.14e-06	1.07e-03	2.27e-02	9.44e-02	1.52e-01	6.07e-01	1.17e-01	6.01e-03
 6.76103e+22	3.70e-17	4.79e-12	2.44e-08	1.05e-05	1.22e-03	2.52e-02	1.01e-01	1.59e-01	5.99e-01	1.09e-01	5.31e-03
 6.78342e+22	3.93e-17	5.24e-12	2.72e-08	1.16e-05	1.34e-03	2.73e-02	1.07e-01	1.64e-01	5.92e-01	1.04e-01	4.83e-03
 6.80583e+22	4.20e-17	5.84e-12	3.11e-08	1.33e-05	1.52e-03	3.02e-02	1.14e-01	1.70e-01	5.83e-01	9.65e-02	4.26e-03
 6.82833e+22	4.46e-17	6.39e-12	3.46e-08	1.49e-05	1.68e-03	3.27e-02	1.20e-01	1.75e-01	5.75e-01	9.13e-02	3.87e-03
 6.85097e+22	4.76e-17	7.14e-12	3.97e-08	1.71e-05	1.91e-03	3.61e-02	1.28e-01	1.81e-01	5.64e-01	8.48e-02	3.40e-03
 6.87376e+22	5.06e-17	7.84e-12	4.44e-08	1.91e-05	2.10e-03	3.89e-02	1.35e-01	1.86e-01	5.55e-01	8.00e-02	3.08e-03
 6.89677e+22	5.43e-17	8.82e-12	5.13e-08	2.20e-05	2.39e-03	4.29e-02	1.43e-01	1.92e-01	5.43e-01	7.40e-02	2.70e-03
 6.92007e+22	5.78e-17	9.73e-12	5.77e-08	2.47e-05	2.64e-03	4.63e-02	1.50e-01	1.97e-01	5.33e-01	6.96e-02	2.43e-03
 6.94376e+22	6.24e-17	1.10e-11	6.72e-08	2.87e-05	3.01e-03	5.10e-02	1.58e-01	2.03e-01	5.19e-01	6.40e-02	2.11e-03
 6.96782e+22	6.72e-17	1.23e-11	7.63e-08	3.24e-05	3.33e-03	5.50e-02	1.65e-01	2.07e-01	5.08e-01	6.00e-02	1.90e-03
 6.99235e+22	7.31e-17	1.41e-11	8.97e-08	3.79e-05	3.81e-03	6.07e-02	1.75e-01	2.12e-01	4.92e-01	5.49e-02	1.64e-03
 7.01739e+22	8.00e-17	1.59e-11	1.03e-07	4.32e-05	4.24e-03	6.55e-02	1.82e-01	2.16e-01	4.80e-01	5.11e-02	1.46e-03
 7.04311e+22	8.86e-17	1.85e-11	1.23e-07	5.11e-05	4.88e-03	7.22e-02	1.92e-01	2.21e-01	4.62e-01	4.65e-02	1.25e-03
 7.06907e+22	9.80e-17	2.11e-11	1.42e-07	5.84e-05	5.43e-03	7.79e-02	2.00e-01	2.24e-01	4.49e-01	4.31e-02	1.11e-03
 7.09113e+22	1.07e-16	2.39e-11	1.63e-07	6.62e-05	6.00e-03	8.34e-02	2.07e-01	2.27e-01	4.36e-01	4.01e-02	9.91e-04
 7.11558e+22	1.21e-16	2.81e-11	1.94e-07	7.79e-05	6.83e-03	9.11e-02	2.16e-01	2.30e-01	4.19e-01	3.65e-02	8.53e-04
 7.13904e+22	1.33e-16	3.16e-11	2.20e-07	8.73e-05	7.47e-03	9.68e-02	2.22e-01	2.32e-01	4.07e-01	3.41e-02	7.69e-04
 7.16121e+22	1.50e-16	3.68e-11	2.60e-07	1.01e-04	8.39e-03	1.04e-01	2.30e-01	2.34e-01	3.91e-01	3.12e-02	6.70e-04
 7.18367e+22	1.67e-16	4.18e-11	2.97e-07	1.14e-04	9.18e-03	1.11e-01	2.36e-01	2.35e-01	3.79e-01	2.91e-02	6.01e-04
 7.20652e+22	1.90e-16	4.92e-11	3.53e-07	1.33e-04	1.03e-02	1.20e-01	2.44e-01	2.36e-01	3.63e-01	2.65e-02	5.20e-04
 7.22951e+22	2.15e-16	5.64e-11	4.04e-07	1.50e-04	1.13e-02	1.27e-01	2.50e-01	2.36e-01	3.50e-01	2.46e-02	4.65e-04
 7.25267e+22	2.49e-16	6.72e-11	4.83e-07	1.75e-04	1.27e-02	1.37e-01	2.58e-01	2.36e-01	3.34e-01	2.23e-02	4.00e-04
 7.27613e+22	2.84e-16	7.76e-11	5.57e-07	1.97e-04	1.39e-02	1.45e-01	2.64e-01	2.36e-01	3.21e-01	2.06e-02	3.56e-04
 7.29995e+22	3.35e-16	9.36e-11	6.71e-07	2.31e-04	1.56e-02	1.55e-01	2.71e-01	2.35e-01	3.04e-01	1.86e-02	3.05e-04
 7.32414e+22	3.89e-16	1.09e-10	7.77e-07	2.62e-04	1.71e-02	1.64e-01	2.76e-01	2.34e-01	2.91e-01	1.71e-02	2.70e-04
 7.34879e+22	4.68e-16	1.33e-10	9.43e-07	3.08e-04	1.92e-02	1.76e-01	2.82e-01	2.32e-01	2.75e-01	1.53e-02	2.28e-04
 7.37389e+22	5.51e-16	1.57e-10	1.10e-06	3.49e-04	2.11e-02	1.86e-01	2.87e-01	2.29e-01	2.62e-01	1.40e-02	2.01e-04
 7.39955e+22	6.78e-16	1.95e-10	1.35e-06	4.13e-04	2.37e-02	2.00e-01	2.93e-01	2.26e-01	2.45e-01	1.24e-02	1.68e-04
 7.42577e+22	8.14e-16	2.33e-10	1.58e-06	4.70e-04	2.60e-02	2.11e-01	2.97e-01	2.23e-01	2.32e-01	1.12e-02	1.47e-04
 7.45270e+22	1.02e-15	2.93e-10	1.96e-06	5.59e-04	2.93e-02	2.25e-01	3.01e-01	2.18e-01	2.15e-01	9.83e-03	1.21e-04
 7.47976e+22	1.24e-15	3.52e-10	2.30e-06	6.36e-04	3.21e-02	2.37e-01	3.04e-01	2.14e-01	2.03e-01	8.88e-03	1.05e-04
 7.50698e+22	1.59e-15	4.46e-10	2.85e-06	7.53e-04	3.60e-02	2.53e-01	3.07e-01	2.08e-01	1.87e-01	7.74e-03	8.64e-05
 7.53458e+22	1.95e-15	5.40e-10	3.36e-06	8.57e-04	3.93e-02	2.65e-01	3.09e-01	2.03e-01	1.76e-01	6.95e-03	7.42e-05
 7.56268e+22	2.56e-15	6.92e-10	4.18e-06	1.02e-03	4.41e-02	2.81e-01	3.10e-01	1.96e-01	1.61e-01	6.00e-03	6.04e-05
 7.59002e+22	3.12e-15	8.27e-10	4.86e-06	1.14e-03	4.77e-02	2.93e-01	3.11e-01	1.91e-01	1.51e-01	5.41e-03	5.24e-05
 7.61638e+22	4.05e-15	1.05e-09	5.97e-06	1.34e-03	5.29e-02	3.08e-01	3.11e-01	1.84e-01	1.38e-01	4.68e-03	4.29e-05
 7.64138e+22	4.85e-15	1.23e-09	6.83e-06	1.48e-03	5.66e-02	3.19e-01	3.10e-01	1.79e-01	1.30e-01	4.25e-03	3.76e-05
 7.66461e+22	6.09e-15	1.50e-09	8.08e-06	1.68e-03	6.15e-02	3.31e-01	3.09e-01	1.73e-01	1.20e-01	3.76e-03	3.18e-05
 7.68898e+22	7.47e-15	1.80e-09	9.37e-06	1.88e-03	6.61e-02	3.43e-01	3.07e-01	1.67e-01	1.12e-01	3.36e-03	2.73e-05
 7.71125e+22	9.12e-15	2.14e-09	1.08e-05	2.09e-03	7.08e-02	3.54e-01	3.05e-01	1.61e-01	1.04e-01	3.01e-03	2.35e-05
 7.73665e+22	1.18e-14	2.67e-09	1.30e-05	2.40e-03	7.72e-02	3.67e-01	3.02e-01	1.54e-01	9.53e-02	2.62e-03	1.94e-05
 7.76251e+22	1.46e-14	3.20e-09	1.51e-05	2.68e-03	8.27e-02	3.78e-01	2.98e-01	1.47e-01	8.82e-02	2.32e-03	1.65e-05
 7.78897e+22	1.91e-14	4.02e-09	1.82e-05	3.07e-03	9.00e-02	3.92e-01	2.94e-01	1.40e-01	7.99e-02	2.00e-03	1.35e-05
 7.81594e+22	2.39e-14	4.86e-09	2.12e-05	3.43e-03	9.64e-02	4.02e-01	2.89e-01	1.33e-01	7.35e-02	1.76e-03	1.14e-05
 7.84356e+22	3.16e-14	6.15e-09	2.56e-05	3.93e-03	1.05e-01	4.15e-01	2.83e-01	1.26e-01	6.60e-02	1.50e-03	9.19e-06
 7.87176e+22	3.99e-14	7.48e-09	2.99e-05	4.40e-03	1.12e-01	4.25e-01	2.78e-01	1.19e-01	6.02e-02	1.31e-03	7.67e-06
 7.89684e+22	4.99e-14	9.01e-09	3.46e-05	4.89e-03	1.19e-01	4.34e-01	2.72e-01	1.13e-01	5.51e-02	1.14e-03	6.45e-06
 7.92560e+22	6.72e-14	1.15e-08	4.21e-05	5.61e-03	1.29e-01	4.46e-01	2.64e-01	1.05e-01	4.89e-02	9.59e-04	5.10e-06
 7.95451e+22	8.45e-14	1.39e-08	4.88e-05	6.24e-03	1.38e-01	4.54e-01	2.58e-01	9.93e-02	4.44e-02	8.34e-04	4.25e-06
 7.98364e+22	1.13e-13	1.77e-08	5.89e-05	7.11e-03	1.48e-01	4.63e-01	2.49e-01	9.20e-02	3.93e-02	6.98e-04	3.37e-06
 8.01338e+22	1.44e-13	2.16e-08	6.87e-05	7.92e-03	1.58e-01	4.70e-01	2.42e-01	8.62e-02	3.54e-02	6.01e-04	2.76e-06
 8.03993e+22	1.82e-13	2.61e-08	7.97e-05	8.78e-03	1.67e-01	4.77e-01	2.34e-01	8.08e-02	3.20e-02	5.18e-04	2.28e-06
 8.07045e+22	2.46e-13	3.34e-08	9.62e-05	9.99e-03	1.79e-01	4.84e-01	2.25e-01	7.41e-02	2.80e-02	4.27e-04	1.78e-06
 8.10157e+22	3.15e-13	4.08e-08	1.12e-04	1.11e-02	1.90e-01	4.88e-01	2.16e-01	6.89e-02	2.50e-02	3.64e-04	1.44e-06
 8.13344e+22	4.29e-13	5.23e-08	1.36e-04	1.26e-02	2.03e-01	4.93e-01	2.06e-01	6.27e-02	2.16e-02	2.97e-04	1.11e-06
 8.16586e+22	5.54e-13	6.42e-08	1.59e-04	1.40e-02	2.15e-01	4.96e-01	1.97e-01	5.79e-02	1.92e-02	2.51e-04	8.90e-07
 8.19444e+22	7.04e-13	7.78e-08	1.84e-04	1.55e-02	2.26e-01	4.98e-01	1.89e-01	5.35e-02	1.71e-02	2.13e-04	7.21e-07
 8.22703e+22	9.61e-13	9.99e-08	2.22e-04	1.76e-02	2.41e-01	5.00e-01	1.78e-01	4.83e-02	1.47e-02	1.72e-04	5.48e-07
 8.26079e+22	1.25e-12	1.23e-07	2.60e-04	1.95e-02	2.54e-01	5.00e-01	1.70e-01	4.41e-02	1.29e-02	1.43e-04	4.32e-07
 8.29605e+22	1.73e-12	1.60e-07	3.16e-04	2.22e-02	2.70e-01	4.99e-01	1.59e-01	3.93e-02	1.09e-02	1.13e-04	3.21e-07
 8.32827e+22	2.16e-12	1.91e-07	3.61e-04	2.41e-02	2.81e-01	4.97e-01	1.51e-01	3.63e-02	9.72e-03	9.67e-05	2.62e-07
 8.35263e+22	2.61e-12	2.22e-07	4.04e-04	2.60e-02	2.91e-01	4.95e-01	1.45e-01	3.38e-02	8.79e-03	8.41e-05	2.20e-07
 8.38043e+22	3.36e-12	2.71e-07	4.68e-04	2.86e-02	3.04e-01	4.91e-01	1.37e-01	3.07e-02	7.68e-03	6.99e-05	1.73e-07
 8.40979e+22	4.20e-12	3.23e-07	5.33e-04	3.10e-02	3.16e-01	4.88e-01	1.30e-01	2.82e-02	6.81e-03	5.93e-05	1.41e-07
 8.44118e+22	5.60e-12	4.05e-07	6.31e-04	3.45e-02	3.31e-01	4.82e-01	1.21e-01	2.52e-02	5.82e-03	4.77e-05	0.00e+00
 8.47274e+22	7.03e-12	4.85e-07	7.20e-04	3.75e-02	3.43e-01	4.76e-01	1.14e-01	2.30e-02	5.12e-03	4.00e-05	0.00e+00
 8.50454e+22	9.26e-12	6.02e-07	8.44e-04	4.14e-02	3.57e-01	4.69e-01	1.06e-01	2.06e-02	4.38e-03	3.23e-05	0.00e+00
 8.53678e+22	1.17e-11	7.24e-07	9.66e-04	4.51e-02	3.70e-01	4.62e-01	9.98e-02	1.86e-02	3.83e-03	2.69e-05	0.00e+00
 8.56480e+22	1.46e-11	8.59e-07	1.09e-03	4.87e-02	3.81e-01	4.55e-01	9.39e-02	1.70e-02	3.37e-03	2.26e-05	0.00e+00
 8.59644e+22	1.92e-11	1.07e-06	1.28e-03	5.36e-02	3.95e-01	4.45e-01	8.67e-02	1.51e-02	2.86e-03	1.81e-05	0.00e+00
 8.62896e+22	2.40e-11	1.27e-06	1.45e-03	5.78e-02	4.07e-01	4.37e-01	8.11e-02	1.36e-02	2.50e-03	1.51e-05	0.00e+00
 8.66262e+22	3.22e-11	1.59e-06	1.71e-03	6.39e-02	4.21e-01	4.25e-01	7.41e-02	1.20e-02	2.09e-03	1.18e-05	0.00e+00
 8.69645e+22	4.05e-11	1.91e-06	1.95e-03	6.90e-02	4.33e-01	4.15e-01	6.90e-02	1.08e-02	1.81e-03	9.75e-06	0.00e+00
 8.73050e+22	5.36e-11	2.37e-06	2.28e-03	7.56e-02	4.46e-01	4.02e-01	6.29e-02	9.44e-03	1.52e-03	7.69e-06	0.00e+00
 8.76578e+22	6.89e-11	2.88e-06	2.62e-03	8.20e-02	4.57e-01	3.90e-01	5.79e-02	8.37e-03	1.29e-03	6.19e-06	0.00e+00
 8.79726e+22	8.69e-11	3.44e-06	2.97e-03	8.83e-02	4.68e-01	3.79e-01	5.34e-02	7.49e-03	1.11e-03	5.06e-06	0.00e+00
 8.83277e+22	1.16e-10	4.30e-06	3.48e-03	9.67e-02	4.80e-01	3.65e-01	4.82e-02	6.49e-03	9.21e-04	3.93e-06	0.00e+00
 8.86921e+22	1.49e-10	5.22e-06	3.99e-03	1.05e-01	4.90e-01	3.52e-01	4.40e-02	5.72e-03	7.78e-04	3.13e-06	0.00e+00
 8.90140e+22	1.88e-10	6.24e-06	4.53e-03	1.12e-01	4.98e-01	3.39e-01	4.03e-02	5.08e-03	6.65e-04	2.54e-06	0.00e+00
 8.93775e+22	2.52e-10	7.79e-06	5.29e-03	1.22e-01	5.08e-01	3.24e-01	3.60e-02	4.37e-03	5.44e-04	1.95e-06	0.00e+00
 8.97517e+22	3.25e-10	9.46e-06	6.06e-03	1.32e-01	5.16e-01	3.10e-01	3.26e-02	3.82e-03	4.55e-04	1.53e-06	0.00e+00
 9.00837e+22	4.11e-10	1.13e-05	6.86e-03	1.41e-01	5.22e-01	2.97e-01	2.96e-02	3.37e-03	3.85e-04	1.23e-06	0.00e+00
 9.04591e+22	5.54e-10	1.42e-05	8.03e-03	1.53e-01	5.29e-01	2.81e-01	2.61e-02	2.86e-03	3.11e-04	9.24e-07	0.00e+00
 9.08435e+22	7.11e-10	1.71e-05	9.15e-03	1.64e-01	5.34e-01	2.67e-01	2.34e-02	2.49e-03	2.59e-04	7.25e-07	0.00e+00
 9.12397e+22	9.69e-10	2.17e-05	1.08e-02	1.78e-01	5.38e-01	2.50e-01	2.04e-02	2.09e-03	2.05e-04	5.34e-07	0.00e+00
 9.16412e+22	1.26e-09	2.63e-05	1.23e-02	1.91e-01	5.41e-01	2.36e-01	1.81e-02	1.80e-03	1.69e-04	4.12e-07	0.00e+00
 9.20497e+22	1.70e-09	3.31e-05	1.43e-02	2.06e-01	5.42e-01	2.20e-01	1.57e-02	1.51e-03	1.33e-04	3.03e-07	0.00e+00
 9.24255e+22	2.09e-09	3.87e-05	1.59e-02	2.17e-01	5.42e-01	2.09e-01	1.42e-02	1.33e-03	1.13e-04	2.44e-07	0.00e+00
