#depth	O	O+	O+2	O+3	O+4	O+5	O+6	O+7	O+8	O[1]	O[2]	O[3]
 4.62852e+21	0.00e+00	0.00e+00	0.00e+00	1.95e-25	9.42e-20	1.94e-14	1.21e-08	2.36e-04	1.00e+00	0.00e+00	0.00e+00	0.00e+00
 1.05236e+22	0.00e+00	0.00e+00	8.37e-31	1.18e-24	4.00e-19	5.75e-14	2.49e-08	3.38e-04	1.00e+00	0.00e+00	0.00e+00	0.00e+00
 1.26314e+22	0.00e+00	0.00e+00	3.43e-30	3.83e-24	1.04e-18	1.18e-13	4.01e-08	4.28e-04	1.00e+00	0.00e+00	0.00e+00	0.00e+00
 1.41457e+22	0.00e+00	0.00e+00	1.06e-29	9.85e-24	2.21e-18	2.09e-13	5.86e-08	5.18e-04	9.99e-01	0.00e+00	0.00e+00	0.00e+00
 1.50229e+22	0.00e+00	0.00e+00	1.50e-29	1.31e-23	2.79e-18	2.49e-13	6.57e-08	5.48e-04	9.99e-01	0.00e+00	0.00e+00	0.00e+00
 1.54924e+22	0.00e+00	0.00e+00	2.32e-29	1.89e-23	3.74e-18	3.10e-13	7.61e-08	5.89e-04	9.99e-01	0.00e+00	0.00e+00	0.00e+00
 1.60045e+22	0.00e+00	0.00e+00	3.49e-29	2.66e-23	4.91e-18	3.81e-13	8.72e-08	6.31e-04	9.99e-01	0.00e+00	0.00e+00	0.00e+00
 1.65719e+22	0.00e+00	0.00e+00	6.05e-29	4.21e-23	7.11e-18	5.04e-13	1.05e-07	6.92e-04	9.99e-01	0.00e+00	0.00e+00	0.00e+00
 1.70733e+22	0.00e+00	0.00e+00	8.17e-29	5.41e-23	8.70e-18	5.87e-13	1.16e-07	7.27e-04	9.99e-01	0.00e+00	0.00e+00	0.00e+00
 1.74886e+22	0.00e+00	0.00e+00	1.18e-28	7.34e-23	1.11e-17	7.07e-13	1.31e-07	7.73e-04	9.99e-01	0.00e+00	0.00e+00	0.00e+00
 1.79395e+22	0.00e+00	0.00e+00	1.69e-28	9.96e-23	1.42e-17	8.50e-13	1.48e-07	8.21e-04	9.99e-01	0.00e+00	0.00e+00	0.00e+00
 1.83503e+22	0.00e+00	0.00e+00	2.36e-28	1.31e-22	1.78e-17	1.01e-12	1.66e-07	8.68e-04	9.99e-01	0.00e+00	0.00e+00	0.00e+00
 1.87977e+22	0.00e+00	0.00e+00	3.58e-28	1.86e-22	2.35e-17	1.25e-12	1.91e-07	9.31e-04	9.99e-01	0.00e+00	0.00e+00	0.00e+00
 1.92512e+22	0.00e+00	0.00e+00	5.02e-28	2.47e-22	2.95e-17	1.48e-12	2.13e-07	9.85e-04	9.99e-01	0.00e+00	0.00e+00	0.00e+00
 1.96490e+22	0.00e+00	0.00e+00	6.97e-28	3.25e-22	3.68e-17	1.75e-12	2.38e-07	1.04e-03	9.99e-01	0.00e+00	0.00e+00	0.00e+00
 2.01027e+22	0.00e+00	0.00e+00	1.06e-27	4.61e-22	4.88e-17	2.16e-12	2.74e-07	1.12e-03	9.99e-01	0.00e+00	0.00e+00	0.00e+00
 2.05625e+22	0.00e+00	2.23e-34	1.49e-27	6.14e-22	6.14e-17	2.57e-12	3.08e-07	1.18e-03	9.99e-01	0.00e+00	0.00e+00	0.00e+00
 2.09616e+22	0.00e+00	3.26e-34	2.06e-27	8.06e-22	7.65e-17	3.04e-12	3.44e-07	1.25e-03	9.99e-01	0.00e+00	0.00e+00	0.00e+00
 2.13235e+22	0.00e+00	4.57e-34	2.76e-27	1.03e-21	9.30e-17	3.52e-12	3.79e-07	1.31e-03	9.99e-01	0.00e+00	0.00e+00	0.00e+00
 2.16508e+22	0.00e+00	6.25e-34	3.61e-27	1.29e-21	1.12e-16	4.05e-12	4.15e-07	1.37e-03	9.99e-01	0.00e+00	0.00e+00	0.00e+00
 2.20216e+22	0.00e+00	9.09e-34	4.99e-27	1.69e-21	1.39e-16	4.77e-12	4.62e-07	1.44e-03	9.99e-01	0.00e+00	0.00e+00	0.00e+00
 2.24168e+22	0.00e+00	1.31e-33	6.81e-27	2.19e-21	1.71e-16	5.59e-12	5.13e-07	1.52e-03	9.98e-01	0.00e+00	0.00e+00	0.00e+00
 2.27684e+22	0.00e+00	1.83e-33	9.09e-27	2.79e-21	2.08e-16	6.48e-12	5.66e-07	1.60e-03	9.98e-01	0.00e+00	0.00e+00	0.00e+00
 2.30969e+22	0.00e+00	2.50e-33	1.19e-26	3.50e-21	2.49e-16	7.45e-12	6.20e-07	1.67e-03	9.98e-01	0.00e+00	0.00e+00	0.00e+00
 2.34708e+22	0.00e+00	3.63e-33	1.64e-26	4.58e-21	3.10e-16	8.79e-12	6.91e-07	1.76e-03	9.98e-01	0.00e+00	0.00e+00	0.00e+00
 2.38707e+22	0.00e+00	5.26e-33	2.26e-26	5.97e-21	3.84e-16	1.03e-11	7.69e-07	1.86e-03	9.98e-01	0.00e+00	0.00e+00	0.00e+00
 2.42242e+22	0.00e+00	7.32e-33	3.00e-26	7.57e-21	4.65e-16	1.20e-11	8.46e-07	1.95e-03	9.98e-01	0.00e+00	0.00e+00	0.00e+00
 2.45266e+22	0.00e+00	9.72e-33	3.83e-26	9.29e-21	5.48e-16	1.35e-11	9.18e-07	2.03e-03	9.98e-01	0.00e+00	0.00e+00	0.00e+00
 2.48008e+22	0.00e+00	1.26e-32	4.77e-26	1.12e-20	6.36e-16	1.52e-11	9.89e-07	2.11e-03	9.98e-01	0.00e+00	0.00e+00	0.00e+00
 2.51154e+22	0.00e+00	1.71e-32	6.23e-26	1.40e-20	7.62e-16	1.74e-11	1.08e-06	2.20e-03	9.98e-01	0.00e+00	0.00e+00	0.00e+00
 2.54570e+22	0.00e+00	2.34e-32	8.15e-26	1.75e-20	9.14e-16	2.00e-11	1.19e-06	2.30e-03	9.98e-01	0.00e+00	0.00e+00	0.00e+00
 2.57715e+22	0.00e+00	3.15e-32	1.05e-25	2.17e-20	1.09e-15	2.28e-11	1.29e-06	2.40e-03	9.98e-01	0.00e+00	0.00e+00	0.00e+00
 2.60639e+22	0.00e+00	4.16e-32	1.34e-25	2.65e-20	1.28e-15	2.57e-11	1.40e-06	2.50e-03	9.97e-01	0.00e+00	0.00e+00	0.00e+00
 2.63899e+22	0.00e+00	5.76e-32	1.77e-25	3.36e-20	1.55e-15	2.98e-11	1.54e-06	2.62e-03	9.97e-01	0.00e+00	0.00e+00	0.00e+00
 2.67331e+22	0.00e+00	7.90e-32	2.32e-25	4.21e-20	1.86e-15	3.42e-11	1.69e-06	2.74e-03	9.97e-01	0.00e+00	0.00e+00	0.00e+00
 2.70363e+22	0.00e+00	1.05e-31	2.96e-25	5.17e-20	2.19e-15	3.88e-11	1.83e-06	2.86e-03	9.97e-01	0.00e+00	0.00e+00	0.00e+00
 2.73221e+22	0.00e+00	1.38e-31	3.75e-25	6.30e-20	2.57e-15	4.38e-11	1.99e-06	2.97e-03	9.97e-01	0.00e+00	0.00e+00	0.00e+00
 2.75903e+22	0.00e+00	1.75e-31	4.61e-25	7.48e-20	2.95e-15	4.86e-11	2.13e-06	3.08e-03	9.97e-01	0.00e+00	0.00e+00	0.00e+00
 2.78817e+22	0.00e+00	2.35e-31	5.93e-25	9.25e-20	3.50e-15	5.54e-11	2.32e-06	3.21e-03	9.97e-01	0.00e+00	0.00e+00	0.00e+00
 2.81863e+22	0.00e+00	3.11e-31	7.53e-25	1.13e-19	4.12e-15	6.26e-11	2.51e-06	3.34e-03	9.97e-01	0.00e+00	0.00e+00	0.00e+00
 2.84532e+22	0.00e+00	3.99e-31	9.34e-25	1.35e-19	4.76e-15	6.99e-11	2.70e-06	3.46e-03	9.97e-01	0.00e+00	0.00e+00	0.00e+00
 2.87452e+22	0.00e+00	5.36e-31	1.21e-24	1.67e-19	5.66e-15	7.98e-11	2.95e-06	3.61e-03	9.96e-01	0.00e+00	0.00e+00	0.00e+00
 2.90537e+22	0.00e+00	7.11e-31	1.54e-24	2.05e-19	6.67e-15	9.03e-11	3.20e-06	3.76e-03	9.96e-01	0.00e+00	0.00e+00	0.00e+00
 2.93224e+22	0.00e+00	9.14e-31	1.91e-24	2.46e-19	7.71e-15	1.01e-10	3.44e-06	3.90e-03	9.96e-01	0.00e+00	0.00e+00	0.00e+00
 2.96108e+22	0.00e+00	1.22e-30	2.45e-24	3.03e-19	9.14e-15	1.15e-10	3.75e-06	4.07e-03	9.96e-01	0.00e+00	0.00e+00	0.00e+00
 2.99149e+22	0.00e+00	1.62e-30	3.11e-24	3.70e-19	1.07e-14	1.30e-10	4.06e-06	4.24e-03	9.96e-01	0.00e+00	0.00e+00	0.00e+00
 3.01852e+22	0.00e+00	2.08e-30	3.87e-24	4.45e-19	1.24e-14	1.45e-10	4.37e-06	4.39e-03	9.96e-01	0.00e+00	0.00e+00	0.00e+00
 3.04286e+22	0.00e+00	2.62e-30	4.71e-24	5.24e-19	1.42e-14	1.60e-10	4.67e-06	4.54e-03	9.95e-01	0.00e+00	0.00e+00	0.00e+00
 3.06567e+22	0.00e+00	3.23e-30	5.65e-24	6.11e-19	1.61e-14	1.76e-10	4.97e-06	4.68e-03	9.95e-01	0.00e+00	0.00e+00	0.00e+00
 3.09188e+22	0.00e+00	4.18e-30	7.05e-24	7.36e-19	1.87e-14	1.98e-10	5.36e-06	4.86e-03	9.95e-01	0.00e+00	0.00e+00	0.00e+00
 3.11994e+22	0.00e+00	5.41e-30	8.80e-24	8.86e-19	2.17e-14	2.21e-10	5.77e-06	5.04e-03	9.95e-01	0.00e+00	0.00e+00	0.00e+00
 3.14521e+22	0.00e+00	6.88e-30	1.08e-23	1.05e-18	2.49e-14	2.46e-10	6.19e-06	5.22e-03	9.95e-01	0.00e+00	0.00e+00	0.00e+00
 3.16919e+22	0.00e+00	8.67e-30	1.32e-23	1.24e-18	2.85e-14	2.73e-10	6.62e-06	5.39e-03	9.95e-01	0.00e+00	0.00e+00	0.00e+00
 3.19286e+22	0.00e+00	1.08e-29	1.60e-23	1.46e-18	3.25e-14	3.01e-10	7.06e-06	5.57e-03	9.94e-01	0.00e+00	0.00e+00	0.00e+00
 3.21974e+22	0.00e+00	1.41e-29	2.01e-23	1.77e-18	3.79e-14	3.39e-10	7.64e-06	5.79e-03	9.94e-01	0.00e+00	0.00e+00	0.00e+00
 3.24792e+22	0.00e+00	1.84e-29	2.51e-23	2.13e-18	4.41e-14	3.79e-10	8.24e-06	6.01e-03	9.94e-01	0.00e+00	0.00e+00	0.00e+00
 3.27233e+22	0.00e+00	2.31e-29	3.06e-23	2.51e-18	5.04e-14	4.20e-10	8.80e-06	6.21e-03	9.94e-01	0.00e+00	0.00e+00	0.00e+00
 3.29858e+22	0.00e+00	3.02e-29	3.85e-23	3.05e-18	5.89e-14	4.73e-10	9.52e-06	6.46e-03	9.94e-01	0.00e+00	0.00e+00	0.00e+00
 3.32646e+22	0.00e+00	3.90e-29	4.80e-23	3.67e-18	6.83e-14	5.29e-10	1.03e-05	6.70e-03	9.93e-01	0.00e+00	0.00e+00	0.00e+00
 3.35049e+22	0.00e+00	4.85e-29	5.79e-23	4.29e-18	7.75e-14	5.82e-10	1.09e-05	6.91e-03	9.93e-01	0.00e+00	0.00e+00	0.00e+00
 3.37575e+22	0.00e+00	6.28e-29	7.23e-23	5.17e-18	9.01e-14	6.53e-10	1.18e-05	7.17e-03	9.93e-01	0.00e+00	0.00e+00	0.00e+00
 3.40225e+22	0.00e+00	8.01e-29	8.91e-23	6.15e-18	1.04e-13	7.26e-10	1.26e-05	7.43e-03	9.93e-01	0.00e+00	0.00e+00	0.00e+00
 3.42589e+22	0.00e+00	1.00e-28	1.08e-22	7.23e-18	1.18e-13	8.01e-10	1.35e-05	7.67e-03	9.92e-01	0.00e+00	0.00e+00	0.00e+00
 3.45219e+22	0.00e+00	1.31e-28	1.36e-22	8.76e-18	1.38e-13	9.01e-10	1.46e-05	7.97e-03	9.92e-01	0.00e+00	0.00e+00	0.00e+00
 3.48004e+22	0.00e+00	1.71e-28	1.71e-22	1.06e-17	1.60e-13	1.01e-09	1.58e-05	8.29e-03	9.92e-01	0.00e+00	0.00e+00	0.00e+00
 3.50352e+22	0.00e+00	2.10e-28	2.04e-22	1.23e-17	1.81e-13	1.11e-09	1.68e-05	8.54e-03	9.91e-01	0.00e+00	0.00e+00	0.00e+00
 3.52762e+22	0.00e+00	2.70e-28	2.53e-22	1.47e-17	2.09e-13	1.24e-09	1.80e-05	8.85e-03	9.91e-01	0.00e+00	0.00e+00	0.00e+00
 3.55337e+22	0.00e+00	3.43e-28	3.10e-22	1.75e-17	2.40e-13	1.37e-09	1.93e-05	9.16e-03	9.91e-01	0.00e+00	0.00e+00	0.00e+00
 3.57708e+22	0.00e+00	4.30e-28	3.77e-22	2.06e-17	2.74e-13	1.51e-09	2.06e-05	9.47e-03	9.91e-01	0.00e+00	0.00e+00	0.00e+00
 3.60376e+22	2.24e-35	5.66e-28	4.76e-22	2.50e-17	3.20e-13	1.70e-09	2.23e-05	9.85e-03	9.90e-01	0.00e+00	0.00e+00	0.00e+00
 3.63168e+22	3.07e-35	7.45e-28	6.02e-22	3.04e-17	3.74e-13	1.91e-09	2.41e-05	1.02e-02	9.90e-01	0.00e+00	0.00e+00	0.00e+00
 3.65572e+22	3.94e-35	9.26e-28	7.26e-22	3.56e-17	4.25e-13	2.11e-09	2.58e-05	1.06e-02	9.89e-01	0.00e+00	0.00e+00	0.00e+00
 3.68149e+22	5.40e-35	1.22e-27	9.18e-22	4.32e-17	4.97e-13	2.37e-09	2.79e-05	1.10e-02	9.89e-01	0.00e+00	0.00e+00	0.00e+00
 3.70787e+22	7.14e-35	1.56e-27	1.13e-21	5.14e-17	5.71e-13	2.63e-09	2.99e-05	1.14e-02	9.89e-01	0.00e+00	0.00e+00	0.00e+00
 3.73081e+22	9.24e-35	1.95e-27	1.37e-21	6.03e-17	6.49e-13	2.89e-09	3.19e-05	1.18e-02	9.88e-01	0.00e+00	0.00e+00	0.00e+00
 3.75640e+22	1.26e-34	2.54e-27	1.72e-21	7.30e-17	7.56e-13	3.24e-09	3.45e-05	1.22e-02	9.88e-01	0.00e+00	0.00e+00	0.00e+00
 3.78355e+22	1.72e-34	3.34e-27	2.17e-21	8.85e-17	8.80e-13	3.63e-09	3.72e-05	1.27e-02	9.87e-01	0.00e+00	0.00e+00	0.00e+00
 3.80634e+22	2.18e-34	4.11e-27	2.59e-21	1.03e-16	9.91e-13	3.97e-09	3.95e-05	1.31e-02	9.87e-01	0.00e+00	0.00e+00	0.00e+00
 3.82955e+22	2.92e-34	5.31e-27	3.23e-21	1.23e-16	1.14e-12	4.42e-09	4.26e-05	1.36e-02	9.86e-01	0.00e+00	0.00e+00	0.00e+00
 3.85416e+22	3.84e-34	6.73e-27	3.95e-21	1.45e-16	1.31e-12	4.88e-09	4.55e-05	1.41e-02	9.86e-01	0.00e+00	0.00e+00	0.00e+00
 3.87688e+22	5.00e-34	8.47e-27	4.80e-21	1.71e-16	1.49e-12	5.36e-09	4.86e-05	1.45e-02	9.85e-01	0.00e+00	0.00e+00	0.00e+00
 3.90267e+22	7.04e-34	1.14e-26	6.18e-21	2.11e-16	1.75e-12	6.06e-09	5.29e-05	1.52e-02	9.85e-01	0.00e+00	0.00e+00	0.00e+00
 3.92870e+22	9.26e-34	1.45e-26	7.57e-21	2.49e-16	2.01e-12	6.69e-09	5.66e-05	1.57e-02	9.84e-01	0.00e+00	0.00e+00	0.00e+00
 3.95504e+22	1.32e-33	1.97e-26	9.83e-21	3.09e-16	2.38e-12	7.58e-09	6.18e-05	1.64e-02	9.84e-01	0.00e+00	0.00e+00	0.00e+00
 3.98064e+22	1.75e-33	2.51e-26	1.21e-20	3.67e-16	2.72e-12	8.36e-09	6.61e-05	1.70e-02	9.83e-01	0.00e+00	0.00e+00	0.00e+00
 4.00139e+22	2.26e-33	3.13e-26	1.46e-20	4.28e-16	3.07e-12	9.14e-09	7.04e-05	1.75e-02	9.82e-01	0.00e+00	0.00e+00	0.00e+00
 4.02448e+22	3.05e-33	4.07e-26	1.82e-20	5.14e-16	3.55e-12	1.02e-08	7.57e-05	1.82e-02	9.82e-01	0.00e+00	0.00e+00	0.00e+00
 4.04924e+22	4.13e-33	5.29e-26	2.27e-20	6.17e-16	4.10e-12	1.13e-08	8.15e-05	1.89e-02	9.81e-01	0.00e+00	0.00e+00	0.00e+00
 4.07159e+22	5.42e-33	6.69e-26	2.77e-20	7.28e-16	4.66e-12	1.24e-08	8.70e-05	1.95e-02	9.80e-01	0.00e+00	0.00e+00	0.00e+00
 4.09233e+22	7.06e-33	8.41e-26	3.37e-20	8.53e-16	5.28e-12	1.35e-08	9.28e-05	2.02e-02	9.80e-01	0.00e+00	0.00e+00	0.00e+00
 4.11250e+22	9.10e-33	1.05e-25	4.05e-20	9.94e-16	5.95e-12	1.48e-08	9.86e-05	2.08e-02	9.79e-01	0.00e+00	0.00e+00	0.00e+00
 4.13567e+22	1.26e-32	1.39e-25	5.15e-20	1.21e-15	6.93e-12	1.65e-08	1.07e-04	2.17e-02	9.78e-01	0.00e+00	0.00e+00	0.00e+00
 4.15936e+22	1.69e-32	1.79e-25	6.36e-20	1.44e-15	7.94e-12	1.82e-08	1.14e-04	2.25e-02	9.77e-01	0.00e+00	0.00e+00	0.00e+00
 4.17991e+22	2.22e-32	2.26e-25	7.76e-20	1.69e-15	9.01e-12	1.99e-08	1.22e-04	2.32e-02	9.77e-01	0.00e+00	0.00e+00	0.00e+00
 4.20278e+22	3.10e-32	3.02e-25	9.92e-20	2.07e-15	1.05e-11	2.22e-08	1.32e-04	2.42e-02	9.76e-01	0.00e+00	0.00e+00	0.00e+00
 4.22631e+22	4.13e-32	3.87e-25	1.22e-19	2.46e-15	1.20e-11	2.45e-08	1.41e-04	2.50e-02	9.75e-01	0.00e+00	0.00e+00	0.00e+00
 4.24679e+22	5.48e-32	4.94e-25	1.50e-19	2.91e-15	1.37e-11	2.68e-08	1.51e-04	2.59e-02	9.74e-01	0.00e+00	0.00e+00	0.00e+00
 4.26631e+22	7.14e-32	6.21e-25	1.82e-19	3.41e-15	1.55e-11	2.93e-08	1.61e-04	2.67e-02	9.73e-01	0.00e+00	0.00e+00	0.00e+00
 4.28851e+22	9.93e-32	8.25e-25	2.31e-19	4.15e-15	1.81e-11	3.27e-08	1.74e-04	2.78e-02	9.72e-01	0.00e+00	0.00e+00	0.00e+00
 4.31135e+22	1.34e-31	1.07e-24	2.88e-19	4.96e-15	2.08e-11	3.60e-08	1.86e-04	2.88e-02	9.71e-01	0.00e+00	0.00e+00	0.00e+00
 4.33121e+22	1.75e-31	1.35e-24	3.50e-19	5.82e-15	2.35e-11	3.94e-08	1.99e-04	2.98e-02	9.70e-01	0.00e+00	0.00e+00	0.00e+00
 4.35320e+22	2.47e-31	1.81e-24	4.49e-19	7.14e-15	2.76e-11	4.41e-08	2.15e-04	3.10e-02	9.69e-01	0.00e+00	0.00e+00	0.00e+00
 4.37518e+22	3.29e-31	2.32e-24	5.52e-19	8.46e-15	3.14e-11	4.84e-08	2.30e-04	3.21e-02	9.68e-01	0.00e+00	0.00e+00	0.00e+00
 4.39399e+22	4.31e-31	2.93e-24	6.72e-19	9.94e-15	3.56e-11	5.29e-08	2.45e-04	3.31e-02	9.67e-01	0.00e+00	0.00e+00	0.00e+00
 4.41529e+22	6.02e-31	3.90e-24	8.56e-19	1.21e-14	4.15e-11	5.90e-08	2.65e-04	3.44e-02	9.65e-01	0.00e+00	0.00e+00	0.00e+00
 4.43760e+22	8.12e-31	5.05e-24	1.07e-18	1.45e-14	4.77e-11	6.51e-08	2.84e-04	3.57e-02	9.64e-01	0.00e+00	0.00e+00	0.00e+00
 4.45734e+22	1.09e-30	6.50e-24	1.32e-18	1.72e-14	5.46e-11	7.16e-08	3.04e-04	3.69e-02	9.63e-01	0.00e+00	0.00e+00	0.00e+00
 4.47602e+22	1.43e-30	8.22e-24	1.60e-18	2.03e-14	6.19e-11	7.83e-08	3.23e-04	3.81e-02	9.62e-01	0.00e+00	0.00e+00	0.00e+00
 4.49722e+22	2.01e-30	1.11e-23	2.06e-18	2.49e-14	7.26e-11	8.77e-08	3.50e-04	3.96e-02	9.60e-01	0.00e+00	0.00e+00	0.00e+00
 4.51917e+22	2.74e-30	1.44e-23	2.58e-18	2.99e-14	8.37e-11	9.70e-08	3.76e-04	4.11e-02	9.59e-01	0.00e+00	0.00e+00	0.00e+00
 4.53867e+22	3.69e-30	1.87e-23	3.20e-18	3.57e-14	9.60e-11	1.07e-07	4.02e-04	4.25e-02	9.57e-01	0.00e+00	0.00e+00	0.00e+00
 4.55758e+22	4.91e-30	2.39e-23	3.95e-18	4.24e-14	1.10e-10	1.17e-07	4.30e-04	4.39e-02	9.56e-01	0.00e+00	0.00e+00	0.00e+00
 4.57913e+22	7.11e-30	3.29e-23	5.16e-18	5.29e-14	1.30e-10	1.33e-07	4.67e-04	4.58e-02	9.54e-01	0.00e+00	0.00e+00	0.00e+00
 4.60116e+22	9.62e-30	4.27e-23	6.44e-18	6.34e-14	1.50e-10	1.46e-07	5.01e-04	4.74e-02	9.52e-01	0.00e+00	0.00e+00	0.00e+00
 4.62382e+22	1.41e-29	5.95e-23	8.52e-18	7.98e-14	1.79e-10	1.66e-07	5.47e-04	4.95e-02	9.50e-01	0.00e+00	0.00e+00	0.00e+00
 4.64705e+22	2.02e-29	8.10e-23	1.11e-17	9.87e-14	2.11e-10	1.87e-07	5.93e-04	5.15e-02	9.48e-01	0.00e+00	0.00e+00	0.00e+00
 4.66620e+22	2.69e-29	1.03e-22	1.36e-17	1.17e-13	2.41e-10	2.05e-07	6.32e-04	5.32e-02	9.46e-01	0.00e+00	0.00e+00	0.00e+00
 4.68628e+22	3.79e-29	1.39e-22	1.75e-17	1.44e-13	2.83e-10	2.30e-07	6.84e-04	5.53e-02	9.44e-01	0.00e+00	0.00e+00	0.00e+00
 4.70709e+22	5.10e-29	1.80e-22	2.17e-17	1.72e-13	3.25e-10	2.54e-07	7.31e-04	5.72e-02	9.42e-01	0.00e+00	0.00e+00	0.00e+00
 4.72597e+22	7.08e-29	2.39e-22	2.76e-17	2.09e-13	3.78e-10	2.82e-07	7.86e-04	5.92e-02	9.40e-01	0.00e+00	0.00e+00	0.00e+00
 4.74268e+22	9.18e-29	2.99e-22	3.33e-17	2.45e-13	4.27e-10	3.08e-07	8.33e-04	6.09e-02	9.38e-01	0.00e+00	0.00e+00	0.00e+00
 4.75948e+22	1.23e-28	3.85e-22	4.13e-17	2.92e-13	4.89e-10	3.39e-07	8.90e-04	6.29e-02	9.36e-01	0.00e+00	0.00e+00	0.00e+00
 4.77742e+22	1.63e-28	4.92e-22	5.08e-17	3.46e-13	5.58e-10	3.72e-07	9.48e-04	6.49e-02	9.34e-01	0.00e+00	0.00e+00	0.00e+00
 4.79252e+22	2.07e-28	6.04e-22	6.04e-17	3.99e-13	6.24e-10	4.02e-07	9.99e-04	6.66e-02	9.32e-01	0.00e+00	0.00e+00	0.00e+00
 4.80568e+22	2.61e-28	7.38e-22	7.15e-17	4.59e-13	6.95e-10	4.34e-07	1.05e-03	6.82e-02	9.31e-01	0.00e+00	0.00e+00	0.00e+00
 4.82065e+22	3.44e-28	9.36e-22	8.75e-17	5.41e-13	7.90e-10	4.76e-07	1.12e-03	7.03e-02	9.29e-01	0.00e+00	0.00e+00	0.00e+00
 4.83629e+22	4.43e-28	1.17e-21	1.05e-16	6.31e-13	8.89e-10	5.17e-07	1.18e-03	7.22e-02	9.27e-01	0.00e+00	0.00e+00	0.00e+00
 4.84952e+22	5.55e-28	1.42e-21	1.24e-16	7.22e-13	9.87e-10	5.57e-07	1.24e-03	7.39e-02	9.25e-01	0.00e+00	0.00e+00	0.00e+00
 4.86153e+22	6.92e-28	1.71e-21	1.46e-16	8.24e-13	1.09e-09	5.98e-07	1.30e-03	7.56e-02	9.23e-01	0.00e+00	0.00e+00	0.00e+00
 4.87522e+22	9.07e-28	2.16e-21	1.78e-16	9.70e-13	1.24e-09	6.54e-07	1.38e-03	7.78e-02	9.21e-01	0.00e+00	0.00e+00	0.00e+00
 4.88931e+22	1.14e-27	2.65e-21	2.11e-16	1.12e-12	1.38e-09	7.06e-07	1.45e-03	7.97e-02	9.19e-01	0.00e+00	0.00e+00	0.00e+00
 4.90187e+22	1.43e-27	3.21e-21	2.48e-16	1.28e-12	1.54e-09	7.60e-07	1.52e-03	8.16e-02	9.17e-01	0.00e+00	0.00e+00	0.00e+00
 4.91383e+22	1.79e-27	3.90e-21	2.92e-16	1.46e-12	1.70e-09	8.18e-07	1.60e-03	8.35e-02	9.15e-01	0.00e+00	0.00e+00	0.00e+00
 4.92510e+22	2.22e-27	4.69e-21	3.42e-16	1.66e-12	1.88e-09	8.77e-07	1.67e-03	8.53e-02	9.13e-01	0.00e+00	0.00e+00	0.00e+00
 4.93781e+22	2.89e-27	5.89e-21	4.15e-16	1.95e-12	2.13e-09	9.56e-07	1.77e-03	8.76e-02	9.11e-01	0.00e+00	0.00e+00	0.00e+00
 4.95081e+22	3.67e-27	7.24e-21	4.94e-16	2.25e-12	2.38e-09	1.03e-06	1.86e-03	8.98e-02	9.08e-01	0.00e+00	0.00e+00	0.00e+00
 4.96207e+22	4.55e-27	8.72e-21	5.78e-16	2.56e-12	2.63e-09	1.11e-06	1.95e-03	9.17e-02	9.06e-01	0.00e+00	0.00e+00	0.00e+00
 4.97456e+22	5.99e-27	1.11e-20	7.07e-16	3.02e-12	2.99e-09	1.21e-06	2.07e-03	9.43e-02	9.04e-01	0.00e+00	0.00e+00	0.00e+00
 4.98738e+22	7.65e-27	1.37e-20	8.46e-16	3.50e-12	3.35e-09	1.31e-06	2.18e-03	9.66e-02	9.01e-01	0.00e+00	0.00e+00	0.00e+00
 4.99862e+22	9.47e-27	1.64e-20	9.89e-16	3.99e-12	3.70e-09	1.41e-06	2.28e-03	9.87e-02	8.99e-01	0.00e+00	0.00e+00	0.00e+00
 5.00939e+22	1.19e-26	2.01e-20	1.17e-15	4.59e-12	4.12e-09	1.52e-06	2.39e-03	1.01e-01	8.97e-01	0.00e+00	0.00e+00	0.00e+00
 5.01963e+22	1.46e-26	2.39e-20	1.36e-15	5.18e-12	4.53e-09	1.62e-06	2.49e-03	1.03e-01	8.95e-01	0.00e+00	0.00e+00	0.00e+00
 5.03100e+22	1.94e-26	3.06e-20	1.67e-15	6.15e-12	5.16e-09	1.78e-06	2.64e-03	1.06e-01	8.91e-01	0.00e+00	0.00e+00	0.00e+00
 5.04242e+22	2.43e-26	3.71e-20	1.97e-15	7.03e-12	5.73e-09	1.91e-06	2.77e-03	1.08e-01	8.89e-01	0.00e+00	0.00e+00	0.00e+00
 5.05389e+22	3.24e-26	4.76e-20	2.43e-15	8.37e-12	6.55e-09	2.10e-06	2.94e-03	1.11e-01	8.86e-01	0.00e+00	0.00e+00	0.00e+00
 5.06552e+22	4.09e-26	5.83e-20	2.89e-15	9.63e-12	7.30e-09	2.26e-06	3.08e-03	1.14e-01	8.83e-01	0.00e+00	0.00e+00	0.00e+00
 5.07735e+22	5.62e-26	7.66e-20	3.64e-15	1.17e-11	8.45e-09	2.50e-06	3.29e-03	1.17e-01	8.80e-01	0.00e+00	0.00e+00	0.00e+00
 5.08897e+22	7.01e-26	9.28e-20	4.29e-15	1.33e-11	9.36e-09	2.69e-06	3.44e-03	1.20e-01	8.77e-01	0.00e+00	0.00e+00	0.00e+00
 5.10031e+22	9.63e-26	1.22e-19	5.41e-15	1.61e-11	1.08e-08	2.98e-06	3.67e-03	1.23e-01	8.73e-01	0.00e+00	0.00e+00	0.00e+00
 5.11162e+22	1.21e-25	1.48e-19	6.37e-15	1.85e-11	1.20e-08	3.20e-06	3.84e-03	1.26e-01	8.70e-01	0.00e+00	0.00e+00	0.00e+00
 5.12291e+22	1.67e-25	1.97e-19	8.10e-15	2.25e-11	1.40e-08	3.56e-06	4.10e-03	1.30e-01	8.66e-01	0.00e+00	0.00e+00	0.00e+00
 5.13421e+22	2.12e-25	2.41e-19	9.63e-15	2.59e-11	1.56e-08	3.84e-06	4.31e-03	1.33e-01	8.63e-01	0.00e+00	0.00e+00	0.00e+00
 5.14552e+22	2.97e-25	3.23e-19	1.23e-14	3.18e-11	1.83e-08	4.27e-06	4.61e-03	1.37e-01	8.59e-01	0.00e+00	0.00e+00	0.00e+00
 5.15667e+22	3.74e-25	3.95e-19	1.46e-14	3.66e-11	2.03e-08	4.60e-06	4.83e-03	1.40e-01	8.55e-01	0.00e+00	0.00e+00	0.00e+00
 5.16759e+22	5.18e-25	5.23e-19	1.85e-14	4.45e-11	2.36e-08	5.11e-06	5.15e-03	1.44e-01	8.51e-01	0.00e+00	0.00e+00	0.00e+00
 5.17839e+22	6.59e-25	6.43e-19	2.21e-14	5.15e-11	2.64e-08	5.52e-06	5.41e-03	1.47e-01	8.48e-01	0.00e+00	0.00e+00	0.00e+00
 5.18902e+22	9.09e-25	8.49e-19	2.80e-14	6.25e-11	3.07e-08	6.11e-06	5.76e-03	1.51e-01	8.43e-01	0.00e+00	0.00e+00	0.00e+00
 5.19983e+22	1.18e-24	1.06e-18	3.38e-14	7.30e-11	3.45e-08	6.64e-06	6.07e-03	1.55e-01	8.39e-01	0.00e+00	0.00e+00	0.00e+00
 5.21086e+22	1.65e-24	1.42e-18	4.33e-14	8.96e-11	4.04e-08	7.40e-06	6.49e-03	1.60e-01	8.34e-01	0.00e+00	0.00e+00	0.00e+00
 5.22209e+22	2.16e-24	1.80e-18	5.28e-14	1.06e-10	4.59e-08	8.07e-06	6.85e-03	1.64e-01	8.30e-01	0.00e+00	0.00e+00	0.00e+00
 5.23358e+22	3.09e-24	2.45e-18	6.87e-14	1.31e-10	5.41e-08	9.05e-06	7.36e-03	1.69e-01	8.24e-01	0.00e+00	0.00e+00	0.00e+00
 5.24510e+22	4.07e-24	3.10e-18	8.39e-14	1.55e-10	6.15e-08	9.88e-06	7.77e-03	1.73e-01	8.19e-01	0.00e+00	0.00e+00	0.00e+00
 5.25667e+22	5.84e-24	4.23e-18	1.09e-13	1.93e-10	7.28e-08	1.11e-05	8.36e-03	1.79e-01	8.13e-01	0.00e+00	0.00e+00	0.00e+00
 5.26801e+22	7.57e-24	5.30e-18	1.32e-13	2.25e-10	8.22e-08	1.21e-05	8.80e-03	1.83e-01	8.08e-01	0.00e+00	0.00e+00	0.00e+00
 5.27904e+22	1.07e-23	7.14e-18	1.71e-13	2.78e-10	9.66e-08	1.35e-05	9.43e-03	1.88e-01	8.02e-01	0.00e+00	0.00e+00	0.00e+00
 5.29008e+22	1.38e-23	8.89e-18	2.05e-13	3.24e-10	1.09e-07	1.47e-05	9.93e-03	1.93e-01	7.97e-01	0.00e+00	0.00e+00	0.00e+00
 5.30112e+22	1.93e-23	1.19e-17	2.63e-13	3.98e-10	1.28e-07	1.64e-05	1.06e-02	1.98e-01	7.91e-01	0.00e+00	0.00e+00	0.00e+00
 5.31238e+22	2.51e-23	1.49e-17	3.19e-13	4.67e-10	1.44e-07	1.78e-05	1.12e-02	2.03e-01	7.86e-01	0.00e+00	0.00e+00	0.00e+00
 5.32389e+22	3.54e-23	2.01e-17	4.11e-13	5.76e-10	1.70e-07	1.99e-05	1.20e-02	2.09e-01	7.79e-01	0.00e+00	0.00e+00	0.00e+00
 5.33561e+22	4.59e-23	2.51e-17	4.98e-13	6.76e-10	1.92e-07	2.17e-05	1.27e-02	2.14e-01	7.73e-01	0.00e+00	0.00e+00	0.00e+00
 5.34759e+22	6.45e-23	3.37e-17	6.39e-13	8.33e-10	2.26e-07	2.43e-05	1.36e-02	2.20e-01	7.66e-01	0.00e+00	0.00e+00	0.00e+00
 5.35990e+22	8.47e-23	4.27e-17	7.81e-13	9.85e-10	2.57e-07	2.66e-05	1.44e-02	2.26e-01	7.60e-01	0.00e+00	0.00e+00	0.00e+00
 5.37258e+22	1.20e-22	5.75e-17	1.01e-12	1.22e-09	3.04e-07	2.99e-05	1.54e-02	2.33e-01	7.52e-01	0.00e+00	0.00e+00	0.00e+00
 5.38503e+22	1.53e-22	7.13e-17	1.21e-12	1.42e-09	3.42e-07	3.25e-05	1.63e-02	2.38e-01	7.46e-01	0.00e+00	0.00e+00	0.00e+00
 5.39721e+22	2.12e-22	9.44e-17	1.54e-12	1.73e-09	4.00e-07	3.63e-05	1.74e-02	2.44e-01	7.38e-01	0.00e+00	0.00e+00	0.00e+00
 5.40967e+22	2.71e-22	1.17e-16	1.84e-12	2.02e-09	4.51e-07	3.94e-05	1.83e-02	2.50e-01	7.32e-01	0.00e+00	0.00e+00	0.00e+00
 5.42249e+22	3.75e-22	1.55e-16	2.35e-12	2.47e-09	5.28e-07	4.40e-05	1.96e-02	2.57e-01	7.24e-01	0.00e+00	0.00e+00	0.00e+00
 5.43569e+22	4.83e-22	1.92e-16	2.83e-12	2.88e-09	5.97e-07	4.80e-05	2.07e-02	2.62e-01	7.17e-01	0.00e+00	0.00e+00	0.00e+00
 5.44936e+22	6.74e-22	2.57e-16	3.62e-12	3.55e-09	7.03e-07	5.38e-05	2.22e-02	2.70e-01	7.08e-01	0.00e+00	0.00e+00	0.00e+00
 5.46295e+22	8.54e-22	3.15e-16	4.31e-12	4.11e-09	7.90e-07	5.84e-05	2.33e-02	2.75e-01	7.01e-01	0.00e+00	0.00e+00	0.00e+00
 5.47641e+22	1.16e-21	4.11e-16	5.42e-12	4.98e-09	9.19e-07	6.49e-05	2.49e-02	2.82e-01	6.93e-01	0.00e+00	0.00e+00	0.00e+00
 5.49029e+22	1.49e-21	5.10e-16	6.52e-12	5.82e-09	1.04e-06	7.08e-05	2.62e-02	2.88e-01	6.85e-01	0.00e+00	0.00e+00	0.00e+00
 5.50470e+22	2.06e-21	6.75e-16	8.29e-12	7.11e-09	1.22e-06	7.92e-05	2.81e-02	2.96e-01	6.76e-01	0.00e+00	0.00e+00	0.00e+00
 5.51927e+22	2.62e-21	8.31e-16	9.91e-12	8.27e-09	1.37e-06	8.62e-05	2.96e-02	3.02e-01	6.68e-01	0.00e+00	0.00e+00	0.00e+00
 5.53175e+22	3.29e-21	1.01e-15	1.17e-11	9.54e-09	1.54e-06	9.34e-05	3.10e-02	3.08e-01	6.61e-01	0.00e+00	0.00e+00	0.00e+00
 5.54569e+22	4.41e-21	1.31e-15	1.46e-11	1.15e-08	1.78e-06	1.04e-04	3.31e-02	3.15e-01	6.52e-01	0.00e+00	0.00e+00	0.00e+00
 5.55961e+22	5.48e-21	1.58e-15	1.72e-11	1.32e-08	1.99e-06	1.12e-04	3.46e-02	3.21e-01	6.44e-01	0.00e+00	0.00e+00	0.00e+00
 5.57348e+22	7.31e-21	2.03e-15	2.13e-11	1.58e-08	2.30e-06	1.24e-04	3.68e-02	3.28e-01	6.35e-01	0.00e+00	0.00e+00	0.00e+00
 5.58751e+22	9.02e-21	2.43e-15	2.49e-11	1.80e-08	2.55e-06	1.33e-04	3.85e-02	3.34e-01	6.28e-01	0.00e+00	0.00e+00	0.00e+00
 5.60174e+22	1.20e-20	3.11e-15	3.08e-11	2.16e-08	2.94e-06	1.48e-04	4.10e-02	3.41e-01	6.18e-01	0.00e+00	0.00e+00	0.00e+00
 5.61622e+22	1.48e-20	3.74e-15	3.62e-11	2.46e-08	3.28e-06	1.59e-04	4.29e-02	3.47e-01	6.10e-01	0.00e+00	0.00e+00	0.00e+00
 5.62900e+22	1.84e-20	4.50e-15	4.24e-11	2.82e-08	3.65e-06	1.72e-04	4.49e-02	3.53e-01	6.02e-01	0.00e+00	0.00e+00	0.00e+00
 5.64168e+22	2.27e-20	5.40e-15	4.96e-11	3.22e-08	4.06e-06	1.85e-04	4.69e-02	3.58e-01	5.95e-01	0.00e+00	0.00e+00	0.00e+00
 5.65626e+22	2.96e-20	6.81e-15	6.06e-11	3.81e-08	4.65e-06	2.04e-04	4.97e-02	3.65e-01	5.85e-01	0.00e+00	0.00e+00	0.00e+00
 5.67093e+22	3.64e-20	8.16e-15	7.08e-11	4.35e-08	5.16e-06	2.20e-04	5.19e-02	3.71e-01	5.77e-01	0.00e+00	0.00e+00	0.00e+00
 5.68574e+22	4.76e-20	1.03e-14	8.66e-11	5.16e-08	5.92e-06	2.42e-04	5.50e-02	3.78e-01	5.67e-01	0.00e+00	0.00e+00	0.00e+00
 5.70070e+22	5.82e-20	1.23e-14	1.01e-10	5.85e-08	6.55e-06	2.60e-04	5.74e-02	3.84e-01	5.59e-01	0.00e+00	0.00e+00	0.00e+00
 5.71588e+22	7.59e-20	1.54e-14	1.23e-10	6.93e-08	7.50e-06	2.86e-04	6.07e-02	3.91e-01	5.48e-01	0.00e+00	0.00e+00	0.00e+00
 5.73137e+22	9.30e-20	1.84e-14	1.43e-10	7.89e-08	8.32e-06	3.08e-04	6.34e-02	3.96e-01	5.40e-01	0.00e+00	0.00e+00	0.00e+00
 5.74725e+22	1.22e-19	2.33e-14	1.75e-10	9.35e-08	9.54e-06	3.39e-04	6.71e-02	4.03e-01	5.29e-01	0.00e+00	0.00e+00	0.00e+00
 5.76349e+22	1.50e-19	2.79e-14	2.04e-10	1.07e-07	1.06e-05	3.66e-04	7.01e-02	4.09e-01	5.21e-01	0.00e+00	0.00e+00	0.00e+00
 5.78019e+22	1.96e-19	3.52e-14	2.50e-10	1.26e-07	1.21e-05	4.03e-04	7.42e-02	4.16e-01	5.10e-01	0.00e+00	0.00e+00	0.00e+00
 5.79741e+22	2.44e-19	4.26e-14	2.94e-10	1.45e-07	1.36e-05	4.36e-04	7.76e-02	4.22e-01	5.00e-01	0.00e+00	0.00e+00	0.00e+00
 5.81229e+22	2.95e-19	5.03e-14	3.40e-10	1.64e-07	1.50e-05	4.67e-04	8.08e-02	4.26e-01	4.92e-01	0.00e+00	0.00e+00	0.00e+00
 5.82862e+22	3.83e-19	6.30e-14	4.13e-10	1.94e-07	1.71e-05	5.13e-04	8.53e-02	4.33e-01	4.81e-01	0.00e+00	0.00e+00	0.00e+00
 5.84516e+22	4.66e-19	7.47e-14	4.78e-10	2.19e-07	1.89e-05	5.50e-04	8.88e-02	4.38e-01	4.73e-01	0.00e+00	0.00e+00	0.00e+00
 5.86200e+22	5.93e-19	9.22e-14	5.73e-10	2.55e-07	2.13e-05	6.00e-04	9.32e-02	4.44e-01	4.62e-01	0.00e+00	0.00e+00	0.00e+00
 5.87978e+22	7.43e-19	1.12e-13	6.78e-10	2.94e-07	2.39e-05	6.50e-04	9.76e-02	4.49e-01	4.53e-01	0.00e+00	0.00e+00	0.00e+00
 5.89611e+22	9.14e-19	1.34e-13	7.93e-10	3.35e-07	2.65e-05	7.00e-04	1.02e-01	4.54e-01	4.43e-01	0.00e+00	0.00e+00	0.00e+00
 5.91465e+22	1.18e-18	1.68e-13	9.62e-10	3.95e-07	3.02e-05	7.67e-04	1.07e-01	4.60e-01	4.32e-01	0.00e+00	0.00e+00	0.00e+00
 5.93428e+22	1.50e-18	2.07e-13	1.15e-09	4.59e-07	3.41e-05	8.35e-04	1.12e-01	4.65e-01	4.22e-01	0.00e+00	0.00e+00	0.00e+00
 5.95244e+22	1.88e-18	2.51e-13	1.36e-09	5.29e-07	3.82e-05	9.04e-04	1.18e-01	4.70e-01	4.12e-01	0.00e+00	0.00e+00	0.00e+00
 5.97021e+22	2.33e-18	3.03e-13	1.60e-09	6.05e-07	4.25e-05	9.74e-04	1.23e-01	4.74e-01	4.02e-01	0.00e+00	0.00e+00	0.00e+00
 5.99032e+22	3.07e-18	3.85e-13	1.96e-09	7.20e-07	4.88e-05	1.07e-03	1.29e-01	4.79e-01	3.90e-01	0.00e+00	0.00e+00	0.00e+00
 6.01053e+22	3.81e-18	4.64e-13	2.31e-09	8.24e-07	5.44e-05	1.16e-03	1.35e-01	4.83e-01	3.81e-01	0.00e+00	0.00e+00	0.00e+00
 6.03086e+22	5.02e-18	5.90e-13	2.84e-09	9.80e-07	6.25e-05	1.28e-03	1.42e-01	4.88e-01	3.68e-01	0.00e+00	0.00e+00	0.00e+00
 6.05141e+22	6.24e-18	7.13e-13	3.34e-09	1.12e-06	6.96e-05	1.37e-03	1.48e-01	4.92e-01	3.59e-01	0.00e+00	0.00e+00	0.00e+00
 6.07226e+22	8.24e-18	9.07e-13	4.11e-09	1.34e-06	8.01e-05	1.52e-03	1.56e-01	4.96e-01	3.46e-01	0.00e+00	0.00e+00	0.00e+00
 6.09337e+22	1.03e-17	1.10e-12	4.84e-09	1.54e-06	8.94e-05	1.64e-03	1.63e-01	4.99e-01	3.37e-01	0.00e+00	0.00e+00	0.00e+00
 6.11482e+22	1.37e-17	1.41e-12	6.00e-09	1.84e-06	1.03e-04	1.81e-03	1.71e-01	5.03e-01	3.24e-01	0.00e+00	0.00e+00	0.00e+00
 6.13649e+22	1.71e-17	1.71e-12	7.07e-09	2.11e-06	1.15e-04	1.95e-03	1.78e-01	5.05e-01	3.14e-01	0.00e+00	0.00e+00	0.00e+00
 6.15842e+22	2.28e-17	2.20e-12	8.81e-09	2.55e-06	1.34e-04	2.17e-03	1.88e-01	5.08e-01	3.01e-01	2.28e-17	5.57e-27	5.86e-27
 6.18046e+22	2.84e-17	2.66e-12	1.04e-08	2.92e-06	1.49e-04	2.33e-03	1.96e-01	5.10e-01	2.92e-01	2.84e-17	1.57e-24	1.98e-24
 6.20264e+22	3.80e-17	3.43e-12	1.29e-08	3.52e-06	1.73e-04	2.59e-03	2.07e-01	5.12e-01	2.79e-01	3.80e-17	2.11e-24	2.66e-24
 6.22507e+22	4.75e-17	4.16e-12	1.53e-08	4.05e-06	1.94e-04	2.80e-03	2.15e-01	5.13e-01	2.70e-01	4.75e-17	2.63e-24	3.32e-24
 6.24782e+22	6.37e-17	5.36e-12	1.91e-08	4.88e-06	2.26e-04	3.11e-03	2.26e-01	5.13e-01	2.57e-01	6.37e-17	3.53e-24	4.45e-24
 6.27092e+22	7.99e-17	6.54e-12	2.26e-08	5.64e-06	2.53e-04	3.36e-03	2.36e-01	5.14e-01	2.47e-01	7.99e-17	4.43e-24	5.59e-24
 6.29077e+22	9.92e-17	7.88e-12	2.66e-08	6.49e-06	2.84e-04	3.64e-03	2.45e-01	5.14e-01	2.38e-01	9.92e-17	5.50e-24	6.93e-24
 6.30953e+22	1.21e-16	9.39e-12	3.10e-08	7.38e-06	3.15e-04	3.90e-03	2.53e-01	5.13e-01	2.29e-01	1.21e-16	6.72e-24	8.47e-24
 6.33061e+22	1.58e-16	1.18e-11	3.79e-08	8.78e-06	3.62e-04	4.31e-03	2.66e-01	5.12e-01	2.18e-01	1.58e-16	8.75e-24	1.10e-23
 6.35166e+22	1.92e-16	1.40e-11	4.40e-08	9.96e-06	4.01e-04	4.62e-03	2.75e-01	5.11e-01	2.10e-01	1.92e-16	1.06e-23	1.34e-23
 6.37268e+22	2.48e-16	1.76e-11	5.37e-08	1.18e-05	4.62e-04	5.09e-03	2.88e-01	5.08e-01	1.99e-01	2.48e-16	1.38e-23	1.74e-23
 6.39402e+22	3.03e-16	2.09e-11	6.24e-08	1.35e-05	5.13e-04	5.47e-03	2.97e-01	5.06e-01	1.91e-01	3.03e-16	1.68e-23	2.12e-23
 6.41578e+22	3.92e-16	2.61e-11	7.62e-08	1.60e-05	5.91e-04	6.03e-03	3.11e-01	5.03e-01	1.80e-01	3.92e-16	2.17e-23	2.74e-23
 6.43806e+22	4.81e-16	3.13e-11	8.93e-08	1.84e-05	6.62e-04	6.53e-03	3.22e-01	4.99e-01	1.71e-01	4.81e-16	2.67e-23	3.36e-23
 6.46100e+22	6.24e-16	3.93e-11	1.09e-07	2.19e-05	7.67e-04	7.23e-03	3.37e-01	4.94e-01	1.61e-01	6.24e-16	3.46e-23	4.36e-23
 6.48445e+22	7.67e-16	4.71e-11	1.29e-07	2.53e-05	8.63e-04	7.84e-03	3.49e-01	4.90e-01	1.52e-01	7.67e-16	4.25e-23	5.36e-23
 6.50858e+22	9.95e-16	5.93e-11	1.58e-07	3.03e-05	1.01e-03	8.72e-03	3.66e-01	4.83e-01	1.42e-01	9.95e-16	5.52e-23	6.96e-23
 6.53295e+22	1.22e-15	7.08e-11	1.86e-07	3.49e-05	1.13e-03	9.47e-03	3.78e-01	4.77e-01	1.34e-01	1.22e-15	6.74e-23	8.50e-23
 6.55717e+22	1.55e-15	8.78e-11	2.26e-07	4.16e-05	1.31e-03	1.05e-02	3.95e-01	4.69e-01	1.24e-01	1.55e-15	8.59e-23	1.08e-22
 6.58160e+22	1.88e-15	1.04e-10	2.64e-07	4.79e-05	1.48e-03	1.14e-02	4.08e-01	4.62e-01	1.16e-01	1.88e-15	1.04e-22	1.31e-22
 6.60539e+22	2.33e-15	1.26e-10	3.16e-07	5.63e-05	1.69e-03	1.26e-02	4.24e-01	4.54e-01	1.08e-01	2.33e-15	1.29e-22	1.63e-22
 6.62889e+22	2.76e-15	1.47e-10	3.65e-07	6.42e-05	1.89e-03	1.36e-02	4.37e-01	4.46e-01	1.01e-01	2.76e-15	1.53e-22	1.93e-22
 6.64960e+22	3.23e-15	1.70e-10	4.16e-07	7.25e-05	2.10e-03	1.46e-02	4.50e-01	4.38e-01	9.52e-02	3.23e-15	1.79e-22	2.26e-22
 6.67198e+22	3.89e-15	2.00e-10	4.88e-07	8.39e-05	2.38e-03	1.60e-02	4.65e-01	4.29e-01	8.82e-02	3.89e-15	2.16e-22	2.72e-22
 6.69405e+22	4.48e-15	2.28e-10	5.51e-07	9.39e-05	2.63e-03	1.72e-02	4.76e-01	4.21e-01	8.30e-02	4.48e-15	2.49e-22	3.13e-22
 6.71637e+22	5.32e-15	2.67e-10	6.42e-07	1.08e-04	2.97e-03	1.88e-02	4.91e-01	4.10e-01	7.66e-02	5.32e-15	2.96e-22	3.72e-22
 6.73867e+22	6.07e-15	3.01e-10	7.21e-07	1.21e-04	3.26e-03	2.00e-02	5.02e-01	4.02e-01	7.20e-02	6.07e-15	3.37e-22	4.24e-22
 6.76103e+22	7.12e-15	3.49e-10	8.33e-07	1.39e-04	3.67e-03	2.18e-02	5.17e-01	3.91e-01	6.62e-02	7.12e-15	3.95e-22	4.98e-22
 6.78342e+22	8.04e-15	3.91e-10	9.30e-07	1.54e-04	4.01e-03	2.33e-02	5.28e-01	3.83e-01	6.21e-02	8.04e-15	4.46e-22	5.62e-22
 6.80583e+22	9.32e-15	4.49e-10	1.07e-06	1.76e-04	4.49e-03	2.53e-02	5.41e-01	3.72e-01	5.71e-02	9.32e-15	5.18e-22	6.52e-22
 6.82833e+22	1.04e-14	5.00e-10	1.19e-06	1.94e-04	4.89e-03	2.69e-02	5.52e-01	3.63e-01	5.35e-02	1.04e-14	5.80e-22	7.31e-22
 6.85097e+22	1.20e-14	5.70e-10	1.36e-06	2.21e-04	5.46e-03	2.92e-02	5.65e-01	3.52e-01	4.90e-02	1.20e-14	6.66e-22	8.39e-22
 6.87376e+22	1.34e-14	6.32e-10	1.50e-06	2.44e-04	5.93e-03	3.10e-02	5.74e-01	3.43e-01	4.58e-02	1.34e-14	7.42e-22	9.35e-22
 6.89677e+22	1.52e-14	7.17e-10	1.71e-06	2.77e-04	6.59e-03	3.35e-02	5.87e-01	3.31e-01	4.19e-02	1.52e-14	8.47e-22	1.07e-21
 6.92007e+22	1.69e-14	7.93e-10	1.90e-06	3.05e-04	7.15e-03	3.55e-02	5.96e-01	3.22e-01	3.91e-02	1.69e-14	9.40e-22	1.18e-21
 6.94376e+22	1.92e-14	8.97e-10	2.15e-06	3.46e-04	7.94e-03	3.84e-02	6.07e-01	3.10e-01	3.56e-02	1.92e-14	1.07e-21	1.34e-21
 6.96782e+22	2.13e-14	9.92e-10	2.39e-06	3.82e-04	8.61e-03	4.07e-02	6.16e-01	3.01e-01	3.31e-02	2.13e-14	1.18e-21	1.49e-21
 6.99235e+22	2.40e-14	1.12e-09	2.71e-06	4.33e-04	9.54e-03	4.40e-02	6.27e-01	2.89e-01	3.00e-02	2.40e-14	1.33e-21	1.68e-21
 7.01739e+22	2.67e-14	1.24e-09	3.01e-06	4.79e-04	1.03e-02	4.66e-02	6.35e-01	2.80e-01	2.78e-02	2.67e-14	1.48e-21	1.87e-21
 7.04311e+22	3.01e-14	1.41e-09	3.43e-06	5.45e-04	1.15e-02	5.03e-02	6.45e-01	2.68e-01	2.50e-02	3.01e-14	1.68e-21	2.11e-21
 7.06907e+22	3.35e-14	1.56e-09	3.82e-06	6.02e-04	1.24e-02	5.33e-02	6.52e-01	2.59e-01	2.31e-02	3.35e-14	1.86e-21	2.34e-21
 7.09113e+22	3.66e-14	1.71e-09	4.20e-06	6.60e-04	1.33e-02	5.62e-02	6.58e-01	2.50e-01	2.14e-02	3.66e-14	2.04e-21	2.57e-21
 7.11558e+22	4.10e-14	1.92e-09	4.74e-06	7.44e-04	1.46e-02	6.01e-02	6.66e-01	2.40e-01	1.94e-02	4.10e-14	2.29e-21	2.88e-21
 7.13904e+22	4.46e-14	2.09e-09	5.17e-06	8.07e-04	1.56e-02	6.29e-02	6.70e-01	2.32e-01	1.81e-02	4.46e-14	2.49e-21	3.13e-21
 7.16121e+22	4.94e-14	2.32e-09	5.77e-06	8.97e-04	1.69e-02	6.68e-02	6.76e-01	2.23e-01	1.66e-02	4.94e-14	2.75e-21	3.46e-21
 7.18367e+22	5.37e-14	2.53e-09	6.30e-06	9.75e-04	1.79e-02	6.99e-02	6.80e-01	2.16e-01	1.54e-02	5.37e-14	2.99e-21	3.77e-21
 7.20652e+22	5.92e-14	2.80e-09	7.04e-06	1.09e-03	1.94e-02	7.41e-02	6.85e-01	2.06e-01	1.40e-02	5.92e-14	3.30e-21	4.15e-21
 7.22951e+22	6.48e-14	3.07e-09	7.71e-06	1.18e-03	2.07e-02	7.74e-02	6.88e-01	2.00e-01	1.31e-02	6.48e-14	3.61e-21	4.55e-21
 7.25267e+22	7.15e-14	3.41e-09	8.62e-06	1.31e-03	2.23e-02	8.20e-02	6.92e-01	1.91e-01	1.19e-02	7.15e-14	3.99e-21	5.02e-21
 7.27613e+22	7.85e-14	3.75e-09	9.46e-06	1.43e-03	2.37e-02	8.56e-02	6.94e-01	1.84e-01	1.10e-02	7.85e-14	4.38e-21	5.51e-21
 7.29995e+22	8.69e-14	4.18e-09	1.06e-05	1.59e-03	2.56e-02	9.06e-02	6.97e-01	1.75e-01	9.97e-03	8.69e-14	4.86e-21	6.11e-21
 7.32414e+22	9.57e-14	4.61e-09	1.17e-05	1.74e-03	2.73e-02	9.46e-02	6.98e-01	1.69e-01	9.22e-03	9.57e-14	5.35e-21	6.73e-21
 7.34879e+22	1.07e-13	5.18e-09	1.32e-05	1.94e-03	2.95e-02	1.00e-01	7.00e-01	1.60e-01	8.31e-03	1.07e-13	5.96e-21	7.50e-21
 7.37389e+22	1.18e-13	5.74e-09	1.46e-05	2.12e-03	3.13e-02	1.04e-01	7.00e-01	1.54e-01	7.66e-03	1.18e-13	6.60e-21	8.30e-21
 7.39955e+22	1.32e-13	6.49e-09	1.65e-05	2.38e-03	3.39e-02	1.10e-01	7.01e-01	1.46e-01	6.86e-03	1.32e-13	7.40e-21	9.30e-21
 7.42577e+22	1.48e-13	7.26e-09	1.84e-05	2.61e-03	3.61e-02	1.15e-01	7.00e-01	1.40e-01	6.31e-03	1.48e-13	8.30e-21	1.04e-20
 7.45270e+22	1.66e-13	8.25e-09	2.10e-05	2.94e-03	3.90e-02	1.22e-01	6.99e-01	1.31e-01	5.60e-03	1.66e-13	9.31e-21	1.17e-20
 7.47976e+22	1.86e-13	9.25e-09	2.34e-05	3.22e-03	4.15e-02	1.27e-01	6.97e-01	1.26e-01	5.13e-03	1.86e-13	1.04e-20	1.31e-20
 7.50698e+22	2.11e-13	1.06e-08	2.68e-05	3.63e-03	4.48e-02	1.34e-01	6.95e-01	1.18e-01	4.56e-03	2.11e-13	1.19e-20	1.49e-20
 7.53458e+22	2.38e-13	1.20e-08	3.00e-05	3.99e-03	4.77e-02	1.40e-01	6.92e-01	1.13e-01	4.16e-03	2.38e-13	1.34e-20	1.68e-20
 7.56268e+22	2.72e-13	1.38e-08	3.46e-05	4.50e-03	5.15e-02	1.47e-01	6.87e-01	1.06e-01	3.68e-03	2.72e-13	1.53e-20	1.92e-20
 7.59002e+22	3.08e-13	1.56e-08	3.85e-05	4.91e-03	5.45e-02	1.53e-01	6.84e-01	1.01e-01	3.38e-03	3.08e-13	1.73e-20	2.18e-20
 7.61638e+22	3.48e-13	1.79e-08	4.40e-05	5.49e-03	5.85e-02	1.60e-01	6.78e-01	9.46e-02	3.00e-03	3.48e-13	1.96e-20	2.47e-20
 7.64138e+22	3.87e-13	1.99e-08	4.84e-05	5.94e-03	6.14e-02	1.65e-01	6.74e-01	9.06e-02	2.77e-03	3.87e-13	2.18e-20	2.74e-20
 7.66461e+22	4.39e-13	2.26e-08	5.45e-05	6.53e-03	6.51e-02	1.71e-01	6.68e-01	8.59e-02	2.51e-03	4.39e-13	2.48e-20	3.11e-20
 7.68898e+22	4.93e-13	2.54e-08	6.06e-05	7.11e-03	6.86e-02	1.77e-01	6.63e-01	8.18e-02	2.29e-03	4.93e-13	2.79e-20	3.50e-20
 7.71125e+22	5.49e-13	2.84e-08	6.71e-05	7.71e-03	7.21e-02	1.83e-01	6.57e-01	7.79e-02	2.10e-03	5.49e-13	3.10e-20	3.89e-20
 7.73665e+22	6.34e-13	3.29e-08	7.66e-05	8.56e-03	7.68e-02	1.90e-01	6.50e-01	7.32e-02	1.88e-03	6.34e-13	3.59e-20	4.51e-20
 7.76251e+22	7.15e-13	3.72e-08	8.55e-05	9.32e-03	8.08e-02	1.96e-01	6.43e-01	6.94e-02	1.71e-03	7.15e-13	4.05e-20	5.08e-20
 7.78897e+22	8.36e-13	4.35e-08	9.82e-05	1.04e-02	8.61e-02	2.04e-01	6.33e-01	6.50e-02	1.52e-03	8.36e-13	4.74e-20	5.95e-20
 7.81594e+22	9.52e-13	4.96e-08	1.10e-04	1.13e-02	9.07e-02	2.10e-01	6.25e-01	6.14e-02	1.37e-03	9.52e-13	5.40e-20	6.78e-20
 7.84356e+22	1.13e-12	5.87e-08	1.27e-04	1.26e-02	9.68e-02	2.18e-01	6.14e-01	5.72e-02	1.21e-03	1.13e-12	6.40e-20	8.03e-20
 7.87176e+22	1.30e-12	6.75e-08	1.44e-04	1.38e-02	1.02e-01	2.24e-01	6.05e-01	5.38e-02	1.09e-03	1.30e-12	7.38e-20	9.26e-20
 7.89684e+22	1.50e-12	7.77e-08	1.62e-04	1.51e-02	1.07e-01	2.30e-01	5.95e-01	5.07e-02	9.86e-04	1.50e-12	8.55e-20	1.07e-19
 7.92560e+22	1.79e-12	9.29e-08	1.89e-04	1.69e-02	1.14e-01	2.38e-01	5.82e-01	4.69e-02	8.60e-04	1.79e-12	1.02e-19	1.28e-19
 7.95451e+22	2.08e-12	1.07e-07	2.13e-04	1.85e-02	1.20e-01	2.45e-01	5.72e-01	4.40e-02	7.73e-04	2.08e-12	1.19e-19	1.49e-19
 7.98364e+22	2.52e-12	1.29e-07	2.48e-04	2.06e-02	1.28e-01	2.52e-01	5.58e-01	4.06e-02	6.74e-04	2.52e-12	1.44e-19	1.81e-19
 8.01338e+22	2.96e-12	1.50e-07	2.82e-04	2.26e-02	1.35e-01	2.59e-01	5.45e-01	3.79e-02	6.01e-04	2.96e-12	1.70e-19	2.13e-19
 8.03993e+22	3.47e-12	1.75e-07	3.19e-04	2.47e-02	1.41e-01	2.64e-01	5.33e-01	3.54e-02	5.36e-04	3.47e-12	1.99e-19	2.50e-19
 8.07045e+22	4.28e-12	2.13e-07	3.75e-04	2.77e-02	1.50e-01	2.72e-01	5.17e-01	3.24e-02	4.63e-04	4.28e-12	2.46e-19	3.08e-19
 8.10157e+22	5.09e-12	2.51e-07	4.27e-04	3.04e-02	1.58e-01	2.77e-01	5.03e-01	3.00e-02	4.09e-04	5.09e-12	2.93e-19	3.67e-19
 8.13344e+22	6.36e-12	3.08e-07	5.04e-04	3.41e-02	1.68e-01	2.84e-01	4.86e-01	2.73e-02	3.50e-04	6.36e-12	3.68e-19	4.60e-19
 8.16586e+22	7.65e-12	3.66e-07	5.78e-04	3.74e-02	1.76e-01	2.89e-01	4.71e-01	2.52e-02	3.07e-04	7.65e-12	4.43e-19	5.55e-19
 8.19444e+22	9.19e-12	4.32e-07	6.58e-04	4.09e-02	1.85e-01	2.94e-01	4.56e-01	2.32e-02	2.71e-04	9.19e-12	5.34e-19	6.68e-19
 8.22703e+22	1.16e-11	5.33e-07	7.78e-04	4.58e-02	1.96e-01	2.99e-01	4.37e-01	2.09e-02	2.30e-04	1.16e-11	6.75e-19	8.45e-19
 8.26079e+22	1.42e-11	6.39e-07	8.96e-04	5.03e-02	2.05e-01	3.04e-01	4.21e-01	1.91e-02	1.99e-04	1.42e-11	8.28e-19	1.04e-18
 8.29605e+22	1.84e-11	8.03e-07	1.07e-03	5.66e-02	2.17e-01	3.08e-01	4.00e-01	1.70e-02	1.66e-04	1.84e-11	1.07e-18	1.34e-18
 8.32827e+22	2.18e-11	9.35e-07	1.20e-03	6.11e-02	2.25e-01	3.10e-01	3.86e-01	1.57e-02	1.46e-04	2.18e-11	1.28e-18	1.60e-18
 8.35263e+22	2.55e-11	1.07e-06	1.33e-03	6.54e-02	2.33e-01	3.12e-01	3.74e-01	1.46e-02	1.31e-04	2.55e-11	1.50e-18	1.88e-18
 8.38043e+22	3.12e-11	1.28e-06	1.53e-03	7.14e-02	2.42e-01	3.14e-01	3.58e-01	1.33e-02	1.13e-04	3.12e-11	1.84e-18	2.30e-18
 8.40979e+22	3.74e-11	1.49e-06	1.72e-03	7.70e-02	2.51e-01	3.15e-01	3.43e-01	1.22e-02	9.92e-05	3.74e-11	2.21e-18	2.77e-18
 8.44118e+22	4.75e-11	1.83e-06	2.00e-03	8.49e-02	2.62e-01	3.16e-01	3.25e-01	1.09e-02	8.33e-05	4.75e-11	2.82e-18	3.52e-18
 8.47274e+22	5.75e-11	2.15e-06	2.26e-03	9.16e-02	2.71e-01	3.16e-01	3.10e-01	9.88e-03	7.23e-05	5.75e-11	3.42e-18	4.27e-18
 8.50454e+22	7.28e-11	2.62e-06	2.62e-03	1.00e-01	2.81e-01	3.15e-01	2.92e-01	8.79e-03	6.07e-05	7.28e-11	4.35e-18	5.43e-18
 8.53678e+22	8.89e-11	3.10e-06	2.96e-03	1.08e-01	2.90e-01	3.13e-01	2.77e-01	7.93e-03	5.22e-05	8.89e-11	5.33e-18	6.65e-18
 8.56480e+22	1.07e-10	3.62e-06	3.32e-03	1.16e-01	2.98e-01	3.12e-01	2.64e-01	7.20e-03	4.52e-05	1.07e-10	6.46e-18	8.05e-18
 8.59644e+22	1.36e-10	4.40e-06	3.83e-03	1.27e-01	3.08e-01	3.09e-01	2.47e-01	6.35e-03	3.76e-05	1.36e-10	8.25e-18	1.03e-17
 8.62896e+22	1.66e-10	5.17e-06	4.30e-03	1.36e-01	3.16e-01	3.05e-01	2.33e-01	5.71e-03	3.23e-05	1.66e-10	1.01e-17	1.26e-17
 8.66262e+22	2.16e-10	6.37e-06	5.00e-03	1.49e-01	3.25e-01	3.00e-01	2.16e-01	4.96e-03	2.63e-05	2.16e-10	1.32e-17	1.64e-17
 8.69645e+22	2.64e-10	7.49e-06	5.62e-03	1.59e-01	3.32e-01	2.96e-01	2.02e-01	4.43e-03	2.23e-05	2.64e-10	1.62e-17	2.02e-17
 8.73050e+22	3.41e-10	9.15e-06	6.48e-03	1.73e-01	3.41e-01	2.90e-01	1.87e-01	3.84e-03	1.82e-05	3.41e-10	2.10e-17	2.62e-17
 8.76578e+22	4.27e-10	1.09e-05	7.35e-03	1.85e-01	3.47e-01	2.83e-01	1.73e-01	3.37e-03	1.51e-05	4.27e-10	2.65e-17	3.29e-17
 8.79726e+22	5.27e-10	1.29e-05	8.24e-03	1.97e-01	3.53e-01	2.77e-01	1.61e-01	2.98e-03	1.27e-05	5.27e-10	3.28e-17	4.08e-17
 8.83277e+22	6.87e-10	1.58e-05	9.49e-03	2.13e-01	3.59e-01	2.68e-01	1.47e-01	2.54e-03	1.01e-05	6.87e-10	4.31e-17	5.36e-17
 8.86921e+22	8.65e-10	1.88e-05	1.07e-02	2.28e-01	3.64e-01	2.60e-01	1.35e-01	2.20e-03	8.31e-06	8.65e-10	5.46e-17	6.78e-17
 8.90140e+22	1.07e-09	2.21e-05	1.20e-02	2.41e-01	3.67e-01	2.53e-01	1.25e-01	1.93e-03	6.89e-06	1.07e-09	6.81e-17	8.45e-17
 8.93775e+22	1.40e-09	2.70e-05	1.38e-02	2.59e-01	3.71e-01	2.42e-01	1.12e-01	1.62e-03	5.43e-06	1.40e-09	8.99e-17	1.12e-16
 8.97517e+22	1.78e-09	3.22e-05	1.55e-02	2.75e-01	3.73e-01	2.33e-01	1.02e-01	1.39e-03	4.38e-06	1.78e-09	1.15e-16	1.42e-16
 9.00837e+22	2.21e-09	3.79e-05	1.73e-02	2.90e-01	3.74e-01	2.24e-01	9.32e-02	1.20e-03	3.58e-06	2.21e-09	1.44e-16	1.78e-16
