#depth	S	S+	S+2	S+3	S+4	S+5	S+6	S+7	S+8	S+9	S+10	S+11	S+12	S+13	S+14	S+15	S+16
 1.54284e+22	0.00e+00	0.00e+00	0.00e+00	0.00e+00	2.80e-23	5.08e-20	1.17e-16	6.66e-14	1.52e-11	1.47e-09	8.48e-08	2.63e-06	5.52e-05	1.22e-03	5.35e-02	3.26e-01	6.19e-01
 3.47709e+22	0.00e+00	0.00e+00	0.00e+00	5.89e-25	1.47e-21	2.73e-18	7.65e-15	2.85e-12	4.23e-10	2.64e-08	9.89e-07	1.97e-05	2.63e-04	3.70e-03	1.04e-01	4.03e-01	4.89e-01
 4.08562e+22	0.00e+00	0.00e+00	3.39e-27	1.28e-23	2.50e-20	3.56e-17	8.08e-14	2.38e-11	2.79e-09	1.36e-07	4.01e-06	6.22e-05	6.34e-04	6.83e-03	1.47e-01	4.38e-01	4.07e-01
 4.45109e+22	0.00e+00	1.07e-30	3.46e-26	1.10e-22	1.80e-19	2.10e-16	4.16e-13	1.05e-10	1.04e-08	4.30e-07	1.07e-05	1.39e-04	1.17e-03	1.04e-02	1.85e-01	4.54e-01	3.49e-01
 4.63652e+22	0.00e+00	2.05e-30	6.30e-26	1.92e-22	2.99e-19	3.30e-16	6.33e-13	1.53e-10	1.46e-08	5.78e-07	1.38e-05	1.71e-04	1.36e-03	1.15e-02	1.96e-01	4.57e-01	3.35e-01
 4.69802e+22	0.00e+00	3.29e-30	9.77e-26	2.87e-22	4.32e-19	4.59e-16	8.59e-13	2.02e-10	1.87e-08	7.17e-07	1.66e-05	1.99e-04	1.53e-03	1.24e-02	2.04e-01	4.58e-01	3.24e-01
 4.74382e+22	0.00e+00	4.53e-30	1.32e-25	3.79e-22	5.56e-19	5.75e-16	1.06e-12	2.44e-10	2.22e-08	8.30e-07	1.88e-05	2.21e-04	1.65e-03	1.31e-02	2.09e-01	4.59e-01	3.16e-01
 4.79302e+22	0.00e+00	7.19e-30	2.02e-25	5.62e-22	7.99e-19	7.94e-16	1.43e-12	3.20e-10	2.82e-08	1.02e-06	2.25e-05	2.56e-04	1.84e-03	1.41e-02	2.17e-01	4.60e-01	3.06e-01
 4.84656e+22	0.00e+00	1.14e-29	3.08e-25	8.29e-22	1.14e-18	1.09e-15	1.91e-12	4.17e-10	3.58e-08	1.26e-06	2.69e-05	2.96e-04	2.05e-03	1.51e-02	2.26e-01	4.61e-01	2.96e-01
 4.89684e+22	0.00e+00	1.70e-29	4.48e-25	1.17e-21	1.56e-18	1.45e-15	2.49e-12	5.30e-10	4.42e-08	1.52e-06	3.15e-05	3.36e-04	2.26e-03	1.61e-02	2.33e-01	4.61e-01	2.87e-01
 4.95333e+22	0.00e+00	3.01e-29	7.57e-25	1.90e-21	2.42e-18	2.14e-15	3.58e-12	7.37e-10	5.94e-08	1.96e-06	3.93e-05	4.02e-04	2.58e-03	1.76e-02	2.44e-01	4.61e-01	2.74e-01
 5.00878e+22	0.00e+00	4.60e-29	1.12e-24	2.73e-21	3.37e-18	2.86e-15	4.70e-12	9.44e-10	7.41e-08	2.38e-06	4.63e-05	4.60e-04	2.85e-03	1.88e-02	2.52e-01	4.61e-01	2.65e-01
 5.06288e+22	0.00e+00	7.68e-29	1.80e-24	4.23e-21	5.00e-18	4.06e-15	6.52e-12	1.27e-09	9.67e-08	3.00e-06	5.65e-05	5.41e-04	3.22e-03	2.03e-02	2.62e-01	4.60e-01	2.54e-01
 5.11921e+22	0.00e+00	1.22e-28	2.75e-24	6.25e-21	7.14e-18	5.57e-15	8.75e-12	1.66e-09	1.23e-07	3.69e-06	6.75e-05	6.25e-04	3.58e-03	2.18e-02	2.70e-01	4.59e-01	2.45e-01
 5.16969e+22	0.00e+00	1.89e-28	4.12e-24	9.05e-21	9.99e-18	7.49e-15	1.16e-11	2.14e-09	1.54e-07	4.49e-06	8.00e-05	7.17e-04	3.96e-03	2.33e-02	2.79e-01	4.57e-01	2.36e-01
 5.21870e+22	0.00e+00	2.90e-28	6.12e-24	1.30e-20	1.39e-17	1.00e-14	1.52e-11	2.74e-09	1.92e-07	5.45e-06	9.44e-05	8.21e-04	4.37e-03	2.48e-02	2.88e-01	4.55e-01	2.27e-01
 5.27455e+22	0.00e+00	4.98e-28	1.01e-23	2.06e-20	2.11e-17	1.45e-14	2.14e-11	3.76e-09	2.55e-07	6.96e-06	1.16e-04	9.72e-04	4.95e-03	2.68e-02	2.99e-01	4.53e-01	2.16e-01
 5.33140e+22	0.00e+00	7.82e-28	1.53e-23	3.02e-20	2.97e-17	1.96e-14	2.85e-11	4.87e-09	3.21e-07	8.52e-06	1.38e-04	1.12e-03	5.49e-03	2.87e-02	3.08e-01	4.50e-01	2.07e-01
 5.38955e+22	0.00e+00	1.37e-27	2.56e-23	4.85e-20	4.56e-17	2.87e-14	4.06e-11	6.73e-09	4.29e-07	1.10e-05	1.71e-04	1.33e-03	6.23e-03	3.10e-02	3.19e-01	4.46e-01	1.96e-01
 5.44897e+22	0.00e+00	2.25e-27	4.04e-23	7.35e-20	6.64e-17	3.98e-14	5.54e-11	8.94e-09	5.54e-07	1.37e-05	2.07e-04	1.55e-03	6.97e-03	3.33e-02	3.29e-01	4.42e-01	1.87e-01
 5.49736e+22	0.00e+00	3.33e-27	5.79e-23	1.02e-19	8.94e-17	5.18e-14	7.09e-11	1.12e-08	6.78e-07	1.63e-05	2.41e-04	1.75e-03	7.61e-03	3.52e-02	3.37e-01	4.38e-01	1.80e-01
 5.54761e+22	0.00e+00	5.47e-27	9.16e-23	1.55e-19	1.30e-16	7.20e-14	9.69e-11	1.49e-08	8.75e-07	2.04e-05	2.91e-04	2.04e-03	8.50e-03	3.77e-02	3.47e-01	4.33e-01	1.71e-01
 5.59969e+22	0.00e+00	8.46e-27	1.37e-22	2.24e-19	1.81e-16	9.58e-14	1.27e-10	1.91e-08	1.09e-06	2.47e-05	3.44e-04	2.33e-03	9.36e-03	4.00e-02	3.56e-01	4.29e-01	1.63e-01
 5.64286e+22	0.00e+00	1.21e-26	1.90e-22	3.02e-19	2.37e-16	1.21e-13	1.59e-10	2.34e-08	1.31e-06	2.90e-05	3.94e-04	2.60e-03	1.01e-02	4.20e-02	3.63e-01	4.25e-01	1.57e-01
 5.68772e+22	0.00e+00	1.89e-26	2.86e-22	4.39e-19	3.31e-16	1.62e-13	2.10e-10	3.02e-08	1.65e-06	3.54e-05	4.67e-04	2.99e-03	1.12e-02	4.45e-02	3.72e-01	4.19e-01	1.49e-01
 5.73051e+22	0.00e+00	2.64e-26	3.88e-22	5.79e-19	4.24e-16	2.01e-13	2.57e-10	3.65e-08	1.96e-06	4.10e-05	5.30e-04	3.30e-03	1.20e-02	4.65e-02	3.79e-01	4.15e-01	1.44e-01
 5.76471e+22	0.00e+00	3.66e-26	5.22e-22	7.58e-19	5.39e-16	2.48e-13	3.14e-10	4.38e-08	2.31e-06	4.74e-05	5.99e-04	3.65e-03	1.29e-02	4.85e-02	3.85e-01	4.11e-01	1.39e-01
 5.79812e+22	0.00e+00	4.96e-26	6.91e-22	9.77e-19	6.75e-16	3.02e-13	3.78e-10	5.21e-08	2.70e-06	5.42e-05	6.72e-04	4.00e-03	1.38e-02	5.05e-02	3.91e-01	4.07e-01	1.34e-01
 5.83093e+22	0.00e+00	6.61e-26	8.99e-22	1.24e-18	8.36e-16	3.63e-13	4.52e-10	6.13e-08	3.13e-06	6.16e-05	7.49e-04	4.36e-03	1.47e-02	5.24e-02	3.96e-01	4.02e-01	1.29e-01
 5.86809e+22	0.00e+00	9.71e-26	1.28e-21	1.71e-18	1.11e-15	4.63e-13	5.71e-10	7.62e-08	3.80e-06	7.29e-05	8.65e-04	4.90e-03	1.59e-02	5.49e-02	4.03e-01	3.97e-01	1.24e-01
 5.90505e+22	0.00e+00	1.31e-25	1.68e-21	2.19e-18	1.38e-15	5.60e-13	6.86e-10	9.03e-08	4.43e-06	8.33e-05	9.69e-04	5.36e-03	1.70e-02	5.70e-02	4.09e-01	3.92e-01	1.19e-01
 5.93691e+22	0.00e+00	1.77e-25	2.21e-21	2.80e-18	1.72e-15	6.77e-13	8.23e-10	1.07e-07	5.16e-06	9.51e-05	1.08e-03	5.87e-03	1.81e-02	5.92e-02	4.14e-01	3.87e-01	1.15e-01
 5.96747e+22	0.00e+00	2.35e-25	2.87e-21	3.54e-18	2.12e-15	8.07e-13	9.76e-10	1.25e-07	5.95e-06	1.08e-04	1.21e-03	6.39e-03	1.92e-02	6.12e-02	4.19e-01	3.82e-01	1.11e-01
 5.99660e+22	0.00e+00	3.10e-25	3.68e-21	4.43e-18	2.58e-15	9.57e-13	1.15e-09	1.46e-07	6.84e-06	1.21e-04	1.34e-03	6.93e-03	2.03e-02	6.33e-02	4.23e-01	3.78e-01	1.07e-01
 6.02992e+22	0.00e+00	4.45e-25	5.12e-21	5.95e-18	3.35e-15	1.19e-12	1.43e-09	1.79e-07	8.21e-06	1.42e-04	1.53e-03	7.72e-03	2.19e-02	6.61e-02	4.29e-01	3.72e-01	1.02e-01
 6.06317e+22	0.00e+00	5.87e-25	6.59e-21	7.47e-18	4.09e-15	1.42e-12	1.69e-09	2.08e-07	9.45e-06	1.61e-04	1.70e-03	8.38e-03	2.32e-02	6.82e-02	4.33e-01	3.67e-01	9.83e-02
 6.09634e+22	0.00e+00	8.34e-25	9.07e-21	9.95e-18	5.26e-15	1.76e-12	2.08e-09	2.53e-07	1.13e-05	1.87e-04	1.93e-03	9.29e-03	2.50e-02	7.10e-02	4.39e-01	3.60e-01	9.37e-02
 6.13016e+22	0.00e+00	1.13e-24	1.20e-20	1.28e-17	6.54e-15	2.11e-12	2.50e-09	3.00e-07	1.32e-05	2.14e-04	2.17e-03	1.02e-02	2.66e-02	7.35e-02	4.43e-01	3.54e-01	8.99e-02
 6.15771e+22	0.00e+00	1.46e-24	1.51e-20	1.57e-17	7.82e-15	2.46e-12	2.90e-09	3.46e-07	1.49e-05	2.39e-04	2.38e-03	1.10e-02	2.80e-02	7.56e-02	4.47e-01	3.49e-01	8.68e-02
 6.18643e+22	0.00e+00	2.01e-24	2.01e-20	2.02e-17	9.77e-15	2.96e-12	3.49e-09	4.11e-07	1.75e-05	2.74e-04	2.67e-03	1.20e-02	2.99e-02	7.83e-02	4.51e-01	3.43e-01	8.30e-02
 6.21595e+22	0.00e+00	2.61e-24	2.55e-20	2.50e-17	1.18e-14	3.47e-12	4.08e-09	4.75e-07	2.00e-05	3.07e-04	2.94e-03	1.30e-02	3.15e-02	8.05e-02	4.54e-01	3.38e-01	7.99e-02
 6.24652e+22	0.00e+00	3.72e-24	3.52e-20	3.32e-17	1.50e-14	4.25e-12	5.01e-09	5.78e-07	2.39e-05	3.58e-04	3.35e-03	1.44e-02	3.38e-02	8.36e-02	4.58e-01	3.31e-01	7.58e-02
 6.27648e+22	0.00e+00	4.86e-24	4.48e-20	4.11e-17	1.81e-14	4.96e-12	5.85e-09	6.68e-07	2.72e-05	4.01e-04	3.70e-03	1.55e-02	3.56e-02	8.60e-02	4.61e-01	3.25e-01	7.29e-02
 6.30567e+22	0.00e+00	6.86e-24	6.10e-20	5.41e-17	2.29e-14	6.03e-12	7.12e-09	8.06e-07	3.23e-05	4.65e-04	4.19e-03	1.71e-02	3.81e-02	8.90e-02	4.64e-01	3.18e-01	6.92e-02
 6.33513e+22	0.00e+00	9.01e-24	7.80e-20	6.71e-17	2.75e-14	7.04e-12	8.33e-09	9.34e-07	3.70e-05	5.23e-04	4.62e-03	1.85e-02	4.02e-02	9.15e-02	4.67e-01	3.12e-01	6.63e-02
 6.36495e+22	0.00e+00	1.29e-23	1.08e-19	8.91e-17	3.51e-14	8.59e-12	1.02e-08	1.13e-06	4.42e-05	6.09e-04	5.26e-03	2.05e-02	4.30e-02	9.47e-02	4.69e-01	3.04e-01	6.27e-02
 6.39487e+22	0.00e+00	1.71e-23	1.39e-19	1.11e-16	4.24e-14	1.00e-11	1.20e-08	1.32e-06	5.08e-05	6.87e-04	5.83e-03	2.22e-02	4.54e-02	9.73e-02	4.71e-01	2.98e-01	5.99e-02
 6.42023e+22	0.00e+00	2.22e-23	1.75e-19	1.37e-16	5.05e-14	1.16e-11	1.39e-08	1.52e-06	5.78e-05	7.67e-04	6.39e-03	2.39e-02	4.77e-02	9.96e-02	4.72e-01	2.92e-01	5.74e-02
 6.44852e+22	0.00e+00	3.21e-23	2.44e-19	1.82e-16	6.42e-14	1.41e-11	1.70e-08	1.85e-06	6.93e-05	8.97e-04	7.30e-03	2.65e-02	5.11e-02	1.03e-01	4.74e-01	2.83e-01	5.40e-02
 6.47626e+22	0.00e+00	4.13e-23	3.06e-19	2.21e-16	7.58e-14	1.61e-11	1.96e-08	2.12e-06	7.84e-05	9.96e-04	7.97e-03	2.84e-02	5.35e-02	1.05e-01	4.75e-01	2.77e-01	5.17e-02
 6.50330e+22	0.00e+00	5.89e-23	4.20e-19	2.91e-16	9.52e-14	1.93e-11	2.38e-08	2.56e-06	9.32e-05	1.16e-03	9.04e-03	3.13e-02	5.71e-02	1.08e-01	4.75e-01	2.69e-01	4.86e-02
 6.52983e+22	0.00e+00	7.47e-23	5.19e-19	3.50e-16	1.11e-13	2.20e-11	2.72e-08	2.90e-06	1.05e-04	1.28e-03	9.82e-03	3.34e-02	5.96e-02	1.11e-01	4.75e-01	2.63e-01	4.66e-02
 6.55570e+22	0.00e+00	1.07e-22	7.13e-19	4.59e-16	1.39e-13	2.62e-11	3.30e-08	3.50e-06	1.24e-04	1.48e-03	1.11e-02	3.68e-02	6.35e-02	1.14e-01	4.75e-01	2.55e-01	4.37e-02
 6.58136e+22	0.00e+00	1.36e-22	8.84e-19	5.53e-16	1.63e-13	2.98e-11	3.77e-08	3.98e-06	1.40e-04	1.64e-03	1.21e-02	3.92e-02	6.62e-02	1.16e-01	4.74e-01	2.49e-01	4.18e-02
 6.60675e+22	0.00e+00	1.94e-22	1.21e-18	7.21e-16	2.03e-13	3.53e-11	4.55e-08	4.78e-06	1.66e-04	1.89e-03	1.37e-02	4.31e-02	7.04e-02	1.19e-01	4.73e-01	2.40e-01	3.91e-02
 6.63242e+22	0.00e+00	2.51e-22	1.52e-18	8.78e-16	2.38e-13	4.02e-11	5.23e-08	5.48e-06	1.88e-04	2.10e-03	1.49e-02	4.61e-02	7.36e-02	1.21e-01	4.71e-01	2.34e-01	3.72e-02
 6.65846e+22	0.00e+00	3.61e-22	2.10e-18	1.15e-15	2.97e-13	4.77e-11	6.34e-08	6.61e-06	2.23e-04	2.43e-03	1.69e-02	5.07e-02	7.82e-02	1.24e-01	4.68e-01	2.25e-01	3.46e-02
 6.68482e+22	0.00e+00	4.72e-22	2.66e-18	1.41e-15	3.51e-13	5.44e-11	7.31e-08	7.60e-06	2.54e-04	2.71e-03	1.84e-02	5.43e-02	8.16e-02	1.26e-01	4.66e-01	2.18e-01	3.27e-02
 6.71160e+22	0.00e+00	6.80e-22	3.67e-18	1.85e-15	4.38e-13	6.45e-11	8.85e-08	9.16e-06	3.02e-04	3.14e-03	2.08e-02	5.95e-02	8.65e-02	1.29e-01	4.62e-01	2.09e-01	3.03e-02
 6.73813e+22	0.00e+00	8.96e-22	4.67e-18	2.27e-15	5.17e-13	7.33e-11	1.02e-07	1.05e-05	3.43e-04	3.50e-03	2.27e-02	6.37e-02	9.03e-02	1.31e-01	4.58e-01	2.02e-01	2.86e-02
 6.76436e+22	0.00e+00	1.28e-21	6.42e-18	2.97e-15	6.41e-13	8.65e-11	1.23e-07	1.27e-05	4.06e-04	4.03e-03	2.55e-02	6.95e-02	9.53e-02	1.33e-01	4.53e-01	1.93e-01	2.64e-02
 6.79108e+22	0.00e+00	1.72e-21	8.27e-18	3.67e-15	7.61e-13	9.86e-11	1.43e-07	1.46e-05	4.64e-04	4.50e-03	2.80e-02	7.45e-02	9.94e-02	1.35e-01	4.48e-01	1.86e-01	2.47e-02
 6.81843e+22	0.00e+00	2.50e-21	1.15e-17	4.85e-15	9.49e-13	1.17e-10	1.73e-07	1.77e-05	5.52e-04	5.20e-03	3.15e-02	8.14e-02	1.05e-01	1.37e-01	4.41e-01	1.76e-01	2.27e-02
 6.84596e+22	0.00e+00	3.35e-21	1.49e-17	6.00e-15	1.13e-12	1.33e-10	2.00e-07	2.04e-05	6.30e-04	5.81e-03	3.45e-02	8.71e-02	1.09e-01	1.38e-01	4.34e-01	1.69e-01	2.11e-02
 6.87370e+22	0.00e+00	4.92e-21	2.08e-17	7.93e-15	1.40e-12	1.57e-10	2.42e-07	2.47e-05	7.48e-04	6.69e-03	3.87e-02	9.49e-02	1.15e-01	1.40e-01	4.26e-01	1.59e-01	1.92e-02
 6.90163e+22	0.00e+00	6.60e-21	2.69e-17	9.82e-15	1.66e-12	1.78e-10	2.80e-07	2.84e-05	8.52e-04	7.45e-03	4.22e-02	1.01e-01	1.19e-01	1.41e-01	4.18e-01	1.52e-01	1.79e-02
 6.92584e+22	0.00e+00	8.81e-21	3.46e-17	1.21e-14	1.96e-12	2.02e-10	3.22e-07	3.27e-05	9.67e-04	8.26e-03	4.58e-02	1.08e-01	1.23e-01	1.42e-01	4.10e-01	1.45e-01	1.66e-02
 6.95334e+22	0.00e+00	1.28e-20	4.81e-17	1.59e-14	2.43e-12	2.36e-10	3.85e-07	3.91e-05	1.14e-03	9.44e-03	5.10e-02	1.16e-01	1.29e-01	1.42e-01	4.00e-01	1.36e-01	1.50e-02
 6.98057e+22	0.00e+00	1.68e-20	6.08e-17	1.93e-14	2.83e-12	2.66e-10	4.38e-07	4.43e-05	1.28e-03	1.04e-02	5.49e-02	1.23e-01	1.33e-01	1.43e-01	3.91e-01	1.30e-01	1.39e-02
 7.00745e+22	0.00e+00	2.41e-20	8.32e-17	2.50e-14	3.47e-12	3.09e-10	5.18e-07	5.24e-05	1.48e-03	1.17e-02	6.05e-02	1.32e-01	1.38e-01	1.43e-01	3.80e-01	1.22e-01	1.26e-02
 7.03489e+22	4.30e-34	3.17e-20	1.06e-16	3.05e-14	4.06e-12	3.48e-10	5.89e-07	5.94e-05	1.66e-03	1.28e-02	6.50e-02	1.38e-01	1.41e-01	1.43e-01	3.71e-01	1.16e-01	1.16e-02
 7.06304e+22	6.63e-34	4.55e-20	1.45e-16	3.96e-14	4.98e-12	4.05e-10	6.94e-07	6.99e-05	1.93e-03	1.45e-02	7.12e-02	1.48e-01	1.46e-01	1.42e-01	3.58e-01	1.08e-01	1.05e-02
 7.09186e+22	9.28e-34	6.04e-20	1.86e-16	4.87e-14	5.86e-12	4.58e-10	7.89e-07	7.94e-05	2.16e-03	1.58e-02	7.64e-02	1.55e-01	1.49e-01	1.41e-01	3.48e-01	1.02e-01	9.59e-03
 7.12156e+22	1.44e-33	8.74e-20	2.56e-16	6.35e-14	7.22e-12	5.36e-10	9.30e-07	9.33e-05	2.50e-03	1.78e-02	8.35e-02	1.65e-01	1.54e-01	1.40e-01	3.35e-01	9.40e-02	8.55e-03
 7.15194e+22	2.02e-33	1.16e-19	3.29e-16	7.83e-14	8.52e-12	6.07e-10	1.06e-06	1.06e-04	2.79e-03	1.94e-02	8.92e-02	1.73e-01	1.57e-01	1.39e-01	3.24e-01	8.83e-02	7.80e-03
 7.18319e+22	3.13e-33	1.69e-19	4.55e-16	1.02e-13	1.05e-11	7.13e-10	1.24e-06	1.24e-04	3.21e-03	2.17e-02	9.70e-02	1.83e-01	1.60e-01	1.37e-01	3.09e-01	8.12e-02	6.91e-03
 7.21503e+22	4.41e-33	2.25e-19	5.86e-16	1.26e-13	1.24e-11	8.09e-10	1.40e-06	1.40e-04	3.58e-03	2.36e-02	1.03e-01	1.90e-01	1.63e-01	1.36e-01	2.98e-01	7.60e-02	6.27e-03
 7.24761e+22	6.81e-33	3.26e-19	8.10e-16	1.66e-13	1.54e-11	9.52e-10	1.64e-06	1.63e-04	4.10e-03	2.62e-02	1.12e-01	2.00e-01	1.66e-01	1.33e-01	2.84e-01	6.95e-02	5.52e-03
 7.28040e+22	9.49e-33	4.33e-19	1.04e-15	2.03e-13	1.81e-11	1.08e-09	1.85e-06	1.83e-04	4.53e-03	2.84e-02	1.18e-01	2.08e-01	1.68e-01	1.31e-01	2.72e-01	6.48e-02	5.00e-03
 7.31346e+22	1.46e-32	6.24e-19	1.43e-15	2.65e-13	2.24e-11	1.27e-09	2.14e-06	2.11e-04	5.15e-03	3.13e-02	1.27e-01	2.17e-01	1.70e-01	1.28e-01	2.58e-01	5.90e-02	4.39e-03
 7.34710e+22	2.01e-32	8.19e-19	1.82e-15	3.25e-13	2.63e-11	1.44e-09	2.40e-06	2.36e-04	5.67e-03	3.37e-02	1.34e-01	2.24e-01	1.71e-01	1.26e-01	2.47e-01	5.50e-02	3.97e-03
 7.37663e+22	2.75e-32	1.07e-18	2.30e-15	3.96e-13	3.08e-11	1.62e-09	2.68e-06	2.62e-04	6.22e-03	3.62e-02	1.40e-01	2.31e-01	1.72e-01	1.23e-01	2.37e-01	5.11e-02	3.59e-03
 7.40573e+22	3.74e-32	1.40e-18	2.90e-15	4.80e-13	3.60e-11	1.83e-09	2.98e-06	2.90e-04	6.80e-03	3.87e-02	1.47e-01	2.37e-01	1.73e-01	1.20e-01	2.27e-01	4.75e-02	3.24e-03
 7.43911e+22	5.57e-32	1.97e-18	3.91e-15	6.17e-13	4.39e-11	2.13e-09	3.41e-06	3.30e-04	7.61e-03	4.21e-02	1.56e-01	2.45e-01	1.73e-01	1.17e-01	2.13e-01	4.31e-02	2.84e-03
 7.47253e+22	7.43e-32	2.52e-18	4.87e-15	7.42e-13	5.10e-11	2.39e-09	3.77e-06	3.63e-04	8.26e-03	4.48e-02	1.62e-01	2.50e-01	1.73e-01	1.14e-01	2.04e-01	4.02e-02	2.57e-03
 7.50600e+22	1.09e-31	3.50e-18	6.50e-15	9.45e-13	6.19e-11	2.78e-09	4.28e-06	4.10e-04	9.18e-03	4.84e-02	1.71e-01	2.57e-01	1.73e-01	1.10e-01	1.92e-01	3.64e-02	2.25e-03
 7.53902e+22	1.43e-31	4.41e-18	7.98e-15	1.12e-12	7.12e-11	3.11e-09	4.70e-06	4.48e-04	9.89e-03	5.11e-02	1.77e-01	2.62e-01	1.72e-01	1.08e-01	1.84e-01	3.40e-02	2.05e-03
 7.57146e+22	2.05e-31	6.03e-18	1.05e-14	1.41e-12	8.56e-11	3.58e-09	5.29e-06	5.01e-04	1.09e-02	5.49e-02	1.85e-01	2.68e-01	1.72e-01	1.04e-01	1.73e-01	3.08e-02	1.80e-03
 7.60439e+22	2.68e-31	7.59e-18	1.29e-14	1.68e-12	9.85e-11	4.00e-09	5.79e-06	5.46e-04	1.17e-02	5.79e-02	1.91e-01	2.72e-01	1.71e-01	1.01e-01	1.65e-01	2.87e-02	1.63e-03
 7.63798e+22	3.83e-31	1.03e-17	1.69e-14	2.11e-12	1.18e-10	4.62e-09	6.51e-06	6.10e-04	1.29e-02	6.19e-02	1.99e-01	2.77e-01	1.69e-01	9.75e-02	1.54e-01	2.59e-02	1.42e-03
 7.67221e+22	5.02e-31	1.31e-17	2.08e-14	2.52e-12	1.37e-10	5.17e-09	7.14e-06	6.64e-04	1.38e-02	6.52e-02	2.06e-01	2.80e-01	1.68e-01	9.46e-02	1.47e-01	2.40e-02	1.28e-03
 7.70728e+22	7.20e-31	1.79e-17	2.73e-14	3.18e-12	1.65e-10	5.99e-09	8.03e-06	7.40e-04	1.51e-02	6.96e-02	2.14e-01	2.85e-01	1.66e-01	9.07e-02	1.37e-01	2.16e-02	1.12e-03
 7.74297e+22	9.46e-31	2.26e-17	3.37e-14	3.80e-12	1.90e-10	6.72e-09	8.80e-06	8.06e-04	1.62e-02	7.32e-02	2.20e-01	2.88e-01	1.64e-01	8.77e-02	1.30e-01	1.99e-02	1.00e-03
 7.77948e+22	6.78e-31	3.09e-17	4.44e-14	4.79e-12	2.30e-10	7.79e-09	9.90e-06	8.98e-04	1.78e-02	7.79e-02	2.28e-01	2.91e-01	1.61e-01	8.38e-02	1.20e-01	1.79e-02	8.66e-04
 7.81667e+22	8.92e-31	3.93e-17	5.49e-14	5.74e-12	2.67e-10	8.77e-09	1.09e-05	9.77e-04	1.91e-02	8.18e-02	2.34e-01	2.93e-01	1.59e-01	8.08e-02	1.14e-01	1.64e-02	7.75e-04
 7.85475e+22	1.28e-30	5.38e-17	7.25e-14	7.27e-12	3.23e-10	1.02e-08	1.22e-05	1.09e-03	2.08e-02	8.70e-02	2.42e-01	2.96e-01	1.56e-01	7.69e-02	1.05e-01	1.47e-02	6.66e-04
 7.89198e+22	1.64e-30	6.65e-17	8.76e-14	8.55e-12	3.70e-10	1.14e-08	1.33e-05	1.17e-03	2.22e-02	9.07e-02	2.47e-01	2.97e-01	1.53e-01	7.42e-02	9.98e-02	1.36e-02	6.02e-04
 7.92808e+22	2.30e-30	8.96e-17	1.14e-13	1.07e-11	4.43e-10	1.31e-08	1.49e-05	1.30e-03	2.40e-02	9.58e-02	2.55e-01	2.99e-01	1.50e-01	7.06e-02	9.25e-02	1.21e-02	5.20e-04
 7.96475e+22	2.94e-30	1.11e-16	1.38e-13	1.26e-11	5.07e-10	1.46e-08	1.62e-05	1.40e-03	2.55e-02	9.97e-02	2.60e-01	2.99e-01	1.47e-01	6.80e-02	8.75e-02	1.12e-02	4.68e-04
 8.00215e+22	4.09e-30	1.48e-16	1.78e-13	1.56e-11	6.07e-10	1.69e-08	1.81e-05	1.54e-03	2.76e-02	1.05e-01	2.66e-01	3.00e-01	1.44e-01	6.46e-02	8.10e-02	1.00e-02	4.04e-04
 8.04072e+22	5.34e-30	1.87e-16	2.19e-13	1.87e-11	7.02e-10	1.90e-08	1.98e-05	1.67e-03	2.94e-02	1.10e-01	2.72e-01	3.00e-01	1.41e-01	6.19e-02	7.60e-02	9.13e-03	3.59e-04
 8.08079e+22	7.45e-30	2.50e-16	2.84e-13	2.34e-11	8.44e-10	2.20e-08	2.22e-05	1.84e-03	3.18e-02	1.15e-01	2.78e-01	2.99e-01	1.37e-01	5.85e-02	7.01e-02	8.13e-03	3.09e-04
 8.12217e+22	9.88e-30	3.20e-16	3.54e-13	2.82e-11	9.87e-10	2.49e-08	2.45e-05	2.00e-03	3.40e-02	1.20e-01	2.83e-01	2.99e-01	1.33e-01	5.57e-02	6.53e-02	7.36e-03	2.71e-04
 8.16526e+22	1.40e-29	4.34e-16	4.64e-13	3.56e-11	1.20e-09	2.91e-08	2.76e-05	2.22e-03	3.68e-02	1.27e-01	2.89e-01	2.97e-01	1.29e-01	5.24e-02	5.98e-02	6.50e-03	2.31e-04
 8.20951e+22	1.87e-29	5.59e-16	5.82e-13	4.33e-11	1.41e-09	3.32e-08	3.05e-05	2.42e-03	3.94e-02	1.32e-01	2.94e-01	2.96e-01	1.25e-01	4.97e-02	5.55e-02	5.84e-03	2.02e-04
 8.25529e+22	2.67e-29	7.65e-16	7.69e-13	5.50e-11	1.72e-09	3.90e-08	3.46e-05	2.68e-03	4.27e-02	1.39e-01	3.00e-01	2.93e-01	1.20e-01	4.65e-02	5.05e-02	5.12e-03	1.70e-04
 8.30256e+22	3.62e-29	9.97e-16	9.75e-13	6.75e-11	2.04e-09	4.48e-08	3.84e-05	2.93e-03	4.57e-02	1.45e-01	3.04e-01	2.91e-01	1.16e-01	4.39e-02	4.66e-02	4.57e-03	1.47e-04
 8.35179e+22	5.26e-29	1.38e-15	1.31e-12	8.69e-11	2.52e-09	5.31e-08	4.38e-05	3.27e-03	4.96e-02	1.52e-01	3.09e-01	2.88e-01	1.11e-01	4.08e-02	4.20e-02	3.97e-03	1.23e-04
 8.40243e+22	7.22e-29	1.82e-15	1.67e-12	1.08e-10	3.01e-09	6.13e-08	4.89e-05	3.59e-03	5.32e-02	1.58e-01	3.13e-01	2.84e-01	1.07e-01	3.83e-02	3.85e-02	3.51e-03	1.05e-04
 8.44796e+22	9.71e-29	2.36e-15	2.11e-12	1.32e-10	3.56e-09	7.05e-08	5.45e-05	3.91e-03	5.67e-02	1.65e-01	3.17e-01	2.81e-01	1.03e-01	3.59e-02	3.54e-02	3.13e-03	9.06e-05
 8.50023e+22	1.45e-28	3.36e-15	2.89e-12	1.73e-10	4.46e-09	8.45e-08	6.25e-05	4.38e-03	6.17e-02	1.73e-01	3.21e-01	2.75e-01	9.77e-02	3.30e-02	3.15e-02	2.66e-03	7.40e-05
 8.55287e+22	1.95e-28	4.35e-15	3.64e-12	2.11e-10	5.29e-09	9.71e-08	6.96e-05	4.78e-03	6.57e-02	1.79e-01	3.23e-01	2.71e-01	9.37e-02	3.10e-02	2.89e-02	2.36e-03	6.36e-05
 8.60598e+22	2.90e-28	6.14e-15	4.96e-12	2.76e-10	6.60e-09	1.16e-07	7.97e-05	5.34e-03	7.13e-02	1.87e-01	3.26e-01	2.65e-01	8.85e-02	2.84e-02	2.57e-02	2.01e-03	5.19e-05
 8.66023e+22	3.98e-28	8.11e-15	6.36e-12	3.42e-10	7.90e-09	1.34e-07	8.91e-05	5.83e-03	7.60e-02	1.94e-01	3.28e-01	2.60e-01	8.44e-02	2.64e-02	2.33e-02	1.76e-03	4.39e-05
 8.71594e+22	5.96e-28	1.16e-14	8.74e-12	4.50e-10	9.94e-09	1.62e-07	1.03e-04	6.53e-03	8.24e-02	2.02e-01	3.30e-01	2.53e-01	7.93e-02	2.40e-02	2.06e-02	1.49e-03	3.54e-05
 8.77254e+22	8.26e-28	1.54e-14	1.13e-11	5.62e-10	1.20e-08	1.88e-07	1.15e-04	7.14e-03	8.78e-02	2.09e-01	3.31e-01	2.47e-01	7.53e-02	2.22e-02	1.85e-02	1.29e-03	2.97e-05
 8.83031e+22	1.26e-27	2.24e-14	1.58e-11	7.50e-10	1.52e-08	2.28e-07	1.33e-04	8.01e-03	9.53e-02	2.18e-01	3.31e-01	2.40e-01	7.02e-02	2.01e-02	1.62e-02	1.08e-03	2.36e-05
 8.88834e+22	1.73e-27	2.98e-14	2.04e-11	9.34e-10	1.82e-08	2.65e-07	1.49e-04	8.75e-03	1.01e-01	2.25e-01	3.31e-01	2.33e-01	6.65e-02	1.85e-02	1.46e-02	9.34e-04	1.97e-05
 8.93645e+22	2.31e-27	3.86e-14	2.57e-11	1.14e-09	2.15e-08	3.03e-07	1.64e-04	9.46e-03	1.07e-01	2.31e-01	3.31e-01	2.28e-01	6.32e-02	1.72e-02	1.32e-02	8.19e-04	1.67e-05
 8.98873e+22	3.38e-27	5.43e-14	3.48e-11	1.48e-09	2.67e-08	3.61e-07	1.87e-04	1.05e-02	1.15e-01	2.38e-01	3.29e-01	2.20e-01	5.90e-02	1.56e-02	1.16e-02	6.89e-04	1.34e-05
 9.04089e+22	4.48e-27	7.01e-14	4.37e-11	1.80e-09	3.14e-08	4.13e-07	2.07e-04	1.13e-02	1.21e-01	2.44e-01	3.28e-01	2.14e-01	5.59e-02	1.45e-02	1.05e-02	6.04e-04	1.14e-05
 9.09290e+22	6.50e-27	9.87e-14	5.91e-11	2.33e-09	3.90e-08	4.91e-07	2.35e-04	1.25e-02	1.29e-01	2.51e-01	3.26e-01	2.06e-01	5.21e-02	1.31e-02	9.23e-03	5.06e-04	9.13e-06
 9.14556e+22	8.66e-27	1.28e-13	7.48e-11	2.86e-09	4.62e-08	5.64e-07	2.60e-04	1.35e-02	1.36e-01	2.57e-01	3.23e-01	2.00e-01	4.92e-02	1.21e-02	8.32e-03	4.40e-04	7.67e-06
 9.19908e+22	1.27e-26	1.83e-13	1.03e-10	3.74e-09	5.77e-08	6.76e-07	2.97e-04	1.49e-02	1.45e-01	2.64e-01	3.20e-01	1.92e-01	4.55e-02	1.09e-02	7.23e-03	3.64e-04	6.06e-06
 9.25325e+22	1.70e-26	2.40e-13	1.31e-10	4.61e-09	6.87e-08	7.80e-07	3.30e-04	1.62e-02	1.53e-01	2.69e-01	3.16e-01	1.86e-01	4.27e-02	9.98e-03	6.47e-03	3.15e-04	5.05e-06
 9.30828e+22	2.49e-26	3.45e-13	1.80e-10	6.08e-09	8.65e-08	9.42e-07	3.79e-04	1.80e-02	1.63e-01	2.76e-01	3.11e-01	1.77e-01	3.93e-02	8.91e-03	5.58e-03	2.58e-04	3.94e-06
 9.36435e+22	3.37e-26	4.62e-13	2.33e-10	7.59e-09	1.04e-07	1.10e-06	4.24e-04	1.95e-02	1.72e-01	2.81e-01	3.07e-01	1.70e-01	3.67e-02	8.12e-03	4.95e-03	2.20e-04	3.23e-06
 9.42179e+22	4.98e-26	6.75e-13	3.27e-10	1.02e-08	1.33e-07	1.34e-06	4.91e-04	2.18e-02	1.84e-01	2.87e-01	3.01e-01	1.62e-01	3.34e-02	7.18e-03	4.21e-03	1.78e-04	2.47e-06
 9.48038e+22	6.79e-26	9.15e-13	4.29e-10	1.28e-08	1.62e-07	1.58e-06	5.53e-04	2.37e-02	1.94e-01	2.91e-01	2.95e-01	1.55e-01	3.10e-02	6.49e-03	3.69e-03	1.49e-04	1.99e-06
 9.54046e+22	1.01e-25	1.36e-12	6.11e-10	1.74e-08	2.09e-07	1.96e-06	6.47e-04	2.66e-02	2.07e-01	2.96e-01	2.87e-01	1.45e-01	2.79e-02	5.67e-03	3.10e-03	1.18e-04	1.50e-06
 9.60110e+22	1.37e-25	1.86e-12	8.05e-10	2.22e-08	2.56e-07	2.32e-06	7.33e-04	2.92e-02	2.18e-01	3.00e-01	2.81e-01	1.38e-01	2.57e-02	5.09e-03	2.70e-03	9.85e-05	1.19e-06
 9.65236e+22	1.81e-25	2.47e-12	1.04e-09	2.77e-08	3.10e-07	2.72e-06	8.23e-04	3.17e-02	2.28e-01	3.03e-01	2.74e-01	1.32e-01	2.37e-02	4.60e-03	2.36e-03	8.28e-05	9.61e-07
 9.70791e+22	2.54e-25	3.53e-12	1.43e-09	3.66e-08	3.94e-07	3.33e-06	9.55e-04	3.53e-02	2.42e-01	3.05e-01	2.65e-01	1.24e-01	2.14e-02	4.04e-03	2.00e-03	6.64e-05	7.31e-07
 9.76364e+22	3.32e-25	4.69e-12	1.85e-09	4.58e-08	4.77e-07	3.92e-06	1.08e-03	3.84e-02	2.53e-01	3.07e-01	2.58e-01	1.17e-01	1.97e-02	3.63e-03	1.74e-03	5.55e-05	5.85e-07
 9.81818e+22	4.52e-25	6.58e-12	2.50e-09	6.00e-08	6.02e-07	4.78e-06	1.24e-03	4.26e-02	2.66e-01	3.09e-01	2.49e-01	1.10e-01	1.77e-02	3.18e-03	1.47e-03	4.45e-05	4.46e-07
 9.87382e+22	5.87e-25	8.78e-12	3.25e-09	7.58e-08	7.36e-07	5.68e-06	1.41e-03	4.66e-02	2.79e-01	3.09e-01	2.40e-01	1.03e-01	1.61e-02	2.84e-03	1.27e-03	3.66e-05	3.52e-07
 9.92834e+22	7.69e-25	1.21e-11	4.34e-09	9.81e-08	9.22e-07	6.91e-06	1.63e-03	5.15e-02	2.92e-01	3.09e-01	2.31e-01	9.64e-02	1.45e-02	2.48e-03	1.07e-03	2.94e-05	2.69e-07
 9.98402e+22	9.86e-25	1.62e-11	5.66e-09	1.25e-07	1.14e-06	8.29e-06	1.86e-03	5.65e-02	3.05e-01	3.09e-01	2.22e-01	9.00e-02	1.30e-02	2.19e-03	9.10e-04	2.39e-05	2.08e-07
 1.00390e+23	1.26e-24	2.18e-11	7.43e-09	1.60e-07	1.41e-06	1.00e-05	2.14e-03	6.22e-02	3.19e-01	3.07e-01	2.12e-01	8.36e-02	1.17e-02	1.91e-03	7.67e-04	1.92e-05	1.59e-07
 1.00944e+23	1.59e-24	2.89e-11	9.65e-09	2.03e-07	1.75e-06	1.21e-05	2.46e-03	6.84e-02	3.32e-01	3.05e-01	2.02e-01	7.75e-02	1.04e-02	1.67e-03	6.47e-04	1.54e-05	1.22e-07
 1.01490e+23	1.97e-24	3.81e-11	1.25e-08	2.57e-07	2.16e-06	1.46e-05	2.82e-03	7.50e-02	3.45e-01	3.02e-01	1.92e-01	7.16e-02	9.30e-03	1.46e-03	5.45e-04	1.23e-05	0.00e+00
 1.02036e+23	2.43e-24	4.97e-11	1.60e-08	3.24e-07	2.65e-06	1.75e-05	3.22e-03	8.22e-02	3.57e-01	2.98e-01	1.83e-01	6.60e-02	8.27e-03	1.27e-03	4.57e-04	9.88e-06	0.00e+00
 1.02583e+23	2.97e-24	6.45e-11	2.04e-08	4.07e-07	3.26e-06	2.11e-05	3.69e-03	9.00e-02	3.70e-01	2.94e-01	1.73e-01	6.07e-02	7.33e-03	1.10e-03	3.83e-04	7.88e-06	0.00e+00
 1.03131e+23	3.60e-24	8.30e-11	2.59e-08	5.10e-07	3.99e-06	2.53e-05	4.21e-03	9.83e-02	3.82e-01	2.89e-01	1.63e-01	5.56e-02	6.48e-03	9.48e-04	3.19e-04	6.27e-06	0.00e+00
 1.03683e+23	4.33e-24	1.06e-10	3.27e-08	6.37e-07	4.89e-06	3.04e-05	4.80e-03	1.07e-01	3.93e-01	2.84e-01	1.54e-01	5.07e-02	5.71e-03	8.16e-04	2.65e-04	4.96e-06	0.00e+00
 1.04239e+23	5.18e-24	1.35e-10	4.11e-08	7.93e-07	5.96e-06	3.64e-05	5.48e-03	1.17e-01	4.04e-01	2.77e-01	1.44e-01	4.61e-02	5.01e-03	7.00e-04	2.20e-04	3.92e-06	0.00e+00
 1.04802e+23	6.17e-24	1.70e-10	5.15e-08	9.86e-07	7.27e-06	4.37e-05	6.24e-03	1.27e-01	4.15e-01	2.70e-01	1.35e-01	4.18e-02	4.38e-03	5.98e-04	1.81e-04	3.08e-06	0.00e+00
 1.05367e+23	7.31e-24	2.12e-10	6.41e-08	1.22e-06	8.82e-06	5.21e-05	7.08e-03	1.38e-01	4.24e-01	2.63e-01	1.26e-01	3.78e-02	3.82e-03	5.10e-04	1.49e-04	2.42e-06	0.00e+00
 1.05942e+23	8.68e-24	2.65e-10	7.97e-08	1.51e-06	1.07e-05	6.25e-05	8.06e-03	1.50e-01	4.33e-01	2.55e-01	1.17e-01	3.39e-02	3.31e-03	4.31e-04	1.22e-04	1.88e-06	0.00e+00
 1.06523e+23	1.12e-23	3.27e-10	9.81e-08	1.85e-06	1.30e-05	7.44e-05	9.12e-03	1.62e-01	4.40e-01	2.47e-01	1.08e-01	3.05e-02	2.87e-03	3.65e-04	9.99e-05	1.46e-06	0.00e+00
 1.07115e+23	1.33e-23	4.03e-10	1.21e-07	2.28e-06	1.57e-05	8.91e-05	1.04e-02	1.75e-01	4.47e-01	2.38e-01	9.96e-02	2.71e-02	2.47e-03	3.05e-04	8.08e-05	1.13e-06	0.00e+00
 1.07718e+23	1.58e-23	4.92e-10	1.48e-07	2.79e-06	1.89e-05	1.06e-04	1.17e-02	1.88e-01	4.53e-01	2.29e-01	9.17e-02	2.42e-02	2.12e-03	2.56e-04	6.56e-05	8.68e-07	0.00e+00
 1.08271e+23	1.84e-23	5.80e-10	1.75e-07	3.30e-06	2.21e-05	1.22e-04	1.29e-02	1.99e-01	4.57e-01	2.21e-01	8.53e-02	2.19e-02	1.87e-03	2.20e-04	5.49e-05	6.97e-07	0.00e+00
 1.08848e+23	2.20e-23	7.07e-10	2.15e-07	4.06e-06	2.68e-05	1.47e-04	1.47e-02	2.15e-01	4.60e-01	2.11e-01	7.77e-02	1.92e-02	1.58e-03	1.81e-04	4.36e-05	5.25e-07	0.00e+00
 1.09434e+23	2.57e-23	8.27e-10	2.53e-07	4.78e-06	3.12e-05	1.69e-04	1.62e-02	2.27e-01	4.62e-01	2.03e-01	7.20e-02	1.73e-02	1.38e-03	1.55e-04	3.63e-05	4.19e-07	0.00e+00
 1.10038e+23	3.12e-23	1.00e-09	3.11e-07	5.88e-06	3.77e-05	2.03e-04	1.83e-02	2.43e-01	4.64e-01	1.93e-01	6.50e-02	1.51e-02	1.16e-03	1.26e-04	2.86e-05	3.12e-07	0.00e+00
 1.10642e+23	3.64e-23	1.16e-09	3.62e-07	6.88e-06	4.36e-05	2.33e-04	2.01e-02	2.56e-01	4.64e-01	1.85e-01	6.01e-02	1.35e-02	1.01e-03	1.08e-04	2.37e-05	2.49e-07	0.00e+00
 1.11248e+23	4.42e-23	1.39e-09	4.40e-07	8.38e-06	5.24e-05	2.78e-04	2.26e-02	2.73e-01	4.63e-01	1.75e-01	5.40e-02	1.18e-02	8.48e-04	8.76e-05	1.86e-05	1.85e-07	0.00e+00
 1.11856e+23	5.18e-23	1.60e-09	5.10e-07	9.73e-06	6.01e-05	3.16e-04	2.47e-02	2.86e-01	4.61e-01	1.67e-01	4.98e-02	1.05e-02	7.39e-04	7.47e-05	1.55e-05	1.47e-07	0.00e+00
 1.12468e+23	6.30e-23	1.89e-09	6.14e-07	1.18e-05	7.17e-05	3.75e-04	2.76e-02	3.03e-01	4.58e-01	1.57e-01	4.47e-02	9.11e-03	6.17e-04	6.05e-05	1.21e-05	0.00e+00	0.00e+00
 1.13087e+23	7.40e-23	2.17e-09	7.09e-07	1.36e-05	8.21e-05	4.26e-04	3.00e-02	3.16e-01	4.54e-01	1.50e-01	4.10e-02	8.14e-03	5.36e-04	5.13e-05	1.00e-05	0.00e+00	0.00e+00
 1.13714e+23	9.03e-23	2.56e-09	8.51e-07	1.64e-05	9.75e-05	5.03e-04	3.35e-02	3.33e-01	4.49e-01	1.40e-01	3.66e-02	7.00e-03	4.45e-04	4.13e-05	7.80e-06	0.00e+00	0.00e+00
 1.14350e+23	1.06e-22	2.92e-09	9.82e-07	1.90e-05	1.11e-04	5.71e-04	3.64e-02	3.46e-01	4.44e-01	1.33e-01	3.34e-02	6.22e-03	3.85e-04	3.49e-05	6.42e-06	0.00e+00	0.00e+00
 1.14997e+23	1.31e-22	3.43e-09	1.18e-06	2.28e-05	1.32e-04	6.73e-04	4.04e-02	3.64e-01	4.36e-01	1.24e-01	2.97e-02	5.32e-03	3.17e-04	2.79e-05	4.97e-06	0.00e+00	0.00e+00
 1.15656e+23	1.55e-22	3.92e-09	1.36e-06	2.64e-05	1.51e-04	7.64e-04	4.38e-02	3.77e-01	4.29e-01	1.17e-01	2.70e-02	4.70e-03	2.72e-04	2.34e-05	4.06e-06	0.00e+00	0.00e+00
 1.16331e+23	1.91e-22	4.61e-09	1.63e-06	3.18e-05	1.78e-04	9.00e-04	4.86e-02	3.94e-01	4.20e-01	1.08e-01	2.38e-02	3.99e-03	2.23e-04	1.85e-05	3.11e-06	0.00e+00	0.00e+00
 1.17022e+23	2.29e-22	5.28e-09	1.89e-06	3.68e-05	2.03e-04	1.02e-03	5.27e-02	4.08e-01	4.12e-01	1.02e-01	2.15e-02	3.50e-03	1.90e-04	1.54e-05	2.51e-06	0.00e+00	0.00e+00
 1.17734e+23	2.85e-22	6.23e-09	2.27e-06	4.44e-05	2.41e-04	1.21e-03	5.84e-02	4.25e-01	4.00e-01	9.35e-02	1.87e-02	2.94e-03	1.54e-04	1.20e-05	1.90e-06	0.00e+00	0.00e+00
 1.18458e+23	3.46e-22	7.20e-09	2.64e-06	5.15e-05	2.75e-04	1.36e-03	6.30e-02	4.37e-01	3.91e-01	8.75e-02	1.69e-02	2.57e-03	1.31e-04	9.96e-06	1.53e-06	0.00e+00	0.00e+00
 1.19071e+23	4.04e-22	8.09e-09	3.01e-06	5.88e-05	3.09e-04	1.53e-03	6.76e-02	4.49e-01	3.82e-01	8.21e-02	1.53e-02	2.27e-03	1.12e-04	8.33e-06	1.25e-06	0.00e+00	0.00e+00
 1.19743e+23	4.98e-22	9.45e-09	3.57e-06	6.96e-05	3.59e-04	1.77e-03	7.39e-02	4.63e-01	3.70e-01	7.56e-02	1.34e-02	1.92e-03	9.17e-05	6.62e-06	9.63e-07	0.00e+00	0.00e+00
 1.20390e+23	5.80e-22	1.06e-08	4.04e-06	7.83e-05	3.99e-04	1.96e-03	7.84e-02	4.73e-01	3.61e-01	7.13e-02	1.23e-02	1.72e-03	7.98e-05	5.64e-06	8.03e-07	0.00e+00	0.00e+00
 1.21007e+23	6.96e-22	1.21e-08	4.69e-06	9.10e-05	4.55e-04	2.23e-03	8.48e-02	4.85e-01	3.49e-01	6.58e-02	1.09e-02	1.47e-03	6.63e-05	4.56e-06	6.30e-07	0.00e+00	0.00e+00
 1.21630e+23	8.21e-22	1.37e-08	5.33e-06	1.03e-04	5.04e-04	2.46e-03	8.97e-02	4.93e-01	3.41e-01	6.20e-02	9.92e-03	1.31e-03	5.76e-05	3.88e-06	5.25e-07	0.00e+00	0.00e+00
 1.22262e+23	9.94e-22	1.58e-08	6.22e-06	1.19e-04	5.75e-04	2.79e-03	9.67e-02	5.04e-01	3.28e-01	5.71e-02	8.76e-03	1.12e-03	4.77e-05	3.13e-06	4.11e-07	0.00e+00	0.00e+00
 1.22904e+23	1.18e-21	1.79e-08	7.07e-06	1.35e-04	6.38e-04	3.08e-03	1.02e-01	5.12e-01	3.19e-01	5.35e-02	7.96e-03	9.94e-04	4.13e-05	2.65e-06	3.40e-07	0.00e+00	0.00e+00
 1.23558e+23	1.44e-21	2.08e-08	8.29e-06	1.57e-04	7.28e-04	3.50e-03	1.10e-01	5.22e-01	3.06e-01	4.90e-02	6.99e-03	8.45e-04	3.40e-05	2.12e-06	2.64e-07	0.00e+00	0.00e+00
 1.24222e+23	1.72e-21	2.38e-08	9.48e-06	1.77e-04	8.06e-04	3.84e-03	1.16e-01	5.29e-01	2.97e-01	4.59e-02	6.33e-03	7.47e-04	2.92e-05	1.79e-06	2.18e-07	0.00e+00	0.00e+00
 1.24899e+23	2.11e-21	2.78e-08	1.11e-05	2.07e-04	9.20e-04	4.38e-03	1.25e-01	5.38e-01	2.84e-01	4.18e-02	5.53e-03	6.31e-04	2.39e-05	1.42e-06	1.67e-07	0.00e+00	0.00e+00
 1.25586e+23	2.56e-21	3.20e-08	1.28e-05	2.35e-04	1.02e-03	4.81e-03	1.32e-01	5.43e-01	2.74e-01	3.89e-02	4.99e-03	5.54e-04	2.05e-05	1.19e-06	1.37e-07	0.00e+00	0.00e+00
 1.26287e+23	3.17e-21	3.77e-08	1.52e-05	2.75e-04	1.16e-03	5.47e-03	1.42e-01	5.50e-01	2.61e-01	3.53e-02	4.33e-03	4.65e-04	1.66e-05	9.36e-07	0.00e+00	0.00e+00	0.00e+00
 1.27006e+23	3.87e-21	4.36e-08	1.75e-05	3.13e-04	1.29e-03	6.03e-03	1.49e-01	5.55e-01	2.51e-01	3.27e-02	3.87e-03	4.05e-04	1.41e-05	7.76e-07	0.00e+00	0.00e+00	0.00e+00
 1.27746e+23	4.92e-21	5.23e-08	2.10e-05	3.70e-04	1.48e-03	6.86e-03	1.60e-01	5.60e-01	2.38e-01	2.95e-02	3.34e-03	3.38e-04	1.13e-05	6.05e-07	0.00e+00	0.00e+00	0.00e+00
 1.28505e+23	6.08e-21	6.13e-08	2.44e-05	4.23e-04	1.65e-03	7.58e-03	1.69e-01	5.64e-01	2.27e-01	2.71e-02	2.97e-03	2.91e-04	9.47e-06	4.96e-07	0.00e+00	0.00e+00	0.00e+00
 1.29291e+23	7.90e-21	7.47e-08	2.96e-05	5.03e-04	1.90e-03	8.64e-03	1.81e-01	5.67e-01	2.14e-01	2.42e-02	2.53e-03	2.40e-04	7.51e-06	3.81e-07	0.00e+00	0.00e+00	0.00e+00
 1.30084e+23	9.90e-21	8.84e-08	3.46e-05	5.77e-04	2.11e-03	9.52e-03	1.90e-01	5.69e-01	2.04e-01	2.22e-02	2.25e-03	2.07e-04	6.29e-06	3.12e-07	0.00e+00	0.00e+00	0.00e+00
 1.30886e+23	1.30e-20	1.08e-07	4.20e-05	6.86e-04	2.43e-03	1.08e-02	2.03e-01	5.70e-01	1.91e-01	1.98e-02	1.91e-03	1.69e-04	4.95e-06	2.38e-07	0.00e+00	0.00e+00	0.00e+00
 1.31696e+23	1.64e-20	1.29e-07	4.93e-05	7.87e-04	2.70e-03	1.19e-02	2.13e-01	5.70e-01	1.82e-01	1.81e-02	1.68e-03	1.45e-04	4.13e-06	1.94e-07	0.00e+00	0.00e+00	0.00e+00
 1.32518e+23	2.18e-20	1.60e-07	6.03e-05	9.38e-04	3.10e-03	1.35e-02	2.27e-01	5.68e-01	1.70e-01	1.60e-02	1.42e-03	1.18e-04	3.23e-06	1.48e-07	0.00e+00	0.00e+00	0.00e+00
 1.33320e+23	2.74e-20	1.90e-07	7.03e-05	1.07e-03	3.42e-03	1.47e-02	2.37e-01	5.67e-01	1.61e-01	1.47e-02	1.27e-03	1.02e-04	2.72e-06	1.22e-07	0.00e+00	0.00e+00	0.00e+00
 1.34096e+23	3.60e-20	2.34e-07	8.49e-05	1.26e-03	3.87e-03	1.65e-02	2.50e-01	5.64e-01	1.50e-01	1.30e-02	1.08e-03	8.42e-05	2.16e-06	0.00e+00	0.00e+00	0.00e+00	0.00e+00
 1.34901e+23	4.63e-20	2.82e-07	1.00e-04	1.44e-03	4.30e-03	1.81e-02	2.61e-01	5.60e-01	1.42e-01	1.19e-02	9.49e-04	7.20e-05	1.80e-06	0.00e+00	0.00e+00	0.00e+00	0.00e+00
 1.35589e+23	5.73e-20	3.30e-07	1.15e-04	1.63e-03	4.70e-03	1.96e-02	2.71e-01	5.56e-01	1.35e-01	1.09e-02	8.45e-04	6.25e-05	1.52e-06	0.00e+00	0.00e+00	0.00e+00	0.00e+00
 1.36329e+23	7.50e-20	4.05e-07	1.38e-04	1.89e-03	5.27e-03	2.17e-02	2.84e-01	5.51e-01	1.26e-01	9.72e-03	7.26e-04	5.19e-05	1.22e-06	0.00e+00	0.00e+00	0.00e+00	0.00e+00
 1.37070e+23	9.35e-20	4.77e-07	1.60e-04	2.13e-03	5.77e-03	2.35e-02	2.94e-01	5.46e-01	1.19e-01	8.89e-03	6.45e-04	4.50e-05	1.03e-06	0.00e+00	0.00e+00	0.00e+00	0.00e+00
 1.37813e+23	1.23e-19	5.86e-07	1.91e-04	2.48e-03	6.43e-03	2.58e-02	3.06e-01	5.39e-01	1.11e-01	7.96e-03	5.56e-04	3.76e-05	8.34e-07	0.00e+00	0.00e+00	0.00e+00	0.00e+00
 1.38585e+23	1.57e-19	7.02e-07	2.24e-04	2.82e-03	7.09e-03	2.81e-02	3.18e-01	5.32e-01	1.04e-01	7.19e-03	4.86e-04	3.19e-05	6.87e-07	0.00e+00	0.00e+00	0.00e+00	0.00e+00
 1.39274e+23	1.99e-19	8.36e-07	2.59e-04	3.19e-03	7.74e-03	3.03e-02	3.28e-01	5.25e-01	9.86e-02	6.56e-03	4.30e-04	2.76e-05	5.78e-07	0.00e+00	0.00e+00	0.00e+00	0.00e+00
 1.40048e+23	2.66e-19	1.04e-06	3.12e-04	3.71e-03	8.64e-03	3.33e-02	3.41e-01	5.16e-01	9.14e-02	5.83e-03	3.69e-04	2.28e-05	4.64e-07	0.00e+00	0.00e+00	0.00e+00	0.00e+00
 1.40864e+23	3.49e-19	1.27e-06	3.70e-04	4.26e-03	9.54e-03	3.62e-02	3.53e-01	5.06e-01	8.51e-02	5.22e-03	3.19e-04	1.92e-05	3.78e-07	0.00e+00	0.00e+00	0.00e+00	0.00e+00
 1.41606e+23	4.50e-19	1.53e-06	4.33e-04	4.84e-03	1.05e-02	3.92e-02	3.63e-01	4.97e-01	7.95e-02	4.71e-03	2.79e-04	1.63e-05	3.12e-07	0.00e+00	0.00e+00	0.00e+00	0.00e+00
 1.42445e+23	6.22e-19	1.94e-06	5.29e-04	5.68e-03	1.17e-02	4.31e-02	3.77e-01	4.85e-01	7.29e-02	4.13e-03	2.35e-04	1.33e-05	2.45e-07	0.00e+00	0.00e+00	0.00e+00	0.00e+00
 1.43308e+23	8.26e-19	2.38e-06	6.29e-04	6.53e-03	1.29e-02	4.68e-02	3.88e-01	4.73e-01	6.74e-02	3.67e-03	2.02e-04	1.11e-05	1.98e-07	0.00e+00	0.00e+00	0.00e+00	0.00e+00
 1.44075e+23	1.08e-18	2.90e-06	7.40e-04	7.43e-03	1.42e-02	5.05e-02	3.99e-01	4.62e-01	6.26e-02	3.29e-03	1.75e-04	9.33e-06	1.62e-07	0.00e+00	0.00e+00	0.00e+00	0.00e+00
 1.44942e+23	1.52e-18	3.71e-06	9.08e-04	8.74e-03	1.59e-02	5.54e-02	4.12e-01	4.48e-01	5.69e-02	2.86e-03	1.46e-04	7.52e-06	1.26e-07	0.00e+00	0.00e+00	0.00e+00	0.00e+00
 1.45841e+23	2.05e-18	4.61e-06	1.09e-03	1.01e-02	1.75e-02	6.00e-02	4.22e-01	4.34e-01	5.21e-02	2.52e-03	1.24e-04	6.20e-06	0.00e+00	0.00e+00	0.00e+00	0.00e+00	0.00e+00
 1.46648e+23	2.73e-18	5.66e-06	1.28e-03	1.15e-02	1.91e-02	6.46e-02	4.32e-01	4.21e-01	4.80e-02	2.24e-03	1.07e-04	5.17e-06	0.00e+00	0.00e+00	0.00e+00	0.00e+00	0.00e+00
 1.47562e+23	3.94e-18	7.35e-06	1.59e-03	1.36e-02	2.15e-02	7.08e-02	4.43e-01	4.04e-01	4.30e-02	1.92e-03	8.77e-05	4.09e-06	0.00e+00	0.00e+00	0.00e+00	0.00e+00	0.00e+00
 1.48505e+23	4.72e-18	9.19e-06	1.91e-03	1.56e-02	2.36e-02	7.64e-02	4.52e-01	3.89e-01	3.91e-02	1.68e-03	7.41e-05	3.34e-06	0.00e+00	0.00e+00	0.00e+00	0.00e+00	0.00e+00
 1.49486e+23	7.00e-18	1.21e-05	2.39e-03	1.86e-02	2.65e-02	8.38e-02	4.63e-01	3.70e-01	3.46e-02	1.42e-03	5.98e-05	2.59e-06	0.00e+00	0.00e+00	0.00e+00	0.00e+00	0.00e+00
 1.50479e+23	9.68e-18	1.53e-05	2.87e-03	2.14e-02	2.91e-02	9.02e-02	4.70e-01	3.54e-01	3.12e-02	1.23e-03	5.00e-05	2.10e-06	0.00e+00	0.00e+00	0.00e+00	0.00e+00	0.00e+00
 1.51354e+23	1.33e-17	1.90e-05	3.42e-03	2.45e-02	3.18e-02	9.66e-02	4.76e-01	3.38e-01	2.82e-02	1.07e-03	4.20e-05	1.71e-06	0.00e+00	0.00e+00	0.00e+00	0.00e+00	0.00e+00
 1.52357e+23	2.00e-17	2.53e-05	4.29e-03	2.91e-02	3.56e-02	1.05e-01	4.82e-01	3.18e-01	2.46e-02	8.95e-04	3.34e-05	1.31e-06	0.00e+00	0.00e+00	0.00e+00	0.00e+00	0.00e+00
 1.53372e+23	2.78e-17	3.17e-05	5.13e-03	3.33e-02	3.88e-02	1.13e-01	4.86e-01	3.01e-01	2.20e-02	7.70e-04	2.77e-05	1.05e-06	0.00e+00	0.00e+00	0.00e+00	0.00e+00	0.00e+00
 1.54402e+23	4.22e-17	4.21e-05	6.42e-03	3.94e-02	4.32e-02	1.22e-01	4.89e-01	2.81e-01	1.90e-02	6.38e-04	2.19e-05	7.96e-07	0.00e+00	0.00e+00	0.00e+00	0.00e+00	0.00e+00
 1.55448e+23	5.95e-17	5.32e-05	7.71e-03	4.51e-02	4.70e-02	1.30e-01	4.89e-01	2.64e-01	1.68e-02	5.44e-04	1.79e-05	6.30e-07	0.00e+00	0.00e+00	0.00e+00	0.00e+00	0.00e+00
 1.56514e+23	9.21e-17	7.11e-05	9.66e-03	5.33e-02	5.21e-02	1.40e-01	4.88e-01	2.43e-01	1.43e-02	4.43e-04	1.39e-05	4.69e-07	0.00e+00	0.00e+00	0.00e+00	0.00e+00	0.00e+00
 1.57591e+23	1.31e-16	8.96e-05	1.16e-02	6.08e-02	5.64e-02	1.48e-01	4.85e-01	2.26e-01	1.25e-02	3.75e-04	1.13e-05	3.68e-07	0.00e+00	0.00e+00	0.00e+00	0.00e+00	0.00e+00
 1.58681e+23	2.05e-16	1.20e-04	1.45e-02	7.15e-02	6.21e-02	1.58e-01	4.78e-01	2.05e-01	1.05e-02	3.01e-04	8.57e-06	2.69e-07	0.00e+00	0.00e+00	0.00e+00	0.00e+00	0.00e+00
 1.59782e+23	2.92e-16	1.50e-04	1.72e-02	8.09e-02	6.68e-02	1.65e-01	4.71e-01	1.89e-01	9.10e-03	2.52e-04	6.89e-06	2.10e-07	0.00e+00	0.00e+00	0.00e+00	0.00e+00	0.00e+00
 1.60897e+23	4.63e-16	2.01e-04	2.14e-02	9.44e-02	7.29e-02	1.75e-01	4.59e-01	1.69e-01	7.51e-03	2.00e-04	5.17e-06	1.51e-07	0.00e+00	0.00e+00	0.00e+00	0.00e+00	0.00e+00
 1.62027e+23	6.68e-16	2.52e-04	2.54e-02	1.06e-01	7.78e-02	1.82e-01	4.48e-01	1.54e-01	6.42e-03	1.65e-04	4.09e-06	0.00e+00	0.00e+00	0.00e+00	0.00e+00	0.00e+00	0.00e+00
 1.63007e+23	9.49e-16	3.11e-04	2.97e-02	1.19e-01	8.24e-02	1.88e-01	4.35e-01	1.40e-01	5.50e-03	1.38e-04	3.26e-06	0.00e+00	0.00e+00	0.00e+00	0.00e+00	0.00e+00	0.00e+00
 1.64110e+23	1.50e-15	4.07e-04	3.63e-02	1.36e-01	8.83e-02	1.95e-01	4.16e-01	1.23e-01	4.46e-03	1.08e-04	2.41e-06	0.00e+00	0.00e+00	0.00e+00	0.00e+00	0.00e+00	0.00e+00
 1.65186e+23	2.10e-15	4.93e-04	4.17e-02	1.49e-01	9.25e-02	2.00e-01	4.01e-01	1.12e-01	3.82e-03	8.98e-05	1.93e-06	0.00e+00	0.00e+00	0.00e+00	0.00e+00	0.00e+00	0.00e+00
 1.66084e+23	2.93e-15	5.93e-04	4.77e-02	1.62e-01	9.64e-02	2.03e-01	3.85e-01	1.01e-01	3.27e-03	7.50e-05	1.55e-06	0.00e+00	0.00e+00	0.00e+00	0.00e+00	0.00e+00	0.00e+00
 1.67108e+23	4.55e-15	7.50e-04	5.65e-02	1.81e-01	1.01e-01	2.07e-01	3.63e-01	8.78e-02	2.64e-03	5.88e-05	1.15e-06	0.00e+00	0.00e+00	0.00e+00	0.00e+00	0.00e+00	0.00e+00
 1.68124e+23	6.30e-15	8.91e-04	6.39e-02	1.96e-01	1.04e-01	2.08e-01	3.46e-01	7.87e-02	2.25e-03	4.88e-05	9.17e-07	0.00e+00	0.00e+00	0.00e+00	0.00e+00	0.00e+00	0.00e+00
 1.69128e+23	9.79e-15	1.10e-03	7.43e-02	2.14e-01	1.08e-01	2.09e-01	3.23e-01	6.81e-02	1.82e-03	3.83e-05	6.83e-07	0.00e+00	0.00e+00	0.00e+00	0.00e+00	0.00e+00	0.00e+00
 1.70160e+23	1.44e-14	1.32e-03	8.39e-02	2.30e-01	1.11e-01	2.09e-01	3.03e-01	5.98e-02	1.51e-03	3.11e-05	5.30e-07	0.00e+00	0.00e+00	0.00e+00	0.00e+00	0.00e+00	0.00e+00
 1.71229e+23	2.34e-14	1.63e-03	9.72e-02	2.51e-01	1.13e-01	2.07e-01	2.78e-01	5.06e-02	1.19e-03	2.38e-05	3.83e-07	0.00e+00	0.00e+00	0.00e+00	0.00e+00	0.00e+00	0.00e+00
 1.72304e+23	3.64e-14	1.93e-03	1.09e-01	2.67e-01	1.15e-01	2.04e-01	2.58e-01	4.39e-02	9.70e-04	1.90e-05	2.93e-07	0.00e+00	0.00e+00	0.00e+00	0.00e+00	0.00e+00	0.00e+00
 1.73389e+23	6.14e-14	2.37e-03	1.25e-01	2.86e-01	1.16e-01	2.00e-01	2.33e-01	3.64e-02	7.50e-04	1.43e-05	2.08e-07	0.00e+00	0.00e+00	0.00e+00	0.00e+00	0.00e+00	0.00e+00
 1.74486e+23	1.05e-13	2.78e-03	1.38e-01	3.02e-01	1.17e-01	1.95e-01	2.14e-01	3.11e-02	6.05e-04	1.13e-05	1.56e-07	0.00e+00	0.00e+00	0.00e+00	0.00e+00	0.00e+00	0.00e+00
 1.75363e+23	1.60e-13	3.16e-03	1.50e-01	3.14e-01	1.17e-01	1.90e-01	1.98e-01	2.73e-02	5.05e-04	9.29e-06	0.00e+00	0.00e+00	0.00e+00	0.00e+00	0.00e+00	0.00e+00	0.00e+00
 1.76269e+23	2.79e-13	3.68e-03	1.65e-01	3.27e-01	1.16e-01	1.84e-01	1.80e-01	2.31e-02	4.04e-04	7.28e-06	0.00e+00	0.00e+00	0.00e+00	0.00e+00	0.00e+00	0.00e+00	0.00e+00
 1.77195e+23	5.13e-13	4.18e-03	1.79e-01	3.38e-01	1.15e-01	1.78e-01	1.65e-01	1.99e-02	3.33e-04	5.89e-06	0.00e+00	0.00e+00	0.00e+00	0.00e+00	0.00e+00	0.00e+00	0.00e+00
 1.78019e+23	9.02e-13	4.70e-03	1.92e-01	3.48e-01	1.14e-01	1.72e-01	1.51e-01	1.73e-02	2.75e-04	4.79e-06	0.00e+00	0.00e+00	0.00e+00	0.00e+00	0.00e+00	0.00e+00	0.00e+00
 1.78962e+23	2.37e-12	5.44e-03	2.10e-01	3.59e-01	1.12e-01	1.64e-01	1.35e-01	1.43e-02	2.15e-04	3.67e-06	0.00e+00	0.00e+00	0.00e+00	0.00e+00	0.00e+00	0.00e+00	0.00e+00
 1.79915e+23	7.33e-12	6.13e-03	2.25e-01	3.67e-01	1.11e-01	1.57e-01	1.22e-01	1.22e-02	1.74e-04	2.93e-06	0.00e+00	0.00e+00	0.00e+00	0.00e+00	0.00e+00	0.00e+00	0.00e+00
