#depth	Fe	Fe+	Fe+2	Fe+3	Fe+4	Fe+5	Fe+6	Fe+7	Fe+8	Fe+9	Fe+10	Fe+11	Fe+12	Fe+13	Fe+14	Fe+15	Fe+16	Fe+17	Fe+18	Fe+19	Fe+20	Fe+21	Fe+22	Fe+23	Fe+24	Fe+25	Fe+26
 1.54284e+22	0.00e+00	0.00e+00	0.00e+00	0.00e+00	0.00e+00	0.00e+00	0.00e+00	5.48e-22	8.84e-20	4.68e-18	1.78e-16	4.71e-15	1.24e-13	4.23e-12	1.61e-10	7.38e-09	2.28e-06	6.30e-05	8.92e-04	6.14e-03	2.52e-02	5.79e-02	1.01e-01	1.67e-01	4.34e-01	1.81e-01	2.72e-02
 3.47709e+22	0.00e+00	0.00e+00	0.00e+00	0.00e+00	0.00e+00	0.00e+00	1.04e-21	1.82e-19	2.05e-17	8.36e-16	2.58e-14	6.24e-13	1.69e-11	3.63e-10	8.64e-09	2.49e-07	5.06e-05	9.10e-04	8.34e-03	3.67e-02	9.60e-02	1.41e-01	1.58e-01	1.69e-01	3.02e-01	8.03e-02	7.70e-03
 4.08562e+22	0.00e+00	0.00e+00	0.00e+00	0.00e+00	0.00e+00	1.25e-22	6.66e-20	9.30e-18	8.08e-16	2.52e-14	5.91e-13	1.09e-11	2.24e-10	3.64e-09	6.58e-08	1.45e-06	2.40e-04	3.43e-03	2.46e-02	8.33e-02	1.67e-01	1.88e-01	1.62e-01	1.34e-01	1.94e-01	3.97e-02	2.92e-03
 4.45109e+22	0.00e+00	0.00e+00	0.00e+00	0.00e+00	2.60e-24	2.68e-21	1.20e-18	1.40e-16	1.00e-14	2.57e-13	4.94e-12	7.43e-11	1.25e-09	1.66e-08	2.44e-07	4.40e-06	6.36e-04	7.77e-03	4.69e-02	1.32e-01	2.18e-01	2.03e-01	1.45e-01	9.94e-02	1.25e-01	2.11e-02	1.29e-03
 4.63652e+22	0.00e+00	0.00e+00	0.00e+00	1.90e-27	5.94e-24	5.88e-21	2.52e-18	2.79e-16	1.90e-14	4.62e-13	8.43e-12	1.20e-10	1.92e-09	2.42e-08	3.37e-07	5.75e-06	8.03e-04	9.43e-03	5.45e-02	1.46e-01	2.29e-01	2.03e-01	1.38e-01	9.04e-02	1.10e-01	1.76e-02	1.02e-03
 4.69802e+22	0.00e+00	0.00e+00	1.82e-31	3.59e-27	1.09e-23	1.04e-20	4.31e-18	4.61e-16	3.03e-14	7.08e-13	1.24e-11	1.70e-10	2.61e-09	3.16e-08	4.24e-07	6.97e-06	9.49e-04	1.08e-02	6.06e-02	1.56e-01	2.37e-01	2.02e-01	1.33e-01	8.38e-02	9.92e-02	1.54e-02	8.61e-04
 4.74382e+22	0.00e+00	0.00e+00	2.86e-31	5.50e-27	1.63e-23	1.53e-20	6.19e-18	6.47e-16	4.15e-14	9.44e-13	1.61e-11	2.16e-10	3.22e-09	3.80e-08	4.96e-07	7.94e-06	1.06e-03	1.19e-02	6.49e-02	1.63e-01	2.42e-01	2.01e-01	1.29e-01	7.95e-02	9.24e-02	1.40e-02	7.64e-04
 4.79302e+22	0.00e+00	0.00e+00	5.47e-31	1.02e-26	2.93e-23	2.67e-20	1.04e-17	1.05e-15	6.50e-14	1.43e-12	2.35e-11	3.02e-10	4.34e-09	4.92e-08	6.19e-07	9.53e-06	1.24e-03	1.35e-02	7.15e-02	1.74e-01	2.48e-01	1.99e-01	1.23e-01	7.34e-02	8.32e-02	1.21e-02	6.40e-04
 4.84656e+22	0.00e+00	0.00e+00	1.04e-30	1.88e-26	5.24e-23	4.62e-20	1.74e-17	1.70e-15	1.01e-13	2.14e-12	3.39e-11	4.20e-10	5.80e-09	6.33e-08	7.66e-07	1.14e-05	1.45e-03	1.53e-02	7.85e-02	1.84e-01	2.54e-01	1.96e-01	1.17e-01	6.75e-02	7.47e-02	1.05e-02	5.36e-04
 4.89684e+22	0.00e+00	0.00e+00	1.83e-30	3.21e-26	8.72e-23	7.47e-20	2.74e-17	2.59e-15	1.50e-13	3.06e-12	4.69e-11	5.62e-10	7.51e-09	7.93e-08	9.27e-07	1.33e-05	1.65e-03	1.70e-02	8.49e-02	1.93e-01	2.58e-01	1.93e-01	1.12e-01	6.26e-02	6.77e-02	9.24e-03	4.56e-04
 4.95333e+22	0.00e+00	0.00e+00	4.06e-30	6.84e-26	1.79e-22	1.47e-19	5.17e-17	4.68e-15	2.59e-13	5.05e-12	7.38e-11	8.42e-10	1.07e-08	1.08e-07	1.20e-06	1.64e-05	1.98e-03	1.97e-02	9.46e-02	2.06e-01	2.62e-01	1.88e-01	1.04e-01	5.60e-02	5.87e-02	7.66e-03	3.62e-04
 5.00878e+22	0.00e+00	0.00e+00	7.34e-30	1.20e-25	3.05e-22	2.44e-19	8.29e-17	7.28e-15	3.88e-13	7.32e-12	1.03e-10	1.14e-09	1.40e-08	1.36e-07	1.45e-06	1.92e-05	2.26e-03	2.19e-02	1.02e-01	2.15e-01	2.65e-01	1.84e-01	9.87e-02	5.13e-02	5.26e-02	6.64e-03	3.04e-04
 5.06288e+22	0.00e+00	0.00e+00	1.50e-29	2.37e-25	5.79e-22	4.47e-19	1.46e-16	1.24e-14	6.33e-13	1.14e-11	1.54e-10	1.63e-09	1.92e-08	1.78e-07	1.83e-06	2.31e-05	2.65e-03	2.48e-02	1.12e-01	2.26e-01	2.67e-01	1.78e-01	9.18e-02	4.59e-02	4.59e-02	5.56e-03	2.45e-04
 5.11921e+22	0.00e+00	0.00e+00	2.84e-29	4.34e-25	1.03e-21	7.69e-19	2.43e-16	1.98e-14	9.78e-13	1.70e-11	2.21e-10	2.25e-09	2.54e-08	2.27e-07	2.24e-06	2.72e-05	3.04e-03	2.76e-02	1.20e-01	2.35e-01	2.68e-01	1.73e-01	8.58e-02	4.15e-02	4.04e-02	4.73e-03	2.01e-04
 5.16969e+22	0.00e+00	5.29e-34	5.22e-29	7.73e-25	1.78e-21	1.29e-18	3.94e-16	3.11e-14	1.48e-12	2.48e-11	3.11e-10	3.04e-09	3.31e-08	2.85e-07	2.71e-06	3.17e-05	3.45e-03	3.05e-02	1.29e-01	2.44e-01	2.68e-01	1.67e-01	8.02e-02	3.75e-02	3.57e-02	4.04e-03	1.65e-04
 5.21870e+22	0.00e+00	9.90e-34	9.45e-29	1.36e-24	3.03e-21	2.13e-18	6.32e-16	4.82e-14	2.22e-12	3.58e-11	4.33e-10	4.09e-09	4.29e-08	3.55e-07	3.25e-06	3.68e-05	3.91e-03	3.36e-02	1.38e-01	2.52e-01	2.68e-01	1.61e-01	7.48e-02	3.39e-02	3.16e-02	3.45e-03	1.37e-04
 5.27455e+22	0.00e+00	2.19e-33	2.00e-28	2.76e-24	5.94e-21	4.03e-18	1.15e-15	8.38e-14	3.69e-12	5.70e-11	6.57e-10	5.92e-09	5.93e-08	4.69e-07	4.10e-06	4.43e-05	4.55e-03	3.78e-02	1.50e-01	2.62e-01	2.66e-01	1.53e-01	6.82e-02	2.97e-02	2.69e-02	2.81e-03	1.07e-04
 5.33140e+22	0.00e+00	0.00e+00	3.73e-28	4.98e-24	1.04e-20	6.82e-18	1.87e-15	1.32e-13	5.61e-12	8.35e-11	9.27e-10	8.04e-09	7.74e-08	5.89e-07	4.95e-06	5.14e-05	5.15e-03	4.16e-02	1.59e-01	2.69e-01	2.63e-01	1.46e-01	6.30e-02	2.65e-02	2.35e-02	2.37e-03	8.68e-05
 5.38955e+22	0.00e+00	9.56e-33	8.08e-28	1.03e-23	2.07e-20	1.31e-17	3.45e-15	2.33e-13	9.45e-12	1.34e-10	1.42e-09	1.17e-08	1.08e-07	7.81e-07	6.24e-06	6.19e-05	5.99e-03	4.66e-02	1.72e-01	2.77e-01	2.59e-01	1.38e-01	5.68e-02	2.29e-02	1.97e-02	1.90e-03	6.67e-05
 5.44897e+22	0.00e+00	1.97e-32	1.60e-27	1.98e-23	3.82e-20	2.33e-17	5.91e-15	3.85e-13	1.50e-11	2.04e-10	2.07e-09	1.64e-08	1.44e-07	9.98e-07	7.64e-06	7.25e-05	6.81e-03	5.14e-02	1.83e-01	2.84e-01	2.55e-01	1.30e-01	5.16e-02	2.01e-02	1.68e-02	1.56e-03	5.27e-05
 5.49736e+22	0.00e+00	3.50e-32	2.75e-27	3.30e-23	6.21e-20	3.68e-17	9.06e-15	5.72e-13	2.15e-11	2.83e-10	2.78e-09	2.13e-08	1.81e-07	1.21e-06	8.95e-06	8.22e-05	7.53e-03	5.54e-02	1.92e-01	2.88e-01	2.51e-01	1.24e-01	4.77e-02	1.80e-02	1.48e-02	1.33e-03	4.36e-05
 5.54761e+22	0.00e+00	7.22e-32	5.46e-27	6.32e-23	1.14e-19	6.55e-17	1.55e-14	9.44e-13	3.40e-11	4.29e-10	4.04e-09	2.96e-08	2.41e-07	1.54e-06	1.09e-05	9.60e-05	8.54e-03	6.08e-02	2.03e-01	2.94e-01	2.45e-01	1.16e-01	4.31e-02	1.57e-02	1.26e-02	1.09e-03	3.41e-05
 5.59969e+22	0.00e+00	1.36e-31	9.94e-27	1.11e-22	1.95e-19	1.08e-16	2.49e-14	1.46e-12	5.07e-11	6.17e-10	5.59e-09	3.94e-08	3.09e-07	1.91e-06	1.30e-05	1.10e-04	9.51e-03	6.58e-02	2.13e-01	2.97e-01	2.39e-01	1.10e-01	3.93e-02	1.39e-02	1.09e-02	9.07e-04	2.75e-05
 5.64286e+22	0.00e+00	2.30e-31	1.63e-26	1.78e-22	3.04e-19	1.64e-16	3.66e-14	2.09e-12	7.05e-11	8.32e-10	7.30e-09	4.99e-08	3.78e-07	2.27e-06	1.49e-05	1.22e-04	1.04e-02	7.01e-02	2.22e-01	3.00e-01	2.34e-01	1.04e-01	3.64e-02	1.25e-02	9.62e-03	7.79e-04	2.30e-05
 5.68772e+22	0.00e+00	4.41e-31	3.01e-26	3.18e-22	5.25e-19	2.75e-16	5.93e-14	3.27e-12	1.06e-10	1.21e-09	1.02e-08	6.70e-08	4.88e-07	2.81e-06	1.78e-05	1.40e-04	1.15e-02	7.57e-02	2.32e-01	3.03e-01	2.28e-01	9.77e-02	3.29e-02	1.09e-02	8.24e-03	6.44e-04	1.83e-05
 5.73051e+22	0.00e+00	7.17e-31	4.77e-26	4.90e-22	7.90e-19	4.04e-16	8.48e-14	4.56e-12	1.44e-10	1.59e-09	1.30e-08	8.32e-08	5.89e-07	3.29e-06	2.02e-05	1.55e-04	1.25e-02	8.01e-02	2.39e-01	3.04e-01	2.22e-01	9.29e-02	3.05e-02	9.89e-03	7.33e-03	5.57e-04	1.54e-05
 5.76471e+22	0.00e+00	1.15e-30	7.45e-26	7.47e-22	1.18e-18	5.88e-16	1.20e-13	6.30e-12	1.93e-10	2.07e-09	1.65e-08	1.03e-07	7.06e-07	3.83e-06	2.29e-05	1.70e-04	1.34e-02	8.44e-02	2.47e-01	3.05e-01	2.17e-01	8.84e-02	2.83e-02	8.95e-03	6.53e-03	4.84e-04	1.30e-05
 5.79812e+22	0.00e+00	1.80e-30	1.13e-25	1.11e-21	1.71e-18	8.34e-16	1.67e-13	8.52e-12	2.55e-10	2.67e-09	2.07e-08	1.25e-07	8.37e-07	4.43e-06	2.57e-05	1.86e-04	1.44e-02	8.87e-02	2.54e-01	3.06e-01	2.12e-01	8.42e-02	2.63e-02	8.14e-03	5.86e-03	4.23e-04	1.11e-05
 5.83093e+22	0.00e+00	2.73e-30	1.68e-25	1.61e-21	2.42e-18	1.16e-15	2.27e-13	1.13e-11	3.31e-10	3.38e-09	2.55e-08	1.51e-07	9.83e-07	5.06e-06	2.86e-05	2.02e-04	1.53e-02	9.28e-02	2.60e-01	3.07e-01	2.07e-01	8.04e-02	2.46e-02	7.44e-03	5.28e-03	3.72e-04	9.55e-06
 5.86809e+22	0.00e+00	4.78e-30	2.85e-25	2.65e-21	3.87e-18	1.80e-15	3.42e-13	1.66e-11	4.68e-10	4.62e-09	3.38e-08	1.93e-07	1.22e-06	6.06e-06	3.31e-05	2.26e-04	1.67e-02	9.84e-02	2.68e-01	3.07e-01	2.00e-01	7.54e-02	2.24e-02	6.59e-03	4.58e-03	3.13e-04	7.79e-06
 5.90505e+22	0.00e+00	7.42e-30	4.31e-25	3.92e-21	5.60e-18	2.55e-15	4.72e-13	2.24e-11	6.15e-10	5.92e-09	4.22e-08	2.35e-07	1.44e-06	6.97e-06	3.70e-05	2.46e-04	1.78e-02	1.03e-01	2.75e-01	3.06e-01	1.95e-01	7.16e-02	2.08e-02	5.97e-03	4.10e-03	2.73e-04	6.63e-06
 5.93691e+22	0.00e+00	1.15e-29	6.51e-25	5.78e-21	8.07e-18	3.59e-15	6.51e-13	3.01e-11	8.06e-10	7.56e-09	5.25e-08	2.84e-07	1.70e-06	8.00e-06	4.13e-05	2.68e-04	1.90e-02	1.08e-01	2.81e-01	3.06e-01	1.90e-01	6.79e-02	1.93e-02	5.42e-03	3.66e-03	2.38e-04	5.64e-06
 5.96747e+22	0.00e+00	1.74e-29	9.61e-25	8.34e-21	1.14e-17	4.97e-15	8.80e-13	3.98e-11	1.04e-09	9.52e-09	6.45e-08	3.41e-07	1.98e-06	9.12e-06	4.59e-05	2.90e-04	2.02e-02	1.12e-01	2.87e-01	3.05e-01	1.85e-01	6.46e-02	1.79e-02	4.94e-03	3.29e-03	2.09e-04	4.84e-06
 5.99660e+22	0.00e+00	2.59e-29	1.40e-24	1.19e-20	1.59e-17	6.80e-15	1.18e-12	5.21e-11	1.33e-09	1.19e-08	7.87e-08	4.06e-07	2.31e-06	1.03e-05	5.07e-05	3.13e-04	2.14e-02	1.17e-01	2.93e-01	3.04e-01	1.80e-01	6.15e-02	1.67e-02	4.50e-03	2.97e-03	1.84e-04	4.16e-06
 6.02992e+22	0.00e+00	4.39e-29	2.30e-24	1.90e-20	2.46e-17	1.03e-14	1.73e-12	7.44e-11	1.84e-09	1.60e-08	1.02e-07	5.11e-07	2.81e-06	1.22e-05	5.79e-05	3.45e-04	2.30e-02	1.23e-01	3.00e-01	3.02e-01	1.73e-01	5.75e-02	1.52e-02	3.99e-03	2.58e-03	1.55e-04	3.41e-06
 6.06317e+22	0.00e+00	6.57e-29	3.36e-24	2.71e-20	3.45e-17	1.41e-14	2.32e-12	9.76e-11	2.36e-09	2.00e-08	1.25e-07	6.09e-07	3.27e-06	1.38e-05	6.40e-05	3.73e-04	2.43e-02	1.27e-01	3.05e-01	3.00e-01	1.68e-01	5.45e-02	1.41e-02	3.63e-03	2.32e-03	1.36e-04	2.93e-06
 6.09634e+22	0.00e+00	1.09e-28	5.43e-24	4.26e-20	5.27e-17	2.09e-14	3.36e-12	1.38e-10	3.23e-09	2.65e-08	1.61e-07	7.61e-07	3.95e-06	1.62e-05	7.26e-05	4.10e-04	2.61e-02	1.33e-01	3.12e-01	2.98e-01	1.61e-01	5.10e-02	1.28e-02	3.22e-03	2.02e-03	1.16e-04	2.41e-06
 6.13016e+22	0.00e+00	1.71e-28	8.28e-24	6.34e-20	7.64e-17	2.97e-14	4.66e-12	1.86e-10	4.25e-09	3.40e-08	2.01e-07	9.24e-07	4.67e-06	1.86e-05	8.11e-05	4.45e-04	2.77e-02	1.39e-01	3.17e-01	2.95e-01	1.56e-01	4.80e-02	1.18e-02	2.89e-03	1.79e-03	9.97e-05	2.03e-06
 6.15771e+22	0.00e+00	2.48e-28	1.17e-23	8.78e-20	1.04e-16	3.95e-14	6.09e-12	2.38e-10	5.32e-09	4.17e-08	2.41e-07	1.08e-06	5.35e-06	2.09e-05	8.87e-05	4.76e-04	2.91e-02	1.43e-01	3.22e-01	2.93e-01	1.51e-01	4.56e-02	1.10e-02	2.65e-03	1.62e-03	8.83e-05	1.76e-06
 6.18643e+22	0.00e+00	3.92e-28	1.80e-23	1.32e-19	1.52e-16	5.65e-14	8.48e-12	3.24e-10	7.04e-09	5.37e-08	3.02e-07	1.32e-06	6.34e-06	2.40e-05	9.92e-05	5.17e-04	3.09e-02	1.49e-01	3.27e-01	2.90e-01	1.46e-01	4.28e-02	1.01e-02	2.37e-03	1.43e-03	7.58e-05	1.47e-06
 6.21595e+22	0.00e+00	5.73e-28	2.57e-23	1.84e-19	2.07e-16	7.58e-14	1.12e-11	4.18e-10	8.87e-09	6.62e-08	3.64e-07	1.56e-06	7.29e-06	2.70e-05	1.09e-04	5.54e-04	3.25e-02	1.54e-01	3.31e-01	2.88e-01	1.41e-01	4.06e-02	9.37e-03	2.16e-03	1.29e-03	6.67e-05	1.26e-06
 6.24652e+22	0.00e+00	9.63e-28	4.19e-23	2.90e-19	3.18e-16	1.13e-13	1.62e-11	5.90e-10	1.22e-08	8.80e-08	4.69e-07	1.94e-06	8.82e-06	3.16e-05	1.23e-04	6.08e-04	3.47e-02	1.60e-01	3.37e-01	2.84e-01	1.35e-01	3.76e-02	8.46e-03	1.90e-03	1.11e-03	5.60e-05	1.03e-06
 6.27648e+22	0.00e+00	1.42e-27	6.01e-23	4.08e-19	4.37e-16	1.52e-13	2.14e-11	7.64e-10	1.54e-08	1.09e-07	5.66e-07	2.29e-06	1.02e-05	3.55e-05	1.35e-04	6.51e-04	3.64e-02	1.65e-01	3.41e-01	2.81e-01	1.30e-01	3.56e-02	7.84e-03	1.72e-03	9.98e-04	4.91e-05	8.83e-07
 6.30567e+22	0.00e+00	2.33e-27	9.59e-23	6.32e-19	6.57e-16	2.24e-13	3.06e-11	1.06e-09	2.08e-08	1.43e-07	7.22e-07	2.84e-06	1.22e-05	4.13e-05	1.52e-04	7.11e-04	3.87e-02	1.71e-01	3.46e-01	2.77e-01	1.24e-01	3.30e-02	7.09e-03	1.52e-03	8.66e-04	4.14e-05	7.23e-07
 6.33513e+22	0.00e+00	3.45e-27	1.39e-22	8.93e-19	9.07e-16	3.03e-13	4.06e-11	1.38e-09	2.64e-08	1.77e-07	8.75e-07	3.36e-06	1.41e-05	4.66e-05	1.67e-04	7.62e-04	4.06e-02	1.77e-01	3.49e-01	2.73e-01	1.20e-01	3.11e-02	6.54e-03	1.37e-03	7.74e-04	3.61e-05	6.16e-07
 6.36495e+22	0.00e+00	5.80e-27	2.25e-22	1.41e-18	1.39e-15	4.50e-13	5.87e-11	1.95e-09	3.61e-08	2.35e-07	1.13e-06	4.19e-06	1.70e-05	5.44e-05	1.89e-04	8.33e-04	4.32e-02	1.83e-01	3.54e-01	2.68e-01	1.14e-01	2.87e-02	5.88e-03	1.20e-03	6.66e-04	3.01e-05	4.99e-07
 6.39487e+22	0.00e+00	8.71e-27	3.29e-22	2.01e-18	1.93e-15	6.14e-13	7.86e-11	2.55e-09	4.61e-08	2.94e-07	1.37e-06	4.99e-06	1.97e-05	6.15e-05	2.08e-04	8.94e-04	4.53e-02	1.89e-01	3.57e-01	2.64e-01	1.09e-01	2.70e-02	5.40e-03	1.08e-03	5.91e-04	2.61e-05	4.22e-07
 6.42023e+22	0.00e+00	1.26e-26	4.66e-22	2.78e-18	2.62e-15	8.16e-13	1.02e-10	3.26e-09	5.77e-08	3.61e-07	1.65e-06	5.85e-06	2.26e-05	6.89e-05	2.27e-04	9.54e-04	4.74e-02	1.94e-01	3.60e-01	2.61e-01	1.05e-01	2.54e-02	5.00e-03	9.81e-04	5.30e-04	2.29e-05	3.62e-07
 6.44852e+22	0.00e+00	2.15e-26	7.66e-22	4.42e-18	4.02e-15	1.22e-12	1.49e-10	4.64e-09	7.95e-08	4.82e-07	2.13e-06	7.33e-06	2.74e-05	8.07e-05	2.57e-04	1.04e-03	5.03e-02	2.01e-01	3.64e-01	2.55e-01	9.94e-02	2.33e-02	4.46e-03	8.52e-04	4.53e-04	1.89e-05	2.90e-07
 6.47626e+22	0.00e+00	3.07e-26	1.07e-21	6.03e-18	5.38e-15	1.60e-12	1.93e-10	5.87e-09	9.85e-08	5.86e-07	2.54e-06	8.54e-06	3.12e-05	8.99e-05	2.80e-04	1.11e-03	5.24e-02	2.06e-01	3.66e-01	2.51e-01	9.56e-02	2.20e-02	4.13e-03	7.75e-04	4.07e-04	1.66e-05	2.49e-07
 6.50330e+22	0.00e+00	5.08e-26	1.71e-21	9.36e-18	8.09e-15	2.35e-12	2.75e-10	8.19e-09	1.33e-07	7.72e-07	3.24e-06	1.06e-05	3.75e-05	1.05e-04	3.15e-04	1.21e-03	5.55e-02	2.13e-01	3.69e-01	2.46e-01	9.05e-02	2.02e-02	3.70e-03	6.75e-04	3.49e-04	1.38e-05	2.01e-07
 6.52983e+22	0.00e+00	7.11e-26	2.34e-21	1.25e-17	1.06e-14	3.03e-12	3.50e-10	1.02e-08	1.63e-07	9.27e-07	3.82e-06	1.22e-05	4.24e-05	1.16e-04	3.41e-04	1.28e-03	5.76e-02	2.17e-01	3.71e-01	2.42e-01	8.71e-02	1.91e-02	3.43e-03	6.16e-04	3.15e-04	1.22e-05	1.74e-07
 6.55570e+22	0.00e+00	1.18e-25	3.74e-21	1.94e-17	1.59e-14	4.43e-12	4.99e-10	1.43e-08	2.21e-07	1.22e-06	4.89e-06	1.52e-05	5.10e-05	1.35e-04	3.83e-04	1.40e-03	6.09e-02	2.24e-01	3.74e-01	2.36e-01	8.22e-02	1.75e-02	3.06e-03	5.36e-04	2.69e-04	1.01e-05	1.40e-07
 6.58136e+22	0.00e+00	1.65e-25	5.13e-21	2.60e-17	2.09e-14	5.72e-12	6.34e-10	1.78e-08	2.72e-07	1.47e-06	5.77e-06	1.76e-05	5.77e-05	1.49e-04	4.15e-04	1.48e-03	6.32e-02	2.29e-01	3.75e-01	2.32e-01	7.90e-02	1.65e-02	2.84e-03	4.87e-04	2.42e-04	8.91e-06	0.00e+00
 6.60675e+22	0.00e+00	2.70e-25	8.10e-21	3.98e-17	3.09e-14	8.27e-12	8.97e-10	2.47e-08	3.65e-07	1.93e-06	7.34e-06	2.17e-05	6.91e-05	1.73e-04	4.65e-04	1.61e-03	6.66e-02	2.35e-01	3.77e-01	2.26e-01	7.44e-02	1.51e-02	2.53e-03	4.24e-04	2.07e-04	7.39e-06	0.00e+00
 6.63242e+22	0.00e+00	3.86e-25	1.13e-20	5.43e-17	4.12e-14	1.08e-11	1.16e-09	3.13e-08	4.53e-07	2.35e-06	8.76e-06	2.53e-05	7.88e-05	1.93e-04	5.06e-04	1.71e-03	6.92e-02	2.40e-01	3.78e-01	2.22e-01	7.12e-02	1.42e-02	2.33e-03	3.82e-04	1.84e-04	6.43e-06	0.00e+00
 6.65846e+22	0.00e+00	6.36e-25	1.80e-20	8.34e-17	6.13e-14	1.57e-11	1.64e-09	4.35e-08	6.13e-07	3.09e-06	1.12e-05	3.14e-05	9.47e-05	2.24e-04	5.69e-04	1.86e-03	7.30e-02	2.47e-01	3.80e-01	2.15e-01	6.68e-02	1.29e-02	2.07e-03	3.30e-04	1.57e-04	5.29e-06	0.00e+00
 6.68482e+22	0.00e+00	9.19e-25	2.53e-20	1.14e-16	8.22e-14	2.07e-11	2.13e-09	5.54e-08	7.66e-07	3.79e-06	1.34e-05	3.69e-05	1.08e-04	2.51e-04	6.20e-04	1.98e-03	7.59e-02	2.52e-01	3.80e-01	2.11e-01	6.36e-02	1.20e-02	1.89e-03	2.96e-04	1.39e-04	4.57e-06	0.00e+00
 6.71160e+22	0.00e+00	1.50e-24	3.99e-20	1.75e-16	1.21e-13	2.98e-11	3.01e-09	7.69e-08	1.03e-06	4.98e-06	1.72e-05	4.57e-05	1.30e-04	2.91e-04	6.97e-04	2.15e-03	7.99e-02	2.59e-01	3.81e-01	2.04e-01	5.96e-02	1.09e-02	1.67e-03	2.55e-04	1.18e-04	3.75e-06	0.00e+00
 6.73813e+22	0.00e+00	2.17e-24	5.61e-20	2.39e-16	1.63e-13	3.93e-11	3.90e-09	9.82e-08	1.29e-06	6.12e-06	2.06e-05	5.38e-05	1.49e-04	3.26e-04	7.61e-04	2.29e-03	8.30e-02	2.64e-01	3.81e-01	1.99e-01	5.66e-02	1.02e-02	1.53e-03	2.28e-04	1.04e-04	3.22e-06	0.00e+00
 6.76436e+22	0.00e+00	3.51e-24	8.74e-20	3.61e-16	2.37e-13	5.60e-11	5.46e-09	1.35e-07	1.74e-06	8.01e-06	2.63e-05	6.64e-05	1.79e-04	3.78e-04	8.53e-04	2.49e-03	8.72e-02	2.71e-01	3.81e-01	1.93e-01	5.29e-02	9.23e-03	1.35e-03	1.96e-04	8.78e-05	2.64e-06	0.00e+00
 6.79108e+22	0.00e+00	5.13e-24	1.24e-19	4.98e-16	3.20e-13	7.41e-11	7.13e-09	1.74e-07	2.19e-06	9.92e-06	3.18e-05	7.86e-05	2.06e-04	4.26e-04	9.34e-04	2.66e-03	9.07e-02	2.76e-01	3.81e-01	1.88e-01	5.00e-02	8.54e-03	1.22e-03	1.74e-04	7.68e-05	2.25e-06	0.00e+00
 6.81843e+22	0.00e+00	8.38e-24	1.95e-19	7.56e-16	4.69e-13	1.06e-10	1.01e-08	2.42e-07	2.97e-06	1.31e-05	4.08e-05	9.79e-05	2.49e-04	4.96e-04	1.05e-03	2.90e-03	9.54e-02	2.83e-01	3.81e-01	1.81e-01	4.65e-02	7.69e-03	1.07e-03	1.49e-04	6.43e-05	1.82e-06	0.00e+00
 6.84596e+22	0.00e+00	1.22e-23	2.76e-19	1.04e-15	6.29e-13	1.40e-10	1.31e-08	3.12e-07	3.75e-06	1.62e-05	4.95e-05	1.16e-04	2.87e-04	5.59e-04	1.15e-03	3.09e-03	9.92e-02	2.88e-01	3.80e-01	1.76e-01	4.38e-02	7.09e-03	9.67e-04	1.31e-04	5.60e-05	1.54e-06	0.00e+00
 6.87370e+22	0.00e+00	1.98e-23	4.30e-19	1.57e-15	9.18e-13	2.00e-10	1.85e-08	4.32e-07	5.07e-06	2.15e-05	6.36e-05	1.45e-04	3.47e-04	6.52e-04	1.30e-03	3.37e-03	1.04e-01	2.94e-01	3.79e-01	1.69e-01	4.05e-02	6.36e-03	8.44e-04	1.12e-04	4.67e-05	1.24e-06	0.00e+00
 6.90163e+22	0.00e+00	2.86e-23	6.03e-19	2.14e-15	1.22e-12	2.62e-10	2.39e-08	5.55e-07	6.39e-06	2.65e-05	7.69e-05	1.71e-04	4.00e-04	7.33e-04	1.42e-03	3.60e-03	1.08e-01	2.99e-01	3.77e-01	1.64e-01	3.81e-02	5.84e-03	7.60e-04	9.83e-05	4.06e-05	1.04e-06	0.00e+00
 6.92584e+22	0.00e+00	4.08e-23	8.35e-19	2.88e-15	1.61e-12	3.40e-10	3.08e-08	7.07e-07	8.00e-06	3.27e-05	9.27e-05	2.02e-04	4.60e-04	8.23e-04	1.55e-03	3.84e-03	1.12e-01	3.04e-01	3.76e-01	1.59e-01	3.59e-02	5.37e-03	6.85e-04	8.68e-05	3.53e-05	8.84e-07	0.00e+00
 6.95334e+22	0.00e+00	6.45e-23	1.27e-18	4.23e-15	2.29e-12	4.76e-10	4.26e-08	9.69e-07	1.07e-05	4.28e-05	1.18e-04	2.50e-04	5.52e-04	9.56e-04	1.75e-03	4.18e-03	1.18e-01	3.10e-01	3.73e-01	1.52e-01	3.31e-02	4.80e-03	5.97e-04	7.36e-05	2.93e-05	7.08e-07	0.00e+00
 6.98057e+22	0.00e+00	8.90e-23	1.71e-18	5.56e-15	2.94e-12	6.03e-10	5.37e-08	1.21e-06	1.32e-05	5.18e-05	1.40e-04	2.91e-04	6.27e-04	1.06e-03	1.89e-03	4.44e-03	1.22e-01	3.14e-01	3.71e-01	1.48e-01	3.12e-02	4.43e-03	5.40e-04	6.54e-05	2.57e-05	6.05e-07	0.00e+00
 7.00745e+22	0.00e+00	1.36e-22	2.51e-18	7.91e-15	4.06e-12	8.21e-10	7.26e-08	1.63e-06	1.73e-05	6.69e-05	1.77e-04	3.56e-04	7.45e-04	1.22e-03	2.11e-03	4.81e-03	1.28e-01	3.20e-01	3.68e-01	1.41e-01	2.88e-02	3.97e-03	4.72e-04	5.57e-05	2.15e-05	4.88e-07	0.00e+00
 7.03489e+22	0.00e+00	1.88e-22	3.37e-18	1.04e-14	5.21e-12	1.04e-09	9.15e-08	2.04e-06	2.14e-05	8.12e-05	2.10e-04	4.15e-04	8.49e-04	1.36e-03	2.30e-03	5.11e-03	1.32e-01	3.24e-01	3.66e-01	1.37e-01	2.71e-02	3.65e-03	4.26e-04	4.93e-05	1.88e-05	4.14e-07	0.00e+00
 7.06304e+22	0.00e+00	2.84e-22	4.92e-18	1.46e-14	7.16e-12	1.41e-09	1.23e-07	2.74e-06	2.81e-05	1.05e-04	2.64e-04	5.08e-04	1.01e-03	1.57e-03	2.56e-03	5.53e-03	1.38e-01	3.29e-01	3.62e-01	1.31e-01	2.49e-02	3.26e-03	3.71e-04	4.18e-05	1.56e-05	3.33e-07	0.00e+00
 7.09186e+22	0.00e+00	3.92e-22	6.61e-18	1.92e-14	9.17e-12	1.79e-09	1.56e-07	3.44e-06	3.48e-05	1.28e-04	3.16e-04	5.94e-04	1.15e-03	1.75e-03	2.79e-03	5.89e-03	1.43e-01	3.33e-01	3.59e-01	1.26e-01	2.33e-02	2.98e-03	3.32e-04	3.67e-05	1.35e-05	2.80e-07	0.00e+00
 7.12156e+22	0.00e+00	5.91e-22	9.60e-18	2.70e-14	1.26e-11	2.41e-09	2.10e-07	4.62e-06	4.58e-05	1.65e-04	3.98e-04	7.28e-04	1.37e-03	2.02e-03	3.12e-03	6.40e-03	1.49e-01	3.38e-01	3.54e-01	1.20e-01	2.13e-02	2.65e-03	2.88e-04	3.10e-05	1.12e-05	2.23e-07	0.00e+00
 7.15194e+22	0.00e+00	8.13e-22	1.28e-17	3.52e-14	1.60e-11	3.05e-09	2.65e-07	5.82e-06	5.68e-05	2.01e-04	4.76e-04	8.52e-04	1.56e-03	2.26e-03	3.40e-03	6.81e-03	1.55e-01	3.42e-01	3.50e-01	1.15e-01	1.98e-02	2.41e-03	2.57e-04	2.71e-05	9.62e-06	1.87e-07	0.00e+00
 7.18319e+22	0.00e+00	1.22e-21	1.85e-17	4.91e-14	2.18e-11	4.10e-09	3.57e-07	7.80e-06	7.47e-05	2.60e-04	5.99e-04	1.04e-03	1.86e-03	2.60e-03	3.79e-03	7.39e-03	1.62e-01	3.47e-01	3.45e-01	1.09e-01	1.81e-02	2.13e-03	2.21e-04	2.28e-05	7.92e-06	1.48e-07	0.00e+00
 7.21503e+22	0.00e+00	1.66e-21	2.46e-17	6.38e-14	2.78e-11	5.17e-09	4.49e-07	9.82e-06	9.26e-05	3.17e-04	7.17e-04	1.22e-03	2.12e-03	2.90e-03	4.13e-03	7.88e-03	1.67e-01	3.50e-01	3.40e-01	1.04e-01	1.68e-02	1.93e-03	1.97e-04	1.98e-05	6.79e-06	1.23e-07	0.00e+00
 7.24761e+22	0.00e+00	2.47e-21	3.52e-17	8.84e-14	3.75e-11	6.92e-09	6.02e-07	1.31e-05	1.22e-04	4.09e-04	9.01e-04	1.49e-03	2.51e-03	3.34e-03	4.60e-03	8.55e-03	1.75e-01	3.54e-01	3.34e-01	9.87e-02	1.53e-02	1.70e-03	1.69e-04	1.66e-05	5.57e-06	0.00e+00	0.00e+00
 7.28040e+22	0.00e+00	3.32e-21	4.62e-17	1.13e-13	4.72e-11	8.64e-09	7.53e-07	1.64e-05	1.50e-04	4.96e-04	1.07e-03	1.74e-03	2.86e-03	3.71e-03	5.00e-03	9.09e-03	1.81e-01	3.57e-01	3.28e-01	9.44e-02	1.41e-02	1.54e-03	1.50e-04	1.45e-05	4.78e-06	0.00e+00	0.00e+00
 7.31346e+22	2.21e-34	4.85e-21	6.50e-17	1.55e-13	6.31e-11	1.14e-08	1.00e-06	2.18e-05	1.95e-04	6.35e-04	1.34e-03	2.11e-03	3.37e-03	4.25e-03	5.56e-03	9.85e-03	1.88e-01	3.60e-01	3.21e-01	8.89e-02	1.28e-02	1.35e-03	1.28e-04	1.21e-05	3.91e-06	0.00e+00	0.00e+00
 7.34710e+22	3.09e-34	6.48e-21	8.46e-17	1.97e-13	7.88e-11	1.42e-08	1.24e-06	2.71e-05	2.39e-04	7.65e-04	1.58e-03	2.44e-03	3.82e-03	4.70e-03	6.01e-03	1.04e-02	1.94e-01	3.62e-01	3.16e-01	8.49e-02	1.19e-02	1.23e-03	1.14e-04	1.05e-05	3.36e-06	0.00e+00	0.00e+00
 7.37663e+22	4.29e-34	8.56e-21	1.09e-16	2.48e-13	9.77e-11	1.75e-08	1.53e-06	3.35e-05	2.91e-04	9.19e-04	1.86e-03	2.82e-03	4.31e-03	5.20e-03	6.50e-03	1.11e-02	2.00e-01	3.64e-01	3.10e-01	8.10e-02	1.10e-02	1.11e-03	1.01e-04	9.20e-06	2.88e-06	0.00e+00	0.00e+00
 7.40573e+22	5.89e-34	1.12e-20	1.39e-16	3.11e-13	1.20e-10	2.14e-08	1.89e-06	4.12e-05	3.52e-04	1.10e-03	2.19e-03	3.25e-03	4.84e-03	5.72e-03	7.00e-03	1.17e-02	2.06e-01	3.65e-01	3.04e-01	7.73e-02	1.02e-02	1.01e-03	9.03e-05	8.04e-06	2.48e-06	0.00e+00	0.00e+00
 7.43911e+22	8.82e-34	1.58e-20	1.90e-16	4.13e-13	1.57e-10	2.77e-08	2.46e-06	5.37e-05	4.52e-04	1.38e-03	2.69e-03	3.89e-03	5.64e-03	6.48e-03	7.71e-03	1.26e-02	2.14e-01	3.67e-01	2.96e-01	7.25e-02	9.21e-03	8.84e-04	7.74e-05	6.73e-06	2.04e-06	0.00e+00	0.00e+00
 7.47253e+22	1.19e-33	2.05e-20	2.40e-16	5.12e-13	1.92e-10	3.36e-08	2.99e-06	6.53e-05	5.41e-04	1.64e-03	3.12e-03	4.43e-03	6.29e-03	7.09e-03	8.26e-03	1.33e-02	2.19e-01	3.68e-01	2.90e-01	6.92e-02	8.55e-03	8.04e-04	6.91e-05	5.92e-06	1.77e-06	0.00e+00	0.00e+00
 7.50600e+22	1.75e-33	2.84e-20	3.24e-16	6.73e-13	2.47e-10	4.31e-08	3.85e-06	8.43e-05	6.87e-04	2.04e-03	3.80e-03	5.25e-03	7.26e-03	7.97e-03	9.05e-03	1.42e-02	2.27e-01	3.68e-01	2.81e-01	6.49e-02	7.73e-03	7.06e-04	5.94e-05	4.97e-06	1.45e-06	0.00e+00	0.00e+00
 7.53902e+22	2.32e-33	3.61e-20	4.03e-16	8.21e-13	2.97e-10	5.16e-08	4.63e-06	1.01e-04	8.14e-04	2.39e-03	4.38e-03	5.93e-03	8.03e-03	8.66e-03	9.65e-03	1.49e-02	2.32e-01	3.68e-01	2.75e-01	6.19e-02	7.18e-03	6.43e-04	5.32e-05	4.38e-06	1.27e-06	0.00e+00	0.00e+00
 7.57146e+22	3.32e-33	4.90e-20	5.31e-16	1.06e-12	3.77e-10	6.51e-08	5.88e-06	1.29e-04	1.02e-03	2.94e-03	5.27e-03	6.96e-03	9.18e-03	9.65e-03	1.05e-02	1.59e-02	2.39e-01	3.67e-01	2.67e-01	5.79e-02	6.50e-03	5.67e-04	4.58e-05	3.70e-06	1.05e-06	0.00e+00	0.00e+00
 7.60439e+22	4.38e-33	6.22e-20	6.60e-16	1.29e-12	4.54e-10	7.80e-08	7.07e-06	1.55e-04	1.21e-03	3.43e-03	6.04e-03	7.84e-03	1.01e-02	1.05e-02	1.12e-02	1.66e-02	2.45e-01	3.67e-01	2.60e-01	5.51e-02	6.03e-03	5.15e-04	4.10e-05	3.25e-06	9.10e-07	0.00e+00	0.00e+00
 7.63798e+22	6.26e-33	8.43e-20	8.69e-16	1.66e-12	5.74e-10	9.82e-08	8.97e-06	1.97e-04	1.51e-03	4.22e-03	7.25e-03	9.18e-03	1.16e-02	1.16e-02	1.21e-02	1.77e-02	2.51e-01	3.65e-01	2.51e-01	5.14e-02	5.43e-03	4.52e-04	3.52e-05	2.73e-06	7.50e-07	0.00e+00	0.00e+00
 7.67221e+22	8.28e-33	1.07e-19	1.08e-15	2.03e-12	6.93e-10	1.18e-07	1.08e-05	2.37e-04	1.79e-03	4.93e-03	8.33e-03	1.03e-02	1.28e-02	1.26e-02	1.29e-02	1.85e-02	2.56e-01	3.63e-01	2.44e-01	4.87e-02	5.01e-03	4.09e-04	3.13e-05	2.39e-06	6.47e-07	0.00e+00	0.00e+00
 7.70728e+22	1.18e-32	1.45e-19	1.43e-15	2.62e-12	8.79e-10	1.49e-07	1.38e-05	3.02e-04	2.23e-03	6.06e-03	9.99e-03	1.21e-02	1.45e-02	1.40e-02	1.39e-02	1.96e-02	2.63e-01	3.60e-01	2.34e-01	4.52e-02	4.49e-03	3.56e-04	2.67e-05	2.00e-06	5.30e-07	0.00e+00	0.00e+00
 7.74297e+22	1.57e-32	1.85e-19	1.78e-15	3.20e-12	1.06e-09	1.79e-07	1.66e-05	3.63e-04	2.65e-03	7.08e-03	1.15e-02	1.36e-02	1.60e-02	1.51e-02	1.47e-02	2.05e-02	2.67e-01	3.57e-01	2.27e-01	4.26e-02	4.12e-03	3.21e-04	2.36e-05	1.74e-06	4.55e-07	0.00e+00	0.00e+00
 7.77948e+22	1.11e-32	2.51e-19	2.34e-15	4.13e-12	1.35e-09	2.26e-07	2.11e-05	4.63e-04	3.31e-03	8.69e-03	1.37e-02	1.58e-02	1.81e-02	1.67e-02	1.59e-02	2.17e-02	2.73e-01	3.52e-01	2.17e-01	3.93e-02	3.67e-03	2.78e-04	2.00e-05	1.44e-06	3.70e-07	0.00e+00	0.00e+00
 7.81667e+22	1.47e-32	3.21e-19	2.93e-15	5.07e-12	1.63e-09	2.73e-07	2.55e-05	5.58e-04	3.92e-03	1.02e-02	1.57e-02	1.78e-02	1.99e-02	1.80e-02	1.68e-02	2.26e-02	2.77e-01	3.48e-01	2.09e-01	3.69e-02	3.35e-03	2.49e-04	1.76e-05	1.25e-06	3.15e-07	0.00e+00	0.00e+00
 7.85475e+22	2.11e-32	4.36e-19	3.87e-15	6.55e-12	2.08e-09	3.45e-07	3.26e-05	7.11e-04	4.90e-03	1.24e-02	1.88e-02	2.07e-02	2.25e-02	1.98e-02	1.80e-02	2.37e-02	2.82e-01	3.42e-01	1.98e-01	3.38e-02	2.96e-03	2.14e-04	1.48e-05	1.02e-06	2.54e-07	0.00e+00	0.00e+00
 7.89198e+22	2.73e-32	5.47e-19	4.75e-15	7.92e-12	2.48e-09	4.10e-07	3.87e-05	8.41e-04	5.70e-03	1.43e-02	2.11e-02	2.29e-02	2.44e-02	2.11e-02	1.89e-02	2.45e-02	2.84e-01	3.37e-01	1.91e-01	3.17e-02	2.72e-03	1.93e-04	1.31e-05	8.96e-07	2.19e-07	0.00e+00	0.00e+00
 7.92808e+22	3.80e-32	7.23e-19	6.12e-15	9.99e-12	3.09e-09	5.08e-07	4.84e-05	1.05e-03	6.99e-03	1.72e-02	2.49e-02	2.62e-02	2.72e-02	2.30e-02	2.01e-02	2.56e-02	2.87e-01	3.29e-01	1.81e-01	2.90e-02	2.40e-03	1.66e-04	1.10e-05	7.40e-07	1.78e-07	0.00e+00	0.00e+00
 7.96475e+22	4.94e-32	9.07e-19	7.53e-15	1.21e-11	3.69e-09	6.04e-07	5.74e-05	1.24e-03	8.12e-03	1.97e-02	2.79e-02	2.88e-02	2.94e-02	2.44e-02	2.09e-02	2.63e-02	2.88e-01	3.22e-01	1.73e-01	2.71e-02	2.19e-03	1.49e-04	9.75e-06	6.43e-07	1.53e-07	0.00e+00	0.00e+00
 8.00215e+22	6.86e-32	1.20e-18	9.71e-15	1.53e-11	4.60e-09	7.48e-07	7.16e-05	1.54e-03	9.88e-03	2.35e-02	3.25e-02	3.28e-02	3.26e-02	2.63e-02	2.21e-02	2.73e-02	2.89e-01	3.13e-01	1.63e-01	2.47e-02	1.93e-03	1.28e-04	8.20e-06	5.30e-07	1.23e-07	0.00e+00	0.00e+00
 8.04072e+22	8.99e-32	1.52e-18	1.20e-14	1.86e-11	5.52e-09	8.94e-07	8.57e-05	1.84e-03	1.16e-02	2.70e-02	3.68e-02	3.62e-02	3.52e-02	2.79e-02	2.30e-02	2.80e-02	2.89e-01	3.04e-01	1.54e-01	2.28e-02	1.73e-03	1.12e-04	7.10e-06	4.51e-07	0.00e+00	0.00e+00	0.00e+00
 8.08079e+22	1.26e-31	2.03e-18	1.56e-14	2.37e-11	6.94e-09	1.11e-06	1.07e-04	2.29e-03	1.41e-02	3.22e-02	4.26e-02	4.09e-02	3.87e-02	2.99e-02	2.41e-02	2.88e-02	2.88e-01	2.93e-01	1.44e-01	2.05e-02	1.51e-03	9.56e-05	5.90e-06	3.68e-07	0.00e+00	0.00e+00	0.00e+00
 8.12217e+22	1.67e-31	2.58e-18	1.95e-14	2.90e-11	8.39e-09	1.34e-06	1.29e-04	2.74e-03	1.65e-02	3.71e-02	4.81e-02	4.51e-02	4.18e-02	3.16e-02	2.49e-02	2.94e-02	2.85e-01	2.82e-01	1.35e-01	1.87e-02	1.34e-03	8.29e-05	5.03e-06	3.08e-07	0.00e+00	0.00e+00	0.00e+00
 8.16526e+22	2.37e-31	3.49e-18	2.56e-14	3.73e-11	1.06e-08	1.68e-06	1.62e-04	3.41e-03	2.01e-02	4.41e-02	5.56e-02	5.07e-02	4.56e-02	3.36e-02	2.59e-02	3.00e-02	2.81e-01	2.68e-01	1.24e-01	1.66e-02	1.15e-03	6.93e-05	4.11e-06	2.46e-07	0.00e+00	0.00e+00	0.00e+00
 8.20951e+22	3.17e-31	4.47e-18	3.21e-14	4.58e-11	1.29e-08	2.02e-06	1.95e-04	4.08e-03	2.35e-02	5.07e-02	6.25e-02	5.56e-02	4.89e-02	3.53e-02	2.66e-02	3.03e-02	2.76e-01	2.56e-01	1.15e-01	1.49e-02	1.00e-03	5.92e-05	3.44e-06	2.03e-07	0.00e+00	0.00e+00	0.00e+00
 8.25529e+22	4.53e-31	6.07e-18	4.24e-14	5.91e-11	1.63e-08	2.54e-06	2.44e-04	5.07e-03	2.84e-02	5.98e-02	7.17e-02	6.19e-02	5.29e-02	3.71e-02	2.73e-02	3.05e-02	2.68e-01	2.39e-01	1.03e-01	1.30e-02	8.44e-04	4.85e-05	2.76e-06	1.59e-07	0.00e+00	0.00e+00	0.00e+00
 8.30256e+22	6.10e-31	7.82e-18	5.33e-14	7.30e-11	1.99e-08	3.07e-06	2.95e-04	6.06e-03	3.32e-02	6.85e-02	8.01e-02	6.74e-02	5.62e-02	3.85e-02	2.77e-02	3.05e-02	2.60e-01	2.25e-01	9.43e-02	1.14e-02	7.24e-04	4.07e-05	2.27e-06	1.28e-07	0.00e+00	0.00e+00	0.00e+00
 8.35179e+22	8.81e-31	1.07e-17	7.08e-14	9.46e-11	2.53e-08	3.85e-06	3.70e-04	7.50e-03	4.00e-02	8.02e-02	9.10e-02	7.43e-02	6.00e-02	4.00e-02	2.80e-02	3.02e-02	2.48e-01	2.06e-01	8.33e-02	9.73e-03	5.94e-04	3.25e-05	1.77e-06	0.00e+00	0.00e+00	0.00e+00	0.00e+00
 8.40243e+22	1.19e-30	1.38e-17	8.92e-14	1.17e-10	3.08e-08	4.65e-06	4.44e-04	8.93e-03	4.64e-02	9.11e-02	1.01e-01	8.00e-02	6.30e-02	4.10e-02	2.81e-02	2.97e-02	2.37e-01	1.91e-01	7.45e-02	8.42e-03	4.99e-04	2.66e-05	1.42e-06	0.00e+00	0.00e+00	0.00e+00	0.00e+00
 8.44796e+22	1.59e-30	1.77e-17	1.12e-13	1.43e-10	3.72e-08	5.55e-06	5.28e-04	1.05e-02	5.31e-02	1.02e-01	1.10e-01	8.52e-02	6.54e-02	4.16e-02	2.79e-02	2.90e-02	2.25e-01	1.75e-01	6.65e-02	7.29e-03	4.20e-04	2.20e-05	1.15e-06	0.00e+00	0.00e+00	0.00e+00	0.00e+00
 8.50023e+22	2.28e-30	2.39e-17	1.46e-13	1.83e-10	4.65e-08	6.88e-06	6.54e-04	1.28e-02	6.30e-02	1.18e-01	1.23e-01	9.18e-02	6.82e-02	4.21e-02	2.74e-02	2.80e-02	2.08e-01	1.55e-01	5.65e-02	5.94e-03	3.29e-04	1.67e-05	8.48e-07	0.00e+00	0.00e+00	0.00e+00	0.00e+00
 8.55287e+22	3.02e-30	3.03e-17	1.81e-13	2.22e-10	5.56e-08	8.12e-06	7.68e-04	1.48e-02	7.11e-02	1.30e-01	1.32e-01	9.62e-02	6.98e-02	4.21e-02	2.68e-02	2.69e-02	1.94e-01	1.41e-01	4.96e-02	5.06e-03	2.73e-04	1.35e-05	6.74e-07	0.00e+00	0.00e+00	0.00e+00	0.00e+00
 8.60598e+22	4.24e-30	4.02e-17	2.33e-13	2.79e-10	6.87e-08	9.91e-06	9.34e-04	1.78e-02	8.25e-02	1.46e-01	1.44e-01	1.01e-01	7.11e-02	4.16e-02	2.58e-02	2.54e-02	1.76e-01	1.22e-01	4.13e-02	4.04e-03	2.10e-04	1.01e-05	4.91e-07	0.00e+00	0.00e+00	0.00e+00	0.00e+00
 8.66023e+22	5.56e-30	5.04e-17	2.85e-13	3.34e-10	8.11e-08	1.16e-05	1.09e-03	2.04e-02	9.22e-02	1.60e-01	1.53e-01	1.05e-01	7.16e-02	4.09e-02	2.48e-02	2.40e-02	1.61e-01	1.08e-01	3.53e-02	3.34e-03	1.68e-04	7.92e-06	3.77e-07	0.00e+00	0.00e+00	0.00e+00	0.00e+00
 8.71594e+22	7.76e-30	6.63e-17	3.64e-13	4.16e-10	9.91e-08	1.40e-05	1.31e-03	2.41e-02	1.05e-01	1.77e-01	1.63e-01	1.08e-01	7.14e-02	3.95e-02	2.33e-02	2.21e-02	1.42e-01	9.10e-02	2.86e-02	2.59e-03	1.26e-04	5.74e-06	2.66e-07	0.00e+00	0.00e+00	0.00e+00	0.00e+00
 8.77254e+22	1.00e-29	8.22e-17	4.40e-13	4.92e-10	1.16e-07	1.61e-05	1.50e-03	2.74e-02	1.16e-01	1.90e-01	1.71e-01	1.10e-01	7.07e-02	3.81e-02	2.19e-02	2.04e-02	1.27e-01	7.87e-02	2.39e-02	2.09e-03	9.83e-05	4.38e-06	1.98e-07	0.00e+00	0.00e+00	0.00e+00	0.00e+00
 8.83031e+22	1.38e-29	1.06e-16	5.51e-13	6.02e-10	1.39e-07	1.92e-05	1.78e-03	3.19e-02	1.31e-01	2.07e-01	1.80e-01	1.11e-01	6.89e-02	3.60e-02	2.01e-02	1.84e-02	1.09e-01	6.45e-02	1.87e-02	1.56e-03	7.06e-05	3.04e-06	1.34e-07	0.00e+00	0.00e+00	0.00e+00	0.00e+00
 8.88834e+22	1.75e-29	1.30e-16	6.55e-13	7.02e-10	1.60e-07	2.18e-05	2.02e-03	3.57e-02	1.42e-01	2.20e-01	1.85e-01	1.11e-01	6.70e-02	3.41e-02	1.86e-02	1.68e-02	9.66e-02	5.49e-02	1.54e-02	1.24e-03	5.44e-05	2.29e-06	0.00e+00	0.00e+00	0.00e+00	0.00e+00	0.00e+00
 8.93645e+22	2.15e-29	1.53e-16	7.58e-13	7.98e-10	1.80e-07	2.44e-05	2.25e-03	3.93e-02	1.52e-01	2.30e-01	1.89e-01	1.11e-01	6.50e-02	3.24e-02	1.73e-02	1.54e-02	8.58e-02	4.72e-02	1.28e-02	1.00e-03	4.27e-05	1.76e-06	0.00e+00	0.00e+00	0.00e+00	0.00e+00	0.00e+00
 8.98873e+22	2.76e-29	1.87e-16	9.00e-13	9.30e-10	2.07e-07	2.78e-05	2.57e-03	4.42e-02	1.65e-01	2.43e-01	1.93e-01	1.09e-01	6.20e-02	2.99e-02	1.56e-02	1.36e-02	7.30e-02	3.84e-02	9.98e-03	7.49e-04	3.07e-05	1.23e-06	0.00e+00	0.00e+00	0.00e+00	0.00e+00	0.00e+00
 9.04089e+22	3.34e-29	2.19e-16	1.03e-12	1.05e-09	2.31e-07	3.08e-05	2.84e-03	4.81e-02	1.75e-01	2.52e-01	1.95e-01	1.07e-01	5.95e-02	2.81e-02	1.43e-02	1.24e-02	6.43e-02	3.27e-02	8.24e-03	5.99e-04	2.39e-05	9.36e-07	0.00e+00	0.00e+00	0.00e+00	0.00e+00	0.00e+00
 9.09290e+22	4.19e-29	2.63e-16	1.20e-12	1.20e-09	2.62e-07	3.48e-05	3.20e-03	5.34e-02	1.88e-01	2.63e-01	1.96e-01	1.04e-01	5.59e-02	2.56e-02	1.27e-02	1.08e-02	5.40e-02	2.63e-02	6.35e-03	4.42e-04	1.70e-05	6.46e-07	0.00e+00	0.00e+00	0.00e+00	0.00e+00	0.00e+00
 9.14556e+22	5.02e-29	3.05e-16	1.37e-12	1.34e-09	2.91e-07	3.82e-05	3.51e-03	5.78e-02	1.98e-01	2.70e-01	1.96e-01	1.01e-01	5.31e-02	2.38e-02	1.16e-02	9.74e-03	4.69e-02	2.20e-02	5.16e-03	3.47e-04	1.30e-05	4.82e-07	0.00e+00	0.00e+00	0.00e+00	0.00e+00	0.00e+00
 9.19908e+22	6.21e-29	3.62e-16	1.58e-12	1.52e-09	3.28e-07	4.29e-05	3.95e-03	6.39e-02	2.11e-01	2.79e-01	1.95e-01	9.73e-02	4.92e-02	2.14e-02	1.01e-02	8.41e-03	3.87e-02	1.74e-02	3.88e-03	2.50e-04	9.00e-06	3.24e-07	0.00e+00	0.00e+00	0.00e+00	0.00e+00	0.00e+00
 9.25325e+22	7.36e-29	4.17e-16	1.78e-12	1.70e-09	3.62e-07	4.70e-05	4.32e-03	6.89e-02	2.21e-01	2.85e-01	1.94e-01	9.38e-02	4.62e-02	1.96e-02	9.10e-03	7.47e-03	3.32e-02	1.44e-02	3.11e-03	1.93e-04	6.76e-06	2.38e-07	0.00e+00	0.00e+00	0.00e+00	0.00e+00	0.00e+00
 9.30828e+22	9.00e-29	4.93e-16	2.04e-12	1.92e-09	4.07e-07	5.27e-05	4.83e-03	7.57e-02	2.33e-01	2.92e-01	1.91e-01	8.89e-02	4.23e-02	1.74e-02	7.85e-03	6.36e-03	2.70e-02	1.11e-02	2.30e-03	1.36e-04	4.59e-06	1.56e-07	0.00e+00	0.00e+00	0.00e+00	0.00e+00	0.00e+00
 9.36435e+22	1.05e-28	5.62e-16	2.28e-12	2.12e-09	4.48e-07	5.76e-05	5.28e-03	8.14e-02	2.43e-01	2.96e-01	1.88e-01	8.48e-02	3.92e-02	1.57e-02	6.94e-03	5.57e-03	2.28e-02	9.03e-03	1.80e-03	1.03e-04	3.35e-06	0.00e+00	0.00e+00	0.00e+00	0.00e+00	0.00e+00	0.00e+00
 9.42179e+22	1.27e-28	6.59e-16	2.61e-12	2.39e-09	5.05e-07	6.46e-05	5.91e-03	8.93e-02	2.55e-01	3.01e-01	1.84e-01	7.94e-02	3.53e-02	1.37e-02	5.88e-03	4.67e-03	1.81e-02	6.83e-03	1.30e-03	7.05e-05	2.21e-06	0.00e+00	0.00e+00	0.00e+00	0.00e+00	0.00e+00	0.00e+00
 9.48038e+22	1.48e-28	7.49e-16	2.90e-12	2.63e-09	5.56e-07	7.08e-05	6.46e-03	9.59e-02	2.65e-01	3.03e-01	1.79e-01	7.49e-02	3.23e-02	1.22e-02	5.13e-03	4.04e-03	1.50e-02	5.44e-03	9.91e-04	5.18e-05	1.57e-06	0.00e+00	0.00e+00	0.00e+00	0.00e+00	0.00e+00	0.00e+00
 9.54046e+22	1.77e-28	8.76e-16	3.31e-12	2.97e-09	6.30e-07	7.96e-05	7.23e-03	1.05e-01	2.77e-01	3.06e-01	1.73e-01	6.91e-02	2.86e-02	1.04e-02	4.26e-03	3.33e-03	1.17e-02	4.01e-03	6.95e-04	3.45e-05	1.00e-06	0.00e+00	0.00e+00	0.00e+00	0.00e+00	0.00e+00	0.00e+00
 9.60110e+22	2.03e-28	9.90e-16	3.67e-12	3.28e-09	6.96e-07	8.74e-05	7.90e-03	1.13e-01	2.85e-01	3.07e-01	1.68e-01	6.47e-02	2.59e-02	9.18e-03	3.67e-03	2.85e-03	9.62e-03	3.15e-03	5.24e-04	2.49e-05	7.01e-07	0.00e+00	0.00e+00	0.00e+00	0.00e+00	0.00e+00	0.00e+00
 9.65236e+22	2.28e-28	1.10e-15	4.02e-12	3.58e-09	7.63e-07	9.53e-05	8.57e-03	1.20e-01	2.93e-01	3.07e-01	1.62e-01	6.06e-02	2.36e-02	8.14e-03	3.19e-03	2.46e-03	7.99e-03	2.51e-03	4.03e-04	1.84e-05	5.02e-07	0.00e+00	0.00e+00	0.00e+00	0.00e+00	0.00e+00	0.00e+00
 9.70791e+22	2.62e-28	1.26e-15	4.50e-12	4.00e-09	8.58e-07	1.06e-04	9.48e-03	1.29e-01	3.03e-01	3.06e-01	1.56e-01	5.56e-02	2.09e-02	6.97e-03	2.66e-03	2.04e-03	6.30e-03	1.88e-03	2.88e-04	1.25e-05	3.28e-07	0.00e+00	0.00e+00	0.00e+00	0.00e+00	0.00e+00	0.00e+00
 9.76364e+22	2.93e-28	1.40e-15	4.93e-12	4.38e-09	9.45e-07	1.16e-04	1.03e-02	1.38e-01	3.10e-01	3.05e-01	1.50e-01	5.18e-02	1.89e-02	6.13e-03	2.30e-03	1.76e-03	5.19e-03	1.49e-03	2.19e-04	9.17e-06	2.33e-07	0.00e+00	0.00e+00	0.00e+00	0.00e+00	0.00e+00	0.00e+00
 9.81818e+22	3.31e-28	1.59e-15	5.49e-12	4.89e-09	1.06e-06	1.30e-04	1.13e-02	1.48e-01	3.18e-01	3.02e-01	1.43e-01	4.74e-02	1.66e-02	5.24e-03	1.92e-03	1.46e-03	4.10e-03	1.12e-03	1.57e-04	6.27e-06	1.54e-07	0.00e+00	0.00e+00	0.00e+00	0.00e+00	0.00e+00	0.00e+00
 9.87382e+22	3.67e-28	1.77e-15	6.04e-12	5.40e-09	1.18e-06	1.43e-04	1.23e-02	1.57e-01	3.24e-01	2.99e-01	1.37e-01	4.37e-02	1.49e-02	4.56e-03	1.64e-03	1.24e-03	3.33e-03	8.71e-04	1.18e-04	4.50e-06	0.00e+00	0.00e+00	0.00e+00	0.00e+00	0.00e+00	0.00e+00	0.00e+00
 9.92834e+22	4.05e-28	2.00e-15	6.71e-12	6.02e-09	1.33e-06	1.59e-04	1.35e-02	1.68e-01	3.31e-01	2.96e-01	1.30e-01	3.99e-02	1.31e-02	3.89e-03	1.37e-03	1.03e-03	2.64e-03	6.57e-04	8.48e-05	3.10e-06	0.00e+00	0.00e+00	0.00e+00	0.00e+00	0.00e+00	0.00e+00	0.00e+00
 9.98402e+22	4.46e-28	2.24e-15	7.43e-12	6.71e-09	1.50e-06	1.76e-04	1.47e-02	1.78e-01	3.36e-01	2.91e-01	1.23e-01	3.65e-02	1.16e-02	3.35e-03	1.15e-03	8.66e-04	2.11e-03	5.03e-04	6.23e-05	2.18e-06	0.00e+00	0.00e+00	0.00e+00	0.00e+00	0.00e+00	0.00e+00	0.00e+00
 1.00390e+23	4.89e-28	2.51e-15	8.27e-12	7.53e-09	1.69e-06	1.96e-04	1.60e-02	1.90e-01	3.41e-01	2.86e-01	1.16e-01	3.32e-02	1.02e-02	2.86e-03	9.60e-04	7.21e-04	1.68e-03	3.81e-04	4.51e-05	1.51e-06	0.00e+00	0.00e+00	0.00e+00	0.00e+00	0.00e+00	0.00e+00	0.00e+00
 1.00944e+23	5.36e-28	2.82e-15	9.20e-12	8.45e-09	1.92e-06	2.18e-04	1.74e-02	2.01e-01	3.46e-01	2.81e-01	1.10e-01	3.02e-02	8.95e-03	2.44e-03	8.03e-04	6.01e-04	1.33e-03	2.89e-04	3.29e-05	1.05e-06	0.00e+00	0.00e+00	0.00e+00	0.00e+00	0.00e+00	0.00e+00	0.00e+00
 1.01490e+23	5.86e-28	3.17e-15	1.03e-11	9.51e-09	2.17e-06	2.43e-04	1.90e-02	2.13e-01	3.49e-01	2.75e-01	1.04e-01	2.74e-02	7.85e-03	2.08e-03	6.71e-04	5.00e-04	1.06e-03	2.19e-04	2.39e-05	7.32e-07	0.00e+00	0.00e+00	0.00e+00	0.00e+00	0.00e+00	0.00e+00	0.00e+00
 1.02036e+23	6.41e-28	3.56e-15	1.15e-11	1.07e-08	2.47e-06	2.71e-04	2.06e-02	2.25e-01	3.52e-01	2.68e-01	9.74e-02	2.48e-02	6.88e-03	1.78e-03	5.61e-04	4.16e-04	8.40e-04	1.66e-04	1.74e-05	5.10e-07	0.00e+00	0.00e+00	0.00e+00	0.00e+00	0.00e+00	0.00e+00	0.00e+00
 1.02583e+23	7.03e-28	4.01e-15	1.29e-11	1.22e-08	2.82e-06	3.02e-04	2.24e-02	2.38e-01	3.55e-01	2.62e-01	9.14e-02	2.24e-02	6.01e-03	1.51e-03	4.68e-04	3.45e-04	6.66e-04	1.26e-04	1.26e-05	3.54e-07	0.00e+00	0.00e+00	0.00e+00	0.00e+00	0.00e+00	0.00e+00	0.00e+00
 1.03131e+23	7.72e-28	4.53e-15	1.45e-11	1.39e-08	3.22e-06	3.37e-04	2.43e-02	2.51e-01	3.56e-01	2.54e-01	8.56e-02	2.02e-02	5.25e-03	1.28e-03	3.90e-04	2.86e-04	5.27e-04	9.51e-05	9.16e-06	2.46e-07	0.00e+00	0.00e+00	0.00e+00	0.00e+00	0.00e+00	0.00e+00	0.00e+00
 1.03683e+23	8.52e-28	5.13e-15	1.64e-11	1.59e-08	3.68e-06	3.76e-04	2.63e-02	2.64e-01	3.57e-01	2.47e-01	7.99e-02	1.82e-02	4.57e-03	1.09e-03	3.24e-04	2.37e-04	4.16e-04	7.17e-05	6.62e-06	1.70e-07	0.00e+00	0.00e+00	0.00e+00	0.00e+00	0.00e+00	0.00e+00	0.00e+00
 1.04239e+23	9.45e-28	5.84e-15	1.86e-11	1.82e-08	4.22e-06	4.21e-04	2.85e-02	2.78e-01	3.57e-01	2.39e-01	7.45e-02	1.63e-02	3.97e-03	9.20e-04	2.69e-04	1.95e-04	3.27e-04	5.39e-05	4.78e-06	1.18e-07	0.00e+00	0.00e+00	0.00e+00	0.00e+00	0.00e+00	0.00e+00	0.00e+00
 1.04802e+23	1.06e-27	6.67e-15	2.12e-11	2.11e-08	4.86e-06	4.71e-04	3.09e-02	2.92e-01	3.57e-01	2.31e-01	6.92e-02	1.46e-02	3.44e-03	7.77e-04	2.23e-04	1.60e-04	2.57e-04	4.04e-05	3.43e-06	0.00e+00	0.00e+00	0.00e+00	0.00e+00	0.00e+00	0.00e+00	0.00e+00	0.00e+00
 1.05367e+23	1.19e-27	7.64e-15	2.43e-11	2.44e-08	5.59e-06	5.27e-04	3.34e-02	3.06e-01	3.56e-01	2.23e-01	6.42e-02	1.31e-02	2.98e-03	6.56e-04	1.85e-04	1.32e-04	2.02e-04	3.03e-05	2.47e-06	0.00e+00	0.00e+00	0.00e+00	0.00e+00	0.00e+00	0.00e+00	0.00e+00	0.00e+00
 1.05942e+23	1.36e-27	8.81e-15	2.81e-11	2.84e-08	6.47e-06	5.91e-04	3.62e-02	3.21e-01	3.54e-01	2.14e-01	5.94e-02	1.17e-02	2.57e-03	5.51e-04	1.52e-04	1.08e-04	1.57e-04	2.25e-05	1.76e-06	0.00e+00	0.00e+00	0.00e+00	0.00e+00	0.00e+00	0.00e+00	0.00e+00	0.00e+00
 1.06523e+23	1.61e-27	1.02e-14	3.26e-11	3.32e-08	7.47e-06	6.62e-04	3.91e-02	3.35e-01	3.51e-01	2.06e-01	5.49e-02	1.04e-02	2.22e-03	4.64e-04	1.26e-04	8.80e-05	1.23e-04	1.68e-05	1.26e-06	0.00e+00	0.00e+00	0.00e+00	0.00e+00	0.00e+00	0.00e+00	0.00e+00	0.00e+00
 1.07115e+23	1.89e-27	1.19e-14	3.82e-11	3.91e-08	8.69e-06	7.45e-04	4.23e-02	3.50e-01	3.48e-01	1.97e-01	5.04e-02	9.22e-03	1.90e-03	3.87e-04	1.03e-04	7.13e-05	9.52e-05	1.24e-05	8.91e-07	0.00e+00	0.00e+00	0.00e+00	0.00e+00	0.00e+00	0.00e+00	0.00e+00	0.00e+00
 1.07718e+23	2.24e-27	1.39e-14	4.49e-11	4.61e-08	1.01e-05	8.37e-04	4.56e-02	3.65e-01	3.44e-01	1.88e-01	4.63e-02	8.18e-03	1.63e-03	3.25e-04	8.52e-05	5.80e-05	7.40e-05	9.20e-06	6.34e-07	0.00e+00	0.00e+00	0.00e+00	0.00e+00	0.00e+00	0.00e+00	0.00e+00	0.00e+00
 1.08271e+23	2.61e-27	1.59e-14	5.16e-11	5.31e-08	1.14e-05	9.23e-04	4.86e-02	3.78e-01	3.40e-01	1.81e-01	4.31e-02	7.39e-03	1.44e-03	2.80e-04	7.23e-05	4.87e-05	5.98e-05	7.15e-06	4.76e-07	0.00e+00	0.00e+00	0.00e+00	0.00e+00	0.00e+00	0.00e+00	0.00e+00	0.00e+00
 1.08848e+23	3.19e-27	1.89e-14	6.19e-11	6.36e-08	1.34e-05	1.05e-03	5.27e-02	3.93e-01	3.34e-01	1.71e-01	3.92e-02	6.48e-03	1.22e-03	2.31e-04	5.87e-05	3.89e-05	4.56e-05	5.18e-06	3.30e-07	0.00e+00	0.00e+00	0.00e+00	0.00e+00	0.00e+00	0.00e+00	0.00e+00	0.00e+00
 1.09434e+23	3.81e-27	2.19e-14	7.19e-11	7.37e-08	1.53e-05	1.15e-03	5.61e-02	4.06e-01	3.29e-01	1.64e-01	3.63e-02	5.83e-03	1.07e-03	1.99e-04	4.98e-05	3.25e-05	3.68e-05	4.02e-06	2.46e-07	0.00e+00	0.00e+00	0.00e+00	0.00e+00	0.00e+00	0.00e+00	0.00e+00	0.00e+00
