#depth	Cl	Cl+	Cl+2	Cl+3	Cl+4	Cl+5	Cl+6	Cl+7	Cl+8	Cl+9	Cl+10	Cl+11	Cl+12	Cl+13	Cl+14	Cl+15	Cl+16	Cl+17
 1.54284e+22	0.00e+00	0.00e+00	0.00e+00	0.00e+00	0.00e+00	6.92e-21	5.55e-18	5.89e-15	1.73e-12	2.26e-10	1.41e-08	5.40e-07	1.22e-05	1.81e-04	2.95e-03	8.86e-02	3.82e-01	5.27e-01
 3.47709e+22	0.00e+00	0.00e+00	0.00e+00	0.00e+00	2.91e-22	2.84e-19	2.51e-16	3.56e-13	6.87e-11	5.83e-09	2.37e-07	5.87e-06	8.53e-05	8.02e-04	8.34e-03	1.61e-01	4.41e-01	3.89e-01
 4.08562e+22	0.00e+00	0.00e+00	0.00e+00	4.88e-24	5.91e-21	4.47e-18	3.03e-15	3.52e-12	5.42e-10	3.65e-08	1.16e-06	2.27e-05	2.56e-04	1.84e-03	1.46e-02	2.17e-01	4.57e-01	3.09e-01
 4.45109e+22	0.00e+00	0.00e+00	1.29e-26	4.77e-23	4.82e-20	3.02e-17	1.68e-14	1.71e-11	2.27e-09	1.31e-07	3.54e-06	5.84e-05	5.51e-04	3.25e-03	2.13e-02	2.63e-01	4.57e-01	2.55e-01
 4.63652e+22	0.00e+00	2.07e-30	2.42e-26	8.58e-23	8.25e-20	4.93e-17	2.59e-14	2.56e-11	3.28e-09	1.81e-07	4.70e-06	7.44e-05	6.70e-04	3.75e-03	2.35e-02	2.75e-01	4.55e-01	2.42e-01
 4.69802e+22	0.00e+00	3.39e-30	3.84e-26	1.32e-22	1.22e-19	7.02e-17	3.55e-14	3.44e-11	4.28e-09	2.30e-07	5.79e-06	8.89e-05	7.73e-04	4.17e-03	2.51e-02	2.84e-01	4.53e-01	2.32e-01
 4.74382e+22	0.00e+00	4.73e-30	5.25e-26	1.76e-22	1.59e-19	8.95e-17	4.41e-14	4.21e-11	5.14e-09	2.71e-07	6.67e-06	1.00e-04	8.51e-04	4.48e-03	2.63e-02	2.91e-01	4.52e-01	2.26e-01
 4.79302e+22	0.00e+00	7.66e-30	8.23e-26	2.68e-22	2.34e-19	1.27e-16	6.02e-14	5.61e-11	6.67e-09	3.42e-07	8.17e-06	1.19e-04	9.78e-04	4.96e-03	2.81e-02	3.00e-01	4.49e-01	2.17e-01
 4.84656e+22	0.00e+00	1.24e-29	1.28e-25	4.04e-22	3.41e-19	1.78e-16	8.11e-14	7.42e-11	8.61e-09	4.30e-07	9.97e-06	1.41e-04	1.12e-03	5.48e-03	2.99e-02	3.09e-01	4.47e-01	2.08e-01
 4.89684e+22	0.00e+00	1.88e-29	1.90e-25	5.85e-22	4.78e-19	2.42e-16	1.07e-13	9.57e-11	1.08e-08	5.28e-07	1.19e-05	1.64e-04	1.27e-03	5.99e-03	3.17e-02	3.17e-01	4.44e-01	2.00e-01
 4.95333e+22	0.00e+00	3.41e-29	3.31e-25	9.76e-22	7.63e-19	3.68e-16	1.55e-13	1.36e-10	1.49e-08	7.02e-07	1.53e-05	2.02e-04	1.50e-03	6.77e-03	3.42e-02	3.28e-01	4.40e-01	1.90e-01
 5.00878e+22	0.00e+00	5.32e-29	5.00e-25	1.43e-21	1.08e-18	5.05e-16	2.05e-13	1.76e-10	1.89e-08	8.68e-07	1.84e-05	2.37e-04	1.70e-03	7.42e-03	3.63e-02	3.36e-01	4.36e-01	1.82e-01
 5.06288e+22	0.00e+00	9.08e-29	8.23e-25	2.27e-21	1.65e-18	7.38e-16	2.86e-13	2.41e-10	2.52e-08	1.12e-06	2.30e-05	2.86e-04	1.98e-03	8.28e-03	3.88e-02	3.46e-01	4.31e-01	1.73e-01
 5.11921e+22	0.00e+00	1.47e-28	1.29e-24	3.44e-21	2.41e-18	1.04e-15	3.86e-13	3.19e-10	3.26e-08	1.41e-06	2.81e-05	3.39e-04	2.27e-03	9.13e-03	4.13e-02	3.55e-01	4.26e-01	1.65e-01
 5.16969e+22	0.00e+00	2.32e-28	1.97e-24	5.11e-21	3.45e-18	1.43e-15	5.13e-13	4.17e-10	4.16e-08	1.76e-06	3.39e-05	3.99e-04	2.58e-03	1.00e-02	4.37e-02	3.64e-01	4.22e-01	1.58e-01
 5.21870e+22	0.00e+00	3.63e-28	2.99e-24	7.52e-21	4.90e-18	1.96e-15	6.77e-13	5.41e-10	5.28e-08	2.18e-06	4.09e-05	4.67e-04	2.93e-03	1.10e-02	4.62e-02	3.72e-01	4.17e-01	1.51e-01
 5.27455e+22	0.00e+00	6.40e-28	5.07e-24	1.23e-20	7.64e-18	2.93e-15	9.63e-13	7.53e-10	7.14e-08	2.85e-06	5.17e-05	5.69e-04	3.43e-03	1.23e-02	4.94e-02	3.82e-01	4.10e-01	1.42e-01
 5.33140e+22	0.00e+00	1.03e-27	7.85e-24	1.84e-20	1.10e-17	4.07e-15	1.28e-12	9.89e-10	9.16e-08	3.57e-06	6.28e-05	6.71e-04	3.91e-03	1.35e-02	5.23e-02	3.90e-01	4.04e-01	1.35e-01
 5.38955e+22	0.00e+00	1.84e-27	1.35e-23	3.04e-20	1.74e-17	6.13e-15	1.84e-12	1.39e-09	1.25e-07	4.71e-06	7.99e-05	8.23e-04	4.59e-03	1.51e-02	5.60e-02	4.01e-01	3.96e-01	1.27e-01
 5.44897e+22	0.00e+00	3.09e-27	2.19e-23	4.74e-20	2.60e-17	8.76e-15	2.51e-12	1.87e-09	1.64e-07	6.02e-06	9.89e-05	9.85e-04	5.30e-03	1.67e-02	5.94e-02	4.09e-01	3.89e-01	1.20e-01
 5.49736e+22	0.00e+00	4.67e-27	3.21e-23	6.75e-20	3.58e-17	1.16e-14	3.22e-12	2.36e-09	2.04e-07	7.31e-06	1.17e-04	1.14e-03	5.93e-03	1.81e-02	6.23e-02	4.16e-01	3.83e-01	1.14e-01
 5.54761e+22	0.00e+00	7.86e-27	5.21e-23	1.05e-19	5.37e-17	1.67e-14	4.41e-12	3.18e-09	2.68e-07	9.35e-06	1.45e-04	1.36e-03	6.83e-03	2.00e-02	6.60e-02	4.24e-01	3.75e-01	1.07e-01
 5.59969e+22	0.00e+00	1.24e-26	7.94e-23	1.56e-19	7.62e-17	2.28e-14	5.78e-12	4.12e-09	3.40e-07	1.16e-05	1.74e-04	1.59e-03	7.73e-03	2.18e-02	6.93e-02	4.31e-01	3.67e-01	1.01e-01
 5.64286e+22	0.00e+00	1.81e-26	1.13e-22	2.15e-19	1.02e-16	2.94e-14	7.22e-12	5.10e-09	4.14e-07	1.38e-05	2.03e-04	1.81e-03	8.55e-03	2.34e-02	7.21e-02	4.36e-01	3.61e-01	9.69e-02
 5.68772e+22	0.00e+00	2.89e-26	1.74e-22	3.20e-19	1.46e-16	4.05e-14	9.52e-12	6.64e-09	5.29e-07	1.72e-05	2.46e-04	2.12e-03	9.70e-03	2.55e-02	7.58e-02	4.42e-01	3.53e-01	9.14e-02
 5.73051e+22	0.00e+00	4.10e-26	2.40e-22	4.31e-19	1.91e-16	5.13e-14	1.17e-11	8.07e-09	6.34e-07	2.03e-05	2.83e-04	2.39e-03	1.06e-02	2.72e-02	7.85e-02	4.47e-01	3.47e-01	8.74e-02
 5.76471e+22	0.00e+00	5.77e-26	3.30e-22	5.75e-19	2.47e-16	6.44e-14	1.42e-11	9.76e-09	7.56e-07	2.37e-05	3.25e-04	2.68e-03	1.17e-02	2.89e-02	8.13e-02	4.51e-01	3.41e-01	8.36e-02
 5.79812e+22	0.00e+00	7.94e-26	4.43e-22	7.55e-19	3.15e-16	7.99e-14	1.71e-11	1.17e-08	8.92e-07	2.76e-05	3.69e-04	2.99e-03	1.27e-02	3.07e-02	8.39e-02	4.54e-01	3.35e-01	8.01e-02
 5.83093e+22	0.00e+00	1.07e-25	5.86e-22	9.76e-19	3.97e-16	9.78e-14	2.03e-11	1.38e-08	1.04e-06	3.17e-05	4.17e-04	3.31e-03	1.37e-02	3.24e-02	8.64e-02	4.58e-01	3.29e-01	7.69e-02
 5.86809e+22	0.00e+00	1.61e-25	8.52e-22	1.37e-18	5.38e-16	1.28e-13	2.56e-11	1.73e-08	1.28e-06	3.82e-05	4.90e-04	3.78e-03	1.52e-02	3.48e-02	8.97e-02	4.61e-01	3.22e-01	7.28e-02
 5.90505e+22	0.00e+00	2.21e-25	1.14e-21	1.80e-18	6.84e-16	1.58e-13	3.06e-11	2.06e-08	1.51e-06	4.43e-05	5.57e-04	4.21e-03	1.66e-02	3.68e-02	9.24e-02	4.64e-01	3.16e-01	6.97e-02
 5.93691e+22	0.00e+00	3.04e-25	1.53e-21	2.35e-18	8.68e-16	1.94e-13	3.66e-11	2.44e-08	1.77e-06	5.12e-05	6.31e-04	4.67e-03	1.80e-02	3.88e-02	9.51e-02	4.67e-01	3.09e-01	6.66e-02
 5.96747e+22	0.00e+00	4.09e-25	2.02e-21	3.01e-18	1.08e-15	2.36e-13	4.32e-11	2.87e-08	2.06e-06	5.87e-05	7.10e-04	5.16e-03	1.94e-02	4.09e-02	9.77e-02	4.69e-01	3.03e-01	6.38e-02
 5.99660e+22	0.00e+00	5.47e-25	2.63e-21	3.85e-18	1.35e-15	2.85e-13	5.07e-11	3.36e-08	2.39e-06	6.71e-05	7.97e-04	5.68e-03	2.09e-02	4.30e-02	1.00e-01	4.71e-01	2.98e-01	6.12e-02
 6.02992e+22	0.00e+00	8.01e-25	3.74e-21	5.29e-18	1.79e-15	3.64e-13	6.24e-11	4.13e-08	2.90e-06	7.98e-05	9.26e-04	6.43e-03	2.30e-02	4.58e-02	1.03e-01	4.73e-01	2.90e-01	5.78e-02
 6.06317e+22	0.00e+00	1.07e-24	4.90e-21	6.77e-18	2.22e-15	4.40e-13	7.33e-11	4.84e-08	3.36e-06	9.13e-05	1.04e-03	7.08e-03	2.47e-02	4.81e-02	1.06e-01	4.74e-01	2.84e-01	5.53e-02
 6.09634e+22	0.00e+00	1.56e-24	6.89e-21	9.22e-18	2.92e-15	5.59e-13	8.96e-11	5.90e-08	4.05e-06	1.08e-04	1.20e-03	7.98e-03	2.71e-02	5.11e-02	1.09e-01	4.75e-01	2.76e-01	5.23e-02
 6.13016e+22	0.00e+00	2.16e-24	9.29e-21	1.21e-17	3.71e-15	6.86e-13	1.06e-10	7.01e-08	4.76e-06	1.25e-04	1.36e-03	8.87e-03	2.94e-02	5.39e-02	1.12e-01	4.75e-01	2.69e-01	4.97e-02
 6.15771e+22	0.00e+00	2.82e-24	1.19e-20	1.51e-17	4.52e-15	8.12e-13	1.23e-10	8.07e-08	5.44e-06	1.41e-04	1.51e-03	9.66e-03	3.14e-02	5.62e-02	1.14e-01	4.76e-01	2.64e-01	4.76e-02
 6.18643e+22	0.00e+00	3.94e-24	1.62e-20	1.99e-17	5.77e-15	1.00e-12	1.46e-10	9.63e-08	6.43e-06	1.64e-04	1.72e-03	1.08e-02	3.41e-02	5.93e-02	1.17e-01	4.75e-01	2.56e-01	4.51e-02
 6.21595e+22	0.00e+00	5.20e-24	2.08e-20	2.51e-17	7.07e-15	1.19e-12	1.69e-10	1.11e-07	7.38e-06	1.86e-04	1.91e-03	1.17e-02	3.64e-02	6.19e-02	1.19e-01	4.75e-01	2.51e-01	4.31e-02
 6.24652e+22	0.00e+00	7.59e-24	2.95e-20	3.43e-17	9.27e-15	1.50e-12	2.05e-10	1.35e-07	8.88e-06	2.20e-04	2.21e-03	1.32e-02	3.98e-02	6.56e-02	1.22e-01	4.74e-01	2.42e-01	4.04e-02
 6.27648e+22	0.00e+00	1.01e-23	3.82e-20	4.32e-17	1.14e-14	1.78e-12	2.36e-10	1.57e-07	1.02e-05	2.49e-04	2.46e-03	1.44e-02	4.26e-02	6.84e-02	1.25e-01	4.73e-01	2.36e-01	3.85e-02
 6.30567e+22	0.00e+00	1.45e-23	5.33e-20	5.83e-17	1.47e-14	2.22e-12	2.83e-10	1.89e-07	1.22e-05	2.93e-04	2.83e-03	1.62e-02	4.64e-02	7.22e-02	1.27e-01	4.70e-01	2.28e-01	3.61e-02
 6.33513e+22	0.00e+00	1.94e-23	6.94e-20	7.39e-17	1.81e-14	2.65e-12	3.26e-10	2.19e-07	1.40e-05	3.33e-04	3.15e-03	1.77e-02	4.96e-02	7.53e-02	1.30e-01	4.68e-01	2.22e-01	3.43e-02
 6.36495e+22	0.00e+00	2.84e-23	9.84e-20	1.01e-16	2.37e-14	3.32e-12	3.92e-10	2.65e-07	1.68e-05	3.93e-04	3.63e-03	1.99e-02	5.41e-02	7.95e-02	1.32e-01	4.65e-01	2.13e-01	3.20e-02
 6.39487e+22	0.00e+00	3.85e-23	1.29e-19	1.29e-16	2.93e-14	3.96e-12	4.53e-10	3.08e-07	1.94e-05	4.48e-04	4.06e-03	2.17e-02	5.78e-02	8.28e-02	1.34e-01	4.62e-01	2.07e-01	3.03e-02
 6.42023e+22	0.00e+00	5.07e-23	1.66e-19	1.61e-16	3.55e-14	4.66e-12	5.17e-10	3.53e-07	2.22e-05	5.05e-04	4.49e-03	2.36e-02	6.15e-02	8.60e-02	1.36e-01	4.58e-01	2.01e-01	2.87e-02
 6.44852e+22	0.00e+00	7.53e-23	2.38e-19	2.21e-16	4.66e-14	5.82e-12	6.18e-10	4.28e-07	2.67e-05	5.99e-04	5.19e-03	2.65e-02	6.70e-02	9.06e-02	1.38e-01	4.53e-01	1.92e-01	2.66e-02
 6.47626e+22	0.00e+00	9.83e-23	3.03e-19	2.74e-16	5.61e-14	6.80e-12	7.00e-10	4.88e-07	3.03e-05	6.71e-04	5.72e-03	2.87e-02	7.09e-02	9.37e-02	1.40e-01	4.49e-01	1.86e-01	2.52e-02
 6.50330e+22	0.00e+00	1.44e-22	4.28e-19	3.71e-16	7.26e-14	8.40e-12	8.28e-10	5.85e-07	3.61e-05	7.88e-04	6.55e-03	3.20e-02	7.69e-02	9.83e-02	1.42e-01	4.43e-01	1.78e-01	2.34e-02
 6.52983e+22	0.00e+00	1.85e-22	5.38e-19	4.55e-16	8.65e-14	9.72e-12	9.31e-10	6.62e-07	4.06e-05	8.77e-04	7.17e-03	3.44e-02	8.10e-02	1.01e-01	1.43e-01	4.38e-01	1.72e-01	2.22e-02
 6.55570e+22	0.00e+00	2.72e-22	7.60e-19	6.16e-16	1.12e-13	1.19e-11	1.09e-09	7.91e-07	4.84e-05	1.03e-03	8.21e-03	3.83e-02	8.75e-02	1.06e-01	1.44e-01	4.30e-01	1.64e-01	2.04e-02
 6.58136e+22	0.00e+00	3.52e-22	9.60e-19	7.57e-16	1.33e-13	1.38e-11	1.23e-09	8.95e-07	5.45e-05	1.15e-03	8.98e-03	4.12e-02	9.21e-02	1.09e-01	1.45e-01	4.25e-01	1.58e-01	1.93e-02
 6.60675e+22	0.00e+00	5.14e-22	1.35e-18	1.02e-15	1.71e-13	1.68e-11	1.43e-09	1.06e-06	6.45e-05	1.34e-03	1.02e-02	4.56e-02	9.92e-02	1.14e-01	1.46e-01	4.16e-01	1.50e-01	1.77e-02
 6.63242e+22	0.00e+00	6.78e-22	1.73e-18	1.27e-15	2.05e-13	1.96e-11	1.61e-09	1.21e-06	7.31e-05	1.50e-03	1.13e-02	4.91e-02	1.05e-01	1.17e-01	1.47e-01	4.09e-01	1.44e-01	1.67e-02
 6.65846e+22	0.00e+00	1.00e-21	2.46e-18	1.72e-15	2.65e-13	2.39e-11	1.88e-09	1.44e-06	8.68e-05	1.75e-03	1.28e-02	5.45e-02	1.12e-01	1.21e-01	1.47e-01	3.99e-01	1.36e-01	1.52e-02
 6.68482e+22	0.00e+00	1.33e-21	3.18e-18	2.15e-15	3.20e-13	2.79e-11	2.12e-09	1.64e-06	9.86e-05	1.97e-03	1.41e-02	5.87e-02	1.18e-01	1.25e-01	1.47e-01	3.91e-01	1.30e-01	1.42e-02
 6.71160e+22	0.00e+00	1.97e-21	4.51e-18	2.91e-15	4.12e-13	3.41e-11	2.47e-09	1.96e-06	1.17e-04	2.30e-03	1.60e-02	6.47e-02	1.27e-01	1.29e-01	1.47e-01	3.79e-01	1.22e-01	1.29e-02
 6.73813e+22	0.00e+00	2.65e-21	5.87e-18	3.66e-15	4.99e-13	3.97e-11	2.77e-09	2.23e-06	1.33e-04	2.58e-03	1.76e-02	6.96e-02	1.33e-01	1.32e-01	1.47e-01	3.70e-01	1.16e-01	1.19e-02
 6.76436e+22	0.00e+00	3.90e-21	8.30e-18	4.93e-15	6.39e-13	4.82e-11	3.21e-09	2.63e-06	1.56e-04	2.99e-03	1.99e-02	7.64e-02	1.42e-01	1.36e-01	1.46e-01	3.58e-01	1.08e-01	1.08e-02
 6.79108e+22	0.00e+00	5.31e-21	1.09e-17	6.25e-15	7.79e-13	5.63e-11	3.61e-09	3.01e-06	1.78e-04	3.36e-03	2.20e-02	8.22e-02	1.49e-01	1.39e-01	1.45e-01	3.47e-01	1.02e-01	9.92e-03
 6.81843e+22	0.00e+00	7.96e-21	1.57e-17	8.52e-15	1.01e-12	6.88e-11	4.20e-09	3.57e-06	2.10e-04	3.91e-03	2.49e-02	9.02e-02	1.58e-01	1.43e-01	1.43e-01	3.33e-01	9.46e-02	8.86e-03
 6.84596e+22	0.00e+00	1.09e-20	2.08e-17	1.08e-14	1.23e-12	8.04e-11	4.72e-09	4.06e-06	2.38e-04	4.39e-03	2.73e-02	9.66e-02	1.65e-01	1.45e-01	1.42e-01	3.22e-01	8.89e-02	8.10e-03
 6.87370e+22	0.00e+00	1.64e-20	2.99e-17	1.48e-14	1.59e-12	9.82e-11	5.48e-09	4.80e-06	2.81e-04	5.09e-03	3.08e-02	1.06e-01	1.75e-01	1.48e-01	1.40e-01	3.07e-01	8.17e-02	7.18e-03
 6.90163e+22	0.00e+00	2.25e-20	3.96e-17	1.88e-14	1.93e-12	1.14e-10	6.14e-09	5.45e-06	3.17e-04	5.68e-03	3.37e-02	1.13e-01	1.82e-01	1.50e-01	1.37e-01	2.95e-01	7.64e-02	6.53e-03
 6.92584e+22	0.00e+00	3.06e-20	5.21e-17	2.38e-14	2.35e-12	1.33e-10	6.86e-09	6.16e-06	3.57e-04	6.33e-03	3.67e-02	1.20e-01	1.89e-01	1.52e-01	1.35e-01	2.84e-01	7.13e-02	5.93e-03
 6.95334e+22	0.00e+00	4.59e-20	7.46e-17	3.23e-14	3.01e-12	1.61e-10	7.92e-09	7.20e-06	4.16e-04	7.26e-03	4.10e-02	1.30e-01	1.98e-01	1.53e-01	1.32e-01	2.69e-01	6.50e-02	5.21e-03
 6.98057e+22	0.00e+00	6.10e-20	9.62e-17	4.01e-14	3.61e-12	1.85e-10	8.79e-09	8.04e-06	4.63e-04	7.99e-03	4.43e-02	1.37e-01	2.04e-01	1.54e-01	1.29e-01	2.58e-01	6.08e-02	4.74e-03
 7.00745e+22	0.00e+00	8.97e-20	1.35e-16	5.36e-14	4.58e-12	2.23e-10	1.01e-08	9.28e-06	5.32e-04	9.06e-03	4.89e-02	1.46e-01	2.12e-01	1.55e-01	1.26e-01	2.43e-01	5.53e-02	4.17e-03
 7.03489e+22	0.00e+00	1.20e-19	1.76e-16	6.70e-14	5.50e-12	2.57e-10	1.12e-08	1.04e-05	5.90e-04	9.94e-03	5.27e-02	1.54e-01	2.18e-01	1.55e-01	1.23e-01	2.32e-01	5.14e-02	3.77e-03
 7.06304e+22	0.00e+00	1.77e-19	2.48e-16	8.97e-14	7.00e-12	3.10e-10	1.29e-08	1.19e-05	6.75e-04	1.12e-02	5.79e-02	1.64e-01	2.25e-01	1.55e-01	1.18e-01	2.18e-01	4.65e-02	3.29e-03
 7.09186e+22	0.00e+00	2.39e-19	3.24e-16	1.13e-13	8.46e-12	3.59e-10	1.44e-08	1.33e-05	7.49e-04	1.23e-02	6.22e-02	1.72e-01	2.30e-01	1.55e-01	1.15e-01	2.07e-01	4.29e-02	2.95e-03
 7.12156e+22	0.00e+00	3.54e-19	4.59e-16	1.52e-13	1.08e-11	4.35e-10	1.66e-08	1.53e-05	8.54e-04	1.38e-02	6.82e-02	1.82e-01	2.37e-01	1.54e-01	1.11e-01	1.93e-01	3.85e-02	2.55e-03
 7.15194e+22	0.00e+00	4.80e-19	6.02e-16	1.91e-13	1.31e-11	5.05e-10	1.86e-08	1.70e-05	9.44e-04	1.51e-02	7.30e-02	1.90e-01	2.41e-01	1.53e-01	1.07e-01	1.82e-01	3.53e-02	2.27e-03
 7.18319e+22	0.00e+00	7.11e-19	8.54e-16	2.58e-13	1.68e-11	6.13e-10	2.15e-08	1.94e-05	1.07e-03	1.69e-02	7.96e-02	2.01e-01	2.47e-01	1.51e-01	1.02e-01	1.69e-01	3.15e-02	1.95e-03
 7.21503e+22	0.00e+00	9.66e-19	1.12e-15	3.26e-13	2.04e-11	7.14e-10	2.42e-08	2.16e-05	1.18e-03	1.84e-02	8.49e-02	2.09e-01	2.50e-01	1.49e-01	9.83e-02	1.59e-01	2.87e-02	1.73e-03
 7.24761e+22	0.00e+00	1.43e-18	1.59e-15	4.39e-13	2.61e-11	8.68e-10	2.80e-08	2.46e-05	1.33e-03	2.05e-02	9.20e-02	2.19e-01	2.54e-01	1.47e-01	9.34e-02	1.46e-01	2.54e-02	1.47e-03
 7.28040e+22	0.00e+00	1.92e-18	2.07e-15	5.50e-13	3.15e-11	1.01e-09	3.14e-08	2.71e-05	1.46e-03	2.22e-02	9.76e-02	2.26e-01	2.57e-01	1.44e-01	8.97e-02	1.37e-01	2.32e-02	1.30e-03
 7.31346e+22	0.00e+00	2.82e-18	2.92e-15	7.38e-13	4.02e-11	1.22e-09	3.64e-08	3.08e-05	1.63e-03	2.45e-02	1.05e-01	2.36e-01	2.60e-01	1.41e-01	8.49e-02	1.26e-01	2.05e-02	1.11e-03
 7.34710e+22	2.62e-32	3.76e-18	3.77e-15	9.19e-13	4.84e-11	1.42e-09	4.08e-08	3.38e-05	1.78e-03	2.64e-02	1.11e-01	2.43e-01	2.61e-01	1.38e-01	8.13e-02	1.18e-01	1.86e-02	9.79e-04
 7.37663e+22	3.57e-32	4.98e-18	4.86e-15	1.14e-12	5.81e-11	1.64e-09	4.56e-08	3.71e-05	1.93e-03	2.83e-02	1.17e-01	2.49e-01	2.62e-01	1.36e-01	7.78e-02	1.10e-01	1.69e-02	8.65e-04
 7.40573e+22	4.81e-32	6.56e-18	6.22e-15	1.41e-12	6.94e-11	1.89e-09	5.09e-08	4.06e-05	2.09e-03	3.03e-02	1.23e-01	2.56e-01	2.63e-01	1.33e-01	7.44e-02	1.03e-01	1.54e-02	7.65e-04
 7.43911e+22	7.12e-32	9.38e-18	8.56e-15	1.85e-12	8.73e-11	2.27e-09	5.86e-08	4.54e-05	2.32e-03	3.31e-02	1.31e-01	2.63e-01	2.63e-01	1.29e-01	7.01e-02	9.43e-02	1.36e-02	6.50e-04
 7.47253e+22	9.46e-32	1.21e-17	1.08e-14	2.26e-12	1.03e-10	2.60e-09	6.52e-08	4.94e-05	2.49e-03	3.52e-02	1.37e-01	2.69e-01	2.63e-01	1.26e-01	6.70e-02	8.83e-02	1.24e-02	5.77e-04
 7.50600e+22	1.38e-31	1.71e-17	1.46e-14	2.94e-12	1.29e-10	3.11e-09	7.48e-08	5.51e-05	2.74e-03	3.81e-02	1.45e-01	2.76e-01	2.62e-01	1.22e-01	6.30e-02	8.08e-02	1.09e-02	4.91e-04
 7.53902e+22	1.80e-31	2.18e-17	1.82e-14	3.55e-12	1.51e-10	3.53e-09	8.28e-08	5.96e-05	2.93e-03	4.03e-02	1.50e-01	2.81e-01	2.61e-01	1.19e-01	6.02e-02	7.57e-02	9.96e-03	4.37e-04
 7.57146e+22	2.56e-31	3.01e-17	2.43e-14	4.56e-12	1.86e-10	4.18e-09	9.43e-08	6.60e-05	3.20e-03	4.34e-02	1.58e-01	2.86e-01	2.59e-01	1.14e-01	5.66e-02	6.93e-02	8.80e-03	3.74e-04
 7.60439e+22	3.33e-31	3.81e-17	3.01e-14	5.49e-12	2.18e-10	4.76e-09	1.04e-07	7.13e-05	3.42e-03	4.58e-02	1.64e-01	2.91e-01	2.58e-01	1.11e-01	5.40e-02	6.48e-02	8.03e-03	3.32e-04
 7.63798e+22	4.74e-31	5.26e-17	4.02e-14	7.03e-12	2.69e-10	5.63e-09	1.19e-07	7.89e-05	3.72e-03	4.91e-02	1.72e-01	2.96e-01	2.55e-01	1.07e-01	5.07e-02	5.92e-02	7.07e-03	2.83e-04
 7.67221e+22	6.19e-31	6.69e-17	4.99e-14	8.49e-12	3.16e-10	6.43e-09	1.32e-07	8.54e-05	3.98e-03	5.18e-02	1.78e-01	2.99e-01	2.53e-01	1.04e-01	4.82e-02	5.51e-02	6.42e-03	2.50e-04
 7.70728e+22	8.82e-31	9.23e-17	6.67e-14	1.09e-11	3.91e-10	7.63e-09	1.51e-07	9.45e-05	4.33e-03	5.55e-02	1.87e-01	3.04e-01	2.49e-01	9.94e-02	4.50e-02	5.01e-02	5.63e-03	2.12e-04
 7.74297e+22	1.15e-30	1.18e-16	8.30e-14	1.32e-11	4.60e-10	8.72e-09	1.68e-07	1.02e-04	4.62e-03	5.85e-02	1.93e-01	3.07e-01	2.46e-01	9.60e-02	4.26e-02	4.65e-02	5.09e-03	1.87e-04
 7.77948e+22	5.57e-31	1.63e-16	1.11e-13	1.69e-11	5.69e-10	1.04e-08	1.93e-07	1.13e-04	5.03e-03	6.25e-02	2.02e-01	3.10e-01	2.42e-01	9.17e-02	3.97e-02	4.21e-02	4.44e-03	1.57e-04
 7.81667e+22	7.30e-31	2.08e-16	1.38e-13	2.05e-11	6.71e-10	1.19e-08	2.15e-07	1.23e-04	5.37e-03	6.58e-02	2.08e-01	3.12e-01	2.39e-01	8.83e-02	3.75e-02	3.90e-02	4.00e-03	1.38e-04
 7.85475e+22	1.04e-30	2.87e-16	1.85e-13	2.64e-11	8.32e-10	1.42e-08	2.47e-07	1.36e-04	5.84e-03	7.03e-02	2.17e-01	3.15e-01	2.34e-01	8.39e-02	3.47e-02	3.51e-02	3.48e-03	1.15e-04
 7.89198e+22	1.32e-30	3.56e-16	2.25e-13	3.14e-11	9.65e-10	1.60e-08	2.73e-07	1.47e-04	6.20e-03	7.35e-02	2.23e-01	3.17e-01	2.30e-01	8.10e-02	3.29e-02	3.27e-02	3.16e-03	1.02e-04
 7.92808e+22	1.85e-30	4.83e-16	2.96e-13	3.98e-11	1.18e-09	1.89e-08	3.11e-07	1.62e-04	6.69e-03	7.80e-02	2.32e-01	3.18e-01	2.25e-01	7.70e-02	3.06e-02	2.96e-02	2.76e-03	8.62e-05
 7.96475e+22	2.36e-30	6.00e-16	3.61e-13	4.73e-11	1.37e-09	2.14e-08	3.43e-07	1.74e-04	7.10e-03	8.15e-02	2.38e-01	3.19e-01	2.21e-01	7.41e-02	2.89e-02	2.75e-02	2.50e-03	7.62e-05
 8.00215e+22	3.26e-30	8.07e-16	4.71e-13	5.97e-11	1.67e-09	2.52e-08	3.91e-07	1.92e-04	7.66e-03	8.63e-02	2.46e-01	3.20e-01	2.16e-01	7.03e-02	2.68e-02	2.48e-02	2.18e-03	6.43e-05
 8.04072e+22	4.24e-30	1.02e-15	5.85e-13	7.21e-11	1.97e-09	2.89e-08	4.36e-07	2.08e-04	8.15e-03	9.04e-02	2.52e-01	3.20e-01	2.11e-01	6.72e-02	2.52e-02	2.28e-02	1.95e-03	5.59e-05
 8.08079e+22	5.88e-30	1.38e-15	7.65e-13	9.12e-11	2.41e-09	3.42e-08	4.99e-07	2.30e-04	8.81e-03	9.57e-02	2.60e-01	3.20e-01	2.06e-01	6.35e-02	2.33e-02	2.05e-02	1.69e-03	4.70e-05
 8.12217e+22	7.76e-30	1.77e-15	9.61e-13	1.11e-10	2.86e-09	3.94e-08	5.59e-07	2.50e-04	9.40e-03	1.00e-01	2.67e-01	3.20e-01	2.00e-01	6.04e-02	2.17e-02	1.87e-02	1.50e-03	4.04e-05
 8.16526e+22	1.09e-29	2.41e-15	1.27e-12	1.42e-10	3.54e-09	4.70e-08	6.44e-07	2.78e-04	1.02e-02	1.06e-01	2.76e-01	3.19e-01	1.94e-01	5.68e-02	1.99e-02	1.67e-02	1.29e-03	3.36e-05
 8.20951e+22	1.45e-29	3.12e-15	1.61e-12	1.75e-10	4.22e-09	5.44e-08	7.25e-07	3.03e-04	1.09e-02	1.11e-01	2.83e-01	3.18e-01	1.88e-01	5.38e-02	1.85e-02	1.52e-02	1.14e-03	2.87e-05
 8.25529e+22	2.07e-29	4.28e-15	2.14e-12	2.25e-10	5.26e-09	6.53e-08	8.40e-07	3.38e-04	1.18e-02	1.18e-01	2.91e-01	3.16e-01	1.82e-01	5.03e-02	1.69e-02	1.35e-02	9.72e-04	2.36e-05
 8.30256e+22	2.79e-29	5.59e-15	2.73e-12	2.79e-10	6.33e-09	7.62e-08	9.51e-07	3.71e-04	1.27e-02	1.24e-01	2.98e-01	3.14e-01	1.76e-01	4.74e-02	1.56e-02	1.21e-02	8.48e-04	1.99e-05
 8.35179e+22	4.03e-29	7.78e-15	3.69e-12	3.63e-10	7.96e-09	9.23e-08	1.11e-06	4.16e-04	1.38e-02	1.31e-01	3.06e-01	3.11e-01	1.68e-01	4.39e-02	1.41e-02	1.07e-02	7.16e-04	1.62e-05
 8.40243e+22	5.49e-29	1.03e-14	4.75e-12	4.54e-10	9.65e-09	1.08e-07	1.26e-06	4.58e-04	1.48e-02	1.38e-01	3.13e-01	3.08e-01	1.62e-01	4.11e-02	1.29e-02	9.54e-03	6.19e-04	1.35e-05
 8.44796e+22	7.36e-29	1.33e-14	6.04e-12	5.60e-10	1.16e-08	1.26e-07	1.43e-06	5.02e-04	1.59e-02	1.44e-01	3.19e-01	3.04e-01	1.56e-01	3.86e-02	1.19e-02	8.58e-03	5.39e-04	1.14e-05
 8.50023e+22	1.09e-28	1.90e-14	8.33e-12	7.43e-10	1.48e-08	1.55e-07	1.69e-06	5.66e-04	1.73e-02	1.53e-01	3.28e-01	2.99e-01	1.48e-01	3.54e-02	1.06e-02	7.42e-03	4.46e-04	9.04e-06
 8.55287e+22	1.46e-28	2.47e-14	1.06e-11	9.17e-10	1.77e-08	1.81e-07	1.91e-06	6.21e-04	1.85e-02	1.59e-01	3.33e-01	2.96e-01	1.43e-01	3.32e-02	9.75e-03	6.65e-03	3.88e-04	7.61e-06
 8.60598e+22	2.15e-28	3.49e-14	1.45e-11	1.21e-09	2.26e-08	2.21e-07	2.25e-06	6.99e-04	2.02e-02	1.68e-01	3.41e-01	2.90e-01	1.35e-01	3.03e-02	8.68e-03	5.74e-03	3.20e-04	6.02e-06
 8.66023e+22	2.94e-28	4.61e-14	1.87e-11	1.51e-09	2.74e-08	2.60e-07	2.56e-06	7.70e-04	2.16e-02	1.76e-01	3.46e-01	2.85e-01	1.29e-01	2.82e-02	7.90e-03	5.09e-03	2.74e-04	4.98e-06
 8.71594e+22	4.37e-28	6.58e-14	2.58e-11	2.01e-09	3.50e-08	3.19e-07	3.02e-06	8.69e-04	2.36e-02	1.86e-01	3.53e-01	2.78e-01	1.21e-01	2.56e-02	6.99e-03	4.36e-03	2.24e-04	3.90e-06
 8.77254e+22	6.00e-28	8.76e-14	3.35e-11	2.53e-09	4.28e-08	3.77e-07	3.46e-06	9.59e-04	2.53e-02	1.94e-01	3.58e-01	2.72e-01	1.15e-01	2.36e-02	6.32e-03	3.83e-03	1.90e-04	3.19e-06
 8.83031e+22	9.04e-28	1.27e-13	4.69e-11	3.40e-09	5.53e-08	4.67e-07	4.12e-06	1.09e-03	2.76e-02	2.05e-01	3.64e-01	2.64e-01	1.08e-01	2.12e-02	5.53e-03	3.24e-03	1.53e-04	2.45e-06
 8.88834e+22	1.23e-27	1.69e-13	6.07e-11	4.27e-09	6.73e-08	5.51e-07	4.70e-06	1.20e-03	2.95e-02	2.13e-01	3.68e-01	2.58e-01	1.02e-01	1.95e-02	4.99e-03	2.84e-03	1.30e-04	2.00e-06
 8.93645e+22	1.63e-27	2.18e-13	7.66e-11	5.23e-09	8.03e-08	6.39e-07	5.30e-06	1.30e-03	3.14e-02	2.21e-01	3.72e-01	2.52e-01	9.72e-02	1.81e-02	4.54e-03	2.52e-03	1.11e-04	1.66e-06
 8.98873e+22	2.35e-27	3.04e-13	1.04e-10	6.82e-09	1.01e-07	7.75e-07	6.21e-06	1.46e-03	3.39e-02	2.31e-01	3.76e-01	2.44e-01	9.08e-02	1.63e-02	4.00e-03	2.15e-03	9.07e-05	1.29e-06
 9.04089e+22	3.08e-27	3.91e-13	1.30e-10	8.33e-09	1.20e-07	8.97e-07	6.98e-06	1.59e-03	3.59e-02	2.39e-01	3.78e-01	2.38e-01	8.62e-02	1.51e-02	3.63e-03	1.91e-03	7.78e-05	1.07e-06
 9.09290e+22	4.41e-27	5.44e-13	1.76e-10	1.08e-08	1.51e-07	1.09e-06	8.17e-06	1.78e-03	3.87e-02	2.50e-01	3.81e-01	2.30e-01	8.03e-02	1.36e-02	3.19e-03	1.62e-03	6.31e-05	8.32e-07
 9.14556e+22	5.79e-27	7.03e-13	2.22e-10	1.33e-08	1.81e-07	1.26e-06	9.23e-06	1.94e-03	4.11e-02	2.58e-01	3.83e-01	2.23e-01	7.58e-02	1.25e-02	2.88e-03	1.42e-03	5.36e-05	6.83e-07
 9.19908e+22	8.30e-27	9.87e-13	3.02e-10	1.74e-08	2.29e-07	1.54e-06	1.08e-05	2.17e-03	4.43e-02	2.70e-01	3.85e-01	2.14e-01	7.01e-02	1.11e-02	2.51e-03	1.20e-03	4.29e-05	5.21e-07
 9.25325e+22	1.09e-26	1.28e-12	3.83e-10	2.14e-08	2.75e-07	1.80e-06	1.23e-05	2.37e-03	4.71e-02	2.78e-01	3.86e-01	2.07e-01	6.59e-02	1.02e-02	2.26e-03	1.04e-03	3.61e-05	4.23e-07
 9.30828e+22	1.56e-26	1.80e-12	5.22e-10	2.82e-08	3.50e-07	2.20e-06	1.45e-05	2.66e-03	5.08e-02	2.90e-01	3.87e-01	1.97e-01	6.05e-02	8.99e-03	1.95e-03	8.69e-04	2.86e-05	3.19e-07
 9.36435e+22	2.07e-26	2.37e-12	6.68e-10	3.50e-08	4.24e-07	2.59e-06	1.66e-05	2.93e-03	5.41e-02	3.00e-01	3.87e-01	1.89e-01	5.64e-02	8.13e-03	1.73e-03	7.49e-04	2.37e-05	2.54e-07
 9.42179e+22	2.96e-26	3.37e-12	9.20e-10	4.64e-08	5.44e-07	3.20e-06	1.98e-05	3.31e-03	5.85e-02	3.12e-01	3.86e-01	1.79e-01	5.13e-02	7.10e-03	1.48e-03	6.14e-04	1.84e-05	1.88e-07
 9.48038e+22	3.92e-26	4.45e-12	1.19e-09	5.81e-08	6.64e-07	3.80e-06	2.28e-05	3.65e-03	6.24e-02	3.22e-01	3.85e-01	1.71e-01	4.74e-02	6.36e-03	1.30e-03	5.22e-04	1.50e-05	1.47e-07
 9.54046e+22	5.59e-26	6.38e-12	1.64e-09	7.76e-08	8.61e-07	4.75e-06	2.74e-05	4.15e-03	6.77e-02	3.35e-01	3.82e-01	1.61e-01	4.26e-02	5.48e-03	1.10e-03	4.21e-04	1.14e-05	0.00e+00
 9.60110e+22	7.34e-26	8.41e-12	2.12e-09	9.72e-08	1.05e-06	5.65e-06	3.18e-05	4.59e-03	7.22e-02	3.46e-01	3.80e-01	1.52e-01	3.91e-02	4.87e-03	9.58e-04	3.54e-04	9.22e-06	0.00e+00
 9.65236e+22	9.35e-26	1.08e-11	2.66e-09	1.19e-07	1.27e-06	6.63e-06	3.64e-05	5.04e-03	7.66e-02	3.55e-01	3.77e-01	1.45e-01	3.60e-02	4.35e-03	8.43e-04	3.02e-04	7.53e-06	0.00e+00
 9.70791e+22	1.25e-25	1.48e-11	3.54e-09	1.54e-07	1.60e-06	8.12e-06	4.32e-05	5.67e-03	8.25e-02	3.67e-01	3.72e-01	1.35e-01	3.24e-02	3.76e-03	7.15e-04	2.45e-04	5.80e-06	0.00e+00
 9.76364e+22	1.57e-25	1.88e-11	4.43e-09	1.89e-07	1.93e-06	9.55e-06	4.95e-05	6.23e-03	8.74e-02	3.77e-01	3.68e-01	1.28e-01	2.97e-02	3.34e-03	6.26e-04	2.07e-04	4.70e-06	0.00e+00
 9.81818e+22	2.04e-25	2.50e-11	5.76e-09	2.40e-07	2.41e-06	1.16e-05	5.85e-05	6.97e-03	9.37e-02	3.88e-01	3.62e-01	1.19e-01	2.67e-02	2.89e-03	5.31e-04	1.69e-04	3.63e-06	0.00e+00
 9.87382e+22	2.53e-25	3.18e-11	7.20e-09	2.95e-07	2.91e-06	1.37e-05	6.76e-05	7.70e-03	9.95e-02	3.97e-01	3.56e-01	1.12e-01	2.42e-02	2.54e-03	4.60e-04	1.41e-04	2.90e-06	0.00e+00
 9.92834e+22	3.13e-25	4.11e-11	9.17e-09	3.69e-07	3.59e-06	1.65e-05	7.94e-05	8.59e-03	1.06e-01	4.08e-01	3.49e-01	1.04e-01	2.17e-02	2.19e-03	3.91e-04	1.15e-04	2.25e-06	0.00e+00
 9.98402e+22	3.81e-25	5.20e-11	1.14e-08	4.54e-07	4.36e-06	1.96e-05	9.23e-05	9.51e-03	1.13e-01	4.17e-01	3.42e-01	9.71e-02	1.95e-02	1.91e-03	3.35e-04	9.45e-05	1.77e-06	0.00e+00
 1.00390e+23	4.61e-25	6.57e-11	1.43e-08	5.60e-07	5.32e-06	2.34e-05	1.08e-04	1.06e-02	1.20e-01	4.26e-01	3.33e-01	9.00e-02	1.75e-02	1.65e-03	2.85e-04	7.70e-05	1.37e-06	0.00e+00
 1.00944e+23	5.50e-25	8.19e-11	1.77e-08	6.84e-07	6.44e-06	2.78e-05	1.26e-04	1.17e-02	1.28e-01	4.35e-01	3.25e-01	8.34e-02	1.56e-02	1.42e-03	2.42e-04	6.30e-05	1.07e-06	0.00e+00
 1.01490e+23	6.48e-25	1.01e-10	2.17e-08	8.33e-07	7.78e-06	3.29e-05	1.47e-04	1.30e-02	1.36e-01	4.43e-01	3.16e-01	7.70e-02	1.39e-02	1.23e-03	2.06e-04	5.14e-05	8.31e-07	0.00e+00
 1.02036e+23	7.57e-25	1.24e-10	2.64e-08	1.01e-06	9.37e-06	3.89e-05	1.70e-04	1.44e-02	1.44e-01	4.50e-01	3.07e-01	7.11e-02	1.24e-02	1.06e-03	1.75e-04	4.20e-05	6.47e-07	0.00e+00
 1.02583e+23	8.77e-25	1.50e-10	3.21e-08	1.22e-06	1.12e-05	4.60e-05	1.98e-04	1.59e-02	1.52e-01	4.57e-01	2.97e-01	6.54e-02	1.11e-02	9.10e-04	1.48e-04	3.42e-05	5.02e-07	0.00e+00
 1.03131e+23	1.01e-24	1.80e-10	3.87e-08	1.46e-06	1.35e-05	5.42e-05	2.30e-04	1.76e-02	1.61e-01	4.63e-01	2.87e-01	6.01e-02	9.82e-03	7.82e-04	1.26e-04	2.78e-05	3.89e-07	0.00e+00
 1.03683e+23	1.15e-24	2.16e-10	4.64e-08	1.76e-06	1.61e-05	6.38e-05	2.67e-04	1.94e-02	1.70e-01	4.68e-01	2.77e-01	5.51e-02	8.71e-03	6.70e-04	1.06e-04	2.26e-05	3.01e-07	0.00e+00
 1.04239e+23	1.32e-24	2.56e-10	5.55e-08	2.10e-06	1.92e-05	7.50e-05	3.10e-04	2.14e-02	1.79e-01	4.73e-01	2.67e-01	5.04e-02	7.71e-03	5.74e-04	8.94e-05	1.83e-05	2.32e-07	0.00e+00
 1.04802e+23	1.50e-24	3.02e-10	6.62e-08	2.50e-06	2.29e-05	8.81e-05	3.61e-04	2.37e-02	1.89e-01	4.77e-01	2.56e-01	4.60e-02	6.80e-03	4.90e-04	7.52e-05	1.48e-05	1.78e-07	0.00e+00
 1.05367e+23	1.71e-24	3.54e-10	7.86e-08	2.98e-06	2.72e-05	1.03e-04	4.18e-04	2.61e-02	1.99e-01	4.80e-01	2.46e-01	4.20e-02	6.01e-03	4.18e-04	6.33e-05	1.19e-05	1.38e-07	0.00e+00
 1.05942e+23	1.95e-24	4.14e-10	9.33e-08	3.54e-06	3.23e-05	1.21e-04	4.86e-04	2.88e-02	2.10e-01	4.82e-01	2.35e-01	3.81e-02	5.28e-03	3.55e-04	5.29e-05	9.57e-06	0.00e+00	0.00e+00
 1.06523e+23	3.78e-24	4.81e-10	1.10e-07	4.19e-06	3.83e-05	1.42e-04	5.63e-04	3.17e-02	2.20e-01	4.84e-01	2.24e-01	3.46e-02	4.64e-03	3.02e-04	4.44e-05	7.71e-06	0.00e+00	0.00e+00
 1.07115e+23	4.37e-24	5.59e-10	1.31e-07	4.99e-06	4.55e-05	1.66e-04	6.55e-04	3.50e-02	2.31e-01	4.84e-01	2.13e-01	3.12e-02	4.05e-03	2.55e-04	3.69e-05	6.14e-06	0.00e+00	0.00e+00
 1.07718e+23	5.06e-24	6.46e-10	1.54e-07	5.90e-06	5.38e-05	1.94e-04	7.59e-04	3.85e-02	2.42e-01	4.84e-01	2.03e-01	2.82e-02	3.55e-03	2.16e-04	3.07e-05	4.92e-06	0.00e+00	0.00e+00
 1.08271e+23	5.76e-24	7.28e-10	1.77e-07	6.78e-06	6.19e-05	2.21e-04	8.58e-04	4.16e-02	2.52e-01	4.82e-01	1.94e-01	2.59e-02	3.17e-03	1.88e-04	2.63e-05	4.08e-06	0.00e+00	0.00e+00
 1.08848e+23	6.77e-24	8.40e-10	2.10e-07	8.08e-06	7.38e-05	2.60e-04	1.00e-03	4.60e-02	2.64e-01	4.80e-01	1.83e-01	2.31e-02	2.74e-03	1.57e-04	2.16e-05	3.20e-06	0.00e+00	0.00e+00
 1.09434e+23	7.84e-24	9.47e-10	2.42e-07	9.30e-06	8.49e-05	2.95e-04	1.13e-03	4.97e-02	2.74e-01	4.77e-01	1.74e-01	2.11e-02	2.44e-03	1.36e-04	1.85e-05	2.65e-06	0.00e+00	0.00e+00
 1.10038e+23	9.46e-24	1.10e-09	2.89e-07	1.11e-05	1.01e-04	3.48e-04	1.32e-03	5.49e-02	2.86e-01	4.73e-01	1.63e-01	1.87e-02	2.10e-03	1.13e-04	1.51e-05	2.06e-06	0.00e+00	0.00e+00
 1.10642e+23	1.10e-23	1.23e-09	3.31e-07	1.27e-05	1.16e-04	3.94e-04	1.49e-03	5.92e-02	2.96e-01	4.69e-01	1.55e-01	1.71e-02	1.87e-03	9.75e-05	1.29e-05	1.70e-06	0.00e+00	0.00e+00
 1.11248e+23	1.34e-23	1.42e-09	3.94e-07	1.52e-05	1.38e-04	4.62e-04	1.74e-03	6.51e-02	3.09e-01	4.63e-01	1.45e-01	1.51e-02	1.60e-03	8.08e-05	1.05e-05	1.33e-06	0.00e+00	0.00e+00
 1.11856e+23	1.59e-23	1.59e-09	4.53e-07	1.74e-05	1.58e-04	5.21e-04	1.95e-03	6.99e-02	3.18e-01	4.57e-01	1.37e-01	1.38e-02	1.43e-03	7.00e-05	8.95e-06	1.10e-06	0.00e+00	0.00e+00
 1.12468e+23	1.97e-23	1.84e-09	5.40e-07	2.07e-05	1.87e-04	6.08e-04	2.26e-03	7.67e-02	3.30e-01	4.49e-01	1.27e-01	1.22e-02	1.22e-03	5.80e-05	7.28e-06	8.56e-07	0.00e+00	0.00e+00
 1.13087e+23	2.35e-23	2.07e-09	6.21e-07	2.37e-05	2.13e-04	6.85e-04	2.53e-03	8.22e-02	3.39e-01	4.43e-01	1.20e-01	1.10e-02	1.09e-03	5.01e-05	6.20e-06	7.06e-07	0.00e+00	0.00e+00
 1.13714e+23	2.94e-23	2.39e-09	7.43e-07	2.82e-05	2.52e-04	7.97e-04	2.93e-03	8.99e-02	3.51e-01	4.33e-01	1.11e-01	9.71e-03	9.28e-04	4.13e-05	5.03e-06	5.48e-07	0.00e+00	0.00e+00
 1.14350e+23	3.56e-23	2.70e-09	8.59e-07	3.24e-05	2.88e-04	8.98e-04	3.27e-03	9.62e-02	3.60e-01	4.25e-01	1.05e-01	8.78e-03	8.21e-04	3.55e-05	4.27e-06	4.50e-07	0.00e+00	0.00e+00
 1.14997e+23	4.55e-23	3.15e-09	1.03e-06	3.87e-05	3.41e-04	1.04e-03	3.78e-03	1.05e-01	3.71e-01	4.14e-01	9.62e-02	7.68e-03	6.98e-04	2.92e-05	3.44e-06	3.47e-07	0.00e+00	0.00e+00
 1.15656e+23	5.58e-23	3.59e-09	1.20e-06	4.47e-05	3.90e-04	1.18e-03	4.23e-03	1.12e-01	3.79e-01	4.05e-01	9.00e-02	6.91e-03	6.14e-04	2.50e-05	2.90e-06	2.83e-07	0.00e+00	0.00e+00
 1.16331e+23	7.27e-23	4.23e-09	1.46e-06	5.37e-05	4.63e-04	1.37e-03	4.89e-03	1.22e-01	3.89e-01	3.93e-01	8.22e-02	6.00e-03	5.18e-04	2.03e-05	2.32e-06	2.16e-07	0.00e+00	0.00e+00
 1.17022e+23	9.09e-23	4.87e-09	1.72e-06	6.24e-05	5.32e-04	1.55e-03	5.47e-03	1.30e-01	3.97e-01	3.83e-01	7.64e-02	5.36e-03	4.53e-04	1.73e-05	1.94e-06	1.74e-07	0.00e+00	0.00e+00
 1.17734e+23	1.21e-22	5.81e-09	2.12e-06	7.56e-05	6.35e-04	1.81e-03	6.33e-03	1.42e-01	4.07e-01	3.68e-01	6.93e-02	4.61e-03	3.79e-04	1.39e-05	1.53e-06	1.32e-07	0.00e+00	0.00e+00
 1.18458e+23	1.55e-22	6.81e-09	2.51e-06	8.84e-05	7.31e-04	2.04e-03	7.05e-03	1.51e-01	4.13e-01	3.57e-01	6.41e-02	4.11e-03	3.30e-04	1.18e-05	1.28e-06	0.00e+00	0.00e+00	0.00e+00
 1.19071e+23	1.91e-22	7.76e-09	2.92e-06	1.02e-04	8.29e-04	2.27e-03	7.81e-03	1.60e-01	4.19e-01	3.47e-01	5.95e-02	3.68e-03	2.90e-04	1.01e-05	1.08e-06	0.00e+00	0.00e+00	0.00e+00
 1.19743e+23	2.54e-22	9.28e-09	3.57e-06	1.22e-04	9.74e-04	2.61e-03	8.87e-03	1.72e-01	4.25e-01	3.33e-01	5.40e-02	3.19e-03	2.45e-04	8.21e-06	8.63e-07	0.00e+00	0.00e+00	0.00e+00
 1.20390e+23	3.12e-22	1.06e-08	4.11e-06	1.38e-04	1.09e-03	2.87e-03	9.67e-03	1.80e-01	4.29e-01	3.23e-01	5.05e-02	2.89e-03	2.18e-04	7.13e-06	7.40e-07	0.00e+00	0.00e+00	0.00e+00
 1.21007e+23	4.04e-22	1.25e-08	4.93e-06	1.63e-04	1.26e-03	3.26e-03	1.08e-02	1.92e-01	4.34e-01	3.10e-01	4.60e-02	2.52e-03	1.86e-04	5.90e-06	6.03e-07	0.00e+00	0.00e+00	0.00e+00
 1.21630e+23	5.03e-22	1.44e-08	5.72e-06	1.86e-04	1.42e-03	3.58e-03	1.18e-02	2.01e-01	4.36e-01	3.01e-01	4.28e-02	2.28e-03	1.65e-04	5.12e-06	5.16e-07	0.00e+00	0.00e+00	0.00e+00
 1.22262e+23	6.61e-22	1.72e-08	6.91e-06	2.20e-04	1.64e-03	4.05e-03	1.32e-02	2.13e-01	4.39e-01	2.87e-01	3.89e-02	1.99e-03	1.41e-04	4.22e-06	4.19e-07	0.00e+00	0.00e+00	0.00e+00
 1.22904e+23	8.32e-22	2.00e-08	8.06e-06	2.53e-04	1.84e-03	4.46e-03	1.43e-02	2.23e-01	4.41e-01	2.77e-01	3.60e-02	1.79e-03	1.24e-04	3.64e-06	3.57e-07	0.00e+00	0.00e+00	0.00e+00
 1.23558e+23	1.11e-21	2.41e-08	9.80e-06	3.00e-04	2.13e-03	5.05e-03	1.60e-02	2.36e-01	4.43e-01	2.64e-01	3.25e-02	1.55e-03	1.05e-04	2.98e-06	2.87e-07	0.00e+00	0.00e+00	0.00e+00
 1.24222e+23	1.42e-21	2.84e-08	1.15e-05	3.46e-04	2.40e-03	5.55e-03	1.73e-02	2.46e-01	4.43e-01	2.54e-01	3.00e-02	1.39e-03	9.27e-05	2.56e-06	2.44e-07	0.00e+00	0.00e+00	0.00e+00
 1.24899e+23	1.92e-21	3.47e-08	1.41e-05	4.13e-04	2.79e-03	6.29e-03	1.93e-02	2.60e-01	4.43e-01	2.40e-01	2.69e-02	1.20e-03	7.78e-05	2.08e-06	1.95e-07	0.00e+00	0.00e+00	0.00e+00
 1.25586e+23	2.47e-21	4.12e-08	1.67e-05	4.78e-04	3.15e-03	6.93e-03	2.09e-02	2.70e-01	4.42e-01	2.30e-01	2.47e-02	1.07e-03	6.82e-05	1.78e-06	1.64e-07	0.00e+00	0.00e+00	0.00e+00
 1.26287e+23	3.40e-21	5.10e-08	2.06e-05	5.75e-04	3.67e-03	7.85e-03	2.33e-02	2.85e-01	4.40e-01	2.17e-01	2.20e-02	9.12e-04	5.68e-05	1.43e-06	1.30e-07	0.00e+00	0.00e+00	0.00e+00
 1.27006e+23	4.46e-21	6.13e-08	2.45e-05	6.68e-04	4.15e-03	8.67e-03	2.53e-02	2.96e-01	4.38e-01	2.06e-01	2.01e-02	8.07e-04	4.93e-05	1.21e-06	0.00e+00	0.00e+00	0.00e+00	0.00e+00
 1.27746e+23	6.29e-21	7.74e-08	3.06e-05	8.11e-04	4.87e-03	9.84e-03	2.81e-02	3.11e-01	4.34e-01	1.93e-01	1.77e-02	6.85e-04	4.08e-05	9.67e-07	0.00e+00	0.00e+00	0.00e+00	0.00e+00
 1.28505e+23	8.39e-21	9.43e-08	3.68e-05	9.51e-04	5.53e-03	1.09e-02	3.05e-02	3.23e-01	4.30e-01	1.83e-01	1.60e-02	6.00e-04	3.50e-05	8.06e-07	0.00e+00	0.00e+00	0.00e+00	0.00e+00
 1.29291e+23	1.21e-20	1.21e-07	4.67e-05	1.17e-03	6.52e-03	1.24e-02	3.39e-02	3.38e-01	4.23e-01	1.70e-01	1.40e-02	5.03e-04	2.85e-05	6.35e-07	0.00e+00	0.00e+00	0.00e+00	0.00e+00
 1.30084e+23	1.64e-20	1.49e-07	5.64e-05	1.37e-03	7.41e-03	1.37e-02	3.67e-02	3.50e-01	4.18e-01	1.60e-01	1.26e-02	4.40e-04	2.44e-05	5.29e-07	0.00e+00	0.00e+00	0.00e+00	0.00e+00
 1.30886e+23	2.39e-20	1.94e-07	7.16e-05	1.68e-03	8.73e-03	1.56e-02	4.06e-02	3.65e-01	4.10e-01	1.47e-01	1.09e-02	3.66e-04	1.98e-05	4.13e-07	0.00e+00	0.00e+00	0.00e+00	0.00e+00
 1.31696e+23	3.25e-20	2.40e-07	8.67e-05	1.98e-03	9.91e-03	1.72e-02	4.38e-02	3.76e-01	4.03e-01	1.38e-01	9.80e-03	3.19e-04	1.68e-05	3.42e-07	0.00e+00	0.00e+00	0.00e+00	0.00e+00
 1.32518e+23	4.81e-20	3.15e-07	1.11e-04	2.43e-03	1.17e-02	1.95e-02	4.83e-02	3.90e-01	3.92e-01	1.27e-01	8.44e-03	2.64e-04	1.36e-05	2.65e-07	0.00e+00	0.00e+00	0.00e+00	0.00e+00
 1.33320e+23	6.44e-20	3.86e-07	1.32e-04	2.83e-03	1.31e-02	2.12e-02	5.15e-02	4.00e-01	3.84e-01	1.19e-01	7.60e-03	2.32e-04	1.16e-05	2.22e-07	0.00e+00	0.00e+00	0.00e+00	0.00e+00
 1.34096e+23	9.32e-20	5.00e-07	1.66e-04	3.43e-03	1.52e-02	2.38e-02	5.62e-02	4.12e-01	3.73e-01	1.09e-01	6.57e-03	1.93e-04	9.45e-06	1.74e-07	0.00e+00	0.00e+00	0.00e+00	0.00e+00
 1.34901e+23	1.28e-19	6.23e-07	2.01e-04	4.02e-03	1.72e-02	2.61e-02	6.00e-02	4.21e-01	3.64e-01	1.02e-01	5.85e-03	1.68e-04	8.00e-06	1.44e-07	0.00e+00	0.00e+00	0.00e+00	0.00e+00
 1.35589e+23	1.68e-19	7.55e-07	2.38e-04	4.62e-03	1.91e-02	2.82e-02	6.36e-02	4.29e-01	3.55e-01	9.51e-02	5.26e-03	1.47e-04	6.88e-06	1.20e-07	0.00e+00	0.00e+00	0.00e+00	0.00e+00
 1.36329e+23	2.39e-19	9.65e-07	2.94e-04	5.52e-03	2.19e-02	3.12e-02	6.85e-02	4.38e-01	3.43e-01	8.71e-02	4.56e-03	1.24e-04	5.63e-06	0.00e+00	0.00e+00	0.00e+00	0.00e+00	0.00e+00
 1.37070e+23	3.15e-19	1.17e-06	3.47e-04	6.34e-03	2.43e-02	3.37e-02	7.23e-02	4.44e-01	3.33e-01	8.12e-02	4.08e-03	1.08e-04	4.82e-06	0.00e+00	0.00e+00	0.00e+00	0.00e+00	0.00e+00
 1.37813e+23	4.44e-19	1.49e-06	4.26e-04	7.52e-03	2.76e-02	3.70e-02	7.72e-02	4.51e-01	3.21e-01	7.43e-02	3.55e-03	9.14e-05	3.97e-06	0.00e+00	0.00e+00	0.00e+00	0.00e+00	0.00e+00
 1.38585e+23	6.04e-19	1.84e-06	5.11e-04	8.74e-03	3.09e-02	4.01e-02	8.18e-02	4.57e-01	3.09e-01	6.83e-02	3.12e-03	7.83e-05	3.32e-06	0.00e+00	0.00e+00	0.00e+00	0.00e+00	0.00e+00
 1.39274e+23	8.03e-19	2.25e-06	6.04e-04	1.00e-02	3.42e-02	4.32e-02	8.59e-02	4.61e-01	2.99e-01	6.33e-02	2.78e-03	6.81e-05	2.82e-06	0.00e+00	0.00e+00	0.00e+00	0.00e+00	0.00e+00
 1.40048e+23	1.14e-18	2.88e-06	7.44e-04	1.19e-02	3.87e-02	4.72e-02	9.12e-02	4.65e-01	2.85e-01	5.73e-02	2.39e-03	5.70e-05	2.30e-06	0.00e+00	0.00e+00	0.00e+00	0.00e+00	0.00e+00
 1.40864e+23	1.59e-18	3.61e-06	8.98e-04	1.39e-02	4.34e-02	5.11e-02	9.61e-02	4.68e-01	2.73e-01	5.22e-02	2.08e-03	4.82e-05	1.89e-06	0.00e+00	0.00e+00	0.00e+00	0.00e+00	0.00e+00
 1.41606e+23	2.15e-18	4.46e-06	1.07e-03	1.60e-02	4.81e-02	5.49e-02	1.01e-01	4.69e-01	2.61e-01	4.77e-02	1.82e-03	4.12e-05	1.58e-06	0.00e+00	0.00e+00	0.00e+00	0.00e+00	0.00e+00
 1.42445e+23	3.14e-18	5.80e-06	1.33e-03	1.91e-02	5.45e-02	5.99e-02	1.06e-01	4.69e-01	2.46e-01	4.25e-02	1.53e-03	3.38e-05	1.26e-06	0.00e+00	0.00e+00	0.00e+00	0.00e+00	0.00e+00
 1.43308e+23	4.38e-18	7.29e-06	1.60e-03	2.22e-02	6.07e-02	6.45e-02	1.11e-01	4.68e-01	2.33e-01	3.82e-02	1.31e-03	2.82e-05	1.02e-06	0.00e+00	0.00e+00	0.00e+00	0.00e+00	0.00e+00
 1.44075e+23	5.95e-18	9.02e-06	1.91e-03	2.55e-02	6.70e-02	6.89e-02	1.16e-01	4.65e-01	2.20e-01	3.46e-02	1.14e-03	2.39e-05	8.42e-07	0.00e+00	0.00e+00	0.00e+00	0.00e+00	0.00e+00
 1.44942e+23	8.74e-18	1.17e-05	2.37e-03	3.03e-02	7.55e-02	7.45e-02	1.21e-01	4.60e-01	2.05e-01	3.03e-02	9.46e-04	1.93e-05	6.59e-07	0.00e+00	0.00e+00	0.00e+00	0.00e+00	0.00e+00
 1.45841e+23	1.23e-17	1.48e-05	2.85e-03	3.51e-02	8.36e-02	7.96e-02	1.26e-01	4.54e-01	1.91e-01	2.69e-02	7.99e-04	1.59e-05	5.27e-07	0.00e+00	0.00e+00	0.00e+00	0.00e+00	0.00e+00
 1.46648e+23	1.69e-17	1.84e-05	3.39e-03	4.02e-02	9.16e-02	8.45e-02	1.30e-01	4.47e-01	1.79e-01	2.40e-02	6.80e-04	1.32e-05	4.27e-07	0.00e+00	0.00e+00	0.00e+00	0.00e+00	0.00e+00
 1.47562e+23	2.53e-17	2.41e-05	4.21e-03	4.76e-02	1.03e-01	9.06e-02	1.34e-01	4.36e-01	1.64e-01	2.06e-02	5.52e-04	1.04e-05	3.25e-07	0.00e+00	0.00e+00	0.00e+00	0.00e+00	0.00e+00
 1.48505e+23	1.87e-17	3.03e-05	5.04e-03	5.48e-02	1.13e-01	9.58e-02	1.38e-01	4.25e-01	1.51e-01	1.80e-02	4.60e-04	8.48e-06	2.56e-07	0.00e+00	0.00e+00	0.00e+00	0.00e+00	0.00e+00
 1.49486e+23	2.84e-17	4.01e-05	6.29e-03	6.49e-02	1.26e-01	1.02e-01	1.41e-01	4.09e-01	1.35e-01	1.51e-02	3.64e-04	6.52e-06	1.89e-07	0.00e+00	0.00e+00	0.00e+00	0.00e+00	0.00e+00
 1.50479e+23	4.01e-17	5.03e-05	7.51e-03	7.42e-02	1.37e-01	1.07e-01	1.43e-01	3.95e-01	1.23e-01	1.31e-02	2.99e-04	5.23e-06	1.47e-07	0.00e+00	0.00e+00	0.00e+00	0.00e+00	0.00e+00
 1.51354e+23	5.56e-17	6.25e-05	8.88e-03	8.41e-02	1.48e-01	1.12e-01	1.45e-01	3.79e-01	1.12e-01	1.13e-02	2.46e-04	4.20e-06	0.00e+00	0.00e+00	0.00e+00	0.00e+00	0.00e+00	0.00e+00
 1.52357e+23	8.45e-17	8.21e-05	1.09e-02	9.83e-02	1.62e-01	1.17e-01	1.46e-01	3.58e-01	9.82e-02	9.24e-03	1.90e-04	3.15e-06	0.00e+00	0.00e+00	0.00e+00	0.00e+00	0.00e+00	0.00e+00
 1.53372e+23	1.18e-16	1.02e-04	1.29e-02	1.11e-01	1.73e-01	1.21e-01	1.46e-01	3.40e-01	8.78e-02	7.82e-03	1.53e-04	2.48e-06	0.00e+00	0.00e+00	0.00e+00	0.00e+00	0.00e+00	0.00e+00
 1.54402e+23	1.78e-16	1.33e-04	1.57e-02	1.28e-01	1.88e-01	1.25e-01	1.45e-01	3.16e-01	7.59e-02	6.33e-03	1.17e-04	1.84e-06	0.00e+00	0.00e+00	0.00e+00	0.00e+00	0.00e+00	0.00e+00
 1.55448e+23	2.51e-16	1.64e-04	1.84e-02	1.43e-01	1.99e-01	1.27e-01	1.44e-01	2.96e-01	6.69e-02	5.27e-03	9.27e-05	1.42e-06	0.00e+00	0.00e+00	0.00e+00	0.00e+00	0.00e+00	0.00e+00
 1.56514e+23	3.83e-16	2.14e-04	2.23e-02	1.63e-01	2.13e-01	1.30e-01	1.41e-01	2.70e-01	5.65e-02	4.15e-03	6.87e-05	1.02e-06	0.00e+00	0.00e+00	0.00e+00	0.00e+00	0.00e+00	0.00e+00
 1.57591e+23	5.35e-16	2.62e-04	2.59e-02	1.80e-01	2.23e-01	1.31e-01	1.37e-01	2.50e-01	4.91e-02	3.41e-03	5.37e-05	7.80e-07	0.00e+00	0.00e+00	0.00e+00	0.00e+00	0.00e+00	0.00e+00
 1.58681e+23	8.19e-16	3.38e-04	3.11e-02	2.03e-01	2.35e-01	1.31e-01	1.32e-01	2.24e-01	4.06e-02	2.62e-03	3.90e-05	5.48e-07	0.00e+00	0.00e+00	0.00e+00	0.00e+00	0.00e+00	0.00e+00
 1.59782e+23	1.14e-15	4.11e-04	3.56e-02	2.22e-01	2.43e-01	1.31e-01	1.28e-01	2.04e-01	3.47e-02	2.12e-03	3.01e-05	4.13e-07	0.00e+00	0.00e+00	0.00e+00	0.00e+00	0.00e+00	0.00e+00
 1.60897e+23	1.75e-15	5.25e-04	4.22e-02	2.46e-01	2.51e-01	1.29e-01	1.21e-01	1.80e-01	2.82e-02	1.60e-03	2.14e-05	2.84e-07	0.00e+00	0.00e+00	0.00e+00	0.00e+00	0.00e+00	0.00e+00
 1.62027e+23	2.45e-15	6.35e-04	4.81e-02	2.66e-01	2.57e-01	1.27e-01	1.15e-01	1.61e-01	2.37e-02	1.27e-03	1.62e-05	2.10e-07	0.00e+00	0.00e+00	0.00e+00	0.00e+00	0.00e+00	0.00e+00
 1.63007e+23	3.38e-15	7.57e-04	5.41e-02	2.85e-01	2.60e-01	1.25e-01	1.09e-01	1.45e-01	2.00e-02	1.02e-03	1.24e-05	1.57e-07	0.00e+00	0.00e+00	0.00e+00	0.00e+00	0.00e+00	0.00e+00
 1.64110e+23	5.14e-15	9.46e-04	6.27e-02	3.09e-01	2.64e-01	1.20e-01	1.01e-01	1.25e-01	1.59e-02	7.56e-04	8.68e-06	0.00e+00	0.00e+00	0.00e+00	0.00e+00	0.00e+00	0.00e+00	0.00e+00
 1.65186e+23	6.97e-15	1.11e-03	6.95e-02	3.26e-01	2.65e-01	1.17e-01	9.57e-02	1.12e-01	1.35e-02	6.07e-04	6.69e-06	0.00e+00	0.00e+00	0.00e+00	0.00e+00	0.00e+00	0.00e+00	0.00e+00
 1.66084e+23	9.40e-15	1.28e-03	7.65e-02	3.42e-01	2.65e-01	1.13e-01	9.01e-02	1.00e-01	1.14e-02	4.88e-04	5.18e-06	0.00e+00	0.00e+00	0.00e+00	0.00e+00	0.00e+00	0.00e+00	0.00e+00
 1.67108e+23	1.40e-14	1.56e-03	8.64e-02	3.63e-01	2.63e-01	1.08e-01	8.29e-02	8.62e-02	9.04e-03	3.64e-04	3.67e-06	0.00e+00	0.00e+00	0.00e+00	0.00e+00	0.00e+00	0.00e+00	0.00e+00
