#depth	Ar	Ar+	Ar+2	Ar+3	Ar+4	Ar+5	Ar+6	Ar+7	Ar+8	Ar+9	Ar+10	Ar+11	Ar+12	Ar+13	Ar+14	Ar+15	Ar+16	Ar+17	Ar+18
 1.54284e+22	0.00e+00	0.00e+00	0.00e+00	0.00e+00	0.00e+00	5.52e-22	3.56e-19	1.51e-16	9.47e-14	1.79e-11	1.71e-09	8.12e-08	2.67e-06	4.62e-05	5.29e-04	6.42e-03	1.36e-01	4.24e-01	4.34e-01
 3.47709e+22	0.00e+00	0.00e+00	0.00e+00	0.00e+00	3.93e-23	2.83e-20	1.20e-17	5.98e-15	5.29e-12	6.58e-10	4.11e-08	1.26e-06	2.69e-05	2.99e-04	2.17e-03	1.68e-02	2.28e-01	4.55e-01	2.97e-01
 4.08562e+22	0.00e+00	0.00e+00	0.00e+00	6.94e-25	9.75e-22	5.42e-19	1.77e-16	6.74e-14	4.91e-11	4.92e-09	2.44e-07	5.90e-06	9.89e-05	8.52e-04	4.72e-03	2.80e-02	2.94e-01	4.48e-01	2.25e-01
 4.45109e+22	0.00e+00	0.00e+00	4.01e-27	7.85e-24	9.19e-21	4.22e-18	1.14e-15	3.53e-13	2.28e-10	1.98e-08	8.43e-07	1.73e-05	2.45e-04	1.76e-03	8.02e-03	3.91e-02	3.41e-01	4.31e-01	1.79e-01
 4.63652e+22	0.00e+00	1.80e-32	7.81e-27	1.46e-23	1.63e-20	7.15e-18	1.82e-15	5.37e-13	3.37e-10	2.83e-08	1.16e-06	2.27e-05	3.09e-04	2.12e-03	9.17e-03	4.25e-02	3.54e-01	4.25e-01	1.68e-01
 4.69802e+22	0.00e+00	3.01e-32	1.27e-26	2.31e-23	2.49e-20	1.05e-17	2.57e-15	7.26e-13	4.48e-10	3.67e-08	1.46e-06	2.78e-05	3.67e-04	2.43e-03	1.01e-02	4.51e-02	3.63e-01	4.20e-01	1.60e-01
 4.74382e+22	0.00e+00	4.27e-32	1.77e-26	3.15e-23	3.31e-20	1.36e-17	3.25e-15	8.96e-13	5.44e-10	4.38e-08	1.71e-06	3.18e-05	4.11e-04	2.66e-03	1.08e-02	4.70e-02	3.69e-01	4.16e-01	1.54e-01
 4.79302e+22	0.00e+00	7.06e-32	2.85e-26	4.92e-23	5.00e-20	1.98e-17	4.56e-15	1.21e-12	7.19e-10	5.64e-08	2.14e-06	3.87e-05	4.85e-04	3.03e-03	1.19e-02	4.97e-02	3.77e-01	4.11e-01	1.47e-01
 4.84656e+22	0.00e+00	1.16e-31	4.56e-26	7.64e-23	7.48e-20	2.85e-17	6.32e-15	1.61e-12	9.42e-10	7.23e-08	2.67e-06	4.69e-05	5.71e-04	3.45e-03	1.30e-02	5.26e-02	3.85e-01	4.05e-01	1.40e-01
 4.89684e+22	0.00e+00	1.81e-31	6.92e-26	1.13e-22	1.07e-19	3.97e-17	8.52e-15	2.10e-12	1.20e-09	9.04e-08	3.26e-06	5.56e-05	6.59e-04	3.86e-03	1.41e-02	5.52e-02	3.92e-01	4.00e-01	1.34e-01
 4.95333e+22	0.00e+00	3.35e-31	1.24e-25	1.95e-22	1.78e-19	6.26e-17	1.28e-14	3.00e-12	1.69e-09	1.23e-07	4.30e-06	7.06e-05	8.06e-04	4.53e-03	1.58e-02	5.90e-02	4.02e-01	3.92e-01	1.26e-01
 5.00878e+22	0.00e+00	5.32e-31	1.92e-25	2.94e-22	2.59e-19	8.80e-17	1.73e-14	3.91e-12	2.17e-09	1.55e-07	5.28e-06	8.43e-05	9.36e-04	5.10e-03	1.72e-02	6.20e-02	4.09e-01	3.86e-01	1.20e-01
 5.06288e+22	0.00e+00	9.29e-31	3.26e-25	4.82e-22	4.07e-19	1.33e-16	2.50e-14	5.40e-12	2.94e-09	2.05e-07	6.77e-06	1.04e-04	1.12e-03	5.87e-03	1.90e-02	6.57e-02	4.18e-01	3.78e-01	1.13e-01
 5.11921e+22	0.00e+00	1.53e-30	5.24e-25	7.50e-22	6.11e-19	1.92e-16	3.48e-14	7.21e-12	3.86e-09	2.62e-07	8.45e-06	1.27e-04	1.32e-03	6.67e-03	2.07e-02	6.92e-02	4.25e-01	3.71e-01	1.07e-01
 5.16969e+22	0.00e+00	2.47e-30	8.23e-25	1.14e-21	9.00e-19	2.72e-16	4.75e-14	9.46e-12	4.99e-09	3.32e-07	1.04e-05	1.52e-04	1.54e-03	7.52e-03	2.25e-02	7.26e-02	4.31e-01	3.63e-01	1.01e-01
 5.21870e+22	0.00e+00	3.94e-30	1.28e-24	1.73e-21	1.31e-18	3.83e-16	6.44e-14	1.23e-11	6.42e-09	4.19e-07	1.28e-05	1.81e-04	1.78e-03	8.45e-03	2.44e-02	7.60e-02	4.37e-01	3.56e-01	9.56e-02
 5.27455e+22	0.00e+00	7.11e-30	2.24e-24	2.91e-21	2.12e-18	5.91e-16	9.47e-14	1.73e-11	8.82e-09	5.61e-07	1.67e-05	2.27e-04	2.15e-03	9.79e-03	2.71e-02	8.04e-02	4.45e-01	3.47e-01	8.92e-02
 5.33140e+22	0.00e+00	1.16e-29	3.57e-24	4.49e-21	3.15e-18	8.45e-16	1.30e-13	2.28e-11	1.15e-08	7.14e-07	2.07e-05	2.73e-04	2.52e-03	1.11e-02	2.94e-02	8.42e-02	4.50e-01	3.38e-01	8.40e-02
 5.38955e+22	0.00e+00	2.13e-29	6.36e-24	7.69e-21	5.16e-18	1.32e-15	1.93e-13	3.21e-11	1.59e-08	9.65e-07	2.70e-05	3.44e-04	3.05e-03	1.28e-02	3.26e-02	8.90e-02	4.56e-01	3.28e-01	7.79e-02
 5.44897e+22	0.00e+00	3.66e-29	1.06e-23	1.24e-20	7.96e-18	1.95e-15	2.72e-13	4.33e-11	2.11e-08	1.26e-06	3.42e-05	4.21e-04	3.61e-03	1.46e-02	3.56e-02	9.34e-02	4.61e-01	3.19e-01	7.27e-02
 5.49736e+22	0.00e+00	5.61e-29	1.59e-23	1.80e-20	1.12e-17	2.65e-15	3.58e-13	5.48e-11	2.65e-08	1.55e-06	4.12e-05	4.94e-04	4.13e-03	1.62e-02	3.82e-02	9.69e-02	4.64e-01	3.11e-01	6.87e-02
 5.54761e+22	0.00e+00	9.64e-29	2.66e-23	2.91e-20	1.74e-17	3.92e-15	5.05e-13	7.39e-11	3.53e-08	2.01e-06	5.22e-05	6.05e-04	4.89e-03	1.85e-02	4.17e-02	1.01e-01	4.68e-01	3.01e-01	6.39e-02
 5.59969e+22	0.00e+00	1.55e-28	4.17e-23	4.41e-20	2.54e-17	5.51e-15	6.81e-13	9.55e-11	4.52e-08	2.53e-06	6.40e-05	7.21e-04	5.66e-03	2.07e-02	4.49e-02	1.05e-01	4.71e-01	2.92e-01	5.99e-02
 5.64286e+22	0.00e+00	2.29e-28	6.03e-23	6.22e-20	3.47e-17	7.29e-15	8.71e-13	1.18e-10	5.54e-08	3.06e-06	7.58e-05	8.33e-04	6.39e-03	2.27e-02	4.78e-02	1.09e-01	4.72e-01	2.85e-01	5.67e-02
 5.68772e+22	0.00e+00	3.72e-28	9.58e-23	9.56e-20	5.13e-17	1.03e-14	1.18e-12	1.53e-10	7.14e-08	3.87e-06	9.35e-05	9.97e-04	7.41e-03	2.54e-02	5.15e-02	1.13e-01	4.74e-01	2.75e-01	5.29e-02
 5.73051e+22	0.00e+00	5.34e-28	1.35e-22	1.31e-19	6.85e-17	1.34e-14	1.48e-12	1.86e-10	8.61e-08	4.61e-06	1.09e-04	1.14e-03	8.28e-03	2.76e-02	5.44e-02	1.16e-01	4.75e-01	2.68e-01	5.01e-02
 5.76471e+22	0.00e+00	7.61e-28	1.89e-22	1.79e-19	9.07e-17	1.72e-14	1.84e-12	2.24e-10	1.03e-07	5.45e-06	1.27e-04	1.30e-03	9.21e-03	2.99e-02	5.74e-02	1.19e-01	4.75e-01	2.61e-01	4.76e-02
 5.79812e+22	0.00e+00	1.06e-27	2.59e-22	2.40e-19	1.18e-16	2.17e-14	2.26e-12	2.67e-10	1.22e-07	6.39e-06	1.46e-04	1.46e-03	1.02e-02	3.23e-02	6.03e-02	1.21e-01	4.75e-01	2.55e-01	4.52e-02
 5.83093e+22	0.00e+00	1.45e-27	3.48e-22	3.15e-19	1.52e-16	2.71e-14	2.74e-12	3.14e-10	1.44e-07	7.41e-06	1.67e-04	1.64e-03	1.12e-02	3.47e-02	6.31e-02	1.24e-01	4.74e-01	2.48e-01	4.31e-02
 5.86809e+22	0.00e+00	2.20e-27	5.18e-22	4.55e-19	2.11e-16	3.64e-14	3.54e-12	3.90e-10	1.78e-07	9.04e-06	2.00e-04	1.90e-03	1.27e-02	3.80e-02	6.69e-02	1.27e-01	4.73e-01	2.40e-01	4.03e-02
 5.90505e+22	0.00e+00	3.05e-27	7.08e-22	6.06e-19	2.74e-16	4.58e-14	4.32e-12	4.62e-10	2.10e-07	1.06e-05	2.29e-04	2.14e-03	1.40e-02	4.09e-02	7.01e-02	1.30e-01	4.72e-01	2.33e-01	3.82e-02
 5.93691e+22	0.00e+00	4.23e-27	9.65e-22	8.07e-19	3.54e-16	5.76e-14	5.26e-12	5.46e-10	2.47e-07	1.23e-05	2.63e-04	2.40e-03	1.54e-02	4.40e-02	7.33e-02	1.32e-01	4.70e-01	2.27e-01	3.62e-02
 5.96747e+22	0.00e+00	5.75e-27	1.29e-21	1.06e-18	4.52e-16	7.13e-14	6.33e-12	6.37e-10	2.88e-07	1.42e-05	2.99e-04	2.68e-03	1.68e-02	4.70e-02	7.65e-02	1.34e-01	4.68e-01	2.20e-01	3.44e-02
 5.99660e+22	0.00e+00	7.75e-27	1.72e-21	1.37e-18	5.71e-16	8.77e-14	7.56e-12	7.41e-10	3.34e-07	1.63e-05	3.39e-04	2.98e-03	1.83e-02	5.01e-02	7.96e-02	1.36e-01	4.66e-01	2.14e-01	3.27e-02
 6.02992e+22	0.00e+00	1.15e-26	2.49e-21	1.93e-18	7.77e-16	1.15e-13	9.53e-12	8.99e-10	4.06e-07	1.96e-05	3.99e-04	3.42e-03	2.05e-02	5.45e-02	8.37e-02	1.39e-01	4.62e-01	2.06e-01	3.05e-02
 6.06317e+22	3.55e-33	1.55e-26	3.32e-21	2.51e-18	9.84e-16	1.42e-13	1.14e-11	1.04e-09	4.71e-07	2.25e-05	4.52e-04	3.80e-03	2.24e-02	5.80e-02	8.70e-02	1.41e-01	4.59e-01	2.00e-01	2.89e-02
 6.09634e+22	5.30e-33	2.27e-26	4.77e-21	3.50e-18	1.33e-15	1.84e-13	1.43e-11	1.26e-09	5.68e-07	2.69e-05	5.28e-04	4.34e-03	2.49e-02	6.27e-02	9.12e-02	1.43e-01	4.54e-01	1.92e-01	2.70e-02
 6.13016e+22	7.52e-33	3.17e-26	6.55e-21	4.68e-18	1.72e-15	2.31e-13	1.73e-11	1.48e-09	6.68e-07	3.13e-05	6.05e-04	4.86e-03	2.73e-02	6.72e-02	9.50e-02	1.45e-01	4.49e-01	1.85e-01	2.54e-02
 6.15771e+22	1.00e-32	4.17e-26	8.51e-21	5.94e-18	2.13e-15	2.78e-13	2.02e-11	1.68e-09	7.62e-07	3.54e-05	6.77e-04	5.34e-03	2.95e-02	7.10e-02	9.81e-02	1.46e-01	4.45e-01	1.80e-01	2.41e-02
 6.18643e+22	1.44e-32	5.86e-26	1.18e-20	7.99e-18	2.77e-15	3.50e-13	2.46e-11	1.98e-09	8.98e-07	4.14e-05	7.78e-04	6.00e-03	3.24e-02	7.60e-02	1.02e-01	1.48e-01	4.40e-01	1.73e-01	2.25e-02
 6.21595e+22	1.93e-32	7.78e-26	1.54e-20	1.02e-17	3.45e-15	4.24e-13	2.90e-11	2.26e-09	1.03e-06	4.70e-05	8.71e-04	6.60e-03	3.50e-02	8.02e-02	1.05e-01	1.49e-01	4.35e-01	1.67e-01	2.13e-02
 6.24652e+22	2.89e-32	1.14e-25	2.23e-20	1.43e-17	4.64e-15	5.48e-13	3.59e-11	2.69e-09	1.23e-06	5.58e-05	1.02e-03	7.51e-03	3.89e-02	8.64e-02	1.10e-01	1.50e-01	4.27e-01	1.59e-01	1.97e-02
 6.27648e+22	3.91e-32	1.52e-25	2.93e-20	1.83e-17	5.79e-15	6.64e-13	4.21e-11	3.06e-09	1.41e-06	6.35e-05	1.14e-03	8.26e-03	4.19e-02	9.12e-02	1.13e-01	1.51e-01	4.21e-01	1.53e-01	1.86e-02
 6.30567e+22	5.77e-32	2.21e-25	4.17e-20	2.52e-17	7.68e-15	8.47e-13	5.16e-11	3.61e-09	1.68e-06	7.47e-05	1.32e-03	9.32e-03	4.62e-02	9.77e-02	1.17e-01	1.52e-01	4.13e-01	1.46e-01	1.72e-02
 6.33513e+22	7.84e-32	2.96e-25	5.51e-20	3.24e-17	9.61e-15	1.03e-12	6.06e-11	4.11e-09	1.92e-06	8.50e-05	1.48e-03	1.03e-02	4.99e-02	1.03e-01	1.21e-01	1.53e-01	4.06e-01	1.40e-01	1.61e-02
 6.36495e+22	1.17e-31	4.35e-25	7.97e-20	4.52e-17	1.29e-14	1.32e-12	7.46e-11	4.86e-09	2.29e-06	1.00e-04	1.72e-03	1.16e-02	5.51e-02	1.10e-01	1.25e-01	1.53e-01	3.96e-01	1.32e-01	1.48e-02
 6.39487e+22	1.61e-31	5.90e-25	1.06e-19	5.87e-17	1.62e-14	1.61e-12	8.78e-11	5.53e-09	2.62e-06	1.14e-04	1.93e-03	1.28e-02	5.94e-02	1.16e-01	1.28e-01	1.53e-01	3.88e-01	1.26e-01	1.38e-02
 6.42023e+22	2.16e-31	7.79e-25	1.39e-19	7.45e-17	2.00e-14	1.93e-12	1.02e-10	6.23e-09	2.98e-06	1.29e-04	2.14e-03	1.39e-02	6.37e-02	1.22e-01	1.31e-01	1.53e-01	3.80e-01	1.21e-01	1.29e-02
 6.44852e+22	3.27e-31	1.16e-24	2.03e-19	1.05e-16	2.69e-14	2.48e-12	1.25e-10	7.30e-09	3.54e-06	1.52e-04	2.49e-03	1.58e-02	7.02e-02	1.30e-01	1.35e-01	1.52e-01	3.68e-01	1.14e-01	1.17e-02
 6.47626e+22	4.33e-31	1.52e-24	2.62e-19	1.32e-16	3.29e-14	2.94e-12	1.44e-10	8.17e-09	3.98e-06	1.71e-04	2.75e-03	1.71e-02	7.48e-02	1.35e-01	1.38e-01	1.52e-01	3.60e-01	1.09e-01	1.10e-02
 6.50330e+22	6.45e-31	2.22e-24	3.77e-19	1.82e-16	4.36e-14	3.73e-12	1.74e-10	9.47e-09	4.68e-06	2.00e-04	3.16e-03	1.92e-02	8.17e-02	1.44e-01	1.42e-01	1.50e-01	3.48e-01	1.02e-01	9.95e-03
 6.52983e+22	8.41e-31	2.85e-24	4.79e-19	2.26e-16	5.28e-14	4.38e-12	1.99e-10	1.05e-08	5.23e-06	2.22e-04	3.46e-03	2.07e-02	8.66e-02	1.49e-01	1.44e-01	1.50e-01	3.40e-01	9.73e-02	9.31e-03
 6.55570e+22	1.25e-30	4.18e-24	6.90e-19	3.12e-16	6.97e-14	5.53e-12	2.39e-10	1.21e-08	6.13e-06	2.58e-04	3.97e-03	2.31e-02	9.44e-02	1.58e-01	1.47e-01	1.48e-01	3.27e-01	9.06e-02	8.41e-03
 6.58136e+22	1.64e-30	5.41e-24	8.83e-19	3.89e-16	8.45e-14	6.51e-12	2.73e-10	1.34e-08	6.84e-06	2.87e-04	4.35e-03	2.49e-02	9.98e-02	1.63e-01	1.49e-01	1.46e-01	3.18e-01	8.63e-02	7.83e-03
 6.60675e+22	2.43e-30	7.88e-24	1.26e-18	5.34e-16	1.11e-13	8.17e-12	3.26e-10	1.54e-08	7.96e-06	3.32e-04	4.95e-03	2.76e-02	1.08e-01	1.72e-01	1.51e-01	1.44e-01	3.05e-01	8.01e-02	7.05e-03
 6.63242e+22	3.24e-30	1.04e-23	1.64e-18	6.74e-16	1.36e-13	9.68e-12	3.73e-10	1.70e-08	8.91e-06	3.70e-04	5.45e-03	2.98e-02	1.15e-01	1.78e-01	1.53e-01	1.42e-01	2.95e-01	7.57e-02	6.51e-03
 6.65846e+22	4.85e-30	1.53e-23	2.38e-18	9.33e-16	1.80e-13	1.22e-11	4.48e-10	1.95e-08	1.04e-05	4.29e-04	6.20e-03	3.31e-02	1.24e-01	1.86e-01	1.55e-01	1.39e-01	2.81e-01	6.97e-02	5.80e-03
 6.68482e+22	6.54e-30	2.03e-23	3.12e-18	1.19e-15	2.21e-13	1.45e-11	5.14e-10	2.17e-08	1.16e-05	4.78e-04	6.82e-03	3.57e-02	1.31e-01	1.92e-01	1.56e-01	1.36e-01	2.71e-01	6.55e-02	5.32e-03
 6.71160e+22	9.81e-30	3.00e-23	4.52e-18	1.64e-15	2.92e-13	1.83e-11	6.16e-10	2.48e-08	1.35e-05	5.53e-04	7.73e-03	3.94e-02	1.41e-01	2.00e-01	1.57e-01	1.33e-01	2.56e-01	6.00e-02	4.71e-03
 6.73813e+22	1.33e-29	4.01e-23	5.97e-18	2.10e-15	3.61e-13	2.18e-11	7.06e-10	2.75e-08	1.51e-05	6.15e-04	8.49e-03	4.24e-02	1.49e-01	2.06e-01	1.58e-01	1.30e-01	2.46e-01	5.60e-02	4.29e-03
 6.76436e+22	1.99e-29	5.89e-23	8.62e-18	2.89e-15	4.75e-13	2.73e-11	8.43e-10	3.14e-08	1.74e-05	7.06e-04	9.57e-03	4.66e-02	1.59e-01	2.14e-01	1.58e-01	1.26e-01	2.32e-01	5.11e-02	3.78e-03
 6.79108e+22	2.74e-29	8.01e-23	1.15e-17	3.74e-15	5.91e-13	3.27e-11	9.71e-10	3.48e-08	1.95e-05	7.87e-04	1.05e-02	5.01e-02	1.68e-01	2.20e-01	1.58e-01	1.22e-01	2.21e-01	4.73e-02	3.41e-03
 6.81843e+22	4.18e-29	1.20e-22	1.69e-17	5.23e-15	7.87e-13	4.14e-11	1.17e-09	3.99e-08	2.25e-05	9.04e-04	1.18e-02	5.49e-02	1.79e-01	2.27e-01	1.57e-01	1.18e-01	2.06e-01	4.27e-02	2.97e-03
 6.84596e+22	5.79e-29	1.64e-22	2.28e-17	6.78e-15	9.82e-13	4.98e-11	1.34e-09	4.43e-08	2.52e-05	1.01e-03	1.30e-02	5.89e-02	1.88e-01	2.32e-01	1.57e-01	1.14e-01	1.95e-01	3.93e-02	2.66e-03
 6.87370e+22	8.87e-29	2.46e-22	3.37e-17	9.52e-15	1.31e-12	6.32e-11	1.62e-09	5.08e-08	2.90e-05	1.15e-03	1.46e-02	6.43e-02	1.99e-01	2.38e-01	1.55e-01	1.09e-01	1.81e-01	3.52e-02	2.30e-03
 6.90163e+22	1.23e-28	3.37e-22	4.54e-17	1.23e-14	1.64e-12	7.59e-11	1.87e-09	5.65e-08	3.22e-05	1.27e-03	1.59e-02	6.87e-02	2.08e-01	2.42e-01	1.54e-01	1.05e-01	1.71e-01	3.22e-02	2.05e-03
 6.92584e+22	1.70e-28	4.59e-22	6.08e-17	1.59e-14	2.04e-12	9.08e-11	2.15e-09	6.27e-08	3.57e-05	1.41e-03	1.72e-02	7.31e-02	2.17e-01	2.46e-01	1.52e-01	1.01e-01	1.61e-01	2.95e-02	1.82e-03
 6.95334e+22	2.60e-28	6.88e-22	8.94e-17	2.23e-14	2.71e-12	1.15e-10	2.58e-09	7.17e-08	4.08e-05	1.59e-03	1.92e-02	7.91e-02	2.28e-01	2.51e-01	1.49e-01	9.59e-02	1.49e-01	2.62e-02	1.56e-03
 6.98057e+22	3.51e-28	9.16e-22	1.17e-16	2.82e-14	3.32e-12	1.36e-10	2.94e-09	7.92e-08	4.48e-05	1.74e-03	2.06e-02	8.36e-02	2.36e-01	2.53e-01	1.47e-01	9.23e-02	1.40e-01	2.41e-02	1.40e-03
 7.00745e+22	5.26e-28	1.35e-21	1.69e-16	3.88e-14	4.36e-12	1.70e-10	3.51e-09	9.03e-08	5.06e-05	1.95e-03	2.27e-02	8.97e-02	2.46e-01	2.56e-01	1.44e-01	8.74e-02	1.29e-01	2.14e-02	1.20e-03
 7.03489e+22	7.16e-28	1.81e-21	2.24e-16	4.95e-14	5.37e-12	2.03e-10	4.02e-09	1.00e-07	5.56e-05	2.13e-03	2.44e-02	9.45e-02	2.54e-01	2.58e-01	1.41e-01	8.37e-02	1.21e-01	1.95e-02	1.07e-03
 7.06304e+22	1.08e-27	2.67e-21	3.24e-16	6.83e-14	7.07e-12	2.55e-10	4.81e-09	1.15e-07	6.27e-05	2.39e-03	2.68e-02	1.01e-01	2.64e-01	2.60e-01	1.38e-01	7.89e-02	1.11e-01	1.73e-02	9.09e-04
 7.09186e+22	1.48e-27	3.62e-21	4.31e-16	8.78e-14	8.77e-12	3.05e-10	5.55e-09	1.28e-07	6.89e-05	2.60e-03	2.87e-02	1.06e-01	2.72e-01	2.61e-01	1.34e-01	7.52e-02	1.03e-01	1.56e-02	8.01e-04
 7.12156e+22	2.25e-27	5.38e-21	6.28e-16	1.22e-13	1.16e-11	3.86e-10	6.69e-09	1.47e-07	7.77e-05	2.91e-03	3.14e-02	1.13e-01	2.81e-01	2.62e-01	1.30e-01	7.05e-02	9.42e-02	1.37e-02	6.77e-04
 7.15194e+22	3.11e-27	7.32e-21	8.39e-16	1.57e-13	1.45e-11	4.63e-10	7.74e-09	1.64e-07	8.54e-05	3.17e-03	3.36e-02	1.19e-01	2.89e-01	2.62e-01	1.27e-01	6.70e-02	8.75e-02	1.24e-02	5.93e-04
 7.18319e+22	4.73e-27	1.09e-20	1.22e-15	2.18e-13	1.92e-11	5.87e-10	9.36e-09	1.90e-07	9.62e-05	3.53e-03	3.66e-02	1.26e-01	2.97e-01	2.61e-01	1.22e-01	6.25e-02	7.94e-02	1.08e-02	4.99e-04
 7.21503e+22	6.55e-27	1.48e-20	1.64e-15	2.81e-13	2.39e-11	7.08e-10	1.09e-08	2.13e-07	1.06e-04	3.84e-03	3.91e-02	1.32e-01	3.04e-01	2.60e-01	1.19e-01	5.91e-02	7.34e-02	9.70e-03	4.34e-04
 7.24761e+22	9.96e-27	2.21e-20	2.38e-15	3.90e-13	3.17e-11	8.99e-10	1.32e-08	2.47e-07	1.19e-04	4.27e-03	4.25e-02	1.39e-01	3.12e-01	2.58e-01	1.14e-01	5.50e-02	6.63e-02	8.42e-03	3.63e-04
 7.28040e+22	1.37e-26	2.98e-20	3.15e-15	4.99e-13	3.94e-11	1.08e-09	1.53e-08	2.78e-07	1.30e-04	4.62e-03	4.52e-02	1.45e-01	3.18e-01	2.56e-01	1.10e-01	5.19e-02	6.13e-02	7.56e-03	3.17e-04
 7.31346e+22	2.07e-26	4.41e-20	4.55e-15	6.89e-13	5.20e-11	1.37e-09	1.85e-08	3.22e-07	1.46e-04	5.11e-03	4.88e-02	1.52e-01	3.25e-01	2.54e-01	1.05e-01	4.81e-02	5.52e-02	6.55e-03	2.64e-04
 7.34710e+22	2.82e-26	5.89e-20	5.98e-15	8.75e-13	6.42e-11	1.63e-09	2.14e-08	3.61e-07	1.60e-04	5.52e-03	5.17e-02	1.58e-01	3.29e-01	2.51e-01	1.02e-01	4.54e-02	5.09e-02	5.87e-03	2.30e-04
 7.37663e+22	3.82e-26	7.86e-20	7.83e-15	1.11e-12	7.89e-11	1.95e-09	2.47e-08	4.04e-07	1.75e-04	5.95e-03	5.47e-02	1.64e-01	3.34e-01	2.48e-01	9.80e-02	4.28e-02	4.70e-02	5.27e-03	2.01e-04
 7.40573e+22	5.14e-26	1.04e-19	1.02e-14	1.40e-12	9.66e-11	2.32e-09	2.84e-08	4.51e-07	1.90e-04	6.39e-03	5.77e-02	1.69e-01	3.38e-01	2.45e-01	9.45e-02	4.04e-02	4.34e-02	4.73e-03	1.75e-04
 7.43911e+22	7.57e-26	1.50e-19	1.43e-14	1.89e-12	1.25e-10	2.90e-09	3.41e-08	5.21e-07	2.12e-04	7.01e-03	6.17e-02	1.77e-01	3.43e-01	2.41e-01	9.00e-02	3.74e-02	3.91e-02	4.10e-03	1.47e-04
 7.47253e+22	1.00e-25	1.95e-19	1.83e-14	2.34e-12	1.52e-10	3.41e-09	3.91e-08	5.80e-07	2.30e-04	7.50e-03	6.48e-02	1.82e-01	3.46e-01	2.38e-01	8.67e-02	3.53e-02	3.62e-02	3.70e-03	1.29e-04
 7.50600e+22	1.45e-25	2.76e-19	2.53e-14	3.12e-12	1.95e-10	4.24e-09	4.66e-08	6.68e-07	2.56e-04	8.18e-03	6.91e-02	1.89e-01	3.49e-01	2.33e-01	8.24e-02	3.26e-02	3.26e-02	3.21e-03	1.08e-04
 7.53902e+22	1.89e-25	3.54e-19	3.19e-14	3.83e-12	2.34e-10	4.95e-09	5.30e-08	7.39e-07	2.77e-04	8.71e-03	7.22e-02	1.94e-01	3.52e-01	2.29e-01	7.94e-02	3.08e-02	3.03e-02	2.91e-03	9.51e-05
 7.57146e+22	2.69e-25	4.93e-19	4.34e-14	5.03e-12	2.97e-10	6.07e-09	6.28e-08	8.46e-07	3.06e-04	9.45e-03	7.65e-02	2.01e-01	3.54e-01	2.24e-01	7.55e-02	2.86e-02	2.73e-02	2.54e-03	8.02e-05
 7.60439e+22	3.50e-25	6.30e-19	5.45e-14	6.15e-12	3.55e-10	7.09e-09	7.14e-08	9.37e-07	3.31e-04	1.01e-02	7.99e-02	2.06e-01	3.56e-01	2.21e-01	7.26e-02	2.70e-02	2.53e-02	2.29e-03	7.06e-05
 7.63798e+22	4.96e-25	8.74e-19	7.40e-14	8.06e-12	4.50e-10	8.70e-09	8.46e-08	1.07e-06	3.66e-04	1.09e-02	8.46e-02	2.13e-01	3.58e-01	2.15e-01	6.88e-02	2.49e-02	2.28e-02	1.99e-03	5.94e-05
 7.67221e+22	6.48e-25	1.12e-18	9.32e-14	9.90e-12	5.40e-10	1.02e-08	9.64e-08	1.19e-06	3.96e-04	1.16e-02	8.83e-02	2.18e-01	3.59e-01	2.11e-01	6.59e-02	2.34e-02	2.11e-02	1.79e-03	5.20e-05
 7.70728e+22	9.23e-25	1.56e-18	1.27e-13	1.30e-11	6.86e-10	1.25e-08	1.15e-07	1.37e-06	4.39e-04	1.26e-02	9.33e-02	2.25e-01	3.60e-01	2.05e-01	6.22e-02	2.16e-02	1.89e-02	1.55e-03	4.35e-05
 7.74297e+22	1.21e-24	2.01e-18	1.60e-13	1.60e-11	8.24e-10	1.47e-08	1.31e-07	1.52e-06	4.76e-04	1.34e-02	9.73e-02	2.30e-01	3.60e-01	2.01e-01	5.95e-02	2.03e-02	1.74e-02	1.39e-03	3.79e-05
 7.77948e+22	1.72e-24	2.80e-18	2.17e-13	2.10e-11	1.05e-09	1.82e-08	1.56e-07	1.75e-06	5.28e-04	1.45e-02	1.03e-01	2.36e-01	3.60e-01	1.94e-01	5.60e-02	1.86e-02	1.56e-02	1.20e-03	3.16e-05
 7.81667e+22	2.26e-24	3.61e-18	2.74e-13	2.59e-11	1.26e-09	2.13e-08	1.79e-07	1.96e-06	5.73e-04	1.54e-02	1.07e-01	2.41e-01	3.60e-01	1.90e-01	5.34e-02	1.74e-02	1.43e-02	1.07e-03	2.74e-05
 7.85475e+22	3.24e-24	5.03e-18	3.73e-13	3.40e-11	1.61e-09	2.64e-08	2.13e-07	2.26e-06	6.37e-04	1.67e-02	1.13e-01	2.48e-01	3.59e-01	1.83e-01	5.00e-02	1.59e-02	1.27e-02	9.18e-04	2.27e-05
 7.89198e+22	4.13e-24	6.31e-18	4.60e-13	4.10e-11	1.90e-09	3.05e-08	2.41e-07	2.49e-06	6.86e-04	1.77e-02	1.17e-01	2.52e-01	3.58e-01	1.79e-01	4.78e-02	1.49e-02	1.17e-02	8.28e-04	2.00e-05
 7.92808e+22	5.79e-24	8.64e-18	6.14e-13	5.30e-11	2.39e-09	3.72e-08	2.85e-07	2.85e-06	7.58e-04	1.91e-02	1.23e-01	2.58e-01	3.56e-01	1.73e-01	4.49e-02	1.37e-02	1.05e-02	7.15e-04	1.67e-05
 7.96475e+22	7.40e-24	1.08e-17	7.56e-13	6.39e-11	2.83e-09	4.31e-08	3.22e-07	3.15e-06	8.17e-04	2.02e-02	1.27e-01	2.63e-01	3.55e-01	1.68e-01	4.28e-02	1.29e-02	9.67e-03	6.43e-04	1.46e-05
 8.00215e+22	1.03e-23	1.47e-17	1.00e-12	8.22e-11	3.54e-09	5.24e-08	3.79e-07	3.60e-06	9.02e-04	2.17e-02	1.33e-01	2.68e-01	3.53e-01	1.62e-01	4.01e-02	1.18e-02	8.65e-03	5.55e-04	1.22e-05
 8.04072e+22	1.35e-23	1.89e-17	1.26e-12	1.01e-10	4.25e-09	6.15e-08	4.33e-07	4.02e-06	9.78e-04	2.30e-02	1.39e-01	2.73e-01	3.50e-01	1.57e-01	3.80e-02	1.10e-02	7.89e-03	4.93e-04	1.05e-05
 8.08079e+22	1.88e-23	2.57e-17	1.67e-12	1.30e-10	5.33e-09	7.50e-08	5.12e-07	4.60e-06	1.08e-03	2.48e-02	1.45e-01	2.78e-01	3.47e-01	1.51e-01	3.55e-02	1.00e-02	7.03e-03	4.24e-04	8.76e-06
 8.12217e+22	2.49e-23	3.34e-17	2.12e-12	1.61e-10	6.46e-09	8.87e-08	5.90e-07	5.17e-06	1.18e-03	2.64e-02	1.51e-01	2.82e-01	3.44e-01	1.46e-01	3.34e-02	9.25e-03	6.36e-03	3.73e-04	7.48e-06
 8.16526e+22	3.53e-23	4.60e-17	2.85e-12	2.10e-10	8.18e-09	1.09e-07	7.03e-07	5.96e-06	1.31e-03	2.85e-02	1.58e-01	2.87e-01	3.40e-01	1.40e-01	3.10e-02	8.39e-03	5.62e-03	3.18e-04	6.15e-06
 8.20951e+22	4.73e-23	6.03e-17	3.64e-12	2.62e-10	9.97e-09	1.30e-07	8.13e-07	6.71e-06	1.43e-03	3.03e-02	1.64e-01	2.92e-01	3.36e-01	1.34e-01	2.91e-02	7.72e-03	5.06e-03	2.77e-04	5.21e-06
 8.25529e+22	6.78e-23	8.40e-17	4.93e-12	3.44e-10	1.27e-08	1.61e-07	9.73e-07	7.77e-06	1.60e-03	3.28e-02	1.72e-01	2.96e-01	3.31e-01	1.28e-01	2.69e-02	6.96e-03	4.44e-03	2.34e-04	4.24e-06
 8.30256e+22	9.20e-23	1.11e-16	6.37e-12	4.33e-10	1.56e-08	1.93e-07	1.13e-06	8.80e-06	1.75e-03	3.50e-02	1.78e-01	3.00e-01	3.27e-01	1.22e-01	2.51e-02	6.36e-03	3.97e-03	2.03e-04	3.55e-06
 8.35179e+22	1.34e-22	1.57e-16	8.73e-12	5.76e-10	2.02e-08	2.41e-07	1.37e-06	1.03e-05	1.96e-03	3.79e-02	1.87e-01	3.05e-01	3.20e-01	1.16e-01	2.30e-02	5.69e-03	3.45e-03	1.69e-04	2.85e-06
 8.40243e+22	1.84e-22	2.11e-16	1.14e-11	7.32e-10	2.50e-08	2.90e-07	1.60e-06	1.17e-05	2.16e-03	4.05e-02	1.94e-01	3.08e-01	3.15e-01	1.10e-01	2.13e-02	5.16e-03	3.06e-03	1.45e-04	2.37e-06
 8.44796e+22	2.49e-22	2.78e-16	1.46e-11	9.18e-10	3.06e-08	3.47e-07	1.86e-06	1.32e-05	2.37e-03	4.31e-02	2.01e-01	3.11e-01	3.09e-01	1.05e-01	1.98e-02	4.71e-03	2.73e-03	1.26e-04	1.98e-06
 8.50023e+22	3.72e-22	4.02e-16	2.05e-11	1.24e-09	4.02e-08	4.40e-07	2.28e-06	1.56e-05	2.67e-03	4.68e-02	2.11e-01	3.15e-01	3.02e-01	9.88e-02	1.79e-02	4.15e-03	2.34e-03	1.03e-04	1.55e-06
 8.55287e+22	5.03e-22	5.29e-16	2.63e-11	1.56e-09	4.92e-08	5.25e-07	2.64e-06	1.76e-05	2.92e-03	4.98e-02	2.18e-01	3.17e-01	2.96e-01	9.40e-02	1.66e-02	3.78e-03	2.08e-03	8.85e-05	1.30e-06
 8.60598e+22	7.46e-22	7.60e-16	3.65e-11	2.09e-09	6.41e-08	6.63e-07	3.21e-06	2.06e-05	3.29e-03	5.40e-02	2.27e-01	3.20e-01	2.87e-01	8.79e-02	1.50e-02	3.32e-03	1.78e-03	7.24e-05	1.02e-06
 8.66023e+22	1.03e-21	1.02e-15	4.76e-11	2.66e-09	7.95e-08	8.00e-07	3.77e-06	2.35e-05	3.62e-03	5.75e-02	2.35e-01	3.22e-01	2.80e-01	8.31e-02	1.38e-02	2.99e-03	1.56e-03	6.15e-05	8.32e-07
 8.71594e+22	1.54e-21	1.48e-15	6.66e-11	3.60e-09	1.04e-07	1.02e-06	4.61e-06	2.77e-05	4.08e-03	6.23e-02	2.45e-01	3.24e-01	2.71e-01	7.72e-02	1.24e-02	2.61e-03	1.32e-03	4.97e-05	6.44e-07
 8.77254e+22	2.14e-21	1.99e-15	8.73e-11	4.60e-09	1.30e-07	1.23e-06	5.42e-06	3.16e-05	4.49e-03	6.64e-02	2.53e-01	3.25e-01	2.64e-01	7.26e-02	1.13e-02	2.34e-03	1.15e-03	4.18e-05	5.22e-07
 8.83031e+22	3.26e-21	2.93e-15	1.24e-10	6.29e-09	1.72e-07	1.58e-06	6.68e-06	3.76e-05	5.09e-03	7.21e-02	2.64e-01	3.25e-01	2.54e-01	6.69e-02	1.00e-02	2.02e-03	9.62e-04	3.33e-05	3.96e-07
 8.88834e+22	4.50e-21	3.94e-15	1.61e-10	8.00e-09	2.14e-07	1.91e-06	7.84e-06	4.28e-05	5.59e-03	7.66e-02	2.72e-01	3.26e-01	2.46e-01	6.27e-02	9.13e-03	1.80e-03	8.37e-04	2.79e-05	3.21e-07
 8.93645e+22	6.02e-21	5.13e-15	2.04e-10	9.92e-09	2.60e-07	2.26e-06	9.05e-06	4.82e-05	6.09e-03	8.10e-02	2.79e-01	3.25e-01	2.39e-01	5.91e-02	8.38e-03	1.63e-03	7.37e-04	2.38e-05	2.64e-07
 8.98873e+22	8.78e-21	7.23e-15	2.79e-10	1.31e-08	3.34e-07	2.83e-06	1.09e-05	5.63e-05	6.80e-03	8.69e-02	2.88e-01	3.25e-01	2.30e-01	5.45e-02	7.47e-03	1.41e-03	6.21e-04	1.92e-05	2.04e-07
 9.04089e+22	1.17e-20	9.36e-15	3.51e-10	1.62e-08	4.04e-07	3.35e-06	1.26e-05	6.32e-05	7.39e-03	9.16e-02	2.95e-01	3.24e-01	2.23e-01	5.12e-02	6.84e-03	1.27e-03	5.46e-04	1.63e-05	1.67e-07
 9.09290e+22	1.69e-20	1.31e-14	4.75e-10	2.13e-08	5.18e-07	4.17e-06	1.52e-05	7.38e-05	8.25e-03	9.81e-02	3.04e-01	3.22e-01	2.13e-01	4.71e-02	6.07e-03	1.10e-03	4.58e-04	1.31e-05	1.28e-07
 9.14556e+22	2.26e-20	1.71e-14	6.01e-10	2.63e-08	6.29e-07	4.95e-06	1.75e-05	8.31e-05	8.97e-03	1.03e-01	3.10e-01	3.20e-01	2.06e-01	4.40e-02	5.53e-03	9.87e-04	4.00e-04	1.10e-05	0.00e+00
 9.19908e+22	3.29e-20	2.40e-14	8.16e-10	3.47e-08	8.11e-07	6.22e-06	2.13e-05	9.75e-05	1.00e-02	1.11e-01	3.19e-01	3.18e-01	1.96e-01	4.02e-02	4.86e-03	8.47e-04	3.32e-04	8.71e-06	0.00e+00
 9.25325e+22	4.41e-20	3.13e-14	1.03e-09	4.30e-08	9.87e-07	7.40e-06	2.46e-05	1.10e-04	1.09e-02	1.17e-01	3.26e-01	3.15e-01	1.88e-01	3.74e-02	4.40e-03	7.52e-04	2.87e-04	7.26e-06	0.00e+00
 9.30828e+22	6.44e-20	4.41e-14	1.40e-09	5.68e-08	1.28e-06	9.31e-06	3.00e-05	1.30e-04	1.23e-02	1.25e-01	3.34e-01	3.11e-01	1.78e-01	3.38e-02	3.83e-03	6.41e-04	2.36e-04	5.68e-06	0.00e+00
 9.36435e+22	8.71e-20	5.79e-14	1.78e-09	7.08e-08	1.56e-06	1.12e-05	3.50e-05	1.48e-04	1.34e-02	1.32e-01	3.41e-01	3.08e-01	1.70e-01	3.12e-02	3.43e-03	5.62e-04	2.01e-04	4.65e-06	0.00e+00
 9.42179e+22	1.28e-19	8.21e-14	2.43e-09	9.40e-08	2.04e-06	1.42e-05	4.29e-05	1.75e-04	1.51e-02	1.41e-01	3.49e-01	3.03e-01	1.60e-01	2.79e-02	2.95e-03	4.73e-04	1.62e-04	3.57e-06	0.00e+00
 9.48038e+22	1.74e-19	1.08e-13	3.09e-09	1.18e-07	2.51e-06	1.72e-05	5.05e-05	2.01e-04	1.66e-02	1.49e-01	3.55e-01	2.98e-01	1.52e-01	2.55e-02	2.61e-03	4.10e-04	1.37e-04	2.88e-06	0.00e+00
 9.54046e+22	2.58e-19	1.54e-13	4.21e-09	1.57e-07	3.29e-06	2.20e-05	6.24e-05	2.41e-04	1.88e-02	1.60e-01	3.62e-01	2.92e-01	1.41e-01	2.26e-02	2.21e-03	3.39e-04	1.08e-04	2.16e-06	0.00e+00
 9.60110e+22	3.49e-19	2.01e-13	5.33e-09	1.96e-07	4.06e-06	2.66e-05	7.35e-05	2.77e-04	2.07e-02	1.69e-01	3.68e-01	2.86e-01	1.33e-01	2.04e-02	1.94e-03	2.92e-04	9.01e-05	1.72e-06	0.00e+00
 9.65236e+22	4.59e-19	2.57e-13	6.59e-09	2.39e-07	4.92e-06	3.18e-05	8.56e-05	3.16e-04	2.26e-02	1.78e-01	3.72e-01	2.80e-01	1.26e-01	1.86e-02	1.71e-03	2.53e-04	7.58e-05	1.39e-06	0.00e+00
 9.70791e+22	6.43e-19	3.47e-13	8.54e-09	3.06e-07	6.25e-06	3.96e-05	1.04e-04	3.73e-04	2.53e-02	1.89e-01	3.77e-01	2.73e-01	1.17e-01	1.65e-02	1.46e-03	2.11e-04	6.07e-05	1.05e-06	0.00e+00
 9.76364e+22	8.38e-19	4.38e-13	1.05e-08	3.71e-07	7.54e-06	4.72e-05	1.20e-04	4.25e-04	2.76e-02	1.98e-01	3.81e-01	2.67e-01	1.10e-01	1.49e-02	1.28e-03	1.82e-04	5.07e-05	8.42e-07	0.00e+00
 9.81818e+22	1.14e-18	5.75e-13	1.32e-08	4.66e-07	9.42e-06	5.81e-05	1.44e-04	4.98e-04	3.07e-02	2.10e-01	3.84e-01	2.58e-01	1.02e-01	1.32e-02	1.09e-03	1.51e-04	4.06e-05	6.41e-07	0.00e+00
 9.87382e+22	1.48e-18	7.23e-13	1.60e-08	5.65e-07	1.14e-05	6.95e-05	1.68e-04	5.71e-04	3.37e-02	2.20e-01	3.87e-01	2.51e-01	9.51e-02	1.18e-02	9.45e-04	1.29e-04	3.34e-05	5.04e-07	0.00e+00
 9.92834e+22	1.96e-18	9.24e-13	1.98e-08	6.96e-07	1.40e-05	8.47e-05	2.00e-04	6.66e-04	3.73e-02	2.32e-01	3.89e-01	2.43e-01	8.77e-02	1.04e-02	8.03e-04	1.07e-04	2.68e-05	3.85e-07	0.00e+00
 9.98402e+22	2.54e-18	1.16e-12	2.39e-08	8.42e-07	1.70e-05	1.02e-04	2.34e-04	7.68e-04	4.10e-02	2.43e-01	3.90e-01	2.34e-01	8.11e-02	9.24e-03	6.88e-04	9.03e-05	2.18e-05	2.98e-07	0.00e+00
 1.00390e+23	3.30e-18	1.45e-12	2.88e-08	1.02e-06	2.07e-05	1.22e-04	2.76e-04	8.90e-04	4.52e-02	2.55e-01	3.90e-01	2.25e-01	7.45e-02	8.14e-03	5.84e-04	7.52e-05	1.75e-05	2.28e-07	0.00e+00
 1.00944e+23	4.21e-18	1.79e-12	3.43e-08	1.23e-06	2.49e-05	1.46e-04	3.23e-04	1.03e-03	4.96e-02	2.66e-01	3.90e-01	2.17e-01	6.85e-02	7.16e-03	4.97e-04	6.28e-05	1.40e-05	1.75e-07	0.00e+00
 1.01490e+23	5.34e-18	2.19e-12	4.05e-08	1.46e-06	3.00e-05	1.75e-04	3.76e-04	1.18e-03	5.44e-02	2.78e-01	3.88e-01	2.08e-01	6.27e-02	6.29e-03	4.22e-04	5.23e-05	1.13e-05	1.34e-07	0.00e+00
 1.02036e+23	6.73e-18	2.66e-12	4.76e-08	1.74e-06	3.58e-05	2.08e-04	4.37e-04	1.36e-03	5.96e-02	2.90e-01	3.86e-01	1.98e-01	5.73e-02	5.52e-03	3.58e-04	4.35e-05	9.05e-06	0.00e+00	0.00e+00
 1.02583e+23	8.43e-18	3.22e-12	5.55e-08	2.06e-06	4.27e-05	2.46e-04	5.08e-04	1.57e-03	6.51e-02	3.02e-01	3.84e-01	1.89e-01	5.23e-02	4.83e-03	3.02e-04	3.61e-05	7.24e-06	0.00e+00	0.00e+00
 1.03131e+23	1.05e-17	3.87e-12	6.44e-08	2.43e-06	5.07e-05	2.91e-04	5.87e-04	1.80e-03	7.11e-02	3.14e-01	3.80e-01	1.80e-01	4.75e-02	4.21e-03	2.55e-04	2.99e-05	5.78e-06	0.00e+00	0.00e+00
 1.03683e+23	1.30e-17	4.64e-12	7.45e-08	2.86e-06	6.01e-05	3.43e-04	6.78e-04	2.06e-03	7.75e-02	3.26e-01	3.76e-01	1.71e-01	4.31e-02	3.67e-03	2.15e-04	2.46e-05	4.61e-06	0.00e+00	0.00e+00
 1.04239e+23	1.61e-17	5.54e-12	8.58e-08	3.35e-06	7.11e-05	4.04e-04	7.81e-04	2.36e-03	8.44e-02	3.37e-01	3.71e-01	1.62e-01	3.90e-02	3.18e-03	1.80e-04	2.03e-05	3.66e-06	0.00e+00	0.00e+00
 1.04802e+23	1.99e-17	6.61e-12	9.87e-08	3.93e-06	8.40e-05	4.74e-04	8.98e-04	2.70e-03	9.18e-02	3.48e-01	3.65e-01	1.53e-01	3.52e-02	2.76e-03	1.51e-04	1.66e-05	2.90e-06	0.00e+00	0.00e+00
 1.05367e+23	2.45e-17	7.85e-12	1.13e-07	4.59e-06	9.89e-05	5.55e-04	1.03e-03	3.08e-03	9.95e-02	3.59e-01	3.58e-01	1.44e-01	3.17e-02	2.39e-03	1.26e-04	1.37e-05	2.30e-06	0.00e+00	0.00e+00
 1.05942e+23	3.03e-17	9.36e-12	1.30e-07	5.38e-06	1.17e-04	6.51e-04	1.18e-03	3.52e-03	1.08e-01	3.70e-01	3.51e-01	1.35e-01	2.84e-02	2.05e-03	1.05e-04	1.11e-05	1.80e-06	0.00e+00	0.00e+00
 1.06523e+23	3.74e-17	1.11e-11	1.49e-07	6.28e-06	1.37e-04	7.59e-04	1.34e-03	4.00e-03	1.17e-01	3.80e-01	3.43e-01	1.27e-01	2.54e-02	1.77e-03	8.76e-05	9.09e-06	1.42e-06	0.00e+00	0.00e+00
 1.07115e+23	4.64e-17	1.33e-11	1.71e-07	7.37e-06	1.61e-04	8.89e-04	1.54e-03	4.57e-03	1.26e-01	3.90e-01	3.34e-01	1.18e-01	2.26e-02	1.51e-03	7.23e-05	7.34e-06	1.11e-06	0.00e+00	0.00e+00
 1.07718e+23	5.76e-17	1.59e-11	1.97e-07	8.62e-06	1.89e-04	1.04e-03	1.74e-03	5.19e-03	1.36e-01	3.99e-01	3.25e-01	1.10e-01	2.01e-02	1.29e-03	5.99e-05	5.95e-06	8.68e-07	0.00e+00	0.00e+00
 1.08271e+23	6.91e-17	1.85e-11	2.22e-07	9.85e-06	2.16e-04	1.18e-03	1.94e-03	5.77e-03	1.45e-01	4.06e-01	3.17e-01	1.04e-01	1.82e-02	1.13e-03	5.11e-05	4.98e-06	7.06e-07	0.00e+00	0.00e+00
 1.08848e+23	8.70e-17	2.23e-11	2.58e-07	1.16e-05	2.56e-04	1.38e-03	2.21e-03	6.58e-03	1.56e-01	4.14e-01	3.07e-01	9.60e-02	1.60e-02	9.56e-04	4.16e-05	3.97e-06	5.42e-07	0.00e+00	0.00e+00
 1.09434e+23	1.05e-16	2.62e-11	2.93e-07	1.34e-05	2.93e-04	1.56e-03	2.45e-03	7.29e-03	1.65e-01	4.20e-01	2.98e-01	9.00e-02	1.44e-02	8.35e-04	3.54e-05	3.31e-06	4.39e-07	0.00e+00	0.00e+00
 1.10038e+23	1.35e-16	3.22e-11	3.45e-07	1.59e-05	3.47e-04	1.83e-03	2.79e-03	8.30e-03	1.78e-01	4.27e-01	2.87e-01	8.27e-02	1.26e-02	6.99e-04	2.86e-05	2.61e-06	3.33e-07	0.00e+00	0.00e+00
 1.10642e+23	1.64e-16	3.79e-11	3.93e-07	1.83e-05	3.96e-04	2.07e-03	3.07e-03	9.16e-03	1.87e-01	4.31e-01	2.78e-01	7.73e-02	1.13e-02	6.10e-04	2.43e-05	2.18e-06	2.70e-07	0.00e+00	0.00e+00
 1.11248e+23	2.12e-16	4.68e-11	4.66e-07	2.18e-05	4.69e-04	2.41e-03	3.47e-03	1.04e-02	2.01e-01	4.36e-01	2.66e-01	7.07e-02	9.88e-03	5.10e-04	1.96e-05	1.71e-06	2.05e-07	0.00e+00	0.00e+00
 1.11856e+23	2.59e-16	5.55e-11	5.35e-07	2.51e-05	5.34e-04	2.71e-03	3.81e-03	1.14e-02	2.11e-01	4.39e-01	2.57e-01	6.60e-02	8.88e-03	4.45e-04	1.67e-05	1.43e-06	1.66e-07	0.00e+00	0.00e+00
 1.12468e+23	3.38e-16	6.93e-11	6.40e-07	3.01e-05	6.31e-04	3.15e-03	4.29e-03	1.28e-02	2.24e-01	4.42e-01	2.45e-01	6.01e-02	7.71e-03	3.72e-04	1.34e-05	1.13e-06	1.26e-07	0.00e+00	0.00e+00
 1.13087e+23	4.18e-16	8.30e-11	7.42e-07	3.48e-05	7.20e-04	3.54e-03	4.69e-03	1.41e-02	2.35e-01	4.43e-01	2.36e-01	5.59e-02	6.91e-03	3.23e-04	1.14e-05	9.37e-07	0.00e+00	0.00e+00	0.00e+00
 1.13714e+23	5.51e-16	1.05e-10	8.99e-07	4.20e-05	8.52e-04	4.11e-03	5.26e-03	1.58e-02	2.49e-01	4.44e-01	2.24e-01	5.07e-02	5.97e-03	2.69e-04	9.15e-06	7.35e-07	0.00e+00	0.00e+00	0.00e+00
 1.14350e+23	6.91e-16	1.27e-10	1.05e-06	4.89e-05	9.74e-04	4.61e-03	5.74e-03	1.72e-02	2.60e-01	4.44e-01	2.15e-01	4.70e-02	5.33e-03	2.33e-04	7.72e-06	6.09e-07	0.00e+00	0.00e+00	0.00e+00
 1.14997e+23	9.28e-16	1.63e-10	1.29e-06	5.95e-05	1.16e-03	5.35e-03	6.42e-03	1.93e-02	2.75e-01	4.43e-01	2.03e-01	4.24e-02	4.58e-03	1.93e-04	6.17e-06	4.75e-07	0.00e+00	0.00e+00	0.00e+00
 1.15656e+23	1.18e-15	2.01e-10	1.54e-06	6.98e-05	1.33e-03	6.02e-03	7.01e-03	2.10e-02	2.86e-01	4.41e-01	1.94e-01	3.91e-02	4.06e-03	1.66e-04	5.17e-06	3.90e-07	0.00e+00	0.00e+00	0.00e+00
 1.16331e+23	1.62e-15	2.63e-10	1.92e-06	8.59e-05	1.58e-03	7.00e-03	7.83e-03	2.35e-02	3.01e-01	4.38e-01	1.82e-01	3.51e-02	3.47e-03	1.37e-04	4.10e-06	3.02e-07	0.00e+00	0.00e+00	0.00e+00
 1.17022e+23	2.10e-15	3.29e-10	2.32e-06	1.02e-04	1.83e-03	7.89e-03	8.55e-03	2.56e-02	3.13e-01	4.35e-01	1.73e-01	3.21e-02	3.05e-03	1.17e-04	3.41e-06	2.46e-07	0.00e+00	0.00e+00	0.00e+00
 1.17734e+23	2.95e-15	4.40e-10	2.95e-06	1.27e-04	2.20e-03	9.20e-03	9.55e-03	2.85e-02	3.28e-01	4.29e-01	1.61e-01	2.85e-02	2.58e-03	9.51e-05	2.67e-06	1.88e-07	0.00e+00	0.00e+00	0.00e+00
 1.18458e+23	3.89e-15	5.59e-10	3.61e-06	1.51e-04	2.54e-03	1.04e-02	1.04e-02	3.10e-02	3.40e-01	4.25e-01	1.53e-01	2.60e-02	2.26e-03	8.11e-05	2.21e-06	1.53e-07	0.00e+00	0.00e+00	0.00e+00
 1.19071e+23	5.00e-15	6.94e-10	4.33e-06	1.78e-04	2.91e-03	1.16e-02	1.12e-02	3.34e-02	3.51e-01	4.19e-01	1.45e-01	2.38e-02	2.00e-03	6.97e-05	1.85e-06	1.26e-07	0.00e+00	0.00e+00	0.00e+00
 1.19743e+23	6.94e-15	9.21e-10	5.49e-06	2.19e-04	3.45e-03	1.33e-02	1.24e-02	3.67e-02	3.64e-01	4.12e-01	1.35e-01	2.13e-02	1.70e-03	5.75e-05	1.47e-06	0.00e+00	0.00e+00	0.00e+00	0.00e+00
 1.20390e+23	8.77e-15	1.13e-09	6.52e-06	2.54e-04	3.89e-03	1.47e-02	1.33e-02	3.91e-02	3.73e-01	4.06e-01	1.28e-01	1.96e-02	1.52e-03	5.02e-05	1.26e-06	0.00e+00	0.00e+00	0.00e+00	0.00e+00
 1.21007e+23	1.19e-14	1.47e-09	8.14e-06	3.08e-04	4.54e-03	1.66e-02	1.45e-02	4.24e-02	3.85e-01	3.98e-01	1.20e-01	1.76e-02	1.31e-03	4.19e-05	1.02e-06	0.00e+00	0.00e+00	0.00e+00	0.00e+00
 1.21630e+23	1.51e-14	1.81e-09	9.71e-06	3.58e-04	5.13e-03	1.83e-02	1.55e-02	4.50e-02	3.93e-01	3.91e-01	1.14e-01	1.62e-02	1.17e-03	3.66e-05	8.66e-07	0.00e+00	0.00e+00	0.00e+00	0.00e+00
 1.22262e+23	2.07e-14	2.37e-09	1.22e-05	4.36e-04	6.00e-03	2.07e-02	1.68e-02	4.88e-02	4.04e-01	3.82e-01	1.06e-01	1.45e-02	1.00e-03	3.05e-05	6.98e-07	0.00e+00	0.00e+00	0.00e+00	0.00e+00
 1.22904e+23	2.66e-14	2.95e-09	1.47e-05	5.09e-04	6.79e-03	2.28e-02	1.80e-02	5.17e-02	4.11e-01	3.75e-01	1.00e-01	1.33e-02	8.89e-04	2.64e-05	5.91e-07	0.00e+00	0.00e+00	0.00e+00	0.00e+00
 1.23558e+23	3.68e-14	3.91e-09	1.87e-05	6.23e-04	7.96e-03	2.58e-02	1.95e-02	5.58e-02	4.21e-01	3.64e-01	9.28e-02	1.18e-02	7.57e-04	2.18e-05	4.72e-07	0.00e+00	0.00e+00	0.00e+00	0.00e+00
 1.24222e+23	4.77e-14	4.90e-09	2.26e-05	7.31e-04	9.03e-03	2.84e-02	2.08e-02	5.90e-02	4.28e-01	3.55e-01	8.73e-02	1.08e-02	6.69e-04	1.89e-05	3.98e-07	0.00e+00	0.00e+00	0.00e+00	0.00e+00
 1.24899e+23	6.68e-14	6.57e-09	2.89e-05	9.00e-04	1.06e-02	3.22e-02	2.26e-02	6.35e-02	4.36e-01	3.44e-01	8.03e-02	9.52e-03	5.65e-04	1.55e-05	3.15e-07	0.00e+00	0.00e+00	0.00e+00	0.00e+00
 1.25586e+23	8.72e-14	8.27e-09	3.52e-05	1.06e-03	1.21e-02	3.55e-02	2.41e-02	6.70e-02	4.42e-01	3.34e-01	7.52e-02	8.63e-03	4.96e-04	1.33e-05	2.64e-07	0.00e+00	0.00e+00	0.00e+00	0.00e+00
 1.26287e+23	1.24e-13	1.12e-08	4.55e-05	1.31e-03	1.42e-02	4.02e-02	2.61e-02	7.19e-02	4.48e-01	3.21e-01	6.87e-02	7.56e-03	4.15e-04	1.08e-05	2.07e-07	0.00e+00	0.00e+00	0.00e+00	0.00e+00
 1.27006e+23	1.64e-13	1.43e-08	5.59e-05	1.55e-03	1.62e-02	4.43e-02	2.78e-02	7.58e-02	4.53e-01	3.11e-01	6.39e-02	6.79e-03	3.61e-04	9.17e-06	1.71e-07	0.00e+00	0.00e+00	0.00e+00	0.00e+00
 1.27746e+23	2.35e-13	1.96e-08	7.30e-05	1.93e-03	1.92e-02	5.03e-02	3.02e-02	8.10e-02	4.57e-01	2.96e-01	5.79e-02	5.89e-03	2.99e-04	7.38e-06	1.33e-07	0.00e+00	0.00e+00	0.00e+00	0.00e+00
 1.28505e+23	3.16e-13	2.53e-08	9.06e-05	2.31e-03	2.20e-02	5.55e-02	3.21e-02	8.52e-02	4.59e-01	2.85e-01	5.33e-02	5.24e-03	2.57e-04	6.18e-06	0.00e+00	0.00e+00	0.00e+00	0.00e+00	0.00e+00
 1.29291e+23	4.63e-13	3.52e-08	1.20e-04	2.89e-03	2.61e-02	6.30e-02	3.47e-02	9.07e-02	4.61e-01	2.69e-01	4.78e-02	4.49e-03	2.10e-04	4.90e-06	0.00e+00	0.00e+00	0.00e+00	0.00e+00	0.00e+00
 1.30084e+23	6.21e-13	4.54e-08	1.49e-04	3.44e-03	2.98e-02	6.93e-02	3.68e-02	9.48e-02	4.60e-01	2.57e-01	4.38e-02	3.97e-03	1.79e-04	4.09e-06	0.00e+00	0.00e+00	0.00e+00	0.00e+00	0.00e+00
 1.30886e+23	9.13e-13	6.34e-08	1.97e-04	4.32e-03	3.53e-02	7.82e-02	3.96e-02	1.00e-01	4.58e-01	2.41e-01	3.89e-02	3.36e-03	1.45e-04	3.21e-06	0.00e+00	0.00e+00	0.00e+00	0.00e+00	0.00e+00
 1.31696e+23	1.23e-12	8.18e-08	2.44e-04	5.13e-03	4.02e-02	8.57e-02	4.18e-02	1.04e-01	4.55e-01	2.29e-01	3.54e-02	2.96e-03	1.23e-04	2.66e-06	0.00e+00	0.00e+00	0.00e+00	0.00e+00	0.00e+00
 1.32518e+23	1.80e-12	1.14e-07	3.22e-04	6.41e-03	4.74e-02	9.61e-02	4.46e-02	1.09e-01	4.49e-01	2.13e-01	3.11e-02	2.48e-03	9.82e-05	2.06e-06	0.00e+00	0.00e+00	0.00e+00	0.00e+00	0.00e+00
 1.33320e+23	2.37e-12	1.44e-07	3.92e-04	7.49e-03	5.33e-02	1.04e-01	4.67e-02	1.13e-01	4.44e-01	2.01e-01	2.83e-02	2.18e-03	8.38e-05	1.72e-06	0.00e+00	0.00e+00	0.00e+00	0.00e+00	0.00e+00
 1.34096e+23	3.39e-12	1.96e-07	5.07e-04	9.17e-03	6.17e-02	1.15e-01	4.93e-02	1.17e-01	4.35e-01	1.86e-01	2.48e-02	1.84e-03	6.74e-05	1.35e-06	0.00e+00	0.00e+00	0.00e+00	0.00e+00	0.00e+00
 1.34901e+23	4.51e-12	2.51e-07	6.22e-04	1.08e-02	6.94e-02	1.24e-01	5.13e-02	1.20e-01	4.26e-01	1.74e-01	2.23e-02	1.59e-03	5.65e-05	1.11e-06	0.00e+00	0.00e+00	0.00e+00	0.00e+00	0.00e+00
 1.35589e+23	5.81e-12	3.11e-07	7.44e-04	1.24e-02	7.68e-02	1.33e-01	5.31e-02	1.22e-01	4.17e-01	1.64e-01	2.02e-02	1.40e-03	4.81e-05	9.23e-07	0.00e+00	0.00e+00	0.00e+00	0.00e+00	0.00e+00
 1.36329e+23	8.05e-12	4.11e-07	9.37e-04	1.48e-02	8.72e-02	1.44e-01	5.52e-02	1.25e-01	4.04e-01	1.50e-01	1.77e-02	1.17e-03	3.88e-05	7.27e-07	0.00e+00	0.00e+00	0.00e+00	0.00e+00	0.00e+00
 1.37070e+23	1.03e-11	5.09e-07	1.12e-03	1.70e-02	9.60e-02	1.53e-01	5.68e-02	1.26e-01	3.92e-01	1.40e-01	1.59e-02	1.02e-03	3.28e-05	6.03e-07	0.00e+00	0.00e+00	0.00e+00	0.00e+00	0.00e+00
 1.37813e+23	1.40e-11	6.60e-07	1.38e-03	2.00e-02	1.08e-01	1.64e-01	5.85e-02	1.28e-01	3.77e-01	1.28e-01	1.39e-02	8.60e-04	2.66e-05	4.76e-07	0.00e+00	0.00e+00	0.00e+00	0.00e+00	0.00e+00
 1.38585e+23	1.84e-11	8.32e-07	1.67e-03	2.31e-02	1.19e-01	1.74e-01	5.99e-02	1.29e-01	3.63e-01	1.18e-01	1.22e-02	7.31e-04	2.18e-05	3.83e-07	0.00e+00	0.00e+00	0.00e+00	0.00e+00	0.00e+00
 1.39274e+23	2.35e-11	1.02e-06	1.98e-03	2.63e-02	1.30e-01	1.83e-01	6.10e-02	1.29e-01	3.49e-01	1.09e-01	1.08e-02	6.30e-04	1.82e-05	3.14e-07	0.00e+00	0.00e+00	0.00e+00	0.00e+00	0.00e+00
 1.40048e+23	3.19e-11	1.32e-06	2.44e-03	3.07e-02	1.44e-01	1.94e-01	6.21e-02	1.29e-01	3.31e-01	9.76e-02	9.30e-03	5.19e-04	1.45e-05	2.43e-07	0.00e+00	0.00e+00	0.00e+00	0.00e+00	0.00e+00
 1.40864e+23	4.20e-11	1.67e-06	2.94e-03	3.53e-02	1.58e-01	2.04e-01	6.28e-02	1.28e-01	3.13e-01	8.80e-02	8.03e-03	4.33e-04	1.16e-05	1.91e-07	0.00e+00	0.00e+00	0.00e+00	0.00e+00	0.00e+00
 1.41606e+23	5.40e-11	2.06e-06	3.48e-03	3.99e-02	1.71e-01	2.12e-01	6.33e-02	1.27e-01	2.96e-01	7.96e-02	6.98e-03	3.64e-04	9.47e-06	1.53e-07	0.00e+00	0.00e+00	0.00e+00	0.00e+00	0.00e+00
 1.42445e+23	7.37e-11	2.67e-06	4.29e-03	4.65e-02	1.88e-01	2.22e-01	6.35e-02	1.24e-01	2.75e-01	6.98e-02	5.82e-03	2.91e-04	7.27e-06	0.00e+00	0.00e+00	0.00e+00	0.00e+00	0.00e+00	0.00e+00
 1.43308e+23	9.65e-11	3.34e-06	5.13e-03	5.28e-02	2.03e-01	2.30e-01	6.34e-02	1.22e-01	2.56e-01	6.19e-02	4.93e-03	2.38e-04	5.73e-06	0.00e+00	0.00e+00	0.00e+00	0.00e+00	0.00e+00	0.00e+00
 1.44075e+23	1.23e-10	4.09e-06	6.02e-03	5.92e-02	2.18e-01	2.37e-01	6.30e-02	1.19e-01	2.39e-01	5.50e-02	4.21e-03	1.97e-04	4.58e-06	0.00e+00	0.00e+00	0.00e+00	0.00e+00	0.00e+00	0.00e+00
 1.44942e+23	1.67e-10	5.25e-06	7.33e-03	6.79e-02	2.36e-01	2.44e-01	6.22e-02	1.15e-01	2.18e-01	4.73e-02	3.43e-03	1.54e-04	3.44e-06	0.00e+00	0.00e+00	0.00e+00	0.00e+00	0.00e+00	0.00e+00
 1.45841e+23	2.18e-10	6.53e-06	8.68e-03	7.64e-02	2.52e-01	2.49e-01	6.11e-02	1.10e-01	1.99e-01	4.10e-02	2.85e-03	1.23e-04	2.65e-06	0.00e+00	0.00e+00	0.00e+00	0.00e+00	0.00e+00	0.00e+00
 1.46648e+23	2.78e-10	7.97e-06	1.01e-02	8.48e-02	2.66e-01	2.52e-01	5.99e-02	1.06e-01	1.82e-01	3.58e-02	2.38e-03	9.93e-05	2.07e-06	0.00e+00	0.00e+00	0.00e+00	0.00e+00	0.00e+00	0.00e+00
 1.47562e+23	3.76e-10	1.02e-05	1.22e-02	9.62e-02	2.85e-01	2.55e-01	5.80e-02	1.00e-01	1.62e-01	2.99e-02	1.88e-03	7.52e-05	1.50e-06	0.00e+00	0.00e+00	0.00e+00	0.00e+00	0.00e+00	0.00e+00
 1.48505e+23	4.85e-10	1.25e-05	1.43e-02	1.07e-01	2.99e-01	2.56e-01	5.62e-02	9.48e-02	1.46e-01	2.55e-02	1.53e-03	5.90e-05	1.13e-06	0.00e+00	0.00e+00	0.00e+00	0.00e+00	0.00e+00	0.00e+00
 1.49486e+23	6.62e-10	1.61e-05	1.73e-02	1.20e-01	3.16e-01	2.56e-01	5.36e-02	8.81e-02	1.27e-01	2.07e-02	1.18e-03	4.33e-05	7.96e-07	0.00e+00	0.00e+00	0.00e+00	0.00e+00	0.00e+00	0.00e+00
 1.50479e+23	8.50e-10	1.97e-05	2.01e-02	1.32e-01	3.29e-01	2.54e-01	5.14e-02	8.24e-02	1.13e-01	1.74e-02	9.45e-04	3.34e-05	5.92e-07	0.00e+00	0.00e+00	0.00e+00	0.00e+00	0.00e+00	0.00e+00
 1.51354e+23	1.08e-09	2.38e-05	2.31e-02	1.44e-01	3.40e-01	2.51e-01	4.91e-02	7.70e-02	9.98e-02	1.46e-02	7.60e-04	2.59e-05	4.42e-07	0.00e+00	0.00e+00	0.00e+00	0.00e+00	0.00e+00	0.00e+00
 1.52357e+23	1.46e-09	3.02e-05	2.75e-02	1.60e-01	3.53e-01	2.46e-01	4.60e-02	7.00e-02	8.50e-02	1.16e-02	5.70e-04	1.86e-05	3.02e-07	0.00e+00	0.00e+00	0.00e+00	0.00e+00	0.00e+00	0.00e+00
 1.53372e+23	1.85e-09	3.64e-05	3.16e-02	1.73e-01	3.62e-01	2.40e-01	4.34e-02	6.46e-02	7.43e-02	9.62e-03	4.49e-04	1.41e-05	2.21e-07	0.00e+00	0.00e+00	0.00e+00	0.00e+00	0.00e+00	0.00e+00
 1.54402e+23	2.48e-09	4.57e-05	3.72e-02	1.90e-01	3.71e-01	2.32e-01	4.02e-02	5.81e-02	6.25e-02	7.55e-03	3.33e-04	9.98e-06	1.49e-07	0.00e+00	0.00e+00	0.00e+00	0.00e+00	0.00e+00	0.00e+00
 1.55448e+23	3.14e-09	5.50e-05	4.24e-02	2.05e-01	3.77e-01	2.25e-01	3.76e-02	5.29e-02	5.39e-02	6.15e-03	2.58e-04	7.46e-06	0.00e+00	0.00e+00	0.00e+00	0.00e+00	0.00e+00	0.00e+00	0.00e+00
