#depth	He	He+	He+2
 4.62852e+21	4.81e-06	2.30e-02	9.77e-01
 1.04123e+22	1.01e-05	3.32e-02	9.67e-01
 1.21452e+22	1.46e-05	3.98e-02	9.60e-01
 1.30993e+22	1.86e-05	4.47e-02	9.55e-01
 1.36455e+22	2.06e-05	4.71e-02	9.53e-01
 1.40357e+22	2.38e-05	5.04e-02	9.50e-01
 1.44462e+22	2.68e-05	5.34e-02	9.47e-01
 1.48830e+22	3.11e-05	5.75e-02	9.43e-01
 1.53275e+22	3.53e-05	6.11e-02	9.39e-01
 1.57098e+22	3.96e-05	6.45e-02	9.35e-01
 1.60729e+22	4.41e-05	6.80e-02	9.32e-01
 1.64216e+22	4.91e-05	7.16e-02	9.28e-01
 1.68133e+22	5.61e-05	7.63e-02	9.24e-01
 1.72050e+22	6.24e-05	8.03e-02	9.20e-01
 1.75967e+22	7.12e-05	8.56e-02	9.14e-01
 1.79947e+22	7.94e-05	9.01e-02	9.10e-01
 1.84010e+22	9.10e-05	9.62e-02	9.04e-01
 1.88107e+22	1.02e-04	1.01e-01	8.99e-01
 1.92245e+22	1.17e-04	1.08e-01	8.92e-01
 1.96430e+22	1.30e-04	1.14e-01	8.86e-01
 1.99779e+22	1.43e-04	1.19e-01	8.81e-01
 2.03236e+22	1.59e-04	1.25e-01	8.75e-01
 2.06771e+22	1.75e-04	1.31e-01	8.69e-01
 2.09913e+22	1.92e-04	1.36e-01	8.64e-01
 2.13501e+22	2.14e-04	1.44e-01	8.56e-01
 2.17129e+22	2.36e-04	1.50e-01	8.50e-01
 2.20301e+22	2.58e-04	1.56e-01	8.43e-01
 2.23920e+22	2.89e-04	1.65e-01	8.35e-01
 2.27570e+22	3.16e-04	1.71e-01	8.28e-01
 2.31262e+22	3.54e-04	1.80e-01	8.19e-01
 2.35010e+22	3.89e-04	1.88e-01	8.11e-01
 2.38310e+22	4.26e-04	1.96e-01	8.04e-01
 2.42078e+22	4.76e-04	2.06e-01	7.94e-01
 2.45926e+22	5.23e-04	2.15e-01	7.85e-01
 2.49364e+22	5.73e-04	2.24e-01	7.76e-01
 2.53316e+22	6.43e-04	2.35e-01	7.64e-01
 2.57329e+22	7.08e-04	2.45e-01	7.54e-01
 2.61418e+22	7.93e-04	2.57e-01	7.42e-01
 2.65618e+22	8.78e-04	2.69e-01	7.30e-01
 2.69338e+22	9.65e-04	2.80e-01	7.19e-01
 2.73551e+22	1.09e-03	2.94e-01	7.05e-01
 2.77877e+22	1.20e-03	3.06e-01	6.93e-01
 2.82348e+22	1.35e-03	3.21e-01	6.77e-01
 2.85508e+22	1.40e-03	3.25e-01	6.73e-01
 2.86397e+22	1.41e-03	3.27e-01	6.72e-01
 2.86990e+22	1.44e-03	3.30e-01	6.69e-01
 2.87761e+22	1.47e-03	3.32e-01	6.67e-01
 2.88763e+22	1.51e-03	3.35e-01	6.63e-01
 2.90066e+22	1.56e-03	3.40e-01	6.58e-01
 2.91759e+22	1.63e-03	3.46e-01	6.52e-01
 2.93961e+22	1.74e-03	3.55e-01	6.43e-01
 2.96823e+22	1.87e-03	3.65e-01	6.33e-01
 2.99972e+22	2.02e-03	3.76e-01	6.22e-01
 3.03000e+22	2.16e-03	3.86e-01	6.12e-01
 3.06438e+22	2.37e-03	4.00e-01	5.98e-01
 3.09914e+22	2.54e-03	4.10e-01	5.87e-01
 3.13439e+22	2.77e-03	4.24e-01	5.74e-01
 3.17074e+22	2.99e-03	4.35e-01	5.62e-01
 3.20348e+22	3.22e-03	4.47e-01	5.50e-01
 3.24101e+22	3.52e-03	4.61e-01	5.35e-01
 3.27967e+22	3.82e-03	4.75e-01	5.22e-01
 3.31435e+22	4.11e-03	4.87e-01	5.09e-01
 3.35399e+22	4.52e-03	5.03e-01	4.93e-01
 3.39471e+22	4.89e-03	5.16e-01	4.79e-01
 3.43682e+22	5.39e-03	5.33e-01	4.62e-01
 3.47946e+22	5.83e-03	5.46e-01	4.48e-01
 3.52281e+22	6.42e-03	5.63e-01	4.31e-01
 3.56717e+22	6.97e-03	5.77e-01	4.16e-01
 3.61287e+22	7.70e-03	5.94e-01	3.98e-01
 3.65926e+22	8.38e-03	6.09e-01	3.83e-01
 3.70655e+22	9.29e-03	6.27e-01	3.64e-01
 3.75444e+22	1.01e-02	6.41e-01	3.49e-01
 3.79215e+22	1.08e-02	6.52e-01	3.37e-01
 3.83019e+22	1.17e-02	6.66e-01	3.22e-01
 3.87965e+22	1.30e-02	6.84e-01	3.03e-01
 3.93085e+22	1.41e-02	6.98e-01	2.88e-01
 3.98431e+22	1.58e-02	7.17e-01	2.68e-01
 4.03908e+22	1.73e-02	7.31e-01	2.52e-01
 4.09554e+22	1.95e-02	7.49e-01	2.32e-01
 4.15391e+22	2.15e-02	7.63e-01	2.15e-01
 4.21476e+22	2.44e-02	7.81e-01	1.95e-01
 4.27813e+22	2.71e-02	7.95e-01	1.78e-01
 4.34334e+22	3.11e-02	8.10e-01	1.58e-01
 4.39951e+22	3.35e-02	8.19e-01	1.47e-01
 4.44537e+22	3.69e-02	8.29e-01	1.35e-01
 4.49400e+22	4.04e-02	8.37e-01	1.23e-01
 4.54623e+22	4.53e-02	8.45e-01	1.10e-01
 4.59950e+22	5.00e-02	8.51e-01	9.89e-02
 4.65413e+22	5.66e-02	8.56e-01	8.70e-02
 4.70466e+22	6.21e-02	8.59e-01	7.87e-02
 4.74192e+22	6.71e-02	8.61e-01	7.23e-02
 4.78240e+22	7.42e-02	8.61e-01	6.52e-02
 4.82646e+22	8.22e-02	8.59e-01	5.86e-02
 4.86716e+22	9.07e-02	8.56e-01	5.31e-02
 4.90506e+22	1.00e-01	8.52e-01	4.83e-02
 4.94030e+22	1.10e-01	8.46e-01	4.44e-02
 4.97283e+22	1.21e-01	8.38e-01	4.11e-02
 5.00270e+22	1.32e-01	8.30e-01	3.84e-02
 5.02975e+22	1.44e-01	8.20e-01	3.62e-02
 5.05423e+22	1.56e-01	8.10e-01	3.45e-02
 5.07650e+22	1.68e-01	7.99e-01	3.31e-02
 5.09048e+22	1.75e-01	7.92e-01	3.28e-02
 5.09561e+22	1.78e-01	7.89e-01	3.26e-02
 5.09970e+22	1.81e-01	7.87e-01	3.24e-02
 5.10500e+22	1.85e-01	7.83e-01	3.20e-02
 5.11123e+22	1.90e-01	7.79e-01	3.17e-02
 5.11745e+22	1.94e-01	7.75e-01	3.15e-02
 5.12351e+22	1.99e-01	7.70e-01	3.12e-02
 5.12952e+22	2.03e-01	7.66e-01	3.11e-02
 5.13572e+22	2.08e-01	7.61e-01	3.08e-02
 5.14225e+22	2.14e-01	7.56e-01	3.06e-02
 5.14861e+22	2.19e-01	7.50e-01	3.04e-02
 5.15483e+22	2.25e-01	7.45e-01	3.03e-02
 5.16116e+22	2.31e-01	7.39e-01	3.01e-02
 5.16773e+22	2.37e-01	7.33e-01	3.00e-02
 5.17462e+22	2.44e-01	7.26e-01	2.99e-02
 5.18183e+22	2.51e-01	7.19e-01	2.98e-02
 5.18929e+22	2.59e-01	7.11e-01	2.98e-02
 5.19689e+22	2.68e-01	7.03e-01	2.97e-02
 5.20459e+22	2.76e-01	6.94e-01	2.96e-02
 5.21075e+22	2.82e-01	6.88e-01	2.98e-02
 5.21482e+22	2.87e-01	6.83e-01	2.98e-02
 5.21863e+22	2.91e-01	6.79e-01	2.97e-02
 5.22305e+22	2.97e-01	6.73e-01	2.97e-02
 5.22792e+22	3.03e-01	6.67e-01	2.96e-02
 5.23275e+22	3.09e-01	6.61e-01	2.96e-02
 5.23747e+22	3.16e-01	6.55e-01	2.96e-02
 5.24224e+22	3.22e-01	6.49e-01	2.95e-02
 5.24715e+22	3.29e-01	6.42e-01	2.94e-02
 5.25219e+22	3.36e-01	6.35e-01	2.94e-02
 5.25730e+22	3.43e-01	6.28e-01	2.92e-02
 5.26239e+22	3.50e-01	6.21e-01	2.91e-02
 5.26757e+22	3.58e-01	6.13e-01	2.90e-02
 5.27296e+22	3.66e-01	6.05e-01	2.88e-02
 5.27851e+22	3.75e-01	5.97e-01	2.86e-02
 5.28413e+22	3.83e-01	5.88e-01	2.84e-02
 5.28980e+22	3.92e-01	5.79e-01	2.81e-02
 5.29567e+22	4.02e-01	5.70e-01	2.79e-02
 5.30175e+22	4.12e-01	5.60e-01	2.75e-02
 5.30798e+22	4.22e-01	5.50e-01	2.72e-02
 5.31432e+22	4.33e-01	5.40e-01	2.68e-02
 5.32083e+22	4.44e-01	5.29e-01	2.64e-02
 5.32754e+22	4.56e-01	5.18e-01	2.59e-02
 5.33449e+22	4.68e-01	5.07e-01	2.54e-02
 5.34161e+22	4.80e-01	4.95e-01	2.49e-02
 5.34890e+22	4.93e-01	4.83e-01	2.43e-02
 5.35640e+22	5.06e-01	4.70e-01	2.37e-02
 5.36415e+22	5.19e-01	4.58e-01	2.31e-02
 5.37215e+22	5.33e-01	4.45e-01	2.24e-02
 5.38034e+22	5.47e-01	4.31e-01	2.17e-02
 5.38861e+22	5.60e-01	4.18e-01	2.10e-02
 5.39696e+22	5.75e-01	4.05e-01	2.02e-02
 5.40561e+22	5.89e-01	3.92e-01	1.95e-02
 5.41446e+22	6.03e-01	3.78e-01	1.87e-02
 5.42330e+22	6.17e-01	3.65e-01	1.79e-02
 5.43225e+22	6.30e-01	3.52e-01	1.72e-02
 5.44144e+22	6.44e-01	3.40e-01	1.64e-02
 5.45076e+22	6.57e-01	3.28e-01	1.57e-02
 5.46021e+22	6.70e-01	3.15e-01	1.49e-02
 5.46994e+22	6.83e-01	3.03e-01	1.41e-02
 5.47990e+22	6.96e-01	2.91e-01	1.34e-02
 5.49000e+22	7.08e-01	2.80e-01	1.26e-02
 5.50028e+22	7.20e-01	2.68e-01	1.19e-02
 5.51090e+22	7.32e-01	2.57e-01	1.11e-02
 5.52172e+22	7.43e-01	2.46e-01	1.05e-02
 5.53223e+22	7.54e-01	2.37e-01	9.82e-03
 5.54210e+22	7.63e-01	2.28e-01	9.24e-03
 5.55120e+22	7.71e-01	2.20e-01	8.73e-03
 5.55970e+22	7.79e-01	2.13e-01	8.25e-03
 5.56758e+22	7.86e-01	2.07e-01	7.85e-03
 5.57523e+22	7.92e-01	2.00e-01	7.45e-03
 5.58290e+22	7.98e-01	1.95e-01	7.09e-03
 5.59035e+22	8.04e-01	1.89e-01	6.74e-03
 5.59736e+22	8.09e-01	1.85e-01	6.44e-03
 5.60402e+22	8.14e-01	1.80e-01	6.15e-03
 5.61069e+22	8.19e-01	1.75e-01	5.87e-03
 5.61708e+22	8.23e-01	1.71e-01	5.62e-03
 5.62311e+22	8.27e-01	1.68e-01	5.39e-03
 5.62909e+22	8.31e-01	1.64e-01	5.16e-03
 5.63483e+22	8.35e-01	1.60e-01	4.95e-03
 5.64024e+22	8.38e-01	1.57e-01	4.76e-03
 5.64553e+22	8.42e-01	1.54e-01	4.58e-03
 5.65069e+22	8.45e-01	1.51e-01	4.40e-03
 5.65555e+22	8.48e-01	1.48e-01	4.24e-03
 5.65996e+22	8.50e-01	1.45e-01	4.10e-03
 5.66398e+22	8.53e-01	1.43e-01	3.98e-03
 5.66764e+22	8.55e-01	1.41e-01	3.86e-03
 5.67097e+22	8.57e-01	1.39e-01	3.75e-03
 5.67400e+22	8.59e-01	1.37e-01	3.66e-03
 5.67675e+22	8.61e-01	1.36e-01	3.58e-03
 5.67977e+22	8.63e-01	1.34e-01	3.48e-03
 5.68303e+22	8.64e-01	1.32e-01	3.39e-03
 5.68600e+22	8.66e-01	1.31e-01	3.31e-03
 5.68870e+22	8.68e-01	1.29e-01	3.24e-03
 5.69116e+22	8.69e-01	1.28e-01	3.19e-03
 5.69385e+22	8.71e-01	1.26e-01	3.10e-03
 5.69735e+22	8.73e-01	1.24e-01	3.01e-03
 5.70113e+22	8.74e-01	1.23e-01	2.92e-03
 5.70457e+22	8.76e-01	1.21e-01	2.84e-03
 5.70770e+22	8.78e-01	1.20e-01	2.78e-03
 5.71113e+22	8.79e-01	1.18e-01	2.70e-03
 5.71483e+22	8.81e-01	1.16e-01	2.63e-03
 5.71820e+22	8.82e-01	1.15e-01	2.57e-03
 5.72126e+22	8.84e-01	1.14e-01	2.51e-03
 5.72405e+22	8.85e-01	1.13e-01	2.47e-03
 5.72711e+22	8.87e-01	1.11e-01	2.40e-03
 5.73108e+22	8.88e-01	1.09e-01	2.32e-03
 5.73537e+22	8.90e-01	1.08e-01	2.25e-03
 5.73928e+22	8.92e-01	1.06e-01	2.19e-03
 5.74283e+22	8.93e-01	1.05e-01	2.14e-03
 5.74606e+22	8.94e-01	1.04e-01	2.09e-03
 5.74900e+22	8.95e-01	1.02e-01	2.04e-03
 5.75223e+22	8.97e-01	1.01e-01	1.98e-03
 5.75571e+22	8.98e-01	9.96e-02	1.93e-03
 5.75887e+22	9.00e-01	9.84e-02	1.88e-03
 5.76176e+22	9.01e-01	9.73e-02	1.84e-03
 5.76438e+22	9.02e-01	9.65e-02	1.81e-03
 5.76725e+22	9.03e-01	9.51e-02	1.76e-03
 5.77099e+22	9.05e-01	9.37e-02	1.70e-03
 5.77502e+22	9.06e-01	9.22e-02	1.65e-03
 5.77869e+22	9.07e-01	9.11e-02	1.61e-03
 5.78203e+22	9.08e-01	9.00e-02	1.57e-03
 5.78507e+22	9.10e-01	8.89e-02	1.53e-03
 5.78784e+22	9.11e-01	8.79e-02	1.50e-03
 5.79087e+22	9.12e-01	8.67e-02	1.46e-03
 5.79414e+22	9.13e-01	8.56e-02	1.42e-03
 5.79712e+22	9.14e-01	8.47e-02	1.39e-03
 5.80038e+22	9.15e-01	8.35e-02	1.35e-03
 5.80390e+22	9.16e-01	8.25e-02	1.32e-03
 5.80711e+22	9.17e-01	8.15e-02	1.29e-03
 5.81003e+22	9.18e-01	8.06e-02	1.26e-03
 5.81268e+22	9.19e-01	8.00e-02	1.24e-03
 5.81559e+22	9.20e-01	7.90e-02	1.21e-03
 5.81937e+22	9.21e-01	7.79e-02	1.18e-03
 5.82345e+22	9.22e-01	7.70e-02	1.15e-03
 5.82717e+22	9.23e-01	7.59e-02	1.12e-03
 5.83055e+22	9.24e-01	7.52e-02	1.10e-03
 5.83425e+22	9.25e-01	7.40e-02	1.06e-03
 5.83825e+22	9.26e-01	7.32e-02	1.04e-03
 5.84189e+22	9.27e-01	7.23e-02	1.01e-03
 5.84588e+22	9.28e-01	7.12e-02	9.82e-04
 5.85018e+22	9.29e-01	7.02e-02	9.55e-04
 5.85410e+22	9.30e-01	6.92e-02	9.28e-04
 5.85767e+22	9.31e-01	6.85e-02	9.10e-04
 5.86157e+22	9.32e-01	6.74e-02	8.82e-04
 5.86579e+22	9.33e-01	6.66e-02	8.59e-04
 5.86963e+22	9.34e-01	6.56e-02	8.35e-04
 5.87312e+22	9.34e-01	6.50e-02	8.20e-04
 5.87695e+22	9.35e-01	6.40e-02	7.95e-04
 5.88108e+22	9.36e-01	6.32e-02	7.76e-04
 5.88484e+22	9.37e-01	6.26e-02	7.60e-04
 5.88896e+22	9.38e-01	6.15e-02	7.34e-04
 5.89341e+22	9.39e-01	6.07e-02	7.16e-04
 5.89745e+22	9.39e-01	5.99e-02	6.96e-04
 5.90114e+22	9.40e-01	5.93e-02	6.82e-04
 5.90517e+22	9.41e-01	5.84e-02	6.61e-04
 5.90953e+22	9.42e-01	5.77e-02	6.45e-04
 5.91350e+22	9.42e-01	5.70e-02	6.31e-04
 5.91784e+22	9.43e-01	5.61e-02	6.10e-04
 5.92253e+22	9.44e-01	5.53e-02	5.94e-04
 5.92680e+22	9.45e-01	5.47e-02	5.80e-04
 5.93148e+22	9.46e-01	5.37e-02	5.60e-04
 5.93653e+22	9.46e-01	5.30e-02	5.44e-04
 5.94112e+22	9.47e-01	5.23e-02	5.31e-04
 5.94616e+22	9.48e-01	5.13e-02	5.11e-04
 5.95160e+22	9.49e-01	5.06e-02	4.97e-04
 5.95654e+22	9.50e-01	4.99e-02	4.84e-04
 5.96196e+22	9.51e-01	4.90e-02	4.65e-04
 5.96782e+22	9.51e-01	4.83e-02	4.52e-04
 5.97314e+22	9.52e-01	4.75e-02	4.37e-04
 5.97799e+22	9.53e-01	4.68e-02	4.26e-04
 5.98330e+22	9.54e-01	4.59e-02	4.10e-04
 5.98903e+22	9.54e-01	4.52e-02	3.97e-04
 5.99425e+22	9.55e-01	4.46e-02	3.87e-04
 5.99996e+22	9.56e-01	4.38e-02	3.72e-04
 6.00614e+22	9.57e-01	4.30e-02	3.60e-04
 6.01175e+22	9.57e-01	4.24e-02	3.50e-04
 6.01791e+22	9.58e-01	4.16e-02	3.36e-04
 6.02455e+22	9.59e-01	4.09e-02	3.26e-04
 6.03060e+22	9.59e-01	4.02e-02	3.15e-04
 6.03610e+22	9.60e-01	3.96e-02	3.05e-04
 6.04213e+22	9.61e-01	3.89e-02	2.93e-04
 6.04864e+22	9.62e-01	3.82e-02	2.84e-04
 6.05456e+22	9.62e-01	3.76e-02	2.76e-04
 6.06105e+22	9.63e-01	3.69e-02	2.65e-04
 6.06806e+22	9.64e-01	3.62e-02	2.55e-04
 6.07443e+22	9.64e-01	3.57e-02	2.47e-04
 6.08142e+22	9.65e-01	3.49e-02	2.37e-04
 6.08897e+22	9.65e-01	3.43e-02	2.29e-04
 6.09583e+22	9.66e-01	3.37e-02	2.21e-04
 6.10208e+22	9.67e-01	3.31e-02	2.13e-04
 6.10892e+22	9.67e-01	3.24e-02	2.05e-04
 6.11631e+22	9.68e-01	3.18e-02	1.98e-04
 6.12304e+22	9.69e-01	3.13e-02	1.91e-04
 6.13040e+22	9.69e-01	3.06e-02	1.83e-04
 6.13836e+22	9.70e-01	3.01e-02	1.76e-04
 6.14560e+22	9.70e-01	2.95e-02	1.70e-04
 6.15353e+22	9.71e-01	2.89e-02	1.63e-04
 6.16210e+22	9.72e-01	2.83e-02	1.57e-04
 6.16989e+22	9.72e-01	2.78e-02	1.51e-04
 6.17843e+22	9.73e-01	2.71e-02	1.44e-04
 6.18765e+22	9.73e-01	2.65e-02	1.37e-04
 6.19604e+22	9.74e-01	2.60e-02	1.32e-04
 6.20523e+22	9.74e-01	2.54e-02	1.26e-04
 6.21516e+22	9.75e-01	2.48e-02	1.20e-04
 6.22419e+22	9.76e-01	2.43e-02	1.15e-04
 6.23241e+22	9.76e-01	2.38e-02	1.11e-04
 6.24141e+22	9.77e-01	2.32e-02	1.05e-04
 6.25307e+22	9.77e-01	2.26e-02	9.95e-05
 6.26615e+22	9.78e-01	2.19e-02	9.36e-05
 6.27915e+22	9.79e-01	2.12e-02	8.80e-05
 6.29224e+22	9.79e-01	2.05e-02	8.26e-05
 6.30562e+22	9.80e-01	1.99e-02	7.74e-05
 6.31924e+22	9.81e-01	1.92e-02	7.26e-05
 6.33302e+22	9.81e-01	1.86e-02	6.80e-05
 6.34696e+22	9.82e-01	1.80e-02	6.36e-05
 6.36107e+22	9.83e-01	1.74e-02	5.95e-05
 6.37535e+22	9.83e-01	1.68e-02	5.57e-05
 6.38980e+22	9.84e-01	1.63e-02	5.20e-05
 6.40441e+22	9.84e-01	1.57e-02	4.86e-05
 6.41918e+22	9.85e-01	1.52e-02	4.54e-05
 6.43410e+22	9.85e-01	1.47e-02	4.23e-05
 6.44918e+22	9.86e-01	1.42e-02	3.95e-05
 6.46438e+22	9.86e-01	1.37e-02	3.68e-05
 6.47971e+22	9.87e-01	1.32e-02	3.43e-05
 6.49517e+22	9.87e-01	1.27e-02	3.19e-05
 6.51079e+22	9.88e-01	1.23e-02	2.97e-05
 6.52656e+22	9.88e-01	1.18e-02	2.77e-05
 6.54246e+22	9.89e-01	1.14e-02	2.57e-05
 6.55850e+22	9.89e-01	1.10e-02	2.39e-05
 6.57467e+22	9.89e-01	1.06e-02	2.23e-05
 6.59098e+22	9.90e-01	1.02e-02	2.07e-05
 6.60762e+22	9.90e-01	9.85e-03	1.92e-05
 6.62466e+22	9.90e-01	9.48e-03	1.78e-05
 6.64192e+22	9.91e-01	9.12e-03	1.65e-05
 6.65937e+22	9.91e-01	8.78e-03	1.52e-05
 6.67701e+22	9.92e-01	8.44e-03	1.41e-05
 6.69484e+22	9.92e-01	8.11e-03	1.30e-05
 6.71287e+22	9.92e-01	7.79e-03	1.20e-05
 6.73113e+22	9.93e-01	7.49e-03	1.11e-05
 6.74969e+22	9.93e-01	7.19e-03	1.02e-05
 6.76856e+22	9.93e-01	6.90e-03	9.43e-06
 6.78789e+22	9.93e-01	6.61e-03	8.67e-06
 6.80774e+22	9.94e-01	6.33e-03	7.96e-06
 6.82792e+22	9.94e-01	6.06e-03	7.30e-06
 6.84844e+22	9.94e-01	5.80e-03	6.68e-06
 6.86931e+22	9.94e-01	5.55e-03	6.11e-06
 6.89056e+22	9.95e-01	5.30e-03	5.58e-06
 6.91220e+22	9.95e-01	5.06e-03	5.09e-06
 6.93428e+22	9.95e-01	4.83e-03	4.64e-06
 6.95691e+22	9.95e-01	4.61e-03	4.22e-06
 6.98010e+22	9.96e-01	4.39e-03	3.83e-06
 7.00379e+22	9.96e-01	4.18e-03	3.47e-06
 7.02799e+22	9.96e-01	3.97e-03	3.14e-06
 7.05275e+22	9.96e-01	3.77e-03	2.83e-06
 7.07812e+22	9.96e-01	3.58e-03	2.55e-06
 7.10394e+22	9.97e-01	3.40e-03	2.30e-06
 7.12997e+22	9.97e-01	3.22e-03	2.07e-06
 7.15623e+22	9.97e-01	3.05e-03	1.86e-06
 7.18281e+22	9.97e-01	2.90e-03	1.67e-06
 7.20966e+22	9.97e-01	2.74e-03	1.50e-06
 7.23676e+22	9.97e-01	2.60e-03	1.34e-06
 7.26413e+22	9.98e-01	2.46e-03	1.21e-06
 7.29178e+22	9.98e-01	2.33e-03	1.08e-06
 7.31972e+22	9.98e-01	2.20e-03	9.67e-07
 7.34797e+22	9.98e-01	2.08e-03	8.65e-07
 7.37654e+22	9.98e-01	1.97e-03	7.73e-07
 7.40531e+22	9.98e-01	1.86e-03	6.91e-07
 7.43438e+22	9.98e-01	1.76e-03	6.16e-07
 7.46376e+22	9.98e-01	1.66e-03	5.49e-07
 7.49346e+22	9.98e-01	1.57e-03	4.89e-07
 7.52357e+22	9.99e-01	1.48e-03	4.35e-07
 7.55404e+22	9.99e-01	1.39e-03	3.87e-07
 7.58485e+22	9.99e-01	1.31e-03	3.43e-07
 7.61602e+22	9.99e-01	1.24e-03	3.04e-07
 7.64700e+22	9.99e-01	1.16e-03	2.70e-07
 7.67662e+22	9.99e-01	1.10e-03	2.42e-07
 7.70417e+22	9.99e-01	1.05e-03	2.18e-07
 7.72986e+22	9.99e-01	9.98e-04	1.98e-07
 7.75419e+22	9.99e-01	9.53e-04	1.80e-07
 7.77746e+22	9.99e-01	9.12e-04	1.65e-07
 7.79969e+22	9.99e-01	8.75e-04	1.52e-07
 7.82078e+22	9.99e-01	8.41e-04	1.41e-07
 7.84073e+22	9.99e-01	8.10e-04	1.30e-07
 7.85963e+22	9.99e-01	7.82e-04	1.21e-07
 7.87763e+22	9.99e-01	7.56e-04	1.14e-07
 7.89482e+22	9.99e-01	7.33e-04	1.07e-07
 7.91105e+22	9.99e-01	7.11e-04	1.01e-07
 7.92639e+22	9.99e-01	6.91e-04	9.49e-08
 7.94111e+22	9.99e-01	6.72e-04	8.98e-08
 7.95536e+22	9.99e-01	6.55e-04	8.51e-08
 7.96906e+22	9.99e-01	6.38e-04	8.09e-08
 7.98214e+22	9.99e-01	6.23e-04	7.70e-08
 7.99460e+22	9.99e-01	6.08e-04	7.35e-08
 8.00655e+22	9.99e-01	5.95e-04	7.03e-08
 8.01808e+22	9.99e-01	5.82e-04	6.71e-08
 8.02929e+22	9.99e-01	5.70e-04	6.45e-08
 8.04015e+22	9.99e-01	5.58e-04	6.18e-08
 8.05062e+22	9.99e-01	5.47e-04	5.94e-08
 8.06078e+22	9.99e-01	5.37e-04	5.71e-08
 8.07067e+22	9.99e-01	5.27e-04	5.50e-08
 8.08034e+22	9.99e-01	5.17e-04	5.31e-08
 8.08983e+22	9.99e-01	5.08e-04	5.12e-08
 8.09918e+22	1.00e+00	4.99e-04	4.94e-08
 8.10840e+22	1.00e+00	4.90e-04	4.77e-08
 8.11754e+22	1.00e+00	4.82e-04	4.60e-08
 8.12664e+22	1.00e+00	4.73e-04	4.45e-08
 8.13573e+22	1.00e+00	4.65e-04	4.29e-08
 8.14488e+22	1.00e+00	4.57e-04	4.14e-08
 8.15412e+22	1.00e+00	4.49e-04	4.00e-08
 8.16347e+22	1.00e+00	4.41e-04	3.85e-08
 8.17300e+22	1.00e+00	4.33e-04	3.72e-08
 8.18282e+22	1.00e+00	4.24e-04	3.57e-08
 8.19296e+22	1.00e+00	4.16e-04	3.43e-08
 8.20351e+22	1.00e+00	4.07e-04	3.29e-08
 8.21448e+22	1.00e+00	3.99e-04	3.15e-08
 8.22592e+22	1.00e+00	3.90e-04	3.02e-08
 8.23791e+22	1.00e+00	3.80e-04	2.87e-08
 8.25061e+22	1.00e+00	3.71e-04	2.73e-08
 8.26414e+22	1.00e+00	3.61e-04	2.59e-08
 8.27856e+22	1.00e+00	3.51e-04	2.45e-08
 8.29383e+22	1.00e+00	3.40e-04	2.30e-08
 8.31010e+22	1.00e+00	3.29e-04	2.15e-08
 8.32754e+22	1.00e+00	3.18e-04	2.01e-08
 8.34622e+22	1.00e+00	3.06e-04	1.86e-08
 8.36627e+22	1.00e+00	2.94e-04	1.72e-08
 8.38785e+22	1.00e+00	2.81e-04	1.57e-08
 8.41107e+22	1.00e+00	2.68e-04	1.43e-08
 8.43605e+22	1.00e+00	2.55e-04	1.29e-08
 8.46291e+22	1.00e+00	2.41e-04	1.16e-08
 8.49192e+22	1.00e+00	2.27e-04	1.02e-08
 8.52346e+22	1.00e+00	2.12e-04	8.97e-09
 8.55778e+22	1.00e+00	1.98e-04	7.77e-09
 8.59503e+22	1.00e+00	1.83e-04	6.64e-09
 8.63532e+22	1.00e+00	1.68e-04	5.59e-09
 8.67904e+22	1.00e+00	1.53e-04	4.63e-09
 8.72647e+22	1.00e+00	1.38e-04	3.77e-09
 8.77745e+22	1.00e+00	1.23e-04	3.01e-09
 8.83147e+22	1.00e+00	1.09e-04	2.38e-09
 8.88765e+22	1.00e+00	9.63e-05	1.85e-09
 8.94470e+22	1.00e+00	8.47e-05	1.44e-09
 9.00085e+22	1.00e+00	7.47e-05	1.12e-09
 9.05414e+22	1.00e+00	6.63e-05	8.81e-10
 9.10280e+22	1.00e+00	5.95e-05	7.10e-10
 9.14454e+22	1.00e+00	5.43e-05	5.92e-10
 9.17745e+22	1.00e+00	5.06e-05	5.15e-10
 9.20218e+22	1.00e+00	4.80e-05	4.63e-10
 9.22124e+22	1.00e+00	4.60e-05	4.26e-10
 9.23691e+22	1.00e+00	4.45e-05	3.97e-10
 9.25042e+22	1.00e+00	4.31e-05	3.73e-10
 9.25688e+22	1.00e+00	4.30e-05	3.72e-10
