#depth	H	H+	H2
 4.62852e+21	9.30e-06	1.00e+00	8.82e-29
 1.02766e+22	1.47e-05	1.00e+00	5.81e-28
 1.18059e+22	1.83e-05	1.00e+00	1.48e-27
 1.25706e+22	2.03e-05	1.00e+00	2.35e-27
 1.29195e+22	2.11e-05	1.00e+00	2.78e-27
 1.31358e+22	2.21e-05	1.00e+00	3.47e-27
 1.33692e+22	2.31e-05	1.00e+00	4.22e-27
 1.36250e+22	2.44e-05	1.00e+00	5.40e-27
 1.38898e+22	2.57e-05	1.00e+00	6.73e-27
 1.41235e+22	2.69e-05	1.00e+00	8.22e-27
 1.43847e+22	2.85e-05	1.00e+00	1.07e-26
 1.46558e+22	2.99e-05	1.00e+00	1.32e-26
 1.49397e+22	3.17e-05	1.00e+00	1.73e-26
 1.52305e+22	3.33e-05	1.00e+00	2.18e-26
 1.54893e+22	3.50e-05	1.00e+00	2.72e-26
 1.57848e+22	3.73e-05	1.00e+00	3.60e-26
 1.60863e+22	3.92e-05	1.00e+00	4.54e-26
 1.63956e+22	4.18e-05	1.00e+00	6.08e-26
 1.66981e+22	4.38e-05	1.00e+00	7.55e-26
 1.69920e+22	4.66e-05	1.00e+00	9.99e-26
 1.72937e+22	4.89e-05	1.00e+00	1.25e-25
 1.75478e+22	5.11e-05	1.00e+00	1.52e-25
 1.78203e+22	5.39e-05	1.00e+00	1.96e-25
 1.80968e+22	5.64e-05	1.00e+00	2.41e-25
 1.83407e+22	5.90e-05	1.00e+00	2.94e-25
 1.86198e+22	6.23e-05	1.00e+00	3.79e-25
 1.89098e+22	6.54e-05	1.00e+00	4.74e-25
 1.91692e+22	6.84e-05	1.00e+00	5.84e-25
 1.94616e+22	7.24e-05	1.00e+00	7.58e-25
 1.97668e+22	7.63e-05	1.00e+00	9.61e-25
 2.00419e+22	7.99e-05	1.00e+00	1.20e-24
 2.03527e+22	8.48e-05	1.00e+00	1.58e-24
 2.06735e+22	8.95e-05	1.00e+00	2.01e-24
 2.09591e+22	9.40e-05	1.00e+00	2.53e-24
 2.12825e+22	9.99e-05	1.00e+00	3.36e-24
 2.16181e+22	1.06e-04	1.00e+00	4.35e-24
 2.19195e+22	1.11e-04	1.00e+00	5.51e-24
 2.22611e+22	1.19e-04	1.00e+00	7.45e-24
 2.26156e+22	1.26e-04	1.00e+00	9.77e-24
 2.29332e+22	1.33e-04	1.00e+00	1.25e-23
 2.32923e+22	1.42e-04	1.00e+00	1.73e-23
 2.36584e+22	1.51e-04	1.00e+00	2.26e-23
 2.40339e+22	1.62e-04	1.00e+00	3.15e-23
 2.44131e+22	1.72e-04	1.00e+00	4.14e-23
 2.47974e+22	1.85e-04	1.00e+00	5.86e-23
 2.51851e+22	1.96e-04	1.00e+00	7.72e-23
 2.55773e+22	2.12e-04	1.00e+00	1.07e-22
 2.59736e+22	2.25e-04	1.00e+00	1.42e-22
 2.63752e+22	2.43e-04	1.00e+00	2.05e-22
 2.67822e+22	2.59e-04	1.00e+00	2.73e-22
 2.71959e+22	2.80e-04	1.00e+00	4.00e-22
 2.76012e+22	2.97e-04	1.00e+00	5.27e-22
 2.79957e+22	3.21e-04	1.00e+00	7.62e-22
 2.83769e+22	3.38e-04	1.00e+00	9.87e-22
 2.87409e+22	3.62e-04	1.00e+00	1.37e-21
 2.91095e+22	3.83e-04	1.00e+00	1.81e-21
 2.94332e+22	4.05e-04	1.00e+00	2.38e-21
 2.98031e+22	4.34e-04	1.00e+00	3.38e-21
 3.01809e+22	4.59e-04	1.00e+00	4.55e-21
 3.05689e+22	4.94e-04	1.00e+00	6.65e-21
 3.09600e+22	5.23e-04	9.99e-01	9.12e-21
 3.13548e+22	5.65e-04	9.99e-01	1.38e-20
 3.17502e+22	5.98e-04	9.99e-01	1.90e-20
 3.20679e+22	6.28e-04	9.99e-01	2.55e-20
 3.24024e+22	6.67e-04	9.99e-01	3.62e-20
 3.27418e+22	7.02e-04	9.99e-01	4.96e-20
 3.30404e+22	7.37e-04	9.99e-01	6.64e-20
 3.33814e+22	7.83e-04	9.99e-01	9.86e-20
 3.37266e+22	8.24e-04	9.99e-01	1.40e-19
 3.40291e+22	8.66e-04	9.99e-01	1.92e-19
 3.43743e+22	9.23e-04	9.99e-01	3.08e-19
 3.47223e+22	9.69e-04	9.99e-01	4.21e-19
 3.50739e+22	1.03e-03	9.99e-01	6.63e-19
 3.54311e+22	1.09e-03	9.99e-01	1.01e-18
 3.57459e+22	1.14e-03	9.99e-01	1.47e-18
 3.61054e+22	1.22e-03	9.99e-01	2.60e-18
 3.64727e+22	1.28e-03	9.99e-01	4.24e-18
 3.68501e+22	1.37e-03	9.99e-01	7.96e-18
 3.72349e+22	1.45e-03	9.99e-01	1.60e-17
 3.75707e+22	1.53e-03	9.98e-01	3.95e-17
 3.79487e+22	1.63e-03	9.98e-01	9.90e-17
 3.83405e+22	1.73e-03	9.98e-01	1.86e-16
 3.87504e+22	1.86e-03	9.98e-01	4.12e-16
 3.91615e+22	1.96e-03	9.98e-01	5.92e-16
 3.94115e+22	2.01e-03	9.98e-01	7.36e-16
 3.95741e+22	2.07e-03	9.98e-01	8.68e-16
 3.97855e+22	2.14e-03	9.98e-01	1.05e-15
 4.00603e+22	2.24e-03	9.98e-01	1.33e-15
 4.03571e+22	2.34e-03	9.98e-01	1.70e-15
 4.06346e+22	2.45e-03	9.98e-01	2.12e-15
 4.09475e+22	2.58e-03	9.97e-01	2.70e-15
 4.12655e+22	2.70e-03	9.97e-01	3.30e-15
 4.15901e+22	2.85e-03	9.97e-01	4.20e-15
 4.19179e+22	2.98e-03	9.97e-01	5.09e-15
 4.22498e+22	3.15e-03	9.97e-01	6.41e-15
 4.25866e+22	3.30e-03	9.97e-01	7.72e-15
 4.29297e+22	3.49e-03	9.97e-01	9.72e-15
 4.32780e+22	3.66e-03	9.96e-01	1.17e-14
 4.36333e+22	3.88e-03	9.96e-01	1.48e-14
 4.39950e+22	4.08e-03	9.96e-01	1.80e-14
 4.43649e+22	4.34e-03	9.96e-01	2.31e-14
 4.47428e+22	4.56e-03	9.95e-01	2.83e-14
 4.51308e+22	4.86e-03	9.95e-01	3.65e-14
 4.55258e+22	5.12e-03	9.95e-01	4.47e-14
 4.59298e+22	5.45e-03	9.95e-01	5.73e-14
 4.63431e+22	5.77e-03	9.94e-01	7.08e-14
 4.67684e+22	6.19e-03	9.94e-01	9.28e-14
 4.71932e+22	6.52e-03	9.93e-01	1.14e-13
 4.76173e+22	6.98e-03	9.93e-01	1.49e-13
 4.80376e+22	7.35e-03	9.93e-01	1.83e-13
 4.84531e+22	7.86e-03	9.92e-01	2.37e-13
 4.88947e+22	8.33e-03	9.92e-01	2.99e-13
 4.93705e+22	9.02e-03	9.91e-01	4.06e-13
 4.98523e+22	9.55e-03	9.90e-01	5.12e-13
 5.03421e+22	1.04e-02	9.90e-01	7.02e-13
 5.08458e+22	1.10e-02	9.89e-01	8.98e-13
 5.13677e+22	1.21e-02	9.88e-01	1.26e-12
 5.19057e+22	1.29e-02	9.87e-01	1.65e-12
 5.24647e+22	1.42e-02	9.86e-01	2.39e-12
 5.30469e+22	1.54e-02	9.85e-01	3.24e-12
 5.36553e+22	1.72e-02	9.83e-01	4.88e-12
 5.42741e+22	1.88e-02	9.81e-01	6.80e-12
 5.47548e+22	2.01e-02	9.80e-01	8.73e-12
 5.52242e+22	2.20e-02	9.78e-01	1.22e-11
 5.57081e+22	2.40e-02	9.76e-01	1.64e-11
 5.62107e+22	2.69e-02	9.73e-01	2.42e-11
 5.67246e+22	2.98e-02	9.70e-01	3.39e-11
 5.72532e+22	3.43e-02	9.66e-01	5.32e-11
 5.77383e+22	3.83e-02	9.62e-01	7.42e-11
 5.80960e+22	4.24e-02	9.58e-01	9.96e-11
 5.84900e+22	4.85e-02	9.51e-01	1.48e-10
 5.89116e+22	5.62e-02	9.44e-01	2.21e-10
 5.92995e+22	6.55e-02	9.34e-01	3.32e-10
 5.96671e+22	7.71e-02	9.23e-01	5.04e-10
 6.00104e+22	9.15e-02	9.08e-01	7.67e-10
 6.03261e+22	1.09e-01	8.91e-01	1.16e-09
 6.06141e+22	1.30e-01	8.70e-01	1.75e-09
 6.08757e+22	1.55e-01	8.45e-01	2.59e-09
 6.11140e+22	1.85e-01	8.15e-01	3.78e-09
 6.13317e+22	2.18e-01	7.82e-01	5.40e-09
 6.14678e+22	2.41e-01	7.59e-01	6.60e-09
 6.15174e+22	2.50e-01	7.50e-01	7.12e-09
 6.15568e+22	2.58e-01	7.42e-01	7.62e-09
 6.16078e+22	2.69e-01	7.31e-01	8.33e-09
 6.16678e+22	2.82e-01	7.18e-01	9.26e-09
 6.17279e+22	2.96e-01	7.04e-01	1.02e-08
 6.17864e+22	3.10e-01	6.90e-01	1.13e-08
 6.18444e+22	3.23e-01	6.77e-01	1.23e-08
 6.19042e+22	3.39e-01	6.61e-01	1.36e-08
 6.19664e+22	3.56e-01	6.44e-01	1.50e-08
 6.20261e+22	3.72e-01	6.28e-01	1.65e-08
 6.20858e+22	3.89e-01	6.11e-01	1.81e-08
 6.21486e+22	4.07e-01	5.93e-01	1.98e-08
 6.22136e+22	4.26e-01	5.74e-01	2.17e-08
 6.22809e+22	4.46e-01	5.54e-01	2.39e-08
 6.23493e+22	4.66e-01	5.34e-01	2.61e-08
 6.24204e+22	4.88e-01	5.12e-01	2.88e-08
 6.24940e+22	5.10e-01	4.90e-01	3.16e-08
 6.25679e+22	5.32e-01	4.68e-01	3.43e-08
 6.26270e+22	5.49e-01	4.51e-01	3.62e-08
 6.26665e+22	5.60e-01	4.40e-01	3.77e-08
 6.27037e+22	5.70e-01	4.30e-01	3.91e-08
 6.27467e+22	5.83e-01	4.17e-01	4.09e-08
 6.27940e+22	5.96e-01	4.04e-01	4.28e-08
 6.28401e+22	6.08e-01	3.92e-01	4.44e-08
 6.28855e+22	6.20e-01	3.80e-01	4.62e-08
 6.29324e+22	6.32e-01	3.68e-01	4.79e-08
 6.29796e+22	6.43e-01	3.57e-01	4.97e-08
 6.30274e+22	6.55e-01	3.45e-01	5.17e-08
 6.30752e+22	6.66e-01	3.34e-01	5.32e-08
 6.31245e+22	6.77e-01	3.23e-01	5.51e-08
 6.31760e+22	6.88e-01	3.12e-01	5.70e-08
 6.32273e+22	6.99e-01	3.01e-01	5.87e-08
 6.32792e+22	7.09e-01	2.91e-01	6.05e-08
 6.33330e+22	7.19e-01	2.81e-01	6.23e-08
 6.33887e+22	7.29e-01	2.71e-01	6.41e-08
 6.34452e+22	7.39e-01	2.61e-01	6.59e-08
 6.35026e+22	7.49e-01	2.51e-01	6.77e-08
 6.35621e+22	7.58e-01	2.42e-01	6.95e-08
 6.36235e+22	7.67e-01	2.33e-01	7.14e-08
 6.36862e+22	7.76e-01	2.24e-01	7.32e-08
 6.37502e+22	7.84e-01	2.16e-01	7.51e-08
 6.38162e+22	7.93e-01	2.07e-01	7.70e-08
 6.38846e+22	8.01e-01	1.99e-01	7.89e-08
 6.39548e+22	8.09e-01	1.91e-01	8.08e-08
 6.40266e+22	8.16e-01	1.84e-01	8.28e-08
 6.41005e+22	8.23e-01	1.77e-01	8.48e-08
 6.41768e+22	8.31e-01	1.69e-01	8.69e-08
 6.42553e+22	8.37e-01	1.63e-01	8.90e-08
 6.43345e+22	8.44e-01	1.56e-01	9.09e-08
 6.44144e+22	8.50e-01	1.50e-01	9.32e-08
 6.44970e+22	8.56e-01	1.44e-01	9.56e-08
 6.45816e+22	8.62e-01	1.38e-01	9.79e-08
 6.46661e+22	8.67e-01	1.33e-01	1.00e-07
 6.47515e+22	8.72e-01	1.28e-01	1.03e-07
 6.48391e+22	8.77e-01	1.23e-01	1.05e-07
 6.49279e+22	8.82e-01	1.18e-01	1.08e-07
 6.50179e+22	8.86e-01	1.14e-01	1.11e-07
 6.51104e+22	8.90e-01	1.10e-01	1.14e-07
 6.52051e+22	8.94e-01	1.06e-01	1.17e-07
 6.53012e+22	8.98e-01	1.02e-01	1.21e-07
 6.53987e+22	9.02e-01	9.79e-02	1.25e-07
 6.54993e+22	9.06e-01	9.43e-02	1.30e-07
 6.56020e+22	9.09e-01	9.07e-02	1.35e-07
 6.57023e+22	9.12e-01	8.76e-02	1.39e-07
 6.57963e+22	9.15e-01	8.48e-02	1.43e-07
 6.58829e+22	9.18e-01	8.24e-02	1.47e-07
 6.59637e+22	9.20e-01	8.02e-02	1.52e-07
 6.60385e+22	9.22e-01	7.83e-02	1.56e-07
 6.61110e+22	9.24e-01	7.64e-02	1.60e-07
 6.61838e+22	9.25e-01	7.47e-02	1.65e-07
 6.62554e+22	9.27e-01	7.27e-02	1.70e-07
 6.63223e+22	9.29e-01	7.12e-02	1.75e-07
 6.63845e+22	9.30e-01	6.97e-02	1.80e-07
 6.64472e+22	9.32e-01	6.82e-02	1.85e-07
 6.65077e+22	9.33e-01	6.68e-02	1.90e-07
 6.65647e+22	9.34e-01	6.55e-02	1.96e-07
 6.66214e+22	9.36e-01	6.42e-02	2.02e-07
 6.66758e+22	9.37e-01	6.30e-02	2.08e-07
 6.67269e+22	9.38e-01	6.19e-02	2.14e-07
 6.67769e+22	9.39e-01	6.08e-02	2.20e-07
 6.68257e+22	9.40e-01	5.97e-02	2.27e-07
 6.68716e+22	9.41e-01	5.86e-02	2.33e-07
 6.69134e+22	9.42e-01	5.78e-02	2.39e-07
 6.69514e+22	9.43e-01	5.70e-02	2.44e-07
 6.69860e+22	9.44e-01	5.62e-02	2.50e-07
 6.70175e+22	9.44e-01	5.56e-02	2.54e-07
 6.70461e+22	9.45e-01	5.50e-02	2.58e-07
 6.70722e+22	9.46e-01	5.45e-02	2.62e-07
 6.71007e+22	9.46e-01	5.38e-02	2.67e-07
 6.71316e+22	9.47e-01	5.31e-02	2.71e-07
 6.71596e+22	9.47e-01	5.25e-02	2.75e-07
 6.71852e+22	9.48e-01	5.20e-02	2.79e-07
 6.72084e+22	9.48e-01	5.17e-02	2.82e-07
 6.72338e+22	9.49e-01	5.11e-02	2.85e-07
 6.72669e+22	9.50e-01	5.03e-02	2.89e-07
 6.73027e+22	9.51e-01	4.95e-02	2.93e-07
 6.73352e+22	9.51e-01	4.88e-02	2.96e-07
 6.73648e+22	9.52e-01	4.83e-02	2.98e-07
 6.73972e+22	9.52e-01	4.77e-02	3.01e-07
 6.74322e+22	9.53e-01	4.70e-02	3.03e-07
 6.74641e+22	9.54e-01	4.65e-02	3.05e-07
 6.74931e+22	9.54e-01	4.60e-02	3.06e-07
 6.75194e+22	9.54e-01	4.57e-02	3.08e-07
 6.75483e+22	9.55e-01	4.51e-02	3.08e-07
 6.75859e+22	9.56e-01	4.44e-02	3.08e-07
 6.76265e+22	9.56e-01	4.36e-02	3.10e-07
 6.76634e+22	9.57e-01	4.31e-02	3.10e-07
 6.76970e+22	9.57e-01	4.26e-02	3.11e-07
 6.77276e+22	9.58e-01	4.22e-02	3.10e-07
 6.77554e+22	9.58e-01	4.18e-02	3.10e-07
 6.77859e+22	9.59e-01	4.12e-02	3.09e-07
 6.78188e+22	9.59e-01	4.07e-02	3.08e-07
 6.78487e+22	9.60e-01	4.02e-02	3.07e-07
 6.78760e+22	9.60e-01	3.98e-02	3.07e-07
 6.79008e+22	9.60e-01	3.96e-02	3.06e-07
 6.79280e+22	9.61e-01	3.91e-02	3.04e-07
 6.79633e+22	9.61e-01	3.85e-02	3.03e-07
 6.80014e+22	9.62e-01	3.78e-02	3.02e-07
 6.80361e+22	9.63e-01	3.73e-02	3.01e-07
 6.80677e+22	9.63e-01	3.70e-02	2.99e-07
 6.80965e+22	9.63e-01	3.66e-02	2.98e-07
 6.81226e+22	9.64e-01	3.63e-02	2.96e-07
 6.81513e+22	9.64e-01	3.58e-02	2.94e-07
 6.81822e+22	9.65e-01	3.54e-02	2.93e-07
 6.82104e+22	9.65e-01	3.50e-02	2.91e-07
 6.82412e+22	9.65e-01	3.46e-02	2.90e-07
 6.82745e+22	9.66e-01	3.42e-02	2.88e-07
 6.83049e+22	9.66e-01	3.38e-02	2.87e-07
 6.83324e+22	9.67e-01	3.35e-02	2.85e-07
 6.83575e+22	9.67e-01	3.33e-02	2.85e-07
 6.83850e+22	9.67e-01	3.30e-02	2.83e-07
 6.84208e+22	9.67e-01	3.25e-02	2.82e-07
 6.84594e+22	9.68e-01	3.21e-02	2.81e-07
 6.84945e+22	9.68e-01	3.16e-02	2.80e-07
 6.85265e+22	9.69e-01	3.14e-02	2.79e-07
 6.85615e+22	9.69e-01	3.10e-02	2.77e-07
 6.85993e+22	9.69e-01	3.06e-02	2.77e-07
 6.86338e+22	9.70e-01	3.03e-02	2.76e-07
 6.86715e+22	9.70e-01	2.99e-02	2.74e-07
 6.87122e+22	9.71e-01	2.95e-02	2.73e-07
 6.87492e+22	9.71e-01	2.91e-02	2.72e-07
 6.87829e+22	9.71e-01	2.89e-02	2.71e-07
 6.88199e+22	9.72e-01	2.85e-02	2.69e-07
 6.88598e+22	9.72e-01	2.81e-02	2.69e-07
 6.88961e+22	9.72e-01	2.78e-02	2.67e-07
 6.89291e+22	9.72e-01	2.76e-02	2.67e-07
 6.89653e+22	9.73e-01	2.73e-02	2.65e-07
 6.90043e+22	9.73e-01	2.69e-02	2.65e-07
 6.90399e+22	9.73e-01	2.67e-02	2.64e-07
 6.90789e+22	9.74e-01	2.63e-02	2.62e-07
 6.91209e+22	9.74e-01	2.59e-02	2.62e-07
 6.91592e+22	9.74e-01	2.56e-02	2.61e-07
 6.91940e+22	9.75e-01	2.54e-02	2.60e-07
 6.92322e+22	9.75e-01	2.51e-02	2.59e-07
 6.92734e+22	9.75e-01	2.48e-02	2.58e-07
 6.93109e+22	9.75e-01	2.46e-02	2.58e-07
 6.93520e+22	9.76e-01	2.42e-02	2.57e-07
 6.93963e+22	9.76e-01	2.39e-02	2.57e-07
 6.94367e+22	9.76e-01	2.37e-02	2.57e-07
 6.94809e+22	9.77e-01	2.33e-02	2.56e-07
 6.95287e+22	9.77e-01	2.30e-02	2.56e-07
 6.95721e+22	9.77e-01	2.27e-02	2.56e-07
 6.96197e+22	9.78e-01	2.24e-02	2.55e-07
 6.96712e+22	9.78e-01	2.20e-02	2.55e-07
 6.97179e+22	9.78e-01	2.18e-02	2.55e-07
 6.97692e+22	9.79e-01	2.15e-02	2.54e-07
 6.98245e+22	9.79e-01	2.11e-02	2.54e-07
 6.98749e+22	9.79e-01	2.08e-02	2.53e-07
 6.99207e+22	9.79e-01	2.06e-02	2.53e-07
 6.99709e+22	9.80e-01	2.03e-02	2.52e-07
 7.00252e+22	9.80e-01	2.00e-02	2.52e-07
 7.00745e+22	9.80e-01	1.98e-02	2.52e-07
 7.01285e+22	9.81e-01	1.95e-02	2.51e-07
 7.01869e+22	9.81e-01	1.91e-02	2.51e-07
 7.02400e+22	9.81e-01	1.89e-02	2.51e-07
 7.02982e+22	9.81e-01	1.86e-02	2.50e-07
 7.03610e+22	9.82e-01	1.83e-02	2.51e-07
 7.04182e+22	9.82e-01	1.81e-02	2.50e-07
 7.04702e+22	9.82e-01	1.79e-02	2.50e-07
 7.05273e+22	9.82e-01	1.76e-02	2.49e-07
 7.05888e+22	9.83e-01	1.73e-02	2.49e-07
 7.06448e+22	9.83e-01	1.71e-02	2.49e-07
 7.07062e+22	9.83e-01	1.68e-02	2.48e-07
 7.07725e+22	9.83e-01	1.65e-02	2.48e-07
 7.08328e+22	9.84e-01	1.63e-02	2.48e-07
 7.08988e+22	9.84e-01	1.61e-02	2.47e-07
 7.09702e+22	9.84e-01	1.58e-02	2.48e-07
 7.10351e+22	9.84e-01	1.55e-02	2.47e-07
 7.10941e+22	9.85e-01	1.53e-02	2.47e-07
 7.11589e+22	9.85e-01	1.51e-02	2.46e-07
 7.12288e+22	9.85e-01	1.48e-02	2.47e-07
 7.12923e+22	9.85e-01	1.46e-02	2.46e-07
 7.13620e+22	9.86e-01	1.44e-02	2.46e-07
 7.14373e+22	9.86e-01	1.41e-02	2.46e-07
 7.15057e+22	9.86e-01	1.39e-02	2.46e-07
 7.15807e+22	9.86e-01	1.37e-02	2.46e-07
 7.16617e+22	9.87e-01	1.34e-02	2.46e-07
 7.17354e+22	9.87e-01	1.32e-02	2.46e-07
 7.18162e+22	9.87e-01	1.30e-02	2.46e-07
 7.19033e+22	9.87e-01	1.27e-02	2.46e-07
 7.19827e+22	9.87e-01	1.25e-02	2.46e-07
 7.20696e+22	9.88e-01	1.23e-02	2.46e-07
 7.21635e+22	9.88e-01	1.20e-02	2.46e-07
 7.22489e+22	9.88e-01	1.18e-02	2.46e-07
 7.23266e+22	9.88e-01	1.16e-02	2.46e-07
 7.24118e+22	9.89e-01	1.14e-02	2.46e-07
 7.25220e+22	9.89e-01	1.11e-02	2.46e-07
 7.26457e+22	9.89e-01	1.08e-02	2.47e-07
 7.27684e+22	9.89e-01	1.05e-02	2.47e-07
 7.28919e+22	9.90e-01	1.03e-02	2.47e-07
 7.30183e+22	9.90e-01	1.00e-02	2.47e-07
 7.31469e+22	9.90e-01	9.73e-03	2.47e-07
 7.32769e+22	9.91e-01	9.48e-03	2.47e-07
 7.34085e+22	9.91e-01	9.22e-03	2.47e-07
 7.35417e+22	9.91e-01	8.97e-03	2.47e-07
 7.36766e+22	9.91e-01	8.73e-03	2.47e-07
 7.38131e+22	9.92e-01	8.49e-03	2.47e-07
 7.39511e+22	9.92e-01	8.26e-03	2.47e-07
 7.40905e+22	9.92e-01	8.03e-03	2.48e-07
 7.42315e+22	9.92e-01	7.80e-03	2.48e-07
 7.43739e+22	9.92e-01	7.58e-03	2.48e-07
 7.45176e+22	9.93e-01	7.37e-03	2.48e-07
 7.46625e+22	9.93e-01	7.16e-03	2.48e-07
 7.48086e+22	9.93e-01	6.95e-03	2.49e-07
 7.49562e+22	9.93e-01	6.75e-03	2.49e-07
 7.51054e+22	9.93e-01	6.55e-03	2.49e-07
 7.52557e+22	9.94e-01	6.36e-03	2.50e-07
 7.54074e+22	9.94e-01	6.17e-03	2.50e-07
 7.55604e+22	9.94e-01	5.99e-03	2.50e-07
 7.57146e+22	9.94e-01	5.81e-03	2.51e-07
 7.58722e+22	9.94e-01	5.63e-03	2.51e-07
 7.60334e+22	9.95e-01	5.46e-03	2.52e-07
 7.61967e+22	9.95e-01	5.29e-03	2.53e-07
 7.63620e+22	9.95e-01	5.12e-03	2.53e-07
 7.65290e+22	9.95e-01	4.96e-03	2.54e-07
 7.66978e+22	9.95e-01	4.80e-03	2.55e-07
 7.68686e+22	9.95e-01	4.65e-03	2.56e-07
 7.70415e+22	9.96e-01	4.50e-03	2.57e-07
 7.72173e+22	9.96e-01	4.35e-03	2.58e-07
 7.73960e+22	9.96e-01	4.21e-03	2.59e-07
 7.75792e+22	9.96e-01	4.06e-03	2.60e-07
 7.77672e+22	9.96e-01	3.92e-03	2.62e-07
 7.79584e+22	9.96e-01	3.79e-03	2.63e-07
 7.81529e+22	9.96e-01	3.65e-03	2.65e-07
 7.83506e+22	9.96e-01	3.52e-03	2.67e-07
 7.85520e+22	9.97e-01	3.39e-03	2.69e-07
 7.87571e+22	9.97e-01	3.27e-03	2.71e-07
 7.89663e+22	9.97e-01	3.15e-03	2.74e-07
 7.91808e+22	9.97e-01	3.03e-03	2.76e-07
 7.94006e+22	9.97e-01	2.91e-03	2.79e-07
 7.96248e+22	9.97e-01	2.79e-03	2.83e-07
 7.98541e+22	9.97e-01	2.68e-03	2.86e-07
 8.00890e+22	9.97e-01	2.57e-03	2.90e-07
 8.03293e+22	9.98e-01	2.47e-03	2.94e-07
 8.05732e+22	9.98e-01	2.36e-03	2.99e-07
 8.08196e+22	9.98e-01	2.26e-03	3.05e-07
 8.10689e+22	9.98e-01	2.17e-03	3.10e-07
 8.13206e+22	9.98e-01	2.08e-03	3.17e-07
 8.15746e+22	9.98e-01	1.99e-03	3.24e-07
 8.18312e+22	9.98e-01	1.90e-03	3.31e-07
 8.20903e+22	9.98e-01	1.82e-03	3.40e-07
 8.23520e+22	9.98e-01	1.74e-03	3.49e-07
 8.26164e+22	9.98e-01	1.66e-03	3.60e-07
 8.28839e+22	9.98e-01	1.59e-03	3.71e-07
 8.31543e+22	9.98e-01	1.52e-03	3.84e-07
 8.34266e+22	9.99e-01	1.45e-03	3.99e-07
 8.37016e+22	9.99e-01	1.38e-03	4.15e-07
 8.39797e+22	9.99e-01	1.32e-03	4.33e-07
 8.42607e+22	9.99e-01	1.26e-03	4.54e-07
 8.45457e+22	9.99e-01	1.20e-03	4.78e-07
 8.48340e+22	9.99e-01	1.14e-03	5.05e-07
 8.51256e+22	9.99e-01	1.09e-03	5.37e-07
 8.54206e+22	9.99e-01	1.04e-03	5.74e-07
 8.57139e+22	9.99e-01	9.88e-04	6.17e-07
 8.59947e+22	9.99e-01	9.44e-04	6.66e-07
 8.62561e+22	9.99e-01	9.05e-04	7.20e-07
 8.64997e+22	9.99e-01	8.70e-04	7.78e-07
 8.67302e+22	9.99e-01	8.38e-04	8.42e-07
 8.69508e+22	9.99e-01	8.08e-04	9.13e-07
 8.71615e+22	9.99e-01	7.80e-04	9.92e-07
 8.73614e+22	9.99e-01	7.55e-04	1.08e-06
 8.75506e+22	9.99e-01	7.32e-04	1.18e-06
 8.77297e+22	9.99e-01	7.10e-04	1.28e-06
 8.79004e+22	9.99e-01	6.91e-04	1.40e-06
 8.80633e+22	9.99e-01	6.70e-04	1.53e-06
 8.82173e+22	9.99e-01	6.53e-04	1.68e-06
 8.83627e+22	9.99e-01	6.38e-04	1.84e-06
 8.85023e+22	9.99e-01	6.23e-04	2.01e-06
 8.86374e+22	9.99e-01	6.09e-04	2.20e-06
 8.87674e+22	9.99e-01	5.96e-04	2.42e-06
 8.88915e+22	9.99e-01	5.84e-04	2.65e-06
 8.90098e+22	9.99e-01	5.73e-04	2.92e-06
 8.91232e+22	9.99e-01	5.62e-04	3.20e-06
 8.92326e+22	9.99e-01	5.51e-04	3.52e-06
 8.93387e+22	9.99e-01	5.41e-04	3.86e-06
 8.94418e+22	9.99e-01	5.32e-04	4.25e-06
 8.95419e+22	9.99e-01	5.23e-04	4.67e-06
 8.96387e+22	9.99e-01	5.14e-04	5.14e-06
 8.97324e+22	9.99e-01	5.06e-04	5.65e-06
 8.98239e+22	9.99e-01	4.98e-04	6.21e-06
 8.99140e+22	9.99e-01	4.91e-04	6.82e-06
 9.00031e+22	1.00e+00	4.83e-04	7.50e-06
 9.00912e+22	1.00e+00	4.76e-04	8.24e-06
 9.01783e+22	1.00e+00	4.69e-04	9.05e-06
 9.02648e+22	1.00e+00	4.62e-04	9.93e-06
 9.03514e+22	1.00e+00	4.55e-04	1.09e-05
 9.04383e+22	1.00e+00	4.48e-04	1.19e-05
 9.05263e+22	1.00e+00	4.41e-04	1.31e-05
 9.06163e+22	1.00e+00	4.34e-04	1.43e-05
 9.07082e+22	1.00e+00	4.27e-04	1.56e-05
 9.08022e+22	1.00e+00	4.20e-04	1.71e-05
 9.08988e+22	1.00e+00	4.12e-04	1.87e-05
 9.09990e+22	1.00e+00	4.05e-04	2.03e-05
 9.11039e+22	1.00e+00	3.97e-04	2.21e-05
 9.12141e+22	1.00e+00	3.89e-04	2.41e-05
 9.13299e+22	1.00e+00	3.81e-04	2.62e-05
 9.14517e+22	1.00e+00	3.72e-04	2.84e-05
 9.15810e+22	1.00e+00	3.63e-04	3.07e-05
 9.17196e+22	1.00e+00	3.54e-04	3.32e-05
 9.18676e+22	1.00e+00	3.44e-04	3.59e-05
 9.20245e+22	1.00e+00	3.35e-04	3.87e-05
 9.21921e+22	1.00e+00	3.24e-04	4.17e-05
 9.23725e+22	1.00e+00	3.13e-04	4.48e-05
 9.25183e+22	1.00e+00	3.07e-04	4.80e-05
