#depth	O	O+	O+2	O+3	O+4	O+5	O+6	O+7	O+8	O[1]	O[2]	O[3]
 1.54284e+22	0.00e+00	1.43e-26	4.24e-21	1.04e-16	6.97e-13	2.08e-09	1.68e-05	8.33e-03	9.92e-01	0.00e+00	0.00e+00	0.00e+00
 3.58240e+22	2.21e-32	1.39e-25	2.99e-20	5.38e-16	2.65e-12	5.77e-09	3.31e-05	1.17e-02	9.88e-01	0.00e+00	0.00e+00	0.00e+00
 4.43439e+22	1.44e-31	7.13e-25	1.21e-19	1.74e-15	6.81e-12	1.18e-08	5.38e-05	1.49e-02	9.85e-01	0.00e+00	0.00e+00	0.00e+00
 5.07385e+22	6.87e-31	2.77e-24	3.85e-19	4.56e-15	1.47e-11	2.10e-08	8.03e-05	1.82e-02	9.82e-01	0.00e+00	0.00e+00	0.00e+00
 5.42911e+22	1.04e-30	3.97e-24	5.23e-19	5.88e-15	1.80e-11	2.43e-08	8.91e-05	1.92e-02	9.81e-01	0.00e+00	0.00e+00	0.00e+00
 5.54136e+22	1.34e-30	4.93e-24	6.29e-19	6.86e-15	2.04e-11	2.66e-08	9.49e-05	1.98e-02	9.80e-01	0.00e+00	0.00e+00	0.00e+00
 5.63610e+22	1.83e-30	6.48e-24	7.92e-19	8.30e-15	2.37e-11	2.97e-08	1.03e-04	2.06e-02	9.79e-01	0.00e+00	0.00e+00	0.00e+00
 5.73404e+22	2.36e-30	8.07e-24	9.55e-19	9.70e-15	2.68e-11	3.26e-08	1.10e-04	2.13e-02	9.79e-01	0.00e+00	0.00e+00	0.00e+00
 5.83614e+22	3.24e-30	1.06e-23	1.20e-18	1.17e-14	3.12e-11	3.64e-08	1.19e-04	2.21e-02	9.78e-01	0.00e+00	0.00e+00	0.00e+00
 5.93894e+22	4.30e-30	1.35e-23	1.48e-18	1.39e-14	3.57e-11	4.01e-08	1.27e-04	2.30e-02	9.77e-01	0.00e+00	0.00e+00	0.00e+00
 6.02466e+22	5.54e-30	1.69e-23	1.78e-18	1.63e-14	4.03e-11	4.38e-08	1.35e-04	2.37e-02	9.76e-01	0.00e+00	0.00e+00	0.00e+00
 6.11808e+22	7.57e-30	2.21e-23	2.24e-18	1.96e-14	4.67e-11	4.87e-08	1.46e-04	2.46e-02	9.75e-01	0.00e+00	0.00e+00	0.00e+00
 6.21483e+22	9.93e-30	2.79e-23	2.73e-18	2.31e-14	5.31e-11	5.35e-08	1.56e-04	2.55e-02	9.74e-01	0.00e+00	0.00e+00	0.00e+00
 6.30193e+22	1.30e-29	3.52e-23	3.33e-18	2.72e-14	6.04e-11	5.86e-08	1.67e-04	2.64e-02	9.73e-01	0.00e+00	0.00e+00	0.00e+00
 6.40117e+22	1.83e-29	4.73e-23	4.27e-18	3.34e-14	7.09e-11	6.58e-08	1.81e-04	2.75e-02	9.72e-01	0.00e+00	0.00e+00	0.00e+00
 6.49865e+22	2.42e-29	6.02e-23	5.23e-18	3.95e-14	8.08e-11	7.23e-08	1.94e-04	2.85e-02	9.71e-01	0.00e+00	0.00e+00	0.00e+00
 6.57844e+22	3.09e-29	7.43e-23	6.25e-18	4.58e-14	9.07e-11	7.86e-08	2.06e-04	2.94e-02	9.70e-01	0.00e+00	0.00e+00	0.00e+00
 6.66675e+22	4.25e-29	9.77e-23	7.88e-18	5.54e-14	1.05e-10	8.73e-08	2.22e-04	3.05e-02	9.69e-01	0.00e+00	0.00e+00	0.00e+00
 6.75802e+22	5.62e-29	1.24e-22	9.66e-18	6.55e-14	1.20e-10	9.58e-08	2.38e-04	3.16e-02	9.68e-01	0.00e+00	0.00e+00	0.00e+00
 6.83959e+22	7.33e-29	1.56e-22	1.17e-17	7.69e-14	1.36e-10	1.05e-07	2.53e-04	3.26e-02	9.67e-01	0.00e+00	0.00e+00	0.00e+00
 6.93210e+22	1.04e-28	2.12e-22	1.51e-17	9.49e-14	1.60e-10	1.18e-07	2.75e-04	3.41e-02	9.66e-01	0.00e+00	0.00e+00	0.00e+00
 7.02242e+22	1.35e-28	2.65e-22	1.83e-17	1.11e-13	1.81e-10	1.28e-07	2.93e-04	3.51e-02	9.65e-01	0.00e+00	0.00e+00	0.00e+00
 7.10989e+22	1.89e-28	3.53e-22	2.33e-17	1.36e-13	2.11e-10	1.43e-07	3.17e-04	3.66e-02	9.63e-01	0.00e+00	0.00e+00	0.00e+00
 7.19957e+22	2.48e-28	4.48e-22	2.85e-17	1.60e-13	2.41e-10	1.57e-07	3.39e-04	3.78e-02	9.62e-01	0.00e+00	0.00e+00	0.00e+00
 7.27875e+22	3.28e-28	5.68e-22	3.49e-17	1.89e-13	2.74e-10	1.72e-07	3.62e-04	3.91e-02	9.61e-01	0.00e+00	0.00e+00	0.00e+00
 7.36833e+22	4.64e-28	7.67e-22	4.49e-17	2.33e-13	3.22e-10	1.93e-07	3.92e-04	4.07e-02	9.59e-01	0.00e+00	0.00e+00	0.00e+00
 7.45862e+22	6.16e-28	9.80e-22	5.53e-17	2.76e-13	3.68e-10	2.13e-07	4.20e-04	4.21e-02	9.57e-01	0.00e+00	0.00e+00	0.00e+00
 7.53778e+22	8.16e-28	1.25e-21	6.79e-17	3.27e-13	4.20e-10	2.33e-07	4.48e-04	4.35e-02	9.56e-01	0.00e+00	0.00e+00	0.00e+00
 7.62863e+22	1.16e-27	1.69e-21	8.78e-17	4.04e-13	4.95e-10	2.63e-07	4.87e-04	4.54e-02	9.54e-01	0.00e+00	0.00e+00	0.00e+00
 7.71993e+22	1.57e-27	2.20e-21	1.10e-16	4.85e-13	5.70e-10	2.90e-07	5.22e-04	4.70e-02	9.53e-01	0.00e+00	0.00e+00	0.00e+00
 7.79794e+22	2.09e-27	2.81e-21	1.35e-16	5.76e-13	6.52e-10	3.19e-07	5.58e-04	4.85e-02	9.51e-01	0.00e+00	0.00e+00	0.00e+00
 7.88550e+22	2.96e-27	3.80e-21	1.74e-16	7.12e-13	7.68e-10	3.58e-07	6.05e-04	5.05e-02	9.49e-01	0.00e+00	0.00e+00	0.00e+00
 7.97693e+22	4.10e-27	5.04e-21	2.21e-16	8.67e-13	8.95e-10	3.99e-07	6.52e-04	5.24e-02	9.47e-01	0.00e+00	0.00e+00	0.00e+00
 8.05590e+22	5.43e-27	6.41e-21	2.71e-16	1.03e-12	1.02e-09	4.38e-07	6.95e-04	5.41e-02	9.45e-01	0.00e+00	0.00e+00	0.00e+00
 8.14105e+22	7.77e-27	8.74e-21	3.53e-16	1.27e-12	1.21e-09	4.94e-07	7.55e-04	5.64e-02	9.43e-01	0.00e+00	0.00e+00	0.00e+00
 8.22668e+22	1.05e-26	1.14e-20	4.40e-16	1.53e-12	1.39e-09	5.46e-07	8.08e-04	5.83e-02	9.41e-01	0.00e+00	0.00e+00	0.00e+00
 8.30026e+22	1.38e-26	1.44e-20	5.38e-16	1.81e-12	1.59e-09	5.98e-07	8.60e-04	6.01e-02	9.39e-01	0.00e+00	0.00e+00	0.00e+00
 8.36934e+22	1.82e-26	1.82e-20	6.57e-16	2.13e-12	1.80e-09	6.55e-07	9.15e-04	6.20e-02	9.37e-01	0.00e+00	0.00e+00	0.00e+00
 8.43352e+22	2.34e-26	2.27e-20	7.91e-16	2.49e-12	2.03e-09	7.12e-07	9.68e-04	6.37e-02	9.35e-01	0.00e+00	0.00e+00	0.00e+00
 8.49233e+22	2.97e-26	2.79e-20	9.44e-16	2.87e-12	2.27e-09	7.70e-07	1.02e-03	6.54e-02	9.34e-01	0.00e+00	0.00e+00	0.00e+00
 8.54635e+22	3.64e-26	3.33e-20	1.09e-15	3.25e-12	2.50e-09	8.24e-07	1.07e-03	6.68e-02	9.32e-01	0.00e+00	0.00e+00	0.00e+00
 8.60703e+22	4.78e-26	4.21e-20	1.34e-15	3.84e-12	2.84e-09	9.03e-07	1.14e-03	6.88e-02	9.30e-01	0.00e+00	0.00e+00	0.00e+00
 8.66736e+22	6.04e-26	5.15e-20	1.59e-15	4.42e-12	3.17e-09	9.74e-07	1.19e-03	7.05e-02	9.28e-01	0.00e+00	0.00e+00	0.00e+00
 8.71759e+22	7.52e-26	6.23e-20	1.87e-15	5.05e-12	3.51e-09	1.05e-06	1.25e-03	7.22e-02	9.27e-01	0.00e+00	0.00e+00	0.00e+00
 8.77326e+22	9.85e-26	7.87e-20	2.27e-15	5.95e-12	3.99e-09	1.14e-06	1.33e-03	7.43e-02	9.24e-01	0.00e+00	0.00e+00	0.00e+00
 8.83037e+22	1.23e-25	9.51e-20	2.67e-15	6.80e-12	4.42e-09	1.23e-06	1.39e-03	7.60e-02	9.23e-01	0.00e+00	0.00e+00	0.00e+00
 8.87965e+22	1.52e-25	1.15e-19	3.14e-15	7.76e-12	4.90e-09	1.32e-06	1.46e-03	7.77e-02	9.21e-01	0.00e+00	0.00e+00	0.00e+00
 8.92611e+22	1.88e-25	1.38e-19	3.65e-15	8.80e-12	5.40e-09	1.41e-06	1.53e-03	7.94e-02	9.19e-01	0.00e+00	0.00e+00	0.00e+00
 8.97860e+22	2.43e-25	1.72e-19	4.42e-15	1.03e-11	6.10e-09	1.54e-06	1.62e-03	8.16e-02	9.17e-01	0.00e+00	0.00e+00	0.00e+00
 9.03239e+22	3.01e-25	2.07e-19	5.18e-15	1.17e-11	6.75e-09	1.65e-06	1.69e-03	8.34e-02	9.15e-01	0.00e+00	0.00e+00	0.00e+00
 9.08787e+22	4.06e-25	2.68e-19	6.45e-15	1.41e-11	7.76e-09	1.82e-06	1.80e-03	8.59e-02	9.12e-01	0.00e+00	0.00e+00	0.00e+00
 9.14216e+22	5.03e-25	3.23e-19	7.56e-15	1.60e-11	8.58e-09	1.96e-06	1.89e-03	8.78e-02	9.10e-01	0.00e+00	0.00e+00	0.00e+00
 9.18607e+22	6.26e-25	3.91e-19	8.87e-15	1.83e-11	9.50e-09	2.10e-06	1.97e-03	8.97e-02	9.08e-01	0.00e+00	0.00e+00	0.00e+00
 9.22720e+22	7.66e-25	4.66e-19	1.03e-14	2.07e-11	1.04e-08	2.24e-06	2.06e-03	9.16e-02	9.06e-01	0.00e+00	0.00e+00	0.00e+00
 9.27353e+22	9.84e-25	5.79e-19	1.24e-14	2.41e-11	1.17e-08	2.43e-06	2.17e-03	9.38e-02	9.04e-01	0.00e+00	0.00e+00	0.00e+00
 9.32137e+22	1.24e-24	7.07e-19	1.47e-14	2.77e-11	1.31e-08	2.62e-06	2.27e-03	9.60e-02	9.02e-01	0.00e+00	0.00e+00	0.00e+00
 9.36316e+22	1.51e-24	8.40e-19	1.70e-14	3.13e-11	1.43e-08	2.79e-06	2.37e-03	9.79e-02	9.00e-01	0.00e+00	0.00e+00	0.00e+00
 9.40948e+22	2.02e-24	1.08e-18	2.10e-14	3.72e-11	1.64e-08	3.06e-06	2.51e-03	1.01e-01	8.97e-01	0.00e+00	0.00e+00	0.00e+00
 9.45593e+22	2.51e-24	1.30e-18	2.47e-14	4.26e-11	1.81e-08	3.29e-06	2.63e-03	1.03e-01	8.95e-01	0.00e+00	0.00e+00	0.00e+00
 9.50253e+22	3.35e-24	1.68e-18	3.06e-14	5.07e-11	2.08e-08	3.60e-06	2.79e-03	1.06e-01	8.92e-01	0.00e+00	0.00e+00	0.00e+00
 9.54984e+22	4.25e-24	2.06e-18	3.64e-14	5.85e-11	2.32e-08	3.89e-06	2.92e-03	1.08e-01	8.89e-01	0.00e+00	0.00e+00	0.00e+00
 9.59037e+22	5.26e-24	2.48e-18	4.26e-14	6.67e-11	2.56e-08	4.16e-06	3.05e-03	1.10e-01	8.87e-01	0.00e+00	0.00e+00	0.00e+00
 9.63532e+22	7.22e-24	3.26e-18	5.38e-14	8.07e-11	2.96e-08	4.60e-06	3.24e-03	1.13e-01	8.83e-01	0.00e+00	0.00e+00	0.00e+00
 9.67949e+22	8.92e-24	3.92e-18	6.29e-14	9.18e-11	3.26e-08	4.92e-06	3.39e-03	1.16e-01	8.81e-01	0.00e+00	0.00e+00	0.00e+00
 9.72266e+22	1.21e-23	5.11e-18	7.89e-14	1.11e-10	3.76e-08	5.42e-06	3.59e-03	1.19e-01	8.78e-01	0.00e+00	0.00e+00	0.00e+00
 9.76511e+22	1.50e-23	6.16e-18	9.24e-14	1.26e-10	4.15e-08	5.80e-06	3.75e-03	1.21e-01	8.75e-01	0.00e+00	0.00e+00	0.00e+00
 9.80664e+22	2.04e-23	8.03e-18	1.16e-13	1.51e-10	4.78e-08	6.38e-06	3.98e-03	1.25e-01	8.72e-01	0.00e+00	0.00e+00	0.00e+00
 9.84834e+22	2.55e-23	9.74e-18	1.36e-13	1.73e-10	5.29e-08	6.85e-06	4.16e-03	1.27e-01	8.69e-01	0.00e+00	0.00e+00	0.00e+00
 9.89027e+22	3.51e-23	1.29e-17	1.73e-13	2.10e-10	6.13e-08	7.57e-06	4.42e-03	1.31e-01	8.65e-01	0.00e+00	0.00e+00	0.00e+00
 9.93222e+22	4.43e-23	1.57e-17	2.05e-13	2.42e-10	6.82e-08	8.14e-06	4.63e-03	1.33e-01	8.62e-01	0.00e+00	0.00e+00	0.00e+00
 9.97419e+22	6.19e-23	2.10e-17	2.62e-13	2.96e-10	7.95e-08	9.03e-06	4.93e-03	1.37e-01	8.58e-01	0.00e+00	0.00e+00	0.00e+00
 1.00164e+23	7.88e-23	2.59e-17	3.13e-13	3.43e-10	8.88e-08	9.74e-06	5.17e-03	1.40e-01	8.55e-01	0.00e+00	0.00e+00	0.00e+00
 1.00589e+23	1.10e-22	3.45e-17	3.99e-13	4.18e-10	1.03e-07	1.08e-05	5.50e-03	1.44e-01	8.50e-01	0.00e+00	0.00e+00	0.00e+00
 1.01010e+23	1.41e-22	4.29e-17	4.79e-13	4.86e-10	1.16e-07	1.17e-05	5.77e-03	1.47e-01	8.47e-01	0.00e+00	0.00e+00	0.00e+00
 1.01427e+23	1.96e-22	5.72e-17	6.12e-13	5.93e-10	1.35e-07	1.29e-05	6.15e-03	1.52e-01	8.42e-01	0.00e+00	0.00e+00	0.00e+00
 1.01850e+23	2.55e-22	7.19e-17	7.44e-13	6.96e-10	1.52e-07	1.40e-05	6.47e-03	1.55e-01	8.38e-01	0.00e+00	0.00e+00	0.00e+00
 1.02282e+23	3.61e-22	9.72e-17	9.61e-13	8.58e-10	1.78e-07	1.56e-05	6.91e-03	1.60e-01	8.33e-01	0.00e+00	0.00e+00	0.00e+00
 1.02718e+23	4.75e-22	1.23e-16	1.18e-12	1.01e-09	2.02e-07	1.70e-05	7.29e-03	1.64e-01	8.29e-01	0.00e+00	0.00e+00	0.00e+00
 1.03162e+23	6.81e-22	1.69e-16	1.53e-12	1.26e-09	2.38e-07	1.90e-05	7.80e-03	1.69e-01	8.23e-01	0.00e+00	0.00e+00	0.00e+00
 1.03607e+23	8.98e-22	2.14e-16	1.88e-12	1.49e-09	2.70e-07	2.08e-05	8.23e-03	1.73e-01	8.19e-01	0.00e+00	0.00e+00	0.00e+00
 1.03991e+23	1.18e-21	2.70e-16	2.29e-12	1.75e-09	3.06e-07	2.26e-05	8.67e-03	1.77e-01	8.15e-01	0.00e+00	0.00e+00	0.00e+00
 1.04425e+23	1.68e-21	3.68e-16	2.97e-12	2.17e-09	3.60e-07	2.52e-05	9.28e-03	1.82e-01	8.09e-01	0.00e+00	0.00e+00	0.00e+00
 1.04858e+23	2.16e-21	4.58e-16	3.58e-12	2.52e-09	4.05e-07	2.73e-05	9.75e-03	1.86e-01	8.04e-01	0.00e+00	0.00e+00	0.00e+00
 1.05291e+23	3.05e-21	6.18e-16	4.61e-12	3.11e-09	4.74e-07	3.05e-05	1.04e-02	1.92e-01	7.98e-01	0.00e+00	0.00e+00	0.00e+00
 1.05728e+23	3.93e-21	7.70e-16	5.56e-12	3.62e-09	5.33e-07	3.30e-05	1.10e-02	1.96e-01	7.93e-01	0.00e+00	0.00e+00	0.00e+00
 1.06173e+23	5.50e-21	1.03e-15	7.11e-12	4.44e-09	6.23e-07	3.68e-05	1.17e-02	2.01e-01	7.87e-01	0.00e+00	0.00e+00	0.00e+00
 1.06630e+23	7.20e-21	1.30e-15	8.68e-12	5.23e-09	7.06e-07	4.01e-05	1.23e-02	2.06e-01	7.82e-01	0.00e+00	0.00e+00	0.00e+00
 1.07102e+23	1.02e-20	1.76e-15	1.12e-11	6.44e-09	8.30e-07	4.48e-05	1.32e-02	2.12e-01	7.75e-01	0.00e+00	0.00e+00	0.00e+00
 1.07584e+23	1.33e-20	2.21e-15	1.36e-11	7.58e-09	9.40e-07	4.88e-05	1.39e-02	2.17e-01	7.69e-01	0.00e+00	0.00e+00	0.00e+00
 1.08078e+23	1.87e-20	2.97e-15	1.75e-11	9.33e-09	1.10e-06	5.45e-05	1.49e-02	2.23e-01	7.62e-01	0.00e+00	0.00e+00	0.00e+00
 1.08586e+23	2.45e-20	3.76e-15	2.14e-11	1.10e-08	1.25e-06	5.96e-05	1.58e-02	2.29e-01	7.56e-01	0.00e+00	0.00e+00	0.00e+00
 1.09040e+23	3.19e-20	4.72e-15	2.60e-11	1.29e-08	1.42e-06	6.50e-05	1.66e-02	2.34e-01	7.50e-01	0.00e+00	0.00e+00	0.00e+00
 1.09558e+23	4.44e-20	6.30e-15	3.32e-11	1.58e-08	1.66e-06	7.25e-05	1.78e-02	2.40e-01	7.42e-01	0.00e+00	0.00e+00	0.00e+00
 1.10084e+23	5.75e-20	7.88e-15	4.02e-11	1.85e-08	1.88e-06	7.90e-05	1.87e-02	2.46e-01	7.35e-01	0.00e+00	0.00e+00	0.00e+00
 1.10620e+23	7.98e-20	1.05e-14	5.12e-11	2.27e-08	2.20e-06	8.81e-05	2.00e-02	2.53e-01	7.27e-01	0.00e+00	0.00e+00	0.00e+00
 1.11141e+23	1.00e-19	1.28e-14	6.06e-11	2.61e-08	2.45e-06	9.51e-05	2.10e-02	2.57e-01	7.21e-01	0.00e+00	0.00e+00	0.00e+00
 1.11642e+23	1.35e-19	1.65e-14	7.56e-11	3.13e-08	2.83e-06	1.05e-04	2.23e-02	2.64e-01	7.14e-01	0.00e+00	0.00e+00	0.00e+00
 1.12152e+23	1.69e-19	2.00e-14	8.91e-11	3.59e-08	3.16e-06	1.13e-04	2.34e-02	2.69e-01	7.08e-01	0.00e+00	0.00e+00	0.00e+00
 1.12675e+23	2.25e-19	2.58e-14	1.11e-10	4.30e-08	3.63e-06	1.25e-04	2.49e-02	2.76e-01	6.99e-01	0.00e+00	0.00e+00	0.00e+00
 1.13211e+23	2.85e-19	3.16e-14	1.32e-10	4.97e-08	4.07e-06	1.36e-04	2.61e-02	2.81e-01	6.93e-01	0.00e+00	0.00e+00	0.00e+00
 1.13764e+23	3.82e-19	4.08e-14	1.64e-10	5.96e-08	4.70e-06	1.50e-04	2.78e-02	2.88e-01	6.84e-01	0.00e+00	0.00e+00	0.00e+00
 1.14308e+23	4.74e-19	4.91e-14	1.92e-10	6.81e-08	5.22e-06	1.62e-04	2.90e-02	2.93e-01	6.78e-01	0.00e+00	0.00e+00	0.00e+00
 1.14839e+23	6.27e-19	6.27e-14	2.36e-10	8.11e-08	5.99e-06	1.78e-04	3.08e-02	3.00e-01	6.69e-01	0.00e+00	0.00e+00	0.00e+00
 1.15374e+23	7.67e-19	7.47e-14	2.75e-10	9.19e-08	6.61e-06	1.91e-04	3.22e-02	3.05e-01	6.63e-01	0.00e+00	0.00e+00	0.00e+00
 1.15917e+23	1.01e-18	9.48e-14	3.37e-10	1.09e-07	7.57e-06	2.10e-04	3.41e-02	3.11e-01	6.54e-01	0.00e+00	0.00e+00	0.00e+00
 1.16470e+23	1.24e-18	1.13e-13	3.93e-10	1.24e-07	8.38e-06	2.26e-04	3.56e-02	3.17e-01	6.48e-01	0.00e+00	0.00e+00	0.00e+00
 1.17038e+23	1.63e-18	1.44e-13	4.82e-10	1.47e-07	9.61e-06	2.49e-04	3.77e-02	3.24e-01	6.38e-01	0.00e+00	0.00e+00	0.00e+00
 1.17616e+23	2.01e-18	1.73e-13	5.63e-10	1.68e-07	1.07e-05	2.67e-04	3.94e-02	3.29e-01	6.31e-01	0.00e+00	0.00e+00	0.00e+00
 1.18208e+23	2.65e-18	2.19e-13	6.91e-10	1.99e-07	1.22e-05	2.95e-04	4.18e-02	3.36e-01	6.22e-01	0.00e+00	0.00e+00	0.00e+00
 1.18811e+23	3.26e-18	2.63e-13	8.08e-10	2.27e-07	1.36e-05	3.17e-04	4.37e-02	3.41e-01	6.14e-01	0.00e+00	0.00e+00	0.00e+00
 1.19339e+23	4.00e-18	3.14e-13	9.40e-10	2.58e-07	1.50e-05	3.41e-04	4.56e-02	3.47e-01	6.07e-01	0.00e+00	0.00e+00	0.00e+00
 1.19937e+23	5.20e-18	3.94e-13	1.14e-09	3.04e-07	1.71e-05	3.74e-04	4.83e-02	3.54e-01	5.98e-01	0.00e+00	0.00e+00	0.00e+00
 1.20536e+23	6.26e-18	4.64e-13	1.31e-09	3.41e-07	1.88e-05	3.99e-04	5.02e-02	3.59e-01	5.91e-01	0.00e+00	0.00e+00	0.00e+00
 1.21136e+23	8.13e-18	5.82e-13	1.60e-09	4.03e-07	2.14e-05	4.39e-04	5.31e-02	3.65e-01	5.81e-01	0.00e+00	0.00e+00	0.00e+00
 1.21745e+23	9.80e-18	6.85e-13	1.84e-09	4.53e-07	2.35e-05	4.68e-04	5.52e-02	3.70e-01	5.74e-01	0.00e+00	0.00e+00	0.00e+00
 1.22366e+23	1.26e-17	8.54e-13	2.22e-09	5.31e-07	2.67e-05	5.13e-04	5.83e-02	3.77e-01	5.64e-01	0.00e+00	0.00e+00	0.00e+00
 1.23007e+23	1.55e-17	1.02e-12	2.59e-09	6.04e-07	2.96e-05	5.51e-04	6.08e-02	3.83e-01	5.56e-01	0.00e+00	0.00e+00	0.00e+00
 1.23674e+23	2.00e-17	1.27e-12	3.13e-09	7.09e-07	3.36e-05	6.04e-04	6.42e-02	3.89e-01	5.46e-01	0.00e+00	0.00e+00	0.00e+00
 1.24365e+23	2.48e-17	1.54e-12	3.69e-09	8.12e-07	3.75e-05	6.52e-04	6.72e-02	3.95e-01	5.37e-01	2.48e-17	5.97e-28	6.35e-28
 1.25087e+23	3.24e-17	1.94e-12	4.50e-09	9.60e-07	4.29e-05	7.17e-04	7.10e-02	4.02e-01	5.26e-01	3.24e-17	5.82e-26	7.32e-26
 1.25830e+23	4.05e-17	2.36e-12	5.32e-09	1.11e-06	4.80e-05	7.76e-04	7.44e-02	4.08e-01	5.17e-01	4.05e-17	7.28e-26	9.17e-26
 1.26603e+23	5.34e-17	3.00e-12	6.54e-09	1.31e-06	5.51e-05	8.56e-04	7.87e-02	4.15e-01	5.06e-01	5.34e-17	9.58e-26	1.21e-25
 1.27402e+23	6.75e-17	3.68e-12	7.80e-09	1.52e-06	6.20e-05	9.30e-04	8.26e-02	4.21e-01	4.96e-01	6.75e-17	1.21e-25	1.53e-25
 1.28126e+23	8.46e-17	4.48e-12	9.24e-09	1.76e-06	6.94e-05	1.01e-03	8.66e-02	4.26e-01	4.86e-01	8.46e-17	1.52e-25	1.91e-25
 1.28956e+23	1.13e-16	5.75e-12	1.14e-08	2.10e-06	8.01e-05	1.11e-03	9.17e-02	4.33e-01	4.74e-01	1.13e-16	2.02e-25	2.55e-25
 1.29804e+23	1.43e-16	7.07e-12	1.37e-08	2.44e-06	9.02e-05	1.21e-03	9.63e-02	4.39e-01	4.64e-01	1.43e-16	2.56e-25	3.23e-25
 1.30560e+23	1.79e-16	8.59e-12	1.62e-08	2.81e-06	1.01e-04	1.31e-03	1.01e-01	4.44e-01	4.54e-01	1.79e-16	3.21e-25	4.04e-25
 1.31429e+23	2.42e-16	1.12e-11	2.03e-08	3.40e-06	1.18e-04	1.46e-03	1.07e-01	4.51e-01	4.41e-01	2.42e-16	4.35e-25	5.48e-25
 1.32305e+23	3.03e-16	1.36e-11	2.40e-08	3.92e-06	1.32e-04	1.58e-03	1.12e-01	4.56e-01	4.31e-01	3.03e-16	5.44e-25	6.85e-25
 1.33189e+23	4.12e-16	1.78e-11	3.02e-08	4.75e-06	1.54e-04	1.76e-03	1.19e-01	4.62e-01	4.17e-01	4.12e-16	7.40e-25	9.31e-25
 1.34085e+23	5.20e-16	2.18e-11	3.60e-08	5.50e-06	1.73e-04	1.91e-03	1.25e-01	4.67e-01	4.07e-01	5.20e-16	9.34e-25	1.18e-24
 1.34995e+23	7.08e-16	2.85e-11	4.54e-08	6.68e-06	2.02e-04	2.13e-03	1.32e-01	4.73e-01	3.93e-01	7.08e-16	1.27e-24	1.60e-24
 1.35864e+23	8.69e-16	3.41e-11	5.29e-08	7.60e-06	2.24e-04	2.29e-03	1.38e-01	4.76e-01	3.84e-01	8.69e-16	1.56e-24	1.96e-24
 1.36681e+23	1.15e-15	4.36e-11	6.54e-08	9.10e-06	2.58e-04	2.54e-03	1.45e-01	4.81e-01	3.71e-01	1.15e-15	2.07e-24	2.60e-24
 1.37499e+23	1.42e-15	5.22e-11	7.63e-08	1.04e-05	2.87e-04	2.73e-03	1.51e-01	4.84e-01	3.61e-01	1.42e-15	2.54e-24	3.20e-24
 1.38318e+23	1.86e-15	6.61e-11	9.36e-08	1.23e-05	3.30e-04	3.00e-03	1.59e-01	4.89e-01	3.49e-01	1.86e-15	3.33e-24	4.19e-24
 1.39157e+23	2.32e-15	8.03e-11	1.11e-07	1.42e-05	3.69e-04	3.25e-03	1.66e-01	4.92e-01	3.38e-01	2.32e-15	4.16e-24	5.23e-24
 1.40021e+23	3.09e-15	1.03e-10	1.37e-07	1.71e-05	4.29e-04	3.61e-03	1.76e-01	4.95e-01	3.25e-01	3.09e-15	5.55e-24	6.97e-24
 1.40889e+23	3.84e-15	1.25e-10	1.62e-07	1.96e-05	4.80e-04	3.91e-03	1.83e-01	4.97e-01	3.15e-01	3.84e-15	6.89e-24	8.67e-24
 1.41763e+23	5.10e-15	1.60e-10	2.01e-07	2.36e-05	5.58e-04	4.34e-03	1.94e-01	5.00e-01	3.02e-01	5.10e-15	9.17e-24	1.15e-23
 1.42653e+23	6.40e-15	1.95e-10	2.39e-07	2.73e-05	6.29e-04	4.72e-03	2.02e-01	5.02e-01	2.91e-01	6.40e-15	1.15e-23	1.45e-23
 1.43565e+23	8.57e-15	2.51e-10	2.98e-07	3.31e-05	7.36e-04	5.26e-03	2.14e-01	5.03e-01	2.77e-01	8.57e-15	1.54e-23	1.94e-23
 1.44492e+23	1.08e-14	3.07e-10	3.56e-07	3.85e-05	8.33e-04	5.74e-03	2.23e-01	5.04e-01	2.66e-01	1.08e-14	1.94e-23	2.44e-23
 1.45440e+23	1.45e-14	3.98e-10	4.46e-07	4.68e-05	9.80e-04	6.43e-03	2.36e-01	5.04e-01	2.52e-01	1.45e-14	2.60e-23	3.27e-23
 1.46406e+23	1.83e-14	4.88e-10	5.34e-07	5.47e-05	1.12e-03	7.04e-03	2.47e-01	5.04e-01	2.41e-01	1.83e-14	3.29e-23	4.13e-23
 1.47363e+23	2.42e-14	6.22e-10	6.63e-07	6.61e-05	1.31e-03	7.87e-03	2.61e-01	5.03e-01	2.27e-01	2.42e-14	4.34e-23	5.46e-23
 1.48273e+23	2.95e-14	7.41e-10	7.73e-07	7.57e-05	1.46e-03	8.52e-03	2.71e-01	5.01e-01	2.18e-01	2.95e-14	5.30e-23	6.65e-23
 1.49155e+23	3.79e-14	9.25e-10	9.43e-07	9.02e-05	1.70e-03	9.46e-03	2.85e-01	4.99e-01	2.05e-01	3.79e-14	6.82e-23	8.56e-23
 1.50054e+23	4.62e-14	1.10e-09	1.10e-06	1.04e-04	1.91e-03	1.03e-02	2.96e-01	4.96e-01	1.96e-01	4.62e-14	8.30e-23	1.04e-22
 1.50933e+23	5.80e-14	1.35e-09	1.32e-06	1.22e-04	2.19e-03	1.13e-02	3.10e-01	4.93e-01	1.84e-01	5.80e-14	1.04e-22	1.31e-22
 1.51830e+23	7.03e-14	1.60e-09	1.55e-06	1.40e-04	2.48e-03	1.24e-02	3.22e-01	4.89e-01	1.75e-01	7.03e-14	1.27e-22	1.59e-22
 1.52706e+23	8.61e-14	1.91e-09	1.83e-06	1.63e-04	2.82e-03	1.36e-02	3.35e-01	4.84e-01	1.64e-01	8.61e-14	1.55e-22	1.95e-22
 1.53599e+23	1.04e-13	2.26e-09	2.13e-06	1.88e-04	3.18e-03	1.48e-02	3.48e-01	4.79e-01	1.55e-01	1.04e-13	1.87e-22	2.34e-22
 1.54484e+23	1.25e-13	2.66e-09	2.48e-06	2.17e-04	3.60e-03	1.62e-02	3.61e-01	4.73e-01	1.46e-01	1.25e-13	2.24e-22	2.82e-22
 1.55374e+23	1.48e-13	3.11e-09	2.88e-06	2.48e-04	4.06e-03	1.76e-02	3.75e-01	4.66e-01	1.37e-01	1.48e-13	2.67e-22	3.35e-22
 1.56254e+23	1.74e-13	3.60e-09	3.31e-06	2.84e-04	4.56e-03	1.92e-02	3.88e-01	4.60e-01	1.29e-01	1.74e-13	3.14e-22	3.94e-22
 1.57132e+23	2.03e-13	4.15e-09	3.80e-06	3.23e-04	5.11e-03	2.08e-02	4.01e-01	4.52e-01	1.21e-01	2.03e-13	3.67e-22	4.60e-22
 1.58012e+23	2.36e-13	4.76e-09	4.34e-06	3.66e-04	5.71e-03	2.26e-02	4.14e-01	4.45e-01	1.13e-01	2.36e-13	4.26e-22	5.34e-22
 1.58897e+23	2.72e-13	5.42e-09	4.93e-06	4.14e-04	6.37e-03	2.45e-02	4.27e-01	4.36e-01	1.06e-01	2.72e-13	4.90e-22	6.15e-22
 1.59787e+23	3.11e-13	6.14e-09	5.59e-06	4.68e-04	7.09e-03	2.66e-02	4.40e-01	4.28e-01	9.86e-02	3.11e-13	5.62e-22	7.04e-22
 1.60685e+23	3.54e-13	6.94e-09	6.32e-06	5.28e-04	7.88e-03	2.87e-02	4.52e-01	4.19e-01	9.19e-02	3.54e-13	6.39e-22	8.01e-22
 1.61595e+23	4.00e-13	7.80e-09	7.13e-06	5.94e-04	8.75e-03	3.11e-02	4.65e-01	4.09e-01	8.55e-02	4.00e-13	7.24e-22	9.07e-22
 1.62509e+23	4.50e-13	8.73e-09	8.00e-06	6.66e-04	9.68e-03	3.35e-02	4.77e-01	4.00e-01	7.95e-02	4.50e-13	8.14e-22	1.02e-21
 1.63438e+23	5.04e-13	9.75e-09	8.99e-06	7.48e-04	1.07e-02	3.62e-02	4.89e-01	3.90e-01	7.37e-02	5.04e-13	9.13e-22	1.14e-21
 1.64379e+23	5.61e-13	1.08e-08	1.00e-05	8.37e-04	1.18e-02	3.90e-02	5.01e-01	3.79e-01	6.83e-02	5.61e-13	1.02e-21	1.27e-21
 1.65338e+23	6.24e-13	1.20e-08	1.13e-05	9.39e-04	1.31e-02	4.21e-02	5.12e-01	3.69e-01	6.30e-02	6.24e-13	1.13e-21	1.42e-21
 1.66231e+23	6.79e-13	1.31e-08	1.23e-05	1.03e-03	1.41e-02	4.47e-02	5.21e-01	3.60e-01	5.90e-02	6.79e-13	1.23e-21	1.54e-21
 1.67151e+23	7.51e-13	1.45e-08	1.38e-05	1.16e-03	1.56e-02	4.83e-02	5.33e-01	3.48e-01	5.41e-02	7.51e-13	1.36e-21	1.71e-21
 1.68086e+23	8.15e-13	1.58e-08	1.51e-05	1.27e-03	1.69e-02	5.12e-02	5.41e-01	3.39e-01	5.05e-02	8.15e-13	1.48e-21	1.85e-21
 1.69045e+23	8.94e-13	1.74e-08	1.69e-05	1.43e-03	1.86e-02	5.53e-02	5.52e-01	3.27e-01	4.61e-02	8.94e-13	1.63e-21	2.03e-21
 1.70007e+23	9.70e-13	1.90e-08	1.85e-05	1.56e-03	2.01e-02	5.85e-02	5.59e-01	3.17e-01	4.30e-02	9.70e-13	1.77e-21	2.21e-21
 1.70976e+23	1.06e-12	2.09e-08	2.07e-05	1.75e-03	2.20e-02	6.29e-02	5.69e-01	3.05e-01	3.91e-02	1.06e-12	1.94e-21	2.42e-21
 1.71950e+23	1.14e-12	2.26e-08	2.25e-05	1.91e-03	2.37e-02	6.64e-02	5.75e-01	2.96e-01	3.64e-02	1.14e-12	2.09e-21	2.61e-21
 1.72932e+23	1.25e-12	2.49e-08	2.51e-05	2.14e-03	2.59e-02	7.12e-02	5.84e-01	2.84e-01	3.31e-02	1.25e-12	2.28e-21	2.85e-21
 1.73923e+23	1.34e-12	2.70e-08	2.74e-05	2.33e-03	2.77e-02	7.50e-02	5.89e-01	2.75e-01	3.07e-02	1.34e-12	2.46e-21	3.07e-21
 1.74925e+23	1.46e-12	2.97e-08	3.06e-05	2.61e-03	3.02e-02	8.02e-02	5.96e-01	2.63e-01	2.78e-02	1.46e-12	2.68e-21	3.35e-21
 1.75940e+23	1.58e-12	3.22e-08	3.35e-05	2.85e-03	3.23e-02	8.45e-02	6.01e-01	2.54e-01	2.57e-02	1.58e-12	2.89e-21	3.61e-21
 1.76972e+23	1.72e-12	3.55e-08	3.74e-05	3.18e-03	3.52e-02	9.02e-02	6.06e-01	2.42e-01	2.32e-02	1.72e-12	3.16e-21	3.94e-21
 1.78021e+23	1.86e-12	3.86e-08	4.10e-05	3.48e-03	3.76e-02	9.48e-02	6.09e-01	2.33e-01	2.14e-02	1.86e-12	3.41e-21	4.26e-21
 1.79093e+23	2.03e-12	4.29e-08	4.61e-05	3.90e-03	4.09e-02	1.01e-01	6.13e-01	2.22e-01	1.92e-02	2.03e-12	3.74e-21	4.67e-21
 1.80189e+23	2.21e-12	4.69e-08	5.07e-05	4.28e-03	4.37e-02	1.06e-01	6.16e-01	2.13e-01	1.76e-02	2.21e-12	4.07e-21	5.07e-21
 1.81314e+23	2.43e-12	5.24e-08	5.73e-05	4.81e-03	4.75e-02	1.13e-01	6.18e-01	2.01e-01	1.57e-02	2.43e-12	4.49e-21	5.60e-21
 1.82466e+23	2.66e-12	5.78e-08	6.35e-05	5.29e-03	5.08e-02	1.19e-01	6.19e-01	1.92e-01	1.43e-02	2.66e-12	4.92e-21	6.13e-21
 1.83436e+23	2.87e-12	6.30e-08	6.94e-05	5.75e-03	5.37e-02	1.24e-01	6.19e-01	1.84e-01	1.32e-02	2.87e-12	5.32e-21	6.63e-21
 1.84478e+23	3.15e-12	7.02e-08	7.79e-05	6.39e-03	5.77e-02	1.31e-01	6.19e-01	1.75e-01	1.18e-02	3.15e-12	5.86e-21	7.30e-21
 1.85538e+23	3.43e-12	7.69e-08	8.55e-05	6.95e-03	6.11e-02	1.36e-01	6.18e-01	1.67e-01	1.09e-02	3.43e-12	6.38e-21	7.95e-21
 1.86456e+23	3.70e-12	8.38e-08	9.35e-05	7.53e-03	6.44e-02	1.42e-01	6.16e-01	1.60e-01	1.00e-02	3.70e-12	6.91e-21	8.60e-21
 1.87485e+23	4.08e-12	9.35e-08	1.05e-04	8.33e-03	6.89e-02	1.49e-01	6.14e-01	1.51e-01	8.98e-03	4.08e-12	7.62e-21	9.48e-21
 1.88511e+23	4.47e-12	1.03e-07	1.15e-04	9.02e-03	7.24e-02	1.54e-01	6.11e-01	1.45e-01	8.28e-03	4.47e-12	8.37e-21	1.04e-20
 1.89534e+23	4.94e-12	1.15e-07	1.29e-04	9.96e-03	7.72e-02	1.61e-01	6.07e-01	1.37e-01	7.42e-03	4.94e-12	9.26e-21	1.15e-20
 1.90571e+23	5.44e-12	1.27e-07	1.42e-04	1.08e-02	8.12e-02	1.66e-01	6.04e-01	1.31e-01	6.82e-03	5.44e-12	1.02e-20	1.27e-20
 1.91626e+23	6.07e-12	1.44e-07	1.60e-04	1.19e-02	8.65e-02	1.74e-01	5.99e-01	1.23e-01	6.09e-03	6.07e-12	1.15e-20	1.42e-20
 1.92700e+23	6.76e-12	1.61e-07	1.77e-04	1.30e-02	9.09e-02	1.80e-01	5.94e-01	1.17e-01	5.57e-03	6.76e-12	1.28e-20	1.59e-20
 1.93800e+23	7.61e-12	1.83e-07	2.00e-04	1.44e-02	9.68e-02	1.87e-01	5.87e-01	1.10e-01	4.94e-03	7.61e-12	1.44e-20	1.79e-20
 1.94916e+23	8.55e-12	2.06e-07	2.23e-04	1.56e-02	1.02e-01	1.93e-01	5.81e-01	1.04e-01	4.50e-03	8.55e-12	1.62e-20	2.02e-20
 1.96054e+23	9.74e-12	2.37e-07	2.54e-04	1.74e-02	1.08e-01	2.01e-01	5.72e-01	9.69e-02	3.96e-03	9.74e-12	1.86e-20	2.31e-20
 1.97220e+23	1.10e-11	2.69e-07	2.84e-04	1.89e-02	1.14e-01	2.07e-01	5.64e-01	9.15e-02	3.58e-03	1.10e-11	2.11e-20	2.62e-20
 1.98422e+23	1.28e-11	3.14e-07	3.27e-04	2.11e-02	1.21e-01	2.16e-01	5.54e-01	8.47e-02	3.13e-03	1.28e-11	2.46e-20	3.05e-20
 1.99653e+23	1.47e-11	3.59e-07	3.68e-04	2.31e-02	1.28e-01	2.22e-01	5.45e-01	7.96e-02	2.81e-03	1.47e-11	2.83e-20	3.50e-20
 2.00921e+23	1.74e-11	4.26e-07	4.27e-04	2.58e-02	1.36e-01	2.30e-01	5.32e-01	7.32e-02	2.43e-03	1.74e-11	3.36e-20	4.16e-20
 2.02203e+23	2.01e-11	4.91e-07	4.82e-04	2.82e-02	1.43e-01	2.36e-01	5.22e-01	6.85e-02	2.18e-03	2.01e-11	3.91e-20	4.84e-20
 2.03503e+23	2.40e-11	5.87e-07	5.62e-04	3.16e-02	1.52e-01	2.44e-01	5.07e-01	6.26e-02	1.87e-03	2.40e-11	4.70e-20	5.81e-20
 2.04817e+23	2.81e-11	6.81e-07	6.36e-04	3.45e-02	1.60e-01	2.49e-01	4.96e-01	5.84e-02	1.66e-03	2.81e-11	5.52e-20	6.83e-20
 2.06150e+23	3.41e-11	8.22e-07	7.44e-04	3.86e-02	1.69e-01	2.57e-01	4.80e-01	5.30e-02	1.42e-03	3.41e-11	6.73e-20	8.32e-20
 2.07452e+23	3.97e-11	9.47e-07	8.36e-04	4.19e-02	1.77e-01	2.61e-01	4.68e-01	4.95e-02	1.27e-03	3.97e-11	7.86e-20	9.72e-20
 2.08714e+23	4.81e-11	1.14e-06	9.69e-04	4.64e-02	1.87e-01	2.67e-01	4.52e-01	4.51e-02	1.09e-03	4.81e-11	9.60e-20	1.19e-19
 2.10035e+23	5.71e-11	1.33e-06	1.10e-03	5.07e-02	1.95e-01	2.72e-01	4.39e-01	4.16e-02	9.59e-04	5.71e-11	1.14e-19	1.41e-19
 2.11151e+23	6.59e-11	1.52e-06	1.22e-03	5.45e-02	2.02e-01	2.76e-01	4.27e-01	3.88e-02	8.59e-04	6.59e-11	1.33e-19	1.64e-19
 2.12318e+23	7.93e-11	1.79e-06	1.40e-03	5.96e-02	2.11e-01	2.79e-01	4.12e-01	3.56e-02	7.47e-04	7.93e-11	1.61e-19	1.98e-19
 2.13522e+23	9.30e-11	2.07e-06	1.57e-03	6.43e-02	2.19e-01	2.83e-01	3.99e-01	3.29e-02	6.61e-04	9.30e-11	1.89e-19	2.33e-19
 2.14604e+23	1.09e-10	2.38e-06	1.75e-03	6.92e-02	2.27e-01	2.85e-01	3.86e-01	3.05e-02	5.87e-04	1.09e-10	2.23e-19	2.74e-19
 2.15837e+23	1.33e-10	2.84e-06	2.00e-03	7.57e-02	2.37e-01	2.88e-01	3.70e-01	2.77e-02	5.05e-04	1.33e-10	2.74e-19	3.37e-19
 2.17118e+23	1.58e-10	3.33e-06	2.26e-03	8.18e-02	2.45e-01	2.90e-01	3.55e-01	2.53e-02	4.40e-04	1.58e-10	3.29e-19	4.04e-19
 2.18259e+23	1.87e-10	3.85e-06	2.53e-03	8.79e-02	2.53e-01	2.91e-01	3.42e-01	2.33e-02	3.87e-04	1.87e-10	3.91e-19	4.81e-19
 2.19543e+23	2.32e-10	4.62e-06	2.90e-03	9.60e-02	2.63e-01	2.92e-01	3.25e-01	2.10e-02	3.30e-04	2.32e-10	4.89e-19	6.01e-19
 2.20889e+23	2.81e-10	5.45e-06	3.29e-03	1.04e-01	2.72e-01	2.92e-01	3.10e-01	1.90e-02	2.83e-04	2.81e-10	5.97e-19	7.33e-19
 2.22105e+23	3.38e-10	6.35e-06	3.69e-03	1.11e-01	2.80e-01	2.92e-01	2.96e-01	1.73e-02	2.46e-04	3.38e-10	7.22e-19	8.85e-19
 2.23478e+23	4.26e-10	7.70e-06	4.26e-03	1.22e-01	2.90e-01	2.90e-01	2.79e-01	1.53e-02	2.06e-04	4.26e-10	9.21e-19	1.13e-18
 2.24895e+23	5.23e-10	9.13e-06	4.83e-03	1.31e-01	2.98e-01	2.89e-01	2.64e-01	1.37e-02	1.75e-04	5.23e-10	1.14e-18	1.40e-18
 2.26158e+23	6.35e-10	1.07e-05	5.42e-03	1.41e-01	3.05e-01	2.86e-01	2.50e-01	1.24e-02	1.50e-04	6.35e-10	1.39e-18	1.71e-18
 2.27587e+23	8.11e-10	1.30e-05	6.26e-03	1.53e-01	3.14e-01	2.83e-01	2.33e-01	1.08e-02	1.24e-04	8.11e-10	1.80e-18	2.20e-18
 2.29072e+23	1.01e-09	1.55e-05	7.10e-03	1.65e-01	3.22e-01	2.79e-01	2.18e-01	9.59e-03	1.04e-04	1.01e-09	2.26e-18	2.76e-18
 2.30405e+23	1.24e-09	1.83e-05	7.98e-03	1.76e-01	3.28e-01	2.74e-01	2.04e-01	8.54e-03	8.75e-05	1.24e-09	2.81e-18	3.43e-18
 2.31916e+23	1.62e-09	2.25e-05	9.25e-03	1.91e-01	3.36e-01	2.68e-01	1.88e-01	7.34e-03	7.04e-05	1.62e-09	3.71e-18	4.52e-18
 2.33478e+23	2.03e-09	2.68e-05	1.05e-02	2.05e-01	3.42e-01	2.62e-01	1.74e-01	6.42e-03	5.82e-05	2.03e-09	4.71e-18	5.73e-18
 2.34889e+23	2.52e-09	3.18e-05	1.18e-02	2.19e-01	3.46e-01	2.56e-01	1.62e-01	5.63e-03	4.83e-05	2.52e-09	5.94e-18	7.23e-18
 2.36506e+23	3.36e-09	3.95e-05	1.37e-02	2.37e-01	3.52e-01	2.47e-01	1.46e-01	4.73e-03	3.78e-05	3.36e-09	8.03e-18	9.77e-18
 2.38137e+23	4.23e-09	4.70e-05	1.54e-02	2.52e-01	3.55e-01	2.39e-01	1.34e-01	4.10e-03	3.08e-05	4.23e-09	1.02e-17	1.24e-17
 2.39787e+23	5.60e-09	5.80e-05	1.78e-02	2.71e-01	3.58e-01	2.29e-01	1.21e-01	3.43e-03	2.41e-05	5.60e-09	1.38e-17	1.68e-17
 2.41474e+23	7.16e-09	6.96e-05	2.01e-02	2.88e-01	3.60e-01	2.20e-01	1.09e-01	2.92e-03	1.92e-05	7.16e-09	1.79e-17	2.17e-17
 2.42957e+23	8.99e-09	8.22e-05	2.25e-02	3.04e-01	3.60e-01	2.11e-01	9.98e-02	2.51e-03	1.56e-05	8.99e-09	2.28e-17	2.76e-17
 2.44632e+23	1.20e-08	1.02e-04	2.59e-02	3.24e-01	3.60e-01	2.00e-01	8.83e-02	2.06e-03	1.19e-05	1.20e-08	3.12e-17	3.77e-17
 2.46350e+23	1.53e-08	1.21e-04	2.90e-02	3.42e-01	3.58e-01	1.90e-01	7.94e-02	1.74e-03	9.40e-06	1.53e-08	4.04e-17	4.89e-17
 2.48124e+23	2.07e-08	1.50e-04	3.33e-02	3.63e-01	3.55e-01	1.78e-01	6.94e-02	1.40e-03	7.02e-06	2.07e-08	5.59e-17	6.75e-17
 2.49926e+23	2.66e-08	1.80e-04	3.73e-02	3.81e-01	3.51e-01	1.67e-01	6.18e-02	1.17e-03	5.47e-06	2.66e-08	7.30e-17	8.81e-17
 2.51521e+23	3.39e-08	2.13e-04	4.16e-02	3.98e-01	3.47e-01	1.58e-01	5.50e-02	9.73e-04	4.28e-06	3.39e-08	9.48e-17	1.14e-16
 2.53352e+23	4.62e-08	2.65e-04	4.77e-02	4.20e-01	3.39e-01	1.45e-01	4.72e-02	7.66e-04	3.10e-06	4.62e-08	1.33e-16	1.60e-16
 2.55209e+23	5.91e-08	3.14e-04	5.30e-02	4.36e-01	3.33e-01	1.35e-01	4.16e-02	6.31e-04	2.39e-06	5.91e-08	1.74e-16	2.09e-16
 2.56829e+23	7.49e-08	3.70e-04	5.85e-02	4.52e-01	3.26e-01	1.26e-01	3.67e-02	5.21e-04	1.85e-06	7.49e-08	2.25e-16	2.70e-16
 2.58381e+23	9.34e-08	4.31e-04	6.42e-02	4.66e-01	3.18e-01	1.18e-01	3.26e-02	4.34e-04	1.45e-06	9.34e-08	2.86e-16	3.44e-16
 2.59861e+23	1.16e-07	4.98e-04	7.00e-02	4.80e-01	3.11e-01	1.10e-01	2.89e-02	3.64e-04	1.15e-06	1.16e-07	3.61e-16	4.33e-16
 2.61528e+23	1.51e-07	5.98e-04	7.80e-02	4.95e-01	3.01e-01	1.00e-01	2.48e-02	2.89e-04	8.45e-07	1.51e-07	4.85e-16	5.82e-16
 2.63191e+23	1.87e-07	6.90e-04	8.48e-02	5.07e-01	2.92e-01	9.31e-02	2.20e-02	2.40e-04	6.61e-07	1.87e-07	6.12e-16	7.33e-16
 2.64848e+23	2.42e-07	8.23e-04	9.39e-02	5.21e-01	2.81e-01	8.45e-02	1.88e-02	1.90e-04	4.85e-07	2.42e-07	8.19e-16	9.81e-16
 2.66537e+23	3.00e-07	9.51e-04	1.02e-01	5.31e-01	2.71e-01	7.78e-02	1.64e-02	1.56e-04	3.74e-07	3.00e-07	1.04e-15	1.24e-15
 2.68266e+23	3.93e-07	1.14e-03	1.13e-01	5.43e-01	2.59e-01	7.00e-02	1.39e-02	1.21e-04	2.69e-07	3.93e-07	1.40e-15	1.68e-15
 2.70009e+23	4.86e-07	1.31e-03	1.22e-01	5.52e-01	2.49e-01	6.40e-02	1.21e-02	9.88e-05	2.05e-07	4.86e-07	1.78e-15	2.13e-15
 2.71769e+23	6.35e-07	1.56e-03	1.35e-01	5.61e-01	2.36e-01	5.71e-02	1.01e-02	7.61e-05	1.46e-07	6.35e-07	2.41e-15	2.87e-15
 2.73550e+23	7.87e-07	1.80e-03	1.45e-01	5.67e-01	2.25e-01	5.19e-02	8.73e-03	6.13e-05	0.00e+00	7.87e-07	3.07e-15	3.66e-15
 2.74977e+23	9.38e-07	2.02e-03	1.55e-01	5.71e-01	2.17e-01	4.79e-02	7.73e-03	5.13e-05	0.00e+00	9.38e-07	3.74e-15	4.45e-15
 2.76449e+23	1.16e-06	2.32e-03	1.67e-01	5.75e-01	2.06e-01	4.33e-02	6.64e-03	4.11e-05	0.00e+00	1.16e-06	4.77e-15	5.68e-15
 2.77957e+23	1.39e-06	2.61e-03	1.77e-01	5.77e-01	1.97e-01	3.97e-02	5.83e-03	3.40e-05	0.00e+00	1.39e-06	5.85e-15	6.95e-15
 2.79298e+23	1.65e-06	2.92e-03	1.88e-01	5.79e-01	1.89e-01	3.64e-02	5.13e-03	2.83e-05	0.00e+00	1.65e-06	7.12e-15	8.46e-15
 2.80831e+23	2.04e-06	3.36e-03	2.02e-01	5.80e-01	1.78e-01	3.26e-02	4.36e-03	2.23e-05	0.00e+00	2.04e-06	9.14e-15	1.08e-14
 2.82382e+23	2.44e-06	3.77e-03	2.14e-01	5.79e-01	1.70e-01	2.96e-02	3.80e-03	1.83e-05	0.00e+00	2.44e-06	1.12e-14	1.33e-14
 2.83739e+23	2.90e-06	4.21e-03	2.26e-01	5.78e-01	1.61e-01	2.70e-02	3.32e-03	1.51e-05	0.00e+00	2.90e-06	1.37e-14	1.62e-14
 2.85287e+23	3.58e-06	4.83e-03	2.42e-01	5.75e-01	1.51e-01	2.40e-02	2.81e-03	1.18e-05	0.00e+00	3.58e-06	1.75e-14	2.07e-14
 2.86863e+23	4.27e-06	5.41e-03	2.55e-01	5.72e-01	1.43e-01	2.17e-02	2.43e-03	9.60e-06	0.00e+00	4.27e-06	2.14e-14	2.54e-14
 2.88255e+23	5.06e-06	6.03e-03	2.69e-01	5.68e-01	1.35e-01	1.96e-02	2.11e-03	7.83e-06	0.00e+00	5.06e-06	2.62e-14	3.10e-14
 2.89847e+23	6.26e-06	6.92e-03	2.87e-01	5.61e-01	1.26e-01	1.73e-02	1.76e-03	6.05e-06	0.00e+00	6.26e-06	3.36e-14	3.98e-14
 2.91461e+23	7.47e-06	7.75e-03	3.02e-01	5.55e-01	1.18e-01	1.55e-02	1.51e-03	4.86e-06	0.00e+00	7.47e-06	4.14e-14	4.89e-14
 2.92882e+23	8.86e-06	8.65e-03	3.17e-01	5.48e-01	1.11e-01	1.39e-02	1.30e-03	3.93e-06	0.00e+00	8.86e-06	5.06e-14	5.98e-14
 2.94506e+23	1.10e-05	9.91e-03	3.37e-01	5.37e-01	1.03e-01	1.21e-02	1.08e-03	3.00e-06	0.00e+00	1.10e-05	6.51e-14	7.70e-14
 2.96162e+23	1.31e-05	1.11e-02	3.53e-01	5.28e-01	9.59e-02	1.08e-02	9.17e-04	2.38e-06	0.00e+00	1.31e-05	8.03e-14	9.50e-14
 2.97632e+23	1.55e-05	1.24e-02	3.70e-01	5.18e-01	8.95e-02	9.61e-03	7.82e-04	1.90e-06	0.00e+00	1.55e-05	9.86e-14	1.17e-13
 2.99317e+23	1.93e-05	1.42e-02	3.91e-01	5.04e-01	8.18e-02	8.27e-03	6.38e-04	1.42e-06	0.00e+00	1.93e-05	1.28e-13	1.51e-13
 3.01035e+23	2.31e-05	1.59e-02	4.09e-01	4.91e-01	7.56e-02	7.27e-03	5.36e-04	1.11e-06	0.00e+00	2.31e-05	1.58e-13	1.87e-13
 3.02565e+23	2.75e-05	1.78e-02	4.27e-01	4.78e-01	6.98e-02	6.40e-03	4.52e-04	8.72e-07	0.00e+00	2.75e-05	1.96e-13	2.31e-13
 3.04323e+23	3.43e-05	2.05e-02	4.50e-01	4.61e-01	6.30e-02	5.43e-03	3.62e-04	6.39e-07	0.00e+00	3.43e-05	2.56e-13	3.02e-13
 3.06113e+23	4.15e-05	2.32e-02	4.69e-01	4.45e-01	5.76e-02	4.71e-03	3.00e-04	4.89e-07	0.00e+00	4.15e-05	3.21e-13	3.80e-13
 3.07670e+23	4.98e-05	2.62e-02	4.86e-01	4.30e-01	5.28e-02	4.11e-03	2.50e-04	3.80e-07	0.00e+00	4.98e-05	4.00e-13	4.73e-13
 3.08499e+23	5.14e-05	2.68e-02	4.88e-01	4.29e-01	5.23e-02	4.06e-03	2.46e-04	3.71e-07	0.00e+00	5.14e-05	4.13e-13	4.88e-13
