#depth	Ar	Ar+	Ar+2	Ar+3	Ar+4	Ar+5	Ar+6	Ar+7	Ar+8	Ar+9	Ar+10	Ar+11	Ar+12	Ar+13	Ar+14	Ar+15	Ar+16	Ar+17	Ar+18
 1.54284e+22	0.00e+00	0.00e+00	0.00e+00	0.00e+00	0.00e+00	3.74e-24	3.48e-21	2.16e-18	2.01e-15	5.79e-13	8.40e-11	6.03e-09	2.99e-07	7.83e-06	1.34e-04	2.44e-03	7.70e-02	3.62e-01	5.58e-01
 3.58240e+22	0.00e+00	0.00e+00	0.00e+00	0.00e+00	5.41e-26	6.25e-23	4.29e-20	3.56e-17	5.01e-14	1.02e-11	1.04e-09	5.29e-08	1.86e-06	3.45e-05	4.23e-04	5.49e-03	1.24e-01	4.15e-01	4.55e-01
 4.43439e+22	0.00e+00	0.00e+00	0.00e+00	5.56e-28	1.28e-24	1.18e-21	6.48e-19	4.25e-16	4.75e-13	7.58e-11	6.10e-09	2.43e-07	6.70e-06	9.75e-05	9.34e-04	9.50e-03	1.69e-01	4.42e-01	3.79e-01
 5.07385e+22	0.00e+00	0.00e+00	2.90e-30	8.67e-27	1.66e-23	1.27e-20	5.77e-18	3.09e-15	2.90e-12	3.83e-10	2.55e-08	8.35e-07	1.90e-05	2.26e-04	1.76e-03	1.46e-02	2.12e-01	4.54e-01	3.17e-01
 5.42911e+22	0.00e+00	0.00e+00	6.18e-30	1.77e-26	3.23e-23	2.36e-20	1.02e-17	5.16e-15	4.63e-12	5.83e-10	3.69e-08	1.15e-06	2.48e-05	2.81e-04	2.07e-03	1.63e-02	2.25e-01	4.55e-01	3.02e-01
 5.54136e+22	0.00e+00	0.00e+00	9.74e-30	2.72e-26	4.81e-23	3.40e-20	1.42e-17	6.98e-15	6.11e-12	7.49e-10	4.61e-08	1.39e-06	2.92e-05	3.20e-04	2.29e-03	1.74e-02	2.32e-01	4.55e-01	2.92e-01
 5.63610e+22	0.00e+00	0.00e+00	1.72e-29	4.65e-26	7.92e-23	5.39e-20	2.16e-17	1.02e-14	8.65e-12	1.02e-09	6.08e-08	1.77e-06	3.58e-05	3.76e-04	2.58e-03	1.88e-02	2.42e-01	4.55e-01	2.81e-01
 5.73404e+22	0.00e+00	0.00e+00	2.72e-29	7.17e-26	1.19e-22	7.82e-20	3.04e-17	1.39e-14	1.15e-11	1.32e-09	7.60e-08	2.15e-06	4.21e-05	4.29e-04	2.85e-03	2.01e-02	2.50e-01	4.55e-01	2.71e-01
 5.83614e+22	0.00e+00	0.00e+00	4.78e-29	1.22e-25	1.95e-22	1.23e-19	4.61e-17	2.02e-14	1.62e-11	1.80e-09	1.00e-07	2.73e-06	5.14e-05	5.04e-04	3.21e-03	2.17e-02	2.60e-01	4.54e-01	2.60e-01
 5.93894e+22	0.00e+00	0.00e+00	7.89e-29	1.96e-25	3.01e-22	1.84e-19	6.65e-17	2.80e-14	2.19e-11	2.37e-09	1.28e-07	3.36e-06	6.15e-05	5.81e-04	3.57e-03	2.33e-02	2.69e-01	4.53e-01	2.50e-01
 6.02466e+22	0.00e+00	0.00e+00	1.24e-28	2.98e-25	4.45e-22	2.64e-19	9.21e-17	3.75e-14	2.87e-11	3.02e-09	1.58e-07	4.06e-06	7.20e-05	6.61e-04	3.92e-03	2.48e-02	2.77e-01	4.52e-01	2.42e-01
 6.11808e+22	0.00e+00	0.00e+00	2.13e-28	4.99e-25	7.17e-22	4.09e-19	1.37e-16	5.36e-14	3.98e-11	4.07e-09	2.06e-07	5.10e-06	8.74e-05	7.72e-04	4.39e-03	2.67e-02	2.87e-01	4.50e-01	2.31e-01
 6.21483e+22	0.00e+00	0.00e+00	3.43e-28	7.80e-25	1.09e-21	5.99e-19	1.94e-16	7.31e-14	5.30e-11	5.26e-09	2.59e-07	6.22e-06	1.03e-04	8.82e-04	4.85e-03	2.84e-02	2.96e-01	4.48e-01	2.22e-01
 6.30193e+22	0.00e+00	0.00e+00	5.49e-28	1.21e-24	1.63e-21	8.71e-19	2.72e-16	9.89e-14	7.01e-11	6.79e-09	3.25e-07	7.56e-06	1.22e-04	1.01e-03	5.34e-03	3.03e-02	3.05e-01	4.45e-01	2.14e-01
 6.40117e+22	0.00e+00	0.00e+00	9.88e-28	2.11e-24	2.73e-21	1.39e-18	4.17e-16	1.45e-13	9.96e-11	9.33e-09	4.31e-07	9.66e-06	1.50e-04	1.19e-03	6.03e-03	3.27e-02	3.15e-01	4.42e-01	2.03e-01
 6.49865e+22	0.00e+00	0.00e+00	1.59e-27	3.30e-24	4.12e-21	2.03e-18	5.86e-16	1.96e-13	1.32e-10	1.21e-08	5.42e-07	1.18e-05	1.77e-04	1.36e-03	6.65e-03	3.48e-02	3.24e-01	4.38e-01	1.94e-01
 6.57844e+22	0.00e+00	0.00e+00	2.42e-27	4.89e-24	5.94e-21	2.84e-18	7.93e-16	2.57e-13	1.70e-10	1.51e-08	6.63e-07	1.40e-05	2.05e-04	1.53e-03	7.24e-03	3.67e-02	3.32e-01	4.35e-01	1.87e-01
 6.66675e+22	0.00e+00	9.19e-33	4.14e-27	8.08e-24	9.44e-21	4.33e-18	1.16e-15	3.60e-13	2.32e-10	2.02e-08	8.56e-07	1.75e-05	2.48e-04	1.78e-03	8.07e-03	3.93e-02	3.42e-01	4.31e-01	1.78e-01
 6.75802e+22	0.00e+00	1.51e-32	6.61e-27	1.25e-23	1.42e-20	6.26e-18	1.62e-15	4.83e-13	3.06e-10	2.59e-08	1.07e-06	2.12e-05	2.92e-04	2.02e-03	8.87e-03	4.16e-02	3.51e-01	4.26e-01	1.70e-01
 6.83959e+22	0.00e+00	2.42e-32	1.03e-26	1.90e-23	2.08e-20	8.90e-18	2.22e-15	6.40e-13	3.97e-10	3.28e-08	1.32e-06	2.55e-05	3.41e-04	2.29e-03	9.70e-03	4.40e-02	3.59e-01	4.22e-01	1.63e-01
 6.93210e+22	0.00e+00	4.47e-32	1.85e-26	3.28e-23	3.44e-20	1.41e-17	3.35e-15	9.19e-13	5.57e-10	4.48e-08	1.74e-06	3.24e-05	4.17e-04	2.69e-03	1.09e-02	4.72e-02	3.69e-01	4.16e-01	1.54e-01
 7.02242e+22	0.00e+00	7.05e-32	2.84e-26	4.91e-23	4.98e-20	1.97e-17	4.54e-15	1.20e-12	7.17e-10	5.63e-08	2.14e-06	3.86e-05	4.84e-04	3.03e-03	1.18e-02	4.97e-02	3.77e-01	4.11e-01	1.47e-01
 7.10989e+22	0.00e+00	1.25e-31	4.89e-26	8.16e-23	7.95e-20	3.01e-17	6.64e-15	1.68e-12	9.81e-10	7.50e-08	2.77e-06	4.82e-05	5.85e-04	3.51e-03	1.32e-02	5.30e-02	3.87e-01	4.04e-01	1.39e-01
 7.19957e+22	0.00e+00	2.02e-31	7.70e-26	1.25e-22	1.18e-19	4.32e-17	9.17e-15	2.24e-12	1.28e-09	9.56e-08	3.43e-06	5.81e-05	6.84e-04	3.98e-03	1.44e-02	5.59e-02	3.94e-01	3.98e-01	1.32e-01
 7.27875e+22	0.00e+00	3.23e-31	1.20e-25	1.89e-22	1.73e-19	6.09e-17	1.25e-14	2.93e-12	1.65e-09	1.21e-07	4.23e-06	6.96e-05	7.97e-04	4.49e-03	1.57e-02	5.88e-02	4.02e-01	3.92e-01	1.26e-01
 7.36833e+22	0.00e+00	5.84e-31	2.10e-25	3.19e-22	2.79e-19	9.42e-17	1.84e-14	4.13e-12	2.28e-09	1.62e-07	5.50e-06	8.74e-05	9.65e-04	5.22e-03	1.74e-02	6.26e-02	4.11e-01	3.84e-01	1.18e-01
 7.45862e+22	0.00e+00	9.43e-31	3.31e-25	4.88e-22	4.12e-19	1.34e-16	2.53e-14	5.45e-12	2.96e-09	2.06e-07	6.81e-06	1.05e-04	1.13e-03	5.90e-03	1.90e-02	6.58e-02	4.18e-01	3.78e-01	1.12e-01
 7.53778e+22	0.00e+00	1.51e-30	5.17e-25	7.41e-22	6.04e-19	1.90e-16	3.45e-14	7.15e-12	3.83e-09	2.61e-07	8.40e-06	1.26e-04	1.31e-03	6.64e-03	2.07e-02	6.91e-02	4.25e-01	3.71e-01	1.07e-01
 7.62863e+22	0.00e+00	2.72e-30	9.03e-25	1.25e-21	9.74e-19	2.93e-16	5.07e-14	1.00e-11	5.26e-09	3.49e-07	1.09e-05	1.58e-04	1.58e-03	7.70e-03	2.29e-02	7.33e-02	4.33e-01	3.62e-01	9.98e-02
 7.71993e+22	0.00e+00	4.48e-30	1.45e-24	1.94e-21	1.46e-18	4.22e-16	7.01e-14	1.33e-11	6.88e-09	4.47e-07	1.36e-05	1.90e-04	1.86e-03	8.73e-03	2.50e-02	7.69e-02	4.39e-01	3.54e-01	9.42e-02
 7.79794e+22	0.00e+00	7.12e-30	2.25e-24	2.92e-21	2.12e-18	5.92e-16	9.48e-14	1.73e-11	8.83e-09	5.62e-07	1.67e-05	2.27e-04	2.16e-03	9.80e-03	2.71e-02	8.05e-02	4.45e-01	3.47e-01	8.92e-02
 7.88550e+22	0.00e+00	1.26e-29	3.87e-24	4.84e-21	3.38e-18	8.99e-16	1.38e-13	2.39e-11	1.20e-08	7.46e-07	2.15e-05	2.82e-04	2.59e-03	1.13e-02	2.98e-02	8.49e-02	4.51e-01	3.37e-01	8.31e-02
 7.97693e+22	0.00e+00	2.13e-29	6.36e-24	7.69e-21	5.16e-18	1.32e-15	1.93e-13	3.21e-11	1.59e-08	9.64e-07	2.70e-05	3.44e-04	3.05e-03	1.28e-02	3.26e-02	8.90e-02	4.56e-01	3.28e-01	7.79e-02
 8.05590e+22	0.00e+00	3.34e-29	9.73e-24	1.14e-20	7.41e-18	1.82e-15	2.57e-13	4.12e-11	2.02e-08	1.20e-06	3.29e-05	4.07e-04	3.51e-03	1.43e-02	3.51e-02	9.27e-02	4.60e-01	3.20e-01	7.35e-02
 8.14105e+22	0.00e+00	5.91e-29	1.67e-23	1.89e-20	1.17e-17	2.76e-15	3.70e-13	5.65e-11	2.73e-08	1.59e-06	4.22e-05	5.04e-04	4.20e-03	1.64e-02	3.85e-02	9.73e-02	4.65e-01	3.10e-01	6.82e-02
 8.22668e+22	0.00e+00	9.51e-29	2.62e-23	2.87e-20	1.72e-17	3.88e-15	5.01e-13	7.33e-11	3.50e-08	2.00e-06	5.18e-05	6.02e-04	4.87e-03	1.84e-02	4.16e-02	1.01e-01	4.68e-01	3.01e-01	6.40e-02
 8.30026e+22	0.00e+00	1.46e-28	3.95e-23	4.20e-20	2.43e-17	5.31e-15	6.60e-13	9.31e-11	4.40e-08	2.47e-06	6.25e-05	7.07e-04	5.56e-03	2.04e-02	4.45e-02	1.05e-01	4.71e-01	2.93e-01	6.04e-02
 8.36934e+22	0.00e+00	2.23e-28	5.88e-23	6.08e-20	3.40e-17	7.16e-15	8.57e-13	1.16e-10	5.47e-08	3.02e-06	7.50e-05	8.25e-04	6.34e-03	2.25e-02	4.76e-02	1.08e-01	4.72e-01	2.85e-01	5.69e-02
 8.43352e+22	0.00e+00	3.28e-28	8.50e-23	8.55e-20	4.64e-17	9.44e-15	1.09e-12	1.43e-10	6.69e-08	3.64e-06	8.86e-05	9.52e-04	7.13e-03	2.47e-02	5.05e-02	1.12e-01	4.74e-01	2.78e-01	5.38e-02
 8.49233e+22	0.00e+00	4.72e-28	1.20e-22	1.18e-19	6.20e-17	1.22e-14	1.37e-12	1.74e-10	8.06e-08	4.34e-06	1.04e-04	1.09e-03	7.97e-03	2.68e-02	5.34e-02	1.15e-01	4.74e-01	2.70e-01	5.11e-02
 8.54635e+22	0.00e+00	6.44e-28	1.61e-22	1.55e-19	7.95e-17	1.53e-14	1.66e-12	2.05e-10	9.48e-08	5.04e-06	1.18e-04	1.22e-03	8.76e-03	2.88e-02	5.60e-02	1.17e-01	4.75e-01	2.64e-01	4.88e-02
 8.60703e+22	0.00e+00	9.73e-28	2.39e-22	2.22e-19	1.11e-16	2.05e-14	2.15e-12	2.56e-10	1.17e-07	6.14e-06	1.41e-04	1.42e-03	9.92e-03	3.17e-02	5.95e-02	1.21e-01	4.75e-01	2.56e-01	4.58e-02
 8.66736e+22	0.00e+00	1.37e-27	3.31e-22	3.01e-19	1.45e-16	2.61e-14	2.66e-12	3.06e-10	1.40e-07	7.23e-06	1.64e-04	1.61e-03	1.10e-02	3.42e-02	6.26e-02	1.23e-01	4.74e-01	2.49e-01	4.34e-02
 8.71759e+22	0.00e+00	1.90e-27	4.50e-22	3.99e-19	1.88e-16	3.28e-14	3.23e-12	3.61e-10	1.65e-07	8.42e-06	1.87e-04	1.80e-03	1.21e-02	3.68e-02	6.55e-02	1.26e-01	4.74e-01	2.43e-01	4.13e-02
 8.77326e+22	0.00e+00	2.81e-27	6.55e-22	5.64e-19	2.56e-16	4.32e-14	4.10e-12	4.42e-10	2.01e-07	1.01e-05	2.21e-04	2.08e-03	1.36e-02	4.02e-02	6.93e-02	1.29e-01	4.72e-01	2.35e-01	3.87e-02
 8.83037e+22	0.00e+00	3.89e-27	8.91e-22	7.49e-19	3.31e-16	5.43e-14	5.00e-12	5.23e-10	2.37e-07	1.18e-05	2.54e-04	2.33e-03	1.50e-02	4.32e-02	7.25e-02	1.31e-01	4.70e-01	2.28e-01	3.67e-02
 8.87965e+22	0.00e+00	5.32e-27	1.20e-21	9.86e-19	4.25e-16	6.75e-14	6.03e-12	6.12e-10	2.77e-07	1.37e-05	2.90e-04	2.61e-03	1.64e-02	4.62e-02	7.57e-02	1.34e-01	4.68e-01	2.22e-01	3.49e-02
 8.92611e+22	0.00e+00	7.18e-27	1.60e-21	1.28e-18	5.37e-16	8.31e-14	7.22e-12	7.12e-10	3.22e-07	1.58e-05	3.28e-04	2.90e-03	1.79e-02	4.93e-02	7.88e-02	1.36e-01	4.66e-01	2.16e-01	3.31e-02
 8.97860e+22	0.00e+00	1.04e-26	2.27e-21	1.77e-18	7.19e-16	1.07e-13	9.00e-12	8.57e-10	3.87e-07	1.87e-05	3.83e-04	3.30e-03	1.99e-02	5.33e-02	8.27e-02	1.38e-01	4.63e-01	2.08e-01	3.11e-02
 9.03239e+22	0.00e+00	1.41e-26	3.04e-21	2.32e-18	9.17e-16	1.33e-13	1.08e-11	1.00e-09	4.51e-07	2.16e-05	4.35e-04	3.68e-03	2.18e-02	5.69e-02	8.60e-02	1.40e-01	4.60e-01	2.02e-01	2.94e-02
 9.08787e+22	4.99e-33	2.14e-26	4.51e-21	3.33e-18	1.27e-15	1.77e-13	1.38e-11	1.22e-09	5.52e-07	2.62e-05	5.16e-04	4.25e-03	2.45e-02	6.20e-02	9.06e-02	1.43e-01	4.55e-01	1.93e-01	2.73e-02
 9.14216e+22	6.86e-33	2.90e-26	6.02e-21	4.33e-18	1.61e-15	2.18e-13	1.65e-11	1.42e-09	6.41e-07	3.01e-05	5.84e-04	4.72e-03	2.67e-02	6.60e-02	9.40e-02	1.44e-01	4.51e-01	1.87e-01	2.58e-02
 9.18607e+22	9.34e-33	3.89e-26	7.97e-21	5.59e-18	2.02e-15	2.65e-13	1.95e-11	1.63e-09	7.38e-07	3.44e-05	6.59e-04	5.22e-03	2.90e-02	7.00e-02	9.73e-02	1.46e-01	4.46e-01	1.81e-01	2.44e-02
 9.22720e+22	1.25e-32	5.13e-26	1.04e-20	7.11e-18	2.50e-15	3.20e-13	2.28e-11	1.85e-09	8.42e-07	3.89e-05	7.37e-04	5.74e-03	3.13e-02	7.40e-02	1.01e-01	1.47e-01	4.42e-01	1.75e-01	2.31e-02
 9.27353e+22	1.78e-32	7.21e-26	1.44e-20	9.56e-18	3.25e-15	4.03e-13	2.77e-11	2.18e-09	9.92e-07	4.54e-05	8.45e-04	6.44e-03	3.43e-02	7.91e-02	1.04e-01	1.49e-01	4.36e-01	1.68e-01	2.16e-02
 9.32137e+22	2.47e-32	9.83e-26	1.93e-20	1.25e-17	4.13e-15	4.95e-13	3.30e-11	2.51e-09	1.15e-06	5.22e-05	9.57e-04	7.14e-03	3.73e-02	8.40e-02	1.08e-01	1.50e-01	4.30e-01	1.62e-01	2.03e-02
 9.36316e+22	3.27e-32	1.29e-25	2.49e-20	1.58e-17	5.08e-15	5.94e-13	3.84e-11	2.84e-09	1.30e-06	5.89e-05	1.06e-03	7.81e-03	4.01e-02	8.84e-02	1.11e-01	1.51e-01	4.25e-01	1.57e-01	1.92e-02
 9.40948e+22	4.84e-32	1.87e-25	3.56e-20	2.18e-17	6.77e-15	7.59e-13	4.71e-11	3.36e-09	1.55e-06	6.94e-05	1.23e-03	8.83e-03	4.43e-02	9.48e-02	1.15e-01	1.52e-01	4.17e-01	1.49e-01	1.78e-02
 9.45593e+22	6.55e-32	2.49e-25	4.68e-20	2.79e-17	8.43e-15	9.18e-13	5.52e-11	3.81e-09	1.77e-06	7.88e-05	1.38e-03	9.70e-03	4.77e-02	9.99e-02	1.19e-01	1.52e-01	4.10e-01	1.43e-01	1.67e-02
 9.50253e+22	9.68e-32	3.62e-25	6.68e-20	3.86e-17	1.12e-14	1.17e-12	6.76e-11	4.49e-09	2.10e-06	9.27e-05	1.60e-03	1.09e-02	5.25e-02	1.07e-01	1.23e-01	1.53e-01	4.01e-01	1.36e-01	1.54e-02
 9.54984e+22	1.33e-31	4.91e-25	8.93e-20	5.01e-17	1.41e-14	1.43e-12	7.96e-11	5.11e-09	2.41e-06	1.06e-04	1.80e-03	1.21e-02	5.68e-02	1.13e-01	1.26e-01	1.53e-01	3.93e-01	1.30e-01	1.44e-02
 9.59037e+22	1.78e-31	6.46e-25	1.16e-19	6.35e-17	1.74e-14	1.71e-12	9.23e-11	5.76e-09	2.74e-06	1.19e-04	2.00e-03	1.31e-02	6.08e-02	1.18e-01	1.29e-01	1.53e-01	3.85e-01	1.25e-01	1.35e-02
 9.63532e+22	2.67e-31	9.55e-25	1.69e-19	8.87e-17	2.33e-14	2.19e-12	1.13e-10	6.74e-09	3.25e-06	1.40e-04	2.31e-03	1.49e-02	6.69e-02	1.26e-01	1.33e-01	1.53e-01	3.74e-01	1.17e-01	1.23e-02
 9.67949e+22	3.54e-31	1.25e-24	2.18e-19	1.12e-16	2.85e-14	2.60e-12	1.30e-10	7.55e-09	3.66e-06	1.57e-04	2.56e-03	1.61e-02	7.14e-02	1.31e-01	1.36e-01	1.52e-01	3.66e-01	1.12e-01	1.15e-02
 9.72266e+22	5.24e-31	1.82e-24	3.12e-19	1.54e-16	3.76e-14	3.29e-12	1.57e-10	8.76e-09	4.30e-06	1.84e-04	2.94e-03	1.81e-02	7.81e-02	1.39e-01	1.40e-01	1.51e-01	3.55e-01	1.05e-01	1.05e-02
 9.76511e+22	6.92e-31	2.37e-24	4.01e-19	1.93e-16	4.59e-14	3.89e-12	1.80e-10	9.75e-09	4.83e-06	2.05e-04	3.24e-03	1.96e-02	8.30e-02	1.45e-01	1.42e-01	1.50e-01	3.46e-01	1.01e-01	9.78e-03
 9.80664e+22	1.02e-30	3.42e-24	5.70e-19	2.63e-16	6.02e-14	4.89e-12	2.16e-10	1.12e-08	5.63e-06	2.38e-04	3.69e-03	2.18e-02	9.03e-02	1.53e-01	1.45e-01	1.49e-01	3.34e-01	9.41e-02	8.87e-03
 9.84834e+22	1.35e-30	4.49e-24	7.38e-19	3.32e-16	7.36e-14	5.79e-12	2.48e-10	1.25e-08	6.32e-06	2.66e-04	4.07e-03	2.36e-02	9.58e-02	1.59e-01	1.47e-01	1.47e-01	3.25e-01	8.94e-02	8.25e-03
 9.89027e+22	2.01e-30	6.56e-24	1.06e-18	4.57e-16	9.71e-14	7.30e-12	2.98e-10	1.44e-08	7.39e-06	3.09e-04	4.65e-03	2.62e-02	1.04e-01	1.67e-01	1.50e-01	1.45e-01	3.11e-01	8.31e-02	7.42e-03
 9.93222e+22	2.68e-30	8.67e-24	1.38e-18	5.79e-16	1.19e-13	8.67e-12	3.42e-10	1.59e-08	8.28e-06	3.45e-04	5.12e-03	2.84e-02	1.10e-01	1.74e-01	1.52e-01	1.43e-01	3.02e-01	7.86e-02	6.86e-03
 9.97419e+22	4.03e-30	1.28e-23	2.01e-18	8.03e-16	1.58e-13	1.09e-11	4.11e-10	1.83e-08	9.67e-06	4.01e-04	5.84e-03	3.15e-02	1.20e-01	1.82e-01	1.54e-01	1.40e-01	2.88e-01	7.24e-02	6.12e-03
 1.00164e+23	5.42e-30	1.70e-23	2.63e-18	1.02e-15	1.94e-13	1.30e-11	4.72e-10	2.03e-08	1.08e-05	4.47e-04	6.43e-03	3.40e-02	1.27e-01	1.88e-01	1.55e-01	1.38e-01	2.77e-01	6.82e-02	5.62e-03
 1.00589e+23	8.08e-30	2.49e-23	3.79e-18	1.41e-15	2.56e-13	1.64e-11	5.65e-10	2.33e-08	1.26e-05	5.16e-04	7.29e-03	3.76e-02	1.36e-01	1.96e-01	1.57e-01	1.35e-01	2.63e-01	6.26e-02	5.00e-03
 1.01010e+23	1.09e-29	3.32e-23	4.99e-18	1.79e-15	3.15e-13	1.95e-11	6.47e-10	2.58e-08	1.41e-05	5.74e-04	8.00e-03	4.04e-02	1.44e-01	2.02e-01	1.57e-01	1.32e-01	2.53e-01	5.86e-02	4.56e-03
 1.01427e+23	1.63e-29	4.87e-23	7.18e-18	2.47e-15	4.14e-13	2.44e-11	7.72e-10	2.94e-08	1.62e-05	6.60e-04	9.02e-03	4.45e-02	1.54e-01	2.10e-01	1.58e-01	1.28e-01	2.39e-01	5.35e-02	4.03e-03
 1.01850e+23	2.24e-29	6.59e-23	9.59e-18	3.18e-15	5.14e-13	2.92e-11	8.88e-10	3.26e-08	1.82e-05	7.35e-04	9.90e-03	4.78e-02	1.62e-01	2.16e-01	1.58e-01	1.25e-01	2.28e-01	4.97e-02	3.65e-03
 1.02282e+23	3.38e-29	9.79e-23	1.40e-17	4.42e-15	6.82e-13	3.68e-11	1.06e-09	3.73e-08	2.10e-05	8.44e-04	1.12e-02	5.25e-02	1.73e-01	2.23e-01	1.58e-01	1.20e-01	2.13e-01	4.50e-02	3.19e-03
 1.02718e+23	4.69e-29	1.34e-22	1.88e-17	5.73e-15	8.51e-13	4.42e-11	1.23e-09	4.14e-08	2.34e-05	9.39e-04	1.22e-02	5.63e-02	1.82e-01	2.29e-01	1.57e-01	1.16e-01	2.02e-01	4.15e-02	2.86e-03
 1.03162e+23	7.18e-29	2.01e-22	2.78e-17	8.05e-15	1.14e-12	5.61e-11	1.48e-09	4.75e-08	2.70e-05	1.08e-03	1.38e-02	6.16e-02	1.93e-01	2.35e-01	1.56e-01	1.11e-01	1.88e-01	3.72e-02	2.47e-03
 1.03607e+23	9.97e-29	2.75e-22	3.74e-17	1.04e-14	1.42e-12	6.74e-11	1.70e-09	5.28e-08	3.01e-05	1.19e-03	1.50e-02	6.59e-02	2.02e-01	2.40e-01	1.55e-01	1.08e-01	1.78e-01	3.41e-02	2.21e-03
 1.03991e+23	1.37e-28	3.74e-22	5.01e-17	1.34e-14	1.76e-12	8.06e-11	1.96e-09	5.85e-08	3.34e-05	1.32e-03	1.63e-02	7.02e-02	2.11e-01	2.44e-01	1.53e-01	1.04e-01	1.68e-01	3.13e-02	1.97e-03
 1.04425e+23	2.09e-28	5.58e-22	7.34e-17	1.87e-14	2.34e-12	1.02e-10	2.34e-09	6.68e-08	3.81e-05	1.49e-03	1.82e-02	7.60e-02	2.22e-01	2.48e-01	1.51e-01	9.86e-02	1.55e-01	2.79e-02	1.69e-03
 1.04858e+23	2.83e-28	7.46e-22	9.66e-17	2.38e-14	2.87e-12	1.21e-10	2.68e-09	7.39e-08	4.19e-05	1.64e-03	1.96e-02	8.04e-02	2.30e-01	2.51e-01	1.49e-01	9.49e-02	1.46e-01	2.56e-02	1.51e-03
 1.05291e+23	4.26e-28	1.10e-21	1.40e-16	3.29e-14	3.78e-12	1.51e-10	3.20e-09	8.43e-08	4.75e-05	1.84e-03	2.16e-02	8.65e-02	2.41e-01	2.55e-01	1.46e-01	8.99e-02	1.35e-01	2.28e-02	1.30e-03
 1.05728e+23	5.79e-28	1.48e-21	1.85e-16	4.19e-14	4.65e-12	1.80e-10	3.66e-09	9.33e-08	5.21e-05	2.01e-03	2.32e-02	9.11e-02	2.49e-01	2.57e-01	1.43e-01	8.63e-02	1.26e-01	2.08e-02	1.16e-03
 1.06173e+23	8.66e-28	2.17e-21	2.66e-16	5.75e-14	6.10e-12	2.25e-10	4.37e-09	1.07e-07	5.88e-05	2.25e-03	2.55e-02	9.75e-02	2.59e-01	2.59e-01	1.40e-01	8.15e-02	1.16e-01	1.84e-02	9.90e-04
 1.06630e+23	1.20e-27	2.96e-21	3.56e-16	7.43e-14	7.60e-12	2.71e-10	5.05e-09	1.19e-07	6.47e-05	2.46e-03	2.74e-02	1.03e-01	2.67e-01	2.60e-01	1.37e-01	7.77e-02	1.08e-01	1.67e-02	8.71e-04
 1.07102e+23	1.82e-27	4.40e-21	5.19e-16	1.03e-13	1.01e-11	3.42e-10	6.08e-09	1.37e-07	7.31e-05	2.75e-03	3.00e-02	1.10e-01	2.77e-01	2.61e-01	1.32e-01	7.29e-02	9.88e-02	1.47e-02	7.37e-04
 1.07584e+23	2.52e-27	5.99e-21	6.95e-16	1.33e-13	1.25e-11	4.11e-10	7.04e-09	1.53e-07	8.03e-05	3.00e-03	3.22e-02	1.15e-01	2.84e-01	2.62e-01	1.29e-01	6.93e-02	9.19e-02	1.32e-02	6.46e-04
 1.08078e+23	3.82e-27	8.90e-21	1.01e-15	1.84e-13	1.66e-11	5.21e-10	8.50e-09	1.77e-07	9.06e-05	3.34e-03	3.51e-02	1.22e-01	2.93e-01	2.61e-01	1.25e-01	6.47e-02	8.34e-02	1.16e-02	5.45e-04
 1.08586e+23	5.34e-27	1.22e-20	1.36e-15	2.39e-13	2.08e-11	6.30e-10	9.90e-09	1.99e-07	9.97e-05	3.64e-03	3.76e-02	1.28e-01	3.00e-01	2.61e-01	1.21e-01	6.12e-02	7.71e-02	1.04e-02	4.74e-04
 1.09040e+23	7.38e-27	1.66e-20	1.82e-15	3.08e-13	2.59e-11	7.57e-10	1.15e-08	2.23e-07	1.09e-04	3.96e-03	4.01e-02	1.34e-01	3.06e-01	2.60e-01	1.17e-01	5.79e-02	7.13e-02	9.32e-03	4.13e-04
 1.09558e+23	1.11e-26	2.45e-20	2.62e-15	4.25e-13	3.42e-11	9.58e-10	1.39e-08	2.58e-07	1.23e-04	4.39e-03	4.34e-02	1.41e-01	3.14e-01	2.58e-01	1.13e-01	5.39e-02	6.45e-02	8.11e-03	3.46e-04
 1.10084e+23	1.53e-26	3.32e-20	3.49e-15	5.46e-13	4.25e-11	1.15e-09	1.61e-08	2.89e-07	1.35e-04	4.75e-03	4.62e-02	1.47e-01	3.20e-01	2.56e-01	1.09e-01	5.08e-02	5.95e-02	7.26e-03	3.01e-04
 1.10620e+23	2.31e-26	4.88e-20	5.01e-15	7.50e-13	5.61e-11	1.46e-09	1.95e-08	3.35e-07	1.51e-04	5.26e-03	4.98e-02	1.54e-01	3.26e-01	2.53e-01	1.04e-01	4.71e-02	5.36e-02	6.30e-03	2.52e-04
 1.11141e+23	3.07e-26	6.40e-20	6.46e-15	9.37e-13	6.81e-11	1.72e-09	2.23e-08	3.73e-07	1.64e-04	5.64e-03	5.25e-02	1.60e-01	3.31e-01	2.50e-01	1.01e-01	4.46e-02	4.98e-02	5.69e-03	2.21e-04
 1.11642e+23	4.46e-26	9.10e-20	8.98e-15	1.25e-12	8.76e-11	2.13e-09	2.65e-08	4.28e-07	1.82e-04	6.17e-03	5.62e-02	1.67e-01	3.36e-01	2.47e-01	9.62e-02	4.15e-02	4.51e-02	4.98e-03	1.87e-04
 1.12152e+23	5.92e-26	1.19e-19	1.15e-14	1.56e-12	1.06e-10	2.51e-09	3.04e-08	4.76e-07	1.98e-04	6.61e-03	5.91e-02	1.72e-01	3.40e-01	2.44e-01	9.29e-02	3.93e-02	4.18e-02	4.49e-03	1.64e-04
 1.12675e+23	8.54e-26	1.68e-19	1.59e-14	2.07e-12	1.36e-10	3.11e-09	3.62e-08	5.46e-07	2.20e-04	7.22e-03	6.30e-02	1.79e-01	3.44e-01	2.40e-01	8.86e-02	3.64e-02	3.78e-02	3.92e-03	1.39e-04
 1.13211e+23	1.15e-25	2.22e-19	2.06e-14	2.61e-12	1.67e-10	3.70e-09	4.17e-08	6.11e-07	2.40e-04	7.74e-03	6.64e-02	1.85e-01	3.47e-01	2.36e-01	8.51e-02	3.43e-02	3.48e-02	3.51e-03	1.21e-04
 1.13764e+23	1.67e-25	3.15e-19	2.86e-14	3.48e-12	2.15e-10	4.60e-09	4.99e-08	7.05e-07	2.67e-04	8.46e-03	7.07e-02	1.92e-01	3.51e-01	2.31e-01	8.08e-02	3.17e-02	3.14e-02	3.05e-03	1.01e-04
 1.14308e+23	2.20e-25	4.07e-19	3.64e-14	4.30e-12	2.59e-10	5.40e-09	5.70e-08	7.83e-07	2.89e-04	9.02e-03	7.40e-02	1.97e-01	3.53e-01	2.27e-01	7.77e-02	2.99e-02	2.90e-02	2.74e-03	8.85e-05
 1.14839e+23	3.14e-25	5.70e-19	4.97e-14	5.66e-12	3.30e-10	6.65e-09	6.77e-08	8.98e-07	3.20e-04	9.80e-03	7.85e-02	2.04e-01	3.55e-01	2.22e-01	7.38e-02	2.76e-02	2.61e-02	2.39e-03	7.44e-05
 1.15374e+23	4.08e-25	7.27e-19	6.23e-14	6.93e-12	3.94e-10	7.76e-09	7.69e-08	9.95e-07	3.46e-04	1.04e-02	8.20e-02	2.09e-01	3.57e-01	2.18e-01	7.09e-02	2.61e-02	2.42e-02	2.16e-03	6.55e-05
 1.15917e+23	5.79e-25	1.01e-18	8.46e-14	9.07e-12	5.00e-10	9.53e-09	9.12e-08	1.14e-06	3.83e-04	1.13e-02	8.67e-02	2.16e-01	3.58e-01	2.13e-01	6.71e-02	2.41e-02	2.18e-02	1.87e-03	5.50e-05
 1.16470e+23	7.56e-25	1.30e-18	1.07e-13	1.11e-11	5.99e-10	1.12e-08	1.04e-07	1.27e-06	4.14e-04	1.20e-02	9.05e-02	2.21e-01	3.59e-01	2.08e-01	6.43e-02	2.26e-02	2.01e-02	1.68e-03	4.81e-05
 1.17038e+23	1.08e-24	1.80e-18	1.45e-13	1.46e-11	7.62e-10	1.37e-08	1.24e-07	1.46e-06	4.59e-04	1.30e-02	9.56e-02	2.28e-01	3.60e-01	2.03e-01	6.07e-02	2.08e-02	1.80e-02	1.46e-03	4.02e-05
 1.17616e+23	1.41e-24	2.32e-18	1.83e-13	1.80e-11	9.17e-10	1.61e-08	1.41e-07	1.62e-06	4.98e-04	1.39e-02	9.97e-02	2.33e-01	3.60e-01	1.98e-01	5.79e-02	1.95e-02	1.66e-02	1.30e-03	3.50e-05
 1.18208e+23	2.02e-24	3.24e-18	2.49e-13	2.37e-11	1.17e-09	1.99e-08	1.69e-07	1.87e-06	5.53e-04	1.50e-02	1.05e-01	2.39e-01	3.60e-01	1.92e-01	5.45e-02	1.79e-02	1.48e-02	1.12e-03	2.91e-05
 1.18811e+23	2.65e-24	4.18e-18	3.14e-13	2.92e-11	1.41e-09	2.34e-08	1.93e-07	2.08e-06	6.01e-04	1.60e-02	1.10e-01	2.44e-01	3.59e-01	1.87e-01	5.19e-02	1.67e-02	1.36e-02	1.00e-03	2.52e-05
 1.19339e+23	3.46e-24	5.35e-18	3.95e-13	3.58e-11	1.69e-09	2.74e-08	2.20e-07	2.32e-06	6.50e-04	1.70e-02	1.14e-01	2.49e-01	3.59e-01	1.82e-01	4.94e-02	1.56e-02	1.24e-02	8.93e-04	2.19e-05
 1.19937e+23	4.88e-24	7.36e-18	5.30e-13	4.65e-11	2.13e-09	3.36e-08	2.61e-07	2.66e-06	7.20e-04	1.84e-02	1.20e-01	2.55e-01	3.57e-01	1.76e-01	4.64e-02	1.43e-02	1.11e-02	7.70e-04	1.83e-05
 1.20536e+23	6.25e-24	9.26e-18	6.54e-13	5.62e-11	2.52e-09	3.90e-08	2.96e-07	2.94e-06	7.77e-04	1.94e-02	1.24e-01	2.60e-01	3.56e-01	1.71e-01	4.42e-02	1.34e-02	1.02e-02	6.92e-04	1.60e-05
 1.21136e+23	8.79e-24	1.27e-17	8.76e-13	7.28e-11	3.18e-09	4.77e-08	3.50e-07	3.38e-06	8.60e-04	2.09e-02	1.30e-01	2.65e-01	3.54e-01	1.65e-01	4.14e-02	1.23e-02	9.12e-03	5.95e-04	1.33e-05
 1.21745e+23	1.13e-23	1.60e-17	1.08e-12	8.82e-11	3.77e-09	5.53e-08	3.97e-07	3.74e-06	9.28e-04	2.21e-02	1.35e-01	2.70e-01	3.52e-01	1.61e-01	3.94e-02	1.15e-02	8.38e-03	5.33e-04	1.16e-05
 1.22366e+23	1.58e-23	2.18e-17	1.44e-12	1.14e-10	4.72e-09	6.75e-08	4.69e-07	4.28e-06	1.03e-03	2.38e-02	1.42e-01	2.75e-01	3.49e-01	1.54e-01	3.68e-02	1.05e-02	7.47e-03	4.59e-04	9.66e-06
 1.23007e+23	2.07e-23	2.81e-17	1.81e-12	1.40e-10	5.69e-09	7.93e-08	5.37e-07	4.79e-06	1.11e-03	2.53e-02	1.47e-01	2.79e-01	3.46e-01	1.49e-01	3.48e-02	9.75e-03	6.80e-03	4.06e-04	8.30e-06
 1.23674e+23	2.90e-23	3.84e-17	2.41e-12	1.81e-10	7.16e-09	9.71e-08	6.37e-07	5.50e-06	1.24e-03	2.73e-02	1.54e-01	2.85e-01	3.42e-01	1.43e-01	3.24e-02	8.87e-03	6.03e-03	3.48e-04	6.87e-06
 1.24365e+23	3.88e-23	5.02e-17	3.08e-12	2.25e-10	8.71e-09	1.15e-07	7.36e-07	6.19e-06	1.35e-03	2.90e-02	1.60e-01	2.89e-01	3.39e-01	1.38e-01	3.04e-02	8.17e-03	5.44e-03	3.04e-04	5.83e-06
 1.25087e+23	5.54e-23	6.97e-17	4.16e-12	2.95e-10	1.11e-08	1.42e-07	8.80e-07	7.16e-06	1.50e-03	3.14e-02	1.67e-01	2.94e-01	3.34e-01	1.31e-01	2.81e-02	7.38e-03	4.78e-03	2.58e-04	4.76e-06
 1.25830e+23	7.49e-23	9.21e-17	5.36e-12	3.71e-10	1.36e-08	1.70e-07	1.02e-06	8.09e-06	1.65e-03	3.35e-02	1.74e-01	2.98e-01	3.30e-01	1.26e-01	2.63e-02	6.76e-03	4.28e-03	2.24e-04	4.00e-06
 1.26603e+23	1.09e-22	1.30e-16	7.31e-12	4.91e-10	1.75e-08	2.12e-07	1.23e-06	9.42e-06	1.84e-03	3.62e-02	1.82e-01	3.02e-01	3.24e-01	1.19e-01	2.41e-02	6.06e-03	3.74e-03	1.87e-04	3.23e-06
 1.27402e+23	1.49e-22	1.73e-16	9.54e-12	6.24e-10	2.17e-08	2.56e-07	1.44e-06	1.07e-05	2.03e-03	3.87e-02	1.89e-01	3.06e-01	3.19e-01	1.14e-01	2.24e-02	5.51e-03	3.32e-03	1.61e-04	2.68e-06
 1.28126e+23	2.02e-22	2.30e-16	1.23e-11	7.86e-10	2.66e-08	3.07e-07	1.68e-06	1.21e-05	2.22e-03	4.13e-02	1.96e-01	3.09e-01	3.13e-01	1.09e-01	2.08e-02	5.02e-03	2.96e-03	1.39e-04	2.24e-06
 1.28956e+23	2.98e-22	3.27e-16	1.70e-11	1.05e-09	3.46e-08	3.85e-07	2.04e-06	1.42e-05	2.50e-03	4.47e-02	2.05e-01	3.13e-01	3.06e-01	1.02e-01	1.89e-02	4.45e-03	2.55e-03	1.15e-04	1.78e-06
 1.29804e+23	4.10e-22	4.39e-16	2.22e-11	1.34e-09	4.29e-08	4.66e-07	2.39e-06	1.62e-05	2.75e-03	4.78e-02	2.13e-01	3.16e-01	3.00e-01	9.72e-02	1.75e-02	4.03e-03	2.25e-03	9.79e-05	1.46e-06
 1.30560e+23	5.57e-22	5.82e-16	2.86e-11	1.68e-09	5.27e-08	5.58e-07	2.78e-06	1.83e-05	3.01e-03	5.09e-02	2.20e-01	3.18e-01	2.93e-01	9.24e-02	1.62e-02	3.65e-03	2.00e-03	8.41e-05	1.22e-06
 1.31429e+23	8.39e-22	8.46e-16	4.02e-11	2.28e-09	6.93e-08	7.10e-07	3.41e-06	2.16e-05	3.40e-03	5.52e-02	2.30e-01	3.21e-01	2.85e-01	8.61e-02	1.46e-02	3.20e-03	1.69e-03	6.82e-05	9.43e-07
 1.32305e+23	1.14e-21	1.12e-15	5.18e-11	2.87e-09	8.52e-08	8.50e-07	3.96e-06	2.45e-05	3.73e-03	5.87e-02	2.38e-01	3.22e-01	2.78e-01	8.16e-02	1.34e-02	2.89e-03	1.50e-03	5.83e-05	7.81e-07
 1.33189e+23	1.72e-21	1.63e-15	7.28e-11	3.90e-09	1.12e-07	1.08e-06	4.86e-06	2.90e-05	4.21e-03	6.36e-02	2.48e-01	3.24e-01	2.69e-01	7.56e-02	1.20e-02	2.52e-03	1.26e-03	4.70e-05	6.01e-07
 1.34085e+23	2.36e-21	2.18e-15	9.45e-11	4.94e-09	1.39e-07	1.30e-06	5.68e-06	3.29e-05	4.62e-03	6.77e-02	2.56e-01	3.25e-01	2.62e-01	7.13e-02	1.10e-02	2.26e-03	1.11e-03	3.97e-05	4.91e-07
 1.34995e+23	3.56e-21	3.17e-15	1.33e-10	6.71e-09	1.83e-07	1.66e-06	6.98e-06	3.89e-05	5.22e-03	7.33e-02	2.66e-01	3.25e-01	2.52e-01	6.57e-02	9.77e-03	1.96e-03	9.27e-04	3.18e-05	3.74e-07
 1.35864e+23	4.70e-21	4.09e-15	1.67e-10	8.26e-09	2.20e-07	1.96e-06	8.00e-06	4.35e-05	5.66e-03	7.73e-02	2.73e-01	3.26e-01	2.45e-01	6.22e-02	9.02e-03	1.78e-03	8.22e-04	2.73e-05	3.12e-07
 1.36681e+23	6.83e-21	5.75e-15	2.27e-10	1.09e-08	2.83e-07	2.44e-06	9.65e-06	5.08e-05	6.32e-03	8.29e-02	2.82e-01	3.25e-01	2.36e-01	5.75e-02	8.06e-03	1.55e-03	6.95e-04	2.21e-05	2.42e-07
 1.37499e+23	9.02e-21	7.41e-15	2.85e-10	1.34e-08	3.40e-07	2.87e-06	1.11e-05	5.69e-05	6.85e-03	8.73e-02	2.89e-01	3.25e-01	2.29e-01	5.42e-02	7.41e-03	1.40e-03	6.14e-04	1.89e-05	2.00e-07
 1.38318e+23	1.29e-20	1.03e-14	3.82e-10	1.75e-08	4.33e-07	3.56e-06	1.33e-05	6.60e-05	7.62e-03	9.34e-02	2.97e-01	3.23e-01	2.20e-01	5.01e-02	6.62e-03	1.22e-03	5.20e-04	1.53e-05	1.56e-07
 1.39157e+23	1.74e-20	1.35e-14	4.87e-10	2.17e-08	5.28e-07	4.24e-06	1.54e-05	7.46e-05	8.31e-03	9.86e-02	3.04e-01	3.22e-01	2.12e-01	4.68e-02	6.02e-03	1.09e-03	4.52e-04	1.29e-05	1.26e-07
 1.40021e+23	2.55e-20	1.90e-14	6.63e-10	2.87e-08	6.82e-07	5.33e-06	1.87e-05	8.75e-05	9.31e-03	1.06e-01	3.13e-01	3.20e-01	2.03e-01	4.28e-02	5.30e-03	9.40e-04	3.76e-04	1.02e-05	0.00e+00
 1.40889e+23	3.41e-20	2.48e-14	8.39e-10	3.56e-08	8.29e-07	6.34e-06	2.16e-05	9.88e-05	1.01e-02	1.11e-01	3.20e-01	3.17e-01	1.95e-01	3.98e-02	4.81e-03	8.36e-04	3.27e-04	8.54e-06	0.00e+00
 1.41763e+23	4.97e-20	3.49e-14	1.14e-09	4.69e-08	1.07e-06	7.95e-06	2.62e-05	1.16e-04	1.13e-02	1.19e-01	3.29e-01	3.14e-01	1.85e-01	3.62e-02	4.21e-03	7.16e-04	2.70e-04	6.73e-06	0.00e+00
 1.42653e+23	6.71e-20	4.58e-14	1.45e-09	5.85e-08	1.31e-06	9.54e-06	3.06e-05	1.32e-04	1.24e-02	1.26e-01	3.35e-01	3.11e-01	1.77e-01	3.35e-02	3.78e-03	6.30e-04	2.31e-04	5.54e-06	0.00e+00
 1.43565e+23	9.86e-20	6.48e-14	1.97e-09	7.76e-08	1.70e-06	1.21e-05	3.74e-05	1.56e-04	1.40e-02	1.35e-01	3.43e-01	3.06e-01	1.67e-01	3.01e-02	3.27e-03	5.32e-04	1.88e-04	4.27e-06	0.00e+00
 1.44492e+23	1.34e-19	8.53e-14	2.51e-09	9.70e-08	2.10e-06	1.46e-05	4.39e-05	1.79e-04	1.53e-02	1.42e-01	3.50e-01	3.02e-01	1.59e-01	2.76e-02	2.90e-03	4.64e-04	1.59e-04	3.47e-06	0.00e+00
 1.45440e+23	1.98e-19	1.21e-13	3.42e-09	1.29e-07	2.74e-06	1.86e-05	5.40e-05	2.13e-04	1.73e-02	1.53e-01	3.57e-01	2.96e-01	1.49e-01	2.45e-02	2.48e-03	3.86e-04	1.27e-04	2.62e-06	0.00e+00
 1.46406e+23	2.69e-19	1.60e-13	4.35e-09	1.62e-07	3.39e-06	2.26e-05	6.38e-05	2.46e-04	1.90e-02	1.61e-01	3.63e-01	2.91e-01	1.40e-01	2.23e-02	2.18e-03	3.32e-04	1.06e-04	2.09e-06	0.00e+00
 1.47363e+23	3.89e-19	2.22e-13	5.80e-09	2.12e-07	4.38e-06	2.86e-05	7.81e-05	2.92e-04	2.14e-02	1.72e-01	3.70e-01	2.84e-01	1.30e-01	1.97e-02	1.85e-03	2.76e-04	8.41e-05	1.58e-06	0.00e+00
 1.48273e+23	5.07e-19	2.81e-13	7.12e-09	2.57e-07	5.27e-06	3.39e-05	9.04e-05	3.31e-04	2.33e-02	1.81e-01	3.74e-01	2.78e-01	1.24e-01	1.80e-02	1.64e-03	2.40e-04	7.12e-05	1.28e-06	0.00e+00
 1.49155e+23	7.08e-19	3.78e-13	9.20e-09	3.28e-07	6.69e-06	4.22e-05	1.09e-04	3.91e-04	2.61e-02	1.92e-01	3.79e-01	2.71e-01	1.15e-01	1.59e-02	1.39e-03	2.00e-04	5.68e-05	9.70e-07	0.00e+00
 1.50054e+23	9.22e-19	4.77e-13	1.12e-08	3.99e-07	8.08e-06	5.03e-05	1.27e-04	4.46e-04	2.86e-02	2.01e-01	3.82e-01	2.64e-01	1.08e-01	1.44e-02	1.22e-03	1.72e-04	4.74e-05	7.75e-07	0.00e+00
 1.50933e+23	1.25e-18	6.24e-13	1.42e-08	4.99e-07	1.01e-05	6.19e-05	1.52e-04	5.23e-04	3.18e-02	2.13e-01	3.85e-01	2.56e-01	9.95e-02	1.27e-02	1.04e-03	1.43e-04	3.79e-05	5.89e-07	0.00e+00
 1.51830e+23	1.63e-18	7.84e-13	1.72e-08	6.05e-07	1.22e-05	7.41e-05	1.78e-04	6.01e-04	3.48e-02	2.24e-01	3.87e-01	2.48e-01	9.26e-02	1.13e-02	8.96e-04	1.22e-04	3.11e-05	4.62e-07	0.00e+00
 1.52706e+23	2.14e-18	9.97e-13	2.11e-08	7.42e-07	1.50e-05	9.00e-05	2.11e-04	6.99e-04	3.85e-02	2.35e-01	3.89e-01	2.40e-01	8.54e-02	1.00e-02	7.63e-04	1.01e-04	2.50e-05	3.53e-07	0.00e+00
 1.53599e+23	2.77e-18	1.25e-12	2.54e-08	8.98e-07	1.81e-05	1.08e-04	2.47e-04	8.06e-04	4.23e-02	2.47e-01	3.90e-01	2.31e-01	7.89e-02	8.87e-03	6.53e-04	8.51e-05	2.03e-05	2.73e-07	0.00e+00
 1.54484e+23	3.58e-18	1.55e-12	3.05e-08	1.09e-06	2.20e-05	1.30e-04	2.91e-04	9.34e-04	4.66e-02	2.59e-01	3.90e-01	2.22e-01	7.25e-02	7.80e-03	5.54e-04	7.09e-05	1.62e-05	2.08e-07	0.00e+00
 1.55374e+23	4.56e-18	1.91e-12	3.63e-08	1.30e-06	2.65e-05	1.55e-04	3.40e-04	1.08e-03	5.12e-02	2.70e-01	3.89e-01	2.14e-01	6.65e-02	6.86e-03	4.71e-04	5.91e-05	1.31e-05	1.60e-07	0.00e+00
 1.56254e+23	5.77e-18	2.34e-12	4.28e-08	1.55e-06	3.18e-05	1.85e-04	3.96e-04	1.24e-03	5.61e-02	2.82e-01	3.88e-01	2.04e-01	6.09e-02	6.02e-03	3.99e-04	4.92e-05	1.05e-05	1.22e-07	0.00e+00
 1.57132e+23	7.26e-18	2.84e-12	5.01e-08	1.84e-06	3.80e-05	2.20e-04	4.60e-04	1.43e-03	6.14e-02	2.94e-01	3.86e-01	1.95e-01	5.56e-02	5.28e-03	3.38e-04	4.09e-05	8.40e-06	0.00e+00	0.00e+00
 1.58012e+23	9.07e-18	3.42e-12	5.84e-08	2.18e-06	4.52e-05	2.60e-04	5.33e-04	1.64e-03	6.71e-02	3.06e-01	3.83e-01	1.86e-01	5.07e-02	4.61e-03	2.86e-04	3.39e-05	6.72e-06	0.00e+00	0.00e+00
 1.58897e+23	1.13e-17	4.11e-12	6.76e-08	2.56e-06	5.37e-05	3.07e-04	6.16e-04	1.88e-03	7.32e-02	3.18e-01	3.79e-01	1.77e-01	4.60e-02	4.02e-03	2.41e-04	2.80e-05	5.36e-06	0.00e+00	0.00e+00
 1.59787e+23	1.40e-17	4.92e-12	7.81e-08	3.01e-06	6.36e-05	3.62e-04	7.11e-04	2.16e-03	7.98e-02	3.29e-01	3.74e-01	1.68e-01	4.17e-02	3.50e-03	2.03e-04	2.31e-05	4.27e-06	0.00e+00	0.00e+00
 1.60685e+23	1.73e-17	5.88e-12	8.99e-08	3.53e-06	7.52e-05	4.26e-04	8.18e-04	2.47e-03	8.68e-02	3.41e-01	3.69e-01	1.59e-01	3.77e-02	3.04e-03	1.70e-04	1.90e-05	3.39e-06	0.00e+00	0.00e+00
 1.61595e+23	2.14e-17	7.00e-12	1.03e-07	4.14e-06	8.88e-05	5.00e-04	9.40e-04	2.82e-03	9.43e-02	3.52e-01	3.63e-01	1.50e-01	3.39e-02	2.63e-03	1.42e-04	1.56e-05	2.68e-06	0.00e+00	0.00e+00
 1.62509e+23	2.63e-17	8.32e-12	1.18e-07	4.84e-06	1.04e-04	5.85e-04	1.08e-03	3.22e-03	1.02e-01	3.63e-01	3.56e-01	1.41e-01	3.05e-02	2.27e-03	1.19e-04	1.28e-05	2.12e-06	0.00e+00	0.00e+00
 1.63438e+23	3.26e-17	9.92e-12	1.36e-07	5.67e-06	1.23e-04	6.86e-04	1.23e-03	3.68e-03	1.11e-01	3.73e-01	3.48e-01	1.32e-01	2.73e-02	1.95e-03	9.88e-05	1.04e-05	1.67e-06	0.00e+00	0.00e+00
 1.64379e+23	4.01e-17	1.18e-11	1.56e-07	6.62e-06	1.44e-04	8.00e-04	1.40e-03	4.18e-03	1.20e-01	3.83e-01	3.40e-01	1.24e-01	2.45e-02	1.68e-03	8.23e-05	8.48e-06	1.31e-06	0.00e+00	0.00e+00
 1.65338e+23	4.99e-17	1.41e-11	1.79e-07	7.77e-06	1.70e-04	9.37e-04	1.60e-03	4.77e-03	1.29e-01	3.93e-01	3.31e-01	1.16e-01	2.17e-02	1.43e-03	6.79e-05	6.84e-06	1.02e-06	0.00e+00	0.00e+00
 1.66231e+23	5.97e-17	1.64e-11	2.02e-07	8.86e-06	1.94e-04	1.06e-03	1.78e-03	5.30e-03	1.38e-01	4.00e-01	3.24e-01	1.09e-01	1.97e-02	1.26e-03	5.81e-05	5.75e-06	8.34e-07	0.00e+00	0.00e+00
 1.67151e+23	7.50e-17	1.98e-11	2.34e-07	1.05e-05	2.30e-04	1.25e-03	2.03e-03	6.06e-03	1.49e-01	4.09e-01	3.13e-01	1.01e-01	1.74e-02	1.06e-03	4.74e-05	4.58e-06	6.40e-07	0.00e+00	0.00e+00
 1.68086e+23	9.06e-17	2.31e-11	2.65e-07	1.20e-05	2.63e-04	1.41e-03	2.26e-03	6.71e-03	1.58e-01	4.15e-01	3.05e-01	9.48e-02	1.57e-02	9.31e-04	4.03e-05	3.83e-06	5.20e-07	0.00e+00	0.00e+00
 1.69045e+23	1.15e-16	2.82e-11	3.10e-07	1.42e-05	3.12e-04	1.66e-03	2.57e-03	7.67e-03	1.70e-01	4.23e-01	2.94e-01	8.71e-02	1.37e-02	7.80e-04	3.26e-05	3.02e-06	3.94e-07	0.00e+00	0.00e+00
 1.70007e+23	1.40e-16	3.32e-11	3.54e-07	1.63e-05	3.56e-04	1.87e-03	2.84e-03	8.45e-03	1.79e-01	4.27e-01	2.85e-01	8.17e-02	1.24e-02	6.82e-04	2.78e-05	2.53e-06	3.21e-07	0.00e+00	0.00e+00
 1.70976e+23	1.80e-16	4.08e-11	4.17e-07	1.95e-05	4.21e-04	2.18e-03	3.21e-03	9.60e-03	1.92e-01	4.33e-01	2.73e-01	7.48e-02	1.08e-02	5.71e-04	2.24e-05	1.99e-06	2.44e-07	0.00e+00	0.00e+00
 1.71950e+23	2.20e-16	4.83e-11	4.78e-07	2.24e-05	4.80e-04	2.46e-03	3.53e-03	1.05e-02	2.02e-01	4.36e-01	2.64e-01	6.99e-02	9.70e-03	4.99e-04	1.91e-05	1.66e-06	1.98e-07	0.00e+00	0.00e+00
 1.72932e+23	2.85e-16	6.00e-11	5.70e-07	2.68e-05	5.67e-04	2.86e-03	3.98e-03	1.19e-02	2.16e-01	4.40e-01	2.52e-01	6.38e-02	8.44e-03	4.17e-04	1.54e-05	1.31e-06	1.50e-07	0.00e+00	0.00e+00
 1.73923e+23	3.51e-16	7.17e-11	6.58e-07	3.09e-05	6.47e-04	3.22e-03	4.36e-03	1.30e-02	2.26e-01	4.42e-01	2.43e-01	5.94e-02	7.57e-03	3.63e-04	1.31e-05	1.09e-06	1.22e-07	0.00e+00	0.00e+00
 1.74925e+23	4.61e-16	9.01e-11	7.94e-07	3.72e-05	7.65e-04	3.73e-03	4.89e-03	1.47e-02	2.40e-01	4.43e-01	2.31e-01	5.40e-02	6.55e-03	3.03e-04	1.05e-05	8.58e-07	0.00e+00	0.00e+00	0.00e+00
 1.75940e+23	5.75e-16	1.09e-10	9.26e-07	4.32e-05	8.73e-04	4.19e-03	5.34e-03	1.60e-02	2.51e-01	4.44e-01	2.22e-01	5.01e-02	5.85e-03	2.62e-04	8.88e-06	7.11e-07	0.00e+00	0.00e+00	0.00e+00
 1.76972e+23	7.67e-16	1.39e-10	1.13e-06	5.24e-05	1.04e-03	4.87e-03	5.98e-03	1.80e-02	2.65e-01	4.44e-01	2.10e-01	4.53e-02	5.04e-03	2.18e-04	7.12e-06	5.56e-07	0.00e+00	0.00e+00	0.00e+00
 1.78021e+23	9.71e-16	1.70e-10	1.34e-06	6.13e-05	1.19e-03	5.47e-03	6.53e-03	1.96e-02	2.77e-01	4.43e-01	2.01e-01	4.18e-02	4.48e-03	1.88e-04	5.98e-06	4.59e-07	0.00e+00	0.00e+00	0.00e+00
 1.79093e+23	1.32e-15	2.21e-10	1.66e-06	7.51e-05	1.41e-03	6.35e-03	7.29e-03	2.19e-02	2.92e-01	4.40e-01	1.90e-01	3.76e-02	3.84e-03	1.55e-04	4.75e-06	3.56e-07	0.00e+00	0.00e+00	0.00e+00
 1.80189e+23	1.70e-15	2.74e-10	1.99e-06	8.87e-05	1.63e-03	7.16e-03	7.96e-03	2.38e-02	3.03e-01	4.38e-01	1.80e-01	3.45e-02	3.39e-03	1.33e-04	3.96e-06	2.91e-07	0.00e+00	0.00e+00	0.00e+00
 1.81314e+23	2.37e-15	3.64e-10	2.52e-06	1.10e-04	1.95e-03	8.33e-03	8.89e-03	2.66e-02	3.19e-01	4.33e-01	1.69e-01	3.08e-02	2.87e-03	1.09e-04	3.12e-06	2.23e-07	0.00e+00	0.00e+00	0.00e+00
 1.82466e+23	3.11e-15	4.61e-10	3.07e-06	1.31e-04	2.26e-03	9.41e-03	9.71e-03	2.90e-02	3.30e-01	4.29e-01	1.60e-01	2.81e-02	2.52e-03	9.24e-05	2.58e-06	1.81e-07	0.00e+00	0.00e+00	0.00e+00
 1.83436e+23	3.95e-15	5.67e-10	3.65e-06	1.53e-04	2.57e-03	1.05e-02	1.05e-02	3.11e-02	3.41e-01	4.24e-01	1.52e-01	2.59e-02	2.24e-03	8.01e-05	2.18e-06	1.50e-07	0.00e+00	0.00e+00	0.00e+00
 1.84478e+23	5.41e-15	7.43e-10	4.58e-06	1.87e-04	3.03e-03	1.20e-02	1.15e-02	3.42e-02	3.54e-01	4.18e-01	1.42e-01	2.32e-02	1.92e-03	6.65e-05	1.75e-06	1.18e-07	0.00e+00	0.00e+00	0.00e+00
 1.85538e+23	6.97e-15	9.25e-10	5.51e-06	2.20e-04	3.45e-03	1.33e-02	1.24e-02	3.67e-02	3.64e-01	4.12e-01	1.35e-01	2.13e-02	1.70e-03	5.74e-05	1.47e-06	0.00e+00	0.00e+00	0.00e+00	0.00e+00
 1.86456e+23	8.87e-15	1.14e-09	6.57e-06	2.56e-04	3.91e-03	1.47e-02	1.33e-02	3.92e-02	3.73e-01	4.06e-01	1.28e-01	1.96e-02	1.51e-03	4.98e-05	1.25e-06	0.00e+00	0.00e+00	0.00e+00	0.00e+00
 1.87485e+23	1.21e-14	1.49e-09	8.27e-06	3.12e-04	4.59e-03	1.67e-02	1.45e-02	4.27e-02	3.85e-01	3.97e-01	1.19e-01	1.75e-02	1.30e-03	4.14e-05	1.00e-06	0.00e+00	0.00e+00	0.00e+00	0.00e+00
 1.88511e+23	1.55e-14	1.84e-09	9.88e-06	3.63e-04	5.18e-03	1.84e-02	1.55e-02	4.53e-02	3.94e-01	3.91e-01	1.13e-01	1.61e-02	1.16e-03	3.61e-05	8.53e-07	0.00e+00	0.00e+00	0.00e+00	0.00e+00
 1.89534e+23	2.12e-14	2.42e-09	1.24e-05	4.42e-04	6.06e-03	2.09e-02	1.69e-02	4.90e-02	4.04e-01	3.81e-01	1.05e-01	1.44e-02	9.91e-04	3.00e-05	6.87e-07	0.00e+00	0.00e+00	0.00e+00	0.00e+00
 1.90571e+23	2.72e-14	3.01e-09	1.49e-05	5.17e-04	6.86e-03	2.30e-02	1.81e-02	5.20e-02	4.12e-01	3.74e-01	9.97e-02	1.32e-02	8.79e-04	2.61e-05	5.82e-07	0.00e+00	0.00e+00	0.00e+00	0.00e+00
 1.91626e+23	3.76e-14	3.99e-09	1.90e-05	6.32e-04	8.05e-03	2.60e-02	1.96e-02	5.61e-02	4.22e-01	3.63e-01	9.23e-02	1.17e-02	7.49e-04	2.16e-05	4.66e-07	0.00e+00	0.00e+00	0.00e+00	0.00e+00
 1.92700e+23	4.88e-14	5.00e-09	2.30e-05	7.42e-04	9.13e-03	2.87e-02	2.10e-02	5.93e-02	4.28e-01	3.55e-01	8.68e-02	1.07e-02	6.61e-04	1.86e-05	3.92e-07	0.00e+00	0.00e+00	0.00e+00	0.00e+00
 1.93800e+23	6.85e-14	6.71e-09	2.95e-05	9.14e-04	1.07e-02	3.25e-02	2.28e-02	6.39e-02	4.37e-01	3.43e-01	7.98e-02	9.43e-03	5.58e-04	1.52e-05	3.10e-07	0.00e+00	0.00e+00	0.00e+00	0.00e+00
 1.94916e+23	8.95e-14	8.46e-09	3.59e-05	1.08e-03	1.22e-02	3.58e-02	2.43e-02	6.74e-02	4.42e-01	3.33e-01	7.47e-02	8.55e-03	4.89e-04	1.31e-05	2.59e-07	0.00e+00	0.00e+00	0.00e+00	0.00e+00
 1.96054e+23	1.27e-13	1.15e-08	4.64e-05	1.33e-03	1.44e-02	4.06e-02	2.63e-02	7.23e-02	4.49e-01	3.20e-01	6.82e-02	7.48e-03	4.10e-04	1.06e-05	2.03e-07	0.00e+00	0.00e+00	0.00e+00	0.00e+00
 1.97220e+23	1.68e-13	1.46e-08	5.71e-05	1.58e-03	1.64e-02	4.48e-02	2.80e-02	7.62e-02	4.53e-01	3.10e-01	6.34e-02	6.72e-03	3.56e-04	9.02e-06	1.68e-07	0.00e+00	0.00e+00	0.00e+00	0.00e+00
 1.98422e+23	2.42e-13	2.01e-08	7.46e-05	1.97e-03	1.95e-02	5.08e-02	3.03e-02	8.15e-02	4.57e-01	2.95e-01	5.74e-02	5.82e-03	2.94e-04	7.25e-06	1.30e-07	0.00e+00	0.00e+00	0.00e+00	0.00e+00
 1.99653e+23	3.25e-13	2.59e-08	9.26e-05	2.35e-03	2.23e-02	5.61e-02	3.23e-02	8.56e-02	4.59e-01	2.84e-01	5.29e-02	5.18e-03	2.53e-04	6.08e-06	0.00e+00	0.00e+00	0.00e+00	0.00e+00	0.00e+00
 2.00921e+23	4.76e-13	3.61e-08	1.22e-04	2.94e-03	2.65e-02	6.36e-02	3.49e-02	9.11e-02	4.61e-01	2.68e-01	4.74e-02	4.43e-03	2.07e-04	4.82e-06	0.00e+00	0.00e+00	0.00e+00	0.00e+00	0.00e+00
 2.02203e+23	6.39e-13	4.66e-08	1.52e-04	3.50e-03	3.02e-02	6.99e-02	3.70e-02	9.53e-02	4.60e-01	2.56e-01	4.34e-02	3.92e-03	1.76e-04	4.02e-06	0.00e+00	0.00e+00	0.00e+00	0.00e+00	0.00e+00
 2.03503e+23	9.40e-13	6.50e-08	2.01e-04	4.39e-03	3.58e-02	7.89e-02	3.98e-02	1.01e-01	4.58e-01	2.40e-01	3.85e-02	3.32e-03	1.42e-04	3.15e-06	0.00e+00	0.00e+00	0.00e+00	0.00e+00	0.00e+00
 2.04817e+23	1.26e-12	8.39e-08	2.49e-04	5.22e-03	4.07e-02	8.64e-02	4.20e-02	1.05e-01	4.55e-01	2.28e-01	3.50e-02	2.92e-03	1.21e-04	2.61e-06	0.00e+00	0.00e+00	0.00e+00	0.00e+00	0.00e+00
 2.06150e+23	1.86e-12	1.17e-07	3.29e-04	6.52e-03	4.80e-02	9.70e-02	4.48e-02	1.10e-01	4.49e-01	2.11e-01	3.08e-02	2.44e-03	9.65e-05	2.02e-06	0.00e+00	0.00e+00	0.00e+00	0.00e+00	0.00e+00
 2.07452e+23	2.45e-12	1.48e-07	4.02e-04	7.64e-03	5.40e-02	1.05e-01	4.69e-02	1.13e-01	4.43e-01	2.00e-01	2.79e-02	2.15e-03	8.21e-05	1.68e-06	0.00e+00	0.00e+00	0.00e+00	0.00e+00	0.00e+00
 2.08714e+23	3.48e-12	2.01e-07	5.17e-04	9.32e-03	6.25e-02	1.16e-01	4.95e-02	1.17e-01	4.34e-01	1.85e-01	2.46e-02	1.81e-03	6.63e-05	1.32e-06	0.00e+00	0.00e+00	0.00e+00	0.00e+00	0.00e+00
 2.10035e+23	4.71e-12	2.60e-07	6.41e-04	1.10e-02	7.06e-02	1.26e-01	5.16e-02	1.20e-01	4.24e-01	1.72e-01	2.19e-02	1.56e-03	5.50e-05	1.07e-06	0.00e+00	0.00e+00	0.00e+00	0.00e+00	0.00e+00
 2.11151e+23	6.04e-12	3.22e-07	7.65e-04	1.27e-02	7.79e-02	1.34e-01	5.33e-02	1.23e-01	4.15e-01	1.62e-01	1.99e-02	1.37e-03	4.69e-05	8.98e-07	0.00e+00	0.00e+00	0.00e+00	0.00e+00	0.00e+00
 2.12318e+23	8.20e-12	4.18e-07	9.50e-04	1.50e-02	8.79e-02	1.45e-01	5.54e-02	1.25e-01	4.03e-01	1.50e-01	1.75e-02	1.16e-03	3.84e-05	7.17e-07	0.00e+00	0.00e+00	0.00e+00	0.00e+00	0.00e+00
 2.13522e+23	1.07e-11	5.23e-07	1.14e-03	1.73e-02	9.71e-02	1.54e-01	5.70e-02	1.27e-01	3.91e-01	1.39e-01	1.57e-02	1.01e-03	3.21e-05	5.88e-07	0.00e+00	0.00e+00	0.00e+00	0.00e+00	0.00e+00
 2.14604e+23	1.37e-11	6.47e-07	1.36e-03	1.98e-02	1.07e-01	1.63e-01	5.84e-02	1.28e-01	3.79e-01	1.29e-01	1.40e-02	8.72e-04	2.70e-05	4.85e-07	0.00e+00	0.00e+00	0.00e+00	0.00e+00	0.00e+00
 2.15837e+23	1.86e-11	8.40e-07	1.69e-03	2.33e-02	1.19e-01	1.75e-01	6.00e-02	1.29e-01	3.62e-01	1.17e-01	1.21e-02	7.27e-04	2.17e-05	3.80e-07	0.00e+00	0.00e+00	0.00e+00	0.00e+00	0.00e+00
 2.17118e+23	2.45e-11	1.06e-06	2.04e-03	2.68e-02	1.31e-01	1.85e-01	6.11e-02	1.29e-01	3.47e-01	1.07e-01	1.06e-02	6.14e-04	1.77e-05	3.03e-07	0.00e+00	0.00e+00	0.00e+00	0.00e+00	0.00e+00
 2.18259e+23	3.14e-11	1.31e-06	2.41e-03	3.05e-02	1.43e-01	1.93e-01	6.20e-02	1.29e-01	3.32e-01	9.81e-02	9.37e-03	5.24e-04	1.46e-05	2.46e-07	0.00e+00	0.00e+00	0.00e+00	0.00e+00	0.00e+00
 2.19543e+23	4.25e-11	1.69e-06	2.97e-03	3.55e-02	1.58e-01	2.04e-01	6.29e-02	1.28e-01	3.12e-01	8.75e-02	7.97e-03	4.29e-04	1.15e-05	1.89e-07	0.00e+00	0.00e+00	0.00e+00	0.00e+00	0.00e+00
 2.20889e+23	5.60e-11	2.12e-06	3.57e-03	4.07e-02	1.73e-01	2.14e-01	6.33e-02	1.27e-01	2.94e-01	7.84e-02	6.83e-03	3.54e-04	9.17e-06	1.47e-07	0.00e+00	0.00e+00	0.00e+00	0.00e+00	0.00e+00
