#depth	O	O+	O+2	O+3	O+4	O+5	O+6	O+7	O+8	O[1]	O[2]	O[3]
 4.62852e+21	0.00e+00	7.47e-30	6.28e-24	4.33e-19	8.15e-15	6.93e-11	1.78e-06	2.76e-03	9.97e-01	0.00e+00	0.00e+00	0.00e+00
 1.05591e+22	0.00e+00	8.62e-29	5.18e-23	2.56e-18	3.44e-14	2.08e-10	3.67e-06	3.94e-03	9.96e-01	0.00e+00	0.00e+00	0.00e+00
 1.27523e+22	0.00e+00	4.54e-28	2.17e-22	8.52e-18	9.13e-14	4.39e-10	6.00e-06	5.02e-03	9.95e-01	0.00e+00	0.00e+00	0.00e+00
 1.43562e+22	0.00e+00	1.71e-27	6.79e-22	2.23e-17	1.99e-13	7.98e-10	8.89e-06	6.09e-03	9.94e-01	0.00e+00	0.00e+00	0.00e+00
 1.52473e+22	2.11e-34	2.38e-27	9.04e-22	2.83e-17	2.42e-13	9.28e-10	9.81e-06	6.40e-03	9.94e-01	0.00e+00	0.00e+00	0.00e+00
 1.55408e+22	2.70e-34	2.95e-27	1.09e-21	3.31e-17	2.75e-13	1.02e-09	1.05e-05	6.60e-03	9.93e-01	0.00e+00	0.00e+00	0.00e+00
 1.58058e+22	3.70e-34	3.90e-27	1.38e-21	4.05e-17	3.24e-13	1.16e-09	1.14e-05	6.88e-03	9.93e-01	0.00e+00	0.00e+00	0.00e+00
 1.60772e+22	4.85e-34	4.93e-27	1.69e-21	4.80e-17	3.72e-13	1.29e-09	1.22e-05	7.12e-03	9.93e-01	0.00e+00	0.00e+00	0.00e+00
 1.63192e+22	6.19e-34	6.12e-27	2.04e-21	5.61e-17	4.22e-13	1.42e-09	1.30e-05	7.35e-03	9.93e-01	0.00e+00	0.00e+00	0.00e+00
 1.65579e+22	7.98e-34	7.64e-27	2.46e-21	6.59e-17	4.81e-13	1.57e-09	1.39e-05	7.59e-03	9.92e-01	0.00e+00	0.00e+00	0.00e+00
 1.67910e+22	1.01e-33	9.41e-27	2.95e-21	7.67e-17	5.44e-13	1.72e-09	1.48e-05	7.83e-03	9.92e-01	0.00e+00	0.00e+00	0.00e+00
 1.70548e+22	1.35e-33	1.21e-26	3.67e-21	9.23e-17	6.33e-13	1.94e-09	1.59e-05	8.13e-03	9.92e-01	0.00e+00	0.00e+00	0.00e+00
 1.73311e+22	1.80e-33	1.56e-26	4.55e-21	1.10e-16	7.32e-13	2.16e-09	1.72e-05	8.43e-03	9.92e-01	0.00e+00	0.00e+00	0.00e+00
 1.75729e+22	2.33e-33	1.95e-26	5.52e-21	1.30e-16	8.35e-13	2.39e-09	1.84e-05	8.72e-03	9.91e-01	0.00e+00	0.00e+00	0.00e+00
 1.78365e+22	3.12e-33	2.52e-26	6.89e-21	1.57e-16	9.74e-13	2.69e-09	1.98e-05	9.05e-03	9.91e-01	0.00e+00	0.00e+00	0.00e+00
 1.81184e+22	4.19e-33	3.26e-26	8.60e-21	1.89e-16	1.13e-12	3.02e-09	2.14e-05	9.40e-03	9.91e-01	0.00e+00	0.00e+00	0.00e+00
 1.83601e+22	5.38e-33	4.06e-26	1.04e-20	2.21e-16	1.28e-12	3.32e-09	2.29e-05	9.71e-03	9.90e-01	0.00e+00	0.00e+00	0.00e+00
 1.85775e+22	6.80e-33	4.98e-26	1.24e-20	2.56e-16	1.45e-12	3.64e-09	2.43e-05	1.00e-02	9.90e-01	0.00e+00	0.00e+00	0.00e+00
 1.88271e+22	8.95e-33	6.33e-26	1.52e-20	3.05e-16	1.67e-12	4.06e-09	2.61e-05	1.04e-02	9.90e-01	0.00e+00	0.00e+00	0.00e+00
 1.90978e+22	1.18e-32	8.09e-26	1.88e-20	3.64e-16	1.93e-12	4.53e-09	2.81e-05	1.08e-02	9.89e-01	0.00e+00	0.00e+00	0.00e+00
 1.93467e+22	1.55e-32	1.02e-25	2.29e-20	4.31e-16	2.21e-12	5.02e-09	3.02e-05	1.11e-02	9.89e-01	0.00e+00	0.00e+00	0.00e+00
 1.95842e+22	2.00e-32	1.28e-25	2.78e-20	5.06e-16	2.52e-12	5.56e-09	3.23e-05	1.15e-02	9.88e-01	0.00e+00	0.00e+00	0.00e+00
 1.98135e+22	2.56e-32	1.59e-25	3.34e-20	5.91e-16	2.85e-12	6.11e-09	3.44e-05	1.19e-02	9.88e-01	0.00e+00	0.00e+00	0.00e+00
 2.00694e+22	3.41e-32	2.04e-25	4.15e-20	7.09e-16	3.31e-12	6.84e-09	3.71e-05	1.23e-02	9.88e-01	0.00e+00	0.00e+00	0.00e+00
 2.03381e+22	4.53e-32	2.61e-25	5.13e-20	8.46e-16	3.82e-12	7.61e-09	3.99e-05	1.28e-02	9.87e-01	0.00e+00	0.00e+00	0.00e+00
 2.05737e+22	5.87e-32	3.27e-25	6.22e-20	9.94e-16	4.34e-12	8.40e-09	4.27e-05	1.32e-02	9.87e-01	0.00e+00	0.00e+00	0.00e+00
 2.08302e+22	8.06e-32	4.31e-25	7.87e-20	1.21e-15	5.10e-12	9.48e-09	4.63e-05	1.38e-02	9.86e-01	0.00e+00	0.00e+00	0.00e+00
 2.10937e+22	1.05e-31	5.43e-25	9.59e-20	1.43e-15	5.82e-12	1.05e-08	4.96e-05	1.43e-02	9.86e-01	0.00e+00	0.00e+00	0.00e+00
 2.13210e+22	1.35e-31	6.74e-25	1.15e-19	1.67e-15	6.60e-12	1.15e-08	5.29e-05	1.47e-02	9.85e-01	0.00e+00	0.00e+00	0.00e+00
 2.15383e+22	1.72e-31	8.34e-25	1.38e-19	1.94e-15	7.45e-12	1.26e-08	5.64e-05	1.52e-02	9.85e-01	0.00e+00	0.00e+00	0.00e+00
 2.17879e+22	2.35e-31	1.09e-24	1.74e-19	2.36e-15	8.70e-12	1.42e-08	6.11e-05	1.58e-02	9.84e-01	0.00e+00	0.00e+00	0.00e+00
 2.20433e+22	3.05e-31	1.37e-24	2.12e-19	2.77e-15	9.90e-12	1.56e-08	6.53e-05	1.64e-02	9.84e-01	0.00e+00	0.00e+00	0.00e+00
 2.23060e+22	4.21e-31	1.81e-24	2.69e-19	3.38e-15	1.16e-11	1.76e-08	7.09e-05	1.71e-02	9.83e-01	0.00e+00	0.00e+00	0.00e+00
 2.25750e+22	5.69e-31	2.35e-24	3.35e-19	4.06e-15	1.34e-11	1.96e-08	7.65e-05	1.77e-02	9.82e-01	0.00e+00	0.00e+00	0.00e+00
 2.27942e+22	7.32e-31	2.93e-24	4.04e-19	4.74e-15	1.52e-11	2.14e-08	8.16e-05	1.83e-02	9.82e-01	0.00e+00	0.00e+00	0.00e+00
 2.29918e+22	9.12e-31	3.54e-24	4.75e-19	5.43e-15	1.69e-11	2.33e-08	8.63e-05	1.89e-02	9.81e-01	0.00e+00	0.00e+00	0.00e+00
 2.32187e+22	1.23e-30	4.58e-24	5.91e-19	6.51e-15	1.96e-11	2.58e-08	9.30e-05	1.96e-02	9.80e-01	0.00e+00	0.00e+00	0.00e+00
 2.34581e+22	1.61e-30	5.80e-24	7.22e-19	7.69e-15	2.23e-11	2.85e-08	9.96e-05	2.03e-02	9.80e-01	0.00e+00	0.00e+00	0.00e+00
 2.36763e+22	2.10e-30	7.29e-24	8.77e-19	9.03e-15	2.54e-11	3.12e-08	1.06e-04	2.10e-02	9.79e-01	0.00e+00	0.00e+00	0.00e+00
 2.39227e+22	2.91e-30	9.67e-24	1.11e-18	1.10e-14	2.96e-11	3.50e-08	1.15e-04	2.19e-02	9.78e-01	0.00e+00	0.00e+00	0.00e+00
 2.41665e+22	3.87e-30	1.24e-23	1.37e-18	1.31e-14	3.39e-11	3.86e-08	1.24e-04	2.27e-02	9.77e-01	0.00e+00	0.00e+00	0.00e+00
 2.43640e+22	4.93e-30	1.53e-23	1.64e-18	1.52e-14	3.81e-11	4.21e-08	1.32e-04	2.34e-02	9.77e-01	0.00e+00	0.00e+00	0.00e+00
 2.45778e+22	6.63e-30	1.97e-23	2.03e-18	1.81e-14	4.39e-11	4.65e-08	1.41e-04	2.42e-02	9.76e-01	0.00e+00	0.00e+00	0.00e+00
 2.48045e+22	8.69e-30	2.49e-23	2.48e-18	2.13e-14	4.99e-11	5.11e-08	1.51e-04	2.51e-02	9.75e-01	0.00e+00	0.00e+00	0.00e+00
 2.50139e+22	1.16e-29	3.18e-23	3.05e-18	2.53e-14	5.70e-11	5.62e-08	1.62e-04	2.60e-02	9.74e-01	0.00e+00	0.00e+00	0.00e+00
 2.52159e+22	1.49e-29	3.96e-23	3.67e-18	2.95e-14	6.43e-11	6.13e-08	1.72e-04	2.68e-02	9.73e-01	0.00e+00	0.00e+00	0.00e+00
 2.54427e+22	2.06e-29	5.24e-23	4.66e-18	3.59e-14	7.51e-11	6.86e-08	1.87e-04	2.79e-02	9.72e-01	0.00e+00	0.00e+00	0.00e+00
 2.56708e+22	2.76e-29	6.73e-23	5.75e-18	4.27e-14	8.59e-11	7.54e-08	2.00e-04	2.89e-02	9.71e-01	0.00e+00	0.00e+00	0.00e+00
 2.58613e+22	3.52e-29	8.32e-23	6.88e-18	4.95e-14	9.64e-11	8.20e-08	2.12e-04	2.98e-02	9.70e-01	0.00e+00	0.00e+00	0.00e+00
 2.60698e+22	4.79e-29	1.08e-22	8.60e-18	5.96e-14	1.11e-10	9.09e-08	2.29e-04	3.10e-02	9.69e-01	0.00e+00	0.00e+00	0.00e+00
 2.62894e+22	6.40e-29	1.39e-22	1.06e-17	7.08e-14	1.27e-10	1.00e-07	2.45e-04	3.21e-02	9.68e-01	0.00e+00	0.00e+00	0.00e+00
 2.64870e+22	8.40e-29	1.76e-22	1.29e-17	8.34e-14	1.45e-10	1.10e-07	2.62e-04	3.32e-02	9.67e-01	0.00e+00	0.00e+00	0.00e+00
 2.66738e+22	1.09e-28	2.20e-22	1.57e-17	9.76e-14	1.64e-10	1.20e-07	2.79e-04	3.42e-02	9.65e-01	0.00e+00	0.00e+00	0.00e+00
 2.68829e+22	1.50e-28	2.90e-22	1.98e-17	1.18e-13	1.90e-10	1.33e-07	3.01e-04	3.56e-02	9.64e-01	0.00e+00	0.00e+00	0.00e+00
 2.70988e+22	2.01e-28	3.73e-22	2.44e-17	1.41e-13	2.18e-10	1.47e-07	3.22e-04	3.69e-02	9.63e-01	0.00e+00	0.00e+00	0.00e+00
 2.72894e+22	2.64e-28	4.72e-22	2.98e-17	1.66e-13	2.47e-10	1.60e-07	3.44e-04	3.81e-02	9.62e-01	0.00e+00	0.00e+00	0.00e+00
 2.74748e+22	3.48e-28	5.98e-22	3.64e-17	1.96e-13	2.81e-10	1.76e-07	3.67e-04	3.94e-02	9.60e-01	0.00e+00	0.00e+00	0.00e+00
 2.76879e+22	4.90e-28	8.04e-22	4.68e-17	2.41e-13	3.31e-10	1.97e-07	3.98e-04	4.10e-02	9.59e-01	0.00e+00	0.00e+00	0.00e+00
 2.79042e+22	6.56e-28	1.04e-21	5.79e-17	2.87e-13	3.79e-10	2.17e-07	4.26e-04	4.24e-02	9.57e-01	0.00e+00	0.00e+00	0.00e+00
 2.80930e+22	8.76e-28	1.33e-21	7.15e-17	3.41e-13	4.34e-10	2.39e-07	4.56e-04	4.39e-02	9.56e-01	0.00e+00	0.00e+00	0.00e+00
 2.82755e+22	1.15e-27	1.68e-21	8.73e-17	4.02e-13	4.93e-10	2.62e-07	4.86e-04	4.53e-02	9.54e-01	0.00e+00	0.00e+00	0.00e+00
 2.84814e+22	1.61e-27	2.25e-21	1.12e-16	4.94e-13	5.78e-10	2.93e-07	5.26e-04	4.71e-02	9.52e-01	0.00e+00	0.00e+00	0.00e+00
 2.86948e+22	2.19e-27	2.93e-21	1.40e-16	5.94e-13	6.67e-10	3.24e-07	5.64e-04	4.88e-02	9.51e-01	0.00e+00	0.00e+00	0.00e+00
 2.88859e+22	2.95e-27	3.79e-21	1.74e-16	7.10e-13	7.67e-10	3.58e-07	6.04e-04	5.05e-02	9.49e-01	0.00e+00	0.00e+00	0.00e+00
 2.91023e+22	4.28e-27	5.22e-21	2.28e-16	8.89e-13	9.14e-10	4.05e-07	6.59e-04	5.27e-02	9.47e-01	0.00e+00	0.00e+00	0.00e+00
 2.93171e+22	5.85e-27	6.84e-21	2.86e-16	1.07e-12	1.06e-09	4.49e-07	7.07e-04	5.46e-02	9.45e-01	0.00e+00	0.00e+00	0.00e+00
 2.94931e+22	7.67e-27	8.64e-21	3.49e-16	1.26e-12	1.20e-09	4.92e-07	7.52e-04	5.63e-02	9.43e-01	0.00e+00	0.00e+00	0.00e+00
 2.96849e+22	1.08e-26	1.17e-20	4.50e-16	1.56e-12	1.41e-09	5.52e-07	8.14e-04	5.85e-02	9.41e-01	0.00e+00	0.00e+00	0.00e+00
 2.98828e+22	1.47e-26	1.52e-20	5.64e-16	1.88e-12	1.63e-09	6.11e-07	8.72e-04	6.05e-02	9.39e-01	0.00e+00	0.00e+00	0.00e+00
 3.00453e+22	1.89e-26	1.89e-20	6.78e-16	2.19e-12	1.84e-09	6.64e-07	9.23e-04	6.22e-02	9.37e-01	0.00e+00	0.00e+00	0.00e+00
 3.02134e+22	2.59e-26	2.48e-20	8.54e-16	2.65e-12	2.13e-09	7.37e-07	9.91e-04	6.44e-02	9.35e-01	0.00e+00	0.00e+00	0.00e+00
 3.03742e+22	3.29e-26	3.05e-20	1.02e-15	3.06e-12	2.38e-09	7.97e-07	1.04e-03	6.61e-02	9.33e-01	0.00e+00	0.00e+00	0.00e+00
 3.05037e+22	4.17e-26	3.74e-20	1.21e-15	3.53e-12	2.66e-09	8.61e-07	1.10e-03	6.78e-02	9.31e-01	0.00e+00	0.00e+00	0.00e+00
 3.06305e+22	5.20e-26	4.52e-20	1.42e-15	4.04e-12	2.95e-09	9.27e-07	1.16e-03	6.94e-02	9.29e-01	0.00e+00	0.00e+00	0.00e+00
 3.07545e+22	6.41e-26	5.42e-20	1.66e-15	4.58e-12	3.26e-09	9.94e-07	1.21e-03	7.10e-02	9.28e-01	0.00e+00	0.00e+00	0.00e+00
 3.08947e+22	8.56e-26	6.97e-20	2.05e-15	5.46e-12	3.73e-09	1.09e-06	1.29e-03	7.32e-02	9.26e-01	0.00e+00	0.00e+00	0.00e+00
 3.10330e+22	1.06e-25	8.42e-20	2.41e-15	6.24e-12	4.14e-09	1.17e-06	1.35e-03	7.49e-02	9.24e-01	0.00e+00	0.00e+00	0.00e+00
 3.11469e+22	1.31e-25	1.01e-19	2.81e-15	7.08e-12	4.57e-09	1.26e-06	1.41e-03	7.66e-02	9.22e-01	0.00e+00	0.00e+00	0.00e+00
 3.12561e+22	1.61e-25	1.21e-19	3.27e-15	8.02e-12	5.03e-09	1.35e-06	1.48e-03	7.82e-02	9.20e-01	0.00e+00	0.00e+00	0.00e+00
 3.13812e+22	2.07e-25	1.50e-19	3.93e-15	9.35e-12	5.66e-09	1.46e-06	1.56e-03	8.03e-02	9.18e-01	0.00e+00	0.00e+00	0.00e+00
 3.15103e+22	2.61e-25	1.83e-19	4.67e-15	1.08e-11	6.31e-09	1.58e-06	1.64e-03	8.22e-02	9.16e-01	0.00e+00	0.00e+00	0.00e+00
 3.16232e+22	3.22e-25	2.20e-19	5.44e-15	1.22e-11	6.96e-09	1.69e-06	1.72e-03	8.40e-02	9.14e-01	0.00e+00	0.00e+00	0.00e+00
 3.17485e+22	4.27e-25	2.80e-19	6.70e-15	1.45e-11	7.94e-09	1.85e-06	1.82e-03	8.64e-02	9.12e-01	0.00e+00	0.00e+00	0.00e+00
 3.18745e+22	5.40e-25	3.44e-19	7.96e-15	1.67e-11	8.87e-09	2.00e-06	1.91e-03	8.84e-02	9.10e-01	0.00e+00	0.00e+00	0.00e+00
 3.19768e+22	6.60e-25	4.09e-19	9.23e-15	1.89e-11	9.73e-09	2.13e-06	2.00e-03	9.02e-02	9.08e-01	0.00e+00	0.00e+00	0.00e+00
 3.20852e+22	8.47e-25	5.08e-19	1.11e-14	2.20e-11	1.09e-08	2.32e-06	2.10e-03	9.25e-02	9.05e-01	0.00e+00	0.00e+00	0.00e+00
 3.21966e+22	1.04e-24	6.07e-19	1.29e-14	2.49e-11	1.21e-08	2.48e-06	2.20e-03	9.44e-02	9.03e-01	0.00e+00	0.00e+00	0.00e+00
 3.23119e+22	1.39e-24	7.82e-19	1.60e-14	2.98e-11	1.38e-08	2.72e-06	2.33e-03	9.71e-02	9.01e-01	0.00e+00	0.00e+00	0.00e+00
 3.24249e+22	1.73e-24	9.44e-19	1.88e-14	3.39e-11	1.53e-08	2.92e-06	2.44e-03	9.91e-02	8.98e-01	0.00e+00	0.00e+00	0.00e+00
 3.25349e+22	2.30e-24	1.21e-18	2.31e-14	4.03e-11	1.74e-08	3.19e-06	2.58e-03	1.02e-01	8.96e-01	0.00e+00	0.00e+00	0.00e+00
 3.26460e+22	2.87e-24	1.46e-18	2.73e-14	4.62e-11	1.93e-08	3.43e-06	2.70e-03	1.04e-01	8.93e-01	0.00e+00	0.00e+00	0.00e+00
 3.27583e+22	3.88e-24	1.90e-18	3.41e-14	5.54e-11	2.22e-08	3.78e-06	2.87e-03	1.07e-01	8.90e-01	0.00e+00	0.00e+00	0.00e+00
 3.28710e+22	4.92e-24	2.34e-18	4.06e-14	6.40e-11	2.48e-08	4.07e-06	3.01e-03	1.09e-01	8.88e-01	0.00e+00	0.00e+00	0.00e+00
 3.29667e+22	6.12e-24	2.82e-18	4.76e-14	7.31e-11	2.74e-08	4.37e-06	3.14e-03	1.12e-01	8.85e-01	0.00e+00	0.00e+00	0.00e+00
 3.30736e+22	8.46e-24	3.74e-18	6.05e-14	8.89e-11	3.18e-08	4.83e-06	3.35e-03	1.15e-01	8.82e-01	0.00e+00	0.00e+00	0.00e+00
 3.31783e+22	1.05e-23	4.49e-18	7.07e-14	1.01e-10	3.51e-08	5.17e-06	3.49e-03	1.17e-01	8.79e-01	0.00e+00	0.00e+00	0.00e+00
 3.32802e+22	1.43e-23	5.90e-18	8.91e-14	1.22e-10	4.06e-08	5.71e-06	3.71e-03	1.21e-01	8.76e-01	0.00e+00	0.00e+00	0.00e+00
 3.33801e+22	1.76e-23	7.05e-18	1.04e-13	1.38e-10	4.46e-08	6.09e-06	3.87e-03	1.23e-01	8.73e-01	0.00e+00	0.00e+00	0.00e+00
 3.34776e+22	2.41e-23	9.29e-18	1.31e-13	1.68e-10	5.16e-08	6.73e-06	4.11e-03	1.26e-01	8.70e-01	0.00e+00	0.00e+00	0.00e+00
 3.35748e+22	3.00e-23	1.12e-17	1.54e-13	1.91e-10	5.71e-08	7.20e-06	4.29e-03	1.29e-01	8.67e-01	0.00e+00	0.00e+00	0.00e+00
 3.36716e+22	4.13e-23	1.48e-17	1.95e-13	2.32e-10	6.61e-08	7.96e-06	4.56e-03	1.33e-01	8.63e-01	0.00e+00	0.00e+00	0.00e+00
 3.37693e+22	5.22e-23	1.81e-17	2.31e-13	2.67e-10	7.35e-08	8.56e-06	4.77e-03	1.35e-01	8.60e-01	0.00e+00	0.00e+00	0.00e+00
 3.38682e+22	7.31e-23	2.43e-17	2.96e-13	3.27e-10	8.58e-08	9.51e-06	5.09e-03	1.39e-01	8.56e-01	0.00e+00	0.00e+00	0.00e+00
 3.39679e+22	9.30e-23	3.00e-17	3.54e-13	3.79e-10	9.58e-08	1.03e-05	5.33e-03	1.42e-01	8.52e-01	0.00e+00	0.00e+00	0.00e+00
 3.40687e+22	1.30e-22	4.00e-17	4.53e-13	4.63e-10	1.12e-07	1.14e-05	5.69e-03	1.46e-01	8.48e-01	0.00e+00	0.00e+00	0.00e+00
 3.41686e+22	1.67e-22	4.99e-17	5.45e-13	5.40e-10	1.25e-07	1.23e-05	5.97e-03	1.50e-01	8.44e-01	0.00e+00	0.00e+00	0.00e+00
 3.42674e+22	2.34e-22	6.67e-17	6.98e-13	6.61e-10	1.46e-07	1.37e-05	6.36e-03	1.54e-01	8.40e-01	0.00e+00	0.00e+00	0.00e+00
 3.43681e+22	3.06e-22	8.42e-17	8.51e-13	7.77e-10	1.65e-07	1.49e-05	6.70e-03	1.58e-01	8.36e-01	0.00e+00	0.00e+00	0.00e+00
 3.44712e+22	4.36e-22	1.15e-16	1.10e-12	9.62e-10	1.94e-07	1.66e-05	7.17e-03	1.63e-01	8.30e-01	0.00e+00	0.00e+00	0.00e+00
 3.45750e+22	5.74e-22	1.45e-16	1.35e-12	1.13e-09	2.20e-07	1.81e-05	7.55e-03	1.66e-01	8.26e-01	0.00e+00	0.00e+00	0.00e+00
 3.46794e+22	8.23e-22	1.99e-16	1.76e-12	1.41e-09	2.60e-07	2.02e-05	8.09e-03	1.72e-01	8.20e-01	0.00e+00	0.00e+00	0.00e+00
 3.47847e+22	1.08e-21	2.52e-16	2.16e-12	1.66e-09	2.95e-07	2.20e-05	8.53e-03	1.76e-01	8.16e-01	0.00e+00	0.00e+00	0.00e+00
 3.48760e+22	1.42e-21	3.19e-16	2.63e-12	1.96e-09	3.34e-07	2.40e-05	8.99e-03	1.80e-01	8.11e-01	0.00e+00	0.00e+00	0.00e+00
 3.49798e+22	2.04e-21	4.36e-16	3.43e-12	2.44e-09	3.94e-07	2.68e-05	9.64e-03	1.85e-01	8.05e-01	0.00e+00	0.00e+00	0.00e+00
 3.50825e+22	2.62e-21	5.41e-16	4.12e-12	2.83e-09	4.42e-07	2.90e-05	1.01e-02	1.89e-01	8.01e-01	0.00e+00	0.00e+00	0.00e+00
 3.51838e+22	3.64e-21	7.20e-16	5.25e-12	3.46e-09	5.15e-07	3.22e-05	1.08e-02	1.95e-01	7.95e-01	0.00e+00	0.00e+00	0.00e+00
 3.52882e+22	4.77e-21	9.11e-16	6.42e-12	4.07e-09	5.84e-07	3.51e-05	1.14e-02	1.99e-01	7.90e-01	0.00e+00	0.00e+00	0.00e+00
 3.53965e+22	6.72e-21	1.23e-15	8.25e-12	5.01e-09	6.84e-07	3.92e-05	1.22e-02	2.05e-01	7.83e-01	0.00e+00	0.00e+00	0.00e+00
 3.55067e+22	8.80e-21	1.55e-15	1.01e-11	5.90e-09	7.76e-07	4.27e-05	1.28e-02	2.10e-01	7.77e-01	0.00e+00	0.00e+00	0.00e+00
 3.56196e+22	1.24e-20	2.09e-15	1.30e-11	7.28e-09	9.12e-07	4.78e-05	1.37e-02	2.16e-01	7.70e-01	0.00e+00	0.00e+00	0.00e+00
 3.57349e+22	1.62e-20	2.63e-15	1.58e-11	8.56e-09	1.03e-06	5.21e-05	1.45e-02	2.21e-01	7.65e-01	0.00e+00	0.00e+00	0.00e+00
 3.58532e+22	2.29e-20	3.54e-15	2.04e-11	1.06e-08	1.21e-06	5.83e-05	1.55e-02	2.27e-01	7.57e-01	0.00e+00	0.00e+00	0.00e+00
 3.59735e+22	2.98e-20	4.46e-15	2.47e-11	1.24e-08	1.38e-06	6.36e-05	1.64e-02	2.32e-01	7.51e-01	0.00e+00	0.00e+00	0.00e+00
 3.60963e+22	4.18e-20	5.98e-15	3.18e-11	1.53e-08	1.62e-06	7.11e-05	1.76e-02	2.39e-01	7.43e-01	0.00e+00	0.00e+00	0.00e+00
 3.62198e+22	5.39e-20	7.46e-15	3.84e-11	1.78e-08	1.82e-06	7.73e-05	1.85e-02	2.44e-01	7.37e-01	0.00e+00	0.00e+00	0.00e+00
 3.63444e+22	7.51e-20	9.93e-15	4.90e-11	2.18e-08	2.14e-06	8.63e-05	1.98e-02	2.51e-01	7.29e-01	0.00e+00	0.00e+00	0.00e+00
 3.64650e+22	9.33e-20	1.20e-14	5.75e-11	2.50e-08	2.37e-06	9.29e-05	2.07e-02	2.56e-01	7.23e-01	0.00e+00	0.00e+00	0.00e+00
 3.65806e+22	1.25e-19	1.55e-14	7.14e-11	2.99e-08	2.73e-06	1.03e-04	2.20e-02	2.62e-01	7.16e-01	0.00e+00	0.00e+00	0.00e+00
 3.66991e+22	1.57e-19	1.88e-14	8.44e-11	3.43e-08	3.04e-06	1.11e-04	2.30e-02	2.67e-01	7.10e-01	0.00e+00	0.00e+00	0.00e+00
 3.68216e+22	2.12e-19	2.44e-14	1.06e-10	4.13e-08	3.52e-06	1.23e-04	2.45e-02	2.74e-01	7.01e-01	0.00e+00	0.00e+00	0.00e+00
 3.69456e+22	2.63e-19	2.95e-14	1.24e-10	4.73e-08	3.92e-06	1.32e-04	2.57e-02	2.79e-01	6.95e-01	0.00e+00	0.00e+00	0.00e+00
 3.70716e+22	3.51e-19	3.79e-14	1.54e-10	5.65e-08	4.51e-06	1.46e-04	2.73e-02	2.86e-01	6.87e-01	0.00e+00	0.00e+00	0.00e+00
 3.71966e+22	4.34e-19	4.56e-14	1.80e-10	6.45e-08	5.00e-06	1.57e-04	2.85e-02	2.91e-01	6.80e-01	0.00e+00	0.00e+00	0.00e+00
 3.73202e+22	5.75e-19	5.82e-14	2.22e-10	7.68e-08	5.74e-06	1.73e-04	3.03e-02	2.98e-01	6.72e-01	0.00e+00	0.00e+00	0.00e+00
 3.74451e+22	7.03e-19	6.93e-14	2.57e-10	8.70e-08	6.34e-06	1.85e-04	3.16e-02	3.03e-01	6.66e-01	0.00e+00	0.00e+00	0.00e+00
 3.75716e+22	9.26e-19	8.79e-14	3.16e-10	1.03e-07	7.25e-06	2.04e-04	3.35e-02	3.09e-01	6.57e-01	0.00e+00	0.00e+00	0.00e+00
 3.77005e+22	1.14e-18	1.05e-13	3.68e-10	1.17e-07	8.03e-06	2.19e-04	3.49e-02	3.14e-01	6.50e-01	0.00e+00	0.00e+00	0.00e+00
 3.78326e+22	1.50e-18	1.33e-13	4.51e-10	1.39e-07	9.20e-06	2.41e-04	3.70e-02	3.21e-01	6.41e-01	0.00e+00	0.00e+00	0.00e+00
 3.79671e+22	1.84e-18	1.60e-13	5.27e-10	1.58e-07	1.02e-05	2.59e-04	3.87e-02	3.27e-01	6.34e-01	0.00e+00	0.00e+00	0.00e+00
 3.81047e+22	2.42e-18	2.03e-13	6.47e-10	1.88e-07	1.17e-05	2.85e-04	4.10e-02	3.34e-01	6.25e-01	0.00e+00	0.00e+00	0.00e+00
 3.82449e+22	2.98e-18	2.43e-13	7.55e-10	2.14e-07	1.30e-05	3.07e-04	4.29e-02	3.39e-01	6.18e-01	0.00e+00	0.00e+00	0.00e+00
 3.83885e+22	3.93e-18	3.09e-13	9.28e-10	2.55e-07	1.49e-05	3.39e-04	4.55e-02	3.46e-01	6.08e-01	0.00e+00	0.00e+00	0.00e+00
 3.85288e+22	4.71e-18	3.62e-13	1.06e-09	2.86e-07	1.63e-05	3.61e-04	4.73e-02	3.51e-01	6.01e-01	0.00e+00	0.00e+00	0.00e+00
 3.86648e+22	6.12e-18	4.54e-13	1.29e-09	3.37e-07	1.86e-05	3.96e-04	5.00e-02	3.58e-01	5.92e-01	0.00e+00	0.00e+00	0.00e+00
 3.88030e+22	7.34e-18	5.33e-13	1.48e-09	3.78e-07	2.04e-05	4.23e-04	5.19e-02	3.63e-01	5.85e-01	0.00e+00	0.00e+00	0.00e+00
 3.89440e+22	9.44e-18	6.63e-13	1.79e-09	4.42e-07	2.31e-05	4.62e-04	5.48e-02	3.69e-01	5.75e-01	0.00e+00	0.00e+00	0.00e+00
 3.90894e+22	1.16e-17	7.91e-13	2.08e-09	5.02e-07	2.56e-05	4.97e-04	5.72e-02	3.75e-01	5.67e-01	0.00e+00	0.00e+00	0.00e+00
 3.92404e+22	1.49e-17	9.85e-13	2.51e-09	5.88e-07	2.90e-05	5.43e-04	6.03e-02	3.81e-01	5.58e-01	0.00e+00	0.00e+00	0.00e+00
 3.93965e+22	1.84e-17	1.19e-12	2.94e-09	6.73e-07	3.23e-05	5.86e-04	6.31e-02	3.87e-01	5.49e-01	0.00e+00	0.00e+00	0.00e+00
 3.95589e+22	2.39e-17	1.49e-12	3.58e-09	7.93e-07	3.68e-05	6.43e-04	6.66e-02	3.94e-01	5.39e-01	2.39e-17	6.04e-28	6.43e-28
 3.97258e+22	2.97e-17	1.80e-12	4.22e-09	9.09e-07	4.11e-05	6.95e-04	6.97e-02	4.00e-01	5.30e-01	2.97e-17	5.63e-26	7.09e-26
 3.98985e+22	3.88e-17	2.27e-12	5.15e-09	1.08e-06	4.70e-05	7.65e-04	7.37e-02	4.07e-01	5.19e-01	3.88e-17	7.37e-26	9.28e-26
 4.00769e+22	4.88e-17	2.77e-12	6.11e-09	1.24e-06	5.27e-05	8.29e-04	7.73e-02	4.12e-01	5.09e-01	4.88e-17	9.25e-26	1.16e-25
 4.02627e+22	6.45e-17	3.54e-12	7.54e-09	1.48e-06	6.06e-05	9.15e-04	8.19e-02	4.19e-01	4.98e-01	6.45e-17	1.22e-25	1.54e-25
 4.04535e+22	8.16e-17	4.34e-12	8.99e-09	1.72e-06	6.82e-05	9.95e-04	8.59e-02	4.25e-01	4.88e-01	8.16e-17	1.55e-25	1.95e-25
 4.06249e+22	1.02e-16	5.27e-12	1.06e-08	1.97e-06	7.61e-05	1.08e-03	8.99e-02	4.31e-01	4.78e-01	1.02e-16	1.93e-25	2.43e-25
 4.08219e+22	1.38e-16	6.84e-12	1.33e-08	2.38e-06	8.86e-05	1.20e-03	9.56e-02	4.38e-01	4.65e-01	1.38e-16	2.61e-25	3.29e-25
 4.10201e+22	1.71e-16	8.29e-12	1.57e-08	2.74e-06	9.88e-05	1.29e-03	9.99e-02	4.43e-01	4.56e-01	1.71e-16	3.25e-25	4.10e-25
 4.12199e+22	2.30e-16	1.07e-11	1.95e-08	3.29e-06	1.15e-04	1.43e-03	1.06e-01	4.50e-01	4.43e-01	2.30e-16	4.37e-25	5.50e-25
 4.14238e+22	2.91e-16	1.32e-11	2.33e-08	3.82e-06	1.29e-04	1.56e-03	1.11e-01	4.55e-01	4.33e-01	2.91e-16	5.53e-25	6.96e-25
 4.16333e+22	3.93e-16	1.71e-11	2.92e-08	4.61e-06	1.50e-04	1.73e-03	1.18e-01	4.61e-01	4.19e-01	3.93e-16	7.48e-25	9.42e-25
 4.18461e+22	5.02e-16	2.11e-11	3.50e-08	5.38e-06	1.70e-04	1.89e-03	1.24e-01	4.66e-01	4.08e-01	5.02e-16	9.54e-25	1.20e-24
 4.20632e+22	6.87e-16	2.78e-11	4.44e-08	6.56e-06	1.99e-04	2.11e-03	1.32e-01	4.72e-01	3.94e-01	6.87e-16	1.31e-24	1.65e-24
 4.22812e+22	8.73e-16	3.43e-11	5.31e-08	7.63e-06	2.24e-04	2.30e-03	1.38e-01	4.76e-01	3.83e-01	8.73e-16	1.66e-24	2.09e-24
 4.24621e+22	1.08e-15	4.14e-11	6.25e-08	8.75e-06	2.50e-04	2.48e-03	1.44e-01	4.80e-01	3.73e-01	1.08e-15	2.06e-24	2.60e-24
 4.26590e+22	1.44e-15	5.30e-11	7.74e-08	1.05e-05	2.90e-04	2.75e-03	1.52e-01	4.85e-01	3.60e-01	1.44e-15	2.75e-24	3.46e-24
 4.28551e+22	1.78e-15	6.37e-11	9.07e-08	1.20e-05	3.22e-04	2.96e-03	1.58e-01	4.88e-01	3.51e-01	1.78e-15	3.39e-24	4.27e-24
 4.30501e+22	2.35e-15	8.13e-11	1.12e-07	1.43e-05	3.73e-04	3.27e-03	1.67e-01	4.92e-01	3.38e-01	2.35e-15	4.49e-24	5.64e-24
 4.32478e+22	2.92e-15	9.81e-11	1.32e-07	1.64e-05	4.16e-04	3.54e-03	1.74e-01	4.94e-01	3.28e-01	2.92e-15	5.57e-24	7.00e-24
 4.34488e+22	3.88e-15	1.26e-10	1.63e-07	1.98e-05	4.84e-04	3.93e-03	1.84e-01	4.98e-01	3.14e-01	3.88e-15	7.42e-24	9.33e-24
 4.36522e+22	4.83e-15	1.52e-10	1.93e-07	2.27e-05	5.42e-04	4.25e-03	1.92e-01	5.00e-01	3.04e-01	4.83e-15	9.23e-24	1.16e-23
 4.38589e+22	6.44e-15	1.96e-10	2.40e-07	2.74e-05	6.31e-04	4.73e-03	2.02e-01	5.02e-01	2.91e-01	6.44e-15	1.23e-23	1.55e-23
 4.40695e+22	8.08e-15	2.39e-10	2.85e-07	3.18e-05	7.13e-04	5.15e-03	2.11e-01	5.03e-01	2.80e-01	8.08e-15	1.55e-23	1.94e-23
 4.42854e+22	1.08e-14	3.08e-10	3.57e-07	3.86e-05	8.36e-04	5.75e-03	2.24e-01	5.04e-01	2.66e-01	1.08e-14	2.07e-23	2.61e-23
 4.45056e+22	1.37e-14	3.78e-10	4.26e-07	4.50e-05	9.48e-04	6.28e-03	2.34e-01	5.04e-01	2.55e-01	1.37e-14	2.61e-23	3.29e-23
 4.47315e+22	1.84e-14	4.90e-10	5.36e-07	5.49e-05	1.12e-03	7.06e-03	2.47e-01	5.04e-01	2.40e-01	1.84e-14	3.52e-23	4.42e-23
 4.49591e+22	2.31e-14	5.97e-10	6.39e-07	6.40e-05	1.27e-03	7.72e-03	2.58e-01	5.03e-01	2.30e-01	2.31e-14	4.42e-23	5.55e-23
 4.51504e+22	2.83e-14	7.14e-10	7.49e-07	7.36e-05	1.43e-03	8.38e-03	2.69e-01	5.02e-01	2.20e-01	2.83e-14	5.42e-23	6.81e-23
 4.53575e+22	3.64e-14	8.92e-10	9.13e-07	8.77e-05	1.66e-03	9.30e-03	2.82e-01	4.99e-01	2.07e-01	3.64e-14	6.98e-23	8.77e-23
 4.55663e+22	4.43e-14	1.06e-09	1.07e-06	1.01e-04	1.86e-03	1.01e-02	2.93e-01	4.97e-01	1.98e-01	4.43e-14	8.51e-23	1.07e-22
 4.57706e+22	5.57e-14	1.30e-09	1.28e-06	1.19e-04	2.14e-03	1.11e-02	3.07e-01	4.93e-01	1.86e-01	5.57e-14	1.07e-22	1.34e-22
 4.59791e+22	6.76e-14	1.54e-09	1.50e-06	1.36e-04	2.41e-03	1.21e-02	3.19e-01	4.90e-01	1.77e-01	6.76e-14	1.30e-22	1.63e-22
 4.61833e+22	8.30e-14	1.85e-09	1.77e-06	1.59e-04	2.75e-03	1.33e-02	3.33e-01	4.85e-01	1.66e-01	8.30e-14	1.60e-22	2.01e-22
 4.63918e+22	1.00e-13	2.19e-09	2.07e-06	1.83e-04	3.11e-03	1.45e-02	3.46e-01	4.80e-01	1.57e-01	1.00e-13	1.93e-22	2.42e-22
 4.65979e+22	1.20e-13	2.58e-09	2.42e-06	2.11e-04	3.52e-03	1.59e-02	3.59e-01	4.74e-01	1.47e-01	1.20e-13	2.32e-22	2.91e-22
 4.68051e+22	1.43e-13	3.02e-09	2.80e-06	2.42e-04	3.97e-03	1.73e-02	3.72e-01	4.68e-01	1.39e-01	1.43e-13	2.76e-22	3.47e-22
 4.70099e+22	1.69e-13	3.50e-09	3.23e-06	2.77e-04	4.46e-03	1.89e-02	3.85e-01	4.61e-01	1.30e-01	1.69e-13	3.26e-22	4.09e-22
 4.72143e+22	1.98e-13	4.04e-09	3.70e-06	3.15e-04	5.00e-03	2.05e-02	3.98e-01	4.54e-01	1.22e-01	1.98e-13	3.82e-22	4.79e-22
 4.74190e+22	2.29e-13	4.64e-09	4.23e-06	3.58e-04	5.59e-03	2.23e-02	4.11e-01	4.46e-01	1.14e-01	2.29e-13	4.44e-22	5.57e-22
 4.76246e+22	2.65e-13	5.29e-09	4.81e-06	4.05e-04	6.24e-03	2.42e-02	4.24e-01	4.38e-01	1.07e-01	2.65e-13	5.12e-22	6.42e-22
 4.78312e+22	3.03e-13	6.00e-09	5.46e-06	4.58e-04	6.95e-03	2.62e-02	4.37e-01	4.29e-01	9.99e-02	3.03e-13	5.87e-22	7.36e-22
 4.80398e+22	3.45e-13	6.78e-09	6.18e-06	5.16e-04	7.73e-03	2.83e-02	4.50e-01	4.21e-01	9.31e-02	3.45e-13	6.70e-22	8.39e-22
 4.82508e+22	3.91e-13	7.63e-09	6.97e-06	5.81e-04	8.58e-03	3.06e-02	4.62e-01	4.11e-01	8.67e-02	3.91e-13	7.59e-22	9.51e-22
 4.84628e+22	4.40e-13	8.54e-09	7.83e-06	6.52e-04	9.50e-03	3.30e-02	4.74e-01	4.02e-01	8.07e-02	4.40e-13	8.55e-22	1.07e-21
 4.86782e+22	4.94e-13	9.55e-09	8.79e-06	7.32e-04	1.05e-02	3.57e-02	4.87e-01	3.92e-01	7.48e-02	4.94e-13	9.60e-22	1.20e-21
 4.88961e+22	5.50e-13	1.06e-08	9.83e-06	8.19e-04	1.16e-02	3.84e-02	4.98e-01	3.81e-01	6.94e-02	5.50e-13	1.07e-21	1.34e-21
 4.91182e+22	6.12e-13	1.18e-08	1.10e-05	9.19e-04	1.28e-02	4.15e-02	5.10e-01	3.71e-01	6.40e-02	6.12e-13	1.19e-21	1.49e-21
 4.93249e+22	6.66e-13	1.29e-08	1.21e-05	1.01e-03	1.39e-02	4.41e-02	5.19e-01	3.62e-01	6.00e-02	6.66e-13	1.30e-21	1.63e-21
 4.95373e+22	7.37e-13	1.43e-08	1.35e-05	1.13e-03	1.53e-02	4.76e-02	5.31e-01	3.50e-01	5.50e-02	7.37e-13	1.44e-21	1.80e-21
 4.97531e+22	8.00e-13	1.55e-08	1.48e-05	1.24e-03	1.66e-02	5.05e-02	5.39e-01	3.41e-01	5.14e-02	8.00e-13	1.57e-21	1.96e-21
 4.99741e+22	8.77e-13	1.71e-08	1.66e-05	1.39e-03	1.83e-02	5.45e-02	5.50e-01	3.29e-01	4.69e-02	8.77e-13	1.72e-21	2.15e-21
 5.01964e+22	9.52e-13	1.86e-08	1.81e-05	1.53e-03	1.97e-02	5.76e-02	5.58e-01	3.20e-01	4.37e-02	9.52e-13	1.87e-21	2.34e-21
 5.04205e+22	1.04e-12	2.05e-08	2.02e-05	1.71e-03	2.16e-02	6.20e-02	5.67e-01	3.08e-01	3.98e-02	1.04e-12	2.05e-21	2.56e-21
 5.06457e+22	1.12e-12	2.22e-08	2.21e-05	1.87e-03	2.32e-02	6.55e-02	5.74e-01	2.99e-01	3.71e-02	1.12e-12	2.21e-21	2.76e-21
 5.08726e+22	1.23e-12	2.44e-08	2.46e-05	2.09e-03	2.54e-02	7.02e-02	5.82e-01	2.87e-01	3.37e-02	1.23e-12	2.42e-21	3.02e-21
 5.11014e+22	1.32e-12	2.64e-08	2.69e-05	2.28e-03	2.72e-02	7.40e-02	5.88e-01	2.77e-01	3.13e-02	1.32e-12	2.61e-21	3.26e-21
 5.13325e+22	1.44e-12	2.91e-08	3.00e-05	2.55e-03	2.97e-02	7.92e-02	5.95e-01	2.66e-01	2.84e-02	1.44e-12	2.85e-21	3.55e-21
 5.15666e+22	1.55e-12	3.15e-08	3.27e-05	2.78e-03	3.18e-02	8.33e-02	5.99e-01	2.56e-01	2.62e-02	1.55e-12	3.07e-21	3.83e-21
 5.18044e+22	1.69e-12	3.48e-08	3.66e-05	3.11e-03	3.46e-02	8.90e-02	6.05e-01	2.45e-01	2.37e-02	1.69e-12	3.35e-21	4.18e-21
 5.20460e+22	1.82e-12	3.78e-08	4.01e-05	3.40e-03	3.70e-02	9.36e-02	6.09e-01	2.36e-01	2.19e-02	1.82e-12	3.62e-21	4.52e-21
 5.22926e+22	1.99e-12	4.19e-08	4.50e-05	3.81e-03	4.02e-02	9.98e-02	6.13e-01	2.24e-01	1.96e-02	1.99e-12	3.97e-21	4.96e-21
 5.25444e+22	2.16e-12	4.59e-08	4.95e-05	4.18e-03	4.29e-02	1.05e-01	6.15e-01	2.15e-01	1.80e-02	2.16e-12	4.32e-21	5.38e-21
 5.28030e+22	2.38e-12	5.12e-08	5.58e-05	4.69e-03	4.67e-02	1.12e-01	6.17e-01	2.03e-01	1.61e-02	2.38e-12	4.76e-21	5.93e-21
 5.30681e+22	2.60e-12	5.64e-08	6.18e-05	5.16e-03	4.99e-02	1.17e-01	6.18e-01	1.94e-01	1.47e-02	2.60e-12	5.22e-21	6.50e-21
 5.33416e+22	2.88e-12	6.35e-08	7.03e-05	5.83e-03	5.42e-02	1.25e-01	6.19e-01	1.83e-01	1.30e-02	2.88e-12	5.78e-21	7.21e-21
 5.35988e+22	3.13e-12	6.95e-08	7.70e-05	6.32e-03	5.73e-02	1.30e-01	6.19e-01	1.76e-01	1.20e-02	3.13e-12	6.31e-21	7.86e-21
 5.38346e+22	3.45e-12	7.74e-08	8.62e-05	7.00e-03	6.14e-02	1.37e-01	6.18e-01	1.66e-01	1.08e-02	3.45e-12	6.97e-21	8.67e-21
 5.40687e+22	3.75e-12	8.46e-08	9.42e-05	7.57e-03	6.46e-02	1.42e-01	6.16e-01	1.60e-01	9.97e-03	3.75e-12	7.59e-21	9.44e-21
 5.43005e+22	4.09e-12	9.39e-08	1.05e-04	8.36e-03	6.90e-02	1.49e-01	6.14e-01	1.51e-01	8.95e-03	4.09e-12	8.31e-21	1.03e-20
 5.45335e+22	4.48e-12	1.03e-07	1.15e-04	9.03e-03	7.25e-02	1.54e-01	6.11e-01	1.45e-01	8.26e-03	4.48e-12	9.11e-21	1.13e-20
 5.47683e+22	4.95e-12	1.16e-07	1.29e-04	9.98e-03	7.73e-02	1.61e-01	6.07e-01	1.37e-01	7.41e-03	4.95e-12	1.01e-20	1.26e-20
 5.50073e+22	5.46e-12	1.28e-07	1.42e-04	1.08e-02	8.13e-02	1.67e-01	6.04e-01	1.31e-01	6.81e-03	5.46e-12	1.12e-20	1.39e-20
 5.52518e+22	6.09e-12	1.45e-07	1.60e-04	1.20e-02	8.66e-02	1.74e-01	5.98e-01	1.23e-01	6.07e-03	6.09e-12	1.25e-20	1.55e-20
 5.54997e+22	6.79e-12	1.61e-07	1.77e-04	1.30e-02	9.10e-02	1.80e-01	5.94e-01	1.17e-01	5.56e-03	6.79e-12	1.40e-20	1.74e-20
 5.57521e+22	7.63e-12	1.83e-07	2.01e-04	1.44e-02	9.69e-02	1.88e-01	5.87e-01	1.09e-01	4.93e-03	7.63e-12	1.58e-20	1.96e-20
 5.60087e+22	8.56e-12	2.06e-07	2.23e-04	1.56e-02	1.02e-01	1.93e-01	5.81e-01	1.04e-01	4.49e-03	8.56e-12	1.78e-20	2.20e-20
 5.62706e+22	9.76e-12	2.37e-07	2.54e-04	1.74e-02	1.08e-01	2.01e-01	5.72e-01	9.68e-02	3.96e-03	9.76e-12	2.03e-20	2.52e-20
 5.65390e+22	1.10e-11	2.69e-07	2.84e-04	1.89e-02	1.14e-01	2.07e-01	5.64e-01	9.14e-02	3.58e-03	1.10e-11	2.31e-20	2.86e-20
 5.68158e+22	1.28e-11	3.14e-07	3.27e-04	2.11e-02	1.21e-01	2.16e-01	5.54e-01	8.47e-02	3.13e-03	1.28e-11	2.69e-20	3.34e-20
 5.70995e+22	1.47e-11	3.59e-07	3.68e-04	2.31e-02	1.28e-01	2.22e-01	5.45e-01	7.95e-02	2.81e-03	1.47e-11	3.09e-20	3.83e-20
 5.73921e+22	1.74e-11	4.27e-07	4.28e-04	2.58e-02	1.36e-01	2.30e-01	5.32e-01	7.31e-02	2.43e-03	1.74e-11	3.69e-20	4.57e-20
 5.76874e+22	2.02e-11	4.92e-07	4.83e-04	2.82e-02	1.43e-01	2.36e-01	5.22e-01	6.85e-02	2.18e-03	2.02e-11	4.30e-20	5.33e-20
 5.79861e+22	2.41e-11	5.88e-07	5.63e-04	3.16e-02	1.52e-01	2.44e-01	5.07e-01	6.25e-02	1.87e-03	2.41e-11	5.15e-20	6.37e-20
 5.82876e+22	2.82e-11	6.82e-07	6.36e-04	3.45e-02	1.60e-01	2.49e-01	4.96e-01	5.84e-02	1.67e-03	2.82e-11	6.07e-20	7.51e-20
 5.85925e+22	3.41e-11	8.22e-07	7.44e-04	3.86e-02	1.69e-01	2.57e-01	4.80e-01	5.31e-02	1.42e-03	3.41e-11	7.38e-20	9.12e-20
 5.88900e+22	3.97e-11	9.46e-07	8.35e-04	4.18e-02	1.77e-01	2.61e-01	4.68e-01	4.95e-02	1.27e-03	3.97e-11	8.62e-20	1.07e-19
 5.91778e+22	4.80e-11	1.13e-06	9.66e-04	4.63e-02	1.86e-01	2.67e-01	4.53e-01	4.52e-02	1.10e-03	4.80e-11	1.05e-19	1.30e-19
 5.94810e+22	5.70e-11	1.33e-06	1.10e-03	5.06e-02	1.95e-01	2.72e-01	4.39e-01	4.17e-02	9.61e-04	5.70e-11	1.25e-19	1.55e-19
 5.97372e+22	6.57e-11	1.51e-06	1.22e-03	5.44e-02	2.02e-01	2.75e-01	4.27e-01	3.89e-02	8.61e-04	6.57e-11	1.45e-19	1.79e-19
 6.00034e+22	7.90e-11	1.79e-06	1.39e-03	5.95e-02	2.11e-01	2.79e-01	4.12e-01	3.57e-02	7.50e-04	7.90e-11	1.76e-19	2.17e-19
 6.02789e+22	9.26e-11	2.06e-06	1.56e-03	6.42e-02	2.19e-01	2.82e-01	3.99e-01	3.30e-02	6.64e-04	9.26e-11	2.07e-19	2.55e-19
 6.05273e+22	1.08e-10	2.37e-06	1.74e-03	6.90e-02	2.27e-01	2.85e-01	3.86e-01	3.06e-02	5.90e-04	1.08e-10	2.44e-19	3.00e-19
 6.08112e+22	1.32e-10	2.83e-06	2.00e-03	7.55e-02	2.36e-01	2.88e-01	3.70e-01	2.78e-02	5.07e-04	1.32e-10	3.01e-19	3.70e-19
 6.11051e+22	1.58e-10	3.31e-06	2.26e-03	8.17e-02	2.45e-01	2.90e-01	3.56e-01	2.54e-02	4.42e-04	1.58e-10	3.61e-19	4.44e-19
 6.13666e+22	1.87e-10	3.83e-06	2.52e-03	8.77e-02	2.53e-01	2.91e-01	3.42e-01	2.34e-02	3.89e-04	1.87e-10	4.30e-19	5.28e-19
 6.16610e+22	2.31e-10	4.60e-06	2.89e-03	9.58e-02	2.63e-01	2.92e-01	3.26e-01	2.10e-02	3.31e-04	2.31e-10	5.37e-19	6.60e-19
 6.19692e+22	2.80e-10	5.42e-06	3.28e-03	1.04e-01	2.71e-01	2.92e-01	3.10e-01	1.90e-02	2.84e-04	2.80e-10	6.56e-19	8.05e-19
 6.22479e+22	3.36e-10	6.32e-06	3.68e-03	1.11e-01	2.79e-01	2.92e-01	2.96e-01	1.73e-02	2.47e-04	3.36e-10	7.94e-19	9.73e-19
 6.25629e+22	4.25e-10	7.68e-06	4.25e-03	1.22e-01	2.89e-01	2.90e-01	2.79e-01	1.54e-02	2.07e-04	4.25e-10	1.01e-18	1.24e-18
 6.28875e+22	5.21e-10	9.10e-06	4.82e-03	1.31e-01	2.98e-01	2.89e-01	2.64e-01	1.38e-02	1.75e-04	5.21e-10	1.25e-18	1.54e-18
 6.31763e+22	6.32e-10	1.06e-05	5.40e-03	1.40e-01	3.05e-01	2.86e-01	2.50e-01	1.24e-02	1.51e-04	6.32e-10	1.53e-18	1.88e-18
 6.35033e+22	8.08e-10	1.30e-05	6.24e-03	1.53e-01	3.14e-01	2.83e-01	2.33e-01	1.09e-02	1.24e-04	8.08e-10	1.99e-18	2.43e-18
 6.38427e+22	1.00e-09	1.55e-05	7.08e-03	1.65e-01	3.21e-01	2.79e-01	2.18e-01	9.62e-03	1.04e-04	1.00e-09	2.50e-18	3.05e-18
 6.41474e+22	1.23e-09	1.82e-05	7.95e-03	1.76e-01	3.28e-01	2.75e-01	2.05e-01	8.57e-03	8.80e-05	1.23e-09	3.10e-18	3.78e-18
 6.44928e+22	1.60e-09	2.23e-05	9.19e-03	1.91e-01	3.36e-01	2.68e-01	1.89e-01	7.39e-03	7.11e-05	1.60e-09	4.08e-18	4.98e-18
 6.48516e+22	2.02e-09	2.68e-05	1.04e-02	2.05e-01	3.41e-01	2.62e-01	1.75e-01	6.44e-03	5.84e-05	2.02e-09	5.22e-18	6.35e-18
 6.51730e+22	2.51e-09	3.16e-05	1.17e-02	2.18e-01	3.46e-01	2.56e-01	1.62e-01	5.66e-03	4.86e-05	2.51e-09	6.56e-18	7.99e-18
 6.55362e+22	3.32e-09	3.91e-05	1.36e-02	2.36e-01	3.52e-01	2.47e-01	1.47e-01	4.78e-03	3.83e-05	3.32e-09	8.82e-18	1.07e-17
 6.59068e+22	4.19e-09	4.66e-05	1.53e-02	2.51e-01	3.55e-01	2.40e-01	1.35e-01	4.13e-03	3.12e-05	4.19e-09	1.13e-17	1.37e-17
 6.62872e+22	5.60e-09	5.79e-05	1.78e-02	2.71e-01	3.58e-01	2.29e-01	1.21e-01	3.44e-03	2.41e-05	5.60e-09	1.54e-17	1.87e-17
 6.66712e+22	7.09e-09	6.91e-05	2.00e-02	2.87e-01	3.60e-01	2.20e-01	1.10e-01	2.94e-03	1.95e-05	7.09e-09	1.98e-17	2.40e-17
 6.70601e+22	9.56e-09	8.60e-05	2.31e-02	3.08e-01	3.60e-01	2.09e-01	9.75e-02	2.41e-03	1.48e-05	9.56e-09	2.72e-17	3.30e-17
 6.74523e+22	1.21e-08	1.02e-04	2.59e-02	3.25e-01	3.60e-01	2.00e-01	8.82e-02	2.05e-03	1.18e-05	1.21e-08	3.51e-17	4.25e-17
 6.78490e+22	1.64e-08	1.27e-04	2.99e-02	3.46e-01	3.58e-01	1.87e-01	7.73e-02	1.66e-03	8.85e-06	1.64e-08	4.87e-17	5.88e-17
 6.82504e+22	2.09e-08	1.51e-04	3.34e-02	3.63e-01	3.55e-01	1.78e-01	6.93e-02	1.40e-03	7.00e-06	2.09e-08	6.31e-17	7.61e-17
 6.86578e+22	2.84e-08	1.88e-04	3.84e-02	3.85e-01	3.50e-01	1.65e-01	6.00e-02	1.11e-03	5.15e-06	2.84e-08	8.81e-17	1.06e-16
 6.90699e+22	3.62e-08	2.23e-04	4.27e-02	4.02e-01	3.45e-01	1.55e-01	5.34e-02	9.28e-04	4.02e-06	3.62e-08	1.15e-16	1.38e-16
 6.94884e+22	4.95e-08	2.78e-04	4.89e-02	4.24e-01	3.38e-01	1.42e-01	4.57e-02	7.29e-04	2.91e-06	4.95e-08	1.61e-16	1.94e-16
 6.98981e+22	6.22e-08	3.25e-04	5.39e-02	4.39e-01	3.32e-01	1.33e-01	4.06e-02	6.09e-04	2.28e-06	6.22e-08	2.07e-16	2.49e-16
 7.02963e+22	8.34e-08	3.99e-04	6.10e-02	4.59e-01	3.22e-01	1.22e-01	3.48e-02	4.80e-04	1.66e-06	8.34e-08	2.86e-16	3.43e-16
 7.06813e+22	1.03e-07	4.59e-04	6.64e-02	4.72e-01	3.15e-01	1.14e-01	3.11e-02	4.05e-04	1.32e-06	1.03e-07	3.59e-16	4.30e-16
 7.10493e+22	1.33e-07	5.50e-04	7.39e-02	4.88e-01	3.06e-01	1.05e-01	2.68e-02	3.24e-04	9.84e-07	1.33e-07	4.80e-16	5.75e-16
 7.14231e+22	1.65e-07	6.36e-04	8.04e-02	5.00e-01	2.97e-01	9.75e-02	2.37e-02	2.69e-04	7.70e-07	1.65e-07	6.07e-16	7.28e-16
 7.17535e+22	2.03e-07	7.31e-04	8.73e-02	5.11e-01	2.89e-01	9.06e-02	2.10e-02	2.24e-04	6.05e-07	2.03e-07	7.65e-16	9.16e-16
 7.21320e+22	2.65e-07	8.74e-04	9.66e-02	5.25e-01	2.78e-01	8.21e-02	1.79e-02	1.77e-04	4.42e-07	2.65e-07	1.03e-15	1.23e-15
 7.25164e+22	3.28e-07	1.01e-03	1.05e-01	5.35e-01	2.68e-01	7.56e-02	1.57e-02	1.45e-04	3.41e-07	3.28e-07	1.30e-15	1.56e-15
 7.29085e+22	4.29e-07	1.21e-03	1.16e-01	5.46e-01	2.56e-01	6.79e-02	1.32e-02	1.13e-04	2.45e-07	4.29e-07	1.76e-15	2.11e-15
 7.33040e+22	5.30e-07	1.39e-03	1.25e-01	5.54e-01	2.46e-01	6.21e-02	1.15e-02	9.22e-05	1.88e-07	5.30e-07	2.24e-15	2.67e-15
 7.37036e+22	6.98e-07	1.67e-03	1.38e-01	5.63e-01	2.32e-01	5.52e-02	9.60e-03	7.04e-05	1.32e-07	6.98e-07	3.06e-15	3.64e-15
 7.41038e+22	8.58e-07	1.91e-03	1.49e-01	5.68e-01	2.22e-01	5.03e-02	8.33e-03	5.72e-05	0.00e+00	8.58e-07	3.86e-15	4.60e-15
 7.44253e+22	1.02e-06	2.15e-03	1.58e-01	5.72e-01	2.14e-01	4.64e-02	7.36e-03	4.78e-05	0.00e+00	1.02e-06	4.73e-15	5.62e-15
 7.47640e+22	1.27e-06	2.48e-03	1.70e-01	5.76e-01	2.03e-01	4.18e-02	6.31e-03	3.82e-05	0.00e+00	1.27e-06	6.06e-15	7.21e-15
 7.51077e+22	1.52e-06	2.78e-03	1.81e-01	5.78e-01	1.94e-01	3.83e-02	5.54e-03	3.16e-05	0.00e+00	1.52e-06	7.45e-15	8.84e-15
 7.54099e+22	1.81e-06	3.12e-03	1.92e-01	5.79e-01	1.86e-01	3.52e-02	4.88e-03	2.62e-05	0.00e+00	1.81e-06	9.08e-15	1.08e-14
 7.57552e+22	2.25e-06	3.59e-03	2.06e-01	5.80e-01	1.76e-01	3.15e-02	4.15e-03	2.07e-05	0.00e+00	2.25e-06	1.17e-14	1.38e-14
 7.61047e+22	2.69e-06	4.03e-03	2.18e-01	5.79e-01	1.67e-01	2.86e-02	3.62e-03	1.70e-05	0.00e+00	2.69e-06	1.43e-14	1.70e-14
 7.64109e+22	3.19e-06	4.50e-03	2.30e-01	5.77e-01	1.59e-01	2.61e-02	3.16e-03	1.40e-05	0.00e+00	3.19e-06	1.75e-14	2.07e-14
 7.67603e+22	3.97e-06	5.18e-03	2.46e-01	5.74e-01	1.49e-01	2.31e-02	2.66e-03	1.09e-05	0.00e+00	3.97e-06	2.26e-14	2.67e-14
 7.71125e+22	4.69e-06	5.77e-03	2.59e-01	5.71e-01	1.41e-01	2.10e-02	2.32e-03	8.96e-06	0.00e+00	4.69e-06	2.75e-14	3.25e-14
 7.74683e+22	5.81e-06	6.62e-03	2.76e-01	5.65e-01	1.32e-01	1.85e-02	1.94e-03	6.95e-06	0.00e+00	5.81e-06	3.54e-14	4.17e-14
 7.78297e+22	6.93e-06	7.42e-03	2.91e-01	5.59e-01	1.24e-01	1.66e-02	1.67e-03	5.59e-06	0.00e+00	6.93e-06	4.36e-14	5.14e-14
 7.81481e+22	8.20e-06	8.26e-03	3.05e-01	5.53e-01	1.17e-01	1.50e-02	1.44e-03	4.54e-06	0.00e+00	8.20e-06	5.31e-14	6.26e-14
 7.85115e+22	1.01e-05	9.45e-03	3.24e-01	5.44e-01	1.08e-01	1.31e-02	1.20e-03	3.48e-06	0.00e+00	1.01e-05	6.83e-14	8.05e-14
 7.88828e+22	1.21e-05	1.06e-02	3.40e-01	5.35e-01	1.01e-01	1.17e-02	1.02e-03	2.78e-06	0.00e+00	1.21e-05	8.41e-14	9.92e-14
 7.92145e+22	1.43e-05	1.18e-02	3.56e-01	5.26e-01	9.46e-02	1.04e-02	8.75e-04	2.22e-06	0.00e+00	1.43e-05	1.03e-13	1.21e-13
 7.95959e+22	1.78e-05	1.35e-02	3.77e-01	5.13e-01	8.67e-02	8.99e-03	7.15e-04	1.66e-06	0.00e+00	1.78e-05	1.34e-13	1.58e-13
 7.99831e+22	2.12e-05	1.51e-02	3.95e-01	5.01e-01	8.03e-02	7.93e-03	6.02e-04	1.30e-06	0.00e+00	2.12e-05	1.65e-13	1.95e-13
 8.03780e+22	2.62e-05	1.73e-02	4.16e-01	4.86e-01	7.32e-02	6.79e-03	4.89e-04	9.69e-07	0.00e+00	2.62e-05	2.14e-13	2.52e-13
 8.07835e+22	3.16e-05	1.94e-02	4.36e-01	4.71e-01	6.70e-02	5.89e-03	4.04e-04	7.41e-07	0.00e+00	3.16e-05	2.68e-13	3.16e-13
 8.11395e+22	3.74e-05	2.15e-02	4.54e-01	4.58e-01	6.18e-02	5.17e-03	3.39e-04	5.78e-07	0.00e+00	3.74e-05	3.29e-13	3.88e-13
 8.15390e+22	4.62e-05	2.46e-02	4.76e-01	4.39e-01	5.56e-02	4.36e-03	2.71e-04	4.21e-07	0.00e+00	4.62e-05	4.27e-13	5.04e-13
 8.19541e+22	5.53e-05	2.75e-02	4.95e-01	4.23e-01	5.06e-02	3.75e-03	2.22e-04	3.18e-07	0.00e+00	5.53e-05	5.32e-13	6.29e-13
 8.23316e+22	6.61e-05	3.07e-02	5.14e-01	4.06e-01	4.60e-02	3.23e-03	1.83e-04	2.41e-07	0.00e+00	6.61e-05	6.62e-13	7.82e-13
 8.26542e+22	7.52e-05	3.33e-02	5.27e-01	3.94e-01	4.28e-02	2.89e-03	1.58e-04	1.96e-07	0.00e+00	7.52e-05	7.77e-13	9.18e-13
 8.29633e+22	8.80e-05	3.67e-02	5.43e-01	3.78e-01	3.92e-02	2.52e-03	1.32e-04	1.52e-07	0.00e+00	8.80e-05	9.46e-13	1.12e-12
 8.32798e+22	1.00e-04	3.98e-02	5.57e-01	3.65e-01	3.62e-02	2.23e-03	1.13e-04	0.00e+00	0.00e+00	1.00e-04	1.11e-12	1.31e-12
 8.35628e+22	1.14e-04	4.30e-02	5.69e-01	3.52e-01	3.36e-02	1.99e-03	9.69e-05	0.00e+00	0.00e+00	1.14e-04	1.31e-12	1.54e-12
 8.38877e+22	1.34e-04	4.75e-02	5.85e-01	3.35e-01	3.05e-02	1.71e-03	8.00e-05	0.00e+00	0.00e+00	1.34e-04	1.60e-12	1.88e-12
 8.42194e+22	1.53e-04	5.15e-02	5.97e-01	3.21e-01	2.79e-02	1.50e-03	6.77e-05	0.00e+00	0.00e+00	1.53e-04	1.89e-12	2.23e-12
 8.45130e+22	1.74e-04	5.58e-02	6.09e-01	3.08e-01	2.56e-02	1.32e-03	5.73e-05	0.00e+00	0.00e+00	1.74e-04	2.23e-12	2.63e-12
 8.48477e+22	2.05e-04	6.17e-02	6.24e-01	2.90e-01	2.29e-02	1.12e-03	4.64e-05	0.00e+00	0.00e+00	2.05e-04	2.74e-12	3.24e-12
 8.51854e+22	2.33e-04	6.67e-02	6.35e-01	2.77e-01	2.10e-02	9.76e-04	3.91e-05	0.00e+00	0.00e+00	2.33e-04	3.23e-12	3.81e-12
 8.55271e+22	2.74e-04	7.34e-02	6.47e-01	2.60e-01	1.87e-02	8.24e-04	3.16e-05	0.00e+00	0.00e+00	2.74e-04	3.96e-12	4.67e-12
 8.58791e+22	3.14e-04	7.97e-02	6.57e-01	2.45e-01	1.69e-02	7.08e-04	2.61e-05	0.00e+00	0.00e+00	3.14e-04	4.72e-12	5.57e-12
 8.61955e+22	3.58e-04	8.63e-02	6.66e-01	2.32e-01	1.53e-02	6.11e-04	2.17e-05	0.00e+00	0.00e+00	3.58e-04	5.60e-12	6.60e-12
 8.65576e+22	4.21e-04	9.52e-02	6.75e-01	2.15e-01	1.35e-02	5.06e-04	1.72e-05	0.00e+00	0.00e+00	4.21e-04	6.91e-12	8.15e-12
 8.69314e+22	4.86e-04	1.04e-01	6.83e-01	2.01e-01	1.20e-02	4.27e-04	1.39e-05	0.00e+00	0.00e+00	4.86e-04	8.31e-12	9.80e-12
 8.72671e+22	5.55e-04	1.12e-01	6.89e-01	1.88e-01	1.07e-02	3.63e-04	1.14e-05	0.00e+00	0.00e+00	5.55e-04	9.89e-12	1.17e-11
 8.76500e+22	6.59e-04	1.24e-01	6.94e-01	1.71e-01	9.24e-03	2.94e-04	8.75e-06	0.00e+00	0.00e+00	6.59e-04	1.24e-11	1.46e-11
 8.80417e+22	7.55e-04	1.34e-01	6.98e-01	1.59e-01	8.16e-03	2.46e-04	7.03e-06	0.00e+00	0.00e+00	7.55e-04	1.48e-11	1.75e-11
 8.84447e+22	9.01e-04	1.49e-01	7.00e-01	1.43e-01	6.96e-03	1.95e-04	5.30e-06	0.00e+00	0.00e+00	9.01e-04	1.87e-11	2.20e-11
 8.88521e+22	1.03e-03	1.61e-01	7.00e-01	1.31e-01	6.09e-03	1.61e-04	4.21e-06	0.00e+00	0.00e+00	1.03e-03	2.24e-11	2.64e-11
 8.92653e+22	1.23e-03	1.78e-01	6.98e-01	1.17e-01	5.14e-03	1.26e-04	3.14e-06	0.00e+00	0.00e+00	1.23e-03	2.82e-11	3.33e-11
 8.96846e+22	1.41e-03	1.93e-01	6.95e-01	1.06e-01	4.47e-03	1.03e-04	2.46e-06	0.00e+00	0.00e+00	1.41e-03	3.38e-11	3.99e-11
 9.01118e+22	1.68e-03	2.13e-01	6.88e-01	9.36e-02	3.72e-03	7.95e-05	1.80e-06	0.00e+00	0.00e+00	1.68e-03	4.27e-11	5.04e-11
 9.05454e+22	1.94e-03	2.31e-01	6.80e-01	8.40e-02	3.19e-03	6.39e-05	1.39e-06	0.00e+00	0.00e+00	1.94e-03	5.14e-11	6.06e-11
 9.09873e+22	2.31e-03	2.55e-01	6.68e-01	7.28e-02	2.63e-03	4.83e-05	1.00e-06	0.00e+00	0.00e+00	2.31e-03	6.51e-11	7.69e-11
 9.14371e+22	2.68e-03	2.76e-01	6.55e-01	6.43e-02	2.22e-03	3.80e-05	7.59e-07	0.00e+00	0.00e+00	2.68e-03	7.89e-11	9.32e-11
 9.18973e+22	3.21e-03	3.05e-01	6.35e-01	5.46e-02	1.80e-03	2.80e-05	5.34e-07	0.00e+00	0.00e+00	3.21e-03	1.01e-10	1.19e-10
 9.23638e+22	3.74e-03	3.33e-01	6.15e-01	4.72e-02	1.50e-03	2.15e-05	3.95e-07	0.00e+00	0.00e+00	3.74e-03	1.23e-10	1.46e-10
