#depth	He	He+	He+2
 1.54284e+22	1.23e-07	3.76e-03	9.96e-01
 3.47443e+22	2.38e-07	5.22e-03	9.95e-01
 4.05757e+22	3.25e-07	6.09e-03	9.94e-01
 4.35661e+22	3.83e-07	6.61e-03	9.93e-01
 4.51737e+22	4.19e-07	6.90e-03	9.93e-01
 4.64639e+22	4.68e-07	7.29e-03	9.93e-01
 4.78153e+22	5.15e-07	7.65e-03	9.92e-01
 4.92464e+22	5.83e-07	8.13e-03	9.92e-01
 5.06892e+22	6.43e-07	8.53e-03	9.91e-01
 5.21472e+22	7.28e-07	9.07e-03	9.91e-01
 5.36233e+22	8.02e-07	9.51e-03	9.90e-01
 5.49099e+22	8.82e-07	9.97e-03	9.90e-01
 5.63693e+22	9.98e-07	1.06e-02	9.89e-01
 5.78470e+22	1.10e-06	1.11e-02	9.89e-01
 5.90644e+22	1.19e-06	1.16e-02	9.88e-01
 6.03628e+22	1.33e-06	1.22e-02	9.88e-01
 6.16918e+22	1.45e-06	1.27e-02	9.87e-01
 6.28758e+22	1.58e-06	1.33e-02	9.87e-01
 6.42303e+22	1.76e-06	1.40e-02	9.86e-01
 6.56369e+22	1.94e-06	1.47e-02	9.85e-01
 6.68919e+22	2.11e-06	1.54e-02	9.85e-01
 6.83040e+22	2.36e-06	1.62e-02	9.84e-01
 6.97817e+22	2.61e-06	1.70e-02	9.83e-01
 7.11155e+22	2.86e-06	1.78e-02	9.82e-01
 7.26205e+22	3.22e-06	1.89e-02	9.81e-01
 7.41760e+22	3.57e-06	1.99e-02	9.80e-01
 7.55620e+22	3.93e-06	2.08e-02	9.79e-01
 7.71285e+22	4.43e-06	2.21e-02	9.78e-01
 7.87578e+22	4.94e-06	2.33e-02	9.77e-01
 8.02236e+22	5.46e-06	2.45e-02	9.75e-01
 8.18843e+22	6.21e-06	2.61e-02	9.74e-01
 8.35990e+22	6.93e-06	2.76e-02	9.72e-01
 8.51457e+22	7.71e-06	2.90e-02	9.71e-01
 8.69180e+22	8.83e-06	3.11e-02	9.69e-01
 8.87136e+22	9.90e-06	3.28e-02	9.67e-01
 9.03005e+22	1.10e-05	3.46e-02	9.65e-01
 9.21243e+22	1.27e-05	3.71e-02	9.63e-01
 9.39706e+22	1.42e-05	3.92e-02	9.61e-01
 9.58461e+22	1.64e-05	4.20e-02	9.58e-01
 9.77604e+22	1.84e-05	4.45e-02	9.55e-01
 9.94646e+22	2.07e-05	4.71e-02	9.53e-01
 1.01420e+23	2.40e-05	5.06e-02	9.49e-01
 1.03407e+23	2.71e-05	5.37e-02	9.46e-01
 1.05437e+23	3.16e-05	5.78e-02	9.42e-01
 1.07486e+23	3.56e-05	6.13e-02	9.39e-01
 1.09268e+23	4.01e-05	6.49e-02	9.35e-01
 1.10936e+23	4.45e-05	6.82e-02	9.32e-01
 1.12749e+23	5.08e-05	7.27e-02	9.27e-01
 1.14575e+23	5.66e-05	7.66e-02	9.23e-01
 1.16163e+23	6.27e-05	8.04e-02	9.20e-01
 1.17971e+23	7.15e-05	8.56e-02	9.14e-01
 1.19820e+23	7.99e-05	9.03e-02	9.10e-01
 1.21721e+23	9.11e-05	9.61e-02	9.04e-01
 1.23656e+23	1.02e-04	1.01e-01	8.98e-01
 1.25345e+23	1.14e-04	1.07e-01	8.93e-01
 1.27252e+23	1.30e-04	1.14e-01	8.86e-01
 1.29035e+23	1.42e-04	1.19e-01	8.81e-01
 1.30657e+23	1.59e-04	1.25e-01	8.75e-01
 1.32313e+23	1.75e-04	1.30e-01	8.69e-01
 1.33779e+23	1.91e-04	1.36e-01	8.64e-01
 1.35455e+23	2.13e-04	1.43e-01	8.57e-01
 1.37162e+23	2.34e-04	1.50e-01	8.50e-01
 1.38673e+23	2.56e-04	1.56e-01	8.44e-01
 1.40400e+23	2.87e-04	1.64e-01	8.36e-01
 1.42152e+23	3.15e-04	1.71e-01	8.28e-01
 1.43695e+23	3.45e-04	1.79e-01	8.21e-01
 1.45457e+23	3.86e-04	1.88e-01	8.12e-01
 1.47225e+23	4.24e-04	1.96e-01	8.04e-01
 1.48998e+23	4.74e-04	2.06e-01	7.94e-01
 1.50810e+23	5.21e-04	2.15e-01	7.85e-01
 1.52429e+23	5.71e-04	2.23e-01	7.76e-01
 1.54289e+23	6.40e-04	2.35e-01	7.64e-01
 1.56186e+23	7.05e-04	2.45e-01	7.54e-01
 1.58133e+23	7.93e-04	2.58e-01	7.42e-01
 1.60109e+23	8.74e-04	2.69e-01	7.31e-01
 1.62123e+23	9.85e-04	2.83e-01	7.16e-01
 1.64177e+23	1.09e-03	2.95e-01	7.04e-01
 1.66010e+23	1.20e-03	3.07e-01	6.92e-01
 1.68118e+23	1.35e-03	3.23e-01	6.76e-01
 1.69968e+23	1.46e-03	3.33e-01	6.66e-01
 1.71484e+23	1.58e-03	3.44e-01	6.54e-01
 1.73068e+23	1.70e-03	3.54e-01	6.44e-01
 1.74742e+23	1.87e-03	3.68e-01	6.30e-01
 1.76411e+23	2.01e-03	3.79e-01	6.19e-01
 1.78074e+23	2.20e-03	3.92e-01	6.05e-01
 1.79773e+23	2.37e-03	4.05e-01	5.93e-01
 1.81519e+23	2.61e-03	4.20e-01	5.78e-01
 1.83270e+23	2.81e-03	4.32e-01	5.65e-01
 1.85030e+23	3.08e-03	4.48e-01	5.49e-01
 1.86835e+23	3.33e-03	4.62e-01	5.35e-01
 1.88697e+23	3.67e-03	4.79e-01	5.17e-01
 1.90577e+23	3.97e-03	4.94e-01	5.02e-01
 1.92481e+23	4.37e-03	5.11e-01	4.84e-01
 1.94441e+23	4.75e-03	5.28e-01	4.68e-01
 1.96474e+23	5.27e-03	5.48e-01	4.47e-01
 1.98496e+23	5.71e-03	5.64e-01	4.30e-01
 2.00504e+23	6.33e-03	5.85e-01	4.09e-01
 2.02526e+23	6.87e-03	6.02e-01	3.91e-01
 2.04568e+23	7.62e-03	6.23e-01	3.69e-01
 2.06613e+23	8.28e-03	6.41e-01	3.51e-01
 2.08663e+23	9.21e-03	6.63e-01	3.28e-01
 2.10713e+23	1.00e-02	6.81e-01	3.09e-01
 2.12761e+23	1.12e-02	7.03e-01	2.86e-01
 2.14800e+23	1.21e-02	7.21e-01	2.67e-01
 2.16826e+23	1.35e-02	7.41e-01	2.45e-01
 2.18856e+23	1.47e-02	7.59e-01	2.26e-01
 2.20891e+23	1.65e-02	7.79e-01	2.05e-01
 2.22922e+23	1.80e-02	7.95e-01	1.87e-01
 2.24947e+23	2.01e-02	8.12e-01	1.68e-01
 2.26991e+23	2.21e-02	8.27e-01	1.51e-01
 2.28786e+23	2.43e-02	8.39e-01	1.36e-01
 2.30845e+23	2.73e-02	8.53e-01	1.20e-01
 2.32930e+23	3.02e-02	8.64e-01	1.06e-01
 2.34508e+23	3.26e-02	8.71e-01	9.65e-02
 2.36017e+23	3.57e-02	8.77e-01	8.70e-02
 2.37632e+23	3.91e-02	8.83e-01	7.83e-02
 2.39119e+23	4.27e-02	8.86e-01	7.09e-02
 2.40790e+23	4.79e-02	8.89e-01	6.27e-02
 2.42470e+23	5.33e-02	8.90e-01	5.62e-02
 2.43784e+23	5.84e-02	8.90e-01	5.17e-02
 2.44900e+23	6.36e-02	8.88e-01	4.80e-02
 2.45927e+23	6.92e-02	8.86e-01	4.49e-02
 2.46852e+23	7.51e-02	8.83e-01	4.23e-02
 2.47676e+23	8.11e-02	8.79e-01	4.02e-02
 2.48425e+23	8.75e-02	8.74e-01	3.84e-02
 2.49123e+23	9.44e-02	8.69e-01	3.69e-02
 2.49776e+23	1.02e-01	8.63e-01	3.57e-02
 2.50395e+23	1.10e-01	8.56e-01	3.45e-02
 2.50995e+23	1.18e-01	8.48e-01	3.36e-02
 2.51570e+23	1.28e-01	8.39e-01	3.28e-02
 2.52098e+23	1.38e-01	8.30e-01	3.23e-02
 2.52576e+23	1.48e-01	8.20e-01	3.19e-02
 2.53018e+23	1.58e-01	8.10e-01	3.17e-02
 2.53418e+23	1.68e-01	8.00e-01	3.16e-02
 2.53763e+23	1.77e-01	7.91e-01	3.17e-02
 2.54027e+23	1.84e-01	7.84e-01	3.18e-02
 2.54227e+23	1.91e-01	7.78e-01	3.19e-02
 2.54433e+23	1.97e-01	7.71e-01	3.19e-02
 2.54670e+23	2.05e-01	7.63e-01	3.19e-02
 2.54930e+23	2.15e-01	7.53e-01	3.20e-02
 2.55193e+23	2.24e-01	7.44e-01	3.21e-02
 2.55434e+23	2.33e-01	7.35e-01	3.23e-02
 2.55618e+23	2.39e-01	7.28e-01	3.25e-02
 2.55747e+23	2.44e-01	7.23e-01	3.26e-02
 2.55876e+23	2.50e-01	7.18e-01	3.26e-02
 2.56030e+23	2.56e-01	7.11e-01	3.26e-02
 2.56198e+23	2.64e-01	7.03e-01	3.25e-02
 2.56359e+23	2.71e-01	6.97e-01	3.26e-02
 2.56518e+23	2.78e-01	6.89e-01	3.26e-02
 2.56685e+23	2.86e-01	6.81e-01	3.25e-02
 2.56853e+23	2.94e-01	6.73e-01	3.25e-02
 2.57024e+23	3.03e-01	6.65e-01	3.24e-02
 2.57204e+23	3.12e-01	6.56e-01	3.23e-02
 2.57390e+23	3.22e-01	6.46e-01	3.21e-02
 2.57575e+23	3.31e-01	6.37e-01	3.20e-02
 2.57763e+23	3.41e-01	6.27e-01	3.18e-02
 2.57960e+23	3.52e-01	6.16e-01	3.16e-02
 2.58166e+23	3.64e-01	6.05e-01	3.13e-02
 2.58375e+23	3.75e-01	5.94e-01	3.10e-02
 2.58587e+23	3.87e-01	5.82e-01	3.07e-02
 2.58808e+23	4.00e-01	5.69e-01	3.03e-02
 2.59037e+23	4.14e-01	5.57e-01	2.99e-02
 2.59273e+23	4.27e-01	5.43e-01	2.94e-02
 2.59514e+23	4.41e-01	5.30e-01	2.89e-02
 2.59764e+23	4.56e-01	5.16e-01	2.84e-02
 2.60025e+23	4.71e-01	5.01e-01	2.78e-02
 2.60295e+23	4.87e-01	4.86e-01	2.71e-02
 2.60573e+23	5.03e-01	4.71e-01	2.64e-02
 2.60863e+23	5.19e-01	4.55e-01	2.57e-02
 2.61162e+23	5.35e-01	4.40e-01	2.49e-02
 2.61470e+23	5.52e-01	4.24e-01	2.41e-02
 2.61784e+23	5.68e-01	4.09e-01	2.32e-02
 2.62107e+23	5.85e-01	3.93e-01	2.23e-02
 2.62445e+23	6.01e-01	3.78e-01	2.14e-02
 2.62799e+23	6.17e-01	3.62e-01	2.05e-02
 2.63160e+23	6.33e-01	3.47e-01	1.95e-02
 2.63534e+23	6.49e-01	3.33e-01	1.86e-02
 2.63928e+23	6.64e-01	3.19e-01	1.76e-02
 2.64345e+23	6.78e-01	3.05e-01	1.67e-02
 2.64778e+23	6.93e-01	2.92e-01	1.57e-02
 2.65232e+23	7.06e-01	2.79e-01	1.48e-02
 2.65716e+23	7.20e-01	2.66e-01	1.38e-02
 2.66229e+23	7.33e-01	2.55e-01	1.29e-02
 2.66765e+23	7.45e-01	2.43e-01	1.20e-02
 2.67299e+23	7.56e-01	2.33e-01	1.12e-02
 2.67811e+23	7.65e-01	2.24e-01	1.04e-02
 2.68311e+23	7.74e-01	2.16e-01	9.77e-03
 2.68800e+23	7.82e-01	2.09e-01	9.17e-03
 2.69278e+23	7.89e-01	2.02e-01	8.62e-03
 2.69742e+23	7.96e-01	1.96e-01	8.12e-03
 2.70185e+23	8.02e-01	1.91e-01	7.66e-03
 2.70597e+23	8.07e-01	1.86e-01	7.27e-03
 2.70997e+23	8.12e-01	1.81e-01	6.88e-03
 2.71397e+23	8.17e-01	1.76e-01	6.54e-03
 2.71785e+23	8.22e-01	1.72e-01	6.21e-03
 2.72159e+23	8.26e-01	1.68e-01	5.91e-03
 2.72519e+23	8.30e-01	1.64e-01	5.64e-03
 2.72867e+23	8.34e-01	1.61e-01	5.38e-03
 2.73203e+23	8.38e-01	1.57e-01	5.13e-03
 2.73529e+23	8.41e-01	1.54e-01	4.91e-03
 2.73842e+23	8.45e-01	1.51e-01	4.70e-03
 2.74144e+23	8.48e-01	1.48e-01	4.50e-03
 2.74435e+23	8.51e-01	1.45e-01	4.32e-03
 2.74717e+23	8.54e-01	1.42e-01	4.15e-03
 2.74984e+23	8.56e-01	1.40e-01	3.99e-03
 2.75246e+23	8.59e-01	1.37e-01	3.83e-03
 2.75500e+23	8.62e-01	1.35e-01	3.69e-03
 2.75732e+23	8.64e-01	1.32e-01	3.56e-03
 2.75943e+23	8.66e-01	1.30e-01	3.44e-03
 2.76134e+23	8.68e-01	1.28e-01	3.34e-03
 2.76309e+23	8.70e-01	1.27e-01	3.24e-03
 2.76468e+23	8.72e-01	1.25e-01	3.16e-03
 2.76612e+23	8.73e-01	1.24e-01	3.08e-03
 2.76744e+23	8.75e-01	1.22e-01	3.01e-03
 2.76864e+23	8.76e-01	1.21e-01	2.96e-03
 2.76995e+23	8.77e-01	1.20e-01	2.88e-03
 2.77165e+23	8.79e-01	1.18e-01	2.80e-03
 2.77349e+23	8.80e-01	1.17e-01	2.73e-03
 2.77517e+23	8.82e-01	1.15e-01	2.65e-03
 2.77669e+23	8.84e-01	1.14e-01	2.59e-03
 2.77808e+23	8.85e-01	1.13e-01	2.53e-03
 2.77934e+23	8.86e-01	1.11e-01	2.47e-03
 2.78049e+23	8.87e-01	1.10e-01	2.43e-03
 2.78175e+23	8.88e-01	1.09e-01	2.37e-03
 2.78339e+23	8.90e-01	1.08e-01	2.31e-03
 2.78515e+23	8.91e-01	1.07e-01	2.26e-03
 2.78676e+23	8.92e-01	1.06e-01	2.22e-03
 2.78852e+23	8.94e-01	1.04e-01	2.14e-03
 2.79043e+23	8.95e-01	1.03e-01	2.09e-03
 2.79216e+23	8.96e-01	1.02e-01	2.04e-03
 2.79373e+23	8.98e-01	1.00e-01	1.99e-03
 2.79517e+23	8.99e-01	9.93e-02	1.95e-03
 2.79674e+23	9.00e-01	9.79e-02	1.90e-03
 2.79843e+23	9.01e-01	9.69e-02	1.86e-03
 2.79997e+23	9.02e-01	9.58e-02	1.81e-03
 2.80167e+23	9.04e-01	9.44e-02	1.76e-03
 2.80349e+23	9.05e-01	9.32e-02	1.71e-03
 2.80515e+23	9.06e-01	9.21e-02	1.67e-03
 2.80666e+23	9.07e-01	9.11e-02	1.63e-03
 2.80804e+23	9.08e-01	9.01e-02	1.60e-03
 2.80955e+23	9.10e-01	8.89e-02	1.55e-03
 2.81117e+23	9.11e-01	8.77e-02	1.51e-03
 2.81265e+23	9.12e-01	8.68e-02	1.48e-03
 2.81428e+23	9.13e-01	8.56e-02	1.44e-03
 2.81603e+23	9.14e-01	8.46e-02	1.40e-03
 2.81762e+23	9.15e-01	8.37e-02	1.37e-03
 2.81937e+23	9.16e-01	8.24e-02	1.33e-03
 2.82126e+23	9.17e-01	8.13e-02	1.29e-03
 2.82297e+23	9.18e-01	8.03e-02	1.26e-03
 2.82453e+23	9.19e-01	7.94e-02	1.23e-03
 2.82595e+23	9.20e-01	7.84e-02	1.20e-03
 2.82725e+23	9.21e-01	7.77e-02	1.18e-03
 2.82866e+23	9.22e-01	7.66e-02	1.15e-03
 2.83051e+23	9.23e-01	7.55e-02	1.11e-03
 2.83250e+23	9.24e-01	7.47e-02	1.09e-03
 2.83431e+23	9.25e-01	7.37e-02	1.06e-03
 2.83595e+23	9.26e-01	7.28e-02	1.04e-03
 2.83745e+23	9.27e-01	7.21e-02	1.02e-03
 2.83909e+23	9.28e-01	7.11e-02	9.87e-04
 2.84087e+23	9.29e-01	7.04e-02	9.67e-04
 2.84248e+23	9.29e-01	6.96e-02	9.46e-04
 2.84425e+23	9.30e-01	6.86e-02	9.18e-04
 2.84616e+23	9.31e-01	6.79e-02	8.98e-04
 2.84789e+23	9.32e-01	6.70e-02	8.75e-04
 2.84947e+23	9.33e-01	6.64e-02	8.59e-04
 2.85121e+23	9.34e-01	6.54e-02	8.34e-04
 2.85308e+23	9.34e-01	6.47e-02	8.15e-04
 2.85478e+23	9.35e-01	6.41e-02	7.99e-04
 2.85664e+23	9.36e-01	6.30e-02	7.74e-04
 2.85865e+23	9.37e-01	6.23e-02	7.56e-04
 2.86049e+23	9.38e-01	6.17e-02	7.40e-04
 2.86249e+23	9.39e-01	6.06e-02	7.15e-04
 2.86466e+23	9.39e-01	5.99e-02	6.97e-04
 2.86663e+23	9.40e-01	5.90e-02	6.78e-04
 2.86843e+23	9.41e-01	5.84e-02	6.65e-04
 2.87039e+23	9.42e-01	5.75e-02	6.44e-04
 2.87252e+23	9.43e-01	5.68e-02	6.28e-04
 2.87445e+23	9.43e-01	5.62e-02	6.14e-04
 2.87657e+23	9.44e-01	5.52e-02	5.94e-04
 2.87885e+23	9.45e-01	5.46e-02	5.79e-04
 2.88093e+23	9.46e-01	5.39e-02	5.65e-04
 2.88321e+23	9.47e-01	5.29e-02	5.45e-04
 2.88567e+23	9.47e-01	5.22e-02	5.29e-04
 2.88791e+23	9.48e-01	5.15e-02	5.16e-04
 2.89036e+23	9.49e-01	5.06e-02	4.97e-04
 2.89301e+23	9.50e-01	4.99e-02	4.84e-04
 2.89542e+23	9.50e-01	4.91e-02	4.69e-04
 2.89761e+23	9.51e-01	4.85e-02	4.57e-04
 2.90002e+23	9.52e-01	4.76e-02	4.40e-04
 2.90261e+23	9.53e-01	4.69e-02	4.27e-04
 2.90497e+23	9.53e-01	4.63e-02	4.17e-04
 2.90756e+23	9.54e-01	4.54e-02	4.01e-04
 2.91035e+23	9.55e-01	4.47e-02	3.89e-04
 2.91289e+23	9.55e-01	4.41e-02	3.79e-04
 2.91568e+23	9.56e-01	4.33e-02	3.64e-04
 2.91869e+23	9.57e-01	4.26e-02	3.52e-04
 2.92142e+23	9.58e-01	4.20e-02	3.42e-04
 2.92442e+23	9.59e-01	4.11e-02	3.28e-04
 2.92766e+23	9.59e-01	4.04e-02	3.18e-04
 2.93060e+23	9.60e-01	3.97e-02	3.07e-04
 2.93328e+23	9.61e-01	3.91e-02	2.98e-04
 2.93622e+23	9.61e-01	3.84e-02	2.86e-04
 2.93939e+23	9.62e-01	3.77e-02	2.77e-04
 2.94228e+23	9.63e-01	3.72e-02	2.68e-04
 2.94544e+23	9.63e-01	3.64e-02	2.58e-04
 2.94886e+23	9.64e-01	3.57e-02	2.48e-04
 2.95196e+23	9.65e-01	3.52e-02	2.41e-04
 2.95537e+23	9.65e-01	3.44e-02	2.30e-04
 2.95904e+23	9.66e-01	3.38e-02	2.22e-04
 2.96239e+23	9.67e-01	3.32e-02	2.14e-04
 2.96605e+23	9.67e-01	3.24e-02	2.05e-04
 2.97001e+23	9.68e-01	3.18e-02	1.96e-04
 2.97361e+23	9.69e-01	3.12e-02	1.89e-04
 2.97755e+23	9.69e-01	3.05e-02	1.80e-04
 2.98181e+23	9.70e-01	2.98e-02	1.73e-04
 2.98569e+23	9.71e-01	2.92e-02	1.66e-04
 2.98921e+23	9.71e-01	2.87e-02	1.60e-04
 2.99308e+23	9.72e-01	2.80e-02	1.53e-04
 2.99725e+23	9.72e-01	2.74e-02	1.47e-04
 3.00105e+23	9.73e-01	2.69e-02	1.41e-04
 3.00521e+23	9.74e-01	2.63e-02	1.35e-04
 3.00970e+23	9.74e-01	2.57e-02	1.29e-04
 3.01379e+23	9.75e-01	2.52e-02	1.24e-04
 3.01751e+23	9.75e-01	2.47e-02	1.19e-04
 3.02158e+23	9.76e-01	2.42e-02	1.14e-04
 3.02598e+23	9.76e-01	2.37e-02	1.09e-04
 3.02999e+23	9.77e-01	2.32e-02	1.05e-04
 3.03438e+23	9.77e-01	2.27e-02	1.00e-04
 3.03911e+23	9.78e-01	2.22e-02	9.58e-05
 3.04342e+23	9.78e-01	2.17e-02	9.18e-05
 3.04815e+23	9.79e-01	2.11e-02	8.72e-05
 3.05325e+23	9.79e-01	2.07e-02	8.32e-05
 3.05789e+23	9.80e-01	2.02e-02	7.95e-05
 3.06211e+23	9.80e-01	1.98e-02	7.65e-05
 3.06674e+23	9.81e-01	1.93e-02	7.27e-05
 3.07264e+23	9.81e-01	1.87e-02	6.84e-05
 3.07931e+23	9.82e-01	1.81e-02	6.41e-05
 3.08418e+23	9.82e-01	1.78e-02	6.20e-05
