#depth	He	He+	He+2
 1.54284e+22	6.82e-09	1.62e-04	1.00e+00
 3.42874e+22	1.05e-08	2.31e-04	1.00e+00
 3.94332e+22	1.28e-08	2.75e-04	1.00e+00
 4.20062e+22	1.41e-08	3.01e-04	1.00e+00
 4.31790e+22	1.46e-08	3.11e-04	1.00e+00
 4.39040e+22	1.52e-08	3.25e-04	1.00e+00
 4.46821e+22	1.58e-08	3.38e-04	1.00e+00
 4.55294e+22	1.65e-08	3.56e-04	1.00e+00
 4.63939e+22	1.71e-08	3.72e-04	1.00e+00
 4.71599e+22	1.77e-08	3.88e-04	1.00e+00
 4.80344e+22	1.84e-08	4.10e-04	1.00e+00
 4.89280e+22	1.89e-08	4.29e-04	1.00e+00
 4.98463e+22	1.96e-08	4.55e-04	1.00e+00
 5.07830e+22	2.01e-08	4.78e-04	1.00e+00
 5.17159e+22	2.07e-08	5.07e-04	9.99e-01
 5.26055e+22	2.11e-08	5.30e-04	9.99e-01
 5.34667e+22	2.15e-08	5.62e-04	9.99e-01
 5.43402e+22	2.17e-08	5.88e-04	9.99e-01
 5.51943e+22	2.20e-08	6.22e-04	9.99e-01
 5.60661e+22	2.22e-08	6.53e-04	9.99e-01
 5.69158e+22	2.23e-08	6.89e-04	9.99e-01
 5.77839e+22	2.24e-08	7.25e-04	9.99e-01
 5.86431e+22	2.24e-08	7.65e-04	9.99e-01
 5.95069e+22	2.24e-08	8.05e-04	9.99e-01
 6.03608e+22	2.24e-08	8.48e-04	9.99e-01
 6.12132e+22	2.24e-08	8.93e-04	9.99e-01
 6.20671e+22	2.24e-08	9.40e-04	9.99e-01
 6.29242e+22	2.25e-08	9.89e-04	9.99e-01
 6.37865e+22	2.26e-08	1.04e-03	9.99e-01
 6.46567e+22	2.28e-08	1.10e-03	9.99e-01
 6.55370e+22	2.32e-08	1.15e-03	9.99e-01
 6.64220e+22	2.36e-08	1.21e-03	9.99e-01
 6.73214e+22	2.42e-08	1.28e-03	9.99e-01
 6.82312e+22	2.49e-08	1.35e-03	9.99e-01
 6.91587e+22	2.59e-08	1.42e-03	9.99e-01
 7.00217e+22	2.69e-08	1.48e-03	9.99e-01
 7.09082e+22	2.84e-08	1.57e-03	9.98e-01
 7.18095e+22	2.97e-08	1.64e-03	9.98e-01
 7.27352e+22	3.18e-08	1.73e-03	9.98e-01
 7.36700e+22	3.37e-08	1.81e-03	9.98e-01
 7.46167e+22	3.65e-08	1.92e-03	9.98e-01
 7.55645e+22	3.90e-08	2.00e-03	9.98e-01
 7.65136e+22	4.26e-08	2.12e-03	9.98e-01
 7.74718e+22	4.58e-08	2.21e-03	9.98e-01
 7.84419e+22	5.04e-08	2.34e-03	9.98e-01
 7.94242e+22	5.45e-08	2.45e-03	9.98e-01
 8.04223e+22	6.04e-08	2.59e-03	9.97e-01
 8.14368e+22	6.56e-08	2.71e-03	9.97e-01
 8.24724e+22	7.32e-08	2.87e-03	9.97e-01
 8.35301e+22	7.99e-08	3.01e-03	9.97e-01
 8.46167e+22	8.98e-08	3.19e-03	9.97e-01
 8.57308e+22	9.85e-08	3.35e-03	9.97e-01
 8.68810e+22	1.11e-07	3.57e-03	9.96e-01
 8.79632e+22	1.21e-07	3.71e-03	9.96e-01
 8.89571e+22	1.34e-07	3.91e-03	9.96e-01
 8.99429e+22	1.45e-07	4.07e-03	9.96e-01
 9.09181e+22	1.61e-07	4.29e-03	9.96e-01
 9.18991e+22	1.74e-07	4.46e-03	9.96e-01
 9.28876e+22	1.93e-07	4.69e-03	9.95e-01
 9.38941e+22	2.09e-07	4.88e-03	9.95e-01
 9.49241e+22	2.33e-07	5.15e-03	9.95e-01
 9.59673e+22	2.53e-07	5.36e-03	9.95e-01
 9.70278e+22	2.82e-07	5.66e-03	9.94e-01
 9.81116e+22	3.07e-07	5.90e-03	9.94e-01
 9.92260e+22	3.44e-07	6.24e-03	9.94e-01
 1.00363e+23	3.75e-07	6.52e-03	9.93e-01
 1.01529e+23	4.22e-07	6.91e-03	9.93e-01
 1.02723e+23	4.63e-07	7.23e-03	9.93e-01
 1.03951e+23	5.23e-07	7.68e-03	9.92e-01
 1.05194e+23	5.73e-07	8.04e-03	9.92e-01
 1.06456e+23	6.49e-07	8.55e-03	9.91e-01
 1.07732e+23	7.13e-07	8.95e-03	9.91e-01
 1.09026e+23	8.08e-07	9.53e-03	9.90e-01
 1.10291e+23	8.82e-07	9.95e-03	9.90e-01
 1.11518e+23	9.92e-07	1.05e-02	9.89e-01
 1.12790e+23	1.09e-06	1.10e-02	9.89e-01
 1.13875e+23	1.18e-06	1.15e-02	9.88e-01
 1.15040e+23	1.32e-06	1.22e-02	9.88e-01
 1.16208e+23	1.44e-06	1.27e-02	9.87e-01
 1.17380e+23	1.60e-06	1.33e-02	9.87e-01
 1.18599e+23	1.76e-06	1.40e-02	9.86e-01
 1.19686e+23	1.91e-06	1.46e-02	9.85e-01
 1.20907e+23	2.13e-06	1.54e-02	9.85e-01
 1.22194e+23	2.36e-06	1.62e-02	9.84e-01
 1.23365e+23	2.58e-06	1.69e-02	9.83e-01
 1.24686e+23	2.90e-06	1.79e-02	9.82e-01
 1.26047e+23	3.21e-06	1.89e-02	9.81e-01
 1.27257e+23	3.53e-06	1.98e-02	9.80e-01
 1.28625e+23	3.97e-06	2.09e-02	9.79e-01
 1.30045e+23	4.42e-06	2.21e-02	9.78e-01
 1.31319e+23	4.88e-06	2.32e-02	9.77e-01
 1.32762e+23	5.54e-06	2.47e-02	9.75e-01
 1.34253e+23	6.17e-06	2.60e-02	9.74e-01
 1.35806e+23	7.06e-06	2.78e-02	9.72e-01
 1.37376e+23	7.89e-06	2.94e-02	9.71e-01
 1.38756e+23	8.78e-06	3.09e-02	9.69e-01
 1.40336e+23	1.01e-05	3.31e-02	9.67e-01
 1.41938e+23	1.13e-05	3.50e-02	9.65e-01
 1.43567e+23	1.30e-05	3.75e-02	9.63e-01
 1.45222e+23	1.46e-05	3.96e-02	9.60e-01
 1.46688e+23	1.63e-05	4.19e-02	9.58e-01
 1.48375e+23	1.89e-05	4.50e-02	9.55e-01
 1.50083e+23	2.12e-05	4.76e-02	9.52e-01
 1.51819e+23	2.46e-05	5.12e-02	9.49e-01
 1.53578e+23	2.77e-05	5.42e-02	9.46e-01
 1.55367e+23	3.23e-05	5.84e-02	9.42e-01
 1.57120e+23	3.61e-05	6.17e-02	9.38e-01
 1.58826e+23	4.18e-05	6.62e-02	9.34e-01
 1.60477e+23	4.63e-05	6.95e-02	9.30e-01
 1.62055e+23	5.28e-05	7.40e-02	9.26e-01
 1.63637e+23	5.85e-05	7.78e-02	9.22e-01
 1.65224e+23	6.68e-05	8.29e-02	9.17e-01
 1.66845e+23	7.43e-05	8.72e-02	9.13e-01
 1.68508e+23	8.51e-05	9.30e-02	9.07e-01
 1.70192e+23	9.50e-05	9.80e-02	9.02e-01
 1.71678e+23	1.06e-04	1.03e-01	8.97e-01
 1.73385e+23	1.21e-04	1.10e-01	8.90e-01
 1.75119e+23	1.36e-04	1.16e-01	8.84e-01
 1.76511e+23	1.49e-04	1.21e-01	8.79e-01
 1.77944e+23	1.66e-04	1.27e-01	8.73e-01
 1.79421e+23	1.82e-04	1.33e-01	8.67e-01
 1.80745e+23	1.99e-04	1.39e-01	8.61e-01
 1.82256e+23	2.23e-04	1.46e-01	8.54e-01
 1.83779e+23	2.45e-04	1.53e-01	8.47e-01
 1.85110e+23	2.68e-04	1.59e-01	8.41e-01
 1.86632e+23	3.00e-04	1.68e-01	8.32e-01
 1.88180e+23	3.29e-04	1.75e-01	8.25e-01
 1.89556e+23	3.61e-04	1.82e-01	8.17e-01
 1.91137e+23	4.05e-04	1.92e-01	8.08e-01
 1.92732e+23	4.45e-04	2.00e-01	8.00e-01
 1.94133e+23	4.87e-04	2.08e-01	7.91e-01
 1.95743e+23	5.46e-04	2.19e-01	7.80e-01
 1.97382e+23	6.00e-04	2.28e-01	7.71e-01
 1.99059e+23	6.74e-04	2.40e-01	7.59e-01
 2.00757e+23	7.43e-04	2.50e-01	7.49e-01
 2.02480e+23	8.35e-04	2.63e-01	7.36e-01
 2.04238e+23	9.22e-04	2.75e-01	7.25e-01
 2.06039e+23	1.04e-03	2.89e-01	7.10e-01
 2.07871e+23	1.15e-03	3.01e-01	6.98e-01
 2.09498e+23	1.27e-03	3.13e-01	6.85e-01
 2.10903e+23	1.35e-03	3.22e-01	6.76e-01
 2.12262e+23	1.48e-03	3.34e-01	6.64e-01
 2.13643e+23	1.59e-03	3.44e-01	6.54e-01
 2.15053e+23	1.74e-03	3.57e-01	6.42e-01
 2.16479e+23	1.87e-03	3.67e-01	6.31e-01
 2.17926e+23	2.05e-03	3.81e-01	6.17e-01
 2.19384e+23	2.20e-03	3.92e-01	6.06e-01
 2.20854e+23	2.41e-03	4.06e-01	5.92e-01
 2.22355e+23	2.59e-03	4.17e-01	5.80e-01
 2.23896e+23	2.84e-03	4.32e-01	5.65e-01
 2.25470e+23	3.07e-03	4.45e-01	5.52e-01
 2.27088e+23	3.37e-03	4.62e-01	5.35e-01
 2.28728e+23	3.65e-03	4.75e-01	5.21e-01
 2.30398e+23	4.03e-03	4.93e-01	5.03e-01
 2.32088e+23	4.36e-03	5.08e-01	4.88e-01
 2.33804e+23	4.80e-03	5.26e-01	4.70e-01
 2.35565e+23	5.23e-03	5.42e-01	4.53e-01
 2.37383e+23	5.78e-03	5.61e-01	4.33e-01
 2.39210e+23	6.29e-03	5.78e-01	4.15e-01
 2.41049e+23	6.99e-03	5.99e-01	3.94e-01
 2.42883e+23	7.58e-03	6.16e-01	3.76e-01
 2.44709e+23	8.41e-03	6.37e-01	3.55e-01
 2.46547e+23	9.14e-03	6.54e-01	3.37e-01
 2.48399e+23	1.02e-02	6.76e-01	3.14e-01
 2.50249e+23	1.11e-02	6.93e-01	2.96e-01
 2.52096e+23	1.23e-02	7.14e-01	2.73e-01
 2.53946e+23	1.34e-02	7.32e-01	2.55e-01
 2.55802e+23	1.50e-02	7.52e-01	2.33e-01
 2.57661e+23	1.64e-02	7.69e-01	2.15e-01
 2.59524e+23	1.83e-02	7.87e-01	1.94e-01
 2.61404e+23	2.01e-02	8.03e-01	1.77e-01
 2.63306e+23	2.26e-02	8.20e-01	1.57e-01
 2.65228e+23	2.49e-02	8.34e-01	1.41e-01
 2.66916e+23	2.74e-02	8.46e-01	1.26e-01
 2.68596e+23	3.03e-02	8.57e-01	1.13e-01
 2.70069e+23	3.27e-02	8.64e-01	1.03e-01
 2.71339e+23	3.53e-02	8.71e-01	9.42e-02
 2.72799e+23	3.90e-02	8.77e-01	8.42e-02
 2.74336e+23	4.29e-02	8.82e-01	7.54e-02
 2.75719e+23	4.71e-02	8.85e-01	6.80e-02
 2.77043e+23	5.18e-02	8.87e-01	6.16e-02
 2.78315e+23	5.70e-02	8.87e-01	5.60e-02
 2.79510e+23	6.28e-02	8.86e-01	5.11e-02
 2.80603e+23	6.89e-02	8.84e-01	4.72e-02
 2.81606e+23	7.56e-02	8.80e-01	4.39e-02
 2.82530e+23	8.29e-02	8.76e-01	4.12e-02
 2.83364e+23	9.06e-02	8.70e-01	3.89e-02
 2.84108e+23	9.88e-02	8.64e-01	3.71e-02
 2.84773e+23	1.07e-01	8.57e-01	3.56e-02
 2.85369e+23	1.16e-01	8.50e-01	3.46e-02
 2.85921e+23	1.25e-01	8.41e-01	3.36e-02
 2.86444e+23	1.35e-01	8.32e-01	3.29e-02
 2.86920e+23	1.45e-01	8.22e-01	3.24e-02
 2.87356e+23	1.56e-01	8.12e-01	3.20e-02
 2.87754e+23	1.66e-01	8.02e-01	3.18e-02
 2.88100e+23	1.76e-01	7.93e-01	3.18e-02
 2.88351e+23	1.83e-01	7.85e-01	3.19e-02
 2.88523e+23	1.88e-01	7.80e-01	3.19e-02
 2.88700e+23	1.94e-01	7.74e-01	3.19e-02
 2.88917e+23	2.02e-01	7.66e-01	3.18e-02
 2.89148e+23	2.10e-01	7.58e-01	3.19e-02
 2.89379e+23	2.19e-01	7.49e-01	3.20e-02
 2.89607e+23	2.27e-01	7.41e-01	3.22e-02
 2.89827e+23	2.36e-01	7.32e-01	3.23e-02
 2.90002e+23	2.43e-01	7.25e-01	3.25e-02
 2.90122e+23	2.48e-01	7.19e-01	3.25e-02
 2.90237e+23	2.53e-01	7.14e-01	3.25e-02
 2.90372e+23	2.59e-01	7.08e-01	3.25e-02
 2.90528e+23	2.67e-01	7.01e-01	3.25e-02
 2.90685e+23	2.75e-01	6.93e-01	3.25e-02
 2.90831e+23	2.82e-01	6.86e-01	3.25e-02
 2.90977e+23	2.89e-01	6.79e-01	3.24e-02
 2.91132e+23	2.97e-01	6.71e-01	3.24e-02
 2.91295e+23	3.06e-01	6.62e-01	3.23e-02
 2.91461e+23	3.15e-01	6.53e-01	3.21e-02
 2.91626e+23	3.24e-01	6.44e-01	3.20e-02
 2.91796e+23	3.34e-01	6.35e-01	3.19e-02
 2.91975e+23	3.44e-01	6.24e-01	3.16e-02
 2.92155e+23	3.54e-01	6.14e-01	3.14e-02
 2.92338e+23	3.65e-01	6.03e-01	3.11e-02
 2.92529e+23	3.77e-01	5.92e-01	3.08e-02
 2.92727e+23	3.89e-01	5.80e-01	3.05e-02
 2.92930e+23	4.02e-01	5.68e-01	3.01e-02
 2.93136e+23	4.15e-01	5.56e-01	2.97e-02
 2.93351e+23	4.28e-01	5.43e-01	2.92e-02
 2.93574e+23	4.42e-01	5.29e-01	2.87e-02
 2.93803e+23	4.57e-01	5.15e-01	2.81e-02
 2.94038e+23	4.71e-01	5.01e-01	2.75e-02
 2.94282e+23	4.87e-01	4.86e-01	2.69e-02
 2.94538e+23	5.02e-01	4.71e-01	2.62e-02
 2.94801e+23	5.19e-01	4.56e-01	2.54e-02
 2.95072e+23	5.35e-01	4.41e-01	2.47e-02
 2.95349e+23	5.51e-01	4.25e-01	2.39e-02
 2.95633e+23	5.67e-01	4.10e-01	2.30e-02
 2.95927e+23	5.83e-01	3.95e-01	2.21e-02
 2.96230e+23	5.99e-01	3.79e-01	2.12e-02
 2.96542e+23	6.15e-01	3.64e-01	2.03e-02
 2.96866e+23	6.31e-01	3.50e-01	1.94e-02
 2.97200e+23	6.46e-01	3.35e-01	1.85e-02
 2.97549e+23	6.61e-01	3.21e-01	1.75e-02
 2.97915e+23	6.76e-01	3.08e-01	1.66e-02
 2.98295e+23	6.90e-01	2.94e-01	1.57e-02
 2.98693e+23	7.04e-01	2.82e-01	1.47e-02
 2.99113e+23	7.17e-01	2.69e-01	1.38e-02
 2.99557e+23	7.30e-01	2.57e-01	1.29e-02
 3.00021e+23	7.42e-01	2.46e-01	1.20e-02
 3.00485e+23	7.53e-01	2.36e-01	1.12e-02
 3.00931e+23	7.63e-01	2.26e-01	1.05e-02
 3.01365e+23	7.72e-01	2.18e-01	9.82e-03
 3.01788e+23	7.80e-01	2.11e-01	9.22e-03
 3.02201e+23	7.87e-01	2.04e-01	8.67e-03
 3.02600e+23	7.94e-01	1.98e-01	8.17e-03
 3.02980e+23	8.00e-01	1.92e-01	7.72e-03
 3.03336e+23	8.06e-01	1.87e-01	7.33e-03
 3.03681e+23	8.11e-01	1.82e-01	6.94e-03
 3.04027e+23	8.16e-01	1.78e-01	6.60e-03
 3.04363e+23	8.20e-01	1.73e-01	6.27e-03
 3.04686e+23	8.25e-01	1.69e-01	5.97e-03
 3.04998e+23	8.29e-01	1.65e-01	5.70e-03
 3.05300e+23	8.33e-01	1.62e-01	5.44e-03
 3.05592e+23	8.36e-01	1.58e-01	5.19e-03
 3.05874e+23	8.40e-01	1.55e-01	4.97e-03
 3.06146e+23	8.43e-01	1.52e-01	4.76e-03
 3.06408e+23	8.47e-01	1.49e-01	4.56e-03
 3.06661e+23	8.50e-01	1.46e-01	4.38e-03
 3.06901e+23	8.52e-01	1.43e-01	4.21e-03
 3.07137e+23	8.55e-01	1.41e-01	4.04e-03
 3.07366e+23	8.58e-01	1.38e-01	3.89e-03
 3.07576e+23	8.60e-01	1.36e-01	3.75e-03
 3.07766e+23	8.63e-01	1.34e-01	3.63e-03
 3.07939e+23	8.65e-01	1.32e-01	3.52e-03
 3.08097e+23	8.67e-01	1.30e-01	3.42e-03
 3.08241e+23	8.68e-01	1.28e-01	3.33e-03
 3.08371e+23	8.70e-01	1.27e-01	3.25e-03
 3.08490e+23	8.71e-01	1.25e-01	3.18e-03
 3.08557e+23	8.72e-01	1.25e-01	3.16e-03
