#depth	N	N+	N+2	N+3	N+4	N+5	N+6	N+7
 1.54284e+22	1.32e-16	7.71e-12	1.23e-08	1.81e-06	7.10e-05	2.10e-02	2.67e-01	7.12e-01
 3.42874e+22	1.16e-15	5.04e-11	5.95e-08	6.39e-06	1.75e-04	3.64e-02	3.31e-01	6.33e-01
 3.94332e+22	3.22e-15	1.22e-10	1.26e-07	1.16e-05	2.68e-04	4.71e-02	3.63e-01	5.90e-01
 4.20062e+22	5.38e-15	1.90e-10	1.83e-07	1.57e-05	3.32e-04	5.36e-02	3.79e-01	5.67e-01
 4.31790e+22	6.49e-15	2.24e-10	2.10e-07	1.75e-05	3.59e-04	5.61e-02	3.85e-01	5.59e-01
 4.39040e+22	8.31e-15	2.78e-10	2.52e-07	2.02e-05	3.98e-04	5.97e-02	3.93e-01	5.47e-01
 4.46821e+22	1.03e-14	3.36e-10	2.96e-07	2.31e-05	4.37e-04	6.30e-02	4.00e-01	5.37e-01
 4.55294e+22	1.37e-14	4.28e-10	3.64e-07	2.72e-05	4.92e-04	6.75e-02	4.09e-01	5.23e-01
 4.63939e+22	1.73e-14	5.26e-10	4.33e-07	3.14e-05	5.45e-04	7.17e-02	4.16e-01	5.12e-01
 4.71599e+22	2.17e-14	6.40e-10	5.13e-07	3.59e-05	6.00e-04	7.58e-02	4.23e-01	5.01e-01
 4.80344e+22	2.91e-14	8.27e-10	6.38e-07	4.29e-05	6.81e-04	8.16e-02	4.32e-01	4.86e-01
 4.89280e+22	3.68e-14	1.02e-09	7.61e-07	4.95e-05	7.55e-04	8.65e-02	4.39e-01	4.73e-01
 4.98463e+22	4.99e-14	1.32e-09	9.56e-07	5.97e-05	8.63e-04	9.34e-02	4.48e-01	4.57e-01
 5.07830e+22	6.35e-14	1.64e-09	1.15e-06	6.94e-05	9.62e-04	9.93e-02	4.55e-01	4.44e-01
 5.17159e+22	8.54e-14	2.12e-09	1.44e-06	8.36e-05	1.10e-03	1.07e-01	4.64e-01	4.28e-01
 5.26055e+22	1.05e-13	2.56e-09	1.69e-06	9.56e-05	1.21e-03	1.13e-01	4.70e-01	4.16e-01
 5.34667e+22	1.38e-13	3.25e-09	2.08e-06	1.14e-04	1.37e-03	1.21e-01	4.77e-01	4.00e-01
 5.43402e+22	1.71e-13	3.93e-09	2.46e-06	1.31e-04	1.52e-03	1.28e-01	4.83e-01	3.88e-01
 5.51943e+22	2.20e-13	4.91e-09	2.99e-06	1.55e-04	1.71e-03	1.37e-01	4.89e-01	3.73e-01
 5.60661e+22	2.72e-13	5.94e-09	3.54e-06	1.78e-04	1.90e-03	1.45e-01	4.94e-01	3.60e-01
 5.69158e+22	3.42e-13	7.29e-09	4.25e-06	2.09e-04	2.13e-03	1.54e-01	4.99e-01	3.45e-01
 5.77839e+22	4.22e-13	8.81e-09	5.04e-06	2.42e-04	2.38e-03	1.63e-01	5.03e-01	3.32e-01
 5.86431e+22	5.21e-13	1.07e-08	5.99e-06	2.81e-04	2.65e-03	1.73e-01	5.06e-01	3.18e-01
 5.95069e+22	6.36e-13	1.28e-08	7.06e-06	3.25e-04	2.95e-03	1.82e-01	5.09e-01	3.05e-01
 6.03608e+22	7.72e-13	1.53e-08	8.30e-06	3.75e-04	3.28e-03	1.93e-01	5.12e-01	2.92e-01
 6.12132e+22	9.30e-13	1.81e-08	9.72e-06	4.31e-04	3.64e-03	2.03e-01	5.14e-01	2.79e-01
 6.20671e+22	1.11e-12	2.14e-08	1.13e-05	4.95e-04	4.03e-03	2.14e-01	5.15e-01	2.66e-01
 6.29242e+22	1.32e-12	2.52e-08	1.32e-05	5.67e-04	4.47e-03	2.25e-01	5.16e-01	2.54e-01
 6.37865e+22	1.57e-12	2.95e-08	1.53e-05	6.48e-04	4.94e-03	2.37e-01	5.16e-01	2.42e-01
 6.46567e+22	1.84e-12	3.44e-08	1.77e-05	7.40e-04	5.46e-03	2.48e-01	5.15e-01	2.30e-01
 6.55370e+22	2.16e-12	4.00e-08	2.04e-05	8.45e-04	6.03e-03	2.61e-01	5.14e-01	2.18e-01
 6.64220e+22	2.52e-12	4.63e-08	2.35e-05	9.60e-04	6.65e-03	2.73e-01	5.12e-01	2.07e-01
 6.73214e+22	2.93e-12	5.35e-08	2.70e-05	1.09e-03	7.34e-03	2.86e-01	5.10e-01	1.96e-01
 6.82312e+22	3.38e-12	6.15e-08	3.09e-05	1.24e-03	8.07e-03	2.98e-01	5.07e-01	1.86e-01
 6.91587e+22	3.98e-12	7.08e-08	3.54e-05	1.41e-03	8.91e-03	3.12e-01	5.03e-01	1.75e-01
 7.00217e+22	4.47e-12	7.92e-08	3.95e-05	1.56e-03	9.63e-03	3.23e-01	4.99e-01	1.67e-01
 7.09082e+22	5.14e-12	9.10e-08	4.53e-05	1.77e-03	1.06e-02	3.38e-01	4.94e-01	1.56e-01
 7.18095e+22	5.76e-12	1.02e-07	5.05e-05	1.96e-03	1.15e-02	3.49e-01	4.89e-01	1.48e-01
 7.27352e+22	6.62e-12	1.16e-07	5.78e-05	2.23e-03	1.27e-02	3.64e-01	4.83e-01	1.39e-01
 7.36700e+22	7.37e-12	1.29e-07	6.42e-05	2.46e-03	1.37e-02	3.76e-01	4.77e-01	1.31e-01
 7.46167e+22	8.40e-12	1.48e-07	7.34e-05	2.79e-03	1.51e-02	3.91e-01	4.69e-01	1.22e-01
 7.55645e+22	9.33e-12	1.64e-07	8.12e-05	3.06e-03	1.62e-02	4.02e-01	4.63e-01	1.16e-01
 7.65136e+22	1.06e-11	1.85e-07	9.22e-05	3.45e-03	1.78e-02	4.17e-01	4.54e-01	1.07e-01
 7.74718e+22	1.17e-11	2.05e-07	1.02e-04	3.78e-03	1.91e-02	4.29e-01	4.47e-01	1.01e-01
 7.84419e+22	1.32e-11	2.32e-07	1.15e-04	4.25e-03	2.09e-02	4.43e-01	4.37e-01	9.38e-02
 7.94242e+22	1.46e-11	2.56e-07	1.27e-04	4.65e-03	2.24e-02	4.55e-01	4.30e-01	8.83e-02
 8.04223e+22	1.65e-11	2.89e-07	1.44e-04	5.21e-03	2.45e-02	4.69e-01	4.19e-01	8.15e-02
 8.14368e+22	1.82e-11	3.19e-07	1.59e-04	5.70e-03	2.63e-02	4.81e-01	4.11e-01	7.65e-02
 8.24724e+22	2.06e-11	3.60e-07	1.81e-04	6.39e-03	2.87e-02	4.95e-01	3.99e-01	7.02e-02
 8.35301e+22	2.28e-11	3.99e-07	2.00e-04	6.98e-03	3.07e-02	5.06e-01	3.90e-01	6.56e-02
 8.46167e+22	2.58e-11	4.52e-07	2.27e-04	7.83e-03	3.36e-02	5.20e-01	3.78e-01	5.99e-02
 8.57308e+22	2.88e-11	5.02e-07	2.52e-04	8.57e-03	3.60e-02	5.31e-01	3.68e-01	5.57e-02
 8.68810e+22	3.26e-11	5.71e-07	2.88e-04	9.62e-03	3.93e-02	5.45e-01	3.55e-01	5.05e-02
 8.79632e+22	3.59e-11	6.26e-07	3.15e-04	1.04e-02	4.16e-02	5.54e-01	3.47e-01	4.74e-02
 8.89571e+22	4.02e-11	7.00e-07	3.53e-04	1.14e-02	4.47e-02	5.65e-01	3.35e-01	4.35e-02
 8.99429e+22	4.40e-11	7.65e-07	3.84e-04	1.23e-02	4.72e-02	5.72e-01	3.27e-01	4.08e-02
 9.09181e+22	4.87e-11	8.49e-07	4.28e-04	1.34e-02	5.06e-02	5.82e-01	3.16e-01	3.74e-02
 9.18991e+22	5.35e-11	9.29e-07	4.67e-04	1.44e-02	5.33e-02	5.89e-01	3.07e-01	3.51e-02
 9.28876e+22	5.96e-11	1.04e-06	5.21e-04	1.58e-02	5.70e-02	5.98e-01	2.96e-01	3.21e-02
 9.38941e+22	6.58e-11	1.14e-06	5.71e-04	1.69e-02	6.00e-02	6.05e-01	2.88e-01	3.00e-02
 9.49241e+22	7.35e-11	1.27e-06	6.39e-04	1.85e-02	6.42e-02	6.13e-01	2.76e-01	2.73e-02
 9.59673e+22	8.13e-11	1.40e-06	7.00e-04	1.99e-02	6.75e-02	6.19e-01	2.68e-01	2.54e-02
 9.70278e+22	9.14e-11	1.57e-06	7.86e-04	2.17e-02	7.21e-02	6.26e-01	2.57e-01	2.31e-02
 9.81116e+22	1.02e-10	1.74e-06	8.66e-04	2.33e-02	7.58e-02	6.31e-01	2.48e-01	2.14e-02
 9.92260e+22	1.15e-10	1.97e-06	9.77e-04	2.56e-02	8.11e-02	6.37e-01	2.36e-01	1.93e-02
 1.00363e+23	1.29e-10	2.19e-06	1.08e-03	2.75e-02	8.52e-02	6.41e-01	2.28e-01	1.78e-02
 1.01529e+23	1.47e-10	2.49e-06	1.23e-03	3.02e-02	9.11e-02	6.45e-01	2.16e-01	1.60e-02
 1.02723e+23	1.66e-10	2.79e-06	1.36e-03	3.26e-02	9.59e-02	6.48e-01	2.07e-01	1.46e-02
 1.03951e+23	1.92e-10	3.20e-06	1.55e-03	3.58e-02	1.02e-01	6.51e-01	1.96e-01	1.30e-02
 1.05194e+23	2.18e-10	3.60e-06	1.73e-03	3.86e-02	1.08e-01	6.53e-01	1.88e-01	1.19e-02
 1.06456e+23	2.53e-10	4.14e-06	1.98e-03	4.24e-02	1.15e-01	6.54e-01	1.77e-01	1.05e-02
 1.07732e+23	2.89e-10	4.68e-06	2.20e-03	4.57e-02	1.20e-01	6.54e-01	1.68e-01	9.58e-03
 1.09026e+23	3.38e-10	5.42e-06	2.53e-03	5.02e-02	1.28e-01	6.53e-01	1.58e-01	8.43e-03
 1.10291e+23	3.85e-10	6.08e-06	2.80e-03	5.37e-02	1.33e-01	6.52e-01	1.51e-01	7.70e-03
 1.11518e+23	4.46e-10	6.99e-06	3.19e-03	5.86e-02	1.41e-01	6.49e-01	1.41e-01	6.81e-03
 1.12790e+23	5.15e-10	7.94e-06	3.56e-03	6.29e-02	1.47e-01	6.46e-01	1.34e-01	6.17e-03
 1.13875e+23	5.65e-10	8.83e-06	3.92e-03	6.69e-02	1.53e-01	6.43e-01	1.28e-01	5.64e-03
 1.15040e+23	6.54e-10	1.01e-05	4.42e-03	7.24e-02	1.60e-01	6.38e-01	1.20e-01	5.01e-03
 1.16208e+23	7.37e-10	1.12e-05	4.87e-03	7.69e-02	1.66e-01	6.33e-01	1.14e-01	4.56e-03
 1.17380e+23	8.60e-10	1.29e-05	5.48e-03	8.29e-02	1.74e-01	6.27e-01	1.07e-01	4.06e-03
 1.18599e+23	9.79e-10	1.45e-05	6.08e-03	8.85e-02	1.80e-01	6.20e-01	1.01e-01	3.64e-03
 1.19686e+23	1.12e-09	1.62e-05	6.70e-03	9.40e-02	1.87e-01	6.14e-01	9.56e-02	3.30e-03
 1.20907e+23	1.34e-09	1.87e-05	7.57e-03	1.01e-01	1.94e-01	6.05e-01	8.91e-02	2.92e-03
 1.22194e+23	1.55e-09	2.13e-05	8.45e-03	1.08e-01	2.01e-01	5.96e-01	8.34e-02	2.59e-03
 1.23365e+23	1.78e-09	2.40e-05	9.36e-03	1.15e-01	2.08e-01	5.87e-01	7.83e-02	2.32e-03
 1.24686e+23	2.13e-09	2.80e-05	1.06e-02	1.24e-01	2.16e-01	5.75e-01	7.22e-02	2.02e-03
 1.26047e+23	2.43e-09	3.20e-05	1.19e-02	1.33e-01	2.23e-01	5.63e-01	6.71e-02	1.78e-03
 1.27257e+23	2.81e-09	3.62e-05	1.32e-02	1.41e-01	2.30e-01	5.52e-01	6.26e-02	1.58e-03
 1.28625e+23	3.38e-09	4.24e-05	1.50e-02	1.52e-01	2.37e-01	5.37e-01	5.72e-02	1.36e-03
 1.30045e+23	3.98e-09	4.87e-05	1.68e-02	1.62e-01	2.44e-01	5.23e-01	5.27e-02	1.19e-03
 1.31319e+23	4.64e-09	5.55e-05	1.87e-02	1.71e-01	2.50e-01	5.10e-01	4.87e-02	1.04e-03
 1.32762e+23	5.67e-09	6.57e-05	2.13e-02	1.84e-01	2.58e-01	4.92e-01	4.40e-02	8.80e-04
 1.34253e+23	6.72e-09	7.57e-05	2.38e-02	1.96e-01	2.64e-01	4.76e-01	4.01e-02	7.60e-04
 1.35806e+23	8.33e-09	9.04e-05	2.74e-02	2.11e-01	2.70e-01	4.55e-01	3.57e-02	6.30e-04
 1.37376e+23	9.92e-09	1.04e-04	3.06e-02	2.23e-01	2.75e-01	4.38e-01	3.24e-02	5.39e-04
 1.38756e+23	1.18e-08	1.20e-04	3.41e-02	2.36e-01	2.80e-01	4.20e-01	2.94e-02	4.62e-04
 1.40336e+23	1.47e-08	1.44e-04	3.90e-02	2.52e-01	2.84e-01	3.98e-01	2.58e-02	3.77e-04
 1.41938e+23	1.75e-08	1.66e-04	4.35e-02	2.66e-01	2.88e-01	3.79e-01	2.31e-02	3.19e-04
 1.43567e+23	2.20e-08	1.99e-04	4.97e-02	2.83e-01	2.90e-01	3.56e-01	2.02e-02	2.58e-04
 1.45222e+23	2.65e-08	2.31e-04	5.53e-02	2.97e-01	2.92e-01	3.37e-01	1.79e-02	2.15e-04
 1.46688e+23	3.19e-08	2.67e-04	6.13e-02	3.11e-01	2.93e-01	3.18e-01	1.59e-02	1.80e-04
 1.48375e+23	4.04e-08	3.21e-04	6.98e-02	3.29e-01	2.92e-01	2.95e-01	1.35e-02	1.42e-04
 1.50083e+23	4.88e-08	3.72e-04	7.73e-02	3.43e-01	2.91e-01	2.76e-01	1.19e-02	1.17e-04
 1.51819e+23	6.23e-08	4.49e-04	8.78e-02	3.61e-01	2.88e-01	2.52e-01	1.00e-02	9.05e-05
 1.53578e+23	7.57e-08	5.20e-04	9.69e-02	3.75e-01	2.85e-01	2.34e-01	8.69e-03	7.36e-05
 1.55367e+23	9.73e-08	6.28e-04	1.10e-01	3.91e-01	2.79e-01	2.12e-01	7.20e-03	5.60e-05
 1.57120e+23	1.17e-07	7.21e-04	1.20e-01	4.03e-01	2.74e-01	1.96e-01	6.25e-03	4.56e-05
 1.58826e+23	1.49e-07	8.60e-04	1.34e-01	4.17e-01	2.67e-01	1.77e-01	5.17e-03	3.48e-05
 1.60477e+23	1.76e-07	9.74e-04	1.44e-01	4.26e-01	2.61e-01	1.64e-01	4.51e-03	2.87e-05
 1.62055e+23	2.18e-07	1.14e-03	1.59e-01	4.36e-01	2.53e-01	1.48e-01	3.77e-03	2.22e-05
 1.63637e+23	2.59e-07	1.29e-03	1.70e-01	4.44e-01	2.45e-01	1.36e-01	3.26e-03	1.81e-05
 1.65224e+23	3.21e-07	1.51e-03	1.87e-01	4.52e-01	2.36e-01	1.21e-01	2.70e-03	1.39e-05
 1.66845e+23	3.83e-07	1.71e-03	2.00e-01	4.58e-01	2.28e-01	1.11e-01	2.30e-03	1.11e-05
 1.68508e+23	4.77e-07	2.00e-03	2.18e-01	4.63e-01	2.17e-01	9.80e-02	1.88e-03	8.38e-06
 1.70192e+23	5.71e-07	2.26e-03	2.34e-01	4.67e-01	2.08e-01	8.84e-02	1.58e-03	6.61e-06
 1.71678e+23	6.79e-07	2.55e-03	2.49e-01	4.69e-01	1.98e-01	7.98e-02	1.34e-03	5.24e-06
 1.73385e+23	8.46e-07	2.98e-03	2.70e-01	4.70e-01	1.87e-01	6.97e-02	1.07e-03	3.87e-06
 1.75119e+23	1.01e-06	3.37e-03	2.87e-01	4.70e-01	1.77e-01	6.21e-02	8.88e-04	2.99e-06
 1.76511e+23	1.18e-06	3.73e-03	3.02e-01	4.69e-01	1.69e-01	5.64e-02	7.61e-04	2.42e-06
 1.77944e+23	1.40e-06	4.20e-03	3.19e-01	4.66e-01	1.59e-01	5.02e-02	6.31e-04	1.88e-06
 1.79421e+23	1.63e-06	4.65e-03	3.35e-01	4.63e-01	1.51e-01	4.52e-02	5.35e-04	1.50e-06
 1.80745e+23	1.88e-06	5.13e-03	3.50e-01	4.60e-01	1.44e-01	4.08e-02	4.54e-04	1.20e-06
 1.82256e+23	2.26e-06	5.80e-03	3.69e-01	4.54e-01	1.34e-01	3.58e-02	3.69e-04	9.07e-07
 1.83779e+23	2.62e-06	6.40e-03	3.86e-01	4.49e-01	1.26e-01	3.20e-02	3.10e-04	7.16e-07
 1.85110e+23	3.02e-06	7.03e-03	4.02e-01	4.43e-01	1.19e-01	2.87e-02	2.61e-04	5.68e-07
 1.86632e+23	3.61e-06	7.91e-03	4.21e-01	4.35e-01	1.11e-01	2.50e-02	2.10e-04	4.25e-07
 1.88180e+23	4.19e-06	8.70e-03	4.38e-01	4.27e-01	1.03e-01	2.22e-02	1.75e-04	3.32e-07
 1.89556e+23	4.84e-06	9.57e-03	4.54e-01	4.19e-01	9.68e-02	1.98e-02	1.46e-04	2.59e-07
 1.91137e+23	5.81e-06	1.08e-02	4.75e-01	4.09e-01	8.89e-02	1.70e-02	1.15e-04	1.90e-07
 1.92732e+23	6.74e-06	1.18e-02	4.91e-01	3.99e-01	8.27e-02	1.50e-02	9.50e-05	1.47e-07
 1.94133e+23	7.79e-06	1.30e-02	5.07e-01	3.90e-01	7.69e-02	1.32e-02	7.84e-05	0.00e+00
 1.95743e+23	9.33e-06	1.46e-02	5.27e-01	3.77e-01	7.00e-02	1.13e-02	6.15e-05	0.00e+00
 1.97382e+23	1.08e-05	1.60e-02	5.43e-01	3.66e-01	6.46e-02	9.89e-03	5.00e-05	0.00e+00
 1.99059e+23	1.30e-05	1.80e-02	5.63e-01	3.52e-01	5.84e-02	8.35e-03	3.86e-05	0.00e+00
 2.00757e+23	1.52e-05	1.98e-02	5.79e-01	3.40e-01	5.35e-02	7.24e-03	3.10e-05	0.00e+00
 2.02480e+23	1.83e-05	2.23e-02	5.98e-01	3.25e-01	4.80e-02	6.06e-03	2.37e-05	0.00e+00
 2.04238e+23	2.14e-05	2.45e-02	6.14e-01	3.13e-01	4.37e-02	5.22e-03	1.88e-05	0.00e+00
 2.06039e+23	2.59e-05	2.76e-02	6.32e-01	2.97e-01	3.88e-02	4.32e-03	1.41e-05	0.00e+00
 2.07871e+23	3.03e-05	3.04e-02	6.47e-01	2.84e-01	3.51e-02	3.68e-03	1.10e-05	0.00e+00
 2.09498e+23	3.53e-05	3.34e-02	6.60e-01	2.71e-01	3.17e-02	3.14e-03	8.69e-06	0.00e+00
 2.10903e+23	3.94e-05	3.57e-02	6.70e-01	2.62e-01	2.95e-02	2.80e-03	7.30e-06	0.00e+00
 2.12262e+23	4.54e-05	3.89e-02	6.81e-01	2.51e-01	2.68e-02	2.42e-03	5.83e-06	0.00e+00
 2.13643e+23	5.08e-05	4.16e-02	6.90e-01	2.41e-01	2.47e-02	2.14e-03	4.83e-06	0.00e+00
 2.15053e+23	5.87e-05	4.54e-02	7.01e-01	2.30e-01	2.24e-02	1.83e-03	3.82e-06	0.00e+00
 2.16479e+23	6.58e-05	4.86e-02	7.09e-01	2.20e-01	2.06e-02	1.61e-03	3.15e-06	0.00e+00
 2.17926e+23	7.62e-05	5.31e-02	7.18e-01	2.09e-01	1.85e-02	1.37e-03	2.46e-06	0.00e+00
 2.19384e+23	8.54e-05	5.68e-02	7.25e-01	2.00e-01	1.70e-02	1.20e-03	2.02e-06	0.00e+00
 2.20854e+23	9.87e-05	6.19e-02	7.33e-01	1.88e-01	1.52e-02	1.02e-03	1.57e-06	0.00e+00
 2.22355e+23	1.11e-04	6.63e-02	7.40e-01	1.79e-01	1.39e-02	8.84e-04	1.27e-06	0.00e+00
 2.23896e+23	1.29e-04	7.24e-02	7.46e-01	1.68e-01	1.23e-02	7.42e-04	9.79e-07	0.00e+00
 2.25470e+23	1.46e-04	7.78e-02	7.51e-01	1.59e-01	1.12e-02	6.39e-04	7.81e-07	0.00e+00
 2.27088e+23	1.70e-04	8.52e-02	7.56e-01	1.48e-01	9.85e-03	5.29e-04	5.89e-07	0.00e+00
 2.28728e+23	1.93e-04	9.15e-02	7.60e-01	1.39e-01	8.85e-03	4.52e-04	4.65e-07	0.00e+00
 2.30398e+23	2.26e-04	1.01e-01	7.62e-01	1.29e-01	7.74e-03	3.70e-04	3.44e-07	0.00e+00
 2.32088e+23	2.57e-04	1.08e-01	7.64e-01	1.20e-01	6.92e-03	3.13e-04	2.69e-07	0.00e+00
 2.33804e+23	3.01e-04	1.18e-01	7.64e-01	1.11e-01	6.03e-03	2.55e-04	1.98e-07	0.00e+00
 2.35565e+23	3.45e-04	1.28e-01	7.64e-01	1.03e-01	5.34e-03	2.13e-04	1.51e-07	0.00e+00
 2.37383e+23	4.08e-04	1.41e-01	7.61e-01	9.30e-02	4.60e-03	1.70e-04	0.00e+00	0.00e+00
 2.39210e+23	4.68e-04	1.51e-01	7.58e-01	8.56e-02	4.05e-03	1.41e-04	0.00e+00	0.00e+00
 2.41049e+23	5.58e-04	1.67e-01	7.52e-01	7.68e-02	3.45e-03	1.11e-04	0.00e+00	0.00e+00
 2.42883e+23	6.37e-04	1.80e-01	7.46e-01	7.03e-02	3.04e-03	9.17e-05	0.00e+00	0.00e+00
 2.44709e+23	7.60e-04	1.99e-01	7.36e-01	6.24e-02	2.58e-03	7.14e-05	0.00e+00	0.00e+00
 2.46547e+23	8.72e-04	2.14e-01	7.27e-01	5.66e-02	2.26e-03	5.85e-05	0.00e+00	0.00e+00
 2.48399e+23	1.05e-03	2.37e-01	7.11e-01	4.95e-02	1.90e-03	4.46e-05	0.00e+00	0.00e+00
 2.50249e+23	1.21e-03	2.55e-01	6.98e-01	4.44e-02	1.66e-03	3.61e-05	0.00e+00	0.00e+00
 2.52096e+23	1.46e-03	2.82e-01	6.77e-01	3.83e-02	1.38e-03	2.71e-05	0.00e+00	0.00e+00
 2.53946e+23	1.69e-03	3.04e-01	6.59e-01	3.38e-02	1.19e-03	2.15e-05	0.00e+00	0.00e+00
 2.55802e+23	2.06e-03	3.37e-01	6.31e-01	2.85e-02	9.79e-04	1.57e-05	0.00e+00	0.00e+00
 2.57661e+23	2.40e-03	3.64e-01	6.08e-01	2.47e-02	8.36e-04	1.22e-05	0.00e+00	0.00e+00
 2.59524e+23	2.93e-03	4.02e-01	5.74e-01	2.04e-02	6.76e-04	8.63e-06	0.00e+00	0.00e+00
 2.61404e+23	3.46e-03	4.36e-01	5.43e-01	1.71e-02	5.64e-04	6.42e-06	0.00e+00	0.00e+00
 2.63306e+23	4.27e-03	4.81e-01	5.01e-01	1.36e-02	4.44e-04	4.33e-06	0.00e+00	0.00e+00
 2.65228e+23	5.11e-03	5.21e-01	4.63e-01	1.10e-02	3.58e-04	3.05e-06	0.00e+00	0.00e+00
 2.66916e+23	6.10e-03	5.62e-01	4.23e-01	8.79e-03	2.87e-04	2.11e-06	0.00e+00	0.00e+00
 2.68596e+23	7.27e-03	6.04e-01	3.82e-01	6.90e-03	2.26e-04	1.43e-06	0.00e+00	0.00e+00
 2.70069e+23	8.40e-03	6.38e-01	3.48e-01	5.60e-03	1.84e-04	1.02e-06	0.00e+00	0.00e+00
 2.71339e+23	9.63e-03	6.70e-01	3.15e-01	4.53e-03	1.50e-04	7.32e-07	0.00e+00	0.00e+00
 2.72799e+23	1.15e-02	7.11e-01	2.74e-01	3.39e-03	1.13e-04	4.63e-07	0.00e+00	0.00e+00
 2.74336e+23	1.36e-02	7.49e-01	2.35e-01	2.51e-03	8.36e-05	2.89e-07	0.00e+00	0.00e+00
 2.75719e+23	1.60e-02	7.83e-01	2.00e-01	1.84e-03	6.13e-05	1.79e-07	0.00e+00	0.00e+00
 2.77043e+23	1.88e-02	8.13e-01	1.66e-01	1.33e-03	4.39e-05	0.00e+00	0.00e+00	0.00e+00
 2.78315e+23	2.22e-02	8.41e-01	1.36e-01	9.38e-04	3.06e-05	0.00e+00	0.00e+00	0.00e+00
 2.79510e+23	2.62e-02	8.64e-01	1.09e-01	6.54e-04	2.08e-05	0.00e+00	0.00e+00	0.00e+00
 2.80603e+23	3.07e-02	8.81e-01	8.74e-02	4.59e-04	1.40e-05	0.00e+00	0.00e+00	0.00e+00
 2.81606e+23	3.61e-02	8.95e-01	6.87e-02	3.21e-04	9.21e-06	0.00e+00	0.00e+00	0.00e+00
 2.82530e+23	4.23e-02	9.04e-01	5.35e-02	2.26e-04	5.99e-06	0.00e+00	0.00e+00	0.00e+00
 2.83364e+23	4.97e-02	9.09e-01	4.15e-02	1.62e-04	3.87e-06	0.00e+00	0.00e+00	0.00e+00
 2.84108e+23	5.81e-02	9.10e-01	3.22e-02	1.18e-04	2.52e-06	0.00e+00	0.00e+00	0.00e+00
 2.84773e+23	6.80e-02	9.07e-01	2.50e-02	8.87e-05	1.65e-06	0.00e+00	0.00e+00	0.00e+00
 2.85369e+23	7.87e-02	9.02e-01	1.97e-02	6.86e-05	1.10e-06	0.00e+00	0.00e+00	0.00e+00
 2.85921e+23	9.14e-02	8.93e-01	1.54e-02	5.38e-05	7.39e-07	0.00e+00	0.00e+00	0.00e+00
 2.86444e+23	1.07e-01	8.81e-01	1.20e-02	4.28e-05	4.95e-07	0.00e+00	0.00e+00	0.00e+00
 2.86920e+23	1.24e-01	8.67e-01	9.47e-03	3.47e-05	3.38e-07	0.00e+00	0.00e+00	0.00e+00
 2.87356e+23	1.42e-01	8.50e-01	7.51e-03	2.88e-05	2.36e-07	0.00e+00	0.00e+00	0.00e+00
 2.87754e+23	1.63e-01	8.31e-01	6.03e-03	2.43e-05	1.69e-07	0.00e+00	0.00e+00	0.00e+00
 2.88100e+23	1.83e-01	8.12e-01	4.96e-03	2.10e-05	1.26e-07	0.00e+00	0.00e+00	0.00e+00
 2.88351e+23	1.99e-01	7.97e-01	4.31e-03	1.90e-05	0.00e+00	0.00e+00	0.00e+00	0.00e+00
 2.88523e+23	2.10e-01	7.86e-01	3.90e-03	1.78e-05	0.00e+00	0.00e+00	0.00e+00	0.00e+00
 2.88700e+23	2.23e-01	7.73e-01	3.51e-03	1.65e-05	0.00e+00	0.00e+00	0.00e+00	0.00e+00
 2.88917e+23	2.40e-01	7.57e-01	3.07e-03	1.52e-05	0.00e+00	0.00e+00	0.00e+00	0.00e+00
 2.89148e+23	2.59e-01	7.39e-01	2.67e-03	1.39e-05	0.00e+00	0.00e+00	0.00e+00	0.00e+00
 2.89379e+23	2.78e-01	7.20e-01	2.32e-03	1.27e-05	0.00e+00	0.00e+00	0.00e+00	0.00e+00
 2.89607e+23	2.98e-01	7.00e-01	2.02e-03	1.17e-05	0.00e+00	0.00e+00	0.00e+00	0.00e+00
 2.89827e+23	3.17e-01	6.81e-01	1.77e-03	1.08e-05	0.00e+00	0.00e+00	0.00e+00	0.00e+00
 2.90002e+23	3.33e-01	6.66e-01	1.60e-03	1.02e-05	0.00e+00	0.00e+00	0.00e+00	0.00e+00
 2.90122e+23	3.44e-01	6.55e-01	1.49e-03	9.82e-06	0.00e+00	0.00e+00	0.00e+00	0.00e+00
 2.90237e+23	3.55e-01	6.44e-01	1.39e-03	9.44e-06	0.00e+00	0.00e+00	0.00e+00	0.00e+00
 2.90372e+23	3.67e-01	6.32e-01	1.28e-03	9.03e-06	0.00e+00	0.00e+00	0.00e+00	0.00e+00
 2.90528e+23	3.82e-01	6.17e-01	1.16e-03	8.59e-06	0.00e+00	0.00e+00	0.00e+00	0.00e+00
 2.90685e+23	3.96e-01	6.02e-01	1.06e-03	8.16e-06	0.00e+00	0.00e+00	0.00e+00	0.00e+00
 2.90831e+23	4.10e-01	5.89e-01	9.70e-04	7.80e-06	0.00e+00	0.00e+00	0.00e+00	0.00e+00
 2.90977e+23	4.24e-01	5.76e-01	8.90e-04	7.46e-06	0.00e+00	0.00e+00	0.00e+00	0.00e+00
 2.91132e+23	4.38e-01	5.61e-01	8.12e-04	7.12e-06	0.00e+00	0.00e+00	0.00e+00	0.00e+00
 2.91295e+23	4.53e-01	5.46e-01	7.37e-04	6.78e-06	0.00e+00	0.00e+00	0.00e+00	0.00e+00
 2.91461e+23	4.68e-01	5.31e-01	6.68e-04	6.45e-06	0.00e+00	0.00e+00	0.00e+00	0.00e+00
 2.91626e+23	4.83e-01	5.17e-01	6.09e-04	6.15e-06	0.00e+00	0.00e+00	0.00e+00	0.00e+00
 2.91796e+23	4.98e-01	5.02e-01	5.51e-04	5.86e-06	0.00e+00	0.00e+00	0.00e+00	0.00e+00
 2.91975e+23	5.14e-01	4.86e-01	4.98e-04	5.57e-06	0.00e+00	0.00e+00	0.00e+00	0.00e+00
 2.92155e+23	5.29e-01	4.71e-01	4.50e-04	5.31e-06	0.00e+00	0.00e+00	0.00e+00	0.00e+00
 2.92338e+23	5.44e-01	4.56e-01	4.07e-04	5.05e-06	0.00e+00	0.00e+00	0.00e+00	0.00e+00
 2.92529e+23	5.59e-01	4.40e-01	3.66e-04	4.80e-06	0.00e+00	0.00e+00	0.00e+00	0.00e+00
 2.92727e+23	5.75e-01	4.24e-01	3.29e-04	4.56e-06	0.00e+00	0.00e+00	0.00e+00	0.00e+00
 2.92930e+23	5.91e-01	4.09e-01	2.96e-04	4.33e-06	0.00e+00	0.00e+00	0.00e+00	0.00e+00
 2.93136e+23	6.06e-01	3.94e-01	2.66e-04	4.11e-06	0.00e+00	0.00e+00	0.00e+00	0.00e+00
 2.93351e+23	6.21e-01	3.78e-01	2.39e-04	3.89e-06	0.00e+00	0.00e+00	0.00e+00	0.00e+00
 2.93574e+23	6.37e-01	3.63e-01	2.14e-04	3.69e-06	0.00e+00	0.00e+00	0.00e+00	0.00e+00
 2.93803e+23	6.52e-01	3.48e-01	1.92e-04	3.49e-06	0.00e+00	0.00e+00	0.00e+00	0.00e+00
 2.94038e+23	6.67e-01	3.33e-01	1.72e-04	3.31e-06	0.00e+00	0.00e+00	0.00e+00	0.00e+00
 2.94282e+23	6.81e-01	3.18e-01	1.55e-04	3.13e-06	0.00e+00	0.00e+00	0.00e+00	0.00e+00
 2.94538e+23	6.96e-01	3.04e-01	1.39e-04	2.96e-06	0.00e+00	0.00e+00	0.00e+00	0.00e+00
 2.94801e+23	7.10e-01	2.90e-01	1.25e-04	2.79e-06	0.00e+00	0.00e+00	0.00e+00	0.00e+00
 2.95072e+23	7.24e-01	2.76e-01	1.12e-04	2.64e-06	0.00e+00	0.00e+00	0.00e+00	0.00e+00
 2.95349e+23	7.37e-01	2.63e-01	1.01e-04	2.50e-06	0.00e+00	0.00e+00	0.00e+00	0.00e+00
 2.95633e+23	7.50e-01	2.50e-01	9.21e-05	2.36e-06	0.00e+00	0.00e+00	0.00e+00	0.00e+00
 2.95927e+23	7.62e-01	2.38e-01	8.37e-05	2.24e-06	0.00e+00	0.00e+00	0.00e+00	0.00e+00
 2.96230e+23	7.74e-01	2.26e-01	7.65e-05	2.12e-06	0.00e+00	0.00e+00	0.00e+00	0.00e+00
 2.96542e+23	7.85e-01	2.15e-01	7.00e-05	2.00e-06	0.00e+00	0.00e+00	0.00e+00	0.00e+00
 2.96866e+23	7.96e-01	2.04e-01	6.44e-05	1.90e-06	0.00e+00	0.00e+00	0.00e+00	0.00e+00
 2.97200e+23	8.06e-01	1.93e-01	5.94e-05	1.80e-06	0.00e+00	0.00e+00	0.00e+00	0.00e+00
 2.97549e+23	8.17e-01	1.83e-01	5.50e-05	1.71e-06	0.00e+00	0.00e+00	0.00e+00	0.00e+00
 2.97915e+23	8.26e-01	1.74e-01	5.12e-05	1.62e-06	0.00e+00	0.00e+00	0.00e+00	0.00e+00
 2.98295e+23	8.35e-01	1.65e-01	4.77e-05	1.54e-06	0.00e+00	0.00e+00	0.00e+00	0.00e+00
 2.98693e+23	8.44e-01	1.56e-01	4.46e-05	1.46e-06	0.00e+00	0.00e+00	0.00e+00	0.00e+00
 2.99113e+23	8.53e-01	1.47e-01	4.18e-05	1.38e-06	0.00e+00	0.00e+00	0.00e+00	0.00e+00
 2.99557e+23	8.62e-01	1.38e-01	3.93e-05	1.31e-06	0.00e+00	0.00e+00	0.00e+00	0.00e+00
 3.00021e+23	8.70e-01	1.30e-01	3.70e-05	1.24e-06	0.00e+00	0.00e+00	0.00e+00	0.00e+00
 3.00485e+23	8.78e-01	1.22e-01	3.51e-05	1.18e-06	0.00e+00	0.00e+00	0.00e+00	0.00e+00
 3.00931e+23	8.84e-01	1.16e-01	3.34e-05	1.12e-06	0.00e+00	0.00e+00	0.00e+00	0.00e+00
 3.01365e+23	8.90e-01	1.10e-01	3.20e-05	1.08e-06	0.00e+00	0.00e+00	0.00e+00	0.00e+00
 3.01788e+23	8.96e-01	1.04e-01	3.08e-05	1.03e-06	0.00e+00	0.00e+00	0.00e+00	0.00e+00
 3.02201e+23	9.01e-01	9.88e-02	2.97e-05	9.91e-07	0.00e+00	0.00e+00	0.00e+00	0.00e+00
 3.02600e+23	9.06e-01	9.39e-02	2.87e-05	9.53e-07	0.00e+00	0.00e+00	0.00e+00	0.00e+00
 3.02980e+23	9.11e-01	8.94e-02	2.78e-05	9.20e-07	0.00e+00	0.00e+00	0.00e+00	0.00e+00
 3.03336e+23	9.14e-01	8.56e-02	2.71e-05	8.91e-07	0.00e+00	0.00e+00	0.00e+00	0.00e+00
 3.03681e+23	9.18e-01	8.18e-02	2.64e-05	8.63e-07	0.00e+00	0.00e+00	0.00e+00	0.00e+00
 3.04027e+23	9.22e-01	7.82e-02	2.57e-05	8.36e-07	0.00e+00	0.00e+00	0.00e+00	0.00e+00
 3.04363e+23	9.25e-01	7.49e-02	2.51e-05	8.12e-07	0.00e+00	0.00e+00	0.00e+00	0.00e+00
 3.04686e+23	9.28e-01	7.18e-02	2.45e-05	7.90e-07	0.00e+00	0.00e+00	0.00e+00	0.00e+00
 3.04998e+23	9.31e-01	6.90e-02	2.40e-05	7.70e-07	0.00e+00	0.00e+00	0.00e+00	0.00e+00
 3.05300e+23	9.34e-01	6.64e-02	2.36e-05	7.51e-07	0.00e+00	0.00e+00	0.00e+00	0.00e+00
 3.05592e+23	9.36e-01	6.39e-02	2.32e-05	7.35e-07	0.00e+00	0.00e+00	0.00e+00	0.00e+00
 3.05874e+23	9.38e-01	6.16e-02	2.28e-05	7.20e-07	0.00e+00	0.00e+00	0.00e+00	0.00e+00
 3.06146e+23	9.40e-01	5.96e-02	2.24e-05	7.06e-07	0.00e+00	0.00e+00	0.00e+00	0.00e+00
 3.06408e+23	9.42e-01	5.76e-02	2.21e-05	6.94e-07	0.00e+00	0.00e+00	0.00e+00	0.00e+00
 3.06661e+23	9.44e-01	5.58e-02	2.18e-05	6.84e-07	0.00e+00	0.00e+00	0.00e+00	0.00e+00
 3.06901e+23	9.46e-01	5.43e-02	2.15e-05	6.75e-07	0.00e+00	0.00e+00	0.00e+00	0.00e+00
 3.07137e+23	9.47e-01	5.27e-02	2.12e-05	6.67e-07	0.00e+00	0.00e+00	0.00e+00	0.00e+00
 3.07366e+23	9.49e-01	5.13e-02	2.10e-05	6.61e-07	0.00e+00	0.00e+00	0.00e+00	0.00e+00
 3.07576e+23	9.50e-01	5.02e-02	2.08e-05	6.56e-07	0.00e+00	0.00e+00	0.00e+00	0.00e+00
 3.07766e+23	9.51e-01	4.92e-02	2.06e-05	6.53e-07	0.00e+00	0.00e+00	0.00e+00	0.00e+00
 3.07939e+23	9.52e-01	4.83e-02	2.04e-05	6.51e-07	0.00e+00	0.00e+00	0.00e+00	0.00e+00
 3.08097e+23	9.52e-01	4.76e-02	2.03e-05	6.50e-07	0.00e+00	0.00e+00	0.00e+00	0.00e+00
 3.08241e+23	9.53e-01	4.70e-02	2.01e-05	6.49e-07	0.00e+00	0.00e+00	0.00e+00	0.00e+00
 3.08371e+23	9.54e-01	4.64e-02	2.00e-05	6.49e-07	0.00e+00	0.00e+00	0.00e+00	0.00e+00
 3.08490e+23	9.54e-01	4.59e-02	1.99e-05	6.49e-07	0.00e+00	0.00e+00	0.00e+00	0.00e+00
 3.08557e+23	9.54e-01	4.55e-02	1.99e-05	6.45e-07	0.00e+00	0.00e+00	0.00e+00	0.00e+00
