#depth	He	He+	He+2
 4.62852e+21	2.02e-08	4.65e-04	1.00e+00
 1.02809e+22	2.21e-08	7.81e-04	9.99e-01
 1.17764e+22	2.20e-08	9.93e-04	9.99e-01
 1.24839e+22	2.24e-08	1.12e-03	9.99e-01
 1.28112e+22	2.27e-08	1.17e-03	9.99e-01
 1.30096e+22	2.32e-08	1.23e-03	9.99e-01
 1.32225e+22	2.38e-08	1.29e-03	9.99e-01
 1.34417e+22	2.46e-08	1.37e-03	9.99e-01
 1.36624e+22	2.55e-08	1.44e-03	9.99e-01
 1.38628e+22	2.65e-08	1.50e-03	9.98e-01
 1.40736e+22	2.80e-08	1.59e-03	9.98e-01
 1.42870e+22	2.94e-08	1.66e-03	9.98e-01
 1.45068e+22	3.15e-08	1.76e-03	9.98e-01
 1.47281e+22	3.35e-08	1.84e-03	9.98e-01
 1.49515e+22	3.63e-08	1.94e-03	9.98e-01
 1.51752e+22	3.88e-08	2.03e-03	9.98e-01
 1.53995e+22	4.25e-08	2.15e-03	9.98e-01
 1.56259e+22	4.57e-08	2.24e-03	9.98e-01
 1.58553e+22	5.04e-08	2.37e-03	9.98e-01
 1.60875e+22	5.45e-08	2.48e-03	9.98e-01
 1.63234e+22	6.05e-08	2.62e-03	9.97e-01
 1.65632e+22	6.58e-08	2.74e-03	9.97e-01
 1.68082e+22	7.35e-08	2.91e-03	9.97e-01
 1.70584e+22	8.03e-08	3.04e-03	9.97e-01
 1.73155e+22	9.04e-08	3.23e-03	9.97e-01
 1.75786e+22	9.92e-08	3.39e-03	9.97e-01
 1.78004e+22	1.08e-07	3.53e-03	9.96e-01
 1.80396e+22	1.20e-07	3.73e-03	9.96e-01
 1.82823e+22	1.31e-07	3.90e-03	9.96e-01
 1.84924e+22	1.42e-07	4.06e-03	9.96e-01
 1.87283e+22	1.58e-07	4.28e-03	9.96e-01
 1.89629e+22	1.71e-07	4.45e-03	9.96e-01
 1.91961e+22	1.90e-07	4.69e-03	9.95e-01
 1.94327e+22	2.06e-07	4.88e-03	9.95e-01
 1.96738e+22	2.30e-07	5.14e-03	9.95e-01
 1.99190e+22	2.49e-07	5.35e-03	9.95e-01
 2.01694e+22	2.79e-07	5.65e-03	9.94e-01
 2.04237e+22	3.03e-07	5.90e-03	9.94e-01
 2.06830e+22	3.39e-07	6.23e-03	9.94e-01
 2.09499e+22	3.71e-07	6.51e-03	9.93e-01
 2.12266e+22	4.18e-07	6.90e-03	9.93e-01
 2.15086e+22	4.59e-07	7.23e-03	9.93e-01
 2.17977e+22	5.18e-07	7.68e-03	9.92e-01
 2.20896e+22	5.68e-07	8.03e-03	9.92e-01
 2.23850e+22	6.44e-07	8.54e-03	9.91e-01
 2.26837e+22	7.07e-07	8.95e-03	9.91e-01
 2.29866e+22	8.02e-07	9.52e-03	9.90e-01
 2.32826e+22	8.76e-07	9.95e-03	9.90e-01
 2.35694e+22	9.84e-07	1.05e-02	9.89e-01
 2.38697e+22	1.09e-06	1.11e-02	9.89e-01
 2.41234e+22	1.18e-06	1.15e-02	9.88e-01
 2.43891e+22	1.31e-06	1.21e-02	9.88e-01
 2.46629e+22	1.43e-06	1.27e-02	9.87e-01
 2.49075e+22	1.56e-06	1.32e-02	9.87e-01
 2.51857e+22	1.73e-06	1.39e-02	9.86e-01
 2.54756e+22	1.91e-06	1.46e-02	9.85e-01
 2.57366e+22	2.08e-06	1.52e-02	9.85e-01
 2.60318e+22	2.33e-06	1.61e-02	9.84e-01
 2.63385e+22	2.57e-06	1.69e-02	9.83e-01
 2.66137e+22	2.83e-06	1.77e-02	9.82e-01
 2.69247e+22	3.17e-06	1.88e-02	9.81e-01
 2.72459e+22	3.52e-06	1.98e-02	9.80e-01
 2.75324e+22	3.88e-06	2.07e-02	9.79e-01
 2.78570e+22	4.37e-06	2.20e-02	9.78e-01
 2.81933e+22	4.87e-06	2.32e-02	9.77e-01
 2.84951e+22	5.39e-06	2.44e-02	9.76e-01
 2.88375e+22	6.13e-06	2.60e-02	9.74e-01
 2.91908e+22	6.84e-06	2.74e-02	9.73e-01
 2.95096e+22	7.61e-06	2.89e-02	9.71e-01
 2.98757e+22	8.74e-06	3.09e-02	9.69e-01
 3.02443e+22	9.77e-06	3.26e-02	9.67e-01
 3.06161e+22	1.12e-05	3.48e-02	9.65e-01
 3.09964e+22	1.26e-05	3.69e-02	9.63e-01
 3.13312e+22	1.40e-05	3.90e-02	9.61e-01
 3.17100e+22	1.62e-05	4.18e-02	9.58e-01
 3.20977e+22	1.82e-05	4.42e-02	9.56e-01
 3.24970e+22	2.10e-05	4.75e-02	9.52e-01
 3.29026e+22	2.37e-05	5.04e-02	9.50e-01
 3.32623e+22	2.67e-05	5.34e-02	9.47e-01
 3.36759e+22	3.11e-05	5.74e-02	9.43e-01
 3.40958e+22	3.52e-05	6.10e-02	9.39e-01
 3.44603e+22	3.96e-05	6.45e-02	9.35e-01
 3.48071e+22	4.40e-05	6.79e-02	9.32e-01
 3.51374e+22	4.89e-05	7.15e-02	9.28e-01
 3.55094e+22	5.59e-05	7.62e-02	9.24e-01
 3.58816e+22	6.22e-05	8.02e-02	9.20e-01
 3.62540e+22	7.10e-05	8.54e-02	9.14e-01
 3.66325e+22	7.92e-05	9.00e-02	9.10e-01
 3.70192e+22	9.07e-05	9.60e-02	9.04e-01
 3.74088e+22	1.01e-04	1.01e-01	8.99e-01
 3.78024e+22	1.16e-04	1.08e-01	8.92e-01
 3.82005e+22	1.30e-04	1.14e-01	8.86e-01
 3.85190e+22	1.42e-04	1.19e-01	8.81e-01
 3.88479e+22	1.59e-04	1.25e-01	8.75e-01
 3.91841e+22	1.74e-04	1.31e-01	8.69e-01
 3.94829e+22	1.91e-04	1.36e-01	8.64e-01
 3.98242e+22	2.14e-04	1.43e-01	8.56e-01
 4.01693e+22	2.35e-04	1.50e-01	8.50e-01
 4.04710e+22	2.57e-04	1.56e-01	8.44e-01
 4.08151e+22	2.88e-04	1.64e-01	8.35e-01
 4.11622e+22	3.15e-04	1.71e-01	8.28e-01
 4.15133e+22	3.53e-04	1.80e-01	8.19e-01
 4.18698e+22	3.88e-04	1.88e-01	8.12e-01
 4.21835e+22	4.24e-04	1.96e-01	8.04e-01
 4.25415e+22	4.74e-04	2.06e-01	7.94e-01
 4.29073e+22	5.22e-04	2.14e-01	7.85e-01
 4.32340e+22	5.71e-04	2.23e-01	7.76e-01
 4.36096e+22	6.41e-04	2.35e-01	7.65e-01
 4.39908e+22	7.05e-04	2.45e-01	7.55e-01
 4.43794e+22	7.90e-04	2.57e-01	7.42e-01
 4.47783e+22	8.75e-04	2.68e-01	7.31e-01
 4.51314e+22	9.61e-04	2.79e-01	7.20e-01
 4.55312e+22	1.08e-03	2.93e-01	7.06e-01
 4.58136e+22	1.11e-03	2.97e-01	7.02e-01
 4.59436e+22	1.16e-03	3.02e-01	6.97e-01
 4.61125e+22	1.22e-03	3.08e-01	6.91e-01
 4.63320e+22	1.30e-03	3.16e-01	6.83e-01
 4.66175e+22	1.40e-03	3.26e-01	6.72e-01
 4.69191e+22	1.51e-03	3.36e-01	6.62e-01
 4.71950e+22	1.62e-03	3.45e-01	6.53e-01
 4.75072e+22	1.77e-03	3.57e-01	6.41e-01
 4.78272e+22	1.90e-03	3.68e-01	6.31e-01
 4.81120e+22	2.04e-03	3.78e-01	6.20e-01
 4.84371e+22	2.23e-03	3.91e-01	6.07e-01
 4.87654e+22	2.40e-03	4.01e-01	5.96e-01
 4.90979e+22	2.61e-03	4.15e-01	5.83e-01
 4.94400e+22	2.82e-03	4.26e-01	5.71e-01
 4.97469e+22	3.03e-03	4.38e-01	5.59e-01
 5.00981e+22	3.31e-03	4.52e-01	5.45e-01
 5.04598e+22	3.59e-03	4.65e-01	5.32e-01
 5.07837e+22	3.86e-03	4.77e-01	5.20e-01
 5.11533e+22	4.24e-03	4.92e-01	5.04e-01
 5.15332e+22	4.58e-03	5.05e-01	4.91e-01
 5.19265e+22	5.06e-03	5.22e-01	4.73e-01
 5.23227e+22	5.46e-03	5.35e-01	4.60e-01
 5.27229e+22	6.01e-03	5.51e-01	4.43e-01
 5.31332e+22	6.51e-03	5.65e-01	4.29e-01
 5.35566e+22	7.19e-03	5.82e-01	4.11e-01
 5.39854e+22	7.79e-03	5.96e-01	3.96e-01
 5.44211e+22	8.62e-03	6.13e-01	3.78e-01
 5.48649e+22	9.34e-03	6.27e-01	3.64e-01
 5.53192e+22	1.04e-02	6.45e-01	3.44e-01
 5.57805e+22	1.12e-02	6.59e-01	3.30e-01
 5.62511e+22	1.25e-02	6.77e-01	3.11e-01
 5.67354e+22	1.36e-02	6.91e-01	2.95e-01
 5.72376e+22	1.53e-02	7.10e-01	2.75e-01
 5.77517e+22	1.66e-02	7.23e-01	2.60e-01
 5.82812e+22	1.87e-02	7.41e-01	2.40e-01
 5.88288e+22	2.05e-02	7.56e-01	2.24e-01
 5.93998e+22	2.33e-02	7.73e-01	2.04e-01
 5.99953e+22	2.58e-02	7.87e-01	1.87e-01
 6.06116e+22	2.95e-02	8.03e-01	1.67e-01
 6.11448e+22	3.18e-02	8.12e-01	1.56e-01
 6.15814e+22	3.49e-02	8.22e-01	1.43e-01
 6.20436e+22	3.82e-02	8.30e-01	1.31e-01
 6.25391e+22	4.27e-02	8.39e-01	1.18e-01
 6.30431e+22	4.69e-02	8.46e-01	1.07e-01
 6.35584e+22	5.30e-02	8.52e-01	9.46e-02
 6.40937e+22	5.90e-02	8.57e-01	8.43e-02
 6.45193e+22	6.42e-02	8.59e-01	7.69e-02
 6.48813e+22	6.99e-02	8.60e-01	7.03e-02
 6.52964e+22	7.79e-02	8.59e-01	6.28e-02
 6.57331e+22	8.64e-02	8.57e-01	5.64e-02
 6.61181e+22	9.53e-02	8.54e-01	5.12e-02
 6.64721e+22	1.05e-01	8.48e-01	4.68e-02
 6.68035e+22	1.15e-01	8.42e-01	4.31e-02
 6.71110e+22	1.26e-01	8.34e-01	4.00e-02
 6.73917e+22	1.38e-01	8.25e-01	3.74e-02
 6.76455e+22	1.50e-01	8.15e-01	3.54e-02
 6.78761e+22	1.62e-01	8.04e-01	3.38e-02
 6.80871e+22	1.75e-01	7.92e-01	3.25e-02
 6.82200e+22	1.82e-01	7.86e-01	3.22e-02
 6.82694e+22	1.85e-01	7.83e-01	3.20e-02
 6.83093e+22	1.88e-01	7.80e-01	3.18e-02
 6.83610e+22	1.92e-01	7.76e-01	3.16e-02
 6.84228e+22	1.97e-01	7.71e-01	3.12e-02
 6.84848e+22	2.02e-01	7.67e-01	3.10e-02
 6.85422e+22	2.07e-01	7.62e-01	3.08e-02
 6.86009e+22	2.12e-01	7.57e-01	3.06e-02
 6.86624e+22	2.18e-01	7.52e-01	3.03e-02
 6.87225e+22	2.23e-01	7.47e-01	3.02e-02
 6.87833e+22	2.29e-01	7.41e-01	3.00e-02
 6.88465e+22	2.35e-01	7.35e-01	2.99e-02
 6.89118e+22	2.41e-01	7.29e-01	2.98e-02
 6.89793e+22	2.48e-01	7.22e-01	2.96e-02
 6.90478e+22	2.55e-01	7.15e-01	2.96e-02
 6.91173e+22	2.63e-01	7.07e-01	2.95e-02
 6.91906e+22	2.71e-01	6.99e-01	2.94e-02
 6.92655e+22	2.80e-01	6.91e-01	2.94e-02
 6.93242e+22	2.86e-01	6.84e-01	2.95e-02
 6.93628e+22	2.91e-01	6.80e-01	2.95e-02
 6.93995e+22	2.95e-01	6.75e-01	2.95e-02
 6.94433e+22	3.01e-01	6.69e-01	2.94e-02
 6.94916e+22	3.07e-01	6.63e-01	2.94e-02
 6.95384e+22	3.13e-01	6.57e-01	2.93e-02
 6.95835e+22	3.20e-01	6.51e-01	2.93e-02
 6.96295e+22	3.26e-01	6.45e-01	2.92e-02
 6.96771e+22	3.33e-01	6.38e-01	2.92e-02
 6.97261e+22	3.40e-01	6.31e-01	2.91e-02
 6.97756e+22	3.47e-01	6.24e-01	2.89e-02
 6.98249e+22	3.54e-01	6.17e-01	2.88e-02
 6.98749e+22	3.62e-01	6.09e-01	2.87e-02
 6.99270e+22	3.70e-01	6.01e-01	2.85e-02
 6.99808e+22	3.79e-01	5.93e-01	2.83e-02
 7.00351e+22	3.88e-01	5.84e-01	2.81e-02
 7.00900e+22	3.97e-01	5.76e-01	2.79e-02
 7.01469e+22	4.06e-01	5.66e-01	2.76e-02
 7.02057e+22	4.16e-01	5.57e-01	2.72e-02
 7.02659e+22	4.26e-01	5.47e-01	2.69e-02
 7.03271e+22	4.37e-01	5.36e-01	2.65e-02
 7.03900e+22	4.48e-01	5.26e-01	2.61e-02
 7.04551e+22	4.60e-01	5.15e-01	2.56e-02
 7.05222e+22	4.72e-01	5.03e-01	2.51e-02
 7.05909e+22	4.84e-01	4.91e-01	2.46e-02
 7.06613e+22	4.97e-01	4.79e-01	2.40e-02
 7.07338e+22	5.10e-01	4.67e-01	2.34e-02
 7.08088e+22	5.23e-01	4.54e-01	2.27e-02
 7.08860e+22	5.37e-01	4.41e-01	2.21e-02
 7.09649e+22	5.50e-01	4.28e-01	2.14e-02
 7.10445e+22	5.64e-01	4.15e-01	2.07e-02
 7.11256e+22	5.78e-01	4.02e-01	1.99e-02
 7.12097e+22	5.93e-01	3.88e-01	1.91e-02
 7.12943e+22	6.06e-01	3.75e-01	1.84e-02
 7.13782e+22	6.20e-01	3.63e-01	1.76e-02
 7.14641e+22	6.33e-01	3.50e-01	1.69e-02
 7.15530e+22	6.47e-01	3.37e-01	1.61e-02
 7.16427e+22	6.60e-01	3.25e-01	1.54e-02
 7.17331e+22	6.73e-01	3.13e-01	1.46e-02
 7.18263e+22	6.85e-01	3.01e-01	1.39e-02
 7.19219e+22	6.98e-01	2.89e-01	1.31e-02
 7.20187e+22	7.10e-01	2.78e-01	1.24e-02
 7.21169e+22	7.22e-01	2.66e-01	1.17e-02
 7.22182e+22	7.34e-01	2.55e-01	1.09e-02
 7.23208e+22	7.45e-01	2.45e-01	1.03e-02
 7.24199e+22	7.55e-01	2.35e-01	9.66e-03
 7.25121e+22	7.64e-01	2.27e-01	9.10e-03
 7.25973e+22	7.72e-01	2.19e-01	8.60e-03
 7.26776e+22	7.80e-01	2.12e-01	8.14e-03
 7.27519e+22	7.87e-01	2.06e-01	7.74e-03
 7.28240e+22	7.93e-01	2.00e-01	7.35e-03
 7.28964e+22	7.99e-01	1.94e-01	7.00e-03
 7.29666e+22	8.05e-01	1.89e-01	6.65e-03
 7.30325e+22	8.10e-01	1.84e-01	6.36e-03
 7.30951e+22	8.15e-01	1.79e-01	6.08e-03
 7.31578e+22	8.19e-01	1.75e-01	5.80e-03
 7.32179e+22	8.24e-01	1.71e-01	5.56e-03
 7.32746e+22	8.28e-01	1.67e-01	5.33e-03
 7.33309e+22	8.32e-01	1.63e-01	5.10e-03
 7.33849e+22	8.35e-01	1.60e-01	4.90e-03
 7.34357e+22	8.39e-01	1.57e-01	4.71e-03
 7.34854e+22	8.42e-01	1.53e-01	4.53e-03
 7.35339e+22	8.45e-01	1.50e-01	4.36e-03
 7.35795e+22	8.48e-01	1.48e-01	4.21e-03
 7.36210e+22	8.51e-01	1.45e-01	4.07e-03
 7.36587e+22	8.53e-01	1.43e-01	3.94e-03
 7.36931e+22	8.55e-01	1.41e-01	3.83e-03
 7.37243e+22	8.57e-01	1.39e-01	3.72e-03
 7.37528e+22	8.59e-01	1.37e-01	3.63e-03
 7.37787e+22	8.61e-01	1.36e-01	3.55e-03
 7.38070e+22	8.63e-01	1.34e-01	3.45e-03
 7.38376e+22	8.65e-01	1.32e-01	3.36e-03
 7.38655e+22	8.66e-01	1.30e-01	3.29e-03
 7.38909e+22	8.68e-01	1.29e-01	3.22e-03
 7.39139e+22	8.69e-01	1.28e-01	3.16e-03
 7.39392e+22	8.71e-01	1.26e-01	3.08e-03
 7.39721e+22	8.73e-01	1.24e-01	2.99e-03
 7.40076e+22	8.75e-01	1.23e-01	2.91e-03
 7.40399e+22	8.76e-01	1.21e-01	2.83e-03
 7.40693e+22	8.78e-01	1.20e-01	2.77e-03
 7.41015e+22	8.79e-01	1.18e-01	2.69e-03
 7.41363e+22	8.81e-01	1.16e-01	2.62e-03
 7.41679e+22	8.82e-01	1.15e-01	2.56e-03
 7.41967e+22	8.84e-01	1.14e-01	2.50e-03
 7.42229e+22	8.85e-01	1.13e-01	2.46e-03
 7.42516e+22	8.87e-01	1.11e-01	2.39e-03
 7.42889e+22	8.88e-01	1.09e-01	2.31e-03
 7.43292e+22	8.90e-01	1.08e-01	2.25e-03
 7.43659e+22	8.92e-01	1.06e-01	2.19e-03
 7.43993e+22	8.93e-01	1.05e-01	2.13e-03
 7.44296e+22	8.94e-01	1.04e-01	2.08e-03
 7.44573e+22	8.96e-01	1.02e-01	2.03e-03
 7.44824e+22	8.96e-01	1.02e-01	2.00e-03
 7.45099e+22	8.98e-01	1.00e-01	1.94e-03
 7.45458e+22	9.00e-01	9.85e-02	1.88e-03
 7.45844e+22	9.01e-01	9.70e-02	1.82e-03
 7.46196e+22	9.03e-01	9.57e-02	1.78e-03
 7.46517e+22	9.04e-01	9.46e-02	1.73e-03
 7.46808e+22	9.05e-01	9.34e-02	1.69e-03
 7.47073e+22	9.06e-01	9.24e-02	1.65e-03
 7.47364e+22	9.07e-01	9.11e-02	1.61e-03
 7.47677e+22	9.09e-01	8.99e-02	1.57e-03
 7.47963e+22	9.10e-01	8.89e-02	1.53e-03
 7.48223e+22	9.11e-01	8.80e-02	1.50e-03
 7.48459e+22	9.11e-01	8.73e-02	1.48e-03
 7.48718e+22	9.12e-01	8.61e-02	1.44e-03
 7.49055e+22	9.14e-01	8.47e-02	1.39e-03
 7.49418e+22	9.15e-01	8.36e-02	1.35e-03
 7.49749e+22	9.16e-01	8.26e-02	1.32e-03
 7.50050e+22	9.17e-01	8.17e-02	1.29e-03
 7.50324e+22	9.18e-01	8.09e-02	1.27e-03
 7.50624e+22	9.19e-01	7.98e-02	1.23e-03
 7.51015e+22	9.20e-01	7.86e-02	1.20e-03
 7.51436e+22	9.21e-01	7.77e-02	1.17e-03
 7.51819e+22	9.22e-01	7.66e-02	1.14e-03
 7.52168e+22	9.23e-01	7.55e-02	1.10e-03
 7.52486e+22	9.24e-01	7.48e-02	1.09e-03
 7.52834e+22	9.25e-01	7.36e-02	1.05e-03
 7.53209e+22	9.26e-01	7.27e-02	1.02e-03
 7.53551e+22	9.27e-01	7.17e-02	9.97e-04
 7.53862e+22	9.28e-01	7.11e-02	9.79e-04
 7.54203e+22	9.29e-01	7.01e-02	9.51e-04
 7.54571e+22	9.30e-01	6.92e-02	9.28e-04
 7.54906e+22	9.31e-01	6.83e-02	9.04e-04
 7.55211e+22	9.31e-01	6.77e-02	8.88e-04
 7.55545e+22	9.33e-01	6.66e-02	8.60e-04
 7.55905e+22	9.33e-01	6.60e-02	8.45e-04
 7.56300e+22	9.34e-01	6.50e-02	8.18e-04
 7.56726e+22	9.35e-01	6.41e-02	7.97e-04
 7.57114e+22	9.36e-01	6.32e-02	7.74e-04
 7.57468e+22	9.37e-01	6.26e-02	7.59e-04
 7.57855e+22	9.38e-01	6.16e-02	7.35e-04
 7.58272e+22	9.38e-01	6.08e-02	7.16e-04
 7.58653e+22	9.39e-01	6.01e-02	7.01e-04
 7.59069e+22	9.40e-01	5.91e-02	6.76e-04
 7.59519e+22	9.41e-01	5.83e-02	6.58e-04
 7.59928e+22	9.42e-01	5.74e-02	6.39e-04
 7.60300e+22	9.43e-01	5.68e-02	6.26e-04
 7.60709e+22	9.43e-01	5.59e-02	6.06e-04
 7.61149e+22	9.44e-01	5.52e-02	5.90e-04
 7.61550e+22	9.45e-01	5.45e-02	5.77e-04
 7.61989e+22	9.46e-01	5.36e-02	5.57e-04
 7.62464e+22	9.47e-01	5.28e-02	5.42e-04
 7.62895e+22	9.47e-01	5.22e-02	5.28e-04
 7.63368e+22	9.48e-01	5.12e-02	5.09e-04
 7.63879e+22	9.49e-01	5.05e-02	4.95e-04
 7.64343e+22	9.50e-01	4.98e-02	4.82e-04
 7.64853e+22	9.51e-01	4.89e-02	4.64e-04
 7.65402e+22	9.51e-01	4.82e-02	4.51e-04
 7.65902e+22	9.52e-01	4.74e-02	4.36e-04
 7.66358e+22	9.53e-01	4.68e-02	4.25e-04
 7.66856e+22	9.54e-01	4.59e-02	4.09e-04
 7.67395e+22	9.54e-01	4.52e-02	3.97e-04
 7.67885e+22	9.55e-01	4.46e-02	3.86e-04
 7.68422e+22	9.56e-01	4.38e-02	3.72e-04
 7.69002e+22	9.57e-01	4.31e-02	3.60e-04
 7.69529e+22	9.57e-01	4.24e-02	3.50e-04
 7.70107e+22	9.58e-01	4.16e-02	3.36e-04
 7.70731e+22	9.59e-01	4.10e-02	3.26e-04
 7.71299e+22	9.59e-01	4.03e-02	3.15e-04
 7.71816e+22	9.60e-01	3.97e-02	3.06e-04
 7.72382e+22	9.61e-01	3.89e-02	2.94e-04
 7.72993e+22	9.61e-01	3.83e-02	2.85e-04
 7.73550e+22	9.62e-01	3.77e-02	2.77e-04
 7.74159e+22	9.63e-01	3.70e-02	2.66e-04
 7.74817e+22	9.63e-01	3.63e-02	2.56e-04
 7.75416e+22	9.64e-01	3.57e-02	2.49e-04
 7.76073e+22	9.65e-01	3.50e-02	2.38e-04
 7.76781e+22	9.65e-01	3.44e-02	2.30e-04
 7.77426e+22	9.66e-01	3.38e-02	2.22e-04
 7.78012e+22	9.67e-01	3.32e-02	2.15e-04
 7.78655e+22	9.67e-01	3.25e-02	2.06e-04
 7.79349e+22	9.68e-01	3.20e-02	1.99e-04
 7.79981e+22	9.68e-01	3.14e-02	1.92e-04
 7.80673e+22	9.69e-01	3.08e-02	1.84e-04
 7.81420e+22	9.70e-01	3.02e-02	1.78e-04
 7.82100e+22	9.70e-01	2.97e-02	1.71e-04
 7.82845e+22	9.71e-01	2.90e-02	1.64e-04
 7.83650e+22	9.71e-01	2.85e-02	1.58e-04
 7.84382e+22	9.72e-01	2.79e-02	1.52e-04
 7.85184e+22	9.73e-01	2.73e-02	1.45e-04
 7.86050e+22	9.73e-01	2.67e-02	1.39e-04
 7.86838e+22	9.74e-01	2.62e-02	1.34e-04
 7.87701e+22	9.74e-01	2.55e-02	1.27e-04
 7.88633e+22	9.75e-01	2.50e-02	1.22e-04
 7.89482e+22	9.75e-01	2.44e-02	1.17e-04
 7.90254e+22	9.76e-01	2.40e-02	1.12e-04
 7.91100e+22	9.76e-01	2.34e-02	1.07e-04
 7.92199e+22	9.77e-01	2.27e-02	1.01e-04
 7.93435e+22	9.78e-01	2.20e-02	9.51e-05
 7.94661e+22	9.79e-01	2.14e-02	8.94e-05
 7.95896e+22	9.79e-01	2.07e-02	8.39e-05
 7.97161e+22	9.80e-01	2.00e-02	7.87e-05
 7.98447e+22	9.81e-01	1.94e-02	7.38e-05
 7.99749e+22	9.81e-01	1.88e-02	6.91e-05
 8.01066e+22	9.82e-01	1.82e-02	6.47e-05
 8.02400e+22	9.82e-01	1.76e-02	6.06e-05
 8.03750e+22	9.83e-01	1.70e-02	5.67e-05
 8.05115e+22	9.84e-01	1.64e-02	5.30e-05
 8.06497e+22	9.84e-01	1.59e-02	4.95e-05
 8.07893e+22	9.85e-01	1.53e-02	4.62e-05
 8.09304e+22	9.85e-01	1.48e-02	4.31e-05
 8.10730e+22	9.86e-01	1.43e-02	4.03e-05
 8.12168e+22	9.86e-01	1.38e-02	3.75e-05
 8.13619e+22	9.87e-01	1.33e-02	3.50e-05
 8.15082e+22	9.87e-01	1.29e-02	3.26e-05
 8.16560e+22	9.88e-01	1.24e-02	3.04e-05
 8.18053e+22	9.88e-01	1.20e-02	2.83e-05
 8.19558e+22	9.88e-01	1.15e-02	2.63e-05
 8.21077e+22	9.89e-01	1.11e-02	2.45e-05
 8.22608e+22	9.89e-01	1.07e-02	2.27e-05
 8.24153e+22	9.90e-01	1.03e-02	2.11e-05
 8.25728e+22	9.90e-01	9.96e-03	1.96e-05
 8.27340e+22	9.90e-01	9.59e-03	1.82e-05
 8.28975e+22	9.91e-01	9.23e-03	1.68e-05
 8.30629e+22	9.91e-01	8.87e-03	1.56e-05
 8.32301e+22	9.91e-01	8.53e-03	1.44e-05
 8.33991e+22	9.92e-01	8.20e-03	1.33e-05
 8.35701e+22	9.92e-01	7.88e-03	1.23e-05
 8.37431e+22	9.92e-01	7.57e-03	1.14e-05
 8.39190e+22	9.93e-01	7.27e-03	1.05e-05
 8.40979e+22	9.93e-01	6.98e-03	9.66e-06
 8.42810e+22	9.93e-01	6.69e-03	8.88e-06
 8.44690e+22	9.94e-01	6.41e-03	8.15e-06
 8.46603e+22	9.94e-01	6.14e-03	7.47e-06
 8.48548e+22	9.94e-01	5.87e-03	6.85e-06
 8.50527e+22	9.94e-01	5.62e-03	6.26e-06
 8.52541e+22	9.95e-01	5.37e-03	5.72e-06
 8.54593e+22	9.95e-01	5.13e-03	5.22e-06
 8.56685e+22	9.95e-01	4.89e-03	4.76e-06
 8.58830e+22	9.95e-01	4.66e-03	4.33e-06
 8.61028e+22	9.96e-01	4.44e-03	3.93e-06
 8.63270e+22	9.96e-01	4.23e-03	3.56e-06
 8.65564e+22	9.96e-01	4.02e-03	3.22e-06
 8.67913e+22	9.96e-01	3.82e-03	2.91e-06
 8.70317e+22	9.96e-01	3.63e-03	2.62e-06
 8.72758e+22	9.97e-01	3.44e-03	2.36e-06
 8.75225e+22	9.97e-01	3.26e-03	2.12e-06
 8.77721e+22	9.97e-01	3.09e-03	1.91e-06
 8.80241e+22	9.97e-01	2.93e-03	1.71e-06
 8.82785e+22	9.97e-01	2.78e-03	1.54e-06
 8.85354e+22	9.97e-01	2.63e-03	1.38e-06
 8.87947e+22	9.98e-01	2.49e-03	1.24e-06
 8.90567e+22	9.98e-01	2.36e-03	1.11e-06
 8.93215e+22	9.98e-01	2.23e-03	9.94e-07
 8.95892e+22	9.98e-01	2.11e-03	8.89e-07
 8.98599e+22	9.98e-01	2.00e-03	7.94e-07
 9.01325e+22	9.98e-01	1.89e-03	7.10e-07
 9.04078e+22	9.98e-01	1.78e-03	6.33e-07
 9.06862e+22	9.98e-01	1.68e-03	5.65e-07
 9.09675e+22	9.98e-01	1.59e-03	5.03e-07
 9.12528e+22	9.99e-01	1.50e-03	4.47e-07
 9.15414e+22	9.99e-01	1.41e-03	3.97e-07
 9.18333e+22	9.99e-01	1.33e-03	3.53e-07
 9.21285e+22	9.99e-01	1.25e-03	3.13e-07
 9.24229e+22	9.99e-01	1.18e-03	2.78e-07
 9.25696e+22	9.99e-01	1.17e-03	2.75e-07
