#depth	Ne	Ne+	Ne+2	Ne+3	Ne+4	Ne+5	Ne+6	Ne+7	Ne+8	Ne+9	Ne+10
 1.54284e+22	9.30e-17	3.57e-12	7.69e-09	2.27e-06	2.01e-04	3.93e-03	1.94e-02	4.60e-02	4.52e-01	3.89e-01	8.92e-02
 3.44911e+22	6.08e-16	2.11e-11	3.97e-08	9.65e-06	7.23e-04	1.16e-02	4.41e-02	7.61e-02	5.17e-01	3.03e-01	4.75e-02
 3.99425e+22	1.21e-15	4.22e-11	7.78e-08	1.78e-05	1.27e-03	1.88e-02	6.35e-02	9.47e-02	5.33e-01	2.56e-01	3.29e-02
 4.26683e+22	1.59e-15	5.66e-11	1.05e-07	2.36e-05	1.64e-03	2.36e-02	7.54e-02	1.05e-01	5.36e-01	2.32e-01	2.70e-02
 4.39317e+22	1.75e-15	6.29e-11	1.17e-07	2.62e-05	1.81e-03	2.57e-02	8.04e-02	1.09e-01	5.36e-01	2.23e-01	2.49e-02
 4.47262e+22	1.93e-15	7.08e-11	1.33e-07	2.96e-05	2.04e-03	2.85e-02	8.69e-02	1.14e-01	5.35e-01	2.11e-01	2.24e-02
 4.55870e+22	2.11e-15	7.87e-11	1.50e-07	3.32e-05	2.28e-03	3.14e-02	9.33e-02	1.19e-01	5.33e-01	2.01e-01	2.03e-02
 4.64405e+22	2.28e-15	8.71e-11	1.68e-07	3.72e-05	2.54e-03	3.45e-02	1.00e-01	1.24e-01	5.30e-01	1.90e-01	1.83e-02
 4.72983e+22	2.44e-15	9.56e-11	1.87e-07	4.14e-05	2.83e-03	3.79e-02	1.07e-01	1.29e-01	5.27e-01	1.80e-01	1.65e-02
 4.81506e+22	2.58e-15	1.04e-10	2.08e-07	4.61e-05	3.14e-03	4.15e-02	1.14e-01	1.34e-01	5.22e-01	1.70e-01	1.49e-02
 4.90009e+22	2.71e-15	1.13e-10	2.30e-07	5.11e-05	3.47e-03	4.52e-02	1.22e-01	1.39e-01	5.17e-01	1.60e-01	1.34e-02
 4.98513e+22	2.83e-15	1.22e-10	2.54e-07	5.65e-05	3.84e-03	4.93e-02	1.29e-01	1.44e-01	5.11e-01	1.51e-01	1.20e-02
 5.07054e+22	2.93e-15	1.31e-10	2.79e-07	6.25e-05	4.23e-03	5.35e-02	1.37e-01	1.49e-01	5.04e-01	1.42e-01	1.07e-02
 5.15638e+22	3.02e-15	1.40e-10	3.07e-07	6.91e-05	4.67e-03	5.81e-02	1.44e-01	1.54e-01	4.97e-01	1.33e-01	9.59e-03
 5.24298e+22	3.10e-15	1.50e-10	3.38e-07	7.64e-05	5.14e-03	6.30e-02	1.52e-01	1.59e-01	4.88e-01	1.24e-01	8.55e-03
 5.33057e+22	3.17e-15	1.61e-10	3.72e-07	8.46e-05	5.67e-03	6.82e-02	1.60e-01	1.63e-01	4.79e-01	1.16e-01	7.60e-03
 5.41863e+22	3.24e-15	1.72e-10	4.09e-07	9.36e-05	6.24e-03	7.36e-02	1.68e-01	1.67e-01	4.69e-01	1.08e-01	6.76e-03
 5.50811e+22	3.31e-15	1.84e-10	4.52e-07	1.04e-04	6.89e-03	7.96e-02	1.77e-01	1.72e-01	4.59e-01	1.01e-01	5.97e-03
 5.59859e+22	3.38e-15	1.97e-10	4.99e-07	1.16e-04	7.59e-03	8.58e-02	1.85e-01	1.76e-01	4.48e-01	9.34e-02	5.28e-03
 5.69084e+22	3.45e-15	2.12e-10	5.56e-07	1.29e-04	8.39e-03	9.26e-02	1.93e-01	1.79e-01	4.36e-01	8.63e-02	4.64e-03
 5.78478e+22	3.54e-15	2.29e-10	6.19e-07	1.44e-04	9.27e-03	9.97e-02	2.01e-01	1.83e-01	4.23e-01	7.98e-02	4.08e-03
 5.87093e+22	3.63e-15	2.45e-10	6.80e-07	1.59e-04	1.01e-02	1.06e-01	2.08e-01	1.86e-01	4.12e-01	7.45e-02	3.65e-03
 5.96085e+22	3.73e-15	2.67e-10	7.67e-07	1.80e-04	1.12e-02	1.14e-01	2.16e-01	1.89e-01	3.98e-01	6.82e-02	3.17e-03
 6.05218e+22	3.87e-15	2.89e-10	8.50e-07	1.99e-04	1.22e-02	1.21e-01	2.22e-01	1.91e-01	3.87e-01	6.34e-02	2.83e-03
 6.14628e+22	4.05e-15	3.20e-10	9.73e-07	2.27e-04	1.36e-02	1.31e-01	2.30e-01	1.93e-01	3.72e-01	5.76e-02	2.43e-03
 6.24054e+22	4.23e-15	3.48e-10	1.08e-06	2.53e-04	1.49e-02	1.39e-01	2.37e-01	1.94e-01	3.60e-01	5.35e-02	2.16e-03
 6.33503e+22	4.47e-15	3.90e-10	1.25e-06	2.90e-04	1.66e-02	1.49e-01	2.44e-01	1.96e-01	3.44e-01	4.84e-02	1.85e-03
 6.42994e+22	4.75e-15	4.30e-10	1.40e-06	3.22e-04	1.81e-02	1.58e-01	2.49e-01	1.96e-01	3.32e-01	4.48e-02	1.64e-03
 6.52540e+22	5.11e-15	4.87e-10	1.63e-06	3.71e-04	2.01e-02	1.69e-01	2.56e-01	1.97e-01	3.16e-01	4.03e-02	1.40e-03
 6.62192e+22	5.50e-15	5.42e-10	1.84e-06	4.15e-04	2.19e-02	1.78e-01	2.61e-01	1.96e-01	3.03e-01	3.71e-02	1.24e-03
 6.71981e+22	6.04e-15	6.25e-10	2.16e-06	4.80e-04	2.45e-02	1.91e-01	2.67e-01	1.96e-01	2.87e-01	3.33e-02	1.05e-03
 6.81908e+22	6.61e-15	7.05e-10	2.47e-06	5.38e-04	2.67e-02	2.01e-01	2.71e-01	1.95e-01	2.75e-01	3.05e-02	9.23e-04
 6.92014e+22	7.45e-15	8.26e-10	2.93e-06	6.26e-04	2.98e-02	2.14e-01	2.76e-01	1.93e-01	2.59e-01	2.71e-02	7.77e-04
 7.02312e+22	8.31e-15	9.45e-10	3.37e-06	7.06e-04	3.25e-02	2.25e-01	2.79e-01	1.91e-01	2.46e-01	2.47e-02	6.77e-04
 7.12860e+22	9.62e-15	1.13e-09	4.04e-06	8.25e-04	3.63e-02	2.40e-01	2.83e-01	1.88e-01	2.30e-01	2.18e-02	5.64e-04
 7.23659e+22	1.10e-14	1.31e-09	4.70e-06	9.35e-04	3.96e-02	2.52e-01	2.85e-01	1.85e-01	2.17e-01	1.97e-02	4.86e-04
 7.34783e+22	1.31e-14	1.60e-09	5.72e-06	1.10e-03	4.44e-02	2.68e-01	2.87e-01	1.81e-01	2.01e-01	1.71e-02	3.99e-04
 7.46097e+22	1.54e-14	1.89e-09	6.69e-06	1.25e-03	4.84e-02	2.80e-01	2.88e-01	1.77e-01	1.89e-01	1.54e-02	3.42e-04
 7.55664e+22	1.78e-14	2.20e-09	7.72e-06	1.40e-03	5.23e-02	2.92e-01	2.89e-01	1.73e-01	1.78e-01	1.39e-02	2.96e-04
 7.66107e+22	2.16e-14	2.69e-09	9.29e-06	1.63e-03	5.78e-02	3.07e-01	2.89e-01	1.68e-01	1.65e-01	1.21e-02	2.45e-04
 7.76202e+22	2.51e-14	3.11e-09	1.06e-05	1.80e-03	6.18e-02	3.17e-01	2.88e-01	1.64e-01	1.56e-01	1.10e-02	2.15e-04
 7.85843e+22	3.04e-14	3.76e-09	1.26e-05	2.06e-03	6.76e-02	3.31e-01	2.87e-01	1.59e-01	1.44e-01	9.71e-03	1.80e-04
 7.95588e+22	3.57e-14	4.37e-09	1.44e-05	2.29e-03	7.22e-02	3.41e-01	2.85e-01	1.54e-01	1.36e-01	8.80e-03	1.57e-04
 8.05471e+22	4.41e-14	5.33e-09	1.71e-05	2.61e-03	7.86e-02	3.55e-01	2.83e-01	1.49e-01	1.25e-01	7.70e-03	1.30e-04
 8.15507e+22	5.25e-14	6.25e-09	1.96e-05	2.90e-03	8.39e-02	3.65e-01	2.80e-01	1.44e-01	1.17e-01	6.93e-03	1.13e-04
 8.25741e+22	6.60e-14	7.70e-09	2.35e-05	3.31e-03	9.13e-02	3.78e-01	2.76e-01	1.38e-01	1.07e-01	6.02e-03	9.29e-05
 8.36126e+22	7.94e-14	9.08e-09	2.69e-05	3.67e-03	9.74e-02	3.88e-01	2.73e-01	1.33e-01	9.97e-02	5.39e-03	7.99e-05
 8.46708e+22	1.01e-13	1.13e-08	3.23e-05	4.20e-03	1.06e-01	4.01e-01	2.68e-01	1.26e-01	9.06e-02	4.64e-03	6.52e-05
 8.57492e+22	1.24e-13	1.34e-08	3.72e-05	4.66e-03	1.13e-01	4.10e-01	2.64e-01	1.21e-01	8.40e-02	4.13e-03	5.57e-05
 8.68538e+22	1.61e-13	1.68e-08	4.49e-05	5.34e-03	1.22e-01	4.22e-01	2.57e-01	1.14e-01	7.57e-02	3.52e-03	4.49e-05
 8.79823e+22	1.99e-13	2.01e-08	5.20e-05	5.93e-03	1.30e-01	4.31e-01	2.52e-01	1.09e-01	6.96e-02	3.10e-03	3.79e-05
 8.91419e+22	2.62e-13	2.55e-08	6.29e-05	6.80e-03	1.41e-01	4.41e-01	2.44e-01	1.02e-01	6.22e-02	2.61e-03	3.02e-05
 9.03315e+22	3.29e-13	3.08e-08	7.32e-05	7.57e-03	1.50e-01	4.49e-01	2.38e-01	9.64e-02	5.68e-02	2.28e-03	2.51e-05
 9.15601e+22	4.42e-13	3.95e-08	8.91e-05	8.70e-03	1.62e-01	4.58e-01	2.29e-01	8.95e-02	5.02e-02	1.90e-03	1.97e-05
 9.28005e+22	5.56e-13	4.77e-08	1.03e-04	9.65e-03	1.71e-01	4.65e-01	2.23e-01	8.43e-02	4.56e-02	1.65e-03	1.64e-05
 9.40563e+22	7.55e-13	6.14e-08	1.26e-04	1.11e-02	1.85e-01	4.72e-01	2.13e-01	7.77e-02	4.01e-02	1.36e-03	1.27e-05
 9.53259e+22	9.52e-13	7.43e-08	1.46e-04	1.22e-02	1.95e-01	4.77e-01	2.06e-01	7.28e-02	3.62e-02	1.17e-03	1.05e-05
 9.66136e+22	1.30e-12	9.57e-08	1.78e-04	1.40e-02	2.09e-01	4.81e-01	1.96e-01	6.67e-02	3.16e-02	9.61e-04	8.06e-06
 9.78712e+22	1.62e-12	1.15e-07	2.04e-04	1.53e-02	2.20e-01	4.84e-01	1.89e-01	6.25e-02	2.86e-02	8.33e-04	6.69e-06
 9.90897e+22	2.15e-12	1.44e-07	2.43e-04	1.73e-02	2.34e-01	4.86e-01	1.79e-01	5.74e-02	2.51e-02	6.91e-04	5.24e-06
 1.00366e+23	2.75e-12	1.76e-07	2.83e-04	1.91e-02	2.46e-01	4.87e-01	1.71e-01	5.32e-02	2.24e-02	5.87e-04	4.24e-06
 1.01443e+23	3.38e-12	2.07e-07	3.21e-04	2.07e-02	2.56e-01	4.88e-01	1.65e-01	4.99e-02	2.04e-02	5.11e-04	3.54e-06
 1.02571e+23	4.35e-12	2.54e-07	3.74e-04	2.29e-02	2.69e-01	4.87e-01	1.57e-01	4.59e-02	1.81e-02	4.30e-04	2.83e-06
 1.03735e+23	5.42e-12	3.02e-07	4.27e-04	2.50e-02	2.80e-01	4.86e-01	1.50e-01	4.27e-02	1.62e-02	3.70e-04	2.33e-06
 1.04779e+23	6.68e-12	3.57e-07	4.84e-04	2.71e-02	2.91e-01	4.84e-01	1.43e-01	3.98e-02	1.46e-02	3.20e-04	1.93e-06
 1.05971e+23	8.67e-12	4.40e-07	5.65e-04	3.00e-02	3.04e-01	4.81e-01	1.35e-01	3.64e-02	1.29e-02	2.66e-04	1.52e-06
 1.07208e+23	1.10e-11	5.31e-07	6.50e-04	3.28e-02	3.17e-01	4.77e-01	1.28e-01	3.35e-02	1.14e-02	2.25e-04	1.22e-06
 1.08310e+23	1.36e-11	6.28e-07	7.37e-04	3.55e-02	3.28e-01	4.73e-01	1.22e-01	3.10e-02	1.02e-02	1.93e-04	1.01e-06
 1.09550e+23	1.77e-11	7.74e-07	8.60e-04	3.91e-02	3.42e-01	4.67e-01	1.14e-01	2.81e-02	8.89e-03	1.59e-04	7.84e-07
 1.10850e+23	2.27e-11	9.40e-07	9.92e-04	4.27e-02	3.55e-01	4.61e-01	1.07e-01	2.57e-02	7.80e-03	1.32e-04	6.21e-07
 1.12025e+23	2.83e-11	1.12e-06	1.13e-03	4.63e-02	3.67e-01	4.54e-01	1.01e-01	2.36e-02	6.93e-03	1.12e-04	5.02e-07
 1.13351e+23	3.73e-11	1.39e-06	1.32e-03	5.10e-02	3.81e-01	4.46e-01	9.36e-02	2.12e-02	5.95e-03	9.07e-05	3.84e-07
 1.14721e+23	4.77e-11	1.69e-06	1.52e-03	5.56e-02	3.94e-01	4.37e-01	8.73e-02	1.92e-02	5.18e-03	7.49e-05	3.01e-07
 1.15941e+23	5.99e-11	2.02e-06	1.73e-03	6.02e-02	4.05e-01	4.29e-01	8.17e-02	1.75e-02	4.56e-03	6.27e-05	2.40e-07
 1.17322e+23	7.96e-11	2.52e-06	2.04e-03	6.62e-02	4.19e-01	4.18e-01	7.51e-02	1.56e-02	3.87e-03	5.01e-05	1.80e-07
 1.18756e+23	1.03e-10	3.07e-06	2.35e-03	7.21e-02	4.32e-01	4.07e-01	6.94e-02	1.40e-02	3.34e-03	4.09e-05	1.39e-07
 1.20044e+23	1.30e-10	3.68e-06	2.68e-03	7.79e-02	4.43e-01	3.97e-01	6.45e-02	1.27e-02	2.90e-03	3.38e-05	0.00e+00
 1.21503e+23	1.75e-10	4.63e-06	3.16e-03	8.57e-02	4.56e-01	3.83e-01	5.85e-02	1.11e-02	2.42e-03	2.64e-05	0.00e+00
 1.23012e+23	2.25e-10	5.64e-06	3.64e-03	9.30e-02	4.67e-01	3.71e-01	5.37e-02	9.94e-03	2.07e-03	2.13e-05	0.00e+00
 1.24375e+23	2.88e-10	6.81e-06	4.16e-03	1.00e-01	4.77e-01	3.59e-01	4.93e-02	8.90e-03	1.78e-03	1.73e-05	0.00e+00
 1.25938e+23	3.94e-10	8.68e-06	4.94e-03	1.11e-01	4.89e-01	3.43e-01	4.41e-02	7.70e-03	1.46e-03	1.32e-05	0.00e+00
 1.27514e+23	5.08e-10	1.06e-05	5.67e-03	1.19e-01	4.98e-01	3.29e-01	4.01e-02	6.83e-03	1.23e-03	1.05e-05	0.00e+00
 1.29108e+23	6.88e-10	1.33e-05	6.68e-03	1.31e-01	5.07e-01	3.13e-01	3.58e-02	5.90e-03	1.01e-03	8.05e-06	0.00e+00
 1.30739e+23	8.98e-10	1.63e-05	7.70e-03	1.41e-01	5.14e-01	2.99e-01	3.22e-02	5.18e-03	8.44e-04	6.32e-06	0.00e+00
 1.32171e+23	1.15e-09	1.97e-05	8.77e-03	1.51e-01	5.20e-01	2.85e-01	2.92e-02	4.59e-03	7.14e-04	5.04e-06	0.00e+00
 1.33790e+23	1.57e-09	2.50e-05	1.03e-02	1.65e-01	5.26e-01	2.68e-01	2.56e-02	3.91e-03	5.74e-04	3.76e-06	0.00e+00
 1.35450e+23	2.04e-09	3.04e-05	1.19e-02	1.77e-01	5.30e-01	2.54e-01	2.29e-02	3.42e-03	4.77e-04	2.93e-06	0.00e+00
 1.37163e+23	2.80e-09	3.87e-05	1.40e-02	1.93e-01	5.33e-01	2.37e-01	1.99e-02	2.89e-03	3.78e-04	2.16e-06	0.00e+00
 1.38904e+23	3.64e-09	4.72e-05	1.60e-02	2.06e-01	5.35e-01	2.23e-01	1.77e-02	2.50e-03	3.11e-04	1.66e-06	0.00e+00
 1.40445e+23	4.70e-09	5.72e-05	1.83e-02	2.20e-01	5.35e-01	2.09e-01	1.57e-02	2.17e-03	2.56e-04	1.28e-06	0.00e+00
 1.42215e+23	6.53e-09	7.32e-05	2.16e-02	2.38e-01	5.33e-01	1.92e-01	1.34e-02	1.81e-03	1.99e-04	9.17e-07	0.00e+00
 1.44009e+23	8.46e-09	8.89e-05	2.46e-02	2.53e-01	5.30e-01	1.79e-01	1.18e-02	1.55e-03	1.62e-04	6.99e-07	0.00e+00
 1.45573e+23	1.08e-08	1.07e-04	2.79e-02	2.68e-01	5.26e-01	1.67e-01	1.04e-02	1.34e-03	1.33e-04	5.37e-07	0.00e+00
 1.47073e+23	1.37e-08	1.27e-04	3.13e-02	2.82e-01	5.21e-01	1.56e-01	9.21e-03	1.17e-03	1.10e-04	4.17e-07	0.00e+00
 1.48504e+23	1.71e-08	1.50e-04	3.49e-02	2.95e-01	5.15e-01	1.46e-01	8.18e-03	1.02e-03	9.12e-05	3.27e-07	0.00e+00
 1.50118e+23	2.26e-08	1.85e-04	4.00e-02	3.13e-01	5.06e-01	1.33e-01	7.02e-03	8.54e-04	7.18e-05	2.39e-07	0.00e+00
 1.51726e+23	2.82e-08	2.17e-04	4.45e-02	3.27e-01	4.98e-01	1.23e-01	6.20e-03	7.41e-04	5.93e-05	1.86e-07	0.00e+00
 1.53326e+23	3.70e-08	2.65e-04	5.08e-02	3.44e-01	4.86e-01	1.12e-01	5.30e-03	6.20e-04	4.65e-05	1.35e-07	0.00e+00
 1.54957e+23	4.62e-08	3.13e-04	5.65e-02	3.59e-01	4.76e-01	1.03e-01	4.64e-03	5.33e-04	3.79e-05	0.00e+00	0.00e+00
 1.56628e+23	6.10e-08	3.83e-04	6.44e-02	3.76e-01	4.62e-01	9.30e-02	3.92e-03	4.40e-04	2.93e-05	0.00e+00	0.00e+00
 1.58312e+23	7.63e-08	4.51e-04	7.14e-02	3.90e-01	4.49e-01	8.50e-02	3.41e-03	3.76e-04	2.37e-05	0.00e+00	0.00e+00
 1.60014e+23	1.00e-07	5.51e-04	8.11e-02	4.07e-01	4.32e-01	7.58e-02	2.85e-03	3.08e-04	1.81e-05	0.00e+00	0.00e+00
 1.61737e+23	1.26e-07	6.48e-04	8.98e-02	4.20e-01	4.18e-01	6.88e-02	2.46e-03	2.61e-04	1.45e-05	0.00e+00	0.00e+00
 1.63118e+23	1.51e-07	7.38e-04	9.74e-02	4.31e-01	4.05e-01	6.34e-02	2.17e-03	2.27e-04	1.21e-05	0.00e+00	0.00e+00
 1.64545e+23	1.87e-07	8.64e-04	1.07e-01	4.43e-01	3.90e-01	5.72e-02	1.87e-03	1.91e-04	9.61e-06	0.00e+00	0.00e+00
 1.66005e+23	2.25e-07	9.87e-04	1.17e-01	4.52e-01	3.76e-01	5.23e-02	1.64e-03	1.65e-04	7.90e-06	0.00e+00	0.00e+00
 1.67306e+23	2.69e-07	1.12e-03	1.26e-01	4.61e-01	3.63e-01	4.79e-02	1.44e-03	1.42e-04	6.52e-06	0.00e+00	0.00e+00
 1.68794e+23	3.35e-07	1.31e-03	1.39e-01	4.71e-01	3.45e-01	4.27e-02	1.22e-03	1.18e-04	5.11e-06	0.00e+00	0.00e+00
 1.70299e+23	4.02e-07	1.49e-03	1.50e-01	4.78e-01	3.31e-01	3.87e-02	1.06e-03	1.01e-04	4.16e-06	0.00e+00	0.00e+00
 1.71620e+23	4.79e-07	1.69e-03	1.61e-01	4.84e-01	3.16e-01	3.51e-02	9.27e-04	8.66e-05	3.40e-06	0.00e+00	0.00e+00
 1.73129e+23	5.94e-07	1.97e-03	1.76e-01	4.91e-01	2.99e-01	3.10e-02	7.81e-04	7.12e-05	2.64e-06	0.00e+00	0.00e+00
 1.74664e+23	7.11e-07	2.23e-03	1.90e-01	4.96e-01	2.84e-01	2.78e-02	6.74e-04	6.02e-05	2.12e-06	0.00e+00	0.00e+00
 1.76025e+23	8.45e-07	2.52e-03	2.04e-01	4.99e-01	2.69e-01	2.50e-02	5.82e-04	5.10e-05	1.71e-06	0.00e+00	0.00e+00
 1.77588e+23	1.05e-06	2.93e-03	2.22e-01	5.02e-01	2.51e-01	2.18e-02	4.85e-04	4.13e-05	1.31e-06	0.00e+00	0.00e+00
 1.79165e+23	1.25e-06	3.31e-03	2.38e-01	5.03e-01	2.36e-01	1.94e-02	4.14e-04	3.45e-05	1.04e-06	0.00e+00	0.00e+00
 1.80552e+23	1.48e-06	3.72e-03	2.54e-01	5.03e-01	2.22e-01	1.72e-02	3.55e-04	2.89e-05	8.30e-07	0.00e+00	0.00e+00
 1.82144e+23	1.82e-06	4.29e-03	2.74e-01	5.01e-01	2.05e-01	1.48e-02	2.92e-04	2.31e-05	6.25e-07	0.00e+00	0.00e+00
 1.83764e+23	2.17e-06	4.84e-03	2.93e-01	4.98e-01	1.91e-01	1.30e-02	2.47e-04	1.90e-05	4.90e-07	0.00e+00	0.00e+00
 1.85421e+23	2.68e-06	5.58e-03	3.16e-01	4.93e-01	1.74e-01	1.11e-02	2.01e-04	1.49e-05	3.62e-07	0.00e+00	0.00e+00
 1.87097e+23	3.20e-06	6.29e-03	3.36e-01	4.87e-01	1.61e-01	9.62e-03	1.68e-04	1.22e-05	2.80e-07	0.00e+00	0.00e+00
 1.88797e+23	3.94e-06	7.23e-03	3.61e-01	4.78e-01	1.45e-01	8.08e-03	1.35e-04	9.41e-06	2.04e-07	0.00e+00	0.00e+00
 1.90528e+23	4.70e-06	8.13e-03	3.82e-01	4.69e-01	1.33e-01	6.94e-03	1.12e-04	7.55e-06	1.55e-07	0.00e+00	0.00e+00
 1.92299e+23	5.80e-06	9.34e-03	4.09e-01	4.57e-01	1.19e-01	5.73e-03	8.85e-05	5.73e-06	0.00e+00	0.00e+00	0.00e+00
 1.94104e+23	6.91e-06	1.05e-02	4.32e-01	4.45e-01	1.07e-01	4.86e-03	7.23e-05	4.51e-06	0.00e+00	0.00e+00	0.00e+00
 1.95708e+23	8.18e-06	1.17e-02	4.55e-01	4.32e-01	9.68e-02	4.12e-03	5.93e-05	3.57e-06	0.00e+00	0.00e+00	0.00e+00
 1.97550e+23	1.01e-05	1.34e-02	4.83e-01	4.15e-01	8.48e-02	3.34e-03	4.61e-05	2.64e-06	0.00e+00	0.00e+00	0.00e+00
 1.99169e+23	1.15e-05	1.45e-02	5.01e-01	4.04e-01	7.78e-02	2.91e-03	3.91e-05	2.18e-06	0.00e+00	0.00e+00	0.00e+00
 2.00498e+23	1.32e-05	1.59e-02	5.20e-01	3.91e-01	7.05e-02	2.50e-03	3.26e-05	1.75e-06	0.00e+00	0.00e+00	0.00e+00
 2.01884e+23	1.50e-05	1.73e-02	5.38e-01	3.78e-01	6.43e-02	2.17e-03	2.76e-05	1.44e-06	0.00e+00	0.00e+00	0.00e+00
 2.03149e+23	1.68e-05	1.86e-02	5.54e-01	3.66e-01	5.88e-02	1.89e-03	2.35e-05	1.19e-06	0.00e+00	0.00e+00	0.00e+00
 2.04595e+23	1.95e-05	2.04e-02	5.75e-01	3.51e-01	5.23e-02	1.59e-03	1.92e-05	9.28e-07	0.00e+00	0.00e+00	0.00e+00
 2.06067e+23	2.22e-05	2.21e-02	5.92e-01	3.37e-01	4.72e-02	1.36e-03	1.61e-05	7.49e-07	0.00e+00	0.00e+00	0.00e+00
 2.07573e+23	2.58e-05	2.43e-02	6.13e-01	3.20e-01	4.16e-02	1.13e-03	1.29e-05	5.74e-07	0.00e+00	0.00e+00	0.00e+00
 2.09089e+23	2.94e-05	2.63e-02	6.30e-01	3.06e-01	3.72e-02	9.58e-04	1.07e-05	4.58e-07	0.00e+00	0.00e+00	0.00e+00
 2.10619e+23	3.41e-05	2.88e-02	6.49e-01	2.89e-01	3.24e-02	7.86e-04	8.50e-06	3.47e-07	0.00e+00	0.00e+00	0.00e+00
 2.12174e+23	3.88e-05	3.11e-02	6.65e-01	2.74e-01	2.88e-02	6.62e-04	6.99e-06	2.74e-07	0.00e+00	0.00e+00	0.00e+00
 2.13762e+23	4.51e-05	3.41e-02	6.84e-01	2.57e-01	2.48e-02	5.37e-04	5.49e-06	2.04e-07	0.00e+00	0.00e+00	0.00e+00
 2.15378e+23	5.14e-05	3.69e-02	6.99e-01	2.42e-01	2.18e-02	4.47e-04	4.46e-06	1.59e-07	0.00e+00	0.00e+00	0.00e+00
 2.17032e+23	6.00e-05	4.04e-02	7.16e-01	2.25e-01	1.86e-02	3.57e-04	3.45e-06	0.00e+00	0.00e+00	0.00e+00	0.00e+00
 2.18718e+23	6.85e-05	4.37e-02	7.29e-01	2.10e-01	1.61e-02	2.94e-04	2.76e-06	0.00e+00	0.00e+00	0.00e+00	0.00e+00
 2.20443e+23	8.08e-05	4.81e-02	7.45e-01	1.93e-01	1.35e-02	2.29e-04	2.08e-06	0.00e+00	0.00e+00	0.00e+00	0.00e+00
 2.22171e+23	9.17e-05	5.19e-02	7.57e-01	1.80e-01	1.17e-02	1.88e-04	1.67e-06	0.00e+00	0.00e+00	0.00e+00	0.00e+00
 2.23899e+23	1.07e-04	5.68e-02	7.70e-01	1.64e-01	9.68e-03	1.47e-04	1.26e-06	0.00e+00	0.00e+00	0.00e+00	0.00e+00
 2.25660e+23	1.22e-04	6.12e-02	7.79e-01	1.51e-01	8.29e-03	1.19e-04	9.91e-07	0.00e+00	0.00e+00	0.00e+00	0.00e+00
 2.27461e+23	1.44e-04	6.71e-02	7.90e-01	1.36e-01	6.77e-03	9.14e-05	7.33e-07	0.00e+00	0.00e+00	0.00e+00	0.00e+00
 2.29273e+23	1.65e-04	7.24e-02	7.97e-01	1.25e-01	5.73e-03	7.34e-05	5.71e-07	0.00e+00	0.00e+00	0.00e+00	0.00e+00
 2.31101e+23	1.95e-04	7.94e-02	8.04e-01	1.11e-01	4.62e-03	5.56e-05	4.16e-07	0.00e+00	0.00e+00	0.00e+00	0.00e+00
 2.32936e+23	2.23e-04	8.56e-02	8.09e-01	1.01e-01	3.88e-03	4.44e-05	3.21e-07	0.00e+00	0.00e+00	0.00e+00	0.00e+00
 2.34780e+23	2.65e-04	9.38e-02	8.14e-01	8.93e-02	3.08e-03	3.31e-05	2.30e-07	0.00e+00	0.00e+00	0.00e+00	0.00e+00
 2.36627e+23	3.06e-04	1.01e-01	8.15e-01	8.04e-02	2.56e-03	2.62e-05	1.76e-07	0.00e+00	0.00e+00	0.00e+00	0.00e+00
 2.38479e+23	3.64e-04	1.11e-01	8.17e-01	7.01e-02	2.01e-03	1.94e-05	1.24e-07	0.00e+00	0.00e+00	0.00e+00	0.00e+00
 2.40333e+23	4.21e-04	1.20e-01	8.16e-01	6.24e-02	1.64e-03	1.51e-05	0.00e+00	0.00e+00	0.00e+00	0.00e+00	0.00e+00
 2.42189e+23	5.03e-04	1.31e-01	8.14e-01	5.37e-02	1.27e-03	1.10e-05	0.00e+00	0.00e+00	0.00e+00	0.00e+00	0.00e+00
 2.44049e+23	5.84e-04	1.41e-01	8.10e-01	4.73e-02	1.03e-03	8.52e-06	0.00e+00	0.00e+00	0.00e+00	0.00e+00	0.00e+00
 2.45913e+23	7.06e-04	1.55e-01	8.04e-01	3.99e-02	7.79e-04	6.05e-06	0.00e+00	0.00e+00	0.00e+00	0.00e+00	0.00e+00
 2.47777e+23	8.22e-04	1.67e-01	7.97e-01	3.46e-02	6.22e-04	4.60e-06	0.00e+00	0.00e+00	0.00e+00	0.00e+00	0.00e+00
 2.49642e+23	9.93e-04	1.82e-01	7.87e-01	2.87e-02	4.64e-04	3.22e-06	0.00e+00	0.00e+00	0.00e+00	0.00e+00	0.00e+00
 2.51532e+23	1.17e-03	1.97e-01	7.77e-01	2.43e-02	3.60e-04	2.36e-06	0.00e+00	0.00e+00	0.00e+00	0.00e+00	0.00e+00
 2.53206e+23	1.38e-03	2.12e-01	7.66e-01	2.04e-02	2.78e-04	1.72e-06	0.00e+00	0.00e+00	0.00e+00	0.00e+00	0.00e+00
 2.55131e+23	1.68e-03	2.32e-01	7.50e-01	1.62e-02	1.99e-04	1.13e-06	0.00e+00	0.00e+00	0.00e+00	0.00e+00	0.00e+00
 2.57056e+23	2.01e-03	2.50e-01	7.35e-01	1.31e-02	1.49e-04	7.82e-07	0.00e+00	0.00e+00	0.00e+00	0.00e+00	0.00e+00
 2.58501e+23	2.28e-03	2.63e-01	7.23e-01	1.11e-02	1.19e-04	5.87e-07	0.00e+00	0.00e+00	0.00e+00	0.00e+00	0.00e+00
 2.59899e+23	2.65e-03	2.80e-01	7.08e-01	9.06e-03	9.09e-05	4.09e-07	0.00e+00	0.00e+00	0.00e+00	0.00e+00	0.00e+00
 2.61391e+23	3.07e-03	2.96e-01	6.94e-01	7.33e-03	6.95e-05	2.84e-07	0.00e+00	0.00e+00	0.00e+00	0.00e+00	0.00e+00
 2.62772e+23	3.54e-03	3.12e-01	6.78e-01	5.88e-03	5.32e-05	1.94e-07	0.00e+00	0.00e+00	0.00e+00	0.00e+00	0.00e+00
 2.64102e+23	4.07e-03	3.28e-01	6.64e-01	4.67e-03	4.06e-05	1.31e-07	0.00e+00	0.00e+00	0.00e+00	0.00e+00	0.00e+00
 2.65363e+23	4.67e-03	3.43e-01	6.49e-01	3.68e-03	3.10e-05	0.00e+00	0.00e+00	0.00e+00	0.00e+00	0.00e+00	0.00e+00
 2.66532e+23	5.30e-03	3.56e-01	6.35e-01	2.90e-03	2.38e-05	0.00e+00	0.00e+00	0.00e+00	0.00e+00	0.00e+00	0.00e+00
 2.67613e+23	6.01e-03	3.69e-01	6.22e-01	2.27e-03	1.83e-05	0.00e+00	0.00e+00	0.00e+00	0.00e+00	0.00e+00	0.00e+00
 2.68610e+23	6.73e-03	3.80e-01	6.11e-01	1.78e-03	1.43e-05	0.00e+00	0.00e+00	0.00e+00	0.00e+00	0.00e+00	0.00e+00
 2.69530e+23	7.54e-03	3.91e-01	6.00e-01	1.39e-03	1.11e-05	0.00e+00	0.00e+00	0.00e+00	0.00e+00	0.00e+00	0.00e+00
 2.70362e+23	8.37e-03	3.99e-01	5.91e-01	1.09e-03	8.77e-06	0.00e+00	0.00e+00	0.00e+00	0.00e+00	0.00e+00	0.00e+00
 2.71093e+23	9.19e-03	4.06e-01	5.84e-01	8.70e-04	7.04e-06	0.00e+00	0.00e+00	0.00e+00	0.00e+00	0.00e+00	0.00e+00
 2.71749e+23	1.01e-02	4.12e-01	5.77e-01	7.01e-04	5.72e-06	0.00e+00	0.00e+00	0.00e+00	0.00e+00	0.00e+00	0.00e+00
 2.72346e+23	1.10e-02	4.17e-01	5.72e-01	5.70e-04	4.70e-06	0.00e+00	0.00e+00	0.00e+00	0.00e+00	0.00e+00	0.00e+00
 2.72886e+23	1.18e-02	4.19e-01	5.69e-01	4.73e-04	3.95e-06	0.00e+00	0.00e+00	0.00e+00	0.00e+00	0.00e+00	0.00e+00
 2.73389e+23	1.27e-02	4.22e-01	5.65e-01	3.95e-04	3.33e-06	0.00e+00	0.00e+00	0.00e+00	0.00e+00	0.00e+00	0.00e+00
 2.73868e+23	1.36e-02	4.23e-01	5.63e-01	3.32e-04	2.84e-06	0.00e+00	0.00e+00	0.00e+00	0.00e+00	0.00e+00	0.00e+00
 2.74307e+23	1.45e-02	4.24e-01	5.62e-01	2.84e-04	2.46e-06	0.00e+00	0.00e+00	0.00e+00	0.00e+00	0.00e+00	0.00e+00
 2.74698e+23	1.53e-02	4.23e-01	5.61e-01	2.48e-04	2.17e-06	0.00e+00	0.00e+00	0.00e+00	0.00e+00	0.00e+00	0.00e+00
 2.75035e+23	1.60e-02	4.22e-01	5.61e-01	2.21e-04	1.96e-06	0.00e+00	0.00e+00	0.00e+00	0.00e+00	0.00e+00	0.00e+00
 2.75283e+23	1.65e-02	4.21e-01	5.62e-01	2.05e-04	1.83e-06	0.00e+00	0.00e+00	0.00e+00	0.00e+00	0.00e+00	0.00e+00
 2.75457e+23	1.68e-02	4.20e-01	5.63e-01	1.94e-04	1.75e-06	0.00e+00	0.00e+00	0.00e+00	0.00e+00	0.00e+00	0.00e+00
 2.75634e+23	1.73e-02	4.20e-01	5.63e-01	1.83e-04	1.66e-06	0.00e+00	0.00e+00	0.00e+00	0.00e+00	0.00e+00	0.00e+00
 2.75846e+23	1.78e-02	4.19e-01	5.63e-01	1.72e-04	1.57e-06	0.00e+00	0.00e+00	0.00e+00	0.00e+00	0.00e+00	0.00e+00
 2.76080e+23	1.84e-02	4.19e-01	5.63e-01	1.60e-04	1.47e-06	0.00e+00	0.00e+00	0.00e+00	0.00e+00	0.00e+00	0.00e+00
 2.76316e+23	1.90e-02	4.18e-01	5.63e-01	1.50e-04	1.39e-06	0.00e+00	0.00e+00	0.00e+00	0.00e+00	0.00e+00	0.00e+00
 2.76544e+23	1.95e-02	4.16e-01	5.64e-01	1.41e-04	1.33e-06	0.00e+00	0.00e+00	0.00e+00	0.00e+00	0.00e+00	0.00e+00
 2.76759e+23	2.00e-02	4.15e-01	5.65e-01	1.34e-04	1.27e-06	0.00e+00	0.00e+00	0.00e+00	0.00e+00	0.00e+00	0.00e+00
 2.76929e+23	2.03e-02	4.14e-01	5.66e-01	1.29e-04	1.23e-06	0.00e+00	0.00e+00	0.00e+00	0.00e+00	0.00e+00	0.00e+00
 2.77048e+23	2.06e-02	4.13e-01	5.66e-01	1.26e-04	1.20e-06	0.00e+00	0.00e+00	0.00e+00	0.00e+00	0.00e+00	0.00e+00
 2.77167e+23	2.10e-02	4.14e-01	5.65e-01	1.22e-04	1.17e-06	0.00e+00	0.00e+00	0.00e+00	0.00e+00	0.00e+00	0.00e+00
 2.77306e+23	2.13e-02	4.13e-01	5.65e-01	1.19e-04	1.15e-06	0.00e+00	0.00e+00	0.00e+00	0.00e+00	0.00e+00	0.00e+00
 2.77459e+23	2.18e-02	4.13e-01	5.65e-01	1.15e-04	1.11e-06	0.00e+00	0.00e+00	0.00e+00	0.00e+00	0.00e+00	0.00e+00
 2.77611e+23	2.22e-02	4.13e-01	5.65e-01	1.11e-04	1.09e-06	0.00e+00	0.00e+00	0.00e+00	0.00e+00	0.00e+00	0.00e+00
 2.77756e+23	2.27e-02	4.13e-01	5.64e-01	1.08e-04	1.06e-06	0.00e+00	0.00e+00	0.00e+00	0.00e+00	0.00e+00	0.00e+00
 2.77903e+23	2.31e-02	4.13e-01	5.64e-01	1.05e-04	1.04e-06	0.00e+00	0.00e+00	0.00e+00	0.00e+00	0.00e+00	0.00e+00
 2.78058e+23	2.36e-02	4.13e-01	5.63e-01	1.02e-04	1.01e-06	0.00e+00	0.00e+00	0.00e+00	0.00e+00	0.00e+00	0.00e+00
 2.78220e+23	2.42e-02	4.14e-01	5.62e-01	9.87e-05	9.88e-07	0.00e+00	0.00e+00	0.00e+00	0.00e+00	0.00e+00	0.00e+00
 2.78384e+23	2.47e-02	4.14e-01	5.61e-01	9.59e-05	9.66e-07	0.00e+00	0.00e+00	0.00e+00	0.00e+00	0.00e+00	0.00e+00
 2.78548e+23	2.53e-02	4.15e-01	5.60e-01	9.31e-05	9.45e-07	0.00e+00	0.00e+00	0.00e+00	0.00e+00	0.00e+00	0.00e+00
 2.78718e+23	2.59e-02	4.15e-01	5.59e-01	9.04e-05	9.23e-07	0.00e+00	0.00e+00	0.00e+00	0.00e+00	0.00e+00	0.00e+00
 2.78895e+23	2.66e-02	4.16e-01	5.57e-01	8.77e-05	9.03e-07	0.00e+00	0.00e+00	0.00e+00	0.00e+00	0.00e+00	0.00e+00
 2.79076e+23	2.73e-02	4.17e-01	5.55e-01	8.52e-05	8.82e-07	0.00e+00	0.00e+00	0.00e+00	0.00e+00	0.00e+00	0.00e+00
 2.79261e+23	2.81e-02	4.19e-01	5.53e-01	8.27e-05	8.63e-07	0.00e+00	0.00e+00	0.00e+00	0.00e+00	0.00e+00	0.00e+00
 2.79451e+23	2.89e-02	4.20e-01	5.51e-01	8.03e-05	8.44e-07	0.00e+00	0.00e+00	0.00e+00	0.00e+00	0.00e+00	0.00e+00
 2.79647e+23	2.97e-02	4.21e-01	5.49e-01	7.79e-05	8.25e-07	0.00e+00	0.00e+00	0.00e+00	0.00e+00	0.00e+00	0.00e+00
 2.79849e+23	3.06e-02	4.23e-01	5.46e-01	7.55e-05	8.07e-07	0.00e+00	0.00e+00	0.00e+00	0.00e+00	0.00e+00	0.00e+00
 2.80058e+23	3.15e-02	4.25e-01	5.43e-01	7.32e-05	7.89e-07	0.00e+00	0.00e+00	0.00e+00	0.00e+00	0.00e+00	0.00e+00
 2.80273e+23	3.25e-02	4.27e-01	5.40e-01	7.10e-05	7.71e-07	0.00e+00	0.00e+00	0.00e+00	0.00e+00	0.00e+00	0.00e+00
 2.80494e+23	3.36e-02	4.29e-01	5.37e-01	6.88e-05	7.54e-07	0.00e+00	0.00e+00	0.00e+00	0.00e+00	0.00e+00	0.00e+00
 2.80722e+23	3.47e-02	4.32e-01	5.33e-01	6.67e-05	7.37e-07	0.00e+00	0.00e+00	0.00e+00	0.00e+00	0.00e+00	0.00e+00
 2.80959e+23	3.59e-02	4.34e-01	5.30e-01	6.46e-05	7.20e-07	0.00e+00	0.00e+00	0.00e+00	0.00e+00	0.00e+00	0.00e+00
 2.81205e+23	3.72e-02	4.37e-01	5.26e-01	6.25e-05	7.04e-07	0.00e+00	0.00e+00	0.00e+00	0.00e+00	0.00e+00	0.00e+00
 2.81459e+23	3.85e-02	4.40e-01	5.21e-01	6.05e-05	6.87e-07	0.00e+00	0.00e+00	0.00e+00	0.00e+00	0.00e+00	0.00e+00
 2.81723e+23	3.99e-02	4.43e-01	5.17e-01	5.85e-05	6.71e-07	0.00e+00	0.00e+00	0.00e+00	0.00e+00	0.00e+00	0.00e+00
 2.81995e+23	4.14e-02	4.46e-01	5.12e-01	5.65e-05	6.55e-07	0.00e+00	0.00e+00	0.00e+00	0.00e+00	0.00e+00	0.00e+00
 2.82272e+23	4.29e-02	4.50e-01	5.07e-01	5.46e-05	6.40e-07	0.00e+00	0.00e+00	0.00e+00	0.00e+00	0.00e+00	0.00e+00
 2.82555e+23	4.45e-02	4.53e-01	5.02e-01	5.28e-05	6.25e-07	0.00e+00	0.00e+00	0.00e+00	0.00e+00	0.00e+00	0.00e+00
 2.82846e+23	4.63e-02	4.57e-01	4.97e-01	5.10e-05	6.10e-07	0.00e+00	0.00e+00	0.00e+00	0.00e+00	0.00e+00	0.00e+00
 2.83153e+23	4.81e-02	4.61e-01	4.91e-01	4.92e-05	5.95e-07	0.00e+00	0.00e+00	0.00e+00	0.00e+00	0.00e+00	0.00e+00
 2.83472e+23	5.01e-02	4.65e-01	4.85e-01	4.75e-05	5.80e-07	0.00e+00	0.00e+00	0.00e+00	0.00e+00	0.00e+00	0.00e+00
 2.83795e+23	5.21e-02	4.69e-01	4.79e-01	4.58e-05	5.65e-07	0.00e+00	0.00e+00	0.00e+00	0.00e+00	0.00e+00	0.00e+00
 2.84127e+23	5.42e-02	4.73e-01	4.72e-01	4.42e-05	5.50e-07	0.00e+00	0.00e+00	0.00e+00	0.00e+00	0.00e+00	0.00e+00
 2.84478e+23	5.66e-02	4.78e-01	4.66e-01	4.25e-05	5.35e-07	0.00e+00	0.00e+00	0.00e+00	0.00e+00	0.00e+00	0.00e+00
 2.84848e+23	5.89e-02	4.82e-01	4.59e-01	4.09e-05	5.20e-07	0.00e+00	0.00e+00	0.00e+00	0.00e+00	0.00e+00	0.00e+00
 2.85231e+23	6.15e-02	4.87e-01	4.51e-01	3.92e-05	5.05e-07	0.00e+00	0.00e+00	0.00e+00	0.00e+00	0.00e+00	0.00e+00
 2.85629e+23	6.44e-02	4.92e-01	4.44e-01	3.76e-05	4.89e-07	0.00e+00	0.00e+00	0.00e+00	0.00e+00	0.00e+00	0.00e+00
 2.86053e+23	6.75e-02	4.97e-01	4.35e-01	3.60e-05	4.73e-07	0.00e+00	0.00e+00	0.00e+00	0.00e+00	0.00e+00	0.00e+00
 2.86500e+23	7.09e-02	5.02e-01	4.27e-01	3.44e-05	4.56e-07	0.00e+00	0.00e+00	0.00e+00	0.00e+00	0.00e+00	0.00e+00
 2.86967e+23	7.48e-02	5.08e-01	4.17e-01	3.27e-05	4.39e-07	0.00e+00	0.00e+00	0.00e+00	0.00e+00	0.00e+00	0.00e+00
 2.87428e+23	7.85e-02	5.13e-01	4.09e-01	3.13e-05	4.23e-07	0.00e+00	0.00e+00	0.00e+00	0.00e+00	0.00e+00	0.00e+00
 2.87870e+23	8.24e-02	5.18e-01	4.00e-01	2.99e-05	4.07e-07	0.00e+00	0.00e+00	0.00e+00	0.00e+00	0.00e+00	0.00e+00
 2.88301e+23	8.63e-02	5.22e-01	3.91e-01	2.86e-05	3.92e-07	0.00e+00	0.00e+00	0.00e+00	0.00e+00	0.00e+00	0.00e+00
 2.88720e+23	9.03e-02	5.27e-01	3.83e-01	2.74e-05	3.78e-07	0.00e+00	0.00e+00	0.00e+00	0.00e+00	0.00e+00	0.00e+00
 2.89130e+23	9.44e-02	5.31e-01	3.75e-01	2.61e-05	3.64e-07	0.00e+00	0.00e+00	0.00e+00	0.00e+00	0.00e+00	0.00e+00
 2.89525e+23	9.85e-02	5.35e-01	3.67e-01	2.47e-05	3.51e-07	0.00e+00	0.00e+00	0.00e+00	0.00e+00	0.00e+00	0.00e+00
 2.89902e+23	1.03e-01	5.38e-01	3.59e-01	2.35e-05	3.38e-07	0.00e+00	0.00e+00	0.00e+00	0.00e+00	0.00e+00	0.00e+00
 2.90255e+23	1.07e-01	5.41e-01	3.52e-01	2.24e-05	3.27e-07	0.00e+00	0.00e+00	0.00e+00	0.00e+00	0.00e+00	0.00e+00
 2.90597e+23	1.11e-01	5.44e-01	3.45e-01	2.13e-05	3.15e-07	0.00e+00	0.00e+00	0.00e+00	0.00e+00	0.00e+00	0.00e+00
 2.90941e+23	1.15e-01	5.47e-01	3.37e-01	2.03e-05	3.04e-07	0.00e+00	0.00e+00	0.00e+00	0.00e+00	0.00e+00	0.00e+00
 2.91273e+23	1.20e-01	5.50e-01	3.30e-01	1.94e-05	2.93e-07	0.00e+00	0.00e+00	0.00e+00	0.00e+00	0.00e+00	0.00e+00
 2.91594e+23	1.24e-01	5.53e-01	3.23e-01	1.85e-05	2.83e-07	0.00e+00	0.00e+00	0.00e+00	0.00e+00	0.00e+00	0.00e+00
 2.91903e+23	1.28e-01	5.55e-01	3.17e-01	1.77e-05	2.73e-07	0.00e+00	0.00e+00	0.00e+00	0.00e+00	0.00e+00	0.00e+00
 2.92202e+23	1.33e-01	5.57e-01	3.10e-01	1.69e-05	2.64e-07	0.00e+00	0.00e+00	0.00e+00	0.00e+00	0.00e+00	0.00e+00
 2.92491e+23	1.37e-01	5.59e-01	3.04e-01	1.62e-05	2.55e-07	0.00e+00	0.00e+00	0.00e+00	0.00e+00	0.00e+00	0.00e+00
 2.92770e+23	1.42e-01	5.61e-01	2.97e-01	1.55e-05	2.46e-07	0.00e+00	0.00e+00	0.00e+00	0.00e+00	0.00e+00	0.00e+00
 2.93039e+23	1.47e-01	5.62e-01	2.91e-01	1.49e-05	2.37e-07	0.00e+00	0.00e+00	0.00e+00	0.00e+00	0.00e+00	0.00e+00
 2.93299e+23	1.51e-01	5.64e-01	2.85e-01	1.43e-05	2.29e-07	0.00e+00	0.00e+00	0.00e+00	0.00e+00	0.00e+00	0.00e+00
 2.93549e+23	1.56e-01	5.65e-01	2.79e-01	1.37e-05	2.21e-07	0.00e+00	0.00e+00	0.00e+00	0.00e+00	0.00e+00	0.00e+00
 2.93787e+23	1.61e-01	5.66e-01	2.73e-01	1.32e-05	2.14e-07	0.00e+00	0.00e+00	0.00e+00	0.00e+00	0.00e+00	0.00e+00
 2.94020e+23	1.66e-01	5.67e-01	2.67e-01	1.27e-05	2.07e-07	0.00e+00	0.00e+00	0.00e+00	0.00e+00	0.00e+00	0.00e+00
 2.94247e+23	1.70e-01	5.68e-01	2.62e-01	1.23e-05	2.00e-07	0.00e+00	0.00e+00	0.00e+00	0.00e+00	0.00e+00	0.00e+00
 2.94454e+23	1.75e-01	5.69e-01	2.56e-01	1.18e-05	1.94e-07	0.00e+00	0.00e+00	0.00e+00	0.00e+00	0.00e+00	0.00e+00
 2.94642e+23	1.79e-01	5.69e-01	2.51e-01	1.15e-05	1.89e-07	0.00e+00	0.00e+00	0.00e+00	0.00e+00	0.00e+00	0.00e+00
 2.94813e+23	1.84e-01	5.70e-01	2.47e-01	1.11e-05	1.83e-07	0.00e+00	0.00e+00	0.00e+00	0.00e+00	0.00e+00	0.00e+00
 2.94969e+23	1.88e-01	5.70e-01	2.43e-01	1.08e-05	1.79e-07	0.00e+00	0.00e+00	0.00e+00	0.00e+00	0.00e+00	0.00e+00
 2.95111e+23	1.91e-01	5.70e-01	2.39e-01	1.05e-05	1.75e-07	0.00e+00	0.00e+00	0.00e+00	0.00e+00	0.00e+00	0.00e+00
 2.95240e+23	1.95e-01	5.70e-01	2.35e-01	1.03e-05	1.71e-07	0.00e+00	0.00e+00	0.00e+00	0.00e+00	0.00e+00	0.00e+00
 2.95357e+23	1.98e-01	5.70e-01	2.32e-01	1.00e-05	1.67e-07	0.00e+00	0.00e+00	0.00e+00	0.00e+00	0.00e+00	0.00e+00
 2.95486e+23	2.02e-01	5.70e-01	2.28e-01	9.77e-06	1.63e-07	0.00e+00	0.00e+00	0.00e+00	0.00e+00	0.00e+00	0.00e+00
 2.95625e+23	2.06e-01	5.70e-01	2.24e-01	9.53e-06	1.60e-07	0.00e+00	0.00e+00	0.00e+00	0.00e+00	0.00e+00	0.00e+00
 2.95751e+23	2.09e-01	5.70e-01	2.21e-01	9.31e-06	1.56e-07	0.00e+00	0.00e+00	0.00e+00	0.00e+00	0.00e+00	0.00e+00
 2.95889e+23	2.13e-01	5.70e-01	2.17e-01	9.05e-06	1.52e-07	0.00e+00	0.00e+00	0.00e+00	0.00e+00	0.00e+00	0.00e+00
 2.96039e+23	2.17e-01	5.69e-01	2.13e-01	8.80e-06	1.49e-07	0.00e+00	0.00e+00	0.00e+00	0.00e+00	0.00e+00	0.00e+00
 2.96175e+23	2.21e-01	5.69e-01	2.10e-01	8.58e-06	1.45e-07	0.00e+00	0.00e+00	0.00e+00	0.00e+00	0.00e+00	0.00e+00
 2.96299e+23	2.25e-01	5.69e-01	2.07e-01	8.39e-06	1.42e-07	0.00e+00	0.00e+00	0.00e+00	0.00e+00	0.00e+00	0.00e+00
 2.96435e+23	2.30e-01	5.68e-01	2.02e-01	8.13e-06	1.39e-07	0.00e+00	0.00e+00	0.00e+00	0.00e+00	0.00e+00	0.00e+00
 2.96581e+23	2.33e-01	5.68e-01	1.99e-01	7.92e-06	1.35e-07	0.00e+00	0.00e+00	0.00e+00	0.00e+00	0.00e+00	0.00e+00
 2.96714e+23	2.37e-01	5.67e-01	1.96e-01	7.73e-06	1.33e-07	0.00e+00	0.00e+00	0.00e+00	0.00e+00	0.00e+00	0.00e+00
 2.96860e+23	2.41e-01	5.66e-01	1.92e-01	7.51e-06	1.29e-07	0.00e+00	0.00e+00	0.00e+00	0.00e+00	0.00e+00	0.00e+00
 2.97018e+23	2.46e-01	5.66e-01	1.89e-01	7.30e-06	1.26e-07	0.00e+00	0.00e+00	0.00e+00	0.00e+00	0.00e+00	0.00e+00
 2.97162e+23	2.50e-01	5.65e-01	1.85e-01	7.10e-06	0.00e+00	0.00e+00	0.00e+00	0.00e+00	0.00e+00	0.00e+00	0.00e+00
 2.97292e+23	2.53e-01	5.64e-01	1.83e-01	6.96e-06	0.00e+00	0.00e+00	0.00e+00	0.00e+00	0.00e+00	0.00e+00	0.00e+00
 2.97435e+23	2.58e-01	5.63e-01	1.79e-01	6.74e-06	0.00e+00	0.00e+00	0.00e+00	0.00e+00	0.00e+00	0.00e+00	0.00e+00
 2.97590e+23	2.62e-01	5.62e-01	1.76e-01	6.55e-06	0.00e+00	0.00e+00	0.00e+00	0.00e+00	0.00e+00	0.00e+00	0.00e+00
 2.97730e+23	2.66e-01	5.61e-01	1.73e-01	6.39e-06	0.00e+00	0.00e+00	0.00e+00	0.00e+00	0.00e+00	0.00e+00	0.00e+00
 2.97884e+23	2.71e-01	5.60e-01	1.70e-01	6.19e-06	0.00e+00	0.00e+00	0.00e+00	0.00e+00	0.00e+00	0.00e+00	0.00e+00
 2.98051e+23	2.75e-01	5.58e-01	1.66e-01	6.01e-06	0.00e+00	0.00e+00	0.00e+00	0.00e+00	0.00e+00	0.00e+00	0.00e+00
 2.98202e+23	2.79e-01	5.57e-01	1.63e-01	5.85e-06	0.00e+00	0.00e+00	0.00e+00	0.00e+00	0.00e+00	0.00e+00	0.00e+00
 2.98368e+23	2.85e-01	5.55e-01	1.60e-01	5.65e-06	0.00e+00	0.00e+00	0.00e+00	0.00e+00	0.00e+00	0.00e+00	0.00e+00
 2.98547e+23	2.90e-01	5.54e-01	1.56e-01	5.46e-06	0.00e+00	0.00e+00	0.00e+00	0.00e+00	0.00e+00	0.00e+00	0.00e+00
 2.98710e+23	2.95e-01	5.52e-01	1.53e-01	5.30e-06	0.00e+00	0.00e+00	0.00e+00	0.00e+00	0.00e+00	0.00e+00	0.00e+00
 2.98858e+23	3.00e-01	5.50e-01	1.50e-01	5.15e-06	0.00e+00	0.00e+00	0.00e+00	0.00e+00	0.00e+00	0.00e+00	0.00e+00
 2.98993e+23	3.04e-01	5.49e-01	1.47e-01	5.01e-06	0.00e+00	0.00e+00	0.00e+00	0.00e+00	0.00e+00	0.00e+00	0.00e+00
 2.99116e+23	3.08e-01	5.47e-01	1.44e-01	4.89e-06	0.00e+00	0.00e+00	0.00e+00	0.00e+00	0.00e+00	0.00e+00	0.00e+00
 2.99250e+23	3.14e-01	5.45e-01	1.41e-01	4.74e-06	0.00e+00	0.00e+00	0.00e+00	0.00e+00	0.00e+00	0.00e+00	0.00e+00
 2.99395e+23	3.18e-01	5.43e-01	1.38e-01	4.61e-06	0.00e+00	0.00e+00	0.00e+00	0.00e+00	0.00e+00	0.00e+00	0.00e+00
 2.99528e+23	3.22e-01	5.42e-01	1.36e-01	4.49e-06	0.00e+00	0.00e+00	0.00e+00	0.00e+00	0.00e+00	0.00e+00	0.00e+00
 2.99672e+23	3.28e-01	5.39e-01	1.33e-01	4.35e-06	0.00e+00	0.00e+00	0.00e+00	0.00e+00	0.00e+00	0.00e+00	0.00e+00
 2.99829e+23	3.33e-01	5.37e-01	1.30e-01	4.22e-06	0.00e+00	0.00e+00	0.00e+00	0.00e+00	0.00e+00	0.00e+00	0.00e+00
 2.99971e+23	3.37e-01	5.35e-01	1.28e-01	4.11e-06	0.00e+00	0.00e+00	0.00e+00	0.00e+00	0.00e+00	0.00e+00	0.00e+00
 3.00100e+23	3.42e-01	5.33e-01	1.25e-01	4.00e-06	0.00e+00	0.00e+00	0.00e+00	0.00e+00	0.00e+00	0.00e+00	0.00e+00
 3.00218e+23	3.45e-01	5.31e-01	1.23e-01	3.92e-06	0.00e+00	0.00e+00	0.00e+00	0.00e+00	0.00e+00	0.00e+00	0.00e+00
 3.00347e+23	3.51e-01	5.29e-01	1.21e-01	3.80e-06	0.00e+00	0.00e+00	0.00e+00	0.00e+00	0.00e+00	0.00e+00	0.00e+00
 3.00515e+23	3.56e-01	5.26e-01	1.18e-01	3.67e-06	0.00e+00	0.00e+00	0.00e+00	0.00e+00	0.00e+00	0.00e+00	0.00e+00
 3.00696e+23	3.61e-01	5.24e-01	1.15e-01	3.56e-06	0.00e+00	0.00e+00	0.00e+00	0.00e+00	0.00e+00	0.00e+00	0.00e+00
 3.00861e+23	3.67e-01	5.21e-01	1.12e-01	3.44e-06	0.00e+00	0.00e+00	0.00e+00	0.00e+00	0.00e+00	0.00e+00	0.00e+00
 3.01011e+23	3.71e-01	5.18e-01	1.10e-01	3.35e-06	0.00e+00	0.00e+00	0.00e+00	0.00e+00	0.00e+00	0.00e+00	0.00e+00
 3.01148e+23	3.76e-01	5.16e-01	1.08e-01	3.26e-06	0.00e+00	0.00e+00	0.00e+00	0.00e+00	0.00e+00	0.00e+00	0.00e+00
 3.01297e+23	3.81e-01	5.13e-01	1.05e-01	3.15e-06	0.00e+00	0.00e+00	0.00e+00	0.00e+00	0.00e+00	0.00e+00	0.00e+00
 3.01459e+23	3.86e-01	5.11e-01	1.03e-01	3.07e-06	0.00e+00	0.00e+00	0.00e+00	0.00e+00	0.00e+00	0.00e+00	0.00e+00
 3.01606e+23	3.90e-01	5.08e-01	1.01e-01	2.98e-06	0.00e+00	0.00e+00	0.00e+00	0.00e+00	0.00e+00	0.00e+00	0.00e+00
 3.01740e+23	3.93e-01	5.07e-01	1.00e-01	2.92e-06	0.00e+00	0.00e+00	0.00e+00	0.00e+00	0.00e+00	0.00e+00	0.00e+00
 3.01886e+23	3.99e-01	5.04e-01	9.78e-02	2.83e-06	0.00e+00	0.00e+00	0.00e+00	0.00e+00	0.00e+00	0.00e+00	0.00e+00
 3.02045e+23	4.03e-01	5.01e-01	9.59e-02	2.76e-06	0.00e+00	0.00e+00	0.00e+00	0.00e+00	0.00e+00	0.00e+00	0.00e+00
 3.02189e+23	4.07e-01	4.99e-01	9.44e-02	2.69e-06	0.00e+00	0.00e+00	0.00e+00	0.00e+00	0.00e+00	0.00e+00	0.00e+00
 3.02346e+23	4.12e-01	4.96e-01	9.21e-02	2.60e-06	0.00e+00	0.00e+00	0.00e+00	0.00e+00	0.00e+00	0.00e+00	0.00e+00
 3.02517e+23	4.16e-01	4.93e-01	9.03e-02	2.53e-06	0.00e+00	0.00e+00	0.00e+00	0.00e+00	0.00e+00	0.00e+00	0.00e+00
 3.02672e+23	4.21e-01	4.90e-01	8.83e-02	2.46e-06	0.00e+00	0.00e+00	0.00e+00	0.00e+00	0.00e+00	0.00e+00	0.00e+00
 3.02813e+23	4.25e-01	4.88e-01	8.71e-02	2.41e-06	0.00e+00	0.00e+00	0.00e+00	0.00e+00	0.00e+00	0.00e+00	0.00e+00
 3.02967e+23	4.30e-01	4.85e-01	8.50e-02	2.33e-06	0.00e+00	0.00e+00	0.00e+00	0.00e+00	0.00e+00	0.00e+00	0.00e+00
 3.03134e+23	4.34e-01	4.82e-01	8.34e-02	2.27e-06	0.00e+00	0.00e+00	0.00e+00	0.00e+00	0.00e+00	0.00e+00	0.00e+00
 3.03286e+23	4.38e-01	4.80e-01	8.21e-02	2.21e-06	0.00e+00	0.00e+00	0.00e+00	0.00e+00	0.00e+00	0.00e+00	0.00e+00
 3.03452e+23	4.44e-01	4.76e-01	7.99e-02	2.14e-06	0.00e+00	0.00e+00	0.00e+00	0.00e+00	0.00e+00	0.00e+00	0.00e+00
 3.03632e+23	4.48e-01	4.74e-01	7.83e-02	2.08e-06	0.00e+00	0.00e+00	0.00e+00	0.00e+00	0.00e+00	0.00e+00	0.00e+00
 3.03796e+23	4.53e-01	4.71e-01	7.66e-02	2.02e-06	0.00e+00	0.00e+00	0.00e+00	0.00e+00	0.00e+00	0.00e+00	0.00e+00
 3.03944e+23	4.56e-01	4.68e-01	7.55e-02	1.97e-06	0.00e+00	0.00e+00	0.00e+00	0.00e+00	0.00e+00	0.00e+00	0.00e+00
 3.04107e+23	4.61e-01	4.65e-01	7.36e-02	1.91e-06	0.00e+00	0.00e+00	0.00e+00	0.00e+00	0.00e+00	0.00e+00	0.00e+00
 3.04283e+23	4.66e-01	4.62e-01	7.21e-02	1.85e-06	0.00e+00	0.00e+00	0.00e+00	0.00e+00	0.00e+00	0.00e+00	0.00e+00
 3.04444e+23	4.69e-01	4.60e-01	7.10e-02	1.81e-06	0.00e+00	0.00e+00	0.00e+00	0.00e+00	0.00e+00	0.00e+00	0.00e+00
 3.04619e+23	4.75e-01	4.56e-01	6.91e-02	1.75e-06	0.00e+00	0.00e+00	0.00e+00	0.00e+00	0.00e+00	0.00e+00	0.00e+00
 3.04809e+23	4.80e-01	4.53e-01	6.77e-02	1.70e-06	0.00e+00	0.00e+00	0.00e+00	0.00e+00	0.00e+00	0.00e+00	0.00e+00
 3.04981e+23	4.83e-01	4.50e-01	6.65e-02	1.65e-06	0.00e+00	0.00e+00	0.00e+00	0.00e+00	0.00e+00	0.00e+00	0.00e+00
 3.05170e+23	4.90e-01	4.46e-01	6.46e-02	1.59e-06	0.00e+00	0.00e+00	0.00e+00	0.00e+00	0.00e+00	0.00e+00	0.00e+00
 3.05374e+23	4.94e-01	4.43e-01	6.32e-02	1.54e-06	0.00e+00	0.00e+00	0.00e+00	0.00e+00	0.00e+00	0.00e+00	0.00e+00
 3.05559e+23	4.98e-01	4.40e-01	6.20e-02	1.50e-06	0.00e+00	0.00e+00	0.00e+00	0.00e+00	0.00e+00	0.00e+00	0.00e+00
 3.05763e+23	5.04e-01	4.35e-01	6.02e-02	1.44e-06	0.00e+00	0.00e+00	0.00e+00	0.00e+00	0.00e+00	0.00e+00	0.00e+00
 3.05982e+23	5.09e-01	4.32e-01	5.88e-02	1.40e-06	0.00e+00	0.00e+00	0.00e+00	0.00e+00	0.00e+00	0.00e+00	0.00e+00
 3.06182e+23	5.14e-01	4.29e-01	5.76e-02	1.36e-06	0.00e+00	0.00e+00	0.00e+00	0.00e+00	0.00e+00	0.00e+00	0.00e+00
 3.06401e+23	5.20e-01	4.24e-01	5.58e-02	1.30e-06	0.00e+00	0.00e+00	0.00e+00	0.00e+00	0.00e+00	0.00e+00	0.00e+00
 3.06638e+23	5.25e-01	4.21e-01	5.46e-02	1.26e-06	0.00e+00	0.00e+00	0.00e+00	0.00e+00	0.00e+00	0.00e+00	0.00e+00
 3.06853e+23	5.30e-01	4.17e-01	5.32e-02	1.22e-06	0.00e+00	0.00e+00	0.00e+00	0.00e+00	0.00e+00	0.00e+00	0.00e+00
 3.07048e+23	5.34e-01	4.14e-01	5.21e-02	1.18e-06	0.00e+00	0.00e+00	0.00e+00	0.00e+00	0.00e+00	0.00e+00	0.00e+00
 3.07263e+23	5.40e-01	4.09e-01	5.06e-02	1.14e-06	0.00e+00	0.00e+00	0.00e+00	0.00e+00	0.00e+00	0.00e+00	0.00e+00
 3.07494e+23	5.45e-01	4.05e-01	4.93e-02	1.10e-06	0.00e+00	0.00e+00	0.00e+00	0.00e+00	0.00e+00	0.00e+00	0.00e+00
 3.07705e+23	5.49e-01	4.02e-01	4.84e-02	1.07e-06	0.00e+00	0.00e+00	0.00e+00	0.00e+00	0.00e+00	0.00e+00	0.00e+00
 3.07936e+23	5.55e-01	3.98e-01	4.70e-02	1.03e-06	0.00e+00	0.00e+00	0.00e+00	0.00e+00	0.00e+00	0.00e+00	0.00e+00
 3.08185e+23	5.60e-01	3.94e-01	4.57e-02	9.90e-07	0.00e+00	0.00e+00	0.00e+00	0.00e+00	0.00e+00	0.00e+00	0.00e+00
 3.08412e+23	5.64e-01	3.91e-01	4.49e-02	9.61e-07	0.00e+00	0.00e+00	0.00e+00	0.00e+00	0.00e+00	0.00e+00	0.00e+00
 3.08544e+23	5.65e-01	3.90e-01	4.47e-02	9.54e-07	0.00e+00	0.00e+00	0.00e+00	0.00e+00	0.00e+00	0.00e+00	0.00e+00
