#depth	He	He+	He+2
 1.54284e+22	1.42e-08	2.97e-04	1.00e+00
 3.44911e+22	1.94e-08	4.50e-04	1.00e+00
 3.99425e+22	2.13e-08	5.58e-04	9.99e-01
 4.26683e+22	2.19e-08	6.23e-04	9.99e-01
 4.39317e+22	2.21e-08	6.50e-04	9.99e-01
 4.47262e+22	2.22e-08	6.86e-04	9.99e-01
 4.55870e+22	2.23e-08	7.22e-04	9.99e-01
 4.64405e+22	2.23e-08	7.61e-04	9.99e-01
 4.72983e+22	2.23e-08	8.01e-04	9.99e-01
 4.81506e+22	2.23e-08	8.44e-04	9.99e-01
 4.90009e+22	2.23e-08	8.88e-04	9.99e-01
 4.98513e+22	2.23e-08	9.35e-04	9.99e-01
 5.07054e+22	2.24e-08	9.84e-04	9.99e-01
 5.15638e+22	2.25e-08	1.04e-03	9.99e-01
 5.24298e+22	2.27e-08	1.09e-03	9.99e-01
 5.33057e+22	2.30e-08	1.15e-03	9.99e-01
 5.41863e+22	2.34e-08	1.21e-03	9.99e-01
 5.50811e+22	2.39e-08	1.27e-03	9.99e-01
 5.59859e+22	2.47e-08	1.34e-03	9.99e-01
 5.69084e+22	2.56e-08	1.41e-03	9.99e-01
 5.78478e+22	2.68e-08	1.49e-03	9.99e-01
 5.87093e+22	2.80e-08	1.56e-03	9.98e-01
 5.96085e+22	2.97e-08	1.65e-03	9.98e-01
 6.05218e+22	3.13e-08	1.72e-03	9.98e-01
 6.14628e+22	3.37e-08	1.82e-03	9.98e-01
 6.24054e+22	3.59e-08	1.90e-03	9.98e-01
 6.33503e+22	3.90e-08	2.02e-03	9.98e-01
 6.42994e+22	4.18e-08	2.10e-03	9.98e-01
 6.52540e+22	4.59e-08	2.23e-03	9.98e-01
 6.62192e+22	4.94e-08	2.32e-03	9.98e-01
 6.71981e+22	5.46e-08	2.46e-03	9.98e-01
 6.81908e+22	5.92e-08	2.57e-03	9.97e-01
 6.92014e+22	6.58e-08	2.72e-03	9.97e-01
 7.02312e+22	7.17e-08	2.85e-03	9.97e-01
 7.12860e+22	8.03e-08	3.02e-03	9.97e-01
 7.23659e+22	8.79e-08	3.17e-03	9.97e-01
 7.34783e+22	9.91e-08	3.37e-03	9.97e-01
 7.46097e+22	1.09e-07	3.53e-03	9.96e-01
 7.55664e+22	1.19e-07	3.69e-03	9.96e-01
 7.66107e+22	1.33e-07	3.90e-03	9.96e-01
 7.76202e+22	1.43e-07	4.05e-03	9.96e-01
 7.85843e+22	1.59e-07	4.27e-03	9.96e-01
 7.95588e+22	1.72e-07	4.44e-03	9.96e-01
 8.05471e+22	1.91e-07	4.67e-03	9.95e-01
 8.15507e+22	2.07e-07	4.86e-03	9.95e-01
 8.25741e+22	2.30e-07	5.13e-03	9.95e-01
 8.36126e+22	2.50e-07	5.34e-03	9.95e-01
 8.46708e+22	2.79e-07	5.64e-03	9.94e-01
 8.57492e+22	3.03e-07	5.88e-03	9.94e-01
 8.68538e+22	3.40e-07	6.22e-03	9.94e-01
 8.79823e+22	3.71e-07	6.49e-03	9.94e-01
 8.91419e+22	4.17e-07	6.88e-03	9.93e-01
 9.03315e+22	4.58e-07	7.20e-03	9.93e-01
 9.15601e+22	5.17e-07	7.65e-03	9.92e-01
 9.28005e+22	5.67e-07	8.01e-03	9.92e-01
 9.40563e+22	6.42e-07	8.51e-03	9.91e-01
 9.53259e+22	7.05e-07	8.92e-03	9.91e-01
 9.66136e+22	8.00e-07	9.49e-03	9.91e-01
 9.78712e+22	8.74e-07	9.91e-03	9.90e-01
 9.90897e+22	9.80e-07	1.05e-02	9.90e-01
 1.00366e+23	1.08e-06	1.10e-02	9.89e-01
 1.01443e+23	1.17e-06	1.15e-02	9.89e-01
 1.02571e+23	1.30e-06	1.21e-02	9.88e-01
 1.03735e+23	1.42e-06	1.26e-02	9.87e-01
 1.04779e+23	1.55e-06	1.32e-02	9.87e-01
 1.05971e+23	1.72e-06	1.39e-02	9.86e-01
 1.07208e+23	1.90e-06	1.46e-02	9.85e-01
 1.08310e+23	2.07e-06	1.52e-02	9.85e-01
 1.09550e+23	2.31e-06	1.60e-02	9.84e-01
 1.10850e+23	2.56e-06	1.69e-02	9.83e-01
 1.12025e+23	2.81e-06	1.76e-02	9.82e-01
 1.13351e+23	3.15e-06	1.87e-02	9.81e-01
 1.14721e+23	3.49e-06	1.97e-02	9.80e-01
 1.15941e+23	3.84e-06	2.06e-02	9.79e-01
 1.17322e+23	4.33e-06	2.19e-02	9.78e-01
 1.18756e+23	4.83e-06	2.31e-02	9.77e-01
 1.20044e+23	5.33e-06	2.42e-02	9.76e-01
 1.21503e+23	6.06e-06	2.58e-02	9.74e-01
 1.23012e+23	6.77e-06	2.72e-02	9.73e-01
 1.24375e+23	7.52e-06	2.87e-02	9.71e-01
 1.25938e+23	8.63e-06	3.07e-02	9.69e-01
 1.27514e+23	9.65e-06	3.24e-02	9.68e-01
 1.29108e+23	1.10e-05	3.46e-02	9.65e-01
 1.30739e+23	1.24e-05	3.67e-02	9.63e-01
 1.32171e+23	1.39e-05	3.87e-02	9.61e-01
 1.33790e+23	1.60e-05	4.15e-02	9.59e-01
 1.35450e+23	1.80e-05	4.39e-02	9.56e-01
 1.37163e+23	2.07e-05	4.71e-02	9.53e-01
 1.38904e+23	2.34e-05	5.00e-02	9.50e-01
 1.40445e+23	2.63e-05	5.29e-02	9.47e-01
 1.42215e+23	3.07e-05	5.70e-02	9.43e-01
 1.44009e+23	3.46e-05	6.04e-02	9.40e-01
 1.45573e+23	3.89e-05	6.39e-02	9.36e-01
 1.47073e+23	4.34e-05	6.74e-02	9.33e-01
 1.48504e+23	4.82e-05	7.09e-02	9.29e-01
 1.50118e+23	5.51e-05	7.56e-02	9.24e-01
 1.51726e+23	6.13e-05	7.96e-02	9.20e-01
 1.53326e+23	7.00e-05	8.47e-02	9.15e-01
 1.54957e+23	7.80e-05	8.93e-02	9.11e-01
 1.56628e+23	8.93e-05	9.52e-02	9.05e-01
 1.58312e+23	9.97e-05	1.00e-01	9.00e-01
 1.60014e+23	1.14e-04	1.07e-01	8.93e-01
 1.61737e+23	1.28e-04	1.13e-01	8.87e-01
 1.63118e+23	1.40e-04	1.18e-01	8.82e-01
 1.64545e+23	1.56e-04	1.24e-01	8.76e-01
 1.66005e+23	1.71e-04	1.29e-01	8.70e-01
 1.67306e+23	1.88e-04	1.35e-01	8.65e-01
 1.68794e+23	2.10e-04	1.42e-01	8.58e-01
 1.70299e+23	2.31e-04	1.48e-01	8.51e-01
 1.71620e+23	2.53e-04	1.55e-01	8.45e-01
 1.73129e+23	2.82e-04	1.63e-01	8.37e-01
 1.74664e+23	3.10e-04	1.70e-01	8.30e-01
 1.76025e+23	3.40e-04	1.77e-01	8.22e-01
 1.77588e+23	3.81e-04	1.87e-01	8.13e-01
 1.79165e+23	4.18e-04	1.95e-01	8.05e-01
 1.80552e+23	4.58e-04	2.03e-01	7.97e-01
 1.82144e+23	5.13e-04	2.13e-01	7.86e-01
 1.83764e+23	5.64e-04	2.22e-01	7.77e-01
 1.85421e+23	6.34e-04	2.34e-01	7.66e-01
 1.87097e+23	6.98e-04	2.44e-01	7.56e-01
 1.88797e+23	7.84e-04	2.56e-01	7.43e-01
 1.90528e+23	8.65e-04	2.67e-01	7.32e-01
 1.92299e+23	9.74e-04	2.81e-01	7.18e-01
 1.94104e+23	1.08e-03	2.93e-01	7.06e-01
 1.95708e+23	1.19e-03	3.05e-01	6.94e-01
 1.97550e+23	1.34e-03	3.21e-01	6.78e-01
 1.99169e+23	1.44e-03	3.31e-01	6.68e-01
 2.00498e+23	1.56e-03	3.42e-01	6.57e-01
 2.01884e+23	1.68e-03	3.52e-01	6.46e-01
 2.03149e+23	1.81e-03	3.62e-01	6.36e-01
 2.04595e+23	1.97e-03	3.75e-01	6.23e-01
 2.06067e+23	2.13e-03	3.86e-01	6.11e-01
 2.07573e+23	2.33e-03	4.01e-01	5.97e-01
 2.09089e+23	2.52e-03	4.13e-01	5.85e-01
 2.10619e+23	2.76e-03	4.28e-01	5.70e-01
 2.12174e+23	2.98e-03	4.41e-01	5.56e-01
 2.13762e+23	3.27e-03	4.56e-01	5.40e-01
 2.15378e+23	3.54e-03	4.70e-01	5.26e-01
 2.17032e+23	3.90e-03	4.87e-01	5.09e-01
 2.18718e+23	4.22e-03	5.02e-01	4.94e-01
 2.20443e+23	4.69e-03	5.21e-01	4.74e-01
 2.22171e+23	5.06e-03	5.36e-01	4.59e-01
 2.23899e+23	5.59e-03	5.55e-01	4.39e-01
 2.25660e+23	6.05e-03	5.71e-01	4.23e-01
 2.27461e+23	6.71e-03	5.91e-01	4.02e-01
 2.29273e+23	7.28e-03	6.08e-01	3.84e-01
 2.31101e+23	8.08e-03	6.29e-01	3.63e-01
 2.32936e+23	8.78e-03	6.46e-01	3.45e-01
 2.34780e+23	9.77e-03	6.68e-01	3.23e-01
 2.36627e+23	1.06e-02	6.86e-01	3.04e-01
 2.38479e+23	1.18e-02	7.07e-01	2.82e-01
 2.40333e+23	1.29e-02	7.24e-01	2.63e-01
 2.42189e+23	1.44e-02	7.45e-01	2.41e-01
 2.44049e+23	1.57e-02	7.62e-01	2.22e-01
 2.45913e+23	1.76e-02	7.81e-01	2.01e-01
 2.47777e+23	1.93e-02	7.97e-01	1.84e-01
 2.49642e+23	2.16e-02	8.14e-01	1.64e-01
 2.51532e+23	2.38e-02	8.29e-01	1.47e-01
 2.53206e+23	2.62e-02	8.41e-01	1.33e-01
 2.55131e+23	2.96e-02	8.54e-01	1.16e-01
 2.57056e+23	3.29e-02	8.65e-01	1.02e-01
 2.58501e+23	3.56e-02	8.71e-01	9.31e-02
 2.59899e+23	3.92e-02	8.77e-01	8.36e-02
 2.61391e+23	4.31e-02	8.82e-01	7.50e-02
 2.62772e+23	4.73e-02	8.85e-01	6.76e-02
 2.64102e+23	5.21e-02	8.87e-01	6.11e-02
 2.65363e+23	5.73e-02	8.87e-01	5.56e-02
 2.66532e+23	6.30e-02	8.86e-01	5.10e-02
 2.67613e+23	6.92e-02	8.84e-01	4.70e-02
 2.68610e+23	7.59e-02	8.80e-01	4.38e-02
 2.69530e+23	8.33e-02	8.76e-01	4.10e-02
 2.70362e+23	9.12e-02	8.70e-01	3.88e-02
 2.71093e+23	9.92e-02	8.64e-01	3.71e-02
 2.71749e+23	1.08e-01	8.57e-01	3.56e-02
 2.72346e+23	1.17e-01	8.49e-01	3.44e-02
 2.72886e+23	1.26e-01	8.41e-01	3.36e-02
 2.73389e+23	1.36e-01	8.32e-01	3.29e-02
 2.73868e+23	1.46e-01	8.22e-01	3.23e-02
 2.74307e+23	1.57e-01	8.11e-01	3.20e-02
 2.74698e+23	1.67e-01	8.01e-01	3.18e-02
 2.75035e+23	1.76e-01	7.92e-01	3.18e-02
 2.75283e+23	1.83e-01	7.85e-01	3.19e-02
 2.75457e+23	1.89e-01	7.79e-01	3.19e-02
 2.75634e+23	1.95e-01	7.73e-01	3.19e-02
 2.75846e+23	2.02e-01	7.66e-01	3.19e-02
 2.76080e+23	2.11e-01	7.57e-01	3.19e-02
 2.76316e+23	2.20e-01	7.48e-01	3.20e-02
 2.76544e+23	2.29e-01	7.39e-01	3.22e-02
 2.76759e+23	2.37e-01	7.30e-01	3.23e-02
 2.76929e+23	2.44e-01	7.24e-01	3.25e-02
 2.77048e+23	2.49e-01	7.19e-01	3.25e-02
 2.77167e+23	2.55e-01	7.13e-01	3.25e-02
 2.77306e+23	2.61e-01	7.07e-01	3.25e-02
 2.77459e+23	2.68e-01	6.99e-01	3.25e-02
 2.77611e+23	2.76e-01	6.92e-01	3.25e-02
 2.77756e+23	2.83e-01	6.85e-01	3.25e-02
 2.77903e+23	2.91e-01	6.77e-01	3.24e-02
 2.78058e+23	2.99e-01	6.69e-01	3.24e-02
 2.78220e+23	3.07e-01	6.60e-01	3.23e-02
 2.78384e+23	3.16e-01	6.51e-01	3.22e-02
 2.78548e+23	3.26e-01	6.42e-01	3.20e-02
 2.78718e+23	3.35e-01	6.33e-01	3.18e-02
 2.78895e+23	3.46e-01	6.23e-01	3.16e-02
 2.79076e+23	3.56e-01	6.12e-01	3.14e-02
 2.79261e+23	3.67e-01	6.01e-01	3.11e-02
 2.79451e+23	3.79e-01	5.90e-01	3.08e-02
 2.79647e+23	3.91e-01	5.78e-01	3.05e-02
 2.79849e+23	4.04e-01	5.66e-01	3.01e-02
 2.80058e+23	4.17e-01	5.54e-01	2.97e-02
 2.80273e+23	4.30e-01	5.40e-01	2.92e-02
 2.80494e+23	4.44e-01	5.27e-01	2.87e-02
 2.80722e+23	4.59e-01	5.13e-01	2.81e-02
 2.80959e+23	4.74e-01	4.99e-01	2.75e-02
 2.81205e+23	4.89e-01	4.84e-01	2.68e-02
 2.81459e+23	5.05e-01	4.69e-01	2.61e-02
 2.81723e+23	5.21e-01	4.54e-01	2.54e-02
 2.81995e+23	5.37e-01	4.38e-01	2.46e-02
 2.82272e+23	5.53e-01	4.23e-01	2.38e-02
 2.82555e+23	5.69e-01	4.08e-01	2.30e-02
 2.82846e+23	5.86e-01	3.92e-01	2.20e-02
 2.83153e+23	6.02e-01	3.77e-01	2.11e-02
 2.83472e+23	6.18e-01	3.62e-01	2.02e-02
 2.83795e+23	6.34e-01	3.47e-01	1.93e-02
 2.84127e+23	6.49e-01	3.33e-01	1.83e-02
 2.84478e+23	6.64e-01	3.19e-01	1.74e-02
 2.84848e+23	6.78e-01	3.05e-01	1.65e-02
 2.85231e+23	6.92e-01	2.92e-01	1.55e-02
 2.85629e+23	7.06e-01	2.79e-01	1.46e-02
 2.86053e+23	7.19e-01	2.67e-01	1.37e-02
 2.86500e+23	7.32e-01	2.55e-01	1.28e-02
 2.86967e+23	7.44e-01	2.44e-01	1.19e-02
 2.87428e+23	7.55e-01	2.34e-01	1.11e-02
 2.87870e+23	7.65e-01	2.25e-01	1.04e-02
 2.88301e+23	7.73e-01	2.17e-01	9.72e-03
 2.88720e+23	7.81e-01	2.10e-01	9.13e-03
 2.89130e+23	7.89e-01	2.03e-01	8.58e-03
 2.89525e+23	7.95e-01	1.97e-01	8.10e-03
 2.89902e+23	8.01e-01	1.91e-01	7.65e-03
 2.90255e+23	8.07e-01	1.86e-01	7.26e-03
 2.90597e+23	8.12e-01	1.81e-01	6.88e-03
 2.90941e+23	8.17e-01	1.77e-01	6.54e-03
 2.91273e+23	8.21e-01	1.73e-01	6.22e-03
 2.91594e+23	8.26e-01	1.69e-01	5.92e-03
 2.91903e+23	8.30e-01	1.65e-01	5.65e-03
 2.92202e+23	8.33e-01	1.61e-01	5.39e-03
 2.92491e+23	8.37e-01	1.58e-01	5.15e-03
 2.92770e+23	8.41e-01	1.54e-01	4.93e-03
 2.93039e+23	8.44e-01	1.51e-01	4.72e-03
 2.93299e+23	8.47e-01	1.48e-01	4.53e-03
 2.93549e+23	8.50e-01	1.45e-01	4.34e-03
 2.93787e+23	8.53e-01	1.43e-01	4.18e-03
 2.94020e+23	8.56e-01	1.40e-01	4.01e-03
 2.94247e+23	8.59e-01	1.38e-01	3.86e-03
 2.94454e+23	8.61e-01	1.35e-01	3.72e-03
 2.94642e+23	8.63e-01	1.33e-01	3.60e-03
 2.94813e+23	8.65e-01	1.31e-01	3.49e-03
 2.94969e+23	8.67e-01	1.29e-01	3.39e-03
 2.95111e+23	8.69e-01	1.28e-01	3.30e-03
 2.95240e+23	8.71e-01	1.26e-01	3.21e-03
 2.95357e+23	8.72e-01	1.25e-01	3.14e-03
 2.95486e+23	8.74e-01	1.23e-01	3.05e-03
 2.95625e+23	8.75e-01	1.22e-01	2.98e-03
 2.95751e+23	8.77e-01	1.20e-01	2.92e-03
 2.95889e+23	8.78e-01	1.19e-01	2.83e-03
 2.96039e+23	8.80e-01	1.17e-01	2.76e-03
 2.96175e+23	8.81e-01	1.16e-01	2.70e-03
 2.96299e+23	8.83e-01	1.15e-01	2.64e-03
 2.96435e+23	8.84e-01	1.13e-01	2.56e-03
 2.96581e+23	8.86e-01	1.12e-01	2.50e-03
 2.96714e+23	8.87e-01	1.11e-01	2.44e-03
 2.96860e+23	8.88e-01	1.09e-01	2.37e-03
 2.97018e+23	8.90e-01	1.08e-01	2.32e-03
 2.97162e+23	8.91e-01	1.07e-01	2.25e-03
 2.97292e+23	8.92e-01	1.06e-01	2.22e-03
 2.97435e+23	8.94e-01	1.04e-01	2.15e-03
 2.97590e+23	8.95e-01	1.03e-01	2.09e-03
 2.97730e+23	8.96e-01	1.02e-01	2.05e-03
 2.97884e+23	8.98e-01	1.00e-01	1.99e-03
 2.98051e+23	8.99e-01	9.90e-02	1.94e-03
 2.98202e+23	9.00e-01	9.78e-02	1.89e-03
 2.98368e+23	9.02e-01	9.63e-02	1.83e-03
 2.98547e+23	9.03e-01	9.49e-02	1.78e-03
 2.98710e+23	9.05e-01	9.37e-02	1.73e-03
 2.98858e+23	9.06e-01	9.25e-02	1.68e-03
 2.98993e+23	9.07e-01	9.13e-02	1.64e-03
 2.99116e+23	9.08e-01	9.03e-02	1.60e-03
 2.99250e+23	9.09e-01	8.90e-02	1.56e-03
 2.99395e+23	9.11e-01	8.79e-02	1.52e-03
 2.99528e+23	9.12e-01	8.70e-02	1.48e-03
 2.99672e+23	9.13e-01	8.57e-02	1.44e-03
 2.99829e+23	9.14e-01	8.46e-02	1.40e-03
 2.99971e+23	9.15e-01	8.37e-02	1.37e-03
 3.00100e+23	9.16e-01	8.27e-02	1.34e-03
 3.00218e+23	9.17e-01	8.19e-02	1.31e-03
 3.00347e+23	9.18e-01	8.07e-02	1.27e-03
 3.00515e+23	9.19e-01	7.95e-02	1.24e-03
 3.00696e+23	9.20e-01	7.85e-02	1.21e-03
 3.00861e+23	9.21e-01	7.74e-02	1.17e-03
 3.01011e+23	9.22e-01	7.65e-02	1.14e-03
 3.01148e+23	9.23e-01	7.55e-02	1.11e-03
 3.01297e+23	9.24e-01	7.44e-02	1.08e-03
 3.01459e+23	9.25e-01	7.36e-02	1.06e-03
 3.01606e+23	9.26e-01	7.27e-02	1.03e-03
 3.01740e+23	9.27e-01	7.20e-02	1.01e-03
 3.01886e+23	9.28e-01	7.10e-02	9.84e-04
 3.02045e+23	9.29e-01	7.02e-02	9.62e-04
 3.02189e+23	9.30e-01	6.95e-02	9.42e-04
 3.02346e+23	9.31e-01	6.85e-02	9.14e-04
 3.02517e+23	9.31e-01	6.77e-02	8.93e-04
 3.02672e+23	9.32e-01	6.68e-02	8.70e-04
 3.02813e+23	9.33e-01	6.62e-02	8.54e-04
 3.02967e+23	9.34e-01	6.52e-02	8.28e-04
 3.03134e+23	9.35e-01	6.45e-02	8.09e-04
 3.03286e+23	9.35e-01	6.38e-02	7.93e-04
 3.03452e+23	9.36e-01	6.28e-02	7.68e-04
 3.03632e+23	9.37e-01	6.20e-02	7.49e-04
 3.03796e+23	9.38e-01	6.12e-02	7.30e-04
 3.03944e+23	9.39e-01	6.06e-02	7.16e-04
 3.04107e+23	9.40e-01	5.97e-02	6.94e-04
 3.04283e+23	9.40e-01	5.90e-02	6.78e-04
 3.04444e+23	9.41e-01	5.84e-02	6.64e-04
 3.04619e+23	9.42e-01	5.75e-02	6.42e-04
 3.04809e+23	9.43e-01	5.68e-02	6.27e-04
 3.04981e+23	9.43e-01	5.61e-02	6.13e-04
 3.05170e+23	9.44e-01	5.52e-02	5.92e-04
 3.05374e+23	9.45e-01	5.44e-02	5.77e-04
 3.05559e+23	9.46e-01	5.38e-02	5.62e-04
 3.05763e+23	9.47e-01	5.28e-02	5.42e-04
 3.05982e+23	9.47e-01	5.21e-02	5.27e-04
 3.06182e+23	9.48e-01	5.14e-02	5.14e-04
 3.06401e+23	9.49e-01	5.04e-02	4.94e-04
 3.06638e+23	9.50e-01	4.97e-02	4.81e-04
 3.06853e+23	9.51e-01	4.89e-02	4.66e-04
 3.07048e+23	9.51e-01	4.83e-02	4.53e-04
 3.07263e+23	9.52e-01	4.74e-02	4.37e-04
 3.07494e+23	9.53e-01	4.67e-02	4.24e-04
 3.07705e+23	9.53e-01	4.61e-02	4.13e-04
 3.07936e+23	9.54e-01	4.52e-02	3.98e-04
 3.08185e+23	9.55e-01	4.45e-02	3.86e-04
 3.08412e+23	9.56e-01	4.39e-02	3.75e-04
 3.08544e+23	9.56e-01	4.37e-02	3.72e-04
