#depth	H	H+	H2
 1.54284e+22	1.01e-06	1.00e+00	1.22e-30
 3.44911e+22	1.55e-06	1.00e+00	1.94e-30
 3.99425e+22	1.95e-06	1.00e+00	3.32e-30
 4.26683e+22	2.20e-06	1.00e+00	4.26e-30
 4.39317e+22	2.31e-06	1.00e+00	4.67e-30
 4.47262e+22	2.45e-06	1.00e+00	5.21e-30
 4.55870e+22	2.59e-06	1.00e+00	5.77e-30
 4.64405e+22	2.75e-06	1.00e+00	6.36e-30
 4.72983e+22	2.92e-06	1.00e+00	7.02e-30
 4.81506e+22	3.09e-06	1.00e+00	7.74e-30
 4.90009e+22	3.27e-06	1.00e+00	8.51e-30
 4.98513e+22	3.47e-06	1.00e+00	9.36e-30
 5.07054e+22	3.67e-06	1.00e+00	1.03e-29
 5.15638e+22	3.89e-06	1.00e+00	1.14e-29
 5.24298e+22	4.12e-06	1.00e+00	1.26e-29
 5.33057e+22	4.37e-06	1.00e+00	1.40e-29
 5.41863e+22	4.63e-06	1.00e+00	1.57e-29
 5.50811e+22	4.91e-06	1.00e+00	1.77e-29
 5.59859e+22	5.20e-06	1.00e+00	2.00e-29
 5.69084e+22	5.51e-06	1.00e+00	2.36e-29
 5.78478e+22	5.84e-06	1.00e+00	2.73e-29
 5.87093e+22	6.13e-06	1.00e+00	3.10e-29
 5.96085e+22	6.52e-06	1.00e+00	3.67e-29
 6.05218e+22	6.85e-06	1.00e+00	4.25e-29
 6.14628e+22	7.29e-06	1.00e+00	5.15e-29
 6.24054e+22	7.65e-06	1.00e+00	6.03e-29
 6.33503e+22	8.14e-06	1.00e+00	7.42e-29
 6.42994e+22	8.53e-06	1.00e+00	8.75e-29
 6.52540e+22	9.07e-06	1.00e+00	1.09e-28
 6.62192e+22	9.50e-06	1.00e+00	1.30e-28
 6.71981e+22	1.01e-05	1.00e+00	1.63e-28
 6.81908e+22	1.06e-05	1.00e+00	1.96e-28
 6.92014e+22	1.13e-05	1.00e+00	2.50e-28
 7.02312e+22	1.18e-05	1.00e+00	3.04e-28
 7.12860e+22	1.26e-05	1.00e+00	3.92e-28
 7.23659e+22	1.32e-05	1.00e+00	4.82e-28
 7.34783e+22	1.41e-05	1.00e+00	6.32e-28
 7.46097e+22	1.48e-05	1.00e+00	7.80e-28
 7.55664e+22	1.55e-05	1.00e+00	9.47e-28
 7.66107e+22	1.65e-05	1.00e+00	1.22e-27
 7.76202e+22	1.72e-05	1.00e+00	1.45e-27
 7.85843e+22	1.81e-05	1.00e+00	1.83e-27
 7.95588e+22	1.89e-05	1.00e+00	2.19e-27
 8.05471e+22	2.00e-05	1.00e+00	2.77e-27
 8.15507e+22	2.08e-05	1.00e+00	3.32e-27
 8.25741e+22	2.20e-05	1.00e+00	4.23e-27
 8.36126e+22	2.29e-05	1.00e+00	5.10e-27
 8.46708e+22	2.43e-05	1.00e+00	6.53e-27
 8.57492e+22	2.54e-05	1.00e+00	7.92e-27
 8.68538e+22	2.69e-05	1.00e+00	1.02e-26
 8.79823e+22	2.81e-05	1.00e+00	1.25e-26
 8.91419e+22	2.99e-05	1.00e+00	1.63e-26
 9.03315e+22	3.13e-05	1.00e+00	2.02e-26
 9.15601e+22	3.34e-05	1.00e+00	2.66e-26
 9.28005e+22	3.50e-05	1.00e+00	3.30e-26
 9.40563e+22	3.73e-05	1.00e+00	4.38e-26
 9.53259e+22	3.91e-05	1.00e+00	5.44e-26
 9.66136e+22	4.17e-05	1.00e+00	7.24e-26
 9.78712e+22	4.37e-05	1.00e+00	8.88e-26
 9.90897e+22	4.63e-05	1.00e+00	1.16e-25
 1.00366e+23	4.87e-05	1.00e+00	1.45e-25
 1.01443e+23	5.08e-05	1.00e+00	1.71e-25
 1.02571e+23	5.35e-05	1.00e+00	2.17e-25
 1.03735e+23	5.60e-05	1.00e+00	2.66e-25
 1.04779e+23	5.85e-05	1.00e+00	3.24e-25
 1.05971e+23	6.18e-05	1.00e+00	4.15e-25
 1.07208e+23	6.50e-05	1.00e+00	5.17e-25
 1.08310e+23	6.79e-05	1.00e+00	6.53e-25
 1.09550e+23	7.18e-05	1.00e+00	8.43e-25
 1.10850e+23	7.57e-05	1.00e+00	1.06e-24
 1.12025e+23	7.93e-05	1.00e+00	1.32e-24
 1.13351e+23	8.41e-05	1.00e+00	1.73e-24
 1.14721e+23	8.87e-05	1.00e+00	2.13e-24
 1.15941e+23	9.32e-05	1.00e+00	2.67e-24
 1.17322e+23	9.91e-05	1.00e+00	3.54e-24
 1.18756e+23	1.05e-04	1.00e+00	4.55e-24
 1.20044e+23	1.10e-04	1.00e+00	5.76e-24
 1.21503e+23	1.18e-04	1.00e+00	7.79e-24
 1.23012e+23	1.25e-04	1.00e+00	1.01e-23
 1.24375e+23	1.32e-04	1.00e+00	1.29e-23
 1.25938e+23	1.41e-04	1.00e+00	1.80e-23
 1.27514e+23	1.50e-04	1.00e+00	2.33e-23
 1.29108e+23	1.60e-04	1.00e+00	3.23e-23
 1.30739e+23	1.70e-04	1.00e+00	4.28e-23
 1.32171e+23	1.80e-04	1.00e+00	5.57e-23
 1.33790e+23	1.94e-04	1.00e+00	7.87e-23
 1.35450e+23	2.06e-04	1.00e+00	1.05e-22
 1.37163e+23	2.22e-04	1.00e+00	1.51e-22
 1.38904e+23	2.36e-04	1.00e+00	2.05e-22
 1.40445e+23	2.51e-04	1.00e+00	2.77e-22
 1.42215e+23	2.72e-04	1.00e+00	4.13e-22
 1.44009e+23	2.90e-04	1.00e+00	5.70e-22
 1.45573e+23	3.08e-04	1.00e+00	7.82e-22
 1.47073e+23	3.26e-04	1.00e+00	1.05e-21
 1.48504e+23	3.45e-04	1.00e+00	1.41e-21
 1.50118e+23	3.70e-04	1.00e+00	2.04e-21
 1.51726e+23	3.91e-04	1.00e+00	2.75e-21
 1.53326e+23	4.19e-04	1.00e+00	3.99e-21
 1.54957e+23	4.44e-04	1.00e+00	5.51e-21
 1.56628e+23	4.77e-04	1.00e+00	8.14e-21
 1.58312e+23	5.06e-04	9.99e-01	1.14e-20
 1.60014e+23	5.44e-04	9.99e-01	1.69e-20
 1.61737e+23	5.78e-04	9.99e-01	2.36e-20
 1.63118e+23	6.07e-04	9.99e-01	3.09e-20
 1.64545e+23	6.44e-04	9.99e-01	4.27e-20
 1.66005e+23	6.77e-04	9.99e-01	5.69e-20
 1.67306e+23	7.11e-04	9.99e-01	7.43e-20
 1.68794e+23	7.56e-04	9.99e-01	1.07e-19
 1.70299e+23	7.96e-04	9.99e-01	1.47e-19
 1.71620e+23	8.36e-04	9.99e-01	1.96e-19
 1.73129e+23	8.89e-04	9.99e-01	2.93e-19
 1.74664e+23	9.36e-04	9.99e-01	4.18e-19
 1.76025e+23	9.85e-04	9.99e-01	5.80e-19
 1.77588e+23	1.05e-03	9.99e-01	9.40e-19
 1.79165e+23	1.11e-03	9.99e-01	1.49e-18
 1.80552e+23	1.16e-03	9.99e-01	2.25e-18
 1.82144e+23	1.24e-03	9.99e-01	4.31e-18
 1.83764e+23	1.31e-03	9.99e-01	8.55e-18
 1.85421e+23	1.40e-03	9.99e-01	2.00e-17
 1.87097e+23	1.47e-03	9.99e-01	4.85e-17
 1.88797e+23	1.58e-03	9.98e-01	1.20e-16
 1.90528e+23	1.67e-03	9.98e-01	2.41e-16
 1.92299e+23	1.79e-03	9.98e-01	4.28e-16
 1.94104e+23	1.89e-03	9.98e-01	6.83e-16
 1.95708e+23	2.00e-03	9.98e-01	9.20e-16
 1.97550e+23	2.15e-03	9.98e-01	1.37e-15
 1.99169e+23	2.24e-03	9.98e-01	1.74e-15
 2.00498e+23	2.36e-03	9.98e-01	2.29e-15
 2.01884e+23	2.46e-03	9.98e-01	2.80e-15
 2.03149e+23	2.57e-03	9.97e-01	3.37e-15
 2.04595e+23	2.70e-03	9.97e-01	4.16e-15
 2.06067e+23	2.83e-03	9.97e-01	4.96e-15
 2.07573e+23	2.99e-03	9.97e-01	6.16e-15
 2.09089e+23	3.13e-03	9.97e-01	7.35e-15
 2.10619e+23	3.31e-03	9.97e-01	9.13e-15
 2.12174e+23	3.47e-03	9.97e-01	1.09e-14
 2.13762e+23	3.67e-03	9.96e-01	1.36e-14
 2.15378e+23	3.85e-03	9.96e-01	1.64e-14
 2.17032e+23	4.09e-03	9.96e-01	2.07e-14
 2.18718e+23	4.29e-03	9.96e-01	2.51e-14
 2.20443e+23	4.59e-03	9.95e-01	3.21e-14
 2.22171e+23	4.80e-03	9.95e-01	3.87e-14
 2.23899e+23	5.12e-03	9.95e-01	4.95e-14
 2.25660e+23	5.37e-03	9.95e-01	6.04e-14
 2.27461e+23	5.74e-03	9.94e-01	7.81e-14
 2.29273e+23	6.04e-03	9.94e-01	9.59e-14
 2.31101e+23	6.47e-03	9.94e-01	1.25e-13
 2.32936e+23	6.81e-03	9.93e-01	1.54e-13
 2.34780e+23	7.32e-03	9.93e-01	2.03e-13
 2.36627e+23	7.73e-03	9.92e-01	2.51e-13
 2.38479e+23	8.34e-03	9.92e-01	3.34e-13
 2.40333e+23	8.85e-03	9.91e-01	4.18e-13
 2.42189e+23	9.60e-03	9.90e-01	5.62e-13
 2.44049e+23	1.02e-02	9.90e-01	7.12e-13
 2.45913e+23	1.12e-02	9.89e-01	9.85e-13
 2.47777e+23	1.21e-02	9.88e-01	1.27e-12
 2.49642e+23	1.33e-02	9.87e-01	1.77e-12
 2.51532e+23	1.45e-02	9.85e-01	2.38e-12
 2.53206e+23	1.60e-02	9.84e-01	3.22e-12
 2.55131e+23	1.81e-02	9.82e-01	4.79e-12
 2.57056e+23	2.04e-02	9.80e-01	6.86e-12
 2.58501e+23	2.25e-02	9.78e-01	9.04e-12
 2.59899e+23	2.54e-02	9.75e-01	1.28e-11
 2.61391e+23	2.89e-02	9.71e-01	1.83e-11
 2.62772e+23	3.31e-02	9.67e-01	2.64e-11
 2.64102e+23	3.83e-02	9.62e-01	3.86e-11
 2.65363e+23	4.49e-02	9.55e-01	5.73e-11
 2.66532e+23	5.27e-02	9.47e-01	8.50e-11
 2.67613e+23	6.25e-02	9.37e-01	1.27e-10
 2.68610e+23	7.42e-02	9.26e-01	1.89e-10
 2.69530e+23	8.88e-02	9.11e-01	2.84e-10
 2.70362e+23	1.06e-01	8.94e-01	4.21e-10
 2.71093e+23	1.26e-01	8.74e-01	6.07e-10
 2.71749e+23	1.48e-01	8.52e-01	8.62e-10
 2.72346e+23	1.74e-01	8.26e-01	1.21e-09
 2.72886e+23	2.00e-01	8.00e-01	1.62e-09
 2.73389e+23	2.31e-01	7.69e-01	2.16e-09
 2.73868e+23	2.65e-01	7.35e-01	2.85e-09
 2.74307e+23	3.00e-01	7.00e-01	3.64e-09
 2.74698e+23	3.34e-01	6.66e-01	4.51e-09
 2.75035e+23	3.66e-01	6.34e-01	5.36e-09
 2.75283e+23	3.90e-01	6.10e-01	6.03e-09
 2.75457e+23	4.07e-01	5.93e-01	6.54e-09
 2.75634e+23	4.25e-01	5.75e-01	7.10e-09
 2.75846e+23	4.47e-01	5.53e-01	7.81e-09
 2.76080e+23	4.71e-01	5.29e-01	8.62e-09
 2.76316e+23	4.95e-01	5.05e-01	9.42e-09
 2.76544e+23	5.18e-01	4.82e-01	1.02e-08
 2.76759e+23	5.38e-01	4.62e-01	1.09e-08
 2.76929e+23	5.54e-01	4.46e-01	1.14e-08
 2.77048e+23	5.64e-01	4.36e-01	1.18e-08
 2.77167e+23	5.75e-01	4.25e-01	1.22e-08
 2.77306e+23	5.87e-01	4.13e-01	1.26e-08
 2.77459e+23	6.00e-01	4.00e-01	1.31e-08
 2.77611e+23	6.13e-01	3.87e-01	1.36e-08
 2.77756e+23	6.24e-01	3.76e-01	1.40e-08
 2.77903e+23	6.36e-01	3.64e-01	1.44e-08
 2.78058e+23	6.47e-01	3.53e-01	1.48e-08
 2.78220e+23	6.59e-01	3.41e-01	1.52e-08
 2.78384e+23	6.70e-01	3.30e-01	1.57e-08
 2.78548e+23	6.81e-01	3.19e-01	1.61e-08
 2.78718e+23	6.91e-01	3.09e-01	1.64e-08
 2.78895e+23	7.02e-01	2.98e-01	1.68e-08
 2.79076e+23	7.13e-01	2.87e-01	1.72e-08
 2.79261e+23	7.23e-01	2.77e-01	1.76e-08
 2.79451e+23	7.32e-01	2.68e-01	1.80e-08
 2.79647e+23	7.42e-01	2.58e-01	1.83e-08
 2.79849e+23	7.51e-01	2.49e-01	1.87e-08
 2.80058e+23	7.61e-01	2.39e-01	1.90e-08
 2.80273e+23	7.70e-01	2.30e-01	1.94e-08
 2.80494e+23	7.78e-01	2.22e-01	1.97e-08
 2.80722e+23	7.87e-01	2.13e-01	2.00e-08
 2.80959e+23	7.95e-01	2.05e-01	2.03e-08
 2.81205e+23	8.03e-01	1.97e-01	2.06e-08
 2.81459e+23	8.10e-01	1.90e-01	2.09e-08
 2.81723e+23	8.18e-01	1.82e-01	2.13e-08
 2.81995e+23	8.25e-01	1.75e-01	2.16e-08
 2.82272e+23	8.32e-01	1.68e-01	2.19e-08
 2.82555e+23	8.38e-01	1.62e-01	2.21e-08
 2.82846e+23	8.44e-01	1.56e-01	2.25e-08
 2.83153e+23	8.50e-01	1.50e-01	2.28e-08
 2.83472e+23	8.55e-01	1.45e-01	2.32e-08
 2.83795e+23	8.61e-01	1.39e-01	2.36e-08
 2.84127e+23	8.65e-01	1.35e-01	2.40e-08
 2.84478e+23	8.70e-01	1.30e-01	2.45e-08
 2.84848e+23	8.75e-01	1.25e-01	2.50e-08
 2.85231e+23	8.79e-01	1.21e-01	2.55e-08
 2.85629e+23	8.83e-01	1.17e-01	2.62e-08
 2.86053e+23	8.87e-01	1.13e-01	2.69e-08
 2.86500e+23	8.91e-01	1.09e-01	2.78e-08
 2.86967e+23	8.95e-01	1.05e-01	2.88e-08
 2.87428e+23	8.98e-01	1.02e-01	2.98e-08
 2.87870e+23	9.01e-01	9.90e-02	3.09e-08
 2.88301e+23	9.04e-01	9.62e-02	3.20e-08
 2.88720e+23	9.06e-01	9.37e-02	3.33e-08
 2.89130e+23	9.09e-01	9.13e-02	3.44e-08
 2.89525e+23	9.11e-01	8.90e-02	3.55e-08
 2.89902e+23	9.13e-01	8.69e-02	3.67e-08
 2.90255e+23	9.15e-01	8.51e-02	3.78e-08
 2.90597e+23	9.17e-01	8.32e-02	3.91e-08
 2.90941e+23	9.19e-01	8.14e-02	4.04e-08
 2.91273e+23	9.20e-01	7.96e-02	4.19e-08
 2.91594e+23	9.22e-01	7.80e-02	4.34e-08
 2.91903e+23	9.24e-01	7.64e-02	4.50e-08
 2.92202e+23	9.25e-01	7.49e-02	4.67e-08
 2.92491e+23	9.27e-01	7.35e-02	4.84e-08
 2.92770e+23	9.28e-01	7.21e-02	5.02e-08
 2.93039e+23	9.29e-01	7.07e-02	5.22e-08
 2.93299e+23	9.31e-01	6.94e-02	5.43e-08
 2.93549e+23	9.32e-01	6.82e-02	5.66e-08
 2.93787e+23	9.33e-01	6.70e-02	5.88e-08
 2.94020e+23	9.34e-01	6.58e-02	6.14e-08
 2.94247e+23	9.35e-01	6.47e-02	6.41e-08
 2.94454e+23	9.36e-01	6.37e-02	6.66e-08
 2.94642e+23	9.37e-01	6.28e-02	6.91e-08
 2.94813e+23	9.38e-01	6.20e-02	7.15e-08
 2.94969e+23	9.39e-01	6.13e-02	7.38e-08
 2.95111e+23	9.39e-01	6.06e-02	7.60e-08
 2.95240e+23	9.40e-01	6.00e-02	7.80e-08
 2.95357e+23	9.40e-01	5.95e-02	7.99e-08
 2.95486e+23	9.41e-01	5.88e-02	8.24e-08
 2.95625e+23	9.42e-01	5.80e-02	8.47e-08
 2.95751e+23	9.43e-01	5.75e-02	8.67e-08
 2.95889e+23	9.43e-01	5.67e-02	8.93e-08
 2.96039e+23	9.44e-01	5.59e-02	9.18e-08
 2.96175e+23	9.45e-01	5.53e-02	9.40e-08
 2.96299e+23	9.45e-01	5.47e-02	9.59e-08
 2.96435e+23	9.46e-01	5.40e-02	9.83e-08
 2.96581e+23	9.47e-01	5.33e-02	1.00e-07
 2.96714e+23	9.47e-01	5.27e-02	1.02e-07
 2.96860e+23	9.48e-01	5.21e-02	1.04e-07
 2.97018e+23	9.49e-01	5.14e-02	1.06e-07
 2.97162e+23	9.49e-01	5.07e-02	1.07e-07
 2.97292e+23	9.50e-01	5.04e-02	1.09e-07
 2.97435e+23	9.50e-01	4.98e-02	1.10e-07
 2.97590e+23	9.51e-01	4.90e-02	1.11e-07
 2.97730e+23	9.51e-01	4.86e-02	1.12e-07
 2.97884e+23	9.52e-01	4.79e-02	1.13e-07
 2.98051e+23	9.53e-01	4.72e-02	1.14e-07
 2.98202e+23	9.53e-01	4.67e-02	1.14e-07
 2.98368e+23	9.54e-01	4.61e-02	1.15e-07
 2.98547e+23	9.55e-01	4.53e-02	1.16e-07
 2.98710e+23	9.55e-01	4.47e-02	1.16e-07
 2.98858e+23	9.56e-01	4.42e-02	1.16e-07
 2.98993e+23	9.56e-01	4.38e-02	1.16e-07
 2.99116e+23	9.57e-01	4.34e-02	1.16e-07
 2.99250e+23	9.57e-01	4.29e-02	1.15e-07
 2.99395e+23	9.58e-01	4.23e-02	1.15e-07
 2.99528e+23	9.58e-01	4.19e-02	1.15e-07
 2.99672e+23	9.59e-01	4.14e-02	1.15e-07
 2.99829e+23	9.59e-01	4.07e-02	1.15e-07
 2.99971e+23	9.60e-01	4.03e-02	1.15e-07
 3.00100e+23	9.60e-01	3.99e-02	1.14e-07
 3.00218e+23	9.60e-01	3.96e-02	1.14e-07
 3.00347e+23	9.61e-01	3.91e-02	1.13e-07
 3.00515e+23	9.61e-01	3.85e-02	1.13e-07
 3.00696e+23	9.62e-01	3.79e-02	1.13e-07
 3.00861e+23	9.63e-01	3.73e-02	1.12e-07
 3.01011e+23	9.63e-01	3.70e-02	1.11e-07
 3.01148e+23	9.63e-01	3.66e-02	1.11e-07
 3.01297e+23	9.64e-01	3.62e-02	1.10e-07
 3.01459e+23	9.64e-01	3.57e-02	1.10e-07
 3.01606e+23	9.65e-01	3.53e-02	1.10e-07
 3.01740e+23	9.65e-01	3.51e-02	1.09e-07
 3.01886e+23	9.65e-01	3.47e-02	1.09e-07
 3.02045e+23	9.66e-01	3.42e-02	1.09e-07
 3.02189e+23	9.66e-01	3.39e-02	1.08e-07
 3.02346e+23	9.66e-01	3.35e-02	1.08e-07
 3.02517e+23	9.67e-01	3.31e-02	1.08e-07
 3.02672e+23	9.67e-01	3.27e-02	1.07e-07
 3.02813e+23	9.68e-01	3.25e-02	1.07e-07
 3.02967e+23	9.68e-01	3.21e-02	1.06e-07
 3.03134e+23	9.68e-01	3.17e-02	1.06e-07
 3.03286e+23	9.69e-01	3.14e-02	1.06e-07
 3.03452e+23	9.69e-01	3.10e-02	1.05e-07
 3.03632e+23	9.69e-01	3.05e-02	1.05e-07
 3.03796e+23	9.70e-01	3.02e-02	1.05e-07
 3.03944e+23	9.70e-01	3.00e-02	1.05e-07
 3.04107e+23	9.70e-01	2.96e-02	1.04e-07
 3.04283e+23	9.71e-01	2.92e-02	1.04e-07
 3.04444e+23	9.71e-01	2.90e-02	1.04e-07
 3.04619e+23	9.71e-01	2.86e-02	1.03e-07
 3.04809e+23	9.72e-01	2.82e-02	1.03e-07
 3.04981e+23	9.72e-01	2.79e-02	1.03e-07
 3.05170e+23	9.72e-01	2.75e-02	1.03e-07
 3.05374e+23	9.73e-01	2.71e-02	1.03e-07
 3.05559e+23	9.73e-01	2.68e-02	1.03e-07
 3.05763e+23	9.74e-01	2.65e-02	1.02e-07
 3.05982e+23	9.74e-01	2.60e-02	1.02e-07
 3.06182e+23	9.74e-01	2.58e-02	1.02e-07
 3.06401e+23	9.75e-01	2.54e-02	1.02e-07
 3.06638e+23	9.75e-01	2.50e-02	1.02e-07
 3.06853e+23	9.75e-01	2.46e-02	1.02e-07
 3.07048e+23	9.76e-01	2.44e-02	1.02e-07
 3.07263e+23	9.76e-01	2.40e-02	1.02e-07
 3.07494e+23	9.76e-01	2.36e-02	1.02e-07
 3.07705e+23	9.77e-01	2.34e-02	1.02e-07
 3.07936e+23	9.77e-01	2.30e-02	1.01e-07
 3.08185e+23	9.77e-01	2.26e-02	1.02e-07
 3.08412e+23	9.78e-01	2.24e-02	1.02e-07
 3.08544e+23	9.78e-01	2.23e-02	1.02e-07
