#depth	N	N+	N+2	N+3	N+4	N+5	N+6	N+7
 1.54284e+22	4.26e-28	1.47e-21	1.33e-16	1.37e-12	4.81e-09	2.92e-05	1.04e-02	9.90e-01
 3.57336e+22	5.07e-27	1.15e-20	7.05e-16	4.99e-12	1.19e-08	5.82e-05	1.52e-02	9.85e-01
 4.30488e+22	1.85e-26	3.38e-20	1.67e-15	9.62e-12	1.86e-08	8.30e-05	1.85e-02	9.81e-01
 4.68289e+22	3.86e-26	6.21e-20	2.72e-15	1.40e-11	2.40e-08	1.01e-04	2.06e-02	9.79e-01
 4.85059e+22	4.78e-26	7.41e-20	3.13e-15	1.55e-11	2.57e-08	1.07e-04	2.13e-02	9.79e-01
 4.92773e+22	6.13e-26	9.12e-20	3.70e-15	1.76e-11	2.80e-08	1.15e-04	2.21e-02	9.78e-01
 5.01025e+22	7.64e-26	1.09e-19	4.28e-15	1.97e-11	3.01e-08	1.22e-04	2.28e-02	9.77e-01
 5.09975e+22	9.69e-26	1.33e-19	5.02e-15	2.22e-11	3.28e-08	1.30e-04	2.36e-02	9.76e-01
 5.19937e+22	1.30e-25	1.70e-19	6.10e-15	2.58e-11	3.62e-08	1.41e-04	2.47e-02	9.75e-01
 5.28789e+22	1.63e-25	2.05e-19	7.09e-15	2.89e-11	3.92e-08	1.50e-04	2.55e-02	9.74e-01
 5.37872e+22	2.20e-25	2.63e-19	8.66e-15	3.36e-11	4.33e-08	1.62e-04	2.66e-02	9.73e-01
 5.46950e+22	2.77e-25	3.19e-19	1.01e-14	3.78e-11	4.69e-08	1.72e-04	2.76e-02	9.72e-01
 5.54795e+22	3.53e-25	3.89e-19	1.19e-14	4.27e-11	5.08e-08	1.84e-04	2.85e-02	9.71e-01
 5.62479e+22	4.40e-25	4.68e-19	1.38e-14	4.78e-11	5.49e-08	1.95e-04	2.94e-02	9.70e-01
 5.71177e+22	5.96e-25	6.02e-19	1.68e-14	5.58e-11	6.07e-08	2.11e-04	3.07e-02	9.69e-01
 5.79322e+22	7.32e-25	7.15e-19	1.93e-14	6.19e-11	6.51e-08	2.23e-04	3.16e-02	9.68e-01
 5.86746e+22	9.57e-25	8.92e-19	2.31e-14	7.09e-11	7.13e-08	2.39e-04	3.28e-02	9.67e-01
 5.93743e+22	1.16e-24	1.04e-18	2.62e-14	7.80e-11	7.60e-08	2.51e-04	3.37e-02	9.66e-01
 5.99326e+22	1.40e-24	1.22e-18	2.98e-14	8.60e-11	8.10e-08	2.64e-04	3.46e-02	9.65e-01
 6.04647e+22	1.66e-24	1.41e-18	3.34e-14	9.37e-11	8.58e-08	2.76e-04	3.54e-02	9.64e-01
 6.10480e+22	2.04e-24	1.67e-18	3.84e-14	1.04e-10	9.21e-08	2.91e-04	3.64e-02	9.63e-01
 6.16590e+22	2.46e-24	1.96e-18	4.36e-14	1.15e-10	9.82e-08	3.06e-04	3.74e-02	9.62e-01
 6.22076e+22	2.96e-24	2.28e-18	4.93e-14	1.26e-10	1.05e-07	3.21e-04	3.83e-02	9.61e-01
 6.27186e+22	3.52e-24	2.64e-18	5.55e-14	1.38e-10	1.11e-07	3.36e-04	3.92e-02	9.60e-01
 6.32015e+22	4.18e-24	3.05e-18	6.23e-14	1.51e-10	1.18e-07	3.51e-04	4.01e-02	9.60e-01
 6.37519e+22	5.19e-24	3.66e-18	7.21e-14	1.68e-10	1.27e-07	3.71e-04	4.13e-02	9.58e-01
 6.43108e+22	6.19e-24	4.24e-18	8.13e-14	1.85e-10	1.35e-07	3.88e-04	4.22e-02	9.57e-01
 6.48809e+22	7.90e-24	5.19e-18	9.59e-14	2.09e-10	1.46e-07	4.12e-04	4.36e-02	9.56e-01
 6.54412e+22	9.44e-24	6.03e-18	1.08e-13	2.29e-10	1.56e-07	4.31e-04	4.46e-02	9.55e-01
 6.58976e+22	1.13e-23	7.01e-18	1.22e-13	2.51e-10	1.66e-07	4.51e-04	4.56e-02	9.54e-01
 6.63261e+22	1.34e-23	8.07e-18	1.37e-13	2.74e-10	1.75e-07	4.70e-04	4.66e-02	9.53e-01
 6.68094e+22	1.65e-23	9.62e-18	1.58e-13	3.06e-10	1.89e-07	4.95e-04	4.78e-02	9.52e-01
 6.73076e+22	2.00e-23	1.13e-17	1.80e-13	3.38e-10	2.02e-07	5.19e-04	4.90e-02	9.51e-01
 6.77421e+22	2.36e-23	1.30e-17	2.02e-13	3.69e-10	2.14e-07	5.40e-04	5.00e-02	9.49e-01
 6.82237e+22	2.99e-23	1.59e-17	2.38e-13	4.17e-10	2.32e-07	5.72e-04	5.14e-02	9.48e-01
 6.87089e+22	3.62e-23	1.86e-17	2.71e-13	4.61e-10	2.48e-07	5.99e-04	5.26e-02	9.47e-01
 6.91988e+22	4.61e-23	2.29e-17	3.20e-13	5.23e-10	2.70e-07	6.35e-04	5.42e-02	9.45e-01
 6.96963e+22	5.67e-23	2.72e-17	3.69e-13	5.83e-10	2.90e-07	6.67e-04	5.55e-02	9.44e-01
 7.01167e+22	6.84e-23	3.19e-17	4.19e-13	6.43e-10	3.09e-07	6.97e-04	5.67e-02	9.43e-01
 7.05763e+22	8.77e-23	3.93e-17	4.98e-13	7.33e-10	3.37e-07	7.39e-04	5.84e-02	9.41e-01
 7.10404e+22	1.07e-22	4.66e-17	5.72e-13	8.15e-10	3.62e-07	7.75e-04	5.97e-02	9.40e-01
 7.15105e+22	1.41e-22	5.88e-17	6.91e-13	9.41e-10	3.98e-07	8.25e-04	6.16e-02	9.38e-01
 7.19806e+22	1.73e-22	6.98e-17	7.95e-13	1.05e-09	4.28e-07	8.65e-04	6.30e-02	9.36e-01
 7.23877e+22	2.14e-22	8.37e-17	9.23e-13	1.17e-09	4.61e-07	9.08e-04	6.45e-02	9.35e-01
 7.27876e+22	2.64e-22	1.00e-16	1.07e-12	1.31e-09	4.97e-07	9.53e-04	6.61e-02	9.33e-01
 7.32411e+22	3.53e-22	1.28e-16	1.31e-12	1.53e-09	5.49e-07	1.02e-03	6.82e-02	9.31e-01
 7.36885e+22	4.34e-22	1.53e-16	1.51e-12	1.71e-09	5.92e-07	1.07e-03	6.98e-02	9.29e-01
 7.41279e+22	5.78e-22	1.95e-16	1.84e-12	1.99e-09	6.54e-07	1.14e-03	7.19e-02	9.27e-01
 7.45733e+22	7.29e-22	2.37e-16	2.17e-12	2.25e-09	7.10e-07	1.20e-03	7.37e-02	9.25e-01
 7.50266e+22	9.84e-22	3.06e-16	2.67e-12	2.63e-09	7.90e-07	1.28e-03	7.61e-02	9.23e-01
 7.54709e+22	1.23e-21	3.70e-16	3.12e-12	2.97e-09	8.55e-07	1.35e-03	7.80e-02	9.21e-01
 7.59034e+22	1.66e-21	4.76e-16	3.84e-12	3.48e-09	9.50e-07	1.44e-03	8.04e-02	9.18e-01
 7.63426e+22	2.10e-21	5.83e-16	4.54e-12	3.95e-09	1.03e-06	1.52e-03	8.25e-02	9.16e-01
 7.67902e+22	2.87e-21	7.62e-16	5.66e-12	4.67e-09	1.16e-06	1.62e-03	8.52e-02	9.13e-01
 7.72440e+22	3.69e-21	9.43e-16	6.74e-12	5.33e-09	1.26e-06	1.72e-03	8.75e-02	9.11e-01
 7.77058e+22	5.12e-21	1.25e-15	8.50e-12	6.36e-09	1.42e-06	1.85e-03	9.05e-02	9.08e-01
 7.81695e+22	6.59e-21	1.55e-15	1.01e-11	7.28e-09	1.56e-06	1.95e-03	9.29e-02	9.05e-01
 7.86357e+22	9.22e-21	2.06e-15	1.28e-11	8.72e-09	1.75e-06	2.10e-03	9.62e-02	9.02e-01
 7.90907e+22	1.17e-20	2.52e-15	1.52e-11	9.89e-09	1.91e-06	2.22e-03	9.86e-02	8.99e-01
 7.95315e+22	1.59e-20	3.28e-15	1.88e-11	1.17e-08	2.13e-06	2.37e-03	1.02e-01	8.96e-01
 7.99811e+22	2.03e-20	4.06e-15	2.25e-11	1.33e-08	2.33e-06	2.51e-03	1.04e-01	8.93e-01
 8.04425e+22	2.79e-20	5.32e-15	2.81e-11	1.58e-08	2.62e-06	2.69e-03	1.08e-01	8.89e-01
 8.09110e+22	3.57e-20	6.57e-15	3.35e-11	1.81e-08	2.87e-06	2.85e-03	1.11e-01	8.86e-01
 8.13889e+22	4.93e-20	8.66e-15	4.21e-11	2.16e-08	3.22e-06	3.06e-03	1.15e-01	8.82e-01
 8.18749e+22	6.29e-20	1.07e-14	4.99e-11	2.46e-08	3.53e-06	3.23e-03	1.17e-01	8.79e-01
 8.23715e+22	8.61e-20	1.40e-14	6.24e-11	2.92e-08	3.96e-06	3.47e-03	1.21e-01	8.75e-01
 8.28844e+22	1.11e-19	1.74e-14	7.49e-11	3.36e-08	4.36e-06	3.69e-03	1.25e-01	8.72e-01
 8.34153e+22	1.54e-19	2.29e-14	9.42e-11	4.00e-08	4.91e-06	3.97e-03	1.29e-01	8.67e-01
 8.39429e+22	1.95e-19	2.82e-14	1.12e-10	4.57e-08	5.37e-06	4.20e-03	1.32e-01	8.63e-01
 8.44692e+22	2.66e-19	3.67e-14	1.39e-10	5.41e-08	6.04e-06	4.51e-03	1.37e-01	8.59e-01
 8.50079e+22	3.37e-19	4.50e-14	1.65e-10	6.17e-08	6.60e-06	4.77e-03	1.40e-01	8.55e-01
 8.55625e+22	4.60e-19	5.88e-14	2.06e-10	7.32e-08	7.43e-06	5.13e-03	1.45e-01	8.50e-01
 8.61002e+22	5.66e-19	7.02e-14	2.39e-10	8.21e-08	8.04e-06	5.39e-03	1.48e-01	8.46e-01
 8.66161e+22	7.47e-19	8.91e-14	2.92e-10	9.58e-08	8.94e-06	5.76e-03	1.53e-01	8.41e-01
 8.71446e+22	9.23e-19	1.07e-13	3.39e-10	1.08e-07	9.70e-06	6.07e-03	1.56e-01	8.37e-01
 8.76896e+22	1.23e-18	1.37e-13	4.16e-10	1.26e-07	1.08e-05	6.50e-03	1.61e-01	8.32e-01
 8.82420e+22	1.51e-18	1.63e-13	4.82e-10	1.42e-07	1.17e-05	6.83e-03	1.65e-01	8.28e-01
 8.88041e+22	1.98e-18	2.06e-13	5.87e-10	1.65e-07	1.30e-05	7.30e-03	1.70e-01	8.23e-01
 8.93616e+22	2.43e-18	2.45e-13	6.79e-10	1.85e-07	1.41e-05	7.67e-03	1.74e-01	8.19e-01
 8.99135e+22	3.17e-18	3.09e-13	8.23e-10	2.15e-07	1.57e-05	8.19e-03	1.79e-01	8.13e-01
 9.04709e+22	3.84e-18	3.64e-13	9.44e-10	2.39e-07	1.69e-05	8.58e-03	1.83e-01	8.09e-01
 9.10355e+22	4.98e-18	4.56e-13	1.14e-09	2.77e-07	1.88e-05	9.16e-03	1.88e-01	8.03e-01
 9.16112e+22	6.05e-18	5.40e-13	1.31e-09	3.10e-07	2.03e-05	9.61e-03	1.92e-01	7.99e-01
 9.22012e+22	7.87e-18	6.76e-13	1.59e-09	3.59e-07	2.25e-05	1.03e-02	1.97e-01	7.92e-01
 9.28021e+22	9.57e-18	8.01e-13	1.83e-09	4.02e-07	2.44e-05	1.08e-02	2.02e-01	7.88e-01
 9.34171e+22	1.25e-17	1.00e-12	2.21e-09	4.67e-07	2.71e-05	1.15e-02	2.07e-01	7.81e-01
 9.40439e+22	1.52e-17	1.19e-12	2.55e-09	5.23e-07	2.93e-05	1.21e-02	2.12e-01	7.76e-01
 9.45932e+22	1.84e-17	1.41e-12	2.93e-09	5.84e-07	3.17e-05	1.27e-02	2.16e-01	7.71e-01
 9.52146e+22	2.37e-17	1.75e-12	3.52e-09	6.74e-07	3.51e-05	1.35e-02	2.22e-01	7.64e-01
 9.58369e+22	2.82e-17	2.03e-12	4.00e-09	7.45e-07	3.77e-05	1.41e-02	2.27e-01	7.59e-01
 9.64606e+22	3.62e-17	2.52e-12	4.79e-09	8.60e-07	4.17e-05	1.51e-02	2.33e-01	7.52e-01
 9.70936e+22	4.32e-17	2.94e-12	5.45e-09	9.51e-07	4.49e-05	1.58e-02	2.37e-01	7.47e-01
 9.77385e+22	5.50e-17	3.62e-12	6.49e-09	1.09e-06	4.95e-05	1.68e-02	2.43e-01	7.40e-01
 9.84044e+22	6.69e-17	4.28e-12	7.48e-09	1.22e-06	5.36e-05	1.76e-02	2.48e-01	7.34e-01
 9.90976e+22	8.52e-17	5.28e-12	8.91e-09	1.41e-06	5.92e-05	1.87e-02	2.55e-01	7.26e-01
 9.98151e+22	1.05e-16	6.30e-12	1.04e-08	1.58e-06	6.45e-05	1.98e-02	2.60e-01	7.20e-01
 1.00564e+23	1.35e-16	7.83e-12	1.24e-08	1.83e-06	7.16e-05	2.11e-02	2.67e-01	7.12e-01
 1.01336e+23	1.67e-16	9.42e-12	1.45e-08	2.07e-06	7.82e-05	2.22e-02	2.73e-01	7.04e-01
 1.02138e+23	2.16e-16	1.18e-11	1.75e-08	2.41e-06	8.71e-05	2.38e-02	2.81e-01	6.96e-01
 1.02969e+23	2.71e-16	1.43e-11	2.06e-08	2.74e-06	9.55e-05	2.52e-02	2.87e-01	6.88e-01
 1.03722e+23	3.35e-16	1.72e-11	2.41e-08	3.11e-06	1.04e-04	2.66e-02	2.93e-01	6.80e-01
 1.04585e+23	4.40e-16	2.18e-11	2.94e-08	3.63e-06	1.17e-04	2.85e-02	3.01e-01	6.70e-01
 1.05466e+23	5.52e-16	2.65e-11	3.46e-08	4.14e-06	1.28e-04	3.02e-02	3.08e-01	6.62e-01
 1.06252e+23	6.82e-16	3.18e-11	4.04e-08	4.69e-06	1.40e-04	3.18e-02	3.14e-01	6.54e-01
 1.07156e+23	9.15e-16	4.10e-11	5.00e-08	5.56e-06	1.58e-04	3.43e-02	3.23e-01	6.42e-01
 1.08066e+23	1.13e-15	4.92e-11	5.84e-08	6.28e-06	1.73e-04	3.62e-02	3.30e-01	6.34e-01
 1.08987e+23	1.52e-15	6.36e-11	7.25e-08	7.47e-06	1.96e-04	3.90e-02	3.39e-01	6.22e-01
 1.09918e+23	1.90e-15	7.71e-11	8.53e-08	8.50e-06	2.15e-04	4.12e-02	3.46e-01	6.12e-01
 1.10865e+23	2.56e-15	9.98e-11	1.06e-07	1.01e-05	2.43e-04	4.44e-02	3.55e-01	6.00e-01
 1.11769e+23	3.12e-15	1.18e-10	1.22e-07	1.13e-05	2.64e-04	4.67e-02	3.62e-01	5.91e-01
 1.12619e+23	4.12e-15	1.50e-10	1.50e-07	1.33e-05	2.96e-04	5.00e-02	3.70e-01	5.79e-01
 1.13470e+23	5.03e-15	1.79e-10	1.73e-07	1.50e-05	3.22e-04	5.26e-02	3.77e-01	5.70e-01
 1.14325e+23	6.57e-15	2.25e-10	2.11e-07	1.76e-05	3.60e-04	5.62e-02	3.85e-01	5.58e-01
 1.15198e+23	8.17e-15	2.72e-10	2.48e-07	2.00e-05	3.95e-04	5.93e-02	3.92e-01	5.48e-01
 1.16096e+23	1.09e-14	3.49e-10	3.06e-07	2.37e-05	4.45e-04	6.37e-02	4.01e-01	5.35e-01
 1.16998e+23	1.35e-14	4.21e-10	3.59e-07	2.69e-05	4.88e-04	6.72e-02	4.08e-01	5.24e-01
 1.17907e+23	1.81e-14	5.42e-10	4.45e-07	3.20e-05	5.53e-04	7.23e-02	4.17e-01	5.10e-01
 1.18829e+23	2.25e-14	6.56e-10	5.23e-07	3.65e-05	6.07e-04	7.63e-02	4.24e-01	4.99e-01
 1.19767e+23	3.02e-14	8.48e-10	6.52e-07	4.37e-05	6.90e-04	8.21e-02	4.33e-01	4.84e-01
 1.20725e+23	3.82e-14	1.04e-09	7.77e-07	5.04e-05	7.64e-04	8.71e-02	4.40e-01	4.72e-01
 1.21710e+23	5.18e-14	1.36e-09	9.77e-07	6.08e-05	8.74e-04	9.40e-02	4.49e-01	4.56e-01
 1.22715e+23	6.60e-14	1.68e-09	1.17e-06	7.07e-05	9.74e-04	1.00e-01	4.56e-01	4.43e-01
 1.23713e+23	8.86e-14	2.17e-09	1.47e-06	8.50e-05	1.11e-03	1.08e-01	4.65e-01	4.26e-01
 1.24661e+23	1.09e-13	2.61e-09	1.72e-06	9.70e-05	1.22e-03	1.14e-01	4.70e-01	4.15e-01
 1.25578e+23	1.43e-13	3.32e-09	2.12e-06	1.16e-04	1.39e-03	1.22e-01	4.78e-01	3.99e-01
 1.26512e+23	1.77e-13	4.00e-09	2.50e-06	1.33e-04	1.53e-03	1.29e-01	4.83e-01	3.87e-01
 1.27428e+23	2.28e-13	5.00e-09	3.04e-06	1.57e-04	1.73e-03	1.37e-01	4.89e-01	3.72e-01
 1.28363e+23	2.82e-13	6.05e-09	3.60e-06	1.81e-04	1.92e-03	1.45e-01	4.94e-01	3.58e-01
 1.29274e+23	3.54e-13	7.42e-09	4.32e-06	2.12e-04	2.15e-03	1.55e-01	4.99e-01	3.44e-01
 1.30205e+23	4.38e-13	8.96e-09	5.12e-06	2.45e-04	2.40e-03	1.64e-01	5.03e-01	3.31e-01
 1.31127e+23	5.42e-13	1.08e-08	6.08e-06	2.85e-04	2.68e-03	1.73e-01	5.07e-01	3.17e-01
 1.32054e+23	6.62e-13	1.30e-08	7.17e-06	3.29e-04	2.98e-03	1.83e-01	5.10e-01	3.04e-01
 1.32971e+23	8.05e-13	1.55e-08	8.42e-06	3.79e-04	3.31e-03	1.94e-01	5.12e-01	2.91e-01
 1.33886e+23	9.71e-13	1.84e-08	9.85e-06	4.36e-04	3.67e-03	2.04e-01	5.14e-01	2.78e-01
 1.34802e+23	1.16e-12	2.17e-08	1.15e-05	5.01e-04	4.07e-03	2.15e-01	5.15e-01	2.65e-01
 1.35723e+23	1.39e-12	2.56e-08	1.34e-05	5.74e-04	4.51e-03	2.26e-01	5.16e-01	2.53e-01
 1.36649e+23	1.65e-12	2.99e-08	1.55e-05	6.56e-04	4.98e-03	2.38e-01	5.16e-01	2.41e-01
 1.37584e+23	1.94e-12	3.49e-08	1.79e-05	7.49e-04	5.51e-03	2.49e-01	5.15e-01	2.29e-01
 1.38530e+23	2.28e-12	4.06e-08	2.07e-05	8.54e-04	6.09e-03	2.62e-01	5.14e-01	2.17e-01
 1.39480e+23	2.67e-12	4.69e-08	2.38e-05	9.71e-04	6.71e-03	2.74e-01	5.12e-01	2.06e-01
 1.40447e+23	3.11e-12	5.42e-08	2.73e-05	1.11e-03	7.40e-03	2.87e-01	5.09e-01	1.95e-01
 1.41425e+23	3.60e-12	6.23e-08	3.12e-05	1.25e-03	8.14e-03	3.00e-01	5.06e-01	1.85e-01
 1.42422e+23	4.17e-12	7.17e-08	3.58e-05	1.42e-03	8.98e-03	3.13e-01	5.02e-01	1.74e-01
 1.43350e+23	4.69e-12	8.02e-08	4.00e-05	1.58e-03	9.71e-03	3.24e-01	4.99e-01	1.66e-01
 1.44304e+23	5.42e-12	9.21e-08	4.59e-05	1.79e-03	1.07e-02	3.39e-01	4.93e-01	1.55e-01
 1.45274e+23	6.08e-12	1.03e-07	5.11e-05	1.98e-03	1.16e-02	3.50e-01	4.89e-01	1.47e-01
 1.46270e+23	6.97e-12	1.18e-07	5.85e-05	2.26e-03	1.28e-02	3.66e-01	4.82e-01	1.38e-01
 1.47271e+23	7.79e-12	1.31e-07	6.50e-05	2.49e-03	1.38e-02	3.77e-01	4.76e-01	1.30e-01
 1.48279e+23	8.89e-12	1.49e-07	7.41e-05	2.81e-03	1.52e-02	3.92e-01	4.69e-01	1.21e-01
 1.49293e+23	9.87e-12	1.65e-07	8.20e-05	3.09e-03	1.63e-02	4.03e-01	4.62e-01	1.15e-01
 1.50316e+23	1.12e-11	1.87e-07	9.31e-05	3.48e-03	1.79e-02	4.18e-01	4.53e-01	1.07e-01
 1.51347e+23	1.24e-11	2.07e-07	1.03e-04	3.82e-03	1.92e-02	4.30e-01	4.46e-01	1.01e-01
 1.52389e+23	1.40e-11	2.34e-07	1.17e-04	4.29e-03	2.11e-02	4.45e-01	4.37e-01	9.33e-02
 1.53444e+23	1.55e-11	2.58e-07	1.29e-04	4.69e-03	2.26e-02	4.56e-01	4.29e-01	8.78e-02
 1.54517e+23	1.75e-11	2.92e-07	1.46e-04	5.26e-03	2.47e-02	4.70e-01	4.18e-01	8.10e-02
 1.55608e+23	1.93e-11	3.22e-07	1.61e-04	5.75e-03	2.64e-02	4.82e-01	4.10e-01	7.60e-02
 1.56722e+23	2.18e-11	3.64e-07	1.82e-04	6.44e-03	2.89e-02	4.96e-01	3.99e-01	6.98e-02
 1.57860e+23	2.42e-11	4.03e-07	2.02e-04	7.04e-03	3.09e-02	5.07e-01	3.89e-01	6.52e-02
 1.59028e+23	2.73e-11	4.57e-07	2.29e-04	7.89e-03	3.38e-02	5.21e-01	3.77e-01	5.95e-02
 1.60226e+23	3.04e-11	5.07e-07	2.55e-04	8.64e-03	3.62e-02	5.32e-01	3.67e-01	5.53e-02
 1.61462e+23	3.45e-11	5.77e-07	2.91e-04	9.70e-03	3.96e-02	5.46e-01	3.54e-01	5.01e-02
 1.62626e+23	3.80e-11	6.33e-07	3.18e-04	1.05e-02	4.18e-02	5.55e-01	3.46e-01	4.70e-02
 1.63697e+23	4.24e-11	7.08e-07	3.56e-04	1.15e-02	4.50e-02	5.66e-01	3.34e-01	4.32e-02
 1.64758e+23	4.64e-11	7.73e-07	3.89e-04	1.24e-02	4.75e-02	5.73e-01	3.26e-01	4.05e-02
 1.65806e+23	5.13e-11	8.58e-07	4.33e-04	1.35e-02	5.09e-02	5.83e-01	3.15e-01	3.71e-02
 1.66861e+23	5.64e-11	9.39e-07	4.72e-04	1.45e-02	5.36e-02	5.90e-01	3.06e-01	3.48e-02
 1.67924e+23	6.28e-11	1.05e-06	5.27e-04	1.59e-02	5.73e-02	5.99e-01	2.95e-01	3.19e-02
 1.69007e+23	6.93e-11	1.15e-06	5.77e-04	1.70e-02	6.03e-02	6.06e-01	2.87e-01	2.97e-02
 1.70115e+23	7.74e-11	1.29e-06	6.46e-04	1.87e-02	6.46e-02	6.14e-01	2.75e-01	2.71e-02
 1.71239e+23	8.57e-11	1.42e-06	7.09e-04	2.00e-02	6.79e-02	6.19e-01	2.67e-01	2.52e-02
 1.72383e+23	9.62e-11	1.59e-06	7.96e-04	2.19e-02	7.26e-02	6.26e-01	2.55e-01	2.29e-02
 1.73551e+23	1.07e-10	1.77e-06	8.76e-04	2.36e-02	7.63e-02	6.31e-01	2.47e-01	2.12e-02
 1.74747e+23	1.21e-10	1.99e-06	9.89e-04	2.58e-02	8.16e-02	6.37e-01	2.35e-01	1.91e-02
 1.75970e+23	1.36e-10	2.22e-06	1.09e-03	2.78e-02	8.58e-02	6.41e-01	2.27e-01	1.76e-02
 1.77227e+23	1.55e-10	2.52e-06	1.24e-03	3.05e-02	9.17e-02	6.46e-01	2.15e-01	1.58e-02
 1.78512e+23	1.75e-10	2.82e-06	1.38e-03	3.29e-02	9.65e-02	6.48e-01	2.06e-01	1.45e-02
 1.79833e+23	2.02e-10	3.24e-06	1.57e-03	3.61e-02	1.03e-01	6.51e-01	1.95e-01	1.29e-02
 1.81170e+23	2.29e-10	3.65e-06	1.75e-03	3.89e-02	1.08e-01	6.53e-01	1.87e-01	1.18e-02
 1.82528e+23	2.65e-10	4.20e-06	2.00e-03	4.28e-02	1.15e-01	6.54e-01	1.76e-01	1.04e-02
 1.83902e+23	3.03e-10	4.75e-06	2.23e-03	4.61e-02	1.21e-01	6.54e-01	1.67e-01	9.47e-03
 1.85295e+23	3.54e-10	5.50e-06	2.57e-03	5.06e-02	1.29e-01	6.53e-01	1.57e-01	8.33e-03
 1.86658e+23	4.03e-10	6.18e-06	2.84e-03	5.42e-02	1.34e-01	6.51e-01	1.50e-01	7.61e-03
 1.87981e+23	4.68e-10	7.11e-06	3.24e-03	5.91e-02	1.42e-01	6.49e-01	1.40e-01	6.72e-03
 1.89353e+23	5.40e-10	8.07e-06	3.62e-03	6.35e-02	1.48e-01	6.45e-01	1.33e-01	6.08e-03
 1.90523e+23	6.05e-10	8.97e-06	3.98e-03	6.76e-02	1.54e-01	6.42e-01	1.27e-01	5.55e-03
 1.91777e+23	7.02e-10	1.03e-05	4.49e-03	7.31e-02	1.61e-01	6.37e-01	1.19e-01	4.94e-03
 1.93042e+23	7.95e-10	1.15e-05	4.95e-03	7.77e-02	1.67e-01	6.32e-01	1.13e-01	4.49e-03
 1.94319e+23	9.25e-10	1.32e-05	5.58e-03	8.38e-02	1.75e-01	6.26e-01	1.06e-01	3.99e-03
 1.95635e+23	1.05e-09	1.48e-05	6.19e-03	8.95e-02	1.82e-01	6.19e-01	9.99e-02	3.58e-03
 1.96800e+23	1.20e-09	1.66e-05	6.83e-03	9.50e-02	1.88e-01	6.13e-01	9.46e-02	3.24e-03
 1.98115e+23	1.41e-09	1.91e-05	7.70e-03	1.02e-01	1.95e-01	6.04e-01	8.82e-02	2.86e-03
 1.99501e+23	1.63e-09	2.18e-05	8.60e-03	1.09e-01	2.02e-01	5.94e-01	8.25e-02	2.55e-03
 2.00762e+23	1.87e-09	2.46e-05	9.53e-03	1.16e-01	2.09e-01	5.85e-01	7.74e-02	2.28e-03
 2.02184e+23	2.23e-09	2.86e-05	1.08e-02	1.26e-01	2.17e-01	5.73e-01	7.14e-02	1.98e-03
 2.03651e+23	2.60e-09	3.27e-05	1.21e-02	1.34e-01	2.24e-01	5.62e-01	6.63e-02	1.74e-03
 2.04954e+23	3.00e-09	3.71e-05	1.34e-02	1.42e-01	2.31e-01	5.50e-01	6.18e-02	1.55e-03
 2.06427e+23	3.61e-09	4.34e-05	1.53e-02	1.53e-01	2.38e-01	5.35e-01	5.65e-02	1.33e-03
 2.07956e+23	4.25e-09	4.99e-05	1.71e-02	1.63e-01	2.45e-01	5.21e-01	5.20e-02	1.16e-03
 2.09329e+23	4.96e-09	5.69e-05	1.90e-02	1.73e-01	2.51e-01	5.07e-01	4.80e-02	1.02e-03
 2.10884e+23	6.05e-09	6.72e-05	2.17e-02	1.86e-01	2.59e-01	4.89e-01	4.33e-02	8.59e-04
 2.12491e+23	7.16e-09	7.75e-05	2.43e-02	1.98e-01	2.65e-01	4.73e-01	3.95e-02	7.41e-04
 2.14166e+23	8.87e-09	9.27e-05	2.79e-02	2.13e-01	2.71e-01	4.52e-01	3.52e-02	6.14e-04
 2.15858e+23	1.06e-08	1.07e-04	3.12e-02	2.26e-01	2.76e-01	4.35e-01	3.18e-02	5.25e-04
 2.17342e+23	1.25e-08	1.23e-04	3.47e-02	2.38e-01	2.80e-01	4.17e-01	2.89e-02	4.49e-04
 2.19043e+23	1.56e-08	1.47e-04	3.98e-02	2.55e-01	2.85e-01	3.95e-01	2.53e-02	3.67e-04
 2.20767e+23	1.86e-08	1.70e-04	4.43e-02	2.68e-01	2.88e-01	3.76e-01	2.27e-02	3.09e-04
 2.22522e+23	2.33e-08	2.04e-04	5.06e-02	2.86e-01	2.91e-01	3.53e-01	1.98e-02	2.50e-04
 2.24303e+23	2.81e-08	2.37e-04	5.63e-02	3.00e-01	2.92e-01	3.34e-01	1.75e-02	2.08e-04
 2.25884e+23	3.37e-08	2.74e-04	6.24e-02	3.14e-01	2.93e-01	3.15e-01	1.55e-02	1.74e-04
 2.27700e+23	4.26e-08	3.30e-04	7.11e-02	3.32e-01	2.92e-01	2.91e-01	1.33e-02	1.37e-04
 2.29540e+23	5.15e-08	3.82e-04	7.87e-02	3.46e-01	2.91e-01	2.73e-01	1.16e-02	1.13e-04
 2.31410e+23	6.56e-08	4.60e-04	8.93e-02	3.63e-01	2.88e-01	2.49e-01	9.77e-03	8.73e-05
 2.33305e+23	7.96e-08	5.34e-04	9.86e-02	3.77e-01	2.84e-01	2.31e-01	8.47e-03	7.09e-05
 2.35233e+23	1.02e-07	6.45e-04	1.11e-01	3.93e-01	2.78e-01	2.09e-01	7.02e-03	5.39e-05
 2.37124e+23	1.23e-07	7.41e-04	1.22e-01	4.05e-01	2.73e-01	1.93e-01	6.08e-03	4.38e-05
 2.38969e+23	1.55e-07	8.84e-04	1.36e-01	4.19e-01	2.66e-01	1.74e-01	5.02e-03	3.34e-05
 2.40750e+23	1.84e-07	1.00e-03	1.47e-01	4.28e-01	2.60e-01	1.61e-01	4.38e-03	2.75e-05
 2.42447e+23	2.28e-07	1.17e-03	1.61e-01	4.38e-01	2.51e-01	1.45e-01	3.65e-03	2.12e-05
 2.44147e+23	2.70e-07	1.32e-03	1.73e-01	4.45e-01	2.44e-01	1.33e-01	3.16e-03	1.73e-05
 2.45850e+23	3.33e-07	1.54e-03	1.89e-01	4.53e-01	2.34e-01	1.19e-01	2.62e-03	1.33e-05
 2.47598e+23	3.98e-07	1.75e-03	2.03e-01	4.59e-01	2.26e-01	1.08e-01	2.23e-03	1.06e-05
 2.49166e+23	4.73e-07	1.98e-03	2.17e-01	4.63e-01	2.17e-01	9.85e-02	1.90e-03	8.49e-06
 2.50969e+23	5.89e-07	2.31e-03	2.36e-01	4.67e-01	2.06e-01	8.68e-02	1.54e-03	6.34e-06
 2.52792e+23	7.05e-07	2.62e-03	2.53e-01	4.69e-01	1.96e-01	7.80e-02	1.29e-03	4.97e-06
 2.54642e+23	8.76e-07	3.05e-03	2.73e-01	4.70e-01	1.85e-01	6.82e-02	1.03e-03	3.69e-06
 2.56442e+23	1.04e-06	3.42e-03	2.89e-01	4.70e-01	1.76e-01	6.13e-02	8.70e-04	2.91e-06
 2.57862e+23	1.20e-06	3.78e-03	3.03e-01	4.69e-01	1.68e-01	5.58e-02	7.47e-04	2.36e-06
 2.59391e+23	1.43e-06	4.26e-03	3.21e-01	4.66e-01	1.58e-01	4.96e-02	6.19e-04	1.83e-06
 2.60964e+23	1.66e-06	4.71e-03	3.36e-01	4.63e-01	1.50e-01	4.47e-02	5.25e-04	1.46e-06
 2.62375e+23	1.91e-06	5.19e-03	3.52e-01	4.59e-01	1.43e-01	4.04e-02	4.46e-04	1.17e-06
 2.63989e+23	2.29e-06	5.86e-03	3.71e-01	4.54e-01	1.33e-01	3.54e-02	3.63e-04	8.87e-07
 2.65619e+23	2.66e-06	6.47e-03	3.87e-01	4.48e-01	1.26e-01	3.17e-02	3.05e-04	7.00e-07
 2.67046e+23	3.08e-06	7.12e-03	4.03e-01	4.43e-01	1.19e-01	2.84e-02	2.57e-04	5.56e-07
 2.68677e+23	3.68e-06	8.01e-03	4.23e-01	4.34e-01	1.10e-01	2.48e-02	2.07e-04	4.16e-07
 2.70337e+23	4.27e-06	8.82e-03	4.39e-01	4.27e-01	1.03e-01	2.20e-02	1.72e-04	3.25e-07
 2.71807e+23	4.93e-06	9.70e-03	4.56e-01	4.19e-01	9.63e-02	1.96e-02	1.43e-04	2.54e-07
 2.73490e+23	5.92e-06	1.09e-02	4.76e-01	4.08e-01	8.85e-02	1.69e-02	1.14e-04	1.87e-07
 2.75194e+23	6.87e-06	1.20e-02	4.92e-01	3.99e-01	8.23e-02	1.49e-02	9.38e-05	1.44e-07
 2.76695e+23	7.94e-06	1.32e-02	5.08e-01	3.89e-01	7.66e-02	1.31e-02	7.75e-05	0.00e+00
 2.78415e+23	9.51e-06	1.48e-02	5.28e-01	3.76e-01	6.98e-02	1.12e-02	6.08e-05	0.00e+00
 2.80167e+23	1.11e-05	1.63e-02	5.44e-01	3.66e-01	6.44e-02	9.82e-03	4.95e-05	0.00e+00
 2.81961e+23	1.33e-05	1.83e-02	5.64e-01	3.52e-01	5.82e-02	8.30e-03	3.82e-05	0.00e+00
 2.83776e+23	1.56e-05	2.02e-02	5.79e-01	3.40e-01	5.33e-02	7.20e-03	3.08e-05	0.00e+00
 2.85617e+23	1.88e-05	2.27e-02	5.98e-01	3.25e-01	4.79e-02	6.04e-03	2.35e-05	0.00e+00
 2.87491e+23	2.20e-05	2.50e-02	6.14e-01	3.13e-01	4.36e-02	5.20e-03	1.87e-05	0.00e+00
 2.89150e+23	2.55e-05	2.75e-02	6.28e-01	3.00e-01	3.98e-02	4.49e-03	1.50e-05	0.00e+00
 2.91046e+23	3.08e-05	3.09e-02	6.45e-01	2.85e-01	3.54e-02	3.73e-03	1.13e-05	0.00e+00
 2.92992e+23	3.63e-05	3.42e-02	6.59e-01	2.72e-01	3.19e-02	3.17e-03	8.79e-06	0.00e+00
 2.94471e+23	4.06e-05	3.66e-02	6.68e-01	2.63e-01	2.97e-02	2.83e-03	7.40e-06	0.00e+00
 2.95858e+23	4.65e-05	3.98e-02	6.79e-01	2.52e-01	2.71e-02	2.46e-03	5.99e-06	0.00e+00
 2.97291e+23	5.23e-05	4.27e-02	6.87e-01	2.43e-01	2.51e-02	2.18e-03	4.99e-06	0.00e+00
 2.98781e+23	6.05e-05	4.67e-02	6.97e-01	2.31e-01	2.27e-02	1.87e-03	3.96e-06	0.00e+00
 3.00279e+23	6.82e-05	5.02e-02	7.05e-01	2.22e-01	2.09e-02	1.65e-03	3.28e-06	0.00e+00
 3.01586e+23	7.66e-05	5.38e-02	7.12e-01	2.13e-01	1.93e-02	1.46e-03	2.72e-06	0.00e+00
 3.03088e+23	8.86e-05	5.88e-02	7.20e-01	2.02e-01	1.74e-02	1.25e-03	2.15e-06	0.00e+00
 3.04616e+23	1.01e-04	6.35e-02	7.26e-01	1.93e-01	1.60e-02	1.09e-03	1.75e-06	0.00e+00
 3.05952e+23	1.13e-04	6.83e-02	7.32e-01	1.84e-01	1.47e-02	9.60e-04	1.45e-06	0.00e+00
 3.07462e+23	1.32e-04	7.49e-02	7.37e-01	1.74e-01	1.32e-02	8.16e-04	1.13e-06	0.00e+00
 3.08442e+23	1.40e-04	7.77e-02	7.37e-01	1.71e-01	1.28e-02	7.88e-04	1.07e-06	0.00e+00
