#depth	O	O+	O+2	O+3	O+4	O+5	O+6	O+7	O+8	O[1]	O[2]	O[3]
 4.62852e+21	5.62e-15	1.74e-10	2.16e-07	2.51e-05	5.87e-04	4.49e-03	1.97e-01	5.01e-01	2.97e-01	5.62e-15	2.60e-25	2.73e-25
 1.02691e+22	5.84e-14	1.35e-09	1.33e-06	1.23e-04	2.21e-03	1.14e-02	3.10e-01	4.92e-01	1.84e-01	5.84e-14	1.15e-22	1.44e-22
 1.17685e+22	1.44e-13	3.04e-09	2.81e-06	2.43e-04	3.98e-03	1.74e-02	3.72e-01	4.67e-01	1.38e-01	1.44e-13	2.85e-22	3.57e-22
 1.24993e+22	2.12e-13	4.30e-09	3.94e-06	3.34e-04	5.26e-03	2.13e-02	4.04e-01	4.50e-01	1.19e-01	2.12e-13	4.18e-22	5.25e-22
 1.28320e+22	2.41e-13	4.85e-09	4.42e-06	3.73e-04	5.79e-03	2.29e-02	4.16e-01	4.44e-01	1.12e-01	2.41e-13	4.77e-22	5.99e-22
 1.30282e+22	2.79e-13	5.56e-09	5.06e-06	4.25e-04	6.50e-03	2.49e-02	4.29e-01	4.35e-01	1.04e-01	2.79e-13	5.53e-22	6.94e-22
 1.32356e+22	3.19e-13	6.28e-09	5.71e-06	4.78e-04	7.21e-03	2.69e-02	4.41e-01	4.26e-01	9.75e-02	3.19e-13	6.31e-22	7.91e-22
 1.34431e+22	3.62e-13	7.10e-09	6.47e-06	5.40e-04	8.05e-03	2.92e-02	4.55e-01	4.17e-01	9.06e-02	3.62e-13	7.19e-22	9.01e-22
 1.36510e+22	4.08e-13	7.94e-09	7.26e-06	6.05e-04	8.89e-03	3.14e-02	4.67e-01	4.08e-01	8.46e-02	4.08e-13	8.09e-22	1.01e-21
 1.38596e+22	4.59e-13	8.90e-09	8.17e-06	6.80e-04	9.86e-03	3.40e-02	4.79e-01	3.98e-01	7.85e-02	4.59e-13	9.13e-22	1.14e-21
 1.40735e+22	5.13e-13	9.92e-09	9.15e-06	7.62e-04	1.09e-02	3.66e-02	4.91e-01	3.88e-01	7.29e-02	5.13e-13	1.02e-21	1.28e-21
 1.42903e+22	5.72e-13	1.10e-08	1.03e-05	8.55e-04	1.20e-02	3.95e-02	5.03e-01	3.78e-01	6.74e-02	5.72e-13	1.14e-21	1.43e-21
 1.45106e+22	6.34e-13	1.22e-08	1.14e-05	9.55e-04	1.33e-02	4.25e-02	5.14e-01	3.67e-01	6.23e-02	6.34e-13	1.26e-21	1.58e-21
 1.47130e+22	6.89e-13	1.33e-08	1.25e-05	1.05e-03	1.44e-02	4.52e-02	5.23e-01	3.58e-01	5.83e-02	6.89e-13	1.38e-21	1.72e-21
 1.49245e+22	7.61e-13	1.47e-08	1.40e-05	1.18e-03	1.58e-02	4.88e-02	5.34e-01	3.46e-01	5.35e-02	7.61e-13	1.52e-21	1.90e-21
 1.51391e+22	8.26e-13	1.60e-08	1.54e-05	1.29e-03	1.71e-02	5.17e-02	5.43e-01	3.37e-01	4.99e-02	8.26e-13	1.65e-21	2.07e-21
 1.53595e+22	9.12e-13	1.78e-08	1.72e-05	1.45e-03	1.89e-02	5.58e-02	5.53e-01	3.25e-01	4.55e-02	9.12e-13	1.83e-21	2.29e-21
 1.55813e+22	9.83e-13	1.92e-08	1.88e-05	1.59e-03	2.03e-02	5.91e-02	5.61e-01	3.16e-01	4.24e-02	9.83e-13	1.97e-21	2.47e-21
 1.58048e+22	1.07e-12	2.12e-08	2.10e-05	1.78e-03	2.23e-02	6.36e-02	5.70e-01	3.04e-01	3.86e-02	1.07e-12	2.16e-21	2.70e-21
 1.60288e+22	1.16e-12	2.29e-08	2.29e-05	1.94e-03	2.40e-02	6.71e-02	5.77e-01	2.94e-01	3.59e-02	1.16e-12	2.33e-21	2.92e-21
 1.62534e+22	1.26e-12	2.53e-08	2.56e-05	2.17e-03	2.62e-02	7.19e-02	5.85e-01	2.82e-01	3.26e-02	1.26e-12	2.55e-21	3.19e-21
 1.64803e+22	1.36e-12	2.73e-08	2.79e-05	2.37e-03	2.81e-02	7.57e-02	5.90e-01	2.73e-01	3.03e-02	1.36e-12	2.75e-21	3.43e-21
 1.67101e+22	1.48e-12	3.01e-08	3.11e-05	2.65e-03	3.06e-02	8.10e-02	5.97e-01	2.61e-01	2.74e-02	1.48e-12	3.00e-21	3.75e-21
 1.69429e+22	1.60e-12	3.26e-08	3.40e-05	2.89e-03	3.27e-02	8.52e-02	6.01e-01	2.52e-01	2.54e-02	1.60e-12	3.24e-21	4.04e-21
 1.71793e+22	1.74e-12	3.60e-08	3.80e-05	3.23e-03	3.56e-02	9.10e-02	6.07e-01	2.41e-01	2.29e-02	1.74e-12	3.54e-21	4.41e-21
 1.74199e+22	1.88e-12	3.92e-08	4.17e-05	3.54e-03	3.81e-02	9.57e-02	6.10e-01	2.32e-01	2.11e-02	1.88e-12	3.83e-21	4.77e-21
 1.76657e+22	2.06e-12	4.35e-08	4.68e-05	3.96e-03	4.14e-02	1.02e-01	6.14e-01	2.20e-01	1.89e-02	2.06e-12	4.20e-21	5.23e-21
 1.79169e+22	2.24e-12	4.76e-08	5.16e-05	4.35e-03	4.42e-02	1.07e-01	6.16e-01	2.11e-01	1.73e-02	2.24e-12	4.57e-21	5.70e-21
 1.81750e+22	2.46e-12	5.32e-08	5.83e-05	4.89e-03	4.80e-02	1.14e-01	6.18e-01	1.99e-01	1.54e-02	2.46e-12	5.04e-21	6.28e-21
 1.84389e+22	2.70e-12	5.88e-08	6.46e-05	5.37e-03	5.13e-02	1.20e-01	6.19e-01	1.91e-01	1.41e-02	2.70e-12	5.54e-21	6.90e-21
 1.86616e+22	2.91e-12	6.40e-08	7.07e-05	5.84e-03	5.43e-02	1.25e-01	6.19e-01	1.83e-01	1.30e-02	2.91e-12	5.99e-21	7.46e-21
 1.89022e+22	3.21e-12	7.14e-08	7.94e-05	6.50e-03	5.84e-02	1.32e-01	6.18e-01	1.73e-01	1.16e-02	3.21e-12	6.61e-21	8.24e-21
 1.91366e+22	3.46e-12	7.78e-08	8.65e-05	7.02e-03	6.15e-02	1.37e-01	6.17e-01	1.66e-01	1.08e-02	3.46e-12	7.16e-21	8.92e-21
 1.93627e+22	3.78e-12	8.62e-08	9.64e-05	7.75e-03	6.57e-02	1.44e-01	6.16e-01	1.57e-01	9.69e-03	3.78e-12	7.84e-21	9.76e-21
 1.95910e+22	4.13e-12	9.46e-08	1.06e-04	8.38e-03	6.91e-02	1.49e-01	6.14e-01	1.51e-01	8.95e-03	4.13e-12	8.59e-21	1.07e-20
 1.98220e+22	4.56e-12	1.06e-07	1.18e-04	9.26e-03	7.37e-02	1.56e-01	6.10e-01	1.43e-01	8.04e-03	4.56e-12	9.50e-21	1.18e-20
 2.00562e+22	5.00e-12	1.17e-07	1.30e-04	1.00e-02	7.75e-02	1.61e-01	6.07e-01	1.37e-01	7.39e-03	5.00e-12	1.04e-20	1.30e-20
 2.02945e+22	5.57e-12	1.31e-07	1.46e-04	1.11e-02	8.26e-02	1.69e-01	6.03e-01	1.29e-01	6.61e-03	5.57e-12	1.17e-20	1.45e-20
 2.05363e+22	6.17e-12	1.46e-07	1.61e-04	1.20e-02	8.68e-02	1.74e-01	5.98e-01	1.23e-01	6.06e-03	6.17e-12	1.30e-20	1.61e-20
 2.07825e+22	6.92e-12	1.66e-07	1.82e-04	1.33e-02	9.24e-02	1.82e-01	5.92e-01	1.15e-01	5.39e-03	6.92e-12	1.46e-20	1.81e-20
 2.10325e+22	7.75e-12	1.86e-07	2.02e-04	1.45e-02	9.72e-02	1.87e-01	5.86e-01	1.09e-01	4.92e-03	7.75e-12	1.64e-20	2.03e-20
 2.12877e+22	8.77e-12	2.12e-07	2.30e-04	1.60e-02	1.03e-01	1.95e-01	5.78e-01	1.02e-01	4.34e-03	8.77e-12	1.86e-20	2.31e-20
 2.15477e+22	9.91e-12	2.40e-07	2.56e-04	1.75e-02	1.09e-01	2.01e-01	5.72e-01	9.66e-02	3.95e-03	9.91e-12	2.11e-20	2.62e-20
 2.18142e+22	1.14e-11	2.78e-07	2.94e-04	1.94e-02	1.16e-01	2.10e-01	5.62e-01	8.97e-02	3.46e-03	1.14e-11	2.43e-20	3.02e-20
 2.20879e+22	1.30e-11	3.17e-07	3.29e-04	2.12e-02	1.22e-01	2.16e-01	5.53e-01	8.44e-02	3.12e-03	1.30e-11	2.78e-20	3.45e-20
 2.23713e+22	1.53e-11	3.74e-07	3.82e-04	2.37e-02	1.30e-01	2.24e-01	5.42e-01	7.79e-02	2.71e-03	1.53e-11	3.29e-20	4.08e-20
 2.26586e+22	1.76e-11	4.30e-07	4.30e-04	2.59e-02	1.36e-01	2.30e-01	5.32e-01	7.30e-02	2.42e-03	1.76e-11	3.80e-20	4.71e-20
 2.29512e+22	2.09e-11	5.12e-07	5.01e-04	2.90e-02	1.45e-01	2.38e-01	5.18e-01	6.69e-02	2.09e-03	2.09e-11	4.56e-20	5.64e-20
 2.32471e+22	2.44e-11	5.93e-07	5.66e-04	3.17e-02	1.53e-01	2.44e-01	5.07e-01	6.25e-02	1.87e-03	2.44e-11	5.34e-20	6.60e-20
 2.35475e+22	2.94e-11	7.13e-07	6.61e-04	3.55e-02	1.62e-01	2.52e-01	4.92e-01	5.69e-02	1.60e-03	2.94e-11	6.47e-20	8.00e-20
 2.38519e+22	3.46e-11	8.30e-07	7.50e-04	3.88e-02	1.70e-01	2.57e-01	4.79e-01	5.29e-02	1.42e-03	3.46e-11	7.66e-20	9.47e-20
 2.41192e+22	4.04e-11	9.63e-07	8.47e-04	4.23e-02	1.78e-01	2.62e-01	4.67e-01	4.91e-02	1.25e-03	4.04e-11	8.98e-20	1.11e-19
 2.44242e+22	4.96e-11	1.17e-06	9.91e-04	4.72e-02	1.88e-01	2.68e-01	4.50e-01	4.45e-02	1.07e-03	4.96e-11	1.11e-19	1.37e-19
 2.47345e+22	5.86e-11	1.37e-06	1.13e-03	5.15e-02	1.97e-01	2.73e-01	4.36e-01	4.10e-02	9.35e-04	5.86e-11	1.32e-19	1.63e-19
 2.49866e+22	6.81e-11	1.57e-06	1.26e-03	5.55e-02	2.04e-01	2.76e-01	4.24e-01	3.82e-02	8.35e-04	6.81e-11	1.54e-19	1.90e-19
 2.52494e+22	8.17e-11	1.85e-06	1.43e-03	6.05e-02	2.13e-01	2.80e-01	4.09e-01	3.50e-02	7.30e-04	8.17e-11	1.86e-19	2.30e-19
 2.55249e+22	9.61e-11	2.13e-06	1.60e-03	6.53e-02	2.21e-01	2.83e-01	3.96e-01	3.24e-02	6.45e-04	9.61e-11	2.20e-19	2.71e-19
 2.57773e+22	1.13e-10	2.46e-06	1.79e-03	7.03e-02	2.29e-01	2.86e-01	3.83e-01	3.00e-02	5.71e-04	1.13e-10	2.60e-19	3.21e-19
 2.60656e+22	1.39e-10	2.95e-06	2.06e-03	7.71e-02	2.39e-01	2.88e-01	3.66e-01	2.71e-02	4.89e-04	1.39e-10	3.23e-19	3.97e-19
 2.63611e+22	1.66e-10	3.46e-06	2.33e-03	8.34e-02	2.47e-01	2.90e-01	3.52e-01	2.48e-02	4.25e-04	1.66e-10	3.88e-19	4.77e-19
 2.66202e+22	1.96e-10	4.00e-06	2.61e-03	8.96e-02	2.55e-01	2.91e-01	3.38e-01	2.28e-02	3.74e-04	1.96e-10	4.63e-19	5.69e-19
 2.69115e+22	2.43e-10	4.80e-06	2.99e-03	9.78e-02	2.65e-01	2.92e-01	3.22e-01	2.05e-02	3.18e-04	2.43e-10	5.79e-19	7.11e-19
 2.72172e+22	2.95e-10	5.66e-06	3.39e-03	1.06e-01	2.74e-01	2.92e-01	3.06e-01	1.85e-02	2.74e-04	2.95e-10	7.09e-19	8.70e-19
 2.74945e+22	3.55e-10	6.61e-06	3.80e-03	1.14e-01	2.82e-01	2.91e-01	2.92e-01	1.69e-02	2.37e-04	3.55e-10	8.59e-19	1.05e-18
 2.78081e+22	4.49e-10	8.03e-06	4.39e-03	1.24e-01	2.92e-01	2.90e-01	2.75e-01	1.49e-02	1.98e-04	4.49e-10	1.10e-18	1.35e-18
 2.81310e+22	5.51e-10	9.52e-06	4.98e-03	1.34e-01	3.00e-01	2.88e-01	2.60e-01	1.34e-02	1.68e-04	5.51e-10	1.36e-18	1.67e-18
 2.84181e+22	6.69e-10	1.12e-05	5.59e-03	1.43e-01	3.07e-01	2.86e-01	2.46e-01	1.20e-02	1.44e-04	6.69e-10	1.67e-18	2.04e-18
 2.87432e+22	8.57e-10	1.36e-05	6.46e-03	1.56e-01	3.16e-01	2.82e-01	2.29e-01	1.05e-02	1.18e-04	8.57e-10	2.17e-18	2.65e-18
 2.90805e+22	1.07e-09	1.62e-05	7.33e-03	1.68e-01	3.23e-01	2.78e-01	2.14e-01	9.30e-03	9.91e-05	1.07e-09	2.73e-18	3.33e-18
 2.93837e+22	1.31e-09	1.91e-05	8.24e-03	1.79e-01	3.30e-01	2.73e-01	2.01e-01	8.28e-03	8.36e-05	1.31e-09	3.39e-18	4.14e-18
 2.97278e+22	1.71e-09	2.35e-05	9.55e-03	1.95e-01	3.37e-01	2.67e-01	1.84e-01	7.10e-03	6.71e-05	1.71e-09	4.50e-18	5.49e-18
 3.00822e+22	2.15e-09	2.81e-05	1.08e-02	2.09e-01	3.43e-01	2.61e-01	1.71e-01	6.21e-03	5.54e-05	2.15e-09	5.72e-18	6.97e-18
 3.04015e+22	2.68e-09	3.32e-05	1.22e-02	2.22e-01	3.48e-01	2.54e-01	1.58e-01	5.44e-03	4.60e-05	2.68e-09	7.23e-18	8.80e-18
 3.07682e+22	3.57e-09	4.13e-05	1.41e-02	2.41e-01	3.53e-01	2.45e-01	1.43e-01	4.57e-03	3.59e-05	3.57e-09	9.81e-18	1.19e-17
 3.11389e+22	4.50e-09	4.93e-05	1.59e-02	2.56e-01	3.56e-01	2.37e-01	1.31e-01	3.94e-03	2.92e-05	4.50e-09	1.26e-17	1.53e-17
 3.15146e+22	6.01e-09	6.11e-05	1.84e-02	2.76e-01	3.59e-01	2.27e-01	1.17e-01	3.28e-03	2.26e-05	6.01e-09	1.72e-17	2.09e-17
 3.18948e+22	7.62e-09	7.28e-05	2.07e-02	2.92e-01	3.60e-01	2.18e-01	1.07e-01	2.81e-03	1.82e-05	7.62e-09	2.22e-17	2.69e-17
 3.22807e+22	1.03e-08	9.07e-05	2.40e-02	3.13e-01	3.60e-01	2.06e-01	9.45e-02	2.30e-03	1.38e-05	1.03e-08	3.07e-17	3.72e-17
 3.26701e+22	1.30e-08	1.08e-04	2.68e-02	3.30e-01	3.59e-01	1.97e-01	8.54e-02	1.95e-03	1.10e-05	1.30e-08	3.98e-17	4.82e-17
 3.30642e+22	1.77e-08	1.34e-04	3.09e-02	3.52e-01	3.57e-01	1.84e-01	7.47e-02	1.57e-03	8.22e-06	1.77e-08	5.57e-17	6.74e-17
 3.34623e+22	2.25e-08	1.59e-04	3.45e-02	3.69e-01	3.54e-01	1.74e-01	6.70e-02	1.32e-03	6.50e-06	2.25e-08	7.26e-17	8.78e-17
 3.38658e+22	3.06e-08	1.98e-04	3.97e-02	3.91e-01	3.49e-01	1.62e-01	5.79e-02	1.05e-03	4.77e-06	3.06e-08	1.02e-16	1.24e-16
 3.42746e+22	3.90e-08	2.35e-04	4.42e-02	4.08e-01	3.44e-01	1.52e-01	5.14e-02	8.76e-04	3.72e-06	3.90e-08	1.35e-16	1.63e-16
 3.46903e+22	5.34e-08	2.93e-04	5.06e-02	4.29e-01	3.36e-01	1.39e-01	4.39e-02	6.87e-04	2.68e-06	5.34e-08	1.92e-16	2.31e-16
 3.50980e+22	6.71e-08	3.43e-04	5.57e-02	4.45e-01	3.29e-01	1.30e-01	3.90e-02	5.72e-04	2.10e-06	6.71e-08	2.48e-16	3.00e-16
 3.54954e+22	9.02e-08	4.21e-04	6.31e-02	4.64e-01	3.20e-01	1.19e-01	3.33e-02	4.50e-04	1.52e-06	9.02e-08	3.47e-16	4.19e-16
 3.58783e+22	1.11e-07	4.84e-04	6.85e-02	4.77e-01	3.13e-01	1.12e-01	2.98e-02	3.79e-04	1.21e-06	1.11e-07	4.38e-16	5.29e-16
 3.62423e+22	1.45e-07	5.81e-04	7.64e-02	4.92e-01	3.03e-01	1.02e-01	2.56e-02	3.02e-04	8.95e-07	1.45e-07	5.95e-16	7.17e-16
 3.66059e+22	1.77e-07	6.67e-04	8.28e-02	5.04e-01	2.95e-01	9.51e-02	2.28e-02	2.53e-04	7.08e-07	1.77e-07	7.48e-16	9.03e-16
 3.69688e+22	2.28e-07	7.91e-04	9.13e-02	5.17e-01	2.84e-01	8.68e-02	1.96e-02	2.02e-04	5.27e-07	2.28e-07	9.98e-16	1.20e-15
 3.73450e+22	2.86e-07	9.20e-04	9.95e-02	5.28e-01	2.74e-01	7.98e-02	1.71e-02	1.65e-04	4.03e-07	2.86e-07	1.29e-15	1.55e-15
 3.76824e+22	3.51e-07	1.06e-03	1.08e-01	5.38e-01	2.65e-01	7.36e-02	1.50e-02	1.36e-04	3.14e-07	3.51e-07	1.62e-15	1.95e-15
 3.80652e+22	4.57e-07	1.26e-03	1.19e-01	5.49e-01	2.53e-01	6.61e-02	1.27e-02	1.06e-04	2.26e-07	4.57e-07	2.19e-15	2.63e-15
 3.84540e+22	5.67e-07	1.45e-03	1.28e-01	5.56e-01	2.42e-01	6.04e-02	1.10e-02	8.62e-05	1.72e-07	5.67e-07	2.80e-15	3.36e-15
 3.87987e+22	6.98e-07	1.67e-03	1.38e-01	5.63e-01	2.32e-01	5.52e-02	9.60e-03	7.04e-05	1.32e-07	6.98e-07	3.53e-15	4.25e-15
 3.91328e+22	8.48e-07	1.90e-03	1.48e-01	5.68e-01	2.23e-01	5.06e-02	8.40e-03	5.79e-05	0.00e+00	8.48e-07	4.41e-15	5.29e-15
 3.94412e+22	1.01e-06	2.13e-03	1.58e-01	5.72e-01	2.14e-01	4.66e-02	7.42e-03	4.83e-05	0.00e+00	1.01e-06	5.40e-15	6.47e-15
 3.97784e+22	1.27e-06	2.47e-03	1.70e-01	5.76e-01	2.03e-01	4.20e-02	6.34e-03	3.84e-05	0.00e+00	1.27e-06	6.95e-15	8.32e-15
 4.01174e+22	1.51e-06	2.76e-03	1.80e-01	5.78e-01	1.95e-01	3.85e-02	5.58e-03	3.19e-05	0.00e+00	1.51e-06	8.47e-15	1.01e-14
 4.04589e+22	1.87e-06	3.19e-03	1.94e-01	5.79e-01	1.84e-01	3.45e-02	4.76e-03	2.53e-05	0.00e+00	1.87e-06	1.09e-14	1.30e-14
 4.08038e+22	2.24e-06	3.58e-03	2.06e-01	5.80e-01	1.76e-01	3.15e-02	4.15e-03	2.08e-05	0.00e+00	2.24e-06	1.34e-14	1.60e-14
 4.11038e+22	2.65e-06	4.00e-03	2.17e-01	5.79e-01	1.67e-01	2.88e-02	3.65e-03	1.72e-05	0.00e+00	2.65e-06	1.62e-14	1.93e-14
 4.14442e+22	3.28e-06	4.59e-03	2.32e-01	5.77e-01	1.58e-01	2.57e-02	3.09e-03	1.36e-05	0.00e+00	3.28e-06	2.07e-14	2.47e-14
 4.17913e+22	3.92e-06	5.14e-03	2.45e-01	5.74e-01	1.49e-01	2.33e-02	2.68e-03	1.10e-05	0.00e+00	3.92e-06	2.54e-14	3.02e-14
 4.20992e+22	4.64e-06	5.73e-03	2.58e-01	5.71e-01	1.42e-01	2.11e-02	2.34e-03	9.07e-06	0.00e+00	4.64e-06	3.09e-14	3.67e-14
 4.24517e+22	5.75e-06	6.58e-03	2.75e-01	5.65e-01	1.32e-01	1.86e-02	1.96e-03	7.02e-06	0.00e+00	5.75e-06	3.96e-14	4.70e-14
 4.28089e+22	6.85e-06	7.36e-03	2.90e-01	5.60e-01	1.24e-01	1.68e-02	1.69e-03	5.67e-06	0.00e+00	6.85e-06	4.86e-14	5.76e-14
 4.31244e+22	8.11e-06	8.20e-03	3.05e-01	5.53e-01	1.17e-01	1.51e-02	1.46e-03	4.60e-06	0.00e+00	8.11e-06	5.92e-14	7.01e-14
 4.34865e+22	1.00e-05	9.40e-03	3.24e-01	5.44e-01	1.08e-01	1.32e-02	1.21e-03	3.51e-06	0.00e+00	1.00e-05	7.60e-14	9.00e-14
 4.38545e+22	1.20e-05	1.05e-02	3.40e-01	5.36e-01	1.01e-01	1.18e-02	1.03e-03	2.80e-06	0.00e+00	1.20e-05	9.33e-14	1.10e-13
 4.42301e+22	1.48e-05	1.20e-02	3.60e-01	5.24e-01	9.34e-02	1.02e-02	8.48e-04	2.12e-06	0.00e+00	1.48e-05	1.20e-13	1.42e-13
 4.46137e+22	1.78e-05	1.35e-02	3.78e-01	5.13e-01	8.65e-02	8.97e-03	7.12e-04	1.65e-06	0.00e+00	1.78e-05	1.49e-13	1.76e-13
 4.49494e+22	2.10e-05	1.50e-02	3.94e-01	5.02e-01	8.05e-02	7.96e-03	6.06e-04	1.31e-06	0.00e+00	2.10e-05	1.82e-13	2.15e-13
 4.53276e+22	2.59e-05	1.71e-02	4.16e-01	4.86e-01	7.34e-02	6.83e-03	4.92e-04	9.79e-07	0.00e+00	2.59e-05	2.34e-13	2.76e-13
 4.57191e+22	3.09e-05	1.91e-02	4.34e-01	4.73e-01	6.75e-02	5.96e-03	4.11e-04	7.57e-07	0.00e+00	3.09e-05	2.90e-13	3.42e-13
 4.61279e+22	3.86e-05	2.20e-02	4.57e-01	4.55e-01	6.07e-02	5.02e-03	3.26e-04	5.48e-07	0.00e+00	3.86e-05	3.79e-13	4.46e-13
 4.64168e+22	4.07e-05	2.27e-02	4.64e-01	4.49e-01	5.89e-02	4.78e-03	3.06e-04	4.99e-07	0.00e+00	4.07e-05	4.06e-13	4.77e-13
 4.65203e+22	4.26e-05	2.33e-02	4.69e-01	4.45e-01	5.75e-02	4.61e-03	2.91e-04	4.66e-07	0.00e+00	4.26e-05	4.28e-13	5.03e-13
 4.66256e+22	4.53e-05	2.42e-02	4.75e-01	4.40e-01	5.58e-02	4.39e-03	2.73e-04	4.25e-07	0.00e+00	4.53e-05	4.61e-13	5.41e-13
 4.67625e+22	4.84e-05	2.52e-02	4.82e-01	4.34e-01	5.39e-02	4.16e-03	2.54e-04	3.85e-07	0.00e+00	4.84e-05	5.01e-13	5.87e-13
 4.69405e+22	5.32e-05	2.68e-02	4.92e-01	4.25e-01	5.13e-02	3.84e-03	2.29e-04	3.32e-07	0.00e+00	5.32e-05	5.63e-13	6.60e-13
 4.71719e+22	6.04e-05	2.90e-02	5.06e-01	4.14e-01	4.80e-02	3.46e-03	2.00e-04	2.73e-07	0.00e+00	6.04e-05	6.58e-13	7.70e-13
 4.74726e+22	7.11e-05	3.21e-02	5.23e-01	3.98e-01	4.39e-02	3.01e-03	1.66e-04	2.11e-07	0.00e+00	7.11e-05	8.05e-13	9.39e-13
 4.77759e+22	8.03e-05	3.46e-02	5.35e-01	3.86e-01	4.10e-02	2.70e-03	1.44e-04	1.73e-07	0.00e+00	8.03e-05	9.37e-13	1.09e-12
 4.80823e+22	9.44e-05	3.82e-02	5.52e-01	3.70e-01	3.74e-02	2.34e-03	1.20e-04	1.33e-07	0.00e+00	9.44e-05	1.15e-12	1.33e-12
 4.83942e+22	1.07e-04	4.13e-02	5.65e-01	3.57e-01	3.46e-02	2.08e-03	1.03e-04	0.00e+00	0.00e+00	1.07e-04	1.34e-12	1.55e-12
 4.87130e+22	1.26e-04	4.56e-02	5.81e-01	3.40e-01	3.13e-02	1.79e-03	8.46e-05	0.00e+00	0.00e+00	1.26e-04	1.65e-12	1.90e-12
 4.90361e+22	1.43e-04	4.93e-02	5.93e-01	3.27e-01	2.88e-02	1.57e-03	7.19e-05	0.00e+00	0.00e+00	1.43e-04	1.95e-12	2.23e-12
 4.93649e+22	1.68e-04	5.43e-02	6.08e-01	3.10e-01	2.60e-02	1.35e-03	5.89e-05	0.00e+00	0.00e+00	1.68e-04	2.39e-12	2.72e-12
 4.97008e+22	1.92e-04	5.89e-02	6.20e-01	2.95e-01	2.37e-02	1.17e-03	4.94e-05	0.00e+00	0.00e+00	1.92e-04	2.84e-12	3.22e-12
 4.99986e+22	2.18e-04	6.37e-02	6.32e-01	2.82e-01	2.17e-02	1.02e-03	4.16e-05	0.00e+00	0.00e+00	2.18e-04	3.37e-12	3.79e-12
 5.03381e+22	2.56e-04	7.01e-02	6.44e-01	2.65e-01	1.94e-02	8.66e-04	3.36e-05	0.00e+00	0.00e+00	2.56e-04	4.15e-12	4.63e-12
 5.06882e+22	2.93e-04	7.60e-02	6.55e-01	2.50e-01	1.75e-02	7.44e-04	2.77e-05	0.00e+00	0.00e+00	2.93e-04	4.98e-12	5.51e-12
 5.10017e+22	3.34e-04	8.21e-02	6.64e-01	2.37e-01	1.58e-02	6.43e-04	2.31e-05	0.00e+00	0.00e+00	3.34e-04	5.92e-12	6.50e-12
 5.13591e+22	3.94e-04	9.06e-02	6.75e-01	2.20e-01	1.39e-02	5.31e-04	1.82e-05	0.00e+00	0.00e+00	3.94e-04	7.41e-12	8.04e-12
 5.17249e+22	4.50e-04	9.80e-02	6.83e-01	2.06e-01	1.24e-02	4.53e-04	1.49e-05	0.00e+00	0.00e+00	4.50e-04	8.89e-12	9.54e-12
 5.21014e+22	5.29e-04	1.08e-01	6.91e-01	1.90e-01	1.09e-02	3.71e-04	1.17e-05	0.00e+00	0.00e+00	5.29e-04	1.12e-11	1.18e-11
 5.24912e+22	6.11e-04	1.17e-01	6.97e-01	1.76e-01	9.56e-03	3.09e-04	9.28e-06	0.00e+00	0.00e+00	6.11e-04	1.37e-11	1.42e-11
 5.28427e+22	6.99e-04	1.27e-01	7.01e-01	1.63e-01	8.47e-03	2.59e-04	7.48e-06	0.00e+00	0.00e+00	6.99e-04	1.65e-11	1.70e-11
 5.32439e+22	8.27e-04	1.40e-01	7.05e-01	1.47e-01	7.26e-03	2.07e-04	5.69e-06	0.00e+00	0.00e+00	8.27e-04	2.10e-11	2.12e-11
 5.36548e+22	9.49e-04	1.51e-01	7.06e-01	1.35e-01	6.33e-03	1.70e-04	4.49e-06	0.00e+00	0.00e+00	9.49e-04	2.57e-11	2.54e-11
 5.40782e+22	1.14e-03	1.67e-01	7.06e-01	1.20e-01	5.30e-03	1.32e-04	3.29e-06	0.00e+00	0.00e+00	1.14e-03	3.35e-11	3.23e-11
 5.44997e+22	1.29e-03	1.80e-01	7.05e-01	1.10e-01	4.63e-03	1.09e-04	2.61e-06	0.00e+00	0.00e+00	1.29e-03	4.03e-11	3.82e-11
 5.49188e+22	1.53e-03	1.97e-01	7.00e-01	9.71e-02	3.89e-03	8.44e-05	1.93e-06	0.00e+00	0.00e+00	1.53e-03	5.16e-11	4.77e-11
 5.53485e+22	1.74e-03	2.12e-01	6.95e-01	8.76e-02	3.35e-03	6.82e-05	1.50e-06	0.00e+00	0.00e+00	1.74e-03	6.28e-11	5.69e-11
 5.57918e+22	2.07e-03	2.33e-01	6.86e-01	7.62e-02	2.76e-03	5.16e-05	1.08e-06	0.00e+00	0.00e+00	2.07e-03	8.12e-11	7.18e-11
 5.62459e+22	2.36e-03	2.50e-01	6.77e-01	6.78e-02	2.35e-03	4.10e-05	8.23e-07	0.00e+00	0.00e+00	2.36e-03	9.92e-11	8.59e-11
 5.67141e+22	2.83e-03	2.75e-01	6.62e-01	5.78e-02	1.90e-03	3.01e-05	5.76e-07	0.00e+00	0.00e+00	2.83e-03	1.30e-10	1.10e-10
 5.71897e+22	3.22e-03	2.95e-01	6.50e-01	5.08e-02	1.61e-03	2.36e-05	4.34e-07	0.00e+00	0.00e+00	3.22e-03	1.59e-10	1.31e-10
 5.76750e+22	3.86e-03	3.24e-01	6.29e-01	4.24e-02	1.28e-03	1.69e-05	2.97e-07	0.00e+00	0.00e+00	3.86e-03	2.08e-10	1.68e-10
 5.81751e+22	4.41e-03	3.46e-01	6.12e-01	3.66e-02	1.07e-03	1.29e-05	2.19e-07	0.00e+00	0.00e+00	4.41e-03	2.56e-10	2.03e-10
 5.86945e+22	5.33e-03	3.81e-01	5.83e-01	2.96e-02	8.30e-04	8.86e-06	1.45e-07	0.00e+00	0.00e+00	5.33e-03	3.40e-10	2.63e-10
 5.92289e+22	6.12e-03	4.08e-01	5.61e-01	2.49e-02	6.79e-04	6.54e-06	0.00e+00	0.00e+00	0.00e+00	6.12e-03	4.21e-10	3.20e-10
 5.97826e+22	7.45e-03	4.48e-01	5.25e-01	1.95e-02	5.16e-04	4.29e-06	0.00e+00	0.00e+00	0.00e+00	7.45e-03	5.64e-10	4.20e-10
 6.03582e+22	8.66e-03	4.80e-01	4.95e-01	1.57e-02	4.11e-04	3.01e-06	0.00e+00	0.00e+00	0.00e+00	8.66e-03	7.09e-10	5.21e-10
 6.09622e+22	1.07e-02	5.27e-01	4.51e-01	1.16e-02	3.02e-04	1.84e-06	0.00e+00	0.00e+00	0.00e+00	1.07e-02	9.66e-10	6.97e-10
 6.15818e+22	1.25e-02	5.64e-01	4.15e-01	8.97e-03	2.34e-04	1.22e-06	0.00e+00	0.00e+00	0.00e+00	1.25e-02	1.23e-09	8.74e-10
 6.20626e+22	1.41e-02	5.91e-01	3.88e-01	7.35e-03	1.93e-04	8.90e-07	0.00e+00	0.00e+00	0.00e+00	1.41e-02	1.46e-09	1.03e-09
 6.25284e+22	1.65e-02	6.28e-01	3.50e-01	5.58e-03	1.51e-04	5.83e-07	0.00e+00	0.00e+00	0.00e+00	1.65e-02	1.83e-09	1.28e-09
 6.30080e+22	1.88e-02	6.58e-01	3.19e-01	4.35e-03	1.21e-04	4.00e-07	0.00e+00	0.00e+00	0.00e+00	1.88e-02	2.22e-09	1.54e-09
 6.35053e+22	2.24e-02	6.97e-01	2.78e-01	3.11e-03	9.04e-05	2.41e-07	0.00e+00	0.00e+00	0.00e+00	2.24e-02	2.85e-09	1.97e-09
 6.40128e+22	2.58e-02	7.27e-01	2.45e-01	2.30e-03	7.05e-05	1.56e-07	0.00e+00	0.00e+00	0.00e+00	2.58e-02	3.48e-09	2.39e-09
 6.45338e+22	3.13e-02	7.63e-01	2.04e-01	1.53e-03	5.06e-05	0.00e+00	0.00e+00	0.00e+00	0.00e+00	3.13e-02	4.54e-09	3.10e-09
 6.50148e+22	3.58e-02	7.85e-01	1.78e-01	1.12e-03	3.98e-05	0.00e+00	0.00e+00	0.00e+00	0.00e+00	3.58e-02	5.44e-09	3.68e-09
 6.53763e+22	4.07e-02	8.04e-01	1.55e-01	8.39e-04	3.18e-05	0.00e+00	0.00e+00	0.00e+00	0.00e+00	4.07e-02	6.45e-09	4.33e-09
 6.57783e+22	4.79e-02	8.24e-01	1.28e-01	5.70e-04	2.35e-05	0.00e+00	0.00e+00	0.00e+00	0.00e+00	4.79e-02	8.02e-09	5.35e-09
 6.62057e+22	5.65e-02	8.39e-01	1.04e-01	3.83e-04	1.74e-05	0.00e+00	0.00e+00	0.00e+00	0.00e+00	5.65e-02	9.93e-09	6.59e-09
 6.65965e+22	6.68e-02	8.49e-01	8.37e-02	2.56e-04	1.28e-05	0.00e+00	0.00e+00	0.00e+00	0.00e+00	6.68e-02	1.23e-08	8.13e-09
 6.69743e+22	7.97e-02	8.54e-01	6.58e-02	1.67e-04	9.14e-06	0.00e+00	0.00e+00	0.00e+00	0.00e+00	7.97e-02	1.53e-08	1.01e-08
 6.73360e+22	9.57e-02	8.54e-01	5.07e-02	1.08e-04	6.44e-06	0.00e+00	0.00e+00	0.00e+00	0.00e+00	9.57e-02	1.92e-08	1.26e-08
 6.76691e+22	1.15e-01	8.46e-01	3.86e-02	7.04e-05	4.50e-06	0.00e+00	0.00e+00	0.00e+00	0.00e+00	1.15e-01	2.38e-08	1.57e-08
 6.79731e+22	1.38e-01	8.33e-01	2.91e-02	4.63e-05	3.11e-06	0.00e+00	0.00e+00	0.00e+00	0.00e+00	1.38e-01	2.95e-08	1.95e-08
 6.82507e+22	1.65e-01	8.13e-01	2.17e-02	3.09e-05	2.13e-06	0.00e+00	0.00e+00	0.00e+00	0.00e+00	1.65e-01	3.61e-08	2.39e-08
 6.85024e+22	1.96e-01	7.87e-01	1.61e-02	2.12e-05	1.45e-06	0.00e+00	0.00e+00	0.00e+00	0.00e+00	1.96e-01	4.34e-08	2.87e-08
 6.87321e+22	2.32e-01	7.56e-01	1.20e-02	1.48e-05	9.86e-07	0.00e+00	0.00e+00	0.00e+00	0.00e+00	2.32e-01	5.15e-08	3.40e-08
 6.89419e+22	2.72e-01	7.19e-01	8.87e-03	1.06e-05	6.69e-07	0.00e+00	0.00e+00	0.00e+00	0.00e+00	2.72e-01	5.99e-08	3.95e-08
 6.90737e+22	2.99e-01	6.94e-01	7.40e-03	8.76e-06	5.32e-07	0.00e+00	0.00e+00	0.00e+00	0.00e+00	2.99e-01	6.49e-08	4.27e-08
 6.91230e+22	3.10e-01	6.83e-01	6.89e-03	8.14e-06	4.85e-07	0.00e+00	0.00e+00	0.00e+00	0.00e+00	3.10e-01	6.69e-08	4.40e-08
 6.91628e+22	3.19e-01	6.74e-01	6.45e-03	7.61e-06	4.45e-07	0.00e+00	0.00e+00	0.00e+00	0.00e+00	3.19e-01	6.88e-08	4.52e-08
 6.92146e+22	3.32e-01	6.62e-01	5.92e-03	6.98e-06	3.98e-07	0.00e+00	0.00e+00	0.00e+00	0.00e+00	3.32e-01	7.12e-08	4.68e-08
 6.92764e+22	3.48e-01	6.47e-01	5.34e-03	6.31e-06	3.48e-07	0.00e+00	0.00e+00	0.00e+00	0.00e+00	3.48e-01	7.41e-08	4.86e-08
 6.93386e+22	3.64e-01	6.31e-01	4.82e-03	5.70e-06	3.04e-07	0.00e+00	0.00e+00	0.00e+00	0.00e+00	3.64e-01	7.69e-08	5.04e-08
 6.93961e+22	3.79e-01	6.16e-01	4.38e-03	5.21e-06	2.69e-07	0.00e+00	0.00e+00	0.00e+00	0.00e+00	3.79e-01	7.93e-08	5.20e-08
 6.94547e+22	3.96e-01	6.00e-01	3.95e-03	4.72e-06	2.35e-07	0.00e+00	0.00e+00	0.00e+00	0.00e+00	3.96e-01	8.20e-08	5.37e-08
 6.95153e+22	4.13e-01	5.84e-01	3.56e-03	4.29e-06	2.06e-07	0.00e+00	0.00e+00	0.00e+00	0.00e+00	4.13e-01	8.45e-08	5.54e-08
 6.95774e+22	4.31e-01	5.66e-01	3.19e-03	3.88e-06	1.78e-07	0.00e+00	0.00e+00	0.00e+00	0.00e+00	4.31e-01	8.71e-08	5.70e-08
 6.96417e+22	4.51e-01	5.47e-01	2.84e-03	3.49e-06	1.53e-07	0.00e+00	0.00e+00	0.00e+00	0.00e+00	4.51e-01	8.96e-08	5.87e-08
 6.97040e+22	4.69e-01	5.28e-01	2.54e-03	3.17e-06	1.33e-07	0.00e+00	0.00e+00	0.00e+00	0.00e+00	4.69e-01	9.19e-08	6.01e-08
 6.97670e+22	4.88e-01	5.10e-01	2.26e-03	2.86e-06	0.00e+00	0.00e+00	0.00e+00	0.00e+00	0.00e+00	4.88e-01	9.41e-08	6.15e-08
 6.98341e+22	5.09e-01	4.89e-01	1.99e-03	2.57e-06	0.00e+00	0.00e+00	0.00e+00	0.00e+00	0.00e+00	5.09e-01	9.61e-08	6.28e-08
 6.99041e+22	5.30e-01	4.69e-01	1.75e-03	2.31e-06	0.00e+00	0.00e+00	0.00e+00	0.00e+00	0.00e+00	5.30e-01	9.80e-08	6.40e-08
 6.99773e+22	5.52e-01	4.47e-01	1.52e-03	2.06e-06	0.00e+00	0.00e+00	0.00e+00	0.00e+00	0.00e+00	5.52e-01	9.98e-08	6.51e-08
 7.00528e+22	5.75e-01	4.24e-01	1.32e-03	1.83e-06	0.00e+00	0.00e+00	0.00e+00	0.00e+00	0.00e+00	5.75e-01	1.01e-07	6.60e-08
 7.01277e+22	5.96e-01	4.03e-01	1.15e-03	1.64e-06	0.00e+00	0.00e+00	0.00e+00	0.00e+00	0.00e+00	5.96e-01	1.02e-07	6.66e-08
 7.01862e+22	6.12e-01	3.87e-01	1.04e-03	1.51e-06	0.00e+00	0.00e+00	0.00e+00	0.00e+00	0.00e+00	6.12e-01	1.03e-07	6.69e-08
 7.02255e+22	6.22e-01	3.77e-01	9.64e-04	1.43e-06	0.00e+00	0.00e+00	0.00e+00	0.00e+00	0.00e+00	6.22e-01	1.03e-07	6.70e-08
 7.02632e+22	6.32e-01	3.67e-01	8.99e-04	1.35e-06	0.00e+00	0.00e+00	0.00e+00	0.00e+00	0.00e+00	6.32e-01	1.03e-07	6.72e-08
 7.03070e+22	6.44e-01	3.55e-01	8.27e-04	1.27e-06	0.00e+00	0.00e+00	0.00e+00	0.00e+00	0.00e+00	6.44e-01	1.04e-07	6.73e-08
 7.03549e+22	6.57e-01	3.43e-01	7.56e-04	1.19e-06	0.00e+00	0.00e+00	0.00e+00	0.00e+00	0.00e+00	6.57e-01	1.04e-07	6.74e-08
 7.04014e+22	6.68e-01	3.32e-01	6.96e-04	1.12e-06	0.00e+00	0.00e+00	0.00e+00	0.00e+00	0.00e+00	6.68e-01	1.04e-07	6.74e-08
 7.04474e+22	6.79e-01	3.21e-01	6.40e-04	1.05e-06	0.00e+00	0.00e+00	0.00e+00	0.00e+00	0.00e+00	6.79e-01	1.04e-07	6.73e-08
 7.04949e+22	6.90e-01	3.10e-01	5.88e-04	9.84e-07	0.00e+00	0.00e+00	0.00e+00	0.00e+00	0.00e+00	6.90e-01	1.04e-07	6.72e-08
 7.05429e+22	7.01e-01	2.99e-01	5.39e-04	9.25e-07	0.00e+00	0.00e+00	0.00e+00	0.00e+00	0.00e+00	7.01e-01	1.03e-07	6.70e-08
 7.05915e+22	7.11e-01	2.88e-01	4.94e-04	8.68e-07	0.00e+00	0.00e+00	0.00e+00	0.00e+00	0.00e+00	7.11e-01	1.03e-07	6.68e-08
 7.06401e+22	7.21e-01	2.78e-01	4.55e-04	8.18e-07	0.00e+00	0.00e+00	0.00e+00	0.00e+00	0.00e+00	7.21e-01	1.03e-07	6.66e-08
 7.06903e+22	7.31e-01	2.68e-01	4.16e-04	7.68e-07	0.00e+00	0.00e+00	0.00e+00	0.00e+00	0.00e+00	7.31e-01	1.02e-07	6.63e-08
 7.07427e+22	7.41e-01	2.58e-01	3.80e-04	7.20e-07	0.00e+00	0.00e+00	0.00e+00	0.00e+00	0.00e+00	7.41e-01	1.02e-07	6.59e-08
 7.07950e+22	7.51e-01	2.49e-01	3.48e-04	6.78e-07	0.00e+00	0.00e+00	0.00e+00	0.00e+00	0.00e+00	7.51e-01	1.01e-07	6.56e-08
 7.08479e+22	7.60e-01	2.40e-01	3.19e-04	6.38e-07	0.00e+00	0.00e+00	0.00e+00	0.00e+00	0.00e+00	7.60e-01	1.01e-07	6.52e-08
 7.09029e+22	7.69e-01	2.31e-01	2.91e-04	6.00e-07	0.00e+00	0.00e+00	0.00e+00	0.00e+00	0.00e+00	7.69e-01	1.00e-07	6.48e-08
 7.09598e+22	7.78e-01	2.22e-01	2.65e-04	5.63e-07	0.00e+00	0.00e+00	0.00e+00	0.00e+00	0.00e+00	7.78e-01	9.98e-08	6.44e-08
 7.10175e+22	7.86e-01	2.13e-01	2.42e-04	5.29e-07	0.00e+00	0.00e+00	0.00e+00	0.00e+00	0.00e+00	7.86e-01	9.92e-08	6.40e-08
 7.10763e+22	7.95e-01	2.05e-01	2.21e-04	4.98e-07	0.00e+00	0.00e+00	0.00e+00	0.00e+00	0.00e+00	7.95e-01	9.86e-08	6.35e-08
 7.11372e+22	8.03e-01	1.97e-01	2.01e-04	4.68e-07	0.00e+00	0.00e+00	0.00e+00	0.00e+00	0.00e+00	8.03e-01	9.79e-08	6.31e-08
 7.12001e+22	8.11e-01	1.89e-01	1.83e-04	4.40e-07	0.00e+00	0.00e+00	0.00e+00	0.00e+00	0.00e+00	8.11e-01	9.72e-08	6.26e-08
 7.12643e+22	8.18e-01	1.82e-01	1.66e-04	4.13e-07	0.00e+00	0.00e+00	0.00e+00	0.00e+00	0.00e+00	8.18e-01	9.65e-08	6.20e-08
 7.13298e+22	8.26e-01	1.74e-01	1.51e-04	3.88e-07	0.00e+00	0.00e+00	0.00e+00	0.00e+00	0.00e+00	8.26e-01	9.57e-08	6.13e-08
 7.13975e+22	8.33e-01	1.67e-01	1.37e-04	3.65e-07	0.00e+00	0.00e+00	0.00e+00	0.00e+00	0.00e+00	8.33e-01	9.50e-08	6.07e-08
 7.14676e+22	8.40e-01	1.60e-01	1.25e-04	3.43e-07	0.00e+00	0.00e+00	0.00e+00	0.00e+00	0.00e+00	8.40e-01	9.42e-08	6.00e-08
 7.15396e+22	8.46e-01	1.54e-01	1.13e-04	3.22e-07	0.00e+00	0.00e+00	0.00e+00	0.00e+00	0.00e+00	8.46e-01	9.34e-08	5.93e-08
 7.16133e+22	8.53e-01	1.47e-01	1.03e-04	3.03e-07	0.00e+00	0.00e+00	0.00e+00	0.00e+00	0.00e+00	8.53e-01	9.26e-08	5.86e-08
 7.16890e+22	8.59e-01	1.41e-01	9.31e-05	2.84e-07	0.00e+00	0.00e+00	0.00e+00	0.00e+00	0.00e+00	8.59e-01	9.19e-08	5.79e-08
 7.17672e+22	8.65e-01	1.35e-01	8.46e-05	2.67e-07	0.00e+00	0.00e+00	0.00e+00	0.00e+00	0.00e+00	8.65e-01	9.12e-08	5.73e-08
 7.18466e+22	8.70e-01	1.30e-01	7.70e-05	2.52e-07	0.00e+00	0.00e+00	0.00e+00	0.00e+00	0.00e+00	8.70e-01	9.05e-08	5.67e-08
 7.19267e+22	8.76e-01	1.24e-01	7.02e-05	2.36e-07	0.00e+00	0.00e+00	0.00e+00	0.00e+00	0.00e+00	8.76e-01	8.98e-08	5.60e-08
 7.20092e+22	8.81e-01	1.19e-01	6.41e-05	2.22e-07	0.00e+00	0.00e+00	0.00e+00	0.00e+00	0.00e+00	8.81e-01	8.91e-08	5.54e-08
 7.20945e+22	8.86e-01	1.14e-01	5.86e-05	2.09e-07	0.00e+00	0.00e+00	0.00e+00	0.00e+00	0.00e+00	8.86e-01	8.85e-08	5.48e-08
 7.21789e+22	8.91e-01	1.09e-01	5.39e-05	1.97e-07	0.00e+00	0.00e+00	0.00e+00	0.00e+00	0.00e+00	8.91e-01	8.79e-08	5.41e-08
 7.22630e+22	8.95e-01	1.05e-01	4.97e-05	1.86e-07	0.00e+00	0.00e+00	0.00e+00	0.00e+00	0.00e+00	8.95e-01	8.73e-08	5.36e-08
 7.23509e+22	8.99e-01	1.01e-01	4.58e-05	1.76e-07	0.00e+00	0.00e+00	0.00e+00	0.00e+00	0.00e+00	8.99e-01	8.69e-08	5.31e-08
 7.24404e+22	9.03e-01	9.70e-02	4.24e-05	1.66e-07	0.00e+00	0.00e+00	0.00e+00	0.00e+00	0.00e+00	9.03e-01	8.64e-08	5.25e-08
 7.25302e+22	9.07e-01	9.33e-02	3.94e-05	1.57e-07	0.00e+00	0.00e+00	0.00e+00	0.00e+00	0.00e+00	9.07e-01	8.60e-08	5.21e-08
 7.26222e+22	9.10e-01	8.97e-02	3.67e-05	1.49e-07	0.00e+00	0.00e+00	0.00e+00	0.00e+00	0.00e+00	9.10e-01	8.56e-08	5.16e-08
 7.27172e+22	9.14e-01	8.61e-02	3.43e-05	1.40e-07	0.00e+00	0.00e+00	0.00e+00	0.00e+00	0.00e+00	9.14e-01	8.53e-08	5.12e-08
 7.28135e+22	9.17e-01	8.28e-02	3.21e-05	1.33e-07	0.00e+00	0.00e+00	0.00e+00	0.00e+00	0.00e+00	9.17e-01	8.50e-08	5.08e-08
 7.29109e+22	9.20e-01	7.95e-02	3.02e-05	1.25e-07	0.00e+00	0.00e+00	0.00e+00	0.00e+00	0.00e+00	9.20e-01	8.47e-08	5.03e-08
 7.30113e+22	9.24e-01	7.64e-02	2.84e-05	0.00e+00	0.00e+00	0.00e+00	0.00e+00	0.00e+00	0.00e+00	9.24e-01	8.45e-08	5.00e-08
 7.31143e+22	9.27e-01	7.34e-02	2.69e-05	0.00e+00	0.00e+00	0.00e+00	0.00e+00	0.00e+00	0.00e+00	9.27e-01	8.42e-08	4.96e-08
 7.32155e+22	9.29e-01	7.07e-02	2.55e-05	0.00e+00	0.00e+00	0.00e+00	0.00e+00	0.00e+00	0.00e+00	9.29e-01	8.41e-08	4.92e-08
 7.33112e+22	9.32e-01	6.83e-02	2.45e-05	0.00e+00	0.00e+00	0.00e+00	0.00e+00	0.00e+00	0.00e+00	9.32e-01	8.38e-08	4.89e-08
 7.33994e+22	9.34e-01	6.62e-02	2.36e-05	0.00e+00	0.00e+00	0.00e+00	0.00e+00	0.00e+00	0.00e+00	9.34e-01	8.36e-08	4.86e-08
 7.34812e+22	9.36e-01	6.43e-02	2.29e-05	0.00e+00	0.00e+00	0.00e+00	0.00e+00	0.00e+00	0.00e+00	9.36e-01	8.33e-08	4.83e-08
 7.35568e+22	9.37e-01	6.26e-02	2.22e-05	0.00e+00	0.00e+00	0.00e+00	0.00e+00	0.00e+00	0.00e+00	9.37e-01	8.32e-08	4.80e-08
 7.36300e+22	9.39e-01	6.10e-02	2.17e-05	0.00e+00	0.00e+00	0.00e+00	0.00e+00	0.00e+00	0.00e+00	9.39e-01	8.31e-08	4.78e-08
 7.37035e+22	9.40e-01	5.95e-02	2.12e-05	0.00e+00	0.00e+00	0.00e+00	0.00e+00	0.00e+00	0.00e+00	9.40e-01	8.30e-08	4.76e-08
 7.37757e+22	9.42e-01	5.78e-02	2.07e-05	0.00e+00	0.00e+00	0.00e+00	0.00e+00	0.00e+00	0.00e+00	9.42e-01	8.28e-08	4.73e-08
 7.38433e+22	9.44e-01	5.65e-02	2.03e-05	0.00e+00	0.00e+00	0.00e+00	0.00e+00	0.00e+00	0.00e+00	9.44e-01	8.27e-08	4.71e-08
 7.39062e+22	9.45e-01	5.52e-02	1.99e-05	0.00e+00	0.00e+00	0.00e+00	0.00e+00	0.00e+00	0.00e+00	9.45e-01	8.26e-08	4.70e-08
 7.39695e+22	9.46e-01	5.39e-02	1.96e-05	0.00e+00	0.00e+00	0.00e+00	0.00e+00	0.00e+00	0.00e+00	9.46e-01	8.25e-08	4.68e-08
 7.40305e+22	9.47e-01	5.27e-02	1.92e-05	0.00e+00	0.00e+00	0.00e+00	0.00e+00	0.00e+00	0.00e+00	9.47e-01	8.24e-08	4.66e-08
 7.40881e+22	9.48e-01	5.16e-02	1.90e-05	0.00e+00	0.00e+00	0.00e+00	0.00e+00	0.00e+00	0.00e+00	9.48e-01	8.23e-08	4.64e-08
 7.41453e+22	9.50e-01	5.05e-02	1.87e-05	0.00e+00	0.00e+00	0.00e+00	0.00e+00	0.00e+00	0.00e+00	9.50e-01	8.22e-08	4.63e-08
 7.42002e+22	9.51e-01	4.94e-02	1.85e-05	0.00e+00	0.00e+00	0.00e+00	0.00e+00	0.00e+00	0.00e+00	9.51e-01	8.21e-08	4.61e-08
 7.42518e+22	9.52e-01	4.84e-02	1.82e-05	0.00e+00	0.00e+00	0.00e+00	0.00e+00	0.00e+00	0.00e+00	9.52e-01	8.20e-08	4.59e-08
 7.43023e+22	9.53e-01	4.74e-02	1.80e-05	0.00e+00	0.00e+00	0.00e+00	0.00e+00	0.00e+00	0.00e+00	9.53e-01	8.19e-08	4.58e-08
 7.43515e+22	9.54e-01	4.65e-02	1.78e-05	0.00e+00	0.00e+00	0.00e+00	0.00e+00	0.00e+00	0.00e+00	9.54e-01	8.18e-08	4.56e-08
 7.43978e+22	9.54e-01	4.56e-02	1.77e-05	0.00e+00	0.00e+00	0.00e+00	0.00e+00	0.00e+00	0.00e+00	9.54e-01	8.16e-08	4.54e-08
 7.44399e+22	9.55e-01	4.48e-02	1.75e-05	0.00e+00	0.00e+00	0.00e+00	0.00e+00	0.00e+00	0.00e+00	9.55e-01	8.15e-08	4.53e-08
 7.44782e+22	9.56e-01	4.41e-02	1.74e-05	0.00e+00	0.00e+00	0.00e+00	0.00e+00	0.00e+00	0.00e+00	9.56e-01	8.14e-08	4.51e-08
 7.45131e+22	9.57e-01	4.34e-02	1.73e-05	0.00e+00	0.00e+00	0.00e+00	0.00e+00	0.00e+00	0.00e+00	9.57e-01	8.13e-08	4.50e-08
 7.45449e+22	9.57e-01	4.29e-02	1.72e-05	0.00e+00	0.00e+00	0.00e+00	0.00e+00	0.00e+00	0.00e+00	9.57e-01	8.12e-08	4.49e-08
 7.45737e+22	9.58e-01	4.23e-02	1.71e-05	0.00e+00	0.00e+00	0.00e+00	0.00e+00	0.00e+00	0.00e+00	9.58e-01	8.11e-08	4.47e-08
 7.46000e+22	9.58e-01	4.19e-02	1.70e-05	0.00e+00	0.00e+00	0.00e+00	0.00e+00	0.00e+00	0.00e+00	9.58e-01	8.09e-08	4.46e-08
 7.46288e+22	9.59e-01	4.13e-02	1.68e-05	0.00e+00	0.00e+00	0.00e+00	0.00e+00	0.00e+00	0.00e+00	9.59e-01	8.06e-08	4.45e-08
 7.46599e+22	9.59e-01	4.07e-02	1.67e-05	0.00e+00	0.00e+00	0.00e+00	0.00e+00	0.00e+00	0.00e+00	9.59e-01	8.02e-08	4.44e-08
 7.46882e+22	9.60e-01	4.02e-02	1.66e-05	0.00e+00	0.00e+00	0.00e+00	0.00e+00	0.00e+00	0.00e+00	9.60e-01	7.99e-08	4.42e-08
 7.47140e+22	9.60e-01	3.97e-02	1.65e-05	0.00e+00	0.00e+00	0.00e+00	0.00e+00	0.00e+00	0.00e+00	9.60e-01	7.96e-08	4.41e-08
 7.47374e+22	9.61e-01	3.94e-02	1.65e-05	0.00e+00	0.00e+00	0.00e+00	0.00e+00	0.00e+00	0.00e+00	9.61e-01	7.94e-08	4.40e-08
 7.47631e+22	9.61e-01	3.88e-02	1.63e-05	0.00e+00	0.00e+00	0.00e+00	0.00e+00	0.00e+00	0.00e+00	9.61e-01	7.92e-08	4.39e-08
 7.47965e+22	9.62e-01	3.81e-02	1.62e-05	0.00e+00	0.00e+00	0.00e+00	0.00e+00	0.00e+00	0.00e+00	9.62e-01	7.88e-08	4.38e-08
 7.48325e+22	9.63e-01	3.74e-02	1.60e-05	0.00e+00	0.00e+00	0.00e+00	0.00e+00	0.00e+00	0.00e+00	9.63e-01	7.85e-08	4.36e-08
 7.48653e+22	9.63e-01	3.68e-02	1.59e-05	0.00e+00	0.00e+00	0.00e+00	0.00e+00	0.00e+00	0.00e+00	9.63e-01	7.82e-08	4.35e-08
 7.48952e+22	9.64e-01	3.64e-02	1.58e-05	0.00e+00	0.00e+00	0.00e+00	0.00e+00	0.00e+00	0.00e+00	9.64e-01	7.80e-08	4.34e-08
 7.49279e+22	9.64e-01	3.58e-02	1.56e-05	0.00e+00	0.00e+00	0.00e+00	0.00e+00	0.00e+00	0.00e+00	9.64e-01	7.78e-08	4.33e-08
 7.49632e+22	9.65e-01	3.52e-02	1.55e-05	0.00e+00	0.00e+00	0.00e+00	0.00e+00	0.00e+00	0.00e+00	9.65e-01	7.76e-08	4.32e-08
 7.49953e+22	9.65e-01	3.48e-02	1.53e-05	0.00e+00	0.00e+00	0.00e+00	0.00e+00	0.00e+00	0.00e+00	9.65e-01	7.75e-08	4.32e-08
 7.50245e+22	9.66e-01	3.43e-02	1.52e-05	0.00e+00	0.00e+00	0.00e+00	0.00e+00	0.00e+00	0.00e+00	9.66e-01	7.73e-08	4.31e-08
 7.50511e+22	9.66e-01	3.40e-02	1.51e-05	0.00e+00	0.00e+00	0.00e+00	0.00e+00	0.00e+00	0.00e+00	9.66e-01	7.72e-08	4.30e-08
 7.50803e+22	9.66e-01	3.35e-02	1.50e-05	0.00e+00	0.00e+00	0.00e+00	0.00e+00	0.00e+00	0.00e+00	9.66e-01	7.71e-08	4.30e-08
 7.51182e+22	9.67e-01	3.29e-02	1.48e-05	0.00e+00	0.00e+00	0.00e+00	0.00e+00	0.00e+00	0.00e+00	9.67e-01	7.69e-08	4.29e-08
 7.51591e+22	9.68e-01	3.22e-02	1.46e-05	0.00e+00	0.00e+00	0.00e+00	0.00e+00	0.00e+00	0.00e+00	9.68e-01	7.67e-08	4.28e-08
 7.51963e+22	9.68e-01	3.17e-02	1.45e-05	0.00e+00	0.00e+00	0.00e+00	0.00e+00	0.00e+00	0.00e+00	9.68e-01	7.65e-08	4.27e-08
 7.52302e+22	9.69e-01	3.13e-02	1.43e-05	0.00e+00	0.00e+00	0.00e+00	0.00e+00	0.00e+00	0.00e+00	9.69e-01	7.64e-08	4.26e-08
 7.52610e+22	9.69e-01	3.09e-02	1.42e-05	0.00e+00	0.00e+00	0.00e+00	0.00e+00	0.00e+00	0.00e+00	9.69e-01	7.63e-08	4.25e-08
 7.52891e+22	9.69e-01	3.06e-02	1.41e-05	0.00e+00	0.00e+00	0.00e+00	0.00e+00	0.00e+00	0.00e+00	9.69e-01	7.62e-08	4.25e-08
 7.53198e+22	9.70e-01	3.01e-02	1.39e-05	0.00e+00	0.00e+00	0.00e+00	0.00e+00	0.00e+00	0.00e+00	9.70e-01	7.60e-08	4.23e-08
 7.53530e+22	9.70e-01	2.96e-02	1.37e-05	0.00e+00	0.00e+00	0.00e+00	0.00e+00	0.00e+00	0.00e+00	9.70e-01	7.58e-08	4.22e-08
 7.53832e+22	9.71e-01	2.92e-02	1.36e-05	0.00e+00	0.00e+00	0.00e+00	0.00e+00	0.00e+00	0.00e+00	9.71e-01	7.57e-08	4.21e-08
 7.54107e+22	9.71e-01	2.88e-02	1.34e-05	0.00e+00	0.00e+00	0.00e+00	0.00e+00	0.00e+00	0.00e+00	9.71e-01	7.54e-08	4.19e-08
 7.54357e+22	9.71e-01	2.85e-02	1.33e-05	0.00e+00	0.00e+00	0.00e+00	0.00e+00	0.00e+00	0.00e+00	9.71e-01	7.53e-08	4.19e-08
 7.54632e+22	9.72e-01	2.81e-02	1.32e-05	0.00e+00	0.00e+00	0.00e+00	0.00e+00	0.00e+00	0.00e+00	9.72e-01	7.52e-08	4.18e-08
 7.54988e+22	9.72e-01	2.76e-02	1.30e-05	0.00e+00	0.00e+00	0.00e+00	0.00e+00	0.00e+00	0.00e+00	9.72e-01	7.50e-08	4.17e-08
 7.55373e+22	9.73e-01	2.70e-02	1.28e-05	0.00e+00	0.00e+00	0.00e+00	0.00e+00	0.00e+00	0.00e+00	9.73e-01	7.48e-08	4.15e-08
 7.55723e+22	9.73e-01	2.66e-02	1.26e-05	0.00e+00	0.00e+00	0.00e+00	0.00e+00	0.00e+00	0.00e+00	9.73e-01	7.47e-08	4.14e-08
 7.56041e+22	9.74e-01	2.62e-02	1.25e-05	0.00e+00	0.00e+00	0.00e+00	0.00e+00	0.00e+00	0.00e+00	9.74e-01	7.45e-08	4.13e-08
 7.56331e+22	9.74e-01	2.59e-02	1.24e-05	0.00e+00	0.00e+00	0.00e+00	0.00e+00	0.00e+00	0.00e+00	9.74e-01	7.44e-08	4.11e-08
 7.56595e+22	9.74e-01	2.56e-02	1.23e-05	0.00e+00	0.00e+00	0.00e+00	0.00e+00	0.00e+00	0.00e+00	9.74e-01	7.43e-08	4.10e-08
 7.56884e+22	9.75e-01	2.52e-02	1.21e-05	0.00e+00	0.00e+00	0.00e+00	0.00e+00	0.00e+00	0.00e+00	9.75e-01	7.41e-08	4.09e-08
 7.57196e+22	9.75e-01	2.48e-02	1.20e-05	0.00e+00	0.00e+00	0.00e+00	0.00e+00	0.00e+00	0.00e+00	9.75e-01	7.39e-08	4.07e-08
 7.57480e+22	9.76e-01	2.45e-02	1.19e-05	0.00e+00	0.00e+00	0.00e+00	0.00e+00	0.00e+00	0.00e+00	9.76e-01	7.38e-08	4.06e-08
 7.57791e+22	9.76e-01	2.41e-02	1.18e-05	0.00e+00	0.00e+00	0.00e+00	0.00e+00	0.00e+00	0.00e+00	9.76e-01	7.36e-08	4.05e-08
 7.58127e+22	9.76e-01	2.37e-02	1.16e-05	0.00e+00	0.00e+00	0.00e+00	0.00e+00	0.00e+00	0.00e+00	9.76e-01	7.34e-08	4.03e-08
 7.58433e+22	9.77e-01	2.33e-02	1.15e-05	0.00e+00	0.00e+00	0.00e+00	0.00e+00	0.00e+00	0.00e+00	9.77e-01	7.33e-08	4.02e-08
 7.58711e+22	9.77e-01	2.30e-02	1.14e-05	0.00e+00	0.00e+00	0.00e+00	0.00e+00	0.00e+00	0.00e+00	9.77e-01	7.26e-08	3.98e-08
 7.58964e+22	9.77e-01	2.29e-02	1.13e-05	0.00e+00	0.00e+00	0.00e+00	0.00e+00	0.00e+00	0.00e+00	9.77e-01	7.25e-08	3.97e-08
 7.59241e+22	9.77e-01	2.26e-02	1.12e-05	0.00e+00	0.00e+00	0.00e+00	0.00e+00	0.00e+00	0.00e+00	9.77e-01	7.18e-08	3.94e-08
 7.59602e+22	9.78e-01	2.22e-02	1.11e-05	0.00e+00	0.00e+00	0.00e+00	0.00e+00	0.00e+00	0.00e+00	9.78e-01	7.11e-08	3.91e-08
 7.59991e+22	9.78e-01	2.18e-02	1.10e-05	0.00e+00	0.00e+00	0.00e+00	0.00e+00	0.00e+00	0.00e+00	9.78e-01	7.04e-08	3.87e-08
 7.60346e+22	9.79e-01	2.14e-02	1.08e-05	0.00e+00	0.00e+00	0.00e+00	0.00e+00	0.00e+00	0.00e+00	9.79e-01	6.97e-08	3.83e-08
 7.60668e+22	9.79e-01	2.12e-02	1.08e-05	0.00e+00	0.00e+00	0.00e+00	0.00e+00	0.00e+00	0.00e+00	9.79e-01	6.95e-08	3.81e-08
 7.61021e+22	9.79e-01	2.08e-02	1.06e-05	0.00e+00	0.00e+00	0.00e+00	0.00e+00	0.00e+00	0.00e+00	9.79e-01	6.88e-08	3.76e-08
 7.61403e+22	9.79e-01	2.05e-02	1.05e-05	0.00e+00	0.00e+00	0.00e+00	0.00e+00	0.00e+00	0.00e+00	9.79e-01	6.82e-08	3.72e-08
 7.61750e+22	9.80e-01	2.02e-02	1.04e-05	0.00e+00	0.00e+00	0.00e+00	0.00e+00	0.00e+00	0.00e+00	9.80e-01	6.77e-08	3.69e-08
 7.62130e+22	9.80e-01	1.98e-02	1.03e-05	0.00e+00	0.00e+00	0.00e+00	0.00e+00	0.00e+00	0.00e+00	9.80e-01	6.70e-08	3.64e-08
 7.62541e+22	9.81e-01	1.95e-02	1.02e-05	0.00e+00	0.00e+00	0.00e+00	0.00e+00	0.00e+00	0.00e+00	9.81e-01	6.64e-08	3.60e-08
 7.62914e+22	9.81e-01	1.92e-02	1.01e-05	0.00e+00	0.00e+00	0.00e+00	0.00e+00	0.00e+00	0.00e+00	9.81e-01	6.59e-08	3.56e-08
 7.63324e+22	9.81e-01	1.88e-02	9.93e-06	0.00e+00	0.00e+00	0.00e+00	0.00e+00	0.00e+00	0.00e+00	9.81e-01	6.52e-08	3.51e-08
 7.63766e+22	9.82e-01	1.84e-02	9.81e-06	0.00e+00	0.00e+00	0.00e+00	0.00e+00	0.00e+00	0.00e+00	9.82e-01	6.45e-08	3.47e-08
 7.64168e+22	9.82e-01	1.81e-02	9.71e-06	0.00e+00	0.00e+00	0.00e+00	0.00e+00	0.00e+00	0.00e+00	9.82e-01	6.40e-08	3.43e-08
 7.64534e+22	9.82e-01	1.78e-02	9.61e-06	0.00e+00	0.00e+00	0.00e+00	0.00e+00	0.00e+00	0.00e+00	9.82e-01	6.33e-08	3.38e-08
 7.64867e+22	9.82e-01	1.77e-02	9.53e-06	0.00e+00	0.00e+00	0.00e+00	0.00e+00	0.00e+00	0.00e+00	9.82e-01	6.30e-08	3.36e-08
 7.65232e+22	9.83e-01	1.74e-02	9.43e-06	0.00e+00	0.00e+00	0.00e+00	0.00e+00	0.00e+00	0.00e+00	9.83e-01	6.23e-08	3.31e-08
 7.65626e+22	9.83e-01	1.71e-02	9.33e-06	0.00e+00	0.00e+00	0.00e+00	0.00e+00	0.00e+00	0.00e+00	9.83e-01	6.16e-08	3.27e-08
 7.65985e+22	9.83e-01	1.69e-02	9.25e-06	0.00e+00	0.00e+00	0.00e+00	0.00e+00	0.00e+00	0.00e+00	9.83e-01	6.12e-08	3.24e-08
 7.66378e+22	9.83e-01	1.66e-02	9.14e-06	0.00e+00	0.00e+00	0.00e+00	0.00e+00	0.00e+00	0.00e+00	9.83e-01	6.04e-08	3.19e-08
 7.66802e+22	9.84e-01	1.62e-02	9.04e-06	0.00e+00	0.00e+00	0.00e+00	0.00e+00	0.00e+00	0.00e+00	9.84e-01	5.97e-08	3.14e-08
 7.67188e+22	9.84e-01	1.60e-02	8.95e-06	0.00e+00	0.00e+00	0.00e+00	0.00e+00	0.00e+00	0.00e+00	9.84e-01	5.89e-08	3.09e-08
 7.67539e+22	9.84e-01	1.58e-02	8.88e-06	0.00e+00	0.00e+00	0.00e+00	0.00e+00	0.00e+00	0.00e+00	9.84e-01	5.87e-08	3.07e-08
 7.67924e+22	9.84e-01	1.55e-02	8.78e-06	0.00e+00	0.00e+00	0.00e+00	0.00e+00	0.00e+00	0.00e+00	9.84e-01	5.80e-08	3.03e-08
 7.68340e+22	9.85e-01	1.52e-02	8.69e-06	0.00e+00	0.00e+00	0.00e+00	0.00e+00	0.00e+00	0.00e+00	9.85e-01	5.73e-08	2.98e-08
