#depth	He	He+	He+2
 4.62852e+21	1.77e-08	3.82e-04	1.00e+00
 1.02691e+22	2.17e-08	6.30e-04	9.99e-01
 1.17685e+22	2.21e-08	8.07e-04	9.99e-01
 1.24993e+22	2.20e-08	9.15e-04	9.99e-01
 1.28320e+22	2.21e-08	9.56e-04	9.99e-01
 1.30282e+22	2.21e-08	1.01e-03	9.99e-01
 1.32356e+22	2.23e-08	1.06e-03	9.99e-01
 1.34431e+22	2.24e-08	1.12e-03	9.99e-01
 1.36510e+22	2.28e-08	1.18e-03	9.99e-01
 1.38596e+22	2.32e-08	1.24e-03	9.99e-01
 1.40735e+22	2.38e-08	1.30e-03	9.99e-01
 1.42903e+22	2.47e-08	1.38e-03	9.99e-01
 1.45106e+22	2.57e-08	1.45e-03	9.99e-01
 1.47130e+22	2.67e-08	1.51e-03	9.98e-01
 1.49245e+22	2.82e-08	1.60e-03	9.98e-01
 1.51391e+22	2.97e-08	1.67e-03	9.98e-01
 1.53595e+22	3.19e-08	1.77e-03	9.98e-01
 1.55813e+22	3.38e-08	1.85e-03	9.98e-01
 1.58048e+22	3.67e-08	1.96e-03	9.98e-01
 1.60288e+22	3.93e-08	2.04e-03	9.98e-01
 1.62534e+22	4.30e-08	2.16e-03	9.98e-01
 1.64803e+22	4.62e-08	2.26e-03	9.98e-01
 1.67101e+22	5.10e-08	2.39e-03	9.98e-01
 1.69429e+22	5.52e-08	2.50e-03	9.98e-01
 1.71793e+22	6.14e-08	2.64e-03	9.97e-01
 1.74199e+22	6.67e-08	2.76e-03	9.97e-01
 1.76657e+22	7.46e-08	2.93e-03	9.97e-01
 1.79169e+22	8.16e-08	3.07e-03	9.97e-01
 1.81750e+22	9.18e-08	3.26e-03	9.97e-01
 1.84389e+22	1.01e-07	3.42e-03	9.97e-01
 1.86616e+22	1.10e-07	3.56e-03	9.96e-01
 1.89022e+22	1.22e-07	3.76e-03	9.96e-01
 1.91366e+22	1.32e-07	3.91e-03	9.96e-01
 1.93627e+22	1.47e-07	4.12e-03	9.96e-01
 1.95910e+22	1.59e-07	4.28e-03	9.96e-01
 1.98220e+22	1.76e-07	4.51e-03	9.95e-01
 2.00562e+22	1.91e-07	4.69e-03	9.95e-01
 2.02945e+22	2.12e-07	4.94e-03	9.95e-01
 2.05363e+22	2.30e-07	5.15e-03	9.95e-01
 2.07825e+22	2.57e-07	5.43e-03	9.95e-01
 2.10325e+22	2.79e-07	5.66e-03	9.94e-01
 2.12877e+22	3.12e-07	5.98e-03	9.94e-01
 2.15477e+22	3.40e-07	6.24e-03	9.94e-01
 2.18142e+22	3.82e-07	6.60e-03	9.93e-01
 2.20879e+22	4.18e-07	6.91e-03	9.93e-01
 2.23713e+22	4.72e-07	7.33e-03	9.93e-01
 2.26586e+22	5.18e-07	7.67e-03	9.92e-01
 2.29512e+22	5.86e-07	8.15e-03	9.92e-01
 2.32471e+22	6.43e-07	8.54e-03	9.91e-01
 2.35475e+22	7.29e-07	9.08e-03	9.91e-01
 2.38519e+22	8.02e-07	9.52e-03	9.90e-01
 2.41192e+22	8.83e-07	9.98e-03	9.90e-01
 2.44242e+22	9.98e-07	1.06e-02	9.89e-01
 2.47345e+22	1.10e-06	1.11e-02	9.89e-01
 2.49866e+22	1.20e-06	1.16e-02	9.88e-01
 2.52494e+22	1.33e-06	1.22e-02	9.88e-01
 2.55249e+22	1.45e-06	1.28e-02	9.87e-01
 2.57773e+22	1.58e-06	1.33e-02	9.87e-01
 2.60656e+22	1.77e-06	1.41e-02	9.86e-01
 2.63611e+22	1.95e-06	1.48e-02	9.85e-01
 2.66202e+22	2.13e-06	1.54e-02	9.85e-01
 2.69115e+22	2.37e-06	1.63e-02	9.84e-01
 2.72172e+22	2.62e-06	1.71e-02	9.83e-01
 2.74945e+22	2.88e-06	1.79e-02	9.82e-01
 2.78081e+22	3.24e-06	1.90e-02	9.81e-01
 2.81310e+22	3.60e-06	2.00e-02	9.80e-01
 2.84181e+22	3.96e-06	2.09e-02	9.79e-01
 2.87432e+22	4.47e-06	2.22e-02	9.78e-01
 2.90805e+22	4.98e-06	2.34e-02	9.77e-01
 2.93837e+22	5.51e-06	2.46e-02	9.75e-01
 2.97278e+22	6.27e-06	2.62e-02	9.74e-01
 3.00822e+22	6.99e-06	2.77e-02	9.72e-01
 3.04015e+22	7.78e-06	2.92e-02	9.71e-01
 3.07682e+22	8.92e-06	3.12e-02	9.69e-01
 3.11389e+22	1.00e-05	3.30e-02	9.67e-01
 3.15146e+22	1.15e-05	3.53e-02	9.65e-01
 3.18948e+22	1.29e-05	3.74e-02	9.63e-01
 3.22807e+22	1.49e-05	4.01e-02	9.60e-01
 3.26701e+22	1.67e-05	4.24e-02	9.58e-01
 3.30642e+22	1.93e-05	4.56e-02	9.54e-01
 3.34623e+22	2.17e-05	4.82e-02	9.52e-01
 3.38658e+22	2.52e-05	5.19e-02	9.48e-01
 3.42746e+22	2.84e-05	5.50e-02	9.45e-01
 3.46903e+22	3.31e-05	5.92e-02	9.41e-01
 3.50980e+22	3.71e-05	6.25e-02	9.37e-01
 3.54954e+22	4.29e-05	6.71e-02	9.33e-01
 3.58783e+22	4.75e-05	7.05e-02	9.29e-01
 3.62423e+22	5.43e-05	7.52e-02	9.25e-01
 3.66059e+22	6.01e-05	7.89e-02	9.21e-01
 3.69688e+22	6.82e-05	8.39e-02	9.16e-01
 3.73450e+22	7.66e-05	8.86e-02	9.11e-01
 3.76824e+22	8.49e-05	9.31e-02	9.07e-01
 3.80652e+22	9.71e-05	9.92e-02	9.01e-01
 3.84540e+22	1.09e-04	1.05e-01	8.95e-01
 3.87987e+22	1.21e-04	1.10e-01	8.90e-01
 3.91328e+22	1.34e-04	1.15e-01	8.85e-01
 3.94412e+22	1.47e-04	1.20e-01	8.80e-01
 3.97784e+22	1.64e-04	1.27e-01	8.73e-01
 4.01174e+22	1.80e-04	1.32e-01	8.67e-01
 4.04589e+22	2.02e-04	1.40e-01	8.60e-01
 4.08038e+22	2.22e-04	1.46e-01	8.54e-01
 4.11038e+22	2.42e-04	1.52e-01	8.48e-01
 4.14442e+22	2.71e-04	1.60e-01	8.40e-01
 4.17913e+22	2.97e-04	1.67e-01	8.33e-01
 4.20992e+22	3.25e-04	1.74e-01	8.26e-01
 4.24517e+22	3.64e-04	1.83e-01	8.17e-01
 4.28089e+22	4.00e-04	1.91e-01	8.09e-01
 4.31244e+22	4.38e-04	1.98e-01	8.01e-01
 4.34865e+22	4.90e-04	2.09e-01	7.91e-01
 4.38545e+22	5.39e-04	2.18e-01	7.82e-01
 4.42301e+22	6.03e-04	2.29e-01	7.71e-01
 4.46137e+22	6.67e-04	2.39e-01	7.61e-01
 4.49494e+22	7.30e-04	2.48e-01	7.51e-01
 4.53276e+22	8.18e-04	2.61e-01	7.39e-01
 4.57191e+22	9.01e-04	2.72e-01	7.28e-01
 4.61279e+22	1.02e-03	2.86e-01	7.13e-01
 4.64168e+22	1.05e-03	2.90e-01	7.09e-01
 4.65203e+22	1.08e-03	2.93e-01	7.06e-01
 4.66256e+22	1.11e-03	2.97e-01	7.02e-01
 4.67625e+22	1.15e-03	3.01e-01	6.98e-01
 4.69405e+22	1.21e-03	3.07e-01	6.91e-01
 4.71719e+22	1.30e-03	3.16e-01	6.82e-01
 4.74726e+22	1.42e-03	3.28e-01	6.71e-01
 4.77759e+22	1.52e-03	3.37e-01	6.62e-01
 4.80823e+22	1.66e-03	3.49e-01	6.50e-01
 4.83942e+22	1.78e-03	3.58e-01	6.40e-01
 4.87130e+22	1.95e-03	3.71e-01	6.27e-01
 4.90361e+22	2.09e-03	3.81e-01	6.17e-01
 4.93649e+22	2.28e-03	3.94e-01	6.04e-01
 4.97008e+22	2.46e-03	4.05e-01	5.92e-01
 4.99986e+22	2.64e-03	4.16e-01	5.81e-01
 5.03381e+22	2.88e-03	4.30e-01	5.67e-01
 5.06882e+22	3.12e-03	4.42e-01	5.55e-01
 5.10017e+22	3.35e-03	4.54e-01	5.43e-01
 5.13591e+22	3.68e-03	4.69e-01	5.28e-01
 5.17249e+22	3.97e-03	4.81e-01	5.15e-01
 5.21014e+22	4.34e-03	4.96e-01	5.00e-01
 5.24912e+22	4.72e-03	5.10e-01	4.85e-01
 5.28427e+22	5.10e-03	5.23e-01	4.72e-01
 5.32439e+22	5.61e-03	5.39e-01	4.55e-01
 5.36548e+22	6.08e-03	5.53e-01	4.41e-01
 5.40782e+22	6.76e-03	5.71e-01	4.22e-01
 5.44997e+22	7.28e-03	5.84e-01	4.09e-01
 5.49188e+22	8.03e-03	6.01e-01	3.91e-01
 5.53485e+22	8.70e-03	6.15e-01	3.76e-01
 5.57918e+22	9.63e-03	6.32e-01	3.58e-01
 5.62459e+22	1.04e-02	6.46e-01	3.43e-01
 5.67141e+22	1.16e-02	6.65e-01	3.24e-01
 5.71897e+22	1.26e-02	6.79e-01	3.09e-01
 5.76750e+22	1.41e-02	6.97e-01	2.89e-01
 5.81751e+22	1.53e-02	7.11e-01	2.74e-01
 5.86945e+22	1.72e-02	7.29e-01	2.54e-01
 5.92289e+22	1.89e-02	7.43e-01	2.38e-01
 5.97826e+22	2.13e-02	7.61e-01	2.18e-01
 6.03582e+22	2.35e-02	7.75e-01	2.02e-01
 6.09622e+22	2.69e-02	7.92e-01	1.81e-01
 6.15818e+22	2.99e-02	8.05e-01	1.65e-01
 6.20626e+22	3.24e-02	8.14e-01	1.53e-01
 6.25284e+22	3.58e-02	8.24e-01	1.40e-01
 6.30080e+22	3.92e-02	8.33e-01	1.28e-01
 6.35053e+22	4.39e-02	8.41e-01	1.15e-01
 6.40128e+22	4.83e-02	8.48e-01	1.04e-01
 6.45338e+22	5.47e-02	8.54e-01	9.16e-02
 6.50148e+22	5.96e-02	8.57e-01	8.33e-02
 6.53763e+22	6.45e-02	8.59e-01	7.65e-02
 6.57783e+22	7.15e-02	8.60e-01	6.88e-02
 6.62057e+22	7.88e-02	8.59e-01	6.20e-02
 6.65965e+22	8.68e-02	8.57e-01	5.61e-02
 6.69743e+22	9.58e-02	8.53e-01	5.09e-02
 6.73360e+22	1.06e-01	8.48e-01	4.65e-02
 6.76691e+22	1.16e-01	8.41e-01	4.28e-02
 6.79731e+22	1.27e-01	8.33e-01	3.97e-02
 6.82507e+22	1.39e-01	8.24e-01	3.73e-02
 6.85024e+22	1.51e-01	8.14e-01	3.53e-02
 6.87321e+22	1.63e-01	8.03e-01	3.37e-02
 6.89419e+22	1.76e-01	7.91e-01	3.24e-02
 6.90737e+22	1.83e-01	7.85e-01	3.21e-02
 6.91230e+22	1.87e-01	7.81e-01	3.20e-02
 6.91628e+22	1.90e-01	7.79e-01	3.17e-02
 6.92146e+22	1.94e-01	7.75e-01	3.15e-02
 6.92764e+22	1.99e-01	7.70e-01	3.12e-02
 6.93386e+22	2.04e-01	7.65e-01	3.09e-02
 6.93961e+22	2.08e-01	7.61e-01	3.07e-02
 6.94547e+22	2.14e-01	7.56e-01	3.05e-02
 6.95153e+22	2.19e-01	7.51e-01	3.04e-02
 6.95774e+22	2.24e-01	7.46e-01	3.02e-02
 6.96417e+22	2.31e-01	7.39e-01	3.00e-02
 6.97040e+22	2.37e-01	7.34e-01	2.99e-02
 6.97670e+22	2.43e-01	7.27e-01	2.97e-02
 6.98341e+22	2.50e-01	7.20e-01	2.96e-02
 6.99041e+22	2.57e-01	7.13e-01	2.96e-02
 6.99773e+22	2.65e-01	7.05e-01	2.95e-02
 7.00528e+22	2.74e-01	6.96e-01	2.94e-02
 7.01277e+22	2.83e-01	6.88e-01	2.94e-02
 7.01862e+22	2.89e-01	6.82e-01	2.96e-02
 7.02255e+22	2.93e-01	6.77e-01	2.95e-02
 7.02632e+22	2.98e-01	6.72e-01	2.95e-02
 7.03070e+22	3.04e-01	6.66e-01	2.94e-02
 7.03549e+22	3.11e-01	6.60e-01	2.93e-02
 7.04014e+22	3.16e-01	6.54e-01	2.94e-02
 7.04474e+22	3.23e-01	6.48e-01	2.93e-02
 7.04949e+22	3.30e-01	6.41e-01	2.92e-02
 7.05429e+22	3.36e-01	6.34e-01	2.91e-02
 7.05915e+22	3.44e-01	6.27e-01	2.90e-02
 7.06401e+22	3.51e-01	6.20e-01	2.89e-02
 7.06903e+22	3.58e-01	6.13e-01	2.88e-02
 7.07427e+22	3.67e-01	6.05e-01	2.86e-02
 7.07950e+22	3.75e-01	5.97e-01	2.84e-02
 7.08479e+22	3.83e-01	5.88e-01	2.82e-02
 7.09029e+22	3.92e-01	5.80e-01	2.80e-02
 7.09598e+22	4.02e-01	5.70e-01	2.77e-02
 7.10175e+22	4.12e-01	5.61e-01	2.74e-02
 7.10763e+22	4.22e-01	5.51e-01	2.71e-02
 7.11372e+22	4.32e-01	5.41e-01	2.67e-02
 7.12001e+22	4.43e-01	5.30e-01	2.63e-02
 7.12643e+22	4.55e-01	5.20e-01	2.58e-02
 7.13298e+22	4.66e-01	5.08e-01	2.53e-02
 7.13975e+22	4.78e-01	4.97e-01	2.48e-02
 7.14676e+22	4.91e-01	4.85e-01	2.43e-02
 7.15396e+22	5.04e-01	4.72e-01	2.37e-02
 7.16133e+22	5.17e-01	4.60e-01	2.30e-02
 7.16890e+22	5.31e-01	4.47e-01	2.24e-02
 7.17672e+22	5.44e-01	4.34e-01	2.17e-02
 7.18466e+22	5.58e-01	4.21e-01	2.10e-02
 7.19267e+22	5.72e-01	4.08e-01	2.03e-02
 7.20092e+22	5.86e-01	3.95e-01	1.95e-02
 7.20945e+22	6.00e-01	3.81e-01	1.88e-02
 7.21789e+22	6.14e-01	3.68e-01	1.80e-02
 7.22630e+22	6.27e-01	3.56e-01	1.72e-02
 7.23509e+22	6.41e-01	3.43e-01	1.65e-02
 7.24404e+22	6.54e-01	3.30e-01	1.57e-02
 7.25302e+22	6.67e-01	3.18e-01	1.50e-02
 7.26222e+22	6.80e-01	3.06e-01	1.42e-02
 7.27172e+22	6.92e-01	2.94e-01	1.35e-02
 7.28135e+22	7.05e-01	2.83e-01	1.27e-02
 7.29109e+22	7.17e-01	2.71e-01	1.20e-02
 7.30113e+22	7.29e-01	2.60e-01	1.13e-02
 7.31143e+22	7.40e-01	2.49e-01	1.06e-02
 7.32155e+22	7.51e-01	2.39e-01	9.92e-03
 7.33112e+22	7.60e-01	2.30e-01	9.33e-03
 7.33994e+22	7.69e-01	2.22e-01	8.81e-03
 7.34812e+22	7.77e-01	2.15e-01	8.33e-03
 7.35568e+22	7.84e-01	2.08e-01	7.92e-03
 7.36300e+22	7.90e-01	2.02e-01	7.52e-03
 7.37035e+22	7.96e-01	1.97e-01	7.17e-03
 7.37757e+22	8.02e-01	1.91e-01	6.79e-03
 7.38433e+22	8.07e-01	1.86e-01	6.49e-03
 7.39062e+22	8.12e-01	1.81e-01	6.20e-03
 7.39695e+22	8.17e-01	1.77e-01	5.92e-03
 7.40305e+22	8.22e-01	1.73e-01	5.67e-03
 7.40881e+22	8.26e-01	1.69e-01	5.43e-03
 7.41453e+22	8.30e-01	1.65e-01	5.20e-03
 7.42002e+22	8.34e-01	1.61e-01	4.99e-03
 7.42518e+22	8.37e-01	1.58e-01	4.80e-03
 7.43023e+22	8.41e-01	1.55e-01	4.61e-03
 7.43515e+22	8.44e-01	1.52e-01	4.43e-03
 7.43978e+22	8.47e-01	1.49e-01	4.27e-03
 7.44399e+22	8.50e-01	1.46e-01	4.13e-03
 7.44782e+22	8.52e-01	1.44e-01	4.00e-03
 7.45131e+22	8.54e-01	1.42e-01	3.89e-03
 7.45449e+22	8.56e-01	1.40e-01	3.78e-03
 7.45737e+22	8.58e-01	1.38e-01	3.69e-03
 7.46000e+22	8.60e-01	1.37e-01	3.60e-03
 7.46288e+22	8.62e-01	1.35e-01	3.50e-03
 7.46599e+22	8.64e-01	1.33e-01	3.41e-03
 7.46882e+22	8.65e-01	1.31e-01	3.33e-03
 7.47140e+22	8.67e-01	1.30e-01	3.26e-03
 7.47374e+22	8.68e-01	1.29e-01	3.21e-03
 7.47631e+22	8.70e-01	1.27e-01	3.12e-03
 7.47965e+22	8.72e-01	1.25e-01	3.02e-03
 7.48325e+22	8.74e-01	1.23e-01	2.94e-03
 7.48653e+22	8.76e-01	1.22e-01	2.86e-03
 7.48952e+22	8.77e-01	1.20e-01	2.80e-03
 7.49279e+22	8.79e-01	1.18e-01	2.72e-03
 7.49632e+22	8.80e-01	1.17e-01	2.65e-03
 7.49953e+22	8.82e-01	1.15e-01	2.58e-03
 7.50245e+22	8.83e-01	1.14e-01	2.52e-03
 7.50511e+22	8.84e-01	1.13e-01	2.48e-03
 7.50803e+22	8.86e-01	1.12e-01	2.41e-03
 7.51182e+22	8.88e-01	1.10e-01	2.33e-03
 7.51591e+22	8.90e-01	1.08e-01	2.26e-03
 7.51963e+22	8.91e-01	1.07e-01	2.20e-03
 7.52302e+22	8.93e-01	1.05e-01	2.15e-03
 7.52610e+22	8.94e-01	1.04e-01	2.10e-03
 7.52891e+22	8.95e-01	1.03e-01	2.05e-03
 7.53198e+22	8.97e-01	1.01e-01	1.99e-03
 7.53530e+22	8.98e-01	9.99e-02	1.94e-03
 7.53832e+22	8.99e-01	9.87e-02	1.89e-03
 7.54107e+22	9.01e-01	9.76e-02	1.85e-03
 7.54357e+22	9.01e-01	9.67e-02	1.81e-03
 7.54632e+22	9.03e-01	9.54e-02	1.76e-03
 7.54988e+22	9.04e-01	9.39e-02	1.71e-03
 7.55373e+22	9.06e-01	9.25e-02	1.66e-03
 7.55723e+22	9.07e-01	9.13e-02	1.61e-03
 7.56041e+22	9.08e-01	9.02e-02	1.58e-03
 7.56331e+22	9.09e-01	8.91e-02	1.54e-03
 7.56595e+22	9.10e-01	8.81e-02	1.51e-03
 7.56884e+22	9.12e-01	8.69e-02	1.46e-03
 7.57196e+22	9.13e-01	8.58e-02	1.43e-03
 7.57480e+22	9.14e-01	8.49e-02	1.40e-03
 7.57791e+22	9.15e-01	8.37e-02	1.36e-03
 7.58127e+22	9.16e-01	8.26e-02	1.32e-03
 7.58433e+22	9.17e-01	8.17e-02	1.29e-03
 7.58711e+22	9.18e-01	8.07e-02	1.26e-03
 7.58964e+22	9.19e-01	8.01e-02	1.24e-03
 7.59241e+22	9.20e-01	7.91e-02	1.21e-03
 7.59602e+22	9.21e-01	7.80e-02	1.18e-03
 7.59991e+22	9.22e-01	7.71e-02	1.15e-03
 7.60346e+22	9.23e-01	7.60e-02	1.12e-03
 7.60668e+22	9.24e-01	7.53e-02	1.10e-03
 7.61021e+22	9.25e-01	7.42e-02	1.07e-03
 7.61403e+22	9.26e-01	7.33e-02	1.04e-03
 7.61750e+22	9.27e-01	7.24e-02	1.01e-03
 7.62130e+22	9.28e-01	7.13e-02	9.84e-04
 7.62541e+22	9.29e-01	7.03e-02	9.57e-04
 7.62914e+22	9.30e-01	6.94e-02	9.33e-04
 7.63324e+22	9.31e-01	6.83e-02	9.03e-04
 7.63766e+22	9.32e-01	6.73e-02	8.78e-04
 7.64168e+22	9.33e-01	6.64e-02	8.54e-04
 7.64534e+22	9.34e-01	6.54e-02	8.30e-04
 7.64867e+22	9.34e-01	6.48e-02	8.14e-04
 7.65232e+22	9.35e-01	6.38e-02	7.89e-04
 7.65626e+22	9.36e-01	6.30e-02	7.69e-04
 7.65985e+22	9.37e-01	6.23e-02	7.53e-04
 7.66378e+22	9.38e-01	6.13e-02	7.28e-04
 7.66802e+22	9.39e-01	6.05e-02	7.09e-04
 7.67188e+22	9.40e-01	5.97e-02	6.90e-04
 7.67539e+22	9.40e-01	5.91e-02	6.76e-04
 7.67924e+22	9.41e-01	5.82e-02	6.55e-04
 7.68340e+22	9.42e-01	5.74e-02	6.39e-04
 7.68718e+22	9.43e-01	5.68e-02	6.25e-04
 7.69132e+22	9.44e-01	5.58e-02	6.04e-04
 7.69580e+22	9.44e-01	5.51e-02	5.89e-04
 7.69987e+22	9.45e-01	5.45e-02	5.75e-04
 7.70433e+22	9.46e-01	5.35e-02	5.55e-04
 7.70915e+22	9.47e-01	5.27e-02	5.40e-04
 7.71353e+22	9.47e-01	5.21e-02	5.26e-04
 7.71833e+22	9.48e-01	5.11e-02	5.07e-04
 7.72352e+22	9.49e-01	5.04e-02	4.92e-04
 7.72823e+22	9.50e-01	4.97e-02	4.79e-04
 7.73340e+22	9.51e-01	4.87e-02	4.61e-04
 7.73898e+22	9.52e-01	4.80e-02	4.48e-04
 7.74406e+22	9.52e-01	4.73e-02	4.33e-04
 7.74869e+22	9.53e-01	4.66e-02	4.22e-04
 7.75375e+22	9.54e-01	4.57e-02	4.06e-04
 7.75922e+22	9.55e-01	4.50e-02	3.93e-04
 7.76419e+22	9.55e-01	4.44e-02	3.83e-04
 7.76965e+22	9.56e-01	4.36e-02	3.69e-04
 7.77553e+22	9.57e-01	4.28e-02	3.57e-04
 7.78089e+22	9.57e-01	4.22e-02	3.47e-04
 7.78676e+22	9.58e-01	4.14e-02	3.33e-04
 7.79310e+22	9.59e-01	4.08e-02	3.23e-04
 7.79886e+22	9.60e-01	4.00e-02	3.12e-04
 7.80411e+22	9.60e-01	3.95e-02	3.03e-04
 7.80986e+22	9.61e-01	3.87e-02	2.91e-04
 7.81607e+22	9.62e-01	3.80e-02	2.81e-04
 7.82172e+22	9.62e-01	3.75e-02	2.73e-04
 7.82791e+22	9.63e-01	3.67e-02	2.62e-04
 7.83459e+22	9.64e-01	3.61e-02	2.53e-04
 7.84067e+22	9.64e-01	3.55e-02	2.45e-04
 7.84733e+22	9.65e-01	3.47e-02	2.35e-04
 7.85453e+22	9.66e-01	3.41e-02	2.27e-04
 7.86108e+22	9.66e-01	3.35e-02	2.18e-04
 7.86703e+22	9.67e-01	3.29e-02	2.11e-04
 7.87356e+22	9.68e-01	3.23e-02	2.03e-04
 7.88061e+22	9.68e-01	3.17e-02	1.96e-04
 7.88702e+22	9.69e-01	3.11e-02	1.89e-04
 7.89405e+22	9.69e-01	3.05e-02	1.81e-04
 7.90164e+22	9.70e-01	2.99e-02	1.74e-04
 7.90854e+22	9.70e-01	2.94e-02	1.68e-04
 7.91611e+22	9.71e-01	2.87e-02	1.61e-04
 7.92428e+22	9.72e-01	2.82e-02	1.55e-04
 7.93171e+22	9.72e-01	2.76e-02	1.49e-04
 7.93985e+22	9.73e-01	2.70e-02	1.42e-04
 7.94865e+22	9.73e-01	2.64e-02	1.36e-04
 7.95665e+22	9.74e-01	2.59e-02	1.31e-04
 7.96542e+22	9.75e-01	2.52e-02	1.24e-04
 7.97488e+22	9.75e-01	2.47e-02	1.19e-04
 7.98349e+22	9.76e-01	2.42e-02	1.14e-04
 7.99133e+22	9.76e-01	2.37e-02	1.10e-04
 7.99992e+22	9.77e-01	2.31e-02	1.04e-04
 8.01104e+22	9.77e-01	2.24e-02	9.84e-05
 8.02350e+22	9.78e-01	2.18e-02	9.26e-05
 8.03586e+22	9.79e-01	2.11e-02	8.70e-05
 8.04829e+22	9.79e-01	2.04e-02	8.17e-05
 8.06101e+22	9.80e-01	1.98e-02	7.66e-05
 8.07395e+22	9.81e-01	1.91e-02	7.18e-05
 8.08704e+22	9.81e-01	1.85e-02	6.72e-05
 8.10028e+22	9.82e-01	1.79e-02	6.30e-05
 8.11369e+22	9.83e-01	1.73e-02	5.89e-05
 8.12726e+22	9.83e-01	1.67e-02	5.51e-05
 8.14098e+22	9.84e-01	1.62e-02	5.15e-05
 8.15487e+22	9.84e-01	1.56e-02	4.81e-05
 8.16889e+22	9.85e-01	1.51e-02	4.49e-05
 8.18307e+22	9.85e-01	1.46e-02	4.19e-05
 8.19739e+22	9.86e-01	1.41e-02	3.91e-05
 8.21183e+22	9.86e-01	1.36e-02	3.64e-05
 8.22639e+22	9.87e-01	1.31e-02	3.40e-05
 8.24108e+22	9.87e-01	1.27e-02	3.16e-05
 8.25593e+22	9.88e-01	1.22e-02	2.95e-05
 8.27092e+22	9.88e-01	1.18e-02	2.74e-05
 8.28603e+22	9.89e-01	1.14e-02	2.55e-05
 8.30127e+22	9.89e-01	1.10e-02	2.37e-05
 8.31665e+22	9.89e-01	1.06e-02	2.20e-05
 8.33216e+22	9.90e-01	1.02e-02	2.05e-05
 8.34807e+22	9.90e-01	9.80e-03	1.90e-05
 8.36436e+22	9.91e-01	9.43e-03	1.76e-05
 8.38080e+22	9.91e-01	9.08e-03	1.63e-05
 8.39741e+22	9.91e-01	8.73e-03	1.51e-05
 8.41421e+22	9.92e-01	8.39e-03	1.39e-05
 8.43120e+22	9.92e-01	8.07e-03	1.29e-05
 8.44839e+22	9.92e-01	7.75e-03	1.19e-05
 8.46581e+22	9.93e-01	7.44e-03	1.10e-05
 8.48353e+22	9.93e-01	7.14e-03	1.01e-05
 8.50156e+22	9.93e-01	6.86e-03	9.32e-06
 8.52008e+22	9.93e-01	6.57e-03	8.56e-06
 8.53907e+22	9.94e-01	6.29e-03	7.86e-06
 8.55833e+22	9.94e-01	6.02e-03	7.20e-06
 8.57793e+22	9.94e-01	5.76e-03	6.60e-06
 8.59787e+22	9.94e-01	5.51e-03	6.03e-06
 8.61818e+22	9.95e-01	5.26e-03	5.51e-06
 8.63887e+22	9.95e-01	5.03e-03	5.02e-06
 8.66002e+22	9.95e-01	4.79e-03	4.57e-06
 8.68169e+22	9.95e-01	4.57e-03	4.16e-06
 8.70387e+22	9.96e-01	4.35e-03	3.77e-06
 8.72651e+22	9.96e-01	4.14e-03	3.41e-06
 8.74967e+22	9.96e-01	3.94e-03	3.08e-06
 8.77340e+22	9.96e-01	3.74e-03	2.78e-06
 8.79763e+22	9.96e-01	3.55e-03	2.51e-06
 8.82216e+22	9.97e-01	3.37e-03	2.26e-06
 8.84693e+22	9.97e-01	3.19e-03	2.03e-06
 8.87200e+22	9.97e-01	3.03e-03	1.82e-06
 8.89731e+22	9.97e-01	2.87e-03	1.64e-06
 8.92286e+22	9.97e-01	2.72e-03	1.47e-06
 8.94865e+22	9.97e-01	2.57e-03	1.32e-06
 8.97471e+22	9.98e-01	2.44e-03	1.18e-06
 9.00102e+22	9.98e-01	2.31e-03	1.06e-06
 9.02763e+22	9.98e-01	2.18e-03	9.48e-07
 9.05453e+22	9.98e-01	2.06e-03	8.48e-07
 9.08173e+22	9.98e-01	1.95e-03	7.57e-07
 9.10912e+22	9.98e-01	1.84e-03	6.77e-07
 9.13669e+22	9.98e-01	1.74e-03	6.04e-07
 9.16464e+22	9.98e-01	1.64e-03	5.38e-07
 9.19302e+22	9.98e-01	1.55e-03	4.79e-07
 9.22170e+22	9.99e-01	1.46e-03	4.26e-07
 9.24657e+22	9.99e-01	1.40e-03	3.89e-07
