#depth	O	O+	O+2	O+3	O+4	O+5	O+6	O+7	O+8	O[1]	O[2]	O[3]
 1.54284e+22	0.00e+00	0.00e+00	2.80e-29	1.44e-23	1.98e-18	1.26e-13	2.78e-08	3.49e-04	1.00e+00	0.00e+00	0.00e+00	0.00e+00
 3.56432e+22	0.00e+00	0.00e+00	1.96e-28	7.30e-23	7.40e-18	3.41e-13	5.36e-08	4.84e-04	1.00e+00	0.00e+00	0.00e+00	0.00e+00
 4.38830e+22	0.00e+00	0.00e+00	7.78e-28	2.31e-22	1.87e-17	6.85e-13	8.51e-08	6.10e-04	9.99e-01	0.00e+00	0.00e+00	0.00e+00
 5.00989e+22	0.00e+00	0.00e+00	2.33e-27	5.77e-22	3.90e-17	1.19e-12	1.23e-07	7.33e-04	9.99e-01	0.00e+00	0.00e+00	0.00e+00
 5.37320e+22	0.00e+00	0.00e+00	3.30e-27	7.73e-22	4.93e-17	1.43e-12	1.38e-07	7.77e-04	9.99e-01	0.00e+00	0.00e+00	0.00e+00
 5.54244e+22	0.00e+00	1.68e-33	4.54e-27	1.01e-21	6.11e-17	1.68e-12	1.54e-07	8.20e-04	9.99e-01	0.00e+00	0.00e+00	0.00e+00
 5.73150e+22	0.00e+00	2.70e-33	6.83e-27	1.42e-21	8.04e-17	2.07e-12	1.77e-07	8.77e-04	9.99e-01	0.00e+00	0.00e+00	0.00e+00
 5.92555e+22	0.00e+00	3.99e-33	9.58e-27	1.88e-21	1.01e-16	2.46e-12	1.98e-07	9.29e-04	9.99e-01	0.00e+00	0.00e+00	0.00e+00
 6.09775e+22	0.00e+00	5.91e-33	1.34e-26	2.50e-21	1.27e-16	2.92e-12	2.22e-07	9.83e-04	9.99e-01	0.00e+00	0.00e+00	0.00e+00
 6.26707e+22	0.00e+00	8.66e-33	1.86e-26	3.29e-21	1.58e-16	3.45e-12	2.48e-07	1.04e-03	9.99e-01	0.00e+00	0.00e+00	0.00e+00
 6.46095e+22	0.00e+00	1.41e-32	2.83e-26	4.67e-21	2.10e-16	4.28e-12	2.86e-07	1.11e-03	9.99e-01	0.00e+00	0.00e+00	0.00e+00
 6.65432e+22	0.00e+00	2.08e-32	3.96e-26	6.18e-21	2.63e-16	5.08e-12	3.20e-07	1.18e-03	9.99e-01	0.00e+00	0.00e+00	0.00e+00
 6.82168e+22	0.00e+00	3.03e-32	5.47e-26	8.11e-21	3.27e-16	6.00e-12	3.57e-07	1.24e-03	9.99e-01	0.00e+00	0.00e+00	0.00e+00
 7.01391e+22	0.00e+00	4.91e-32	8.28e-26	1.15e-20	4.33e-16	7.42e-12	4.10e-07	1.33e-03	9.99e-01	0.00e+00	0.00e+00	0.00e+00
 7.21009e+22	0.00e+00	7.30e-32	1.16e-25	1.53e-20	5.45e-16	8.83e-12	4.60e-07	1.41e-03	9.99e-01	0.00e+00	0.00e+00	0.00e+00
 7.36802e+22	0.00e+00	1.02e-31	1.56e-25	1.95e-20	6.64e-16	1.03e-11	5.08e-07	1.48e-03	9.99e-01	0.00e+00	0.00e+00	0.00e+00
 7.50658e+22	0.00e+00	1.40e-31	2.04e-25	2.44e-20	7.95e-16	1.18e-11	5.56e-07	1.55e-03	9.98e-01	0.00e+00	0.00e+00	0.00e+00
 7.66337e+22	0.00e+00	2.02e-31	2.80e-25	3.18e-20	9.86e-16	1.39e-11	6.19e-07	1.64e-03	9.98e-01	0.00e+00	0.00e+00	0.00e+00
 7.82839e+22	0.00e+00	2.86e-31	3.77e-25	4.09e-20	1.21e-15	1.62e-11	6.86e-07	1.72e-03	9.98e-01	0.00e+00	0.00e+00	0.00e+00
 7.97576e+22	0.00e+00	3.98e-31	5.01e-25	5.19e-20	1.46e-15	1.87e-11	7.55e-07	1.80e-03	9.98e-01	0.00e+00	0.00e+00	0.00e+00
 8.11722e+22	0.00e+00	5.44e-31	6.56e-25	6.50e-20	1.76e-15	2.15e-11	8.27e-07	1.89e-03	9.98e-01	0.00e+00	0.00e+00	0.00e+00
 8.27934e+22	0.00e+00	7.92e-31	9.07e-25	8.53e-20	2.19e-15	2.55e-11	9.23e-07	1.99e-03	9.98e-01	0.00e+00	0.00e+00	0.00e+00
 8.44804e+22	0.00e+00	1.13e-30	1.23e-24	1.11e-19	2.70e-15	2.98e-11	1.03e-06	2.10e-03	9.98e-01	0.00e+00	0.00e+00	0.00e+00
 8.59431e+22	0.00e+00	1.56e-30	1.62e-24	1.39e-19	3.26e-15	3.44e-11	1.13e-06	2.20e-03	9.98e-01	0.00e+00	0.00e+00	0.00e+00
 8.72282e+22	0.00e+00	2.06e-30	2.06e-24	1.70e-19	3.83e-15	3.89e-11	1.22e-06	2.29e-03	9.98e-01	0.00e+00	0.00e+00	0.00e+00
 8.85920e+22	0.00e+00	2.81e-30	2.70e-24	2.14e-19	4.60e-15	4.48e-11	1.34e-06	2.39e-03	9.98e-01	0.00e+00	0.00e+00	0.00e+00
 9.00599e+22	0.00e+00	3.84e-30	3.53e-24	2.68e-19	5.52e-15	5.14e-11	1.47e-06	2.51e-03	9.97e-01	0.00e+00	0.00e+00	0.00e+00
 9.13914e+22	0.00e+00	5.11e-30	4.51e-24	3.29e-19	6.52e-15	5.84e-11	1.59e-06	2.61e-03	9.97e-01	0.00e+00	0.00e+00	0.00e+00
 9.28508e+22	0.00e+00	7.18e-30	6.05e-24	4.21e-19	7.97e-15	6.81e-11	1.76e-06	2.74e-03	9.97e-01	0.00e+00	0.00e+00	0.00e+00
 9.43371e+22	0.00e+00	9.79e-30	7.90e-24	5.26e-19	9.55e-15	7.82e-11	1.93e-06	2.87e-03	9.97e-01	0.00e+00	0.00e+00	0.00e+00
 9.55967e+22	0.00e+00	1.29e-29	1.00e-23	6.43e-19	1.12e-14	8.84e-11	2.09e-06	2.99e-03	9.97e-01	0.00e+00	0.00e+00	0.00e+00
 9.69724e+22	0.00e+00	1.77e-29	1.32e-23	8.09e-19	1.35e-14	1.02e-10	2.30e-06	3.13e-03	9.97e-01	0.00e+00	0.00e+00	0.00e+00
 9.84470e+22	0.00e+00	2.42e-29	1.72e-23	1.01e-18	1.62e-14	1.17e-10	2.52e-06	3.27e-03	9.97e-01	0.00e+00	0.00e+00	0.00e+00
 9.97566e+22	0.00e+00	3.20e-29	2.19e-23	1.24e-18	1.91e-14	1.33e-10	2.73e-06	3.41e-03	9.97e-01	0.00e+00	0.00e+00	0.00e+00
 1.00905e+23	0.00e+00	4.11e-29	2.71e-23	1.49e-18	2.21e-14	1.48e-10	2.94e-06	3.53e-03	9.96e-01	0.00e+00	0.00e+00	0.00e+00
 1.02136e+23	0.00e+00	5.46e-29	3.47e-23	1.83e-18	2.62e-14	1.69e-10	3.20e-06	3.68e-03	9.96e-01	0.00e+00	0.00e+00	0.00e+00
 1.03440e+23	0.00e+00	7.12e-29	4.36e-23	2.21e-18	3.06e-14	1.90e-10	3.46e-06	3.83e-03	9.96e-01	0.00e+00	0.00e+00	0.00e+00
 1.04626e+23	0.00e+00	9.20e-29	5.44e-23	2.66e-18	3.55e-14	2.13e-10	3.73e-06	3.97e-03	9.96e-01	0.00e+00	0.00e+00	0.00e+00
 1.05955e+23	0.00e+00	1.25e-28	7.07e-23	3.32e-18	4.25e-14	2.45e-10	4.08e-06	4.15e-03	9.96e-01	0.00e+00	0.00e+00	0.00e+00
 1.07303e+23	0.00e+00	1.65e-28	9.00e-23	4.07e-18	5.01e-14	2.77e-10	4.43e-06	4.33e-03	9.96e-01	0.00e+00	0.00e+00	0.00e+00
 1.08420e+23	0.00e+00	2.10e-28	1.11e-22	4.84e-18	5.77e-14	3.09e-10	4.76e-06	4.48e-03	9.96e-01	0.00e+00	0.00e+00	0.00e+00
 1.09620e+23	0.00e+00	2.77e-28	1.40e-22	5.91e-18	6.79e-14	3.50e-10	5.17e-06	4.66e-03	9.95e-01	0.00e+00	0.00e+00	0.00e+00
 1.10913e+23	0.00e+00	3.62e-28	1.77e-22	7.19e-18	7.95e-14	3.95e-10	5.59e-06	4.85e-03	9.95e-01	0.00e+00	0.00e+00	0.00e+00
 1.12026e+23	0.00e+00	4.55e-28	2.15e-22	8.48e-18	9.09e-14	4.38e-10	5.98e-06	5.02e-03	9.95e-01	0.00e+00	0.00e+00	0.00e+00
 1.13012e+23	0.00e+00	5.66e-28	2.60e-22	9.94e-18	1.03e-13	4.83e-10	6.38e-06	5.18e-03	9.95e-01	0.00e+00	0.00e+00	0.00e+00
 1.14136e+23	0.00e+00	7.27e-28	3.23e-22	1.19e-17	1.20e-13	5.42e-10	6.88e-06	5.37e-03	9.95e-01	0.00e+00	0.00e+00	0.00e+00
 1.15348e+23	0.00e+00	9.38e-28	4.02e-22	1.43e-17	1.39e-13	6.07e-10	7.42e-06	5.57e-03	9.94e-01	0.00e+00	0.00e+00	0.00e+00
 1.16443e+23	0.00e+00	1.19e-27	4.92e-22	1.70e-17	1.60e-13	6.74e-10	7.95e-06	5.77e-03	9.94e-01	0.00e+00	0.00e+00	0.00e+00
 1.17637e+23	0.00e+00	1.56e-27	6.22e-22	2.07e-17	1.88e-13	7.64e-10	8.63e-06	6.00e-03	9.94e-01	0.00e+00	0.00e+00	0.00e+00
 1.18886e+23	0.00e+00	2.02e-27	7.80e-22	2.50e-17	2.19e-13	8.58e-10	9.32e-06	6.24e-03	9.94e-01	0.00e+00	0.00e+00	0.00e+00
 1.19945e+23	2.27e-34	2.53e-27	9.46e-22	2.94e-17	2.50e-13	9.49e-10	9.96e-06	6.45e-03	9.94e-01	0.00e+00	0.00e+00	0.00e+00
 1.21058e+23	3.02e-34	3.26e-27	1.18e-21	3.54e-17	2.90e-13	1.07e-09	1.07e-05	6.69e-03	9.93e-01	0.00e+00	0.00e+00	0.00e+00
 1.22250e+23	4.02e-34	4.18e-27	1.46e-21	4.24e-17	3.36e-13	1.19e-09	1.16e-05	6.94e-03	9.93e-01	0.00e+00	0.00e+00	0.00e+00
 1.23331e+23	5.22e-34	5.26e-27	1.77e-21	5.00e-17	3.84e-13	1.32e-09	1.24e-05	7.18e-03	9.93e-01	0.00e+00	0.00e+00	0.00e+00
 1.24525e+23	7.11e-34	6.90e-27	2.24e-21	6.09e-17	4.52e-13	1.49e-09	1.34e-05	7.47e-03	9.93e-01	0.00e+00	0.00e+00	0.00e+00
 1.25716e+23	9.39e-34	8.80e-27	2.76e-21	7.26e-17	5.20e-13	1.67e-09	1.44e-05	7.74e-03	9.92e-01	0.00e+00	0.00e+00	0.00e+00
 1.26689e+23	1.19e-33	1.08e-26	3.30e-21	8.44e-17	5.88e-13	1.83e-09	1.54e-05	7.98e-03	9.92e-01	0.00e+00	0.00e+00	0.00e+00
 1.27739e+23	1.56e-33	1.37e-26	4.06e-21	1.00e-16	6.77e-13	2.04e-09	1.65e-05	8.27e-03	9.92e-01	0.00e+00	0.00e+00	0.00e+00
 1.28884e+23	2.06e-33	1.75e-26	5.00e-21	1.20e-16	7.81e-13	2.27e-09	1.77e-05	8.57e-03	9.91e-01	0.00e+00	0.00e+00	0.00e+00
 1.29948e+23	2.66e-33	2.19e-26	6.06e-21	1.41e-16	8.90e-13	2.51e-09	1.90e-05	8.86e-03	9.91e-01	0.00e+00	0.00e+00	0.00e+00
 1.31127e+23	3.61e-33	2.86e-26	7.63e-21	1.71e-16	1.04e-12	2.84e-09	2.06e-05	9.21e-03	9.91e-01	0.00e+00	0.00e+00	0.00e+00
 1.32307e+23	4.77e-33	3.65e-26	9.40e-21	2.03e-16	1.20e-12	3.16e-09	2.21e-05	9.55e-03	9.90e-01	0.00e+00	0.00e+00	0.00e+00
 1.33272e+23	6.04e-33	4.49e-26	1.12e-20	2.36e-16	1.36e-12	3.46e-09	2.35e-05	9.85e-03	9.90e-01	0.00e+00	0.00e+00	0.00e+00
 1.34310e+23	7.92e-33	5.69e-26	1.38e-20	2.80e-16	1.56e-12	3.86e-09	2.52e-05	1.02e-02	9.90e-01	0.00e+00	0.00e+00	0.00e+00
 1.35440e+23	1.05e-32	7.25e-26	1.69e-20	3.34e-16	1.80e-12	4.29e-09	2.71e-05	1.06e-02	9.89e-01	0.00e+00	0.00e+00	0.00e+00
 1.36488e+23	1.35e-32	9.05e-26	2.05e-20	3.92e-16	2.05e-12	4.74e-09	2.90e-05	1.09e-02	9.89e-01	0.00e+00	0.00e+00	0.00e+00
 1.37646e+23	1.83e-32	1.18e-25	2.58e-20	4.75e-16	2.39e-12	5.34e-09	3.14e-05	1.14e-02	9.89e-01	0.00e+00	0.00e+00	0.00e+00
 1.38864e+23	2.47e-32	1.54e-25	3.23e-20	5.74e-16	2.79e-12	6.00e-09	3.40e-05	1.18e-02	9.88e-01	0.00e+00	0.00e+00	0.00e+00
 1.39880e+23	3.13e-32	1.89e-25	3.85e-20	6.66e-16	3.14e-12	6.57e-09	3.61e-05	1.22e-02	9.88e-01	0.00e+00	0.00e+00	0.00e+00
 1.40920e+23	4.15e-32	2.42e-25	4.77e-20	7.96e-16	3.63e-12	7.33e-09	3.89e-05	1.26e-02	9.87e-01	0.00e+00	0.00e+00	0.00e+00
 1.42029e+23	5.47e-32	3.07e-25	5.85e-20	9.45e-16	4.17e-12	8.14e-09	4.18e-05	1.31e-02	9.87e-01	0.00e+00	0.00e+00	0.00e+00
 1.43040e+23	7.03e-32	3.82e-25	7.05e-20	1.10e-15	4.73e-12	8.96e-09	4.46e-05	1.35e-02	9.86e-01	0.00e+00	0.00e+00	0.00e+00
 1.44168e+23	9.69e-32	5.06e-25	8.96e-20	1.35e-15	5.56e-12	1.01e-08	4.84e-05	1.41e-02	9.86e-01	0.00e+00	0.00e+00	0.00e+00
 1.45276e+23	1.24e-31	6.29e-25	1.08e-19	1.58e-15	6.30e-12	1.11e-08	5.17e-05	1.46e-02	9.85e-01	0.00e+00	0.00e+00	0.00e+00
 1.46207e+23	1.60e-31	7.80e-25	1.30e-19	1.84e-15	7.13e-12	1.22e-08	5.51e-05	1.50e-02	9.85e-01	0.00e+00	0.00e+00	0.00e+00
 1.47268e+23	2.12e-31	1.00e-24	1.61e-19	2.20e-15	8.24e-12	1.36e-08	5.94e-05	1.56e-02	9.84e-01	0.00e+00	0.00e+00	0.00e+00
 1.48392e+23	2.87e-31	1.30e-24	2.00e-19	2.64e-15	9.53e-12	1.52e-08	6.40e-05	1.62e-02	9.84e-01	0.00e+00	0.00e+00	0.00e+00
 1.49372e+23	3.64e-31	1.60e-24	2.39e-19	3.07e-15	1.08e-11	1.66e-08	6.82e-05	1.67e-02	9.83e-01	0.00e+00	0.00e+00	0.00e+00
 1.50421e+23	4.95e-31	2.09e-24	3.00e-19	3.71e-15	1.25e-11	1.86e-08	7.37e-05	1.74e-02	9.83e-01	0.00e+00	0.00e+00	0.00e+00
 1.51485e+23	6.48e-31	2.64e-24	3.66e-19	4.37e-15	1.43e-11	2.04e-08	7.89e-05	1.80e-02	9.82e-01	0.00e+00	0.00e+00	0.00e+00
 1.52398e+23	8.21e-31	3.23e-24	4.36e-19	5.06e-15	1.60e-11	2.23e-08	8.38e-05	1.86e-02	9.81e-01	0.00e+00	0.00e+00	0.00e+00
 1.53413e+23	1.11e-30	4.20e-24	5.44e-19	6.08e-15	1.85e-11	2.48e-08	9.04e-05	1.93e-02	9.81e-01	0.00e+00	0.00e+00	0.00e+00
 1.54468e+23	1.47e-30	5.35e-24	6.69e-19	7.21e-15	2.12e-11	2.74e-08	9.70e-05	2.00e-02	9.80e-01	0.00e+00	0.00e+00	0.00e+00
 1.55400e+23	1.90e-30	6.69e-24	8.08e-19	8.44e-15	2.40e-11	3.00e-08	1.03e-04	2.07e-02	9.79e-01	0.00e+00	0.00e+00	0.00e+00
 1.56435e+23	2.65e-30	8.92e-24	1.03e-18	1.03e-14	2.81e-11	3.37e-08	1.12e-04	2.16e-02	9.78e-01	0.00e+00	0.00e+00	0.00e+00
 1.57488e+23	3.46e-30	1.12e-23	1.26e-18	1.22e-14	3.21e-11	3.71e-08	1.20e-04	2.23e-02	9.78e-01	0.00e+00	0.00e+00	0.00e+00
 1.58394e+23	4.51e-30	1.41e-23	1.52e-18	1.43e-14	3.63e-11	4.06e-08	1.28e-04	2.31e-02	9.77e-01	0.00e+00	0.00e+00	0.00e+00
 1.59260e+23	5.75e-30	1.74e-23	1.82e-18	1.65e-14	4.08e-11	4.42e-08	1.36e-04	2.38e-02	9.76e-01	0.00e+00	0.00e+00	0.00e+00
 1.60244e+23	7.89e-30	2.29e-23	2.29e-18	2.00e-14	4.75e-11	4.93e-08	1.47e-04	2.47e-02	9.75e-01	0.00e+00	0.00e+00	0.00e+00
 1.61257e+23	1.05e-29	2.92e-23	2.82e-18	2.37e-14	5.43e-11	5.43e-08	1.58e-04	2.56e-02	9.74e-01	0.00e+00	0.00e+00	0.00e+00
 1.62143e+23	1.37e-29	3.69e-23	3.43e-18	2.79e-14	6.16e-11	5.94e-08	1.69e-04	2.65e-02	9.73e-01	0.00e+00	0.00e+00	0.00e+00
 1.63130e+23	1.91e-29	4.90e-23	4.36e-18	3.40e-14	7.19e-11	6.65e-08	1.83e-04	2.76e-02	9.72e-01	0.00e+00	0.00e+00	0.00e+00
 1.64117e+23	2.50e-29	6.20e-23	5.32e-18	4.01e-14	8.18e-11	7.29e-08	1.95e-04	2.86e-02	9.71e-01	0.00e+00	0.00e+00	0.00e+00
 1.64953e+23	3.26e-29	7.78e-23	6.45e-18	4.70e-14	9.25e-11	7.96e-08	2.08e-04	2.95e-02	9.70e-01	0.00e+00	0.00e+00	0.00e+00
 1.65890e+23	4.51e-29	1.03e-22	8.17e-18	5.71e-14	1.08e-10	8.87e-08	2.25e-04	3.07e-02	9.69e-01	0.00e+00	0.00e+00	0.00e+00
 1.66849e+23	5.92e-29	1.30e-22	9.96e-18	6.72e-14	1.22e-10	9.73e-08	2.40e-04	3.18e-02	9.68e-01	0.00e+00	0.00e+00	0.00e+00
 1.67706e+23	7.82e-29	1.65e-22	1.22e-17	7.95e-14	1.39e-10	1.07e-07	2.57e-04	3.29e-02	9.67e-01	0.00e+00	0.00e+00	0.00e+00
 1.68558e+23	1.03e-28	2.10e-22	1.49e-17	9.38e-14	1.59e-10	1.17e-07	2.74e-04	3.40e-02	9.66e-01	0.00e+00	0.00e+00	0.00e+00
 1.69387e+23	1.34e-28	2.64e-22	1.81e-17	1.10e-13	1.80e-10	1.28e-07	2.92e-04	3.51e-02	9.65e-01	0.00e+00	0.00e+00	0.00e+00
 1.70316e+23	1.88e-28	3.52e-22	2.31e-17	1.34e-13	2.10e-10	1.43e-07	3.16e-04	3.65e-02	9.63e-01	0.00e+00	0.00e+00	0.00e+00
 1.71260e+23	2.51e-28	4.52e-22	2.86e-17	1.60e-13	2.41e-10	1.57e-07	3.39e-04	3.78e-02	9.62e-01	0.00e+00	0.00e+00	0.00e+00
 1.72068e+23	3.27e-28	5.68e-22	3.46e-17	1.88e-13	2.72e-10	1.72e-07	3.61e-04	3.90e-02	9.61e-01	0.00e+00	0.00e+00	0.00e+00
 1.72965e+23	4.54e-28	7.54e-22	4.40e-17	2.29e-13	3.18e-10	1.92e-07	3.90e-04	4.06e-02	9.59e-01	0.00e+00	0.00e+00	0.00e+00
 1.73893e+23	6.11e-28	9.74e-22	5.46e-17	2.73e-13	3.65e-10	2.11e-07	4.18e-04	4.20e-02	9.58e-01	0.00e+00	0.00e+00	0.00e+00
 1.74717e+23	8.14e-28	1.25e-21	6.73e-17	3.25e-13	4.17e-10	2.32e-07	4.47e-04	4.35e-02	9.56e-01	0.00e+00	0.00e+00	0.00e+00
 1.75640e+23	1.15e-27	1.68e-21	8.65e-17	4.00e-13	4.90e-10	2.61e-07	4.84e-04	4.52e-02	9.54e-01	0.00e+00	0.00e+00	0.00e+00
 1.76576e+23	1.56e-27	2.18e-21	1.08e-16	4.80e-13	5.65e-10	2.88e-07	5.20e-04	4.69e-02	9.53e-01	0.00e+00	0.00e+00	0.00e+00
 1.77382e+23	2.06e-27	2.78e-21	1.33e-16	5.69e-13	6.46e-10	3.17e-07	5.55e-04	4.84e-02	9.51e-01	0.00e+00	0.00e+00	0.00e+00
 1.78285e+23	2.93e-27	3.77e-21	1.72e-16	7.03e-13	7.61e-10	3.56e-07	6.02e-04	5.04e-02	9.49e-01	0.00e+00	0.00e+00	0.00e+00
 1.79228e+23	4.06e-27	4.99e-21	2.18e-16	8.56e-13	8.87e-10	3.97e-07	6.49e-04	5.23e-02	9.47e-01	0.00e+00	0.00e+00	0.00e+00
 1.80041e+23	5.36e-27	6.35e-21	2.67e-16	1.01e-12	1.01e-09	4.35e-07	6.92e-04	5.40e-02	9.45e-01	0.00e+00	0.00e+00	0.00e+00
 1.80919e+23	7.67e-27	8.65e-21	3.47e-16	1.26e-12	1.20e-09	4.90e-07	7.51e-04	5.62e-02	9.43e-01	0.00e+00	0.00e+00	0.00e+00
 1.81802e+23	1.04e-26	1.12e-20	4.33e-16	1.51e-12	1.38e-09	5.42e-07	8.04e-04	5.82e-02	9.41e-01	0.00e+00	0.00e+00	0.00e+00
 1.82561e+23	1.36e-26	1.42e-20	5.29e-16	1.78e-12	1.57e-09	5.94e-07	8.56e-04	6.00e-02	9.39e-01	0.00e+00	0.00e+00	0.00e+00
 1.83273e+23	1.79e-26	1.80e-20	6.47e-16	2.10e-12	1.78e-09	6.50e-07	9.10e-04	6.18e-02	9.37e-01	0.00e+00	0.00e+00	0.00e+00
 1.83935e+23	2.31e-26	2.24e-20	7.78e-16	2.45e-12	2.01e-09	7.07e-07	9.63e-04	6.35e-02	9.36e-01	0.00e+00	0.00e+00	0.00e+00
 1.84541e+23	2.93e-26	2.76e-20	9.28e-16	2.83e-12	2.25e-09	7.65e-07	1.02e-03	6.52e-02	9.34e-01	0.00e+00	0.00e+00	0.00e+00
 1.85099e+23	3.59e-26	3.28e-20	1.08e-15	3.20e-12	2.47e-09	8.18e-07	1.06e-03	6.67e-02	9.32e-01	0.00e+00	0.00e+00	0.00e+00
 1.85725e+23	4.72e-26	4.16e-20	1.32e-15	3.78e-12	2.81e-09	8.96e-07	1.13e-03	6.87e-02	9.30e-01	0.00e+00	0.00e+00	0.00e+00
 1.86375e+23	6.08e-26	5.18e-20	1.58e-15	4.41e-12	3.17e-09	9.74e-07	1.19e-03	7.05e-02	9.28e-01	0.00e+00	0.00e+00	0.00e+00
 1.86922e+23	7.54e-26	6.25e-20	1.86e-15	5.03e-12	3.50e-09	1.05e-06	1.25e-03	7.22e-02	9.27e-01	0.00e+00	0.00e+00	0.00e+00
 1.87498e+23	9.79e-26	7.83e-20	2.25e-15	5.90e-12	3.96e-09	1.14e-06	1.33e-03	7.42e-02	9.24e-01	0.00e+00	0.00e+00	0.00e+00
 1.88095e+23	1.23e-25	9.53e-20	2.66e-15	6.77e-12	4.41e-09	1.23e-06	1.39e-03	7.60e-02	9.23e-01	0.00e+00	0.00e+00	0.00e+00
 1.88608e+23	1.53e-25	1.15e-19	3.12e-15	7.73e-12	4.89e-09	1.32e-06	1.46e-03	7.77e-02	9.21e-01	0.00e+00	0.00e+00	0.00e+00
 1.89085e+23	1.89e-25	1.38e-19	3.65e-15	8.79e-12	5.40e-09	1.41e-06	1.53e-03	7.94e-02	9.19e-01	0.00e+00	0.00e+00	0.00e+00
 1.89627e+23	2.46e-25	1.74e-19	4.43e-15	1.03e-11	6.11e-09	1.54e-06	1.62e-03	8.16e-02	9.17e-01	0.00e+00	0.00e+00	0.00e+00
 1.90176e+23	3.04e-25	2.09e-19	5.18e-15	1.17e-11	6.75e-09	1.65e-06	1.69e-03	8.34e-02	9.15e-01	0.00e+00	0.00e+00	0.00e+00
 1.90736e+23	4.07e-25	2.69e-19	6.43e-15	1.40e-11	7.74e-09	1.82e-06	1.80e-03	8.59e-02	9.12e-01	0.00e+00	0.00e+00	0.00e+00
 1.91289e+23	5.05e-25	3.24e-19	7.53e-15	1.60e-11	8.56e-09	1.95e-06	1.88e-03	8.78e-02	9.10e-01	0.00e+00	0.00e+00	0.00e+00
 1.91743e+23	6.28e-25	3.92e-19	8.84e-15	1.82e-11	9.47e-09	2.09e-06	1.97e-03	8.97e-02	9.08e-01	0.00e+00	0.00e+00	0.00e+00
 1.92168e+23	7.69e-25	4.67e-19	1.03e-14	2.06e-11	1.04e-08	2.24e-06	2.06e-03	9.15e-02	9.06e-01	0.00e+00	0.00e+00	0.00e+00
 1.92646e+23	9.87e-25	5.80e-19	1.23e-14	2.40e-11	1.17e-08	2.43e-06	2.17e-03	9.38e-02	9.04e-01	0.00e+00	0.00e+00	0.00e+00
 1.93140e+23	1.24e-24	7.09e-19	1.46e-14	2.77e-11	1.30e-08	2.61e-06	2.27e-03	9.59e-02	9.02e-01	0.00e+00	0.00e+00	0.00e+00
 1.93570e+23	1.52e-24	8.42e-19	1.69e-14	3.12e-11	1.43e-08	2.79e-06	2.37e-03	9.78e-02	9.00e-01	0.00e+00	0.00e+00	0.00e+00
 1.94048e+23	2.02e-24	1.08e-18	2.09e-14	3.71e-11	1.63e-08	3.06e-06	2.51e-03	1.01e-01	8.97e-01	0.00e+00	0.00e+00	0.00e+00
 1.94527e+23	2.52e-24	1.31e-18	2.46e-14	4.24e-11	1.81e-08	3.28e-06	2.62e-03	1.03e-01	8.95e-01	0.00e+00	0.00e+00	0.00e+00
 1.95008e+23	3.36e-24	1.68e-18	3.04e-14	5.05e-11	2.07e-08	3.60e-06	2.78e-03	1.05e-01	8.92e-01	0.00e+00	0.00e+00	0.00e+00
 1.95496e+23	4.26e-24	2.06e-18	3.62e-14	5.83e-11	2.31e-08	3.88e-06	2.92e-03	1.08e-01	8.89e-01	0.00e+00	0.00e+00	0.00e+00
 1.95914e+23	5.27e-24	2.48e-18	4.25e-14	6.65e-11	2.55e-08	4.16e-06	3.05e-03	1.10e-01	8.87e-01	0.00e+00	0.00e+00	0.00e+00
 1.96377e+23	7.23e-24	3.26e-18	5.36e-14	8.04e-11	2.95e-08	4.59e-06	3.24e-03	1.13e-01	8.84e-01	0.00e+00	0.00e+00	0.00e+00
 1.96833e+23	8.93e-24	3.92e-18	6.26e-14	9.14e-11	3.25e-08	4.91e-06	3.38e-03	1.15e-01	8.81e-01	0.00e+00	0.00e+00	0.00e+00
 1.97278e+23	1.21e-23	5.12e-18	7.85e-14	1.10e-10	3.75e-08	5.41e-06	3.59e-03	1.19e-01	8.78e-01	0.00e+00	0.00e+00	0.00e+00
 1.97716e+23	1.51e-23	6.17e-18	9.20e-14	1.25e-10	4.14e-08	5.79e-06	3.75e-03	1.21e-01	8.75e-01	0.00e+00	0.00e+00	0.00e+00
 1.98144e+23	2.04e-23	8.04e-18	1.15e-13	1.51e-10	4.76e-08	6.37e-06	3.97e-03	1.24e-01	8.72e-01	0.00e+00	0.00e+00	0.00e+00
 1.98575e+23	2.55e-23	9.75e-18	1.36e-13	1.73e-10	5.28e-08	6.83e-06	4.15e-03	1.27e-01	8.69e-01	0.00e+00	0.00e+00	0.00e+00
 1.99008e+23	3.52e-23	1.29e-17	1.72e-13	2.10e-10	6.12e-08	7.55e-06	4.42e-03	1.31e-01	8.65e-01	0.00e+00	0.00e+00	0.00e+00
 1.99441e+23	4.44e-23	1.58e-17	2.04e-13	2.41e-10	6.80e-08	8.12e-06	4.62e-03	1.33e-01	8.62e-01	0.00e+00	0.00e+00	0.00e+00
 1.99874e+23	6.20e-23	2.11e-17	2.61e-13	2.95e-10	7.93e-08	9.01e-06	4.92e-03	1.37e-01	8.58e-01	0.00e+00	0.00e+00	0.00e+00
 2.00309e+23	7.89e-23	2.60e-17	3.12e-13	3.41e-10	8.85e-08	9.72e-06	5.16e-03	1.40e-01	8.55e-01	0.00e+00	0.00e+00	0.00e+00
 2.00747e+23	1.10e-22	3.46e-17	3.97e-13	4.16e-10	1.03e-07	1.08e-05	5.49e-03	1.44e-01	8.50e-01	0.00e+00	0.00e+00	0.00e+00
 2.01182e+23	1.41e-22	4.29e-17	4.77e-13	4.84e-10	1.15e-07	1.16e-05	5.76e-03	1.47e-01	8.47e-01	0.00e+00	0.00e+00	0.00e+00
 2.01611e+23	1.96e-22	5.72e-17	6.09e-13	5.91e-10	1.34e-07	1.29e-05	6.14e-03	1.52e-01	8.42e-01	0.00e+00	0.00e+00	0.00e+00
 2.02048e+23	2.55e-22	7.19e-17	7.40e-13	6.93e-10	1.52e-07	1.40e-05	6.46e-03	1.55e-01	8.38e-01	0.00e+00	0.00e+00	0.00e+00
 2.02493e+23	3.61e-22	9.73e-17	9.56e-13	8.55e-10	1.78e-07	1.56e-05	6.90e-03	1.60e-01	8.33e-01	0.00e+00	0.00e+00	0.00e+00
 2.02943e+23	4.75e-22	1.23e-16	1.17e-12	1.01e-09	2.01e-07	1.70e-05	7.28e-03	1.64e-01	8.29e-01	0.00e+00	0.00e+00	0.00e+00
 2.03400e+23	6.81e-22	1.69e-16	1.52e-12	1.25e-09	2.37e-07	1.90e-05	7.79e-03	1.69e-01	8.24e-01	0.00e+00	0.00e+00	0.00e+00
 2.03860e+23	8.98e-22	2.14e-16	1.87e-12	1.48e-09	2.69e-07	2.07e-05	8.22e-03	1.73e-01	8.19e-01	0.00e+00	0.00e+00	0.00e+00
 2.04256e+23	1.17e-21	2.70e-16	2.27e-12	1.74e-09	3.05e-07	2.25e-05	8.65e-03	1.77e-01	8.15e-01	0.00e+00	0.00e+00	0.00e+00
 2.04703e+23	1.67e-21	3.68e-16	2.95e-12	2.15e-09	3.59e-07	2.52e-05	9.26e-03	1.82e-01	8.09e-01	0.00e+00	0.00e+00	0.00e+00
 2.05150e+23	2.16e-21	4.58e-16	3.56e-12	2.51e-09	4.03e-07	2.73e-05	9.74e-03	1.86e-01	8.04e-01	0.00e+00	0.00e+00	0.00e+00
 2.05597e+23	3.05e-21	6.19e-16	4.59e-12	3.10e-09	4.73e-07	3.04e-05	1.04e-02	1.92e-01	7.98e-01	0.00e+00	0.00e+00	0.00e+00
 2.06049e+23	3.93e-21	7.71e-16	5.54e-12	3.61e-09	5.32e-07	3.30e-05	1.09e-02	1.96e-01	7.93e-01	0.00e+00	0.00e+00	0.00e+00
 2.06507e+23	5.50e-21	1.03e-15	7.08e-12	4.42e-09	6.21e-07	3.67e-05	1.17e-02	2.01e-01	7.87e-01	0.00e+00	0.00e+00	0.00e+00
 2.06978e+23	7.21e-21	1.30e-15	8.64e-12	5.21e-09	7.05e-07	4.00e-05	1.23e-02	2.06e-01	7.82e-01	0.00e+00	0.00e+00	0.00e+00
 2.07465e+23	1.02e-20	1.76e-15	1.12e-11	6.42e-09	8.28e-07	4.47e-05	1.32e-02	2.12e-01	7.75e-01	0.00e+00	0.00e+00	0.00e+00
 2.07962e+23	1.33e-20	2.21e-15	1.36e-11	7.55e-09	9.37e-07	4.87e-05	1.39e-02	2.17e-01	7.69e-01	0.00e+00	0.00e+00	0.00e+00
 2.08471e+23	1.87e-20	2.97e-15	1.74e-11	9.29e-09	1.10e-06	5.44e-05	1.49e-02	2.23e-01	7.62e-01	0.00e+00	0.00e+00	0.00e+00
 2.08994e+23	2.45e-20	3.76e-15	2.13e-11	1.10e-08	1.25e-06	5.95e-05	1.57e-02	2.28e-01	7.56e-01	0.00e+00	0.00e+00	0.00e+00
 2.09462e+23	3.19e-20	4.73e-15	2.59e-11	1.29e-08	1.42e-06	6.48e-05	1.66e-02	2.34e-01	7.50e-01	0.00e+00	0.00e+00	0.00e+00
 2.09997e+23	4.45e-20	6.31e-15	3.31e-11	1.58e-08	1.66e-06	7.24e-05	1.78e-02	2.40e-01	7.42e-01	0.00e+00	0.00e+00	0.00e+00
 2.10539e+23	5.75e-20	7.89e-15	4.00e-11	1.85e-08	1.88e-06	7.88e-05	1.87e-02	2.46e-01	7.36e-01	0.00e+00	0.00e+00	0.00e+00
 2.11092e+23	7.98e-20	1.05e-14	5.10e-11	2.26e-08	2.19e-06	8.79e-05	2.00e-02	2.52e-01	7.27e-01	0.00e+00	0.00e+00	0.00e+00
 2.11629e+23	1.00e-19	1.28e-14	6.03e-11	2.60e-08	2.45e-06	9.49e-05	2.10e-02	2.57e-01	7.22e-01	0.00e+00	0.00e+00	0.00e+00
 2.12145e+23	1.35e-19	1.65e-14	7.52e-11	3.12e-08	2.82e-06	1.05e-04	2.23e-02	2.64e-01	7.14e-01	0.00e+00	0.00e+00	0.00e+00
 2.12671e+23	1.69e-19	2.01e-14	8.87e-11	3.58e-08	3.15e-06	1.13e-04	2.34e-02	2.69e-01	7.08e-01	0.00e+00	0.00e+00	0.00e+00
 2.13210e+23	2.25e-19	2.58e-14	1.10e-10	4.28e-08	3.62e-06	1.25e-04	2.48e-02	2.75e-01	7.00e-01	0.00e+00	0.00e+00	0.00e+00
 2.13763e+23	2.85e-19	3.16e-14	1.31e-10	4.95e-08	4.06e-06	1.35e-04	2.61e-02	2.81e-01	6.93e-01	0.00e+00	0.00e+00	0.00e+00
 2.14334e+23	3.82e-19	4.08e-14	1.63e-10	5.94e-08	4.68e-06	1.50e-04	2.77e-02	2.88e-01	6.84e-01	0.00e+00	0.00e+00	0.00e+00
 2.14894e+23	4.74e-19	4.92e-14	1.91e-10	6.78e-08	5.20e-06	1.61e-04	2.90e-02	2.93e-01	6.78e-01	0.00e+00	0.00e+00	0.00e+00
 2.15441e+23	6.28e-19	6.28e-14	2.35e-10	8.08e-08	5.97e-06	1.78e-04	3.08e-02	3.00e-01	6.69e-01	0.00e+00	0.00e+00	0.00e+00
 2.15994e+23	7.67e-19	7.48e-14	2.73e-10	9.15e-08	6.59e-06	1.91e-04	3.21e-02	3.05e-01	6.63e-01	0.00e+00	0.00e+00	0.00e+00
 2.16553e+23	1.01e-18	9.49e-14	3.35e-10	1.09e-07	7.55e-06	2.10e-04	3.40e-02	3.11e-01	6.54e-01	0.00e+00	0.00e+00	0.00e+00
 2.17123e+23	1.24e-18	1.13e-13	3.91e-10	1.23e-07	8.36e-06	2.25e-04	3.56e-02	3.16e-01	6.48e-01	0.00e+00	0.00e+00	0.00e+00
 2.17709e+23	1.63e-18	1.44e-13	4.80e-10	1.47e-07	9.58e-06	2.48e-04	3.77e-02	3.23e-01	6.39e-01	0.00e+00	0.00e+00	0.00e+00
 2.18305e+23	2.01e-18	1.73e-13	5.60e-10	1.67e-07	1.06e-05	2.67e-04	3.94e-02	3.29e-01	6.32e-01	0.00e+00	0.00e+00	0.00e+00
 2.18915e+23	2.65e-18	2.19e-13	6.88e-10	1.98e-07	1.22e-05	2.94e-04	4.18e-02	3.36e-01	6.22e-01	0.00e+00	0.00e+00	0.00e+00
 2.19536e+23	3.26e-18	2.63e-13	8.04e-10	2.26e-07	1.35e-05	3.16e-04	4.37e-02	3.41e-01	6.15e-01	0.00e+00	0.00e+00	0.00e+00
 2.20081e+23	4.00e-18	3.14e-13	9.36e-10	2.57e-07	1.50e-05	3.40e-04	4.56e-02	3.47e-01	6.07e-01	0.00e+00	0.00e+00	0.00e+00
 2.20698e+23	5.20e-18	3.95e-13	1.14e-09	3.03e-07	1.71e-05	3.73e-04	4.82e-02	3.54e-01	5.98e-01	0.00e+00	0.00e+00	0.00e+00
 2.21315e+23	6.26e-18	4.64e-13	1.31e-09	3.40e-07	1.87e-05	3.99e-04	5.01e-02	3.58e-01	5.91e-01	0.00e+00	0.00e+00	0.00e+00
 2.21934e+23	8.13e-18	5.82e-13	1.59e-09	4.01e-07	2.14e-05	4.38e-04	5.30e-02	3.65e-01	5.81e-01	0.00e+00	0.00e+00	0.00e+00
 2.22562e+23	9.80e-18	6.85e-13	1.83e-09	4.51e-07	2.34e-05	4.67e-04	5.51e-02	3.70e-01	5.74e-01	0.00e+00	0.00e+00	0.00e+00
 2.23202e+23	1.26e-17	8.54e-13	2.21e-09	5.29e-07	2.66e-05	5.12e-04	5.82e-02	3.77e-01	5.64e-01	0.00e+00	0.00e+00	0.00e+00
 2.23862e+23	1.55e-17	1.02e-12	2.58e-09	6.02e-07	2.95e-05	5.50e-04	6.07e-02	3.82e-01	5.56e-01	0.00e+00	0.00e+00	0.00e+00
 2.24550e+23	2.00e-17	1.27e-12	3.12e-09	7.06e-07	3.35e-05	6.02e-04	6.41e-02	3.89e-01	5.46e-01	0.00e+00	0.00e+00	0.00e+00
 2.25262e+23	2.48e-17	1.54e-12	3.67e-09	8.09e-07	3.74e-05	6.51e-04	6.71e-02	3.95e-01	5.37e-01	2.48e-17	5.61e-28	5.97e-28
 2.26006e+23	3.24e-17	1.94e-12	4.48e-09	9.56e-07	4.27e-05	7.15e-04	7.09e-02	4.02e-01	5.27e-01	3.24e-17	5.46e-26	6.88e-26
 2.26772e+23	4.05e-17	2.36e-12	5.29e-09	1.10e-06	4.78e-05	7.75e-04	7.43e-02	4.07e-01	5.17e-01	4.05e-17	6.84e-26	8.61e-26
 2.27568e+23	5.33e-17	3.00e-12	6.51e-09	1.31e-06	5.49e-05	8.54e-04	7.86e-02	4.14e-01	5.06e-01	5.33e-17	9.00e-26	1.13e-25
 2.28392e+23	6.75e-17	3.68e-12	7.76e-09	1.52e-06	6.18e-05	9.28e-04	8.25e-02	4.20e-01	4.96e-01	6.75e-17	1.14e-25	1.43e-25
 2.29139e+23	8.46e-17	4.48e-12	9.19e-09	1.75e-06	6.92e-05	1.01e-03	8.64e-02	4.26e-01	4.87e-01	8.46e-17	1.43e-25	1.80e-25
 2.29995e+23	1.13e-16	5.75e-12	1.14e-08	2.09e-06	7.98e-05	1.11e-03	9.16e-02	4.33e-01	4.74e-01	1.13e-16	1.90e-25	2.39e-25
 2.30868e+23	1.43e-16	7.07e-12	1.36e-08	2.43e-06	8.99e-05	1.21e-03	9.61e-02	4.39e-01	4.64e-01	1.43e-16	2.41e-25	3.03e-25
 2.31648e+23	1.79e-16	8.59e-12	1.61e-08	2.80e-06	1.01e-04	1.31e-03	1.01e-01	4.44e-01	4.54e-01	1.79e-16	3.01e-25	3.79e-25
 2.32544e+23	2.42e-16	1.12e-11	2.02e-08	3.39e-06	1.17e-04	1.46e-03	1.07e-01	4.51e-01	4.41e-01	2.42e-16	4.09e-25	5.15e-25
 2.33447e+23	3.03e-16	1.36e-11	2.39e-08	3.90e-06	1.31e-04	1.58e-03	1.12e-01	4.55e-01	4.31e-01	3.03e-16	5.12e-25	6.44e-25
 2.34359e+23	4.12e-16	1.78e-11	3.01e-08	4.73e-06	1.53e-04	1.76e-03	1.19e-01	4.62e-01	4.17e-01	4.12e-16	6.95e-25	8.75e-25
 2.35282e+23	5.20e-16	2.18e-11	3.58e-08	5.48e-06	1.72e-04	1.91e-03	1.24e-01	4.67e-01	4.07e-01	5.20e-16	8.77e-25	1.10e-24
 2.36221e+23	7.08e-16	2.85e-11	4.51e-08	6.66e-06	2.01e-04	2.13e-03	1.32e-01	4.73e-01	3.93e-01	7.08e-16	1.19e-24	1.50e-24
 2.37117e+23	8.69e-16	3.41e-11	5.27e-08	7.57e-06	2.23e-04	2.29e-03	1.37e-01	4.76e-01	3.84e-01	8.69e-16	1.47e-24	1.84e-24
 2.37959e+23	1.15e-15	4.36e-11	6.50e-08	9.05e-06	2.57e-04	2.53e-03	1.45e-01	4.81e-01	3.71e-01	1.15e-15	1.94e-24	2.44e-24
 2.38804e+23	1.41e-15	5.22e-11	7.59e-08	1.03e-05	2.86e-04	2.72e-03	1.51e-01	4.84e-01	3.62e-01	1.41e-15	2.39e-24	3.00e-24
 2.39651e+23	1.86e-15	6.61e-11	9.32e-08	1.23e-05	3.29e-04	3.00e-03	1.59e-01	4.88e-01	3.49e-01	1.86e-15	3.13e-24	3.94e-24
 2.40516e+23	2.32e-15	8.02e-11	1.10e-07	1.41e-05	3.68e-04	3.25e-03	1.66e-01	4.91e-01	3.39e-01	2.32e-15	3.91e-24	4.92e-24
 2.41406e+23	3.09e-15	1.03e-10	1.37e-07	1.70e-05	4.28e-04	3.60e-03	1.76e-01	4.95e-01	3.25e-01	3.09e-15	5.21e-24	6.55e-24
 2.42300e+23	3.84e-15	1.25e-10	1.61e-07	1.95e-05	4.79e-04	3.90e-03	1.83e-01	4.97e-01	3.15e-01	3.84e-15	6.48e-24	8.15e-24
 2.43201e+23	5.10e-15	1.60e-10	2.00e-07	2.35e-05	5.56e-04	4.33e-03	1.93e-01	5.00e-01	3.02e-01	5.10e-15	8.61e-24	1.08e-23
 2.44119e+23	6.40e-15	1.95e-10	2.38e-07	2.72e-05	6.27e-04	4.70e-03	2.02e-01	5.02e-01	2.91e-01	6.40e-15	1.08e-23	1.36e-23
 2.45060e+23	8.57e-15	2.51e-10	2.97e-07	3.29e-05	7.33e-04	5.25e-03	2.14e-01	5.03e-01	2.77e-01	8.57e-15	1.45e-23	1.82e-23
 2.46016e+23	1.08e-14	3.07e-10	3.54e-07	3.83e-05	8.30e-04	5.73e-03	2.23e-01	5.04e-01	2.66e-01	1.08e-14	1.82e-23	2.29e-23
 2.46993e+23	1.45e-14	3.97e-10	4.44e-07	4.66e-05	9.77e-04	6.41e-03	2.36e-01	5.04e-01	2.52e-01	1.45e-14	2.45e-23	3.07e-23
 2.47989e+23	1.83e-14	4.87e-10	5.31e-07	5.45e-05	1.11e-03	7.02e-03	2.47e-01	5.04e-01	2.41e-01	1.83e-14	3.09e-23	3.88e-23
 2.48977e+23	2.42e-14	6.22e-10	6.59e-07	6.58e-05	1.30e-03	7.85e-03	2.60e-01	5.03e-01	2.28e-01	2.42e-14	4.08e-23	5.13e-23
 2.49915e+23	2.95e-14	7.40e-10	7.70e-07	7.54e-05	1.46e-03	8.50e-03	2.71e-01	5.01e-01	2.18e-01	2.95e-14	4.98e-23	6.25e-23
 2.50824e+23	3.79e-14	9.24e-10	9.39e-07	8.98e-05	1.69e-03	9.43e-03	2.84e-01	4.99e-01	2.06e-01	3.79e-14	6.41e-23	8.05e-23
 2.51751e+23	4.61e-14	1.10e-09	1.10e-06	1.03e-04	1.90e-03	1.02e-02	2.95e-01	4.96e-01	1.96e-01	4.61e-14	7.80e-23	9.80e-23
 2.52658e+23	5.80e-14	1.34e-09	1.32e-06	1.22e-04	2.19e-03	1.13e-02	3.09e-01	4.93e-01	1.85e-01	5.80e-14	9.80e-23	1.23e-22
 2.53583e+23	7.03e-14	1.60e-09	1.54e-06	1.40e-04	2.47e-03	1.23e-02	3.21e-01	4.89e-01	1.75e-01	7.03e-14	1.19e-22	1.49e-22
 2.54486e+23	8.61e-14	1.91e-09	1.82e-06	1.63e-04	2.81e-03	1.35e-02	3.35e-01	4.84e-01	1.65e-01	8.61e-14	1.46e-22	1.83e-22
 2.55407e+23	1.04e-13	2.26e-09	2.12e-06	1.87e-04	3.17e-03	1.48e-02	3.48e-01	4.79e-01	1.55e-01	1.04e-13	1.76e-22	2.20e-22
 2.56319e+23	1.25e-13	2.66e-09	2.47e-06	2.16e-04	3.59e-03	1.61e-02	3.61e-01	4.73e-01	1.46e-01	1.25e-13	2.11e-22	2.65e-22
 2.57236e+23	1.48e-13	3.11e-09	2.86e-06	2.47e-04	4.04e-03	1.76e-02	3.74e-01	4.67e-01	1.37e-01	1.48e-13	2.51e-22	3.15e-22
 2.58144e+23	1.74e-13	3.60e-09	3.30e-06	2.82e-04	4.54e-03	1.91e-02	3.87e-01	4.60e-01	1.29e-01	1.74e-13	2.95e-22	3.70e-22
 2.59050e+23	2.04e-13	4.15e-09	3.78e-06	3.21e-04	5.09e-03	2.08e-02	4.00e-01	4.53e-01	1.21e-01	2.04e-13	3.45e-22	4.33e-22
 2.59958e+23	2.36e-13	4.76e-09	4.32e-06	3.65e-04	5.69e-03	2.26e-02	4.13e-01	4.45e-01	1.13e-01	2.36e-13	4.01e-22	5.02e-22
 2.60869e+23	2.72e-13	5.42e-09	4.91e-06	4.13e-04	6.35e-03	2.45e-02	4.26e-01	4.37e-01	1.06e-01	2.72e-13	4.61e-22	5.78e-22
 2.61787e+23	3.11e-13	6.15e-09	5.57e-06	4.66e-04	7.07e-03	2.65e-02	4.39e-01	4.28e-01	9.88e-02	3.11e-13	5.28e-22	6.62e-22
 2.62713e+23	3.54e-13	6.94e-09	6.30e-06	5.26e-04	7.86e-03	2.87e-02	4.52e-01	4.19e-01	9.21e-02	3.54e-13	6.01e-22	7.54e-22
 2.63651e+23	4.01e-13	7.81e-09	7.10e-06	5.92e-04	8.72e-03	3.10e-02	4.64e-01	4.10e-01	8.57e-02	4.01e-13	6.81e-22	8.53e-22
 2.64594e+23	4.50e-13	8.73e-09	7.97e-06	6.64e-04	9.65e-03	3.34e-02	4.76e-01	4.00e-01	7.97e-02	4.50e-13	7.66e-22	9.59e-22
 2.65552e+23	5.05e-13	9.76e-09	8.96e-06	7.46e-04	1.07e-02	3.61e-02	4.89e-01	3.90e-01	7.39e-02	5.05e-13	8.59e-22	1.08e-21
 2.66522e+23	5.62e-13	1.08e-08	1.00e-05	8.34e-04	1.18e-02	3.89e-02	5.00e-01	3.80e-01	6.85e-02	5.62e-13	9.58e-22	1.20e-21
 2.67511e+23	6.25e-13	1.21e-08	1.12e-05	9.36e-04	1.30e-02	4.20e-02	5.12e-01	3.69e-01	6.32e-02	6.25e-13	1.07e-21	1.33e-21
 2.68432e+23	6.80e-13	1.31e-08	1.23e-05	1.03e-03	1.41e-02	4.46e-02	5.21e-01	3.60e-01	5.92e-02	6.80e-13	1.16e-21	1.45e-21
 2.69381e+23	7.53e-13	1.46e-08	1.38e-05	1.15e-03	1.56e-02	4.82e-02	5.32e-01	3.48e-01	5.43e-02	7.53e-13	1.29e-21	1.61e-21
 2.70347e+23	8.17e-13	1.58e-08	1.51e-05	1.26e-03	1.68e-02	5.11e-02	5.41e-01	3.39e-01	5.06e-02	8.17e-13	1.40e-21	1.74e-21
 2.71335e+23	8.97e-13	1.75e-08	1.69e-05	1.42e-03	1.86e-02	5.52e-02	5.52e-01	3.27e-01	4.62e-02	8.97e-13	1.53e-21	1.92e-21
 2.72328e+23	9.72e-13	1.90e-08	1.84e-05	1.55e-03	2.00e-02	5.83e-02	5.59e-01	3.18e-01	4.31e-02	9.72e-13	1.66e-21	2.08e-21
 2.73327e+23	1.06e-12	2.09e-08	2.06e-05	1.74e-03	2.20e-02	6.28e-02	5.69e-01	3.06e-01	3.92e-02	1.06e-12	1.82e-21	2.28e-21
 2.74333e+23	1.15e-12	2.27e-08	2.25e-05	1.90e-03	2.36e-02	6.63e-02	5.75e-01	2.96e-01	3.65e-02	1.15e-12	1.97e-21	2.46e-21
 2.75346e+23	1.25e-12	2.49e-08	2.51e-05	2.13e-03	2.58e-02	7.11e-02	5.83e-01	2.84e-01	3.31e-02	1.25e-12	2.15e-21	2.68e-21
 2.76367e+23	1.35e-12	2.70e-08	2.74e-05	2.32e-03	2.77e-02	7.49e-02	5.89e-01	2.75e-01	3.08e-02	1.35e-12	2.32e-21	2.89e-21
 2.77401e+23	1.47e-12	2.97e-08	3.05e-05	2.60e-03	3.02e-02	8.01e-02	5.96e-01	2.63e-01	2.79e-02	1.47e-12	2.53e-21	3.16e-21
 2.78448e+23	1.58e-12	3.22e-08	3.34e-05	2.84e-03	3.23e-02	8.43e-02	6.00e-01	2.54e-01	2.58e-02	1.58e-12	2.72e-21	3.40e-21
 2.79512e+23	1.72e-12	3.56e-08	3.73e-05	3.17e-03	3.51e-02	9.00e-02	6.06e-01	2.43e-01	2.33e-02	1.72e-12	2.98e-21	3.71e-21
 2.80593e+23	1.86e-12	3.87e-08	4.09e-05	3.47e-03	3.75e-02	9.47e-02	6.09e-01	2.34e-01	2.14e-02	1.86e-12	3.22e-21	4.01e-21
 2.81699e+23	2.04e-12	4.29e-08	4.59e-05	3.89e-03	4.08e-02	1.01e-01	6.13e-01	2.22e-01	1.92e-02	2.04e-12	3.53e-21	4.40e-21
 2.82828e+23	2.21e-12	4.70e-08	5.06e-05	4.27e-03	4.36e-02	1.06e-01	6.15e-01	2.13e-01	1.77e-02	2.21e-12	3.83e-21	4.78e-21
 2.83988e+23	2.43e-12	5.25e-08	5.71e-05	4.80e-03	4.74e-02	1.13e-01	6.18e-01	2.01e-01	1.57e-02	2.43e-12	4.23e-21	5.27e-21
 2.85176e+23	2.66e-12	5.79e-08	6.33e-05	5.28e-03	5.07e-02	1.19e-01	6.19e-01	1.92e-01	1.44e-02	2.66e-12	4.63e-21	5.77e-21
 2.86175e+23	2.88e-12	6.30e-08	6.92e-05	5.73e-03	5.36e-02	1.24e-01	6.19e-01	1.85e-01	1.32e-02	2.88e-12	5.01e-21	6.24e-21
 2.87249e+23	3.16e-12	7.02e-08	7.76e-05	6.37e-03	5.76e-02	1.31e-01	6.19e-01	1.75e-01	1.19e-02	3.16e-12	5.52e-21	6.87e-21
 2.88341e+23	3.44e-12	7.69e-08	8.53e-05	6.93e-03	6.10e-02	1.36e-01	6.18e-01	1.67e-01	1.09e-02	3.44e-12	6.01e-21	7.48e-21
 2.89288e+23	3.71e-12	8.39e-08	9.32e-05	7.50e-03	6.43e-02	1.41e-01	6.16e-01	1.60e-01	1.00e-02	3.71e-12	6.50e-21	8.09e-21
 2.90348e+23	4.08e-12	9.36e-08	1.04e-04	8.31e-03	6.87e-02	1.48e-01	6.14e-01	1.52e-01	9.01e-03	4.08e-12	7.17e-21	8.92e-21
 2.91407e+23	4.47e-12	1.03e-07	1.14e-04	8.99e-03	7.23e-02	1.54e-01	6.11e-01	1.45e-01	8.31e-03	4.47e-12	7.87e-21	9.79e-21
 2.92461e+23	4.94e-12	1.15e-07	1.28e-04	9.93e-03	7.70e-02	1.61e-01	6.08e-01	1.37e-01	7.45e-03	4.94e-12	8.72e-21	1.08e-20
 2.93531e+23	5.45e-12	1.27e-07	1.41e-04	1.08e-02	8.10e-02	1.66e-01	6.04e-01	1.31e-01	6.84e-03	5.45e-12	9.62e-21	1.20e-20
 2.94621e+23	6.08e-12	1.44e-07	1.59e-04	1.19e-02	8.63e-02	1.74e-01	5.99e-01	1.23e-01	6.11e-03	6.08e-12	1.08e-20	1.34e-20
 2.95729e+23	6.77e-12	1.61e-07	1.76e-04	1.29e-02	9.08e-02	1.79e-01	5.94e-01	1.17e-01	5.59e-03	6.77e-12	1.20e-20	1.49e-20
 2.96861e+23	7.62e-12	1.83e-07	2.00e-04	1.43e-02	9.67e-02	1.87e-01	5.87e-01	1.10e-01	4.95e-03	7.62e-12	1.36e-20	1.69e-20
 2.98012e+23	8.56e-12	2.06e-07	2.22e-04	1.56e-02	1.02e-01	1.93e-01	5.81e-01	1.04e-01	4.51e-03	8.56e-12	1.53e-20	1.90e-20
 2.99185e+23	9.75e-12	2.37e-07	2.53e-04	1.73e-02	1.08e-01	2.01e-01	5.72e-01	9.71e-02	3.98e-03	9.75e-12	1.75e-20	2.17e-20
 3.00387e+23	1.10e-11	2.68e-07	2.83e-04	1.89e-02	1.14e-01	2.07e-01	5.65e-01	9.17e-02	3.60e-03	1.10e-11	1.98e-20	2.46e-20
 3.01625e+23	1.28e-11	3.14e-07	3.26e-04	2.10e-02	1.21e-01	2.15e-01	5.54e-01	8.49e-02	3.14e-03	1.28e-11	2.32e-20	2.87e-20
 3.02896e+23	1.47e-11	3.59e-07	3.66e-04	2.30e-02	1.28e-01	2.22e-01	5.45e-01	7.97e-02	2.82e-03	1.47e-11	2.66e-20	3.29e-20
 3.04208e+23	1.74e-11	4.26e-07	4.26e-04	2.57e-02	1.36e-01	2.30e-01	5.32e-01	7.33e-02	2.44e-03	1.74e-11	3.16e-20	3.92e-20
 3.05532e+23	2.01e-11	4.91e-07	4.80e-04	2.81e-02	1.43e-01	2.36e-01	5.22e-01	6.86e-02	2.18e-03	2.01e-11	3.68e-20	4.56e-20
 3.06872e+23	2.40e-11	5.87e-07	5.60e-04	3.15e-02	1.52e-01	2.44e-01	5.08e-01	6.27e-02	1.88e-03	2.40e-11	4.42e-20	5.47e-20
 3.08098e+23	2.72e-11	6.61e-07	6.18e-04	3.38e-02	1.58e-01	2.48e-01	4.98e-01	5.92e-02	1.71e-03	2.72e-11	5.01e-20	6.20e-20
