#depth	Ar	Ar+	Ar+2	Ar+3	Ar+4	Ar+5	Ar+6	Ar+7	Ar+8	Ar+9	Ar+10	Ar+11	Ar+12	Ar+13	Ar+14	Ar+15	Ar+16	Ar+17	Ar+18
 1.54284e+22	0.00e+00	0.00e+00	0.00e+00	0.00e+00	0.00e+00	0.00e+00	0.00e+00	0.00e+00	0.00e+00	2.81e-25	1.13e-21	2.13e-18	2.75e-15	1.79e-12	7.23e-10	3.07e-07	2.29e-04	2.60e-02	9.74e-01
 3.56432e+22	0.00e+00	0.00e+00	0.00e+00	0.00e+00	0.00e+00	0.00e+00	0.00e+00	0.00e+00	8.79e-28	5.25e-24	1.51e-20	2.06e-17	1.96e-14	9.17e-12	2.66e-09	8.14e-07	4.36e-04	3.57e-02	9.64e-01
 4.38830e+22	0.00e+00	0.00e+00	0.00e+00	0.00e+00	0.00e+00	0.00e+00	0.00e+00	0.00e+00	8.95e-27	4.20e-23	9.54e-20	1.03e-16	7.72e-14	2.87e-11	6.63e-09	1.61e-06	6.86e-04	4.46e-02	9.55e-01
 5.00989e+22	0.00e+00	0.00e+00	0.00e+00	0.00e+00	0.00e+00	0.00e+00	0.00e+00	4.44e-30	5.67e-26	2.20e-22	4.13e-19	3.70e-16	2.30e-13	7.10e-11	1.37e-08	2.77e-06	9.82e-04	5.31e-02	9.46e-01
 5.37320e+22	0.00e+00	0.00e+00	0.00e+00	0.00e+00	0.00e+00	0.00e+00	0.00e+00	8.53e-30	1.02e-25	3.73e-22	6.59e-19	5.56e-16	3.26e-13	9.48e-11	1.72e-08	3.29e-06	1.10e-03	5.62e-02	9.43e-01
 5.54244e+22	0.00e+00	0.00e+00	0.00e+00	0.00e+00	0.00e+00	0.00e+00	0.00e+00	1.55e-29	1.75e-25	6.05e-22	1.01e-18	8.07e-16	4.47e-13	1.23e-10	2.12e-08	3.85e-06	1.22e-03	5.91e-02	9.40e-01
 5.73150e+22	0.00e+00	0.00e+00	0.00e+00	0.00e+00	0.00e+00	0.00e+00	0.00e+00	3.30e-29	3.47e-25	1.12e-21	1.74e-18	1.30e-15	6.70e-13	1.73e-10	2.78e-08	4.71e-06	1.39e-03	6.30e-02	9.36e-01
 5.92555e+22	0.00e+00	0.00e+00	0.00e+00	0.00e+00	0.00e+00	0.00e+00	0.00e+00	6.23e-29	6.17e-25	1.86e-21	2.74e-18	1.93e-15	9.38e-13	2.28e-10	3.47e-08	5.56e-06	1.56e-03	6.64e-02	9.32e-01
 6.09775e+22	0.00e+00	0.00e+00	0.00e+00	0.00e+00	0.00e+00	0.00e+00	0.00e+00	1.17e-28	1.09e-24	3.10e-21	4.30e-18	2.85e-15	1.31e-12	3.01e-10	4.33e-08	6.56e-06	1.74e-03	7.00e-02	9.28e-01
 6.26707e+22	0.00e+00	0.00e+00	0.00e+00	0.00e+00	0.00e+00	0.00e+00	0.00e+00	2.16e-28	1.90e-24	5.10e-21	6.68e-18	4.18e-15	1.82e-12	3.95e-10	5.37e-08	7.71e-06	1.93e-03	7.37e-02	9.24e-01
 6.46095e+22	0.00e+00	0.00e+00	0.00e+00	0.00e+00	0.00e+00	0.00e+00	0.00e+00	4.75e-28	3.86e-24	9.63e-21	1.17e-17	6.82e-15	2.76e-12	5.58e-10	7.08e-08	9.47e-06	2.21e-03	7.86e-02	9.19e-01
 6.65432e+22	0.00e+00	0.00e+00	0.00e+00	0.00e+00	0.00e+00	0.00e+00	2.20e-31	8.84e-28	6.78e-24	1.59e-20	1.83e-17	1.01e-14	3.84e-12	7.34e-10	8.81e-08	1.11e-05	2.46e-03	8.28e-02	9.15e-01
 6.82168e+22	0.00e+00	0.00e+00	0.00e+00	0.00e+00	0.00e+00	0.00e+00	4.26e-31	1.62e-27	1.17e-23	2.60e-20	2.82e-17	1.47e-14	5.29e-12	9.59e-10	1.09e-07	1.31e-05	2.73e-03	8.70e-02	9.10e-01
 7.01391e+22	0.00e+00	0.00e+00	0.00e+00	0.00e+00	0.00e+00	0.00e+00	9.91e-31	3.53e-27	2.37e-23	4.87e-20	4.91e-17	2.38e-14	7.97e-12	1.35e-09	1.43e-07	1.60e-05	3.12e-03	9.26e-02	9.04e-01
 7.21009e+22	0.00e+00	0.00e+00	0.00e+00	0.00e+00	0.00e+00	0.00e+00	1.98e-30	6.68e-27	4.21e-23	8.15e-20	7.74e-17	3.53e-14	1.12e-11	1.78e-09	1.78e-07	1.89e-05	3.48e-03	9.75e-02	8.99e-01
 7.36802e+22	0.00e+00	0.00e+00	0.00e+00	0.00e+00	0.00e+00	0.00e+00	3.58e-30	1.15e-26	6.88e-23	1.27e-19	1.14e-16	4.95e-14	1.49e-11	2.26e-09	2.16e-07	2.17e-05	3.82e-03	1.02e-01	8.94e-01
 7.50658e+22	0.00e+00	0.00e+00	0.00e+00	0.00e+00	0.00e+00	0.00e+00	6.18e-30	1.90e-26	1.08e-22	1.90e-19	1.63e-16	6.76e-14	1.94e-11	2.81e-09	2.57e-07	2.47e-05	4.15e-03	1.06e-01	8.90e-01
 7.66337e+22	0.00e+00	0.00e+00	0.00e+00	0.00e+00	0.00e+00	0.00e+00	1.18e-29	3.45e-26	1.86e-22	3.07e-19	2.50e-16	9.78e-14	2.66e-11	3.65e-09	3.16e-07	2.89e-05	4.60e-03	1.11e-01	8.84e-01
 7.82839e+22	0.00e+00	0.00e+00	0.00e+00	0.00e+00	0.00e+00	0.00e+00	2.17e-29	6.05e-26	3.08e-22	4.83e-19	3.72e-16	1.38e-13	3.57e-11	4.66e-09	3.84e-07	3.34e-05	5.05e-03	1.16e-01	8.79e-01
 7.97576e+22	0.00e+00	0.00e+00	0.00e+00	0.00e+00	0.00e+00	0.00e+00	3.86e-29	1.03e-25	4.97e-22	7.41e-19	5.44e-16	1.93e-13	4.73e-11	5.87e-09	4.61e-07	3.83e-05	5.53e-03	1.21e-01	8.73e-01
 8.11722e+22	0.00e+00	0.00e+00	0.00e+00	0.00e+00	0.00e+00	0.00e+00	6.71e-29	1.71e-25	7.85e-22	1.11e-18	7.79e-16	2.63e-13	6.16e-11	7.31e-09	5.49e-07	4.36e-05	6.01e-03	1.26e-01	8.68e-01
 8.27934e+22	0.00e+00	0.00e+00	0.00e+00	0.00e+00	0.00e+00	0.00e+00	1.30e-28	3.15e-25	1.36e-21	1.82e-18	1.20e-15	3.84e-13	8.48e-11	9.52e-09	6.78e-07	5.09e-05	6.66e-03	1.32e-01	8.61e-01
 8.44804e+22	0.00e+00	0.00e+00	0.00e+00	0.00e+00	0.00e+00	0.00e+00	2.43e-28	5.59e-25	2.29e-21	2.90e-18	1.81e-15	5.48e-13	1.15e-10	1.22e-08	8.27e-07	5.90e-05	7.33e-03	1.38e-01	8.54e-01
 8.59431e+22	0.00e+00	0.00e+00	0.00e+00	0.00e+00	0.00e+00	1.32e-31	4.27e-28	9.38e-25	3.65e-21	4.40e-18	2.62e-15	7.55e-13	1.51e-10	1.53e-08	9.89e-07	6.74e-05	7.99e-03	1.44e-01	8.48e-01
 8.72282e+22	0.00e+00	0.00e+00	0.00e+00	0.00e+00	0.00e+00	2.24e-31	6.96e-28	1.47e-24	5.48e-21	6.32e-18	3.61e-15	9.96e-13	1.91e-10	1.86e-08	1.15e-06	7.56e-05	8.61e-03	1.49e-01	8.43e-01
 8.85920e+22	0.00e+00	0.00e+00	0.00e+00	0.00e+00	0.00e+00	4.05e-31	1.21e-27	2.44e-24	8.66e-21	9.51e-18	5.16e-15	1.36e-12	2.48e-10	2.31e-08	1.37e-06	8.59e-05	9.35e-03	1.54e-01	8.36e-01
 9.00599e+22	0.00e+00	0.00e+00	0.00e+00	0.00e+00	0.00e+00	7.29e-31	2.08e-27	4.03e-24	1.36e-20	1.42e-17	7.38e-15	1.85e-12	3.23e-10	2.87e-08	1.63e-06	9.76e-05	1.02e-02	1.60e-01	8.30e-01
 9.13914e+22	0.00e+00	0.00e+00	0.00e+00	0.00e+00	0.00e+00	1.25e-30	3.43e-27	6.39e-24	2.06e-20	2.06e-17	1.02e-14	2.46e-12	4.11e-10	3.51e-08	1.91e-06	1.10e-04	1.10e-02	1.66e-01	8.23e-01
 9.28508e+22	0.00e+00	0.00e+00	0.00e+00	0.00e+00	0.00e+00	2.39e-30	6.26e-27	1.11e-23	3.39e-20	3.22e-17	1.51e-14	3.46e-12	5.48e-10	4.45e-08	2.30e-06	1.26e-04	1.20e-02	1.73e-01	8.15e-01
 9.43371e+22	0.00e+00	0.00e+00	0.00e+00	0.00e+00	0.00e+00	4.28e-30	1.07e-26	1.83e-23	5.31e-20	4.80e-17	2.16e-14	4.70e-12	7.11e-10	5.51e-08	2.73e-06	1.43e-04	1.30e-02	1.79e-01	8.08e-01
 9.55967e+22	0.00e+00	0.00e+00	0.00e+00	0.00e+00	0.00e+00	7.19e-30	1.74e-26	2.84e-23	7.92e-20	6.86e-17	2.95e-14	6.18e-12	8.97e-10	6.67e-08	3.18e-06	1.60e-04	1.40e-02	1.85e-01	8.01e-01
 9.69724e+22	0.00e+00	0.00e+00	0.00e+00	0.00e+00	0.00e+00	1.32e-29	3.05e-26	4.77e-23	1.26e-19	1.04e-16	4.25e-14	8.48e-12	1.17e-09	8.31e-08	3.78e-06	1.82e-04	1.52e-02	1.92e-01	7.93e-01
 9.84470e+22	0.00e+00	0.00e+00	0.00e+00	0.00e+00	0.00e+00	2.37e-29	5.25e-26	7.87e-23	1.98e-19	1.56e-16	6.07e-14	1.15e-11	1.52e-09	1.03e-07	4.49e-06	2.06e-04	1.65e-02	1.98e-01	7.85e-01
 9.97566e+22	0.00e+00	0.00e+00	0.00e+00	0.00e+00	0.00e+00	4.01e-29	8.55e-26	1.23e-22	2.98e-19	2.23e-16	8.35e-14	1.52e-11	1.92e-09	1.25e-07	5.23e-06	2.31e-04	1.77e-02	2.05e-01	7.77e-01
 1.00905e+23	0.00e+00	0.00e+00	0.00e+00	0.00e+00	0.00e+00	2.95e-29	6.08e-26	8.46e-23	4.26e-19	3.08e-16	1.11e-13	1.95e-11	2.37e-09	1.49e-07	5.99e-06	2.55e-04	1.88e-02	2.10e-01	7.71e-01
 1.02136e+23	0.00e+00	0.00e+00	0.00e+00	0.00e+00	0.00e+00	1.10e-28	2.17e-25	2.91e-22	6.46e-19	4.46e-16	1.54e-13	2.58e-11	3.01e-09	1.81e-07	6.99e-06	2.86e-04	2.03e-02	2.17e-01	7.62e-01
 1.03440e+23	0.00e+00	0.00e+00	0.00e+00	0.00e+00	0.00e+00	8.35e-29	1.60e-25	2.06e-22	9.51e-19	6.29e-16	2.08e-13	3.36e-11	3.76e-09	2.17e-07	8.08e-06	3.18e-04	2.17e-02	2.23e-01	7.55e-01
 1.04626e+23	0.00e+00	0.00e+00	0.00e+00	0.00e+00	0.00e+00	1.35e-28	2.50e-25	3.11e-22	1.38e-18	8.76e-16	2.78e-13	4.32e-11	4.65e-09	2.59e-07	9.28e-06	3.52e-04	2.31e-02	2.30e-01	7.47e-01
 1.05955e+23	0.00e+00	0.00e+00	0.00e+00	0.00e+00	8.12e-32	2.41e-28	4.27e-25	5.10e-22	2.15e-18	1.30e-15	3.94e-13	5.84e-11	6.00e-09	3.19e-07	1.09e-05	3.97e-04	2.50e-02	2.37e-01	7.38e-01
 1.07303e+23	0.00e+00	0.00e+00	0.00e+00	0.00e+00	1.42e-31	4.06e-28	6.93e-25	7.96e-22	3.21e-18	1.86e-15	5.41e-13	7.69e-11	7.57e-09	3.86e-07	1.27e-05	4.43e-04	2.68e-02	2.44e-01	7.29e-01
 1.08420e+23	0.00e+00	0.00e+00	0.00e+00	0.00e+00	2.31e-31	6.37e-28	1.05e-24	1.17e-21	4.54e-18	2.54e-15	7.10e-13	9.73e-11	9.24e-09	4.55e-07	1.45e-05	4.87e-04	2.84e-02	2.50e-01	7.21e-01
 1.09620e+23	0.00e+00	0.00e+00	0.00e+00	0.00e+00	4.04e-31	1.07e-27	1.71e-24	1.83e-21	6.79e-18	3.63e-15	9.73e-13	1.28e-10	1.16e-08	5.49e-07	1.68e-05	5.43e-04	3.05e-02	2.57e-01	7.12e-01
 1.10913e+23	0.00e+00	0.00e+00	0.00e+00	0.00e+00	6.95e-31	1.78e-27	2.73e-24	2.82e-21	1.00e-17	5.14e-15	1.32e-12	1.67e-10	1.45e-08	6.60e-07	1.94e-05	6.03e-04	3.25e-02	2.64e-01	7.03e-01
 1.12026e+23	0.00e+00	0.00e+00	0.00e+00	0.00e+00	1.10e-30	2.73e-27	4.06e-24	4.06e-21	1.39e-17	6.89e-15	1.71e-12	2.08e-10	1.76e-08	7.70e-07	2.19e-05	6.59e-04	3.44e-02	2.70e-01	6.95e-01
 1.13012e+23	0.00e+00	0.00e+00	0.00e+00	0.00e+00	1.70e-30	4.11e-27	5.94e-24	5.76e-21	1.91e-17	9.13e-15	2.19e-12	2.58e-10	2.11e-08	8.94e-07	2.46e-05	7.18e-04	3.63e-02	2.76e-01	6.87e-01
 1.14136e+23	0.00e+00	0.00e+00	0.00e+00	0.00e+00	2.83e-30	6.61e-27	9.23e-24	8.65e-21	2.75e-17	1.26e-14	2.91e-12	3.30e-10	2.59e-08	1.06e-06	2.81e-05	7.91e-04	3.86e-02	2.82e-01	6.78e-01
 1.15348e+23	0.00e+00	0.00e+00	0.00e+00	0.00e+00	4.71e-30	1.06e-26	1.43e-23	1.30e-20	3.96e-17	1.75e-14	3.88e-12	4.23e-10	3.20e-08	1.26e-06	3.22e-05	8.73e-04	4.10e-02	2.89e-01	6.69e-01
 1.16443e+23	0.00e+00	0.00e+00	0.00e+00	0.00e+00	7.53e-30	1.65e-26	2.15e-23	1.88e-20	5.55e-17	2.36e-14	5.05e-12	5.32e-10	3.87e-08	1.47e-06	3.65e-05	9.55e-04	4.33e-02	2.95e-01	6.60e-01
 1.17637e+23	0.00e+00	0.00e+00	0.00e+00	0.00e+00	1.31e-29	2.76e-26	3.47e-23	2.93e-20	8.26e-17	3.37e-14	6.89e-12	6.95e-10	4.86e-08	1.77e-06	4.21e-05	1.06e-03	4.63e-02	3.03e-01	6.50e-01
 1.18886e+23	0.00e+00	0.00e+00	0.00e+00	0.00e+00	2.21e-29	4.49e-26	5.45e-23	4.43e-20	1.20e-16	4.70e-14	9.25e-12	8.97e-10	6.02e-08	2.11e-06	4.84e-05	1.17e-03	4.92e-02	3.10e-01	6.40e-01
 1.19945e+23	0.00e+00	0.00e+00	0.00e+00	0.00e+00	3.45e-29	6.81e-26	8.03e-23	6.33e-20	1.66e-16	6.26e-14	1.19e-11	1.12e-09	7.24e-08	2.46e-06	5.44e-05	1.28e-03	5.19e-02	3.16e-01	6.31e-01
 1.21058e+23	0.00e+00	0.00e+00	0.00e+00	0.00e+00	3.08e-29	5.88e-26	6.71e-23	9.53e-20	2.39e-16	8.68e-14	1.59e-11	1.43e-09	8.91e-08	2.91e-06	6.22e-05	1.40e-03	5.50e-02	3.23e-01	6.21e-01
 1.22250e+23	0.00e+00	0.00e+00	0.00e+00	0.00e+00	5.06e-29	9.33e-26	1.03e-22	1.41e-19	3.41e-16	1.19e-13	2.09e-11	1.82e-09	1.09e-07	3.44e-06	7.08e-05	1.54e-03	5.82e-02	3.29e-01	6.11e-01
 1.23331e+23	0.00e+00	0.00e+00	0.00e+00	0.00e+00	8.00e-29	1.43e-25	1.53e-22	2.03e-19	4.74e-16	1.60e-13	2.71e-11	2.27e-09	1.32e-07	4.00e-06	7.97e-05	1.68e-03	6.14e-02	3.36e-01	6.01e-01
 1.24525e+23	0.00e+00	0.00e+00	0.00e+00	3.27e-32	1.38e-28	2.38e-25	2.46e-22	3.14e-19	7.02e-16	2.26e-13	3.68e-11	2.96e-09	1.64e-07	4.80e-06	9.18e-05	1.86e-03	6.53e-02	3.43e-01	5.90e-01
 1.25716e+23	0.00e+00	0.00e+00	0.00e+00	5.47e-32	2.23e-28	3.73e-25	3.72e-22	4.60e-19	9.90e-16	3.08e-13	4.82e-11	3.73e-09	2.00e-07	5.64e-06	1.04e-04	2.03e-03	6.89e-02	3.49e-01	5.80e-01
 1.26689e+23	0.00e+00	0.00e+00	0.00e+00	8.50e-32	3.38e-28	5.49e-25	5.33e-22	6.39e-19	1.33e-15	4.01e-13	6.08e-11	4.56e-09	2.37e-07	6.47e-06	1.16e-04	2.20e-03	7.22e-02	3.55e-01	5.71e-01
 1.27739e+23	0.00e+00	0.00e+00	0.00e+00	1.41e-31	5.45e-28	8.58e-25	8.06e-22	9.35e-19	1.88e-15	5.43e-13	7.95e-11	5.75e-09	2.88e-07	7.57e-06	1.31e-04	2.40e-03	7.61e-02	3.61e-01	5.60e-01
 1.28884e+23	0.00e+00	0.00e+00	0.00e+00	2.36e-31	8.82e-28	1.34e-24	1.22e-21	1.37e-18	2.65e-15	7.39e-13	1.04e-10	7.26e-09	3.50e-07	8.89e-06	1.48e-04	2.62e-03	8.03e-02	3.67e-01	5.50e-01
 1.29948e+23	0.00e+00	0.00e+00	0.00e+00	3.79e-31	1.37e-27	2.03e-24	1.79e-21	1.95e-18	3.64e-15	9.81e-13	1.34e-10	9.00e-09	4.20e-07	1.03e-05	1.66e-04	2.84e-03	8.43e-02	3.73e-01	5.40e-01
 1.31127e+23	0.00e+00	0.00e+00	0.00e+00	6.70e-31	2.35e-27	3.35e-24	2.85e-21	2.98e-18	5.34e-15	1.38e-12	1.80e-10	1.16e-08	5.21e-07	1.23e-05	1.91e-04	3.13e-03	8.93e-02	3.79e-01	5.28e-01
 1.32307e+23	0.00e+00	0.00e+00	0.00e+00	1.12e-30	3.78e-27	5.23e-24	4.31e-21	4.35e-18	7.51e-15	1.87e-12	2.36e-10	1.47e-08	6.33e-07	1.44e-05	2.15e-04	3.41e-03	9.40e-02	3.85e-01	5.17e-01
 1.33272e+23	0.00e+00	0.00e+00	0.00e+00	1.73e-30	5.70e-27	7.66e-24	6.13e-21	6.01e-18	1.01e-14	2.43e-12	2.96e-10	1.79e-08	7.48e-07	1.65e-05	2.39e-04	3.68e-03	9.82e-02	3.90e-01	5.08e-01
 1.34310e+23	0.00e+00	0.00e+00	0.00e+00	2.85e-30	9.12e-27	1.19e-23	9.22e-21	8.74e-18	1.41e-14	3.28e-12	3.86e-10	2.24e-08	9.05e-07	1.92e-05	2.70e-04	4.00e-03	1.03e-01	3.96e-01	4.97e-01
 1.35440e+23	0.00e+00	0.00e+00	0.00e+00	4.73e-30	1.47e-26	1.85e-23	1.39e-20	1.27e-17	1.98e-14	4.44e-12	5.03e-10	2.82e-08	1.10e-06	2.25e-05	3.04e-04	4.36e-03	1.08e-01	4.01e-01	4.86e-01
 1.36488e+23	0.00e+00	0.00e+00	0.00e+00	7.53e-30	2.27e-26	2.78e-23	2.02e-20	1.79e-17	2.70e-14	5.86e-12	6.42e-10	3.48e-08	1.31e-06	2.60e-05	3.40e-04	4.71e-03	1.13e-01	4.06e-01	4.76e-01
 1.37646e+23	0.00e+00	0.00e+00	0.00e+00	1.32e-29	3.84e-26	4.53e-23	3.19e-20	2.72e-17	3.94e-14	8.19e-12	8.61e-10	4.49e-08	1.62e-06	3.09e-05	3.88e-04	5.17e-03	1.20e-01	4.12e-01	4.63e-01
 1.38864e+23	0.00e+00	0.00e+00	0.00e+00	2.28e-29	6.41e-26	7.31e-23	4.96e-20	4.08e-17	5.67e-14	1.14e-11	1.15e-09	5.75e-08	2.00e-06	3.66e-05	4.42e-04	5.66e-03	1.26e-01	4.17e-01	4.51e-01
 1.39880e+23	0.00e+00	0.00e+00	0.00e+00	3.51e-29	9.60e-26	1.06e-22	7.02e-20	5.60e-17	7.57e-14	1.47e-11	1.44e-09	6.99e-08	2.35e-06	4.17e-05	4.89e-04	6.07e-03	1.31e-01	4.21e-01	4.41e-01
 1.40920e+23	0.00e+00	0.00e+00	0.00e+00	5.87e-29	1.56e-25	1.67e-22	1.06e-19	8.20e-17	1.07e-13	1.99e-11	1.88e-09	8.82e-08	2.86e-06	4.89e-05	5.52e-04	6.61e-03	1.38e-01	4.25e-01	4.30e-01
 1.42029e+23	0.00e+00	0.00e+00	2.50e-32	9.64e-29	2.47e-25	2.57e-22	1.58e-19	1.18e-16	1.48e-13	2.68e-11	2.44e-09	1.10e-07	3.45e-06	5.70e-05	6.20e-04	7.16e-03	1.44e-01	4.29e-01	4.19e-01
 1.43040e+23	0.00e+00	0.00e+00	4.03e-32	1.51e-28	3.77e-25	3.81e-22	2.28e-19	1.64e-16	2.00e-13	3.50e-11	3.09e-09	1.35e-07	4.09e-06	6.54e-05	6.89e-04	7.71e-03	1.50e-01	4.33e-01	4.08e-01
 1.44168e+23	0.00e+00	0.00e+00	7.39e-32	2.69e-28	6.46e-25	6.27e-22	3.61e-19	2.50e-16	2.93e-13	4.92e-11	4.17e-09	1.75e-07	5.09e-06	7.81e-05	7.89e-04	8.46e-03	1.58e-01	4.37e-01	3.95e-01
 1.45276e+23	0.00e+00	0.00e+00	1.19e-31	4.22e-28	9.85e-25	9.28e-22	5.19e-19	3.48e-16	3.96e-13	6.43e-11	5.28e-09	2.15e-07	6.04e-06	8.95e-05	8.76e-04	9.09e-03	1.65e-01	4.40e-01	3.85e-01
 1.46207e+23	0.00e+00	0.00e+00	1.89e-31	6.54e-28	1.48e-24	1.36e-21	7.37e-19	4.78e-16	5.29e-13	8.34e-11	6.64e-09	2.62e-07	7.13e-06	1.03e-04	9.70e-04	9.75e-03	1.71e-01	4.43e-01	3.75e-01
 1.47268e+23	0.00e+00	0.00e+00	3.25e-31	1.09e-27	2.40e-24	2.12e-21	1.11e-18	6.97e-16	7.45e-13	1.13e-10	8.69e-09	3.30e-07	8.66e-06	1.20e-04	1.09e-03	1.06e-02	1.79e-01	4.46e-01	3.64e-01
 1.48392e+23	0.00e+00	0.00e+00	5.65e-31	1.84e-27	3.90e-24	3.33e-21	1.68e-18	1.01e-15	1.05e-12	1.54e-10	1.14e-08	4.17e-07	1.06e-05	1.41e-04	1.23e-03	1.15e-02	1.87e-01	4.48e-01	3.52e-01
 1.49372e+23	0.00e+00	0.00e+00	8.87e-31	2.82e-27	5.82e-24	4.83e-21	2.37e-18	1.38e-15	1.39e-12	1.98e-10	1.42e-08	5.05e-07	1.24e-05	1.60e-04	1.36e-03	1.23e-02	1.94e-01	4.50e-01	3.42e-01
 1.50421e+23	0.00e+00	0.00e+00	1.56e-30	4.82e-27	9.60e-24	7.67e-21	3.63e-18	2.03e-15	1.98e-12	2.72e-10	1.88e-08	6.42e-07	1.52e-05	1.89e-04	1.54e-03	1.33e-02	2.03e-01	4.52e-01	3.30e-01
 1.51485e+23	0.00e+00	0.00e+00	2.56e-30	7.69e-27	1.48e-23	1.15e-20	5.24e-18	2.84e-15	2.68e-12	3.57e-10	2.39e-08	7.92e-07	1.81e-05	2.18e-04	1.71e-03	1.43e-02	2.10e-01	4.53e-01	3.20e-01
 1.52398e+23	0.00e+00	0.00e+00	3.96e-30	1.16e-26	2.17e-23	1.63e-20	7.26e-18	3.81e-15	3.51e-12	4.55e-10	2.96e-08	9.51e-07	2.12e-05	2.46e-04	1.88e-03	1.53e-02	2.17e-01	4.54e-01	3.11e-01
 1.53413e+23	0.00e+00	0.00e+00	6.85e-30	1.95e-26	3.52e-23	2.55e-20	1.09e-17	5.51e-15	4.92e-12	6.16e-10	3.88e-08	1.20e-06	2.57e-05	2.89e-04	2.12e-03	1.65e-02	2.26e-01	4.55e-01	3.00e-01
 1.54468e+23	0.00e+00	0.00e+00	1.14e-29	3.14e-26	5.49e-23	3.85e-20	1.59e-17	7.73e-15	6.70e-12	8.14e-10	4.96e-08	1.49e-06	3.08e-05	3.34e-04	2.36e-03	1.78e-02	2.35e-01	4.55e-01	2.89e-01
 1.55400e+23	0.00e+00	0.00e+00	1.81e-29	4.87e-26	8.28e-23	5.61e-20	2.25e-17	1.06e-14	8.92e-12	1.05e-09	6.23e-08	1.81e-06	3.64e-05	3.82e-04	2.61e-03	1.90e-02	2.43e-01	4.55e-01	2.80e-01
 1.56435e+23	0.00e+00	0.00e+00	3.28e-29	8.51e-26	1.39e-22	9.03e-20	3.46e-17	1.56e-14	1.28e-11	1.46e-09	8.30e-08	2.32e-06	4.49e-05	4.52e-04	2.96e-03	2.06e-02	2.53e-01	4.55e-01	2.68e-01
 1.57488e+23	0.00e+00	0.00e+00	5.31e-29	1.34e-25	2.12e-22	1.34e-19	4.96e-17	2.15e-14	1.72e-11	1.90e-09	1.05e-07	2.84e-06	5.33e-05	5.19e-04	3.28e-03	2.21e-02	2.62e-01	4.54e-01	2.58e-01
 1.58394e+23	0.00e+00	0.00e+00	8.45e-29	2.08e-25	3.19e-22	1.94e-19	6.96e-17	2.92e-14	2.27e-11	2.45e-09	1.32e-07	3.45e-06	6.29e-05	5.92e-04	3.61e-03	2.35e-02	2.70e-01	4.53e-01	2.49e-01
 1.59260e+23	0.00e+00	0.00e+00	1.30e-28	3.13e-25	4.66e-22	2.76e-19	9.58e-17	3.89e-14	2.96e-11	3.11e-09	1.62e-07	4.14e-06	7.33e-05	6.70e-04	3.96e-03	2.50e-02	2.78e-01	4.52e-01	2.41e-01
 1.60244e+23	0.00e+00	0.00e+00	2.27e-28	5.27e-25	7.56e-22	4.30e-19	1.43e-16	5.58e-14	4.13e-11	4.20e-09	2.12e-07	5.22e-06	8.92e-05	7.84e-04	4.44e-03	2.69e-02	2.88e-01	4.50e-01	2.30e-01
 1.61257e+23	0.00e+00	0.00e+00	3.72e-28	8.39e-25	1.16e-21	6.37e-19	2.05e-16	7.68e-14	5.55e-11	5.49e-09	2.69e-07	6.42e-06	1.06e-04	9.02e-04	4.93e-03	2.87e-02	2.97e-01	4.47e-01	2.21e-01
 1.62143e+23	0.00e+00	0.00e+00	5.92e-28	1.30e-24	1.74e-21	9.21e-19	2.86e-16	1.03e-13	7.31e-11	7.05e-09	3.36e-07	7.79e-06	1.25e-04	1.03e-03	5.42e-03	3.06e-02	3.06e-01	4.45e-01	2.12e-01
 1.63130e+23	0.00e+00	0.00e+00	1.04e-27	2.21e-24	2.85e-21	1.45e-18	4.32e-16	1.49e-13	1.03e-10	9.59e-09	4.42e-07	9.87e-06	1.53e-04	1.21e-03	6.10e-03	3.29e-02	3.16e-01	4.41e-01	2.02e-01
 1.64117e+23	0.00e+00	0.00e+00	1.67e-27	3.43e-24	4.28e-21	2.10e-18	6.05e-16	2.01e-13	1.36e-10	1.23e-08	5.53e-07	1.20e-05	1.80e-04	1.38e-03	6.71e-03	3.50e-02	3.25e-01	4.38e-01	1.94e-01
 1.64953e+23	0.00e+00	0.00e+00	2.61e-27	5.22e-24	6.30e-21	2.99e-18	8.31e-16	2.67e-13	1.76e-10	1.57e-08	6.85e-07	1.44e-05	2.11e-04	1.56e-03	7.35e-03	3.70e-02	3.33e-01	4.34e-01	1.86e-01
 1.65890e+23	0.00e+00	1.01e-32	4.51e-27	8.73e-24	1.01e-20	4.62e-18	1.23e-15	3.78e-13	2.44e-10	2.10e-08	8.90e-07	1.81e-05	2.55e-04	1.82e-03	8.21e-03	3.97e-02	3.44e-01	4.30e-01	1.77e-01
 1.66849e+23	0.00e+00	1.64e-32	7.14e-27	1.34e-23	1.51e-20	6.64e-18	1.71e-15	5.07e-13	3.19e-10	2.69e-08	1.11e-06	2.19e-05	2.99e-04	2.06e-03	9.00e-03	4.20e-02	3.52e-01	4.26e-01	1.69e-01
 1.67706e+23	0.00e+00	2.67e-32	1.14e-26	2.07e-23	2.25e-20	9.57e-18	2.37e-15	6.77e-13	4.19e-10	3.45e-08	1.38e-06	2.65e-05	3.52e-04	2.35e-03	9.88e-03	4.45e-02	3.61e-01	4.21e-01	1.62e-01
 1.68558e+23	0.00e+00	4.34e-32	1.79e-26	3.18e-23	3.34e-20	1.37e-17	3.28e-15	9.02e-13	5.48e-10	4.40e-08	1.72e-06	3.19e-05	4.13e-04	2.66e-03	1.08e-02	4.70e-02	3.69e-01	4.16e-01	1.54e-01
 1.69387e+23	0.00e+00	6.88e-32	2.78e-26	4.79e-23	4.87e-20	1.93e-17	4.46e-15	1.18e-12	7.06e-10	5.55e-08	2.11e-06	3.82e-05	4.80e-04	3.01e-03	1.18e-02	4.96e-02	3.77e-01	4.11e-01	1.48e-01
 1.70316e+23	0.00e+00	1.23e-31	4.83e-26	8.04e-23	7.85e-20	2.98e-17	6.59e-15	1.67e-12	9.75e-10	7.45e-08	2.75e-06	4.79e-05	5.81e-04	3.50e-03	1.31e-02	5.29e-02	3.86e-01	4.04e-01	1.39e-01
 1.71260e+23	0.00e+00	2.03e-31	7.73e-26	1.25e-22	1.18e-19	4.31e-17	9.15e-15	2.23e-12	1.28e-09	9.55e-08	3.43e-06	5.81e-05	6.84e-04	3.98e-03	1.44e-02	5.59e-02	3.94e-01	3.98e-01	1.32e-01
 1.72068e+23	0.00e+00	3.20e-31	1.19e-25	1.87e-22	1.70e-19	6.03e-17	1.24e-14	2.91e-12	1.64e-09	1.20e-07	4.20e-06	6.92e-05	7.92e-04	4.47e-03	1.56e-02	5.87e-02	4.01e-01	3.92e-01	1.26e-01
 1.72965e+23	0.00e+00	5.59e-31	2.02e-25	3.06e-22	2.69e-19	9.12e-17	1.79e-14	4.03e-12	2.23e-09	1.59e-07	5.39e-06	8.58e-05	9.50e-04	5.15e-03	1.73e-02	6.23e-02	4.10e-01	3.85e-01	1.19e-01
 1.73893e+23	0.00e+00	9.21e-31	3.24e-25	4.77e-22	4.03e-19	1.32e-16	2.49e-14	5.37e-12	2.92e-09	2.03e-07	6.73e-06	1.04e-04	1.12e-03	5.85e-03	1.89e-02	6.56e-02	4.18e-01	3.78e-01	1.13e-01
 1.74717e+23	0.00e+00	1.48e-30	5.08e-25	7.26e-22	5.93e-19	1.87e-16	3.39e-14	7.05e-12	3.78e-09	2.58e-07	8.31e-06	1.25e-04	1.30e-03	6.61e-03	2.06e-02	6.89e-02	4.24e-01	3.71e-01	1.07e-01
 1.75640e+23	0.00e+00	2.64e-30	8.78e-25	1.21e-21	9.49e-19	2.86e-16	4.96e-14	9.84e-12	5.17e-09	3.43e-07	1.07e-05	1.56e-04	1.57e-03	7.64e-03	2.28e-02	7.30e-02	4.32e-01	3.62e-01	1.00e-01
 1.76576e+23	0.00e+00	4.36e-30	1.41e-24	1.88e-21	1.42e-18	4.12e-16	6.87e-14	1.31e-11	6.77e-09	4.40e-07	1.34e-05	1.88e-04	1.84e-03	8.66e-03	2.49e-02	7.67e-02	4.39e-01	3.55e-01	9.46e-02
 1.77382e+23	0.00e+00	6.93e-30	2.19e-24	2.84e-21	2.07e-18	5.78e-16	9.28e-14	1.70e-11	8.68e-09	5.53e-07	1.64e-05	2.24e-04	2.13e-03	9.72e-03	2.69e-02	8.02e-02	4.44e-01	3.47e-01	8.95e-02
 1.78285e+23	0.00e+00	1.23e-29	3.76e-24	4.71e-21	3.29e-18	8.79e-16	1.35e-13	2.35e-11	1.18e-08	7.34e-07	2.12e-05	2.79e-04	2.56e-03	1.12e-02	2.97e-02	8.46e-02	4.51e-01	3.38e-01	8.35e-02
 1.79228e+23	0.00e+00	2.07e-29	6.19e-24	7.47e-21	5.02e-18	1.29e-15	1.89e-13	3.15e-11	1.56e-08	9.49e-07	2.66e-05	3.40e-04	3.02e-03	1.27e-02	3.24e-02	8.88e-02	4.56e-01	3.29e-01	7.82e-02
 1.80041e+23	0.00e+00	3.25e-29	9.46e-24	1.11e-20	7.22e-18	1.78e-15	2.52e-13	4.04e-11	1.98e-08	1.18e-06	3.24e-05	4.02e-04	3.48e-03	1.42e-02	3.49e-02	9.24e-02	4.60e-01	3.21e-01	7.39e-02
 1.80919e+23	0.00e+00	5.74e-29	1.62e-23	1.84e-20	1.14e-17	2.69e-15	3.63e-13	5.55e-11	2.68e-08	1.56e-06	4.15e-05	4.98e-04	4.16e-03	1.63e-02	3.83e-02	9.70e-02	4.65e-01	3.10e-01	6.86e-02
 1.81802e+23	0.00e+00	9.23e-29	2.55e-23	2.79e-20	1.67e-17	3.79e-15	4.90e-13	7.19e-11	3.44e-08	1.97e-06	5.11e-05	5.94e-04	4.82e-03	1.83e-02	4.14e-02	1.01e-01	4.68e-01	3.02e-01	6.43e-02
 1.82561e+23	0.00e+00	1.42e-28	3.84e-23	4.08e-20	2.37e-17	5.18e-15	6.46e-13	9.14e-11	4.32e-08	2.43e-06	6.16e-05	6.98e-04	5.51e-03	2.02e-02	4.43e-02	1.05e-01	4.70e-01	2.94e-01	6.06e-02
 1.83273e+23	0.00e+00	2.16e-28	5.71e-23	5.90e-20	3.31e-17	6.99e-15	8.39e-13	1.14e-10	5.37e-08	2.97e-06	7.38e-05	8.15e-04	6.27e-03	2.23e-02	4.73e-02	1.08e-01	4.72e-01	2.86e-01	5.72e-02
 1.83935e+23	0.00e+00	3.18e-28	8.25e-23	8.30e-20	4.51e-17	9.22e-15	1.07e-12	1.41e-10	6.57e-08	3.58e-06	8.73e-05	9.40e-04	7.06e-03	2.45e-02	5.03e-02	1.11e-01	4.74e-01	2.78e-01	5.41e-02
 1.84541e+23	0.00e+00	4.57e-28	1.17e-22	1.14e-19	6.03e-17	1.19e-14	1.34e-12	1.71e-10	7.92e-08	4.26e-06	1.02e-04	1.07e-03	7.89e-03	2.66e-02	5.31e-02	1.14e-01	4.74e-01	2.71e-01	5.13e-02
 1.85099e+23	0.00e+00	6.23e-28	1.56e-22	1.50e-19	7.73e-17	1.49e-14	1.63e-12	2.02e-10	9.31e-08	4.95e-06	1.17e-04	1.20e-03	8.66e-03	2.86e-02	5.57e-02	1.17e-01	4.75e-01	2.65e-01	4.90e-02
 1.85725e+23	0.00e+00	9.43e-28	2.32e-22	2.16e-19	1.08e-16	2.00e-14	2.10e-12	2.51e-10	1.15e-07	6.04e-06	1.39e-04	1.40e-03	9.82e-03	3.14e-02	5.92e-02	1.20e-01	4.75e-01	2.57e-01	4.61e-02
 1.86375e+23	0.00e+00	1.37e-27	3.31e-22	3.00e-19	1.45e-16	2.61e-14	2.65e-12	3.05e-10	1.40e-07	7.22e-06	1.63e-04	1.60e-03	1.10e-02	3.42e-02	6.25e-02	1.23e-01	4.74e-01	2.49e-01	4.35e-02
 1.86922e+23	0.00e+00	1.89e-27	4.49e-22	3.97e-19	1.87e-16	3.26e-14	3.22e-12	3.60e-10	1.64e-07	8.40e-06	1.87e-04	1.80e-03	1.21e-02	3.68e-02	6.55e-02	1.26e-01	4.74e-01	2.43e-01	4.13e-02
 1.87498e+23	0.00e+00	2.78e-27	6.47e-22	5.57e-19	2.54e-16	4.28e-14	4.08e-12	4.40e-10	2.00e-07	1.01e-05	2.20e-04	2.07e-03	1.36e-02	4.00e-02	6.92e-02	1.29e-01	4.72e-01	2.35e-01	3.88e-02
 1.88095e+23	0.00e+00	3.89e-27	8.89e-22	7.47e-19	3.31e-16	5.42e-14	5.00e-12	5.24e-10	2.37e-07	1.18e-05	2.53e-04	2.33e-03	1.50e-02	4.31e-02	7.24e-02	1.31e-01	4.70e-01	2.28e-01	3.68e-02
 1.88608e+23	0.00e+00	5.31e-27	1.20e-21	9.82e-19	4.23e-16	6.73e-14	6.02e-12	6.12e-10	2.77e-07	1.37e-05	2.89e-04	2.60e-03	1.64e-02	4.61e-02	7.56e-02	1.34e-01	4.68e-01	2.22e-01	3.49e-02
 1.89085e+23	0.00e+00	7.19e-27	1.60e-21	1.28e-18	5.37e-16	8.31e-14	7.22e-12	7.12e-10	3.22e-07	1.57e-05	3.28e-04	2.90e-03	1.79e-02	4.93e-02	7.87e-02	1.36e-01	4.66e-01	2.16e-01	3.32e-02
 1.89627e+23	0.00e+00	1.05e-26	2.29e-21	1.78e-18	7.23e-16	1.08e-13	9.04e-12	8.60e-10	3.88e-07	1.88e-05	3.84e-04	3.31e-03	2.00e-02	5.34e-02	8.27e-02	1.38e-01	4.63e-01	2.08e-01	3.10e-02
 1.90176e+23	0.00e+00	1.42e-26	3.05e-21	2.32e-18	9.18e-16	1.33e-13	1.08e-11	1.00e-09	4.51e-07	2.16e-05	4.35e-04	3.68e-03	2.18e-02	5.69e-02	8.60e-02	1.40e-01	4.60e-01	2.02e-01	2.94e-02
 1.90736e+23	4.97e-33	2.13e-26	4.50e-21	3.31e-18	1.26e-15	1.76e-13	1.37e-11	1.22e-09	5.50e-07	2.61e-05	5.15e-04	4.24e-03	2.45e-02	6.19e-02	9.05e-02	1.43e-01	4.55e-01	1.93e-01	2.73e-02
 1.91289e+23	6.83e-33	2.89e-26	5.99e-21	4.31e-18	1.60e-15	2.17e-13	1.64e-11	1.41e-09	6.39e-07	3.00e-05	5.82e-04	4.71e-03	2.66e-02	6.59e-02	9.39e-02	1.44e-01	4.51e-01	1.87e-01	2.58e-02
 1.91743e+23	9.30e-33	3.88e-26	7.94e-21	5.56e-18	2.01e-15	2.64e-13	1.94e-11	1.62e-09	7.35e-07	3.42e-05	6.57e-04	5.21e-03	2.89e-02	6.99e-02	9.73e-02	1.46e-01	4.46e-01	1.81e-01	2.44e-02
 1.92168e+23	1.24e-32	5.11e-26	1.03e-20	7.07e-18	2.49e-15	3.19e-13	2.27e-11	1.85e-09	8.40e-07	3.88e-05	7.34e-04	5.72e-03	3.12e-02	7.39e-02	1.00e-01	1.47e-01	4.42e-01	1.75e-01	2.32e-02
 1.92646e+23	1.78e-32	7.19e-26	1.43e-20	9.51e-18	3.24e-15	4.01e-13	2.76e-11	2.17e-09	9.89e-07	4.53e-05	8.43e-04	6.42e-03	3.42e-02	7.90e-02	1.04e-01	1.49e-01	4.36e-01	1.69e-01	2.17e-02
 1.93140e+23	2.46e-32	9.80e-26	1.92e-20	1.24e-17	4.11e-15	4.93e-13	3.28e-11	2.50e-09	1.14e-06	5.20e-05	9.54e-04	7.12e-03	3.72e-02	8.39e-02	1.08e-01	1.50e-01	4.30e-01	1.62e-01	2.04e-02
 1.93570e+23	3.26e-32	1.28e-25	2.48e-20	1.57e-17	5.06e-15	5.91e-13	3.83e-11	2.84e-09	1.30e-06	5.87e-05	1.06e-03	7.79e-03	4.00e-02	8.82e-02	1.11e-01	1.51e-01	4.25e-01	1.57e-01	1.93e-02
 1.94048e+23	4.82e-32	1.86e-25	3.54e-20	2.17e-17	6.73e-15	7.56e-13	4.69e-11	3.34e-09	1.55e-06	6.92e-05	1.23e-03	8.81e-03	4.42e-02	9.46e-02	1.15e-01	1.52e-01	4.17e-01	1.49e-01	1.78e-02
 1.94527e+23	6.52e-32	2.48e-25	4.66e-20	2.78e-17	8.38e-15	9.13e-13	5.50e-11	3.80e-09	1.77e-06	7.85e-05	1.38e-03	9.67e-03	4.76e-02	9.97e-02	1.19e-01	1.52e-01	4.10e-01	1.44e-01	1.67e-02
 1.95008e+23	9.64e-32	3.61e-25	6.65e-20	3.83e-17	1.11e-14	1.17e-12	6.73e-11	4.47e-09	2.10e-06	9.24e-05	1.59e-03	1.09e-02	5.24e-02	1.07e-01	1.23e-01	1.53e-01	4.01e-01	1.36e-01	1.54e-02
 1.95496e+23	1.32e-31	4.88e-25	8.89e-20	4.98e-17	1.40e-14	1.42e-12	7.93e-11	5.10e-09	2.41e-06	1.05e-04	1.79e-03	1.20e-02	5.66e-02	1.12e-01	1.26e-01	1.53e-01	3.93e-01	1.30e-01	1.44e-02
 1.95914e+23	1.77e-31	6.44e-25	1.16e-19	6.31e-17	1.73e-14	1.70e-12	9.20e-11	5.74e-09	2.73e-06	1.19e-04	1.99e-03	1.31e-02	6.07e-02	1.18e-01	1.29e-01	1.53e-01	3.86e-01	1.25e-01	1.35e-02
 1.96377e+23	2.66e-31	9.51e-25	1.68e-19	8.81e-17	2.31e-14	2.18e-12	1.12e-10	6.72e-09	3.24e-06	1.40e-04	2.31e-03	1.48e-02	6.68e-02	1.26e-01	1.33e-01	1.53e-01	3.74e-01	1.17e-01	1.23e-02
 1.96833e+23	3.52e-31	1.24e-24	2.17e-19	1.11e-16	2.83e-14	2.59e-12	1.30e-10	7.53e-09	3.65e-06	1.57e-04	2.55e-03	1.61e-02	7.13e-02	1.31e-01	1.36e-01	1.52e-01	3.67e-01	1.12e-01	1.15e-02
 1.97278e+23	5.21e-31	1.81e-24	3.10e-19	1.53e-16	3.74e-14	3.28e-12	1.57e-10	8.73e-09	4.29e-06	1.83e-04	2.93e-03	1.80e-02	7.79e-02	1.39e-01	1.40e-01	1.51e-01	3.55e-01	1.06e-01	1.05e-02
 1.97716e+23	6.89e-31	2.36e-24	4.00e-19	1.92e-16	4.57e-14	3.88e-12	1.80e-10	9.72e-09	4.81e-06	2.05e-04	3.23e-03	1.95e-02	8.29e-02	1.45e-01	1.42e-01	1.50e-01	3.46e-01	1.01e-01	9.80e-03
 1.98144e+23	1.01e-30	3.41e-24	5.67e-19	2.62e-16	5.98e-14	4.87e-12	2.16e-10	1.12e-08	5.62e-06	2.38e-04	3.68e-03	2.17e-02	9.01e-02	1.53e-01	1.45e-01	1.49e-01	3.34e-01	9.42e-02	8.89e-03
 1.98575e+23	1.34e-30	4.47e-24	7.35e-19	3.30e-16	7.32e-14	5.77e-12	2.47e-10	1.24e-08	6.30e-06	2.65e-04	4.06e-03	2.35e-02	9.57e-02	1.59e-01	1.47e-01	1.47e-01	3.25e-01	8.96e-02	8.26e-03
 1.99008e+23	2.00e-30	6.54e-24	1.06e-18	4.55e-16	9.66e-14	7.28e-12	2.97e-10	1.43e-08	7.37e-06	3.08e-04	4.64e-03	2.62e-02	1.04e-01	1.67e-01	1.50e-01	1.45e-01	3.12e-01	8.32e-02	7.44e-03
 1.99441e+23	2.67e-30	8.63e-24	1.38e-18	5.75e-16	1.18e-13	8.63e-12	3.41e-10	1.59e-08	8.26e-06	3.44e-04	5.11e-03	2.83e-02	1.10e-01	1.73e-01	1.52e-01	1.43e-01	3.02e-01	7.87e-02	6.87e-03
 1.99874e+23	4.01e-30	1.27e-23	2.00e-18	7.98e-16	1.57e-13	1.09e-11	4.10e-10	1.83e-08	9.64e-06	4.00e-04	5.83e-03	3.15e-02	1.19e-01	1.82e-01	1.54e-01	1.40e-01	2.88e-01	7.26e-02	6.13e-03
 2.00309e+23	5.40e-30	1.69e-23	2.62e-18	1.01e-15	1.93e-13	1.30e-11	4.70e-10	2.03e-08	1.08e-05	4.46e-04	6.41e-03	3.39e-02	1.26e-01	1.88e-01	1.55e-01	1.38e-01	2.77e-01	6.83e-02	5.63e-03
 2.00747e+23	8.05e-30	2.48e-23	3.77e-18	1.40e-15	2.55e-13	1.63e-11	5.63e-10	2.32e-08	1.25e-05	5.15e-04	7.27e-03	3.75e-02	1.36e-01	1.96e-01	1.57e-01	1.35e-01	2.63e-01	6.27e-02	5.01e-03
 2.01182e+23	1.09e-29	3.31e-23	4.97e-18	1.78e-15	3.13e-13	1.94e-11	6.45e-10	2.57e-08	1.40e-05	5.73e-04	7.98e-03	4.04e-02	1.43e-01	2.02e-01	1.57e-01	1.32e-01	2.53e-01	5.87e-02	4.57e-03
 2.01611e+23	1.62e-29	4.84e-23	7.15e-18	2.45e-15	4.12e-13	2.43e-11	7.69e-10	2.93e-08	1.62e-05	6.58e-04	9.00e-03	4.44e-02	1.54e-01	2.10e-01	1.58e-01	1.28e-01	2.39e-01	5.36e-02	4.04e-03
 2.02048e+23	2.22e-29	6.56e-23	9.54e-18	3.16e-15	5.11e-13	2.91e-11	8.85e-10	3.25e-08	1.81e-05	7.33e-04	9.88e-03	4.77e-02	1.62e-01	2.16e-01	1.58e-01	1.25e-01	2.28e-01	4.98e-02	3.66e-03
 2.02493e+23	3.36e-29	9.74e-23	1.39e-17	4.39e-15	6.78e-13	3.67e-11	1.06e-09	3.72e-08	2.09e-05	8.42e-04	1.11e-02	5.24e-02	1.73e-01	2.23e-01	1.58e-01	1.20e-01	2.14e-01	4.51e-02	3.20e-03
 2.02943e+23	4.66e-29	1.33e-22	1.87e-17	5.70e-15	8.47e-13	4.40e-11	1.22e-09	4.13e-08	2.34e-05	9.37e-04	1.22e-02	5.62e-02	1.82e-01	2.28e-01	1.57e-01	1.16e-01	2.03e-01	4.15e-02	2.87e-03
 2.03400e+23	7.15e-29	2.00e-22	2.76e-17	8.00e-15	1.13e-12	5.59e-11	1.47e-09	4.74e-08	2.69e-05	1.07e-03	1.37e-02	6.15e-02	1.93e-01	2.35e-01	1.56e-01	1.12e-01	1.88e-01	3.73e-02	2.48e-03
 2.03860e+23	9.92e-29	2.74e-22	3.72e-17	1.04e-14	1.41e-12	6.71e-11	1.70e-09	5.27e-08	3.00e-05	1.19e-03	1.50e-02	6.58e-02	2.02e-01	2.39e-01	1.55e-01	1.08e-01	1.78e-01	3.42e-02	2.21e-03
 2.04256e+23	1.37e-28	3.72e-22	4.98e-17	1.34e-14	1.75e-12	8.02e-11	1.95e-09	5.84e-08	3.33e-05	1.31e-03	1.63e-02	7.00e-02	2.11e-01	2.44e-01	1.53e-01	1.04e-01	1.68e-01	3.14e-02	1.98e-03
 2.04703e+23	2.07e-28	5.55e-22	7.28e-17	1.86e-14	2.32e-12	1.01e-10	2.33e-09	6.66e-08	3.80e-05	1.49e-03	1.81e-02	7.59e-02	2.22e-01	2.48e-01	1.51e-01	9.87e-02	1.55e-01	2.80e-02	1.70e-03
 2.05150e+23	2.82e-28	7.43e-22	9.61e-17	2.37e-14	2.86e-12	1.20e-10	2.67e-09	7.37e-08	4.18e-05	1.63e-03	1.95e-02	8.03e-02	2.30e-01	2.51e-01	1.49e-01	9.50e-02	1.46e-01	2.57e-02	1.52e-03
 2.05597e+23	4.25e-28	1.10e-21	1.40e-16	3.28e-14	3.77e-12	1.51e-10	3.19e-09	8.41e-08	4.74e-05	1.84e-03	2.16e-02	8.64e-02	2.41e-01	2.55e-01	1.46e-01	9.00e-02	1.35e-01	2.28e-02	1.30e-03
 2.06049e+23	5.77e-28	1.47e-21	1.84e-16	4.17e-14	4.63e-12	1.79e-10	3.65e-09	9.31e-08	5.20e-05	2.01e-03	2.32e-02	9.10e-02	2.49e-01	2.57e-01	1.43e-01	8.64e-02	1.27e-01	2.08e-02	1.16e-03
 2.06507e+23	8.62e-28	2.16e-21	2.64e-16	5.72e-14	6.07e-12	2.24e-10	4.36e-09	1.06e-07	5.87e-05	2.24e-03	2.54e-02	9.73e-02	2.59e-01	2.59e-01	1.40e-01	8.16e-02	1.16e-01	1.85e-02	9.93e-04
 2.06978e+23	1.19e-27	2.94e-21	3.55e-16	7.39e-14	7.57e-12	2.70e-10	5.04e-09	1.19e-07	6.46e-05	2.45e-03	2.74e-02	1.03e-01	2.67e-01	2.60e-01	1.37e-01	7.78e-02	1.09e-01	1.67e-02	8.74e-04
 2.07465e+23	1.81e-27	4.38e-21	5.17e-16	1.03e-13	1.00e-11	3.41e-10	6.06e-09	1.36e-07	7.29e-05	2.74e-03	3.00e-02	1.09e-01	2.77e-01	2.61e-01	1.33e-01	7.30e-02	9.90e-02	1.47e-02	7.39e-04
 2.07962e+23	2.51e-27	5.96e-21	6.92e-16	1.32e-13	1.25e-11	4.10e-10	7.02e-09	1.53e-07	8.02e-05	2.99e-03	3.21e-02	1.15e-01	2.84e-01	2.62e-01	1.29e-01	6.93e-02	9.20e-02	1.33e-02	6.49e-04
 2.08471e+23	3.81e-27	8.86e-21	1.01e-15	1.83e-13	1.65e-11	5.18e-10	8.47e-09	1.76e-07	9.04e-05	3.34e-03	3.50e-02	1.22e-01	2.93e-01	2.61e-01	1.25e-01	6.48e-02	8.36e-02	1.16e-02	5.46e-04
 2.08994e+23	5.32e-27	1.22e-20	1.36e-15	2.38e-13	2.07e-11	6.27e-10	9.87e-09	1.98e-07	9.95e-05	3.64e-03	3.75e-02	1.28e-01	3.00e-01	2.61e-01	1.21e-01	6.13e-02	7.72e-02	1.04e-02	4.75e-04
 2.09462e+23	7.34e-27	1.65e-20	1.81e-15	3.06e-13	2.58e-11	7.54e-10	1.14e-08	2.22e-07	1.09e-04	3.95e-03	4.00e-02	1.34e-01	3.06e-01	2.60e-01	1.17e-01	5.80e-02	7.15e-02	9.35e-03	4.15e-04
 2.09997e+23	1.11e-26	2.44e-20	2.61e-15	4.23e-13	3.41e-11	9.54e-10	1.38e-08	2.57e-07	1.23e-04	4.38e-03	4.33e-02	1.41e-01	3.14e-01	2.58e-01	1.13e-01	5.39e-02	6.46e-02	8.13e-03	3.47e-04
 2.10539e+23	1.53e-26	3.31e-20	3.47e-15	5.43e-13	4.23e-11	1.15e-09	1.60e-08	2.88e-07	1.34e-04	4.75e-03	4.61e-02	1.47e-01	3.20e-01	2.56e-01	1.09e-01	5.09e-02	5.96e-02	7.28e-03	3.02e-04
 2.11092e+23	2.30e-26	4.86e-20	4.99e-15	7.45e-13	5.58e-11	1.45e-09	1.94e-08	3.35e-07	1.51e-04	5.25e-03	4.97e-02	1.54e-01	3.26e-01	2.53e-01	1.04e-01	4.72e-02	5.37e-02	6.32e-03	2.52e-04
 2.11629e+23	3.06e-26	6.37e-20	6.43e-15	9.32e-13	6.78e-11	1.71e-09	2.22e-08	3.72e-07	1.64e-04	5.63e-03	5.25e-02	1.60e-01	3.31e-01	2.50e-01	1.01e-01	4.47e-02	4.99e-02	5.71e-03	2.22e-04
 2.12145e+23	4.44e-26	9.05e-20	8.93e-15	1.24e-12	8.71e-11	2.12e-09	2.64e-08	4.26e-07	1.82e-04	6.16e-03	5.61e-02	1.67e-01	3.36e-01	2.47e-01	9.63e-02	4.16e-02	4.52e-02	4.99e-03	1.88e-04
 2.12671e+23	5.89e-26	1.18e-19	1.15e-14	1.55e-12	1.06e-10	2.50e-09	3.03e-08	4.74e-07	1.98e-04	6.60e-03	5.90e-02	1.72e-01	3.39e-01	2.44e-01	9.30e-02	3.93e-02	4.19e-02	4.51e-03	1.65e-04
 2.13210e+23	8.50e-26	1.67e-19	1.58e-14	2.06e-12	1.36e-10	3.10e-09	3.61e-08	5.45e-07	2.20e-04	7.20e-03	6.30e-02	1.79e-01	3.44e-01	2.40e-01	8.87e-02	3.65e-02	3.79e-02	3.94e-03	1.39e-04
 2.13763e+23	1.14e-25	2.21e-19	2.06e-14	2.59e-12	1.66e-10	3.68e-09	4.16e-08	6.09e-07	2.39e-04	7.73e-03	6.63e-02	1.85e-01	3.47e-01	2.36e-01	8.52e-02	3.43e-02	3.49e-02	3.52e-03	1.21e-04
 2.14334e+23	1.66e-25	3.14e-19	2.85e-14	3.46e-12	2.14e-10	4.58e-09	4.98e-08	7.03e-07	2.66e-04	8.45e-03	7.06e-02	1.92e-01	3.50e-01	2.31e-01	8.09e-02	3.17e-02	3.14e-02	3.06e-03	1.01e-04
 2.14894e+23	2.19e-25	4.06e-19	3.62e-14	4.28e-12	2.57e-10	5.38e-09	5.68e-08	7.81e-07	2.88e-04	9.01e-03	7.40e-02	1.97e-01	3.53e-01	2.27e-01	7.78e-02	2.99e-02	2.91e-02	2.75e-03	8.88e-05
 2.15441e+23	3.13e-25	5.67e-19	4.95e-14	5.63e-12	3.28e-10	6.62e-09	6.74e-08	8.95e-07	3.19e-04	9.78e-03	7.84e-02	2.04e-01	3.55e-01	2.22e-01	7.38e-02	2.77e-02	2.62e-02	2.39e-03	7.47e-05
 2.15994e+23	4.06e-25	7.24e-19	6.21e-14	6.89e-12	3.92e-10	7.72e-09	7.66e-08	9.92e-07	3.45e-04	1.04e-02	8.19e-02	2.09e-01	3.57e-01	2.18e-01	7.10e-02	2.61e-02	2.43e-02	2.16e-03	6.57e-05
 2.16553e+23	5.76e-25	1.01e-18	8.42e-14	9.02e-12	4.97e-10	9.49e-09	9.09e-08	1.14e-06	3.82e-04	1.13e-02	8.66e-02	2.16e-01	3.58e-01	2.13e-01	6.72e-02	2.41e-02	2.18e-02	1.88e-03	5.52e-05
 2.17123e+23	7.53e-25	1.29e-18	1.06e-13	1.11e-11	5.96e-10	1.11e-08	1.04e-07	1.26e-06	4.13e-04	1.20e-02	9.04e-02	2.21e-01	3.59e-01	2.08e-01	6.44e-02	2.27e-02	2.01e-02	1.69e-03	4.83e-05
 2.17709e+23	1.07e-24	1.80e-18	1.44e-13	1.45e-11	7.58e-10	1.37e-08	1.23e-07	1.45e-06	4.58e-04	1.30e-02	9.55e-02	2.27e-01	3.60e-01	2.03e-01	6.07e-02	2.08e-02	1.81e-02	1.46e-03	4.04e-05
 2.18305e+23	1.41e-24	2.31e-18	1.82e-13	1.79e-11	9.12e-10	1.61e-08	1.41e-07	1.62e-06	4.97e-04	1.38e-02	9.96e-02	2.33e-01	3.60e-01	1.98e-01	5.80e-02	1.95e-02	1.66e-02	1.31e-03	3.52e-05
 2.18915e+23	2.01e-24	3.23e-18	2.48e-13	2.35e-11	1.16e-09	1.98e-08	1.68e-07	1.86e-06	5.52e-04	1.50e-02	1.05e-01	2.39e-01	3.60e-01	1.92e-01	5.45e-02	1.79e-02	1.48e-02	1.13e-03	2.92e-05
 2.19536e+23	2.64e-24	4.16e-18	3.13e-13	2.90e-11	1.40e-09	2.33e-08	1.92e-07	2.08e-06	5.99e-04	1.60e-02	1.10e-01	2.44e-01	3.59e-01	1.87e-01	5.19e-02	1.67e-02	1.36e-02	1.00e-03	2.53e-05
 2.20081e+23	3.45e-24	5.33e-18	3.93e-13	3.56e-11	1.68e-09	2.73e-08	2.19e-07	2.31e-06	6.49e-04	1.70e-02	1.14e-01	2.49e-01	3.59e-01	1.82e-01	4.95e-02	1.57e-02	1.25e-02	8.96e-04	2.20e-05
 2.20698e+23	4.85e-24	7.33e-18	5.28e-13	4.62e-11	2.12e-09	3.35e-08	2.60e-07	2.65e-06	7.19e-04	1.83e-02	1.20e-01	2.55e-01	3.57e-01	1.76e-01	4.64e-02	1.44e-02	1.11e-02	7.73e-04	1.83e-05
 2.21315e+23	6.22e-24	9.22e-18	6.52e-13	5.59e-11	2.51e-09	3.88e-08	2.95e-07	2.94e-06	7.75e-04	1.94e-02	1.24e-01	2.59e-01	3.56e-01	1.72e-01	4.43e-02	1.35e-02	1.03e-02	6.95e-04	1.61e-05
 2.21934e+23	8.75e-24	1.27e-17	8.72e-13	7.24e-11	3.16e-09	4.75e-08	3.49e-07	3.37e-06	8.58e-04	2.09e-02	1.30e-01	2.65e-01	3.54e-01	1.65e-01	4.15e-02	1.23e-02	9.15e-03	5.97e-04	1.34e-05
 2.22562e+23	1.12e-23	1.60e-17	1.08e-12	8.77e-11	3.75e-09	5.51e-08	3.95e-07	3.73e-06	9.26e-04	2.21e-02	1.35e-01	2.70e-01	3.52e-01	1.61e-01	3.94e-02	1.15e-02	8.41e-03	5.35e-04	1.17e-05
 2.23202e+23	1.57e-23	2.17e-17	1.43e-12	1.13e-10	4.70e-09	6.72e-08	4.67e-07	4.27e-06	1.02e-03	2.38e-02	1.41e-01	2.75e-01	3.49e-01	1.54e-01	3.69e-02	1.05e-02	7.49e-03	4.61e-04	9.70e-06
 2.23862e+23	2.06e-23	2.80e-17	1.80e-12	1.39e-10	5.66e-09	7.90e-08	5.35e-07	4.77e-06	1.11e-03	2.53e-02	1.47e-01	2.79e-01	3.46e-01	1.49e-01	3.48e-02	9.77e-03	6.82e-03	4.07e-04	8.34e-06
 2.24550e+23	2.89e-23	3.83e-17	2.40e-12	1.80e-10	7.12e-09	9.66e-08	6.34e-07	5.48e-06	1.23e-03	2.72e-02	1.54e-01	2.84e-01	3.42e-01	1.43e-01	3.24e-02	8.89e-03	6.05e-03	3.49e-04	6.90e-06
 2.25262e+23	3.86e-23	5.00e-17	3.07e-12	2.24e-10	8.67e-09	1.15e-07	7.33e-07	6.17e-06	1.35e-03	2.90e-02	1.60e-01	2.89e-01	3.39e-01	1.38e-01	3.05e-02	8.19e-03	5.45e-03	3.05e-04	5.86e-06
 2.26006e+23	5.51e-23	6.94e-17	4.14e-12	2.93e-10	1.10e-08	1.42e-07	8.76e-07	7.13e-06	1.50e-03	3.13e-02	1.67e-01	2.94e-01	3.34e-01	1.32e-01	2.82e-02	7.40e-03	4.80e-03	2.59e-04	4.78e-06
 2.26772e+23	7.45e-23	9.16e-17	5.33e-12	3.69e-10	1.35e-08	1.70e-07	1.02e-06	8.07e-06	1.64e-03	3.34e-02	1.74e-01	2.98e-01	3.30e-01	1.26e-01	2.63e-02	6.77e-03	4.30e-03	2.24e-04	4.02e-06
 2.27568e+23	1.08e-22	1.29e-16	7.28e-12	4.88e-10	1.74e-08	2.11e-07	1.23e-06	9.39e-06	1.84e-03	3.62e-02	1.82e-01	3.02e-01	3.24e-01	1.20e-01	2.42e-02	6.07e-03	3.75e-03	1.88e-04	3.24e-06
 2.28392e+23	1.48e-22	1.73e-16	9.50e-12	6.20e-10	2.16e-08	2.55e-07	1.44e-06	1.07e-05	2.02e-03	3.87e-02	1.89e-01	3.06e-01	3.19e-01	1.14e-01	2.24e-02	5.52e-03	3.33e-03	1.62e-04	2.69e-06
 2.29139e+23	2.01e-22	2.29e-16	1.23e-11	7.81e-10	2.65e-08	3.05e-07	1.67e-06	1.21e-05	2.22e-03	4.12e-02	1.96e-01	3.09e-01	3.13e-01	1.09e-01	2.09e-02	5.03e-03	2.97e-03	1.39e-04	2.25e-06
 2.29995e+23	2.96e-22	3.26e-16	1.69e-11	1.04e-09	3.44e-08	3.84e-07	2.03e-06	1.42e-05	2.49e-03	4.47e-02	2.05e-01	3.13e-01	3.06e-01	1.03e-01	1.90e-02	4.47e-03	2.56e-03	1.15e-04	1.79e-06
 2.30868e+23	4.08e-22	4.37e-16	2.21e-11	1.33e-09	4.26e-08	4.64e-07	2.38e-06	1.61e-05	2.74e-03	4.77e-02	2.13e-01	3.16e-01	3.00e-01	9.74e-02	1.75e-02	4.04e-03	2.26e-03	9.84e-05	1.47e-06
 2.31648e+23	5.54e-22	5.79e-16	2.85e-11	1.67e-09	5.24e-08	5.55e-07	2.77e-06	1.83e-05	3.01e-03	5.08e-02	2.20e-01	3.18e-01	2.94e-01	9.25e-02	1.62e-02	3.66e-03	2.00e-03	8.45e-05	1.22e-06
 2.32544e+23	8.34e-22	8.42e-16	4.00e-11	2.27e-09	6.89e-08	7.06e-07	3.39e-06	2.16e-05	3.40e-03	5.51e-02	2.30e-01	3.21e-01	2.85e-01	8.62e-02	1.46e-02	3.21e-03	1.70e-03	6.85e-05	9.49e-07
 2.33447e+23	1.13e-21	1.11e-15	5.16e-11	2.86e-09	8.47e-08	8.45e-07	3.95e-06	2.44e-05	3.72e-03	5.86e-02	2.37e-01	3.22e-01	2.78e-01	8.17e-02	1.35e-02	2.90e-03	1.50e-03	5.86e-05	7.85e-07
 2.34359e+23	1.71e-21	1.62e-15	7.24e-11	3.88e-09	1.11e-07	1.08e-06	4.84e-06	2.89e-05	4.20e-03	6.35e-02	2.48e-01	3.24e-01	2.69e-01	7.58e-02	1.20e-02	2.53e-03	1.27e-03	4.72e-05	6.04e-07
 2.35282e+23	2.34e-21	2.17e-15	9.40e-11	4.91e-09	1.38e-07	1.30e-06	5.66e-06	3.28e-05	4.61e-03	6.76e-02	2.55e-01	3.25e-01	2.62e-01	7.14e-02	1.10e-02	2.27e-03	1.11e-03	3.99e-05	4.94e-07
 2.36221e+23	3.54e-21	3.16e-15	1.32e-10	6.67e-09	1.82e-07	1.65e-06	6.95e-06	3.88e-05	5.20e-03	7.32e-02	2.66e-01	3.25e-01	2.52e-01	6.58e-02	9.80e-03	1.97e-03	9.30e-04	3.19e-05	3.77e-07
 2.37117e+23	4.68e-21	4.07e-15	1.66e-10	8.21e-09	2.19e-07	1.95e-06	7.97e-06	4.34e-05	5.65e-03	7.71e-02	2.72e-01	3.26e-01	2.45e-01	6.23e-02	9.04e-03	1.78e-03	8.25e-04	2.74e-05	3.14e-07
 2.37959e+23	6.79e-21	5.72e-15	2.26e-10	1.08e-08	2.81e-07	2.43e-06	9.60e-06	5.06e-05	6.30e-03	8.28e-02	2.82e-01	3.25e-01	2.36e-01	5.76e-02	8.08e-03	1.56e-03	6.98e-04	2.22e-05	2.43e-07
 2.38804e+23	8.97e-21	7.37e-15	2.83e-10	1.33e-08	3.38e-07	2.86e-06	1.10e-05	5.67e-05	6.84e-03	8.72e-02	2.88e-01	3.25e-01	2.29e-01	5.43e-02	7.43e-03	1.41e-03	6.17e-04	1.90e-05	2.02e-07
 2.39651e+23	1.29e-20	1.03e-14	3.81e-10	1.74e-08	4.31e-07	3.54e-06	1.32e-05	6.58e-05	7.60e-03	9.32e-02	2.97e-01	3.23e-01	2.20e-01	5.01e-02	6.63e-03	1.23e-03	5.22e-04	1.54e-05	1.56e-07
 2.40516e+23	1.73e-20	1.34e-14	4.85e-10	2.16e-08	5.26e-07	4.22e-06	1.53e-05	7.44e-05	8.29e-03	9.84e-02	3.04e-01	3.22e-01	2.13e-01	4.69e-02	6.03e-03	1.10e-03	4.54e-04	1.29e-05	1.27e-07
 2.41406e+23	2.53e-20	1.90e-14	6.60e-10	2.86e-08	6.79e-07	5.30e-06	1.86e-05	8.72e-05	9.28e-03	1.06e-01	3.13e-01	3.20e-01	2.03e-01	4.28e-02	5.32e-03	9.43e-04	3.78e-04	1.03e-05	0.00e+00
 2.42300e+23	3.39e-20	2.47e-14	8.36e-10	3.54e-08	8.25e-07	6.31e-06	2.15e-05	9.85e-05	1.01e-02	1.11e-01	3.20e-01	3.18e-01	1.95e-01	3.99e-02	4.82e-03	8.39e-04	3.28e-04	8.59e-06	0.00e+00
