#depth	He	He+	He+2
 4.62852e+21	2.81e-06	1.77e-02	9.82e-01
 1.05110e+22	5.51e-06	2.46e-02	9.75e-01
 1.23918e+22	7.66e-06	2.90e-02	9.71e-01
 1.34769e+22	9.74e-06	3.26e-02	9.67e-01
 1.41248e+22	1.08e-05	3.42e-02	9.66e-01
 1.45612e+22	1.22e-05	3.64e-02	9.64e-01
 1.50243e+22	1.37e-05	3.85e-02	9.61e-01
 1.55223e+22	1.58e-05	4.13e-02	9.59e-01
 1.60274e+22	1.78e-05	4.38e-02	9.56e-01
 1.64736e+22	2.00e-05	4.63e-02	9.54e-01
 1.69854e+22	2.32e-05	4.98e-02	9.50e-01
 1.75039e+22	2.61e-05	5.27e-02	9.47e-01
 1.80312e+22	3.04e-05	5.68e-02	9.43e-01
 1.85655e+22	3.43e-05	6.02e-02	9.40e-01
 1.90309e+22	3.86e-05	6.38e-02	9.36e-01
 1.94755e+22	4.29e-05	6.71e-02	9.33e-01
 1.98979e+22	4.77e-05	7.06e-02	9.29e-01
 2.03737e+22	5.45e-05	7.53e-02	9.25e-01
 2.08490e+22	6.06e-05	7.92e-02	9.21e-01
 2.13235e+22	6.91e-05	8.44e-02	9.16e-01
 2.18067e+22	7.71e-05	8.89e-02	9.11e-01
 2.23013e+22	8.83e-05	9.48e-02	9.05e-01
 2.28008e+22	9.84e-05	9.98e-02	9.00e-01
 2.33068e+22	1.14e-04	1.07e-01	8.93e-01
 2.38119e+22	1.26e-04	1.12e-01	8.88e-01
 2.42171e+22	1.38e-04	1.17e-01	8.83e-01
 2.46449e+22	1.55e-04	1.23e-01	8.76e-01
 2.50791e+22	1.70e-04	1.29e-01	8.71e-01
 2.54607e+22	1.86e-04	1.34e-01	8.65e-01
 2.58962e+22	2.08e-04	1.42e-01	8.58e-01
 2.63376e+22	2.29e-04	1.48e-01	8.52e-01
 2.67250e+22	2.50e-04	1.54e-01	8.46e-01
 2.71665e+22	2.80e-04	1.62e-01	8.37e-01
 2.76153e+22	3.08e-04	1.69e-01	8.30e-01
 2.80117e+22	3.36e-04	1.76e-01	8.23e-01
 2.84650e+22	3.77e-04	1.86e-01	8.14e-01
 2.89250e+22	4.14e-04	1.94e-01	8.06e-01
 2.93321e+22	4.53e-04	2.01e-01	7.98e-01
 2.97996e+22	5.08e-04	2.12e-01	7.88e-01
 3.02746e+22	5.58e-04	2.21e-01	7.78e-01
 3.07591e+22	6.24e-04	2.32e-01	7.67e-01
 3.12545e+22	6.90e-04	2.42e-01	7.57e-01
 3.16891e+22	7.57e-04	2.52e-01	7.47e-01
 3.21790e+22	8.50e-04	2.65e-01	7.34e-01
 3.25410e+22	8.80e-04	2.69e-01	7.30e-01
 3.27367e+22	9.24e-04	2.75e-01	7.24e-01
 3.29911e+22	9.78e-04	2.81e-01	7.18e-01
 3.33219e+22	1.05e-03	2.90e-01	7.09e-01
 3.37518e+22	1.17e-03	3.03e-01	6.96e-01
 3.42264e+22	1.27e-03	3.14e-01	6.85e-01
 3.46362e+22	1.38e-03	3.24e-01	6.75e-01
 3.49835e+22	1.47e-03	3.33e-01	6.66e-01
 3.53723e+22	1.60e-03	3.44e-01	6.55e-01
 3.57763e+22	1.72e-03	3.54e-01	6.44e-01
 3.61410e+22	1.85e-03	3.64e-01	6.34e-01
 3.65560e+22	2.02e-03	3.77e-01	6.21e-01
 3.69755e+22	2.17e-03	3.87e-01	6.11e-01
 3.74007e+22	2.37e-03	4.00e-01	5.98e-01
 3.78348e+22	2.56e-03	4.12e-01	5.86e-01
 3.82198e+22	2.75e-03	4.23e-01	5.75e-01
 3.86597e+22	3.00e-03	4.36e-01	5.61e-01
 3.91129e+22	3.24e-03	4.48e-01	5.48e-01
 3.95832e+22	3.56e-03	4.64e-01	5.33e-01
 4.00563e+22	3.85e-03	4.76e-01	5.20e-01
 4.05329e+22	4.22e-03	4.92e-01	5.04e-01
 4.10264e+22	4.57e-03	5.05e-01	4.90e-01
 4.15419e+22	5.05e-03	5.22e-01	4.73e-01
 4.20600e+22	5.47e-03	5.36e-01	4.59e-01
 4.25814e+22	6.04e-03	5.53e-01	4.41e-01
 4.31079e+22	6.51e-03	5.66e-01	4.27e-01
 4.36411e+22	7.19e-03	5.83e-01	4.09e-01
 4.41870e+22	7.79e-03	5.98e-01	3.94e-01
 4.47493e+22	8.63e-03	6.16e-01	3.76e-01
 4.53200e+22	9.35e-03	6.30e-01	3.61e-01
 4.59019e+22	1.04e-02	6.48e-01	3.41e-01
 4.64916e+22	1.13e-02	6.63e-01	3.26e-01
 4.70917e+22	1.25e-02	6.81e-01	3.07e-01
 4.77076e+22	1.36e-02	6.96e-01	2.91e-01
 4.83443e+22	1.53e-02	7.14e-01	2.70e-01
 4.89951e+22	1.67e-02	7.29e-01	2.55e-01
 4.96644e+22	1.88e-02	7.47e-01	2.34e-01
 5.03512e+22	2.06e-02	7.61e-01	2.18e-01
 5.10607e+22	2.33e-02	7.79e-01	1.97e-01
 5.17935e+22	2.59e-02	7.94e-01	1.81e-01
 5.25565e+22	2.96e-02	8.10e-01	1.60e-01
 5.32216e+22	3.19e-02	8.19e-01	1.49e-01
 5.37593e+22	3.51e-02	8.29e-01	1.36e-01
 5.43264e+22	3.84e-02	8.37e-01	1.24e-01
 5.49317e+22	4.29e-02	8.46e-01	1.11e-01
 5.55525e+22	4.73e-02	8.53e-01	1.00e-01
 5.61082e+22	5.21e-02	8.57e-01	9.04e-02
 5.67452e+22	5.92e-02	8.62e-01	7.91e-02
 5.73404e+22	6.51e-02	8.64e-01	7.11e-02
 5.77874e+22	7.10e-02	8.64e-01	6.49e-02
 5.82746e+22	7.92e-02	8.63e-01	5.81e-02
 5.87934e+22	8.82e-02	8.60e-01	5.22e-02
 5.92419e+22	9.72e-02	8.55e-01	4.77e-02
 5.96326e+22	1.07e-01	8.49e-01	4.41e-02
 5.99923e+22	1.17e-01	8.42e-01	4.10e-02
 6.03262e+22	1.27e-01	8.34e-01	3.84e-02
 6.06303e+22	1.39e-01	8.25e-01	3.64e-02
 6.09055e+22	1.50e-01	8.15e-01	3.48e-02
 6.11554e+22	1.62e-01	8.04e-01	3.35e-02
 6.13825e+22	1.75e-01	7.93e-01	3.25e-02
 6.15281e+22	1.82e-01	7.86e-01	3.23e-02
 6.15871e+22	1.86e-01	7.82e-01	3.21e-02
 6.16359e+22	1.89e-01	7.79e-01	3.19e-02
 6.16976e+22	1.93e-01	7.75e-01	3.17e-02
 6.17722e+22	1.98e-01	7.70e-01	3.14e-02
 6.18481e+22	2.03e-01	7.65e-01	3.13e-02
 6.19205e+22	2.09e-01	7.60e-01	3.11e-02
 6.19931e+22	2.15e-01	7.55e-01	3.09e-02
 6.20665e+22	2.20e-01	7.49e-01	3.08e-02
 6.21424e+22	2.26e-01	7.43e-01	3.07e-02
 6.22217e+22	2.33e-01	7.36e-01	3.06e-02
 6.23036e+22	2.40e-01	7.29e-01	3.05e-02
 6.23882e+22	2.48e-01	7.22e-01	3.04e-02
 6.24753e+22	2.56e-01	7.14e-01	3.04e-02
 6.25639e+22	2.64e-01	7.05e-01	3.03e-02
 6.26516e+22	2.73e-01	6.97e-01	3.04e-02
 6.27208e+22	2.79e-01	6.90e-01	3.04e-02
 6.27673e+22	2.84e-01	6.86e-01	3.05e-02
 6.28115e+22	2.89e-01	6.81e-01	3.04e-02
 6.28637e+22	2.94e-01	6.75e-01	3.04e-02
 6.29222e+22	3.01e-01	6.69e-01	3.03e-02
 6.29805e+22	3.08e-01	6.62e-01	3.03e-02
 6.30360e+22	3.14e-01	6.56e-01	3.03e-02
 6.30920e+22	3.21e-01	6.49e-01	3.01e-02
 6.31497e+22	3.27e-01	6.43e-01	3.01e-02
 6.32093e+22	3.35e-01	6.35e-01	3.00e-02
 6.32708e+22	3.43e-01	6.27e-01	2.98e-02
 6.33317e+22	3.51e-01	6.20e-01	2.97e-02
 6.33934e+22	3.59e-01	6.12e-01	2.95e-02
 6.34577e+22	3.67e-01	6.03e-01	2.94e-02
 6.35243e+22	3.77e-01	5.94e-01	2.91e-02
 6.35918e+22	3.86e-01	5.85e-01	2.89e-02
 6.36603e+22	3.96e-01	5.76e-01	2.86e-02
 6.37313e+22	4.06e-01	5.66e-01	2.83e-02
 6.38047e+22	4.16e-01	5.56e-01	2.79e-02
 6.38797e+22	4.28e-01	5.45e-01	2.75e-02
 6.39562e+22	4.39e-01	5.34e-01	2.71e-02
 6.40352e+22	4.51e-01	5.23e-01	2.66e-02
 6.41172e+22	4.63e-01	5.11e-01	2.61e-02
 6.42015e+22	4.76e-01	4.99e-01	2.55e-02
 6.42878e+22	4.89e-01	4.86e-01	2.50e-02
 6.43763e+22	5.02e-01	4.73e-01	2.43e-02
 6.44677e+22	5.16e-01	4.60e-01	2.37e-02
 6.45624e+22	5.30e-01	4.47e-01	2.30e-02
 6.46597e+22	5.44e-01	4.33e-01	2.23e-02
 6.47577e+22	5.58e-01	4.20e-01	2.16e-02
 6.48567e+22	5.73e-01	4.06e-01	2.08e-02
 6.49595e+22	5.87e-01	3.93e-01	2.00e-02
 6.50658e+22	6.02e-01	3.79e-01	1.92e-02
 6.51710e+22	6.16e-01	3.66e-01	1.84e-02
 6.52757e+22	6.30e-01	3.53e-01	1.76e-02
 6.53860e+22	6.43e-01	3.40e-01	1.68e-02
 6.54999e+22	6.57e-01	3.27e-01	1.60e-02
 6.56138e+22	6.70e-01	3.15e-01	1.52e-02
 6.57301e+22	6.83e-01	3.02e-01	1.44e-02
 6.58504e+22	6.96e-01	2.90e-01	1.36e-02
 6.59736e+22	7.09e-01	2.78e-01	1.29e-02
 6.60990e+22	7.21e-01	2.67e-01	1.21e-02
 6.62285e+22	7.33e-01	2.56e-01	1.13e-02
 6.63602e+22	7.44e-01	2.45e-01	1.06e-02
 6.64880e+22	7.55e-01	2.35e-01	9.97e-03
 6.66086e+22	7.64e-01	2.26e-01	9.38e-03
 6.67206e+22	7.72e-01	2.19e-01	8.85e-03
 6.68255e+22	7.80e-01	2.11e-01	8.36e-03
 6.69230e+22	7.87e-01	2.05e-01	7.94e-03
 6.70173e+22	7.93e-01	1.99e-01	7.53e-03
 6.71118e+22	7.99e-01	1.94e-01	7.16e-03
 6.72020e+22	8.05e-01	1.88e-01	6.82e-03
 6.72896e+22	8.10e-01	1.83e-01	6.50e-03
 6.73757e+22	8.15e-01	1.79e-01	6.20e-03
 6.74568e+22	8.19e-01	1.75e-01	5.93e-03
 6.75355e+22	8.24e-01	1.70e-01	5.66e-03
 6.76129e+22	8.28e-01	1.67e-01	5.42e-03
 6.76855e+22	8.32e-01	1.63e-01	5.20e-03
 6.77563e+22	8.36e-01	1.59e-01	4.98e-03
 6.78250e+22	8.39e-01	1.56e-01	4.79e-03
 6.78902e+22	8.42e-01	1.53e-01	4.61e-03
 6.79539e+22	8.45e-01	1.50e-01	4.43e-03
 6.80142e+22	8.48e-01	1.47e-01	4.27e-03
 6.80690e+22	8.51e-01	1.45e-01	4.13e-03
 6.81189e+22	8.53e-01	1.43e-01	4.00e-03
 6.81644e+22	8.56e-01	1.41e-01	3.88e-03
 6.82057e+22	8.58e-01	1.39e-01	3.77e-03
 6.82433e+22	8.59e-01	1.37e-01	3.68e-03
 6.82775e+22	8.61e-01	1.35e-01	3.59e-03
 6.83086e+22	8.63e-01	1.34e-01	3.52e-03
 6.83370e+22	8.64e-01	1.33e-01	3.46e-03
 6.83680e+22	8.66e-01	1.31e-01	3.37e-03
 6.84016e+22	8.67e-01	1.30e-01	3.30e-03
 6.84383e+22	8.69e-01	1.28e-01	3.21e-03
 6.84780e+22	8.71e-01	1.26e-01	3.13e-03
 6.85141e+22	8.72e-01	1.25e-01	3.06e-03
 6.85536e+22	8.74e-01	1.23e-01	2.97e-03
 6.85963e+22	8.76e-01	1.21e-01	2.89e-03
 6.86351e+22	8.77e-01	1.20e-01	2.82e-03
 6.86705e+22	8.78e-01	1.19e-01	2.76e-03
 6.87092e+22	8.80e-01	1.17e-01	2.69e-03
 6.87511e+22	8.82e-01	1.16e-01	2.63e-03
 6.87891e+22	8.83e-01	1.14e-01	2.56e-03
 6.88238e+22	8.84e-01	1.13e-01	2.52e-03
 6.88617e+22	8.86e-01	1.12e-01	2.45e-03
 6.89027e+22	8.87e-01	1.11e-01	2.39e-03
 6.89400e+22	8.88e-01	1.09e-01	2.34e-03
 6.89739e+22	8.89e-01	1.08e-01	2.30e-03
 6.90111e+22	8.91e-01	1.07e-01	2.24e-03
 6.90512e+22	8.92e-01	1.06e-01	2.19e-03
 6.90952e+22	8.94e-01	1.04e-01	2.12e-03
 6.91427e+22	8.95e-01	1.03e-01	2.07e-03
 6.91859e+22	8.96e-01	1.02e-01	2.02e-03
 6.92252e+22	8.98e-01	1.00e-01	1.97e-03
 6.92610e+22	8.99e-01	9.92e-02	1.92e-03
 6.93002e+22	9.00e-01	9.79e-02	1.87e-03
 6.93426e+22	9.02e-01	9.65e-02	1.82e-03
 6.93811e+22	9.03e-01	9.54e-02	1.78e-03
 6.94162e+22	9.04e-01	9.44e-02	1.74e-03
 6.94481e+22	9.05e-01	9.35e-02	1.71e-03
 6.94830e+22	9.06e-01	9.22e-02	1.66e-03
 6.95285e+22	9.08e-01	9.09e-02	1.61e-03
 6.95775e+22	9.09e-01	8.95e-02	1.56e-03
 6.96222e+22	9.10e-01	8.84e-02	1.52e-03
 6.96628e+22	9.11e-01	8.74e-02	1.49e-03
 6.96998e+22	9.12e-01	8.63e-02	1.45e-03
 6.97334e+22	9.13e-01	8.54e-02	1.42e-03
 6.97703e+22	9.14e-01	8.42e-02	1.38e-03
 6.98101e+22	9.15e-01	8.32e-02	1.35e-03
 6.98463e+22	9.16e-01	8.22e-02	1.31e-03
 6.98792e+22	9.17e-01	8.15e-02	1.29e-03
 6.99154e+22	9.18e-01	8.05e-02	1.26e-03
 6.99543e+22	9.19e-01	7.98e-02	1.24e-03
 6.99971e+22	9.20e-01	7.86e-02	1.20e-03
 7.00432e+22	9.21e-01	7.77e-02	1.17e-03
 7.00852e+22	9.22e-01	7.67e-02	1.14e-03
 7.01234e+22	9.23e-01	7.60e-02	1.12e-03
 7.01652e+22	9.24e-01	7.50e-02	1.09e-03
 7.02104e+22	9.25e-01	7.41e-02	1.07e-03
 7.02515e+22	9.26e-01	7.32e-02	1.04e-03
 7.02889e+22	9.26e-01	7.26e-02	1.02e-03
 7.03299e+22	9.28e-01	7.15e-02	9.92e-04
 7.03742e+22	9.28e-01	7.08e-02	9.74e-04
 7.04227e+22	9.29e-01	6.97e-02	9.44e-04
 7.04751e+22	9.30e-01	6.88e-02	9.20e-04
 7.05227e+22	9.31e-01	6.79e-02	8.95e-04
 7.05661e+22	9.32e-01	6.72e-02	8.78e-04
 7.06136e+22	9.33e-01	6.62e-02	8.51e-04
 7.06649e+22	9.34e-01	6.53e-02	8.29e-04
 7.07116e+22	9.35e-01	6.44e-02	8.07e-04
 7.07541e+22	9.35e-01	6.38e-02	7.92e-04
 7.08006e+22	9.36e-01	6.29e-02	7.68e-04
 7.08509e+22	9.37e-01	6.21e-02	7.50e-04
 7.08966e+22	9.38e-01	6.15e-02	7.34e-04
 7.09467e+22	9.39e-01	6.05e-02	7.10e-04
 7.10008e+22	9.40e-01	5.97e-02	6.92e-04
 7.10501e+22	9.40e-01	5.89e-02	6.73e-04
 7.10949e+22	9.41e-01	5.83e-02	6.60e-04
 7.11440e+22	9.42e-01	5.74e-02	6.40e-04
 7.11970e+22	9.43e-01	5.67e-02	6.24e-04
 7.12452e+22	9.43e-01	5.61e-02	6.11e-04
 7.12980e+22	9.44e-01	5.52e-02	5.91e-04
 7.13551e+22	9.45e-01	5.44e-02	5.76e-04
 7.14070e+22	9.46e-01	5.38e-02	5.62e-04
 7.14639e+22	9.47e-01	5.29e-02	5.43e-04
 7.15253e+22	9.47e-01	5.22e-02	5.28e-04
 7.15812e+22	9.48e-01	5.15e-02	5.15e-04
 7.16425e+22	9.49e-01	5.06e-02	4.97e-04
 7.17086e+22	9.50e-01	4.98e-02	4.83e-04
 7.17688e+22	9.50e-01	4.92e-02	4.70e-04
 7.18347e+22	9.51e-01	4.82e-02	4.52e-04
 7.19059e+22	9.52e-01	4.76e-02	4.40e-04
 7.19707e+22	9.53e-01	4.68e-02	4.25e-04
 7.20296e+22	9.53e-01	4.62e-02	4.14e-04
 7.20942e+22	9.54e-01	4.53e-02	3.99e-04
 7.21640e+22	9.55e-01	4.46e-02	3.87e-04
 7.22274e+22	9.56e-01	4.40e-02	3.77e-04
 7.22969e+22	9.56e-01	4.32e-02	3.62e-04
 7.23720e+22	9.57e-01	4.25e-02	3.51e-04
 7.24403e+22	9.58e-01	4.19e-02	3.41e-04
 7.25152e+22	9.59e-01	4.11e-02	3.28e-04
 7.25960e+22	9.59e-01	4.03e-02	3.17e-04
 7.26696e+22	9.60e-01	3.97e-02	3.07e-04
 7.27501e+22	9.61e-01	3.89e-02	2.94e-04
 7.28371e+22	9.61e-01	3.83e-02	2.85e-04
 7.29163e+22	9.62e-01	3.76e-02	2.75e-04
 7.29884e+22	9.63e-01	3.70e-02	2.66e-04
 7.30673e+22	9.64e-01	3.62e-02	2.55e-04
 7.31525e+22	9.64e-01	3.56e-02	2.47e-04
 7.32301e+22	9.65e-01	3.50e-02	2.39e-04
 7.33151e+22	9.65e-01	3.43e-02	2.29e-04
 7.34068e+22	9.66e-01	3.37e-02	2.21e-04
 7.34903e+22	9.67e-01	3.31e-02	2.14e-04
 7.35818e+22	9.67e-01	3.24e-02	2.04e-04
 7.36806e+22	9.68e-01	3.18e-02	1.97e-04
 7.37705e+22	9.69e-01	3.12e-02	1.89e-04
 7.38523e+22	9.69e-01	3.06e-02	1.83e-04
 7.39419e+22	9.70e-01	3.00e-02	1.75e-04
 7.40387e+22	9.70e-01	2.94e-02	1.69e-04
 7.41267e+22	9.71e-01	2.89e-02	1.63e-04
 7.42232e+22	9.72e-01	2.82e-02	1.56e-04
 7.43274e+22	9.72e-01	2.77e-02	1.50e-04
 7.44222e+22	9.73e-01	2.72e-02	1.44e-04
 7.45261e+22	9.73e-01	2.66e-02	1.38e-04
 7.46382e+22	9.74e-01	2.60e-02	1.32e-04
 7.47403e+22	9.74e-01	2.55e-02	1.27e-04
 7.48331e+22	9.75e-01	2.50e-02	1.22e-04
 7.49349e+22	9.75e-01	2.44e-02	1.17e-04
 7.50448e+22	9.76e-01	2.39e-02	1.12e-04
 7.51447e+22	9.76e-01	2.35e-02	1.08e-04
 7.52543e+22	9.77e-01	2.30e-02	1.03e-04
 7.53967e+22	9.78e-01	2.23e-02	9.71e-05
 7.55568e+22	9.78e-01	2.16e-02	9.14e-05
 7.57167e+22	9.79e-01	2.09e-02	8.58e-05
 7.58796e+22	9.80e-01	2.03e-02	8.05e-05
 7.60456e+22	9.80e-01	1.96e-02	7.54e-05
 7.62140e+22	9.81e-01	1.90e-02	7.06e-05
 7.63847e+22	9.82e-01	1.84e-02	6.61e-05
 7.65575e+22	9.82e-01	1.78e-02	6.18e-05
 7.67323e+22	9.83e-01	1.72e-02	5.78e-05
 7.69093e+22	9.83e-01	1.66e-02	5.40e-05
 7.70882e+22	9.84e-01	1.60e-02	5.04e-05
 7.72691e+22	9.84e-01	1.55e-02	4.71e-05
 7.74518e+22	9.85e-01	1.50e-02	4.39e-05
 7.76364e+22	9.86e-01	1.44e-02	4.10e-05
 7.78229e+22	9.86e-01	1.39e-02	3.82e-05
 7.80108e+22	9.87e-01	1.34e-02	3.56e-05
 7.82003e+22	9.87e-01	1.30e-02	3.31e-05
 7.83912e+22	9.87e-01	1.25e-02	3.08e-05
 7.85839e+22	9.88e-01	1.21e-02	2.87e-05
 7.87785e+22	9.88e-01	1.16e-02	2.67e-05
 7.89746e+22	9.89e-01	1.12e-02	2.48e-05
 7.91723e+22	9.89e-01	1.08e-02	2.31e-05
 7.93715e+22	9.90e-01	1.04e-02	2.14e-05
 7.95723e+22	9.90e-01	1.00e-02	1.99e-05
 7.97766e+22	9.90e-01	9.67e-03	1.85e-05
 7.99857e+22	9.91e-01	9.31e-03	1.71e-05
 8.01979e+22	9.91e-01	8.95e-03	1.58e-05
 8.04123e+22	9.91e-01	8.61e-03	1.47e-05
 8.06290e+22	9.92e-01	8.28e-03	1.36e-05
 8.08480e+22	9.92e-01	7.96e-03	1.25e-05
 8.10694e+22	9.92e-01	7.65e-03	1.16e-05
 8.12933e+22	9.93e-01	7.35e-03	1.07e-05
 8.15208e+22	9.93e-01	7.05e-03	9.84e-06
 8.17521e+22	9.93e-01	6.77e-03	9.07e-06
 8.19887e+22	9.94e-01	6.49e-03	8.34e-06
 8.22314e+22	9.94e-01	6.22e-03	7.66e-06
 8.24785e+22	9.94e-01	5.95e-03	7.02e-06
 8.27299e+22	9.94e-01	5.69e-03	6.43e-06
 8.29855e+22	9.95e-01	5.45e-03	5.88e-06
 8.32456e+22	9.95e-01	5.21e-03	5.38e-06
 8.35106e+22	9.95e-01	4.97e-03	4.91e-06
 8.37808e+22	9.95e-01	4.75e-03	4.47e-06
 8.40576e+22	9.95e-01	4.53e-03	4.07e-06
 8.43414e+22	9.96e-01	4.31e-03	3.69e-06
 8.46313e+22	9.96e-01	4.10e-03	3.35e-06
 8.49278e+22	9.96e-01	3.90e-03	3.03e-06
 8.52308e+22	9.96e-01	3.71e-03	2.73e-06
 8.55410e+22	9.96e-01	3.52e-03	2.46e-06
 8.58578e+22	9.97e-01	3.34e-03	2.22e-06
 8.61787e+22	9.97e-01	3.17e-03	1.99e-06
 8.65026e+22	9.97e-01	3.00e-03	1.79e-06
 8.68288e+22	9.97e-01	2.85e-03	1.61e-06
 8.71581e+22	9.97e-01	2.70e-03	1.45e-06
 8.74916e+22	9.97e-01	2.56e-03	1.30e-06
 8.78286e+22	9.98e-01	2.42e-03	1.16e-06
 8.81688e+22	9.98e-01	2.29e-03	1.04e-06
 8.85127e+22	9.98e-01	2.17e-03	9.33e-07
 8.88606e+22	9.98e-01	2.05e-03	8.35e-07
 8.92123e+22	9.98e-01	1.94e-03	7.46e-07
 8.95665e+22	9.98e-01	1.83e-03	6.67e-07
 8.99243e+22	9.98e-01	1.73e-03	5.95e-07
 9.02860e+22	9.98e-01	1.63e-03	5.31e-07
 9.06517e+22	9.98e-01	1.54e-03	4.73e-07
 9.10226e+22	9.99e-01	1.46e-03	4.20e-07
 9.13977e+22	9.99e-01	1.37e-03	3.73e-07
 9.17771e+22	9.99e-01	1.29e-03	3.31e-07
 9.21608e+22	9.99e-01	1.22e-03	2.94e-07
 9.24621e+22	9.99e-01	1.17e-03	2.72e-07
