#depth	H	H+	H2
 4.62852e+21	7.94e-05	1.00e+00	1.27e-24
 1.05110e+22	1.12e-04	1.00e+00	6.01e-24
 1.23918e+22	1.33e-04	1.00e+00	1.31e-23
 1.34769e+22	1.50e-04	1.00e+00	2.25e-23
 1.41248e+22	1.58e-04	1.00e+00	2.83e-23
 1.45612e+22	1.69e-04	1.00e+00	3.86e-23
 1.50243e+22	1.79e-04	1.00e+00	5.06e-23
 1.55223e+22	1.93e-04	1.00e+00	7.16e-23
 1.60274e+22	2.05e-04	1.00e+00	9.54e-23
 1.64736e+22	2.18e-04	1.00e+00	1.26e-22
 1.69854e+22	2.35e-04	1.00e+00	1.82e-22
 1.75039e+22	2.50e-04	1.00e+00	2.42e-22
 1.80312e+22	2.71e-04	1.00e+00	3.54e-22
 1.85655e+22	2.88e-04	1.00e+00	4.78e-22
 1.90309e+22	3.07e-04	1.00e+00	6.42e-22
 1.94755e+22	3.24e-04	1.00e+00	8.44e-22
 1.98979e+22	3.43e-04	1.00e+00	1.11e-21
 2.03737e+22	3.67e-04	1.00e+00	1.56e-21
 2.08490e+22	3.88e-04	1.00e+00	2.07e-21
 2.13235e+22	4.16e-04	1.00e+00	2.95e-21
 2.18067e+22	4.41e-04	1.00e+00	3.98e-21
 2.23013e+22	4.74e-04	1.00e+00	5.83e-21
 2.28008e+22	5.02e-04	9.99e-01	8.04e-21
 2.33068e+22	5.42e-04	9.99e-01	1.22e-20
 2.38119e+22	5.73e-04	9.99e-01	1.68e-20
 2.42171e+22	6.02e-04	9.99e-01	2.24e-20
 2.46449e+22	6.40e-04	9.99e-01	3.18e-20
 2.50791e+22	6.73e-04	9.99e-01	4.34e-20
 2.54607e+22	7.06e-04	9.99e-01	5.79e-20
 2.58962e+22	7.50e-04	9.99e-01	8.53e-20
 2.63376e+22	7.90e-04	9.99e-01	1.20e-19
 2.67250e+22	8.30e-04	9.99e-01	1.63e-19
 2.71665e+22	8.82e-04	9.99e-01	2.45e-19
 2.76153e+22	9.29e-04	9.99e-01	3.42e-19
 2.80117e+22	9.76e-04	9.99e-01	4.80e-19
 2.84650e+22	1.04e-03	9.99e-01	7.65e-19
 2.89250e+22	1.10e-03	9.99e-01	1.12e-18
 2.93321e+22	1.15e-03	9.99e-01	1.70e-18
 2.97996e+22	1.23e-03	9.99e-01	3.13e-18
 3.02746e+22	1.30e-03	9.99e-01	5.28e-18
 3.07591e+22	1.38e-03	9.99e-01	1.03e-17
 3.12545e+22	1.46e-03	9.99e-01	2.57e-17
 3.16891e+22	1.54e-03	9.98e-01	5.40e-17
 3.21790e+22	1.65e-03	9.98e-01	2.34e-16
 3.25410e+22	1.68e-03	9.98e-01	2.81e-16
 3.27367e+22	1.73e-03	9.98e-01	3.37e-16
 3.29911e+22	1.79e-03	9.98e-01	4.19e-16
 3.33219e+22	1.87e-03	9.98e-01	5.46e-16
 3.37518e+22	1.99e-03	9.98e-01	8.18e-16
 3.42264e+22	2.09e-03	9.98e-01	1.06e-15
 3.46362e+22	2.19e-03	9.98e-01	1.38e-15
 3.49835e+22	2.28e-03	9.98e-01	1.71e-15
 3.53723e+22	2.40e-03	9.98e-01	2.16e-15
 3.57763e+22	2.51e-03	9.97e-01	2.66e-15
 3.61410e+22	2.62e-03	9.97e-01	3.22e-15
 3.65560e+22	2.77e-03	9.97e-01	4.06e-15
 3.69755e+22	2.89e-03	9.97e-01	4.86e-15
 3.74007e+22	3.05e-03	9.97e-01	6.06e-15
 3.78348e+22	3.20e-03	9.97e-01	7.34e-15
 3.82198e+22	3.35e-03	9.97e-01	8.80e-15
 3.86597e+22	3.54e-03	9.96e-01	1.10e-14
 3.91129e+22	3.71e-03	9.96e-01	1.33e-14
 3.95832e+22	3.95e-03	9.96e-01	1.69e-14
 4.00563e+22	4.15e-03	9.96e-01	2.04e-14
 4.05329e+22	4.40e-03	9.96e-01	2.56e-14
 4.10264e+22	4.64e-03	9.95e-01	3.13e-14
 4.15419e+22	4.95e-03	9.95e-01	4.02e-14
 4.20600e+22	5.22e-03	9.95e-01	4.92e-14
 4.25814e+22	5.58e-03	9.94e-01	6.34e-14
 4.31079e+22	5.87e-03	9.94e-01	7.73e-14
 4.36411e+22	6.27e-03	9.94e-01	1.00e-13
 4.41870e+22	6.62e-03	9.93e-01	1.25e-13
 4.47493e+22	7.11e-03	9.93e-01	1.64e-13
 4.53200e+22	7.51e-03	9.92e-01	2.04e-13
 4.59019e+22	8.09e-03	9.92e-01	2.72e-13
 4.64916e+22	8.55e-03	9.91e-01	3.40e-13
 4.70917e+22	9.23e-03	9.91e-01	4.58e-13
 4.77076e+22	9.80e-03	9.90e-01	5.82e-13
 4.83443e+22	1.07e-02	9.89e-01	8.04e-13
 4.89951e+22	1.13e-02	9.89e-01	1.03e-12
 4.96644e+22	1.24e-02	9.88e-01	1.46e-12
 5.03512e+22	1.33e-02	9.87e-01	1.90e-12
 5.10607e+22	1.47e-02	9.85e-01	2.77e-12
 5.17935e+22	1.60e-02	9.84e-01	3.77e-12
 5.25565e+22	1.80e-02	9.82e-01	5.73e-12
 5.32216e+22	1.91e-02	9.81e-01	7.21e-12
 5.37593e+22	2.09e-02	9.79e-01	9.81e-12
 5.43264e+22	2.27e-02	9.77e-01	1.31e-11
 5.49317e+22	2.54e-02	9.75e-01	1.89e-11
 5.55525e+22	2.82e-02	9.72e-01	2.66e-11
 5.61082e+22	3.15e-02	9.69e-01	3.75e-11
 5.67452e+22	3.66e-02	9.63e-01	5.95e-11
 5.73404e+22	4.17e-02	9.58e-01	8.60e-11
 5.77874e+22	4.71e-02	9.53e-01	1.21e-10
 5.82746e+22	5.52e-02	9.45e-01	1.86e-10
 5.87934e+22	6.57e-02	9.34e-01	2.91e-10
 5.92419e+22	7.80e-02	9.22e-01	4.45e-10
 5.96326e+22	9.25e-02	9.08e-01	6.68e-10
 5.99923e+22	1.10e-01	8.90e-01	1.00e-09
 6.03262e+22	1.32e-01	8.68e-01	1.50e-09
 6.06303e+22	1.57e-01	8.43e-01	2.21e-09
 6.09055e+22	1.86e-01	8.14e-01	3.20e-09
 6.11554e+22	2.19e-01	7.81e-01	4.51e-09
 6.13825e+22	2.55e-01	7.45e-01	6.23e-09
 6.15281e+22	2.79e-01	7.21e-01	7.44e-09
 6.15871e+22	2.90e-01	7.10e-01	8.06e-09
 6.16359e+22	3.00e-01	7.00e-01	8.64e-09
 6.16976e+22	3.12e-01	6.88e-01	9.40e-09
 6.17722e+22	3.29e-01	6.71e-01	1.05e-08
 6.18481e+22	3.45e-01	6.55e-01	1.15e-08
 6.19205e+22	3.61e-01	6.39e-01	1.27e-08
 6.19931e+22	3.78e-01	6.22e-01	1.40e-08
 6.20665e+22	3.96e-01	6.04e-01	1.53e-08
 6.21424e+22	4.14e-01	5.86e-01	1.68e-08
 6.22217e+22	4.34e-01	5.66e-01	1.85e-08
 6.23036e+22	4.54e-01	5.46e-01	2.03e-08
 6.23882e+22	4.76e-01	5.24e-01	2.23e-08
 6.24753e+22	4.98e-01	5.02e-01	2.43e-08
 6.25639e+22	5.20e-01	4.80e-01	2.65e-08
 6.26516e+22	5.42e-01	4.58e-01	2.86e-08
 6.27208e+22	5.58e-01	4.42e-01	3.02e-08
 6.27673e+22	5.69e-01	4.31e-01	3.14e-08
 6.28115e+22	5.79e-01	4.21e-01	3.25e-08
 6.28637e+22	5.91e-01	4.09e-01	3.38e-08
 6.29222e+22	6.04e-01	3.96e-01	3.53e-08
 6.29805e+22	6.17e-01	3.83e-01	3.67e-08
 6.30360e+22	6.28e-01	3.72e-01	3.79e-08
 6.30920e+22	6.40e-01	3.60e-01	3.94e-08
 6.31497e+22	6.51e-01	3.49e-01	4.06e-08
 6.32093e+22	6.63e-01	3.37e-01	4.20e-08
 6.32708e+22	6.74e-01	3.26e-01	4.35e-08
 6.33317e+22	6.85e-01	3.15e-01	4.48e-08
 6.33934e+22	6.95e-01	3.05e-01	4.61e-08
 6.34577e+22	7.06e-01	2.94e-01	4.75e-08
 6.35243e+22	7.16e-01	2.84e-01	4.89e-08
 6.35918e+22	7.26e-01	2.74e-01	5.02e-08
 6.36603e+22	7.36e-01	2.64e-01	5.15e-08
 6.37313e+22	7.46e-01	2.54e-01	5.29e-08
 6.38047e+22	7.55e-01	2.45e-01	5.43e-08
 6.38797e+22	7.64e-01	2.36e-01	5.56e-08
 6.39562e+22	7.73e-01	2.27e-01	5.70e-08
 6.40352e+22	7.82e-01	2.18e-01	5.83e-08
 6.41172e+22	7.90e-01	2.10e-01	5.97e-08
 6.42015e+22	7.98e-01	2.02e-01	6.11e-08
 6.42878e+22	8.06e-01	1.94e-01	6.25e-08
 6.43763e+22	8.14e-01	1.86e-01	6.39e-08
 6.44677e+22	8.21e-01	1.79e-01	6.54e-08
 6.45624e+22	8.28e-01	1.72e-01	6.69e-08
 6.46597e+22	8.35e-01	1.65e-01	6.83e-08
 6.47577e+22	8.42e-01	1.58e-01	6.97e-08
 6.48567e+22	8.48e-01	1.52e-01	7.14e-08
 6.49595e+22	8.54e-01	1.46e-01	7.30e-08
 6.50658e+22	8.60e-01	1.40e-01	7.46e-08
 6.51710e+22	8.65e-01	1.35e-01	7.63e-08
 6.52757e+22	8.70e-01	1.30e-01	7.82e-08
 6.53860e+22	8.75e-01	1.25e-01	8.01e-08
 6.54999e+22	8.80e-01	1.20e-01	8.19e-08
 6.56138e+22	8.84e-01	1.16e-01	8.41e-08
 6.57301e+22	8.88e-01	1.12e-01	8.64e-08
 6.58504e+22	8.92e-01	1.08e-01	8.88e-08
 6.59736e+22	8.96e-01	1.04e-01	9.15e-08
 6.60990e+22	9.00e-01	9.98e-02	9.46e-08
 6.62285e+22	9.04e-01	9.61e-02	9.79e-08
 6.63602e+22	9.07e-01	9.27e-02	1.02e-07
 6.64880e+22	9.10e-01	8.95e-02	1.05e-07
 6.66086e+22	9.13e-01	8.68e-02	1.09e-07
 6.67206e+22	9.16e-01	8.44e-02	1.12e-07
 6.68255e+22	9.18e-01	8.22e-02	1.15e-07
 6.69230e+22	9.20e-01	8.02e-02	1.18e-07
 6.70173e+22	9.22e-01	7.84e-02	1.22e-07
 6.71118e+22	9.24e-01	7.65e-02	1.25e-07
 6.72020e+22	9.25e-01	7.48e-02	1.29e-07
 6.72896e+22	9.27e-01	7.31e-02	1.33e-07
 6.73757e+22	9.28e-01	7.15e-02	1.37e-07
 6.74568e+22	9.30e-01	7.01e-02	1.41e-07
 6.75355e+22	9.31e-01	6.87e-02	1.46e-07
 6.76129e+22	9.33e-01	6.73e-02	1.50e-07
 6.76855e+22	9.34e-01	6.60e-02	1.55e-07
 6.77563e+22	9.35e-01	6.48e-02	1.60e-07
 6.78250e+22	9.36e-01	6.36e-02	1.65e-07
 6.78902e+22	9.38e-01	6.25e-02	1.70e-07
 6.79539e+22	9.39e-01	6.14e-02	1.76e-07
 6.80142e+22	9.40e-01	6.04e-02	1.81e-07
 6.80690e+22	9.41e-01	5.95e-02	1.86e-07
 6.81189e+22	9.41e-01	5.87e-02	1.91e-07
 6.81644e+22	9.42e-01	5.79e-02	1.95e-07
 6.82057e+22	9.43e-01	5.72e-02	2.00e-07
 6.82433e+22	9.43e-01	5.67e-02	2.03e-07
 6.82775e+22	9.44e-01	5.61e-02	2.07e-07
 6.83086e+22	9.44e-01	5.56e-02	2.11e-07
 6.83370e+22	9.45e-01	5.53e-02	2.13e-07
 6.83680e+22	9.45e-01	5.46e-02	2.16e-07
 6.84016e+22	9.46e-01	5.41e-02	2.20e-07
 6.84383e+22	9.47e-01	5.34e-02	2.24e-07
 6.84780e+22	9.47e-01	5.26e-02	2.27e-07
 6.85141e+22	9.48e-01	5.21e-02	2.31e-07
 6.85536e+22	9.49e-01	5.14e-02	2.34e-07
 6.85963e+22	9.49e-01	5.06e-02	2.38e-07
 6.86351e+22	9.50e-01	5.00e-02	2.41e-07
 6.86705e+22	9.50e-01	4.96e-02	2.43e-07
 6.87092e+22	9.51e-01	4.90e-02	2.45e-07
 6.87511e+22	9.52e-01	4.84e-02	2.47e-07
 6.87891e+22	9.52e-01	4.78e-02	2.49e-07
 6.88238e+22	9.52e-01	4.75e-02	2.51e-07
 6.88617e+22	9.53e-01	4.70e-02	2.52e-07
 6.89027e+22	9.54e-01	4.64e-02	2.53e-07
 6.89400e+22	9.54e-01	4.58e-02	2.54e-07
 6.89739e+22	9.54e-01	4.55e-02	2.55e-07
 6.90111e+22	9.55e-01	4.50e-02	2.56e-07
 6.90512e+22	9.56e-01	4.45e-02	2.56e-07
 6.90952e+22	9.56e-01	4.39e-02	2.57e-07
 6.91427e+22	9.57e-01	4.32e-02	2.57e-07
 6.91859e+22	9.57e-01	4.27e-02	2.57e-07
 6.92252e+22	9.58e-01	4.22e-02	2.57e-07
 6.92610e+22	9.58e-01	4.18e-02	2.56e-07
 6.93002e+22	9.59e-01	4.13e-02	2.56e-07
 6.93426e+22	9.59e-01	4.07e-02	2.55e-07
 6.93811e+22	9.60e-01	4.03e-02	2.54e-07
 6.94162e+22	9.60e-01	3.99e-02	2.54e-07
 6.94481e+22	9.60e-01	3.96e-02	2.53e-07
 6.94830e+22	9.61e-01	3.92e-02	2.51e-07
 6.95285e+22	9.61e-01	3.86e-02	2.51e-07
 6.95775e+22	9.62e-01	3.79e-02	2.49e-07
 6.96222e+22	9.63e-01	3.74e-02	2.49e-07
 6.96628e+22	9.63e-01	3.71e-02	2.48e-07
 6.96998e+22	9.63e-01	3.67e-02	2.46e-07
 6.97334e+22	9.64e-01	3.64e-02	2.45e-07
 6.97703e+22	9.64e-01	3.60e-02	2.43e-07
 6.98101e+22	9.64e-01	3.55e-02	2.42e-07
 6.98463e+22	9.65e-01	3.51e-02	2.41e-07
 6.98792e+22	9.65e-01	3.49e-02	2.40e-07
 6.99154e+22	9.65e-01	3.45e-02	2.39e-07
 6.99543e+22	9.66e-01	3.42e-02	2.38e-07
 6.99971e+22	9.66e-01	3.37e-02	2.37e-07
 7.00432e+22	9.67e-01	3.33e-02	2.36e-07
 7.00852e+22	9.67e-01	3.29e-02	2.35e-07
 7.01234e+22	9.67e-01	3.27e-02	2.35e-07
 7.01652e+22	9.68e-01	3.23e-02	2.33e-07
 7.02104e+22	9.68e-01	3.19e-02	2.33e-07
 7.02515e+22	9.68e-01	3.15e-02	2.31e-07
 7.02889e+22	9.69e-01	3.13e-02	2.31e-07
 7.03299e+22	9.69e-01	3.09e-02	2.29e-07
 7.03742e+22	9.69e-01	3.07e-02	2.29e-07
 7.04227e+22	9.70e-01	3.02e-02	2.28e-07
 7.04751e+22	9.70e-01	2.98e-02	2.28e-07
 7.05227e+22	9.71e-01	2.94e-02	2.26e-07
 7.05661e+22	9.71e-01	2.92e-02	2.26e-07
 7.06136e+22	9.71e-01	2.88e-02	2.25e-07
 7.06649e+22	9.72e-01	2.84e-02	2.24e-07
 7.07116e+22	9.72e-01	2.81e-02	2.23e-07
 7.07541e+22	9.72e-01	2.79e-02	2.23e-07
 7.08006e+22	9.72e-01	2.76e-02	2.22e-07
 7.08509e+22	9.73e-01	2.72e-02	2.21e-07
 7.08966e+22	9.73e-01	2.70e-02	2.21e-07
 7.09467e+22	9.73e-01	2.66e-02	2.19e-07
 7.10008e+22	9.74e-01	2.62e-02	2.19e-07
 7.10501e+22	9.74e-01	2.59e-02	2.18e-07
 7.10949e+22	9.74e-01	2.57e-02	2.18e-07
 7.11440e+22	9.75e-01	2.54e-02	2.17e-07
 7.11970e+22	9.75e-01	2.51e-02	2.17e-07
 7.12452e+22	9.75e-01	2.49e-02	2.16e-07
 7.12980e+22	9.75e-01	2.45e-02	2.16e-07
 7.13551e+22	9.76e-01	2.42e-02	2.16e-07
 7.14070e+22	9.76e-01	2.40e-02	2.16e-07
 7.14639e+22	9.76e-01	2.36e-02	2.15e-07
 7.15253e+22	9.77e-01	2.33e-02	2.15e-07
 7.15812e+22	9.77e-01	2.30e-02	2.15e-07
 7.16425e+22	9.77e-01	2.27e-02	2.14e-07
 7.17086e+22	9.78e-01	2.23e-02	2.14e-07
 7.17688e+22	9.78e-01	2.21e-02	2.14e-07
 7.18347e+22	9.78e-01	2.17e-02	2.13e-07
 7.19059e+22	9.79e-01	2.14e-02	2.14e-07
 7.19707e+22	9.79e-01	2.11e-02	2.13e-07
 7.20296e+22	9.79e-01	2.09e-02	2.13e-07
 7.20942e+22	9.79e-01	2.06e-02	2.12e-07
 7.21640e+22	9.80e-01	2.03e-02	2.12e-07
 7.22274e+22	9.80e-01	2.01e-02	2.12e-07
 7.22969e+22	9.80e-01	1.98e-02	2.11e-07
 7.23720e+22	9.81e-01	1.94e-02	2.11e-07
 7.24403e+22	9.81e-01	1.92e-02	2.11e-07
 7.25152e+22	9.81e-01	1.89e-02	2.11e-07
 7.25960e+22	9.81e-01	1.85e-02	2.11e-07
 7.26696e+22	9.82e-01	1.83e-02	2.11e-07
 7.27501e+22	9.82e-01	1.80e-02	2.10e-07
 7.28371e+22	9.82e-01	1.77e-02	2.11e-07
 7.29163e+22	9.83e-01	1.75e-02	2.10e-07
 7.29884e+22	9.83e-01	1.73e-02	2.10e-07
 7.30673e+22	9.83e-01	1.70e-02	2.09e-07
 7.31525e+22	9.83e-01	1.67e-02	2.09e-07
 7.32301e+22	9.84e-01	1.65e-02	2.09e-07
 7.33151e+22	9.84e-01	1.62e-02	2.09e-07
 7.34068e+22	9.84e-01	1.59e-02	2.09e-07
 7.34903e+22	9.84e-01	1.57e-02	2.09e-07
 7.35818e+22	9.85e-01	1.54e-02	2.08e-07
 7.36806e+22	9.85e-01	1.51e-02	2.09e-07
 7.37705e+22	9.85e-01	1.49e-02	2.09e-07
 7.38523e+22	9.85e-01	1.47e-02	2.08e-07
 7.39419e+22	9.86e-01	1.45e-02	2.08e-07
 7.40387e+22	9.86e-01	1.42e-02	2.08e-07
 7.41267e+22	9.86e-01	1.40e-02	2.08e-07
 7.42232e+22	9.86e-01	1.38e-02	2.08e-07
 7.43274e+22	9.87e-01	1.35e-02	2.08e-07
 7.44222e+22	9.87e-01	1.33e-02	2.08e-07
 7.45261e+22	9.87e-01	1.31e-02	2.08e-07
 7.46382e+22	9.87e-01	1.28e-02	2.09e-07
 7.47403e+22	9.87e-01	1.26e-02	2.08e-07
 7.48331e+22	9.88e-01	1.24e-02	2.08e-07
 7.49349e+22	9.88e-01	1.22e-02	2.08e-07
 7.50448e+22	9.88e-01	1.19e-02	2.08e-07
 7.51447e+22	9.88e-01	1.18e-02	2.08e-07
 7.52543e+22	9.88e-01	1.16e-02	2.08e-07
 7.53967e+22	9.89e-01	1.13e-02	2.09e-07
 7.55568e+22	9.89e-01	1.09e-02	2.09e-07
 7.57167e+22	9.89e-01	1.07e-02	2.09e-07
 7.58796e+22	9.90e-01	1.04e-02	2.09e-07
 7.60456e+22	9.90e-01	1.01e-02	2.09e-07
 7.62140e+22	9.90e-01	9.84e-03	2.09e-07
 7.63847e+22	9.90e-01	9.58e-03	2.09e-07
 7.65575e+22	9.91e-01	9.32e-03	2.10e-07
 7.67323e+22	9.91e-01	9.06e-03	2.10e-07
 7.69093e+22	9.91e-01	8.81e-03	2.10e-07
 7.70882e+22	9.91e-01	8.57e-03	2.10e-07
 7.72691e+22	9.92e-01	8.33e-03	2.10e-07
 7.74518e+22	9.92e-01	8.09e-03	2.10e-07
 7.76364e+22	9.92e-01	7.86e-03	2.10e-07
 7.78229e+22	9.92e-01	7.64e-03	2.11e-07
 7.80108e+22	9.93e-01	7.42e-03	2.11e-07
 7.82003e+22	9.93e-01	7.20e-03	2.11e-07
 7.83912e+22	9.93e-01	7.00e-03	2.11e-07
 7.85839e+22	9.93e-01	6.79e-03	2.11e-07
 7.87785e+22	9.93e-01	6.59e-03	2.12e-07
 7.89746e+22	9.94e-01	6.40e-03	2.12e-07
 7.91723e+22	9.94e-01	6.21e-03	2.12e-07
 7.93715e+22	9.94e-01	6.02e-03	2.13e-07
 7.95723e+22	9.94e-01	5.84e-03	2.13e-07
 7.97766e+22	9.94e-01	5.66e-03	2.13e-07
 7.99857e+22	9.95e-01	5.49e-03	2.14e-07
 8.01979e+22	9.95e-01	5.32e-03	2.14e-07
 8.04123e+22	9.95e-01	5.15e-03	2.15e-07
 8.06290e+22	9.95e-01	4.99e-03	2.16e-07
 8.08480e+22	9.95e-01	4.83e-03	2.16e-07
 8.10694e+22	9.95e-01	4.67e-03	2.17e-07
 8.12933e+22	9.95e-01	4.52e-03	2.18e-07
 8.15208e+22	9.96e-01	4.37e-03	2.19e-07
 8.17521e+22	9.96e-01	4.23e-03	2.20e-07
 8.19887e+22	9.96e-01	4.08e-03	2.21e-07
 8.22314e+22	9.96e-01	3.94e-03	2.22e-07
 8.24785e+22	9.96e-01	3.81e-03	2.23e-07
 8.27299e+22	9.96e-01	3.67e-03	2.25e-07
 8.29855e+22	9.96e-01	3.54e-03	2.26e-07
 8.32456e+22	9.97e-01	3.41e-03	2.28e-07
 8.35106e+22	9.97e-01	3.29e-03	2.30e-07
 8.37808e+22	9.97e-01	3.16e-03	2.32e-07
 8.40576e+22	9.97e-01	3.04e-03	2.34e-07
 8.43414e+22	9.97e-01	2.93e-03	2.37e-07
 8.46313e+22	9.97e-01	2.81e-03	2.39e-07
 8.49278e+22	9.97e-01	2.70e-03	2.42e-07
 8.52308e+22	9.97e-01	2.59e-03	2.46e-07
 8.55410e+22	9.98e-01	2.48e-03	2.49e-07
 8.58578e+22	9.98e-01	2.38e-03	2.53e-07
 8.61787e+22	9.98e-01	2.28e-03	2.58e-07
 8.65026e+22	9.98e-01	2.18e-03	2.62e-07
 8.68288e+22	9.98e-01	2.09e-03	2.68e-07
 8.71581e+22	9.98e-01	2.00e-03	2.74e-07
 8.74916e+22	9.98e-01	1.91e-03	2.80e-07
 8.78286e+22	9.98e-01	1.83e-03	2.87e-07
 8.81688e+22	9.98e-01	1.75e-03	2.95e-07
 8.85127e+22	9.98e-01	1.67e-03	3.04e-07
 8.88606e+22	9.98e-01	1.60e-03	3.13e-07
 8.92123e+22	9.98e-01	1.53e-03	3.24e-07
 8.95665e+22	9.99e-01	1.46e-03	3.36e-07
 8.99243e+22	9.99e-01	1.39e-03	3.50e-07
 9.02860e+22	9.99e-01	1.33e-03	3.65e-07
 9.06517e+22	9.99e-01	1.27e-03	3.83e-07
 9.10226e+22	9.99e-01	1.21e-03	4.03e-07
 9.13977e+22	9.99e-01	1.15e-03	4.25e-07
 9.17771e+22	9.99e-01	1.10e-03	4.52e-07
 9.21608e+22	9.99e-01	1.04e-03	4.83e-07
 9.24621e+22	9.99e-01	1.01e-03	5.16e-07
