#depth	Si	Si+	Si+2	Si+3	Si+4	Si+5	Si+6	Si+7	Si+8	Si+9	Si+10	Si+11	Si+12	Si+13	Si+14
 4.62852e+21	0.00e+00	1.01e-25	1.71e-21	4.89e-18	5.19e-14	5.26e-11	1.56e-08	1.44e-06	5.53e-05	8.10e-04	5.28e-03	2.91e-02	3.63e-01	4.40e-01	1.61e-01
 1.03360e+22	0.00e+00	2.76e-23	2.12e-19	3.18e-16	3.36e-12	2.69e-09	5.76e-07	3.45e-05	8.59e-04	7.40e-03	2.56e-02	7.25e-02	4.97e-01	3.30e-01	6.67e-02
 1.18299e+22	0.00e+00	2.19e-22	1.20e-18	1.27e-15	1.51e-11	1.16e-08	2.26e-06	1.14e-04	2.37e-03	1.65e-02	4.47e-02	9.73e-02	5.25e-01	2.71e-01	4.30e-02
 1.24522e+22	0.00e+00	5.55e-22	2.61e-18	2.34e-15	2.96e-11	2.25e-08	4.18e-06	1.96e-04	3.71e-03	2.34e-02	5.68e-02	1.10e-01	5.29e-01	2.43e-01	3.43e-02
 1.27116e+22	0.00e+00	6.94e-22	3.15e-18	2.71e-15	3.49e-11	2.64e-08	4.85e-06	2.24e-04	4.13e-03	2.55e-02	6.02e-02	1.13e-01	5.29e-01	2.36e-01	3.24e-02
 1.28308e+22	2.43e-35	9.19e-22	3.98e-18	3.26e-15	4.27e-11	3.21e-08	5.83e-06	2.63e-04	4.72e-03	2.82e-02	6.45e-02	1.17e-01	5.28e-01	2.27e-01	3.01e-02
 1.29572e+22	3.27e-35	1.17e-21	4.86e-18	3.82e-15	5.08e-11	3.81e-08	6.83e-06	3.02e-04	5.29e-03	3.08e-02	6.85e-02	1.20e-01	5.27e-01	2.20e-01	2.82e-02
 1.30927e+22	4.77e-35	1.59e-21	6.28e-18	4.67e-15	6.34e-11	4.74e-08	8.37e-06	3.61e-04	6.12e-03	3.45e-02	7.38e-02	1.24e-01	5.25e-01	2.10e-01	2.59e-02
 1.32264e+22	6.26e-35	1.99e-21	7.56e-18	5.41e-15	7.43e-11	5.53e-08	9.67e-06	4.09e-04	6.78e-03	3.73e-02	7.77e-02	1.27e-01	5.23e-01	2.03e-01	2.43e-02
 1.33579e+22	8.91e-35	2.65e-21	9.61e-18	6.52e-15	9.13e-11	6.77e-08	1.17e-05	4.83e-04	7.76e-03	4.13e-02	8.32e-02	1.31e-01	5.20e-01	1.94e-01	2.23e-02
 1.34918e+22	1.17e-34	3.31e-21	1.16e-17	7.56e-15	1.07e-10	7.90e-08	1.35e-05	5.47e-04	8.58e-03	4.46e-02	8.74e-02	1.34e-01	5.17e-01	1.87e-01	2.09e-02
 1.36291e+22	1.66e-34	4.43e-21	1.47e-17	9.14e-15	1.31e-10	9.65e-08	1.62e-05	6.44e-04	9.79e-03	4.93e-02	9.33e-02	1.38e-01	5.12e-01	1.78e-01	1.92e-02
 1.37693e+22	2.19e-34	5.56e-21	1.79e-17	1.06e-14	1.54e-10	1.13e-07	1.88e-05	7.30e-04	1.08e-02	5.33e-02	9.80e-02	1.40e-01	5.08e-01	1.71e-01	1.79e-02
 1.38906e+22	2.83e-34	6.87e-21	2.13e-17	1.22e-14	1.79e-10	1.30e-07	2.14e-05	8.20e-04	1.19e-02	5.71e-02	1.02e-01	1.43e-01	5.03e-01	1.65e-01	1.67e-02
 1.40256e+22	3.93e-34	9.02e-21	2.67e-17	1.46e-14	2.16e-10	1.57e-07	2.54e-05	9.53e-04	1.34e-02	6.25e-02	1.08e-01	1.46e-01	4.96e-01	1.57e-01	1.53e-02
 1.41607e+22	5.04e-34	1.11e-20	3.17e-17	1.67e-14	2.48e-10	1.80e-07	2.89e-05	1.06e-03	1.47e-02	6.68e-02	1.13e-01	1.48e-01	4.91e-01	1.51e-01	1.43e-02
 1.42960e+22	6.96e-34	1.45e-20	3.96e-17	1.99e-14	2.98e-10	2.15e-07	3.41e-05	1.23e-03	1.65e-02	7.27e-02	1.19e-01	1.51e-01	4.83e-01	1.43e-01	1.31e-02
 1.44327e+22	8.88e-34	1.77e-20	4.70e-17	2.28e-14	3.42e-10	2.45e-07	3.86e-05	1.37e-03	1.79e-02	7.74e-02	1.24e-01	1.53e-01	4.77e-01	1.37e-01	1.22e-02
 1.45711e+22	1.22e-33	2.31e-20	5.87e-17	2.72e-14	4.09e-10	2.92e-07	4.54e-05	1.58e-03	2.00e-02	8.40e-02	1.30e-01	1.55e-01	4.68e-01	1.30e-01	1.11e-02
 1.47120e+22	1.56e-33	2.84e-20	6.99e-17	3.12e-14	4.70e-10	3.34e-07	5.14e-05	1.76e-03	2.18e-02	8.93e-02	1.35e-01	1.57e-01	4.61e-01	1.24e-01	1.04e-02
 1.48561e+22	2.16e-33	3.73e-20	8.76e-17	3.73e-14	5.62e-10	3.97e-07	6.04e-05	2.02e-03	2.43e-02	9.67e-02	1.41e-01	1.59e-01	4.51e-01	1.17e-01	9.37e-03
 1.49967e+22	2.71e-33	4.51e-20	1.03e-16	4.25e-14	6.38e-10	4.48e-07	6.75e-05	2.23e-03	2.62e-02	1.02e-01	1.45e-01	1.60e-01	4.44e-01	1.12e-01	8.75e-03
 1.51330e+22	3.66e-33	5.79e-20	1.27e-16	5.01e-14	7.50e-10	5.25e-07	7.82e-05	2.53e-03	2.89e-02	1.09e-01	1.51e-01	1.61e-01	4.33e-01	1.05e-01	7.95e-03
 1.52718e+22	4.62e-33	7.05e-20	1.50e-16	5.73e-14	8.53e-10	5.93e-07	8.75e-05	2.79e-03	3.11e-02	1.15e-01	1.56e-01	1.62e-01	4.25e-01	1.01e-01	7.39e-03
 1.54141e+22	6.22e-33	9.06e-20	1.85e-16	6.79e-14	1.00e-09	6.93e-07	1.01e-04	3.15e-03	3.42e-02	1.23e-01	1.61e-01	1.63e-01	4.14e-01	9.46e-02	6.71e-03
 1.55605e+22	7.94e-33	1.12e-19	2.21e-16	7.82e-14	1.15e-09	7.88e-07	1.13e-04	3.49e-03	3.69e-02	1.30e-01	1.66e-01	1.64e-01	4.04e-01	8.97e-02	6.19e-03
 1.57125e+22	1.09e-32	1.46e-19	2.77e-16	9.36e-14	1.36e-09	9.26e-07	1.32e-04	3.97e-03	4.07e-02	1.39e-01	1.72e-01	1.64e-01	3.92e-01	8.36e-02	5.55e-03
 1.58656e+22	1.38e-32	1.79e-19	3.30e-16	1.08e-13	1.54e-09	1.05e-06	1.47e-04	4.37e-03	4.38e-02	1.46e-01	1.76e-01	1.64e-01	3.82e-01	7.93e-02	5.12e-03
 1.60200e+22	1.89e-32	2.33e-19	4.13e-16	1.29e-13	1.82e-09	1.23e-06	1.70e-04	4.95e-03	4.80e-02	1.55e-01	1.81e-01	1.63e-01	3.69e-01	7.37e-02	4.58e-03
 1.61777e+22	2.41e-32	2.88e-19	4.94e-16	1.49e-13	2.08e-09	1.39e-06	1.91e-04	5.44e-03	5.16e-02	1.63e-01	1.85e-01	1.63e-01	3.58e-01	6.95e-02	4.20e-03
 1.63399e+22	3.31e-32	3.78e-19	6.23e-16	1.80e-13	2.46e-09	1.63e-06	2.20e-04	6.15e-03	5.65e-02	1.73e-01	1.90e-01	1.62e-01	3.44e-01	6.43e-02	3.74e-03
 1.65070e+22	4.30e-32	4.72e-19	7.54e-16	2.10e-13	2.82e-09	1.85e-06	2.48e-04	6.79e-03	6.07e-02	1.81e-01	1.94e-01	1.61e-01	3.33e-01	6.02e-02	3.40e-03
 1.66806e+22	5.99e-32	6.27e-19	9.61e-16	2.56e-13	3.36e-09	2.18e-06	2.87e-04	7.69e-03	6.64e-02	1.92e-01	1.98e-01	1.59e-01	3.18e-01	5.53e-02	3.00e-03
 1.68490e+22	7.58e-32	7.68e-19	1.14e-15	2.96e-13	3.81e-09	2.45e-06	3.18e-04	8.38e-03	7.07e-02	2.00e-01	2.01e-01	1.58e-01	3.08e-01	5.20e-02	2.74e-03
 1.70107e+22	1.03e-31	1.00e-18	1.43e-15	3.54e-13	4.46e-09	2.84e-06	3.64e-04	9.39e-03	7.67e-02	2.10e-01	2.04e-01	1.56e-01	2.94e-01	4.78e-02	2.43e-03
 1.71757e+22	1.32e-31	1.23e-18	1.72e-15	4.11e-13	5.06e-09	3.19e-06	4.03e-04	1.02e-02	8.15e-02	2.18e-01	2.06e-01	1.54e-01	2.83e-01	4.48e-02	2.21e-03
 1.73450e+22	1.78e-31	1.60e-18	2.14e-15	4.94e-13	5.93e-09	3.69e-06	4.58e-04	1.14e-02	8.78e-02	2.28e-01	2.09e-01	1.51e-01	2.70e-01	4.12e-02	1.96e-03
 1.75239e+22	2.35e-31	2.02e-18	2.63e-15	5.84e-13	6.84e-09	4.20e-06	5.15e-04	1.25e-02	9.39e-02	2.37e-01	2.11e-01	1.48e-01	2.57e-01	3.80e-02	1.75e-03
 1.76884e+22	3.05e-31	2.53e-18	3.19e-15	6.84e-13	7.82e-09	4.75e-06	5.74e-04	1.37e-02	9.99e-02	2.45e-01	2.12e-01	1.46e-01	2.46e-01	3.52e-02	1.57e-03
 1.78751e+22	4.22e-31	3.34e-18	4.07e-15	8.35e-13	9.25e-09	5.53e-06	6.56e-04	1.53e-02	1.08e-01	2.55e-01	2.14e-01	1.42e-01	2.32e-01	3.19e-02	1.37e-03
 1.80732e+22	5.72e-31	4.33e-18	5.08e-15	1.00e-12	1.08e-08	6.36e-06	7.41e-04	1.69e-02	1.15e-01	2.65e-01	2.14e-01	1.38e-01	2.20e-01	2.91e-02	1.20e-03
 1.82569e+22	7.58e-31	5.52e-18	6.27e-15	1.19e-12	1.25e-08	7.25e-06	8.30e-04	1.85e-02	1.22e-01	2.73e-01	2.15e-01	1.35e-01	2.08e-01	2.66e-02	1.06e-03
 1.84351e+22	9.95e-31	6.95e-18	7.66e-15	1.41e-12	1.43e-08	8.20e-06	9.23e-04	2.02e-02	1.30e-01	2.81e-01	2.14e-01	1.31e-01	1.97e-01	2.44e-02	9.46e-04
 1.86350e+22	1.39e-30	9.27e-18	9.84e-15	1.73e-12	1.70e-08	9.55e-06	1.05e-03	2.24e-02	1.39e-01	2.91e-01	2.14e-01	1.27e-01	1.84e-01	2.18e-02	8.12e-04
 1.88375e+22	1.85e-30	1.18e-17	1.21e-14	2.05e-12	1.95e-08	1.08e-05	1.18e-03	2.45e-02	1.47e-01	2.99e-01	2.13e-01	1.23e-01	1.73e-01	1.98e-02	7.12e-04
 1.90134e+22	2.41e-30	1.48e-17	1.47e-14	2.41e-12	2.23e-08	1.22e-05	1.30e-03	2.66e-02	1.55e-01	3.06e-01	2.11e-01	1.19e-01	1.63e-01	1.81e-02	6.30e-04
 1.92121e+22	3.34e-30	1.96e-17	1.88e-14	2.94e-12	2.63e-08	1.41e-05	1.47e-03	2.93e-02	1.64e-01	3.14e-01	2.09e-01	1.14e-01	1.51e-01	1.61e-02	5.39e-04
 1.94182e+22	4.46e-30	2.51e-17	2.33e-14	3.50e-12	3.02e-08	1.60e-05	1.64e-03	3.19e-02	1.73e-01	3.20e-01	2.07e-01	1.10e-01	1.41e-01	1.45e-02	4.68e-04
 1.96028e+22	5.82e-30	3.16e-17	2.84e-14	4.13e-12	3.46e-08	1.80e-05	1.81e-03	3.45e-02	1.82e-01	3.26e-01	2.04e-01	1.06e-01	1.32e-01	1.32e-02	4.10e-04
 1.98119e+22	8.24e-30	4.26e-17	3.68e-14	5.09e-12	4.09e-08	2.09e-05	2.06e-03	3.82e-02	1.93e-01	3.33e-01	2.00e-01	1.00e-01	1.21e-01	1.15e-02	3.43e-04
 2.00249e+22	1.09e-29	5.42e-17	4.52e-14	6.03e-12	4.68e-08	2.35e-05	2.28e-03	4.13e-02	2.02e-01	3.38e-01	1.97e-01	9.59e-02	1.13e-01	1.03e-02	2.97e-04
 2.02433e+22	1.54e-29	7.35e-17	5.88e-14	7.47e-12	5.54e-08	2.73e-05	2.59e-03	4.56e-02	2.14e-01	3.44e-01	1.92e-01	9.05e-02	1.02e-01	8.96e-03	2.46e-04
 2.04655e+22	2.06e-29	9.44e-17	7.29e-14	8.90e-12	6.37e-08	3.08e-05	2.87e-03	4.94e-02	2.24e-01	3.48e-01	1.88e-01	8.61e-02	9.44e-02	7.96e-03	2.10e-04
 2.06927e+22	2.97e-29	1.31e-16	9.60e-14	1.11e-11	7.57e-08	3.59e-05	3.27e-03	5.47e-02	2.37e-01	3.52e-01	1.81e-01	8.04e-02	8.46e-02	6.78e-03	1.70e-04
 2.09190e+22	3.90e-29	1.66e-16	1.18e-13	1.31e-11	8.64e-08	4.03e-05	3.60e-03	5.89e-02	2.46e-01	3.54e-01	1.77e-01	7.62e-02	7.78e-02	6.01e-03	1.46e-04
 2.11441e+22	5.58e-29	2.28e-16	1.55e-13	1.63e-11	1.02e-07	4.67e-05	4.08e-03	6.49e-02	2.59e-01	3.57e-01	1.70e-01	7.09e-02	6.95e-02	5.10e-03	1.18e-04
 2.13730e+22	7.37e-29	2.93e-16	1.92e-13	1.94e-11	1.17e-07	5.25e-05	4.49e-03	6.99e-02	2.69e-01	3.57e-01	1.65e-01	6.69e-02	6.35e-02	4.48e-03	9.94e-05
 2.15656e+22	9.44e-29	3.67e-16	2.32e-13	2.27e-11	1.31e-07	5.82e-05	4.90e-03	7.46e-02	2.77e-01	3.58e-01	1.59e-01	6.33e-02	5.84e-02	3.98e-03	8.51e-05
 2.17747e+22	1.30e-28	4.94e-16	2.98e-13	2.77e-11	1.53e-07	6.64e-05	5.48e-03	8.13e-02	2.89e-01	3.57e-01	1.53e-01	5.87e-02	5.21e-02	3.38e-03	6.90e-05
 2.19827e+22	1.66e-28	6.18e-16	3.60e-13	3.22e-11	1.72e-07	7.33e-05	5.95e-03	8.67e-02	2.98e-01	3.56e-01	1.47e-01	5.55e-02	4.78e-02	2.99e-03	5.89e-05
 2.21895e+22	2.28e-28	8.30e-16	4.62e-13	3.93e-11	1.99e-07	8.34e-05	6.63e-03	9.42e-02	3.09e-01	3.54e-01	1.40e-01	5.13e-02	4.24e-02	2.53e-03	4.74e-05
 2.23994e+22	2.91e-28	1.04e-15	5.61e-13	4.60e-11	2.24e-07	9.23e-05	7.21e-03	1.00e-01	3.17e-01	3.52e-01	1.35e-01	4.82e-02	3.87e-02	2.22e-03	4.02e-05
 2.26132e+22	4.03e-28	1.42e-15	7.26e-13	5.65e-11	2.61e-07	1.05e-04	8.05e-03	1.09e-01	3.28e-01	3.47e-01	1.27e-01	4.42e-02	3.40e-02	1.86e-03	3.19e-05
 2.28305e+22	5.17e-28	1.81e-15	8.91e-13	6.66e-11	2.95e-07	1.17e-04	8.77e-03	1.16e-01	3.36e-01	3.43e-01	1.21e-01	4.12e-02	3.07e-02	1.61e-03	2.66e-05
 2.30523e+22	7.14e-28	2.49e-15	1.16e-12	8.27e-11	3.47e-07	1.34e-04	9.81e-03	1.26e-01	3.47e-01	3.37e-01	1.14e-01	3.75e-02	2.68e-02	1.33e-03	2.09e-05
 2.32800e+22	9.32e-28	3.24e-15	1.45e-12	9.88e-11	3.96e-07	1.50e-04	1.07e-02	1.35e-01	3.55e-01	3.32e-01	1.07e-01	3.47e-02	2.39e-02	1.14e-03	1.71e-05
 2.35155e+22	1.31e-27	4.57e-15	1.94e-12	1.25e-10	4.70e-07	1.73e-04	1.21e-02	1.47e-01	3.65e-01	3.23e-01	9.95e-02	3.12e-02	2.05e-02	9.21e-04	1.31e-05
 2.37543e+22	1.71e-27	6.02e-15	2.44e-12	1.51e-10	5.41e-07	1.94e-04	1.32e-02	1.58e-01	3.72e-01	3.16e-01	9.33e-02	2.87e-02	1.81e-02	7.77e-04	1.05e-05
 2.39920e+22	2.35e-27	8.53e-15	3.27e-12	1.91e-10	6.45e-07	2.24e-04	1.48e-02	1.71e-01	3.81e-01	3.06e-01	8.57e-02	2.56e-02	1.54e-02	6.25e-04	7.99e-06
 2.42319e+22	3.08e-27	1.13e-14	4.16e-12	2.33e-10	7.47e-07	2.53e-04	1.63e-02	1.83e-01	3.87e-01	2.97e-01	7.98e-02	2.34e-02	1.35e-02	5.22e-04	6.37e-06
 2.44673e+22	4.17e-27	1.59e-14	5.55e-12	2.95e-10	8.91e-07	2.91e-04	1.82e-02	1.98e-01	3.93e-01	2.85e-01	7.29e-02	2.09e-02	1.15e-02	4.19e-04	4.84e-06
 2.47051e+22	5.49e-27	2.14e-14	7.12e-12	3.63e-10	1.04e-06	3.29e-04	2.00e-02	2.11e-01	3.97e-01	2.75e-01	6.73e-02	1.89e-02	9.95e-03	3.46e-04	3.81e-06
 2.49132e+22	6.94e-27	2.78e-14	8.89e-12	4.37e-10	1.19e-06	3.68e-04	2.17e-02	2.23e-01	4.00e-01	2.66e-01	6.24e-02	1.72e-02	8.75e-03	2.92e-04	3.07e-06
 2.51338e+22	9.26e-27	3.86e-14	1.18e-11	5.53e-10	1.42e-06	4.22e-04	2.41e-02	2.39e-01	4.03e-01	2.53e-01	5.67e-02	1.53e-02	7.42e-03	2.34e-04	2.34e-06
 2.53565e+22	1.19e-26	5.05e-14	1.48e-11	6.71e-10	1.65e-06	4.73e-04	2.61e-02	2.53e-01	4.05e-01	2.43e-01	5.23e-02	1.39e-02	6.48e-03	1.96e-04	1.87e-06
 2.55548e+22	1.49e-26	6.57e-14	1.86e-11	8.12e-10	1.90e-06	5.28e-04	2.84e-02	2.66e-01	4.05e-01	2.33e-01	4.81e-02	1.26e-02	5.66e-03	1.64e-04	1.50e-06
 2.57751e+22	2.00e-26	9.11e-14	2.46e-11	1.03e-09	2.28e-06	6.06e-04	3.13e-02	2.84e-01	4.05e-01	2.20e-01	4.33e-02	1.12e-02	4.77e-03	1.30e-04	1.13e-06
 2.59933e+22	2.53e-26	1.17e-13	3.06e-11	1.24e-09	2.62e-06	6.75e-04	3.38e-02	2.97e-01	4.04e-01	2.10e-01	3.98e-02	1.01e-02	4.17e-03	1.09e-04	9.09e-07
 2.62143e+22	3.40e-26	1.63e-13	4.07e-11	1.59e-09	3.16e-06	7.76e-04	3.73e-02	3.16e-01	4.01e-01	1.97e-01	3.56e-02	8.88e-03	3.48e-03	8.64e-05	6.80e-07
 2.64353e+22	4.30e-26	2.09e-13	5.05e-11	1.91e-09	3.64e-06	8.62e-04	4.02e-02	3.29e-01	3.98e-01	1.88e-01	3.26e-02	8.03e-03	3.04e-03	7.23e-05	5.46e-07
 2.66565e+22	5.79e-26	2.89e-13	6.70e-11	2.44e-09	4.38e-06	9.89e-04	4.42e-02	3.48e-01	3.93e-01	1.75e-01	2.90e-02	7.02e-03	2.53e-03	5.70e-05	4.08e-07
 2.68790e+22	7.37e-26	3.70e-13	8.32e-11	2.94e-09	5.05e-06	1.10e-03	4.74e-02	3.61e-01	3.89e-01	1.66e-01	2.64e-02	6.32e-03	2.19e-03	4.75e-05	3.26e-07
 2.71031e+22	1.00e-25	5.11e-13	1.10e-10	3.76e-09	6.08e-06	1.26e-03	5.20e-02	3.80e-01	3.82e-01	1.54e-01	2.33e-02	5.50e-03	1.82e-03	3.72e-05	2.42e-07
 2.73290e+22	1.28e-25	6.52e-13	1.37e-10	4.53e-09	7.01e-06	1.40e-03	5.57e-02	3.94e-01	3.76e-01	1.45e-01	2.12e-02	4.93e-03	1.57e-03	3.08e-05	1.92e-07
 2.75572e+22	1.76e-25	8.96e-13	1.81e-10	5.79e-09	8.45e-06	1.60e-03	6.09e-02	4.12e-01	3.68e-01	1.34e-01	1.86e-02	4.26e-03	1.29e-03	2.40e-05	1.42e-07
 2.77885e+22	2.27e-25	1.15e-12	2.25e-10	7.00e-09	9.76e-06	1.77e-03	6.52e-02	4.25e-01	3.61e-01	1.26e-01	1.68e-02	3.80e-03	1.11e-03	1.98e-05	0.00e+00
 2.80237e+22	3.16e-25	1.57e-12	2.98e-10	8.98e-09	1.18e-05	2.03e-03	7.11e-02	4.43e-01	3.50e-01	1.15e-01	1.47e-02	3.26e-03	9.06e-04	1.53e-05	0.00e+00
 2.82630e+22	4.12e-25	2.01e-12	3.71e-10	1.09e-08	1.36e-05	2.25e-03	7.59e-02	4.56e-01	3.42e-01	1.08e-01	1.32e-02	2.89e-03	7.73e-04	1.25e-05	0.00e+00
 2.85074e+22	5.81e-25	2.76e-12	4.93e-10	1.40e-08	1.65e-05	2.57e-03	8.26e-02	4.72e-01	3.30e-01	9.80e-02	1.14e-02	2.47e-03	6.27e-04	9.56e-06	0.00e+00
 2.87579e+22	7.71e-25	3.56e-12	6.18e-10	1.71e-08	1.91e-05	2.86e-03	8.82e-02	4.85e-01	3.20e-01	9.08e-02	1.02e-02	2.17e-03	5.29e-04	7.69e-06	0.00e+00
 2.90162e+22	1.11e-24	4.94e-12	8.29e-10	2.21e-08	2.33e-05	3.28e-03	9.60e-02	5.01e-01	3.07e-01	8.19e-02	8.70e-03	1.82e-03	4.22e-04	5.79e-06	0.00e+00
 2.92754e+22	1.47e-24	6.30e-12	1.03e-09	2.69e-08	2.70e-05	3.63e-03	1.02e-01	5.12e-01	2.97e-01	7.58e-02	7.74e-03	1.60e-03	3.56e-04	4.67e-06	0.00e+00
 2.94952e+22	1.92e-24	7.92e-12	1.27e-09	3.23e-08	3.09e-05	4.00e-03	1.08e-01	5.22e-01	2.88e-01	7.02e-02	6.92e-03	1.41e-03	3.03e-04	3.80e-06	0.00e+00
 2.96994e+22	2.45e-24	9.71e-12	1.52e-09	3.80e-08	3.50e-05	4.35e-03	1.14e-01	5.30e-01	2.79e-01	6.56e-02	6.25e-03	1.26e-03	2.62e-04	3.16e-06	0.00e+00
 2.99240e+22	3.35e-24	1.27e-11	1.95e-09	4.73e-08	4.12e-05	4.87e-03	1.21e-01	5.41e-01	2.67e-01	5.96e-02	5.43e-03	1.08e-03	2.14e-04	2.46e-06	0.00e+00
 3.01464e+22	4.24e-24	1.54e-11	2.32e-09	5.53e-08	4.63e-05	5.27e-03	1.27e-01	5.47e-01	2.58e-01	5.57e-02	4.92e-03	9.66e-04	1.86e-04	2.06e-06	0.00e+00
 3.03660e+22	5.74e-24	1.99e-11	2.93e-09	6.80e-08	5.41e-05	5.85e-03	1.35e-01	5.56e-01	2.47e-01	5.07e-02	4.30e-03	8.32e-04	1.53e-04	1.61e-06	0.00e+00
 3.05888e+22	7.30e-24	2.42e-11	3.49e-09	7.96e-08	6.08e-05	6.34e-03	1.41e-01	5.62e-01	2.39e-01	4.72e-02	3.88e-03	7.41e-04	1.32e-04	1.34e-06	0.00e+00
 3.08159e+22	9.96e-24	3.12e-11	4.41e-09	9.82e-08	7.11e-05	7.04e-03	1.50e-01	5.69e-01	2.27e-01	4.28e-02	3.38e-03	6.35e-04	1.08e-04	1.05e-06	0.00e+00
 3.10457e+22	1.27e-23	3.79e-11	5.27e-09	1.15e-07	8.00e-05	7.61e-03	1.56e-01	5.74e-01	2.19e-01	3.97e-02	3.04e-03	5.64e-04	9.32e-05	8.64e-07	0.00e+00
 3.12788e+22	1.74e-23	4.89e-11	6.66e-09	1.42e-07	9.35e-05	8.45e-03	1.65e-01	5.79e-01	2.07e-01	3.59e-02	2.63e-03	4.80e-04	7.60e-05	6.70e-07	0.00e+00
 3.15150e+22	2.23e-23	5.95e-11	7.96e-09	1.67e-07	1.05e-04	9.14e-03	1.73e-01	5.83e-01	1.99e-01	3.32e-02	2.36e-03	4.25e-04	6.51e-05	5.51e-07	0.00e+00
 3.17553e+22	3.07e-23	7.68e-11	1.01e-08	2.06e-07	1.23e-04	1.01e-02	1.82e-01	5.87e-01	1.88e-01	2.99e-02	2.03e-03	3.60e-04	5.28e-05	4.24e-07	0.00e+00
 3.19998e+22	3.96e-23	9.38e-11	1.21e-08	2.43e-07	1.39e-04	1.10e-02	1.90e-01	5.89e-01	1.80e-01	2.75e-02	1.81e-03	3.17e-04	4.49e-05	3.47e-07	0.00e+00
 3.22495e+22	5.48e-23	1.21e-10	1.54e-08	3.02e-07	1.63e-04	1.22e-02	2.01e-01	5.91e-01	1.69e-01	2.46e-02	1.55e-03	2.67e-04	3.61e-05	2.64e-07	0.00e+00
 3.25043e+22	7.11e-23	1.49e-10	1.85e-08	3.56e-07	1.84e-04	1.32e-02	2.09e-01	5.92e-01	1.61e-01	2.26e-02	1.38e-03	2.34e-04	3.06e-05	2.14e-07	0.00e+00
 3.27657e+22	9.93e-23	1.93e-10	2.37e-08	4.45e-07	2.17e-04	1.47e-02	2.20e-01	5.92e-01	1.51e-01	2.01e-02	1.17e-03	1.95e-04	2.43e-05	1.61e-07	0.00e+00
 3.30301e+22	1.29e-22	2.37e-10	2.86e-08	5.27e-07	2.45e-04	1.59e-02	2.29e-01	5.92e-01	1.43e-01	1.83e-02	1.04e-03	1.70e-04	2.05e-05	1.30e-07	0.00e+00
 3.32987e+22	1.81e-22	3.09e-10	3.65e-08	6.60e-07	2.89e-04	1.77e-02	2.41e-01	5.90e-01	1.34e-01	1.62e-02	8.80e-04	1.41e-04	1.62e-05	0.00e+00	0.00e+00
 3.35697e+22	2.36e-22	3.78e-10	4.41e-08	7.80e-07	3.27e-04	1.91e-02	2.51e-01	5.88e-01	1.27e-01	1.48e-02	7.77e-04	1.23e-04	1.36e-05	0.00e+00	0.00e+00
 3.38439e+22	3.29e-22	4.92e-10	5.64e-08	9.77e-07	3.85e-04	2.12e-02	2.63e-01	5.84e-01	1.17e-01	1.31e-02	6.56e-04	1.02e-04	1.08e-05	0.00e+00	0.00e+00
 3.41096e+22	4.20e-22	5.91e-10	6.68e-08	1.14e-06	4.30e-04	2.27e-02	2.72e-01	5.81e-01	1.12e-01	1.20e-02	5.86e-04	8.96e-05	9.18e-06	0.00e+00	0.00e+00
 3.43641e+22	5.68e-22	7.50e-10	8.37e-08	1.40e-06	5.00e-04	2.50e-02	2.84e-01	5.76e-01	1.04e-01	1.07e-02	5.00e-04	7.50e-05	7.35e-06	0.00e+00	0.00e+00
 3.46266e+22	7.33e-22	9.11e-10	1.00e-07	1.64e-06	5.60e-04	2.69e-02	2.93e-01	5.71e-01	9.82e-02	9.73e-03	4.43e-04	6.55e-05	6.21e-06	0.00e+00	0.00e+00
 3.48531e+22	9.16e-22	1.08e-09	1.18e-07	1.91e-06	6.26e-04	2.88e-02	3.02e-01	5.67e-01	9.29e-02	8.90e-03	3.94e-04	5.74e-05	5.27e-06	0.00e+00	0.00e+00
 3.50667e+22	1.14e-21	1.29e-09	1.38e-07	2.20e-06	6.93e-04	3.07e-02	3.10e-01	5.62e-01	8.82e-02	8.19e-03	3.53e-04	5.07e-05	4.52e-06	0.00e+00	0.00e+00
 3.53097e+22	1.51e-21	1.59e-09	1.69e-07	2.65e-06	7.92e-04	3.33e-02	3.21e-01	5.55e-01	8.22e-02	7.33e-03	3.05e-04	4.31e-05	3.68e-06	0.00e+00	0.00e+00
 3.55558e+22	1.88e-21	1.90e-09	2.00e-07	3.09e-06	8.84e-04	3.56e-02	3.30e-01	5.48e-01	7.75e-02	6.69e-03	2.70e-04	3.76e-05	3.11e-06	0.00e+00	0.00e+00
 3.57731e+22	2.35e-21	2.25e-09	2.34e-07	3.56e-06	9.79e-04	3.79e-02	3.39e-01	5.42e-01	7.34e-02	6.14e-03	2.41e-04	3.31e-05	2.66e-06	0.00e+00	0.00e+00
 3.60225e+22	3.10e-21	2.78e-09	2.86e-07	4.26e-06	1.11e-03	4.11e-02	3.50e-01	5.34e-01	6.83e-02	5.50e-03	2.09e-04	2.82e-05	2.18e-06	0.00e+00	0.00e+00
 3.62822e+22	3.95e-21	3.36e-09	3.41e-07	5.01e-06	1.25e-03	4.40e-02	3.60e-01	5.26e-01	6.40e-02	4.97e-03	1.83e-04	2.43e-05	1.82e-06	0.00e+00	0.00e+00
 3.65154e+22	4.95e-21	4.00e-09	4.02e-07	5.82e-06	1.39e-03	4.70e-02	3.69e-01	5.18e-01	6.01e-02	4.53e-03	1.62e-04	2.12e-05	1.53e-06	0.00e+00	0.00e+00
 3.67786e+22	6.60e-21	5.00e-09	4.96e-07	7.03e-06	1.59e-03	5.09e-02	3.80e-01	5.08e-01	5.56e-02	4.02e-03	1.39e-04	1.79e-05	1.24e-06	0.00e+00	0.00e+00
 3.70518e+22	8.44e-21	6.04e-09	5.92e-07	8.28e-06	1.79e-03	5.46e-02	3.90e-01	4.98e-01	5.18e-02	3.63e-03	1.21e-04	1.54e-05	1.03e-06	0.00e+00	0.00e+00
 3.72998e+22	1.07e-20	7.25e-09	7.04e-07	9.68e-06	2.00e-03	5.83e-02	3.99e-01	4.89e-01	4.84e-02	3.28e-03	1.07e-04	1.33e-05	8.59e-07	0.00e+00	0.00e+00
 3.75839e+22	1.45e-20	9.16e-09	8.77e-07	1.18e-05	2.30e-03	6.34e-02	4.11e-01	4.76e-01	4.43e-02	2.88e-03	9.03e-05	1.10e-05	6.82e-07	0.00e+00	0.00e+00
 3.78717e+22	1.85e-20	1.11e-08	1.05e-06	1.39e-05	2.58e-03	6.78e-02	4.20e-01	4.66e-01	4.12e-02	2.59e-03	7.87e-05	9.44e-06	5.65e-07	0.00e+00	0.00e+00
 3.81260e+22	2.35e-20	1.33e-08	1.25e-06	1.63e-05	2.88e-03	7.23e-02	4.29e-01	4.55e-01	3.83e-02	2.33e-03	6.88e-05	8.13e-06	4.70e-07	0.00e+00	0.00e+00
 3.84184e+22	3.19e-20	1.68e-08	1.55e-06	1.98e-05	3.31e-03	7.84e-02	4.39e-01	4.42e-01	3.49e-02	2.04e-03	5.80e-05	6.71e-06	3.71e-07	0.00e+00	0.00e+00
 3.87160e+22	4.09e-20	2.04e-08	1.86e-06	2.34e-05	3.71e-03	8.37e-02	4.48e-01	4.30e-01	3.22e-02	1.83e-03	5.03e-05	5.73e-06	3.05e-07	0.00e+00	0.00e+00
 3.90205e+22	5.59e-20	2.59e-08	2.33e-06	2.86e-05	4.28e-03	9.07e-02	4.59e-01	4.16e-01	2.92e-02	1.59e-03	4.21e-05	4.69e-06	2.39e-07	0.00e+00	0.00e+00
 3.93292e+22	7.21e-20	3.15e-08	2.80e-06	3.38e-05	4.80e-03	9.68e-02	4.67e-01	4.03e-01	2.68e-02	1.42e-03	3.63e-05	3.98e-06	1.95e-07	0.00e+00	0.00e+00
 3.96435e+22	9.87e-20	4.01e-08	3.50e-06	4.14e-05	5.52e-03	1.05e-01	4.76e-01	3.88e-01	2.42e-02	1.23e-03	3.03e-05	3.26e-06	1.53e-07	0.00e+00	0.00e+00
 3.99658e+22	1.28e-19	4.92e-08	4.25e-06	4.95e-05	6.24e-03	1.12e-01	4.84e-01	3.75e-01	2.20e-02	1.08e-03	2.58e-05	2.72e-06	0.00e+00	0.00e+00	0.00e+00
 4.02448e+22	1.64e-19	5.93e-08	5.06e-06	5.78e-05	6.94e-03	1.19e-01	4.90e-01	3.63e-01	2.03e-02	9.69e-04	2.24e-05	2.32e-06	0.00e+00	0.00e+00	0.00e+00
 4.05535e+22	2.23e-19	7.49e-08	6.30e-06	7.04e-05	7.95e-03	1.28e-01	4.97e-01	3.47e-01	1.82e-02	8.38e-04	1.86e-05	1.89e-06	0.00e+00	0.00e+00	0.00e+00
 4.08794e+22	2.91e-19	9.19e-08	7.61e-06	8.33e-05	8.91e-03	1.36e-01	5.03e-01	3.34e-01	1.66e-02	7.41e-04	1.59e-05	1.59e-06	0.00e+00	0.00e+00	0.00e+00
 4.12274e+22	4.09e-19	1.19e-07	9.69e-06	1.04e-04	1.03e-02	1.47e-01	5.10e-01	3.17e-01	1.47e-02	6.30e-04	1.29e-05	1.27e-06	0.00e+00	0.00e+00	0.00e+00
 4.15441e+22	5.10e-19	1.41e-07	1.14e-05	1.20e-04	1.14e-02	1.55e-01	5.13e-01	3.06e-01	1.35e-02	5.65e-04	1.13e-05	1.09e-06	0.00e+00	0.00e+00	0.00e+00
 4.17830e+22	6.26e-19	1.65e-07	1.31e-05	1.35e-04	1.24e-02	1.62e-01	5.16e-01	2.96e-01	1.25e-02	5.13e-04	9.98e-06	9.50e-07	0.00e+00	0.00e+00	0.00e+00
 4.20565e+22	8.10e-19	2.01e-07	1.57e-05	1.60e-04	1.38e-02	1.72e-01	5.19e-01	2.83e-01	1.13e-02	4.52e-04	8.48e-06	7.95e-07	0.00e+00	0.00e+00	0.00e+00
 4.23451e+22	1.01e-18	2.38e-07	1.85e-05	1.85e-04	1.52e-02	1.80e-01	5.21e-01	2.72e-01	1.04e-02	4.03e-04	7.34e-06	6.79e-07	0.00e+00	0.00e+00	0.00e+00
 4.26534e+22	1.36e-18	2.98e-07	2.28e-05	2.23e-04	1.73e-02	1.92e-01	5.23e-01	2.58e-01	9.20e-03	3.47e-04	6.08e-06	5.52e-07	0.00e+00	0.00e+00	0.00e+00
 4.29635e+22	1.72e-18	3.57e-07	2.69e-05	2.59e-04	1.90e-02	2.02e-01	5.24e-01	2.46e-01	8.36e-03	3.08e-04	5.23e-06	4.68e-07	0.00e+00	0.00e+00	0.00e+00
 4.32760e+22	2.31e-18	4.44e-07	3.29e-05	3.09e-04	2.14e-02	2.14e-01	5.24e-01	2.33e-01	7.44e-03	2.67e-04	4.34e-06	3.82e-07	0.00e+00	0.00e+00	0.00e+00
 4.35931e+22	2.94e-18	5.34e-07	3.90e-05	3.60e-04	2.37e-02	2.24e-01	5.23e-01	2.21e-01	6.71e-03	2.35e-04	3.70e-06	3.21e-07	0.00e+00	0.00e+00	0.00e+00
 4.38692e+22	3.68e-18	6.33e-07	4.57e-05	4.15e-04	2.60e-02	2.34e-01	5.22e-01	2.11e-01	6.09e-03	2.09e-04	3.18e-06	2.73e-07	0.00e+00	0.00e+00	0.00e+00
 4.41810e+22	4.91e-18	7.86e-07	5.59e-05	4.97e-04	2.92e-02	2.47e-01	5.19e-01	1.98e-01	5.37e-03	1.79e-04	2.63e-06	2.21e-07	0.00e+00	0.00e+00	0.00e+00
 4.45012e+22	6.24e-18	9.41e-07	6.58e-05	5.74e-04	3.20e-02	2.58e-01	5.16e-01	1.88e-01	4.84e-03	1.58e-04	2.24e-06	1.87e-07	0.00e+00	0.00e+00	0.00e+00
 4.48325e+22	8.51e-18	1.18e-06	8.14e-05	6.93e-04	3.61e-02	2.73e-01	5.11e-01	1.75e-01	4.22e-03	1.34e-04	1.82e-06	1.49e-07	0.00e+00	0.00e+00	0.00e+00
 4.51654e+22	1.08e-17	1.42e-06	9.60e-05	8.03e-04	3.96e-02	2.84e-01	5.07e-01	1.65e-01	3.78e-03	1.18e-04	1.54e-06	1.25e-07	0.00e+00	0.00e+00	0.00e+00
 4.55006e+22	1.46e-17	1.77e-06	1.18e-04	9.61e-04	4.44e-02	2.98e-01	5.00e-01	1.53e-01	3.29e-03	1.00e-04	1.25e-06	0.00e+00	0.00e+00	0.00e+00	0.00e+00
 4.58479e+22	1.90e-17	2.15e-06	1.41e-04	1.13e-03	4.91e-02	3.11e-01	4.93e-01	1.43e-01	2.90e-03	8.65e-05	1.04e-06	0.00e+00	0.00e+00	0.00e+00	0.00e+00
 4.61580e+22	2.44e-17	2.58e-06	1.66e-04	1.31e-03	5.38e-02	3.23e-01	4.86e-01	1.34e-01	2.57e-03	7.54e-05	8.72e-07	0.00e+00	0.00e+00	0.00e+00	0.00e+00
 4.65082e+22	3.34e-17	3.24e-06	2.05e-04	1.57e-03	6.02e-02	3.37e-01	4.75e-01	1.23e-01	2.21e-03	6.33e-05	6.99e-07	0.00e+00	0.00e+00	0.00e+00	0.00e+00
 4.68675e+22	4.37e-17	3.93e-06	2.45e-04	1.84e-03	6.64e-02	3.50e-01	4.66e-01	1.14e-01	1.93e-03	5.42e-05	5.74e-07	0.00e+00	0.00e+00	0.00e+00	0.00e+00
 4.71848e+22	5.64e-17	4.71e-06	2.88e-04	2.13e-03	7.26e-02	3.61e-01	4.56e-01	1.06e-01	1.70e-03	4.69e-05	4.78e-07	0.00e+00	0.00e+00	0.00e+00	0.00e+00
 4.75432e+22	7.79e-17	5.92e-06	3.55e-04	2.56e-03	8.09e-02	3.76e-01	4.43e-01	9.65e-02	1.45e-03	3.91e-05	3.78e-07	0.00e+00	0.00e+00	0.00e+00	0.00e+00
 4.79122e+22	1.03e-16	7.20e-06	4.24e-04	3.00e-03	8.89e-02	3.88e-01	4.30e-01	8.85e-02	1.25e-03	3.32e-05	3.07e-07	0.00e+00	0.00e+00	0.00e+00	0.00e+00
 4.82395e+22	1.35e-16	8.65e-06	5.00e-04	3.47e-03	9.69e-02	3.98e-01	4.18e-01	8.16e-02	1.09e-03	2.85e-05	2.53e-07	0.00e+00	0.00e+00	0.00e+00	0.00e+00
 4.86098e+22	1.89e-16	1.09e-05	6.17e-04	4.18e-03	1.08e-01	4.11e-01	4.02e-01	7.32e-02	9.10e-04	2.34e-05	1.97e-07	0.00e+00	0.00e+00	0.00e+00	0.00e+00
 4.89889e+22	2.53e-16	1.33e-05	7.33e-04	4.87e-03	1.18e-01	4.21e-01	3.88e-01	6.67e-02	7.81e-04	1.97e-05	1.59e-07	0.00e+00	0.00e+00	0.00e+00	0.00e+00
 4.93793e+22	3.60e-16	1.69e-05	9.10e-04	5.89e-03	1.31e-01	4.33e-01	3.70e-01	5.91e-02	6.42e-04	1.59e-05	1.21e-07	0.00e+00	0.00e+00	0.00e+00	0.00e+00
 4.97752e+22	4.82e-16	2.05e-05	1.08e-03	6.89e-03	1.43e-01	4.42e-01	3.54e-01	5.32e-02	5.44e-04	1.33e-05	0.00e+00	0.00e+00	0.00e+00	0.00e+00	0.00e+00
 5.01779e+22	6.95e-16	2.62e-05	1.34e-03	8.28e-03	1.58e-01	4.50e-01	3.35e-01	4.68e-02	4.45e-04	1.07e-05	0.00e+00	0.00e+00	0.00e+00	0.00e+00	0.00e+00
 5.05913e+22	9.52e-16	3.23e-05	1.61e-03	9.72e-03	1.72e-01	4.57e-01	3.17e-01	4.16e-02	3.70e-04	8.78e-06	0.00e+00	0.00e+00	0.00e+00	0.00e+00	0.00e+00
 5.09575e+22	1.27e-15	3.93e-05	1.91e-03	1.13e-02	1.86e-01	4.62e-01	3.01e-01	3.72e-02	3.11e-04	7.27e-06	0.00e+00	0.00e+00	0.00e+00	0.00e+00	0.00e+00
 5.13725e+22	1.85e-15	5.04e-05	2.38e-03	1.36e-02	2.05e-01	4.66e-01	2.80e-01	3.21e-02	2.49e-04	5.72e-06	0.00e+00	0.00e+00	0.00e+00	0.00e+00	0.00e+00
 5.17998e+22	2.55e-15	6.22e-05	2.85e-03	1.58e-02	2.22e-01	4.69e-01	2.63e-01	2.82e-02	2.05e-04	4.64e-06	0.00e+00	0.00e+00	0.00e+00	0.00e+00	0.00e+00
 5.21803e+22	3.45e-15	7.59e-05	3.37e-03	1.84e-02	2.39e-01	4.69e-01	2.46e-01	2.47e-02	1.69e-04	3.79e-06	0.00e+00	0.00e+00	0.00e+00	0.00e+00	0.00e+00
 5.26120e+22	5.09e-15	9.80e-05	4.19e-03	2.20e-02	2.60e-01	4.67e-01	2.25e-01	2.09e-02	1.32e-04	2.92e-06	0.00e+00	0.00e+00	0.00e+00	0.00e+00	0.00e+00
 5.30495e+22	7.04e-15	1.21e-04	4.98e-03	2.54e-02	2.79e-01	4.64e-01	2.08e-01	1.82e-02	1.08e-04	2.35e-06	0.00e+00	0.00e+00	0.00e+00	0.00e+00	0.00e+00
 5.34202e+22	9.36e-15	1.45e-04	5.82e-03	2.90e-02	2.96e-01	4.60e-01	1.94e-01	1.59e-02	8.91e-05	1.92e-06	0.00e+00	0.00e+00	0.00e+00	0.00e+00	0.00e+00
 5.37635e+22	1.23e-14	1.73e-04	6.72e-03	3.26e-02	3.11e-01	4.55e-01	1.80e-01	1.40e-02	7.46e-05	1.59e-06	0.00e+00	0.00e+00	0.00e+00	0.00e+00	0.00e+00
 5.41455e+22	1.72e-14	2.14e-04	8.03e-03	3.77e-02	3.31e-01	4.46e-01	1.64e-01	1.19e-02	5.95e-05	1.25e-06	0.00e+00	0.00e+00	0.00e+00	0.00e+00	0.00e+00
 5.45327e+22	2.30e-14	2.57e-04	9.30e-03	4.26e-02	3.48e-01	4.38e-01	1.51e-01	1.03e-02	4.87e-05	1.01e-06	0.00e+00	0.00e+00	0.00e+00	0.00e+00	0.00e+00
 5.48703e+22	3.01e-14	3.05e-04	1.07e-02	4.75e-02	3.64e-01	4.29e-01	1.40e-01	9.03e-03	4.05e-05	8.31e-07	0.00e+00	0.00e+00	0.00e+00	0.00e+00	0.00e+00
 5.52531e+22	4.26e-14	3.78e-04	1.27e-02	5.44e-02	3.83e-01	4.16e-01	1.26e-01	7.59e-03	3.19e-05	6.47e-07	0.00e+00	0.00e+00	0.00e+00	0.00e+00	0.00e+00
 5.56471e+22	5.79e-14	4.54e-04	1.47e-02	6.11e-02	3.99e-01	4.04e-01	1.14e-01	6.48e-03	2.58e-05	5.17e-07	0.00e+00	0.00e+00	0.00e+00	0.00e+00	0.00e+00
 5.59988e+22	7.71e-14	5.40e-04	1.68e-02	6.79e-02	4.14e-01	3.91e-01	1.04e-01	5.57e-03	2.11e-05	4.17e-07	0.00e+00	0.00e+00	0.00e+00	0.00e+00	0.00e+00
 5.63989e+22	1.12e-13	6.76e-04	2.00e-02	7.75e-02	4.32e-01	3.74e-01	9.14e-02	4.56e-03	1.62e-05	3.15e-07	0.00e+00	0.00e+00	0.00e+00	0.00e+00	0.00e+00
 5.68058e+22	1.54e-13	8.10e-04	2.30e-02	8.61e-02	4.46e-01	3.58e-01	8.20e-02	3.85e-03	1.30e-05	2.49e-07	0.00e+00	0.00e+00	0.00e+00	0.00e+00	0.00e+00
 5.71422e+22	2.01e-13	9.46e-04	2.59e-02	9.40e-02	4.57e-01	3.45e-01	7.44e-02	3.32e-03	1.07e-05	2.02e-07	0.00e+00	0.00e+00	0.00e+00	0.00e+00	0.00e+00
 5.75003e+22	2.82e-13	1.15e-03	3.00e-02	1.05e-01	4.69e-01	3.27e-01	6.57e-02	2.75e-03	8.37e-06	1.56e-07	0.00e+00	0.00e+00	0.00e+00	0.00e+00	0.00e+00
 5.78642e+22	3.77e-13	1.34e-03	3.37e-02	1.14e-01	4.78e-01	3.12e-01	5.90e-02	2.34e-03	6.80e-06	1.25e-07	0.00e+00	0.00e+00	0.00e+00	0.00e+00	0.00e+00
 5.81861e+22	4.96e-13	1.56e-03	3.78e-02	1.23e-01	4.85e-01	2.97e-01	5.29e-02	1.99e-03	5.54e-06	0.00e+00	0.00e+00	0.00e+00	0.00e+00	0.00e+00	0.00e+00
 5.85553e+22	7.16e-13	1.90e-03	4.36e-02	1.36e-01	4.93e-01	2.78e-01	4.60e-02	1.62e-03	4.28e-06	0.00e+00	0.00e+00	0.00e+00	0.00e+00	0.00e+00	0.00e+00
 5.89283e+22	9.97e-13	2.22e-03	4.88e-02	1.47e-01	4.98e-01	2.62e-01	4.07e-02	1.35e-03	3.42e-06	0.00e+00	0.00e+00	0.00e+00	0.00e+00	0.00e+00	0.00e+00
 5.92552e+22	1.32e-12	2.58e-03	5.44e-02	1.58e-01	5.01e-01	2.46e-01	3.60e-02	1.14e-03	2.76e-06	0.00e+00	0.00e+00	0.00e+00	0.00e+00	0.00e+00	0.00e+00
 5.96293e+22	1.93e-12	3.12e-03	6.22e-02	1.73e-01	5.03e-01	2.27e-01	3.08e-02	9.09e-04	2.10e-06	0.00e+00	0.00e+00	0.00e+00	0.00e+00	0.00e+00	0.00e+00
 6.00087e+22	2.72e-12	3.64e-03	6.93e-02	1.85e-01	5.03e-01	2.12e-01	2.69e-02	7.50e-04	1.66e-06	0.00e+00	0.00e+00	0.00e+00	0.00e+00	0.00e+00	0.00e+00
 6.03445e+22	3.62e-12	4.22e-03	7.68e-02	1.97e-01	5.01e-01	1.97e-01	2.34e-02	6.20e-04	1.31e-06	0.00e+00	0.00e+00	0.00e+00	0.00e+00	0.00e+00	0.00e+00
 6.07306e+22	5.48e-12	5.08e-03	8.72e-02	2.13e-01	4.96e-01	1.78e-01	1.96e-02	4.85e-04	9.78e-07	0.00e+00	0.00e+00	0.00e+00	0.00e+00	0.00e+00	0.00e+00
 6.11216e+22	8.17e-12	5.91e-03	9.65e-02	2.26e-01	4.90e-01	1.64e-01	1.68e-02	3.93e-04	7.59e-07	0.00e+00	0.00e+00	0.00e+00	0.00e+00	0.00e+00	0.00e+00
 6.15190e+22	1.26e-11	7.11e-03	1.09e-01	2.42e-01	4.81e-01	1.46e-01	1.39e-02	3.02e-04	5.56e-07	0.00e+00	0.00e+00	0.00e+00	0.00e+00	0.00e+00	0.00e+00
 6.19204e+22	1.99e-11	8.25e-03	1.20e-01	2.56e-01	4.71e-01	1.33e-01	1.17e-02	2.41e-04	4.26e-07	0.00e+00	0.00e+00	0.00e+00	0.00e+00	0.00e+00	0.00e+00
 6.23271e+22	3.31e-11	9.89e-03	1.35e-01	2.71e-01	4.57e-01	1.17e-01	9.51e-03	1.82e-04	3.06e-07	0.00e+00	0.00e+00	0.00e+00	0.00e+00	0.00e+00	0.00e+00
 6.27391e+22	6.15e-11	1.15e-02	1.48e-01	2.84e-01	4.44e-01	1.05e-01	7.93e-03	1.43e-04	2.31e-07	0.00e+00	0.00e+00	0.00e+00	0.00e+00	0.00e+00	0.00e+00
 6.31582e+22	1.10e-10	1.37e-02	1.65e-01	2.99e-01	4.25e-01	9.10e-02	6.31e-03	1.06e-04	1.63e-07	0.00e+00	0.00e+00	0.00e+00	0.00e+00	0.00e+00	0.00e+00
 6.35846e+22	2.35e-10	1.58e-02	1.79e-01	3.10e-01	4.09e-01	8.05e-02	5.18e-03	8.14e-05	0.00e+00	0.00e+00	0.00e+00	0.00e+00	0.00e+00	0.00e+00	0.00e+00
 6.40205e+22	4.50e-10	1.88e-02	1.99e-01	3.23e-01	3.87e-01	6.86e-02	4.02e-03	5.88e-05	0.00e+00	0.00e+00	0.00e+00	0.00e+00	0.00e+00	0.00e+00	0.00e+00
 6.44649e+22	9.85e-10	2.18e-02	2.16e-01	3.32e-01	3.67e-01	5.97e-02	3.23e-03	4.43e-05	0.00e+00	0.00e+00	0.00e+00	0.00e+00	0.00e+00	0.00e+00	0.00e+00
 6.47686e+22	1.46e-09	2.34e-02	2.24e-01	3.37e-01	3.57e-01	5.53e-02	2.87e-03	3.81e-05	0.00e+00	0.00e+00	0.00e+00	0.00e+00	0.00e+00	0.00e+00	0.00e+00
 6.49694e+22	2.08e-09	2.49e-02	2.32e-01	3.41e-01	3.48e-01	5.18e-02	2.60e-03	3.35e-05	0.00e+00	0.00e+00	0.00e+00	0.00e+00	0.00e+00	0.00e+00	0.00e+00
 6.51212e+22	2.48e-09	2.60e-02	2.37e-01	3.43e-01	3.42e-01	4.95e-02	2.42e-03	3.06e-05	0.00e+00	0.00e+00	0.00e+00	0.00e+00	0.00e+00	0.00e+00	0.00e+00
 6.52518e+22	3.08e-09	2.72e-02	2.43e-01	3.46e-01	3.35e-01	4.71e-02	2.25e-03	2.78e-05	0.00e+00	0.00e+00	0.00e+00	0.00e+00	0.00e+00	0.00e+00	0.00e+00
 6.54215e+22	3.82e-09	2.89e-02	2.51e-01	3.49e-01	3.25e-01	4.40e-02	2.02e-03	2.44e-05	0.00e+00	0.00e+00	0.00e+00	0.00e+00	0.00e+00	0.00e+00	0.00e+00
 6.56421e+22	5.65e-09	3.13e-02	2.62e-01	3.52e-01	3.13e-01	4.00e-02	1.76e-03	2.04e-05	0.00e+00	0.00e+00	0.00e+00	0.00e+00	0.00e+00	0.00e+00	0.00e+00
 6.58876e+22	9.18e-09	3.40e-02	2.73e-01	3.55e-01	3.00e-01	3.64e-02	1.52e-03	1.70e-05	0.00e+00	0.00e+00	0.00e+00	0.00e+00	0.00e+00	0.00e+00	0.00e+00
 6.61654e+22	1.49e-08	3.75e-02	2.87e-01	3.58e-01	2.84e-01	3.22e-02	1.27e-03	1.35e-05	0.00e+00	0.00e+00	0.00e+00	0.00e+00	0.00e+00	0.00e+00	0.00e+00
 6.64741e+22	2.64e-08	4.12e-02	3.00e-01	3.60e-01	2.69e-01	2.85e-02	1.06e-03	1.08e-05	0.00e+00	0.00e+00	0.00e+00	0.00e+00	0.00e+00	0.00e+00	0.00e+00
 6.68228e+22	5.15e-08	4.65e-02	3.18e-01	3.61e-01	2.50e-01	2.42e-02	8.34e-04	8.03e-06	0.00e+00	0.00e+00	0.00e+00	0.00e+00	0.00e+00	0.00e+00	0.00e+00
 6.71693e+22	8.42e-08	5.10e-02	3.31e-01	3.61e-01	2.36e-01	2.13e-02	6.90e-04	6.35e-06	0.00e+00	0.00e+00	0.00e+00	0.00e+00	0.00e+00	0.00e+00	0.00e+00
 6.75127e+22	1.53e-07	5.70e-02	3.48e-01	3.59e-01	2.18e-01	1.81e-02	5.43e-04	4.73e-06	0.00e+00	0.00e+00	0.00e+00	0.00e+00	0.00e+00	0.00e+00	0.00e+00
 6.78587e+22	2.33e-07	6.21e-02	3.60e-01	3.57e-01	2.04e-01	1.58e-02	4.48e-04	3.73e-06	0.00e+00	0.00e+00	0.00e+00	0.00e+00	0.00e+00	0.00e+00	0.00e+00
 6.82079e+22	3.21e-07	6.93e-02	3.76e-01	3.53e-01	1.87e-01	1.33e-02	3.49e-04	2.75e-06	0.00e+00	0.00e+00	0.00e+00	0.00e+00	0.00e+00	0.00e+00	0.00e+00
 6.85611e+22	4.36e-07	7.58e-02	3.89e-01	3.49e-01	1.74e-01	1.15e-02	2.83e-04	2.13e-06	0.00e+00	0.00e+00	0.00e+00	0.00e+00	0.00e+00	0.00e+00	0.00e+00
 6.89193e+22	5.99e-07	8.44e-02	4.05e-01	3.43e-01	1.58e-01	9.55e-03	2.17e-04	1.55e-06	0.00e+00	0.00e+00	0.00e+00	0.00e+00	0.00e+00	0.00e+00	0.00e+00
 6.92773e+22	7.74e-07	9.22e-02	4.16e-01	3.37e-01	1.47e-01	8.20e-03	1.75e-04	1.19e-06	0.00e+00	0.00e+00	0.00e+00	0.00e+00	0.00e+00	0.00e+00	0.00e+00
 6.96353e+22	1.05e-06	1.03e-01	4.31e-01	3.28e-01	1.32e-01	6.71e-03	1.32e-04	8.53e-07	0.00e+00	0.00e+00	0.00e+00	0.00e+00	0.00e+00	0.00e+00	0.00e+00
 6.99894e+22	1.27e-06	1.12e-01	4.40e-01	3.20e-01	1.22e-01	5.75e-03	1.06e-04	6.58e-07	0.00e+00	0.00e+00	0.00e+00	0.00e+00	0.00e+00	0.00e+00	0.00e+00
 7.03385e+22	1.63e-06	1.24e-01	4.53e-01	3.09e-01	1.09e-01	4.70e-03	8.03e-05	4.73e-07	0.00e+00	0.00e+00	0.00e+00	0.00e+00	0.00e+00	0.00e+00	0.00e+00
 7.06910e+22	1.97e-06	1.35e-01	4.61e-01	3.00e-01	9.97e-02	3.97e-03	6.36e-05	3.58e-07	0.00e+00	0.00e+00	0.00e+00	0.00e+00	0.00e+00	0.00e+00	0.00e+00
 7.10478e+22	2.48e-06	1.50e-01	4.71e-01	2.87e-01	8.84e-02	3.18e-03	4.68e-05	2.50e-07	0.00e+00	0.00e+00	0.00e+00	0.00e+00	0.00e+00	0.00e+00	0.00e+00
 7.13984e+22	2.96e-06	1.64e-01	4.77e-01	2.77e-01	8.03e-02	2.67e-03	3.69e-05	1.89e-07	0.00e+00	0.00e+00	0.00e+00	0.00e+00	0.00e+00	0.00e+00	0.00e+00
 7.16947e+22	3.48e-06	1.77e-01	4.82e-01	2.66e-01	7.30e-02	2.25e-03	2.92e-05	1.44e-07	0.00e+00	0.00e+00	0.00e+00	0.00e+00	0.00e+00	0.00e+00	0.00e+00
 7.20338e+22	4.26e-06	1.97e-01	4.86e-01	2.51e-01	6.38e-02	1.77e-03	2.12e-05	0.00e+00	0.00e+00	0.00e+00	0.00e+00	0.00e+00	0.00e+00	0.00e+00	0.00e+00
 7.23639e+22	4.96e-06	2.13e-01	4.87e-01	2.41e-01	5.76e-02	1.48e-03	1.66e-05	0.00e+00	0.00e+00	0.00e+00	0.00e+00	0.00e+00	0.00e+00	0.00e+00	0.00e+00
 7.26823e+22	5.94e-06	2.35e-01	4.87e-01	2.26e-01	5.03e-02	1.17e-03	1.21e-05	0.00e+00	0.00e+00	0.00e+00	0.00e+00	0.00e+00	0.00e+00	0.00e+00	0.00e+00
 7.29984e+22	6.85e-06	2.55e-01	4.84e-01	2.15e-01	4.50e-02	9.64e-04	9.35e-06	0.00e+00	0.00e+00	0.00e+00	0.00e+00	0.00e+00	0.00e+00	0.00e+00	0.00e+00
 7.32697e+22	7.88e-06	2.76e-01	4.80e-01	2.04e-01	4.00e-02	7.88e-04	7.17e-06	0.00e+00	0.00e+00	0.00e+00	0.00e+00	0.00e+00	0.00e+00	0.00e+00	0.00e+00
 7.35369e+22	8.97e-06	2.97e-01	4.74e-01	1.93e-01	3.55e-02	6.45e-04	5.50e-06	0.00e+00	0.00e+00	0.00e+00	0.00e+00	0.00e+00	0.00e+00	0.00e+00	0.00e+00
 7.38407e+22	1.05e-05	3.25e-01	4.65e-01	1.79e-01	3.03e-02	4.96e-04	3.90e-06	0.00e+00	0.00e+00	0.00e+00	0.00e+00	0.00e+00	0.00e+00	0.00e+00	0.00e+00
 7.41457e+22	1.20e-05	3.51e-01	4.55e-01	1.68e-01	2.64e-02	3.95e-04	2.90e-06	0.00e+00	0.00e+00	0.00e+00	0.00e+00	0.00e+00	0.00e+00	0.00e+00	0.00e+00
 7.44034e+22	1.34e-05	3.75e-01	4.44e-01	1.58e-01	2.32e-02	3.18e-04	2.19e-06	0.00e+00	0.00e+00	0.00e+00	0.00e+00	0.00e+00	0.00e+00	0.00e+00	0.00e+00
 7.46896e+22	1.54e-05	4.07e-01	4.28e-01	1.45e-01	1.95e-02	2.40e-04	1.52e-06	0.00e+00	0.00e+00	0.00e+00	0.00e+00	0.00e+00	0.00e+00	0.00e+00	0.00e+00
 7.49806e+22	1.73e-05	4.35e-01	4.13e-01	1.35e-01	1.67e-02	1.87e-04	1.10e-06	0.00e+00	0.00e+00	0.00e+00	0.00e+00	0.00e+00	0.00e+00	0.00e+00	0.00e+00
 7.52297e+22	1.91e-05	4.62e-01	3.97e-01	1.27e-01	1.43e-02	1.47e-04	8.12e-07	0.00e+00	0.00e+00	0.00e+00	0.00e+00	0.00e+00	0.00e+00	0.00e+00	0.00e+00
 7.55055e+22	2.16e-05	4.96e-01	3.77e-01	1.16e-01	1.18e-02	1.08e-04	5.45e-07	0.00e+00	0.00e+00	0.00e+00	0.00e+00	0.00e+00	0.00e+00	0.00e+00	0.00e+00
 7.57845e+22	2.37e-05	5.24e-01	3.59e-01	1.07e-01	9.85e-03	8.16e-05	3.83e-07	0.00e+00	0.00e+00	0.00e+00	0.00e+00	0.00e+00	0.00e+00	0.00e+00	0.00e+00
 7.60191e+22	2.58e-05	5.51e-01	3.41e-01	9.92e-02	8.31e-03	6.29e-05	2.75e-07	0.00e+00	0.00e+00	0.00e+00	0.00e+00	0.00e+00	0.00e+00	0.00e+00	0.00e+00
 7.62756e+22	2.84e-05	5.83e-01	3.20e-01	9.00e-02	6.69e-03	4.52e-05	1.81e-07	0.00e+00	0.00e+00	0.00e+00	0.00e+00	0.00e+00	0.00e+00	0.00e+00	0.00e+00
 7.65388e+22	3.09e-05	6.13e-01	3.00e-01	8.22e-02	5.42e-03	3.30e-05	0.00e+00	0.00e+00	0.00e+00	0.00e+00	0.00e+00	0.00e+00	0.00e+00	0.00e+00	0.00e+00
 7.67604e+22	3.31e-05	6.39e-01	2.81e-01	7.55e-02	4.45e-03	2.47e-05	0.00e+00	0.00e+00	0.00e+00	0.00e+00	0.00e+00	0.00e+00	0.00e+00	0.00e+00	0.00e+00
 7.69635e+22	3.51e-05	6.63e-01	2.64e-01	6.93e-02	3.66e-03	1.86e-05	0.00e+00	0.00e+00	0.00e+00	0.00e+00	0.00e+00	0.00e+00	0.00e+00	0.00e+00	0.00e+00
 7.71628e+22	3.73e-05	6.88e-01	2.45e-01	6.32e-02	2.96e-03	1.38e-05	0.00e+00	0.00e+00	0.00e+00	0.00e+00	0.00e+00	0.00e+00	0.00e+00	0.00e+00	0.00e+00
 7.73564e+22	3.94e-05	7.13e-01	2.27e-01	5.74e-02	2.38e-03	1.02e-05	0.00e+00	0.00e+00	0.00e+00	0.00e+00	0.00e+00	0.00e+00	0.00e+00	0.00e+00	0.00e+00
 7.75375e+22	4.14e-05	7.36e-01	2.10e-01	5.20e-02	1.90e-03	7.58e-06	0.00e+00	0.00e+00	0.00e+00	0.00e+00	0.00e+00	0.00e+00	0.00e+00	0.00e+00	0.00e+00
 7.77062e+22	4.33e-05	7.59e-01	1.93e-01	4.69e-02	1.51e-03	5.65e-06	0.00e+00	0.00e+00	0.00e+00	0.00e+00	0.00e+00	0.00e+00	0.00e+00	0.00e+00	0.00e+00
 7.78650e+22	4.50e-05	7.81e-01	1.76e-01	4.21e-02	1.20e-03	4.22e-06	0.00e+00	0.00e+00	0.00e+00	0.00e+00	0.00e+00	0.00e+00	0.00e+00	0.00e+00	0.00e+00
 7.80153e+22	4.68e-05	8.02e-01	1.59e-01	3.75e-02	9.39e-04	3.15e-06	0.00e+00	0.00e+00	0.00e+00	0.00e+00	0.00e+00	0.00e+00	0.00e+00	0.00e+00	0.00e+00
 7.81568e+22	4.85e-05	8.24e-01	1.42e-01	3.32e-02	7.29e-04	2.36e-06	0.00e+00	0.00e+00	0.00e+00	0.00e+00	0.00e+00	0.00e+00	0.00e+00	0.00e+00	0.00e+00
 7.82890e+22	4.95e-05	8.42e-01	1.28e-01	2.94e-02	5.71e-04	1.80e-06	0.00e+00	0.00e+00	0.00e+00	0.00e+00	0.00e+00	0.00e+00	0.00e+00	0.00e+00	0.00e+00
 7.84149e+22	5.08e-05	8.61e-01	1.13e-01	2.57e-02	4.39e-04	1.36e-06	0.00e+00	0.00e+00	0.00e+00	0.00e+00	0.00e+00	0.00e+00	0.00e+00	0.00e+00	0.00e+00
 7.85315e+22	5.18e-05	8.79e-01	9.83e-02	2.24e-02	3.37e-04	1.04e-06	0.00e+00	0.00e+00	0.00e+00	0.00e+00	0.00e+00	0.00e+00	0.00e+00	0.00e+00	0.00e+00
 7.86318e+22	5.24e-05	8.94e-01	8.63e-02	1.96e-02	2.65e-04	8.24e-07	0.00e+00	0.00e+00	0.00e+00	0.00e+00	0.00e+00	0.00e+00	0.00e+00	0.00e+00	0.00e+00
 7.87186e+22	5.28e-05	9.06e-01	7.60e-02	1.73e-02	2.13e-04	6.68e-07	0.00e+00	0.00e+00	0.00e+00	0.00e+00	0.00e+00	0.00e+00	0.00e+00	0.00e+00	0.00e+00
 7.87980e+22	5.28e-05	9.18e-01	6.69e-02	1.53e-02	1.72e-04	5.50e-07	0.00e+00	0.00e+00	0.00e+00	0.00e+00	0.00e+00	0.00e+00	0.00e+00	0.00e+00	0.00e+00
 7.88731e+22	5.27e-05	9.28e-01	5.85e-02	1.35e-02	1.40e-04	4.55e-07	0.00e+00	0.00e+00	0.00e+00	0.00e+00	0.00e+00	0.00e+00	0.00e+00	0.00e+00	0.00e+00
 7.89432e+22	5.23e-05	9.37e-01	5.10e-02	1.19e-02	1.15e-04	3.81e-07	0.00e+00	0.00e+00	0.00e+00	0.00e+00	0.00e+00	0.00e+00	0.00e+00	0.00e+00	0.00e+00
 7.90071e+22	5.17e-05	9.45e-01	4.45e-02	1.06e-02	9.54e-05	3.23e-07	0.00e+00	0.00e+00	0.00e+00	0.00e+00	0.00e+00	0.00e+00	0.00e+00	0.00e+00	0.00e+00
 7.90658e+22	5.09e-05	9.51e-01	3.89e-02	9.48e-03	8.04e-05	2.78e-07	0.00e+00	0.00e+00	0.00e+00	0.00e+00	0.00e+00	0.00e+00	0.00e+00	0.00e+00	0.00e+00
 7.91212e+22	4.99e-05	9.57e-01	3.40e-02	8.51e-03	6.85e-05	2.42e-07	0.00e+00	0.00e+00	0.00e+00	0.00e+00	0.00e+00	0.00e+00	0.00e+00	0.00e+00	0.00e+00
 7.91744e+22	4.88e-05	9.63e-01	2.97e-02	7.66e-03	5.88e-05	2.12e-07	0.00e+00	0.00e+00	0.00e+00	0.00e+00	0.00e+00	0.00e+00	0.00e+00	0.00e+00	0.00e+00
 7.92256e+22	4.74e-05	9.67e-01	2.59e-02	6.92e-03	5.10e-05	1.87e-07	0.00e+00	0.00e+00	0.00e+00	0.00e+00	0.00e+00	0.00e+00	0.00e+00	0.00e+00	0.00e+00
 7.92751e+22	4.59e-05	9.71e-01	2.26e-02	6.28e-03	4.47e-05	1.67e-07	0.00e+00	0.00e+00	0.00e+00	0.00e+00	0.00e+00	0.00e+00	0.00e+00	0.00e+00	0.00e+00
 7.93219e+22	4.43e-05	9.74e-01	1.97e-02	5.75e-03	3.96e-05	1.50e-07	0.00e+00	0.00e+00	0.00e+00	0.00e+00	0.00e+00	0.00e+00	0.00e+00	0.00e+00	0.00e+00
 7.93642e+22	4.29e-05	9.77e-01	1.74e-02	5.32e-03	3.57e-05	1.37e-07	0.00e+00	0.00e+00	0.00e+00	0.00e+00	0.00e+00	0.00e+00	0.00e+00	0.00e+00	0.00e+00
 7.94022e+22	4.15e-05	9.79e-01	1.56e-02	4.97e-03	3.27e-05	1.27e-07	0.00e+00	0.00e+00	0.00e+00	0.00e+00	0.00e+00	0.00e+00	0.00e+00	0.00e+00	0.00e+00
