#depth	Cl	Cl+	Cl+2	Cl+3	Cl+4	Cl+5	Cl+6	Cl+7	Cl+8	Cl+9	Cl+10	Cl+11	Cl+12	Cl+13	Cl+14	Cl+15	Cl+16	Cl+17
 4.62852e+21	0.00e+00	7.93e-26	5.89e-22	1.06e-18	4.66e-16	1.20e-13	2.97e-11	4.34e-08	5.20e-06	2.02e-04	2.71e-03	1.87e-02	5.79e-02	8.86e-02	1.43e-01	4.75e-01	1.89e-01	2.45e-02
 1.03360e+22	0.00e+00	6.93e-23	2.56e-19	2.16e-16	4.32e-14	4.88e-12	5.49e-10	1.04e-06	1.11e-04	3.22e-03	2.71e-02	1.11e-01	1.99e-01	1.66e-01	1.43e-01	2.84e-01	6.21e-02	4.47e-03
 1.18299e+22	0.00e+00	8.56e-22	2.39e-18	1.49e-15	2.18e-13	1.77e-11	1.45e-09	2.83e-06	2.89e-04	7.56e-03	5.32e-02	1.76e-01	2.55e-01	1.70e-01	1.16e-01	1.88e-01	3.21e-02	1.81e-03
 1.24522e+22	0.00e+00	2.71e-21	6.70e-18	3.62e-15	4.61e-13	3.22e-11	2.30e-09	4.33e-06	4.29e-04	1.07e-02	6.96e-02	2.08e-01	2.74e-01	1.64e-01	1.01e-01	1.49e-01	2.26e-02	1.14e-03
 1.27116e+22	0.00e+00	3.58e-21	8.60e-18	4.50e-15	5.54e-13	3.73e-11	2.58e-09	4.79e-06	4.70e-04	1.16e-02	7.40e-02	2.16e-01	2.77e-01	1.62e-01	9.70e-02	1.40e-01	2.07e-02	1.01e-03
 1.28308e+22	0.00e+00	5.07e-21	1.18e-17	5.90e-15	6.97e-13	4.50e-11	2.97e-09	5.42e-06	5.27e-04	1.28e-02	7.97e-02	2.25e-01	2.81e-01	1.59e-01	9.24e-02	1.30e-01	1.85e-02	8.73e-04
 1.29572e+22	0.00e+00	6.87e-21	1.54e-17	7.47e-15	8.52e-13	5.29e-11	3.37e-09	6.03e-06	5.80e-04	1.40e-02	8.49e-02	2.33e-01	2.84e-01	1.56e-01	8.83e-02	1.21e-01	1.67e-02	7.65e-04
 1.30927e+22	0.00e+00	1.01e-20	2.18e-17	1.01e-14	1.10e-12	6.50e-11	3.95e-09	6.90e-06	6.55e-04	1.55e-02	9.18e-02	2.44e-01	2.87e-01	1.52e-01	8.32e-02	1.11e-01	1.46e-02	6.44e-04
 1.32264e+22	0.00e+00	1.33e-20	2.80e-17	1.25e-14	1.32e-12	7.56e-11	4.45e-09	7.60e-06	7.15e-04	1.67e-02	9.69e-02	2.51e-01	2.88e-01	1.49e-01	7.97e-02	1.03e-01	1.33e-02	5.68e-04
 1.33579e+22	0.00e+00	1.92e-20	3.88e-17	1.67e-14	1.69e-12	9.20e-11	5.18e-09	8.60e-06	7.98e-04	1.84e-02	1.04e-01	2.60e-01	2.90e-01	1.45e-01	7.50e-02	9.45e-02	1.17e-02	4.80e-04
 1.34918e+22	0.00e+00	2.53e-20	4.97e-17	2.07e-14	2.03e-12	1.07e-10	5.84e-09	9.48e-06	8.69e-04	1.98e-02	1.10e-01	2.67e-01	2.91e-01	1.42e-01	7.15e-02	8.81e-02	1.06e-02	4.22e-04
 1.36291e+22	0.00e+00	3.64e-20	6.90e-17	2.76e-14	2.59e-12	1.31e-10	6.82e-09	1.07e-05	9.68e-04	2.17e-02	1.17e-01	2.76e-01	2.91e-01	1.37e-01	6.71e-02	8.01e-02	9.25e-03	3.55e-04
 1.37693e+22	0.00e+00	4.83e-20	8.90e-17	3.45e-14	3.14e-12	1.53e-10	7.71e-09	1.18e-05	1.05e-03	2.33e-02	1.23e-01	2.82e-01	2.90e-01	1.33e-01	6.37e-02	7.43e-02	8.32e-03	3.10e-04
 1.38906e+22	0.00e+00	6.29e-20	1.13e-16	4.24e-14	3.75e-12	1.77e-10	8.65e-09	1.29e-05	1.14e-03	2.48e-02	1.29e-01	2.88e-01	2.90e-01	1.30e-01	6.06e-02	6.91e-02	7.52e-03	2.72e-04
 1.40256e+22	0.00e+00	8.83e-20	1.53e-16	5.54e-14	4.72e-12	2.14e-10	1.00e-08	1.45e-05	1.26e-03	2.69e-02	1.37e-01	2.96e-01	2.88e-01	1.25e-01	5.68e-02	6.29e-02	6.59e-03	2.30e-04
 1.41607e+22	0.00e+00	1.14e-19	1.93e-16	6.77e-14	5.61e-12	2.46e-10	1.12e-08	1.58e-05	1.35e-03	2.86e-02	1.42e-01	3.01e-01	2.87e-01	1.21e-01	5.40e-02	5.86e-02	5.97e-03	2.02e-04
 1.42960e+22	0.00e+00	1.59e-19	2.60e-16	8.82e-14	7.04e-12	2.97e-10	1.30e-08	1.77e-05	1.49e-03	3.10e-02	1.50e-01	3.07e-01	2.84e-01	1.17e-01	5.04e-02	5.31e-02	5.21e-03	1.71e-04
 1.44327e+22	0.00e+00	2.03e-19	3.25e-16	1.07e-13	8.33e-12	3.42e-10	1.45e-08	1.92e-05	1.60e-03	3.28e-02	1.56e-01	3.12e-01	2.82e-01	1.13e-01	4.79e-02	4.94e-02	4.72e-03	1.50e-04
 1.45711e+22	0.00e+00	2.83e-19	4.38e-16	1.39e-13	1.04e-11	4.11e-10	1.68e-08	2.15e-05	1.75e-03	3.54e-02	1.65e-01	3.17e-01	2.79e-01	1.08e-01	4.46e-02	4.48e-02	4.11e-03	1.26e-04
 1.47120e+22	0.00e+00	3.64e-19	5.50e-16	1.70e-13	1.24e-11	4.75e-10	1.89e-08	2.34e-05	1.88e-03	3.75e-02	1.71e-01	3.22e-01	2.76e-01	1.05e-01	4.23e-02	4.15e-02	3.71e-03	1.11e-04
 1.48561e+22	3.88e-33	5.07e-19	7.43e-16	2.22e-13	1.56e-11	5.73e-10	2.19e-08	2.62e-05	2.06e-03	4.04e-02	1.80e-01	3.26e-01	2.72e-01	9.98e-02	3.92e-02	3.74e-02	3.21e-03	9.23e-05
 1.49967e+22	4.99e-33	6.38e-19	9.14e-16	2.66e-13	1.83e-11	6.55e-10	2.43e-08	2.84e-05	2.20e-03	4.25e-02	1.86e-01	3.30e-01	2.68e-01	9.65e-02	3.72e-02	3.48e-02	2.91e-03	8.15e-05
 1.51330e+22	6.97e-33	8.67e-19	1.21e-15	3.40e-13	2.26e-11	7.80e-10	2.80e-08	3.15e-05	2.40e-03	4.55e-02	1.94e-01	3.33e-01	2.64e-01	9.21e-02	3.47e-02	3.15e-02	2.55e-03	6.88e-05
 1.52718e+22	9.01e-33	1.09e-18	1.49e-15	4.10e-13	2.66e-11	8.93e-10	3.12e-08	3.42e-05	2.56e-03	4.78e-02	2.00e-01	3.36e-01	2.60e-01	8.87e-02	3.28e-02	2.92e-02	2.30e-03	6.04e-05
 1.54141e+22	1.25e-32	1.48e-18	1.96e-15	5.22e-13	3.27e-11	1.06e-09	3.59e-08	3.80e-05	2.79e-03	5.10e-02	2.09e-01	3.39e-01	2.55e-01	8.45e-02	3.05e-02	2.64e-02	2.01e-03	5.10e-05
 1.55605e+22	1.64e-32	1.90e-18	2.45e-15	6.37e-13	3.90e-11	1.23e-09	4.03e-08	4.14e-05	2.98e-03	5.38e-02	2.16e-01	3.41e-01	2.51e-01	8.10e-02	2.86e-02	2.43e-02	1.79e-03	4.43e-05
 1.57125e+22	2.33e-32	2.61e-18	3.28e-15	8.24e-13	4.87e-11	1.48e-09	4.68e-08	4.62e-05	3.26e-03	5.76e-02	2.25e-01	3.43e-01	2.45e-01	7.67e-02	2.64e-02	2.18e-02	1.55e-03	3.68e-05
 1.58656e+22	3.03e-32	3.32e-18	4.08e-15	1.00e-12	5.76e-11	1.71e-09	5.25e-08	5.04e-05	3.48e-03	6.05e-02	2.32e-01	3.45e-01	2.40e-01	7.34e-02	2.48e-02	2.01e-02	1.38e-03	3.20e-05
 1.60200e+22	4.27e-32	4.55e-18	5.44e-15	1.29e-12	7.19e-11	2.05e-09	6.09e-08	5.62e-05	3.80e-03	6.46e-02	2.41e-01	3.46e-01	2.34e-01	6.93e-02	2.29e-02	1.79e-02	1.19e-03	2.65e-05
 1.61777e+22	5.59e-32	5.81e-18	6.80e-15	1.57e-12	8.55e-11	2.37e-09	6.85e-08	6.14e-05	4.07e-03	6.79e-02	2.48e-01	3.46e-01	2.29e-01	6.61e-02	2.14e-02	1.64e-02	1.06e-03	2.29e-05
 1.63399e+22	7.90e-32	7.98e-18	9.06e-15	2.03e-12	1.07e-10	2.86e-09	7.97e-08	6.87e-05	4.44e-03	7.24e-02	2.57e-01	3.47e-01	2.22e-01	6.22e-02	1.96e-02	1.47e-02	9.11e-04	1.90e-05
 1.65070e+22	1.05e-31	1.04e-17	1.15e-14	2.51e-12	1.29e-10	3.34e-09	9.03e-08	7.55e-05	4.77e-03	7.63e-02	2.65e-01	3.47e-01	2.16e-01	5.90e-02	1.83e-02	1.33e-02	8.02e-04	1.62e-05
 1.66806e+22	1.51e-31	1.44e-17	1.55e-14	3.27e-12	1.62e-10	4.07e-09	1.06e-07	8.49e-05	5.22e-03	8.14e-02	2.74e-01	3.46e-01	2.09e-01	5.51e-02	1.66e-02	1.18e-02	6.82e-04	1.32e-05
 1.68490e+22	1.95e-31	1.81e-17	1.92e-14	3.95e-12	1.91e-10	4.68e-09	1.19e-07	9.25e-05	5.57e-03	8.52e-02	2.81e-01	3.45e-01	2.03e-01	5.25e-02	1.56e-02	1.08e-02	6.08e-04	1.15e-05
 1.70107e+22	2.73e-31	2.47e-17	2.53e-14	5.07e-12	2.38e-10	5.62e-09	1.38e-07	1.03e-04	6.05e-03	9.04e-02	2.90e-01	3.44e-01	1.96e-01	4.91e-02	1.42e-02	9.60e-03	5.20e-04	9.46e-06
 1.71757e+22	3.55e-31	3.13e-17	3.15e-14	6.16e-12	2.82e-10	6.48e-09	1.55e-07	1.13e-04	6.46e-03	9.46e-02	2.97e-01	3.42e-01	1.91e-01	4.66e-02	1.33e-02	8.75e-03	4.61e-04	8.15e-06
 1.73450e+22	4.92e-31	4.20e-17	4.12e-14	7.83e-12	3.48e-10	7.74e-09	1.79e-07	1.25e-04	7.01e-03	1.00e-01	3.05e-01	3.40e-01	1.84e-01	4.36e-02	1.21e-02	7.80e-03	3.96e-04	6.76e-06
 1.75239e+22	6.67e-31	5.52e-17	5.29e-14	9.78e-12	4.23e-10	9.13e-09	2.04e-07	1.39e-04	7.55e-03	1.05e-01	3.13e-01	3.37e-01	1.78e-01	4.09e-02	1.11e-02	7.00e-03	3.44e-04	5.67e-06
 1.76884e+22	8.82e-31	7.12e-17	6.68e-14	1.20e-11	5.07e-10	1.06e-08	2.32e-07	1.52e-04	8.09e-03	1.10e-01	3.20e-01	3.35e-01	1.72e-01	3.85e-02	1.03e-02	6.32e-03	3.01e-04	4.81e-06
 1.78751e+22	1.25e-30	9.78e-17	8.92e-14	1.56e-11	6.36e-10	1.29e-08	2.71e-07	1.71e-04	8.81e-03	1.17e-01	3.28e-01	3.31e-01	1.64e-01	3.57e-02	9.32e-03	5.56e-03	2.54e-04	3.91e-06
 1.80732e+22	1.75e-30	1.31e-16	1.17e-13	1.98e-11	7.85e-10	1.54e-08	3.13e-07	1.90e-04	9.54e-03	1.23e-01	3.36e-01	3.27e-01	1.57e-01	3.32e-02	8.47e-03	4.92e-03	2.17e-04	3.22e-06
 1.82569e+22	2.37e-30	1.73e-16	1.50e-13	2.48e-11	9.56e-10	1.82e-08	3.59e-07	2.11e-04	1.03e-02	1.29e-01	3.43e-01	3.23e-01	1.51e-01	3.09e-02	7.74e-03	4.39e-03	1.87e-04	2.68e-06
 1.84351e+22	3.18e-30	2.25e-16	1.91e-13	3.07e-11	1.15e-09	2.13e-08	4.08e-07	2.32e-04	1.10e-02	1.35e-01	3.50e-01	3.19e-01	1.45e-01	2.89e-02	7.10e-03	3.93e-03	1.62e-04	2.25e-06
 1.86350e+22	4.57e-30	3.12e-16	2.57e-13	4.01e-11	1.46e-09	2.60e-08	4.80e-07	2.62e-04	1.20e-02	1.43e-01	3.58e-01	3.13e-01	1.38e-01	2.65e-02	6.36e-03	3.41e-03	1.35e-04	1.80e-06
 1.88375e+22	6.25e-30	4.11e-16	3.32e-13	5.03e-11	1.78e-09	3.08e-08	5.51e-07	2.90e-04	1.29e-02	1.50e-01	3.64e-01	3.08e-01	1.31e-01	2.46e-02	5.78e-03	3.03e-03	1.16e-04	1.49e-06
 1.90134e+22	8.30e-30	5.31e-16	4.19e-13	6.20e-11	2.13e-09	3.59e-08	6.25e-07	3.18e-04	1.38e-02	1.56e-01	3.70e-01	3.03e-01	1.26e-01	2.29e-02	5.29e-03	2.71e-03	1.00e-04	1.25e-06
 1.92121e+22	1.18e-29	7.31e-16	5.61e-13	8.05e-11	2.68e-09	4.36e-08	7.32e-07	3.57e-04	1.50e-02	1.64e-01	3.77e-01	2.97e-01	1.19e-01	2.10e-02	4.73e-03	2.35e-03	8.35e-05	1.00e-06
 1.94182e+22	1.62e-29	9.68e-16	7.25e-13	1.01e-10	3.28e-09	5.17e-08	8.42e-07	3.96e-04	1.62e-02	1.72e-01	3.82e-01	2.90e-01	1.13e-01	1.93e-02	4.27e-03	2.07e-03	7.09e-05	8.19e-07
 1.96028e+22	2.16e-29	1.26e-15	9.20e-13	1.25e-10	3.96e-09	6.06e-08	9.58e-07	4.36e-04	1.73e-02	1.79e-01	3.87e-01	2.85e-01	1.08e-01	1.79e-02	3.89e-03	1.84e-03	6.09e-05	6.81e-07
 1.98119e+22	3.16e-29	1.76e-15	1.26e-12	1.66e-10	5.05e-09	7.46e-08	1.14e-06	4.93e-04	1.89e-02	1.89e-01	3.93e-01	2.77e-01	1.01e-01	1.62e-02	3.43e-03	1.57e-03	4.97e-05	5.31e-07
 2.00249e+22	4.27e-29	2.32e-15	1.61e-12	2.07e-10	6.16e-09	8.81e-08	1.30e-06	5.45e-04	2.02e-02	1.97e-01	3.98e-01	2.70e-01	9.54e-02	1.49e-02	3.09e-03	1.38e-03	4.21e-05	4.34e-07
 2.02433e+22	6.25e-29	3.27e-15	2.21e-12	2.75e-10	7.90e-09	1.09e-07	1.55e-06	6.18e-04	2.21e-02	2.07e-01	4.03e-01	2.61e-01	8.88e-02	1.34e-02	2.71e-03	1.17e-03	3.41e-05	3.36e-07
 2.04655e+22	8.51e-29	4.34e-15	2.87e-12	3.47e-10	9.68e-09	1.29e-07	1.78e-06	6.86e-04	2.37e-02	2.16e-01	4.06e-01	2.54e-01	8.36e-02	1.22e-02	2.43e-03	1.02e-03	2.86e-05	2.71e-07
 2.06927e+22	1.27e-28	6.25e-15	4.01e-12	4.68e-10	1.26e-08	1.62e-07	2.15e-06	7.84e-04	2.60e-02	2.28e-01	4.11e-01	2.44e-01	7.71e-02	1.08e-02	2.10e-03	8.45e-04	2.26e-05	2.04e-07
 2.09190e+22	1.70e-28	8.20e-15	5.15e-12	5.86e-10	1.54e-08	1.92e-07	2.46e-06	8.66e-04	2.78e-02	2.37e-01	4.13e-01	2.36e-01	7.25e-02	9.87e-03	1.88e-03	7.36e-04	1.90e-05	1.65e-07
 2.11441e+22	2.49e-28	1.17e-14	7.13e-12	7.86e-10	2.00e-08	2.39e-07	2.95e-06	9.87e-04	3.04e-02	2.49e-01	4.16e-01	2.26e-01	6.65e-02	8.71e-03	1.62e-03	6.11e-04	1.50e-05	1.24e-07
 2.13730e+22	3.35e-28	1.54e-14	9.21e-12	9.88e-10	2.44e-08	2.84e-07	3.40e-06	1.09e-03	3.25e-02	2.58e-01	4.18e-01	2.18e-01	6.22e-02	7.90e-03	1.44e-03	5.28e-04	1.25e-05	0.00e+00
 2.15656e+22	4.35e-28	1.98e-14	1.16e-11	1.21e-09	2.93e-08	3.32e-07	3.87e-06	1.20e-03	3.46e-02	2.67e-01	4.19e-01	2.11e-01	5.84e-02	7.22e-03	1.29e-03	4.62e-04	1.05e-05	0.00e+00
 2.17747e+22	6.08e-28	2.73e-14	1.56e-11	1.59e-09	3.73e-08	4.08e-07	4.59e-06	1.35e-03	3.75e-02	2.78e-01	4.20e-01	2.01e-01	5.36e-02	6.38e-03	1.12e-03	3.85e-04	8.36e-06	0.00e+00
 2.19827e+22	7.86e-28	3.47e-14	1.95e-11	1.95e-09	4.47e-08	4.76e-07	5.21e-06	1.48e-03	3.98e-02	2.87e-01	4.20e-01	1.94e-01	5.02e-02	5.81e-03	1.00e-03	3.36e-04	7.03e-06	0.00e+00
 2.21895e+22	1.09e-27	4.74e-14	2.61e-11	2.53e-09	5.67e-08	5.84e-07	6.18e-06	1.67e-03	4.31e-02	2.99e-01	4.19e-01	1.85e-01	4.59e-02	5.11e-03	8.66e-04	2.79e-04	5.56e-06	0.00e+00
 2.23994e+22	1.39e-27	6.05e-14	3.27e-11	3.11e-09	6.80e-08	6.83e-07	7.04e-06	1.83e-03	4.58e-02	3.08e-01	4.18e-01	1.77e-01	4.28e-02	4.64e-03	7.72e-04	2.42e-04	4.65e-06	0.00e+00
 2.26132e+22	1.92e-27	8.29e-14	4.39e-11	4.08e-09	8.69e-08	8.44e-07	8.40e-06	2.08e-03	4.97e-02	3.21e-01	4.16e-01	1.67e-01	3.87e-02	4.04e-03	6.60e-04	1.99e-04	3.62e-06	0.00e+00
 2.28305e+22	2.46e-27	1.06e-13	5.53e-11	5.03e-09	1.05e-07	9.93e-07	9.63e-06	2.29e-03	5.29e-02	3.31e-01	4.14e-01	1.60e-01	3.58e-02	3.63e-03	5.83e-04	1.70e-04	2.99e-06	0.00e+00
 2.30523e+22	3.35e-27	1.45e-13	7.44e-11	6.61e-09	1.35e-07	1.23e-06	1.16e-05	2.60e-03	5.73e-02	3.44e-01	4.10e-01	1.50e-01	3.22e-02	3.14e-03	4.94e-04	1.38e-04	2.30e-06	0.00e+00
 2.32800e+22	4.30e-27	1.87e-13	9.46e-11	8.25e-09	1.65e-07	1.47e-06	1.34e-05	2.88e-03	6.12e-02	3.54e-01	4.07e-01	1.42e-01	2.95e-02	2.78e-03	4.30e-04	1.16e-04	1.85e-06	0.00e+00
 2.35155e+22	5.83e-27	2.58e-13	1.28e-10	1.10e-08	2.14e-07	1.84e-06	1.63e-05	3.30e-03	6.67e-02	3.68e-01	4.01e-01	1.32e-01	2.62e-02	2.36e-03	3.59e-04	9.27e-05	1.39e-06	0.00e+00
 2.37543e+22	7.37e-27	3.31e-13	1.63e-10	1.37e-08	2.62e-07	2.21e-06	1.90e-05	3.67e-03	7.13e-02	3.79e-01	3.96e-01	1.24e-01	2.38e-02	2.07e-03	3.10e-04	7.72e-05	1.11e-06	0.00e+00
 2.39920e+22	9.63e-27	4.49e-13	2.19e-10	1.80e-08	3.39e-07	2.76e-06	2.30e-05	4.20e-03	7.75e-02	3.92e-01	3.89e-01	1.14e-01	2.10e-02	1.75e-03	2.57e-04	6.11e-05	8.29e-07	0.00e+00
 2.42319e+22	1.20e-26	5.71e-13	2.76e-10	2.25e-08	4.16e-07	3.31e-06	2.70e-05	4.68e-03	8.28e-02	4.03e-01	3.82e-01	1.07e-01	1.89e-02	1.53e-03	2.20e-04	5.04e-05	6.52e-07	0.00e+00
 2.44673e+22	1.52e-26	7.52e-13	3.62e-10	2.91e-08	5.30e-07	4.10e-06	3.25e-05	5.32e-03	8.96e-02	4.15e-01	3.73e-01	9.84e-02	1.66e-02	1.29e-03	1.83e-04	3.99e-05	4.89e-07	0.00e+00
 2.47051e+22	1.86e-26	9.47e-13	4.55e-10	3.62e-08	6.50e-07	4.93e-06	3.82e-05	5.94e-03	9.57e-02	4.26e-01	3.65e-01	9.14e-02	1.49e-02	1.12e-03	1.55e-04	3.27e-05	3.81e-07	0.00e+00
 2.49132e+22	2.21e-26	1.16e-12	5.55e-10	4.38e-08	7.79e-07	5.79e-06	4.40e-05	6.55e-03	1.01e-01	4.34e-01	3.57e-01	8.55e-02	1.35e-02	9.79e-04	1.34e-04	2.73e-05	3.04e-07	0.00e+00
 2.51338e+22	2.68e-26	1.47e-12	7.08e-10	5.54e-08	9.75e-07	7.08e-06	5.26e-05	7.40e-03	1.09e-01	4.45e-01	3.47e-01	7.83e-02	1.18e-02	8.28e-04	1.12e-04	2.17e-05	2.29e-07	0.00e+00
 2.53565e+22	3.17e-26	1.78e-12	8.59e-10	6.69e-08	1.17e-06	8.31e-06	6.07e-05	8.16e-03	1.15e-01	4.53e-01	3.39e-01	7.29e-02	1.07e-02	7.23e-04	9.60e-05	1.80e-05	1.82e-07	0.00e+00
 2.55548e+22	3.67e-26	2.13e-12	1.03e-09	8.02e-08	1.39e-06	9.73e-06	6.99e-05	8.98e-03	1.22e-01	4.61e-01	3.30e-01	6.78e-02	9.60e-03	6.31e-04	8.27e-05	1.50e-05	1.45e-07	0.00e+00
 2.57751e+22	4.40e-26	2.64e-12	1.30e-09	1.00e-07	1.72e-06	1.18e-05	8.32e-05	1.01e-02	1.31e-01	4.70e-01	3.19e-01	6.18e-02	8.40e-03	5.32e-04	6.85e-05	1.19e-05	0.00e+00	0.00e+00
 2.59933e+22	5.12e-26	3.12e-12	1.54e-09	1.19e-07	2.03e-06	1.37e-05	9.52e-05	1.11e-02	1.38e-01	4.76e-01	3.10e-01	5.74e-02	7.58e-03	4.66e-04	5.92e-05	9.91e-06	0.00e+00	0.00e+00
 2.62143e+22	6.10e-26	3.84e-12	1.92e-09	1.48e-07	2.51e-06	1.66e-05	1.13e-04	1.25e-02	1.47e-01	4.83e-01	2.98e-01	5.21e-02	6.60e-03	3.91e-04	4.88e-05	7.81e-06	0.00e+00	0.00e+00
 2.64353e+22	7.08e-26	4.50e-12	2.28e-09	1.74e-07	2.94e-06	1.92e-05	1.29e-04	1.36e-02	1.54e-01	4.88e-01	2.89e-01	4.83e-02	5.95e-03	3.42e-04	4.22e-05	6.53e-06	0.00e+00	0.00e+00
 2.66565e+22	8.44e-26	5.46e-12	2.81e-09	2.15e-07	3.61e-06	2.31e-05	1.53e-04	1.53e-02	1.64e-01	4.94e-01	2.77e-01	4.37e-02	5.18e-03	2.87e-04	3.48e-05	5.15e-06	0.00e+00	0.00e+00
 2.68790e+22	9.82e-26	6.35e-12	3.31e-09	2.53e-07	4.22e-06	2.67e-05	1.75e-04	1.67e-02	1.72e-01	4.98e-01	2.67e-01	4.04e-02	4.65e-03	2.51e-04	3.00e-05	4.29e-06	0.00e+00	0.00e+00
 2.71031e+22	1.18e-25	7.66e-12	4.07e-09	3.11e-07	5.16e-06	3.20e-05	2.07e-04	1.86e-02	1.83e-01	5.02e-01	2.55e-01	3.64e-02	4.03e-03	2.10e-04	2.46e-05	3.38e-06	0.00e+00	0.00e+00
 2.73290e+22	1.38e-25	8.87e-12	4.79e-09	3.64e-07	6.03e-06	3.69e-05	2.36e-04	2.03e-02	1.92e-01	5.05e-01	2.46e-01	3.36e-02	3.62e-03	1.83e-04	2.12e-05	2.81e-06	0.00e+00	0.00e+00
 2.75572e+22	1.67e-25	1.06e-11	5.88e-09	4.47e-07	7.35e-06	4.42e-05	2.79e-04	2.27e-02	2.03e-01	5.07e-01	2.33e-01	3.02e-02	3.13e-03	1.53e-04	1.74e-05	2.20e-06	0.00e+00	0.00e+00
 2.77885e+22	1.97e-25	1.23e-11	6.91e-09	5.24e-07	8.58e-06	5.09e-05	3.17e-04	2.47e-02	2.12e-01	5.08e-01	2.24e-01	2.77e-02	2.79e-03	1.33e-04	1.49e-05	1.82e-06	0.00e+00	0.00e+00
 2.80237e+22	2.42e-25	1.47e-11	8.49e-09	6.42e-07	1.05e-05	6.10e-05	3.76e-04	2.76e-02	2.24e-01	5.09e-01	2.12e-01	2.47e-02	2.40e-03	1.10e-04	1.21e-05	1.42e-06	0.00e+00	0.00e+00
 2.82630e+22	2.91e-25	1.71e-11	1.00e-08	7.55e-07	1.22e-05	7.02e-05	4.28e-04	3.01e-02	2.34e-01	5.08e-01	2.02e-01	2.26e-02	2.14e-03	9.51e-05	1.03e-05	1.17e-06	0.00e+00	0.00e+00
 2.85074e+22	3.66e-25	2.06e-11	1.24e-08	9.28e-07	1.49e-05	8.41e-05	5.06e-04	3.35e-02	2.47e-01	5.07e-01	1.90e-01	2.01e-02	1.83e-03	7.85e-05	8.35e-06	9.08e-07	0.00e+00	0.00e+00
 2.87579e+22	4.44e-25	2.39e-11	1.47e-08	1.10e-06	1.75e-05	9.72e-05	5.79e-04	3.66e-02	2.57e-01	5.05e-01	1.81e-01	1.82e-02	1.62e-03	6.73e-05	7.05e-06	7.39e-07	0.00e+00	0.00e+00
 2.90162e+22	5.70e-25	2.88e-11	1.82e-08	1.36e-06	2.15e-05	1.17e-04	6.89e-04	4.09e-02	2.71e-01	5.01e-01	1.69e-01	1.60e-02	1.37e-03	5.49e-05	5.64e-06	5.64e-07	0.00e+00	0.00e+00
 2.92754e+22	7.03e-25	3.37e-11	2.17e-08	1.60e-06	2.52e-05	1.35e-04	7.83e-04	4.45e-02	2.81e-01	4.97e-01	1.60e-01	1.45e-02	1.21e-03	4.71e-05	4.76e-06	4.60e-07	0.00e+00	0.00e+00
 2.94952e+22	8.54e-25	3.87e-11	2.55e-08	1.87e-06	2.92e-05	1.53e-04	8.84e-04	4.80e-02	2.91e-01	4.93e-01	1.52e-01	1.32e-02	1.08e-03	4.07e-05	4.05e-06	3.79e-07	0.00e+00	0.00e+00
 2.96994e+22	1.03e-24	4.43e-11	2.96e-08	2.15e-06	3.33e-05	1.72e-04	9.84e-04	5.14e-02	3.00e-01	4.89e-01	1.45e-01	1.22e-02	9.67e-04	3.57e-05	3.51e-06	3.19e-07	0.00e+00	0.00e+00
 2.99240e+22	1.29e-24	5.15e-11	3.55e-08	2.56e-06	3.95e-05	2.01e-04	1.14e-03	5.64e-02	3.12e-01	4.83e-01	1.36e-01	1.08e-02	8.35e-04	2.98e-05	2.88e-06	2.52e-07	0.00e+00	0.00e+00
 3.01464e+22	1.55e-24	5.89e-11	4.11e-08	2.94e-06	4.49e-05	2.25e-04	1.26e-03	6.01e-02	3.21e-01	4.78e-01	1.29e-01	9.96e-03	7.53e-04	2.63e-05	2.51e-06	2.13e-07	0.00e+00	0.00e+00
 3.03660e+22	1.96e-24	6.88e-11	4.92e-08	3.49e-06	5.28e-05	2.60e-04	1.44e-03	6.54e-02	3.32e-01	4.70e-01	1.21e-01	8.89e-03	6.54e-04	2.21e-05	2.08e-06	1.70e-07	0.00e+00	0.00e+00
 3.05888e+22	2.39e-24	7.90e-11	5.72e-08	4.02e-06	6.01e-05	2.91e-04	1.60e-03	6.96e-02	3.40e-01	4.64e-01	1.15e-01	8.14e-03	5.87e-04	1.94e-05	1.80e-06	1.43e-07	0.00e+00	0.00e+00
 3.08159e+22	3.06e-24	9.30e-11	6.91e-08	4.80e-06	7.09e-05	3.37e-04	1.83e-03	7.57e-02	3.52e-01	4.56e-01	1.07e-01	7.23e-03	5.07e-04	1.62e-05	1.48e-06	0.00e+00	0.00e+00	0.00e+00
 3.10457e+22	3.77e-24	1.07e-10	8.06e-08	5.53e-06	8.07e-05	3.77e-04	2.02e-03	8.06e-02	3.60e-01	4.49e-01	1.01e-01	6.60e-03	4.54e-04	1.42e-05	1.27e-06	0.00e+00	0.00e+00	0.00e+00
 3.12788e+22	4.88e-24	1.27e-10	9.77e-08	6.62e-06	9.53e-05	4.36e-04	2.32e-03	8.75e-02	3.71e-01	4.39e-01	9.39e-02	5.84e-03	3.91e-04	1.18e-05	1.04e-06	0.00e+00	0.00e+00	0.00e+00
 3.15150e+22	6.08e-24	1.47e-10	1.15e-07	7.65e-06	1.09e-04	4.89e-04	2.56e-03	9.30e-02	3.79e-01	4.31e-01	8.85e-02	5.31e-03	3.48e-04	1.03e-05	8.96e-07	0.00e+00	0.00e+00	0.00e+00
 3.17553e+22	7.99e-24	1.76e-10	1.40e-07	9.20e-06	1.29e-04	5.66e-04	2.93e-03	1.01e-01	3.90e-01	4.19e-01	8.17e-02	4.67e-03	2.98e-04	8.52e-06	7.30e-07	0.00e+00	0.00e+00	0.00e+00
 3.19998e+22	1.01e-23	2.06e-10	1.65e-07	1.07e-05	1.47e-04	6.34e-04	3.24e-03	1.07e-01	3.97e-01	4.10e-01	7.67e-02	4.23e-03	2.65e-04	7.36e-06	6.23e-07	0.00e+00	0.00e+00	0.00e+00
 3.22495e+22	1.35e-23	2.49e-10	2.03e-07	1.29e-05	1.75e-04	7.36e-04	3.71e-03	1.16e-01	4.07e-01	3.98e-01	7.03e-02	3.69e-03	2.25e-04	6.06e-06	5.03e-07	0.00e+00	0.00e+00	0.00e+00
 3.25043e+22	1.72e-23	2.94e-10	2.42e-07	1.51e-05	2.01e-04	8.27e-04	4.11e-03	1.23e-01	4.14e-01	3.88e-01	6.57e-02	3.32e-03	1.99e-04	5.20e-06	4.26e-07	0.00e+00	0.00e+00	0.00e+00
 3.27657e+22	2.34e-23	3.59e-10	3.01e-07	1.84e-05	2.39e-04	9.62e-04	4.71e-03	1.33e-01	4.23e-01	3.75e-01	5.98e-02	2.88e-03	1.68e-04	4.24e-06	3.41e-07	0.00e+00	0.00e+00	0.00e+00
 3.30301e+22	3.04e-23	4.28e-10	3.60e-07	2.16e-05	2.75e-04	1.08e-03	5.21e-03	1.41e-01	4.30e-01	3.64e-01	5.56e-02	2.58e-03	1.47e-04	3.62e-06	2.88e-07	0.00e+00	0.00e+00	0.00e+00
 3.32987e+22	4.19e-23	5.28e-10	4.51e-07	2.65e-05	3.29e-04	1.26e-03	5.97e-03	1.53e-01	4.38e-01	3.50e-01	5.03e-02	2.22e-03	1.24e-04	2.93e-06	2.29e-07	0.00e+00	0.00e+00	0.00e+00
 3.35697e+22	5.47e-23	6.33e-10	5.42e-07	3.12e-05	3.78e-04	1.41e-03	6.59e-03	1.61e-01	4.43e-01	3.39e-01	4.66e-02	1.98e-03	1.08e-04	2.50e-06	1.92e-07	0.00e+00	0.00e+00	0.00e+00
 3.38439e+22	7.65e-23	7.91e-10	6.83e-07	3.83e-05	4.52e-04	1.64e-03	7.52e-03	1.74e-01	4.49e-01	3.24e-01	4.19e-02	1.70e-03	9.04e-05	2.01e-06	1.52e-07	0.00e+00	0.00e+00	0.00e+00
 3.41096e+22	9.88e-23	9.44e-10	8.12e-07	4.45e-05	5.14e-04	1.82e-03	8.20e-03	1.82e-01	4.53e-01	3.14e-01	3.90e-02	1.53e-03	7.99e-05	1.74e-06	1.29e-07	0.00e+00	0.00e+00	0.00e+00
 3.43641e+22	1.35e-22	1.16e-09	1.01e-06	5.39e-05	6.05e-04	2.09e-03	9.25e-03	1.95e-01	4.57e-01	3.00e-01	3.52e-02	1.32e-03	6.74e-05	1.42e-06	0.00e+00	0.00e+00	0.00e+00	0.00e+00
 3.46266e+22	1.78e-22	1.41e-09	1.21e-06	6.32e-05	6.92e-04	2.32e-03	1.01e-02	2.04e-01	4.60e-01	2.89e-01	3.26e-02	1.18e-03	5.92e-05	1.21e-06	0.00e+00	0.00e+00	0.00e+00	0.00e+00
 3.48531e+22	2.25e-22	1.65e-09	1.42e-06	7.29e-05	7.81e-04	2.57e-03	1.10e-02	2.14e-01	4.62e-01	2.79e-01	3.01e-02	1.06e-03	5.21e-05	1.04e-06	0.00e+00	0.00e+00	0.00e+00	0.00e+00
 3.50667e+22	2.88e-22	1.95e-09	1.67e-06	8.40e-05	8.78e-04	2.82e-03	1.19e-02	2.23e-01	4.63e-01	2.69e-01	2.80e-02	9.55e-04	4.62e-05	9.00e-07	0.00e+00	0.00e+00	0.00e+00	0.00e+00
 3.53097e+22	3.90e-22	2.40e-09	2.05e-06	1.00e-04	1.02e-03	3.19e-03	1.32e-02	2.35e-01	4.65e-01	2.57e-01	2.54e-02	8.32e-04	3.94e-05	7.44e-07	0.00e+00	0.00e+00	0.00e+00	0.00e+00
 3.55558e+22	5.01e-22	2.85e-09	2.42e-06	1.16e-04	1.15e-03	3.52e-03	1.44e-02	2.45e-01	4.65e-01	2.47e-01	2.33e-02	7.42e-04	3.45e-05	6.36e-07	0.00e+00	0.00e+00	0.00e+00	0.00e+00
 3.57731e+22	6.45e-22	3.40e-09	2.86e-06	1.34e-04	1.30e-03	3.87e-03	1.55e-02	2.55e-01	4.65e-01	2.37e-01	2.16e-02	6.67e-04	3.05e-05	5.48e-07	0.00e+00	0.00e+00	0.00e+00	0.00e+00
 3.60225e+22	8.85e-22	4.24e-09	3.52e-06	1.61e-04	1.50e-03	4.35e-03	1.71e-02	2.67e-01	4.64e-01	2.25e-01	1.95e-02	5.81e-04	2.60e-05	4.54e-07	0.00e+00	0.00e+00	0.00e+00	0.00e+00
 3.62822e+22	1.17e-21	5.16e-09	4.23e-06	1.88e-04	1.71e-03	4.84e-03	1.86e-02	2.79e-01	4.63e-01	2.15e-01	1.78e-02	5.12e-04	2.25e-05	3.82e-07	0.00e+00	0.00e+00	0.00e+00	0.00e+00
 3.65154e+22	1.53e-21	6.21e-09	5.04e-06	2.19e-04	1.94e-03	5.32e-03	2.01e-02	2.89e-01	4.61e-01	2.06e-01	1.63e-02	4.55e-04	1.97e-05	3.25e-07	0.00e+00	0.00e+00	0.00e+00	0.00e+00
 3.67786e+22	2.16e-21	7.90e-09	6.29e-06	2.65e-04	2.26e-03	6.01e-03	2.21e-02	3.03e-01	4.58e-01	1.94e-01	1.46e-02	3.92e-04	1.65e-05	2.65e-07	0.00e+00	0.00e+00	0.00e+00	0.00e+00
 3.70518e+22	2.90e-21	9.72e-09	7.61e-06	3.12e-04	2.58e-03	6.67e-03	2.40e-02	3.15e-01	4.54e-01	1.84e-01	1.32e-02	3.44e-04	1.42e-05	2.22e-07	0.00e+00	0.00e+00	0.00e+00	0.00e+00
 3.72998e+22	3.87e-21	1.19e-08	9.16e-06	3.66e-04	2.93e-03	7.37e-03	2.60e-02	3.26e-01	4.50e-01	1.74e-01	1.20e-02	3.03e-04	1.23e-05	1.87e-07	0.00e+00	0.00e+00	0.00e+00	0.00e+00
 3.75839e+22	5.61e-21	1.55e-08	1.16e-05	4.48e-04	3.44e-03	8.36e-03	2.86e-02	3.41e-01	4.45e-01	1.63e-01	1.06e-02	2.57e-04	1.02e-05	1.49e-07	0.00e+00	0.00e+00	0.00e+00	0.00e+00
 3.78717e+22	7.62e-21	1.92e-08	1.41e-05	5.29e-04	3.93e-03	9.26e-03	3.10e-02	3.53e-01	4.39e-01	1.54e-01	9.52e-03	2.24e-04	8.72e-06	1.24e-07	0.00e+00	0.00e+00	0.00e+00	0.00e+00
 3.81260e+22	1.03e-20	2.38e-08	1.70e-05	6.22e-04	4.46e-03	1.02e-02	3.34e-02	3.64e-01	4.33e-01	1.45e-01	8.59e-03	1.96e-04	7.49e-06	0.00e+00	0.00e+00	0.00e+00	0.00e+00	0.00e+00
 3.84184e+22	1.51e-20	3.13e-08	2.17e-05	7.63e-04	5.25e-03	1.16e-02	3.66e-02	3.78e-01	4.25e-01	1.35e-01	7.52e-03	1.66e-04	6.16e-06	0.00e+00	0.00e+00	0.00e+00	0.00e+00	0.00e+00
 3.87160e+22	2.07e-20	3.92e-08	2.65e-05	9.04e-04	5.99e-03	1.28e-02	3.95e-02	3.90e-01	4.18e-01	1.26e-01	6.73e-03	1.44e-04	5.23e-06	0.00e+00	0.00e+00	0.00e+00	0.00e+00	0.00e+00
 3.90205e+22	3.09e-20	5.21e-08	3.40e-05	1.12e-03	7.05e-03	1.45e-02	4.33e-02	4.04e-01	4.08e-01	1.16e-01	5.84e-03	1.20e-04	4.26e-06	0.00e+00	0.00e+00	0.00e+00	0.00e+00	0.00e+00
 3.93292e+22	4.29e-20	6.58e-08	4.17e-05	1.32e-03	8.06e-03	1.60e-02	4.66e-02	4.15e-01	3.99e-01	1.08e-01	5.19e-03	1.04e-04	3.59e-06	0.00e+00	0.00e+00	0.00e+00	0.00e+00	0.00e+00
 3.96435e+22	6.42e-20	8.80e-08	5.36e-05	1.64e-03	9.48e-03	1.80e-02	5.08e-02	4.28e-01	3.88e-01	9.93e-02	4.48e-03	8.64e-05	2.91e-06	0.00e+00	0.00e+00	0.00e+00	0.00e+00	0.00e+00
 3.99658e+22	9.14e-20	1.13e-07	6.66e-05	1.96e-03	1.09e-02	2.00e-02	5.48e-02	4.39e-01	3.77e-01	9.16e-02	3.92e-03	7.32e-05	2.41e-06	0.00e+00	0.00e+00	0.00e+00	0.00e+00	0.00e+00
 4.02448e+22	1.26e-19	1.42e-07	8.09e-05	2.31e-03	1.23e-02	2.20e-02	5.84e-02	4.48e-01	3.68e-01	8.53e-02	3.49e-03	6.34e-05	2.04e-06	0.00e+00	0.00e+00	0.00e+00	0.00e+00	0.00e+00
 4.05535e+22	1.88e-19	1.90e-07	1.04e-04	2.84e-03	1.44e-02	2.46e-02	6.33e-02	4.59e-01	3.55e-01	7.76e-02	2.99e-03	5.26e-05	1.64e-06	0.00e+00	0.00e+00	0.00e+00	0.00e+00	0.00e+00
 4.08794e+22	2.67e-19	2.44e-07	1.28e-04	3.38e-03	1.65e-02	2.71e-02	6.77e-02	4.68e-01	3.43e-01	7.15e-02	2.62e-03	4.48e-05	1.37e-06	0.00e+00	0.00e+00	0.00e+00	0.00e+00	0.00e+00
 4.12274e+22	4.19e-19	3.36e-07	1.68e-04	4.24e-03	1.95e-02	3.06e-02	7.35e-02	4.78e-01	3.28e-01	6.39e-02	2.20e-03	3.62e-05	1.07e-06	0.00e+00	0.00e+00	0.00e+00	0.00e+00	0.00e+00
 4.15441e+22	5.64e-19	4.15e-07	2.01e-04	4.91e-03	2.18e-02	3.32e-02	7.76e-02	4.84e-01	3.17e-01	5.93e-02	1.95e-03	3.14e-05	9.06e-07	0.00e+00	0.00e+00	0.00e+00	0.00e+00	0.00e+00
 4.17830e+22	7.37e-19	5.03e-07	2.36e-04	5.60e-03	2.40e-02	3.55e-02	8.11e-02	4.88e-01	3.08e-01	5.54e-02	1.76e-03	2.77e-05	7.84e-07	0.00e+00	0.00e+00	0.00e+00	0.00e+00	0.00e+00
 4.20565e+22	1.04e-18	6.44e-07	2.90e-04	6.63e-03	2.72e-02	3.88e-02	8.60e-02	4.93e-01	2.96e-01	5.05e-02	1.53e-03	2.34e-05	6.45e-07	0.00e+00	0.00e+00	0.00e+00	0.00e+00	0.00e+00
 4.23451e+22	1.41e-18	8.00e-07	3.47e-04	7.68e-03	3.04e-02	4.19e-02	9.04e-02	4.97e-01	2.85e-01	4.65e-02	1.34e-03	2.01e-05	5.43e-07	0.00e+00	0.00e+00	0.00e+00	0.00e+00	0.00e+00
 4.26534e+22	2.09e-18	1.06e-06	4.38e-04	9.29e-03	3.49e-02	4.62e-02	9.62e-02	5.00e-01	2.70e-01	4.16e-02	1.14e-03	1.65e-05	4.32e-07	0.00e+00	0.00e+00	0.00e+00	0.00e+00	0.00e+00
 4.29635e+22	2.87e-18	1.33e-06	5.27e-04	1.08e-02	3.89e-02	4.98e-02	1.01e-01	5.02e-01	2.58e-01	3.80e-02	9.92e-04	1.41e-05	3.59e-07	0.00e+00	0.00e+00	0.00e+00	0.00e+00	0.00e+00
 4.32760e+22	4.21e-18	1.74e-06	6.60e-04	1.29e-02	4.44e-02	5.44e-02	1.06e-01	5.03e-01	2.44e-01	3.39e-02	8.39e-04	1.16e-05	2.87e-07	0.00e+00	0.00e+00	0.00e+00	0.00e+00	0.00e+00
 4.35931e+22	5.85e-18	2.19e-06	7.96e-04	1.51e-02	4.95e-02	5.86e-02	1.11e-01	5.02e-01	2.32e-01	3.07e-02	7.24e-04	9.78e-06	2.36e-07	0.00e+00	0.00e+00	0.00e+00	0.00e+00	0.00e+00
 4.38692e+22	7.91e-18	2.72e-06	9.48e-04	1.73e-02	5.46e-02	6.26e-02	1.16e-01	5.00e-01	2.20e-01	2.79e-02	6.31e-04	8.33e-06	1.96e-07	0.00e+00	0.00e+00	0.00e+00	0.00e+00	0.00e+00
 4.41810e+22	1.16e-17	3.56e-06	1.18e-03	2.06e-02	6.18e-02	6.79e-02	1.21e-01	4.96e-01	2.06e-01	2.46e-02	5.27e-04	6.78e-06	1.54e-07	0.00e+00	0.00e+00	0.00e+00	0.00e+00	0.00e+00
 4.45012e+22	1.59e-17	4.43e-06	1.41e-03	2.38e-02	6.82e-02	7.24e-02	1.25e-01	4.92e-01	1.94e-01	2.22e-02	4.54e-04	5.72e-06	1.27e-07	0.00e+00	0.00e+00	0.00e+00	0.00e+00	0.00e+00
 4.48325e+22	2.39e-17	5.89e-06	1.77e-03	2.85e-02	7.72e-02	7.84e-02	1.31e-01	4.84e-01	1.80e-01	1.93e-02	3.72e-04	4.56e-06	0.00e+00	0.00e+00	0.00e+00	0.00e+00	0.00e+00	0.00e+00
 4.51654e+22	3.28e-17	7.35e-06	2.11e-03	3.27e-02	8.49e-02	8.32e-02	1.35e-01	4.77e-01	1.68e-01	1.72e-02	3.17e-04	3.80e-06	0.00e+00	0.00e+00	0.00e+00	0.00e+00	0.00e+00	0.00e+00
 4.55006e+22	4.83e-17	9.63e-06	2.62e-03	3.87e-02	9.50e-02	8.91e-02	1.39e-01	4.66e-01	1.54e-01	1.49e-02	2.59e-04	3.03e-06	0.00e+00	0.00e+00	0.00e+00	0.00e+00	0.00e+00	0.00e+00
 4.58479e+22	6.84e-17	1.22e-05	3.16e-03	4.47e-02	1.05e-01	9.44e-02	1.43e-01	4.54e-01	1.43e-01	1.30e-02	2.16e-04	2.47e-06	0.00e+00	0.00e+00	0.00e+00	0.00e+00	0.00e+00	0.00e+00
 4.61580e+22	9.39e-17	1.52e-05	3.76e-03	5.11e-02	1.14e-01	9.93e-02	1.46e-01	4.43e-01	1.32e-01	1.15e-02	1.81e-04	2.03e-06	0.00e+00	0.00e+00	0.00e+00	0.00e+00	0.00e+00	0.00e+00
 4.65082e+22	1.40e-16	1.99e-05	4.64e-03	6.00e-02	1.27e-01	1.05e-01	1.49e-01	4.26e-01	1.19e-01	9.71e-03	1.45e-04	1.58e-06	0.00e+00	0.00e+00	0.00e+00	0.00e+00	0.00e+00	0.00e+00
 4.68675e+22	1.97e-16	2.51e-05	5.56e-03	6.87e-02	1.38e-01	1.10e-01	1.51e-01	4.10e-01	1.08e-01	8.35e-03	1.19e-04	1.27e-06	0.00e+00	0.00e+00	0.00e+00	0.00e+00	0.00e+00	0.00e+00
 4.71848e+22	2.70e-16	3.10e-05	6.54e-03	7.76e-02	1.49e-01	1.15e-01	1.52e-01	3.95e-01	9.85e-02	7.24e-03	9.83e-05	1.03e-06	0.00e+00	0.00e+00	0.00e+00	0.00e+00	0.00e+00	0.00e+00
 4.75432e+22	3.99e-16	4.03e-05	8.00e-03	9.00e-02	1.62e-01	1.20e-01	1.53e-01	3.74e-01	8.72e-02	6.02e-03	7.71e-05	7.85e-07	0.00e+00	0.00e+00	0.00e+00	0.00e+00	0.00e+00	0.00e+00
 4.79122e+22	5.61e-16	5.05e-05	9.48e-03	1.02e-01	1.74e-01	1.24e-01	1.53e-01	3.54e-01	7.80e-02	5.08e-03	6.20e-05	6.17e-07	0.00e+00	0.00e+00	0.00e+00	0.00e+00	0.00e+00	0.00e+00
 4.82395e+22	7.68e-16	6.20e-05	1.11e-02	1.14e-01	1.86e-01	1.27e-01	1.52e-01	3.36e-01	6.99e-02	4.33e-03	5.04e-05	4.91e-07	0.00e+00	0.00e+00	0.00e+00	0.00e+00	0.00e+00	0.00e+00
 4.86098e+22	1.14e-15	8.03e-05	1.34e-02	1.30e-01	2.00e-01	1.30e-01	1.50e-01	3.12e-01	6.04e-02	3.50e-03	3.84e-05	3.65e-07	0.00e+00	0.00e+00	0.00e+00	0.00e+00	0.00e+00	0.00e+00
 4.89889e+22	1.59e-15	9.91e-05	1.57e-02	1.45e-01	2.11e-01	1.32e-01	1.48e-01	2.91e-01	5.31e-02	2.91e-03	3.04e-05	2.83e-07	0.00e+00	0.00e+00	0.00e+00	0.00e+00	0.00e+00	0.00e+00
 4.93793e+22	2.38e-15	1.28e-04	1.89e-02	1.65e-01	2.25e-01	1.34e-01	1.44e-01	2.65e-01	4.49e-02	2.30e-03	2.26e-05	2.05e-07	0.00e+00	0.00e+00	0.00e+00	0.00e+00	0.00e+00	0.00e+00
 4.97752e+22	3.31e-15	1.58e-04	2.19e-02	1.83e-01	2.35e-01	1.35e-01	1.40e-01	2.44e-01	3.88e-02	1.87e-03	1.75e-05	1.55e-07	0.00e+00	0.00e+00	0.00e+00	0.00e+00	0.00e+00	0.00e+00
 5.01779e+22	4.92e-15	2.02e-04	2.61e-02	2.04e-01	2.47e-01	1.35e-01	1.35e-01	2.19e-01	3.24e-02	1.46e-03	1.29e-05	0.00e+00	0.00e+00	0.00e+00	0.00e+00	0.00e+00	0.00e+00	0.00e+00
 5.05913e+22	6.97e-15	2.49e-04	3.03e-02	2.24e-01	2.55e-01	1.34e-01	1.29e-01	1.98e-01	2.74e-02	1.16e-03	9.70e-06	0.00e+00	0.00e+00	0.00e+00	0.00e+00	0.00e+00	0.00e+00	0.00e+00
 5.09575e+22	9.60e-15	3.02e-04	3.46e-02	2.43e-01	2.62e-01	1.32e-01	1.24e-01	1.79e-01	2.32e-02	9.27e-04	7.41e-06	0.00e+00	0.00e+00	0.00e+00	0.00e+00	0.00e+00	0.00e+00	0.00e+00
 5.13725e+22	1.43e-14	3.82e-04	4.06e-02	2.68e-01	2.69e-01	1.29e-01	1.16e-01	1.57e-01	1.88e-02	6.97e-04	5.26e-06	0.00e+00	0.00e+00	0.00e+00	0.00e+00	0.00e+00	0.00e+00	0.00e+00
 5.17998e+22	2.02e-14	4.65e-04	4.63e-02	2.89e-01	2.74e-01	1.26e-01	1.09e-01	1.39e-01	1.56e-02	5.43e-04	3.89e-06	0.00e+00	0.00e+00	0.00e+00	0.00e+00	0.00e+00	0.00e+00	0.00e+00
 5.21803e+22	2.79e-14	5.58e-04	5.23e-02	3.09e-01	2.76e-01	1.22e-01	1.03e-01	1.24e-01	1.29e-02	4.25e-04	2.90e-06	0.00e+00	0.00e+00	0.00e+00	0.00e+00	0.00e+00	0.00e+00	0.00e+00
 5.26120e+22	4.18e-14	6.99e-04	6.06e-02	3.33e-01	2.78e-01	1.17e-01	9.45e-02	1.06e-01	1.02e-02	3.10e-04	2.00e-06	0.00e+00	0.00e+00	0.00e+00	0.00e+00	0.00e+00	0.00e+00	0.00e+00
 5.30495e+22	5.87e-14	8.37e-04	6.80e-02	3.53e-01	2.77e-01	1.12e-01	8.77e-02	9.22e-02	8.29e-03	2.38e-04	1.46e-06	0.00e+00	0.00e+00	0.00e+00	0.00e+00	0.00e+00	0.00e+00	0.00e+00
 5.34202e+22	7.96e-14	9.81e-04	7.51e-02	3.70e-01	2.76e-01	1.08e-01	8.17e-02	8.12e-02	6.86e-03	1.86e-04	1.10e-06	0.00e+00	0.00e+00	0.00e+00	0.00e+00	0.00e+00	0.00e+00	0.00e+00
 5.37635e+22	1.06e-13	1.13e-03	8.22e-02	3.86e-01	2.73e-01	1.04e-01	7.62e-02	7.20e-02	5.74e-03	1.48e-04	8.40e-07	0.00e+00	0.00e+00	0.00e+00	0.00e+00	0.00e+00	0.00e+00	0.00e+00
 5.41455e+22	1.50e-13	1.35e-03	9.16e-02	4.04e-01	2.69e-01	9.79e-02	6.96e-02	6.17e-02	4.58e-03	1.11e-04	6.00e-07	0.00e+00	0.00e+00	0.00e+00	0.00e+00	0.00e+00	0.00e+00	0.00e+00
 5.45327e+22	2.07e-13	1.57e-03	1.00e-01	4.19e-01	2.64e-01	9.30e-02	6.42e-02	5.39e-02	3.75e-03	8.60e-05	4.46e-07	0.00e+00	0.00e+00	0.00e+00	0.00e+00	0.00e+00	0.00e+00	0.00e+00
 5.48703e+22	2.74e-13	1.79e-03	1.08e-01	4.32e-01	2.59e-01	8.85e-02	5.94e-02	4.74e-02	3.11e-03	6.79e-05	3.40e-07	0.00e+00	0.00e+00	0.00e+00	0.00e+00	0.00e+00	0.00e+00	0.00e+00
 5.52531e+22	4.01e-13	2.11e-03	1.19e-01	4.47e-01	2.52e-01	8.29e-02	5.37e-02	4.02e-02	2.45e-03	5.03e-05	2.41e-07	0.00e+00	0.00e+00	0.00e+00	0.00e+00	0.00e+00	0.00e+00	0.00e+00
 5.56471e+22	5.75e-13	2.43e-03	1.29e-01	4.59e-01	2.45e-01	7.80e-02	4.91e-02	3.47e-02	1.99e-03	3.86e-05	1.77e-07	0.00e+00	0.00e+00	0.00e+00	0.00e+00	0.00e+00	0.00e+00	0.00e+00
 5.59988e+22	7.90e-13	2.77e-03	1.39e-01	4.69e-01	2.38e-01	7.35e-02	4.49e-02	3.01e-02	1.62e-03	2.99e-05	1.33e-07	0.00e+00	0.00e+00	0.00e+00	0.00e+00	0.00e+00	0.00e+00	0.00e+00
 5.63989e+22	1.24e-12	3.28e-03	1.53e-01	4.81e-01	2.29e-01	6.78e-02	4.00e-02	2.50e-02	1.25e-03	2.16e-05	0.00e+00	0.00e+00	0.00e+00	0.00e+00	0.00e+00	0.00e+00	0.00e+00	0.00e+00
 5.68058e+22	1.89e-12	3.75e-03	1.65e-01	4.89e-01	2.21e-01	6.34e-02	3.63e-02	2.15e-02	1.00e-03	1.64e-05	0.00e+00	0.00e+00	0.00e+00	0.00e+00	0.00e+00	0.00e+00	0.00e+00	0.00e+00
 5.71422e+22	2.67e-12	4.19e-03	1.75e-01	4.95e-01	2.13e-01	5.96e-02	3.33e-02	1.88e-02	8.28e-04	1.30e-05	0.00e+00	0.00e+00	0.00e+00	0.00e+00	0.00e+00	0.00e+00	0.00e+00	0.00e+00
 5.75003e+22	4.21e-12	4.81e-03	1.88e-01	5.01e-01	2.04e-01	5.52e-02	2.99e-02	1.59e-02	6.53e-04	9.70e-06	0.00e+00	0.00e+00	0.00e+00	0.00e+00	0.00e+00	0.00e+00	0.00e+00	0.00e+00
 5.78642e+22	6.69e-12	5.39e-03	2.00e-01	5.05e-01	1.96e-01	5.17e-02	2.73e-02	1.37e-02	5.34e-04	7.57e-06	0.00e+00	0.00e+00	0.00e+00	0.00e+00	0.00e+00	0.00e+00	0.00e+00	0.00e+00
 5.81861e+22	1.02e-11	6.01e-03	2.12e-01	5.08e-01	1.88e-01	4.84e-02	2.49e-02	1.19e-02	4.38e-04	5.95e-06	0.00e+00	0.00e+00	0.00e+00	0.00e+00	0.00e+00	0.00e+00	0.00e+00	0.00e+00
 5.85553e+22	2.04e-11	6.87e-03	2.27e-01	5.11e-01	1.79e-01	4.45e-02	2.21e-02	9.98e-03	3.42e-04	4.39e-06	0.00e+00	0.00e+00	0.00e+00	0.00e+00	0.00e+00	0.00e+00	0.00e+00	0.00e+00
 5.89283e+22	5.64e-11	7.67e-03	2.39e-01	5.12e-01	1.71e-01	4.14e-02	2.00e-02	8.58e-03	2.77e-04	3.39e-06	0.00e+00	0.00e+00	0.00e+00	0.00e+00	0.00e+00	0.00e+00	0.00e+00	0.00e+00
 5.92552e+22	1.08e-10	8.51e-03	2.52e-01	5.12e-01	1.63e-01	3.86e-02	1.82e-02	7.41e-03	2.25e-04	2.65e-06	0.00e+00	0.00e+00	0.00e+00	0.00e+00	0.00e+00	0.00e+00	0.00e+00	0.00e+00
 5.96293e+22	3.52e-10	9.68e-03	2.68e-01	5.11e-01	1.53e-01	3.52e-02	1.61e-02	6.16e-03	1.74e-04	1.94e-06	0.00e+00	0.00e+00	0.00e+00	0.00e+00	0.00e+00	0.00e+00	0.00e+00	0.00e+00
 6.00087e+22	2.73e-09	1.08e-02	2.82e-01	5.09e-01	1.45e-01	3.26e-02	1.45e-02	5.26e-03	1.40e-04	1.49e-06	0.00e+00	0.00e+00	0.00e+00	0.00e+00	0.00e+00	0.00e+00	0.00e+00	0.00e+00
 6.03445e+22	8.71e-09	1.19e-02	2.96e-01	5.06e-01	1.38e-01	3.02e-02	1.31e-02	4.51e-03	1.13e-04	1.15e-06	0.00e+00	0.00e+00	0.00e+00	0.00e+00	0.00e+00	0.00e+00	0.00e+00	0.00e+00
 6.07306e+22	4.04e-08	1.35e-02	3.14e-01	5.01e-01	1.29e-01	2.74e-02	1.15e-02	3.70e-03	8.64e-05	8.36e-07	0.00e+00	0.00e+00	0.00e+00	0.00e+00	0.00e+00	0.00e+00	0.00e+00	0.00e+00
 6.11216e+22	1.02e-07	1.50e-02	3.28e-01	4.97e-01	1.21e-01	2.52e-02	1.02e-02	3.14e-03	6.87e-05	6.36e-07	0.00e+00	0.00e+00	0.00e+00	0.00e+00	0.00e+00	0.00e+00	0.00e+00	0.00e+00
 6.15190e+22	1.56e-07	1.69e-02	3.47e-01	4.89e-01	1.13e-01	2.27e-02	8.91e-03	2.56e-03	5.19e-05	4.56e-07	0.00e+00	0.00e+00	0.00e+00	0.00e+00	0.00e+00	0.00e+00	0.00e+00	0.00e+00
 6.19204e+22	2.33e-07	1.87e-02	3.62e-01	4.83e-01	1.06e-01	2.08e-02	7.93e-03	2.16e-03	4.10e-05	3.45e-07	0.00e+00	0.00e+00	0.00e+00	0.00e+00	0.00e+00	0.00e+00	0.00e+00	0.00e+00
 6.23271e+22	3.54e-07	2.12e-02	3.81e-01	4.73e-01	9.74e-02	1.87e-02	6.86e-03	1.75e-03	3.07e-05	2.45e-07	0.00e+00	0.00e+00	0.00e+00	0.00e+00	0.00e+00	0.00e+00	0.00e+00	0.00e+00
 6.27391e+22	5.06e-07	2.34e-02	3.97e-01	4.65e-01	9.08e-02	1.70e-02	6.07e-03	1.46e-03	2.41e-05	1.84e-07	0.00e+00	0.00e+00	0.00e+00	0.00e+00	0.00e+00	0.00e+00	0.00e+00	0.00e+00
 6.31582e+22	7.57e-07	2.63e-02	4.16e-01	4.53e-01	8.32e-02	1.52e-02	5.21e-03	1.17e-03	1.79e-05	1.30e-07	0.00e+00	0.00e+00	0.00e+00	0.00e+00	0.00e+00	0.00e+00	0.00e+00	0.00e+00
 6.35846e+22	1.07e-06	2.90e-02	4.32e-01	4.43e-01	7.71e-02	1.37e-02	4.58e-03	9.74e-04	1.39e-05	0.00e+00	0.00e+00	0.00e+00	0.00e+00	0.00e+00	0.00e+00	0.00e+00	0.00e+00	0.00e+00
 6.40205e+22	1.56e-06	3.27e-02	4.52e-01	4.29e-01	7.01e-02	1.21e-02	3.90e-03	7.74e-04	1.01e-05	0.00e+00	0.00e+00	0.00e+00	0.00e+00	0.00e+00	0.00e+00	0.00e+00	0.00e+00	0.00e+00
 6.44649e+22	2.24e-06	3.60e-02	4.68e-01	4.17e-01	6.45e-02	1.09e-02	3.39e-03	6.37e-04	7.78e-06	0.00e+00	0.00e+00	0.00e+00	0.00e+00	0.00e+00	0.00e+00	0.00e+00	0.00e+00	0.00e+00
 6.47686e+22	2.67e-06	3.78e-02	4.75e-01	4.11e-01	6.17e-02	1.03e-02	3.16e-03	5.74e-04	6.76e-06	0.00e+00	0.00e+00	0.00e+00	0.00e+00	0.00e+00	0.00e+00	0.00e+00	0.00e+00	0.00e+00
 6.49694e+22	3.42e-06	3.93e-02	4.82e-01	4.06e-01	5.94e-02	9.85e-03	2.97e-03	5.26e-04	6.01e-06	0.00e+00	0.00e+00	0.00e+00	0.00e+00	0.00e+00	0.00e+00	0.00e+00	0.00e+00	0.00e+00
 6.51212e+22	3.79e-06	4.05e-02	4.87e-01	4.02e-01	5.79e-02	9.53e-03	2.84e-03	4.95e-04	5.53e-06	0.00e+00	0.00e+00	0.00e+00	0.00e+00	0.00e+00	0.00e+00	0.00e+00	0.00e+00	0.00e+00
 6.52518e+22	4.25e-06	4.17e-02	4.92e-01	3.98e-01	5.62e-02	9.20e-03	2.71e-03	4.64e-04	5.07e-06	0.00e+00	0.00e+00	0.00e+00	0.00e+00	0.00e+00	0.00e+00	0.00e+00	0.00e+00	0.00e+00
 6.54215e+22	4.75e-06	4.35e-02	4.99e-01	3.92e-01	5.41e-02	8.77e-03	2.55e-03	4.25e-04	4.50e-06	0.00e+00	0.00e+00	0.00e+00	0.00e+00	0.00e+00	0.00e+00	0.00e+00	0.00e+00	0.00e+00
 6.56421e+22	5.63e-06	4.60e-02	5.09e-01	3.83e-01	5.13e-02	8.21e-03	2.34e-03	3.77e-04	3.83e-06	0.00e+00	0.00e+00	0.00e+00	0.00e+00	0.00e+00	0.00e+00	0.00e+00	0.00e+00	0.00e+00
 6.58876e+22	6.63e-06	4.86e-02	5.18e-01	3.75e-01	4.86e-02	7.67e-03	2.14e-03	3.35e-04	3.26e-06	0.00e+00	0.00e+00	0.00e+00	0.00e+00	0.00e+00	0.00e+00	0.00e+00	0.00e+00	0.00e+00
 6.61654e+22	7.83e-06	5.21e-02	5.29e-01	3.64e-01	4.54e-02	7.06e-03	1.92e-03	2.88e-04	2.67e-06	0.00e+00	0.00e+00	0.00e+00	0.00e+00	0.00e+00	0.00e+00	0.00e+00	0.00e+00	0.00e+00
 6.64741e+22	9.17e-06	5.56e-02	5.40e-01	3.54e-01	4.23e-02	6.49e-03	1.72e-03	2.48e-04	2.18e-06	0.00e+00	0.00e+00	0.00e+00	0.00e+00	0.00e+00	0.00e+00	0.00e+00	0.00e+00	0.00e+00
 6.68228e+22	1.11e-05	6.05e-02	5.54e-01	3.40e-01	3.88e-02	5.83e-03	1.50e-03	2.06e-04	1.69e-06	0.00e+00	0.00e+00	0.00e+00	0.00e+00	0.00e+00	0.00e+00	0.00e+00	0.00e+00	0.00e+00
 6.71693e+22	1.27e-05	6.45e-02	5.63e-01	3.29e-01	3.61e-02	5.34e-03	1.34e-03	1.77e-04	1.39e-06	0.00e+00	0.00e+00	0.00e+00	0.00e+00	0.00e+00	0.00e+00	0.00e+00	0.00e+00	0.00e+00
 6.75127e+22	1.50e-05	6.97e-02	5.76e-01	3.15e-01	3.30e-02	4.80e-03	1.16e-03	1.47e-04	1.08e-06	0.00e+00	0.00e+00	0.00e+00	0.00e+00	0.00e+00	0.00e+00	0.00e+00	0.00e+00	0.00e+00
 6.78587e+22	1.70e-05	7.42e-02	5.85e-01	3.04e-01	3.06e-02	4.40e-03	1.04e-03	1.27e-04	8.86e-07	0.00e+00	0.00e+00	0.00e+00	0.00e+00	0.00e+00	0.00e+00	0.00e+00	0.00e+00	0.00e+00
 6.82079e+22	1.97e-05	8.02e-02	5.97e-01	2.90e-01	2.79e-02	3.93e-03	9.01e-04	1.05e-04	6.89e-07	0.00e+00	0.00e+00	0.00e+00	0.00e+00	0.00e+00	0.00e+00	0.00e+00	0.00e+00	0.00e+00
 6.85611e+22	2.23e-05	8.55e-02	6.06e-01	2.78e-01	2.57e-02	3.57e-03	7.98e-04	8.97e-05	5.58e-07	0.00e+00	0.00e+00	0.00e+00	0.00e+00	0.00e+00	0.00e+00	0.00e+00	0.00e+00	0.00e+00
 6.89193e+22	2.58e-05	9.23e-02	6.17e-01	2.63e-01	2.33e-02	3.18e-03	6.86e-04	7.39e-05	4.31e-07	0.00e+00	0.00e+00	0.00e+00	0.00e+00	0.00e+00	0.00e+00	0.00e+00	0.00e+00	0.00e+00
 6.92773e+22	2.91e-05	9.84e-02	6.26e-01	2.51e-01	2.15e-02	2.88e-03	6.04e-04	6.30e-05	3.48e-07	0.00e+00	0.00e+00	0.00e+00	0.00e+00	0.00e+00	0.00e+00	0.00e+00	0.00e+00	0.00e+00
 6.96353e+22	3.37e-05	1.07e-01	6.36e-01	2.35e-01	1.93e-02	2.53e-03	5.14e-04	5.15e-05	2.66e-07	0.00e+00	0.00e+00	0.00e+00	0.00e+00	0.00e+00	0.00e+00	0.00e+00	0.00e+00	0.00e+00
 6.99894e+22	3.76e-05	1.13e-01	6.43e-01	2.23e-01	1.78e-02	2.29e-03	4.53e-04	4.41e-05	2.16e-07	0.00e+00	0.00e+00	0.00e+00	0.00e+00	0.00e+00	0.00e+00	0.00e+00	0.00e+00	0.00e+00
 7.03385e+22	4.29e-05	1.22e-01	6.52e-01	2.08e-01	1.60e-02	2.02e-03	3.86e-04	3.63e-05	1.67e-07	0.00e+00	0.00e+00	0.00e+00	0.00e+00	0.00e+00	0.00e+00	0.00e+00	0.00e+00	0.00e+00
 7.06910e+22	4.81e-05	1.30e-01	6.58e-01	1.95e-01	1.47e-02	1.81e-03	3.37e-04	3.08e-05	1.34e-07	0.00e+00	0.00e+00	0.00e+00	0.00e+00	0.00e+00	0.00e+00	0.00e+00	0.00e+00	0.00e+00
 7.10478e+22	5.51e-05	1.40e-01	6.65e-01	1.80e-01	1.31e-02	1.58e-03	2.83e-04	2.51e-05	0.00e+00	0.00e+00	0.00e+00	0.00e+00	0.00e+00	0.00e+00	0.00e+00	0.00e+00	0.00e+00	0.00e+00
 7.13984e+22	6.14e-05	1.49e-01	6.69e-01	1.68e-01	1.20e-02	1.41e-03	2.46e-04	2.13e-05	0.00e+00	0.00e+00	0.00e+00	0.00e+00	0.00e+00	0.00e+00	0.00e+00	0.00e+00	0.00e+00	0.00e+00
 7.16947e+22	6.78e-05	1.58e-01	6.73e-01	1.57e-01	1.11e-02	1.27e-03	2.15e-04	1.83e-05	0.00e+00	0.00e+00	0.00e+00	0.00e+00	0.00e+00	0.00e+00	0.00e+00	0.00e+00	0.00e+00	0.00e+00
 7.20338e+22	7.74e-05	1.70e-01	6.77e-01	1.42e-01	9.88e-03	1.10e-03	1.79e-04	1.49e-05	0.00e+00	0.00e+00	0.00e+00	0.00e+00	0.00e+00	0.00e+00	0.00e+00	0.00e+00	0.00e+00	0.00e+00
