#depth	He	He+	He+2
 1.54284e+22	7.51e-06	2.86e-02	9.71e-01
 3.56180e+22	1.41e-05	3.90e-02	9.61e-01
 4.27598e+22	1.92e-05	4.53e-02	9.55e-01
 4.70086e+22	2.43e-05	5.09e-02	9.49e-01
 4.97379e+22	2.72e-05	5.37e-02	9.46e-01
 5.17187e+22	3.13e-05	5.75e-02	9.42e-01
 5.38083e+22	3.54e-05	6.11e-02	9.39e-01
 5.57107e+22	3.97e-05	6.45e-02	9.35e-01
 5.75337e+22	4.44e-05	6.81e-02	9.32e-01
 5.92684e+22	4.92e-05	7.16e-02	9.28e-01
 6.12096e+22	5.64e-05	7.64e-02	9.23e-01
 6.31415e+22	6.26e-05	8.04e-02	9.20e-01
 6.50611e+22	7.13e-05	8.56e-02	9.14e-01
 6.70259e+22	7.95e-05	9.01e-02	9.10e-01
 6.87849e+22	8.85e-05	9.48e-02	9.05e-01
 7.08072e+22	1.01e-04	1.01e-01	8.99e-01
 7.28543e+22	1.13e-04	1.07e-01	8.93e-01
 7.46590e+22	1.26e-04	1.12e-01	8.88e-01
 7.63211e+22	1.38e-04	1.17e-01	8.83e-01
 7.78411e+22	1.51e-04	1.22e-01	8.78e-01
 7.95854e+22	1.69e-04	1.29e-01	8.71e-01
 8.13485e+22	1.85e-04	1.34e-01	8.65e-01
 8.31359e+22	2.08e-04	1.42e-01	8.58e-01
 8.49419e+22	2.29e-04	1.48e-01	8.52e-01
 8.65093e+22	2.49e-04	1.54e-01	8.46e-01
 8.82841e+22	2.79e-04	1.62e-01	8.38e-01
 9.01013e+22	3.06e-04	1.69e-01	8.31e-01
 9.17168e+22	3.35e-04	1.76e-01	8.24e-01
 9.35601e+22	3.75e-04	1.85e-01	8.14e-01
 9.54326e+22	4.12e-04	1.93e-01	8.06e-01
 9.70847e+22	4.51e-04	2.01e-01	7.98e-01
 9.89741e+22	5.05e-04	2.12e-01	7.88e-01
 1.00901e+23	5.55e-04	2.21e-01	7.79e-01
 1.02613e+23	6.08e-04	2.29e-01	7.70e-01
 1.04577e+23	6.82e-04	2.41e-01	7.58e-01
 1.06580e+23	7.51e-04	2.51e-01	7.48e-01
 1.08633e+23	8.44e-04	2.64e-01	7.35e-01
 1.10719e+23	9.34e-04	2.76e-01	7.23e-01
 1.12545e+23	1.02e-03	2.86e-01	7.13e-01
 1.14616e+23	1.15e-03	3.00e-01	6.98e-01
 1.16757e+23	1.27e-03	3.13e-01	6.86e-01
 1.18406e+23	1.36e-03	3.22e-01	6.77e-01
 1.19968e+23	1.48e-03	3.33e-01	6.66e-01
 1.21568e+23	1.59e-03	3.42e-01	6.56e-01
 1.23218e+23	1.73e-03	3.54e-01	6.44e-01
 1.24890e+23	1.86e-03	3.64e-01	6.34e-01
 1.26358e+23	2.00e-03	3.74e-01	6.24e-01
 1.28033e+23	2.17e-03	3.87e-01	6.11e-01
 1.29756e+23	2.34e-03	3.98e-01	6.00e-01
 1.31289e+23	2.52e-03	4.08e-01	5.89e-01
 1.33030e+23	2.75e-03	4.22e-01	5.75e-01
 1.34799e+23	2.96e-03	4.33e-01	5.64e-01
 1.36606e+23	3.23e-03	4.47e-01	5.50e-01
 1.38449e+23	3.48e-03	4.59e-01	5.37e-01
 1.40339e+23	3.82e-03	4.74e-01	5.22e-01
 1.42274e+23	4.12e-03	4.86e-01	5.10e-01
 1.44266e+23	4.53e-03	5.02e-01	4.94e-01
 1.46297e+23	4.91e-03	5.15e-01	4.80e-01
 1.48105e+23	5.29e-03	5.27e-01	4.67e-01
 1.50181e+23	5.80e-03	5.43e-01	4.51e-01
 1.52320e+23	6.29e-03	5.56e-01	4.37e-01
 1.54232e+23	6.81e-03	5.70e-01	4.24e-01
 1.56409e+23	7.51e-03	5.86e-01	4.07e-01
 1.58634e+23	8.12e-03	5.99e-01	3.93e-01
 1.60919e+23	8.97e-03	6.16e-01	3.75e-01
 1.63257e+23	9.73e-03	6.29e-01	3.61e-01
 1.65666e+23	1.08e-02	6.45e-01	3.44e-01
 1.68152e+23	1.17e-02	6.59e-01	3.30e-01
 1.70739e+23	1.30e-02	6.76e-01	3.11e-01
 1.73397e+23	1.42e-02	6.88e-01	2.97e-01
 1.76149e+23	1.59e-02	7.06e-01	2.79e-01
 1.78996e+23	1.73e-02	7.18e-01	2.64e-01
 1.81968e+23	1.94e-02	7.34e-01	2.46e-01
 1.85117e+23	2.15e-02	7.48e-01	2.31e-01
 1.88371e+23	2.42e-02	7.63e-01	2.13e-01
 1.91832e+23	2.70e-02	7.75e-01	1.98e-01
 1.94676e+23	2.91e-02	7.84e-01	1.87e-01
 1.97365e+23	3.21e-02	7.94e-01	1.74e-01
 2.00182e+23	3.47e-02	8.01e-01	1.64e-01
 2.03168e+23	3.87e-02	8.10e-01	1.51e-01
 2.06268e+23	4.21e-02	8.17e-01	1.41e-01
 2.09486e+23	4.71e-02	8.25e-01	1.28e-01
 2.12887e+23	5.17e-02	8.30e-01	1.18e-01
 2.15788e+23	5.58e-02	8.34e-01	1.11e-01
 2.18786e+23	6.16e-02	8.37e-01	1.01e-01
 2.21819e+23	6.64e-02	8.39e-01	9.42e-02
 2.24897e+23	7.34e-02	8.41e-01	8.55e-02
 2.28029e+23	7.94e-02	8.41e-01	7.91e-02
 2.31214e+23	8.76e-02	8.41e-01	7.16e-02
 2.34486e+23	9.50e-02	8.39e-01	6.58e-02
 2.37783e+23	1.05e-01	8.36e-01	5.92e-02
 2.41141e+23	1.14e-01	8.32e-01	5.40e-02
 2.44519e+23	1.25e-01	8.26e-01	4.84e-02
 2.47970e+23	1.36e-01	8.20e-01	4.39e-02
 2.51446e+23	1.50e-01	8.11e-01	3.91e-02
 2.55006e+23	1.63e-01	8.02e-01	3.51e-02
 2.58594e+23	1.80e-01	7.89e-01	3.11e-02
 2.62284e+23	1.96e-01	7.76e-01	2.77e-02
 2.64569e+23	2.02e-01	7.72e-01	2.68e-02
 2.65431e+23	2.06e-01	7.68e-01	2.61e-02
 2.66195e+23	2.09e-01	7.65e-01	2.55e-02
 2.66995e+23	2.14e-01	7.61e-01	2.48e-02
 2.67799e+23	2.18e-01	7.58e-01	2.42e-02
 2.68594e+23	2.22e-01	7.54e-01	2.35e-02
 2.69381e+23	2.26e-01	7.51e-01	2.30e-02
 2.70178e+23	2.31e-01	7.47e-01	2.24e-02
 2.70969e+23	2.35e-01	7.43e-01	2.18e-02
 2.71756e+23	2.40e-01	7.39e-01	2.13e-02
 2.72534e+23	2.44e-01	7.35e-01	2.08e-02
 2.73318e+23	2.48e-01	7.31e-01	2.03e-02
 2.74120e+23	2.53e-01	7.27e-01	1.97e-02
 2.74885e+23	2.58e-01	7.23e-01	1.93e-02
 2.75625e+23	2.62e-01	7.19e-01	1.88e-02
 2.76379e+23	2.67e-01	7.15e-01	1.84e-02
 2.77138e+23	2.72e-01	7.10e-01	1.80e-02
 2.77875e+23	2.77e-01	7.06e-01	1.75e-02
 2.78596e+23	2.81e-01	7.02e-01	1.72e-02
 2.79337e+23	2.86e-01	6.97e-01	1.68e-02
 2.80085e+23	2.91e-01	6.92e-01	1.64e-02
 2.80794e+23	2.95e-01	6.88e-01	1.61e-02
 2.81526e+23	3.01e-01	6.83e-01	1.57e-02
 2.82250e+23	3.05e-01	6.79e-01	1.55e-02
 2.82979e+23	3.11e-01	6.74e-01	1.51e-02
 2.83711e+23	3.15e-01	6.70e-01	1.48e-02
 2.84414e+23	3.21e-01	6.64e-01	1.45e-02
 2.85096e+23	3.25e-01	6.60e-01	1.43e-02
 2.85784e+23	3.30e-01	6.56e-01	1.40e-02
 2.86511e+23	3.36e-01	6.50e-01	1.37e-02
 2.87186e+23	3.40e-01	6.46e-01	1.36e-02
 2.87887e+23	3.46e-01	6.40e-01	1.33e-02
 2.88601e+23	3.51e-01	6.36e-01	1.31e-02
 2.89277e+23	3.56e-01	6.31e-01	1.29e-02
 2.89963e+23	3.61e-01	6.26e-01	1.27e-02
 2.90637e+23	3.67e-01	6.21e-01	1.25e-02
 2.91297e+23	3.71e-01	6.16e-01	1.24e-02
 2.91980e+23	3.77e-01	6.11e-01	1.22e-02
 2.92672e+23	3.82e-01	6.06e-01	1.21e-02
 2.93333e+23	3.87e-01	6.01e-01	1.20e-02
 2.93997e+23	3.93e-01	5.96e-01	1.18e-02
 2.94674e+23	3.98e-01	5.90e-01	1.17e-02
 2.95356e+23	4.03e-01	5.85e-01	1.16e-02
 2.96048e+23	4.09e-01	5.80e-01	1.15e-02
 2.96742e+23	4.15e-01	5.74e-01	1.14e-02
 2.97428e+23	4.21e-01	5.68e-01	1.13e-02
 2.98107e+23	4.26e-01	5.63e-01	1.12e-02
 2.98794e+23	4.32e-01	5.57e-01	1.12e-02
 2.99502e+23	4.38e-01	5.51e-01	1.11e-02
 3.00138e+23	4.43e-01	5.46e-01	1.11e-02
 3.00654e+23	4.47e-01	5.42e-01	1.10e-02
 3.01145e+23	4.52e-01	5.37e-01	1.10e-02
 3.01666e+23	4.57e-01	5.32e-01	1.09e-02
 3.02204e+23	4.62e-01	5.27e-01	1.09e-02
 3.02733e+23	4.67e-01	5.23e-01	1.08e-02
 3.03255e+23	4.72e-01	5.18e-01	1.08e-02
 3.03777e+23	4.77e-01	5.13e-01	1.08e-02
 3.04300e+23	4.82e-01	5.08e-01	1.07e-02
 3.04823e+23	4.87e-01	5.02e-01	1.07e-02
 3.05343e+23	4.92e-01	4.97e-01	1.06e-02
 3.05861e+23	4.98e-01	4.92e-01	1.06e-02
 3.06380e+23	5.03e-01	4.86e-01	1.05e-02
 3.06901e+23	5.08e-01	4.81e-01	1.05e-02
 3.07422e+23	5.14e-01	4.76e-01	1.04e-02
 3.07940e+23	5.20e-01	4.70e-01	1.04e-02
 3.08383e+23	5.24e-01	4.66e-01	1.04e-02
