#depth	O	O+	O+2	O+3	O+4	O+5	O+6	O+7	O+8	O[1]	O[2]	O[3]
 1.54284e+22	2.45e-09	3.10e-05	1.16e-02	2.16e-01	3.46e-01	2.57e-01	1.64e-01	5.75e-03	4.98e-05	2.45e-09	6.69e-18	8.15e-18
 3.56180e+22	9.12e-09	8.31e-05	2.26e-02	3.04e-01	3.60e-01	2.11e-01	9.94e-02	2.49e-03	1.55e-05	9.12e-09	2.68e-17	3.25e-17
 4.27598e+22	1.73e-08	1.32e-04	3.06e-02	3.50e-01	3.57e-01	1.85e-01	7.56e-02	1.60e-03	8.44e-06	1.73e-08	5.39e-17	6.51e-17
 4.70086e+22	2.82e-08	1.87e-04	3.82e-02	3.85e-01	3.50e-01	1.65e-01	6.03e-02	1.12e-03	5.20e-06	2.82e-08	9.27e-17	1.12e-16
 4.97379e+22	3.54e-08	2.19e-04	4.22e-02	4.00e-01	3.46e-01	1.56e-01	5.41e-02	9.47e-04	4.13e-06	3.54e-08	1.19e-16	1.44e-16
 5.17187e+22	4.73e-08	2.69e-04	4.79e-02	4.21e-01	3.39e-01	1.45e-01	4.69e-02	7.58e-04	3.06e-06	4.73e-08	1.65e-16	1.99e-16
 5.38083e+22	6.07e-08	3.20e-04	5.33e-02	4.37e-01	3.32e-01	1.35e-01	4.12e-02	6.23e-04	2.35e-06	6.07e-08	2.18e-16	2.64e-16
 5.57107e+22	7.66e-08	3.76e-04	5.88e-02	4.53e-01	3.25e-01	1.26e-01	3.65e-02	5.16e-04	1.83e-06	7.66e-08	2.84e-16	3.43e-16
 5.75337e+22	9.60e-08	4.39e-04	6.45e-02	4.67e-01	3.18e-01	1.17e-01	3.23e-02	4.29e-04	1.43e-06	9.60e-08	3.67e-16	4.43e-16
 5.92684e+22	1.18e-07	5.06e-04	7.03e-02	4.80e-01	3.11e-01	1.09e-01	2.88e-02	3.60e-04	1.13e-06	1.18e-07	4.65e-16	5.61e-16
 6.12096e+22	1.55e-07	6.09e-04	7.83e-02	4.96e-01	3.00e-01	9.98e-02	2.47e-02	2.85e-04	8.32e-07	1.55e-07	6.32e-16	7.63e-16
 6.31415e+22	1.91e-07	7.01e-04	8.50e-02	5.08e-01	2.92e-01	9.28e-02	2.19e-02	2.38e-04	6.54e-07	1.91e-07	7.99e-16	9.63e-16
 6.50611e+22	2.48e-07	8.35e-04	9.40e-02	5.21e-01	2.81e-01	8.44e-02	1.87e-02	1.89e-04	4.82e-07	2.48e-07	1.07e-15	1.29e-15
 6.70259e+22	3.07e-07	9.66e-04	1.02e-01	5.32e-01	2.71e-01	7.77e-02	1.64e-02	1.55e-04	3.72e-07	3.07e-07	1.37e-15	1.65e-15
 6.87849e+22	3.79e-07	1.11e-03	1.10e-01	5.41e-01	2.62e-01	7.16e-02	1.44e-02	1.28e-04	2.88e-07	3.79e-07	1.73e-15	2.08e-15
 7.08072e+22	4.95e-07	1.33e-03	1.22e-01	5.51e-01	2.49e-01	6.42e-02	1.21e-02	9.92e-05	2.07e-07	4.95e-07	2.34e-15	2.81e-15
 7.28543e+22	6.15e-07	1.53e-03	1.32e-01	5.59e-01	2.39e-01	5.85e-02	1.05e-02	8.03e-05	1.57e-07	6.15e-07	2.99e-15	3.59e-15
 7.46590e+22	7.56e-07	1.76e-03	1.42e-01	5.65e-01	2.29e-01	5.34e-02	9.14e-03	6.55e-05	0.00e+00	7.56e-07	3.77e-15	4.53e-15
 7.63211e+22	9.05e-07	1.98e-03	1.51e-01	5.69e-01	2.20e-01	4.93e-02	8.08e-03	5.47e-05	0.00e+00	9.05e-07	4.62e-15	5.54e-15
 7.78411e+22	1.07e-06	2.22e-03	1.60e-01	5.73e-01	2.12e-01	4.55e-02	7.17e-03	4.59e-05	0.00e+00	1.07e-06	5.61e-15	6.73e-15
 7.95854e+22	1.34e-06	2.56e-03	1.73e-01	5.77e-01	2.01e-01	4.10e-02	6.13e-03	3.66e-05	0.00e+00	1.34e-06	7.19e-15	8.62e-15
 8.13485e+22	1.59e-06	2.87e-03	1.83e-01	5.78e-01	1.93e-01	3.77e-02	5.40e-03	3.04e-05	0.00e+00	1.59e-06	8.76e-15	1.05e-14
 8.31359e+22	1.98e-06	3.31e-03	1.96e-01	5.80e-01	1.82e-01	3.38e-02	4.60e-03	2.41e-05	0.00e+00	1.98e-06	1.12e-14	1.34e-14
 8.49419e+22	2.38e-06	3.72e-03	2.08e-01	5.80e-01	1.74e-01	3.08e-02	4.01e-03	1.98e-05	0.00e+00	2.38e-06	1.38e-14	1.65e-14
 8.65093e+22	2.81e-06	4.15e-03	2.20e-01	5.79e-01	1.66e-01	2.81e-02	3.53e-03	1.64e-05	0.00e+00	2.81e-06	1.67e-14	1.99e-14
 8.82841e+22	3.47e-06	4.76e-03	2.35e-01	5.77e-01	1.56e-01	2.51e-02	2.99e-03	1.29e-05	0.00e+00	3.47e-06	2.13e-14	2.54e-14
 9.01013e+22	4.15e-06	5.34e-03	2.48e-01	5.74e-01	1.48e-01	2.27e-02	2.60e-03	1.05e-05	0.00e+00	4.15e-06	2.61e-14	3.11e-14
 9.17168e+22	4.91e-06	5.96e-03	2.61e-01	5.70e-01	1.40e-01	2.06e-02	2.26e-03	8.65e-06	0.00e+00	4.91e-06	3.17e-14	3.78e-14
 9.35601e+22	6.09e-06	6.84e-03	2.78e-01	5.64e-01	1.31e-01	1.82e-02	1.90e-03	6.71e-06	0.00e+00	6.09e-06	4.06e-14	4.84e-14
 9.54326e+22	7.27e-06	7.67e-03	2.93e-01	5.59e-01	1.23e-01	1.64e-02	1.63e-03	5.41e-06	0.00e+00	7.27e-06	4.98e-14	5.93e-14
 9.70847e+22	8.61e-06	8.55e-03	3.07e-01	5.52e-01	1.16e-01	1.48e-02	1.41e-03	4.39e-06	0.00e+00	8.61e-06	6.07e-14	7.22e-14
 9.89741e+22	1.07e-05	9.80e-03	3.26e-01	5.43e-01	1.07e-01	1.29e-02	1.17e-03	3.37e-06	0.00e+00	1.07e-05	7.79e-14	9.26e-14
 1.00901e+23	1.27e-05	1.10e-02	3.42e-01	5.34e-01	1.00e-01	1.15e-02	1.00e-03	2.68e-06	0.00e+00	1.27e-05	9.58e-14	1.14e-13
 1.02613e+23	1.51e-05	1.22e-02	3.58e-01	5.25e-01	9.40e-02	1.03e-02	8.57e-04	2.15e-06	0.00e+00	1.51e-05	1.17e-13	1.39e-13
 1.04577e+23	1.87e-05	1.40e-02	3.78e-01	5.12e-01	8.62e-02	8.87e-03	7.01e-04	1.62e-06	0.00e+00	1.87e-05	1.51e-13	1.79e-13
 1.06580e+23	2.24e-05	1.57e-02	3.96e-01	5.00e-01	8.00e-02	7.83e-03	5.92e-04	1.27e-06	0.00e+00	2.24e-05	1.87e-13	2.21e-13
 1.08633e+23	2.79e-05	1.81e-02	4.18e-01	4.84e-01	7.27e-02	6.68e-03	4.78e-04	9.38e-07	0.00e+00	2.79e-05	2.43e-13	2.88e-13
 1.10719e+23	3.36e-05	2.03e-02	4.36e-01	4.70e-01	6.68e-02	5.82e-03	3.98e-04	7.22e-07	0.00e+00	3.36e-05	3.02e-13	3.58e-13
 1.12545e+23	3.98e-05	2.26e-02	4.53e-01	4.57e-01	6.17e-02	5.12e-03	3.35e-04	5.66e-07	0.00e+00	3.98e-05	3.71e-13	4.40e-13
 1.14616e+23	4.94e-05	2.59e-02	4.75e-01	4.39e-01	5.56e-02	4.32e-03	2.68e-04	4.12e-07	0.00e+00	4.94e-05	4.81e-13	5.70e-13
 1.16757e+23	5.93e-05	2.91e-02	4.94e-01	4.22e-01	5.07e-02	3.73e-03	2.21e-04	3.14e-07	0.00e+00	5.93e-05	5.99e-13	7.10e-13
 1.18406e+23	6.73e-05	3.15e-02	5.07e-01	4.11e-01	4.74e-02	3.36e-03	1.92e-04	2.58e-07	0.00e+00	6.73e-05	6.99e-13	8.29e-13
 1.19968e+23	7.89e-05	3.47e-02	5.23e-01	3.96e-01	4.36e-02	2.94e-03	1.61e-04	2.02e-07	0.00e+00	7.89e-05	8.48e-13	1.01e-12
 1.21568e+23	8.99e-05	3.77e-02	5.36e-01	3.83e-01	4.05e-02	2.62e-03	1.39e-04	1.64e-07	0.00e+00	8.99e-05	9.95e-13	1.18e-12
 1.23218e+23	1.06e-04	4.17e-02	5.52e-01	3.67e-01	3.70e-02	2.27e-03	1.16e-04	1.26e-07	0.00e+00	1.06e-04	1.21e-12	1.44e-12
 1.24890e+23	1.21e-04	4.53e-02	5.64e-01	3.54e-01	3.42e-02	2.01e-03	9.89e-05	0.00e+00	0.00e+00	1.21e-04	1.43e-12	1.70e-12
 1.26358e+23	1.37e-04	4.90e-02	5.76e-01	3.41e-01	3.17e-02	1.79e-03	8.50e-05	0.00e+00	0.00e+00	1.37e-04	1.67e-12	1.98e-12
 1.28033e+23	1.61e-04	5.40e-02	5.91e-01	3.25e-01	2.88e-02	1.54e-03	7.02e-05	0.00e+00	0.00e+00	1.61e-04	2.04e-12	2.42e-12
 1.29756e+23	1.84e-04	5.87e-02	6.03e-01	3.11e-01	2.64e-02	1.35e-03	5.93e-05	0.00e+00	0.00e+00	1.84e-04	2.41e-12	2.86e-12
 1.31289e+23	2.10e-04	6.36e-02	6.14e-01	2.97e-01	2.42e-02	1.19e-03	5.03e-05	0.00e+00	0.00e+00	2.10e-04	2.84e-12	3.36e-12
 1.33030e+23	2.48e-04	7.03e-02	6.27e-01	2.80e-01	2.17e-02	1.00e-03	4.07e-05	0.00e+00	0.00e+00	2.48e-04	3.49e-12	4.13e-12
 1.34799e+23	2.83e-04	7.61e-02	6.36e-01	2.66e-01	1.98e-02	8.76e-04	3.42e-05	0.00e+00	0.00e+00	2.83e-04	4.11e-12	4.87e-12
 1.36606e+23	3.34e-04	8.41e-02	6.48e-01	2.49e-01	1.76e-02	7.34e-04	2.74e-05	0.00e+00	0.00e+00	3.34e-04	5.07e-12	6.00e-12
 1.38449e+23	3.82e-04	9.13e-02	6.56e-01	2.36e-01	1.59e-02	6.33e-04	2.28e-05	0.00e+00	0.00e+00	3.82e-04	6.01e-12	7.11e-12
 1.40339e+23	4.52e-04	1.01e-01	6.65e-01	2.19e-01	1.40e-02	5.24e-04	1.80e-05	0.00e+00	0.00e+00	4.52e-04	7.44e-12	8.81e-12
 1.42274e+23	5.19e-04	1.10e-01	6.72e-01	2.05e-01	1.26e-02	4.45e-04	1.47e-05	0.00e+00	0.00e+00	5.19e-04	8.88e-12	1.05e-11
 1.44266e+23	6.17e-04	1.21e-01	6.78e-01	1.88e-01	1.09e-02	3.63e-04	1.14e-05	0.00e+00	0.00e+00	6.17e-04	1.11e-11	1.31e-11
 1.46297e+23	7.11e-04	1.32e-01	6.82e-01	1.75e-01	9.69e-03	3.04e-04	9.21e-06	0.00e+00	0.00e+00	7.11e-04	1.33e-11	1.57e-11
 1.48105e+23	8.15e-04	1.43e-01	6.85e-01	1.62e-01	8.62e-03	2.56e-04	7.45e-06	0.00e+00	0.00e+00	8.15e-04	1.58e-11	1.87e-11
 1.50181e+23	9.64e-04	1.57e-01	6.86e-01	1.47e-01	7.42e-03	2.06e-04	5.71e-06	0.00e+00	0.00e+00	9.64e-04	1.97e-11	2.33e-11
 1.52320e+23	1.11e-03	1.71e-01	6.86e-01	1.35e-01	6.49e-03	1.69e-04	4.51e-06	0.00e+00	0.00e+00	1.11e-03	2.38e-11	2.81e-11
 1.54232e+23	1.28e-03	1.85e-01	6.84e-01	1.24e-01	5.69e-03	1.40e-04	3.58e-06	0.00e+00	0.00e+00	1.28e-03	2.85e-11	3.37e-11
 1.56409e+23	1.52e-03	2.04e-01	6.79e-01	1.10e-01	4.80e-03	1.09e-04	2.66e-06	0.00e+00	0.00e+00	1.52e-03	3.59e-11	4.23e-11
 1.58634e+23	1.75e-03	2.20e-01	6.74e-01	1.00e-01	4.16e-03	8.88e-05	2.08e-06	0.00e+00	0.00e+00	1.75e-03	4.30e-11	5.07e-11
 1.60919e+23	2.08e-03	2.43e-01	6.64e-01	8.78e-02	3.46e-03	6.79e-05	1.51e-06	0.00e+00	0.00e+00	2.08e-03	5.41e-11	6.39e-11
 1.63257e+23	2.39e-03	2.62e-01	6.54e-01	7.86e-02	2.97e-03	5.43e-05	1.16e-06	0.00e+00	0.00e+00	2.39e-03	6.51e-11	7.68e-11
 1.65666e+23	2.85e-03	2.87e-01	6.39e-01	6.80e-02	2.44e-03	4.07e-05	8.31e-07	0.00e+00	0.00e+00	2.85e-03	8.21e-11	9.69e-11
 1.68152e+23	3.29e-03	3.10e-01	6.25e-01	5.99e-02	2.06e-03	3.18e-05	6.23e-07	0.00e+00	0.00e+00	3.29e-03	9.95e-11	1.17e-10
 1.70739e+23	3.93e-03	3.40e-01	6.04e-01	5.06e-02	1.65e-03	2.30e-05	4.30e-07	0.00e+00	0.00e+00	3.93e-03	1.27e-10	1.50e-10
 1.73397e+23	4.53e-03	3.65e-01	5.85e-01	4.39e-02	1.38e-03	1.76e-05	3.18e-07	0.00e+00	0.00e+00	4.53e-03	1.54e-10	1.82e-10
 1.76149e+23	5.45e-03	4.00e-01	5.57e-01	3.61e-02	1.08e-03	1.22e-05	2.10e-07	0.00e+00	0.00e+00	5.45e-03	1.98e-10	2.34e-10
 1.78996e+23	6.29e-03	4.29e-01	5.34e-01	3.07e-02	8.84e-04	9.11e-06	1.51e-07	0.00e+00	0.00e+00	6.29e-03	2.42e-10	2.86e-10
 1.81968e+23	7.56e-03	4.67e-01	5.00e-01	2.45e-02	6.77e-04	6.12e-06	0.00e+00	0.00e+00	0.00e+00	7.56e-03	3.14e-10	3.71e-10
 1.85117e+23	8.84e-03	5.01e-01	4.69e-01	2.00e-02	5.34e-04	4.28e-06	0.00e+00	0.00e+00	0.00e+00	8.84e-03	3.92e-10	4.63e-10
 1.88371e+23	1.06e-02	5.42e-01	4.31e-01	1.55e-02	4.00e-04	2.76e-06	0.00e+00	0.00e+00	0.00e+00	1.06e-02	5.09e-10	6.02e-10
 1.91832e+23	1.25e-02	5.79e-01	3.96e-01	1.21e-02	3.06e-04	1.82e-06	0.00e+00	0.00e+00	0.00e+00	1.25e-02	6.44e-10	7.63e-10
 1.94676e+23	1.39e-02	6.04e-01	3.72e-01	1.02e-02	2.54e-04	1.36e-06	0.00e+00	0.00e+00	0.00e+00	1.39e-02	7.55e-10	8.94e-10
 1.97365e+23	1.59e-02	6.35e-01	3.40e-01	8.06e-03	1.98e-04	9.21e-07	0.00e+00	0.00e+00	0.00e+00	1.59e-02	9.28e-10	1.10e-09
 2.00182e+23	1.78e-02	6.60e-01	3.15e-01	6.60e-03	1.61e-04	6.63e-07	0.00e+00	0.00e+00	0.00e+00	1.78e-02	1.10e-09	1.30e-09
 2.03168e+23	2.05e-02	6.92e-01	2.82e-01	5.01e-03	1.21e-04	4.24e-07	0.00e+00	0.00e+00	0.00e+00	2.05e-02	1.37e-09	1.62e-09
 2.06268e+23	2.29e-02	7.16e-01	2.57e-01	3.99e-03	9.67e-05	2.94e-07	0.00e+00	0.00e+00	0.00e+00	2.29e-02	1.63e-09	1.93e-09
 2.09486e+23	2.65e-02	7.45e-01	2.25e-01	2.94e-03	7.16e-05	1.80e-07	0.00e+00	0.00e+00	0.00e+00	2.65e-02	2.04e-09	2.42e-09
 2.12887e+23	2.98e-02	7.68e-01	2.00e-01	2.24e-03	5.52e-05	0.00e+00	0.00e+00	0.00e+00	0.00e+00	2.98e-02	2.46e-09	2.92e-09
 2.15788e+23	3.26e-02	7.84e-01	1.82e-01	1.80e-03	4.48e-05	0.00e+00	0.00e+00	0.00e+00	0.00e+00	3.26e-02	2.85e-09	3.39e-09
 2.18786e+23	3.67e-02	8.03e-01	1.59e-01	1.34e-03	3.39e-05	0.00e+00	0.00e+00	0.00e+00	0.00e+00	3.67e-02	3.47e-09	4.13e-09
 2.21819e+23	4.00e-02	8.16e-01	1.43e-01	1.06e-03	2.73e-05	0.00e+00	0.00e+00	0.00e+00	0.00e+00	4.00e-02	4.01e-09	4.78e-09
 2.24897e+23	4.50e-02	8.31e-01	1.23e-01	7.77e-04	2.05e-05	0.00e+00	0.00e+00	0.00e+00	0.00e+00	4.50e-02	4.87e-09	5.79e-09
 2.28029e+23	4.91e-02	8.41e-01	1.10e-01	6.07e-04	1.63e-05	0.00e+00	0.00e+00	0.00e+00	0.00e+00	4.91e-02	5.63e-09	6.66e-09
 2.31214e+23	5.48e-02	8.51e-01	9.37e-02	4.39e-04	1.21e-05	0.00e+00	0.00e+00	0.00e+00	0.00e+00	5.48e-02	6.78e-09	7.99e-09
 2.34486e+23	5.98e-02	8.58e-01	8.22e-02	3.36e-04	9.53e-06	0.00e+00	0.00e+00	0.00e+00	0.00e+00	5.98e-02	7.87e-09	9.22e-09
 2.37783e+23	6.67e-02	8.64e-01	6.95e-02	2.41e-04	7.03e-06	0.00e+00	0.00e+00	0.00e+00	0.00e+00	6.67e-02	9.46e-09	1.10e-08
 2.41141e+23	7.28e-02	8.67e-01	6.02e-02	1.82e-04	5.44e-06	0.00e+00	0.00e+00	0.00e+00	0.00e+00	7.28e-02	1.10e-08	1.27e-08
 2.44519e+23	8.11e-02	8.68e-01	5.04e-02	1.29e-04	3.98e-06	0.00e+00	0.00e+00	0.00e+00	0.00e+00	8.11e-02	1.32e-08	1.52e-08
 2.47970e+23	8.88e-02	8.68e-01	4.30e-02	9.61e-05	3.02e-06	0.00e+00	0.00e+00	0.00e+00	0.00e+00	8.88e-02	1.54e-08	1.76e-08
 2.51446e+23	9.89e-02	8.66e-01	3.54e-02	6.77e-05	2.18e-06	0.00e+00	0.00e+00	0.00e+00	0.00e+00	9.89e-02	1.85e-08	2.10e-08
 2.55006e+23	1.09e-01	8.61e-01	2.96e-02	4.91e-05	1.62e-06	0.00e+00	0.00e+00	0.00e+00	0.00e+00	1.09e-01	2.19e-08	2.46e-08
 2.58594e+23	1.22e-01	8.54e-01	2.39e-02	3.42e-05	1.14e-06	0.00e+00	0.00e+00	0.00e+00	0.00e+00	1.22e-01	2.63e-08	2.95e-08
 2.62284e+23	1.36e-01	8.45e-01	1.94e-02	2.41e-05	8.13e-07	0.00e+00	0.00e+00	0.00e+00	0.00e+00	1.36e-01	3.15e-08	3.51e-08
 2.64569e+23	1.41e-01	8.41e-01	1.82e-02	2.17e-05	7.33e-07	0.00e+00	0.00e+00	0.00e+00	0.00e+00	1.41e-01	3.31e-08	3.68e-08
 2.65431e+23	1.44e-01	8.38e-01	1.73e-02	2.01e-05	6.80e-07	0.00e+00	0.00e+00	0.00e+00	0.00e+00	1.44e-01	3.44e-08	3.82e-08
 2.66195e+23	1.48e-01	8.36e-01	1.65e-02	1.86e-05	6.29e-07	0.00e+00	0.00e+00	0.00e+00	0.00e+00	1.48e-01	3.58e-08	3.97e-08
 2.66995e+23	1.52e-01	8.32e-01	1.56e-02	1.72e-05	5.79e-07	0.00e+00	0.00e+00	0.00e+00	0.00e+00	1.52e-01	3.74e-08	4.14e-08
 2.67799e+23	1.56e-01	8.29e-01	1.48e-02	1.58e-05	5.34e-07	0.00e+00	0.00e+00	0.00e+00	0.00e+00	1.56e-01	3.90e-08	4.31e-08
 2.68594e+23	1.60e-01	8.26e-01	1.41e-02	1.46e-05	4.92e-07	0.00e+00	0.00e+00	0.00e+00	0.00e+00	1.60e-01	4.07e-08	4.49e-08
 2.69381e+23	1.64e-01	8.22e-01	1.34e-02	1.35e-05	4.54e-07	0.00e+00	0.00e+00	0.00e+00	0.00e+00	1.64e-01	4.23e-08	4.67e-08
 2.70178e+23	1.69e-01	8.18e-01	1.26e-02	1.24e-05	4.16e-07	0.00e+00	0.00e+00	0.00e+00	0.00e+00	1.69e-01	4.42e-08	4.87e-08
 2.70969e+23	1.74e-01	8.14e-01	1.20e-02	1.15e-05	3.84e-07	0.00e+00	0.00e+00	0.00e+00	0.00e+00	1.74e-01	4.61e-08	5.07e-08
 2.71756e+23	1.79e-01	8.10e-01	1.13e-02	1.06e-05	3.51e-07	0.00e+00	0.00e+00	0.00e+00	0.00e+00	1.79e-01	4.81e-08	5.29e-08
 2.72534e+23	1.83e-01	8.06e-01	1.07e-02	9.78e-06	3.24e-07	0.00e+00	0.00e+00	0.00e+00	0.00e+00	1.83e-01	5.01e-08	5.51e-08
 2.73318e+23	1.89e-01	8.01e-01	1.01e-02	9.00e-06	2.97e-07	0.00e+00	0.00e+00	0.00e+00	0.00e+00	1.89e-01	5.23e-08	5.75e-08
 2.74120e+23	1.94e-01	7.96e-01	9.50e-03	8.27e-06	2.71e-07	0.00e+00	0.00e+00	0.00e+00	0.00e+00	1.94e-01	5.46e-08	6.00e-08
 2.74885e+23	2.00e-01	7.91e-01	8.96e-03	7.64e-06	2.49e-07	0.00e+00	0.00e+00	0.00e+00	0.00e+00	2.00e-01	5.69e-08	6.25e-08
 2.75625e+23	2.06e-01	7.86e-01	8.46e-03	7.07e-06	2.28e-07	0.00e+00	0.00e+00	0.00e+00	0.00e+00	2.06e-01	5.93e-08	6.51e-08
 2.76379e+23	2.12e-01	7.80e-01	7.96e-03	6.51e-06	2.09e-07	0.00e+00	0.00e+00	0.00e+00	0.00e+00	2.12e-01	6.19e-08	6.79e-08
 2.77138e+23	2.18e-01	7.74e-01	7.48e-03	6.00e-06	1.90e-07	0.00e+00	0.00e+00	0.00e+00	0.00e+00	2.18e-01	6.45e-08	7.08e-08
 2.77875e+23	2.25e-01	7.68e-01	7.03e-03	5.53e-06	1.74e-07	0.00e+00	0.00e+00	0.00e+00	0.00e+00	2.25e-01	6.73e-08	7.38e-08
 2.78596e+23	2.31e-01	7.62e-01	6.63e-03	5.13e-06	1.60e-07	0.00e+00	0.00e+00	0.00e+00	0.00e+00	2.31e-01	7.00e-08	7.68e-08
 2.79337e+23	2.38e-01	7.55e-01	6.20e-03	4.71e-06	1.45e-07	0.00e+00	0.00e+00	0.00e+00	0.00e+00	2.38e-01	7.31e-08	8.02e-08
 2.80085e+23	2.46e-01	7.48e-01	5.80e-03	4.34e-06	1.32e-07	0.00e+00	0.00e+00	0.00e+00	0.00e+00	2.46e-01	7.63e-08	8.36e-08
 2.80794e+23	2.53e-01	7.42e-01	5.46e-03	4.02e-06	0.00e+00	0.00e+00	0.00e+00	0.00e+00	0.00e+00	2.53e-01	7.93e-08	8.70e-08
 2.81526e+23	2.62e-01	7.33e-01	5.08e-03	3.68e-06	0.00e+00	0.00e+00	0.00e+00	0.00e+00	0.00e+00	2.62e-01	8.29e-08	9.09e-08
 2.82250e+23	2.69e-01	7.26e-01	4.77e-03	3.42e-06	0.00e+00	0.00e+00	0.00e+00	0.00e+00	0.00e+00	2.69e-01	8.62e-08	9.46e-08
 2.82979e+23	2.78e-01	7.17e-01	4.42e-03	3.13e-06	0.00e+00	0.00e+00	0.00e+00	0.00e+00	0.00e+00	2.78e-01	9.01e-08	9.89e-08
 2.83711e+23	2.87e-01	7.09e-01	4.13e-03	2.89e-06	0.00e+00	0.00e+00	0.00e+00	0.00e+00	0.00e+00	2.87e-01	9.38e-08	1.03e-07
 2.84414e+23	2.97e-01	6.99e-01	3.83e-03	2.64e-06	0.00e+00	0.00e+00	0.00e+00	0.00e+00	0.00e+00	2.97e-01	9.78e-08	1.07e-07
 2.85096e+23	3.05e-01	6.91e-01	3.59e-03	2.46e-06	0.00e+00	0.00e+00	0.00e+00	0.00e+00	0.00e+00	3.05e-01	1.01e-07	1.11e-07
 2.85784e+23	3.15e-01	6.81e-01	3.33e-03	2.26e-06	0.00e+00	0.00e+00	0.00e+00	0.00e+00	0.00e+00	3.15e-01	1.06e-07	1.16e-07
 2.86511e+23	3.27e-01	6.70e-01	3.07e-03	2.06e-06	0.00e+00	0.00e+00	0.00e+00	0.00e+00	0.00e+00	3.27e-01	1.10e-07	1.21e-07
 2.87186e+23	3.36e-01	6.61e-01	2.86e-03	1.92e-06	0.00e+00	0.00e+00	0.00e+00	0.00e+00	0.00e+00	3.36e-01	1.14e-07	1.26e-07
 2.87887e+23	3.48e-01	6.49e-01	2.63e-03	1.75e-06	0.00e+00	0.00e+00	0.00e+00	0.00e+00	0.00e+00	3.48e-01	1.19e-07	1.31e-07
 2.88601e+23	3.59e-01	6.38e-01	2.43e-03	1.61e-06	0.00e+00	0.00e+00	0.00e+00	0.00e+00	0.00e+00	3.59e-01	1.24e-07	1.36e-07
 2.89277e+23	3.71e-01	6.26e-01	2.24e-03	1.48e-06	0.00e+00	0.00e+00	0.00e+00	0.00e+00	0.00e+00	3.71e-01	1.28e-07	1.42e-07
 2.89963e+23	3.84e-01	6.14e-01	2.07e-03	1.36e-06	0.00e+00	0.00e+00	0.00e+00	0.00e+00	0.00e+00	3.84e-01	1.33e-07	1.47e-07
 2.90637e+23	3.97e-01	6.02e-01	1.90e-03	1.25e-06	0.00e+00	0.00e+00	0.00e+00	0.00e+00	0.00e+00	3.97e-01	1.38e-07	1.52e-07
 2.91297e+23	4.09e-01	5.90e-01	1.75e-03	1.15e-06	0.00e+00	0.00e+00	0.00e+00	0.00e+00	0.00e+00	4.09e-01	1.43e-07	1.58e-07
 2.91980e+23	4.23e-01	5.76e-01	1.60e-03	1.05e-06	0.00e+00	0.00e+00	0.00e+00	0.00e+00	0.00e+00	4.23e-01	1.48e-07	1.63e-07
 2.92672e+23	4.37e-01	5.62e-01	1.47e-03	9.63e-07	0.00e+00	0.00e+00	0.00e+00	0.00e+00	0.00e+00	4.37e-01	1.53e-07	1.69e-07
 2.93333e+23	4.51e-01	5.48e-01	1.34e-03	8.85e-07	0.00e+00	0.00e+00	0.00e+00	0.00e+00	0.00e+00	4.51e-01	1.58e-07	1.74e-07
 2.93997e+23	4.65e-01	5.34e-01	1.23e-03	8.11e-07	0.00e+00	0.00e+00	0.00e+00	0.00e+00	0.00e+00	4.65e-01	1.62e-07	1.80e-07
 2.94674e+23	4.80e-01	5.19e-01	1.12e-03	7.42e-07	0.00e+00	0.00e+00	0.00e+00	0.00e+00	0.00e+00	4.80e-01	1.67e-07	1.85e-07
 2.95356e+23	4.95e-01	5.04e-01	1.02e-03	6.79e-07	0.00e+00	0.00e+00	0.00e+00	0.00e+00	0.00e+00	4.95e-01	1.72e-07	1.91e-07
 2.96048e+23	5.10e-01	4.89e-01	9.24e-04	6.19e-07	0.00e+00	0.00e+00	0.00e+00	0.00e+00	0.00e+00	5.10e-01	1.77e-07	1.96e-07
 2.96742e+23	5.26e-01	4.73e-01	8.37e-04	5.65e-07	0.00e+00	0.00e+00	0.00e+00	0.00e+00	0.00e+00	5.26e-01	1.81e-07	2.01e-07
 2.97428e+23	5.42e-01	4.57e-01	7.57e-04	5.15e-07	0.00e+00	0.00e+00	0.00e+00	0.00e+00	0.00e+00	5.42e-01	1.86e-07	2.06e-07
 2.98107e+23	5.58e-01	4.41e-01	6.86e-04	4.70e-07	0.00e+00	0.00e+00	0.00e+00	0.00e+00	0.00e+00	5.58e-01	1.89e-07	2.10e-07
 2.98794e+23	5.74e-01	4.25e-01	6.20e-04	4.29e-07	0.00e+00	0.00e+00	0.00e+00	0.00e+00	0.00e+00	5.74e-01	1.93e-07	2.14e-07
 2.99502e+23	5.91e-01	4.09e-01	5.58e-04	3.90e-07	0.00e+00	0.00e+00	0.00e+00	0.00e+00	0.00e+00	5.91e-01	1.97e-07	2.18e-07
 3.00138e+23	6.05e-01	3.95e-01	5.09e-04	3.59e-07	0.00e+00	0.00e+00	0.00e+00	0.00e+00	0.00e+00	6.05e-01	2.00e-07	2.21e-07
 3.00654e+23	6.17e-01	3.83e-01	4.73e-04	3.36e-07	0.00e+00	0.00e+00	0.00e+00	0.00e+00	0.00e+00	6.17e-01	2.02e-07	2.23e-07
 3.01145e+23	6.28e-01	3.72e-01	4.38e-04	3.14e-07	0.00e+00	0.00e+00	0.00e+00	0.00e+00	0.00e+00	6.28e-01	2.04e-07	2.26e-07
 3.01666e+23	6.40e-01	3.60e-01	4.05e-04	2.93e-07	0.00e+00	0.00e+00	0.00e+00	0.00e+00	0.00e+00	6.40e-01	2.06e-07	2.28e-07
 3.02204e+23	6.52e-01	3.48e-01	3.73e-04	2.72e-07	0.00e+00	0.00e+00	0.00e+00	0.00e+00	0.00e+00	6.52e-01	2.08e-07	2.29e-07
 3.02733e+23	6.64e-01	3.36e-01	3.44e-04	2.54e-07	0.00e+00	0.00e+00	0.00e+00	0.00e+00	0.00e+00	6.64e-01	2.09e-07	2.31e-07
 3.03255e+23	6.75e-01	3.25e-01	3.18e-04	2.37e-07	0.00e+00	0.00e+00	0.00e+00	0.00e+00	0.00e+00	6.75e-01	2.10e-07	2.32e-07
 3.03777e+23	6.86e-01	3.14e-01	2.93e-04	2.21e-07	0.00e+00	0.00e+00	0.00e+00	0.00e+00	0.00e+00	6.86e-01	2.11e-07	2.33e-07
 3.04300e+23	6.97e-01	3.03e-01	2.70e-04	2.06e-07	0.00e+00	0.00e+00	0.00e+00	0.00e+00	0.00e+00	6.97e-01	2.12e-07	2.34e-07
 3.04823e+23	7.08e-01	2.92e-01	2.49e-04	1.92e-07	0.00e+00	0.00e+00	0.00e+00	0.00e+00	0.00e+00	7.08e-01	2.13e-07	2.34e-07
 3.05343e+23	7.19e-01	2.81e-01	2.30e-04	1.79e-07	0.00e+00	0.00e+00	0.00e+00	0.00e+00	0.00e+00	7.19e-01	2.14e-07	2.35e-07
 3.05861e+23	7.29e-01	2.71e-01	2.12e-04	1.67e-07	0.00e+00	0.00e+00	0.00e+00	0.00e+00	0.00e+00	7.29e-01	2.14e-07	2.35e-07
 3.06380e+23	7.39e-01	2.61e-01	1.96e-04	1.56e-07	0.00e+00	0.00e+00	0.00e+00	0.00e+00	0.00e+00	7.39e-01	2.14e-07	2.35e-07
 3.06901e+23	7.49e-01	2.51e-01	1.81e-04	1.46e-07	0.00e+00	0.00e+00	0.00e+00	0.00e+00	0.00e+00	7.49e-01	2.15e-07	2.35e-07
 3.07422e+23	7.58e-01	2.42e-01	1.66e-04	1.36e-07	0.00e+00	0.00e+00	0.00e+00	0.00e+00	0.00e+00	7.58e-01	2.15e-07	2.34e-07
 3.07940e+23	7.68e-01	2.32e-01	1.53e-04	1.27e-07	0.00e+00	0.00e+00	0.00e+00	0.00e+00	0.00e+00	7.68e-01	2.14e-07	2.34e-07
 3.08383e+23	7.76e-01	2.24e-01	1.42e-04	0.00e+00	0.00e+00	0.00e+00	0.00e+00	0.00e+00	0.00e+00	7.76e-01	2.14e-07	2.33e-07
