#depth	C	C+	C+2	C+3	C+4	C+5	C+6	C[1]	C[2]	C[3]	C+[1]	C+[2]	CO
 4.62852e+21	0.00e+00	1.63e-24	1.89e-18	2.55e-13	3.89e-08	3.31e-04	1.00e+00	0.00e+00	0.00e+00	0.00e+00	0.00e+00	0.00e+00	6.81e-101
 1.05486e+22	1.07e-31	9.95e-24	8.23e-18	7.93e-13	8.18e-08	4.72e-04	1.00e+00	0.00e+00	0.00e+00	0.00e+00	0.00e+00	0.00e+00	2.73e-102
 1.27236e+22	4.53e-31	3.36e-23	2.22e-17	1.71e-12	1.36e-07	6.00e-04	9.99e-01	0.00e+00	0.00e+00	0.00e+00	0.00e+00	0.00e+00	1.47e-92
 1.43137e+22	1.44e-30	8.86e-23	4.88e-17	3.17e-12	2.03e-07	7.27e-04	9.99e-01	0.00e+00	0.00e+00	0.00e+00	0.00e+00	0.00e+00	9.05e-86
 1.51971e+22	1.92e-30	1.13e-22	5.95e-17	3.70e-12	2.25e-07	7.63e-04	9.99e-01	0.00e+00	0.00e+00	0.00e+00	0.00e+00	0.00e+00	9.68e-86
 1.55031e+22	2.38e-30	1.35e-22	6.88e-17	4.14e-12	2.42e-07	7.91e-04	9.99e-01	0.00e+00	0.00e+00	0.00e+00	0.00e+00	0.00e+00	1.93e-84
 1.58008e+22	3.11e-30	1.70e-22	8.31e-17	4.80e-12	2.67e-07	8.27e-04	9.99e-01	0.00e+00	0.00e+00	0.00e+00	0.00e+00	0.00e+00	2.13e-84
 1.61074e+22	3.90e-30	2.05e-22	9.69e-17	5.41e-12	2.89e-07	8.59e-04	9.99e-01	0.00e+00	0.00e+00	0.00e+00	0.00e+00	0.00e+00	6.96e-84
 1.63759e+22	4.83e-30	2.46e-22	1.12e-16	6.05e-12	3.11e-07	8.90e-04	9.99e-01	0.00e+00	0.00e+00	0.00e+00	0.00e+00	0.00e+00	1.27e-83
 1.66751e+22	6.30e-30	3.07e-22	1.34e-16	6.94e-12	3.41e-07	9.30e-04	9.99e-01	0.00e+00	0.00e+00	0.00e+00	0.00e+00	0.00e+00	3.71e-83
 1.69806e+22	7.93e-30	3.72e-22	1.57e-16	7.85e-12	3.70e-07	9.66e-04	9.99e-01	0.00e+00	0.00e+00	0.00e+00	0.00e+00	0.00e+00	7.96e-83
 1.72480e+22	9.88e-30	4.48e-22	1.82e-16	8.81e-12	3.99e-07	1.00e-03	9.99e-01	0.00e+00	0.00e+00	0.00e+00	0.00e+00	0.00e+00	7.08e-83
 1.75490e+22	1.29e-29	5.61e-22	2.19e-16	1.02e-11	4.39e-07	1.05e-03	9.99e-01	0.00e+00	0.00e+00	0.00e+00	0.00e+00	0.00e+00	6.08e-83
 1.78395e+22	1.59e-29	6.69e-22	2.52e-16	1.13e-11	4.72e-07	1.09e-03	9.99e-01	0.00e+00	0.00e+00	0.00e+00	0.00e+00	0.00e+00	4.51e-82
 1.80722e+22	1.92e-29	7.82e-22	2.87e-16	1.25e-11	5.04e-07	1.12e-03	9.99e-01	0.00e+00	0.00e+00	0.00e+00	0.00e+00	0.00e+00	6.24e-82
 1.83306e+22	2.41e-29	9.46e-22	3.35e-16	1.41e-11	5.45e-07	1.16e-03	9.99e-01	0.00e+00	0.00e+00	0.00e+00	0.00e+00	0.00e+00	8.27e-82
 1.86067e+22	2.97e-29	1.13e-21	3.86e-16	1.58e-11	5.87e-07	1.20e-03	9.99e-01	0.00e+00	0.00e+00	0.00e+00	0.00e+00	0.00e+00	8.07e-82
 1.88617e+22	3.64e-29	1.34e-21	4.43e-16	1.76e-11	6.31e-07	1.25e-03	9.99e-01	0.00e+00	0.00e+00	0.00e+00	0.00e+00	0.00e+00	3.48e-81
 1.91491e+22	4.70e-29	1.66e-21	5.28e-16	2.02e-11	6.90e-07	1.30e-03	9.99e-01	0.00e+00	0.00e+00	0.00e+00	0.00e+00	0.00e+00	4.23e-81
 1.94330e+22	5.79e-29	1.97e-21	6.08e-16	2.25e-11	7.42e-07	1.35e-03	9.99e-01	0.00e+00	0.00e+00	0.00e+00	0.00e+00	0.00e+00	2.05e-80
 1.96682e+22	7.01e-29	2.32e-21	6.92e-16	2.48e-11	7.93e-07	1.39e-03	9.99e-01	0.00e+00	0.00e+00	0.00e+00	0.00e+00	0.00e+00	3.29e-80
 1.99296e+22	8.76e-29	2.79e-21	8.06e-16	2.80e-11	8.59e-07	1.44e-03	9.99e-01	0.00e+00	0.00e+00	0.00e+00	0.00e+00	0.00e+00	5.72e-80
 2.02107e+22	1.09e-28	3.35e-21	9.34e-16	3.14e-11	9.27e-07	1.50e-03	9.99e-01	0.00e+00	0.00e+00	0.00e+00	0.00e+00	0.00e+00	9.54e-80
 2.04675e+22	1.34e-28	3.98e-21	1.07e-15	3.49e-11	9.96e-07	1.55e-03	9.98e-01	0.00e+00	0.00e+00	0.00e+00	0.00e+00	0.00e+00	1.64e-79
 2.07014e+22	1.61e-28	4.65e-21	1.22e-15	3.85e-11	1.06e-06	1.60e-03	9.98e-01	0.00e+00	0.00e+00	0.00e+00	0.00e+00	0.00e+00	2.60e-79
 2.09552e+22	2.00e-28	5.57e-21	1.41e-15	4.32e-11	1.15e-06	1.66e-03	9.98e-01	0.00e+00	0.00e+00	0.00e+00	0.00e+00	0.00e+00	4.44e-79
 2.12259e+22	2.47e-28	6.64e-21	1.63e-15	4.82e-11	1.24e-06	1.72e-03	9.98e-01	0.00e+00	0.00e+00	0.00e+00	0.00e+00	0.00e+00	7.52e-79
 2.14682e+22	2.99e-28	7.80e-21	1.85e-15	5.33e-11	1.32e-06	1.78e-03	9.98e-01	0.00e+00	0.00e+00	0.00e+00	0.00e+00	0.00e+00	1.21e-78
 2.17325e+22	3.75e-28	9.43e-21	2.16e-15	6.02e-11	1.43e-06	1.85e-03	9.98e-01	0.00e+00	0.00e+00	0.00e+00	0.00e+00	0.00e+00	2.13e-78
 2.20119e+22	4.69e-28	1.14e-20	2.51e-15	6.74e-11	1.55e-06	1.92e-03	9.98e-01	0.00e+00	0.00e+00	0.00e+00	0.00e+00	0.00e+00	3.72e-78
 2.22506e+22	5.63e-28	1.32e-20	2.84e-15	7.43e-11	1.65e-06	1.98e-03	9.98e-01	0.00e+00	0.00e+00	0.00e+00	0.00e+00	0.00e+00	5.85e-78
 2.25008e+22	6.99e-28	1.58e-20	3.28e-15	8.32e-11	1.78e-06	2.05e-03	9.98e-01	0.00e+00	0.00e+00	0.00e+00	0.00e+00	0.00e+00	1.00e-77
 2.27641e+22	8.58e-28	1.88e-20	3.76e-15	9.24e-11	1.91e-06	2.13e-03	9.98e-01	0.00e+00	0.00e+00	0.00e+00	0.00e+00	0.00e+00	1.67e-77
 2.29995e+22	1.03e-27	2.19e-20	4.26e-15	1.02e-10	2.04e-06	2.20e-03	9.98e-01	0.00e+00	0.00e+00	0.00e+00	0.00e+00	0.00e+00	2.66e-77
 2.32603e+22	1.29e-27	2.64e-20	4.95e-15	1.14e-10	2.21e-06	2.28e-03	9.98e-01	0.00e+00	0.00e+00	0.00e+00	0.00e+00	0.00e+00	4.65e-77
 2.35376e+22	1.61e-27	3.16e-20	5.72e-15	1.28e-10	2.38e-06	2.37e-03	9.98e-01	0.00e+00	0.00e+00	0.00e+00	0.00e+00	0.00e+00	8.01e-77
 2.37860e+22	1.96e-27	3.72e-20	6.53e-15	1.41e-10	2.56e-06	2.45e-03	9.98e-01	0.00e+00	0.00e+00	0.00e+00	0.00e+00	0.00e+00	1.31e-76
 2.40144e+22	2.36e-27	4.35e-20	7.38e-15	1.55e-10	2.73e-06	2.53e-03	9.97e-01	0.00e+00	0.00e+00	0.00e+00	0.00e+00	0.00e+00	2.10e-76
 2.42342e+22	2.81e-27	5.02e-20	8.29e-15	1.70e-10	2.90e-06	2.61e-03	9.97e-01	0.00e+00	0.00e+00	0.00e+00	0.00e+00	0.00e+00	3.25e-76
 2.44868e+22	3.55e-27	6.08e-20	9.66e-15	1.91e-10	3.14e-06	2.72e-03	9.97e-01	0.00e+00	0.00e+00	0.00e+00	0.00e+00	0.00e+00	5.81e-76
 2.47461e+22	4.29e-27	7.12e-20	1.09e-14	2.10e-10	3.35e-06	2.81e-03	9.97e-01	0.00e+00	0.00e+00	0.00e+00	0.00e+00	0.00e+00	9.40e-76
 2.50140e+22	5.47e-27	8.69e-20	1.28e-14	2.37e-10	3.65e-06	2.93e-03	9.97e-01	0.00e+00	0.00e+00	0.00e+00	0.00e+00	0.00e+00	1.73e-75
 2.52864e+22	6.74e-27	1.03e-19	1.47e-14	2.62e-10	3.92e-06	3.04e-03	9.97e-01	0.00e+00	0.00e+00	0.00e+00	0.00e+00	0.00e+00	2.93e-75
 2.55113e+22	8.02e-27	1.19e-19	1.65e-14	2.86e-10	4.16e-06	3.14e-03	9.97e-01	0.00e+00	0.00e+00	0.00e+00	0.00e+00	0.00e+00	4.52e-75
 2.57500e+22	9.96e-27	1.42e-19	1.89e-14	3.17e-10	4.47e-06	3.26e-03	9.97e-01	0.00e+00	0.00e+00	0.00e+00	0.00e+00	0.00e+00	7.84e-75
 2.59999e+22	1.21e-26	1.66e-19	2.14e-14	3.49e-10	4.78e-06	3.38e-03	9.97e-01	0.00e+00	0.00e+00	0.00e+00	0.00e+00	0.00e+00	1.28e-74
 2.62280e+22	1.46e-26	1.94e-19	2.42e-14	3.82e-10	5.10e-06	3.49e-03	9.97e-01	0.00e+00	0.00e+00	0.00e+00	0.00e+00	0.00e+00	2.07e-74
 2.64883e+22	1.87e-26	2.37e-19	2.82e-14	4.28e-10	5.53e-06	3.65e-03	9.96e-01	0.00e+00	0.00e+00	0.00e+00	0.00e+00	0.00e+00	3.86e-74
 2.67497e+22	2.27e-26	2.78e-19	3.20e-14	4.70e-10	5.91e-06	3.78e-03	9.96e-01	0.00e+00	0.00e+00	0.00e+00	0.00e+00	0.00e+00	6.34e-74
 2.69697e+22	2.74e-26	3.24e-19	3.60e-14	5.12e-10	6.29e-06	3.91e-03	9.96e-01	0.00e+00	0.00e+00	0.00e+00	0.00e+00	0.00e+00	1.02e-73
 2.71772e+22	3.25e-26	3.72e-19	4.01e-14	5.55e-10	6.66e-06	4.03e-03	9.96e-01	0.00e+00	0.00e+00	0.00e+00	0.00e+00	0.00e+00	1.58e-73
 2.74111e+22	4.04e-26	4.43e-19	4.60e-14	6.13e-10	7.15e-06	4.20e-03	9.96e-01	0.00e+00	0.00e+00	0.00e+00	0.00e+00	0.00e+00	2.76e-73
 2.76555e+22	4.93e-26	5.19e-19	5.19e-14	6.70e-10	7.63e-06	4.35e-03	9.96e-01	0.00e+00	0.00e+00	0.00e+00	0.00e+00	0.00e+00	4.59e-73
 2.78739e+22	5.95e-26	6.04e-19	5.83e-14	7.27e-10	8.11e-06	4.51e-03	9.95e-01	0.00e+00	0.00e+00	0.00e+00	0.00e+00	0.00e+00	7.46e-73
 2.81180e+22	7.54e-26	7.30e-19	6.74e-14	8.07e-10	8.76e-06	4.71e-03	9.95e-01	0.00e+00	0.00e+00	0.00e+00	0.00e+00	0.00e+00	1.38e-72
 2.83560e+22	9.03e-26	8.44e-19	7.53e-14	8.75e-10	9.29e-06	4.87e-03	9.95e-01	0.00e+00	0.00e+00	0.00e+00	0.00e+00	0.00e+00	2.19e-72
 2.85559e+22	1.08e-25	9.74e-19	8.39e-14	9.43e-10	9.83e-06	5.03e-03	9.95e-01	0.00e+00	0.00e+00	0.00e+00	0.00e+00	0.00e+00	3.49e-72
 2.87857e+22	1.35e-25	1.16e-18	9.59e-14	1.04e-09	1.06e-05	5.24e-03	9.95e-01	0.00e+00	0.00e+00	0.00e+00	0.00e+00	0.00e+00	6.23e-72
 2.90200e+22	1.63e-25	1.35e-18	1.07e-13	1.12e-09	1.12e-05	5.43e-03	9.95e-01	0.00e+00	0.00e+00	0.00e+00	0.00e+00	0.00e+00	1.01e-71
 2.92274e+22	1.96e-25	1.56e-18	1.20e-13	1.21e-09	1.19e-05	5.62e-03	9.94e-01	0.00e+00	0.00e+00	0.00e+00	0.00e+00	0.00e+00	1.65e-71
 2.94331e+22	2.36e-25	1.81e-18	1.34e-13	1.31e-09	1.26e-05	5.82e-03	9.94e-01	0.00e+00	0.00e+00	0.00e+00	0.00e+00	0.00e+00	2.68e-71
 2.96327e+22	2.81e-25	2.08e-18	1.48e-13	1.40e-09	1.33e-05	6.02e-03	9.94e-01	0.00e+00	0.00e+00	0.00e+00	0.00e+00	0.00e+00	4.24e-71
 2.98558e+22	3.52e-25	2.48e-18	1.69e-13	1.54e-09	1.43e-05	6.28e-03	9.94e-01	0.00e+00	0.00e+00	0.00e+00	0.00e+00	0.00e+00	7.63e-71
 3.00796e+22	4.23e-25	2.86e-18	1.89e-13	1.65e-09	1.51e-05	6.50e-03	9.93e-01	0.00e+00	0.00e+00	0.00e+00	0.00e+00	0.00e+00	1.25e-70
 3.02706e+22	5.03e-25	3.28e-18	2.09e-13	1.77e-09	1.59e-05	6.72e-03	9.93e-01	0.00e+00	0.00e+00	0.00e+00	0.00e+00	0.00e+00	1.96e-70
 3.04853e+22	6.23e-25	3.88e-18	2.36e-13	1.93e-09	1.70e-05	7.00e-03	9.93e-01	0.00e+00	0.00e+00	0.00e+00	0.00e+00	0.00e+00	3.47e-70
 3.07078e+22	7.55e-25	4.51e-18	2.64e-13	2.07e-09	1.80e-05	7.26e-03	9.93e-01	0.00e+00	0.00e+00	0.00e+00	0.00e+00	0.00e+00	5.80e-70
 3.08991e+22	8.95e-25	5.15e-18	2.91e-13	2.21e-09	1.90e-05	7.50e-03	9.92e-01	0.00e+00	0.00e+00	0.00e+00	0.00e+00	0.00e+00	9.10e-70
 3.11063e+22	1.10e-24	6.07e-18	3.28e-13	2.40e-09	2.03e-05	7.81e-03	9.92e-01	0.00e+00	0.00e+00	0.00e+00	0.00e+00	0.00e+00	1.60e-69
 3.13206e+22	1.33e-24	7.02e-18	3.65e-13	2.57e-09	2.14e-05	8.10e-03	9.92e-01	0.00e+00	0.00e+00	0.00e+00	0.00e+00	0.00e+00	2.65e-69
 3.15081e+22	1.58e-24	8.02e-18	4.03e-13	2.74e-09	2.26e-05	8.37e-03	9.92e-01	0.00e+00	0.00e+00	0.00e+00	0.00e+00	0.00e+00	4.20e-69
 3.17159e+22	1.96e-24	9.47e-18	4.54e-13	2.97e-09	2.41e-05	8.72e-03	9.91e-01	0.00e+00	0.00e+00	0.00e+00	0.00e+00	0.00e+00	7.47e-69
 3.19298e+22	2.36e-24	1.09e-17	5.05e-13	3.18e-09	2.55e-05	9.05e-03	9.91e-01	0.00e+00	0.00e+00	0.00e+00	0.00e+00	0.00e+00	1.24e-68
 3.21182e+22	2.83e-24	1.26e-17	5.58e-13	3.39e-09	2.69e-05	9.37e-03	9.91e-01	0.00e+00	0.00e+00	0.00e+00	0.00e+00	0.00e+00	2.02e-68
 3.23297e+22	3.52e-24	1.49e-17	6.32e-13	3.67e-09	2.87e-05	9.77e-03	9.90e-01	0.00e+00	0.00e+00	0.00e+00	0.00e+00	0.00e+00	3.66e-68
 3.25441e+22	4.25e-24	1.72e-17	7.02e-13	3.92e-09	3.04e-05	1.01e-02	9.90e-01	0.00e+00	0.00e+00	0.00e+00	0.00e+00	0.00e+00	6.12e-68
 3.27293e+22	5.07e-24	1.97e-17	7.74e-13	4.17e-09	3.21e-05	1.05e-02	9.89e-01	0.00e+00	0.00e+00	0.00e+00	0.00e+00	0.00e+00	9.91e-68
 3.29371e+22	6.31e-24	2.34e-17	8.75e-13	4.51e-09	3.43e-05	1.09e-02	9.89e-01	0.00e+00	0.00e+00	0.00e+00	0.00e+00	0.00e+00	1.81e-67
 3.31534e+22	7.70e-24	2.73e-17	9.77e-13	4.83e-09	3.63e-05	1.14e-02	9.89e-01	0.00e+00	0.00e+00	0.00e+00	0.00e+00	0.00e+00	3.12e-67
 3.33472e+22	9.24e-24	3.14e-17	1.08e-12	5.16e-09	3.84e-05	1.18e-02	9.88e-01	0.00e+00	0.00e+00	0.00e+00	0.00e+00	0.00e+00	5.14e-67
 3.35323e+22	1.11e-23	3.61e-17	1.20e-12	5.48e-09	4.05e-05	1.22e-02	9.88e-01	0.00e+00	0.00e+00	0.00e+00	0.00e+00	0.00e+00	8.54e-67
 3.37084e+22	1.31e-23	4.11e-17	1.31e-12	5.82e-09	4.26e-05	1.26e-02	9.87e-01	0.00e+00	0.00e+00	0.00e+00	0.00e+00	0.00e+00	1.35e-66
 3.39060e+22	1.64e-23	4.88e-17	1.48e-12	6.26e-09	4.56e-05	1.32e-02	9.87e-01	0.00e+00	0.00e+00	0.00e+00	4.88e-17	5.39e-26	2.53e-66
 3.41047e+22	1.97e-23	5.61e-17	1.64e-12	6.65e-09	4.81e-05	1.37e-02	9.86e-01	0.00e+00	0.00e+00	0.00e+00	5.61e-17	6.81e-24	4.18e-66
 3.42656e+22	2.30e-23	6.31e-17	1.78e-12	6.99e-09	5.03e-05	1.41e-02	9.86e-01	0.00e+00	0.00e+00	0.00e+00	6.31e-17	7.65e-24	6.39e-66
 3.44044e+22	2.65e-23	7.04e-17	1.92e-12	7.32e-09	5.24e-05	1.45e-02	9.85e-01	0.00e+00	0.00e+00	0.00e+00	7.04e-17	8.53e-24	9.50e-66
 3.45324e+22	3.02e-23	7.78e-17	2.07e-12	7.65e-09	5.45e-05	1.48e-02	9.85e-01	0.00e+00	0.00e+00	0.00e+00	7.78e-17	9.44e-24	1.37e-65
 3.46770e+22	3.56e-23	8.83e-17	2.26e-12	8.07e-09	5.72e-05	1.53e-02	9.85e-01	0.00e+00	0.00e+00	0.00e+00	8.83e-17	1.07e-23	2.17e-65
 3.48274e+22	4.12e-23	9.87e-17	2.45e-12	8.46e-09	5.98e-05	1.57e-02	9.84e-01	0.00e+00	0.00e+00	0.00e+00	9.87e-17	1.20e-23	3.24e-65
 3.49569e+22	2.19e-27	1.09e-16	2.63e-12	8.83e-09	6.22e-05	1.61e-02	9.84e-01	0.00e+00	0.00e+00	0.00e+00	1.09e-16	1.33e-23	1.70e-65
 3.50767e+22	2.22e-27	1.21e-16	2.83e-12	9.21e-09	6.46e-05	1.66e-02	9.83e-01	0.00e+00	0.00e+00	0.00e+00	1.21e-16	1.47e-23	1.16e-65
 3.51945e+22	2.53e-27	1.33e-16	3.03e-12	9.59e-09	6.71e-05	1.70e-02	9.83e-01	0.00e+00	0.00e+00	0.00e+00	1.33e-16	1.62e-23	1.86e-65
 3.53103e+22	2.92e-27	1.47e-16	3.24e-12	9.99e-09	6.96e-05	1.74e-02	9.83e-01	0.00e+00	0.00e+00	0.00e+00	1.47e-16	1.78e-23	2.62e-65
 3.54242e+22	2.42e-27	1.62e-16	3.48e-12	1.04e-08	7.23e-05	1.78e-02	9.82e-01	0.00e+00	0.00e+00	0.00e+00	1.62e-16	1.97e-23	3.73e-65
 3.55368e+22	1.85e-27	1.79e-16	3.73e-12	1.08e-08	7.50e-05	1.82e-02	9.82e-01	0.00e+00	0.00e+00	0.00e+00	1.79e-16	2.17e-23	5.29e-65
 3.56652e+22	1.71e-27	2.02e-16	4.07e-12	1.14e-08	7.87e-05	1.88e-02	9.81e-01	0.00e+00	0.00e+00	0.00e+00	2.02e-16	2.46e-23	8.19e-65
 3.57951e+22	1.88e-27	2.26e-16	4.39e-12	1.19e-08	8.20e-05	1.93e-02	9.81e-01	0.00e+00	0.00e+00	0.00e+00	2.26e-16	2.74e-23	1.21e-64
 3.59049e+22	2.20e-27	2.49e-16	4.71e-12	1.24e-08	8.51e-05	1.97e-02	9.80e-01	0.00e+00	0.00e+00	0.00e+00	2.49e-16	3.02e-23	1.71e-64
 3.60068e+22	2.58e-27	2.73e-16	5.03e-12	1.29e-08	8.82e-05	2.02e-02	9.80e-01	0.00e+00	0.00e+00	0.00e+00	2.73e-16	3.32e-23	2.38e-64
 3.61053e+22	3.01e-27	3.00e-16	5.38e-12	1.34e-08	9.14e-05	2.06e-02	9.79e-01	0.00e+00	0.00e+00	0.00e+00	3.00e-16	3.65e-23	3.32e-64
 3.62181e+22	3.66e-27	3.38e-16	5.85e-12	1.40e-08	9.56e-05	2.12e-02	9.79e-01	0.00e+00	0.00e+00	0.00e+00	3.38e-16	4.11e-23	5.02e-64
 3.63331e+22	4.47e-27	3.76e-16	6.31e-12	1.47e-08	9.95e-05	2.17e-02	9.78e-01	0.00e+00	0.00e+00	0.00e+00	3.76e-16	4.57e-23	7.30e-64
 3.64316e+22	5.26e-27	4.14e-16	6.75e-12	1.52e-08	1.03e-04	2.22e-02	9.78e-01	0.00e+00	0.00e+00	0.00e+00	4.14e-16	5.03e-23	1.02e-63
 3.65403e+22	6.36e-27	4.68e-16	7.38e-12	1.60e-08	1.08e-04	2.29e-02	9.77e-01	0.00e+00	0.00e+00	0.00e+00	4.68e-16	5.70e-23	1.57e-63
 3.66521e+22	7.74e-27	5.23e-16	7.98e-12	1.68e-08	1.13e-04	2.34e-02	9.76e-01	0.00e+00	0.00e+00	0.00e+00	5.23e-16	6.37e-23	2.30e-63
 3.67508e+22	9.16e-27	5.82e-16	8.61e-12	1.75e-08	1.17e-04	2.40e-02	9.76e-01	0.00e+00	0.00e+00	0.00e+00	5.82e-16	7.08e-23	3.30e-63
 3.68620e+22	1.14e-26	6.69e-16	9.52e-12	1.85e-08	1.23e-04	2.47e-02	9.75e-01	0.00e+00	0.00e+00	0.00e+00	6.69e-16	8.15e-23	5.34e-63
 3.69744e+22	1.37e-26	7.51e-16	1.03e-11	1.95e-08	1.29e-04	2.54e-02	9.75e-01	0.00e+00	0.00e+00	0.00e+00	7.51e-16	9.15e-23	7.88e-63
 3.70702e+22	1.61e-26	8.35e-16	1.12e-11	2.04e-08	1.34e-04	2.59e-02	9.74e-01	0.00e+00	0.00e+00	0.00e+00	8.35e-16	1.02e-22	1.12e-62
 3.71767e+22	2.03e-26	9.77e-16	1.25e-11	2.17e-08	1.42e-04	2.68e-02	9.73e-01	0.00e+00	0.00e+00	0.00e+00	9.77e-16	1.19e-22	1.89e-62
 3.72812e+22	2.38e-26	1.09e-15	1.35e-11	2.27e-08	1.47e-04	2.74e-02	9.72e-01	0.00e+00	0.00e+00	0.00e+00	1.09e-15	1.32e-22	2.68e-62
 3.73832e+22	2.99e-26	1.27e-15	1.51e-11	2.42e-08	1.56e-04	2.83e-02	9.72e-01	0.00e+00	0.00e+00	0.00e+00	1.27e-15	1.55e-22	4.48e-62
 3.74834e+22	3.49e-26	1.41e-15	1.63e-11	2.54e-08	1.62e-04	2.89e-02	9.71e-01	0.00e+00	0.00e+00	0.00e+00	1.41e-15	1.72e-22	6.29e-62
 3.75811e+22	4.40e-26	1.66e-15	1.84e-11	2.72e-08	1.71e-04	2.98e-02	9.70e-01	0.00e+00	0.00e+00	0.00e+00	1.66e-15	2.03e-22	1.06e-61
 3.76783e+22	5.17e-26	1.86e-15	2.00e-11	2.87e-08	1.78e-04	3.05e-02	9.69e-01	0.00e+00	0.00e+00	0.00e+00	1.86e-15	2.27e-22	1.52e-61
 3.77747e+22	6.53e-26	2.21e-15	2.27e-11	3.09e-08	1.89e-04	3.15e-02	9.68e-01	0.00e+00	0.00e+00	0.00e+00	2.21e-15	2.69e-22	2.60e-61
 3.78720e+22	7.77e-26	2.50e-15	2.49e-11	3.27e-08	1.98e-04	3.22e-02	9.68e-01	0.00e+00	0.00e+00	0.00e+00	2.50e-15	3.05e-22	3.83e-61
 3.79704e+22	9.95e-26	3.00e-15	2.85e-11	3.55e-08	2.11e-04	3.33e-02	9.66e-01	0.00e+00	0.00e+00	0.00e+00	3.00e-15	3.67e-22	6.71e-61
 3.80698e+22	1.20e-25	3.44e-15	3.15e-11	3.78e-08	2.21e-04	3.41e-02	9.66e-01	0.00e+00	0.00e+00	0.00e+00	3.44e-15	4.20e-22	1.01e-60
 3.81705e+22	1.54e-25	4.16e-15	3.64e-11	4.12e-08	2.35e-04	3.53e-02	9.64e-01	0.00e+00	0.00e+00	0.00e+00	4.16e-15	5.08e-22	1.79e-60
 3.82702e+22	1.87e-25	4.81e-15	4.06e-11	4.41e-08	2.47e-04	3.62e-02	9.64e-01	0.00e+00	0.00e+00	0.00e+00	4.81e-15	5.88e-22	2.76e-60
 3.83686e+22	2.42e-25	5.84e-15	4.70e-11	4.84e-08	2.64e-04	3.74e-02	9.62e-01	0.00e+00	0.00e+00	0.00e+00	5.84e-15	7.14e-22	4.88e-60
 3.84691e+22	2.99e-25	6.86e-15	5.30e-11	5.22e-08	2.78e-04	3.84e-02	9.61e-01	0.00e+00	0.00e+00	0.00e+00	6.86e-15	8.38e-22	7.77e-60
 3.85723e+22	3.94e-25	8.49e-15	6.24e-11	5.79e-08	2.99e-04	3.98e-02	9.60e-01	0.00e+00	0.00e+00	0.00e+00	8.49e-15	1.04e-21	1.44e-59
 3.86760e+22	4.91e-25	1.00e-14	7.09e-11	6.28e-08	3.16e-04	4.10e-02	9.59e-01	0.00e+00	0.00e+00	0.00e+00	1.00e-14	1.23e-21	2.32e-59
 3.87804e+22	6.55e-25	1.26e-14	8.42e-11	7.02e-08	3.40e-04	4.25e-02	9.57e-01	0.00e+00	0.00e+00	0.00e+00	1.26e-14	1.54e-21	4.38e-59
 3.88854e+22	8.21e-25	1.50e-14	9.62e-11	7.65e-08	3.59e-04	4.37e-02	9.56e-01	0.00e+00	0.00e+00	0.00e+00	1.50e-14	1.83e-21	7.13e-59
 3.89764e+22	1.02e-24	1.78e-14	1.10e-10	8.34e-08	3.80e-04	4.49e-02	9.55e-01	0.00e+00	0.00e+00	0.00e+00	1.78e-14	2.18e-21	1.15e-58
 3.90796e+22	1.36e-24	2.23e-14	1.31e-10	9.33e-08	4.09e-04	4.65e-02	9.53e-01	0.00e+00	0.00e+00	0.00e+00	2.23e-14	2.73e-21	2.15e-58
 3.91828e+22	1.70e-24	2.65e-14	1.49e-10	1.02e-07	4.33e-04	4.78e-02	9.52e-01	0.00e+00	0.00e+00	0.00e+00	2.65e-14	3.25e-21	3.46e-58
 3.92859e+22	2.27e-24	3.32e-14	1.78e-10	1.14e-07	4.65e-04	4.95e-02	9.50e-01	0.00e+00	0.00e+00	0.00e+00	3.32e-14	4.07e-21	6.41e-58
 3.93905e+22	2.84e-24	3.96e-14	2.04e-10	1.25e-07	4.92e-04	5.09e-02	9.49e-01	0.00e+00	0.00e+00	0.00e+00	3.96e-14	4.86e-21	1.03e-57
 3.94971e+22	3.83e-24	5.00e-14	2.44e-10	1.41e-07	5.31e-04	5.28e-02	9.47e-01	0.00e+00	0.00e+00	0.00e+00	5.00e-14	6.13e-21	1.94e-57
 3.96054e+22	4.79e-24	5.95e-14	2.80e-10	1.54e-07	5.61e-04	5.43e-02	9.45e-01	0.00e+00	0.00e+00	0.00e+00	5.95e-14	7.31e-21	3.11e-57
 3.97158e+22	6.43e-24	7.49e-14	3.35e-10	1.73e-07	6.05e-04	5.62e-02	9.43e-01	0.00e+00	0.00e+00	0.00e+00	7.49e-14	9.20e-21	5.76e-57
 3.98297e+22	8.16e-24	9.03e-14	3.87e-10	1.91e-07	6.43e-04	5.79e-02	9.41e-01	0.00e+00	0.00e+00	0.00e+00	9.03e-14	1.11e-20	9.49e-57
 3.99480e+22	1.11e-23	1.15e-13	4.67e-10	2.17e-07	6.94e-04	6.01e-02	9.39e-01	0.00e+00	0.00e+00	0.00e+00	1.15e-13	1.41e-20	1.80e-56
 4.00678e+22	1.40e-23	1.38e-13	5.39e-10	2.39e-07	7.38e-04	6.19e-02	9.37e-01	0.00e+00	0.00e+00	0.00e+00	1.38e-13	1.69e-20	2.93e-56
 4.01898e+22	1.90e-23	1.75e-13	6.49e-10	2.70e-07	7.97e-04	6.42e-02	9.35e-01	0.00e+00	0.00e+00	0.00e+00	1.75e-13	2.15e-20	5.52e-56
 4.03125e+22	2.39e-23	2.09e-13	7.47e-10	2.97e-07	8.45e-04	6.60e-02	9.33e-01	0.00e+00	0.00e+00	0.00e+00	2.09e-13	2.57e-20	8.87e-56
 4.04361e+22	3.21e-23	2.63e-13	8.95e-10	3.36e-07	9.12e-04	6.85e-02	9.31e-01	0.00e+00	0.00e+00	0.00e+00	2.63e-13	3.24e-20	1.63e-55
 4.05629e+22	4.05e-23	3.15e-13	1.03e-09	3.70e-07	9.69e-04	7.05e-02	9.29e-01	0.00e+00	0.00e+00	0.00e+00	3.15e-13	3.88e-20	2.64e-55
 4.06731e+22	5.04e-23	3.73e-13	1.18e-09	4.04e-07	1.02e-03	7.24e-02	9.27e-01	0.00e+00	0.00e+00	0.00e+00	3.73e-13	4.60e-20	4.11e-55
 4.07960e+22	6.68e-23	4.64e-13	1.40e-09	4.55e-07	1.10e-03	7.49e-02	9.24e-01	0.00e+00	0.00e+00	0.00e+00	4.64e-13	5.72e-20	7.32e-55
 4.09193e+22	8.23e-23	5.44e-13	1.58e-09	4.95e-07	1.16e-03	7.69e-02	9.22e-01	0.00e+00	0.00e+00	0.00e+00	5.44e-13	6.71e-20	1.12e-54
 4.10433e+22	1.08e-22	6.73e-13	1.87e-09	5.55e-07	1.25e-03	7.95e-02	9.19e-01	0.00e+00	0.00e+00	0.00e+00	6.73e-13	8.30e-20	1.95e-54
 4.11698e+22	1.34e-22	7.91e-13	2.13e-09	6.06e-07	1.32e-03	8.16e-02	9.17e-01	0.00e+00	0.00e+00	0.00e+00	7.91e-13	9.77e-20	3.00e-54
 4.12815e+22	1.65e-22	9.28e-13	2.41e-09	6.61e-07	1.39e-03	8.37e-02	9.15e-01	0.00e+00	0.00e+00	0.00e+00	9.28e-13	1.15e-19	4.57e-54
 4.14088e+22	2.17e-22	1.15e-12	2.85e-09	7.41e-07	1.50e-03	8.66e-02	9.12e-01	0.00e+00	0.00e+00	0.00e+00	1.15e-12	1.42e-19	7.96e-54
 4.15353e+22	2.63e-22	1.32e-12	3.20e-09	8.02e-07	1.57e-03	8.86e-02	9.10e-01	0.00e+00	0.00e+00	0.00e+00	1.32e-12	1.64e-19	1.17e-53
 4.16607e+22	3.42e-22	1.62e-12	3.75e-09	8.95e-07	1.68e-03	9.15e-02	9.07e-01	0.00e+00	0.00e+00	0.00e+00	1.62e-12	2.00e-19	1.98e-53
 4.17885e+22	4.16e-22	1.87e-12	4.21e-09	9.70e-07	1.77e-03	9.38e-02	9.04e-01	0.00e+00	0.00e+00	0.00e+00	1.87e-12	2.32e-19	2.92e-53
 4.19195e+22	5.41e-22	2.29e-12	4.94e-09	1.08e-06	1.90e-03	9.69e-02	9.01e-01	0.00e+00	0.00e+00	0.00e+00	2.29e-12	2.84e-19	4.95e-53
 4.20529e+22	6.61e-22	2.66e-12	5.56e-09	1.18e-06	2.00e-03	9.93e-02	8.99e-01	0.00e+00	0.00e+00	0.00e+00	2.66e-12	3.30e-19	7.35e-53
 4.21897e+22	2.72e-23	3.27e-12	6.54e-09	1.32e-06	2.15e-03	1.03e-01	8.95e-01	0.00e+00	0.00e+00	0.00e+00	3.27e-12	4.05e-19	1.10e-52
 4.23289e+22	3.01e-23	3.80e-12	7.37e-09	1.43e-06	2.26e-03	1.05e-01	8.93e-01	0.00e+00	0.00e+00	0.00e+00	3.80e-12	4.72e-19	1.87e-52
 4.24713e+22	3.91e-23	4.66e-12	8.67e-09	1.60e-06	2.43e-03	1.09e-01	8.89e-01	0.00e+00	0.00e+00	0.00e+00	4.66e-12	5.79e-19	3.19e-52
 4.26106e+22	4.64e-23	5.31e-12	9.63e-09	1.73e-06	2.55e-03	1.11e-01	8.86e-01	0.00e+00	0.00e+00	0.00e+00	5.31e-12	6.61e-19	4.54e-52
 4.27456e+22	5.96e-23	6.45e-12	1.12e-08	1.92e-06	2.72e-03	1.15e-01	8.83e-01	0.00e+00	0.00e+00	0.00e+00	6.45e-12	8.04e-19	7.54e-52
 4.28827e+22	7.09e-23	7.37e-12	1.25e-08	2.07e-06	2.86e-03	1.17e-01	8.80e-01	0.00e+00	0.00e+00	0.00e+00	7.37e-12	9.18e-19	1.07e-51
 4.30225e+22	9.02e-23	8.88e-12	1.45e-08	2.30e-06	3.05e-03	1.21e-01	8.76e-01	0.00e+00	0.00e+00	0.00e+00	8.88e-12	1.11e-18	1.76e-51
 4.31665e+22	1.10e-22	1.03e-11	1.63e-08	2.50e-06	3.22e-03	1.24e-01	8.73e-01	0.00e+00	0.00e+00	0.00e+00	1.03e-11	1.29e-18	2.60e-51
 4.33161e+22	1.39e-22	1.24e-11	1.89e-08	2.77e-06	3.44e-03	1.28e-01	8.69e-01	0.00e+00	0.00e+00	0.00e+00	1.24e-11	1.55e-18	4.25e-51
 4.34705e+22	1.72e-22	1.45e-11	2.14e-08	3.03e-06	3.64e-03	1.31e-01	8.65e-01	0.00e+00	0.00e+00	0.00e+00	1.45e-11	1.81e-18	6.43e-51
 4.36312e+22	2.21e-22	1.76e-11	2.50e-08	3.38e-06	3.89e-03	1.35e-01	8.61e-01	0.00e+00	0.00e+00	0.00e+00	1.76e-11	2.20e-18	1.07e-50
 4.37961e+22	2.74e-22	2.06e-11	2.84e-08	3.70e-06	4.13e-03	1.39e-01	8.57e-01	0.00e+00	0.00e+00	0.00e+00	2.06e-11	2.58e-18	1.64e-50
 4.39665e+22	3.56e-22	2.51e-11	3.32e-08	4.14e-06	4.43e-03	1.43e-01	8.52e-01	0.00e+00	0.00e+00	0.00e+00	2.51e-11	3.15e-18	2.76e-50
 4.41424e+22	4.48e-22	2.97e-11	3.80e-08	4.55e-06	4.70e-03	1.47e-01	8.48e-01	0.00e+00	0.00e+00	0.00e+00	2.97e-11	3.72e-18	4.30e-50
 4.43253e+22	5.89e-22	3.64e-11	4.47e-08	5.12e-06	5.07e-03	1.52e-01	8.43e-01	0.00e+00	0.00e+00	0.00e+00	3.64e-11	4.57e-18	7.43e-50
 4.45141e+22	7.51e-22	4.33e-11	5.14e-08	5.65e-06	5.40e-03	1.57e-01	8.38e-01	0.00e+00	0.00e+00	0.00e+00	4.33e-11	5.45e-18	1.18e-49
 4.46848e+22	9.44e-22	5.12e-11	5.89e-08	6.23e-06	5.74e-03	1.61e-01	8.33e-01	0.00e+00	0.00e+00	0.00e+00	5.12e-11	6.45e-18	1.85e-49
 4.48807e+22	1.27e-21	6.33e-11	6.98e-08	7.03e-06	6.20e-03	1.67e-01	8.27e-01	0.00e+00	0.00e+00	0.00e+00	6.33e-11	8.00e-18	3.26e-49
 4.50805e+22	1.62e-21	7.56e-11	8.04e-08	7.79e-06	6.61e-03	1.72e-01	8.22e-01	0.00e+00	0.00e+00	0.00e+00	7.56e-11	9.56e-18	5.21e-49
 4.52852e+22	2.20e-21	9.42e-11	9.59e-08	8.83e-06	7.16e-03	1.78e-01	8.15e-01	0.00e+00	0.00e+00	0.00e+00	9.42e-11	1.19e-17	9.36e-49
 4.54927e+22	2.86e-21	1.13e-10	1.11e-07	9.80e-06	7.64e-03	1.83e-01	8.09e-01	0.00e+00	0.00e+00	0.00e+00	1.13e-10	1.43e-17	1.51e-48
 4.57037e+22	3.94e-21	1.42e-10	1.33e-07	1.12e-05	8.30e-03	1.90e-01	8.02e-01	0.00e+00	0.00e+00	0.00e+00	1.42e-10	1.80e-17	2.78e-48
 4.59170e+22	5.13e-21	1.71e-10	1.55e-07	1.24e-05	8.87e-03	1.96e-01	7.95e-01	0.00e+00	0.00e+00	0.00e+00	1.71e-10	2.17e-17	4.50e-48
 4.61330e+22	7.22e-21	2.17e-10	1.88e-07	1.43e-05	9.68e-03	2.03e-01	7.87e-01	0.00e+00	0.00e+00	0.00e+00	2.17e-10	2.77e-17	8.47e-48
 4.63502e+22	9.40e-21	2.61e-10	2.17e-07	1.58e-05	1.03e-02	2.09e-01	7.81e-01	0.00e+00	0.00e+00	0.00e+00	2.61e-10	3.33e-17	1.37e-47
 4.65306e+22	1.19e-20	3.09e-10	2.49e-07	1.74e-05	1.10e-02	2.15e-01	7.74e-01	0.00e+00	0.00e+00	0.00e+00	3.09e-10	3.95e-17	2.12e-47
 4.67270e+22	1.64e-20	3.87e-10	2.98e-07	1.98e-05	1.19e-02	2.22e-01	7.66e-01	0.00e+00	0.00e+00	0.00e+00	3.87e-10	4.96e-17	3.79e-47
 4.69226e+22	2.09e-20	4.56e-10	3.40e-07	2.18e-05	1.26e-02	2.28e-01	7.60e-01	0.00e+00	0.00e+00	0.00e+00	4.56e-10	5.86e-17	5.83e-47
 4.71173e+22	2.88e-20	5.72e-10	4.08e-07	2.48e-05	1.37e-02	2.36e-01	7.51e-01	0.00e+00	0.00e+00	0.00e+00	5.72e-10	7.37e-17	1.04e-46
 4.73144e+22	3.71e-20	6.80e-10	4.69e-07	2.74e-05	1.45e-02	2.42e-01	7.44e-01	0.00e+00	0.00e+00	0.00e+00	6.80e-10	8.78e-17	1.62e-46
 4.75146e+22	5.18e-20	8.62e-10	5.67e-07	3.14e-05	1.58e-02	2.50e-01	7.34e-01	0.00e+00	0.00e+00	0.00e+00	8.62e-10	1.12e-16	2.94e-46
 4.77172e+22	6.74e-20	1.03e-09	6.55e-07	3.48e-05	1.68e-02	2.57e-01	7.26e-01	0.00e+00	0.00e+00	0.00e+00	1.03e-09	1.34e-16	4.63e-46
 4.79228e+22	9.52e-20	1.31e-09	7.96e-07	3.99e-05	1.83e-02	2.66e-01	7.16e-01	0.00e+00	0.00e+00	0.00e+00	1.31e-09	1.71e-16	8.47e-46
 4.81325e+22	1.26e-19	1.60e-09	9.31e-07	4.46e-05	1.96e-02	2.74e-01	7.07e-01	0.00e+00	0.00e+00	0.00e+00	1.60e-09	2.08e-16	1.38e-45
 4.83474e+22	1.83e-19	2.06e-09	1.14e-06	5.17e-05	2.15e-02	2.84e-01	6.95e-01	0.00e+00	0.00e+00	0.00e+00	2.06e-09	2.70e-16	2.59e-45
 4.85662e+22	2.47e-19	2.53e-09	1.35e-06	5.82e-05	2.31e-02	2.92e-01	6.85e-01	0.00e+00	0.00e+00	0.00e+00	2.53e-09	3.32e-16	4.27e-45
 4.87901e+22	3.65e-19	3.31e-09	1.68e-06	6.79e-05	2.54e-02	3.03e-01	6.72e-01	0.00e+00	0.00e+00	0.00e+00	3.31e-09	4.37e-16	8.19e-45
 4.90165e+22	5.01e-19	4.09e-09	1.99e-06	7.68e-05	2.74e-02	3.12e-01	6.61e-01	0.00e+00	0.00e+00	0.00e+00	4.09e-09	5.42e-16	1.36e-44
 4.92080e+22	6.69e-19	4.96e-09	2.33e-06	8.59e-05	2.93e-02	3.20e-01	6.51e-01	0.00e+00	0.00e+00	0.00e+00	4.96e-09	6.60e-16	2.16e-44
 4.94170e+22	9.65e-19	6.37e-09	2.86e-06	9.95e-05	3.20e-02	3.31e-01	6.37e-01	0.00e+00	0.00e+00	0.00e+00	6.37e-09	8.53e-16	3.91e-44
 4.96267e+22	1.30e-18	7.74e-09	3.35e-06	1.12e-04	3.43e-02	3.39e-01	6.26e-01	0.00e+00	0.00e+00	0.00e+00	7.74e-09	1.04e-15	6.17e-44
 4.98316e+22	1.85e-18	9.82e-09	4.07e-06	1.28e-04	3.73e-02	3.50e-01	6.13e-01	0.00e+00	0.00e+00	0.00e+00	9.82e-09	1.33e-15	1.07e-43
 5.00406e+22	2.51e-18	1.20e-08	4.80e-06	1.45e-04	4.01e-02	3.59e-01	6.01e-01	0.00e+00	0.00e+00	0.00e+00	1.20e-08	1.63e-15	1.70e-43
 5.02457e+22	3.50e-18	1.51e-08	5.79e-06	1.66e-04	4.34e-02	3.69e-01	5.87e-01	0.00e+00	0.00e+00	0.00e+00	1.51e-08	2.07e-15	2.85e-43
 5.04551e+22	4.72e-18	1.85e-08	6.87e-06	1.88e-04	4.68e-02	3.79e-01	5.74e-01	0.00e+00	0.00e+00	0.00e+00	1.85e-08	2.56e-15	4.54e-43
 5.06608e+22	6.57e-18	2.29e-08	8.21e-06	2.14e-04	5.05e-02	3.89e-01	5.60e-01	0.00e+00	0.00e+00	0.00e+00	2.29e-08	3.21e-15	7.33e-43
 5.08686e+22	8.87e-18	2.81e-08	9.75e-06	2.43e-04	5.44e-02	3.98e-01	5.47e-01	0.00e+00	0.00e+00	0.00e+00	2.81e-08	3.98e-15	1.16e-42
 5.10736e+22	1.20e-17	3.45e-08	1.16e-05	2.75e-04	5.86e-02	4.08e-01	5.33e-01	0.00e+00	0.00e+00	0.00e+00	3.45e-08	4.93e-15	1.80e-42
 5.12782e+22	1.61e-17	4.20e-08	1.37e-05	3.11e-04	6.30e-02	4.17e-01	5.19e-01	0.00e+00	0.00e+00	0.00e+00	4.20e-08	6.08e-15	2.77e-42
 5.14831e+22	2.16e-17	5.10e-08	1.61e-05	3.52e-04	6.76e-02	4.27e-01	5.05e-01	0.00e+00	0.00e+00	0.00e+00	5.10e-08	7.50e-15	4.22e-42
 5.16887e+22	2.88e-17	6.18e-08	1.90e-05	3.98e-04	7.26e-02	4.36e-01	4.92e-01	0.00e+00	0.00e+00	0.00e+00	6.18e-08	9.22e-15	6.36e-42
 5.18950e+22	3.82e-17	7.46e-08	2.24e-05	4.49e-04	7.78e-02	4.44e-01	4.77e-01	0.00e+00	0.00e+00	0.00e+00	7.46e-08	1.13e-14	9.50e-42
 5.21031e+22	5.05e-17	8.98e-08	2.63e-05	5.07e-04	8.34e-02	4.53e-01	4.63e-01	5.05e-17	1.20e-22	2.85e-23	8.98e-08	1.39e-14	1.41e-41
 5.23132e+22	6.64e-17	1.08e-07	3.09e-05	5.72e-04	8.93e-02	4.61e-01	4.49e-01	6.64e-17	2.42e-21	3.83e-22	1.08e-07	1.69e-14	2.07e-41
 5.25245e+22	8.68e-17	1.29e-07	3.61e-05	6.44e-04	9.55e-02	4.69e-01	4.35e-01	8.68e-17	3.17e-21	5.02e-22	1.29e-07	2.06e-14	3.00e-41
 5.27390e+22	1.14e-16	1.54e-07	4.24e-05	7.27e-04	1.02e-01	4.77e-01	4.20e-01	1.14e-16	4.15e-21	6.58e-22	1.54e-07	2.51e-14	4.35e-41
 5.29557e+22	1.47e-16	1.84e-07	4.94e-05	8.17e-04	1.09e-01	4.84e-01	4.06e-01	1.47e-16	5.39e-21	8.55e-22	1.84e-07	3.04e-14	6.22e-41
 5.31767e+22	1.92e-16	2.19e-07	5.79e-05	9.23e-04	1.17e-01	4.91e-01	3.91e-01	1.92e-16	7.03e-21	1.12e-21	2.19e-07	3.70e-14	8.96e-41
 5.34014e+22	2.47e-16	2.60e-07	6.75e-05	1.04e-03	1.24e-01	4.98e-01	3.77e-01	2.47e-16	9.08e-21	1.45e-21	2.60e-07	4.46e-14	1.27e-40
 5.36072e+22	3.05e-16	2.99e-07	7.66e-05	1.14e-03	1.31e-01	5.03e-01	3.65e-01	3.05e-16	1.13e-20	1.79e-21	2.99e-07	5.20e-14	1.69e-40
 5.38222e+22	3.58e-15	3.56e-07	8.99e-05	1.29e-03	1.40e-01	5.09e-01	3.50e-01	3.58e-15	1.32e-19	2.11e-20	3.56e-07	6.30e-14	2.42e-40
 5.40405e+22	4.35e-15	4.08e-07	1.02e-04	1.42e-03	1.48e-01	5.13e-01	3.38e-01	4.35e-15	1.61e-19	2.58e-20	4.08e-07	7.32e-14	3.21e-40
 5.42649e+22	5.58e-15	4.85e-07	1.20e-04	1.61e-03	1.58e-01	5.18e-01	3.23e-01	5.58e-15	2.07e-19	3.32e-20	4.85e-07	8.85e-14	4.59e-40
 5.44902e+22	6.76e-15	5.53e-07	1.35e-04	1.77e-03	1.66e-01	5.21e-01	3.11e-01	6.76e-15	2.52e-19	4.04e-20	5.53e-07	1.02e-13	6.03e-40
 5.47166e+22	8.63e-15	6.54e-07	1.58e-04	2.00e-03	1.77e-01	5.25e-01	2.97e-01	8.63e-15	3.23e-19	5.17e-20	6.54e-07	1.22e-13	8.48e-40
 5.49436e+22	1.04e-14	7.41e-07	1.77e-04	2.19e-03	1.85e-01	5.27e-01	2.86e-01	1.04e-14	3.92e-19	6.29e-20	7.41e-07	1.40e-13	1.11e-39
 5.51716e+22	1.33e-14	8.69e-07	2.06e-04	2.46e-03	1.96e-01	5.29e-01	2.72e-01	1.33e-14	5.01e-19	8.05e-20	8.69e-07	1.67e-13	1.54e-39
 5.54020e+22	1.62e-14	9.82e-07	2.31e-04	2.69e-03	2.05e-01	5.31e-01	2.61e-01	1.62e-14	6.10e-19	9.82e-20	9.82e-07	1.90e-13	2.00e-39
 5.56354e+22	2.07e-14	1.15e-06	2.68e-04	3.02e-03	2.18e-01	5.32e-01	2.47e-01	2.07e-14	7.83e-19	1.26e-19	1.15e-06	2.25e-13	2.77e-39
 5.58718e+22	2.53e-14	1.29e-06	3.00e-04	3.30e-03	2.28e-01	5.32e-01	2.37e-01	2.53e-14	9.60e-19	1.55e-19	1.29e-06	2.56e-13	3.60e-39
 5.61121e+22	3.26e-14	1.51e-06	3.47e-04	3.70e-03	2.41e-01	5.31e-01	2.24e-01	3.26e-14	1.24e-18	2.01e-19	1.51e-06	3.02e-13	5.00e-39
 5.63568e+22	4.03e-14	1.70e-06	3.88e-04	4.04e-03	2.51e-01	5.30e-01	2.14e-01	4.03e-14	1.54e-18	2.50e-19	1.70e-06	3.43e-13	6.52e-39
 5.66071e+22	5.28e-14	1.97e-06	4.49e-04	4.53e-03	2.65e-01	5.28e-01	2.01e-01	5.28e-14	2.03e-18	3.30e-19	1.97e-06	4.04e-13	9.10e-39
 5.68630e+22	6.68e-14	2.22e-06	5.03e-04	4.95e-03	2.77e-01	5.26e-01	1.92e-01	6.68e-14	2.58e-18	4.19e-19	2.22e-06	4.60e-13	1.20e-38
 5.71261e+22	8.97e-14	2.59e-06	5.83e-04	5.55e-03	2.92e-01	5.23e-01	1.79e-01	8.97e-14	3.48e-18	5.68e-19	2.59e-06	5.43e-13	1.69e-38
 5.73946e+22	1.17e-13	2.92e-06	6.53e-04	6.06e-03	3.04e-01	5.19e-01	1.70e-01	1.17e-13	4.56e-18	7.45e-19	2.92e-06	6.19e-13	2.26e-38
 5.76214e+22	1.48e-13	3.24e-06	7.23e-04	6.57e-03	3.15e-01	5.16e-01	1.62e-01	1.48e-13	5.80e-18	9.48e-19	3.24e-06	6.94e-13	2.89e-38
 5.78678e+22	2.04e-13	3.70e-06	8.23e-04	7.27e-03	3.30e-01	5.11e-01	1.52e-01	2.04e-13	8.02e-18	1.31e-18	3.70e-06	8.03e-13	3.99e-38
 5.81068e+22	2.65e-13	4.07e-06	9.01e-04	7.80e-03	3.40e-01	5.06e-01	1.45e-01	2.65e-13	1.05e-17	1.72e-18	4.07e-06	8.91e-13	5.05e-38
 5.83363e+22	3.72e-13	4.59e-06	1.01e-03	8.56e-03	3.54e-01	5.01e-01	1.36e-01	3.72e-13	1.48e-17	2.43e-18	4.59e-06	1.02e-12	6.75e-38
 5.85680e+22	5.20e-13	5.04e-06	1.11e-03	9.16e-03	3.64e-01	4.96e-01	1.30e-01	5.20e-13	2.08e-17	3.43e-18	5.04e-06	1.13e-12	8.65e-38
 5.88028e+22	8.05e-13	5.67e-06	1.24e-03	1.00e-02	3.79e-01	4.89e-01	1.21e-01	8.05e-13	3.23e-17	5.34e-18	5.67e-06	1.28e-12	1.17e-37
 5.90409e+22	1.32e-12	6.24e-06	1.36e-03	1.07e-02	3.89e-01	4.83e-01	1.15e-01	1.32e-12	5.33e-17	8.83e-18	6.24e-06	1.43e-12	1.52e-37
 5.92833e+22	2.51e-12	7.02e-06	1.53e-03	1.18e-02	4.04e-01	4.75e-01	1.08e-01	2.51e-12	1.02e-16	1.69e-17	7.02e-06	1.63e-12	2.09e-37
 5.95293e+22	5.89e-12	7.73e-06	1.67e-03	1.26e-02	4.15e-01	4.69e-01	1.02e-01	5.89e-12	2.40e-16	4.00e-17	7.73e-06	1.81e-12	2.80e-37
 5.97799e+22	1.59e-11	8.70e-06	1.87e-03	1.38e-02	4.30e-01	4.60e-01	9.47e-02	1.59e-11	6.55e-16	1.09e-16	8.70e-06	2.07e-12	4.10e-37
 6.00343e+22	4.55e-11	9.59e-06	2.05e-03	1.47e-02	4.41e-01	4.53e-01	8.95e-02	4.55e-11	1.88e-15	3.15e-16	9.59e-06	2.31e-12	6.27e-37
 6.02938e+22	8.78e-11	1.08e-05	2.30e-03	1.61e-02	4.56e-01	4.42e-01	8.28e-02	8.78e-11	3.66e-15	6.14e-16	1.08e-05	2.64e-12	1.00e-36
 6.05591e+22	1.29e-10	1.19e-05	2.52e-03	1.73e-02	4.68e-01	4.34e-01	7.79e-02	1.29e-10	5.39e-15	9.06e-16	1.19e-05	2.96e-12	1.47e-36
 6.08322e+22	1.76e-10	1.35e-05	2.83e-03	1.89e-02	4.83e-01	4.23e-01	7.16e-02	1.76e-10	7.44e-15	1.25e-15	1.35e-05	3.41e-12	2.22e-36
 6.11123e+22	2.23e-10	1.49e-05	3.11e-03	2.03e-02	4.95e-01	4.14e-01	6.70e-02	2.23e-10	9.50e-15	1.61e-15	1.49e-05	3.83e-12	3.15e-36
 6.14017e+22	2.91e-10	1.70e-05	3.51e-03	2.23e-02	5.11e-01	4.02e-01	6.12e-02	2.91e-10	1.25e-14	2.13e-15	1.70e-05	4.44e-12	4.84e-36
 6.16945e+22	3.56e-10	1.88e-05	3.86e-03	2.39e-02	5.23e-01	3.92e-01	5.71e-02	3.56e-10	1.54e-14	2.63e-15	1.88e-05	5.01e-12	6.87e-36
 6.19917e+22	4.49e-10	2.14e-05	4.35e-03	2.62e-02	5.38e-01	3.80e-01	5.19e-02	4.49e-10	1.97e-14	3.36e-15	2.14e-05	5.82e-12	1.06e-35
 6.22924e+22	5.40e-10	2.38e-05	4.77e-03	2.80e-02	5.49e-01	3.70e-01	4.82e-02	5.40e-10	2.39e-14	4.09e-15	2.38e-05	6.58e-12	1.51e-35
 6.25977e+22	6.64e-10	2.71e-05	5.38e-03	3.06e-02	5.64e-01	3.56e-01	4.36e-02	6.63e-10	2.97e-14	5.11e-15	2.71e-05	7.66e-12	2.33e-35
 6.29076e+22	7.90e-10	3.02e-05	5.91e-03	3.28e-02	5.75e-01	3.46e-01	4.04e-02	7.90e-10	3.57e-14	6.16e-15	3.02e-05	8.70e-12	3.36e-35
 6.31806e+22	9.19e-10	3.34e-05	6.47e-03	3.51e-02	5.86e-01	3.35e-01	3.73e-02	9.19e-10	4.19e-14	7.26e-15	3.34e-05	9.81e-12	4.73e-35
 6.34929e+22	1.12e-09	3.81e-05	7.27e-03	3.82e-02	5.99e-01	3.22e-01	3.36e-02	1.12e-09	5.17e-14	8.98e-15	3.81e-05	1.15e-11	7.43e-35
 6.38108e+22	1.30e-09	4.23e-05	7.98e-03	4.09e-02	6.10e-01	3.11e-01	3.08e-02	1.30e-09	6.06e-14	1.06e-14	4.23e-05	1.30e-11	1.06e-34
 6.40685e+22	1.48e-09	4.63e-05	8.63e-03	4.33e-02	6.18e-01	3.02e-01	2.87e-02	1.48e-09	6.97e-14	1.22e-14	4.63e-05	1.45e-11	1.46e-34
 6.43361e+22	1.72e-09	5.17e-05	9.48e-03	4.62e-02	6.27e-01	2.91e-01	2.63e-02	1.72e-09	8.22e-14	1.44e-14	5.17e-05	1.66e-11	2.13e-34
 6.46171e+22	1.96e-09	5.70e-05	1.03e-02	4.90e-02	6.35e-01	2.81e-01	2.43e-02	1.96e-09	9.49e-14	1.67e-14	5.70e-05	1.86e-11	2.98e-34
 6.48750e+22	2.23e-09	6.26e-05	1.11e-02	5.19e-02	6.43e-01	2.72e-01	2.24e-02	2.23e-09	1.09e-13	1.93e-14	6.26e-05	2.09e-11	4.14e-34
 6.51695e+22	2.62e-09	7.06e-05	1.23e-02	5.56e-02	6.52e-01	2.60e-01	2.03e-02	2.62e-09	1.30e-13	2.31e-14	7.06e-05	2.42e-11	6.32e-34
 6.54714e+22	3.00e-09	7.82e-05	1.34e-02	5.91e-02	6.59e-01	2.50e-01	1.86e-02	3.00e-09	1.51e-13	2.68e-14	7.82e-05	2.75e-11	9.05e-34
 6.57377e+22	3.39e-09	8.60e-05	1.45e-02	6.24e-02	6.65e-01	2.41e-01	1.71e-02	3.39e-09	1.73e-13	3.08e-14	8.60e-05	3.09e-11	1.27e-33
 6.60386e+22	3.97e-09	9.72e-05	1.60e-02	6.68e-02	6.72e-01	2.30e-01	1.54e-02	3.97e-09	2.05e-13	3.68e-14	9.72e-05	3.59e-11	1.96e-33
 6.63516e+22	4.55e-09	1.08e-04	1.75e-02	7.10e-02	6.78e-01	2.20e-01	1.40e-02	4.55e-09	2.39e-13	4.30e-14	1.08e-04	4.10e-11	2.86e-33
 6.66329e+22	5.15e-09	1.19e-04	1.90e-02	7.50e-02	6.83e-01	2.11e-01	1.28e-02	5.15e-09	2.74e-13	4.96e-14	1.19e-04	4.65e-11	4.09e-33
 6.69512e+22	6.05e-09	1.36e-04	2.10e-02	8.02e-02	6.88e-01	1.99e-01	1.14e-02	6.05e-09	3.28e-13	5.97e-14	1.36e-04	5.46e-11	6.48e-33
 6.72798e+22	6.94e-09	1.51e-04	2.29e-02	8.51e-02	6.92e-01	1.90e-01	1.03e-02	6.94e-09	3.83e-13	6.99e-14	1.51e-04	6.27e-11	9.63e-33
 6.75727e+22	7.89e-09	1.68e-04	2.48e-02	8.99e-02	6.95e-01	1.81e-01	9.30e-03	7.89e-09	4.42e-13	8.09e-14	1.68e-04	7.15e-11	1.40e-32
 6.79046e+22	9.31e-09	1.92e-04	2.76e-02	9.62e-02	6.98e-01	1.70e-01	8.19e-03	9.31e-09	5.33e-13	9.81e-14	1.92e-04	8.48e-11	2.28e-32
 6.82465e+22	1.07e-08	2.15e-04	3.00e-02	1.02e-01	6.99e-01	1.61e-01	7.35e-03	1.07e-08	6.22e-13	1.15e-13	2.15e-04	9.79e-11	3.42e-32
 6.86014e+22	1.27e-08	2.48e-04	3.35e-02	1.09e-01	7.00e-01	1.50e-01	6.40e-03	1.27e-08	7.59e-13	1.41e-13	2.48e-04	1.17e-10	5.74e-32
 6.89632e+22	1.45e-08	2.78e-04	3.65e-02	1.16e-01	7.00e-01	1.42e-01	5.68e-03	1.45e-08	8.86e-13	1.66e-13	2.78e-04	1.36e-10	8.77e-32
 6.92851e+22	1.68e-08	3.13e-04	3.98e-02	1.22e-01	6.99e-01	1.34e-01	5.07e-03	1.68e-08	1.05e-12	1.96e-13	3.13e-04	1.59e-10	1.34e-31
 6.96547e+22	2.01e-08	3.63e-04	4.44e-02	1.30e-01	6.97e-01	1.24e-01	4.36e-03	2.01e-08	1.29e-12	2.43e-13	3.63e-04	1.93e-10	2.30e-31
 7.00273e+22	2.30e-08	4.07e-04	4.83e-02	1.38e-01	6.94e-01	1.16e-01	3.85e-03	2.30e-08	1.51e-12	2.85e-13	4.07e-04	2.24e-10	3.53e-31
 7.04037e+22	2.76e-08	4.73e-04	5.37e-02	1.47e-01	6.89e-01	1.07e-01	3.30e-03	2.76e-08	1.86e-12	3.55e-13	4.73e-04	2.73e-10	6.08e-31
 7.07881e+22	3.20e-08	5.37e-04	5.88e-02	1.55e-01	6.84e-01	9.93e-02	2.88e-03	3.20e-08	2.22e-12	4.24e-13	5.37e-04	3.22e-10	9.62e-31
 7.11261e+22	3.69e-08	6.04e-04	6.38e-02	1.62e-01	6.78e-01	9.26e-02	2.53e-03	3.69e-08	2.62e-12	5.03e-13	6.04e-04	3.76e-10	1.48e-30
 7.15083e+22	4.43e-08	7.03e-04	7.09e-02	1.73e-01	6.69e-01	8.45e-02	2.14e-03	4.43e-08	3.24e-12	6.26e-13	7.03e-04	4.61e-10	2.59e-30
 7.18995e+22	4.18e-08	7.96e-04	7.72e-02	1.81e-01	6.61e-01	7.81e-02	1.85e-03	4.18e-08	3.14e-12	6.09e-13	7.96e-04	5.43e-10	3.80e-30
 7.23023e+22	5.20e-08	9.34e-04	8.60e-02	1.92e-01	6.49e-01	7.07e-02	1.55e-03	5.20e-08	4.05e-12	7.90e-13	9.34e-04	6.71e-10	6.86e-30
 7.27115e+22	6.17e-08	1.06e-03	9.37e-02	2.01e-01	6.38e-01	6.48e-02	1.33e-03	6.17e-08	4.95e-12	9.69e-13	1.06e-03	7.98e-10	1.11e-29
 7.30743e+22	7.32e-08	1.21e-03	1.02e-01	2.10e-01	6.26e-01	5.94e-02	1.14e-03	7.32e-08	6.04e-12	1.19e-12	1.21e-03	9.46e-10	1.78e-29
 7.34912e+22	9.13e-08	1.43e-03	1.13e-01	2.22e-01	6.09e-01	5.30e-02	9.34e-04	9.13e-08	7.84e-12	1.55e-12	1.43e-03	1.18e-09	3.28e-29
 7.39141e+22	1.09e-07	1.63e-03	1.23e-01	2.31e-01	5.95e-01	4.82e-02	7.93e-04	1.09e-07	9.62e-12	1.91e-12	1.63e-03	1.41e-09	5.32e-29
 7.42814e+22	1.28e-07	1.84e-03	1.34e-01	2.40e-01	5.80e-01	4.39e-02	6.77e-04	1.28e-07	1.17e-11	2.33e-12	1.84e-03	1.67e-09	8.44e-29
 7.46328e+22	1.50e-07	2.08e-03	1.44e-01	2.48e-01	5.66e-01	4.01e-02	5.82e-04	1.50e-07	1.42e-11	2.83e-12	2.08e-03	1.97e-09	1.31e-28
 7.49678e+22	1.74e-07	2.33e-03	1.54e-01	2.56e-01	5.51e-01	3.67e-02	5.00e-04	1.74e-07	1.69e-11	3.39e-12	2.33e-03	2.29e-09	1.98e-28
 7.53444e+22	2.11e-07	2.69e-03	1.68e-01	2.65e-01	5.31e-01	3.26e-02	4.12e-04	2.11e-07	2.12e-11	4.28e-12	2.69e-03	2.79e-09	3.38e-28
 7.57199e+22	2.45e-07	3.01e-03	1.80e-01	2.72e-01	5.15e-01	2.97e-02	3.53e-04	2.45e-07	2.55e-11	5.15e-12	3.01e-03	3.26e-09	5.10e-28
 7.60941e+22	2.96e-07	3.47e-03	1.96e-01	2.80e-01	4.94e-01	2.62e-02	2.87e-04	2.96e-07	3.20e-11	6.49e-12	3.47e-03	3.97e-09	8.69e-28
 7.64739e+22	3.45e-07	3.88e-03	2.09e-01	2.86e-01	4.77e-01	2.37e-02	2.44e-04	3.45e-07	3.85e-11	7.83e-12	3.88e-03	4.65e-09	1.32e-27
 7.68607e+22	4.18e-07	4.48e-03	2.27e-01	2.94e-01	4.54e-01	2.07e-02	1.96e-04	4.18e-07	4.88e-11	9.95e-12	4.48e-03	5.68e-09	2.25e-27
 7.72522e+22	4.88e-07	5.03e-03	2.42e-01	2.99e-01	4.35e-01	1.85e-02	1.65e-04	4.88e-07	5.89e-11	1.21e-11	5.03e-03	6.67e-09	3.45e-27
 7.76496e+22	5.94e-07	5.80e-03	2.63e-01	3.04e-01	4.11e-01	1.60e-02	1.31e-04	5.94e-07	7.50e-11	1.54e-11	5.80e-03	8.16e-09	5.92e-27
 7.80515e+22	6.95e-07	6.51e-03	2.80e-01	3.08e-01	3.92e-01	1.42e-02	1.08e-04	6.95e-07	9.11e-11	1.88e-11	6.51e-03	9.61e-09	9.13e-27
 7.83890e+22	8.00e-07	7.21e-03	2.95e-01	3.11e-01	3.74e-01	1.27e-02	9.13e-05	8.00e-07	1.08e-10	2.24e-11	7.21e-03	1.11e-08	1.34e-26
 7.86979e+22	9.14e-07	7.93e-03	3.11e-01	3.13e-01	3.57e-01	1.14e-02	7.72e-05	9.14e-07	1.28e-10	2.64e-11	7.93e-03	1.27e-08	1.93e-26
 7.89930e+22	1.03e-06	8.65e-03	3.25e-01	3.14e-01	3.42e-01	1.04e-02	6.63e-05	1.03e-06	1.49e-10	3.09e-11	8.65e-03	1.44e-08	2.70e-26
 7.93299e+22	1.21e-06	9.67e-03	3.44e-01	3.14e-01	3.23e-01	9.05e-03	5.39e-05	1.21e-06	1.82e-10	3.78e-11	9.67e-03	1.69e-08	4.17e-26
 7.96742e+22	1.38e-06	1.06e-02	3.61e-01	3.14e-01	3.06e-01	8.05e-03	4.51e-05	1.38e-06	2.15e-10	4.47e-11	1.06e-02	1.94e-08	6.02e-26
 7.99780e+22	1.57e-06	1.16e-02	3.77e-01	3.14e-01	2.90e-01	7.18e-03	3.79e-05	1.57e-06	2.52e-10	5.26e-11	1.16e-02	2.21e-08	8.52e-26
 8.03227e+22	1.84e-06	1.29e-02	3.98e-01	3.12e-01	2.71e-01	6.20e-03	3.04e-05	1.84e-06	3.08e-10	6.45e-11	1.29e-02	2.60e-08	1.32e-25
 8.06731e+22	2.10e-06	1.42e-02	4.15e-01	3.10e-01	2.56e-01	5.47e-03	2.52e-05	2.10e-06	3.64e-10	7.63e-11	1.42e-02	2.97e-08	1.89e-25
 8.09820e+22	2.38e-06	1.54e-02	4.32e-01	3.07e-01	2.41e-01	4.84e-03	2.09e-05	2.38e-06	4.28e-10	8.98e-11	1.54e-02	3.38e-08	2.68e-25
 8.13348e+22	2.80e-06	1.72e-02	4.53e-01	3.03e-01	2.23e-01	4.11e-03	1.65e-05	2.80e-06	5.26e-10	1.11e-10	1.72e-02	3.98e-08	4.18e-25
 8.16905e+22	3.17e-06	1.87e-02	4.70e-01	2.98e-01	2.09e-01	3.61e-03	1.36e-05	3.17e-06	6.18e-10	1.30e-10	1.87e-02	4.51e-08	5.90e-25
 8.20500e+22	3.71e-06	2.07e-02	4.92e-01	2.92e-01	1.92e-01	3.05e-03	1.06e-05	3.71e-06	7.57e-10	1.60e-10	2.07e-02	5.29e-08	9.13e-25
