#depth	O	O+	O+2	O+3	O+4	O+5	O+6	O+7	O+8	O[1]	O[2]	O[3]
 4.62852e+21	0.00e+00	0.00e+00	2.25e-25	2.65e-20	8.52e-16	1.24e-11	5.76e-07	1.58e-03	9.98e-01	0.00e+00	0.00e+00	0.00e+00
 1.05486e+22	0.00e+00	1.83e-30	1.86e-24	1.56e-19	3.57e-15	3.69e-11	1.18e-06	2.25e-03	9.98e-01	0.00e+00	0.00e+00	0.00e+00
 1.27236e+22	0.00e+00	9.54e-30	7.75e-24	5.18e-19	9.43e-15	7.74e-11	1.92e-06	2.86e-03	9.97e-01	0.00e+00	0.00e+00	0.00e+00
 1.43137e+22	0.00e+00	3.57e-29	2.42e-23	1.35e-18	2.05e-14	1.40e-10	2.83e-06	3.47e-03	9.97e-01	0.00e+00	0.00e+00	0.00e+00
 1.51971e+22	0.00e+00	4.98e-29	3.23e-23	1.72e-18	2.49e-14	1.63e-10	3.12e-06	3.64e-03	9.96e-01	0.00e+00	0.00e+00	0.00e+00
 1.55031e+22	0.00e+00	6.33e-29	3.97e-23	2.05e-18	2.87e-14	1.81e-10	3.35e-06	3.77e-03	9.96e-01	0.00e+00	0.00e+00	0.00e+00
 1.58008e+22	0.00e+00	8.59e-29	5.17e-23	2.55e-18	3.44e-14	2.08e-10	3.67e-06	3.94e-03	9.96e-01	0.00e+00	0.00e+00	0.00e+00
 1.61074e+22	0.00e+00	1.11e-28	6.46e-23	3.08e-18	4.00e-14	2.34e-10	3.96e-06	4.09e-03	9.96e-01	0.00e+00	0.00e+00	0.00e+00
 1.63759e+22	0.00e+00	1.42e-28	7.97e-23	3.68e-18	4.62e-14	2.61e-10	4.26e-06	4.24e-03	9.96e-01	0.00e+00	0.00e+00	0.00e+00
 1.66751e+22	0.00e+00	1.93e-28	1.04e-22	4.58e-18	5.51e-14	2.99e-10	4.65e-06	4.43e-03	9.96e-01	0.00e+00	0.00e+00	0.00e+00
 1.69806e+22	0.00e+00	2.50e-28	1.30e-22	5.54e-18	6.44e-14	3.36e-10	5.03e-06	4.60e-03	9.95e-01	0.00e+00	0.00e+00	0.00e+00
 1.72480e+22	0.00e+00	3.22e-28	1.61e-22	6.64e-18	7.46e-14	3.76e-10	5.42e-06	4.78e-03	9.95e-01	0.00e+00	0.00e+00	0.00e+00
 1.75490e+22	0.00e+00	4.37e-28	2.10e-22	8.30e-18	8.94e-14	4.32e-10	5.93e-06	4.99e-03	9.95e-01	0.00e+00	0.00e+00	0.00e+00
 1.78395e+22	0.00e+00	5.57e-28	2.58e-22	9.87e-18	1.03e-13	4.81e-10	6.37e-06	5.17e-03	9.95e-01	0.00e+00	0.00e+00	0.00e+00
 1.80722e+22	0.00e+00	6.89e-28	3.10e-22	1.15e-17	1.17e-13	5.30e-10	6.78e-06	5.34e-03	9.95e-01	0.00e+00	0.00e+00	0.00e+00
 1.83306e+22	0.00e+00	8.90e-28	3.87e-22	1.39e-17	1.36e-13	5.95e-10	7.32e-06	5.54e-03	9.94e-01	0.00e+00	0.00e+00	0.00e+00
 1.86067e+22	0.00e+00	1.13e-27	4.77e-22	1.65e-17	1.56e-13	6.63e-10	7.87e-06	5.74e-03	9.94e-01	0.00e+00	0.00e+00	0.00e+00
 1.88617e+22	0.00e+00	1.43e-27	5.81e-22	1.95e-17	1.79e-13	7.36e-10	8.42e-06	5.94e-03	9.94e-01	0.00e+00	0.00e+00	0.00e+00
 1.91491e+22	0.00e+00	1.91e-27	7.47e-22	2.41e-17	2.13e-13	8.40e-10	9.19e-06	6.19e-03	9.94e-01	0.00e+00	0.00e+00	0.00e+00
 1.94330e+22	2.16e-34	2.43e-27	9.18e-22	2.87e-17	2.45e-13	9.35e-10	9.86e-06	6.41e-03	9.94e-01	0.00e+00	0.00e+00	0.00e+00
 1.96682e+22	2.77e-34	3.02e-27	1.11e-21	3.36e-17	2.79e-13	1.03e-09	1.05e-05	6.62e-03	9.93e-01	0.00e+00	0.00e+00	0.00e+00
 1.99296e+22	3.69e-34	3.89e-27	1.38e-21	4.04e-17	3.24e-13	1.16e-09	1.14e-05	6.87e-03	9.93e-01	0.00e+00	0.00e+00	0.00e+00
 2.02107e+22	4.91e-34	4.99e-27	1.71e-21	4.84e-17	3.75e-13	1.30e-09	1.22e-05	7.13e-03	9.93e-01	0.00e+00	0.00e+00	0.00e+00
 2.04675e+22	6.43e-34	6.32e-27	2.09e-21	5.75e-17	4.30e-13	1.44e-09	1.31e-05	7.38e-03	9.93e-01	0.00e+00	0.00e+00	0.00e+00
 2.07014e+22	8.22e-34	7.84e-27	2.52e-21	6.71e-17	4.88e-13	1.59e-09	1.40e-05	7.62e-03	9.92e-01	0.00e+00	0.00e+00	0.00e+00
 2.09552e+22	1.08e-33	9.99e-27	3.11e-21	8.01e-17	5.64e-13	1.77e-09	1.50e-05	7.90e-03	9.92e-01	0.00e+00	0.00e+00	0.00e+00
 2.12259e+22	1.43e-33	1.28e-26	3.83e-21	9.56e-17	6.51e-13	1.98e-09	1.62e-05	8.19e-03	9.92e-01	0.00e+00	0.00e+00	0.00e+00
 2.14682e+22	1.84e-33	1.59e-26	4.63e-21	1.12e-16	7.41e-13	2.18e-09	1.73e-05	8.46e-03	9.92e-01	0.00e+00	0.00e+00	0.00e+00
 2.17325e+22	2.48e-33	2.06e-26	5.79e-21	1.35e-16	8.64e-13	2.46e-09	1.87e-05	8.79e-03	9.91e-01	0.00e+00	0.00e+00	0.00e+00
 2.20119e+22	3.33e-33	2.67e-26	7.23e-21	1.63e-16	1.00e-12	2.75e-09	2.02e-05	9.13e-03	9.91e-01	0.00e+00	0.00e+00	0.00e+00
 2.22506e+22	4.23e-33	3.29e-26	8.66e-21	1.90e-16	1.14e-12	3.03e-09	2.15e-05	9.42e-03	9.91e-01	0.00e+00	0.00e+00	0.00e+00
 2.25008e+22	5.62e-33	4.22e-26	1.07e-20	2.27e-16	1.32e-12	3.39e-09	2.31e-05	9.77e-03	9.90e-01	0.00e+00	0.00e+00	0.00e+00
 2.27641e+22	7.36e-33	5.34e-26	1.31e-20	2.69e-16	1.51e-12	3.76e-09	2.48e-05	1.01e-02	9.90e-01	0.00e+00	0.00e+00	0.00e+00
 2.29995e+22	9.43e-33	6.63e-26	1.58e-20	3.15e-16	1.71e-12	4.14e-09	2.65e-05	1.04e-02	9.90e-01	0.00e+00	0.00e+00	0.00e+00
 2.32603e+22	1.26e-32	8.55e-26	1.97e-20	3.79e-16	1.99e-12	4.65e-09	2.86e-05	1.08e-02	9.89e-01	0.00e+00	0.00e+00	0.00e+00
 2.35376e+22	1.69e-32	1.10e-25	2.44e-20	4.54e-16	2.31e-12	5.20e-09	3.08e-05	1.13e-02	9.89e-01	0.00e+00	0.00e+00	0.00e+00
 2.37860e+22	2.19e-32	1.38e-25	2.98e-20	5.36e-16	2.64e-12	5.76e-09	3.30e-05	1.16e-02	9.88e-01	0.00e+00	0.00e+00	0.00e+00
 2.40144e+22	2.82e-32	1.72e-25	3.59e-20	6.27e-16	2.99e-12	6.33e-09	3.52e-05	1.20e-02	9.88e-01	0.00e+00	0.00e+00	0.00e+00
 2.42342e+22	3.55e-32	2.11e-25	4.27e-20	7.25e-16	3.37e-12	6.93e-09	3.74e-05	1.24e-02	9.88e-01	0.00e+00	0.00e+00	0.00e+00
 2.44868e+22	4.83e-32	2.76e-25	5.38e-20	8.81e-16	3.94e-12	7.80e-09	4.06e-05	1.29e-02	9.87e-01	0.00e+00	0.00e+00	0.00e+00
 2.47461e+22	6.25e-32	3.45e-25	6.51e-20	1.03e-15	4.48e-12	8.60e-09	4.34e-05	1.33e-02	9.87e-01	0.00e+00	0.00e+00	0.00e+00
 2.50140e+22	8.64e-32	4.58e-25	8.29e-20	1.27e-15	5.28e-12	9.73e-09	4.72e-05	1.39e-02	9.86e-01	0.00e+00	0.00e+00	0.00e+00
 2.52864e+22	1.15e-31	5.86e-25	1.02e-19	1.51e-15	6.08e-12	1.08e-08	5.08e-05	1.44e-02	9.86e-01	0.00e+00	0.00e+00	0.00e+00
 2.55113e+22	1.45e-31	7.17e-25	1.22e-19	1.75e-15	6.84e-12	1.18e-08	5.39e-05	1.49e-02	9.85e-01	0.00e+00	0.00e+00	0.00e+00
 2.57500e+22	1.95e-31	9.27e-25	1.52e-19	2.10e-15	7.91e-12	1.32e-08	5.82e-05	1.55e-02	9.84e-01	0.00e+00	0.00e+00	0.00e+00
 2.59999e+22	2.53e-31	1.16e-24	1.84e-19	2.47e-15	9.02e-12	1.46e-08	6.22e-05	1.60e-02	9.84e-01	0.00e+00	0.00e+00	0.00e+00
 2.62280e+22	3.28e-31	1.46e-24	2.23e-19	2.90e-15	1.03e-11	1.60e-08	6.65e-05	1.65e-02	9.83e-01	0.00e+00	0.00e+00	0.00e+00
 2.64883e+22	4.60e-31	1.96e-24	2.87e-19	3.57e-15	1.21e-11	1.81e-08	7.25e-05	1.73e-02	9.83e-01	0.00e+00	0.00e+00	0.00e+00
 2.67497e+22	6.02e-31	2.47e-24	3.50e-19	4.21e-15	1.38e-11	2.00e-08	7.77e-05	1.79e-02	9.82e-01	0.00e+00	0.00e+00	0.00e+00
 2.69697e+22	7.83e-31	3.10e-24	4.24e-19	4.94e-15	1.57e-11	2.20e-08	8.30e-05	1.85e-02	9.81e-01	0.00e+00	0.00e+00	0.00e+00
 2.71772e+22	9.91e-31	3.81e-24	5.05e-19	5.71e-15	1.76e-11	2.39e-08	8.81e-05	1.90e-02	9.81e-01	0.00e+00	0.00e+00	0.00e+00
 2.74111e+22	1.34e-30	4.94e-24	6.30e-19	6.87e-15	2.04e-11	2.67e-08	9.51e-05	1.98e-02	9.80e-01	0.00e+00	0.00e+00	0.00e+00
 2.76555e+22	1.77e-30	6.30e-24	7.74e-19	8.15e-15	2.34e-11	2.94e-08	1.02e-04	2.05e-02	9.79e-01	0.00e+00	0.00e+00	0.00e+00
 2.78739e+22	2.32e-30	7.94e-24	9.42e-19	9.58e-15	2.66e-11	3.23e-08	1.09e-04	2.12e-02	9.79e-01	0.00e+00	0.00e+00	0.00e+00
 2.81180e+22	3.25e-30	1.06e-23	1.21e-18	1.18e-14	3.12e-11	3.64e-08	1.19e-04	2.22e-02	9.78e-01	0.00e+00	0.00e+00	0.00e+00
 2.83560e+22	4.19e-30	1.33e-23	1.46e-18	1.37e-14	3.53e-11	3.98e-08	1.26e-04	2.29e-02	9.77e-01	0.00e+00	0.00e+00	0.00e+00
 2.85559e+22	5.45e-30	1.66e-23	1.76e-18	1.61e-14	3.99e-11	4.35e-08	1.35e-04	2.36e-02	9.76e-01	0.00e+00	0.00e+00	0.00e+00
 2.87857e+22	7.51e-30	2.19e-23	2.23e-18	1.95e-14	4.65e-11	4.86e-08	1.46e-04	2.46e-02	9.75e-01	0.00e+00	0.00e+00	0.00e+00
 2.90200e+22	9.83e-30	2.77e-23	2.71e-18	2.30e-14	5.29e-11	5.33e-08	1.56e-04	2.55e-02	9.74e-01	0.00e+00	0.00e+00	0.00e+00
 2.92274e+22	1.29e-29	3.50e-23	3.31e-18	2.71e-14	6.01e-11	5.85e-08	1.67e-04	2.64e-02	9.73e-01	0.00e+00	0.00e+00	0.00e+00
 2.94331e+22	1.70e-29	4.43e-23	4.03e-18	3.19e-14	6.84e-11	6.41e-08	1.78e-04	2.73e-02	9.73e-01	0.00e+00	0.00e+00	0.00e+00
 2.96327e+22	2.20e-29	5.53e-23	4.87e-18	3.73e-14	7.72e-11	7.00e-08	1.89e-04	2.81e-02	9.72e-01	0.00e+00	0.00e+00	0.00e+00
 2.98558e+22	3.06e-29	7.36e-23	6.20e-18	4.55e-14	9.02e-11	7.82e-08	2.05e-04	2.93e-02	9.70e-01	0.00e+00	0.00e+00	0.00e+00
 3.00796e+22	4.05e-29	9.37e-23	7.60e-18	5.38e-14	1.03e-10	8.58e-08	2.20e-04	3.03e-02	9.69e-01	0.00e+00	0.00e+00	0.00e+00
 3.02706e+22	5.22e-29	1.17e-22	9.16e-18	6.27e-14	1.16e-10	9.36e-08	2.34e-04	3.13e-02	9.68e-01	0.00e+00	0.00e+00	0.00e+00
 3.04853e+22	7.22e-29	1.54e-22	1.16e-17	7.62e-14	1.35e-10	1.04e-07	2.52e-04	3.26e-02	9.67e-01	0.00e+00	0.00e+00	0.00e+00
 3.07078e+22	9.69e-29	1.99e-22	1.44e-17	9.09e-14	1.55e-10	1.15e-07	2.71e-04	3.38e-02	9.66e-01	0.00e+00	0.00e+00	0.00e+00
 3.08991e+22	1.25e-28	2.48e-22	1.73e-17	1.06e-13	1.75e-10	1.25e-07	2.88e-04	3.48e-02	9.65e-01	0.00e+00	0.00e+00	0.00e+00
 3.11063e+22	1.73e-28	3.28e-22	2.19e-17	1.29e-13	2.03e-10	1.40e-07	3.11e-04	3.62e-02	9.63e-01	0.00e+00	0.00e+00	0.00e+00
 3.13206e+22	2.31e-28	4.21e-22	2.71e-17	1.53e-13	2.33e-10	1.54e-07	3.33e-04	3.75e-02	9.62e-01	0.00e+00	0.00e+00	0.00e+00
 3.15081e+22	3.02e-28	5.29e-22	3.28e-17	1.80e-13	2.63e-10	1.68e-07	3.55e-04	3.87e-02	9.61e-01	0.00e+00	0.00e+00	0.00e+00
 3.17159e+22	4.20e-28	7.04e-22	4.18e-17	2.19e-13	3.08e-10	1.87e-07	3.84e-04	4.02e-02	9.59e-01	0.00e+00	0.00e+00	0.00e+00
 3.19298e+22	5.64e-28	9.09e-22	5.19e-17	2.62e-13	3.53e-10	2.07e-07	4.11e-04	4.17e-02	9.58e-01	0.00e+00	0.00e+00	0.00e+00
 3.21182e+22	7.49e-28	1.16e-21	6.38e-17	3.11e-13	4.03e-10	2.27e-07	4.39e-04	4.31e-02	9.56e-01	0.00e+00	0.00e+00	0.00e+00
 3.23297e+22	1.06e-27	1.56e-21	8.19e-17	3.82e-13	4.73e-10	2.54e-07	4.76e-04	4.49e-02	9.55e-01	0.00e+00	0.00e+00	0.00e+00
 3.25441e+22	1.43e-27	2.02e-21	1.02e-16	4.58e-13	5.45e-10	2.81e-07	5.11e-04	4.64e-02	9.53e-01	0.00e+00	0.00e+00	0.00e+00
 3.27293e+22	1.89e-27	2.58e-21	1.25e-16	5.43e-13	6.22e-10	3.09e-07	5.45e-04	4.80e-02	9.51e-01	0.00e+00	0.00e+00	0.00e+00
 3.29371e+22	2.68e-27	3.49e-21	1.62e-16	6.70e-13	7.33e-10	3.47e-07	5.91e-04	5.00e-02	9.49e-01	0.00e+00	0.00e+00	0.00e+00
 3.31534e+22	3.70e-27	4.61e-21	2.05e-16	8.15e-13	8.53e-10	3.86e-07	6.37e-04	5.18e-02	9.48e-01	0.00e+00	0.00e+00	0.00e+00
 3.33472e+22	4.95e-27	5.92e-21	2.54e-16	9.71e-13	9.79e-10	4.26e-07	6.81e-04	5.36e-02	9.46e-01	0.00e+00	0.00e+00	0.00e+00
 3.35323e+22	6.69e-27	7.68e-21	3.16e-16	1.16e-12	1.13e-09	4.70e-07	7.29e-04	5.54e-02	9.44e-01	0.00e+00	0.00e+00	0.00e+00
 3.37084e+22	8.77e-27	9.71e-21	3.86e-16	1.37e-12	1.28e-09	5.15e-07	7.76e-04	5.72e-02	9.42e-01	0.00e+00	0.00e+00	0.00e+00
 3.39060e+22	1.27e-26	1.34e-20	5.06e-16	1.72e-12	1.52e-09	5.82e-07	8.44e-04	5.96e-02	9.40e-01	0.00e+00	0.00e+00	0.00e+00
 3.41047e+22	1.71e-26	1.73e-20	6.30e-16	2.06e-12	1.75e-09	6.42e-07	9.03e-04	6.16e-02	9.38e-01	0.00e+00	0.00e+00	0.00e+00
 3.42656e+22	2.21e-26	2.15e-20	7.58e-16	2.40e-12	1.97e-09	6.98e-07	9.55e-04	6.33e-02	9.36e-01	0.00e+00	0.00e+00	0.00e+00
 3.44044e+22	2.80e-26	2.65e-20	9.02e-16	2.77e-12	2.21e-09	7.55e-07	1.01e-03	6.49e-02	9.34e-01	0.00e+00	0.00e+00	0.00e+00
 3.45324e+22	3.48e-26	3.19e-20	1.06e-15	3.16e-12	2.44e-09	8.11e-07	1.06e-03	6.65e-02	9.32e-01	0.00e+00	0.00e+00	0.00e+00
 3.46770e+22	4.57e-26	4.05e-20	1.29e-15	3.73e-12	2.78e-09	8.88e-07	1.12e-03	6.85e-02	9.30e-01	0.00e+00	0.00e+00	0.00e+00
 3.48274e+22	5.81e-26	4.98e-20	1.54e-15	4.32e-12	3.11e-09	9.62e-07	1.18e-03	7.03e-02	9.29e-01	0.00e+00	0.00e+00	0.00e+00
 3.49569e+22	7.28e-26	6.06e-20	1.82e-15	4.95e-12	3.46e-09	1.04e-06	1.24e-03	7.20e-02	9.27e-01	0.00e+00	0.00e+00	0.00e+00
 3.50767e+22	9.11e-26	7.35e-20	2.15e-15	5.67e-12	3.84e-09	1.12e-06	1.31e-03	7.37e-02	9.25e-01	0.00e+00	0.00e+00	0.00e+00
 3.51945e+22	1.12e-25	8.82e-20	2.51e-15	6.44e-12	4.24e-09	1.20e-06	1.37e-03	7.53e-02	9.23e-01	0.00e+00	0.00e+00	0.00e+00
 3.53103e+22	1.38e-25	1.06e-19	2.92e-15	7.32e-12	4.68e-09	1.28e-06	1.43e-03	7.70e-02	9.22e-01	0.00e+00	0.00e+00	0.00e+00
 3.54242e+22	1.72e-25	1.27e-19	3.42e-15	8.34e-12	5.18e-09	1.37e-06	1.50e-03	7.87e-02	9.20e-01	0.00e+00	0.00e+00	0.00e+00
 3.55368e+22	2.13e-25	1.53e-19	4.01e-15	9.50e-12	5.73e-09	1.47e-06	1.57e-03	8.05e-02	9.18e-01	0.00e+00	0.00e+00	0.00e+00
 3.56652e+22	2.78e-25	1.93e-19	4.88e-15	1.12e-11	6.49e-09	1.61e-06	1.66e-03	8.27e-02	9.16e-01	0.00e+00	0.00e+00	0.00e+00
 3.57951e+22	3.54e-25	2.38e-19	5.83e-15	1.29e-11	7.27e-09	1.74e-06	1.75e-03	8.48e-02	9.13e-01	0.00e+00	0.00e+00	0.00e+00
 3.59049e+22	4.37e-25	2.86e-19	6.81e-15	1.47e-11	8.02e-09	1.87e-06	1.83e-03	8.66e-02	9.12e-01	0.00e+00	0.00e+00	0.00e+00
 3.60068e+22	5.36e-25	3.42e-19	7.92e-15	1.67e-11	8.83e-09	1.99e-06	1.91e-03	8.84e-02	9.10e-01	0.00e+00	0.00e+00	0.00e+00
 3.61053e+22	6.57e-25	4.07e-19	9.20e-15	1.88e-11	9.71e-09	2.13e-06	1.99e-03	9.02e-02	9.08e-01	0.00e+00	0.00e+00	0.00e+00
 3.62181e+22	8.46e-25	5.07e-19	1.11e-14	2.20e-11	1.09e-08	2.31e-06	2.10e-03	9.25e-02	9.05e-01	0.00e+00	0.00e+00	0.00e+00
 3.63331e+22	1.07e-24	6.20e-19	1.31e-14	2.53e-11	1.22e-08	2.49e-06	2.20e-03	9.46e-02	9.03e-01	0.00e+00	0.00e+00	0.00e+00
 3.64316e+22	1.31e-24	7.41e-19	1.53e-14	2.87e-11	1.34e-08	2.66e-06	2.30e-03	9.65e-02	9.01e-01	0.00e+00	0.00e+00	0.00e+00
 3.65403e+22	1.70e-24	9.32e-19	1.86e-14	3.36e-11	1.52e-08	2.90e-06	2.43e-03	9.90e-02	8.99e-01	0.00e+00	0.00e+00	0.00e+00
 3.66521e+22	2.16e-24	1.14e-18	2.21e-14	3.88e-11	1.69e-08	3.13e-06	2.55e-03	1.01e-01	8.96e-01	0.00e+00	0.00e+00	0.00e+00
 3.67508e+22	2.69e-24	1.38e-18	2.60e-14	4.44e-11	1.87e-08	3.36e-06	2.66e-03	1.03e-01	8.94e-01	0.00e+00	0.00e+00	0.00e+00
 3.68620e+22	3.61e-24	1.79e-18	3.23e-14	5.30e-11	2.15e-08	3.69e-06	2.83e-03	1.06e-01	8.91e-01	0.00e+00	0.00e+00	0.00e+00
 3.69744e+22	4.58e-24	2.20e-18	3.85e-14	6.13e-11	2.40e-08	3.98e-06	2.97e-03	1.09e-01	8.88e-01	0.00e+00	0.00e+00	0.00e+00
 3.70702e+22	5.68e-24	2.65e-18	4.51e-14	6.99e-11	2.65e-08	4.27e-06	3.10e-03	1.11e-01	8.86e-01	0.00e+00	0.00e+00	0.00e+00
 3.71767e+22	7.82e-24	3.49e-18	5.71e-14	8.47e-11	3.07e-08	4.72e-06	3.30e-03	1.14e-01	8.83e-01	0.00e+00	0.00e+00	0.00e+00
 3.72812e+22	9.65e-24	4.19e-18	6.67e-14	9.63e-11	3.39e-08	5.05e-06	3.44e-03	1.16e-01	8.80e-01	0.00e+00	0.00e+00	0.00e+00
 3.73832e+22	1.32e-23	5.49e-18	8.38e-14	1.16e-10	3.91e-08	5.56e-06	3.65e-03	1.20e-01	8.77e-01	0.00e+00	0.00e+00	0.00e+00
 3.74834e+22	1.61e-23	6.55e-18	9.74e-14	1.32e-10	4.29e-08	5.94e-06	3.80e-03	1.22e-01	8.74e-01	0.00e+00	0.00e+00	0.00e+00
 3.75811e+22	2.22e-23	8.64e-18	1.23e-13	1.59e-10	4.97e-08	6.55e-06	4.04e-03	1.25e-01	8.71e-01	0.00e+00	0.00e+00	0.00e+00
 3.76783e+22	2.74e-23	1.04e-17	1.44e-13	1.81e-10	5.48e-08	7.01e-06	4.22e-03	1.28e-01	8.68e-01	0.00e+00	0.00e+00	0.00e+00
 3.77747e+22	3.78e-23	1.37e-17	1.82e-13	2.20e-10	6.34e-08	7.74e-06	4.48e-03	1.32e-01	8.64e-01	0.00e+00	0.00e+00	0.00e+00
 3.78720e+22	4.76e-23	1.67e-17	2.16e-13	2.53e-10	7.05e-08	8.32e-06	4.69e-03	1.34e-01	8.61e-01	0.00e+00	0.00e+00	0.00e+00
 3.79704e+22	6.64e-23	2.24e-17	2.76e-13	3.09e-10	8.21e-08	9.22e-06	5.00e-03	1.38e-01	8.57e-01	0.00e+00	0.00e+00	0.00e+00
 3.80698e+22	8.45e-23	2.76e-17	3.30e-13	3.57e-10	9.17e-08	9.95e-06	5.23e-03	1.41e-01	8.54e-01	0.00e+00	0.00e+00	0.00e+00
 3.81705e+22	1.18e-22	3.68e-17	4.21e-13	4.37e-10	1.07e-07	1.10e-05	5.58e-03	1.45e-01	8.49e-01	0.00e+00	0.00e+00	0.00e+00
 3.82702e+22	1.52e-22	4.58e-17	5.07e-13	5.09e-10	1.20e-07	1.19e-05	5.86e-03	1.48e-01	8.46e-01	0.00e+00	0.00e+00	0.00e+00
 3.83686e+22	2.11e-22	6.10e-17	6.47e-13	6.21e-10	1.39e-07	1.32e-05	6.24e-03	1.53e-01	8.41e-01	0.00e+00	0.00e+00	0.00e+00
 3.84691e+22	2.76e-22	7.70e-17	7.88e-13	7.30e-10	1.58e-07	1.44e-05	6.57e-03	1.56e-01	8.37e-01	0.00e+00	0.00e+00	0.00e+00
 3.85723e+22	3.93e-22	1.05e-16	1.02e-12	9.03e-10	1.85e-07	1.60e-05	7.02e-03	1.61e-01	8.32e-01	0.00e+00	0.00e+00	0.00e+00
 3.86760e+22	5.16e-22	1.32e-16	1.25e-12	1.06e-09	2.10e-07	1.75e-05	7.40e-03	1.65e-01	8.28e-01	0.00e+00	0.00e+00	0.00e+00
 3.87804e+22	7.40e-22	1.81e-16	1.63e-12	1.32e-09	2.47e-07	1.95e-05	7.93e-03	1.70e-01	8.22e-01	0.00e+00	0.00e+00	0.00e+00
 3.88854e+22	9.74e-22	2.30e-16	1.99e-12	1.56e-09	2.81e-07	2.13e-05	8.36e-03	1.74e-01	8.18e-01	0.00e+00	0.00e+00	0.00e+00
 3.89764e+22	1.28e-21	2.91e-16	2.43e-12	1.84e-09	3.18e-07	2.32e-05	8.81e-03	1.78e-01	8.13e-01	0.00e+00	0.00e+00	0.00e+00
 3.90796e+22	1.81e-21	3.93e-16	3.14e-12	2.27e-09	3.73e-07	2.59e-05	9.42e-03	1.83e-01	8.07e-01	0.00e+00	0.00e+00	0.00e+00
 3.91828e+22	2.36e-21	4.94e-16	3.82e-12	2.66e-09	4.21e-07	2.81e-05	9.92e-03	1.88e-01	8.03e-01	0.00e+00	0.00e+00	0.00e+00
 3.92859e+22	3.32e-21	6.65e-16	4.91e-12	3.27e-09	4.93e-07	3.13e-05	1.06e-02	1.93e-01	7.96e-01	0.00e+00	0.00e+00	0.00e+00
 3.93905e+22	4.32e-21	8.36e-16	5.96e-12	3.83e-09	5.57e-07	3.40e-05	1.12e-02	1.97e-01	7.91e-01	0.00e+00	0.00e+00	0.00e+00
 3.94971e+22	6.11e-21	1.13e-15	7.69e-12	4.73e-09	6.54e-07	3.80e-05	1.19e-02	2.03e-01	7.85e-01	0.00e+00	0.00e+00	0.00e+00
 3.96054e+22	7.90e-21	1.41e-15	9.30e-12	5.53e-09	7.38e-07	4.13e-05	1.26e-02	2.08e-01	7.80e-01	0.00e+00	0.00e+00	0.00e+00
 3.97158e+22	1.11e-20	1.89e-15	1.19e-11	6.78e-09	8.63e-07	4.60e-05	1.34e-02	2.14e-01	7.73e-01	0.00e+00	0.00e+00	0.00e+00
 3.98297e+22	1.45e-20	2.39e-15	1.46e-11	8.00e-09	9.81e-07	5.03e-05	1.42e-02	2.19e-01	7.67e-01	0.00e+00	0.00e+00	0.00e+00
 3.99480e+22	2.05e-20	3.22e-15	1.88e-11	9.87e-09	1.15e-06	5.62e-05	1.52e-02	2.25e-01	7.60e-01	0.00e+00	0.00e+00	0.00e+00
 4.00678e+22	2.67e-20	4.06e-15	2.28e-11	1.16e-08	1.31e-06	6.13e-05	1.60e-02	2.30e-01	7.54e-01	0.00e+00	0.00e+00	0.00e+00
 4.01898e+22	3.76e-20	5.45e-15	2.93e-11	1.43e-08	1.54e-06	6.86e-05	1.72e-02	2.37e-01	7.46e-01	0.00e+00	0.00e+00	0.00e+00
 4.03125e+22	4.85e-20	6.79e-15	3.54e-11	1.67e-08	1.73e-06	7.46e-05	1.81e-02	2.42e-01	7.40e-01	0.00e+00	0.00e+00	0.00e+00
 4.04361e+22	6.72e-20	9.02e-15	4.51e-11	2.04e-08	2.03e-06	8.32e-05	1.93e-02	2.49e-01	7.32e-01	0.00e+00	0.00e+00	0.00e+00
 4.05629e+22	8.67e-20	1.13e-14	5.45e-11	2.38e-08	2.29e-06	9.06e-05	2.04e-02	2.54e-01	7.25e-01	0.00e+00	0.00e+00	0.00e+00
 4.06731e+22	1.10e-19	1.38e-14	6.49e-11	2.76e-08	2.57e-06	9.81e-05	2.14e-02	2.59e-01	7.19e-01	0.00e+00	0.00e+00	0.00e+00
 4.07960e+22	1.49e-19	1.80e-14	8.14e-11	3.33e-08	2.97e-06	1.09e-04	2.28e-02	2.66e-01	7.11e-01	0.00e+00	0.00e+00	0.00e+00
 4.09193e+22	1.86e-19	2.19e-14	9.60e-11	3.82e-08	3.31e-06	1.17e-04	2.39e-02	2.71e-01	7.05e-01	0.00e+00	0.00e+00	0.00e+00
 4.10433e+22	2.50e-19	2.83e-14	1.20e-10	4.59e-08	3.82e-06	1.30e-04	2.54e-02	2.78e-01	6.96e-01	0.00e+00	0.00e+00	0.00e+00
 4.11698e+22	3.14e-19	3.44e-14	1.41e-10	5.27e-08	4.27e-06	1.40e-04	2.66e-02	2.83e-01	6.90e-01	0.00e+00	0.00e+00	0.00e+00
 4.12815e+22	3.92e-19	4.17e-14	1.67e-10	6.05e-08	4.75e-06	1.51e-04	2.79e-02	2.88e-01	6.84e-01	0.00e+00	0.00e+00	0.00e+00
 4.14088e+22	5.24e-19	5.36e-14	2.07e-10	7.24e-08	5.48e-06	1.67e-04	2.97e-02	2.95e-01	6.75e-01	0.00e+00	0.00e+00	0.00e+00
 4.15353e+22	6.40e-19	6.38e-14	2.40e-10	8.20e-08	6.05e-06	1.79e-04	3.09e-02	3.00e-01	6.69e-01	0.00e+00	0.00e+00	0.00e+00
 4.16607e+22	8.42e-19	8.10e-14	2.94e-10	9.74e-08	6.92e-06	1.97e-04	3.28e-02	3.07e-01	6.60e-01	0.00e+00	0.00e+00	0.00e+00
 4.17885e+22	1.03e-18	9.67e-14	3.42e-10	1.10e-07	7.65e-06	2.12e-04	3.42e-02	3.12e-01	6.54e-01	0.00e+00	0.00e+00	0.00e+00
 4.19195e+22	1.36e-18	1.23e-13	4.20e-10	1.31e-07	8.77e-06	2.33e-04	3.63e-02	3.19e-01	6.45e-01	0.00e+00	0.00e+00	0.00e+00
 4.20529e+22	1.67e-18	1.47e-13	4.90e-10	1.49e-07	9.71e-06	2.50e-04	3.79e-02	3.24e-01	6.38e-01	0.00e+00	0.00e+00	0.00e+00
 4.21897e+22	2.20e-18	1.87e-13	6.02e-10	1.77e-07	1.11e-05	2.76e-04	4.02e-02	3.31e-01	6.28e-01	0.00e+00	0.00e+00	0.00e+00
 4.23289e+22	2.70e-18	2.23e-13	7.02e-10	2.02e-07	1.23e-05	2.97e-04	4.20e-02	3.37e-01	6.21e-01	0.00e+00	0.00e+00	0.00e+00
 4.24713e+22	3.56e-18	2.84e-13	8.63e-10	2.40e-07	1.42e-05	3.27e-04	4.45e-02	3.44e-01	6.11e-01	0.00e+00	0.00e+00	0.00e+00
 4.26106e+22	4.28e-18	3.33e-13	9.89e-10	2.69e-07	1.55e-05	3.49e-04	4.63e-02	3.49e-01	6.05e-01	0.00e+00	0.00e+00	0.00e+00
 4.27456e+22	5.55e-18	4.17e-13	1.20e-09	3.17e-07	1.77e-05	3.83e-04	4.89e-02	3.55e-01	5.95e-01	0.00e+00	0.00e+00	0.00e+00
 4.28827e+22	6.66e-18	4.89e-13	1.38e-09	3.55e-07	1.94e-05	4.08e-04	5.09e-02	3.60e-01	5.88e-01	0.00e+00	0.00e+00	0.00e+00
 4.30225e+22	8.56e-18	6.09e-13	1.66e-09	4.16e-07	2.20e-05	4.46e-04	5.37e-02	3.67e-01	5.79e-01	0.00e+00	0.00e+00	0.00e+00
 4.31665e+22	1.05e-17	7.25e-13	1.93e-09	4.72e-07	2.43e-05	4.80e-04	5.60e-02	3.72e-01	5.71e-01	0.00e+00	0.00e+00	0.00e+00
 4.33161e+22	1.35e-17	9.03e-13	2.33e-09	5.52e-07	2.76e-05	5.24e-04	5.90e-02	3.79e-01	5.62e-01	0.00e+00	0.00e+00	0.00e+00
 4.34705e+22	1.66e-17	1.09e-12	2.73e-09	6.31e-07	3.07e-05	5.65e-04	6.17e-02	3.84e-01	5.53e-01	0.00e+00	0.00e+00	0.00e+00
 4.36312e+22	2.16e-17	1.36e-12	3.32e-09	7.43e-07	3.49e-05	6.20e-04	6.52e-02	3.91e-01	5.43e-01	0.00e+00	0.00e+00	0.00e+00
 4.37961e+22	2.68e-17	1.64e-12	3.90e-09	8.52e-07	3.90e-05	6.70e-04	6.82e-02	3.97e-01	5.34e-01	2.68e-17	6.83e-28	7.26e-28
 4.39665e+22	3.49e-17	2.07e-12	4.76e-09	1.01e-06	4.45e-05	7.36e-04	7.21e-02	4.04e-01	5.23e-01	3.49e-17	6.61e-26	8.32e-26
 4.41424e+22	4.38e-17	2.52e-12	5.64e-09	1.16e-06	4.99e-05	7.98e-04	7.56e-02	4.10e-01	5.14e-01	4.38e-17	8.28e-26	1.04e-25
 4.43253e+22	5.77e-17	3.21e-12	6.93e-09	1.38e-06	5.73e-05	8.80e-04	8.00e-02	4.17e-01	5.02e-01	5.77e-17	1.09e-25	1.38e-25
 4.45141e+22	7.30e-17	3.94e-12	8.27e-09	1.60e-06	6.45e-05	9.56e-04	8.40e-02	4.22e-01	4.93e-01	7.30e-17	1.38e-25	1.74e-25
 4.46848e+22	9.16e-17	4.80e-12	9.80e-09	1.85e-06	7.22e-05	1.04e-03	8.80e-02	4.28e-01	4.83e-01	9.16e-17	1.73e-25	2.18e-25
 4.48807e+22	1.22e-16	6.17e-12	1.21e-08	2.21e-06	8.34e-05	1.15e-03	9.32e-02	4.35e-01	4.71e-01	1.22e-16	2.31e-25	2.91e-25
 4.50805e+22	1.55e-16	7.58e-12	1.45e-08	2.57e-06	9.39e-05	1.25e-03	9.78e-02	4.41e-01	4.60e-01	1.55e-16	2.93e-25	3.69e-25
 4.52852e+22	2.08e-16	9.80e-12	1.81e-08	3.09e-06	1.09e-04	1.38e-03	1.04e-01	4.47e-01	4.47e-01	2.08e-16	3.93e-25	4.95e-25
 4.54927e+22	2.64e-16	1.21e-11	2.17e-08	3.59e-06	1.23e-04	1.51e-03	1.09e-01	4.53e-01	4.37e-01	2.64e-16	5.01e-25	6.30e-25
 4.57037e+22	3.58e-16	1.58e-11	2.72e-08	4.35e-06	1.43e-04	1.68e-03	1.16e-01	4.59e-01	4.23e-01	3.58e-16	6.79e-25	8.55e-25
 4.59170e+22	4.56e-16	1.94e-11	3.26e-08	5.06e-06	1.62e-04	1.83e-03	1.21e-01	4.64e-01	4.13e-01	4.56e-16	8.65e-25	1.09e-24
 4.61330e+22	6.24e-16	2.56e-11	4.12e-08	6.17e-06	1.89e-04	2.04e-03	1.29e-01	4.70e-01	3.98e-01	6.24e-16	1.18e-24	1.49e-24
 4.63502e+22	7.92e-16	3.15e-11	4.93e-08	7.17e-06	2.13e-04	2.22e-03	1.35e-01	4.75e-01	3.88e-01	7.92e-16	1.50e-24	1.89e-24
 4.65306e+22	9.82e-16	3.80e-11	5.80e-08	8.22e-06	2.38e-04	2.39e-03	1.41e-01	4.78e-01	3.78e-01	9.82e-16	1.87e-24	2.35e-24
 4.67270e+22	1.30e-15	4.86e-11	7.18e-08	9.84e-06	2.75e-04	2.65e-03	1.49e-01	4.83e-01	3.65e-01	1.30e-15	2.48e-24	3.12e-24
 4.69226e+22	1.61e-15	5.84e-11	8.41e-08	1.12e-05	3.06e-04	2.86e-03	1.55e-01	4.86e-01	3.55e-01	1.61e-15	3.06e-24	3.85e-24
 4.71173e+22	2.13e-15	7.45e-11	1.04e-07	1.34e-05	3.54e-04	3.16e-03	1.64e-01	4.90e-01	3.42e-01	2.13e-15	4.05e-24	5.09e-24
 4.73144e+22	2.64e-15	8.99e-11	1.22e-07	1.54e-05	3.95e-04	3.41e-03	1.71e-01	4.93e-01	3.32e-01	2.64e-15	5.02e-24	6.31e-24
 4.75146e+22	3.51e-15	1.15e-10	1.51e-07	1.85e-05	4.59e-04	3.78e-03	1.80e-01	4.96e-01	3.19e-01	3.51e-15	6.68e-24	8.40e-24
 4.77172e+22	4.36e-15	1.39e-10	1.78e-07	2.13e-05	5.13e-04	4.09e-03	1.88e-01	4.99e-01	3.09e-01	4.36e-15	8.31e-24	1.04e-23
 4.79228e+22	5.81e-15	1.79e-10	2.22e-07	2.56e-05	5.97e-04	4.55e-03	1.98e-01	5.01e-01	2.95e-01	5.81e-15	1.11e-23	1.39e-23
 4.81325e+22	7.29e-15	2.18e-10	2.63e-07	2.97e-05	6.74e-04	4.95e-03	2.07e-01	5.02e-01	2.85e-01	7.29e-15	1.39e-23	1.75e-23
 4.83474e+22	9.77e-15	2.82e-10	3.29e-07	3.60e-05	7.89e-04	5.53e-03	2.19e-01	5.04e-01	2.71e-01	9.77e-15	1.86e-23	2.34e-23
 4.85662e+22	1.23e-14	3.44e-10	3.93e-07	4.19e-05	8.95e-04	6.03e-03	2.29e-01	5.04e-01	2.60e-01	1.23e-14	2.35e-23	2.95e-23
 4.87901e+22	1.65e-14	4.46e-10	4.94e-07	5.11e-05	1.05e-03	6.77e-03	2.42e-01	5.04e-01	2.46e-01	1.65e-14	3.16e-23	3.97e-23
 4.90165e+22	2.08e-14	5.45e-10	5.89e-07	5.96e-05	1.20e-03	7.40e-03	2.53e-01	5.04e-01	2.35e-01	2.08e-14	3.97e-23	4.99e-23
 4.92080e+22	2.55e-14	6.53e-10	6.92e-07	6.86e-05	1.35e-03	8.04e-03	2.64e-01	5.02e-01	2.25e-01	2.55e-14	4.88e-23	6.13e-23
 4.94170e+22	3.31e-14	8.20e-10	8.47e-07	8.20e-05	1.57e-03	8.94e-03	2.77e-01	5.00e-01	2.12e-01	3.31e-14	6.33e-23	7.95e-23
 4.96267e+22	4.03e-14	9.75e-10	9.90e-07	9.41e-05	1.76e-03	9.70e-03	2.88e-01	4.98e-01	2.02e-01	4.03e-14	7.71e-23	9.69e-23
 4.98316e+22	5.09e-14	1.20e-09	1.19e-06	1.11e-04	2.03e-03	1.07e-02	3.02e-01	4.95e-01	1.91e-01	5.09e-14	9.76e-23	1.23e-22
 5.00406e+22	6.19e-14	1.42e-09	1.39e-06	1.28e-04	2.28e-03	1.17e-02	3.13e-01	4.91e-01	1.81e-01	6.19e-14	1.19e-22	1.49e-22
 5.02457e+22	7.65e-14	1.72e-09	1.66e-06	1.49e-04	2.61e-03	1.28e-02	3.27e-01	4.87e-01	1.70e-01	7.65e-14	1.47e-22	1.84e-22
 5.04551e+22	9.23e-14	2.03e-09	1.93e-06	1.72e-04	2.95e-03	1.40e-02	3.40e-01	4.82e-01	1.61e-01	9.23e-14	1.77e-22	2.23e-22
 5.06608e+22	1.12e-13	2.41e-09	2.26e-06	1.99e-04	3.34e-03	1.53e-02	3.53e-01	4.76e-01	1.51e-01	1.12e-13	2.14e-22	2.69e-22
 5.08686e+22	1.33e-13	2.82e-09	2.63e-06	2.28e-04	3.77e-03	1.67e-02	3.66e-01	4.70e-01	1.42e-01	1.33e-13	2.56e-22	3.21e-22
 5.10736e+22	1.58e-13	3.29e-09	3.04e-06	2.61e-04	4.24e-03	1.82e-02	3.80e-01	4.64e-01	1.34e-01	1.58e-13	3.03e-22	3.80e-22
 5.12782e+22	1.85e-13	3.80e-09	3.49e-06	2.98e-04	4.76e-03	1.98e-02	3.93e-01	4.57e-01	1.26e-01	1.85e-13	3.56e-22	4.47e-22
 5.14831e+22	2.15e-13	4.37e-09	3.99e-06	3.39e-04	5.33e-03	2.15e-02	4.06e-01	4.49e-01	1.18e-01	2.15e-13	4.15e-22	5.21e-22
 5.16887e+22	2.49e-13	5.00e-09	4.55e-06	3.84e-04	5.95e-03	2.33e-02	4.19e-01	4.42e-01	1.10e-01	2.49e-13	4.81e-22	6.03e-22
 5.18950e+22	2.86e-13	5.69e-09	5.17e-06	4.34e-04	6.64e-03	2.53e-02	4.32e-01	4.33e-01	1.03e-01	2.86e-13	5.53e-22	6.93e-22
 5.21031e+22	3.27e-13	6.44e-09	5.86e-06	4.90e-04	7.38e-03	2.74e-02	4.44e-01	4.24e-01	9.60e-02	3.27e-13	6.32e-22	7.91e-22
 5.23132e+22	3.71e-13	7.26e-09	6.62e-06	5.52e-04	8.20e-03	2.96e-02	4.57e-01	4.15e-01	8.94e-02	3.71e-13	7.18e-22	8.99e-22
 5.25245e+22	4.18e-13	8.14e-09	7.44e-06	6.20e-04	9.09e-03	3.20e-02	4.69e-01	4.06e-01	8.33e-02	4.18e-13	8.10e-22	1.01e-21
 5.27390e+22	4.70e-13	9.11e-09	8.37e-06	6.97e-04	1.01e-02	3.45e-02	4.82e-01	3.96e-01	7.73e-02	4.70e-13	9.12e-22	1.14e-21
 5.29557e+22	5.25e-13	1.01e-08	9.36e-06	7.80e-04	1.11e-02	3.72e-02	4.93e-01	3.86e-01	7.17e-02	5.25e-13	1.02e-21	1.28e-21
 5.31767e+22	5.85e-13	1.13e-08	1.05e-05	8.76e-04	1.23e-02	4.02e-02	5.05e-01	3.75e-01	6.62e-02	5.85e-13	1.14e-21	1.42e-21
 5.34014e+22	6.48e-13	1.25e-08	1.17e-05	9.79e-04	1.35e-02	4.32e-02	5.16e-01	3.65e-01	6.12e-02	6.48e-13	1.26e-21	1.58e-21
 5.36072e+22	7.05e-13	1.36e-08	1.28e-05	1.07e-03	1.47e-02	4.59e-02	5.25e-01	3.56e-01	5.73e-02	7.05e-13	1.37e-21	1.72e-21
 5.38222e+22	7.78e-13	1.51e-08	1.44e-05	1.20e-03	1.62e-02	4.95e-02	5.37e-01	3.44e-01	5.25e-02	7.78e-13	1.52e-21	1.90e-21
 5.40405e+22	8.44e-13	1.64e-08	1.57e-05	1.32e-03	1.75e-02	5.26e-02	5.45e-01	3.35e-01	4.90e-02	8.44e-13	1.65e-21	2.06e-21
 5.42649e+22	9.31e-13	1.82e-08	1.76e-05	1.48e-03	1.93e-02	5.67e-02	5.55e-01	3.23e-01	4.47e-02	9.31e-13	1.82e-21	2.28e-21
 5.44902e+22	1.00e-12	1.96e-08	1.92e-05	1.62e-03	2.07e-02	6.00e-02	5.63e-01	3.13e-01	4.16e-02	1.00e-12	1.97e-21	2.46e-21
 5.47166e+22	1.10e-12	2.16e-08	2.15e-05	1.82e-03	2.28e-02	6.45e-02	5.72e-01	3.01e-01	3.78e-02	1.10e-12	2.15e-21	2.69e-21
 5.49436e+22	1.18e-12	2.34e-08	2.35e-05	1.99e-03	2.44e-02	6.80e-02	5.78e-01	2.92e-01	3.52e-02	1.18e-12	2.32e-21	2.90e-21
 5.51716e+22	1.29e-12	2.58e-08	2.62e-05	2.22e-03	2.67e-02	7.29e-02	5.86e-01	2.80e-01	3.20e-02	1.29e-12	2.54e-21	3.17e-21
 5.54020e+22	1.39e-12	2.79e-08	2.85e-05	2.42e-03	2.86e-02	7.68e-02	5.92e-01	2.71e-01	2.97e-02	1.39e-12	2.74e-21	3.42e-21
 5.56354e+22	1.51e-12	3.08e-08	3.19e-05	2.71e-03	3.12e-02	8.21e-02	5.98e-01	2.59e-01	2.68e-02	1.51e-12	2.99e-21	3.73e-21
 5.58718e+22	1.63e-12	3.33e-08	3.48e-05	2.96e-03	3.33e-02	8.64e-02	6.02e-01	2.50e-01	2.48e-02	1.63e-12	3.22e-21	4.02e-21
 5.61121e+22	1.78e-12	3.68e-08	3.90e-05	3.31e-03	3.63e-02	9.22e-02	6.08e-01	2.38e-01	2.24e-02	1.78e-12	3.52e-21	4.39e-21
 5.63568e+22	1.92e-12	4.01e-08	4.27e-05	3.62e-03	3.87e-02	9.69e-02	6.11e-01	2.29e-01	2.06e-02	1.92e-12	3.81e-21	4.75e-21
 5.66071e+22	2.10e-12	4.45e-08	4.80e-05	4.06e-03	4.21e-02	1.03e-01	6.14e-01	2.18e-01	1.85e-02	2.10e-12	4.19e-21	5.22e-21
 5.68630e+22	2.29e-12	4.88e-08	5.29e-05	4.45e-03	4.50e-02	1.09e-01	6.16e-01	2.09e-01	1.69e-02	2.29e-12	4.56e-21	5.68e-21
 5.71261e+22	2.52e-12	5.46e-08	5.99e-05	5.01e-03	4.89e-02	1.16e-01	6.18e-01	1.97e-01	1.51e-02	2.52e-12	5.04e-21	6.28e-21
 5.73946e+22	2.77e-12	6.04e-08	6.64e-05	5.51e-03	5.22e-02	1.21e-01	6.19e-01	1.88e-01	1.38e-02	2.77e-12	5.54e-21	6.90e-21
 5.76214e+22	2.98e-12	6.58e-08	7.27e-05	5.99e-03	5.53e-02	1.27e-01	6.19e-01	1.80e-01	1.26e-02	2.98e-12	5.99e-21	7.46e-21
 5.78678e+22	3.29e-12	7.36e-08	8.18e-05	6.68e-03	5.95e-02	1.34e-01	6.18e-01	1.71e-01	1.13e-02	3.29e-12	6.63e-21	8.25e-21
 5.81068e+22	3.56e-12	8.01e-08	8.92e-05	7.21e-03	6.26e-02	1.39e-01	6.17e-01	1.64e-01	1.05e-02	3.56e-12	7.18e-21	8.94e-21
 5.83363e+22	3.89e-12	8.88e-08	9.94e-05	7.96e-03	6.68e-02	1.45e-01	6.15e-01	1.55e-01	9.42e-03	3.89e-12	7.87e-21	9.79e-21
 5.85680e+22	4.26e-12	9.76e-08	1.09e-04	8.61e-03	7.03e-02	1.51e-01	6.13e-01	1.49e-01	8.70e-03	4.26e-12	8.63e-21	1.07e-20
 5.88028e+22	4.70e-12	1.09e-07	1.22e-04	9.51e-03	7.49e-02	1.58e-01	6.09e-01	1.41e-01	7.81e-03	4.70e-12	9.56e-21	1.19e-20
 5.90409e+22	5.16e-12	1.20e-07	1.34e-04	1.03e-02	7.88e-02	1.63e-01	6.06e-01	1.34e-01	7.18e-03	5.16e-12	1.05e-20	1.31e-20
 5.92833e+22	5.75e-12	1.36e-07	1.51e-04	1.14e-02	8.40e-02	1.71e-01	6.01e-01	1.26e-01	6.41e-03	5.75e-12	1.18e-20	1.46e-20
 5.95293e+22	6.39e-12	1.51e-07	1.67e-04	1.24e-02	8.83e-02	1.76e-01	5.97e-01	1.21e-01	5.88e-03	6.39e-12	1.31e-20	1.63e-20
 5.97799e+22	7.17e-12	1.72e-07	1.89e-04	1.37e-02	9.40e-02	1.84e-01	5.90e-01	1.13e-01	5.22e-03	7.17e-12	1.47e-20	1.83e-20
 6.00343e+22	8.03e-12	1.93e-07	2.09e-04	1.49e-02	9.88e-02	1.90e-01	5.84e-01	1.07e-01	4.76e-03	8.03e-12	1.66e-20	2.06e-20
 6.02938e+22	9.12e-12	2.21e-07	2.38e-04	1.65e-02	1.05e-01	1.98e-01	5.76e-01	1.00e-01	4.20e-03	9.12e-12	1.89e-20	2.34e-20
 6.05591e+22	1.03e-11	2.50e-07	2.66e-04	1.80e-02	1.11e-01	2.03e-01	5.69e-01	9.48e-02	3.81e-03	1.03e-11	2.14e-20	2.66e-20
 6.08322e+22	1.19e-11	2.91e-07	3.05e-04	2.00e-02	1.18e-01	2.12e-01	5.59e-01	8.78e-02	3.34e-03	1.19e-11	2.48e-20	3.08e-20
 6.11123e+22	1.36e-11	3.32e-07	3.43e-04	2.19e-02	1.24e-01	2.18e-01	5.50e-01	8.26e-02	3.00e-03	1.36e-11	2.84e-20	3.53e-20
 6.14017e+22	1.60e-11	3.93e-07	3.98e-04	2.45e-02	1.32e-01	2.26e-01	5.38e-01	7.61e-02	2.60e-03	1.60e-11	3.37e-20	4.18e-20
 6.16945e+22	1.85e-11	4.51e-07	4.48e-04	2.67e-02	1.39e-01	2.32e-01	5.28e-01	7.13e-02	2.33e-03	1.85e-11	3.91e-20	4.84e-20
 6.19917e+22	2.20e-11	5.39e-07	5.22e-04	2.99e-02	1.48e-01	2.40e-01	5.14e-01	6.53e-02	2.01e-03	2.20e-11	4.69e-20	5.80e-20
 6.22924e+22	2.57e-11	6.24e-07	5.90e-04	3.27e-02	1.55e-01	2.46e-01	5.03e-01	6.10e-02	1.79e-03	2.57e-11	5.50e-20	6.80e-20
 6.25977e+22	3.11e-11	7.51e-07	6.91e-04	3.66e-02	1.65e-01	2.53e-01	4.87e-01	5.55e-02	1.53e-03	3.11e-11	6.68e-20	8.26e-20
 6.29076e+22	3.66e-11	8.77e-07	7.83e-04	4.00e-02	1.73e-01	2.59e-01	4.75e-01	5.15e-02	1.36e-03	3.66e-11	7.92e-20	9.79e-20
 6.31806e+22	4.29e-11	1.02e-06	8.86e-04	4.36e-02	1.81e-01	2.64e-01	4.62e-01	4.77e-02	1.20e-03	4.29e-11	9.32e-20	1.15e-19
 6.34929e+22	5.29e-11	1.24e-06	1.04e-03	4.87e-02	1.91e-01	2.70e-01	4.45e-01	4.32e-02	1.02e-03	5.29e-11	1.16e-19	1.43e-19
 6.38108e+22	6.27e-11	1.45e-06	1.18e-03	5.32e-02	2.00e-01	2.75e-01	4.31e-01	3.97e-02	8.89e-04	6.27e-11	1.38e-19	1.70e-19
 6.40685e+22	7.29e-11	1.67e-06	1.32e-03	5.73e-02	2.07e-01	2.78e-01	4.18e-01	3.70e-02	7.93e-04	7.29e-11	1.62e-19	1.99e-19
 6.43361e+22	8.77e-11	1.97e-06	1.50e-03	6.25e-02	2.16e-01	2.81e-01	4.04e-01	3.39e-02	6.92e-04	8.77e-11	1.95e-19	2.41e-19
 6.46171e+22	1.03e-10	2.28e-06	1.68e-03	6.75e-02	2.24e-01	2.84e-01	3.90e-01	3.13e-02	6.11e-04	1.03e-10	2.32e-19	2.85e-19
 6.48750e+22	1.22e-10	2.63e-06	1.89e-03	7.27e-02	2.32e-01	2.87e-01	3.77e-01	2.89e-02	5.40e-04	1.22e-10	2.74e-19	3.38e-19
 6.51695e+22	1.50e-10	3.16e-06	2.17e-03	7.97e-02	2.42e-01	2.89e-01	3.60e-01	2.61e-02	4.62e-04	1.50e-10	3.41e-19	4.20e-19
 6.54714e+22	1.80e-10	3.70e-06	2.46e-03	8.63e-02	2.51e-01	2.91e-01	3.45e-01	2.38e-02	4.01e-04	1.80e-10	4.12e-19	5.06e-19
 6.57377e+22	2.13e-10	4.30e-06	2.75e-03	9.27e-02	2.59e-01	2.91e-01	3.32e-01	2.19e-02	3.52e-04	2.13e-10	4.92e-19	6.05e-19
 6.60386e+22	2.66e-10	5.18e-06	3.16e-03	1.01e-01	2.69e-01	2.92e-01	3.15e-01	1.96e-02	2.98e-04	2.66e-10	6.19e-19	7.60e-19
 6.63516e+22	3.23e-10	6.11e-06	3.58e-03	1.09e-01	2.78e-01	2.92e-01	3.00e-01	1.77e-02	2.56e-04	3.23e-10	7.58e-19	9.30e-19
 6.66329e+22	3.88e-10	7.13e-06	4.02e-03	1.18e-01	2.86e-01	2.91e-01	2.86e-01	1.61e-02	2.21e-04	3.88e-10	9.20e-19	1.13e-18
 6.69512e+22	4.92e-10	8.66e-06	4.64e-03	1.28e-01	2.95e-01	2.89e-01	2.68e-01	1.42e-02	1.84e-04	4.92e-10	1.18e-18	1.44e-18
 6.72798e+22	6.05e-10	1.03e-05	5.26e-03	1.38e-01	3.03e-01	2.87e-01	2.53e-01	1.27e-02	1.56e-04	6.05e-10	1.46e-18	1.79e-18
 6.75727e+22	7.36e-10	1.20e-05	5.91e-03	1.48e-01	3.11e-01	2.84e-01	2.39e-01	1.14e-02	1.34e-04	7.36e-10	1.80e-18	2.20e-18
 6.79046e+22	9.48e-10	1.48e-05	6.84e-03	1.61e-01	3.20e-01	2.80e-01	2.22e-01	9.95e-03	1.09e-04	9.48e-10	2.34e-18	2.86e-18
 6.82465e+22	1.17e-09	1.75e-05	7.74e-03	1.73e-01	3.27e-01	2.76e-01	2.08e-01	8.82e-03	9.16e-05	1.17e-09	2.93e-18	3.58e-18
 6.86014e+22	1.54e-09	2.17e-05	9.00e-03	1.89e-01	3.34e-01	2.69e-01	1.91e-01	7.55e-03	7.34e-05	1.54e-09	3.91e-18	4.76e-18
 6.89632e+22	1.93e-09	2.59e-05	1.02e-02	2.02e-01	3.40e-01	2.64e-01	1.77e-01	6.61e-03	6.06e-05	1.93e-09	4.96e-18	6.04e-18
 6.92851e+22	2.41e-09	3.06e-05	1.15e-02	2.15e-01	3.45e-01	2.57e-01	1.64e-01	5.81e-03	5.04e-05	2.41e-09	6.25e-18	7.61e-18
 6.96547e+22	3.20e-09	3.81e-05	1.33e-02	2.34e-01	3.51e-01	2.48e-01	1.49e-01	4.88e-03	3.95e-05	3.20e-09	8.46e-18	1.03e-17
 7.00273e+22	4.02e-09	4.53e-05	1.50e-02	2.48e-01	3.54e-01	2.41e-01	1.37e-01	4.23e-03	3.23e-05	4.02e-09	1.08e-17	1.31e-17
 7.04037e+22	5.34e-09	5.59e-05	1.73e-02	2.67e-01	3.58e-01	2.31e-01	1.23e-01	3.54e-03	2.52e-05	5.34e-09	1.46e-17	1.77e-17
 7.07881e+22	6.81e-09	6.70e-05	1.96e-02	2.84e-01	3.59e-01	2.22e-01	1.12e-01	3.02e-03	2.02e-05	6.81e-09	1.89e-17	2.29e-17
 7.11261e+22	8.55e-09	7.92e-05	2.19e-02	3.00e-01	3.60e-01	2.13e-01	1.02e-01	2.60e-03	1.64e-05	8.55e-09	2.41e-17	2.92e-17
 7.15083e+22	1.15e-08	9.81e-05	2.52e-02	3.21e-01	3.60e-01	2.02e-01	9.03e-02	2.13e-03	1.25e-05	1.15e-08	3.29e-17	3.98e-17
 7.18995e+22	1.46e-08	1.17e-04	2.83e-02	3.38e-01	3.59e-01	1.92e-01	8.14e-02	1.80e-03	9.90e-06	1.46e-08	4.27e-17	5.16e-17
 7.23023e+22	1.97e-08	1.45e-04	3.25e-02	3.59e-01	3.56e-01	1.80e-01	7.12e-02	1.46e-03	7.41e-06	1.97e-08	5.90e-17	7.12e-17
 7.27115e+22	2.53e-08	1.73e-04	3.64e-02	3.77e-01	3.52e-01	1.70e-01	6.34e-02	1.21e-03	5.78e-06	2.53e-08	7.72e-17	9.32e-17
 7.30743e+22	3.22e-08	2.06e-04	4.06e-02	3.94e-01	3.48e-01	1.60e-01	5.65e-02	1.01e-03	4.53e-06	3.22e-08	1.00e-16	1.21e-16
 7.34912e+22	4.39e-08	2.56e-04	4.65e-02	4.16e-01	3.41e-01	1.47e-01	4.85e-02	8.00e-04	3.29e-06	4.39e-08	1.41e-16	1.69e-16
 7.39141e+22	5.62e-08	3.04e-04	5.17e-02	4.33e-01	3.34e-01	1.37e-01	4.28e-02	6.59e-04	2.54e-06	5.62e-08	1.84e-16	2.21e-16
 7.42814e+22	7.12e-08	3.57e-04	5.71e-02	4.48e-01	3.28e-01	1.28e-01	3.79e-02	5.46e-04	1.97e-06	7.12e-08	2.38e-16	2.86e-16
 7.46328e+22	8.86e-08	4.16e-04	6.26e-02	4.63e-01	3.21e-01	1.20e-01	3.37e-02	4.57e-04	1.55e-06	8.86e-08	3.03e-16	3.63e-16
 7.49678e+22	1.10e-07	4.81e-04	6.83e-02	4.76e-01	3.13e-01	1.12e-01	2.99e-02	3.82e-04	1.23e-06	1.10e-07	3.83e-16	4.59e-16
 7.53444e+22	1.43e-07	5.77e-04	7.60e-02	4.92e-01	3.03e-01	1.02e-01	2.57e-02	3.05e-04	9.06e-07	1.43e-07	5.14e-16	6.17e-16
 7.57199e+22	1.76e-07	6.65e-04	8.26e-02	5.04e-01	2.95e-01	9.52e-02	2.28e-02	2.54e-04	7.13e-07	1.76e-07	6.47e-16	7.75e-16
 7.60941e+22	2.31e-07	7.97e-04	9.17e-02	5.18e-01	2.83e-01	8.64e-02	1.95e-02	2.00e-04	5.20e-07	2.31e-07	8.72e-16	1.04e-15
 7.64739e+22	2.84e-07	9.16e-04	9.92e-02	5.28e-01	2.74e-01	7.99e-02	1.72e-02	1.66e-04	4.06e-07	2.84e-07	1.10e-15	1.31e-15
 7.68607e+22	3.72e-07	1.10e-03	1.10e-01	5.40e-01	2.62e-01	7.19e-02	1.45e-02	1.29e-04	2.93e-07	3.72e-07	1.48e-15	1.77e-15
 7.72522e+22	4.60e-07	1.26e-03	1.19e-01	5.49e-01	2.52e-01	6.60e-02	1.27e-02	1.06e-04	2.25e-07	4.60e-07	1.88e-15	2.25e-15
 7.76496e+22	6.01e-07	1.51e-03	1.31e-01	5.58e-01	2.40e-01	5.89e-02	1.06e-02	8.17e-05	1.60e-07	6.01e-07	2.55e-15	3.04e-15
 7.80515e+22	7.45e-07	1.74e-03	1.41e-01	5.65e-01	2.29e-01	5.36e-02	9.18e-03	6.60e-05	0.00e+00	7.45e-07	3.25e-15	3.88e-15
 7.83890e+22	9.02e-07	1.97e-03	1.51e-01	5.70e-01	2.20e-01	4.92e-02	8.05e-03	5.44e-05	0.00e+00	9.02e-07	4.04e-15	4.81e-15
 7.86979e+22	1.08e-06	2.22e-03	1.61e-01	5.73e-01	2.11e-01	4.52e-02	7.09e-03	4.52e-05	0.00e+00	1.08e-06	4.97e-15	5.90e-15
 7.89930e+22	1.27e-06	2.48e-03	1.70e-01	5.76e-01	2.03e-01	4.18e-02	6.31e-03	3.82e-05	0.00e+00	1.27e-06	5.99e-15	7.12e-15
 7.93299e+22	1.58e-06	2.85e-03	1.83e-01	5.78e-01	1.93e-01	3.77e-02	5.41e-03	3.05e-05	0.00e+00	1.58e-06	7.68e-15	9.10e-15
 7.96742e+22	1.89e-06	3.21e-03	1.94e-01	5.80e-01	1.84e-01	3.44e-02	4.73e-03	2.51e-05	0.00e+00	1.89e-06	9.45e-15	1.12e-14
 7.99780e+22	2.24e-06	3.58e-03	2.05e-01	5.80e-01	1.76e-01	3.15e-02	4.15e-03	2.08e-05	0.00e+00	2.24e-06	1.15e-14	1.36e-14
 8.03227e+22	2.78e-06	4.12e-03	2.20e-01	5.79e-01	1.65e-01	2.81e-02	3.53e-03	1.64e-05	0.00e+00	2.78e-06	1.48e-14	1.75e-14
 8.06731e+22	3.32e-06	4.62e-03	2.33e-01	5.77e-01	1.57e-01	2.55e-02	3.07e-03	1.34e-05	0.00e+00	3.32e-06	1.82e-14	2.15e-14
 8.09820e+22	3.94e-06	5.16e-03	2.45e-01	5.74e-01	1.49e-01	2.32e-02	2.68e-03	1.10e-05	0.00e+00	3.94e-06	2.22e-14	2.62e-14
 8.13348e+22	4.89e-06	5.93e-03	2.62e-01	5.70e-01	1.39e-01	2.05e-02	2.24e-03	8.53e-06	0.00e+00	4.89e-06	2.86e-14	3.38e-14
 8.16905e+22	5.79e-06	6.61e-03	2.76e-01	5.65e-01	1.32e-01	1.86e-02	1.95e-03	6.97e-06	0.00e+00	5.79e-06	3.49e-14	4.11e-14
 8.20500e+22	7.17e-06	7.58e-03	2.94e-01	5.58e-01	1.23e-01	1.63e-02	1.63e-03	5.38e-06	0.00e+00	7.17e-06	4.49e-14	5.29e-14
 8.24154e+22	8.57e-06	8.50e-03	3.09e-01	5.51e-01	1.15e-01	1.46e-02	1.39e-03	4.31e-06	0.00e+00	8.57e-06	5.54e-14	6.53e-14
 8.27370e+22	1.01e-05	9.45e-03	3.24e-01	5.44e-01	1.08e-01	1.31e-02	1.20e-03	3.49e-06	0.00e+00	1.01e-05	6.75e-14	7.95e-14
 8.31036e+22	1.25e-05	1.08e-02	3.43e-01	5.34e-01	1.00e-01	1.15e-02	9.95e-04	2.67e-06	0.00e+00	1.25e-05	8.68e-14	1.02e-13
 8.34790e+22	1.49e-05	1.21e-02	3.60e-01	5.24e-01	9.32e-02	1.02e-02	8.45e-04	2.11e-06	0.00e+00	1.49e-05	1.07e-13	1.26e-13
 8.38661e+22	1.84e-05	1.38e-02	3.81e-01	5.11e-01	8.55e-02	8.78e-03	6.92e-04	1.59e-06	0.00e+00	1.84e-05	1.38e-13	1.63e-13
 8.42611e+22	2.22e-05	1.55e-02	3.99e-01	4.98e-01	7.88e-02	7.69e-03	5.78e-04	1.23e-06	0.00e+00	2.22e-05	1.73e-13	2.04e-13
 8.46061e+22	2.62e-05	1.73e-02	4.16e-01	4.86e-01	7.31e-02	6.79e-03	4.89e-04	9.70e-07	0.00e+00	2.62e-05	2.12e-13	2.50e-13
 8.49941e+22	3.24e-05	1.98e-02	4.38e-01	4.70e-01	6.64e-02	5.80e-03	3.95e-04	7.18e-07	0.00e+00	3.24e-05	2.74e-13	3.24e-13
 8.53966e+22	3.88e-05	2.21e-02	4.57e-01	4.55e-01	6.08e-02	5.04e-03	3.28e-04	5.51e-07	0.00e+00	3.88e-05	3.41e-13	4.03e-13
 8.57628e+22	4.62e-05	2.46e-02	4.75e-01	4.40e-01	5.58e-02	4.38e-03	2.73e-04	4.24e-07	0.00e+00	4.62e-05	4.23e-13	4.99e-13
 8.61836e+22	5.78e-05	2.83e-02	4.98e-01	4.20e-01	4.97e-02	3.65e-03	2.14e-04	3.02e-07	0.00e+00	5.78e-05	5.57e-13	6.57e-13
 8.66110e+22	6.93e-05	3.17e-02	5.17e-01	4.02e-01	4.50e-02	3.13e-03	1.75e-04	2.27e-07	0.00e+00	6.93e-05	6.97e-13	8.22e-13
 8.69319e+22	7.88e-05	3.44e-02	5.31e-01	3.90e-01	4.19e-02	2.80e-03	1.51e-04	1.85e-07	0.00e+00	7.88e-05	8.15e-13	9.62e-13
 8.72343e+22	9.19e-05	3.78e-02	5.46e-01	3.75e-01	3.84e-02	2.44e-03	1.27e-04	1.44e-07	0.00e+00	9.19e-05	9.89e-13	1.17e-12
 8.75471e+22	1.05e-04	4.10e-02	5.60e-01	3.62e-01	3.56e-02	2.17e-03	1.09e-04	0.00e+00	0.00e+00	1.05e-04	1.16e-12	1.37e-12
 8.78735e+22	1.24e-04	4.54e-02	5.75e-01	3.45e-01	3.22e-02	1.87e-03	8.94e-05	0.00e+00	0.00e+00	1.24e-04	1.43e-12	1.69e-12
 8.82019e+22	1.41e-04	4.93e-02	5.88e-01	3.31e-01	2.97e-02	1.64e-03	7.61e-05	0.00e+00	0.00e+00	1.41e-04	1.69e-12	1.99e-12
 8.84893e+22	1.60e-04	5.33e-02	6.00e-01	3.18e-01	2.73e-02	1.45e-03	6.49e-05	0.00e+00	0.00e+00	1.60e-04	1.98e-12	2.34e-12
 8.88196e+22	1.88e-04	5.88e-02	6.14e-01	3.01e-01	2.46e-02	1.24e-03	5.30e-05	0.00e+00	0.00e+00	1.88e-04	2.43e-12	2.87e-12
 8.91575e+22	2.15e-04	6.39e-02	6.26e-01	2.87e-01	2.25e-02	1.08e-03	4.45e-05	0.00e+00	0.00e+00	2.15e-04	2.88e-12	3.40e-12
 8.94584e+22	2.46e-04	6.92e-02	6.36e-01	2.73e-01	2.05e-02	9.43e-04	3.74e-05	0.00e+00	0.00e+00	2.46e-04	3.41e-12	4.02e-12
 8.98022e+22	2.91e-04	7.67e-02	6.49e-01	2.55e-01	1.82e-02	7.89e-04	2.99e-05	0.00e+00	0.00e+00	2.91e-04	4.23e-12	4.98e-12
 9.01496e+22	3.31e-04	8.30e-02	6.58e-01	2.42e-01	1.65e-02	6.84e-04	2.50e-05	0.00e+00	0.00e+00	3.31e-04	4.99e-12	5.89e-12
