#depth	H	H+	H2
 1.54284e+22	6.27e-09	1.00e+00	4.09e-39
 3.47642e+22	9.91e-09	1.00e+00	3.32e-38
 4.07988e+22	1.31e-08	1.00e+00	1.16e-37
 4.41593e+22	1.55e-08	1.00e+00	2.50e-37
 4.57009e+22	1.62e-08	1.00e+00	3.07e-37
 4.62408e+22	1.68e-08	1.00e+00	3.62e-37
 4.66928e+22	1.73e-08	1.00e+00	4.10e-37
 4.71998e+22	1.80e-08	1.00e+00	4.83e-37
 4.77422e+22	1.86e-08	1.00e+00	5.71e-37
 4.82435e+22	1.93e-08	1.00e+00	6.72e-37
 4.87338e+22	2.00e-08	1.00e+00	7.91e-37
 4.92970e+22	2.10e-08	1.00e+00	9.79e-37
 4.98585e+22	2.18e-08	1.00e+00	1.15e-36
 5.03429e+22	2.26e-08	1.00e+00	1.35e-36
 5.08981e+22	2.37e-08	1.00e+00	1.65e-36
 5.14693e+22	2.46e-08	1.00e+00	1.98e-36
 5.19723e+22	2.55e-08	1.00e+00	2.33e-36
 5.25374e+22	2.68e-08	1.00e+00	2.89e-36
 5.30934e+22	2.78e-08	1.00e+00	3.40e-36
 5.35645e+22	2.89e-08	1.00e+00	4.00e-36
 5.40271e+22	3.00e-08	1.00e+00	4.69e-36
 5.45513e+22	3.14e-08	1.00e+00	5.71e-36
 5.50498e+22	3.25e-08	1.00e+00	6.61e-36
 5.54494e+22	3.36e-08	1.00e+00	7.62e-36
 5.58134e+22	3.46e-08	1.00e+00	8.64e-36
 5.61453e+22	3.55e-08	1.00e+00	9.69e-36
 5.65250e+22	3.68e-08	1.00e+00	1.12e-35
 5.69046e+22	3.79e-08	1.00e+00	1.27e-35
 5.72258e+22	3.89e-08	1.00e+00	1.42e-35
 5.75367e+22	4.00e-08	1.00e+00	1.59e-35
 5.78383e+22	4.10e-08	1.00e+00	1.76e-35
 5.81762e+22	4.24e-08	1.00e+00	2.02e-35
 5.85179e+22	4.36e-08	1.00e+00	2.26e-35
 5.88159e+22	4.47e-08	1.00e+00	2.52e-35
 5.91548e+22	4.64e-08	1.00e+00	2.92e-35
 5.94879e+22	4.76e-08	1.00e+00	3.25e-35
 5.97613e+22	4.89e-08	1.00e+00	3.61e-35
 6.00197e+22	5.01e-08	1.00e+00	3.98e-35
 6.03113e+22	5.17e-08	1.00e+00	4.50e-35
 6.06112e+22	5.32e-08	1.00e+00	5.03e-35
 6.08722e+22	5.46e-08	1.00e+00	5.56e-35
 6.11617e+22	5.64e-08	1.00e+00	6.33e-35
 6.14577e+22	5.81e-08	1.00e+00	7.06e-35
 6.17176e+22	5.97e-08	1.00e+00	7.84e-35
 6.20108e+22	6.19e-08	1.00e+00	8.99e-35
 6.23078e+22	6.37e-08	1.00e+00	1.01e-34
 6.25616e+22	6.54e-08	1.00e+00	1.11e-34
 6.28434e+22	6.81e-08	1.00e+00	1.28e-34
 6.31211e+22	6.99e-08	1.00e+00	1.42e-34
 6.33935e+22	7.26e-08	1.00e+00	1.63e-34
 6.36603e+22	7.45e-08	1.00e+00	1.79e-34
 6.39197e+22	7.75e-08	1.00e+00	2.06e-34
 6.41771e+22	7.96e-08	1.00e+00	2.27e-34
 6.44317e+22	8.28e-08	1.00e+00	2.60e-34
 6.46883e+22	8.52e-08	1.00e+00	2.88e-34
 6.49477e+22	8.88e-08	1.00e+00	3.32e-34
 6.52106e+22	9.16e-08	1.00e+00	3.69e-34
 6.54781e+22	9.55e-08	1.00e+00	4.25e-34
 6.57433e+22	9.86e-08	1.00e+00	4.74e-34
 6.60055e+22	1.03e-07	1.00e+00	5.45e-34
 6.62726e+22	1.06e-07	1.00e+00	6.11e-34
 6.65460e+22	1.11e-07	1.00e+00	7.08e-34
 6.68212e+22	1.15e-07	1.00e+00	7.95e-34
 6.70985e+22	1.21e-07	1.00e+00	9.24e-34
 6.73776e+22	1.25e-07	1.00e+00	1.04e-33
 6.76196e+22	1.30e-07	1.00e+00	1.16e-33
 6.78945e+22	1.36e-07	1.00e+00	1.35e-33
 6.81667e+22	1.41e-07	1.00e+00	1.50e-33
 6.84354e+22	1.47e-07	1.00e+00	1.73e-33
 6.87096e+22	1.52e-07	1.00e+00	1.93e-33
 6.89910e+22	1.60e-07	1.00e+00	2.23e-33
 6.92791e+22	1.65e-07	1.00e+00	2.49e-33
 6.95760e+22	1.73e-07	1.00e+00	2.89e-33
 6.98796e+22	1.80e-07	1.00e+00	3.24e-33
 7.01921e+22	1.88e-07	1.00e+00	3.76e-33
 7.05103e+22	1.96e-07	1.00e+00	4.22e-33
 7.08360e+22	2.05e-07	1.00e+00	4.90e-33
 7.11638e+22	2.13e-07	1.00e+00	5.49e-33
 7.14943e+22	2.23e-07	1.00e+00	6.34e-33
 7.18343e+22	2.31e-07	1.00e+00	7.13e-33
 7.21283e+22	2.39e-07	1.00e+00	7.92e-33
 7.24519e+22	2.50e-07	1.00e+00	9.09e-33
 7.27776e+22	2.58e-07	1.00e+00	1.01e-32
 7.31061e+22	2.69e-07	1.00e+00	1.15e-32
 7.34428e+22	2.78e-07	1.00e+00	1.28e-32
 7.37407e+22	2.87e-07	1.00e+00	1.42e-32
 7.40783e+22	3.00e-07	1.00e+00	1.62e-32
 7.44148e+22	3.09e-07	1.00e+00	1.79e-32
 7.47498e+22	3.22e-07	1.00e+00	2.04e-32
 7.50913e+22	3.31e-07	1.00e+00	2.25e-32
 7.54413e+22	3.45e-07	1.00e+00	2.57e-32
 7.57980e+22	3.56e-07	1.00e+00	2.84e-32
 7.61634e+22	3.72e-07	1.00e+00	1.60e-32
 7.65355e+22	3.83e-07	1.00e+00	1.78e-32
 7.69164e+22	4.00e-07	1.00e+00	2.04e-32
 7.72888e+22	4.11e-07	1.00e+00	2.24e-32
 7.76499e+22	4.28e-07	1.00e+00	2.55e-32
 7.80167e+22	4.40e-07	1.00e+00	2.80e-32
 7.83909e+22	4.57e-07	1.00e+00	3.18e-32
 7.87768e+22	4.71e-07	1.00e+00	3.53e-32
 7.91777e+22	4.90e-07	1.00e+00	4.01e-32
 7.95917e+22	5.06e-07	1.00e+00	4.48e-32
 8.00228e+22	5.27e-07	1.00e+00	5.14e-32
 8.04657e+22	5.45e-07	1.00e+00	5.76e-32
 8.09238e+22	5.68e-07	1.00e+00	6.65e-32
 8.13970e+22	5.88e-07	1.00e+00	7.51e-32
 8.18898e+22	6.14e-07	1.00e+00	8.74e-32
 8.23965e+22	6.36e-07	1.00e+00	9.93e-32
 8.28518e+22	6.58e-07	1.00e+00	1.12e-31
 8.33745e+22	6.90e-07	1.00e+00	1.32e-31
 8.39009e+22	7.14e-07	1.00e+00	1.49e-31
 8.44322e+22	7.48e-07	1.00e+00	1.76e-31
 8.49747e+22	7.76e-07	1.00e+00	2.00e-31
 8.55318e+22	8.14e-07	1.00e+00	2.37e-31
 8.60979e+22	8.47e-07	1.00e+00	2.27e-31
 8.66755e+22	8.92e-07	1.00e+00	2.72e-31
 8.72558e+22	9.28e-07	1.00e+00	3.12e-31
 8.77369e+22	9.63e-07	1.00e+00	3.53e-31
 8.82597e+22	1.01e-06	1.00e+00	4.14e-31
 8.87813e+22	1.05e-06	1.00e+00	4.67e-31
 8.93013e+22	1.10e-06	1.00e+00	5.47e-31
 8.98279e+22	1.15e-06	1.00e+00	6.17e-31
 9.03631e+22	1.21e-06	1.00e+00	7.24e-31
 9.09049e+22	1.26e-06	1.00e+00	8.19e-31
 9.14553e+22	1.33e-06	1.00e+00	9.59e-31
 9.20162e+22	1.40e-06	1.00e+00	1.09e-30
 9.25908e+22	1.48e-06	1.00e+00	1.28e-30
 9.31770e+22	1.56e-06	1.00e+00	1.46e-30
 9.37782e+22	1.66e-06	1.00e+00	1.71e-30
 9.43848e+22	1.75e-06	1.00e+00	1.95e-30
 9.48942e+22	1.84e-06	1.00e+00	2.17e-30
 9.54468e+22	1.96e-06	1.00e+00	2.49e-30
 9.60044e+22	2.06e-06	1.00e+00	2.79e-30
 9.65493e+22	2.19e-06	1.00e+00	3.15e-30
 9.71052e+22	2.31e-06	1.00e+00	3.53e-30
 9.76501e+22	2.45e-06	1.00e+00	3.91e-30
 9.82066e+22	2.60e-06	1.00e+00	4.34e-30
 9.87564e+22	2.76e-06	1.00e+00	4.80e-30
 9.93095e+22	2.92e-06	1.00e+00	5.30e-30
 9.98560e+22	3.09e-06	1.00e+00	5.84e-30
 1.00402e+23	3.28e-06	1.00e+00	6.42e-30
 1.00948e+23	3.47e-06	1.00e+00	7.07e-30
 1.01496e+23	3.68e-06	1.00e+00	7.79e-30
 1.02048e+23	3.90e-06	1.00e+00	8.60e-30
 1.02604e+23	4.13e-06	1.00e+00	9.52e-30
 1.03166e+23	4.37e-06	1.00e+00	1.06e-29
 1.03732e+23	4.63e-06	1.00e+00	1.19e-29
 1.04307e+23	4.91e-06	1.00e+00	1.34e-29
 1.04888e+23	5.20e-06	1.00e+00	1.55e-29
 1.05480e+23	5.52e-06	1.00e+00	1.78e-29
 1.06083e+23	5.85e-06	1.00e+00	2.06e-29
 1.06636e+23	6.14e-06	1.00e+00	2.35e-29
 1.07214e+23	6.53e-06	1.00e+00	2.78e-29
 1.07800e+23	6.86e-06	1.00e+00	3.22e-29
 1.08403e+23	7.30e-06	1.00e+00	3.91e-29
 1.09007e+23	7.66e-06	1.00e+00	4.59e-29
 1.09613e+23	8.15e-06	1.00e+00	5.66e-29
 1.10221e+23	8.54e-06	1.00e+00	6.69e-29
 1.10832e+23	9.08e-06	1.00e+00	8.35e-29
 1.11451e+23	9.51e-06	1.00e+00	9.96e-29
 1.12078e+23	1.01e-05	1.00e+00	1.26e-28
 1.12714e+23	1.06e-05	1.00e+00	1.52e-28
 1.13361e+23	1.13e-05	1.00e+00	1.94e-28
 1.14021e+23	1.18e-05	1.00e+00	2.36e-28
 1.14696e+23	1.26e-05	1.00e+00	3.06e-28
 1.15388e+23	1.32e-05	1.00e+00	3.77e-28
 1.16100e+23	1.41e-05	1.00e+00	4.95e-28
 1.16824e+23	1.48e-05	1.00e+00	6.13e-28
 1.17438e+23	1.56e-05	1.00e+00	7.47e-28
 1.18109e+23	1.65e-05	1.00e+00	9.65e-28
 1.18756e+23	1.72e-05	1.00e+00	1.15e-27
 1.19373e+23	1.82e-05	1.00e+00	1.46e-27
 1.19996e+23	1.89e-05	1.00e+00	1.74e-27
 1.20628e+23	2.00e-05	1.00e+00	2.21e-27
 1.21270e+23	2.08e-05	1.00e+00	2.66e-27
 1.21925e+23	2.20e-05	1.00e+00	3.39e-27
 1.22589e+23	2.30e-05	1.00e+00	4.10e-27
 1.23266e+23	2.43e-05	1.00e+00	5.26e-27
 1.23954e+23	2.54e-05	1.00e+00	6.39e-27
 1.24659e+23	2.69e-05	1.00e+00	8.27e-27
 1.25379e+23	2.82e-05	1.00e+00	1.01e-26
 1.26121e+23	2.99e-05	1.00e+00	1.32e-26
 1.26881e+23	3.14e-05	1.00e+00	1.64e-26
 1.27667e+23	3.34e-05	1.00e+00	2.17e-26
 1.28459e+23	3.50e-05	1.00e+00	2.69e-26
 1.29261e+23	3.73e-05	1.00e+00	3.58e-26
 1.30072e+23	3.91e-05	1.00e+00	4.46e-26
 1.30894e+23	4.17e-05	1.00e+00	5.94e-26
 1.31697e+23	4.36e-05	1.00e+00	7.29e-26
 1.32475e+23	4.64e-05	1.00e+00	9.57e-26
 1.33280e+23	4.86e-05	1.00e+00	1.19e-25
 1.33967e+23	5.07e-05	1.00e+00	1.45e-25
 1.34708e+23	5.37e-05	1.00e+00	1.87e-25
 1.35450e+23	5.60e-05	1.00e+00	2.27e-25
 1.36194e+23	5.91e-05	1.00e+00	2.90e-25
 1.36967e+23	6.21e-05	1.00e+00	3.61e-25
 1.37656e+23	6.48e-05	1.00e+00	4.41e-25
 1.38431e+23	6.85e-05	1.00e+00	5.68e-25
 1.39248e+23	7.21e-05	1.00e+00	7.16e-25
 1.39991e+23	7.56e-05	1.00e+00	8.89e-25
 1.40829e+23	8.02e-05	1.00e+00	1.17e-24
 1.41693e+23	8.45e-05	1.00e+00	1.48e-24
 1.42460e+23	8.87e-05	1.00e+00	1.85e-24
 1.43328e+23	9.42e-05	1.00e+00	2.45e-24
 1.44228e+23	9.95e-05	1.00e+00	3.14e-24
 1.45035e+23	1.05e-04	1.00e+00	3.96e-24
 1.45950e+23	1.12e-04	1.00e+00	5.34e-24
 1.46894e+23	1.18e-04	1.00e+00	6.70e-24
 1.47877e+23	1.27e-04	1.00e+00	9.22e-24
 1.48870e+23	1.34e-04	1.00e+00	1.20e-23
 1.49745e+23	1.42e-04	1.00e+00	1.54e-23
 1.50748e+23	1.52e-04	1.00e+00	2.14e-23
 1.51763e+23	1.61e-04	1.00e+00	2.79e-23
 1.52794e+23	1.73e-04	1.00e+00	3.90e-23
 1.53840e+23	1.84e-04	1.00e+00	5.14e-23
 1.54907e+23	1.98e-04	1.00e+00	7.32e-23
 1.55984e+23	2.10e-04	1.00e+00	9.69e-23
 1.57076e+23	2.27e-04	1.00e+00	1.40e-22
 1.58178e+23	2.41e-04	1.00e+00	1.86e-22
 1.59293e+23	2.61e-04	1.00e+00	2.72e-22
 1.60424e+23	2.78e-04	1.00e+00	3.68e-22
 1.61404e+23	2.95e-04	1.00e+00	4.93e-22
 1.62509e+23	3.19e-04	1.00e+00	7.25e-22
 1.63565e+23	3.36e-04	1.00e+00	9.49e-22
 1.64556e+23	3.61e-04	1.00e+00	1.36e-21
 1.65563e+23	3.81e-04	1.00e+00	1.81e-21
 1.66592e+23	4.09e-04	1.00e+00	2.61e-21
 1.67632e+23	4.33e-04	1.00e+00	3.56e-21
 1.68687e+23	4.66e-04	1.00e+00	5.24e-21
 1.69751e+23	4.94e-04	1.00e+00	7.26e-21
 1.70688e+23	5.23e-04	9.99e-01	9.94e-21
 1.71765e+23	5.62e-04	9.99e-01	1.50e-20
 1.72859e+23	5.97e-04	9.99e-01	2.16e-20
 1.73736e+23	6.28e-04	9.99e-01	2.83e-20
 1.74638e+23	6.65e-04	9.99e-01	4.04e-20
 1.75569e+23	7.00e-04	9.99e-01	5.49e-20
 1.76400e+23	7.35e-04	9.99e-01	7.45e-20
 1.77343e+23	7.81e-04	9.99e-01	1.11e-19
 1.78296e+23	8.23e-04	9.99e-01	1.58e-19
 1.79132e+23	8.64e-04	9.99e-01	2.15e-19
 1.80085e+23	9.19e-04	9.99e-01	3.26e-19
 1.81055e+23	9.68e-04	9.99e-01	4.71e-19
 1.81915e+23	1.02e-03	9.99e-01	6.57e-19
 1.82900e+23	1.08e-03	9.99e-01	1.07e-18
 1.83901e+23	1.14e-03	9.99e-01	1.72e-18
 1.84922e+23	1.22e-03	9.99e-01	3.09e-18
 1.85952e+23	1.29e-03	9.99e-01	5.78e-18
 1.86858e+23	1.36e-03	9.99e-01	1.02e-17
 1.87897e+23	1.45e-03	9.99e-01	2.89e-17
 1.88953e+23	1.53e-03	9.98e-01	5.79e-17
 1.89680e+23	1.58e-03	9.98e-01	1.26e-16
 1.90273e+23	1.64e-03	9.98e-01	1.96e-16
 1.91045e+23	1.71e-03	9.98e-01	2.80e-16
 1.92048e+23	1.83e-03	9.98e-01	5.05e-16
 1.93097e+23	1.93e-03	9.98e-01	6.66e-16
 1.94052e+23	2.03e-03	9.98e-01	9.02e-16
 1.95141e+23	2.18e-03	9.98e-01	1.38e-15
 1.96112e+23	2.27e-03	9.98e-01	1.70e-15
 1.96929e+23	2.38e-03	9.98e-01	2.17e-15
 1.97781e+23	2.49e-03	9.98e-01	2.66e-15
 1.98679e+23	2.63e-03	9.97e-01	3.37e-15
 1.99585e+23	2.74e-03	9.97e-01	4.05e-15
 2.00501e+23	2.90e-03	9.97e-01	5.10e-15
 2.01425e+23	3.03e-03	9.97e-01	6.16e-15
 2.02360e+23	3.20e-03	9.97e-01	7.73e-15
 2.03308e+23	3.35e-03	9.97e-01	9.26e-15
 2.04275e+23	3.55e-03	9.96e-01	1.16e-14
 2.05259e+23	3.72e-03	9.96e-01	1.38e-14
 2.06265e+23	3.94e-03	9.96e-01	1.73e-14
 2.07299e+23	4.14e-03	9.96e-01	2.10e-14
 2.08369e+23	4.41e-03	9.96e-01	2.67e-14
 2.09451e+23	4.64e-03	9.95e-01	3.25e-14
 2.10549e+23	4.93e-03	9.95e-01	4.12e-14
 2.11673e+23	5.20e-03	9.95e-01	5.07e-14
 2.12831e+23	5.55e-03	9.94e-01	6.55e-14
 2.14002e+23	5.86e-03	9.94e-01	8.11e-14
 2.15190e+23	6.28e-03	9.94e-01	1.06e-13
 2.16380e+23	6.61e-03	9.93e-01	1.31e-13
 2.17574e+23	7.09e-03	9.93e-01	1.72e-13
 2.18785e+23	7.50e-03	9.93e-01	2.15e-13
 2.20020e+23	8.06e-03	9.92e-01	2.85e-13
 2.21269e+23	8.55e-03	9.91e-01	3.60e-13
 2.22536e+23	9.23e-03	9.91e-01	4.83e-13
 2.23817e+23	9.83e-03	9.90e-01	6.15e-13
 2.25115e+23	1.07e-02	9.89e-01	8.48e-13
 2.26417e+23	1.14e-02	9.89e-01	1.09e-12
 2.27725e+23	1.26e-02	9.87e-01	1.52e-12
 2.29052e+23	1.35e-02	9.86e-01	2.00e-12
 2.30404e+23	1.50e-02	9.85e-01	2.90e-12
 2.31782e+23	1.65e-02	9.84e-01	3.97e-12
 2.33193e+23	1.87e-02	9.81e-01	6.02e-12
 2.34434e+23	2.03e-02	9.80e-01	7.89e-12
 2.35318e+23	2.21e-02	9.78e-01	1.02e-11
 2.36331e+23	2.47e-02	9.75e-01	1.44e-11
 2.37408e+23	2.78e-02	9.72e-01	2.03e-11
 2.38412e+23	3.15e-02	9.69e-01	2.90e-11
 2.39559e+23	3.73e-02	9.63e-01	4.66e-11
 2.40706e+23	4.45e-02	9.55e-01	7.37e-11
 2.41610e+23	5.22e-02	9.48e-01	1.10e-10
 2.42395e+23	6.14e-02	9.39e-01	1.64e-10
 2.43140e+23	7.27e-02	9.27e-01	2.46e-10
 2.43842e+23	8.70e-02	9.13e-01	3.73e-10
 2.44481e+23	1.04e-01	8.96e-01	5.61e-10
 2.45046e+23	1.24e-01	8.76e-01	8.28e-10
 2.45550e+23	1.47e-01	8.53e-01	1.19e-09
 2.46007e+23	1.73e-01	8.27e-01	1.68e-09
 2.46429e+23	2.02e-01	7.98e-01	2.34e-09
 2.46816e+23	2.34e-01	7.66e-01	3.18e-09
 2.47170e+23	2.69e-01	7.31e-01	4.20e-09
 2.47495e+23	3.05e-01	6.95e-01	5.44e-09
 2.47715e+23	3.31e-01	6.69e-01	6.33e-09
 2.47824e+23	3.45e-01	6.55e-01	6.86e-09
 2.47922e+23	3.57e-01	6.43e-01	7.37e-09
 2.48047e+23	3.74e-01	6.26e-01	8.09e-09
 2.48191e+23	3.94e-01	6.06e-01	8.99e-09
 2.48334e+23	4.13e-01	5.87e-01	9.81e-09
 2.48480e+23	4.34e-01	5.66e-01	1.08e-08
 2.48634e+23	4.56e-01	5.44e-01	1.19e-08
 2.48788e+23	4.79e-01	5.21e-01	1.30e-08
 2.48948e+23	5.01e-01	4.99e-01	1.42e-08
 2.49110e+23	5.24e-01	4.76e-01	1.54e-08
 2.49266e+23	5.45e-01	4.55e-01	1.65e-08
 2.49389e+23	5.61e-01	4.39e-01	1.73e-08
 2.49473e+23	5.71e-01	4.29e-01	1.79e-08
 2.49556e+23	5.82e-01	4.18e-01	1.85e-08
 2.49656e+23	5.94e-01	4.06e-01	1.92e-08
 2.49764e+23	6.07e-01	3.93e-01	1.99e-08
 2.49869e+23	6.20e-01	3.80e-01	2.07e-08
 2.49970e+23	6.30e-01	3.70e-01	2.13e-08
 2.50075e+23	6.42e-01	3.58e-01	2.20e-08
 2.50186e+23	6.54e-01	3.46e-01	2.27e-08
 2.50297e+23	6.65e-01	3.35e-01	2.34e-08
 2.50409e+23	6.76e-01	3.24e-01	2.40e-08
 2.50526e+23	6.87e-01	3.13e-01	2.47e-08
 2.50648e+23	6.98e-01	3.02e-01	2.54e-08
 2.50770e+23	7.08e-01	2.92e-01	2.60e-08
 2.50893e+23	7.18e-01	2.82e-01	2.66e-08
 2.51023e+23	7.28e-01	2.72e-01	2.73e-08
 2.51157e+23	7.38e-01	2.62e-01	2.79e-08
 2.51294e+23	7.47e-01	2.53e-01	2.85e-08
 2.51434e+23	7.57e-01	2.43e-01	2.91e-08
 2.51579e+23	7.66e-01	2.34e-01	2.97e-08
 2.51730e+23	7.75e-01	2.25e-01	3.03e-08
 2.51884e+23	7.83e-01	2.17e-01	3.09e-08
 2.52042e+23	7.91e-01	2.09e-01	3.15e-08
 2.52206e+23	7.99e-01	2.01e-01	3.21e-08
 2.52377e+23	8.07e-01	1.93e-01	3.27e-08
 2.52553e+23	8.15e-01	1.85e-01	3.33e-08
 2.52734e+23	8.22e-01	1.78e-01	3.39e-08
 2.52920e+23	8.29e-01	1.71e-01	3.45e-08
 2.53111e+23	8.36e-01	1.64e-01	3.50e-08
 2.53304e+23	8.42e-01	1.58e-01	3.57e-08
 2.53503e+23	8.48e-01	1.52e-01	3.63e-08
 2.53710e+23	8.54e-01	1.46e-01	3.70e-08
 2.53921e+23	8.59e-01	1.41e-01	3.77e-08
 2.54135e+23	8.65e-01	1.35e-01	3.84e-08
 2.54354e+23	8.69e-01	1.31e-01	3.92e-08
 2.54584e+23	8.74e-01	1.26e-01	4.00e-08
 2.54821e+23	8.79e-01	1.21e-01	4.09e-08
 2.55064e+23	8.83e-01	1.17e-01	4.19e-08
 2.55318e+23	8.87e-01	1.13e-01	4.30e-08
 2.55583e+23	8.91e-01	1.09e-01	4.43e-08
 2.55857e+23	8.95e-01	1.05e-01	4.57e-08
 2.56140e+23	8.99e-01	1.01e-01	4.73e-08
 2.56422e+23	9.02e-01	9.81e-02	4.90e-08
 2.56693e+23	9.05e-01	9.51e-02	5.07e-08
 2.56955e+23	9.08e-01	9.24e-02	5.26e-08
 2.57208e+23	9.10e-01	8.99e-02	5.45e-08
 2.57450e+23	9.12e-01	8.76e-02	5.61e-08
 2.57680e+23	9.15e-01	8.54e-02	5.78e-08
 2.57895e+23	9.16e-01	8.36e-02	5.95e-08
 2.58104e+23	9.18e-01	8.17e-02	6.14e-08
 2.58313e+23	9.20e-01	7.99e-02	6.34e-08
 2.58517e+23	9.22e-01	7.81e-02	6.55e-08
 2.58713e+23	9.23e-01	7.65e-02	6.77e-08
 2.58902e+23	9.25e-01	7.49e-02	7.01e-08
 2.59085e+23	9.27e-01	7.35e-02	7.25e-08
 2.59262e+23	9.28e-01	7.20e-02	7.50e-08
 2.59433e+23	9.29e-01	7.06e-02	7.76e-08
 2.59599e+23	9.31e-01	6.93e-02	8.04e-08
 2.59759e+23	9.32e-01	6.80e-02	8.35e-08
 2.59910e+23	9.33e-01	6.69e-02	8.64e-08
 2.60059e+23	9.34e-01	6.57e-02	8.99e-08
 2.60203e+23	9.35e-01	6.45e-02	9.33e-08
 2.60340e+23	9.37e-01	6.34e-02	9.68e-08
 2.60470e+23	9.38e-01	6.24e-02	1.00e-07
 2.60588e+23	9.38e-01	6.15e-02	1.04e-07
 2.60696e+23	9.39e-01	6.07e-02	1.07e-07
 2.60793e+23	9.40e-01	6.00e-02	1.10e-07
 2.60882e+23	9.41e-01	5.93e-02	1.13e-07
 2.60963e+23	9.41e-01	5.88e-02	1.16e-07
 2.61037e+23	9.42e-01	5.82e-02	1.18e-07
 2.61118e+23	9.42e-01	5.75e-02	1.21e-07
 2.61205e+23	9.43e-01	5.68e-02	1.24e-07
 2.61284e+23	9.44e-01	5.62e-02	1.27e-07
 2.61357e+23	9.44e-01	5.57e-02	1.30e-07
 2.61422e+23	9.45e-01	5.53e-02	1.32e-07
 2.61494e+23	9.45e-01	5.47e-02	1.34e-07
 2.61588e+23	9.46e-01	5.38e-02	1.38e-07
 2.61689e+23	9.47e-01	5.29e-02	1.41e-07
 2.61781e+23	9.48e-01	5.22e-02	1.43e-07
 2.61865e+23	9.48e-01	5.17e-02	1.45e-07
 2.61956e+23	9.49e-01	5.11e-02	1.47e-07
 2.62055e+23	9.50e-01	5.03e-02	1.49e-07
 2.62145e+23	9.50e-01	4.98e-02	1.51e-07
 2.62244e+23	9.51e-01	4.92e-02	1.53e-07
 2.62351e+23	9.52e-01	4.84e-02	1.54e-07
 2.62448e+23	9.52e-01	4.78e-02	1.56e-07
 2.62536e+23	9.53e-01	4.73e-02	1.57e-07
 2.62616e+23	9.53e-01	4.69e-02	1.57e-07
 2.62689e+23	9.53e-01	4.66e-02	1.58e-07
 2.62769e+23	9.54e-01	4.60e-02	1.58e-07
 2.62874e+23	9.55e-01	4.53e-02	1.59e-07
 2.62986e+23	9.55e-01	4.46e-02	1.60e-07
 2.63088e+23	9.56e-01	4.39e-02	1.60e-07
 2.63181e+23	9.57e-01	4.34e-02	1.60e-07
 2.63266e+23	9.57e-01	4.30e-02	1.60e-07
 2.63343e+23	9.57e-01	4.26e-02	1.59e-07
 2.63428e+23	9.58e-01	4.21e-02	1.59e-07
 2.63519e+23	9.59e-01	4.15e-02	1.58e-07
 2.63602e+23	9.59e-01	4.11e-02	1.58e-07
 2.63677e+23	9.59e-01	4.07e-02	1.58e-07
 2.63746e+23	9.60e-01	4.04e-02	1.57e-07
 2.63821e+23	9.60e-01	4.00e-02	1.56e-07
 2.63919e+23	9.61e-01	3.94e-02	1.56e-07
 2.64025e+23	9.61e-01	3.87e-02	1.56e-07
 2.64121e+23	9.62e-01	3.82e-02	1.55e-07
 2.64208e+23	9.62e-01	3.78e-02	1.54e-07
 2.64304e+23	9.63e-01	3.73e-02	1.53e-07
 2.64408e+23	9.63e-01	3.67e-02	1.53e-07
 2.64502e+23	9.64e-01	3.63e-02	1.52e-07
 2.64588e+23	9.64e-01	3.60e-02	1.51e-07
 2.64666e+23	9.64e-01	3.57e-02	1.51e-07
 2.64751e+23	9.65e-01	3.53e-02	1.49e-07
 2.64862e+23	9.65e-01	3.48e-02	1.49e-07
 2.64982e+23	9.66e-01	3.42e-02	1.49e-07
 2.65091e+23	9.66e-01	3.38e-02	1.49e-07
 2.65191e+23	9.67e-01	3.34e-02	1.48e-07
 2.65281e+23	9.67e-01	3.32e-02	1.48e-07
 2.65380e+23	9.67e-01	3.27e-02	1.46e-07
 2.65509e+23	9.68e-01	3.22e-02	1.46e-07
 2.65648e+23	9.68e-01	3.16e-02	1.46e-07
 2.65775e+23	9.69e-01	3.11e-02	1.45e-07
 2.65890e+23	9.69e-01	3.08e-02	1.45e-07
 2.65995e+23	9.69e-01	3.05e-02	1.45e-07
 2.66109e+23	9.70e-01	3.00e-02	1.43e-07
 2.66233e+23	9.70e-01	2.96e-02	1.43e-07
 2.66346e+23	9.71e-01	2.93e-02	1.42e-07
 2.66449e+23	9.71e-01	2.90e-02	1.42e-07
 2.66561e+23	9.71e-01	2.86e-02	1.41e-07
 2.66683e+23	9.72e-01	2.82e-02	1.41e-07
 2.66793e+23	9.72e-01	2.78e-02	1.40e-07
 2.66894e+23	9.72e-01	2.77e-02	1.40e-07
 2.67004e+23	9.73e-01	2.73e-02	1.39e-07
 2.67123e+23	9.73e-01	2.69e-02	1.39e-07
 2.67231e+23	9.73e-01	2.67e-02	1.39e-07
 2.67350e+23	9.74e-01	2.63e-02	1.38e-07
 2.67478e+23	9.74e-01	2.59e-02	1.38e-07
 2.67594e+23	9.74e-01	2.56e-02	1.38e-07
 2.67722e+23	9.75e-01	2.53e-02	1.38e-07
 2.67860e+23	9.75e-01	2.49e-02	1.38e-07
 2.67985e+23	9.75e-01	2.46e-02	1.38e-07
 2.68123e+23	9.76e-01	2.42e-02	1.38e-07
 2.68271e+23	9.76e-01	2.38e-02	1.38e-07
 2.68406e+23	9.76e-01	2.35e-02	1.38e-07
 2.68529e+23	9.77e-01	2.33e-02	1.37e-07
 2.68664e+23	9.77e-01	2.30e-02	1.37e-07
 2.68809e+23	9.77e-01	2.26e-02	1.37e-07
 2.68941e+23	9.78e-01	2.24e-02	1.37e-07
 2.69086e+23	9.78e-01	2.20e-02	1.37e-07
 2.69243e+23	9.78e-01	2.16e-02	1.37e-07
 2.69385e+23	9.79e-01	2.14e-02	1.37e-07
 2.69541e+23	9.79e-01	2.11e-02	1.36e-07
 2.69710e+23	9.79e-01	2.07e-02	1.37e-07
 2.69863e+23	9.80e-01	2.04e-02	1.36e-07
 2.70003e+23	9.80e-01	2.02e-02	1.36e-07
 2.70156e+23	9.80e-01	1.99e-02	1.36e-07
 2.70321e+23	9.80e-01	1.96e-02	1.36e-07
 2.70471e+23	9.81e-01	1.94e-02	1.36e-07
 2.70635e+23	9.81e-01	1.91e-02	1.36e-07
 2.70813e+23	9.81e-01	1.87e-02	1.36e-07
 2.70975e+23	9.81e-01	1.85e-02	1.36e-07
 2.71152e+23	9.82e-01	1.82e-02	1.36e-07
 2.71343e+23	9.82e-01	1.78e-02	1.36e-07
 2.71517e+23	9.82e-01	1.76e-02	1.36e-07
 2.71708e+23	9.83e-01	1.73e-02	1.36e-07
 2.71914e+23	9.83e-01	1.70e-02	1.36e-07
 2.72101e+23	9.83e-01	1.68e-02	1.36e-07
 2.72307e+23	9.84e-01	1.64e-02	1.36e-07
 2.72528e+23	9.84e-01	1.61e-02	1.36e-07
 2.72730e+23	9.84e-01	1.59e-02	1.36e-07
 2.72914e+23	9.84e-01	1.57e-02	1.36e-07
 2.73115e+23	9.85e-01	1.54e-02	1.35e-07
 2.73332e+23	9.85e-01	1.51e-02	1.35e-07
 2.73530e+23	9.85e-01	1.49e-02	1.36e-07
 2.73746e+23	9.85e-01	1.46e-02	1.36e-07
 2.73980e+23	9.86e-01	1.43e-02	1.36e-07
 2.74193e+23	9.86e-01	1.41e-02	1.36e-07
 2.74386e+23	9.86e-01	1.39e-02	1.35e-07
 2.74599e+23	9.86e-01	1.37e-02	1.36e-07
 2.74828e+23	9.87e-01	1.34e-02	1.36e-07
 2.75079e+23	9.87e-01	1.31e-02	1.36e-07
 2.75349e+23	9.87e-01	1.29e-02	1.36e-07
 2.75596e+23	9.87e-01	1.26e-02	1.36e-07
 2.75820e+23	9.88e-01	1.24e-02	1.36e-07
 2.76066e+23	9.88e-01	1.22e-02	1.36e-07
 2.76332e+23	9.88e-01	1.20e-02	1.36e-07
 2.76573e+23	9.88e-01	1.17e-02	1.36e-07
 2.76793e+23	9.88e-01	1.16e-02	1.36e-07
 2.77034e+23	9.89e-01	1.14e-02	1.36e-07
 2.77347e+23	9.89e-01	1.11e-02	1.37e-07
 2.77703e+23	9.89e-01	1.08e-02	1.37e-07
 2.78068e+23	9.90e-01	1.05e-02	1.37e-07
 2.78441e+23	9.90e-01	1.02e-02	1.37e-07
 2.78821e+23	9.90e-01	9.91e-03	1.37e-07
 2.79206e+23	9.90e-01	9.63e-03	1.37e-07
 2.79594e+23	9.91e-01	9.37e-03	1.37e-07
 2.79985e+23	9.91e-01	9.11e-03	1.37e-07
 2.80382e+23	9.91e-01	8.85e-03	1.37e-07
 2.80783e+23	9.91e-01	8.60e-03	1.38e-07
 2.81188e+23	9.92e-01	8.35e-03	1.38e-07
 2.81597e+23	9.92e-01	8.11e-03	1.38e-07
 2.82009e+23	9.92e-01	7.88e-03	1.38e-07
 2.82424e+23	9.92e-01	7.65e-03	1.38e-07
 2.82843e+23	9.93e-01	7.43e-03	1.38e-07
 2.83264e+23	9.93e-01	7.21e-03	1.38e-07
 2.83689e+23	9.93e-01	7.00e-03	1.39e-07
 2.84116e+23	9.93e-01	6.79e-03	1.39e-07
 2.84548e+23	9.93e-01	6.59e-03	1.39e-07
 2.84982e+23	9.94e-01	6.40e-03	1.39e-07
 2.85419e+23	9.94e-01	6.20e-03	1.39e-07
 2.85860e+23	9.94e-01	6.02e-03	1.40e-07
 2.86304e+23	9.94e-01	5.84e-03	1.40e-07
 2.86754e+23	9.94e-01	5.66e-03	1.40e-07
 2.87215e+23	9.95e-01	5.48e-03	1.41e-07
 2.87682e+23	9.95e-01	5.31e-03	1.41e-07
 2.88155e+23	9.95e-01	5.14e-03	1.41e-07
 2.88632e+23	9.95e-01	4.98e-03	1.42e-07
 2.89114e+23	9.95e-01	4.82e-03	1.42e-07
 2.89602e+23	9.95e-01	4.67e-03	1.43e-07
 2.90095e+23	9.95e-01	4.52e-03	1.43e-07
 2.90596e+23	9.96e-01	4.37e-03	1.44e-07
 2.91104e+23	9.96e-01	4.23e-03	1.44e-07
 2.91624e+23	9.96e-01	4.08e-03	1.45e-07
 2.92158e+23	9.96e-01	3.94e-03	1.46e-07
 2.92701e+23	9.96e-01	3.81e-03	1.47e-07
 2.93255e+23	9.96e-01	3.67e-03	1.48e-07
 2.93817e+23	9.96e-01	3.54e-03	1.49e-07
 2.94390e+23	9.97e-01	3.41e-03	1.50e-07
 2.94974e+23	9.97e-01	3.29e-03	1.51e-07
 2.95569e+23	9.97e-01	3.17e-03	1.53e-07
 2.96178e+23	9.97e-01	3.05e-03	1.54e-07
 2.96803e+23	9.97e-01	2.93e-03	1.56e-07
 2.97442e+23	9.97e-01	2.82e-03	1.57e-07
 2.98096e+23	9.97e-01	2.71e-03	1.59e-07
 2.98765e+23	9.97e-01	2.60e-03	1.62e-07
 2.99450e+23	9.98e-01	2.49e-03	1.64e-07
 3.00152e+23	9.98e-01	2.38e-03	1.67e-07
 3.00867e+23	9.98e-01	2.28e-03	1.70e-07
 3.01588e+23	9.98e-01	2.19e-03	1.73e-07
 3.02318e+23	9.98e-01	2.09e-03	1.77e-07
 3.03055e+23	9.98e-01	2.00e-03	1.81e-07
 3.03799e+23	9.98e-01	1.92e-03	1.85e-07
 3.04551e+23	9.98e-01	1.83e-03	1.90e-07
 3.05312e+23	9.98e-01	1.75e-03	1.95e-07
 3.06080e+23	9.98e-01	1.68e-03	2.01e-07
 3.06857e+23	9.98e-01	1.60e-03	2.07e-07
 3.07640e+23	9.98e-01	1.53e-03	2.15e-07
 3.08300e+23	9.99e-01	1.48e-03	2.22e-07
