#depth	H	H+	H2
 4.62852e+21	5.32e-08	1.00e+00	5.78e-35
 1.03598e+22	1.11e-07	1.00e+00	8.05e-34
 1.18859e+22	1.55e-07	1.00e+00	2.33e-33
 1.25210e+22	1.81e-07	1.00e+00	3.82e-33
 1.27856e+22	1.88e-07	1.00e+00	4.30e-33
 1.28901e+22	1.95e-07	1.00e+00	4.82e-33
 1.30086e+22	2.04e-07	1.00e+00	5.57e-33
 1.31297e+22	2.12e-07	1.00e+00	6.24e-33
 1.32543e+22	2.22e-07	1.00e+00	7.23e-33
 1.33814e+22	2.31e-07	1.00e+00	8.12e-33
 1.34910e+22	2.38e-07	1.00e+00	9.03e-33
 1.36124e+22	2.49e-07	1.00e+00	1.04e-32
 1.37342e+22	2.57e-07	1.00e+00	1.15e-32
 1.38564e+22	2.68e-07	1.00e+00	1.31e-32
 1.39819e+22	2.77e-07	1.00e+00	1.46e-32
 1.40932e+22	2.87e-07	1.00e+00	1.62e-32
 1.42194e+22	2.99e-07	1.00e+00	1.85e-32
 1.43450e+22	3.08e-07	1.00e+00	2.04e-32
 1.44699e+22	3.21e-07	1.00e+00	2.32e-32
 1.45973e+22	3.31e-07	1.00e+00	2.57e-32
 1.47278e+22	3.45e-07	1.00e+00	2.93e-32
 1.48607e+22	3.55e-07	1.00e+00	1.59e-32
 1.49969e+22	3.71e-07	1.00e+00	1.82e-32
 1.51356e+22	3.82e-07	1.00e+00	2.02e-32
 1.52776e+22	3.99e-07	1.00e+00	2.32e-32
 1.54164e+22	4.10e-07	1.00e+00	2.54e-32
 1.55510e+22	4.27e-07	1.00e+00	2.90e-32
 1.56876e+22	4.38e-07	1.00e+00	3.19e-32
 1.58270e+22	4.56e-07	1.00e+00	3.62e-32
 1.59707e+22	4.70e-07	1.00e+00	4.01e-32
 1.61200e+22	4.89e-07	1.00e+00	4.57e-32
 1.62741e+22	5.05e-07	1.00e+00	5.10e-32
 1.64346e+22	5.25e-07	1.00e+00	5.84e-32
 1.65994e+22	5.43e-07	1.00e+00	6.55e-32
 1.67698e+22	5.66e-07	1.00e+00	7.56e-32
 1.69457e+22	5.86e-07	1.00e+00	8.53e-32
 1.71289e+22	6.12e-07	1.00e+00	9.93e-32
 1.73174e+22	6.34e-07	1.00e+00	1.13e-31
 1.74872e+22	6.56e-07	1.00e+00	1.27e-31
 1.76822e+22	6.88e-07	1.00e+00	1.50e-31
 1.78784e+22	7.11e-07	1.00e+00	1.70e-31
 1.80761e+22	7.45e-07	1.00e+00	2.00e-31
 1.82780e+22	7.73e-07	1.00e+00	2.28e-31
 1.84854e+22	8.11e-07	1.00e+00	2.51e-31
 1.86971e+22	8.44e-07	1.00e+00	2.89e-31
 1.88856e+22	8.78e-07	1.00e+00	3.31e-31
 1.91020e+22	9.26e-07	1.00e+00	3.95e-31
 1.93055e+22	9.57e-07	1.00e+00	4.41e-31
 1.94921e+22	1.00e-06	1.00e+00	5.16e-31
 1.96812e+22	1.04e-06	1.00e+00	5.78e-31
 1.98734e+22	1.09e-06	1.00e+00	6.74e-31
 2.00696e+22	1.14e-06	1.00e+00	7.62e-31
 2.02707e+22	1.20e-06	1.00e+00	8.94e-31
 2.04731e+22	1.25e-06	1.00e+00	1.01e-30
 2.06772e+22	1.32e-06	1.00e+00	1.18e-30
 2.08851e+22	1.38e-06	1.00e+00	1.34e-30
 2.10981e+22	1.47e-06	1.00e+00	1.57e-30
 2.13154e+22	1.54e-06	1.00e+00	1.78e-30
 2.15382e+22	1.65e-06	1.00e+00	2.09e-30
 2.17634e+22	1.73e-06	1.00e+00	2.37e-30
 2.19538e+22	1.82e-06	1.00e+00	2.65e-30
 2.21609e+22	1.94e-06	1.00e+00	3.04e-30
 2.23685e+22	2.04e-06	1.00e+00	3.39e-30
 2.25715e+22	2.17e-06	1.00e+00	3.84e-30
 2.27785e+22	2.29e-06	1.00e+00	4.29e-30
 2.29815e+22	2.43e-06	1.00e+00	4.77e-30
 2.31888e+22	2.57e-06	1.00e+00	5.27e-30
 2.33930e+22	2.73e-06	1.00e+00	5.84e-30
 2.35989e+22	2.89e-06	1.00e+00	6.45e-30
 2.38021e+22	3.06e-06	1.00e+00	7.11e-30
 2.40050e+22	3.24e-06	1.00e+00	7.82e-30
 2.42082e+22	3.44e-06	1.00e+00	8.61e-30
 2.44120e+22	3.64e-06	1.00e+00	9.48e-30
 2.46167e+22	3.86e-06	1.00e+00	1.05e-29
 2.48232e+22	4.09e-06	1.00e+00	1.16e-29
 2.50319e+22	4.33e-06	1.00e+00	1.29e-29
 2.52417e+22	4.59e-06	1.00e+00	1.44e-29
 2.54548e+22	4.86e-06	1.00e+00	1.62e-29
 2.56701e+22	5.15e-06	1.00e+00	1.88e-29
 2.58897e+22	5.46e-06	1.00e+00	2.16e-29
 2.61130e+22	5.79e-06	1.00e+00	2.49e-29
 2.63177e+22	6.08e-06	1.00e+00	2.83e-29
 2.65315e+22	6.47e-06	1.00e+00	3.35e-29
 2.67487e+22	6.79e-06	1.00e+00	3.87e-29
 2.69723e+22	7.23e-06	1.00e+00	4.69e-29
 2.71962e+22	7.58e-06	1.00e+00	5.48e-29
 2.74206e+22	8.07e-06	1.00e+00	6.75e-29
 2.76459e+22	8.45e-06	1.00e+00	7.95e-29
 2.78723e+22	8.98e-06	1.00e+00	9.90e-29
 2.81011e+22	9.41e-06	1.00e+00	1.18e-28
 2.83330e+22	1.00e-05	1.00e+00	1.48e-28
 2.85680e+22	1.05e-05	1.00e+00	1.78e-28
 2.88070e+22	1.12e-05	1.00e+00	2.28e-28
 2.90504e+22	1.17e-05	1.00e+00	2.76e-28
 2.92996e+22	1.25e-05	1.00e+00	3.57e-28
 2.95544e+22	1.31e-05	1.00e+00	4.38e-28
 2.98167e+22	1.40e-05	1.00e+00	5.75e-28
 3.00838e+22	1.47e-05	1.00e+00	7.10e-28
 3.03099e+22	1.54e-05	1.00e+00	8.63e-28
 3.05568e+22	1.63e-05	1.00e+00	1.11e-27
 3.07954e+22	1.70e-05	1.00e+00	1.33e-27
 3.10232e+22	1.79e-05	1.00e+00	1.67e-27
 3.12534e+22	1.87e-05	1.00e+00	2.00e-27
 3.14867e+22	1.97e-05	1.00e+00	2.53e-27
 3.17235e+22	2.06e-05	1.00e+00	3.04e-27
 3.19647e+22	2.17e-05	1.00e+00	3.88e-27
 3.22095e+22	2.27e-05	1.00e+00	4.68e-27
 3.24588e+22	2.40e-05	1.00e+00	6.00e-27
 3.27122e+22	2.50e-05	1.00e+00	7.26e-27
 3.29707e+22	2.66e-05	1.00e+00	9.39e-27
 3.32343e+22	2.77e-05	1.00e+00	1.15e-26
 3.35045e+22	2.95e-05	1.00e+00	1.49e-26
 3.37826e+22	3.09e-05	1.00e+00	1.85e-26
 3.40712e+22	3.29e-05	1.00e+00	2.44e-26
 3.43627e+22	3.45e-05	1.00e+00	3.02e-26
 3.46581e+22	3.67e-05	1.00e+00	4.01e-26
 3.49571e+22	3.85e-05	1.00e+00	4.99e-26
 3.52608e+22	4.11e-05	1.00e+00	6.66e-26
 3.55692e+22	4.31e-05	1.00e+00	8.34e-26
 3.58416e+22	4.54e-05	1.00e+00	1.05e-25
 3.61537e+22	4.83e-05	1.00e+00	1.40e-25
 3.64714e+22	5.10e-05	1.00e+00	1.77e-25
 3.67286e+22	5.32e-05	1.00e+00	2.15e-25
 3.69949e+22	5.60e-05	1.00e+00	2.73e-25
 3.72750e+22	5.86e-05	1.00e+00	3.37e-25
 3.75323e+22	6.14e-05	1.00e+00	4.15e-25
 3.78261e+22	6.49e-05	1.00e+00	5.38e-25
 3.81273e+22	6.83e-05	1.00e+00	6.76e-25
 3.83933e+22	7.15e-05	1.00e+00	8.35e-25
 3.86938e+22	7.57e-05	1.00e+00	1.09e-24
 3.90056e+22	7.98e-05	1.00e+00	1.38e-24
 3.92852e+22	8.37e-05	1.00e+00	1.72e-24
 3.96017e+22	8.89e-05	1.00e+00	2.28e-24
 3.99285e+22	9.38e-05	1.00e+00	2.91e-24
 4.02202e+22	9.86e-05	1.00e+00	3.66e-24
 4.05509e+22	1.05e-04	1.00e+00	4.91e-24
 4.08916e+22	1.11e-04	1.00e+00	6.31e-24
 4.12454e+22	1.19e-04	1.00e+00	8.63e-24
 4.16056e+22	1.26e-04	1.00e+00	1.12e-23
 4.19253e+22	1.33e-04	1.00e+00	1.44e-23
 4.22919e+22	1.42e-04	1.00e+00	2.00e-23
 4.26631e+22	1.51e-04	1.00e+00	2.61e-23
 4.30404e+22	1.62e-04	1.00e+00	3.65e-23
 4.34217e+22	1.72e-04	1.00e+00	4.79e-23
 4.38082e+22	1.85e-04	1.00e+00	6.78e-23
 4.41982e+22	1.96e-04	1.00e+00	8.92e-23
 4.45928e+22	2.12e-04	1.00e+00	1.23e-22
 4.49919e+22	2.25e-04	1.00e+00	1.63e-22
 4.53969e+22	2.43e-04	1.00e+00	2.36e-22
 4.58068e+22	2.59e-04	1.00e+00	3.16e-22
 4.62229e+22	2.80e-04	1.00e+00	4.62e-22
 4.66307e+22	2.97e-04	1.00e+00	6.10e-22
 4.70276e+22	3.21e-04	1.00e+00	8.83e-22
 4.74111e+22	3.38e-04	1.00e+00	1.15e-21
 4.77772e+22	3.62e-04	1.00e+00	1.60e-21
 4.81480e+22	3.83e-04	1.00e+00	2.12e-21
 4.84738e+22	4.05e-04	1.00e+00	2.78e-21
 4.88459e+22	4.34e-04	1.00e+00	3.97e-21
 4.92261e+22	4.59e-04	1.00e+00	5.38e-21
 4.96165e+22	4.94e-04	1.00e+00	7.90e-21
 5.00099e+22	5.23e-04	9.99e-01	1.09e-20
 5.04073e+22	5.65e-04	9.99e-01	1.67e-20
 5.08050e+22	5.98e-04	9.99e-01	2.30e-20
 5.11246e+22	6.28e-04	9.99e-01	3.07e-20
 5.14613e+22	6.67e-04	9.99e-01	4.33e-20
 5.18027e+22	7.02e-04	9.99e-01	5.86e-20
 5.21031e+22	7.37e-04	9.99e-01	7.74e-20
 5.24462e+22	7.83e-04	9.99e-01	1.12e-19
 5.27935e+22	8.24e-04	9.99e-01	1.55e-19
 5.30979e+22	8.66e-04	9.99e-01	2.08e-19
 5.34452e+22	9.23e-04	9.99e-01	3.25e-19
 5.37954e+22	9.69e-04	9.99e-01	4.39e-19
 5.41491e+22	1.03e-03	9.99e-01	6.92e-19
 5.45085e+22	1.09e-03	9.99e-01	1.06e-18
 5.47575e+22	1.12e-03	9.99e-01	1.46e-18
 5.49637e+22	1.16e-03	9.99e-01	2.17e-18
 5.52316e+22	1.22e-03	9.99e-01	3.17e-18
 5.55800e+22	1.30e-03	9.99e-01	6.61e-18
 5.59409e+22	1.36e-03	9.99e-01	1.22e-17
 5.63181e+22	1.46e-03	9.99e-01	2.80e-17
 5.67023e+22	1.54e-03	9.98e-01	5.72e-17
 5.70954e+22	1.65e-03	9.98e-01	1.48e-16
 5.74965e+22	1.74e-03	9.98e-01	2.98e-16
 5.79077e+22	1.87e-03	9.98e-01	5.25e-16
 5.83265e+22	1.98e-03	9.98e-01	7.92e-16
 5.87551e+22	2.13e-03	9.98e-01	1.21e-15
 5.91276e+22	2.23e-03	9.98e-01	1.55e-15
 5.93874e+22	2.32e-03	9.98e-01	1.96e-15
 5.96854e+22	2.44e-03	9.98e-01	2.46e-15
 5.99955e+22	2.54e-03	9.97e-01	2.99e-15
 6.03215e+22	2.69e-03	9.97e-01	3.85e-15
 6.06461e+22	2.81e-03	9.97e-01	4.58e-15
 6.09692e+22	2.96e-03	9.97e-01	5.63e-15
 6.13026e+22	3.10e-03	9.97e-01	6.74e-15
 6.16009e+22	3.24e-03	9.97e-01	7.98e-15
 6.19402e+22	3.43e-03	9.97e-01	9.86e-15
 6.22895e+22	3.60e-03	9.96e-01	1.18e-14
 6.26518e+22	3.82e-03	9.96e-01	1.49e-14
 6.30158e+22	4.01e-03	9.96e-01	1.79e-14
 6.33819e+22	4.25e-03	9.96e-01	2.24e-14
 6.37607e+22	4.48e-03	9.96e-01	2.73e-14
 6.41559e+22	4.78e-03	9.95e-01	3.50e-14
 6.45548e+22	5.04e-03	9.95e-01	4.26e-14
 6.49583e+22	5.38e-03	9.95e-01	5.47e-14
 6.53678e+22	5.67e-03	9.94e-01	6.69e-14
 6.57849e+22	6.06e-03	9.94e-01	8.67e-14
 6.62087e+22	6.40e-03	9.94e-01	1.07e-13
 6.66412e+22	6.86e-03	9.93e-01	1.41e-13
 6.70810e+22	7.25e-03	9.93e-01	1.75e-13
 6.75306e+22	7.77e-03	9.92e-01	2.30e-13
 6.79944e+22	8.27e-03	9.92e-01	2.93e-13
 6.84769e+22	8.95e-03	9.91e-01	3.98e-13
 6.89636e+22	9.48e-03	9.91e-01	5.02e-13
 6.94558e+22	1.03e-02	9.90e-01	6.87e-13
 6.99615e+22	1.09e-02	9.89e-01	8.78e-13
 7.04848e+22	1.20e-02	9.88e-01	1.23e-12
 7.10243e+22	1.28e-02	9.87e-01	1.61e-12
 7.15848e+22	1.41e-02	9.86e-01	2.32e-12
 7.21684e+22	1.52e-02	9.85e-01	3.14e-12
 7.27792e+22	1.70e-02	9.83e-01	4.72e-12
 7.34021e+22	1.86e-02	9.81e-01	6.57e-12
 7.38870e+22	1.98e-02	9.80e-01	8.43e-12
 7.43610e+22	2.18e-02	9.78e-01	1.18e-11
 7.48449e+22	2.37e-02	9.76e-01	1.57e-11
 7.53415e+22	2.65e-02	9.74e-01	2.29e-11
 7.58543e+22	2.93e-02	9.71e-01	3.21e-11
 7.63882e+22	3.36e-02	9.66e-01	5.00e-11
 7.68790e+22	3.74e-02	9.63e-01	6.94e-11
 7.72426e+22	4.14e-02	9.59e-01	9.38e-11
 7.76440e+22	4.73e-02	9.53e-01	1.38e-10
 7.80741e+22	5.48e-02	9.45e-01	2.08e-10
 7.84684e+22	6.37e-02	9.36e-01	3.10e-10
 7.88420e+22	7.49e-02	9.25e-01	4.70e-10
 7.91939e+22	8.88e-02	9.11e-01	7.17e-10
 7.95175e+22	1.06e-01	8.94e-01	1.09e-09
 7.98125e+22	1.26e-01	8.74e-01	1.64e-09
 8.00810e+22	1.51e-01	8.49e-01	2.44e-09
 8.03256e+22	1.79e-01	8.21e-01	3.57e-09
 8.05484e+22	2.12e-01	7.88e-01	5.12e-09
 8.06874e+22	2.34e-01	7.66e-01	6.25e-09
 8.07376e+22	2.43e-01	7.57e-01	6.75e-09
 8.07772e+22	2.51e-01	7.49e-01	7.23e-09
 8.08283e+22	2.61e-01	7.39e-01	7.87e-09
 8.08898e+22	2.74e-01	7.26e-01	8.76e-09
 8.09519e+22	2.88e-01	7.12e-01	9.73e-09
 8.10092e+22	3.01e-01	6.99e-01	1.06e-08
 8.10672e+22	3.15e-01	6.85e-01	1.18e-08
 8.11268e+22	3.30e-01	6.70e-01	1.28e-08
 8.11875e+22	3.45e-01	6.55e-01	1.42e-08
 8.12499e+22	3.62e-01	6.38e-01	1.57e-08
 8.13102e+22	3.79e-01	6.21e-01	1.72e-08
 8.13708e+22	3.96e-01	6.04e-01	1.89e-08
 8.14347e+22	4.14e-01	5.86e-01	2.07e-08
 8.15009e+22	4.33e-01	5.67e-01	2.27e-08
 8.15693e+22	4.54e-01	5.46e-01	2.50e-08
 8.16387e+22	4.74e-01	5.26e-01	2.73e-08
 8.17107e+22	4.96e-01	5.04e-01	2.99e-08
 8.17864e+22	5.19e-01	4.81e-01	3.29e-08
 8.18620e+22	5.41e-01	4.59e-01	3.57e-08
 8.19213e+22	5.57e-01	4.43e-01	3.76e-08
 8.19608e+22	5.68e-01	4.32e-01	3.91e-08
 8.19985e+22	5.79e-01	4.21e-01	4.05e-08
 8.20424e+22	5.91e-01	4.09e-01	4.23e-08
 8.20905e+22	6.04e-01	3.96e-01	4.43e-08
 8.21372e+22	6.16e-01	3.84e-01	4.58e-08
 8.21834e+22	6.28e-01	3.72e-01	4.77e-08
 8.22311e+22	6.40e-01	3.60e-01	4.95e-08
 8.22792e+22	6.51e-01	3.49e-01	5.13e-08
 8.23279e+22	6.63e-01	3.37e-01	5.32e-08
 8.23766e+22	6.73e-01	3.27e-01	5.48e-08
 8.24269e+22	6.85e-01	3.15e-01	5.67e-08
 8.24795e+22	6.96e-01	3.04e-01	5.86e-08
 8.25320e+22	7.06e-01	2.94e-01	6.03e-08
 8.25850e+22	7.16e-01	2.84e-01	6.21e-08
 8.26401e+22	7.26e-01	2.74e-01	6.39e-08
 8.26971e+22	7.36e-01	2.64e-01	6.58e-08
 8.27549e+22	7.46e-01	2.54e-01	6.76e-08
 8.28138e+22	7.55e-01	2.45e-01	6.94e-08
 8.28748e+22	7.64e-01	2.36e-01	7.12e-08
 8.29378e+22	7.73e-01	2.27e-01	7.31e-08
 8.30021e+22	7.82e-01	2.18e-01	7.50e-08
 8.30677e+22	7.90e-01	2.10e-01	7.69e-08
 8.31354e+22	7.98e-01	2.02e-01	7.88e-08
 8.32056e+22	8.06e-01	1.94e-01	8.07e-08
 8.32777e+22	8.14e-01	1.86e-01	8.27e-08
 8.33514e+22	8.21e-01	1.79e-01	8.47e-08
 8.34273e+22	8.28e-01	1.72e-01	8.68e-08
 8.35055e+22	8.35e-01	1.65e-01	8.89e-08
 8.35857e+22	8.42e-01	1.58e-01	9.09e-08
 8.36662e+22	8.48e-01	1.52e-01	9.32e-08
 8.37480e+22	8.54e-01	1.46e-01	9.54e-08
 8.38331e+22	8.60e-01	1.40e-01	9.79e-08
 8.39180e+22	8.65e-01	1.35e-01	1.00e-07
 8.40021e+22	8.71e-01	1.29e-01	1.03e-07
 8.40898e+22	8.75e-01	1.25e-01	1.05e-07
 8.41800e+22	8.80e-01	1.20e-01	1.08e-07
 8.42701e+22	8.85e-01	1.15e-01	1.11e-07
 8.43620e+22	8.89e-01	1.11e-01	1.14e-07
 8.44567e+22	8.93e-01	1.07e-01	1.17e-07
 8.45533e+22	8.97e-01	1.03e-01	1.21e-07
 8.46510e+22	9.01e-01	9.90e-02	1.25e-07
 8.47513e+22	9.05e-01	9.53e-02	1.29e-07
 8.48543e+22	9.08e-01	9.18e-02	1.34e-07
 8.49560e+22	9.11e-01	8.85e-02	1.39e-07
 8.50528e+22	9.14e-01	8.56e-02	1.43e-07
 8.51420e+22	9.17e-01	8.31e-02	1.47e-07
 8.52248e+22	9.19e-01	8.08e-02	1.51e-07
 8.53013e+22	9.21e-01	7.89e-02	1.55e-07
 8.53751e+22	9.23e-01	7.70e-02	1.60e-07
 8.54492e+22	9.25e-01	7.52e-02	1.64e-07
 8.55220e+22	9.27e-01	7.32e-02	1.70e-07
 8.55900e+22	9.28e-01	7.16e-02	1.75e-07
 8.56534e+22	9.30e-01	7.02e-02	1.80e-07
 8.57172e+22	9.31e-01	6.86e-02	1.85e-07
 8.57787e+22	9.33e-01	6.72e-02	1.90e-07
 8.58368e+22	9.34e-01	6.59e-02	1.95e-07
 8.58945e+22	9.35e-01	6.46e-02	2.01e-07
 8.59497e+22	9.37e-01	6.33e-02	2.07e-07
 8.60017e+22	9.38e-01	6.22e-02	2.13e-07
 8.60526e+22	9.39e-01	6.11e-02	2.20e-07
 8.61022e+22	9.40e-01	6.00e-02	2.26e-07
 8.61488e+22	9.41e-01	5.89e-02	2.32e-07
 8.61913e+22	9.42e-01	5.80e-02	2.38e-07
 8.62299e+22	9.43e-01	5.72e-02	2.44e-07
 8.62650e+22	9.43e-01	5.65e-02	2.49e-07
 8.62970e+22	9.44e-01	5.58e-02	2.54e-07
 8.63261e+22	9.45e-01	5.52e-02	2.58e-07
 8.63526e+22	9.45e-01	5.47e-02	2.62e-07
 8.63767e+22	9.46e-01	5.42e-02	2.66e-07
 8.63986e+22	9.46e-01	5.39e-02	2.69e-07
 8.64226e+22	9.47e-01	5.33e-02	2.72e-07
 8.64539e+22	9.48e-01	5.25e-02	2.77e-07
 8.64876e+22	9.48e-01	5.18e-02	2.82e-07
 8.65183e+22	9.49e-01	5.11e-02	2.85e-07
 8.65462e+22	9.49e-01	5.06e-02	2.88e-07
 8.65768e+22	9.50e-01	4.99e-02	2.92e-07
 8.66098e+22	9.51e-01	4.92e-02	2.96e-07
 8.66399e+22	9.51e-01	4.86e-02	2.98e-07
 8.66673e+22	9.52e-01	4.80e-02	3.01e-07
 8.66921e+22	9.52e-01	4.78e-02	3.02e-07
 8.67194e+22	9.53e-01	4.73e-02	3.04e-07
 8.67489e+22	9.53e-01	4.68e-02	3.05e-07
 8.67812e+22	9.54e-01	4.61e-02	3.07e-07
 8.68160e+22	9.55e-01	4.55e-02	3.08e-07
 8.68477e+22	9.55e-01	4.50e-02	3.10e-07
 8.68765e+22	9.55e-01	4.45e-02	3.11e-07
 8.69028e+22	9.56e-01	4.42e-02	3.12e-07
 8.69316e+22	9.56e-01	4.37e-02	3.11e-07
 8.69690e+22	9.57e-01	4.30e-02	3.11e-07
 8.70093e+22	9.58e-01	4.22e-02	3.12e-07
 8.70461e+22	9.58e-01	4.17e-02	3.12e-07
 8.70795e+22	9.59e-01	4.12e-02	3.12e-07
 8.71100e+22	9.59e-01	4.08e-02	3.11e-07
 8.71376e+22	9.60e-01	4.04e-02	3.10e-07
 8.71628e+22	9.60e-01	4.00e-02	3.09e-07
 8.71858e+22	9.60e-01	3.98e-02	3.08e-07
 8.72109e+22	9.61e-01	3.93e-02	3.06e-07
 8.72436e+22	9.61e-01	3.87e-02	3.05e-07
 8.72788e+22	9.62e-01	3.82e-02	3.04e-07
 8.73109e+22	9.62e-01	3.77e-02	3.03e-07
 8.73401e+22	9.63e-01	3.73e-02	3.02e-07
 8.73667e+22	9.63e-01	3.70e-02	3.00e-07
 8.73958e+22	9.63e-01	3.66e-02	2.99e-07
 8.74272e+22	9.64e-01	3.61e-02	2.97e-07
 8.74558e+22	9.64e-01	3.57e-02	2.95e-07
 8.74819e+22	9.65e-01	3.54e-02	2.94e-07
 8.75056e+22	9.65e-01	3.51e-02	2.93e-07
 8.75315e+22	9.65e-01	3.48e-02	2.91e-07
 8.75595e+22	9.66e-01	3.44e-02	2.90e-07
 8.75903e+22	9.66e-01	3.40e-02	2.88e-07
 8.76234e+22	9.66e-01	3.36e-02	2.87e-07
 8.76536e+22	9.67e-01	3.33e-02	2.86e-07
 8.76866e+22	9.67e-01	3.29e-02	2.85e-07
 8.77223e+22	9.68e-01	3.25e-02	2.84e-07
 8.77548e+22	9.68e-01	3.21e-02	2.82e-07
 8.77844e+22	9.68e-01	3.19e-02	2.82e-07
 8.78167e+22	9.68e-01	3.15e-02	2.80e-07
 8.78517e+22	9.69e-01	3.11e-02	2.79e-07
 8.78835e+22	9.69e-01	3.08e-02	2.78e-07
 8.79125e+22	9.69e-01	3.06e-02	2.78e-07
 8.79442e+22	9.70e-01	3.02e-02	2.75e-07
 8.79785e+22	9.70e-01	2.99e-02	2.75e-07
 8.80160e+22	9.71e-01	2.95e-02	2.74e-07
 8.80565e+22	9.71e-01	2.91e-02	2.73e-07
 8.80934e+22	9.71e-01	2.87e-02	2.72e-07
 8.81269e+22	9.72e-01	2.85e-02	2.71e-07
 8.81637e+22	9.72e-01	2.81e-02	2.70e-07
 8.82034e+22	9.72e-01	2.78e-02	2.69e-07
 8.82395e+22	9.73e-01	2.75e-02	2.68e-07
 8.82791e+22	9.73e-01	2.71e-02	2.66e-07
 8.83218e+22	9.73e-01	2.67e-02	2.66e-07
 8.83607e+22	9.74e-01	2.64e-02	2.64e-07
 8.83961e+22	9.74e-01	2.62e-02	2.64e-07
 8.84349e+22	9.74e-01	2.59e-02	2.63e-07
 8.84767e+22	9.74e-01	2.55e-02	2.62e-07
 8.85148e+22	9.75e-01	2.53e-02	2.62e-07
 8.85566e+22	9.75e-01	2.49e-02	2.60e-07
 8.86016e+22	9.75e-01	2.46e-02	2.60e-07
 8.86427e+22	9.76e-01	2.43e-02	2.59e-07
 8.86800e+22	9.76e-01	2.41e-02	2.59e-07
 8.87209e+22	9.76e-01	2.38e-02	2.58e-07
 8.87650e+22	9.77e-01	2.35e-02	2.58e-07
 8.88052e+22	9.77e-01	2.32e-02	2.58e-07
 8.88492e+22	9.77e-01	2.29e-02	2.56e-07
 8.88967e+22	9.77e-01	2.26e-02	2.57e-07
 8.89400e+22	9.78e-01	2.23e-02	2.56e-07
 8.89874e+22	9.78e-01	2.20e-02	2.55e-07
 8.90386e+22	9.78e-01	2.17e-02	2.55e-07
 8.90851e+22	9.79e-01	2.14e-02	2.55e-07
 8.91361e+22	9.79e-01	2.11e-02	2.54e-07
 8.91912e+22	9.79e-01	2.08e-02	2.55e-07
 8.92413e+22	9.79e-01	2.05e-02	2.54e-07
 8.92869e+22	9.80e-01	2.03e-02	2.54e-07
 8.93369e+22	9.80e-01	2.00e-02	2.53e-07
 8.93909e+22	9.80e-01	1.97e-02	2.52e-07
 8.94400e+22	9.80e-01	1.95e-02	2.52e-07
 8.94938e+22	9.81e-01	1.92e-02	2.52e-07
 8.95519e+22	9.81e-01	1.89e-02	2.52e-07
 8.96047e+22	9.81e-01	1.87e-02	2.52e-07
 8.96627e+22	9.82e-01	1.84e-02	2.51e-07
 8.97252e+22	9.82e-01	1.81e-02	2.51e-07
 8.97821e+22	9.82e-01	1.78e-02	2.51e-07
 8.98445e+22	9.82e-01	1.76e-02	2.50e-07
 8.99118e+22	9.83e-01	1.73e-02	2.51e-07
 8.99730e+22	9.83e-01	1.70e-02	2.50e-07
 9.00288e+22	9.83e-01	1.68e-02	2.50e-07
 9.00899e+22	9.83e-01	1.66e-02	2.49e-07
 9.01558e+22	9.84e-01	1.62e-02	2.49e-07
 9.02158e+22	9.84e-01	1.61e-02	2.49e-07
 9.02816e+22	9.84e-01	1.58e-02	2.48e-07
 9.03526e+22	9.85e-01	1.55e-02	2.48e-07
 9.04172e+22	9.85e-01	1.53e-02	2.48e-07
 9.04880e+22	9.85e-01	1.50e-02	2.48e-07
 9.05644e+22	9.85e-01	1.48e-02	2.48e-07
 9.06340e+22	9.85e-01	1.45e-02	2.48e-07
 9.06973e+22	9.86e-01	1.43e-02	2.47e-07
 9.07666e+22	9.86e-01	1.41e-02	2.47e-07
 9.08415e+22	9.86e-01	1.39e-02	2.47e-07
 9.09096e+22	9.86e-01	1.37e-02	2.47e-07
 9.09843e+22	9.87e-01	1.34e-02	2.47e-07
 9.10649e+22	9.87e-01	1.32e-02	2.47e-07
 9.11383e+22	9.87e-01	1.30e-02	2.47e-07
 9.12186e+22	9.87e-01	1.28e-02	2.47e-07
 9.13054e+22	9.88e-01	1.25e-02	2.47e-07
 9.13844e+22	9.88e-01	1.23e-02	2.47e-07
 9.14709e+22	9.88e-01	1.21e-02	2.47e-07
 9.15643e+22	9.88e-01	1.18e-02	2.47e-07
 9.16493e+22	9.88e-01	1.16e-02	2.47e-07
 9.17267e+22	9.89e-01	1.15e-02	2.47e-07
 9.18114e+22	9.89e-01	1.12e-02	2.47e-07
 9.19216e+22	9.89e-01	1.09e-02	2.47e-07
 9.20462e+22	9.89e-01	1.06e-02	2.48e-07
 9.21701e+22	9.90e-01	1.04e-02	2.48e-07
 9.22953e+22	9.90e-01	1.01e-02	2.48e-07
 9.24237e+22	9.90e-01	9.84e-03	2.48e-07
 9.25294e+22	9.90e-01	9.65e-03	2.47e-07
