#depth	S	S+	S+2	S+3	S+4	S+5	S+6	S+7	S+8	S+9	S+10	S+11	S+12	S+13	S+14	S+15	S+16
 4.62852e+21	0.00e+00	2.88e-24	2.78e-20	2.70e-17	1.26e-14	3.66e-12	4.32e-09	5.02e-07	2.10e-05	3.20e-04	3.05e-03	1.33e-02	3.21e-02	8.14e-02	4.55e-01	3.36e-01	7.87e-02
 1.03598e+22	0.00e+00	2.44e-21	1.13e-17	4.76e-15	9.37e-13	1.15e-10	1.71e-07	1.75e-05	5.46e-04	5.15e-03	3.13e-02	8.10e-02	1.05e-01	1.37e-01	4.41e-01	1.77e-01	2.28e-02
 1.18859e+22	7.92e-34	3.62e-20	1.19e-16	3.36e-14	4.38e-12	3.68e-10	6.25e-07	6.31e-05	1.76e-03	1.34e-02	6.72e-02	1.42e-01	1.43e-01	1.42e-01	3.66e-01	1.13e-01	1.12e-02
 1.25210e+22	3.45e-33	1.25e-19	3.50e-16	8.24e-14	8.87e-12	6.26e-10	1.09e-06	1.09e-04	2.87e-03	1.98e-02	9.07e-02	1.75e-01	1.58e-01	1.39e-01	3.21e-01	8.69e-02	7.62e-03
 1.27856e+22	4.91e-33	1.68e-19	4.54e-16	1.02e-13	1.05e-11	7.13e-10	1.24e-06	1.24e-04	3.21e-03	2.17e-02	9.69e-02	1.83e-01	1.60e-01	1.37e-01	3.10e-01	8.13e-02	6.92e-03
 1.28901e+22	6.84e-33	2.23e-19	5.81e-16	1.26e-13	1.24e-11	8.06e-10	1.40e-06	1.39e-04	3.56e-03	2.35e-02	1.03e-01	1.90e-01	1.63e-01	1.36e-01	2.99e-01	7.61e-02	6.29e-03
 1.30086e+22	1.04e-32	3.20e-19	7.96e-16	1.63e-13	1.52e-11	9.44e-10	1.63e-06	1.62e-04	4.07e-03	2.61e-02	1.11e-01	2.00e-01	1.66e-01	1.33e-01	2.84e-01	6.98e-02	5.56e-03
 1.31297e+22	1.46e-32	4.25e-19	1.02e-15	2.01e-13	1.80e-11	1.07e-09	1.83e-06	1.81e-04	4.51e-03	2.82e-02	1.18e-01	2.07e-01	1.68e-01	1.31e-01	2.73e-01	6.51e-02	5.03e-03
 1.32543e+22	2.23e-32	6.11e-19	1.40e-15	2.62e-13	2.22e-11	1.26e-09	2.13e-06	2.10e-04	5.12e-03	3.12e-02	1.26e-01	2.17e-01	1.70e-01	1.28e-01	2.59e-01	5.93e-02	4.42e-03
 1.33814e+22	3.12e-32	8.13e-19	1.80e-15	3.23e-13	2.62e-11	1.43e-09	2.40e-06	2.35e-04	5.66e-03	3.36e-02	1.33e-01	2.24e-01	1.71e-01	1.26e-01	2.48e-01	5.51e-02	3.98e-03
 1.34910e+22	4.23e-32	1.06e-18	2.27e-15	3.91e-13	3.05e-11	1.61e-09	2.66e-06	2.60e-04	6.18e-03	3.60e-02	1.40e-01	2.30e-01	1.72e-01	1.23e-01	2.37e-01	5.13e-02	3.61e-03
 1.36124e+22	6.30e-32	1.48e-18	3.06e-15	5.02e-13	3.72e-11	1.87e-09	3.05e-06	2.97e-04	6.93e-03	3.93e-02	1.48e-01	2.38e-01	1.73e-01	1.20e-01	2.24e-01	4.67e-02	3.17e-03
 1.37342e+22	8.38e-32	1.90e-18	3.79e-15	6.02e-13	4.31e-11	2.10e-09	3.37e-06	3.26e-04	7.53e-03	4.18e-02	1.55e-01	2.44e-01	1.73e-01	1.17e-01	2.15e-01	4.36e-02	2.88e-03
 1.38564e+22	1.22e-31	2.62e-18	5.05e-15	7.65e-13	5.22e-11	2.44e-09	3.83e-06	3.69e-04	8.37e-03	4.52e-02	1.63e-01	2.51e-01	1.73e-01	1.14e-01	2.03e-01	3.97e-02	2.53e-03
 1.39819e+22	1.65e-31	3.39e-18	6.33e-15	9.25e-13	6.09e-11	2.75e-09	4.24e-06	4.06e-04	9.09e-03	4.81e-02	1.70e-01	2.57e-01	1.73e-01	1.11e-01	1.93e-01	3.68e-02	2.28e-03
 1.40932e+22	2.20e-31	4.35e-18	7.87e-15	1.11e-12	7.06e-11	3.08e-09	4.67e-06	4.45e-04	9.84e-03	5.10e-02	1.76e-01	2.62e-01	1.73e-01	1.08e-01	1.84e-01	3.41e-02	2.06e-03
 1.42194e+22	3.20e-31	6.01e-18	1.05e-14	1.41e-12	8.54e-11	3.58e-09	5.28e-06	5.01e-04	1.09e-02	5.49e-02	1.85e-01	2.68e-01	1.72e-01	1.04e-01	1.73e-01	3.09e-02	1.80e-03
 1.43450e+22	4.18e-31	7.56e-18	1.28e-14	1.68e-12	9.82e-11	3.99e-09	5.78e-06	5.45e-04	1.17e-02	5.78e-02	1.91e-01	2.72e-01	1.71e-01	1.01e-01	1.65e-01	2.87e-02	1.63e-03
 1.44699e+22	5.98e-31	1.03e-17	1.68e-14	2.11e-12	1.18e-10	4.61e-09	6.50e-06	6.09e-04	1.28e-02	6.19e-02	1.99e-01	2.77e-01	1.69e-01	9.75e-02	1.54e-01	2.60e-02	1.43e-03
 1.45973e+22	7.82e-31	1.30e-17	2.07e-14	2.51e-12	1.36e-10	5.16e-09	7.12e-06	6.62e-04	1.38e-02	6.51e-02	2.06e-01	2.80e-01	1.68e-01	9.46e-02	1.47e-01	2.41e-02	1.29e-03
 1.47278e+22	1.12e-30	1.77e-17	2.72e-14	3.16e-12	1.64e-10	5.97e-09	8.01e-06	7.39e-04	1.51e-02	6.95e-02	2.14e-01	2.85e-01	1.66e-01	9.08e-02	1.37e-01	2.17e-02	1.12e-03
 1.48607e+22	7.22e-31	2.24e-17	3.35e-14	3.77e-12	1.90e-10	6.69e-09	8.78e-06	8.04e-04	1.62e-02	7.30e-02	2.20e-01	2.88e-01	1.64e-01	8.78e-02	1.30e-01	2.00e-02	1.01e-03
 1.49969e+22	1.04e-30	3.07e-17	4.42e-14	4.77e-12	2.29e-10	7.77e-09	9.87e-06	8.96e-04	1.78e-02	7.78e-02	2.28e-01	2.91e-01	1.61e-01	8.39e-02	1.21e-01	1.79e-02	8.70e-04
 1.51356e+22	1.36e-30	3.90e-17	5.45e-14	5.71e-12	2.65e-10	8.73e-09	1.08e-05	9.74e-04	1.90e-02	8.17e-02	2.34e-01	2.93e-01	1.59e-01	8.09e-02	1.14e-01	1.65e-02	7.78e-04
 1.52776e+22	1.96e-30	5.34e-17	7.20e-14	7.22e-12	3.22e-10	1.02e-08	1.22e-05	1.09e-03	2.08e-02	8.68e-02	2.42e-01	2.96e-01	1.56e-01	7.70e-02	1.06e-01	1.47e-02	6.69e-04
 1.54164e+22	2.50e-30	6.60e-17	8.70e-14	8.50e-12	3.68e-10	1.13e-08	1.33e-05	1.17e-03	2.21e-02	9.05e-02	2.47e-01	2.97e-01	1.53e-01	7.43e-02	1.00e-01	1.36e-02	6.04e-04
 1.55510e+22	3.51e-30	8.88e-17	1.13e-13	1.06e-11	4.40e-10	1.30e-08	1.48e-05	1.29e-03	2.40e-02	9.56e-02	2.54e-01	2.99e-01	1.50e-01	7.07e-02	9.27e-02	1.22e-02	5.22e-04
 1.56876e+22	4.48e-30	1.10e-16	1.37e-13	1.25e-11	5.04e-10	1.46e-08	1.62e-05	1.39e-03	2.55e-02	9.96e-02	2.59e-01	2.99e-01	1.47e-01	6.81e-02	8.77e-02	1.12e-02	4.70e-04
 1.58270e+22	6.24e-30	1.47e-16	1.77e-13	1.55e-11	6.03e-10	1.68e-08	1.80e-05	1.54e-03	2.76e-02	1.05e-01	2.66e-01	3.00e-01	1.44e-01	6.47e-02	8.12e-02	1.00e-02	4.06e-04
 1.59707e+22	8.14e-30	1.85e-16	2.17e-13	1.86e-11	6.98e-10	1.89e-08	1.97e-05	1.66e-03	2.94e-02	1.09e-01	2.71e-01	3.00e-01	1.41e-01	6.20e-02	7.62e-02	9.16e-03	3.61e-04
 1.61200e+22	1.14e-29	2.48e-16	2.82e-13	2.32e-11	8.39e-10	2.19e-08	2.21e-05	1.84e-03	3.18e-02	1.15e-01	2.78e-01	2.99e-01	1.37e-01	5.86e-02	7.03e-02	8.16e-03	3.10e-04
 1.62741e+22	1.50e-29	3.17e-16	3.51e-13	2.80e-11	9.80e-10	2.48e-08	2.44e-05	2.00e-03	3.39e-02	1.20e-01	2.83e-01	2.99e-01	1.33e-01	5.59e-02	6.55e-02	7.39e-03	2.73e-04
 1.64346e+22	2.13e-29	4.29e-16	4.59e-13	3.53e-11	1.19e-09	2.89e-08	2.75e-05	2.21e-03	3.67e-02	1.26e-01	2.89e-01	2.97e-01	1.29e-01	5.26e-02	6.00e-02	6.53e-03	2.33e-04
 1.65994e+22	2.84e-29	5.53e-16	5.76e-13	4.29e-11	1.40e-09	3.30e-08	3.04e-05	2.41e-03	3.93e-02	1.32e-01	2.94e-01	2.96e-01	1.25e-01	4.99e-02	5.57e-02	5.87e-03	2.03e-04
 1.67698e+22	4.06e-29	7.56e-16	7.61e-13	5.45e-11	1.71e-09	3.88e-08	3.44e-05	2.67e-03	4.26e-02	1.39e-01	2.99e-01	2.94e-01	1.20e-01	4.66e-02	5.07e-02	5.15e-03	1.71e-04
 1.69457e+22	5.50e-29	9.85e-16	9.64e-13	6.69e-11	2.02e-09	4.45e-08	3.82e-05	2.92e-03	4.55e-02	1.44e-01	3.04e-01	2.91e-01	1.16e-01	4.40e-02	4.68e-02	4.60e-03	1.48e-04
 1.71289e+22	7.99e-29	1.36e-15	1.29e-12	8.61e-11	2.50e-09	5.28e-08	4.36e-05	3.26e-03	4.95e-02	1.52e-01	3.09e-01	2.88e-01	1.11e-01	4.09e-02	4.22e-02	3.99e-03	1.24e-04
 1.73174e+22	1.09e-28	1.80e-15	1.65e-12	1.07e-10	2.98e-09	6.09e-08	4.87e-05	3.57e-03	5.30e-02	1.58e-01	3.13e-01	2.84e-01	1.07e-01	3.84e-02	3.87e-02	3.53e-03	1.06e-04
 1.74872e+22	1.47e-28	2.33e-15	2.09e-12	1.30e-10	3.53e-09	7.00e-08	5.42e-05	3.90e-03	5.65e-02	1.64e-01	3.16e-01	2.81e-01	1.03e-01	3.61e-02	3.55e-02	3.14e-03	9.13e-05
 1.76822e+22	2.21e-28	3.31e-15	2.86e-12	1.71e-10	4.42e-09	8.39e-08	6.22e-05	4.36e-03	6.15e-02	1.72e-01	3.21e-01	2.76e-01	9.79e-02	3.31e-02	3.17e-02	2.68e-03	7.45e-05
 1.78784e+22	2.97e-28	4.29e-15	3.60e-12	2.09e-10	5.24e-09	9.64e-08	6.92e-05	4.76e-03	6.55e-02	1.79e-01	3.23e-01	2.71e-01	9.39e-02	3.11e-02	2.90e-02	2.38e-03	6.41e-05
 1.80761e+22	4.40e-28	6.06e-15	4.90e-12	2.73e-10	6.55e-09	1.15e-07	7.93e-05	5.31e-03	7.10e-02	1.87e-01	3.26e-01	2.65e-01	8.87e-02	2.85e-02	2.58e-02	2.03e-03	5.23e-05
 1.82780e+22	6.04e-28	8.00e-15	6.29e-12	3.39e-10	7.83e-09	1.34e-07	8.86e-05	5.81e-03	7.58e-02	1.94e-01	3.28e-01	2.60e-01	8.46e-02	2.65e-02	2.34e-02	1.78e-03	4.43e-05
 1.84854e+22	9.01e-28	1.14e-14	8.61e-12	4.44e-10	9.83e-09	1.61e-07	1.02e-04	6.49e-03	8.21e-02	2.02e-01	3.30e-01	2.54e-01	7.96e-02	2.41e-02	2.07e-02	1.50e-03	3.58e-05
 1.86971e+22	1.26e-27	1.52e-14	1.12e-11	5.57e-10	1.19e-08	1.87e-07	1.14e-04	7.12e-03	8.76e-02	2.09e-01	3.31e-01	2.48e-01	7.55e-02	2.23e-02	1.86e-02	1.30e-03	2.99e-05
 1.88856e+22	1.73e-27	2.03e-14	1.45e-11	6.95e-10	1.43e-08	2.17e-07	1.28e-04	7.78e-03	9.33e-02	2.16e-01	3.31e-01	2.42e-01	7.15e-02	2.06e-02	1.68e-02	1.13e-03	2.50e-05
 1.91020e+22	2.65e-27	2.96e-14	2.02e-11	9.28e-10	1.81e-08	2.64e-07	1.48e-04	8.72e-03	1.01e-01	2.25e-01	3.31e-01	2.34e-01	6.66e-02	1.86e-02	1.46e-02	9.37e-04	1.98e-05
 1.93055e+22	3.46e-27	3.76e-14	2.51e-11	1.12e-09	2.12e-08	2.99e-07	1.63e-04	9.40e-03	1.06e-01	2.30e-01	3.31e-01	2.28e-01	6.35e-02	1.73e-02	1.34e-02	8.30e-04	1.70e-05
 1.94921e+22	5.01e-27	5.25e-14	3.37e-11	1.44e-09	2.61e-08	3.55e-07	1.85e-04	1.04e-02	1.14e-01	2.38e-01	3.29e-01	2.21e-01	5.94e-02	1.58e-02	1.18e-02	7.01e-04	1.37e-05
 1.96812e+22	6.59e-27	6.74e-14	4.21e-11	1.75e-09	3.07e-08	4.04e-07	2.03e-04	1.12e-02	1.20e-01	2.43e-01	3.28e-01	2.15e-01	5.64e-02	1.46e-02	1.07e-02	6.16e-04	1.17e-05
 1.98734e+22	9.52e-27	9.41e-14	5.67e-11	2.25e-09	3.79e-08	4.80e-07	2.31e-04	1.23e-02	1.28e-01	2.50e-01	3.26e-01	2.07e-01	5.26e-02	1.33e-02	9.40e-03	5.18e-04	9.41e-06
 2.00696e+22	1.28e-26	1.24e-13	7.23e-11	2.77e-09	4.50e-08	5.53e-07	2.56e-04	1.33e-02	1.35e-01	2.56e-01	3.24e-01	2.01e-01	4.96e-02	1.22e-02	8.45e-03	4.49e-04	7.87e-06
 2.02707e+22	1.88e-26	1.77e-13	9.93e-11	3.64e-09	5.64e-08	6.64e-07	2.93e-04	1.48e-02	1.44e-01	2.63e-01	3.20e-01	1.93e-01	4.58e-02	1.10e-02	7.33e-03	3.71e-04	6.21e-06
 2.04731e+22	2.51e-26	2.31e-13	1.26e-10	4.48e-09	6.71e-08	7.65e-07	3.26e-04	1.60e-02	1.52e-01	2.68e-01	3.17e-01	1.86e-01	4.31e-02	1.01e-02	6.57e-03	3.21e-04	5.18e-06
 2.06772e+22	3.68e-26	3.32e-13	1.74e-10	5.90e-09	8.44e-08	9.23e-07	3.74e-04	1.78e-02	1.62e-01	2.75e-01	3.12e-01	1.78e-01	3.97e-02	9.01e-03	5.67e-03	2.64e-04	4.05e-06
 2.08851e+22	4.97e-26	4.44e-13	2.25e-10	7.36e-09	1.01e-07	1.07e-06	4.18e-04	1.93e-02	1.71e-01	2.80e-01	3.08e-01	1.71e-01	3.70e-02	8.22e-03	5.03e-03	2.25e-04	3.32e-06
 2.10981e+22	7.35e-26	6.48e-13	3.15e-10	9.84e-09	1.29e-07	1.31e-06	4.83e-04	2.15e-02	1.82e-01	2.86e-01	3.01e-01	1.63e-01	3.38e-02	7.27e-03	4.29e-03	1.82e-04	2.55e-06
 2.13154e+22	1.00e-25	8.78e-13	4.13e-10	1.24e-08	1.57e-07	1.54e-06	5.44e-04	2.35e-02	1.92e-01	2.90e-01	2.96e-01	1.56e-01	3.13e-02	6.58e-03	3.76e-03	1.53e-04	2.05e-06
 2.15382e+22	1.49e-25	1.30e-12	5.88e-10	1.68e-08	2.03e-07	1.91e-06	6.36e-04	2.63e-02	2.06e-01	2.96e-01	2.88e-01	1.46e-01	2.82e-02	5.76e-03	3.16e-03	1.21e-04	1.54e-06
 2.17634e+22	2.02e-25	1.78e-12	7.74e-10	2.14e-08	2.49e-07	2.26e-06	7.20e-04	2.88e-02	2.16e-01	2.99e-01	2.82e-01	1.39e-01	2.60e-02	5.17e-03	2.75e-03	1.01e-04	1.23e-06
 2.19538e+22	2.67e-25	2.36e-12	9.99e-10	2.67e-08	3.01e-07	2.65e-06	8.08e-04	3.13e-02	2.27e-01	3.02e-01	2.75e-01	1.33e-01	2.40e-02	4.68e-03	2.41e-03	8.51e-05	9.94e-07
 2.21609e+22	3.76e-25	3.39e-12	1.38e-09	3.55e-08	3.83e-07	3.25e-06	9.38e-04	3.48e-02	2.40e-01	3.05e-01	2.66e-01	1.25e-01	2.17e-02	4.10e-03	2.04e-03	6.81e-05	7.55e-07
 2.23685e+22	4.91e-25	4.49e-12	1.78e-09	4.43e-08	4.63e-07	3.82e-06	1.06e-03	3.79e-02	2.51e-01	3.07e-01	2.59e-01	1.18e-01	1.99e-02	3.69e-03	1.78e-03	5.70e-05	6.06e-07
 2.25715e+22	6.71e-25	6.31e-12	2.41e-09	5.81e-08	5.85e-07	4.66e-06	1.22e-03	4.20e-02	2.65e-01	3.09e-01	2.50e-01	1.11e-01	1.79e-02	3.24e-03	1.50e-03	4.57e-05	4.61e-07
 2.27785e+22	8.72e-25	8.42e-12	3.13e-09	7.32e-08	7.15e-07	5.54e-06	1.39e-03	4.59e-02	2.77e-01	3.09e-01	2.42e-01	1.04e-01	1.63e-02	2.88e-03	1.30e-03	3.77e-05	3.64e-07
 2.29815e+22	1.15e-24	1.16e-11	4.18e-09	9.50e-08	8.96e-07	6.74e-06	1.60e-03	5.08e-02	2.91e-01	3.09e-01	2.32e-01	9.73e-02	1.47e-02	2.53e-03	1.09e-03	3.02e-05	2.78e-07
 2.31888e+22	1.47e-24	1.55e-11	5.46e-09	1.21e-07	1.11e-06	8.09e-06	1.83e-03	5.58e-02	3.03e-01	3.09e-01	2.23e-01	9.09e-02	1.32e-02	2.23e-03	9.31e-04	2.46e-05	2.15e-07
 2.33930e+22	1.88e-24	2.09e-11	7.17e-09	1.55e-07	1.38e-06	9.79e-06	2.11e-03	6.15e-02	3.17e-01	3.07e-01	2.13e-01	8.44e-02	1.18e-02	1.95e-03	7.85e-04	1.97e-05	1.65e-07
 2.35989e+22	2.37e-24	2.78e-11	9.32e-09	1.96e-07	1.70e-06	1.18e-05	2.41e-03	6.75e-02	3.30e-01	3.05e-01	2.04e-01	7.83e-02	1.06e-02	1.70e-03	6.62e-04	1.59e-05	1.26e-07
 2.38021e+22	2.96e-24	3.67e-11	1.20e-08	2.49e-07	2.10e-06	1.42e-05	2.77e-03	7.41e-02	3.43e-01	3.02e-01	1.94e-01	7.24e-02	9.45e-03	1.48e-03	5.57e-04	1.27e-05	0.00e+00
 2.40050e+22	3.65e-24	4.80e-11	1.55e-08	3.14e-07	2.58e-06	1.71e-05	3.17e-03	8.12e-02	3.56e-01	2.99e-01	1.84e-01	6.68e-02	8.41e-03	1.29e-03	4.68e-04	1.02e-05	0.00e+00
 2.42082e+22	4.47e-24	6.23e-11	1.98e-08	3.95e-07	3.17e-06	2.06e-05	3.62e-03	8.89e-02	3.68e-01	2.95e-01	1.74e-01	6.14e-02	7.45e-03	1.12e-03	3.92e-04	8.12e-06	0.00e+00
 2.44120e+22	5.42e-24	8.03e-11	2.51e-08	4.95e-07	3.89e-06	2.47e-05	4.14e-03	9.72e-02	3.80e-01	2.90e-01	1.64e-01	5.62e-02	6.59e-03	9.67e-04	3.27e-04	6.46e-06	0.00e+00
 2.46167e+22	6.54e-24	1.03e-10	3.17e-08	6.18e-07	4.76e-06	2.96e-05	4.72e-03	1.06e-01	3.92e-01	2.84e-01	1.55e-01	5.13e-02	5.81e-03	8.33e-04	2.72e-04	5.12e-06	0.00e+00
 2.48232e+22	7.83e-24	1.31e-10	3.99e-08	7.70e-07	5.81e-06	3.55e-05	5.38e-03	1.16e-01	4.03e-01	2.78e-01	1.45e-01	4.67e-02	5.10e-03	7.15e-04	2.26e-04	4.04e-06	0.00e+00
 2.50319e+22	9.34e-24	1.65e-10	5.00e-08	9.58e-07	7.08e-06	4.26e-05	6.13e-03	1.26e-01	4.13e-01	2.71e-01	1.36e-01	4.23e-02	4.46e-03	6.11e-04	1.86e-04	3.18e-06	0.00e+00
 2.52417e+22	1.11e-23	2.06e-10	6.22e-08	1.18e-06	8.60e-06	5.09e-05	6.96e-03	1.36e-01	4.23e-01	2.64e-01	1.27e-01	3.83e-02	3.89e-03	5.21e-04	1.53e-04	2.50e-06	0.00e+00
 2.54548e+22	1.32e-23	2.57e-10	7.74e-08	1.47e-06	1.05e-05	6.10e-05	7.92e-03	1.48e-01	4.32e-01	2.56e-01	1.18e-01	3.44e-02	3.38e-03	4.41e-04	1.25e-04	1.94e-06	0.00e+00
 2.56701e+22	1.77e-23	3.18e-10	9.54e-08	1.80e-06	1.26e-05	7.27e-05	8.97e-03	1.60e-01	4.39e-01	2.48e-01	1.09e-01	3.09e-02	2.93e-03	3.73e-04	1.03e-04	1.51e-06	0.00e+00
 2.58897e+22	2.11e-23	3.93e-10	1.18e-07	2.22e-06	1.53e-05	8.70e-05	1.02e-02	1.73e-01	4.46e-01	2.39e-01	1.01e-01	2.76e-02	2.52e-03	3.13e-04	8.31e-05	1.16e-06	0.00e+00
 2.61130e+22	2.50e-23	4.80e-10	1.44e-07	2.72e-06	1.85e-05	1.04e-04	1.15e-02	1.86e-01	4.52e-01	2.30e-01	9.27e-02	2.46e-02	2.17e-03	2.62e-04	6.75e-05	9.00e-07	0.00e+00
 2.63177e+22	2.90e-23	5.65e-10	1.71e-07	3.21e-06	2.16e-05	1.20e-04	1.27e-02	1.98e-01	4.56e-01	2.23e-01	8.64e-02	2.22e-02	1.91e-03	2.26e-04	5.65e-05	7.23e-07	0.00e+00
 2.65315e+22	3.47e-23	6.89e-10	2.10e-07	3.96e-06	2.62e-05	1.44e-04	1.44e-02	2.13e-01	4.60e-01	2.13e-01	7.86e-02	1.96e-02	1.62e-03	1.86e-04	4.49e-05	5.45e-07	0.00e+00
 2.67487e+22	4.06e-23	8.06e-10	2.47e-07	4.66e-06	3.04e-05	1.65e-04	1.59e-02	2.25e-01	4.62e-01	2.05e-01	7.29e-02	1.76e-02	1.41e-03	1.59e-04	3.74e-05	4.35e-07	0.00e+00
 2.69723e+22	4.92e-23	9.80e-10	3.03e-07	5.73e-06	3.68e-05	1.98e-04	1.80e-02	2.41e-01	4.64e-01	1.94e-01	6.59e-02	1.54e-02	1.19e-03	1.30e-04	2.94e-05	3.24e-07	0.00e+00
 2.71962e+22	5.74e-23	1.13e-09	3.53e-07	6.70e-06	4.26e-05	2.28e-04	1.98e-02	2.54e-01	4.64e-01	1.86e-01	6.09e-02	1.38e-02	1.04e-03	1.11e-04	2.45e-05	2.58e-07	0.00e+00
 2.74206e+22	6.97e-23	1.36e-09	4.29e-07	8.17e-06	5.12e-05	2.71e-04	2.23e-02	2.71e-01	4.63e-01	1.76e-01	5.48e-02	1.20e-02	8.67e-04	8.99e-05	1.92e-05	1.92e-07	0.00e+00
 2.76459e+22	8.16e-23	1.56e-09	4.97e-07	9.49e-06	5.88e-05	3.09e-04	2.43e-02	2.83e-01	4.61e-01	1.68e-01	5.05e-02	1.07e-02	7.57e-04	7.67e-05	1.60e-05	1.53e-07	0.00e+00
 2.78723e+22	9.92e-23	1.85e-09	5.99e-07	1.15e-05	7.01e-05	3.67e-04	2.72e-02	3.00e-01	4.58e-01	1.59e-01	4.53e-02	9.29e-03	6.32e-04	6.22e-05	1.25e-05	0.00e+00	0.00e+00
 2.81011e+22	1.16e-22	2.12e-09	6.92e-07	1.33e-05	8.02e-05	4.17e-04	2.96e-02	3.13e-01	4.55e-01	1.51e-01	4.16e-02	8.30e-03	5.49e-04	5.28e-05	1.03e-05	0.00e+00	0.00e+00
 2.83330e+22	1.42e-22	2.50e-09	8.30e-07	1.60e-05	9.53e-05	4.92e-04	3.30e-02	3.31e-01	4.49e-01	1.41e-01	3.71e-02	7.14e-03	4.56e-04	4.25e-05	8.07e-06	0.00e+00	0.00e+00
 2.85680e+22	1.67e-22	2.85e-09	9.58e-07	1.85e-05	1.09e-04	5.59e-04	3.59e-02	3.44e-01	4.44e-01	1.34e-01	3.40e-02	6.35e-03	3.94e-04	3.59e-05	6.64e-06	0.00e+00	0.00e+00
 2.88070e+22	2.05e-22	3.35e-09	1.15e-06	2.23e-05	1.29e-04	6.58e-04	3.99e-02	3.61e-01	4.37e-01	1.25e-01	3.02e-02	5.44e-03	3.26e-04	2.87e-05	5.14e-06	0.00e+00	0.00e+00
 2.90504e+22	2.42e-22	3.83e-09	1.32e-06	2.58e-05	1.47e-04	7.47e-04	4.32e-02	3.75e-01	4.31e-01	1.18e-01	2.74e-02	4.81e-03	2.80e-04	2.41e-05	4.20e-06	0.00e+00	0.00e+00
 2.92996e+22	2.99e-22	4.50e-09	1.59e-06	3.10e-05	1.74e-04	8.80e-04	4.80e-02	3.92e-01	4.21e-01	1.10e-01	2.42e-02	4.08e-03	2.29e-04	1.91e-05	3.22e-06	0.00e+00	0.00e+00
 2.95544e+22	3.57e-22	5.16e-09	1.84e-06	3.59e-05	1.99e-04	9.99e-04	5.19e-02	4.05e-01	4.13e-01	1.03e-01	2.19e-02	3.59e-03	1.95e-04	1.59e-05	2.61e-06	0.00e+00	0.00e+00
 2.98167e+22	4.44e-22	6.08e-09	2.21e-06	4.32e-05	2.35e-04	1.18e-03	5.76e-02	4.22e-01	4.02e-01	9.46e-02	1.91e-02	3.02e-03	1.58e-04	1.24e-05	1.98e-06	0.00e+00	0.00e+00
 3.00838e+22	5.37e-22	7.02e-09	2.57e-06	5.01e-05	2.68e-04	1.33e-03	6.21e-02	4.35e-01	3.93e-01	8.86e-02	1.72e-02	2.64e-03	1.34e-04	1.03e-05	1.59e-06	0.00e+00	0.00e+00
 3.03099e+22	6.28e-22	7.89e-09	2.93e-06	5.72e-05	3.02e-04	1.50e-03	6.67e-02	4.47e-01	3.84e-01	8.32e-02	1.56e-02	2.33e-03	1.15e-04	8.64e-06	1.30e-06	0.00e+00	0.00e+00
 3.05568e+22	7.73e-22	9.21e-09	3.47e-06	6.77e-05	3.51e-04	1.73e-03	7.28e-02	4.61e-01	3.72e-01	7.66e-02	1.37e-02	1.98e-03	9.47e-05	6.88e-06	1.01e-06	0.00e+00	0.00e+00
 3.07954e+22	9.00e-22	1.03e-08	3.92e-06	7.62e-05	3.89e-04	1.91e-03	7.73e-02	4.70e-01	3.63e-01	7.23e-02	1.25e-02	1.76e-03	8.25e-05	5.86e-06	8.38e-07	0.00e+00	0.00e+00
 3.10232e+22	1.08e-21	1.18e-08	4.56e-06	8.86e-05	4.45e-04	2.18e-03	8.36e-02	4.83e-01	3.51e-01	6.68e-02	1.11e-02	1.51e-03	6.86e-05	4.74e-06	6.58e-07	0.00e+00	0.00e+00
 3.12534e+22	1.27e-21	1.34e-08	5.17e-06	9.97e-05	4.92e-04	2.40e-03	8.85e-02	4.91e-01	3.43e-01	6.29e-02	1.01e-02	1.35e-03	5.96e-05	4.04e-06	5.49e-07	0.00e+00	0.00e+00
 3.14867e+22	1.54e-21	1.54e-08	6.04e-06	1.16e-04	5.62e-04	2.73e-03	9.54e-02	5.02e-01	3.31e-01	5.79e-02	8.96e-03	1.15e-03	4.94e-05	3.25e-06	4.30e-07	0.00e+00	0.00e+00
 3.17235e+22	1.82e-21	1.74e-08	6.86e-06	1.31e-04	6.22e-04	3.00e-03	1.01e-01	5.10e-01	3.21e-01	5.44e-02	8.14e-03	1.02e-03	4.27e-05	2.76e-06	3.56e-07	0.00e+00	0.00e+00
 3.19647e+22	2.22e-21	2.02e-08	8.04e-06	1.53e-04	7.10e-04	3.42e-03	1.09e-01	5.20e-01	3.09e-01	4.98e-02	7.16e-03	8.71e-04	3.52e-05	2.21e-06	2.76e-07	0.00e+00	0.00e+00
 3.22095e+22	2.66e-21	2.31e-08	9.19e-06	1.72e-04	7.87e-04	3.76e-03	1.15e-01	5.27e-01	2.99e-01	4.66e-02	6.49e-03	7.70e-04	3.03e-05	1.86e-06	2.28e-07	0.00e+00	0.00e+00
 3.24588e+22	3.26e-21	2.69e-08	1.08e-05	2.01e-04	8.98e-04	4.27e-03	1.23e-01	5.36e-01	2.86e-01	4.25e-02	5.67e-03	6.51e-04	2.48e-05	1.48e-06	1.75e-07	0.00e+00	0.00e+00
 3.27122e+22	3.95e-21	3.11e-08	1.24e-05	2.28e-04	9.95e-04	4.69e-03	1.30e-01	5.42e-01	2.77e-01	3.97e-02	5.12e-03	5.73e-04	2.13e-05	1.24e-06	1.44e-07	0.00e+00	0.00e+00
 3.29707e+22	4.88e-21	3.64e-08	1.47e-05	2.67e-04	1.14e-03	5.35e-03	1.40e-01	5.49e-01	2.63e-01	3.59e-02	4.44e-03	4.80e-04	1.72e-05	9.77e-07	0.00e+00	0.00e+00	0.00e+00
 3.32343e+22	5.96e-21	4.23e-08	1.69e-05	3.04e-04	1.26e-03	5.88e-03	1.47e-01	5.54e-01	2.54e-01	3.33e-02	3.99e-03	4.20e-04	1.47e-05	8.14e-07	0.00e+00	0.00e+00	0.00e+00
 3.35045e+22	7.51e-21	5.04e-08	2.02e-05	3.58e-04	1.44e-03	6.69e-03	1.58e-01	5.59e-01	2.40e-01	3.01e-02	3.44e-03	3.50e-04	1.18e-05	6.35e-07	0.00e+00	0.00e+00	0.00e+00
 3.37826e+22	9.27e-21	5.89e-08	2.35e-05	4.09e-04	1.61e-03	7.39e-03	1.67e-01	5.63e-01	2.30e-01	2.77e-02	3.06e-03	3.03e-04	9.90e-06	5.22e-07	0.00e+00	0.00e+00	0.00e+00
 3.40712e+22	1.20e-20	7.18e-08	2.84e-05	4.86e-04	1.85e-03	8.42e-03	1.78e-01	5.67e-01	2.17e-01	2.48e-02	2.61e-03	2.49e-04	7.86e-06	4.02e-07	0.00e+00	0.00e+00	0.00e+00
 3.43627e+22	1.50e-20	8.46e-08	3.32e-05	5.57e-04	2.06e-03	9.29e-03	1.88e-01	5.68e-01	2.07e-01	2.27e-02	2.32e-03	2.15e-04	6.58e-06	3.29e-07	0.00e+00	0.00e+00	0.00e+00
 3.46581e+22	1.97e-20	1.04e-07	4.04e-05	6.62e-04	2.36e-03	1.06e-02	2.00e-01	5.70e-01	1.94e-01	2.02e-02	1.97e-03	1.76e-04	5.19e-06	2.52e-07	0.00e+00	0.00e+00	0.00e+00
 3.49571e+22	2.49e-20	1.24e-07	4.74e-05	7.60e-04	2.63e-03	1.16e-02	2.10e-01	5.70e-01	1.84e-01	1.85e-02	1.74e-03	1.51e-04	4.33e-06	2.05e-07	0.00e+00	0.00e+00	0.00e+00
 3.52608e+22	3.32e-20	1.53e-07	5.80e-05	9.06e-04	3.02e-03	1.32e-02	2.24e-01	5.69e-01	1.72e-01	1.64e-02	1.47e-03	1.23e-04	3.39e-06	1.56e-07	0.00e+00	0.00e+00	0.00e+00
 3.55692e+22	4.25e-20	1.84e-07	6.84e-05	1.04e-03	3.36e-03	1.45e-02	2.35e-01	5.67e-01	1.63e-01	1.49e-02	1.29e-03	1.05e-04	2.81e-06	1.26e-07	0.00e+00	0.00e+00	0.00e+00
 3.58416e+22	5.37e-20	2.20e-07	8.03e-05	1.20e-03	3.73e-03	1.60e-02	2.46e-01	5.65e-01	1.54e-01	1.35e-02	1.13e-03	8.93e-05	2.32e-06	0.00e+00	0.00e+00	0.00e+00	0.00e+00
 3.61537e+22	7.33e-20	2.78e-07	9.90e-05	1.43e-03	4.27e-03	1.80e-02	2.60e-01	5.60e-01	1.43e-01	1.19e-02	9.55e-04	7.25e-05	1.81e-06	0.00e+00	0.00e+00	0.00e+00	0.00e+00
 3.64714e+22	9.41e-20	3.35e-07	1.17e-04	1.65e-03	4.76e-03	1.99e-02	2.72e-01	5.56e-01	1.34e-01	1.07e-02	8.28e-04	6.11e-05	1.48e-06	0.00e+00	0.00e+00	0.00e+00	0.00e+00
 3.67286e+22	1.18e-19	3.95e-07	1.35e-04	1.86e-03	5.21e-03	2.15e-02	2.82e-01	5.51e-01	1.27e-01	9.82e-03	7.36e-04	5.29e-05	1.25e-06	0.00e+00	0.00e+00	0.00e+00	0.00e+00
 3.69949e+22	1.54e-19	4.82e-07	1.61e-04	2.15e-03	5.80e-03	2.36e-02	2.94e-01	5.45e-01	1.19e-01	8.85e-03	6.40e-04	4.46e-05	1.02e-06	0.00e+00	0.00e+00	0.00e+00	0.00e+00
 3.72750e+22	1.95e-19	5.75e-07	1.88e-04	2.44e-03	6.37e-03	2.56e-02	3.05e-01	5.39e-01	1.12e-01	8.04e-03	5.64e-04	3.82e-05	8.49e-07	0.00e+00	0.00e+00	0.00e+00	0.00e+00
 3.75323e+22	2.48e-19	6.85e-07	2.19e-04	2.77e-03	6.98e-03	2.77e-02	3.16e-01	5.33e-01	1.06e-01	7.31e-03	4.97e-04	3.28e-05	7.10e-07	0.00e+00	0.00e+00	0.00e+00	0.00e+00
 3.78261e+22	3.35e-19	8.57e-07	2.65e-04	3.24e-03	7.83e-03	3.06e-02	3.29e-01	5.24e-01	9.79e-02	6.48e-03	4.24e-04	2.71e-05	5.66e-07	0.00e+00	0.00e+00	0.00e+00	0.00e+00
 3.81273e+22	4.36e-19	1.04e-06	3.13e-04	3.71e-03	8.64e-03	3.33e-02	3.41e-01	5.15e-01	9.14e-02	5.82e-03	3.68e-04	2.28e-05	4.63e-07	0.00e+00	0.00e+00	0.00e+00	0.00e+00
 3.83933e+22	5.58e-19	1.25e-06	3.65e-04	4.21e-03	9.46e-03	3.60e-02	3.52e-01	5.07e-01	8.56e-02	5.27e-03	3.23e-04	1.95e-05	3.85e-07	0.00e+00	0.00e+00	0.00e+00	0.00e+00
 3.86938e+22	7.65e-19	1.57e-06	4.43e-04	4.93e-03	1.06e-02	3.96e-02	3.65e-01	4.96e-01	7.88e-02	4.65e-03	2.74e-04	1.60e-05	3.05e-07	0.00e+00	0.00e+00	0.00e+00	0.00e+00
 3.90056e+22	1.01e-18	1.92e-06	5.26e-04	5.66e-03	1.17e-02	4.31e-02	3.77e-01	4.85e-01	7.30e-02	4.14e-03	2.35e-04	1.33e-05	2.46e-07	0.00e+00	0.00e+00	0.00e+00	0.00e+00
 3.92852e+22	1.32e-18	2.33e-06	6.18e-04	6.43e-03	1.28e-02	4.64e-02	3.87e-01	4.75e-01	6.80e-02	3.72e-03	2.05e-04	1.13e-05	2.03e-07	0.00e+00	0.00e+00	0.00e+00	0.00e+00
 3.96017e+22	1.85e-18	2.98e-06	7.57e-04	7.56e-03	1.43e-02	5.09e-02	4.00e-01	4.61e-01	6.20e-02	3.25e-03	1.72e-04	9.13e-06	1.58e-07	0.00e+00	0.00e+00	0.00e+00	0.00e+00
 3.99285e+22	2.50e-18	3.69e-06	9.03e-04	8.70e-03	1.58e-02	5.53e-02	4.11e-01	4.48e-01	5.70e-02	2.87e-03	1.47e-04	7.56e-06	1.27e-07	0.00e+00	0.00e+00	0.00e+00	0.00e+00
 4.02202e+22	3.31e-18	4.51e-06	1.07e-03	9.92e-03	1.73e-02	5.95e-02	4.21e-01	4.36e-01	5.26e-02	2.56e-03	1.27e-04	6.33e-06	0.00e+00	0.00e+00	0.00e+00	0.00e+00	0.00e+00
 4.05509e+22	4.75e-18	5.84e-06	1.32e-03	1.17e-02	1.94e-02	6.53e-02	4.33e-01	4.19e-01	4.74e-02	2.20e-03	1.04e-04	5.03e-06	0.00e+00	0.00e+00	0.00e+00	0.00e+00	0.00e+00
 4.08916e+22	6.48e-18	7.26e-06	1.57e-03	1.35e-02	2.13e-02	7.05e-02	4.43e-01	4.05e-01	4.33e-02	1.93e-03	8.86e-05	4.14e-06	0.00e+00	0.00e+00	0.00e+00	0.00e+00	0.00e+00
 4.12454e+22	9.58e-18	9.55e-06	1.97e-03	1.60e-02	2.40e-02	7.74e-02	4.54e-01	3.87e-01	3.85e-02	1.64e-03	7.20e-05	3.23e-06	0.00e+00	0.00e+00	0.00e+00	0.00e+00	0.00e+00
 4.16056e+22	1.33e-17	1.20e-05	2.36e-03	1.85e-02	2.64e-02	8.34e-02	4.62e-01	3.71e-01	3.49e-02	1.43e-03	6.04e-05	2.63e-06	0.00e+00	0.00e+00	0.00e+00	0.00e+00	0.00e+00
 4.19253e+22	1.83e-17	1.49e-05	2.82e-03	2.11e-02	2.89e-02	8.95e-02	4.69e-01	3.56e-01	3.16e-02	1.25e-03	5.09e-05	2.14e-06	0.00e+00	0.00e+00	0.00e+00	0.00e+00	0.00e+00
 4.22919e+22	2.76e-17	1.98e-05	3.53e-03	2.51e-02	3.23e-02	9.77e-02	4.77e-01	3.36e-01	2.77e-02	1.05e-03	4.07e-05	1.65e-06	0.00e+00	0.00e+00	0.00e+00	0.00e+00	0.00e+00
 4.26631e+22	3.87e-17	2.49e-05	4.24e-03	2.88e-02	3.54e-02	1.05e-01	4.82e-01	3.19e-01	2.48e-02	9.03e-04	3.38e-05	1.32e-06	0.00e+00	0.00e+00	0.00e+00	0.00e+00	0.00e+00
 4.30404e+22	5.92e-17	3.31e-05	5.31e-03	3.42e-02	3.95e-02	1.14e-01	4.86e-01	2.98e-01	2.16e-02	7.51e-04	2.68e-05	1.01e-06	0.00e+00	0.00e+00	0.00e+00	0.00e+00	0.00e+00
 4.34217e+22	8.40e-17	4.17e-05	6.37e-03	3.92e-02	4.30e-02	1.21e-01	4.89e-01	2.82e-01	1.91e-02	6.43e-04	2.21e-05	8.04e-07	0.00e+00	0.00e+00	0.00e+00	0.00e+00	0.00e+00
 4.38082e+22	1.31e-16	5.58e-05	8.00e-03	4.64e-02	4.78e-02	1.31e-01	4.89e-01	2.60e-01	1.64e-02	5.27e-04	1.72e-05	6.02e-07	0.00e+00	0.00e+00	0.00e+00	0.00e+00	0.00e+00
 4.41982e+22	1.87e-16	7.01e-05	9.56e-03	5.29e-02	5.18e-02	1.39e-01	4.88e-01	2.44e-01	1.44e-02	4.48e-04	1.41e-05	4.76e-07	0.00e+00	0.00e+00	0.00e+00	0.00e+00	0.00e+00
 4.45928e+22	2.35e-16	9.37e-05	1.20e-02	6.23e-02	5.73e-02	1.49e-01	4.84e-01	2.23e-01	1.22e-02	3.63e-04	1.08e-05	3.51e-07	0.00e+00	0.00e+00	0.00e+00	0.00e+00	0.00e+00
 4.49919e+22	3.37e-16	1.18e-04	1.43e-02	7.07e-02	6.17e-02	1.57e-01	4.79e-01	2.07e-01	1.06e-02	3.06e-04	8.74e-06	2.75e-07	0.00e+00	0.00e+00	0.00e+00	0.00e+00	0.00e+00
 4.53969e+22	5.39e-16	1.57e-04	1.78e-02	8.29e-02	6.77e-02	1.67e-01	4.69e-01	1.86e-01	8.85e-03	2.44e-04	6.60e-06	2.00e-07	0.00e+00	0.00e+00	0.00e+00	0.00e+00	0.00e+00
 4.58068e+22	7.82e-16	1.97e-04	2.11e-02	9.35e-02	7.25e-02	1.74e-01	4.60e-01	1.71e-01	7.61e-03	2.03e-04	5.27e-06	1.54e-07	0.00e+00	0.00e+00	0.00e+00	0.00e+00	0.00e+00
 4.62229e+22	1.28e-15	2.63e-04	2.62e-02	1.09e-01	7.87e-02	1.83e-01	4.45e-01	1.51e-01	6.23e-03	1.60e-04	3.91e-06	0.00e+00	0.00e+00	0.00e+00	0.00e+00	0.00e+00	0.00e+00
 4.66307e+22	1.83e-15	3.24e-04	3.06e-02	1.21e-01	8.33e-02	1.89e-01	4.32e-01	1.38e-01	5.34e-03	1.33e-04	3.13e-06	0.00e+00	0.00e+00	0.00e+00	0.00e+00	0.00e+00	0.00e+00
 4.70276e+22	2.95e-15	4.22e-04	3.72e-02	1.38e-01	8.90e-02	1.96e-01	4.14e-01	1.21e-01	4.35e-03	1.04e-04	2.32e-06	0.00e+00	0.00e+00	0.00e+00	0.00e+00	0.00e+00	0.00e+00
 4.74111e+22	4.17e-15	5.07e-04	4.26e-02	1.51e-01	9.30e-02	2.00e-01	3.99e-01	1.10e-01	3.74e-03	8.76e-05	1.87e-06	0.00e+00	0.00e+00	0.00e+00	0.00e+00	0.00e+00	0.00e+00
 4.77772e+22	6.44e-15	6.35e-04	5.02e-02	1.68e-01	9.78e-02	2.04e-01	3.79e-01	9.71e-02	3.08e-03	7.01e-05	1.43e-06	0.00e+00	0.00e+00	0.00e+00	0.00e+00	0.00e+00	0.00e+00
 4.81480e+22	9.49e-15	7.64e-04	5.73e-02	1.82e-01	1.01e-01	2.07e-01	3.62e-01	8.69e-02	2.61e-03	5.78e-05	1.13e-06	0.00e+00	0.00e+00	0.00e+00	0.00e+00	0.00e+00	0.00e+00
 4.84738e+22	1.39e-14	9.08e-04	6.48e-02	1.97e-01	1.05e-01	2.08e-01	3.44e-01	7.79e-02	2.21e-03	4.79e-05	8.97e-07	0.00e+00	0.00e+00	0.00e+00	0.00e+00	0.00e+00	0.00e+00
 4.88459e+22	2.26e-14	1.13e-03	7.54e-02	2.16e-01	1.08e-01	2.09e-01	3.21e-01	6.72e-02	1.78e-03	3.75e-05	6.66e-07	0.00e+00	0.00e+00	0.00e+00	0.00e+00	0.00e+00	0.00e+00
 4.92261e+22	3.63e-14	1.34e-03	8.51e-02	2.32e-01	1.11e-01	2.09e-01	3.01e-01	5.91e-02	1.48e-03	3.04e-05	5.17e-07	0.00e+00	0.00e+00	0.00e+00	0.00e+00	0.00e+00	0.00e+00
 4.96165e+22	6.46e-14	1.66e-03	9.85e-02	2.52e-01	1.14e-01	2.07e-01	2.76e-01	4.99e-02	1.16e-03	2.33e-05	3.73e-07	0.00e+00	0.00e+00	0.00e+00	0.00e+00	0.00e+00	0.00e+00
 5.00099e+22	1.25e-13	1.96e-03	1.10e-01	2.68e-01	1.15e-01	2.04e-01	2.57e-01	4.34e-02	9.56e-04	1.87e-05	2.87e-07	0.00e+00	0.00e+00	0.00e+00	0.00e+00	0.00e+00	0.00e+00
 5.04073e+22	3.02e-13	2.42e-03	1.26e-01	2.88e-01	1.16e-01	1.99e-01	2.31e-01	3.58e-02	7.32e-04	1.40e-05	2.01e-07	0.00e+00	0.00e+00	0.00e+00	0.00e+00	0.00e+00	0.00e+00
 5.08050e+22	5.45e-13	2.82e-03	1.40e-01	3.02e-01	1.17e-01	1.94e-01	2.12e-01	3.08e-02	5.96e-04	1.11e-05	1.53e-07	0.00e+00	0.00e+00	0.00e+00	0.00e+00	0.00e+00	0.00e+00
 5.11246e+22	1.15e-12	3.21e-03	1.52e-01	3.14e-01	1.17e-01	1.90e-01	1.97e-01	2.69e-02	4.97e-04	9.12e-06	0.00e+00	0.00e+00	0.00e+00	0.00e+00	0.00e+00	0.00e+00	0.00e+00
 5.14613e+22	3.15e-12	3.75e-03	1.67e-01	3.28e-01	1.16e-01	1.83e-01	1.78e-01	2.27e-02	3.96e-04	7.11e-06	0.00e+00	0.00e+00	0.00e+00	0.00e+00	0.00e+00	0.00e+00	0.00e+00
 5.18027e+22	1.06e-11	4.25e-03	1.81e-01	3.39e-01	1.15e-01	1.77e-01	1.63e-01	1.96e-02	3.26e-04	5.76e-06	0.00e+00	0.00e+00	0.00e+00	0.00e+00	0.00e+00	0.00e+00	0.00e+00
 5.21031e+22	3.19e-11	4.78e-03	1.94e-01	3.49e-01	1.14e-01	1.71e-01	1.50e-01	1.70e-02	2.69e-04	4.69e-06	0.00e+00	0.00e+00	0.00e+00	0.00e+00	0.00e+00	0.00e+00	0.00e+00
 5.24462e+22	1.56e-10	5.53e-03	2.12e-01	3.59e-01	1.12e-01	1.63e-01	1.34e-01	1.41e-02	2.11e-04	3.60e-06	0.00e+00	0.00e+00	0.00e+00	0.00e+00	0.00e+00	0.00e+00	0.00e+00
 5.27935e+22	6.48e-10	6.22e-03	2.27e-01	3.67e-01	1.10e-01	1.56e-01	1.21e-01	1.20e-02	1.72e-04	2.88e-06	0.00e+00	0.00e+00	0.00e+00	0.00e+00	0.00e+00	0.00e+00	0.00e+00
 5.30979e+22	2.31e-09	6.95e-03	2.42e-01	3.74e-01	1.08e-01	1.49e-01	1.10e-01	1.03e-02	1.40e-04	2.31e-06	0.00e+00	0.00e+00	0.00e+00	0.00e+00	0.00e+00	0.00e+00	0.00e+00
 5.34452e+22	2.03e-08	7.97e-03	2.61e-01	3.81e-01	1.05e-01	1.40e-01	9.63e-02	8.35e-03	1.08e-04	1.74e-06	0.00e+00	0.00e+00	0.00e+00	0.00e+00	0.00e+00	0.00e+00	0.00e+00
 5.37954e+22	6.34e-08	8.86e-03	2.77e-01	3.85e-01	1.02e-01	1.33e-01	8.67e-02	7.08e-03	8.72e-05	1.39e-06	0.00e+00	0.00e+00	0.00e+00	0.00e+00	0.00e+00	0.00e+00	0.00e+00
 5.41491e+22	1.51e-07	1.01e-02	2.97e-01	3.89e-01	9.89e-02	1.23e-01	7.56e-02	5.72e-03	6.66e-05	1.04e-06	0.00e+00	0.00e+00	0.00e+00	0.00e+00	0.00e+00	0.00e+00	0.00e+00
 5.45085e+22	2.20e-07	1.12e-02	3.14e-01	3.92e-01	9.57e-02	1.16e-01	6.71e-02	4.76e-03	5.29e-05	8.12e-07	0.00e+00	0.00e+00	0.00e+00	0.00e+00	0.00e+00	0.00e+00	0.00e+00
 5.47575e+22	2.57e-07	1.19e-02	3.24e-01	3.92e-01	9.37e-02	1.12e-01	6.25e-02	4.27e-03	4.62e-05	7.02e-07	0.00e+00	0.00e+00	0.00e+00	0.00e+00	0.00e+00	0.00e+00	0.00e+00
 5.49637e+22	2.94e-07	1.28e-02	3.35e-01	3.93e-01	9.16e-02	1.07e-01	5.77e-02	3.77e-03	3.96e-05	5.95e-07	0.00e+00	0.00e+00	0.00e+00	0.00e+00	0.00e+00	0.00e+00	0.00e+00
 5.52316e+22	3.67e-07	1.40e-02	3.50e-01	3.92e-01	8.85e-02	1.00e-01	5.15e-02	3.18e-03	3.20e-05	4.74e-07	0.00e+00	0.00e+00	0.00e+00	0.00e+00	0.00e+00	0.00e+00	0.00e+00
 5.55800e+22	4.68e-07	1.57e-02	3.70e-01	3.91e-01	8.43e-02	9.20e-02	4.43e-02	2.53e-03	2.42e-05	3.50e-07	0.00e+00	0.00e+00	0.00e+00	0.00e+00	0.00e+00	0.00e+00	0.00e+00
 5.59409e+22	5.77e-07	1.72e-02	3.87e-01	3.88e-01	8.09e-02	8.54e-02	3.90e-02	2.09e-03	1.91e-05	2.71e-07	0.00e+00	0.00e+00	0.00e+00	0.00e+00	0.00e+00	0.00e+00	0.00e+00
 5.63181e+22	7.37e-07	1.94e-02	4.08e-01	3.84e-01	7.64e-02	7.74e-02	3.30e-02	1.62e-03	1.41e-05	1.95e-07	0.00e+00	0.00e+00	0.00e+00	0.00e+00	0.00e+00	0.00e+00	0.00e+00
 5.67023e+22	9.27e-07	2.13e-02	4.26e-01	3.79e-01	7.28e-02	7.11e-02	2.87e-02	1.32e-03	1.09e-05	1.49e-07	0.00e+00	0.00e+00	0.00e+00	0.00e+00	0.00e+00	0.00e+00	0.00e+00
 5.70954e+22	1.12e-06	2.39e-02	4.47e-01	3.72e-01	6.83e-02	6.38e-02	2.40e-02	1.01e-03	7.94e-06	0.00e+00	0.00e+00	0.00e+00	0.00e+00	0.00e+00	0.00e+00	0.00e+00	0.00e+00
 5.74965e+22	1.35e-06	2.63e-02	4.64e-01	3.65e-01	6.46e-02	5.81e-02	2.06e-02	8.07e-04	6.06e-06	0.00e+00	0.00e+00	0.00e+00	0.00e+00	0.00e+00	0.00e+00	0.00e+00	0.00e+00
 5.79077e+22	1.68e-06	2.95e-02	4.86e-01	3.56e-01	6.02e-02	5.15e-02	1.70e-02	6.09e-04	4.34e-06	0.00e+00	0.00e+00	0.00e+00	0.00e+00	0.00e+00	0.00e+00	0.00e+00	0.00e+00
 5.83265e+22	2.01e-06	3.23e-02	5.03e-01	3.47e-01	5.66e-02	4.64e-02	1.45e-02	4.80e-04	3.27e-06	0.00e+00	0.00e+00	0.00e+00	0.00e+00	0.00e+00	0.00e+00	0.00e+00	0.00e+00
 5.87551e+22	2.51e-06	3.62e-02	5.24e-01	3.35e-01	5.23e-02	4.07e-02	1.18e-02	3.56e-04	2.30e-06	0.00e+00	0.00e+00	0.00e+00	0.00e+00	0.00e+00	0.00e+00	0.00e+00	0.00e+00
 5.91276e+22	2.93e-06	3.87e-02	5.36e-01	3.27e-01	4.97e-02	3.75e-02	1.04e-02	2.97e-04	1.86e-06	0.00e+00	0.00e+00	0.00e+00	0.00e+00	0.00e+00	0.00e+00	0.00e+00	0.00e+00
 5.93874e+22	3.15e-06	4.10e-02	5.46e-01	3.21e-01	4.76e-02	3.49e-02	9.37e-03	2.53e-04	1.55e-06	0.00e+00	0.00e+00	0.00e+00	0.00e+00	0.00e+00	0.00e+00	0.00e+00	0.00e+00
 5.96854e+22	3.78e-06	4.41e-02	5.60e-01	3.11e-01	4.50e-02	3.16e-02	8.11e-03	2.05e-04	1.21e-06	0.00e+00	0.00e+00	0.00e+00	0.00e+00	0.00e+00	0.00e+00	0.00e+00	0.00e+00
 5.99955e+22	4.25e-06	4.69e-02	5.71e-01	3.03e-01	4.27e-02	2.91e-02	7.15e-03	1.71e-04	9.80e-07	0.00e+00	0.00e+00	0.00e+00	0.00e+00	0.00e+00	0.00e+00	0.00e+00	0.00e+00
 6.03215e+22	4.87e-06	5.09e-02	5.85e-01	2.92e-01	4.00e-02	2.60e-02	6.07e-03	1.35e-04	7.45e-07	0.00e+00	0.00e+00	0.00e+00	0.00e+00	0.00e+00	0.00e+00	0.00e+00	0.00e+00
 6.06461e+22	5.56e-06	5.40e-02	5.95e-01	2.84e-01	3.79e-02	2.38e-02	5.35e-03	1.12e-04	6.04e-07	0.00e+00	0.00e+00	0.00e+00	0.00e+00	0.00e+00	0.00e+00	0.00e+00	0.00e+00
 6.09692e+22	6.59e-06	5.81e-02	6.07e-01	2.73e-01	3.55e-02	2.13e-02	4.57e-03	8.92e-05	4.66e-07	0.00e+00	0.00e+00	0.00e+00	0.00e+00	0.00e+00	0.00e+00	0.00e+00	0.00e+00
 6.13026e+22	7.51e-06	6.20e-02	6.18e-01	2.63e-01	3.34e-02	1.93e-02	3.97e-03	7.28e-05	3.69e-07	0.00e+00	0.00e+00	0.00e+00	0.00e+00	0.00e+00	0.00e+00	0.00e+00	0.00e+00
 6.16009e+22	8.33e-06	6.58e-02	6.27e-01	2.54e-01	3.16e-02	1.76e-02	3.48e-03	6.01e-05	2.97e-07	0.00e+00	0.00e+00	0.00e+00	0.00e+00	0.00e+00	0.00e+00	0.00e+00	0.00e+00
 6.19402e+22	9.81e-06	7.08e-02	6.38e-01	2.43e-01	2.94e-02	1.56e-02	2.94e-03	4.71e-05	2.26e-07	0.00e+00	0.00e+00	0.00e+00	0.00e+00	0.00e+00	0.00e+00	0.00e+00	0.00e+00
 6.22895e+22	1.11e-05	7.54e-02	6.47e-01	2.33e-01	2.76e-02	1.40e-02	2.54e-03	3.82e-05	1.78e-07	0.00e+00	0.00e+00	0.00e+00	0.00e+00	0.00e+00	0.00e+00	0.00e+00	0.00e+00
 6.26518e+22	1.28e-05	8.14e-02	6.58e-01	2.21e-01	2.54e-02	1.23e-02	2.11e-03	2.93e-05	1.32e-07	0.00e+00	0.00e+00	0.00e+00	0.00e+00	0.00e+00	0.00e+00	0.00e+00	0.00e+00
 6.30158e+22	1.47e-05	8.66e-02	6.66e-01	2.11e-01	2.38e-02	1.10e-02	1.82e-03	2.36e-05	0.00e+00	0.00e+00	0.00e+00	0.00e+00	0.00e+00	0.00e+00	0.00e+00	0.00e+00	0.00e+00
 6.33819e+22	1.70e-05	9.31e-02	6.74e-01	1.99e-01	2.19e-02	9.60e-03	1.51e-03	1.82e-05	0.00e+00	0.00e+00	0.00e+00	0.00e+00	0.00e+00	0.00e+00	0.00e+00	0.00e+00	0.00e+00
 6.37607e+22	1.92e-05	9.93e-02	6.81e-01	1.89e-01	2.04e-02	8.50e-03	1.29e-03	1.44e-05	0.00e+00	0.00e+00	0.00e+00	0.00e+00	0.00e+00	0.00e+00	0.00e+00	0.00e+00	0.00e+00
 6.41559e+22	2.25e-05	1.07e-01	6.89e-01	1.77e-01	1.86e-02	7.29e-03	1.05e-03	1.08e-05	0.00e+00	0.00e+00	0.00e+00	0.00e+00	0.00e+00	0.00e+00	0.00e+00	0.00e+00	0.00e+00
 6.45548e+22	2.56e-05	1.14e-01	6.94e-01	1.67e-01	1.72e-02	6.44e-03	8.92e-04	8.55e-06	0.00e+00	0.00e+00	0.00e+00	0.00e+00	0.00e+00	0.00e+00	0.00e+00	0.00e+00	0.00e+00
 6.49583e+22	3.00e-05	1.23e-01	7.00e-01	1.55e-01	1.57e-02	5.49e-03	7.25e-04	6.37e-06	0.00e+00	0.00e+00	0.00e+00	0.00e+00	0.00e+00	0.00e+00	0.00e+00	0.00e+00	0.00e+00
 6.53678e+22	3.42e-05	1.31e-01	7.03e-01	1.46e-01	1.45e-02	4.83e-03	6.13e-04	5.02e-06	0.00e+00	0.00e+00	0.00e+00	0.00e+00	0.00e+00	0.00e+00	0.00e+00	0.00e+00	0.00e+00
 6.57849e+22	3.99e-05	1.41e-01	7.07e-01	1.35e-01	1.31e-02	4.08e-03	4.95e-04	3.71e-06	0.00e+00	0.00e+00	0.00e+00	0.00e+00	0.00e+00	0.00e+00	0.00e+00	0.00e+00	0.00e+00
 6.62087e+22	4.54e-05	1.49e-01	7.09e-01	1.26e-01	1.20e-02	3.56e-03	4.16e-04	2.90e-06	0.00e+00	0.00e+00	0.00e+00	0.00e+00	0.00e+00	0.00e+00	0.00e+00	0.00e+00	0.00e+00
 6.66412e+22	5.31e-05	1.61e-01	7.10e-01	1.15e-01	1.08e-02	2.99e-03	3.32e-04	2.12e-06	0.00e+00	0.00e+00	0.00e+00	0.00e+00	0.00e+00	0.00e+00	0.00e+00	0.00e+00	0.00e+00
 6.70810e+22	6.03e-05	1.70e-01	7.10e-01	1.07e-01	9.86e-03	2.59e-03	2.78e-04	1.65e-06	0.00e+00	0.00e+00	0.00e+00	0.00e+00	0.00e+00	0.00e+00	0.00e+00	0.00e+00	0.00e+00
 6.75306e+22	7.03e-05	1.83e-01	7.09e-01	9.71e-02	8.81e-03	2.16e-03	2.21e-04	1.20e-06	0.00e+00	0.00e+00	0.00e+00	0.00e+00	0.00e+00	0.00e+00	0.00e+00	0.00e+00	0.00e+00
 6.79944e+22	8.07e-05	1.95e-01	7.06e-01	8.90e-02	7.95e-03	1.84e-03	1.82e-04	9.11e-07	0.00e+00	0.00e+00	0.00e+00	0.00e+00	0.00e+00	0.00e+00	0.00e+00	0.00e+00	0.00e+00
 6.84769e+22	9.52e-05	2.10e-01	7.02e-01	7.93e-02	6.99e-03	1.50e-03	1.41e-04	6.42e-07	0.00e+00	0.00e+00	0.00e+00	0.00e+00	0.00e+00	0.00e+00	0.00e+00	0.00e+00	0.00e+00
 6.89636e+22	1.08e-04	2.22e-01	6.97e-01	7.26e-02	6.32e-03	1.29e-03	1.17e-04	4.93e-07	0.00e+00	0.00e+00	0.00e+00	0.00e+00	0.00e+00	0.00e+00	0.00e+00	0.00e+00	0.00e+00
 6.94558e+22	1.27e-04	2.39e-01	6.90e-01	6.41e-02	5.51e-03	1.04e-03	9.00e-05	3.45e-07	0.00e+00	0.00e+00	0.00e+00	0.00e+00	0.00e+00	0.00e+00	0.00e+00	0.00e+00	0.00e+00
 6.99615e+22	1.45e-04	2.53e-01	6.83e-01	5.80e-02	4.94e-03	8.81e-04	7.35e-05	2.61e-07	0.00e+00	0.00e+00	0.00e+00	0.00e+00	0.00e+00	0.00e+00	0.00e+00	0.00e+00	0.00e+00
 7.04848e+22	1.71e-04	2.73e-01	6.72e-01	5.03e-02	4.25e-03	7.01e-04	5.58e-05	1.79e-07	0.00e+00	0.00e+00	0.00e+00	0.00e+00	0.00e+00	0.00e+00	0.00e+00	0.00e+00	0.00e+00
 7.10243e+22	1.96e-04	2.89e-01	6.62e-01	4.48e-02	3.76e-03	5.84e-04	4.48e-05	1.32e-07	0.00e+00	0.00e+00	0.00e+00	0.00e+00	0.00e+00	0.00e+00	0.00e+00	0.00e+00	0.00e+00
 7.15848e+22	2.34e-04	3.12e-01	6.47e-01	3.80e-02	3.18e-03	4.56e-04	3.34e-05	0.00e+00	0.00e+00	0.00e+00	0.00e+00	0.00e+00	0.00e+00	0.00e+00	0.00e+00	0.00e+00	0.00e+00
 7.21684e+22	2.70e-04	3.31e-01	6.33e-01	3.31e-02	2.76e-03	3.72e-04	2.63e-05	0.00e+00	0.00e+00	0.00e+00	0.00e+00	0.00e+00	0.00e+00	0.00e+00	0.00e+00	0.00e+00	0.00e+00
 7.27792e+22	3.25e-04	3.57e-01	6.13e-01	2.73e-02	2.27e-03	2.82e-04	1.90e-05	0.00e+00	0.00e+00	0.00e+00	0.00e+00	0.00e+00	0.00e+00	0.00e+00	0.00e+00	0.00e+00	0.00e+00
 7.34021e+22	3.78e-04	3.79e-01	5.95e-01	2.33e-02	1.94e-03	2.26e-04	1.48e-05	0.00e+00	0.00e+00	0.00e+00	0.00e+00	0.00e+00	0.00e+00	0.00e+00	0.00e+00	0.00e+00	0.00e+00
 7.38870e+22	4.21e-04	3.95e-01	5.82e-01	2.06e-02	1.72e-03	1.91e-04	1.22e-05	0.00e+00	0.00e+00	0.00e+00	0.00e+00	0.00e+00	0.00e+00	0.00e+00	0.00e+00	0.00e+00	0.00e+00
 7.43610e+22	4.85e-04	4.18e-01	5.63e-01	1.74e-02	1.46e-03	1.53e-04	9.45e-06	0.00e+00	0.00e+00	0.00e+00	0.00e+00	0.00e+00	0.00e+00	0.00e+00	0.00e+00	0.00e+00	0.00e+00
 7.48449e+22	5.45e-04	4.37e-01	5.46e-01	1.51e-02	1.27e-03	1.27e-04	7.66e-06	0.00e+00	0.00e+00	0.00e+00	0.00e+00	0.00e+00	0.00e+00	0.00e+00	0.00e+00	0.00e+00	0.00e+00
 7.53415e+22	6.30e-04	4.62e-01	5.24e-01	1.24e-02	1.05e-03	9.87e-05	5.82e-06	0.00e+00	0.00e+00	0.00e+00	0.00e+00	0.00e+00	0.00e+00	0.00e+00	0.00e+00	0.00e+00	0.00e+00
 7.58543e+22	7.14e-04	4.84e-01	5.04e-01	1.04e-02	8.87e-04	7.92e-05	4.59e-06	0.00e+00	0.00e+00	0.00e+00	0.00e+00	0.00e+00	0.00e+00	0.00e+00	0.00e+00	0.00e+00	0.00e+00
 7.63882e+22	8.33e-04	5.12e-01	4.78e-01	8.28e-03	7.06e-04	5.92e-05	3.37e-06	0.00e+00	0.00e+00	0.00e+00	0.00e+00	0.00e+00	0.00e+00	0.00e+00	0.00e+00	0.00e+00	0.00e+00
 7.68790e+22	9.25e-04	5.32e-01	4.59e-01	6.99e-03	5.99e-04	4.80e-05	2.71e-06	0.00e+00	0.00e+00	0.00e+00	0.00e+00	0.00e+00	0.00e+00	0.00e+00	0.00e+00	0.00e+00	0.00e+00
 7.72426e+22	1.01e-03	5.51e-01	4.41e-01	5.97e-03	5.12e-04	3.95e-05	2.21e-06	0.00e+00	0.00e+00	0.00e+00	0.00e+00	0.00e+00	0.00e+00	0.00e+00	0.00e+00	0.00e+00	0.00e+00
 7.76440e+22	1.13e-03	5.75e-01	4.19e-01	4.85e-03	4.16e-04	3.06e-05	1.71e-06	0.00e+00	0.00e+00	0.00e+00	0.00e+00	0.00e+00	0.00e+00	0.00e+00	0.00e+00	0.00e+00	0.00e+00
 7.80741e+22	1.26e-03	5.98e-01	3.96e-01	3.91e-03	3.35e-04	2.36e-05	1.32e-06	0.00e+00	0.00e+00	0.00e+00	0.00e+00	0.00e+00	0.00e+00	0.00e+00	0.00e+00	0.00e+00	0.00e+00
 7.84684e+22	1.38e-03	6.21e-01	3.74e-01	3.15e-03	2.69e-04	1.81e-05	1.02e-06	0.00e+00	0.00e+00	0.00e+00	0.00e+00	0.00e+00	0.00e+00	0.00e+00	0.00e+00	0.00e+00	0.00e+00
 7.88420e+22	1.51e-03	6.43e-01	3.52e-01	2.52e-03	2.13e-04	1.38e-05	7.83e-07	0.00e+00	0.00e+00	0.00e+00	0.00e+00	0.00e+00	0.00e+00	0.00e+00	0.00e+00	0.00e+00	0.00e+00
 7.91939e+22	1.62e-03	6.65e-01	3.31e-01	2.00e-03	1.68e-04	1.04e-05	6.01e-07	0.00e+00	0.00e+00	0.00e+00	0.00e+00	0.00e+00	0.00e+00	0.00e+00	0.00e+00	0.00e+00	0.00e+00
 7.95175e+22	1.73e-03	6.86e-01	3.10e-01	1.59e-03	1.31e-04	7.89e-06	4.63e-07	0.00e+00	0.00e+00	0.00e+00	0.00e+00	0.00e+00	0.00e+00	0.00e+00	0.00e+00	0.00e+00	0.00e+00
 7.98125e+22	1.81e-03	7.06e-01	2.91e-01	1.27e-03	1.03e-04	5.98e-06	3.58e-07	0.00e+00	0.00e+00	0.00e+00	0.00e+00	0.00e+00	0.00e+00	0.00e+00	0.00e+00	0.00e+00	0.00e+00
 8.00810e+22	1.88e-03	7.25e-01	2.72e-01	1.01e-03	8.07e-05	4.55e-06	2.80e-07	0.00e+00	0.00e+00	0.00e+00	0.00e+00	0.00e+00	0.00e+00	0.00e+00	0.00e+00	0.00e+00	0.00e+00
 8.03256e+22	1.92e-03	7.42e-01	2.55e-01	8.17e-04	6.35e-05	3.50e-06	2.21e-07	0.00e+00	0.00e+00	0.00e+00	0.00e+00	0.00e+00	0.00e+00	0.00e+00	0.00e+00	0.00e+00	0.00e+00
 8.05484e+22	1.95e-03	7.58e-01	2.39e-01	6.64e-04	5.05e-05	2.71e-06	1.76e-07	0.00e+00	0.00e+00	0.00e+00	0.00e+00	0.00e+00	0.00e+00	0.00e+00	0.00e+00	0.00e+00	0.00e+00
 8.06874e+22	1.93e-03	7.66e-01	2.32e-01	5.92e-04	4.44e-05	2.36e-06	1.55e-07	0.00e+00	0.00e+00	0.00e+00	0.00e+00	0.00e+00	0.00e+00	0.00e+00	0.00e+00	0.00e+00	0.00e+00
