#depth	Ne	Ne+	Ne+2	Ne+3	Ne+4	Ne+5	Ne+6	Ne+7	Ne+8	Ne+9	Ne+10
 4.62852e+21	3.99e-26	1.21e-20	2.42e-16	7.10e-13	4.96e-10	8.23e-08	4.75e-06	1.71e-04	2.27e-02	2.54e-01	7.23e-01
 1.03598e+22	2.85e-23	4.34e-18	4.22e-14	6.12e-11	2.22e-08	1.89e-06	5.21e-05	8.95e-04	6.12e-02	3.68e-01	5.70e-01
 1.18859e+22	3.96e-22	4.61e-17	3.35e-13	3.66e-10	1.03e-07	6.82e-06	1.40e-04	1.76e-03	9.06e-02	4.15e-01	4.93e-01
 1.25210e+22	1.28e-21	1.33e-16	8.52e-13	8.20e-10	2.07e-07	1.23e-05	2.21e-04	2.40e-03	1.08e-01	4.34e-01	4.55e-01
 1.27856e+22	1.69e-21	1.71e-16	1.06e-12	9.92e-10	2.44e-07	1.41e-05	2.47e-04	2.58e-03	1.13e-01	4.39e-01	4.46e-01
 1.28901e+22	2.20e-21	2.16e-16	1.31e-12	1.19e-09	2.86e-07	1.61e-05	2.74e-04	2.77e-03	1.17e-01	4.43e-01	4.37e-01
 1.30086e+22	3.06e-21	2.91e-16	1.70e-12	1.49e-09	3.48e-07	1.90e-05	3.12e-04	3.03e-03	1.23e-01	4.48e-01	4.26e-01
 1.31297e+22	3.97e-21	3.69e-16	2.10e-12	1.79e-09	4.08e-07	2.18e-05	3.46e-04	3.25e-03	1.28e-01	4.52e-01	4.16e-01
 1.32543e+22	5.52e-21	4.97e-16	2.74e-12	2.25e-09	4.98e-07	2.58e-05	3.95e-04	3.56e-03	1.35e-01	4.57e-01	4.05e-01
 1.33814e+22	7.16e-21	6.29e-16	3.37e-12	2.70e-09	5.83e-07	2.94e-05	4.38e-04	3.82e-03	1.40e-01	4.60e-01	3.96e-01
 1.34910e+22	9.05e-21	7.77e-16	4.07e-12	3.18e-09	6.72e-07	3.32e-05	4.82e-04	4.07e-03	1.45e-01	4.63e-01	3.87e-01
 1.36124e+22	1.23e-20	1.03e-15	5.20e-12	3.94e-09	8.10e-07	3.89e-05	5.46e-04	4.43e-03	1.52e-01	4.67e-01	3.76e-01
 1.37342e+22	1.53e-20	1.25e-15	6.21e-12	4.59e-09	9.26e-07	4.35e-05	5.96e-04	4.70e-03	1.57e-01	4.69e-01	3.69e-01
 1.38564e+22	2.04e-20	1.63e-15	7.84e-12	5.63e-09	1.11e-06	5.06e-05	6.71e-04	5.09e-03	1.64e-01	4.73e-01	3.58e-01
 1.39819e+22	2.56e-20	2.00e-15	9.42e-12	6.60e-09	1.27e-06	5.69e-05	7.36e-04	5.42e-03	1.69e-01	4.75e-01	3.50e-01
 1.40932e+22	3.19e-20	2.44e-15	1.12e-11	7.71e-09	1.45e-06	6.38e-05	8.05e-04	5.75e-03	1.75e-01	4.77e-01	3.42e-01
 1.42194e+22	4.24e-20	3.16e-15	1.42e-11	9.42e-09	1.73e-06	7.40e-05	9.05e-04	6.23e-03	1.82e-01	4.79e-01	3.31e-01
 1.43450e+22	5.19e-20	3.80e-15	1.67e-11	1.09e-08	1.96e-06	8.22e-05	9.82e-04	6.58e-03	1.87e-01	4.81e-01	3.24e-01
 1.44699e+22	6.80e-20	4.86e-15	2.08e-11	1.31e-08	2.32e-06	9.47e-05	1.10e-03	7.09e-03	1.95e-01	4.83e-01	3.14e-01
 1.45973e+22	8.33e-20	5.84e-15	2.45e-11	1.52e-08	2.63e-06	1.05e-04	1.19e-03	7.50e-03	2.01e-01	4.84e-01	3.07e-01
 1.47278e+22	1.09e-19	7.47e-15	3.05e-11	1.84e-08	3.11e-06	1.21e-04	1.33e-03	8.08e-03	2.09e-01	4.85e-01	2.97e-01
 1.48607e+22	1.34e-19	9.01e-15	3.61e-11	2.13e-08	3.53e-06	1.35e-04	1.45e-03	8.55e-03	2.15e-01	4.86e-01	2.89e-01
 1.49969e+22	1.76e-19	1.15e-14	4.49e-11	2.58e-08	4.17e-06	1.56e-04	1.62e-03	9.21e-03	2.23e-01	4.86e-01	2.79e-01
 1.51356e+22	2.16e-19	1.39e-14	5.32e-11	2.98e-08	4.74e-06	1.73e-04	1.76e-03	9.75e-03	2.30e-01	4.87e-01	2.72e-01
 1.52776e+22	2.83e-19	1.78e-14	6.63e-11	3.62e-08	5.61e-06	2.00e-04	1.97e-03	1.05e-02	2.38e-01	4.87e-01	2.62e-01
 1.54164e+22	3.40e-19	2.10e-14	7.70e-11	4.12e-08	6.28e-06	2.20e-04	2.12e-03	1.10e-02	2.44e-01	4.87e-01	2.56e-01
 1.55510e+22	4.37e-19	2.65e-14	9.47e-11	4.94e-08	7.36e-06	2.51e-04	2.36e-03	1.18e-02	2.53e-01	4.86e-01	2.47e-01
 1.56876e+22	5.26e-19	3.14e-14	1.10e-10	5.63e-08	8.24e-06	2.76e-04	2.54e-03	1.24e-02	2.59e-01	4.85e-01	2.40e-01
 1.58270e+22	6.73e-19	3.93e-14	1.35e-10	6.71e-08	9.61e-06	3.14e-04	2.81e-03	1.33e-02	2.67e-01	4.84e-01	2.32e-01
 1.59707e+22	8.21e-19	4.71e-14	1.59e-10	7.74e-08	1.09e-05	3.49e-04	3.04e-03	1.40e-02	2.74e-01	4.83e-01	2.25e-01
 1.61200e+22	1.05e-18	5.91e-14	1.94e-10	9.24e-08	1.27e-05	3.97e-04	3.37e-03	1.50e-02	2.83e-01	4.82e-01	2.16e-01
 1.62741e+22	1.30e-18	7.16e-14	2.31e-10	1.07e-07	1.44e-05	4.43e-04	3.66e-03	1.58e-02	2.91e-01	4.80e-01	2.09e-01
 1.64346e+22	1.68e-18	9.07e-14	2.85e-10	1.29e-07	1.70e-05	5.06e-04	4.06e-03	1.70e-02	3.00e-01	4.77e-01	2.01e-01
 1.65994e+22	2.09e-18	1.11e-13	3.40e-10	1.51e-07	1.94e-05	5.66e-04	4.43e-03	1.79e-02	3.08e-01	4.75e-01	1.94e-01
 1.67698e+22	2.73e-18	1.41e-13	4.23e-10	1.82e-07	2.28e-05	6.48e-04	4.92e-03	1.92e-02	3.18e-01	4.72e-01	1.85e-01
 1.69457e+22	3.42e-18	1.73e-13	5.09e-10	2.14e-07	2.62e-05	7.28e-04	5.38e-03	2.04e-02	3.26e-01	4.69e-01	1.78e-01
 1.71289e+22	4.51e-18	2.23e-13	6.39e-10	2.60e-07	3.11e-05	8.39e-04	5.99e-03	2.19e-02	3.37e-01	4.65e-01	1.70e-01
 1.73174e+22	5.70e-18	2.76e-13	7.73e-10	3.07e-07	3.59e-05	9.45e-04	6.57e-03	2.32e-02	3.46e-01	4.61e-01	1.63e-01
 1.74872e+22	7.14e-18	3.39e-13	9.27e-10	3.60e-07	4.11e-05	1.06e-03	7.15e-03	2.45e-02	3.54e-01	4.57e-01	1.56e-01
 1.76822e+22	9.57e-18	4.43e-13	1.18e-09	4.44e-07	4.93e-05	1.23e-03	8.03e-03	2.64e-02	3.65e-01	4.51e-01	1.48e-01
 1.78784e+22	1.20e-17	5.43e-13	1.41e-09	5.19e-07	5.63e-05	1.37e-03	8.73e-03	2.78e-02	3.74e-01	4.47e-01	1.42e-01
 1.80761e+22	1.59e-17	7.06e-13	1.79e-09	6.37e-07	6.72e-05	1.59e-03	9.76e-03	2.99e-02	3.85e-01	4.40e-01	1.34e-01
 1.82780e+22	2.01e-17	8.73e-13	2.16e-09	7.52e-07	7.75e-05	1.79e-03	1.07e-02	3.16e-02	3.94e-01	4.35e-01	1.28e-01
 1.84854e+22	2.69e-17	1.14e-12	2.75e-09	9.25e-07	9.26e-05	2.07e-03	1.19e-02	3.40e-02	4.05e-01	4.27e-01	1.20e-01
 1.86971e+22	3.42e-17	1.42e-12	3.35e-09	1.10e-06	1.07e-04	2.34e-03	1.31e-02	3.60e-02	4.14e-01	4.21e-01	1.14e-01
 1.88856e+22	4.31e-17	1.76e-12	4.06e-09	1.30e-06	1.24e-04	2.64e-03	1.44e-02	3.81e-02	4.23e-01	4.14e-01	1.08e-01
 1.91020e+22	5.80e-17	2.31e-12	5.19e-09	1.61e-06	1.49e-04	3.08e-03	1.61e-02	4.11e-02	4.34e-01	4.05e-01	1.00e-01
 1.93055e+22	7.05e-17	2.76e-12	6.10e-09	1.85e-06	1.68e-04	3.40e-03	1.74e-02	4.30e-02	4.41e-01	3.99e-01	9.59e-02
 1.94921e+22	9.03e-17	3.48e-12	7.52e-09	2.22e-06	1.98e-04	3.89e-03	1.93e-02	4.58e-02	4.51e-01	3.90e-01	8.98e-02
 1.96812e+22	1.10e-16	4.16e-12	8.84e-09	2.56e-06	2.23e-04	4.30e-03	2.08e-02	4.80e-02	4.58e-01	3.83e-01	8.54e-02
 1.98734e+22	1.40e-16	5.23e-12	1.09e-08	3.07e-06	2.62e-04	4.92e-03	2.30e-02	5.11e-02	4.67e-01	3.74e-01	7.97e-02
 2.00696e+22	1.71e-16	6.29e-12	1.29e-08	3.56e-06	2.98e-04	5.47e-03	2.49e-02	5.37e-02	4.74e-01	3.66e-01	7.52e-02
 2.02707e+22	2.18e-16	7.93e-12	1.59e-08	4.29e-06	3.52e-04	6.29e-03	2.77e-02	5.74e-02	4.83e-01	3.55e-01	6.96e-02
 2.04731e+22	2.64e-16	9.47e-12	1.87e-08	4.95e-06	3.98e-04	6.99e-03	3.00e-02	6.02e-02	4.90e-01	3.47e-01	6.56e-02
 2.06772e+22	3.35e-16	1.19e-11	2.31e-08	5.95e-06	4.69e-04	8.02e-03	3.33e-02	6.42e-02	4.98e-01	3.36e-01	6.04e-02
 2.08851e+22	4.02e-16	1.41e-11	2.72e-08	6.88e-06	5.33e-04	8.94e-03	3.62e-02	6.75e-02	5.04e-01	3.26e-01	5.64e-02
 2.10981e+22	5.06e-16	1.76e-11	3.34e-08	8.28e-06	6.29e-04	1.03e-02	4.03e-02	7.20e-02	5.11e-01	3.14e-01	5.15e-02
 2.13154e+22	6.04e-16	2.09e-11	3.93e-08	9.57e-06	7.17e-04	1.15e-02	4.38e-02	7.58e-02	5.17e-01	3.04e-01	4.77e-02
 2.15382e+22	7.49e-16	2.59e-11	4.82e-08	1.15e-05	8.46e-04	1.33e-02	4.88e-02	8.09e-02	5.23e-01	2.90e-01	4.31e-02
 2.17634e+22	8.82e-16	3.04e-11	5.63e-08	1.32e-05	9.62e-04	1.48e-02	5.31e-02	8.50e-02	5.27e-01	2.80e-01	3.98e-02
 2.19538e+22	1.01e-15	3.51e-11	6.47e-08	1.50e-05	1.08e-03	1.64e-02	5.73e-02	8.90e-02	5.30e-01	2.70e-01	3.68e-02
 2.21609e+22	1.19e-15	4.16e-11	7.66e-08	1.76e-05	1.25e-03	1.85e-02	6.29e-02	9.42e-02	5.33e-01	2.57e-01	3.32e-02
 2.23685e+22	1.35e-15	4.73e-11	8.71e-08	1.98e-05	1.39e-03	2.04e-02	6.77e-02	9.84e-02	5.34e-01	2.47e-01	3.06e-02
 2.25715e+22	1.54e-15	5.47e-11	1.01e-07	2.28e-05	1.59e-03	2.29e-02	7.38e-02	1.04e-01	5.36e-01	2.35e-01	2.77e-02
 2.27785e+22	1.72e-15	6.15e-11	1.14e-07	2.56e-05	1.78e-03	2.52e-02	7.93e-02	1.08e-01	5.36e-01	2.25e-01	2.53e-02
 2.29815e+22	1.90e-15	6.95e-11	1.31e-07	2.90e-05	2.00e-03	2.80e-02	8.59e-02	1.13e-01	5.35e-01	2.13e-01	2.28e-02
 2.31888e+22	2.08e-15	7.74e-11	1.47e-07	3.26e-05	2.24e-03	3.09e-02	9.22e-02	1.18e-01	5.33e-01	2.02e-01	2.07e-02
 2.33930e+22	2.26e-15	8.59e-11	1.65e-07	3.65e-05	2.50e-03	3.40e-02	9.91e-02	1.23e-01	5.31e-01	1.92e-01	1.86e-02
 2.35989e+22	2.41e-15	9.43e-11	1.84e-07	4.08e-05	2.78e-03	3.73e-02	1.06e-01	1.29e-01	5.27e-01	1.81e-01	1.68e-02
 2.38021e+22	2.56e-15	1.03e-10	2.05e-07	4.53e-05	3.09e-03	4.09e-02	1.13e-01	1.34e-01	5.23e-01	1.71e-01	1.51e-02
 2.40050e+22	2.69e-15	1.12e-10	2.26e-07	5.03e-05	3.42e-03	4.46e-02	1.20e-01	1.39e-01	5.18e-01	1.62e-01	1.36e-02
 2.42082e+22	2.81e-15	1.20e-10	2.50e-07	5.57e-05	3.78e-03	4.86e-02	1.28e-01	1.43e-01	5.12e-01	1.52e-01	1.22e-02
 2.44120e+22	2.91e-15	1.30e-10	2.75e-07	6.15e-05	4.17e-03	5.28e-02	1.35e-01	1.48e-01	5.05e-01	1.43e-01	1.09e-02
 2.46167e+22	3.01e-15	1.39e-10	3.03e-07	6.80e-05	4.59e-03	5.74e-02	1.43e-01	1.53e-01	4.98e-01	1.34e-01	9.76e-03
 2.48232e+22	3.09e-15	1.49e-10	3.33e-07	7.52e-05	5.06e-03	6.22e-02	1.51e-01	1.58e-01	4.90e-01	1.26e-01	8.70e-03
 2.50319e+22	3.16e-15	1.59e-10	3.66e-07	8.32e-05	5.58e-03	6.73e-02	1.59e-01	1.62e-01	4.81e-01	1.17e-01	7.74e-03
 2.52417e+22	3.23e-15	1.70e-10	4.03e-07	9.21e-05	6.14e-03	7.27e-02	1.67e-01	1.67e-01	4.71e-01	1.09e-01	6.88e-03
 2.54548e+22	3.30e-15	1.82e-10	4.45e-07	1.02e-04	6.78e-03	7.86e-02	1.75e-01	1.71e-01	4.60e-01	1.02e-01	6.09e-03
 2.56701e+22	3.37e-15	1.95e-10	4.91e-07	1.14e-04	7.47e-03	8.47e-02	1.83e-01	1.75e-01	4.49e-01	9.46e-02	5.39e-03
 2.58897e+22	3.44e-15	2.10e-10	5.46e-07	1.27e-04	8.26e-03	9.15e-02	1.92e-01	1.79e-01	4.37e-01	8.74e-02	4.73e-03
 2.61130e+22	3.53e-15	2.26e-10	6.08e-07	1.42e-04	9.12e-03	9.85e-02	2.00e-01	1.82e-01	4.25e-01	8.08e-02	4.16e-03
 2.63177e+22	3.61e-15	2.42e-10	6.68e-07	1.56e-04	9.92e-03	1.05e-01	2.06e-01	1.85e-01	4.15e-01	7.55e-02	3.73e-03
 2.65315e+22	3.71e-15	2.63e-10	7.53e-07	1.76e-04	1.10e-02	1.13e-01	2.15e-01	1.88e-01	4.01e-01	6.91e-02	3.24e-03
 2.67487e+22	3.84e-15	2.84e-10	8.34e-07	1.95e-04	1.20e-02	1.20e-01	2.21e-01	1.90e-01	3.89e-01	6.43e-02	2.89e-03
 2.69723e+22	4.02e-15	3.15e-10	9.54e-07	2.23e-04	1.34e-02	1.30e-01	2.29e-01	1.93e-01	3.74e-01	5.85e-02	2.49e-03
 2.71962e+22	4.19e-15	3.43e-10	1.06e-06	2.47e-04	1.46e-02	1.37e-01	2.35e-01	1.94e-01	3.62e-01	5.43e-02	2.21e-03
 2.74206e+22	4.43e-15	3.83e-10	1.22e-06	2.84e-04	1.63e-02	1.48e-01	2.43e-01	1.96e-01	3.46e-01	4.91e-02	1.90e-03
 2.76459e+22	4.69e-15	4.21e-10	1.37e-06	3.16e-04	1.78e-02	1.56e-01	2.48e-01	1.96e-01	3.34e-01	4.55e-02	1.68e-03
 2.78723e+22	5.05e-15	4.77e-10	1.59e-06	3.63e-04	1.98e-02	1.67e-01	2.55e-01	1.97e-01	3.18e-01	4.10e-02	1.44e-03
 2.81011e+22	5.42e-15	5.31e-10	1.80e-06	4.05e-04	2.16e-02	1.76e-01	2.60e-01	1.97e-01	3.06e-01	3.78e-02	1.27e-03
 2.83330e+22	5.95e-15	6.10e-10	2.11e-06	4.69e-04	2.40e-02	1.89e-01	2.66e-01	1.96e-01	2.90e-01	3.39e-02	1.08e-03
 2.85680e+22	6.49e-15	6.87e-10	2.40e-06	5.26e-04	2.62e-02	1.99e-01	2.70e-01	1.95e-01	2.77e-01	3.11e-02	9.49e-04
 2.88070e+22	7.30e-15	8.04e-10	2.84e-06	6.10e-04	2.92e-02	2.12e-01	2.75e-01	1.93e-01	2.61e-01	2.77e-02	7.99e-04
 2.90504e+22	8.13e-15	9.18e-10	3.27e-06	6.88e-04	3.19e-02	2.23e-01	2.78e-01	1.91e-01	2.49e-01	2.52e-02	6.97e-04
 2.92996e+22	9.38e-15	1.09e-09	3.92e-06	8.04e-04	3.56e-02	2.38e-01	2.82e-01	1.89e-01	2.33e-01	2.22e-02	5.81e-04
 2.95544e+22	1.07e-14	1.27e-09	4.55e-06	9.10e-04	3.89e-02	2.49e-01	2.85e-01	1.86e-01	2.20e-01	2.01e-02	5.02e-04
 2.98167e+22	1.27e-14	1.55e-09	5.53e-06	1.07e-03	4.35e-02	2.65e-01	2.87e-01	1.82e-01	2.04e-01	1.75e-02	4.13e-04
 3.00838e+22	1.49e-14	1.83e-09	6.46e-06	1.21e-03	4.74e-02	2.78e-01	2.88e-01	1.78e-01	1.92e-01	1.58e-02	3.54e-04
 3.03099e+22	1.71e-14	2.12e-09	7.45e-06	1.36e-03	5.13e-02	2.89e-01	2.89e-01	1.74e-01	1.81e-01	1.42e-02	3.07e-04
 3.05568e+22	2.08e-14	2.59e-09	8.96e-06	1.58e-03	5.67e-02	3.04e-01	2.89e-01	1.69e-01	1.67e-01	1.25e-02	2.55e-04
 3.07954e+22	2.41e-14	2.98e-09	1.02e-05	1.75e-03	6.07e-02	3.14e-01	2.88e-01	1.65e-01	1.58e-01	1.13e-02	2.23e-04
 3.10232e+22	2.91e-14	3.61e-09	1.21e-05	2.01e-03	6.63e-02	3.28e-01	2.87e-01	1.60e-01	1.46e-01	9.99e-03	1.87e-04
 3.12534e+22	3.42e-14	4.19e-09	1.38e-05	2.22e-03	7.08e-02	3.38e-01	2.86e-01	1.56e-01	1.38e-01	9.06e-03	1.63e-04
 3.14867e+22	4.21e-14	5.10e-09	1.65e-05	2.54e-03	7.72e-02	3.52e-01	2.83e-01	1.50e-01	1.27e-01	7.93e-03	1.36e-04
 3.17235e+22	5.00e-14	5.97e-09	1.89e-05	2.81e-03	8.24e-02	3.62e-01	2.81e-01	1.45e-01	1.19e-01	7.15e-03	1.18e-04
 3.19647e+22	6.27e-14	7.35e-09	2.26e-05	3.22e-03	8.97e-02	3.75e-01	2.77e-01	1.39e-01	1.09e-01	6.21e-03	9.70e-05
 3.22095e+22	7.53e-14	8.65e-09	2.59e-05	3.56e-03	9.55e-02	3.85e-01	2.74e-01	1.34e-01	1.02e-01	5.57e-03	8.36e-05
 3.24588e+22	9.61e-14	1.08e-08	3.11e-05	4.08e-03	1.04e-01	3.98e-01	2.69e-01	1.28e-01	9.26e-02	4.80e-03	6.82e-05
 3.27122e+22	1.17e-13	1.27e-08	3.57e-05	4.52e-03	1.10e-01	4.07e-01	2.65e-01	1.22e-01	8.60e-02	4.28e-03	5.85e-05
 3.29707e+22	1.51e-13	1.60e-08	4.30e-05	5.18e-03	1.20e-01	4.19e-01	2.59e-01	1.16e-01	7.75e-02	3.65e-03	4.72e-05
 3.32343e+22	1.86e-13	1.90e-08	4.96e-05	5.74e-03	1.27e-01	4.28e-01	2.54e-01	1.10e-01	7.15e-02	3.23e-03	4.00e-05
 3.35045e+22	2.45e-13	2.41e-08	6.00e-05	6.58e-03	1.38e-01	4.39e-01	2.46e-01	1.04e-01	6.40e-02	2.73e-03	3.19e-05
 3.37826e+22	3.06e-13	2.90e-08	6.98e-05	7.32e-03	1.47e-01	4.47e-01	2.40e-01	9.81e-02	5.85e-02	2.38e-03	2.66e-05
 3.40712e+22	4.11e-13	3.72e-08	8.49e-05	8.40e-03	1.59e-01	4.56e-01	2.32e-01	9.12e-02	5.18e-02	1.99e-03	2.10e-05
 3.43627e+22	5.17e-13	4.49e-08	9.86e-05	9.33e-03	1.68e-01	4.63e-01	2.25e-01	8.59e-02	4.71e-02	1.72e-03	1.74e-05
 3.46581e+22	6.99e-13	5.77e-08	1.20e-04	1.07e-02	1.81e-01	4.70e-01	2.15e-01	7.93e-02	4.14e-02	1.43e-03	1.35e-05
 3.49571e+22	8.83e-13	6.98e-08	1.39e-04	1.18e-02	1.92e-01	4.75e-01	2.08e-01	7.44e-02	3.75e-02	1.23e-03	1.12e-05
 3.52608e+22	1.20e-12	9.00e-08	1.70e-04	1.35e-02	2.06e-01	4.80e-01	1.98e-01	6.82e-02	3.27e-02	1.01e-03	8.60e-06
 3.55692e+22	1.53e-12	1.09e-07	1.97e-04	1.50e-02	2.17e-01	4.83e-01	1.90e-01	6.36e-02	2.94e-02	8.65e-04	7.03e-06
 3.58416e+22	1.95e-12	1.33e-07	2.29e-04	1.66e-02	2.29e-01	4.86e-01	1.83e-01	5.92e-02	2.63e-02	7.38e-04	5.71e-06
 3.61537e+22	2.65e-12	1.70e-07	2.77e-04	1.88e-02	2.44e-01	4.87e-01	1.73e-01	5.38e-02	2.28e-02	6.02e-04	4.38e-06
 3.64714e+22	3.42e-12	2.09e-07	3.23e-04	2.08e-02	2.56e-01	4.88e-01	1.64e-01	4.97e-02	2.03e-02	5.08e-04	3.51e-06
 3.67286e+22	4.21e-12	2.47e-07	3.67e-04	2.26e-02	2.67e-01	4.87e-01	1.58e-01	4.64e-02	1.83e-02	4.40e-04	2.92e-06
 3.69949e+22	5.39e-12	3.01e-07	4.25e-04	2.49e-02	2.80e-01	4.86e-01	1.50e-01	4.28e-02	1.63e-02	3.71e-04	2.34e-06
 3.72750e+22	6.73e-12	3.60e-07	4.86e-04	2.72e-02	2.91e-01	4.84e-01	1.43e-01	3.97e-02	1.46e-02	3.18e-04	1.92e-06
 3.75323e+22	8.36e-12	4.27e-07	5.53e-04	2.95e-02	3.02e-01	4.81e-01	1.36e-01	3.69e-02	1.31e-02	2.73e-04	1.57e-06
 3.78261e+22	1.10e-11	5.30e-07	6.49e-04	3.27e-02	3.17e-01	4.77e-01	1.28e-01	3.35e-02	1.14e-02	2.25e-04	1.23e-06
 3.81273e+22	1.39e-11	6.40e-07	7.47e-04	3.58e-02	3.29e-01	4.72e-01	1.21e-01	3.08e-02	1.01e-02	1.89e-04	9.84e-07
 3.83933e+22	1.73e-11	7.61e-07	8.48e-04	3.88e-02	3.41e-01	4.67e-01	1.15e-01	2.84e-02	9.00e-03	1.61e-04	8.01e-07
 3.86938e+22	2.28e-11	9.43e-07	9.94e-04	4.28e-02	3.55e-01	4.61e-01	1.07e-01	2.56e-02	7.79e-03	1.32e-04	6.19e-07
 3.90056e+22	2.91e-11	1.15e-06	1.15e-03	4.67e-02	3.68e-01	4.54e-01	1.00e-01	2.33e-02	6.82e-03	1.10e-04	4.88e-07
 3.92852e+22	3.64e-11	1.36e-06	1.30e-03	5.06e-02	3.80e-01	4.47e-01	9.42e-02	2.14e-02	6.03e-03	9.25e-05	3.93e-07
 3.96017e+22	4.81e-11	1.70e-06	1.53e-03	5.58e-02	3.94e-01	4.37e-01	8.71e-02	1.92e-02	5.16e-03	7.46e-05	2.99e-07
 3.99285e+22	6.17e-11	2.06e-06	1.76e-03	6.07e-02	4.07e-01	4.28e-01	8.11e-02	1.73e-02	4.49e-03	6.14e-05	2.33e-07
 4.02202e+22	7.76e-11	2.47e-06	2.01e-03	6.56e-02	4.18e-01	4.19e-01	7.57e-02	1.58e-02	3.93e-03	5.12e-05	1.85e-07
 4.05509e+22	1.04e-10	3.10e-06	2.36e-03	7.24e-02	4.32e-01	4.07e-01	6.92e-02	1.39e-02	3.31e-03	4.05e-05	1.37e-07
 4.08916e+22	1.33e-10	3.75e-06	2.71e-03	7.85e-02	4.44e-01	3.96e-01	6.40e-02	1.25e-02	2.86e-03	3.31e-05	0.00e+00
 4.12454e+22	1.81e-10	4.76e-06	3.22e-03	8.67e-02	4.57e-01	3.81e-01	5.78e-02	1.10e-02	2.37e-03	2.57e-05	0.00e+00
 4.16056e+22	2.33e-10	5.79e-06	3.70e-03	9.40e-02	4.68e-01	3.69e-01	5.31e-02	9.79e-03	2.03e-03	2.07e-05	0.00e+00
 4.19253e+22	2.98e-10	7.00e-06	4.24e-03	1.01e-01	4.78e-01	3.57e-01	4.87e-02	8.76e-03	1.74e-03	1.68e-05	0.00e+00
 4.22919e+22	4.07e-10	8.90e-06	5.02e-03	1.12e-01	4.90e-01	3.41e-01	4.36e-02	7.59e-03	1.43e-03	1.28e-05	0.00e+00
 4.26631e+22	5.27e-10	1.09e-05	5.78e-03	1.21e-01	4.99e-01	3.27e-01	3.96e-02	6.72e-03	1.21e-03	1.02e-05	0.00e+00
 4.30404e+22	7.20e-10	1.38e-05	6.83e-03	1.32e-01	5.08e-01	3.11e-01	3.52e-02	5.78e-03	9.82e-04	7.74e-06	0.00e+00
 4.34217e+22	9.30e-10	1.68e-05	7.83e-03	1.42e-01	5.15e-01	2.97e-01	3.18e-02	5.10e-03	8.26e-04	6.13e-06	0.00e+00
 4.38082e+22	1.28e-09	2.14e-05	9.29e-03	1.56e-01	5.22e-01	2.79e-01	2.79e-02	4.34e-03	6.62e-04	4.55e-06	0.00e+00
 4.41982e+22	1.65e-09	2.60e-05	1.06e-02	1.67e-01	5.27e-01	2.66e-01	2.51e-02	3.81e-03	5.54e-04	3.58e-06	0.00e+00
 4.45928e+22	2.28e-09	3.32e-05	1.26e-02	1.82e-01	5.32e-01	2.48e-01	2.18e-02	3.22e-03	4.39e-04	2.63e-06	0.00e+00
 4.49919e+22	2.95e-09	4.02e-05	1.44e-02	1.95e-01	5.34e-01	2.34e-01	1.95e-02	2.81e-03	3.65e-04	2.05e-06	0.00e+00
 4.53969e+22	4.09e-09	5.15e-05	1.70e-02	2.12e-01	5.35e-01	2.17e-01	1.68e-02	2.35e-03	2.86e-04	1.48e-06	0.00e+00
 4.58068e+22	5.28e-09	6.24e-05	1.94e-02	2.26e-01	5.34e-01	2.03e-01	1.49e-02	2.04e-03	2.35e-04	1.14e-06	0.00e+00
 4.62229e+22	7.34e-09	7.98e-05	2.29e-02	2.44e-01	5.32e-01	1.86e-01	1.27e-02	1.69e-03	1.82e-04	8.14e-07	0.00e+00
 4.66307e+22	9.32e-09	9.55e-05	2.58e-02	2.58e-01	5.28e-01	1.74e-01	1.12e-02	1.47e-03	1.50e-04	6.32e-07	0.00e+00
 4.70276e+22	1.27e-08	1.20e-04	3.01e-02	2.77e-01	5.22e-01	1.59e-01	9.58e-03	1.22e-03	1.17e-04	4.53e-07	0.00e+00
 4.74111e+22	1.58e-08	1.41e-04	3.35e-02	2.90e-01	5.17e-01	1.49e-01	8.55e-03	1.07e-03	9.76e-05	3.57e-07	0.00e+00
 4.77772e+22	2.07e-08	1.72e-04	3.82e-02	3.07e-01	5.09e-01	1.37e-01	7.39e-03	9.05e-04	7.78e-05	2.65e-07	0.00e+00
 4.81480e+22	2.59e-08	2.04e-04	4.26e-02	3.21e-01	5.01e-01	1.27e-01	6.52e-03	7.85e-04	6.40e-05	2.06e-07	0.00e+00
 4.84738e+22	3.20e-08	2.38e-04	4.73e-02	3.35e-01	4.93e-01	1.18e-01	5.77e-03	6.83e-04	5.31e-05	1.61e-07	0.00e+00
 4.88459e+22	4.19e-08	2.91e-04	5.38e-02	3.52e-01	4.81e-01	1.07e-01	4.93e-03	5.71e-04	4.16e-05	0.00e+00	0.00e+00
 4.92261e+22	5.24e-08	3.42e-04	5.97e-02	3.66e-01	4.70e-01	9.88e-02	4.31e-03	4.90e-04	3.39e-05	0.00e+00	0.00e+00
 4.96165e+22	6.91e-08	4.19e-04	6.80e-02	3.84e-01	4.55e-01	8.87e-02	3.64e-03	4.04e-04	2.62e-05	0.00e+00	0.00e+00
 5.00099e+22	8.60e-08	4.91e-04	7.53e-02	3.97e-01	4.42e-01	8.12e-02	3.17e-03	3.46e-04	2.12e-05	0.00e+00	0.00e+00
 5.04073e+22	1.14e-07	6.03e-04	8.57e-02	4.15e-01	4.24e-01	7.19e-02	2.63e-03	2.81e-04	1.60e-05	0.00e+00	0.00e+00
 5.08050e+22	1.41e-07	7.03e-04	9.43e-02	4.27e-01	4.10e-01	6.55e-02	2.28e-03	2.39e-04	1.30e-05	0.00e+00	0.00e+00
 5.11246e+22	1.70e-07	8.01e-04	1.02e-01	4.37e-01	3.97e-01	6.02e-02	2.02e-03	2.08e-04	1.07e-05	0.00e+00	0.00e+00
 5.14613e+22	2.11e-07	9.38e-04	1.13e-01	4.49e-01	3.81e-01	5.42e-02	1.73e-03	1.74e-04	8.53e-06	0.00e+00	0.00e+00
 5.18027e+22	2.54e-07	1.07e-03	1.22e-01	4.58e-01	3.68e-01	4.96e-02	1.52e-03	1.50e-04	7.01e-06	0.00e+00	0.00e+00
 5.21031e+22	3.03e-07	1.21e-03	1.32e-01	4.66e-01	3.54e-01	4.53e-02	1.33e-03	1.30e-04	5.79e-06	0.00e+00	0.00e+00
 5.24462e+22	3.76e-07	1.41e-03	1.45e-01	4.75e-01	3.37e-01	4.04e-02	1.13e-03	1.08e-04	4.54e-06	0.00e+00	0.00e+00
 5.27935e+22	4.51e-07	1.61e-03	1.56e-01	4.82e-01	3.22e-01	3.66e-02	9.85e-04	9.23e-05	3.70e-06	0.00e+00	0.00e+00
 5.30979e+22	5.35e-07	1.81e-03	1.68e-01	4.88e-01	3.08e-01	3.32e-02	8.60e-04	7.91e-05	3.03e-06	0.00e+00	0.00e+00
 5.34452e+22	6.66e-07	2.11e-03	1.84e-01	4.94e-01	2.90e-01	2.93e-02	7.21e-04	6.47e-05	2.33e-06	0.00e+00	0.00e+00
 5.37954e+22	7.88e-07	2.38e-03	1.97e-01	4.98e-01	2.76e-01	2.64e-02	6.28e-04	5.52e-05	1.90e-06	0.00e+00	0.00e+00
 5.41491e+22	9.74e-07	2.76e-03	2.14e-01	5.01e-01	2.59e-01	2.31e-02	5.25e-04	4.49e-05	1.46e-06	0.00e+00	0.00e+00
 5.45085e+22	1.16e-06	3.11e-03	2.29e-01	5.03e-01	2.44e-01	2.06e-02	4.50e-04	3.77e-05	1.16e-06	0.00e+00	0.00e+00
 5.47575e+22	1.29e-06	3.34e-03	2.38e-01	5.03e-01	2.35e-01	1.92e-02	4.10e-04	3.39e-05	1.02e-06	0.00e+00	0.00e+00
 5.49637e+22	1.44e-06	3.62e-03	2.49e-01	5.03e-01	2.26e-01	1.78e-02	3.70e-04	3.01e-05	8.76e-07	0.00e+00	0.00e+00
 5.52316e+22	1.69e-06	4.02e-03	2.64e-01	5.02e-01	2.13e-01	1.59e-02	3.21e-04	2.56e-05	7.12e-07	0.00e+00	0.00e+00
 5.55800e+22	2.06e-06	4.61e-03	2.85e-01	5.00e-01	1.97e-01	1.38e-02	2.66e-04	2.05e-05	5.40e-07	0.00e+00	0.00e+00
 5.59409e+22	2.43e-06	5.16e-03	3.02e-01	4.97e-01	1.84e-01	1.21e-02	2.26e-04	1.70e-05	4.27e-07	0.00e+00	0.00e+00
 5.63181e+22	3.00e-06	5.94e-03	3.25e-01	4.91e-01	1.67e-01	1.03e-02	1.84e-04	1.34e-05	3.15e-07	0.00e+00	0.00e+00
 5.67023e+22	3.55e-06	6.65e-03	3.45e-01	4.84e-01	1.55e-01	8.99e-03	1.55e-04	1.09e-05	2.45e-07	0.00e+00	0.00e+00
 5.70954e+22	4.37e-06	7.64e-03	3.70e-01	4.75e-01	1.39e-01	7.53e-03	1.24e-04	8.41e-06	1.78e-07	0.00e+00	0.00e+00
 5.74965e+22	5.20e-06	8.57e-03	3.92e-01	4.66e-01	1.27e-01	6.46e-03	1.03e-04	6.73e-06	1.35e-07	0.00e+00	0.00e+00
 5.79077e+22	6.41e-06	9.84e-03	4.19e-01	4.53e-01	1.13e-01	5.33e-03	8.11e-05	5.09e-06	0.00e+00	0.00e+00	0.00e+00
 5.83265e+22	7.62e-06	1.10e-02	4.41e-01	4.41e-01	1.02e-01	4.51e-03	6.63e-05	4.01e-06	0.00e+00	0.00e+00	0.00e+00
 5.87551e+22	9.41e-06	1.26e-02	4.70e-01	4.24e-01	8.98e-02	3.66e-03	5.15e-05	2.96e-06	0.00e+00	0.00e+00	0.00e+00
 5.91276e+22	1.07e-05	1.37e-02	4.87e-01	4.14e-01	8.27e-02	3.21e-03	4.40e-05	2.46e-06	0.00e+00	0.00e+00	0.00e+00
 5.93874e+22	1.19e-05	1.47e-02	5.01e-01	4.04e-01	7.69e-02	2.86e-03	3.85e-05	2.09e-06	0.00e+00	0.00e+00	0.00e+00
 5.96854e+22	1.37e-05	1.60e-02	5.21e-01	3.91e-01	6.98e-02	2.46e-03	3.21e-05	1.68e-06	0.00e+00	0.00e+00	0.00e+00
 5.99955e+22	1.54e-05	1.73e-02	5.37e-01	3.79e-01	6.39e-02	2.15e-03	2.74e-05	1.39e-06	0.00e+00	0.00e+00	0.00e+00
 6.03215e+22	1.80e-05	1.90e-02	5.58e-01	3.64e-01	5.70e-02	1.80e-03	2.23e-05	1.08e-06	0.00e+00	0.00e+00	0.00e+00
 6.06461e+22	2.02e-05	2.04e-02	5.74e-01	3.52e-01	5.20e-02	1.57e-03	1.90e-05	8.93e-07	0.00e+00	0.00e+00	0.00e+00
 6.09692e+22	2.33e-05	2.23e-02	5.93e-01	3.37e-01	4.64e-02	1.32e-03	1.56e-05	7.01e-07	0.00e+00	0.00e+00	0.00e+00
 6.13026e+22	2.64e-05	2.40e-02	6.10e-01	3.23e-01	4.18e-02	1.13e-03	1.30e-05	5.63e-07	0.00e+00	0.00e+00	0.00e+00
 6.16009e+22	2.97e-05	2.58e-02	6.25e-01	3.10e-01	3.78e-02	9.77e-04	1.09e-05	4.57e-07	0.00e+00	0.00e+00	0.00e+00
 6.19402e+22	3.43e-05	2.81e-02	6.44e-01	2.94e-01	3.32e-02	8.09e-04	8.82e-06	3.51e-07	0.00e+00	0.00e+00	0.00e+00
 6.22895e+22	3.88e-05	3.03e-02	6.59e-01	2.80e-01	2.96e-02	6.86e-04	7.29e-06	2.78e-07	0.00e+00	0.00e+00	0.00e+00
 6.26518e+22	4.52e-05	3.31e-02	6.78e-01	2.63e-01	2.56e-02	5.55e-04	5.72e-06	2.07e-07	0.00e+00	0.00e+00	0.00e+00
 6.30158e+22	5.12e-05	3.56e-02	6.92e-01	2.49e-01	2.26e-02	4.67e-04	4.70e-06	1.63e-07	0.00e+00	0.00e+00	0.00e+00
 6.33819e+22	5.92e-05	3.87e-02	7.08e-01	2.33e-01	1.95e-02	3.78e-04	3.69e-06	0.00e+00	0.00e+00	0.00e+00	0.00e+00
 6.37607e+22	6.74e-05	4.17e-02	7.22e-01	2.19e-01	1.70e-02	3.12e-04	2.97e-06	0.00e+00	0.00e+00	0.00e+00	0.00e+00
 6.41559e+22	7.89e-05	4.56e-02	7.37e-01	2.02e-01	1.43e-02	2.46e-04	2.26e-06	0.00e+00	0.00e+00	0.00e+00	0.00e+00
 6.45548e+22	8.95e-05	4.90e-02	7.49e-01	1.89e-01	1.24e-02	2.02e-04	1.81e-06	0.00e+00	0.00e+00	0.00e+00	0.00e+00
 6.49583e+22	1.05e-04	5.35e-02	7.63e-01	1.73e-01	1.04e-02	1.58e-04	1.36e-06	0.00e+00	0.00e+00	0.00e+00	0.00e+00
 6.53678e+22	1.19e-04	5.73e-02	7.72e-01	1.61e-01	8.92e-03	1.29e-04	1.08e-06	0.00e+00	0.00e+00	0.00e+00	0.00e+00
 6.57849e+22	1.39e-04	6.25e-02	7.83e-01	1.46e-01	7.34e-03	9.93e-05	8.05e-07	0.00e+00	0.00e+00	0.00e+00	0.00e+00
 6.62087e+22	1.58e-04	6.71e-02	7.91e-01	1.35e-01	6.25e-03	8.01e-05	6.29e-07	0.00e+00	0.00e+00	0.00e+00	0.00e+00
 6.66412e+22	1.85e-04	7.31e-02	8.00e-01	1.22e-01	5.08e-03	6.10e-05	4.61e-07	0.00e+00	0.00e+00	0.00e+00	0.00e+00
 6.70810e+22	2.11e-04	7.83e-02	8.06e-01	1.11e-01	4.29e-03	4.88e-05	3.56e-07	0.00e+00	0.00e+00	0.00e+00	0.00e+00
 6.75306e+22	2.47e-04	8.51e-02	8.12e-01	9.95e-02	3.45e-03	3.68e-05	2.58e-07	0.00e+00	0.00e+00	0.00e+00	0.00e+00
 6.79944e+22	2.85e-04	9.18e-02	8.15e-01	8.99e-02	2.84e-03	2.87e-05	1.93e-07	0.00e+00	0.00e+00	0.00e+00	0.00e+00
 6.84769e+22	3.40e-04	1.00e-01	8.18e-01	7.87e-02	2.22e-03	2.09e-05	1.34e-07	0.00e+00	0.00e+00	0.00e+00	0.00e+00
 6.89636e+22	3.89e-04	1.08e-01	8.19e-01	7.09e-02	1.83e-03	1.64e-05	0.00e+00	0.00e+00	0.00e+00	0.00e+00	0.00e+00
 6.94558e+22	4.65e-04	1.18e-01	8.19e-01	6.15e-02	1.41e-03	1.18e-05	0.00e+00	0.00e+00	0.00e+00	0.00e+00	0.00e+00
 6.99615e+22	5.36e-04	1.27e-01	8.17e-01	5.47e-02	1.14e-03	9.10e-06	0.00e+00	0.00e+00	0.00e+00	0.00e+00	0.00e+00
 7.04848e+22	6.48e-04	1.39e-01	8.13e-01	4.65e-02	8.60e-04	6.39e-06	0.00e+00	0.00e+00	0.00e+00	0.00e+00	0.00e+00
 7.10243e+22	7.56e-04	1.50e-01	8.08e-01	4.07e-02	6.83e-04	4.80e-06	0.00e+00	0.00e+00	0.00e+00	0.00e+00	0.00e+00
 7.15848e+22	9.25e-04	1.65e-01	7.99e-01	3.39e-02	5.00e-04	3.27e-06	0.00e+00	0.00e+00	0.00e+00	0.00e+00	0.00e+00
 7.21684e+22	1.10e-03	1.79e-01	7.90e-01	2.89e-02	3.85e-04	2.37e-06	0.00e+00	0.00e+00	0.00e+00	0.00e+00	0.00e+00
 7.27792e+22	1.37e-03	1.99e-01	7.76e-01	2.34e-02	2.71e-04	1.54e-06	0.00e+00	0.00e+00	0.00e+00	0.00e+00	0.00e+00
 7.34021e+22	1.64e-03	2.16e-01	7.63e-01	1.95e-02	2.04e-04	1.08e-06	0.00e+00	0.00e+00	0.00e+00	0.00e+00	0.00e+00
 7.38870e+22	1.89e-03	2.30e-01	7.51e-01	1.69e-02	1.65e-04	8.31e-07	0.00e+00	0.00e+00	0.00e+00	0.00e+00	0.00e+00
 7.43610e+22	2.25e-03	2.48e-01	7.36e-01	1.40e-02	1.24e-04	5.82e-07	0.00e+00	0.00e+00	0.00e+00	0.00e+00	0.00e+00
 7.48449e+22	2.61e-03	2.65e-01	7.21e-01	1.19e-02	9.79e-05	4.30e-07	0.00e+00	0.00e+00	0.00e+00	0.00e+00	0.00e+00
 7.53415e+22	3.14e-03	2.86e-01	7.01e-01	9.59e-03	7.19e-05	2.89e-07	0.00e+00	0.00e+00	0.00e+00	0.00e+00	0.00e+00
 7.58543e+22	3.71e-03	3.06e-01	6.83e-01	7.86e-03	5.49e-05	2.03e-07	0.00e+00	0.00e+00	0.00e+00	0.00e+00	0.00e+00
 7.63882e+22	4.56e-03	3.31e-01	6.58e-01	6.04e-03	3.87e-05	1.27e-07	0.00e+00	0.00e+00	0.00e+00	0.00e+00	0.00e+00
 7.68790e+22	5.27e-03	3.50e-01	6.40e-01	4.96e-03	3.02e-05	0.00e+00	0.00e+00	0.00e+00	0.00e+00	0.00e+00	0.00e+00
 7.72426e+22	5.99e-03	3.66e-01	6.23e-01	4.13e-03	2.42e-05	0.00e+00	0.00e+00	0.00e+00	0.00e+00	0.00e+00	0.00e+00
 7.76440e+22	7.00e-03	3.87e-01	6.03e-01	3.25e-03	1.82e-05	0.00e+00	0.00e+00	0.00e+00	0.00e+00	0.00e+00	0.00e+00
 7.80741e+22	8.17e-03	4.07e-01	5.82e-01	2.54e-03	1.36e-05	0.00e+00	0.00e+00	0.00e+00	0.00e+00	0.00e+00	0.00e+00
 7.84684e+22	9.41e-03	4.25e-01	5.64e-01	1.97e-03	1.03e-05	0.00e+00	0.00e+00	0.00e+00	0.00e+00	0.00e+00	0.00e+00
 7.88420e+22	1.08e-02	4.42e-01	5.46e-01	1.52e-03	7.81e-06	0.00e+00	0.00e+00	0.00e+00	0.00e+00	0.00e+00	0.00e+00
 7.91939e+22	1.23e-02	4.57e-01	5.29e-01	1.16e-03	5.92e-06	0.00e+00	0.00e+00	0.00e+00	0.00e+00	0.00e+00	0.00e+00
 7.95175e+22	1.38e-02	4.70e-01	5.15e-01	8.92e-04	4.52e-06	0.00e+00	0.00e+00	0.00e+00	0.00e+00	0.00e+00	0.00e+00
 7.98125e+22	1.54e-02	4.81e-01	5.03e-01	6.86e-04	3.49e-06	0.00e+00	0.00e+00	0.00e+00	0.00e+00	0.00e+00	0.00e+00
 8.00810e+22	1.70e-02	4.90e-01	4.93e-01	5.32e-04	2.73e-06	0.00e+00	0.00e+00	0.00e+00	0.00e+00	0.00e+00	0.00e+00
 8.03256e+22	1.86e-02	4.96e-01	4.85e-01	4.16e-04	2.16e-06	0.00e+00	0.00e+00	0.00e+00	0.00e+00	0.00e+00	0.00e+00
 8.05484e+22	2.02e-02	5.01e-01	4.79e-01	3.30e-04	1.73e-06	0.00e+00	0.00e+00	0.00e+00	0.00e+00	0.00e+00	0.00e+00
 8.06874e+22	2.09e-02	5.00e-01	4.79e-01	2.91e-04	1.54e-06	0.00e+00	0.00e+00	0.00e+00	0.00e+00	0.00e+00	0.00e+00
 8.07376e+22	2.12e-02	5.00e-01	4.78e-01	2.78e-04	1.48e-06	0.00e+00	0.00e+00	0.00e+00	0.00e+00	0.00e+00	0.00e+00
 8.07772e+22	2.15e-02	5.01e-01	4.77e-01	2.66e-04	1.42e-06	0.00e+00	0.00e+00	0.00e+00	0.00e+00	0.00e+00	0.00e+00
 8.08283e+22	2.20e-02	5.01e-01	4.76e-01	2.51e-04	1.34e-06	0.00e+00	0.00e+00	0.00e+00	0.00e+00	0.00e+00	0.00e+00
 8.08898e+22	2.26e-02	5.02e-01	4.75e-01	2.35e-04	1.26e-06	0.00e+00	0.00e+00	0.00e+00	0.00e+00	0.00e+00	0.00e+00
 8.09519e+22	2.31e-02	5.03e-01	4.74e-01	2.19e-04	1.19e-06	0.00e+00	0.00e+00	0.00e+00	0.00e+00	0.00e+00	0.00e+00
 8.10092e+22	2.35e-02	5.03e-01	4.74e-01	2.07e-04	1.13e-06	0.00e+00	0.00e+00	0.00e+00	0.00e+00	0.00e+00	0.00e+00
 8.10672e+22	2.41e-02	5.03e-01	4.72e-01	1.94e-04	1.06e-06	0.00e+00	0.00e+00	0.00e+00	0.00e+00	0.00e+00	0.00e+00
 8.11268e+22	2.46e-02	5.03e-01	4.73e-01	1.83e-04	1.01e-06	0.00e+00	0.00e+00	0.00e+00	0.00e+00	0.00e+00	0.00e+00
 8.11875e+22	2.52e-02	5.03e-01	4.72e-01	1.72e-04	9.49e-07	0.00e+00	0.00e+00	0.00e+00	0.00e+00	0.00e+00	0.00e+00
 8.12499e+22	2.58e-02	5.03e-01	4.71e-01	1.61e-04	8.95e-07	0.00e+00	0.00e+00	0.00e+00	0.00e+00	0.00e+00	0.00e+00
 8.13102e+22	2.63e-02	5.02e-01	4.72e-01	1.52e-04	8.49e-07	0.00e+00	0.00e+00	0.00e+00	0.00e+00	0.00e+00	0.00e+00
 8.13708e+22	2.69e-02	5.01e-01	4.72e-01	1.43e-04	8.04e-07	0.00e+00	0.00e+00	0.00e+00	0.00e+00	0.00e+00	0.00e+00
 8.14347e+22	2.75e-02	5.00e-01	4.72e-01	1.34e-04	7.61e-07	0.00e+00	0.00e+00	0.00e+00	0.00e+00	0.00e+00	0.00e+00
 8.15009e+22	2.81e-02	4.99e-01	4.73e-01	1.27e-04	7.22e-07	0.00e+00	0.00e+00	0.00e+00	0.00e+00	0.00e+00	0.00e+00
 8.15693e+22	2.88e-02	4.98e-01	4.73e-01	1.19e-04	6.83e-07	0.00e+00	0.00e+00	0.00e+00	0.00e+00	0.00e+00	0.00e+00
 8.16387e+22	2.93e-02	4.96e-01	4.74e-01	1.12e-04	6.48e-07	0.00e+00	0.00e+00	0.00e+00	0.00e+00	0.00e+00	0.00e+00
 8.17107e+22	3.01e-02	4.95e-01	4.75e-01	1.05e-04	6.14e-07	0.00e+00	0.00e+00	0.00e+00	0.00e+00	0.00e+00	0.00e+00
 8.17864e+22	3.08e-02	4.93e-01	4.76e-01	9.88e-05	5.81e-07	0.00e+00	0.00e+00	0.00e+00	0.00e+00	0.00e+00	0.00e+00
 8.18620e+22	3.15e-02	4.91e-01	4.77e-01	9.31e-05	5.53e-07	0.00e+00	0.00e+00	0.00e+00	0.00e+00	0.00e+00	0.00e+00
 8.19213e+22	3.17e-02	4.89e-01	4.80e-01	8.97e-05	5.36e-07	0.00e+00	0.00e+00	0.00e+00	0.00e+00	0.00e+00	0.00e+00
 8.19608e+22	3.21e-02	4.88e-01	4.80e-01	8.73e-05	5.24e-07	0.00e+00	0.00e+00	0.00e+00	0.00e+00	0.00e+00	0.00e+00
 8.19985e+22	3.25e-02	4.87e-01	4.81e-01	8.49e-05	5.12e-07	0.00e+00	0.00e+00	0.00e+00	0.00e+00	0.00e+00	0.00e+00
 8.20424e+22	3.29e-02	4.86e-01	4.81e-01	8.23e-05	4.99e-07	0.00e+00	0.00e+00	0.00e+00	0.00e+00	0.00e+00	0.00e+00
 8.20905e+22	3.35e-02	4.85e-01	4.81e-01	7.95e-05	4.85e-07	0.00e+00	0.00e+00	0.00e+00	0.00e+00	0.00e+00	0.00e+00
 8.21372e+22	3.38e-02	4.84e-01	4.83e-01	7.73e-05	4.74e-07	0.00e+00	0.00e+00	0.00e+00	0.00e+00	0.00e+00	0.00e+00
 8.21834e+22	3.43e-02	4.83e-01	4.83e-01	7.50e-05	4.63e-07	0.00e+00	0.00e+00	0.00e+00	0.00e+00	0.00e+00	0.00e+00
 8.22311e+22	3.48e-02	4.82e-01	4.83e-01	7.28e-05	4.52e-07	0.00e+00	0.00e+00	0.00e+00	0.00e+00	0.00e+00	0.00e+00
 8.22792e+22	3.53e-02	4.81e-01	4.84e-01	7.07e-05	4.41e-07	0.00e+00	0.00e+00	0.00e+00	0.00e+00	0.00e+00	0.00e+00
 8.23279e+22	3.59e-02	4.80e-01	4.84e-01	6.86e-05	4.31e-07	0.00e+00	0.00e+00	0.00e+00	0.00e+00	0.00e+00	0.00e+00
 8.23766e+22	3.63e-02	4.79e-01	4.84e-01	6.67e-05	4.22e-07	0.00e+00	0.00e+00	0.00e+00	0.00e+00	0.00e+00	0.00e+00
 8.24269e+22	3.70e-02	4.79e-01	4.84e-01	6.48e-05	4.12e-07	0.00e+00	0.00e+00	0.00e+00	0.00e+00	0.00e+00	0.00e+00
 8.24795e+22	3.76e-02	4.78e-01	4.84e-01	6.29e-05	4.03e-07	0.00e+00	0.00e+00	0.00e+00	0.00e+00	0.00e+00	0.00e+00
 8.25320e+22	3.82e-02	4.78e-01	4.84e-01	6.12e-05	3.94e-07	0.00e+00	0.00e+00	0.00e+00	0.00e+00	0.00e+00	0.00e+00
 8.25850e+22	3.89e-02	4.78e-01	4.83e-01	5.94e-05	3.85e-07	0.00e+00	0.00e+00	0.00e+00	0.00e+00	0.00e+00	0.00e+00
 8.26401e+22	3.96e-02	4.78e-01	4.83e-01	5.78e-05	3.77e-07	0.00e+00	0.00e+00	0.00e+00	0.00e+00	0.00e+00	0.00e+00
 8.26971e+22	4.05e-02	4.78e-01	4.82e-01	5.61e-05	3.69e-07	0.00e+00	0.00e+00	0.00e+00	0.00e+00	0.00e+00	0.00e+00
 8.27549e+22	4.13e-02	4.78e-01	4.81e-01	5.45e-05	3.61e-07	0.00e+00	0.00e+00	0.00e+00	0.00e+00	0.00e+00	0.00e+00
 8.28138e+22	4.21e-02	4.78e-01	4.80e-01	5.29e-05	3.53e-07	0.00e+00	0.00e+00	0.00e+00	0.00e+00	0.00e+00	0.00e+00
 8.28748e+22	4.31e-02	4.78e-01	4.78e-01	5.13e-05	3.45e-07	0.00e+00	0.00e+00	0.00e+00	0.00e+00	0.00e+00	0.00e+00
 8.29378e+22	4.41e-02	4.79e-01	4.77e-01	4.98e-05	3.37e-07	0.00e+00	0.00e+00	0.00e+00	0.00e+00	0.00e+00	0.00e+00
 8.30021e+22	4.52e-02	4.80e-01	4.75e-01	4.83e-05	3.30e-07	0.00e+00	0.00e+00	0.00e+00	0.00e+00	0.00e+00	0.00e+00
 8.30677e+22	4.64e-02	4.81e-01	4.73e-01	4.68e-05	3.22e-07	0.00e+00	0.00e+00	0.00e+00	0.00e+00	0.00e+00	0.00e+00
 8.31354e+22	4.76e-02	4.82e-01	4.70e-01	4.54e-05	3.15e-07	0.00e+00	0.00e+00	0.00e+00	0.00e+00	0.00e+00	0.00e+00
 8.32056e+22	4.90e-02	4.84e-01	4.67e-01	4.39e-05	3.07e-07	0.00e+00	0.00e+00	0.00e+00	0.00e+00	0.00e+00	0.00e+00
 8.32777e+22	5.04e-02	4.85e-01	4.64e-01	4.25e-05	3.00e-07	0.00e+00	0.00e+00	0.00e+00	0.00e+00	0.00e+00	0.00e+00
 8.33514e+22	5.19e-02	4.87e-01	4.61e-01	4.11e-05	2.93e-07	0.00e+00	0.00e+00	0.00e+00	0.00e+00	0.00e+00	0.00e+00
 8.34273e+22	5.36e-02	4.89e-01	4.57e-01	3.97e-05	2.86e-07	0.00e+00	0.00e+00	0.00e+00	0.00e+00	0.00e+00	0.00e+00
 8.35055e+22	5.53e-02	4.91e-01	4.53e-01	3.84e-05	2.78e-07	0.00e+00	0.00e+00	0.00e+00	0.00e+00	0.00e+00	0.00e+00
 8.35857e+22	5.70e-02	4.93e-01	4.50e-01	3.71e-05	2.71e-07	0.00e+00	0.00e+00	0.00e+00	0.00e+00	0.00e+00	0.00e+00
 8.36662e+22	5.90e-02	4.96e-01	4.45e-01	3.58e-05	2.64e-07	0.00e+00	0.00e+00	0.00e+00	0.00e+00	0.00e+00	0.00e+00
 8.37480e+22	6.12e-02	4.99e-01	4.40e-01	3.45e-05	2.57e-07	0.00e+00	0.00e+00	0.00e+00	0.00e+00	0.00e+00	0.00e+00
 8.38331e+22	6.34e-02	5.01e-01	4.35e-01	3.33e-05	2.50e-07	0.00e+00	0.00e+00	0.00e+00	0.00e+00	0.00e+00	0.00e+00
 8.39180e+22	6.55e-02	5.04e-01	4.30e-01	3.21e-05	2.44e-07	0.00e+00	0.00e+00	0.00e+00	0.00e+00	0.00e+00	0.00e+00
 8.40021e+22	6.81e-02	5.07e-01	4.24e-01	3.10e-05	2.37e-07	0.00e+00	0.00e+00	0.00e+00	0.00e+00	0.00e+00	0.00e+00
 8.40898e+22	7.06e-02	5.10e-01	4.19e-01	2.99e-05	2.30e-07	0.00e+00	0.00e+00	0.00e+00	0.00e+00	0.00e+00	0.00e+00
 8.41800e+22	7.33e-02	5.14e-01	4.13e-01	2.88e-05	2.23e-07	0.00e+00	0.00e+00	0.00e+00	0.00e+00	0.00e+00	0.00e+00
 8.42701e+22	7.60e-02	5.17e-01	4.07e-01	2.77e-05	2.17e-07	0.00e+00	0.00e+00	0.00e+00	0.00e+00	0.00e+00	0.00e+00
 8.43620e+22	7.91e-02	5.20e-01	4.01e-01	2.66e-05	2.10e-07	0.00e+00	0.00e+00	0.00e+00	0.00e+00	0.00e+00	0.00e+00
 8.44567e+22	8.24e-02	5.24e-01	3.94e-01	2.56e-05	2.03e-07	0.00e+00	0.00e+00	0.00e+00	0.00e+00	0.00e+00	0.00e+00
 8.45533e+22	8.58e-02	5.27e-01	3.87e-01	2.46e-05	1.96e-07	0.00e+00	0.00e+00	0.00e+00	0.00e+00	0.00e+00	0.00e+00
 8.46510e+22	8.97e-02	5.31e-01	3.79e-01	2.36e-05	1.89e-07	0.00e+00	0.00e+00	0.00e+00	0.00e+00	0.00e+00	0.00e+00
 8.47513e+22	9.37e-02	5.35e-01	3.72e-01	2.26e-05	1.82e-07	0.00e+00	0.00e+00	0.00e+00	0.00e+00	0.00e+00	0.00e+00
 8.48543e+22	9.79e-02	5.38e-01	3.64e-01	2.17e-05	1.75e-07	0.00e+00	0.00e+00	0.00e+00	0.00e+00	0.00e+00	0.00e+00
 8.49560e+22	1.02e-01	5.42e-01	3.56e-01	2.08e-05	1.69e-07	0.00e+00	0.00e+00	0.00e+00	0.00e+00	0.00e+00	0.00e+00
 8.50528e+22	1.07e-01	5.45e-01	3.48e-01	1.97e-05	1.62e-07	0.00e+00	0.00e+00	0.00e+00	0.00e+00	0.00e+00	0.00e+00
 8.51420e+22	1.11e-01	5.48e-01	3.41e-01	1.87e-05	1.56e-07	0.00e+00	0.00e+00	0.00e+00	0.00e+00	0.00e+00	0.00e+00
 8.52248e+22	1.16e-01	5.51e-01	3.33e-01	1.78e-05	1.51e-07	0.00e+00	0.00e+00	0.00e+00	0.00e+00	0.00e+00	0.00e+00
 8.53013e+22	1.20e-01	5.53e-01	3.27e-01	1.71e-05	1.46e-07	0.00e+00	0.00e+00	0.00e+00	0.00e+00	0.00e+00	0.00e+00
 8.53751e+22	1.24e-01	5.56e-01	3.20e-01	1.63e-05	1.40e-07	0.00e+00	0.00e+00	0.00e+00	0.00e+00	0.00e+00	0.00e+00
 8.54492e+22	1.29e-01	5.58e-01	3.14e-01	1.56e-05	1.36e-07	0.00e+00	0.00e+00	0.00e+00	0.00e+00	0.00e+00	0.00e+00
 8.55220e+22	1.34e-01	5.60e-01	3.07e-01	1.49e-05	1.31e-07	0.00e+00	0.00e+00	0.00e+00	0.00e+00	0.00e+00	0.00e+00
 8.55900e+22	1.38e-01	5.61e-01	3.01e-01	1.43e-05	1.26e-07	0.00e+00	0.00e+00	0.00e+00	0.00e+00	0.00e+00	0.00e+00
 8.56534e+22	1.42e-01	5.63e-01	2.95e-01	1.37e-05	0.00e+00	0.00e+00	0.00e+00	0.00e+00	0.00e+00	0.00e+00	0.00e+00
 8.57172e+22	1.47e-01	5.65e-01	2.88e-01	1.31e-05	0.00e+00	0.00e+00	0.00e+00	0.00e+00	0.00e+00	0.00e+00	0.00e+00
 8.57787e+22	1.52e-01	5.66e-01	2.82e-01	1.26e-05	0.00e+00	0.00e+00	0.00e+00	0.00e+00	0.00e+00	0.00e+00	0.00e+00
 8.58368e+22	1.56e-01	5.67e-01	2.77e-01	1.21e-05	0.00e+00	0.00e+00	0.00e+00	0.00e+00	0.00e+00	0.00e+00	0.00e+00
 8.58945e+22	1.61e-01	5.68e-01	2.71e-01	1.16e-05	0.00e+00	0.00e+00	0.00e+00	0.00e+00	0.00e+00	0.00e+00	0.00e+00
 8.59497e+22	1.66e-01	5.69e-01	2.65e-01	1.12e-05	0.00e+00	0.00e+00	0.00e+00	0.00e+00	0.00e+00	0.00e+00	0.00e+00
 8.60017e+22	1.71e-01	5.70e-01	2.60e-01	1.08e-05	0.00e+00	0.00e+00	0.00e+00	0.00e+00	0.00e+00	0.00e+00	0.00e+00
 8.60526e+22	1.76e-01	5.70e-01	2.54e-01	1.04e-05	0.00e+00	0.00e+00	0.00e+00	0.00e+00	0.00e+00	0.00e+00	0.00e+00
 8.61022e+22	1.80e-01	5.71e-01	2.49e-01	1.00e-05	0.00e+00	0.00e+00	0.00e+00	0.00e+00	0.00e+00	0.00e+00	0.00e+00
 8.61488e+22	1.85e-01	5.71e-01	2.44e-01	9.68e-06	0.00e+00	0.00e+00	0.00e+00	0.00e+00	0.00e+00	0.00e+00	0.00e+00
 8.61913e+22	1.90e-01	5.71e-01	2.39e-01	9.37e-06	0.00e+00	0.00e+00	0.00e+00	0.00e+00	0.00e+00	0.00e+00	0.00e+00
 8.62299e+22	1.94e-01	5.71e-01	2.34e-01	9.08e-06	0.00e+00	0.00e+00	0.00e+00	0.00e+00	0.00e+00	0.00e+00	0.00e+00
 8.62650e+22	1.98e-01	5.71e-01	2.30e-01	8.83e-06	0.00e+00	0.00e+00	0.00e+00	0.00e+00	0.00e+00	0.00e+00	0.00e+00
 8.62970e+22	2.02e-01	5.71e-01	2.27e-01	8.60e-06	0.00e+00	0.00e+00	0.00e+00	0.00e+00	0.00e+00	0.00e+00	0.00e+00
 8.63261e+22	2.06e-01	5.71e-01	2.23e-01	8.39e-06	0.00e+00	0.00e+00	0.00e+00	0.00e+00	0.00e+00	0.00e+00	0.00e+00
 8.63526e+22	2.09e-01	5.71e-01	2.20e-01	8.21e-06	0.00e+00	0.00e+00	0.00e+00	0.00e+00	0.00e+00	0.00e+00	0.00e+00
 8.63767e+22	2.12e-01	5.71e-01	2.17e-01	8.03e-06	0.00e+00	0.00e+00	0.00e+00	0.00e+00	0.00e+00	0.00e+00	0.00e+00
 8.63986e+22	2.15e-01	5.71e-01	2.14e-01	7.90e-06	0.00e+00	0.00e+00	0.00e+00	0.00e+00	0.00e+00	0.00e+00	0.00e+00
 8.64226e+22	2.18e-01	5.70e-01	2.11e-01	7.72e-06	0.00e+00	0.00e+00	0.00e+00	0.00e+00	0.00e+00	0.00e+00	0.00e+00
 8.64539e+22	2.23e-01	5.70e-01	2.07e-01	7.48e-06	0.00e+00	0.00e+00	0.00e+00	0.00e+00	0.00e+00	0.00e+00	0.00e+00
 8.64876e+22	2.27e-01	5.69e-01	2.04e-01	7.29e-06	0.00e+00	0.00e+00	0.00e+00	0.00e+00	0.00e+00	0.00e+00	0.00e+00
 8.65183e+22	2.31e-01	5.69e-01	2.00e-01	7.10e-06	0.00e+00	0.00e+00	0.00e+00	0.00e+00	0.00e+00	0.00e+00	0.00e+00
 8.65462e+22	2.34e-01	5.68e-01	1.97e-01	6.93e-06	0.00e+00	0.00e+00	0.00e+00	0.00e+00	0.00e+00	0.00e+00	0.00e+00
 8.65768e+22	2.39e-01	5.68e-01	1.93e-01	6.72e-06	0.00e+00	0.00e+00	0.00e+00	0.00e+00	0.00e+00	0.00e+00	0.00e+00
 8.66098e+22	2.44e-01	5.67e-01	1.90e-01	6.54e-06	0.00e+00	0.00e+00	0.00e+00	0.00e+00	0.00e+00	0.00e+00	0.00e+00
 8.66399e+22	2.48e-01	5.66e-01	1.86e-01	6.37e-06	0.00e+00	0.00e+00	0.00e+00	0.00e+00	0.00e+00	0.00e+00	0.00e+00
 8.66673e+22	2.52e-01	5.65e-01	1.83e-01	6.20e-06	0.00e+00	0.00e+00	0.00e+00	0.00e+00	0.00e+00	0.00e+00	0.00e+00
 8.66921e+22	2.54e-01	5.65e-01	1.81e-01	6.10e-06	0.00e+00	0.00e+00	0.00e+00	0.00e+00	0.00e+00	0.00e+00	0.00e+00
 8.67194e+22	2.58e-01	5.64e-01	1.78e-01	5.95e-06	0.00e+00	0.00e+00	0.00e+00	0.00e+00	0.00e+00	0.00e+00	0.00e+00
 8.67489e+22	2.62e-01	5.63e-01	1.75e-01	5.81e-06	0.00e+00	0.00e+00	0.00e+00	0.00e+00	0.00e+00	0.00e+00	0.00e+00
 8.67812e+22	2.66e-01	5.62e-01	1.72e-01	5.63e-06	0.00e+00	0.00e+00	0.00e+00	0.00e+00	0.00e+00	0.00e+00	0.00e+00
 8.68160e+22	2.71e-01	5.60e-01	1.69e-01	5.47e-06	0.00e+00	0.00e+00	0.00e+00	0.00e+00	0.00e+00	0.00e+00	0.00e+00
 8.68477e+22	2.75e-01	5.59e-01	1.66e-01	5.33e-06	0.00e+00	0.00e+00	0.00e+00	0.00e+00	0.00e+00	0.00e+00	0.00e+00
 8.68765e+22	2.79e-01	5.58e-01	1.63e-01	5.20e-06	0.00e+00	0.00e+00	0.00e+00	0.00e+00	0.00e+00	0.00e+00	0.00e+00
 8.69028e+22	2.82e-01	5.57e-01	1.61e-01	5.10e-06	0.00e+00	0.00e+00	0.00e+00	0.00e+00	0.00e+00	0.00e+00	0.00e+00
 8.69316e+22	2.86e-01	5.56e-01	1.58e-01	4.95e-06	0.00e+00	0.00e+00	0.00e+00	0.00e+00	0.00e+00	0.00e+00	0.00e+00
 8.69690e+22	2.92e-01	5.54e-01	1.54e-01	4.77e-06	0.00e+00	0.00e+00	0.00e+00	0.00e+00	0.00e+00	0.00e+00	0.00e+00
 8.70093e+22	2.97e-01	5.52e-01	1.51e-01	4.62e-06	0.00e+00	0.00e+00	0.00e+00	0.00e+00	0.00e+00	0.00e+00	0.00e+00
 8.70461e+22	3.02e-01	5.51e-01	1.48e-01	4.48e-06	0.00e+00	0.00e+00	0.00e+00	0.00e+00	0.00e+00	0.00e+00	0.00e+00
 8.70795e+22	3.06e-01	5.49e-01	1.45e-01	4.36e-06	0.00e+00	0.00e+00	0.00e+00	0.00e+00	0.00e+00	0.00e+00	0.00e+00
 8.71100e+22	3.11e-01	5.47e-01	1.42e-01	4.24e-06	0.00e+00	0.00e+00	0.00e+00	0.00e+00	0.00e+00	0.00e+00	0.00e+00
 8.71376e+22	3.15e-01	5.45e-01	1.40e-01	4.13e-06	0.00e+00	0.00e+00	0.00e+00	0.00e+00	0.00e+00	0.00e+00	0.00e+00
 8.71628e+22	3.19e-01	5.44e-01	1.37e-01	4.02e-06	0.00e+00	0.00e+00	0.00e+00	0.00e+00	0.00e+00	0.00e+00	0.00e+00
 8.71858e+22	3.22e-01	5.42e-01	1.35e-01	3.95e-06	0.00e+00	0.00e+00	0.00e+00	0.00e+00	0.00e+00	0.00e+00	0.00e+00
