#depth	O	O+	O+2	O+3	O+4	O+5	O+6	O+7	O+8	O[1]	O[2]	O[3]
 4.62852e+21	0.00e+00	0.00e+00	6.60e-29	2.95e-23	3.52e-18	1.95e-13	3.70e-08	4.03e-04	1.00e+00	0.00e+00	0.00e+00	0.00e+00
 1.05285e+22	0.00e+00	0.00e+00	5.53e-28	1.74e-22	1.48e-17	5.76e-13	7.59e-08	5.76e-04	9.99e-01	0.00e+00	0.00e+00	0.00e+00
 1.26524e+22	0.00e+00	0.00e+00	2.29e-27	5.68e-22	3.85e-17	1.18e-12	1.22e-07	7.31e-04	9.99e-01	0.00e+00	0.00e+00	0.00e+00
 1.41866e+22	0.00e+00	2.81e-33	7.07e-27	1.46e-21	8.23e-17	2.10e-12	1.79e-07	8.83e-04	9.99e-01	0.00e+00	0.00e+00	0.00e+00
 1.50390e+22	0.00e+00	3.90e-33	9.38e-27	1.85e-21	9.96e-17	2.43e-12	1.97e-07	9.25e-04	9.99e-01	0.00e+00	0.00e+00	0.00e+00
 1.54311e+22	0.00e+00	5.89e-33	1.34e-26	2.49e-21	1.26e-16	2.91e-12	2.22e-07	9.82e-04	9.99e-01	0.00e+00	0.00e+00	0.00e+00
 1.58606e+22	0.00e+00	8.78e-33	1.88e-26	3.32e-21	1.59e-16	3.47e-12	2.49e-07	1.04e-03	9.99e-01	0.00e+00	0.00e+00	0.00e+00
 1.62721e+22	0.00e+00	1.28e-32	2.61e-26	4.37e-21	1.99e-16	4.11e-12	2.78e-07	1.10e-03	9.99e-01	0.00e+00	0.00e+00	0.00e+00
 1.67406e+22	0.00e+00	2.11e-32	4.01e-26	6.25e-21	2.65e-16	5.11e-12	3.21e-07	1.18e-03	9.99e-01	0.00e+00	0.00e+00	0.00e+00
 1.72063e+22	0.00e+00	3.12e-32	5.61e-26	8.27e-21	3.33e-16	6.07e-12	3.60e-07	1.25e-03	9.99e-01	0.00e+00	0.00e+00	0.00e+00
 1.76682e+22	0.00e+00	5.16e-32	8.64e-26	1.19e-20	4.46e-16	7.58e-12	4.16e-07	1.34e-03	9.99e-01	0.00e+00	0.00e+00	0.00e+00
 1.81217e+22	0.00e+00	7.44e-32	1.18e-25	1.55e-20	5.51e-16	8.90e-12	4.63e-07	1.42e-03	9.99e-01	0.00e+00	0.00e+00	0.00e+00
 1.84837e+22	0.00e+00	1.04e-31	1.57e-25	1.97e-20	6.69e-16	1.03e-11	5.10e-07	1.49e-03	9.99e-01	0.00e+00	0.00e+00	0.00e+00
 1.88210e+22	0.00e+00	1.43e-31	2.08e-25	2.48e-20	8.06e-16	1.19e-11	5.60e-07	1.56e-03	9.98e-01	0.00e+00	0.00e+00	0.00e+00
 1.92072e+22	0.00e+00	2.12e-31	2.92e-25	3.30e-20	1.02e-15	1.42e-11	6.29e-07	1.65e-03	9.98e-01	0.00e+00	0.00e+00	0.00e+00
 1.95997e+22	0.00e+00	2.97e-31	3.90e-25	4.20e-20	1.24e-15	1.65e-11	6.93e-07	1.73e-03	9.98e-01	0.00e+00	0.00e+00	0.00e+00
 1.99419e+22	0.00e+00	4.11e-31	5.15e-25	5.30e-20	1.49e-15	1.90e-11	7.62e-07	1.81e-03	9.98e-01	0.00e+00	0.00e+00	0.00e+00
 2.03283e+22	0.00e+00	6.03e-31	7.17e-25	7.00e-20	1.87e-15	2.25e-11	8.53e-07	1.92e-03	9.98e-01	0.00e+00	0.00e+00	0.00e+00
 2.07327e+22	0.00e+00	8.67e-31	9.80e-25	9.10e-20	2.31e-15	2.65e-11	9.48e-07	2.02e-03	9.98e-01	0.00e+00	0.00e+00	0.00e+00
 2.10818e+22	0.00e+00	1.19e-30	1.29e-24	1.15e-19	2.78e-15	3.05e-11	1.04e-06	2.11e-03	9.98e-01	0.00e+00	0.00e+00	0.00e+00
 2.14571e+22	0.00e+00	1.73e-30	1.78e-24	1.51e-19	3.47e-15	3.61e-11	1.16e-06	2.23e-03	9.98e-01	0.00e+00	0.00e+00	0.00e+00
 2.18228e+22	0.00e+00	2.37e-30	2.33e-24	1.89e-19	4.17e-15	4.15e-11	1.27e-06	2.34e-03	9.98e-01	0.00e+00	0.00e+00	0.00e+00
 2.21118e+22	0.00e+00	3.09e-30	2.93e-24	2.29e-19	4.86e-15	4.67e-11	1.38e-06	2.43e-03	9.98e-01	0.00e+00	0.00e+00	0.00e+00
 2.24232e+22	0.00e+00	4.19e-30	3.81e-24	2.86e-19	5.82e-15	5.36e-11	1.51e-06	2.54e-03	9.97e-01	0.00e+00	0.00e+00	0.00e+00
 2.27635e+22	0.00e+00	5.67e-30	4.95e-24	3.56e-19	6.95e-15	6.14e-11	1.65e-06	2.65e-03	9.97e-01	0.00e+00	0.00e+00	0.00e+00
 2.30773e+22	0.00e+00	7.55e-30	6.33e-24	4.37e-19	8.22e-15	6.97e-11	1.79e-06	2.77e-03	9.97e-01	0.00e+00	0.00e+00	0.00e+00
 2.33728e+22	0.00e+00	9.96e-30	8.04e-24	5.35e-19	9.67e-15	7.89e-11	1.94e-06	2.88e-03	9.97e-01	0.00e+00	0.00e+00	0.00e+00
 2.37085e+22	0.00e+00	1.40e-29	1.08e-23	6.85e-19	1.18e-14	9.20e-11	2.15e-06	3.03e-03	9.97e-01	0.00e+00	0.00e+00	0.00e+00
 2.40535e+22	0.00e+00	1.88e-29	1.39e-23	8.48e-19	1.41e-14	1.05e-10	2.34e-06	3.16e-03	9.97e-01	0.00e+00	0.00e+00	0.00e+00
 2.43594e+22	0.00e+00	2.51e-29	1.78e-23	1.04e-18	1.66e-14	1.19e-10	2.55e-06	3.29e-03	9.97e-01	0.00e+00	0.00e+00	0.00e+00
 2.46375e+22	0.00e+00	3.23e-29	2.22e-23	1.25e-18	1.93e-14	1.34e-10	2.74e-06	3.41e-03	9.97e-01	0.00e+00	0.00e+00	0.00e+00
 2.48898e+22	0.00e+00	4.05e-29	2.70e-23	1.48e-18	2.20e-14	1.48e-10	2.93e-06	3.53e-03	9.96e-01	0.00e+00	0.00e+00	0.00e+00
 2.51771e+22	0.00e+00	5.33e-29	3.41e-23	1.80e-18	2.59e-14	1.68e-10	3.18e-06	3.67e-03	9.96e-01	0.00e+00	0.00e+00	0.00e+00
 2.54872e+22	0.00e+00	7.05e-29	4.35e-23	2.21e-18	3.05e-14	1.90e-10	3.46e-06	3.83e-03	9.96e-01	0.00e+00	0.00e+00	0.00e+00
 2.57674e+22	0.00e+00	9.10e-29	5.42e-23	2.66e-18	3.54e-14	2.13e-10	3.73e-06	3.97e-03	9.96e-01	0.00e+00	0.00e+00	0.00e+00
 2.60723e+22	0.00e+00	1.23e-28	7.02e-23	3.30e-18	4.23e-14	2.44e-10	4.07e-06	4.15e-03	9.96e-01	0.00e+00	0.00e+00	0.00e+00
 2.63829e+22	0.00e+00	1.62e-28	8.91e-23	4.03e-18	4.98e-14	2.76e-10	4.42e-06	4.32e-03	9.96e-01	0.00e+00	0.00e+00	0.00e+00
 2.66440e+22	0.00e+00	2.06e-28	1.09e-22	4.80e-18	5.72e-14	3.07e-10	4.74e-06	4.47e-03	9.96e-01	0.00e+00	0.00e+00	0.00e+00
 2.69261e+22	0.00e+00	2.71e-28	1.39e-22	5.86e-18	6.74e-14	3.48e-10	5.15e-06	4.66e-03	9.95e-01	0.00e+00	0.00e+00	0.00e+00
 2.72302e+22	0.00e+00	3.58e-28	1.77e-22	7.17e-18	7.94e-14	3.94e-10	5.59e-06	4.85e-03	9.95e-01	0.00e+00	0.00e+00	0.00e+00
 2.75060e+22	0.00e+00	4.58e-28	2.18e-22	8.56e-18	9.17e-14	4.41e-10	6.01e-06	5.03e-03	9.95e-01	0.00e+00	0.00e+00	0.00e+00
 2.77562e+22	0.00e+00	5.76e-28	2.65e-22	1.01e-17	1.05e-13	4.88e-10	6.43e-06	5.20e-03	9.95e-01	0.00e+00	0.00e+00	0.00e+00
 2.79931e+22	0.00e+00	7.14e-28	3.19e-22	1.18e-17	1.19e-13	5.38e-10	6.85e-06	5.36e-03	9.95e-01	0.00e+00	0.00e+00	0.00e+00
 2.82645e+22	0.00e+00	9.23e-28	3.99e-22	1.42e-17	1.39e-13	6.05e-10	7.40e-06	5.57e-03	9.94e-01	0.00e+00	0.00e+00	0.00e+00
 2.85541e+22	0.00e+00	1.20e-27	4.99e-22	1.72e-17	1.62e-13	6.80e-10	7.99e-06	5.78e-03	9.94e-01	0.00e+00	0.00e+00	0.00e+00
 2.88111e+22	0.00e+00	1.51e-27	6.11e-22	2.04e-17	1.85e-13	7.55e-10	8.57e-06	5.99e-03	9.94e-01	0.00e+00	0.00e+00	0.00e+00
 2.90892e+22	1.72e-34	1.99e-27	7.73e-22	2.48e-17	2.18e-13	8.55e-10	9.30e-06	6.23e-03	9.94e-01	0.00e+00	0.00e+00	0.00e+00
 2.93728e+22	2.29e-34	2.56e-27	9.59e-22	2.98e-17	2.52e-13	9.56e-10	1.00e-05	6.46e-03	9.94e-01	0.00e+00	0.00e+00	0.00e+00
 2.96121e+22	2.93e-34	3.18e-27	1.16e-21	3.49e-17	2.87e-13	1.05e-09	1.07e-05	6.67e-03	9.93e-01	0.00e+00	0.00e+00	0.00e+00
 2.98717e+22	3.91e-34	4.09e-27	1.44e-21	4.19e-17	3.33e-13	1.18e-09	1.15e-05	6.92e-03	9.93e-01	0.00e+00	0.00e+00	0.00e+00
 3.01514e+22	5.23e-34	5.27e-27	1.79e-21	5.03e-17	3.86e-13	1.33e-09	1.24e-05	7.19e-03	9.93e-01	0.00e+00	0.00e+00	0.00e+00
 3.04058e+22	6.78e-34	6.62e-27	2.18e-21	5.93e-17	4.42e-13	1.47e-09	1.33e-05	7.43e-03	9.93e-01	0.00e+00	0.00e+00	0.00e+00
 3.06407e+22	8.68e-34	8.22e-27	2.62e-21	6.94e-17	5.02e-13	1.62e-09	1.42e-05	7.67e-03	9.92e-01	0.00e+00	0.00e+00	0.00e+00
 3.08674e+22	1.10e-33	1.01e-26	3.13e-21	8.06e-17	5.67e-13	1.78e-09	1.51e-05	7.91e-03	9.92e-01	0.00e+00	0.00e+00	0.00e+00
 3.11279e+22	1.46e-33	1.29e-26	3.88e-21	9.66e-17	6.57e-13	1.99e-09	1.62e-05	8.20e-03	9.92e-01	0.00e+00	0.00e+00	0.00e+00
 3.14048e+22	1.94e-33	1.66e-26	4.80e-21	1.16e-16	7.59e-13	2.22e-09	1.75e-05	8.51e-03	9.91e-01	0.00e+00	0.00e+00	0.00e+00
 3.16515e+22	2.51e-33	2.09e-26	5.84e-21	1.36e-16	8.68e-13	2.46e-09	1.87e-05	8.80e-03	9.91e-01	0.00e+00	0.00e+00	0.00e+00
 3.19209e+22	3.39e-33	2.71e-26	7.33e-21	1.65e-16	1.01e-12	2.78e-09	2.03e-05	9.15e-03	9.91e-01	0.00e+00	0.00e+00	0.00e+00
 3.21975e+22	4.50e-33	3.47e-26	9.06e-21	1.97e-16	1.17e-12	3.10e-09	2.18e-05	9.49e-03	9.90e-01	0.00e+00	0.00e+00	0.00e+00
 3.24287e+22	5.73e-33	4.29e-26	1.08e-20	2.29e-16	1.33e-12	3.40e-09	2.32e-05	9.79e-03	9.90e-01	0.00e+00	0.00e+00	0.00e+00
 3.26744e+22	7.54e-33	5.45e-26	1.34e-20	2.73e-16	1.53e-12	3.80e-09	2.50e-05	1.01e-02	9.90e-01	0.00e+00	0.00e+00	0.00e+00
 3.29391e+22	9.94e-33	6.94e-26	1.64e-20	3.25e-16	1.76e-12	4.22e-09	2.68e-05	1.05e-02	9.89e-01	0.00e+00	0.00e+00	0.00e+00
 3.31815e+22	1.28e-32	8.64e-26	1.98e-20	3.81e-16	2.00e-12	4.66e-09	2.87e-05	1.09e-02	9.89e-01	0.00e+00	0.00e+00	0.00e+00
 3.34496e+22	1.73e-32	1.13e-25	2.49e-20	4.61e-16	2.34e-12	5.25e-09	3.10e-05	1.13e-02	9.89e-01	0.00e+00	0.00e+00	0.00e+00
 3.37318e+22	2.34e-32	1.46e-25	3.12e-20	5.57e-16	2.72e-12	5.89e-09	3.36e-05	1.17e-02	9.88e-01	0.00e+00	0.00e+00	0.00e+00
 3.39679e+22	2.95e-32	1.80e-25	3.71e-20	6.46e-16	3.07e-12	6.45e-09	3.57e-05	1.21e-02	9.88e-01	0.00e+00	0.00e+00	0.00e+00
 3.42104e+22	3.96e-32	2.32e-25	4.63e-20	7.76e-16	3.56e-12	7.22e-09	3.85e-05	1.26e-02	9.87e-01	0.00e+00	0.00e+00	0.00e+00
 3.44644e+22	5.12e-32	2.90e-25	5.61e-20	9.12e-16	4.05e-12	7.97e-09	4.12e-05	1.30e-02	9.87e-01	0.00e+00	0.00e+00	0.00e+00
 3.47333e+22	7.14e-32	3.88e-25	7.18e-20	1.12e-15	4.79e-12	9.04e-09	4.49e-05	1.36e-02	9.86e-01	0.00e+00	0.00e+00	0.00e+00
 3.50029e+22	9.31e-32	4.89e-25	8.75e-20	1.32e-15	5.47e-12	1.00e-08	4.81e-05	1.40e-02	9.86e-01	0.00e+00	0.00e+00	0.00e+00
 3.52271e+22	1.19e-31	6.03e-25	1.05e-19	1.54e-15	6.18e-12	1.09e-08	5.12e-05	1.45e-02	9.85e-01	0.00e+00	0.00e+00	0.00e+00
 3.54724e+22	1.60e-31	7.80e-25	1.31e-19	1.85e-15	7.17e-12	1.22e-08	5.52e-05	1.51e-02	9.85e-01	0.00e+00	0.00e+00	0.00e+00
 3.57261e+22	2.07e-31	9.80e-25	1.59e-19	2.18e-15	8.16e-12	1.35e-08	5.91e-05	1.56e-02	9.84e-01	0.00e+00	0.00e+00	0.00e+00
 3.59534e+22	2.67e-31	1.22e-24	1.91e-19	2.55e-15	9.26e-12	1.48e-08	6.31e-05	1.61e-02	9.84e-01	0.00e+00	0.00e+00	0.00e+00
 3.62116e+22	3.66e-31	1.60e-24	2.41e-19	3.09e-15	1.08e-11	1.67e-08	6.84e-05	1.68e-02	9.83e-01	0.00e+00	0.00e+00	0.00e+00
 3.64782e+22	4.90e-31	2.07e-24	3.00e-19	3.71e-15	1.25e-11	1.85e-08	7.37e-05	1.74e-02	9.83e-01	0.00e+00	0.00e+00	0.00e+00
 3.66999e+22	6.34e-31	2.58e-24	3.62e-19	4.33e-15	1.41e-11	2.03e-08	7.86e-05	1.80e-02	9.82e-01	0.00e+00	0.00e+00	0.00e+00
 3.69011e+22	7.88e-31	3.12e-24	4.26e-19	4.96e-15	1.58e-11	2.21e-08	8.32e-05	1.85e-02	9.81e-01	0.00e+00	0.00e+00	0.00e+00
 3.71316e+22	1.07e-30	4.06e-24	5.32e-19	5.97e-15	1.83e-11	2.46e-08	8.97e-05	1.92e-02	9.81e-01	0.00e+00	0.00e+00	0.00e+00
 3.73715e+22	1.40e-30	5.13e-24	6.48e-19	7.03e-15	2.08e-11	2.70e-08	9.59e-05	1.99e-02	9.80e-01	0.00e+00	0.00e+00	0.00e+00
 3.75875e+22	1.81e-30	6.41e-24	7.84e-19	8.23e-15	2.36e-11	2.96e-08	1.02e-04	2.06e-02	9.79e-01	0.00e+00	0.00e+00	0.00e+00
 3.78324e+22	2.49e-30	8.45e-24	9.92e-19	1.00e-14	2.75e-11	3.31e-08	1.11e-04	2.14e-02	9.78e-01	0.00e+00	0.00e+00	0.00e+00
 3.80851e+22	3.36e-30	1.09e-23	1.23e-18	1.20e-14	3.17e-11	3.68e-08	1.19e-04	2.22e-02	9.78e-01	0.00e+00	0.00e+00	0.00e+00
 3.82951e+22	4.36e-30	1.37e-23	1.49e-18	1.40e-14	3.59e-11	4.02e-08	1.27e-04	2.30e-02	9.77e-01	0.00e+00	0.00e+00	0.00e+00
 3.84855e+22	5.48e-30	1.67e-23	1.77e-18	1.61e-14	4.00e-11	4.36e-08	1.35e-04	2.37e-02	9.76e-01	0.00e+00	0.00e+00	0.00e+00
 3.87035e+22	7.46e-30	2.18e-23	2.21e-18	1.94e-14	4.63e-11	4.84e-08	1.45e-04	2.46e-02	9.75e-01	0.00e+00	0.00e+00	0.00e+00
 3.89306e+22	9.66e-30	2.73e-23	2.67e-18	2.27e-14	5.24e-11	5.30e-08	1.55e-04	2.54e-02	9.74e-01	0.00e+00	0.00e+00	0.00e+00
 3.91696e+22	1.37e-29	3.68e-23	3.44e-18	2.80e-14	6.18e-11	5.96e-08	1.69e-04	2.65e-02	9.73e-01	0.00e+00	0.00e+00	0.00e+00
 3.94075e+22	1.83e-29	4.73e-23	4.26e-18	3.33e-14	7.08e-11	6.57e-08	1.81e-04	2.75e-02	9.72e-01	0.00e+00	0.00e+00	0.00e+00
 3.96022e+22	2.33e-29	5.83e-23	5.08e-18	3.86e-14	7.94e-11	7.14e-08	1.92e-04	2.83e-02	9.71e-01	0.00e+00	0.00e+00	0.00e+00
 3.98131e+22	3.19e-29	7.64e-23	6.39e-18	4.66e-14	9.20e-11	7.93e-08	2.07e-04	2.95e-02	9.70e-01	0.00e+00	0.00e+00	0.00e+00
 4.00304e+22	4.21e-29	9.70e-23	7.81e-18	5.50e-14	1.05e-10	8.70e-08	2.22e-04	3.05e-02	9.69e-01	0.00e+00	0.00e+00	0.00e+00
 4.02238e+22	5.46e-29	1.21e-22	9.44e-18	6.44e-14	1.18e-10	9.49e-08	2.36e-04	3.15e-02	9.68e-01	0.00e+00	0.00e+00	0.00e+00
 4.04429e+22	7.61e-29	1.62e-22	1.20e-17	7.85e-14	1.38e-10	1.06e-07	2.56e-04	3.28e-02	9.67e-01	0.00e+00	0.00e+00	0.00e+00
 4.06676e+22	1.02e-28	2.09e-22	1.49e-17	9.38e-14	1.59e-10	1.17e-07	2.74e-04	3.40e-02	9.66e-01	0.00e+00	0.00e+00	0.00e+00
 4.08575e+22	1.32e-28	2.60e-22	1.80e-17	1.09e-13	1.79e-10	1.27e-07	2.91e-04	3.50e-02	9.65e-01	0.00e+00	0.00e+00	0.00e+00
 4.10625e+22	1.82e-28	3.43e-22	2.27e-17	1.33e-13	2.08e-10	1.42e-07	3.15e-04	3.64e-02	9.63e-01	0.00e+00	0.00e+00	0.00e+00
 4.12754e+22	2.41e-28	4.36e-22	2.78e-17	1.57e-13	2.37e-10	1.56e-07	3.36e-04	3.77e-02	9.62e-01	0.00e+00	0.00e+00	0.00e+00
 4.14662e+22	3.19e-28	5.55e-22	3.41e-17	1.86e-13	2.70e-10	1.71e-07	3.59e-04	3.89e-02	9.61e-01	0.00e+00	0.00e+00	0.00e+00
 4.16520e+22	4.16e-28	6.98e-22	4.14e-17	2.18e-13	3.06e-10	1.87e-07	3.82e-04	4.02e-02	9.59e-01	0.00e+00	0.00e+00	0.00e+00
 4.18636e+22	5.83e-28	9.34e-22	5.30e-17	2.67e-13	3.58e-10	2.09e-07	4.14e-04	4.18e-02	9.58e-01	0.00e+00	0.00e+00	0.00e+00
 4.20808e+22	7.91e-28	1.22e-21	6.63e-17	3.21e-13	4.13e-10	2.31e-07	4.45e-04	4.34e-02	9.56e-01	0.00e+00	0.00e+00	0.00e+00
 4.22699e+22	1.05e-27	1.56e-21	8.17e-17	3.81e-13	4.72e-10	2.54e-07	4.75e-04	4.48e-02	9.55e-01	0.00e+00	0.00e+00	0.00e+00
 4.24515e+22	1.39e-27	1.97e-21	9.98e-17	4.49e-13	5.37e-10	2.78e-07	5.07e-04	4.63e-02	9.53e-01	0.00e+00	0.00e+00	0.00e+00
 4.26588e+22	1.97e-27	2.67e-21	1.29e-16	5.55e-13	6.33e-10	3.12e-07	5.50e-04	4.82e-02	9.51e-01	0.00e+00	0.00e+00	0.00e+00
 4.28721e+22	2.65e-27	3.45e-21	1.60e-16	6.64e-13	7.28e-10	3.45e-07	5.89e-04	4.99e-02	9.50e-01	0.00e+00	0.00e+00	0.00e+00
 4.30935e+22	3.89e-27	4.81e-21	2.12e-16	8.38e-13	8.72e-10	3.92e-07	6.44e-04	5.21e-02	9.47e-01	0.00e+00	0.00e+00	0.00e+00
 4.33165e+22	5.35e-27	6.34e-21	2.68e-16	1.02e-12	1.01e-09	4.36e-07	6.93e-04	5.40e-02	9.45e-01	0.00e+00	0.00e+00	0.00e+00
 4.34999e+22	7.06e-27	8.05e-21	3.28e-16	1.20e-12	1.15e-09	4.78e-07	7.38e-04	5.58e-02	9.44e-01	0.00e+00	0.00e+00	0.00e+00
 4.36965e+22	1.00e-26	1.09e-20	4.25e-16	1.49e-12	1.36e-09	5.37e-07	8.00e-04	5.80e-02	9.41e-01	0.00e+00	0.00e+00	0.00e+00
 4.38970e+22	1.36e-26	1.42e-20	5.31e-16	1.79e-12	1.57e-09	5.94e-07	8.56e-04	6.00e-02	9.39e-01	0.00e+00	0.00e+00	0.00e+00
 4.40599e+22	1.75e-26	1.76e-20	6.38e-16	2.08e-12	1.77e-09	6.46e-07	9.06e-04	6.17e-02	9.37e-01	0.00e+00	0.00e+00	0.00e+00
 4.42290e+22	2.39e-26	2.31e-20	8.03e-16	2.52e-12	2.05e-09	7.17e-07	9.72e-04	6.38e-02	9.35e-01	0.00e+00	0.00e+00	0.00e+00
 4.43906e+22	3.03e-26	2.84e-20	9.55e-16	2.90e-12	2.29e-09	7.75e-07	1.02e-03	6.55e-02	9.33e-01	0.00e+00	0.00e+00	0.00e+00
 4.45207e+22	3.83e-26	3.48e-20	1.14e-15	3.35e-12	2.56e-09	8.37e-07	1.08e-03	6.72e-02	9.32e-01	0.00e+00	0.00e+00	0.00e+00
 4.46482e+22	4.78e-26	4.21e-20	1.33e-15	3.83e-12	2.84e-09	9.01e-07	1.13e-03	6.88e-02	9.30e-01	0.00e+00	0.00e+00	0.00e+00
 4.47728e+22	5.84e-26	5.01e-20	1.55e-15	4.33e-12	3.12e-09	9.63e-07	1.19e-03	7.03e-02	9.29e-01	0.00e+00	0.00e+00	0.00e+00
 4.49135e+22	7.68e-26	6.35e-20	1.89e-15	5.11e-12	3.55e-09	1.05e-06	1.26e-03	7.24e-02	9.26e-01	0.00e+00	0.00e+00	0.00e+00
 4.50551e+22	9.76e-26	7.81e-20	2.26e-15	5.91e-12	3.97e-09	1.14e-06	1.33e-03	7.42e-02	9.24e-01	0.00e+00	0.00e+00	0.00e+00
 4.51746e+22	1.21e-25	9.43e-20	2.65e-15	6.75e-12	4.40e-09	1.23e-06	1.39e-03	7.59e-02	9.23e-01	0.00e+00	0.00e+00	0.00e+00
 4.52866e+22	1.51e-25	1.14e-19	3.10e-15	7.69e-12	4.86e-09	1.32e-06	1.46e-03	7.76e-02	9.21e-01	0.00e+00	0.00e+00	0.00e+00
 4.53946e+22	1.83e-25	1.35e-19	3.58e-15	8.66e-12	5.33e-09	1.40e-06	1.52e-03	7.92e-02	9.19e-01	0.00e+00	0.00e+00	0.00e+00
 4.55175e+22	2.38e-25	1.69e-19	4.34e-15	1.01e-11	6.03e-09	1.53e-06	1.61e-03	8.14e-02	9.17e-01	0.00e+00	0.00e+00	0.00e+00
 4.56431e+22	2.95e-25	2.04e-19	5.09e-15	1.16e-11	6.67e-09	1.64e-06	1.68e-03	8.32e-02	9.15e-01	0.00e+00	0.00e+00	0.00e+00
 4.57722e+22	3.89e-25	2.59e-19	6.24e-15	1.37e-11	7.60e-09	1.80e-06	1.79e-03	8.56e-02	9.13e-01	0.00e+00	0.00e+00	0.00e+00
 4.59022e+22	4.96e-25	3.19e-19	7.46e-15	1.59e-11	8.51e-09	1.94e-06	1.88e-03	8.77e-02	9.10e-01	0.00e+00	0.00e+00	0.00e+00
 4.60060e+22	6.04e-25	3.79e-19	8.63e-15	1.79e-11	9.33e-09	2.07e-06	1.96e-03	8.94e-02	9.09e-01	0.00e+00	0.00e+00	0.00e+00
 4.61137e+22	7.73e-25	4.69e-19	1.04e-14	2.08e-11	1.05e-08	2.25e-06	2.06e-03	9.16e-02	9.06e-01	0.00e+00	0.00e+00	0.00e+00
 4.62248e+22	9.48e-25	5.60e-19	1.20e-14	2.35e-11	1.15e-08	2.40e-06	2.15e-03	9.35e-02	9.04e-01	0.00e+00	0.00e+00	0.00e+00
 4.63405e+22	1.26e-24	7.19e-19	1.49e-14	2.80e-11	1.32e-08	2.63e-06	2.28e-03	9.61e-02	9.02e-01	0.00e+00	0.00e+00	0.00e+00
 4.64541e+22	1.55e-24	8.58e-19	1.73e-14	3.17e-11	1.45e-08	2.81e-06	2.38e-03	9.81e-02	9.00e-01	0.00e+00	0.00e+00	0.00e+00
 4.65650e+22	2.10e-24	1.12e-18	2.16e-14	3.81e-11	1.67e-08	3.10e-06	2.53e-03	1.01e-01	8.97e-01	0.00e+00	0.00e+00	0.00e+00
 4.66742e+22	2.57e-24	1.33e-18	2.51e-14	4.31e-11	1.83e-08	3.31e-06	2.64e-03	1.03e-01	8.94e-01	0.00e+00	0.00e+00	0.00e+00
 4.67812e+22	3.39e-24	1.69e-18	3.08e-14	5.10e-11	2.09e-08	3.62e-06	2.79e-03	1.06e-01	8.92e-01	0.00e+00	0.00e+00	0.00e+00
 4.68920e+22	4.33e-24	2.09e-18	3.68e-14	5.91e-11	2.33e-08	3.91e-06	2.93e-03	1.08e-01	8.89e-01	0.00e+00	0.00e+00	0.00e+00
 4.69883e+22	5.35e-24	2.51e-18	4.31e-14	6.73e-11	2.58e-08	4.18e-06	3.06e-03	1.10e-01	8.87e-01	0.00e+00	0.00e+00	0.00e+00
 4.70939e+22	7.32e-24	3.30e-18	5.43e-14	8.13e-11	2.98e-08	4.62e-06	3.25e-03	1.13e-01	8.83e-01	0.00e+00	0.00e+00	0.00e+00
 4.71981e+22	9.04e-24	3.96e-18	6.34e-14	9.24e-11	3.28e-08	4.94e-06	3.39e-03	1.16e-01	8.81e-01	0.00e+00	0.00e+00	0.00e+00
 4.73006e+22	1.23e-23	5.18e-18	7.96e-14	1.11e-10	3.78e-08	5.44e-06	3.60e-03	1.19e-01	8.77e-01	0.00e+00	0.00e+00	0.00e+00
 4.74012e+22	1.51e-23	6.19e-18	9.27e-14	1.26e-10	4.16e-08	5.81e-06	3.75e-03	1.21e-01	8.75e-01	0.00e+00	0.00e+00	0.00e+00
 4.74996e+22	2.07e-23	8.14e-18	1.17e-13	1.53e-10	4.81e-08	6.41e-06	3.99e-03	1.25e-01	8.71e-01	0.00e+00	0.00e+00	0.00e+00
 4.75974e+22	2.56e-23	9.79e-18	1.37e-13	1.74e-10	5.30e-08	6.85e-06	4.16e-03	1.27e-01	8.69e-01	0.00e+00	0.00e+00	0.00e+00
 4.76944e+22	3.53e-23	1.29e-17	1.73e-13	2.11e-10	6.14e-08	7.57e-06	4.42e-03	1.31e-01	8.65e-01	0.00e+00	0.00e+00	0.00e+00
 4.77921e+22	4.43e-23	1.57e-17	2.05e-13	2.42e-10	6.82e-08	8.13e-06	4.62e-03	1.33e-01	8.62e-01	0.00e+00	0.00e+00	0.00e+00
 4.78906e+22	6.17e-23	2.10e-17	2.61e-13	2.95e-10	7.93e-08	9.01e-06	4.92e-03	1.37e-01	8.58e-01	0.00e+00	0.00e+00	0.00e+00
 4.79901e+22	7.86e-23	2.59e-17	3.12e-13	3.42e-10	8.86e-08	9.72e-06	5.16e-03	1.40e-01	8.55e-01	0.00e+00	0.00e+00	0.00e+00
 4.80908e+22	1.09e-22	3.45e-17	3.98e-13	4.17e-10	1.03e-07	1.08e-05	5.50e-03	1.44e-01	8.50e-01	0.00e+00	0.00e+00	0.00e+00
 4.81905e+22	1.40e-22	4.27e-17	4.77e-13	4.84e-10	1.15e-07	1.16e-05	5.77e-03	1.47e-01	8.47e-01	0.00e+00	0.00e+00	0.00e+00
 4.82890e+22	1.95e-22	5.70e-17	6.10e-13	5.91e-10	1.34e-07	1.29e-05	6.14e-03	1.52e-01	8.42e-01	0.00e+00	0.00e+00	0.00e+00
 4.83891e+22	2.54e-22	7.16e-17	7.40e-13	6.93e-10	1.52e-07	1.40e-05	6.46e-03	1.55e-01	8.38e-01	0.00e+00	0.00e+00	0.00e+00
 4.84910e+22	3.60e-22	9.68e-17	9.56e-13	8.55e-10	1.78e-07	1.56e-05	6.90e-03	1.60e-01	8.33e-01	0.00e+00	0.00e+00	0.00e+00
 4.85942e+22	4.73e-22	1.23e-16	1.17e-12	1.01e-09	2.01e-07	1.70e-05	7.27e-03	1.64e-01	8.29e-01	0.00e+00	0.00e+00	0.00e+00
 4.86990e+22	6.77e-22	1.68e-16	1.52e-12	1.25e-09	2.37e-07	1.90e-05	7.79e-03	1.69e-01	8.24e-01	0.00e+00	0.00e+00	0.00e+00
 4.88043e+22	8.91e-22	2.13e-16	1.86e-12	1.48e-09	2.69e-07	2.07e-05	8.22e-03	1.73e-01	8.19e-01	0.00e+00	0.00e+00	0.00e+00
 4.88951e+22	1.17e-21	2.69e-16	2.27e-12	1.74e-09	3.05e-07	2.25e-05	8.65e-03	1.77e-01	8.15e-01	0.00e+00	0.00e+00	0.00e+00
 4.89979e+22	1.67e-21	3.66e-16	2.95e-12	2.15e-09	3.59e-07	2.52e-05	9.26e-03	1.82e-01	8.09e-01	0.00e+00	0.00e+00	0.00e+00
 4.91005e+22	2.15e-21	4.56e-16	3.56e-12	2.51e-09	4.03e-07	2.73e-05	9.73e-03	1.86e-01	8.04e-01	0.00e+00	0.00e+00	0.00e+00
 4.92029e+22	3.04e-21	6.16e-16	4.59e-12	3.09e-09	4.73e-07	3.04e-05	1.04e-02	1.92e-01	7.98e-01	0.00e+00	0.00e+00	0.00e+00
 4.93064e+22	3.91e-21	7.66e-16	5.53e-12	3.60e-09	5.31e-07	3.30e-05	1.09e-02	1.96e-01	7.93e-01	0.00e+00	0.00e+00	0.00e+00
 4.94113e+22	5.52e-21	1.03e-15	7.13e-12	4.44e-09	6.24e-07	3.68e-05	1.17e-02	2.01e-01	7.87e-01	0.00e+00	0.00e+00	0.00e+00
 4.95180e+22	7.11e-21	1.29e-15	8.59e-12	5.18e-09	7.02e-07	3.99e-05	1.23e-02	2.06e-01	7.82e-01	0.00e+00	0.00e+00	0.00e+00
 4.96271e+22	9.93e-21	1.72e-15	1.10e-11	6.34e-09	8.20e-07	4.44e-05	1.31e-02	2.12e-01	7.75e-01	0.00e+00	0.00e+00	0.00e+00
 4.97399e+22	1.30e-20	2.18e-15	1.34e-11	7.48e-09	9.31e-07	4.85e-05	1.39e-02	2.17e-01	7.69e-01	0.00e+00	0.00e+00	0.00e+00
 4.98574e+22	1.84e-20	2.93e-15	1.73e-11	9.23e-09	1.09e-06	5.42e-05	1.49e-02	2.23e-01	7.62e-01	0.00e+00	0.00e+00	0.00e+00
 4.99777e+22	2.41e-20	3.71e-15	2.11e-11	1.09e-08	1.24e-06	5.93e-05	1.57e-02	2.28e-01	7.56e-01	0.00e+00	0.00e+00	0.00e+00
 5.00848e+22	3.14e-20	4.66e-15	2.57e-11	1.28e-08	1.41e-06	6.46e-05	1.66e-02	2.33e-01	7.50e-01	0.00e+00	0.00e+00	0.00e+00
 5.02072e+22	4.38e-20	6.22e-15	3.28e-11	1.57e-08	1.65e-06	7.21e-05	1.77e-02	2.40e-01	7.42e-01	0.00e+00	0.00e+00	0.00e+00
 5.03312e+22	5.66e-20	7.77e-15	3.97e-11	1.83e-08	1.86e-06	7.85e-05	1.87e-02	2.45e-01	7.36e-01	0.00e+00	0.00e+00	0.00e+00
 5.04575e+22	7.85e-20	1.03e-14	5.05e-11	2.24e-08	2.18e-06	8.76e-05	2.00e-02	2.52e-01	7.28e-01	0.00e+00	0.00e+00	0.00e+00
 5.05801e+22	9.85e-20	1.26e-14	5.98e-11	2.58e-08	2.43e-06	9.45e-05	2.09e-02	2.57e-01	7.22e-01	0.00e+00	0.00e+00	0.00e+00
 5.06980e+22	1.33e-19	1.63e-14	7.44e-11	3.09e-08	2.81e-06	1.04e-04	2.22e-02	2.64e-01	7.14e-01	0.00e+00	0.00e+00	0.00e+00
 5.08182e+22	1.66e-19	1.97e-14	8.78e-11	3.55e-08	3.12e-06	1.13e-04	2.33e-02	2.69e-01	7.08e-01	0.00e+00	0.00e+00	0.00e+00
 5.09412e+22	2.24e-19	2.56e-14	1.10e-10	4.27e-08	3.61e-06	1.25e-04	2.48e-02	2.75e-01	7.00e-01	0.00e+00	0.00e+00	0.00e+00
 5.10659e+22	2.78e-19	3.09e-14	1.29e-10	4.88e-08	4.02e-06	1.34e-04	2.60e-02	2.80e-01	6.94e-01	0.00e+00	0.00e+00	0.00e+00
 5.11929e+22	3.74e-19	4.00e-14	1.61e-10	5.87e-08	4.64e-06	1.49e-04	2.76e-02	2.87e-01	6.85e-01	0.00e+00	0.00e+00	0.00e+00
 5.13176e+22	4.56e-19	4.76e-14	1.86e-10	6.64e-08	5.12e-06	1.59e-04	2.88e-02	2.92e-01	6.79e-01	0.00e+00	0.00e+00	0.00e+00
 5.14397e+22	6.00e-19	6.04e-14	2.28e-10	7.88e-08	5.86e-06	1.75e-04	3.05e-02	2.99e-01	6.71e-01	0.00e+00	0.00e+00	0.00e+00
 5.15642e+22	7.35e-19	7.20e-14	2.66e-10	8.93e-08	6.47e-06	1.88e-04	3.19e-02	3.04e-01	6.64e-01	0.00e+00	0.00e+00	0.00e+00
 5.16918e+22	9.67e-19	9.14e-14	3.26e-10	1.06e-07	7.40e-06	2.07e-04	3.38e-02	3.10e-01	6.56e-01	0.00e+00	0.00e+00	0.00e+00
 5.18220e+22	1.19e-18	1.09e-13	3.80e-10	1.20e-07	8.20e-06	2.22e-04	3.53e-02	3.16e-01	6.49e-01	0.00e+00	0.00e+00	0.00e+00
 5.19553e+22	1.56e-18	1.39e-13	4.66e-10	1.43e-07	9.40e-06	2.45e-04	3.74e-02	3.22e-01	6.40e-01	0.00e+00	0.00e+00	0.00e+00
 5.20909e+22	1.92e-18	1.66e-13	5.44e-10	1.63e-07	1.04e-05	2.63e-04	3.91e-02	3.28e-01	6.33e-01	0.00e+00	0.00e+00	0.00e+00
 5.22296e+22	2.53e-18	2.11e-13	6.68e-10	1.93e-07	1.19e-05	2.90e-04	4.14e-02	3.35e-01	6.23e-01	0.00e+00	0.00e+00	0.00e+00
 5.23710e+22	3.12e-18	2.53e-13	7.79e-10	2.20e-07	1.32e-05	3.12e-04	4.33e-02	3.40e-01	6.16e-01	0.00e+00	0.00e+00	0.00e+00
 5.25158e+22	4.11e-18	3.21e-13	9.58e-10	2.62e-07	1.52e-05	3.44e-04	4.59e-02	3.47e-01	6.06e-01	0.00e+00	0.00e+00	0.00e+00
 5.26572e+22	4.93e-18	3.77e-13	1.10e-09	2.94e-07	1.67e-05	3.67e-04	4.77e-02	3.52e-01	6.00e-01	0.00e+00	0.00e+00	0.00e+00
 5.27944e+22	6.40e-18	4.73e-13	1.33e-09	3.46e-07	1.90e-05	4.02e-04	5.04e-02	3.59e-01	5.90e-01	0.00e+00	0.00e+00	0.00e+00
 5.29338e+22	7.69e-18	5.54e-13	1.53e-09	3.88e-07	2.08e-05	4.29e-04	5.24e-02	3.64e-01	5.83e-01	0.00e+00	0.00e+00	0.00e+00
 5.30761e+22	9.89e-18	6.90e-13	1.85e-09	4.55e-07	2.36e-05	4.70e-04	5.53e-02	3.71e-01	5.74e-01	0.00e+00	0.00e+00	0.00e+00
 5.32228e+22	1.21e-17	8.23e-13	2.15e-09	5.16e-07	2.61e-05	5.05e-04	5.77e-02	3.76e-01	5.66e-01	0.00e+00	0.00e+00	0.00e+00
 5.33753e+22	1.56e-17	1.03e-12	2.60e-09	6.05e-07	2.97e-05	5.52e-04	6.09e-02	3.83e-01	5.56e-01	0.00e+00	0.00e+00	0.00e+00
 5.35329e+22	1.93e-17	1.23e-12	3.05e-09	6.92e-07	3.30e-05	5.96e-04	6.37e-02	3.88e-01	5.47e-01	0.00e+00	0.00e+00	0.00e+00
 5.36970e+22	2.50e-17	1.55e-12	3.70e-09	8.16e-07	3.76e-05	6.54e-04	6.72e-02	3.95e-01	5.37e-01	2.50e-17	6.31e-28	6.71e-28
 5.38657e+22	3.12e-17	1.88e-12	4.36e-09	9.36e-07	4.20e-05	7.07e-04	7.04e-02	4.01e-01	5.28e-01	3.12e-17	5.86e-26	7.38e-26
 5.40402e+22	4.08e-17	2.37e-12	5.34e-09	1.11e-06	4.81e-05	7.78e-04	7.45e-02	4.08e-01	5.17e-01	4.08e-17	7.67e-26	9.66e-26
 5.42207e+22	5.13e-17	2.90e-12	6.34e-09	1.28e-06	5.40e-05	8.43e-04	7.81e-02	4.14e-01	5.07e-01	5.13e-17	9.64e-26	1.21e-25
 5.44088e+22	6.79e-17	3.70e-12	7.82e-09	1.53e-06	6.21e-05	9.32e-04	8.27e-02	4.21e-01	4.96e-01	6.79e-17	1.28e-25	1.61e-25
 5.46015e+22	8.59e-17	4.54e-12	9.33e-09	1.77e-06	6.99e-05	1.01e-03	8.68e-02	4.26e-01	4.86e-01	8.59e-17	1.62e-25	2.04e-25
 5.47742e+22	1.07e-16	5.51e-12	1.10e-08	2.03e-06	7.80e-05	1.09e-03	9.08e-02	4.32e-01	4.76e-01	1.07e-16	2.02e-25	2.54e-25
 5.49726e+22	1.45e-16	7.16e-12	1.38e-08	2.46e-06	9.09e-05	1.22e-03	9.65e-02	4.39e-01	4.63e-01	1.45e-16	2.73e-25	3.43e-25
 5.51723e+22	1.81e-16	8.68e-12	1.63e-08	2.82e-06	1.01e-04	1.32e-03	1.01e-01	4.44e-01	4.54e-01	1.81e-16	3.40e-25	4.28e-25
 5.53736e+22	2.42e-16	1.12e-11	2.03e-08	3.40e-06	1.18e-04	1.46e-03	1.07e-01	4.51e-01	4.41e-01	2.42e-16	4.57e-25	5.75e-25
 5.55791e+22	3.07e-16	1.38e-11	2.42e-08	3.94e-06	1.32e-04	1.59e-03	1.12e-01	4.56e-01	4.30e-01	3.07e-16	5.79e-25	7.28e-25
 5.57902e+22	4.16e-16	1.79e-11	3.04e-08	4.77e-06	1.54e-04	1.77e-03	1.19e-01	4.62e-01	4.17e-01	4.16e-16	7.83e-25	9.86e-25
 5.60045e+22	5.30e-16	2.22e-11	3.64e-08	5.56e-06	1.74e-04	1.92e-03	1.25e-01	4.67e-01	4.06e-01	5.30e-16	9.99e-25	1.26e-24
 5.62230e+22	7.27e-16	2.92e-11	4.62e-08	6.78e-06	2.04e-04	2.15e-03	1.33e-01	4.73e-01	3.92e-01	7.27e-16	1.37e-24	1.72e-24
 5.64296e+22	8.93e-16	3.50e-11	5.39e-08	7.73e-06	2.27e-04	2.31e-03	1.38e-01	4.77e-01	3.82e-01	8.93e-16	1.69e-24	2.12e-24
 5.66207e+22	1.18e-15	4.45e-11	6.64e-08	9.21e-06	2.61e-04	2.55e-03	1.46e-01	4.82e-01	3.70e-01	1.18e-15	2.22e-24	2.80e-24
 5.68133e+22	1.45e-15	5.33e-11	7.75e-08	1.05e-05	2.90e-04	2.75e-03	1.52e-01	4.85e-01	3.60e-01	1.45e-15	2.73e-24	3.44e-24
 5.70079e+22	1.92e-15	6.80e-11	9.58e-08	1.26e-05	3.35e-04	3.04e-03	1.60e-01	4.89e-01	3.47e-01	1.92e-15	3.62e-24	4.56e-24
 5.72043e+22	2.37e-15	8.19e-11	1.12e-07	1.44e-05	3.73e-04	3.28e-03	1.67e-01	4.92e-01	3.37e-01	2.37e-15	4.48e-24	5.64e-24
 5.74029e+22	3.15e-15	1.05e-10	1.39e-07	1.72e-05	4.33e-04	3.63e-03	1.76e-01	4.95e-01	3.24e-01	3.15e-15	5.95e-24	7.48e-24
 5.76044e+22	3.91e-15	1.27e-10	1.64e-07	1.98e-05	4.84e-04	3.93e-03	1.84e-01	4.98e-01	3.14e-01	3.91e-15	7.40e-24	9.30e-24
 5.78095e+22	5.22e-15	1.63e-10	2.04e-07	2.39e-05	5.64e-04	4.37e-03	1.94e-01	5.00e-01	3.00e-01	5.22e-15	9.88e-24	1.24e-23
 5.80174e+22	6.50e-15	1.97e-10	2.41e-07	2.75e-05	6.34e-04	4.74e-03	2.03e-01	5.02e-01	2.90e-01	6.50e-15	1.23e-23	1.55e-23
 5.82290e+22	8.69e-15	2.54e-10	3.01e-07	3.33e-05	7.40e-04	5.28e-03	2.14e-01	5.03e-01	2.76e-01	8.69e-15	1.65e-23	2.07e-23
 5.84452e+22	1.09e-14	3.11e-10	3.58e-07	3.87e-05	8.38e-04	5.76e-03	2.24e-01	5.04e-01	2.66e-01	1.09e-14	2.07e-23	2.60e-23
 5.86675e+22	1.47e-14	4.02e-10	4.50e-07	4.71e-05	9.86e-04	6.46e-03	2.37e-01	5.04e-01	2.51e-01	1.47e-14	2.79e-23	3.50e-23
 5.88930e+22	1.85e-14	4.92e-10	5.37e-07	5.50e-05	1.12e-03	7.06e-03	2.48e-01	5.04e-01	2.40e-01	1.85e-14	3.51e-23	4.41e-23
 5.91165e+22	2.44e-14	6.28e-10	6.67e-07	6.65e-05	1.31e-03	7.89e-03	2.61e-01	5.03e-01	2.27e-01	2.44e-14	4.64e-23	5.83e-23
 5.93298e+22	2.98e-14	7.47e-10	7.78e-07	7.61e-05	1.47e-03	8.54e-03	2.71e-01	5.01e-01	2.17e-01	2.98e-14	5.66e-23	7.11e-23
 5.95362e+22	3.83e-14	9.33e-10	9.49e-07	9.07e-05	1.71e-03	9.49e-03	2.85e-01	4.99e-01	2.05e-01	3.83e-14	7.29e-23	9.15e-23
 5.97464e+22	4.66e-14	1.11e-09	1.11e-06	1.04e-04	1.92e-03	1.03e-02	2.96e-01	4.96e-01	1.95e-01	4.66e-14	8.87e-23	1.11e-22
 5.99523e+22	5.86e-14	1.36e-09	1.33e-06	1.23e-04	2.21e-03	1.14e-02	3.10e-01	4.92e-01	1.84e-01	5.86e-14	1.12e-22	1.40e-22
 6.01626e+22	7.10e-14	1.61e-09	1.56e-06	1.41e-04	2.49e-03	1.24e-02	3.22e-01	4.89e-01	1.74e-01	7.10e-14	1.35e-22	1.70e-22
 6.03674e+22	8.69e-14	1.93e-09	1.84e-06	1.64e-04	2.83e-03	1.36e-02	3.36e-01	4.84e-01	1.64e-01	8.69e-14	1.66e-22	2.08e-22
 6.05764e+22	1.05e-13	2.27e-09	2.14e-06	1.89e-04	3.20e-03	1.48e-02	3.49e-01	4.78e-01	1.55e-01	1.05e-13	2.00e-22	2.51e-22
 6.07834e+22	1.26e-13	2.68e-09	2.50e-06	2.18e-04	3.62e-03	1.62e-02	3.62e-01	4.73e-01	1.45e-01	1.26e-13	2.40e-22	3.01e-22
 6.09914e+22	1.49e-13	3.13e-09	2.89e-06	2.50e-04	4.08e-03	1.77e-02	3.75e-01	4.66e-01	1.37e-01	1.49e-13	2.85e-22	3.58e-22
 6.11972e+22	1.76e-13	3.63e-09	3.33e-06	2.85e-04	4.58e-03	1.92e-02	3.88e-01	4.59e-01	1.28e-01	1.76e-13	3.36e-22	4.21e-22
 6.14025e+22	2.05e-13	4.18e-09	3.82e-06	3.24e-04	5.13e-03	2.09e-02	4.01e-01	4.52e-01	1.20e-01	2.05e-13	3.93e-22	4.92e-22
 6.16083e+22	2.38e-13	4.79e-09	4.36e-06	3.68e-04	5.73e-03	2.27e-02	4.14e-01	4.44e-01	1.13e-01	2.38e-13	4.56e-22	5.71e-22
 6.18150e+22	2.74e-13	5.45e-09	4.96e-06	4.16e-04	6.40e-03	2.46e-02	4.27e-01	4.36e-01	1.05e-01	2.74e-13	5.25e-22	6.58e-22
 6.20229e+22	3.13e-13	6.18e-09	5.62e-06	4.70e-04	7.12e-03	2.66e-02	4.40e-01	4.27e-01	9.83e-02	3.13e-13	6.01e-22	7.53e-22
 6.22329e+22	3.56e-13	6.98e-09	6.35e-06	5.30e-04	7.92e-03	2.88e-02	4.53e-01	4.18e-01	9.17e-02	3.56e-13	6.84e-22	8.57e-22
 6.24454e+22	4.03e-13	7.85e-09	7.16e-06	5.97e-04	8.79e-03	3.12e-02	4.65e-01	4.09e-01	8.53e-02	4.03e-13	7.75e-22	9.71e-22
 6.26589e+22	4.53e-13	8.78e-09	8.04e-06	6.69e-04	9.72e-03	3.36e-02	4.77e-01	3.99e-01	7.93e-02	4.53e-13	8.72e-22	1.09e-21
 6.28760e+22	5.07e-13	9.81e-09	9.03e-06	7.52e-04	1.08e-02	3.63e-02	4.89e-01	3.89e-01	7.35e-02	5.07e-13	9.78e-22	1.22e-21
 6.30956e+22	5.65e-13	1.09e-08	1.01e-05	8.41e-04	1.19e-02	3.91e-02	5.01e-01	3.79e-01	6.81e-02	5.65e-13	1.09e-21	1.36e-21
 6.33197e+22	6.28e-13	1.21e-08	1.13e-05	9.44e-04	1.31e-02	4.22e-02	5.13e-01	3.68e-01	6.28e-02	6.28e-13	1.21e-21	1.52e-21
 6.35280e+22	6.83e-13	1.32e-08	1.24e-05	1.03e-03	1.42e-02	4.48e-02	5.22e-01	3.59e-01	5.89e-02	6.83e-13	1.32e-21	1.65e-21
 6.37430e+22	7.55e-13	1.46e-08	1.39e-05	1.16e-03	1.57e-02	4.84e-02	5.33e-01	3.48e-01	5.39e-02	7.55e-13	1.46e-21	1.83e-21
 6.39615e+22	8.20e-13	1.59e-08	1.52e-05	1.27e-03	1.69e-02	5.13e-02	5.42e-01	3.38e-01	5.04e-02	8.20e-13	1.59e-21	1.99e-21
 6.41847e+22	8.99e-13	1.75e-08	1.70e-05	1.43e-03	1.87e-02	5.54e-02	5.52e-01	3.26e-01	4.59e-02	8.99e-13	1.75e-21	2.19e-21
 6.44088e+22	9.75e-13	1.91e-08	1.86e-05	1.57e-03	2.01e-02	5.86e-02	5.60e-01	3.17e-01	4.28e-02	9.75e-13	1.90e-21	2.37e-21
 6.46340e+22	1.07e-12	2.10e-08	2.07e-05	1.75e-03	2.21e-02	6.30e-02	5.69e-01	3.05e-01	3.90e-02	1.07e-12	2.08e-21	2.60e-21
 6.48607e+22	1.15e-12	2.27e-08	2.26e-05	1.92e-03	2.37e-02	6.65e-02	5.76e-01	2.96e-01	3.63e-02	1.15e-12	2.24e-21	2.80e-21
 6.50891e+22	1.25e-12	2.50e-08	2.52e-05	2.14e-03	2.60e-02	7.13e-02	5.84e-01	2.84e-01	3.30e-02	1.25e-12	2.45e-21	3.06e-21
 6.53194e+22	1.35e-12	2.71e-08	2.75e-05	2.34e-03	2.78e-02	7.52e-02	5.89e-01	2.75e-01	3.06e-02	1.35e-12	2.64e-21	3.30e-21
 6.55524e+22	1.47e-12	2.98e-08	3.07e-05	2.61e-03	3.03e-02	8.04e-02	5.96e-01	2.63e-01	2.77e-02	1.47e-12	2.89e-21	3.60e-21
 6.57883e+22	1.58e-12	3.23e-08	3.36e-05	2.85e-03	3.24e-02	8.46e-02	6.01e-01	2.54e-01	2.57e-02	1.58e-12	3.11e-21	3.88e-21
 6.60281e+22	1.73e-12	3.57e-08	3.75e-05	3.19e-03	3.53e-02	9.03e-02	6.06e-01	2.42e-01	2.31e-02	1.73e-12	3.40e-21	4.24e-21
 6.62718e+22	1.86e-12	3.88e-08	4.11e-05	3.49e-03	3.77e-02	9.50e-02	6.09e-01	2.33e-01	2.13e-02	1.86e-12	3.68e-21	4.59e-21
 6.65208e+22	2.04e-12	4.30e-08	4.62e-05	3.91e-03	4.10e-02	1.01e-01	6.13e-01	2.21e-01	1.91e-02	2.04e-12	4.03e-21	5.03e-21
 6.67751e+22	2.22e-12	4.71e-08	5.09e-05	4.29e-03	4.38e-02	1.06e-01	6.16e-01	2.12e-01	1.76e-02	2.22e-12	4.39e-21	5.47e-21
 6.70364e+22	2.44e-12	5.26e-08	5.75e-05	4.82e-03	4.76e-02	1.13e-01	6.18e-01	2.01e-01	1.57e-02	2.44e-12	4.84e-21	6.03e-21
 6.73038e+22	2.67e-12	5.81e-08	6.37e-05	5.30e-03	5.08e-02	1.19e-01	6.19e-01	1.92e-01	1.43e-02	2.67e-12	5.31e-21	6.62e-21
 6.75294e+22	2.88e-12	6.32e-08	6.96e-05	5.76e-03	5.38e-02	1.24e-01	6.19e-01	1.84e-01	1.32e-02	2.88e-12	5.74e-21	7.15e-21
 6.77729e+22	3.17e-12	7.05e-08	7.81e-05	6.41e-03	5.79e-02	1.31e-01	6.19e-01	1.74e-01	1.18e-02	3.17e-12	6.34e-21	7.89e-21
 6.80198e+22	3.45e-12	7.73e-08	8.59e-05	6.97e-03	6.12e-02	1.36e-01	6.18e-01	1.67e-01	1.08e-02	3.45e-12	6.91e-21	8.60e-21
 6.82334e+22	3.73e-12	8.43e-08	9.38e-05	7.55e-03	6.46e-02	1.42e-01	6.16e-01	1.60e-01	9.98e-03	3.73e-12	7.48e-21	9.31e-21
 6.84733e+22	4.10e-12	9.41e-08	1.05e-04	8.37e-03	6.90e-02	1.49e-01	6.14e-01	1.51e-01	8.94e-03	4.10e-12	8.26e-21	1.03e-20
 6.87119e+22	4.49e-12	1.04e-07	1.15e-04	9.05e-03	7.26e-02	1.54e-01	6.11e-01	1.45e-01	8.25e-03	4.49e-12	9.06e-21	1.13e-20
 6.89488e+22	4.97e-12	1.16e-07	1.29e-04	1.00e-02	7.74e-02	1.61e-01	6.07e-01	1.37e-01	7.39e-03	4.97e-12	1.01e-20	1.25e-20
 6.91892e+22	5.47e-12	1.28e-07	1.42e-04	1.08e-02	8.14e-02	1.67e-01	6.04e-01	1.30e-01	6.79e-03	5.47e-12	1.11e-20	1.38e-20
 6.94341e+22	6.12e-12	1.45e-07	1.61e-04	1.20e-02	8.67e-02	1.74e-01	5.98e-01	1.23e-01	6.06e-03	6.12e-12	1.24e-20	1.55e-20
 6.96833e+22	6.81e-12	1.62e-07	1.78e-04	1.30e-02	9.11e-02	1.80e-01	5.93e-01	1.17e-01	5.55e-03	6.81e-12	1.39e-20	1.73e-20
 6.99378e+22	7.66e-12	1.84e-07	2.01e-04	1.44e-02	9.70e-02	1.88e-01	5.86e-01	1.09e-01	4.91e-03	7.66e-12	1.57e-20	1.95e-20
 7.01963e+22	8.61e-12	2.07e-07	2.24e-04	1.57e-02	1.02e-01	1.93e-01	5.80e-01	1.04e-01	4.48e-03	8.61e-12	1.77e-20	2.20e-20
 7.04599e+22	9.81e-12	2.39e-07	2.55e-04	1.74e-02	1.09e-01	2.02e-01	5.72e-01	9.66e-02	3.95e-03	9.81e-12	2.02e-20	2.51e-20
 7.07299e+22	1.11e-11	2.70e-07	2.85e-04	1.90e-02	1.14e-01	2.08e-01	5.64e-01	9.13e-02	3.57e-03	1.11e-11	2.30e-20	2.85e-20
 7.10080e+22	1.29e-11	3.16e-07	3.28e-04	2.12e-02	1.22e-01	2.16e-01	5.53e-01	8.45e-02	3.12e-03	1.29e-11	2.69e-20	3.33e-20
 7.12929e+22	1.48e-11	3.61e-07	3.69e-04	2.31e-02	1.28e-01	2.22e-01	5.44e-01	7.94e-02	2.80e-03	1.48e-11	3.08e-20	3.82e-20
 7.15864e+22	1.75e-11	4.29e-07	4.29e-04	2.59e-02	1.36e-01	2.30e-01	5.32e-01	7.30e-02	2.42e-03	1.75e-11	3.67e-20	4.55e-20
 7.18829e+22	2.03e-11	4.94e-07	4.84e-04	2.83e-02	1.43e-01	2.36e-01	5.21e-01	6.83e-02	2.17e-03	2.03e-11	4.27e-20	5.29e-20
 7.21832e+22	2.42e-11	5.91e-07	5.64e-04	3.17e-02	1.52e-01	2.44e-01	5.07e-01	6.24e-02	1.86e-03	2.42e-11	5.14e-20	6.36e-20
 7.24869e+22	2.84e-11	6.86e-07	6.38e-04	3.46e-02	1.60e-01	2.50e-01	4.95e-01	5.82e-02	1.66e-03	2.84e-11	6.04e-20	7.47e-20
 7.27951e+22	3.44e-11	8.28e-07	7.48e-04	3.87e-02	1.70e-01	2.57e-01	4.80e-01	5.29e-02	1.42e-03	3.44e-11	7.37e-20	9.11e-20
 7.30959e+22	4.02e-11	9.55e-07	8.40e-04	4.20e-02	1.77e-01	2.61e-01	4.68e-01	4.94e-02	1.27e-03	4.02e-11	8.66e-20	1.07e-19
 7.33872e+22	4.84e-11	1.14e-06	9.74e-04	4.66e-02	1.87e-01	2.68e-01	4.52e-01	4.50e-02	1.09e-03	4.84e-11	1.05e-19	1.30e-19
 7.36886e+22	5.75e-11	1.34e-06	1.10e-03	5.07e-02	1.95e-01	2.72e-01	4.39e-01	4.16e-02	9.60e-04	5.75e-11	1.25e-19	1.55e-19
 7.39460e+22	6.67e-11	1.53e-06	1.23e-03	5.46e-02	2.03e-01	2.75e-01	4.27e-01	3.88e-02	8.58e-04	6.67e-11	1.46e-19	1.80e-19
 7.42238e+22	8.05e-11	1.82e-06	1.41e-03	6.00e-02	2.12e-01	2.80e-01	4.11e-01	3.53e-02	7.39e-04	8.05e-11	1.78e-19	2.19e-19
 7.45018e+22	9.38e-11	2.09e-06	1.57e-03	6.45e-02	2.20e-01	2.83e-01	3.98e-01	3.28e-02	6.58e-04	9.38e-11	2.08e-19	2.57e-19
 7.47798e+22	1.14e-10	2.48e-06	1.80e-03	7.05e-02	2.29e-01	2.86e-01	3.82e-01	2.99e-02	5.69e-04	1.14e-10	2.55e-19	3.14e-19
 7.50689e+22	1.35e-10	2.89e-06	2.03e-03	7.63e-02	2.37e-01	2.88e-01	3.68e-01	2.74e-02	4.97e-04	1.35e-10	3.04e-19	3.74e-19
 7.53271e+22	1.59e-10	3.34e-06	2.27e-03	8.19e-02	2.45e-01	2.90e-01	3.55e-01	2.53e-02	4.40e-04	1.59e-10	3.61e-19	4.44e-19
 7.56175e+22	1.96e-10	4.00e-06	2.60e-03	8.94e-02	2.55e-01	2.91e-01	3.39e-01	2.28e-02	3.76e-04	1.96e-10	4.49e-19	5.51e-19
 7.59229e+22	2.37e-10	4.70e-06	2.94e-03	9.68e-02	2.64e-01	2.92e-01	3.24e-01	2.07e-02	3.24e-04	2.37e-10	5.47e-19	6.71e-19
 7.62005e+22	2.84e-10	5.48e-06	3.30e-03	1.04e-01	2.72e-01	2.92e-01	3.10e-01	1.89e-02	2.83e-04	2.84e-10	6.59e-19	8.09e-19
 7.65142e+22	3.58e-10	6.65e-06	3.81e-03	1.14e-01	2.82e-01	2.91e-01	2.92e-01	1.68e-02	2.37e-04	3.58e-10	8.39e-19	1.03e-18
 7.68371e+22	4.37e-10	7.86e-06	4.32e-03	1.23e-01	2.90e-01	2.90e-01	2.77e-01	1.51e-02	2.02e-04	4.37e-10	1.03e-18	1.27e-18
 7.71239e+22	5.29e-10	9.19e-06	4.85e-03	1.32e-01	2.98e-01	2.88e-01	2.63e-01	1.37e-02	1.74e-04	5.29e-10	1.26e-18	1.55e-18
 7.74486e+22	6.75e-10	1.12e-05	5.61e-03	1.44e-01	3.08e-01	2.85e-01	2.46e-01	1.20e-02	1.43e-04	6.75e-10	1.63e-18	1.99e-18
 7.77825e+22	8.31e-10	1.33e-05	6.34e-03	1.54e-01	3.15e-01	2.82e-01	2.31e-01	1.07e-02	1.21e-04	8.31e-10	2.03e-18	2.48e-18
 7.81284e+22	1.08e-09	1.64e-05	7.37e-03	1.68e-01	3.24e-01	2.77e-01	2.14e-01	9.26e-03	9.83e-05	1.08e-09	2.67e-18	3.26e-18
 7.84803e+22	1.34e-09	1.94e-05	8.32e-03	1.80e-01	3.31e-01	2.73e-01	2.00e-01	8.19e-03	8.25e-05	1.34e-09	3.35e-18	4.09e-18
 7.88399e+22	1.77e-09	2.42e-05	9.72e-03	1.97e-01	3.38e-01	2.66e-01	1.82e-01	6.96e-03	6.52e-05	1.77e-09	4.50e-18	5.48e-18
 7.92039e+22	2.21e-09	2.86e-05	1.09e-02	2.10e-01	3.44e-01	2.60e-01	1.70e-01	6.12e-03	5.44e-05	2.21e-09	5.67e-18	6.91e-18
 7.95735e+22	2.94e-09	3.56e-05	1.27e-02	2.28e-01	3.49e-01	2.51e-01	1.53e-01	5.15e-03	4.26e-05	2.94e-09	7.67e-18	9.33e-18
 7.99464e+22	3.68e-09	4.23e-05	1.43e-02	2.43e-01	3.53e-01	2.44e-01	1.41e-01	4.48e-03	3.50e-05	3.68e-09	9.76e-18	1.19e-17
 8.03237e+22	4.91e-09	5.26e-05	1.66e-02	2.62e-01	3.57e-01	2.34e-01	1.27e-01	3.74e-03	2.71e-05	4.91e-09	1.33e-17	1.61e-17
 8.07059e+22	6.22e-09	6.26e-05	1.87e-02	2.78e-01	3.59e-01	2.25e-01	1.16e-01	3.21e-03	2.20e-05	6.22e-09	1.70e-17	2.06e-17
 8.10943e+22	8.37e-09	7.80e-05	2.17e-02	2.98e-01	3.60e-01	2.14e-01	1.03e-01	2.64e-03	1.67e-05	8.37e-09	2.34e-17	2.83e-17
 8.14858e+22	1.06e-08	9.27e-05	2.43e-02	3.15e-01	3.60e-01	2.05e-01	9.34e-02	2.25e-03	1.34e-05	1.06e-08	3.01e-17	3.64e-17
 8.18814e+22	1.43e-08	1.15e-04	2.80e-02	3.36e-01	3.59e-01	1.93e-01	8.21e-02	1.83e-03	1.01e-05	1.43e-08	4.15e-17	5.02e-17
 8.22828e+22	1.82e-08	1.37e-04	3.13e-02	3.53e-01	3.57e-01	1.83e-01	7.38e-02	1.54e-03	8.00e-06	1.82e-08	5.39e-17	6.50e-17
 8.26919e+22	2.48e-08	1.71e-04	3.61e-02	3.76e-01	3.52e-01	1.70e-01	6.40e-02	1.23e-03	5.90e-06	2.48e-08	7.52e-17	9.07e-17
 8.31044e+22	3.16e-08	2.03e-04	4.02e-02	3.93e-01	3.48e-01	1.61e-01	5.71e-02	1.03e-03	4.62e-06	3.16e-08	9.77e-17	1.18e-16
 8.35213e+22	4.32e-08	2.52e-04	4.61e-02	4.14e-01	3.41e-01	1.48e-01	4.90e-02	8.12e-04	3.36e-06	4.32e-08	1.37e-16	1.65e-16
 8.39440e+22	5.52e-08	3.00e-04	5.13e-02	4.31e-01	3.35e-01	1.38e-01	4.32e-02	6.70e-04	2.59e-06	5.52e-08	1.79e-16	2.15e-16
 8.43119e+22	7.00e-08	3.53e-04	5.67e-02	4.47e-01	3.28e-01	1.29e-01	3.82e-02	5.54e-04	2.01e-06	7.00e-08	2.32e-16	2.79e-16
 8.46635e+22	8.70e-08	4.10e-04	6.20e-02	4.61e-01	3.21e-01	1.21e-01	3.40e-02	4.64e-04	1.59e-06	8.70e-08	2.94e-16	3.53e-16
 8.49980e+22	1.08e-07	4.75e-04	6.77e-02	4.75e-01	3.14e-01	1.13e-01	3.03e-02	3.89e-04	1.26e-06	1.08e-07	3.72e-16	4.46e-16
 8.53748e+22	1.41e-07	5.70e-04	7.54e-02	4.91e-01	3.04e-01	1.03e-01	2.61e-02	3.10e-04	9.29e-07	1.41e-07	4.99e-16	5.98e-16
 8.57507e+22	1.73e-07	6.57e-04	8.19e-02	5.03e-01	2.96e-01	9.59e-02	2.31e-02	2.59e-04	7.30e-07	1.73e-07	6.29e-16	7.54e-16
 8.61254e+22	2.25e-07	7.84e-04	9.07e-02	5.17e-01	2.85e-01	8.73e-02	1.98e-02	2.05e-04	5.37e-07	2.25e-07	8.42e-16	1.01e-15
 8.65073e+22	2.79e-07	9.06e-04	9.85e-02	5.27e-01	2.75e-01	8.05e-02	1.74e-02	1.69e-04	4.16e-07	2.79e-07	1.07e-15	1.28e-15
 8.68987e+22	3.65e-07	1.08e-03	1.09e-01	5.39e-01	2.63e-01	7.25e-02	1.47e-02	1.32e-04	3.00e-07	3.65e-07	1.44e-15	1.72e-15
 8.72938e+22	4.53e-07	1.25e-03	1.18e-01	5.48e-01	2.53e-01	6.64e-02	1.28e-02	1.08e-04	2.29e-07	4.53e-07	1.84e-15	2.19e-15
 8.76414e+22	5.58e-07	1.44e-03	1.27e-01	5.56e-01	2.43e-01	6.09e-02	1.12e-02	8.79e-05	1.76e-07	5.58e-07	2.33e-15	2.77e-15
 8.80406e+22	7.29e-07	1.72e-03	1.40e-01	5.64e-01	2.30e-01	5.42e-02	9.34e-03	6.77e-05	1.25e-07	7.29e-07	3.14e-15	3.75e-15
 8.84272e+22	8.84e-07	1.95e-03	1.50e-01	5.69e-01	2.21e-01	4.97e-02	8.18e-03	5.57e-05	0.00e+00	8.84e-07	3.91e-15	4.66e-15
 8.87351e+22	1.06e-06	2.19e-03	1.60e-01	5.73e-01	2.12e-01	4.58e-02	7.23e-03	4.65e-05	0.00e+00	1.06e-06	4.79e-15	5.70e-15
 8.90732e+22	1.31e-06	2.52e-03	1.72e-01	5.76e-01	2.02e-01	4.13e-02	6.20e-03	3.72e-05	0.00e+00	1.31e-06	6.13e-15	7.29e-15
 8.94170e+22	1.57e-06	2.84e-03	1.82e-01	5.78e-01	1.93e-01	3.79e-02	5.44e-03	3.08e-05	0.00e+00	1.57e-06	7.53e-15	8.96e-15
 8.97202e+22	1.86e-06	3.18e-03	1.93e-01	5.79e-01	1.85e-01	3.47e-02	4.80e-03	2.56e-05	0.00e+00	1.86e-06	9.18e-15	1.09e-14
 9.00659e+22	2.31e-06	3.66e-03	2.07e-01	5.80e-01	1.74e-01	3.11e-02	4.08e-03	2.02e-05	0.00e+00	2.31e-06	1.18e-14	1.40e-14
 9.04162e+22	2.77e-06	4.11e-03	2.19e-01	5.79e-01	1.66e-01	2.83e-02	3.55e-03	1.66e-05	0.00e+00	2.77e-06	1.45e-14	1.72e-14
 9.07229e+22	3.28e-06	4.59e-03	2.31e-01	5.77e-01	1.58e-01	2.58e-02	3.11e-03	1.37e-05	0.00e+00	3.28e-06	1.77e-14	2.10e-14
