#depth	S	S+	S+2	S+3	S+4	S+5	S+6	S+7	S+8	S+9	S+10	S+11	S+12	S+13	S+14	S+15	S+16
 4.62852e+21	0.00e+00	0.00e+00	0.00e+00	0.00e+00	0.00e+00	0.00e+00	0.00e+00	0.00e+00	2.18e-23	7.14e-20	1.40e-16	1.44e-13	9.29e-11	6.31e-08	8.52e-05	1.63e-02	9.84e-01
 1.05285e+22	0.00e+00	0.00e+00	0.00e+00	0.00e+00	0.00e+00	0.00e+00	0.00e+00	6.85e-26	3.78e-22	8.60e-19	1.20e-15	8.57e-13	3.87e-10	1.84e-07	1.73e-04	2.32e-02	9.77e-01
 1.26524e+22	0.00e+00	0.00e+00	0.00e+00	0.00e+00	0.00e+00	0.00e+00	5.30e-29	5.82e-25	2.52e-21	4.54e-18	4.95e-15	2.79e-12	9.93e-10	3.72e-07	2.77e-04	2.93e-02	9.70e-01
 1.41866e+22	0.00e+00	0.00e+00	0.00e+00	0.00e+00	0.00e+00	0.00e+00	3.57e-28	3.23e-24	1.15e-20	1.71e-17	1.53e-14	7.12e-12	2.10e-09	6.53e-07	4.03e-04	3.52e-02	9.64e-01
 1.50390e+22	0.00e+00	0.00e+00	0.00e+00	0.00e+00	0.00e+00	0.00e+00	5.77e-28	4.96e-24	1.68e-20	2.38e-17	2.04e-14	9.01e-12	2.54e-09	7.52e-07	4.42e-04	3.68e-02	9.63e-01
 1.54311e+22	0.00e+00	0.00e+00	0.00e+00	0.00e+00	0.00e+00	3.34e-32	1.05e-27	8.49e-24	2.71e-20	3.60e-17	2.90e-14	1.21e-11	3.21e-09	8.96e-07	4.97e-04	3.90e-02	9.61e-01
 1.58606e+22	0.00e+00	0.00e+00	0.00e+00	0.00e+00	0.00e+00	6.35e-32	1.88e-27	1.43e-23	4.30e-20	5.39e-17	4.09e-14	1.61e-11	4.03e-09	1.06e-06	5.56e-04	4.12e-02	9.58e-01
 1.62721e+22	0.00e+00	0.00e+00	0.00e+00	0.00e+00	0.00e+00	1.17e-31	3.27e-27	2.35e-23	6.68e-20	7.91e-17	5.68e-14	2.11e-11	5.01e-09	1.25e-06	6.20e-04	4.35e-02	9.56e-01
 1.67406e+22	0.00e+00	0.00e+00	0.00e+00	0.00e+00	0.00e+00	2.61e-31	6.75e-27	4.51e-23	1.19e-19	1.31e-16	8.70e-14	3.01e-11	6.65e-09	1.55e-06	7.13e-04	4.65e-02	9.53e-01
 1.72063e+22	0.00e+00	0.00e+00	0.00e+00	0.00e+00	0.00e+00	4.87e-31	1.19e-26	7.48e-23	1.87e-19	1.94e-16	1.22e-13	3.97e-11	8.30e-09	1.82e-06	7.96e-04	4.91e-02	9.50e-01
 1.76682e+22	0.00e+00	0.00e+00	0.00e+00	0.00e+00	0.00e+00	1.09e-30	2.47e-26	1.44e-22	3.34e-19	3.22e-16	1.88e-13	5.69e-11	1.11e-08	2.26e-06	9.17e-04	5.26e-02	9.46e-01
 1.81217e+22	0.00e+00	0.00e+00	0.00e+00	0.00e+00	0.00e+00	1.97e-30	4.22e-26	2.33e-22	5.10e-19	4.65e-16	2.57e-13	7.38e-11	1.36e-08	2.64e-06	1.02e-03	5.53e-02	9.44e-01
 1.84837e+22	0.00e+00	0.00e+00	0.00e+00	0.00e+00	0.00e+00	3.37e-30	6.84e-26	3.60e-22	7.49e-19	6.50e-16	3.42e-13	9.35e-11	1.64e-08	3.04e-06	1.12e-03	5.79e-02	9.41e-01
 1.88210e+22	0.00e+00	0.00e+00	0.00e+00	0.00e+00	0.00e+00	5.65e-30	1.09e-25	5.48e-22	1.09e-18	9.00e-16	4.51e-13	1.18e-10	1.97e-08	3.49e-06	1.22e-03	6.05e-02	9.38e-01
 1.92072e+22	0.00e+00	0.00e+00	0.00e+00	0.00e+00	0.00e+00	1.07e-29	1.95e-25	9.21e-22	1.72e-18	1.34e-15	6.34e-13	1.56e-10	2.47e-08	4.13e-06	1.37e-03	6.38e-02	9.35e-01
 1.95997e+22	0.00e+00	0.00e+00	0.00e+00	0.00e+00	0.00e+00	1.85e-29	3.19e-25	1.43e-21	2.54e-18	1.89e-15	8.46e-13	1.98e-10	2.99e-08	4.76e-06	1.50e-03	6.68e-02	9.32e-01
 1.99419e+22	0.00e+00	0.00e+00	0.00e+00	0.00e+00	0.00e+00	3.10e-29	5.11e-25	2.18e-21	3.69e-18	2.61e-15	1.12e-12	2.49e-10	3.59e-08	5.46e-06	1.64e-03	6.97e-02	9.29e-01
 2.03283e+22	0.00e+00	0.00e+00	0.00e+00	0.00e+00	0.00e+00	5.79e-29	8.99e-25	3.61e-21	5.77e-18	3.85e-15	1.55e-12	3.28e-10	4.47e-08	6.42e-06	1.83e-03	7.34e-02	9.25e-01
 2.07327e+22	0.00e+00	0.00e+00	0.00e+00	0.00e+00	0.00e+00	1.04e-28	1.53e-24	5.81e-21	8.78e-18	5.55e-15	2.12e-12	4.24e-10	5.49e-08	7.49e-06	2.02e-03	7.71e-02	9.21e-01
 2.10818e+22	0.00e+00	0.00e+00	0.00e+00	0.00e+00	1.83e-32	1.74e-28	2.44e-24	8.85e-21	1.28e-17	7.68e-15	2.80e-12	5.33e-10	6.59e-08	8.58e-06	2.21e-03	8.05e-02	9.17e-01
 2.14571e+22	0.00e+00	0.00e+00	0.00e+00	0.00e+00	3.55e-32	3.21e-28	4.23e-24	1.45e-20	1.97e-17	1.12e-14	3.86e-12	6.96e-10	8.15e-08	1.01e-05	2.46e-03	8.46e-02	9.13e-01
 2.18228e+22	0.00e+00	0.00e+00	0.00e+00	0.00e+00	6.15e-32	5.32e-28	6.70e-24	2.19e-20	2.84e-17	1.54e-14	5.06e-12	8.71e-10	9.75e-08	1.15e-05	2.68e-03	8.82e-02	9.09e-01
 2.21118e+22	0.00e+00	0.00e+00	0.00e+00	0.00e+00	9.77e-32	8.15e-28	9.86e-24	3.09e-20	3.86e-17	2.01e-14	6.35e-12	1.05e-09	1.13e-07	1.28e-05	2.88e-03	9.13e-02	9.06e-01
 2.24232e+22	0.00e+00	0.00e+00	0.00e+00	0.00e+00	1.68e-31	1.34e-27	1.55e-23	4.62e-20	5.50e-17	2.74e-14	8.26e-12	1.31e-09	1.35e-07	1.46e-05	3.14e-03	9.51e-02	9.02e-01
 2.27635e+22	0.00e+00	0.00e+00	0.00e+00	0.00e+00	2.85e-31	2.19e-27	2.41e-23	6.88e-20	7.82e-17	3.72e-14	1.07e-11	1.62e-09	1.60e-07	1.66e-05	3.41e-03	9.89e-02	8.98e-01
 2.30773e+22	0.00e+00	0.00e+00	0.00e+00	0.00e+00	4.70e-31	3.47e-27	3.66e-23	1.00e-19	1.09e-16	4.97e-14	1.37e-11	1.98e-09	1.88e-07	1.87e-05	3.69e-03	1.03e-01	8.94e-01
 2.33728e+22	0.00e+00	0.00e+00	0.00e+00	0.00e+00	7.65e-31	5.43e-27	5.49e-23	1.44e-19	1.50e-16	6.58e-14	1.74e-11	2.41e-09	2.20e-07	2.10e-05	3.99e-03	1.06e-01	8.90e-01
 2.37085e+22	0.00e+00	0.00e+00	0.00e+00	0.00e+00	1.39e-30	9.45e-27	9.06e-23	2.26e-19	2.23e-16	9.29e-14	2.33e-11	3.07e-09	2.66e-07	2.43e-05	4.38e-03	1.11e-01	8.84e-01
 2.40535e+22	0.00e+00	0.00e+00	0.00e+00	0.00e+00	2.34e-30	1.52e-26	1.40e-22	3.32e-19	3.15e-16	1.25e-13	3.00e-11	3.79e-09	3.15e-07	2.75e-05	4.75e-03	1.16e-01	8.80e-01
 2.43594e+22	0.00e+00	0.00e+00	0.00e+00	0.00e+00	3.86e-30	2.41e-26	2.12e-22	4.83e-19	4.38e-16	1.67e-13	3.83e-11	4.64e-09	3.70e-07	3.09e-05	5.13e-03	1.20e-01	8.75e-01
 2.46375e+22	0.00e+00	0.00e+00	0.00e+00	0.00e+00	6.00e-30	3.62e-26	3.06e-22	6.71e-19	5.86e-16	2.15e-13	4.75e-11	5.55e-09	4.26e-07	3.44e-05	5.50e-03	1.24e-01	8.71e-01
 2.48898e+22	0.00e+00	0.00e+00	0.00e+00	0.00e+00	8.96e-30	5.24e-26	4.28e-22	9.06e-19	7.64e-16	2.71e-13	5.78e-11	6.52e-09	4.84e-07	3.78e-05	5.85e-03	1.27e-01	8.67e-01
 2.51771e+22	0.00e+00	0.00e+00	0.00e+00	0.00e+00	1.45e-29	8.20e-26	6.41e-22	1.30e-18	1.05e-15	3.57e-13	7.31e-11	7.91e-09	5.65e-07	4.24e-05	6.31e-03	1.32e-01	8.62e-01
 2.54872e+22	0.00e+00	0.00e+00	0.00e+00	0.00e+00	2.37e-29	1.28e-25	9.64e-22	1.87e-18	1.45e-15	4.73e-13	9.29e-11	9.64e-09	6.61e-07	4.76e-05	6.80e-03	1.36e-01	8.57e-01
 2.57674e+22	0.00e+00	0.00e+00	0.00e+00	0.00e+00	3.70e-29	1.94e-25	1.40e-21	2.62e-18	1.95e-15	6.12e-13	1.16e-10	1.15e-08	7.63e-07	5.30e-05	7.29e-03	1.41e-01	8.52e-01
 2.60723e+22	0.00e+00	0.00e+00	0.00e+00	0.00e+00	6.29e-29	3.17e-25	2.18e-21	3.89e-18	2.77e-15	8.29e-13	1.49e-10	1.43e-08	9.03e-07	6.00e-05	7.91e-03	1.46e-01	8.46e-01
 2.63829e+22	0.00e+00	0.00e+00	0.00e+00	1.09e-32	1.02e-28	4.93e-25	3.26e-21	5.58e-18	3.81e-15	1.09e-12	1.89e-10	1.73e-08	1.05e-06	6.73e-05	8.52e-03	1.51e-01	8.40e-01
 2.66440e+22	0.00e+00	0.00e+00	0.00e+00	1.70e-32	1.54e-28	7.23e-25	4.62e-21	7.62e-18	5.02e-15	1.39e-12	2.32e-10	2.05e-08	1.20e-06	7.43e-05	9.08e-03	1.56e-01	8.35e-01
 2.69261e+22	0.00e+00	0.00e+00	0.00e+00	2.87e-32	2.51e-28	1.13e-24	6.93e-21	1.10e-17	6.92e-15	1.84e-12	2.94e-10	2.49e-08	1.41e-06	8.33e-05	9.78e-03	1.61e-01	8.29e-01
 2.72302e+22	0.00e+00	0.00e+00	0.00e+00	4.84e-32	4.08e-28	1.77e-24	1.04e-20	1.58e-17	9.54e-15	2.43e-12	3.72e-10	3.03e-08	1.64e-06	9.34e-05	1.05e-02	1.66e-01	8.23e-01
 2.75060e+22	0.00e+00	0.00e+00	0.00e+00	7.68e-32	6.26e-28	2.63e-24	1.49e-20	2.17e-17	1.27e-14	3.11e-12	4.59e-10	3.60e-08	1.88e-06	1.03e-04	1.12e-02	1.71e-01	8.17e-01
 2.77562e+22	0.00e+00	0.00e+00	0.00e+00	1.18e-31	9.32e-28	3.80e-24	2.07e-20	2.93e-17	1.65e-14	3.91e-12	5.58e-10	4.23e-08	2.14e-06	1.13e-04	1.19e-02	1.76e-01	8.12e-01
 2.79931e+22	0.00e+00	0.00e+00	0.00e+00	1.77e-31	1.36e-27	5.38e-24	2.84e-20	3.88e-17	2.11e-14	4.85e-12	6.70e-10	4.92e-08	2.41e-06	1.24e-04	1.26e-02	1.81e-01	8.07e-01
 2.82645e+22	0.00e+00	0.00e+00	0.00e+00	2.87e-31	2.14e-27	8.17e-24	4.16e-20	5.45e-17	2.85e-14	6.29e-12	8.35e-10	5.89e-08	2.78e-06	1.38e-04	1.35e-02	1.86e-01	8.00e-01
 2.85541e+22	0.00e+00	0.00e+00	0.00e+00	2.50e-31	1.80e-27	6.64e-24	6.06e-20	7.64e-17	3.85e-14	8.16e-12	1.04e-09	7.07e-08	3.21e-06	1.53e-04	1.45e-02	1.92e-01	7.94e-01
 2.88111e+22	0.00e+00	0.00e+00	0.00e+00	7.25e-31	5.06e-27	1.81e-23	8.53e-20	1.04e-16	5.04e-14	1.03e-11	1.27e-09	8.33e-08	3.66e-06	1.69e-04	1.54e-02	1.97e-01	7.87e-01
 2.90892e+22	0.00e+00	0.00e+00	0.00e+00	6.50e-31	4.38e-27	1.51e-23	1.27e-19	1.49e-16	6.92e-14	1.36e-11	1.60e-09	1.01e-07	4.25e-06	1.88e-04	1.65e-02	2.03e-01	7.80e-01
 2.93728e+22	0.00e+00	0.00e+00	0.00e+00	1.04e-30	6.76e-27	2.25e-23	1.83e-19	2.06e-16	9.22e-14	1.75e-11	1.98e-09	1.20e-07	4.89e-06	2.09e-04	1.77e-02	2.09e-01	7.73e-01
 2.96121e+22	0.00e+00	0.00e+00	0.00e+00	1.56e-30	9.89e-27	3.19e-23	2.52e-19	2.73e-16	1.19e-13	2.17e-11	2.39e-09	1.40e-07	5.51e-06	2.28e-04	1.87e-02	2.14e-01	7.67e-01
 2.98717e+22	0.00e+00	0.00e+00	0.00e+00	2.51e-30	1.54e-26	4.81e-23	3.64e-19	3.80e-16	1.59e-13	2.80e-11	2.96e-09	1.67e-07	6.33e-06	2.52e-04	1.99e-02	2.20e-01	7.60e-01
 3.01514e+22	0.00e+00	0.00e+00	0.00e+00	4.03e-30	2.39e-26	7.22e-23	5.26e-19	5.29e-16	2.13e-13	3.60e-11	3.67e-09	1.99e-07	7.28e-06	2.80e-04	2.13e-02	2.26e-01	7.52e-01
 3.04058e+22	0.00e+00	0.00e+00	0.00e+00	6.17e-30	3.56e-26	1.04e-22	7.33e-19	7.11e-16	2.76e-13	4.52e-11	4.44e-09	2.33e-07	8.25e-06	3.06e-04	2.26e-02	2.32e-01	7.45e-01
 3.06407e+22	0.00e+00	0.00e+00	0.00e+00	9.24e-30	5.18e-26	1.47e-22	1.00e-18	9.42e-16	3.54e-13	5.61e-11	5.34e-09	2.71e-07	9.29e-06	3.34e-04	2.38e-02	2.37e-01	7.38e-01
 3.08674e+22	0.00e+00	0.00e+00	0.00e+00	1.36e-29	7.42e-26	2.05e-22	1.35e-18	1.23e-15	4.49e-13	6.89e-11	6.35e-09	3.13e-07	1.04e-05	3.63e-04	2.51e-02	2.43e-01	7.32e-01
 3.11279e+22	0.00e+00	0.00e+00	0.00e+00	2.17e-29	1.15e-25	3.07e-22	1.95e-18	1.71e-15	5.98e-13	8.85e-11	7.85e-09	3.72e-07	1.19e-05	4.01e-04	2.68e-02	2.49e-01	7.24e-01
 3.14048e+22	0.00e+00	0.00e+00	3.70e-33	3.44e-29	1.76e-25	4.55e-22	2.79e-18	2.36e-15	7.95e-13	1.13e-10	9.67e-09	4.42e-07	1.37e-05	4.43e-04	2.85e-02	2.55e-01	7.16e-01
 3.16515e+22	0.00e+00	0.00e+00	5.82e-33	5.26e-29	2.62e-25	6.55e-22	3.89e-18	3.17e-15	1.03e-12	1.42e-10	1.17e-08	5.18e-07	1.55e-05	4.85e-04	3.02e-02	2.61e-01	7.08e-01
 3.19209e+22	0.00e+00	0.00e+00	9.84e-33	8.63e-29	4.15e-25	1.00e-21	5.72e-18	4.47e-15	1.40e-12	1.85e-10	1.47e-08	6.22e-07	1.79e-05	5.38e-04	3.22e-02	2.68e-01	6.99e-01
 3.21975e+22	0.00e+00	0.00e+00	1.60e-32	1.36e-28	6.35e-25	1.48e-21	8.15e-18	6.15e-15	1.85e-12	2.36e-10	1.80e-08	7.38e-07	2.04e-05	5.93e-04	3.42e-02	2.75e-01	6.90e-01
 3.24287e+22	0.00e+00	0.00e+00	2.43e-32	2.01e-28	9.13e-25	2.07e-21	1.10e-17	8.06e-15	2.36e-12	2.91e-10	2.15e-08	8.53e-07	2.29e-05	6.44e-04	3.61e-02	2.81e-01	6.83e-01
 3.26744e+22	0.00e+00	0.00e+00	3.92e-32	3.16e-28	1.39e-24	3.05e-21	1.57e-17	1.10e-14	3.11e-12	3.70e-10	2.64e-08	1.01e-06	2.61e-05	7.09e-04	3.83e-02	2.87e-01	6.74e-01
 3.29391e+22	0.00e+00	0.00e+00	6.30e-32	4.93e-28	2.10e-24	4.47e-21	2.22e-17	1.51e-14	4.09e-12	4.70e-10	3.23e-08	1.19e-06	2.97e-05	7.79e-04	4.06e-02	2.94e-01	6.65e-01
 3.31815e+22	0.00e+00	0.00e+00	9.71e-32	7.39e-28	3.07e-24	6.33e-21	3.04e-17	2.00e-14	5.26e-12	5.83e-10	3.88e-08	1.38e-06	3.34e-05	8.48e-04	4.28e-02	3.00e-01	6.56e-01
 3.34496e+22	0.00e+00	0.00e+00	1.64e-31	1.21e-27	4.86e-24	9.66e-21	4.47e-17	2.82e-14	7.12e-12	7.59e-10	4.85e-08	1.66e-06	3.86e-05	9.41e-04	4.56e-02	3.07e-01	6.46e-01
 3.37318e+22	0.00e+00	0.00e+00	1.72e-31	1.23e-27	4.76e-24	1.46e-20	6.49e-17	3.94e-14	9.57e-12	9.82e-10	6.03e-08	1.99e-06	4.44e-05	1.04e-03	4.85e-02	3.14e-01	6.36e-01
 3.39679e+22	0.00e+00	0.00e+00	2.57e-31	1.79e-27	6.78e-24	2.02e-20	8.72e-17	5.13e-14	1.21e-11	1.20e-09	7.16e-08	2.29e-06	4.95e-05	1.13e-03	5.10e-02	3.20e-01	6.28e-01
 3.42104e+22	0.00e+00	0.00e+00	4.25e-31	2.88e-27	1.05e-23	3.02e-20	1.26e-16	7.12e-14	1.62e-11	1.55e-09	8.87e-08	2.73e-06	5.68e-05	1.24e-03	5.41e-02	3.27e-01	6.17e-01
 3.44644e+22	0.00e+00	0.00e+00	6.60e-31	4.34e-27	1.54e-23	4.28e-20	1.73e-16	9.48e-14	2.08e-11	1.93e-09	1.07e-07	3.18e-06	6.40e-05	1.35e-03	5.71e-02	3.33e-01	6.08e-01
 3.47333e+22	0.00e+00	0.00e+00	1.16e-30	7.37e-27	2.52e-23	6.73e-20	2.61e-16	1.37e-13	2.88e-11	2.55e-09	1.36e-07	3.87e-06	7.46e-05	1.51e-03	6.10e-02	3.41e-01	5.96e-01
 3.50029e+22	0.00e+00	0.00e+00	1.82e-30	1.13e-26	3.74e-23	9.63e-20	3.62e-16	1.84e-13	3.74e-11	3.20e-09	1.64e-07	4.52e-06	8.43e-05	1.65e-03	6.43e-02	3.48e-01	5.86e-01
 3.52271e+22	0.00e+00	0.00e+00	2.74e-30	1.65e-26	5.34e-23	1.33e-19	4.86e-16	2.40e-13	4.73e-11	3.93e-09	1.96e-07	5.22e-06	9.41e-05	1.79e-03	6.75e-02	3.53e-01	5.77e-01
 3.54724e+22	0.00e+00	0.00e+00	4.53e-30	2.64e-26	8.26e-23	1.99e-19	7.00e-16	3.32e-13	6.31e-11	5.05e-09	2.42e-07	6.21e-06	1.08e-04	1.97e-03	7.15e-02	3.60e-01	5.66e-01
 3.57261e+22	0.00e+00	0.00e+00	7.02e-30	3.99e-26	1.21e-22	2.82e-19	9.62e-16	4.42e-13	8.12e-11	6.29e-09	2.92e-07	7.24e-06	1.21e-04	2.14e-03	7.53e-02	3.66e-01	5.56e-01
 3.59534e+22	0.00e+00	0.00e+00	1.08e-29	5.94e-26	1.75e-22	3.96e-19	1.31e-15	5.83e-13	1.04e-10	7.78e-09	3.49e-07	8.39e-06	1.36e-04	2.32e-03	7.90e-02	3.72e-01	5.47e-01
 3.62116e+22	0.00e+00	0.00e+00	1.82e-29	9.71e-26	2.77e-22	6.00e-19	1.92e-15	8.20e-13	1.40e-10	1.01e-08	4.36e-07	1.01e-05	1.57e-04	2.57e-03	8.39e-02	3.79e-01	5.35e-01
 3.64782e+22	0.00e+00	0.00e+00	2.96e-29	1.53e-25	4.22e-22	8.82e-19	2.72e-15	1.13e-12	1.86e-10	1.29e-08	5.37e-07	1.19e-05	1.79e-04	2.82e-03	8.86e-02	3.85e-01	5.23e-01
 3.66999e+22	0.00e+00	0.00e+00	4.50e-29	2.27e-25	6.06e-22	1.22e-18	3.68e-15	1.48e-12	2.36e-10	1.59e-08	6.42e-07	1.38e-05	2.00e-04	3.05e-03	9.29e-02	3.91e-01	5.13e-01
 3.69011e+22	0.00e+00	0.00e+00	6.50e-29	3.20e-25	8.36e-22	1.64e-18	4.81e-15	1.87e-12	2.92e-10	1.91e-08	7.50e-07	1.57e-05	2.21e-04	3.27e-03	9.68e-02	3.95e-01	5.04e-01
 3.71316e+22	0.00e+00	2.11e-33	1.06e-28	5.07e-25	1.28e-21	2.41e-18	6.84e-15	2.57e-12	3.87e-10	2.44e-08	9.24e-07	1.86e-05	2.52e-04	3.59e-03	1.02e-01	4.01e-01	4.93e-01
 3.73715e+22	0.00e+00	3.39e-33	1.65e-28	7.63e-25	1.86e-21	3.40e-18	9.36e-15	3.41e-12	4.97e-10	3.04e-08	1.11e-06	2.17e-05	2.84e-04	3.90e-03	1.07e-01	4.07e-01	4.82e-01
 3.75875e+22	0.00e+00	5.32e-33	2.51e-28	1.13e-24	2.68e-21	4.72e-18	1.26e-14	4.48e-12	6.32e-10	3.74e-08	1.33e-06	2.51e-05	3.17e-04	4.22e-03	1.12e-01	4.11e-01	4.72e-01
 3.78324e+22	0.00e+00	9.28e-33	4.22e-28	1.83e-24	4.18e-21	7.08e-18	1.83e-14	6.25e-12	8.50e-10	4.84e-08	1.66e-06	3.01e-05	3.64e-04	4.65e-03	1.19e-01	4.17e-01	4.59e-01
 3.80851e+22	0.00e+00	1.55e-32	6.81e-28	2.86e-24	6.31e-21	1.03e-17	2.58e-14	8.51e-12	1.12e-09	6.14e-08	2.03e-06	3.56e-05	4.14e-04	5.08e-03	1.25e-01	4.22e-01	4.47e-01
 3.82951e+22	0.00e+00	2.42e-32	1.03e-27	4.20e-24	8.98e-21	1.41e-17	3.46e-14	1.11e-11	1.41e-09	7.54e-08	2.42e-06	4.11e-05	4.62e-04	5.49e-03	1.30e-01	4.27e-01	4.37e-01
 3.84855e+22	0.00e+00	3.59e-32	1.48e-27	5.91e-24	1.23e-20	1.88e-17	4.49e-14	1.40e-11	1.74e-09	9.04e-08	2.83e-06	4.67e-05	5.09e-04	5.87e-03	1.35e-01	4.30e-01	4.28e-01
 3.87035e+22	0.00e+00	6.06e-32	2.41e-27	9.28e-24	1.86e-20	2.72e-17	6.33e-14	1.91e-11	2.30e-09	1.15e-07	3.47e-06	5.52e-05	5.79e-04	6.41e-03	1.42e-01	4.35e-01	4.16e-01
 3.89306e+22	0.00e+00	9.43e-32	3.64e-27	1.36e-23	2.65e-20	3.76e-17	8.50e-14	2.49e-11	2.90e-09	1.41e-07	4.13e-06	6.37e-05	6.46e-04	6.91e-03	1.48e-01	4.38e-01	4.06e-01
 3.91696e+22	0.00e+00	1.69e-31	6.26e-27	2.26e-23	4.21e-20	5.69e-17	1.25e-13	3.52e-11	3.95e-09	1.85e-07	5.20e-06	7.69e-05	7.45e-04	7.63e-03	1.57e-01	4.43e-01	3.92e-01
 3.94075e+22	0.00e+00	2.74e-31	9.80e-27	3.42e-23	6.16e-20	8.00e-17	1.71e-13	4.68e-11	5.09e-09	2.30e-07	6.28e-06	8.98e-05	8.38e-04	8.27e-03	1.64e-01	4.46e-01	3.81e-01
 3.96022e+22	0.00e+00	4.11e-31	1.43e-26	4.84e-23	8.48e-20	1.07e-16	2.23e-13	5.95e-11	6.30e-09	2.77e-07	7.36e-06	1.02e-04	9.24e-04	8.84e-03	1.70e-01	4.49e-01	3.71e-01
 3.98131e+22	0.00e+00	6.92e-31	2.31e-26	7.57e-23	1.28e-19	1.54e-16	3.13e-13	8.09e-11	8.28e-09	3.52e-07	9.03e-06	1.21e-04	1.05e-03	9.63e-03	1.78e-01	4.52e-01	3.59e-01
 4.00304e+22	0.00e+00	1.09e-30	3.51e-26	1.11e-22	1.82e-19	2.11e-16	4.19e-13	1.05e-10	1.05e-08	4.32e-07	1.08e-05	1.40e-04	1.17e-03	1.04e-02	1.85e-01	4.54e-01	3.49e-01
 4.02238e+22	0.00e+00	1.67e-30	5.21e-26	1.61e-22	2.54e-19	2.85e-16	5.53e-13	1.36e-10	1.31e-08	5.25e-07	1.27e-05	1.60e-04	1.30e-03	1.11e-02	1.92e-01	4.56e-01	3.39e-01
 4.04429e+22	0.00e+00	2.86e-30	8.58e-26	2.55e-22	3.88e-19	4.17e-16	7.85e-13	1.86e-10	1.74e-08	6.72e-07	1.57e-05	1.90e-04	1.48e-03	1.21e-02	2.01e-01	4.58e-01	3.27e-01
 4.06676e+22	0.00e+00	4.60e-30	1.33e-25	3.83e-22	5.61e-19	5.79e-16	1.06e-12	2.46e-10	2.23e-08	8.34e-07	1.89e-05	2.21e-04	1.65e-03	1.31e-02	2.09e-01	4.59e-01	3.16e-01
 4.08575e+22	0.00e+00	6.92e-30	1.95e-25	5.43e-22	7.72e-19	7.71e-16	1.39e-12	3.12e-10	2.76e-08	1.00e-06	2.22e-05	2.52e-04	1.82e-03	1.40e-02	2.17e-01	4.60e-01	3.07e-01
 4.10625e+22	0.00e+00	1.16e-29	3.13e-25	8.42e-22	1.15e-18	1.10e-15	1.93e-12	4.21e-10	3.61e-08	1.27e-06	2.71e-05	2.97e-04	2.06e-03	1.52e-02	2.26e-01	4.61e-01	2.96e-01
 4.12754e+22	0.00e+00	1.80e-29	4.71e-25	1.23e-21	1.63e-18	1.50e-15	2.57e-12	5.46e-10	4.54e-08	1.55e-06	3.22e-05	3.41e-04	2.29e-03	1.62e-02	2.34e-01	4.61e-01	2.86e-01
 4.14662e+22	0.00e+00	2.79e-29	7.06e-25	1.78e-21	2.28e-18	2.02e-15	3.40e-12	7.04e-10	5.70e-08	1.89e-06	3.81e-05	3.92e-04	2.53e-03	1.74e-02	2.42e-01	4.61e-01	2.76e-01
 4.16520e+22	0.00e+00	4.24e-29	1.04e-24	2.55e-21	3.16e-18	2.70e-15	4.45e-12	8.99e-10	7.09e-08	2.29e-06	4.48e-05	4.48e-04	2.80e-03	1.85e-02	2.50e-01	4.61e-01	2.67e-01
 4.18636e+22	0.00e+00	7.17e-29	1.69e-24	3.99e-21	4.74e-18	3.88e-15	6.24e-12	1.22e-09	9.32e-08	2.90e-06	5.50e-05	5.29e-04	3.16e-03	2.01e-02	2.60e-01	4.60e-01	2.56e-01
 4.20808e+22	0.00e+00	1.15e-28	2.60e-24	5.94e-21	6.81e-18	5.34e-15	8.41e-12	1.60e-09	1.19e-07	3.59e-06	6.59e-05	6.13e-04	3.53e-03	2.16e-02	2.69e-01	4.59e-01	2.46e-01
 4.22699e+22	0.00e+00	1.78e-28	3.89e-24	8.59e-21	9.51e-18	7.17e-15	1.11e-11	2.06e-09	1.49e-07	4.36e-06	7.80e-05	7.03e-04	3.90e-03	2.30e-02	2.78e-01	4.57e-01	2.37e-01
 4.24515e+22	0.00e+00	2.69e-28	5.72e-24	1.22e-20	1.31e-17	9.54e-15	1.45e-11	2.63e-09	1.85e-07	5.27e-06	9.16e-05	8.01e-04	4.30e-03	2.45e-02	2.86e-01	4.56e-01	2.28e-01
 4.26588e+22	0.00e+00	4.58e-28	9.33e-24	1.92e-20	1.97e-17	1.36e-14	2.03e-11	3.57e-09	2.43e-07	6.69e-06	1.12e-04	9.45e-04	4.85e-03	2.65e-02	2.97e-01	4.53e-01	2.18e-01
 4.28721e+22	0.00e+00	7.14e-28	1.41e-23	2.79e-20	2.77e-17	1.85e-14	2.69e-11	4.61e-09	3.06e-07	8.17e-06	1.33e-04	1.09e-03	5.37e-03	2.83e-02	3.06e-01	4.50e-01	2.09e-01
 4.30935e+22	0.00e+00	1.27e-27	2.39e-23	4.54e-20	4.29e-17	2.72e-14	3.86e-11	6.43e-09	4.12e-07	1.06e-05	1.66e-04	1.30e-03	6.12e-03	3.07e-02	3.18e-01	4.46e-01	1.98e-01
 4.33165e+22	0.00e+00	2.03e-27	3.67e-23	6.74e-20	6.13e-17	3.72e-14	5.19e-11	8.41e-09	5.24e-07	1.30e-05	1.99e-04	1.50e-03	6.80e-03	3.28e-02	3.27e-01	4.43e-01	1.89e-01
 4.34999e+22	0.00e+00	3.03e-27	5.32e-23	9.46e-20	8.32e-17	4.86e-14	6.68e-11	1.06e-08	6.45e-07	1.56e-05	2.32e-04	1.70e-03	7.45e-03	3.47e-02	3.35e-01	4.39e-01	1.81e-01
 4.36965e+22	0.00e+00	5.07e-27	8.53e-23	1.46e-19	1.23e-16	6.83e-14	9.21e-11	1.42e-08	8.40e-07	1.96e-05	2.82e-04	1.99e-03	8.35e-03	3.73e-02	3.46e-01	4.34e-01	1.72e-01
 4.38970e+22	6.74e-34	7.83e-27	1.27e-22	2.10e-19	1.70e-16	9.09e-14	1.21e-10	1.82e-08	1.05e-06	2.39e-05	3.33e-04	2.28e-03	9.20e-03	3.95e-02	3.54e-01	4.30e-01	1.64e-01
 4.40599e+22	9.98e-34	1.12e-26	1.76e-22	2.82e-19	2.22e-16	1.15e-13	1.51e-10	2.23e-08	1.26e-06	2.80e-05	3.82e-04	2.54e-03	9.95e-03	4.15e-02	3.62e-01	4.26e-01	1.58e-01
 4.42290e+22	1.63e-33	1.74e-26	2.65e-22	4.10e-19	3.11e-16	1.54e-13	1.99e-10	2.88e-08	1.58e-06	3.41e-05	4.52e-04	2.91e-03	1.10e-02	4.40e-02	3.70e-01	4.20e-01	1.51e-01
 4.43906e+22	2.34e-33	2.43e-26	3.59e-22	5.39e-19	3.97e-16	1.90e-13	2.44e-10	3.47e-08	1.87e-06	3.94e-05	5.12e-04	3.22e-03	1.18e-02	4.60e-02	3.77e-01	4.16e-01	1.45e-01
 4.45207e+22	3.35e-33	3.36e-26	4.84e-22	7.06e-19	5.05e-16	2.34e-13	2.97e-10	4.17e-08	2.21e-06	4.56e-05	5.79e-04	3.55e-03	1.27e-02	4.80e-02	3.83e-01	4.12e-01	1.40e-01
 4.46482e+22	4.70e-33	4.56e-26	6.40e-22	9.11e-19	6.34e-16	2.85e-13	3.59e-10	4.96e-08	2.58e-06	5.22e-05	6.50e-04	3.90e-03	1.35e-02	4.99e-02	3.89e-01	4.08e-01	1.35e-01
 4.47728e+22	6.38e-33	6.03e-26	8.26e-22	1.15e-18	7.80e-16	3.42e-13	4.26e-10	5.81e-08	2.98e-06	5.90e-05	7.22e-04	4.24e-03	1.44e-02	5.17e-02	3.94e-01	4.04e-01	1.31e-01
 4.49135e+22	9.65e-33	8.77e-26	1.16e-21	1.57e-18	1.03e-15	4.34e-13	5.36e-10	7.19e-08	3.60e-06	6.96e-05	8.32e-04	4.74e-03	1.56e-02	5.42e-02	4.01e-01	3.98e-01	1.25e-01
 4.50551e+22	1.38e-32	1.21e-25	1.56e-21	2.04e-18	1.30e-15	5.32e-13	6.52e-10	8.61e-08	4.24e-06	8.03e-05	9.39e-04	5.23e-03	1.67e-02	5.64e-02	4.07e-01	3.93e-01	1.20e-01
 4.51746e+22	1.90e-32	1.62e-25	2.04e-21	2.60e-18	1.61e-15	6.38e-13	7.78e-10	1.01e-07	4.92e-06	9.13e-05	1.05e-03	5.71e-03	1.77e-02	5.85e-02	4.12e-01	3.89e-01	1.16e-01
 4.52866e+22	2.61e-32	2.16e-25	2.65e-21	3.29e-18	1.98e-15	7.62e-13	9.24e-10	1.19e-07	5.69e-06	1.03e-04	1.17e-03	6.21e-03	1.88e-02	6.06e-02	4.17e-01	3.84e-01	1.12e-01
 4.53946e+22	3.48e-32	2.80e-25	3.36e-21	4.07e-18	2.39e-15	8.97e-13	1.08e-09	1.38e-07	6.49e-06	1.16e-04	1.29e-03	6.72e-03	1.99e-02	6.25e-02	4.22e-01	3.80e-01	1.08e-01
 4.55175e+22	5.09e-32	3.94e-25	4.59e-21	5.39e-18	3.07e-15	1.11e-12	1.33e-09	1.67e-07	7.72e-06	1.35e-04	1.46e-03	7.44e-03	2.14e-02	6.51e-02	4.27e-01	3.74e-01	1.04e-01
 4.56431e+22	6.97e-32	5.24e-25	5.94e-21	6.80e-18	3.76e-15	1.32e-12	1.58e-09	1.95e-07	8.91e-06	1.53e-04	1.62e-03	8.09e-03	2.27e-02	6.73e-02	4.32e-01	3.69e-01	9.98e-02
 4.57722e+22	1.04e-31	7.50e-25	8.24e-21	9.13e-18	4.87e-15	1.65e-12	1.95e-09	2.39e-07	1.07e-05	1.79e-04	1.86e-03	9.00e-03	2.44e-02	7.01e-02	4.37e-01	3.62e-01	9.51e-02
 4.59022e+22	1.46e-31	1.02e-24	1.09e-20	1.17e-17	6.07e-15	1.98e-12	2.35e-09	2.83e-07	1.25e-05	2.04e-04	2.08e-03	9.85e-03	2.60e-02	7.27e-02	4.42e-01	3.56e-01	9.12e-02
 4.60060e+22	1.93e-31	1.31e-24	1.37e-20	1.44e-17	7.24e-15	2.30e-12	2.72e-09	3.25e-07	1.41e-05	2.28e-04	2.28e-03	1.06e-02	2.74e-02	7.47e-02	4.45e-01	3.51e-01	8.81e-02
 4.61137e+22	2.73e-31	1.80e-24	1.82e-20	1.85e-17	9.03e-15	2.77e-12	3.27e-09	3.86e-07	1.65e-05	2.61e-04	2.56e-03	1.16e-02	2.92e-02	7.73e-02	4.49e-01	3.45e-01	8.43e-02
 4.62248e+22	3.64e-31	2.33e-24	2.30e-20	2.28e-17	1.09e-14	3.24e-12	3.81e-09	4.46e-07	1.88e-05	2.92e-04	2.82e-03	1.25e-02	3.07e-02	7.95e-02	4.53e-01	3.40e-01	8.13e-02
 4.63405e+22	5.40e-31	3.32e-24	3.17e-20	3.03e-17	1.39e-14	3.97e-12	4.68e-09	5.41e-07	2.25e-05	3.40e-04	3.21e-03	1.39e-02	3.30e-02	8.26e-02	4.57e-01	3.33e-01	7.72e-02
 4.64541e+22	7.18e-31	4.29e-24	4.00e-20	3.72e-17	1.66e-14	4.62e-12	5.44e-09	6.23e-07	2.56e-05	3.80e-04	3.52e-03	1.49e-02	3.47e-02	8.48e-02	4.60e-01	3.28e-01	7.43e-02
 4.65650e+22	1.08e-30	6.16e-24	5.54e-20	4.95e-17	2.12e-14	5.65e-12	6.68e-09	7.58e-07	3.06e-05	4.44e-04	4.02e-03	1.66e-02	3.73e-02	8.80e-02	4.63e-01	3.20e-01	7.04e-02
 4.66742e+22	1.42e-30	7.91e-24	6.94e-20	6.05e-17	2.52e-14	6.53e-12	7.72e-09	8.69e-07	3.46e-05	4.94e-04	4.41e-03	1.78e-02	3.91e-02	9.03e-02	4.65e-01	3.15e-01	6.77e-02
 4.67812e+22	2.06e-30	1.10e-23	9.37e-20	7.88e-17	3.15e-14	7.87e-12	9.34e-09	1.04e-06	4.09e-05	5.70e-04	4.97e-03	1.96e-02	4.17e-02	9.33e-02	4.68e-01	3.07e-01	6.43e-02
 4.68920e+22	2.85e-30	1.47e-23	1.22e-19	9.89e-17	3.83e-14	9.24e-12	1.10e-08	1.22e-06	4.72e-05	6.44e-04	5.52e-03	2.13e-02	4.41e-02	9.59e-02	4.70e-01	3.01e-01	6.14e-02
 4.69883e+22	3.78e-30	1.90e-23	1.53e-19	1.21e-16	4.55e-14	1.06e-11	1.27e-08	1.40e-06	5.35e-05	7.18e-04	6.04e-03	2.28e-02	4.63e-02	9.82e-02	4.72e-01	2.95e-01	5.89e-02
 4.70939e+22	5.66e-30	2.73e-23	2.11e-19	1.60e-16	5.76e-14	1.29e-11	1.55e-08	1.69e-06	6.38e-05	8.36e-04	6.88e-03	2.53e-02	4.96e-02	1.01e-01	4.73e-01	2.87e-01	5.55e-02
 4.71981e+22	7.48e-30	3.50e-23	2.64e-19	1.95e-16	6.80e-14	1.48e-11	1.79e-08	1.94e-06	7.22e-05	9.29e-04	7.52e-03	2.71e-02	5.19e-02	1.04e-01	4.74e-01	2.81e-01	5.32e-02
 4.73006e+22	1.11e-29	4.98e-23	3.61e-19	2.55e-16	8.54e-14	1.77e-11	2.17e-08	2.34e-06	8.58e-05	1.08e-03	8.51e-03	2.99e-02	5.54e-02	1.07e-01	4.75e-01	2.73e-01	5.01e-02
 4.74012e+22	1.45e-29	6.34e-23	4.48e-19	3.08e-16	1.00e-13	2.02e-11	2.49e-08	2.66e-06	9.65e-05	1.19e-03	9.27e-03	3.19e-02	5.78e-02	1.09e-01	4.75e-01	2.67e-01	4.80e-02
 4.74996e+22	2.16e-29	9.03e-23	6.13e-19	4.03e-16	1.25e-13	2.41e-11	3.01e-08	3.20e-06	1.15e-04	1.38e-03	1.05e-02	3.51e-02	6.16e-02	1.12e-01	4.75e-01	2.59e-01	4.51e-02
 4.75974e+22	2.84e-29	1.15e-22	7.62e-19	4.86e-16	1.46e-13	2.73e-11	3.44e-08	3.64e-06	1.29e-04	1.53e-03	1.14e-02	3.75e-02	6.43e-02	1.14e-01	4.75e-01	2.53e-01	4.31e-02
 4.76944e+22	4.22e-29	1.64e-22	1.04e-18	6.35e-16	1.82e-13	3.25e-11	4.15e-08	4.38e-06	1.53e-04	1.76e-03	1.29e-02	4.12e-02	6.84e-02	1.17e-01	4.73e-01	2.44e-01	4.04e-02
 4.77921e+22	5.62e-29	2.12e-22	1.31e-18	7.73e-16	2.14e-13	3.69e-11	4.78e-08	5.01e-06	1.73e-04	1.96e-03	1.41e-02	4.41e-02	7.14e-02	1.20e-01	4.72e-01	2.38e-01	3.84e-02
 4.78906e+22	8.45e-29	3.04e-22	1.80e-18	1.01e-15	2.67e-13	4.39e-11	5.78e-08	6.04e-06	2.06e-04	2.27e-03	1.59e-02	4.84e-02	7.59e-02	1.23e-01	4.70e-01	2.29e-01	3.58e-02
 4.79901e+22	1.14e-28	3.98e-22	2.29e-18	1.24e-15	3.16e-13	5.00e-11	6.67e-08	6.94e-06	2.34e-04	2.53e-03	1.74e-02	5.19e-02	7.93e-02	1.25e-01	4.67e-01	2.22e-01	3.39e-02
 4.80908e+22	1.71e-28	5.71e-22	3.14e-18	1.63e-15	3.94e-13	5.94e-11	8.07e-08	8.36e-06	2.77e-04	2.92e-03	1.96e-02	5.69e-02	8.41e-02	1.27e-01	4.64e-01	2.13e-01	3.15e-02
 4.81905e+22	2.32e-28	7.48e-22	3.99e-18	1.99e-15	4.64e-13	6.74e-11	9.30e-08	9.61e-06	3.15e-04	3.25e-03	2.14e-02	6.09e-02	8.77e-02	1.29e-01	4.61e-01	2.07e-01	2.97e-02
 4.82890e+22	3.48e-28	1.07e-21	5.47e-18	2.59e-15	5.75e-13	7.95e-11	1.12e-07	1.15e-05	3.73e-04	3.75e-03	2.41e-02	6.65e-02	9.27e-02	1.32e-01	4.56e-01	1.98e-01	2.75e-02
 4.83891e+22	4.79e-28	1.42e-21	7.02e-18	3.20e-15	6.80e-13	9.05e-11	1.30e-07	1.33e-05	4.25e-04	4.18e-03	2.64e-02	7.12e-02	9.67e-02	1.34e-01	4.51e-01	1.91e-01	2.58e-02
 4.84910e+22	7.28e-28	2.06e-21	9.73e-18	4.20e-15	8.47e-13	1.07e-10	1.57e-07	1.60e-05	5.05e-04	4.83e-03	2.96e-02	7.78e-02	1.02e-01	1.36e-01	4.44e-01	1.81e-01	2.37e-02
 4.85942e+22	1.01e-27	2.76e-21	1.26e-17	5.21e-15	1.00e-12	1.22e-10	1.81e-07	1.85e-05	5.76e-04	5.39e-03	3.24e-02	8.32e-02	1.06e-01	1.37e-01	4.39e-01	1.74e-01	2.22e-02
 4.86990e+22	1.56e-27	4.05e-21	1.76e-17	6.88e-15	1.25e-12	1.44e-10	2.20e-07	2.24e-05	6.85e-04	6.22e-03	3.65e-02	9.08e-02	1.12e-01	1.39e-01	4.30e-01	1.64e-01	2.02e-02
 4.88043e+22	2.17e-27	5.43e-21	2.27e-17	8.52e-15	1.48e-12	1.64e-10	2.54e-07	2.58e-05	7.81e-04	6.93e-03	3.98e-02	9.69e-02	1.16e-01	1.40e-01	4.23e-01	1.57e-01	1.88e-02
 4.88951e+22	2.99e-27	7.23e-21	2.91e-17	1.05e-14	1.75e-12	1.85e-10	2.92e-07	2.97e-05	8.86e-04	7.69e-03	4.32e-02	1.03e-01	1.20e-01	1.41e-01	4.16e-01	1.50e-01	1.75e-02
 4.89979e+22	4.57e-27	1.05e-20	4.04e-17	1.37e-14	2.16e-12	2.17e-10	3.50e-07	3.55e-05	1.04e-03	8.79e-03	4.82e-02	1.12e-01	1.26e-01	1.42e-01	4.05e-01	1.41e-01	1.58e-02
 4.91005e+22	6.21e-27	1.38e-20	5.12e-17	1.68e-14	2.53e-12	2.44e-10	3.98e-07	4.04e-05	1.17e-03	9.67e-03	5.20e-02	1.18e-01	1.30e-01	1.43e-01	3.98e-01	1.35e-01	1.47e-02
 4.92029e+22	1.42e-29	1.99e-20	7.04e-17	2.18e-14	3.11e-12	2.85e-10	4.73e-07	4.79e-05	1.37e-03	1.10e-02	5.74e-02	1.27e-01	1.35e-01	1.43e-01	3.86e-01	1.26e-01	1.33e-02
 4.93064e+22	1.93e-29	2.61e-20	8.92e-17	2.65e-14	3.63e-12	3.20e-10	5.37e-07	5.43e-05	1.53e-03	1.20e-02	6.17e-02	1.33e-01	1.39e-01	1.43e-01	3.77e-01	1.20e-01	1.23e-02
 4.94113e+22	2.93e-29	3.76e-20	1.23e-16	3.45e-14	4.46e-12	3.73e-10	6.35e-07	6.41e-05	1.78e-03	1.36e-02	6.78e-02	1.43e-01	1.44e-01	1.42e-01	3.65e-01	1.12e-01	1.11e-02
 4.95180e+22	4.00e-29	4.94e-20	1.56e-16	4.21e-14	5.22e-12	4.20e-10	7.20e-07	7.25e-05	1.99e-03	1.48e-02	7.27e-02	1.50e-01	1.47e-01	1.42e-01	3.55e-01	1.06e-01	1.02e-02
 4.96271e+22	6.01e-29	7.07e-20	2.13e-16	5.45e-14	6.40e-12	4.90e-10	8.46e-07	8.50e-05	2.29e-03	1.66e-02	7.93e-02	1.59e-01	1.51e-01	1.41e-01	3.43e-01	9.84e-02	9.14e-03
 4.97399e+22	8.40e-29	9.48e-20	2.75e-16	6.74e-14	7.57e-12	5.55e-10	9.64e-07	9.66e-05	2.57e-03	1.82e-02	8.50e-02	1.67e-01	1.55e-01	1.40e-01	3.32e-01	9.24e-02	8.34e-03
 4.98574e+22	1.29e-28	1.38e-19	3.81e-16	8.83e-14	9.36e-12	6.52e-10	1.13e-06	1.13e-04	2.97e-03	2.04e-02	9.26e-02	1.77e-01	1.58e-01	1.38e-01	3.17e-01	8.51e-02	7.40e-03
 4.99777e+22	1.80e-28	1.85e-19	4.93e-16	1.09e-13	1.11e-11	7.42e-10	1.29e-06	1.28e-04	3.32e-03	2.23e-02	9.89e-02	1.85e-01	1.61e-01	1.37e-01	3.06e-01	7.96e-02	6.71e-03
 5.00848e+22	2.49e-28	2.46e-19	6.34e-16	1.35e-13	1.31e-11	8.41e-10	1.46e-06	1.45e-04	3.69e-03	2.42e-02	1.05e-01	1.93e-01	1.64e-01	1.35e-01	2.95e-01	7.44e-02	6.09e-03
 5.02072e+22	3.78e-28	3.55e-19	8.72e-16	1.76e-13	1.61e-11	9.87e-10	1.70e-06	1.68e-04	4.22e-03	2.68e-02	1.13e-01	2.02e-01	1.67e-01	1.32e-01	2.80e-01	6.81e-02	5.37e-03
 5.03312e+22	5.21e-28	4.71e-19	1.12e-15	2.16e-13	1.90e-11	1.12e-09	1.91e-06	1.89e-04	4.67e-03	2.90e-02	1.20e-01	2.10e-01	1.68e-01	1.30e-01	2.69e-01	6.35e-02	4.86e-03
 5.04575e+22	7.87e-28	6.75e-19	1.53e-15	2.82e-13	2.35e-11	1.31e-09	2.22e-06	2.18e-04	5.30e-03	3.20e-02	1.29e-01	2.19e-01	1.70e-01	1.27e-01	2.55e-01	5.79e-02	4.27e-03
 5.05801e+22	1.05e-27	8.69e-19	1.91e-15	3.39e-13	2.72e-11	1.47e-09	2.46e-06	2.41e-04	5.78e-03	3.42e-02	1.35e-01	2.25e-01	1.71e-01	1.25e-01	2.45e-01	5.41e-02	3.89e-03
 5.06980e+22	1.53e-27	1.21e-18	2.55e-15	4.31e-13	3.29e-11	1.71e-09	2.81e-06	2.74e-04	6.46e-03	3.72e-02	1.43e-01	2.33e-01	1.72e-01	1.22e-01	2.32e-01	4.95e-02	3.43e-03
 5.08182e+22	2.03e-27	1.55e-18	3.18e-15	5.19e-13	3.82e-11	1.92e-09	3.11e-06	3.02e-04	7.03e-03	3.97e-02	1.50e-01	2.39e-01	1.73e-01	1.19e-01	2.23e-01	4.62e-02	3.12e-03
 5.09412e+22	2.98e-27	2.17e-18	4.26e-15	6.62e-13	4.64e-11	2.22e-09	3.54e-06	3.42e-04	7.85e-03	4.31e-02	1.58e-01	2.47e-01	1.73e-01	1.16e-01	2.10e-01	4.20e-02	2.74e-03
 5.10659e+22	3.95e-27	2.77e-18	5.29e-15	7.95e-13	5.38e-11	2.50e-09	3.91e-06	3.76e-04	8.50e-03	4.58e-02	1.65e-01	2.52e-01	1.73e-01	1.13e-01	2.01e-01	3.91e-02	2.48e-03
 5.11929e+22	5.78e-27	3.85e-18	7.08e-15	1.01e-12	6.54e-11	2.90e-09	4.44e-06	4.25e-04	9.45e-03	4.95e-02	1.73e-01	2.59e-01	1.73e-01	1.09e-01	1.89e-01	3.54e-02	2.17e-03
 5.13176e+22	7.49e-27	4.83e-18	8.64e-15	1.20e-12	7.51e-11	3.24e-09	4.86e-06	4.63e-04	1.02e-02	5.22e-02	1.79e-01	2.64e-01	1.72e-01	1.07e-01	1.80e-01	3.31e-02	1.97e-03
 5.14397e+22	1.07e-26	6.58e-18	1.13e-14	1.51e-12	9.00e-11	3.73e-09	5.46e-06	5.17e-04	1.12e-02	5.60e-02	1.87e-01	2.69e-01	1.71e-01	1.03e-01	1.70e-01	3.00e-02	1.73e-03
 5.15642e+22	1.39e-26	8.29e-18	1.39e-14	1.79e-12	1.04e-10	4.16e-09	5.99e-06	5.63e-04	1.20e-02	5.90e-02	1.94e-01	2.73e-01	1.70e-01	1.00e-01	1.62e-01	2.79e-02	1.57e-03
 5.16918e+22	1.99e-26	1.13e-17	1.82e-14	2.25e-12	1.25e-10	4.81e-09	6.73e-06	6.28e-04	1.32e-02	6.31e-02	2.02e-01	2.78e-01	1.69e-01	9.64e-02	1.51e-01	2.52e-02	1.37e-03
 5.18220e+22	2.61e-26	1.43e-17	2.25e-14	2.69e-12	1.44e-10	5.39e-09	7.38e-06	6.84e-04	1.42e-02	6.64e-02	2.08e-01	2.82e-01	1.67e-01	9.35e-02	1.44e-01	2.33e-02	1.24e-03
 5.19553e+22	3.74e-26	1.95e-17	2.96e-14	3.39e-12	1.73e-10	6.24e-09	8.29e-06	7.63e-04	1.55e-02	7.09e-02	2.16e-01	2.86e-01	1.65e-01	8.96e-02	1.34e-01	2.10e-02	1.07e-03
 5.20909e+22	4.91e-26	2.47e-17	3.64e-14	4.05e-12	2.01e-10	7.00e-09	9.10e-06	8.30e-04	1.67e-02	7.44e-02	2.22e-01	2.89e-01	1.63e-01	8.66e-02	1.27e-01	1.94e-02	9.63e-04
 5.22296e+22	1.65e-26	3.38e-17	4.81e-14	5.12e-12	2.42e-10	8.12e-09	1.02e-05	9.25e-04	1.82e-02	7.93e-02	2.30e-01	2.92e-01	1.60e-01	8.27e-02	1.18e-01	1.73e-02	8.33e-04
 5.23710e+22	2.18e-26	4.29e-17	5.94e-14	6.13e-12	2.81e-10	9.14e-09	1.12e-05	1.01e-03	1.95e-02	8.32e-02	2.36e-01	2.94e-01	1.58e-01	7.97e-02	1.11e-01	1.59e-02	7.44e-04
 5.25158e+22	3.15e-26	5.88e-17	7.85e-14	7.77e-12	3.41e-10	1.06e-08	1.26e-05	1.12e-03	2.14e-02	8.84e-02	2.44e-01	2.96e-01	1.55e-01	7.58e-02	1.03e-01	1.42e-02	6.40e-04
 5.26572e+22	4.04e-26	7.27e-17	9.48e-14	9.14e-12	3.90e-10	1.19e-08	1.38e-05	1.21e-03	2.27e-02	9.22e-02	2.50e-01	2.98e-01	1.52e-01	7.32e-02	9.77e-02	1.31e-02	5.77e-04
 5.27944e+22	5.71e-26	9.79e-17	1.23e-13	1.14e-11	4.67e-10	1.37e-08	1.54e-05	1.33e-03	2.46e-02	9.73e-02	2.57e-01	2.99e-01	1.49e-01	6.96e-02	9.05e-02	1.17e-02	4.98e-04
 5.29338e+22	7.33e-26	1.21e-16	1.49e-13	1.34e-11	5.35e-10	1.53e-08	1.68e-05	1.44e-03	2.61e-02	1.01e-01	2.62e-01	2.99e-01	1.46e-01	6.70e-02	8.55e-02	1.08e-02	4.48e-04
 5.30761e+22	1.03e-25	1.62e-16	1.93e-13	1.67e-11	6.40e-10	1.76e-08	1.87e-05	1.59e-03	2.83e-02	1.07e-01	2.68e-01	3.00e-01	1.43e-01	6.36e-02	7.91e-02	9.67e-03	3.87e-04
 5.32228e+22	1.35e-25	2.05e-16	2.38e-13	2.00e-11	7.42e-10	1.98e-08	2.05e-05	1.72e-03	3.01e-02	1.11e-01	2.73e-01	3.00e-01	1.39e-01	6.09e-02	7.42e-02	8.82e-03	3.43e-04
 5.33753e+22	1.91e-25	2.74e-16	3.08e-13	2.50e-11	8.92e-10	2.30e-08	2.30e-05	1.90e-03	3.26e-02	1.17e-01	2.80e-01	2.99e-01	1.35e-01	5.75e-02	6.84e-02	7.85e-03	2.95e-04
 5.35329e+22	2.55e-25	3.51e-16	3.84e-13	3.02e-11	1.04e-09	2.61e-08	2.53e-05	2.06e-03	3.48e-02	1.22e-01	2.85e-01	2.98e-01	1.32e-01	5.48e-02	6.37e-02	7.10e-03	2.59e-04
 5.36970e+22	3.65e-25	4.76e-16	5.04e-13	3.82e-11	1.27e-09	3.05e-08	2.86e-05	2.29e-03	3.77e-02	1.28e-01	2.91e-01	2.97e-01	1.27e-01	5.15e-02	5.83e-02	6.26e-03	2.20e-04
 5.38657e+22	4.94e-25	6.15e-16	6.33e-13	4.65e-11	1.49e-09	3.48e-08	3.16e-05	2.49e-03	4.03e-02	1.34e-01	2.96e-01	2.95e-01	1.24e-01	4.88e-02	5.40e-02	5.63e-03	1.92e-04
 5.40402e+22	7.16e-25	8.42e-16	8.38e-13	5.92e-11	1.82e-09	4.09e-08	3.59e-05	2.77e-03	4.37e-02	1.41e-01	3.01e-01	2.93e-01	1.19e-01	4.56e-02	4.91e-02	4.92e-03	1.62e-04
 5.42207e+22	9.81e-25	1.10e-15	1.06e-12	7.28e-11	2.17e-09	4.70e-08	3.99e-05	3.03e-03	4.68e-02	1.47e-01	3.06e-01	2.90e-01	1.15e-01	4.30e-02	4.52e-02	4.39e-03	1.40e-04
 5.44088e+22	1.45e-24	1.53e-15	1.43e-12	9.39e-11	2.68e-09	5.59e-08	4.56e-05	3.38e-03	5.09e-02	1.54e-01	3.11e-01	2.86e-01	1.10e-01	3.99e-02	4.08e-02	3.80e-03	1.16e-04
 5.46015e+22	2.00e-24	2.01e-15	1.83e-12	1.16e-10	3.20e-09	6.46e-08	5.09e-05	3.70e-03	5.45e-02	1.61e-01	3.15e-01	2.83e-01	1.06e-01	3.74e-02	3.73e-02	3.36e-03	9.94e-05
 5.47742e+22	2.73e-24	2.61e-15	2.31e-12	1.42e-10	3.80e-09	7.42e-08	5.67e-05	4.04e-03	5.81e-02	1.67e-01	3.18e-01	2.79e-01	1.01e-01	3.51e-02	3.43e-02	2.99e-03	8.57e-05
 5.49726e+22	4.14e-24	3.72e-15	3.17e-12	1.87e-10	4.76e-09	8.90e-08	6.50e-05	4.53e-03	6.32e-02	1.75e-01	3.22e-01	2.74e-01	9.62e-02	3.22e-02	3.05e-02	2.55e-03	6.98e-05
 5.51723e+22	5.63e-24	4.82e-15	4.00e-12	2.29e-10	5.64e-09	1.02e-07	7.24e-05	4.93e-03	6.73e-02	1.81e-01	3.24e-01	2.69e-01	9.22e-02	3.02e-02	2.79e-02	2.26e-03	6.00e-05
 5.53736e+22	8.49e-24	6.81e-15	5.45e-12	2.99e-10	7.05e-09	1.23e-07	8.30e-05	5.51e-03	7.30e-02	1.90e-01	3.27e-01	2.63e-01	8.71e-02	2.76e-02	2.48e-02	1.92e-03	4.88e-05
 5.55791e+22	1.18e-23	9.00e-15	6.99e-12	3.71e-10	8.44e-09	1.42e-07	9.28e-05	6.02e-03	7.78e-02	1.96e-01	3.29e-01	2.58e-01	8.30e-02	2.57e-02	2.25e-02	1.68e-03	4.13e-05
 5.57902e+22	1.80e-23	1.29e-14	9.62e-12	4.89e-10	1.06e-08	1.71e-07	1.07e-04	6.74e-03	8.43e-02	2.05e-01	3.30e-01	2.51e-01	7.79e-02	2.34e-02	1.98e-02	1.42e-03	3.32e-05
 5.60045e+22	2.54e-23	1.72e-14	1.25e-11	6.11e-10	1.28e-08	1.99e-07	1.20e-04	7.38e-03	8.99e-02	2.12e-01	3.31e-01	2.45e-01	7.39e-02	2.16e-02	1.79e-02	1.23e-03	2.78e-05
 5.62230e+22	3.95e-23	2.50e-14	1.74e-11	8.14e-10	1.62e-08	2.41e-07	1.38e-04	8.28e-03	9.74e-02	2.21e-01	3.31e-01	2.37e-01	6.88e-02	1.95e-02	1.56e-02	1.02e-03	2.21e-05
 5.64296e+22	5.29e-23	3.20e-14	2.17e-11	9.85e-10	1.90e-08	2.75e-07	1.53e-04	8.93e-03	1.03e-01	2.26e-01	3.31e-01	2.32e-01	6.56e-02	1.82e-02	1.42e-02	9.03e-04	1.89e-05
 5.66207e+22	7.83e-23	4.46e-14	2.92e-11	1.27e-09	2.35e-08	3.25e-07	1.73e-04	9.86e-03	1.10e-01	2.34e-01	3.30e-01	2.25e-01	6.14e-02	1.65e-02	1.26e-02	7.64e-04	1.53e-05
 5.68133e+22	1.05e-22	5.71e-14	3.64e-11	1.54e-09	2.76e-08	3.71e-07	1.91e-04	1.06e-02	1.16e-01	2.40e-01	3.29e-01	2.19e-01	5.84e-02	1.54e-02	1.14e-02	6.72e-04	1.30e-05
 5.70079e+22	1.57e-22	8.04e-14	4.93e-11	1.99e-09	3.42e-08	4.41e-07	2.17e-04	1.17e-02	1.24e-01	2.47e-01	3.27e-01	2.11e-01	5.44e-02	1.39e-02	1.00e-02	5.64e-04	1.05e-05
 5.72043e+22	2.13e-22	1.04e-13	6.21e-11	2.43e-09	4.03e-08	5.05e-07	2.40e-04	1.27e-02	1.30e-01	2.52e-01	3.25e-01	2.05e-01	5.15e-02	1.29e-02	9.05e-03	4.92e-04	8.83e-06
 5.74029e+22	3.20e-22	1.48e-13	8.46e-11	3.17e-09	5.02e-08	6.04e-07	2.74e-04	1.40e-02	1.39e-01	2.60e-01	3.22e-01	1.97e-01	4.78e-02	1.16e-02	7.89e-03	4.10e-04	7.01e-06
 5.76044e+22	4.39e-22	1.93e-13	1.07e-10	3.90e-09	5.96e-08	6.95e-07	3.03e-04	1.52e-02	1.47e-01	2.65e-01	3.19e-01	1.91e-01	4.50e-02	1.07e-02	7.08e-03	3.55e-04	5.86e-06
 5.78095e+22	6.71e-22	2.78e-13	1.48e-10	5.14e-09	7.50e-08	8.38e-07	3.48e-04	1.68e-02	1.57e-01	2.72e-01	3.15e-01	1.82e-01	4.14e-02	9.56e-03	6.12e-03	2.92e-04	4.59e-06
 5.80174e+22	9.28e-22	3.66e-13	1.90e-10	6.35e-09	8.96e-08	9.70e-07	3.88e-04	1.82e-02	1.65e-01	2.77e-01	3.11e-01	1.76e-01	3.88e-02	8.75e-03	5.45e-03	2.50e-04	3.79e-06
 5.82290e+22	1.43e-21	5.31e-13	2.64e-10	8.44e-09	1.14e-07	1.18e-06	4.47e-04	2.03e-02	1.76e-01	2.83e-01	3.05e-01	1.67e-01	3.55e-02	7.77e-03	4.67e-03	2.04e-04	2.93e-06
 5.84452e+22	2.03e-21	7.16e-13	3.45e-10	1.06e-08	1.38e-07	1.38e-06	5.02e-04	2.21e-02	1.86e-01	2.87e-01	3.00e-01	1.60e-01	3.30e-02	7.04e-03	4.11e-03	1.72e-04	2.38e-06
 5.86675e+22	3.19e-21	1.06e-12	4.88e-10	1.43e-08	1.77e-07	1.70e-06	5.85e-04	2.47e-02	1.98e-01	2.93e-01	2.92e-01	1.51e-01	2.98e-02	6.19e-03	3.47e-03	1.37e-04	1.80e-06
 5.88930e+22	4.57e-21	1.44e-12	6.43e-10	1.82e-08	2.17e-07	2.01e-06	6.61e-04	2.71e-02	2.09e-01	2.97e-01	2.86e-01	1.44e-01	2.75e-02	5.57e-03	3.03e-03	1.15e-04	1.44e-06
 5.91165e+22	7.11e-21	2.11e-12	9.04e-10	2.45e-08	2.79e-07	2.49e-06	7.72e-04	3.02e-02	2.22e-01	3.01e-01	2.78e-01	1.35e-01	2.48e-02	4.87e-03	2.55e-03	9.13e-05	1.08e-06
 5.93298e+22	9.77e-21	2.78e-12	1.15e-09	3.03e-08	3.34e-07	2.90e-06	8.63e-04	3.28e-02	2.33e-01	3.04e-01	2.71e-01	1.29e-01	2.30e-02	4.42e-03	2.24e-03	7.73e-05	8.82e-07
 5.95362e+22	1.48e-20	3.98e-12	1.59e-09	4.02e-08	4.25e-07	3.55e-06	1.00e-03	3.65e-02	2.46e-01	3.06e-01	2.62e-01	1.21e-01	2.07e-02	3.87e-03	1.89e-03	6.17e-05	6.68e-07
 5.97464e+22	2.05e-20	5.28e-12	2.05e-09	5.03e-08	5.16e-07	4.19e-06	1.13e-03	3.97e-02	2.57e-01	3.08e-01	2.55e-01	1.15e-01	1.90e-02	3.47e-03	1.65e-03	5.15e-05	5.35e-07
 5.99523e+22	3.03e-20	7.40e-12	2.78e-09	6.59e-08	6.51e-07	5.12e-06	1.31e-03	4.41e-02	2.71e-01	3.09e-01	2.46e-01	1.07e-01	1.71e-02	3.04e-03	1.39e-03	4.12e-05	4.06e-07
 6.01626e+22	4.24e-20	9.88e-12	3.62e-09	8.33e-08	7.98e-07	6.10e-06	1.49e-03	4.83e-02	2.83e-01	3.09e-01	2.37e-01	1.01e-01	1.55e-02	2.70e-03	1.19e-03	3.39e-05	3.19e-07
 6.03674e+22	6.08e-20	1.35e-11	4.81e-09	1.07e-07	9.98e-07	7.40e-06	1.71e-03	5.33e-02	2.97e-01	3.09e-01	2.27e-01	9.40e-02	1.39e-02	2.37e-03	1.01e-03	2.72e-05	2.44e-07
 6.05764e+22	8.51e-20	1.81e-11	6.27e-09	1.37e-07	1.23e-06	8.89e-06	1.96e-03	5.85e-02	3.10e-01	3.08e-01	2.18e-01	8.77e-02	1.25e-02	2.08e-03	8.56e-04	2.20e-05	1.89e-07
 6.07834e+22	1.20e-19	2.43e-11	8.21e-09	1.75e-07	1.53e-06	1.08e-05	2.26e-03	6.44e-02	3.23e-01	3.06e-01	2.08e-01	8.13e-02	1.12e-02	1.82e-03	7.21e-04	1.77e-05	1.44e-07
 6.09914e+22	1.66e-19	3.21e-11	1.06e-08	2.22e-07	1.89e-06	1.30e-05	2.59e-03	7.08e-02	3.37e-01	3.04e-01	1.99e-01	7.53e-02	1.00e-02	1.59e-03	6.07e-04	1.42e-05	0.00e+00
 6.11972e+22	2.29e-19	4.22e-11	1.37e-08	2.80e-07	2.33e-06	1.56e-05	2.96e-03	7.76e-02	3.49e-01	3.01e-01	1.89e-01	6.95e-02	8.91e-03	1.38e-03	5.11e-04	1.14e-05	0.00e+00
 6.14025e+22	3.12e-19	5.50e-11	1.76e-08	3.53e-07	2.86e-06	1.88e-05	3.39e-03	8.50e-02	3.62e-01	2.97e-01	1.79e-01	6.40e-02	7.91e-03	1.20e-03	4.28e-04	9.09e-06	0.00e+00
 6.16083e+22	4.24e-19	7.11e-11	2.24e-08	4.43e-07	3.52e-06	2.26e-05	3.87e-03	9.30e-02	3.74e-01	2.92e-01	1.69e-01	5.87e-02	7.01e-03	1.04e-03	3.58e-04	7.24e-06	0.00e+00
 6.18150e+22	5.71e-19	9.13e-11	2.83e-08	5.55e-07	4.30e-06	2.71e-05	4.42e-03	1.02e-01	3.86e-01	2.87e-01	1.60e-01	5.37e-02	6.19e-03	8.98e-04	2.98e-04	5.75e-06	0.00e+00
 6.20229e+22	7.66e-19	1.16e-10	3.57e-08	6.92e-07	5.26e-06	3.25e-05	5.04e-03	1.11e-01	3.97e-01	2.81e-01	1.50e-01	4.90e-02	5.44e-03	7.71e-04	2.48e-04	4.55e-06	0.00e+00
 6.22329e+22	1.02e-18	1.47e-10	4.49e-08	8.61e-07	6.42e-06	3.89e-05	5.75e-03	1.21e-01	4.08e-01	2.75e-01	1.41e-01	4.45e-02	4.77e-03	6.61e-04	2.05e-04	3.58e-06	0.00e+00
 6.24454e+22	1.36e-18	1.86e-10	5.61e-08	1.07e-06	7.82e-06	4.67e-05	6.55e-03	1.31e-01	4.18e-01	2.68e-01	1.31e-01	4.02e-02	4.16e-03	5.63e-04	1.69e-04	2.81e-06	0.00e+00
 6.26589e+22	1.80e-18	2.31e-10	6.96e-08	1.32e-06	9.48e-06	5.57e-05	7.43e-03	1.42e-01	4.27e-01	2.60e-01	1.22e-01	3.63e-02	3.63e-03	4.79e-04	1.39e-04	2.20e-06	0.00e+00
 6.28760e+22	2.39e-18	2.88e-10	8.65e-08	1.63e-06	1.15e-05	6.68e-05	8.45e-03	1.54e-01	4.36e-01	2.52e-01	1.13e-01	3.26e-02	3.14e-03	4.05e-04	1.13e-04	1.71e-06	0.00e+00
 6.30956e+22	3.15e-18	3.54e-10	1.06e-07	2.00e-06	1.39e-05	7.95e-05	9.55e-03	1.66e-01	4.43e-01	2.44e-01	1.05e-01	2.92e-02	2.72e-03	3.42e-04	9.25e-05	1.33e-06	0.00e+00
 6.33197e+22	4.18e-18	4.37e-10	1.31e-07	2.47e-06	1.69e-05	9.52e-05	1.08e-02	1.80e-01	4.50e-01	2.35e-01	9.65e-02	2.60e-02	2.33e-03	2.86e-04	7.47e-05	1.02e-06	0.00e+00
