#depth	Ar	Ar+	Ar+2	Ar+3	Ar+4	Ar+5	Ar+6	Ar+7	Ar+8	Ar+9	Ar+10	Ar+11	Ar+12	Ar+13	Ar+14	Ar+15	Ar+16	Ar+17	Ar+18
 1.54284e+22	0.00e+00	0.00e+00	1.18e-27	2.48e-24	3.16e-21	1.59e-18	4.70e-16	1.62e-13	1.11e-10	1.03e-08	4.70e-07	1.04e-05	1.60e-04	1.25e-03	6.26e-03	3.35e-02	3.19e-01	4.40e-01	2.00e-01
 3.57884e+22	0.00e+00	4.62e-31	1.68e-25	2.60e-22	2.31e-19	7.94e-17	1.58e-14	3.61e-12	2.00e-09	1.44e-07	4.95e-06	7.97e-05	8.94e-04	4.91e-03	1.67e-02	6.10e-02	4.07e-01	3.88e-01	1.22e-01
 4.31859e+22	0.00e+00	6.31e-30	2.00e-24	2.62e-21	1.93e-18	5.42e-16	8.77e-14	1.62e-11	8.27e-09	5.29e-07	1.58e-05	2.17e-04	2.07e-03	9.50e-03	2.65e-02	7.95e-02	4.43e-01	3.49e-01	9.05e-02
 4.68847e+22	0.00e+00	2.37e-29	7.03e-24	8.44e-21	5.61e-18	1.42e-15	2.06e-13	3.40e-11	1.68e-08	1.01e-06	2.83e-05	3.58e-04	3.15e-03	1.32e-02	3.32e-02	8.99e-02	4.57e-01	3.26e-01	7.69e-02
 4.85131e+22	0.00e+00	3.66e-29	1.06e-23	1.24e-20	7.98e-18	1.95e-15	2.73e-13	4.33e-11	2.12e-08	1.26e-06	3.42e-05	4.21e-04	3.62e-03	1.46e-02	3.56e-02	9.34e-02	4.61e-01	3.18e-01	7.27e-02
 4.94227e+22	0.00e+00	6.36e-29	1.79e-23	2.01e-20	1.24e-17	2.90e-15	3.87e-13	5.87e-11	2.83e-08	1.64e-06	4.35e-05	5.18e-04	4.30e-03	1.67e-02	3.90e-02	9.79e-02	4.65e-01	3.09e-01	6.76e-02
 5.03547e+22	0.00e+00	9.94e-29	2.74e-23	2.99e-20	1.78e-17	4.01e-15	5.15e-13	7.51e-11	3.59e-08	2.05e-06	5.29e-05	6.12e-04	4.94e-03	1.86e-02	4.19e-02	1.02e-01	4.68e-01	3.00e-01	6.36e-02
 5.13157e+22	0.00e+00	1.75e-28	4.68e-23	4.92e-20	2.80e-17	6.02e-15	7.37e-13	1.02e-10	4.82e-08	2.69e-06	6.75e-05	7.55e-04	5.88e-03	2.13e-02	4.58e-02	1.06e-01	4.71e-01	2.90e-01	5.89e-02
 5.22264e+22	0.00e+00	2.64e-28	6.90e-23	7.06e-20	3.90e-17	8.10e-15	9.56e-13	1.28e-10	5.98e-08	3.28e-06	8.07e-05	8.78e-04	6.67e-03	2.34e-02	4.88e-02	1.10e-01	4.73e-01	2.82e-01	5.56e-02
 5.29521e+22	0.00e+00	3.95e-28	1.01e-22	1.01e-19	5.38e-17	1.08e-14	1.23e-12	1.58e-10	7.36e-08	3.98e-06	9.59e-05	1.02e-03	7.55e-03	2.57e-02	5.20e-02	1.13e-01	4.74e-01	2.74e-01	5.24e-02
 5.36134e+22	0.00e+00	5.62e-28	1.42e-22	1.37e-19	7.13e-17	1.38e-14	1.53e-12	1.91e-10	8.83e-08	4.72e-06	1.12e-04	1.16e-03	8.41e-03	2.79e-02	5.48e-02	1.16e-01	4.75e-01	2.67e-01	4.98e-02
 5.42160e+22	0.00e+00	7.80e-28	1.93e-22	1.83e-19	9.26e-17	1.75e-14	1.87e-12	2.27e-10	1.05e-07	5.52e-06	1.28e-04	1.31e-03	9.28e-03	3.01e-02	5.76e-02	1.19e-01	4.75e-01	2.61e-01	4.74e-02
 5.49049e+22	0.00e+00	1.18e-27	2.88e-22	2.64e-19	1.29e-16	2.35e-14	2.42e-12	2.82e-10	1.29e-07	6.74e-06	1.54e-04	1.52e-03	1.05e-02	3.31e-02	6.13e-02	1.22e-01	4.75e-01	2.52e-01	4.44e-02
 5.55863e+22	0.00e+00	1.65e-27	3.94e-22	3.53e-19	1.68e-16	2.97e-14	2.97e-12	3.36e-10	1.53e-07	7.89e-06	1.77e-04	1.72e-03	1.16e-02	3.57e-02	6.43e-02	1.25e-01	4.74e-01	2.46e-01	4.22e-02
 5.61642e+22	0.00e+00	2.28e-27	5.35e-22	4.69e-19	2.17e-16	3.73e-14	3.61e-12	3.97e-10	1.81e-07	9.19e-06	2.03e-04	1.93e-03	1.28e-02	3.83e-02	6.73e-02	1.27e-01	4.73e-01	2.39e-01	4.01e-02
 5.68217e+22	0.00e+00	3.41e-27	7.86e-22	6.68e-19	2.99e-16	4.95e-14	4.62e-12	4.89e-10	2.22e-07	1.11e-05	2.40e-04	2.23e-03	1.44e-02	4.19e-02	7.12e-02	1.30e-01	4.71e-01	2.31e-01	3.76e-02
 5.74617e+22	0.00e+00	4.67e-27	1.06e-21	8.79e-19	3.83e-16	6.16e-14	5.58e-12	5.74e-10	2.60e-07	1.29e-05	2.74e-04	2.49e-03	1.58e-02	4.49e-02	7.43e-02	1.33e-01	4.69e-01	2.25e-01	3.56e-02
 5.79879e+22	0.00e+00	6.32e-27	1.41e-21	1.15e-18	4.86e-16	7.61e-14	6.69e-12	6.68e-10	3.02e-07	1.49e-05	3.11e-04	2.77e-03	1.73e-02	4.80e-02	7.74e-02	1.35e-01	4.67e-01	2.18e-01	3.39e-02
 5.85807e+22	0.00e+00	9.10e-27	2.00e-21	1.58e-18	6.48e-16	9.80e-14	8.32e-12	8.03e-10	3.62e-07	1.76e-05	3.62e-04	3.15e-03	1.92e-02	5.18e-02	8.13e-02	1.37e-01	4.64e-01	2.11e-01	3.18e-02
 5.91930e+22	0.00e+00	1.25e-26	2.72e-21	2.09e-18	8.34e-16	1.22e-13	1.01e-11	9.41e-10	4.25e-07	2.04e-05	4.14e-04	3.53e-03	2.10e-02	5.55e-02	8.47e-02	1.40e-01	4.61e-01	2.04e-01	3.01e-02
 5.97351e+22	3.90e-33	1.69e-26	3.61e-21	2.71e-18	1.06e-15	1.51e-13	1.20e-11	1.09e-09	4.93e-07	2.35e-05	4.69e-04	3.92e-03	2.29e-02	5.91e-02	8.80e-02	1.41e-01	4.58e-01	1.98e-01	2.85e-02
 6.03446e+22	5.96e-33	2.54e-26	5.30e-21	3.85e-18	1.45e-15	1.98e-13	1.52e-11	1.33e-09	6.00e-07	2.83e-05	5.53e-04	4.51e-03	2.57e-02	6.42e-02	9.25e-02	1.44e-01	4.53e-01	1.90e-01	2.65e-02
 6.09181e+22	7.99e-33	3.35e-26	6.92e-21	4.92e-18	1.80e-15	2.40e-13	1.79e-11	1.52e-09	6.87e-07	3.21e-05	6.20e-04	4.96e-03	2.78e-02	6.80e-02	9.57e-02	1.45e-01	4.49e-01	1.84e-01	2.51e-02
 6.14447e+22	1.15e-32	4.74e-26	9.61e-21	6.64e-18	2.35e-15	3.03e-13	2.18e-11	1.79e-09	8.11e-07	3.76e-05	7.13e-04	5.58e-03	3.06e-02	7.28e-02	9.96e-02	1.47e-01	4.43e-01	1.77e-01	2.35e-02
 6.19820e+22	1.56e-32	6.34e-26	1.27e-20	8.55e-18	2.95e-15	3.69e-13	2.57e-11	2.05e-09	9.33e-07	4.29e-05	8.02e-04	6.16e-03	3.31e-02	7.71e-02	1.03e-01	1.48e-01	4.38e-01	1.71e-01	2.22e-02
 6.24564e+22	2.08e-32	8.34e-26	1.65e-20	1.08e-17	3.64e-15	4.44e-13	3.01e-11	2.33e-09	1.06e-06	4.85e-05	8.96e-04	6.76e-03	3.57e-02	8.13e-02	1.06e-01	1.49e-01	4.33e-01	1.65e-01	2.10e-02
 6.29961e+22	3.08e-32	1.21e-25	2.35e-20	1.50e-17	4.86e-15	5.70e-13	3.71e-11	2.76e-09	1.27e-06	5.73e-05	1.04e-03	7.66e-03	3.95e-02	8.74e-02	1.10e-01	1.51e-01	4.26e-01	1.58e-01	1.95e-02
 6.35327e+22	4.17e-32	1.62e-25	3.11e-20	1.93e-17	6.07e-15	6.91e-13	4.36e-11	3.15e-09	1.45e-06	6.52e-05	1.17e-03	8.43e-03	4.26e-02	9.23e-02	1.14e-01	1.51e-01	4.20e-01	1.52e-01	1.83e-02
 6.40654e+22	6.13e-32	2.34e-25	4.41e-20	2.65e-17	8.03e-15	8.80e-13	5.33e-11	3.71e-09	1.72e-06	7.67e-05	1.35e-03	9.50e-03	4.70e-02	9.87e-02	1.18e-01	1.52e-01	4.11e-01	1.45e-01	1.69e-02
 6.46058e+22	8.43e-32	3.17e-25	5.89e-20	3.44e-17	1.01e-14	1.08e-12	6.29e-11	4.24e-09	1.98e-06	8.76e-05	1.52e-03	1.05e-02	5.08e-02	1.04e-01	1.22e-01	1.53e-01	4.04e-01	1.39e-01	1.58e-02
 6.50828e+22	1.16e-31	4.29e-25	7.85e-20	4.46e-17	1.27e-14	1.31e-12	7.40e-11	4.83e-09	2.27e-06	9.98e-05	1.70e-03	1.15e-02	5.49e-02	1.10e-01	1.25e-01	1.53e-01	3.96e-01	1.33e-01	1.48e-02
 6.56292e+22	1.76e-31	6.39e-25	1.15e-19	6.28e-17	1.72e-14	1.69e-12	9.14e-11	5.71e-09	2.72e-06	1.18e-04	1.99e-03	1.31e-02	6.07e-02	1.18e-01	1.29e-01	1.53e-01	3.86e-01	1.25e-01	1.35e-02
 6.61534e+22	2.33e-31	8.37e-25	1.49e-19	7.92e-17	2.11e-14	2.02e-12	1.06e-10	6.41e-09	3.07e-06	1.33e-04	2.20e-03	1.43e-02	6.48e-02	1.23e-01	1.32e-01	1.53e-01	3.78e-01	1.20e-01	1.27e-02
 6.66488e+22	3.45e-31	1.22e-24	2.13e-19	1.09e-16	2.79e-14	2.56e-12	1.28e-10	7.45e-09	3.62e-06	1.56e-04	2.53e-03	1.60e-02	7.10e-02	1.31e-01	1.36e-01	1.52e-01	3.67e-01	1.13e-01	1.16e-02
 6.71477e+22	4.62e-31	1.61e-24	2.78e-19	1.39e-16	3.45e-14	3.06e-12	1.48e-10	8.37e-09	4.09e-06	1.75e-04	2.81e-03	1.74e-02	7.59e-02	1.37e-01	1.39e-01	1.52e-01	3.58e-01	1.08e-01	1.08e-02
 6.76511e+22	6.91e-31	2.37e-24	4.01e-19	1.93e-16	4.58e-14	3.89e-12	1.80e-10	9.72e-09	4.82e-06	2.05e-04	3.23e-03	1.96e-02	8.30e-02	1.45e-01	1.42e-01	1.50e-01	3.46e-01	1.01e-01	9.78e-03
 6.81427e+22	9.16e-31	3.10e-24	5.19e-19	2.42e-16	5.60e-14	4.61e-12	2.07e-10	1.08e-08	5.41e-06	2.29e-04	3.57e-03	2.12e-02	8.82e-02	1.51e-01	1.45e-01	1.49e-01	3.37e-01	9.58e-02	9.11e-03
 6.86189e+22	1.36e-30	4.52e-24	7.44e-19	3.34e-16	7.39e-14	5.81e-12	2.48e-10	1.25e-08	6.33e-06	2.67e-04	4.08e-03	2.36e-02	9.60e-02	1.59e-01	1.48e-01	1.47e-01	3.24e-01	8.93e-02	8.23e-03
 6.90934e+22	1.80e-30	5.91e-24	9.61e-19	4.19e-16	9.01e-14	6.87e-12	2.84e-10	1.39e-08	7.09e-06	2.97e-04	4.48e-03	2.55e-02	1.02e-01	1.65e-01	1.49e-01	1.46e-01	3.15e-01	8.48e-02	7.64e-03
 6.95660e+22	2.68e-30	8.67e-24	1.39e-18	5.79e-16	1.19e-13	8.66e-12	3.41e-10	1.59e-08	8.27e-06	3.45e-04	5.12e-03	2.84e-02	1.10e-01	1.74e-01	1.52e-01	1.43e-01	3.02e-01	7.85e-02	6.85e-03
 7.00404e+22	3.59e-30	1.15e-23	1.81e-18	7.33e-16	1.46e-13	1.03e-11	3.91e-10	1.77e-08	9.27e-06	3.85e-04	5.63e-03	3.06e-02	1.17e-01	1.80e-01	1.53e-01	1.41e-01	2.92e-01	7.41e-02	6.32e-03
 7.05174e+22	5.34e-30	1.67e-23	2.59e-18	1.01e-15	1.92e-13	1.29e-11	4.68e-10	2.02e-08	1.08e-05	4.45e-04	6.39e-03	3.39e-02	1.26e-01	1.88e-01	1.55e-01	1.38e-01	2.78e-01	6.84e-02	5.64e-03
 7.10055e+22	7.36e-30	2.28e-23	3.48e-18	1.30e-15	2.40e-13	1.55e-11	5.42e-10	2.26e-08	1.21e-05	4.99e-04	7.07e-03	3.67e-02	1.34e-01	1.95e-01	1.56e-01	1.35e-01	2.67e-01	6.39e-02	5.14e-03
 7.14336e+22	1.00e-29	3.06e-23	4.61e-18	1.67e-15	2.97e-13	1.85e-11	6.22e-10	2.50e-08	1.36e-05	5.57e-04	7.78e-03	3.96e-02	1.41e-01	2.01e-01	1.57e-01	1.33e-01	2.56e-01	5.97e-02	4.68e-03
 7.19157e+22	1.50e-29	4.50e-23	6.66e-18	2.31e-15	3.91e-13	2.33e-11	7.44e-10	2.86e-08	1.57e-05	6.41e-04	8.80e-03	4.36e-02	1.52e-01	2.09e-01	1.58e-01	1.29e-01	2.41e-01	5.45e-02	4.14e-03
 7.24006e+22	2.06e-29	6.09e-23	8.89e-18	2.97e-15	4.86e-13	2.78e-11	8.56e-10	3.17e-08	1.76e-05	7.14e-04	9.66e-03	4.69e-02	1.60e-01	2.14e-01	1.58e-01	1.25e-01	2.30e-01	5.07e-02	3.74e-03
 7.28892e+22	3.10e-29	9.02e-23	1.29e-17	4.13e-15	6.43e-13	3.51e-11	1.02e-09	3.63e-08	2.03e-05	8.20e-04	1.09e-02	5.15e-02	1.71e-01	2.22e-01	1.58e-01	1.21e-01	2.16e-01	4.59e-02	3.28e-03
 7.33851e+22	4.31e-29	1.23e-22	1.74e-17	5.36e-15	8.04e-13	4.22e-11	1.18e-09	4.03e-08	2.28e-05	9.14e-04	1.19e-02	5.53e-02	1.80e-01	2.27e-01	1.57e-01	1.17e-01	2.05e-01	4.24e-02	2.94e-03
 7.38907e+22	6.60e-29	1.86e-22	2.57e-17	7.53e-15	1.07e-12	5.36e-11	1.42e-09	4.62e-08	2.63e-05	1.05e-03	1.34e-02	6.06e-02	1.91e-01	2.34e-01	1.56e-01	1.12e-01	1.91e-01	3.80e-02	2.55e-03
 7.43978e+22	9.17e-29	2.54e-22	3.47e-17	9.77e-15	1.34e-12	6.43e-11	1.64e-09	5.14e-08	2.93e-05	1.16e-03	1.47e-02	6.48e-02	2.00e-01	2.38e-01	1.55e-01	1.09e-01	1.80e-01	3.49e-02	2.27e-03
 7.49069e+22	1.41e-28	3.84e-22	5.14e-17	1.37e-14	1.79e-12	8.18e-11	1.98e-09	5.90e-08	3.36e-05	1.33e-03	1.64e-02	7.05e-02	2.12e-01	2.44e-01	1.53e-01	1.03e-01	1.67e-01	3.11e-02	1.95e-03
 7.54038e+22	1.91e-28	5.13e-22	6.77e-17	1.75e-14	2.21e-12	9.70e-11	2.26e-09	6.51e-08	3.71e-05	1.46e-03	1.78e-02	7.48e-02	2.20e-01	2.47e-01	1.51e-01	9.97e-02	1.58e-01	2.86e-02	1.75e-03
 7.58849e+22	2.85e-28	7.51e-22	9.71e-17	2.39e-14	2.88e-12	1.21e-10	2.69e-09	7.40e-08	4.20e-05	1.64e-03	1.96e-02	8.05e-02	2.30e-01	2.51e-01	1.49e-01	9.48e-02	1.46e-01	2.56e-02	1.51e-03
 7.63759e+22	3.92e-28	1.02e-21	1.30e-16	3.08e-14	3.58e-12	1.45e-10	3.09e-09	8.21e-08	4.63e-05	1.80e-03	2.12e-02	8.52e-02	2.39e-01	2.54e-01	1.46e-01	9.10e-02	1.37e-01	2.33e-02	1.34e-03
 7.68799e+22	5.90e-28	1.50e-21	1.88e-16	4.25e-14	4.71e-12	1.82e-10	3.69e-09	9.38e-08	5.24e-05	2.02e-03	2.33e-02	9.14e-02	2.49e-01	2.57e-01	1.43e-01	8.60e-02	1.26e-01	2.07e-02	1.15e-03
 7.73916e+22	8.12e-28	2.04e-21	2.51e-16	5.47e-14	5.84e-12	2.17e-10	4.25e-09	1.04e-07	5.77e-05	2.21e-03	2.51e-02	9.64e-02	2.57e-01	2.59e-01	1.40e-01	8.22e-02	1.18e-01	1.88e-02	1.01e-03
 7.79135e+22	1.23e-27	3.03e-21	3.65e-16	7.58e-14	7.73e-12	2.74e-10	5.10e-09	1.20e-07	6.51e-05	2.47e-03	2.76e-02	1.03e-01	2.67e-01	2.60e-01	1.36e-01	7.74e-02	1.08e-01	1.66e-02	8.62e-04
 7.84446e+22	1.69e-27	4.10e-21	4.85e-16	9.73e-14	9.58e-12	3.28e-10	5.89e-09	1.33e-07	7.16e-05	2.70e-03	2.95e-02	1.08e-01	2.75e-01	2.61e-01	1.33e-01	7.37e-02	1.00e-01	1.50e-02	7.60e-04
 7.89875e+22	2.57e-27	6.11e-21	7.08e-16	1.35e-13	1.27e-11	4.15e-10	7.09e-09	1.54e-07	8.07e-05	3.01e-03	3.23e-02	1.15e-01	2.84e-01	2.62e-01	1.29e-01	6.90e-02	9.14e-02	1.32e-02	6.41e-04
 7.95428e+22	3.54e-27	8.27e-21	9.43e-16	1.74e-13	1.58e-11	4.98e-10	8.21e-09	1.72e-07	8.86e-05	3.28e-03	3.45e-02	1.21e-01	2.91e-01	2.61e-01	1.25e-01	6.56e-02	8.49e-02	1.19e-02	5.62e-04
 8.01143e+22	5.38e-27	1.23e-20	1.37e-15	2.41e-13	2.09e-11	6.32e-10	9.92e-09	1.99e-07	9.98e-05	3.65e-03	3.76e-02	1.28e-01	3.00e-01	2.61e-01	1.21e-01	6.11e-02	7.70e-02	1.04e-02	4.72e-04
 8.06867e+22	7.36e-27	1.66e-20	1.81e-15	3.08e-13	2.59e-11	7.56e-10	1.15e-08	2.22e-07	1.09e-04	3.95e-03	4.00e-02	1.34e-01	3.06e-01	2.60e-01	1.17e-01	5.79e-02	7.14e-02	9.33e-03	4.14e-04
 8.12603e+22	1.11e-26	2.44e-20	2.61e-15	4.22e-13	3.40e-11	9.53e-10	1.38e-08	2.57e-07	1.23e-04	4.38e-03	4.33e-02	1.41e-01	3.14e-01	2.58e-01	1.13e-01	5.39e-02	6.46e-02	8.13e-03	3.47e-04
 8.18466e+22	1.51e-26	3.27e-20	3.44e-15	5.39e-13	4.21e-11	1.14e-09	1.60e-08	2.88e-07	1.34e-04	4.73e-03	4.60e-02	1.47e-01	3.19e-01	2.56e-01	1.09e-01	5.10e-02	5.98e-02	7.31e-03	3.03e-04
 8.24494e+22	2.25e-26	4.78e-20	4.91e-15	7.36e-13	5.52e-11	1.44e-09	1.93e-08	3.33e-07	1.50e-04	5.23e-03	4.96e-02	1.54e-01	3.26e-01	2.53e-01	1.04e-01	4.73e-02	5.40e-02	6.35e-03	2.54e-04
 8.30391e+22	3.01e-26	6.28e-20	6.35e-15	9.23e-13	6.72e-11	1.70e-09	2.21e-08	3.70e-07	1.63e-04	5.61e-03	5.23e-02	1.59e-01	3.30e-01	2.50e-01	1.01e-01	4.48e-02	5.00e-02	5.73e-03	2.23e-04
 8.36119e+22	4.38e-26	8.94e-20	8.84e-15	1.23e-12	8.65e-11	2.11e-09	2.63e-08	4.25e-07	1.82e-04	6.14e-03	5.60e-02	1.66e-01	3.36e-01	2.47e-01	9.64e-02	4.17e-02	4.53e-02	5.01e-03	1.88e-04
 8.41937e+22	5.81e-26	1.17e-19	1.13e-14	1.54e-12	1.05e-10	2.49e-09	3.01e-08	4.73e-07	1.97e-04	6.58e-03	5.89e-02	1.72e-01	3.39e-01	2.44e-01	9.31e-02	3.94e-02	4.20e-02	4.52e-03	1.66e-04
 8.47872e+22	8.39e-26	1.65e-19	1.57e-14	2.04e-12	1.35e-10	3.08e-09	3.59e-08	5.43e-07	2.19e-04	7.19e-03	6.29e-02	1.79e-01	3.44e-01	2.40e-01	8.88e-02	3.66e-02	3.80e-02	3.95e-03	1.40e-04
 8.53962e+22	1.13e-25	2.18e-19	2.03e-14	2.57e-12	1.65e-10	3.66e-09	4.14e-08	6.07e-07	2.38e-04	7.71e-03	6.62e-02	1.84e-01	3.47e-01	2.36e-01	8.53e-02	3.44e-02	3.50e-02	3.53e-03	1.22e-04
 8.60256e+22	1.64e-25	3.10e-19	2.82e-14	3.44e-12	2.12e-10	4.55e-09	4.95e-08	7.00e-07	2.66e-04	8.43e-03	7.05e-02	1.92e-01	3.50e-01	2.31e-01	8.10e-02	3.18e-02	3.15e-02	3.07e-03	1.02e-04
 8.66435e+22	2.16e-25	4.01e-19	3.58e-14	4.25e-12	2.56e-10	5.34e-09	5.65e-08	7.78e-07	2.88e-04	8.99e-03	7.38e-02	1.97e-01	3.53e-01	2.28e-01	7.79e-02	3.00e-02	2.91e-02	2.76e-03	8.92e-05
 8.72465e+22	3.09e-25	5.61e-19	4.90e-14	5.59e-12	3.26e-10	6.58e-09	6.71e-08	8.92e-07	3.18e-04	9.76e-03	7.83e-02	2.04e-01	3.55e-01	2.22e-01	7.39e-02	2.77e-02	2.63e-02	2.40e-03	7.50e-05
 8.78553e+22	4.01e-25	7.16e-19	6.14e-14	6.84e-12	3.89e-10	7.68e-09	7.63e-08	9.88e-07	3.44e-04	1.04e-02	8.17e-02	2.09e-01	3.57e-01	2.18e-01	7.11e-02	2.61e-02	2.43e-02	2.17e-03	6.60e-05
 8.84718e+22	5.69e-25	9.94e-19	8.33e-14	8.96e-12	4.94e-10	9.43e-09	9.04e-08	1.13e-06	3.81e-04	1.13e-02	8.65e-02	2.15e-01	3.58e-01	2.13e-01	6.73e-02	2.42e-02	2.19e-02	1.89e-03	5.55e-05
 8.91008e+22	7.44e-25	1.28e-18	1.05e-13	1.10e-11	5.93e-10	1.10e-08	1.03e-07	1.26e-06	4.12e-04	1.20e-02	9.02e-02	2.21e-01	3.59e-01	2.09e-01	6.45e-02	2.27e-02	2.02e-02	1.69e-03	4.85e-05
 8.97459e+22	1.06e-24	1.78e-18	1.43e-13	1.44e-11	7.54e-10	1.36e-08	1.23e-07	1.45e-06	4.57e-04	1.30e-02	9.53e-02	2.27e-01	3.60e-01	2.03e-01	6.08e-02	2.09e-02	1.81e-02	1.47e-03	4.05e-05
 9.04029e+22	1.39e-24	2.29e-18	1.80e-13	1.78e-11	9.06e-10	1.60e-08	1.40e-07	1.61e-06	4.96e-04	1.38e-02	9.94e-02	2.32e-01	3.60e-01	1.98e-01	5.81e-02	1.96e-02	1.67e-02	1.31e-03	3.53e-05
 9.10755e+22	1.98e-24	3.19e-18	2.45e-13	2.34e-11	1.15e-09	1.97e-08	1.67e-07	1.86e-06	5.51e-04	1.50e-02	1.05e-01	2.39e-01	3.60e-01	1.92e-01	5.46e-02	1.80e-02	1.49e-02	1.13e-03	2.94e-05
 9.17609e+22	2.61e-24	4.12e-18	3.10e-13	2.88e-11	1.39e-09	2.32e-08	1.92e-07	2.07e-06	5.98e-04	1.59e-02	1.09e-01	2.44e-01	3.59e-01	1.87e-01	5.20e-02	1.68e-02	1.36e-02	1.01e-03	2.55e-05
 9.23615e+22	3.40e-24	5.27e-18	3.89e-13	3.53e-11	1.67e-09	2.72e-08	2.18e-07	2.30e-06	6.47e-04	1.69e-02	1.14e-01	2.49e-01	3.59e-01	1.82e-01	4.96e-02	1.57e-02	1.25e-02	9.00e-04	2.21e-05
 9.30404e+22	4.79e-24	7.24e-18	5.22e-13	4.59e-11	2.10e-09	3.33e-08	2.59e-07	2.64e-06	7.16e-04	1.83e-02	1.20e-01	2.55e-01	3.57e-01	1.76e-01	4.65e-02	1.44e-02	1.12e-02	7.76e-04	1.84e-05
 9.37208e+22	6.14e-24	9.12e-18	6.45e-13	5.55e-11	2.49e-09	3.86e-08	2.93e-07	2.92e-06	7.73e-04	1.93e-02	1.24e-01	2.59e-01	3.56e-01	1.72e-01	4.44e-02	1.35e-02	1.03e-02	6.97e-04	1.62e-05
 9.44029e+22	8.64e-24	1.25e-17	8.63e-13	7.19e-11	3.14e-09	4.72e-08	3.47e-07	3.35e-06	8.55e-04	2.09e-02	1.30e-01	2.65e-01	3.54e-01	1.65e-01	4.15e-02	1.23e-02	9.18e-03	6.00e-04	1.34e-05
 9.50952e+22	1.11e-23	1.58e-17	1.07e-12	8.70e-11	3.72e-09	5.48e-08	3.94e-07	3.71e-06	9.23e-04	2.21e-02	1.35e-01	2.69e-01	3.52e-01	1.61e-01	3.95e-02	1.15e-02	8.43e-03	5.37e-04	1.17e-05
 9.58006e+22	1.55e-23	2.15e-17	1.42e-12	1.12e-10	4.67e-09	6.68e-08	4.65e-07	4.25e-06	1.02e-03	2.37e-02	1.41e-01	2.75e-01	3.49e-01	1.55e-01	3.69e-02	1.06e-02	7.52e-03	4.63e-04	9.75e-06
 9.65290e+22	2.03e-23	2.76e-17	1.78e-12	1.38e-10	5.62e-09	7.85e-08	5.33e-07	4.75e-06	1.11e-03	2.52e-02	1.47e-01	2.79e-01	3.46e-01	1.50e-01	3.49e-02	9.79e-03	6.84e-03	4.09e-04	8.38e-06
 9.72872e+22	2.85e-23	3.78e-17	2.38e-12	1.79e-10	7.07e-09	9.61e-08	6.31e-07	5.46e-06	1.23e-03	2.72e-02	1.53e-01	2.84e-01	3.43e-01	1.43e-01	3.25e-02	8.91e-03	6.07e-03	3.50e-04	6.93e-06
 9.80722e+22	3.81e-23	4.94e-17	3.04e-12	2.22e-10	8.61e-09	1.14e-07	7.30e-07	6.14e-06	1.34e-03	2.89e-02	1.59e-01	2.89e-01	3.39e-01	1.38e-01	3.05e-02	8.21e-03	5.47e-03	3.07e-04	5.89e-06
 9.88919e+22	5.44e-23	6.86e-17	4.10e-12	2.91e-10	1.10e-08	1.41e-07	8.72e-07	7.10e-06	1.49e-03	3.12e-02	1.67e-01	2.94e-01	3.34e-01	1.32e-01	2.82e-02	7.42e-03	4.81e-03	2.60e-04	4.81e-06
 9.97366e+22	7.36e-23	9.05e-17	5.28e-12	3.66e-10	1.34e-08	1.69e-07	1.01e-06	8.03e-06	1.64e-03	3.33e-02	1.73e-01	2.98e-01	3.30e-01	1.26e-01	2.64e-02	6.79e-03	4.31e-03	2.25e-04	4.04e-06
 1.00614e+23	1.07e-22	1.27e-16	7.20e-12	4.84e-10	1.73e-08	2.10e-07	1.22e-06	9.35e-06	1.83e-03	3.61e-02	1.82e-01	3.02e-01	3.24e-01	1.20e-01	2.42e-02	6.09e-03	3.76e-03	1.89e-04	3.26e-06
 1.01523e+23	1.46e-22	1.71e-16	9.39e-12	6.15e-10	2.14e-08	2.53e-07	1.43e-06	1.06e-05	2.02e-03	3.86e-02	1.89e-01	3.06e-01	3.19e-01	1.14e-01	2.25e-02	5.54e-03	3.34e-03	1.62e-04	2.71e-06
 1.02346e+23	1.99e-22	2.26e-16	1.21e-11	7.75e-10	2.63e-08	3.04e-07	1.66e-06	1.20e-05	2.21e-03	4.11e-02	1.96e-01	3.09e-01	3.14e-01	1.09e-01	2.09e-02	5.05e-03	2.98e-03	1.40e-04	2.26e-06
 1.03289e+23	2.92e-22	3.22e-16	1.67e-11	1.04e-09	3.41e-08	3.81e-07	2.02e-06	1.41e-05	2.48e-03	4.46e-02	2.05e-01	3.13e-01	3.06e-01	1.03e-01	1.90e-02	4.48e-03	2.57e-03	1.16e-04	1.80e-06
 1.04253e+23	4.03e-22	4.32e-16	2.19e-11	1.32e-09	4.23e-08	4.61e-07	2.37e-06	1.61e-05	2.73e-03	4.76e-02	2.12e-01	3.16e-01	3.00e-01	9.75e-02	1.76e-02	4.05e-03	2.27e-03	9.89e-05	1.48e-06
 1.05113e+23	5.47e-22	5.71e-16	2.82e-11	1.66e-09	5.20e-08	5.51e-07	2.75e-06	1.82e-05	3.00e-03	5.07e-02	2.20e-01	3.18e-01	2.94e-01	9.27e-02	1.63e-02	3.68e-03	2.01e-03	8.49e-05	1.23e-06
 1.06100e+23	8.22e-22	8.31e-16	3.96e-11	2.25e-09	6.84e-08	7.02e-07	3.37e-06	2.15e-05	3.38e-03	5.50e-02	2.30e-01	3.21e-01	2.85e-01	8.64e-02	1.46e-02	3.22e-03	1.71e-03	6.89e-05	9.55e-07
 1.07096e+23	1.12e-21	1.10e-15	5.10e-11	2.83e-09	8.41e-08	8.40e-07	3.93e-06	2.43e-05	3.71e-03	5.85e-02	2.37e-01	3.22e-01	2.79e-01	8.18e-02	1.35e-02	2.91e-03	1.51e-03	5.89e-05	7.91e-07
 1.08103e+23	1.68e-21	1.60e-15	7.16e-11	3.85e-09	1.11e-07	1.07e-06	4.81e-06	2.87e-05	4.18e-03	6.34e-02	2.47e-01	3.24e-01	2.69e-01	7.59e-02	1.21e-02	2.54e-03	1.27e-03	4.74e-05	6.08e-07
 1.09122e+23	2.31e-21	2.14e-15	9.30e-11	4.87e-09	1.37e-07	1.29e-06	5.63e-06	3.26e-05	4.59e-03	6.74e-02	2.55e-01	3.25e-01	2.62e-01	7.15e-02	1.11e-02	2.28e-03	1.12e-03	4.01e-05	4.97e-07
 1.10157e+23	3.49e-21	3.12e-15	1.31e-10	6.62e-09	1.80e-07	1.64e-06	6.91e-06	3.86e-05	5.19e-03	7.30e-02	2.65e-01	3.25e-01	2.52e-01	6.60e-02	9.83e-03	1.97e-03	9.34e-04	3.21e-05	3.79e-07
 1.11146e+23	4.61e-21	4.02e-15	1.64e-10	8.14e-09	2.17e-07	1.93e-06	7.93e-06	4.32e-05	5.63e-03	7.70e-02	2.72e-01	3.26e-01	2.46e-01	6.24e-02	9.07e-03	1.79e-03	8.29e-04	2.76e-05	3.16e-07
 1.12075e+23	6.69e-21	5.65e-15	2.23e-10	1.07e-08	2.79e-07	2.41e-06	9.55e-06	5.04e-05	6.28e-03	8.26e-02	2.81e-01	3.25e-01	2.36e-01	5.78e-02	8.11e-03	1.56e-03	7.02e-04	2.23e-05	2.45e-07
 1.13007e+23	8.84e-21	7.28e-15	2.80e-10	1.32e-08	3.36e-07	2.84e-06	1.10e-05	5.64e-05	6.81e-03	8.70e-02	2.88e-01	3.25e-01	2.29e-01	5.44e-02	7.46e-03	1.41e-03	6.20e-04	1.91e-05	2.03e-07
 1.13941e+23	1.27e-20	1.01e-14	3.77e-10	1.72e-08	4.28e-07	3.52e-06	1.31e-05	6.55e-05	7.58e-03	9.30e-02	2.97e-01	3.23e-01	2.20e-01	5.03e-02	6.66e-03	1.23e-03	5.24e-04	1.55e-05	1.58e-07
 1.14897e+23	1.71e-20	1.32e-14	4.79e-10	2.14e-08	5.22e-07	4.20e-06	1.52e-05	7.40e-05	8.27e-03	9.82e-02	3.04e-01	3.22e-01	2.13e-01	4.70e-02	6.06e-03	1.10e-03	4.57e-04	1.30e-05	1.28e-07
 1.15878e+23	2.50e-20	1.87e-14	6.52e-10	2.83e-08	6.74e-07	5.27e-06	1.85e-05	8.68e-05	9.25e-03	1.05e-01	3.13e-01	3.20e-01	2.03e-01	4.30e-02	5.34e-03	9.47e-04	3.80e-04	1.03e-05	0.00e+00
 1.16866e+23	3.34e-20	2.44e-14	8.26e-10	3.51e-08	8.19e-07	6.27e-06	2.14e-05	9.80e-05	1.01e-02	1.11e-01	3.20e-01	3.18e-01	1.95e-01	4.00e-02	4.84e-03	8.43e-04	3.30e-04	8.64e-06	0.00e+00
 1.17860e+23	4.87e-20	3.43e-14	1.12e-09	4.63e-08	1.06e-06	7.86e-06	2.59e-05	1.15e-04	1.13e-02	1.19e-01	3.28e-01	3.14e-01	1.86e-01	3.64e-02	4.24e-03	7.21e-04	2.72e-04	6.81e-06	0.00e+00
 1.18874e+23	6.58e-20	4.50e-14	1.43e-09	5.77e-08	1.29e-06	9.43e-06	3.03e-05	1.31e-04	1.23e-02	1.25e-01	3.35e-01	3.11e-01	1.78e-01	3.36e-02	3.81e-03	6.35e-04	2.33e-04	5.61e-06	0.00e+00
 1.19911e+23	9.68e-20	6.37e-14	1.94e-09	7.65e-08	1.68e-06	1.19e-05	3.70e-05	1.55e-04	1.39e-02	1.34e-01	3.43e-01	3.07e-01	1.68e-01	3.03e-02	3.29e-03	5.36e-04	1.90e-04	4.33e-06	0.00e+00
 1.20967e+23	1.31e-19	8.39e-14	2.47e-09	9.57e-08	2.07e-06	1.44e-05	4.34e-05	1.77e-04	1.52e-02	1.42e-01	3.49e-01	3.02e-01	1.59e-01	2.77e-02	2.92e-03	4.68e-04	1.60e-04	3.51e-06	0.00e+00
 1.22045e+23	1.94e-19	1.19e-13	3.36e-09	1.27e-07	2.70e-06	1.84e-05	5.35e-05	2.11e-04	1.72e-02	1.52e-01	3.57e-01	2.97e-01	1.49e-01	2.47e-02	2.50e-03	3.90e-04	1.28e-04	2.66e-06	0.00e+00
 1.23145e+23	2.64e-19	1.57e-13	4.29e-09	1.59e-07	3.35e-06	2.23e-05	6.31e-05	2.43e-04	1.89e-02	1.61e-01	3.63e-01	2.91e-01	1.41e-01	2.24e-02	2.19e-03	3.35e-04	1.07e-04	2.12e-06	0.00e+00
 1.24236e+23	3.82e-19	2.18e-13	5.72e-09	2.09e-07	4.33e-06	2.82e-05	7.73e-05	2.90e-04	2.13e-02	1.72e-01	3.69e-01	2.84e-01	1.31e-01	1.98e-02	1.86e-03	2.78e-04	8.51e-05	1.60e-06	0.00e+00
 1.25272e+23	4.98e-19	2.76e-13	7.02e-09	2.54e-07	5.21e-06	3.35e-05	8.95e-05	3.28e-04	2.32e-02	1.80e-01	3.73e-01	2.79e-01	1.24e-01	1.81e-02	1.65e-03	2.43e-04	7.20e-05	1.30e-06	0.00e+00
 1.26276e+23	6.96e-19	3.72e-13	9.07e-09	3.24e-07	6.61e-06	4.17e-05	1.08e-04	3.87e-04	2.60e-02	1.91e-01	3.78e-01	2.71e-01	1.15e-01	1.60e-02	1.40e-03	2.02e-04	5.75e-05	9.85e-07	0.00e+00
 1.27299e+23	9.06e-19	4.69e-13	1.11e-08	3.93e-07	7.98e-06	4.97e-05	1.26e-04	4.42e-04	2.84e-02	2.01e-01	3.82e-01	2.65e-01	1.08e-01	1.45e-02	1.23e-03	1.74e-04	4.79e-05	7.87e-07	0.00e+00
 1.28300e+23	1.23e-18	6.15e-13	1.40e-08	4.93e-07	9.96e-06	6.12e-05	1.51e-04	5.18e-04	3.16e-02	2.12e-01	3.85e-01	2.56e-01	9.99e-02	1.28e-02	1.05e-03	1.45e-04	3.84e-05	5.98e-07	0.00e+00
 1.29322e+23	1.60e-18	7.73e-13	1.70e-08	5.98e-07	1.21e-05	7.33e-05	1.76e-04	5.95e-04	3.46e-02	2.23e-01	3.87e-01	2.49e-01	9.31e-02	1.14e-02	9.05e-04	1.23e-04	3.15e-05	4.69e-07	0.00e+00
 1.30319e+23	2.11e-18	9.83e-13	2.08e-08	7.33e-07	1.48e-05	8.90e-05	2.09e-04	6.93e-04	3.83e-02	2.35e-01	3.89e-01	2.40e-01	8.58e-02	1.01e-02	7.70e-04	1.02e-04	2.53e-05	3.59e-07	0.00e+00
 1.31337e+23	2.73e-18	1.23e-12	2.51e-08	8.87e-07	1.79e-05	1.07e-04	2.45e-04	7.99e-04	4.21e-02	2.46e-01	3.90e-01	2.32e-01	7.93e-02	8.93e-03	6.59e-04	8.60e-05	2.05e-05	2.77e-07	0.00e+00
 1.32346e+23	3.52e-18	1.53e-12	3.02e-08	1.07e-06	2.18e-05	1.29e-04	2.88e-04	9.26e-04	4.63e-02	2.58e-01	3.90e-01	2.23e-01	7.29e-02	7.86e-03	5.59e-04	7.17e-05	1.65e-05	2.12e-07	0.00e+00
 1.33359e+23	4.50e-18	1.89e-12	3.59e-08	1.29e-06	2.62e-05	1.54e-04	3.36e-04	1.07e-03	5.09e-02	2.70e-01	3.89e-01	2.14e-01	6.69e-02	6.92e-03	4.75e-04	5.97e-05	1.32e-05	1.62e-07	0.00e+00
 1.34362e+23	5.69e-18	2.31e-12	4.24e-08	1.54e-06	3.15e-05	1.83e-04	3.92e-04	1.23e-03	5.58e-02	2.82e-01	3.88e-01	2.05e-01	6.12e-02	6.07e-03	4.03e-04	4.97e-05	1.06e-05	1.24e-07	0.00e+00
 1.35363e+23	7.16e-18	2.80e-12	4.96e-08	1.82e-06	3.76e-05	2.17e-04	4.56e-04	1.42e-03	6.10e-02	2.93e-01	3.86e-01	1.96e-01	5.59e-02	5.32e-03	3.42e-04	4.13e-05	8.52e-06	0.00e+00	0.00e+00
 1.36366e+23	8.95e-18	3.39e-12	5.78e-08	2.16e-06	4.48e-05	2.58e-04	5.28e-04	1.63e-03	6.67e-02	3.05e-01	3.83e-01	1.87e-01	5.09e-02	4.65e-03	2.89e-04	3.43e-05	6.81e-06	0.00e+00	0.00e+00
 1.37373e+23	1.11e-17	4.07e-12	6.70e-08	2.54e-06	5.31e-05	3.04e-04	6.11e-04	1.87e-03	7.28e-02	3.17e-01	3.79e-01	1.78e-01	4.63e-02	4.06e-03	2.43e-04	2.83e-05	5.44e-06	0.00e+00	0.00e+00
 1.38386e+23	1.38e-17	4.87e-12	7.74e-08	2.98e-06	6.30e-05	3.59e-04	7.05e-04	2.14e-03	7.93e-02	3.29e-01	3.74e-01	1.69e-01	4.20e-02	3.53e-03	2.05e-04	2.34e-05	4.33e-06	0.00e+00	0.00e+00
 1.39410e+23	1.71e-17	5.81e-12	8.92e-08	3.50e-06	7.44e-05	4.22e-04	8.11e-04	2.45e-03	8.63e-02	3.40e-01	3.69e-01	1.59e-01	3.79e-02	3.06e-03	1.72e-04	1.92e-05	3.44e-06	0.00e+00	0.00e+00
 1.40445e+23	2.11e-17	6.93e-12	1.02e-07	4.10e-06	8.79e-05	4.96e-04	9.32e-04	2.80e-03	9.38e-02	3.51e-01	3.63e-01	1.50e-01	3.42e-02	2.65e-03	1.44e-04	1.58e-05	2.72e-06	0.00e+00	0.00e+00
 1.41486e+23	2.60e-17	8.23e-12	1.17e-07	4.79e-06	1.03e-04	5.80e-04	1.07e-03	3.19e-03	1.02e-01	3.62e-01	3.56e-01	1.42e-01	3.07e-02	2.29e-03	1.20e-04	1.29e-05	2.15e-06	0.00e+00	0.00e+00
 1.42545e+23	3.21e-17	9.81e-12	1.35e-07	5.61e-06	1.22e-04	6.80e-04	1.22e-03	3.65e-03	1.10e-01	3.73e-01	3.49e-01	1.33e-01	2.75e-02	1.97e-03	1.00e-04	1.05e-05	1.69e-06	0.00e+00	0.00e+00
 1.43616e+23	3.96e-17	1.17e-11	1.54e-07	6.55e-06	1.43e-04	7.92e-04	1.39e-03	4.15e-03	1.19e-01	3.83e-01	3.41e-01	1.25e-01	2.46e-02	1.70e-03	8.33e-05	8.59e-06	1.33e-06	0.00e+00	0.00e+00
 1.44708e+23	4.92e-17	1.39e-11	1.78e-07	7.69e-06	1.69e-04	9.28e-04	1.59e-03	4.74e-03	1.29e-01	3.92e-01	3.32e-01	1.16e-01	2.19e-02	1.45e-03	6.87e-05	6.93e-06	1.04e-06	0.00e+00	0.00e+00
 1.45724e+23	5.89e-17	1.62e-11	2.00e-07	8.77e-06	1.92e-04	1.05e-03	1.77e-03	5.26e-03	1.37e-01	4.00e-01	3.24e-01	1.10e-01	1.99e-02	1.27e-03	5.87e-05	5.82e-06	8.47e-07	0.00e+00	0.00e+00
 1.46770e+23	7.40e-17	1.95e-11	2.32e-07	1.04e-05	2.28e-04	1.23e-03	2.02e-03	6.01e-03	1.48e-01	4.08e-01	3.14e-01	1.01e-01	1.75e-02	1.08e-03	4.80e-05	4.65e-06	6.51e-07	0.00e+00	0.00e+00
 1.47835e+23	8.93e-17	2.28e-11	2.63e-07	1.19e-05	2.60e-04	1.40e-03	2.24e-03	6.66e-03	1.57e-01	4.15e-01	3.06e-01	9.53e-02	1.58e-02	9.40e-04	4.08e-05	3.88e-06	5.28e-07	0.00e+00	0.00e+00
 1.48926e+23	1.13e-16	2.78e-11	3.07e-07	1.41e-05	3.08e-04	1.64e-03	2.55e-03	7.61e-03	1.69e-01	4.22e-01	2.94e-01	8.76e-02	1.38e-02	7.88e-04	3.30e-05	3.06e-06	4.01e-07	0.00e+00	0.00e+00
 1.50023e+23	1.38e-16	3.28e-11	3.50e-07	1.62e-05	3.52e-04	1.85e-03	2.81e-03	8.39e-03	1.79e-01	4.27e-01	2.86e-01	8.21e-02	1.25e-02	6.90e-04	2.81e-05	2.56e-06	3.26e-07	0.00e+00	0.00e+00
 1.51127e+23	1.77e-16	4.03e-11	4.13e-07	1.93e-05	4.17e-04	2.16e-03	3.19e-03	9.52e-03	1.91e-01	4.33e-01	2.74e-01	7.52e-02	1.09e-02	5.78e-04	2.27e-05	2.02e-06	2.48e-07	0.00e+00	0.00e+00
 1.52238e+23	2.16e-16	4.77e-11	4.73e-07	2.22e-05	4.75e-04	2.44e-03	3.50e-03	1.05e-02	2.01e-01	4.36e-01	2.65e-01	7.03e-02	9.78e-03	5.04e-04	1.93e-05	1.69e-06	2.01e-07	0.00e+00	0.00e+00
 1.53358e+23	2.80e-16	5.92e-11	5.64e-07	2.65e-05	5.61e-04	2.84e-03	3.95e-03	1.18e-02	2.15e-01	4.40e-01	2.53e-01	6.41e-02	8.51e-03	4.21e-04	1.56e-05	1.33e-06	1.53e-07	0.00e+00	0.00e+00
 1.54487e+23	3.46e-16	7.07e-11	6.51e-07	3.06e-05	6.40e-04	3.19e-03	4.33e-03	1.30e-02	2.25e-01	4.42e-01	2.44e-01	5.97e-02	7.63e-03	3.67e-04	1.32e-05	1.11e-06	1.24e-07	0.00e+00	0.00e+00
 1.55629e+23	4.53e-16	8.89e-11	7.85e-07	3.68e-05	7.57e-04	3.70e-03	4.85e-03	1.46e-02	2.39e-01	4.43e-01	2.32e-01	5.43e-02	6.61e-03	3.06e-04	1.07e-05	8.71e-07	0.00e+00	0.00e+00	0.00e+00
 1.56786e+23	5.66e-16	1.07e-10	9.15e-07	4.28e-05	8.65e-04	4.16e-03	5.31e-03	1.59e-02	2.50e-01	4.44e-01	2.23e-01	5.04e-02	5.90e-03	2.65e-04	9.00e-06	7.22e-07	0.00e+00	0.00e+00	0.00e+00
 1.57962e+23	7.54e-16	1.37e-10	1.12e-06	5.18e-05	1.03e-03	4.82e-03	5.94e-03	1.78e-02	2.65e-01	4.44e-01	2.11e-01	4.56e-02	5.09e-03	2.20e-04	7.21e-06	5.64e-07	0.00e+00	0.00e+00	0.00e+00
 1.59158e+23	9.54e-16	1.67e-10	1.32e-06	6.06e-05	1.17e-03	5.42e-03	6.48e-03	1.95e-02	2.76e-01	4.43e-01	2.02e-01	4.21e-02	4.52e-03	1.90e-04	6.06e-06	4.65e-07	0.00e+00	0.00e+00	0.00e+00
 1.60380e+23	1.30e-15	2.17e-10	1.64e-06	7.42e-05	1.40e-03	6.30e-03	7.25e-03	2.17e-02	2.91e-01	4.40e-01	1.90e-01	3.78e-02	3.87e-03	1.57e-04	4.82e-06	3.61e-07	0.00e+00	0.00e+00	0.00e+00
 1.61627e+23	1.67e-15	2.70e-10	1.97e-06	8.76e-05	1.61e-03	7.10e-03	7.91e-03	2.37e-02	3.03e-01	4.38e-01	1.81e-01	3.47e-02	3.42e-03	1.34e-04	4.02e-06	2.95e-07	0.00e+00	0.00e+00	0.00e+00
 1.62909e+23	2.32e-15	3.58e-10	2.49e-06	1.09e-04	1.93e-03	8.26e-03	8.83e-03	2.64e-02	3.18e-01	4.33e-01	1.69e-01	3.10e-02	2.90e-03	1.10e-04	3.16e-06	2.27e-07	0.00e+00	0.00e+00	0.00e+00
 1.64223e+23	3.05e-15	4.53e-10	3.03e-06	1.29e-04	2.24e-03	9.33e-03	9.65e-03	2.88e-02	3.30e-01	4.29e-01	1.60e-01	2.83e-02	2.54e-03	9.35e-05	2.62e-06	1.84e-07	0.00e+00	0.00e+00	0.00e+00
 1.65327e+23	3.87e-15	5.57e-10	3.60e-06	1.51e-04	2.54e-03	1.04e-02	1.04e-02	3.10e-02	3.40e-01	4.25e-01	1.53e-01	2.60e-02	2.26e-03	8.11e-05	2.21e-06	1.53e-07	0.00e+00	0.00e+00	0.00e+00
 1.66512e+23	5.29e-15	7.29e-10	4.51e-06	1.84e-04	2.99e-03	1.19e-02	1.14e-02	3.40e-02	3.53e-01	4.18e-01	1.43e-01	2.34e-02	1.94e-03	6.74e-05	1.78e-06	1.20e-07	0.00e+00	0.00e+00	0.00e+00
 1.67718e+23	6.82e-15	9.07e-10	5.43e-06	2.17e-04	3.41e-03	1.32e-02	1.23e-02	3.64e-02	3.63e-01	4.12e-01	1.36e-01	2.14e-02	1.72e-03	5.82e-05	1.50e-06	0.00e+00	0.00e+00	0.00e+00	0.00e+00
 1.68766e+23	8.68e-15	1.12e-09	6.47e-06	2.53e-04	3.87e-03	1.46e-02	1.32e-02	3.90e-02	3.73e-01	4.06e-01	1.29e-01	1.97e-02	1.53e-03	5.04e-05	1.26e-06	0.00e+00	0.00e+00	0.00e+00	0.00e+00
 1.69945e+23	1.19e-14	1.47e-09	8.15e-06	3.08e-04	4.54e-03	1.66e-02	1.45e-02	4.25e-02	3.85e-01	3.98e-01	1.20e-01	1.76e-02	1.31e-03	4.19e-05	1.02e-06	0.00e+00	0.00e+00	0.00e+00	0.00e+00
 1.71119e+23	1.52e-14	1.81e-09	9.73e-06	3.59e-04	5.13e-03	1.83e-02	1.55e-02	4.51e-02	3.93e-01	3.91e-01	1.14e-01	1.62e-02	1.17e-03	3.65e-05	8.65e-07	0.00e+00	0.00e+00	0.00e+00	0.00e+00
 1.72284e+23	2.07e-14	2.38e-09	1.22e-05	4.36e-04	6.00e-03	2.07e-02	1.68e-02	4.88e-02	4.04e-01	3.82e-01	1.06e-01	1.45e-02	1.00e-03	3.04e-05	6.97e-07	0.00e+00	0.00e+00	0.00e+00	0.00e+00
 1.73468e+23	2.66e-14	2.96e-09	1.47e-05	5.10e-04	6.80e-03	2.28e-02	1.80e-02	5.17e-02	4.11e-01	3.74e-01	1.00e-01	1.33e-02	8.88e-04	2.64e-05	5.90e-07	0.00e+00	0.00e+00	0.00e+00	0.00e+00
 1.74673e+23	3.69e-14	3.92e-09	1.87e-05	6.24e-04	7.97e-03	2.58e-02	1.95e-02	5.58e-02	4.21e-01	3.64e-01	9.27e-02	1.18e-02	7.57e-04	2.18e-05	4.72e-07	0.00e+00	0.00e+00	0.00e+00	0.00e+00
 1.75899e+23	4.78e-14	4.91e-09	2.26e-05	7.32e-04	9.04e-03	2.85e-02	2.08e-02	5.90e-02	4.28e-01	3.55e-01	8.73e-02	1.08e-02	6.68e-04	1.88e-05	3.98e-07	0.00e+00	0.00e+00	0.00e+00	0.00e+00
 1.77152e+23	6.71e-14	6.59e-09	2.90e-05	9.02e-04	1.06e-02	3.23e-02	2.26e-02	6.36e-02	4.36e-01	3.43e-01	8.02e-02	9.50e-03	5.63e-04	1.54e-05	3.14e-07	0.00e+00	0.00e+00	0.00e+00	0.00e+00
 1.78420e+23	8.75e-14	8.30e-09	3.53e-05	1.06e-03	1.21e-02	3.55e-02	2.41e-02	6.71e-02	4.42e-01	3.34e-01	7.51e-02	8.62e-03	4.95e-04	1.32e-05	2.63e-07	0.00e+00	0.00e+00	0.00e+00	0.00e+00
 1.79711e+23	1.24e-13	1.12e-08	4.56e-05	1.31e-03	1.42e-02	4.02e-02	2.61e-02	7.20e-02	4.48e-01	3.21e-01	6.87e-02	7.55e-03	4.15e-04	1.08e-05	2.07e-07	0.00e+00	0.00e+00	0.00e+00	0.00e+00
 1.81038e+23	1.64e-13	1.43e-08	5.61e-05	1.56e-03	1.63e-02	4.44e-02	2.79e-02	7.59e-02	4.53e-01	3.10e-01	6.38e-02	6.78e-03	3.60e-04	9.14e-06	1.71e-07	0.00e+00	0.00e+00	0.00e+00	0.00e+00
 1.82413e+23	2.37e-13	1.97e-08	7.33e-05	1.94e-03	1.93e-02	5.04e-02	3.02e-02	8.11e-02	4.57e-01	2.96e-01	5.78e-02	5.88e-03	2.98e-04	7.35e-06	1.32e-07	0.00e+00	0.00e+00	0.00e+00	0.00e+00
 1.83821e+23	3.18e-13	2.54e-08	9.11e-05	2.32e-03	2.21e-02	5.57e-02	3.22e-02	8.53e-02	4.59e-01	2.84e-01	5.32e-02	5.23e-03	2.56e-04	6.16e-06	0.00e+00	0.00e+00	0.00e+00	0.00e+00	0.00e+00
 1.85273e+23	4.66e-13	3.54e-08	1.20e-04	2.91e-03	2.62e-02	6.31e-02	3.48e-02	9.08e-02	4.61e-01	2.69e-01	4.77e-02	4.47e-03	2.09e-04	4.88e-06	0.00e+00	0.00e+00	0.00e+00	0.00e+00	0.00e+00
 1.86738e+23	6.26e-13	4.57e-08	1.49e-04	3.46e-03	2.99e-02	6.94e-02	3.69e-02	9.49e-02	4.60e-01	2.57e-01	4.37e-02	3.96e-03	1.78e-04	4.07e-06	0.00e+00	0.00e+00	0.00e+00	0.00e+00	0.00e+00
 1.88221e+23	9.19e-13	6.38e-08	1.98e-04	4.34e-03	3.55e-02	7.84e-02	3.96e-02	1.00e-01	4.58e-01	2.41e-01	3.88e-02	3.35e-03	1.44e-04	3.19e-06	0.00e+00	0.00e+00	0.00e+00	0.00e+00	0.00e+00
 1.89720e+23	1.24e-12	8.24e-08	2.45e-04	5.15e-03	4.04e-02	8.59e-02	4.18e-02	1.04e-01	4.55e-01	2.29e-01	3.53e-02	2.94e-03	1.22e-04	2.64e-06	0.00e+00	0.00e+00	0.00e+00	0.00e+00	0.00e+00
 1.91240e+23	1.82e-12	1.15e-07	3.24e-04	6.44e-03	4.76e-02	9.63e-02	4.47e-02	1.10e-01	4.49e-01	2.12e-01	3.10e-02	2.47e-03	9.78e-05	2.05e-06	0.00e+00	0.00e+00	0.00e+00	0.00e+00	0.00e+00
 1.92725e+23	2.39e-12	1.45e-07	3.95e-04	7.53e-03	5.34e-02	1.04e-01	4.67e-02	1.13e-01	4.43e-01	2.01e-01	2.82e-02	2.17e-03	8.34e-05	1.71e-06	0.00e+00	0.00e+00	0.00e+00	0.00e+00	0.00e+00
 1.94163e+23	3.42e-12	1.98e-07	5.10e-04	9.22e-03	6.20e-02	1.15e-01	4.93e-02	1.17e-01	4.34e-01	1.86e-01	2.48e-02	1.83e-03	6.70e-05	1.34e-06	0.00e+00	0.00e+00	0.00e+00	0.00e+00	0.00e+00
 1.95651e+23	4.55e-12	2.53e-07	6.26e-04	1.08e-02	6.97e-02	1.25e-01	5.14e-02	1.20e-01	4.25e-01	1.74e-01	2.22e-02	1.58e-03	5.62e-05	1.10e-06	0.00e+00	0.00e+00	0.00e+00	0.00e+00	0.00e+00
 1.96921e+23	5.86e-12	3.14e-07	7.49e-04	1.25e-02	7.71e-02	1.33e-01	5.32e-02	1.22e-01	4.16e-01	1.63e-01	2.01e-02	1.39e-03	4.78e-05	9.17e-07	0.00e+00	0.00e+00	0.00e+00	0.00e+00	0.00e+00
 1.98290e+23	8.11e-12	4.14e-07	9.43e-04	1.49e-02	8.75e-02	1.44e-01	5.53e-02	1.25e-01	4.03e-01	1.50e-01	1.76e-02	1.17e-03	3.86e-05	7.23e-07	0.00e+00	0.00e+00	0.00e+00	0.00e+00	0.00e+00
 1.99662e+23	1.04e-11	5.13e-07	1.12e-03	1.71e-02	9.63e-02	1.53e-01	5.68e-02	1.27e-01	3.92e-01	1.40e-01	1.58e-02	1.02e-03	3.26e-05	5.98e-07	0.00e+00	0.00e+00	0.00e+00	0.00e+00	0.00e+00
 2.01039e+23	1.41e-11	6.65e-07	1.39e-03	2.01e-02	1.08e-01	1.64e-01	5.86e-02	1.28e-01	3.77e-01	1.28e-01	1.38e-02	8.56e-04	2.64e-05	4.73e-07	0.00e+00	0.00e+00	0.00e+00	0.00e+00	0.00e+00
 2.02470e+23	1.86e-11	8.39e-07	1.68e-03	2.32e-02	1.19e-01	1.74e-01	5.99e-02	1.29e-01	3.62e-01	1.17e-01	1.22e-02	7.27e-04	2.17e-05	3.80e-07	0.00e+00	0.00e+00	0.00e+00	0.00e+00	0.00e+00
 2.03745e+23	2.37e-11	1.03e-06	1.99e-03	2.64e-02	1.30e-01	1.83e-01	6.10e-02	1.29e-01	3.48e-01	1.08e-01	1.08e-02	6.26e-04	1.81e-05	3.11e-07	0.00e+00	0.00e+00	0.00e+00	0.00e+00	0.00e+00
 2.05178e+23	3.21e-11	1.33e-06	2.45e-03	3.08e-02	1.44e-01	1.94e-01	6.21e-02	1.29e-01	3.30e-01	9.73e-02	9.26e-03	5.17e-04	1.44e-05	2.41e-07	0.00e+00	0.00e+00	0.00e+00	0.00e+00	0.00e+00
 2.06689e+23	4.23e-11	1.68e-06	2.96e-03	3.54e-02	1.58e-01	2.04e-01	6.29e-02	1.28e-01	3.13e-01	8.77e-02	7.99e-03	4.30e-04	1.15e-05	1.90e-07	0.00e+00	0.00e+00	0.00e+00	0.00e+00	0.00e+00
 2.08065e+23	5.44e-11	2.07e-06	3.50e-03	4.01e-02	1.71e-01	2.13e-01	6.33e-02	1.27e-01	2.96e-01	7.94e-02	6.94e-03	3.62e-04	9.40e-06	1.51e-07	0.00e+00	0.00e+00	0.00e+00	0.00e+00	0.00e+00
 2.09618e+23	7.43e-11	2.69e-06	4.31e-03	4.67e-02	1.88e-01	2.23e-01	6.35e-02	1.24e-01	2.75e-01	6.96e-02	5.79e-03	2.89e-04	7.22e-06	0.00e+00	0.00e+00	0.00e+00	0.00e+00	0.00e+00	0.00e+00
 2.11219e+23	9.73e-11	3.36e-06	5.16e-03	5.30e-02	2.04e-01	2.30e-01	6.34e-02	1.22e-01	2.56e-01	6.16e-02	4.90e-03	2.36e-04	5.69e-06	0.00e+00	0.00e+00	0.00e+00	0.00e+00	0.00e+00	0.00e+00
 2.12640e+23	1.24e-10	4.12e-06	6.06e-03	5.94e-02	2.18e-01	2.37e-01	6.30e-02	1.19e-01	2.38e-01	5.48e-02	4.19e-03	1.95e-04	4.54e-06	0.00e+00	0.00e+00	0.00e+00	0.00e+00	0.00e+00	0.00e+00
 2.14247e+23	1.68e-10	5.29e-06	7.37e-03	6.82e-02	2.36e-01	2.44e-01	6.22e-02	1.14e-01	2.17e-01	4.71e-02	3.42e-03	1.53e-04	3.41e-06	0.00e+00	0.00e+00	0.00e+00	0.00e+00	0.00e+00	0.00e+00
 2.15915e+23	2.19e-10	6.57e-06	8.73e-03	7.66e-02	2.52e-01	2.49e-01	6.11e-02	1.10e-01	1.98e-01	4.09e-02	2.83e-03	1.22e-04	2.63e-06	0.00e+00	0.00e+00	0.00e+00	0.00e+00	0.00e+00	0.00e+00
 2.17411e+23	2.80e-10	8.02e-06	1.02e-02	8.51e-02	2.67e-01	2.52e-01	5.99e-02	1.06e-01	1.82e-01	3.56e-02	2.37e-03	9.86e-05	2.05e-06	0.00e+00	0.00e+00	0.00e+00	0.00e+00	0.00e+00	0.00e+00
 2.19106e+23	3.79e-10	1.03e-05	1.23e-02	9.65e-02	2.85e-01	2.55e-01	5.80e-02	1.00e-01	1.62e-01	2.98e-02	1.87e-03	7.46e-05	1.49e-06	0.00e+00	0.00e+00	0.00e+00	0.00e+00	0.00e+00	0.00e+00
 2.20857e+23	4.89e-10	1.26e-05	1.44e-02	1.07e-01	3.00e-01	2.56e-01	5.61e-02	9.47e-02	1.45e-01	2.54e-02	1.52e-03	5.85e-05	1.12e-06	0.00e+00	0.00e+00	0.00e+00	0.00e+00	0.00e+00	0.00e+00
 2.22681e+23	6.67e-10	1.62e-05	1.74e-02	1.21e-01	3.17e-01	2.56e-01	5.36e-02	8.79e-02	1.26e-01	2.06e-02	1.17e-03	4.30e-05	7.88e-07	0.00e+00	0.00e+00	0.00e+00	0.00e+00	0.00e+00	0.00e+00
 2.24527e+23	8.57e-10	1.98e-05	2.02e-02	1.33e-01	3.30e-01	2.54e-01	5.13e-02	8.22e-02	1.12e-01	1.73e-02	9.38e-04	3.31e-05	5.85e-07	0.00e+00	0.00e+00	0.00e+00	0.00e+00	0.00e+00	0.00e+00
 2.26151e+23	1.09e-09	2.39e-05	2.32e-02	1.45e-01	3.41e-01	2.51e-01	4.90e-02	7.68e-02	9.94e-02	1.46e-02	7.54e-04	2.57e-05	4.38e-07	0.00e+00	0.00e+00	0.00e+00	0.00e+00	0.00e+00	0.00e+00
 2.28010e+23	1.47e-09	3.03e-05	2.76e-02	1.61e-01	3.54e-01	2.46e-01	4.59e-02	6.99e-02	8.47e-02	1.16e-02	5.66e-04	1.84e-05	3.00e-07	0.00e+00	0.00e+00	0.00e+00	0.00e+00	0.00e+00	0.00e+00
 2.29895e+23	1.86e-09	3.66e-05	3.17e-02	1.74e-01	3.63e-01	2.40e-01	4.33e-02	6.44e-02	7.39e-02	9.56e-03	4.46e-04	1.40e-05	2.19e-07	0.00e+00	0.00e+00	0.00e+00	0.00e+00	0.00e+00	0.00e+00
 2.31812e+23	2.49e-09	4.59e-05	3.73e-02	1.91e-01	3.72e-01	2.32e-01	4.01e-02	5.79e-02	6.22e-02	7.50e-03	3.30e-04	9.89e-06	1.48e-07	0.00e+00	0.00e+00	0.00e+00	0.00e+00	0.00e+00	0.00e+00
 2.33759e+23	3.16e-09	5.53e-05	4.26e-02	2.05e-01	3.77e-01	2.25e-01	3.75e-02	5.28e-02	5.36e-02	6.10e-03	2.56e-04	7.38e-06	0.00e+00	0.00e+00	0.00e+00	0.00e+00	0.00e+00	0.00e+00	0.00e+00
 2.35483e+23	3.97e-09	6.59e-05	4.82e-02	2.19e-01	3.81e-01	2.17e-01	3.50e-02	4.80e-02	4.62e-02	4.97e-03	1.99e-04	5.54e-06	0.00e+00	0.00e+00	0.00e+00	0.00e+00	0.00e+00	0.00e+00	0.00e+00
 2.37466e+23	5.30e-09	8.23e-05	5.62e-02	2.37e-01	3.84e-01	2.06e-01	3.18e-02	4.23e-02	3.80e-02	3.79e-03	1.43e-04	3.80e-06	0.00e+00	0.00e+00	0.00e+00	0.00e+00	0.00e+00	0.00e+00	0.00e+00
 2.39474e+23	6.64e-09	9.78e-05	6.33e-02	2.52e-01	3.85e-01	1.97e-01	2.94e-02	3.81e-02	3.24e-02	3.05e-03	1.10e-04	2.80e-06	0.00e+00	0.00e+00	0.00e+00	0.00e+00	0.00e+00	0.00e+00	0.00e+00
 2.41517e+23	8.83e-09	1.21e-04	7.33e-02	2.70e-01	3.84e-01	1.85e-01	2.64e-02	3.31e-02	2.62e-02	2.29e-03	7.77e-05	1.89e-06	0.00e+00	0.00e+00	0.00e+00	0.00e+00	0.00e+00	0.00e+00	0.00e+00
 2.43587e+23	1.10e-08	1.44e-04	8.21e-02	2.84e-01	3.81e-01	1.75e-01	2.42e-02	2.95e-02	2.21e-02	1.82e-03	5.88e-05	1.38e-06	0.00e+00	0.00e+00	0.00e+00	0.00e+00	0.00e+00	0.00e+00	0.00e+00
 2.45692e+23	1.46e-08	1.78e-04	9.44e-02	3.02e-01	3.75e-01	1.62e-01	2.16e-02	2.53e-02	1.76e-02	1.34e-03	4.09e-05	9.11e-07	0.00e+00	0.00e+00	0.00e+00	0.00e+00	0.00e+00	0.00e+00	0.00e+00
 2.47825e+23	1.82e-08	2.09e-04	1.05e-01	3.16e-01	3.69e-01	1.52e-01	1.96e-02	2.24e-02	1.47e-02	1.05e-03	3.06e-05	6.55e-07	0.00e+00	0.00e+00	0.00e+00	0.00e+00	0.00e+00	0.00e+00	0.00e+00
 2.49686e+23	2.25e-08	2.44e-04	1.16e-01	3.28e-01	3.62e-01	1.43e-01	1.78e-02	1.98e-02	1.23e-02	8.27e-04	2.30e-05	4.75e-07	0.00e+00	0.00e+00	0.00e+00	0.00e+00	0.00e+00	0.00e+00	0.00e+00
 2.51428e+23	2.71e-08	2.80e-04	1.26e-01	3.39e-01	3.55e-01	1.34e-01	1.63e-02	1.76e-02	1.05e-02	6.67e-04	1.78e-05	3.55e-07	0.00e+00	0.00e+00	0.00e+00	0.00e+00	0.00e+00	0.00e+00	0.00e+00
 2.53320e+23	3.41e-08	3.31e-04	1.41e-01	3.51e-01	3.45e-01	1.24e-01	1.45e-02	1.52e-02	8.49e-03	5.05e-04	1.28e-05	2.45e-07	0.00e+00	0.00e+00	0.00e+00	0.00e+00	0.00e+00	0.00e+00	0.00e+00
 2.55226e+23	4.11e-08	3.79e-04	1.53e-01	3.61e-01	3.36e-01	1.16e-01	1.32e-02	1.35e-02	7.16e-03	4.03e-04	9.81e-06	1.81e-07	0.00e+00	0.00e+00	0.00e+00	0.00e+00	0.00e+00	0.00e+00	0.00e+00
 2.56884e+23	4.89e-08	4.30e-04	1.65e-01	3.69e-01	3.26e-01	1.09e-01	1.21e-02	1.20e-02	6.06e-03	3.23e-04	7.58e-06	1.35e-07	0.00e+00	0.00e+00	0.00e+00	0.00e+00	0.00e+00	0.00e+00	0.00e+00
 2.58773e+23	6.10e-08	5.03e-04	1.81e-01	3.79e-01	3.14e-01	9.95e-02	1.07e-02	1.03e-02	4.90e-03	2.44e-04	5.44e-06	0.00e+00	0.00e+00	0.00e+00	0.00e+00	0.00e+00	0.00e+00	0.00e+00	0.00e+00
 2.60704e+23	7.31e-08	5.73e-04	1.96e-01	3.86e-01	3.02e-01	9.22e-02	9.65e-03	9.04e-03	4.08e-03	1.92e-04	4.11e-06	0.00e+00	0.00e+00	0.00e+00	0.00e+00	0.00e+00	0.00e+00	0.00e+00	0.00e+00
 2.62688e+23	9.08e-08	6.68e-04	2.14e-01	3.93e-01	2.88e-01	8.39e-02	8.51e-03	7.69e-03	3.27e-03	1.43e-04	2.93e-06	0.00e+00	0.00e+00	0.00e+00	0.00e+00	0.00e+00	0.00e+00	0.00e+00	0.00e+00
