#depth	Cl	Cl+	Cl+2	Cl+3	Cl+4	Cl+5	Cl+6	Cl+7	Cl+8	Cl+9	Cl+10	Cl+11	Cl+12	Cl+13	Cl+14	Cl+15	Cl+16	Cl+17
 1.54284e+22	0.00e+00	0.00e+00	4.04e-27	1.62e-23	1.78e-20	1.22e-17	7.49e-15	8.14e-12	1.16e-09	7.16e-08	2.09e-06	3.74e-05	3.83e-04	2.48e-03	1.79e-02	2.41e-01	4.58e-01	2.80e-01
 3.57884e+22	0.00e+00	4.64e-29	4.41e-25	1.27e-21	9.73e-19	4.59e-16	1.88e-13	1.62e-10	1.75e-08	8.12e-07	1.73e-05	2.26e-04	1.64e-03	7.21e-03	3.56e-02	3.33e-01	4.37e-01	1.85e-01
 4.31859e+22	0.00e+00	5.71e-28	4.56e-24	1.11e-20	6.99e-18	2.70e-15	8.97e-13	7.04e-10	6.71e-08	2.70e-06	4.93e-05	5.47e-04	3.32e-03	1.20e-02	4.88e-02	3.80e-01	4.11e-01	1.44e-01
 4.68847e+22	0.00e+00	2.04e-27	1.49e-23	3.32e-20	1.88e-17	6.56e-15	1.95e-12	1.47e-09	1.32e-07	4.94e-06	8.33e-05	8.52e-04	4.73e-03	1.54e-02	5.67e-02	4.02e-01	3.95e-01	1.25e-01
 4.85131e+22	0.00e+00	3.10e-27	2.19e-23	4.75e-20	2.61e-17	8.77e-15	2.52e-12	1.87e-09	1.64e-07	6.02e-06	9.89e-05	9.85e-04	5.30e-03	1.67e-02	5.95e-02	4.09e-01	3.89e-01	1.20e-01
 4.94227e+22	0.00e+00	5.26e-27	3.59e-23	7.48e-20	3.93e-17	1.26e-14	3.46e-12	2.53e-09	2.17e-07	7.74e-06	1.23e-04	1.18e-03	6.13e-03	1.85e-02	6.31e-02	4.18e-01	3.81e-01	1.12e-01
 5.03547e+22	0.00e+00	8.10e-27	5.35e-23	1.08e-19	5.49e-17	1.70e-14	4.49e-12	3.24e-09	2.72e-07	9.48e-06	1.47e-04	1.37e-03	6.89e-03	2.01e-02	6.62e-02	4.24e-01	3.74e-01	1.07e-01
 5.13157e+22	0.00e+00	1.39e-26	8.86e-23	1.72e-19	8.35e-17	2.47e-14	6.21e-12	4.41e-09	3.62e-07	1.22e-05	1.83e-04	1.65e-03	7.98e-03	2.23e-02	7.02e-02	4.32e-01	3.65e-01	1.00e-01
 5.22264e+22	0.00e+00	2.07e-26	1.28e-22	2.41e-19	1.13e-16	3.24e-14	7.86e-12	5.52e-09	4.46e-07	1.47e-05	2.15e-04	1.89e-03	8.87e-03	2.40e-02	7.32e-02	4.38e-01	3.59e-01	9.53e-02
 5.29521e+22	0.00e+00	3.06e-26	1.83e-22	3.36e-19	1.52e-16	4.21e-14	9.84e-12	6.86e-09	5.45e-07	1.77e-05	2.52e-04	2.16e-03	9.85e-03	2.58e-02	7.62e-02	4.43e-01	3.52e-01	9.07e-02
 5.36134e+22	0.00e+00	4.30e-26	2.52e-22	4.49e-19	1.98e-16	5.29e-14	1.20e-11	8.29e-09	6.50e-07	2.07e-05	2.89e-04	2.43e-03	1.08e-02	2.74e-02	7.89e-02	4.47e-01	3.46e-01	8.68e-02
 5.42160e+22	0.00e+00	5.91e-26	3.37e-22	5.87e-19	2.52e-16	6.55e-14	1.44e-11	9.89e-09	7.66e-07	2.40e-05	3.28e-04	2.70e-03	1.17e-02	2.91e-02	8.15e-02	4.51e-01	3.40e-01	8.33e-02
 5.49049e+22	0.00e+00	8.85e-26	4.90e-22	8.27e-19	3.42e-16	8.58e-14	1.82e-11	1.24e-08	9.43e-07	2.90e-05	3.86e-04	3.10e-03	1.30e-02	3.13e-02	8.48e-02	4.56e-01	3.33e-01	7.90e-02
 5.55863e+22	0.00e+00	1.22e-25	6.59e-22	1.09e-18	4.36e-16	1.06e-13	2.18e-11	1.48e-08	1.11e-06	3.36e-05	4.39e-04	3.45e-03	1.42e-02	3.31e-02	8.74e-02	4.59e-01	3.27e-01	7.56e-02
 5.61642e+22	0.00e+00	1.66e-25	8.79e-22	1.41e-18	5.52e-16	1.31e-13	2.61e-11	1.76e-08	1.30e-06	3.88e-05	4.97e-04	3.83e-03	1.54e-02	3.50e-02	9.00e-02	4.62e-01	3.21e-01	7.25e-02
 5.68217e+22	0.00e+00	2.46e-25	1.26e-21	1.97e-18	7.41e-16	1.69e-13	3.25e-11	2.18e-08	1.59e-06	4.65e-05	5.81e-04	4.36e-03	1.70e-02	3.74e-02	9.33e-02	4.65e-01	3.13e-01	6.86e-02
 5.74617e+22	0.00e+00	3.34e-25	1.67e-21	2.54e-18	9.31e-16	2.07e-13	3.86e-11	2.57e-08	1.86e-06	5.35e-05	6.55e-04	4.82e-03	1.84e-02	3.95e-02	9.59e-02	4.67e-01	3.07e-01	6.57e-02
 5.79879e+22	0.00e+00	4.49e-25	2.19e-21	3.26e-18	1.16e-15	2.50e-13	4.54e-11	3.02e-08	2.16e-06	6.13e-05	7.37e-04	5.32e-03	1.99e-02	4.15e-02	9.85e-02	4.69e-01	3.02e-01	6.30e-02
 5.85807e+22	6.67e-37	6.39e-25	3.04e-21	4.38e-18	1.51e-15	3.15e-13	5.52e-11	3.66e-08	2.59e-06	7.20e-05	8.47e-04	5.97e-03	2.17e-02	4.41e-02	1.01e-01	4.72e-01	2.94e-01	5.98e-02
 5.91930e+22	0.00e+00	8.74e-25	4.05e-21	5.70e-18	1.91e-15	3.86e-13	6.55e-11	4.33e-08	3.03e-06	8.31e-05	9.58e-04	6.62e-03	2.35e-02	4.65e-02	1.04e-01	4.73e-01	2.88e-01	5.71e-02
 5.97351e+22	0.00e+00	1.17e-24	5.30e-21	7.27e-18	2.37e-15	4.66e-13	7.69e-11	5.07e-08	3.51e-06	9.49e-05	1.07e-03	7.28e-03	2.53e-02	4.88e-02	1.07e-01	4.74e-01	2.82e-01	5.46e-02
 6.03446e+22	0.00e+00	1.73e-24	7.62e-21	1.01e-17	3.17e-15	5.98e-13	9.49e-11	6.25e-08	4.28e-06	1.13e-04	1.25e-03	8.27e-03	2.79e-02	5.20e-02	1.10e-01	4.75e-01	2.74e-01	5.14e-02
 6.09181e+22	0.00e+00	2.28e-24	9.79e-21	1.27e-17	3.87e-15	7.11e-13	1.10e-10	7.22e-08	4.90e-06	1.28e-04	1.39e-03	9.03e-03	2.98e-02	5.44e-02	1.12e-01	4.76e-01	2.68e-01	4.92e-02
 6.14447e+22	0.00e+00	3.20e-24	1.33e-20	1.68e-17	4.95e-15	8.79e-13	1.31e-10	8.63e-08	5.80e-06	1.49e-04	1.59e-03	1.01e-02	3.24e-02	5.74e-02	1.15e-01	4.76e-01	2.61e-01	4.67e-02
 6.19820e+22	0.00e+00	4.26e-24	1.73e-20	2.13e-17	6.10e-15	1.05e-12	1.52e-10	1.00e-07	6.68e-06	1.70e-04	1.77e-03	1.10e-02	3.47e-02	6.00e-02	1.18e-01	4.75e-01	2.55e-01	4.45e-02
 6.24564e+22	0.00e+00	5.56e-24	2.22e-20	2.66e-17	7.42e-15	1.24e-12	1.75e-10	1.15e-07	7.63e-06	1.92e-04	1.96e-03	1.20e-02	3.70e-02	6.25e-02	1.20e-01	4.75e-01	2.49e-01	4.26e-02
 6.29961e+22	0.00e+00	8.05e-24	3.11e-20	3.59e-17	9.66e-15	1.55e-12	2.11e-10	1.39e-07	9.13e-06	2.26e-04	2.26e-03	1.35e-02	4.04e-02	6.62e-02	1.23e-01	4.74e-01	2.41e-01	4.00e-02
 6.35327e+22	0.00e+00	1.07e-23	4.04e-20	4.54e-17	1.19e-14	1.85e-12	2.43e-10	1.61e-07	1.05e-05	2.56e-04	2.52e-03	1.47e-02	4.32e-02	6.90e-02	1.25e-01	4.72e-01	2.35e-01	3.81e-02
 6.40654e+22	0.00e+00	1.54e-23	5.62e-20	6.11e-17	1.53e-14	2.30e-12	2.91e-10	1.94e-07	1.25e-05	3.01e-04	2.89e-03	1.65e-02	4.70e-02	7.28e-02	1.28e-01	4.70e-01	2.27e-01	3.58e-02
 6.46058e+22	0.00e+00	2.08e-23	7.39e-20	7.82e-17	1.90e-14	2.76e-12	3.37e-10	2.26e-07	1.45e-05	3.43e-04	3.23e-03	1.81e-02	5.03e-02	7.60e-02	1.30e-01	4.68e-01	2.20e-01	3.39e-02
 6.50828e+22	0.00e+00	2.80e-23	9.70e-20	9.96e-17	2.34e-14	3.29e-12	3.89e-10	2.63e-07	1.67e-05	3.91e-04	3.61e-03	1.98e-02	5.39e-02	7.93e-02	1.32e-01	4.65e-01	2.14e-01	3.21e-02
 6.56292e+22	0.00e+00	4.17e-23	1.39e-19	1.37e-16	3.09e-14	4.14e-12	4.69e-10	3.20e-07	2.02e-05	4.64e-04	4.18e-03	2.23e-02	5.89e-02	8.38e-02	1.35e-01	4.61e-01	2.05e-01	2.98e-02
 6.61534e+22	0.00e+00	5.45e-23	1.78e-19	1.71e-16	3.73e-14	4.85e-12	5.34e-10	3.65e-07	2.29e-05	5.21e-04	4.61e-03	2.41e-02	6.24e-02	8.68e-02	1.36e-01	4.58e-01	1.99e-01	2.83e-02
 6.66488e+22	0.00e+00	7.93e-23	2.49e-19	2.30e-16	4.82e-14	5.99e-12	6.32e-10	4.38e-07	2.73e-05	6.12e-04	5.29e-03	2.69e-02	6.78e-02	9.12e-02	1.39e-01	4.52e-01	1.91e-01	2.63e-02
 6.71477e+22	0.00e+00	1.05e-22	3.21e-19	2.88e-16	5.85e-14	7.04e-12	7.20e-10	5.02e-07	3.12e-05	6.89e-04	5.85e-03	2.92e-02	7.19e-02	9.45e-02	1.40e-01	4.48e-01	1.85e-01	2.49e-02
 6.76511e+22	0.00e+00	1.54e-22	4.55e-19	3.92e-16	7.59e-14	8.71e-12	8.53e-10	6.04e-07	3.72e-05	8.11e-04	6.71e-03	3.26e-02	7.79e-02	9.91e-02	1.42e-01	4.41e-01	1.76e-01	2.30e-02
 6.81427e+22	0.00e+00	2.01e-22	5.80e-19	4.86e-16	9.13e-14	1.01e-11	9.63e-10	6.88e-07	4.22e-05	9.08e-04	7.39e-03	3.52e-02	8.24e-02	1.02e-01	1.43e-01	4.36e-01	1.70e-01	2.18e-02
 6.86189e+22	0.00e+00	2.94e-22	8.16e-19	6.55e-16	1.18e-13	1.24e-11	1.13e-09	8.21e-07	5.01e-05	1.06e-03	8.44e-03	3.92e-02	8.89e-02	1.07e-01	1.45e-01	4.29e-01	1.62e-01	2.01e-02
 6.90934e+22	0.00e+00	3.85e-22	1.04e-18	8.12e-16	1.41e-13	1.45e-11	1.27e-09	9.33e-07	5.67e-05	1.19e-03	9.27e-03	4.22e-02	9.38e-02	1.10e-01	1.46e-01	4.23e-01	1.56e-01	1.89e-02
 6.95660e+22	0.00e+00	5.66e-22	1.47e-18	1.10e-15	1.82e-13	1.77e-11	1.49e-09	1.11e-06	6.74e-05	1.39e-03	1.06e-02	4.68e-02	1.01e-01	1.15e-01	1.46e-01	4.14e-01	1.48e-01	1.74e-02
 7.00404e+22	0.00e+00	7.49e-22	1.89e-18	1.37e-15	2.19e-13	2.06e-11	1.68e-09	1.27e-06	7.64e-05	1.56e-03	1.16e-02	5.05e-02	1.06e-01	1.18e-01	1.47e-01	4.07e-01	1.42e-01	1.63e-02
 7.05174e+22	0.00e+00	1.10e-21	2.67e-18	1.84e-15	2.81e-13	2.52e-11	1.96e-09	1.51e-06	9.05e-05	1.82e-03	1.32e-02	5.58e-02	1.14e-01	1.22e-01	1.47e-01	3.96e-01	1.34e-01	1.49e-02
 7.10055e+22	0.00e+00	1.49e-21	3.52e-18	2.35e-15	3.44e-13	2.96e-11	2.21e-09	1.73e-06	1.04e-04	2.06e-03	1.47e-02	6.04e-02	1.21e-01	1.26e-01	1.47e-01	3.88e-01	1.27e-01	1.38e-02
 7.14336e+22	0.00e+00	2.01e-21	4.60e-18	2.96e-15	4.18e-13	3.45e-11	2.49e-09	1.97e-06	1.18e-04	2.31e-03	1.61e-02	6.51e-02	1.27e-01	1.29e-01	1.47e-01	3.79e-01	1.21e-01	1.28e-02
 7.19157e+22	0.00e+00	2.97e-21	6.51e-18	3.99e-15	5.37e-13	4.20e-11	2.89e-09	2.34e-06	1.39e-04	2.69e-03	1.83e-02	7.16e-02	1.36e-01	1.33e-01	1.47e-01	3.67e-01	1.14e-01	1.16e-02
 7.24006e+22	0.00e+00	4.03e-21	8.55e-18	5.05e-15	6.52e-13	4.90e-11	3.25e-09	2.67e-06	1.58e-04	3.03e-03	2.02e-02	7.70e-02	1.42e-01	1.36e-01	1.46e-01	3.57e-01	1.08e-01	1.07e-02
 7.28892e+22	0.00e+00	5.98e-21	1.22e-17	6.85e-15	8.40e-13	5.97e-11	3.78e-09	3.16e-06	1.87e-04	3.52e-03	2.28e-02	8.45e-02	1.51e-01	1.40e-01	1.45e-01	3.43e-01	1.00e-01	9.60e-03
 7.33851e+22	0.00e+00	8.20e-21	1.61e-17	8.72e-15	1.03e-12	6.99e-11	4.25e-09	3.61e-06	2.12e-04	3.95e-03	2.51e-02	9.08e-02	1.59e-01	1.43e-01	1.43e-01	3.32e-01	9.41e-02	8.79e-03
 7.38907e+22	0.00e+00	1.24e-20	2.33e-17	1.19e-14	1.33e-12	8.55e-11	4.94e-09	4.28e-06	2.51e-04	4.59e-03	2.84e-02	9.94e-02	1.68e-01	1.46e-01	1.41e-01	3.18e-01	8.67e-02	7.81e-03
 7.43978e+22	3.86e-32	1.69e-20	3.08e-17	1.52e-14	1.62e-12	9.97e-11	5.54e-09	4.87e-06	2.84e-04	5.14e-03	3.11e-02	1.06e-01	1.75e-01	1.48e-01	1.39e-01	3.06e-01	8.12e-02	7.11e-03
 7.49069e+22	5.97e-32	2.56e-20	4.45e-17	2.08e-14	2.10e-12	1.22e-10	6.43e-09	5.74e-06	3.34e-04	5.95e-03	3.50e-02	1.16e-01	1.85e-01	1.51e-01	1.36e-01	2.91e-01	7.42e-02	6.27e-03
 7.54038e+22	8.14e-32	3.43e-20	5.76e-17	2.59e-14	2.52e-12	1.40e-10	7.15e-09	6.44e-06	3.73e-04	6.58e-03	3.79e-02	1.22e-01	1.91e-01	1.52e-01	1.34e-01	2.80e-01	6.96e-02	5.72e-03
 7.58849e+22	1.21e-31	5.00e-20	8.06e-17	3.45e-14	3.19e-12	1.68e-10	8.19e-09	7.45e-06	4.30e-04	7.48e-03	4.20e-02	1.32e-01	2.00e-01	1.54e-01	1.31e-01	2.65e-01	6.37e-02	5.06e-03
 7.63759e+22	1.68e-31	6.79e-20	1.06e-16	4.35e-14	3.85e-12	1.95e-10	9.13e-09	8.37e-06	4.81e-04	8.27e-03	4.55e-02	1.39e-01	2.06e-01	1.55e-01	1.28e-01	2.54e-01	5.92e-02	4.58e-03
 7.68799e+22	2.54e-31	1.00e-19	1.49e-16	5.83e-14	4.90e-12	2.35e-10	1.05e-08	9.67e-06	5.53e-04	9.38e-03	5.03e-02	1.49e-01	2.14e-01	1.55e-01	1.24e-01	2.39e-01	5.38e-02	4.01e-03
 7.73916e+22	3.50e-31	1.35e-19	1.95e-16	7.33e-14	5.93e-12	2.72e-10	1.17e-08	1.08e-05	6.15e-04	1.03e-02	5.42e-02	1.57e-01	2.20e-01	1.55e-01	1.21e-01	2.28e-01	4.98e-02	3.61e-03
 7.79135e+22	5.33e-31	2.01e-19	2.77e-16	9.86e-14	7.57e-12	3.29e-10	1.35e-08	1.25e-05	7.05e-04	1.17e-02	5.97e-02	1.67e-01	2.27e-01	1.55e-01	1.17e-01	2.13e-01	4.49e-02	3.14e-03
 7.84446e+22	7.34e-31	2.71e-19	3.62e-16	1.24e-13	9.14e-12	3.81e-10	1.50e-08	1.39e-05	7.81e-04	1.28e-02	6.41e-02	1.75e-01	2.32e-01	1.55e-01	1.14e-01	2.02e-01	4.14e-02	2.82e-03
 7.89875e+22	1.12e-30	4.02e-19	5.14e-16	1.67e-13	1.17e-11	4.62e-10	1.74e-08	1.59e-05	8.89e-04	1.44e-02	7.01e-02	1.85e-01	2.39e-01	1.54e-01	1.09e-01	1.88e-01	3.71e-02	2.43e-03
 7.95428e+22	1.55e-30	5.42e-19	6.71e-16	2.10e-13	1.41e-11	5.36e-10	1.94e-08	1.77e-05	9.82e-04	1.57e-02	7.50e-02	1.93e-01	2.43e-01	1.52e-01	1.05e-01	1.78e-01	3.41e-02	2.17e-03
 8.01143e+22	2.36e-30	8.03e-19	9.52e-16	2.83e-13	1.81e-11	6.51e-10	2.25e-08	2.02e-05	1.11e-03	1.75e-02	8.16e-02	2.04e-01	2.48e-01	1.50e-01	1.01e-01	1.65e-01	3.03e-02	1.86e-03
 8.06867e+22	3.23e-30	1.08e-18	1.24e-15	3.54e-13	2.18e-11	7.54e-10	2.52e-08	2.24e-05	1.22e-03	1.90e-02	8.68e-02	2.11e-01	2.51e-01	1.49e-01	9.70e-02	1.55e-01	2.78e-02	1.65e-03
 8.12603e+22	4.87e-30	1.58e-18	1.74e-15	4.72e-13	2.77e-11	9.11e-10	2.90e-08	2.54e-05	1.37e-03	2.10e-02	9.38e-02	2.21e-01	2.55e-01	1.46e-01	9.22e-02	1.43e-01	2.47e-02	1.42e-03
 8.18466e+22	6.67e-30	2.10e-18	2.25e-15	5.90e-13	3.34e-11	1.06e-09	3.25e-08	2.80e-05	1.50e-03	2.27e-02	9.94e-02	2.28e-01	2.58e-01	1.44e-01	8.85e-02	1.34e-01	2.25e-02	1.25e-03
 8.24494e+22	9.99e-30	3.06e-18	3.14e-15	7.85e-13	4.24e-11	1.28e-09	3.76e-08	3.16e-05	1.68e-03	2.50e-02	1.07e-01	2.38e-01	2.60e-01	1.40e-01	8.39e-02	1.24e-01	1.99e-02	1.07e-03
 8.30391e+22	1.34e-29	4.00e-18	3.99e-15	9.65e-13	5.04e-11	1.46e-09	4.18e-08	3.45e-05	1.81e-03	2.68e-02	1.12e-01	2.44e-01	2.61e-01	1.38e-01	8.05e-02	1.16e-01	1.82e-02	9.53e-04
 8.36119e+22	1.95e-29	5.66e-18	5.45e-15	1.26e-12	6.29e-11	1.75e-09	4.79e-08	3.86e-05	2.00e-03	2.92e-02	1.20e-01	2.52e-01	2.62e-01	1.34e-01	7.62e-02	1.07e-01	1.62e-02	8.17e-04
 8.41937e+22	2.60e-29	7.35e-18	6.88e-15	1.54e-12	7.46e-11	2.00e-09	5.33e-08	4.21e-05	2.16e-03	3.12e-02	1.25e-01	2.58e-01	2.63e-01	1.31e-01	7.30e-02	1.00e-01	1.48e-02	7.27e-04
 8.47872e+22	3.77e-29	1.03e-17	9.32e-15	2.00e-12	9.29e-11	2.39e-09	6.10e-08	4.69e-05	2.38e-03	3.38e-02	1.33e-01	2.66e-01	2.63e-01	1.28e-01	6.89e-02	9.21e-02	1.31e-02	6.22e-04
 8.53962e+22	5.10e-29	1.36e-17	1.19e-14	2.47e-12	1.11e-10	2.75e-09	6.82e-08	5.12e-05	2.57e-03	3.61e-02	1.39e-01	2.71e-01	2.62e-01	1.24e-01	6.57e-02	8.58e-02	1.19e-02	5.48e-04
 8.60256e+22	7.45e-29	1.91e-17	1.62e-14	3.22e-12	1.39e-10	3.30e-09	7.84e-08	5.72e-05	2.83e-03	3.91e-02	1.47e-01	2.78e-01	2.61e-01	1.20e-01	6.17e-02	7.84e-02	1.05e-02	4.65e-04
 8.66435e+22	9.84e-29	2.46e-17	2.03e-14	3.90e-12	1.64e-10	3.77e-09	8.70e-08	6.20e-05	3.03e-03	4.15e-02	1.53e-01	2.83e-01	2.60e-01	1.17e-01	5.89e-02	7.33e-02	9.51e-03	4.12e-04
 8.72465e+22	1.41e-28	3.41e-17	2.72e-14	5.02e-12	2.02e-10	4.47e-09	9.94e-08	6.86e-05	3.31e-03	4.46e-02	1.61e-01	2.89e-01	2.58e-01	1.13e-01	5.53e-02	6.69e-02	8.39e-03	3.51e-04
 8.78553e+22	1.84e-28	4.32e-17	3.37e-14	6.05e-12	2.37e-10	5.08e-09	1.10e-07	7.42e-05	3.54e-03	4.71e-02	1.67e-01	2.93e-01	2.57e-01	1.10e-01	5.27e-02	6.26e-02	7.64e-03	3.12e-04
 8.84718e+22	2.63e-28	5.96e-17	4.49e-14	7.74e-12	2.92e-10	6.02e-09	1.26e-07	8.21e-05	3.85e-03	5.05e-02	1.75e-01	2.98e-01	2.54e-01	1.05e-01	4.94e-02	5.71e-02	6.73e-03	2.66e-04
 8.91008e+22	3.46e-28	7.59e-17	5.59e-14	9.36e-12	3.43e-10	6.87e-09	1.39e-07	8.89e-05	4.11e-03	5.32e-02	1.82e-01	3.01e-01	2.51e-01	1.02e-01	4.69e-02	5.31e-02	6.10e-03	2.35e-04
 8.97459e+22	4.95e-28	1.05e-16	7.46e-14	1.20e-11	4.24e-10	8.16e-09	1.60e-07	9.84e-05	4.48e-03	5.70e-02	1.90e-01	3.05e-01	2.48e-01	9.77e-02	4.38e-02	4.83e-02	5.35e-03	1.98e-04
 9.04029e+22	6.53e-28	1.34e-16	9.30e-14	1.45e-11	5.00e-10	9.34e-09	1.77e-07	1.07e-04	4.78e-03	6.01e-02	1.97e-01	3.08e-01	2.45e-01	9.43e-02	4.15e-02	4.48e-02	4.83e-03	1.74e-04
 9.10755e+22	4.54e-29	1.85e-16	1.24e-13	1.87e-11	6.19e-10	1.11e-08	2.04e-07	1.18e-04	5.20e-03	6.42e-02	2.05e-01	3.11e-01	2.41e-01	8.99e-02	3.85e-02	4.05e-02	4.21e-03	1.47e-04
 9.17609e+22	4.97e-29	2.36e-16	1.55e-13	2.27e-11	7.31e-10	1.27e-08	2.27e-07	1.28e-04	5.55e-03	6.76e-02	2.12e-01	3.14e-01	2.37e-01	8.66e-02	3.64e-02	3.74e-02	3.79e-03	1.28e-04
 9.23615e+22	6.59e-29	3.00e-16	1.93e-13	2.74e-11	8.57e-10	1.45e-08	2.52e-07	1.39e-04	5.91e-03	7.09e-02	2.18e-01	3.15e-01	2.33e-01	8.33e-02	3.44e-02	3.46e-02	3.41e-03	1.13e-04
 9.30404e+22	9.53e-29	4.08e-16	2.54e-13	3.48e-11	1.05e-09	1.72e-08	2.88e-07	1.53e-04	6.40e-03	7.54e-02	2.27e-01	3.17e-01	2.28e-01	7.92e-02	3.19e-02	3.13e-02	2.97e-03	9.49e-05
 9.37208e+22	1.25e-28	5.08e-16	3.11e-13	4.15e-11	1.23e-09	1.95e-08	3.19e-07	1.65e-04	6.80e-03	7.89e-02	2.33e-01	3.19e-01	2.24e-01	7.63e-02	3.02e-02	2.91e-02	2.69e-03	8.38e-05
 9.44029e+22	1.81e-28	6.91e-16	4.09e-13	5.27e-11	1.50e-09	2.31e-08	3.64e-07	1.82e-04	7.35e-03	8.37e-02	2.41e-01	3.20e-01	2.19e-01	7.23e-02	2.79e-02	2.62e-02	2.34e-03	7.03e-05
 9.50952e+22	2.39e-28	8.61e-16	5.00e-13	6.29e-11	1.75e-09	2.62e-08	4.04e-07	1.97e-04	7.80e-03	8.75e-02	2.48e-01	3.20e-01	2.15e-01	6.94e-02	2.64e-02	2.42e-02	2.11e-03	6.19e-05
 9.58006e+22	3.44e-28	1.16e-15	6.55e-13	7.95e-11	2.14e-09	3.10e-08	4.61e-07	2.17e-04	8.42e-03	9.26e-02	2.56e-01	3.20e-01	2.09e-01	6.57e-02	2.44e-02	2.18e-02	1.84e-03	5.20e-05
 9.65290e+22	4.68e-28	1.48e-15	8.16e-13	9.64e-11	2.53e-09	3.55e-08	5.15e-07	2.35e-04	8.97e-03	9.70e-02	2.62e-01	3.20e-01	2.04e-01	6.27e-02	2.28e-02	2.00e-02	1.64e-03	4.51e-05
 9.72872e+22	6.78e-28	1.99e-15	1.07e-12	1.22e-10	3.11e-09	4.21e-08	5.90e-07	2.61e-04	9.70e-03	1.03e-01	2.71e-01	3.20e-01	1.98e-01	5.90e-02	2.10e-02	1.79e-02	1.42e-03	3.76e-05
 9.80722e+22	9.46e-28	2.58e-15	1.35e-12	1.50e-10	3.70e-09	4.88e-08	6.64e-07	2.84e-04	1.04e-02	1.08e-01	2.77e-01	3.19e-01	1.93e-01	5.60e-02	1.95e-02	1.63e-02	1.25e-03	3.22e-05
 9.88919e+22	1.40e-27	3.53e-15	1.80e-12	1.93e-10	4.60e-09	5.84e-08	7.68e-07	3.17e-04	1.12e-02	1.14e-01	2.86e-01	3.17e-01	1.86e-01	5.24e-02	1.79e-02	1.45e-02	1.07e-03	2.66e-05
 9.97366e+22	2.00e-27	4.60e-15	2.29e-12	2.38e-10	5.52e-09	6.80e-08	8.68e-07	3.47e-04	1.20e-02	1.20e-01	2.93e-01	3.15e-01	1.80e-01	4.95e-02	1.65e-02	1.31e-02	9.37e-04	2.25e-05
 1.00614e+23	3.01e-27	6.36e-15	3.07e-12	3.09e-10	6.92e-09	8.21e-08	1.01e-06	3.88e-04	1.31e-02	1.27e-01	3.01e-01	3.13e-01	1.73e-01	4.60e-02	1.50e-02	1.15e-02	7.94e-04	1.84e-05
 1.01523e+23	4.34e-27	8.41e-15	3.96e-12	3.86e-10	8.39e-09	9.65e-08	1.15e-06	4.27e-04	1.41e-02	1.33e-01	3.08e-01	3.10e-01	1.67e-01	4.31e-02	1.38e-02	1.03e-02	6.88e-04	1.54e-05
 1.02346e+23	6.16e-27	1.10e-14	5.05e-12	4.78e-10	1.01e-08	1.13e-07	1.30e-06	4.69e-04	1.51e-02	1.39e-01	3.15e-01	3.07e-01	1.61e-01	4.05e-02	1.27e-02	9.29e-03	5.98e-04	1.30e-05
 1.03289e+23	9.52e-27	1.54e-14	6.86e-12	6.27e-10	1.28e-08	1.37e-07	1.53e-06	5.27e-04	1.64e-02	1.47e-01	3.23e-01	3.02e-01	1.53e-01	3.73e-02	1.14e-02	8.10e-03	5.00e-04	1.04e-05
 1.04253e+23	1.39e-26	2.04e-14	8.86e-12	7.85e-10	1.55e-08	1.61e-07	1.74e-06	5.80e-04	1.76e-02	1.54e-01	3.29e-01	2.99e-01	1.47e-01	3.48e-02	1.04e-02	7.21e-03	4.30e-04	8.65e-06
 1.05113e+23	1.98e-26	2.65e-14	1.13e-11	9.72e-10	1.87e-08	1.88e-07	1.98e-06	6.37e-04	1.89e-02	1.61e-01	3.35e-01	2.94e-01	1.41e-01	3.25e-02	9.51e-03	6.45e-03	3.72e-04	7.25e-06
 1.06100e+23	3.17e-26	3.80e-14	1.57e-11	1.29e-09	2.39e-08	2.32e-07	2.34e-06	7.19e-04	2.06e-02	1.71e-01	3.42e-01	2.88e-01	1.33e-01	2.96e-02	8.44e-03	5.54e-03	3.05e-04	5.68e-06
 1.07096e+23	4.50e-26	4.96e-14	2.00e-11	1.60e-09	2.88e-08	2.71e-07	2.65e-06	7.90e-04	2.20e-02	1.78e-01	3.48e-01	2.84e-01	1.27e-01	2.76e-02	7.70e-03	4.93e-03	2.63e-04	4.74e-06
 1.08103e+23	7.21e-26	7.12e-14	2.77e-11	2.14e-09	3.70e-08	3.34e-07	3.14e-06	8.92e-04	2.40e-02	1.88e-01	3.54e-01	2.77e-01	1.20e-01	2.50e-02	6.80e-03	4.21e-03	2.15e-04	3.69e-06
 1.09122e+23	1.04e-25	9.38e-14	3.56e-11	2.67e-09	4.48e-08	3.92e-07	3.57e-06	9.81e-04	2.57e-02	1.96e-01	3.59e-01	2.71e-01	1.14e-01	2.31e-02	6.17e-03	3.72e-03	1.83e-04	3.04e-06
 1.10157e+23	1.66e-25	1.35e-13	4.95e-11	3.57e-09	5.76e-08	4.83e-07	4.23e-06	1.11e-03	2.80e-02	2.07e-01	3.65e-01	2.63e-01	1.07e-01	2.09e-02	5.41e-03	3.15e-03	1.48e-04	2.35e-06
 1.11146e+23	2.28e-25	1.72e-13	6.18e-11	4.34e-09	6.82e-08	5.57e-07	4.75e-06	1.21e-03	2.97e-02	2.14e-01	3.68e-01	2.58e-01	1.02e-01	1.94e-02	4.95e-03	2.82e-03	1.28e-04	1.97e-06
 1.12075e+23	3.49e-25	2.39e-13	8.35e-11	5.64e-09	8.57e-08	6.74e-07	5.54e-06	1.35e-03	3.20e-02	2.24e-01	3.73e-01	2.50e-01	9.54e-02	1.76e-02	4.38e-03	2.41e-03	1.05e-04	1.54e-06
 1.13007e+23	4.80e-25	3.06e-13	1.04e-10	6.86e-09	1.02e-07	7.78e-07	6.22e-06	1.46e-03	3.39e-02	2.32e-01	3.76e-01	2.44e-01	9.08e-02	1.63e-02	3.99e-03	2.15e-03	9.05e-05	1.29e-06
 1.13941e+23	7.23e-25	4.22e-13	1.40e-10	8.85e-09	1.27e-07	9.37e-07	7.24e-06	1.63e-03	3.65e-02	2.42e-01	3.79e-01	2.36e-01	8.48e-02	1.47e-02	3.53e-03	1.84e-03	7.41e-05	1.01e-06
 1.14897e+23	1.02e-24	5.49e-13	1.77e-10	1.09e-08	1.52e-07	1.09e-06	8.20e-06	1.78e-03	3.88e-02	2.50e-01	3.81e-01	2.29e-01	8.01e-02	1.35e-02	3.18e-03	1.61e-03	6.28e-05	8.27e-07
 1.15878e+23	1.56e-24	7.72e-13	2.41e-10	1.43e-08	1.93e-07	1.33e-06	9.64e-06	2.00e-03	4.19e-02	2.61e-01	3.84e-01	2.20e-01	7.42e-02	1.21e-02	2.78e-03	1.36e-03	5.05e-05	6.34e-07
 1.16866e+23	2.18e-24	1.00e-12	3.06e-10	1.76e-08	2.31e-07	1.55e-06	1.09e-05	2.18e-03	4.45e-02	2.70e-01	3.85e-01	2.14e-01	6.99e-02	1.11e-02	2.50e-03	1.19e-03	4.26e-05	5.17e-07
 1.17860e+23	3.34e-24	1.40e-12	4.15e-10	2.30e-08	2.93e-07	1.90e-06	1.28e-05	2.44e-03	4.80e-02	2.81e-01	3.86e-01	2.04e-01	6.44e-02	9.84e-03	2.17e-03	9.95e-04	3.40e-05	3.93e-07
 1.18874e+23	4.71e-24	1.84e-12	5.31e-10	2.86e-08	3.54e-07	2.23e-06	1.47e-05	2.68e-03	5.11e-02	2.91e-01	3.87e-01	1.97e-01	6.02e-02	8.93e-03	1.94e-03	8.61e-04	2.83e-05	3.15e-07
 1.19911e+23	7.30e-24	2.61e-12	7.30e-10	3.78e-08	4.54e-07	2.75e-06	1.74e-05	3.02e-03	5.53e-02	3.03e-01	3.87e-01	1.87e-01	5.50e-02	7.84e-03	1.66e-03	7.10e-04	2.21e-05	2.34e-07
 1.20967e+23	1.04e-23	3.44e-12	9.38e-10	4.72e-08	5.52e-07	3.25e-06	2.00e-05	3.33e-03	5.88e-02	3.13e-01	3.86e-01	1.79e-01	5.10e-02	7.05e-03	1.47e-03	6.07e-04	1.82e-05	1.84e-07
 1.22045e+23	1.62e-23	4.91e-12	1.30e-09	6.28e-08	7.12e-07	4.03e-06	2.40e-05	3.78e-03	6.38e-02	3.26e-01	3.84e-01	1.68e-01	4.61e-02	6.11e-03	1.24e-03	4.93e-04	1.40e-05	1.34e-07
 1.23145e+23	2.32e-23	6.52e-12	1.68e-09	7.90e-08	8.74e-07	4.81e-06	2.77e-05	4.18e-03	6.81e-02	3.36e-01	3.82e-01	1.60e-01	4.24e-02	5.44e-03	1.09e-03	4.16e-04	1.13e-05	0.00e+00
 1.24236e+23	3.54e-23	9.15e-12	2.29e-09	1.04e-07	1.12e-06	5.96e-06	3.32e-05	4.73e-03	7.36e-02	3.49e-01	3.79e-01	1.50e-01	3.81e-02	4.69e-03	9.19e-04	3.36e-04	8.62e-06	0.00e+00
 1.25272e+23	4.82e-23	1.17e-11	2.85e-09	1.27e-07	1.34e-06	6.96e-06	3.78e-05	5.18e-03	7.79e-02	3.58e-01	3.76e-01	1.43e-01	3.52e-02	4.21e-03	8.12e-04	2.87e-04	7.09e-06	0.00e+00
 1.26276e+23	7.12e-23	1.59e-11	3.79e-09	1.64e-07	1.69e-06	8.52e-06	4.50e-05	5.83e-03	8.39e-02	3.70e-01	3.71e-01	1.33e-01	3.16e-02	3.63e-03	6.87e-04	2.33e-04	5.45e-06	0.00e+00
 1.27299e+23	9.71e-23	2.02e-11	4.74e-09	2.01e-07	2.04e-06	1.00e-05	5.16e-05	6.40e-03	8.90e-02	3.79e-01	3.66e-01	1.26e-01	2.89e-02	3.22e-03	6.01e-04	1.97e-04	4.41e-06	0.00e+00
 1.28300e+23	1.39e-22	2.68e-11	6.15e-09	2.55e-07	2.54e-06	1.22e-05	6.10e-05	7.18e-03	9.54e-02	3.91e-01	3.60e-01	1.17e-01	2.59e-02	2.78e-03	5.10e-04	1.60e-04	3.41e-06	0.00e+00
 1.29322e+23	1.89e-22	3.41e-11	7.69e-09	3.13e-07	3.08e-06	1.44e-05	7.05e-05	7.92e-03	1.01e-01	4.00e-01	3.54e-01	1.10e-01	2.35e-02	2.44e-03	4.41e-04	1.33e-04	2.71e-06	0.00e+00
 1.30319e+23	2.61e-22	4.39e-11	9.76e-09	3.91e-07	3.79e-06	1.73e-05	8.28e-05	8.83e-03	1.08e-01	4.10e-01	3.47e-01	1.02e-01	2.11e-02	2.11e-03	3.75e-04	1.09e-04	2.10e-06	0.00e+00
 1.31337e+23	3.53e-22	5.54e-11	1.22e-08	4.80e-07	4.60e-06	2.05e-05	9.63e-05	9.79e-03	1.15e-01	4.19e-01	3.39e-01	9.52e-02	1.89e-02	1.84e-03	3.21e-04	8.94e-05	1.65e-06	0.00e+00
 1.32346e+23	4.78e-22	6.98e-11	1.52e-08	5.92e-07	5.60e-06	2.45e-05	1.13e-04	1.09e-02	1.22e-01	4.28e-01	3.31e-01	8.82e-02	1.69e-02	1.58e-03	2.72e-04	7.29e-05	1.28e-06	0.00e+00
 1.33359e+23	6.36e-22	8.68e-11	1.87e-08	7.23e-07	6.79e-06	2.91e-05	1.31e-04	1.21e-02	1.30e-01	4.37e-01	3.23e-01	8.16e-02	1.51e-02	1.37e-03	2.32e-04	5.96e-05	9.98e-07	0.00e+00
 1.34362e+23	8.40e-22	1.07e-10	2.29e-08	8.78e-07	8.19e-06	3.45e-05	1.53e-04	1.34e-02	1.38e-01	4.45e-01	3.14e-01	7.54e-02	1.35e-02	1.18e-03	1.97e-04	4.87e-05	7.76e-07	0.00e+00
 1.35363e+23	1.10e-21	1.30e-10	2.79e-08	1.06e-06	9.85e-06	4.07e-05	1.78e-04	1.48e-02	1.46e-01	4.52e-01	3.04e-01	6.95e-02	1.20e-02	1.02e-03	1.67e-04	3.97e-05	6.03e-07	0.00e+00
 1.36366e+23	1.43e-21	1.58e-10	3.38e-08	1.28e-06	1.18e-05	4.81e-05	2.06e-04	1.63e-02	1.54e-01	4.59e-01	2.95e-01	6.40e-02	1.07e-02	8.74e-04	1.42e-04	3.23e-05	4.68e-07	0.00e+00
 1.37373e+23	1.84e-21	1.90e-10	4.07e-08	1.54e-06	1.41e-05	5.66e-05	2.40e-04	1.81e-02	1.63e-01	4.64e-01	2.85e-01	5.88e-02	9.51e-03	7.50e-04	1.20e-04	2.63e-05	3.63e-07	0.00e+00
 1.38386e+23	2.36e-21	2.26e-10	4.88e-08	1.84e-06	1.69e-05	6.67e-05	2.78e-04	1.99e-02	1.72e-01	4.70e-01	2.75e-01	5.38e-02	8.43e-03	6.43e-04	1.01e-04	2.13e-05	2.80e-07	0.00e+00
 1.39410e+23	3.01e-21	2.68e-10	5.83e-08	2.20e-06	2.01e-05	7.83e-05	3.23e-04	2.20e-02	1.82e-01	4.74e-01	2.64e-01	4.92e-02	7.45e-03	5.50e-04	8.54e-05	1.72e-05	2.16e-07	0.00e+00
 1.40445e+23	3.83e-21	3.16e-10	6.95e-08	2.63e-06	2.40e-05	9.20e-05	3.76e-04	2.43e-02	1.92e-01	4.78e-01	2.54e-01	4.49e-02	6.58e-03	4.69e-04	7.17e-05	1.39e-05	1.66e-07	0.00e+00
 1.41486e+23	4.83e-21	3.70e-10	8.24e-08	3.12e-06	2.85e-05	1.08e-04	4.35e-04	2.68e-02	2.02e-01	4.81e-01	2.43e-01	4.09e-02	5.80e-03	4.00e-04	6.03e-05	1.12e-05	1.28e-07	0.00e+00
 1.42545e+23	6.10e-21	4.32e-10	9.78e-08	3.71e-06	3.39e-05	1.27e-04	5.06e-04	2.96e-02	2.12e-01	4.83e-01	2.32e-01	3.71e-02	5.09e-03	3.40e-04	5.04e-05	9.02e-06	0.00e+00	0.00e+00
 1.43616e+23	7.65e-21	5.01e-10	1.15e-07	4.39e-06	4.01e-05	1.48e-04	5.86e-04	3.25e-02	2.23e-01	4.84e-01	2.21e-01	3.37e-02	4.48e-03	2.89e-04	4.22e-05	7.26e-06	0.00e+00	0.00e+00
 1.44708e+23	9.64e-21	5.82e-10	1.37e-07	5.22e-06	4.77e-05	1.74e-04	6.82e-04	3.59e-02	2.34e-01	4.84e-01	2.10e-01	3.04e-02	3.91e-03	2.44e-04	3.51e-05	5.78e-06	0.00e+00	0.00e+00
 1.45724e+23	1.17e-20	6.57e-10	1.57e-07	6.00e-06	5.48e-05	1.97e-04	7.70e-04	3.88e-02	2.44e-01	4.83e-01	2.02e-01	2.79e-02	3.50e-03	2.12e-04	3.02e-05	4.81e-06	0.00e+00	0.00e+00
 1.46770e+23	1.47e-20	7.60e-10	1.86e-07	7.15e-06	6.53e-05	2.32e-04	9.00e-04	4.29e-02	2.56e-01	4.82e-01	1.90e-01	2.50e-02	3.03e-03	1.78e-04	2.48e-05	3.78e-06	0.00e+00	0.00e+00
 1.47835e+23	1.78e-20	8.56e-10	2.14e-07	8.23e-06	7.51e-05	2.64e-04	1.02e-03	4.64e-02	2.65e-01	4.80e-01	1.82e-01	2.29e-02	2.70e-03	1.54e-04	2.12e-05	3.13e-06	0.00e+00	0.00e+00
 1.48926e+23	1.58e-19	9.87e-10	2.55e-07	9.82e-06	8.98e-05	3.11e-04	1.19e-03	5.14e-02	2.78e-01	4.76e-01	1.70e-01	2.03e-02	2.32e-03	1.28e-04	1.73e-05	2.44e-06	0.00e+00	0.00e+00
 1.50023e+23	1.94e-19	1.11e-09	2.93e-07	1.13e-05	1.03e-04	3.53e-04	1.34e-03	5.53e-02	2.87e-01	4.73e-01	1.62e-01	1.86e-02	2.07e-03	1.11e-04	1.48e-05	2.02e-06	0.00e+00	0.00e+00
 1.51127e+23	2.50e-19	1.28e-09	3.49e-07	1.34e-05	1.22e-04	4.14e-04	1.56e-03	6.09e-02	3.00e-01	4.67e-01	1.52e-01	1.65e-02	1.78e-03	9.20e-05	1.21e-05	1.58e-06	0.00e+00	0.00e+00
 1.52238e+23	3.09e-19	1.44e-09	4.01e-07	1.54e-05	1.40e-04	4.67e-04	1.75e-03	6.55e-02	3.09e-01	4.62e-01	1.44e-01	1.50e-02	1.59e-03	7.97e-05	1.03e-05	1.31e-06	0.00e+00	0.00e+00
 1.53358e+23	4.02e-19	1.66e-09	4.77e-07	1.83e-05	1.66e-04	5.46e-04	2.04e-03	7.19e-02	3.22e-01	4.55e-01	1.34e-01	1.33e-02	1.36e-03	6.61e-05	8.41e-06	1.02e-06	0.00e+00	0.00e+00
 1.54487e+23	5.02e-19	1.87e-09	5.49e-07	2.10e-05	1.89e-04	6.15e-04	2.28e-03	7.72e-02	3.31e-01	4.49e-01	1.27e-01	1.21e-02	1.21e-03	5.71e-05	7.17e-06	8.40e-07	0.00e+00	0.00e+00
 1.55629e+23	6.64e-19	2.16e-09	6.55e-07	2.50e-05	2.24e-04	7.17e-04	2.65e-03	8.45e-02	3.43e-01	4.40e-01	1.17e-01	1.06e-02	1.04e-03	4.72e-05	5.82e-06	6.54e-07	0.00e+00	0.00e+00
 1.56786e+23	8.44e-19	2.43e-09	7.56e-07	2.87e-05	2.56e-04	8.07e-04	2.96e-03	9.05e-02	3.52e-01	4.33e-01	1.11e-01	9.62e-03	9.17e-04	4.07e-05	4.95e-06	5.37e-07	0.00e+00	0.00e+00
 1.57962e+23	1.14e-18	2.82e-09	9.08e-07	3.42e-05	3.03e-04	9.40e-04	3.42e-03	9.88e-02	3.63e-01	4.22e-01	1.02e-01	8.43e-03	7.81e-04	3.35e-05	4.00e-06	4.16e-07	0.00e+00	0.00e+00
 1.59158e+23	1.50e-18	3.21e-09	1.05e-06	3.94e-05	3.46e-04	1.06e-03	3.83e-03	1.06e-01	3.72e-01	4.14e-01	9.56e-02	7.60e-03	6.89e-04	2.87e-05	3.38e-06	3.39e-07	0.00e+00	0.00e+00
 1.60380e+23	2.11e-18	3.76e-09	1.28e-06	4.72e-05	4.11e-04	1.23e-03	4.42e-03	1.15e-01	3.82e-01	4.02e-01	8.76e-02	6.62e-03	5.83e-04	2.35e-05	2.71e-06	2.60e-07	0.00e+00	0.00e+00
 1.61627e+23	2.88e-18	4.31e-09	1.49e-06	5.47e-05	4.71e-04	1.39e-03	4.95e-03	1.23e-01	3.90e-01	3.92e-01	8.16e-02	5.93e-03	5.11e-04	2.00e-05	2.27e-06	2.11e-07	0.00e+00	0.00e+00
 1.62909e+23	4.33e-18	5.12e-09	1.83e-06	6.60e-05	5.61e-04	1.62e-03	5.72e-03	1.34e-01	4.00e-01	3.78e-01	7.42e-02	5.12e-03	4.29e-04	1.62e-05	1.81e-06	1.60e-07	0.00e+00	0.00e+00
 1.64223e+23	6.36e-18	5.95e-09	2.16e-06	7.71e-05	6.46e-04	1.83e-03	6.40e-03	1.43e-01	4.07e-01	3.67e-01	6.87e-02	4.56e-03	3.73e-04	1.37e-05	1.50e-06	1.29e-07	0.00e+00	0.00e+00
 1.65327e+23	9.10e-18	6.78e-09	2.51e-06	8.82e-05	7.29e-04	2.03e-03	7.05e-03	1.51e-01	4.13e-01	3.57e-01	6.41e-02	4.11e-03	3.30e-04	1.18e-05	1.28e-06	0.00e+00	0.00e+00	0.00e+00
 1.66512e+23	1.49e-17	8.00e-09	3.03e-06	1.05e-04	8.53e-04	2.33e-03	7.99e-03	1.62e-01	4.20e-01	3.44e-01	5.85e-02	3.59e-03	2.81e-04	9.69e-06	1.03e-06	0.00e+00	0.00e+00	0.00e+00
 1.67718e+23	2.46e-17	9.24e-09	3.54e-06	1.21e-04	9.66e-04	2.59e-03	8.79e-03	1.71e-01	4.25e-01	3.34e-01	5.44e-02	3.22e-03	2.48e-04	8.32e-06	8.76e-07	0.00e+00	0.00e+00	0.00e+00
 1.68766e+23	4.26e-17	1.05e-08	4.09e-06	1.38e-04	1.09e-03	2.86e-03	9.65e-03	1.80e-01	4.29e-01	3.24e-01	5.06e-02	2.90e-03	2.19e-04	7.16e-06	7.44e-07	0.00e+00	0.00e+00	0.00e+00
 1.69945e+23	8.94e-17	1.25e-08	4.94e-06	1.63e-04	1.26e-03	3.26e-03	1.09e-02	1.92e-01	4.34e-01	3.10e-01	4.59e-02	2.52e-03	1.86e-04	5.90e-06	6.02e-07	0.00e+00	0.00e+00	0.00e+00
 1.71119e+23	2.25e-16	1.44e-08	5.73e-06	1.86e-04	1.42e-03	3.58e-03	1.18e-02	2.01e-01	4.36e-01	3.00e-01	4.28e-02	2.28e-03	1.65e-04	5.11e-06	5.15e-07	0.00e+00	0.00e+00	0.00e+00
 1.72284e+23	6.62e-16	1.72e-08	6.92e-06	2.21e-04	1.64e-03	4.05e-03	1.32e-02	2.13e-01	4.39e-01	2.87e-01	3.88e-02	1.99e-03	1.41e-04	4.22e-06	4.18e-07	0.00e+00	0.00e+00	0.00e+00
 1.73468e+23	2.01e-15	2.00e-08	8.07e-06	2.53e-04	1.84e-03	4.46e-03	1.43e-02	2.23e-01	4.41e-01	2.77e-01	3.60e-02	1.79e-03	1.24e-04	3.63e-06	3.56e-07	0.00e+00	0.00e+00	0.00e+00
 1.74673e+23	4.43e-15	2.42e-08	9.82e-06	3.01e-04	2.14e-03	5.05e-03	1.60e-02	2.36e-01	4.43e-01	2.64e-01	3.25e-02	1.55e-03	1.05e-04	2.98e-06	2.87e-07	0.00e+00	0.00e+00	0.00e+00
 1.75899e+23	7.38e-15	2.85e-08	1.15e-05	3.46e-04	2.41e-03	5.56e-03	1.73e-02	2.46e-01	4.43e-01	2.54e-01	3.00e-02	1.39e-03	9.26e-05	2.56e-06	2.43e-07	0.00e+00	0.00e+00	0.00e+00
 1.77152e+23	1.19e-14	3.47e-08	1.41e-05	4.14e-04	2.80e-03	6.30e-03	1.94e-02	2.60e-01	4.43e-01	2.40e-01	2.69e-02	1.19e-03	7.76e-05	2.08e-06	1.94e-07	0.00e+00	0.00e+00	0.00e+00
 1.78420e+23	1.74e-14	4.13e-08	1.67e-05	4.79e-04	3.15e-03	6.94e-03	2.10e-02	2.70e-01	4.42e-01	2.30e-01	2.47e-02	1.07e-03	6.80e-05	1.77e-06	1.63e-07	0.00e+00	0.00e+00	0.00e+00
 1.79711e+23	2.68e-14	5.11e-08	2.06e-05	5.75e-04	3.67e-03	7.86e-03	2.33e-02	2.85e-01	4.40e-01	2.17e-01	2.20e-02	9.12e-04	5.68e-05	1.43e-06	1.30e-07	0.00e+00	0.00e+00	0.00e+00
 1.81038e+23	3.80e-14	6.15e-08	2.46e-05	6.70e-04	4.16e-03	8.68e-03	2.53e-02	2.96e-01	4.38e-01	2.06e-01	2.00e-02	8.05e-04	4.92e-05	1.21e-06	0.00e+00	0.00e+00	0.00e+00	0.00e+00
 1.82413e+23	5.85e-14	7.77e-08	3.07e-05	8.14e-04	4.88e-03	9.86e-03	2.82e-02	3.11e-01	4.34e-01	1.93e-01	1.77e-02	6.83e-04	4.06e-05	9.63e-07	0.00e+00	0.00e+00	0.00e+00	0.00e+00
 1.83821e+23	8.26e-14	9.48e-08	3.70e-05	9.55e-04	5.55e-03	1.09e-02	3.06e-02	3.23e-01	4.30e-01	1.83e-01	1.60e-02	5.98e-04	3.48e-05	8.03e-07	0.00e+00	0.00e+00	0.00e+00	0.00e+00
 1.85273e+23	1.28e-13	1.22e-07	4.69e-05	1.17e-03	6.54e-03	1.24e-02	3.40e-02	3.39e-01	4.23e-01	1.69e-01	1.40e-02	5.02e-04	2.84e-05	6.32e-07	0.00e+00	0.00e+00	0.00e+00	0.00e+00
 1.86738e+23	2.00e-15	1.50e-07	5.66e-05	1.37e-03	7.43e-03	1.37e-02	3.67e-02	3.50e-01	4.18e-01	1.60e-01	1.26e-02	4.39e-04	2.43e-05	5.26e-07	0.00e+00	0.00e+00	0.00e+00	0.00e+00
 1.88221e+23	1.68e-16	1.95e-07	7.20e-05	1.69e-03	8.75e-03	1.56e-02	4.07e-02	3.65e-01	4.09e-01	1.47e-01	1.09e-02	3.65e-04	1.97e-05	4.11e-07	0.00e+00	0.00e+00	0.00e+00	0.00e+00
 1.89720e+23	2.14e-16	2.42e-07	8.72e-05	1.99e-03	9.94e-03	1.72e-02	4.39e-02	3.76e-01	4.02e-01	1.38e-01	9.77e-03	3.18e-04	1.68e-05	3.40e-07	0.00e+00	0.00e+00	0.00e+00	0.00e+00
 1.91240e+23	3.60e-16	3.17e-07	1.11e-04	2.44e-03	1.17e-02	1.95e-02	4.84e-02	3.91e-01	3.92e-01	1.27e-01	8.41e-03	2.63e-04	1.35e-05	2.64e-07	0.00e+00	0.00e+00	0.00e+00	0.00e+00
 1.92725e+23	5.45e-16	3.89e-07	1.33e-04	2.84e-03	1.32e-02	2.13e-02	5.16e-02	4.00e-01	3.84e-01	1.19e-01	7.57e-03	2.31e-04	1.16e-05	2.21e-07	0.00e+00	0.00e+00	0.00e+00	0.00e+00
 1.94163e+23	9.58e-16	5.03e-07	1.67e-04	3.45e-03	1.53e-02	2.39e-02	5.63e-02	4.12e-01	3.73e-01	1.09e-01	6.54e-03	1.93e-04	9.40e-06	1.73e-07	0.00e+00	0.00e+00	0.00e+00	0.00e+00
 1.95651e+23	1.62e-15	6.27e-07	2.03e-04	4.04e-03	1.73e-02	2.61e-02	6.02e-02	4.21e-01	3.63e-01	1.01e-01	5.83e-03	1.67e-04	7.95e-06	1.43e-07	0.00e+00	0.00e+00	0.00e+00	0.00e+00
 1.96921e+23	2.74e-15	7.60e-07	2.39e-04	4.64e-03	1.92e-02	2.83e-02	6.37e-02	4.29e-01	3.55e-01	9.49e-02	5.24e-03	1.46e-04	6.84e-06	1.20e-07	0.00e+00	0.00e+00	0.00e+00	0.00e+00
 1.98290e+23	5.45e-15	9.71e-07	2.96e-04	5.55e-03	2.20e-02	3.13e-02	6.86e-02	4.38e-01	3.43e-01	8.69e-02	4.55e-03	1.23e-04	5.60e-06	0.00e+00	0.00e+00	0.00e+00	0.00e+00	0.00e+00
 1.99662e+23	1.04e-14	1.18e-06	3.49e-04	6.37e-03	2.44e-02	3.38e-02	7.25e-02	4.45e-01	3.33e-01	8.10e-02	4.07e-03	1.08e-04	4.79e-06	0.00e+00	0.00e+00	0.00e+00	0.00e+00	0.00e+00
 2.01039e+23	2.39e-14	1.50e-06	4.29e-04	7.56e-03	2.77e-02	3.71e-02	7.74e-02	4.52e-01	3.21e-01	7.41e-02	3.54e-03	9.10e-05	3.95e-06	0.00e+00	0.00e+00	0.00e+00	0.00e+00	0.00e+00
 2.02470e+23	9.64e-14	1.86e-06	5.15e-04	8.79e-03	3.10e-02	4.03e-02	8.20e-02	4.57e-01	3.09e-01	6.81e-02	3.11e-03	7.78e-05	3.30e-06	0.00e+00	0.00e+00	0.00e+00	0.00e+00	0.00e+00
 2.03745e+23	2.32e-13	2.27e-06	6.08e-04	1.01e-02	3.43e-02	4.33e-02	8.61e-02	4.61e-01	2.99e-01	6.31e-02	2.77e-03	6.77e-05	2.81e-06	0.00e+00	0.00e+00	0.00e+00	0.00e+00	0.00e+00
 2.05178e+23	7.92e-13	2.90e-06	7.49e-04	1.19e-02	3.89e-02	4.73e-02	9.13e-02	4.65e-01	2.85e-01	5.72e-02	2.38e-03	5.67e-05	2.28e-06	0.00e+00	0.00e+00	0.00e+00	0.00e+00	0.00e+00
 2.06689e+23	2.53e-12	3.64e-06	9.04e-04	1.39e-02	4.35e-02	5.12e-02	9.63e-02	4.68e-01	2.72e-01	5.20e-02	2.07e-03	4.79e-05	1.88e-06	0.00e+00	0.00e+00	0.00e+00	0.00e+00	0.00e+00
 2.08065e+23	4.28e-12	4.49e-06	1.08e-03	1.61e-02	4.82e-02	5.50e-02	1.01e-01	4.69e-01	2.60e-01	4.76e-02	1.81e-03	4.10e-05	1.57e-06	0.00e+00	0.00e+00	0.00e+00	0.00e+00	0.00e+00
 2.09618e+23	7.43e-12	5.84e-06	1.34e-03	1.92e-02	5.47e-02	6.00e-02	1.06e-01	4.69e-01	2.45e-01	4.23e-02	1.53e-03	3.36e-05	1.25e-06	0.00e+00	0.00e+00	0.00e+00	0.00e+00	0.00e+00
 2.11219e+23	1.19e-11	7.35e-06	1.61e-03	2.23e-02	6.09e-02	6.46e-02	1.11e-01	4.68e-01	2.32e-01	3.81e-02	1.31e-03	2.81e-05	1.01e-06	0.00e+00	0.00e+00	0.00e+00	0.00e+00	0.00e+00
 2.12640e+23	1.77e-11	9.08e-06	1.92e-03	2.56e-02	6.72e-02	6.90e-02	1.16e-01	4.65e-01	2.20e-01	3.44e-02	1.13e-03	2.37e-05	8.36e-07	0.00e+00	0.00e+00	0.00e+00	0.00e+00	0.00e+00
 2.14247e+23	2.80e-11	1.18e-05	2.38e-03	3.04e-02	7.57e-02	7.47e-02	1.21e-01	4.60e-01	2.05e-01	3.02e-02	9.41e-04	1.92e-05	6.54e-07	0.00e+00	0.00e+00	0.00e+00	0.00e+00	0.00e+00
 2.15915e+23	4.25e-11	1.49e-05	2.87e-03	3.53e-02	8.38e-02	7.98e-02	1.26e-01	4.54e-01	1.91e-01	2.68e-02	7.94e-04	1.58e-05	5.23e-07	0.00e+00	0.00e+00	0.00e+00	0.00e+00	0.00e+00
 2.17411e+23	6.11e-11	1.85e-05	3.41e-03	4.04e-02	9.19e-02	8.46e-02	1.30e-01	4.47e-01	1.79e-01	2.39e-02	6.77e-04	1.32e-05	4.24e-07	0.00e+00	0.00e+00	0.00e+00	0.00e+00	0.00e+00
 2.19106e+23	9.69e-11	2.43e-05	4.23e-03	4.78e-02	1.03e-01	9.08e-02	1.34e-01	4.36e-01	1.63e-01	2.05e-02	5.49e-04	1.04e-05	3.22e-07	0.00e+00	0.00e+00	0.00e+00	0.00e+00	0.00e+00
 2.20857e+23	1.42e-10	3.05e-05	5.07e-03	5.50e-02	1.13e-01	9.60e-02	1.38e-01	4.25e-01	1.50e-01	1.79e-02	4.57e-04	8.43e-06	2.54e-07	0.00e+00	0.00e+00	0.00e+00	0.00e+00	0.00e+00
 2.22681e+23	2.25e-10	4.04e-05	6.33e-03	6.52e-02	1.26e-01	1.02e-01	1.41e-01	4.09e-01	1.35e-01	1.51e-02	3.62e-04	6.47e-06	1.88e-07	0.00e+00	0.00e+00	0.00e+00	0.00e+00	0.00e+00
 2.24527e+23	3.25e-10	5.07e-05	7.55e-03	7.45e-02	1.37e-01	1.07e-01	1.43e-01	3.94e-01	1.23e-01	1.30e-02	2.97e-04	5.19e-06	1.46e-07	0.00e+00	0.00e+00	0.00e+00	0.00e+00	0.00e+00
 2.26151e+23	4.61e-10	6.29e-05	8.92e-03	8.45e-02	1.48e-01	1.12e-01	1.45e-01	3.79e-01	1.12e-01	1.12e-02	2.44e-04	4.17e-06	0.00e+00	0.00e+00	0.00e+00	0.00e+00	0.00e+00	0.00e+00
 2.28010e+23	7.11e-10	8.26e-05	1.10e-02	9.86e-02	1.62e-01	1.17e-01	1.46e-01	3.58e-01	9.79e-02	9.20e-03	1.89e-04	3.13e-06	0.00e+00	0.00e+00	0.00e+00	0.00e+00	0.00e+00	0.00e+00
 2.29895e+23	1.00e-09	1.03e-04	1.29e-02	1.11e-01	1.74e-01	1.21e-01	1.46e-01	3.39e-01	8.75e-02	7.78e-03	1.52e-04	2.46e-06	0.00e+00	0.00e+00	0.00e+00	0.00e+00	0.00e+00	0.00e+00
 2.31812e+23	1.52e-09	1.34e-04	1.58e-02	1.28e-01	1.88e-01	1.25e-01	1.45e-01	3.16e-01	7.56e-02	6.29e-03	1.16e-04	1.82e-06	0.00e+00	0.00e+00	0.00e+00	0.00e+00	0.00e+00	0.00e+00
 2.33759e+23	2.13e-09	1.65e-04	1.85e-02	1.43e-01	1.99e-01	1.28e-01	1.44e-01	2.95e-01	6.66e-02	5.23e-03	9.19e-05	1.41e-06	0.00e+00	0.00e+00	0.00e+00	0.00e+00	0.00e+00	0.00e+00
 2.35483e+23	2.93e-09	2.03e-04	2.15e-02	1.59e-01	2.10e-01	1.29e-01	1.41e-01	2.75e-01	5.84e-02	4.35e-03	7.29e-05	1.09e-06	0.00e+00	0.00e+00	0.00e+00	0.00e+00	0.00e+00	0.00e+00
 2.37466e+23	4.39e-09	2.62e-04	2.59e-02	1.80e-01	2.23e-01	1.31e-01	1.37e-01	2.50e-01	4.90e-02	3.40e-03	5.36e-05	7.79e-07	0.00e+00	0.00e+00	0.00e+00	0.00e+00	0.00e+00	0.00e+00
 2.39474e+23	5.99e-09	3.20e-04	2.99e-02	1.98e-01	2.32e-01	1.31e-01	1.34e-01	2.29e-01	4.23e-02	2.78e-03	4.18e-05	5.92e-07	0.00e+00	0.00e+00	0.00e+00	0.00e+00	0.00e+00	0.00e+00
 2.41517e+23	8.85e-09	4.11e-04	3.56e-02	2.22e-01	2.43e-01	1.31e-01	1.28e-01	2.04e-01	3.47e-02	2.12e-03	3.01e-05	4.13e-07	0.00e+00	0.00e+00	0.00e+00	0.00e+00	0.00e+00	0.00e+00
 2.43587e+23	1.20e-08	4.98e-04	4.07e-02	2.41e-01	2.50e-01	1.30e-01	1.22e-01	1.85e-01	2.95e-02	1.70e-03	2.30e-05	3.08e-07	0.00e+00	0.00e+00	0.00e+00	0.00e+00	0.00e+00	0.00e+00
 2.45692e+23	1.74e-08	6.34e-04	4.80e-02	2.66e-01	2.57e-01	1.27e-01	1.15e-01	1.61e-01	2.37e-02	1.27e-03	1.62e-05	2.10e-07	0.00e+00	0.00e+00	0.00e+00	0.00e+00	0.00e+00	0.00e+00
 2.47825e+23	2.33e-08	7.64e-04	5.45e-02	2.86e-01	2.61e-01	1.24e-01	1.09e-01	1.44e-01	1.98e-02	1.00e-03	1.22e-05	1.54e-07	0.00e+00	0.00e+00	0.00e+00	0.00e+00	0.00e+00	0.00e+00
 2.49686e+23	3.07e-08	9.12e-04	6.12e-02	3.05e-01	2.63e-01	1.21e-01	1.03e-01	1.28e-01	1.65e-02	7.93e-04	9.19e-06	0.00e+00	0.00e+00	0.00e+00	0.00e+00	0.00e+00	0.00e+00	0.00e+00
 2.51428e+23	3.89e-08	1.06e-03	6.77e-02	3.22e-01	2.65e-01	1.18e-01	9.71e-02	1.15e-01	1.40e-02	6.40e-04	7.13e-06	0.00e+00	0.00e+00	0.00e+00	0.00e+00	0.00e+00	0.00e+00	0.00e+00
 2.53320e+23	5.25e-08	1.29e-03	7.66e-02	3.43e-01	2.65e-01	1.13e-01	9.00e-02	1.00e-01	1.13e-02	4.85e-04	5.13e-06	0.00e+00	0.00e+00	0.00e+00	0.00e+00	0.00e+00	0.00e+00	0.00e+00
 2.55226e+23	6.63e-08	1.50e-03	8.43e-02	3.59e-01	2.63e-01	1.09e-01	8.43e-02	8.88e-02	9.45e-03	3.85e-04	3.92e-06	0.00e+00	0.00e+00	0.00e+00	0.00e+00	0.00e+00	0.00e+00	0.00e+00
 2.56884e+23	8.27e-08	1.73e-03	9.21e-02	3.74e-01	2.61e-01	1.05e-01	7.88e-02	7.90e-02	7.94e-03	3.08e-04	3.02e-06	0.00e+00	0.00e+00	0.00e+00	0.00e+00	0.00e+00	0.00e+00	0.00e+00
 2.58773e+23	1.09e-07	2.06e-03	1.03e-01	3.92e-01	2.58e-01	9.95e-02	7.21e-02	6.77e-02	6.32e-03	2.31e-04	2.16e-06	0.00e+00	0.00e+00	0.00e+00	0.00e+00	0.00e+00	0.00e+00	0.00e+00
 2.60704e+23	1.36e-07	2.39e-03	1.12e-01	4.06e-01	2.53e-01	9.48e-02	6.67e-02	5.92e-02	5.20e-03	1.80e-04	1.62e-06	0.00e+00	0.00e+00	0.00e+00	0.00e+00	0.00e+00	0.00e+00	0.00e+00
 2.62688e+23	1.77e-07	2.84e-03	1.24e-01	4.22e-01	2.47e-01	8.90e-02	6.04e-02	5.02e-02	4.09e-03	1.33e-04	1.14e-06	0.00e+00	0.00e+00	0.00e+00	0.00e+00	0.00e+00	0.00e+00	0.00e+00
 2.64707e+23	2.21e-07	3.28e-03	1.35e-01	4.34e-01	2.41e-01	8.40e-02	5.53e-02	4.33e-02	3.30e-03	1.02e-04	8.41e-07	0.00e+00	0.00e+00	0.00e+00	0.00e+00	0.00e+00	0.00e+00	0.00e+00
 2.66467e+23	2.71e-07	3.75e-03	1.46e-01	4.45e-01	2.35e-01	7.94e-02	5.08e-02	3.77e-02	2.71e-03	8.00e-05	6.33e-07	0.00e+00	0.00e+00	0.00e+00	0.00e+00	0.00e+00	0.00e+00	0.00e+00
 2.68454e+23	3.50e-07	4.42e-03	1.60e-01	4.56e-01	2.26e-01	7.36e-02	4.54e-02	3.15e-02	2.09e-03	5.82e-05	4.39e-07	0.00e+00	0.00e+00	0.00e+00	0.00e+00	0.00e+00	0.00e+00	0.00e+00
 2.70312e+23	4.14e-07	4.94e-03	1.70e-01	4.63e-01	2.20e-01	6.97e-02	4.20e-02	2.78e-02	1.75e-03	4.67e-05	3.41e-07	0.00e+00	0.00e+00	0.00e+00	0.00e+00	0.00e+00	0.00e+00	0.00e+00
 2.72003e+23	5.08e-07	5.64e-03	1.83e-01	4.71e-01	2.12e-01	6.51e-02	3.80e-02	2.38e-02	1.40e-03	3.57e-05	2.51e-07	0.00e+00	0.00e+00	0.00e+00	0.00e+00	0.00e+00	0.00e+00	0.00e+00
 2.73727e+23	6.01e-07	6.30e-03	1.95e-01	4.76e-01	2.05e-01	6.14e-02	3.49e-02	2.08e-02	1.16e-03	2.83e-05	1.92e-07	0.00e+00	0.00e+00	0.00e+00	0.00e+00	0.00e+00	0.00e+00	0.00e+00
 2.75251e+23	7.04e-07	6.99e-03	2.06e-01	4.80e-01	1.98e-01	5.79e-02	3.22e-02	1.83e-02	9.70e-04	2.27e-05	1.50e-07	0.00e+00	0.00e+00	0.00e+00	0.00e+00	0.00e+00	0.00e+00	0.00e+00
 2.76989e+23	8.60e-07	7.97e-03	2.20e-01	4.84e-01	1.89e-01	5.36e-02	2.89e-02	1.55e-02	7.67e-04	1.71e-05	0.00e+00	0.00e+00	0.00e+00	0.00e+00	0.00e+00	0.00e+00	0.00e+00	0.00e+00
 2.78745e+23	1.01e-06	8.84e-03	2.32e-01	4.86e-01	1.82e-01	5.03e-02	2.64e-02	1.35e-02	6.34e-04	1.36e-05	0.00e+00	0.00e+00	0.00e+00	0.00e+00	0.00e+00	0.00e+00	0.00e+00	0.00e+00
 2.80524e+23	1.22e-06	1.00e-02	2.48e-01	4.88e-01	1.73e-01	4.64e-02	2.36e-02	1.14e-02	4.99e-04	1.02e-05	0.00e+00	0.00e+00	0.00e+00	0.00e+00	0.00e+00	0.00e+00	0.00e+00	0.00e+00
 2.82327e+23	1.43e-06	1.11e-02	2.61e-01	4.88e-01	1.65e-01	4.33e-02	2.14e-02	9.83e-03	4.07e-04	7.97e-06	0.00e+00	0.00e+00	0.00e+00	0.00e+00	0.00e+00	0.00e+00	0.00e+00	0.00e+00
