#depth	Ne	Ne+	Ne+2	Ne+3	Ne+4	Ne+5	Ne+6	Ne+7	Ne+8	Ne+9	Ne+10
 4.62852e+21	5.03e-17	7.81e-12	4.44e-08	1.90e-05	2.10e-03	3.89e-02	1.34e-01	1.86e-01	5.55e-01	8.00e-02	3.08e-03
 1.03107e+22	1.06e-16	2.35e-11	1.61e-07	6.56e-05	5.96e-03	8.30e-02	2.06e-01	2.27e-01	4.37e-01	4.03e-02	9.99e-04
 1.18911e+22	1.79e-16	4.56e-11	3.26e-07	1.24e-04	9.79e-03	1.16e-01	2.41e-01	2.35e-01	3.70e-01	2.77e-02	5.56e-04
 1.26814e+22	2.42e-16	6.51e-11	4.69e-07	1.70e-04	1.24e-02	1.35e-01	2.57e-01	2.36e-01	3.36e-01	2.27e-02	4.11e-04
 1.30340e+22	2.71e-16	7.39e-11	5.32e-07	1.90e-04	1.35e-02	1.42e-01	2.62e-01	2.36e-01	3.25e-01	2.11e-02	3.70e-04
 1.32392e+22	3.14e-16	8.71e-11	6.26e-07	2.18e-04	1.49e-02	1.51e-01	2.68e-01	2.35e-01	3.10e-01	1.93e-02	3.23e-04
 1.34621e+22	3.62e-16	1.02e-10	7.27e-07	2.47e-04	1.64e-02	1.60e-01	2.74e-01	2.34e-01	2.97e-01	1.77e-02	2.85e-04
 1.37080e+22	4.38e-16	1.24e-10	8.81e-07	2.91e-04	1.84e-02	1.72e-01	2.80e-01	2.32e-01	2.81e-01	1.59e-02	2.42e-04
 1.39593e+22	5.15e-16	1.47e-10	1.04e-06	3.33e-04	2.03e-02	1.82e-01	2.85e-01	2.30e-01	2.67e-01	1.44e-02	2.11e-04
 1.41828e+22	6.06e-16	1.74e-10	1.21e-06	3.79e-04	2.23e-02	1.93e-01	2.90e-01	2.28e-01	2.53e-01	1.32e-02	1.84e-04
 1.44385e+22	7.52e-16	2.17e-10	1.49e-06	4.48e-04	2.51e-02	2.07e-01	2.95e-01	2.24e-01	2.37e-01	1.16e-02	1.54e-04
 1.46988e+22	9.04e-16	2.59e-10	1.75e-06	5.11e-04	2.76e-02	2.18e-01	2.99e-01	2.21e-01	2.24e-01	1.05e-02	1.34e-04
 1.49650e+22	1.15e-15	3.28e-10	2.17e-06	6.06e-04	3.10e-02	2.33e-01	3.03e-01	2.16e-01	2.07e-01	9.23e-03	1.11e-04
 1.52339e+22	1.40e-15	3.94e-10	2.56e-06	6.90e-04	3.39e-02	2.45e-01	3.06e-01	2.11e-01	1.95e-01	8.31e-03	9.55e-05
 1.55064e+22	1.81e-15	5.04e-10	3.18e-06	8.21e-04	3.82e-02	2.61e-01	3.08e-01	2.05e-01	1.79e-01	7.20e-03	7.80e-05
 1.57799e+22	2.22e-15	6.09e-10	3.75e-06	9.33e-04	4.17e-02	2.73e-01	3.10e-01	2.00e-01	1.68e-01	6.46e-03	6.70e-05
 1.60165e+22	2.73e-15	7.34e-10	4.41e-06	1.06e-03	4.54e-02	2.85e-01	3.11e-01	1.95e-01	1.57e-01	5.78e-03	5.75e-05
 1.62862e+22	3.57e-15	9.38e-10	5.44e-06	1.25e-03	5.05e-02	3.01e-01	3.11e-01	1.87e-01	1.44e-01	5.00e-03	4.69e-05
 1.65583e+22	4.43e-15	1.13e-09	6.39e-06	1.41e-03	5.48e-02	3.14e-01	3.10e-01	1.81e-01	1.34e-01	4.46e-03	4.02e-05
 1.67844e+22	5.36e-15	1.34e-09	7.38e-06	1.57e-03	5.88e-02	3.25e-01	3.10e-01	1.76e-01	1.25e-01	4.02e-03	3.48e-05
 1.70291e+22	6.91e-15	1.68e-09	8.90e-06	1.81e-03	6.45e-02	3.39e-01	3.08e-01	1.69e-01	1.15e-01	3.49e-03	2.88e-05
 1.72719e+22	8.38e-15	1.99e-09	1.02e-05	2.01e-03	6.89e-02	3.49e-01	3.06e-01	1.63e-01	1.07e-01	3.15e-03	2.49e-05
 1.75122e+22	1.07e-14	2.45e-09	1.22e-05	2.28e-03	7.48e-02	3.62e-01	3.03e-01	1.56e-01	9.86e-02	2.75e-03	2.08e-05
 1.77628e+22	1.33e-14	2.96e-09	1.42e-05	2.56e-03	8.04e-02	3.74e-01	3.00e-01	1.50e-01	9.11e-02	2.44e-03	1.77e-05
 1.79881e+22	1.63e-14	3.52e-09	1.63e-05	2.84e-03	8.58e-02	3.84e-01	2.96e-01	1.44e-01	8.46e-02	2.18e-03	1.52e-05
 1.82427e+22	2.13e-14	4.42e-09	1.96e-05	3.25e-03	9.33e-02	3.97e-01	2.91e-01	1.36e-01	7.65e-02	1.87e-03	1.24e-05
 1.85034e+22	2.65e-14	5.32e-09	2.28e-05	3.62e-03	9.97e-02	4.07e-01	2.87e-01	1.30e-01	7.04e-02	1.65e-03	1.05e-05
 1.87720e+22	3.50e-14	6.71e-09	2.75e-05	4.14e-03	1.08e-01	4.20e-01	2.81e-01	1.23e-01	6.33e-02	1.41e-03	8.46e-06
 1.90480e+22	4.43e-14	8.16e-09	3.21e-05	4.63e-03	1.16e-01	4.30e-01	2.75e-01	1.16e-01	5.77e-02	1.22e-03	7.05e-06
 1.92954e+22	5.56e-14	9.86e-09	3.73e-05	5.16e-03	1.23e-01	4.39e-01	2.69e-01	1.10e-01	5.26e-02	1.07e-03	5.90e-06
 1.95784e+22	7.43e-14	1.25e-08	4.51e-05	5.90e-03	1.33e-01	4.49e-01	2.61e-01	1.02e-01	4.68e-02	8.99e-04	4.69e-06
 1.98658e+22	9.44e-14	1.53e-08	5.26e-05	6.57e-03	1.42e-01	4.58e-01	2.54e-01	9.64e-02	4.23e-02	7.77e-04	3.88e-06
 2.01206e+22	1.19e-13	1.85e-08	6.10e-05	7.29e-03	1.51e-01	4.65e-01	2.47e-01	9.07e-02	3.84e-02	6.74e-04	3.21e-06
 2.04134e+22	1.60e-13	2.35e-08	7.37e-05	8.31e-03	1.62e-01	4.73e-01	2.38e-01	8.36e-02	3.37e-02	5.60e-04	2.52e-06
 2.07115e+22	2.05e-13	2.87e-08	8.59e-05	9.25e-03	1.72e-01	4.80e-01	2.30e-01	7.81e-02	3.03e-02	4.80e-04	2.06e-06
 2.10165e+22	2.77e-13	3.68e-08	1.04e-04	1.05e-02	1.85e-01	4.86e-01	2.20e-01	7.15e-02	2.64e-02	3.94e-04	1.60e-06
 2.13260e+22	3.56e-13	4.50e-08	1.21e-04	1.17e-02	1.95e-01	4.91e-01	2.12e-01	6.63e-02	2.36e-02	3.35e-04	1.30e-06
 2.16413e+22	4.82e-13	5.75e-08	1.46e-04	1.33e-02	2.09e-01	4.95e-01	2.02e-01	6.03e-02	2.04e-02	2.74e-04	9.99e-07
 2.19650e+22	6.32e-13	7.15e-08	1.73e-04	1.49e-02	2.21e-01	4.98e-01	1.93e-01	5.54e-02	1.80e-02	2.28e-04	7.89e-07
 2.22464e+22	8.00e-13	8.63e-08	1.99e-04	1.63e-02	2.32e-01	4.99e-01	1.85e-01	5.12e-02	1.60e-02	1.94e-04	6.41e-07
 2.25592e+22	1.07e-12	1.09e-07	2.38e-04	1.84e-02	2.47e-01	5.00e-01	1.75e-01	4.64e-02	1.39e-02	1.59e-04	4.94e-07
 2.28931e+22	1.42e-12	1.36e-07	2.81e-04	2.05e-02	2.60e-01	4.99e-01	1.65e-01	4.21e-02	1.20e-02	1.30e-04	3.85e-07
 2.32011e+22	1.83e-12	1.67e-07	3.27e-04	2.27e-02	2.73e-01	4.98e-01	1.57e-01	3.85e-02	1.06e-02	1.09e-04	3.05e-07
 2.34759e+22	2.27e-12	1.98e-07	3.72e-04	2.46e-02	2.84e-01	4.96e-01	1.49e-01	3.56e-02	9.44e-03	9.29e-05	2.49e-07
 2.37235e+22	2.78e-12	2.33e-07	4.20e-04	2.66e-02	2.94e-01	4.94e-01	1.43e-01	3.30e-02	8.49e-03	8.02e-05	2.07e-07
 2.40079e+22	3.60e-12	2.86e-07	4.89e-04	2.94e-02	3.08e-01	4.90e-01	1.35e-01	2.99e-02	7.39e-03	6.62e-05	1.62e-07
 2.43047e+22	4.53e-12	3.43e-07	5.59e-04	3.20e-02	3.20e-01	4.86e-01	1.27e-01	2.74e-02	6.52e-03	5.57e-05	1.30e-07
 2.45743e+22	5.65e-12	4.08e-07	6.36e-04	3.47e-02	3.32e-01	4.82e-01	1.21e-01	2.51e-02	5.77e-03	4.71e-05	0.00e+00
 2.48815e+22	7.44e-12	5.07e-07	7.46e-04	3.84e-02	3.46e-01	4.75e-01	1.12e-01	2.24e-02	4.94e-03	3.82e-05	0.00e+00
 2.52007e+22	9.50e-12	6.15e-07	8.60e-04	4.19e-02	3.59e-01	4.68e-01	1.05e-01	2.03e-02	4.30e-03	3.15e-05	0.00e+00
 2.54801e+22	1.18e-11	7.30e-07	9.75e-04	4.53e-02	3.71e-01	4.62e-01	9.93e-02	1.85e-02	3.79e-03	2.65e-05	0.00e+00
 2.57879e+22	1.55e-11	9.01e-07	1.14e-03	4.98e-02	3.85e-01	4.53e-01	9.21e-02	1.65e-02	3.24e-03	2.14e-05	0.00e+00
 2.61065e+22	1.96e-11	1.08e-06	1.30e-03	5.40e-02	3.97e-01	4.44e-01	8.61e-02	1.49e-02	2.82e-03	1.77e-05	0.00e+00
 2.63928e+22	2.45e-11	1.29e-06	1.47e-03	5.84e-02	4.08e-01	4.36e-01	8.05e-02	1.35e-02	2.46e-03	1.47e-05	0.00e+00
 2.67184e+22	3.24e-11	1.60e-06	1.72e-03	6.41e-02	4.22e-01	4.24e-01	7.39e-02	1.19e-02	2.08e-03	1.17e-05	0.00e+00
 2.70529e+22	4.13e-11	1.94e-06	1.98e-03	6.96e-02	4.34e-01	4.14e-01	6.84e-02	1.06e-02	1.78e-03	9.55e-06	0.00e+00
 2.73497e+22	5.19e-11	2.31e-06	2.24e-03	7.50e-02	4.45e-01	4.03e-01	6.35e-02	9.56e-03	1.55e-03	7.87e-06	0.00e+00
 2.76865e+22	6.87e-11	2.87e-06	2.62e-03	8.21e-02	4.58e-01	3.90e-01	5.78e-02	8.36e-03	1.29e-03	6.18e-06	0.00e+00
 2.80354e+22	8.84e-11	3.49e-06	3.01e-03	8.90e-02	4.69e-01	3.78e-01	5.30e-02	7.40e-03	1.10e-03	4.96e-06	0.00e+00
 2.83466e+22	1.11e-10	4.17e-06	3.42e-03	9.57e-02	4.78e-01	3.66e-01	4.88e-02	6.60e-03	9.42e-04	4.04e-06	0.00e+00
 2.86980e+22	1.49e-10	5.21e-06	4.00e-03	1.05e-01	4.90e-01	3.51e-01	4.39e-02	5.71e-03	7.76e-04	3.12e-06	0.00e+00
 2.90587e+22	1.92e-10	6.34e-06	4.59e-03	1.13e-01	4.99e-01	3.38e-01	3.99e-02	5.01e-03	6.52e-04	2.48e-06	0.00e+00
 2.93773e+22	2.42e-10	7.57e-06	5.20e-03	1.21e-01	5.07e-01	3.25e-01	3.65e-02	4.45e-03	5.56e-04	2.00e-06	0.00e+00
 2.97372e+22	3.23e-10	9.44e-06	6.07e-03	1.32e-01	5.16e-01	3.10e-01	3.25e-02	3.81e-03	4.54e-04	1.53e-06	0.00e+00
 3.01083e+22	4.18e-10	1.15e-05	6.95e-03	1.42e-01	5.23e-01	2.96e-01	2.93e-02	3.32e-03	3.79e-04	1.20e-06	0.00e+00
 3.04384e+22	5.29e-10	1.37e-05	7.87e-03	1.52e-01	5.28e-01	2.83e-01	2.65e-02	2.92e-03	3.19e-04	9.58e-07	0.00e+00
 3.08115e+22	7.14e-10	1.72e-05	9.22e-03	1.65e-01	5.34e-01	2.66e-01	2.33e-02	2.47e-03	2.56e-04	7.16e-07	0.00e+00
 3.11940e+22	9.18e-10	2.08e-05	1.05e-02	1.76e-01	5.38e-01	2.52e-01	2.08e-02	2.15e-03	2.12e-04	5.59e-07	0.00e+00
 3.15887e+22	1.26e-09	2.64e-05	1.24e-02	1.92e-01	5.41e-01	2.35e-01	1.81e-02	1.79e-03	1.67e-04	4.08e-07	0.00e+00
 3.19875e+22	1.62e-09	3.20e-05	1.41e-02	2.04e-01	5.42e-01	2.22e-01	1.60e-02	1.54e-03	1.37e-04	3.14e-07	0.00e+00
 3.23919e+22	2.21e-09	4.04e-05	1.65e-02	2.21e-01	5.42e-01	2.05e-01	1.38e-02	1.28e-03	1.07e-04	2.28e-07	0.00e+00
 3.28065e+22	2.87e-09	4.92e-05	1.88e-02	2.35e-01	5.41e-01	1.92e-01	1.21e-02	1.09e-03	8.70e-05	1.73e-07	0.00e+00
 3.31783e+22	3.72e-09	5.96e-05	2.14e-02	2.50e-01	5.38e-01	1.79e-01	1.06e-02	9.29e-04	7.05e-05	1.31e-07	0.00e+00
 3.36053e+22	5.13e-09	7.57e-05	2.51e-02	2.69e-01	5.33e-01	1.63e-01	8.93e-03	7.57e-04	5.38e-05	0.00e+00	0.00e+00
 3.40399e+22	6.66e-09	9.20e-05	2.86e-02	2.85e-01	5.27e-01	1.51e-01	7.74e-03	6.38e-04	4.30e-05	0.00e+00	0.00e+00
 3.44223e+22	8.59e-09	1.11e-04	3.23e-02	3.01e-01	5.20e-01	1.39e-01	6.71e-03	5.40e-04	3.45e-05	0.00e+00	0.00e+00
 3.48576e+22	1.18e-08	1.41e-04	3.77e-02	3.21e-01	5.10e-01	1.25e-01	5.58e-03	4.34e-04	2.59e-05	0.00e+00	0.00e+00
 3.52788e+22	1.49e-08	1.66e-04	4.21e-02	3.36e-01	5.01e-01	1.16e-01	4.87e-03	3.71e-04	2.10e-05	0.00e+00	0.00e+00
 3.56191e+22	1.84e-08	1.95e-04	4.66e-02	3.50e-01	4.92e-01	1.07e-01	4.28e-03	3.19e-04	1.73e-05	0.00e+00	0.00e+00
 3.59989e+22	2.41e-08	2.37e-04	5.29e-02	3.67e-01	4.79e-01	9.71e-02	3.62e-03	2.63e-04	1.34e-05	0.00e+00	0.00e+00
 3.63804e+22	2.98e-08	2.77e-04	5.84e-02	3.81e-01	4.68e-01	8.95e-02	3.15e-03	2.25e-04	1.09e-05	0.00e+00	0.00e+00
 3.67642e+22	3.89e-08	3.37e-04	6.61e-02	3.98e-01	4.53e-01	8.04e-02	2.65e-03	1.84e-04	8.39e-06	0.00e+00	0.00e+00
 3.71535e+22	4.81e-08	3.93e-04	7.29e-02	4.11e-01	4.40e-01	7.35e-02	2.29e-03	1.57e-04	6.77e-06	0.00e+00	0.00e+00
 3.75499e+22	6.36e-08	4.81e-04	8.26e-02	4.28e-01	4.22e-01	6.52e-02	1.89e-03	1.26e-04	5.09e-06	0.00e+00	0.00e+00
 3.79492e+22	7.84e-08	5.59e-04	9.07e-02	4.40e-01	4.08e-01	5.93e-02	1.63e-03	1.07e-04	4.09e-06	0.00e+00	0.00e+00
 3.83523e+22	1.02e-07	6.78e-04	1.02e-01	4.55e-01	3.89e-01	5.23e-02	1.34e-03	8.58e-05	3.07e-06	0.00e+00	0.00e+00
 3.87608e+22	1.27e-07	7.91e-04	1.12e-01	4.66e-01	3.73e-01	4.70e-02	1.14e-03	7.16e-05	2.42e-06	0.00e+00	0.00e+00
 3.90970e+22	1.53e-07	9.03e-04	1.21e-01	4.75e-01	3.59e-01	4.28e-02	9.88e-04	6.12e-05	1.97e-06	0.00e+00	0.00e+00
 3.94547e+22	1.92e-07	1.06e-03	1.34e-01	4.85e-01	3.42e-01	3.81e-02	8.28e-04	5.02e-05	1.53e-06	0.00e+00	0.00e+00
 3.98179e+22	2.31e-07	1.21e-03	1.45e-01	4.92e-01	3.27e-01	3.44e-02	7.11e-04	4.25e-05	1.23e-06	0.00e+00	0.00e+00
 4.01394e+22	2.77e-07	1.37e-03	1.56e-01	4.99e-01	3.12e-01	3.11e-02	6.13e-04	3.60e-05	9.89e-07	0.00e+00	0.00e+00
 4.05083e+22	3.46e-07	1.61e-03	1.71e-01	5.06e-01	2.94e-01	2.73e-02	5.07e-04	2.92e-05	7.54e-07	0.00e+00	0.00e+00
 4.08809e+22	4.19e-07	1.84e-03	1.84e-01	5.10e-01	2.79e-01	2.44e-02	4.31e-04	2.44e-05	5.97e-07	0.00e+00	0.00e+00
 4.12066e+22	4.98e-07	2.07e-03	1.98e-01	5.14e-01	2.64e-01	2.19e-02	3.69e-04	2.06e-05	4.79e-07	0.00e+00	0.00e+00
 4.15785e+22	6.22e-07	2.42e-03	2.16e-01	5.16e-01	2.46e-01	1.90e-02	3.02e-04	1.65e-05	3.60e-07	0.00e+00	0.00e+00
 4.19549e+22	7.43e-07	2.74e-03	2.31e-01	5.17e-01	2.32e-01	1.68e-02	2.56e-04	1.37e-05	2.84e-07	0.00e+00	0.00e+00
 4.23371e+22	9.25e-07	3.19e-03	2.51e-01	5.17e-01	2.14e-01	1.45e-02	2.08e-04	1.09e-05	2.11e-07	0.00e+00	0.00e+00
 4.27243e+22	1.11e-06	3.61e-03	2.69e-01	5.15e-01	2.00e-01	1.27e-02	1.74e-04	8.92e-06	1.64e-07	0.00e+00	0.00e+00
 4.31179e+22	1.38e-06	4.20e-03	2.91e-01	5.11e-01	1.83e-01	1.08e-02	1.39e-04	6.97e-06	0.00e+00	0.00e+00	0.00e+00
 4.35152e+22	1.66e-06	4.75e-03	3.10e-01	5.06e-01	1.69e-01	9.36e-03	1.15e-04	5.66e-06	0.00e+00	0.00e+00	0.00e+00
 4.39173e+22	2.06e-06	5.50e-03	3.35e-01	4.98e-01	1.53e-01	7.86e-03	9.15e-05	4.37e-06	0.00e+00	0.00e+00	0.00e+00
 4.43250e+22	2.47e-06	6.22e-03	3.56e-01	4.90e-01	1.41e-01	6.74e-03	7.48e-05	3.50e-06	0.00e+00	0.00e+00	0.00e+00
 4.47399e+22	3.06e-06	7.20e-03	3.83e-01	4.79e-01	1.26e-01	5.59e-03	5.87e-05	2.66e-06	0.00e+00	0.00e+00	0.00e+00
 4.51618e+22	3.67e-06	8.13e-03	4.06e-01	4.67e-01	1.14e-01	4.74e-03	4.75e-05	2.10e-06	0.00e+00	0.00e+00	0.00e+00
 4.55927e+22	4.56e-06	9.40e-03	4.34e-01	4.52e-01	1.01e-01	3.86e-03	3.66e-05	1.56e-06	0.00e+00	0.00e+00	0.00e+00
 4.60318e+22	5.48e-06	1.06e-02	4.59e-01	4.37e-01	9.02e-02	3.22e-03	2.91e-05	1.21e-06	0.00e+00	0.00e+00	0.00e+00
 4.64814e+22	6.85e-06	1.23e-02	4.89e-01	4.18e-01	7.82e-02	2.56e-03	2.19e-05	8.73e-07	0.00e+00	0.00e+00	0.00e+00
 4.68787e+22	7.85e-06	1.35e-02	5.09e-01	4.04e-01	7.12e-02	2.21e-03	1.82e-05	7.11e-07	0.00e+00	0.00e+00	0.00e+00
 4.71225e+22	8.49e-06	1.42e-02	5.20e-01	3.96e-01	6.72e-02	2.02e-03	1.64e-05	6.28e-07	0.00e+00	0.00e+00	0.00e+00
 4.73013e+22	9.10e-06	1.49e-02	5.30e-01	3.89e-01	6.40e-02	1.87e-03	1.49e-05	5.65e-07	0.00e+00	0.00e+00	0.00e+00
 4.74812e+22	9.92e-06	1.58e-02	5.42e-01	3.80e-01	6.01e-02	1.69e-03	1.32e-05	4.93e-07	0.00e+00	0.00e+00	0.00e+00
 4.77151e+22	1.10e-05	1.69e-02	5.57e-01	3.69e-01	5.55e-02	1.50e-03	1.14e-05	4.16e-07	0.00e+00	0.00e+00	0.00e+00
 4.80193e+22	1.28e-05	1.86e-02	5.78e-01	3.53e-01	4.94e-02	1.26e-03	9.26e-06	3.26e-07	0.00e+00	0.00e+00	0.00e+00
 4.82892e+22	1.40e-05	1.98e-02	5.91e-01	3.43e-01	4.60e-02	1.13e-03	8.13e-06	2.81e-07	0.00e+00	0.00e+00	0.00e+00
 4.85149e+22	1.55e-05	2.11e-02	6.05e-01	3.31e-01	4.23e-02	9.95e-04	7.01e-06	2.37e-07	0.00e+00	0.00e+00	0.00e+00
 4.88082e+22	1.78e-05	2.30e-02	6.23e-01	3.15e-01	3.78e-02	8.42e-04	5.76e-06	1.88e-07	0.00e+00	0.00e+00	0.00e+00
 4.91301e+22	2.02e-05	2.50e-02	6.40e-01	3.00e-01	3.37e-02	7.13e-04	4.74e-06	1.51e-07	0.00e+00	0.00e+00	0.00e+00
 4.94891e+22	2.39e-05	2.77e-02	6.62e-01	2.81e-01	2.90e-02	5.72e-04	3.67e-06	0.00e+00	0.00e+00	0.00e+00	0.00e+00
 4.98394e+22	2.72e-05	3.02e-02	6.79e-01	2.65e-01	2.57e-02	4.80e-04	2.99e-06	0.00e+00	0.00e+00	0.00e+00	0.00e+00
 5.01782e+22	3.17e-05	3.32e-02	6.97e-01	2.47e-01	2.21e-02	3.89e-04	2.35e-06	0.00e+00	0.00e+00	0.00e+00	0.00e+00
 5.05241e+22	3.63e-05	3.61e-02	7.13e-01	2.32e-01	1.93e-02	3.21e-04	1.89e-06	0.00e+00	0.00e+00	0.00e+00	0.00e+00
 5.08792e+22	4.25e-05	3.98e-02	7.30e-01	2.14e-01	1.64e-02	2.55e-04	1.46e-06	0.00e+00	0.00e+00	0.00e+00	0.00e+00
 5.12354e+22	4.88e-05	4.34e-02	7.44e-01	1.98e-01	1.42e-02	2.08e-04	1.16e-06	0.00e+00	0.00e+00	0.00e+00	0.00e+00
 5.15930e+22	5.74e-05	4.78e-02	7.60e-01	1.81e-01	1.18e-02	1.63e-04	8.77e-07	0.00e+00	0.00e+00	0.00e+00	0.00e+00
 5.19483e+22	6.61e-05	5.21e-02	7.71e-01	1.66e-01	1.01e-02	1.32e-04	6.91e-07	0.00e+00	0.00e+00	0.00e+00	0.00e+00
 5.23007e+22	7.81e-05	5.74e-02	7.84e-01	1.50e-01	8.29e-03	1.01e-04	5.15e-07	0.00e+00	0.00e+00	0.00e+00	0.00e+00
 5.26504e+22	8.99e-05	6.23e-02	7.94e-01	1.37e-01	7.01e-03	8.11e-05	4.03e-07	0.00e+00	0.00e+00	0.00e+00	0.00e+00
 5.29965e+22	1.06e-04	6.85e-02	8.04e-01	1.22e-01	5.69e-03	6.17e-05	2.98e-07	0.00e+00	0.00e+00	0.00e+00	0.00e+00
 5.33381e+22	1.22e-04	7.42e-02	8.11e-01	1.10e-01	4.77e-03	4.90e-05	2.31e-07	0.00e+00	0.00e+00	0.00e+00	0.00e+00
 5.36269e+22	1.39e-04	7.96e-02	8.16e-01	1.00e-01	4.03e-03	3.95e-05	1.82e-07	0.00e+00	0.00e+00	0.00e+00	0.00e+00
 5.39555e+22	1.64e-04	8.72e-02	8.21e-01	8.80e-02	3.21e-03	2.95e-05	1.32e-07	0.00e+00	0.00e+00	0.00e+00	0.00e+00
 5.42763e+22	1.88e-04	9.36e-02	8.24e-01	7.90e-02	2.67e-03	2.34e-05	0.00e+00	0.00e+00	0.00e+00	0.00e+00	0.00e+00
 5.45871e+22	2.20e-04	1.02e-01	8.27e-01	6.91e-02	2.13e-03	1.75e-05	0.00e+00	0.00e+00	0.00e+00	0.00e+00	0.00e+00
 5.48963e+22	2.51e-04	1.09e-01	8.28e-01	6.15e-02	1.75e-03	1.37e-05	0.00e+00	0.00e+00	0.00e+00	0.00e+00	0.00e+00
 5.51614e+22	2.86e-04	1.16e-01	8.27e-01	5.47e-02	1.44e-03	1.08e-05	0.00e+00	0.00e+00	0.00e+00	0.00e+00	0.00e+00
 5.54226e+22	3.23e-04	1.24e-01	8.26e-01	4.87e-02	1.19e-03	8.51e-06	0.00e+00	0.00e+00	0.00e+00	0.00e+00	0.00e+00
 5.57205e+22	3.76e-04	1.33e-01	8.24e-01	4.18e-02	9.25e-04	6.26e-06	0.00e+00	0.00e+00	0.00e+00	0.00e+00	0.00e+00
 5.60178e+22	4.30e-04	1.42e-01	8.20e-01	3.65e-02	7.43e-04	4.79e-06	0.00e+00	0.00e+00	0.00e+00	0.00e+00	0.00e+00
 5.62687e+22	4.84e-04	1.50e-01	8.17e-01	3.21e-02	6.06e-04	3.74e-06	0.00e+00	0.00e+00	0.00e+00	0.00e+00	0.00e+00
 5.65492e+22	5.59e-04	1.60e-01	8.11e-01	2.73e-02	4.69e-04	2.74e-06	0.00e+00	0.00e+00	0.00e+00	0.00e+00	0.00e+00
 5.68337e+22	6.35e-04	1.70e-01	8.06e-01	2.35e-02	3.71e-04	2.06e-06	0.00e+00	0.00e+00	0.00e+00	0.00e+00	0.00e+00
 5.70756e+22	7.11e-04	1.79e-01	8.00e-01	2.04e-02	3.00e-04	1.59e-06	0.00e+00	0.00e+00	0.00e+00	0.00e+00	0.00e+00
 5.73425e+22	8.18e-04	1.90e-01	7.92e-01	1.71e-02	2.29e-04	1.15e-06	0.00e+00	0.00e+00	0.00e+00	0.00e+00	0.00e+00
 5.76140e+22	9.21e-04	2.00e-01	7.85e-01	1.45e-02	1.80e-04	8.52e-07	0.00e+00	0.00e+00	0.00e+00	0.00e+00	0.00e+00
 5.78429e+22	1.03e-03	2.09e-01	7.77e-01	1.24e-02	1.44e-04	6.47e-07	0.00e+00	0.00e+00	0.00e+00	0.00e+00	0.00e+00
 5.80919e+22	1.17e-03	2.20e-01	7.68e-01	1.02e-02	1.10e-04	4.59e-07	0.00e+00	0.00e+00	0.00e+00	0.00e+00	0.00e+00
 5.83487e+22	1.32e-03	2.31e-01	7.59e-01	8.43e-03	8.43e-05	3.27e-07	0.00e+00	0.00e+00	0.00e+00	0.00e+00	0.00e+00
 5.85620e+22	1.47e-03	2.40e-01	7.51e-01	7.09e-03	6.71e-05	2.43e-07	0.00e+00	0.00e+00	0.00e+00	0.00e+00	0.00e+00
 5.87528e+22	1.63e-03	2.49e-01	7.44e-01	5.97e-03	5.37e-05	1.80e-07	0.00e+00	0.00e+00	0.00e+00	0.00e+00	0.00e+00
 5.89384e+22	1.80e-03	2.58e-01	7.36e-01	4.99e-03	4.29e-05	1.32e-07	0.00e+00	0.00e+00	0.00e+00	0.00e+00	0.00e+00
 5.91192e+22	2.00e-03	2.67e-01	7.27e-01	4.13e-03	3.42e-05	0.00e+00	0.00e+00	0.00e+00	0.00e+00	0.00e+00	0.00e+00
 5.92907e+22	2.21e-03	2.75e-01	7.19e-01	3.41e-03	2.73e-05	0.00e+00	0.00e+00	0.00e+00	0.00e+00	0.00e+00	0.00e+00
 5.94504e+22	2.45e-03	2.83e-01	7.11e-01	2.80e-03	2.18e-05	0.00e+00	0.00e+00	0.00e+00	0.00e+00	0.00e+00	0.00e+00
 5.95995e+22	2.71e-03	2.92e-01	7.03e-01	2.30e-03	1.75e-05	0.00e+00	0.00e+00	0.00e+00	0.00e+00	0.00e+00	0.00e+00
 5.97396e+22	3.01e-03	3.00e-01	6.95e-01	1.87e-03	1.40e-05	0.00e+00	0.00e+00	0.00e+00	0.00e+00	0.00e+00	0.00e+00
 5.98712e+22	3.31e-03	3.07e-01	6.88e-01	1.53e-03	1.14e-05	0.00e+00	0.00e+00	0.00e+00	0.00e+00	0.00e+00	0.00e+00
 5.99974e+22	3.68e-03	3.15e-01	6.81e-01	1.24e-03	9.11e-06	0.00e+00	0.00e+00	0.00e+00	0.00e+00	0.00e+00	0.00e+00
 6.01143e+22	4.10e-03	3.22e-01	6.73e-01	9.99e-04	7.34e-06	0.00e+00	0.00e+00	0.00e+00	0.00e+00	0.00e+00	0.00e+00
 6.02148e+22	4.51e-03	3.28e-01	6.67e-01	8.21e-04	6.04e-06	0.00e+00	0.00e+00	0.00e+00	0.00e+00	0.00e+00	0.00e+00
 6.03017e+22	4.93e-03	3.33e-01	6.61e-01	6.85e-04	5.06e-06	0.00e+00	0.00e+00	0.00e+00	0.00e+00	0.00e+00	0.00e+00
 6.03810e+22	5.37e-03	3.38e-01	6.56e-01	5.77e-04	4.28e-06	0.00e+00	0.00e+00	0.00e+00	0.00e+00	0.00e+00	0.00e+00
 6.04561e+22	5.86e-03	3.43e-01	6.51e-01	4.86e-04	3.62e-06	0.00e+00	0.00e+00	0.00e+00	0.00e+00	0.00e+00	0.00e+00
 6.05261e+22	6.38e-03	3.47e-01	6.46e-01	4.12e-04	3.09e-06	0.00e+00	0.00e+00	0.00e+00	0.00e+00	0.00e+00	0.00e+00
 6.05898e+22	6.92e-03	3.51e-01	6.42e-01	3.53e-04	2.67e-06	0.00e+00	0.00e+00	0.00e+00	0.00e+00	0.00e+00	0.00e+00
 6.06484e+22	7.47e-03	3.54e-01	6.38e-01	3.05e-04	2.32e-06	0.00e+00	0.00e+00	0.00e+00	0.00e+00	0.00e+00	0.00e+00
 6.07036e+22	8.04e-03	3.57e-01	6.35e-01	2.66e-04	2.04e-06	0.00e+00	0.00e+00	0.00e+00	0.00e+00	0.00e+00	0.00e+00
 6.07565e+22	8.65e-03	3.59e-01	6.32e-01	2.33e-04	1.80e-06	0.00e+00	0.00e+00	0.00e+00	0.00e+00	0.00e+00	0.00e+00
 6.08074e+22	9.26e-03	3.61e-01	6.29e-01	2.06e-04	1.61e-06	0.00e+00	0.00e+00	0.00e+00	0.00e+00	0.00e+00	0.00e+00
 6.08566e+22	9.93e-03	3.63e-01	6.27e-01	1.83e-04	1.44e-06	0.00e+00	0.00e+00	0.00e+00	0.00e+00	0.00e+00	0.00e+00
 6.09034e+22	1.06e-02	3.65e-01	6.24e-01	1.64e-04	1.30e-06	0.00e+00	0.00e+00	0.00e+00	0.00e+00	0.00e+00	0.00e+00
 6.09457e+22	1.13e-02	3.67e-01	6.22e-01	1.50e-04	1.20e-06	0.00e+00	0.00e+00	0.00e+00	0.00e+00	0.00e+00	0.00e+00
 6.09834e+22	1.19e-02	3.68e-01	6.20e-01	1.38e-04	1.11e-06	0.00e+00	0.00e+00	0.00e+00	0.00e+00	0.00e+00	0.00e+00
 6.10185e+22	1.25e-02	3.70e-01	6.18e-01	1.29e-04	1.04e-06	0.00e+00	0.00e+00	0.00e+00	0.00e+00	0.00e+00	0.00e+00
 6.10528e+22	1.32e-02	3.72e-01	6.15e-01	1.20e-04	9.82e-07	0.00e+00	0.00e+00	0.00e+00	0.00e+00	0.00e+00	0.00e+00
 6.10870e+22	1.39e-02	3.74e-01	6.12e-01	1.13e-04	9.27e-07	0.00e+00	0.00e+00	0.00e+00	0.00e+00	0.00e+00	0.00e+00
 6.11202e+22	1.47e-02	3.76e-01	6.10e-01	1.06e-04	8.80e-07	0.00e+00	0.00e+00	0.00e+00	0.00e+00	0.00e+00	0.00e+00
 6.11515e+22	1.54e-02	3.78e-01	6.07e-01	1.01e-04	8.40e-07	0.00e+00	0.00e+00	0.00e+00	0.00e+00	0.00e+00	0.00e+00
 6.11763e+22	1.59e-02	3.79e-01	6.05e-01	9.72e-05	8.14e-07	0.00e+00	0.00e+00	0.00e+00	0.00e+00	0.00e+00	0.00e+00
 6.11940e+22	1.64e-02	3.80e-01	6.03e-01	9.45e-05	7.94e-07	0.00e+00	0.00e+00	0.00e+00	0.00e+00	0.00e+00	0.00e+00
 6.12115e+22	1.70e-02	3.82e-01	6.01e-01	9.19e-05	7.75e-07	0.00e+00	0.00e+00	0.00e+00	0.00e+00	0.00e+00	0.00e+00
 6.12315e+22	1.75e-02	3.84e-01	5.99e-01	8.92e-05	7.55e-07	0.00e+00	0.00e+00	0.00e+00	0.00e+00	0.00e+00	0.00e+00
 6.12540e+22	1.82e-02	3.86e-01	5.96e-01	8.63e-05	7.34e-07	0.00e+00	0.00e+00	0.00e+00	0.00e+00	0.00e+00	0.00e+00
 6.12765e+22	1.89e-02	3.88e-01	5.93e-01	8.35e-05	7.13e-07	0.00e+00	0.00e+00	0.00e+00	0.00e+00	0.00e+00	0.00e+00
 6.12974e+22	1.95e-02	3.90e-01	5.90e-01	8.12e-05	6.96e-07	0.00e+00	0.00e+00	0.00e+00	0.00e+00	0.00e+00	0.00e+00
 6.13184e+22	2.03e-02	3.93e-01	5.87e-01	7.88e-05	6.79e-07	0.00e+00	0.00e+00	0.00e+00	0.00e+00	0.00e+00	0.00e+00
 6.13403e+22	2.10e-02	3.95e-01	5.84e-01	7.66e-05	6.62e-07	0.00e+00	0.00e+00	0.00e+00	0.00e+00	0.00e+00	0.00e+00
 6.13629e+22	2.18e-02	3.97e-01	5.81e-01	7.43e-05	6.46e-07	0.00e+00	0.00e+00	0.00e+00	0.00e+00	0.00e+00	0.00e+00
 6.13859e+22	2.27e-02	4.00e-01	5.77e-01	7.21e-05	6.30e-07	0.00e+00	0.00e+00	0.00e+00	0.00e+00	0.00e+00	0.00e+00
 6.14086e+22	2.36e-02	4.03e-01	5.73e-01	7.01e-05	6.15e-07	0.00e+00	0.00e+00	0.00e+00	0.00e+00	0.00e+00	0.00e+00
 6.14314e+22	2.45e-02	4.06e-01	5.70e-01	6.82e-05	6.01e-07	0.00e+00	0.00e+00	0.00e+00	0.00e+00	0.00e+00	0.00e+00
 6.14550e+22	2.55e-02	4.09e-01	5.66e-01	6.63e-05	5.87e-07	0.00e+00	0.00e+00	0.00e+00	0.00e+00	0.00e+00	0.00e+00
 6.14794e+22	2.66e-02	4.12e-01	5.62e-01	6.44e-05	5.73e-07	0.00e+00	0.00e+00	0.00e+00	0.00e+00	0.00e+00	0.00e+00
 6.15039e+22	2.76e-02	4.15e-01	5.58e-01	6.26e-05	5.60e-07	0.00e+00	0.00e+00	0.00e+00	0.00e+00	0.00e+00	0.00e+00
 6.15285e+22	2.87e-02	4.18e-01	5.53e-01	6.10e-05	5.47e-07	0.00e+00	0.00e+00	0.00e+00	0.00e+00	0.00e+00	0.00e+00
 6.15538e+22	2.99e-02	4.21e-01	5.49e-01	5.93e-05	5.35e-07	0.00e+00	0.00e+00	0.00e+00	0.00e+00	0.00e+00	0.00e+00
 6.15799e+22	3.12e-02	4.25e-01	5.44e-01	5.77e-05	5.23e-07	0.00e+00	0.00e+00	0.00e+00	0.00e+00	0.00e+00	0.00e+00
 6.16063e+22	3.25e-02	4.28e-01	5.40e-01	5.61e-05	5.11e-07	0.00e+00	0.00e+00	0.00e+00	0.00e+00	0.00e+00	0.00e+00
 6.16332e+22	3.38e-02	4.31e-01	5.35e-01	5.46e-05	5.00e-07	0.00e+00	0.00e+00	0.00e+00	0.00e+00	0.00e+00	0.00e+00
 6.16610e+22	3.53e-02	4.35e-01	5.29e-01	5.32e-05	4.89e-07	0.00e+00	0.00e+00	0.00e+00	0.00e+00	0.00e+00	0.00e+00
 6.16893e+22	3.67e-02	4.39e-01	5.25e-01	5.18e-05	4.79e-07	0.00e+00	0.00e+00	0.00e+00	0.00e+00	0.00e+00	0.00e+00
 6.17187e+22	3.82e-02	4.42e-01	5.19e-01	5.04e-05	4.68e-07	0.00e+00	0.00e+00	0.00e+00	0.00e+00	0.00e+00	0.00e+00
 6.17493e+22	3.99e-02	4.46e-01	5.14e-01	4.91e-05	4.58e-07	0.00e+00	0.00e+00	0.00e+00	0.00e+00	0.00e+00	0.00e+00
 6.17805e+22	4.15e-02	4.50e-01	5.09e-01	4.78e-05	4.48e-07	0.00e+00	0.00e+00	0.00e+00	0.00e+00	0.00e+00	0.00e+00
 6.18120e+22	4.32e-02	4.54e-01	5.03e-01	4.65e-05	4.39e-07	0.00e+00	0.00e+00	0.00e+00	0.00e+00	0.00e+00	0.00e+00
 6.18442e+22	4.50e-02	4.58e-01	4.97e-01	4.53e-05	4.30e-07	0.00e+00	0.00e+00	0.00e+00	0.00e+00	0.00e+00	0.00e+00
 6.18775e+22	4.69e-02	4.62e-01	4.91e-01	4.42e-05	4.21e-07	0.00e+00	0.00e+00	0.00e+00	0.00e+00	0.00e+00	0.00e+00
 6.19119e+22	4.88e-02	4.65e-01	4.86e-01	4.31e-05	4.12e-07	0.00e+00	0.00e+00	0.00e+00	0.00e+00	0.00e+00	0.00e+00
 6.19468e+22	5.07e-02	4.69e-01	4.80e-01	4.20e-05	4.04e-07	0.00e+00	0.00e+00	0.00e+00	0.00e+00	0.00e+00	0.00e+00
 6.19829e+22	5.26e-02	4.73e-01	4.74e-01	4.10e-05	3.96e-07	0.00e+00	0.00e+00	0.00e+00	0.00e+00	0.00e+00	0.00e+00
 6.20201e+22	5.47e-02	4.77e-01	4.68e-01	4.00e-05	3.88e-07	0.00e+00	0.00e+00	0.00e+00	0.00e+00	0.00e+00	0.00e+00
 6.20588e+22	5.69e-02	4.81e-01	4.62e-01	3.90e-05	3.80e-07	0.00e+00	0.00e+00	0.00e+00	0.00e+00	0.00e+00	0.00e+00
 6.21001e+22	5.91e-02	4.85e-01	4.56e-01	3.80e-05	3.72e-07	0.00e+00	0.00e+00	0.00e+00	0.00e+00	0.00e+00	0.00e+00
 6.21437e+22	6.12e-02	4.88e-01	4.51e-01	3.71e-05	3.64e-07	0.00e+00	0.00e+00	0.00e+00	0.00e+00	0.00e+00	0.00e+00
 6.21891e+22	6.36e-02	4.92e-01	4.44e-01	3.61e-05	3.56e-07	0.00e+00	0.00e+00	0.00e+00	0.00e+00	0.00e+00	0.00e+00
 6.22375e+22	6.62e-02	4.96e-01	4.38e-01	3.51e-05	3.48e-07	0.00e+00	0.00e+00	0.00e+00	0.00e+00	0.00e+00	0.00e+00
 6.22903e+22	6.89e-02	5.00e-01	4.31e-01	3.41e-05	3.40e-07	0.00e+00	0.00e+00	0.00e+00	0.00e+00	0.00e+00	0.00e+00
 6.23476e+22	7.18e-02	5.04e-01	4.24e-01	3.31e-05	3.31e-07	0.00e+00	0.00e+00	0.00e+00	0.00e+00	0.00e+00	0.00e+00
 6.24096e+22	7.50e-02	5.09e-01	4.16e-01	3.20e-05	3.21e-07	0.00e+00	0.00e+00	0.00e+00	0.00e+00	0.00e+00	0.00e+00
 6.24754e+22	7.83e-02	5.13e-01	4.08e-01	3.09e-05	3.12e-07	0.00e+00	0.00e+00	0.00e+00	0.00e+00	0.00e+00	0.00e+00
 6.25428e+22	8.19e-02	5.18e-01	4.01e-01	2.98e-05	3.02e-07	0.00e+00	0.00e+00	0.00e+00	0.00e+00	0.00e+00	0.00e+00
 6.26100e+22	8.52e-02	5.21e-01	3.93e-01	2.88e-05	2.94e-07	0.00e+00	0.00e+00	0.00e+00	0.00e+00	0.00e+00	0.00e+00
 6.26792e+22	8.91e-02	5.26e-01	3.85e-01	2.78e-05	2.84e-07	0.00e+00	0.00e+00	0.00e+00	0.00e+00	0.00e+00	0.00e+00
 6.27492e+22	9.25e-02	5.29e-01	3.78e-01	2.67e-05	2.75e-07	0.00e+00	0.00e+00	0.00e+00	0.00e+00	0.00e+00	0.00e+00
 6.28197e+22	9.66e-02	5.33e-01	3.70e-01	2.53e-05	2.66e-07	0.00e+00	0.00e+00	0.00e+00	0.00e+00	0.00e+00	0.00e+00
 6.28906e+22	1.00e-01	5.37e-01	3.63e-01	2.41e-05	2.57e-07	0.00e+00	0.00e+00	0.00e+00	0.00e+00	0.00e+00	0.00e+00
 6.29599e+22	1.04e-01	5.40e-01	3.56e-01	2.30e-05	2.49e-07	0.00e+00	0.00e+00	0.00e+00	0.00e+00	0.00e+00	0.00e+00
 6.30292e+22	1.08e-01	5.43e-01	3.49e-01	2.19e-05	2.40e-07	0.00e+00	0.00e+00	0.00e+00	0.00e+00	0.00e+00	0.00e+00
 6.30983e+22	1.13e-01	5.46e-01	3.41e-01	2.09e-05	2.32e-07	0.00e+00	0.00e+00	0.00e+00	0.00e+00	0.00e+00	0.00e+00
 6.31665e+22	1.17e-01	5.49e-01	3.34e-01	1.99e-05	2.24e-07	0.00e+00	0.00e+00	0.00e+00	0.00e+00	0.00e+00	0.00e+00
 6.32334e+22	1.21e-01	5.51e-01	3.27e-01	1.90e-05	2.16e-07	0.00e+00	0.00e+00	0.00e+00	0.00e+00	0.00e+00	0.00e+00
 6.32987e+22	1.26e-01	5.54e-01	3.20e-01	1.81e-05	2.09e-07	0.00e+00	0.00e+00	0.00e+00	0.00e+00	0.00e+00	0.00e+00
 6.33624e+22	1.30e-01	5.56e-01	3.14e-01	1.73e-05	2.01e-07	0.00e+00	0.00e+00	0.00e+00	0.00e+00	0.00e+00	0.00e+00
 6.34243e+22	1.35e-01	5.58e-01	3.07e-01	1.65e-05	1.94e-07	0.00e+00	0.00e+00	0.00e+00	0.00e+00	0.00e+00	0.00e+00
 6.34845e+22	1.39e-01	5.60e-01	3.00e-01	1.58e-05	1.88e-07	0.00e+00	0.00e+00	0.00e+00	0.00e+00	0.00e+00	0.00e+00
 6.35427e+22	1.44e-01	5.62e-01	2.94e-01	1.51e-05	1.81e-07	0.00e+00	0.00e+00	0.00e+00	0.00e+00	0.00e+00	0.00e+00
 6.35991e+22	1.49e-01	5.64e-01	2.88e-01	1.45e-05	1.75e-07	0.00e+00	0.00e+00	0.00e+00	0.00e+00	0.00e+00	0.00e+00
 6.36538e+22	1.54e-01	5.65e-01	2.81e-01	1.39e-05	1.69e-07	0.00e+00	0.00e+00	0.00e+00	0.00e+00	0.00e+00	0.00e+00
 6.37068e+22	1.58e-01	5.66e-01	2.75e-01	1.33e-05	1.63e-07	0.00e+00	0.00e+00	0.00e+00	0.00e+00	0.00e+00	0.00e+00
 6.37573e+22	1.63e-01	5.67e-01	2.70e-01	1.28e-05	1.58e-07	0.00e+00	0.00e+00	0.00e+00	0.00e+00	0.00e+00	0.00e+00
 6.38069e+22	1.68e-01	5.68e-01	2.64e-01	1.23e-05	1.52e-07	0.00e+00	0.00e+00	0.00e+00	0.00e+00	0.00e+00	0.00e+00
 6.38551e+22	1.73e-01	5.69e-01	2.58e-01	1.18e-05	1.47e-07	0.00e+00	0.00e+00	0.00e+00	0.00e+00	0.00e+00	0.00e+00
 6.38990e+22	1.78e-01	5.70e-01	2.53e-01	1.14e-05	1.43e-07	0.00e+00	0.00e+00	0.00e+00	0.00e+00	0.00e+00	0.00e+00
 6.39390e+22	1.82e-01	5.70e-01	2.48e-01	1.10e-05	1.39e-07	0.00e+00	0.00e+00	0.00e+00	0.00e+00	0.00e+00	0.00e+00
 6.39753e+22	1.86e-01	5.70e-01	2.43e-01	1.07e-05	1.35e-07	0.00e+00	0.00e+00	0.00e+00	0.00e+00	0.00e+00	0.00e+00
 6.40084e+22	1.90e-01	5.71e-01	2.39e-01	1.04e-05	1.32e-07	0.00e+00	0.00e+00	0.00e+00	0.00e+00	0.00e+00	0.00e+00
 6.40385e+22	1.94e-01	5.71e-01	2.35e-01	1.01e-05	1.29e-07	0.00e+00	0.00e+00	0.00e+00	0.00e+00	0.00e+00	0.00e+00
 6.40659e+22	1.98e-01	5.71e-01	2.31e-01	9.84e-06	1.26e-07	0.00e+00	0.00e+00	0.00e+00	0.00e+00	0.00e+00	0.00e+00
 6.40959e+22	2.02e-01	5.71e-01	2.27e-01	9.54e-06	0.00e+00	0.00e+00	0.00e+00	0.00e+00	0.00e+00	0.00e+00	0.00e+00
 6.41283e+22	2.06e-01	5.71e-01	2.23e-01	9.27e-06	0.00e+00	0.00e+00	0.00e+00	0.00e+00	0.00e+00	0.00e+00	0.00e+00
 6.41578e+22	2.10e-01	5.71e-01	2.20e-01	9.04e-06	0.00e+00	0.00e+00	0.00e+00	0.00e+00	0.00e+00	0.00e+00	0.00e+00
 6.41847e+22	2.13e-01	5.70e-01	2.16e-01	8.82e-06	0.00e+00	0.00e+00	0.00e+00	0.00e+00	0.00e+00	0.00e+00	0.00e+00
 6.42091e+22	2.17e-01	5.70e-01	2.13e-01	8.62e-06	0.00e+00	0.00e+00	0.00e+00	0.00e+00	0.00e+00	0.00e+00	0.00e+00
 6.42359e+22	2.21e-01	5.70e-01	2.09e-01	8.39e-06	0.00e+00	0.00e+00	0.00e+00	0.00e+00	0.00e+00	0.00e+00	0.00e+00
 6.42647e+22	2.25e-01	5.69e-01	2.06e-01	8.16e-06	0.00e+00	0.00e+00	0.00e+00	0.00e+00	0.00e+00	0.00e+00	0.00e+00
 6.42910e+22	2.28e-01	5.69e-01	2.03e-01	7.97e-06	0.00e+00	0.00e+00	0.00e+00	0.00e+00	0.00e+00	0.00e+00	0.00e+00
 6.43198e+22	2.33e-01	5.68e-01	1.99e-01	7.74e-06	0.00e+00	0.00e+00	0.00e+00	0.00e+00	0.00e+00	0.00e+00	0.00e+00
 6.43509e+22	2.36e-01	5.68e-01	1.96e-01	7.53e-06	0.00e+00	0.00e+00	0.00e+00	0.00e+00	0.00e+00	0.00e+00	0.00e+00
 6.43792e+22	2.39e-01	5.67e-01	1.93e-01	7.38e-06	0.00e+00	0.00e+00	0.00e+00	0.00e+00	0.00e+00	0.00e+00	0.00e+00
 6.44050e+22	2.43e-01	5.67e-01	1.90e-01	7.20e-06	0.00e+00	0.00e+00	0.00e+00	0.00e+00	0.00e+00	0.00e+00	0.00e+00
 6.44332e+22	2.47e-01	5.66e-01	1.87e-01	6.99e-06	0.00e+00	0.00e+00	0.00e+00	0.00e+00	0.00e+00	0.00e+00	0.00e+00
 6.44637e+22	2.51e-01	5.65e-01	1.84e-01	6.81e-06	0.00e+00	0.00e+00	0.00e+00	0.00e+00	0.00e+00	0.00e+00	0.00e+00
 6.44914e+22	2.54e-01	5.65e-01	1.81e-01	6.66e-06	0.00e+00	0.00e+00	0.00e+00	0.00e+00	0.00e+00	0.00e+00	0.00e+00
 6.45218e+22	2.59e-01	5.64e-01	1.78e-01	6.46e-06	0.00e+00	0.00e+00	0.00e+00	0.00e+00	0.00e+00	0.00e+00	0.00e+00
 6.45546e+22	2.62e-01	5.63e-01	1.75e-01	6.29e-06	0.00e+00	0.00e+00	0.00e+00	0.00e+00	0.00e+00	0.00e+00	0.00e+00
 6.45844e+22	2.67e-01	5.61e-01	1.71e-01	6.10e-06	0.00e+00	0.00e+00	0.00e+00	0.00e+00	0.00e+00	0.00e+00	0.00e+00
 6.46116e+22	2.70e-01	5.61e-01	1.69e-01	5.97e-06	0.00e+00	0.00e+00	0.00e+00	0.00e+00	0.00e+00	0.00e+00	0.00e+00
 6.46414e+22	2.75e-01	5.59e-01	1.66e-01	5.80e-06	0.00e+00	0.00e+00	0.00e+00	0.00e+00	0.00e+00	0.00e+00	0.00e+00
 6.46735e+22	2.79e-01	5.58e-01	1.63e-01	5.65e-06	0.00e+00	0.00e+00	0.00e+00	0.00e+00	0.00e+00	0.00e+00	0.00e+00
 6.47027e+22	2.84e-01	5.57e-01	1.60e-01	5.48e-06	0.00e+00	0.00e+00	0.00e+00	0.00e+00	0.00e+00	0.00e+00	0.00e+00
 6.47294e+22	2.86e-01	5.56e-01	1.58e-01	5.37e-06	0.00e+00	0.00e+00	0.00e+00	0.00e+00	0.00e+00	0.00e+00	0.00e+00
 6.47585e+22	2.91e-01	5.54e-01	1.54e-01	5.20e-06	0.00e+00	0.00e+00	0.00e+00	0.00e+00	0.00e+00	0.00e+00	0.00e+00
 6.47900e+22	2.95e-01	5.53e-01	1.52e-01	5.07e-06	0.00e+00	0.00e+00	0.00e+00	0.00e+00	0.00e+00	0.00e+00	0.00e+00
 6.48245e+22	3.01e-01	5.51e-01	1.48e-01	4.88e-06	0.00e+00	0.00e+00	0.00e+00	0.00e+00	0.00e+00	0.00e+00	0.00e+00
 6.48617e+22	3.06e-01	5.49e-01	1.45e-01	4.72e-06	0.00e+00	0.00e+00	0.00e+00	0.00e+00	0.00e+00	0.00e+00	0.00e+00
 6.48956e+22	3.11e-01	5.47e-01	1.42e-01	4.59e-06	0.00e+00	0.00e+00	0.00e+00	0.00e+00	0.00e+00	0.00e+00	0.00e+00
 6.49264e+22	3.15e-01	5.45e-01	1.39e-01	4.45e-06	0.00e+00	0.00e+00	0.00e+00	0.00e+00	0.00e+00	0.00e+00	0.00e+00
 6.49545e+22	3.20e-01	5.43e-01	1.37e-01	4.33e-06	0.00e+00	0.00e+00	0.00e+00	0.00e+00	0.00e+00	0.00e+00	0.00e+00
 6.49800e+22	3.24e-01	5.42e-01	1.35e-01	4.23e-06	0.00e+00	0.00e+00	0.00e+00	0.00e+00	0.00e+00	0.00e+00	0.00e+00
 6.50080e+22	3.29e-01	5.40e-01	1.32e-01	4.10e-06	0.00e+00	0.00e+00	0.00e+00	0.00e+00	0.00e+00	0.00e+00	0.00e+00
 6.50382e+22	3.32e-01	5.38e-01	1.30e-01	4.00e-06	0.00e+00	0.00e+00	0.00e+00	0.00e+00	0.00e+00	0.00e+00	0.00e+00
 6.50713e+22	3.39e-01	5.35e-01	1.26e-01	3.85e-06	0.00e+00	0.00e+00	0.00e+00	0.00e+00	0.00e+00	0.00e+00	0.00e+00
 6.51071e+22	3.44e-01	5.33e-01	1.23e-01	3.73e-06	0.00e+00	0.00e+00	0.00e+00	0.00e+00	0.00e+00	0.00e+00	0.00e+00
 6.51396e+22	3.49e-01	5.31e-01	1.21e-01	3.62e-06	0.00e+00	0.00e+00	0.00e+00	0.00e+00	0.00e+00	0.00e+00	0.00e+00
 6.51692e+22	3.53e-01	5.29e-01	1.19e-01	3.53e-06	0.00e+00	0.00e+00	0.00e+00	0.00e+00	0.00e+00	0.00e+00	0.00e+00
 6.52016e+22	3.59e-01	5.26e-01	1.15e-01	3.40e-06	0.00e+00	0.00e+00	0.00e+00	0.00e+00	0.00e+00	0.00e+00	0.00e+00
 6.52366e+22	3.64e-01	5.23e-01	1.13e-01	3.30e-06	0.00e+00	0.00e+00	0.00e+00	0.00e+00	0.00e+00	0.00e+00	0.00e+00
 6.52685e+22	3.69e-01	5.21e-01	1.11e-01	3.20e-06	0.00e+00	0.00e+00	0.00e+00	0.00e+00	0.00e+00	0.00e+00	0.00e+00
 6.52975e+22	3.72e-01	5.19e-01	1.09e-01	3.13e-06	0.00e+00	0.00e+00	0.00e+00	0.00e+00	0.00e+00	0.00e+00	0.00e+00
 6.53293e+22	3.78e-01	5.16e-01	1.06e-01	3.02e-06	0.00e+00	0.00e+00	0.00e+00	0.00e+00	0.00e+00	0.00e+00	0.00e+00
 6.53635e+22	3.83e-01	5.13e-01	1.04e-01	2.93e-06	0.00e+00	0.00e+00	0.00e+00	0.00e+00	0.00e+00	0.00e+00	0.00e+00
 6.53948e+22	3.86e-01	5.11e-01	1.03e-01	2.86e-06	0.00e+00	0.00e+00	0.00e+00	0.00e+00	0.00e+00	0.00e+00	0.00e+00
 6.54290e+22	3.92e-01	5.08e-01	9.98e-02	2.76e-06	0.00e+00	0.00e+00	0.00e+00	0.00e+00	0.00e+00	0.00e+00	0.00e+00
 6.54659e+22	3.96e-01	5.06e-01	9.79e-02	2.68e-06	0.00e+00	0.00e+00	0.00e+00	0.00e+00	0.00e+00	0.00e+00	0.00e+00
 6.54995e+22	4.01e-01	5.03e-01	9.58e-02	2.60e-06	0.00e+00	0.00e+00	0.00e+00	0.00e+00	0.00e+00	0.00e+00	0.00e+00
 6.55301e+22	4.05e-01	5.01e-01	9.44e-02	2.54e-06	0.00e+00	0.00e+00	0.00e+00	0.00e+00	0.00e+00	0.00e+00	0.00e+00
 6.55636e+22	4.10e-01	4.98e-01	9.21e-02	2.45e-06	0.00e+00	0.00e+00	0.00e+00	0.00e+00	0.00e+00	0.00e+00	0.00e+00
 6.55997e+22	4.15e-01	4.95e-01	9.03e-02	2.38e-06	0.00e+00	0.00e+00	0.00e+00	0.00e+00	0.00e+00	0.00e+00	0.00e+00
 6.56326e+22	4.18e-01	4.93e-01	8.88e-02	2.32e-06	0.00e+00	0.00e+00	0.00e+00	0.00e+00	0.00e+00	0.00e+00	0.00e+00
 6.56687e+22	4.24e-01	4.89e-01	8.64e-02	2.24e-06	0.00e+00	0.00e+00	0.00e+00	0.00e+00	0.00e+00	0.00e+00	0.00e+00
 6.57077e+22	4.29e-01	4.87e-01	8.47e-02	2.17e-06	0.00e+00	0.00e+00	0.00e+00	0.00e+00	0.00e+00	0.00e+00	0.00e+00
 6.57431e+22	4.33e-01	4.84e-01	8.32e-02	2.11e-06	0.00e+00	0.00e+00	0.00e+00	0.00e+00	0.00e+00	0.00e+00	0.00e+00
 6.57819e+22	4.39e-01	4.80e-01	8.07e-02	2.03e-06	0.00e+00	0.00e+00	0.00e+00	0.00e+00	0.00e+00	0.00e+00	0.00e+00
 6.58238e+22	4.44e-01	4.77e-01	7.90e-02	1.96e-06	0.00e+00	0.00e+00	0.00e+00	0.00e+00	0.00e+00	0.00e+00	0.00e+00
 6.58620e+22	4.49e-01	4.74e-01	7.71e-02	1.90e-06	0.00e+00	0.00e+00	0.00e+00	0.00e+00	0.00e+00	0.00e+00	0.00e+00
 6.58967e+22	4.53e-01	4.71e-01	7.58e-02	1.85e-06	0.00e+00	0.00e+00	0.00e+00	0.00e+00	0.00e+00	0.00e+00	0.00e+00
 6.59347e+22	4.59e-01	4.67e-01	7.38e-02	1.78e-06	0.00e+00	0.00e+00	0.00e+00	0.00e+00	0.00e+00	0.00e+00	0.00e+00
 6.59758e+22	4.64e-01	4.64e-01	7.21e-02	1.73e-06	0.00e+00	0.00e+00	0.00e+00	0.00e+00	0.00e+00	0.00e+00	0.00e+00
 6.60132e+22	4.67e-01	4.62e-01	7.08e-02	1.68e-06	0.00e+00	0.00e+00	0.00e+00	0.00e+00	0.00e+00	0.00e+00	0.00e+00
 6.60541e+22	4.74e-01	4.57e-01	6.87e-02	1.61e-06	0.00e+00	0.00e+00	0.00e+00	0.00e+00	0.00e+00	0.00e+00	0.00e+00
 6.60983e+22	4.79e-01	4.54e-01	6.72e-02	1.56e-06	0.00e+00	0.00e+00	0.00e+00	0.00e+00	0.00e+00	0.00e+00	0.00e+00
 6.61386e+22	4.83e-01	4.51e-01	6.59e-02	1.52e-06	0.00e+00	0.00e+00	0.00e+00	0.00e+00	0.00e+00	0.00e+00	0.00e+00
 6.61826e+22	4.90e-01	4.47e-01	6.38e-02	1.45e-06	0.00e+00	0.00e+00	0.00e+00	0.00e+00	0.00e+00	0.00e+00	0.00e+00
 6.62302e+22	4.95e-01	4.43e-01	6.23e-02	1.40e-06	0.00e+00	0.00e+00	0.00e+00	0.00e+00	0.00e+00	0.00e+00	0.00e+00
 6.62735e+22	5.00e-01	4.39e-01	6.06e-02	1.35e-06	0.00e+00	0.00e+00	0.00e+00	0.00e+00	0.00e+00	0.00e+00	0.00e+00
 6.63129e+22	5.04e-01	4.37e-01	5.96e-02	1.32e-06	0.00e+00	0.00e+00	0.00e+00	0.00e+00	0.00e+00	0.00e+00	0.00e+00
 6.63561e+22	5.10e-01	4.32e-01	5.78e-02	1.26e-06	0.00e+00	0.00e+00	0.00e+00	0.00e+00	0.00e+00	0.00e+00	0.00e+00
 6.64028e+22	5.15e-01	4.29e-01	5.64e-02	1.22e-06	0.00e+00	0.00e+00	0.00e+00	0.00e+00	0.00e+00	0.00e+00	0.00e+00
 6.64452e+22	5.19e-01	4.26e-01	5.53e-02	1.19e-06	0.00e+00	0.00e+00	0.00e+00	0.00e+00	0.00e+00	0.00e+00	0.00e+00
 6.64917e+22	5.26e-01	4.21e-01	5.36e-02	1.14e-06	0.00e+00	0.00e+00	0.00e+00	0.00e+00	0.00e+00	0.00e+00	0.00e+00
 6.65419e+22	5.31e-01	4.17e-01	5.23e-02	1.10e-06	0.00e+00	0.00e+00	0.00e+00	0.00e+00	0.00e+00	0.00e+00	0.00e+00
 6.65875e+22	5.35e-01	4.14e-01	5.11e-02	1.06e-06	0.00e+00	0.00e+00	0.00e+00	0.00e+00	0.00e+00	0.00e+00	0.00e+00
 6.66376e+22	5.42e-01	4.09e-01	4.94e-02	1.01e-06	0.00e+00	0.00e+00	0.00e+00	0.00e+00	0.00e+00	0.00e+00	0.00e+00
 6.66916e+22	5.47e-01	4.05e-01	4.81e-02	9.77e-07	0.00e+00	0.00e+00	0.00e+00	0.00e+00	0.00e+00	0.00e+00	0.00e+00
 6.67408e+22	5.52e-01	4.01e-01	4.70e-02	9.44e-07	0.00e+00	0.00e+00	0.00e+00	0.00e+00	0.00e+00	0.00e+00	0.00e+00
 6.67947e+22	5.59e-01	3.96e-01	4.54e-02	9.01e-07	0.00e+00	0.00e+00	0.00e+00	0.00e+00	0.00e+00	0.00e+00	0.00e+00
 6.68528e+22	5.64e-01	3.92e-01	4.41e-02	8.65e-07	0.00e+00	0.00e+00	0.00e+00	0.00e+00	0.00e+00	0.00e+00	0.00e+00
 6.69058e+22	5.69e-01	3.88e-01	4.30e-02	8.35e-07	0.00e+00	0.00e+00	0.00e+00	0.00e+00	0.00e+00	0.00e+00	0.00e+00
 6.69638e+22	5.76e-01	3.83e-01	4.15e-02	7.95e-07	0.00e+00	0.00e+00	0.00e+00	0.00e+00	0.00e+00	0.00e+00	0.00e+00
 6.70264e+22	5.82e-01	3.78e-01	4.03e-02	7.62e-07	0.00e+00	0.00e+00	0.00e+00	0.00e+00	0.00e+00	0.00e+00	0.00e+00
 6.70834e+22	5.87e-01	3.74e-01	3.92e-02	7.34e-07	0.00e+00	0.00e+00	0.00e+00	0.00e+00	0.00e+00	0.00e+00	0.00e+00
 6.71458e+22	5.94e-01	3.68e-01	3.78e-02	6.98e-07	0.00e+00	0.00e+00	0.00e+00	0.00e+00	0.00e+00	0.00e+00	0.00e+00
 6.72132e+22	5.99e-01	3.64e-01	3.66e-02	6.68e-07	0.00e+00	0.00e+00	0.00e+00	0.00e+00	0.00e+00	0.00e+00	0.00e+00
 6.72746e+22	6.05e-01	3.59e-01	3.55e-02	6.41e-07	0.00e+00	0.00e+00	0.00e+00	0.00e+00	0.00e+00	0.00e+00	0.00e+00
 6.73304e+22	6.10e-01	3.56e-01	3.46e-02	6.18e-07	0.00e+00	0.00e+00	0.00e+00	0.00e+00	0.00e+00	0.00e+00	0.00e+00
 6.73915e+22	6.16e-01	3.50e-01	3.34e-02	5.89e-07	0.00e+00	0.00e+00	0.00e+00	0.00e+00	0.00e+00	0.00e+00	0.00e+00
 6.74576e+22	6.22e-01	3.45e-01	3.24e-02	5.64e-07	0.00e+00	0.00e+00	0.00e+00	0.00e+00	0.00e+00	0.00e+00	0.00e+00
 6.75177e+22	6.27e-01	3.42e-01	3.16e-02	5.44e-07	0.00e+00	0.00e+00	0.00e+00	0.00e+00	0.00e+00	0.00e+00	0.00e+00
 6.75835e+22	6.33e-01	3.36e-01	3.04e-02	5.17e-07	0.00e+00	0.00e+00	0.00e+00	0.00e+00	0.00e+00	0.00e+00	0.00e+00
 6.76546e+22	6.39e-01	3.31e-01	2.94e-02	4.94e-07	0.00e+00	0.00e+00	0.00e+00	0.00e+00	0.00e+00	0.00e+00	0.00e+00
 6.77193e+22	6.44e-01	3.28e-01	2.86e-02	4.76e-07	0.00e+00	0.00e+00	0.00e+00	0.00e+00	0.00e+00	0.00e+00	0.00e+00
 6.77902e+22	6.51e-01	3.22e-01	2.76e-02	4.52e-07	0.00e+00	0.00e+00	0.00e+00	0.00e+00	0.00e+00	0.00e+00	0.00e+00
 6.78667e+22	6.56e-01	3.17e-01	2.67e-02	4.31e-07	0.00e+00	0.00e+00	0.00e+00	0.00e+00	0.00e+00	0.00e+00	0.00e+00
 6.79364e+22	6.62e-01	3.13e-01	2.58e-02	4.13e-07	0.00e+00	0.00e+00	0.00e+00	0.00e+00	0.00e+00	0.00e+00	0.00e+00
 6.79998e+22	6.66e-01	3.09e-01	2.52e-02	3.98e-07	0.00e+00	0.00e+00	0.00e+00	0.00e+00	0.00e+00	0.00e+00	0.00e+00
 6.80692e+22	6.72e-01	3.04e-01	2.43e-02	3.79e-07	0.00e+00	0.00e+00	0.00e+00	0.00e+00	0.00e+00	0.00e+00	0.00e+00
 6.81442e+22	6.77e-01	2.99e-01	2.35e-02	3.63e-07	0.00e+00	0.00e+00	0.00e+00	0.00e+00	0.00e+00	0.00e+00	0.00e+00
 6.82124e+22	6.82e-01	2.95e-01	2.28e-02	3.48e-07	0.00e+00	0.00e+00	0.00e+00	0.00e+00	0.00e+00	0.00e+00	0.00e+00
 6.82745e+22	6.87e-01	2.91e-01	2.22e-02	3.36e-07	0.00e+00	0.00e+00	0.00e+00	0.00e+00	0.00e+00	0.00e+00	0.00e+00
 6.83425e+22	6.92e-01	2.86e-01	2.15e-02	3.21e-07	0.00e+00	0.00e+00	0.00e+00	0.00e+00	0.00e+00	0.00e+00	0.00e+00
 6.84160e+22	6.97e-01	2.82e-01	2.08e-02	3.08e-07	0.00e+00	0.00e+00	0.00e+00	0.00e+00	0.00e+00	0.00e+00	0.00e+00
 6.84828e+22	7.02e-01	2.78e-01	2.02e-02	2.96e-07	0.00e+00	0.00e+00	0.00e+00	0.00e+00	0.00e+00	0.00e+00	0.00e+00
 6.85561e+22	7.07e-01	2.73e-01	1.95e-02	2.82e-07	0.00e+00	0.00e+00	0.00e+00	0.00e+00	0.00e+00	0.00e+00	0.00e+00
 6.86351e+22	7.12e-01	2.69e-01	1.89e-02	2.70e-07	0.00e+00	0.00e+00	0.00e+00	0.00e+00	0.00e+00	0.00e+00	0.00e+00
 6.87071e+22	7.17e-01	2.65e-01	1.83e-02	2.59e-07	0.00e+00	0.00e+00	0.00e+00	0.00e+00	0.00e+00	0.00e+00	0.00e+00
 6.87859e+22	7.23e-01	2.60e-01	1.77e-02	2.46e-07	0.00e+00	0.00e+00	0.00e+00	0.00e+00	0.00e+00	0.00e+00	0.00e+00
 6.88710e+22	7.28e-01	2.55e-01	1.71e-02	2.35e-07	0.00e+00	0.00e+00	0.00e+00	0.00e+00	0.00e+00	0.00e+00	0.00e+00
