#depth	N	N+	N+2	N+3	N+4	N+5	N+6	N+7
 1.54284e+22	6.95e-28	2.21e-21	1.85e-16	1.78e-12	5.79e-09	3.36e-05	1.12e-02	9.89e-01
 3.60548e+22	7.29e-27	1.56e-20	8.99e-16	6.00e-12	1.35e-08	6.43e-05	1.60e-02	9.84e-01
 4.38519e+22	2.48e-26	4.31e-20	2.03e-15	1.12e-11	2.06e-08	8.98e-05	1.93e-02	9.81e-01
 4.79149e+22	5.05e-26	7.76e-20	3.25e-15	1.60e-11	2.62e-08	1.09e-04	2.14e-02	9.78e-01
 4.97632e+22	6.27e-26	9.29e-20	3.75e-15	1.78e-11	2.82e-08	1.15e-04	2.21e-02	9.78e-01
 5.06472e+22	7.97e-26	1.13e-19	4.40e-15	2.01e-11	3.06e-08	1.23e-04	2.30e-02	9.77e-01
 5.16236e+22	1.00e-25	1.37e-19	5.14e-15	2.26e-11	3.31e-08	1.31e-04	2.37e-02	9.76e-01
 5.27201e+22	1.36e-25	1.76e-19	6.27e-15	2.63e-11	3.67e-08	1.42e-04	2.48e-02	9.75e-01
 5.38291e+22	1.74e-25	2.16e-19	7.39e-15	2.98e-11	3.99e-08	1.52e-04	2.57e-02	9.74e-01
 5.49544e+22	2.39e-25	2.82e-19	9.15e-15	3.51e-11	4.45e-08	1.66e-04	2.70e-02	9.73e-01
 5.60447e+22	3.02e-25	3.43e-19	1.07e-14	3.95e-11	4.83e-08	1.76e-04	2.79e-02	9.72e-01
 5.69414e+22	3.83e-25	4.17e-19	1.25e-14	4.45e-11	5.23e-08	1.88e-04	2.89e-02	9.71e-01
 5.78237e+22	4.85e-25	5.07e-19	1.47e-14	5.02e-11	5.66e-08	2.00e-04	2.98e-02	9.70e-01
 5.88353e+22	6.60e-25	6.56e-19	1.80e-14	5.87e-11	6.28e-08	2.17e-04	3.12e-02	9.69e-01
 5.97772e+22	8.11e-25	7.78e-19	2.07e-14	6.52e-11	6.74e-08	2.29e-04	3.21e-02	9.68e-01
 6.04719e+22	9.80e-25	9.10e-19	2.35e-14	7.17e-11	7.18e-08	2.41e-04	3.29e-02	9.67e-01
 6.11177e+22	1.18e-24	1.07e-18	2.67e-14	7.89e-11	7.65e-08	2.53e-04	3.38e-02	9.66e-01
 6.17576e+22	1.41e-24	1.24e-18	3.00e-14	8.64e-11	8.13e-08	2.65e-04	3.47e-02	9.65e-01
 6.23877e+22	1.69e-24	1.44e-18	3.39e-14	9.47e-11	8.64e-08	2.78e-04	3.55e-02	9.64e-01
 6.30053e+22	2.02e-24	1.66e-18	3.82e-14	1.04e-10	9.18e-08	2.91e-04	3.64e-02	9.63e-01
 6.37100e+22	2.53e-24	2.01e-18	4.44e-14	1.16e-10	9.92e-08	3.08e-04	3.75e-02	9.62e-01
 6.44205e+22	3.09e-24	2.37e-18	5.09e-14	1.29e-10	1.06e-07	3.25e-04	3.85e-02	9.61e-01
 6.49934e+22	3.67e-24	2.73e-18	5.70e-14	1.41e-10	1.12e-07	3.39e-04	3.94e-02	9.60e-01
 6.55929e+22	4.48e-24	3.23e-18	6.53e-14	1.56e-10	1.21e-07	3.57e-04	4.05e-02	9.59e-01
 6.62206e+22	5.36e-24	3.75e-18	7.37e-14	1.71e-10	1.28e-07	3.74e-04	4.14e-02	9.58e-01
 6.67928e+22	6.41e-24	4.36e-18	8.32e-14	1.88e-10	1.36e-07	3.91e-04	4.24e-02	9.57e-01
 6.73592e+22	7.80e-24	5.14e-18	9.51e-14	2.08e-10	1.46e-07	4.11e-04	4.35e-02	9.56e-01
 6.79106e+22	9.27e-24	5.94e-18	1.07e-13	2.27e-10	1.55e-07	4.29e-04	4.45e-02	9.55e-01
 6.84339e+22	1.10e-23	6.85e-18	1.20e-13	2.48e-10	1.64e-07	4.48e-04	4.54e-02	9.54e-01
 6.89401e+22	1.31e-23	7.92e-18	1.35e-13	2.71e-10	1.74e-07	4.67e-04	4.64e-02	9.53e-01
 6.94429e+22	1.58e-23	9.27e-18	1.53e-13	2.99e-10	1.86e-07	4.89e-04	4.75e-02	9.52e-01
 6.99325e+22	1.86e-23	1.06e-17	1.72e-13	3.25e-10	1.97e-07	5.10e-04	4.85e-02	9.51e-01
 7.04806e+22	2.32e-23	1.28e-17	2.00e-13	3.65e-10	2.12e-07	5.38e-04	4.99e-02	9.50e-01
 7.10413e+22	2.83e-23	1.52e-17	2.29e-13	4.05e-10	2.27e-07	5.64e-04	5.11e-02	9.48e-01
 7.15295e+22	3.35e-23	1.75e-17	2.57e-13	4.43e-10	2.41e-07	5.88e-04	5.21e-02	9.47e-01
 7.20755e+22	4.33e-23	2.17e-17	3.06e-13	5.06e-10	2.63e-07	6.25e-04	5.37e-02	9.46e-01
 7.26196e+22	5.14e-23	2.51e-17	3.44e-13	5.53e-10	2.80e-07	6.52e-04	5.49e-02	9.44e-01
 7.31615e+22	6.72e-23	3.14e-17	4.14e-13	6.36e-10	3.07e-07	6.94e-04	5.66e-02	9.43e-01
 7.36862e+22	8.00e-23	3.64e-17	4.67e-13	6.98e-10	3.26e-07	7.23e-04	5.77e-02	9.42e-01
 7.41885e+22	1.02e-22	4.47e-17	5.52e-13	7.92e-10	3.55e-07	7.65e-04	5.94e-02	9.40e-01
 7.47088e+22	1.25e-22	5.32e-17	6.37e-13	8.83e-10	3.82e-07	8.03e-04	6.08e-02	9.38e-01
 7.52524e+22	1.66e-22	6.75e-17	7.74e-13	1.02e-09	4.21e-07	8.56e-04	6.27e-02	9.36e-01
 7.57753e+22	2.01e-22	7.93e-17	8.82e-13	1.13e-09	4.51e-07	8.95e-04	6.41e-02	9.35e-01
 7.62711e+22	2.64e-22	1.00e-16	1.07e-12	1.31e-09	4.96e-07	9.52e-04	6.60e-02	9.33e-01
 7.67657e+22	3.21e-22	1.18e-16	1.22e-12	1.45e-09	5.32e-07	9.96e-04	6.75e-02	9.32e-01
 7.72586e+22	4.26e-22	1.50e-16	1.49e-12	1.69e-09	5.87e-07	1.06e-03	6.96e-02	9.29e-01
 7.77562e+22	5.25e-22	1.79e-16	1.72e-12	1.88e-09	6.32e-07	1.11e-03	7.12e-02	9.28e-01
 7.82600e+22	7.10e-22	2.32e-16	2.13e-12	2.21e-09	7.03e-07	1.19e-03	7.35e-02	9.25e-01
 7.87653e+22	8.81e-22	2.78e-16	2.47e-12	2.48e-09	7.59e-07	1.25e-03	7.52e-02	9.24e-01
 7.92726e+22	1.19e-21	3.59e-16	3.05e-12	2.91e-09	8.44e-07	1.34e-03	7.77e-02	9.21e-01
 7.97761e+22	1.49e-21	4.36e-16	3.57e-12	3.29e-09	9.15e-07	1.41e-03	7.96e-02	9.19e-01
 8.02746e+22	2.02e-21	5.64e-16	4.42e-12	3.86e-09	1.02e-06	1.50e-03	8.21e-02	9.16e-01
 8.07824e+22	2.58e-21	6.94e-16	5.24e-12	4.40e-09	1.11e-06	1.59e-03	8.42e-02	9.14e-01
 8.13023e+22	3.55e-21	9.13e-16	6.57e-12	5.22e-09	1.25e-06	1.70e-03	8.71e-02	9.11e-01
 8.18257e+22	4.56e-21	1.13e-15	7.83e-12	5.97e-09	1.36e-06	1.80e-03	8.94e-02	9.09e-01
 8.23535e+22	6.35e-21	1.50e-15	9.88e-12	7.13e-09	1.53e-06	1.94e-03	9.25e-02	9.06e-01
 8.28847e+22	8.18e-21	1.86e-15	1.18e-11	8.17e-09	1.68e-06	2.05e-03	9.50e-02	9.03e-01
 8.33443e+22	1.05e-20	2.30e-15	1.41e-11	9.34e-09	1.84e-06	2.16e-03	9.75e-02	9.00e-01
 8.38657e+22	1.46e-20	3.06e-15	1.78e-11	1.12e-08	2.07e-06	2.33e-03	1.01e-01	8.97e-01
 8.43828e+22	1.84e-20	3.72e-15	2.09e-11	1.26e-08	2.25e-06	2.45e-03	1.03e-01	8.94e-01
 8.48943e+22	2.52e-20	4.88e-15	2.62e-11	1.50e-08	2.52e-06	2.63e-03	1.07e-01	8.91e-01
 8.54162e+22	3.20e-20	5.98e-15	3.10e-11	1.70e-08	2.75e-06	2.77e-03	1.09e-01	8.88e-01
 8.59515e+22	4.40e-20	7.85e-15	3.88e-11	2.02e-08	3.09e-06	2.98e-03	1.13e-01	8.84e-01
 8.64994e+22	5.61e-20	9.68e-15	4.61e-11	2.31e-08	3.38e-06	3.15e-03	1.16e-01	8.81e-01
 8.70636e+22	7.74e-20	1.27e-14	5.79e-11	2.75e-08	3.80e-06	3.39e-03	1.20e-01	8.77e-01
 8.76412e+22	9.92e-20	1.58e-14	6.91e-11	3.15e-08	4.17e-06	3.59e-03	1.23e-01	8.73e-01
 8.82359e+22	1.37e-19	2.07e-14	8.67e-11	3.75e-08	4.70e-06	3.86e-03	1.27e-01	8.69e-01
 8.88417e+22	1.75e-19	2.57e-14	1.04e-10	4.30e-08	5.16e-06	4.09e-03	1.31e-01	8.65e-01
 8.94618e+22	2.41e-19	3.38e-14	1.30e-10	5.12e-08	5.81e-06	4.41e-03	1.35e-01	8.60e-01
 9.00860e+22	3.07e-19	4.15e-14	1.54e-10	5.85e-08	6.37e-06	4.67e-03	1.39e-01	8.56e-01
 9.07156e+22	4.20e-19	5.43e-14	1.93e-10	6.95e-08	7.17e-06	5.02e-03	1.44e-01	8.51e-01
 9.13575e+22	5.30e-19	6.64e-14	2.28e-10	7.91e-08	7.84e-06	5.31e-03	1.47e-01	8.47e-01
 9.19174e+22	6.64e-19	8.06e-14	2.68e-10	8.97e-08	8.54e-06	5.60e-03	1.51e-01	8.43e-01
 9.25474e+22	8.90e-19	1.04e-13	3.31e-10	1.06e-07	9.56e-06	6.01e-03	1.56e-01	8.38e-01
 9.31763e+22	1.10e-18	1.24e-13	3.84e-10	1.19e-07	1.04e-05	6.32e-03	1.59e-01	8.34e-01
 9.38037e+22	1.45e-18	1.57e-13	4.69e-10	1.38e-07	1.15e-05	6.76e-03	1.64e-01	8.29e-01
 9.44461e+22	1.80e-18	1.90e-13	5.47e-10	1.56e-07	1.26e-05	7.12e-03	1.68e-01	8.25e-01
 9.50133e+22	2.21e-18	2.27e-13	6.36e-10	1.75e-07	1.36e-05	7.50e-03	1.72e-01	8.21e-01
 9.56559e+22	2.91e-18	2.87e-13	7.74e-10	2.05e-07	1.52e-05	8.01e-03	1.77e-01	8.15e-01
 9.62971e+22	3.52e-18	3.38e-13	8.88e-10	2.28e-07	1.63e-05	8.40e-03	1.81e-01	8.11e-01
 9.69363e+22	4.57e-18	4.24e-13	1.07e-09	2.64e-07	1.81e-05	8.96e-03	1.86e-01	8.05e-01
 9.75881e+22	5.55e-18	5.01e-13	1.23e-09	2.95e-07	1.96e-05	9.40e-03	1.90e-01	8.01e-01
 9.82562e+22	7.21e-18	6.27e-13	1.49e-09	3.42e-07	2.17e-05	1.00e-02	1.95e-01	7.94e-01
 9.89370e+22	8.77e-18	7.43e-13	1.72e-09	3.82e-07	2.35e-05	1.05e-02	2.00e-01	7.90e-01
 9.96343e+22	1.14e-17	9.32e-13	2.08e-09	4.44e-07	2.61e-05	1.13e-02	2.05e-01	7.83e-01
 1.00345e+23	1.39e-17	1.11e-12	2.39e-09	4.97e-07	2.83e-05	1.18e-02	2.10e-01	7.78e-01
 1.01072e+23	1.81e-17	1.39e-12	2.90e-09	5.77e-07	3.14e-05	1.26e-02	2.16e-01	7.71e-01
 1.01783e+23	2.15e-17	1.61e-12	3.28e-09	6.37e-07	3.37e-05	1.32e-02	2.20e-01	7.67e-01
 1.02473e+23	2.76e-17	2.00e-12	3.94e-09	7.35e-07	3.73e-05	1.41e-02	2.26e-01	7.60e-01
 1.03173e+23	3.29e-17	2.32e-12	4.46e-09	8.12e-07	4.01e-05	1.47e-02	2.30e-01	7.55e-01
 1.03888e+23	4.18e-17	2.85e-12	5.31e-09	9.32e-07	4.42e-05	1.56e-02	2.36e-01	7.48e-01
 1.04625e+23	5.07e-17	3.37e-12	6.11e-09	1.04e-06	4.78e-05	1.64e-02	2.41e-01	7.42e-01
 1.05391e+23	6.44e-17	4.15e-12	7.27e-09	1.20e-06	5.28e-05	1.74e-02	2.47e-01	7.35e-01
 1.06183e+23	7.89e-17	4.94e-12	8.43e-09	1.34e-06	5.74e-05	1.84e-02	2.53e-01	7.29e-01
 1.07007e+23	1.01e-16	6.12e-12	1.01e-08	1.55e-06	6.35e-05	1.96e-02	2.59e-01	7.21e-01
 1.07853e+23	1.25e-16	7.32e-12	1.17e-08	1.75e-06	6.92e-05	2.06e-02	2.65e-01	7.14e-01
 1.08729e+23	1.61e-16	9.12e-12	1.41e-08	2.03e-06	7.69e-05	2.20e-02	2.72e-01	7.06e-01
 1.09634e+23	1.99e-16	1.10e-11	1.65e-08	2.30e-06	8.41e-05	2.33e-02	2.78e-01	6.98e-01
 1.10577e+23	2.60e-16	1.38e-11	2.01e-08	2.68e-06	9.39e-05	2.49e-02	2.86e-01	6.89e-01
 1.11546e+23	3.26e-16	1.68e-11	2.36e-08	3.05e-06	1.03e-04	2.64e-02	2.92e-01	6.81e-01
 1.12415e+23	4.01e-16	2.01e-11	2.75e-08	3.44e-06	1.12e-04	2.78e-02	2.98e-01	6.74e-01
 1.13412e+23	5.35e-16	2.58e-11	3.38e-08	4.06e-06	1.27e-04	2.99e-02	3.07e-01	6.63e-01
 1.14418e+23	6.59e-16	3.08e-11	3.94e-08	4.58e-06	1.38e-04	3.15e-02	3.13e-01	6.55e-01
 1.15435e+23	8.73e-16	3.93e-11	4.83e-08	5.40e-06	1.55e-04	3.39e-02	3.22e-01	6.44e-01
 1.16473e+23	1.10e-15	4.78e-11	5.70e-08	6.16e-06	1.70e-04	3.59e-02	3.29e-01	6.35e-01
 1.17539e+23	1.46e-15	6.14e-11	7.03e-08	7.28e-06	1.92e-04	3.86e-02	3.38e-01	6.23e-01
 1.18623e+23	1.85e-15	7.52e-11	8.35e-08	8.35e-06	2.12e-04	4.09e-02	3.45e-01	6.14e-01
 1.19728e+23	2.51e-15	9.79e-11	1.04e-07	9.97e-06	2.40e-04	4.42e-02	3.55e-01	6.01e-01
 1.20840e+23	3.16e-15	1.20e-10	1.24e-07	1.14e-05	2.65e-04	4.68e-02	3.62e-01	5.91e-01
 1.21759e+23	3.90e-15	1.44e-10	1.44e-07	1.29e-05	2.89e-04	4.93e-02	3.69e-01	5.82e-01
 1.22757e+23	5.15e-15	1.82e-10	1.76e-07	1.52e-05	3.25e-04	5.29e-02	3.77e-01	5.69e-01
 1.23755e+23	6.34e-15	2.18e-10	2.05e-07	1.72e-05	3.54e-04	5.57e-02	3.84e-01	5.60e-01
 1.24752e+23	8.36e-15	2.78e-10	2.52e-07	2.02e-05	3.98e-04	5.96e-02	3.93e-01	5.47e-01
 1.25762e+23	1.04e-14	3.34e-10	2.95e-07	2.29e-05	4.35e-04	6.29e-02	4.00e-01	5.37e-01
 1.26787e+23	1.38e-14	4.28e-10	3.64e-07	2.72e-05	4.92e-04	6.75e-02	4.09e-01	5.23e-01
 1.27826e+23	1.71e-14	5.18e-10	4.28e-07	3.10e-05	5.40e-04	7.13e-02	4.15e-01	5.13e-01
 1.28881e+23	2.29e-14	6.67e-10	5.30e-07	3.69e-05	6.11e-04	7.66e-02	4.24e-01	4.98e-01
 1.29957e+23	2.89e-14	8.16e-10	6.30e-07	4.24e-05	6.76e-04	8.12e-02	4.32e-01	4.87e-01
 1.31060e+23	3.90e-14	1.06e-09	7.89e-07	5.09e-05	7.70e-04	8.75e-02	4.41e-01	4.71e-01
 1.32185e+23	4.95e-14	1.31e-09	9.44e-07	5.90e-05	8.56e-04	9.29e-02	4.48e-01	4.58e-01
 1.33340e+23	6.75e-14	1.71e-09	1.19e-06	7.15e-05	9.83e-04	1.00e-01	4.57e-01	4.42e-01
 1.34504e+23	8.57e-14	2.11e-09	1.43e-06	8.31e-05	1.09e-03	1.07e-01	4.64e-01	4.28e-01
 1.35481e+23	1.06e-13	2.55e-09	1.68e-06	9.52e-05	1.21e-03	1.13e-01	4.70e-01	4.16e-01
 1.36538e+23	1.39e-13	3.24e-09	2.07e-06	1.13e-04	1.37e-03	1.21e-01	4.77e-01	4.01e-01
 1.37606e+23	1.72e-13	3.91e-09	2.45e-06	1.30e-04	1.51e-03	1.28e-01	4.82e-01	3.88e-01
 1.38650e+23	2.21e-13	4.88e-09	2.97e-06	1.54e-04	1.71e-03	1.36e-01	4.88e-01	3.73e-01
 1.39715e+23	2.74e-13	5.90e-09	3.52e-06	1.77e-04	1.89e-03	1.44e-01	4.93e-01	3.60e-01
 1.40760e+23	3.46e-13	7.24e-09	4.23e-06	2.07e-04	2.12e-03	1.53e-01	4.98e-01	3.46e-01
 1.41827e+23	4.27e-13	8.76e-09	5.01e-06	2.40e-04	2.36e-03	1.62e-01	5.02e-01	3.33e-01
 1.42882e+23	5.29e-13	1.06e-08	5.95e-06	2.79e-04	2.64e-03	1.72e-01	5.06e-01	3.19e-01
 1.43943e+23	6.47e-13	1.27e-08	7.02e-06	3.23e-04	2.94e-03	1.82e-01	5.09e-01	3.05e-01
 1.44991e+23	7.87e-13	1.52e-08	8.26e-06	3.72e-04	3.27e-03	1.92e-01	5.12e-01	2.92e-01
 1.46038e+23	9.51e-13	1.80e-08	9.67e-06	4.28e-04	3.62e-03	2.03e-01	5.14e-01	2.80e-01
 1.47087e+23	1.14e-12	2.13e-08	1.13e-05	4.92e-04	4.02e-03	2.13e-01	5.15e-01	2.67e-01
 1.48139e+23	1.36e-12	2.51e-08	1.31e-05	5.63e-04	4.45e-03	2.25e-01	5.16e-01	2.55e-01
 1.49198e+23	1.62e-12	2.94e-08	1.52e-05	6.44e-04	4.92e-03	2.36e-01	5.16e-01	2.42e-01
 1.50267e+23	1.91e-12	3.43e-08	1.76e-05	7.36e-04	5.44e-03	2.48e-01	5.15e-01	2.31e-01
 1.51347e+23	2.24e-12	3.98e-08	2.03e-05	8.40e-04	6.01e-03	2.60e-01	5.14e-01	2.19e-01
 1.52434e+23	2.62e-12	4.61e-08	2.34e-05	9.55e-04	6.62e-03	2.72e-01	5.12e-01	2.08e-01
 1.53538e+23	3.06e-12	5.33e-08	2.69e-05	1.09e-03	7.31e-03	2.85e-01	5.10e-01	1.97e-01
 1.54655e+23	3.54e-12	6.13e-08	3.07e-05	1.23e-03	8.04e-03	2.98e-01	5.07e-01	1.86e-01
 1.55794e+23	4.11e-12	7.05e-08	3.53e-05	1.40e-03	8.87e-03	3.11e-01	5.03e-01	1.75e-01
 1.56954e+23	4.73e-12	8.07e-08	4.02e-05	1.58e-03	9.75e-03	3.25e-01	4.98e-01	1.65e-01
 1.58018e+23	5.31e-12	9.02e-08	4.49e-05	1.75e-03	1.05e-02	3.36e-01	4.94e-01	1.57e-01
 1.59128e+23	6.11e-12	1.03e-07	5.14e-05	1.99e-03	1.16e-02	3.51e-01	4.88e-01	1.47e-01
 1.60256e+23	6.84e-12	1.15e-07	5.72e-05	2.20e-03	1.26e-02	3.63e-01	4.83e-01	1.39e-01
 1.61417e+23	7.86e-12	1.32e-07	6.55e-05	2.50e-03	1.39e-02	3.78e-01	4.76e-01	1.30e-01
 1.62581e+23	8.73e-12	1.46e-07	7.26e-05	2.76e-03	1.49e-02	3.89e-01	4.70e-01	1.23e-01
 1.63748e+23	9.94e-12	1.67e-07	8.27e-05	3.11e-03	1.64e-02	4.04e-01	4.62e-01	1.14e-01
 1.64920e+23	1.10e-11	1.84e-07	9.14e-05	3.42e-03	1.77e-02	4.16e-01	4.55e-01	1.08e-01
 1.66100e+23	1.25e-11	2.09e-07	1.04e-04	3.84e-03	1.94e-02	4.31e-01	4.46e-01	1.00e-01
 1.67292e+23	1.38e-11	2.30e-07	1.14e-04	4.21e-03	2.08e-02	4.42e-01	4.38e-01	9.45e-02
 1.68502e+23	1.56e-11	2.60e-07	1.30e-04	4.72e-03	2.27e-02	4.57e-01	4.28e-01	8.73e-02
 1.69729e+23	1.72e-11	2.87e-07	1.43e-04	5.17e-03	2.43e-02	4.68e-01	4.20e-01	8.21e-02
 1.70979e+23	1.94e-11	3.24e-07	1.62e-04	5.79e-03	2.66e-02	4.83e-01	4.09e-01	7.56e-02
 1.72253e+23	2.15e-11	3.58e-07	1.79e-04	6.33e-03	2.85e-02	4.94e-01	4.00e-01	7.07e-02
 1.73557e+23	2.43e-11	4.06e-07	2.03e-04	7.09e-03	3.11e-02	5.08e-01	3.89e-01	6.48e-02
 1.74894e+23	2.70e-11	4.50e-07	2.25e-04	7.76e-03	3.33e-02	5.19e-01	3.79e-01	6.04e-02
 1.76271e+23	3.06e-11	5.11e-07	2.57e-04	8.71e-03	3.64e-02	5.33e-01	3.66e-01	5.49e-02
 1.77670e+23	3.42e-11	5.69e-07	2.85e-04	9.52e-03	3.89e-02	5.44e-01	3.57e-01	5.11e-02
 1.78854e+23	3.74e-11	6.23e-07	3.13e-04	1.03e-02	4.14e-02	5.53e-01	3.47e-01	4.76e-02
 1.80149e+23	4.20e-11	7.01e-07	3.53e-04	1.14e-02	4.47e-02	5.65e-01	3.35e-01	4.35e-02
 1.81398e+23	4.59e-11	7.65e-07	3.85e-04	1.23e-02	4.72e-02	5.73e-01	3.27e-01	4.08e-02
 1.82591e+23	5.08e-11	8.49e-07	4.28e-04	1.34e-02	5.06e-02	5.82e-01	3.16e-01	3.75e-02
 1.83796e+23	5.59e-11	9.30e-07	4.68e-04	1.44e-02	5.32e-02	5.89e-01	3.07e-01	3.51e-02
 1.85019e+23	6.22e-11	1.04e-06	5.22e-04	1.57e-02	5.70e-02	5.98e-01	2.96e-01	3.21e-02
 1.86260e+23	6.86e-11	1.14e-06	5.71e-04	1.69e-02	6.00e-02	6.05e-01	2.88e-01	3.00e-02
 1.87527e+23	7.66e-11	1.27e-06	6.40e-04	1.85e-02	6.42e-02	6.13e-01	2.76e-01	2.73e-02
 1.88813e+23	8.50e-11	1.41e-06	7.02e-04	1.98e-02	6.74e-02	6.19e-01	2.68e-01	2.55e-02
 1.90123e+23	9.51e-11	1.58e-06	7.88e-04	2.17e-02	7.21e-02	6.26e-01	2.57e-01	2.31e-02
 1.91454e+23	1.06e-10	1.74e-06	8.66e-04	2.33e-02	7.59e-02	6.31e-01	2.48e-01	2.14e-02
 1.92814e+23	1.20e-10	1.97e-06	9.77e-04	2.56e-02	8.10e-02	6.37e-01	2.37e-01	1.93e-02
 1.94216e+23	1.34e-10	2.19e-06	1.08e-03	2.75e-02	8.53e-02	6.41e-01	2.28e-01	1.78e-02
 1.95671e+23	1.53e-10	2.50e-06	1.23e-03	3.02e-02	9.12e-02	6.45e-01	2.16e-01	1.59e-02
 1.97154e+23	1.73e-10	2.80e-06	1.36e-03	3.26e-02	9.60e-02	6.48e-01	2.07e-01	1.46e-02
 1.98675e+23	2.00e-10	3.21e-06	1.56e-03	3.59e-02	1.03e-01	6.51e-01	1.96e-01	1.30e-02
 2.00210e+23	2.27e-10	3.61e-06	1.73e-03	3.86e-02	1.08e-01	6.53e-01	1.87e-01	1.19e-02
 2.01765e+23	2.63e-10	4.16e-06	1.99e-03	4.25e-02	1.15e-01	6.54e-01	1.76e-01	1.05e-02
 2.03338e+23	3.00e-10	4.70e-06	2.21e-03	4.58e-02	1.20e-01	6.54e-01	1.68e-01	9.56e-03
 2.04934e+23	3.50e-10	5.44e-06	2.54e-03	5.03e-02	1.28e-01	6.53e-01	1.58e-01	8.41e-03
 2.06494e+23	3.99e-10	6.12e-06	2.82e-03	5.38e-02	1.34e-01	6.52e-01	1.51e-01	7.68e-03
 2.08007e+23	4.62e-10	7.03e-06	3.21e-03	5.87e-02	1.41e-01	6.49e-01	1.41e-01	6.79e-03
 2.09576e+23	5.33e-10	7.98e-06	3.58e-03	6.31e-02	1.47e-01	6.46e-01	1.34e-01	6.15e-03
 2.10914e+23	5.99e-10	8.88e-06	3.93e-03	6.71e-02	1.53e-01	6.43e-01	1.28e-01	5.62e-03
 2.12350e+23	6.92e-10	1.01e-05	4.44e-03	7.25e-02	1.61e-01	6.38e-01	1.20e-01	4.99e-03
 2.13790e+23	7.81e-10	1.13e-05	4.89e-03	7.71e-02	1.67e-01	6.33e-01	1.14e-01	4.54e-03
 2.15237e+23	9.09e-10	1.30e-05	5.50e-03	8.31e-02	1.74e-01	6.27e-01	1.07e-01	4.04e-03
 2.16741e+23	1.03e-09	1.46e-05	6.11e-03	8.87e-02	1.81e-01	6.20e-01	1.01e-01	3.63e-03
 2.18082e+23	1.18e-09	1.63e-05	6.74e-03	9.42e-02	1.87e-01	6.14e-01	9.54e-02	3.29e-03
 2.19588e+23	1.38e-09	1.88e-05	7.60e-03	1.01e-01	1.94e-01	6.05e-01	8.89e-02	2.91e-03
 2.21174e+23	1.60e-09	2.14e-05	8.49e-03	1.09e-01	2.02e-01	5.96e-01	8.32e-02	2.58e-03
 2.22619e+23	1.84e-09	2.42e-05	9.40e-03	1.15e-01	2.08e-01	5.87e-01	7.81e-02	2.31e-03
 2.24248e+23	2.19e-09	2.82e-05	1.07e-02	1.25e-01	2.16e-01	5.75e-01	7.20e-02	2.01e-03
 2.25928e+23	2.55e-09	3.22e-05	1.19e-02	1.33e-01	2.23e-01	5.63e-01	6.69e-02	1.77e-03
 2.27421e+23	2.95e-09	3.65e-05	1.32e-02	1.41e-01	2.30e-01	5.52e-01	6.24e-02	1.58e-03
 2.29108e+23	3.54e-09	4.27e-05	1.51e-02	1.52e-01	2.38e-01	5.37e-01	5.71e-02	1.35e-03
 2.30860e+23	4.16e-09	4.91e-05	1.69e-02	1.62e-01	2.44e-01	5.23e-01	5.26e-02	1.18e-03
 2.32432e+23	4.86e-09	5.59e-05	1.87e-02	1.72e-01	2.51e-01	5.09e-01	4.86e-02	1.04e-03
 2.34213e+23	5.92e-09	6.61e-05	2.14e-02	1.85e-01	2.58e-01	4.91e-01	4.38e-02	8.76e-04
 2.36054e+23	7.01e-09	7.61e-05	2.40e-02	1.96e-01	2.64e-01	4.75e-01	4.00e-02	7.56e-04
 2.37972e+23	8.67e-09	9.10e-05	2.75e-02	2.11e-01	2.71e-01	4.54e-01	3.56e-02	6.27e-04
 2.39911e+23	1.03e-08	1.05e-04	3.08e-02	2.24e-01	2.76e-01	4.37e-01	3.23e-02	5.36e-04
 2.41614e+23	1.22e-08	1.21e-04	3.43e-02	2.36e-01	2.80e-01	4.20e-01	2.93e-02	4.59e-04
 2.43565e+23	1.52e-08	1.45e-04	3.92e-02	2.53e-01	2.85e-01	3.97e-01	2.57e-02	3.75e-04
 2.45542e+23	1.81e-08	1.67e-04	4.37e-02	2.66e-01	2.88e-01	3.79e-01	2.30e-02	3.17e-04
 2.47555e+23	2.28e-08	2.00e-04	4.99e-02	2.84e-01	2.90e-01	3.56e-01	2.01e-02	2.56e-04
 2.49599e+23	2.74e-08	2.32e-04	5.56e-02	2.98e-01	2.92e-01	3.36e-01	1.78e-02	2.14e-04
 2.51410e+23	3.29e-08	2.68e-04	6.16e-02	3.12e-01	2.93e-01	3.18e-01	1.58e-02	1.78e-04
 2.53492e+23	4.16e-08	3.23e-04	7.02e-02	3.30e-01	2.92e-01	2.94e-01	1.35e-02	1.41e-04
 2.55602e+23	5.02e-08	3.74e-04	7.76e-02	3.44e-01	2.91e-01	2.75e-01	1.18e-02	1.16e-04
 2.57747e+23	6.39e-08	4.51e-04	8.82e-02	3.62e-01	2.88e-01	2.52e-01	9.96e-03	8.98e-05
 2.59921e+23	7.75e-08	5.23e-04	9.73e-02	3.75e-01	2.85e-01	2.34e-01	8.64e-03	7.30e-05
 2.62133e+23	9.94e-08	6.32e-04	1.10e-01	3.92e-01	2.79e-01	2.11e-01	7.16e-03	5.56e-05
 2.64300e+23	1.19e-07	7.26e-04	1.20e-01	4.03e-01	2.74e-01	1.95e-01	6.21e-03	4.52e-05
 2.66411e+23	1.51e-07	8.66e-04	1.34e-01	4.17e-01	2.67e-01	1.76e-01	5.14e-03	3.45e-05
 2.68453e+23	1.79e-07	9.80e-04	1.45e-01	4.26e-01	2.61e-01	1.63e-01	4.48e-03	2.84e-05
 2.70404e+23	2.22e-07	1.15e-03	1.60e-01	4.37e-01	2.52e-01	1.47e-01	3.73e-03	2.19e-05
 2.72348e+23	2.62e-07	1.30e-03	1.71e-01	4.44e-01	2.45e-01	1.35e-01	3.24e-03	1.79e-05
 2.74283e+23	3.22e-07	1.51e-03	1.87e-01	4.52e-01	2.36e-01	1.22e-01	2.70e-03	1.39e-05
 2.76291e+23	3.87e-07	1.72e-03	2.01e-01	4.58e-01	2.27e-01	1.10e-01	2.28e-03	1.10e-05
 2.78095e+23	4.58e-07	1.94e-03	2.15e-01	4.62e-01	2.19e-01	1.00e-01	1.95e-03	8.85e-06
 2.80139e+23	5.71e-07	2.26e-03	2.34e-01	4.66e-01	2.08e-01	8.85e-02	1.59e-03	6.63e-06
 2.82212e+23	6.80e-07	2.56e-03	2.49e-01	4.69e-01	1.98e-01	7.98e-02	1.34e-03	5.24e-06
 2.84320e+23	8.48e-07	2.98e-03	2.70e-01	4.70e-01	1.87e-01	6.97e-02	1.07e-03	3.87e-06
 2.86461e+23	1.02e-06	3.38e-03	2.87e-01	4.70e-01	1.77e-01	6.22e-02	8.90e-04	3.00e-06
 2.88180e+23	1.17e-06	3.73e-03	3.01e-01	4.69e-01	1.69e-01	5.65e-02	7.64e-04	2.43e-06
 2.89948e+23	1.40e-06	4.21e-03	3.19e-01	4.66e-01	1.60e-01	5.02e-02	6.32e-04	1.88e-06
 2.91759e+23	1.63e-06	4.67e-03	3.35e-01	4.63e-01	1.52e-01	4.53e-02	5.36e-04	1.51e-06
 2.93370e+23	1.89e-06	5.14e-03	3.50e-01	4.60e-01	1.44e-01	4.10e-02	4.57e-04	1.21e-06
 2.95208e+23	2.26e-06	5.81e-03	3.69e-01	4.55e-01	1.34e-01	3.60e-02	3.72e-04	9.18e-07
 2.97069e+23	2.63e-06	6.43e-03	3.85e-01	4.49e-01	1.27e-01	3.22e-02	3.13e-04	7.26e-07
 2.98691e+23	3.04e-06	7.08e-03	4.01e-01	4.43e-01	1.20e-01	2.90e-02	2.64e-04	5.78e-07
 3.00536e+23	3.64e-06	7.97e-03	4.20e-01	4.35e-01	1.11e-01	2.53e-02	2.14e-04	4.35e-07
 3.02414e+23	4.24e-06	8.81e-03	4.36e-01	4.28e-01	1.04e-01	2.25e-02	1.78e-04	3.41e-07
 3.04063e+23	4.90e-06	9.69e-03	4.52e-01	4.20e-01	9.78e-02	2.01e-02	1.49e-04	2.69e-07
 3.05934e+23	5.87e-06	1.09e-02	4.71e-01	4.10e-01	9.01e-02	1.74e-02	1.20e-04	2.00e-07
 3.07780e+23	6.80e-06	1.20e-02	4.87e-01	4.01e-01	8.42e-02	1.55e-02	9.98e-05	1.57e-07
