#depth	Si	Si+	Si+2	Si+3	Si+4	Si+5	Si+6	Si+7	Si+8	Si+9	Si+10	Si+11	Si+12	Si+13	Si+14
 1.54284e+22	0.00e+00	0.00e+00	3.20e-26	2.57e-22	2.98e-18	5.32e-15	2.86e-12	4.99e-10	3.76e-08	1.39e-06	3.31e-05	7.80e-04	4.36e-02	3.08e-01	6.47e-01
 3.60548e+22	0.00e+00	4.23e-29	1.28e-24	7.18e-21	8.40e-17	1.07e-13	4.13e-11	5.15e-09	2.79e-07	7.30e-06	1.19e-04	1.96e-03	7.60e-02	3.74e-01	5.48e-01
 4.38519e+22	0.00e+00	3.14e-28	8.00e-24	4.53e-20	4.55e-16	4.91e-13	1.59e-10	1.68e-08	7.69e-07	1.69e-05	2.27e-04	3.08e-03	9.92e-02	4.05e-01	4.93e-01
 4.79149e+22	0.00e+00	1.10e-27	2.55e-23	1.29e-19	1.19e-15	1.17e-12	3.43e-10	3.28e-08	1.37e-06	2.72e-05	3.27e-04	3.97e-03	1.15e-01	4.21e-01	4.60e-01
 4.97632e+22	0.00e+00	1.61e-27	3.61e-23	1.76e-19	1.58e-15	1.51e-12	4.32e-10	4.01e-08	1.63e-06	3.14e-05	3.64e-04	4.28e-03	1.20e-01	4.25e-01	4.50e-01
 5.06472e+22	0.00e+00	2.45e-27	5.30e-23	2.49e-19	2.18e-15	2.02e-12	5.58e-10	5.01e-08	1.97e-06	3.67e-05	4.11e-04	4.66e-03	1.26e-01	4.30e-01	4.39e-01
 5.16236e+22	0.00e+00	3.66e-27	7.67e-23	3.47e-19	2.96e-15	2.65e-12	7.12e-10	6.21e-08	2.37e-06	4.27e-05	4.61e-04	5.04e-03	1.31e-01	4.34e-01	4.29e-01
 5.27201e+22	0.00e+00	6.13e-27	1.23e-22	5.31e-19	4.39e-15	3.78e-12	9.75e-10	8.17e-08	3.00e-06	5.19e-05	5.34e-04	5.58e-03	1.39e-01	4.40e-01	4.15e-01
 5.38291e+22	0.00e+00	9.35e-27	1.82e-22	7.54e-19	6.06e-15	5.06e-12	1.26e-09	1.02e-07	3.64e-06	6.09e-05	6.02e-04	6.07e-03	1.46e-01	4.44e-01	4.04e-01
 5.49544e+22	5.33e-34	1.61e-26	2.99e-22	1.18e-18	9.15e-15	7.33e-12	1.76e-09	1.37e-07	4.67e-06	7.47e-05	7.03e-04	6.74e-03	1.54e-01	4.48e-01	3.90e-01
 5.60447e+22	8.27e-34	2.39e-26	4.31e-22	1.64e-18	1.24e-14	9.63e-12	2.24e-09	1.69e-07	5.60e-06	8.67e-05	7.86e-04	7.28e-03	1.61e-01	4.52e-01	3.79e-01
 5.69414e+22	1.28e-33	3.54e-26	6.18e-22	2.26e-18	1.67e-14	1.26e-11	2.84e-09	2.08e-07	6.70e-06	1.00e-04	8.78e-04	7.85e-03	1.68e-01	4.55e-01	3.69e-01
 5.78237e+22	1.96e-33	5.22e-26	8.82e-22	3.10e-18	2.23e-14	1.64e-11	3.59e-09	2.55e-07	7.99e-06	1.16e-04	9.80e-04	8.46e-03	1.75e-01	4.57e-01	3.58e-01
 5.88353e+22	3.43e-33	8.63e-26	1.40e-21	4.68e-18	3.27e-14	2.31e-11	4.87e-09	3.33e-07	1.01e-05	1.40e-04	1.13e-03	9.31e-03	1.84e-01	4.60e-01	3.45e-01
 5.97772e+22	4.97e-33	1.20e-25	1.90e-21	6.15e-18	4.20e-14	2.90e-11	5.96e-09	3.98e-07	1.17e-05	1.59e-04	1.24e-03	9.91e-03	1.90e-01	4.62e-01	3.37e-01
 6.04719e+22	6.94e-33	1.63e-25	2.49e-21	7.85e-18	5.27e-14	3.56e-11	7.15e-09	4.66e-07	1.34e-05	1.78e-04	1.35e-03	1.05e-02	1.96e-01	4.63e-01	3.29e-01
 6.11177e+22	9.70e-33	2.20e-25	3.28e-21	1.00e-17	6.61e-14	4.37e-11	8.58e-09	5.47e-07	1.54e-05	1.99e-04	1.47e-03	1.11e-02	2.02e-01	4.65e-01	3.21e-01
 6.17576e+22	1.33e-32	2.91e-25	4.24e-21	1.26e-17	8.17e-14	5.29e-11	1.02e-08	6.34e-07	1.75e-05	2.21e-04	1.59e-03	1.17e-02	2.07e-01	4.65e-01	3.14e-01
 6.23877e+22	1.81e-32	3.85e-25	5.47e-21	1.58e-17	1.01e-13	6.40e-11	1.20e-08	7.35e-07	1.99e-05	2.46e-04	1.71e-03	1.23e-02	2.13e-01	4.66e-01	3.07e-01
 6.30053e+22	2.46e-32	5.07e-25	7.04e-21	1.97e-17	1.24e-13	7.72e-11	1.42e-08	8.51e-07	2.26e-05	2.73e-04	1.85e-03	1.30e-02	2.19e-01	4.67e-01	2.99e-01
 6.37100e+22	3.62e-32	7.17e-25	9.66e-21	2.61e-17	1.61e-13	9.77e-11	1.76e-08	1.02e-06	2.64e-05	3.10e-04	2.04e-03	1.38e-02	2.26e-01	4.67e-01	2.91e-01
 6.44205e+22	5.08e-32	9.72e-25	1.27e-20	3.34e-17	2.02e-13	1.20e-10	2.11e-08	1.20e-06	3.04e-05	3.48e-04	2.22e-03	1.46e-02	2.32e-01	4.68e-01	2.83e-01
 6.49934e+22	6.75e-32	1.25e-24	1.60e-20	4.09e-17	2.44e-13	1.43e-10	2.46e-08	1.37e-06	3.41e-05	3.83e-04	2.38e-03	1.53e-02	2.38e-01	4.68e-01	2.77e-01
 6.55929e+22	9.44e-32	1.69e-24	2.11e-20	5.20e-17	3.06e-13	1.75e-10	2.95e-08	1.61e-06	3.91e-05	4.28e-04	2.59e-03	1.61e-02	2.44e-01	4.67e-01	2.69e-01
 6.62206e+22	1.27e-31	2.21e-24	2.68e-20	6.44e-17	3.73e-13	2.09e-10	3.46e-08	1.85e-06	4.42e-05	4.73e-04	2.78e-03	1.69e-02	2.50e-01	4.67e-01	2.63e-01
 6.67928e+22	1.71e-31	2.87e-24	3.41e-20	7.96e-17	4.54e-13	2.50e-10	4.06e-08	2.13e-06	4.98e-05	5.22e-04	2.99e-03	1.78e-02	2.56e-01	4.67e-01	2.56e-01
 6.73592e+22	2.34e-31	3.80e-24	4.39e-20	9.92e-17	5.59e-13	3.02e-10	4.81e-08	2.47e-06	5.66e-05	5.79e-04	3.23e-03	1.87e-02	2.62e-01	4.66e-01	2.49e-01
 6.79106e+22	3.09e-31	4.88e-24	5.50e-20	1.21e-16	6.73e-13	3.58e-10	5.59e-08	2.82e-06	6.35e-05	6.36e-04	3.46e-03	1.95e-02	2.68e-01	4.65e-01	2.43e-01
 6.84339e+22	4.05e-31	6.22e-24	6.85e-20	1.47e-16	8.06e-13	4.22e-10	6.48e-08	3.21e-06	7.09e-05	6.96e-04	3.70e-03	2.04e-02	2.74e-01	4.64e-01	2.37e-01
 6.89401e+22	5.32e-31	7.92e-24	8.52e-20	1.78e-16	9.64e-13	4.96e-10	7.49e-08	3.64e-06	7.92e-05	7.62e-04	3.95e-03	2.12e-02	2.79e-01	4.63e-01	2.32e-01
 6.94429e+22	7.10e-31	1.02e-23	1.07e-19	2.17e-16	1.16e-12	5.89e-10	8.75e-08	4.17e-06	8.91e-05	8.40e-04	4.24e-03	2.22e-02	2.85e-01	4.62e-01	2.26e-01
 6.99325e+22	9.16e-31	1.29e-23	1.32e-19	2.59e-16	1.38e-12	6.87e-10	1.00e-07	4.71e-06	9.89e-05	9.14e-04	4.51e-03	2.31e-02	2.91e-01	4.61e-01	2.20e-01
 7.04806e+22	1.28e-30	1.74e-23	1.72e-19	3.28e-16	1.72e-12	8.41e-10	1.20e-07	5.52e-06	1.14e-04	1.02e-03	4.90e-03	2.44e-02	2.98e-01	4.59e-01	2.13e-01
 7.10413e+22	1.73e-30	2.26e-23	2.18e-19	4.02e-16	2.08e-12	1.00e-09	1.41e-07	6.35e-06	1.28e-04	1.13e-03	5.27e-03	2.55e-02	3.04e-01	4.57e-01	2.07e-01
 7.15295e+22	2.23e-30	2.84e-23	2.68e-19	4.80e-16	2.47e-12	1.17e-09	1.62e-07	7.17e-06	1.42e-04	1.23e-03	5.61e-03	2.65e-02	3.09e-01	4.55e-01	2.02e-01
 7.20755e+22	3.24e-30	3.95e-23	3.59e-19	6.17e-16	3.13e-12	1.46e-09	1.97e-07	8.54e-06	1.66e-04	1.39e-03	6.14e-03	2.80e-02	3.17e-01	4.52e-01	1.95e-01
 7.26196e+22	4.18e-30	4.95e-23	4.39e-19	7.36e-16	3.70e-12	1.70e-09	2.27e-07	9.63e-06	1.84e-04	1.52e-03	6.52e-03	2.91e-02	3.23e-01	4.50e-01	1.90e-01
 7.31615e+22	6.10e-30	6.90e-23	5.90e-19	9.47e-16	4.71e-12	2.12e-09	2.77e-07	1.15e-05	2.15e-04	1.72e-03	7.15e-03	3.08e-02	3.31e-01	4.47e-01	1.83e-01
 7.36862e+22	7.84e-30	8.62e-23	7.19e-19	1.12e-15	5.54e-12	2.47e-09	3.17e-07	1.29e-05	2.38e-04	1.87e-03	7.60e-03	3.20e-02	3.36e-01	4.44e-01	1.78e-01
 7.41885e+22	9.89e-32	1.16e-22	9.36e-19	1.41e-15	6.88e-12	3.01e-09	3.80e-07	1.52e-05	2.73e-04	2.09e-03	8.24e-03	3.36e-02	3.44e-01	4.41e-01	1.71e-01
 7.47088e+22	1.33e-31	1.50e-22	1.17e-18	1.70e-15	8.26e-12	3.57e-09	4.43e-07	1.74e-05	3.07e-04	2.30e-03	8.83e-03	3.51e-02	3.50e-01	4.38e-01	1.66e-01
 7.52524e+22	1.96e-31	2.09e-22	1.57e-18	2.18e-15	1.05e-11	4.46e-09	5.43e-07	2.08e-05	3.59e-04	2.61e-03	9.67e-03	3.71e-02	3.58e-01	4.33e-01	1.59e-01
 7.57753e+22	2.55e-31	2.63e-22	1.92e-18	2.58e-15	1.24e-11	5.20e-09	6.24e-07	2.35e-05	3.99e-04	2.85e-03	1.03e-02	3.85e-02	3.63e-01	4.30e-01	1.54e-01
 7.62711e+22	3.68e-31	3.61e-22	2.53e-18	3.26e-15	1.56e-11	6.43e-09	7.58e-07	2.79e-05	4.63e-04	3.22e-03	1.12e-02	4.05e-02	3.71e-01	4.25e-01	1.48e-01
 7.67657e+22	4.79e-31	4.53e-22	3.09e-18	3.86e-15	1.84e-11	7.50e-09	8.72e-07	3.15e-05	5.15e-04	3.51e-03	1.19e-02	4.21e-02	3.76e-01	4.22e-01	1.44e-01
 7.72586e+22	6.90e-31	6.22e-22	4.07e-18	4.85e-15	2.30e-11	9.28e-09	1.06e-06	3.74e-05	5.98e-04	3.96e-03	1.30e-02	4.43e-02	3.84e-01	4.17e-01	1.37e-01
 7.77562e+22	9.09e-31	7.89e-22	5.02e-18	5.77e-15	2.73e-11	1.09e-08	1.23e-06	4.26e-05	6.69e-04	4.33e-03	1.39e-02	4.60e-02	3.90e-01	4.13e-01	1.33e-01
 7.82600e+22	1.33e-30	1.10e-21	6.67e-18	7.30e-15	3.46e-11	1.36e-08	1.50e-06	5.10e-05	7.82e-04	4.92e-03	1.52e-02	4.85e-02	3.97e-01	4.07e-01	1.27e-01
 7.87653e+22	1.76e-30	1.39e-21	8.21e-18	8.68e-15	4.10e-11	1.60e-08	1.74e-06	5.81e-05	8.76e-04	5.39e-03	1.62e-02	5.03e-02	4.03e-01	4.02e-01	1.22e-01
 7.92726e+22	2.55e-30	1.92e-21	1.08e-17	1.09e-14	5.16e-11	1.99e-08	2.13e-06	6.94e-05	1.02e-03	6.09e-03	1.77e-02	5.30e-02	4.10e-01	3.96e-01	1.16e-01
 7.97761e+22	3.39e-30	2.46e-21	1.34e-17	1.30e-14	6.15e-11	2.35e-08	2.48e-06	7.93e-05	1.15e-03	6.69e-03	1.89e-02	5.50e-02	4.16e-01	3.91e-01	1.12e-01
 8.02746e+22	4.90e-30	3.37e-21	1.76e-17	1.62e-14	7.71e-11	2.91e-08	3.03e-06	9.46e-05	1.33e-03	7.56e-03	2.06e-02	5.78e-02	4.23e-01	3.84e-01	1.06e-01
 8.07824e+22	6.59e-30	4.35e-21	2.18e-17	1.93e-14	9.24e-11	3.46e-08	3.56e-06	1.09e-04	1.51e-03	8.33e-03	2.21e-02	6.01e-02	4.28e-01	3.78e-01	1.02e-01
 8.13023e+22	9.66e-30	6.05e-21	2.89e-17	2.42e-14	1.17e-10	4.34e-08	4.38e-06	1.31e-04	1.76e-03	9.46e-03	2.42e-02	6.32e-02	4.35e-01	3.70e-01	9.64e-02
 8.18257e+22	1.30e-29	7.82e-21	3.59e-17	2.89e-14	1.40e-10	5.16e-08	5.16e-06	1.51e-04	1.99e-03	1.04e-02	2.59e-02	6.56e-02	4.40e-01	3.64e-01	9.21e-02
 8.23535e+22	1.92e-29	1.09e-20	4.76e-17	3.61e-14	1.77e-10	6.48e-08	6.37e-06	1.82e-04	2.34e-03	1.19e-02	2.84e-02	6.90e-02	4.46e-01	3.56e-01	8.68e-02
 8.28847e+22	2.58e-29	1.40e-20	5.89e-17	4.29e-14	2.12e-10	7.72e-08	7.49e-06	2.10e-04	2.64e-03	1.31e-02	3.04e-02	7.16e-02	4.50e-01	3.49e-01	8.28e-02
 8.33443e+22	3.43e-29	1.80e-20	7.25e-17	5.06e-14	2.53e-10	9.15e-08	8.78e-06	2.41e-04	2.98e-03	1.44e-02	3.24e-02	7.42e-02	4.54e-01	3.42e-01	7.90e-02
 8.38657e+22	5.00e-29	2.47e-20	9.48e-17	6.24e-14	3.18e-10	1.14e-07	1.08e-05	2.89e-04	3.48e-03	1.62e-02	3.54e-02	7.77e-02	4.59e-01	3.33e-01	7.41e-02
 8.43828e+22	6.53e-29	3.11e-20	1.15e-16	7.28e-14	3.74e-10	1.34e-07	1.25e-05	3.29e-04	3.88e-03	1.77e-02	3.75e-02	8.02e-02	4.63e-01	3.27e-01	7.08e-02
 8.48943e+22	9.31e-29	4.20e-20	1.48e-16	8.86e-14	4.63e-10	1.65e-07	1.52e-05	3.91e-04	4.49e-03	1.99e-02	4.07e-02	8.37e-02	4.67e-01	3.18e-01	6.64e-02
 8.54162e+22	1.22e-28	5.29e-20	1.79e-16	1.03e-13	5.46e-10	1.94e-07	1.77e-05	4.46e-04	5.01e-03	2.17e-02	4.32e-02	8.64e-02	4.69e-01	3.11e-01	6.32e-02
 8.59515e+22	1.74e-28	7.15e-20	2.31e-16	1.25e-13	6.77e-10	2.39e-07	2.15e-05	5.30e-04	5.79e-03	2.43e-02	4.67e-02	8.99e-02	4.72e-01	3.01e-01	5.91e-02
 8.64994e+22	2.30e-28	9.04e-20	2.80e-16	1.46e-13	8.00e-10	2.81e-07	2.51e-05	6.05e-04	6.48e-03	2.65e-02	4.96e-02	9.27e-02	4.74e-01	2.94e-01	5.60e-02
 8.70636e+22	3.28e-28	1.22e-19	3.60e-16	1.78e-13	9.91e-10	3.48e-07	3.05e-05	7.20e-04	7.49e-03	2.97e-02	5.36e-02	9.64e-02	4.76e-01	2.84e-01	5.22e-02
 8.76412e+22	4.34e-28	1.55e-19	4.39e-16	2.07e-13	1.17e-09	4.10e-07	3.56e-05	8.23e-04	8.37e-03	3.24e-02	5.69e-02	9.93e-02	4.77e-01	2.76e-01	4.93e-02
 8.82359e+22	6.20e-28	2.09e-19	5.63e-16	2.51e-13	1.45e-09	5.05e-07	4.33e-05	9.77e-04	9.65e-03	3.61e-02	6.13e-02	1.03e-01	4.77e-01	2.66e-01	4.57e-02
 8.88417e+22	8.19e-28	2.64e-19	6.84e-16	2.92e-13	1.72e-09	5.95e-07	5.05e-05	1.12e-03	1.08e-02	3.94e-02	6.49e-02	1.06e-01	4.77e-01	2.58e-01	4.30e-02
 8.94618e+22	1.16e-27	3.56e-19	8.75e-16	3.53e-13	2.12e-09	7.32e-07	6.12e-05	1.32e-03	1.24e-02	4.38e-02	6.97e-02	1.09e-01	4.76e-01	2.48e-01	3.97e-02
 9.00860e+22	1.52e-27	4.46e-19	1.06e-15	4.08e-13	2.49e-09	8.57e-07	7.09e-05	1.50e-03	1.37e-02	4.75e-02	7.35e-02	1.12e-01	4.75e-01	2.40e-01	3.73e-02
 9.07156e+22	2.15e-27	5.96e-19	1.34e-15	4.90e-13	3.04e-09	1.05e-06	8.54e-05	1.77e-03	1.57e-02	5.25e-02	7.86e-02	1.15e-01	4.72e-01	2.29e-01	3.44e-02
 9.13575e+22	2.80e-27	7.44e-19	1.61e-15	5.66e-13	3.56e-09	1.22e-06	9.84e-05	2.00e-03	1.74e-02	5.67e-02	8.26e-02	1.18e-01	4.70e-01	2.21e-01	3.22e-02
 9.19174e+22	3.61e-27	9.19e-19	1.92e-15	6.48e-13	4.13e-09	1.41e-06	1.13e-04	2.25e-03	1.91e-02	6.09e-02	8.65e-02	1.20e-01	4.67e-01	2.14e-01	3.03e-02
 9.25474e+22	4.99e-27	1.20e-18	2.40e-15	7.69e-13	4.98e-09	1.69e-06	1.34e-04	2.61e-03	2.15e-02	6.67e-02	9.17e-02	1.23e-01	4.62e-01	2.04e-01	2.78e-02
 9.31763e+22	6.33e-27	1.47e-18	2.84e-15	8.75e-13	5.72e-09	1.94e-06	1.52e-04	2.91e-03	2.35e-02	7.12e-02	9.55e-02	1.25e-01	4.59e-01	1.97e-01	2.62e-02
 9.38037e+22	8.63e-27	1.90e-18	3.51e-15	1.03e-12	6.83e-09	2.31e-06	1.78e-04	3.35e-03	2.63e-02	7.74e-02	1.01e-01	1.28e-01	4.53e-01	1.88e-01	2.41e-02
 9.44461e+22	1.10e-26	2.33e-18	4.16e-15	1.18e-12	7.86e-09	2.64e-06	2.02e-04	3.74e-03	2.87e-02	8.25e-02	1.05e-01	1.29e-01	4.48e-01	1.80e-01	2.25e-02
 9.50133e+22	1.40e-26	2.83e-18	4.90e-15	1.33e-12	8.98e-09	3.01e-06	2.28e-04	4.15e-03	3.12e-02	8.77e-02	1.09e-01	1.31e-01	4.43e-01	1.73e-01	2.10e-02
 9.56559e+22	1.89e-26	3.65e-18	6.03e-15	1.56e-12	1.06e-08	3.56e-06	2.66e-04	4.75e-03	3.47e-02	9.48e-02	1.14e-01	1.33e-01	4.35e-01	1.64e-01	1.93e-02
 9.62971e+22	2.36e-26	4.39e-18	7.05e-15	1.76e-12	1.21e-08	4.01e-06	2.98e-04	5.22e-03	3.74e-02	1.00e-01	1.18e-01	1.34e-01	4.29e-01	1.58e-01	1.80e-02
 9.69363e+22	3.17e-26	5.59e-18	8.61e-15	2.06e-12	1.42e-08	4.70e-06	3.45e-04	5.93e-03	4.12e-02	1.07e-01	1.22e-01	1.36e-01	4.21e-01	1.50e-01	1.65e-02
 9.75881e+22	3.98e-26	6.75e-18	1.01e-14	2.33e-12	1.61e-08	5.30e-06	3.85e-04	6.52e-03	4.44e-02	1.13e-01	1.26e-01	1.36e-01	4.14e-01	1.43e-01	1.54e-02
 9.82562e+22	5.36e-26	8.62e-18	1.24e-14	2.72e-12	1.89e-08	6.20e-06	4.45e-04	7.39e-03	4.89e-02	1.21e-01	1.31e-01	1.37e-01	4.04e-01	1.35e-01	1.40e-02
 9.89370e+22	6.75e-26	1.04e-17	1.45e-14	3.09e-12	2.14e-08	6.99e-06	4.97e-04	8.12e-03	5.26e-02	1.28e-01	1.35e-01	1.38e-01	3.97e-01	1.29e-01	1.30e-02
 9.96343e+22	9.12e-26	1.34e-17	1.78e-14	3.62e-12	2.51e-08	8.16e-06	5.73e-04	9.18e-03	5.77e-02	1.36e-01	1.39e-01	1.38e-01	3.86e-01	1.21e-01	1.18e-02
 1.00345e+23	1.74e-26	1.62e-17	2.10e-14	4.12e-12	2.84e-08	9.20e-06	6.39e-04	1.01e-02	6.19e-02	1.43e-01	1.43e-01	1.39e-01	3.77e-01	1.15e-01	1.09e-02
 1.01072e+23	2.38e-26	2.08e-17	2.59e-14	4.84e-12	3.33e-08	1.07e-05	7.36e-04	1.14e-02	6.78e-02	1.52e-01	1.47e-01	1.39e-01	3.65e-01	1.07e-01	9.81e-03
 1.01783e+23	2.96e-26	2.48e-17	3.01e-14	5.46e-12	3.74e-08	1.19e-05	8.10e-04	1.23e-02	7.20e-02	1.58e-01	1.50e-01	1.38e-01	3.57e-01	1.02e-01	9.13e-03
 1.02473e+23	3.99e-26	3.14e-17	3.66e-14	6.35e-12	4.32e-08	1.37e-05	9.22e-04	1.38e-02	7.82e-02	1.67e-01	1.54e-01	1.38e-01	3.45e-01	9.55e-02	8.22e-03
 1.03173e+23	4.98e-26	3.75e-17	4.26e-14	7.18e-12	4.84e-08	1.53e-05	1.01e-03	1.49e-02	8.29e-02	1.73e-01	1.56e-01	1.37e-01	3.36e-01	9.07e-02	7.62e-03
 1.03888e+23	6.68e-26	4.72e-17	5.18e-14	8.36e-12	5.58e-08	1.75e-05	1.15e-03	1.66e-02	8.95e-02	1.82e-01	1.59e-01	1.36e-01	3.24e-01	8.45e-02	6.86e-03
 1.04625e+23	8.52e-26	5.72e-17	6.09e-14	9.50e-12	6.28e-08	1.96e-05	1.27e-03	1.80e-02	9.51e-02	1.89e-01	1.62e-01	1.35e-01	3.14e-01	7.96e-02	6.28e-03
 1.05391e+23	1.15e-25	7.25e-17	7.46e-14	1.12e-11	7.28e-08	2.24e-05	1.44e-03	2.00e-02	1.02e-01	1.98e-01	1.64e-01	1.33e-01	3.01e-01	7.37e-02	5.62e-03
 1.06183e+23	1.49e-25	8.88e-17	8.86e-14	1.28e-11	8.23e-08	2.52e-05	1.59e-03	2.18e-02	1.09e-01	2.06e-01	1.66e-01	1.32e-01	2.90e-01	6.90e-02	5.11e-03
 1.07007e+23	2.04e-25	1.14e-16	1.10e-13	1.52e-11	9.59e-08	2.90e-05	1.81e-03	2.41e-02	1.17e-01	2.15e-01	1.68e-01	1.29e-01	2.77e-01	6.34e-02	4.53e-03
 1.07853e+23	2.66e-25	1.40e-16	1.31e-13	1.75e-11	1.09e-07	3.26e-05	2.00e-03	2.63e-02	1.24e-01	2.22e-01	1.69e-01	1.27e-01	2.65e-01	5.89e-02	4.08e-03
 1.08729e+23	3.69e-25	1.82e-16	1.64e-13	2.09e-11	1.27e-07	3.77e-05	2.28e-03	2.92e-02	1.34e-01	2.31e-01	1.70e-01	1.24e-01	2.51e-01	5.37e-02	3.59e-03
 1.09634e+23	4.89e-25	2.26e-16	1.98e-13	2.43e-11	1.45e-07	4.25e-05	2.53e-03	3.18e-02	1.42e-01	2.39e-01	1.71e-01	1.22e-01	2.40e-01	4.96e-02	3.20e-03
 1.10577e+23	6.89e-25	2.96e-16	2.50e-13	2.93e-11	1.70e-07	4.93e-05	2.88e-03	3.53e-02	1.52e-01	2.48e-01	1.71e-01	1.18e-01	2.25e-01	4.48e-02	2.78e-03
 1.11546e+23	9.21e-25	3.72e-16	3.04e-13	3.43e-11	1.95e-07	5.57e-05	3.20e-03	3.85e-02	1.61e-01	2.55e-01	1.71e-01	1.15e-01	2.13e-01	4.10e-02	2.46e-03
 1.12415e+23	1.21e-24	4.62e-16	3.67e-13	4.00e-11	2.22e-07	6.26e-05	3.54e-03	4.17e-02	1.69e-01	2.61e-01	1.71e-01	1.12e-01	2.02e-01	3.76e-02	2.19e-03
 1.13412e+23	1.74e-24	6.14e-16	4.67e-13	4.85e-11	2.61e-07	7.26e-05	4.03e-03	4.63e-02	1.81e-01	2.69e-01	1.69e-01	1.08e-01	1.87e-01	3.34e-02	1.86e-03
 1.14418e+23	2.30e-24	7.62e-16	5.64e-13	5.65e-11	2.97e-07	8.14e-05	4.45e-03	4.99e-02	1.90e-01	2.75e-01	1.68e-01	1.04e-01	1.77e-01	3.05e-02	1.65e-03
 1.15435e+23	3.29e-24	1.01e-15	7.18e-13	6.85e-11	3.49e-07	9.40e-05	5.03e-03	5.51e-02	2.01e-01	2.81e-01	1.66e-01	9.95e-02	1.63e-01	2.70e-02	1.39e-03
 1.16473e+23	4.40e-24	1.27e-15	8.74e-13	8.01e-11	3.97e-07	1.05e-04	5.56e-03	5.95e-02	2.11e-01	2.86e-01	1.64e-01	9.57e-02	1.53e-01	2.43e-02	1.21e-03
 1.17539e+23	6.35e-24	1.69e-15	1.12e-12	9.75e-11	4.66e-07	1.22e-04	6.29e-03	6.55e-02	2.23e-01	2.92e-01	1.60e-01	9.07e-02	1.40e-01	2.13e-02	1.01e-03
 1.18623e+23	8.56e-24	2.13e-15	1.37e-12	1.14e-10	5.29e-07	1.37e-04	6.93e-03	7.07e-02	2.33e-01	2.95e-01	1.57e-01	8.67e-02	1.30e-01	1.90e-02	8.75e-04
 1.19728e+23	1.25e-23	2.88e-15	1.76e-12	1.39e-10	6.20e-07	1.58e-04	7.84e-03	7.78e-02	2.46e-01	2.99e-01	1.53e-01	8.16e-02	1.17e-01	1.64e-02	7.19e-04
 1.20840e+23	1.68e-23	3.62e-15	2.14e-12	1.63e-10	7.02e-07	1.76e-04	8.60e-03	8.35e-02	2.56e-01	3.02e-01	1.49e-01	7.76e-02	1.08e-01	1.46e-02	6.17e-04
 1.21759e+23	2.19e-23	4.45e-15	2.55e-12	1.86e-10	7.81e-07	1.93e-04	9.33e-03	8.89e-02	2.64e-01	3.03e-01	1.46e-01	7.41e-02	1.01e-01	1.31e-02	5.37e-04
 1.22757e+23	3.07e-23	5.81e-15	3.19e-12	2.22e-10	8.92e-07	2.18e-04	1.03e-02	9.63e-02	2.75e-01	3.04e-01	1.41e-01	6.95e-02	9.13e-02	1.14e-02	4.45e-04
 1.23755e+23	3.98e-23	7.12e-15	3.78e-12	2.53e-10	9.89e-07	2.39e-04	1.12e-02	1.02e-01	2.83e-01	3.05e-01	1.37e-01	6.62e-02	8.45e-02	1.02e-02	3.85e-04
 1.24752e+23	5.59e-23	9.30e-15	4.72e-12	3.00e-10	1.12e-06	2.68e-04	1.24e-02	1.10e-01	2.94e-01	3.04e-01	1.32e-01	6.18e-02	7.61e-02	8.77e-03	3.17e-04
 1.25762e+23	7.29e-23	1.15e-14	5.62e-12	3.44e-10	1.24e-06	2.94e-04	1.33e-02	1.17e-01	3.02e-01	3.04e-01	1.28e-01	5.85e-02	7.01e-02	7.79e-03	2.72e-04
 1.26787e+23	1.03e-22	1.51e-14	7.04e-12	4.08e-10	1.41e-06	3.29e-04	1.47e-02	1.26e-01	3.12e-01	3.02e-01	1.22e-01	5.43e-02	6.25e-02	6.63e-03	2.20e-04
 1.27826e+23	1.36e-22	1.87e-14	8.42e-12	4.68e-10	1.56e-06	3.60e-04	1.59e-02	1.33e-01	3.19e-01	3.00e-01	1.17e-01	5.11e-02	5.72e-02	5.84e-03	1.87e-04
 1.28881e+23	1.94e-22	2.48e-14	1.06e-11	5.57e-10	1.77e-06	4.03e-04	1.75e-02	1.44e-01	3.29e-01	2.96e-01	1.11e-01	4.71e-02	5.06e-02	4.91e-03	1.50e-04
 1.29957e+23	2.58e-22	3.12e-14	1.28e-11	6.41e-10	1.96e-06	4.41e-04	1.89e-02	1.52e-01	3.36e-01	2.92e-01	1.06e-01	4.40e-02	4.57e-02	4.27e-03	1.25e-04
 1.31060e+23	3.75e-22	4.20e-14	1.63e-11	7.69e-10	2.23e-06	4.94e-04	2.08e-02	1.64e-01	3.44e-01	2.87e-01	9.98e-02	4.02e-02	4.00e-02	3.54e-03	9.85e-05
 1.32185e+23	5.09e-22	5.35e-14	1.98e-11	8.92e-10	2.47e-06	5.42e-04	2.25e-02	1.74e-01	3.51e-01	2.82e-01	9.46e-02	3.72e-02	3.58e-02	3.03e-03	8.09e-05
 1.33340e+23	7.54e-22	7.35e-14	2.55e-11	1.08e-09	2.83e-06	6.09e-04	2.48e-02	1.87e-01	3.58e-01	2.75e-01	8.79e-02	3.36e-02	3.08e-02	2.47e-03	6.23e-05
 1.34504e+23	1.03e-21	9.44e-14	3.12e-11	1.26e-09	3.14e-06	6.67e-04	2.68e-02	1.98e-01	3.63e-01	2.68e-01	8.27e-02	3.10e-02	2.74e-02	2.09e-03	5.05e-05
 1.35481e+23	1.37e-21	1.19e-13	3.74e-11	1.45e-09	3.46e-06	7.25e-04	2.87e-02	2.08e-01	3.68e-01	2.62e-01	7.80e-02	2.87e-02	2.45e-02	1.80e-03	4.17e-05
 1.36538e+23	1.97e-21	1.59e-13	4.74e-11	1.73e-09	3.91e-06	8.06e-04	3.14e-02	2.22e-01	3.72e-01	2.53e-01	7.22e-02	2.60e-02	2.12e-02	1.47e-03	3.24e-05
 1.37606e+23	2.64e-21	2.02e-13	5.74e-11	2.01e-09	4.33e-06	8.78e-04	3.36e-02	2.33e-01	3.75e-01	2.46e-01	6.76e-02	2.39e-02	1.88e-02	1.25e-03	2.64e-05
 1.38650e+23	3.75e-21	2.70e-13	7.22e-11	2.40e-09	4.90e-06	9.72e-04	3.65e-02	2.48e-01	3.78e-01	2.36e-01	6.23e-02	2.16e-02	1.62e-02	1.03e-03	2.06e-05
 1.39715e+23	5.12e-21	3.48e-13	8.86e-11	2.81e-09	5.47e-06	1.06e-03	3.92e-02	2.60e-01	3.79e-01	2.28e-01	5.79e-02	1.97e-02	1.42e-02	8.64e-04	1.65e-05
 1.40760e+23	7.21e-21	4.63e-13	1.11e-10	3.35e-09	6.19e-06	1.18e-03	4.24e-02	2.75e-01	3.80e-01	2.18e-01	5.31e-02	1.78e-02	1.23e-02	7.09e-04	1.29e-05
 1.41827e+23	9.98e-21	6.07e-13	1.38e-10	3.98e-09	6.98e-06	1.30e-03	4.56e-02	2.89e-01	3.79e-01	2.08e-01	4.88e-02	1.61e-02	1.07e-02	5.86e-04	1.02e-05
 1.42882e+23	1.40e-20	8.05e-13	1.73e-10	4.77e-09	7.93e-06	1.43e-03	4.92e-02	3.04e-01	3.78e-01	1.98e-01	4.46e-02	1.45e-02	9.19e-03	4.81e-04	7.96e-06
 1.43943e+23	1.95e-20	1.06e-12	2.17e-10	5.72e-09	9.01e-06	1.58e-03	5.30e-02	3.19e-01	3.76e-01	1.88e-01	4.07e-02	1.30e-02	7.91e-03	3.94e-04	6.22e-06
 1.44991e+23	2.71e-20	1.40e-12	2.72e-10	6.86e-09	1.03e-05	1.75e-03	5.70e-02	3.34e-01	3.73e-01	1.78e-01	3.71e-02	1.17e-02	6.80e-03	3.23e-04	4.86e-06
 1.46038e+23	3.78e-20	1.85e-12	3.41e-10	8.26e-09	1.17e-05	1.93e-03	6.13e-02	3.49e-01	3.69e-01	1.68e-01	3.36e-02	1.05e-02	5.83e-03	2.64e-04	3.79e-06
 1.47087e+23	5.26e-20	2.45e-12	4.28e-10	9.97e-09	1.34e-05	2.14e-03	6.58e-02	3.65e-01	3.64e-01	1.59e-01	3.04e-02	9.38e-03	4.99e-03	2.15e-04	2.94e-06
 1.48139e+23	7.32e-20	3.24e-12	5.38e-10	1.21e-08	1.54e-05	2.37e-03	7.07e-02	3.80e-01	3.58e-01	1.49e-01	2.75e-02	8.36e-03	4.26e-03	1.75e-04	2.28e-06
 1.49198e+23	1.02e-19	4.29e-12	6.78e-10	1.46e-08	1.77e-05	2.63e-03	7.58e-02	3.95e-01	3.51e-01	1.39e-01	2.47e-02	7.44e-03	3.62e-03	1.42e-04	1.76e-06
 1.50267e+23	1.42e-19	5.68e-12	8.56e-10	1.78e-08	2.05e-05	2.92e-03	8.13e-02	4.10e-01	3.44e-01	1.30e-01	2.21e-02	6.60e-03	3.07e-03	1.14e-04	1.36e-06
 1.51347e+23	1.99e-19	7.54e-12	1.08e-09	2.17e-08	2.37e-05	3.25e-03	8.72e-02	4.25e-01	3.36e-01	1.21e-01	1.98e-02	5.83e-03	2.59e-03	9.21e-05	1.04e-06
 1.52434e+23	2.76e-19	9.95e-12	1.37e-09	2.65e-08	2.74e-05	3.60e-03	9.33e-02	4.39e-01	3.27e-01	1.12e-01	1.76e-02	5.15e-03	2.19e-03	7.40e-05	7.96e-07
 1.53538e+23	3.87e-19	1.32e-11	1.73e-09	3.25e-08	3.19e-05	4.01e-03	9.99e-02	4.53e-01	3.17e-01	1.04e-01	1.57e-02	4.52e-03	1.84e-03	5.90e-05	6.04e-07
 1.54655e+23	5.37e-19	1.74e-11	2.19e-09	3.98e-08	3.70e-05	4.45e-03	1.07e-01	4.66e-01	3.07e-01	9.57e-02	1.39e-02	3.98e-03	1.54e-03	4.72e-05	4.60e-07
 1.55794e+23	7.56e-19	2.32e-11	2.79e-09	4.91e-08	4.32e-05	4.96e-03	1.14e-01	4.79e-01	2.97e-01	8.78e-02	1.22e-02	3.47e-03	1.28e-03	3.73e-05	3.46e-07
 1.56954e+23	1.05e-18	3.06e-11	3.54e-09	6.04e-08	5.03e-05	5.51e-03	1.22e-01	4.92e-01	2.86e-01	8.05e-02	1.08e-02	3.02e-03	1.07e-03	2.95e-05	2.61e-07
 1.58018e+23	1.39e-18	3.86e-11	4.31e-09	7.18e-08	5.71e-05	6.02e-03	1.28e-01	5.01e-01	2.76e-01	7.48e-02	9.69e-03	2.69e-03	9.14e-04	2.43e-05	2.05e-07
 1.59128e+23	1.97e-18	5.16e-11	5.54e-09	8.95e-08	6.71e-05	6.72e-03	1.37e-01	5.12e-01	2.64e-01	6.79e-02	8.44e-03	2.32e-03	7.49e-04	1.88e-05	1.51e-07
 1.60256e+23	2.61e-18	6.49e-11	6.75e-09	1.07e-07	7.64e-05	7.34e-03	1.44e-01	5.21e-01	2.55e-01	6.28e-02	7.55e-03	2.05e-03	6.39e-04	1.54e-05	0.00e+00
 1.61417e+23	3.72e-18	8.70e-11	8.71e-09	1.33e-07	9.01e-05	8.20e-03	1.54e-01	5.30e-01	2.42e-01	5.67e-02	6.53e-03	1.76e-03	5.19e-04	1.18e-05	0.00e+00
 1.62581e+23	3.60e-17	1.09e-10	1.06e-08	1.58e-07	1.02e-04	8.93e-03	1.61e-01	5.37e-01	2.32e-01	5.23e-02	5.83e-03	1.55e-03	4.42e-04	9.67e-06	0.00e+00
 1.63748e+23	5.79e-17	1.44e-10	1.36e-08	1.98e-07	1.20e-04	9.96e-03	1.72e-01	5.44e-01	2.20e-01	4.71e-02	5.03e-03	1.32e-03	3.58e-04	7.42e-06	0.00e+00
 1.64920e+23	8.41e-17	1.79e-10	1.64e-08	2.34e-07	1.36e-04	1.08e-02	1.79e-01	5.49e-01	2.11e-01	4.35e-02	4.50e-03	1.17e-03	3.05e-04	6.07e-06	0.00e+00
 1.66100e+23	1.39e-16	2.36e-10	2.09e-08	2.91e-07	1.60e-04	1.20e-02	1.90e-01	5.55e-01	1.99e-01	3.90e-02	3.88e-03	9.96e-04	2.47e-04	4.66e-06	0.00e+00
 1.67292e+23	2.16e-16	2.91e-10	2.53e-08	3.45e-07	1.81e-04	1.30e-02	1.98e-01	5.58e-01	1.90e-01	3.59e-02	3.45e-03	8.77e-04	2.10e-04	3.79e-06	0.00e+00
 1.68502e+23	3.86e-16	3.82e-10	3.22e-08	4.29e-07	2.12e-04	1.44e-02	2.09e-01	5.61e-01	1.79e-01	3.21e-02	2.97e-03	7.43e-04	1.69e-04	2.89e-06	0.00e+00
 1.69729e+23	6.40e-16	4.71e-10	3.89e-08	5.08e-07	2.40e-04	1.56e-02	2.18e-01	5.63e-01	1.70e-01	2.95e-02	2.64e-03	6.53e-04	1.43e-04	2.34e-06	0.00e+00
 1.70979e+23	1.10e-15	6.16e-10	4.95e-08	6.33e-07	2.81e-04	1.73e-02	2.30e-01	5.64e-01	1.59e-01	2.63e-02	2.26e-03	5.50e-04	1.15e-04	1.78e-06	0.00e+00
 1.72253e+23	1.52e-15	7.60e-10	5.99e-08	7.52e-07	3.18e-04	1.88e-02	2.39e-01	5.64e-01	1.51e-01	2.40e-02	2.00e-03	4.80e-04	9.66e-05	1.43e-06	0.00e+00
 1.73557e+23	2.09e-15	9.96e-10	7.66e-08	9.40e-07	3.74e-04	2.08e-02	2.52e-01	5.63e-01	1.40e-01	2.13e-02	1.70e-03	4.02e-04	7.70e-05	1.08e-06	0.00e+00
 1.74894e+23	2.61e-15	1.23e-09	9.31e-08	1.12e-06	4.25e-04	2.26e-02	2.62e-01	5.62e-01	1.32e-01	1.94e-02	1.49e-03	3.49e-04	6.42e-05	8.59e-07	0.00e+00
 1.76271e+23	3.50e-15	1.62e-09	1.20e-07	1.41e-06	5.02e-04	2.51e-02	2.75e-01	5.58e-01	1.22e-01	1.71e-02	1.26e-03	2.90e-04	5.06e-05	6.37e-07	0.00e+00
 1.77670e+23	4.34e-15	2.01e-09	1.46e-07	1.68e-06	5.69e-04	2.71e-02	2.85e-01	5.55e-01	1.15e-01	1.55e-02	1.11e-03	2.51e-04	4.22e-05	5.07e-07	0.00e+00
 1.78854e+23	5.29e-15	2.43e-09	1.74e-07	1.98e-06	6.41e-04	2.92e-02	2.95e-01	5.51e-01	1.09e-01	1.41e-02	9.81e-04	2.19e-04	3.55e-05	4.09e-07	0.00e+00
 1.80149e+23	6.85e-15	3.11e-09	2.18e-07	2.44e-06	7.43e-04	3.20e-02	3.07e-01	5.46e-01	1.01e-01	1.26e-02	8.39e-04	1.84e-04	2.85e-05	3.11e-07	0.00e+00
 1.81398e+23	8.13e-15	3.69e-09	2.56e-07	2.82e-06	8.24e-04	3.41e-02	3.16e-01	5.41e-01	9.53e-02	1.16e-02	7.52e-04	1.63e-04	2.44e-05	2.57e-07	0.00e+00
 1.82591e+23	1.02e-14	4.59e-09	3.14e-07	3.41e-06	9.44e-04	3.71e-02	3.27e-01	5.35e-01	8.86e-02	1.04e-02	6.50e-04	1.39e-04	1.99e-05	1.99e-07	0.00e+00
 1.83796e+23	1.21e-14	5.44e-09	3.68e-07	3.93e-06	1.04e-03	3.94e-02	3.36e-01	5.29e-01	8.39e-02	9.57e-03	5.83e-04	1.23e-04	1.71e-05	1.64e-07	0.00e+00
 1.85019e+23	1.52e-14	6.77e-09	4.52e-07	4.75e-06	1.20e-03	4.28e-02	3.47e-01	5.22e-01	7.78e-02	8.57e-03	5.04e-04	1.04e-04	1.39e-05	1.27e-07	0.00e+00
 1.86260e+23	1.81e-14	8.03e-09	5.30e-07	5.49e-06	1.33e-03	4.56e-02	3.56e-01	5.15e-01	7.34e-02	7.87e-03	4.50e-04	9.21e-05	1.19e-05	0.00e+00	0.00e+00
 1.87527e+23	2.28e-14	1.00e-08	6.53e-07	6.66e-06	1.52e-03	4.95e-02	3.68e-01	5.06e-01	6.78e-02	7.01e-03	3.87e-04	7.78e-05	9.62e-06	0.00e+00	0.00e+00
 1.88813e+23	2.72e-14	1.19e-08	7.67e-07	7.71e-06	1.68e-03	5.26e-02	3.76e-01	4.99e-01	6.39e-02	6.43e-03	3.45e-04	6.85e-05	8.19e-06	0.00e+00	0.00e+00
 1.90123e+23	3.42e-14	1.49e-08	9.48e-07	9.39e-06	1.94e-03	5.71e-02	3.88e-01	4.88e-01	5.87e-02	5.71e-03	2.95e-04	5.75e-05	6.58e-06	0.00e+00	0.00e+00
 1.91454e+23	4.11e-14	1.77e-08	1.12e-06	1.09e-05	2.15e-03	6.08e-02	3.97e-01	4.80e-01	5.50e-02	5.21e-03	2.61e-04	5.03e-05	5.56e-06	0.00e+00	0.00e+00
 1.92814e+23	5.21e-14	2.22e-08	1.38e-06	1.33e-05	2.47e-03	6.60e-02	4.08e-01	4.68e-01	5.04e-02	4.62e-03	2.23e-04	4.22e-05	4.45e-06	0.00e+00	0.00e+00
 1.94216e+23	6.33e-14	2.67e-08	1.65e-06	1.56e-05	2.76e-03	7.04e-02	4.17e-01	4.58e-01	4.69e-02	4.18e-03	1.96e-04	3.65e-05	3.72e-06	0.00e+00	0.00e+00
 1.95671e+23	8.09e-14	3.37e-08	2.06e-06	1.91e-05	3.19e-03	7.65e-02	4.29e-01	4.45e-01	4.27e-02	3.68e-03	1.65e-04	3.03e-05	2.94e-06	0.00e+00	0.00e+00
 1.97154e+23	9.89e-14	4.06e-08	2.46e-06	2.25e-05	3.57e-03	8.16e-02	4.37e-01	4.35e-01	3.96e-02	3.32e-03	1.45e-04	2.61e-05	2.44e-06	0.00e+00	0.00e+00
 1.98675e+23	1.22e-13	5.16e-08	3.09e-06	2.78e-05	4.13e-03	8.87e-02	4.48e-01	4.20e-01	3.57e-02	2.90e-03	1.21e-04	2.15e-05	1.91e-06	0.00e+00	0.00e+00
 2.00210e+23	1.49e-13	6.22e-08	3.69e-06	3.26e-05	4.61e-03	9.44e-02	4.56e-01	4.09e-01	3.31e-02	2.62e-03	1.06e-04	1.85e-05	1.59e-06	0.00e+00	0.00e+00
 2.01765e+23	1.95e-13	7.90e-08	4.64e-06	4.04e-05	5.34e-03	1.03e-01	4.66e-01	3.94e-01	2.97e-02	2.28e-03	8.83e-05	1.51e-05	1.23e-06	0.00e+00	0.00e+00
 2.03338e+23	2.42e-13	9.54e-08	5.54e-06	4.74e-05	5.96e-03	1.09e-01	4.73e-01	3.82e-01	2.74e-02	2.05e-03	7.70e-05	1.30e-05	1.02e-06	0.00e+00	0.00e+00
 2.04934e+23	3.16e-13	1.21e-07	6.97e-06	5.86e-05	6.90e-03	1.18e-01	4.82e-01	3.66e-01	2.45e-02	1.78e-03	6.39e-05	1.06e-05	7.89e-07	0.00e+00	0.00e+00
 2.06494e+23	3.87e-13	1.44e-07	8.22e-06	6.80e-05	7.63e-03	1.25e-01	4.88e-01	3.55e-01	2.27e-02	1.61e-03	5.61e-05	9.16e-06	6.59e-07	0.00e+00	0.00e+00
 2.08007e+23	4.96e-13	1.80e-07	1.02e-05	8.29e-05	8.73e-03	1.34e-01	4.95e-01	3.40e-01	2.04e-02	1.41e-03	4.70e-05	7.55e-06	5.17e-07	0.00e+00	0.00e+00
 2.09576e+23	6.19e-13	2.17e-07	1.21e-05	9.70e-05	9.71e-03	1.42e-01	5.00e-01	3.28e-01	1.87e-02	1.27e-03	4.08e-05	6.47e-06	4.26e-07	0.00e+00	0.00e+00
 2.10914e+23	7.45e-13	2.55e-07	1.41e-05	1.11e-04	1.07e-02	1.49e-01	5.04e-01	3.18e-01	1.73e-02	1.15e-03	3.59e-05	5.63e-06	3.58e-07	0.00e+00	0.00e+00
 2.12350e+23	9.43e-13	3.13e-07	1.72e-05	1.34e-04	1.20e-02	1.59e-01	5.08e-01	3.04e-01	1.56e-02	1.01e-03	3.04e-05	4.69e-06	2.85e-07	0.00e+00	0.00e+00
 2.13790e+23	1.14e-12	3.68e-07	2.01e-05	1.54e-04	1.32e-02	1.67e-01	5.11e-01	2.93e-01	1.43e-02	9.16e-04	2.67e-05	4.07e-06	2.39e-07	0.00e+00	0.00e+00
 2.15237e+23	1.44e-12	4.49e-07	2.42e-05	1.82e-04	1.48e-02	1.77e-01	5.14e-01	2.80e-01	1.30e-02	8.11e-04	2.27e-05	3.42e-06	1.92e-07	0.00e+00	0.00e+00
 2.16741e+23	1.78e-12	5.35e-07	2.87e-05	2.13e-04	1.64e-02	1.86e-01	5.16e-01	2.68e-01	1.18e-02	7.24e-04	1.96e-05	2.91e-06	1.57e-07	0.00e+00	0.00e+00
 2.18082e+23	2.19e-12	6.29e-07	3.34e-05	2.45e-04	1.80e-02	1.95e-01	5.18e-01	2.58e-01	1.08e-02	6.54e-04	1.71e-05	2.52e-06	1.31e-07	0.00e+00	0.00e+00
 2.19588e+23	2.78e-12	7.71e-07	4.05e-05	2.91e-04	2.02e-02	2.06e-01	5.18e-01	2.45e-01	9.72e-03	5.75e-04	1.45e-05	2.10e-06	0.00e+00	0.00e+00	0.00e+00
 2.21174e+23	3.49e-12	9.26e-07	4.82e-05	3.41e-04	2.24e-02	2.17e-01	5.18e-01	2.33e-01	8.77e-03	5.10e-04	1.24e-05	1.78e-06	0.00e+00	0.00e+00	0.00e+00
 2.22619e+23	4.31e-12	1.10e-06	5.67e-05	3.95e-04	2.46e-02	2.27e-01	5.17e-01	2.22e-01	7.97e-03	4.56e-04	1.07e-05	1.52e-06	0.00e+00	0.00e+00	0.00e+00
 2.24248e+23	5.62e-12	1.36e-06	6.94e-05	4.74e-04	2.77e-02	2.40e-01	5.15e-01	2.09e-01	7.06e-03	3.96e-04	8.86e-06	1.24e-06	0.00e+00	0.00e+00	0.00e+00
 2.25928e+23	7.10e-12	1.64e-06	8.27e-05	5.57e-04	3.07e-02	2.52e-01	5.13e-01	1.97e-01	6.32e-03	3.49e-04	7.50e-06	1.04e-06	0.00e+00	0.00e+00	0.00e+00
 2.27421e+23	8.79e-12	1.95e-06	9.74e-05	6.46e-04	3.37e-02	2.63e-01	5.10e-01	1.87e-01	5.70e-03	3.10e-04	6.42e-06	8.83e-07	0.00e+00	0.00e+00	0.00e+00
 2.29108e+23	1.15e-11	2.41e-06	1.19e-04	7.76e-04	3.79e-02	2.77e-01	5.05e-01	1.75e-01	5.01e-03	2.67e-04	5.28e-06	7.18e-07	0.00e+00	0.00e+00	0.00e+00
 2.30860e+23	1.45e-11	2.92e-06	1.43e-04	9.14e-04	4.20e-02	2.89e-01	4.99e-01	1.64e-01	4.44e-03	2.34e-04	4.43e-06	5.96e-07	0.00e+00	0.00e+00	0.00e+00
 2.32432e+23	1.80e-11	3.49e-06	1.69e-04	1.06e-03	4.61e-02	3.01e-01	4.93e-01	1.54e-01	3.97e-03	2.06e-04	3.75e-06	5.00e-07	0.00e+00	0.00e+00	0.00e+00
 2.34213e+23	2.37e-11	4.37e-06	2.09e-04	1.29e-03	5.19e-02	3.16e-01	4.85e-01	1.42e-01	3.43e-03	1.75e-04	3.03e-06	3.99e-07	0.00e+00	0.00e+00	0.00e+00
 2.36054e+23	2.98e-11	5.29e-06	2.50e-04	1.51e-03	5.74e-02	3.29e-01	4.77e-01	1.32e-01	3.02e-03	1.52e-04	2.52e-06	3.29e-07	0.00e+00	0.00e+00	0.00e+00
 2.37972e+23	3.95e-11	6.71e-06	3.12e-04	1.85e-03	6.48e-02	3.44e-01	4.65e-01	1.21e-01	2.58e-03	1.27e-04	2.00e-06	2.58e-07	0.00e+00	0.00e+00	0.00e+00
 2.39911e+23	4.95e-11	8.14e-06	3.74e-04	2.18e-03	7.15e-02	3.57e-01	4.55e-01	1.12e-01	2.25e-03	1.09e-04	1.64e-06	2.10e-07	0.00e+00	0.00e+00	0.00e+00
 2.41614e+23	6.14e-11	9.80e-06	4.45e-04	2.55e-03	7.85e-02	3.69e-01	4.44e-01	1.03e-01	1.97e-03	9.47e-05	1.36e-06	1.73e-07	0.00e+00	0.00e+00	0.00e+00
 2.43565e+23	8.06e-11	1.24e-05	5.55e-04	3.11e-03	8.83e-02	3.84e-01	4.29e-01	9.31e-02	1.66e-03	7.83e-05	1.06e-06	1.34e-07	0.00e+00	0.00e+00	0.00e+00
 2.45542e+23	9.95e-11	1.50e-05	6.62e-04	3.66e-03	9.70e-02	3.95e-01	4.16e-01	8.53e-02	1.44e-03	6.69e-05	8.67e-07	0.00e+00	0.00e+00	0.00e+00	0.00e+00
 2.47555e+23	1.31e-10	1.91e-05	8.26e-04	4.45e-03	1.09e-01	4.09e-01	4.00e-01	7.63e-02	1.20e-03	5.50e-05	6.74e-07	0.00e+00	0.00e+00	0.00e+00	0.00e+00
 2.49599e+23	1.63e-10	2.32e-05	9.89e-04	5.23e-03	1.19e-01	4.19e-01	3.85e-01	6.93e-02	1.03e-03	4.66e-05	5.43e-07	0.00e+00	0.00e+00	0.00e+00	0.00e+00
 2.51410e+23	2.01e-10	2.81e-05	1.18e-03	6.11e-03	1.30e-01	4.29e-01	3.70e-01	6.29e-02	8.85e-04	3.95e-05	4.40e-07	0.00e+00	0.00e+00	0.00e+00	0.00e+00
 2.53492e+23	2.63e-10	3.59e-05	1.47e-03	7.47e-03	1.45e-01	4.39e-01	3.51e-01	5.53e-02	7.25e-04	3.18e-05	3.33e-07	0.00e+00	0.00e+00	0.00e+00	0.00e+00
 2.55602e+23	3.26e-10	4.36e-05	1.75e-03	8.73e-03	1.58e-01	4.47e-01	3.34e-01	4.97e-02	6.16e-04	2.67e-05	2.66e-07	0.00e+00	0.00e+00	0.00e+00	0.00e+00
 2.57747e+23	4.27e-10	5.59e-05	2.19e-03	1.07e-02	1.75e-01	4.55e-01	3.13e-01	4.32e-02	4.98e-04	2.13e-05	1.99e-07	0.00e+00	0.00e+00	0.00e+00	0.00e+00
 2.59921e+23	5.30e-10	6.80e-05	2.62e-03	1.25e-02	1.90e-01	4.59e-01	2.96e-01	3.84e-02	4.19e-04	1.76e-05	1.57e-07	0.00e+00	0.00e+00	0.00e+00	0.00e+00
 2.62133e+23	6.97e-10	8.75e-05	3.27e-03	1.52e-02	2.11e-01	4.63e-01	2.75e-01	3.29e-02	3.34e-04	1.38e-05	1.15e-07	0.00e+00	0.00e+00	0.00e+00	0.00e+00
 2.64300e+23	8.54e-10	1.05e-04	3.85e-03	1.75e-02	2.26e-01	4.64e-01	2.58e-01	2.92e-02	2.82e-04	1.15e-05	0.00e+00	0.00e+00	0.00e+00	0.00e+00	0.00e+00
 2.66411e+23	1.10e-09	1.34e-04	4.74e-03	2.10e-02	2.47e-01	4.64e-01	2.38e-01	2.49e-02	2.25e-04	9.03e-06	0.00e+00	0.00e+00	0.00e+00	0.00e+00	0.00e+00
 2.68453e+23	1.34e-09	1.59e-04	5.49e-03	2.38e-02	2.62e-01	4.62e-01	2.24e-01	2.23e-02	1.92e-04	7.60e-06	0.00e+00	0.00e+00	0.00e+00	0.00e+00	0.00e+00
 2.70404e+23	1.69e-09	1.97e-04	6.61e-03	2.80e-02	2.82e-01	4.58e-01	2.05e-01	1.91e-02	1.54e-04	6.03e-06	0.00e+00	0.00e+00	0.00e+00	0.00e+00	0.00e+00
 2.72348e+23	2.03e-09	2.33e-04	7.62e-03	3.16e-02	2.98e-01	4.54e-01	1.92e-01	1.69e-02	1.31e-04	5.04e-06	0.00e+00	0.00e+00	0.00e+00	0.00e+00	0.00e+00
 2.74283e+23	2.56e-09	2.86e-04	9.08e-03	3.66e-02	3.18e-01	4.47e-01	1.75e-01	1.45e-02	1.06e-04	4.02e-06	0.00e+00	0.00e+00	0.00e+00	0.00e+00	0.00e+00
 2.76291e+23	3.11e-09	3.43e-04	1.06e-02	4.17e-02	3.35e-01	4.38e-01	1.61e-01	1.25e-02	8.73e-05	3.26e-06	0.00e+00	0.00e+00	0.00e+00	0.00e+00	0.00e+00
 2.78095e+23	3.78e-09	4.08e-04	1.22e-02	4.68e-02	3.51e-01	4.30e-01	1.49e-01	1.09e-02	7.30e-05	2.68e-06	0.00e+00	0.00e+00	0.00e+00	0.00e+00	0.00e+00
 2.80139e+23	4.83e-09	5.08e-04	1.46e-02	5.43e-02	3.72e-01	4.17e-01	1.33e-01	9.12e-03	5.75e-05	2.07e-06	0.00e+00	0.00e+00	0.00e+00	0.00e+00	0.00e+00
 2.82212e+23	5.89e-09	6.06e-04	1.68e-02	6.10e-02	3.88e-01	4.05e-01	1.21e-01	7.85e-03	4.73e-05	1.68e-06	0.00e+00	0.00e+00	0.00e+00	0.00e+00	0.00e+00
 2.84320e+23	7.56e-09	7.55e-04	2.01e-02	7.03e-02	4.07e-01	3.88e-01	1.07e-01	6.45e-03	3.68e-05	1.27e-06	0.00e+00	0.00e+00	0.00e+00	0.00e+00	0.00e+00
 2.86461e+23	9.28e-09	9.05e-04	2.32e-02	7.88e-02	4.22e-01	3.73e-01	9.60e-02	5.46e-03	2.97e-05	1.01e-06	0.00e+00	0.00e+00	0.00e+00	0.00e+00	0.00e+00
 2.88180e+23	1.09e-08	1.05e-03	2.60e-02	8.62e-02	4.34e-01	3.60e-01	8.77e-02	4.76e-03	2.49e-05	8.36e-07	0.00e+00	0.00e+00	0.00e+00	0.00e+00	0.00e+00
 2.89948e+23	1.35e-08	1.25e-03	2.98e-02	9.59e-02	4.47e-01	3.44e-01	7.82e-02	4.00e-03	2.01e-05	6.60e-07	0.00e+00	0.00e+00	0.00e+00	0.00e+00	0.00e+00
 2.91759e+23	1.60e-08	1.45e-03	3.35e-02	1.05e-01	4.57e-01	3.29e-01	7.06e-02	3.44e-03	1.66e-05	5.38e-07	0.00e+00	0.00e+00	0.00e+00	0.00e+00	0.00e+00
 2.93370e+23	1.89e-08	1.68e-03	3.73e-02	1.14e-01	4.65e-01	3.15e-01	6.38e-02	2.96e-03	1.38e-05	4.40e-07	0.00e+00	0.00e+00	0.00e+00	0.00e+00	0.00e+00
 2.95208e+23	2.33e-08	2.01e-03	4.28e-02	1.26e-01	4.74e-01	2.97e-01	5.59e-02	2.45e-03	1.10e-05	3.40e-07	0.00e+00	0.00e+00	0.00e+00	0.00e+00	0.00e+00
 2.97069e+23	2.78e-08	2.34e-03	4.78e-02	1.36e-01	4.81e-01	2.81e-01	4.99e-02	2.07e-03	8.96e-06	2.73e-07	0.00e+00	0.00e+00	0.00e+00	0.00e+00	0.00e+00
 2.98691e+23	3.29e-08	2.70e-03	5.30e-02	1.47e-01	4.85e-01	2.66e-01	4.45e-02	1.76e-03	7.38e-06	2.21e-07	0.00e+00	0.00e+00	0.00e+00	0.00e+00	0.00e+00
 3.00536e+23	4.05e-08	3.21e-03	6.03e-02	1.60e-01	4.89e-01	2.47e-01	3.85e-02	1.44e-03	5.77e-06	1.68e-07	0.00e+00	0.00e+00	0.00e+00	0.00e+00	0.00e+00
 3.02414e+23	4.83e-08	3.72e-03	6.69e-02	1.72e-01	4.91e-01	2.31e-01	3.39e-02	1.20e-03	4.67e-06	1.33e-07	0.00e+00	0.00e+00	0.00e+00	0.00e+00	0.00e+00
 3.04063e+23	5.70e-08	4.28e-03	7.38e-02	1.84e-01	4.91e-01	2.16e-01	2.99e-02	1.01e-03	3.80e-06	0.00e+00	0.00e+00	0.00e+00	0.00e+00	0.00e+00	0.00e+00
 3.05934e+23	7.02e-08	5.08e-03	8.33e-02	1.99e-01	4.89e-01	1.98e-01	2.54e-02	8.11e-04	2.93e-06	0.00e+00	0.00e+00	0.00e+00	0.00e+00	0.00e+00	0.00e+00
 3.07780e+23	8.28e-08	5.83e-03	9.13e-02	2.11e-01	4.85e-01	1.84e-01	2.22e-02	6.76e-04	2.37e-06	0.00e+00	0.00e+00	0.00e+00	0.00e+00	0.00e+00	0.00e+00
