#depth	O	O+	O+2	O+3	O+4	O+5	O+6	O+7	O+8	O[1]	O[2]	O[3]
 4.62852e+21	3.73e-10	1.55e-05	1.14e-02	3.04e-01	4.30e-01	2.09e-01	4.57e-02	1.15e-04	0.00e+00	3.73e-10	1.67e-19	1.94e-19
 1.04362e+22	1.77e-09	4.67e-05	2.32e-02	4.15e-01	4.02e-01	1.39e-01	2.08e-02	3.49e-05	0.00e+00	1.77e-09	1.01e-18	1.17e-18
 1.22050e+22	3.75e-09	7.84e-05	3.18e-02	4.69e-01	3.76e-01	1.10e-01	1.36e-02	1.87e-05	0.00e+00	3.75e-09	2.44e-18	2.84e-18
 1.32022e+22	6.26e-09	1.11e-04	3.92e-02	5.04e-01	3.55e-01	9.20e-02	1.00e-02	1.20e-05	0.00e+00	6.26e-09	4.46e-18	5.19e-18
 1.38118e+22	8.00e-09	1.31e-04	4.32e-02	5.20e-01	3.44e-01	8.41e-02	8.60e-03	9.61e-06	0.00e+00	8.00e-09	5.98e-18	6.96e-18
 1.41872e+22	9.96e-09	1.51e-04	4.71e-02	5.34e-01	3.34e-01	7.75e-02	7.49e-03	7.88e-06	0.00e+00	9.96e-09	7.75e-18	9.03e-18
 1.45281e+22	1.22e-08	1.74e-04	5.10e-02	5.47e-01	3.24e-01	7.16e-02	6.57e-03	6.52e-06	0.00e+00	1.22e-08	9.91e-18	1.15e-17
 1.49137e+22	1.58e-08	2.05e-04	5.62e-02	5.62e-01	3.11e-01	6.48e-02	5.57e-03	5.15e-06	0.00e+00	1.58e-08	1.35e-17	1.57e-17
 1.53090e+22	1.96e-08	2.37e-04	6.10e-02	5.74e-01	3.00e-01	5.92e-02	4.81e-03	4.17e-06	0.00e+00	1.96e-08	1.75e-17	2.04e-17
 1.56560e+22	2.40e-08	2.71e-04	6.58e-02	5.85e-01	2.90e-01	5.44e-02	4.20e-03	3.44e-06	0.00e+00	2.40e-08	2.24e-17	2.61e-17
 1.60461e+22	3.10e-08	3.20e-04	7.21e-02	5.98e-01	2.77e-01	4.88e-02	3.53e-03	2.69e-06	0.00e+00	3.10e-08	3.04e-17	3.55e-17
 1.64494e+22	3.86e-08	3.69e-04	7.81e-02	6.09e-01	2.66e-01	4.43e-02	3.03e-03	2.16e-06	0.00e+00	3.86e-08	3.97e-17	4.64e-17
 1.68094e+22	4.74e-08	4.21e-04	8.40e-02	6.18e-01	2.55e-01	4.04e-02	2.62e-03	1.76e-06	0.00e+00	4.74e-08	5.10e-17	5.96e-17
 1.72170e+22	6.14e-08	4.97e-04	9.19e-02	6.28e-01	2.42e-01	3.58e-02	2.17e-03	1.35e-06	0.00e+00	6.14e-08	7.00e-17	8.18e-17
 1.76388e+22	7.67e-08	5.73e-04	9.92e-02	6.36e-01	2.30e-01	3.22e-02	1.85e-03	1.07e-06	0.00e+00	7.67e-08	9.19e-17	1.07e-16
 1.80187e+22	9.49e-08	6.57e-04	1.07e-01	6.43e-01	2.20e-01	2.90e-02	1.58e-03	8.60e-07	0.00e+00	9.49e-08	1.19e-16	1.40e-16
 1.84521e+22	1.25e-07	7.82e-04	1.17e-01	6.50e-01	2.06e-01	2.53e-02	1.28e-03	6.42e-07	0.00e+00	1.25e-07	1.68e-16	1.96e-16
 1.88882e+22	1.54e-07	8.93e-04	1.25e-01	6.54e-01	1.95e-01	2.27e-02	1.09e-03	5.13e-07	0.00e+00	1.54e-07	2.17e-16	2.54e-16
 1.93278e+22	2.04e-07	1.06e-03	1.37e-01	6.59e-01	1.82e-01	1.96e-02	8.77e-04	3.79e-07	0.00e+00	2.04e-07	3.05e-16	3.57e-16
 1.97702e+22	2.50e-07	1.21e-03	1.46e-01	6.62e-01	1.73e-01	1.76e-02	7.45e-04	3.02e-07	0.00e+00	2.50e-07	3.95e-16	4.62e-16
 2.01466e+22	3.06e-07	1.37e-03	1.56e-01	6.63e-01	1.63e-01	1.58e-02	6.35e-04	2.41e-07	0.00e+00	3.06e-07	5.05e-16	5.91e-16
 2.05081e+22	3.71e-07	1.55e-03	1.66e-01	6.63e-01	1.55e-01	1.41e-02	5.42e-04	1.94e-07	0.00e+00	3.71e-07	6.43e-16	7.52e-16
 2.09199e+22	4.75e-07	1.80e-03	1.79e-01	6.63e-01	1.44e-01	1.23e-02	4.42e-04	1.46e-07	0.00e+00	4.75e-07	8.75e-16	1.02e-15
 2.13324e+22	5.76e-07	2.03e-03	1.89e-01	6.61e-01	1.36e-01	1.10e-02	3.76e-04	0.00e+00	0.00e+00	5.76e-07	1.11e-15	1.30e-15
 2.17455e+22	7.30e-07	2.35e-03	2.03e-01	6.58e-01	1.27e-01	9.51e-03	3.08e-04	0.00e+00	0.00e+00	7.30e-07	1.50e-15	1.75e-15
 2.21662e+22	8.89e-07	2.65e-03	2.15e-01	6.55e-01	1.19e-01	8.44e-03	2.60e-04	0.00e+00	0.00e+00	8.89e-07	1.91e-15	2.24e-15
 2.25386e+22	1.08e-06	2.99e-03	2.27e-01	6.51e-01	1.12e-01	7.48e-03	2.20e-04	0.00e+00	0.00e+00	1.08e-06	2.44e-15	2.85e-15
 2.29648e+22	1.38e-06	3.47e-03	2.43e-01	6.44e-01	1.03e-01	6.41e-03	1.78e-04	0.00e+00	0.00e+00	1.38e-06	3.31e-15	3.87e-15
 2.33946e+22	1.68e-06	3.91e-03	2.57e-01	6.37e-01	9.60e-02	5.64e-03	1.49e-04	0.00e+00	0.00e+00	1.68e-06	4.24e-15	4.96e-15
 2.37698e+22	2.02e-06	4.38e-03	2.71e-01	6.30e-01	8.98e-02	4.98e-03	1.26e-04	0.00e+00	0.00e+00	2.02e-06	5.38e-15	6.28e-15
 2.41984e+22	2.54e-06	5.04e-03	2.88e-01	6.20e-01	8.26e-02	4.26e-03	1.02e-04	0.00e+00	0.00e+00	2.54e-06	7.21e-15	8.42e-15
 2.46428e+22	3.14e-06	5.72e-03	3.04e-01	6.10e-01	7.62e-02	3.68e-03	8.35e-05	0.00e+00	0.00e+00	3.14e-06	9.39e-15	1.10e-14
 2.50331e+22	3.78e-06	6.41e-03	3.20e-01	6.00e-01	7.08e-02	3.22e-03	6.99e-05	0.00e+00	0.00e+00	3.78e-06	1.19e-14	1.39e-14
 2.54658e+22	4.74e-06	7.34e-03	3.38e-01	5.87e-01	6.47e-02	2.74e-03	5.63e-05	0.00e+00	0.00e+00	4.74e-06	1.59e-14	1.86e-14
 2.59190e+22	5.88e-06	8.37e-03	3.57e-01	5.73e-01	5.91e-02	2.33e-03	4.55e-05	0.00e+00	0.00e+00	5.88e-06	2.09e-14	2.44e-14
 2.63194e+22	7.05e-06	9.33e-03	3.73e-01	5.61e-01	5.47e-02	2.03e-03	3.80e-05	0.00e+00	0.00e+00	7.05e-06	2.64e-14	3.08e-14
 2.67605e+22	8.92e-06	1.07e-02	3.95e-01	5.43e-01	4.92e-02	1.69e-03	2.99e-05	0.00e+00	0.00e+00	8.92e-06	3.58e-14	4.18e-14
 2.72181e+22	1.08e-05	1.21e-02	4.13e-01	5.28e-01	4.50e-02	1.44e-03	2.44e-05	0.00e+00	0.00e+00	1.08e-05	4.59e-14	5.36e-14
 2.76972e+22	1.39e-05	1.40e-02	4.37e-01	5.07e-01	3.99e-02	1.17e-03	1.88e-05	0.00e+00	0.00e+00	1.39e-05	6.34e-14	7.39e-14
 2.81822e+22	1.69e-05	1.58e-02	4.57e-01	4.90e-01	3.62e-02	9.93e-04	1.52e-05	0.00e+00	0.00e+00	1.69e-05	8.15e-14	9.51e-14
 2.84500e+22	1.79e-05	1.63e-02	4.63e-01	4.85e-01	3.51e-02	9.44e-04	1.42e-05	0.00e+00	0.00e+00	1.79e-05	8.74e-14	1.02e-13
 2.85732e+22	1.90e-05	1.68e-02	4.68e-01	4.80e-01	3.41e-02	8.98e-04	1.33e-05	0.00e+00	0.00e+00	1.90e-05	9.43e-14	1.10e-13
 2.87333e+22	2.06e-05	1.77e-02	4.77e-01	4.72e-01	3.26e-02	8.33e-04	1.21e-05	0.00e+00	0.00e+00	2.06e-05	1.05e-13	1.23e-13
 2.89415e+22	2.27e-05	1.87e-02	4.86e-01	4.63e-01	3.10e-02	7.65e-04	1.09e-05	0.00e+00	0.00e+00	2.27e-05	1.19e-13	1.39e-13
 2.92121e+22	2.62e-05	2.04e-02	5.01e-01	4.50e-01	2.88e-02	6.74e-04	9.30e-06	0.00e+00	0.00e+00	2.62e-05	1.43e-13	1.67e-13
 2.95639e+22	3.12e-05	2.26e-02	5.18e-01	4.32e-01	2.61e-02	5.73e-04	7.59e-06	0.00e+00	0.00e+00	3.12e-05	1.80e-13	2.10e-13
 3.00212e+22	3.94e-05	2.60e-02	5.41e-01	4.09e-01	2.29e-02	4.61e-04	5.80e-06	0.00e+00	0.00e+00	3.94e-05	2.44e-13	2.83e-13
 3.04829e+22	4.70e-05	2.88e-02	5.59e-01	3.91e-01	2.06e-02	3.88e-04	4.68e-06	0.00e+00	0.00e+00	4.70e-05	3.08e-13	3.57e-13
 3.08406e+22	5.38e-05	3.12e-02	5.72e-01	3.77e-01	1.90e-02	3.39e-04	3.97e-06	0.00e+00	0.00e+00	5.38e-05	3.67e-13	4.25e-13
 3.11962e+22	6.39e-05	3.46e-02	5.89e-01	3.59e-01	1.70e-02	2.85e-04	3.21e-06	0.00e+00	0.00e+00	6.39e-05	4.61e-13	5.33e-13
 3.15556e+22	7.33e-05	3.75e-02	6.02e-01	3.45e-01	1.56e-02	2.46e-04	2.70e-06	0.00e+00	0.00e+00	7.33e-05	5.53e-13	6.38e-13
 3.19202e+22	8.73e-05	4.15e-02	6.18e-01	3.26e-01	1.39e-02	2.05e-04	2.16e-06	0.00e+00	0.00e+00	8.73e-05	6.98e-13	8.02e-13
 3.22861e+22	9.98e-05	4.49e-02	6.30e-01	3.12e-01	1.26e-02	1.77e-04	1.81e-06	0.00e+00	0.00e+00	9.98e-05	8.35e-13	9.57e-13
 3.26536e+22	1.18e-04	4.96e-02	6.45e-01	2.94e-01	1.12e-02	1.46e-04	1.44e-06	0.00e+00	0.00e+00	1.18e-04	1.05e-12	1.20e-12
 3.30264e+22	1.36e-04	5.37e-02	6.57e-01	2.79e-01	1.01e-02	1.25e-04	1.19e-06	0.00e+00	0.00e+00	1.36e-04	1.27e-12	1.44e-12
 3.34061e+22	1.61e-04	5.93e-02	6.70e-01	2.62e-01	8.95e-03	1.03e-04	9.44e-07	0.00e+00	0.00e+00	1.61e-04	1.60e-12	1.80e-12
 3.37949e+22	1.86e-04	6.44e-02	6.81e-01	2.47e-01	7.99e-03	8.65e-05	7.67e-07	0.00e+00	0.00e+00	1.86e-04	1.94e-12	2.18e-12
 3.41390e+22	2.13e-04	6.97e-02	6.90e-01	2.33e-01	7.16e-03	7.31e-05	6.29e-07	0.00e+00	0.00e+00	2.13e-04	2.35e-12	2.61e-12
 3.45296e+22	2.54e-04	7.71e-02	7.01e-01	2.15e-01	6.21e-03	5.88e-05	4.85e-07	0.00e+00	0.00e+00	2.54e-04	3.00e-12	3.30e-12
 3.49146e+22	2.88e-04	8.30e-02	7.09e-01	2.02e-01	5.55e-03	4.97e-05	3.98e-07	0.00e+00	0.00e+00	2.88e-04	3.59e-12	3.92e-12
 3.52922e+22	3.38e-04	9.09e-02	7.17e-01	1.87e-01	4.84e-03	4.04e-05	3.12e-07	0.00e+00	0.00e+00	3.38e-04	4.51e-12	4.86e-12
 3.56961e+22	3.93e-04	9.90e-02	7.23e-01	1.73e-01	4.22e-03	3.29e-05	2.45e-07	0.00e+00	0.00e+00	3.93e-04	5.58e-12	5.94e-12
 3.60718e+22	4.51e-04	1.07e-01	7.28e-01	1.61e-01	3.71e-03	2.72e-05	1.96e-07	0.00e+00	0.00e+00	4.51e-04	6.82e-12	7.16e-12
 3.64980e+22	5.37e-04	1.18e-01	7.33e-01	1.46e-01	3.13e-03	2.12e-05	1.47e-07	0.00e+00	0.00e+00	5.37e-04	8.81e-12	9.08e-12
 3.69334e+22	6.20e-04	1.28e-01	7.35e-01	1.33e-01	2.70e-03	1.71e-05	0.00e+00	0.00e+00	0.00e+00	6.20e-04	1.09e-11	1.11e-11
 3.73218e+22	7.15e-04	1.39e-01	7.36e-01	1.22e-01	2.33e-03	1.38e-05	0.00e+00	0.00e+00	0.00e+00	7.15e-04	1.35e-11	1.34e-11
 3.77679e+22	8.59e-04	1.54e-01	7.35e-01	1.08e-01	1.92e-03	1.04e-05	0.00e+00	0.00e+00	0.00e+00	8.59e-04	1.77e-11	1.72e-11
 3.82140e+22	9.80e-04	1.65e-01	7.34e-01	9.85e-02	1.65e-03	8.41e-06	0.00e+00	0.00e+00	0.00e+00	9.80e-04	2.17e-11	2.07e-11
 3.86601e+22	1.17e-03	1.82e-01	7.29e-01	8.67e-02	1.34e-03	6.30e-06	0.00e+00	0.00e+00	0.00e+00	1.17e-03	2.86e-11	2.65e-11
 3.91134e+22	1.34e-03	1.96e-01	7.24e-01	7.81e-02	1.14e-03	5.00e-06	0.00e+00	0.00e+00	0.00e+00	1.34e-03	3.52e-11	3.19e-11
 3.95757e+22	1.60e-03	2.15e-01	7.14e-01	6.77e-02	9.16e-04	3.68e-06	0.00e+00	0.00e+00	0.00e+00	1.60e-03	4.63e-11	4.09e-11
 4.00477e+22	1.83e-03	2.31e-01	7.06e-01	6.02e-02	7.64e-04	2.87e-06	0.00e+00	0.00e+00	0.00e+00	1.83e-03	5.75e-11	4.95e-11
 4.05322e+22	2.20e-03	2.56e-01	6.90e-01	5.12e-02	5.98e-04	2.05e-06	0.00e+00	0.00e+00	0.00e+00	2.20e-03	7.68e-11	6.41e-11
 4.10213e+22	2.51e-03	2.74e-01	6.78e-01	4.50e-02	4.93e-04	1.57e-06	0.00e+00	0.00e+00	0.00e+00	2.51e-03	9.50e-11	7.74e-11
 4.15166e+22	3.03e-03	3.01e-01	6.58e-01	3.76e-02	3.78e-04	1.10e-06	0.00e+00	0.00e+00	0.00e+00	3.03e-03	1.27e-10	1.00e-10
 4.20235e+22	3.47e-03	3.23e-01	6.41e-01	3.24e-02	3.04e-04	8.23e-07	0.00e+00	0.00e+00	0.00e+00	3.47e-03	1.58e-10	1.22e-10
 4.25457e+22	4.18e-03	3.55e-01	6.14e-01	2.64e-02	2.28e-04	5.59e-07	0.00e+00	0.00e+00	0.00e+00	4.18e-03	2.12e-10	1.59e-10
 4.30851e+22	4.80e-03	3.80e-01	5.92e-01	2.23e-02	1.80e-04	4.07e-07	0.00e+00	0.00e+00	0.00e+00	4.80e-03	2.66e-10	1.95e-10
 4.35152e+22	5.39e-03	4.02e-01	5.73e-01	1.93e-02	1.47e-04	3.13e-07	0.00e+00	0.00e+00	0.00e+00	5.39e-03	3.18e-10	2.30e-10
 4.38825e+22	6.01e-03	4.24e-01	5.53e-01	1.68e-02	1.21e-04	2.43e-07	0.00e+00	0.00e+00	0.00e+00	6.01e-03	3.77e-10	2.69e-10
 4.42999e+22	6.90e-03	4.53e-01	5.26e-01	1.39e-02	9.46e-05	1.75e-07	0.00e+00	0.00e+00	0.00e+00	6.90e-03	4.68e-10	3.27e-10
 4.47265e+22	7.73e-03	4.77e-01	5.04e-01	1.18e-02	7.61e-05	1.32e-07	0.00e+00	0.00e+00	0.00e+00	7.73e-03	5.57e-10	3.83e-10
 4.51077e+22	8.65e-03	5.02e-01	4.80e-01	1.00e-02	6.12e-05	0.00e+00	0.00e+00	0.00e+00	0.00e+00	8.65e-03	6.63e-10	4.48e-10
 4.55458e+22	9.97e-03	5.34e-01	4.48e-01	8.02e-03	4.63e-05	0.00e+00	0.00e+00	0.00e+00	0.00e+00	9.97e-03	8.25e-10	5.48e-10
 4.59936e+22	1.12e-02	5.61e-01	4.21e-01	6.59e-03	3.61e-05	0.00e+00	0.00e+00	0.00e+00	0.00e+00	1.12e-02	9.86e-10	6.45e-10
 4.63894e+22	1.26e-02	5.88e-01	3.94e-01	5.41e-03	2.83e-05	0.00e+00	0.00e+00	0.00e+00	0.00e+00	1.26e-02	1.17e-09	7.58e-10
 4.68393e+22	1.46e-02	6.23e-01	3.58e-01	4.12e-03	2.05e-05	0.00e+00	0.00e+00	0.00e+00	0.00e+00	1.46e-02	1.47e-09	9.36e-10
 4.72952e+22	1.64e-02	6.50e-01	3.30e-01	3.29e-03	1.58e-05	0.00e+00	0.00e+00	0.00e+00	0.00e+00	1.64e-02	1.75e-09	1.10e-09
 4.76956e+22	1.84e-02	6.77e-01	3.02e-01	2.60e-03	1.21e-05	0.00e+00	0.00e+00	0.00e+00	0.00e+00	1.84e-02	2.08e-09	1.29e-09
 4.81527e+22	2.14e-02	7.09e-01	2.67e-01	1.90e-03	8.59e-06	0.00e+00	0.00e+00	0.00e+00	0.00e+00	2.14e-02	2.59e-09	1.59e-09
 4.86206e+22	2.45e-02	7.37e-01	2.37e-01	1.41e-03	6.27e-06	0.00e+00	0.00e+00	0.00e+00	0.00e+00	2.45e-02	3.14e-09	1.91e-09
 4.90093e+22	2.74e-02	7.59e-01	2.13e-01	1.08e-03	4.79e-06	0.00e+00	0.00e+00	0.00e+00	0.00e+00	2.74e-02	3.69e-09	2.23e-09
 4.94216e+22	3.16e-02	7.84e-01	1.84e-01	7.67e-04	3.42e-06	0.00e+00	0.00e+00	0.00e+00	0.00e+00	3.16e-02	4.54e-09	2.71e-09
 4.98586e+22	3.64e-02	8.05e-01	1.58e-01	5.42e-04	2.47e-06	0.00e+00	0.00e+00	0.00e+00	0.00e+00	3.64e-02	5.51e-09	3.26e-09
 5.02478e+22	4.15e-02	8.22e-01	1.36e-01	3.87e-04	1.82e-06	0.00e+00	0.00e+00	0.00e+00	0.00e+00	4.15e-02	6.60e-09	3.89e-09
 5.05993e+22	4.69e-02	8.36e-01	1.17e-01	2.79e-04	1.38e-06	0.00e+00	0.00e+00	0.00e+00	0.00e+00	4.69e-02	7.81e-09	4.58e-09
 5.09817e+22	5.50e-02	8.49e-01	9.56e-02	1.82e-04	9.59e-07	0.00e+00	0.00e+00	0.00e+00	0.00e+00	5.50e-02	9.69e-09	5.65e-09
 5.13689e+22	6.40e-02	8.58e-01	7.82e-02	1.20e-04	6.90e-07	0.00e+00	0.00e+00	0.00e+00	0.00e+00	6.40e-02	1.18e-08	6.87e-09
 5.16935e+22	7.40e-02	8.62e-01	6.42e-02	8.04e-05	5.05e-07	0.00e+00	0.00e+00	0.00e+00	0.00e+00	7.40e-02	1.42e-08	8.25e-09
 5.18958e+22	7.98e-02	8.62e-01	5.80e-02	6.58e-05	4.37e-07	0.00e+00	0.00e+00	0.00e+00	0.00e+00	7.98e-02	1.55e-08	9.03e-09
 5.19743e+22	8.25e-02	8.62e-01	5.53e-02	5.99e-05	4.08e-07	0.00e+00	0.00e+00	0.00e+00	0.00e+00	8.25e-02	1.62e-08	9.41e-09
 5.20410e+22	8.54e-02	8.62e-01	5.26e-02	5.43e-05	3.78e-07	0.00e+00	0.00e+00	0.00e+00	0.00e+00	8.54e-02	1.69e-08	9.84e-09
 5.21204e+22	8.91e-02	8.61e-01	4.95e-02	4.82e-05	3.46e-07	0.00e+00	0.00e+00	0.00e+00	0.00e+00	8.91e-02	1.78e-08	1.04e-08
 5.22046e+22	9.31e-02	8.60e-01	4.64e-02	4.26e-05	3.15e-07	0.00e+00	0.00e+00	0.00e+00	0.00e+00	9.31e-02	1.88e-08	1.10e-08
 5.22851e+22	9.71e-02	8.59e-01	4.36e-02	3.77e-05	2.88e-07	0.00e+00	0.00e+00	0.00e+00	0.00e+00	9.71e-02	1.98e-08	1.16e-08
 5.23618e+22	1.01e-01	8.58e-01	4.10e-02	3.35e-05	2.63e-07	0.00e+00	0.00e+00	0.00e+00	0.00e+00	1.01e-01	2.09e-08	1.22e-08
 5.24372e+22	1.06e-01	8.56e-01	3.84e-02	2.97e-05	2.41e-07	0.00e+00	0.00e+00	0.00e+00	0.00e+00	1.06e-01	2.20e-08	1.28e-08
 5.25118e+22	1.10e-01	8.54e-01	3.61e-02	2.64e-05	2.21e-07	0.00e+00	0.00e+00	0.00e+00	0.00e+00	1.10e-01	2.31e-08	1.35e-08
 5.25875e+22	1.15e-01	8.51e-01	3.37e-02	2.32e-05	2.00e-07	0.00e+00	0.00e+00	0.00e+00	0.00e+00	1.15e-01	2.44e-08	1.42e-08
 5.26613e+22	1.20e-01	8.48e-01	3.16e-02	2.06e-05	1.83e-07	0.00e+00	0.00e+00	0.00e+00	0.00e+00	1.20e-01	2.57e-08	1.50e-08
 5.27324e+22	1.25e-01	8.45e-01	2.95e-02	1.81e-05	1.67e-07	0.00e+00	0.00e+00	0.00e+00	0.00e+00	1.25e-01	2.70e-08	1.58e-08
 5.28028e+22	1.31e-01	8.42e-01	2.75e-02	1.60e-05	1.52e-07	0.00e+00	0.00e+00	0.00e+00	0.00e+00	1.31e-01	2.84e-08	1.66e-08
 5.28710e+22	1.37e-01	8.37e-01	2.57e-02	1.41e-05	1.38e-07	0.00e+00	0.00e+00	0.00e+00	0.00e+00	1.37e-01	2.99e-08	1.75e-08
 5.29369e+22	1.43e-01	8.33e-01	2.40e-02	1.25e-05	1.26e-07	0.00e+00	0.00e+00	0.00e+00	0.00e+00	1.43e-01	3.14e-08	1.84e-08
 5.30015e+22	1.49e-01	8.29e-01	2.24e-02	1.10e-05	0.00e+00	0.00e+00	0.00e+00	0.00e+00	0.00e+00	1.49e-01	3.30e-08	1.93e-08
 5.30663e+22	1.55e-01	8.24e-01	2.09e-02	9.76e-06	0.00e+00	0.00e+00	0.00e+00	0.00e+00	0.00e+00	1.55e-01	3.46e-08	2.03e-08
 5.31317e+22	1.63e-01	8.18e-01	1.94e-02	8.54e-06	0.00e+00	0.00e+00	0.00e+00	0.00e+00	0.00e+00	1.63e-01	3.64e-08	2.14e-08
 5.31949e+22	1.70e-01	8.12e-01	1.80e-02	7.56e-06	0.00e+00	0.00e+00	0.00e+00	0.00e+00	0.00e+00	1.70e-01	3.82e-08	2.25e-08
 5.32575e+22	1.78e-01	8.06e-01	1.67e-02	6.62e-06	0.00e+00	0.00e+00	0.00e+00	0.00e+00	0.00e+00	1.78e-01	4.02e-08	2.37e-08
 5.33201e+22	1.86e-01	7.99e-01	1.55e-02	5.82e-06	0.00e+00	0.00e+00	0.00e+00	0.00e+00	0.00e+00	1.86e-01	4.21e-08	2.48e-08
 5.33798e+22	1.94e-01	7.92e-01	1.43e-02	5.11e-06	0.00e+00	0.00e+00	0.00e+00	0.00e+00	0.00e+00	1.94e-01	4.42e-08	2.61e-08
 5.34380e+22	2.02e-01	7.84e-01	1.33e-02	4.51e-06	0.00e+00	0.00e+00	0.00e+00	0.00e+00	0.00e+00	2.02e-01	4.62e-08	2.73e-08
 5.34960e+22	2.12e-01	7.76e-01	1.23e-02	3.95e-06	0.00e+00	0.00e+00	0.00e+00	0.00e+00	0.00e+00	2.12e-01	4.85e-08	2.87e-08
 5.35520e+22	2.21e-01	7.68e-01	1.14e-02	3.49e-06	0.00e+00	0.00e+00	0.00e+00	0.00e+00	0.00e+00	2.21e-01	5.06e-08	3.00e-08
 5.36076e+22	2.31e-01	7.59e-01	1.05e-02	3.07e-06	0.00e+00	0.00e+00	0.00e+00	0.00e+00	0.00e+00	2.31e-01	5.30e-08	3.14e-08
 5.36645e+22	2.41e-01	7.49e-01	9.67e-03	2.68e-06	0.00e+00	0.00e+00	0.00e+00	0.00e+00	0.00e+00	2.41e-01	5.54e-08	3.29e-08
 5.37179e+22	2.52e-01	7.40e-01	8.94e-03	2.37e-06	0.00e+00	0.00e+00	0.00e+00	0.00e+00	0.00e+00	2.52e-01	5.78e-08	3.43e-08
 5.37700e+22	2.62e-01	7.30e-01	8.25e-03	2.09e-06	0.00e+00	0.00e+00	0.00e+00	0.00e+00	0.00e+00	2.62e-01	6.02e-08	3.57e-08
 5.38232e+22	2.73e-01	7.20e-01	7.62e-03	1.85e-06	0.00e+00	0.00e+00	0.00e+00	0.00e+00	0.00e+00	2.73e-01	6.26e-08	3.72e-08
 5.38795e+22	2.86e-01	7.07e-01	6.95e-03	1.61e-06	0.00e+00	0.00e+00	0.00e+00	0.00e+00	0.00e+00	2.86e-01	6.54e-08	3.89e-08
 5.39351e+22	2.98e-01	6.95e-01	6.37e-03	1.41e-06	0.00e+00	0.00e+00	0.00e+00	0.00e+00	0.00e+00	2.98e-01	6.80e-08	4.05e-08
 5.39874e+22	3.11e-01	6.83e-01	5.83e-03	1.24e-06	0.00e+00	0.00e+00	0.00e+00	0.00e+00	0.00e+00	3.11e-01	7.07e-08	4.21e-08
 5.40391e+22	3.25e-01	6.70e-01	5.34e-03	1.09e-06	0.00e+00	0.00e+00	0.00e+00	0.00e+00	0.00e+00	3.25e-01	7.33e-08	4.37e-08
 5.40892e+22	3.38e-01	6.57e-01	4.90e-03	9.62e-07	0.00e+00	0.00e+00	0.00e+00	0.00e+00	0.00e+00	3.38e-01	7.59e-08	4.52e-08
 5.41391e+22	3.51e-01	6.44e-01	4.48e-03	8.49e-07	0.00e+00	0.00e+00	0.00e+00	0.00e+00	0.00e+00	3.51e-01	7.84e-08	4.68e-08
 5.41901e+22	3.66e-01	6.30e-01	4.09e-03	7.48e-07	0.00e+00	0.00e+00	0.00e+00	0.00e+00	0.00e+00	3.66e-01	8.11e-08	4.84e-08
 5.42414e+22	3.81e-01	6.15e-01	3.72e-03	6.59e-07	0.00e+00	0.00e+00	0.00e+00	0.00e+00	0.00e+00	3.81e-01	8.36e-08	4.99e-08
 5.42928e+22	3.96e-01	6.00e-01	3.38e-03	5.79e-07	0.00e+00	0.00e+00	0.00e+00	0.00e+00	0.00e+00	3.96e-01	8.62e-08	5.15e-08
 5.43436e+22	4.12e-01	5.85e-01	3.07e-03	5.10e-07	0.00e+00	0.00e+00	0.00e+00	0.00e+00	0.00e+00	4.12e-01	8.87e-08	5.29e-08
 5.43938e+22	4.28e-01	5.69e-01	2.79e-03	4.50e-07	0.00e+00	0.00e+00	0.00e+00	0.00e+00	0.00e+00	4.28e-01	9.10e-08	5.44e-08
 5.44448e+22	4.44e-01	5.53e-01	2.52e-03	3.97e-07	0.00e+00	0.00e+00	0.00e+00	0.00e+00	0.00e+00	4.44e-01	9.33e-08	5.57e-08
 5.44964e+22	4.61e-01	5.36e-01	2.28e-03	3.50e-07	0.00e+00	0.00e+00	0.00e+00	0.00e+00	0.00e+00	4.61e-01	9.55e-08	5.70e-08
 5.45483e+22	4.79e-01	5.19e-01	2.05e-03	3.08e-07	0.00e+00	0.00e+00	0.00e+00	0.00e+00	0.00e+00	4.79e-01	9.76e-08	5.82e-08
 5.46004e+22	4.96e-01	5.02e-01	1.85e-03	2.72e-07	0.00e+00	0.00e+00	0.00e+00	0.00e+00	0.00e+00	4.96e-01	9.95e-08	5.93e-08
 5.46532e+22	5.14e-01	4.84e-01	1.66e-03	2.40e-07	0.00e+00	0.00e+00	0.00e+00	0.00e+00	0.00e+00	5.14e-01	1.01e-07	6.03e-08
 5.47069e+22	5.32e-01	4.66e-01	1.48e-03	2.11e-07	0.00e+00	0.00e+00	0.00e+00	0.00e+00	0.00e+00	5.32e-01	1.03e-07	6.12e-08
 5.47615e+22	5.51e-01	4.48e-01	1.32e-03	1.86e-07	0.00e+00	0.00e+00	0.00e+00	0.00e+00	0.00e+00	5.51e-01	1.04e-07	6.20e-08
 5.48173e+22	5.69e-01	4.30e-01	1.18e-03	1.64e-07	0.00e+00	0.00e+00	0.00e+00	0.00e+00	0.00e+00	5.69e-01	1.05e-07	6.26e-08
 5.48743e+22	5.88e-01	4.11e-01	1.04e-03	1.44e-07	0.00e+00	0.00e+00	0.00e+00	0.00e+00	0.00e+00	5.88e-01	1.06e-07	6.31e-08
 5.49224e+22	6.03e-01	3.96e-01	9.48e-04	1.31e-07	0.00e+00	0.00e+00	0.00e+00	0.00e+00	0.00e+00	6.03e-01	1.07e-07	6.34e-08
 5.49582e+22	6.14e-01	3.85e-01	8.81e-04	0.00e+00	0.00e+00	0.00e+00	0.00e+00	0.00e+00	0.00e+00	6.14e-01	1.07e-07	6.35e-08
 5.49926e+22	6.25e-01	3.74e-01	8.18e-04	0.00e+00	0.00e+00	0.00e+00	0.00e+00	0.00e+00	0.00e+00	6.25e-01	1.07e-07	6.36e-08
 5.50304e+22	6.37e-01	3.63e-01	7.55e-04	0.00e+00	0.00e+00	0.00e+00	0.00e+00	0.00e+00	0.00e+00	6.37e-01	1.08e-07	6.36e-08
 5.50706e+22	6.49e-01	3.50e-01	6.93e-04	0.00e+00	0.00e+00	0.00e+00	0.00e+00	0.00e+00	0.00e+00	6.49e-01	1.08e-07	6.36e-08
 5.51106e+22	6.61e-01	3.38e-01	6.36e-04	0.00e+00	0.00e+00	0.00e+00	0.00e+00	0.00e+00	0.00e+00	6.61e-01	1.08e-07	6.34e-08
 5.51492e+22	6.72e-01	3.28e-01	5.87e-04	0.00e+00	0.00e+00	0.00e+00	0.00e+00	0.00e+00	0.00e+00	6.72e-01	1.07e-07	6.34e-08
 5.51886e+22	6.83e-01	3.17e-01	5.40e-04	0.00e+00	0.00e+00	0.00e+00	0.00e+00	0.00e+00	0.00e+00	6.83e-01	1.07e-07	6.31e-08
 5.52292e+22	6.94e-01	3.05e-01	4.95e-04	0.00e+00	0.00e+00	0.00e+00	0.00e+00	0.00e+00	0.00e+00	6.94e-01	1.07e-07	6.28e-08
 5.52694e+22	7.05e-01	2.95e-01	4.55e-04	0.00e+00	0.00e+00	0.00e+00	0.00e+00	0.00e+00	0.00e+00	7.05e-01	1.06e-07	6.25e-08
 5.53097e+22	7.15e-01	2.84e-01	4.19e-04	0.00e+00	0.00e+00	0.00e+00	0.00e+00	0.00e+00	0.00e+00	7.15e-01	1.06e-07	6.21e-08
 5.53511e+22	7.25e-01	2.74e-01	3.84e-04	0.00e+00	0.00e+00	0.00e+00	0.00e+00	0.00e+00	0.00e+00	7.25e-01	1.06e-07	6.17e-08
 5.53934e+22	7.35e-01	2.64e-01	3.52e-04	0.00e+00	0.00e+00	0.00e+00	0.00e+00	0.00e+00	0.00e+00	7.35e-01	1.05e-07	6.13e-08
 5.54364e+22	7.45e-01	2.54e-01	3.22e-04	0.00e+00	0.00e+00	0.00e+00	0.00e+00	0.00e+00	0.00e+00	7.45e-01	1.04e-07	6.08e-08
 5.54798e+22	7.55e-01	2.45e-01	2.95e-04	0.00e+00	0.00e+00	0.00e+00	0.00e+00	0.00e+00	0.00e+00	7.55e-01	1.03e-07	6.02e-08
 5.55231e+22	7.64e-01	2.36e-01	2.70e-04	0.00e+00	0.00e+00	0.00e+00	0.00e+00	0.00e+00	0.00e+00	7.64e-01	1.03e-07	5.97e-08
 5.55670e+22	7.73e-01	2.27e-01	2.47e-04	0.00e+00	0.00e+00	0.00e+00	0.00e+00	0.00e+00	0.00e+00	7.73e-01	1.02e-07	5.91e-08
 5.56124e+22	7.82e-01	2.18e-01	2.25e-04	0.00e+00	0.00e+00	0.00e+00	0.00e+00	0.00e+00	0.00e+00	7.82e-01	1.01e-07	5.85e-08
 5.56590e+22	7.90e-01	2.09e-01	2.05e-04	0.00e+00	0.00e+00	0.00e+00	0.00e+00	0.00e+00	0.00e+00	7.90e-01	1.00e-07	5.78e-08
 5.57057e+22	7.99e-01	2.01e-01	1.87e-04	0.00e+00	0.00e+00	0.00e+00	0.00e+00	0.00e+00	0.00e+00	7.99e-01	9.93e-08	5.71e-08
 5.57528e+22	8.06e-01	1.93e-01	1.71e-04	0.00e+00	0.00e+00	0.00e+00	0.00e+00	0.00e+00	0.00e+00	8.06e-01	9.84e-08	5.65e-08
 5.58016e+22	8.14e-01	1.86e-01	1.55e-04	0.00e+00	0.00e+00	0.00e+00	0.00e+00	0.00e+00	0.00e+00	8.14e-01	9.74e-08	5.58e-08
 5.58515e+22	8.22e-01	1.78e-01	1.41e-04	0.00e+00	0.00e+00	0.00e+00	0.00e+00	0.00e+00	0.00e+00	8.22e-01	9.64e-08	5.51e-08
 5.59025e+22	8.29e-01	1.71e-01	1.28e-04	0.00e+00	0.00e+00	0.00e+00	0.00e+00	0.00e+00	0.00e+00	8.29e-01	9.55e-08	5.44e-08
 5.59544e+22	8.36e-01	1.64e-01	1.16e-04	0.00e+00	0.00e+00	0.00e+00	0.00e+00	0.00e+00	0.00e+00	8.36e-01	9.45e-08	5.37e-08
 5.60071e+22	8.43e-01	1.57e-01	1.05e-04	0.00e+00	0.00e+00	0.00e+00	0.00e+00	0.00e+00	0.00e+00	8.43e-01	9.34e-08	5.29e-08
 5.60598e+22	8.50e-01	1.50e-01	9.53e-05	0.00e+00	0.00e+00	0.00e+00	0.00e+00	0.00e+00	0.00e+00	8.50e-01	9.25e-08	5.22e-08
 5.61137e+22	8.56e-01	1.44e-01	8.62e-05	0.00e+00	0.00e+00	0.00e+00	0.00e+00	0.00e+00	0.00e+00	8.56e-01	9.14e-08	5.15e-08
 5.61689e+22	8.62e-01	1.38e-01	7.79e-05	0.00e+00	0.00e+00	0.00e+00	0.00e+00	0.00e+00	0.00e+00	8.62e-01	9.04e-08	5.08e-08
 5.62247e+22	8.68e-01	1.32e-01	7.04e-05	0.00e+00	0.00e+00	0.00e+00	0.00e+00	0.00e+00	0.00e+00	8.68e-01	8.95e-08	5.00e-08
 5.62814e+22	8.74e-01	1.26e-01	6.35e-05	0.00e+00	0.00e+00	0.00e+00	0.00e+00	0.00e+00	0.00e+00	8.74e-01	8.85e-08	4.93e-08
 5.63389e+22	8.79e-01	1.20e-01	5.74e-05	0.00e+00	0.00e+00	0.00e+00	0.00e+00	0.00e+00	0.00e+00	8.79e-01	8.75e-08	4.86e-08
 5.63971e+22	8.85e-01	1.15e-01	5.18e-05	0.00e+00	0.00e+00	0.00e+00	0.00e+00	0.00e+00	0.00e+00	8.85e-01	8.66e-08	4.79e-08
 5.64556e+22	8.90e-01	1.10e-01	4.68e-05	0.00e+00	0.00e+00	0.00e+00	0.00e+00	0.00e+00	0.00e+00	8.90e-01	8.57e-08	4.73e-08
 5.65139e+22	8.94e-01	1.05e-01	4.23e-05	0.00e+00	0.00e+00	0.00e+00	0.00e+00	0.00e+00	0.00e+00	8.94e-01	8.48e-08	4.66e-08
 5.65726e+22	8.99e-01	1.01e-01	3.83e-05	0.00e+00	0.00e+00	0.00e+00	0.00e+00	0.00e+00	0.00e+00	8.99e-01	8.40e-08	4.60e-08
 5.66317e+22	9.03e-01	9.65e-02	3.46e-05	0.00e+00	0.00e+00	0.00e+00	0.00e+00	0.00e+00	0.00e+00	9.03e-01	8.32e-08	4.54e-08
 5.66911e+22	9.08e-01	9.24e-02	3.14e-05	0.00e+00	0.00e+00	0.00e+00	0.00e+00	0.00e+00	0.00e+00	9.08e-01	8.24e-08	4.48e-08
 5.67506e+22	9.12e-01	8.84e-02	2.84e-05	0.00e+00	0.00e+00	0.00e+00	0.00e+00	0.00e+00	0.00e+00	9.12e-01	8.16e-08	4.42e-08
 5.68104e+22	9.15e-01	8.46e-02	2.58e-05	0.00e+00	0.00e+00	0.00e+00	0.00e+00	0.00e+00	0.00e+00	9.15e-01	8.09e-08	4.37e-08
 5.68701e+22	9.19e-01	8.09e-02	2.34e-05	0.00e+00	0.00e+00	0.00e+00	0.00e+00	0.00e+00	0.00e+00	9.19e-01	8.02e-08	4.31e-08
 5.69290e+22	9.22e-01	7.75e-02	2.13e-05	0.00e+00	0.00e+00	0.00e+00	0.00e+00	0.00e+00	0.00e+00	9.22e-01	7.95e-08	4.26e-08
 5.69879e+22	9.26e-01	7.42e-02	1.95e-05	0.00e+00	0.00e+00	0.00e+00	0.00e+00	0.00e+00	0.00e+00	9.26e-01	7.88e-08	4.21e-08
 5.70468e+22	9.29e-01	7.11e-02	1.78e-05	0.00e+00	0.00e+00	0.00e+00	0.00e+00	0.00e+00	0.00e+00	9.29e-01	7.81e-08	4.16e-08
 5.71056e+22	9.32e-01	6.80e-02	1.63e-05	0.00e+00	0.00e+00	0.00e+00	0.00e+00	0.00e+00	0.00e+00	9.32e-01	7.74e-08	4.11e-08
 5.71638e+22	9.35e-01	6.52e-02	1.49e-05	0.00e+00	0.00e+00	0.00e+00	0.00e+00	0.00e+00	0.00e+00	9.35e-01	7.68e-08	4.07e-08
 5.72216e+22	9.38e-01	6.24e-02	1.37e-05	0.00e+00	0.00e+00	0.00e+00	0.00e+00	0.00e+00	0.00e+00	9.38e-01	7.62e-08	4.02e-08
 5.72784e+22	9.40e-01	5.99e-02	1.26e-05	0.00e+00	0.00e+00	0.00e+00	0.00e+00	0.00e+00	0.00e+00	9.40e-01	7.56e-08	3.98e-08
 5.73326e+22	9.42e-01	5.75e-02	1.17e-05	0.00e+00	0.00e+00	0.00e+00	0.00e+00	0.00e+00	0.00e+00	9.42e-01	7.50e-08	3.94e-08
 5.73835e+22	9.45e-01	5.54e-02	1.09e-05	0.00e+00	0.00e+00	0.00e+00	0.00e+00	0.00e+00	0.00e+00	9.45e-01	7.46e-08	3.91e-08
 5.74315e+22	9.46e-01	5.35e-02	1.03e-05	0.00e+00	0.00e+00	0.00e+00	0.00e+00	0.00e+00	0.00e+00	9.46e-01	7.41e-08	3.87e-08
 5.74770e+22	9.48e-01	5.18e-02	9.66e-06	0.00e+00	0.00e+00	0.00e+00	0.00e+00	0.00e+00	0.00e+00	9.48e-01	7.37e-08	3.84e-08
 5.75204e+22	9.50e-01	5.01e-02	9.13e-06	0.00e+00	0.00e+00	0.00e+00	0.00e+00	0.00e+00	0.00e+00	9.50e-01	7.33e-08	3.81e-08
 5.75618e+22	9.51e-01	4.86e-02	8.66e-06	0.00e+00	0.00e+00	0.00e+00	0.00e+00	0.00e+00	0.00e+00	9.51e-01	7.29e-08	3.79e-08
 5.76014e+22	9.53e-01	4.72e-02	8.25e-06	0.00e+00	0.00e+00	0.00e+00	0.00e+00	0.00e+00	0.00e+00	9.53e-01	7.26e-08	3.76e-08
 5.76394e+22	9.54e-01	4.58e-02	7.85e-06	0.00e+00	0.00e+00	0.00e+00	0.00e+00	0.00e+00	0.00e+00	9.54e-01	7.22e-08	3.74e-08
 5.76745e+22	9.55e-01	4.46e-02	7.52e-06	0.00e+00	0.00e+00	0.00e+00	0.00e+00	0.00e+00	0.00e+00	9.55e-01	7.19e-08	3.71e-08
 5.77076e+22	9.57e-01	4.34e-02	7.22e-06	0.00e+00	0.00e+00	0.00e+00	0.00e+00	0.00e+00	0.00e+00	9.57e-01	7.16e-08	3.69e-08
 5.77409e+22	9.58e-01	4.23e-02	6.93e-06	0.00e+00	0.00e+00	0.00e+00	0.00e+00	0.00e+00	0.00e+00	9.58e-01	7.13e-08	3.67e-08
 5.77733e+22	9.59e-01	4.12e-02	6.66e-06	0.00e+00	0.00e+00	0.00e+00	0.00e+00	0.00e+00	0.00e+00	9.59e-01	7.10e-08	3.65e-08
 5.78034e+22	9.60e-01	4.02e-02	6.42e-06	0.00e+00	0.00e+00	0.00e+00	0.00e+00	0.00e+00	0.00e+00	9.60e-01	7.07e-08	3.63e-08
 5.78309e+22	9.61e-01	3.93e-02	6.22e-06	0.00e+00	0.00e+00	0.00e+00	0.00e+00	0.00e+00	0.00e+00	9.61e-01	7.04e-08	3.61e-08
 5.78558e+22	9.61e-01	3.85e-02	6.04e-06	0.00e+00	0.00e+00	0.00e+00	0.00e+00	0.00e+00	0.00e+00	9.61e-01	7.02e-08	3.59e-08
 5.78786e+22	9.62e-01	3.78e-02	5.87e-06	0.00e+00	0.00e+00	0.00e+00	0.00e+00	0.00e+00	0.00e+00	9.62e-01	7.00e-08	3.57e-08
 5.78992e+22	9.63e-01	3.71e-02	5.73e-06	0.00e+00	0.00e+00	0.00e+00	0.00e+00	0.00e+00	0.00e+00	9.63e-01	6.97e-08	3.56e-08
 5.79180e+22	9.63e-01	3.66e-02	5.61e-06	0.00e+00	0.00e+00	0.00e+00	0.00e+00	0.00e+00	0.00e+00	9.63e-01	6.95e-08	3.54e-08
 5.79352e+22	9.64e-01	3.61e-02	5.50e-06	0.00e+00	0.00e+00	0.00e+00	0.00e+00	0.00e+00	0.00e+00	9.64e-01	6.93e-08	3.53e-08
 5.79539e+22	9.64e-01	3.55e-02	5.37e-06	0.00e+00	0.00e+00	0.00e+00	0.00e+00	0.00e+00	0.00e+00	9.64e-01	6.89e-08	3.52e-08
 5.79742e+22	9.65e-01	3.49e-02	5.24e-06	0.00e+00	0.00e+00	0.00e+00	0.00e+00	0.00e+00	0.00e+00	9.65e-01	6.85e-08	3.50e-08
 5.79926e+22	9.66e-01	3.43e-02	5.13e-06	0.00e+00	0.00e+00	0.00e+00	0.00e+00	0.00e+00	0.00e+00	9.66e-01	6.82e-08	3.49e-08
 5.80094e+22	9.66e-01	3.38e-02	5.02e-06	0.00e+00	0.00e+00	0.00e+00	0.00e+00	0.00e+00	0.00e+00	9.66e-01	6.79e-08	3.48e-08
 5.80246e+22	9.67e-01	3.34e-02	4.93e-06	0.00e+00	0.00e+00	0.00e+00	0.00e+00	0.00e+00	0.00e+00	9.67e-01	6.76e-08	3.47e-08
 5.80413e+22	9.67e-01	3.29e-02	4.83e-06	0.00e+00	0.00e+00	0.00e+00	0.00e+00	0.00e+00	0.00e+00	9.67e-01	6.73e-08	3.45e-08
 5.80594e+22	9.68e-01	3.24e-02	4.72e-06	0.00e+00	0.00e+00	0.00e+00	0.00e+00	0.00e+00	0.00e+00	9.68e-01	6.70e-08	3.44e-08
 5.80758e+22	9.68e-01	3.20e-02	4.63e-06	0.00e+00	0.00e+00	0.00e+00	0.00e+00	0.00e+00	0.00e+00	9.68e-01	6.68e-08	3.43e-08
 5.80938e+22	9.69e-01	3.14e-02	4.52e-06	0.00e+00	0.00e+00	0.00e+00	0.00e+00	0.00e+00	0.00e+00	9.69e-01	6.64e-08	3.41e-08
 5.81133e+22	9.69e-01	3.08e-02	4.41e-06	0.00e+00	0.00e+00	0.00e+00	0.00e+00	0.00e+00	0.00e+00	9.69e-01	6.61e-08	3.40e-08
 5.81310e+22	9.70e-01	3.04e-02	4.32e-06	0.00e+00	0.00e+00	0.00e+00	0.00e+00	0.00e+00	0.00e+00	9.70e-01	6.60e-08	3.39e-08
 5.81503e+22	9.70e-01	2.99e-02	4.22e-06	0.00e+00	0.00e+00	0.00e+00	0.00e+00	0.00e+00	0.00e+00	9.70e-01	6.57e-08	3.38e-08
 5.81713e+22	9.71e-01	2.94e-02	4.11e-06	0.00e+00	0.00e+00	0.00e+00	0.00e+00	0.00e+00	0.00e+00	9.71e-01	6.55e-08	3.37e-08
 5.81903e+22	9.71e-01	2.90e-02	4.02e-06	0.00e+00	0.00e+00	0.00e+00	0.00e+00	0.00e+00	0.00e+00	9.71e-01	6.53e-08	3.36e-08
 5.82112e+22	9.72e-01	2.85e-02	3.91e-06	0.00e+00	0.00e+00	0.00e+00	0.00e+00	0.00e+00	0.00e+00	9.72e-01	6.51e-08	3.35e-08
 5.82337e+22	9.72e-01	2.79e-02	3.80e-06	0.00e+00	0.00e+00	0.00e+00	0.00e+00	0.00e+00	0.00e+00	9.72e-01	6.48e-08	3.34e-08
 5.82542e+22	9.73e-01	2.75e-02	3.71e-06	0.00e+00	0.00e+00	0.00e+00	0.00e+00	0.00e+00	0.00e+00	9.73e-01	6.46e-08	3.33e-08
 5.82728e+22	9.73e-01	2.71e-02	3.63e-06	0.00e+00	0.00e+00	0.00e+00	0.00e+00	0.00e+00	0.00e+00	9.73e-01	6.44e-08	3.32e-08
 5.82933e+22	9.73e-01	2.66e-02	3.54e-06	0.00e+00	0.00e+00	0.00e+00	0.00e+00	0.00e+00	0.00e+00	9.73e-01	6.42e-08	3.31e-08
 5.83153e+22	9.74e-01	2.61e-02	3.45e-06	0.00e+00	0.00e+00	0.00e+00	0.00e+00	0.00e+00	0.00e+00	9.74e-01	6.40e-08	3.30e-08
 5.83354e+22	9.74e-01	2.57e-02	3.37e-06	0.00e+00	0.00e+00	0.00e+00	0.00e+00	0.00e+00	0.00e+00	9.74e-01	6.38e-08	3.28e-08
 5.83537e+22	9.75e-01	2.54e-02	3.30e-06	0.00e+00	0.00e+00	0.00e+00	0.00e+00	0.00e+00	0.00e+00	9.75e-01	6.36e-08	3.27e-08
 5.83737e+22	9.75e-01	2.50e-02	3.21e-06	0.00e+00	0.00e+00	0.00e+00	0.00e+00	0.00e+00	0.00e+00	9.75e-01	6.34e-08	3.26e-08
 5.83953e+22	9.75e-01	2.45e-02	3.12e-06	0.00e+00	0.00e+00	0.00e+00	0.00e+00	0.00e+00	0.00e+00	9.75e-01	6.32e-08	3.25e-08
 5.84150e+22	9.76e-01	2.41e-02	3.04e-06	0.00e+00	0.00e+00	0.00e+00	0.00e+00	0.00e+00	0.00e+00	9.76e-01	6.29e-08	3.24e-08
 5.84329e+22	9.76e-01	2.38e-02	2.98e-06	0.00e+00	0.00e+00	0.00e+00	0.00e+00	0.00e+00	0.00e+00	9.76e-01	6.28e-08	3.23e-08
 5.84492e+22	9.77e-01	2.35e-02	2.92e-06	0.00e+00	0.00e+00	0.00e+00	0.00e+00	0.00e+00	0.00e+00	9.77e-01	6.26e-08	3.22e-08
 5.84670e+22	9.77e-01	2.31e-02	2.85e-06	0.00e+00	0.00e+00	0.00e+00	0.00e+00	0.00e+00	0.00e+00	9.77e-01	6.24e-08	3.20e-08
 5.84863e+22	9.77e-01	2.27e-02	2.77e-06	0.00e+00	0.00e+00	0.00e+00	0.00e+00	0.00e+00	0.00e+00	9.77e-01	6.21e-08	3.19e-08
 5.85038e+22	9.78e-01	2.24e-02	2.72e-06	0.00e+00	0.00e+00	0.00e+00	0.00e+00	0.00e+00	0.00e+00	9.78e-01	6.19e-08	3.18e-08
 5.85231e+22	9.78e-01	2.20e-02	2.65e-06	0.00e+00	0.00e+00	0.00e+00	0.00e+00	0.00e+00	0.00e+00	9.78e-01	6.17e-08	3.16e-08
 5.85438e+22	9.78e-01	2.16e-02	2.58e-06	0.00e+00	0.00e+00	0.00e+00	0.00e+00	0.00e+00	0.00e+00	9.78e-01	6.15e-08	3.15e-08
 5.85627e+22	9.79e-01	2.13e-02	2.53e-06	0.00e+00	0.00e+00	0.00e+00	0.00e+00	0.00e+00	0.00e+00	9.79e-01	6.13e-08	3.13e-08
 5.85799e+22	9.79e-01	2.10e-02	2.47e-06	0.00e+00	0.00e+00	0.00e+00	0.00e+00	0.00e+00	0.00e+00	9.79e-01	6.10e-08	3.12e-08
 5.85955e+22	9.79e-01	2.08e-02	2.43e-06	0.00e+00	0.00e+00	0.00e+00	0.00e+00	0.00e+00	0.00e+00	9.79e-01	6.09e-08	3.11e-08
 5.86126e+22	9.80e-01	2.04e-02	2.38e-06	0.00e+00	0.00e+00	0.00e+00	0.00e+00	0.00e+00	0.00e+00	9.80e-01	6.07e-08	3.10e-08
 5.86349e+22	9.80e-01	2.00e-02	2.31e-06	0.00e+00	0.00e+00	0.00e+00	0.00e+00	0.00e+00	0.00e+00	9.80e-01	6.05e-08	3.08e-08
 5.86589e+22	9.80e-01	1.96e-02	2.25e-06	0.00e+00	0.00e+00	0.00e+00	0.00e+00	0.00e+00	0.00e+00	9.80e-01	6.02e-08	3.06e-08
 5.86808e+22	9.81e-01	1.93e-02	2.19e-06	0.00e+00	0.00e+00	0.00e+00	0.00e+00	0.00e+00	0.00e+00	9.81e-01	6.00e-08	3.05e-08
 5.87007e+22	9.81e-01	1.90e-02	2.15e-06	0.00e+00	0.00e+00	0.00e+00	0.00e+00	0.00e+00	0.00e+00	9.81e-01	5.98e-08	3.03e-08
 5.87188e+22	9.81e-01	1.87e-02	2.11e-06	0.00e+00	0.00e+00	0.00e+00	0.00e+00	0.00e+00	0.00e+00	9.81e-01	5.96e-08	3.02e-08
 5.87387e+22	9.82e-01	1.84e-02	2.06e-06	0.00e+00	0.00e+00	0.00e+00	0.00e+00	0.00e+00	0.00e+00	9.82e-01	5.90e-08	2.99e-08
 5.87601e+22	9.82e-01	1.82e-02	2.02e-06	0.00e+00	0.00e+00	0.00e+00	0.00e+00	0.00e+00	0.00e+00	9.82e-01	5.84e-08	2.96e-08
 5.87836e+22	9.82e-01	1.78e-02	1.96e-06	0.00e+00	0.00e+00	0.00e+00	0.00e+00	0.00e+00	0.00e+00	9.82e-01	5.77e-08	2.93e-08
 5.88090e+22	9.82e-01	1.75e-02	1.92e-06	0.00e+00	0.00e+00	0.00e+00	0.00e+00	0.00e+00	0.00e+00	9.82e-01	5.70e-08	2.90e-08
 5.88320e+22	9.83e-01	1.72e-02	1.87e-06	0.00e+00	0.00e+00	0.00e+00	0.00e+00	0.00e+00	0.00e+00	9.83e-01	5.64e-08	2.87e-08
 5.88530e+22	9.83e-01	1.69e-02	1.83e-06	0.00e+00	0.00e+00	0.00e+00	0.00e+00	0.00e+00	0.00e+00	9.83e-01	5.57e-08	2.83e-08
 5.88721e+22	9.83e-01	1.68e-02	1.80e-06	0.00e+00	0.00e+00	0.00e+00	0.00e+00	0.00e+00	0.00e+00	9.83e-01	5.54e-08	2.81e-08
 5.88931e+22	9.84e-01	1.65e-02	1.77e-06	0.00e+00	0.00e+00	0.00e+00	0.00e+00	0.00e+00	0.00e+00	9.84e-01	5.49e-08	2.78e-08
 5.89157e+22	9.84e-01	1.62e-02	1.73e-06	0.00e+00	0.00e+00	0.00e+00	0.00e+00	0.00e+00	0.00e+00	9.84e-01	5.44e-08	2.74e-08
 5.89404e+22	9.84e-01	1.59e-02	1.69e-06	0.00e+00	0.00e+00	0.00e+00	0.00e+00	0.00e+00	0.00e+00	9.84e-01	5.37e-08	2.71e-08
 5.89672e+22	9.84e-01	1.57e-02	1.65e-06	0.00e+00	0.00e+00	0.00e+00	0.00e+00	0.00e+00	0.00e+00	9.84e-01	5.32e-08	2.67e-08
 5.89915e+22	9.85e-01	1.54e-02	1.61e-06	0.00e+00	0.00e+00	0.00e+00	0.00e+00	0.00e+00	0.00e+00	9.85e-01	5.26e-08	2.64e-08
 5.90137e+22	9.85e-01	1.51e-02	1.58e-06	0.00e+00	0.00e+00	0.00e+00	0.00e+00	0.00e+00	0.00e+00	9.85e-01	5.19e-08	2.59e-08
 5.90338e+22	9.85e-01	1.50e-02	1.56e-06	0.00e+00	0.00e+00	0.00e+00	0.00e+00	0.00e+00	0.00e+00	9.85e-01	5.16e-08	2.58e-08
 5.90559e+22	9.85e-01	1.47e-02	1.52e-06	0.00e+00	0.00e+00	0.00e+00	0.00e+00	0.00e+00	0.00e+00	9.85e-01	5.11e-08	2.55e-08
 5.90797e+22	9.86e-01	1.45e-02	1.49e-06	0.00e+00	0.00e+00	0.00e+00	0.00e+00	0.00e+00	0.00e+00	9.86e-01	5.06e-08	2.52e-08
 5.91058e+22	9.86e-01	1.42e-02	1.46e-06	0.00e+00	0.00e+00	0.00e+00	0.00e+00	0.00e+00	0.00e+00	9.86e-01	5.00e-08	2.48e-08
 5.91340e+22	9.86e-01	1.40e-02	1.43e-06	0.00e+00	0.00e+00	0.00e+00	0.00e+00	0.00e+00	0.00e+00	9.86e-01	4.94e-08	2.44e-08
 5.91597e+22	9.86e-01	1.37e-02	1.40e-06	0.00e+00	0.00e+00	0.00e+00	0.00e+00	0.00e+00	0.00e+00	9.86e-01	4.86e-08	2.40e-08
 5.91831e+22	9.86e-01	1.36e-02	1.37e-06	0.00e+00	0.00e+00	0.00e+00	0.00e+00	0.00e+00	0.00e+00	9.86e-01	4.83e-08	2.38e-08
 5.92087e+22	9.87e-01	1.33e-02	1.34e-06	0.00e+00	0.00e+00	0.00e+00	0.00e+00	0.00e+00	0.00e+00	9.87e-01	4.77e-08	2.34e-08
 5.92363e+22	9.87e-01	1.31e-02	1.32e-06	0.00e+00	0.00e+00	0.00e+00	0.00e+00	0.00e+00	0.00e+00	9.87e-01	4.71e-08	2.30e-08
 5.92614e+22	9.87e-01	1.29e-02	1.29e-06	0.00e+00	0.00e+00	0.00e+00	0.00e+00	0.00e+00	0.00e+00	9.87e-01	4.66e-08	2.28e-08
 5.92890e+22	9.87e-01	1.26e-02	1.26e-06	0.00e+00	0.00e+00	0.00e+00	0.00e+00	0.00e+00	0.00e+00	9.87e-01	4.59e-08	2.24e-08
 5.93187e+22	9.88e-01	1.24e-02	1.24e-06	0.00e+00	0.00e+00	0.00e+00	0.00e+00	0.00e+00	0.00e+00	9.88e-01	4.53e-08	2.20e-08
 5.93458e+22	9.88e-01	1.21e-02	1.21e-06	0.00e+00	0.00e+00	0.00e+00	0.00e+00	0.00e+00	0.00e+00	9.88e-01	4.45e-08	2.15e-08
 5.93704e+22	9.88e-01	1.20e-02	1.19e-06	0.00e+00	0.00e+00	0.00e+00	0.00e+00	0.00e+00	0.00e+00	9.88e-01	4.42e-08	2.13e-08
 5.93974e+22	9.88e-01	1.18e-02	1.17e-06	0.00e+00	0.00e+00	0.00e+00	0.00e+00	0.00e+00	0.00e+00	9.88e-01	4.35e-08	2.10e-08
 5.94265e+22	9.88e-01	1.16e-02	1.15e-06	0.00e+00	0.00e+00	0.00e+00	0.00e+00	0.00e+00	0.00e+00	9.88e-01	4.29e-08	2.06e-08
 5.94530e+22	9.89e-01	1.14e-02	1.13e-06	0.00e+00	0.00e+00	0.00e+00	0.00e+00	0.00e+00	0.00e+00	9.89e-01	4.25e-08	2.04e-08
 5.94821e+22	9.89e-01	1.12e-02	1.10e-06	0.00e+00	0.00e+00	0.00e+00	0.00e+00	0.00e+00	0.00e+00	9.89e-01	4.17e-08	1.99e-08
 5.95134e+22	9.89e-01	1.10e-02	1.08e-06	0.00e+00	0.00e+00	0.00e+00	0.00e+00	0.00e+00	0.00e+00	9.89e-01	4.11e-08	1.96e-08
 5.95420e+22	9.89e-01	1.08e-02	1.06e-06	0.00e+00	0.00e+00	0.00e+00	0.00e+00	0.00e+00	0.00e+00	9.89e-01	4.07e-08	1.93e-08
 5.95733e+22	9.89e-01	1.06e-02	1.04e-06	0.00e+00	0.00e+00	0.00e+00	0.00e+00	0.00e+00	0.00e+00	9.89e-01	4.00e-08	1.89e-08
 5.96070e+22	9.90e-01	1.04e-02	1.02e-06	0.00e+00	0.00e+00	0.00e+00	0.00e+00	0.00e+00	0.00e+00	9.90e-01	3.94e-08	1.86e-08
 5.96378e+22	9.90e-01	1.02e-02	1.00e-06	0.00e+00	0.00e+00	0.00e+00	0.00e+00	0.00e+00	0.00e+00	9.90e-01	3.90e-08	1.83e-08
 5.96714e+22	9.90e-01	1.00e-02	9.79e-07	0.00e+00	0.00e+00	0.00e+00	0.00e+00	0.00e+00	0.00e+00	9.90e-01	3.83e-08	1.80e-08
 5.97078e+22	9.90e-01	9.80e-03	9.58e-07	0.00e+00	0.00e+00	0.00e+00	0.00e+00	0.00e+00	0.00e+00	9.90e-01	3.77e-08	1.76e-08
 5.97408e+22	9.90e-01	9.64e-03	9.42e-07	0.00e+00	0.00e+00	0.00e+00	0.00e+00	0.00e+00	0.00e+00	9.90e-01	3.73e-08	1.74e-08
 5.97771e+22	9.91e-01	9.43e-03	9.20e-07	0.00e+00	0.00e+00	0.00e+00	0.00e+00	0.00e+00	0.00e+00	9.91e-01	3.66e-08	1.70e-08
 5.98162e+22	9.91e-01	9.21e-03	9.00e-07	0.00e+00	0.00e+00	0.00e+00	0.00e+00	0.00e+00	0.00e+00	9.91e-01	3.60e-08	1.66e-08
 5.98518e+22	9.91e-01	9.05e-03	8.84e-07	0.00e+00	0.00e+00	0.00e+00	0.00e+00	0.00e+00	0.00e+00	9.91e-01	3.55e-08	1.63e-08
 5.98908e+22	9.91e-01	8.84e-03	8.64e-07	0.00e+00	0.00e+00	0.00e+00	0.00e+00	0.00e+00	0.00e+00	9.91e-01	3.49e-08	1.59e-08
 5.99330e+22	9.91e-01	8.63e-03	8.45e-07	0.00e+00	0.00e+00	0.00e+00	0.00e+00	0.00e+00	0.00e+00	9.91e-01	3.43e-08	1.55e-08
 5.99713e+22	9.92e-01	8.46e-03	8.30e-07	0.00e+00	0.00e+00	0.00e+00	0.00e+00	0.00e+00	0.00e+00	9.92e-01	3.37e-08	1.52e-08
 6.00062e+22	9.92e-01	8.33e-03	8.16e-07	0.00e+00	0.00e+00	0.00e+00	0.00e+00	0.00e+00	0.00e+00	9.92e-01	3.32e-08	1.49e-08
 6.00444e+22	9.92e-01	8.15e-03	8.00e-07	0.00e+00	0.00e+00	0.00e+00	0.00e+00	0.00e+00	0.00e+00	9.92e-01	3.26e-08	1.46e-08
 6.00857e+22	9.92e-01	7.97e-03	7.84e-07	0.00e+00	0.00e+00	0.00e+00	0.00e+00	0.00e+00	0.00e+00	9.92e-01	3.20e-08	1.42e-08
 6.01232e+22	9.92e-01	7.83e-03	7.71e-07	0.00e+00	0.00e+00	0.00e+00	0.00e+00	0.00e+00	0.00e+00	9.92e-01	3.16e-08	1.40e-08
 6.01644e+22	9.92e-01	7.66e-03	7.55e-07	0.00e+00	0.00e+00	0.00e+00	0.00e+00	0.00e+00	0.00e+00	9.92e-01	3.10e-08	1.36e-08
 6.02088e+22	9.93e-01	7.45e-03	7.39e-07	0.00e+00	0.00e+00	0.00e+00	0.00e+00	0.00e+00	0.00e+00	9.93e-01	3.02e-08	1.32e-08
 6.02492e+22	9.93e-01	7.33e-03	7.27e-07	0.00e+00	0.00e+00	0.00e+00	0.00e+00	0.00e+00	0.00e+00	9.93e-01	2.98e-08	1.30e-08
 6.02935e+22	9.93e-01	7.16e-03	7.12e-07	0.00e+00	0.00e+00	0.00e+00	0.00e+00	0.00e+00	0.00e+00	9.93e-01	2.93e-08	1.27e-08
 6.03414e+22	9.93e-01	6.99e-03	6.98e-07	0.00e+00	0.00e+00	0.00e+00	0.00e+00	0.00e+00	0.00e+00	9.93e-01	2.87e-08	1.24e-08
 6.03849e+22	9.93e-01	6.83e-03	6.85e-07	0.00e+00	0.00e+00	0.00e+00	0.00e+00	0.00e+00	0.00e+00	9.93e-01	2.82e-08	1.21e-08
 6.04245e+22	9.93e-01	6.71e-03	6.74e-07	0.00e+00	0.00e+00	0.00e+00	0.00e+00	0.00e+00	0.00e+00	9.93e-01	2.78e-08	1.19e-08
 6.04679e+22	9.93e-01	6.56e-03	6.62e-07	0.00e+00	0.00e+00	0.00e+00	0.00e+00	0.00e+00	0.00e+00	9.93e-01	2.72e-08	1.16e-08
 6.05147e+22	9.94e-01	6.39e-03	6.49e-07	0.00e+00	0.00e+00	0.00e+00	0.00e+00	0.00e+00	0.00e+00	9.94e-01	2.66e-08	1.12e-08
 6.05574e+22	9.94e-01	6.28e-03	6.39e-07	0.00e+00	0.00e+00	0.00e+00	0.00e+00	0.00e+00	0.00e+00	9.94e-01	2.63e-08	1.10e-08
 6.06041e+22	9.94e-01	6.13e-03	6.26e-07	0.00e+00	0.00e+00	0.00e+00	0.00e+00	0.00e+00	0.00e+00	9.94e-01	2.57e-08	1.07e-08
 6.06545e+22	9.94e-01	5.96e-03	6.14e-07	0.00e+00	0.00e+00	0.00e+00	0.00e+00	0.00e+00	0.00e+00	9.94e-01	2.51e-08	1.04e-08
 6.07004e+22	9.94e-01	5.84e-03	6.04e-07	0.00e+00	0.00e+00	0.00e+00	0.00e+00	0.00e+00	0.00e+00	9.94e-01	2.48e-08	1.02e-08
 6.07507e+22	9.94e-01	5.70e-03	5.92e-07	0.00e+00	0.00e+00	0.00e+00	0.00e+00	0.00e+00	0.00e+00	9.94e-01	2.43e-08	9.92e-09
 6.08050e+22	9.94e-01	5.55e-03	5.81e-07	0.00e+00	0.00e+00	0.00e+00	0.00e+00	0.00e+00	0.00e+00	9.94e-01	2.38e-08	9.65e-09
 6.08544e+22	9.95e-01	5.41e-03	5.71e-07	0.00e+00	0.00e+00	0.00e+00	0.00e+00	0.00e+00	0.00e+00	9.95e-01	2.33e-08	9.39e-09
 6.08994e+22	9.95e-01	5.31e-03	5.62e-07	0.00e+00	0.00e+00	0.00e+00	0.00e+00	0.00e+00	0.00e+00	9.95e-01	2.29e-08	9.16e-09
 6.09487e+22	9.95e-01	5.19e-03	5.52e-07	0.00e+00	0.00e+00	0.00e+00	0.00e+00	0.00e+00	0.00e+00	9.95e-01	2.25e-08	8.93e-09
 6.10019e+22	9.95e-01	5.06e-03	5.43e-07	0.00e+00	0.00e+00	0.00e+00	0.00e+00	0.00e+00	0.00e+00	9.95e-01	2.20e-08	8.66e-09
 6.10503e+22	9.95e-01	4.94e-03	5.34e-07	0.00e+00	0.00e+00	0.00e+00	0.00e+00	0.00e+00	0.00e+00	9.95e-01	2.16e-08	8.44e-09
 6.11033e+22	9.95e-01	4.83e-03	5.25e-07	0.00e+00	0.00e+00	0.00e+00	0.00e+00	0.00e+00	0.00e+00	9.95e-01	2.11e-08	8.19e-09
 6.11606e+22	9.95e-01	4.68e-03	5.15e-07	0.00e+00	0.00e+00	0.00e+00	0.00e+00	0.00e+00	0.00e+00	9.95e-01	2.05e-08	7.89e-09
 6.12127e+22	9.95e-01	4.58e-03	5.07e-07	0.00e+00	0.00e+00	0.00e+00	0.00e+00	0.00e+00	0.00e+00	9.95e-01	2.02e-08	7.70e-09
 6.12698e+22	9.96e-01	4.46e-03	4.98e-07	0.00e+00	0.00e+00	0.00e+00	0.00e+00	0.00e+00	0.00e+00	9.96e-01	1.97e-08	7.46e-09
