#depth	H	H+	H2
 1.54284e+22	4.29e-08	1.00e+00	2.01e-35
 3.43785e+22	9.71e-08	1.00e+00	3.64e-34
 3.91615e+22	1.41e-07	1.00e+00	1.24e-33
 4.10534e+22	1.70e-07	1.00e+00	2.08e-33
 4.18418e+22	1.77e-07	1.00e+00	2.40e-33
 4.21366e+22	1.84e-07	1.00e+00	2.70e-33
 4.24507e+22	1.93e-07	1.00e+00	3.14e-33
 4.27653e+22	2.00e-07	1.00e+00	3.52e-33
 4.30818e+22	2.10e-07	1.00e+00	4.08e-33
 4.34032e+22	2.17e-07	1.00e+00	4.43e-33
 4.37308e+22	2.27e-07	1.00e+00	5.14e-33
 4.40500e+22	2.35e-07	1.00e+00	5.70e-33
 4.43582e+22	2.45e-07	1.00e+00	6.52e-33
 4.46742e+22	2.53e-07	1.00e+00	7.26e-33
 4.50004e+22	2.64e-07	1.00e+00	8.35e-33
 4.53303e+22	2.73e-07	1.00e+00	9.27e-33
 4.56653e+22	2.84e-07	1.00e+00	1.06e-32
 4.59976e+22	2.94e-07	1.00e+00	1.18e-32
 4.63264e+22	3.06e-07	1.00e+00	1.35e-32
 4.66586e+22	3.15e-07	1.00e+00	1.49e-32
 4.69951e+22	3.29e-07	1.00e+00	1.70e-32
 4.73382e+22	3.39e-07	1.00e+00	1.89e-32
 4.76898e+22	3.53e-07	1.00e+00	2.16e-32
 4.80480e+22	3.64e-07	1.00e+00	1.18e-32
 4.84145e+22	3.80e-07	1.00e+00	1.36e-32
 4.87882e+22	3.92e-07	1.00e+00	1.51e-32
 4.91160e+22	4.04e-07	1.00e+00	1.68e-32
 4.94872e+22	4.21e-07	1.00e+00	1.92e-32
 4.98587e+22	4.33e-07	1.00e+00	2.12e-32
 5.02304e+22	4.51e-07	1.00e+00	2.42e-32
 5.06079e+22	4.63e-07	1.00e+00	2.67e-32
 5.09927e+22	4.82e-07	1.00e+00	3.05e-32
 5.13901e+22	4.97e-07	1.00e+00	3.40e-32
 5.18038e+22	5.17e-07	1.00e+00	3.89e-32
 5.22321e+22	5.35e-07	1.00e+00	4.38e-32
 5.26796e+22	5.57e-07	1.00e+00	5.06e-32
 5.31408e+22	5.77e-07	1.00e+00	5.72e-32
 5.36201e+22	6.01e-07	1.00e+00	6.67e-32
 5.41156e+22	6.24e-07	1.00e+00	7.60e-32
 5.45637e+22	6.46e-07	1.00e+00	8.62e-32
 5.50779e+22	6.75e-07	1.00e+00	1.01e-31
 5.56025e+22	7.00e-07	1.00e+00	1.16e-31
 5.61407e+22	7.33e-07	1.00e+00	1.37e-31
 5.66862e+22	7.62e-07	1.00e+00	1.57e-31
 5.72411e+22	7.99e-07	1.00e+00	1.86e-31
 5.78019e+22	8.31e-07	1.00e+00	1.09e-31
 5.83705e+22	8.75e-07	1.00e+00	1.33e-31
 5.89420e+22	9.10e-07	1.00e+00	1.56e-31
 5.94197e+22	9.43e-07	1.00e+00	1.79e-31
 5.99427e+22	9.92e-07	1.00e+00	2.16e-31
 6.04589e+22	1.03e-06	1.00e+00	2.46e-31
 6.09662e+22	1.08e-06	1.00e+00	2.93e-31
 6.14822e+22	1.12e-06	1.00e+00	3.36e-31
 6.20095e+22	1.18e-06	1.00e+00	4.00e-31
 6.25430e+22	1.23e-06	1.00e+00	4.59e-31
 6.30848e+22	1.30e-06	1.00e+00	5.45e-31
 6.36368e+22	1.36e-06	1.00e+00	6.29e-31
 6.42022e+22	1.44e-06	1.00e+00	7.48e-31
 6.47778e+22	1.52e-06	1.00e+00	8.64e-31
 6.53668e+22	1.62e-06	1.00e+00	1.03e-30
 6.59630e+22	1.70e-06	1.00e+00	1.18e-30
 6.64665e+22	1.79e-06	1.00e+00	1.34e-30
 6.70186e+22	1.90e-06	1.00e+00	1.55e-30
 6.75732e+22	2.00e-06	1.00e+00	1.76e-30
 6.81142e+22	2.13e-06	1.00e+00	2.01e-30
 6.86660e+22	2.24e-06	1.00e+00	2.28e-30
 6.92086e+22	2.38e-06	1.00e+00	2.56e-30
 6.97621e+22	2.52e-06	1.00e+00	2.82e-30
 7.03043e+22	2.67e-06	1.00e+00	3.20e-30
 7.08526e+22	2.83e-06	1.00e+00	3.56e-30
 7.13943e+22	3.00e-06	1.00e+00	3.96e-30
 7.19347e+22	3.18e-06	1.00e+00	4.38e-30
 7.24759e+22	3.37e-06	1.00e+00	4.85e-30
 7.30189e+22	3.57e-06	1.00e+00	5.38e-30
 7.35636e+22	3.78e-06	1.00e+00	5.99e-30
 7.41126e+22	4.01e-06	1.00e+00	6.68e-30
 7.46666e+22	4.25e-06	1.00e+00	7.48e-30
 7.52239e+22	4.50e-06	1.00e+00	8.40e-30
 7.57898e+22	4.77e-06	1.00e+00	9.51e-30
 7.63611e+22	5.05e-06	1.00e+00	1.08e-29
 7.69433e+22	5.36e-06	1.00e+00	1.27e-29
 7.75349e+22	5.67e-06	1.00e+00	1.47e-29
 7.80769e+22	5.95e-06	1.00e+00	1.67e-29
 7.86434e+22	6.33e-06	1.00e+00	1.97e-29
 7.92186e+22	6.65e-06	1.00e+00	2.29e-29
 7.98103e+22	7.07e-06	1.00e+00	2.77e-29
 8.04052e+22	7.42e-06	1.00e+00	3.25e-29
 8.10045e+22	7.90e-06	1.00e+00	4.01e-29
 8.16053e+22	8.28e-06	1.00e+00	4.74e-29
 8.22081e+22	8.80e-06	1.00e+00	5.91e-29
 8.28170e+22	9.22e-06	1.00e+00	7.05e-29
 8.34340e+22	9.80e-06	1.00e+00	8.91e-29
 8.40587e+22	1.03e-05	1.00e+00	1.08e-28
 8.46935e+22	1.09e-05	1.00e+00	1.38e-28
 8.53396e+22	1.15e-05	1.00e+00	1.68e-28
 8.60002e+22	1.22e-05	1.00e+00	2.18e-28
 8.66752e+22	1.28e-05	1.00e+00	2.69e-28
 8.73692e+22	1.37e-05	1.00e+00	3.54e-28
 8.80785e+22	1.44e-05	1.00e+00	4.40e-28
 8.86762e+22	1.50e-05	1.00e+00	5.35e-28
 8.93214e+22	1.59e-05	1.00e+00	6.89e-28
 8.99504e+22	1.66e-05	1.00e+00	8.26e-28
 9.05582e+22	1.75e-05	1.00e+00	1.05e-27
 9.11719e+22	1.82e-05	1.00e+00	1.26e-27
 9.17932e+22	1.93e-05	1.00e+00	1.60e-27
 9.24231e+22	2.01e-05	1.00e+00	1.92e-27
 9.30641e+22	2.12e-05	1.00e+00	2.46e-27
 9.37145e+22	2.21e-05	1.00e+00	2.98e-27
 9.43770e+22	2.34e-05	1.00e+00	3.83e-27
 9.50504e+22	2.44e-05	1.00e+00	4.65e-27
 9.57381e+22	2.59e-05	1.00e+00	6.02e-27
 9.64399e+22	2.71e-05	1.00e+00	7.37e-27
 9.71600e+22	2.87e-05	1.00e+00	9.64e-27
 9.78988e+22	3.01e-05	1.00e+00	1.19e-26
 9.86619e+22	3.20e-05	1.00e+00	1.58e-26
 9.94357e+22	3.36e-05	1.00e+00	1.96e-26
 1.00224e+23	3.58e-05	1.00e+00	2.61e-26
 1.01021e+23	3.75e-05	1.00e+00	3.25e-26
 1.01830e+23	4.00e-05	1.00e+00	4.35e-26
 1.02651e+23	4.20e-05	1.00e+00	5.44e-26
 1.03371e+23	4.41e-05	1.00e+00	6.81e-26
 1.04193e+23	4.70e-05	1.00e+00	9.07e-26
 1.05030e+23	4.95e-05	1.00e+00	1.15e-25
 1.05709e+23	5.17e-05	1.00e+00	1.40e-25
 1.06417e+23	5.43e-05	1.00e+00	1.77e-25
 1.07160e+23	5.69e-05	1.00e+00	2.18e-25
 1.07841e+23	5.95e-05	1.00e+00	2.68e-25
 1.08618e+23	6.29e-05	1.00e+00	3.47e-25
 1.09416e+23	6.62e-05	1.00e+00	4.35e-25
 1.10115e+23	6.92e-05	1.00e+00	5.36e-25
 1.10901e+23	7.32e-05	1.00e+00	6.94e-25
 1.11726e+23	7.71e-05	1.00e+00	8.80e-25
 1.12474e+23	8.08e-05	1.00e+00	1.09e-24
 1.13319e+23	8.58e-05	1.00e+00	1.45e-24
 1.14189e+23	9.05e-05	1.00e+00	1.85e-24
 1.14963e+23	9.51e-05	1.00e+00	2.31e-24
 1.15839e+23	1.01e-04	1.00e+00	3.08e-24
 1.16750e+23	1.07e-04	1.00e+00	3.97e-24
 1.17570e+23	1.13e-04	1.00e+00	5.05e-24
 1.18499e+23	1.20e-04	1.00e+00	6.68e-24
 1.19456e+23	1.27e-04	1.00e+00	8.66e-24
 1.20319e+23	1.34e-04	1.00e+00	1.12e-23
 1.21309e+23	1.44e-04	1.00e+00	1.55e-23
 1.22310e+23	1.53e-04	1.00e+00	2.02e-23
 1.23327e+23	1.64e-04	1.00e+00	2.82e-23
 1.24356e+23	1.74e-04	1.00e+00	3.71e-23
 1.25401e+23	1.88e-04	1.00e+00	5.25e-23
 1.26455e+23	1.99e-04	1.00e+00	6.92e-23
 1.27523e+23	2.15e-04	1.00e+00	9.94e-23
 1.28601e+23	2.28e-04	1.00e+00	1.32e-22
 1.29694e+23	2.47e-04	1.00e+00	1.91e-22
 1.30801e+23	2.63e-04	1.00e+00	2.57e-22
 1.31928e+23	2.84e-04	1.00e+00	3.79e-22
 1.33033e+23	3.02e-04	1.00e+00	5.05e-22
 1.34112e+23	3.26e-04	1.00e+00	7.40e-22
 1.35152e+23	3.44e-04	1.00e+00	9.69e-22
 1.36141e+23	3.69e-04	1.00e+00	1.39e-21
 1.37129e+23	3.89e-04	1.00e+00	1.83e-21
 1.38116e+23	4.16e-04	1.00e+00	2.59e-21
 1.39139e+23	4.42e-04	1.00e+00	3.57e-21
 1.40055e+23	4.67e-04	1.00e+00	4.76e-21
 1.41095e+23	5.01e-04	9.99e-01	7.05e-21
 1.42151e+23	5.32e-04	9.99e-01	9.80e-21
 1.43229e+23	5.71e-04	9.99e-01	1.45e-20
 1.44277e+23	6.04e-04	9.99e-01	2.04e-20
 1.45103e+23	6.34e-04	9.99e-01	2.68e-20
 1.45990e+23	6.73e-04	9.99e-01	3.78e-20
 1.46904e+23	7.07e-04	9.99e-01	5.19e-20
 1.47724e+23	7.43e-04	9.99e-01	6.96e-20
 1.48661e+23	7.90e-04	9.99e-01	1.04e-19
 1.49608e+23	8.32e-04	9.99e-01	1.50e-19
 1.50437e+23	8.74e-04	9.99e-01	2.07e-19
 1.51383e+23	9.29e-04	9.99e-01	3.22e-19
 1.52346e+23	9.79e-04	9.99e-01	4.76e-19
 1.53201e+23	1.03e-03	9.99e-01	6.73e-19
 1.54180e+23	1.10e-03	9.99e-01	1.11e-18
 1.55175e+23	1.16e-03	9.99e-01	1.78e-18
 1.56188e+23	1.23e-03	9.99e-01	3.18e-18
 1.57213e+23	1.30e-03	9.99e-01	5.81e-18
 1.58112e+23	1.37e-03	9.99e-01	9.93e-18
 1.59141e+23	1.46e-03	9.99e-01	2.54e-17
 1.60190e+23	1.55e-03	9.98e-01	4.67e-17
 1.61263e+23	1.65e-03	9.98e-01	1.05e-16
 1.62357e+23	1.75e-03	9.98e-01	2.11e-16
 1.63327e+23	1.85e-03	9.98e-01	3.07e-16
 1.64435e+23	1.98e-03	9.98e-01	5.14e-16
 1.65218e+23	2.02e-03	9.98e-01	6.29e-16
 1.65489e+23	2.04e-03	9.98e-01	6.81e-16
 1.65751e+23	2.08e-03	9.98e-01	7.57e-16
 1.66092e+23	2.12e-03	9.98e-01	8.40e-16
 1.66536e+23	2.18e-03	9.98e-01	9.87e-16
 1.67112e+23	2.26e-03	9.98e-01	1.21e-15
 1.67861e+23	2.38e-03	9.98e-01	1.59e-15
 1.68653e+23	2.47e-03	9.98e-01	1.95e-15
 1.69500e+23	2.60e-03	9.97e-01	2.49e-15
 1.70380e+23	2.72e-03	9.97e-01	3.11e-15
 1.71174e+23	2.84e-03	9.97e-01	3.84e-15
 1.72080e+23	3.00e-03	9.97e-01	5.03e-15
 1.72995e+23	3.13e-03	9.97e-01	6.11e-15
 1.73922e+23	3.31e-03	9.97e-01	7.85e-15
 1.74869e+23	3.47e-03	9.97e-01	9.57e-15
 1.75842e+23	3.68e-03	9.96e-01	1.23e-14
 1.76825e+23	3.85e-03	9.96e-01	1.49e-14
 1.77820e+23	4.08e-03	9.96e-01	1.89e-14
 1.78853e+23	4.29e-03	9.96e-01	2.34e-14
 1.79937e+23	4.57e-03	9.95e-01	3.02e-14
 1.81028e+23	4.81e-03	9.95e-01	3.69e-14
 1.82129e+23	5.12e-03	9.95e-01	4.72e-14
 1.83255e+23	5.40e-03	9.95e-01	5.83e-14
 1.84413e+23	5.79e-03	9.94e-01	7.60e-14
 1.85571e+23	6.09e-03	9.94e-01	9.34e-14
 1.86730e+23	6.53e-03	9.93e-01	1.22e-13
 1.87887e+23	6.86e-03	9.93e-01	1.50e-13
 1.89041e+23	7.33e-03	9.93e-01	1.95e-13
 1.90239e+23	7.77e-03	9.92e-01	2.44e-13
 1.91494e+23	8.38e-03	9.92e-01	3.27e-13
 1.92752e+23	8.89e-03	9.91e-01	4.13e-13
 1.94013e+23	9.62e-03	9.90e-01	5.57e-13
 1.95289e+23	1.03e-02	9.90e-01	7.13e-13
 1.96582e+23	1.12e-02	9.89e-01	9.90e-13
 1.97881e+23	1.20e-02	9.88e-01	1.28e-12
 1.99184e+23	1.32e-02	9.87e-01	1.81e-12
 2.00509e+23	1.43e-02	9.86e-01	2.40e-12
 2.01860e+23	1.60e-02	9.84e-01	3.52e-12
 2.03239e+23	1.76e-02	9.82e-01	4.89e-12
 2.04291e+23	1.90e-02	9.81e-01	6.33e-12
 2.05296e+23	2.10e-02	9.79e-01	8.64e-12
 2.06348e+23	2.32e-02	9.77e-01	1.18e-11
 2.07294e+23	2.56e-02	9.74e-01	1.59e-11
 2.08355e+23	2.93e-02	9.71e-01	2.35e-11
 2.09479e+23	3.38e-02	9.66e-01	3.52e-11
 2.10477e+23	3.92e-02	9.61e-01	5.23e-11
 2.11379e+23	4.54e-02	9.55e-01	7.67e-11
 2.12230e+23	5.36e-02	9.46e-01	1.17e-10
 2.13033e+23	6.31e-02	9.37e-01	1.74e-10
 2.13776e+23	7.52e-02	9.25e-01	2.65e-10
 2.14465e+23	9.01e-02	9.10e-01	4.02e-10
 2.15077e+23	1.08e-01	8.92e-01	6.02e-10
 2.15616e+23	1.28e-01	8.72e-01	8.80e-10
 2.16102e+23	1.51e-01	8.49e-01	1.26e-09
 2.16549e+23	1.78e-01	8.22e-01	1.79e-09
 2.16958e+23	2.08e-01	7.92e-01	2.46e-09
 2.17332e+23	2.40e-01	7.60e-01	3.32e-09
 2.17677e+23	2.76e-01	7.24e-01	4.40e-09
 2.17993e+23	3.12e-01	6.88e-01	5.64e-09
 2.18207e+23	3.38e-01	6.62e-01	6.55e-09
 2.18316e+23	3.52e-01	6.48e-01	7.10e-09
 2.18415e+23	3.65e-01	6.35e-01	7.62e-09
 2.18540e+23	3.82e-01	6.18e-01	8.37e-09
 2.18684e+23	4.03e-01	5.97e-01	9.30e-09
 2.18825e+23	4.22e-01	5.78e-01	1.01e-08
 2.18972e+23	4.43e-01	5.57e-01	1.12e-08
 2.19127e+23	4.66e-01	5.34e-01	1.23e-08
 2.19283e+23	4.89e-01	5.11e-01	1.34e-08
 2.19441e+23	5.11e-01	4.89e-01	1.46e-08
 2.19597e+23	5.33e-01	4.67e-01	1.57e-08
 2.19719e+23	5.49e-01	4.51e-01	1.66e-08
 2.19802e+23	5.60e-01	4.40e-01	1.71e-08
 2.19881e+23	5.70e-01	4.30e-01	1.77e-08
 2.19977e+23	5.83e-01	4.17e-01	1.84e-08
 2.20081e+23	5.95e-01	4.05e-01	1.91e-08
 2.20184e+23	6.08e-01	3.92e-01	1.98e-08
 2.20285e+23	6.20e-01	3.80e-01	2.05e-08
 2.20385e+23	6.31e-01	3.69e-01	2.12e-08
 2.20489e+23	6.43e-01	3.57e-01	2.19e-08
 2.20597e+23	6.54e-01	3.46e-01	2.25e-08
 2.20708e+23	6.66e-01	3.34e-01	2.32e-08
 2.20821e+23	6.77e-01	3.23e-01	2.39e-08
 2.20936e+23	6.88e-01	3.12e-01	2.45e-08
 2.21053e+23	6.98e-01	3.02e-01	2.52e-08
 2.21175e+23	7.09e-01	2.91e-01	2.58e-08
 2.21300e+23	7.19e-01	2.81e-01	2.65e-08
 2.21427e+23	7.29e-01	2.71e-01	2.71e-08
 2.21558e+23	7.38e-01	2.62e-01	2.77e-08
 2.21694e+23	7.48e-01	2.52e-01	2.83e-08
 2.21834e+23	7.57e-01	2.43e-01	2.89e-08
 2.21977e+23	7.66e-01	2.34e-01	2.95e-08
 2.22125e+23	7.75e-01	2.25e-01	3.01e-08
 2.22278e+23	7.84e-01	2.16e-01	3.07e-08
 2.22435e+23	7.92e-01	2.08e-01	3.12e-08
 2.22599e+23	8.00e-01	2.00e-01	3.18e-08
 2.22769e+23	8.08e-01	1.92e-01	3.24e-08
 2.22944e+23	8.15e-01	1.85e-01	3.30e-08
 2.23125e+23	8.23e-01	1.77e-01	3.35e-08
 2.23309e+23	8.29e-01	1.71e-01	3.41e-08
 2.23498e+23	8.36e-01	1.64e-01	3.48e-08
 2.23692e+23	8.43e-01	1.57e-01	3.54e-08
 2.23892e+23	8.49e-01	1.51e-01	3.60e-08
 2.24095e+23	8.54e-01	1.46e-01	3.67e-08
 2.24304e+23	8.60e-01	1.40e-01	3.74e-08
 2.24517e+23	8.65e-01	1.35e-01	3.81e-08
 2.24736e+23	8.70e-01	1.30e-01	3.89e-08
 2.24964e+23	8.74e-01	1.26e-01	3.97e-08
 2.25199e+23	8.79e-01	1.21e-01	4.06e-08
 2.25441e+23	8.83e-01	1.17e-01	4.16e-08
 2.25694e+23	8.87e-01	1.13e-01	4.27e-08
 2.25957e+23	8.91e-01	1.09e-01	4.40e-08
 2.26230e+23	8.95e-01	1.05e-01	4.53e-08
 2.26511e+23	8.99e-01	1.01e-01	4.70e-08
 2.26791e+23	9.02e-01	9.78e-02	4.86e-08
 2.27058e+23	9.05e-01	9.49e-02	5.04e-08
 2.27317e+23	9.08e-01	9.22e-02	5.23e-08
 2.27567e+23	9.10e-01	8.97e-02	5.41e-08
 2.27805e+23	9.13e-01	8.75e-02	5.57e-08
 2.28033e+23	9.15e-01	8.53e-02	5.74e-08
 2.28246e+23	9.17e-01	8.34e-02	5.91e-08
 2.28452e+23	9.18e-01	8.16e-02	6.10e-08
 2.28659e+23	9.20e-01	7.98e-02	6.29e-08
 2.28860e+23	9.22e-01	7.80e-02	6.51e-08
 2.29054e+23	9.24e-01	7.64e-02	6.73e-08
 2.29241e+23	9.25e-01	7.49e-02	6.97e-08
 2.29422e+23	9.27e-01	7.34e-02	7.21e-08
 2.29597e+23	9.28e-01	7.19e-02	7.45e-08
 2.29767e+23	9.29e-01	7.06e-02	7.72e-08
 2.29930e+23	9.31e-01	6.92e-02	8.00e-08
 2.30088e+23	9.32e-01	6.80e-02	8.30e-08
 2.30238e+23	9.33e-01	6.68e-02	8.59e-08
 2.30385e+23	9.34e-01	6.56e-02	8.94e-08
 2.30528e+23	9.36e-01	6.44e-02	9.27e-08
 2.30663e+23	9.37e-01	6.34e-02	9.62e-08
 2.30791e+23	9.38e-01	6.23e-02	9.99e-08
 2.30908e+23	9.39e-01	6.15e-02	1.03e-07
 2.31014e+23	9.39e-01	6.07e-02	1.06e-07
 2.31111e+23	9.40e-01	5.99e-02	1.10e-07
 2.31199e+23	9.41e-01	5.93e-02	1.12e-07
 2.31279e+23	9.41e-01	5.87e-02	1.15e-07
 2.31352e+23	9.42e-01	5.82e-02	1.17e-07
 2.31431e+23	9.43e-01	5.75e-02	1.21e-07
 2.31518e+23	9.43e-01	5.67e-02	1.24e-07
 2.31596e+23	9.44e-01	5.62e-02	1.26e-07
 2.31667e+23	9.44e-01	5.56e-02	1.29e-07
 2.31732e+23	9.45e-01	5.53e-02	1.31e-07
 2.31803e+23	9.45e-01	5.46e-02	1.33e-07
 2.31896e+23	9.46e-01	5.38e-02	1.37e-07
 2.31996e+23	9.47e-01	5.29e-02	1.40e-07
 2.32086e+23	9.48e-01	5.22e-02	1.42e-07
 2.32169e+23	9.48e-01	5.15e-02	1.45e-07
 2.32244e+23	9.49e-01	5.12e-02	1.46e-07
 2.32327e+23	9.49e-01	5.06e-02	1.47e-07
 2.32416e+23	9.50e-01	5.01e-02	1.49e-07
 2.32513e+23	9.51e-01	4.93e-02	1.51e-07
 2.32619e+23	9.51e-01	4.86e-02	1.53e-07
 2.32714e+23	9.52e-01	4.80e-02	1.54e-07
 2.32802e+23	9.52e-01	4.75e-02	1.55e-07
 2.32881e+23	9.53e-01	4.71e-02	1.56e-07
 2.32953e+23	9.53e-01	4.68e-02	1.57e-07
 2.33032e+23	9.54e-01	4.62e-02	1.57e-07
 2.33135e+23	9.55e-01	4.55e-02	1.57e-07
 2.33246e+23	9.55e-01	4.48e-02	1.58e-07
 2.33347e+23	9.56e-01	4.41e-02	1.58e-07
 2.33439e+23	9.56e-01	4.36e-02	1.59e-07
 2.33523e+23	9.57e-01	4.32e-02	1.58e-07
 2.33599e+23	9.57e-01	4.28e-02	1.58e-07
 2.33682e+23	9.58e-01	4.23e-02	1.58e-07
 2.33773e+23	9.58e-01	4.17e-02	1.57e-07
 2.33855e+23	9.59e-01	4.13e-02	1.57e-07
 2.33929e+23	9.59e-01	4.09e-02	1.57e-07
 2.33997e+23	9.59e-01	4.06e-02	1.56e-07
 2.34071e+23	9.60e-01	4.02e-02	1.55e-07
 2.34168e+23	9.60e-01	3.96e-02	1.55e-07
 2.34272e+23	9.61e-01	3.90e-02	1.55e-07
 2.34367e+23	9.62e-01	3.84e-02	1.54e-07
 2.34454e+23	9.62e-01	3.80e-02	1.53e-07
 2.34549e+23	9.62e-01	3.75e-02	1.52e-07
 2.34651e+23	9.63e-01	3.69e-02	1.52e-07
 2.34744e+23	9.63e-01	3.65e-02	1.51e-07
 2.34829e+23	9.64e-01	3.61e-02	1.50e-07
 2.34906e+23	9.64e-01	3.59e-02	1.50e-07
 2.34990e+23	9.65e-01	3.55e-02	1.49e-07
 2.35100e+23	9.65e-01	3.49e-02	1.48e-07
 2.35218e+23	9.66e-01	3.44e-02	1.48e-07
 2.35326e+23	9.66e-01	3.39e-02	1.47e-07
 2.35424e+23	9.66e-01	3.36e-02	1.47e-07
 2.35532e+23	9.67e-01	3.31e-02	1.46e-07
 2.35648e+23	9.67e-01	3.27e-02	1.46e-07
 2.35754e+23	9.68e-01	3.23e-02	1.45e-07
 2.35850e+23	9.68e-01	3.19e-02	1.45e-07
 2.35937e+23	9.68e-01	3.17e-02	1.44e-07
 2.36033e+23	9.69e-01	3.13e-02	1.43e-07
 2.36158e+23	9.69e-01	3.08e-02	1.43e-07
 2.36293e+23	9.70e-01	3.03e-02	1.43e-07
 2.36415e+23	9.70e-01	2.98e-02	1.42e-07
 2.36526e+23	9.70e-01	2.95e-02	1.42e-07
 2.36628e+23	9.71e-01	2.93e-02	1.42e-07
 2.36739e+23	9.71e-01	2.89e-02	1.40e-07
 2.36859e+23	9.72e-01	2.85e-02	1.40e-07
 2.36968e+23	9.72e-01	2.81e-02	1.40e-07
 2.37067e+23	9.72e-01	2.79e-02	1.40e-07
 2.37176e+23	9.72e-01	2.76e-02	1.39e-07
 2.37294e+23	9.73e-01	2.72e-02	1.38e-07
 2.37401e+23	9.73e-01	2.69e-02	1.38e-07
 2.37518e+23	9.73e-01	2.65e-02	1.37e-07
 2.37644e+23	9.74e-01	2.61e-02	1.38e-07
 2.37759e+23	9.74e-01	2.59e-02	1.38e-07
 2.37886e+23	9.75e-01	2.55e-02	1.37e-07
 2.38022e+23	9.75e-01	2.51e-02	1.37e-07
 2.38146e+23	9.75e-01	2.48e-02	1.37e-07
 2.38282e+23	9.76e-01	2.44e-02	1.37e-07
 2.38428e+23	9.76e-01	2.41e-02	1.37e-07
 2.38562e+23	9.76e-01	2.37e-02	1.37e-07
 2.38683e+23	9.76e-01	2.35e-02	1.37e-07
 2.38816e+23	9.77e-01	2.32e-02	1.36e-07
 2.38960e+23	9.77e-01	2.28e-02	1.36e-07
 2.39090e+23	9.77e-01	2.26e-02	1.36e-07
 2.39234e+23	9.78e-01	2.22e-02	1.36e-07
 2.39388e+23	9.78e-01	2.18e-02	1.36e-07
 2.39529e+23	9.78e-01	2.16e-02	1.36e-07
 2.39683e+23	9.79e-01	2.13e-02	1.36e-07
 2.39850e+23	9.79e-01	2.09e-02	1.36e-07
 2.40001e+23	9.79e-01	2.06e-02	1.36e-07
 2.40139e+23	9.80e-01	2.04e-02	1.35e-07
 2.40290e+23	9.80e-01	2.01e-02	1.35e-07
 2.40453e+23	9.80e-01	1.98e-02	1.35e-07
 2.40601e+23	9.80e-01	1.95e-02	1.35e-07
 2.40764e+23	9.81e-01	1.92e-02	1.35e-07
 2.40939e+23	9.81e-01	1.89e-02	1.35e-07
 2.41099e+23	9.81e-01	1.87e-02	1.35e-07
 2.41274e+23	9.82e-01	1.84e-02	1.35e-07
 2.41463e+23	9.82e-01	1.80e-02	1.35e-07
 2.41635e+23	9.82e-01	1.78e-02	1.35e-07
 2.41824e+23	9.83e-01	1.75e-02	1.35e-07
 2.42027e+23	9.83e-01	1.71e-02	1.35e-07
 2.42212e+23	9.83e-01	1.69e-02	1.35e-07
 2.42415e+23	9.83e-01	1.66e-02	1.35e-07
 2.42634e+23	9.84e-01	1.63e-02	1.35e-07
 2.42833e+23	9.84e-01	1.60e-02	1.35e-07
 2.43015e+23	9.84e-01	1.58e-02	1.35e-07
 2.43214e+23	9.84e-01	1.55e-02	1.34e-07
 2.43428e+23	9.85e-01	1.52e-02	1.35e-07
 2.43623e+23	9.85e-01	1.50e-02	1.35e-07
 2.43837e+23	9.85e-01	1.47e-02	1.35e-07
 2.44068e+23	9.86e-01	1.44e-02	1.35e-07
 2.44278e+23	9.86e-01	1.42e-02	1.35e-07
 2.44509e+23	9.86e-01	1.40e-02	1.35e-07
 2.44757e+23	9.86e-01	1.37e-02	1.35e-07
 2.44984e+23	9.87e-01	1.35e-02	1.35e-07
 2.45190e+23	9.87e-01	1.33e-02	1.35e-07
 2.45415e+23	9.87e-01	1.30e-02	1.35e-07
 2.45659e+23	9.87e-01	1.28e-02	1.35e-07
 2.45880e+23	9.87e-01	1.26e-02	1.35e-07
 2.46123e+23	9.88e-01	1.23e-02	1.35e-07
 2.46386e+23	9.88e-01	1.21e-02	1.35e-07
 2.46624e+23	9.88e-01	1.19e-02	1.35e-07
 2.46841e+23	9.88e-01	1.17e-02	1.35e-07
 2.47079e+23	9.89e-01	1.15e-02	1.35e-07
 2.47389e+23	9.89e-01	1.12e-02	1.36e-07
 2.47743e+23	9.89e-01	1.09e-02	1.36e-07
 2.48105e+23	9.89e-01	1.06e-02	1.36e-07
 2.48474e+23	9.90e-01	1.03e-02	1.36e-07
 2.48849e+23	9.90e-01	1.00e-02	1.36e-07
 2.49230e+23	9.90e-01	9.72e-03	1.36e-07
 2.49613e+23	9.91e-01	9.46e-03	1.36e-07
 2.49999e+23	9.91e-01	9.19e-03	1.36e-07
 2.50392e+23	9.91e-01	8.93e-03	1.37e-07
 2.50788e+23	9.91e-01	8.68e-03	1.37e-07
 2.51188e+23	9.92e-01	8.43e-03	1.37e-07
 2.51592e+23	9.92e-01	8.19e-03	1.37e-07
 2.51999e+23	9.92e-01	7.96e-03	1.37e-07
 2.52410e+23	9.92e-01	7.73e-03	1.37e-07
 2.52824e+23	9.92e-01	7.50e-03	1.37e-07
 2.53241e+23	9.93e-01	7.28e-03	1.38e-07
 2.53661e+23	9.93e-01	7.07e-03	1.38e-07
 2.54083e+23	9.93e-01	6.86e-03	1.38e-07
 2.54510e+23	9.93e-01	6.66e-03	1.38e-07
 2.54939e+23	9.94e-01	6.46e-03	1.38e-07
 2.55372e+23	9.94e-01	6.27e-03	1.39e-07
 2.55808e+23	9.94e-01	6.08e-03	1.39e-07
 2.56246e+23	9.94e-01	5.90e-03	1.39e-07
 2.56689e+23	9.94e-01	5.72e-03	1.39e-07
 2.57142e+23	9.94e-01	5.54e-03	1.40e-07
 2.57605e+23	9.95e-01	5.37e-03	1.40e-07
 2.58071e+23	9.95e-01	5.20e-03	1.40e-07
 2.58543e+23	9.95e-01	5.04e-03	1.41e-07
 2.59020e+23	9.95e-01	4.88e-03	1.41e-07
 2.59501e+23	9.95e-01	4.72e-03	1.42e-07
 2.59988e+23	9.95e-01	4.57e-03	1.42e-07
 2.60482e+23	9.96e-01	4.42e-03	1.43e-07
 2.60983e+23	9.96e-01	4.27e-03	1.43e-07
 2.61494e+23	9.96e-01	4.13e-03	1.44e-07
 2.62018e+23	9.96e-01	3.99e-03	1.45e-07
 2.62555e+23	9.96e-01	3.85e-03	1.46e-07
 2.63100e+23	9.96e-01	3.72e-03	1.47e-07
 2.63654e+23	9.96e-01	3.59e-03	1.48e-07
 2.64219e+23	9.97e-01	3.46e-03	1.49e-07
 2.64794e+23	9.97e-01	3.33e-03	1.50e-07
 2.65380e+23	9.97e-01	3.21e-03	1.51e-07
 2.65979e+23	9.97e-01	3.09e-03	1.53e-07
 2.66593e+23	9.97e-01	2.97e-03	1.54e-07
 2.67222e+23	9.97e-01	2.86e-03	1.56e-07
 2.67865e+23	9.97e-01	2.74e-03	1.58e-07
 2.68523e+23	9.97e-01	2.63e-03	1.60e-07
 2.69197e+23	9.97e-01	2.52e-03	1.62e-07
 2.69889e+23	9.98e-01	2.42e-03	1.65e-07
 2.70593e+23	9.98e-01	2.32e-03	1.68e-07
 2.71306e+23	9.98e-01	2.22e-03	1.71e-07
 2.72027e+23	9.98e-01	2.12e-03	1.74e-07
 2.72756e+23	9.98e-01	2.03e-03	1.78e-07
 2.73491e+23	9.98e-01	1.95e-03	1.82e-07
 2.74235e+23	9.98e-01	1.86e-03	1.87e-07
 2.74986e+23	9.98e-01	1.78e-03	1.92e-07
 2.75745e+23	9.98e-01	1.70e-03	1.98e-07
 2.76512e+23	9.98e-01	1.63e-03	2.04e-07
 2.77288e+23	9.98e-01	1.55e-03	2.11e-07
 2.78070e+23	9.99e-01	1.48e-03	2.19e-07
 2.78857e+23	9.99e-01	1.42e-03	2.28e-07
 2.79655e+23	9.99e-01	1.35e-03	2.38e-07
 2.80462e+23	9.99e-01	1.29e-03	2.49e-07
 2.81277e+23	9.99e-01	1.23e-03	2.62e-07
 2.82104e+23	9.99e-01	1.17e-03	2.77e-07
 2.82940e+23	9.99e-01	1.11e-03	2.94e-07
 2.83785e+23	9.99e-01	1.06e-03	3.14e-07
 2.84625e+23	9.99e-01	1.01e-03	3.38e-07
 2.85428e+23	9.99e-01	9.64e-04	3.64e-07
 2.86177e+23	9.99e-01	9.23e-04	3.93e-07
 2.86875e+23	9.99e-01	8.87e-04	4.25e-07
 2.87537e+23	9.99e-01	8.54e-04	4.59e-07
 2.88170e+23	9.99e-01	8.23e-04	4.98e-07
 2.88774e+23	9.99e-01	7.95e-04	5.41e-07
 2.89347e+23	9.99e-01	7.69e-04	5.88e-07
 2.89889e+23	9.99e-01	7.45e-04	6.41e-07
 2.90402e+23	9.99e-01	7.23e-04	6.98e-07
 2.90890e+23	9.99e-01	7.03e-04	7.62e-07
 2.91356e+23	9.99e-01	6.81e-04	8.34e-07
 2.91796e+23	9.99e-01	6.64e-04	9.13e-07
 2.92210e+23	9.99e-01	6.48e-04	9.98e-07
 2.92607e+23	9.99e-01	6.33e-04	1.09e-06
 2.92991e+23	9.99e-01	6.19e-04	1.20e-06
 2.93360e+23	9.99e-01	6.06e-04	1.31e-06
 2.93711e+23	9.99e-01	5.93e-04	1.44e-06
 2.94045e+23	9.99e-01	5.82e-04	1.59e-06
 2.94364e+23	9.99e-01	5.71e-04	1.74e-06
 2.94672e+23	9.99e-01	5.60e-04	1.91e-06
 2.94969e+23	9.99e-01	5.50e-04	2.11e-06
 2.95257e+23	9.99e-01	5.41e-04	2.32e-06
 2.95533e+23	9.99e-01	5.32e-04	2.55e-06
 2.95800e+23	9.99e-01	5.23e-04	2.81e-06
 2.96059e+23	9.99e-01	5.15e-04	3.09e-06
 2.96310e+23	9.99e-01	5.07e-04	3.40e-06
 2.96556e+23	9.99e-01	5.00e-04	3.74e-06
 2.96797e+23	9.99e-01	4.92e-04	4.11e-06
 2.97032e+23	1.00e+00	4.85e-04	4.53e-06
 2.97265e+23	1.00e+00	4.78e-04	4.98e-06
 2.97494e+23	1.00e+00	4.72e-04	5.47e-06
 2.97721e+23	1.00e+00	4.65e-04	6.01e-06
 2.97948e+23	1.00e+00	4.58e-04	6.60e-06
 2.98175e+23	1.00e+00	4.52e-04	7.26e-06
 2.98403e+23	1.00e+00	4.45e-04	7.96e-06
 2.98632e+23	1.00e+00	4.39e-04	8.72e-06
 2.98866e+23	1.00e+00	4.32e-04	9.55e-06
 2.99106e+23	1.00e+00	4.26e-04	1.05e-05
 2.99351e+23	1.00e+00	4.19e-04	1.14e-05
 2.99602e+23	1.00e+00	4.12e-04	1.25e-05
 2.99863e+23	1.00e+00	4.05e-04	1.36e-05
 3.00135e+23	1.00e+00	3.98e-04	1.49e-05
 3.00419e+23	1.00e+00	3.91e-04	1.62e-05
 3.00716e+23	1.00e+00	3.83e-04	1.77e-05
 3.01026e+23	1.00e+00	3.75e-04	1.92e-05
 3.01355e+23	1.00e+00	3.67e-04	2.08e-05
 3.01707e+23	1.00e+00	3.59e-04	2.26e-05
 3.02078e+23	1.00e+00	3.50e-04	2.45e-05
 3.02469e+23	1.00e+00	3.41e-04	2.65e-05
 3.02883e+23	1.00e+00	3.31e-04	2.87e-05
 3.03325e+23	1.00e+00	3.22e-04	3.09e-05
 3.03796e+23	1.00e+00	3.11e-04	3.33e-05
 3.04296e+23	1.00e+00	3.01e-04	3.59e-05
 3.04830e+23	1.00e+00	2.90e-04	3.85e-05
 3.05401e+23	1.00e+00	2.78e-04	4.12e-05
 3.06013e+23	1.00e+00	2.67e-04	4.41e-05
 3.06669e+23	1.00e+00	2.54e-04	4.70e-05
 3.07373e+23	1.00e+00	2.42e-04	5.00e-05
 3.08130e+23	1.00e+00	2.29e-04	5.30e-05
 3.08545e+23	1.00e+00	2.28e-04	5.64e-05
