#depth	He	He+	He+2
 4.62852e+21	3.51e-12	2.24e-06	1.00e+00
 1.05554e+22	7.89e-12	3.26e-06	1.00e+00
 1.26305e+22	1.34e-11	4.17e-06	1.00e+00
 1.38431e+22	1.83e-11	4.82e-06	1.00e+00
 1.43880e+22	1.99e-11	5.01e-06	1.00e+00
 1.45843e+22	2.13e-11	5.18e-06	1.00e+00
 1.47583e+22	2.24e-11	5.31e-06	1.00e+00
 1.49572e+22	2.44e-11	5.52e-06	1.00e+00
 1.51636e+22	2.62e-11	5.71e-06	1.00e+00
 1.53491e+22	2.81e-11	5.90e-06	1.00e+00
 1.55595e+22	3.06e-11	6.15e-06	1.00e+00
 1.57748e+22	3.30e-11	6.38e-06	1.00e+00
 1.59585e+22	3.54e-11	6.59e-06	1.00e+00
 1.61593e+22	3.85e-11	6.85e-06	1.00e+00
 1.63708e+22	4.17e-11	7.12e-06	1.00e+00
 1.65606e+22	4.47e-11	7.36e-06	1.00e+00
 1.67717e+22	4.89e-11	7.69e-06	1.00e+00
 1.69836e+22	5.28e-11	7.98e-06	1.00e+00
 1.71597e+22	5.65e-11	8.24e-06	1.00e+00
 1.73515e+22	6.15e-11	8.59e-06	1.00e+00
 1.75492e+22	6.63e-11	8.91e-06	1.00e+00
 1.77111e+22	7.05e-11	9.18e-06	1.00e+00
 1.78782e+22	7.61e-11	9.53e-06	1.00e+00
 1.80382e+22	8.06e-11	9.80e-06	1.00e+00
 1.81673e+22	8.52e-11	1.01e-05	1.00e+00
 1.83132e+22	9.12e-11	1.04e-05	1.00e+00
 1.84560e+22	9.63e-11	1.07e-05	1.00e+00
 1.85751e+22	1.02e-10	1.10e-05	1.00e+00
 1.87104e+22	1.08e-10	1.13e-05	1.00e+00
 1.88429e+22	1.14e-10	1.16e-05	1.00e+00
 1.89530e+22	1.20e-10	1.19e-05	1.00e+00
 1.90606e+22	1.26e-10	1.22e-05	1.00e+00
 1.91839e+22	1.34e-10	1.26e-05	1.00e+00
 1.93103e+22	1.42e-10	1.30e-05	1.00e+00
 1.94224e+22	1.49e-10	1.33e-05	1.00e+00
 1.95285e+22	1.57e-10	1.37e-05	1.00e+00
 1.96267e+22	1.64e-10	1.40e-05	1.00e+00
 1.97362e+22	1.74e-10	1.44e-05	1.00e+00
 1.98486e+22	1.84e-10	1.48e-05	1.00e+00
 1.99466e+22	1.93e-10	1.52e-05	1.00e+00
 2.00556e+22	2.05e-10	1.57e-05	1.00e+00
 2.01670e+22	2.17e-10	1.62e-05	1.00e+00
 2.02646e+22	2.28e-10	1.66e-05	1.00e+00
 2.03748e+22	2.44e-10	1.72e-05	1.00e+00
 2.04864e+22	2.58e-10	1.77e-05	1.00e+00
 2.05818e+22	2.71e-10	1.82e-05	1.00e+00
 2.06878e+22	2.92e-10	1.90e-05	1.00e+00
 2.07919e+22	3.07e-10	1.95e-05	1.00e+00
 2.08935e+22	3.29e-10	2.02e-05	1.00e+00
 2.09933e+22	3.45e-10	2.07e-05	1.00e+00
 2.10905e+22	3.71e-10	2.16e-05	1.00e+00
 2.11870e+22	3.89e-10	2.22e-05	1.00e+00
 2.12825e+22	4.18e-10	2.31e-05	1.00e+00
 2.13788e+22	4.41e-10	2.38e-05	1.00e+00
 2.14763e+22	4.75e-10	2.48e-05	1.00e+00
 2.15750e+22	5.02e-10	2.56e-05	1.00e+00
 2.16753e+22	5.40e-10	2.68e-05	1.00e+00
 2.17747e+22	5.72e-10	2.77e-05	1.00e+00
 2.18728e+22	6.16e-10	2.89e-05	1.00e+00
 2.19727e+22	6.53e-10	2.99e-05	1.00e+00
 2.20750e+22	7.06e-10	3.14e-05	1.00e+00
 2.21780e+22	7.50e-10	3.26e-05	1.00e+00
 2.22820e+22	8.12e-10	3.42e-05	1.00e+00
 2.23866e+22	8.62e-10	3.55e-05	1.00e+00
 2.24772e+22	9.15e-10	3.68e-05	1.00e+00
 2.25802e+22	9.88e-10	3.87e-05	1.00e+00
 2.26821e+22	1.04e-09	4.00e-05	1.00e+00
 2.27826e+22	1.12e-09	4.19e-05	1.00e+00
 2.28860e+22	1.19e-09	4.35e-05	1.00e+00
 2.29934e+22	1.28e-09	4.56e-05	1.00e+00
 2.31027e+22	1.35e-09	4.74e-05	1.00e+00
 2.32145e+22	1.45e-09	4.97e-05	1.00e+00
 2.33286e+22	1.53e-09	5.17e-05	1.00e+00
 2.34456e+22	1.65e-09	5.42e-05	1.00e+00
 2.35646e+22	1.74e-09	5.63e-05	1.00e+00
 2.36862e+22	1.87e-09	5.92e-05	1.00e+00
 2.38085e+22	1.96e-09	6.14e-05	1.00e+00
 2.39318e+22	2.10e-09	6.44e-05	1.00e+00
 2.40579e+22	2.21e-09	6.68e-05	1.00e+00
 2.41679e+22	2.32e-09	6.91e-05	1.00e+00
 2.42912e+22	2.47e-09	7.23e-05	1.00e+00
 2.44144e+22	2.58e-09	7.47e-05	1.00e+00
 2.45375e+22	2.73e-09	7.80e-05	1.00e+00
 2.46635e+22	2.86e-09	8.07e-05	1.00e+00
 2.47749e+22	2.98e-09	8.34e-05	1.00e+00
 2.49016e+22	3.16e-09	8.71e-05	1.00e+00
 2.50276e+22	3.28e-09	8.97e-05	1.00e+00
 2.51527e+22	3.46e-09	9.35e-05	1.00e+00
 2.52802e+22	3.60e-09	9.63e-05	1.00e+00
 2.54109e+22	3.80e-09	1.00e-04	1.00e+00
 2.55440e+22	3.92e-09	1.04e-04	1.00e+00
 2.56804e+22	4.13e-09	1.08e-04	1.00e+00
 2.58193e+22	4.30e-09	1.11e-04	1.00e+00
 2.59615e+22	4.54e-09	1.16e-04	1.00e+00
 2.61004e+22	4.70e-09	1.20e-04	1.00e+00
 2.62352e+22	4.94e-09	1.24e-04	1.00e+00
 2.63720e+22	5.12e-09	1.28e-04	1.00e+00
 2.65115e+22	5.37e-09	1.33e-04	1.00e+00
 2.66553e+22	5.58e-09	1.37e-04	1.00e+00
 2.68047e+22	5.86e-09	1.43e-04	1.00e+00
 2.69590e+22	6.11e-09	1.47e-04	1.00e+00
 2.71195e+22	6.42e-09	1.53e-04	1.00e+00
 2.72843e+22	6.70e-09	1.59e-04	1.00e+00
 2.74547e+22	7.06e-09	1.65e-04	1.00e+00
 2.76306e+22	7.38e-09	1.71e-04	1.00e+00
 2.78137e+22	7.80e-09	1.79e-04	1.00e+00
 2.80023e+22	8.17e-09	1.86e-04	1.00e+00
 2.81724e+22	8.55e-09	1.92e-04	1.00e+00
 2.83678e+22	9.05e-09	2.01e-04	1.00e+00
 2.85669e+22	9.48e-09	2.09e-04	1.00e+00
 2.87711e+22	1.01e-08	2.19e-04	1.00e+00
 2.89779e+22	1.05e-08	2.27e-04	1.00e+00
 2.91884e+22	1.12e-08	2.39e-04	1.00e+00
 2.94009e+22	1.17e-08	2.48e-04	1.00e+00
 2.96162e+22	1.24e-08	2.62e-04	1.00e+00
 2.98327e+22	1.30e-08	2.72e-04	1.00e+00
 3.00125e+22	1.35e-08	2.82e-04	1.00e+00
 3.02082e+22	1.42e-08	2.97e-04	1.00e+00
 3.04031e+22	1.48e-08	3.07e-04	1.00e+00
 3.05970e+22	1.55e-08	3.23e-04	1.00e+00
 3.07933e+22	1.60e-08	3.35e-04	1.00e+00
 3.09930e+22	1.68e-08	3.53e-04	1.00e+00
 3.11949e+22	1.74e-08	3.68e-04	1.00e+00
 3.14001e+22	1.81e-08	3.88e-04	1.00e+00
 3.16093e+22	1.87e-08	4.05e-04	1.00e+00
 3.18237e+22	1.94e-08	4.29e-04	1.00e+00
 3.20422e+22	2.00e-08	4.49e-04	1.00e+00
 3.22659e+22	2.07e-08	4.78e-04	1.00e+00
 3.24918e+22	2.12e-08	5.02e-04	9.99e-01
 3.26828e+22	2.16e-08	5.25e-04	9.99e-01
 3.28904e+22	2.20e-08	5.56e-04	9.99e-01
 3.30985e+22	2.23e-08	5.82e-04	9.99e-01
 3.33022e+22	2.26e-08	6.15e-04	9.99e-01
 3.35100e+22	2.29e-08	6.46e-04	9.99e-01
 3.37136e+22	2.30e-08	6.82e-04	9.99e-01
 3.39216e+22	2.32e-08	7.17e-04	9.99e-01
 3.41266e+22	2.32e-08	7.56e-04	9.99e-01
 3.43331e+22	2.33e-08	7.96e-04	9.99e-01
 3.45371e+22	2.33e-08	8.39e-04	9.99e-01
 3.47407e+22	2.34e-08	8.83e-04	9.99e-01
 3.49445e+22	2.35e-08	9.29e-04	9.99e-01
 3.51490e+22	2.36e-08	9.78e-04	9.99e-01
 3.53546e+22	2.38e-08	1.03e-03	9.99e-01
 3.55619e+22	2.40e-08	1.08e-03	9.99e-01
 3.57714e+22	2.44e-08	1.14e-03	9.99e-01
 3.59820e+22	2.48e-08	1.20e-03	9.99e-01
 3.61959e+22	2.55e-08	1.27e-03	9.99e-01
 3.64121e+22	2.63e-08	1.33e-03	9.99e-01
 3.66325e+22	2.73e-08	1.41e-03	9.99e-01
 3.68568e+22	2.85e-08	1.48e-03	9.99e-01
 3.70623e+22	2.97e-08	1.55e-03	9.98e-01
 3.72770e+22	3.15e-08	1.64e-03	9.98e-01
 3.74952e+22	3.32e-08	1.71e-03	9.98e-01
 3.77197e+22	3.57e-08	1.81e-03	9.98e-01
 3.79446e+22	3.80e-08	1.89e-03	9.98e-01
 3.81698e+22	4.12e-08	2.00e-03	9.98e-01
 3.83959e+22	4.41e-08	2.09e-03	9.98e-01
 3.86232e+22	4.83e-08	2.21e-03	9.98e-01
 3.88529e+22	5.19e-08	2.31e-03	9.98e-01
 3.90858e+22	5.72e-08	2.44e-03	9.98e-01
 3.93218e+22	6.18e-08	2.55e-03	9.97e-01
 3.95618e+22	6.86e-08	2.70e-03	9.97e-01
 3.98063e+22	7.45e-08	2.83e-03	9.97e-01
 4.00565e+22	8.32e-08	3.00e-03	9.97e-01
 4.03125e+22	9.09e-08	3.14e-03	9.97e-01
 4.05760e+22	1.02e-07	3.34e-03	9.97e-01
 4.08443e+22	1.12e-07	3.50e-03	9.97e-01
 4.10719e+22	1.22e-07	3.66e-03	9.96e-01
 4.13208e+22	1.36e-07	3.87e-03	9.96e-01
 4.15609e+22	1.47e-07	4.02e-03	9.96e-01
 4.17896e+22	1.62e-07	4.23e-03	9.96e-01
 4.20207e+22	1.75e-07	4.40e-03	9.96e-01
 4.22549e+22	1.94e-07	4.63e-03	9.95e-01
 4.24926e+22	2.10e-07	4.82e-03	9.95e-01
 4.27349e+22	2.34e-07	5.08e-03	9.95e-01
 4.29806e+22	2.53e-07	5.29e-03	9.95e-01
 4.32307e+22	2.82e-07	5.59e-03	9.94e-01
 4.34855e+22	3.06e-07	5.82e-03	9.94e-01
 4.37463e+22	3.43e-07	6.16e-03	9.94e-01
 4.40126e+22	3.74e-07	6.43e-03	9.94e-01
 4.42862e+22	4.19e-07	6.81e-03	9.93e-01
 4.45673e+22	4.59e-07	7.13e-03	9.93e-01
 4.48581e+22	5.18e-07	7.57e-03	9.92e-01
 4.51515e+22	5.67e-07	7.92e-03	9.92e-01
 4.54481e+22	6.42e-07	8.43e-03	9.92e-01
 4.57476e+22	7.03e-07	8.82e-03	9.91e-01
 4.60509e+22	7.97e-07	9.39e-03	9.91e-01
 4.63592e+22	8.75e-07	9.83e-03	9.90e-01
 4.66738e+22	9.95e-07	1.05e-02	9.90e-01
 4.69850e+22	1.09e-06	1.10e-02	9.89e-01
 4.72378e+22	1.19e-06	1.14e-02	9.89e-01
 4.75126e+22	1.32e-06	1.21e-02	9.88e-01
 4.77909e+22	1.44e-06	1.26e-02	9.87e-01
 4.80364e+22	1.57e-06	1.31e-02	9.87e-01
 4.83179e+22	1.74e-06	1.38e-02	9.86e-01
 4.86100e+22	1.92e-06	1.45e-02	9.85e-01
 4.88707e+22	2.09e-06	1.52e-02	9.85e-01
 4.91646e+22	2.33e-06	1.60e-02	9.84e-01
 4.94717e+22	2.58e-06	1.68e-02	9.83e-01
 4.97489e+22	2.83e-06	1.76e-02	9.82e-01
 5.00622e+22	3.17e-06	1.87e-02	9.81e-01
 5.03852e+22	3.52e-06	1.96e-02	9.80e-01
 5.06728e+22	3.87e-06	2.06e-02	9.79e-01
 5.09983e+22	4.36e-06	2.18e-02	9.78e-01
 5.13361e+22	4.86e-06	2.30e-02	9.77e-01
 5.16393e+22	5.36e-06	2.42e-02	9.76e-01
 5.19830e+22	6.08e-06	2.57e-02	9.74e-01
 5.23401e+22	6.80e-06	2.72e-02	9.73e-01
 5.26601e+22	7.55e-06	2.87e-02	9.71e-01
 5.30218e+22	8.63e-06	3.06e-02	9.69e-01
 5.33908e+22	9.67e-06	3.24e-02	9.68e-01
 5.37695e+22	1.11e-05	3.46e-02	9.65e-01
 5.41518e+22	1.24e-05	3.66e-02	9.63e-01
 5.45389e+22	1.43e-05	3.93e-02	9.61e-01
 5.49293e+22	1.61e-05	4.16e-02	9.58e-01
 5.53242e+22	1.86e-05	4.46e-02	9.55e-01
 5.57237e+22	2.09e-05	4.72e-02	9.53e-01
 5.61292e+22	2.43e-05	5.08e-02	9.49e-01
 5.65395e+22	2.73e-05	5.38e-02	9.46e-01
 5.69560e+22	3.18e-05	5.80e-02	9.42e-01
 5.73779e+22	3.59e-05	6.15e-02	9.38e-01
 5.77465e+22	4.05e-05	6.51e-02	9.35e-01
 5.80915e+22	4.49e-05	6.85e-02	9.31e-01
 5.84665e+22	5.12e-05	7.29e-02	9.27e-01
 5.88456e+22	5.73e-05	7.70e-02	9.23e-01
 5.91709e+22	6.33e-05	8.08e-02	9.19e-01
 5.95346e+22	7.17e-05	8.58e-02	9.14e-01
 5.99133e+22	8.03e-05	9.05e-02	9.09e-01
 6.02550e+22	8.92e-05	9.52e-02	9.05e-01
 6.06426e+22	1.02e-04	1.01e-01	8.98e-01
 6.10361e+22	1.14e-04	1.07e-01	8.93e-01
 6.14370e+22	1.31e-04	1.14e-01	8.86e-01
 6.18099e+22	1.44e-04	1.19e-01	8.81e-01
 6.20996e+22	1.57e-04	1.24e-01	8.76e-01
 6.24295e+22	1.75e-04	1.31e-01	8.69e-01
 6.27694e+22	1.92e-04	1.36e-01	8.63e-01
 6.30759e+22	2.11e-04	1.42e-01	8.57e-01
 6.33821e+22	2.31e-04	1.49e-01	8.51e-01
 6.37341e+22	2.59e-04	1.56e-01	8.43e-01
 6.40885e+22	2.84e-04	1.63e-01	8.36e-01
 6.43959e+22	3.11e-04	1.70e-01	8.29e-01
 6.47452e+22	3.48e-04	1.79e-01	8.21e-01
 6.51007e+22	3.82e-04	1.87e-01	8.13e-01
 6.54641e+22	4.28e-04	1.96e-01	8.03e-01
 6.58315e+22	4.70e-04	2.05e-01	7.95e-01
 6.61537e+22	5.15e-04	2.13e-01	7.86e-01
 6.65222e+22	5.76e-04	2.24e-01	7.75e-01
 6.68993e+22	6.34e-04	2.33e-01	7.66e-01
 6.72876e+22	7.10e-04	2.45e-01	7.54e-01
 6.76842e+22	7.86e-04	2.56e-01	7.43e-01
 6.80317e+22	8.62e-04	2.66e-01	7.33e-01
 6.84234e+22	9.69e-04	2.80e-01	7.19e-01
 6.88252e+22	1.06e-03	2.91e-01	7.08e-01
 6.92399e+22	1.20e-03	3.06e-01	6.93e-01
 6.96656e+22	1.32e-03	3.19e-01	6.80e-01
 6.99886e+22	1.42e-03	3.28e-01	6.71e-01
 7.02915e+22	1.55e-03	3.39e-01	6.59e-01
 7.06038e+22	1.66e-03	3.49e-01	6.50e-01
 7.09283e+22	1.82e-03	3.61e-01	6.37e-01
 7.12536e+22	1.95e-03	3.71e-01	6.27e-01
 7.15797e+22	2.13e-03	3.84e-01	6.14e-01
 7.19095e+22	2.29e-03	3.95e-01	6.03e-01
 7.22440e+22	2.50e-03	4.08e-01	5.89e-01
 7.25841e+22	2.69e-03	4.19e-01	5.78e-01
 7.29316e+22	2.95e-03	4.33e-01	5.64e-01
 7.32842e+22	3.18e-03	4.45e-01	5.52e-01
 7.36434e+22	3.49e-03	4.60e-01	5.37e-01
 7.40090e+22	3.76e-03	4.72e-01	5.24e-01
 7.43829e+22	4.13e-03	4.87e-01	5.08e-01
 7.47649e+22	4.46e-03	5.00e-01	4.95e-01
 7.51576e+22	4.92e-03	5.17e-01	4.78e-01
 7.55567e+22	5.32e-03	5.30e-01	4.65e-01
 7.59643e+22	5.87e-03	5.47e-01	4.47e-01
 7.63776e+22	6.35e-03	5.60e-01	4.34e-01
 7.67983e+22	6.99e-03	5.77e-01	4.16e-01
 7.72293e+22	7.60e-03	5.91e-01	4.01e-01
 7.76740e+22	8.45e-03	6.09e-01	3.82e-01
 7.81181e+22	9.12e-03	6.23e-01	3.68e-01
 7.85615e+22	1.01e-02	6.40e-01	3.50e-01
 7.90178e+22	1.10e-02	6.54e-01	3.35e-01
 7.94909e+22	1.22e-02	6.72e-01	3.16e-01
 7.99757e+22	1.32e-02	6.86e-01	3.01e-01
 8.04754e+22	1.48e-02	7.04e-01	2.81e-01
 8.09871e+22	1.62e-02	7.18e-01	2.66e-01
 8.15145e+22	1.82e-02	7.36e-01	2.46e-01
 8.20596e+22	1.99e-02	7.50e-01	2.30e-01
 8.26280e+22	2.26e-02	7.68e-01	2.10e-01
 8.32208e+22	2.51e-02	7.82e-01	1.93e-01
 8.38360e+22	2.86e-02	7.98e-01	1.73e-01
 8.43724e+22	3.08e-02	8.08e-01	1.62e-01
 8.48158e+22	3.38e-02	8.18e-01	1.49e-01
 8.52836e+22	3.70e-02	8.26e-01	1.37e-01
 8.57831e+22	4.13e-02	8.36e-01	1.23e-01
 8.62925e+22	4.53e-02	8.43e-01	1.12e-01
 8.68147e+22	5.11e-02	8.50e-01	9.88e-02
 8.73547e+22	5.68e-02	8.55e-01	8.83e-02
 8.77873e+22	6.19e-02	8.58e-01	8.05e-02
 8.81615e+22	6.72e-02	8.59e-01	7.37e-02
 8.85905e+22	7.48e-02	8.59e-01	6.59e-02
 8.90400e+22	8.30e-02	8.58e-01	5.90e-02
 8.94340e+22	9.14e-02	8.55e-01	5.35e-02
 8.98020e+22	1.01e-01	8.51e-01	4.87e-02
 9.01516e+22	1.11e-01	8.45e-01	4.47e-02
 9.04762e+22	1.21e-01	8.37e-01	4.13e-02
 9.07735e+22	1.33e-01	8.29e-01	3.85e-02
 9.10422e+22	1.44e-01	8.19e-01	3.63e-02
 9.12855e+22	1.56e-01	8.09e-01	3.45e-02
 9.15072e+22	1.69e-01	7.98e-01	3.31e-02
 9.16459e+22	1.76e-01	7.91e-01	3.28e-02
 9.16964e+22	1.79e-01	7.89e-01	3.26e-02
 9.17363e+22	1.82e-01	7.86e-01	3.24e-02
 9.17879e+22	1.86e-01	7.82e-01	3.20e-02
 9.18488e+22	1.90e-01	7.78e-01	3.17e-02
 9.19099e+22	1.94e-01	7.74e-01	3.15e-02
 9.19694e+22	1.99e-01	7.70e-01	3.12e-02
 9.20283e+22	2.03e-01	7.66e-01	3.10e-02
 9.20888e+22	2.09e-01	7.61e-01	3.08e-02
 9.21512e+22	2.14e-01	7.55e-01	3.06e-02
 9.22119e+22	2.19e-01	7.50e-01	3.04e-02
 9.22731e+22	2.25e-01	7.45e-01	3.02e-02
 9.23367e+22	2.31e-01	7.39e-01	3.01e-02
 9.24021e+22	2.37e-01	7.33e-01	3.00e-02
 9.24693e+22	2.44e-01	7.27e-01	2.99e-02
 9.25368e+22	2.50e-01	7.20e-01	2.98e-02
