#depth	Cl	Cl+	Cl+2	Cl+3	Cl+4	Cl+5	Cl+6	Cl+7	Cl+8	Cl+9	Cl+10	Cl+11	Cl+12	Cl+13	Cl+14	Cl+15	Cl+16	Cl+17
 4.62852e+21	0.00e+00	0.00e+00	0.00e+00	0.00e+00	4.43e-23	5.47e-20	3.69e-17	3.32e-14	8.16e-12	8.85e-10	4.61e-08	1.47e-06	2.76e-05	3.39e-04	4.59e-03	1.15e-01	4.10e-01	4.70e-01
 1.05554e+22	0.00e+00	0.00e+00	0.00e+00	1.05e-24	1.44e-21	1.23e-18	9.46e-16	1.20e-12	2.06e-10	1.54e-08	5.51e-07	1.20e-05	1.53e-04	1.25e-03	1.13e-02	1.89e-01	4.52e-01	3.46e-01
 1.26305e+22	0.00e+00	0.00e+00	6.21e-27	2.41e-23	2.57e-20	1.71e-17	1.01e-14	1.07e-11	1.48e-09	8.93e-08	2.54e-06	4.40e-05	4.38e-04	2.74e-03	1.91e-02	2.49e-01	4.58e-01	2.71e-01
 1.38431e+22	0.00e+00	3.78e-30	4.26e-26	1.45e-22	1.33e-19	7.62e-17	3.82e-14	3.68e-11	4.55e-09	2.43e-07	6.06e-06	9.24e-05	7.98e-04	4.27e-03	2.55e-02	2.86e-01	4.53e-01	2.30e-01
 1.43880e+22	0.00e+00	6.52e-30	7.08e-26	2.33e-22	2.06e-19	1.13e-16	5.41e-14	5.09e-11	6.10e-09	3.16e-07	7.63e-06	1.12e-04	9.34e-04	4.79e-03	2.75e-02	2.97e-01	4.50e-01	2.20e-01
 1.45843e+22	0.00e+00	1.03e-29	1.08e-25	3.46e-22	2.95e-19	1.56e-16	7.23e-14	6.67e-11	7.81e-09	3.94e-07	9.25e-06	1.32e-04	1.07e-03	5.28e-03	2.92e-02	3.05e-01	4.48e-01	2.11e-01
 1.47583e+22	0.00e+00	1.46e-29	1.50e-25	4.68e-22	3.90e-19	2.01e-16	9.06e-14	8.21e-11	9.44e-09	4.66e-07	1.07e-05	1.50e-04	1.18e-03	5.67e-03	3.06e-02	3.12e-01	4.46e-01	2.05e-01
 1.49572e+22	0.00e+00	2.47e-29	2.45e-25	7.38e-22	5.91e-19	2.93e-16	1.26e-13	1.12e-10	1.25e-08	6.01e-07	1.33e-05	1.80e-04	1.37e-03	6.33e-03	3.28e-02	3.22e-01	4.42e-01	1.96e-01
 1.51636e+22	0.00e+00	3.92e-29	3.77e-25	1.10e-21	8.52e-19	4.07e-16	1.69e-13	1.47e-10	1.61e-08	7.50e-07	1.62e-05	2.13e-04	1.56e-03	6.97e-03	3.49e-02	3.30e-01	4.38e-01	1.88e-01
 1.53491e+22	0.00e+00	6.14e-29	5.72e-25	1.62e-21	1.21e-18	5.59e-16	2.24e-13	1.91e-10	2.04e-08	9.30e-07	1.95e-05	2.49e-04	1.77e-03	7.64e-03	3.69e-02	3.39e-01	4.35e-01	1.80e-01
 1.55595e+22	0.00e+00	1.07e-28	9.60e-25	2.62e-21	1.88e-18	8.31e-16	3.18e-13	2.66e-10	2.75e-08	1.21e-06	2.46e-05	3.03e-04	2.08e-03	8.56e-03	3.97e-02	3.49e-01	4.30e-01	1.70e-01
 1.57748e+22	0.00e+00	1.74e-28	1.51e-24	4.00e-21	2.76e-18	1.17e-15	4.30e-13	3.53e-10	3.57e-08	1.53e-06	3.01e-05	3.60e-04	2.38e-03	9.46e-03	4.22e-02	3.58e-01	4.25e-01	1.62e-01
 1.59585e+22	0.00e+00	2.72e-28	2.28e-24	5.85e-21	3.90e-18	1.60e-15	5.66e-13	4.57e-10	4.52e-08	1.89e-06	3.62e-05	4.21e-04	2.70e-03	1.03e-02	4.46e-02	3.67e-01	4.20e-01	1.55e-01
 1.61593e+22	0.00e+00	4.59e-28	3.72e-24	9.20e-21	5.89e-18	2.32e-15	7.84e-13	6.21e-10	5.98e-08	2.43e-06	4.50e-05	5.06e-04	3.12e-03	1.15e-02	4.75e-02	3.76e-01	4.14e-01	1.47e-01
 1.63708e+22	0.00e+00	7.55e-28	5.91e-24	1.41e-20	8.68e-18	3.28e-15	1.06e-12	8.27e-10	7.78e-08	3.08e-06	5.53e-05	6.03e-04	3.59e-03	1.27e-02	5.04e-02	3.85e-01	4.08e-01	1.40e-01
 1.65606e+22	0.00e+00	1.18e-27	8.94e-24	2.07e-20	1.23e-17	4.48e-15	1.40e-12	1.07e-09	9.87e-08	3.81e-06	6.65e-05	7.04e-04	4.06e-03	1.38e-02	5.32e-02	3.93e-01	4.02e-01	1.33e-01
 1.67717e+22	0.00e+00	2.08e-27	1.51e-23	3.37e-20	1.91e-17	6.66e-15	1.98e-12	1.49e-09	1.33e-07	4.99e-06	8.40e-05	8.58e-04	4.75e-03	1.55e-02	5.68e-02	4.03e-01	3.94e-01	1.25e-01
 1.69836e+22	0.00e+00	3.35e-27	2.36e-23	5.08e-20	2.77e-17	9.26e-15	2.64e-12	1.95e-09	1.71e-07	6.25e-06	1.02e-04	1.01e-03	5.42e-03	1.70e-02	6.00e-02	4.10e-01	3.88e-01	1.18e-01
 1.71597e+22	0.00e+00	5.07e-27	3.47e-23	7.25e-20	3.82e-17	1.23e-14	3.39e-12	2.48e-09	2.13e-07	7.60e-06	1.21e-04	1.17e-03	6.07e-03	1.84e-02	6.28e-02	4.17e-01	3.81e-01	1.13e-01
 1.73515e+22	0.00e+00	8.60e-27	5.66e-23	1.14e-19	5.76e-17	1.78e-14	4.66e-12	3.35e-09	2.81e-07	9.75e-06	1.50e-04	1.40e-03	7.00e-03	2.03e-02	6.66e-02	4.25e-01	3.73e-01	1.06e-01
 1.75492e+22	0.00e+00	1.36e-26	8.68e-23	1.69e-19	8.21e-17	2.43e-14	6.12e-12	4.35e-09	3.58e-07	1.21e-05	1.81e-04	1.64e-03	7.93e-03	2.22e-02	7.00e-02	4.32e-01	3.66e-01	1.00e-01
 1.77111e+22	0.00e+00	1.98e-26	1.23e-22	2.32e-19	1.09e-16	3.14e-14	7.63e-12	5.37e-09	4.35e-07	1.44e-05	2.11e-04	1.87e-03	8.77e-03	2.38e-02	7.28e-02	4.37e-01	3.60e-01	9.58e-02
 1.78782e+22	0.00e+00	3.16e-26	1.89e-22	3.46e-19	1.56e-16	4.31e-14	1.00e-11	6.99e-09	5.54e-07	1.79e-05	2.55e-04	2.19e-03	9.93e-03	2.59e-02	7.65e-02	4.43e-01	3.51e-01	9.03e-02
 1.80382e+22	0.00e+00	4.48e-26	2.61e-22	4.65e-19	2.04e-16	5.44e-14	1.23e-11	8.48e-09	6.64e-07	2.11e-05	2.93e-04	2.46e-03	1.09e-02	2.76e-02	7.92e-02	4.48e-01	3.45e-01	8.64e-02
 1.81673e+22	0.00e+00	6.23e-26	3.54e-22	6.15e-19	2.62e-16	6.80e-14	1.49e-11	1.02e-08	7.87e-07	2.46e-05	3.35e-04	2.75e-03	1.19e-02	2.93e-02	8.19e-02	4.52e-01	3.39e-01	8.27e-02
 1.83132e+22	0.00e+00	9.43e-26	5.20e-22	8.74e-19	3.59e-16	8.97e-14	1.89e-11	1.28e-08	9.75e-07	2.99e-05	3.96e-04	3.16e-03	1.33e-02	3.16e-02	8.53e-02	4.56e-01	3.32e-01	7.83e-02
 1.84560e+22	0.00e+00	1.30e-25	7.00e-22	1.15e-18	4.58e-16	1.11e-13	2.27e-11	1.53e-08	1.15e-06	3.46e-05	4.50e-04	3.52e-03	1.44e-02	3.35e-02	8.79e-02	4.59e-01	3.26e-01	7.50e-02
 1.85751e+22	0.00e+00	1.78e-25	9.37e-22	1.50e-18	5.82e-16	1.37e-13	2.71e-11	1.83e-08	1.35e-06	4.01e-05	5.11e-04	3.92e-03	1.57e-02	3.54e-02	9.06e-02	4.62e-01	3.20e-01	7.18e-02
 1.87104e+22	0.00e+00	2.62e-25	1.34e-21	2.08e-18	7.78e-16	1.77e-13	3.37e-11	2.26e-08	1.65e-06	4.79e-05	5.96e-04	4.45e-03	1.73e-02	3.79e-02	9.39e-02	4.66e-01	3.12e-01	6.80e-02
 1.88429e+22	0.00e+00	3.56e-25	1.77e-21	2.68e-18	9.78e-16	2.16e-13	4.00e-11	2.66e-08	1.92e-06	5.51e-05	6.72e-04	4.93e-03	1.87e-02	3.99e-02	9.65e-02	4.68e-01	3.06e-01	6.51e-02
 1.89530e+22	0.00e+00	4.80e-25	2.33e-21	3.45e-18	1.22e-15	2.62e-13	4.71e-11	3.13e-08	2.24e-06	6.32e-05	7.56e-04	5.44e-03	2.02e-02	4.20e-02	9.90e-02	4.70e-01	3.00e-01	6.24e-02
 1.90606e+22	0.00e+00	6.40e-25	3.04e-21	4.39e-18	1.51e-15	3.15e-13	5.52e-11	3.66e-08	2.59e-06	7.21e-05	8.47e-04	5.98e-03	2.17e-02	4.41e-02	1.02e-01	4.71e-01	2.94e-01	5.98e-02
 1.91839e+22	0.00e+00	9.20e-25	4.25e-21	5.94e-18	1.98e-15	3.99e-13	6.73e-11	4.45e-08	3.11e-06	8.50e-05	9.77e-04	6.73e-03	2.38e-02	4.69e-02	1.05e-01	4.73e-01	2.87e-01	5.67e-02
 1.93103e+22	0.00e+00	1.25e-24	5.64e-21	7.69e-18	2.49e-15	4.86e-13	7.96e-11	5.25e-08	3.63e-06	9.78e-05	1.10e-03	7.44e-03	2.57e-02	4.93e-02	1.07e-01	4.74e-01	2.81e-01	5.41e-02
 1.94224e+22	0.00e+00	1.68e-24	7.40e-21	9.85e-18	3.10e-15	5.88e-13	9.36e-11	6.16e-08	4.21e-06	1.12e-04	1.24e-03	8.18e-03	2.76e-02	5.17e-02	1.10e-01	4.75e-01	2.75e-01	5.17e-02
 1.95285e+22	0.00e+00	2.25e-24	9.68e-21	1.25e-17	3.84e-15	7.05e-13	1.09e-10	7.17e-08	4.87e-06	1.28e-04	1.39e-03	8.99e-03	2.97e-02	5.43e-02	1.12e-01	4.75e-01	2.68e-01	4.93e-02
 1.96267e+22	0.00e+00	2.95e-24	1.24e-20	1.57e-17	4.67e-15	8.35e-13	1.25e-10	8.27e-08	5.57e-06	1.44e-04	1.54e-03	9.80e-03	3.17e-02	5.66e-02	1.15e-01	4.76e-01	2.63e-01	4.73e-02
 1.97362e+22	0.00e+00	4.12e-24	1.69e-20	2.07e-17	5.96e-15	1.03e-12	1.50e-10	9.86e-08	6.57e-06	1.68e-04	1.75e-03	1.09e-02	3.44e-02	5.97e-02	1.17e-01	4.75e-01	2.56e-01	4.48e-02
 1.98486e+22	0.00e+00	5.57e-24	2.22e-20	2.65e-17	7.41e-15	1.24e-12	1.75e-10	1.15e-07	7.62e-06	1.92e-04	1.96e-03	1.20e-02	3.70e-02	6.25e-02	1.20e-01	4.75e-01	2.49e-01	4.26e-02
 1.99466e+22	0.00e+00	7.29e-24	2.84e-20	3.31e-17	9.00e-15	1.47e-12	2.00e-10	1.33e-07	8.70e-06	2.16e-04	2.18e-03	1.31e-02	3.94e-02	6.52e-02	1.22e-01	4.74e-01	2.43e-01	4.07e-02
 2.00556e+22	0.00e+00	1.04e-23	3.92e-20	4.43e-17	1.16e-14	1.82e-12	2.39e-10	1.59e-07	1.03e-05	2.52e-04	2.49e-03	1.46e-02	4.29e-02	6.87e-02	1.25e-01	4.72e-01	2.36e-01	3.83e-02
 2.01670e+22	0.00e+00	1.40e-23	5.17e-20	5.67e-17	1.44e-14	2.18e-12	2.78e-10	1.85e-07	1.20e-05	2.89e-04	2.79e-03	1.60e-02	4.60e-02	7.18e-02	1.27e-01	4.71e-01	2.29e-01	3.64e-02
 2.02646e+22	0.00e+00	1.87e-23	6.70e-20	7.16e-17	1.76e-14	2.59e-12	3.20e-10	2.14e-07	1.37e-05	3.27e-04	3.10e-03	1.75e-02	4.91e-02	7.49e-02	1.29e-01	4.69e-01	2.23e-01	3.46e-02
 2.03748e+22	0.00e+00	2.71e-23	9.42e-20	9.71e-17	2.29e-14	3.23e-12	3.83e-10	2.58e-07	1.64e-05	3.85e-04	3.57e-03	1.96e-02	5.35e-02	7.89e-02	1.32e-01	4.65e-01	2.14e-01	3.23e-02
 2.04864e+22	0.00e+00	3.67e-23	1.24e-19	1.24e-16	2.83e-14	3.86e-12	4.43e-10	3.01e-07	1.90e-05	4.39e-04	3.99e-03	2.14e-02	5.72e-02	8.23e-02	1.34e-01	4.62e-01	2.08e-01	3.05e-02
 2.05818e+22	0.00e+00	4.83e-23	1.59e-19	1.55e-16	3.44e-14	4.53e-12	5.06e-10	3.45e-07	2.17e-05	4.95e-04	4.42e-03	2.33e-02	6.08e-02	8.54e-02	1.36e-01	4.59e-01	2.02e-01	2.90e-02
 2.06878e+22	0.00e+00	7.17e-23	2.28e-19	2.12e-16	4.50e-14	5.66e-12	6.04e-10	4.17e-07	2.61e-05	5.86e-04	5.10e-03	2.62e-02	6.63e-02	9.00e-02	1.38e-01	4.54e-01	1.93e-01	2.69e-02
 2.07919e+22	0.00e+00	9.35e-23	2.90e-19	2.64e-16	5.42e-14	6.61e-12	6.85e-10	4.76e-07	2.96e-05	6.57e-04	5.62e-03	2.83e-02	7.02e-02	9.31e-02	1.40e-01	4.50e-01	1.87e-01	2.55e-02
 2.08935e+22	0.00e+00	1.37e-22	4.09e-19	3.57e-16	7.01e-14	8.16e-12	8.09e-10	5.71e-07	3.53e-05	7.71e-04	6.44e-03	3.16e-02	7.60e-02	9.76e-02	1.42e-01	4.44e-01	1.79e-01	2.36e-02
 2.09933e+22	0.00e+00	1.76e-22	5.14e-19	4.37e-16	8.36e-14	9.45e-12	9.11e-10	6.46e-07	3.97e-05	8.59e-04	7.04e-03	3.39e-02	8.01e-02	1.01e-01	1.43e-01	4.39e-01	1.73e-01	2.24e-02
 2.10905e+22	0.00e+00	2.58e-22	7.25e-19	5.91e-16	1.08e-13	1.16e-11	1.07e-09	7.72e-07	4.72e-05	1.01e-03	8.06e-03	3.78e-02	8.66e-02	1.05e-01	1.44e-01	4.31e-01	1.65e-01	2.07e-02
 2.11870e+22	0.00e+00	3.34e-22	9.16e-19	7.26e-16	1.28e-13	1.34e-11	1.20e-09	8.74e-07	5.32e-05	1.12e-03	8.82e-03	4.06e-02	9.12e-02	1.08e-01	1.45e-01	4.26e-01	1.59e-01	1.95e-02
 2.12825e+22	0.00e+00	4.88e-22	1.29e-18	9.77e-16	1.65e-13	1.64e-11	1.40e-09	1.04e-06	6.31e-05	1.31e-03	1.01e-02	4.50e-02	9.82e-02	1.13e-01	1.46e-01	4.17e-01	1.51e-01	1.80e-02
 2.13788e+22	0.00e+00	6.42e-22	1.65e-18	1.21e-15	1.98e-13	1.90e-11	1.57e-09	1.18e-06	7.14e-05	1.47e-03	1.10e-02	4.84e-02	1.03e-01	1.16e-01	1.47e-01	4.11e-01	1.45e-01	1.69e-02
 2.14763e+22	0.00e+00	9.47e-22	2.34e-18	1.64e-15	2.55e-13	2.33e-11	1.84e-09	1.41e-06	8.47e-05	1.72e-03	1.26e-02	5.37e-02	1.11e-01	1.21e-01	1.47e-01	4.00e-01	1.37e-01	1.54e-02
 2.15750e+22	0.00e+00	1.26e-21	3.03e-18	2.06e-15	3.09e-13	2.71e-11	2.07e-09	1.60e-06	9.62e-05	1.92e-03	1.39e-02	5.78e-02	1.17e-01	1.24e-01	1.47e-01	3.92e-01	1.31e-01	1.44e-02
 2.16753e+22	0.00e+00	1.86e-21	4.29e-18	2.78e-15	3.97e-13	3.31e-11	2.42e-09	1.91e-06	1.14e-04	2.24e-03	1.57e-02	6.38e-02	1.25e-01	1.28e-01	1.47e-01	3.81e-01	1.23e-01	1.31e-02
 2.17747e+22	0.00e+00	2.50e-21	5.57e-18	3.49e-15	4.80e-13	3.85e-11	2.71e-09	2.17e-06	1.29e-04	2.52e-03	1.73e-02	6.86e-02	1.32e-01	1.32e-01	1.47e-01	3.72e-01	1.17e-01	1.21e-02
 2.18728e+22	0.00e+00	3.67e-21	7.87e-18	4.70e-15	6.15e-13	4.68e-11	3.14e-09	2.57e-06	1.52e-04	2.92e-03	1.96e-02	7.53e-02	1.40e-01	1.35e-01	1.46e-01	3.60e-01	1.09e-01	1.10e-02
 2.19727e+22	0.00e+00	4.99e-21	1.04e-17	5.96e-15	7.49e-13	5.46e-11	3.53e-09	2.93e-06	1.73e-04	3.28e-03	2.16e-02	8.10e-02	1.47e-01	1.38e-01	1.45e-01	3.49e-01	1.03e-01	1.01e-02
 2.20750e+22	0.00e+00	7.47e-21	1.48e-17	8.12e-15	9.67e-13	6.67e-11	4.10e-09	3.47e-06	2.05e-04	3.82e-03	2.44e-02	8.89e-02	1.57e-01	1.42e-01	1.44e-01	3.36e-01	9.58e-02	9.02e-03
 2.21780e+22	0.00e+00	1.02e-20	1.96e-17	1.03e-14	1.18e-12	7.79e-11	4.61e-09	3.96e-06	2.32e-04	4.29e-03	2.68e-02	9.53e-02	1.64e-01	1.45e-01	1.42e-01	3.24e-01	9.01e-02	8.25e-03
 2.22820e+22	0.00e+00	1.54e-20	2.83e-17	1.41e-14	1.53e-12	9.52e-11	5.35e-09	4.68e-06	2.74e-04	4.97e-03	3.02e-02	1.04e-01	1.73e-01	1.48e-01	1.40e-01	3.10e-01	8.28e-02	7.32e-03
 2.23866e+22	0.00e+00	2.11e-20	3.74e-17	1.79e-14	1.86e-12	1.11e-10	6.00e-09	5.31e-06	3.09e-04	5.56e-03	3.31e-02	1.11e-01	1.80e-01	1.50e-01	1.38e-01	2.98e-01	7.75e-02	6.66e-03
 2.24772e+22	0.00e+00	2.87e-20	4.92e-17	2.26e-14	2.25e-12	1.29e-10	6.70e-09	6.00e-06	3.49e-04	6.19e-03	3.61e-02	1.18e-01	1.87e-01	1.51e-01	1.36e-01	2.86e-01	7.24e-02	6.05e-03
 2.25802e+22	0.00e+00	4.30e-20	7.04e-17	3.07e-14	2.89e-12	1.56e-10	7.73e-09	7.02e-06	4.06e-04	7.10e-03	4.03e-02	1.28e-01	1.96e-01	1.53e-01	1.32e-01	2.71e-01	6.60e-02	5.32e-03
 2.26821e+22	0.00e+00	5.71e-20	9.07e-17	3.82e-14	3.46e-12	1.80e-10	8.59e-09	7.84e-06	4.52e-04	7.81e-03	4.35e-02	1.35e-01	2.02e-01	1.54e-01	1.30e-01	2.60e-01	6.17e-02	4.85e-03
 2.27826e+22	0.00e+00	8.32e-20	1.27e-16	5.07e-14	4.38e-12	2.15e-10	9.83e-09	9.04e-06	5.18e-04	8.84e-03	4.80e-02	1.44e-01	2.10e-01	1.55e-01	1.26e-01	2.46e-01	5.64e-02	4.28e-03
 2.28860e+22	0.00e+00	1.13e-19	1.66e-16	6.40e-14	5.30e-12	2.50e-10	1.10e-08	1.01e-05	5.78e-04	9.75e-03	5.19e-02	1.52e-01	2.16e-01	1.55e-01	1.23e-01	2.34e-01	5.22e-02	3.85e-03
 2.29934e+22	0.00e+00	1.67e-19	2.35e-16	8.59e-14	6.76e-12	3.02e-10	1.26e-08	1.17e-05	6.62e-04	1.10e-02	5.71e-02	1.62e-01	2.24e-01	1.55e-01	1.19e-01	2.20e-01	4.72e-02	3.36e-03
 2.31027e+22	0.00e+00	2.27e-19	3.09e-16	1.08e-13	8.19e-12	3.50e-10	1.41e-08	1.30e-05	7.36e-04	1.21e-02	6.15e-02	1.70e-01	2.29e-01	1.55e-01	1.16e-01	2.09e-01	4.35e-02	3.00e-03
 2.32145e+22	0.00e+00	3.37e-19	4.39e-16	1.46e-13	1.05e-11	4.24e-10	1.63e-08	1.50e-05	8.40e-04	1.36e-02	6.74e-02	1.81e-01	2.36e-01	1.54e-01	1.11e-01	1.94e-01	3.90e-02	2.60e-03
 2.33286e+22	0.00e+00	4.57e-19	5.77e-16	1.84e-13	1.27e-11	4.93e-10	1.83e-08	1.67e-05	9.29e-04	1.49e-02	7.22e-02	1.89e-01	2.41e-01	1.53e-01	1.07e-01	1.84e-01	3.58e-02	2.31e-03
 2.34456e+22	0.00e+00	6.78e-19	8.19e-16	2.49e-13	1.63e-11	5.99e-10	2.11e-08	1.91e-05	1.05e-03	1.67e-02	7.87e-02	1.99e-01	2.46e-01	1.51e-01	1.03e-01	1.70e-01	3.19e-02	1.99e-03
 2.35646e+22	0.00e+00	9.20e-19	1.07e-15	3.14e-13	1.97e-11	6.97e-10	2.37e-08	2.12e-05	1.16e-03	1.82e-02	8.40e-02	2.07e-01	2.50e-01	1.50e-01	9.89e-02	1.60e-01	2.91e-02	1.76e-03
 2.36862e+22	0.00e+00	1.36e-18	1.52e-15	4.23e-13	2.53e-11	8.47e-10	2.75e-08	2.42e-05	1.31e-03	2.02e-02	9.11e-02	2.17e-01	2.54e-01	1.47e-01	9.40e-02	1.48e-01	2.58e-02	1.50e-03
 2.38085e+22	3.39e-32	1.83e-18	1.98e-15	5.29e-13	3.05e-11	9.83e-10	3.08e-08	2.67e-05	1.44e-03	2.19e-02	9.67e-02	2.25e-01	2.56e-01	1.45e-01	9.03e-02	1.39e-01	2.35e-02	1.33e-03
 2.39318e+22	5.13e-32	2.67e-18	2.78e-15	7.07e-13	3.89e-11	1.19e-09	3.56e-08	3.02e-05	1.61e-03	2.42e-02	1.04e-01	2.34e-01	2.59e-01	1.42e-01	8.56e-02	1.27e-01	2.08e-02	1.13e-03
 2.40579e+22	7.05e-32	3.58e-18	3.62e-15	8.86e-13	4.70e-11	1.38e-09	4.00e-08	3.33e-05	1.76e-03	2.61e-02	1.10e-01	2.41e-01	2.61e-01	1.39e-01	8.19e-02	1.19e-01	1.89e-02	1.00e-03
 2.41679e+22	9.53e-32	4.73e-18	4.64e-15	1.10e-12	5.61e-11	1.60e-09	4.47e-08	3.65e-05	1.90e-03	2.80e-02	1.16e-01	2.48e-01	2.62e-01	1.36e-01	7.84e-02	1.12e-01	1.72e-02	8.85e-04
 2.42912e+22	1.41e-31	6.77e-18	6.39e-15	1.44e-12	7.06e-11	1.92e-09	5.14e-08	4.09e-05	2.11e-03	3.06e-02	1.24e-01	2.56e-01	2.63e-01	1.32e-01	7.40e-02	1.02e-01	1.52e-02	7.55e-04
 2.44144e+22	1.86e-31	8.76e-18	8.06e-15	1.76e-12	8.36e-11	2.20e-09	5.72e-08	4.45e-05	2.27e-03	3.26e-02	1.29e-01	2.62e-01	2.63e-01	1.29e-01	7.09e-02	9.60e-02	1.39e-02	6.71e-04
 2.45375e+22	2.70e-31	1.23e-17	1.09e-14	2.29e-12	1.04e-10	2.62e-09	6.56e-08	4.97e-05	2.50e-03	3.53e-02	1.37e-01	2.69e-01	2.63e-01	1.26e-01	6.68e-02	8.80e-02	1.23e-02	5.73e-04
 2.46635e+22	3.60e-31	1.61e-17	1.39e-14	2.81e-12	1.24e-10	3.01e-09	7.31e-08	5.41e-05	2.70e-03	3.76e-02	1.43e-01	2.75e-01	2.62e-01	1.22e-01	6.37e-02	8.21e-02	1.11e-02	5.06e-04
 2.47749e+22	4.77e-31	2.08e-17	1.75e-14	3.43e-12	1.47e-10	3.45e-09	8.13e-08	5.88e-05	2.90e-03	3.99e-02	1.49e-01	2.80e-01	2.61e-01	1.19e-01	6.07e-02	7.66e-02	1.01e-02	4.47e-04
 2.49016e+22	6.88e-31	2.92e-17	2.37e-14	4.45e-12	1.83e-10	4.12e-09	9.32e-08	6.53e-05	3.17e-03	4.31e-02	1.58e-01	2.86e-01	2.59e-01	1.15e-01	5.70e-02	6.99e-02	8.91e-03	3.79e-04
 2.50276e+22	8.90e-31	3.69e-17	2.93e-14	5.35e-12	2.14e-10	4.68e-09	1.03e-07	7.06e-05	3.39e-03	4.55e-02	1.63e-01	2.90e-01	2.58e-01	1.12e-01	5.44e-02	6.54e-02	8.13e-03	3.38e-04
 2.51527e+22	1.26e-30	5.09e-17	3.90e-14	6.86e-12	2.63e-10	5.54e-09	1.18e-07	7.81e-05	3.69e-03	4.88e-02	1.71e-01	2.95e-01	2.55e-01	1.07e-01	5.10e-02	5.97e-02	7.17e-03	2.88e-04
 2.52802e+22	1.64e-30	6.47e-17	4.84e-14	8.27e-12	3.09e-10	6.31e-09	1.30e-07	8.45e-05	3.94e-03	5.14e-02	1.78e-01	2.99e-01	2.53e-01	1.04e-01	4.85e-02	5.57e-02	6.51e-03	2.55e-04
 2.54109e+22	2.32e-30	8.91e-17	6.46e-14	1.06e-11	3.82e-10	7.49e-09	1.49e-07	9.35e-05	4.29e-03	5.51e-02	1.86e-01	3.03e-01	2.50e-01	9.99e-02	4.53e-02	5.07e-02	5.71e-03	2.16e-04
 2.55440e+22	7.85e-31	1.14e-16	8.04e-14	1.28e-11	4.49e-10	8.55e-09	1.66e-07	1.01e-04	4.58e-03	5.80e-02	1.92e-01	3.06e-01	2.47e-01	9.65e-02	4.30e-02	4.71e-02	5.17e-03	1.90e-04
 2.56804e+22	1.12e-30	1.57e-16	1.07e-13	1.65e-11	5.56e-10	1.02e-08	1.90e-07	1.12e-04	4.98e-03	6.21e-02	2.01e-01	3.10e-01	2.43e-01	9.21e-02	4.00e-02	4.26e-02	4.51e-03	1.60e-04
 2.58193e+22	1.46e-30	2.00e-16	1.34e-13	2.00e-11	6.55e-10	1.16e-08	2.11e-07	1.22e-04	5.32e-03	6.53e-02	2.07e-01	3.12e-01	2.39e-01	8.88e-02	3.78e-02	3.94e-02	4.06e-03	1.40e-04
 2.59615e+22	2.07e-30	2.77e-16	1.79e-13	2.57e-11	8.12e-10	1.39e-08	2.43e-07	1.35e-04	5.79e-03	6.98e-02	2.16e-01	3.15e-01	2.35e-01	8.44e-02	3.50e-02	3.56e-02	3.53e-03	1.18e-04
 2.61004e+22	2.63e-30	3.43e-16	2.18e-13	3.05e-11	9.42e-10	1.57e-08	2.68e-07	1.45e-04	6.14e-03	7.30e-02	2.22e-01	3.16e-01	2.31e-01	8.15e-02	3.32e-02	3.31e-02	3.21e-03	1.04e-04
 2.62352e+22	3.67e-30	4.66e-16	2.87e-13	3.86e-11	1.15e-09	1.85e-08	3.06e-07	1.60e-04	6.63e-03	7.75e-02	2.31e-01	3.18e-01	2.26e-01	7.75e-02	3.09e-02	2.99e-02	2.80e-03	8.80e-05
 2.63720e+22	4.66e-30	5.78e-16	3.49e-13	4.59e-11	1.34e-09	2.10e-08	3.38e-07	1.72e-04	7.03e-03	8.09e-02	2.37e-01	3.19e-01	2.22e-01	7.46e-02	2.92e-02	2.78e-02	2.54e-03	7.79e-05
 2.65115e+22	6.43e-30	7.77e-16	4.55e-13	5.79e-11	1.63e-09	2.47e-08	3.85e-07	1.90e-04	7.59e-03	8.57e-02	2.45e-01	3.20e-01	2.17e-01	7.08e-02	2.71e-02	2.51e-02	2.22e-03	6.57e-05
 2.66553e+22	8.33e-30	9.85e-16	5.65e-13	6.99e-11	1.92e-09	2.82e-08	4.28e-07	2.05e-04	8.07e-03	8.98e-02	2.51e-01	3.20e-01	2.12e-01	6.77e-02	2.55e-02	2.31e-02	1.99e-03	5.72e-05
 2.68047e+22	1.15e-29	1.32e-15	7.39e-13	8.84e-11	2.35e-09	3.34e-08	4.90e-07	2.27e-04	8.72e-03	9.50e-02	2.59e-01	3.20e-01	2.06e-01	6.40e-02	2.35e-02	2.08e-02	1.73e-03	4.81e-05
 2.69590e+22	1.52e-29	1.70e-15	9.27e-13	1.08e-10	2.79e-09	3.85e-08	5.49e-07	2.47e-04	9.31e-03	9.96e-02	2.66e-01	3.20e-01	2.01e-01	6.09e-02	2.20e-02	1.90e-02	1.53e-03	4.14e-05
 2.71195e+22	2.13e-29	2.31e-15	1.22e-12	1.38e-10	3.44e-09	4.59e-08	6.32e-07	2.74e-04	1.01e-02	1.05e-01	2.75e-01	3.19e-01	1.95e-01	5.73e-02	2.02e-02	1.70e-02	1.32e-03	3.44e-05
 2.72843e+22	2.82e-29	2.99e-15	1.55e-12	1.69e-10	4.11e-09	5.31e-08	7.11e-07	2.99e-04	1.08e-02	1.11e-01	2.81e-01	3.18e-01	1.89e-01	5.43e-02	1.87e-02	1.54e-02	1.16e-03	2.94e-05
 2.74547e+22	4.01e-29	4.10e-15	2.06e-12	2.17e-10	5.11e-09	6.37e-08	8.24e-07	3.34e-04	1.17e-02	1.17e-01	2.90e-01	3.16e-01	1.83e-01	5.07e-02	1.71e-02	1.37e-02	9.93e-04	2.42e-05
 2.76306e+22	5.38e-29	5.35e-15	2.63e-12	2.69e-10	6.14e-09	7.43e-08	9.32e-07	3.66e-04	1.25e-02	1.23e-01	2.97e-01	3.14e-01	1.77e-01	4.78e-02	1.58e-02	1.24e-02	8.67e-04	2.05e-05
 2.78137e+22	7.75e-29	7.44e-15	3.54e-12	3.50e-10	7.71e-09	8.99e-08	1.09e-06	4.10e-04	1.36e-02	1.30e-01	3.05e-01	3.11e-01	1.69e-01	4.44e-02	1.43e-02	1.09e-02	7.33e-04	1.66e-05
 2.80023e+22	1.05e-28	9.82e-15	4.56e-12	4.37e-10	9.35e-09	1.06e-07	1.24e-06	4.51e-04	1.46e-02	1.37e-01	3.12e-01	3.08e-01	1.63e-01	4.16e-02	1.31e-02	9.72e-03	6.34e-04	1.39e-05
 2.81724e+22	1.42e-28	1.28e-14	5.82e-12	5.42e-10	1.13e-08	1.23e-07	1.40e-06	4.95e-04	1.57e-02	1.43e-01	3.18e-01	3.05e-01	1.57e-01	3.90e-02	1.20e-02	8.72e-03	5.51e-04	1.17e-05
 2.83678e+22	2.07e-28	1.80e-14	7.93e-12	7.12e-10	1.43e-08	1.50e-07	1.65e-06	5.57e-04	1.71e-02	1.51e-01	3.26e-01	3.00e-01	1.50e-01	3.59e-02	1.08e-02	7.59e-03	4.59e-04	9.37e-06
 2.85669e+22	2.83e-28	2.39e-14	1.02e-11	8.92e-10	1.73e-08	1.77e-07	1.88e-06	6.13e-04	1.84e-02	1.59e-01	3.33e-01	2.96e-01	1.43e-01	3.34e-02	9.86e-03	6.75e-03	3.95e-04	7.78e-06
 2.87711e+22	4.17e-28	3.38e-14	1.41e-11	1.18e-09	2.21e-08	2.17e-07	2.21e-06	6.92e-04	2.00e-02	1.68e-01	3.40e-01	2.90e-01	1.36e-01	3.06e-02	8.78e-03	5.82e-03	3.26e-04	6.15e-06
 2.89779e+22	5.71e-28	4.50e-14	1.82e-11	1.48e-09	2.69e-08	2.56e-07	2.53e-06	7.63e-04	2.15e-02	1.75e-01	3.46e-01	2.85e-01	1.30e-01	2.83e-02	7.97e-03	5.15e-03	2.78e-04	5.07e-06
 2.91884e+22	8.50e-28	6.44e-14	2.53e-11	1.98e-09	3.45e-08	3.15e-07	3.00e-06	8.63e-04	2.35e-02	1.85e-01	3.53e-01	2.79e-01	1.22e-01	2.57e-02	7.04e-03	4.40e-03	2.27e-04	3.96e-06
 2.94009e+22	1.16e-27	8.57e-14	3.28e-11	2.48e-09	4.21e-08	3.72e-07	3.42e-06	9.52e-04	2.51e-02	1.93e-01	3.58e-01	2.73e-01	1.16e-01	2.37e-02	6.37e-03	3.87e-03	1.93e-04	3.24e-06
 2.96162e+22	1.75e-27	1.24e-13	4.60e-11	3.34e-09	5.44e-08	4.61e-07	4.07e-06	1.08e-03	2.75e-02	2.04e-01	3.64e-01	2.65e-01	1.08e-01	2.14e-02	5.58e-03	3.27e-03	1.55e-04	2.49e-06
 2.98327e+22	2.38e-27	1.65e-13	5.94e-11	4.18e-09	6.62e-08	5.43e-07	4.65e-06	1.19e-03	2.94e-02	2.13e-01	3.68e-01	2.59e-01	1.03e-01	1.97e-02	5.03e-03	2.88e-03	1.32e-04	2.03e-06
 3.00125e+22	3.15e-27	2.13e-13	7.49e-11	5.13e-09	7.90e-08	6.30e-07	5.24e-06	1.29e-03	3.12e-02	2.20e-01	3.71e-01	2.53e-01	9.77e-02	1.82e-02	4.58e-03	2.55e-03	1.13e-04	1.69e-06
 3.02082e+22	4.53e-27	2.97e-13	1.02e-10	6.70e-09	9.96e-08	7.65e-07	6.14e-06	1.45e-03	3.37e-02	2.31e-01	3.75e-01	2.45e-01	9.13e-02	1.64e-02	4.03e-03	2.17e-03	9.20e-05	1.32e-06
 3.04031e+22	5.93e-27	3.81e-13	1.27e-10	8.17e-09	1.18e-07	8.84e-07	6.91e-06	1.58e-03	3.57e-02	2.39e-01	3.78e-01	2.39e-01	8.67e-02	1.52e-02	3.67e-03	1.93e-03	7.89e-05	1.09e-06
 3.05970e+22	8.46e-27	5.31e-13	1.72e-10	1.06e-08	1.49e-07	1.07e-06	8.07e-06	1.76e-03	3.85e-02	2.49e-01	3.81e-01	2.30e-01	8.07e-02	1.37e-02	3.22e-03	1.64e-03	6.41e-05	8.48e-07
 3.07933e+22	1.11e-26	6.86e-13	2.17e-10	1.30e-08	1.78e-07	1.24e-06	9.11e-06	1.92e-03	4.08e-02	2.57e-01	3.83e-01	2.24e-01	7.63e-02	1.26e-02	2.91e-03	1.44e-03	5.45e-05	6.96e-07
 3.09930e+22	1.59e-26	9.63e-13	2.95e-10	1.71e-08	2.25e-07	1.52e-06	1.07e-05	2.15e-03	4.41e-02	2.69e-01	3.85e-01	2.14e-01	7.05e-02	1.12e-02	2.54e-03	1.21e-03	4.37e-05	5.32e-07
 3.11949e+22	2.09e-26	1.25e-12	3.74e-10	2.10e-08	2.70e-07	1.77e-06	1.21e-05	2.35e-03	4.68e-02	2.77e-01	3.86e-01	2.07e-01	6.63e-02	1.03e-02	2.28e-03	1.06e-03	3.68e-05	4.32e-07
 3.14001e+22	2.96e-26	1.76e-12	5.09e-10	2.76e-08	3.43e-07	2.17e-06	1.43e-05	2.64e-03	5.05e-02	2.89e-01	3.87e-01	1.98e-01	6.09e-02	9.08e-03	1.97e-03	8.82e-04	2.92e-05	3.27e-07
 3.16093e+22	3.94e-26	2.31e-12	6.52e-10	3.43e-08	4.16e-07	2.55e-06	1.64e-05	2.90e-03	5.37e-02	2.99e-01	3.87e-01	1.90e-01	5.68e-02	8.21e-03	1.75e-03	7.60e-04	2.42e-05	2.60e-07
 3.18237e+22	5.63e-26	3.28e-12	8.98e-10	4.54e-08	5.34e-07	3.15e-06	1.95e-05	3.28e-03	5.82e-02	3.11e-01	3.86e-01	1.80e-01	5.17e-02	7.18e-03	1.50e-03	6.23e-04	1.88e-05	1.92e-07
 3.20422e+22	7.45e-26	4.34e-12	1.16e-09	5.68e-08	6.51e-07	3.74e-06	2.25e-05	3.61e-03	6.20e-02	3.21e-01	3.85e-01	1.72e-01	4.78e-02	6.43e-03	1.32e-03	5.31e-04	1.53e-05	1.50e-07
 3.22659e+22	1.06e-25	6.21e-12	1.60e-09	7.59e-08	8.44e-07	4.66e-06	2.71e-05	4.11e-03	6.73e-02	3.34e-01	3.83e-01	1.61e-01	4.30e-02	5.55e-03	1.11e-03	4.28e-04	1.17e-05	0.00e+00
 3.24918e+22	1.39e-25	8.18e-12	2.06e-09	9.50e-08	1.03e-06	5.55e-06	3.13e-05	4.54e-03	7.18e-02	3.45e-01	3.80e-01	1.53e-01	3.95e-02	4.93e-03	9.72e-04	3.61e-04	9.43e-06	0.00e+00
 3.26828e+22	1.78e-25	1.05e-11	2.60e-09	1.17e-07	1.24e-06	6.52e-06	3.58e-05	4.98e-03	7.61e-02	3.54e-01	3.77e-01	1.46e-01	3.64e-02	4.41e-03	8.55e-04	3.07e-04	7.70e-06	0.00e+00
 3.28904e+22	2.39e-25	1.44e-11	3.46e-09	1.51e-07	1.57e-06	7.98e-06	4.25e-05	5.61e-03	8.19e-02	3.66e-01	3.72e-01	1.36e-01	3.27e-02	3.81e-03	7.25e-04	2.50e-04	5.93e-06	0.00e+00
 3.30985e+22	3.00e-25	1.83e-11	4.32e-09	1.85e-07	1.89e-06	9.38e-06	4.88e-05	6.16e-03	8.68e-02	3.76e-01	3.68e-01	1.29e-01	3.00e-02	3.39e-03	6.35e-04	2.11e-04	4.81e-06	0.00e+00
 3.33022e+22	3.90e-25	2.44e-11	5.63e-09	2.35e-07	2.36e-06	1.14e-05	5.76e-05	6.91e-03	9.32e-02	3.87e-01	3.62e-01	1.20e-01	2.69e-02	2.93e-03	5.39e-04	1.72e-04	3.72e-06	0.00e+00
 3.35100e+22	4.84e-25	3.10e-11	7.04e-09	2.89e-07	2.85e-06	1.35e-05	6.66e-05	7.62e-03	9.89e-02	3.96e-01	3.57e-01	1.13e-01	2.45e-02	2.58e-03	4.67e-04	1.43e-04	2.97e-06	0.00e+00
 3.37136e+22	6.05e-25	4.02e-11	8.98e-09	3.62e-07	3.52e-06	1.62e-05	7.83e-05	8.50e-03	1.06e-01	4.07e-01	3.50e-01	1.05e-01	2.19e-02	2.22e-03	3.97e-04	1.17e-04	2.30e-06	0.00e+00
 3.39216e+22	7.38e-25	5.08e-11	1.12e-08	4.45e-07	4.28e-06	1.93e-05	9.10e-05	9.42e-03	1.12e-01	4.16e-01	3.42e-01	9.78e-02	1.97e-02	1.94e-03	3.40e-04	9.63e-05	1.81e-06	0.00e+00
 3.41266e+22	8.97e-25	6.43e-11	1.40e-08	5.49e-07	5.22e-06	2.30e-05	1.06e-04	1.05e-02	1.20e-01	4.25e-01	3.34e-01	9.07e-02	1.76e-02	1.67e-03	2.89e-04	7.85e-05	1.40e-06	0.00e+00
 3.43331e+22	1.07e-24	8.02e-11	1.73e-08	6.71e-07	6.33e-06	2.73e-05	1.24e-04	1.16e-02	1.27e-01	4.34e-01	3.26e-01	8.40e-02	1.58e-02	1.44e-03	2.46e-04	6.42e-05	1.09e-06	0.00e+00
 3.45371e+22	1.27e-24	9.91e-11	2.13e-08	8.18e-07	7.64e-06	3.24e-05	1.44e-04	1.29e-02	1.35e-01	4.42e-01	3.17e-01	7.76e-02	1.41e-02	1.25e-03	2.09e-04	5.24e-05	8.52e-07	0.00e+00
 3.47407e+22	1.50e-24	1.21e-10	2.60e-08	9.91e-07	9.20e-06	3.83e-05	1.68e-04	1.42e-02	1.43e-01	4.49e-01	3.08e-01	7.17e-02	1.26e-02	1.07e-03	1.78e-04	4.28e-05	6.63e-07	0.00e+00
 3.49445e+22	1.75e-24	1.47e-10	3.15e-08	1.20e-06	1.11e-05	4.53e-05	1.95e-04	1.58e-02	1.51e-01	4.56e-01	2.98e-01	6.60e-02	1.12e-02	9.24e-04	1.51e-04	3.49e-05	5.14e-07	0.00e+00
 3.51490e+22	2.02e-24	1.77e-10	3.80e-08	1.44e-06	1.32e-05	5.33e-05	2.27e-04	1.74e-02	1.60e-01	4.62e-01	2.88e-01	6.06e-02	9.94e-03	7.94e-04	1.28e-04	2.84e-05	3.99e-07	0.00e+00
 3.53546e+22	2.33e-24	2.12e-10	4.56e-08	1.73e-06	1.58e-05	6.28e-05	2.64e-04	1.92e-02	1.69e-01	4.68e-01	2.78e-01	5.56e-02	8.81e-03	6.81e-04	1.08e-04	2.30e-05	3.08e-07	0.00e+00
 3.55619e+22	2.68e-24	2.52e-10	5.46e-08	2.06e-06	1.89e-05	7.38e-05	3.06e-04	2.12e-02	1.78e-01	4.73e-01	2.68e-01	5.09e-02	7.80e-03	5.82e-04	9.09e-05	1.86e-05	2.38e-07	0.00e+00
 3.57714e+22	3.07e-24	2.98e-10	6.51e-08	2.46e-06	2.25e-05	8.68e-05	3.55e-04	2.34e-02	1.88e-01	4.77e-01	2.57e-01	4.64e-02	6.89e-03	4.97e-04	7.65e-05	1.51e-05	1.83e-07	0.00e+00
 3.59820e+22	3.52e-24	3.49e-10	7.73e-08	2.93e-06	2.67e-05	1.02e-04	4.12e-04	2.58e-02	1.98e-01	4.80e-01	2.47e-01	4.24e-02	6.08e-03	4.25e-04	6.44e-05	1.22e-05	1.41e-07	0.00e+00
 3.61959e+22	4.04e-24	4.08e-10	9.18e-08	3.48e-06	3.18e-05	1.19e-04	4.79e-04	2.85e-02	2.09e-01	4.82e-01	2.36e-01	3.85e-02	5.34e-03	3.61e-04	5.38e-05	9.78e-06	0.00e+00	0.00e+00
 3.64121e+22	1.39e-23	4.74e-10	1.08e-07	4.13e-06	3.76e-05	1.39e-04	5.54e-04	3.14e-02	2.19e-01	4.83e-01	2.25e-01	3.49e-02	4.70e-03	3.07e-04	4.52e-05	7.88e-06	0.00e+00	0.00e+00
 3.66325e+22	1.61e-23	5.52e-10	1.29e-07	4.91e-06	4.48e-05	1.64e-04	6.46e-04	3.46e-02	2.30e-01	4.84e-01	2.14e-01	3.15e-02	4.11e-03	2.59e-04	3.75e-05	6.28e-06	0.00e+00	0.00e+00
 3.68568e+22	1.87e-23	6.37e-10	1.52e-07	5.80e-06	5.30e-05	1.91e-04	7.48e-04	3.81e-02	2.41e-01	4.84e-01	2.04e-01	2.85e-02	3.60e-03	2.20e-04	3.13e-05	5.03e-06	0.00e+00	0.00e+00
 3.70623e+22	2.13e-23	7.18e-10	1.74e-07	6.67e-06	6.09e-05	2.18e-04	8.45e-04	4.12e-02	2.51e-01	4.83e-01	1.95e-01	2.61e-02	3.21e-03	1.91e-04	2.68e-05	4.17e-06	0.00e+00	0.00e+00
 3.72770e+22	2.51e-23	8.29e-10	2.07e-07	7.95e-06	7.26e-05	2.56e-04	9.88e-04	4.56e-02	2.63e-01	4.80e-01	1.84e-01	2.33e-02	2.78e-03	1.59e-04	2.20e-05	3.28e-06	0.00e+00	0.00e+00
 3.74952e+22	2.89e-23	9.35e-10	2.38e-07	9.15e-06	8.35e-05	2.91e-04	1.12e-03	4.93e-02	2.73e-01	4.78e-01	1.75e-01	2.13e-02	2.48e-03	1.38e-04	1.88e-05	2.71e-06	0.00e+00	0.00e+00
 3.77197e+22	3.48e-23	1.08e-09	2.84e-07	1.09e-05	9.98e-05	3.43e-04	1.31e-03	5.44e-02	2.85e-01	4.73e-01	1.64e-01	1.89e-02	2.13e-03	1.15e-04	1.53e-05	2.11e-06	0.00e+00	0.00e+00
 3.79446e+22	4.04e-23	1.22e-09	3.26e-07	1.25e-05	1.14e-04	3.88e-04	1.47e-03	5.87e-02	2.95e-01	4.69e-01	1.56e-01	1.73e-02	1.89e-03	9.92e-05	1.31e-05	1.74e-06	0.00e+00	0.00e+00
 3.81698e+22	4.91e-23	1.40e-09	3.88e-07	1.49e-05	1.36e-04	4.55e-04	1.71e-03	6.46e-02	3.07e-01	4.63e-01	1.45e-01	1.53e-02	1.63e-03	8.22e-05	1.07e-05	1.36e-06	0.00e+00	0.00e+00
 3.83959e+22	5.77e-23	1.57e-09	4.46e-07	1.71e-05	1.55e-04	5.13e-04	1.92e-03	6.93e-02	3.17e-01	4.58e-01	1.38e-01	1.39e-02	1.45e-03	7.12e-05	9.12e-06	1.12e-06	0.00e+00	0.00e+00
 3.86232e+22	7.09e-23	1.81e-09	5.31e-07	2.03e-05	1.84e-04	5.99e-04	2.23e-03	7.60e-02	3.29e-01	4.50e-01	1.28e-01	1.23e-02	1.24e-03	5.90e-05	7.43e-06	8.77e-07	0.00e+00	0.00e+00
 3.88529e+22	8.42e-23	2.04e-09	6.11e-07	2.33e-05	2.10e-04	6.75e-04	2.49e-03	8.15e-02	3.38e-01	4.44e-01	1.21e-01	1.12e-02	1.10e-03	5.10e-05	6.33e-06	7.23e-07	0.00e+00	0.00e+00
 3.90858e+22	1.05e-22	2.36e-09	7.30e-07	2.77e-05	2.48e-04	7.86e-04	2.89e-03	8.91e-02	3.50e-01	4.34e-01	1.12e-01	9.83e-03	9.42e-04	4.21e-05	5.13e-06	5.61e-07	0.00e+00	0.00e+00
 3.93218e+22	1.26e-22	2.67e-09	8.44e-07	3.19e-05	2.83e-04	8.84e-04	3.23e-03	9.54e-02	3.59e-01	4.26e-01	1.05e-01	8.89e-03	8.34e-04	3.62e-05	4.36e-06	4.61e-07	0.00e+00	0.00e+00
 3.95618e+22	1.60e-22	3.10e-09	1.02e-06	3.80e-05	3.35e-04	1.03e-03	3.73e-03	1.04e-01	3.70e-01	4.16e-01	9.70e-02	7.78e-03	7.09e-04	2.97e-05	3.51e-06	3.56e-07	0.00e+00	0.00e+00
 3.98063e+22	1.95e-22	3.53e-09	1.18e-06	4.39e-05	3.83e-04	1.16e-03	4.17e-03	1.11e-01	3.78e-01	4.07e-01	9.08e-02	7.00e-03	6.24e-04	2.55e-05	2.96e-06	2.90e-07	0.00e+00	0.00e+00
 4.00565e+22	2.52e-22	4.16e-09	1.44e-06	5.27e-05	4.55e-04	1.35e-03	4.82e-03	1.21e-01	3.88e-01	3.94e-01	8.30e-02	6.09e-03	5.27e-04	2.07e-05	2.37e-06	2.22e-07	0.00e+00	0.00e+00
 4.03125e+22	3.13e-22	4.79e-09	1.69e-06	6.12e-05	5.23e-04	1.52e-03	5.39e-03	1.29e-01	3.96e-01	3.84e-01	7.72e-02	5.44e-03	4.61e-04	1.76e-05	1.98e-06	1.79e-07	0.00e+00	0.00e+00
 4.05760e+22	4.13e-22	5.70e-09	2.07e-06	7.41e-05	6.24e-04	1.78e-03	6.24e-03	1.41e-01	4.06e-01	3.70e-01	7.00e-02	4.68e-03	3.86e-04	1.42e-05	1.57e-06	1.35e-07	0.00e+00	0.00e+00
 4.08443e+22	5.26e-22	6.68e-09	2.46e-06	8.67e-05	7.17e-04	2.00e-03	6.95e-03	1.50e-01	4.12e-01	3.59e-01	6.48e-02	4.18e-03	3.36e-04	1.20e-05	1.31e-06	0.00e+00	0.00e+00	0.00e+00
 4.10719e+22	6.47e-22	7.61e-09	2.86e-06	9.95e-05	8.14e-04	2.24e-03	7.70e-03	1.59e-01	4.18e-01	3.48e-01	6.02e-02	3.74e-03	2.95e-04	1.03e-05	1.10e-06	0.00e+00	0.00e+00	0.00e+00
 4.13208e+22	8.55e-22	9.09e-09	3.49e-06	1.19e-04	9.56e-04	2.57e-03	8.74e-03	1.70e-01	4.24e-01	3.35e-01	5.46e-02	3.24e-03	2.50e-04	8.40e-06	8.85e-07	0.00e+00	0.00e+00	0.00e+00
 4.15609e+22	1.05e-21	1.04e-08	4.02e-06	1.36e-04	1.07e-03	2.83e-03	9.53e-03	1.79e-01	4.28e-01	3.25e-01	5.10e-02	2.94e-03	2.22e-04	7.30e-06	7.59e-07	0.00e+00	0.00e+00	0.00e+00
 4.17896e+22	1.35e-21	1.22e-08	4.81e-06	1.60e-04	1.24e-03	3.20e-03	1.07e-02	1.90e-01	4.33e-01	3.12e-01	4.65e-02	2.57e-03	1.90e-04	6.04e-06	6.19e-07	0.00e+00	0.00e+00	0.00e+00
 4.20207e+22	1.68e-21	1.41e-08	5.59e-06	1.82e-04	1.39e-03	3.52e-03	1.16e-02	1.99e-01	4.36e-01	3.02e-01	4.34e-02	2.32e-03	1.69e-04	5.24e-06	5.30e-07	0.00e+00	0.00e+00	0.00e+00
 4.22549e+22	2.21e-21	1.68e-08	6.74e-06	2.16e-04	1.61e-03	3.99e-03	1.30e-02	2.12e-01	4.39e-01	2.89e-01	3.94e-02	2.03e-03	1.44e-04	4.33e-06	4.31e-07	0.00e+00	0.00e+00	0.00e+00
 4.24926e+22	2.78e-21	1.95e-08	7.86e-06	2.47e-04	1.80e-03	4.39e-03	1.41e-02	2.21e-01	4.41e-01	2.79e-01	3.65e-02	1.82e-03	1.27e-04	3.74e-06	3.67e-07	0.00e+00	0.00e+00	0.00e+00
 4.27349e+22	3.70e-21	2.35e-08	9.55e-06	2.94e-04	2.09e-03	4.97e-03	1.58e-02	2.34e-01	4.43e-01	2.66e-01	3.29e-02	1.58e-03	1.08e-04	3.06e-06	2.96e-07	0.00e+00	0.00e+00	0.00e+00
 4.29806e+22	4.72e-21	2.77e-08	1.12e-05	3.38e-04	2.35e-03	5.47e-03	1.71e-02	2.44e-01	4.43e-01	2.56e-01	3.04e-02	1.42e-03	9.47e-05	2.63e-06	2.51e-07	0.00e+00	0.00e+00	0.00e+00
 4.32307e+22	6.39e-21	3.37e-08	1.37e-05	4.04e-04	2.74e-03	6.19e-03	1.91e-02	2.58e-01	4.43e-01	2.42e-01	2.73e-02	1.22e-03	7.97e-05	2.14e-06	2.01e-07	0.00e+00	0.00e+00	0.00e+00
 4.34855e+22	8.27e-21	4.01e-08	1.62e-05	4.66e-04	3.09e-03	6.82e-03	2.07e-02	2.68e-01	4.42e-01	2.32e-01	2.51e-02	1.09e-03	6.97e-05	1.83e-06	1.69e-07	0.00e+00	0.00e+00	0.00e+00
 4.37463e+22	1.14e-20	4.96e-08	2.00e-05	5.61e-04	3.60e-03	7.73e-03	2.30e-02	2.83e-01	4.40e-01	2.18e-01	2.23e-02	9.31e-04	5.82e-05	1.47e-06	1.34e-07	0.00e+00	0.00e+00	0.00e+00
 4.40126e+22	1.50e-20	5.95e-08	2.38e-05	6.52e-04	4.07e-03	8.53e-03	2.50e-02	2.94e-01	4.38e-01	2.08e-01	2.04e-02	8.23e-04	5.05e-05	1.24e-06	0.00e+00	0.00e+00	0.00e+00	0.00e+00
 4.42862e+22	2.13e-20	7.51e-08	2.98e-05	7.91e-04	4.77e-03	9.69e-03	2.78e-02	3.09e-01	4.34e-01	1.95e-01	1.80e-02	6.99e-04	4.18e-05	9.95e-07	0.00e+00	0.00e+00	0.00e+00	0.00e+00
 4.45673e+22	2.86e-20	9.14e-08	3.58e-05	9.27e-04	5.42e-03	1.07e-02	3.01e-02	3.21e-01	4.30e-01	1.84e-01	1.63e-02	6.13e-04	3.58e-05	8.30e-07	0.00e+00	0.00e+00	0.00e+00	0.00e+00
 4.48581e+22	4.17e-20	1.18e-07	4.53e-05	1.14e-03	6.39e-03	1.22e-02	3.35e-02	3.36e-01	4.24e-01	1.71e-01	1.42e-02	5.14e-04	2.93e-05	6.54e-07	0.00e+00	0.00e+00	0.00e+00	0.00e+00
 4.51515e+22	5.67e-20	1.45e-07	5.47e-05	1.33e-03	7.26e-03	1.35e-02	3.62e-02	3.48e-01	4.19e-01	1.62e-01	1.28e-02	4.50e-04	2.51e-05	5.45e-07	0.00e+00	0.00e+00	0.00e+00	0.00e+00
 4.54481e+22	8.38e-20	1.88e-07	6.95e-05	1.64e-03	8.55e-03	1.53e-02	4.01e-02	3.63e-01	4.11e-01	1.49e-01	1.11e-02	3.75e-04	2.03e-05	4.26e-07	0.00e+00	0.00e+00	0.00e+00	0.00e+00
 4.57476e+22	1.15e-19	2.32e-07	8.41e-05	1.92e-03	9.70e-03	1.69e-02	4.32e-02	3.74e-01	4.04e-01	1.40e-01	1.00e-02	3.27e-04	1.73e-05	3.54e-07	0.00e+00	0.00e+00	0.00e+00	0.00e+00
 4.60509e+22	1.73e-19	3.04e-07	1.07e-04	2.37e-03	1.14e-02	1.91e-02	4.77e-02	3.89e-01	3.94e-01	1.28e-01	8.60e-03	2.71e-04	1.39e-05	2.74e-07	0.00e+00	0.00e+00	0.00e+00	0.00e+00
 4.63592e+22	2.41e-19	3.80e-07	1.30e-04	2.79e-03	1.30e-02	2.11e-02	5.12e-02	3.99e-01	3.85e-01	1.20e-01	7.68e-03	2.35e-04	1.18e-05	2.26e-07	0.00e+00	0.00e+00	0.00e+00	0.00e+00
 4.66738e+22	3.70e-19	5.03e-07	1.67e-04	3.45e-03	1.53e-02	2.39e-02	5.63e-02	4.12e-01	3.73e-01	1.09e-01	6.54e-03	1.93e-04	9.40e-06	1.73e-07	0.00e+00	0.00e+00	0.00e+00	0.00e+00
 4.69850e+22	5.14e-19	6.25e-07	2.02e-04	4.03e-03	1.72e-02	2.61e-02	6.01e-02	4.21e-01	3.64e-01	1.01e-01	5.84e-03	1.67e-04	7.97e-06	1.43e-07	0.00e+00	0.00e+00	0.00e+00	0.00e+00
 4.72378e+22	6.89e-19	7.56e-07	2.38e-04	4.63e-03	1.92e-02	2.83e-02	6.38e-02	4.29e-01	3.55e-01	9.49e-02	5.23e-03	1.46e-04	6.84e-06	1.20e-07	0.00e+00	0.00e+00	0.00e+00	0.00e+00
 4.75126e+22	9.99e-19	9.66e-07	2.94e-04	5.53e-03	2.19e-02	3.12e-02	6.85e-02	4.38e-01	3.43e-01	8.71e-02	4.56e-03	1.24e-04	5.63e-06	0.00e+00	0.00e+00	0.00e+00	0.00e+00	0.00e+00
 4.77909e+22	1.37e-18	1.18e-06	3.50e-04	6.38e-03	2.44e-02	3.38e-02	7.25e-02	4.45e-01	3.33e-01	8.09e-02	4.06e-03	1.07e-04	4.79e-06	0.00e+00	0.00e+00	0.00e+00	0.00e+00	0.00e+00
 4.80364e+22	1.86e-18	1.44e-06	4.13e-04	7.33e-03	2.71e-02	3.65e-02	7.65e-02	4.50e-01	3.23e-01	7.53e-02	3.63e-03	9.37e-05	4.09e-06	0.00e+00	0.00e+00	0.00e+00	0.00e+00	0.00e+00
 4.83179e+22	2.74e-18	1.84e-06	5.09e-04	8.71e-03	3.08e-02	4.00e-02	8.16e-02	4.57e-01	3.10e-01	6.86e-02	3.14e-03	7.89e-05	3.35e-06	0.00e+00	0.00e+00	0.00e+00	0.00e+00	0.00e+00
 4.86100e+22	3.90e-18	2.28e-06	6.12e-04	1.01e-02	3.44e-02	4.34e-02	8.63e-02	4.61e-01	2.98e-01	6.29e-02	2.75e-03	6.73e-05	2.79e-06	0.00e+00	0.00e+00	0.00e+00	0.00e+00	0.00e+00
 4.88707e+22	5.39e-18	2.79e-06	7.25e-04	1.16e-02	3.81e-02	4.67e-02	9.06e-02	4.65e-01	2.87e-01	5.80e-02	2.43e-03	5.82e-05	2.36e-06	0.00e+00	0.00e+00	0.00e+00	0.00e+00	0.00e+00
 4.91646e+22	8.16e-18	3.60e-06	8.96e-04	1.38e-02	4.33e-02	5.10e-02	9.60e-02	4.68e-01	2.73e-01	5.23e-02	2.08e-03	4.84e-05	1.90e-06	0.00e+00	0.00e+00	0.00e+00	0.00e+00	0.00e+00
 4.94717e+22	1.20e-17	4.52e-06	1.08e-03	1.61e-02	4.84e-02	5.52e-02	1.01e-01	4.69e-01	2.60e-01	4.74e-02	1.80e-03	4.07e-05	1.56e-06	0.00e+00	0.00e+00	0.00e+00	0.00e+00	0.00e+00
 4.97489e+22	1.72e-17	5.57e-06	1.29e-03	1.86e-02	5.35e-02	5.91e-02	1.06e-01	4.69e-01	2.48e-01	4.32e-02	1.57e-03	3.48e-05	1.30e-06	0.00e+00	0.00e+00	0.00e+00	0.00e+00	0.00e+00
 5.00622e+22	2.72e-17	7.26e-06	1.60e-03	2.21e-02	6.06e-02	6.43e-02	1.11e-01	4.68e-01	2.33e-01	3.83e-02	1.32e-03	2.84e-05	1.03e-06	0.00e+00	0.00e+00	0.00e+00	0.00e+00	0.00e+00
 5.03852e+22	4.22e-17	9.13e-06	1.93e-03	2.57e-02	6.74e-02	6.92e-02	1.16e-01	4.65e-01	2.19e-01	3.43e-02	1.13e-03	2.36e-05	8.31e-07	0.00e+00	0.00e+00	0.00e+00	0.00e+00	0.00e+00
 5.06728e+22	6.22e-17	1.13e-05	2.29e-03	2.95e-02	7.41e-02	7.37e-02	1.20e-01	4.61e-01	2.07e-01	3.09e-02	9.71e-04	1.99e-05	6.83e-07	0.00e+00	0.00e+00	0.00e+00	0.00e+00	0.00e+00
 5.09983e+22	1.05e-16	1.47e-05	2.84e-03	3.50e-02	8.33e-02	7.95e-02	1.25e-01	4.54e-01	1.92e-01	2.70e-02	8.04e-04	1.60e-05	5.31e-07	0.00e+00	0.00e+00	0.00e+00	0.00e+00	0.00e+00
 5.13361e+22	1.81e-16	1.86e-05	3.42e-03	4.05e-02	9.21e-02	8.48e-02	1.30e-01	4.47e-01	1.78e-01	2.38e-02	6.73e-04	1.31e-05	4.21e-07	0.00e+00	0.00e+00	0.00e+00	0.00e+00	0.00e+00
 5.16393e+22	2.83e-16	2.31e-05	4.06e-03	4.63e-02	1.01e-01	8.96e-02	1.33e-01	4.38e-01	1.66e-01	2.11e-02	5.71e-04	1.08e-05	3.40e-07	0.00e+00	0.00e+00	0.00e+00	0.00e+00	0.00e+00
 5.19830e+22	5.53e-16	3.02e-05	5.03e-03	5.46e-02	1.12e-01	9.57e-02	1.37e-01	4.25e-01	1.51e-01	1.81e-02	4.62e-04	8.53e-06	2.58e-07	0.00e+00	0.00e+00	0.00e+00	0.00e+00	0.00e+00
 5.23401e+22	1.35e-15	3.82e-05	6.05e-03	6.30e-02	1.23e-01	1.01e-01	1.41e-01	4.12e-01	1.38e-01	1.56e-02	3.80e-04	6.84e-06	2.00e-07	0.00e+00	0.00e+00	0.00e+00	0.00e+00	0.00e+00
 5.26601e+22	2.88e-15	4.74e-05	7.17e-03	7.16e-02	1.34e-01	1.06e-01	1.43e-01	3.99e-01	1.26e-01	1.36e-02	3.15e-04	5.55e-06	1.57e-07	0.00e+00	0.00e+00	0.00e+00	0.00e+00	0.00e+00
 5.30218e+22	9.26e-15	6.22e-05	8.85e-03	8.39e-02	1.47e-01	1.11e-01	1.45e-01	3.80e-01	1.12e-01	1.13e-02	2.47e-04	4.23e-06	0.00e+00	0.00e+00	0.00e+00	0.00e+00	0.00e+00	0.00e+00
 5.33908e+22	6.61e-14	7.77e-05	1.05e-02	9.52e-02	1.59e-01	1.16e-01	1.46e-01	3.63e-01	1.01e-01	9.62e-03	2.00e-04	3.34e-06	0.00e+00	0.00e+00	0.00e+00	0.00e+00	0.00e+00	0.00e+00
 5.37695e+22	5.11e-13	1.02e-04	1.29e-02	1.11e-01	1.73e-01	1.21e-01	1.46e-01	3.40e-01	8.80e-02	7.85e-03	1.54e-04	2.49e-06	0.00e+00	0.00e+00	0.00e+00	0.00e+00	0.00e+00	0.00e+00
 5.41518e+22	1.54e-11	1.26e-04	1.52e-02	1.24e-01	1.85e-01	1.24e-01	1.46e-01	3.21e-01	7.81e-02	6.60e-03	1.23e-04	1.95e-06	0.00e+00	0.00e+00	0.00e+00	0.00e+00	0.00e+00	0.00e+00
 5.45389e+22	3.03e-10	1.65e-04	1.85e-02	1.43e-01	1.99e-01	1.27e-01	1.44e-01	2.96e-01	6.68e-02	5.26e-03	9.25e-05	1.42e-06	0.00e+00	0.00e+00	0.00e+00	0.00e+00	0.00e+00	0.00e+00
 5.49293e+22	1.08e-09	2.03e-04	2.15e-02	1.59e-01	2.10e-01	1.29e-01	1.41e-01	2.76e-01	5.85e-02	4.36e-03	7.31e-05	1.09e-06	0.00e+00	0.00e+00	0.00e+00	0.00e+00	0.00e+00	0.00e+00
 5.53242e+22	1.83e-09	2.63e-04	2.59e-02	1.80e-01	2.23e-01	1.31e-01	1.37e-01	2.50e-01	4.91e-02	3.41e-03	5.38e-05	7.81e-07	0.00e+00	0.00e+00	0.00e+00	0.00e+00	0.00e+00	0.00e+00
 5.57237e+22	2.08e-10	3.21e-04	2.99e-02	1.98e-01	2.32e-01	1.31e-01	1.33e-01	2.29e-01	4.23e-02	2.78e-03	4.19e-05	5.93e-07	0.00e+00	0.00e+00	0.00e+00	0.00e+00	0.00e+00	0.00e+00
 5.61292e+22	1.19e-10	4.12e-04	3.57e-02	2.22e-01	2.43e-01	1.31e-01	1.28e-01	2.04e-01	3.47e-02	2.12e-03	3.01e-05	4.13e-07	0.00e+00	0.00e+00	0.00e+00	0.00e+00	0.00e+00	0.00e+00
 5.65395e+22	1.89e-10	4.99e-04	4.08e-02	2.41e-01	2.49e-01	1.30e-01	1.22e-01	1.85e-01	2.95e-02	1.71e-03	2.31e-05	3.09e-07	0.00e+00	0.00e+00	0.00e+00	0.00e+00	0.00e+00	0.00e+00
 5.69560e+22	6.87e-10	6.36e-04	4.81e-02	2.66e-01	2.57e-01	1.27e-01	1.15e-01	1.61e-01	2.37e-02	1.27e-03	1.62e-05	2.10e-07	0.00e+00	0.00e+00	0.00e+00	0.00e+00	0.00e+00	0.00e+00
 5.73779e+22	2.12e-09	7.66e-04	5.46e-02	2.86e-01	2.61e-01	1.24e-01	1.09e-01	1.44e-01	1.98e-02	1.01e-03	1.22e-05	1.54e-07	0.00e+00	0.00e+00	0.00e+00	0.00e+00	0.00e+00	0.00e+00
 5.77465e+22	4.13e-09	9.15e-04	6.14e-02	3.05e-01	2.63e-01	1.21e-01	1.03e-01	1.28e-01	1.65e-02	7.93e-04	9.19e-06	0.00e+00	0.00e+00	0.00e+00	0.00e+00	0.00e+00	0.00e+00	0.00e+00
 5.80915e+22	6.42e-09	1.07e-03	6.79e-02	3.22e-01	2.64e-01	1.18e-01	9.71e-02	1.15e-01	1.40e-02	6.41e-04	7.14e-06	0.00e+00	0.00e+00	0.00e+00	0.00e+00	0.00e+00	0.00e+00	0.00e+00
 5.84665e+22	1.04e-08	1.29e-03	7.67e-02	3.42e-01	2.64e-01	1.13e-01	9.00e-02	1.00e-01	1.14e-02	4.87e-04	5.17e-06	0.00e+00	0.00e+00	0.00e+00	0.00e+00	0.00e+00	0.00e+00	0.00e+00
 5.88456e+22	1.55e-08	1.51e-03	8.47e-02	3.59e-01	2.63e-01	1.09e-01	8.42e-02	8.86e-02	9.43e-03	3.84e-04	3.90e-06	0.00e+00	0.00e+00	0.00e+00	0.00e+00	0.00e+00	0.00e+00	0.00e+00
 5.91709e+22	2.13e-08	1.73e-03	9.24e-02	3.73e-01	2.61e-01	1.05e-01	7.88e-02	7.90e-02	7.95e-03	3.09e-04	3.03e-06	0.00e+00	0.00e+00	0.00e+00	0.00e+00	0.00e+00	0.00e+00	0.00e+00
 5.95346e+22	3.15e-08	2.06e-03	1.03e-01	3.91e-01	2.58e-01	9.98e-02	7.24e-02	6.82e-02	6.40e-03	2.35e-04	2.20e-06	0.00e+00	0.00e+00	0.00e+00	0.00e+00	0.00e+00	0.00e+00	0.00e+00
