#depth	Fe	Fe+	Fe+2	Fe+3	Fe+4	Fe+5	Fe+6	Fe+7	Fe+8	Fe+9	Fe+10	Fe+11	Fe+12	Fe+13	Fe+14	Fe+15	Fe+16	Fe+17	Fe+18	Fe+19	Fe+20	Fe+21	Fe+22	Fe+23	Fe+24	Fe+25	Fe+26
 4.62852e+21	0.00e+00	0.00e+00	0.00e+00	0.00e+00	0.00e+00	0.00e+00	2.13e-23	4.75e-21	6.41e-19	2.83e-17	8.95e-16	2.84e-14	1.01e-12	2.85e-11	8.96e-10	3.40e-08	8.76e-06	2.01e-04	2.37e-03	1.36e-02	4.61e-02	8.82e-02	1.28e-01	1.77e-01	3.92e-01	1.36e-01	1.69e-02
 1.05554e+22	0.00e+00	0.00e+00	0.00e+00	0.00e+00	0.00e+00	1.56e-23	9.32e-21	1.47e-18	1.44e-16	5.12e-15	1.37e-13	2.87e-12	6.75e-11	1.25e-09	2.59e-08	6.48e-07	1.18e-04	1.88e-03	1.51e-02	5.80e-02	1.32e-01	1.68e-01	1.65e-01	1.53e-01	2.45e-01	5.68e-02	4.74e-03
 1.26305e+22	0.00e+00	0.00e+00	0.00e+00	0.00e+00	9.90e-25	1.07e-21	5.09e-19	6.25e-17	4.75e-15	1.29e-13	2.63e-12	4.21e-11	7.53e-10	1.06e-08	1.67e-07	3.19e-06	4.80e-04	6.15e-03	3.91e-02	1.16e-01	2.04e-01	2.01e-01	1.52e-01	1.10e-01	1.45e-01	2.58e-02	1.67e-03
 1.38431e+22	0.00e+00	0.00e+00	0.00e+00	4.12e-27	1.24e-23	1.18e-20	4.85e-18	5.15e-16	3.36e-14	7.78e-13	1.35e-11	1.84e-10	2.80e-09	3.36e-08	4.47e-07	7.28e-06	9.85e-04	1.12e-02	6.20e-02	1.59e-01	2.39e-01	2.02e-01	1.31e-01	8.24e-02	9.70e-02	1.49e-02	8.28e-04
 1.43880e+22	0.00e+00	0.00e+00	4.40e-31	8.30e-27	2.41e-23	2.22e-20	8.76e-18	8.94e-16	5.60e-14	1.24e-12	2.07e-11	2.70e-10	3.93e-09	4.51e-08	5.74e-07	8.96e-06	1.18e-03	1.29e-02	6.93e-02	1.70e-01	2.46e-01	2.00e-01	1.25e-01	7.54e-02	8.62e-02	1.27e-02	6.80e-04
 1.45843e+22	0.00e+00	0.00e+00	8.17e-31	1.49e-26	4.21e-23	3.76e-20	1.44e-17	1.42e-15	8.58e-14	1.84e-12	2.95e-11	3.71e-10	5.20e-09	5.76e-08	7.06e-07	1.06e-05	1.37e-03	1.46e-02	7.58e-02	1.80e-01	2.52e-01	1.98e-01	1.19e-01	6.97e-02	7.78e-02	1.11e-02	5.74e-04
 1.47583e+22	0.00e+00	0.00e+00	1.30e-30	2.32e-26	6.39e-23	5.57e-20	2.08e-17	2.00e-15	1.18e-13	2.46e-12	3.85e-11	4.71e-10	6.43e-09	6.93e-08	8.26e-07	1.21e-05	1.53e-03	1.59e-02	8.10e-02	1.88e-01	2.55e-01	1.95e-01	1.15e-01	6.56e-02	7.19e-02	1.00e-02	5.04e-04
 1.49572e+22	0.00e+00	0.00e+00	2.63e-30	4.54e-26	1.21e-22	1.02e-19	3.66e-17	3.39e-15	1.92e-13	3.85e-12	5.77e-11	6.76e-10	8.84e-09	9.13e-08	1.04e-06	1.47e-05	1.80e-03	1.82e-02	8.92e-02	1.99e-01	2.60e-01	1.91e-01	1.08e-01	5.95e-02	6.35e-02	8.49e-03	4.11e-04
 1.51636e+22	0.00e+00	0.00e+00	4.89e-30	8.17e-26	2.11e-22	1.72e-19	6.00e-17	5.38e-15	2.94e-13	5.67e-12	8.20e-11	9.26e-10	1.17e-08	1.16e-07	1.28e-06	1.73e-05	2.07e-03	2.03e-02	9.69e-02	2.09e-01	2.63e-01	1.87e-01	1.03e-01	5.45e-02	5.67e-02	7.33e-03	3.43e-04
 1.53491e+22	0.00e+00	0.00e+00	8.90e-30	1.44e-25	3.62e-22	2.87e-19	9.67e-17	8.40e-15	4.43e-13	8.25e-12	1.15e-10	1.25e-09	1.52e-08	1.46e-07	1.55e-06	2.02e-05	2.36e-03	2.26e-02	1.05e-01	2.18e-01	2.66e-01	1.83e-01	9.68e-02	4.98e-02	5.07e-02	6.33e-03	2.87e-04
 1.55595e+22	0.00e+00	0.00e+00	1.86e-29	2.91e-25	7.04e-22	5.38e-19	1.74e-16	1.45e-14	7.35e-13	1.31e-11	1.75e-10	1.82e-09	2.11e-08	1.94e-07	1.96e-06	2.45e-05	2.78e-03	2.57e-02	1.15e-01	2.29e-01	2.68e-01	1.76e-01	8.98e-02	4.44e-02	4.39e-02	5.27e-03	2.29e-04
 1.57748e+22	0.00e+00	0.00e+00	3.57e-29	5.39e-25	1.26e-21	9.34e-19	2.92e-16	2.35e-14	1.14e-12	1.96e-11	2.51e-10	2.52e-09	2.81e-08	2.47e-07	2.41e-06	2.89e-05	3.19e-03	2.87e-02	1.24e-01	2.39e-01	2.68e-01	1.70e-01	8.37e-02	4.00e-02	3.86e-02	4.46e-03	1.87e-04
 1.59585e+22	0.00e+00	6.61e-34	6.45e-29	9.44e-25	2.15e-21	1.54e-18	4.66e-16	3.63e-14	1.71e-12	2.83e-11	3.49e-10	3.38e-09	3.63e-08	3.08e-07	2.89e-06	3.34e-05	3.61e-03	3.16e-02	1.32e-01	2.47e-01	2.68e-01	1.65e-01	7.83e-02	3.62e-02	3.42e-02	3.82e-03	1.55e-04
 1.61593e+22	0.00e+00	1.37e-33	1.29e-28	1.82e-24	4.00e-21	2.77e-18	8.07e-16	6.06e-14	2.73e-12	4.34e-11	5.14e-10	4.76e-09	4.90e-08	3.99e-07	3.58e-06	3.98e-05	4.16e-03	3.53e-02	1.43e-01	2.56e-01	2.67e-01	1.58e-01	7.21e-02	3.21e-02	2.96e-02	3.17e-03	1.24e-04
 1.63708e+22	0.00e+00	2.76e-33	2.49e-28	3.40e-24	7.22e-21	4.84e-18	1.36e-15	9.84e-14	4.27e-12	6.51e-11	7.41e-10	6.59e-09	6.51e-08	5.08e-07	4.37e-06	4.66e-05	4.75e-03	3.91e-02	1.53e-01	2.64e-01	2.65e-01	1.51e-01	6.64e-02	2.86e-02	2.56e-02	2.65e-03	9.94e-05
 1.65606e+22	0.00e+00	5.13e-33	4.49e-28	5.93e-24	1.22e-20	7.97e-18	2.17e-15	1.52e-13	6.36e-12	9.35e-11	1.03e-09	8.80e-09	8.38e-08	6.30e-07	5.23e-06	5.38e-05	5.34e-03	4.27e-02	1.62e-01	2.71e-01	2.63e-01	1.44e-01	6.15e-02	2.56e-02	2.25e-02	2.25e-03	8.16e-05
 1.67717e+22	0.00e+00	1.13e-32	9.46e-28	1.20e-23	2.39e-20	1.50e-17	3.91e-15	2.62e-13	1.05e-11	1.48e-10	1.55e-09	1.27e-08	1.15e-07	8.26e-07	6.54e-06	6.42e-05	6.17e-03	4.77e-02	1.74e-01	2.79e-01	2.58e-01	1.36e-01	5.56e-02	2.23e-02	1.90e-02	1.82e-03	6.32e-05
 1.69836e+22	0.00e+00	2.20e-32	1.78e-27	2.19e-23	4.20e-20	2.55e-17	6.42e-15	4.16e-13	1.61e-11	2.17e-10	2.19e-09	1.72e-08	1.50e-07	1.04e-06	7.87e-06	7.43e-05	6.95e-03	5.22e-02	1.85e-01	2.85e-01	2.54e-01	1.29e-01	5.09e-02	1.97e-02	1.64e-02	1.52e-03	5.08e-05
 1.71597e+22	0.00e+00	3.93e-32	3.07e-27	3.67e-23	6.85e-20	4.04e-17	9.88e-15	6.20e-13	2.32e-11	3.03e-10	2.95e-09	2.24e-08	1.89e-07	1.26e-06	9.24e-06	8.42e-05	7.69e-03	5.63e-02	1.94e-01	2.89e-01	2.50e-01	1.23e-01	4.70e-02	1.77e-02	1.44e-02	1.29e-03	4.19e-05
 1.73515e+22	0.00e+00	8.19e-32	6.15e-27	7.07e-23	1.27e-19	7.24e-17	1.70e-14	1.03e-12	3.68e-11	4.62e-10	4.30e-09	3.13e-08	2.53e-07	1.61e-06	1.13e-05	9.86e-05	8.73e-03	6.18e-02	2.05e-01	2.94e-01	2.44e-01	1.15e-01	4.23e-02	1.53e-02	1.22e-02	1.05e-03	3.27e-05
 1.75492e+22	0.00e+00	1.56e-31	1.13e-26	1.25e-22	2.19e-19	1.21e-16	2.74e-14	1.60e-12	5.52e-11	6.66e-10	5.98e-09	4.19e-08	3.25e-07	1.99e-06	1.34e-05	1.13e-04	9.72e-03	6.69e-02	2.15e-01	2.98e-01	2.38e-01	1.08e-01	3.86e-02	1.35e-02	1.05e-02	8.73e-04	2.63e-05
 1.77111e+22	0.00e+00	2.62e-31	1.84e-26	1.99e-22	3.38e-19	1.82e-16	4.03e-14	2.28e-12	7.64e-11	8.95e-10	7.79e-09	5.29e-08	3.98e-07	2.36e-06	1.54e-05	1.26e-04	1.06e-02	7.12e-02	2.24e-01	3.01e-01	2.33e-01	1.03e-01	3.57e-02	1.22e-02	9.33e-03	7.51e-04	2.20e-05
 1.78782e+22	0.00e+00	5.00e-31	3.39e-26	3.55e-22	5.83e-19	3.04e-16	6.50e-14	3.56e-12	1.15e-10	1.29e-09	1.08e-08	7.08e-08	5.12e-07	2.92e-06	1.84e-05	1.44e-04	1.18e-02	7.68e-02	2.34e-01	3.03e-01	2.26e-01	9.65e-02	3.23e-02	1.07e-02	8.00e-03	6.20e-04	1.75e-05
 1.80382e+22	0.00e+00	8.10e-31	5.35e-26	5.46e-22	8.76e-19	4.45e-16	9.28e-14	4.95e-12	1.55e-10	1.70e-09	1.38e-08	8.79e-08	6.17e-07	3.42e-06	2.09e-05	1.59e-04	1.27e-02	8.12e-02	2.41e-01	3.05e-01	2.21e-01	9.17e-02	2.99e-02	9.64e-03	7.12e-03	5.37e-04	1.48e-05
 1.81673e+22	0.00e+00	1.28e-30	8.25e-26	8.23e-22	1.29e-18	6.40e-16	1.30e-13	6.78e-12	2.07e-10	2.21e-09	1.75e-08	1.08e-07	7.36e-07	3.97e-06	2.35e-05	1.74e-04	1.37e-02	8.55e-02	2.48e-01	3.06e-01	2.16e-01	8.74e-02	2.78e-02	8.75e-03	6.36e-03	4.68e-04	1.25e-05
 1.83132e+22	0.00e+00	2.28e-30	1.42e-25	1.37e-21	2.08e-18	1.01e-15	1.99e-13	1.00e-11	2.96e-10	3.05e-09	2.33e-08	1.39e-07	9.17e-07	4.78e-06	2.73e-05	1.95e-04	1.49e-02	9.10e-02	2.57e-01	3.06e-01	2.09e-01	8.20e-02	2.53e-02	7.74e-03	5.52e-03	3.93e-04	1.02e-05
 1.84560e+22	0.00e+00	3.56e-30	2.16e-25	2.04e-21	3.03e-18	1.43e-15	2.76e-13	1.36e-11	3.90e-10	3.92e-09	2.92e-08	1.70e-07	1.09e-06	5.51e-06	3.06e-05	2.13e-04	1.60e-02	9.54e-02	2.64e-01	3.07e-01	2.04e-01	7.80e-02	2.35e-02	7.03e-03	4.94e-03	3.43e-04	8.68e-06
 1.85751e+22	0.00e+00	5.51e-30	3.26e-25	3.01e-21	4.37e-18	2.02e-15	3.80e-13	1.83e-11	5.12e-10	5.01e-09	3.63e-08	2.06e-07	1.28e-06	6.34e-06	3.43e-05	2.32e-04	1.71e-02	9.99e-02	2.70e-01	3.07e-01	1.99e-01	7.41e-02	2.19e-02	6.38e-03	4.42e-03	3.00e-04	7.40e-06
 1.87104e+22	0.00e+00	9.39e-30	5.39e-25	4.83e-21	6.82e-18	3.07e-15	5.62e-13	2.62e-11	7.12e-10	6.76e-09	4.75e-08	2.60e-07	1.57e-06	7.51e-06	3.93e-05	2.58e-04	1.85e-02	1.06e-01	2.78e-01	3.06e-01	1.92e-01	6.96e-02	2.00e-02	5.67e-03	3.86e-03	2.54e-04	6.08e-06
 1.88429e+22	0.00e+00	1.43e-29	8.01e-25	7.03e-21	9.70e-18	4.27e-15	7.65e-13	3.49e-11	9.24e-10	8.55e-09	5.86e-08	3.13e-07	1.84e-06	8.58e-06	4.37e-05	2.79e-04	1.96e-02	1.10e-01	2.84e-01	3.05e-01	1.87e-01	6.61e-02	1.85e-02	5.16e-03	3.46e-03	2.22e-04	5.20e-06
 1.89530e+22	0.00e+00	2.16e-29	1.18e-24	1.01e-20	1.37e-17	5.90e-15	1.03e-12	4.62e-11	1.19e-09	1.08e-08	7.20e-08	3.75e-07	2.15e-06	9.77e-06	4.85e-05	3.02e-04	2.08e-02	1.15e-01	2.90e-01	3.04e-01	1.82e-01	6.29e-02	1.72e-02	4.69e-03	3.11e-03	1.95e-04	4.46e-06
 1.90606e+22	0.00e+00	3.22e-29	1.72e-24	1.44e-20	1.90e-17	8.05e-15	1.38e-12	6.03e-11	1.52e-09	1.34e-08	8.77e-08	4.46e-07	2.50e-06	1.11e-05	5.36e-05	3.26e-04	2.20e-02	1.19e-01	2.96e-01	3.03e-01	1.77e-01	5.98e-02	1.61e-02	4.29e-03	2.80e-03	1.72e-04	3.84e-06
 1.91839e+22	0.00e+00	5.31e-29	2.75e-24	2.25e-20	2.89e-17	1.19e-14	1.99e-12	8.46e-11	2.07e-09	1.77e-08	1.12e-07	5.55e-07	3.01e-06	1.29e-05	6.07e-05	3.58e-04	2.36e-02	1.25e-01	3.02e-01	3.01e-01	1.71e-01	5.61e-02	1.47e-02	3.82e-03	2.46e-03	1.46e-04	3.18e-06
 1.93103e+22	0.00e+00	8.11e-29	4.10e-24	3.27e-20	4.11e-17	1.66e-14	2.71e-12	1.13e-10	2.69e-09	2.25e-08	1.39e-07	6.68e-07	3.53e-06	1.48e-05	6.74e-05	3.88e-04	2.50e-02	1.30e-01	3.08e-01	2.99e-01	1.65e-01	5.31e-02	1.36e-02	3.46e-03	2.19e-03	1.27e-04	2.70e-06
 1.94224e+22	0.00e+00	1.22e-28	6.00e-24	4.68e-20	5.75e-17	2.28e-14	3.64e-12	1.48e-10	3.45e-09	2.81e-08	1.70e-07	7.97e-07	4.11e-06	1.68e-05	7.46e-05	4.18e-04	2.65e-02	1.35e-01	3.13e-01	2.97e-01	1.60e-01	5.03e-02	1.26e-02	3.14e-03	1.97e-03	1.12e-04	2.31e-06
 1.95285e+22	0.00e+00	1.82e-28	8.76e-24	6.68e-20	8.03e-17	3.11e-14	4.87e-12	1.94e-10	4.41e-09	3.51e-08	2.07e-07	9.48e-07	4.77e-06	1.90e-05	8.22e-05	4.50e-04	2.79e-02	1.39e-01	3.18e-01	2.95e-01	1.55e-01	4.76e-02	1.17e-02	2.85e-03	1.76e-03	9.78e-05	1.98e-06
 1.96267e+22	0.00e+00	2.63e-28	1.24e-23	9.26e-20	1.09e-16	4.15e-14	6.36e-12	2.48e-10	5.52e-09	4.31e-08	2.48e-07	1.11e-06	5.47e-06	2.12e-05	9.00e-05	4.81e-04	2.93e-02	1.44e-01	3.22e-01	2.93e-01	1.51e-01	4.52e-02	1.09e-02	2.61e-03	1.59e-03	8.65e-05	1.72e-06
 1.97362e+22	0.00e+00	4.17e-28	1.91e-23	1.39e-19	1.60e-16	5.93e-14	8.87e-12	3.38e-10	7.32e-09	5.56e-08	3.11e-07	1.36e-06	6.49e-06	2.45e-05	1.01e-04	5.23e-04	3.12e-02	1.50e-01	3.28e-01	2.90e-01	1.45e-01	4.24e-02	9.96e-03	2.33e-03	1.40e-03	7.42e-05	1.43e-06
 1.98486e+22	0.00e+00	6.30e-28	2.81e-23	2.00e-19	2.24e-16	8.15e-14	1.19e-11	4.45e-10	9.40e-09	6.97e-08	3.81e-07	1.62e-06	7.55e-06	2.78e-05	1.11e-04	5.63e-04	3.28e-02	1.55e-01	3.32e-01	2.87e-01	1.40e-01	4.00e-02	9.20e-03	2.11e-03	1.25e-03	6.46e-05	1.22e-06
 1.99466e+22	0.00e+00	9.10e-28	3.97e-23	2.76e-19	3.03e-16	1.08e-13	1.56e-11	5.69e-10	1.18e-08	8.53e-08	4.56e-07	1.90e-06	8.64e-06	3.11e-05	1.22e-04	6.02e-04	3.44e-02	1.59e-01	3.36e-01	2.84e-01	1.35e-01	3.80e-02	8.56e-03	1.92e-03	1.13e-03	5.71e-05	1.05e-06
 2.00556e+22	0.00e+00	1.47e-27	6.23e-23	4.22e-19	4.51e-16	1.57e-13	2.20e-11	7.83e-10	1.57e-08	1.11e-07	5.77e-07	2.33e-06	1.03e-05	3.59e-05	1.36e-04	6.55e-04	3.66e-02	1.65e-01	3.41e-01	2.80e-01	1.30e-01	3.54e-02	7.78e-03	1.71e-03	9.87e-04	4.85e-05	8.70e-07
 2.01670e+22	0.00e+00	2.23e-27	9.18e-23	6.07e-19	6.33e-16	2.16e-13	2.96e-11	1.03e-09	2.02e-08	1.39e-07	7.06e-07	2.78e-06	1.20e-05	4.08e-05	1.51e-04	7.05e-04	3.85e-02	1.71e-01	3.45e-01	2.77e-01	1.25e-01	3.33e-02	7.16e-03	1.54e-03	8.78e-04	4.20e-05	7.37e-07
 2.02646e+22	0.00e+00	3.28e-27	1.32e-22	8.52e-19	8.69e-16	2.90e-13	3.90e-11	1.33e-09	2.55e-08	1.72e-07	8.52e-07	3.28e-06	1.38e-05	4.58e-05	1.65e-04	7.54e-04	4.03e-02	1.76e-01	3.49e-01	2.74e-01	1.20e-01	3.14e-02	6.62e-03	1.39e-03	7.86e-04	3.68e-05	6.30e-07
 2.03748e+22	0.00e+00	5.44e-27	2.12e-22	1.33e-18	1.31e-15	4.28e-13	5.61e-11	1.87e-09	3.47e-08	2.27e-07	1.09e-06	4.08e-06	1.66e-05	5.34e-05	1.86e-04	8.24e-04	4.29e-02	1.83e-01	3.53e-01	2.69e-01	1.14e-01	2.90e-02	5.96e-03	1.22e-03	6.79e-04	3.08e-05	5.12e-07
 2.04864e+22	0.00e+00	8.18e-27	3.11e-22	1.90e-18	1.84e-15	5.86e-13	7.52e-11	2.45e-09	4.44e-08	2.84e-07	1.33e-06	4.86e-06	1.93e-05	6.04e-05	2.05e-04	8.85e-04	4.50e-02	1.88e-01	3.57e-01	2.65e-01	1.10e-01	2.72e-02	5.48e-03	1.10e-03	6.02e-04	2.67e-05	4.33e-07
 2.05818e+22	0.00e+00	1.18e-26	4.39e-22	2.63e-18	2.48e-15	7.77e-13	9.79e-11	3.13e-09	5.55e-08	3.48e-07	1.60e-06	5.69e-06	2.21e-05	6.75e-05	2.24e-04	9.44e-04	4.70e-02	1.93e-01	3.60e-01	2.61e-01	1.06e-01	2.57e-02	5.06e-03	9.98e-04	5.40e-04	2.34e-05	3.72e-07
 2.06878e+22	0.00e+00	2.01e-26	7.19e-22	4.17e-18	3.81e-15	1.16e-12	1.42e-10	4.43e-09	7.63e-08	4.64e-07	2.06e-06	7.13e-06	2.67e-05	7.91e-05	2.53e-04	1.03e-03	4.99e-02	2.00e-01	3.63e-01	2.56e-01	1.00e-01	2.36e-02	4.53e-03	8.68e-04	4.62e-04	1.94e-05	2.98e-07
 2.07919e+22	0.00e+00	2.87e-26	1.00e-21	5.69e-18	5.09e-15	1.52e-12	1.84e-10	5.61e-09	9.46e-08	5.64e-07	2.45e-06	8.30e-06	3.05e-05	8.81e-05	2.75e-04	1.10e-03	5.20e-02	2.05e-01	3.66e-01	2.52e-01	9.64e-02	2.23e-02	4.19e-03	7.89e-04	4.15e-04	1.70e-05	2.57e-07
 2.08935e+22	0.00e+00	4.75e-26	1.61e-21	8.82e-18	7.66e-15	2.23e-12	2.63e-10	7.83e-09	1.28e-07	7.44e-07	3.14e-06	1.03e-05	3.66e-05	1.02e-04	3.10e-04	1.20e-03	5.51e-02	2.12e-01	3.69e-01	2.46e-01	9.12e-02	2.05e-02	3.75e-03	6.88e-04	3.56e-04	1.42e-05	2.07e-07
 2.09933e+22	0.00e+00	6.65e-26	2.20e-21	1.18e-17	1.01e-14	2.88e-12	3.33e-10	9.78e-09	1.57e-07	8.94e-07	3.70e-06	1.19e-05	4.14e-05	1.13e-04	3.35e-04	1.27e-03	5.72e-02	2.16e-01	3.71e-01	2.43e-01	8.78e-02	1.93e-02	3.48e-03	6.28e-04	3.21e-04	1.25e-05	1.79e-07
 2.10905e+22	0.00e+00	1.10e-25	3.51e-21	1.83e-17	1.51e-14	4.21e-12	4.75e-10	1.36e-08	2.12e-07	1.18e-06	4.73e-06	1.47e-05	4.97e-05	1.32e-04	3.77e-04	1.38e-03	6.04e-02	2.23e-01	3.73e-01	2.37e-01	8.28e-02	1.77e-02	3.11e-03	5.46e-04	2.75e-04	1.04e-05	1.44e-07
 2.11870e+22	0.00e+00	1.54e-25	4.81e-21	2.45e-17	1.98e-14	5.44e-12	6.04e-10	1.70e-08	2.61e-07	1.42e-06	5.58e-06	1.71e-05	5.62e-05	1.46e-04	4.08e-04	1.46e-03	6.27e-02	2.28e-01	3.75e-01	2.33e-01	7.96e-02	1.67e-02	2.88e-03	4.97e-04	2.47e-04	9.15e-06	1.24e-07
 2.12825e+22	0.00e+00	2.52e-25	7.61e-21	3.75e-17	2.93e-14	7.86e-12	8.55e-10	2.36e-08	3.51e-07	1.86e-06	7.10e-06	2.11e-05	6.74e-05	1.69e-04	4.58e-04	1.59e-03	6.61e-02	2.34e-01	3.77e-01	2.27e-01	7.50e-02	1.53e-02	2.57e-03	4.32e-04	2.12e-04	7.58e-06	0.00e+00
 2.13788e+22	0.00e+00	3.60e-25	1.06e-20	5.11e-17	3.90e-14	1.03e-11	1.10e-09	2.99e-08	4.35e-07	2.26e-06	8.46e-06	2.46e-05	7.68e-05	1.89e-04	4.98e-04	1.69e-03	6.87e-02	2.39e-01	3.78e-01	2.22e-01	7.18e-02	1.43e-02	2.37e-03	3.90e-04	1.89e-04	6.61e-06	0.00e+00
 2.14763e+22	0.00e+00	5.93e-25	1.68e-20	7.85e-17	5.80e-14	1.49e-11	1.56e-09	4.15e-08	5.88e-07	2.97e-06	1.08e-05	3.05e-05	9.22e-05	2.19e-04	5.59e-04	1.84e-03	7.24e-02	2.46e-01	3.79e-01	2.16e-01	6.74e-02	1.31e-02	2.10e-03	3.37e-04	1.60e-04	5.44e-06	0.00e+00
 2.15750e+22	0.00e+00	8.56e-25	2.36e-20	1.08e-16	7.77e-14	1.96e-11	2.02e-09	5.29e-08	7.34e-07	3.64e-06	1.30e-05	3.58e-05	1.06e-04	2.45e-04	6.10e-04	1.95e-03	7.53e-02	2.51e-01	3.80e-01	2.11e-01	6.42e-02	1.22e-02	1.92e-03	3.03e-04	1.42e-04	4.70e-06	0.00e+00
 2.16753e+22	0.00e+00	1.40e-24	3.73e-20	1.64e-16	1.15e-13	2.83e-11	2.86e-09	7.33e-08	9.90e-07	4.79e-06	1.66e-05	4.43e-05	1.27e-04	2.85e-04	6.85e-04	2.12e-03	7.93e-02	2.58e-01	3.81e-01	2.05e-01	6.02e-02	1.11e-02	1.70e-03	2.61e-04	1.21e-04	3.86e-06	0.00e+00
 2.17747e+22	0.00e+00	2.02e-24	5.24e-20	2.25e-16	1.53e-13	3.72e-11	3.70e-09	9.36e-08	1.24e-06	5.88e-06	1.99e-05	5.21e-05	1.45e-04	3.19e-04	7.48e-04	2.26e-03	8.24e-02	2.63e-01	3.81e-01	2.00e-01	5.72e-02	1.03e-02	1.55e-03	2.33e-04	1.06e-04	3.32e-06	0.00e+00
 2.18728e+22	0.00e+00	3.26e-24	8.16e-20	3.39e-16	2.24e-13	5.30e-11	5.18e-09	1.29e-07	1.66e-06	7.68e-06	2.53e-05	6.43e-05	1.74e-04	3.70e-04	8.38e-04	2.46e-03	8.66e-02	2.70e-01	3.81e-01	1.94e-01	5.35e-02	9.38e-03	1.38e-03	2.01e-04	9.02e-05	2.72e-06	0.00e+00
 2.19727e+22	0.00e+00	4.76e-24	1.16e-19	4.67e-16	3.01e-13	7.01e-11	6.76e-09	1.66e-07	2.09e-06	9.50e-06	3.06e-05	7.60e-05	2.01e-04	4.16e-04	9.17e-04	2.62e-03	9.00e-02	2.75e-01	3.81e-01	1.89e-01	5.06e-02	8.67e-03	1.25e-03	1.79e-04	7.89e-05	2.32e-06	0.00e+00
 2.20750e+22	0.00e+00	7.77e-24	1.82e-19	7.09e-16	4.42e-13	1.01e-10	9.55e-09	2.30e-07	2.83e-06	1.25e-05	3.93e-05	9.46e-05	2.42e-04	4.85e-04	1.03e-03	2.86e-03	9.47e-02	2.81e-01	3.81e-01	1.82e-01	4.70e-02	7.82e-03	1.09e-03	1.52e-04	6.62e-05	1.88e-06	0.00e+00
 2.21780e+22	0.00e+00	1.13e-23	2.57e-19	9.75e-16	5.93e-13	1.33e-10	1.24e-08	2.96e-07	3.57e-06	1.55e-05	4.76e-05	1.12e-04	2.79e-04	5.45e-04	1.13e-03	3.05e-03	9.84e-02	2.87e-01	3.80e-01	1.77e-01	4.44e-02	7.21e-03	9.88e-04	1.35e-04	5.77e-05	1.59e-06	0.00e+00
 2.22820e+22	0.00e+00	1.84e-23	4.02e-19	1.47e-15	8.66e-13	1.90e-10	1.75e-08	4.11e-07	4.84e-06	2.05e-05	6.11e-05	1.40e-04	3.37e-04	6.36e-04	1.27e-03	3.33e-03	1.03e-01	2.93e-01	3.79e-01	1.70e-01	4.10e-02	6.47e-03	8.63e-04	1.14e-04	4.81e-05	1.28e-06	0.00e+00
 2.23866e+22	0.00e+00	2.65e-23	5.63e-19	2.01e-15	1.15e-12	2.48e-10	2.27e-08	5.27e-07	6.09e-06	2.54e-05	7.40e-05	1.65e-04	3.88e-04	7.16e-04	1.40e-03	3.55e-03	1.07e-01	2.98e-01	3.78e-01	1.65e-01	3.86e-02	5.95e-03	7.77e-04	1.01e-04	4.18e-05	1.08e-06	0.00e+00
 2.24772e+22	0.00e+00	3.79e-23	7.80e-19	2.71e-15	1.52e-12	3.22e-10	2.92e-08	6.72e-07	7.63e-06	3.13e-05	8.91e-05	1.95e-04	4.46e-04	8.03e-04	1.53e-03	3.79e-03	1.12e-01	3.03e-01	3.76e-01	1.60e-01	3.64e-02	5.47e-03	7.00e-04	8.91e-05	3.64e-05	9.16e-07	0.00e+00
 2.25802e+22	0.00e+00	5.99e-23	1.19e-18	3.98e-15	2.16e-12	4.51e-10	4.04e-08	9.21e-07	1.02e-05	4.10e-05	1.14e-04	2.41e-04	5.36e-04	9.33e-04	1.71e-03	4.12e-03	1.17e-01	3.09e-01	3.74e-01	1.53e-01	3.35e-02	4.89e-03	6.10e-04	7.56e-05	3.02e-05	7.34e-07	0.00e+00
 2.26821e+22	0.00e+00	8.27e-23	1.60e-18	5.22e-15	2.77e-12	5.71e-10	5.09e-08	1.15e-06	1.26e-05	4.96e-05	1.35e-04	2.81e-04	6.09e-04	1.04e-03	1.86e-03	4.37e-03	1.21e-01	3.13e-01	3.72e-01	1.49e-01	3.16e-02	4.52e-03	5.53e-04	6.72e-05	2.65e-05	6.28e-07	0.00e+00
 2.27826e+22	0.00e+00	1.25e-22	2.34e-18	7.41e-15	3.82e-12	7.75e-10	6.86e-08	1.54e-06	1.64e-05	6.37e-05	1.69e-04	3.42e-04	7.21e-04	1.19e-03	2.07e-03	4.73e-03	1.26e-01	3.19e-01	3.69e-01	1.43e-01	2.93e-02	4.06e-03	4.85e-04	5.75e-05	2.23e-05	5.09e-07	0.00e+00
 2.28860e+22	0.00e+00	1.75e-22	3.17e-18	9.80e-15	4.95e-12	9.91e-10	8.72e-08	1.95e-06	2.05e-05	7.80e-05	2.03e-04	4.02e-04	8.26e-04	1.33e-03	2.26e-03	5.04e-03	1.31e-01	3.23e-01	3.66e-01	1.38e-01	2.74e-02	3.72e-03	4.35e-04	5.06e-05	1.93e-05	4.29e-07	0.00e+00
 2.29934e+22	0.00e+00	2.67e-22	4.66e-18	1.39e-14	6.84e-12	1.35e-09	1.18e-07	2.62e-06	2.70e-05	1.01e-04	2.55e-04	4.92e-04	9.82e-04	1.54e-03	2.52e-03	5.47e-03	1.37e-01	3.29e-01	3.63e-01	1.31e-01	2.52e-02	3.32e-03	3.79e-04	4.29e-05	1.61e-05	3.44e-07	0.00e+00
 2.31027e+22	0.00e+00	3.71e-22	6.29e-18	1.83e-14	8.80e-12	1.72e-09	1.50e-07	3.31e-06	3.35e-05	1.23e-04	3.06e-04	5.78e-04	1.13e-03	1.72e-03	2.75e-03	5.83e-03	1.42e-01	3.33e-01	3.59e-01	1.27e-01	2.35e-02	3.03e-03	3.39e-04	3.76e-05	1.39e-05	2.89e-07	0.00e+00
 2.32145e+22	0.00e+00	5.61e-22	9.16e-18	2.58e-14	1.21e-11	2.32e-09	2.02e-07	4.45e-06	4.43e-05	1.60e-04	3.87e-04	7.09e-04	1.34e-03	1.98e-03	3.07e-03	6.33e-03	1.48e-01	3.38e-01	3.55e-01	1.20e-01	2.15e-02	2.69e-03	2.93e-04	3.17e-05	1.15e-05	2.30e-07	0.00e+00
 2.33286e+22	0.00e+00	7.73e-22	1.23e-17	3.37e-14	1.54e-11	2.94e-09	2.56e-07	5.61e-06	5.49e-05	1.95e-04	4.63e-04	8.31e-04	1.53e-03	2.22e-03	3.35e-03	6.75e-03	1.54e-01	3.42e-01	3.51e-01	1.16e-01	2.01e-02	2.45e-03	2.61e-04	2.77e-05	9.86e-06	1.92e-07	0.00e+00
 2.34456e+22	0.00e+00	1.16e-21	1.77e-17	4.72e-14	2.10e-11	3.96e-09	3.44e-07	7.53e-06	7.23e-05	2.52e-04	5.83e-04	1.02e-03	1.82e-03	2.55e-03	3.74e-03	7.32e-03	1.61e-01	3.46e-01	3.45e-01	1.10e-01	1.83e-02	2.16e-03	2.25e-04	2.33e-05	8.11e-06	1.52e-07	0.00e+00
 2.35646e+22	2.35e-34	1.58e-21	2.35e-17	6.12e-14	2.67e-11	4.99e-09	4.33e-07	9.47e-06	8.95e-05	3.07e-04	6.97e-04	1.19e-03	2.08e-03	2.85e-03	4.07e-03	7.80e-03	1.66e-01	3.49e-01	3.41e-01	1.05e-01	1.70e-02	1.96e-03	2.00e-04	2.03e-05	6.96e-06	1.27e-07	0.00e+00
 2.36862e+22	3.72e-34	2.35e-21	3.36e-17	8.48e-14	3.61e-11	6.67e-09	5.81e-07	1.27e-05	1.18e-04	3.96e-04	8.75e-04	1.46e-03	2.46e-03	3.28e-03	4.54e-03	8.46e-03	1.74e-01	3.53e-01	3.34e-01	9.94e-02	1.54e-02	1.73e-03	1.72e-04	1.70e-05	5.71e-06	0.00e+00	0.00e+00
 2.38085e+22	5.26e-34	3.16e-21	4.41e-17	1.09e-13	4.54e-11	8.32e-09	7.25e-07	1.58e-05	1.44e-04	4.80e-04	1.04e-03	1.69e-03	2.80e-03	3.64e-03	4.93e-03	9.00e-03	1.80e-01	3.56e-01	3.29e-01	9.51e-02	1.43e-02	1.57e-03	1.53e-04	1.48e-05	4.90e-06	0.00e+00	0.00e+00
 2.39318e+22	8.17e-34	4.60e-21	6.20e-17	1.48e-13	6.06e-11	1.10e-08	9.61e-07	2.10e-05	1.88e-04	6.13e-04	1.30e-03	2.05e-03	3.29e-03	4.17e-03	5.47e-03	9.73e-03	1.87e-01	3.59e-01	3.22e-01	8.97e-02	1.30e-02	1.38e-03	1.31e-04	1.24e-05	4.02e-06	0.00e+00	0.00e+00
 2.40579e+22	1.15e-33	6.18e-21	8.10e-17	1.89e-13	7.60e-11	1.37e-08	1.20e-06	2.62e-05	2.31e-04	7.42e-04	1.54e-03	2.39e-03	3.74e-03	4.63e-03	5.94e-03	1.03e-02	1.93e-01	3.62e-01	3.17e-01	8.55e-02	1.20e-02	1.25e-03	1.16e-04	1.08e-05	3.44e-06	0.00e+00	0.00e+00
 2.41679e+22	1.59e-33	8.12e-21	1.04e-16	2.38e-13	9.39e-11	1.68e-08	1.48e-06	3.22e-05	2.80e-04	8.88e-04	1.81e-03	2.75e-03	4.21e-03	5.10e-03	6.40e-03	1.10e-02	1.99e-01	3.64e-01	3.11e-01	8.17e-02	1.12e-02	1.13e-03	1.04e-04	9.44e-06	2.97e-06	0.00e+00	0.00e+00
 2.42912e+22	2.38e-33	1.15e-20	1.42e-16	3.17e-13	1.23e-10	2.18e-08	1.92e-06	4.20e-05	3.59e-04	1.12e-03	2.22e-03	3.29e-03	4.90e-03	5.78e-03	7.06e-03	1.18e-02	2.07e-01	3.65e-01	3.03e-01	7.69e-02	1.01e-02	9.96e-04	8.91e-05	7.92e-06	2.44e-06	0.00e+00	0.00e+00
 2.44144e+22	3.22e-33	1.49e-20	1.80e-16	3.93e-13	1.50e-10	2.65e-08	2.34e-06	5.11e-05	4.31e-04	1.33e-03	2.59e-03	3.76e-03	5.48e-03	6.33e-03	7.57e-03	1.24e-02	2.12e-01	3.67e-01	2.97e-01	7.34e-02	9.40e-03	9.06e-04	7.97e-05	6.97e-06	2.12e-06	0.00e+00	0.00e+00
 2.45375e+22	4.75e-33	2.07e-20	2.43e-16	5.17e-13	1.93e-10	3.39e-08	3.02e-06	6.60e-05	5.47e-04	1.65e-03	3.15e-03	4.46e-03	6.33e-03	7.12e-03	8.30e-03	1.33e-02	2.20e-01	3.68e-01	2.89e-01	6.90e-02	8.51e-03	7.99e-04	6.87e-05	5.87e-06	1.75e-06	0.00e+00	0.00e+00
 2.46635e+22	6.44e-33	2.69e-20	3.08e-16	6.43e-13	2.37e-10	4.13e-08	3.69e-06	8.07e-05	6.59e-04	1.96e-03	3.67e-03	5.10e-03	7.08e-03	7.81e-03	8.90e-03	1.40e-02	2.26e-01	3.68e-01	2.83e-01	6.56e-02	7.87e-03	7.23e-04	6.10e-05	5.13e-06	1.51e-06	0.00e+00	0.00e+00
 2.47749e+22	8.64e-33	3.46e-20	3.87e-16	7.92e-13	2.88e-10	4.99e-08	4.48e-06	9.80e-05	7.89e-04	2.32e-03	4.27e-03	5.80e-03	7.89e-03	8.53e-03	9.53e-03	1.48e-02	2.31e-01	3.68e-01	2.76e-01	6.24e-02	7.28e-03	6.55e-04	5.43e-05	4.48e-06	1.30e-06	0.00e+00	0.00e+00
 2.49016e+22	1.26e-32	4.76e-20	5.17e-16	1.03e-12	3.68e-10	6.36e-08	5.75e-06	1.26e-04	9.97e-04	2.88e-03	5.17e-03	6.86e-03	9.07e-03	9.55e-03	1.04e-02	1.58e-02	2.39e-01	3.67e-01	2.67e-01	5.83e-02	6.56e-03	5.74e-04	4.65e-05	3.76e-06	1.07e-06	0.00e+00	0.00e+00
 2.50276e+22	1.66e-32	6.03e-20	6.41e-16	1.26e-12	4.43e-10	7.61e-08	6.90e-06	1.51e-04	1.18e-03	3.36e-03	5.93e-03	7.72e-03	1.00e-02	1.03e-02	1.11e-02	1.65e-02	2.44e-01	3.67e-01	2.61e-01	5.55e-02	6.09e-03	5.22e-04	4.16e-05	3.31e-06	9.28e-07	0.00e+00	0.00e+00
 2.51527e+22	2.36e-32	8.17e-20	8.44e-16	1.62e-12	5.60e-10	9.59e-08	8.76e-06	1.92e-04	1.47e-03	4.13e-03	7.12e-03	9.04e-03	1.14e-02	1.15e-02	1.20e-02	1.76e-02	2.51e-01	3.65e-01	2.52e-01	5.18e-02	5.49e-03	4.58e-04	3.57e-05	2.78e-06	7.65e-07	0.00e+00	0.00e+00
 2.52802e+22	3.12e-32	1.04e-19	1.05e-15	1.98e-12	6.75e-10	1.15e-07	1.05e-05	2.31e-04	1.74e-03	4.82e-03	8.17e-03	1.02e-02	1.26e-02	1.24e-02	1.27e-02	1.84e-02	2.56e-01	3.63e-01	2.45e-01	4.91e-02	5.07e-03	4.15e-04	3.18e-05	2.44e-06	6.61e-07	0.00e+00	0.00e+00
 2.54109e+22	4.46e-32	1.41e-19	1.38e-15	2.54e-12	8.56e-10	1.45e-07	1.34e-05	2.94e-04	2.18e-03	5.92e-03	9.79e-03	1.19e-02	1.43e-02	1.38e-02	1.38e-02	1.95e-02	2.62e-01	3.60e-01	2.36e-01	4.56e-02	4.54e-03	3.62e-04	2.72e-05	2.04e-06	5.42e-07	0.00e+00	0.00e+00
 2.55440e+22	2.85e-32	1.79e-19	1.72e-15	3.11e-12	1.03e-09	1.74e-07	1.61e-05	3.54e-04	2.58e-03	6.92e-03	1.12e-02	1.34e-02	1.58e-02	1.49e-02	1.46e-02	2.04e-02	2.67e-01	3.58e-01	2.28e-01	4.30e-02	4.17e-03	3.26e-04	2.40e-05	1.77e-06	4.65e-07	0.00e+00	0.00e+00
 2.56804e+22	4.08e-32	2.43e-19	2.27e-15	4.01e-12	1.31e-09	2.20e-07	2.06e-05	4.51e-04	3.23e-03	8.50e-03	1.35e-02	1.56e-02	1.79e-02	1.65e-02	1.58e-02	2.15e-02	2.73e-01	3.53e-01	2.18e-01	3.97e-02	3.72e-03	2.82e-04	2.04e-05	1.47e-06	3.78e-07	0.00e+00	0.00e+00
 2.58193e+22	5.41e-32	3.10e-19	2.83e-15	4.92e-12	1.59e-09	2.65e-07	2.48e-05	5.43e-04	3.83e-03	9.93e-03	1.54e-02	1.75e-02	1.97e-02	1.78e-02	1.67e-02	2.24e-02	2.76e-01	3.49e-01	2.10e-01	3.72e-02	3.39e-03	2.53e-04	1.79e-05	1.27e-06	3.23e-07	0.00e+00	0.00e+00
 2.59615e+22	7.75e-32	4.21e-19	3.74e-15	6.36e-12	2.02e-09	3.36e-07	3.17e-05	6.92e-04	4.78e-03	1.22e-02	1.84e-02	2.03e-02	2.22e-02	1.96e-02	1.79e-02	2.36e-02	2.81e-01	3.42e-01	1.99e-01	3.41e-02	3.00e-03	2.17e-04	1.51e-05	1.05e-06	2.60e-07	0.00e+00	0.00e+00
 2.61004e+22	1.00e-31	5.27e-19	4.60e-15	7.68e-12	2.41e-09	3.99e-07	3.76e-05	8.18e-04	5.56e-03	1.39e-02	2.07e-02	2.25e-02	2.41e-02	2.09e-02	1.87e-02	2.44e-02	2.84e-01	3.38e-01	1.92e-01	3.21e-02	2.76e-03	1.96e-04	1.34e-05	9.17e-07	2.25e-07	0.00e+00	0.00e+00
 2.62352e+22	1.40e-31	6.98e-19	5.92e-15	9.69e-12	3.00e-09	4.94e-07	4.70e-05	1.02e-03	6.82e-03	1.68e-02	2.44e-02	2.58e-02	2.69e-02	2.27e-02	1.99e-02	2.55e-02	2.87e-01	3.30e-01	1.82e-01	2.93e-02	2.44e-03	1.69e-04	1.13e-05	7.57e-07	1.82e-07	0.00e+00	0.00e+00
 2.63720e+22	1.81e-31	8.74e-19	7.28e-15	1.17e-11	3.59e-09	5.87e-07	5.58e-05	1.21e-03	7.92e-03	1.92e-02	2.74e-02	2.84e-02	2.90e-02	2.41e-02	2.08e-02	2.62e-02	2.88e-01	3.24e-01	1.74e-01	2.75e-02	2.23e-03	1.52e-04	9.97e-06	6.59e-07	1.57e-07	0.00e+00	0.00e+00
 2.65115e+22	2.51e-31	1.16e-18	9.39e-15	1.48e-11	4.47e-09	7.27e-07	6.95e-05	1.50e-03	9.64e-03	2.29e-02	3.19e-02	3.22e-02	3.21e-02	2.60e-02	2.19e-02	2.72e-02	2.89e-01	3.14e-01	1.64e-01	2.50e-02	1.96e-03	1.30e-04	8.38e-06	5.43e-07	1.27e-07	0.00e+00	0.00e+00
 2.66553e+22	3.29e-31	1.46e-18	1.16e-14	1.80e-11	5.36e-09	8.68e-07	8.32e-05	1.79e-03	1.13e-02	2.64e-02	3.60e-02	3.56e-02	3.48e-02	2.76e-02	2.28e-02	2.79e-02	2.89e-01	3.06e-01	1.56e-01	2.31e-02	1.76e-03	1.15e-04	7.27e-06	4.63e-07	0.00e+00	0.00e+00	0.00e+00
 2.68047e+22	4.61e-31	1.95e-18	1.51e-14	2.29e-11	6.73e-09	1.08e-06	1.04e-04	2.22e-03	1.37e-02	3.14e-02	4.18e-02	4.02e-02	3.82e-02	2.96e-02	2.39e-02	2.87e-02	2.88e-01	2.95e-01	1.45e-01	2.08e-02	1.54e-03	9.77e-05	6.05e-06	3.78e-07	0.00e+00	0.00e+00	0.00e+00
 2.69590e+22	6.11e-31	2.48e-18	1.88e-14	2.81e-11	8.14e-09	1.30e-06	1.25e-04	2.66e-03	1.61e-02	3.63e-02	4.72e-02	4.44e-02	4.13e-02	3.13e-02	2.48e-02	2.93e-02	2.86e-01	2.84e-01	1.36e-01	1.90e-02	1.37e-03	8.49e-05	5.16e-06	3.17e-07	0.00e+00	0.00e+00	0.00e+00
 2.71195e+22	8.67e-31	3.35e-18	2.47e-14	3.61e-11	1.03e-08	1.63e-06	1.57e-04	3.31e-03	1.96e-02	4.31e-02	5.46e-02	4.99e-02	4.51e-02	3.34e-02	2.58e-02	2.99e-02	2.82e-01	2.70e-01	1.25e-01	1.68e-02	1.17e-03	7.10e-05	4.22e-06	2.54e-07	0.00e+00	0.00e+00	0.00e+00
 2.72843e+22	1.16e-30	4.29e-18	3.09e-14	4.43e-11	1.25e-08	1.96e-06	1.89e-04	3.97e-03	2.29e-02	4.96e-02	6.14e-02	5.48e-02	4.84e-02	3.50e-02	2.65e-02	3.02e-02	2.77e-01	2.58e-01	1.16e-01	1.51e-02	1.03e-03	6.08e-05	3.55e-06	2.09e-07	0.00e+00	0.00e+00	0.00e+00
 2.74547e+22	1.65e-30	5.83e-18	4.08e-14	5.72e-11	1.58e-08	2.46e-06	2.37e-04	4.93e-03	2.77e-02	5.85e-02	7.04e-02	6.11e-02	5.24e-02	3.69e-02	2.72e-02	3.05e-02	2.69e-01	2.42e-01	1.05e-01	1.32e-02	8.64e-04	4.99e-05	2.84e-06	1.64e-07	0.00e+00	0.00e+00	0.00e+00
 2.76306e+22	2.22e-30	7.51e-18	5.14e-14	7.05e-11	1.93e-08	2.97e-06	2.86e-04	5.89e-03	3.24e-02	6.70e-02	7.87e-02	6.65e-02	5.56e-02	3.83e-02	2.77e-02	3.05e-02	2.62e-01	2.27e-01	9.57e-02	1.17e-02	7.43e-04	4.19e-05	2.34e-06	1.33e-07	0.00e+00	0.00e+00	0.00e+00
 2.78137e+22	3.20e-30	1.03e-17	6.82e-14	9.13e-11	2.45e-08	3.74e-06	3.59e-04	7.29e-03	3.90e-02	7.86e-02	8.95e-02	7.33e-02	5.95e-02	3.98e-02	2.80e-02	3.02e-02	2.50e-01	2.09e-01	8.48e-02	9.96e-03	6.11e-04	3.35e-05	1.83e-06	1.01e-07	0.00e+00	0.00e+00	0.00e+00
 2.80023e+22	4.32e-30	1.32e-17	8.59e-14	1.13e-10	2.98e-08	4.51e-06	4.31e-04	8.68e-03	4.53e-02	8.92e-02	9.91e-02	7.91e-02	6.25e-02	4.08e-02	2.81e-02	2.98e-02	2.39e-01	1.93e-01	7.59e-02	8.63e-03	5.14e-04	2.75e-05	1.47e-06	0.00e+00	0.00e+00	0.00e+00	0.00e+00
 2.81724e+22	5.77e-30	1.69e-17	1.07e-13	1.38e-10	3.59e-08	5.38e-06	5.13e-04	1.02e-02	5.20e-02	1.00e-01	1.09e-01	8.44e-02	6.51e-02	4.16e-02	2.79e-02	2.92e-02	2.27e-01	1.78e-01	6.77e-02	7.46e-03	4.31e-04	2.26e-05	1.18e-06	0.00e+00	0.00e+00	0.00e+00	0.00e+00
 2.83678e+22	8.27e-30	2.29e-17	1.41e-13	1.77e-10	4.52e-08	6.68e-06	6.35e-04	1.24e-02	6.15e-02	1.15e-01	1.21e-01	9.08e-02	6.78e-02	4.21e-02	2.75e-02	2.81e-02	2.11e-01	1.58e-01	5.79e-02	6.13e-03	3.42e-04	1.74e-05	8.89e-07	0.00e+00	0.00e+00	0.00e+00	0.00e+00
 2.85669e+22	1.10e-29	2.92e-17	1.75e-13	2.15e-10	5.42e-08	7.93e-06	7.51e-04	1.45e-02	7.00e-02	1.28e-01	1.31e-01	9.57e-02	6.96e-02	4.21e-02	2.69e-02	2.71e-02	1.96e-01	1.42e-01	5.05e-02	5.17e-03	2.80e-04	1.39e-05	6.95e-07	0.00e+00	0.00e+00	0.00e+00	0.00e+00
 2.87711e+22	1.57e-29	3.92e-17	2.28e-13	2.73e-10	6.74e-08	9.74e-06	9.18e-04	1.75e-02	8.14e-02	1.45e-01	1.43e-01	1.01e-01	7.10e-02	4.17e-02	2.59e-02	2.55e-02	1.78e-01	1.24e-01	4.20e-02	4.13e-03	2.15e-04	1.04e-05	5.06e-07	0.00e+00	0.00e+00	0.00e+00	0.00e+00
 2.89779e+22	2.07e-29	4.94e-17	2.80e-13	3.29e-10	7.99e-08	1.14e-05	1.07e-03	2.02e-02	9.13e-02	1.58e-01	1.52e-01	1.05e-01	7.16e-02	4.10e-02	2.49e-02	2.41e-02	1.62e-01	1.09e-01	3.58e-02	3.40e-03	1.72e-04	8.10e-06	3.86e-07	0.00e+00	0.00e+00	0.00e+00	0.00e+00
 2.91884e+22	2.89e-29	6.53e-17	3.59e-13	4.11e-10	9.79e-08	1.38e-05	1.29e-03	2.39e-02	1.04e-01	1.76e-01	1.63e-01	1.08e-01	7.15e-02	3.96e-02	2.34e-02	2.22e-02	1.43e-01	9.20e-02	2.90e-02	2.63e-03	1.28e-04	5.85e-06	2.71e-07	0.00e+00	0.00e+00	0.00e+00	0.00e+00
 2.94009e+22	3.75e-29	8.09e-17	4.33e-13	4.86e-10	1.14e-07	1.60e-05	1.49e-03	2.71e-02	1.15e-01	1.89e-01	1.71e-01	1.10e-01	7.07e-02	3.83e-02	2.20e-02	2.06e-02	1.29e-01	7.96e-02	2.42e-02	2.13e-03	1.00e-04	4.47e-06	2.03e-07	0.00e+00	0.00e+00	0.00e+00	0.00e+00
 2.96162e+22	5.14e-29	1.05e-16	5.43e-13	5.94e-10	1.37e-07	1.90e-05	1.76e-03	3.16e-02	1.30e-01	2.06e-01	1.79e-01	1.11e-01	6.90e-02	3.61e-02	2.02e-02	1.85e-02	1.11e-01	6.53e-02	1.90e-02	1.59e-03	7.21e-05	3.12e-06	1.38e-07	0.00e+00	0.00e+00	0.00e+00	0.00e+00
 2.98327e+22	6.54e-29	1.28e-16	6.46e-13	6.94e-10	1.58e-07	2.16e-05	2.00e-03	3.54e-02	1.41e-01	2.19e-01	1.84e-01	1.11e-01	6.72e-02	3.43e-02	1.87e-02	1.69e-02	9.76e-02	5.56e-02	1.56e-02	1.27e-03	5.56e-05	2.35e-06	0.00e+00	0.00e+00	0.00e+00	0.00e+00	0.00e+00
 3.00125e+22	8.03e-29	1.51e-16	7.48e-13	7.89e-10	1.78e-07	2.41e-05	2.23e-03	3.89e-02	1.51e-01	2.29e-01	1.88e-01	1.11e-01	6.52e-02	3.25e-02	1.74e-02	1.55e-02	8.68e-02	4.79e-02	1.30e-02	1.02e-03	4.37e-05	1.80e-06	0.00e+00	0.00e+00	0.00e+00	0.00e+00	0.00e+00
 3.02082e+22	1.03e-28	1.85e-16	8.90e-13	9.20e-10	2.05e-07	2.76e-05	2.55e-03	4.38e-02	1.64e-01	2.42e-01	1.92e-01	1.09e-01	6.22e-02	3.01e-02	1.57e-02	1.37e-02	7.38e-02	3.89e-02	1.02e-02	7.64e-04	3.14e-05	1.26e-06	0.00e+00	0.00e+00	0.00e+00	0.00e+00	0.00e+00
 3.04031e+22	1.25e-28	2.16e-16	1.02e-12	1.04e-09	2.29e-07	3.05e-05	2.81e-03	4.77e-02	1.74e-01	2.51e-01	1.94e-01	1.07e-01	5.97e-02	2.83e-02	1.45e-02	1.25e-02	6.51e-02	3.32e-02	8.40e-03	6.12e-04	2.45e-05	9.62e-07	0.00e+00	0.00e+00	0.00e+00	0.00e+00	0.00e+00
 3.05970e+22	1.57e-28	2.60e-16	1.19e-12	1.19e-09	2.60e-07	3.44e-05	3.17e-03	5.30e-02	1.87e-01	2.62e-01	1.96e-01	1.04e-01	5.62e-02	2.58e-02	1.29e-02	1.10e-02	5.47e-02	2.67e-02	6.47e-03	4.52e-04	1.75e-05	6.64e-07	0.00e+00	0.00e+00	0.00e+00	0.00e+00	0.00e+00
 3.07933e+22	1.88e-28	3.01e-16	1.35e-12	1.33e-09	2.88e-07	3.79e-05	3.48e-03	5.74e-02	1.97e-01	2.70e-01	1.96e-01	1.02e-01	5.34e-02	2.40e-02	1.17e-02	9.85e-03	4.76e-02	2.24e-02	5.27e-03	3.56e-04	1.34e-05	4.97e-07	0.00e+00	0.00e+00	0.00e+00	0.00e+00	0.00e+00
 3.09930e+22	2.33e-28	3.58e-16	1.56e-12	1.51e-09	3.25e-07	4.25e-05	3.91e-03	6.34e-02	2.10e-01	2.79e-01	1.95e-01	9.76e-02	4.95e-02	2.15e-02	1.02e-02	8.51e-03	3.93e-02	1.77e-02	3.97e-03	2.56e-04	9.26e-06	3.34e-07	0.00e+00	0.00e+00	0.00e+00	0.00e+00	0.00e+00
 3.11949e+22	2.76e-28	4.12e-16	1.76e-12	1.68e-09	3.59e-07	4.66e-05	4.28e-03	6.84e-02	2.20e-01	2.84e-01	1.94e-01	9.42e-02	4.65e-02	1.98e-02	9.20e-03	7.56e-03	3.37e-02	1.47e-02	3.18e-03	1.98e-04	6.96e-06	2.45e-07	0.00e+00	0.00e+00	0.00e+00	0.00e+00	0.00e+00
 3.14001e+22	3.37e-28	4.87e-16	2.02e-12	1.90e-09	4.04e-07	5.22e-05	4.79e-03	7.51e-02	2.32e-01	2.91e-01	1.91e-01	8.93e-02	4.26e-02	1.75e-02	7.94e-03	6.45e-03	2.74e-02	1.14e-02	2.35e-03	1.40e-04	4.74e-06	1.62e-07	0.00e+00	0.00e+00	0.00e+00	0.00e+00	0.00e+00
 3.16093e+22	3.96e-28	5.55e-16	2.26e-12	2.10e-09	4.44e-07	5.71e-05	5.23e-03	8.08e-02	2.42e-01	2.96e-01	1.89e-01	8.52e-02	3.95e-02	1.58e-02	7.03e-03	5.65e-03	2.32e-02	9.22e-03	1.84e-03	1.06e-04	3.46e-06	0.00e+00	0.00e+00	0.00e+00	0.00e+00	0.00e+00	0.00e+00
 3.18237e+22	4.81e-28	6.52e-16	2.58e-12	2.37e-09	5.00e-07	6.40e-05	5.86e-03	8.87e-02	2.54e-01	3.00e-01	1.84e-01	7.98e-02	3.56e-02	1.38e-02	5.96e-03	4.74e-03	1.85e-02	6.98e-03	1.33e-03	7.25e-05	2.28e-06	0.00e+00	0.00e+00	0.00e+00	0.00e+00	0.00e+00	0.00e+00
 3.20422e+22	5.59e-28	7.41e-16	2.87e-12	2.61e-09	5.51e-07	7.01e-05	6.40e-03	9.52e-02	2.64e-01	3.03e-01	1.80e-01	7.54e-02	3.26e-02	1.23e-02	5.20e-03	4.10e-03	1.53e-02	5.56e-03	1.02e-03	5.34e-05	1.63e-06	0.00e+00	0.00e+00	0.00e+00	0.00e+00	0.00e+00	0.00e+00
 3.22659e+22	6.69e-28	8.65e-16	3.27e-12	2.95e-09	6.23e-07	7.89e-05	7.17e-03	1.04e-01	2.76e-01	3.06e-01	1.73e-01	6.96e-02	2.89e-02	1.05e-02	4.32e-03	3.38e-03	1.20e-02	4.11e-03	7.15e-04	3.56e-05	1.04e-06	0.00e+00	0.00e+00	0.00e+00	0.00e+00	0.00e+00	0.00e+00
 3.24918e+22	7.69e-28	9.79e-16	3.63e-12	3.25e-09	6.89e-07	8.66e-05	7.83e-03	1.12e-01	2.85e-01	3.07e-01	1.68e-01	6.51e-02	2.62e-02	9.30e-03	3.73e-03	2.90e-03	9.83e-03	3.23e-03	5.40e-04	2.58e-05	7.27e-07	0.00e+00	0.00e+00	0.00e+00	0.00e+00	0.00e+00	0.00e+00
 3.26828e+22	8.68e-28	1.09e-15	3.98e-12	3.55e-09	7.55e-07	9.44e-05	8.49e-03	1.19e-01	2.92e-01	3.07e-01	1.63e-01	6.11e-02	2.39e-02	8.25e-03	3.24e-03	2.51e-03	8.16e-03	2.58e-03	4.15e-04	1.91e-05	5.21e-07	0.00e+00	0.00e+00	0.00e+00	0.00e+00	0.00e+00	0.00e+00
 3.28904e+22	1.00e-27	1.25e-15	4.46e-12	3.96e-09	8.49e-07	1.05e-04	9.40e-03	1.29e-01	3.02e-01	3.06e-01	1.56e-01	5.61e-02	2.11e-02	7.06e-03	2.71e-03	2.08e-03	6.43e-03	1.93e-03	2.96e-04	1.29e-05	3.41e-07	0.00e+00	0.00e+00	0.00e+00	0.00e+00	0.00e+00	0.00e+00
 3.30985e+22	1.12e-27	1.39e-15	4.88e-12	4.34e-09	9.34e-07	1.15e-04	1.02e-02	1.37e-01	3.09e-01	3.05e-01	1.50e-01	5.22e-02	1.91e-02	6.22e-03	2.34e-03	1.79e-03	5.30e-03	1.53e-03	2.26e-04	9.49e-06	2.42e-07	0.00e+00	0.00e+00	0.00e+00	0.00e+00	0.00e+00	0.00e+00
 3.33022e+22	1.27e-27	1.57e-15	5.44e-12	4.84e-09	1.05e-06	1.28e-04	1.12e-02	1.47e-01	3.17e-01	3.02e-01	1.43e-01	4.78e-02	1.68e-02	5.32e-03	1.95e-03	1.48e-03	4.18e-03	1.15e-03	1.62e-04	6.49e-06	1.60e-07	0.00e+00	0.00e+00	0.00e+00	0.00e+00	0.00e+00	0.00e+00
 3.35100e+22	1.42e-27	1.75e-15	5.99e-12	5.34e-09	1.17e-06	1.41e-04	1.22e-02	1.56e-01	3.23e-01	3.00e-01	1.37e-01	4.41e-02	1.51e-02	4.63e-03	1.66e-03	1.26e-03	3.41e-03	8.94e-04	1.21e-04	4.66e-06	0.00e+00	0.00e+00	0.00e+00	0.00e+00	0.00e+00	0.00e+00	0.00e+00
 3.37136e+22	1.58e-27	1.97e-15	6.65e-12	5.96e-09	1.32e-06	1.57e-04	1.34e-02	1.67e-01	3.30e-01	2.96e-01	1.30e-01	4.02e-02	1.33e-02	3.95e-03	1.39e-03	1.05e-03	2.69e-03	6.74e-04	8.74e-05	3.21e-06	0.00e+00	0.00e+00	0.00e+00	0.00e+00	0.00e+00	0.00e+00	0.00e+00
 3.39216e+22	1.74e-27	2.21e-15	7.36e-12	6.64e-09	1.48e-06	1.74e-04	1.45e-02	1.77e-01	3.36e-01	2.92e-01	1.24e-01	3.68e-02	1.17e-02	3.40e-03	1.17e-03	8.81e-04	2.16e-03	5.17e-04	6.43e-05	2.26e-06	0.00e+00	0.00e+00	0.00e+00	0.00e+00	0.00e+00	0.00e+00	0.00e+00
 3.41266e+22	1.93e-27	2.49e-15	8.19e-12	7.45e-09	1.67e-06	1.94e-04	1.59e-02	1.89e-01	3.41e-01	2.87e-01	1.17e-01	3.35e-02	1.03e-02	2.90e-03	9.77e-04	7.33e-04	1.71e-03	3.91e-04	4.66e-05	1.56e-06	0.00e+00	0.00e+00	0.00e+00	0.00e+00	0.00e+00	0.00e+00	0.00e+00
 3.43331e+22	2.12e-27	2.79e-15	9.10e-12	8.35e-09	1.89e-06	2.16e-04	1.73e-02	2.00e-01	3.45e-01	2.81e-01	1.11e-01	3.04e-02	9.06e-03	2.48e-03	8.18e-04	6.12e-04	1.36e-03	2.97e-04	3.39e-05	1.09e-06	0.00e+00	0.00e+00	0.00e+00	0.00e+00	0.00e+00	0.00e+00	0.00e+00
 3.45371e+22	2.34e-27	3.13e-15	1.01e-11	9.40e-09	2.15e-06	2.41e-04	1.88e-02	2.12e-01	3.49e-01	2.75e-01	1.04e-01	2.76e-02	7.95e-03	2.12e-03	6.83e-04	5.09e-04	1.08e-03	2.25e-04	2.47e-05	7.58e-07	0.00e+00	0.00e+00	0.00e+00	0.00e+00	0.00e+00	0.00e+00	0.00e+00
 3.47407e+22	2.58e-27	3.52e-15	1.13e-11	1.06e-08	2.44e-06	2.68e-04	2.05e-02	2.24e-01	3.52e-01	2.69e-01	9.80e-02	2.50e-02	6.97e-03	1.80e-03	5.71e-04	4.24e-04	8.60e-04	1.71e-04	1.80e-05	5.28e-07	0.00e+00	0.00e+00	0.00e+00	0.00e+00	0.00e+00	0.00e+00	0.00e+00
 3.49445e+22	2.84e-27	3.96e-15	1.27e-11	1.20e-08	2.78e-06	2.99e-04	2.22e-02	2.37e-01	3.54e-01	2.62e-01	9.20e-02	2.26e-02	6.09e-03	1.53e-03	4.76e-04	3.52e-04	6.81e-04	1.29e-04	1.30e-05	3.67e-07	0.00e+00	0.00e+00	0.00e+00	0.00e+00	0.00e+00	0.00e+00	0.00e+00
 3.51490e+22	3.15e-27	4.48e-15	1.43e-11	1.37e-08	3.17e-06	3.33e-04	2.41e-02	2.50e-01	3.56e-01	2.55e-01	8.61e-02	2.04e-02	5.32e-03	1.30e-03	3.97e-04	2.92e-04	5.39e-04	9.77e-05	9.45e-06	2.55e-07	0.00e+00	0.00e+00	0.00e+00	0.00e+00	0.00e+00	0.00e+00	0.00e+00
 3.53546e+22	3.50e-27	5.07e-15	1.62e-11	1.57e-08	3.63e-06	3.72e-04	2.61e-02	2.63e-01	3.57e-01	2.48e-01	8.04e-02	1.84e-02	4.63e-03	1.10e-03	3.30e-04	2.41e-04	4.25e-04	7.37e-05	6.83e-06	1.76e-07	0.00e+00	0.00e+00	0.00e+00	0.00e+00	0.00e+00	0.00e+00	0.00e+00
 3.55619e+22	3.92e-27	5.77e-15	1.84e-11	1.80e-08	4.17e-06	4.16e-04	2.83e-02	2.77e-01	3.57e-01	2.40e-01	7.50e-02	1.65e-02	4.03e-03	9.35e-04	2.74e-04	1.99e-04	3.35e-04	5.54e-05	4.93e-06	1.22e-07	0.00e+00	0.00e+00	0.00e+00	0.00e+00	0.00e+00	0.00e+00	0.00e+00
 3.57714e+22	4.42e-27	6.58e-15	2.10e-11	2.08e-08	4.79e-06	4.66e-04	3.07e-02	2.91e-01	3.57e-01	2.32e-01	6.97e-02	1.48e-02	3.49e-03	7.89e-04	2.27e-04	1.63e-04	2.63e-04	4.15e-05	3.54e-06	0.00e+00	0.00e+00	0.00e+00	0.00e+00	0.00e+00	0.00e+00	0.00e+00	0.00e+00
 3.59820e+22	5.02e-27	7.54e-15	2.40e-11	2.40e-08	5.51e-06	5.21e-04	3.32e-02	3.05e-01	3.56e-01	2.24e-01	6.47e-02	1.32e-02	3.03e-03	6.67e-04	1.88e-04	1.34e-04	2.07e-04	3.12e-05	2.55e-06	0.00e+00	0.00e+00	0.00e+00	0.00e+00	0.00e+00	0.00e+00	0.00e+00	0.00e+00
 3.61959e+22	5.76e-27	8.69e-15	2.78e-11	2.80e-08	6.38e-06	5.85e-04	3.59e-02	3.19e-01	3.54e-01	2.15e-01	5.98e-02	1.18e-02	2.61e-03	5.60e-04	1.55e-04	1.10e-04	1.61e-04	2.32e-05	1.82e-06	0.00e+00	0.00e+00	0.00e+00	0.00e+00	0.00e+00	0.00e+00	0.00e+00	0.00e+00
 3.64121e+22	7.37e-27	1.00e-14	3.22e-11	3.27e-08	7.36e-06	6.55e-04	3.88e-02	3.34e-01	3.51e-01	2.06e-01	5.53e-02	1.05e-02	2.25e-03	4.72e-04	1.29e-04	8.98e-05	1.26e-04	1.73e-05	1.31e-06	0.00e+00	0.00e+00	0.00e+00	0.00e+00	0.00e+00	0.00e+00	0.00e+00	0.00e+00
 3.66325e+22	8.68e-27	1.17e-14	3.77e-11	3.85e-08	8.56e-06	7.37e-04	4.20e-02	3.49e-01	3.48e-01	1.98e-01	5.08e-02	9.33e-03	1.93e-03	3.94e-04	1.05e-04	7.27e-05	9.75e-05	1.28e-05	9.21e-07	0.00e+00	0.00e+00	0.00e+00	0.00e+00	0.00e+00	0.00e+00	0.00e+00	0.00e+00
 3.68568e+22	1.03e-26	1.37e-14	4.42e-11	4.54e-08	9.93e-06	8.28e-04	4.53e-02	3.64e-01	3.44e-01	1.89e-01	4.67e-02	8.28e-03	1.66e-03	3.30e-04	8.68e-05	5.92e-05	7.59e-05	9.48e-06	6.56e-07	0.00e+00	0.00e+00	0.00e+00	0.00e+00	0.00e+00	0.00e+00	0.00e+00	0.00e+00
 3.70623e+22	1.20e-26	1.57e-14	5.08e-11	5.22e-08	1.13e-05	9.12e-04	4.83e-02	3.76e-01	3.40e-01	1.81e-01	4.34e-02	7.48e-03	1.46e-03	2.85e-04	7.38e-05	4.97e-05	6.14e-05	7.37e-06	4.92e-07	0.00e+00	0.00e+00	0.00e+00	0.00e+00	0.00e+00	0.00e+00	0.00e+00	0.00e+00
 3.72770e+22	1.48e-26	1.86e-14	6.08e-11	6.26e-08	1.32e-05	1.03e-03	5.23e-02	3.92e-01	3.35e-01	1.72e-01	3.95e-02	6.56e-03	1.24e-03	2.35e-04	5.99e-05	3.97e-05	4.68e-05	5.34e-06	3.41e-07	0.00e+00	0.00e+00	0.00e+00	0.00e+00	0.00e+00	0.00e+00	0.00e+00	0.00e+00
 3.74952e+22	1.76e-26	2.16e-14	7.06e-11	7.25e-08	1.50e-05	1.14e-03	5.57e-02	4.04e-01	3.30e-01	1.65e-01	3.66e-02	5.91e-03	1.08e-03	2.02e-04	5.07e-05	3.32e-05	3.77e-05	4.14e-06	2.55e-07	0.00e+00	0.00e+00	0.00e+00	0.00e+00	0.00e+00	0.00e+00	0.00e+00	0.00e+00
 3.77197e+22	2.23e-26	2.61e-14	8.60e-11	8.78e-08	1.77e-05	1.30e-03	6.03e-02	4.20e-01	3.23e-01	1.56e-01	3.31e-02	5.15e-03	9.11e-04	1.66e-04	4.09e-05	2.64e-05	2.85e-05	2.97e-06	1.75e-07	0.00e+00	0.00e+00	0.00e+00	0.00e+00	0.00e+00	0.00e+00	0.00e+00	0.00e+00
 3.79446e+22	2.70e-26	3.03e-14	1.00e-10	1.02e-07	2.02e-05	1.43e-03	6.41e-02	4.32e-01	3.18e-01	1.49e-01	3.06e-02	4.63e-03	7.98e-04	1.43e-04	3.47e-05	2.21e-05	2.30e-05	2.30e-06	1.31e-07	0.00e+00	0.00e+00	0.00e+00	0.00e+00	0.00e+00	0.00e+00	0.00e+00	0.00e+00
