#depth	Ar	Ar+	Ar+2	Ar+3	Ar+4	Ar+5	Ar+6	Ar+7	Ar+8	Ar+9	Ar+10	Ar+11	Ar+12	Ar+13	Ar+14	Ar+15	Ar+16	Ar+17	Ar+18
 1.54284e+22	0.00e+00	8.32e-31	2.92e-25	4.34e-22	3.70e-19	1.22e-16	2.32e-14	5.06e-12	2.77e-09	1.94e-07	6.44e-06	1.00e-04	1.08e-03	5.71e-03	1.86e-02	6.50e-02	4.16e-01	3.79e-01	1.14e-01
 3.45432e+22	0.00e+00	1.33e-27	3.22e-22	2.93e-19	1.42e-16	2.56e-14	2.61e-12	3.01e-10	1.37e-07	7.11e-06	1.61e-04	1.59e-03	1.09e-02	3.40e-02	6.23e-02	1.23e-01	4.74e-01	2.50e-01	4.37e-02
 3.98769e+22	1.02e-32	4.25e-26	8.67e-21	6.04e-18	2.16e-15	2.82e-13	2.05e-11	1.70e-09	7.69e-07	3.57e-05	6.82e-04	5.38e-03	2.97e-02	7.13e-02	9.83e-02	1.46e-01	4.45e-01	1.79e-01	2.40e-02
 4.23480e+22	7.07e-32	2.68e-25	5.02e-20	2.98e-17	8.91e-15	9.63e-13	5.74e-11	3.94e-09	1.83e-06	8.13e-05	1.42e-03	9.93e-03	4.86e-02	1.01e-01	1.20e-01	1.53e-01	4.08e-01	1.42e-01	1.64e-02
 4.33776e+22	1.17e-31	4.34e-25	7.94e-20	4.51e-17	1.29e-14	1.32e-12	7.46e-11	4.85e-09	2.28e-06	1.00e-04	1.71e-03	1.16e-02	5.50e-02	1.10e-01	1.25e-01	1.53e-01	3.96e-01	1.32e-01	1.48e-02
 4.37072e+22	1.59e-31	5.82e-25	1.05e-19	5.80e-17	1.61e-14	1.59e-12	8.71e-11	5.50e-09	2.61e-06	1.14e-04	1.92e-03	1.27e-02	5.93e-02	1.16e-01	1.28e-01	1.53e-01	3.88e-01	1.27e-01	1.38e-02
 4.39517e+22	2.14e-31	7.72e-25	1.38e-19	7.39e-17	1.98e-14	1.91e-12	1.01e-10	6.19e-09	2.96e-06	1.28e-04	2.13e-03	1.39e-02	6.35e-02	1.22e-01	1.31e-01	1.53e-01	3.80e-01	1.21e-01	1.29e-02
 4.42298e+22	3.18e-31	1.13e-24	1.98e-19	1.02e-16	2.64e-14	2.43e-12	1.23e-10	7.22e-09	3.49e-06	1.51e-04	2.46e-03	1.56e-02	6.97e-02	1.29e-01	1.35e-01	1.52e-01	3.69e-01	1.14e-01	1.18e-02
 4.45077e+22	4.26e-31	1.49e-24	2.58e-19	1.30e-16	3.25e-14	2.91e-12	1.43e-10	8.11e-09	3.95e-06	1.69e-04	2.73e-03	1.70e-02	7.45e-02	1.35e-01	1.38e-01	1.52e-01	3.61e-01	1.09e-01	1.10e-02
 4.47854e+22	6.40e-31	2.20e-24	3.74e-19	1.81e-16	4.34e-14	3.71e-12	1.73e-10	9.45e-09	4.67e-06	1.99e-04	3.15e-03	1.91e-02	8.16e-02	1.44e-01	1.42e-01	1.51e-01	3.48e-01	1.02e-01	9.97e-03
 4.50548e+22	8.43e-31	2.86e-24	4.81e-19	2.26e-16	5.28e-14	4.39e-12	1.99e-10	1.05e-08	5.24e-06	2.22e-04	3.47e-03	2.07e-02	8.67e-02	1.49e-01	1.44e-01	1.50e-01	3.40e-01	9.72e-02	9.31e-03
 4.53136e+22	1.25e-30	4.18e-24	6.89e-19	3.12e-16	6.97e-14	5.53e-12	2.39e-10	1.21e-08	6.12e-06	2.58e-04	3.97e-03	2.31e-02	9.43e-02	1.58e-01	1.47e-01	1.48e-01	3.27e-01	9.07e-02	8.41e-03
 4.55713e+22	1.64e-30	5.42e-24	8.84e-19	3.89e-16	8.46e-14	6.51e-12	2.73e-10	1.34e-08	6.84e-06	2.87e-04	4.35e-03	2.49e-02	9.99e-02	1.63e-01	1.49e-01	1.46e-01	3.18e-01	8.63e-02	7.83e-03
 4.58276e+22	2.45e-30	7.95e-24	1.27e-18	5.38e-16	1.12e-13	8.21e-12	3.27e-10	1.54e-08	7.99e-06	3.33e-04	4.97e-03	2.77e-02	1.08e-01	1.72e-01	1.51e-01	1.44e-01	3.05e-01	7.99e-02	7.03e-03
 4.60846e+22	3.26e-30	1.05e-23	1.66e-18	6.78e-16	1.37e-13	9.72e-12	3.75e-10	1.71e-08	8.94e-06	3.71e-04	5.46e-03	2.99e-02	1.15e-01	1.78e-01	1.53e-01	1.42e-01	2.95e-01	7.56e-02	6.49e-03
 4.63424e+22	4.89e-30	1.54e-23	2.39e-18	9.38e-16	1.80e-13	1.22e-11	4.49e-10	1.96e-08	1.04e-05	4.30e-04	6.22e-03	3.31e-02	1.24e-01	1.86e-01	1.55e-01	1.39e-01	2.81e-01	6.96e-02	5.79e-03
 4.66036e+22	6.58e-30	2.04e-23	3.14e-18	1.19e-15	2.22e-13	1.46e-11	5.15e-10	2.17e-08	1.17e-05	4.79e-04	6.83e-03	3.57e-02	1.31e-01	1.92e-01	1.56e-01	1.36e-01	2.70e-01	6.54e-02	5.31e-03
 4.68692e+22	9.86e-30	3.01e-23	4.54e-18	1.65e-15	2.93e-13	1.83e-11	6.18e-10	2.49e-08	1.35e-05	5.54e-04	7.75e-03	3.94e-02	1.41e-01	2.00e-01	1.57e-01	1.33e-01	2.56e-01	5.99e-02	4.71e-03
 4.71326e+22	1.34e-29	4.03e-23	6.00e-18	2.11e-15	3.62e-13	2.18e-11	7.08e-10	2.76e-08	1.51e-05	6.16e-04	8.50e-03	4.24e-02	1.49e-01	2.06e-01	1.58e-01	1.30e-01	2.45e-01	5.60e-02	4.29e-03
 4.73933e+22	2.00e-29	5.92e-23	8.66e-18	2.91e-15	4.76e-13	2.74e-11	8.45e-10	3.14e-08	1.74e-05	7.07e-04	9.58e-03	4.66e-02	1.59e-01	2.14e-01	1.58e-01	1.26e-01	2.31e-01	5.10e-02	3.78e-03
 4.76588e+22	2.76e-29	8.05e-23	1.16e-17	3.76e-15	5.93e-13	3.28e-11	9.73e-10	3.49e-08	1.95e-05	7.89e-04	1.05e-02	5.01e-02	1.68e-01	2.20e-01	1.58e-01	1.22e-01	2.20e-01	4.73e-02	3.41e-03
 4.79308e+22	4.20e-29	1.20e-22	1.70e-17	5.25e-15	7.90e-13	4.16e-11	1.17e-09	4.00e-08	2.26e-05	9.06e-04	1.19e-02	5.50e-02	1.79e-01	2.27e-01	1.57e-01	1.18e-01	2.06e-01	4.26e-02	2.97e-03
 4.82043e+22	5.82e-29	1.65e-22	2.29e-17	6.81e-15	9.86e-13	4.99e-11	1.35e-09	4.44e-08	2.52e-05	1.01e-03	1.30e-02	5.90e-02	1.88e-01	2.32e-01	1.56e-01	1.14e-01	1.95e-01	3.92e-02	2.66e-03
 4.84800e+22	8.93e-29	2.48e-22	3.39e-17	9.56e-15	1.32e-12	6.34e-11	1.62e-09	5.09e-08	2.90e-05	1.15e-03	1.46e-02	6.44e-02	1.99e-01	2.38e-01	1.55e-01	1.09e-01	1.81e-01	3.51e-02	2.29e-03
 4.87575e+22	1.24e-28	3.39e-22	4.56e-17	1.24e-14	1.64e-12	7.61e-11	1.87e-09	5.66e-08	3.23e-05	1.28e-03	1.59e-02	6.88e-02	2.08e-01	2.42e-01	1.54e-01	1.05e-01	1.71e-01	3.22e-02	2.04e-03
 4.89981e+22	1.71e-28	4.61e-22	6.12e-17	1.60e-14	2.05e-12	9.11e-11	2.15e-09	6.28e-08	3.58e-05	1.41e-03	1.73e-02	7.32e-02	2.17e-01	2.46e-01	1.52e-01	1.01e-01	1.61e-01	2.95e-02	1.82e-03
 4.92715e+22	2.61e-28	6.92e-22	8.99e-17	2.24e-14	2.72e-12	1.15e-10	2.58e-09	7.19e-08	4.08e-05	1.60e-03	1.92e-02	7.92e-02	2.28e-01	2.51e-01	1.49e-01	9.59e-02	1.48e-01	2.62e-02	1.56e-03
 4.95421e+22	3.53e-28	9.21e-22	1.18e-16	2.84e-14	3.33e-12	1.36e-10	2.95e-09	7.94e-08	4.49e-05	1.74e-03	2.07e-02	8.36e-02	2.36e-01	2.53e-01	1.47e-01	9.22e-02	1.40e-01	2.40e-02	1.39e-03
 4.98093e+22	5.29e-28	1.36e-21	1.70e-16	3.90e-14	4.38e-12	1.71e-10	3.52e-09	9.05e-08	5.07e-05	1.96e-03	2.27e-02	8.98e-02	2.47e-01	2.56e-01	1.44e-01	8.73e-02	1.29e-01	2.14e-02	1.20e-03
 5.00819e+22	7.21e-28	1.82e-21	2.25e-16	4.98e-14	5.39e-12	2.03e-10	4.03e-09	1.00e-07	5.57e-05	2.14e-03	2.44e-02	9.46e-02	2.54e-01	2.58e-01	1.41e-01	8.37e-02	1.21e-01	1.95e-02	1.06e-03
 5.03617e+22	1.08e-27	2.69e-21	3.26e-16	6.86e-14	7.10e-12	2.56e-10	4.83e-09	1.15e-07	6.28e-05	2.39e-03	2.68e-02	1.01e-01	2.64e-01	2.60e-01	1.38e-01	7.88e-02	1.11e-01	1.72e-02	9.06e-04
 5.06482e+22	1.49e-27	3.64e-21	4.34e-16	8.82e-14	8.81e-12	3.06e-10	5.57e-09	1.28e-07	6.90e-05	2.61e-03	2.88e-02	1.06e-01	2.72e-01	2.61e-01	1.34e-01	7.52e-02	1.03e-01	1.56e-02	7.99e-04
 5.09434e+22	2.26e-27	5.41e-21	6.32e-16	1.22e-13	1.17e-11	3.87e-10	6.70e-09	1.47e-07	7.78e-05	2.91e-03	3.14e-02	1.13e-01	2.82e-01	2.62e-01	1.30e-01	7.04e-02	9.41e-02	1.37e-02	6.75e-04
 5.12453e+22	3.13e-27	7.36e-21	8.44e-16	1.58e-13	1.45e-11	4.65e-10	7.77e-09	1.65e-07	8.55e-05	3.17e-03	3.37e-02	1.19e-01	2.89e-01	2.62e-01	1.27e-01	6.69e-02	8.74e-02	1.24e-02	5.92e-04
 5.15561e+22	4.76e-27	1.10e-20	1.23e-15	2.19e-13	1.93e-11	5.89e-10	9.39e-09	1.91e-07	9.64e-05	3.54e-03	3.67e-02	1.26e-01	2.98e-01	2.61e-01	1.22e-01	6.24e-02	7.93e-02	1.08e-02	4.97e-04
 5.18725e+22	6.60e-27	1.49e-20	1.65e-15	2.82e-13	2.40e-11	7.10e-10	1.09e-08	2.14e-07	1.06e-04	3.85e-03	3.92e-02	1.32e-01	3.04e-01	2.60e-01	1.19e-01	5.91e-02	7.33e-02	9.68e-03	4.33e-04
 5.21964e+22	1.00e-26	2.22e-20	2.39e-15	3.92e-13	3.19e-11	9.02e-10	1.32e-08	2.48e-07	1.19e-04	4.27e-03	4.25e-02	1.39e-01	3.12e-01	2.58e-01	1.14e-01	5.49e-02	6.62e-02	8.40e-03	3.62e-04
 5.25223e+22	1.38e-26	3.00e-20	3.17e-15	5.02e-13	3.95e-11	1.08e-09	1.53e-08	2.78e-07	1.31e-04	4.63e-03	4.52e-02	1.45e-01	3.18e-01	2.56e-01	1.10e-01	5.18e-02	6.12e-02	7.54e-03	3.16e-04
 5.28509e+22	2.07e-26	4.41e-20	4.56e-15	6.90e-13	5.21e-11	1.37e-09	1.85e-08	3.22e-07	1.47e-04	5.12e-03	4.88e-02	1.52e-01	3.25e-01	2.53e-01	1.05e-01	4.81e-02	5.51e-02	6.54e-03	2.64e-04
 5.31868e+22	2.85e-26	5.95e-20	6.04e-15	8.83e-13	6.46e-11	1.64e-09	2.15e-08	3.63e-07	1.61e-04	5.54e-03	5.18e-02	1.58e-01	3.30e-01	2.51e-01	1.02e-01	4.53e-02	5.08e-02	5.85e-03	2.29e-04
 5.34795e+22	3.84e-26	7.89e-20	7.86e-15	1.11e-12	7.92e-11	1.95e-09	2.47e-08	4.05e-07	1.75e-04	5.95e-03	5.47e-02	1.64e-01	3.34e-01	2.48e-01	9.80e-02	4.28e-02	4.70e-02	5.26e-03	2.00e-04
 5.38071e+22	5.64e-26	1.13e-19	1.10e-14	1.50e-12	1.03e-10	2.44e-09	2.97e-08	4.67e-07	1.95e-04	6.53e-03	5.86e-02	1.71e-01	3.39e-01	2.44e-01	9.35e-02	3.96e-02	4.24e-02	4.57e-03	1.68e-04
 5.41353e+22	7.50e-26	1.48e-19	1.42e-14	1.87e-12	1.25e-10	2.88e-09	3.40e-08	5.20e-07	2.12e-04	6.99e-03	6.16e-02	1.77e-01	3.42e-01	2.41e-01	9.01e-02	3.74e-02	3.92e-02	4.12e-03	1.47e-04
 5.44642e+22	1.09e-25	2.10e-19	1.97e-14	2.50e-12	1.60e-10	3.58e-09	4.06e-08	5.98e-07	2.36e-04	7.64e-03	6.57e-02	1.84e-01	3.46e-01	2.37e-01	8.58e-02	3.47e-02	3.54e-02	3.59e-03	1.24e-04
 5.48001e+22	1.45e-25	2.76e-19	2.53e-14	3.12e-12	1.95e-10	4.24e-09	4.67e-08	6.68e-07	2.56e-04	8.18e-03	6.91e-02	1.89e-01	3.49e-01	2.33e-01	8.24e-02	3.26e-02	3.26e-02	3.22e-03	1.08e-04
 5.50965e+22	1.92e-25	3.60e-19	3.24e-14	3.88e-12	2.36e-10	4.99e-09	5.34e-08	7.44e-07	2.78e-04	8.75e-03	7.24e-02	1.95e-01	3.52e-01	2.29e-01	7.92e-02	3.07e-02	3.01e-02	2.89e-03	9.43e-05
 5.54335e+22	2.78e-25	5.08e-19	4.47e-14	5.15e-12	3.03e-10	6.19e-09	6.38e-08	8.56e-07	3.09e-04	9.52e-03	7.69e-02	2.02e-01	3.54e-01	2.24e-01	7.51e-02	2.84e-02	2.71e-02	2.50e-03	7.90e-05
 5.57688e+22	3.60e-25	6.48e-19	5.60e-14	6.30e-12	3.62e-10	7.21e-09	7.24e-08	9.48e-07	3.34e-04	1.01e-02	8.03e-02	2.07e-01	3.56e-01	2.20e-01	7.22e-02	2.68e-02	2.51e-02	2.26e-03	6.96e-05
 5.61020e+22	5.12e-25	9.00e-19	7.60e-14	8.25e-12	4.59e-10	8.86e-09	8.59e-08	1.09e-06	3.69e-04	1.10e-02	8.50e-02	2.13e-01	3.58e-01	2.15e-01	6.84e-02	2.47e-02	2.26e-02	1.97e-03	5.85e-05
 5.64418e+22	6.67e-25	1.15e-18	9.56e-14	1.01e-11	5.50e-10	1.04e-08	9.78e-08	1.21e-06	3.99e-04	1.17e-02	8.87e-02	2.19e-01	3.59e-01	2.10e-01	6.56e-02	2.33e-02	2.09e-02	1.77e-03	5.13e-05
 5.67901e+22	9.49e-25	1.60e-18	1.30e-13	1.33e-11	6.99e-10	1.28e-08	1.16e-07	1.38e-06	4.43e-04	1.27e-02	9.37e-02	2.25e-01	3.60e-01	2.05e-01	6.20e-02	2.14e-02	1.87e-02	1.53e-03	4.29e-05
 5.71451e+22	1.24e-24	2.06e-18	1.64e-13	1.63e-11	8.40e-10	1.50e-08	1.33e-07	1.54e-06	4.80e-04	1.35e-02	9.78e-02	2.30e-01	3.60e-01	2.00e-01	5.92e-02	2.01e-02	1.72e-02	1.37e-03	3.74e-05
 5.75087e+22	1.77e-24	2.87e-18	2.23e-13	2.14e-11	1.07e-09	1.85e-08	1.58e-07	1.77e-06	5.33e-04	1.46e-02	1.03e-01	2.37e-01	3.60e-01	1.94e-01	5.57e-02	1.85e-02	1.54e-02	1.18e-03	3.11e-05
 5.78791e+22	2.33e-24	3.70e-18	2.81e-13	2.64e-11	1.29e-09	2.17e-08	1.81e-07	1.98e-06	5.78e-04	1.55e-02	1.08e-01	2.42e-01	3.60e-01	1.89e-01	5.31e-02	1.73e-02	1.41e-02	1.06e-03	2.70e-05
 5.82582e+22	3.34e-24	5.17e-18	3.83e-13	3.48e-11	1.64e-09	2.68e-08	2.16e-07	2.28e-06	6.43e-04	1.68e-02	1.13e-01	2.49e-01	3.59e-01	1.83e-01	4.98e-02	1.58e-02	1.26e-02	9.07e-04	2.24e-05
 5.86288e+22	4.26e-24	6.48e-18	4.71e-13	4.19e-11	1.94e-09	3.10e-08	2.44e-07	2.52e-06	6.92e-04	1.78e-02	1.18e-01	2.53e-01	3.58e-01	1.78e-01	4.76e-02	1.48e-02	1.16e-02	8.18e-04	1.97e-05
 5.89883e+22	5.97e-24	8.88e-18	6.29e-13	5.42e-11	2.44e-09	3.79e-08	2.89e-07	2.89e-06	7.65e-04	1.92e-02	1.23e-01	2.59e-01	3.56e-01	1.72e-01	4.46e-02	1.36e-02	1.04e-02	7.06e-04	1.64e-05
 5.93534e+22	7.63e-24	1.11e-17	7.76e-13	6.54e-11	2.89e-09	4.38e-08	3.26e-07	3.19e-06	8.25e-04	2.03e-02	1.28e-01	2.63e-01	3.55e-01	1.68e-01	4.26e-02	1.28e-02	9.58e-03	6.34e-04	1.44e-05
 5.97259e+22	1.06e-23	1.51e-17	1.03e-12	8.41e-11	3.61e-09	5.33e-08	3.85e-07	3.65e-06	9.11e-04	2.18e-02	1.34e-01	2.69e-01	3.52e-01	1.62e-01	3.99e-02	1.17e-02	8.56e-03	5.48e-04	1.20e-05
 6.01100e+22	1.39e-23	1.94e-17	1.29e-12	1.03e-10	4.33e-09	6.26e-08	4.40e-07	4.07e-06	9.87e-04	2.32e-02	1.39e-01	2.73e-01	3.50e-01	1.57e-01	3.78e-02	1.09e-02	7.81e-03	4.86e-04	1.04e-05
 6.05092e+22	1.94e-23	2.64e-17	1.71e-12	1.33e-10	5.44e-09	7.63e-08	5.20e-07	4.66e-06	1.09e-03	2.49e-02	1.46e-01	2.78e-01	3.47e-01	1.51e-01	3.53e-02	9.92e-03	6.95e-03	4.18e-04	8.61e-06
 6.09215e+22	2.57e-23	3.44e-17	2.18e-12	1.65e-10	6.59e-09	9.03e-08	5.99e-07	5.23e-06	1.19e-03	2.65e-02	1.51e-01	2.83e-01	3.44e-01	1.45e-01	3.32e-02	9.17e-03	6.29e-03	3.67e-04	7.35e-06
 6.13508e+22	3.65e-23	4.74e-17	2.92e-12	2.15e-10	8.35e-09	1.11e-07	7.14e-07	6.03e-06	1.32e-03	2.86e-02	1.58e-01	2.88e-01	3.40e-01	1.39e-01	3.08e-02	8.32e-03	5.56e-03	3.13e-04	6.04e-06
 6.17918e+22	4.89e-23	6.21e-17	3.74e-12	2.68e-10	1.02e-08	1.32e-07	8.26e-07	6.80e-06	1.45e-03	3.05e-02	1.65e-01	2.92e-01	3.36e-01	1.34e-01	2.89e-02	7.65e-03	5.01e-03	2.73e-04	5.11e-06
 6.22481e+22	7.01e-23	8.66e-17	5.06e-12	3.53e-10	1.30e-08	1.64e-07	9.89e-07	7.88e-06	1.61e-03	3.30e-02	1.72e-01	2.97e-01	3.31e-01	1.27e-01	2.67e-02	6.89e-03	4.39e-03	2.31e-04	4.16e-06
 6.27196e+22	9.51e-23	1.15e-16	6.55e-12	4.44e-10	1.60e-08	1.96e-07	1.15e-06	8.92e-06	1.77e-03	3.52e-02	1.79e-01	3.01e-01	3.26e-01	1.22e-01	2.49e-02	6.30e-03	3.92e-03	2.00e-04	3.48e-06
 6.32106e+22	1.39e-22	1.62e-16	8.98e-12	5.91e-10	2.07e-08	2.46e-07	1.39e-06	1.04e-05	1.98e-03	3.81e-02	1.88e-01	3.05e-01	3.20e-01	1.15e-01	2.28e-02	5.63e-03	3.41e-03	1.67e-04	2.80e-06
 6.37151e+22	1.91e-22	2.17e-16	1.17e-11	7.51e-10	2.56e-08	2.96e-07	1.63e-06	1.19e-05	2.18e-03	4.08e-02	1.95e-01	3.09e-01	3.14e-01	1.10e-01	2.11e-02	5.11e-03	3.02e-03	1.43e-04	2.32e-06
 6.41682e+22	2.58e-22	2.87e-16	1.51e-11	9.43e-10	3.14e-08	3.54e-07	1.89e-06	1.34e-05	2.39e-03	4.34e-02	2.02e-01	3.12e-01	3.09e-01	1.05e-01	1.96e-02	4.66e-03	2.70e-03	1.23e-04	1.94e-06
 6.46883e+22	3.85e-22	4.15e-16	2.11e-11	1.28e-09	4.11e-08	4.49e-07	2.32e-06	1.58e-05	2.70e-03	4.72e-02	2.11e-01	3.15e-01	3.01e-01	9.82e-02	1.78e-02	4.11e-03	2.30e-03	1.01e-04	1.52e-06
 6.52120e+22	5.21e-22	5.47e-16	2.71e-11	1.60e-09	5.03e-08	5.36e-07	2.69e-06	1.78e-05	2.95e-03	5.02e-02	2.19e-01	3.18e-01	2.95e-01	9.35e-02	1.65e-02	3.73e-03	2.05e-03	8.70e-05	1.27e-06
 6.57406e+22	7.73e-22	7.85e-16	3.76e-11	2.15e-09	6.57e-08	6.77e-07	3.27e-06	2.09e-05	3.32e-03	5.43e-02	2.28e-01	3.20e-01	2.87e-01	8.73e-02	1.49e-02	3.29e-03	1.75e-03	7.11e-05	9.93e-07
 6.62805e+22	1.06e-21	1.05e-15	4.90e-11	2.73e-09	8.14e-08	8.17e-07	3.83e-06	2.38e-05	3.65e-03	5.79e-02	2.36e-01	3.22e-01	2.80e-01	8.25e-02	1.37e-02	2.96e-03	1.54e-03	6.03e-05	8.14e-07
 6.68349e+22	1.60e-21	1.53e-15	6.86e-11	3.70e-09	1.07e-07	1.04e-06	4.69e-06	2.81e-05	4.12e-03	6.28e-02	2.46e-01	3.24e-01	2.71e-01	7.67e-02	1.22e-02	2.58e-03	1.30e-03	4.88e-05	6.30e-07
 6.73981e+22	2.22e-21	2.06e-15	8.99e-11	4.73e-09	1.33e-07	1.26e-06	5.52e-06	3.21e-05	4.54e-03	6.69e-02	2.54e-01	3.25e-01	2.63e-01	7.21e-02	1.12e-02	2.31e-03	1.13e-03	4.10e-05	5.10e-07
 6.79727e+22	3.38e-21	3.03e-15	1.27e-10	6.47e-09	1.77e-07	1.61e-06	6.80e-06	3.81e-05	5.14e-03	7.26e-02	2.64e-01	3.25e-01	2.53e-01	6.64e-02	9.92e-03	1.99e-03	9.47e-04	3.26e-05	3.87e-07
 6.85500e+22	4.67e-21	4.07e-15	1.66e-10	8.22e-09	2.19e-07	1.95e-06	7.99e-06	4.35e-05	5.65e-03	7.72e-02	2.72e-01	3.26e-01	2.45e-01	6.22e-02	9.03e-03	1.78e-03	8.23e-04	2.74e-05	3.13e-07
 6.90286e+22	6.25e-21	5.30e-15	2.11e-10	1.02e-08	2.66e-07	2.31e-06	9.22e-06	4.89e-05	6.15e-03	8.15e-02	2.80e-01	3.25e-01	2.38e-01	5.86e-02	8.29e-03	1.60e-03	7.25e-04	2.33e-05	2.57e-07
 6.95487e+22	9.12e-21	7.49e-15	2.87e-10	1.35e-08	3.43e-07	2.90e-06	1.11e-05	5.72e-05	6.88e-03	8.75e-02	2.89e-01	3.25e-01	2.29e-01	5.41e-02	7.38e-03	1.39e-03	6.10e-04	1.87e-05	1.98e-07
 7.00675e+22	1.21e-20	9.69e-15	3.62e-10	1.66e-08	4.14e-07	3.42e-06	1.28e-05	6.42e-05	7.47e-03	9.22e-02	2.96e-01	3.24e-01	2.22e-01	5.08e-02	6.76e-03	1.25e-03	5.36e-04	1.59e-05	1.63e-07
 7.05847e+22	1.75e-20	1.36e-14	4.90e-10	2.19e-08	5.32e-07	4.27e-06	1.55e-05	7.50e-05	8.34e-03	9.88e-02	3.05e-01	3.22e-01	2.12e-01	4.67e-02	6.00e-03	1.09e-03	4.50e-04	1.28e-05	1.25e-07
 7.11085e+22	2.34e-20	1.77e-14	6.20e-10	2.70e-08	6.45e-07	5.07e-06	1.79e-05	8.45e-05	9.08e-03	1.04e-01	3.11e-01	3.20e-01	2.05e-01	4.36e-02	5.46e-03	9.72e-04	3.92e-04	1.08e-05	0.00e+00
 7.16410e+22	3.42e-20	2.49e-14	8.41e-10	3.57e-08	8.32e-07	6.36e-06	2.17e-05	9.91e-05	1.02e-02	1.12e-01	3.20e-01	3.17e-01	1.95e-01	3.98e-02	4.80e-03	8.34e-04	3.25e-04	8.50e-06	0.00e+00
 7.21801e+22	4.58e-20	3.24e-14	1.07e-09	4.42e-08	1.01e-06	7.57e-06	2.51e-05	1.12e-04	1.11e-02	1.18e-01	3.27e-01	3.15e-01	1.87e-01	3.70e-02	4.34e-03	7.41e-04	2.81e-04	7.09e-06	0.00e+00
 7.27279e+22	6.69e-20	4.57e-14	1.45e-09	5.84e-08	1.31e-06	9.54e-06	3.06e-05	1.32e-04	1.24e-02	1.26e-01	3.35e-01	3.11e-01	1.77e-01	3.35e-02	3.78e-03	6.30e-04	2.31e-04	5.54e-06	0.00e+00
 7.32861e+22	9.05e-20	6.00e-14	1.84e-09	7.29e-08	1.61e-06	1.15e-05	3.57e-05	1.50e-04	1.36e-02	1.33e-01	3.42e-01	3.07e-01	1.69e-01	3.08e-02	3.38e-03	5.53e-04	1.97e-04	4.53e-06	0.00e+00
 7.38581e+22	1.33e-19	8.50e-14	2.50e-09	9.67e-08	2.09e-06	1.46e-05	4.38e-05	1.79e-04	1.53e-02	1.42e-01	3.50e-01	3.02e-01	1.59e-01	2.76e-02	2.91e-03	4.64e-04	1.59e-04	3.47e-06	0.00e+00
 7.44417e+22	1.81e-19	1.12e-13	3.19e-09	1.21e-07	2.58e-06	1.76e-05	5.16e-05	2.05e-04	1.68e-02	1.50e-01	3.56e-01	2.98e-01	1.51e-01	2.52e-02	2.57e-03	4.02e-04	1.33e-04	2.80e-06	0.00e+00
 7.50404e+22	2.68e-19	1.59e-13	4.34e-09	1.61e-07	3.39e-06	2.26e-05	6.37e-05	2.45e-04	1.90e-02	1.61e-01	3.63e-01	2.91e-01	1.40e-01	2.23e-02	2.18e-03	3.33e-04	1.06e-04	2.09e-06	0.00e+00
 7.56443e+22	3.63e-19	2.09e-13	5.50e-09	2.01e-07	4.18e-06	2.73e-05	7.52e-05	2.82e-04	2.10e-02	1.70e-01	3.68e-01	2.85e-01	1.32e-01	2.02e-02	1.91e-03	2.86e-04	8.79e-05	1.67e-06	0.00e+00
 7.61511e+22	4.76e-19	2.65e-13	6.78e-09	2.45e-07	5.05e-06	3.25e-05	8.73e-05	3.21e-04	2.29e-02	1.79e-01	3.73e-01	2.80e-01	1.25e-01	1.84e-02	1.69e-03	2.48e-04	7.41e-05	1.35e-06	0.00e+00
 7.67000e+22	6.66e-19	3.57e-13	8.77e-09	3.14e-07	6.40e-06	4.05e-05	1.06e-04	3.79e-04	2.56e-02	1.90e-01	3.78e-01	2.72e-01	1.16e-01	1.63e-02	1.43e-03	2.07e-04	5.93e-05	1.02e-06	0.00e+00
 7.72539e+22	8.67e-19	4.51e-13	1.07e-08	3.81e-07	7.73e-06	4.83e-05	1.23e-04	4.32e-04	2.80e-02	1.99e-01	3.81e-01	2.66e-01	1.09e-01	1.47e-02	1.26e-03	1.78e-04	4.95e-05	8.17e-07	0.00e+00
 7.77954e+22	1.18e-18	5.91e-13	1.35e-08	4.77e-07	9.65e-06	5.94e-05	1.47e-04	5.07e-04	3.11e-02	2.11e-01	3.85e-01	2.58e-01	1.01e-01	1.30e-02	1.07e-03	1.48e-04	3.96e-05	6.22e-07	0.00e+00
 7.83480e+22	1.53e-18	7.44e-13	1.64e-08	5.79e-07	1.17e-05	7.11e-05	1.72e-04	5.81e-04	3.41e-02	2.21e-01	3.87e-01	2.50e-01	9.42e-02	1.17e-02	9.28e-04	1.26e-04	3.26e-05	4.89e-07	0.00e+00
 7.88896e+22	2.03e-18	9.49e-13	2.02e-08	7.12e-07	1.44e-05	8.65e-05	2.04e-04	6.77e-04	3.77e-02	2.33e-01	3.89e-01	2.42e-01	8.69e-02	1.03e-02	7.89e-04	1.05e-04	2.62e-05	3.73e-07	0.00e+00
 7.94426e+22	2.62e-18	1.19e-12	2.44e-08	8.62e-07	1.74e-05	1.04e-04	2.39e-04	7.81e-04	4.15e-02	2.44e-01	3.90e-01	2.33e-01	8.03e-02	9.11e-03	6.75e-04	8.85e-05	2.12e-05	2.89e-07	0.00e+00
 7.99893e+22	3.39e-18	1.48e-12	2.94e-08	1.04e-06	2.11e-05	1.25e-04	2.81e-04	9.05e-04	4.57e-02	2.56e-01	3.90e-01	2.24e-01	7.38e-02	8.02e-03	5.74e-04	7.37e-05	1.70e-05	2.21e-07	0.00e+00
 8.05391e+22	4.33e-18	1.83e-12	3.50e-08	1.25e-06	2.55e-05	1.50e-04	3.28e-04	1.04e-03	5.02e-02	2.68e-01	3.90e-01	2.15e-01	6.78e-02	7.06e-03	4.88e-04	6.15e-05	1.37e-05	1.69e-07	0.00e+00
 8.10824e+22	5.49e-18	2.24e-12	4.13e-08	1.49e-06	3.06e-05	1.78e-04	3.83e-04	1.20e-03	5.50e-02	2.80e-01	3.88e-01	2.06e-01	6.21e-02	6.20e-03	4.14e-04	5.12e-05	1.10e-05	1.29e-07	0.00e+00
 8.16247e+22	6.91e-18	2.72e-12	4.84e-08	1.78e-06	3.66e-05	2.12e-04	4.45e-04	1.39e-03	6.02e-02	2.92e-01	3.86e-01	1.97e-01	5.67e-02	5.43e-03	3.51e-04	4.25e-05	8.82e-06	0.00e+00	0.00e+00
 8.21679e+22	8.65e-18	3.29e-12	5.65e-08	2.10e-06	4.36e-05	2.51e-04	5.16e-04	1.59e-03	6.58e-02	3.03e-01	3.83e-01	1.88e-01	5.17e-02	4.75e-03	2.96e-04	3.53e-05	7.05e-06	0.00e+00	0.00e+00
 8.27131e+22	1.08e-17	3.95e-12	6.55e-08	2.48e-06	5.18e-05	2.97e-04	5.97e-04	1.83e-03	7.18e-02	3.15e-01	3.80e-01	1.79e-01	4.70e-02	4.15e-03	2.50e-04	2.92e-05	5.63e-06	0.00e+00	0.00e+00
 8.32615e+22	1.34e-17	4.74e-12	7.57e-08	2.91e-06	6.13e-05	3.50e-04	6.89e-04	2.09e-03	7.83e-02	3.27e-01	3.75e-01	1.70e-01	4.26e-02	3.61e-03	2.10e-04	2.41e-05	4.49e-06	0.00e+00	0.00e+00
 8.38149e+22	1.65e-17	5.66e-12	8.72e-08	3.42e-06	7.26e-05	4.11e-04	7.94e-04	2.40e-03	8.52e-02	3.38e-01	3.70e-01	1.61e-01	3.85e-02	3.13e-03	1.77e-04	1.98e-05	3.56e-06	0.00e+00	0.00e+00
 8.43747e+22	2.04e-17	6.74e-12	1.00e-07	4.00e-06	8.57e-05	4.83e-04	9.12e-04	2.74e-03	9.27e-02	3.50e-01	3.64e-01	1.52e-01	3.47e-02	2.71e-03	1.48e-04	1.63e-05	2.82e-06	0.00e+00	0.00e+00
 8.49374e+22	2.52e-17	8.01e-12	1.15e-07	4.68e-06	1.01e-04	5.66e-04	1.04e-03	3.13e-03	1.00e-01	3.60e-01	3.57e-01	1.43e-01	3.13e-02	2.34e-03	1.24e-04	1.33e-05	2.23e-06	0.00e+00	0.00e+00
 8.55092e+22	3.11e-17	9.55e-12	1.32e-07	5.48e-06	1.19e-04	6.63e-04	1.20e-03	3.58e-03	1.09e-01	3.71e-01	3.50e-01	1.34e-01	2.80e-02	2.02e-03	1.03e-04	1.09e-05	1.75e-06	0.00e+00	0.00e+00
 8.60875e+22	3.83e-17	1.13e-11	1.51e-07	6.40e-06	1.39e-04	7.74e-04	1.36e-03	4.07e-03	1.18e-01	3.81e-01	3.42e-01	1.26e-01	2.51e-02	1.74e-03	8.57e-05	8.87e-06	1.38e-06	0.00e+00	0.00e+00
 8.66771e+22	4.76e-17	1.36e-11	1.74e-07	7.51e-06	1.64e-04	9.06e-04	1.56e-03	4.64e-03	1.27e-01	3.91e-01	3.33e-01	1.17e-01	2.23e-02	1.48e-03	7.07e-05	7.16e-06	1.08e-06	0.00e+00	0.00e+00
 8.72256e+22	5.69e-17	1.57e-11	1.96e-07	8.56e-06	1.88e-04	1.03e-03	1.73e-03	5.16e-03	1.35e-01	3.98e-01	3.26e-01	1.11e-01	2.02e-02	1.30e-03	6.05e-05	6.02e-06	8.80e-07	0.00e+00	0.00e+00
 8.77890e+22	7.14e-17	1.90e-11	2.27e-07	1.01e-05	2.22e-04	1.20e-03	1.98e-03	5.89e-03	1.46e-01	4.07e-01	3.16e-01	1.03e-01	1.79e-02	1.10e-03	4.94e-05	4.81e-06	6.77e-07	0.00e+00	0.00e+00
 8.83616e+22	8.61e-17	2.21e-11	2.56e-07	1.15e-05	2.54e-04	1.37e-03	2.19e-03	6.53e-03	1.55e-01	4.14e-01	3.07e-01	9.65e-02	1.61e-02	9.65e-04	4.21e-05	4.02e-06	5.50e-07	0.00e+00	0.00e+00
 8.89492e+22	1.10e-16	2.71e-11	3.00e-07	1.37e-05	3.01e-04	1.60e-03	2.50e-03	7.44e-03	1.67e-01	4.21e-01	2.96e-01	8.88e-02	1.41e-02	8.12e-04	3.42e-05	3.19e-06	4.20e-07	0.00e+00	0.00e+00
 8.95425e+22	1.33e-16	3.18e-11	3.41e-07	1.58e-05	3.43e-04	1.81e-03	2.76e-03	8.23e-03	1.77e-01	4.26e-01	2.87e-01	8.31e-02	1.27e-02	7.08e-04	2.90e-05	2.65e-06	3.40e-07	0.00e+00	0.00e+00
 9.01434e+22	1.71e-16	3.91e-11	4.03e-07	1.88e-05	4.07e-04	2.12e-03	3.13e-03	9.36e-03	1.90e-01	4.32e-01	2.76e-01	7.61e-02	1.11e-02	5.92e-04	2.34e-05	2.09e-06	2.58e-07	0.00e+00	0.00e+00
 9.07448e+22	2.08e-16	4.62e-11	4.62e-07	2.16e-05	4.64e-04	2.38e-03	3.44e-03	1.03e-02	2.00e-01	4.35e-01	2.67e-01	7.12e-02	9.98e-03	5.17e-04	1.99e-05	1.75e-06	2.09e-07	0.00e+00	0.00e+00
 9.13469e+22	2.70e-16	5.73e-11	5.49e-07	2.58e-05	5.48e-04	2.77e-03	3.88e-03	1.16e-02	2.13e-01	4.39e-01	2.55e-01	6.50e-02	8.68e-03	4.33e-04	1.61e-05	1.38e-06	1.59e-07	0.00e+00	0.00e+00
 9.19548e+22	3.32e-16	6.84e-11	6.34e-07	2.98e-05	6.24e-04	3.12e-03	4.25e-03	1.27e-02	2.23e-01	4.41e-01	2.46e-01	6.05e-02	7.79e-03	3.77e-04	1.37e-05	1.15e-06	1.29e-07	0.00e+00	0.00e+00
 9.25702e+22	4.35e-16	8.59e-11	7.63e-07	3.58e-05	7.38e-04	3.62e-03	4.77e-03	1.43e-02	2.37e-01	4.43e-01	2.34e-01	5.51e-02	6.75e-03	3.14e-04	1.10e-05	9.02e-07	0.00e+00	0.00e+00	0.00e+00
 9.31932e+22	5.42e-16	1.03e-10	8.89e-07	4.16e-05	8.43e-04	4.07e-03	5.22e-03	1.56e-02	2.48e-01	4.44e-01	2.25e-01	5.11e-02	6.03e-03	2.73e-04	9.30e-06	7.48e-07	0.00e+00	0.00e+00	0.00e+00
 9.38261e+22	7.22e-16	1.32e-10	1.08e-06	5.03e-05	9.99e-04	4.72e-03	5.84e-03	1.75e-02	2.62e-01	4.44e-01	2.13e-01	4.63e-02	5.20e-03	2.26e-04	7.45e-06	5.86e-07	0.00e+00	0.00e+00	0.00e+00
 9.44693e+22	9.12e-16	1.61e-10	1.28e-06	5.88e-05	1.14e-03	5.30e-03	6.38e-03	1.91e-02	2.74e-01	4.43e-01	2.04e-01	4.27e-02	4.63e-03	1.96e-04	6.27e-06	4.83e-07	0.00e+00	0.00e+00	0.00e+00
 9.51258e+22	1.24e-15	2.09e-10	1.59e-06	7.19e-05	1.36e-03	6.16e-03	7.12e-03	2.14e-02	2.89e-01	4.41e-01	1.92e-01	3.84e-02	3.96e-03	1.61e-04	4.99e-06	3.75e-07	0.00e+00	0.00e+00	0.00e+00
 9.57962e+22	1.59e-15	2.59e-10	1.90e-06	8.48e-05	1.57e-03	6.93e-03	7.77e-03	2.33e-02	3.00e-01	4.38e-01	1.83e-01	3.53e-02	3.50e-03	1.39e-04	4.17e-06	3.07e-07	0.00e+00	0.00e+00	0.00e+00
 9.64846e+22	2.20e-15	3.43e-10	2.40e-06	1.05e-04	1.88e-03	8.07e-03	8.69e-03	2.60e-02	3.15e-01	4.34e-01	1.71e-01	3.15e-02	2.98e-03	1.13e-04	3.28e-06	2.36e-07	0.00e+00	0.00e+00	0.00e+00
 9.71905e+22	2.89e-15	4.33e-10	2.91e-06	1.25e-04	2.17e-03	9.12e-03	9.48e-03	2.83e-02	3.27e-01	4.30e-01	1.62e-01	2.88e-02	2.61e-03	9.65e-05	2.72e-06	1.92e-07	0.00e+00	0.00e+00	0.00e+00
 9.79193e+22	4.12e-15	5.86e-10	3.76e-06	1.57e-04	2.62e-03	1.07e-02	1.06e-02	3.16e-02	3.43e-01	4.23e-01	1.51e-01	2.54e-02	2.19e-03	7.79e-05	2.11e-06	1.45e-07	0.00e+00	0.00e+00	0.00e+00
 9.86046e+22	5.22e-15	7.21e-10	4.47e-06	1.83e-04	2.97e-03	1.18e-02	1.14e-02	3.38e-02	3.52e-01	4.18e-01	1.43e-01	2.35e-02	1.96e-03	6.80e-05	1.80e-06	1.21e-07	0.00e+00	0.00e+00	0.00e+00
 9.92335e+22	7.12e-15	9.41e-10	5.60e-06	2.23e-04	3.49e-03	1.34e-02	1.25e-02	3.69e-02	3.65e-01	4.11e-01	1.34e-01	2.11e-02	1.68e-03	5.66e-05	1.45e-06	0.00e+00	0.00e+00	0.00e+00	0.00e+00
 9.98575e+22	9.01e-15	1.15e-09	6.65e-06	2.59e-04	3.94e-03	1.48e-02	1.34e-02	3.93e-02	3.74e-01	4.06e-01	1.28e-01	1.95e-02	1.50e-03	4.95e-05	1.24e-06	0.00e+00	0.00e+00	0.00e+00	0.00e+00
 1.00475e+23	1.22e-14	1.51e-09	8.32e-06	3.14e-04	4.61e-03	1.68e-02	1.46e-02	4.28e-02	3.86e-01	3.97e-01	1.19e-01	1.75e-02	1.29e-03	4.12e-05	9.96e-07	0.00e+00	0.00e+00	0.00e+00	0.00e+00
 1.01097e+23	1.56e-14	1.86e-09	9.93e-06	3.65e-04	5.20e-03	1.85e-02	1.56e-02	4.54e-02	3.94e-01	3.91e-01	1.13e-01	1.61e-02	1.15e-03	3.60e-05	8.49e-07	0.00e+00	0.00e+00	0.00e+00	0.00e+00
 1.01723e+23	2.13e-14	2.43e-09	1.25e-05	4.44e-04	6.08e-03	2.09e-02	1.69e-02	4.91e-02	4.04e-01	3.81e-01	1.05e-01	1.44e-02	9.88e-04	3.00e-05	6.85e-07	0.00e+00	0.00e+00	0.00e+00	0.00e+00
 1.02360e+23	2.74e-14	3.03e-09	1.50e-05	5.19e-04	6.89e-03	2.30e-02	1.81e-02	5.20e-02	4.12e-01	3.74e-01	9.95e-02	1.32e-02	8.77e-04	2.60e-05	5.79e-07	0.00e+00	0.00e+00	0.00e+00	0.00e+00
 1.03012e+23	3.80e-14	4.02e-09	1.91e-05	6.35e-04	8.08e-03	2.61e-02	1.97e-02	5.62e-02	4.22e-01	3.63e-01	9.21e-02	1.17e-02	7.46e-04	2.15e-05	4.63e-07	0.00e+00	0.00e+00	0.00e+00	0.00e+00
 1.03673e+23	4.92e-14	5.03e-09	2.31e-05	7.45e-04	9.16e-03	2.88e-02	2.10e-02	5.94e-02	4.29e-01	3.54e-01	8.66e-02	1.07e-02	6.58e-04	1.85e-05	3.90e-07	0.00e+00	0.00e+00	0.00e+00	0.00e+00
 1.04345e+23	6.89e-14	6.74e-09	2.96e-05	9.17e-04	1.08e-02	3.26e-02	2.28e-02	6.39e-02	4.37e-01	3.42e-01	7.97e-02	9.41e-03	5.56e-04	1.52e-05	3.09e-07	0.00e+00	0.00e+00	0.00e+00	0.00e+00
 1.05031e+23	9.01e-14	8.51e-09	3.61e-05	1.08e-03	1.23e-02	3.59e-02	2.43e-02	6.75e-02	4.42e-01	3.33e-01	7.46e-02	8.53e-03	4.88e-04	1.30e-05	2.58e-07	0.00e+00	0.00e+00	0.00e+00	0.00e+00
 1.05734e+23	1.28e-13	1.16e-08	4.67e-05	1.34e-03	1.45e-02	4.07e-02	2.63e-02	7.24e-02	4.49e-01	3.20e-01	6.81e-02	7.46e-03	4.08e-04	1.06e-05	2.02e-07	0.00e+00	0.00e+00	0.00e+00	0.00e+00
 1.06452e+23	1.69e-13	1.47e-08	5.74e-05	1.59e-03	1.65e-02	4.49e-02	2.81e-02	7.62e-02	4.53e-01	3.09e-01	6.33e-02	6.71e-03	3.55e-04	8.99e-06	1.67e-07	0.00e+00	0.00e+00	0.00e+00	0.00e+00
 1.07190e+23	2.44e-13	2.02e-08	7.51e-05	1.98e-03	1.95e-02	5.09e-02	3.04e-02	8.16e-02	4.57e-01	2.95e-01	5.73e-02	5.80e-03	2.93e-04	7.21e-06	1.29e-07	0.00e+00	0.00e+00	0.00e+00	0.00e+00
 1.07945e+23	3.27e-13	2.61e-08	9.30e-05	2.36e-03	2.23e-02	5.62e-02	3.23e-02	8.57e-02	4.59e-01	2.83e-01	5.28e-02	5.17e-03	2.52e-04	6.05e-06	0.00e+00	0.00e+00	0.00e+00	0.00e+00	0.00e+00
 1.08722e+23	4.79e-13	3.62e-08	1.23e-04	2.95e-03	2.65e-02	6.37e-02	3.49e-02	9.12e-02	4.61e-01	2.68e-01	4.73e-02	4.42e-03	2.06e-04	4.80e-06	0.00e+00	0.00e+00	0.00e+00	0.00e+00	0.00e+00
 1.09507e+23	6.42e-13	4.68e-08	1.52e-04	3.51e-03	3.03e-02	7.00e-02	3.70e-02	9.53e-02	4.60e-01	2.56e-01	4.33e-02	3.91e-03	1.76e-04	4.01e-06	0.00e+00	0.00e+00	0.00e+00	0.00e+00	0.00e+00
 1.10304e+23	9.44e-13	6.52e-08	2.02e-04	4.40e-03	3.59e-02	7.90e-02	3.98e-02	1.01e-01	4.58e-01	2.40e-01	3.84e-02	3.32e-03	1.42e-04	3.14e-06	0.00e+00	0.00e+00	0.00e+00	0.00e+00	0.00e+00
 1.11111e+23	1.27e-12	8.42e-08	2.50e-04	5.23e-03	4.08e-02	8.65e-02	4.20e-02	1.05e-01	4.55e-01	2.28e-01	3.50e-02	2.91e-03	1.20e-04	2.60e-06	0.00e+00	0.00e+00	0.00e+00	0.00e+00	0.00e+00
 1.11929e+23	1.87e-12	1.18e-07	3.30e-04	6.54e-03	4.81e-02	9.71e-02	4.49e-02	1.10e-01	4.49e-01	2.11e-01	3.07e-02	2.44e-03	9.63e-05	2.02e-06	0.00e+00	0.00e+00	0.00e+00	0.00e+00	0.00e+00
 1.12728e+23	2.46e-12	1.49e-07	4.03e-04	7.65e-03	5.41e-02	1.05e-01	4.69e-02	1.13e-01	4.43e-01	2.00e-01	2.79e-02	2.14e-03	8.19e-05	1.68e-06	0.00e+00	0.00e+00	0.00e+00	0.00e+00	0.00e+00
 1.13502e+23	3.50e-12	2.02e-07	5.19e-04	9.34e-03	6.26e-02	1.16e-01	4.95e-02	1.17e-01	4.34e-01	1.85e-01	2.46e-02	1.81e-03	6.61e-05	1.32e-06	0.00e+00	0.00e+00	0.00e+00	0.00e+00	0.00e+00
 1.14313e+23	4.73e-12	2.61e-07	6.43e-04	1.11e-02	7.07e-02	1.26e-01	5.16e-02	1.20e-01	4.24e-01	1.72e-01	2.19e-02	1.55e-03	5.48e-05	1.07e-06	0.00e+00	0.00e+00	0.00e+00	0.00e+00	0.00e+00
 1.14998e+23	6.06e-12	3.23e-07	7.67e-04	1.27e-02	7.80e-02	1.34e-01	5.34e-02	1.23e-01	4.15e-01	1.62e-01	1.99e-02	1.37e-03	4.68e-05	8.95e-07	0.00e+00	0.00e+00	0.00e+00	0.00e+00	0.00e+00
 1.15715e+23	8.24e-12	4.20e-07	9.53e-04	1.50e-02	8.80e-02	1.45e-01	5.54e-02	1.25e-01	4.03e-01	1.49e-01	1.75e-02	1.16e-03	3.82e-05	7.15e-07	0.00e+00	0.00e+00	0.00e+00	0.00e+00	0.00e+00
 1.16454e+23	1.07e-11	5.26e-07	1.15e-03	1.73e-02	9.74e-02	1.54e-01	5.70e-02	1.27e-01	3.91e-01	1.39e-01	1.56e-02	1.00e-03	3.20e-05	5.85e-07	0.00e+00	0.00e+00	0.00e+00	0.00e+00	0.00e+00
 1.17115e+23	1.37e-11	6.48e-07	1.36e-03	1.98e-02	1.07e-01	1.63e-01	5.84e-02	1.28e-01	3.79e-01	1.29e-01	1.40e-02	8.71e-04	2.69e-05	4.84e-07	0.00e+00	0.00e+00	0.00e+00	0.00e+00	0.00e+00
 1.17866e+23	1.86e-11	8.40e-07	1.69e-03	2.33e-02	1.19e-01	1.75e-01	6.00e-02	1.29e-01	3.62e-01	1.17e-01	1.21e-02	7.27e-04	2.16e-05	3.80e-07	0.00e+00	0.00e+00	0.00e+00	0.00e+00	0.00e+00
 1.18649e+23	2.45e-11	1.06e-06	2.04e-03	2.68e-02	1.31e-01	1.85e-01	6.11e-02	1.29e-01	3.47e-01	1.07e-01	1.06e-02	6.14e-04	1.77e-05	3.03e-07	0.00e+00	0.00e+00	0.00e+00	0.00e+00	0.00e+00
 1.19354e+23	3.14e-11	1.31e-06	2.42e-03	3.05e-02	1.43e-01	1.94e-01	6.21e-02	1.29e-01	3.32e-01	9.80e-02	9.36e-03	5.24e-04	1.46e-05	2.46e-07	0.00e+00	0.00e+00	0.00e+00	0.00e+00	0.00e+00
 1.20151e+23	4.28e-11	1.69e-06	2.98e-03	3.56e-02	1.59e-01	2.04e-01	6.29e-02	1.28e-01	3.12e-01	8.73e-02	7.94e-03	4.27e-04	1.14e-05	1.88e-07	0.00e+00	0.00e+00	0.00e+00	0.00e+00	0.00e+00
 1.20981e+23	5.63e-11	2.13e-06	3.58e-03	4.08e-02	1.73e-01	2.14e-01	6.33e-02	1.26e-01	2.94e-01	7.83e-02	6.81e-03	3.53e-04	9.14e-06	1.47e-07	0.00e+00	0.00e+00	0.00e+00	0.00e+00	0.00e+00
 1.21725e+23	7.22e-11	2.62e-06	4.23e-03	4.60e-02	1.87e-01	2.22e-01	6.35e-02	1.25e-01	2.77e-01	7.04e-02	5.89e-03	2.95e-04	7.40e-06	0.00e+00	0.00e+00	0.00e+00	0.00e+00	0.00e+00	0.00e+00
 1.22565e+23	9.83e-11	3.39e-06	5.19e-03	5.33e-02	2.04e-01	2.31e-01	6.34e-02	1.22e-01	2.55e-01	6.14e-02	4.88e-03	2.35e-04	5.64e-06	0.00e+00	0.00e+00	0.00e+00	0.00e+00	0.00e+00	0.00e+00
 1.23434e+23	1.28e-10	4.23e-06	6.18e-03	6.03e-02	2.20e-01	2.38e-01	6.29e-02	1.18e-01	2.36e-01	5.40e-02	4.10e-03	1.90e-04	4.41e-06	0.00e+00	0.00e+00	0.00e+00	0.00e+00	0.00e+00	0.00e+00
 1.24209e+23	1.64e-10	5.18e-06	7.24e-03	6.74e-02	2.35e-01	2.43e-01	6.23e-02	1.15e-01	2.19e-01	4.77e-02	3.48e-03	1.56e-04	3.50e-06	0.00e+00	0.00e+00	0.00e+00	0.00e+00	0.00e+00	0.00e+00
 1.25086e+23	2.22e-10	6.63e-06	8.79e-03	7.70e-02	2.53e-01	2.49e-01	6.11e-02	1.10e-01	1.98e-01	4.06e-02	2.81e-03	1.21e-04	2.60e-06	0.00e+00	0.00e+00	0.00e+00	0.00e+00	0.00e+00	0.00e+00
 1.25996e+23	2.89e-10	8.23e-06	1.04e-02	8.62e-02	2.69e-01	2.53e-01	5.97e-02	1.05e-01	1.80e-01	3.50e-02	2.31e-03	9.58e-05	1.99e-06	0.00e+00	0.00e+00	0.00e+00	0.00e+00	0.00e+00	0.00e+00
 1.26812e+23	3.68e-10	1.00e-05	1.21e-02	9.53e-02	2.83e-01	2.55e-01	5.82e-02	1.01e-01	1.64e-01	3.03e-02	1.92e-03	7.68e-05	1.54e-06	0.00e+00	0.00e+00	0.00e+00	0.00e+00	0.00e+00	0.00e+00
 1.27739e+23	4.98e-10	1.28e-05	1.46e-02	1.08e-01	3.01e-01	2.56e-01	5.60e-02	9.43e-02	1.44e-01	2.51e-02	1.50e-03	5.75e-05	1.10e-06	0.00e+00	0.00e+00	0.00e+00	0.00e+00	0.00e+00	0.00e+00
 1.28695e+23	6.41e-10	1.57e-05	1.70e-02	1.19e-01	3.15e-01	2.56e-01	5.39e-02	8.88e-02	1.29e-01	2.12e-02	1.21e-03	4.47e-05	8.25e-07	0.00e+00	0.00e+00	0.00e+00	0.00e+00	0.00e+00	0.00e+00
 1.29558e+23	8.16e-10	1.90e-05	1.96e-02	1.30e-01	3.27e-01	2.54e-01	5.17e-02	8.33e-02	1.15e-01	1.79e-02	9.80e-04	3.49e-05	6.21e-07	0.00e+00	0.00e+00	0.00e+00	0.00e+00	0.00e+00	0.00e+00
 1.30549e+23	1.11e-09	2.43e-05	2.35e-02	1.46e-01	3.42e-01	2.50e-01	4.88e-02	7.63e-02	9.84e-02	1.43e-02	7.40e-04	2.51e-05	4.27e-07	0.00e+00	0.00e+00	0.00e+00	0.00e+00	0.00e+00	0.00e+00
 1.31547e+23	1.41e-09	2.94e-05	2.71e-02	1.58e-01	3.52e-01	2.46e-01	4.63e-02	7.08e-02	8.65e-02	1.19e-02	5.87e-04	1.92e-05	3.14e-07	0.00e+00	0.00e+00	0.00e+00	0.00e+00	0.00e+00	0.00e+00
 1.32556e+23	1.88e-09	3.69e-05	3.19e-02	1.74e-01	3.63e-01	2.40e-01	4.32e-02	6.42e-02	7.35e-02	9.49e-03	4.42e-04	1.38e-05	2.16e-07	0.00e+00	0.00e+00	0.00e+00	0.00e+00	0.00e+00	0.00e+00
 1.33587e+23	2.41e-09	4.48e-05	3.67e-02	1.89e-01	3.71e-01	2.33e-01	4.05e-02	5.86e-02	6.35e-02	7.72e-03	3.42e-04	1.03e-05	1.55e-07	0.00e+00	0.00e+00	0.00e+00	0.00e+00	0.00e+00	0.00e+00
 1.34494e+23	3.02e-09	5.34e-05	4.15e-02	2.02e-01	3.76e-01	2.26e-01	3.80e-02	5.37e-02	5.52e-02	6.35e-03	2.69e-04	7.81e-06	0.00e+00	0.00e+00	0.00e+00	0.00e+00	0.00e+00	0.00e+00	0.00e+00
 1.35520e+23	4.02e-09	6.66e-05	4.85e-02	2.20e-01	3.82e-01	2.16e-01	3.49e-02	4.78e-02	4.59e-02	4.92e-03	1.97e-04	5.45e-06	0.00e+00	0.00e+00	0.00e+00	0.00e+00	0.00e+00	0.00e+00	0.00e+00
 1.36571e+23	5.07e-09	7.97e-05	5.50e-02	2.34e-01	3.84e-01	2.08e-01	3.23e-02	4.32e-02	3.92e-02	3.96e-03	1.51e-04	4.02e-06	0.00e+00	0.00e+00	0.00e+00	0.00e+00	0.00e+00	0.00e+00	0.00e+00
 1.37655e+23	6.73e-09	9.89e-05	6.38e-02	2.52e-01	3.85e-01	1.96e-01	2.93e-02	3.78e-02	3.21e-02	3.01e-03	1.08e-04	2.76e-06	0.00e+00	0.00e+00	0.00e+00	0.00e+00	0.00e+00	0.00e+00	0.00e+00
 1.38755e+23	8.49e-09	1.18e-04	7.19e-02	2.67e-01	3.84e-01	1.86e-01	2.69e-02	3.38e-02	2.70e-02	2.39e-03	8.17e-05	2.00e-06	0.00e+00	0.00e+00	0.00e+00	0.00e+00	0.00e+00	0.00e+00	0.00e+00
 1.39731e+23	1.06e-08	1.40e-04	8.06e-02	2.82e-01	3.81e-01	1.77e-01	2.46e-02	3.01e-02	2.28e-02	1.89e-03	6.18e-05	1.46e-06	0.00e+00	0.00e+00	0.00e+00	0.00e+00	0.00e+00	0.00e+00	0.00e+00
 1.40851e+23	1.40e-08	1.72e-04	9.25e-02	2.99e-01	3.76e-01	1.64e-01	2.20e-02	2.59e-02	1.83e-02	1.41e-03	4.32e-05	9.71e-07	0.00e+00	0.00e+00	0.00e+00	0.00e+00	0.00e+00	0.00e+00	0.00e+00
 1.41990e+23	1.76e-08	2.03e-04	1.03e-01	3.13e-01	3.70e-01	1.54e-01	1.99e-02	2.29e-02	1.52e-02	1.10e-03	3.22e-05	6.95e-07	0.00e+00	0.00e+00	0.00e+00	0.00e+00	0.00e+00	0.00e+00	0.00e+00
 1.42979e+23	2.16e-08	2.37e-04	1.14e-01	3.26e-01	3.64e-01	1.45e-01	1.81e-02	2.02e-02	1.27e-02	8.68e-04	2.43e-05	5.06e-07	0.00e+00	0.00e+00	0.00e+00	0.00e+00	0.00e+00	0.00e+00	0.00e+00
 1.43924e+23	2.63e-08	2.74e-04	1.25e-01	3.37e-01	3.56e-01	1.36e-01	1.66e-02	1.80e-02	1.08e-02	6.92e-04	1.86e-05	3.74e-07	0.00e+00	0.00e+00	0.00e+00	0.00e+00	0.00e+00	0.00e+00	0.00e+00
 1.44828e+23	3.16e-08	3.13e-04	1.36e-01	3.47e-01	3.48e-01	1.28e-01	1.52e-02	1.60e-02	9.15e-03	5.58e-04	1.44e-05	2.80e-07	0.00e+00	0.00e+00	0.00e+00	0.00e+00	0.00e+00	0.00e+00	0.00e+00
 1.45847e+23	4.00e-08	3.72e-04	1.51e-01	3.59e-01	3.37e-01	1.17e-01	1.34e-02	1.38e-02	7.37e-03	4.18e-04	1.03e-05	1.91e-07	0.00e+00	0.00e+00	0.00e+00	0.00e+00	0.00e+00	0.00e+00	0.00e+00
 1.46856e+23	4.76e-08	4.22e-04	1.63e-01	3.67e-01	3.28e-01	1.10e-01	1.23e-02	1.23e-02	6.25e-03	3.36e-04	7.94e-06	1.43e-07	0.00e+00	0.00e+00	0.00e+00	0.00e+00	0.00e+00	0.00e+00	0.00e+00
 1.47849e+23	5.92e-08	4.93e-04	1.79e-01	3.77e-01	3.15e-01	1.01e-01	1.09e-02	1.05e-02	5.06e-03	2.55e-04	5.73e-06	0.00e+00	0.00e+00	0.00e+00	0.00e+00	0.00e+00	0.00e+00	0.00e+00	0.00e+00
 1.48869e+23	7.09e-08	5.61e-04	1.94e-01	3.84e-01	3.04e-01	9.36e-02	9.85e-03	9.27e-03	4.23e-03	2.01e-04	4.34e-06	0.00e+00	0.00e+00	0.00e+00	0.00e+00	0.00e+00	0.00e+00	0.00e+00	0.00e+00
 1.49924e+23	8.86e-08	6.57e-04	2.12e-01	3.92e-01	2.90e-01	8.50e-02	8.66e-03	7.86e-03	3.37e-03	1.49e-04	3.07e-06	0.00e+00	0.00e+00	0.00e+00	0.00e+00	0.00e+00	0.00e+00	0.00e+00	0.00e+00
 1.50986e+23	1.06e-07	7.45e-04	2.28e-01	3.97e-01	2.78e-01	7.85e-02	7.78e-03	6.87e-03	2.80e-03	1.17e-04	2.31e-06	0.00e+00	0.00e+00	0.00e+00	0.00e+00	0.00e+00	0.00e+00	0.00e+00	0.00e+00
 1.52057e+23	1.32e-07	8.67e-04	2.49e-01	4.02e-01	2.63e-01	7.08e-02	6.80e-03	5.79e-03	2.22e-03	8.62e-05	1.62e-06	0.00e+00	0.00e+00	0.00e+00	0.00e+00	0.00e+00	0.00e+00	0.00e+00	0.00e+00
 1.53140e+23	1.57e-07	9.80e-04	2.66e-01	4.05e-01	2.51e-01	6.49e-02	6.07e-03	5.03e-03	1.83e-03	6.69e-05	1.21e-06	0.00e+00	0.00e+00	0.00e+00	0.00e+00	0.00e+00	0.00e+00	0.00e+00	0.00e+00
 1.54008e+23	1.81e-07	1.08e-03	2.80e-01	4.06e-01	2.40e-01	6.04e-02	5.53e-03	4.47e-03	1.56e-03	5.43e-05	9.52e-07	0.00e+00	0.00e+00	0.00e+00	0.00e+00	0.00e+00	0.00e+00	0.00e+00	0.00e+00
 1.54901e+23	2.15e-07	1.21e-03	2.98e-01	4.07e-01	2.28e-01	5.53e-02	4.94e-03	3.87e-03	1.29e-03	4.23e-05	7.14e-07	0.00e+00	0.00e+00	0.00e+00	0.00e+00	0.00e+00	0.00e+00	0.00e+00	0.00e+00
 1.55822e+23	2.48e-07	1.34e-03	3.14e-01	4.07e-01	2.18e-01	5.12e-02	4.47e-03	3.42e-03	1.09e-03	3.40e-05	5.57e-07	0.00e+00	0.00e+00	0.00e+00	0.00e+00	0.00e+00	0.00e+00	0.00e+00	0.00e+00
 1.56645e+23	2.84e-07	1.47e-03	3.29e-01	4.06e-01	2.08e-01	4.75e-02	4.07e-03	3.04e-03	9.30e-04	2.76e-05	4.38e-07	0.00e+00	0.00e+00	0.00e+00	0.00e+00	0.00e+00	0.00e+00	0.00e+00	0.00e+00
 1.57584e+23	3.37e-07	1.64e-03	3.48e-01	4.04e-01	1.96e-01	4.31e-02	3.60e-03	2.60e-03	7.58e-04	2.12e-05	3.23e-07	0.00e+00	0.00e+00	0.00e+00	0.00e+00	0.00e+00	0.00e+00	0.00e+00	0.00e+00
 1.58531e+23	3.88e-07	1.81e-03	3.65e-01	4.02e-01	1.86e-01	3.97e-02	3.24e-03	2.29e-03	6.39e-04	1.69e-05	2.50e-07	0.00e+00	0.00e+00	0.00e+00	0.00e+00	0.00e+00	0.00e+00	0.00e+00	0.00e+00
 1.59357e+23	4.43e-07	1.97e-03	3.81e-01	3.99e-01	1.76e-01	3.66e-02	2.94e-03	2.02e-03	5.42e-04	1.37e-05	1.96e-07	0.00e+00	0.00e+00	0.00e+00	0.00e+00	0.00e+00	0.00e+00	0.00e+00	0.00e+00
 1.60300e+23	5.22e-07	2.20e-03	4.01e-01	3.94e-01	1.65e-01	3.31e-02	2.59e-03	1.73e-03	4.41e-04	1.04e-05	1.45e-07	0.00e+00	0.00e+00	0.00e+00	0.00e+00	0.00e+00	0.00e+00	0.00e+00	0.00e+00
 1.61259e+23	5.98e-07	2.40e-03	4.17e-01	3.90e-01	1.56e-01	3.04e-02	2.33e-03	1.52e-03	3.70e-04	8.32e-06	0.00e+00	0.00e+00	0.00e+00	0.00e+00	0.00e+00	0.00e+00	0.00e+00	0.00e+00	0.00e+00
 1.62110e+23	6.82e-07	2.61e-03	4.33e-01	3.85e-01	1.47e-01	2.80e-02	2.10e-03	1.33e-03	3.13e-04	6.68e-06	0.00e+00	0.00e+00	0.00e+00	0.00e+00	0.00e+00	0.00e+00	0.00e+00	0.00e+00	0.00e+00
 1.63085e+23	8.02e-07	2.90e-03	4.54e-01	3.78e-01	1.36e-01	2.51e-02	1.84e-03	1.13e-03	2.53e-04	5.06e-06	0.00e+00	0.00e+00	0.00e+00	0.00e+00	0.00e+00	0.00e+00	0.00e+00	0.00e+00	0.00e+00
 1.64074e+23	9.16e-07	3.15e-03	4.70e-01	3.73e-01	1.28e-01	2.30e-02	1.65e-03	9.90e-04	2.11e-04	4.01e-06	0.00e+00	0.00e+00	0.00e+00	0.00e+00	0.00e+00	0.00e+00	0.00e+00	0.00e+00	0.00e+00
 1.65082e+23	1.08e-06	3.50e-03	4.91e-01	3.64e-01	1.18e-01	2.06e-02	1.44e-03	8.37e-04	1.69e-04	3.01e-06	0.00e+00	0.00e+00	0.00e+00	0.00e+00	0.00e+00	0.00e+00	0.00e+00	0.00e+00	0.00e+00
 1.66100e+23	1.23e-06	3.80e-03	5.08e-01	3.57e-01	1.11e-01	1.87e-02	1.28e-03	7.28e-04	1.41e-04	2.37e-06	0.00e+00	0.00e+00	0.00e+00	0.00e+00	0.00e+00	0.00e+00	0.00e+00	0.00e+00	0.00e+00
 1.66997e+23	1.40e-06	4.12e-03	5.24e-01	3.49e-01	1.03e-01	1.71e-02	1.15e-03	6.36e-04	1.18e-04	1.88e-06	0.00e+00	0.00e+00	0.00e+00	0.00e+00	0.00e+00	0.00e+00	0.00e+00	0.00e+00	0.00e+00
 1.68027e+23	1.65e-06	4.56e-03	5.46e-01	3.38e-01	9.46e-02	1.51e-02	9.91e-04	5.34e-04	9.36e-05	1.39e-06	0.00e+00	0.00e+00	0.00e+00	0.00e+00	0.00e+00	0.00e+00	0.00e+00	0.00e+00	0.00e+00
 1.69067e+23	1.88e-06	4.93e-03	5.62e-01	3.30e-01	8.82e-02	1.38e-02	8.84e-04	4.65e-04	7.81e-05	1.10e-06	0.00e+00	0.00e+00	0.00e+00	0.00e+00	0.00e+00	0.00e+00	0.00e+00	0.00e+00	0.00e+00
 1.70119e+23	2.21e-06	5.44e-03	5.82e-01	3.18e-01	8.06e-02	1.22e-02	7.65e-04	3.91e-04	6.20e-05	8.19e-07	0.00e+00	0.00e+00	0.00e+00	0.00e+00	0.00e+00	0.00e+00	0.00e+00	0.00e+00	0.00e+00
 1.71196e+23	2.52e-06	5.91e-03	5.99e-01	3.09e-01	7.45e-02	1.10e-02	6.75e-04	3.37e-04	5.10e-05	6.36e-07	0.00e+00	0.00e+00	0.00e+00	0.00e+00	0.00e+00	0.00e+00	0.00e+00	0.00e+00	0.00e+00
 1.72306e+23	2.97e-06	6.52e-03	6.20e-01	2.96e-01	6.75e-02	9.70e-03	5.79e-04	2.81e-04	4.00e-05	4.65e-07	0.00e+00	0.00e+00	0.00e+00	0.00e+00	0.00e+00	0.00e+00	0.00e+00	0.00e+00	0.00e+00
 1.73435e+23	3.41e-06	7.07e-03	6.36e-01	2.85e-01	6.21e-02	8.71e-03	5.09e-04	2.41e-04	3.27e-05	3.58e-07	0.00e+00	0.00e+00	0.00e+00	0.00e+00	0.00e+00	0.00e+00	0.00e+00	0.00e+00	0.00e+00
 1.74086e+23	3.55e-06	7.24e-03	6.40e-01	2.83e-01	6.05e-02	8.43e-03	4.89e-04	2.31e-04	3.07e-05	3.30e-07	0.00e+00	0.00e+00	0.00e+00	0.00e+00	0.00e+00	0.00e+00	0.00e+00	0.00e+00	0.00e+00
 1.74427e+23	3.73e-06	7.45e-03	6.46e-01	2.79e-01	5.87e-02	8.11e-03	4.67e-04	2.19e-04	2.86e-05	3.01e-07	0.00e+00	0.00e+00	0.00e+00	0.00e+00	0.00e+00	0.00e+00	0.00e+00	0.00e+00	0.00e+00
