#depth	N	N+	N+2	N+3	N+4	N+5	N+6	N+7
 4.62852e+21	5.08e-25	3.06e-19	7.71e-15	2.71e-11	2.92e-08	1.59e-04	2.89e-02	9.71e-01
 1.03243e+22	2.51e-23	8.40e-18	1.18e-13	2.25e-10	1.28e-07	4.22e-04	4.65e-02	9.53e-01
 1.18914e+22	1.90e-22	4.71e-17	4.89e-13	6.81e-10	2.77e-07	6.94e-04	5.91e-02	9.40e-01
 1.26410e+22	5.32e-22	1.13e-16	1.01e-12	1.20e-09	4.12e-07	8.93e-04	6.67e-02	9.32e-01
 1.29534e+22	6.88e-22	1.41e-16	1.21e-12	1.38e-09	4.55e-07	9.52e-04	6.88e-02	9.30e-01
 1.30740e+22	8.74e-22	1.73e-16	1.44e-12	1.58e-09	4.99e-07	1.01e-03	7.07e-02	9.28e-01
 1.32079e+22	1.18e-21	2.24e-16	1.78e-12	1.87e-09	5.61e-07	1.09e-03	7.33e-02	9.26e-01
 1.33450e+22	1.51e-21	2.76e-16	2.12e-12	2.14e-09	6.17e-07	1.16e-03	7.55e-02	9.23e-01
 1.34862e+22	2.08e-21	3.63e-16	2.66e-12	2.55e-09	6.99e-07	1.25e-03	7.84e-02	9.20e-01
 1.36283e+22	2.64e-21	4.45e-16	3.15e-12	2.92e-09	7.68e-07	1.33e-03	8.06e-02	9.18e-01
 1.37511e+22	3.34e-21	5.44e-16	3.73e-12	3.33e-09	8.43e-07	1.41e-03	8.29e-02	9.16e-01
 1.38905e+22	4.52e-21	7.05e-16	4.62e-12	3.94e-09	9.50e-07	1.52e-03	8.60e-02	9.13e-01
 1.40285e+22	5.63e-21	8.51e-16	5.41e-12	4.46e-09	1.04e-06	1.61e-03	8.83e-02	9.10e-01
 1.41649e+22	7.52e-21	1.09e-15	6.65e-12	5.25e-09	1.16e-06	1.73e-03	9.14e-02	9.07e-01
 1.43039e+22	9.40e-21	1.32e-15	7.81e-12	5.96e-09	1.27e-06	1.84e-03	9.39e-02	9.04e-01
 1.44462e+22	1.27e-20	1.71e-15	9.67e-12	7.05e-09	1.43e-06	1.98e-03	9.73e-02	9.01e-01
 1.45899e+22	1.57e-20	2.05e-15	1.13e-11	7.98e-09	1.56e-06	2.09e-03	9.99e-02	8.98e-01
 1.47355e+22	2.12e-20	2.65e-15	1.40e-11	9.44e-09	1.76e-06	2.26e-03	1.03e-01	8.94e-01
 1.48839e+22	2.64e-20	3.20e-15	1.64e-11	1.07e-08	1.93e-06	2.39e-03	1.06e-01	8.91e-01
 1.50359e+22	3.57e-20	4.15e-15	2.03e-11	1.27e-08	2.17e-06	2.59e-03	1.10e-01	8.87e-01
 1.51833e+22	4.35e-20	4.91e-15	2.34e-11	1.42e-08	2.36e-06	2.72e-03	1.13e-01	8.84e-01
 1.53247e+22	5.72e-20	6.22e-15	2.85e-11	1.66e-08	2.64e-06	2.93e-03	1.17e-01	8.80e-01
 1.54694e+22	7.01e-20	7.41e-15	3.31e-11	1.87e-08	2.87e-06	3.09e-03	1.20e-01	8.77e-01
 1.56184e+22	9.24e-20	9.40e-15	4.04e-11	2.19e-08	3.21e-06	3.32e-03	1.24e-01	8.73e-01
 1.57707e+22	1.14e-19	1.13e-14	4.71e-11	2.47e-08	3.50e-06	3.51e-03	1.27e-01	8.70e-01
 1.59275e+22	1.52e-19	1.44e-14	5.78e-11	2.91e-08	3.94e-06	3.78e-03	1.31e-01	8.65e-01
 1.60849e+22	1.87e-19	1.72e-14	6.72e-11	3.29e-08	4.29e-06	4.00e-03	1.35e-01	8.61e-01
 1.62432e+22	2.48e-19	2.19e-14	8.23e-11	3.86e-08	4.82e-06	4.30e-03	1.39e-01	8.56e-01
 1.64035e+22	3.05e-19	2.63e-14	9.59e-11	4.36e-08	5.26e-06	4.55e-03	1.43e-01	8.53e-01
 1.65664e+22	4.04e-19	3.35e-14	1.18e-10	5.13e-08	5.92e-06	4.90e-03	1.48e-01	8.47e-01
 1.67314e+22	5.00e-19	4.02e-14	1.37e-10	5.81e-08	6.47e-06	5.19e-03	1.52e-01	8.43e-01
 1.68720e+22	6.08e-19	4.76e-14	1.58e-10	6.51e-08	7.02e-06	5.47e-03	1.55e-01	8.39e-01
 1.70277e+22	7.91e-19	5.98e-14	1.91e-10	7.59e-08	7.84e-06	5.87e-03	1.60e-01	8.34e-01
 1.71818e+22	9.49e-19	6.99e-14	2.18e-10	8.43e-08	8.47e-06	6.16e-03	1.64e-01	8.30e-01
 1.73336e+22	1.22e-18	8.65e-14	2.62e-10	9.75e-08	9.40e-06	6.58e-03	1.69e-01	8.25e-01
 1.74882e+22	1.47e-18	1.02e-13	3.00e-10	1.09e-07	1.02e-05	6.92e-03	1.73e-01	8.20e-01
 1.76466e+22	1.89e-18	1.27e-13	3.61e-10	1.26e-07	1.13e-05	7.41e-03	1.78e-01	8.15e-01
 1.78062e+22	2.29e-18	1.49e-13	4.15e-10	1.41e-07	1.23e-05	7.80e-03	1.82e-01	8.10e-01
 1.79675e+22	2.95e-18	1.86e-13	4.99e-10	1.64e-07	1.37e-05	8.35e-03	1.88e-01	8.04e-01
 1.81235e+22	3.53e-18	2.17e-13	5.70e-10	1.82e-07	1.48e-05	8.76e-03	1.92e-01	8.00e-01
 1.82725e+22	4.39e-18	2.62e-13	6.67e-10	2.07e-07	1.62e-05	9.29e-03	1.97e-01	7.94e-01
 1.84270e+22	5.29e-18	3.08e-13	7.65e-10	2.31e-07	1.75e-05	9.77e-03	2.01e-01	7.89e-01
 1.85665e+22	6.35e-18	3.61e-13	8.73e-10	2.57e-07	1.90e-05	1.03e-02	2.05e-01	7.84e-01
 1.87258e+22	7.99e-18	4.40e-13	1.03e-09	2.94e-07	2.09e-05	1.09e-02	2.11e-01	7.78e-01
 1.88880e+22	9.69e-18	5.20e-13	1.19e-09	3.29e-07	2.27e-05	1.15e-02	2.16e-01	7.73e-01
 1.90307e+22	1.16e-17	6.10e-13	1.36e-09	3.67e-07	2.46e-05	1.21e-02	2.20e-01	7.68e-01
 1.91931e+22	1.46e-17	7.43e-13	1.61e-09	4.20e-07	2.71e-05	1.28e-02	2.26e-01	7.61e-01
 1.93602e+22	1.76e-17	8.71e-13	1.84e-09	4.68e-07	2.93e-05	1.35e-02	2.31e-01	7.56e-01
 1.95334e+22	2.22e-17	1.07e-12	2.18e-09	5.37e-07	3.24e-05	1.44e-02	2.37e-01	7.49e-01
 1.97113e+22	2.72e-17	1.27e-12	2.53e-09	6.05e-07	3.53e-05	1.52e-02	2.43e-01	7.42e-01
 1.98592e+22	3.20e-17	1.46e-12	2.85e-09	6.65e-07	3.78e-05	1.58e-02	2.47e-01	7.37e-01
 2.00154e+22	3.95e-17	1.75e-12	3.32e-09	7.53e-07	4.14e-05	1.68e-02	2.53e-01	7.30e-01
 2.01788e+22	4.72e-17	2.04e-12	3.78e-09	8.36e-07	4.46e-05	1.76e-02	2.58e-01	7.25e-01
 2.03514e+22	5.95e-17	2.49e-12	4.48e-09	9.58e-07	4.93e-05	1.87e-02	2.64e-01	7.17e-01
 2.05254e+22	7.11e-17	2.91e-12	5.10e-09	1.06e-06	5.32e-05	1.96e-02	2.70e-01	7.11e-01
 2.07011e+22	8.80e-17	3.50e-12	5.96e-09	1.21e-06	5.83e-05	2.07e-02	2.76e-01	7.03e-01
 2.08877e+22	1.09e-16	4.21e-12	6.96e-09	1.37e-06	6.38e-05	2.19e-02	2.82e-01	6.96e-01
 2.10555e+22	1.31e-16	4.94e-12	7.96e-09	1.52e-06	6.90e-05	2.30e-02	2.88e-01	6.89e-01
 2.12406e+22	1.63e-16	6.05e-12	9.45e-09	1.75e-06	7.63e-05	2.45e-02	2.95e-01	6.81e-01
 2.14327e+22	1.99e-16	7.18e-12	1.09e-08	1.96e-06	8.30e-05	2.58e-02	3.01e-01	6.73e-01
 2.16339e+22	2.56e-16	8.91e-12	1.31e-08	2.27e-06	9.23e-05	2.76e-02	3.09e-01	6.64e-01
 2.18371e+22	3.15e-16	1.07e-11	1.53e-08	2.57e-06	1.01e-04	2.91e-02	3.15e-01	6.56e-01
 2.20138e+22	3.83e-16	1.27e-11	1.76e-08	2.88e-06	1.10e-04	3.06e-02	3.21e-01	6.48e-01
 2.22146e+22	4.89e-16	1.56e-11	2.10e-08	3.33e-06	1.22e-04	3.26e-02	3.29e-01	6.38e-01
 2.24227e+22	6.08e-16	1.89e-11	2.47e-08	3.78e-06	1.34e-04	3.45e-02	3.36e-01	6.29e-01
 2.26087e+22	7.50e-16	2.26e-11	2.88e-08	4.29e-06	1.46e-04	3.65e-02	3.43e-01	6.20e-01
 2.28190e+22	9.69e-16	2.83e-11	3.47e-08	4.99e-06	1.63e-04	3.90e-02	3.51e-01	6.09e-01
 2.30351e+22	1.22e-15	3.46e-11	4.12e-08	5.73e-06	1.80e-04	4.14e-02	3.59e-01	5.99e-01
 2.32248e+22	1.50e-15	4.14e-11	4.80e-08	6.48e-06	1.97e-04	4.37e-02	3.66e-01	5.90e-01
 2.34376e+22	1.95e-15	5.20e-11	5.82e-08	7.58e-06	2.21e-04	4.68e-02	3.75e-01	5.78e-01
 2.36593e+22	2.48e-15	6.40e-11	6.95e-08	8.75e-06	2.45e-04	4.97e-02	3.83e-01	5.67e-01
 2.38580e+22	3.10e-15	7.76e-11	8.19e-08	9.99e-06	2.69e-04	5.27e-02	3.90e-01	5.57e-01
 2.40815e+22	4.14e-15	9.99e-11	1.02e-07	1.19e-05	3.06e-04	5.68e-02	4.00e-01	5.43e-01
 2.42942e+22	5.02e-15	1.18e-10	1.17e-07	1.34e-05	3.33e-04	5.97e-02	4.06e-01	5.34e-01
 2.44930e+22	6.52e-15	1.49e-10	1.43e-07	1.57e-05	3.74e-04	6.39e-02	4.15e-01	5.21e-01
 2.46922e+22	7.90e-15	1.76e-10	1.65e-07	1.77e-05	4.07e-04	6.72e-02	4.21e-01	5.11e-01
 2.48917e+22	1.02e-14	2.21e-10	2.01e-07	2.08e-05	4.58e-04	7.19e-02	4.30e-01	4.97e-01
 2.50933e+22	1.25e-14	2.62e-10	2.33e-07	2.36e-05	5.01e-04	7.57e-02	4.37e-01	4.87e-01
 2.52975e+22	1.62e-14	3.31e-10	2.84e-07	2.78e-05	5.66e-04	8.12e-02	4.45e-01	4.73e-01
 2.55044e+22	1.98e-14	3.95e-10	3.31e-07	3.16e-05	6.20e-04	8.56e-02	4.52e-01	4.62e-01
 2.57147e+22	2.58e-14	4.98e-10	4.06e-07	3.74e-05	7.01e-04	9.18e-02	4.60e-01	4.47e-01
 2.59289e+22	3.18e-14	5.99e-10	4.76e-07	4.28e-05	7.74e-04	9.70e-02	4.67e-01	4.35e-01
 2.61483e+22	4.16e-14	7.60e-10	5.87e-07	5.11e-05	8.80e-04	1.04e-01	4.75e-01	4.20e-01
 2.63721e+22	5.14e-14	9.18e-10	6.94e-07	5.89e-05	9.76e-04	1.10e-01	4.81e-01	4.07e-01
 2.66014e+22	6.74e-14	1.17e-09	8.60e-07	7.08e-05	1.12e-03	1.19e-01	4.89e-01	3.91e-01
 2.68346e+22	8.32e-14	1.42e-09	1.02e-06	8.18e-05	1.24e-03	1.26e-01	4.95e-01	3.78e-01
 2.70644e+22	1.09e-13	1.78e-09	1.25e-06	9.76e-05	1.42e-03	1.35e-01	5.02e-01	3.62e-01
 2.72850e+22	1.30e-13	2.10e-09	1.45e-06	1.11e-04	1.56e-03	1.43e-01	5.06e-01	3.50e-01
 2.75017e+22	1.65e-13	2.60e-09	1.76e-06	1.31e-04	1.76e-03	1.52e-01	5.11e-01	3.34e-01
 2.77168e+22	1.96e-13	3.04e-09	2.03e-06	1.49e-04	1.94e-03	1.60e-01	5.15e-01	3.23e-01
 2.79299e+22	2.43e-13	3.72e-09	2.43e-06	1.75e-04	2.18e-03	1.71e-01	5.19e-01	3.08e-01
 2.81430e+22	2.86e-13	4.32e-09	2.79e-06	1.98e-04	2.39e-03	1.79e-01	5.21e-01	2.97e-01
 2.83560e+22	3.51e-13	5.22e-09	3.33e-06	2.31e-04	2.69e-03	1.90e-01	5.24e-01	2.83e-01
 2.85689e+22	4.09e-13	6.02e-09	3.79e-06	2.60e-04	2.94e-03	1.99e-01	5.26e-01	2.72e-01
 2.87815e+22	4.96e-13	7.21e-09	4.49e-06	3.02e-04	3.29e-03	2.10e-01	5.27e-01	2.59e-01
 2.89943e+22	5.73e-13	8.25e-09	5.09e-06	3.39e-04	3.59e-03	2.20e-01	5.28e-01	2.49e-01
 2.92071e+22	6.86e-13	9.79e-09	5.98e-06	3.92e-04	4.01e-03	2.32e-01	5.28e-01	2.36e-01
 2.94207e+22	7.87e-13	1.11e-08	6.75e-06	4.38e-04	4.36e-03	2.42e-01	5.28e-01	2.26e-01
 2.96352e+22	9.33e-13	1.31e-08	7.89e-06	5.04e-04	4.85e-03	2.54e-01	5.26e-01	2.14e-01
 2.98509e+22	1.06e-12	1.49e-08	8.87e-06	5.61e-04	5.27e-03	2.64e-01	5.25e-01	2.05e-01
 3.00683e+22	1.25e-12	1.74e-08	1.03e-05	6.44e-04	5.85e-03	2.78e-01	5.23e-01	1.93e-01
 3.02880e+22	1.42e-12	1.97e-08	1.16e-05	7.16e-04	6.34e-03	2.89e-01	5.20e-01	1.84e-01
 3.05109e+22	1.67e-12	2.29e-08	1.34e-05	8.21e-04	7.04e-03	3.03e-01	5.16e-01	1.73e-01
 3.07369e+22	1.89e-12	2.58e-08	1.51e-05	9.11e-04	7.63e-03	3.14e-01	5.13e-01	1.65e-01
 3.09668e+22	2.20e-12	3.00e-08	1.74e-05	1.04e-03	8.47e-03	3.28e-01	5.07e-01	1.55e-01
 3.12011e+22	2.50e-12	3.39e-08	1.96e-05	1.16e-03	9.17e-03	3.40e-01	5.03e-01	1.47e-01
 3.14411e+22	2.92e-12	3.94e-08	2.26e-05	1.32e-03	1.02e-02	3.55e-01	4.96e-01	1.37e-01
 3.16875e+22	3.31e-12	4.45e-08	2.55e-05	1.47e-03	1.10e-02	3.68e-01	4.90e-01	1.29e-01
 3.18958e+22	3.69e-12	4.94e-08	2.82e-05	1.62e-03	1.18e-02	3.79e-01	4.85e-01	1.23e-01
 3.20891e+22	4.09e-12	5.47e-08	3.11e-05	1.77e-03	1.27e-02	3.90e-01	4.79e-01	1.17e-01
 3.23093e+22	4.66e-12	6.21e-08	3.53e-05	1.98e-03	1.39e-02	4.04e-01	4.71e-01	1.09e-01
 3.25274e+22	5.17e-12	6.86e-08	3.88e-05	2.16e-03	1.48e-02	4.14e-01	4.66e-01	1.04e-01
 3.27428e+22	5.84e-12	7.73e-08	4.37e-05	2.41e-03	1.61e-02	4.28e-01	4.57e-01	9.68e-02
 3.29601e+22	6.48e-12	8.54e-08	4.81e-05	2.61e-03	1.71e-02	4.38e-01	4.51e-01	9.19e-02
 3.31799e+22	7.32e-12	9.62e-08	5.42e-05	2.91e-03	1.86e-02	4.51e-01	4.41e-01	8.56e-02
 3.34021e+22	8.13e-12	1.06e-07	5.95e-05	3.16e-03	1.98e-02	4.62e-01	4.34e-01	8.11e-02
 3.36276e+22	9.19e-12	1.20e-07	6.71e-05	3.51e-03	2.15e-02	4.75e-01	4.25e-01	7.53e-02
 3.38559e+22	1.02e-11	1.32e-07	7.38e-05	3.81e-03	2.28e-02	4.85e-01	4.17e-01	7.11e-02
 3.40880e+22	1.16e-11	1.49e-07	8.32e-05	4.24e-03	2.48e-02	4.99e-01	4.06e-01	6.58e-02
 3.43238e+22	1.29e-11	1.65e-07	9.17e-05	4.60e-03	2.63e-02	5.09e-01	3.98e-01	6.20e-02
 3.45644e+22	1.46e-11	1.87e-07	1.04e-04	5.11e-03	2.86e-02	5.22e-01	3.87e-01	5.71e-02
 3.48097e+22	1.63e-11	2.08e-07	1.15e-04	5.56e-03	3.04e-02	5.32e-01	3.78e-01	5.35e-02
 3.50609e+22	1.86e-11	2.36e-07	1.30e-04	6.19e-03	3.30e-02	5.45e-01	3.66e-01	4.91e-02
 3.53172e+22	2.09e-11	2.64e-07	1.44e-04	6.73e-03	3.51e-02	5.55e-01	3.57e-01	4.59e-02
 3.55800e+22	2.38e-11	3.00e-07	1.64e-04	7.50e-03	3.81e-02	5.68e-01	3.45e-01	4.17e-02
 3.58443e+22	2.68e-11	3.35e-07	1.82e-04	8.15e-03	4.05e-02	5.77e-01	3.35e-01	3.89e-02
 3.61103e+22	3.07e-11	3.82e-07	2.08e-04	9.07e-03	4.39e-02	5.89e-01	3.23e-01	3.53e-02
 3.63669e+22	3.43e-11	4.23e-07	2.28e-04	9.76e-03	4.62e-02	5.96e-01	3.14e-01	3.31e-02
 3.66111e+22	3.87e-11	4.76e-07	2.57e-04	1.07e-02	4.97e-02	6.06e-01	3.03e-01	3.02e-02
 3.68628e+22	4.36e-11	5.32e-07	2.84e-04	1.16e-02	5.24e-02	6.13e-01	2.94e-01	2.82e-02
 3.70825e+22	4.80e-11	5.83e-07	3.11e-04	1.25e-02	5.53e-02	6.20e-01	2.85e-01	2.63e-02
 3.72917e+22	5.32e-11	6.42e-07	3.40e-04	1.33e-02	5.80e-02	6.26e-01	2.77e-01	2.46e-02
 3.75290e+22	6.01e-11	7.22e-07	3.81e-04	1.45e-02	6.18e-02	6.34e-01	2.67e-01	2.25e-02
 3.77695e+22	6.62e-11	7.93e-07	4.18e-04	1.56e-02	6.51e-02	6.40e-01	2.58e-01	2.09e-02
 3.79818e+22	7.38e-11	8.76e-07	4.58e-04	1.67e-02	6.82e-02	6.45e-01	2.51e-01	1.95e-02
 3.82254e+22	8.42e-11	9.91e-07	5.14e-04	1.82e-02	7.24e-02	6.50e-01	2.41e-01	1.79e-02
 3.84791e+22	9.43e-11	1.10e-06	5.69e-04	1.96e-02	7.63e-02	6.55e-01	2.32e-01	1.65e-02
 3.87070e+22	1.05e-10	1.22e-06	6.26e-04	2.10e-02	8.01e-02	6.59e-01	2.24e-01	1.53e-02
 3.89642e+22	1.21e-10	1.39e-06	7.08e-04	2.29e-02	8.51e-02	6.64e-01	2.14e-01	1.38e-02
 3.92313e+22	1.37e-10	1.56e-06	7.86e-04	2.47e-02	8.96e-02	6.67e-01	2.05e-01	1.27e-02
 3.94746e+22	1.55e-10	1.75e-06	8.71e-04	2.66e-02	9.41e-02	6.70e-01	1.97e-01	1.17e-02
 3.97538e+22	1.81e-10	2.02e-06	9.94e-04	2.92e-02	1.00e-01	6.72e-01	1.87e-01	1.05e-02
 4.00365e+22	2.04e-10	2.26e-06	1.11e-03	3.14e-02	1.05e-01	6.74e-01	1.79e-01	9.54e-03
 4.02854e+22	2.33e-10	2.55e-06	1.23e-03	3.38e-02	1.10e-01	6.75e-01	1.71e-01	8.74e-03
 4.05704e+22	2.75e-10	2.95e-06	1.40e-03	3.70e-02	1.17e-01	6.75e-01	1.62e-01	7.81e-03
 4.08645e+22	3.16e-10	3.35e-06	1.57e-03	4.00e-02	1.23e-01	6.75e-01	1.54e-01	7.07e-03
 4.11255e+22	3.63e-10	3.79e-06	1.75e-03	4.30e-02	1.29e-01	6.74e-01	1.46e-01	6.44e-03
 4.14200e+22	4.29e-10	4.42e-06	2.01e-03	4.71e-02	1.36e-01	6.72e-01	1.37e-01	5.70e-03
 4.17226e+22	4.97e-10	5.03e-06	2.26e-03	5.08e-02	1.43e-01	6.69e-01	1.30e-01	5.14e-03
 4.19896e+22	5.73e-10	5.71e-06	2.51e-03	5.45e-02	1.49e-01	6.66e-01	1.24e-01	4.66e-03
 4.22905e+22	6.84e-10	6.68e-06	2.89e-03	5.96e-02	1.57e-01	6.61e-01	1.15e-01	4.10e-03
 4.26019e+22	7.97e-10	7.66e-06	3.25e-03	6.43e-02	1.64e-01	6.56e-01	1.09e-01	3.67e-03
 4.29269e+22	9.71e-10	9.10e-06	3.77e-03	7.06e-02	1.74e-01	6.48e-01	1.01e-01	3.19e-03
 4.32270e+22	1.11e-09	1.02e-05	4.16e-03	7.52e-02	1.80e-01	6.42e-01	9.54e-02	2.89e-03
 4.34580e+22	1.26e-09	1.14e-05	4.56e-03	7.96e-02	1.86e-01	6.36e-01	9.09e-02	2.65e-03
 4.37217e+22	1.47e-09	1.31e-05	5.13e-03	8.56e-02	1.93e-01	6.28e-01	8.51e-02	2.35e-03
 4.39990e+22	1.69e-09	1.48e-05	5.68e-03	9.12e-02	2.00e-01	6.21e-01	8.02e-02	2.12e-03
 4.42940e+22	2.04e-09	1.73e-05	6.47e-03	9.87e-02	2.09e-01	6.10e-01	7.43e-02	1.85e-03
 4.45945e+22	2.36e-09	1.97e-05	7.22e-03	1.06e-01	2.16e-01	6.00e-01	6.94e-02	1.65e-03
 4.48549e+22	2.74e-09	2.23e-05	7.99e-03	1.12e-01	2.23e-01	5.90e-01	6.53e-02	1.48e-03
 4.51463e+22	3.27e-09	2.60e-05	9.04e-03	1.21e-01	2.31e-01	5.78e-01	6.03e-02	1.29e-03
 4.54494e+22	3.83e-09	2.98e-05	1.01e-02	1.29e-01	2.38e-01	5.66e-01	5.61e-02	1.14e-03
 4.57233e+22	4.45e-09	3.38e-05	1.12e-02	1.37e-01	2.45e-01	5.54e-01	5.22e-02	1.01e-03
 4.60346e+22	5.42e-09	3.99e-05	1.27e-02	1.47e-01	2.54e-01	5.38e-01	4.76e-02	8.70e-04
 4.63533e+22	6.39e-09	4.58e-05	1.42e-02	1.57e-01	2.61e-01	5.24e-01	4.39e-02	7.61e-04
 4.66354e+22	7.48e-09	5.23e-05	1.58e-02	1.66e-01	2.67e-01	5.09e-01	4.06e-02	6.68e-04
 4.69561e+22	9.16e-09	6.18e-05	1.80e-02	1.79e-01	2.75e-01	4.91e-01	3.67e-02	5.67e-04
 4.72883e+22	1.09e-08	7.15e-05	2.01e-02	1.90e-01	2.81e-01	4.75e-01	3.35e-02	4.89e-04
 4.75858e+22	1.29e-08	8.20e-05	2.23e-02	2.01e-01	2.87e-01	4.59e-01	3.06e-02	4.24e-04
 4.79229e+22	1.59e-08	9.76e-05	2.55e-02	2.15e-01	2.93e-01	4.38e-01	2.73e-02	3.54e-04
 4.82678e+22	1.85e-08	1.13e-04	2.85e-02	2.28e-01	2.98e-01	4.20e-01	2.46e-02	3.01e-04
 4.85717e+22	2.19e-08	1.30e-04	3.15e-02	2.40e-01	3.03e-01	4.03e-01	2.23e-02	2.58e-04
 4.89157e+22	2.72e-08	1.55e-04	3.58e-02	2.56e-01	3.07e-01	3.81e-01	1.97e-02	2.12e-04
 4.92692e+22	3.28e-08	1.80e-04	3.99e-02	2.70e-01	3.10e-01	3.62e-01	1.75e-02	1.78e-04
 4.95823e+22	3.92e-08	2.07e-04	4.41e-02	2.83e-01	3.13e-01	3.44e-01	1.57e-02	1.51e-04
 4.99368e+22	4.91e-08	2.47e-04	5.00e-02	3.00e-01	3.14e-01	3.21e-01	1.36e-02	1.22e-04
 5.03019e+22	5.96e-08	2.88e-04	5.56e-02	3.15e-01	3.15e-01	3.02e-01	1.20e-02	1.01e-04
 5.06273e+22	7.16e-08	3.32e-04	6.13e-02	3.29e-01	3.15e-01	2.84e-01	1.06e-02	8.37e-05
 5.09968e+22	9.07e-08	3.98e-04	6.94e-02	3.46e-01	3.13e-01	2.62e-01	9.01e-03	6.59e-05
 5.13740e+22	1.10e-07	4.63e-04	7.66e-02	3.60e-01	3.11e-01	2.43e-01	7.84e-03	5.37e-05
 5.17611e+22	1.41e-07	5.58e-04	8.66e-02	3.77e-01	3.07e-01	2.21e-01	6.55e-03	4.13e-05
 5.21527e+22	1.72e-07	6.49e-04	9.55e-02	3.91e-01	3.03e-01	2.04e-01	5.62e-03	3.31e-05
 5.24868e+22	2.07e-07	7.46e-04	1.04e-01	4.03e-01	2.98e-01	1.89e-01	4.88e-03	2.70e-05
 5.28577e+22	2.61e-07	8.85e-04	1.16e-01	4.17e-01	2.91e-01	1.71e-01	4.07e-03	2.08e-05
 5.32207e+22	3.11e-07	1.01e-03	1.25e-01	4.27e-01	2.85e-01	1.57e-01	3.52e-03	1.70e-05
 5.35253e+22	3.69e-07	1.15e-03	1.35e-01	4.37e-01	2.79e-01	1.45e-01	3.05e-03	1.39e-05
 5.38730e+22	4.57e-07	1.34e-03	1.48e-01	4.47e-01	2.70e-01	1.31e-01	2.54e-03	1.07e-05
 5.42270e+22	5.47e-07	1.52e-03	1.60e-01	4.55e-01	2.62e-01	1.19e-01	2.17e-03	8.59e-06
 5.45411e+22	6.50e-07	1.73e-03	1.71e-01	4.62e-01	2.54e-01	1.09e-01	1.86e-03	6.91e-06
 5.49014e+22	8.09e-07	2.02e-03	1.87e-01	4.69e-01	2.43e-01	9.67e-02	1.52e-03	5.22e-06
 5.52699e+22	9.73e-07	2.31e-03	2.01e-01	4.74e-01	2.34e-01	8.71e-02	1.28e-03	4.10e-06
 5.55908e+22	1.15e-06	2.61e-03	2.14e-01	4.78e-01	2.25e-01	7.88e-02	1.08e-03	3.25e-06
 5.59498e+22	1.42e-06	3.03e-03	2.32e-01	4.82e-01	2.13e-01	6.94e-02	8.75e-04	2.44e-06
 5.63187e+22	1.70e-06	3.44e-03	2.47e-01	4.83e-01	2.03e-01	6.20e-02	7.28e-04	1.89e-06
 5.66130e+22	1.96e-06	3.80e-03	2.59e-01	4.84e-01	1.96e-01	5.68e-02	6.30e-04	1.55e-06
 5.69084e+22	2.32e-06	4.28e-03	2.75e-01	4.84e-01	1.86e-01	5.07e-02	5.25e-04	1.21e-06
 5.72109e+22	2.67e-06	4.73e-03	2.88e-01	4.83e-01	1.78e-01	4.61e-02	4.49e-04	9.79e-07
 5.74814e+22	3.06e-06	5.20e-03	3.01e-01	4.81e-01	1.70e-01	4.19e-02	3.86e-04	7.95e-07
 5.77915e+22	3.65e-06	5.88e-03	3.19e-01	4.78e-01	1.60e-01	3.70e-02	3.16e-04	6.06e-07
 5.81041e+22	4.20e-06	6.49e-03	3.33e-01	4.74e-01	1.52e-01	3.34e-02	2.68e-04	4.85e-07
 5.83781e+22	4.81e-06	7.13e-03	3.47e-01	4.71e-01	1.45e-01	3.02e-02	2.28e-04	3.91e-07
 5.86287e+22	5.40e-06	7.71e-03	3.59e-01	4.67e-01	1.39e-01	2.77e-02	1.99e-04	3.24e-07
 5.88904e+22	6.20e-06	8.49e-03	3.74e-01	4.62e-01	1.31e-01	2.48e-02	1.68e-04	2.58e-07
 5.92307e+22	7.51e-06	9.68e-03	3.94e-01	4.53e-01	1.21e-01	2.14e-02	1.33e-04	1.88e-07
 5.95610e+22	8.58e-06	1.06e-02	4.09e-01	4.47e-01	1.14e-01	1.92e-02	1.12e-04	1.49e-07
 5.98781e+22	1.02e-05	1.19e-02	4.28e-01	4.38e-01	1.06e-01	1.67e-02	8.96e-05	0.00e+00
 6.02041e+22	1.17e-05	1.31e-02	4.43e-01	4.30e-01	9.92e-02	1.48e-02	7.44e-05	0.00e+00
 6.05415e+22	1.40e-05	1.47e-02	4.63e-01	4.19e-01	9.11e-02	1.27e-02	5.87e-05	0.00e+00
 6.08832e+22	1.61e-05	1.62e-02	4.79e-01	4.09e-01	8.49e-02	1.12e-02	4.83e-05	0.00e+00
 6.12304e+22	1.92e-05	1.82e-02	4.98e-01	3.97e-01	7.74e-02	9.53e-03	3.77e-05	0.00e+00
 6.15846e+22	2.22e-05	2.00e-02	5.14e-01	3.86e-01	7.16e-02	8.33e-03	3.06e-05	0.00e+00
 6.19478e+22	2.67e-05	2.26e-02	5.34e-01	3.72e-01	6.47e-02	7.01e-03	2.35e-05	0.00e+00
 6.23160e+22	3.10e-05	2.49e-02	5.50e-01	3.60e-01	5.94e-02	6.08e-03	1.89e-05	0.00e+00
 6.26907e+22	3.74e-05	2.82e-02	5.69e-01	3.44e-01	5.32e-02	5.07e-03	1.43e-05	0.00e+00
 6.30737e+22	4.36e-05	3.11e-02	5.85e-01	3.31e-01	4.85e-02	4.35e-03	1.13e-05	0.00e+00
 6.33665e+22	4.86e-05	3.34e-02	5.95e-01	3.22e-01	4.53e-02	3.90e-03	9.55e-06	0.00e+00
 6.36458e+22	5.56e-05	3.64e-02	6.08e-01	3.10e-01	4.16e-02	3.40e-03	7.74e-06	0.00e+00
 6.39319e+22	6.22e-05	3.91e-02	6.19e-01	3.01e-01	3.86e-02	3.03e-03	6.49e-06	0.00e+00
 6.42267e+22	7.13e-05	4.27e-02	6.31e-01	2.88e-01	3.53e-02	2.62e-03	5.20e-06	0.00e+00
 6.45272e+22	8.01e-05	4.60e-02	6.41e-01	2.78e-01	3.26e-02	2.31e-03	4.31e-06	0.00e+00
 6.47935e+22	8.98e-05	4.94e-02	6.50e-01	2.68e-01	3.01e-02	2.05e-03	3.58e-06	0.00e+00
 6.50981e+22	1.03e-04	5.40e-02	6.61e-01	2.56e-01	2.73e-02	1.75e-03	2.83e-06	0.00e+00
 6.54084e+22	1.16e-04	5.81e-02	6.70e-01	2.45e-01	2.50e-02	1.54e-03	2.32e-06	0.00e+00
 6.56840e+22	1.30e-04	6.24e-02	6.78e-01	2.35e-01	2.30e-02	1.35e-03	1.91e-06	0.00e+00
 6.60002e+22	1.50e-04	6.82e-02	6.87e-01	2.23e-01	2.07e-02	1.15e-03	1.49e-06	0.00e+00
 6.62981e+22	1.66e-04	7.24e-02	6.93e-01	2.15e-01	1.91e-02	1.02e-03	1.25e-06	0.00e+00
 6.64921e+22	1.76e-04	7.52e-02	6.96e-01	2.09e-01	1.82e-02	9.50e-04	1.12e-06	0.00e+00
 6.66646e+22	1.90e-04	7.88e-02	7.00e-01	2.03e-01	1.72e-02	8.69e-04	9.80e-07	0.00e+00
 6.68888e+22	2.09e-04	8.37e-02	7.05e-01	1.95e-01	1.59e-02	7.73e-04	8.22e-07	0.00e+00
 6.71802e+22	2.40e-04	9.10e-02	7.10e-01	1.84e-01	1.42e-02	6.56e-04	6.43e-07	0.00e+00
 6.74322e+22	2.56e-04	9.44e-02	7.13e-01	1.78e-01	1.34e-02	6.05e-04	5.69e-07	0.00e+00
 6.76328e+22	2.80e-04	9.98e-02	7.16e-01	1.71e-01	1.25e-02	5.41e-04	4.82e-07	0.00e+00
 6.78935e+22	3.13e-04	1.07e-01	7.19e-01	1.62e-01	1.13e-02	4.71e-04	3.90e-07	0.00e+00
 6.82325e+22	3.63e-04	1.17e-01	7.22e-01	1.51e-01	9.96e-03	3.89e-04	2.94e-07	0.00e+00
 6.85524e+22	4.00e-04	1.23e-01	7.23e-01	1.44e-01	9.12e-03	3.43e-04	2.43e-07	0.00e+00
 6.88475e+22	4.53e-04	1.33e-01	7.24e-01	1.34e-01	8.15e-03	2.91e-04	1.91e-07	0.00e+00
 6.92312e+22	5.33e-04	1.47e-01	7.23e-01	1.23e-01	7.01e-03	2.34e-04	1.38e-07	0.00e+00
 6.96165e+22	6.02e-04	1.57e-01	7.21e-01	1.15e-01	6.23e-03	1.97e-04	0.00e+00	0.00e+00
 7.00042e+22	7.06e-04	1.72e-01	7.17e-01	1.04e-01	5.34e-03	1.58e-04	0.00e+00	0.00e+00
 7.04015e+22	8.03e-04	1.85e-01	7.13e-01	9.61e-02	4.69e-03	1.31e-04	0.00e+00	0.00e+00
 7.08115e+22	9.50e-04	2.04e-01	7.05e-01	8.61e-02	3.96e-03	1.03e-04	0.00e+00	0.00e+00
 7.12242e+22	1.08e-03	2.18e-01	6.98e-01	7.90e-02	3.46e-03	8.50e-05	0.00e+00	0.00e+00
 7.16405e+22	1.27e-03	2.40e-01	6.86e-01	7.02e-02	2.91e-03	6.61e-05	0.00e+00	0.00e+00
 7.20663e+22	1.45e-03	2.57e-01	6.75e-01	6.35e-02	2.51e-03	5.35e-05	0.00e+00	0.00e+00
 7.25046e+22	1.73e-03	2.83e-01	6.57e-01	5.53e-02	2.07e-03	4.04e-05	0.00e+00	0.00e+00
 7.29465e+22	1.98e-03	3.04e-01	6.43e-01	4.95e-02	1.77e-03	3.24e-05	0.00e+00	0.00e+00
 7.33931e+22	2.37e-03	3.34e-01	6.20e-01	4.23e-02	1.44e-03	2.39e-05	0.00e+00	0.00e+00
 7.38479e+22	2.74e-03	3.59e-01	6.00e-01	3.72e-02	1.21e-03	1.86e-05	0.00e+00	0.00e+00
 7.42031e+22	3.05e-03	3.78e-01	5.85e-01	3.36e-02	1.07e-03	1.54e-05	0.00e+00	0.00e+00
 7.45544e+22	3.53e-03	4.07e-01	5.60e-01	2.90e-02	8.89e-04	1.18e-05	0.00e+00	0.00e+00
 7.49042e+22	3.93e-03	4.28e-01	5.42e-01	2.59e-02	7.76e-04	9.64e-06	0.00e+00	0.00e+00
 7.52523e+22	4.55e-03	4.59e-01	5.14e-01	2.21e-02	6.41e-04	7.25e-06	0.00e+00	0.00e+00
 7.56050e+22	5.12e-03	4.84e-01	4.91e-01	1.93e-02	5.48e-04	5.73e-06	0.00e+00	0.00e+00
 7.59639e+22	5.95e-03	5.19e-01	4.58e-01	1.60e-02	4.43e-04	4.17e-06	0.00e+00	0.00e+00
 7.63273e+22	6.77e-03	5.48e-01	4.31e-01	1.36e-02	3.70e-04	3.17e-06	0.00e+00	0.00e+00
 7.66435e+22	7.65e-03	5.77e-01	4.03e-01	1.15e-02	3.08e-04	2.40e-06	0.00e+00	0.00e+00
 7.70013e+22	8.93e-03	6.15e-01	3.67e-01	9.16e-03	2.41e-04	1.65e-06	0.00e+00	0.00e+00
 7.73703e+22	1.03e-02	6.48e-01	3.34e-01	7.37e-03	1.92e-04	1.17e-06	0.00e+00	0.00e+00
 7.76947e+22	1.17e-02	6.80e-01	3.03e-01	5.92e-03	1.53e-04	8.25e-07	0.00e+00	0.00e+00
 7.80576e+22	1.38e-02	7.18e-01	2.63e-01	4.40e-03	1.12e-04	5.18e-07	0.00e+00	0.00e+00
 7.84412e+22	1.62e-02	7.54e-01	2.27e-01	3.24e-03	8.21e-05	3.22e-07	0.00e+00	0.00e+00
 7.87685e+22	1.86e-02	7.82e-01	1.97e-01	2.44e-03	6.16e-05	2.08e-07	0.00e+00	0.00e+00
 7.90475e+22	2.11e-02	8.06e-01	1.71e-01	1.86e-03	4.68e-05	1.38e-07	0.00e+00	0.00e+00
 7.93058e+22	2.38e-02	8.27e-01	1.48e-01	1.41e-03	3.53e-05	0.00e+00	0.00e+00	0.00e+00
 7.96005e+22	2.77e-02	8.50e-01	1.21e-01	9.86e-04	2.42e-05	0.00e+00	0.00e+00	0.00e+00
 7.98190e+22	3.01e-02	8.62e-01	1.07e-01	8.00e-04	1.95e-05	0.00e+00	0.00e+00	0.00e+00
 7.98979e+22	3.13e-02	8.66e-01	1.02e-01	7.30e-04	1.77e-05	0.00e+00	0.00e+00	0.00e+00
 7.99517e+22	3.21e-02	8.69e-01	9.80e-02	6.83e-04	1.65e-05	0.00e+00	0.00e+00	0.00e+00
 8.00133e+22	3.32e-02	8.73e-01	9.32e-02	6.26e-04	1.50e-05	0.00e+00	0.00e+00	0.00e+00
 8.00879e+22	3.46e-02	8.77e-01	8.77e-02	5.65e-04	1.35e-05	0.00e+00	0.00e+00	0.00e+00
 8.01671e+22	3.62e-02	8.81e-01	8.21e-02	5.07e-04	1.20e-05	0.00e+00	0.00e+00	0.00e+00
 8.02413e+22	3.76e-02	8.85e-01	7.72e-02	4.59e-04	1.07e-05	0.00e+00	0.00e+00	0.00e+00
 8.03115e+22	3.91e-02	8.88e-01	7.27e-02	4.15e-04	9.60e-06	0.00e+00	0.00e+00	0.00e+00
 8.03819e+22	4.08e-02	8.91e-01	6.82e-02	3.75e-04	8.57e-06	0.00e+00	0.00e+00	0.00e+00
 8.04515e+22	4.25e-02	8.93e-01	6.39e-02	3.39e-04	7.64e-06	0.00e+00	0.00e+00	0.00e+00
 8.05188e+22	4.41e-02	8.95e-01	6.01e-02	3.08e-04	6.84e-06	0.00e+00	0.00e+00	0.00e+00
 8.05862e+22	4.61e-02	8.97e-01	5.62e-02	2.78e-04	6.07e-06	0.00e+00	0.00e+00	0.00e+00
 8.06521e+22	4.79e-02	8.99e-01	5.27e-02	2.52e-04	5.42e-06	0.00e+00	0.00e+00	0.00e+00
 8.07151e+22	4.99e-02	9.00e-01	4.94e-02	2.29e-04	4.84e-06	0.00e+00	0.00e+00	0.00e+00
 8.07780e+22	5.19e-02	9.02e-01	4.63e-02	2.08e-04	4.32e-06	0.00e+00	0.00e+00	0.00e+00
 8.08419e+22	5.41e-02	9.02e-01	4.32e-02	1.88e-04	3.83e-06	0.00e+00	0.00e+00	0.00e+00
 8.09056e+22	5.64e-02	9.03e-01	4.04e-02	1.71e-04	3.40e-06	0.00e+00	0.00e+00	0.00e+00
 8.09674e+22	5.90e-02	9.03e-01	3.76e-02	1.55e-04	3.00e-06	0.00e+00	0.00e+00	0.00e+00
 8.10262e+22	6.12e-02	9.03e-01	3.52e-02	1.42e-04	2.69e-06	0.00e+00	0.00e+00	0.00e+00
 8.10849e+22	6.39e-02	9.03e-01	3.28e-02	1.29e-04	2.38e-06	0.00e+00	0.00e+00	0.00e+00
 8.11448e+22	6.66e-02	9.03e-01	3.06e-02	1.18e-04	2.11e-06	0.00e+00	0.00e+00	0.00e+00
 8.12034e+22	6.97e-02	9.02e-01	2.85e-02	1.07e-04	1.86e-06	0.00e+00	0.00e+00	0.00e+00
 8.12606e+22	7.26e-02	9.01e-01	2.66e-02	9.85e-05	1.66e-06	0.00e+00	0.00e+00	0.00e+00
 8.13168e+22	7.61e-02	8.99e-01	2.47e-02	9.00e-05	1.46e-06	0.00e+00	0.00e+00	0.00e+00
 8.13711e+22	7.91e-02	8.98e-01	2.31e-02	8.30e-05	1.31e-06	0.00e+00	0.00e+00	0.00e+00
 8.14262e+22	8.28e-02	8.96e-01	2.14e-02	7.61e-05	1.15e-06	0.00e+00	0.00e+00	0.00e+00
 8.14830e+22	8.68e-02	8.93e-01	1.98e-02	6.97e-05	1.01e-06	0.00e+00	0.00e+00	0.00e+00
 8.15358e+22	9.06e-02	8.91e-01	1.85e-02	6.44e-05	9.03e-07	0.00e+00	0.00e+00	0.00e+00
 8.15873e+22	9.43e-02	8.88e-01	1.73e-02	5.98e-05	8.07e-07	0.00e+00	0.00e+00	0.00e+00
 8.16439e+22	9.91e-02	8.85e-01	1.59e-02	5.48e-05	7.05e-07	0.00e+00	0.00e+00	0.00e+00
 8.17012e+22	1.04e-01	8.81e-01	1.46e-02	5.04e-05	6.17e-07	0.00e+00	0.00e+00	0.00e+00
 8.17522e+22	1.09e-01	8.77e-01	1.36e-02	4.68e-05	5.49e-07	0.00e+00	0.00e+00	0.00e+00
 8.18016e+22	1.13e-01	8.74e-01	1.27e-02	4.37e-05	4.92e-07	0.00e+00	0.00e+00	0.00e+00
 8.18578e+22	1.19e-01	8.69e-01	1.17e-02	4.03e-05	4.29e-07	0.00e+00	0.00e+00	0.00e+00
 8.19163e+22	1.26e-01	8.63e-01	1.07e-02	3.71e-05	3.73e-07	0.00e+00	0.00e+00	0.00e+00
 8.19686e+22	1.32e-01	8.58e-01	9.90e-03	3.46e-05	3.31e-07	0.00e+00	0.00e+00	0.00e+00
 8.20186e+22	1.38e-01	8.53e-01	9.18e-03	3.24e-05	2.94e-07	0.00e+00	0.00e+00	0.00e+00
 8.20721e+22	1.45e-01	8.46e-01	8.42e-03	3.01e-05	2.57e-07	0.00e+00	0.00e+00	0.00e+00
 8.21260e+22	1.52e-01	8.40e-01	7.77e-03	2.81e-05	2.27e-07	0.00e+00	0.00e+00	0.00e+00
 8.21800e+22	1.60e-01	8.33e-01	7.12e-03	2.62e-05	1.99e-07	0.00e+00	0.00e+00	0.00e+00
 8.22347e+22	1.69e-01	8.25e-01	6.52e-03	2.44e-05	1.75e-07	0.00e+00	0.00e+00	0.00e+00
 8.22871e+22	1.77e-01	8.17e-01	6.00e-03	2.29e-05	1.54e-07	0.00e+00	0.00e+00	0.00e+00
 8.23399e+22	1.85e-01	8.09e-01	5.51e-03	2.15e-05	1.36e-07	0.00e+00	0.00e+00	0.00e+00
 8.23962e+22	1.95e-01	7.99e-01	5.02e-03	2.01e-05	0.00e+00	0.00e+00	0.00e+00	0.00e+00
 8.24535e+22	2.06e-01	7.89e-01	4.57e-03	1.87e-05	0.00e+00	0.00e+00	0.00e+00	0.00e+00
 8.25084e+22	2.16e-01	7.79e-01	4.17e-03	1.76e-05	0.00e+00	0.00e+00	0.00e+00	0.00e+00
 8.25636e+22	2.27e-01	7.69e-01	3.81e-03	1.65e-05	0.00e+00	0.00e+00	0.00e+00	0.00e+00
 8.26215e+22	2.39e-01	7.57e-01	3.45e-03	1.55e-05	0.00e+00	0.00e+00	0.00e+00	0.00e+00
 8.26814e+22	2.52e-01	7.45e-01	3.12e-03	1.46e-05	0.00e+00	0.00e+00	0.00e+00	0.00e+00
 8.27424e+22	2.65e-01	7.32e-01	2.82e-03	1.36e-05	0.00e+00	0.00e+00	0.00e+00	0.00e+00
 8.28035e+22	2.79e-01	7.19e-01	2.54e-03	1.28e-05	0.00e+00	0.00e+00	0.00e+00	0.00e+00
 8.28650e+22	2.93e-01	7.05e-01	2.29e-03	1.20e-05	0.00e+00	0.00e+00	0.00e+00	0.00e+00
 8.29224e+22	3.06e-01	6.92e-01	2.08e-03	1.14e-05	0.00e+00	0.00e+00	0.00e+00	0.00e+00
 8.29726e+22	3.18e-01	6.80e-01	1.91e-03	1.09e-05	0.00e+00	0.00e+00	0.00e+00	0.00e+00
 8.30225e+22	3.30e-01	6.68e-01	1.76e-03	1.03e-05	0.00e+00	0.00e+00	0.00e+00	0.00e+00
 8.30762e+22	3.43e-01	6.55e-01	1.60e-03	9.84e-06	0.00e+00	0.00e+00	0.00e+00	0.00e+00
 8.31327e+22	3.57e-01	6.41e-01	1.45e-03	9.33e-06	0.00e+00	0.00e+00	0.00e+00	0.00e+00
 8.31885e+22	3.71e-01	6.28e-01	1.33e-03	8.88e-06	0.00e+00	0.00e+00	0.00e+00	0.00e+00
 8.32448e+22	3.85e-01	6.14e-01	1.20e-03	8.44e-06	0.00e+00	0.00e+00	0.00e+00	0.00e+00
 8.33031e+22	4.00e-01	5.99e-01	1.09e-03	8.01e-06	0.00e+00	0.00e+00	0.00e+00	0.00e+00
 8.33611e+22	4.14e-01	5.85e-01	9.88e-04	7.62e-06	0.00e+00	0.00e+00	0.00e+00	0.00e+00
 8.34195e+22	4.29e-01	5.70e-01	8.95e-04	7.25e-06	0.00e+00	0.00e+00	0.00e+00	0.00e+00
 8.34810e+22	4.44e-01	5.55e-01	8.07e-04	6.87e-06	0.00e+00	0.00e+00	0.00e+00	0.00e+00
 8.35442e+22	4.60e-01	5.39e-01	7.25e-04	6.51e-06	0.00e+00	0.00e+00	0.00e+00	0.00e+00
 8.36067e+22	4.76e-01	5.23e-01	6.54e-04	6.19e-06	0.00e+00	0.00e+00	0.00e+00	0.00e+00
 8.36698e+22	4.91e-01	5.08e-01	5.89e-04	5.87e-06	0.00e+00	0.00e+00	0.00e+00	0.00e+00
 8.37355e+22	5.07e-01	4.92e-01	5.28e-04	5.56e-06	0.00e+00	0.00e+00	0.00e+00	0.00e+00
 8.38035e+22	5.24e-01	4.76e-01	4.73e-04	5.26e-06	0.00e+00	0.00e+00	0.00e+00	0.00e+00
 8.38719e+22	5.40e-01	4.60e-01	4.23e-04	4.99e-06	0.00e+00	0.00e+00	0.00e+00	0.00e+00
 8.39406e+22	5.56e-01	4.44e-01	3.80e-04	4.72e-06	0.00e+00	0.00e+00	0.00e+00	0.00e+00
 8.40117e+22	5.72e-01	4.28e-01	3.39e-04	4.46e-06	0.00e+00	0.00e+00	0.00e+00	0.00e+00
 8.40852e+22	5.88e-01	4.11e-01	3.03e-04	4.22e-06	0.00e+00	0.00e+00	0.00e+00	0.00e+00
 8.41598e+22	6.04e-01	3.95e-01	2.70e-04	3.98e-06	0.00e+00	0.00e+00	0.00e+00	0.00e+00
 8.42355e+22	6.20e-01	3.80e-01	2.42e-04	3.76e-06	0.00e+00	0.00e+00	0.00e+00	0.00e+00
 8.43132e+22	6.36e-01	3.64e-01	2.16e-04	3.55e-06	0.00e+00	0.00e+00	0.00e+00	0.00e+00
 8.43936e+22	6.51e-01	3.48e-01	1.93e-04	3.34e-06	0.00e+00	0.00e+00	0.00e+00	0.00e+00
 8.44762e+22	6.67e-01	3.33e-01	1.72e-04	3.15e-06	0.00e+00	0.00e+00	0.00e+00	0.00e+00
 8.45607e+22	6.82e-01	3.18e-01	1.54e-04	2.97e-06	0.00e+00	0.00e+00	0.00e+00	0.00e+00
 8.46476e+22	6.97e-01	3.03e-01	1.38e-04	2.79e-06	0.00e+00	0.00e+00	0.00e+00	0.00e+00
 8.47370e+22	7.11e-01	2.89e-01	1.24e-04	2.63e-06	0.00e+00	0.00e+00	0.00e+00	0.00e+00
 8.48278e+22	7.25e-01	2.75e-01	1.11e-04	2.47e-06	0.00e+00	0.00e+00	0.00e+00	0.00e+00
 8.49201e+22	7.38e-01	2.62e-01	1.00e-04	2.33e-06	0.00e+00	0.00e+00	0.00e+00	0.00e+00
 8.50140e+22	7.50e-01	2.50e-01	9.10e-05	2.20e-06	0.00e+00	0.00e+00	0.00e+00	0.00e+00
 8.51099e+22	7.63e-01	2.37e-01	8.26e-05	2.07e-06	0.00e+00	0.00e+00	0.00e+00	0.00e+00
 8.52101e+22	7.75e-01	2.25e-01	7.51e-05	1.95e-06	0.00e+00	0.00e+00	0.00e+00	0.00e+00
 8.53144e+22	7.87e-01	2.13e-01	6.85e-05	1.84e-06	0.00e+00	0.00e+00	0.00e+00	0.00e+00
 8.54187e+22	7.97e-01	2.03e-01	6.29e-05	1.74e-06	0.00e+00	0.00e+00	0.00e+00	0.00e+00
 8.55231e+22	8.08e-01	1.92e-01	5.80e-05	1.64e-06	0.00e+00	0.00e+00	0.00e+00	0.00e+00
 8.56331e+22	8.18e-01	1.82e-01	5.35e-05	1.55e-06	0.00e+00	0.00e+00	0.00e+00	0.00e+00
 8.57494e+22	8.28e-01	1.72e-01	4.94e-05	1.46e-06	0.00e+00	0.00e+00	0.00e+00	0.00e+00
 8.58682e+22	8.38e-01	1.62e-01	4.58e-05	1.38e-06	0.00e+00	0.00e+00	0.00e+00	0.00e+00
 8.59891e+22	8.47e-01	1.53e-01	4.26e-05	1.30e-06	0.00e+00	0.00e+00	0.00e+00	0.00e+00
 8.61145e+22	8.56e-01	1.44e-01	3.98e-05	1.23e-06	0.00e+00	0.00e+00	0.00e+00	0.00e+00
 8.62436e+22	8.65e-01	1.35e-01	3.72e-05	1.16e-06	0.00e+00	0.00e+00	0.00e+00	0.00e+00
 8.63693e+22	8.73e-01	1.27e-01	3.50e-05	1.10e-06	0.00e+00	0.00e+00	0.00e+00	0.00e+00
 8.64883e+22	8.80e-01	1.20e-01	3.32e-05	1.04e-06	0.00e+00	0.00e+00	0.00e+00	0.00e+00
 8.66027e+22	8.87e-01	1.13e-01	3.16e-05	9.95e-07	0.00e+00	0.00e+00	0.00e+00	0.00e+00
 8.67132e+22	8.93e-01	1.07e-01	3.02e-05	9.51e-07	0.00e+00	0.00e+00	0.00e+00	0.00e+00
 8.68199e+22	8.98e-01	1.02e-01	2.89e-05	9.10e-07	0.00e+00	0.00e+00	0.00e+00	0.00e+00
 8.69229e+22	9.03e-01	9.65e-02	2.78e-05	8.72e-07	0.00e+00	0.00e+00	0.00e+00	0.00e+00
 8.70214e+22	9.08e-01	9.18e-02	2.69e-05	8.38e-07	0.00e+00	0.00e+00	0.00e+00	0.00e+00
 8.71147e+22	9.13e-01	8.74e-02	2.60e-05	8.08e-07	0.00e+00	0.00e+00	0.00e+00	0.00e+00
 8.72039e+22	9.17e-01	8.33e-02	2.52e-05	7.80e-07	0.00e+00	0.00e+00	0.00e+00	0.00e+00
 8.72876e+22	9.20e-01	7.97e-02	2.45e-05	7.55e-07	0.00e+00	0.00e+00	0.00e+00	0.00e+00
 8.73687e+22	9.24e-01	7.62e-02	2.39e-05	7.32e-07	0.00e+00	0.00e+00	0.00e+00	0.00e+00
 8.74495e+22	9.27e-01	7.29e-02	2.33e-05	7.09e-07	0.00e+00	0.00e+00	0.00e+00	0.00e+00
 8.75276e+22	9.30e-01	6.99e-02	2.27e-05	6.89e-07	0.00e+00	0.00e+00	0.00e+00	0.00e+00
 8.76027e+22	9.33e-01	6.70e-02	2.23e-05	6.70e-07	0.00e+00	0.00e+00	0.00e+00	0.00e+00
 8.76749e+22	9.36e-01	6.44e-02	2.18e-05	6.54e-07	0.00e+00	0.00e+00	0.00e+00	0.00e+00
 8.77446e+22	9.38e-01	6.20e-02	2.14e-05	6.38e-07	0.00e+00	0.00e+00	0.00e+00	0.00e+00
 8.78121e+22	9.40e-01	5.98e-02	2.10e-05	6.25e-07	0.00e+00	0.00e+00	0.00e+00	0.00e+00
 8.78771e+22	9.42e-01	5.77e-02	2.06e-05	6.12e-07	0.00e+00	0.00e+00	0.00e+00	0.00e+00
 8.79399e+22	9.44e-01	5.58e-02	2.03e-05	6.01e-07	0.00e+00	0.00e+00	0.00e+00	0.00e+00
 8.80004e+22	9.46e-01	5.41e-02	2.00e-05	5.92e-07	0.00e+00	0.00e+00	0.00e+00	0.00e+00
 8.80588e+22	9.47e-01	5.25e-02	1.97e-05	5.83e-07	0.00e+00	0.00e+00	0.00e+00	0.00e+00
 8.81152e+22	9.49e-01	5.10e-02	1.95e-05	5.76e-07	0.00e+00	0.00e+00	0.00e+00	0.00e+00
 8.81696e+22	9.50e-01	4.96e-02	1.92e-05	5.70e-07	0.00e+00	0.00e+00	0.00e+00	0.00e+00
 8.82207e+22	9.52e-01	4.85e-02	1.90e-05	5.66e-07	0.00e+00	0.00e+00	0.00e+00	0.00e+00
 8.82672e+22	9.53e-01	4.75e-02	1.88e-05	5.63e-07	0.00e+00	0.00e+00	0.00e+00	0.00e+00
 8.83095e+22	9.53e-01	4.66e-02	1.87e-05	5.61e-07	0.00e+00	0.00e+00	0.00e+00	0.00e+00
 8.83479e+22	9.54e-01	4.59e-02	1.85e-05	5.59e-07	0.00e+00	0.00e+00	0.00e+00	0.00e+00
 8.83829e+22	9.55e-01	4.52e-02	1.84e-05	5.59e-07	0.00e+00	0.00e+00	0.00e+00	0.00e+00
 8.84148e+22	9.55e-01	4.47e-02	1.83e-05	5.59e-07	0.00e+00	0.00e+00	0.00e+00	0.00e+00
 8.84438e+22	9.56e-01	4.42e-02	1.82e-05	5.59e-07	0.00e+00	0.00e+00	0.00e+00	0.00e+00
 8.84756e+22	9.56e-01	4.36e-02	1.81e-05	5.60e-07	0.00e+00	0.00e+00	0.00e+00	0.00e+00
 8.85099e+22	9.57e-01	4.31e-02	1.79e-05	5.59e-07	0.00e+00	0.00e+00	0.00e+00	0.00e+00
 8.85411e+22	9.57e-01	4.26e-02	1.78e-05	5.60e-07	0.00e+00	0.00e+00	0.00e+00	0.00e+00
 8.85695e+22	9.58e-01	4.22e-02	1.78e-05	5.63e-07	0.00e+00	0.00e+00	0.00e+00	0.00e+00
 8.85953e+22	9.58e-01	4.19e-02	1.77e-05	5.64e-07	0.00e+00	0.00e+00	0.00e+00	0.00e+00
 8.86237e+22	9.58e-01	4.15e-02	1.76e-05	5.64e-07	0.00e+00	0.00e+00	0.00e+00	0.00e+00
 8.86605e+22	9.59e-01	4.10e-02	1.74e-05	5.66e-07	0.00e+00	0.00e+00	0.00e+00	0.00e+00
 8.87002e+22	9.60e-01	4.05e-02	1.73e-05	5.66e-07	0.00e+00	0.00e+00	0.00e+00	0.00e+00
 8.87364e+22	9.60e-01	4.01e-02	1.72e-05	5.68e-07	0.00e+00	0.00e+00	0.00e+00	0.00e+00
 8.87693e+22	9.60e-01	3.98e-02	1.71e-05	5.72e-07	0.00e+00	0.00e+00	0.00e+00	0.00e+00
 8.87993e+22	9.60e-01	3.95e-02	1.71e-05	5.72e-07	0.00e+00	0.00e+00	0.00e+00	0.00e+00
 8.88321e+22	9.61e-01	3.91e-02	1.69e-05	5.72e-07	0.00e+00	0.00e+00	0.00e+00	0.00e+00
 8.88748e+22	9.61e-01	3.87e-02	1.68e-05	5.73e-07	0.00e+00	0.00e+00	0.00e+00	0.00e+00
 8.89209e+22	9.62e-01	3.82e-02	1.67e-05	5.73e-07	0.00e+00	0.00e+00	0.00e+00	0.00e+00
 8.89628e+22	9.62e-01	3.78e-02	1.66e-05	5.75e-07	0.00e+00	0.00e+00	0.00e+00	0.00e+00
 8.90009e+22	9.62e-01	3.76e-02	1.65e-05	5.77e-07	0.00e+00	0.00e+00	0.00e+00	0.00e+00
 8.90357e+22	9.63e-01	3.73e-02	1.64e-05	5.80e-07	0.00e+00	0.00e+00	0.00e+00	0.00e+00
 8.90672e+22	9.63e-01	3.71e-02	1.63e-05	5.82e-07	0.00e+00	0.00e+00	0.00e+00	0.00e+00
 8.91019e+22	9.63e-01	3.69e-02	1.62e-05	5.86e-07	0.00e+00	0.00e+00	0.00e+00	0.00e+00
 8.91392e+22	9.63e-01	3.66e-02	1.61e-05	5.88e-07	0.00e+00	0.00e+00	0.00e+00	0.00e+00
 8.91732e+22	9.64e-01	3.64e-02	1.60e-05	5.89e-07	0.00e+00	0.00e+00	0.00e+00	0.00e+00
 8.92105e+22	9.64e-01	3.61e-02	1.59e-05	5.93e-07	0.00e+00	0.00e+00	0.00e+00	0.00e+00
 8.92507e+22	9.64e-01	3.58e-02	1.59e-05	5.97e-07	0.00e+00	0.00e+00	0.00e+00	0.00e+00
 8.92874e+22	9.64e-01	3.56e-02	1.59e-05	5.99e-07	0.00e+00	0.00e+00	0.00e+00	0.00e+00
 8.93207e+22	9.65e-01	3.54e-02	1.58e-05	6.03e-07	0.00e+00	0.00e+00	0.00e+00	0.00e+00
 8.93510e+22	9.65e-01	3.53e-02	1.58e-05	6.07e-07	0.00e+00	0.00e+00	0.00e+00	0.00e+00
 8.93786e+22	9.65e-01	3.52e-02	1.58e-05	6.14e-07	0.00e+00	0.00e+00	0.00e+00	0.00e+00
 8.94037e+22	9.65e-01	3.51e-02	1.57e-05	6.15e-07	0.00e+00	0.00e+00	0.00e+00	0.00e+00
 8.94312e+22	9.65e-01	3.49e-02	1.57e-05	6.17e-07	0.00e+00	0.00e+00	0.00e+00	0.00e+00
 8.94670e+22	9.65e-01	3.46e-02	1.57e-05	6.21e-07	0.00e+00	0.00e+00	0.00e+00	0.00e+00
 8.95056e+22	9.66e-01	3.43e-02	1.56e-05	6.22e-07	0.00e+00	0.00e+00	0.00e+00	0.00e+00
 8.95407e+22	9.66e-01	3.42e-02	1.56e-05	6.26e-07	0.00e+00	0.00e+00	0.00e+00	0.00e+00
 8.95727e+22	9.66e-01	3.40e-02	1.55e-05	6.32e-07	0.00e+00	0.00e+00	0.00e+00	0.00e+00
 8.96018e+22	9.66e-01	3.39e-02	1.55e-05	6.33e-07	0.00e+00	0.00e+00	0.00e+00	0.00e+00
 8.96337e+22	9.66e-01	3.37e-02	1.55e-05	6.35e-07	0.00e+00	0.00e+00	0.00e+00	0.00e+00
 8.96681e+22	9.66e-01	3.35e-02	1.54e-05	6.39e-07	0.00e+00	0.00e+00	0.00e+00	0.00e+00
 8.96994e+22	9.67e-01	3.33e-02	1.54e-05	6.41e-07	0.00e+00	0.00e+00	0.00e+00	0.00e+00
 8.97337e+22	9.67e-01	3.31e-02	1.53e-05	6.44e-07	0.00e+00	0.00e+00	0.00e+00	0.00e+00
 8.97708e+22	9.67e-01	3.29e-02	1.53e-05	6.46e-07	0.00e+00	0.00e+00	0.00e+00	0.00e+00
 8.98045e+22	9.67e-01	3.27e-02	1.53e-05	6.47e-07	0.00e+00	0.00e+00	0.00e+00	0.00e+00
 8.98415e+22	9.67e-01	3.25e-02	1.52e-05	6.49e-07	0.00e+00	0.00e+00	0.00e+00	0.00e+00
 8.98814e+22	9.68e-01	3.22e-02	1.52e-05	6.49e-07	0.00e+00	0.00e+00	0.00e+00	0.00e+00
 8.99177e+22	9.68e-01	3.21e-02	1.51e-05	6.52e-07	0.00e+00	0.00e+00	0.00e+00	0.00e+00
 8.99507e+22	9.68e-01	3.19e-02	1.51e-05	6.51e-07	0.00e+00	0.00e+00	0.00e+00	0.00e+00
 8.99869e+22	9.68e-01	3.16e-02	1.50e-05	6.51e-07	0.00e+00	0.00e+00	0.00e+00	0.00e+00
 9.00260e+22	9.69e-01	3.14e-02	1.50e-05	6.51e-07	0.00e+00	0.00e+00	0.00e+00	0.00e+00
 9.00615e+22	9.69e-01	3.12e-02	1.49e-05	6.54e-07	0.00e+00	0.00e+00	0.00e+00	0.00e+00
 9.00939e+22	9.69e-01	3.11e-02	1.49e-05	6.53e-07	0.00e+00	0.00e+00	0.00e+00	0.00e+00
 9.01294e+22	9.69e-01	3.08e-02	1.48e-05	6.53e-07	0.00e+00	0.00e+00	0.00e+00	0.00e+00
 9.01677e+22	9.69e-01	3.06e-02	1.48e-05	6.53e-07	0.00e+00	0.00e+00	0.00e+00	0.00e+00
 9.02025e+22	9.70e-01	3.04e-02	1.47e-05	6.52e-07	0.00e+00	0.00e+00	0.00e+00	0.00e+00
 9.02407e+22	9.70e-01	3.02e-02	1.47e-05	6.53e-07	0.00e+00	0.00e+00	0.00e+00	0.00e+00
 9.02819e+22	9.70e-01	2.99e-02	1.46e-05	6.52e-07	0.00e+00	0.00e+00	0.00e+00	0.00e+00
 9.03194e+22	9.70e-01	2.98e-02	1.46e-05	6.54e-07	0.00e+00	0.00e+00	0.00e+00	0.00e+00
 9.03535e+22	9.70e-01	2.96e-02	1.45e-05	6.52e-07	0.00e+00	0.00e+00	0.00e+00	0.00e+00
 9.03909e+22	9.71e-01	2.93e-02	1.45e-05	6.51e-07	0.00e+00	0.00e+00	0.00e+00	0.00e+00
 9.04313e+22	9.71e-01	2.91e-02	1.44e-05	6.52e-07	0.00e+00	0.00e+00	0.00e+00	0.00e+00
 9.04680e+22	9.71e-01	2.89e-02	1.44e-05	6.49e-07	0.00e+00	0.00e+00	0.00e+00	0.00e+00
 9.05083e+22	9.71e-01	2.87e-02	1.43e-05	6.49e-07	0.00e+00	0.00e+00	0.00e+00	0.00e+00
 9.05518e+22	9.72e-01	2.84e-02	1.42e-05	6.47e-07	0.00e+00	0.00e+00	0.00e+00	0.00e+00
 9.05913e+22	9.72e-01	2.82e-02	1.42e-05	6.45e-07	0.00e+00	0.00e+00	0.00e+00	0.00e+00
 9.06347e+22	9.72e-01	2.79e-02	1.41e-05	6.44e-07	0.00e+00	0.00e+00	0.00e+00	0.00e+00
 9.06814e+22	9.72e-01	2.77e-02	1.41e-05	6.44e-07	0.00e+00	0.00e+00	0.00e+00	0.00e+00
 9.07240e+22	9.73e-01	2.75e-02	1.40e-05	6.40e-07	0.00e+00	0.00e+00	0.00e+00	0.00e+00
 9.07707e+22	9.73e-01	2.72e-02	1.39e-05	6.39e-07	0.00e+00	0.00e+00	0.00e+00	0.00e+00
 9.08211e+22	9.73e-01	2.69e-02	1.39e-05	6.38e-07	0.00e+00	0.00e+00	0.00e+00	0.00e+00
 9.08669e+22	9.73e-01	2.67e-02	1.38e-05	6.34e-07	0.00e+00	0.00e+00	0.00e+00	0.00e+00
 9.09171e+22	9.74e-01	2.64e-02	1.37e-05	6.31e-07	0.00e+00	0.00e+00	0.00e+00	0.00e+00
 9.09714e+22	9.74e-01	2.61e-02	1.37e-05	6.27e-07	0.00e+00	0.00e+00	0.00e+00	0.00e+00
 9.10207e+22	9.74e-01	2.58e-02	1.36e-05	6.26e-07	0.00e+00	0.00e+00	0.00e+00	0.00e+00
 9.10656e+22	9.74e-01	2.56e-02	1.35e-05	6.24e-07	0.00e+00	0.00e+00	0.00e+00	0.00e+00
 9.11148e+22	9.75e-01	2.53e-02	1.35e-05	6.20e-07	0.00e+00	0.00e+00	0.00e+00	0.00e+00
 9.11679e+22	9.75e-01	2.51e-02	1.34e-05	6.16e-07	0.00e+00	0.00e+00	0.00e+00	0.00e+00
 9.12163e+22	9.75e-01	2.48e-02	1.33e-05	6.14e-07	0.00e+00	0.00e+00	0.00e+00	0.00e+00
 9.12693e+22	9.75e-01	2.45e-02	1.33e-05	6.10e-07	0.00e+00	0.00e+00	0.00e+00	0.00e+00
 9.13264e+22	9.76e-01	2.42e-02	1.32e-05	6.07e-07	0.00e+00	0.00e+00	0.00e+00	0.00e+00
 9.13785e+22	9.76e-01	2.40e-02	1.31e-05	6.02e-07	0.00e+00	0.00e+00	0.00e+00	0.00e+00
 9.14355e+22	9.76e-01	2.37e-02	1.30e-05	5.96e-07	0.00e+00	0.00e+00	0.00e+00	0.00e+00
 9.14971e+22	9.77e-01	2.34e-02	1.29e-05	5.91e-07	0.00e+00	0.00e+00	0.00e+00	0.00e+00
 9.15531e+22	9.77e-01	2.31e-02	1.29e-05	5.87e-07	0.00e+00	0.00e+00	0.00e+00	0.00e+00
 9.16041e+22	9.77e-01	2.29e-02	1.28e-05	5.84e-07	0.00e+00	0.00e+00	0.00e+00	0.00e+00
