#depth	Fe	Fe+	Fe+2	Fe+3	Fe+4	Fe+5	Fe+6	Fe+7	Fe+8	Fe+9	Fe+10	Fe+11	Fe+12	Fe+13	Fe+14	Fe+15	Fe+16	Fe+17	Fe+18	Fe+19	Fe+20	Fe+21	Fe+22	Fe+23	Fe+24	Fe+25	Fe+26
 1.54284e+22	0.00e+00	0.00e+00	0.00e+00	0.00e+00	0.00e+00	0.00e+00	0.00e+00	0.00e+00	0.00e+00	0.00e+00	0.00e+00	1.08e-21	1.05e-19	7.07e-18	3.82e-16	2.18e-14	2.89e-11	3.30e-09	1.89e-07	5.11e-06	8.14e-05	7.22e-04	4.82e-03	2.96e-02	2.68e-01	4.38e-01	2.58e-01
 3.47568e+22	0.00e+00	0.00e+00	0.00e+00	0.00e+00	0.00e+00	0.00e+00	0.00e+00	0.00e+00	0.00e+00	0.00e+00	1.83e-22	1.22e-20	1.32e-18	1.13e-16	1.08e-14	1.25e-12	1.05e-09	7.78e-08	2.92e-06	5.23e-05	5.53e-04	3.26e-03	1.45e-02	5.98e-02	3.68e-01	3.98e-01	1.56e-01
 4.10439e+22	0.00e+00	0.00e+00	0.00e+00	0.00e+00	0.00e+00	0.00e+00	0.00e+00	0.00e+00	0.00e+00	5.86e-23	4.40e-21	3.34e-19	2.86e-17	1.93e-15	1.45e-13	1.33e-11	8.54e-09	4.88e-07	1.42e-05	1.98e-04	1.64e-03	7.56e-03	2.64e-02	8.55e-02	4.18e-01	3.53e-01	1.08e-01
 4.53404e+22	0.00e+00	0.00e+00	0.00e+00	0.00e+00	0.00e+00	0.00e+00	0.00e+00	0.00e+00	1.07e-23	9.22e-22	7.33e-20	4.59e-18	3.24e-16	1.80e-14	1.12e-12	8.43e-11	4.38e-08	2.03e-06	4.82e-05	5.51e-04	3.74e-03	1.42e-02	4.08e-02	1.09e-01	4.46e-01	3.09e-01	7.71e-02
 4.77273e+22	0.00e+00	0.00e+00	0.00e+00	0.00e+00	0.00e+00	0.00e+00	0.00e+00	8.01e-26	1.99e-23	1.98e-21	1.49e-19	8.91e-18	5.98e-16	3.17e-14	1.87e-12	1.34e-10	6.60e-08	2.90e-06	6.54e-05	7.11e-04	4.59e-03	1.66e-02	4.53e-02	1.16e-01	4.50e-01	2.96e-01	7.04e-02
 4.84955e+22	0.00e+00	0.00e+00	0.00e+00	0.00e+00	0.00e+00	0.00e+00	3.38e-28	1.33e-25	3.22e-23	3.11e-21	2.28e-19	1.32e-17	8.60e-16	4.43e-14	2.55e-12	1.77e-10	8.44e-08	3.59e-06	7.84e-05	8.27e-04	5.18e-03	1.82e-02	4.82e-02	1.19e-01	4.52e-01	2.89e-01	6.66e-02
 4.91645e+22	0.00e+00	0.00e+00	0.00e+00	0.00e+00	0.00e+00	4.56e-31	6.81e-28	2.59e-25	6.03e-23	5.60e-21	3.96e-19	2.20e-17	1.38e-15	6.85e-14	3.78e-12	2.53e-10	1.16e-07	4.73e-06	9.92e-05	1.01e-03	6.05e-03	2.04e-02	5.22e-02	1.24e-01	4.55e-01	2.79e-01	6.18e-02
 4.98595e+22	0.00e+00	0.00e+00	0.00e+00	0.00e+00	0.00e+00	8.68e-31	1.26e-27	4.62e-25	1.04e-22	9.34e-21	6.39e-19	3.44e-17	2.08e-15	9.99e-14	5.34e-12	3.45e-10	1.52e-07	6.01e-06	1.22e-04	1.19e-03	6.93e-03	2.26e-02	5.58e-02	1.29e-01	4.56e-01	2.71e-01	5.79e-02
 5.04920e+22	0.00e+00	0.00e+00	0.00e+00	0.00e+00	0.00e+00	1.57e-30	2.20e-27	7.87e-25	1.72e-22	1.50e-20	9.93e-19	5.18e-17	3.05e-15	1.42e-13	7.33e-12	4.59e-10	1.96e-07	7.48e-06	1.46e-04	1.39e-03	7.83e-03	2.48e-02	5.92e-02	1.33e-01	4.57e-01	2.63e-01	5.44e-02
 5.12178e+22	0.00e+00	0.00e+00	0.00e+00	0.00e+00	0.00e+00	3.30e-30	4.47e-27	1.54e-24	3.23e-22	2.71e-20	1.73e-18	8.67e-17	4.90e-15	2.19e-13	1.09e-11	6.57e-10	2.69e-07	9.84e-06	1.85e-04	1.69e-03	9.13e-03	2.77e-02	6.38e-02	1.37e-01	4.57e-01	2.52e-01	5.03e-02
 5.19482e+22	0.00e+00	0.00e+00	0.00e+00	0.00e+00	2.21e-33	6.43e-30	8.40e-27	2.80e-24	5.68e-22	4.60e-20	2.83e-18	1.37e-16	7.49e-15	3.23e-13	1.55e-11	9.03e-10	3.56e-07	1.26e-05	2.28e-04	2.00e-03	1.05e-02	3.07e-02	6.81e-02	1.42e-01	4.57e-01	2.43e-01	4.67e-02
 5.25560e+22	0.00e+00	0.00e+00	0.00e+00	0.00e+00	4.12e-33	1.16e-29	1.48e-26	4.77e-24	9.39e-22	7.37e-20	4.40e-18	2.06e-16	1.09e-14	4.56e-13	2.12e-11	1.20e-09	4.56e-07	1.56e-05	2.74e-04	2.33e-03	1.18e-02	3.35e-02	7.21e-02	1.45e-01	4.56e-01	2.35e-01	4.37e-02
 5.32172e+22	0.00e+00	0.00e+00	0.00e+00	0.00e+00	7.75e-33	2.12e-29	2.60e-26	8.10e-24	1.67e-21	1.26e-19	7.26e-18	3.29e-16	1.68e-14	6.78e-13	3.05e-11	1.65e-09	6.07e-07	2.00e-05	3.37e-04	2.77e-03	1.35e-02	3.70e-02	7.68e-02	1.50e-01	4.54e-01	2.26e-01	4.05e-02
 5.39302e+22	0.00e+00	0.00e+00	0.00e+00	0.00e+00	1.57e-32	4.15e-29	4.91e-26	1.48e-23	2.94e-21	2.15e-19	1.19e-17	5.22e-16	2.57e-14	1.00e-12	4.33e-11	2.27e-09	8.03e-07	2.54e-05	4.15e-04	3.28e-03	1.54e-02	4.08e-02	8.17e-02	1.54e-01	4.51e-01	2.16e-01	3.74e-02
 5.45850e+22	0.00e+00	0.00e+00	0.00e+00	0.00e+00	3.04e-32	7.78e-29	8.93e-26	2.61e-23	5.01e-21	3.54e-19	1.90e-17	8.04e-16	3.83e-14	1.44e-12	6.03e-11	3.05e-09	1.04e-06	3.19e-05	5.02e-04	3.84e-03	1.75e-02	4.46e-02	8.64e-02	1.57e-01	4.48e-01	2.07e-01	3.46e-02
 5.53106e+22	0.00e+00	0.00e+00	0.00e+00	0.00e+00	6.69e-32	1.65e-28	1.82e-25	5.11e-23	9.46e-21	6.42e-19	3.31e-17	1.35e-15	6.15e-14	2.22e-12	8.94e-11	4.34e-09	1.42e-06	4.18e-05	6.31e-04	4.63e-03	2.02e-02	4.95e-02	9.21e-02	1.61e-01	4.43e-01	1.97e-01	3.16e-02
 5.60337e+22	0.00e+00	0.00e+00	0.00e+00	0.00e+00	1.35e-31	3.22e-28	3.43e-25	9.32e-23	1.66e-20	1.09e-18	5.42e-17	2.12e-15	9.35e-14	3.26e-12	1.26e-10	5.92e-09	1.87e-06	5.30e-05	7.71e-04	5.46e-03	2.30e-02	5.43e-02	9.74e-02	1.64e-01	4.38e-01	1.88e-01	2.90e-02
 5.66235e+22	0.00e+00	0.00e+00	0.00e+00	0.00e+00	2.38e-31	5.50e-28	5.71e-25	1.51e-22	2.62e-20	1.67e-18	8.06e-17	3.07e-15	1.31e-13	4.44e-12	1.67e-10	7.60e-09	2.33e-06	6.41e-05	9.06e-04	6.22e-03	2.54e-02	5.83e-02	1.02e-01	1.67e-01	4.33e-01	1.80e-01	2.70e-02
 5.72600e+22	0.00e+00	0.00e+00	0.00e+00	0.00e+00	4.85e-31	1.08e-27	1.09e-24	2.77e-22	4.65e-20	2.85e-18	1.33e-16	4.87e-15	2.01e-13	6.54e-12	2.37e-10	1.04e-08	3.07e-06	8.14e-05	1.11e-03	7.33e-03	2.88e-02	6.38e-02	1.07e-01	1.70e-01	4.26e-01	1.71e-01	2.47e-02
 5.79411e+22	0.00e+00	0.00e+00	0.00e+00	0.00e+00	9.56e-31	2.07e-27	2.00e-24	4.95e-22	8.01e-20	4.74e-18	2.13e-16	7.53e-15	3.00e-13	9.42e-12	3.30e-10	1.39e-08	3.98e-06	1.02e-04	1.34e-03	8.55e-03	3.25e-02	6.93e-02	1.12e-01	1.72e-01	4.19e-01	1.62e-01	2.26e-02
 5.85698e+22	0.00e+00	0.00e+00	0.00e+00	0.00e+00	1.80e-30	3.77e-27	3.55e-24	8.48e-22	1.33e-19	7.62e-18	3.32e-16	1.13e-14	4.36e-13	1.33e-11	4.49e-10	1.84e-08	5.08e-06	1.26e-04	1.60e-03	9.86e-03	3.62e-02	7.47e-02	1.17e-01	1.74e-01	4.12e-01	1.54e-01	2.07e-02
 5.91749e+22	0.00e+00	0.00e+00	0.00e+00	0.00e+00	3.27e-30	6.66e-27	6.07e-24	1.45e-21	2.21e-19	1.22e-17	5.15e-16	1.70e-14	6.33e-13	1.86e-11	6.09e-10	2.41e-08	6.45e-06	1.54e-04	1.90e-03	1.13e-02	4.03e-02	8.05e-02	1.22e-01	1.75e-01	4.04e-01	1.46e-01	1.90e-02
 5.97573e+22	0.00e+00	0.00e+00	0.00e+00	0.00e+00	5.88e-30	1.16e-26	1.03e-23	2.39e-21	3.53e-19	1.90e-17	7.74e-16	2.48e-14	8.94e-13	2.55e-11	8.08e-10	3.09e-08	8.05e-06	1.87e-04	2.23e-03	1.29e-02	4.45e-02	8.60e-02	1.27e-01	1.76e-01	3.95e-01	1.39e-01	1.75e-02
 6.04115e+22	0.00e+00	0.00e+00	0.00e+00	2.01e-33	1.20e-29	2.30e-26	1.96e-23	4.41e-21	6.26e-19	3.24e-17	1.27e-15	3.92e-14	1.36e-12	3.73e-11	1.14e-09	4.19e-08	1.05e-05	2.36e-04	2.71e-03	1.51e-02	5.00e-02	9.31e-02	1.32e-01	1.77e-01	3.84e-01	1.30e-01	1.58e-02
 6.10962e+22	0.00e+00	0.00e+00	0.00e+00	4.10e-33	2.37e-29	4.39e-26	3.62e-23	7.84e-21	1.08e-18	5.37e-17	2.03e-15	6.04e-14	2.02e-12	5.33e-11	1.57e-09	5.57e-08	1.35e-05	2.93e-04	3.25e-03	1.74e-02	5.57e-02	1.00e-01	1.37e-01	1.77e-01	3.73e-01	1.21e-01	1.42e-02
 6.17011e+22	0.00e+00	0.00e+00	0.00e+00	7.91e-33	4.45e-29	7.97e-26	6.37e-23	1.34e-20	1.78e-18	8.57e-17	3.14e-15	9.01e-14	2.91e-12	7.42e-11	2.11e-09	7.23e-08	1.70e-05	3.57e-04	3.83e-03	1.99e-02	6.15e-02	1.07e-01	1.41e-01	1.77e-01	3.63e-01	1.14e-01	1.29e-02
 6.23680e+22	0.00e+00	0.00e+00	0.00e+00	1.78e-32	9.65e-29	1.67e-25	1.28e-22	2.58e-20	3.29e-18	1.52e-16	5.34e-15	1.47e-13	4.55e-12	1.11e-10	3.03e-09	9.96e-08	2.26e-05	4.55e-04	4.69e-03	2.34e-02	6.93e-02	1.15e-01	1.46e-01	1.76e-01	3.48e-01	1.05e-01	1.14e-02
 6.30508e+22	0.00e+00	0.00e+00	0.00e+00	3.54e-32	1.86e-28	3.10e-25	2.31e-22	4.50e-20	5.54e-18	2.48e-16	8.37e-15	2.22e-13	6.63e-12	1.56e-10	4.10e-09	1.30e-07	2.86e-05	5.57e-04	5.55e-03	2.67e-02	7.63e-02	1.23e-01	1.50e-01	1.75e-01	3.36e-01	9.75e-02	1.02e-02
 6.36354e+22	0.00e+00	0.00e+00	0.00e+00	6.62e-32	3.38e-28	5.49e-25	3.95e-22	7.48e-20	8.93e-18	3.86e-16	1.26e-14	3.24e-13	9.34e-12	2.13e-10	5.39e-09	1.65e-07	3.54e-05	6.70e-04	6.47e-03	3.01e-02	8.33e-02	1.29e-01	1.54e-01	1.73e-01	3.23e-01	9.10e-02	9.23e-03
 6.41907e+22	0.00e+00	0.00e+00	0.00e+00	1.22e-31	6.07e-28	9.56e-25	6.69e-22	1.23e-19	1.42e-17	5.94e-16	1.88e-14	4.67e-13	1.30e-11	2.87e-10	7.04e-09	2.09e-07	4.35e-05	8.00e-04	7.49e-03	3.38e-02	9.04e-02	1.36e-01	1.56e-01	1.71e-01	3.11e-01	8.48e-02	8.33e-03
 6.48269e+22	0.00e+00	0.00e+00	0.00e+00	2.60e-31	1.25e-27	1.89e-24	1.28e-21	2.26e-19	2.51e-17	1.01e-15	3.07e-14	7.31e-13	1.96e-11	4.14e-10	9.74e-09	2.78e-07	5.59e-05	9.92e-04	8.94e-03	3.88e-02	9.98e-02	1.44e-01	1.59e-01	1.67e-01	2.96e-01	7.74e-02	7.31e-03
 6.54861e+22	0.00e+00	0.00e+00	0.00e+00	5.08e-31	2.36e-27	3.48e-24	2.29e-21	3.91e-19	4.20e-17	1.63e-15	4.76e-14	1.09e-12	2.82e-11	5.75e-10	1.30e-08	3.57e-07	6.99e-05	1.20e-03	1.05e-02	4.38e-02	1.09e-01	1.52e-01	1.62e-01	1.64e-01	2.81e-01	7.10e-02	6.46e-03
 6.60676e+22	0.00e+00	0.00e+00	0.00e+00	9.57e-31	4.31e-27	6.17e-24	3.94e-21	6.52e-19	6.77e-17	2.53e-15	7.17e-14	1.59e-12	3.96e-11	7.79e-10	1.70e-08	4.51e-07	8.59e-05	1.43e-03	1.21e-02	4.89e-02	1.17e-01	1.58e-01	1.63e-01	1.60e-01	2.67e-01	6.53e-02	5.75e-03
 6.67159e+22	0.00e+00	0.00e+00	0.00e+00	2.12e-30	9.21e-27	1.27e-23	7.77e-21	1.23e-18	1.23e-16	4.41e-15	1.19e-13	2.53e-12	6.03e-11	1.13e-09	2.37e-08	6.02e-07	1.11e-04	1.78e-03	1.44e-02	5.60e-02	1.29e-01	1.66e-01	1.64e-01	1.55e-01	2.50e-01	5.84e-02	4.93e-03
 6.73536e+22	0.00e+00	0.00e+00	0.00e+00	4.03e-30	1.70e-26	2.27e-23	1.34e-20	2.07e-18	1.99e-16	6.88e-15	1.80e-13	3.68e-12	8.45e-11	1.53e-09	3.09e-08	7.56e-07	1.35e-04	2.11e-03	1.66e-02	6.23e-02	1.38e-01	1.73e-01	1.65e-01	1.50e-01	2.36e-01	5.32e-02	4.34e-03
 6.78812e+22	0.00e+00	0.00e+00	0.00e+00	7.32e-30	3.00e-26	3.89e-23	2.24e-20	3.34e-18	3.11e-16	1.04e-14	2.63e-13	5.20e-12	1.15e-10	2.02e-09	3.94e-08	9.31e-07	1.63e-04	2.47e-03	1.89e-02	6.85e-02	1.47e-01	1.78e-01	1.65e-01	1.45e-01	2.22e-01	4.87e-02	3.84e-03
 6.84708e+22	0.00e+00	0.00e+00	0.00e+00	1.51e-29	5.96e-26	7.46e-23	4.14e-20	5.94e-18	5.33e-16	1.71e-14	4.15e-13	7.88e-12	1.68e-10	2.82e-09	5.27e-08	1.20e-06	2.03e-04	2.98e-03	2.20e-02	7.67e-02	1.58e-01	1.84e-01	1.64e-01	1.39e-01	2.06e-01	4.34e-02	3.30e-03
 6.90840e+22	0.00e+00	0.00e+00	1.13e-33	2.84e-29	1.09e-25	1.33e-22	7.11e-20	9.88e-18	8.55e-16	2.65e-14	6.20e-13	1.13e-11	2.33e-10	3.77e-09	6.79e-08	1.49e-06	2.46e-04	3.50e-03	2.50e-02	8.43e-02	1.68e-01	1.89e-01	1.62e-01	1.33e-01	1.93e-01	3.91e-02	2.87e-03
 6.96370e+22	0.00e+00	0.00e+00	2.17e-33	5.30e-29	1.98e-25	2.33e-22	1.21e-19	1.62e-17	1.36e-15	4.06e-14	9.16e-13	1.62e-11	3.20e-10	5.00e-09	8.67e-08	1.83e-06	2.95e-04	4.09e-03	2.83e-02	9.23e-02	1.78e-01	1.93e-01	1.60e-01	1.27e-01	1.79e-01	3.52e-02	2.50e-03
 7.02647e+22	0.00e+00	0.00e+00	4.90e-33	1.15e-28	4.14e-25	4.69e-22	2.34e-19	3.02e-17	2.41e-15	6.91e-14	1.49e-12	2.51e-11	4.75e-10	7.09e-09	1.17e-07	2.37e-06	3.70e-04	4.95e-03	3.29e-02	1.03e-01	1.90e-01	1.97e-01	1.57e-01	1.19e-01	1.63e-01	3.06e-02	2.08e-03
 7.08812e+22	0.00e+00	0.00e+00	9.51e-33	2.16e-28	7.54e-25	8.28e-22	3.99e-19	4.98e-17	3.85e-15	1.06e-13	2.20e-12	3.58e-11	6.52e-10	9.37e-09	1.49e-07	2.91e-06	4.43e-04	5.75e-03	3.71e-02	1.12e-01	1.99e-01	2.00e-01	1.53e-01	1.13e-01	1.50e-01	2.73e-02	1.79e-03
 7.13860e+22	0.00e+00	0.00e+00	1.70e-32	3.75e-28	1.27e-24	1.36e-21	6.37e-19	7.71e-17	5.78e-15	1.54e-13	3.10e-12	4.88e-11	8.60e-10	1.20e-08	1.84e-07	3.47e-06	5.17e-04	6.54e-03	4.10e-02	1.20e-01	2.08e-01	2.02e-01	1.50e-01	1.07e-01	1.39e-01	2.45e-02	1.56e-03
 7.19450e+22	0.00e+00	0.00e+00	3.53e-32	7.55e-28	2.47e-24	2.56e-21	1.15e-18	1.35e-16	9.69e-15	2.48e-13	4.79e-12	7.22e-11	1.22e-09	1.62e-08	2.40e-07	4.33e-06	6.28e-04	7.68e-03	4.65e-02	1.31e-01	2.17e-01	2.03e-01	1.45e-01	9.99e-02	1.26e-01	2.13e-02	1.31e-03
 7.25233e+22	0.00e+00	0.00e+00	6.75e-32	1.40e-27	4.44e-24	4.46e-21	1.94e-18	2.19e-16	1.52e-14	3.76e-13	6.98e-12	1.02e-10	1.65e-09	2.12e-08	3.01e-07	5.24e-06	7.41e-04	8.82e-03	5.18e-02	1.41e-01	2.26e-01	2.03e-01	1.41e-01	9.35e-02	1.15e-01	1.88e-02	1.11e-03
 7.30404e+22	0.00e+00	0.00e+00	1.24e-31	2.49e-27	7.70e-24	7.52e-21	3.17e-18	3.46e-16	2.33e-14	5.56e-13	9.97e-12	1.40e-10	2.19e-09	2.72e-08	3.73e-07	6.26e-06	8.64e-04	1.00e-02	5.71e-02	1.50e-01	2.33e-01	2.03e-01	1.36e-01	8.75e-02	1.05e-01	1.66e-02	9.51e-04
 7.36262e+22	0.00e+00	0.00e+00	2.69e-31	5.19e-27	1.54e-23	1.45e-20	5.89e-18	6.18e-16	3.98e-14	9.08e-13	1.56e-11	2.09e-10	3.13e-09	3.71e-08	4.86e-07	7.81e-06	1.05e-03	1.17e-02	6.43e-02	1.63e-01	2.41e-01	2.01e-01	1.29e-01	8.01e-02	9.33e-02	1.42e-02	7.76e-04
 7.42067e+22	0.00e+00	0.00e+00	5.07e-31	9.50e-27	2.74e-23	2.50e-20	9.81e-18	9.94e-16	6.17e-14	1.36e-12	2.25e-11	2.90e-10	4.19e-09	4.77e-08	6.03e-07	9.33e-06	1.22e-03	1.33e-02	7.07e-02	1.73e-01	2.47e-01	2.00e-01	1.24e-01	7.41e-02	8.43e-02	1.23e-02	6.54e-04
 7.46930e+22	0.00e+00	0.00e+00	8.83e-31	1.61e-26	4.52e-23	4.01e-20	1.53e-17	1.50e-15	9.06e-14	1.93e-12	3.09e-11	3.87e-10	5.40e-09	5.96e-08	7.27e-07	1.09e-05	1.39e-03	1.48e-02	7.67e-02	1.82e-01	2.52e-01	1.97e-01	1.19e-01	6.90e-02	7.68e-02	1.09e-02	5.61e-04
 7.52380e+22	0.00e+00	0.00e+00	1.83e-30	3.21e-26	8.71e-23	7.46e-20	2.73e-17	2.59e-15	1.50e-13	3.06e-12	4.69e-11	5.61e-10	7.50e-09	7.92e-08	9.26e-07	1.33e-05	1.65e-03	1.70e-02	8.49e-02	1.93e-01	2.58e-01	1.93e-01	1.12e-01	6.26e-02	6.78e-02	9.24e-03	4.57e-04
 7.57949e+22	0.00e+00	0.00e+00	3.40e-30	5.79e-26	1.52e-22	1.27e-19	4.49e-17	4.11e-15	2.29e-13	4.52e-12	6.67e-11	7.70e-10	9.91e-09	1.01e-07	1.13e-06	1.57e-05	1.90e-03	1.91e-02	9.24e-02	2.03e-01	2.61e-01	1.90e-01	1.06e-01	5.74e-02	6.06e-02	7.99e-03	3.82e-04
 7.62849e+22	0.00e+00	0.00e+00	6.09e-30	1.01e-25	2.57e-22	2.08e-19	7.14e-17	6.34e-15	3.42e-13	6.51e-12	9.29e-11	1.04e-09	1.29e-08	1.26e-07	1.37e-06	1.83e-05	2.17e-03	2.12e-02	9.97e-02	2.12e-01	2.64e-01	1.85e-01	1.00e-01	5.27e-02	5.45e-02	6.95e-03	3.21e-04
 7.68398e+22	0.00e+00	0.00e+00	1.26e-29	2.01e-25	4.95e-22	3.86e-19	1.27e-16	1.09e-14	5.62e-13	1.03e-11	1.40e-10	1.49e-09	1.78e-08	1.67e-07	1.73e-06	2.21e-05	2.55e-03	2.41e-02	1.09e-01	2.23e-01	2.67e-01	1.80e-01	9.35e-02	4.72e-02	4.74e-02	5.81e-03	2.58e-04
 7.74114e+22	0.00e+00	0.00e+00	2.39e-29	3.69e-25	8.81e-22	6.65e-19	2.12e-16	1.75e-14	8.71e-13	1.53e-11	2.01e-10	2.06e-09	2.36e-08	2.13e-07	2.12e-06	2.61e-05	2.93e-03	2.68e-02	1.18e-01	2.33e-01	2.68e-01	1.74e-01	8.74e-02	4.26e-02	4.18e-02	4.94e-03	2.12e-04
 7.79158e+22	0.00e+00	0.00e+00	4.38e-29	6.54e-25	1.52e-21	1.11e-18	3.43e-16	2.73e-14	1.31e-12	2.22e-11	2.82e-10	2.79e-09	3.07e-08	2.67e-07	2.56e-06	3.04e-05	3.33e-03	2.97e-02	1.27e-01	2.42e-01	2.68e-01	1.68e-01	8.18e-02	3.86e-02	3.70e-02	4.23e-03	1.75e-04
 7.84052e+22	0.00e+00	8.28e-34	7.98e-29	1.16e-24	2.60e-21	1.85e-18	5.52e-16	4.25e-14	1.97e-12	3.23e-11	3.94e-10	3.75e-09	3.98e-08	3.34e-07	3.09e-06	3.53e-05	3.77e-03	3.27e-02	1.36e-01	2.50e-01	2.68e-01	1.62e-01	7.63e-02	3.49e-02	3.27e-02	3.61e-03	1.44e-04
 7.89643e+22	0.00e+00	0.00e+00	1.67e-28	2.33e-24	5.05e-21	3.46e-18	9.93e-16	7.34e-14	3.26e-12	5.10e-11	5.95e-10	5.42e-09	5.49e-08	4.39e-07	3.88e-06	4.24e-05	4.39e-03	3.68e-02	1.47e-01	2.59e-01	2.66e-01	1.55e-01	6.98e-02	3.07e-02	2.79e-02	2.96e-03	1.13e-04
 7.95355e+22	0.00e+00	3.49e-33	3.11e-28	4.20e-24	8.82e-21	5.85e-18	1.62e-15	1.16e-13	4.97e-12	7.48e-11	8.40e-10	7.36e-09	7.17e-08	5.52e-07	4.69e-06	4.93e-05	4.97e-03	4.05e-02	1.56e-01	2.67e-01	2.64e-01	1.48e-01	6.45e-02	2.74e-02	2.44e-02	2.49e-03	9.22e-05
 8.01226e+22	0.00e+00	0.00e+00	6.75e-28	8.73e-24	1.76e-20	1.12e-17	2.99e-15	2.05e-13	8.37e-12	1.20e-10	1.29e-09	1.07e-08	9.97e-08	7.32e-07	5.92e-06	5.93e-05	5.78e-03	4.54e-02	1.69e-01	2.75e-01	2.60e-01	1.40e-01	5.82e-02	2.37e-02	2.05e-02	2.00e-03	7.10e-05
 8.07206e+22	0.00e+00	1.62e-32	1.33e-27	1.66e-23	3.24e-20	2.00e-17	5.12e-15	3.37e-13	1.32e-11	1.82e-10	1.87e-09	1.50e-08	1.33e-07	9.34e-07	7.23e-06	6.95e-05	6.58e-03	5.01e-02	1.80e-01	2.82e-01	2.56e-01	1.32e-01	5.30e-02	2.08e-02	1.76e-02	1.65e-03	5.62e-05
 8.12069e+22	0.00e+00	2.88e-32	2.29e-27	2.77e-23	5.26e-20	3.15e-17	7.83e-15	5.00e-13	1.90e-11	2.53e-10	2.51e-09	1.95e-08	1.67e-07	1.13e-06	8.48e-06	7.87e-05	7.28e-03	5.40e-02	1.89e-01	2.87e-01	2.52e-01	1.26e-01	4.90e-02	1.87e-02	1.55e-02	1.41e-03	4.65e-05
 8.17127e+22	0.00e+00	5.93e-32	4.53e-27	5.30e-23	9.69e-20	5.60e-17	1.34e-14	8.24e-13	3.00e-11	3.84e-10	3.65e-09	2.71e-08	2.22e-07	1.45e-06	1.03e-05	9.21e-05	8.26e-03	5.93e-02	2.00e-01	2.92e-01	2.47e-01	1.18e-01	4.43e-02	1.63e-02	1.32e-02	1.15e-03	3.65e-05
 8.22371e+22	0.00e+00	1.12e-31	8.24e-27	9.32e-23	1.65e-19	9.26e-17	2.14e-14	1.27e-12	4.48e-11	5.51e-10	5.04e-09	3.60e-08	2.85e-07	1.79e-06	1.23e-05	1.05e-04	9.19e-03	6.42e-02	2.10e-01	2.96e-01	2.41e-01	1.12e-01	4.05e-02	1.44e-02	1.14e-02	9.60e-04	2.94e-05
 8.26721e+22	0.00e+00	1.88e-31	1.35e-26	1.49e-22	2.56e-19	1.40e-16	3.16e-14	1.82e-12	6.22e-11	7.42e-10	6.59e-09	4.56e-08	3.50e-07	2.12e-06	1.41e-05	1.17e-04	1.00e-02	6.85e-02	2.18e-01	2.99e-01	2.36e-01	1.06e-01	3.75e-02	1.30e-02	1.01e-02	8.26e-04	2.46e-05
 8.31242e+22	0.00e+00	3.61e-31	2.49e-26	2.65e-22	4.43e-19	2.35e-16	5.11e-14	2.85e-12	9.35e-11	1.07e-09	9.18e-09	6.12e-08	4.51e-07	2.63e-06	1.68e-05	1.35e-04	1.12e-02	7.40e-02	2.29e-01	3.02e-01	2.30e-01	9.97e-02	3.40e-02	1.14e-02	8.65e-03	6.83e-04	1.96e-05
 8.35554e+22	0.00e+00	5.85e-31	3.94e-26	4.09e-22	6.66e-19	3.44e-16	7.30e-14	3.97e-12	1.27e-10	1.41e-09	1.17e-08	7.60e-08	5.44e-07	3.08e-06	1.91e-05	1.49e-04	1.21e-02	7.82e-02	2.36e-01	3.04e-01	2.25e-01	9.49e-02	3.15e-02	1.03e-02	7.70e-03	5.92e-04	1.66e-05
 8.39003e+22	0.00e+00	9.39e-31	6.15e-26	6.23e-22	9.91e-19	5.00e-16	1.03e-13	5.48e-12	1.70e-10	1.85e-09	1.49e-08	9.38e-08	6.53e-07	3.59e-06	2.17e-05	1.63e-04	1.30e-02	8.25e-02	2.44e-01	3.05e-01	2.19e-01	9.03e-02	2.92e-02	9.34e-03	6.87e-03	5.14e-04	1.40e-05
 8.42374e+22	0.00e+00	1.46e-30	9.34e-26	9.25e-22	1.44e-18	7.10e-16	1.43e-13	7.41e-12	2.24e-10	2.37e-09	1.87e-08	1.14e-07	7.74e-07	4.14e-06	2.43e-05	1.79e-04	1.39e-02	8.67e-02	2.50e-01	3.06e-01	2.14e-01	8.61e-02	2.72e-02	8.51e-03	6.16e-03	4.50e-04	1.20e-05
 8.45684e+22	0.00e+00	2.19e-30	1.37e-25	1.33e-21	2.02e-18	9.77e-16	1.93e-13	9.77e-12	2.89e-10	2.99e-09	2.29e-08	1.37e-07	9.05e-07	4.72e-06	2.71e-05	1.94e-04	1.48e-02	9.07e-02	2.57e-01	3.06e-01	2.10e-01	8.23e-02	2.55e-02	7.80e-03	5.57e-03	3.98e-04	1.03e-05
 8.49430e+22	0.00e+00	3.78e-30	2.29e-25	2.15e-21	3.19e-18	1.50e-15	2.88e-13	1.42e-11	4.05e-10	4.06e-09	3.01e-08	1.74e-07	1.11e-06	5.63e-06	3.11e-05	2.16e-04	1.61e-02	9.61e-02	2.65e-01	3.07e-01	2.03e-01	7.74e-02	2.33e-02	6.93e-03	4.86e-03	3.37e-04	8.48e-06
 8.53201e+22	0.00e+00	6.06e-30	3.57e-25	3.28e-21	4.73e-18	2.18e-15	4.08e-13	1.95e-11	5.43e-10	5.29e-09	3.82e-08	2.15e-07	1.33e-06	6.54e-06	3.51e-05	2.37e-04	1.73e-02	1.01e-01	2.72e-01	3.06e-01	1.98e-01	7.33e-02	2.15e-02	6.25e-03	4.31e-03	2.91e-04	7.14e-06
 8.56380e+22	0.00e+00	9.27e-30	5.32e-25	4.78e-21	6.74e-18	3.04e-15	5.56e-13	2.60e-11	7.06e-10	6.71e-09	4.72e-08	2.59e-07	1.57e-06	7.48e-06	3.92e-05	2.57e-04	1.84e-02	1.05e-01	2.78e-01	3.06e-01	1.92e-01	6.97e-02	2.00e-02	5.68e-03	3.87e-03	2.55e-04	6.11e-06
 8.59354e+22	0.00e+00	1.40e-29	7.87e-25	6.91e-21	9.54e-18	4.21e-15	7.54e-13	3.45e-11	9.13e-10	8.46e-09	5.80e-08	3.10e-07	1.83e-06	8.53e-06	4.35e-05	2.78e-04	1.96e-02	1.10e-01	2.84e-01	3.05e-01	1.87e-01	6.63e-02	1.86e-02	5.18e-03	3.48e-03	2.24e-04	5.24e-06
 8.62225e+22	0.00e+00	2.01e-29	1.10e-24	9.51e-21	1.29e-17	5.58e-15	9.80e-13	4.40e-11	1.14e-09	1.03e-08	6.95e-08	3.64e-07	2.10e-06	9.56e-06	4.76e-05	2.98e-04	2.06e-02	1.14e-01	2.89e-01	3.04e-01	1.83e-01	6.34e-02	1.75e-02	4.77e-03	3.17e-03	1.99e-04	4.58e-06
 8.65495e+22	0.00e+00	3.29e-29	1.76e-24	1.47e-20	1.94e-17	8.20e-15	1.40e-12	6.13e-11	1.54e-09	1.36e-08	8.88e-08	4.51e-07	2.52e-06	1.12e-05	5.39e-05	3.28e-04	2.21e-02	1.19e-01	2.96e-01	3.03e-01	1.77e-01	5.96e-02	1.60e-02	4.26e-03	2.78e-03	1.70e-04	3.80e-06
 8.68857e+22	0.00e+00	5.13e-29	2.67e-24	2.18e-20	2.81e-17	1.16e-14	1.94e-12	8.27e-11	2.03e-09	1.74e-08	1.11e-07	5.47e-07	2.98e-06	1.28e-05	6.02e-05	3.56e-04	2.35e-02	1.24e-01	3.02e-01	3.01e-01	1.71e-01	5.63e-02	1.48e-02	3.85e-03	2.48e-03	1.48e-04	3.22e-06
 8.71781e+22	0.00e+00	7.65e-29	3.88e-24	3.10e-20	3.91e-17	1.58e-14	2.59e-12	1.08e-10	2.59e-09	2.17e-08	1.35e-07	6.51e-07	3.46e-06	1.45e-05	6.65e-05	3.83e-04	2.48e-02	1.29e-01	3.07e-01	3.00e-01	1.66e-01	5.35e-02	1.37e-02	3.50e-03	2.23e-03	1.30e-04	2.76e-06
 8.75023e+22	0.00e+00	1.26e-28	6.21e-24	4.83e-20	5.93e-17	2.34e-14	3.73e-12	1.51e-10	3.52e-09	2.87e-08	1.73e-07	8.09e-07	4.17e-06	1.69e-05	7.52e-05	4.21e-04	2.66e-02	1.35e-01	3.13e-01	2.97e-01	1.60e-01	5.00e-02	1.25e-02	3.11e-03	1.95e-03	1.10e-04	2.28e-06
 8.78185e+22	0.00e+00	1.85e-28	8.88e-24	6.77e-20	8.13e-17	3.15e-14	4.92e-12	1.96e-10	4.45e-09	3.54e-08	2.08e-07	9.54e-07	4.80e-06	1.91e-05	8.26e-05	4.52e-04	2.80e-02	1.40e-01	3.18e-01	2.95e-01	1.55e-01	4.75e-02	1.16e-02	2.84e-03	1.76e-03	9.73e-05	1.97e-06
 8.80826e+22	0.00e+00	2.73e-28	1.28e-23	9.55e-20	1.12e-16	4.26e-14	6.52e-12	2.54e-10	5.64e-09	4.39e-08	2.52e-07	1.13e-06	5.54e-06	2.15e-05	9.08e-05	4.84e-04	2.95e-02	1.44e-01	3.23e-01	2.93e-01	1.50e-01	4.50e-02	1.08e-02	2.59e-03	1.58e-03	8.55e-05	1.69e-06
 8.83427e+22	0.00e+00	3.91e-28	1.80e-23	1.31e-19	1.51e-16	5.64e-14	8.47e-12	3.24e-10	7.03e-09	5.37e-08	3.01e-07	1.32e-06	6.34e-06	2.40e-05	9.92e-05	5.18e-04	3.09e-02	1.49e-01	3.27e-01	2.90e-01	1.46e-01	4.28e-02	1.01e-02	2.37e-03	1.43e-03	7.58e-05	1.47e-06
 8.86390e+22	0.00e+00	6.31e-28	2.82e-23	2.00e-19	2.24e-16	8.16e-14	1.20e-11	4.45e-10	9.41e-09	6.98e-08	3.81e-07	1.62e-06	7.55e-06	2.78e-05	1.11e-04	5.64e-04	3.29e-02	1.55e-01	3.32e-01	2.87e-01	1.40e-01	4.00e-02	9.19e-03	2.11e-03	1.25e-03	6.46e-05	1.22e-06
 8.89396e+22	0.00e+00	9.54e-28	4.15e-23	2.88e-19	3.15e-16	1.12e-13	1.61e-11	5.86e-10	1.21e-08	8.75e-08	4.66e-07	1.94e-06	8.79e-06	3.15e-05	1.23e-04	6.07e-04	3.46e-02	1.60e-01	3.37e-01	2.84e-01	1.35e-01	3.77e-02	8.48e-03	1.90e-03	1.12e-03	5.62e-05	1.03e-06
 8.91986e+22	0.00e+00	1.38e-27	5.86e-23	3.99e-19	4.27e-16	1.49e-13	2.10e-11	7.50e-10	1.51e-08	1.07e-07	5.59e-07	2.27e-06	1.01e-05	3.53e-05	1.34e-04	6.48e-04	3.63e-02	1.65e-01	3.41e-01	2.81e-01	1.30e-01	3.57e-02	7.88e-03	1.73e-03	1.01e-03	4.95e-05	8.92e-07
 8.94883e+22	0.00e+00	2.24e-27	9.24e-23	6.11e-19	6.36e-16	2.17e-13	2.97e-11	1.04e-09	2.03e-08	1.40e-07	7.08e-07	2.79e-06	1.20e-05	4.08e-05	1.51e-04	7.06e-04	3.85e-02	1.71e-01	3.45e-01	2.77e-01	1.25e-01	3.32e-02	7.15e-03	1.53e-03	8.76e-04	4.19e-05	7.34e-07
 8.97840e+22	0.00e+00	3.36e-27	1.35e-22	8.72e-19	8.87e-16	2.96e-13	3.98e-11	1.36e-09	2.59e-08	1.75e-07	8.63e-07	3.32e-06	1.39e-05	4.62e-05	1.66e-04	7.58e-04	4.05e-02	1.76e-01	3.49e-01	2.73e-01	1.20e-01	3.13e-02	6.58e-03	1.38e-03	7.80e-04	3.65e-05	6.23e-07
 9.00479e+22	0.00e+00	5.02e-27	1.97e-22	1.24e-18	1.23e-15	4.03e-13	5.30e-11	1.77e-09	3.31e-08	2.18e-07	1.05e-06	3.94e-06	1.61e-05	5.21e-05	1.83e-04	8.13e-04	4.25e-02	1.81e-01	3.53e-01	2.70e-01	1.15e-01	2.94e-02	6.06e-03	1.25e-03	6.94e-04	3.17e-05	5.29e-07
 9.03512e+22	0.00e+00	8.56e-27	3.24e-22	1.98e-18	1.90e-15	6.06e-13	7.76e-11	2.52e-09	4.56e-08	2.91e-07	1.36e-06	4.95e-06	1.96e-05	6.12e-05	2.07e-04	8.91e-04	4.52e-02	1.89e-01	3.57e-01	2.64e-01	1.09e-01	2.70e-02	5.42e-03	1.09e-03	5.94e-04	2.63e-05	4.25e-07
 9.06420e+22	0.00e+00	1.23e-26	4.53e-22	2.71e-18	2.55e-15	7.97e-13	1.00e-10	3.20e-09	5.67e-08	3.55e-07	1.62e-06	5.77e-06	2.23e-05	6.82e-05	2.25e-04	9.49e-04	4.72e-02	1.93e-01	3.60e-01	2.61e-01	1.05e-01	2.55e-02	5.03e-03	9.89e-04	5.35e-04	2.31e-05	3.66e-07
 9.09165e+22	0.00e+00	2.02e-26	7.23e-22	4.19e-18	3.83e-15	1.17e-12	1.43e-10	4.45e-09	7.66e-08	4.66e-07	2.07e-06	7.15e-06	2.68e-05	7.93e-05	2.53e-04	1.03e-03	5.00e-02	2.00e-01	3.63e-01	2.56e-01	1.00e-01	2.36e-02	4.52e-03	8.67e-04	4.61e-04	1.93e-05	2.97e-07
 9.11928e+22	0.00e+00	2.89e-26	1.01e-21	5.72e-18	5.12e-15	1.53e-12	1.85e-10	5.64e-09	9.50e-08	5.67e-07	2.46e-06	8.33e-06	3.05e-05	8.83e-05	2.76e-04	1.10e-03	5.21e-02	2.05e-01	3.66e-01	2.52e-01	9.63e-02	2.22e-02	4.18e-03	7.87e-04	4.14e-04	1.70e-05	2.56e-07
 9.14714e+22	0.00e+00	4.87e-26	1.64e-21	9.01e-18	7.81e-15	2.27e-12	2.67e-10	7.96e-09	1.30e-07	7.54e-07	3.18e-06	1.04e-05	3.69e-05	1.03e-04	3.12e-04	1.20e-03	5.52e-02	2.12e-01	3.69e-01	2.46e-01	9.09e-02	2.04e-02	3.73e-03	6.84e-04	3.53e-04	1.40e-05	2.05e-07
 9.17408e+22	0.00e+00	6.79e-26	2.24e-21	1.21e-17	1.02e-14	2.93e-12	3.39e-10	9.93e-09	1.59e-07	9.05e-07	3.74e-06	1.20e-05	4.17e-05	1.14e-04	3.37e-04	1.27e-03	5.74e-02	2.17e-01	3.71e-01	2.42e-01	8.76e-02	1.93e-02	3.47e-03	6.24e-04	3.19e-04	1.24e-05	1.77e-07
 9.19981e+22	0.00e+00	1.11e-25	3.56e-21	1.85e-17	1.52e-14	4.25e-12	4.80e-10	1.38e-08	2.14e-07	1.19e-06	4.76e-06	1.48e-05	5.00e-05	1.32e-04	3.78e-04	1.38e-03	6.05e-02	2.23e-01	3.73e-01	2.37e-01	8.27e-02	1.77e-02	3.10e-03	5.44e-04	2.74e-04	1.03e-05	1.43e-07
 9.22553e+22	0.00e+00	1.56e-25	4.86e-21	2.47e-17	1.99e-14	5.48e-12	6.09e-10	1.72e-08	2.62e-07	1.42e-06	5.61e-06	1.71e-05	5.65e-05	1.46e-04	4.09e-04	1.46e-03	6.28e-02	2.28e-01	3.75e-01	2.33e-01	7.95e-02	1.67e-02	2.87e-03	4.95e-04	2.47e-04	9.11e-06	0.00e+00
 9.25125e+22	0.00e+00	2.56e-25	7.72e-21	3.81e-17	2.97e-14	7.96e-12	8.65e-10	2.38e-08	3.54e-07	1.87e-06	7.16e-06	2.12e-05	6.78e-05	1.70e-04	4.60e-04	1.59e-03	6.63e-02	2.35e-01	3.77e-01	2.27e-01	7.49e-02	1.53e-02	2.56e-03	4.30e-04	2.10e-04	7.53e-06	0.00e+00
 9.27706e+22	0.00e+00	3.65e-25	1.07e-20	5.17e-17	3.94e-14	1.04e-11	1.11e-09	3.01e-08	4.38e-07	2.28e-06	8.52e-06	2.47e-05	7.71e-05	1.89e-04	4.99e-04	1.69e-03	6.88e-02	2.40e-01	3.78e-01	2.22e-01	7.17e-02	1.43e-02	2.36e-03	3.88e-04	1.88e-04	6.57e-06	0.00e+00
 9.30298e+22	0.00e+00	5.98e-25	1.70e-20	7.90e-17	5.84e-14	1.50e-11	1.57e-09	4.17e-08	5.91e-07	2.99e-06	1.09e-05	3.06e-05	9.25e-05	2.20e-04	5.61e-04	1.84e-03	7.25e-02	2.46e-01	3.79e-01	2.16e-01	6.73e-02	1.31e-02	2.10e-03	3.36e-04	1.60e-04	5.42e-06	0.00e+00
 9.32935e+22	0.00e+00	8.63e-25	2.38e-20	1.08e-16	7.82e-14	1.97e-11	2.03e-09	5.32e-08	7.38e-07	3.66e-06	1.30e-05	3.59e-05	1.06e-04	2.46e-04	6.11e-04	1.96e-03	7.54e-02	2.51e-01	3.80e-01	2.11e-01	6.42e-02	1.22e-02	1.92e-03	3.02e-04	1.42e-04	4.69e-06	0.00e+00
 9.35631e+22	0.00e+00	1.41e-24	3.76e-20	1.65e-16	1.15e-13	2.84e-11	2.87e-09	7.36e-08	9.94e-07	4.81e-06	1.66e-05	4.45e-05	1.27e-04	2.86e-04	6.86e-04	2.13e-03	7.94e-02	2.58e-01	3.81e-01	2.05e-01	6.01e-02	1.11e-02	1.70e-03	2.60e-04	1.20e-04	3.85e-06	0.00e+00
 9.38306e+22	0.00e+00	2.04e-24	5.30e-20	2.27e-16	1.55e-13	3.75e-11	3.73e-09	9.42e-08	1.25e-06	5.91e-06	2.00e-05	5.23e-05	1.46e-04	3.20e-04	7.50e-04	2.27e-03	8.25e-02	2.63e-01	3.81e-01	2.00e-01	5.71e-02	1.03e-02	1.55e-03	2.33e-04	1.06e-04	3.31e-06	0.00e+00
 9.40953e+22	0.00e+00	3.30e-24	8.25e-20	3.42e-16	2.26e-13	5.35e-11	5.23e-09	1.30e-07	1.67e-06	7.73e-06	2.55e-05	6.46e-05	1.75e-04	3.71e-04	8.40e-04	2.46e-03	8.67e-02	2.70e-01	3.81e-01	1.94e-01	5.34e-02	9.35e-03	1.37e-03	2.00e-04	8.98e-05	2.71e-06	0.00e+00
 9.43645e+22	0.00e+00	4.82e-24	1.17e-19	4.73e-16	3.04e-13	7.08e-11	6.82e-09	1.67e-07	2.11e-06	9.57e-06	3.08e-05	7.65e-05	2.02e-04	4.18e-04	9.20e-04	2.63e-03	9.02e-02	2.75e-01	3.81e-01	1.89e-01	5.05e-02	8.65e-03	1.24e-03	1.78e-04	7.85e-05	2.31e-06	0.00e+00
 9.46394e+22	0.00e+00	7.87e-24	1.84e-19	7.17e-16	4.47e-13	1.02e-10	9.63e-09	2.32e-07	2.85e-06	1.26e-05	3.95e-05	9.52e-05	2.43e-04	4.87e-04	1.04e-03	2.86e-03	9.48e-02	2.82e-01	3.81e-01	1.82e-01	4.69e-02	7.80e-03	1.09e-03	1.52e-04	6.58e-05	1.87e-06	0.00e+00
 9.49164e+22	0.00e+00	1.15e-23	2.60e-19	9.87e-16	5.99e-13	1.34e-10	1.26e-08	2.99e-07	3.60e-06	1.57e-05	4.79e-05	1.13e-04	2.81e-04	5.48e-04	1.14e-03	3.06e-03	9.86e-02	2.87e-01	3.80e-01	1.77e-01	4.43e-02	7.19e-03	9.84e-04	1.34e-04	5.74e-05	1.58e-06	0.00e+00
 9.51960e+22	0.00e+00	1.86e-23	4.07e-19	1.49e-15	8.75e-13	1.92e-10	1.77e-08	4.15e-07	4.88e-06	2.07e-05	6.16e-05	1.41e-04	3.38e-04	6.39e-04	1.28e-03	3.33e-03	1.04e-01	2.93e-01	3.79e-01	1.70e-01	4.09e-02	6.45e-03	8.59e-04	1.14e-04	4.78e-05	1.27e-06	0.00e+00
 9.54771e+22	0.00e+00	2.69e-23	5.70e-19	2.03e-15	1.16e-12	2.51e-10	2.29e-08	5.32e-07	6.14e-06	2.56e-05	7.45e-05	1.66e-04	3.90e-04	7.19e-04	1.40e-03	3.56e-03	1.08e-01	2.98e-01	3.78e-01	1.65e-01	3.85e-02	5.93e-03	7.74e-04	1.00e-04	4.15e-05	1.07e-06	0.00e+00
 9.57207e+22	0.00e+00	3.84e-23	7.90e-19	2.74e-15	1.53e-12	3.26e-10	2.95e-08	6.78e-07	7.69e-06	3.15e-05	8.98e-05	1.96e-04	4.49e-04	8.07e-04	1.53e-03	3.80e-03	1.12e-01	3.03e-01	3.76e-01	1.60e-01	3.63e-02	5.45e-03	6.97e-04	8.87e-05	3.61e-05	9.10e-07	0.00e+00
 9.59976e+22	0.00e+00	6.07e-23	1.20e-18	4.03e-15	2.18e-12	4.55e-10	4.08e-08	9.30e-07	1.03e-05	4.13e-05	1.15e-04	2.43e-04	5.39e-04	9.37e-04	1.72e-03	4.13e-03	1.17e-01	3.09e-01	3.74e-01	1.53e-01	3.35e-02	4.88e-03	6.08e-04	7.52e-05	3.01e-05	7.29e-07	0.00e+00
 9.62717e+22	0.00e+00	8.39e-23	1.62e-18	5.28e-15	2.80e-12	5.77e-10	5.14e-08	1.16e-06	1.27e-05	5.00e-05	1.36e-04	2.83e-04	6.13e-04	1.04e-03	1.87e-03	4.39e-03	1.21e-01	3.14e-01	3.72e-01	1.48e-01	3.16e-02	4.50e-03	5.51e-04	6.68e-05	2.64e-05	6.23e-07	0.00e+00
 9.65421e+22	0.00e+00	1.28e-22	2.38e-18	7.53e-15	3.88e-12	7.87e-10	6.96e-08	1.56e-06	1.67e-05	6.45e-05	1.71e-04	3.46e-04	7.27e-04	1.20e-03	2.08e-03	4.75e-03	1.27e-01	3.19e-01	3.69e-01	1.42e-01	2.91e-02	4.04e-03	4.81e-04	5.70e-05	2.21e-05	5.03e-07	0.00e+00
 9.68179e+22	0.00e+00	1.77e-22	3.20e-18	9.87e-15	4.98e-12	9.97e-10	8.77e-08	1.96e-06	2.06e-05	7.83e-05	2.04e-04	4.03e-04	8.29e-04	1.34e-03	2.26e-03	5.05e-03	1.31e-01	3.23e-01	3.66e-01	1.38e-01	2.74e-02	3.71e-03	4.34e-04	5.04e-05	1.92e-05	4.27e-07	0.00e+00
 9.71008e+22	0.00e+00	2.68e-22	4.67e-18	1.40e-14	6.85e-12	1.35e-09	1.18e-07	2.62e-06	2.70e-05	1.01e-04	2.56e-04	4.93e-04	9.84e-04	1.54e-03	2.52e-03	5.47e-03	1.37e-01	3.29e-01	3.63e-01	1.31e-01	2.52e-02	3.31e-03	3.78e-04	4.28e-05	1.60e-05	3.43e-07	0.00e+00
 9.73906e+22	0.00e+00	3.70e-22	6.27e-18	1.83e-14	8.78e-12	1.71e-09	1.49e-07	3.30e-06	3.35e-05	1.23e-04	3.06e-04	5.77e-04	1.12e-03	1.72e-03	2.75e-03	5.83e-03	1.42e-01	3.33e-01	3.59e-01	1.27e-01	2.36e-02	3.03e-03	3.39e-04	3.76e-05	1.39e-05	2.89e-07	0.00e+00
 9.76892e+22	0.00e+00	5.59e-22	9.12e-18	2.57e-14	1.20e-11	2.32e-09	2.02e-07	4.44e-06	4.41e-05	1.59e-04	3.86e-04	7.08e-04	1.34e-03	1.98e-03	3.07e-03	6.32e-03	1.48e-01	3.38e-01	3.55e-01	1.20e-01	2.16e-02	2.69e-03	2.93e-04	3.17e-05	1.15e-05	2.30e-07	0.00e+00
 9.79944e+22	0.00e+00	7.69e-22	1.22e-17	3.36e-14	1.54e-11	2.93e-09	2.55e-07	5.58e-06	5.47e-05	1.94e-04	4.61e-04	8.29e-04	1.53e-03	2.21e-03	3.35e-03	6.74e-03	1.54e-01	3.41e-01	3.51e-01	1.16e-01	2.01e-02	2.45e-03	2.62e-04	2.78e-05	9.89e-06	1.93e-07	0.00e+00
 9.83081e+22	0.00e+00	1.15e-21	1.76e-17	4.69e-14	2.09e-11	3.94e-09	3.42e-07	7.49e-06	7.19e-05	2.51e-04	5.80e-04	1.01e-03	1.81e-03	2.55e-03	3.73e-03	7.31e-03	1.61e-01	3.46e-01	3.45e-01	1.10e-01	1.83e-02	2.17e-03	2.26e-04	2.33e-05	8.14e-06	1.53e-07	0.00e+00
 9.86278e+22	0.00e+00	1.57e-21	2.34e-17	6.09e-14	2.66e-11	4.96e-09	4.31e-07	9.43e-06	8.91e-05	3.06e-04	6.94e-04	1.19e-03	2.07e-03	2.85e-03	4.07e-03	7.79e-03	1.66e-01	3.49e-01	3.41e-01	1.05e-01	1.70e-02	1.97e-03	2.01e-04	2.03e-05	6.98e-06	1.27e-07	0.00e+00
 9.89550e+22	0.00e+00	2.33e-21	3.35e-17	8.44e-14	3.60e-11	6.64e-09	5.78e-07	1.26e-05	1.17e-04	3.94e-04	8.72e-04	1.45e-03	2.46e-03	3.27e-03	4.54e-03	8.45e-03	1.74e-01	3.53e-01	3.35e-01	9.95e-02	1.55e-02	1.73e-03	1.72e-04	1.70e-05	5.72e-06	0.00e+00	0.00e+00
 9.92843e+22	0.00e+00	3.15e-21	4.39e-17	1.08e-13	4.53e-11	8.29e-09	7.22e-07	1.58e-05	1.44e-04	4.78e-04	1.04e-03	1.69e-03	2.79e-03	3.64e-03	4.92e-03	8.99e-03	1.79e-01	3.56e-01	3.29e-01	9.51e-02	1.43e-02	1.57e-03	1.53e-04	1.48e-05	4.91e-06	0.00e+00	0.00e+00
 9.96163e+22	2.37e-34	4.58e-21	6.18e-17	1.48e-13	6.04e-11	1.10e-08	9.58e-07	2.09e-05	1.87e-04	6.11e-04	1.29e-03	2.05e-03	3.29e-03	4.16e-03	5.47e-03	9.72e-03	1.87e-01	3.59e-01	3.22e-01	8.97e-02	1.30e-02	1.38e-03	1.32e-04	1.24e-05	4.03e-06	0.00e+00	0.00e+00
 9.99562e+22	3.35e-34	6.16e-21	8.08e-17	1.89e-13	7.59e-11	1.37e-08	1.20e-06	2.61e-05	2.31e-04	7.41e-04	1.54e-03	2.38e-03	3.73e-03	4.62e-03	5.93e-03	1.03e-02	1.93e-01	3.62e-01	3.17e-01	8.56e-02	1.20e-02	1.25e-03	1.16e-04	1.08e-05	3.45e-06	0.00e+00	0.00e+00
 1.00252e+23	4.61e-34	8.09e-21	1.04e-16	2.37e-13	9.36e-11	1.67e-08	1.47e-06	3.21e-05	2.79e-04	8.86e-04	1.80e-03	2.74e-03	4.20e-03	5.09e-03	6.40e-03	1.09e-02	1.99e-01	3.64e-01	3.11e-01	8.18e-02	1.12e-02	1.13e-03	1.04e-04	9.45e-06	2.97e-06	0.00e+00	0.00e+00
 1.00581e+23	6.91e-34	1.14e-20	1.42e-16	3.15e-13	1.22e-10	2.17e-08	1.91e-06	4.18e-05	3.58e-04	1.11e-03	2.21e-03	3.28e-03	4.89e-03	5.77e-03	7.04e-03	1.18e-02	2.06e-01	3.65e-01	3.03e-01	7.70e-02	1.01e-02	9.98e-04	8.94e-05	7.95e-06	2.45e-06	0.00e+00	0.00e+00
 1.00912e+23	9.37e-34	1.48e-20	1.79e-16	3.92e-13	1.49e-10	2.64e-08	2.33e-06	5.10e-05	4.30e-04	1.32e-03	2.58e-03	3.75e-03	5.47e-03	6.32e-03	7.56e-03	1.24e-02	2.12e-01	3.67e-01	2.97e-01	7.35e-02	9.41e-03	9.08e-04	7.99e-05	6.98e-06	2.12e-06	0.00e+00	0.00e+00
 1.01245e+23	1.38e-33	2.07e-20	2.42e-16	5.16e-13	1.93e-10	3.38e-08	3.01e-06	6.59e-05	5.46e-04	1.65e-03	3.15e-03	4.45e-03	6.32e-03	7.12e-03	8.29e-03	1.33e-02	2.20e-01	3.68e-01	2.89e-01	6.90e-02	8.52e-03	8.00e-04	6.87e-05	5.88e-06	1.75e-06	0.00e+00	0.00e+00
 1.01585e+23	1.88e-33	2.68e-20	3.07e-16	6.41e-13	2.36e-10	4.12e-08	3.68e-06	8.05e-05	6.58e-04	1.96e-03	3.67e-03	5.09e-03	7.07e-03	7.80e-03	8.90e-03	1.40e-02	2.26e-01	3.68e-01	2.83e-01	6.57e-02	7.88e-03	7.24e-04	6.11e-05	5.13e-06	1.51e-06	0.00e+00	0.00e+00
 1.01884e+23	2.52e-33	3.45e-20	3.86e-16	7.90e-13	2.87e-10	4.98e-08	4.47e-06	9.78e-05	7.88e-04	2.32e-03	4.26e-03	5.79e-03	7.88e-03	8.52e-03	9.53e-03	1.48e-02	2.31e-01	3.68e-01	2.76e-01	6.24e-02	7.29e-03	6.55e-04	5.44e-05	4.49e-06	1.30e-06	0.00e+00	0.00e+00
 1.02225e+23	3.66e-33	4.74e-20	5.15e-16	1.03e-12	3.67e-10	6.34e-08	5.73e-06	1.26e-04	9.95e-04	2.88e-03	5.16e-03	6.85e-03	9.06e-03	9.54e-03	1.04e-02	1.58e-02	2.39e-01	3.68e-01	2.68e-01	5.83e-02	6.57e-03	5.74e-04	4.66e-05	3.76e-06	1.07e-06	0.00e+00	0.00e+00
 1.02564e+23	4.83e-33	6.02e-20	6.40e-16	1.26e-12	4.42e-10	7.60e-08	6.89e-06	1.51e-04	1.18e-03	3.36e-03	5.92e-03	7.71e-03	1.00e-02	1.03e-02	1.11e-02	1.65e-02	2.44e-01	3.67e-01	2.61e-01	5.55e-02	6.09e-03	5.23e-04	4.17e-05	3.32e-06	9.29e-07	0.00e+00	0.00e+00
 1.02900e+23	6.90e-33	8.14e-20	8.41e-16	1.61e-12	5.59e-10	9.57e-08	8.74e-06	1.92e-04	1.47e-03	4.12e-03	7.11e-03	9.02e-03	1.14e-02	1.15e-02	1.20e-02	1.76e-02	2.51e-01	3.65e-01	2.52e-01	5.18e-02	5.49e-03	4.59e-04	3.58e-05	2.79e-06	7.66e-07	0.00e+00	0.00e+00
 1.03244e+23	9.12e-33	1.04e-19	1.05e-15	1.97e-12	6.74e-10	1.15e-07	1.05e-05	2.30e-04	1.74e-03	4.82e-03	8.16e-03	1.02e-02	1.26e-02	1.24e-02	1.27e-02	1.84e-02	2.56e-01	3.63e-01	2.45e-01	4.91e-02	5.07e-03	4.15e-04	3.19e-05	2.44e-06	6.62e-07	0.00e+00	0.00e+00
 1.03596e+23	1.30e-32	1.40e-19	1.38e-15	2.54e-12	8.54e-10	1.45e-07	1.34e-05	2.93e-04	2.17e-03	5.91e-03	9.78e-03	1.19e-02	1.43e-02	1.38e-02	1.38e-02	1.95e-02	2.62e-01	3.60e-01	2.36e-01	4.56e-02	4.55e-03	3.62e-04	2.72e-05	2.04e-06	5.43e-07	0.00e+00	0.00e+00
 1.03954e+23	1.73e-32	1.79e-19	1.72e-15	3.11e-12	1.03e-09	1.74e-07	1.61e-05	3.53e-04	2.58e-03	6.92e-03	1.12e-02	1.34e-02	1.58e-02	1.49e-02	1.46e-02	2.04e-02	2.67e-01	3.58e-01	2.28e-01	4.30e-02	4.18e-03	3.26e-04	2.41e-05	1.78e-06	4.66e-07	0.00e+00	0.00e+00
 1.04322e+23	2.47e-32	2.43e-19	2.27e-15	4.01e-12	1.31e-09	2.20e-07	2.05e-05	4.50e-04	3.22e-03	8.49e-03	1.34e-02	1.56e-02	1.79e-02	1.65e-02	1.58e-02	2.15e-02	2.72e-01	3.53e-01	2.18e-01	3.97e-02	3.72e-03	2.83e-04	2.04e-05	1.47e-06	3.79e-07	0.00e+00	0.00e+00
 1.04696e+23	1.61e-32	3.09e-19	2.83e-15	4.92e-12	1.59e-09	2.65e-07	2.48e-05	5.43e-04	3.82e-03	9.92e-03	1.54e-02	1.75e-02	1.96e-02	1.78e-02	1.67e-02	2.24e-02	2.76e-01	3.49e-01	2.10e-01	3.72e-02	3.40e-03	2.53e-04	1.79e-05	1.27e-06	3.23e-07	0.00e+00	0.00e+00
 1.05079e+23	2.31e-32	4.21e-19	3.74e-15	6.35e-12	2.02e-09	3.36e-07	3.16e-05	6.92e-04	4.77e-03	1.21e-02	1.84e-02	2.03e-02	2.22e-02	1.96e-02	1.79e-02	2.36e-02	2.81e-01	3.42e-01	2.00e-01	3.41e-02	3.00e-03	2.18e-04	1.51e-05	1.05e-06	2.60e-07	0.00e+00	0.00e+00
 1.05453e+23	2.99e-32	5.27e-19	4.60e-15	7.68e-12	2.41e-09	3.99e-07	3.76e-05	8.18e-04	5.56e-03	1.39e-02	2.07e-02	2.25e-02	2.41e-02	2.09e-02	1.87e-02	2.44e-02	2.84e-01	3.38e-01	1.92e-01	3.21e-02	2.76e-03	1.96e-04	1.34e-05	9.18e-07	2.25e-07	0.00e+00	0.00e+00
 1.05816e+23	4.16e-32	6.97e-19	5.92e-15	9.69e-12	3.00e-09	4.94e-07	4.70e-05	1.02e-03	6.81e-03	1.68e-02	2.44e-02	2.57e-02	2.69e-02	2.27e-02	1.99e-02	2.55e-02	2.87e-01	3.30e-01	1.82e-01	2.93e-02	2.44e-03	1.69e-04	1.13e-05	7.57e-07	1.82e-07	0.00e+00	0.00e+00
 1.06185e+23	5.41e-32	8.74e-19	7.28e-15	1.17e-11	3.59e-09	5.87e-07	5.58e-05	1.21e-03	7.92e-03	1.92e-02	2.74e-02	2.84e-02	2.90e-02	2.41e-02	2.08e-02	2.62e-02	2.88e-01	3.24e-01	1.74e-01	2.75e-02	2.23e-03	1.52e-04	9.97e-06	6.59e-07	1.57e-07	0.00e+00	0.00e+00
 1.06561e+23	7.50e-32	1.16e-18	9.39e-15	1.48e-11	4.47e-09	7.27e-07	6.95e-05	1.50e-03	9.64e-03	2.29e-02	3.19e-02	3.22e-02	3.21e-02	2.60e-02	2.19e-02	2.72e-02	2.89e-01	3.14e-01	1.64e-01	2.50e-02	1.96e-03	1.30e-04	8.38e-06	5.43e-07	1.27e-07	0.00e+00	0.00e+00
 1.06948e+23	9.83e-32	1.46e-18	1.16e-14	1.80e-11	5.36e-09	8.68e-07	8.32e-05	1.79e-03	1.13e-02	2.64e-02	3.61e-02	3.56e-02	3.48e-02	2.76e-02	2.28e-02	2.79e-02	2.89e-01	3.06e-01	1.56e-01	2.31e-02	1.76e-03	1.15e-04	7.26e-06	4.63e-07	0.00e+00	0.00e+00	0.00e+00
 1.07351e+23	1.38e-31	1.95e-18	1.51e-14	2.29e-11	6.73e-09	1.08e-06	1.04e-04	2.22e-03	1.37e-02	3.14e-02	4.18e-02	4.02e-02	3.82e-02	2.97e-02	2.39e-02	2.87e-02	2.88e-01	2.94e-01	1.45e-01	2.08e-02	1.54e-03	9.77e-05	6.05e-06	3.78e-07	0.00e+00	0.00e+00	0.00e+00
 1.07766e+23	1.83e-31	2.49e-18	1.88e-14	2.81e-11	8.14e-09	1.30e-06	1.25e-04	2.66e-03	1.61e-02	3.63e-02	4.72e-02	4.44e-02	4.13e-02	3.13e-02	2.48e-02	2.93e-02	2.86e-01	2.84e-01	1.36e-01	1.90e-02	1.37e-03	8.48e-05	5.16e-06	3.17e-07	0.00e+00	0.00e+00	0.00e+00
 1.08199e+23	2.59e-31	3.36e-18	2.47e-14	3.61e-11	1.03e-08	1.63e-06	1.57e-04	3.32e-03	1.96e-02	4.31e-02	5.46e-02	5.00e-02	4.51e-02	3.34e-02	2.58e-02	2.99e-02	2.82e-01	2.70e-01	1.25e-01	1.68e-02	1.17e-03	7.09e-05	4.22e-06	2.53e-07	0.00e+00	0.00e+00	0.00e+00
 1.08643e+23	3.46e-31	4.30e-18	3.10e-14	4.44e-11	1.25e-08	1.97e-06	1.89e-04	3.97e-03	2.29e-02	4.96e-02	6.14e-02	5.48e-02	4.84e-02	3.50e-02	2.65e-02	3.02e-02	2.77e-01	2.58e-01	1.16e-01	1.51e-02	1.02e-03	6.07e-05	3.54e-06	2.09e-07	0.00e+00	0.00e+00	0.00e+00
 1.09103e+23	4.94e-31	5.83e-18	4.09e-14	5.72e-11	1.58e-08	2.47e-06	2.37e-04	4.93e-03	2.77e-02	5.86e-02	7.05e-02	6.11e-02	5.24e-02	3.69e-02	2.72e-02	3.05e-02	2.69e-01	2.42e-01	1.05e-01	1.32e-02	8.64e-04	4.98e-05	2.84e-06	1.64e-07	0.00e+00	0.00e+00	0.00e+00
 1.09577e+23	6.65e-31	7.52e-18	5.15e-14	7.06e-11	1.93e-08	2.98e-06	2.86e-04	5.89e-03	3.24e-02	6.71e-02	7.87e-02	6.66e-02	5.57e-02	3.83e-02	2.77e-02	3.05e-02	2.62e-01	2.27e-01	9.57e-02	1.17e-02	7.42e-04	4.18e-05	2.34e-06	1.33e-07	0.00e+00	0.00e+00	0.00e+00
 1.10071e+23	9.59e-31	1.03e-17	6.83e-14	9.15e-11	2.45e-08	3.74e-06	3.59e-04	7.30e-03	3.90e-02	7.86e-02	8.96e-02	7.34e-02	5.95e-02	3.98e-02	2.80e-02	3.02e-02	2.50e-01	2.09e-01	8.47e-02	9.95e-03	6.10e-04	3.35e-05	1.82e-06	1.01e-07	0.00e+00	0.00e+00	0.00e+00
 1.10579e+23	1.30e-30	1.33e-17	8.61e-14	1.13e-10	2.98e-08	4.51e-06	4.32e-04	8.69e-03	4.53e-02	8.93e-02	9.91e-02	7.91e-02	6.25e-02	4.09e-02	2.81e-02	2.98e-02	2.39e-01	1.93e-01	7.58e-02	8.62e-03	5.13e-04	2.75e-05	1.47e-06	0.00e+00	0.00e+00	0.00e+00	0.00e+00
 1.11038e+23	1.74e-30	1.70e-17	1.08e-13	1.39e-10	3.61e-08	5.39e-06	5.14e-04	1.02e-02	5.20e-02	1.00e-01	1.08e-01	8.44e-02	6.51e-02	4.16e-02	2.79e-02	2.92e-02	2.27e-01	1.78e-01	6.78e-02	7.47e-03	4.33e-04	2.27e-05	1.19e-06	0.00e+00	0.00e+00	0.00e+00	0.00e+00
 1.11564e+23	2.49e-30	2.30e-17	1.41e-13	1.77e-10	4.52e-08	6.69e-06	6.37e-04	1.25e-02	6.17e-02	1.16e-01	1.21e-01	9.10e-02	6.79e-02	4.21e-02	2.75e-02	2.81e-02	2.10e-01	1.58e-01	5.76e-02	6.09e-03	3.39e-04	1.73e-05	8.81e-07	0.00e+00	0.00e+00	0.00e+00	0.00e+00
 1.12093e+23	3.29e-30	2.92e-17	1.75e-13	2.15e-10	5.41e-08	7.91e-06	7.48e-04	1.45e-02	6.97e-02	1.28e-01	1.30e-01	9.55e-02	6.95e-02	4.21e-02	2.69e-02	2.71e-02	1.97e-01	1.43e-01	5.07e-02	5.20e-03	2.82e-04	1.40e-05	7.01e-07	0.00e+00	0.00e+00	0.00e+00	0.00e+00
 1.12628e+23	4.63e-30	3.87e-17	2.26e-13	2.71e-10	6.68e-08	9.66e-06	9.11e-04	1.74e-02	8.09e-02	1.44e-01	1.42e-01	1.01e-01	7.10e-02	4.17e-02	2.59e-02	2.56e-02	1.78e-01	1.24e-01	4.23e-02	4.16e-03	2.17e-04	1.05e-05	5.12e-07	0.00e+00	0.00e+00	0.00e+00	0.00e+00
 1.13173e+23	6.08e-30	4.86e-17	2.76e-13	3.25e-10	7.90e-08	1.13e-05	1.06e-03	2.00e-02	9.06e-02	1.58e-01	1.51e-01	1.04e-01	7.16e-02	4.10e-02	2.49e-02	2.42e-02	1.63e-01	1.10e-01	3.62e-02	3.45e-03	1.75e-04	8.24e-06	3.94e-07	0.00e+00	0.00e+00	0.00e+00	0.00e+00
 1.13734e+23	8.49e-30	6.40e-17	3.53e-13	4.04e-10	9.66e-08	1.36e-05	1.27e-03	2.36e-02	1.03e-01	1.75e-01	1.62e-01	1.08e-01	7.15e-02	3.98e-02	2.35e-02	2.23e-02	1.45e-01	9.32e-02	2.94e-02	2.69e-03	1.31e-04	6.00e-06	2.79e-07	0.00e+00	0.00e+00	0.00e+00	0.00e+00
