#depth	Si	Si+	Si+2	Si+3	Si+4	Si+5	Si+6	Si+7	Si+8	Si+9	Si+10	Si+11	Si+12	Si+13	Si+14
 1.54284e+22	0.00e+00	0.00e+00	0.00e+00	0.00e+00	0.00e+00	1.63e-22	6.09e-19	7.48e-16	4.02e-13	1.06e-10	1.80e-08	3.04e-06	1.21e-03	6.19e-02	9.37e-01
 3.47568e+22	0.00e+00	0.00e+00	0.00e+00	0.00e+00	7.76e-25	6.37e-21	1.58e-17	1.29e-14	4.55e-12	7.94e-10	8.99e-08	1.01e-05	2.67e-03	9.03e-02	9.07e-01
 4.10439e+22	0.00e+00	0.00e+00	0.00e+00	2.31e-28	8.98e-24	5.76e-20	1.12e-16	7.08e-14	1.95e-11	2.64e-09	2.35e-07	2.06e-05	4.26e-03	1.13e-01	8.83e-01
 4.53404e+22	0.00e+00	0.00e+00	8.70e-32	1.97e-27	6.33e-23	3.33e-19	5.30e-16	2.76e-13	6.20e-11	6.90e-09	5.04e-07	3.62e-05	6.17e-03	1.34e-01	8.60e-01
 4.77273e+22	0.00e+00	0.00e+00	1.57e-31	3.39e-27	1.04e-22	5.21e-19	7.88e-16	3.89e-13	8.33e-11	8.81e-09	6.12e-07	4.18e-05	6.78e-03	1.40e-01	8.53e-01
 4.84955e+22	0.00e+00	0.00e+00	2.24e-31	4.70e-27	1.40e-22	6.80e-19	9.99e-16	4.79e-13	9.93e-11	1.02e-08	6.87e-07	4.56e-05	7.17e-03	1.43e-01	8.49e-01
 4.91645e+22	0.00e+00	0.00e+00	3.54e-31	7.19e-27	2.06e-22	9.63e-19	1.36e-15	6.27e-13	1.25e-10	1.23e-08	7.99e-07	5.10e-05	7.71e-03	1.48e-01	8.44e-01
 4.98595e+22	0.00e+00	0.00e+00	5.29e-31	1.04e-26	2.88e-22	1.30e-18	1.78e-15	7.92e-13	1.53e-10	1.45e-08	9.11e-07	5.62e-05	8.21e-03	1.52e-01	8.39e-01
 5.04920e+22	0.00e+00	0.00e+00	7.65e-31	1.46e-26	3.93e-22	1.72e-18	2.28e-15	9.84e-13	1.83e-10	1.69e-08	1.03e-06	6.14e-05	8.70e-03	1.57e-01	8.35e-01
 5.12178e+22	0.00e+00	0.00e+00	1.22e-30	2.25e-26	5.82e-22	2.45e-18	3.11e-15	1.29e-12	2.31e-10	2.05e-08	1.20e-06	6.88e-05	9.36e-03	1.62e-01	8.29e-01
 5.19482e+22	0.00e+00	0.00e+00	1.85e-30	3.29e-26	8.25e-22	3.35e-18	4.12e-15	1.65e-12	2.85e-10	2.44e-08	1.37e-06	7.61e-05	9.99e-03	1.67e-01	8.23e-01
 5.25560e+22	0.00e+00	0.00e+00	2.68e-30	4.64e-26	1.13e-21	4.44e-18	5.28e-15	2.05e-12	3.43e-10	2.84e-08	1.55e-06	8.32e-05	1.06e-02	1.71e-01	8.18e-01
 5.32172e+22	0.00e+00	0.00e+00	4.09e-30	6.87e-26	1.61e-21	6.12e-18	7.03e-15	2.63e-12	4.24e-10	3.39e-08	1.78e-06	9.22e-05	1.13e-02	1.76e-01	8.12e-01
 5.39302e+22	0.00e+00	0.00e+00	6.24e-30	1.01e-25	2.30e-21	8.42e-18	9.33e-15	3.36e-12	5.23e-10	4.03e-08	2.05e-06	1.02e-04	1.21e-02	1.81e-01	8.07e-01
 5.45850e+22	0.00e+00	0.00e+00	9.27e-30	1.46e-25	3.21e-21	1.14e-17	1.22e-14	4.24e-12	6.38e-10	4.75e-08	2.33e-06	1.12e-04	1.28e-02	1.86e-01	8.01e-01
 5.53106e+22	0.00e+00	0.00e+00	1.49e-29	2.26e-25	4.77e-21	1.63e-17	1.67e-14	5.60e-12	8.08e-10	5.78e-08	2.72e-06	1.26e-04	1.38e-02	1.92e-01	7.94e-01
 5.60337e+22	0.00e+00	0.00e+00	2.27e-29	3.33e-25	6.80e-21	2.24e-17	2.22e-14	7.17e-12	9.98e-10	6.88e-08	3.12e-06	1.39e-04	1.48e-02	1.98e-01	7.87e-01
 5.66235e+22	0.00e+00	0.00e+00	3.19e-29	4.56e-25	9.06e-21	2.89e-17	2.79e-14	8.75e-12	1.18e-09	7.92e-08	3.49e-06	1.51e-04	1.55e-02	2.03e-01	7.82e-01
 5.72600e+22	0.00e+00	0.00e+00	4.91e-29	6.77e-25	1.30e-20	4.01e-17	3.73e-14	1.13e-11	1.47e-09	9.47e-08	4.02e-06	1.68e-04	1.66e-02	2.08e-01	7.75e-01
 5.79411e+22	0.00e+00	1.12e-33	7.40e-29	9.87e-25	1.84e-20	5.46e-17	4.90e-14	1.43e-11	1.80e-09	1.12e-07	4.60e-06	1.85e-04	1.77e-02	2.14e-01	7.68e-01
 5.85698e+22	0.00e+00	1.69e-33	1.09e-28	1.41e-24	2.54e-20	7.30e-17	6.35e-14	1.79e-11	2.18e-09	1.32e-07	5.21e-06	2.03e-04	1.88e-02	2.20e-01	7.61e-01
 5.91749e+22	0.00e+00	2.55e-33	1.59e-28	2.00e-24	3.50e-20	9.76e-17	8.21e-14	2.25e-11	2.65e-09	1.54e-07	5.91e-06	2.23e-04	1.99e-02	2.25e-01	7.55e-01
 5.97573e+22	0.00e+00	0.00e+00	1.64e-28	2.00e-24	4.73e-20	1.28e-16	1.04e-13	2.77e-11	3.17e-09	1.79e-07	6.64e-06	2.42e-04	2.10e-02	2.30e-01	7.48e-01
 6.04115e+22	0.00e+00	4.32e-33	2.55e-28	2.99e-24	6.83e-20	1.78e-16	1.40e-13	3.58e-11	3.94e-09	2.14e-07	7.66e-06	2.69e-04	2.24e-02	2.37e-01	7.41e-01
 6.10962e+22	0.00e+00	6.75e-33	3.86e-28	4.39e-24	9.68e-20	2.44e-16	1.85e-13	4.56e-11	4.85e-09	2.55e-07	8.77e-06	2.97e-04	2.39e-02	2.43e-01	7.33e-01
 6.17011e+22	0.00e+00	0.00e+00	5.68e-28	6.26e-24	1.34e-19	3.26e-16	2.40e-13	5.72e-11	5.89e-09	2.99e-07	9.95e-06	3.26e-04	2.53e-02	2.49e-01	7.25e-01
 6.23680e+22	0.00e+00	1.71e-32	9.17e-28	9.72e-24	2.00e-19	4.68e-16	3.30e-13	7.57e-11	7.48e-09	3.65e-07	1.16e-05	3.65e-04	2.72e-02	2.56e-01	7.16e-01
 6.30508e+22	0.00e+00	2.65e-32	1.38e-27	1.41e-23	2.81e-19	6.35e-16	4.33e-13	9.59e-11	9.16e-09	4.31e-07	1.33e-05	4.02e-04	2.89e-02	2.63e-01	7.08e-01
 6.36354e+22	0.00e+00	3.95e-32	2.00e-27	1.98e-23	3.83e-19	8.41e-16	5.56e-13	1.19e-10	1.10e-08	5.03e-07	1.50e-05	4.39e-04	3.05e-02	2.68e-01	7.01e-01
 6.41907e+22	0.00e+00	5.85e-32	2.88e-27	2.77e-23	5.20e-19	1.11e-15	7.09e-13	1.48e-10	1.32e-08	5.85e-07	1.68e-05	4.78e-04	3.22e-02	2.74e-01	6.93e-01
 6.48269e+22	0.00e+00	9.50e-32	4.51e-27	4.19e-23	7.58e-19	1.55e-15	9.59e-13	1.92e-10	1.66e-08	7.05e-07	1.95e-05	5.31e-04	3.44e-02	2.82e-01	6.84e-01
 6.54861e+22	0.00e+00	1.48e-31	6.79e-27	6.08e-23	1.07e-18	2.11e-15	1.26e-12	2.44e-10	2.04e-08	8.35e-07	2.22e-05	5.85e-04	3.65e-02	2.88e-01	6.75e-01
 6.60676e+22	0.00e+00	2.23e-31	9.94e-27	8.62e-23	1.47e-18	2.81e-15	1.62e-12	3.04e-10	2.46e-08	9.78e-07	2.52e-05	6.40e-04	3.86e-02	2.94e-01	6.66e-01
 6.67159e+22	0.00e+00	3.74e-31	1.61e-26	1.34e-22	2.19e-18	4.04e-15	2.24e-12	4.03e-10	3.13e-08	1.19e-06	2.94e-05	7.16e-04	4.13e-02	3.02e-01	6.56e-01
 6.73536e+22	0.00e+00	5.69e-31	2.37e-26	1.91e-22	3.03e-18	5.41e-15	2.90e-12	5.06e-10	3.81e-08	1.40e-06	3.33e-05	7.84e-04	4.37e-02	3.09e-01	6.47e-01
 6.78812e+22	0.00e+00	8.42e-31	3.41e-26	2.66e-22	4.11e-18	7.10e-15	3.70e-12	6.25e-10	4.56e-08	1.63e-06	3.74e-05	8.53e-04	4.60e-02	3.15e-01	6.38e-01
 6.84708e+22	0.00e+00	1.35e-30	5.30e-26	3.97e-22	5.93e-18	9.89e-15	4.96e-12	8.08e-10	5.69e-08	1.96e-06	4.32e-05	9.44e-04	4.90e-02	3.22e-01	6.28e-01
 6.90840e+22	0.00e+00	2.06e-30	7.83e-26	5.67e-22	8.21e-18	1.32e-14	6.43e-12	1.01e-09	6.91e-08	2.30e-06	4.89e-05	1.03e-03	5.18e-02	3.28e-01	6.19e-01
 6.96370e+22	0.00e+00	3.12e-30	1.15e-25	8.04e-22	1.13e-17	1.77e-14	8.31e-12	1.27e-09	8.37e-08	2.69e-06	5.53e-05	1.13e-03	5.46e-02	3.35e-01	6.09e-01
 7.02647e+22	0.00e+00	5.24e-30	1.86e-25	1.24e-21	1.69e-17	2.53e-14	1.14e-11	1.68e-09	1.06e-07	3.29e-06	6.45e-05	1.26e-03	5.84e-02	3.43e-01	5.98e-01
 7.08812e+22	0.00e+00	8.00e-30	2.74e-25	1.78e-21	2.34e-17	3.39e-14	1.48e-11	2.10e-09	1.29e-07	3.86e-06	7.31e-05	1.38e-03	6.17e-02	3.49e-01	5.88e-01
 7.13860e+22	0.00e+00	1.16e-29	3.87e-25	2.43e-21	3.11e-17	4.39e-14	1.86e-11	2.57e-09	1.54e-07	4.45e-06	8.16e-05	1.49e-03	6.46e-02	3.55e-01	5.79e-01
 7.19450e+22	0.00e+00	1.87e-29	6.00e-25	3.62e-21	4.48e-17	6.10e-14	2.50e-11	3.32e-09	1.91e-07	5.34e-06	9.39e-05	1.65e-03	6.86e-02	3.62e-01	5.68e-01
 7.25233e+22	0.00e+00	2.83e-29	8.82e-25	5.13e-21	6.18e-17	8.14e-14	3.23e-11	4.15e-09	2.32e-07	6.26e-06	1.06e-04	1.80e-03	7.23e-02	3.68e-01	5.58e-01
 7.30404e+22	0.00e+00	3.44e-29	1.04e-24	7.15e-21	8.37e-17	1.07e-13	4.12e-11	5.13e-09	2.78e-07	7.28e-06	1.19e-04	1.95e-03	7.59e-02	3.74e-01	5.48e-01
 7.36262e+22	0.00e+00	5.68e-29	1.65e-24	1.09e-20	1.23e-16	1.51e-13	5.60e-11	6.72e-09	3.51e-07	8.82e-06	1.38e-04	2.17e-03	8.08e-02	3.81e-01	5.36e-01
 7.42067e+22	0.00e+00	8.61e-29	2.42e-24	1.54e-20	1.69e-16	2.02e-13	7.22e-11	8.39e-09	4.24e-07	1.03e-05	1.56e-04	2.36e-03	8.50e-02	3.87e-01	5.25e-01
 7.46930e+22	0.00e+00	1.24e-28	3.39e-24	2.09e-20	2.24e-16	2.59e-13	9.02e-11	1.02e-08	5.02e-07	1.19e-05	1.73e-04	2.55e-03	8.88e-02	3.92e-01	5.16e-01
 7.52380e+22	0.00e+00	2.00e-28	5.27e-24	3.11e-20	3.22e-16	3.60e-13	1.21e-10	1.32e-08	6.25e-07	1.42e-05	1.99e-04	2.81e-03	9.40e-02	3.99e-01	5.04e-01
 7.57949e+22	0.00e+00	3.01e-28	7.69e-24	4.37e-20	4.41e-16	4.77e-13	1.55e-10	1.64e-08	7.55e-07	1.66e-05	2.24e-04	3.05e-03	9.87e-02	4.04e-01	4.94e-01
 7.62849e+22	0.00e+00	4.43e-28	1.10e-23	6.02e-20	5.92e-16	6.23e-13	1.96e-10	2.01e-08	9.00e-07	1.92e-05	2.51e-04	3.30e-03	1.03e-01	4.09e-01	4.84e-01
 7.68398e+22	0.00e+00	7.17e-28	1.71e-23	9.00e-20	8.56e-16	8.68e-13	2.64e-10	2.61e-08	1.12e-06	2.31e-05	2.88e-04	3.64e-03	1.09e-01	4.15e-01	4.71e-01
 7.74114e+22	0.00e+00	1.10e-27	2.53e-23	1.28e-19	1.18e-15	1.16e-12	3.42e-10	3.27e-08	1.37e-06	2.71e-05	3.26e-04	3.97e-03	1.15e-01	4.21e-01	4.60e-01
 7.79158e+22	0.00e+00	1.64e-27	3.67e-23	1.79e-19	1.61e-15	1.53e-12	4.37e-10	4.05e-08	1.64e-06	3.16e-05	3.66e-04	4.30e-03	1.20e-01	4.25e-01	4.50e-01
 7.84052e+22	0.00e+00	2.45e-27	5.30e-23	2.49e-19	2.18e-15	2.02e-12	5.58e-10	5.01e-08	1.97e-06	3.67e-05	4.11e-04	4.66e-03	1.26e-01	4.30e-01	4.39e-01
 7.89643e+22	0.00e+00	4.02e-27	8.37e-23	3.76e-19	3.19e-15	2.84e-12	7.55e-10	6.53e-08	2.48e-06	4.43e-05	4.73e-04	5.14e-03	1.33e-01	4.35e-01	4.26e-01
 7.95355e+22	0.00e+00	6.10e-27	1.23e-22	5.30e-19	4.38e-15	3.77e-12	9.73e-10	8.15e-08	3.00e-06	5.18e-05	5.33e-04	5.58e-03	1.39e-01	4.40e-01	4.15e-01
 8.01226e+22	0.00e+00	1.03e-26	1.98e-22	8.14e-19	6.50e-15	5.39e-12	1.34e-09	1.07e-07	3.80e-06	6.30e-05	6.18e-04	6.18e-03	1.47e-01	4.44e-01	4.01e-01
 8.07206e+22	0.00e+00	1.62e-26	3.01e-22	1.19e-18	9.19e-15	7.37e-12	1.76e-09	1.37e-07	4.68e-06	7.49e-05	7.04e-04	6.75e-03	1.55e-01	4.48e-01	3.89e-01
 8.12069e+22	0.00e+00	2.33e-26	4.20e-22	1.60e-18	1.21e-14	9.45e-12	2.20e-09	1.66e-07	5.53e-06	8.59e-05	7.80e-04	7.24e-03	1.61e-01	4.51e-01	3.80e-01
 8.17127e+22	0.00e+00	3.69e-26	6.41e-22	2.33e-18	1.72e-14	1.29e-11	2.91e-09	2.12e-07	6.82e-06	1.02e-04	8.89e-04	7.91e-03	1.69e-01	4.55e-01	3.68e-01
 8.22371e+22	0.00e+00	5.52e-26	9.27e-22	3.25e-18	2.33e-14	1.70e-11	3.71e-09	2.63e-07	8.20e-06	1.19e-04	9.95e-04	8.55e-03	1.76e-01	4.58e-01	3.57e-01
 8.26721e+22	0.00e+00	7.69e-26	1.26e-21	4.26e-18	2.99e-14	2.14e-11	4.54e-09	3.13e-07	9.55e-06	1.35e-04	1.09e-03	9.11e-03	1.82e-01	4.60e-01	3.48e-01
 8.31242e+22	0.00e+00	1.16e-25	1.84e-21	5.98e-18	4.10e-14	2.84e-11	5.84e-09	3.91e-07	1.15e-05	1.57e-04	1.23e-03	9.85e-03	1.89e-01	4.62e-01	3.37e-01
 8.35554e+22	0.00e+00	1.58e-25	2.44e-21	7.68e-18	5.17e-14	3.50e-11	7.04e-09	4.60e-07	1.33e-05	1.76e-04	1.34e-03	1.04e-02	1.95e-01	4.63e-01	3.29e-01
 8.39003e+22	0.00e+00	2.14e-25	3.20e-21	9.80e-18	6.48e-14	4.29e-11	8.44e-09	5.39e-07	1.52e-05	1.97e-04	1.46e-03	1.10e-02	2.01e-01	4.64e-01	3.22e-01
 8.42374e+22	0.00e+00	2.84e-25	4.15e-21	1.23e-17	8.02e-14	5.20e-11	1.00e-08	6.26e-07	1.73e-05	2.19e-04	1.58e-03	1.16e-02	2.07e-01	4.65e-01	3.14e-01
 8.45684e+22	0.00e+00	3.67e-25	5.25e-21	1.52e-17	9.74e-14	6.21e-11	1.17e-08	7.18e-07	1.95e-05	2.42e-04	1.69e-03	1.22e-02	2.12e-01	4.66e-01	3.08e-01
 8.49430e+22	0.00e+00	5.19e-25	7.20e-21	2.01e-17	1.26e-13	7.85e-11	1.45e-08	8.63e-07	2.28e-05	2.75e-04	1.86e-03	1.30e-02	2.19e-01	4.67e-01	2.99e-01
 8.53201e+22	0.00e+00	7.01e-25	9.47e-21	2.57e-17	1.58e-13	9.63e-11	1.73e-08	1.01e-06	2.62e-05	3.08e-04	2.03e-03	1.38e-02	2.25e-01	4.67e-01	2.91e-01
 8.56380e+22	0.00e+00	9.19e-25	1.21e-20	3.19e-17	1.94e-13	1.16e-10	2.04e-08	1.17e-06	2.96e-05	3.41e-04	2.18e-03	1.44e-02	2.31e-01	4.68e-01	2.84e-01
 8.59354e+22	0.00e+00	1.20e-24	1.54e-20	3.94e-17	2.36e-13	1.38e-10	2.39e-08	1.34e-06	3.34e-05	3.76e-04	2.35e-03	1.52e-02	2.37e-01	4.68e-01	2.78e-01
 8.62225e+22	0.00e+00	1.50e-24	1.89e-20	4.74e-17	2.80e-13	1.62e-10	2.75e-08	1.51e-06	3.71e-05	4.10e-04	2.50e-03	1.58e-02	2.42e-01	4.68e-01	2.72e-01
 8.65495e+22	0.00e+00	2.06e-24	2.52e-20	6.09e-17	3.54e-13	2.00e-10	3.32e-08	1.79e-06	4.28e-05	4.61e-04	2.73e-03	1.67e-02	2.49e-01	4.67e-01	2.64e-01
 8.68857e+22	0.00e+00	2.73e-24	3.25e-20	7.62e-17	4.37e-13	2.42e-10	3.94e-08	2.07e-06	4.87e-05	5.12e-04	2.95e-03	1.76e-02	2.55e-01	4.67e-01	2.57e-01
 8.71781e+22	0.00e+00	3.51e-24	4.08e-20	9.32e-17	5.27e-13	2.87e-10	4.59e-08	2.37e-06	5.46e-05	5.63e-04	3.16e-03	1.84e-02	2.61e-01	4.66e-01	2.51e-01
 8.75023e+22	0.00e+00	4.83e-24	5.44e-20	1.20e-16	6.68e-13	3.55e-10	5.56e-08	2.80e-06	6.32e-05	6.34e-04	3.45e-03	1.95e-02	2.68e-01	4.65e-01	2.43e-01
 8.78185e+22	0.00e+00	6.15e-24	6.78e-20	1.45e-16	7.99e-13	4.18e-10	6.43e-08	3.19e-06	7.06e-05	6.94e-04	3.69e-03	2.03e-02	2.73e-01	4.64e-01	2.38e-01
 8.80826e+22	0.00e+00	7.87e-24	8.46e-20	1.76e-16	9.59e-13	4.94e-10	7.46e-08	3.63e-06	7.90e-05	7.61e-04	3.95e-03	2.12e-02	2.79e-01	4.63e-01	2.32e-01
 8.83427e+22	0.00e+00	9.90e-24	1.04e-19	2.11e-16	1.14e-12	5.77e-10	8.58e-08	4.10e-06	8.78e-05	8.29e-04	4.20e-03	2.21e-02	2.84e-01	4.62e-01	2.26e-01
 8.86390e+22	0.00e+00	1.34e-23	1.37e-19	2.68e-16	1.42e-12	7.07e-10	1.03e-07	4.82e-06	1.01e-04	9.29e-04	4.57e-03	2.33e-02	2.91e-01	4.60e-01	2.19e-01
 8.89396e+22	0.00e+00	1.74e-23	1.73e-19	3.28e-16	1.72e-12	8.43e-10	1.21e-07	5.53e-06	1.14e-04	1.02e-03	4.91e-03	2.44e-02	2.98e-01	4.59e-01	2.13e-01
 8.91986e+22	0.00e+00	2.20e-23	2.13e-19	3.94e-16	2.05e-12	9.86e-10	1.39e-07	6.26e-06	1.27e-04	1.12e-03	5.23e-03	2.54e-02	3.03e-01	4.57e-01	2.08e-01
 8.94883e+22	0.00e+00	2.99e-23	2.80e-19	5.00e-16	2.56e-12	1.21e-09	1.67e-07	7.37e-06	1.46e-04	1.26e-03	5.69e-03	2.67e-02	3.11e-01	4.55e-01	2.01e-01
 8.97840e+22	0.00e+00	3.87e-23	3.53e-19	6.09e-16	3.09e-12	1.44e-09	1.95e-07	8.45e-06	1.64e-04	1.38e-03	6.10e-03	2.79e-02	3.17e-01	4.52e-01	1.95e-01
 9.00479e+22	0.00e+00	4.99e-23	4.42e-19	7.40e-16	3.72e-12	1.71e-09	2.28e-07	9.68e-06	1.85e-04	1.52e-03	6.54e-03	2.92e-02	3.23e-01	4.50e-01	1.90e-01
 9.03512e+22	0.00e+00	7.00e-23	5.98e-19	9.58e-16	4.76e-12	2.15e-09	2.80e-07	1.16e-05	2.16e-04	1.73e-03	7.18e-03	3.09e-02	3.31e-01	4.47e-01	1.82e-01
 9.06420e+22	0.00e+00	8.80e-23	7.32e-19	1.14e-15	5.63e-12	2.50e-09	3.21e-07	1.31e-05	2.40e-04	1.88e-03	7.64e-03	3.21e-02	3.37e-01	4.44e-01	1.77e-01
 9.09165e+22	0.00e+00	1.21e-22	9.69e-19	1.45e-15	7.08e-12	3.09e-09	3.89e-07	1.55e-05	2.78e-04	2.13e-03	8.33e-03	3.39e-02	3.44e-01	4.40e-01	1.71e-01
 9.11928e+22	0.00e+00	1.52e-22	1.19e-18	1.72e-15	8.37e-12	3.61e-09	4.48e-07	1.75e-05	3.09e-04	2.32e-03	8.86e-03	3.52e-02	3.50e-01	4.38e-01	1.66e-01
 9.14714e+22	0.00e+00	2.12e-22	1.59e-18	2.20e-15	1.06e-11	4.51e-09	5.48e-07	2.09e-05	3.61e-04	2.63e-03	9.71e-03	3.72e-02	3.58e-01	4.33e-01	1.59e-01
 9.17408e+22	0.00e+00	2.62e-22	1.92e-18	2.59e-15	1.24e-11	5.20e-09	6.24e-07	2.35e-05	3.99e-04	2.85e-03	1.03e-02	3.85e-02	3.63e-01	4.30e-01	1.55e-01
 9.19981e+22	0.00e+00	3.60e-22	2.53e-18	3.26e-15	1.56e-11	6.43e-09	7.58e-07	2.79e-05	4.63e-04	3.21e-03	1.12e-02	4.05e-02	3.71e-01	4.25e-01	1.48e-01
 9.22553e+22	0.00e+00	4.47e-22	3.06e-18	3.83e-15	1.82e-11	7.44e-09	8.65e-07	3.13e-05	5.12e-04	3.49e-03	1.19e-02	4.20e-02	3.76e-01	4.22e-01	1.44e-01
 9.25125e+22	0.00e+00	6.16e-22	4.04e-18	4.82e-15	2.29e-11	9.22e-09	1.05e-06	3.73e-05	5.95e-04	3.94e-03	1.30e-02	4.42e-02	3.84e-01	4.17e-01	1.38e-01
 9.27706e+22	0.00e+00	7.74e-22	4.93e-18	5.70e-15	2.70e-11	1.08e-08	1.21e-06	4.22e-05	6.63e-04	4.30e-03	1.38e-02	4.58e-02	3.89e-01	4.13e-01	1.33e-01
 9.30298e+22	0.00e+00	1.07e-21	6.50e-18	7.15e-15	3.39e-11	1.33e-08	1.48e-06	5.02e-05	7.72e-04	4.86e-03	1.51e-02	4.83e-02	3.97e-01	4.07e-01	1.27e-01
 9.32935e+22	0.00e+00	1.35e-21	8.01e-18	8.51e-15	4.02e-11	1.57e-08	1.71e-06	5.72e-05	8.64e-04	5.33e-03	1.61e-02	5.01e-02	4.02e-01	4.03e-01	1.23e-01
 9.35631e+22	0.00e+00	1.87e-21	1.06e-17	1.07e-14	5.06e-11	1.95e-08	2.10e-06	6.83e-05	1.01e-03	6.03e-03	1.76e-02	5.27e-02	4.10e-01	3.96e-01	1.17e-01
 9.38306e+22	0.00e+00	2.39e-21	1.31e-17	1.27e-14	6.03e-11	2.30e-08	2.44e-06	7.81e-05	1.13e-03	6.62e-03	1.88e-02	5.48e-02	4.15e-01	3.91e-01	1.12e-01
 9.40953e+22	0.00e+00	3.28e-21	1.71e-17	1.59e-14	7.56e-11	2.86e-08	2.98e-06	9.32e-05	1.32e-03	7.48e-03	2.05e-02	5.75e-02	4.22e-01	3.84e-01	1.07e-01
 9.43645e+22	0.00e+00	4.23e-21	2.13e-17	1.89e-14	9.05e-11	3.39e-08	3.49e-06	1.07e-04	1.49e-03	8.24e-03	2.19e-02	5.98e-02	4.27e-01	3.79e-01	1.02e-01
 9.46394e+22	0.00e+00	5.88e-21	2.82e-17	2.37e-14	1.14e-10	4.25e-08	4.30e-06	1.29e-04	1.74e-03	9.35e-03	2.40e-02	6.29e-02	4.34e-01	3.71e-01	9.68e-02
 9.49164e+22	0.00e+00	7.58e-21	3.50e-17	2.83e-14	1.37e-10	5.06e-08	5.06e-06	1.49e-04	1.97e-03	1.03e-02	2.57e-02	6.54e-02	4.39e-01	3.65e-01	9.26e-02
 9.51960e+22	0.00e+00	1.06e-20	4.64e-17	3.54e-14	1.74e-10	6.35e-08	6.25e-06	1.79e-04	2.31e-03	1.17e-02	2.81e-02	6.87e-02	4.45e-01	3.56e-01	8.72e-02
 9.54771e+22	1.72e-34	1.36e-20	5.74e-17	4.20e-14	2.08e-10	7.56e-08	7.35e-06	2.06e-04	2.60e-03	1.29e-02	3.01e-02	7.13e-02	4.50e-01	3.50e-01	8.33e-02
 9.57207e+22	2.33e-34	1.74e-20	7.07e-17	4.96e-14	2.48e-10	8.96e-08	8.61e-06	2.37e-04	2.93e-03	1.42e-02	3.22e-02	7.39e-02	4.54e-01	3.43e-01	7.94e-02
 9.59976e+22	3.48e-34	2.40e-20	9.25e-17	6.13e-14	3.11e-10	1.12e-07	1.06e-05	2.85e-04	3.43e-03	1.61e-02	3.51e-02	7.74e-02	4.59e-01	3.34e-01	7.46e-02
 9.62717e+22	4.62e-34	3.01e-20	1.12e-16	7.13e-14	3.66e-10	1.31e-07	1.23e-05	3.24e-04	3.82e-03	1.75e-02	3.73e-02	7.99e-02	4.62e-01	3.28e-01	7.12e-02
 9.65421e+22	6.73e-34	4.08e-20	1.44e-16	8.69e-14	4.54e-10	1.62e-07	1.49e-05	3.85e-04	4.42e-03	1.96e-02	4.04e-02	8.34e-02	4.66e-01	3.19e-01	6.69e-02
 9.68179e+22	8.95e-34	5.13e-20	1.75e-16	1.01e-13	5.35e-10	1.90e-07	1.73e-05	4.38e-04	4.94e-03	2.14e-02	4.29e-02	8.60e-02	4.69e-01	3.12e-01	6.36e-02
 9.71008e+22	1.30e-33	6.93e-20	2.25e-16	1.23e-13	6.62e-10	2.34e-07	2.11e-05	5.21e-04	5.71e-03	2.40e-02	4.64e-02	8.96e-02	4.72e-01	3.02e-01	5.95e-02
 9.73906e+22	1.74e-33	8.77e-20	2.73e-16	1.43e-13	7.83e-10	2.76e-07	2.46e-05	5.95e-04	6.39e-03	2.62e-02	4.93e-02	9.24e-02	4.74e-01	2.95e-01	5.64e-02
 9.76892e+22	2.53e-33	1.19e-19	3.51e-16	1.74e-13	9.71e-10	3.41e-07	3.00e-05	7.08e-04	7.39e-03	2.94e-02	5.32e-02	9.60e-02	4.76e-01	2.85e-01	5.26e-02
 9.79944e+22	3.39e-33	1.50e-19	4.27e-16	2.03e-13	1.15e-09	4.01e-07	3.49e-05	8.09e-04	8.25e-03	3.20e-02	5.65e-02	9.89e-02	4.77e-01	2.77e-01	4.97e-02
 9.83081e+22	4.92e-33	2.03e-19	5.48e-16	2.46e-13	1.42e-09	4.95e-07	4.25e-05	9.60e-04	9.51e-03	3.57e-02	6.08e-02	1.03e-01	4.77e-01	2.67e-01	4.61e-02
 9.86278e+22	6.57e-33	2.56e-19	6.66e-16	2.86e-13	1.68e-09	5.82e-07	4.94e-05	1.10e-03	1.06e-02	3.89e-02	6.44e-02	1.05e-01	4.77e-01	2.59e-01	4.34e-02
 9.89550e+22	9.48e-33	3.45e-19	8.52e-16	3.46e-13	2.07e-09	7.16e-07	6.00e-05	1.30e-03	1.22e-02	4.33e-02	6.92e-02	1.09e-01	4.76e-01	2.49e-01	4.01e-02
 9.92843e+22	1.25e-32	4.32e-19	1.03e-15	4.00e-13	2.43e-09	8.38e-07	6.94e-05	1.47e-03	1.35e-02	4.69e-02	7.30e-02	1.12e-01	4.75e-01	2.41e-01	3.77e-02
 9.96163e+22	1.78e-32	5.76e-19	1.30e-15	4.80e-13	2.97e-09	1.02e-06	8.35e-05	1.73e-03	1.55e-02	5.19e-02	7.80e-02	1.15e-01	4.73e-01	2.31e-01	3.47e-02
 9.99562e+22	2.35e-32	7.21e-19	1.57e-15	5.55e-13	3.48e-09	1.19e-06	9.65e-05	1.97e-03	1.71e-02	5.61e-02	8.20e-02	1.18e-01	4.70e-01	2.22e-01	3.25e-02
 1.00252e+23	3.04e-32	8.89e-19	1.87e-15	6.34e-13	4.03e-09	1.38e-06	1.10e-04	2.21e-03	1.88e-02	6.02e-02	8.59e-02	1.20e-01	4.67e-01	2.15e-01	3.06e-02
 1.00581e+23	4.22e-32	1.16e-18	2.33e-15	7.51e-13	4.86e-09	1.65e-06	1.31e-04	2.56e-03	2.12e-02	6.59e-02	9.10e-02	1.23e-01	4.63e-01	2.05e-01	2.82e-02
 1.00912e+23	5.40e-32	1.42e-18	2.76e-15	8.55e-13	5.59e-09	1.89e-06	1.48e-04	2.86e-03	2.31e-02	7.04e-02	9.48e-02	1.25e-01	4.59e-01	1.98e-01	2.65e-02
 1.01245e+23	7.41e-32	1.84e-18	3.42e-15	1.01e-12	6.68e-09	2.26e-06	1.74e-04	3.29e-03	2.59e-02	7.66e-02	1.00e-01	1.27e-01	4.54e-01	1.89e-01	2.43e-02
 1.01585e+23	9.49e-32	2.25e-18	4.05e-15	1.15e-12	7.67e-09	2.58e-06	1.98e-04	3.67e-03	2.83e-02	8.16e-02	1.04e-01	1.29e-01	4.49e-01	1.82e-01	2.28e-02
 1.01884e+23	1.21e-31	2.74e-18	4.76e-15	1.30e-12	8.78e-09	2.94e-06	2.23e-04	4.08e-03	3.07e-02	8.68e-02	1.08e-01	1.31e-01	4.44e-01	1.75e-01	2.13e-02
 1.02225e+23	1.64e-31	3.53e-18	5.87e-15	1.53e-12	1.04e-08	3.48e-06	2.61e-04	4.67e-03	3.42e-02	9.39e-02	1.13e-01	1.33e-01	4.36e-01	1.66e-01	1.95e-02
 1.02564e+23	2.05e-31	4.24e-18	6.85e-15	1.73e-12	1.18e-08	3.93e-06	2.92e-04	5.13e-03	3.68e-02	9.91e-02	1.17e-01	1.34e-01	4.30e-01	1.59e-01	1.83e-02
 1.02900e+23	2.76e-31	5.40e-18	8.37e-15	2.01e-12	1.39e-08	4.60e-06	3.38e-04	5.83e-03	4.07e-02	1.06e-01	1.22e-01	1.35e-01	4.22e-01	1.51e-01	1.67e-02
 1.03244e+23	3.46e-31	6.51e-18	9.80e-15	2.28e-12	1.57e-08	5.19e-06	3.77e-04	6.41e-03	4.38e-02	1.12e-01	1.25e-01	1.36e-01	4.15e-01	1.44e-01	1.56e-02
 1.03596e+23	4.66e-31	8.32e-18	1.20e-14	2.66e-12	1.84e-08	6.06e-06	4.36e-04	7.26e-03	4.82e-02	1.20e-01	1.30e-01	1.37e-01	4.06e-01	1.36e-01	1.42e-02
 1.03954e+23	5.86e-31	1.01e-17	1.41e-14	3.02e-12	2.09e-08	6.84e-06	4.87e-04	7.98e-03	5.19e-02	1.26e-01	1.34e-01	1.38e-01	3.98e-01	1.30e-01	1.32e-02
 1.04322e+23	7.90e-31	1.29e-17	1.73e-14	3.54e-12	2.45e-08	7.98e-06	5.61e-04	9.02e-03	5.70e-02	1.35e-01	1.39e-01	1.38e-01	3.87e-01	1.22e-01	1.20e-02
 1.04696e+23	4.90e-31	1.56e-17	2.04e-14	4.02e-12	2.78e-08	8.99e-06	6.26e-04	9.90e-03	6.11e-02	1.42e-01	1.42e-01	1.39e-01	3.79e-01	1.16e-01	1.11e-02
 1.05079e+23	6.63e-31	2.01e-17	2.51e-14	4.72e-12	3.25e-08	1.05e-05	7.21e-04	1.12e-02	6.69e-02	1.51e-01	1.46e-01	1.39e-01	3.67e-01	1.08e-01	9.96e-03
 1.05453e+23	8.18e-31	2.39e-17	2.92e-14	5.33e-12	3.65e-08	1.17e-05	7.93e-04	1.21e-02	7.11e-02	1.57e-01	1.49e-01	1.38e-01	3.59e-01	1.03e-01	9.28e-03
 1.05816e+23	1.09e-30	3.02e-17	3.54e-14	6.19e-12	4.21e-08	1.34e-05	9.03e-04	1.35e-02	7.72e-02	1.66e-01	1.53e-01	1.38e-01	3.47e-01	9.65e-02	8.36e-03
 1.06185e+23	1.34e-30	3.60e-17	4.12e-14	6.99e-12	4.72e-08	1.49e-05	9.93e-04	1.46e-02	8.18e-02	1.72e-01	1.56e-01	1.37e-01	3.38e-01	9.18e-02	7.76e-03
 1.06561e+23	1.77e-30	4.54e-17	5.01e-14	8.14e-12	5.45e-08	1.71e-05	1.12e-03	1.63e-02	8.84e-02	1.81e-01	1.59e-01	1.36e-01	3.26e-01	8.55e-02	6.98e-03
 1.06948e+23	2.22e-30	5.49e-17	5.88e-14	9.24e-12	6.13e-08	1.91e-05	1.24e-03	1.77e-02	9.39e-02	1.88e-01	1.61e-01	1.35e-01	3.16e-01	8.06e-02	6.40e-03
 1.07351e+23	2.95e-30	6.96e-17	7.20e-14	1.09e-11	7.09e-08	2.19e-05	1.41e-03	1.96e-02	1.01e-01	1.97e-01	1.64e-01	1.34e-01	3.03e-01	7.47e-02	5.73e-03
 1.07766e+23	3.74e-30	8.51e-17	8.54e-14	1.24e-11	8.02e-08	2.46e-05	1.56e-03	2.14e-02	1.08e-01	2.04e-01	1.66e-01	1.32e-01	2.93e-01	6.99e-02	5.21e-03
 1.08199e+23	5.03e-30	1.09e-16	1.06e-13	1.47e-11	9.34e-08	2.83e-05	1.77e-03	2.37e-02	1.16e-01	2.13e-01	1.68e-01	1.30e-01	2.79e-01	6.43e-02	4.62e-03
 1.08643e+23	6.45e-30	1.34e-16	1.26e-13	1.70e-11	1.06e-07	3.18e-05	1.96e-03	2.58e-02	1.23e-01	2.21e-01	1.69e-01	1.28e-01	2.68e-01	5.99e-02	4.17e-03
 1.09103e+23	8.76e-30	1.74e-16	1.57e-13	2.03e-11	1.24e-07	3.67e-05	2.23e-03	2.87e-02	1.32e-01	2.30e-01	1.70e-01	1.25e-01	2.54e-01	5.46e-02	3.67e-03
 1.09577e+23	1.13e-29	2.16e-16	1.90e-13	2.35e-11	1.41e-07	4.14e-05	2.47e-03	3.12e-02	1.40e-01	2.37e-01	1.71e-01	1.22e-01	2.42e-01	5.04e-02	3.28e-03
 1.10071e+23	1.56e-29	2.82e-16	2.39e-13	2.83e-11	1.66e-07	4.80e-05	2.81e-03	3.47e-02	1.50e-01	2.46e-01	1.71e-01	1.19e-01	2.28e-01	4.56e-02	2.85e-03
 1.10579e+23	2.05e-29	3.54e-16	2.91e-13	3.32e-11	1.89e-07	5.42e-05	3.13e-03	3.78e-02	1.59e-01	2.53e-01	1.71e-01	1.16e-01	2.16e-01	4.18e-02	2.52e-03
 1.11038e+23	2.65e-29	4.39e-16	3.51e-13	3.86e-11	2.16e-07	6.10e-05	3.46e-03	4.09e-02	1.67e-01	2.60e-01	1.71e-01	1.13e-01	2.05e-01	3.84e-02	2.25e-03
 1.11564e+23	3.73e-29	5.84e-16	4.48e-13	4.69e-11	2.54e-07	7.08e-05	3.95e-03	4.55e-02	1.79e-01	2.68e-01	1.70e-01	1.08e-01	1.90e-01	3.41e-02	1.91e-03
 1.12093e+23	4.82e-29	7.25e-16	5.41e-13	5.46e-11	2.89e-07	7.94e-05	4.35e-03	4.91e-02	1.88e-01	2.74e-01	1.68e-01	1.05e-01	1.79e-01	3.12e-02	1.69e-03
 1.12628e+23	6.73e-29	9.59e-16	6.88e-13	6.62e-11	3.39e-07	9.16e-05	4.93e-03	5.42e-02	1.99e-01	2.80e-01	1.66e-01	1.00e-01	1.66e-01	2.76e-02	1.43e-03
 1.13173e+23	8.81e-29	1.20e-15	8.36e-13	7.73e-11	3.85e-07	1.03e-04	5.44e-03	5.85e-02	2.09e-01	2.85e-01	1.64e-01	9.65e-02	1.55e-01	2.49e-02	1.25e-03
 1.13734e+23	1.24e-28	1.60e-15	1.07e-12	9.40e-11	4.52e-07	1.19e-04	6.15e-03	6.44e-02	2.21e-01	2.91e-01	1.61e-01	9.17e-02	1.42e-01	2.18e-02	1.05e-03
 1.14306e+23	1.64e-28	2.03e-15	1.31e-12	1.10e-10	5.15e-07	1.33e-04	6.79e-03	6.96e-02	2.31e-01	2.95e-01	1.58e-01	8.76e-02	1.32e-01	1.95e-02	9.03e-04
 1.14815e+23	2.15e-28	2.55e-15	1.59e-12	1.29e-10	5.83e-07	1.49e-04	7.47e-03	7.49e-02	2.41e-01	2.98e-01	1.55e-01	8.36e-02	1.22e-01	1.74e-02	7.78e-04
 1.15400e+23	3.05e-28	3.44e-15	2.05e-12	1.57e-10	6.82e-07	1.71e-04	8.43e-03	8.22e-02	2.53e-01	3.01e-01	1.50e-01	7.84e-02	1.10e-01	1.50e-02	6.38e-04
 1.15954e+23	3.84e-28	4.20e-15	2.43e-12	1.80e-10	7.60e-07	1.89e-04	9.12e-03	8.73e-02	2.62e-01	3.03e-01	1.47e-01	7.51e-02	1.03e-01	1.35e-02	5.59e-04
 1.16470e+23	5.24e-28	5.47e-15	3.03e-12	2.13e-10	8.65e-07	2.12e-04	1.01e-02	9.46e-02	2.73e-01	3.04e-01	1.42e-01	7.05e-02	9.33e-02	1.17e-02	4.63e-04
 1.16987e+23	6.58e-28	6.68e-15	3.59e-12	2.43e-10	9.59e-07	2.32e-04	1.09e-02	1.00e-01	2.81e-01	3.05e-01	1.38e-01	6.72e-02	8.66e-02	1.06e-02	4.03e-04
 1.17504e+23	8.88e-28	8.66e-15	4.45e-12	2.87e-10	1.09e-06	2.60e-04	1.20e-02	1.08e-01	2.91e-01	3.05e-01	1.33e-01	6.30e-02	7.83e-02	9.13e-03	3.34e-04
 1.18034e+23	1.13e-27	1.07e-14	5.32e-12	3.29e-10	1.21e-06	2.86e-04	1.30e-02	1.15e-01	2.99e-01	3.04e-01	1.29e-01	5.95e-02	7.20e-02	8.09e-03	2.85e-04
 1.18580e+23	1.55e-27	1.42e-14	6.68e-12	3.92e-10	1.37e-06	3.21e-04	1.44e-02	1.24e-01	3.09e-01	3.02e-01	1.23e-01	5.52e-02	6.42e-02	6.88e-03	2.31e-04
 1.19129e+23	1.97e-27	1.75e-14	7.98e-12	4.49e-10	1.52e-06	3.51e-04	1.55e-02	1.31e-01	3.17e-01	3.00e-01	1.19e-01	5.21e-02	5.88e-02	6.07e-03	1.97e-04
 1.19681e+23	2.68e-27	2.32e-14	1.00e-11	5.34e-10	1.72e-06	3.92e-04	1.71e-02	1.41e-01	3.26e-01	2.97e-01	1.13e-01	4.80e-02	5.21e-02	5.12e-03	1.58e-04
 1.20244e+23	3.43e-27	2.91e-14	1.21e-11	6.15e-10	1.90e-06	4.29e-04	1.85e-02	1.49e-01	3.34e-01	2.94e-01	1.08e-01	4.49e-02	4.72e-02	4.46e-03	1.32e-04
 1.20822e+23	4.71e-27	3.91e-14	1.53e-11	7.37e-10	2.16e-06	4.81e-04	2.03e-02	1.61e-01	3.42e-01	2.88e-01	1.01e-01	4.11e-02	4.13e-02	3.70e-03	1.04e-04
 1.21410e+23	6.08e-27	4.97e-14	1.86e-11	8.53e-10	2.40e-06	5.27e-04	2.20e-02	1.71e-01	3.49e-01	2.84e-01	9.62e-02	3.81e-02	3.70e-02	3.18e-03	8.60e-05
 1.22013e+23	8.42e-27	6.80e-14	2.40e-11	1.03e-09	2.74e-06	5.92e-04	2.43e-02	1.84e-01	3.57e-01	2.76e-01	8.95e-02	3.45e-02	3.20e-02	2.59e-03	6.64e-05
 1.22623e+23	1.09e-26	8.73e-14	2.93e-11	1.20e-09	3.04e-06	6.49e-04	2.62e-02	1.94e-01	3.62e-01	2.70e-01	8.43e-02	3.18e-02	2.84e-02	2.20e-03	5.40e-05
 1.23138e+23	1.37e-26	1.10e-13	3.52e-11	1.38e-09	3.35e-06	7.05e-04	2.81e-02	2.05e-01	3.66e-01	2.64e-01	7.96e-02	2.94e-02	2.54e-02	1.89e-03	4.45e-05
 1.23699e+23	1.84e-26	1.48e-13	4.46e-11	1.65e-09	3.79e-06	7.85e-04	3.07e-02	2.18e-01	3.71e-01	2.55e-01	7.37e-02	2.66e-02	2.20e-02	1.55e-03	3.46e-05
 1.24263e+23	2.32e-26	1.87e-13	5.39e-11	1.91e-09	4.19e-06	8.54e-04	3.29e-02	2.30e-01	3.74e-01	2.48e-01	6.91e-02	2.45e-02	1.95e-02	1.32e-03	2.82e-05
 1.24813e+23	3.05e-26	2.50e-13	6.80e-11	2.29e-09	4.74e-06	9.46e-04	3.57e-02	2.44e-01	3.77e-01	2.39e-01	6.37e-02	2.22e-02	1.69e-02	1.08e-03	2.20e-05
 1.25374e+23	3.87e-26	3.22e-13	8.32e-11	2.67e-09	5.28e-06	1.03e-03	3.83e-02	2.56e-01	3.79e-01	2.30e-01	5.92e-02	2.03e-02	1.48e-02	9.12e-04	1.77e-05
 1.25925e+23	4.99e-26	4.29e-13	1.05e-10	3.20e-09	5.98e-06	1.14e-03	4.15e-02	2.71e-01	3.80e-01	2.20e-01	5.44e-02	1.83e-02	1.28e-02	7.47e-04	1.38e-05
 1.26487e+23	6.31e-26	5.61e-13	1.30e-10	3.79e-09	6.74e-06	1.26e-03	4.47e-02	2.85e-01	3.80e-01	2.11e-01	5.01e-02	1.66e-02	1.11e-02	6.20e-04	1.09e-05
 1.27041e+23	8.08e-26	7.44e-13	1.63e-10	4.54e-09	7.65e-06	1.39e-03	4.82e-02	3.00e-01	3.79e-01	2.01e-01	4.58e-02	1.49e-02	9.58e-03	5.08e-04	8.53e-06
 1.27599e+23	1.03e-25	9.81e-13	2.03e-10	5.43e-09	8.68e-06	1.54e-03	5.19e-02	3.15e-01	3.77e-01	1.91e-01	4.18e-02	1.34e-02	8.26e-03	4.17e-04	6.68e-06
 1.28150e+23	1.30e-25	1.30e-12	2.55e-10	6.51e-09	9.88e-06	1.70e-03	5.59e-02	3.30e-01	3.74e-01	1.81e-01	3.81e-02	1.21e-02	7.10e-03	3.42e-04	5.21e-06
 1.28701e+23	1.64e-25	1.71e-12	3.19e-10	7.83e-09	1.13e-05	1.88e-03	6.00e-02	3.45e-01	3.70e-01	1.71e-01	3.46e-02	1.08e-02	6.10e-03	2.80e-04	4.07e-06
 1.29252e+23	2.08e-25	2.26e-12	4.01e-10	9.45e-09	1.29e-05	2.08e-03	6.45e-02	3.60e-01	3.65e-01	1.61e-01	3.13e-02	9.68e-03	5.22e-03	2.28e-04	3.16e-06
 1.29805e+23	2.63e-25	2.99e-12	5.04e-10	1.14e-08	1.48e-05	2.30e-03	6.93e-02	3.75e-01	3.60e-01	1.52e-01	2.83e-02	8.64e-03	4.45e-03	1.86e-04	2.45e-06
 1.30360e+23	3.33e-25	3.96e-12	6.35e-10	1.38e-08	1.70e-05	2.56e-03	7.44e-02	3.91e-01	3.53e-01	1.42e-01	2.55e-02	7.69e-03	3.79e-03	1.50e-04	1.90e-06
 1.30920e+23	4.22e-25	5.25e-12	8.01e-10	1.68e-08	1.96e-05	2.84e-03	7.97e-02	4.06e-01	3.46e-01	1.33e-01	2.28e-02	6.83e-03	3.22e-03	1.22e-04	1.46e-06
 1.31486e+23	5.37e-25	6.95e-12	1.01e-09	2.05e-08	2.27e-05	3.15e-03	8.55e-02	4.20e-01	3.38e-01	1.23e-01	2.04e-02	6.04e-03	2.72e-03	9.80e-05	1.12e-06
 1.32055e+23	6.84e-25	9.18e-12	1.28e-09	2.50e-08	2.63e-05	3.50e-03	9.15e-02	4.35e-01	3.30e-01	1.15e-01	1.82e-02	5.34e-03	2.30e-03	7.88e-05	8.60e-07
 1.32633e+23	8.79e-25	1.22e-11	1.62e-09	3.07e-08	3.05e-05	3.89e-03	9.80e-02	4.49e-01	3.20e-01	1.06e-01	1.62e-02	4.69e-03	1.93e-03	6.29e-05	6.53e-07
 1.33216e+23	1.13e-24	1.61e-11	2.05e-09	3.75e-08	3.54e-05	4.32e-03	1.05e-01	4.62e-01	3.10e-01	9.79e-02	1.44e-02	4.13e-03	1.62e-03	5.04e-05	4.98e-07
 1.33812e+23	1.49e-24	2.14e-11	2.61e-09	4.63e-08	4.13e-05	4.81e-03	1.12e-01	4.76e-01	3.00e-01	8.99e-02	1.27e-02	3.60e-03	1.35e-03	3.98e-05	3.74e-07
 1.34418e+23	1.94e-24	2.83e-11	3.30e-09	5.69e-08	4.81e-05	5.35e-03	1.19e-01	4.88e-01	2.89e-01	8.26e-02	1.12e-02	3.15e-03	1.13e-03	3.16e-05	2.83e-07
 1.34973e+23	2.44e-24	3.56e-11	4.03e-09	6.76e-08	5.46e-05	5.84e-03	1.26e-01	4.98e-01	2.80e-01	7.67e-02	1.01e-02	2.80e-03	9.65e-04	2.60e-05	2.23e-07
 1.35552e+23	3.25e-24	4.77e-11	5.17e-09	8.42e-08	6.42e-05	6.52e-03	1.35e-01	5.09e-01	2.68e-01	6.97e-02	8.76e-03	2.42e-03	7.91e-04	2.02e-05	1.65e-07
 1.36141e+23	4.13e-24	5.99e-11	6.30e-09	1.00e-07	7.30e-05	7.12e-03	1.42e-01	5.18e-01	2.58e-01	6.46e-02	7.85e-03	2.14e-03	6.75e-04	1.65e-05	1.29e-07
 1.36748e+23	5.62e-24	8.04e-11	8.13e-09	1.26e-07	8.62e-05	7.96e-03	1.51e-01	5.28e-01	2.45e-01	5.83e-02	6.79e-03	1.83e-03	5.49e-04	1.27e-05	0.00e+00
 1.37356e+23	7.17e-24	1.00e-10	9.88e-09	1.49e-07	9.78e-05	8.67e-03	1.59e-01	5.35e-01	2.36e-01	5.38e-02	6.07e-03	1.62e-03	4.68e-04	1.04e-05	0.00e+00
 1.37966e+23	9.81e-24	1.34e-10	1.27e-08	1.86e-07	1.15e-04	9.67e-03	1.69e-01	5.43e-01	2.23e-01	4.85e-02	5.24e-03	1.38e-03	3.79e-04	7.97e-06	0.00e+00
 1.38579e+23	1.25e-23	1.66e-10	1.53e-08	2.20e-07	1.30e-04	1.05e-02	1.77e-01	5.48e-01	2.14e-01	4.47e-02	4.68e-03	1.22e-03	3.23e-04	6.52e-06	0.00e+00
 1.39195e+23	1.72e-23	2.18e-10	1.96e-08	2.74e-07	1.53e-04	1.17e-02	1.87e-01	5.53e-01	2.02e-01	4.02e-02	4.04e-03	1.04e-03	2.62e-04	5.01e-06	0.00e+00
 1.39817e+23	2.20e-23	2.70e-10	2.36e-08	3.24e-07	1.73e-04	1.26e-02	1.95e-01	5.57e-01	1.93e-01	3.70e-02	3.60e-03	9.18e-04	2.23e-04	4.08e-06	0.00e+00
 1.40447e+23	3.03e-23	3.54e-10	3.01e-08	4.04e-07	2.03e-04	1.40e-02	2.06e-01	5.61e-01	1.82e-01	3.31e-02	3.10e-03	7.79e-04	1.80e-04	3.12e-06	0.00e+00
 1.41086e+23	3.89e-23	4.36e-10	3.63e-08	4.78e-07	2.29e-04	1.52e-02	2.15e-01	5.62e-01	1.73e-01	3.04e-02	2.75e-03	6.84e-04	1.52e-04	2.53e-06	0.00e+00
 1.41736e+23	5.39e-23	5.70e-10	4.62e-08	5.95e-07	2.69e-04	1.68e-02	2.27e-01	5.64e-01	1.62e-01	2.72e-02	2.36e-03	5.77e-04	1.22e-04	1.92e-06	0.00e+00
 1.42397e+23	6.97e-23	7.04e-10	5.59e-08	7.05e-07	3.04e-04	1.82e-02	2.36e-01	5.64e-01	1.54e-01	2.48e-02	2.09e-03	5.05e-04	1.03e-04	1.55e-06	0.00e+00
 1.43074e+23	9.71e-23	9.21e-10	7.14e-08	8.81e-07	3.57e-04	2.02e-02	2.48e-01	5.64e-01	1.43e-01	2.21e-02	1.78e-03	4.23e-04	8.22e-05	1.17e-06	0.00e+00
 1.43767e+23	1.27e-22	1.14e-09	8.66e-08	1.05e-06	4.06e-04	2.19e-02	2.58e-01	5.62e-01	1.35e-01	2.01e-02	1.57e-03	3.68e-04	6.87e-05	9.34e-07	0.00e+00
 1.44479e+23	1.78e-22	1.50e-09	1.11e-07	1.32e-06	4.78e-04	2.43e-02	2.71e-01	5.60e-01	1.25e-01	1.77e-02	1.32e-03	3.06e-04	5.42e-05	6.95e-07	0.00e+00
 1.45206e+23	2.33e-22	1.85e-09	1.35e-07	1.58e-06	5.43e-04	2.63e-02	2.81e-01	5.56e-01	1.18e-01	1.61e-02	1.16e-03	2.65e-04	4.51e-05	5.52e-07	0.00e+00
 1.45819e+23	2.96e-22	2.24e-09	1.61e-07	1.85e-06	6.09e-04	2.83e-02	2.91e-01	5.53e-01	1.11e-01	1.47e-02	1.03e-03	2.32e-04	3.82e-05	4.48e-07	0.00e+00
 1.46484e+23	4.01e-22	2.85e-09	2.02e-07	2.27e-06	7.06e-04	3.10e-02	3.03e-01	5.48e-01	1.03e-01	1.31e-02	8.86e-04	1.96e-04	3.08e-05	3.42e-07	0.00e+00
 1.47129e+23	4.98e-22	3.38e-09	2.36e-07	2.62e-06	7.83e-04	3.30e-02	3.12e-01	5.44e-01	9.79e-02	1.21e-02	7.95e-04	1.73e-04	2.64e-05	2.83e-07	0.00e+00
 1.47750e+23	6.57e-22	4.22e-09	2.90e-07	3.17e-06	8.97e-04	3.59e-02	3.23e-01	5.37e-01	9.11e-02	1.08e-02	6.87e-04	1.48e-04	2.15e-05	2.19e-07	0.00e+00
 1.48377e+23	8.17e-22	5.00e-09	3.40e-07	3.65e-06	9.92e-04	3.82e-02	3.32e-01	5.32e-01	8.63e-02	9.98e-03	6.17e-04	1.31e-04	1.85e-05	1.81e-07	0.00e+00
 1.49012e+23	1.08e-21	6.22e-09	4.17e-07	4.42e-06	1.14e-03	4.15e-02	3.43e-01	5.25e-01	8.01e-02	8.94e-03	5.33e-04	1.11e-04	1.51e-05	1.40e-07	0.00e+00
 1.49657e+23	1.34e-21	7.38e-09	4.89e-07	5.10e-06	1.26e-03	4.42e-02	3.52e-01	5.18e-01	7.56e-02	8.21e-03	4.76e-04	9.81e-05	1.29e-05	0.00e+00	0.00e+00
 1.50313e+23	1.77e-21	9.19e-09	6.02e-07	6.19e-06	1.44e-03	4.79e-02	3.63e-01	5.10e-01	6.99e-02	7.33e-03	4.10e-04	8.30e-05	1.04e-05	0.00e+00	0.00e+00
 1.50980e+23	2.21e-21	1.09e-08	7.08e-07	7.16e-06	1.60e-03	5.10e-02	3.72e-01	5.02e-01	6.58e-02	6.72e-03	3.66e-04	7.30e-05	8.88e-06	0.00e+00	0.00e+00
 1.51658e+23	2.93e-21	1.36e-08	8.73e-07	8.71e-06	1.84e-03	5.54e-02	3.84e-01	4.92e-01	6.06e-02	5.97e-03	3.13e-04	6.15e-05	7.15e-06	0.00e+00	0.00e+00
 1.52349e+23	3.68e-21	1.62e-08	1.03e-06	1.01e-05	2.04e-03	5.89e-02	3.92e-01	4.84e-01	5.69e-02	5.46e-03	2.78e-04	5.39e-05	6.06e-06	0.00e+00	0.00e+00
 1.53055e+23	4.90e-21	2.03e-08	1.28e-06	1.23e-05	2.34e-03	6.40e-02	4.04e-01	4.73e-01	5.21e-02	4.83e-03	2.37e-04	4.51e-05	4.84e-06	0.00e+00	0.00e+00
 1.53776e+23	6.19e-21	2.43e-08	1.51e-06	1.44e-05	2.61e-03	6.81e-02	4.13e-01	4.63e-01	4.87e-02	4.40e-03	2.09e-04	3.93e-05	4.08e-06	0.00e+00	0.00e+00
 1.54517e+23	8.28e-21	3.06e-08	1.88e-06	1.76e-05	3.01e-03	7.40e-02	4.24e-01	4.51e-01	4.43e-02	3.87e-03	1.77e-04	3.26e-05	3.23e-06	0.00e+00	0.00e+00
 1.55277e+23	1.06e-20	3.69e-08	2.24e-06	2.07e-05	3.37e-03	7.89e-02	4.33e-01	4.40e-01	4.11e-02	3.50e-03	1.55e-04	2.82e-05	2.69e-06	0.00e+00	0.00e+00
 1.56063e+23	1.43e-20	4.68e-08	2.82e-06	2.55e-05	3.90e-03	8.58e-02	4.44e-01	4.26e-01	3.72e-02	3.06e-03	1.30e-04	2.32e-05	2.11e-06	0.00e+00	0.00e+00
 1.56858e+23	1.83e-20	5.65e-08	3.36e-06	3.00e-05	4.35e-03	9.14e-02	4.52e-01	4.15e-01	3.45e-02	2.77e-03	1.14e-04	2.00e-05	1.75e-06	0.00e+00	0.00e+00
 1.57663e+23	2.48e-20	7.17e-08	4.22e-06	3.71e-05	5.04e-03	9.92e-02	4.62e-01	4.00e-01	3.10e-02	2.41e-03	9.50e-05	1.64e-05	1.36e-06	0.00e+00	0.00e+00
 1.58478e+23	3.17e-20	8.65e-08	5.04e-06	4.35e-05	5.62e-03	1.06e-01	4.70e-01	3.88e-01	2.86e-02	2.17e-03	8.29e-05	1.41e-05	1.13e-06	0.00e+00	0.00e+00
 1.59305e+23	4.31e-20	1.10e-07	6.35e-06	5.38e-05	6.51e-03	1.14e-01	4.79e-01	3.73e-01	2.56e-02	1.89e-03	6.88e-05	1.15e-05	8.74e-07	0.00e+00	0.00e+00
 1.60145e+23	5.54e-20	1.33e-07	7.60e-06	6.33e-05	7.27e-03	1.22e-01	4.85e-01	3.61e-01	2.36e-02	1.69e-03	5.97e-05	9.82e-06	7.19e-07	0.00e+00	0.00e+00
 1.60887e+23	7.04e-20	1.60e-07	9.08e-06	7.46e-05	8.13e-03	1.29e-01	4.91e-01	3.48e-01	2.16e-02	1.51e-03	5.16e-05	8.37e-06	5.89e-07	0.00e+00	0.00e+00
 1.61735e+23	9.58e-20	2.03e-07	1.14e-05	9.18e-05	9.35e-03	1.39e-01	4.98e-01	3.32e-01	1.93e-02	1.31e-03	4.29e-05	6.83e-06	4.56e-07	0.00e+00	0.00e+00
 1.62600e+23	1.23e-19	2.46e-07	1.37e-05	1.09e-04	1.05e-02	1.48e-01	5.03e-01	3.19e-01	1.75e-02	1.17e-03	3.67e-05	5.77e-06	3.69e-07	0.00e+00	0.00e+00
 1.63300e+23	1.52e-19	2.90e-07	1.60e-05	1.25e-04	1.15e-02	1.55e-01	5.07e-01	3.09e-01	1.62e-02	1.06e-03	3.23e-05	5.01e-06	3.10e-07	0.00e+00	0.00e+00
 1.64026e+23	1.96e-19	3.51e-07	1.92e-05	1.48e-04	1.29e-02	1.65e-01	5.11e-01	2.96e-01	1.47e-02	9.44e-04	2.77e-05	4.25e-06	2.52e-07	0.00e+00	0.00e+00
 1.64789e+23	2.44e-19	4.16e-07	2.25e-05	1.71e-04	1.42e-02	1.73e-01	5.13e-01	2.85e-01	1.35e-02	8.49e-04	2.41e-05	3.65e-06	2.09e-07	0.00e+00	0.00e+00
 1.65490e+23	3.04e-19	4.92e-07	2.64e-05	1.98e-04	1.56e-02	1.82e-01	5.15e-01	2.74e-01	1.24e-02	7.65e-04	2.10e-05	3.15e-06	1.73e-07	0.00e+00	0.00e+00
 1.66290e+23	4.00e-19	6.06e-07	3.22e-05	2.36e-04	1.76e-02	1.93e-01	5.17e-01	2.60e-01	1.11e-02	6.71e-04	1.77e-05	2.62e-06	1.37e-07	0.00e+00	0.00e+00
 1.67112e+23	5.04e-19	7.25e-07	3.83e-05	2.77e-04	1.95e-02	2.03e-01	5.18e-01	2.48e-01	1.00e-02	5.96e-04	1.52e-05	2.21e-06	0.00e+00	0.00e+00	0.00e+00
 1.67833e+23	6.29e-19	8.56e-07	4.48e-05	3.20e-04	2.14e-02	2.13e-01	5.18e-01	2.38e-01	9.15e-03	5.36e-04	1.32e-05	1.90e-06	0.00e+00	0.00e+00	0.00e+00
 1.68643e+23	8.27e-19	1.05e-06	5.45e-05	3.81e-04	2.40e-02	2.25e-01	5.18e-01	2.25e-01	8.17e-03	4.69e-04	1.11e-05	1.58e-06	0.00e+00	0.00e+00	0.00e+00
 1.69490e+23	1.05e-18	1.26e-06	6.49e-05	4.48e-04	2.67e-02	2.36e-01	5.16e-01	2.13e-01	7.33e-03	4.14e-04	9.39e-06	1.32e-06	0.00e+00	0.00e+00	0.00e+00
 1.70256e+23	1.32e-18	1.50e-06	7.63e-05	5.18e-04	2.93e-02	2.46e-01	5.14e-01	2.03e-01	6.64e-03	3.69e-04	8.08e-06	1.13e-06	0.00e+00	0.00e+00	0.00e+00
 1.71121e+23	1.76e-18	1.87e-06	9.36e-05	6.22e-04	3.29e-02	2.60e-01	5.10e-01	1.90e-01	5.86e-03	3.20e-04	6.68e-06	9.21e-07	0.00e+00	0.00e+00	0.00e+00
 1.72014e+23	2.24e-18	2.25e-06	1.12e-04	7.34e-04	3.65e-02	2.72e-01	5.06e-01	1.78e-01	5.21e-03	2.80e-04	5.61e-06	7.66e-07	0.00e+00	0.00e+00	0.00e+00
 1.72809e+23	2.83e-18	2.68e-06	1.32e-04	8.50e-04	4.01e-02	2.84e-01	5.02e-01	1.69e-01	4.68e-03	2.48e-04	4.79e-06	6.47e-07	0.00e+00	0.00e+00	0.00e+00
 1.73709e+23	3.80e-18	3.34e-06	1.62e-04	1.02e-03	4.50e-02	2.98e-01	4.95e-01	1.57e-01	4.09e-03	2.13e-04	3.92e-06	5.23e-07	0.00e+00	0.00e+00	0.00e+00
 1.74645e+23	4.91e-18	4.05e-06	1.94e-04	1.21e-03	4.99e-02	3.11e-01	4.88e-01	1.46e-01	3.61e-03	1.85e-04	3.26e-06	4.31e-07	0.00e+00	0.00e+00	0.00e+00
 1.75488e+23	6.15e-18	4.85e-06	2.30e-04	1.41e-03	5.48e-02	3.23e-01	4.81e-01	1.37e-01	3.20e-03	1.62e-04	2.74e-06	3.59e-07	0.00e+00	0.00e+00	0.00e+00
 1.76445e+23	8.38e-18	6.11e-06	2.86e-04	1.71e-03	6.17e-02	3.38e-01	4.70e-01	1.25e-01	2.75e-03	1.36e-04	2.19e-06	2.84e-07	0.00e+00	0.00e+00	0.00e+00
 1.77427e+23	1.08e-17	7.40e-06	3.42e-04	2.01e-03	6.81e-02	3.51e-01	4.60e-01	1.16e-01	2.41e-03	1.18e-04	1.81e-06	2.32e-07	0.00e+00	0.00e+00	0.00e+00
 1.78308e+23	1.39e-17	8.92e-06	4.07e-04	2.35e-03	7.48e-02	3.63e-01	4.50e-01	1.07e-01	2.11e-03	1.02e-04	1.50e-06	1.91e-07	0.00e+00	0.00e+00	0.00e+00
 1.79320e+23	1.93e-17	1.13e-05	5.09e-04	2.88e-03	8.43e-02	3.78e-01	4.35e-01	9.70e-02	1.78e-03	8.44e-05	1.17e-06	1.48e-07	0.00e+00	0.00e+00	0.00e+00
 1.80341e+23	2.47e-17	1.37e-05	6.07e-04	3.38e-03	9.27e-02	3.90e-01	4.23e-01	8.90e-02	1.54e-03	7.23e-05	9.58e-07	0.00e+00	0.00e+00	0.00e+00	0.00e+00
 1.81374e+23	3.44e-17	1.74e-05	7.57e-04	4.11e-03	1.04e-01	4.04e-01	4.07e-01	7.99e-02	1.29e-03	5.96e-05	7.47e-07	0.00e+00	0.00e+00	0.00e+00	0.00e+00
 1.82424e+23	4.47e-17	2.11e-05	9.05e-04	4.83e-03	1.14e-01	4.14e-01	3.92e-01	7.27e-02	1.11e-03	5.06e-05	6.04e-07	0.00e+00	0.00e+00	0.00e+00	0.00e+00
 1.83496e+23	6.28e-17	2.70e-05	1.13e-03	5.91e-03	1.27e-01	4.27e-01	3.74e-01	6.43e-02	9.16e-04	4.10e-05	4.61e-07	0.00e+00	0.00e+00	0.00e+00	0.00e+00
 1.84578e+23	8.20e-17	3.28e-05	1.35e-03	6.92e-03	1.39e-01	4.36e-01	3.58e-01	5.81e-02	7.82e-04	3.46e-05	3.70e-07	0.00e+00	0.00e+00	0.00e+00	0.00e+00
 1.85673e+23	1.16e-16	4.20e-05	1.69e-03	8.47e-03	1.55e-01	4.45e-01	3.38e-01	5.08e-02	6.37e-04	2.77e-05	2.79e-07	0.00e+00	0.00e+00	0.00e+00	0.00e+00
 1.86779e+23	1.53e-16	5.10e-05	2.02e-03	9.89e-03	1.69e-01	4.52e-01	3.21e-01	4.55e-02	5.40e-04	2.32e-05	2.22e-07	0.00e+00	0.00e+00	0.00e+00	0.00e+00
 1.87900e+23	2.19e-16	6.55e-05	2.53e-03	1.21e-02	1.87e-01	4.58e-01	3.00e-01	3.94e-02	4.34e-04	1.83e-05	1.65e-07	0.00e+00	0.00e+00	0.00e+00	0.00e+00
 1.89035e+23	2.92e-16	7.98e-05	3.01e-03	1.41e-02	2.03e-01	4.62e-01	2.83e-01	3.49e-02	3.64e-04	1.52e-05	1.30e-07	0.00e+00	0.00e+00	0.00e+00	0.00e+00
 1.90190e+23	4.25e-16	1.03e-04	3.77e-03	1.72e-02	2.24e-01	4.64e-01	2.61e-01	2.97e-02	2.89e-04	1.18e-05	0.00e+00	0.00e+00	0.00e+00	0.00e+00	0.00e+00
 1.91329e+23	5.65e-16	1.24e-04	4.45e-03	1.98e-02	2.40e-01	4.65e-01	2.44e-01	2.63e-02	2.42e-04	9.77e-06	0.00e+00	0.00e+00	0.00e+00	0.00e+00	0.00e+00
 1.92258e+23	7.35e-16	1.48e-04	5.16e-03	2.25e-02	2.55e-01	4.63e-01	2.30e-01	2.34e-02	2.06e-04	8.20e-06	0.00e+00	0.00e+00	0.00e+00	0.00e+00	0.00e+00
 1.93277e+23	1.04e-15	1.84e-04	6.23e-03	2.65e-02	2.75e-01	4.60e-01	2.11e-01	2.01e-02	1.66e-04	6.52e-06	0.00e+00	0.00e+00	0.00e+00	0.00e+00	0.00e+00
 1.94302e+23	1.37e-15	2.18e-04	7.22e-03	3.01e-02	2.92e-01	4.56e-01	1.97e-01	1.77e-02	1.40e-04	5.42e-06	0.00e+00	0.00e+00	0.00e+00	0.00e+00	0.00e+00
 1.95332e+23	1.95e-15	2.71e-04	8.68e-03	3.52e-02	3.12e-01	4.49e-01	1.80e-01	1.51e-02	1.12e-04	4.28e-06	0.00e+00	0.00e+00	0.00e+00	0.00e+00	0.00e+00
 1.96375e+23	2.62e-15	3.24e-04	1.01e-02	3.98e-02	3.29e-01	4.41e-01	1.66e-01	1.32e-02	9.36e-05	3.51e-06	0.00e+00	0.00e+00	0.00e+00	0.00e+00	0.00e+00
