#depth	Ne	Ne+	Ne+2	Ne+3	Ne+4	Ne+5	Ne+6	Ne+7	Ne+8	Ne+9	Ne+10
 1.54284e+22	0.00e+00	0.00e+00	0.00e+00	2.13e-23	4.61e-19	2.45e-15	5.14e-12	6.72e-09	2.94e-05	1.08e-02	9.89e-01
 3.47568e+22	0.00e+00	0.00e+00	5.45e-27	3.51e-22	5.13e-18	1.84e-14	2.61e-11	2.28e-08	6.63e-05	1.61e-02	9.84e-01
 4.10439e+22	0.00e+00	1.00e-31	3.70e-26	1.88e-21	2.18e-17	6.16e-14	6.89e-11	4.76e-08	1.08e-04	2.06e-02	9.79e-01
 4.53404e+22	0.00e+00	5.58e-31	1.71e-25	7.21e-21	6.91e-17	1.62e-13	1.50e-10	8.57e-08	1.60e-04	2.50e-02	9.75e-01
 4.77273e+22	0.00e+00	8.64e-31	2.52e-25	1.01e-20	9.26e-17	2.07e-13	1.83e-10	9.96e-08	1.77e-04	2.62e-02	9.74e-01
 4.84955e+22	0.00e+00	1.12e-30	3.18e-25	1.25e-20	1.10e-16	2.40e-13	2.06e-10	1.09e-07	1.88e-04	2.70e-02	9.73e-01
 4.91645e+22	0.00e+00	1.58e-30	4.32e-25	1.63e-20	1.39e-16	2.91e-13	2.41e-10	1.22e-07	2.03e-04	2.81e-02	9.72e-01
 4.98595e+22	0.00e+00	2.13e-30	5.63e-25	2.05e-20	1.70e-16	3.44e-13	2.75e-10	1.35e-07	2.17e-04	2.90e-02	9.71e-01
 5.04920e+22	0.00e+00	2.80e-30	7.18e-25	2.54e-20	2.04e-16	4.01e-13	3.12e-10	1.49e-07	2.32e-04	2.99e-02	9.70e-01
 5.12178e+22	0.00e+00	3.94e-30	9.75e-25	3.32e-20	2.57e-16	4.87e-13	3.64e-10	1.67e-07	2.51e-04	3.11e-02	9.69e-01
 5.19482e+22	0.00e+00	5.38e-30	1.29e-24	4.24e-20	3.17e-16	5.80e-13	4.19e-10	1.86e-07	2.69e-04	3.22e-02	9.68e-01
 5.25560e+22	0.00e+00	7.11e-30	1.65e-24	5.27e-20	3.82e-16	6.78e-13	4.76e-10	2.05e-07	2.86e-04	3.32e-02	9.67e-01
 5.32172e+22	0.00e+00	9.73e-30	2.18e-24	6.73e-20	4.72e-16	8.09e-13	5.49e-10	2.28e-07	3.08e-04	3.44e-02	9.65e-01
 5.39302e+22	0.00e+00	1.34e-29	2.89e-24	8.62e-20	5.84e-16	9.67e-13	6.33e-10	2.54e-07	3.31e-04	3.56e-02	9.64e-01
 5.45850e+22	0.00e+00	1.80e-29	3.76e-24	1.09e-19	7.12e-16	1.14e-12	7.24e-10	2.81e-07	3.54e-04	3.68e-02	9.63e-01
 5.53106e+22	0.00e+00	2.56e-29	5.15e-24	1.43e-19	9.03e-16	1.39e-12	8.50e-10	3.17e-07	3.83e-04	3.83e-02	9.61e-01
 5.60337e+22	0.00e+00	3.53e-29	6.85e-24	1.84e-19	1.12e-15	1.67e-12	9.81e-10	3.53e-07	4.12e-04	3.97e-02	9.60e-01
 5.66235e+22	0.00e+00	4.55e-29	8.59e-24	2.24e-19	1.33e-15	1.93e-12	1.10e-09	3.85e-07	4.37e-04	4.08e-02	9.59e-01
 5.72600e+22	0.00e+00	6.30e-29	1.15e-23	2.89e-19	1.65e-15	2.31e-12	1.28e-09	4.30e-07	4.70e-04	4.23e-02	9.57e-01
 5.79411e+22	0.00e+00	8.61e-29	1.51e-23	3.69e-19	2.04e-15	2.75e-12	1.47e-09	4.78e-07	5.04e-04	4.38e-02	9.56e-01
 5.85698e+22	0.00e+00	1.15e-28	1.96e-23	4.62e-19	2.47e-15	3.24e-12	1.67e-09	5.27e-07	5.38e-04	4.52e-02	9.54e-01
 5.91749e+22	0.00e+00	1.54e-28	2.54e-23	5.81e-19	3.01e-15	3.82e-12	1.91e-09	5.82e-07	5.75e-04	4.67e-02	9.53e-01
 5.97573e+22	0.00e+00	2.03e-28	3.24e-23	7.18e-19	3.61e-15	4.45e-12	2.16e-09	6.38e-07	6.11e-04	4.81e-02	9.51e-01
 6.04115e+22	0.00e+00	2.83e-28	4.37e-23	9.32e-19	4.52e-15	5.37e-12	2.51e-09	7.14e-07	6.59e-04	4.99e-02	9.49e-01
 6.10962e+22	0.00e+00	3.90e-28	5.80e-23	1.20e-18	5.60e-15	6.42e-12	2.89e-09	7.95e-07	7.07e-04	5.17e-02	9.48e-01
 6.17011e+22	0.00e+00	5.26e-28	7.56e-23	1.51e-18	6.84e-15	7.58e-12	3.30e-09	8.78e-07	7.56e-04	5.34e-02	9.46e-01
 6.23680e+22	3.61e-34	7.61e-28	1.05e-22	2.01e-18	8.75e-15	9.32e-12	3.90e-09	9.93e-07	8.20e-04	5.55e-02	9.44e-01
 6.30508e+22	5.13e-34	1.04e-27	1.39e-22	2.57e-18	1.08e-14	1.11e-11	4.48e-09	1.10e-06	8.79e-04	5.74e-02	9.42e-01
 6.36354e+22	7.09e-34	1.40e-27	1.80e-22	3.22e-18	1.31e-14	1.31e-11	5.10e-09	1.21e-06	9.38e-04	5.93e-02	9.40e-01
 6.41907e+22	9.75e-34	1.86e-27	2.31e-22	4.02e-18	1.59e-14	1.53e-11	5.79e-09	1.33e-06	9.98e-04	6.11e-02	9.38e-01
 6.48269e+22	1.45e-33	2.64e-27	3.17e-22	5.28e-18	2.01e-14	1.87e-11	6.77e-09	1.50e-06	1.08e-03	6.34e-02	9.36e-01
 6.54861e+22	2.08e-33	3.66e-27	4.22e-22	6.79e-18	2.49e-14	2.23e-11	7.82e-09	1.67e-06	1.16e-03	6.56e-02	9.33e-01
 6.60676e+22	2.91e-33	4.94e-27	5.51e-22	8.58e-18	3.04e-14	2.64e-11	8.93e-09	1.84e-06	1.24e-03	6.77e-02	9.31e-01
 6.67159e+22	4.46e-33	7.24e-27	7.73e-22	1.15e-17	3.92e-14	3.26e-11	1.06e-08	2.08e-06	1.34e-03	7.04e-02	9.28e-01
 6.73536e+22	6.32e-33	9.91e-27	1.02e-21	1.47e-17	4.83e-14	3.88e-11	1.21e-08	2.31e-06	1.43e-03	7.27e-02	9.26e-01
 6.78812e+22	8.77e-33	1.33e-26	1.32e-21	1.84e-17	5.87e-14	4.56e-11	1.38e-08	2.53e-06	1.53e-03	7.50e-02	9.24e-01
 6.84708e+22	1.30e-32	1.89e-26	1.81e-21	2.43e-17	7.43e-14	5.56e-11	1.61e-08	2.84e-06	1.65e-03	7.77e-02	9.21e-01
 6.90840e+22	1.86e-32	2.60e-26	2.40e-21	3.10e-17	9.17e-14	6.62e-11	1.85e-08	3.15e-06	1.76e-03	8.03e-02	9.18e-01
 6.96370e+22	2.64e-32	3.56e-26	3.17e-21	3.95e-17	1.13e-13	7.87e-11	2.12e-08	3.48e-06	1.88e-03	8.29e-02	9.15e-01
 7.02647e+22	4.09e-32	5.26e-26	4.48e-21	5.35e-17	1.46e-13	9.78e-11	2.52e-08	3.95e-06	2.05e-03	8.62e-02	9.12e-01
 7.08812e+22	5.87e-32	7.27e-26	5.96e-21	6.87e-17	1.81e-13	1.17e-10	2.90e-08	4.38e-06	2.19e-03	8.90e-02	9.09e-01
 7.13860e+22	8.04e-32	9.65e-26	7.65e-21	8.54e-17	2.19e-13	1.37e-10	3.28e-08	4.79e-06	2.32e-03	9.15e-02	9.06e-01
 7.19450e+22	1.21e-31	1.39e-25	1.06e-20	1.13e-16	2.79e-13	1.67e-10	3.84e-08	5.38e-06	2.51e-03	9.49e-02	9.03e-01
 7.25233e+22	1.74e-31	1.92e-25	1.41e-20	1.45e-16	3.45e-13	2.00e-10	4.42e-08	5.96e-06	2.68e-03	9.79e-02	8.99e-01
 7.30404e+22	2.44e-31	2.61e-25	1.85e-20	1.84e-16	4.22e-13	2.36e-10	5.04e-08	6.56e-06	2.85e-03	1.01e-01	8.96e-01
 7.36262e+22	3.78e-31	3.85e-25	2.60e-20	2.49e-16	5.47e-13	2.93e-10	5.97e-08	7.42e-06	3.09e-03	1.05e-01	8.92e-01
 7.42067e+22	5.43e-31	5.33e-25	3.47e-20	3.20e-16	6.78e-13	3.50e-10	6.86e-08	8.22e-06	3.31e-03	1.08e-01	8.89e-01
 7.46930e+22	7.45e-31	7.07e-25	4.46e-20	3.98e-16	8.17e-13	4.09e-10	7.76e-08	8.99e-06	3.50e-03	1.11e-01	8.85e-01
 7.52380e+22	1.13e-30	1.03e-24	6.22e-20	5.32e-16	1.05e-12	5.03e-10	9.12e-08	1.01e-05	3.78e-03	1.15e-01	8.81e-01
 7.57949e+22	1.63e-30	1.43e-24	8.28e-20	6.83e-16	1.30e-12	6.01e-10	1.05e-07	1.12e-05	4.04e-03	1.19e-01	8.77e-01
 7.62849e+22	2.29e-30	1.93e-24	1.08e-19	8.63e-16	1.59e-12	7.10e-10	1.20e-07	1.23e-05	4.30e-03	1.22e-01	8.74e-01
 7.68398e+22	3.51e-30	2.83e-24	1.52e-19	1.16e-15	2.04e-12	8.76e-10	1.41e-07	1.39e-05	4.64e-03	1.27e-01	8.69e-01
 7.74114e+22	5.14e-30	3.98e-24	2.05e-19	1.51e-15	2.56e-12	1.06e-09	1.63e-07	1.54e-05	4.97e-03	1.31e-01	8.64e-01
 7.79158e+22	7.37e-30	5.50e-24	2.73e-19	1.93e-15	3.17e-12	1.26e-09	1.87e-07	1.70e-05	5.30e-03	1.35e-01	8.60e-01
 7.84052e+22	1.06e-29	7.60e-24	3.64e-19	2.48e-15	3.92e-12	1.51e-09	2.15e-07	1.88e-05	5.65e-03	1.39e-01	8.56e-01
 7.89643e+22	1.65e-29	1.13e-23	5.18e-19	3.38e-15	5.11e-12	1.87e-09	2.55e-07	2.13e-05	6.12e-03	1.44e-01	8.50e-01
 7.95355e+22	2.41e-29	1.59e-23	6.98e-19	4.38e-15	6.39e-12	2.26e-09	2.95e-07	2.37e-05	6.54e-03	1.48e-01	8.45e-01
 8.01226e+22	3.87e-29	2.43e-23	1.01e-18	6.07e-15	8.45e-12	2.84e-09	3.53e-07	2.70e-05	7.11e-03	1.54e-01	8.39e-01
 8.07206e+22	5.90e-29	3.53e-23	1.41e-18	8.11e-15	1.08e-11	3.49e-09	4.15e-07	3.02e-05	7.65e-03	1.59e-01	8.33e-01
 8.12069e+22	8.25e-29	4.77e-23	1.84e-18	1.02e-14	1.32e-11	4.12e-09	4.71e-07	3.32e-05	8.11e-03	1.63e-01	8.29e-01
 8.17127e+22	1.26e-28	6.99e-23	2.58e-18	1.37e-14	1.70e-11	5.07e-09	5.54e-07	3.72e-05	8.74e-03	1.69e-01	8.23e-01
 8.22371e+22	1.84e-28	9.77e-23	3.47e-18	1.77e-14	2.12e-11	6.09e-09	6.39e-07	4.12e-05	9.32e-03	1.74e-01	8.17e-01
 8.26721e+22	2.51e-28	1.29e-22	4.44e-18	2.20e-14	2.54e-11	7.08e-09	7.18e-07	4.49e-05	9.83e-03	1.78e-01	8.12e-01
 8.31242e+22	3.70e-28	1.83e-22	6.04e-18	2.87e-14	3.20e-11	8.56e-09	8.32e-07	4.99e-05	1.05e-02	1.83e-01	8.06e-01
 8.35554e+22	4.96e-28	2.38e-22	7.60e-18	3.51e-14	3.80e-11	9.87e-09	9.29e-07	5.39e-05	1.10e-02	1.87e-01	8.02e-01
 8.39003e+22	6.60e-28	3.07e-22	9.53e-18	4.27e-14	4.49e-11	1.13e-08	1.03e-06	5.82e-05	1.16e-02	1.91e-01	7.97e-01
 8.42374e+22	8.63e-28	3.91e-22	1.18e-17	5.14e-14	5.26e-11	1.29e-08	1.14e-06	6.26e-05	1.21e-02	1.95e-01	7.93e-01
 8.45684e+22	1.10e-27	4.87e-22	1.43e-17	6.09e-14	6.08e-11	1.46e-08	1.26e-06	6.69e-05	1.26e-02	1.98e-01	7.89e-01
 8.49430e+22	1.54e-27	6.55e-22	1.86e-17	7.65e-14	7.39e-11	1.71e-08	1.42e-06	7.31e-05	1.34e-02	2.03e-01	7.83e-01
 8.53201e+22	2.06e-27	8.50e-22	2.34e-17	9.34e-14	8.77e-11	1.97e-08	1.59e-06	7.89e-05	1.40e-02	2.07e-01	7.78e-01
 8.56380e+22	2.68e-27	1.08e-21	2.88e-17	1.12e-13	1.02e-10	2.24e-08	1.75e-06	8.46e-05	1.46e-02	2.11e-01	7.74e-01
 8.59354e+22	3.47e-27	1.36e-21	3.53e-17	1.34e-13	1.19e-10	2.54e-08	1.93e-06	9.06e-05	1.53e-02	2.15e-01	7.69e-01
 8.62225e+22	4.33e-27	1.65e-21	4.21e-17	1.56e-13	1.36e-10	2.83e-08	2.09e-06	9.61e-05	1.59e-02	2.19e-01	7.65e-01
 8.65495e+22	5.89e-27	2.18e-21	5.36e-17	1.92e-13	1.62e-10	3.28e-08	2.35e-06	1.04e-04	1.67e-02	2.23e-01	7.60e-01
 8.68857e+22	7.79e-27	2.80e-21	6.69e-17	2.33e-13	1.91e-10	3.75e-08	2.60e-06	1.12e-04	1.74e-02	2.28e-01	7.55e-01
 8.71781e+22	1.00e-26	3.50e-21	8.15e-17	2.76e-13	2.22e-10	4.24e-08	2.86e-06	1.20e-04	1.82e-02	2.32e-01	7.50e-01
 8.75023e+22	1.37e-26	4.65e-21	1.05e-16	3.43e-13	2.67e-10	4.94e-08	3.21e-06	1.30e-04	1.91e-02	2.37e-01	7.44e-01
 8.78185e+22	1.75e-26	5.77e-21	1.27e-16	4.05e-13	3.07e-10	5.55e-08	3.51e-06	1.38e-04	1.99e-02	2.40e-01	7.40e-01
 8.80826e+22	2.25e-26	7.23e-21	1.54e-16	4.81e-13	3.55e-10	6.25e-08	3.85e-06	1.48e-04	2.07e-02	2.44e-01	7.35e-01
 8.83427e+22	2.83e-26	8.89e-21	1.85e-16	5.63e-13	4.07e-10	6.99e-08	4.19e-06	1.57e-04	2.15e-02	2.48e-01	7.30e-01
 8.86390e+22	3.86e-26	1.17e-20	2.36e-16	6.95e-13	4.87e-10	8.11e-08	4.70e-06	1.70e-04	2.25e-02	2.53e-01	7.24e-01
 8.89396e+22	5.05e-26	1.49e-20	2.91e-16	8.34e-13	5.69e-10	9.22e-08	5.18e-06	1.82e-04	2.35e-02	2.58e-01	7.19e-01
 8.91986e+22	6.41e-26	1.85e-20	3.52e-16	9.83e-13	6.54e-10	1.03e-07	5.66e-06	1.93e-04	2.44e-02	2.61e-01	7.14e-01
 8.94883e+22	8.82e-26	2.46e-20	4.52e-16	1.22e-12	7.87e-10	1.20e-07	6.36e-06	2.10e-04	2.57e-02	2.67e-01	7.07e-01
 8.97840e+22	1.15e-25	3.12e-20	5.58e-16	1.47e-12	9.20e-10	1.37e-07	7.01e-06	2.25e-04	2.67e-02	2.71e-01	7.02e-01
 9.00479e+22	1.50e-25	3.96e-20	6.88e-16	1.76e-12	1.07e-09	1.55e-07	7.72e-06	2.40e-04	2.79e-02	2.76e-01	6.96e-01
 9.03512e+22	2.15e-25	5.46e-20	9.11e-16	2.24e-12	1.32e-09	1.84e-07	8.80e-06	2.63e-04	2.94e-02	2.82e-01	6.89e-01
 9.06420e+22	2.73e-25	6.76e-20	1.10e-15	2.64e-12	1.52e-09	2.07e-07	9.60e-06	2.79e-04	3.05e-02	2.86e-01	6.83e-01
 9.09165e+22	3.84e-25	9.17e-20	1.44e-15	3.32e-12	1.85e-09	2.43e-07	1.09e-05	3.04e-04	3.22e-02	2.92e-01	6.76e-01
 9.11928e+22	4.88e-25	1.14e-19	1.74e-15	3.91e-12	2.12e-09	2.72e-07	1.18e-05	3.23e-04	3.34e-02	2.96e-01	6.71e-01
 9.14714e+22	7.00e-25	1.57e-19	2.30e-15	4.99e-12	2.61e-09	3.23e-07	1.35e-05	3.54e-04	3.52e-02	3.02e-01	6.62e-01
 9.17408e+22	8.79e-25	1.92e-19	2.75e-15	5.83e-12	2.98e-09	3.60e-07	1.47e-05	3.75e-04	3.65e-02	3.06e-01	6.57e-01
 9.19981e+22	1.24e-24	2.63e-19	3.62e-15	7.37e-12	3.64e-09	4.25e-07	1.66e-05	4.09e-04	3.84e-02	3.12e-01	6.49e-01
 9.22553e+22	1.57e-24	3.23e-19	4.34e-15	8.62e-12	4.16e-09	4.74e-07	1.81e-05	4.33e-04	3.98e-02	3.16e-01	6.44e-01
 9.25125e+22	2.24e-24	4.45e-19	5.74e-15	1.10e-11	5.11e-09	5.61e-07	2.06e-05	4.73e-04	4.19e-02	3.22e-01	6.35e-01
 9.27706e+22	2.87e-24	5.56e-19	6.98e-15	1.30e-11	5.90e-09	6.32e-07	2.25e-05	5.04e-04	4.35e-02	3.27e-01	6.29e-01
 9.30298e+22	4.11e-24	7.66e-19	9.23e-15	1.65e-11	7.25e-09	7.49e-07	2.56e-05	5.51e-04	4.59e-02	3.33e-01	6.21e-01
 9.32935e+22	5.35e-24	9.70e-19	1.14e-14	1.98e-11	8.44e-09	8.50e-07	2.82e-05	5.88e-04	4.78e-02	3.38e-01	6.14e-01
 9.35631e+22	7.66e-24	1.34e-18	1.51e-14	2.52e-11	1.04e-08	1.01e-06	3.22e-05	6.43e-04	5.04e-02	3.44e-01	6.05e-01
 9.38306e+22	1.01e-23	1.71e-18	1.87e-14	3.03e-11	1.22e-08	1.15e-06	3.55e-05	6.89e-04	5.25e-02	3.49e-01	5.98e-01
 9.40953e+22	1.44e-23	2.35e-18	2.47e-14	3.86e-11	1.50e-08	1.36e-06	4.05e-05	7.54e-04	5.53e-02	3.55e-01	5.88e-01
 9.43645e+22	1.91e-23	3.04e-18	3.09e-14	4.68e-11	1.76e-08	1.56e-06	4.50e-05	8.10e-04	5.77e-02	3.61e-01	5.81e-01
 9.46394e+22	2.78e-23	4.25e-18	4.14e-14	6.03e-11	2.19e-08	1.87e-06	5.16e-05	8.90e-04	6.10e-02	3.67e-01	5.71e-01
 9.49164e+22	3.71e-23	5.50e-18	5.20e-14	7.33e-11	2.59e-08	2.15e-06	5.74e-05	9.57e-04	6.37e-02	3.72e-01	5.63e-01
 9.51960e+22	5.42e-23	7.73e-18	7.00e-14	9.47e-11	3.22e-08	2.58e-06	6.61e-05	1.05e-03	6.73e-02	3.79e-01	5.52e-01
 9.54771e+22	7.23e-23	1.00e-17	8.77e-14	1.15e-10	3.81e-08	2.96e-06	7.36e-05	1.13e-03	7.03e-02	3.84e-01	5.44e-01
 9.57207e+22	9.59e-23	1.29e-17	1.10e-13	1.39e-10	4.49e-08	3.40e-06	8.18e-05	1.22e-03	7.33e-02	3.89e-01	5.36e-01
 9.59976e+22	1.39e-22	1.80e-17	1.47e-13	1.79e-10	5.57e-08	4.07e-06	9.40e-05	1.34e-03	7.74e-02	3.96e-01	5.25e-01
 9.62717e+22	1.80e-22	2.27e-17	1.80e-13	2.14e-10	6.48e-08	4.63e-06	1.04e-04	1.43e-03	8.05e-02	4.01e-01	5.17e-01
 9.65421e+22	2.55e-22	3.11e-17	2.37e-13	2.71e-10	7.96e-08	5.49e-06	1.18e-04	1.57e-03	8.48e-02	4.07e-01	5.07e-01
 9.68179e+22	3.32e-22	3.94e-17	2.92e-13	3.25e-10	9.29e-08	6.25e-06	1.31e-04	1.68e-03	8.82e-02	4.11e-01	4.98e-01
 9.71008e+22	4.70e-22	5.38e-17	3.84e-13	4.12e-10	1.14e-07	7.43e-06	1.50e-04	1.84e-03	9.29e-02	4.17e-01	4.88e-01
 9.73906e+22	6.15e-22	6.86e-17	4.76e-13	4.95e-10	1.34e-07	8.49e-06	1.66e-04	1.97e-03	9.68e-02	4.22e-01	4.79e-01
 9.76892e+22	8.73e-22	9.40e-17	6.28e-13	6.30e-10	1.65e-07	1.01e-05	1.90e-04	2.17e-03	1.02e-01	4.28e-01	4.68e-01
 9.79944e+22	1.14e-21	1.20e-16	7.78e-13	7.57e-10	1.93e-07	1.16e-05	2.11e-04	2.33e-03	1.06e-01	4.32e-01	4.59e-01
 9.83081e+22	1.61e-21	1.64e-16	1.02e-12	9.61e-10	2.38e-07	1.38e-05	2.42e-04	2.55e-03	1.12e-01	4.38e-01	4.47e-01
 9.86278e+22	2.11e-21	2.08e-16	1.27e-12	1.16e-09	2.79e-07	1.58e-05	2.69e-04	2.74e-03	1.16e-01	4.42e-01	4.38e-01
 9.89550e+22	2.97e-21	2.84e-16	1.67e-12	1.47e-09	3.43e-07	1.88e-05	3.08e-04	3.01e-03	1.23e-01	4.48e-01	4.26e-01
 9.92843e+22	3.84e-21	3.58e-16	2.05e-12	1.75e-09	4.00e-07	2.14e-05	3.42e-04	3.22e-03	1.27e-01	4.51e-01	4.18e-01
 9.96163e+22	5.34e-21	4.82e-16	2.66e-12	2.20e-09	4.88e-07	2.53e-05	3.90e-04	3.52e-03	1.34e-01	4.56e-01	4.06e-01
 9.99562e+22	6.89e-21	6.08e-16	3.27e-12	2.63e-09	5.70e-07	2.89e-05	4.32e-04	3.78e-03	1.39e-01	4.60e-01	3.97e-01
 1.00252e+23	8.74e-21	7.54e-16	3.96e-12	3.11e-09	6.58e-07	3.26e-05	4.75e-04	4.03e-03	1.44e-01	4.63e-01	3.89e-01
 1.00581e+23	1.19e-20	9.93e-16	5.06e-12	3.84e-09	7.93e-07	3.82e-05	5.38e-04	4.38e-03	1.51e-01	4.66e-01	3.78e-01
 1.00912e+23	1.48e-20	1.22e-15	6.06e-12	4.50e-09	9.09e-07	4.29e-05	5.89e-04	4.66e-03	1.56e-01	4.69e-01	3.70e-01
 1.01245e+23	1.99e-20	1.59e-15	7.68e-12	5.53e-09	1.09e-06	4.99e-05	6.64e-04	5.05e-03	1.63e-01	4.72e-01	3.59e-01
 1.01585e+23	2.50e-20	1.95e-15	9.22e-12	6.48e-09	1.25e-06	5.61e-05	7.27e-04	5.38e-03	1.68e-01	4.75e-01	3.51e-01
 1.01884e+23	3.11e-20	2.38e-15	1.10e-11	7.56e-09	1.43e-06	6.29e-05	7.96e-04	5.71e-03	1.74e-01	4.77e-01	3.43e-01
 1.02225e+23	4.13e-20	3.09e-15	1.39e-11	9.25e-09	1.71e-06	7.30e-05	8.95e-04	6.18e-03	1.81e-01	4.79e-01	3.32e-01
 1.02564e+23	5.06e-20	3.71e-15	1.63e-11	1.07e-08	1.93e-06	8.11e-05	9.71e-04	6.53e-03	1.87e-01	4.81e-01	3.25e-01
 1.02900e+23	6.63e-20	4.74e-15	2.03e-11	1.29e-08	2.28e-06	9.35e-05	1.09e-03	7.04e-03	1.94e-01	4.82e-01	3.15e-01
 1.03244e+23	8.13e-20	5.71e-15	2.40e-11	1.49e-08	2.59e-06	1.04e-04	1.18e-03	7.45e-03	2.00e-01	4.84e-01	3.08e-01
 1.03596e+23	1.06e-19	7.30e-15	2.99e-11	1.81e-08	3.06e-06	1.20e-04	1.32e-03	8.03e-03	2.08e-01	4.85e-01	2.98e-01
 1.03954e+23	1.31e-19	8.81e-15	3.53e-11	2.09e-08	3.47e-06	1.33e-04	1.43e-03	8.49e-03	2.14e-01	4.86e-01	2.90e-01
 1.04322e+23	1.71e-19	1.13e-14	4.41e-11	2.53e-08	4.11e-06	1.54e-04	1.60e-03	9.15e-03	2.22e-01	4.86e-01	2.80e-01
 1.04696e+23	2.11e-19	1.36e-14	5.21e-11	2.93e-08	4.67e-06	1.71e-04	1.75e-03	9.68e-03	2.29e-01	4.87e-01	2.73e-01
 1.05079e+23	2.76e-19	1.74e-14	6.50e-11	3.56e-08	5.53e-06	1.97e-04	1.95e-03	1.04e-02	2.38e-01	4.87e-01	2.63e-01
 1.05453e+23	3.32e-19	2.06e-14	7.55e-11	4.05e-08	6.19e-06	2.17e-04	2.10e-03	1.10e-02	2.43e-01	4.87e-01	2.57e-01
 1.05816e+23	4.27e-19	2.59e-14	9.29e-11	4.86e-08	7.25e-06	2.48e-04	2.33e-03	1.18e-02	2.52e-01	4.86e-01	2.48e-01
 1.06185e+23	5.14e-19	3.07e-14	1.08e-10	5.54e-08	8.12e-06	2.73e-04	2.51e-03	1.23e-02	2.58e-01	4.86e-01	2.41e-01
 1.06561e+23	6.57e-19	3.84e-14	1.32e-10	6.60e-08	9.47e-06	3.11e-04	2.78e-03	1.32e-02	2.67e-01	4.85e-01	2.33e-01
 1.06948e+23	8.02e-19	4.61e-14	1.56e-10	7.61e-08	1.07e-05	3.45e-04	3.01e-03	1.39e-02	2.74e-01	4.83e-01	2.26e-01
 1.07351e+23	1.03e-18	5.79e-14	1.91e-10	9.09e-08	1.25e-05	3.92e-04	3.33e-03	1.49e-02	2.82e-01	4.82e-01	2.17e-01
 1.07766e+23	1.27e-18	7.01e-14	2.26e-10	1.06e-07	1.42e-05	4.37e-04	3.63e-03	1.57e-02	2.90e-01	4.80e-01	2.10e-01
 1.08199e+23	1.64e-18	8.88e-14	2.80e-10	1.27e-07	1.67e-05	5.00e-04	4.02e-03	1.68e-02	2.99e-01	4.78e-01	2.02e-01
 1.08643e+23	2.04e-18	1.08e-13	3.34e-10	1.48e-07	1.91e-05	5.59e-04	4.39e-03	1.78e-02	3.07e-01	4.75e-01	1.95e-01
 1.09103e+23	2.66e-18	1.38e-13	4.15e-10	1.79e-07	2.25e-05	6.40e-04	4.87e-03	1.91e-02	3.17e-01	4.72e-01	1.86e-01
 1.09577e+23	3.33e-18	1.69e-13	4.98e-10	2.10e-07	2.58e-05	7.19e-04	5.32e-03	2.02e-02	3.26e-01	4.69e-01	1.79e-01
 1.10071e+23	4.40e-18	2.18e-13	6.25e-10	2.56e-07	3.06e-05	8.28e-04	5.93e-03	2.17e-02	3.36e-01	4.65e-01	1.71e-01
 1.10579e+23	5.56e-18	2.70e-13	7.57e-10	3.02e-07	3.53e-05	9.33e-04	6.50e-03	2.30e-02	3.45e-01	4.61e-01	1.64e-01
 1.11038e+23	6.96e-18	3.31e-13	9.08e-10	3.54e-07	4.04e-05	1.04e-03	7.08e-03	2.43e-02	3.53e-01	4.57e-01	1.57e-01
 1.11564e+23	9.32e-18	4.33e-13	1.16e-09	4.36e-07	4.85e-05	1.21e-03	7.95e-03	2.62e-02	3.64e-01	4.52e-01	1.48e-01
 1.12093e+23	1.17e-17	5.30e-13	1.38e-09	5.10e-07	5.54e-05	1.35e-03	8.64e-03	2.77e-02	3.73e-01	4.47e-01	1.42e-01
 1.12628e+23	1.55e-17	6.90e-13	1.75e-09	6.26e-07	6.62e-05	1.57e-03	9.67e-03	2.97e-02	3.84e-01	4.41e-01	1.34e-01
 1.13173e+23	1.96e-17	8.53e-13	2.12e-09	7.38e-07	7.63e-05	1.76e-03	1.06e-02	3.14e-02	3.93e-01	4.35e-01	1.28e-01
 1.13734e+23	2.62e-17	1.11e-12	2.69e-09	9.08e-07	9.12e-05	2.04e-03	1.18e-02	3.38e-02	4.04e-01	4.28e-01	1.21e-01
 1.14306e+23	3.33e-17	1.39e-12	3.28e-09	1.08e-06	1.06e-04	2.31e-03	1.30e-02	3.58e-02	4.13e-01	4.22e-01	1.14e-01
 1.14815e+23	4.20e-17	1.72e-12	3.97e-09	1.27e-06	1.22e-04	2.60e-03	1.42e-02	3.79e-02	4.22e-01	4.15e-01	1.09e-01
 1.15400e+23	5.65e-17	2.25e-12	5.08e-09	1.58e-06	1.47e-04	3.04e-03	1.60e-02	4.08e-02	4.33e-01	4.06e-01	1.01e-01
 1.15954e+23	6.90e-17	2.71e-12	5.99e-09	1.82e-06	1.66e-04	3.36e-03	1.72e-02	4.27e-02	4.40e-01	4.00e-01	9.65e-02
 1.16470e+23	8.89e-17	3.43e-12	7.42e-09	2.20e-06	1.96e-04	3.86e-03	1.92e-02	4.57e-02	4.50e-01	3.91e-01	9.02e-02
 1.16987e+23	1.08e-16	4.10e-12	8.72e-09	2.53e-06	2.21e-04	4.27e-03	2.07e-02	4.78e-02	4.57e-01	3.84e-01	8.58e-02
 1.17504e+23	1.38e-16	5.15e-12	1.07e-08	3.03e-06	2.59e-04	4.87e-03	2.28e-02	5.09e-02	4.67e-01	3.75e-01	8.01e-02
 1.18034e+23	1.68e-16	6.19e-12	1.27e-08	3.51e-06	2.95e-04	5.42e-03	2.48e-02	5.35e-02	4.74e-01	3.67e-01	7.56e-02
 1.18580e+23	2.15e-16	7.81e-12	1.57e-08	4.24e-06	3.48e-04	6.24e-03	2.76e-02	5.71e-02	4.83e-01	3.56e-01	7.00e-02
 1.19129e+23	2.60e-16	9.33e-12	1.85e-08	4.89e-06	3.94e-04	6.93e-03	2.98e-02	6.00e-02	4.89e-01	3.48e-01	6.59e-02
 1.19681e+23	3.30e-16	1.17e-11	2.28e-08	5.88e-06	4.64e-04	7.95e-03	3.31e-02	6.39e-02	4.98e-01	3.36e-01	6.07e-02
 1.20244e+23	3.97e-16	1.39e-11	2.68e-08	6.80e-06	5.28e-04	8.87e-03	3.60e-02	6.72e-02	5.04e-01	3.27e-01	5.67e-02
 1.20822e+23	4.99e-16	1.74e-11	3.30e-08	8.19e-06	6.23e-04	1.02e-02	4.00e-02	7.17e-02	5.11e-01	3.15e-01	5.18e-02
 1.21410e+23	5.96e-16	2.07e-11	3.88e-08	9.47e-06	7.10e-04	1.14e-02	4.35e-02	7.55e-02	5.16e-01	3.05e-01	4.80e-02
 1.22013e+23	7.40e-16	2.56e-11	4.76e-08	1.14e-05	8.38e-04	1.32e-02	4.85e-02	8.06e-02	5.22e-01	2.91e-01	4.34e-02
 1.22623e+23	8.71e-16	3.01e-11	5.57e-08	1.31e-05	9.53e-04	1.47e-02	5.28e-02	8.47e-02	5.26e-01	2.80e-01	4.00e-02
 1.23138e+23	1.00e-15	3.47e-11	6.39e-08	1.49e-05	1.07e-03	1.62e-02	5.69e-02	8.87e-02	5.30e-01	2.71e-01	3.70e-02
 1.23699e+23	1.18e-15	4.11e-11	7.57e-08	1.74e-05	1.24e-03	1.84e-02	6.25e-02	9.38e-02	5.33e-01	2.58e-01	3.35e-02
 1.24263e+23	1.34e-15	4.68e-11	8.62e-08	1.96e-05	1.38e-03	2.03e-02	6.73e-02	9.80e-02	5.34e-01	2.48e-01	3.08e-02
 1.24813e+23	1.53e-15	5.41e-11	1.00e-07	2.26e-05	1.58e-03	2.27e-02	7.34e-02	1.03e-01	5.35e-01	2.36e-01	2.79e-02
 1.25374e+23	1.70e-15	6.10e-11	1.13e-07	2.54e-05	1.76e-03	2.50e-02	7.89e-02	1.08e-01	5.36e-01	2.25e-01	2.55e-02
 1.25925e+23	1.89e-15	6.89e-11	1.29e-07	2.88e-05	1.99e-03	2.78e-02	8.54e-02	1.13e-01	5.35e-01	2.14e-01	2.30e-02
 1.26487e+23	2.07e-15	7.68e-11	1.46e-07	3.23e-05	2.22e-03	3.06e-02	9.17e-02	1.18e-01	5.33e-01	2.03e-01	2.08e-02
 1.27041e+23	2.24e-15	8.52e-11	1.64e-07	3.62e-05	2.48e-03	3.38e-02	9.86e-02	1.23e-01	5.31e-01	1.92e-01	1.88e-02
 1.27599e+23	2.40e-15	9.37e-11	1.83e-07	4.04e-05	2.76e-03	3.71e-02	1.05e-01	1.28e-01	5.27e-01	1.82e-01	1.69e-02
 1.28150e+23	2.55e-15	1.02e-10	2.03e-07	4.50e-05	3.06e-03	4.06e-02	1.13e-01	1.33e-01	5.23e-01	1.72e-01	1.52e-02
 1.28701e+23	2.68e-15	1.11e-10	2.25e-07	4.99e-05	3.39e-03	4.43e-02	1.20e-01	1.38e-01	5.18e-01	1.62e-01	1.37e-02
 1.29252e+23	2.80e-15	1.20e-10	2.48e-07	5.52e-05	3.75e-03	4.83e-02	1.27e-01	1.43e-01	5.12e-01	1.53e-01	1.23e-02
 1.29805e+23	2.91e-15	1.29e-10	2.73e-07	6.11e-05	4.14e-03	5.25e-02	1.35e-01	1.48e-01	5.06e-01	1.44e-01	1.10e-02
 1.30360e+23	3.00e-15	1.38e-10	3.01e-07	6.75e-05	4.56e-03	5.70e-02	1.43e-01	1.53e-01	4.98e-01	1.35e-01	9.84e-03
 1.30920e+23	3.08e-15	1.48e-10	3.30e-07	7.46e-05	5.03e-03	6.18e-02	1.51e-01	1.57e-01	4.90e-01	1.26e-01	8.78e-03
 1.31486e+23	3.16e-15	1.58e-10	3.64e-07	8.26e-05	5.54e-03	6.69e-02	1.58e-01	1.62e-01	4.81e-01	1.18e-01	7.81e-03
 1.32055e+23	3.23e-15	1.69e-10	4.00e-07	9.14e-05	6.10e-03	7.23e-02	1.66e-01	1.66e-01	4.72e-01	1.10e-01	6.95e-03
 1.32633e+23	3.29e-15	1.81e-10	4.41e-07	1.01e-04	6.73e-03	7.82e-02	1.75e-01	1.71e-01	4.61e-01	1.02e-01	6.15e-03
 1.33216e+23	3.36e-15	1.94e-10	4.88e-07	1.13e-04	7.41e-03	8.43e-02	1.83e-01	1.75e-01	4.50e-01	9.51e-02	5.44e-03
 1.33812e+23	3.43e-15	2.08e-10	5.42e-07	1.26e-04	8.20e-03	9.10e-02	1.91e-01	1.79e-01	4.38e-01	8.79e-02	4.78e-03
 1.34418e+23	3.52e-15	2.25e-10	6.03e-07	1.41e-04	9.06e-03	9.80e-02	1.99e-01	1.82e-01	4.26e-01	8.13e-02	4.21e-03
 1.34973e+23	3.60e-15	2.40e-10	6.62e-07	1.55e-04	9.84e-03	1.04e-01	2.06e-01	1.85e-01	4.16e-01	7.60e-02	3.77e-03
 1.35552e+23	3.70e-15	2.61e-10	7.46e-07	1.75e-04	1.09e-02	1.12e-01	2.14e-01	1.88e-01	4.02e-01	6.96e-02	3.27e-03
 1.36141e+23	3.83e-15	2.82e-10	8.26e-07	1.93e-04	1.19e-02	1.19e-01	2.21e-01	1.90e-01	3.90e-01	6.48e-02	2.92e-03
 1.36748e+23	4.01e-15	3.13e-10	9.44e-07	2.21e-04	1.33e-02	1.29e-01	2.29e-01	1.92e-01	3.75e-01	5.89e-02	2.51e-03
 1.37356e+23	4.18e-15	3.40e-10	1.05e-06	2.45e-04	1.45e-02	1.37e-01	2.35e-01	1.94e-01	3.63e-01	5.46e-02	2.24e-03
 1.37966e+23	4.41e-15	3.80e-10	1.21e-06	2.81e-04	1.62e-02	1.47e-01	2.42e-01	1.95e-01	3.47e-01	4.95e-02	1.92e-03
 1.38579e+23	4.67e-15	4.18e-10	1.36e-06	3.12e-04	1.76e-02	1.55e-01	2.48e-01	1.96e-01	3.35e-01	4.58e-02	1.70e-03
 1.39195e+23	5.02e-15	4.73e-10	1.57e-06	3.59e-04	1.96e-02	1.67e-01	2.55e-01	1.97e-01	3.19e-01	4.13e-02	1.45e-03
 1.39817e+23	5.39e-15	5.26e-10	1.78e-06	4.01e-04	2.14e-02	1.76e-01	2.60e-01	1.97e-01	3.07e-01	3.81e-02	1.29e-03
 1.40447e+23	5.90e-15	6.04e-10	2.08e-06	4.64e-04	2.39e-02	1.88e-01	2.65e-01	1.96e-01	2.91e-01	3.41e-02	1.09e-03
 1.41086e+23	6.44e-15	6.80e-10	2.37e-06	5.20e-04	2.60e-02	1.98e-01	2.70e-01	1.95e-01	2.79e-01	3.13e-02	9.60e-04
 1.41736e+23	7.23e-15	7.95e-10	2.81e-06	6.04e-04	2.90e-02	2.11e-01	2.75e-01	1.93e-01	2.62e-01	2.79e-02	8.09e-04
 1.42397e+23	8.05e-15	9.08e-10	3.23e-06	6.81e-04	3.16e-02	2.22e-01	2.78e-01	1.92e-01	2.50e-01	2.54e-02	7.05e-04
 1.43074e+23	9.28e-15	1.08e-09	3.87e-06	7.95e-04	3.53e-02	2.37e-01	2.82e-01	1.89e-01	2.34e-01	2.24e-02	5.88e-04
 1.43767e+23	1.06e-14	1.26e-09	4.49e-06	9.01e-04	3.86e-02	2.48e-01	2.84e-01	1.86e-01	2.21e-01	2.03e-02	5.08e-04
 1.44479e+23	1.26e-14	1.53e-09	5.46e-06	1.06e-03	4.32e-02	2.64e-01	2.87e-01	1.82e-01	2.05e-01	1.77e-02	4.18e-04
 1.45206e+23	1.47e-14	1.80e-09	6.38e-06	1.20e-03	4.71e-02	2.77e-01	2.88e-01	1.78e-01	1.93e-01	1.59e-02	3.59e-04
 1.45819e+23	1.69e-14	2.09e-09	7.34e-06	1.35e-03	5.09e-02	2.88e-01	2.89e-01	1.75e-01	1.82e-01	1.44e-02	3.11e-04
 1.46484e+23	2.04e-14	2.54e-09	8.82e-06	1.56e-03	5.62e-02	3.03e-01	2.89e-01	1.70e-01	1.68e-01	1.26e-02	2.59e-04
 1.47129e+23	2.36e-14	2.93e-09	1.00e-05	1.73e-03	6.02e-02	3.13e-01	2.88e-01	1.66e-01	1.59e-01	1.15e-02	2.27e-04
 1.47750e+23	2.86e-14	3.54e-09	1.19e-05	1.98e-03	6.58e-02	3.27e-01	2.87e-01	1.61e-01	1.47e-01	1.01e-02	1.90e-04
 1.48377e+23	3.35e-14	4.11e-09	1.36e-05	2.19e-03	7.03e-02	3.37e-01	2.86e-01	1.56e-01	1.39e-01	9.17e-03	1.66e-04
 1.49012e+23	4.13e-14	5.01e-09	1.62e-05	2.51e-03	7.66e-02	3.51e-01	2.84e-01	1.50e-01	1.28e-01	8.03e-03	1.38e-04
 1.49657e+23	4.90e-14	5.86e-09	1.86e-05	2.78e-03	8.18e-02	3.61e-01	2.81e-01	1.46e-01	1.20e-01	7.24e-03	1.20e-04
 1.50313e+23	6.14e-14	7.21e-09	2.22e-05	3.18e-03	8.90e-02	3.74e-01	2.78e-01	1.40e-01	1.10e-01	6.29e-03	9.87e-05
 1.50980e+23	7.37e-14	8.49e-09	2.55e-05	3.52e-03	9.49e-02	3.84e-01	2.74e-01	1.35e-01	1.03e-01	5.64e-03	8.50e-05
 1.51658e+23	9.40e-14	1.05e-08	3.06e-05	4.03e-03	1.03e-01	3.97e-01	2.70e-01	1.28e-01	9.34e-02	4.86e-03	6.95e-05
 1.52349e+23	1.14e-13	1.25e-08	3.51e-05	4.47e-03	1.10e-01	4.06e-01	2.65e-01	1.23e-01	8.66e-02	4.33e-03	5.94e-05
 1.53055e+23	1.48e-13	1.57e-08	4.24e-05	5.12e-03	1.19e-01	4.18e-01	2.59e-01	1.16e-01	7.82e-02	3.70e-03	4.80e-05
 1.53776e+23	1.82e-13	1.87e-08	4.89e-05	5.68e-03	1.27e-01	4.27e-01	2.54e-01	1.11e-01	7.21e-02	3.27e-03	4.07e-05
 1.54517e+23	2.40e-13	2.37e-08	5.92e-05	6.52e-03	1.37e-01	4.38e-01	2.47e-01	1.04e-01	6.45e-02	2.76e-03	3.24e-05
 1.55277e+23	3.00e-13	2.86e-08	6.89e-05	7.25e-03	1.46e-01	4.46e-01	2.41e-01	9.86e-02	5.89e-02	2.41e-03	2.71e-05
 1.56063e+23	4.03e-13	3.65e-08	8.38e-05	8.33e-03	1.58e-01	4.56e-01	2.32e-01	9.16e-02	5.22e-02	2.01e-03	2.13e-05
 1.56858e+23	5.06e-13	4.42e-08	9.73e-05	9.25e-03	1.67e-01	4.62e-01	2.25e-01	8.64e-02	4.75e-02	1.75e-03	1.77e-05
 1.57663e+23	6.85e-13	5.68e-08	1.18e-04	1.06e-02	1.80e-01	4.70e-01	2.16e-01	7.98e-02	4.18e-02	1.44e-03	1.38e-05
 1.58478e+23	8.65e-13	6.87e-08	1.37e-04	1.17e-02	1.91e-01	4.75e-01	2.09e-01	7.48e-02	3.78e-02	1.25e-03	1.14e-05
 1.59305e+23	1.18e-12	8.85e-08	1.67e-04	1.34e-02	2.05e-01	4.80e-01	1.99e-01	6.86e-02	3.30e-02	1.02e-03	8.75e-06
 1.60145e+23	1.50e-12	1.07e-07	1.94e-04	1.48e-02	2.16e-01	4.83e-01	1.91e-01	6.40e-02	2.97e-02	8.77e-04	7.15e-06
 1.60887e+23	1.91e-12	1.31e-07	2.26e-04	1.64e-02	2.28e-01	4.86e-01	1.83e-01	5.96e-02	2.66e-02	7.49e-04	5.82e-06
 1.61735e+23	2.59e-12	1.67e-07	2.73e-04	1.86e-02	2.43e-01	4.87e-01	1.73e-01	5.42e-02	2.31e-02	6.11e-04	4.47e-06
 1.62600e+23	3.34e-12	2.05e-07	3.18e-04	2.06e-02	2.55e-01	4.88e-01	1.65e-01	5.01e-02	2.05e-02	5.16e-04	3.58e-06
 1.63300e+23	4.11e-12	2.43e-07	3.61e-04	2.24e-02	2.66e-01	4.87e-01	1.58e-01	4.68e-02	1.86e-02	4.47e-04	2.98e-06
 1.64026e+23	5.26e-12	2.95e-07	4.19e-04	2.47e-02	2.78e-01	4.86e-01	1.51e-01	4.32e-02	1.65e-02	3.78e-04	2.39e-06
 1.64789e+23	6.56e-12	3.53e-07	4.79e-04	2.69e-02	2.90e-01	4.84e-01	1.44e-01	4.01e-02	1.48e-02	3.24e-04	1.96e-06
 1.65490e+23	8.15e-12	4.19e-07	5.45e-04	2.93e-02	3.01e-01	4.81e-01	1.37e-01	3.72e-02	1.33e-02	2.78e-04	1.61e-06
 1.66290e+23	1.07e-11	5.19e-07	6.39e-04	3.24e-02	3.15e-01	4.77e-01	1.29e-01	3.38e-02	1.16e-02	2.29e-04	1.26e-06
 1.67112e+23	1.36e-11	6.29e-07	7.37e-04	3.55e-02	3.28e-01	4.73e-01	1.22e-01	3.10e-02	1.02e-02	1.93e-04	1.01e-06
 1.67833e+23	1.69e-11	7.45e-07	8.35e-04	3.84e-02	3.39e-01	4.68e-01	1.15e-01	2.87e-02	9.13e-03	1.65e-04	8.21e-07
 1.68643e+23	2.20e-11	9.20e-07	9.76e-04	4.23e-02	3.54e-01	4.61e-01	1.08e-01	2.59e-02	7.92e-03	1.35e-04	6.38e-07
 1.69490e+23	2.82e-11	1.12e-06	1.13e-03	4.62e-02	3.66e-01	4.55e-01	1.01e-01	2.36e-02	6.94e-03	1.12e-04	5.03e-07
 1.70256e+23	3.52e-11	1.33e-06	1.28e-03	5.00e-02	3.78e-01	4.48e-01	9.51e-02	2.17e-02	6.14e-03	9.48e-05	4.06e-07
 1.71121e+23	4.66e-11	1.66e-06	1.50e-03	5.51e-02	3.93e-01	4.38e-01	8.79e-02	1.94e-02	5.26e-03	7.64e-05	3.08e-07
 1.72014e+23	6.00e-11	2.02e-06	1.73e-03	6.01e-02	4.05e-01	4.29e-01	8.17e-02	1.75e-02	4.56e-03	6.28e-05	2.40e-07
 1.72809e+23	7.52e-11	2.41e-06	1.97e-03	6.50e-02	4.17e-01	4.20e-01	7.64e-02	1.60e-02	4.00e-03	5.24e-05	1.91e-07
 1.73709e+23	9.99e-11	3.00e-06	2.31e-03	7.14e-02	4.30e-01	4.08e-01	7.00e-02	1.42e-02	3.39e-03	4.18e-05	1.43e-07
 1.74645e+23	1.29e-10	3.66e-06	2.67e-03	7.77e-02	4.42e-01	3.97e-01	6.46e-02	1.27e-02	2.91e-03	3.39e-05	0.00e+00
 1.75488e+23	1.64e-10	4.40e-06	3.04e-03	8.39e-02	4.53e-01	3.86e-01	5.98e-02	1.15e-02	2.52e-03	2.79e-05	0.00e+00
 1.76445e+23	2.21e-10	5.56e-06	3.60e-03	9.24e-02	4.66e-01	3.72e-01	5.40e-02	1.00e-02	2.10e-03	2.16e-05	0.00e+00
 1.77427e+23	2.85e-10	6.77e-06	4.14e-03	1.00e-01	4.76e-01	3.59e-01	4.95e-02	8.94e-03	1.79e-03	1.74e-05	0.00e+00
 1.78308e+23	3.65e-10	8.17e-06	4.73e-03	1.08e-01	4.86e-01	3.47e-01	4.53e-02	7.98e-03	1.53e-03	1.41e-05	0.00e+00
 1.79320e+23	5.00e-10	1.04e-05	5.62e-03	1.19e-01	4.97e-01	3.30e-01	4.04e-02	6.88e-03	1.25e-03	1.07e-05	0.00e+00
 1.80341e+23	6.45e-10	1.27e-05	6.44e-03	1.28e-01	5.05e-01	3.17e-01	3.67e-02	6.10e-03	1.06e-03	8.54e-06	0.00e+00
 1.81374e+23	8.78e-10	1.60e-05	7.60e-03	1.40e-01	5.14e-01	3.00e-01	3.25e-02	5.24e-03	8.58e-04	6.45e-06	0.00e+00
 1.82424e+23	1.14e-09	1.95e-05	8.72e-03	1.51e-01	5.20e-01	2.86e-01	2.93e-02	4.61e-03	7.19e-04	5.09e-06	0.00e+00
 1.83496e+23	1.57e-09	2.50e-05	1.03e-02	1.65e-01	5.26e-01	2.68e-01	2.56e-02	3.91e-03	5.74e-04	3.76e-06	0.00e+00
 1.84578e+23	2.03e-09	3.03e-05	1.18e-02	1.77e-01	5.30e-01	2.54e-01	2.30e-02	3.43e-03	4.78e-04	2.95e-06	0.00e+00
 1.85673e+23	2.81e-09	3.88e-05	1.40e-02	1.93e-01	5.33e-01	2.37e-01	1.99e-02	2.88e-03	3.77e-04	2.15e-06	0.00e+00
 1.86779e+23	3.62e-09	4.70e-05	1.60e-02	2.06e-01	5.35e-01	2.23e-01	1.77e-02	2.51e-03	3.13e-04	1.67e-06	0.00e+00
 1.87900e+23	5.03e-09	6.01e-05	1.89e-02	2.23e-01	5.34e-01	2.06e-01	1.52e-02	2.09e-03	2.44e-04	1.20e-06	0.00e+00
 1.89035e+23	6.50e-09	7.30e-05	2.15e-02	2.38e-01	5.33e-01	1.93e-01	1.34e-02	1.81e-03	2.00e-04	9.22e-07	0.00e+00
 1.90190e+23	9.04e-09	9.34e-05	2.54e-02	2.57e-01	5.29e-01	1.76e-01	1.14e-02	1.50e-03	1.54e-04	6.52e-07	0.00e+00
 1.91329e+23	1.15e-08	1.12e-04	2.87e-02	2.71e-01	5.24e-01	1.64e-01	1.01e-02	1.29e-03	1.26e-04	5.03e-07	0.00e+00
 1.92258e+23	1.44e-08	1.32e-04	3.20e-02	2.85e-01	5.19e-01	1.54e-01	8.98e-03	1.13e-03	1.05e-04	3.96e-07	0.00e+00
 1.93277e+23	1.91e-08	1.63e-04	3.68e-02	3.02e-01	5.11e-01	1.41e-01	7.71e-03	9.51e-04	8.32e-05	2.90e-07	0.00e+00
 1.94302e+23	2.37e-08	1.91e-04	4.10e-02	3.16e-01	5.04e-01	1.31e-01	6.83e-03	8.28e-04	6.89e-05	2.26e-07	0.00e+00
 1.95332e+23	3.13e-08	2.34e-04	4.68e-02	3.34e-01	4.94e-01	1.19e-01	5.84e-03	6.93e-04	5.41e-05	1.65e-07	0.00e+00
 1.96375e+23	3.91e-08	2.76e-04	5.21e-02	3.48e-01	4.84e-01	1.10e-01	5.13e-03	5.98e-04	4.43e-05	1.27e-07	0.00e+00
 1.97435e+23	5.16e-08	3.39e-04	5.94e-02	3.66e-01	4.70e-01	9.93e-02	4.35e-03	4.95e-04	3.44e-05	0.00e+00	0.00e+00
 1.98505e+23	6.45e-08	3.99e-04	6.60e-02	3.80e-01	4.59e-01	9.11e-02	3.79e-03	4.24e-04	2.79e-05	0.00e+00	0.00e+00
 1.99446e+23	8.01e-08	4.67e-04	7.29e-02	3.93e-01	4.46e-01	8.35e-02	3.31e-03	3.64e-04	2.27e-05	0.00e+00	0.00e+00
 2.00529e+23	1.05e-07	5.69e-04	8.27e-02	4.10e-01	4.29e-01	7.44e-02	2.77e-03	2.98e-04	1.74e-05	0.00e+00	0.00e+00
 2.01628e+23	1.32e-07	6.70e-04	9.16e-02	4.23e-01	4.15e-01	6.74e-02	2.38e-03	2.52e-04	1.39e-05	0.00e+00	0.00e+00
 2.02510e+23	1.58e-07	7.64e-04	9.94e-02	4.33e-01	4.02e-01	6.21e-02	2.11e-03	2.19e-04	1.15e-05	0.00e+00	0.00e+00
 2.03418e+23	1.96e-07	8.91e-04	1.09e-01	4.45e-01	3.87e-01	5.61e-02	1.82e-03	1.85e-04	9.20e-06	0.00e+00	0.00e+00
 2.04355e+23	2.36e-07	1.02e-03	1.19e-01	4.54e-01	3.73e-01	5.12e-02	1.59e-03	1.59e-04	7.55e-06	0.00e+00	0.00e+00
 2.05192e+23	2.81e-07	1.15e-03	1.28e-01	4.63e-01	3.59e-01	4.69e-02	1.40e-03	1.38e-04	6.24e-06	0.00e+00	0.00e+00
 2.06141e+23	3.50e-07	1.35e-03	1.41e-01	4.72e-01	3.42e-01	4.19e-02	1.19e-03	1.14e-04	4.89e-06	0.00e+00	0.00e+00
 2.07101e+23	4.20e-07	1.54e-03	1.52e-01	4.80e-01	3.28e-01	3.79e-02	1.03e-03	9.77e-05	3.98e-06	0.00e+00	0.00e+00
 2.07941e+23	5.00e-07	1.74e-03	1.64e-01	4.86e-01	3.13e-01	3.44e-02	9.02e-04	8.37e-05	3.25e-06	0.00e+00	0.00e+00
 2.08899e+23	6.19e-07	2.02e-03	1.79e-01	4.92e-01	2.96e-01	3.04e-02	7.61e-04	6.89e-05	2.53e-06	0.00e+00	0.00e+00
 2.09875e+23	7.40e-07	2.29e-03	1.92e-01	4.96e-01	2.81e-01	2.73e-02	6.57e-04	5.83e-05	2.04e-06	0.00e+00	0.00e+00
 2.10739e+23	8.78e-07	2.58e-03	2.06e-01	5.00e-01	2.67e-01	2.45e-02	5.68e-04	4.94e-05	1.65e-06	0.00e+00	0.00e+00
 2.11543e+23	1.02e-06	2.86e-03	2.19e-01	5.02e-01	2.54e-01	2.23e-02	4.99e-04	4.26e-05	1.36e-06	0.00e+00	0.00e+00
 2.12400e+23	1.22e-06	3.24e-03	2.35e-01	5.03e-01	2.39e-01	1.98e-02	4.26e-04	3.55e-05	1.08e-06	0.00e+00	0.00e+00
 2.13345e+23	1.45e-06	3.65e-03	2.51e-01	5.03e-01	2.25e-01	1.76e-02	3.65e-04	2.97e-05	8.61e-07	0.00e+00	0.00e+00
 2.14407e+23	1.82e-06	4.27e-03	2.73e-01	5.01e-01	2.06e-01	1.50e-02	2.95e-04	2.33e-05	6.32e-07	0.00e+00	0.00e+00
 2.15450e+23	2.15e-06	4.79e-03	2.91e-01	4.99e-01	1.92e-01	1.32e-02	2.51e-04	1.93e-05	5.00e-07	0.00e+00	0.00e+00
 2.16469e+23	2.65e-06	5.51e-03	3.13e-01	4.94e-01	1.76e-01	1.13e-02	2.05e-04	1.53e-05	3.72e-07	0.00e+00	0.00e+00
 2.17513e+23	3.14e-06	6.18e-03	3.32e-01	4.88e-01	1.63e-01	9.83e-03	1.73e-04	1.25e-05	2.90e-07	0.00e+00	0.00e+00
 2.18588e+23	3.86e-06	7.10e-03	3.57e-01	4.80e-01	1.48e-01	8.27e-03	1.39e-04	9.70e-06	2.12e-07	0.00e+00	0.00e+00
 2.19685e+23	4.59e-06	7.96e-03	3.78e-01	4.72e-01	1.35e-01	7.13e-03	1.16e-04	7.82e-06	1.62e-07	0.00e+00	0.00e+00
 2.20808e+23	5.66e-06	9.14e-03	4.05e-01	4.59e-01	1.21e-01	5.91e-03	9.19e-05	5.95e-06	0.00e+00	0.00e+00	0.00e+00
 2.21953e+23	6.74e-06	1.02e-02	4.27e-01	4.48e-01	1.09e-01	5.02e-03	7.53e-05	4.70e-06	0.00e+00	0.00e+00	0.00e+00
 2.22968e+23	7.96e-06	1.14e-02	4.49e-01	4.36e-01	9.90e-02	4.27e-03	6.19e-05	3.73e-06	0.00e+00	0.00e+00	0.00e+00
 2.24131e+23	9.78e-06	1.30e-02	4.77e-01	4.19e-01	8.69e-02	3.47e-03	4.83e-05	2.77e-06	0.00e+00	0.00e+00	0.00e+00
 2.25153e+23	1.10e-05	1.41e-02	4.94e-01	4.09e-01	8.02e-02	3.06e-03	4.15e-05	2.31e-06	0.00e+00	0.00e+00	0.00e+00
 2.25993e+23	1.28e-05	1.55e-02	5.14e-01	3.95e-01	7.25e-02	2.61e-03	3.44e-05	1.85e-06	0.00e+00	0.00e+00	0.00e+00
 2.26854e+23	1.45e-05	1.67e-02	5.31e-01	3.84e-01	6.64e-02	2.28e-03	2.93e-05	1.53e-06	0.00e+00	0.00e+00	0.00e+00
 2.27743e+23	1.68e-05	1.84e-02	5.51e-01	3.69e-01	5.95e-02	1.93e-03	2.41e-05	1.21e-06	0.00e+00	0.00e+00	0.00e+00
 2.28652e+23	1.90e-05	1.98e-02	5.68e-01	3.56e-01	5.41e-02	1.67e-03	2.03e-05	9.84e-07	0.00e+00	0.00e+00	0.00e+00
 2.29588e+23	2.21e-05	2.18e-02	5.89e-01	3.40e-01	4.79e-02	1.39e-03	1.64e-05	7.61e-07	0.00e+00	0.00e+00	0.00e+00
 2.30525e+23	2.50e-05	2.35e-02	6.05e-01	3.27e-01	4.33e-02	1.20e-03	1.38e-05	6.16e-07	0.00e+00	0.00e+00	0.00e+00
 2.31464e+23	2.90e-05	2.57e-02	6.25e-01	3.10e-01	3.81e-02	9.90e-04	1.11e-05	4.73e-07	0.00e+00	0.00e+00	0.00e+00
 2.32417e+23	3.27e-05	2.77e-02	6.41e-01	2.96e-01	3.42e-02	8.44e-04	9.23e-06	3.78e-07	0.00e+00	0.00e+00	0.00e+00
 2.33389e+23	3.81e-05	3.04e-02	6.60e-01	2.79e-01	2.97e-02	6.89e-04	7.32e-06	2.85e-07	0.00e+00	0.00e+00	0.00e+00
 2.34373e+23	4.30e-05	3.26e-02	6.75e-01	2.66e-01	2.65e-02	5.84e-04	6.05e-06	2.26e-07	0.00e+00	0.00e+00	0.00e+00
 2.35373e+23	5.00e-05	3.57e-02	6.93e-01	2.48e-01	2.28e-02	4.72e-04	4.74e-06	1.68e-07	0.00e+00	0.00e+00	0.00e+00
 2.36392e+23	5.65e-05	3.84e-02	7.06e-01	2.35e-01	2.01e-02	3.96e-04	3.88e-06	1.32e-07	0.00e+00	0.00e+00	0.00e+00
 2.37436e+23	6.58e-05	4.19e-02	7.23e-01	2.18e-01	1.71e-02	3.16e-04	3.00e-06	0.00e+00	0.00e+00	0.00e+00	0.00e+00
 2.38509e+23	7.49e-05	4.52e-02	7.36e-01	2.04e-01	1.49e-02	2.60e-04	2.40e-06	0.00e+00	0.00e+00	0.00e+00	0.00e+00
 2.39618e+23	8.80e-05	4.96e-02	7.51e-01	1.87e-01	1.24e-02	2.03e-04	1.82e-06	0.00e+00	0.00e+00	0.00e+00	0.00e+00
 2.40735e+23	1.00e-04	5.34e-02	7.61e-01	1.74e-01	1.07e-02	1.66e-04	1.45e-06	0.00e+00	0.00e+00	0.00e+00	0.00e+00
 2.41863e+23	1.17e-04	5.83e-02	7.74e-01	1.59e-01	8.87e-03	1.29e-04	1.08e-06	0.00e+00	0.00e+00	0.00e+00	0.00e+00
 2.43007e+23	1.33e-04	6.28e-02	7.83e-01	1.47e-01	7.58e-03	1.05e-04	8.52e-07	0.00e+00	0.00e+00	0.00e+00	0.00e+00
 2.44172e+23	1.57e-04	6.86e-02	7.93e-01	1.32e-01	6.19e-03	8.00e-05	6.28e-07	0.00e+00	0.00e+00	0.00e+00	0.00e+00
 2.45349e+23	1.79e-04	7.38e-02	7.99e-01	1.21e-01	5.25e-03	6.44e-05	4.90e-07	0.00e+00	0.00e+00	0.00e+00	0.00e+00
 2.46541e+23	2.09e-04	8.04e-02	8.06e-01	1.09e-01	4.25e-03	4.90e-05	3.58e-07	0.00e+00	0.00e+00	0.00e+00	0.00e+00
 2.47762e+23	2.41e-04	8.69e-02	8.11e-01	9.83e-02	3.53e-03	3.85e-05	2.72e-07	0.00e+00	0.00e+00	0.00e+00	0.00e+00
 2.49020e+23	2.87e-04	9.52e-02	8.15e-01	8.66e-02	2.79e-03	2.86e-05	1.93e-07	0.00e+00	0.00e+00	0.00e+00	0.00e+00
 2.50284e+23	3.31e-04	1.03e-01	8.17e-01	7.78e-02	2.30e-03	2.23e-05	1.45e-07	0.00e+00	0.00e+00	0.00e+00	0.00e+00
 2.51554e+23	3.93e-04	1.12e-01	8.18e-01	6.78e-02	1.79e-03	1.64e-05	0.00e+00	0.00e+00	0.00e+00	0.00e+00	0.00e+00
 2.52839e+23	4.56e-04	1.21e-01	8.16e-01	6.02e-02	1.46e-03	1.27e-05	0.00e+00	0.00e+00	0.00e+00	0.00e+00	0.00e+00
 2.54144e+23	5.50e-04	1.33e-01	8.14e-01	5.15e-02	1.11e-03	9.05e-06	0.00e+00	0.00e+00	0.00e+00	0.00e+00	0.00e+00
 2.55454e+23	6.40e-04	1.44e-01	8.09e-01	4.53e-02	8.96e-04	6.94e-06	0.00e+00	0.00e+00	0.00e+00	0.00e+00	0.00e+00
 2.56769e+23	7.72e-04	1.58e-01	8.03e-01	3.82e-02	6.74e-04	4.91e-06	0.00e+00	0.00e+00	0.00e+00	0.00e+00	0.00e+00
 2.58107e+23	9.08e-04	1.71e-01	7.95e-01	3.30e-02	5.31e-04	3.66e-06	0.00e+00	0.00e+00	0.00e+00	0.00e+00	0.00e+00
 2.59476e+23	1.11e-03	1.88e-01	7.84e-01	2.70e-02	3.87e-04	2.49e-06	0.00e+00	0.00e+00	0.00e+00	0.00e+00	0.00e+00
 2.60865e+23	1.32e-03	2.03e-01	7.72e-01	2.27e-02	2.97e-04	1.80e-06	0.00e+00	0.00e+00	0.00e+00	0.00e+00	0.00e+00
 2.62280e+23	1.64e-03	2.24e-01	7.56e-01	1.81e-02	2.10e-04	1.17e-06	0.00e+00	0.00e+00	0.00e+00	0.00e+00	0.00e+00
 2.63710e+23	1.97e-03	2.43e-01	7.40e-01	1.47e-02	1.56e-04	8.09e-07	0.00e+00	0.00e+00	0.00e+00	0.00e+00	0.00e+00
 2.64794e+23	2.26e-03	2.58e-01	7.27e-01	1.25e-02	1.25e-04	6.08e-07	0.00e+00	0.00e+00	0.00e+00	0.00e+00	0.00e+00
 2.65837e+23	2.66e-03	2.76e-01	7.11e-01	1.02e-02	9.43e-05	4.23e-07	0.00e+00	0.00e+00	0.00e+00	0.00e+00	0.00e+00
 2.66931e+23	3.11e-03	2.93e-01	6.95e-01	8.36e-03	7.23e-05	2.97e-07	0.00e+00	0.00e+00	0.00e+00	0.00e+00	0.00e+00
 2.67932e+23	3.60e-03	3.11e-01	6.79e-01	6.80e-03	5.56e-05	2.08e-07	0.00e+00	0.00e+00	0.00e+00	0.00e+00	0.00e+00
 2.69072e+23	4.35e-03	3.33e-01	6.58e-01	5.16e-03	3.95e-05	1.28e-07	0.00e+00	0.00e+00	0.00e+00	0.00e+00	0.00e+00
 2.70232e+23	5.14e-03	3.53e-01	6.38e-01	3.92e-03	2.86e-05	0.00e+00	0.00e+00	0.00e+00	0.00e+00	0.00e+00	0.00e+00
 2.71169e+23	5.91e-03	3.69e-01	6.22e-01	3.06e-03	2.17e-05	0.00e+00	0.00e+00	0.00e+00	0.00e+00	0.00e+00	0.00e+00
 2.71988e+23	6.74e-03	3.84e-01	6.07e-01	2.39e-03	1.66e-05	0.00e+00	0.00e+00	0.00e+00	0.00e+00	0.00e+00	0.00e+00
 2.72760e+23	7.62e-03	3.98e-01	5.93e-01	1.86e-03	1.27e-05	0.00e+00	0.00e+00	0.00e+00	0.00e+00	0.00e+00	0.00e+00
 2.73484e+23	8.61e-03	4.10e-01	5.80e-01	1.44e-03	9.75e-06	0.00e+00	0.00e+00	0.00e+00	0.00e+00	0.00e+00	0.00e+00
 2.74144e+23	9.61e-03	4.21e-01	5.69e-01	1.12e-03	7.57e-06	0.00e+00	0.00e+00	0.00e+00	0.00e+00	0.00e+00	0.00e+00
 2.74731e+23	1.07e-02	4.29e-01	5.59e-01	8.75e-04	5.94e-06	0.00e+00	0.00e+00	0.00e+00	0.00e+00	0.00e+00	0.00e+00
 2.75254e+23	1.17e-02	4.36e-01	5.51e-01	6.94e-04	4.75e-06	0.00e+00	0.00e+00	0.00e+00	0.00e+00	0.00e+00	0.00e+00
 2.75725e+23	1.27e-02	4.41e-01	5.45e-01	5.58e-04	3.86e-06	0.00e+00	0.00e+00	0.00e+00	0.00e+00	0.00e+00	0.00e+00
 2.76160e+23	1.38e-02	4.45e-01	5.40e-01	4.52e-04	3.16e-06	0.00e+00	0.00e+00	0.00e+00	0.00e+00	0.00e+00	0.00e+00
 2.76561e+23	1.49e-02	4.48e-01	5.36e-01	3.71e-04	2.63e-06	0.00e+00	0.00e+00	0.00e+00	0.00e+00	0.00e+00	0.00e+00
 2.76927e+23	1.60e-02	4.50e-01	5.34e-01	3.09e-04	2.23e-06	0.00e+00	0.00e+00	0.00e+00	0.00e+00	0.00e+00	0.00e+00
 2.77263e+23	1.70e-02	4.50e-01	5.32e-01	2.62e-04	1.91e-06	0.00e+00	0.00e+00	0.00e+00	0.00e+00	0.00e+00	0.00e+00
 2.77492e+23	1.76e-02	4.49e-01	5.34e-01	2.37e-04	1.74e-06	0.00e+00	0.00e+00	0.00e+00	0.00e+00	0.00e+00	0.00e+00
 2.77602e+23	1.79e-02	4.48e-01	5.34e-01	2.25e-04	1.67e-06	0.00e+00	0.00e+00	0.00e+00	0.00e+00	0.00e+00	0.00e+00
 2.77700e+23	1.83e-02	4.48e-01	5.33e-01	2.15e-04	1.60e-06	0.00e+00	0.00e+00	0.00e+00	0.00e+00	0.00e+00	0.00e+00
 2.77823e+23	1.87e-02	4.48e-01	5.33e-01	2.03e-04	1.51e-06	0.00e+00	0.00e+00	0.00e+00	0.00e+00	0.00e+00	0.00e+00
 2.77968e+23	1.93e-02	4.48e-01	5.32e-01	1.89e-04	1.42e-06	0.00e+00	0.00e+00	0.00e+00	0.00e+00	0.00e+00	0.00e+00
 2.78113e+23	1.97e-02	4.47e-01	5.34e-01	1.78e-04	1.35e-06	0.00e+00	0.00e+00	0.00e+00	0.00e+00	0.00e+00	0.00e+00
