#depth	N	N+	N+2	N+3	N+4	N+5	N+6	N+7
 4.62852e+21	4.41e-29	3.07e-22	5.83e-17	9.33e-13	4.32e-09	4.25e-05	1.41e-02	9.86e-01
 1.04552e+22	8.86e-28	3.72e-21	4.30e-16	4.22e-12	1.19e-08	9.37e-05	2.17e-02	9.78e-01
 1.22525e+22	4.41e-27	1.42e-20	1.26e-15	9.47e-12	2.05e-08	1.43e-04	2.72e-02	9.73e-01
 1.31511e+22	1.03e-26	2.88e-20	2.22e-15	1.46e-11	2.74e-08	1.78e-04	3.06e-02	9.69e-01
 1.35256e+22	1.28e-26	3.44e-20	2.56e-15	1.62e-11	2.95e-08	1.88e-04	3.15e-02	9.68e-01
 1.36685e+22	1.57e-26	4.09e-20	2.95e-15	1.80e-11	3.16e-08	1.98e-04	3.24e-02	9.67e-01
 1.37948e+22	1.88e-26	4.75e-20	3.32e-15	1.98e-11	3.36e-08	2.08e-04	3.32e-02	9.67e-01
 1.39288e+22	2.34e-26	5.70e-20	3.84e-15	2.21e-11	3.62e-08	2.20e-04	3.41e-02	9.66e-01
 1.40681e+22	2.85e-26	6.73e-20	4.40e-15	2.44e-11	3.88e-08	2.31e-04	3.51e-02	9.65e-01
 1.41915e+22	3.44e-26	7.87e-20	4.99e-15	2.69e-11	4.13e-08	2.43e-04	3.59e-02	9.64e-01
 1.43288e+22	4.35e-26	9.57e-20	5.84e-15	3.03e-11	4.48e-08	2.57e-04	3.71e-02	9.63e-01
 1.44629e+22	5.22e-26	1.11e-19	6.61e-15	3.33e-11	4.77e-08	2.70e-04	3.79e-02	9.62e-01
 1.45743e+22	6.27e-26	1.30e-19	7.48e-15	3.66e-11	5.08e-08	2.82e-04	3.89e-02	9.61e-01
 1.46841e+22	7.52e-26	1.51e-19	8.46e-15	4.01e-11	5.41e-08	2.96e-04	3.98e-02	9.60e-01
 1.48102e+22	9.43e-26	1.83e-19	9.86e-15	4.51e-11	5.86e-08	3.13e-04	4.09e-02	9.59e-01
 1.49391e+22	1.16e-25	2.17e-19	1.13e-14	5.01e-11	6.29e-08	3.30e-04	4.20e-02	9.58e-01
 1.50503e+22	1.39e-25	2.53e-19	1.28e-14	5.51e-11	6.70e-08	3.45e-04	4.30e-02	9.57e-01
 1.51734e+22	1.76e-25	3.09e-19	1.51e-14	6.23e-11	7.28e-08	3.66e-04	4.43e-02	9.55e-01
 1.52997e+22	2.17e-25	3.69e-19	1.74e-14	6.95e-11	7.83e-08	3.85e-04	4.55e-02	9.54e-01
 1.54046e+22	2.59e-25	4.27e-19	1.96e-14	7.61e-11	8.33e-08	4.02e-04	4.64e-02	9.53e-01
 1.55154e+22	3.25e-25	5.17e-19	2.29e-14	8.56e-11	9.02e-08	4.26e-04	4.77e-02	9.52e-01
 1.56290e+22	3.95e-25	6.09e-19	2.62e-14	9.48e-11	9.66e-08	4.46e-04	4.89e-02	9.51e-01
 1.57299e+22	4.78e-25	7.15e-19	2.98e-14	1.05e-10	1.03e-07	4.68e-04	5.00e-02	9.49e-01
 1.58449e+22	6.15e-25	8.85e-19	3.54e-14	1.20e-10	1.13e-07	4.97e-04	5.16e-02	9.48e-01
 1.59607e+22	7.54e-25	1.05e-18	4.07e-14	1.33e-10	1.21e-07	5.22e-04	5.28e-02	9.47e-01
 1.60777e+22	9.93e-25	1.32e-18	4.92e-14	1.54e-10	1.34e-07	5.58e-04	5.46e-02	9.45e-01
 1.61925e+22	1.20e-24	1.56e-18	5.62e-14	1.70e-10	1.43e-07	5.85e-04	5.58e-02	9.44e-01
 1.63047e+22	1.59e-24	1.97e-18	6.81e-14	1.97e-10	1.58e-07	6.24e-04	5.77e-02	9.42e-01
 1.64165e+22	1.93e-24	2.32e-18	7.79e-14	2.18e-10	1.70e-07	6.55e-04	5.90e-02	9.40e-01
 1.65280e+22	2.59e-24	2.97e-18	9.52e-14	2.54e-10	1.88e-07	7.01e-04	6.10e-02	9.38e-01
 1.66394e+22	3.18e-24	3.54e-18	1.10e-13	2.84e-10	2.03e-07	7.36e-04	6.25e-02	9.37e-01
 1.67508e+22	4.29e-24	4.56e-18	1.35e-13	3.33e-10	2.26e-07	7.90e-04	6.46e-02	9.35e-01
 1.68607e+22	5.27e-24	5.43e-18	1.56e-13	3.72e-10	2.44e-07	8.29e-04	6.62e-02	9.33e-01
 1.69687e+22	7.05e-24	6.94e-18	1.91e-13	4.34e-10	2.70e-07	8.88e-04	6.83e-02	9.31e-01
 1.70755e+22	8.75e-24	8.33e-18	2.22e-13	4.87e-10	2.93e-07	9.34e-04	7.00e-02	9.29e-01
 1.71808e+22	1.17e-23	1.07e-17	2.71e-13	5.68e-10	3.25e-07	9.99e-04	7.23e-02	9.27e-01
 1.72877e+22	1.47e-23	1.29e-17	3.18e-13	6.42e-10	3.53e-07	1.05e-03	7.42e-02	9.25e-01
 1.73966e+22	2.00e-23	1.68e-17	3.94e-13	7.57e-10	3.95e-07	1.13e-03	7.67e-02	9.22e-01
 1.75076e+22	2.55e-23	2.07e-17	4.68e-13	8.64e-10	4.32e-07	1.20e-03	7.89e-02	9.20e-01
 1.76214e+22	3.53e-23	2.73e-17	5.88e-13	1.03e-09	4.87e-07	1.29e-03	8.17e-02	9.17e-01
 1.77355e+22	4.53e-23	3.37e-17	7.00e-13	1.18e-09	5.34e-07	1.37e-03	8.40e-02	9.15e-01
 1.78499e+22	6.31e-23	4.46e-17	8.82e-13	1.41e-09	6.03e-07	1.48e-03	8.71e-02	9.11e-01
 1.79621e+22	8.00e-23	5.46e-17	1.04e-12	1.60e-09	6.58e-07	1.56e-03	8.94e-02	9.09e-01
 1.80713e+22	1.10e-22	7.15e-17	1.30e-12	1.90e-09	7.40e-07	1.68e-03	9.26e-02	9.06e-01
 1.81805e+22	1.39e-22	8.72e-17	1.53e-12	2.16e-09	8.07e-07	1.78e-03	9.50e-02	9.03e-01
 1.82898e+22	1.89e-22	1.14e-16	1.91e-12	2.56e-09	9.06e-07	1.91e-03	9.83e-02	9.00e-01
 1.84012e+22	2.41e-22	1.40e-16	2.27e-12	2.92e-09	9.92e-07	2.03e-03	1.01e-01	8.97e-01
 1.85152e+22	3.31e-22	1.83e-16	2.84e-12	3.47e-09	1.12e-06	2.18e-03	1.05e-01	8.93e-01
 1.86312e+22	4.22e-22	2.25e-16	3.37e-12	3.96e-09	1.22e-06	2.31e-03	1.07e-01	8.90e-01
 1.87498e+22	5.78e-22	2.95e-16	4.21e-12	4.71e-09	1.38e-06	2.49e-03	1.11e-01	8.86e-01
 1.88717e+22	7.45e-22	3.66e-16	5.04e-12	5.42e-09	1.52e-06	2.65e-03	1.14e-01	8.83e-01
 1.89975e+22	1.03e-21	4.81e-16	6.33e-12	6.48e-09	1.72e-06	2.86e-03	1.19e-01	8.79e-01
 1.91208e+22	1.29e-21	5.86e-16	7.46e-12	7.36e-09	1.88e-06	3.03e-03	1.22e-01	8.75e-01
 1.92414e+22	1.75e-21	7.59e-16	9.26e-12	8.71e-09	2.11e-06	3.26e-03	1.26e-01	8.71e-01
 1.93650e+22	2.21e-21	9.25e-16	1.09e-11	9.90e-09	2.31e-06	3.45e-03	1.29e-01	8.67e-01
 1.94923e+22	3.00e-21	1.20e-15	1.36e-11	1.18e-08	2.60e-06	3.72e-03	1.34e-01	8.63e-01
 1.96230e+22	3.79e-21	1.47e-15	1.60e-11	1.34e-08	2.85e-06	3.94e-03	1.37e-01	8.59e-01
 1.97580e+22	5.16e-21	1.92e-15	2.00e-11	1.59e-08	3.22e-06	4.25e-03	1.42e-01	8.54e-01
 1.98925e+22	6.46e-21	2.32e-15	2.35e-11	1.81e-08	3.51e-06	4.49e-03	1.46e-01	8.50e-01
 2.00265e+22	8.65e-21	2.98e-15	2.90e-11	2.13e-08	3.95e-06	4.83e-03	1.51e-01	8.45e-01
 2.01640e+22	1.09e-20	3.64e-15	3.43e-11	2.43e-08	4.33e-06	5.13e-03	1.55e-01	8.40e-01
 2.03059e+22	1.48e-20	4.72e-15	4.26e-11	2.89e-08	4.88e-06	5.53e-03	1.60e-01	8.35e-01
 2.04498e+22	1.86e-20	5.74e-15	5.02e-11	3.29e-08	5.35e-06	5.86e-03	1.64e-01	8.30e-01
 2.05734e+22	2.30e-20	6.90e-15	5.86e-11	3.72e-08	5.83e-06	6.19e-03	1.68e-01	8.26e-01
 2.07112e+22	3.04e-20	8.77e-15	7.17e-11	4.36e-08	6.53e-06	6.64e-03	1.74e-01	8.20e-01
 2.08488e+22	3.73e-20	1.05e-14	8.31e-11	4.90e-08	7.09e-06	6.99e-03	1.78e-01	8.15e-01
 2.09862e+22	4.91e-20	1.32e-14	1.01e-10	5.73e-08	7.93e-06	7.50e-03	1.83e-01	8.09e-01
 2.11251e+22	5.99e-20	1.57e-14	1.17e-10	6.42e-08	8.59e-06	7.89e-03	1.87e-01	8.05e-01
 2.12659e+22	7.86e-20	1.98e-14	1.42e-10	7.51e-08	9.60e-06	8.46e-03	1.93e-01	7.98e-01
 2.14092e+22	9.61e-20	2.36e-14	1.65e-10	8.44e-08	1.04e-05	8.91e-03	1.98e-01	7.94e-01
 2.15357e+22	1.17e-19	2.80e-14	1.91e-10	9.47e-08	1.13e-05	9.38e-03	2.02e-01	7.89e-01
 2.16801e+22	1.53e-19	3.51e-14	2.31e-10	1.10e-07	1.26e-05	1.00e-02	2.08e-01	7.82e-01
 2.18235e+22	1.85e-19	4.13e-14	2.65e-10	1.23e-07	1.36e-05	1.05e-02	2.13e-01	7.77e-01
 2.19657e+22	2.38e-19	5.14e-14	3.18e-10	1.43e-07	1.52e-05	1.13e-02	2.19e-01	7.70e-01
 2.21103e+22	2.87e-19	6.05e-14	3.65e-10	1.59e-07	1.64e-05	1.18e-02	2.23e-01	7.65e-01
 2.22580e+22	3.70e-19	7.53e-14	4.39e-10	1.85e-07	1.82e-05	1.26e-02	2.30e-01	7.58e-01
 2.24086e+22	4.49e-19	8.90e-14	5.05e-10	2.07e-07	1.98e-05	1.33e-02	2.34e-01	7.52e-01
 2.25629e+22	5.80e-19	1.11e-13	6.09e-10	2.40e-07	2.20e-05	1.42e-02	2.41e-01	7.45e-01
 2.27204e+22	7.06e-19	1.31e-13	7.03e-10	2.69e-07	2.39e-05	1.50e-02	2.46e-01	7.39e-01
 2.28821e+22	9.11e-19	1.64e-13	8.46e-10	3.12e-07	2.66e-05	1.60e-02	2.53e-01	7.31e-01
 2.30483e+22	1.12e-18	1.96e-13	9.84e-10	3.53e-07	2.90e-05	1.69e-02	2.59e-01	7.24e-01
 2.32205e+22	1.46e-18	2.45e-13	1.19e-09	4.11e-07	3.24e-05	1.81e-02	2.66e-01	7.16e-01
 2.33878e+22	1.75e-18	2.87e-13	1.36e-09	4.57e-07	3.50e-05	1.89e-02	2.72e-01	7.09e-01
 2.35487e+22	2.24e-18	3.56e-13	1.63e-09	5.29e-07	3.88e-05	2.02e-02	2.79e-01	7.01e-01
 2.37129e+22	2.70e-18	4.18e-13	1.87e-09	5.91e-07	4.20e-05	2.12e-02	2.84e-01	6.94e-01
 2.38811e+22	3.41e-18	5.11e-13	2.22e-09	6.77e-07	4.63e-05	2.26e-02	2.91e-01	6.86e-01
 2.40588e+22	4.24e-18	6.16e-13	2.60e-09	7.69e-07	5.08e-05	2.39e-02	2.98e-01	6.78e-01
 2.42221e+22	5.18e-18	7.33e-13	3.01e-09	8.65e-07	5.53e-05	2.51e-02	3.04e-01	6.71e-01
 2.44074e+22	6.64e-18	9.08e-13	3.60e-09	1.00e-06	6.14e-05	2.68e-02	3.11e-01	6.62e-01
 2.46038e+22	8.37e-18	1.11e-12	4.27e-09	1.15e-06	6.77e-05	2.85e-02	3.19e-01	6.53e-01
 2.47858e+22	1.04e-17	1.34e-12	4.99e-09	1.30e-06	7.41e-05	3.01e-02	3.26e-01	6.44e-01
 2.49629e+22	1.28e-17	1.59e-12	5.80e-09	1.47e-06	8.08e-05	3.17e-02	3.32e-01	6.36e-01
 2.51626e+22	1.66e-17	2.00e-12	7.01e-09	1.71e-06	9.02e-05	3.39e-02	3.40e-01	6.26e-01
 2.53648e+22	2.06e-17	2.41e-12	8.23e-09	1.94e-06	9.90e-05	3.59e-02	3.47e-01	6.17e-01
 2.55405e+22	2.53e-17	2.87e-12	9.54e-09	2.19e-06	1.08e-04	3.78e-02	3.54e-01	6.08e-01
 2.57387e+22	3.25e-17	3.57e-12	1.15e-08	2.54e-06	1.20e-04	4.02e-02	3.62e-01	5.97e-01
 2.59442e+22	4.07e-17	4.33e-12	1.35e-08	2.89e-06	1.32e-04	4.26e-02	3.70e-01	5.88e-01
 2.61284e+22	4.99e-17	5.17e-12	1.57e-08	3.26e-06	1.44e-04	4.49e-02	3.76e-01	5.79e-01
 2.63371e+22	6.54e-17	6.53e-12	1.91e-08	3.83e-06	1.61e-04	4.80e-02	3.85e-01	5.67e-01
 2.65504e+22	8.21e-17	7.95e-12	2.26e-08	4.38e-06	1.77e-04	5.09e-02	3.93e-01	5.56e-01
 2.67410e+22	1.01e-16	9.53e-12	2.63e-08	4.95e-06	1.94e-04	5.36e-02	3.99e-01	5.47e-01
 2.69598e+22	1.34e-16	1.22e-11	3.25e-08	5.87e-06	2.19e-04	5.76e-02	4.09e-01	5.33e-01
 2.71802e+22	1.66e-16	1.47e-11	3.80e-08	6.67e-06	2.40e-04	6.08e-02	4.16e-01	5.23e-01
 2.74028e+22	2.22e-16	1.89e-11	4.71e-08	7.94e-06	2.72e-04	6.54e-02	4.25e-01	5.09e-01
 2.76280e+22	2.77e-16	2.29e-11	5.55e-08	9.06e-06	2.98e-04	6.91e-02	4.33e-01	4.98e-01
 2.78565e+22	3.72e-16	2.97e-11	6.91e-08	1.08e-05	3.39e-04	7.44e-02	4.42e-01	4.83e-01
 2.80883e+22	4.65e-16	3.60e-11	8.15e-08	1.24e-05	3.73e-04	7.86e-02	4.49e-01	4.72e-01
 2.82831e+22	5.75e-16	4.33e-11	9.55e-08	1.41e-05	4.10e-04	8.29e-02	4.56e-01	4.61e-01
 2.84669e+22	7.02e-16	5.16e-11	1.11e-07	1.59e-05	4.47e-04	8.71e-02	4.62e-01	4.51e-01
 2.86774e+22	9.21e-16	6.54e-11	1.36e-07	1.89e-05	5.04e-04	9.33e-02	4.70e-01	4.36e-01
 2.88881e+22	1.12e-15	7.76e-11	1.58e-07	2.13e-05	5.50e-04	9.79e-02	4.76e-01	4.26e-01
 2.90992e+22	1.46e-15	9.80e-11	1.93e-07	2.51e-05	6.20e-04	1.05e-01	4.83e-01	4.11e-01
 2.93145e+22	1.80e-15	1.18e-10	2.26e-07	2.87e-05	6.81e-04	1.10e-01	4.89e-01	4.00e-01
 2.95353e+22	2.36e-15	1.49e-10	2.78e-07	3.40e-05	7.70e-04	1.18e-01	4.96e-01	3.85e-01
 2.97614e+22	2.93e-15	1.80e-10	3.28e-07	3.91e-05	8.51e-04	1.25e-01	5.02e-01	3.73e-01
 2.99944e+22	3.87e-15	2.31e-10	4.07e-07	4.68e-05	9.69e-04	1.34e-01	5.08e-01	3.57e-01
 3.02316e+22	4.80e-15	2.80e-10	4.81e-07	5.40e-05	1.07e-03	1.42e-01	5.13e-01	3.44e-01
 3.04743e+22	6.36e-15	3.59e-10	6.01e-07	6.52e-05	1.23e-03	1.52e-01	5.19e-01	3.28e-01
 3.07182e+22	7.86e-15	4.34e-10	7.11e-07	7.52e-05	1.37e-03	1.61e-01	5.23e-01	3.15e-01
 3.09549e+22	1.01e-14	5.44e-10	8.71e-07	8.95e-05	1.55e-03	1.72e-01	5.27e-01	3.00e-01
 3.11945e+22	1.25e-14	6.56e-10	1.03e-06	1.03e-04	1.72e-03	1.81e-01	5.30e-01	2.87e-01
 3.14119e+22	1.52e-14	7.86e-10	1.21e-06	1.19e-04	1.91e-03	1.91e-01	5.32e-01	2.75e-01
 3.16187e+22	1.82e-14	9.24e-10	1.40e-06	1.35e-04	2.10e-03	2.01e-01	5.33e-01	2.64e-01
 3.18405e+22	2.25e-14	1.12e-09	1.68e-06	1.59e-04	2.36e-03	2.13e-01	5.35e-01	2.50e-01
 3.20596e+22	2.65e-14	1.31e-09	1.93e-06	1.79e-04	2.58e-03	2.22e-01	5.35e-01	2.40e-01
 3.22800e+22	3.26e-14	1.58e-09	2.29e-06	2.09e-04	2.89e-03	2.35e-01	5.35e-01	2.27e-01
 3.25003e+22	3.80e-14	1.82e-09	2.61e-06	2.34e-04	3.15e-03	2.45e-01	5.34e-01	2.17e-01
 3.27215e+22	4.62e-14	2.18e-09	3.09e-06	2.72e-04	3.52e-03	2.58e-01	5.33e-01	2.05e-01
 3.29428e+22	5.34e-14	2.49e-09	3.50e-06	3.05e-04	3.82e-03	2.69e-01	5.31e-01	1.96e-01
 3.31645e+22	6.41e-14	2.96e-09	4.11e-06	3.52e-04	4.26e-03	2.83e-01	5.28e-01	1.84e-01
 3.33871e+22	7.37e-14	3.37e-09	4.64e-06	3.93e-04	4.62e-03	2.94e-01	5.26e-01	1.76e-01
 3.36109e+22	8.76e-14	3.97e-09	5.42e-06	4.52e-04	5.13e-03	3.08e-01	5.21e-01	1.65e-01
 3.38364e+22	1.00e-13	4.50e-09	6.09e-06	5.02e-04	5.55e-03	3.19e-01	5.18e-01	1.57e-01
 3.40639e+22	1.18e-13	5.26e-09	7.08e-06	5.76e-04	6.15e-03	3.34e-01	5.12e-01	1.47e-01
 3.42943e+22	1.35e-13	5.95e-09	7.95e-06	6.40e-04	6.66e-03	3.45e-01	5.08e-01	1.40e-01
 3.45287e+22	1.58e-13	6.95e-09	9.22e-06	7.33e-04	7.38e-03	3.61e-01	5.01e-01	1.30e-01
 3.47666e+22	1.80e-13	7.85e-09	1.04e-05	8.13e-04	7.97e-03	3.73e-01	4.95e-01	1.23e-01
 3.50092e+22	2.11e-13	9.13e-09	1.20e-05	9.30e-04	8.83e-03	3.89e-01	4.87e-01	1.15e-01
 3.52569e+22	2.40e-13	1.03e-08	1.35e-05	1.03e-03	9.54e-03	4.01e-01	4.80e-01	1.08e-01
 3.55112e+22	2.81e-13	1.20e-08	1.56e-05	1.18e-03	1.06e-02	4.17e-01	4.71e-01	9.99e-02
 3.57680e+22	3.19e-13	1.36e-08	1.75e-05	1.31e-03	1.14e-02	4.30e-01	4.63e-01	9.39e-02
 3.59862e+22	3.58e-13	1.51e-08	1.94e-05	1.44e-03	1.22e-02	4.42e-01	4.56e-01	8.86e-02
 3.62281e+22	4.13e-13	1.74e-08	2.22e-05	1.62e-03	1.34e-02	4.57e-01	4.46e-01	8.21e-02
 3.64601e+22	4.57e-13	1.91e-08	2.44e-05	1.76e-03	1.42e-02	4.67e-01	4.39e-01	7.78e-02
 3.66794e+22	5.18e-13	2.16e-08	2.74e-05	1.95e-03	1.54e-02	4.80e-01	4.30e-01	7.25e-02
 3.69015e+22	5.73e-13	2.38e-08	3.01e-05	2.12e-03	1.64e-02	4.91e-01	4.22e-01	6.85e-02
 3.71275e+22	6.48e-13	2.68e-08	3.39e-05	2.35e-03	1.77e-02	5.04e-01	4.12e-01	6.36e-02
 3.73549e+22	7.18e-13	2.96e-08	3.71e-05	2.55e-03	1.88e-02	5.14e-01	4.04e-01	6.00e-02
 3.75840e+22	8.11e-13	3.33e-08	4.18e-05	2.83e-03	2.03e-02	5.27e-01	3.94e-01	5.56e-02
 3.78160e+22	9.01e-13	3.68e-08	4.58e-05	3.06e-03	2.16e-02	5.37e-01	3.86e-01	5.24e-02
 3.80517e+22	1.02e-12	4.15e-08	5.16e-05	3.39e-03	2.33e-02	5.50e-01	3.75e-01	4.83e-02
 3.82910e+22	1.13e-12	4.59e-08	5.67e-05	3.68e-03	2.47e-02	5.60e-01	3.67e-01	4.54e-02
 3.85349e+22	1.28e-12	5.18e-08	6.40e-05	4.07e-03	2.67e-02	5.72e-01	3.55e-01	4.17e-02
 3.87832e+22	1.43e-12	5.75e-08	7.05e-05	4.42e-03	2.83e-02	5.82e-01	3.46e-01	3.90e-02
 3.90371e+22	1.63e-12	6.51e-08	7.97e-05	4.90e-03	3.06e-02	5.94e-01	3.35e-01	3.57e-02
 3.92966e+22	1.83e-12	7.27e-08	8.82e-05	5.32e-03	3.24e-02	6.03e-01	3.26e-01	3.33e-02
 3.95632e+22	2.08e-12	8.25e-08	1.00e-04	5.91e-03	3.51e-02	6.15e-01	3.13e-01	3.02e-02
 3.98309e+22	2.33e-12	9.19e-08	1.11e-04	6.41e-03	3.72e-02	6.24e-01	3.04e-01	2.81e-02
 4.01001e+22	2.66e-12	1.05e-07	1.26e-04	7.11e-03	4.01e-02	6.35e-01	2.92e-01	2.55e-02
 4.03731e+22	3.00e-12	1.17e-07	1.39e-04	7.71e-03	4.25e-02	6.43e-01	2.83e-01	2.37e-02
 4.06512e+22	3.44e-12	1.34e-07	1.59e-04	8.55e-03	4.58e-02	6.53e-01	2.71e-01	2.14e-02
 4.09218e+22	3.86e-12	1.49e-07	1.75e-04	9.21e-03	4.82e-02	6.59e-01	2.63e-01	1.99e-02
 4.11830e+22	4.37e-12	1.68e-07	1.98e-04	1.01e-02	5.17e-02	6.68e-01	2.52e-01	1.80e-02
 4.14304e+22	4.82e-12	1.84e-07	2.15e-04	1.08e-02	5.41e-02	6.73e-01	2.45e-01	1.69e-02
 4.16601e+22	5.43e-12	2.06e-07	2.39e-04	1.17e-02	5.72e-02	6.79e-01	2.36e-01	1.56e-02
 4.19011e+22	6.05e-12	2.28e-07	2.62e-04	1.26e-02	6.01e-02	6.84e-01	2.28e-01	1.45e-02
 4.21214e+22	6.67e-12	2.50e-07	2.87e-04	1.34e-02	6.30e-02	6.89e-01	2.21e-01	1.34e-02
 4.23728e+22	7.61e-12	2.83e-07	3.22e-04	1.46e-02	6.68e-02	6.94e-01	2.12e-01	1.23e-02
 4.26286e+22	8.47e-12	3.13e-07	3.55e-04	1.57e-02	7.01e-02	6.99e-01	2.04e-01	1.13e-02
 4.28904e+22	9.72e-12	3.56e-07	4.00e-04	1.71e-02	7.44e-02	7.03e-01	1.95e-01	1.03e-02
 4.31571e+22	1.09e-11	3.97e-07	4.42e-04	1.84e-02	7.81e-02	7.06e-01	1.87e-01	9.47e-03
 4.34304e+22	1.26e-11	4.54e-07	5.00e-04	2.01e-02	8.29e-02	7.10e-01	1.78e-01	8.54e-03
 4.37093e+22	1.42e-11	5.08e-07	5.55e-04	2.16e-02	8.71e-02	7.12e-01	1.71e-01	7.83e-03
 4.39574e+22	1.61e-11	5.69e-07	6.15e-04	2.32e-02	9.12e-02	7.14e-01	1.64e-01	7.20e-03
 4.42418e+22	1.87e-11	6.55e-07	7.00e-04	2.54e-02	9.68e-02	7.15e-01	1.55e-01	6.44e-03
 4.45279e+22	2.12e-11	7.34e-07	7.76e-04	2.73e-02	1.01e-01	7.16e-01	1.49e-01	5.90e-03
 4.48160e+22	2.49e-11	8.49e-07	8.85e-04	2.98e-02	1.07e-01	7.16e-01	1.41e-01	5.27e-03
 4.51102e+22	2.84e-11	9.58e-07	9.86e-04	3.21e-02	1.12e-01	7.16e-01	1.34e-01	4.80e-03
 4.54122e+22	3.37e-11	1.11e-06	1.13e-03	3.51e-02	1.19e-01	7.14e-01	1.26e-01	4.27e-03
 4.57206e+22	3.86e-11	1.26e-06	1.27e-03	3.79e-02	1.25e-01	7.12e-01	1.20e-01	3.85e-03
 4.59888e+22	4.43e-11	1.43e-06	1.41e-03	4.07e-02	1.30e-01	7.10e-01	1.14e-01	3.51e-03
 4.62890e+22	5.27e-11	1.67e-06	1.61e-03	4.44e-02	1.37e-01	7.06e-01	1.07e-01	3.12e-03
 4.66053e+22	6.15e-11	1.91e-06	1.81e-03	4.80e-02	1.44e-01	7.02e-01	1.01e-01	2.79e-03
 4.68903e+22	7.10e-11	2.17e-06	2.03e-03	5.15e-02	1.50e-01	6.98e-01	9.60e-02	2.53e-03
 4.72084e+22	8.55e-11	2.56e-06	2.33e-03	5.63e-02	1.58e-01	6.92e-01	8.96e-02	2.22e-03
 4.75440e+22	1.01e-10	2.96e-06	2.65e-03	6.11e-02	1.65e-01	6.85e-01	8.39e-02	1.97e-03
 4.78494e+22	1.18e-10	3.40e-06	2.98e-03	6.58e-02	1.72e-01	6.79e-01	7.89e-02	1.76e-03
 4.81234e+22	1.36e-10	3.84e-06	3.30e-03	7.01e-02	1.78e-01	6.72e-01	7.47e-02	1.59e-03
 4.83686e+22	1.54e-10	4.28e-06	3.62e-03	7.42e-02	1.84e-01	6.66e-01	7.12e-02	1.46e-03
 4.86464e+22	1.82e-10	4.93e-06	4.07e-03	7.98e-02	1.91e-01	6.57e-01	6.67e-02	1.30e-03
 4.89404e+22	2.11e-10	5.61e-06	4.53e-03	8.52e-02	1.98e-01	6.49e-01	6.28e-02	1.17e-03
 4.92108e+22	2.43e-10	6.34e-06	5.02e-03	9.07e-02	2.04e-01	6.40e-01	5.92e-02	1.05e-03
 4.95178e+22	2.94e-10	7.43e-06	5.72e-03	9.81e-02	2.12e-01	6.28e-01	5.49e-02	9.22e-04
 4.98352e+22	3.44e-10	8.52e-06	6.40e-03	1.05e-01	2.19e-01	6.17e-01	5.12e-02	8.18e-04
 5.01128e+22	3.99e-10	9.66e-06	7.09e-03	1.11e-01	2.26e-01	6.07e-01	4.81e-02	7.33e-04
 5.04202e+22	4.81e-10	1.13e-05	8.06e-03	1.20e-01	2.34e-01	5.93e-01	4.43e-02	6.37e-04
 5.07355e+22	5.64e-10	1.29e-05	8.95e-03	1.28e-01	2.40e-01	5.81e-01	4.14e-02	5.68e-04
 5.10610e+22	6.86e-10	1.52e-05	1.02e-02	1.38e-01	2.48e-01	5.65e-01	3.79e-02	4.90e-04
 5.13930e+22	8.12e-10	1.75e-05	1.14e-02	1.47e-01	2.55e-01	5.51e-01	3.50e-02	4.30e-04
 5.16841e+22	9.51e-10	2.00e-05	1.27e-02	1.56e-01	2.61e-01	5.38e-01	3.25e-02	3.80e-04
 5.20134e+22	1.16e-09	2.36e-05	1.44e-02	1.67e-01	2.68e-01	5.20e-01	2.96e-02	3.25e-04
 5.23563e+22	1.39e-09	2.73e-05	1.61e-02	1.78e-01	2.75e-01	5.04e-01	2.71e-02	2.82e-04
 5.26656e+22	1.64e-09	3.13e-05	1.79e-02	1.88e-01	2.80e-01	4.88e-01	2.49e-02	2.47e-04
 5.30163e+22	2.04e-09	3.73e-05	2.05e-02	2.02e-01	2.87e-01	4.68e-01	2.24e-02	2.07e-04
 5.33756e+22	2.45e-09	4.32e-05	2.29e-02	2.15e-01	2.92e-01	4.50e-01	2.03e-02	1.78e-04
 5.36921e+22	2.91e-09	4.97e-05	2.55e-02	2.26e-01	2.96e-01	4.33e-01	1.85e-02	1.54e-04
 5.40493e+22	3.61e-09	5.91e-05	2.90e-02	2.42e-01	3.01e-01	4.12e-01	1.65e-02	1.28e-04
 5.44172e+22	4.37e-09	6.87e-05	3.24e-02	2.55e-01	3.04e-01	3.93e-01	1.48e-02	1.08e-04
 5.47438e+22	5.22e-09	7.91e-05	3.58e-02	2.69e-01	3.07e-01	3.75e-01	1.34e-02	9.26e-05
 5.51133e+22	6.55e-09	9.47e-05	4.08e-02	2.85e-01	3.09e-01	3.53e-01	1.17e-02	7.55e-05
 5.54914e+22	7.92e-09	1.10e-04	4.53e-02	3.00e-01	3.10e-01	3.34e-01	1.04e-02	6.35e-05
 5.58805e+22	1.01e-08	1.32e-04	5.16e-02	3.18e-01	3.11e-01	3.11e-01	8.99e-03	5.08e-05
 5.62748e+22	1.22e-08	1.54e-04	5.73e-02	3.33e-01	3.10e-01	2.92e-01	7.94e-03	4.22e-05
 5.66758e+22	1.57e-08	1.86e-04	6.52e-02	3.51e-01	3.08e-01	2.69e-01	6.75e-03	3.32e-05
 5.70818e+22	1.91e-08	2.16e-04	7.22e-02	3.66e-01	3.05e-01	2.51e-01	5.90e-03	2.72e-05
 5.74943e+22	2.46e-08	2.61e-04	8.16e-02	3.84e-01	3.01e-01	2.29e-01	4.96e-03	2.12e-05
 5.79165e+22	3.03e-08	3.04e-04	9.03e-02	3.98e-01	2.96e-01	2.11e-01	4.27e-03	1.70e-05
 5.82929e+22	3.72e-08	3.54e-04	9.95e-02	4.12e-01	2.91e-01	1.94e-01	3.68e-03	1.37e-05
 5.87238e+22	4.82e-08	4.28e-04	1.12e-01	4.28e-01	2.82e-01	1.74e-01	3.03e-03	1.04e-05
 5.91640e+22	5.96e-08	5.00e-04	1.23e-01	4.40e-01	2.75e-01	1.58e-01	2.56e-03	8.21e-06
 5.95510e+22	7.30e-08	5.79e-04	1.35e-01	4.51e-01	2.67e-01	1.44e-01	2.18e-03	6.52e-06
 5.99890e+22	9.47e-08	6.96e-04	1.50e-01	4.64e-01	2.56e-01	1.27e-01	1.76e-03	4.84e-06
 6.04162e+22	1.15e-07	7.97e-04	1.63e-01	4.72e-01	2.47e-01	1.16e-01	1.49e-03	3.85e-06
 6.07615e+22	1.36e-07	9.01e-04	1.75e-01	4.79e-01	2.39e-01	1.06e-01	1.29e-03	3.12e-06
 6.11428e+22	1.69e-07	1.05e-03	1.90e-01	4.86e-01	2.28e-01	9.41e-02	1.06e-03	2.40e-06
 6.15319e+22	2.03e-07	1.19e-03	2.04e-01	4.91e-01	2.18e-01	8.50e-02	8.97e-04	1.90e-06
 6.18759e+22	2.41e-07	1.34e-03	2.17e-01	4.94e-01	2.09e-01	7.70e-02	7.65e-04	1.52e-06
 6.22675e+22	3.00e-07	1.55e-03	2.35e-01	4.98e-01	1.97e-01	6.76e-02	6.19e-04	1.14e-06
 6.26662e+22	3.59e-07	1.75e-03	2.51e-01	4.99e-01	1.88e-01	6.05e-02	5.18e-04	8.93e-07
 6.30740e+22	4.48e-07	2.04e-03	2.70e-01	4.99e-01	1.76e-01	5.27e-02	4.15e-04	6.62e-07
 6.34892e+22	5.42e-07	2.31e-03	2.88e-01	4.98e-01	1.65e-01	4.65e-02	3.41e-04	5.07e-07
 6.38260e+22	6.26e-07	2.55e-03	3.01e-01	4.96e-01	1.57e-01	4.22e-02	2.92e-04	4.11e-07
 6.41758e+22	7.58e-07	2.89e-03	3.20e-01	4.93e-01	1.47e-01	3.71e-02	2.38e-04	3.12e-07
 6.45324e+22	8.81e-07	3.19e-03	3.35e-01	4.89e-01	1.39e-01	3.33e-02	2.02e-04	2.49e-07
 6.48977e+22	1.06e-06	3.62e-03	3.54e-01	4.84e-01	1.30e-01	2.90e-02	1.63e-04	1.87e-07
 6.52685e+22	1.25e-06	4.01e-03	3.70e-01	4.78e-01	1.22e-01	2.58e-02	1.36e-04	1.47e-07
 6.55941e+22	1.45e-06	4.42e-03	3.86e-01	4.72e-01	1.14e-01	2.30e-02	1.14e-04	0.00e+00
 6.59651e+22	1.74e-06	4.99e-03	4.06e-01	4.63e-01	1.06e-01	1.99e-02	9.11e-05	0.00e+00
 6.63419e+22	2.04e-06	5.51e-03	4.23e-01	4.56e-01	9.85e-02	1.76e-02	7.53e-05	0.00e+00
 6.66756e+22	2.36e-06	6.06e-03	4.39e-01	4.47e-01	9.19e-02	1.56e-02	6.25e-05	0.00e+00
 6.70586e+22	2.85e-06	6.83e-03	4.60e-01	4.36e-01	8.40e-02	1.33e-02	4.93e-05	0.00e+00
 6.74466e+22	3.33e-06	7.53e-03	4.77e-01	4.26e-01	7.78e-02	1.17e-02	4.03e-05	0.00e+00
 6.78411e+22	4.02e-06	8.49e-03	4.98e-01	4.13e-01	7.05e-02	9.92e-03	3.14e-05	0.00e+00
 6.82390e+22	4.69e-06	9.34e-03	5.15e-01	4.02e-01	6.49e-02	8.64e-03	2.55e-05	0.00e+00
 6.86414e+22	5.66e-06	1.05e-02	5.36e-01	3.88e-01	5.85e-02	7.28e-03	1.96e-05	0.00e+00
 6.90489e+22	6.61e-06	1.16e-02	5.53e-01	3.76e-01	5.35e-02	6.29e-03	1.58e-05	0.00e+00
 6.94632e+22	7.99e-06	1.30e-02	5.74e-01	3.60e-01	4.78e-02	5.25e-03	1.20e-05	0.00e+00
 6.98840e+22	9.32e-06	1.43e-02	5.91e-01	3.47e-01	4.34e-02	4.51e-03	9.54e-06	0.00e+00
 7.01578e+22	1.00e-05	1.49e-02	5.99e-01	3.41e-01	4.14e-02	4.19e-03	8.55e-06	0.00e+00
 7.03584e+22	1.09e-05	1.57e-02	6.09e-01	3.33e-01	3.91e-02	3.83e-03	7.47e-06	0.00e+00
 7.06192e+22	1.23e-05	1.69e-02	6.21e-01	3.23e-01	3.62e-02	3.41e-03	6.27e-06	0.00e+00
 7.09583e+22	1.43e-05	1.85e-02	6.37e-01	3.09e-01	3.27e-02	2.91e-03	4.97e-06	0.00e+00
 7.13068e+22	1.62e-05	1.99e-02	6.49e-01	2.98e-01	3.00e-02	2.56e-03	4.08e-06	0.00e+00
 7.16677e+22	1.89e-05	2.19e-02	6.65e-01	2.84e-01	2.69e-02	2.17e-03	3.19e-06	0.00e+00
 7.20724e+22	2.21e-05	2.40e-02	6.80e-01	2.70e-01	2.40e-02	1.83e-03	2.48e-06	0.00e+00
 7.25339e+22	2.72e-05	2.73e-02	7.00e-01	2.51e-01	2.05e-02	1.45e-03	1.76e-06	0.00e+00
 7.29859e+22	3.13e-05	2.96e-02	7.13e-01	2.38e-01	1.83e-02	1.23e-03	1.38e-06	0.00e+00
 7.33374e+22	3.52e-05	3.17e-02	7.24e-01	2.26e-01	1.66e-02	1.07e-03	1.12e-06	0.00e+00
 7.36567e+22	3.97e-05	3.40e-02	7.35e-01	2.15e-01	1.51e-02	9.28e-04	9.11e-07	0.00e+00
 7.39724e+22	4.46e-05	3.64e-02	7.44e-01	2.05e-01	1.37e-02	8.08e-04	7.43e-07	0.00e+00
 7.43326e+22	5.18e-05	3.98e-02	7.55e-01	1.92e-01	1.21e-02	6.76e-04	5.73e-07	0.00e+00
 7.46923e+22	5.84e-05	4.26e-02	7.65e-01	1.81e-01	1.08e-02	5.83e-04	4.61e-07	0.00e+00
 7.50513e+22	6.85e-05	4.69e-02	7.75e-01	1.68e-01	9.46e-03	4.81e-04	3.49e-07	0.00e+00
 7.54032e+22	7.64e-05	4.99e-02	7.82e-01	1.59e-01	8.53e-03	4.18e-04	2.84e-07	0.00e+00
 7.57459e+22	8.90e-05	5.47e-02	7.90e-01	1.47e-01	7.47e-03	3.47e-04	2.17e-07	0.00e+00
 7.60933e+22	1.01e-04	5.87e-02	7.97e-01	1.38e-01	6.67e-03	2.97e-04	1.73e-07	0.00e+00
 7.64471e+22	1.18e-04	6.46e-02	8.03e-01	1.26e-01	5.79e-03	2.43e-04	1.30e-07	0.00e+00
 7.68001e+22	1.33e-04	6.93e-02	8.08e-01	1.17e-01	5.16e-03	2.07e-04	0.00e+00	0.00e+00
 7.71523e+22	1.58e-04	7.66e-02	8.12e-01	1.07e-01	4.45e-03	1.68e-04	0.00e+00	0.00e+00
 7.75032e+22	1.81e-04	8.28e-02	8.15e-01	9.82e-02	3.93e-03	1.42e-04	0.00e+00	0.00e+00
 7.78525e+22	2.15e-04	9.17e-02	8.16e-01	8.86e-02	3.39e-03	1.14e-04	0.00e+00	0.00e+00
 7.81986e+22	2.47e-04	9.94e-02	8.16e-01	8.11e-02	2.99e-03	9.55e-05	0.00e+00	0.00e+00
 7.85406e+22	2.96e-04	1.11e-01	8.14e-01	7.25e-02	2.57e-03	7.62e-05	0.00e+00	0.00e+00
 7.88754e+22	3.42e-04	1.20e-01	8.11e-01	6.61e-02	2.27e-03	6.36e-05	0.00e+00	0.00e+00
 7.92007e+22	4.10e-04	1.34e-01	8.05e-01	5.88e-02	1.95e-03	5.05e-05	0.00e+00	0.00e+00
 7.95216e+22	4.75e-04	1.45e-01	7.99e-01	5.33e-02	1.73e-03	4.20e-05	0.00e+00	0.00e+00
 7.98366e+22	5.73e-04	1.62e-01	7.89e-01	4.71e-02	1.49e-03	3.31e-05	0.00e+00	0.00e+00
 8.01482e+22	6.68e-04	1.76e-01	7.80e-01	4.24e-02	1.32e-03	2.72e-05	0.00e+00	0.00e+00
 8.04136e+22	7.78e-04	1.92e-01	7.68e-01	3.82e-02	1.17e-03	2.23e-05	0.00e+00	0.00e+00
 8.06759e+22	9.02e-04	2.08e-01	7.56e-01	3.44e-02	1.04e-03	1.84e-05	0.00e+00	0.00e+00
 8.09760e+22	1.09e-03	2.31e-01	7.37e-01	3.00e-02	8.95e-04	1.42e-05	0.00e+00	0.00e+00
 8.12763e+22	1.29e-03	2.53e-01	7.18e-01	2.65e-02	7.85e-04	1.13e-05	0.00e+00	0.00e+00
 8.15293e+22	1.50e-03	2.75e-01	7.00e-01	2.36e-02	6.96e-04	9.15e-06	0.00e+00	0.00e+00
 8.18102e+22	1.82e-03	3.04e-01	6.73e-01	2.02e-02	5.94e-04	6.93e-06	0.00e+00	0.00e+00
 8.20954e+22	2.16e-03	3.32e-01	6.47e-01	1.76e-02	5.16e-04	5.38e-06	0.00e+00	0.00e+00
 8.23384e+22	2.52e-03	3.60e-01	6.21e-01	1.53e-02	4.50e-04	4.23e-06	0.00e+00	0.00e+00
 8.26066e+22	3.06e-03	3.98e-01	5.86e-01	1.28e-02	3.77e-04	3.08e-06	0.00e+00	0.00e+00
 8.28796e+22	3.67e-03	4.34e-01	5.51e-01	1.07e-02	3.18e-04	2.27e-06	0.00e+00	0.00e+00
 8.31086e+22	4.30e-03	4.69e-01	5.17e-01	9.07e-03	2.70e-04	1.70e-06	0.00e+00	0.00e+00
 8.33563e+22	5.24e-03	5.14e-01	4.73e-01	7.27e-03	2.18e-04	1.17e-06	0.00e+00	0.00e+00
 8.36111e+22	6.34e-03	5.59e-01	4.29e-01	5.75e-03	1.75e-04	7.97e-07	0.00e+00	0.00e+00
 8.38201e+22	7.47e-03	5.99e-01	3.89e-01	4.62e-03	1.41e-04	5.58e-07	0.00e+00	0.00e+00
 8.40038e+22	8.74e-03	6.37e-01	3.50e-01	3.69e-03	1.14e-04	3.90e-07	0.00e+00	0.00e+00
 8.41822e+22	1.02e-02	6.76e-01	3.11e-01	2.89e-03	9.01e-05	2.65e-07	0.00e+00	0.00e+00
 8.43580e+22	1.20e-02	7.14e-01	2.72e-01	2.21e-03	6.93e-05	1.73e-07	0.00e+00	0.00e+00
 8.45252e+22	1.42e-02	7.50e-01	2.34e-01	1.65e-03	5.22e-05	0.00e+00	0.00e+00	0.00e+00
 8.46802e+22	1.66e-02	7.83e-01	1.99e-01	1.23e-03	3.86e-05	0.00e+00	0.00e+00	0.00e+00
 8.48241e+22	1.95e-02	8.13e-01	1.67e-01	8.97e-04	2.81e-05	0.00e+00	0.00e+00	0.00e+00
 8.49602e+22	2.29e-02	8.39e-01	1.38e-01	6.46e-04	2.00e-05	0.00e+00	0.00e+00	0.00e+00
 8.50892e+22	2.70e-02	8.61e-01	1.12e-01	4.58e-04	1.38e-05	0.00e+00	0.00e+00	0.00e+00
 8.52065e+22	3.15e-02	8.78e-01	9.06e-02	3.30e-04	9.63e-06	0.00e+00	0.00e+00	0.00e+00
 8.53123e+22	3.68e-02	8.90e-01	7.29e-02	2.39e-04	6.64e-06	0.00e+00	0.00e+00	0.00e+00
 8.54081e+22	4.29e-02	8.98e-01	5.86e-02	1.75e-04	4.58e-06	0.00e+00	0.00e+00	0.00e+00
 8.54927e+22	4.96e-02	9.03e-01	4.73e-02	1.32e-04	3.21e-06	0.00e+00	0.00e+00	0.00e+00
 8.55687e+22	5.71e-02	9.04e-01	3.84e-02	1.02e-04	2.27e-06	0.00e+00	0.00e+00	0.00e+00
 8.56390e+22	6.56e-02	9.03e-01	3.11e-02	7.99e-05	1.61e-06	0.00e+00	0.00e+00	0.00e+00
 8.57046e+22	7.53e-02	8.99e-01	2.52e-02	6.36e-05	1.15e-06	0.00e+00	0.00e+00	0.00e+00
 8.57658e+22	8.62e-02	8.93e-01	2.04e-02	5.15e-05	8.21e-07	0.00e+00	0.00e+00	0.00e+00
 8.58232e+22	9.85e-02	8.85e-01	1.66e-02	4.23e-05	5.93e-07	0.00e+00	0.00e+00	0.00e+00
 8.58775e+22	1.12e-01	8.74e-01	1.35e-02	3.53e-05	4.31e-07	0.00e+00	0.00e+00	0.00e+00
 8.59294e+22	1.27e-01	8.62e-01	1.10e-02	2.98e-05	3.16e-07	0.00e+00	0.00e+00	0.00e+00
 8.59794e+22	1.45e-01	8.47e-01	8.91e-03	2.55e-05	2.32e-07	0.00e+00	0.00e+00	0.00e+00
 8.60275e+22	1.63e-01	8.30e-01	7.26e-03	2.20e-05	1.73e-07	0.00e+00	0.00e+00	0.00e+00
 8.60718e+22	1.82e-01	8.12e-01	5.98e-03	1.94e-05	1.31e-07	0.00e+00	0.00e+00	0.00e+00
 8.61113e+22	2.01e-01	7.94e-01	5.02e-03	1.74e-05	0.00e+00	0.00e+00	0.00e+00	0.00e+00
 8.61476e+22	2.20e-01	7.76e-01	4.26e-03	1.57e-05	0.00e+00	0.00e+00	0.00e+00	0.00e+00
 8.61825e+22	2.39e-01	7.58e-01	3.63e-03	1.44e-05	0.00e+00	0.00e+00	0.00e+00	0.00e+00
 8.62168e+22	2.59e-01	7.38e-01	3.09e-03	1.32e-05	0.00e+00	0.00e+00	0.00e+00	0.00e+00
 8.62508e+22	2.79e-01	7.18e-01	2.64e-03	1.21e-05	0.00e+00	0.00e+00	0.00e+00	0.00e+00
 8.62837e+22	3.00e-01	6.98e-01	2.26e-03	1.12e-05	0.00e+00	0.00e+00	0.00e+00	0.00e+00
 8.63094e+22	3.15e-01	6.83e-01	2.02e-03	1.06e-05	0.00e+00	0.00e+00	0.00e+00	0.00e+00
 8.63270e+22	3.27e-01	6.71e-01	1.86e-03	1.02e-05	0.00e+00	0.00e+00	0.00e+00	0.00e+00
 8.63446e+22	3.39e-01	6.60e-01	1.71e-03	9.85e-06	0.00e+00	0.00e+00	0.00e+00	0.00e+00
 8.63654e+22	3.53e-01	6.46e-01	1.55e-03	9.41e-06	0.00e+00	0.00e+00	0.00e+00	0.00e+00
 8.63878e+22	3.68e-01	6.31e-01	1.40e-03	8.97e-06	0.00e+00	0.00e+00	0.00e+00	0.00e+00
 8.64095e+22	3.83e-01	6.16e-01	1.26e-03	8.56e-06	0.00e+00	0.00e+00	0.00e+00	0.00e+00
 8.64307e+22	3.97e-01	6.01e-01	1.14e-03	8.19e-06	0.00e+00	0.00e+00	0.00e+00	0.00e+00
 8.64522e+22	4.12e-01	5.87e-01	1.03e-03	7.83e-06	0.00e+00	0.00e+00	0.00e+00	0.00e+00
 8.64747e+22	4.28e-01	5.71e-01	9.24e-04	7.48e-06	0.00e+00	0.00e+00	0.00e+00	0.00e+00
 8.64973e+22	4.44e-01	5.55e-01	8.31e-04	7.14e-06	0.00e+00	0.00e+00	0.00e+00	0.00e+00
 8.65201e+22	4.60e-01	5.39e-01	7.46e-04	6.81e-06	0.00e+00	0.00e+00	0.00e+00	0.00e+00
 8.65433e+22	4.76e-01	5.23e-01	6.68e-04	6.50e-06	0.00e+00	0.00e+00	0.00e+00	0.00e+00
 8.65664e+22	4.92e-01	5.07e-01	6.00e-04	6.20e-06	0.00e+00	0.00e+00	0.00e+00	0.00e+00
 8.65899e+22	5.08e-01	4.91e-01	5.38e-04	5.92e-06	0.00e+00	0.00e+00	0.00e+00	0.00e+00
 8.66141e+22	5.25e-01	4.75e-01	4.81e-04	5.64e-06	0.00e+00	0.00e+00	0.00e+00	0.00e+00
 8.66389e+22	5.42e-01	4.58e-01	4.29e-04	5.37e-06	0.00e+00	0.00e+00	0.00e+00	0.00e+00
 8.66639e+22	5.58e-01	4.42e-01	3.83e-04	5.11e-06	0.00e+00	0.00e+00	0.00e+00	0.00e+00
 8.66892e+22	5.74e-01	4.25e-01	3.43e-04	4.87e-06	0.00e+00	0.00e+00	0.00e+00	0.00e+00
 8.67151e+22	5.91e-01	4.09e-01	3.06e-04	4.63e-06	0.00e+00	0.00e+00	0.00e+00	0.00e+00
 8.67417e+22	6.07e-01	3.93e-01	2.73e-04	4.40e-06	0.00e+00	0.00e+00	0.00e+00	0.00e+00
 8.67687e+22	6.23e-01	3.77e-01	2.44e-04	4.19e-06	0.00e+00	0.00e+00	0.00e+00	0.00e+00
 8.67962e+22	6.39e-01	3.61e-01	2.18e-04	3.98e-06	0.00e+00	0.00e+00	0.00e+00	0.00e+00
 8.68246e+22	6.54e-01	3.45e-01	1.95e-04	3.78e-06	0.00e+00	0.00e+00	0.00e+00	0.00e+00
 8.68539e+22	6.70e-01	3.30e-01	1.74e-04	3.59e-06	0.00e+00	0.00e+00	0.00e+00	0.00e+00
 8.68837e+22	6.85e-01	3.15e-01	1.56e-04	3.40e-06	0.00e+00	0.00e+00	0.00e+00	0.00e+00
 8.69144e+22	7.00e-01	3.00e-01	1.40e-04	3.23e-06	0.00e+00	0.00e+00	0.00e+00	0.00e+00
 8.69461e+22	7.14e-01	2.86e-01	1.26e-04	3.07e-06	0.00e+00	0.00e+00	0.00e+00	0.00e+00
 8.69785e+22	7.28e-01	2.72e-01	1.14e-04	2.91e-06	0.00e+00	0.00e+00	0.00e+00	0.00e+00
 8.70112e+22	7.41e-01	2.59e-01	1.03e-04	2.77e-06	0.00e+00	0.00e+00	0.00e+00	0.00e+00
 8.70450e+22	7.54e-01	2.46e-01	9.42e-05	2.63e-06	0.00e+00	0.00e+00	0.00e+00	0.00e+00
 8.70800e+22	7.66e-01	2.34e-01	8.62e-05	2.50e-06	0.00e+00	0.00e+00	0.00e+00	0.00e+00
 8.71157e+22	7.78e-01	2.22e-01	7.92e-05	2.38e-06	0.00e+00	0.00e+00	0.00e+00	0.00e+00
 8.71525e+22	7.89e-01	2.11e-01	7.32e-05	2.27e-06	0.00e+00	0.00e+00	0.00e+00	0.00e+00
 8.71908e+22	7.99e-01	2.01e-01	6.79e-05	2.17e-06	0.00e+00	0.00e+00	0.00e+00	0.00e+00
 8.72311e+22	8.09e-01	1.90e-01	6.32e-05	2.07e-06	0.00e+00	0.00e+00	0.00e+00	0.00e+00
 8.72735e+22	8.19e-01	1.81e-01	5.91e-05	1.98e-06	0.00e+00	0.00e+00	0.00e+00	0.00e+00
 8.73179e+22	8.28e-01	1.72e-01	5.56e-05	1.89e-06	0.00e+00	0.00e+00	0.00e+00	0.00e+00
 8.73650e+22	8.37e-01	1.63e-01	5.24e-05	1.81e-06	0.00e+00	0.00e+00	0.00e+00	0.00e+00
 8.74163e+22	8.46e-01	1.54e-01	4.96e-05	1.73e-06	0.00e+00	0.00e+00	0.00e+00	0.00e+00
 8.74715e+22	8.54e-01	1.46e-01	4.70e-05	1.65e-06	0.00e+00	0.00e+00	0.00e+00	0.00e+00
 8.75311e+22	8.62e-01	1.38e-01	4.47e-05	1.58e-06	0.00e+00	0.00e+00	0.00e+00	0.00e+00
 8.75953e+22	8.69e-01	1.30e-01	4.27e-05	1.51e-06	0.00e+00	0.00e+00	0.00e+00	0.00e+00
 8.76625e+22	8.76e-01	1.24e-01	4.09e-05	1.45e-06	0.00e+00	0.00e+00	0.00e+00	0.00e+00
 8.77307e+22	8.83e-01	1.17e-01	3.94e-05	1.40e-06	0.00e+00	0.00e+00	0.00e+00	0.00e+00
 8.77987e+22	8.88e-01	1.12e-01	3.81e-05	1.35e-06	0.00e+00	0.00e+00	0.00e+00	0.00e+00
 8.78668e+22	8.93e-01	1.07e-01	3.69e-05	1.30e-06	0.00e+00	0.00e+00	0.00e+00	0.00e+00
 8.79370e+22	8.98e-01	1.02e-01	3.59e-05	1.26e-06	0.00e+00	0.00e+00	0.00e+00	0.00e+00
 8.80092e+22	9.03e-01	9.71e-02	3.49e-05	1.22e-06	0.00e+00	0.00e+00	0.00e+00	0.00e+00
 8.80815e+22	9.07e-01	9.26e-02	3.39e-05	1.18e-06	0.00e+00	0.00e+00	0.00e+00	0.00e+00
 8.81507e+22	9.11e-01	8.89e-02	3.31e-05	1.14e-06	0.00e+00	0.00e+00	0.00e+00	0.00e+00
 8.82190e+22	9.15e-01	8.52e-02	3.24e-05	1.11e-06	0.00e+00	0.00e+00	0.00e+00	0.00e+00
 8.82884e+22	9.18e-01	8.17e-02	3.17e-05	1.08e-06	0.00e+00	0.00e+00	0.00e+00	0.00e+00
 8.83566e+22	9.22e-01	7.84e-02	3.10e-05	1.05e-06	0.00e+00	0.00e+00	0.00e+00	0.00e+00
 8.84231e+22	9.25e-01	7.54e-02	3.04e-05	1.03e-06	0.00e+00	0.00e+00	0.00e+00	0.00e+00
 8.84879e+22	9.27e-01	7.26e-02	2.99e-05	1.00e-06	0.00e+00	0.00e+00	0.00e+00	0.00e+00
 8.85511e+22	9.30e-01	6.99e-02	2.93e-05	9.80e-07	0.00e+00	0.00e+00	0.00e+00	0.00e+00
 8.86125e+22	9.32e-01	6.75e-02	2.89e-05	9.60e-07	0.00e+00	0.00e+00	0.00e+00	0.00e+00
 8.86720e+22	9.35e-01	6.52e-02	2.84e-05	9.42e-07	0.00e+00	0.00e+00	0.00e+00	0.00e+00
 8.87297e+22	9.37e-01	6.31e-02	2.80e-05	9.27e-07	0.00e+00	0.00e+00	0.00e+00	0.00e+00
 8.87856e+22	9.39e-01	6.12e-02	2.76e-05	9.13e-07	0.00e+00	0.00e+00	0.00e+00	0.00e+00
 8.88398e+22	9.41e-01	5.94e-02	2.72e-05	9.00e-07	0.00e+00	0.00e+00	0.00e+00	0.00e+00
 8.88924e+22	9.42e-01	5.77e-02	2.69e-05	8.90e-07	0.00e+00	0.00e+00	0.00e+00	0.00e+00
 8.89423e+22	9.44e-01	5.63e-02	2.66e-05	8.81e-07	0.00e+00	0.00e+00	0.00e+00	0.00e+00
 8.89883e+22	9.45e-01	5.51e-02	2.63e-05	8.76e-07	0.00e+00	0.00e+00	0.00e+00	0.00e+00
 8.90301e+22	9.46e-01	5.40e-02	2.61e-05	8.72e-07	0.00e+00	0.00e+00	0.00e+00	0.00e+00
 8.90682e+22	9.47e-01	5.31e-02	2.59e-05	8.69e-07	0.00e+00	0.00e+00	0.00e+00	0.00e+00
 8.91028e+22	9.48e-01	5.23e-02	2.57e-05	8.67e-07	0.00e+00	0.00e+00	0.00e+00	0.00e+00
 8.91343e+22	9.48e-01	5.16e-02	2.56e-05	8.66e-07	0.00e+00	0.00e+00	0.00e+00	0.00e+00
 8.91630e+22	9.49e-01	5.10e-02	2.54e-05	8.67e-07	0.00e+00	0.00e+00	0.00e+00	0.00e+00
 8.91891e+22	9.50e-01	5.05e-02	2.53e-05	8.70e-07	0.00e+00	0.00e+00	0.00e+00	0.00e+00
 8.92129e+22	9.50e-01	5.01e-02	2.52e-05	8.70e-07	0.00e+00	0.00e+00	0.00e+00	0.00e+00
 8.92389e+22	9.50e-01	4.95e-02	2.51e-05	8.69e-07	0.00e+00	0.00e+00	0.00e+00	0.00e+00
 8.92727e+22	9.51e-01	4.87e-02	2.49e-05	8.67e-07	0.00e+00	0.00e+00	0.00e+00	0.00e+00
 8.93092e+22	9.52e-01	4.80e-02	2.47e-05	8.66e-07	0.00e+00	0.00e+00	0.00e+00	0.00e+00
 8.93425e+22	9.53e-01	4.75e-02	2.46e-05	8.69e-07	0.00e+00	0.00e+00	0.00e+00	0.00e+00
 8.93727e+22	9.53e-01	4.71e-02	2.44e-05	8.71e-07	0.00e+00	0.00e+00	0.00e+00	0.00e+00
 8.94003e+22	9.53e-01	4.67e-02	2.43e-05	8.75e-07	0.00e+00	0.00e+00	0.00e+00	0.00e+00
 8.94253e+22	9.54e-01	4.64e-02	2.42e-05	8.79e-07	0.00e+00	0.00e+00	0.00e+00	0.00e+00
 8.94528e+22	9.54e-01	4.60e-02	2.41e-05	8.83e-07	0.00e+00	0.00e+00	0.00e+00	0.00e+00
 8.94824e+22	9.54e-01	4.56e-02	2.40e-05	8.87e-07	0.00e+00	0.00e+00	0.00e+00	0.00e+00
 8.95094e+22	9.55e-01	4.53e-02	2.39e-05	8.94e-07	0.00e+00	0.00e+00	0.00e+00	0.00e+00
 8.95339e+22	9.55e-01	4.51e-02	2.38e-05	8.92e-07	0.00e+00	0.00e+00	0.00e+00	0.00e+00
 8.95608e+22	9.55e-01	4.47e-02	2.36e-05	8.98e-07	0.00e+00	0.00e+00	0.00e+00	0.00e+00
 8.95898e+22	9.56e-01	4.44e-02	2.35e-05	8.94e-07	0.00e+00	0.00e+00	0.00e+00	0.00e+00
 8.96216e+22	9.56e-01	4.40e-02	2.34e-05	8.97e-07	0.00e+00	0.00e+00	0.00e+00	0.00e+00
 8.96560e+22	9.56e-01	4.36e-02	2.32e-05	8.97e-07	0.00e+00	0.00e+00	0.00e+00	0.00e+00
 8.96872e+22	9.57e-01	4.33e-02	2.31e-05	9.04e-07	0.00e+00	0.00e+00	0.00e+00	0.00e+00
 8.97157e+22	9.57e-01	4.31e-02	2.30e-05	9.03e-07	0.00e+00	0.00e+00	0.00e+00	0.00e+00
 8.97468e+22	9.57e-01	4.28e-02	2.29e-05	9.07e-07	0.00e+00	0.00e+00	0.00e+00	0.00e+00
 8.97805e+22	9.58e-01	4.25e-02	2.28e-05	9.09e-07	0.00e+00	0.00e+00	0.00e+00	0.00e+00
 8.98111e+22	9.58e-01	4.23e-02	2.27e-05	9.17e-07	0.00e+00	0.00e+00	0.00e+00	0.00e+00
 8.98389e+22	9.58e-01	4.21e-02	2.26e-05	9.17e-07	0.00e+00	0.00e+00	0.00e+00	0.00e+00
 8.98695e+22	9.58e-01	4.18e-02	2.24e-05	9.23e-07	0.00e+00	0.00e+00	0.00e+00	0.00e+00
 8.99024e+22	9.58e-01	4.15e-02	2.23e-05	9.22e-07	0.00e+00	0.00e+00	0.00e+00	0.00e+00
 8.99385e+22	9.59e-01	4.11e-02	2.22e-05	9.26e-07	0.00e+00	0.00e+00	0.00e+00	0.00e+00
 8.99775e+22	9.59e-01	4.08e-02	2.21e-05	9.31e-07	0.00e+00	0.00e+00	0.00e+00	0.00e+00
 9.00130e+22	9.59e-01	4.06e-02	2.20e-05	9.36e-07	0.00e+00	0.00e+00	0.00e+00	0.00e+00
 9.00453e+22	9.60e-01	4.04e-02	2.20e-05	9.42e-07	0.00e+00	0.00e+00	0.00e+00	0.00e+00
 9.00747e+22	9.60e-01	4.03e-02	2.19e-05	9.47e-07	0.00e+00	0.00e+00	0.00e+00	0.00e+00
 9.01069e+22	9.60e-01	4.00e-02	2.19e-05	9.54e-07	0.00e+00	0.00e+00	0.00e+00	0.00e+00
 9.01416e+22	9.60e-01	3.98e-02	2.18e-05	9.59e-07	0.00e+00	0.00e+00	0.00e+00	0.00e+00
 9.01733e+22	9.60e-01	3.97e-02	2.18e-05	9.68e-07	0.00e+00	0.00e+00	0.00e+00	0.00e+00
 9.02020e+22	9.60e-01	3.95e-02	2.17e-05	9.71e-07	0.00e+00	0.00e+00	0.00e+00	0.00e+00
 9.02336e+22	9.61e-01	3.92e-02	2.17e-05	9.75e-07	0.00e+00	0.00e+00	0.00e+00	0.00e+00
 9.02676e+22	9.61e-01	3.90e-02	2.16e-05	9.79e-07	0.00e+00	0.00e+00	0.00e+00	0.00e+00
 9.02986e+22	9.61e-01	3.89e-02	2.16e-05	9.89e-07	0.00e+00	0.00e+00	0.00e+00	0.00e+00
 9.03268e+22	9.61e-01	3.87e-02	2.15e-05	9.88e-07	0.00e+00	0.00e+00	0.00e+00	0.00e+00
 9.03577e+22	9.62e-01	3.85e-02	2.15e-05	9.92e-07	0.00e+00	0.00e+00	0.00e+00	0.00e+00
 9.03911e+22	9.62e-01	3.83e-02	2.14e-05	9.97e-07	0.00e+00	0.00e+00	0.00e+00	0.00e+00
 9.04214e+22	9.62e-01	3.81e-02	2.14e-05	1.01e-06	0.00e+00	0.00e+00	0.00e+00	0.00e+00
 9.04491e+22	9.62e-01	3.80e-02	2.13e-05	1.01e-06	0.00e+00	0.00e+00	0.00e+00	0.00e+00
 9.04793e+22	9.62e-01	3.77e-02	2.13e-05	1.01e-06	0.00e+00	0.00e+00	0.00e+00	0.00e+00
 9.05120e+22	9.62e-01	3.75e-02	2.12e-05	1.01e-06	0.00e+00	0.00e+00	0.00e+00	0.00e+00
 9.05417e+22	9.63e-01	3.74e-02	2.12e-05	1.02e-06	0.00e+00	0.00e+00	0.00e+00	0.00e+00
 9.05688e+22	9.63e-01	3.72e-02	2.11e-05	1.02e-06	0.00e+00	0.00e+00	0.00e+00	0.00e+00
 9.05985e+22	9.63e-01	3.70e-02	2.10e-05	1.02e-06	0.00e+00	0.00e+00	0.00e+00	0.00e+00
 9.06370e+22	9.63e-01	3.66e-02	2.10e-05	1.02e-06	0.00e+00	0.00e+00	0.00e+00	0.00e+00
 9.06786e+22	9.64e-01	3.63e-02	2.09e-05	1.02e-06	0.00e+00	0.00e+00	0.00e+00	0.00e+00
 9.07165e+22	9.64e-01	3.61e-02	2.08e-05	1.02e-06	0.00e+00	0.00e+00	0.00e+00	0.00e+00
 9.07510e+22	9.64e-01	3.60e-02	2.08e-05	1.02e-06	0.00e+00	0.00e+00	0.00e+00	0.00e+00
 9.07823e+22	9.64e-01	3.58e-02	2.07e-05	1.02e-06	0.00e+00	0.00e+00	0.00e+00	0.00e+00
 9.08167e+22	9.64e-01	3.55e-02	2.06e-05	1.02e-06	0.00e+00	0.00e+00	0.00e+00	0.00e+00
 9.08538e+22	9.65e-01	3.53e-02	2.05e-05	1.02e-06	0.00e+00	0.00e+00	0.00e+00	0.00e+00
 9.08875e+22	9.65e-01	3.51e-02	2.05e-05	1.02e-06	0.00e+00	0.00e+00	0.00e+00	0.00e+00
 9.09245e+22	9.65e-01	3.48e-02	2.04e-05	1.02e-06	0.00e+00	0.00e+00	0.00e+00	0.00e+00
 9.09645e+22	9.65e-01	3.46e-02	2.03e-05	1.02e-06	0.00e+00	0.00e+00	0.00e+00	0.00e+00
 9.10008e+22	9.66e-01	3.44e-02	2.03e-05	1.03e-06	0.00e+00	0.00e+00	0.00e+00	0.00e+00
 9.10339e+22	9.66e-01	3.42e-02	2.02e-05	1.02e-06	0.00e+00	0.00e+00	0.00e+00	0.00e+00
 9.10701e+22	9.66e-01	3.39e-02	2.01e-05	1.02e-06	0.00e+00	0.00e+00	0.00e+00	0.00e+00
 9.11093e+22	9.66e-01	3.37e-02	2.01e-05	1.02e-06	0.00e+00	0.00e+00	0.00e+00	0.00e+00
 9.11449e+22	9.66e-01	3.35e-02	2.00e-05	1.02e-06	0.00e+00	0.00e+00	0.00e+00	0.00e+00
 9.11839e+22	9.67e-01	3.32e-02	1.99e-05	1.02e-06	0.00e+00	0.00e+00	0.00e+00	0.00e+00
 9.12260e+22	9.67e-01	3.29e-02	1.98e-05	1.02e-06	0.00e+00	0.00e+00	0.00e+00	0.00e+00
 9.12643e+22	9.67e-01	3.27e-02	1.97e-05	1.02e-06	0.00e+00	0.00e+00	0.00e+00	0.00e+00
 9.13063e+22	9.68e-01	3.24e-02	1.97e-05	1.01e-06	0.00e+00	0.00e+00	0.00e+00	0.00e+00
 9.13517e+22	9.68e-01	3.22e-02	1.96e-05	1.01e-06	0.00e+00	0.00e+00	0.00e+00	0.00e+00
 9.13929e+22	9.68e-01	3.20e-02	1.95e-05	1.01e-06	0.00e+00	0.00e+00	0.00e+00	0.00e+00
 9.14305e+22	9.68e-01	3.18e-02	1.94e-05	1.01e-06	0.00e+00	0.00e+00	0.00e+00	0.00e+00
 9.14716e+22	9.69e-01	3.14e-02	1.93e-05	1.01e-06	0.00e+00	0.00e+00	0.00e+00	0.00e+00
 9.15161e+22	9.69e-01	3.12e-02	1.93e-05	1.01e-06	0.00e+00	0.00e+00	0.00e+00	0.00e+00
 9.15565e+22	9.69e-01	3.10e-02	1.92e-05	1.00e-06	0.00e+00	0.00e+00	0.00e+00	0.00e+00
 9.16008e+22	9.69e-01	3.07e-02	1.91e-05	9.98e-07	0.00e+00	0.00e+00	0.00e+00	0.00e+00
 9.16486e+22	9.70e-01	3.04e-02	1.90e-05	9.95e-07	0.00e+00	0.00e+00	0.00e+00	0.00e+00
 9.16921e+22	9.70e-01	3.02e-02	1.89e-05	9.91e-07	0.00e+00	0.00e+00	0.00e+00	0.00e+00
 9.17398e+22	9.70e-01	2.98e-02	1.88e-05	9.86e-07	0.00e+00	0.00e+00	0.00e+00	0.00e+00
 9.17913e+22	9.70e-01	2.96e-02	1.87e-05	9.83e-07	0.00e+00	0.00e+00	0.00e+00	0.00e+00
 9.18381e+22	9.71e-01	2.94e-02	1.86e-05	9.79e-07	0.00e+00	0.00e+00	0.00e+00	0.00e+00
 9.18895e+22	9.71e-01	2.90e-02	1.85e-05	9.73e-07	0.00e+00	0.00e+00	0.00e+00	0.00e+00
 9.19449e+22	9.71e-01	2.87e-02	1.84e-05	9.69e-07	0.00e+00	0.00e+00	0.00e+00	0.00e+00
 9.19953e+22	9.72e-01	2.85e-02	1.83e-05	9.65e-07	0.00e+00	0.00e+00	0.00e+00	0.00e+00
