#depth	S	S+	S+2	S+3	S+4	S+5	S+6	S+7	S+8	S+9	S+10	S+11	S+12	S+13	S+14	S+15	S+16
 1.54284e+22	3.25e-27	2.41e-18	4.69e-15	7.18e-13	4.95e-11	2.35e-09	3.72e-06	3.58e-04	8.15e-03	4.43e-02	1.61e-01	2.49e-01	1.73e-01	1.15e-01	2.06e-01	4.07e-02	2.61e-03
 3.44762e+22	1.12e-25	5.22e-17	7.07e-14	7.11e-12	3.18e-10	1.00e-08	1.21e-05	1.07e-03	2.06e-02	8.63e-02	2.41e-01	2.96e-01	1.56e-01	7.73e-02	1.06e-01	1.49e-02	6.79e-04
 3.99052e+22	1.18e-25	1.89e-16	2.21e-13	1.88e-11	7.05e-10	1.90e-08	1.99e-05	1.67e-03	2.95e-02	1.10e-01	2.72e-01	3.00e-01	1.41e-01	6.18e-02	7.59e-02	9.11e-03	3.58e-04
 4.26198e+22	2.41e-25	3.48e-16	3.81e-13	3.00e-11	1.04e-09	2.59e-08	2.52e-05	2.06e-03	3.47e-02	1.22e-01	2.85e-01	2.98e-01	1.32e-01	5.49e-02	6.39e-02	7.13e-03	2.61e-04
 4.38446e+22	3.11e-25	4.31e-16	4.61e-13	3.53e-11	1.19e-09	2.89e-08	2.74e-05	2.21e-03	3.67e-02	1.26e-01	2.89e-01	2.97e-01	1.29e-01	5.26e-02	6.00e-02	6.53e-03	2.33e-04
 4.45804e+22	4.25e-25	5.61e-16	5.84e-13	4.33e-11	1.41e-09	3.32e-08	3.05e-05	2.42e-03	3.94e-02	1.32e-01	2.94e-01	2.96e-01	1.25e-01	4.97e-02	5.55e-02	5.85e-03	2.02e-04
 4.54001e+22	5.69e-25	7.19e-16	7.28e-13	5.25e-11	1.65e-09	3.78e-08	3.38e-05	2.63e-03	4.20e-02	1.37e-01	2.99e-01	2.94e-01	1.21e-01	4.72e-02	5.15e-02	5.27e-03	1.77e-04
 4.63289e+22	8.36e-25	9.96e-16	9.74e-13	6.74e-11	2.03e-09	4.47e-08	3.84e-05	2.93e-03	4.56e-02	1.45e-01	3.04e-01	2.91e-01	1.16e-01	4.39e-02	4.66e-02	4.58e-03	1.48e-04
 4.72833e+22	1.15e-24	1.31e-15	1.24e-12	8.32e-11	2.42e-09	5.15e-08	4.28e-05	3.21e-03	4.89e-02	1.51e-01	3.08e-01	2.88e-01	1.12e-01	4.13e-02	4.28e-02	4.07e-03	1.27e-04
 4.82712e+22	1.71e-24	1.82e-15	1.67e-12	1.08e-10	3.00e-09	6.13e-08	4.89e-05	3.58e-03	5.32e-02	1.58e-01	3.13e-01	2.84e-01	1.07e-01	3.83e-02	3.85e-02	3.51e-03	1.05e-04
 4.92798e+22	2.37e-24	2.41e-15	2.15e-12	1.33e-10	3.59e-09	7.09e-08	5.47e-05	3.93e-03	5.69e-02	1.65e-01	3.17e-01	2.80e-01	1.03e-01	3.58e-02	3.52e-02	3.10e-03	8.98e-05
 5.01776e+22	3.23e-24	3.12e-15	2.71e-12	1.64e-10	4.26e-09	8.15e-08	6.09e-05	4.29e-03	6.07e-02	1.71e-01	3.20e-01	2.76e-01	9.87e-02	3.36e-02	3.23e-02	2.76e-03	7.73e-05
 5.12068e+22	4.90e-24	4.44e-15	3.71e-12	2.14e-10	5.34e-09	9.77e-08	6.99e-05	4.80e-03	6.59e-02	1.79e-01	3.23e-01	2.71e-01	9.35e-02	3.08e-02	2.87e-02	2.35e-03	6.29e-05
 5.22460e+22	6.69e-24	5.77e-15	4.70e-12	2.63e-10	6.34e-09	1.12e-07	7.78e-05	5.23e-03	7.02e-02	1.86e-01	3.26e-01	2.66e-01	8.95e-02	2.88e-02	2.63e-02	2.08e-03	5.39e-05
 5.32982e+22	1.02e-23	8.23e-15	6.45e-12	3.46e-10	7.95e-09	1.35e-07	8.94e-05	5.85e-03	7.62e-02	1.94e-01	3.28e-01	2.60e-01	8.43e-02	2.63e-02	2.32e-02	1.76e-03	4.36e-05
 5.43668e+22	1.40e-23	1.08e-14	8.20e-12	4.26e-10	9.48e-09	1.56e-07	9.98e-05	6.38e-03	8.10e-02	2.01e-01	3.30e-01	2.55e-01	8.04e-02	2.45e-02	2.11e-02	1.54e-03	3.71e-05
 5.54568e+22	2.16e-23	1.55e-14	1.14e-11	5.65e-10	1.20e-08	1.88e-07	1.15e-04	7.15e-03	8.79e-02	2.09e-01	3.31e-01	2.47e-01	7.53e-02	2.22e-02	1.85e-02	1.29e-03	2.96e-05
 5.65563e+22	3.01e-23	2.05e-14	1.46e-11	7.01e-10	1.43e-08	2.18e-07	1.28e-04	7.80e-03	9.34e-02	2.16e-01	3.31e-01	2.41e-01	7.14e-02	2.06e-02	1.67e-02	1.13e-03	2.49e-05
 5.76681e+22	4.65e-23	2.97e-14	2.03e-11	9.30e-10	1.81e-08	2.64e-07	1.48e-04	8.72e-03	1.01e-01	2.25e-01	3.31e-01	2.34e-01	6.66e-02	1.86e-02	1.46e-02	9.37e-04	1.98e-05
 5.87235e+22	6.22e-23	3.80e-14	2.53e-11	1.12e-09	2.12e-08	3.00e-07	1.63e-04	9.41e-03	1.06e-01	2.30e-01	3.31e-01	2.28e-01	6.34e-02	1.73e-02	1.33e-02	8.28e-04	1.69e-05
 5.97053e+22	9.17e-23	5.28e-14	3.39e-11	1.45e-09	2.62e-08	3.55e-07	1.85e-04	1.04e-02	1.14e-01	2.38e-01	3.29e-01	2.21e-01	5.94e-02	1.58e-02	1.18e-02	7.00e-04	1.37e-05
 6.07028e+22	1.24e-22	6.81e-14	4.25e-11	1.76e-09	3.08e-08	4.06e-07	2.04e-04	1.12e-02	1.20e-01	2.43e-01	3.28e-01	2.15e-01	5.63e-02	1.46e-02	1.07e-02	6.14e-04	1.17e-05
 6.17206e+22	1.85e-22	9.59e-14	5.77e-11	2.28e-09	3.82e-08	4.83e-07	2.32e-04	1.24e-02	1.28e-01	2.51e-01	3.26e-01	2.07e-01	5.24e-02	1.32e-02	9.35e-03	5.14e-04	9.32e-06
 6.27489e+22	2.53e-22	1.25e-13	7.30e-11	2.79e-09	4.52e-08	5.55e-07	2.57e-04	1.34e-02	1.35e-01	2.56e-01	3.24e-01	2.01e-01	4.95e-02	1.22e-02	8.43e-03	4.47e-04	7.83e-06
 6.37908e+22	3.82e-22	1.78e-13	9.99e-11	3.66e-09	5.65e-08	6.65e-07	2.94e-04	1.48e-02	1.44e-01	2.63e-01	3.20e-01	1.93e-01	4.58e-02	1.10e-02	7.33e-03	3.71e-04	6.20e-06
 6.48465e+22	5.26e-22	2.33e-13	1.27e-10	4.50e-09	6.73e-08	7.67e-07	3.26e-04	1.60e-02	1.52e-01	2.69e-01	3.17e-01	1.86e-01	4.31e-02	1.01e-02	6.56e-03	3.20e-04	5.16e-06
 6.59203e+22	8.02e-22	3.35e-13	1.76e-10	5.93e-09	8.47e-08	9.25e-07	3.74e-04	1.78e-02	1.62e-01	2.75e-01	3.12e-01	1.78e-01	3.96e-02	9.00e-03	5.66e-03	2.63e-04	4.03e-06
 6.70148e+22	1.13e-21	4.48e-13	2.27e-10	7.41e-09	1.02e-07	1.08e-06	4.19e-04	1.93e-02	1.71e-01	2.80e-01	3.08e-01	1.71e-01	3.70e-02	8.20e-03	5.02e-03	2.24e-04	3.30e-06
 6.81362e+22	1.75e-21	6.55e-13	3.18e-10	9.91e-09	1.30e-07	1.32e-06	4.85e-04	2.15e-02	1.83e-01	2.86e-01	3.01e-01	1.62e-01	3.37e-02	7.26e-03	4.27e-03	1.81e-04	2.53e-06
 6.92798e+22	2.50e-21	8.88e-13	4.17e-10	1.25e-08	1.58e-07	1.55e-06	5.46e-04	2.35e-02	1.93e-01	2.91e-01	2.96e-01	1.55e-01	3.12e-02	6.56e-03	3.75e-03	1.52e-04	2.04e-06
 7.04523e+22	3.96e-21	1.32e-12	5.94e-10	1.70e-08	2.04e-07	1.92e-06	6.38e-04	2.64e-02	2.06e-01	2.96e-01	2.88e-01	1.46e-01	2.82e-02	5.74e-03	3.15e-03	1.21e-04	1.53e-06
 7.16369e+22	5.68e-21	1.80e-12	7.84e-10	2.16e-08	2.51e-07	2.27e-06	7.23e-04	2.89e-02	2.17e-01	2.99e-01	2.81e-01	1.39e-01	2.59e-02	5.15e-03	2.74e-03	1.01e-04	1.22e-06
 7.26363e+22	7.89e-21	2.39e-12	1.01e-09	2.70e-08	3.02e-07	2.66e-06	8.11e-04	3.14e-02	2.27e-01	3.02e-01	2.75e-01	1.33e-01	2.40e-02	4.66e-03	2.40e-03	8.47e-05	9.87e-07
 7.37222e+22	1.20e-20	3.42e-12	1.39e-09	3.57e-08	3.85e-07	3.26e-06	9.41e-04	3.49e-02	2.40e-01	3.05e-01	2.66e-01	1.25e-01	2.16e-02	4.09e-03	2.03e-03	6.78e-05	7.50e-07
 7.48140e+22	1.66e-20	4.55e-12	1.80e-09	4.47e-08	4.66e-07	3.84e-06	1.06e-03	3.80e-02	2.51e-01	3.07e-01	2.59e-01	1.18e-01	1.99e-02	3.68e-03	1.77e-03	5.67e-05	6.01e-07
 7.58799e+22	2.45e-20	6.38e-12	2.44e-09	5.85e-08	5.88e-07	4.68e-06	1.23e-03	4.21e-02	2.65e-01	3.09e-01	2.50e-01	1.11e-01	1.79e-02	3.23e-03	1.50e-03	4.55e-05	4.59e-07
 7.69675e+22	3.43e-20	8.52e-12	3.16e-09	7.39e-08	7.19e-07	5.57e-06	1.39e-03	4.61e-02	2.77e-01	3.09e-01	2.41e-01	1.04e-01	1.63e-02	2.87e-03	1.29e-03	3.75e-05	3.62e-07
 7.80344e+22	4.95e-20	1.17e-11	4.22e-09	9.56e-08	9.01e-07	6.77e-06	1.61e-03	5.09e-02	2.91e-01	3.09e-01	2.32e-01	9.71e-02	1.46e-02	2.52e-03	1.09e-03	3.01e-05	2.76e-07
 7.91236e+22	6.95e-20	1.57e-11	5.51e-09	1.22e-07	1.11e-06	8.13e-06	1.84e-03	5.59e-02	3.04e-01	3.09e-01	2.23e-01	9.07e-02	1.32e-02	2.22e-03	9.27e-04	2.44e-05	2.14e-07
 8.01985e+22	9.80e-20	2.11e-11	7.24e-09	1.56e-07	1.38e-06	9.83e-06	2.11e-03	6.16e-02	3.17e-01	3.07e-01	2.13e-01	8.43e-02	1.18e-02	1.94e-03	7.82e-04	1.96e-05	1.64e-07
 8.12811e+22	1.36e-19	2.81e-11	9.40e-09	1.98e-07	1.71e-06	1.19e-05	2.42e-03	6.77e-02	3.30e-01	3.05e-01	2.03e-01	7.82e-02	1.06e-02	1.70e-03	6.60e-04	1.58e-05	1.25e-07
 8.23513e+22	1.88e-19	3.71e-11	1.21e-08	2.51e-07	2.11e-06	1.43e-05	2.78e-03	7.43e-02	3.43e-01	3.02e-01	1.94e-01	7.23e-02	9.42e-03	1.48e-03	5.55e-04	1.27e-05	0.00e+00
 8.34193e+22	2.58e-19	4.84e-11	1.56e-08	3.16e-07	2.59e-06	1.72e-05	3.17e-03	8.14e-02	3.56e-01	2.99e-01	1.84e-01	6.67e-02	8.38e-03	1.29e-03	4.66e-04	1.01e-05	0.00e+00
 8.44892e+22	3.51e-19	6.29e-11	1.99e-08	3.98e-07	3.19e-06	2.06e-05	3.63e-03	8.91e-02	3.68e-01	2.95e-01	1.74e-01	6.13e-02	7.43e-03	1.12e-03	3.90e-04	8.08e-06	0.00e+00
 8.55629e+22	4.75e-19	8.10e-11	2.53e-08	4.98e-07	3.90e-06	2.48e-05	4.15e-03	9.73e-02	3.80e-01	2.90e-01	1.64e-01	5.61e-02	6.57e-03	9.64e-04	3.26e-04	6.43e-06	0.00e+00
 8.66420e+22	6.38e-19	1.04e-10	3.20e-08	6.22e-07	4.78e-06	2.98e-05	4.73e-03	1.06e-01	3.92e-01	2.84e-01	1.55e-01	5.12e-02	5.79e-03	8.30e-04	2.71e-04	5.10e-06	0.00e+00
 8.77308e+22	8.53e-19	1.32e-10	4.02e-08	7.75e-07	5.83e-06	3.57e-05	5.40e-03	1.16e-01	4.03e-01	2.78e-01	1.45e-01	4.66e-02	5.08e-03	7.12e-04	2.25e-04	4.02e-06	0.00e+00
 8.88316e+22	1.14e-18	1.66e-10	5.04e-08	9.64e-07	7.11e-06	4.28e-05	6.15e-03	1.26e-01	4.13e-01	2.71e-01	1.36e-01	4.23e-02	4.45e-03	6.09e-04	1.85e-04	3.16e-06	0.00e+00
 8.99384e+22	1.50e-18	2.08e-10	6.27e-08	1.19e-06	8.63e-06	5.11e-05	6.98e-03	1.37e-01	4.23e-01	2.64e-01	1.27e-01	3.82e-02	3.88e-03	5.19e-04	1.53e-04	2.48e-06	0.00e+00
 9.10629e+22	1.99e-18	2.59e-10	7.80e-08	1.47e-06	1.05e-05	6.12e-05	7.94e-03	1.48e-01	4.32e-01	2.56e-01	1.18e-01	3.43e-02	3.37e-03	4.39e-04	1.25e-04	1.93e-06	0.00e+00
 9.21995e+22	2.62e-18	3.20e-10	9.61e-08	1.81e-06	1.27e-05	7.29e-05	8.99e-03	1.60e-01	4.40e-01	2.48e-01	1.09e-01	3.09e-02	2.92e-03	3.72e-04	1.02e-04	1.51e-06	0.00e+00
 9.33592e+22	3.48e-18	3.96e-10	1.19e-07	2.24e-06	1.54e-05	8.74e-05	1.02e-02	1.73e-01	4.47e-01	2.39e-01	1.00e-01	2.75e-02	2.51e-03	3.12e-04	8.28e-05	1.16e-06	0.00e+00
 9.45396e+22	4.58e-18	4.83e-10	1.46e-07	2.74e-06	1.86e-05	1.04e-04	1.15e-02	1.86e-01	4.52e-01	2.30e-01	9.26e-02	2.45e-02	2.16e-03	2.61e-04	6.72e-05	8.95e-07	0.00e+00
 9.56211e+22	5.79e-18	5.69e-10	1.72e-07	3.23e-06	2.16e-05	1.20e-04	1.28e-02	1.98e-01	4.56e-01	2.22e-01	8.62e-02	2.22e-02	1.90e-03	2.25e-04	5.62e-05	7.18e-07	0.00e+00
 9.67501e+22	7.74e-18	6.94e-10	2.11e-07	3.98e-06	2.62e-05	1.44e-04	1.45e-02	2.13e-01	4.60e-01	2.12e-01	7.85e-02	1.95e-02	1.61e-03	1.86e-04	4.48e-05	5.42e-07	0.00e+00
 9.78989e+22	1.10e-17	8.12e-10	2.49e-07	4.69e-06	3.05e-05	1.66e-04	1.60e-02	2.25e-01	4.62e-01	2.04e-01	7.27e-02	1.76e-02	1.41e-03	1.59e-04	3.72e-05	4.32e-07	0.00e+00
 9.90853e+22	3.22e-15	9.87e-10	3.05e-07	5.77e-06	3.70e-05	1.99e-04	1.81e-02	2.41e-01	4.64e-01	1.94e-01	6.57e-02	1.53e-02	1.18e-03	1.29e-04	2.93e-05	3.22e-07	0.00e+00
 1.00273e+23	4.15e-15	1.14e-09	3.56e-07	6.75e-06	4.28e-05	2.29e-04	1.98e-02	2.54e-01	4.64e-01	1.86e-01	6.07e-02	1.37e-02	1.03e-03	1.10e-04	2.43e-05	2.56e-07	0.00e+00
 1.01463e+23	5.32e-15	1.37e-09	4.32e-07	8.23e-06	5.14e-05	2.73e-04	2.23e-02	2.71e-01	4.63e-01	1.76e-01	5.46e-02	1.19e-02	8.63e-04	8.95e-05	1.91e-05	1.90e-07	0.00e+00
 1.02659e+23	6.42e-15	1.58e-09	5.02e-07	9.56e-06	5.91e-05	3.11e-04	2.44e-02	2.84e-01	4.61e-01	1.68e-01	5.04e-02	1.07e-02	7.53e-04	7.62e-05	1.58e-05	1.52e-07	0.00e+00
 1.03861e+23	7.94e-15	1.87e-09	6.04e-07	1.16e-05	7.05e-05	3.68e-04	2.73e-02	3.01e-01	4.58e-01	1.58e-01	4.52e-02	9.25e-03	6.28e-04	6.18e-05	1.24e-05	0.00e+00	0.00e+00
 1.05076e+23	9.38e-15	2.14e-09	6.99e-07	1.34e-05	8.07e-05	4.19e-04	2.97e-02	3.14e-01	4.55e-01	1.51e-01	4.15e-02	8.25e-03	5.45e-04	5.24e-05	1.03e-05	0.00e+00	0.00e+00
 1.06308e+23	1.14e-14	2.52e-09	8.38e-07	1.62e-05	9.59e-05	4.95e-04	3.32e-02	3.31e-01	4.49e-01	1.41e-01	3.70e-02	7.11e-03	4.53e-04	4.22e-05	8.00e-06	0.00e+00	0.00e+00
 1.07557e+23	1.33e-14	2.88e-09	9.68e-07	1.87e-05	1.10e-04	5.62e-04	3.60e-02	3.45e-01	4.44e-01	1.34e-01	3.38e-02	6.31e-03	3.92e-04	3.56e-05	6.58e-06	0.00e+00	0.00e+00
 1.08828e+23	1.59e-14	3.39e-09	1.16e-06	2.25e-05	1.30e-04	6.63e-04	4.00e-02	3.62e-01	4.37e-01	1.25e-01	3.00e-02	5.41e-03	3.23e-04	2.85e-05	5.09e-06	0.00e+00	0.00e+00
 1.10123e+23	1.84e-14	3.87e-09	1.34e-06	2.60e-05	1.48e-04	7.52e-04	4.34e-02	3.75e-01	4.30e-01	1.18e-01	2.73e-02	4.77e-03	2.78e-04	2.39e-05	4.16e-06	0.00e+00	0.00e+00
 1.11450e+23	2.19e-14	4.55e-09	1.60e-06	3.13e-05	1.75e-04	8.86e-04	4.82e-02	3.93e-01	4.21e-01	1.09e-01	2.41e-02	4.06e-03	2.27e-04	1.89e-05	3.19e-06	0.00e+00	0.00e+00
 1.12807e+23	2.54e-14	5.22e-09	1.86e-06	3.63e-05	2.00e-04	1.01e-03	5.22e-02	4.06e-01	4.13e-01	1.03e-01	2.17e-02	3.56e-03	1.94e-04	1.57e-05	2.58e-06	0.00e+00	0.00e+00
 1.14205e+23	3.02e-14	6.16e-09	2.24e-06	4.37e-05	2.37e-04	1.19e-03	5.78e-02	4.23e-01	4.01e-01	9.43e-02	1.90e-02	2.99e-03	1.57e-04	1.23e-05	1.95e-06	0.00e+00	0.00e+00
 1.15628e+23	3.49e-14	7.07e-09	2.60e-06	5.07e-05	2.71e-04	1.35e-03	6.26e-02	4.36e-01	3.92e-01	8.81e-02	1.71e-02	2.61e-03	1.33e-04	1.01e-05	1.56e-06	0.00e+00	0.00e+00
 1.16824e+23	3.97e-14	7.99e-09	2.97e-06	5.77e-05	3.04e-04	1.51e-03	6.69e-02	4.47e-01	3.83e-01	8.29e-02	1.55e-02	2.31e-03	1.14e-04	8.55e-06	1.29e-06	0.00e+00	0.00e+00
 1.18118e+23	4.62e-14	9.29e-09	3.50e-06	6.81e-05	3.52e-04	1.74e-03	7.30e-02	4.61e-01	3.71e-01	7.64e-02	1.37e-02	1.97e-03	9.42e-05	6.83e-06	9.97e-07	0.00e+00	0.00e+00
 1.19377e+23	5.20e-14	1.04e-08	3.96e-06	7.67e-05	3.91e-04	1.92e-03	7.76e-02	4.71e-01	3.63e-01	7.21e-02	1.25e-02	1.75e-03	8.19e-05	5.82e-06	8.31e-07	0.00e+00	0.00e+00
 1.20591e+23	5.95e-14	1.19e-08	4.61e-06	8.92e-05	4.47e-04	2.19e-03	8.39e-02	4.83e-01	3.51e-01	6.66e-02	1.11e-02	1.50e-03	6.81e-05	4.70e-06	6.52e-07	0.00e+00	0.00e+00
 1.21818e+23	6.76e-14	1.35e-08	5.22e-06	1.01e-04	4.95e-04	2.41e-03	8.88e-02	4.92e-01	3.42e-01	6.27e-02	1.01e-02	1.34e-03	5.92e-05	4.00e-06	5.43e-07	0.00e+00	0.00e+00
 1.23063e+23	7.79e-14	1.55e-08	6.10e-06	1.17e-04	5.65e-04	2.74e-03	9.58e-02	5.03e-01	3.30e-01	5.77e-02	8.91e-03	1.15e-03	4.90e-05	3.23e-06	4.25e-07	0.00e+00	0.00e+00
 1.24326e+23	8.88e-14	1.76e-08	6.94e-06	1.32e-04	6.26e-04	3.02e-03	1.01e-01	5.11e-01	3.21e-01	5.42e-02	8.10e-03	1.02e-03	4.24e-05	2.73e-06	3.52e-07	0.00e+00	0.00e+00
 1.25614e+23	1.03e-13	2.04e-08	8.13e-06	1.54e-04	7.14e-04	3.44e-03	1.09e-01	5.21e-01	3.08e-01	4.96e-02	7.11e-03	8.64e-04	3.49e-05	2.18e-06	2.73e-07	0.00e+00	0.00e+00
 1.26920e+23	1.18e-13	2.33e-08	9.28e-06	1.74e-04	7.92e-04	3.78e-03	1.15e-01	5.28e-01	2.99e-01	4.64e-02	6.44e-03	7.63e-04	3.00e-05	1.84e-06	2.25e-07	0.00e+00	0.00e+00
 1.28251e+23	1.37e-13	2.72e-08	1.09e-05	2.03e-04	9.03e-04	4.30e-03	1.24e-01	5.36e-01	2.86e-01	4.23e-02	5.63e-03	6.46e-04	2.46e-05	1.46e-06	1.73e-07	0.00e+00	0.00e+00
 1.29605e+23	1.59e-13	3.14e-08	1.26e-05	2.30e-04	1.00e-03	4.73e-03	1.31e-01	5.42e-01	2.76e-01	3.94e-02	5.08e-03	5.67e-04	2.10e-05	1.23e-06	1.42e-07	0.00e+00	0.00e+00
 1.30993e+23	1.87e-13	3.69e-08	1.49e-05	2.70e-04	1.14e-03	5.38e-03	1.40e-01	5.50e-01	2.63e-01	3.58e-02	4.41e-03	4.76e-04	1.70e-05	9.65e-07	0.00e+00	0.00e+00	0.00e+00
 1.32410e+23	2.18e-13	4.28e-08	1.72e-05	3.07e-04	1.27e-03	5.94e-03	1.48e-01	5.54e-01	2.53e-01	3.31e-02	3.94e-03	4.15e-04	1.44e-05	8.00e-07	0.00e+00	0.00e+00	0.00e+00
 1.33867e+23	2.61e-13	5.13e-08	2.05e-05	3.62e-04	1.46e-03	6.75e-03	1.59e-01	5.60e-01	2.39e-01	2.99e-02	3.40e-03	3.46e-04	1.16e-05	6.25e-07	0.00e+00	0.00e+00	0.00e+00
 1.35364e+23	3.07e-13	6.00e-08	2.39e-05	4.15e-04	1.63e-03	7.47e-03	1.67e-01	5.63e-01	2.29e-01	2.74e-02	3.02e-03	2.98e-04	9.73e-06	5.11e-07	0.00e+00	0.00e+00	0.00e+00
 1.36915e+23	3.76e-13	7.31e-08	2.90e-05	4.93e-04	1.87e-03	8.51e-03	1.79e-01	5.67e-01	2.16e-01	2.45e-02	2.58e-03	2.46e-04	7.72e-06	3.94e-07	0.00e+00	0.00e+00	0.00e+00
 1.38480e+23	4.47e-13	8.64e-08	3.39e-05	5.66e-04	2.08e-03	9.38e-03	1.89e-01	5.69e-01	2.06e-01	2.25e-02	2.29e-03	2.11e-04	6.46e-06	3.22e-07	0.00e+00	0.00e+00	0.00e+00
 1.40062e+23	5.51e-13	1.06e-07	4.12e-05	6.72e-04	2.39e-03	1.07e-02	2.02e-01	5.70e-01	1.93e-01	2.00e-02	1.94e-03	1.73e-04	5.09e-06	2.46e-07	0.00e+00	0.00e+00	0.00e+00
 1.41664e+23	6.64e-13	1.26e-07	4.84e-05	7.73e-04	2.66e-03	1.17e-02	2.12e-01	5.70e-01	1.83e-01	1.83e-02	1.72e-03	1.49e-04	4.24e-06	2.00e-07	0.00e+00	0.00e+00	0.00e+00
 1.43292e+23	8.28e-13	1.57e-07	5.91e-05	9.21e-04	3.05e-03	1.33e-02	2.25e-01	5.69e-01	1.71e-01	1.62e-02	1.45e-03	1.21e-04	3.32e-06	1.52e-07	0.00e+00	0.00e+00	0.00e+00
 1.44947e+23	1.01e-12	1.89e-07	6.99e-05	1.06e-03	3.40e-03	1.47e-02	2.36e-01	5.67e-01	1.62e-01	1.47e-02	1.27e-03	1.03e-04	2.75e-06	1.23e-07	0.00e+00	0.00e+00	0.00e+00
 1.46411e+23	1.21e-12	2.25e-07	8.21e-05	1.22e-03	3.78e-03	1.62e-02	2.47e-01	5.64e-01	1.53e-01	1.34e-02	1.11e-03	8.76e-05	2.26e-06	0.00e+00	0.00e+00	0.00e+00	0.00e+00
 1.48091e+23	1.56e-12	2.85e-07	1.01e-04	1.46e-03	4.33e-03	1.82e-02	2.62e-01	5.60e-01	1.42e-01	1.18e-02	9.39e-04	7.11e-05	1.77e-06	0.00e+00	0.00e+00	0.00e+00	0.00e+00
 1.49799e+23	1.89e-12	3.44e-07	1.20e-04	1.68e-03	4.82e-03	2.01e-02	2.74e-01	5.55e-01	1.33e-01	1.06e-02	8.14e-04	5.98e-05	1.44e-06	0.00e+00	0.00e+00	0.00e+00	0.00e+00
 1.51179e+23	2.26e-12	4.06e-07	1.39e-04	1.90e-03	5.28e-03	2.18e-02	2.84e-01	5.51e-01	1.26e-01	9.69e-03	7.23e-04	5.18e-05	1.22e-06	0.00e+00	0.00e+00	0.00e+00	0.00e+00
 1.52611e+23	2.80e-12	4.95e-07	1.65e-04	2.19e-03	5.87e-03	2.39e-02	2.96e-01	5.45e-01	1.18e-01	8.73e-03	6.29e-04	4.37e-05	9.94e-07	0.00e+00	0.00e+00	0.00e+00	0.00e+00
 1.54117e+23	3.39e-12	5.92e-07	1.93e-04	2.49e-03	6.46e-03	2.59e-02	3.07e-01	5.38e-01	1.11e-01	7.93e-03	5.53e-04	3.74e-05	8.27e-07	0.00e+00	0.00e+00	0.00e+00	0.00e+00
 1.55501e+23	4.10e-12	7.05e-07	2.24e-04	2.82e-03	7.08e-03	2.81e-02	3.17e-01	5.32e-01	1.05e-01	7.21e-03	4.88e-04	3.21e-05	6.91e-07	0.00e+00	0.00e+00	0.00e+00	0.00e+00
 1.57077e+23	5.23e-12	8.82e-07	2.71e-04	3.30e-03	7.94e-03	3.09e-02	3.31e-01	5.23e-01	9.70e-02	6.39e-03	4.16e-04	2.65e-05	5.51e-07	0.00e+00	0.00e+00	0.00e+00	0.00e+00
 1.58698e+23	6.43e-12	1.07e-06	3.20e-04	3.79e-03	8.76e-03	3.38e-02	3.43e-01	5.14e-01	9.04e-02	5.73e-03	3.60e-04	2.22e-05	4.49e-07	0.00e+00	0.00e+00	0.00e+00	0.00e+00
 1.60123e+23	7.85e-12	1.28e-06	3.74e-04	4.29e-03	9.59e-03	3.64e-02	3.53e-01	5.06e-01	8.48e-02	5.19e-03	3.17e-04	1.90e-05	3.74e-07	0.00e+00	0.00e+00	0.00e+00	0.00e+00
 1.61723e+23	1.01e-11	1.61e-06	4.53e-04	5.01e-03	1.07e-02	4.00e-02	3.66e-01	4.95e-01	7.82e-02	4.59e-03	2.69e-04	1.56e-05	2.97e-07	0.00e+00	0.00e+00	0.00e+00	0.00e+00
 1.63396e+23	1.26e-11	1.98e-06	5.38e-04	5.76e-03	1.18e-02	4.35e-02	3.78e-01	4.84e-01	7.23e-02	4.08e-03	2.31e-04	1.30e-05	2.40e-07	0.00e+00	0.00e+00	0.00e+00	0.00e+00
 1.64906e+23	1.56e-11	2.40e-06	6.32e-04	6.55e-03	1.30e-02	4.69e-02	3.89e-01	4.73e-01	6.73e-02	3.67e-03	2.01e-04	1.10e-05	1.97e-07	0.00e+00	0.00e+00	0.00e+00	0.00e+00
 1.66610e+23	2.05e-11	3.06e-06	7.75e-04	7.70e-03	1.45e-02	5.14e-02	4.02e-01	4.59e-01	6.14e-02	3.20e-03	1.69e-04	8.93e-06	1.54e-07	0.00e+00	0.00e+00	0.00e+00	0.00e+00
 1.68372e+23	2.61e-11	3.80e-06	9.26e-04	8.87e-03	1.60e-02	5.58e-02	4.13e-01	4.46e-01	5.64e-02	2.83e-03	1.44e-04	7.38e-06	1.24e-07	0.00e+00	0.00e+00	0.00e+00	0.00e+00
 1.69945e+23	3.27e-11	4.64e-06	1.09e-03	1.01e-02	1.75e-02	6.01e-02	4.23e-01	4.34e-01	5.21e-02	2.52e-03	1.24e-04	6.18e-06	0.00e+00	0.00e+00	0.00e+00	0.00e+00	0.00e+00
 1.71724e+23	4.36e-11	6.01e-06	1.35e-03	1.19e-02	1.96e-02	6.59e-02	4.34e-01	4.18e-01	4.69e-02	2.17e-03	1.02e-04	4.92e-06	0.00e+00	0.00e+00	0.00e+00	0.00e+00	0.00e+00
 1.73563e+23	5.60e-11	7.48e-06	1.61e-03	1.37e-02	2.16e-02	7.12e-02	4.44e-01	4.03e-01	4.28e-02	1.90e-03	8.68e-05	4.04e-06	0.00e+00	0.00e+00	0.00e+00	0.00e+00	0.00e+00
 1.75478e+23	7.65e-11	9.85e-06	2.02e-03	1.63e-02	2.43e-02	7.81e-02	4.55e-01	3.85e-01	3.81e-02	1.62e-03	7.05e-05	3.15e-06	0.00e+00	0.00e+00	0.00e+00	0.00e+00	0.00e+00
 1.77428e+23	9.93e-11	1.24e-05	2.42e-03	1.88e-02	2.67e-02	8.42e-02	4.63e-01	3.69e-01	3.44e-02	1.41e-03	5.91e-05	2.56e-06	0.00e+00	0.00e+00	0.00e+00	0.00e+00	0.00e+00
 1.79152e+23	1.28e-10	1.54e-05	2.89e-03	2.15e-02	2.92e-02	9.03e-02	4.70e-01	3.54e-01	3.12e-02	1.23e-03	4.98e-05	2.09e-06	0.00e+00	0.00e+00	0.00e+00	0.00e+00	0.00e+00
 1.81124e+23	1.77e-10	2.04e-05	3.62e-03	2.55e-02	3.27e-02	9.85e-02	4.77e-01	3.34e-01	2.74e-02	1.03e-03	3.99e-05	1.61e-06	0.00e+00	0.00e+00	0.00e+00	0.00e+00	0.00e+00
 1.83129e+23	2.30e-10	2.57e-05	4.34e-03	2.94e-02	3.57e-02	1.06e-01	4.83e-01	3.17e-01	2.44e-02	8.87e-04	3.30e-05	1.29e-06	0.00e+00	0.00e+00	0.00e+00	0.00e+00	0.00e+00
 1.84905e+23	2.99e-10	3.21e-05	5.18e-03	3.35e-02	3.89e-02	1.13e-01	4.86e-01	3.01e-01	2.19e-02	7.68e-04	2.76e-05	1.04e-06	0.00e+00	0.00e+00	0.00e+00	0.00e+00	0.00e+00
 1.86944e+23	4.18e-10	4.27e-05	6.48e-03	3.97e-02	4.33e-02	1.22e-01	4.89e-01	2.80e-01	1.89e-02	6.35e-04	2.17e-05	7.89e-07	0.00e+00	0.00e+00	0.00e+00	0.00e+00	0.00e+00
 1.89012e+23	5.48e-10	5.37e-05	7.76e-03	4.53e-02	4.71e-02	1.30e-01	4.89e-01	2.63e-01	1.67e-02	5.41e-04	1.78e-05	6.26e-07	0.00e+00	0.00e+00	0.00e+00	0.00e+00	0.00e+00
 1.91116e+23	7.70e-10	7.14e-05	9.69e-03	5.34e-02	5.21e-02	1.40e-01	4.88e-01	2.43e-01	1.43e-02	4.43e-04	1.39e-05	4.69e-07	0.00e+00	0.00e+00	0.00e+00	0.00e+00	0.00e+00
 1.93261e+23	1.02e-09	9.03e-05	1.16e-02	6.10e-02	5.65e-02	1.48e-01	4.85e-01	2.26e-01	1.25e-02	3.73e-04	1.12e-05	3.67e-07	0.00e+00	0.00e+00	0.00e+00	0.00e+00	0.00e+00
 1.95167e+23	1.34e-09	1.13e-04	1.39e-02	6.92e-02	6.09e-02	1.56e-01	4.80e-01	2.09e-01	1.09e-02	3.15e-04	9.06e-06	2.87e-07	0.00e+00	0.00e+00	0.00e+00	0.00e+00	0.00e+00
 1.97354e+23	1.90e-09	1.51e-04	1.73e-02	8.10e-02	6.67e-02	1.65e-01	4.71e-01	1.89e-01	9.11e-03	2.52e-04	6.90e-06	2.10e-07	0.00e+00	0.00e+00	0.00e+00	0.00e+00	0.00e+00
 1.99577e+23	2.52e-09	1.90e-04	2.06e-02	9.17e-02	7.16e-02	1.73e-01	4.62e-01	1.73e-01	7.82e-03	2.10e-04	5.49e-06	1.62e-07	0.00e+00	0.00e+00	0.00e+00	0.00e+00	0.00e+00
 2.01848e+23	3.59e-09	2.54e-04	2.56e-02	1.07e-01	7.79e-02	1.82e-01	4.47e-01	1.54e-01	6.40e-03	1.65e-04	4.07e-06	0.00e+00	0.00e+00	0.00e+00	0.00e+00	0.00e+00	0.00e+00
 2.04066e+23	4.65e-09	3.13e-04	2.99e-02	1.19e-01	8.24e-02	1.88e-01	4.35e-01	1.40e-01	5.49e-03	1.37e-04	3.26e-06	0.00e+00	0.00e+00	0.00e+00	0.00e+00	0.00e+00	0.00e+00
 2.06212e+23	6.46e-09	4.07e-04	3.63e-02	1.35e-01	8.82e-02	1.95e-01	4.16e-01	1.23e-01	4.48e-03	1.08e-04	2.43e-06	0.00e+00	0.00e+00	0.00e+00	0.00e+00	0.00e+00	0.00e+00
 2.08290e+23	8.15e-09	4.90e-04	4.15e-02	1.48e-01	9.22e-02	1.99e-01	4.02e-01	1.12e-01	3.86e-03	9.09e-05	1.96e-06	0.00e+00	0.00e+00	0.00e+00	0.00e+00	0.00e+00	0.00e+00
 2.10279e+23	1.09e-08	6.16e-04	4.91e-02	1.65e-01	9.70e-02	2.04e-01	3.82e-01	9.90e-02	3.18e-03	7.25e-05	1.49e-06	0.00e+00	0.00e+00	0.00e+00	0.00e+00	0.00e+00	0.00e+00
 2.12301e+23	1.38e-08	7.41e-04	5.60e-02	1.80e-01	1.01e-01	2.06e-01	3.65e-01	8.88e-02	2.69e-03	5.99e-05	1.18e-06	0.00e+00	0.00e+00	0.00e+00	0.00e+00	0.00e+00	0.00e+00
 2.14084e+23	1.73e-08	8.83e-04	6.35e-02	1.94e-01	1.04e-01	2.08e-01	3.47e-01	7.95e-02	2.28e-03	4.96e-05	9.37e-07	0.00e+00	0.00e+00	0.00e+00	0.00e+00	0.00e+00	0.00e+00
 2.16120e+23	2.29e-08	1.10e-03	7.40e-02	2.13e-01	1.08e-01	2.09e-01	3.24e-01	6.86e-02	1.84e-03	3.88e-05	6.96e-07	0.00e+00	0.00e+00	0.00e+00	0.00e+00	0.00e+00	0.00e+00
 2.18195e+23	2.88e-08	1.31e-03	8.36e-02	2.29e-01	1.10e-01	2.09e-01	3.05e-01	6.04e-02	1.53e-03	3.15e-05	5.40e-07	0.00e+00	0.00e+00	0.00e+00	0.00e+00	0.00e+00	0.00e+00
 2.20320e+23	3.82e-08	1.62e-03	9.69e-02	2.49e-01	1.13e-01	2.07e-01	2.80e-01	5.11e-02	1.20e-03	2.42e-05	3.91e-07	0.00e+00	0.00e+00	0.00e+00	0.00e+00	0.00e+00	0.00e+00
 2.22462e+23	4.79e-08	1.92e-03	1.09e-01	2.65e-01	1.15e-01	2.04e-01	2.60e-01	4.43e-02	9.86e-04	1.94e-05	2.99e-07	0.00e+00	0.00e+00	0.00e+00	0.00e+00	0.00e+00	0.00e+00
 2.24343e+23	5.92e-08	2.25e-03	1.21e-01	2.81e-01	1.16e-01	2.01e-01	2.40e-01	3.85e-02	8.10e-04	1.56e-05	2.30e-07	0.00e+00	0.00e+00	0.00e+00	0.00e+00	0.00e+00	0.00e+00
 2.26506e+23	7.80e-08	2.75e-03	1.38e-01	3.00e-01	1.17e-01	1.95e-01	2.16e-01	3.16e-02	6.19e-04	1.16e-05	1.61e-07	0.00e+00	0.00e+00	0.00e+00	0.00e+00	0.00e+00	0.00e+00
 2.28499e+23	9.26e-08	3.12e-03	1.49e-01	3.11e-01	1.17e-01	1.91e-01	2.00e-01	2.78e-02	5.21e-04	9.59e-06	1.28e-07	0.00e+00	0.00e+00	0.00e+00	0.00e+00	0.00e+00	0.00e+00
 2.30271e+23	1.14e-07	3.64e-03	1.64e-01	3.25e-01	1.16e-01	1.84e-01	1.82e-01	2.36e-02	4.16e-04	7.51e-06	0.00e+00	0.00e+00	0.00e+00	0.00e+00	0.00e+00	0.00e+00	0.00e+00
 2.32090e+23	1.36e-07	4.12e-03	1.78e-01	3.36e-01	1.16e-01	1.79e-01	1.67e-01	2.05e-02	3.45e-04	6.13e-06	0.00e+00	0.00e+00	0.00e+00	0.00e+00	0.00e+00	0.00e+00	0.00e+00
 2.33969e+23	1.67e-07	4.78e-03	1.95e-01	3.48e-01	1.14e-01	1.71e-01	1.50e-01	1.71e-02	2.72e-04	4.73e-06	0.00e+00	0.00e+00	0.00e+00	0.00e+00	0.00e+00	0.00e+00	0.00e+00
 2.35870e+23	1.99e-07	5.40e-03	2.09e-01	3.57e-01	1.13e-01	1.64e-01	1.36e-01	1.46e-02	2.21e-04	3.78e-06	0.00e+00	0.00e+00	0.00e+00	0.00e+00	0.00e+00	0.00e+00	0.00e+00
 2.37517e+23	2.34e-07	6.04e-03	2.24e-01	3.65e-01	1.11e-01	1.58e-01	1.24e-01	1.26e-02	1.82e-04	3.07e-06	0.00e+00	0.00e+00	0.00e+00	0.00e+00	0.00e+00	0.00e+00	0.00e+00
 2.39374e+23	2.84e-07	6.92e-03	2.42e-01	3.73e-01	1.08e-01	1.49e-01	1.10e-01	1.04e-02	1.42e-04	2.35e-06	0.00e+00	0.00e+00	0.00e+00	0.00e+00	0.00e+00	0.00e+00	0.00e+00
 2.41276e+23	3.35e-07	7.75e-03	2.58e-01	3.79e-01	1.06e-01	1.42e-01	9.93e-02	8.78e-03	1.15e-04	1.86e-06	0.00e+00	0.00e+00	0.00e+00	0.00e+00	0.00e+00	0.00e+00	0.00e+00
 2.42965e+23	3.91e-07	8.61e-03	2.73e-01	3.83e-01	1.03e-01	1.35e-01	8.95e-02	7.46e-03	9.33e-05	1.49e-06	0.00e+00	0.00e+00	0.00e+00	0.00e+00	0.00e+00	0.00e+00	0.00e+00
 2.44889e+23	4.74e-07	9.80e-03	2.93e-01	3.88e-01	9.97e-02	1.26e-01	7.82e-02	6.04e-03	7.14e-05	1.12e-06	0.00e+00	0.00e+00	0.00e+00	0.00e+00	0.00e+00	0.00e+00	0.00e+00
 2.46845e+23	5.55e-07	1.09e-02	3.10e-01	3.90e-01	9.66e-02	1.18e-01	6.96e-02	5.04e-03	5.70e-05	8.77e-07	0.00e+00	0.00e+00	0.00e+00	0.00e+00	0.00e+00	0.00e+00	0.00e+00
 2.48572e+23	6.45e-07	1.20e-02	3.26e-01	3.91e-01	9.35e-02	1.11e-01	6.20e-02	4.23e-03	4.57e-05	6.92e-07	0.00e+00	0.00e+00	0.00e+00	0.00e+00	0.00e+00	0.00e+00	0.00e+00
 2.50546e+23	7.75e-07	1.36e-02	3.47e-01	3.91e-01	8.94e-02	1.02e-01	5.35e-02	3.37e-03	3.45e-05	5.12e-07	0.00e+00	0.00e+00	0.00e+00	0.00e+00	0.00e+00	0.00e+00	0.00e+00
 2.52558e+23	9.04e-07	1.50e-02	3.64e-01	3.90e-01	8.60e-02	9.51e-02	4.71e-02	2.78e-03	2.72e-05	3.96e-07	0.00e+00	0.00e+00	0.00e+00	0.00e+00	0.00e+00	0.00e+00	0.00e+00
 2.54345e+23	1.05e-06	1.65e-02	3.81e-01	3.88e-01	8.25e-02	8.84e-02	4.15e-02	2.30e-03	2.15e-05	3.08e-07	0.00e+00	0.00e+00	0.00e+00	0.00e+00	0.00e+00	0.00e+00	0.00e+00
 2.56394e+23	1.26e-06	1.86e-02	4.02e-01	3.84e-01	7.82e-02	8.03e-02	3.52e-02	1.80e-03	1.60e-05	2.23e-07	0.00e+00	0.00e+00	0.00e+00	0.00e+00	0.00e+00	0.00e+00	0.00e+00
 2.58484e+23	1.46e-06	2.05e-02	4.19e-01	3.80e-01	7.45e-02	7.39e-02	3.07e-02	1.46e-03	1.24e-05	1.70e-07	0.00e+00	0.00e+00	0.00e+00	0.00e+00	0.00e+00	0.00e+00	0.00e+00
 2.60625e+23	1.76e-06	2.30e-02	4.41e-01	3.73e-01	7.00e-02	6.63e-02	2.57e-02	1.12e-03	9.01e-06	0.00e+00	0.00e+00	0.00e+00	0.00e+00	0.00e+00	0.00e+00	0.00e+00	0.00e+00
 2.62787e+23	2.05e-06	2.53e-02	4.59e-01	3.66e-01	6.63e-02	6.06e-02	2.22e-02	9.02e-04	6.95e-06	0.00e+00	0.00e+00	0.00e+00	0.00e+00	0.00e+00	0.00e+00	0.00e+00	0.00e+00
 2.64975e+23	2.45e-06	2.82e-02	4.80e-01	3.57e-01	6.20e-02	5.40e-02	1.85e-02	6.88e-04	5.04e-06	0.00e+00	0.00e+00	0.00e+00	0.00e+00	0.00e+00	0.00e+00	0.00e+00	0.00e+00
 2.67219e+23	2.86e-06	3.10e-02	4.97e-01	3.48e-01	5.84e-02	4.88e-02	1.57e-02	5.43e-04	3.81e-06	0.00e+00	0.00e+00	0.00e+00	0.00e+00	0.00e+00	0.00e+00	0.00e+00	0.00e+00
 2.69207e+23	3.30e-06	3.38e-02	5.14e-01	3.40e-01	5.51e-02	4.42e-02	1.35e-02	4.34e-04	2.92e-06	0.00e+00	0.00e+00	0.00e+00	0.00e+00	0.00e+00	0.00e+00	0.00e+00	0.00e+00
 2.71465e+23	3.95e-06	3.77e-02	5.34e-01	3.27e-01	5.10e-02	3.88e-02	1.11e-02	3.24e-04	2.07e-06	0.00e+00	0.00e+00	0.00e+00	0.00e+00	0.00e+00	0.00e+00	0.00e+00	0.00e+00
 2.73447e+23	4.39e-06	4.01e-02	5.45e-01	3.20e-01	4.86e-02	3.58e-02	9.82e-03	2.73e-04	1.70e-06	0.00e+00	0.00e+00	0.00e+00	0.00e+00	0.00e+00	0.00e+00	0.00e+00	0.00e+00
 2.75073e+23	4.97e-06	4.32e-02	5.59e-01	3.11e-01	4.59e-02	3.26e-02	8.51e-03	2.21e-04	1.33e-06	0.00e+00	0.00e+00	0.00e+00	0.00e+00	0.00e+00	0.00e+00	0.00e+00	0.00e+00
 2.76763e+23	5.54e-06	4.60e-02	5.70e-01	3.02e-01	4.37e-02	2.99e-02	7.51e-03	1.84e-04	1.08e-06	0.00e+00	0.00e+00	0.00e+00	0.00e+00	0.00e+00	0.00e+00	0.00e+00	0.00e+00
 2.78300e+23	6.13e-06	4.88e-02	5.81e-01	2.94e-01	4.16e-02	2.75e-02	6.65e-03	1.55e-04	8.81e-07	0.00e+00	0.00e+00	0.00e+00	0.00e+00	0.00e+00	0.00e+00	0.00e+00	0.00e+00
 2.80059e+23	6.98e-06	5.27e-02	5.94e-01	2.84e-01	3.90e-02	2.47e-02	5.68e-03	1.23e-04	6.77e-07	0.00e+00	0.00e+00	0.00e+00	0.00e+00	0.00e+00	0.00e+00	0.00e+00	0.00e+00
 2.81844e+23	7.78e-06	5.61e-02	6.05e-01	2.75e-01	3.69e-02	2.25e-02	4.98e-03	1.01e-04	5.44e-07	0.00e+00	0.00e+00	0.00e+00	0.00e+00	0.00e+00	0.00e+00	0.00e+00	0.00e+00
 2.83419e+23	8.63e-06	5.95e-02	6.15e-01	2.66e-01	3.50e-02	2.06e-02	4.38e-03	8.43e-05	4.40e-07	0.00e+00	0.00e+00	0.00e+00	0.00e+00	0.00e+00	0.00e+00	0.00e+00	0.00e+00
 2.85220e+23	9.80e-06	6.39e-02	6.26e-01	2.55e-01	3.27e-02	1.84e-02	3.72e-03	6.67e-05	3.38e-07	0.00e+00	0.00e+00	0.00e+00	0.00e+00	0.00e+00	0.00e+00	0.00e+00	0.00e+00
 2.87075e+23	1.09e-05	6.80e-02	6.36e-01	2.45e-01	3.08e-02	1.66e-02	3.23e-03	5.44e-05	2.68e-07	0.00e+00	0.00e+00	0.00e+00	0.00e+00	0.00e+00	0.00e+00	0.00e+00	0.00e+00
 2.88731e+23	1.22e-05	7.22e-02	6.45e-01	2.36e-01	2.90e-02	1.50e-02	2.81e-03	4.46e-05	2.14e-07	0.00e+00	0.00e+00	0.00e+00	0.00e+00	0.00e+00	0.00e+00	0.00e+00	0.00e+00
 2.90616e+23	1.39e-05	7.78e-02	6.56e-01	2.24e-01	2.69e-02	1.32e-02	2.36e-03	3.46e-05	1.61e-07	0.00e+00	0.00e+00	0.00e+00	0.00e+00	0.00e+00	0.00e+00	0.00e+00	0.00e+00
 2.92535e+23	1.55e-05	8.25e-02	6.64e-01	2.14e-01	2.52e-02	1.19e-02	2.04e-03	2.82e-05	1.28e-07	0.00e+00	0.00e+00	0.00e+00	0.00e+00	0.00e+00	0.00e+00	0.00e+00	0.00e+00
 2.94498e+23	1.77e-05	8.88e-02	6.73e-01	2.03e-01	2.33e-02	1.04e-02	1.70e-03	2.17e-05	0.00e+00	0.00e+00	0.00e+00	0.00e+00	0.00e+00	0.00e+00	0.00e+00	0.00e+00	0.00e+00
 2.96507e+23	1.98e-05	9.43e-02	6.80e-01	1.93e-01	2.18e-02	9.29e-03	1.46e-03	1.74e-05	0.00e+00	0.00e+00	0.00e+00	0.00e+00	0.00e+00	0.00e+00	0.00e+00	0.00e+00	0.00e+00
 2.98575e+23	2.27e-05	1.02e-01	6.88e-01	1.81e-01	2.00e-02	8.04e-03	1.20e-03	1.32e-05	0.00e+00	0.00e+00	0.00e+00	0.00e+00	0.00e+00	0.00e+00	0.00e+00	0.00e+00	0.00e+00
 3.00691e+23	2.55e-05	1.08e-01	6.94e-01	1.71e-01	1.85e-02	7.11e-03	1.02e-03	1.05e-05	0.00e+00	0.00e+00	0.00e+00	0.00e+00	0.00e+00	0.00e+00	0.00e+00	0.00e+00	0.00e+00
 3.02578e+23	2.85e-05	1.14e-01	6.99e-01	1.62e-01	1.73e-02	6.30e-03	8.74e-04	8.39e-06	0.00e+00	0.00e+00	0.00e+00	0.00e+00	0.00e+00	0.00e+00	0.00e+00	0.00e+00	0.00e+00
 3.04738e+23	3.26e-05	1.23e-01	7.05e-01	1.51e-01	1.58e-02	5.41e-03	7.16e-04	6.32e-06	0.00e+00	0.00e+00	0.00e+00	0.00e+00	0.00e+00	0.00e+00	0.00e+00	0.00e+00	0.00e+00
 3.06964e+23	3.68e-05	1.31e-01	7.08e-01	1.41e-01	1.45e-02	4.73e-03	6.02e-04	4.95e-06	0.00e+00	0.00e+00	0.00e+00	0.00e+00	0.00e+00	0.00e+00	0.00e+00	0.00e+00	0.00e+00
 3.08268e+23	3.82e-05	1.33e-01	7.09e-01	1.38e-01	1.41e-02	4.53e-03	5.69e-04	4.57e-06	0.00e+00	0.00e+00	0.00e+00	0.00e+00	0.00e+00	0.00e+00	0.00e+00	0.00e+00	0.00e+00
