#depth	Si	Si+	Si+2	Si+3	Si+4	Si+5	Si+6	Si+7	Si+8	Si+9	Si+10	Si+11	Si+12	Si+13	Si+14
 1.54284e+22	2.86e-26	1.76e-18	3.31e-15	9.85e-13	6.51e-09	2.20e-06	1.70e-04	3.22e-03	2.54e-02	7.55e-02	9.91e-02	1.27e-01	4.55e-01	1.90e-01	2.46e-02
 3.44762e+22	5.37e-25	2.01e-17	2.52e-14	4.74e-12	3.25e-08	1.05e-05	7.21e-04	1.12e-02	6.69e-02	1.51e-01	1.47e-01	1.39e-01	3.67e-01	1.08e-01	9.98e-03
 3.99052e+22	4.62e-25	5.69e-17	6.07e-14	9.47e-12	6.26e-08	1.95e-05	1.27e-03	1.80e-02	9.50e-02	1.89e-01	1.61e-01	1.35e-01	3.14e-01	7.97e-02	6.30e-03
 4.26198e+22	8.50e-25	9.37e-17	9.28e-14	1.33e-11	8.50e-08	2.60e-05	1.64e-03	2.23e-02	1.11e-01	2.08e-01	1.66e-01	1.31e-01	2.87e-01	6.78e-02	4.98e-03
 4.38446e+22	1.06e-24	1.12e-16	1.08e-13	1.50e-11	9.46e-08	2.87e-05	1.79e-03	2.39e-02	1.16e-01	2.14e-01	1.68e-01	1.30e-01	2.78e-01	6.38e-02	4.57e-03
 4.45804e+22	1.38e-24	1.39e-16	1.30e-13	1.74e-11	1.08e-07	3.24e-05	1.99e-03	2.62e-02	1.24e-01	2.22e-01	1.69e-01	1.27e-01	2.66e-01	5.92e-02	4.11e-03
 4.54001e+22	1.78e-24	1.71e-16	1.55e-13	2.01e-11	1.23e-07	3.64e-05	2.21e-03	2.84e-02	1.31e-01	2.29e-01	1.70e-01	1.25e-01	2.55e-01	5.51e-02	3.71e-03
 4.63289e+22	2.47e-24	2.23e-16	1.95e-13	2.41e-11	1.44e-07	4.22e-05	2.51e-03	3.16e-02	1.41e-01	2.38e-01	1.71e-01	1.22e-01	2.41e-01	4.99e-02	3.23e-03
 4.72833e+22	3.26e-24	2.79e-16	2.37e-13	2.81e-11	1.64e-07	4.76e-05	2.80e-03	3.45e-02	1.49e-01	2.46e-01	1.71e-01	1.19e-01	2.28e-01	4.58e-02	2.87e-03
 4.82712e+22	4.57e-24	3.67e-16	3.00e-13	3.40e-11	1.93e-07	5.53e-05	3.18e-03	3.83e-02	1.60e-01	2.54e-01	1.71e-01	1.15e-01	2.14e-01	4.12e-02	2.48e-03
 4.92798e+22	6.05e-24	4.61e-16	3.65e-13	3.98e-11	2.21e-07	6.24e-05	3.54e-03	4.17e-02	1.69e-01	2.61e-01	1.71e-01	1.12e-01	2.02e-01	3.76e-02	2.19e-03
 5.01776e+22	7.91e-24	5.72e-16	4.41e-13	4.64e-11	2.52e-07	7.01e-05	3.91e-03	4.51e-02	1.78e-01	2.67e-01	1.70e-01	1.09e-01	1.91e-01	3.45e-02	1.94e-03
 5.12068e+22	1.13e-23	7.61e-16	5.63e-13	5.63e-11	2.96e-07	8.12e-05	4.44e-03	4.99e-02	1.90e-01	2.75e-01	1.68e-01	1.04e-01	1.77e-01	3.05e-02	1.64e-03
 5.22460e+22	1.47e-23	9.46e-16	6.81e-13	6.57e-11	3.37e-07	9.10e-05	4.89e-03	5.39e-02	1.99e-01	2.80e-01	1.66e-01	1.01e-01	1.66e-01	2.78e-02	1.45e-03
 5.32982e+22	2.10e-23	1.26e-15	8.68e-13	7.96e-11	3.94e-07	1.05e-04	5.54e-03	5.94e-02	2.11e-01	2.86e-01	1.64e-01	9.58e-02	1.53e-01	2.44e-02	1.22e-03
 5.43668e+22	2.77e-23	1.57e-15	1.05e-12	9.31e-11	4.48e-07	1.18e-04	6.10e-03	6.39e-02	2.20e-01	2.90e-01	1.61e-01	9.20e-02	1.43e-01	2.21e-02	1.06e-03
 5.54568e+22	3.98e-23	2.11e-15	1.35e-12	1.13e-10	5.24e-07	1.36e-04	6.89e-03	7.04e-02	2.33e-01	2.95e-01	1.58e-01	8.70e-02	1.30e-01	1.91e-02	8.82e-04
 5.65563e+22	5.27e-23	2.64e-15	1.64e-12	1.32e-10	5.93e-07	1.51e-04	7.57e-03	7.56e-02	2.42e-01	2.98e-01	1.54e-01	8.31e-02	1.21e-01	1.72e-02	7.63e-04
 5.76681e+22	7.59e-23	3.54e-15	2.10e-12	1.60e-10	6.91e-07	1.74e-04	8.52e-03	8.29e-02	2.55e-01	3.01e-01	1.50e-01	7.80e-02	1.09e-01	1.48e-02	6.27e-04
 5.87235e+22	9.70e-23	4.31e-15	2.48e-12	1.83e-10	7.68e-07	1.91e-04	9.22e-03	8.80e-02	2.63e-01	3.03e-01	1.46e-01	7.46e-02	1.02e-01	1.34e-02	5.49e-04
 5.97053e+22	1.34e-22	5.58e-15	3.08e-12	2.16e-10	8.74e-07	2.14e-04	1.02e-02	9.52e-02	2.73e-01	3.04e-01	1.42e-01	7.02e-02	9.26e-02	1.16e-02	4.57e-04
 6.07028e+22	1.72e-22	6.83e-15	3.66e-12	2.47e-10	9.70e-07	2.35e-04	1.10e-02	1.01e-01	2.82e-01	3.05e-01	1.38e-01	6.69e-02	8.59e-02	1.04e-02	3.97e-04
 6.17206e+22	2.40e-22	8.93e-15	4.56e-12	2.93e-10	1.10e-06	2.64e-04	1.22e-02	1.09e-01	2.92e-01	3.05e-01	1.33e-01	6.25e-02	7.74e-02	8.98e-03	3.27e-04
 6.27489e+22	3.11e-22	1.10e-14	5.43e-12	3.35e-10	1.22e-06	2.89e-04	1.31e-02	1.15e-01	3.00e-01	3.04e-01	1.29e-01	5.92e-02	7.13e-02	7.98e-03	2.80e-04
 6.37908e+22	4.37e-22	1.45e-14	6.80e-12	3.97e-10	1.38e-06	3.23e-04	1.45e-02	1.25e-01	3.10e-01	3.02e-01	1.23e-01	5.49e-02	6.37e-02	6.80e-03	2.28e-04
 6.48465e+22	5.71e-22	1.79e-14	8.13e-12	4.55e-10	1.53e-06	3.54e-04	1.56e-02	1.32e-01	3.18e-01	3.00e-01	1.18e-01	5.17e-02	5.82e-02	5.99e-03	1.94e-04
 6.59203e+22	8.10e-22	2.38e-14	1.02e-11	5.42e-10	1.74e-06	3.96e-04	1.72e-02	1.42e-01	3.27e-01	2.97e-01	1.12e-01	4.77e-02	5.16e-02	5.05e-03	1.56e-04
 6.70148e+22	1.07e-21	2.98e-14	1.23e-11	6.24e-10	1.92e-06	4.33e-04	1.86e-02	1.50e-01	3.34e-01	2.93e-01	1.07e-01	4.46e-02	4.67e-02	4.39e-03	1.30e-04
 6.81362e+22	1.55e-21	4.01e-14	1.57e-11	7.48e-10	2.18e-06	4.85e-04	2.05e-02	1.62e-01	3.43e-01	2.88e-01	1.01e-01	4.08e-02	4.09e-02	3.65e-03	1.02e-04
 6.92798e+22	2.08e-21	5.10e-14	1.90e-11	8.66e-10	2.42e-06	5.32e-04	2.22e-02	1.72e-01	3.49e-01	2.83e-01	9.57e-02	3.78e-02	3.66e-02	3.13e-03	8.42e-05
 7.04523e+22	3.07e-21	6.99e-14	2.45e-11	1.05e-09	2.77e-06	5.98e-04	2.45e-02	1.85e-01	3.57e-01	2.76e-01	8.89e-02	3.42e-02	3.16e-02	2.55e-03	6.50e-05
 7.16369e+22	4.18e-21	8.97e-14	2.99e-11	1.22e-09	3.08e-06	6.55e-04	2.64e-02	1.96e-01	3.62e-01	2.69e-01	8.37e-02	3.15e-02	2.80e-02	2.17e-03	5.28e-05
 7.26363e+22	5.54e-21	1.13e-13	3.60e-11	1.40e-09	3.39e-06	7.12e-04	2.83e-02	2.06e-01	3.67e-01	2.63e-01	7.90e-02	2.92e-02	2.51e-02	1.86e-03	4.35e-05
 7.37222e+22	7.96e-21	1.52e-13	4.56e-11	1.68e-09	3.83e-06	7.92e-04	3.09e-02	2.20e-01	3.71e-01	2.54e-01	7.31e-02	2.64e-02	2.17e-02	1.52e-03	3.38e-05
 7.48140e+22	1.06e-20	1.93e-13	5.52e-11	1.95e-09	4.24e-06	8.62e-04	3.31e-02	2.31e-01	3.74e-01	2.47e-01	6.86e-02	2.43e-02	1.93e-02	1.30e-03	2.76e-05
 7.58799e+22	1.51e-20	2.57e-13	6.95e-11	2.32e-09	4.79e-06	9.55e-04	3.60e-02	2.45e-01	3.77e-01	2.38e-01	6.32e-02	2.20e-02	1.66e-02	1.07e-03	2.15e-05
 7.69675e+22	2.06e-20	3.31e-13	8.51e-11	2.72e-09	5.35e-06	1.04e-03	3.86e-02	2.58e-01	3.79e-01	2.29e-01	5.88e-02	2.01e-02	1.46e-02	8.95e-04	1.73e-05
 7.80344e+22	2.90e-20	4.41e-13	1.07e-10	3.25e-09	6.05e-06	1.16e-03	4.18e-02	2.72e-01	3.80e-01	2.20e-01	5.39e-02	1.81e-02	1.26e-02	7.34e-04	1.35e-05
 7.91236e+22	4.02e-20	5.77e-13	1.33e-10	3.86e-09	6.82e-06	1.27e-03	4.50e-02	2.86e-01	3.79e-01	2.10e-01	4.96e-02	1.64e-02	1.10e-02	6.08e-04	1.07e-05
 8.01985e+22	5.65e-20	7.65e-13	1.66e-10	4.62e-09	7.74e-06	1.41e-03	4.86e-02	3.01e-01	3.78e-01	2.00e-01	4.54e-02	1.48e-02	9.44e-03	4.99e-04	8.33e-06
 8.12811e+22	7.89e-20	1.01e-12	2.08e-10	5.53e-09	8.79e-06	1.55e-03	5.23e-02	3.16e-01	3.76e-01	1.90e-01	4.14e-02	1.33e-02	8.14e-03	4.09e-04	6.52e-06
 8.23513e+22	1.10e-19	1.33e-12	2.61e-10	6.63e-09	1.00e-05	1.72e-03	5.63e-02	3.31e-01	3.73e-01	1.80e-01	3.77e-02	1.19e-02	7.00e-03	3.35e-04	5.09e-06
 8.34193e+22	1.54e-19	1.76e-12	3.27e-10	7.97e-09	1.14e-05	1.90e-03	6.05e-02	3.46e-01	3.70e-01	1.70e-01	3.43e-02	1.07e-02	6.01e-03	2.74e-04	3.97e-06
 8.44892e+22	2.17e-19	2.33e-12	4.10e-10	9.62e-09	1.31e-05	2.10e-03	6.50e-02	3.62e-01	3.65e-01	1.60e-01	3.10e-02	9.58e-03	5.14e-03	2.24e-04	3.08e-06
 8.55629e+22	3.04e-19	3.08e-12	5.16e-10	1.16e-08	1.50e-05	2.33e-03	6.98e-02	3.77e-01	3.59e-01	1.51e-01	2.80e-02	8.55e-03	4.39e-03	1.82e-04	2.39e-06
 8.66420e+22	4.28e-19	4.07e-12	6.50e-10	1.41e-08	1.73e-05	2.58e-03	7.49e-02	3.92e-01	3.53e-01	1.41e-01	2.52e-02	7.61e-03	3.73e-03	1.47e-04	1.85e-06
 8.77308e+22	6.04e-19	5.39e-12	8.19e-10	1.72e-08	1.99e-05	2.86e-03	8.03e-02	4.07e-01	3.45e-01	1.32e-01	2.26e-02	6.75e-03	3.17e-03	1.19e-04	1.42e-06
 8.88316e+22	8.56e-19	7.15e-12	1.04e-09	2.09e-08	2.30e-05	3.18e-03	8.61e-02	4.22e-01	3.37e-01	1.23e-01	2.02e-02	5.97e-03	2.68e-03	9.59e-05	1.09e-06
 8.99384e+22	1.21e-18	9.44e-12	1.31e-09	2.55e-08	2.67e-05	3.53e-03	9.21e-02	4.36e-01	3.29e-01	1.14e-01	1.80e-02	5.28e-03	2.26e-03	7.72e-05	8.38e-07
 9.10629e+22	1.73e-18	1.26e-11	1.66e-09	3.13e-08	3.10e-05	3.93e-03	9.86e-02	4.50e-01	3.19e-01	1.05e-01	1.60e-02	4.64e-03	1.90e-03	6.16e-05	6.36e-07
 9.21995e+22	2.46e-18	1.65e-11	2.10e-09	3.83e-08	3.59e-05	4.36e-03	1.05e-01	4.64e-01	3.09e-01	9.71e-02	1.42e-02	4.08e-03	1.59e-03	4.93e-05	4.85e-07
 9.33592e+22	3.56e-18	2.20e-11	2.67e-09	4.73e-08	4.20e-05	4.86e-03	1.13e-01	4.77e-01	2.99e-01	8.92e-02	1.25e-02	3.55e-03	1.33e-03	3.90e-05	3.64e-07
 9.45396e+22	5.13e-18	2.91e-11	3.38e-09	5.81e-08	4.88e-05	5.40e-03	1.20e-01	4.89e-01	2.88e-01	8.19e-02	1.11e-02	3.10e-03	1.11e-03	3.09e-05	2.75e-07
 9.56211e+22	7.00e-18	3.66e-11	4.12e-09	6.90e-08	5.55e-05	5.90e-03	1.27e-01	4.99e-01	2.79e-01	7.61e-02	9.93e-03	2.76e-03	9.47e-04	2.54e-05	2.17e-07
 9.67501e+22	1.04e-17	4.90e-11	5.29e-09	8.59e-08	6.52e-05	6.59e-03	1.35e-01	5.10e-01	2.66e-01	6.91e-02	8.65e-03	2.38e-03	7.77e-04	1.97e-05	1.60e-07
 9.78989e+22	1.59e-17	6.17e-11	6.46e-09	1.02e-07	7.42e-05	7.19e-03	1.43e-01	5.19e-01	2.57e-01	6.40e-02	7.74e-03	2.11e-03	6.63e-04	1.61e-05	1.25e-07
 9.90853e+22	3.60e-16	8.27e-11	8.34e-09	1.28e-07	8.75e-05	8.05e-03	1.52e-01	5.29e-01	2.44e-01	5.77e-02	6.70e-03	1.80e-03	5.38e-04	1.24e-05	0.00e+00
 1.00273e+23	4.59e-16	1.03e-10	1.01e-08	1.52e-07	9.94e-05	8.76e-03	1.60e-01	5.35e-01	2.35e-01	5.33e-02	5.98e-03	1.60e-03	4.58e-04	1.01e-05	0.00e+00
 1.01463e+23	6.20e-16	1.38e-10	1.30e-08	1.90e-07	1.17e-04	9.77e-03	1.70e-01	5.43e-01	2.22e-01	4.80e-02	5.16e-03	1.36e-03	3.72e-04	7.77e-06	0.00e+00
 1.02659e+23	7.79e-16	1.71e-10	1.57e-08	2.25e-07	1.32e-04	1.06e-02	1.78e-01	5.48e-01	2.13e-01	4.43e-02	4.61e-03	1.20e-03	3.17e-04	6.35e-06	0.00e+00
 1.03861e+23	1.04e-15	2.25e-10	2.01e-08	2.81e-07	1.55e-04	1.18e-02	1.88e-01	5.54e-01	2.01e-01	3.98e-02	3.98e-03	1.02e-03	2.57e-04	4.88e-06	0.00e+00
 1.05076e+23	1.30e-15	2.78e-10	2.42e-08	3.32e-07	1.76e-04	1.28e-02	1.96e-01	5.57e-01	1.92e-01	3.66e-02	3.55e-03	9.03e-04	2.18e-04	3.97e-06	0.00e+00
 1.06308e+23	1.73e-15	3.64e-10	3.09e-08	4.13e-07	2.06e-04	1.42e-02	2.08e-01	5.61e-01	1.80e-01	3.28e-02	3.05e-03	7.65e-04	1.76e-04	3.03e-06	0.00e+00
 1.07557e+23	2.15e-15	4.49e-10	3.73e-08	4.89e-07	2.33e-04	1.54e-02	2.16e-01	5.63e-01	1.72e-01	3.01e-02	2.71e-03	6.72e-04	1.49e-04	2.46e-06	0.00e+00
 1.08828e+23	2.84e-15	5.88e-10	4.75e-08	6.09e-07	2.73e-04	1.70e-02	2.28e-01	5.64e-01	1.61e-01	2.68e-02	2.32e-03	5.67e-04	1.20e-04	1.87e-06	0.00e+00
 1.10123e+23	3.54e-15	7.26e-10	5.74e-08	7.23e-07	3.10e-04	1.84e-02	2.37e-01	5.64e-01	1.52e-01	2.45e-02	2.05e-03	4.95e-04	1.01e-04	1.50e-06	0.00e+00
 1.11450e+23	4.67e-15	9.50e-10	7.34e-08	9.03e-07	3.64e-04	2.04e-02	2.50e-01	5.64e-01	1.42e-01	2.18e-02	1.75e-03	4.15e-04	8.02e-05	1.13e-06	0.00e+00
 1.12807e+23	5.83e-15	1.18e-09	8.92e-08	1.08e-06	4.13e-04	2.22e-02	2.60e-01	5.62e-01	1.34e-01	1.98e-02	1.54e-03	3.60e-04	6.69e-05	9.04e-07	0.00e+00
 1.14205e+23	7.73e-15	1.55e-09	1.15e-07	1.36e-06	4.87e-04	2.46e-02	2.73e-01	5.59e-01	1.24e-01	1.75e-02	1.30e-03	2.99e-04	5.28e-05	6.72e-07	0.00e+00
 1.15628e+23	9.64e-15	1.92e-09	1.40e-07	1.62e-06	5.54e-04	2.67e-02	2.83e-01	5.56e-01	1.17e-01	1.58e-02	1.14e-03	2.59e-04	4.38e-05	5.33e-07	0.00e+00
 1.16824e+23	1.17e-14	2.31e-09	1.66e-07	1.90e-06	6.21e-04	2.86e-02	2.92e-01	5.52e-01	1.10e-01	1.45e-02	1.01e-03	2.27e-04	3.72e-05	4.34e-07	0.00e+00
 1.18118e+23	1.50e-14	2.94e-09	2.07e-07	2.33e-06	7.19e-04	3.13e-02	3.04e-01	5.47e-01	1.02e-01	1.29e-02	8.69e-04	1.92e-04	3.00e-05	3.31e-07	0.00e+00
 1.19377e+23	1.79e-14	3.49e-09	2.43e-07	2.69e-06	7.97e-04	3.34e-02	3.13e-01	5.43e-01	9.70e-02	1.19e-02	7.80e-04	1.70e-04	2.57e-05	2.73e-07	0.00e+00
 1.20591e+23	2.23e-14	4.35e-09	2.99e-07	3.25e-06	9.13e-04	3.63e-02	3.25e-01	5.36e-01	9.02e-02	1.07e-02	6.74e-04	1.44e-04	2.10e-05	2.12e-07	0.00e+00
 1.21818e+23	2.67e-14	5.15e-09	3.50e-07	3.75e-06	1.01e-03	3.87e-02	3.33e-01	5.31e-01	8.54e-02	9.83e-03	6.05e-04	1.28e-04	1.80e-05	1.75e-07	0.00e+00
 1.23063e+23	3.33e-14	6.41e-09	4.29e-07	4.53e-06	1.16e-03	4.20e-02	3.45e-01	5.24e-01	7.93e-02	8.80e-03	5.22e-04	1.09e-04	1.47e-05	1.36e-07	0.00e+00
 1.24326e+23	3.98e-14	7.61e-09	5.04e-07	5.24e-06	1.28e-03	4.47e-02	3.53e-01	5.17e-01	7.48e-02	8.09e-03	4.67e-04	9.59e-05	1.25e-05	0.00e+00	0.00e+00
 1.25614e+23	4.97e-14	9.48e-09	6.20e-07	6.35e-06	1.47e-03	4.85e-02	3.65e-01	5.08e-01	6.91e-02	7.21e-03	4.01e-04	8.11e-05	1.01e-05	0.00e+00	0.00e+00
 1.26920e+23	5.96e-14	1.13e-08	7.29e-07	7.35e-06	1.63e-03	5.16e-02	3.74e-01	5.01e-01	6.51e-02	6.61e-03	3.58e-04	7.13e-05	8.63e-06	0.00e+00	0.00e+00
 1.28251e+23	7.45e-14	1.41e-08	9.00e-07	8.94e-06	1.87e-03	5.60e-02	3.85e-01	4.91e-01	5.99e-02	5.88e-03	3.06e-04	6.01e-05	6.94e-06	0.00e+00	0.00e+00
 1.29605e+23	8.96e-14	1.68e-08	1.06e-06	1.04e-05	2.08e-03	5.96e-02	3.94e-01	4.82e-01	5.62e-02	5.37e-03	2.72e-04	5.26e-05	5.88e-06	0.00e+00	0.00e+00
 1.30993e+23	1.13e-13	2.10e-08	1.31e-06	1.27e-05	2.39e-03	6.47e-02	4.06e-01	4.71e-01	5.14e-02	4.75e-03	2.32e-04	4.40e-05	4.70e-06	0.00e+00	0.00e+00
 1.32410e+23	1.36e-13	2.52e-08	1.56e-06	1.48e-05	2.66e-03	6.89e-02	4.14e-01	4.61e-01	4.80e-02	4.32e-03	2.04e-04	3.82e-05	3.94e-06	0.00e+00	0.00e+00
 1.33867e+23	1.72e-13	3.17e-08	1.94e-06	1.81e-05	3.07e-03	7.49e-02	4.26e-01	4.49e-01	4.37e-02	3.80e-03	1.73e-04	3.18e-05	3.13e-06	0.00e+00	0.00e+00
 1.35364e+23	2.09e-13	3.82e-08	2.32e-06	2.13e-05	3.44e-03	7.99e-02	4.34e-01	4.38e-01	4.06e-02	3.44e-03	1.51e-04	2.74e-05	2.60e-06	0.00e+00	0.00e+00
 1.36915e+23	2.67e-13	4.86e-08	2.92e-06	2.63e-05	3.98e-03	8.69e-02	4.45e-01	4.24e-01	3.67e-02	3.00e-03	1.27e-04	2.25e-05	2.03e-06	0.00e+00	0.00e+00
 1.38480e+23	3.25e-13	5.86e-08	3.48e-06	3.09e-05	4.45e-03	9.25e-02	4.54e-01	4.13e-01	3.39e-02	2.71e-03	1.11e-04	1.94e-05	1.69e-06	0.00e+00	0.00e+00
 1.40062e+23	4.14e-13	7.43e-08	4.37e-06	3.83e-05	5.15e-03	1.00e-01	4.64e-01	3.98e-01	3.05e-02	2.36e-03	9.25e-05	1.59e-05	1.31e-06	0.00e+00	0.00e+00
 1.41664e+23	5.06e-13	8.98e-08	5.23e-06	4.49e-05	5.75e-03	1.07e-01	4.71e-01	3.86e-01	2.82e-02	2.13e-03	8.06e-05	1.37e-05	1.09e-06	0.00e+00	0.00e+00
 1.43292e+23	6.46e-13	1.14e-07	6.58e-06	5.56e-05	6.65e-03	1.16e-01	4.80e-01	3.70e-01	2.52e-02	1.85e-03	6.69e-05	1.11e-05	8.41e-07	0.00e+00	0.00e+00
 1.44947e+23	7.94e-13	1.38e-07	7.88e-06	6.54e-05	7.43e-03	1.23e-01	4.86e-01	3.58e-01	2.32e-02	1.66e-03	5.80e-05	9.52e-06	6.91e-07	0.00e+00	0.00e+00
 1.46411e+23	9.61e-13	1.67e-07	9.44e-06	7.72e-05	8.32e-03	1.31e-01	4.93e-01	3.46e-01	2.12e-02	1.48e-03	5.00e-05	8.09e-06	5.64e-07	0.00e+00	0.00e+00
 1.48091e+23	1.23e-12	2.12e-07	1.19e-05	9.52e-05	9.58e-03	1.41e-01	4.99e-01	3.30e-01	1.89e-02	1.28e-03	4.15e-05	6.59e-06	4.36e-07	0.00e+00	0.00e+00
 1.49799e+23	1.50e-12	2.57e-07	1.43e-05	1.13e-04	1.08e-02	1.50e-01	5.04e-01	3.17e-01	1.71e-02	1.14e-03	3.55e-05	5.56e-06	3.53e-07	0.00e+00	0.00e+00
 1.51179e+23	1.79e-12	3.03e-07	1.67e-05	1.30e-04	1.18e-02	1.58e-01	5.08e-01	3.06e-01	1.58e-02	1.03e-03	3.12e-05	4.83e-06	2.96e-07	0.00e+00	0.00e+00
 1.52611e+23	2.19e-12	3.67e-07	2.00e-05	1.53e-04	1.32e-02	1.67e-01	5.11e-01	2.93e-01	1.44e-02	9.19e-04	2.68e-05	4.09e-06	2.40e-07	0.00e+00	0.00e+00
 1.54117e+23	2.62e-12	4.35e-07	2.35e-05	1.78e-04	1.46e-02	1.75e-01	5.14e-01	2.82e-01	1.32e-02	8.26e-04	2.33e-05	3.52e-06	1.99e-07	0.00e+00	0.00e+00
 1.55501e+23	3.12e-12	5.14e-07	2.76e-05	2.05e-04	1.60e-02	1.84e-01	5.16e-01	2.71e-01	1.21e-02	7.44e-04	2.03e-05	3.03e-06	1.65e-07	0.00e+00	0.00e+00
 1.57077e+23	3.90e-12	6.34e-07	3.36e-05	2.46e-04	1.80e-02	1.95e-01	5.18e-01	2.57e-01	1.08e-02	6.53e-04	1.71e-05	2.51e-06	1.31e-07	0.00e+00	0.00e+00
 1.58698e+23	4.69e-12	7.60e-07	4.00e-05	2.88e-04	2.00e-02	2.06e-01	5.18e-01	2.45e-01	9.77e-03	5.79e-04	1.46e-05	2.12e-06	0.00e+00	0.00e+00	0.00e+00
 1.60123e+23	5.60e-12	8.98e-07	4.68e-05	3.33e-04	2.20e-02	2.15e-01	5.18e-01	2.35e-01	8.92e-03	5.20e-04	1.27e-05	1.83e-06	0.00e+00	0.00e+00	0.00e+00
 1.61723e+23	6.98e-12	1.10e-06	5.69e-05	3.97e-04	2.46e-02	2.27e-01	5.17e-01	2.22e-01	7.95e-03	4.55e-04	1.06e-05	1.51e-06	0.00e+00	0.00e+00	0.00e+00
 1.63396e+23	8.44e-12	1.33e-06	6.79e-05	4.67e-04	2.74e-02	2.39e-01	5.16e-01	2.10e-01	7.13e-03	4.01e-04	9.01e-06	1.27e-06	0.00e+00	0.00e+00	0.00e+00
 1.64906e+23	1.01e-11	1.58e-06	7.99e-05	5.40e-04	3.01e-02	2.49e-01	5.13e-01	2.00e-01	6.46e-03	3.58e-04	7.75e-06	1.08e-06	0.00e+00	0.00e+00	0.00e+00
 1.66610e+23	1.28e-11	1.96e-06	9.79e-05	6.48e-04	3.38e-02	2.63e-01	5.10e-01	1.87e-01	5.69e-03	3.09e-04	6.41e-06	8.81e-07	0.00e+00	0.00e+00	0.00e+00
 1.68372e+23	1.55e-11	2.36e-06	1.17e-04	7.62e-04	3.74e-02	2.75e-01	5.05e-01	1.76e-01	5.07e-03	2.71e-04	5.39e-06	7.34e-07	0.00e+00	0.00e+00	0.00e+00
 1.69945e+23	1.87e-11	2.82e-06	1.38e-04	8.85e-04	4.11e-02	2.87e-01	5.00e-01	1.66e-01	4.55e-03	2.40e-04	4.59e-06	6.18e-07	0.00e+00	0.00e+00	0.00e+00
 1.71724e+23	2.37e-11	3.52e-06	1.70e-04	1.07e-03	4.63e-02	3.01e-01	4.93e-01	1.54e-01	3.95e-03	2.05e-04	3.73e-06	4.97e-07	0.00e+00	0.00e+00	0.00e+00
 1.73563e+23	2.88e-11	4.25e-06	2.03e-04	1.26e-03	5.11e-02	3.14e-01	4.86e-01	1.44e-01	3.50e-03	1.79e-04	3.12e-06	4.11e-07	0.00e+00	0.00e+00	0.00e+00
 1.75478e+23	3.70e-11	5.37e-06	2.53e-04	1.53e-03	5.77e-02	3.29e-01	4.76e-01	1.32e-01	3.00e-03	1.50e-04	2.49e-06	3.25e-07	0.00e+00	0.00e+00	0.00e+00
 1.77428e+23	4.54e-11	6.52e-06	3.04e-04	1.80e-03	6.38e-02	3.42e-01	4.67e-01	1.22e-01	2.63e-03	1.30e-04	2.06e-06	2.66e-07	0.00e+00	0.00e+00	0.00e+00
 1.79152e+23	5.52e-11	7.85e-06	3.61e-04	2.11e-03	7.01e-02	3.54e-01	4.57e-01	1.13e-01	2.31e-03	1.13e-04	1.71e-06	2.19e-07	0.00e+00	0.00e+00	0.00e+00
 1.81124e+23	7.08e-11	9.94e-06	4.50e-04	2.57e-03	7.89e-02	3.70e-01	4.44e-01	1.03e-01	1.96e-03	9.39e-05	1.35e-06	1.71e-07	0.00e+00	0.00e+00	0.00e+00
 1.83129e+23	8.63e-11	1.20e-05	5.39e-04	3.03e-03	8.69e-02	3.82e-01	4.31e-01	9.44e-02	1.70e-03	8.03e-05	1.10e-06	1.38e-07	0.00e+00	0.00e+00	0.00e+00
 1.84905e+23	1.06e-10	1.45e-05	6.41e-04	3.53e-03	9.51e-02	3.93e-01	4.19e-01	8.69e-02	1.48e-03	6.92e-05	9.06e-07	0.00e+00	0.00e+00	0.00e+00	0.00e+00
 1.86944e+23	1.36e-10	1.85e-05	8.00e-04	4.31e-03	1.07e-01	4.07e-01	4.02e-01	7.77e-02	1.24e-03	5.68e-05	7.01e-07	0.00e+00	0.00e+00	0.00e+00	0.00e+00
 1.89012e+23	1.66e-10	2.23e-05	9.54e-04	5.07e-03	1.17e-01	4.17e-01	3.88e-01	7.06e-02	1.06e-03	4.81e-05	5.67e-07	0.00e+00	0.00e+00	0.00e+00	0.00e+00
 1.91116e+23	2.15e-10	2.85e-05	1.19e-03	6.16e-03	1.30e-01	4.29e-01	3.70e-01	6.26e-02	8.80e-04	3.92e-05	4.36e-07	0.00e+00	0.00e+00	0.00e+00	0.00e+00
 1.93261e+23	2.66e-10	3.48e-05	1.43e-03	7.25e-03	1.43e-01	4.38e-01	3.54e-01	5.64e-02	7.47e-04	3.29e-05	3.48e-07	0.00e+00	0.00e+00	0.00e+00	0.00e+00
 1.95167e+23	3.25e-10	4.21e-05	1.70e-03	8.49e-03	1.55e-01	4.45e-01	3.37e-01	5.07e-02	6.35e-04	2.76e-05	2.78e-07	0.00e+00	0.00e+00	0.00e+00	0.00e+00
 1.97354e+23	4.25e-10	5.40e-05	2.12e-03	1.03e-02	1.73e-01	4.53e-01	3.17e-01	4.42e-02	5.16e-04	2.21e-05	2.09e-07	0.00e+00	0.00e+00	0.00e+00	0.00e+00
 1.99577e+23	5.25e-10	6.59e-05	2.54e-03	1.21e-02	1.87e-01	4.58e-01	3.00e-01	3.93e-02	4.33e-04	1.83e-05	1.64e-07	0.00e+00	0.00e+00	0.00e+00	0.00e+00
 2.01848e+23	6.90e-10	8.50e-05	3.18e-03	1.48e-02	2.08e-01	4.63e-01	2.78e-01	3.37e-02	3.46e-04	1.43e-05	1.21e-07	0.00e+00	0.00e+00	0.00e+00	0.00e+00
 2.04066e+23	8.42e-10	1.02e-04	3.75e-03	1.70e-02	2.23e-01	4.64e-01	2.62e-01	2.99e-02	2.92e-04	1.19e-05	0.00e+00	0.00e+00	0.00e+00	0.00e+00	0.00e+00
 2.06212e+23	1.08e-09	1.30e-04	4.61e-03	2.04e-02	2.44e-01	4.64e-01	2.41e-01	2.56e-02	2.33e-04	9.40e-06	0.00e+00	0.00e+00	0.00e+00	0.00e+00	0.00e+00
 2.08290e+23	1.31e-09	1.54e-04	5.34e-03	2.32e-02	2.59e-01	4.63e-01	2.27e-01	2.28e-02	1.99e-04	7.90e-06	0.00e+00	0.00e+00	0.00e+00	0.00e+00	0.00e+00
 2.10279e+23	1.65e-09	1.90e-04	6.42e-03	2.71e-02	2.78e-01	4.59e-01	2.09e-01	1.97e-02	1.62e-04	6.32e-06	0.00e+00	0.00e+00	0.00e+00	0.00e+00	0.00e+00
 2.12301e+23	2.00e-09	2.27e-04	7.46e-03	3.08e-02	2.95e-01	4.55e-01	1.95e-01	1.73e-02	1.36e-04	5.23e-06	0.00e+00	0.00e+00	0.00e+00	0.00e+00	0.00e+00
 2.14084e+23	2.41e-09	2.69e-04	8.61e-03	3.48e-02	3.11e-01	4.49e-01	1.81e-01	1.53e-02	1.14e-04	4.35e-06	0.00e+00	0.00e+00	0.00e+00	0.00e+00	0.00e+00
 2.16120e+23	3.06e-09	3.34e-04	1.03e-02	4.05e-02	3.31e-01	4.40e-01	1.64e-01	1.29e-02	9.15e-05	3.42e-06	0.00e+00	0.00e+00	0.00e+00	0.00e+00	0.00e+00
 2.18195e+23	3.72e-09	3.99e-04	1.20e-02	4.58e-02	3.48e-01	4.31e-01	1.51e-01	1.12e-02	7.58e-05	2.79e-06	0.00e+00	0.00e+00	0.00e+00	0.00e+00	0.00e+00
 2.20320e+23	4.77e-09	4.98e-04	1.43e-02	5.32e-02	3.69e-01	4.18e-01	1.35e-01	9.37e-03	5.97e-05	2.15e-06	0.00e+00	0.00e+00	0.00e+00	0.00e+00	0.00e+00
 2.22462e+23	5.83e-09	5.95e-04	1.66e-02	5.99e-02	3.85e-01	4.07e-01	1.23e-01	8.05e-03	4.90e-05	1.74e-06	0.00e+00	0.00e+00	0.00e+00	0.00e+00	0.00e+00
 2.24343e+23	7.11e-09	7.08e-04	1.91e-02	6.69e-02	4.01e-01	3.94e-01	1.12e-01	6.93e-03	4.04e-05	1.41e-06	0.00e+00	0.00e+00	0.00e+00	0.00e+00	0.00e+00
 2.26506e+23	9.11e-09	8.85e-04	2.28e-02	7.73e-02	4.20e-01	3.76e-01	9.79e-02	5.63e-03	3.10e-05	1.06e-06	0.00e+00	0.00e+00	0.00e+00	0.00e+00	0.00e+00
 2.28499e+23	1.08e-08	1.02e-03	2.55e-02	8.42e-02	4.31e-01	3.64e-01	8.98e-02	4.94e-03	2.62e-05	8.81e-07	0.00e+00	0.00e+00	0.00e+00	0.00e+00	0.00e+00
 2.30271e+23	1.32e-08	1.22e-03	2.93e-02	9.39e-02	4.44e-01	3.47e-01	8.01e-02	4.15e-03	2.11e-05	6.95e-07	0.00e+00	0.00e+00	0.00e+00	0.00e+00	0.00e+00
 2.32090e+23	1.57e-08	1.41e-03	3.28e-02	1.02e-01	4.54e-01	3.33e-01	7.27e-02	3.59e-03	1.76e-05	5.72e-07	0.00e+00	0.00e+00	0.00e+00	0.00e+00	0.00e+00
 2.33969e+23	1.93e-08	1.69e-03	3.77e-02	1.13e-01	4.65e-01	3.15e-01	6.41e-02	2.98e-03	1.40e-05	4.45e-07	0.00e+00	0.00e+00	0.00e+00	0.00e+00	0.00e+00
 2.35870e+23	2.30e-08	1.97e-03	4.23e-02	1.23e-01	4.73e-01	3.00e-01	5.74e-02	2.54e-03	1.15e-05	3.58e-07	0.00e+00	0.00e+00	0.00e+00	0.00e+00	0.00e+00
 2.37517e+23	2.72e-08	2.27e-03	4.69e-02	1.33e-01	4.79e-01	2.85e-01	5.16e-02	2.18e-03	9.56e-06	2.92e-07	0.00e+00	0.00e+00	0.00e+00	0.00e+00	0.00e+00
 2.39374e+23	3.34e-08	2.70e-03	5.34e-02	1.46e-01	4.85e-01	2.67e-01	4.49e-02	1.79e-03	7.54e-06	2.25e-07	0.00e+00	0.00e+00	0.00e+00	0.00e+00	0.00e+00
 2.41276e+23	3.97e-08	3.13e-03	5.94e-02	1.57e-01	4.88e-01	2.51e-01	3.97e-02	1.51e-03	6.13e-06	1.79e-07	0.00e+00	0.00e+00	0.00e+00	0.00e+00	0.00e+00
 2.42965e+23	4.70e-08	3.60e-03	6.58e-02	1.69e-01	4.90e-01	2.36e-01	3.53e-02	1.27e-03	5.03e-06	1.44e-07	0.00e+00	0.00e+00	0.00e+00	0.00e+00	0.00e+00
 2.44889e+23	5.80e-08	4.28e-03	7.45e-02	1.83e-01	4.90e-01	2.17e-01	3.01e-02	1.02e-03	3.88e-06	0.00e+00	0.00e+00	0.00e+00	0.00e+00	0.00e+00	0.00e+00
 2.46845e+23	6.90e-08	4.95e-03	8.24e-02	1.96e-01	4.88e-01	2.01e-01	2.63e-02	8.49e-04	3.12e-06	0.00e+00	0.00e+00	0.00e+00	0.00e+00	0.00e+00	0.00e+00
 2.48572e+23	8.17e-08	5.67e-03	9.06e-02	2.08e-01	4.85e-01	1.87e-01	2.29e-02	7.07e-04	2.52e-06	0.00e+00	0.00e+00	0.00e+00	0.00e+00	0.00e+00	0.00e+00
 2.50546e+23	1.01e-07	6.72e-03	1.02e-01	2.23e-01	4.79e-01	1.69e-01	1.92e-02	5.58e-04	1.91e-06	0.00e+00	0.00e+00	0.00e+00	0.00e+00	0.00e+00	0.00e+00
 2.52558e+23	1.20e-07	7.74e-03	1.12e-01	2.36e-01	4.72e-01	1.55e-01	1.65e-02	4.55e-04	1.51e-06	0.00e+00	0.00e+00	0.00e+00	0.00e+00	0.00e+00	0.00e+00
 2.54345e+23	1.42e-07	8.85e-03	1.22e-01	2.49e-01	4.64e-01	1.42e-01	1.42e-02	3.72e-04	1.20e-06	0.00e+00	0.00e+00	0.00e+00	0.00e+00	0.00e+00	0.00e+00
 2.56394e+23	1.75e-07	1.05e-02	1.36e-01	2.64e-01	4.52e-01	1.26e-01	1.16e-02	2.86e-04	8.89e-07	0.00e+00	0.00e+00	0.00e+00	0.00e+00	0.00e+00	0.00e+00
 2.58484e+23	2.08e-07	1.20e-02	1.49e-01	2.77e-01	4.40e-01	1.13e-01	9.75e-03	2.29e-04	6.89e-07	0.00e+00	0.00e+00	0.00e+00	0.00e+00	0.00e+00	0.00e+00
 2.60625e+23	2.58e-07	1.42e-02	1.65e-01	2.92e-01	4.22e-01	9.85e-02	7.79e-03	1.72e-04	4.97e-07	0.00e+00	0.00e+00	0.00e+00	0.00e+00	0.00e+00	0.00e+00
 2.62787e+23	3.07e-07	1.63e-02	1.79e-01	3.03e-01	4.07e-01	8.77e-02	6.47e-03	1.35e-04	3.81e-07	0.00e+00	0.00e+00	0.00e+00	0.00e+00	0.00e+00	0.00e+00
 2.64975e+23	3.78e-07	1.91e-02	1.97e-01	3.16e-01	3.87e-01	7.55e-02	5.11e-03	1.00e-04	2.72e-07	0.00e+00	0.00e+00	0.00e+00	0.00e+00	0.00e+00	0.00e+00
 2.67219e+23	4.53e-07	2.19e-02	2.13e-01	3.26e-01	3.69e-01	6.60e-02	4.15e-03	7.72e-05	2.03e-07	0.00e+00	0.00e+00	0.00e+00	0.00e+00	0.00e+00	0.00e+00
 2.69207e+23	5.35e-07	2.49e-02	2.28e-01	3.34e-01	3.52e-01	5.79e-02	3.39e-03	6.01e-05	1.53e-07	0.00e+00	0.00e+00	0.00e+00	0.00e+00	0.00e+00	0.00e+00
 2.71465e+23	6.60e-07	2.91e-02	2.48e-01	3.43e-01	3.28e-01	4.86e-02	2.59e-03	4.31e-05	0.00e+00	0.00e+00	0.00e+00	0.00e+00	0.00e+00	0.00e+00	0.00e+00
 2.73447e+23	7.47e-07	3.19e-02	2.60e-01	3.47e-01	3.14e-01	4.37e-02	2.21e-03	3.55e-05	0.00e+00	0.00e+00	0.00e+00	0.00e+00	0.00e+00	0.00e+00	0.00e+00
 2.75073e+23	8.63e-07	3.55e-02	2.75e-01	3.52e-01	2.98e-01	3.84e-02	1.82e-03	2.79e-05	0.00e+00	0.00e+00	0.00e+00	0.00e+00	0.00e+00	0.00e+00	0.00e+00
 2.76763e+23	9.78e-07	3.89e-02	2.87e-01	3.55e-01	2.83e-01	3.41e-02	1.53e-03	2.26e-05	0.00e+00	0.00e+00	0.00e+00	0.00e+00	0.00e+00	0.00e+00	0.00e+00
 2.78300e+23	1.10e-06	4.24e-02	3.00e-01	3.57e-01	2.70e-01	3.05e-02	1.30e-03	1.85e-05	0.00e+00	0.00e+00	0.00e+00	0.00e+00	0.00e+00	0.00e+00	0.00e+00
 2.80059e+23	1.28e-06	4.73e-02	3.15e-01	3.59e-01	2.52e-01	2.62e-02	1.04e-03	1.41e-05	0.00e+00	0.00e+00	0.00e+00	0.00e+00	0.00e+00	0.00e+00	0.00e+00
 2.81844e+23	1.45e-06	5.17e-02	3.28e-01	3.59e-01	2.38e-01	2.30e-02	8.62e-04	1.13e-05	0.00e+00	0.00e+00	0.00e+00	0.00e+00	0.00e+00	0.00e+00	0.00e+00
 2.83419e+23	1.64e-06	5.63e-02	3.40e-01	3.59e-01	2.24e-01	2.03e-02	7.18e-04	9.07e-06	0.00e+00	0.00e+00	0.00e+00	0.00e+00	0.00e+00	0.00e+00	0.00e+00
 2.85220e+23	1.89e-06	6.24e-02	3.55e-01	3.57e-01	2.08e-01	1.73e-02	5.69e-04	6.87e-06	0.00e+00	0.00e+00	0.00e+00	0.00e+00	0.00e+00	0.00e+00	0.00e+00
 2.87075e+23	2.15e-06	6.82e-02	3.67e-01	3.55e-01	1.94e-01	1.50e-02	4.65e-04	5.40e-06	0.00e+00	0.00e+00	0.00e+00	0.00e+00	0.00e+00	0.00e+00	0.00e+00
 2.88731e+23	2.44e-06	7.44e-02	3.79e-01	3.52e-01	1.81e-01	1.30e-02	3.80e-04	4.25e-06	0.00e+00	0.00e+00	0.00e+00	0.00e+00	0.00e+00	0.00e+00	0.00e+00
 2.90616e+23	2.84e-06	8.26e-02	3.93e-01	3.48e-01	1.66e-01	1.09e-02	2.94e-04	3.13e-06	0.00e+00	0.00e+00	0.00e+00	0.00e+00	0.00e+00	0.00e+00	0.00e+00
 2.92535e+23	3.21e-06	8.98e-02	4.04e-01	3.43e-01	1.54e-01	9.35e-03	2.38e-04	2.45e-06	0.00e+00	0.00e+00	0.00e+00	0.00e+00	0.00e+00	0.00e+00	0.00e+00
 2.94498e+23	3.74e-06	9.96e-02	4.17e-01	3.36e-01	1.39e-01	7.70e-03	1.81e-04	1.78e-06	0.00e+00	0.00e+00	0.00e+00	0.00e+00	0.00e+00	0.00e+00	0.00e+00
 2.96507e+23	4.25e-06	1.08e-01	4.27e-01	3.30e-01	1.28e-01	6.53e-03	1.44e-04	1.36e-06	0.00e+00	0.00e+00	0.00e+00	0.00e+00	0.00e+00	0.00e+00	0.00e+00
 2.98575e+23	4.97e-06	1.20e-01	4.39e-01	3.21e-01	1.15e-01	5.30e-03	1.08e-04	9.73e-07	0.00e+00	0.00e+00	0.00e+00	0.00e+00	0.00e+00	0.00e+00	0.00e+00
 3.00691e+23	5.66e-06	1.31e-01	4.48e-01	3.12e-01	1.05e-01	4.44e-03	8.48e-05	7.32e-07	0.00e+00	0.00e+00	0.00e+00	0.00e+00	0.00e+00	0.00e+00	0.00e+00
 3.02578e+23	6.41e-06	1.42e-01	4.55e-01	3.04e-01	9.53e-02	3.73e-03	6.68e-05	5.54e-07	0.00e+00	0.00e+00	0.00e+00	0.00e+00	0.00e+00	0.00e+00	0.00e+00
 3.04738e+23	7.46e-06	1.56e-01	4.63e-01	2.93e-01	8.45e-02	2.98e-03	4.93e-05	3.90e-07	0.00e+00	0.00e+00	0.00e+00	0.00e+00	0.00e+00	0.00e+00	0.00e+00
 3.06964e+23	8.53e-06	1.70e-01	4.69e-01	2.83e-01	7.60e-02	2.45e-03	3.79e-05	2.87e-07	0.00e+00	0.00e+00	0.00e+00	0.00e+00	0.00e+00	0.00e+00	0.00e+00
 3.08268e+23	8.90e-06	1.75e-01	4.70e-01	2.79e-01	7.34e-02	2.30e-03	3.48e-05	2.60e-07	0.00e+00	0.00e+00	0.00e+00	0.00e+00	0.00e+00	0.00e+00	0.00e+00
