#depth	Ne	Ne+	Ne+2	Ne+3	Ne+4	Ne+5	Ne+6	Ne+7	Ne+8	Ne+9	Ne+10
 1.54284e+22	1.91e-20	1.53e-15	7.39e-12	5.34e-09	1.06e-06	4.86e-05	6.50e-04	4.98e-03	1.62e-01	4.72e-01	3.61e-01
 3.44762e+22	2.77e-19	1.74e-14	6.49e-11	3.55e-08	5.52e-06	1.97e-04	1.95e-03	1.04e-02	2.37e-01	4.87e-01	2.63e-01
 3.99052e+22	8.36e-19	4.78e-14	1.60e-10	7.81e-08	1.10e-05	3.51e-04	3.06e-03	1.41e-02	2.75e-01	4.83e-01	2.24e-01
 4.26198e+22	1.41e-18	7.70e-14	2.45e-10	1.13e-07	1.51e-05	4.60e-04	3.77e-03	1.62e-02	2.94e-01	4.79e-01	2.07e-01
 4.38446e+22	1.69e-18	9.10e-14	2.85e-10	1.29e-07	1.69e-05	5.06e-04	4.06e-03	1.70e-02	3.00e-01	4.77e-01	2.01e-01
 4.45804e+22	2.12e-18	1.12e-13	3.43e-10	1.52e-07	1.95e-05	5.68e-04	4.44e-03	1.80e-02	3.09e-01	4.75e-01	1.93e-01
 4.54001e+22	2.63e-18	1.36e-13	4.08e-10	1.76e-07	2.22e-05	6.33e-04	4.83e-03	1.90e-02	3.16e-01	4.72e-01	1.87e-01
 4.63289e+22	3.46e-18	1.75e-13	5.12e-10	2.15e-07	2.63e-05	7.30e-04	5.39e-03	2.04e-02	3.27e-01	4.69e-01	1.78e-01
 4.72833e+22	4.36e-18	2.16e-13	6.18e-10	2.53e-07	3.03e-05	8.22e-04	5.90e-03	2.16e-02	3.35e-01	4.65e-01	1.71e-01
 4.82712e+22	5.79e-18	2.80e-13	7.79e-10	3.10e-07	3.61e-05	9.49e-04	6.59e-03	2.32e-02	3.46e-01	4.61e-01	1.63e-01
 4.92798e+22	7.33e-18	3.47e-13	9.44e-10	3.66e-07	4.17e-05	1.07e-03	7.22e-03	2.46e-02	3.55e-01	4.56e-01	1.56e-01
 5.01776e+22	9.17e-18	4.26e-13	1.13e-09	4.28e-07	4.77e-05	1.20e-03	7.86e-03	2.60e-02	3.63e-01	4.52e-01	1.49e-01
 5.12068e+22	1.23e-17	5.56e-13	1.44e-09	5.28e-07	5.72e-05	1.39e-03	8.82e-03	2.80e-02	3.75e-01	4.46e-01	1.41e-01
 5.22460e+22	1.54e-17	6.83e-13	1.73e-09	6.19e-07	6.55e-05	1.55e-03	9.60e-03	2.96e-02	3.83e-01	4.41e-01	1.35e-01
 5.32982e+22	2.06e-17	8.92e-13	2.20e-09	7.62e-07	7.84e-05	1.81e-03	1.08e-02	3.18e-02	3.94e-01	4.34e-01	1.27e-01
 5.43668e+22	2.59e-17	1.10e-12	2.65e-09	8.95e-07	9.00e-05	2.02e-03	1.17e-02	3.36e-02	4.03e-01	4.29e-01	1.21e-01
 5.54568e+22	3.47e-17	1.44e-12	3.38e-09	1.11e-06	1.08e-04	2.36e-03	1.32e-02	3.61e-02	4.14e-01	4.20e-01	1.13e-01
 5.65563e+22	4.36e-17	1.77e-12	4.08e-09	1.30e-06	1.24e-04	2.65e-03	1.44e-02	3.82e-02	4.23e-01	4.14e-01	1.08e-01
 5.76681e+22	5.83e-17	2.32e-12	5.19e-09	1.61e-06	1.49e-04	3.08e-03	1.61e-02	4.10e-02	4.34e-01	4.05e-01	1.00e-01
 5.87235e+22	7.10e-17	2.78e-12	6.11e-09	1.85e-06	1.69e-04	3.41e-03	1.74e-02	4.30e-02	4.41e-01	3.99e-01	9.58e-02
 5.97053e+22	9.10e-17	3.50e-12	7.53e-09	2.23e-06	1.98e-04	3.89e-03	1.93e-02	4.58e-02	4.51e-01	3.90e-01	8.98e-02
 6.07028e+22	1.11e-16	4.20e-12	8.88e-09	2.57e-06	2.24e-04	4.31e-03	2.08e-02	4.81e-02	4.58e-01	3.83e-01	8.53e-02
 6.17206e+22	1.42e-16	5.29e-12	1.10e-08	3.09e-06	2.64e-04	4.94e-03	2.31e-02	5.13e-02	4.68e-01	3.73e-01	7.94e-02
 6.27489e+22	1.73e-16	6.34e-12	1.29e-08	3.57e-06	2.99e-04	5.49e-03	2.50e-02	5.38e-02	4.75e-01	3.66e-01	7.51e-02
 6.37908e+22	2.20e-16	7.97e-12	1.59e-08	4.30e-06	3.52e-04	6.30e-03	2.78e-02	5.74e-02	4.83e-01	3.55e-01	6.96e-02
 6.48465e+22	2.66e-16	9.53e-12	1.88e-08	4.96e-06	3.99e-04	7.00e-03	3.01e-02	6.02e-02	4.90e-01	3.47e-01	6.55e-02
 6.59203e+22	3.37e-16	1.19e-11	2.31e-08	5.97e-06	4.70e-04	8.03e-03	3.34e-02	6.42e-02	4.98e-01	3.35e-01	6.03e-02
 6.70148e+22	4.06e-16	1.42e-11	2.73e-08	6.90e-06	5.35e-04	8.96e-03	3.63e-02	6.75e-02	5.04e-01	3.26e-01	5.63e-02
 6.81362e+22	5.10e-16	1.78e-11	3.35e-08	8.30e-06	6.31e-04	1.03e-02	4.04e-02	7.21e-02	5.12e-01	3.14e-01	5.14e-02
 6.92798e+22	6.10e-16	2.11e-11	3.95e-08	9.61e-06	7.19e-04	1.15e-02	4.39e-02	7.59e-02	5.17e-01	3.04e-01	4.77e-02
 7.04523e+22	7.56e-16	2.61e-11	4.84e-08	1.15e-05	8.49e-04	1.33e-02	4.89e-02	8.10e-02	5.23e-01	2.90e-01	4.31e-02
 7.16369e+22	8.90e-16	3.07e-11	5.66e-08	1.33e-05	9.66e-04	1.49e-02	5.32e-02	8.52e-02	5.27e-01	2.79e-01	3.97e-02
 7.26363e+22	1.02e-15	3.53e-11	6.50e-08	1.51e-05	1.08e-03	1.64e-02	5.74e-02	8.91e-02	5.30e-01	2.69e-01	3.67e-02
 7.37222e+22	1.20e-15	4.19e-11	7.68e-08	1.76e-05	1.25e-03	1.86e-02	6.31e-02	9.43e-02	5.33e-01	2.57e-01	3.32e-02
 7.48140e+22	1.36e-15	4.76e-11	8.75e-08	1.99e-05	1.40e-03	2.05e-02	6.78e-02	9.85e-02	5.34e-01	2.47e-01	3.06e-02
 7.58799e+22	1.55e-15	5.50e-11	1.01e-07	2.28e-05	1.59e-03	2.30e-02	7.39e-02	1.04e-01	5.36e-01	2.35e-01	2.76e-02
 7.69675e+22	1.73e-15	6.19e-11	1.15e-07	2.57e-05	1.78e-03	2.53e-02	7.95e-02	1.08e-01	5.36e-01	2.24e-01	2.52e-02
 7.80344e+22	1.92e-15	6.99e-11	1.31e-07	2.91e-05	2.01e-03	2.81e-02	8.60e-02	1.14e-01	5.35e-01	2.13e-01	2.28e-02
 7.91236e+22	2.09e-15	7.79e-11	1.47e-07	3.27e-05	2.24e-03	3.09e-02	9.24e-02	1.18e-01	5.33e-01	2.02e-01	2.06e-02
 8.01985e+22	2.27e-15	8.63e-11	1.66e-07	3.66e-05	2.51e-03	3.41e-02	9.92e-02	1.24e-01	5.31e-01	1.91e-01	1.86e-02
 8.12811e+22	2.43e-15	9.48e-11	1.85e-07	4.09e-05	2.79e-03	3.74e-02	1.06e-01	1.29e-01	5.27e-01	1.81e-01	1.68e-02
 8.23513e+22	2.57e-15	1.03e-10	2.05e-07	4.54e-05	3.09e-03	4.10e-02	1.13e-01	1.34e-01	5.23e-01	1.71e-01	1.51e-02
 8.34193e+22	2.71e-15	1.12e-10	2.27e-07	5.04e-05	3.42e-03	4.47e-02	1.21e-01	1.39e-01	5.18e-01	1.61e-01	1.36e-02
 8.44892e+22	2.82e-15	1.21e-10	2.50e-07	5.58e-05	3.78e-03	4.87e-02	1.28e-01	1.44e-01	5.12e-01	1.52e-01	1.22e-02
 8.55629e+22	2.93e-15	1.30e-10	2.76e-07	6.17e-05	4.18e-03	5.29e-02	1.36e-01	1.48e-01	5.05e-01	1.43e-01	1.09e-02
 8.66420e+22	3.02e-15	1.40e-10	3.03e-07	6.82e-05	4.60e-03	5.75e-02	1.43e-01	1.53e-01	4.98e-01	1.34e-01	9.74e-03
 8.77308e+22	3.10e-15	1.49e-10	3.33e-07	7.53e-05	5.07e-03	6.23e-02	1.51e-01	1.58e-01	4.89e-01	1.25e-01	8.68e-03
 8.88316e+22	3.18e-15	1.60e-10	3.67e-07	8.34e-05	5.59e-03	6.74e-02	1.59e-01	1.62e-01	4.80e-01	1.17e-01	7.73e-03
 8.99384e+22	3.25e-15	1.71e-10	4.04e-07	9.23e-05	6.16e-03	7.28e-02	1.67e-01	1.67e-01	4.71e-01	1.09e-01	6.87e-03
 9.10629e+22	3.31e-15	1.83e-10	4.46e-07	1.02e-04	6.79e-03	7.87e-02	1.75e-01	1.71e-01	4.60e-01	1.02e-01	6.07e-03
 9.21995e+22	3.38e-15	1.96e-10	4.92e-07	1.14e-04	7.48e-03	8.49e-02	1.83e-01	1.75e-01	4.49e-01	9.44e-02	5.38e-03
 9.33592e+22	3.46e-15	2.11e-10	5.48e-07	1.27e-04	8.28e-03	9.16e-02	1.92e-01	1.79e-01	4.37e-01	8.73e-02	4.72e-03
 9.45396e+22	3.54e-15	2.27e-10	6.10e-07	1.42e-04	9.14e-03	9.87e-02	2.00e-01	1.82e-01	4.25e-01	8.07e-02	4.15e-03
 9.56211e+22	3.63e-15	2.43e-10	6.69e-07	1.56e-04	9.94e-03	1.05e-01	2.06e-01	1.85e-01	4.14e-01	7.54e-02	3.72e-03
 9.67501e+22	3.73e-15	2.65e-10	7.54e-07	1.77e-04	1.11e-02	1.13e-01	2.15e-01	1.88e-01	4.00e-01	6.90e-02	3.23e-03
 9.78989e+22	3.86e-15	2.86e-10	8.36e-07	1.96e-04	1.20e-02	1.20e-01	2.21e-01	1.90e-01	3.89e-01	6.42e-02	2.88e-03
 9.90853e+22	4.04e-15	3.17e-10	9.57e-07	2.24e-04	1.35e-02	1.30e-01	2.29e-01	1.93e-01	3.74e-01	5.84e-02	2.48e-03
 1.00273e+23	4.22e-15	3.45e-10	1.07e-06	2.48e-04	1.47e-02	1.38e-01	2.36e-01	1.94e-01	3.62e-01	5.41e-02	2.20e-03
 1.01463e+23	4.45e-15	3.85e-10	1.23e-06	2.84e-04	1.64e-02	1.48e-01	2.43e-01	1.96e-01	3.46e-01	4.90e-02	1.89e-03
 1.02659e+23	4.72e-15	4.24e-10	1.38e-06	3.17e-04	1.78e-02	1.56e-01	2.49e-01	1.96e-01	3.34e-01	4.53e-02	1.68e-03
 1.03861e+23	5.08e-15	4.81e-10	1.60e-06	3.64e-04	1.99e-02	1.68e-01	2.55e-01	1.97e-01	3.18e-01	4.09e-02	1.43e-03
 1.05076e+23	5.46e-15	5.35e-10	1.81e-06	4.07e-04	2.16e-02	1.77e-01	2.60e-01	1.97e-01	3.05e-01	3.77e-02	1.26e-03
 1.06308e+23	5.99e-15	6.15e-10	2.12e-06	4.71e-04	2.41e-02	1.89e-01	2.66e-01	1.96e-01	2.89e-01	3.38e-02	1.07e-03
 1.07557e+23	6.55e-15	6.94e-10	2.42e-06	5.29e-04	2.63e-02	1.99e-01	2.70e-01	1.95e-01	2.77e-01	3.09e-02	9.43e-04
 1.08828e+23	7.36e-15	8.12e-10	2.86e-06	6.14e-04	2.94e-02	2.13e-01	2.75e-01	1.93e-01	2.61e-01	2.75e-02	7.94e-04
 1.10123e+23	8.21e-15	9.28e-10	3.29e-06	6.92e-04	3.20e-02	2.24e-01	2.79e-01	1.91e-01	2.48e-01	2.51e-02	6.92e-04
 1.11450e+23	9.48e-15	1.11e-09	3.95e-06	8.09e-04	3.58e-02	2.38e-01	2.82e-01	1.88e-01	2.32e-01	2.21e-02	5.77e-04
 1.12807e+23	1.08e-14	1.29e-09	4.59e-06	9.17e-04	3.91e-02	2.50e-01	2.85e-01	1.86e-01	2.19e-01	2.00e-02	4.98e-04
 1.14205e+23	1.29e-14	1.57e-09	5.58e-06	1.08e-03	4.37e-02	2.66e-01	2.87e-01	1.81e-01	2.03e-01	1.74e-02	4.09e-04
 1.15628e+23	1.51e-14	1.85e-09	6.53e-06	1.23e-03	4.78e-02	2.79e-01	2.88e-01	1.78e-01	1.91e-01	1.56e-02	3.50e-04
 1.16824e+23	1.74e-14	2.15e-09	7.51e-06	1.37e-03	5.15e-02	2.90e-01	2.89e-01	1.74e-01	1.80e-01	1.42e-02	3.04e-04
 1.18118e+23	2.10e-14	2.61e-09	9.01e-06	1.59e-03	5.68e-02	3.04e-01	2.89e-01	1.69e-01	1.67e-01	1.24e-02	2.53e-04
 1.19377e+23	2.43e-14	3.01e-09	1.03e-05	1.76e-03	6.09e-02	3.15e-01	2.88e-01	1.65e-01	1.58e-01	1.13e-02	2.21e-04
 1.20591e+23	2.95e-14	3.64e-09	1.22e-05	2.02e-03	6.65e-02	3.29e-01	2.87e-01	1.60e-01	1.46e-01	9.94e-03	1.85e-04
 1.21818e+23	3.46e-14	4.24e-09	1.39e-05	2.23e-03	7.11e-02	3.39e-01	2.86e-01	1.55e-01	1.37e-01	9.01e-03	1.62e-04
 1.23063e+23	4.26e-14	5.16e-09	1.66e-05	2.55e-03	7.75e-02	3.52e-01	2.83e-01	1.50e-01	1.27e-01	7.89e-03	1.35e-04
 1.24326e+23	5.07e-14	6.05e-09	1.90e-05	2.83e-03	8.27e-02	3.63e-01	2.81e-01	1.45e-01	1.19e-01	7.10e-03	1.17e-04
 1.25614e+23	6.36e-14	7.44e-09	2.27e-05	3.24e-03	9.00e-02	3.76e-01	2.77e-01	1.39e-01	1.09e-01	6.17e-03	9.61e-05
 1.26920e+23	7.65e-14	8.77e-09	2.61e-05	3.59e-03	9.59e-02	3.86e-01	2.74e-01	1.34e-01	1.01e-01	5.53e-03	8.28e-05
 1.28251e+23	9.76e-14	1.09e-08	3.13e-05	4.11e-03	1.04e-01	3.99e-01	2.69e-01	1.27e-01	9.22e-02	4.76e-03	6.76e-05
 1.29605e+23	1.19e-13	1.29e-08	3.60e-05	4.55e-03	1.11e-01	4.08e-01	2.65e-01	1.22e-01	8.55e-02	4.24e-03	5.78e-05
 1.30993e+23	1.54e-13	1.62e-08	4.35e-05	5.22e-03	1.20e-01	4.20e-01	2.58e-01	1.15e-01	7.71e-02	3.62e-03	4.66e-05
 1.32410e+23	1.90e-13	1.94e-08	5.03e-05	5.79e-03	1.28e-01	4.29e-01	2.53e-01	1.10e-01	7.10e-02	3.19e-03	3.94e-05
 1.33867e+23	2.51e-13	2.45e-08	6.08e-05	6.64e-03	1.39e-01	4.40e-01	2.46e-01	1.03e-01	6.35e-02	2.69e-03	3.14e-05
 1.35364e+23	3.14e-13	2.97e-08	7.08e-05	7.40e-03	1.48e-01	4.48e-01	2.39e-01	9.76e-02	5.79e-02	2.35e-03	2.62e-05
 1.36915e+23	4.22e-13	3.80e-08	8.62e-05	8.50e-03	1.60e-01	4.57e-01	2.31e-01	9.06e-02	5.13e-02	1.96e-03	2.06e-05
 1.38480e+23	5.32e-13	4.60e-08	1.00e-04	9.43e-03	1.69e-01	4.63e-01	2.24e-01	8.54e-02	4.66e-02	1.70e-03	1.70e-05
 1.40062e+23	7.20e-13	5.90e-08	1.22e-04	1.08e-02	1.82e-01	4.71e-01	2.15e-01	7.88e-02	4.10e-02	1.40e-03	1.33e-05
 1.41664e+23	9.09e-13	7.15e-08	1.42e-04	1.20e-02	1.93e-01	4.76e-01	2.07e-01	7.39e-02	3.70e-02	1.21e-03	1.09e-05
 1.43292e+23	1.24e-12	9.22e-08	1.72e-04	1.37e-02	2.07e-01	4.81e-01	1.97e-01	6.77e-02	3.23e-02	9.93e-04	8.41e-06
 1.44947e+23	1.57e-12	1.12e-07	2.00e-04	1.51e-02	2.18e-01	4.84e-01	1.90e-01	6.31e-02	2.90e-02	8.51e-04	6.87e-06
 1.46411e+23	2.01e-12	1.36e-07	2.33e-04	1.68e-02	2.30e-01	4.86e-01	1.82e-01	5.87e-02	2.60e-02	7.25e-04	5.57e-06
 1.48091e+23	2.74e-12	1.75e-07	2.82e-04	1.90e-02	2.45e-01	4.87e-01	1.72e-01	5.33e-02	2.25e-02	5.90e-04	4.27e-06
 1.49799e+23	3.54e-12	2.15e-07	3.29e-04	2.11e-02	2.58e-01	4.88e-01	1.63e-01	4.92e-02	2.00e-02	4.97e-04	3.42e-06
 1.51179e+23	4.36e-12	2.54e-07	3.74e-04	2.29e-02	2.69e-01	4.87e-01	1.57e-01	4.60e-02	1.81e-02	4.31e-04	2.84e-06
 1.52611e+23	5.58e-12	3.10e-07	4.33e-04	2.52e-02	2.81e-01	4.85e-01	1.49e-01	4.24e-02	1.60e-02	3.64e-04	2.28e-06
 1.54117e+23	6.98e-12	3.70e-07	4.95e-04	2.75e-02	2.93e-01	4.83e-01	1.42e-01	3.93e-02	1.44e-02	3.11e-04	1.86e-06
 1.55501e+23	8.67e-12	4.40e-07	5.63e-04	2.99e-02	3.04e-01	4.81e-01	1.35e-01	3.64e-02	1.29e-02	2.67e-04	1.53e-06
 1.57077e+23	1.14e-11	5.45e-07	6.61e-04	3.31e-02	3.18e-01	4.76e-01	1.27e-01	3.31e-02	1.12e-02	2.20e-04	1.19e-06
 1.58698e+23	1.45e-11	6.60e-07	7.63e-04	3.62e-02	3.31e-01	4.72e-01	1.20e-01	3.04e-02	9.91e-03	1.85e-04	9.52e-07
 1.60123e+23	1.80e-11	7.83e-07	8.65e-04	3.92e-02	3.43e-01	4.67e-01	1.14e-01	2.80e-02	8.85e-03	1.57e-04	7.77e-07
 1.61723e+23	2.35e-11	9.67e-07	1.01e-03	4.32e-02	3.57e-01	4.60e-01	1.06e-01	2.54e-02	7.67e-03	1.29e-04	6.02e-07
 1.63396e+23	3.01e-11	1.17e-06	1.17e-03	4.72e-02	3.70e-01	4.53e-01	9.93e-02	2.31e-02	6.71e-03	1.07e-04	4.75e-07
 1.64906e+23	3.76e-11	1.40e-06	1.33e-03	5.11e-02	3.81e-01	4.46e-01	9.35e-02	2.12e-02	5.94e-03	9.05e-05	3.82e-07
 1.66610e+23	4.97e-11	1.74e-06	1.55e-03	5.63e-02	3.96e-01	4.36e-01	8.64e-02	1.89e-02	5.08e-03	7.29e-05	2.90e-07
 1.68372e+23	6.38e-11	2.12e-06	1.79e-03	6.13e-02	4.08e-01	4.27e-01	8.04e-02	1.71e-02	4.41e-03	6.00e-05	2.26e-07
 1.69945e+23	8.03e-11	2.53e-06	2.04e-03	6.63e-02	4.20e-01	4.18e-01	7.50e-02	1.56e-02	3.86e-03	5.00e-05	1.80e-07
 1.71724e+23	1.07e-10	3.17e-06	2.40e-03	7.31e-02	4.34e-01	4.05e-01	6.86e-02	1.38e-02	3.26e-03	3.95e-05	1.33e-07
 1.73563e+23	1.38e-10	3.85e-06	2.76e-03	7.93e-02	4.45e-01	3.94e-01	6.34e-02	1.24e-02	2.81e-03	3.23e-05	0.00e+00
 1.75478e+23	1.87e-10	4.89e-06	3.27e-03	8.75e-02	4.59e-01	3.80e-01	5.73e-02	1.08e-02	2.33e-03	2.50e-05	0.00e+00
 1.77428e+23	2.42e-10	5.95e-06	3.77e-03	9.49e-02	4.70e-01	3.68e-01	5.25e-02	9.65e-03	1.99e-03	2.02e-05	0.00e+00
 1.79152e+23	3.09e-10	7.19e-06	4.31e-03	1.02e-01	4.79e-01	3.55e-01	4.82e-02	8.64e-03	1.71e-03	1.64e-05	0.00e+00
 1.81124e+23	4.21e-10	9.12e-06	5.10e-03	1.13e-01	4.91e-01	3.39e-01	4.31e-02	7.48e-03	1.40e-03	1.25e-05	0.00e+00
 1.83129e+23	5.46e-10	1.11e-05	5.87e-03	1.22e-01	5.00e-01	3.26e-01	3.92e-02	6.62e-03	1.18e-03	9.96e-06	0.00e+00
 1.84905e+23	6.95e-10	1.34e-05	6.69e-03	1.31e-01	5.07e-01	3.13e-01	3.57e-02	5.89e-03	1.01e-03	8.02e-06	0.00e+00
 1.86944e+23	9.53e-10	1.71e-05	7.92e-03	1.43e-01	5.16e-01	2.96e-01	3.15e-02	5.05e-03	8.14e-04	6.02e-06	0.00e+00
 1.89012e+23	1.23e-09	2.08e-05	9.08e-03	1.54e-01	5.22e-01	2.82e-01	2.84e-02	4.44e-03	6.82e-04	4.74e-06	0.00e+00
 1.91116e+23	1.69e-09	2.63e-05	1.07e-02	1.68e-01	5.27e-01	2.65e-01	2.49e-02	3.78e-03	5.48e-04	3.53e-06	0.00e+00
 1.93261e+23	2.19e-09	3.22e-05	1.23e-02	1.80e-01	5.31e-01	2.50e-01	2.23e-02	3.30e-03	4.54e-04	2.75e-06	0.00e+00
 1.95167e+23	2.83e-09	3.90e-05	1.40e-02	1.93e-01	5.33e-01	2.37e-01	1.99e-02	2.88e-03	3.77e-04	2.14e-06	0.00e+00
 1.97354e+23	3.90e-09	4.97e-05	1.66e-02	2.09e-01	5.35e-01	2.19e-01	1.72e-02	2.42e-03	2.97e-04	1.56e-06	0.00e+00
 1.99577e+23	5.07e-09	6.05e-05	1.89e-02	2.23e-01	5.34e-01	2.06e-01	1.52e-02	2.09e-03	2.43e-04	1.20e-06	0.00e+00
 2.01848e+23	7.05e-09	7.75e-05	2.24e-02	2.42e-01	5.32e-01	1.89e-01	1.30e-02	1.73e-03	1.88e-04	8.52e-07	0.00e+00
 2.04066e+23	8.97e-09	9.27e-05	2.53e-02	2.56e-01	5.29e-01	1.77e-01	1.15e-02	1.51e-03	1.56e-04	6.62e-07	0.00e+00
 2.06212e+23	1.22e-08	1.17e-04	2.94e-02	2.74e-01	5.23e-01	1.62e-01	9.82e-03	1.26e-03	1.21e-04	4.76e-07	0.00e+00
 2.08290e+23	1.51e-08	1.37e-04	3.28e-02	2.87e-01	5.18e-01	1.51e-01	8.76e-03	1.10e-03	1.01e-04	3.76e-07	0.00e+00
 2.10279e+23	1.99e-08	1.68e-04	3.75e-02	3.05e-01	5.10e-01	1.39e-01	7.56e-03	9.29e-04	8.06e-05	2.78e-07	0.00e+00
 2.12301e+23	2.49e-08	1.98e-04	4.18e-02	3.19e-01	5.03e-01	1.29e-01	6.68e-03	8.06e-04	6.65e-05	2.16e-07	0.00e+00
 2.14084e+23	3.09e-08	2.32e-04	4.63e-02	3.32e-01	4.94e-01	1.20e-01	5.91e-03	7.02e-04	5.51e-05	1.69e-07	0.00e+00
 2.16120e+23	4.05e-08	2.83e-04	5.28e-02	3.50e-01	4.83e-01	1.09e-01	5.05e-03	5.86e-04	4.32e-05	1.23e-07	0.00e+00
 2.18195e+23	5.07e-08	3.33e-04	5.86e-02	3.64e-01	4.72e-01	1.00e-01	4.42e-03	5.04e-04	3.52e-05	0.00e+00	0.00e+00
 2.20320e+23	6.68e-08	4.08e-04	6.68e-02	3.81e-01	4.57e-01	9.01e-02	3.73e-03	4.16e-04	2.72e-05	0.00e+00	0.00e+00
 2.22462e+23	8.35e-08	4.80e-04	7.40e-02	3.95e-01	4.44e-01	8.24e-02	3.24e-03	3.55e-04	2.20e-05	0.00e+00	0.00e+00
 2.24343e+23	1.03e-07	5.59e-04	8.16e-02	4.08e-01	4.31e-01	7.54e-02	2.83e-03	3.04e-04	1.79e-05	0.00e+00	0.00e+00
 2.26506e+23	1.37e-07	6.85e-04	9.26e-02	4.25e-01	4.13e-01	6.66e-02	2.35e-03	2.46e-04	1.35e-05	0.00e+00	0.00e+00
 2.28499e+23	1.63e-07	7.76e-04	1.00e-01	4.34e-01	4.01e-01	6.16e-02	2.09e-03	2.15e-04	1.13e-05	0.00e+00	0.00e+00
 2.30271e+23	2.03e-07	9.09e-04	1.10e-01	4.46e-01	3.85e-01	5.56e-02	1.79e-03	1.81e-04	8.98e-06	0.00e+00	0.00e+00
 2.32090e+23	2.42e-07	1.03e-03	1.19e-01	4.55e-01	3.72e-01	5.10e-02	1.58e-03	1.57e-04	7.45e-06	0.00e+00	0.00e+00
 2.33969e+23	3.01e-07	1.21e-03	1.31e-01	4.65e-01	3.55e-01	4.56e-02	1.35e-03	1.31e-04	5.86e-06	0.00e+00	0.00e+00
 2.35870e+23	3.62e-07	1.37e-03	1.42e-01	4.73e-01	3.41e-01	4.14e-02	1.17e-03	1.12e-04	4.77e-06	0.00e+00	0.00e+00
 2.37517e+23	4.29e-07	1.55e-03	1.53e-01	4.80e-01	3.27e-01	3.78e-02	1.03e-03	9.68e-05	3.94e-06	0.00e+00	0.00e+00
 2.39374e+23	5.30e-07	1.80e-03	1.67e-01	4.87e-01	3.10e-01	3.36e-02	8.73e-04	8.02e-05	3.09e-06	0.00e+00	0.00e+00
 2.41276e+23	6.34e-07	2.04e-03	1.79e-01	4.93e-01	2.95e-01	3.03e-02	7.56e-04	6.82e-05	2.50e-06	0.00e+00	0.00e+00
 2.42965e+23	7.50e-07	2.29e-03	1.92e-01	4.97e-01	2.81e-01	2.74e-02	6.59e-04	5.82e-05	2.04e-06	0.00e+00	0.00e+00
 2.44889e+23	9.27e-07	2.66e-03	2.09e-01	5.00e-01	2.63e-01	2.40e-02	5.52e-04	4.75e-05	1.57e-06	0.00e+00	0.00e+00
 2.46845e+23	1.10e-06	3.00e-03	2.24e-01	5.02e-01	2.49e-01	2.14e-02	4.75e-04	4.00e-05	1.26e-06	0.00e+00	0.00e+00
 2.48572e+23	1.30e-06	3.36e-03	2.39e-01	5.03e-01	2.35e-01	1.92e-02	4.10e-04	3.38e-05	1.01e-06	0.00e+00	0.00e+00
 2.50546e+23	1.60e-06	3.87e-03	2.58e-01	5.03e-01	2.18e-01	1.66e-02	3.40e-04	2.72e-05	7.70e-07	0.00e+00	0.00e+00
 2.52558e+23	1.91e-06	4.36e-03	2.75e-01	5.01e-01	2.04e-01	1.47e-02	2.89e-04	2.26e-05	6.09e-07	0.00e+00	0.00e+00
 2.54345e+23	2.25e-06	4.87e-03	2.92e-01	4.99e-01	1.91e-01	1.30e-02	2.48e-04	1.88e-05	4.85e-07	0.00e+00	0.00e+00
 2.56394e+23	2.76e-06	5.60e-03	3.15e-01	4.94e-01	1.75e-01	1.11e-02	2.02e-04	1.48e-05	3.61e-07	0.00e+00	0.00e+00
 2.58484e+23	3.28e-06	6.28e-03	3.34e-01	4.88e-01	1.62e-01	9.69e-03	1.70e-04	1.21e-05	2.81e-07	0.00e+00	0.00e+00
 2.60625e+23	4.05e-06	7.23e-03	3.59e-01	4.79e-01	1.46e-01	8.13e-03	1.37e-04	9.38e-06	2.04e-07	0.00e+00	0.00e+00
 2.62787e+23	4.80e-06	8.07e-03	3.80e-01	4.71e-01	1.34e-01	7.03e-03	1.14e-04	7.59e-06	1.57e-07	0.00e+00	0.00e+00
 2.64975e+23	5.88e-06	9.23e-03	4.05e-01	4.60e-01	1.20e-01	5.86e-03	9.12e-05	5.82e-06	0.00e+00	0.00e+00	0.00e+00
 2.67219e+23	7.01e-06	1.03e-02	4.28e-01	4.48e-01	1.09e-01	4.98e-03	7.49e-05	4.60e-06	0.00e+00	0.00e+00	0.00e+00
 2.69207e+23	8.23e-06	1.15e-02	4.49e-01	4.37e-01	9.88e-02	4.27e-03	6.21e-05	3.68e-06	0.00e+00	0.00e+00	0.00e+00
 2.71465e+23	1.01e-05	1.31e-02	4.76e-01	4.20e-01	8.69e-02	3.47e-03	4.85e-05	2.74e-06	0.00e+00	0.00e+00	0.00e+00
 2.73447e+23	1.14e-05	1.41e-02	4.92e-01	4.10e-01	8.04e-02	3.07e-03	4.19e-05	2.30e-06	0.00e+00	0.00e+00	0.00e+00
 2.75073e+23	1.31e-05	1.54e-02	5.11e-01	3.98e-01	7.31e-02	2.65e-03	3.52e-05	1.86e-06	0.00e+00	0.00e+00	0.00e+00
 2.76763e+23	1.48e-05	1.66e-02	5.27e-01	3.86e-01	6.71e-02	2.32e-03	3.01e-05	1.54e-06	0.00e+00	0.00e+00	0.00e+00
 2.78300e+23	1.65e-05	1.78e-02	5.43e-01	3.75e-01	6.17e-02	2.04e-03	2.59e-05	1.28e-06	0.00e+00	0.00e+00	0.00e+00
 2.80059e+23	1.91e-05	1.95e-02	5.63e-01	3.61e-01	5.53e-02	1.72e-03	2.12e-05	1.01e-06	0.00e+00	0.00e+00	0.00e+00
 2.81844e+23	2.16e-05	2.10e-02	5.79e-01	3.48e-01	5.03e-02	1.49e-03	1.80e-05	8.26e-07	0.00e+00	0.00e+00	0.00e+00
 2.83419e+23	2.42e-05	2.25e-02	5.95e-01	3.36e-01	4.58e-02	1.30e-03	1.53e-05	6.78e-07	0.00e+00	0.00e+00	0.00e+00
 2.85220e+23	2.79e-05	2.45e-02	6.13e-01	3.20e-01	4.07e-02	1.09e-03	1.25e-05	5.29e-07	0.00e+00	0.00e+00	0.00e+00
 2.87075e+23	3.15e-05	2.64e-02	6.29e-01	3.07e-01	3.66e-02	9.33e-04	1.04e-05	4.25e-07	0.00e+00	0.00e+00	0.00e+00
 2.88731e+23	3.55e-05	2.83e-02	6.44e-01	2.94e-01	3.29e-02	8.00e-04	8.73e-06	3.42e-07	0.00e+00	0.00e+00	0.00e+00
 2.90616e+23	4.11e-05	3.08e-02	6.62e-01	2.78e-01	2.87e-02	6.56e-04	6.96e-06	2.59e-07	0.00e+00	0.00e+00	0.00e+00
 2.92535e+23	4.62e-05	3.30e-02	6.76e-01	2.65e-01	2.57e-02	5.59e-04	5.79e-06	2.06e-07	0.00e+00	0.00e+00	0.00e+00
 2.94498e+23	5.36e-05	3.60e-02	6.93e-01	2.48e-01	2.22e-02	4.54e-04	4.56e-06	1.54e-07	0.00e+00	0.00e+00	0.00e+00
 2.96507e+23	6.05e-05	3.85e-02	7.07e-01	2.35e-01	1.96e-02	3.81e-04	3.74e-06	0.00e+00	0.00e+00	0.00e+00	0.00e+00
 2.98575e+23	7.03e-05	4.20e-02	7.23e-01	2.18e-01	1.67e-02	3.05e-04	2.90e-06	0.00e+00	0.00e+00	0.00e+00	0.00e+00
 3.00691e+23	7.97e-05	4.50e-02	7.35e-01	2.05e-01	1.46e-02	2.52e-04	2.34e-06	0.00e+00	0.00e+00	0.00e+00	0.00e+00
 3.02578e+23	8.98e-05	4.81e-02	7.46e-01	1.93e-01	1.28e-02	2.10e-04	1.90e-06	0.00e+00	0.00e+00	0.00e+00	0.00e+00
 3.04738e+23	1.04e-04	5.22e-02	7.59e-01	1.78e-01	1.07e-02	1.66e-04	1.45e-06	0.00e+00	0.00e+00	0.00e+00	0.00e+00
 3.06964e+23	1.18e-04	5.60e-02	7.69e-01	1.65e-01	9.24e-03	1.35e-04	1.15e-06	0.00e+00	0.00e+00	0.00e+00	0.00e+00
 3.08268e+23	1.23e-04	5.72e-02	7.72e-01	1.61e-01	8.80e-03	1.27e-04	1.07e-06	0.00e+00	0.00e+00	0.00e+00	0.00e+00
