#depth	S	S+	S+2	S+3	S+4	S+5	S+6	S+7	S+8	S+9	S+10	S+11	S+12	S+13	S+14	S+15	S+16
 1.54284e+22	0.00e+00	0.00e+00	0.00e+00	5.32e-28	2.36e-24	5.21e-21	1.47e-17	1.04e-14	2.95e-12	3.53e-10	2.53e-08	9.75e-07	2.54e-05	6.96e-04	3.78e-02	2.86e-01	6.75e-01
 3.58141e+22	0.00e+00	0.00e+00	3.28e-30	2.01e-26	6.64e-23	1.07e-19	3.97e-16	2.00e-13	4.02e-11	3.42e-09	1.74e-07	4.73e-06	8.73e-05	1.69e-03	6.53e-02	3.49e-01	5.84e-01
 4.42404e+22	0.00e+00	0.00e+00	4.98e-29	2.50e-25	6.64e-22	1.33e-18	3.97e-15	1.58e-12	2.51e-10	1.67e-08	6.70e-07	1.43e-05	2.06e-04	3.11e-03	9.40e-02	3.92e-01	5.11e-01
 5.04844e+22	0.00e+00	1.56e-32	6.84e-28	2.88e-24	6.35e-21	1.03e-17	2.59e-14	8.55e-12	1.12e-09	6.17e-08	2.04e-06	3.57e-05	4.15e-04	5.09e-03	1.25e-01	4.22e-01	4.47e-01
 5.39534e+22	0.00e+00	3.27e-32	1.36e-27	5.46e-24	1.14e-20	1.76e-17	4.23e-14	1.33e-11	1.66e-09	8.67e-08	2.73e-06	4.53e-05	4.98e-04	5.78e-03	1.34e-01	4.29e-01	4.30e-01
 5.50368e+22	0.00e+00	5.04e-32	2.03e-27	7.93e-24	1.61e-20	2.39e-17	5.62e-14	1.72e-11	2.09e-09	1.06e-07	3.23e-06	5.21e-05	5.54e-04	6.22e-03	1.40e-01	4.33e-01	4.20e-01
 5.59330e+22	0.00e+00	8.36e-32	3.25e-27	1.23e-23	2.41e-20	3.45e-17	7.85e-14	2.32e-11	2.73e-09	1.34e-07	3.95e-06	6.13e-05	6.27e-04	6.78e-03	1.47e-01	4.37e-01	4.08e-01
 5.68852e+22	0.00e+00	1.35e-31	5.09e-27	1.86e-23	3.53e-20	4.85e-17	1.08e-13	3.09e-11	3.52e-09	1.67e-07	4.77e-06	7.17e-05	7.06e-04	7.35e-03	1.53e-01	4.41e-01	3.97e-01
 5.77493e+22	0.00e+00	2.07e-31	7.53e-27	2.68e-23	4.94e-20	6.57e-17	1.42e-13	3.97e-11	4.40e-09	2.03e-07	5.63e-06	8.21e-05	7.83e-04	7.89e-03	1.60e-01	4.44e-01	3.87e-01
 5.87119e+22	0.00e+00	3.60e-31	1.26e-26	4.32e-23	7.65e-20	9.74e-17	2.05e-13	5.52e-11	5.89e-09	2.61e-07	7.00e-06	9.81e-05	8.96e-04	8.66e-03	1.68e-01	4.48e-01	3.74e-01
 5.96741e+22	0.00e+00	5.79e-31	1.96e-26	6.49e-23	1.11e-19	1.36e-16	2.78e-13	7.28e-11	7.54e-09	3.24e-07	8.43e-06	1.14e-04	1.01e-03	9.36e-03	1.75e-01	4.51e-01	3.64e-01
 6.04729e+22	0.00e+00	8.70e-31	2.85e-26	9.21e-23	1.53e-19	1.81e-16	3.63e-13	9.27e-11	9.35e-09	3.91e-07	9.89e-06	1.30e-04	1.11e-03	1.00e-02	1.82e-01	4.53e-01	3.54e-01
 6.13483e+22	0.00e+00	1.46e-30	4.61e-26	1.44e-22	2.29e-19	2.60e-16	5.08e-13	1.26e-10	1.23e-08	4.95e-07	1.21e-05	1.54e-04	1.26e-03	1.09e-02	1.90e-01	4.55e-01	3.42e-01
 6.22581e+22	0.00e+00	2.27e-30	6.93e-26	2.10e-22	3.25e-19	3.56e-16	6.77e-13	1.63e-10	1.55e-08	6.06e-07	1.44e-05	1.77e-04	1.40e-03	1.17e-02	1.97e-01	4.57e-01	3.32e-01
 6.32127e+22	0.00e+00	4.01e-30	1.17e-25	3.41e-22	5.06e-19	5.29e-16	9.79e-13	2.27e-10	2.08e-08	7.85e-07	1.79e-05	2.12e-04	1.60e-03	1.28e-02	2.07e-01	4.59e-01	3.19e-01
 6.41398e+22	0.00e+00	6.35e-30	1.80e-25	5.05e-22	7.23e-19	7.27e-16	1.31e-12	2.97e-10	2.64e-08	9.67e-07	2.15e-05	2.46e-04	1.79e-03	1.38e-02	2.15e-01	4.60e-01	3.09e-01
 6.48866e+22	0.00e+00	9.30e-30	2.56e-25	7.00e-22	9.74e-19	9.48e-16	1.68e-12	3.72e-10	3.23e-08	1.15e-06	2.49e-05	2.77e-04	1.96e-03	1.47e-02	2.22e-01	4.61e-01	3.00e-01
 6.57128e+22	0.00e+00	1.53e-29	4.05e-25	1.07e-21	1.43e-18	1.34e-15	2.32e-12	4.97e-10	4.18e-08	1.44e-06	3.02e-05	3.25e-04	2.20e-03	1.58e-02	2.31e-01	4.61e-01	2.89e-01
 6.65747e+22	0.00e+00	2.34e-29	6.01e-25	1.54e-21	2.00e-18	1.80e-15	3.05e-12	6.38e-10	5.22e-08	1.75e-06	3.57e-05	3.72e-04	2.43e-03	1.69e-02	2.39e-01	4.61e-01	2.80e-01
 6.74830e+22	0.00e+00	4.04e-29	9.94e-25	2.45e-21	3.05e-18	2.62e-15	4.33e-12	8.76e-10	6.93e-08	2.24e-06	4.41e-05	4.42e-04	2.77e-03	1.84e-02	2.49e-01	4.61e-01	2.68e-01
 6.83954e+22	0.00e+00	6.42e-29	1.52e-24	3.63e-21	4.35e-18	3.59e-15	5.81e-12	1.15e-09	8.81e-08	2.76e-06	5.27e-05	5.11e-04	3.08e-03	1.98e-02	2.58e-01	4.60e-01	2.58e-01
 6.91698e+22	0.00e+00	9.82e-29	2.25e-24	5.20e-21	6.04e-18	4.80e-15	7.62e-12	1.47e-09	1.10e-07	3.35e-06	6.21e-05	5.84e-04	3.41e-03	2.11e-02	2.66e-01	4.59e-01	2.49e-01
 7.00333e+22	0.00e+00	1.66e-28	3.66e-24	8.13e-21	9.05e-18	6.87e-15	1.06e-11	1.99e-09	1.44e-07	4.24e-06	7.62e-05	6.89e-04	3.85e-03	2.28e-02	2.77e-01	4.58e-01	2.38e-01
 7.09106e+22	0.00e+00	2.56e-28	5.45e-24	1.17e-20	1.26e-17	9.22e-15	1.40e-11	2.55e-09	1.80e-07	5.15e-06	8.99e-05	7.89e-04	4.25e-03	2.43e-02	2.85e-01	4.56e-01	2.29e-01
 7.18055e+22	0.00e+00	4.36e-28	8.92e-24	1.84e-20	1.90e-17	1.33e-14	1.97e-11	3.48e-09	2.38e-07	6.56e-06	1.10e-04	9.32e-04	4.80e-03	2.63e-02	2.96e-01	4.53e-01	2.19e-01
 7.27219e+22	0.00e+00	6.91e-28	1.36e-23	2.73e-20	2.71e-17	1.82e-14	2.64e-11	4.54e-09	3.02e-07	8.07e-06	1.32e-04	1.08e-03	5.33e-03	2.81e-02	3.05e-01	4.51e-01	2.09e-01
 7.35318e+22	0.00e+00	1.09e-27	2.08e-23	4.00e-20	3.84e-17	2.46e-14	3.52e-11	5.90e-09	3.82e-07	9.90e-06	1.57e-04	1.24e-03	5.92e-03	3.01e-02	3.15e-01	4.47e-01	2.01e-01
 7.44506e+22	0.00e+00	1.93e-27	3.51e-23	6.47e-20	5.92e-17	3.60e-14	5.04e-11	8.19e-09	5.12e-07	1.28e-05	1.96e-04	1.48e-03	6.73e-03	3.26e-02	3.26e-01	4.43e-01	1.90e-01
 7.53528e+22	0.00e+00	2.96e-27	5.20e-23	9.28e-20	8.20e-17	4.80e-14	6.60e-11	1.05e-08	6.38e-07	1.55e-05	2.30e-04	1.69e-03	7.41e-03	3.46e-02	3.35e-01	4.39e-01	1.82e-01
 7.61096e+22	0.00e+00	4.55e-27	7.73e-23	1.33e-19	1.13e-16	6.37e-14	8.63e-11	1.34e-08	7.96e-07	1.88e-05	2.71e-04	1.93e-03	8.16e-03	3.67e-02	3.44e-01	4.35e-01	1.74e-01
 7.68466e+22	5.83e-34	6.87e-27	1.13e-22	1.88e-19	1.55e-16	8.36e-14	1.12e-10	1.70e-08	9.83e-07	2.25e-05	3.17e-04	2.19e-03	8.94e-03	3.89e-02	3.52e-01	4.31e-01	1.67e-01
 7.76814e+22	1.02e-33	1.15e-26	1.81e-22	2.89e-19	2.28e-16	1.17e-13	1.54e-10	2.27e-08	1.28e-06	2.83e-05	3.86e-04	2.56e-03	1.00e-02	4.17e-02	3.62e-01	4.25e-01	1.58e-01
 7.84777e+22	1.56e-33	1.68e-26	2.56e-22	3.98e-19	3.03e-16	1.51e-13	1.95e-10	2.83e-08	1.55e-06	3.35e-05	4.46e-04	2.88e-03	1.09e-02	4.38e-02	3.70e-01	4.21e-01	1.51e-01
 7.90704e+22	2.22e-33	2.32e-26	3.44e-22	5.19e-19	3.84e-16	1.85e-13	2.37e-10	3.39e-08	1.83e-06	3.87e-05	5.04e-04	3.17e-03	1.17e-02	4.57e-02	3.76e-01	4.17e-01	1.46e-01
 7.96043e+22	3.16e-33	3.19e-26	4.61e-22	6.77e-19	4.87e-16	2.27e-13	2.89e-10	4.06e-08	2.16e-06	4.46e-05	5.69e-04	3.50e-03	1.25e-02	4.77e-02	3.82e-01	4.13e-01	1.41e-01
 8.02152e+22	4.84e-33	4.70e-26	6.58e-22	9.34e-19	6.49e-16	2.91e-13	3.66e-10	5.05e-08	2.63e-06	5.29e-05	6.58e-04	3.94e-03	1.36e-02	5.01e-02	3.90e-01	4.07e-01	1.35e-01
 8.08165e+22	6.77e-33	6.37e-26	8.68e-22	1.20e-18	8.13e-16	3.54e-13	4.41e-10	6.00e-08	3.07e-06	6.05e-05	7.38e-04	4.31e-03	1.45e-02	5.21e-02	3.95e-01	4.03e-01	1.30e-01
 8.13232e+22	9.38e-33	8.56e-26	1.14e-21	1.54e-18	1.01e-15	4.27e-13	5.28e-10	7.09e-08	3.56e-06	6.90e-05	8.25e-04	4.71e-03	1.55e-02	5.41e-02	4.01e-01	3.99e-01	1.25e-01
 8.18996e+22	1.41e-32	1.24e-25	1.60e-21	2.08e-18	1.33e-15	5.40e-13	6.62e-10	8.73e-08	4.30e-06	8.12e-05	9.48e-04	5.27e-03	1.68e-02	5.66e-02	4.07e-01	3.93e-01	1.20e-01
 8.24848e+22	1.72e-36	1.69e-25	2.12e-21	2.69e-18	1.66e-15	6.56e-13	7.99e-10	1.04e-07	5.03e-06	9.30e-05	1.06e-03	5.78e-03	1.79e-02	5.88e-02	4.13e-01	3.88e-01	1.15e-01
 8.29754e+22	0.00e+00	2.24e-25	2.74e-21	3.39e-18	2.04e-15	7.81e-13	9.47e-10	1.22e-07	5.80e-06	1.05e-04	1.18e-03	6.29e-03	1.90e-02	6.09e-02	4.18e-01	3.83e-01	1.11e-01
 8.34360e+22	0.00e+00	2.97e-25	3.54e-21	4.27e-18	2.50e-15	9.30e-13	1.12e-09	1.42e-07	6.69e-06	1.19e-04	1.32e-03	6.84e-03	2.02e-02	6.30e-02	4.23e-01	3.79e-01	1.07e-01
 8.38944e+22	0.00e+00	3.87e-25	4.51e-21	5.32e-18	3.03e-15	1.10e-12	1.32e-09	1.65e-07	7.66e-06	1.34e-04	1.45e-03	7.41e-03	2.13e-02	6.50e-02	4.27e-01	3.74e-01	1.04e-01
 8.44214e+22	0.00e+00	5.51e-25	6.22e-21	7.09e-18	3.91e-15	1.36e-12	1.63e-09	2.01e-07	9.15e-06	1.56e-04	1.66e-03	8.22e-03	2.29e-02	6.77e-02	4.33e-01	3.68e-01	9.91e-02
 8.49554e+22	0.00e+00	7.30e-25	8.04e-21	8.93e-18	4.79e-15	1.62e-12	1.93e-09	2.35e-07	1.05e-05	1.77e-04	1.84e-03	8.93e-03	2.43e-02	7.00e-02	4.37e-01	3.63e-01	9.55e-02
 8.54984e+22	0.00e+00	1.07e-24	1.14e-20	1.22e-17	6.27e-15	2.04e-12	2.41e-09	2.91e-07	1.28e-05	2.08e-04	2.12e-03	9.99e-03	2.63e-02	7.30e-02	4.42e-01	3.55e-01	9.06e-02
 8.60053e+22	0.00e+00	1.38e-24	1.43e-20	1.50e-17	7.52e-15	2.38e-12	2.81e-09	3.35e-07	1.45e-05	2.33e-04	2.33e-03	1.08e-02	2.77e-02	7.52e-02	4.46e-01	3.50e-01	8.74e-02
 8.64653e+22	0.00e+00	1.90e-24	1.92e-20	1.94e-17	9.42e-15	2.87e-12	3.39e-09	4.00e-07	1.71e-05	2.68e-04	2.62e-03	1.18e-02	2.95e-02	7.79e-02	4.50e-01	3.44e-01	8.36e-02
 8.69352e+22	0.00e+00	2.49e-24	2.45e-20	2.41e-17	1.14e-14	3.37e-12	3.97e-09	4.63e-07	1.95e-05	3.01e-04	2.89e-03	1.28e-02	3.12e-02	8.02e-02	4.53e-01	3.39e-01	8.04e-02
 8.73517e+22	0.00e+00	3.21e-24	3.08e-20	2.96e-17	1.36e-14	3.91e-12	4.61e-09	5.33e-07	2.22e-05	3.36e-04	3.18e-03	1.38e-02	3.28e-02	8.23e-02	4.56e-01	3.34e-01	7.75e-02
 8.78267e+22	0.00e+00	4.56e-24	4.23e-20	3.91e-17	1.73e-14	4.78e-12	5.63e-09	6.45e-07	2.64e-05	3.91e-04	3.61e-03	1.52e-02	3.52e-02	8.54e-02	4.60e-01	3.26e-01	7.36e-02
 8.82985e+22	0.00e+00	5.98e-24	5.39e-20	4.85e-17	2.08e-14	5.58e-12	6.58e-09	7.47e-07	3.02e-05	4.39e-04	3.98e-03	1.65e-02	3.71e-02	8.78e-02	4.63e-01	3.21e-01	7.06e-02
 8.87661e+22	0.00e+00	8.45e-24	7.36e-20	6.38e-17	2.63e-14	6.78e-12	8.03e-09	9.02e-07	3.58e-05	5.09e-04	4.52e-03	1.82e-02	3.97e-02	9.09e-02	4.66e-01	3.13e-01	6.70e-02
 8.92389e+22	0.00e+00	1.12e-23	9.46e-20	7.95e-17	3.18e-14	7.93e-12	9.41e-09	1.05e-06	4.12e-05	5.73e-04	5.00e-03	1.97e-02	4.19e-02	9.34e-02	4.68e-01	3.07e-01	6.41e-02
 8.97184e+22	0.00e+00	1.62e-23	1.32e-19	1.06e-16	4.08e-14	9.71e-12	1.16e-08	1.28e-06	4.94e-05	6.71e-04	5.71e-03	2.19e-02	4.49e-02	9.68e-02	4.71e-01	2.99e-01	6.04e-02
 9.01778e+22	4.10e-34	2.08e-23	1.65e-19	1.30e-16	4.83e-14	1.12e-11	1.34e-08	1.47e-06	5.60e-05	7.46e-04	6.25e-03	2.35e-02	4.71e-02	9.90e-02	4.72e-01	2.93e-01	5.80e-02
 9.06108e+22	6.04e-34	2.91e-23	2.24e-19	1.68e-16	6.02e-14	1.34e-11	1.61e-08	1.76e-06	6.60e-05	8.60e-04	7.04e-03	2.58e-02	5.02e-02	1.02e-01	4.74e-01	2.85e-01	5.49e-02
 9.10532e+22	8.30e-34	3.83e-23	2.86e-19	2.09e-16	7.22e-14	1.55e-11	1.88e-08	2.03e-06	7.56e-05	9.66e-04	7.77e-03	2.78e-02	5.28e-02	1.05e-01	4.75e-01	2.79e-01	5.24e-02
 9.15078e+22	1.27e-33	5.55e-23	3.97e-19	2.77e-16	9.16e-14	1.87e-11	2.31e-08	2.47e-06	9.05e-05	1.13e-03	8.85e-03	3.08e-02	5.65e-02	1.08e-01	4.75e-01	2.70e-01	4.91e-02
 9.19452e+22	1.69e-33	7.11e-23	4.96e-19	3.36e-16	1.08e-13	2.14e-11	2.65e-08	2.83e-06	1.02e-04	1.25e-03	9.66e-03	3.29e-02	5.91e-02	1.10e-01	4.75e-01	2.65e-01	4.70e-02
 9.23604e+22	2.52e-33	1.01e-22	6.78e-19	4.39e-16	1.34e-13	2.55e-11	3.20e-08	3.40e-06	1.21e-04	1.45e-03	1.09e-02	3.62e-02	6.29e-02	1.13e-01	4.75e-01	2.56e-01	4.41e-02
 9.27747e+22	3.36e-33	1.30e-22	8.49e-19	5.33e-16	1.58e-13	2.90e-11	3.68e-08	3.88e-06	1.37e-04	1.61e-03	1.19e-02	3.88e-02	6.57e-02	1.15e-01	4.74e-01	2.50e-01	4.21e-02
 9.31878e+22	5.03e-33	1.85e-22	1.16e-18	6.96e-16	1.97e-13	3.45e-11	4.44e-08	4.67e-06	1.62e-04	1.86e-03	1.34e-02	4.26e-02	6.99e-02	1.18e-01	4.73e-01	2.41e-01	3.94e-02
 9.36052e+22	6.80e-33	2.41e-22	1.47e-18	8.51e-16	2.32e-13	3.94e-11	5.12e-08	5.36e-06	1.84e-04	2.07e-03	1.47e-02	4.56e-02	7.31e-02	1.21e-01	4.71e-01	2.35e-01	3.75e-02
 9.40283e+22	1.04e-32	3.49e-22	2.03e-18	1.12e-15	2.91e-13	4.69e-11	6.22e-08	6.49e-06	2.20e-04	2.40e-03	1.67e-02	5.02e-02	7.77e-02	1.24e-01	4.69e-01	2.26e-01	3.48e-02
 9.44527e+22	1.41e-32	4.56e-22	2.58e-18	1.37e-15	3.44e-13	5.34e-11	7.18e-08	7.46e-06	2.50e-04	2.67e-03	1.82e-02	5.38e-02	8.12e-02	1.26e-01	4.66e-01	2.19e-01	3.30e-02
 9.48786e+22	2.13e-32	6.55e-22	3.55e-18	1.80e-15	4.28e-13	6.34e-11	8.68e-08	8.99e-06	2.96e-04	3.09e-03	2.05e-02	5.89e-02	8.60e-02	1.28e-01	4.62e-01	2.10e-01	3.06e-02
 9.53012e+22	2.91e-32	8.63e-22	4.52e-18	2.21e-15	5.06e-13	7.21e-11	1.00e-07	1.03e-05	3.37e-04	3.44e-03	2.25e-02	6.31e-02	8.97e-02	1.30e-01	4.59e-01	2.03e-01	2.88e-02
 9.57194e+22	3.75e-32	1.24e-21	6.20e-18	2.88e-15	6.26e-13	8.50e-11	1.21e-07	1.24e-05	3.99e-04	3.97e-03	2.52e-02	6.89e-02	9.48e-02	1.33e-01	4.53e-01	1.94e-01	2.66e-02
 9.61454e+22	5.22e-32	1.65e-21	8.00e-18	3.57e-15	7.43e-13	9.69e-11	1.40e-07	1.44e-05	4.56e-04	4.43e-03	2.77e-02	7.38e-02	9.89e-02	1.35e-01	4.48e-01	1.87e-01	2.50e-02
 9.65814e+22	8.03e-32	2.41e-21	1.11e-17	4.71e-15	9.27e-13	1.15e-10	1.69e-07	1.73e-05	5.42e-04	5.12e-03	3.11e-02	8.07e-02	1.04e-01	1.37e-01	4.41e-01	1.77e-01	2.29e-02
 9.70205e+22	1.12e-31	3.23e-21	1.44e-17	5.83e-15	1.10e-12	1.30e-10	1.96e-07	2.01e-05	6.19e-04	5.72e-03	3.41e-02	8.63e-02	1.09e-01	1.38e-01	4.35e-01	1.70e-01	2.13e-02
 9.74636e+22	1.74e-31	4.73e-21	2.01e-17	7.71e-15	1.37e-12	1.54e-10	2.37e-07	2.42e-05	7.35e-04	6.60e-03	3.82e-02	9.41e-02	1.14e-01	1.40e-01	4.26e-01	1.60e-01	1.94e-02
 9.79097e+22	2.44e-31	6.35e-21	2.60e-17	9.55e-15	1.63e-12	1.75e-10	2.74e-07	2.79e-05	8.38e-04	7.35e-03	4.17e-02	1.00e-01	1.19e-01	1.41e-01	4.19e-01	1.53e-01	1.80e-02
 9.82953e+22	3.39e-31	8.47e-21	3.34e-17	1.18e-14	1.92e-12	1.98e-10	3.15e-07	3.21e-05	9.50e-04	8.15e-03	4.53e-02	1.07e-01	1.23e-01	1.42e-01	4.12e-01	1.46e-01	1.67e-02
 9.87322e+22	5.21e-31	1.23e-20	4.64e-17	1.54e-14	2.37e-12	2.32e-10	3.77e-07	3.83e-05	1.12e-03	9.31e-03	5.04e-02	1.15e-01	1.28e-01	1.42e-01	4.01e-01	1.37e-01	1.52e-02
 9.91657e+22	7.09e-31	1.61e-20	5.87e-17	1.88e-14	2.77e-12	2.61e-10	4.29e-07	4.35e-05	1.25e-03	1.02e-02	5.43e-02	1.22e-01	1.32e-01	1.43e-01	3.93e-01	1.31e-01	1.41e-02
 9.95947e+22	1.07e-30	2.31e-20	8.03e-17	2.43e-14	3.39e-12	3.04e-10	5.08e-07	5.14e-05	1.46e-03	1.16e-02	5.98e-02	1.31e-01	1.37e-01	1.43e-01	3.81e-01	1.23e-01	1.27e-02
 1.00032e+23	1.47e-30	3.04e-20	1.02e-16	2.97e-14	3.97e-12	3.42e-10	5.78e-07	5.83e-05	1.64e-03	1.27e-02	6.43e-02	1.37e-01	1.41e-01	1.43e-01	3.72e-01	1.16e-01	1.18e-02
 1.00481e+23	2.23e-30	4.37e-20	1.40e-16	3.85e-14	4.87e-12	3.98e-10	6.81e-07	6.87e-05	1.90e-03	1.43e-02	7.05e-02	1.47e-01	1.45e-01	1.42e-01	3.60e-01	1.08e-01	1.06e-02
 1.00940e+23	3.09e-30	5.80e-20	1.79e-16	4.73e-14	5.72e-12	4.50e-10	7.75e-07	7.79e-05	2.12e-03	1.56e-02	7.56e-02	1.54e-01	1.49e-01	1.42e-01	3.50e-01	1.02e-01	9.71e-03
 1.01413e+23	4.73e-30	8.39e-20	2.47e-16	6.17e-14	7.05e-12	5.26e-10	9.13e-07	9.16e-05	2.46e-03	1.76e-02	8.27e-02	1.64e-01	1.53e-01	1.40e-01	3.36e-01	9.48e-02	8.66e-03
 1.01897e+23	6.57e-30	1.12e-19	3.18e-16	7.60e-14	8.32e-12	5.97e-10	1.04e-06	1.04e-04	2.75e-03	1.92e-02	8.84e-02	1.72e-01	1.56e-01	1.39e-01	3.25e-01	8.91e-02	7.91e-03
 1.02395e+23	1.01e-29	1.62e-19	4.39e-16	9.93e-14	1.03e-11	7.00e-10	1.22e-06	1.22e-04	3.16e-03	2.14e-02	9.61e-02	1.82e-01	1.60e-01	1.37e-01	3.11e-01	8.20e-02	7.01e-03
 1.02902e+23	1.41e-29	2.16e-19	5.66e-16	1.23e-13	1.21e-11	7.95e-10	1.38e-06	1.37e-04	3.52e-03	2.33e-02	1.02e-01	1.89e-01	1.63e-01	1.36e-01	3.00e-01	7.67e-02	6.36e-03
 1.03422e+23	2.15e-29	3.13e-19	7.82e-16	1.61e-13	1.50e-11	9.34e-10	1.61e-06	1.60e-04	4.03e-03	2.59e-02	1.11e-01	1.99e-01	1.66e-01	1.33e-01	2.85e-01	7.02e-02	5.60e-03
 1.03945e+23	2.98e-29	4.15e-19	1.00e-15	1.97e-13	1.77e-11	1.06e-09	1.82e-06	1.80e-04	4.47e-03	2.81e-02	1.17e-01	2.07e-01	1.68e-01	1.31e-01	2.74e-01	6.55e-02	5.08e-03
 1.04472e+23	4.52e-29	5.96e-19	1.37e-15	2.57e-13	2.18e-11	1.24e-09	2.11e-06	2.08e-04	5.08e-03	3.10e-02	1.26e-01	2.16e-01	1.70e-01	1.28e-01	2.60e-01	5.97e-02	4.46e-03
 1.05011e+23	6.26e-29	7.90e-19	1.76e-15	3.16e-13	2.58e-11	1.41e-09	2.37e-06	2.32e-04	5.60e-03	3.34e-02	1.33e-01	2.23e-01	1.71e-01	1.26e-01	2.49e-01	5.55e-02	4.02e-03
 1.05480e+23	8.50e-29	1.03e-18	2.22e-15	3.84e-13	3.01e-11	1.59e-09	2.64e-06	2.58e-04	6.13e-03	3.58e-02	1.39e-01	2.30e-01	1.72e-01	1.23e-01	2.38e-01	5.17e-02	3.64e-03
 1.06003e+23	1.26e-28	1.44e-18	2.98e-15	4.92e-13	3.66e-11	1.85e-09	3.02e-06	2.94e-04	6.87e-03	3.90e-02	1.48e-01	2.38e-01	1.73e-01	1.20e-01	2.25e-01	4.71e-02	3.20e-03
 1.06528e+23	1.69e-28	1.86e-18	3.73e-15	5.93e-13	4.26e-11	2.08e-09	3.34e-06	3.24e-04	7.47e-03	4.15e-02	1.54e-01	2.44e-01	1.73e-01	1.17e-01	2.16e-01	4.39e-02	2.90e-03
 1.07057e+23	2.48e-28	2.58e-18	4.98e-15	7.56e-13	5.17e-11	2.42e-09	3.80e-06	3.67e-04	8.32e-03	4.50e-02	1.63e-01	2.51e-01	1.73e-01	1.14e-01	2.03e-01	3.99e-02	2.55e-03
 1.07596e+23	3.34e-28	3.33e-18	6.23e-15	9.13e-13	6.02e-11	2.73e-09	4.21e-06	4.04e-04	9.04e-03	4.79e-02	1.69e-01	2.56e-01	1.73e-01	1.11e-01	1.94e-01	3.70e-02	2.30e-03
 1.08071e+23	4.46e-28	4.28e-18	7.76e-15	1.10e-12	6.98e-11	3.06e-09	4.64e-06	4.42e-04	9.78e-03	5.08e-02	1.76e-01	2.61e-01	1.73e-01	1.08e-01	1.85e-01	3.43e-02	2.07e-03
 1.08611e+23	6.51e-28	5.91e-18	1.03e-14	1.39e-12	8.45e-11	3.55e-09	5.24e-06	4.98e-04	1.08e-02	5.47e-02	1.85e-01	2.67e-01	1.72e-01	1.04e-01	1.73e-01	3.10e-02	1.81e-03
 1.09148e+23	8.53e-28	7.44e-18	1.26e-14	1.66e-12	9.72e-11	3.96e-09	5.75e-06	5.42e-04	1.16e-02	5.76e-02	1.91e-01	2.71e-01	1.71e-01	1.02e-01	1.65e-01	2.89e-02	1.64e-03
 1.09683e+23	1.23e-27	1.01e-17	1.66e-14	2.08e-12	1.17e-10	4.57e-09	6.46e-06	6.05e-04	1.28e-02	6.16e-02	1.99e-01	2.77e-01	1.69e-01	9.77e-02	1.55e-01	2.61e-02	1.44e-03
 1.10229e+23	1.61e-27	1.28e-17	2.04e-14	2.48e-12	1.35e-10	5.12e-09	7.08e-06	6.58e-04	1.37e-02	6.49e-02	2.05e-01	2.80e-01	1.68e-01	9.48e-02	1.47e-01	2.42e-02	1.30e-03
 1.10788e+23	2.32e-27	1.75e-17	2.68e-14	3.12e-12	1.62e-10	5.92e-09	7.96e-06	7.35e-04	1.50e-02	6.93e-02	2.13e-01	2.84e-01	1.66e-01	9.10e-02	1.38e-01	2.18e-02	1.13e-03
 1.11358e+23	3.07e-27	2.21e-17	3.31e-14	3.73e-12	1.88e-10	6.65e-09	8.73e-06	7.99e-04	1.61e-02	7.28e-02	2.19e-01	2.87e-01	1.64e-01	8.80e-02	1.30e-01	2.01e-02	1.01e-03
 1.11942e+23	4.44e-27	3.03e-17	4.36e-14	4.72e-12	2.27e-10	7.71e-09	9.82e-06	8.91e-04	1.77e-02	7.76e-02	2.28e-01	2.91e-01	1.61e-01	8.41e-02	1.21e-01	1.80e-02	8.75e-04
 1.12536e+23	1.67e-28	3.85e-17	5.39e-14	5.65e-12	2.63e-10	8.67e-09	1.08e-05	9.69e-04	1.89e-02	8.14e-02	2.34e-01	2.93e-01	1.59e-01	8.11e-02	1.14e-01	1.65e-02	7.83e-04
 1.13145e+23	2.30e-28	5.27e-17	7.12e-14	7.15e-12	3.19e-10	1.01e-08	1.21e-05	1.08e-03	2.07e-02	8.66e-02	2.42e-01	2.96e-01	1.56e-01	7.71e-02	1.06e-01	1.48e-02	6.73e-04
 1.13740e+23	2.96e-28	6.52e-17	8.60e-14	8.42e-12	3.65e-10	1.13e-08	1.32e-05	1.17e-03	2.20e-02	9.03e-02	2.47e-01	2.97e-01	1.54e-01	7.45e-02	1.00e-01	1.37e-02	6.08e-04
 1.14317e+23	4.24e-28	8.77e-17	1.12e-13	1.05e-11	4.37e-10	1.30e-08	1.47e-05	1.29e-03	2.39e-02	9.54e-02	2.54e-01	2.98e-01	1.50e-01	7.09e-02	9.30e-02	1.22e-02	5.25e-04
 1.14903e+23	5.49e-28	1.09e-16	1.35e-13	1.24e-11	5.01e-10	1.45e-08	1.61e-05	1.39e-03	2.54e-02	9.94e-02	2.59e-01	2.99e-01	1.48e-01	6.83e-02	8.80e-02	1.13e-02	4.73e-04
 1.15501e+23	7.77e-28	1.45e-16	1.75e-13	1.54e-11	5.98e-10	1.67e-08	1.79e-05	1.53e-03	2.75e-02	1.05e-01	2.66e-01	3.00e-01	1.44e-01	6.48e-02	8.15e-02	1.01e-02	4.09e-04
 1.16118e+23	1.03e-27	1.83e-16	2.15e-13	1.84e-11	6.93e-10	1.88e-08	1.97e-05	1.66e-03	2.93e-02	1.09e-01	2.71e-01	3.00e-01	1.41e-01	6.21e-02	7.64e-02	9.20e-03	3.63e-04
 1.16758e+23	1.47e-27	2.45e-16	2.79e-13	2.30e-11	8.33e-10	2.17e-08	2.20e-05	1.83e-03	3.17e-02	1.15e-01	2.77e-01	3.00e-01	1.37e-01	5.88e-02	7.05e-02	8.20e-03	3.12e-04
 1.17419e+23	2.00e-27	3.14e-16	3.48e-13	2.78e-11	9.73e-10	2.46e-08	2.43e-05	1.99e-03	3.38e-02	1.20e-01	2.83e-01	2.99e-01	1.33e-01	5.60e-02	6.57e-02	7.42e-03	2.74e-04
 1.18108e+23	2.89e-27	4.25e-16	4.55e-13	3.50e-11	1.18e-09	2.88e-08	2.74e-05	2.20e-03	3.66e-02	1.26e-01	2.89e-01	2.98e-01	1.29e-01	5.27e-02	6.02e-02	6.55e-03	2.34e-04
 1.18815e+23	3.99e-27	5.48e-16	5.71e-13	4.26e-11	1.39e-09	3.28e-08	3.02e-05	2.40e-03	3.92e-02	1.32e-01	2.94e-01	2.96e-01	1.25e-01	5.00e-02	5.59e-02	5.90e-03	2.04e-04
 1.19547e+23	5.87e-27	7.49e-16	7.55e-13	5.41e-11	1.70e-09	3.86e-08	3.43e-05	2.67e-03	4.25e-02	1.38e-01	2.99e-01	2.94e-01	1.21e-01	4.67e-02	5.09e-02	5.17e-03	1.72e-04
 1.20302e+23	8.24e-27	9.76e-16	9.57e-13	6.64e-11	2.01e-09	4.42e-08	3.81e-05	2.91e-03	4.54e-02	1.44e-01	3.04e-01	2.91e-01	1.17e-01	4.41e-02	4.69e-02	4.61e-03	1.49e-04
 1.21089e+23	1.24e-26	1.35e-15	1.28e-12	8.55e-11	2.48e-09	5.25e-08	4.34e-05	3.25e-03	4.94e-02	1.52e-01	3.09e-01	2.88e-01	1.12e-01	4.10e-02	4.23e-02	4.00e-03	1.24e-04
 1.21898e+23	1.77e-26	1.78e-15	1.64e-12	1.06e-10	2.96e-09	6.06e-08	4.85e-05	3.56e-03	5.29e-02	1.58e-01	3.13e-01	2.84e-01	1.07e-01	3.85e-02	3.88e-02	3.55e-03	1.06e-04
 1.22626e+23	2.47e-26	2.31e-15	2.07e-12	1.30e-10	3.51e-09	6.96e-08	5.40e-05	3.88e-03	5.64e-02	1.64e-01	3.16e-01	2.81e-01	1.03e-01	3.61e-02	3.57e-02	3.16e-03	9.18e-05
 1.23462e+23	3.88e-26	3.28e-15	2.83e-12	1.70e-10	4.39e-09	8.34e-08	6.19e-05	4.35e-03	6.14e-02	1.72e-01	3.20e-01	2.76e-01	9.80e-02	3.32e-02	3.18e-02	2.69e-03	7.50e-05
 1.24303e+23	5.44e-26	4.25e-15	3.57e-12	2.08e-10	5.21e-09	9.59e-08	6.89e-05	4.74e-03	6.54e-02	1.78e-01	3.23e-01	2.72e-01	9.40e-02	3.11e-02	2.91e-02	2.39e-03	6.45e-05
 1.25154e+23	8.50e-26	6.00e-15	4.86e-12	2.71e-10	6.50e-09	1.15e-07	7.90e-05	5.30e-03	7.09e-02	1.87e-01	3.26e-01	2.66e-01	8.89e-02	2.85e-02	2.59e-02	2.03e-03	5.26e-05
 1.26023e+23	1.24e-25	7.93e-15	6.24e-12	3.36e-10	7.79e-09	1.33e-07	8.83e-05	5.79e-03	7.56e-02	1.93e-01	3.28e-01	2.61e-01	8.48e-02	2.65e-02	2.35e-02	1.78e-03	4.45e-05
 1.26915e+23	1.97e-25	1.13e-14	8.57e-12	4.42e-10	9.79e-09	1.60e-07	1.02e-04	6.48e-03	8.20e-02	2.02e-01	3.30e-01	2.54e-01	7.97e-02	2.42e-02	2.07e-02	1.50e-03	3.59e-05
 1.27821e+23	2.90e-25	1.51e-14	1.11e-11	5.53e-10	1.18e-08	1.86e-07	1.14e-04	7.09e-03	8.74e-02	2.09e-01	3.31e-01	2.48e-01	7.56e-02	2.24e-02	1.87e-02	1.31e-03	3.01e-05
 1.28747e+23	4.76e-25	2.19e-14	1.55e-11	7.36e-10	1.50e-08	2.26e-07	1.32e-04	7.95e-03	9.48e-02	2.18e-01	3.31e-01	2.40e-01	7.06e-02	2.02e-02	1.63e-02	1.09e-03	2.39e-05
 1.29677e+23	7.00e-25	2.91e-14	2.00e-11	9.18e-10	1.80e-08	2.62e-07	1.47e-04	8.69e-03	1.01e-01	2.24e-01	3.31e-01	2.34e-01	6.68e-02	1.86e-02	1.47e-02	9.44e-04	2.00e-05
 1.30447e+23	9.87e-25	3.77e-14	2.51e-11	1.12e-09	2.12e-08	3.00e-07	1.63e-04	9.40e-03	1.06e-01	2.30e-01	3.31e-01	2.28e-01	6.35e-02	1.73e-02	1.33e-02	8.29e-04	1.70e-05
 1.31283e+23	1.55e-24	5.30e-14	3.40e-11	1.45e-09	2.63e-08	3.57e-07	1.85e-04	1.04e-02	1.14e-01	2.38e-01	3.29e-01	2.21e-01	5.93e-02	1.57e-02	1.17e-02	6.98e-04	1.37e-05
 1.32118e+23	2.19e-24	6.85e-14	4.27e-11	1.77e-09	3.10e-08	4.07e-07	2.05e-04	1.12e-02	1.20e-01	2.44e-01	3.28e-01	2.15e-01	5.62e-02	1.46e-02	1.06e-02	6.12e-04	1.16e-05
 1.32952e+23	3.44e-24	9.63e-14	5.79e-11	2.29e-09	3.84e-08	4.85e-07	2.33e-04	1.24e-02	1.28e-01	2.51e-01	3.26e-01	2.07e-01	5.23e-02	1.32e-02	9.32e-03	5.12e-04	9.28e-06
 1.33797e+23	4.92e-24	1.25e-13	7.33e-11	2.81e-09	4.55e-08	5.57e-07	2.58e-04	1.34e-02	1.35e-01	2.56e-01	3.23e-01	2.01e-01	4.94e-02	1.22e-02	8.40e-03	4.46e-04	7.80e-06
 1.34654e+23	7.82e-24	1.79e-13	1.00e-10	3.67e-09	5.68e-08	6.68e-07	2.95e-04	1.48e-02	1.45e-01	2.63e-01	3.20e-01	1.93e-01	4.57e-02	1.09e-02	7.30e-03	3.69e-04	6.16e-06
 1.35523e+23	1.13e-23	2.35e-13	1.28e-10	4.52e-09	6.76e-08	7.70e-07	3.27e-04	1.61e-02	1.52e-01	2.69e-01	3.17e-01	1.86e-01	4.30e-02	1.01e-02	6.54e-03	3.19e-04	5.13e-06
 1.36405e+23	1.81e-23	3.37e-13	1.76e-10	5.96e-09	8.51e-08	9.29e-07	3.76e-04	1.78e-02	1.63e-01	2.75e-01	3.12e-01	1.78e-01	3.95e-02	8.98e-03	5.64e-03	2.62e-04	4.01e-06
 1.37304e+23	2.65e-23	4.50e-13	2.28e-10	7.45e-09	1.02e-07	1.08e-06	4.20e-04	1.94e-02	1.71e-01	2.80e-01	3.07e-01	1.71e-01	3.69e-02	8.18e-03	5.00e-03	2.23e-04	3.28e-06
 1.38225e+23	4.33e-23	6.58e-13	3.20e-10	9.95e-09	1.31e-07	1.32e-06	4.86e-04	2.16e-02	1.83e-01	2.86e-01	3.01e-01	1.62e-01	3.36e-02	7.24e-03	4.26e-03	1.80e-04	2.52e-06
 1.39164e+23	6.46e-23	8.92e-13	4.19e-10	1.26e-08	1.59e-07	1.56e-06	5.48e-04	2.36e-02	1.93e-01	2.91e-01	2.96e-01	1.55e-01	3.12e-02	6.54e-03	3.73e-03	1.51e-04	2.03e-06
 1.40127e+23	1.07e-22	1.33e-12	5.97e-10	1.71e-08	2.06e-07	1.93e-06	6.41e-04	2.64e-02	2.06e-01	2.96e-01	2.88e-01	1.46e-01	2.81e-02	5.72e-03	3.14e-03	1.20e-04	1.52e-06
 1.41100e+23	1.61e-22	1.81e-12	7.88e-10	2.17e-08	2.52e-07	2.29e-06	7.26e-04	2.89e-02	2.17e-01	2.99e-01	2.81e-01	1.39e-01	2.59e-02	5.14e-03	2.73e-03	1.00e-04	1.21e-06
 1.41921e+23	2.32e-22	2.40e-12	1.02e-09	2.71e-08	3.04e-07	2.68e-06	8.14e-04	3.14e-02	2.27e-01	3.02e-01	2.75e-01	1.32e-01	2.39e-02	4.65e-03	2.39e-03	8.42e-05	9.81e-07
 1.42813e+23	3.65e-22	3.45e-12	1.40e-09	3.59e-08	3.87e-07	3.28e-06	9.45e-04	3.50e-02	2.41e-01	3.05e-01	2.66e-01	1.24e-01	2.16e-02	4.08e-03	2.02e-03	6.74e-05	7.45e-07
 1.43709e+23	5.24e-22	4.57e-12	1.81e-09	4.50e-08	4.69e-07	3.86e-06	1.06e-03	3.81e-02	2.52e-01	3.07e-01	2.59e-01	1.18e-01	1.98e-02	3.67e-03	1.76e-03	5.64e-05	5.97e-07
 1.44585e+23	8.01e-22	6.42e-12	2.45e-09	5.88e-08	5.91e-07	4.71e-06	1.23e-03	4.22e-02	2.65e-01	3.09e-01	2.49e-01	1.10e-01	1.78e-02	3.22e-03	1.49e-03	4.52e-05	4.55e-07
 1.45478e+23	1.16e-21	8.57e-12	3.18e-09	7.43e-08	7.23e-07	5.60e-06	1.40e-03	4.62e-02	2.78e-01	3.09e-01	2.41e-01	1.04e-01	1.62e-02	2.86e-03	1.28e-03	3.73e-05	3.59e-07
 1.46353e+23	1.71e-21	1.18e-11	4.25e-09	9.62e-08	9.06e-07	6.80e-06	1.61e-03	5.11e-02	2.91e-01	3.09e-01	2.32e-01	9.70e-02	1.46e-02	2.51e-03	1.08e-03	2.99e-05	2.74e-07
 1.47247e+23	2.46e-21	1.58e-11	5.54e-09	1.22e-07	1.12e-06	8.17e-06	1.84e-03	5.61e-02	3.04e-01	3.09e-01	2.22e-01	9.06e-02	1.32e-02	2.21e-03	9.23e-04	2.43e-05	2.12e-07
 1.48130e+23	3.56e-21	2.13e-11	7.28e-09	1.57e-07	1.39e-06	9.89e-06	2.12e-03	6.18e-02	3.18e-01	3.07e-01	2.13e-01	8.41e-02	1.18e-02	1.93e-03	7.78e-04	1.95e-05	1.62e-07
 1.49019e+23	5.05e-21	2.82e-11	9.45e-09	1.99e-07	1.72e-06	1.19e-05	2.43e-03	6.78e-02	3.31e-01	3.05e-01	2.03e-01	7.80e-02	1.05e-02	1.69e-03	6.56e-04	1.57e-05	1.24e-07
 1.49897e+23	7.11e-21	3.72e-11	1.22e-08	2.52e-07	2.12e-06	1.44e-05	2.79e-03	7.45e-02	3.44e-01	3.02e-01	1.93e-01	7.21e-02	9.39e-03	1.47e-03	5.52e-04	1.26e-05	0.00e+00
 1.50774e+23	9.91e-21	4.87e-11	1.57e-08	3.18e-07	2.61e-06	1.73e-05	3.19e-03	8.16e-02	3.56e-01	2.99e-01	1.83e-01	6.65e-02	8.35e-03	1.28e-03	4.64e-04	1.01e-05	0.00e+00
 1.51652e+23	1.37e-20	6.32e-11	2.00e-08	4.00e-07	3.21e-06	2.08e-05	3.65e-03	8.93e-02	3.69e-01	2.94e-01	1.74e-01	6.11e-02	7.41e-03	1.11e-03	3.88e-04	8.02e-06	0.00e+00
 1.52533e+23	1.87e-20	8.14e-11	2.54e-08	5.01e-07	3.93e-06	2.49e-05	4.16e-03	9.76e-02	3.81e-01	2.90e-01	1.64e-01	5.60e-02	6.55e-03	9.60e-04	3.24e-04	6.38e-06	0.00e+00
 1.53418e+23	2.54e-20	1.04e-10	3.21e-08	6.26e-07	4.81e-06	2.99e-05	4.75e-03	1.07e-01	3.92e-01	2.84e-01	1.54e-01	5.11e-02	5.77e-03	8.26e-04	2.69e-04	5.06e-06	0.00e+00
 1.54311e+23	3.43e-20	1.32e-10	4.04e-08	7.79e-07	5.87e-06	3.59e-05	5.42e-03	1.16e-01	4.03e-01	2.78e-01	1.45e-01	4.65e-02	5.06e-03	7.09e-04	2.23e-04	3.99e-06	0.00e+00
 1.55215e+23	4.59e-20	1.67e-10	5.06e-08	9.69e-07	7.15e-06	4.30e-05	6.17e-03	1.26e-01	4.14e-01	2.71e-01	1.35e-01	4.21e-02	4.43e-03	6.06e-04	1.84e-04	3.14e-06	0.00e+00
 1.56123e+23	6.07e-20	2.09e-10	6.29e-08	1.20e-06	8.68e-06	5.14e-05	7.01e-03	1.37e-01	4.23e-01	2.64e-01	1.26e-01	3.81e-02	3.87e-03	5.16e-04	1.52e-04	2.46e-06	0.00e+00
 1.57045e+23	8.02e-20	2.60e-10	7.83e-08	1.48e-06	1.06e-05	6.16e-05	7.97e-03	1.49e-01	4.32e-01	2.56e-01	1.17e-01	3.42e-02	3.35e-03	4.37e-04	1.24e-04	1.92e-06	0.00e+00
 1.57978e+23	1.05e-19	3.21e-10	9.65e-08	1.82e-06	1.28e-05	7.33e-05	9.02e-03	1.61e-01	4.40e-01	2.48e-01	1.09e-01	3.07e-02	2.91e-03	3.70e-04	1.02e-04	1.49e-06	0.00e+00
 1.58929e+23	1.37e-19	3.97e-10	1.19e-07	2.25e-06	1.55e-05	8.78e-05	1.02e-02	1.74e-01	4.47e-01	2.39e-01	1.00e-01	2.74e-02	2.50e-03	3.10e-04	8.23e-05	1.15e-06	0.00e+00
 1.59897e+23	1.76e-19	4.85e-10	1.46e-07	2.75e-06	1.87e-05	1.04e-04	1.16e-02	1.87e-01	4.53e-01	2.30e-01	9.23e-02	2.44e-02	2.15e-03	2.60e-04	6.67e-05	8.88e-07	0.00e+00
 1.60784e+23	2.18e-19	5.71e-10	1.73e-07	3.25e-06	2.18e-05	1.21e-04	1.28e-02	1.98e-01	4.56e-01	2.22e-01	8.60e-02	2.21e-02	1.89e-03	2.24e-04	5.59e-05	7.13e-07	0.00e+00
 1.61711e+23	2.80e-19	6.96e-10	2.12e-07	4.00e-06	2.64e-05	1.45e-04	1.45e-02	2.13e-01	4.60e-01	2.12e-01	7.83e-02	1.94e-02	1.60e-03	1.84e-04	4.45e-05	5.38e-07	0.00e+00
 1.62652e+23	2.73e-18	8.14e-10	2.49e-07	4.71e-06	3.07e-05	1.67e-04	1.60e-02	2.26e-01	4.62e-01	2.04e-01	7.25e-02	1.75e-02	1.40e-03	1.58e-04	3.70e-05	4.29e-07	0.00e+00
 1.63624e+23	3.52e-18	9.90e-10	3.06e-07	5.79e-06	3.72e-05	2.00e-04	1.81e-02	2.42e-01	4.64e-01	1.94e-01	6.56e-02	1.52e-02	1.18e-03	1.29e-04	2.91e-05	3.19e-07	0.00e+00
 1.64597e+23	4.27e-18	1.15e-09	3.57e-07	6.77e-06	4.30e-05	2.30e-04	1.99e-02	2.55e-01	4.64e-01	1.86e-01	6.05e-02	1.37e-02	1.03e-03	1.10e-04	2.42e-05	2.54e-07	0.00e+00
 1.65572e+23	5.43e-18	1.37e-09	4.33e-07	8.26e-06	5.17e-05	2.74e-04	2.24e-02	2.72e-01	4.63e-01	1.76e-01	5.45e-02	1.19e-02	8.59e-04	8.90e-05	1.89e-05	1.89e-07	0.00e+00
 1.66551e+23	6.59e-18	1.58e-09	5.03e-07	9.60e-06	5.93e-05	3.12e-04	2.45e-02	2.84e-01	4.61e-01	1.68e-01	5.02e-02	1.06e-02	7.49e-04	7.58e-05	1.57e-05	1.50e-07	0.00e+00
 1.67536e+23	8.35e-18	1.87e-09	6.06e-07	1.16e-05	7.08e-05	3.70e-04	2.74e-02	3.01e-01	4.58e-01	1.58e-01	4.50e-02	9.21e-03	6.25e-04	6.14e-05	1.23e-05	0.00e+00	0.00e+00
 1.68531e+23	1.02e-17	2.14e-09	7.00e-07	1.35e-05	8.11e-05	4.21e-04	2.98e-02	3.14e-01	4.55e-01	1.50e-01	4.13e-02	8.22e-03	5.43e-04	5.21e-05	1.02e-05	0.00e+00	0.00e+00
 1.69541e+23	1.29e-17	2.53e-09	8.40e-07	1.62e-05	9.63e-05	4.97e-04	3.32e-02	3.32e-01	4.49e-01	1.41e-01	3.69e-02	7.08e-03	4.51e-04	4.20e-05	7.95e-06	0.00e+00	0.00e+00
 1.70564e+23	1.58e-17	2.88e-09	9.69e-07	1.87e-05	1.10e-04	5.64e-04	3.61e-02	3.45e-01	4.44e-01	1.34e-01	3.37e-02	6.29e-03	3.90e-04	3.54e-05	6.54e-06	0.00e+00	0.00e+00
 1.71605e+23	2.03e-17	3.39e-09	1.16e-06	2.25e-05	1.30e-04	6.65e-04	4.01e-02	3.62e-01	4.37e-01	1.25e-01	2.99e-02	5.39e-03	3.22e-04	2.83e-05	5.06e-06	0.00e+00	0.00e+00
 1.72665e+23	2.52e-17	3.87e-09	1.34e-06	2.61e-05	1.49e-04	7.55e-04	4.35e-02	3.76e-01	4.30e-01	1.18e-01	2.72e-02	4.76e-03	2.76e-04	2.37e-05	4.13e-06	0.00e+00	0.00e+00
 1.73751e+23	3.30e-17	4.55e-09	1.61e-06	3.14e-05	1.76e-04	8.89e-04	4.83e-02	3.93e-01	4.20e-01	1.09e-01	2.40e-02	4.04e-03	2.26e-04	1.88e-05	3.17e-06	0.00e+00	0.00e+00
 1.74863e+23	4.22e-17	5.22e-09	1.86e-06	3.63e-05	2.01e-04	1.01e-03	5.23e-02	4.06e-01	4.12e-01	1.02e-01	2.17e-02	3.54e-03	1.93e-04	1.56e-05	2.56e-06	0.00e+00	0.00e+00
 1.76008e+23	5.70e-17	6.16e-09	2.24e-06	4.38e-05	2.38e-04	1.19e-03	5.80e-02	4.24e-01	4.01e-01	9.41e-02	1.89e-02	2.98e-03	1.56e-04	1.22e-05	1.94e-06	0.00e+00	0.00e+00
 1.77173e+23	7.59e-17	7.10e-09	2.61e-06	5.08e-05	2.72e-04	1.35e-03	6.26e-02	4.36e-01	3.92e-01	8.80e-02	1.70e-02	2.60e-03	1.32e-04	1.01e-05	1.56e-06	0.00e+00	0.00e+00
 1.78157e+23	9.78e-17	7.99e-09	2.97e-06	5.79e-05	3.05e-04	1.51e-03	6.71e-02	4.48e-01	3.83e-01	8.27e-02	1.54e-02	2.30e-03	1.14e-04	8.49e-06	1.28e-06	0.00e+00	0.00e+00
 1.79227e+23	1.38e-16	9.32e-09	3.52e-06	6.85e-05	3.54e-04	1.75e-03	7.33e-02	4.62e-01	3.71e-01	7.62e-02	1.36e-02	1.95e-03	9.34e-05	6.77e-06	9.87e-07	0.00e+00	0.00e+00
 1.80264e+23	1.85e-16	1.04e-08	3.97e-06	7.71e-05	3.93e-04	1.93e-03	7.78e-02	4.71e-01	3.62e-01	7.19e-02	1.24e-02	1.74e-03	8.12e-05	5.76e-06	8.22e-07	0.00e+00	0.00e+00
 1.81259e+23	2.68e-16	1.20e-08	4.62e-06	8.97e-05	4.49e-04	2.20e-03	8.41e-02	4.84e-01	3.50e-01	6.64e-02	1.10e-02	1.49e-03	6.75e-05	4.66e-06	6.45e-07	0.00e+00	0.00e+00
 1.82264e+23	4.01e-16	1.35e-08	5.24e-06	1.01e-04	4.98e-04	2.43e-03	8.91e-02	4.92e-01	3.42e-01	6.25e-02	1.00e-02	1.33e-03	5.87e-05	3.97e-06	5.37e-07	0.00e+00	0.00e+00
 1.83282e+23	6.68e-16	1.56e-08	6.12e-06	1.18e-04	5.68e-04	2.76e-03	9.60e-02	5.03e-01	3.30e-01	5.75e-02	8.87e-03	1.14e-03	4.86e-05	3.20e-06	4.21e-07	0.00e+00	0.00e+00
 1.84316e+23	1.25e-15	1.77e-08	6.96e-06	1.33e-04	6.30e-04	3.04e-03	1.02e-01	5.11e-01	3.20e-01	5.40e-02	8.06e-03	1.01e-03	4.20e-05	2.70e-06	3.48e-07	0.00e+00	0.00e+00
 1.85370e+23	2.73e-15	2.05e-08	8.16e-06	1.55e-04	7.18e-04	3.45e-03	1.09e-01	5.21e-01	3.08e-01	4.95e-02	7.08e-03	8.59e-04	3.46e-05	2.16e-06	2.70e-07	0.00e+00	0.00e+00
 1.86439e+23	7.61e-15	2.34e-08	9.32e-06	1.75e-04	7.96e-04	3.80e-03	1.16e-01	5.28e-01	2.98e-01	4.62e-02	6.41e-03	7.58e-04	2.98e-05	1.82e-06	2.23e-07	0.00e+00	0.00e+00
 1.87529e+23	2.03e-14	2.73e-08	1.10e-05	2.04e-04	9.08e-04	4.32e-03	1.24e-01	5.37e-01	2.85e-01	4.22e-02	5.60e-03	6.41e-04	2.43e-05	1.45e-06	1.72e-07	0.00e+00	0.00e+00
 1.88639e+23	4.20e-14	3.15e-08	1.26e-05	2.32e-04	1.01e-03	4.75e-03	1.31e-01	5.43e-01	2.75e-01	3.93e-02	5.05e-03	5.63e-04	2.08e-05	1.21e-06	1.40e-07	0.00e+00	0.00e+00
 1.89776e+23	6.44e-14	3.71e-08	1.49e-05	2.71e-04	1.15e-03	5.41e-03	1.41e-01	5.50e-01	2.62e-01	3.56e-02	4.38e-03	4.72e-04	1.69e-05	9.55e-07	0.00e+00	0.00e+00	0.00e+00
 1.90937e+23	8.64e-14	4.30e-08	1.72e-05	3.09e-04	1.28e-03	5.97e-03	1.48e-01	5.55e-01	2.52e-01	3.30e-02	3.92e-03	4.11e-04	1.43e-05	7.91e-07	0.00e+00	0.00e+00	0.00e+00
 1.92129e+23	1.19e-13	5.15e-08	2.06e-05	3.64e-04	1.46e-03	6.78e-03	1.59e-01	5.60e-01	2.39e-01	2.97e-02	3.38e-03	3.43e-04	1.15e-05	6.18e-07	0.00e+00	0.00e+00	0.00e+00
 1.93355e+23	1.52e-13	6.03e-08	2.40e-05	4.17e-04	1.63e-03	7.50e-03	1.68e-01	5.63e-01	2.28e-01	2.73e-02	3.00e-03	2.96e-04	9.64e-06	5.06e-07	0.00e+00	0.00e+00	0.00e+00
 1.94623e+23	2.03e-13	7.35e-08	2.91e-05	4.96e-04	1.88e-03	8.55e-03	1.80e-01	5.67e-01	2.15e-01	2.44e-02	2.57e-03	2.44e-04	7.65e-06	3.89e-07	0.00e+00	0.00e+00	0.00e+00
 1.95902e+23	2.58e-13	8.70e-08	3.41e-05	5.69e-04	2.09e-03	9.42e-03	1.89e-01	5.69e-01	2.05e-01	2.24e-02	2.27e-03	2.10e-04	6.40e-06	3.19e-07	0.00e+00	0.00e+00	0.00e+00
 1.97196e+23	3.37e-13	1.07e-07	4.14e-05	6.76e-04	2.40e-03	1.07e-02	2.02e-01	5.70e-01	1.92e-01	1.99e-02	1.93e-03	1.72e-04	5.04e-06	2.43e-07	0.00e+00	0.00e+00	0.00e+00
 1.98504e+23	4.25e-13	1.27e-07	4.86e-05	7.77e-04	2.67e-03	1.18e-02	2.12e-01	5.70e-01	1.83e-01	1.82e-02	1.71e-03	1.48e-04	4.21e-06	1.98e-07	0.00e+00	0.00e+00	0.00e+00
 1.99830e+23	4.97e-13	1.57e-07	5.94e-05	9.25e-04	3.06e-03	1.34e-02	2.26e-01	5.69e-01	1.70e-01	1.61e-02	1.44e-03	1.20e-04	3.30e-06	1.51e-07	0.00e+00	0.00e+00	0.00e+00
 2.01181e+23	4.79e-15	1.90e-07	7.02e-05	1.07e-03	3.42e-03	1.47e-02	2.37e-01	5.67e-01	1.61e-01	1.47e-02	1.27e-03	1.02e-04	2.73e-06	1.22e-07	0.00e+00	0.00e+00	0.00e+00
 2.02376e+23	1.22e-15	2.26e-07	8.24e-05	1.22e-03	3.80e-03	1.62e-02	2.48e-01	5.64e-01	1.52e-01	1.33e-02	1.11e-03	8.70e-05	2.25e-06	0.00e+00	0.00e+00	0.00e+00	0.00e+00
 2.03745e+23	1.85e-15	2.86e-07	1.02e-04	1.46e-03	4.34e-03	1.83e-02	2.62e-01	5.60e-01	1.41e-01	1.17e-02	9.34e-04	7.07e-05	1.76e-06	0.00e+00	0.00e+00	0.00e+00	0.00e+00
 2.05139e+23	2.73e-15	3.45e-07	1.20e-04	1.69e-03	4.84e-03	2.02e-02	2.74e-01	5.55e-01	1.33e-01	1.06e-02	8.10e-04	5.95e-05	1.43e-06	0.00e+00	0.00e+00	0.00e+00	0.00e+00
 2.06268e+23	3.78e-15	4.07e-07	1.39e-04	1.91e-03	5.30e-03	2.18e-02	2.84e-01	5.50e-01	1.26e-01	9.66e-03	7.20e-04	5.15e-05	1.21e-06	0.00e+00	0.00e+00	0.00e+00	0.00e+00
 2.07440e+23	6.31e-15	4.97e-07	1.66e-04	2.20e-03	5.90e-03	2.39e-02	2.96e-01	5.44e-01	1.18e-01	8.70e-03	6.26e-04	4.34e-05	9.86e-07	0.00e+00	0.00e+00	0.00e+00	0.00e+00
 2.08672e+23	9.85e-15	5.94e-07	1.93e-04	2.50e-03	6.48e-03	2.60e-02	3.07e-01	5.38e-01	1.11e-01	7.90e-03	5.50e-04	3.71e-05	8.21e-07	0.00e+00	0.00e+00	0.00e+00	0.00e+00
 2.09802e+23	1.64e-14	7.08e-07	2.25e-04	2.83e-03	7.11e-03	2.82e-02	3.18e-01	5.32e-01	1.04e-01	7.18e-03	4.85e-04	3.19e-05	6.86e-07	0.00e+00	0.00e+00	0.00e+00	0.00e+00
 2.11092e+23	3.35e-14	8.86e-07	2.72e-04	3.32e-03	7.97e-03	3.10e-02	3.31e-01	5.23e-01	9.67e-02	6.37e-03	4.14e-04	2.63e-05	5.47e-07	0.00e+00	0.00e+00	0.00e+00	0.00e+00
 2.12417e+23	1.23e-13	1.07e-06	3.22e-04	3.80e-03	8.79e-03	3.39e-02	3.43e-01	5.14e-01	9.01e-02	5.71e-03	3.58e-04	2.21e-05	4.46e-07	0.00e+00	0.00e+00	0.00e+00	0.00e+00
 2.13582e+23	2.56e-13	1.29e-06	3.75e-04	4.31e-03	9.62e-03	3.65e-02	3.54e-01	5.05e-01	8.45e-02	5.17e-03	3.15e-04	1.89e-05	3.71e-07	0.00e+00	0.00e+00	0.00e+00	0.00e+00
 2.14890e+23	8.07e-13	1.62e-06	4.55e-04	5.03e-03	1.08e-02	4.01e-02	3.67e-01	4.94e-01	7.79e-02	4.56e-03	2.67e-04	1.55e-05	2.95e-07	0.00e+00	0.00e+00	0.00e+00	0.00e+00
 2.16257e+23	3.46e-12	1.99e-06	5.40e-04	5.78e-03	1.19e-02	4.37e-02	3.79e-01	4.83e-01	7.21e-02	4.06e-03	2.30e-04	1.29e-05	2.38e-07	0.00e+00	0.00e+00	0.00e+00	0.00e+00
 2.17491e+23	5.50e-12	2.41e-06	6.35e-04	6.58e-03	1.30e-02	4.71e-02	3.89e-01	4.73e-01	6.71e-02	3.65e-03	2.00e-04	1.09e-05	1.96e-07	0.00e+00	0.00e+00	0.00e+00	0.00e+00
 2.18884e+23	8.94e-12	3.08e-06	7.78e-04	7.73e-03	1.46e-02	5.16e-02	4.02e-01	4.59e-01	6.12e-02	3.18e-03	1.68e-04	8.86e-06	1.53e-07	0.00e+00	0.00e+00	0.00e+00	0.00e+00
 2.20323e+23	1.30e-11	3.81e-06	9.29e-04	8.91e-03	1.61e-02	5.61e-02	4.13e-01	4.46e-01	5.61e-02	2.81e-03	1.43e-04	7.30e-06	1.22e-07	0.00e+00	0.00e+00	0.00e+00	0.00e+00
 2.21606e+23	1.75e-11	4.67e-06	1.10e-03	1.02e-02	1.76e-02	6.03e-02	4.23e-01	4.33e-01	5.18e-02	2.50e-03	1.23e-04	6.12e-06	0.00e+00	0.00e+00	0.00e+00	0.00e+00	0.00e+00
 2.23058e+23	2.54e-11	6.02e-06	1.35e-03	1.19e-02	1.97e-02	6.60e-02	4.35e-01	4.17e-01	4.68e-02	2.16e-03	1.02e-04	4.90e-06	0.00e+00	0.00e+00	0.00e+00	0.00e+00	0.00e+00
 2.24569e+23	3.51e-11	7.55e-06	1.62e-03	1.38e-02	2.17e-02	7.15e-02	4.44e-01	4.02e-01	4.26e-02	1.89e-03	8.60e-05	3.99e-06	0.00e+00	0.00e+00	0.00e+00	0.00e+00	0.00e+00
 2.25931e+23	4.68e-11	9.33e-06	1.93e-03	1.58e-02	2.38e-02	7.68e-02	4.53e-01	3.88e-01	3.89e-02	1.66e-03	7.32e-05	3.30e-06	0.00e+00	0.00e+00	0.00e+00	0.00e+00	0.00e+00
 2.27477e+23	6.76e-11	1.22e-05	2.40e-03	1.87e-02	2.66e-02	8.40e-02	4.63e-01	3.69e-01	3.45e-02	1.41e-03	5.94e-05	2.57e-06	0.00e+00	0.00e+00	0.00e+00	0.00e+00	0.00e+00
 2.29061e+23	9.13e-11	1.54e-05	2.89e-03	2.15e-02	2.92e-02	9.04e-02	4.70e-01	3.53e-01	3.11e-02	1.23e-03	4.97e-05	2.08e-06	0.00e+00	0.00e+00	0.00e+00	0.00e+00	0.00e+00
 2.30481e+23	1.22e-10	1.92e-05	3.44e-03	2.46e-02	3.19e-02	9.68e-02	4.76e-01	3.38e-01	2.81e-02	1.07e-03	4.17e-05	1.70e-06	0.00e+00	0.00e+00	0.00e+00	0.00e+00	0.00e+00
 2.32110e+23	1.76e-10	2.55e-05	4.32e-03	2.93e-02	3.57e-02	1.06e-01	4.82e-01	3.17e-01	2.45e-02	8.90e-04	3.32e-05	1.30e-06	0.00e+00	0.00e+00	0.00e+00	0.00e+00	0.00e+00
 2.33757e+23	2.34e-10	3.20e-05	5.17e-03	3.35e-02	3.90e-02	1.13e-01	4.86e-01	3.01e-01	2.19e-02	7.65e-04	2.74e-05	1.04e-06	0.00e+00	0.00e+00	0.00e+00	0.00e+00	0.00e+00
 2.35425e+23	3.36e-10	4.25e-05	6.46e-03	3.96e-02	4.33e-02	1.22e-01	4.89e-01	2.80e-01	1.89e-02	6.34e-04	2.17e-05	7.89e-07	0.00e+00	0.00e+00	0.00e+00	0.00e+00	0.00e+00
 2.37121e+23	4.52e-10	5.36e-05	7.76e-03	4.54e-02	4.72e-02	1.30e-01	4.89e-01	2.63e-01	1.67e-02	5.40e-04	1.78e-05	6.25e-07	0.00e+00	0.00e+00	0.00e+00	0.00e+00	0.00e+00
 2.38627e+23	6.02e-10	6.72e-05	9.25e-03	5.17e-02	5.11e-02	1.38e-01	4.88e-01	2.47e-01	1.48e-02	4.61e-04	1.46e-05	4.96e-07	0.00e+00	0.00e+00	0.00e+00	0.00e+00	0.00e+00
 2.40358e+23	8.68e-10	8.98e-05	1.16e-02	6.09e-02	5.65e-02	1.48e-01	4.85e-01	2.26e-01	1.25e-02	3.74e-04	1.12e-05	3.67e-07	0.00e+00	0.00e+00	0.00e+00	0.00e+00	0.00e+00
 2.42111e+23	1.16e-09	1.13e-04	1.38e-02	6.91e-02	6.09e-02	1.56e-01	4.80e-01	2.09e-01	1.09e-02	3.15e-04	9.08e-06	2.88e-07	0.00e+00	0.00e+00	0.00e+00	0.00e+00	0.00e+00
 2.43893e+23	1.67e-09	1.51e-04	1.72e-02	8.10e-02	6.68e-02	1.66e-01	4.71e-01	1.89e-01	9.09e-03	2.52e-04	6.88e-06	2.09e-07	0.00e+00	0.00e+00	0.00e+00	0.00e+00	0.00e+00
 2.45698e+23	2.23e-09	1.89e-04	2.04e-02	9.15e-02	7.16e-02	1.73e-01	4.62e-01	1.73e-01	7.83e-03	2.10e-04	5.49e-06	1.62e-07	0.00e+00	0.00e+00	0.00e+00	0.00e+00	0.00e+00
 2.47535e+23	3.22e-09	2.52e-04	2.54e-02	1.06e-01	7.78e-02	1.82e-01	4.47e-01	1.54e-01	6.41e-03	1.65e-04	4.08e-06	0.00e+00	0.00e+00	0.00e+00	0.00e+00	0.00e+00	0.00e+00
 2.49395e+23	4.29e-09	3.15e-04	3.00e-02	1.19e-01	8.27e-02	1.89e-01	4.34e-01	1.39e-01	5.44e-03	1.36e-04	3.21e-06	0.00e+00	0.00e+00	0.00e+00	0.00e+00	0.00e+00	0.00e+00
 2.51018e+23	5.65e-09	3.90e-04	3.51e-02	1.33e-01	8.74e-02	1.94e-01	4.19e-01	1.26e-01	4.61e-03	1.12e-04	2.53e-06	0.00e+00	0.00e+00	0.00e+00	0.00e+00	0.00e+00	0.00e+00
 2.52537e+23	7.20e-09	4.71e-04	4.03e-02	1.46e-01	9.15e-02	1.99e-01	4.05e-01	1.14e-01	3.97e-03	9.38e-05	2.04e-06	0.00e+00	0.00e+00	0.00e+00	0.00e+00	0.00e+00	0.00e+00
 2.54186e+23	9.77e-09	5.96e-04	4.79e-02	1.63e-01	9.65e-02	2.03e-01	3.85e-01	1.01e-01	3.25e-03	7.45e-05	1.54e-06	0.00e+00	0.00e+00	0.00e+00	0.00e+00	0.00e+00	0.00e+00
 2.55848e+23	1.24e-08	7.17e-04	5.47e-02	1.78e-01	1.00e-01	2.06e-01	3.68e-01	9.02e-02	2.75e-03	6.16e-05	1.22e-06	0.00e+00	0.00e+00	0.00e+00	0.00e+00	0.00e+00	0.00e+00
 2.57293e+23	1.56e-08	8.54e-04	6.19e-02	1.92e-01	1.04e-01	2.08e-01	3.50e-01	8.09e-02	2.34e-03	5.11e-05	9.69e-07	0.00e+00	0.00e+00	0.00e+00	0.00e+00	0.00e+00	0.00e+00
 2.58941e+23	2.09e-08	1.06e-03	7.22e-02	2.11e-01	1.07e-01	2.09e-01	3.27e-01	6.99e-02	1.89e-03	4.00e-05	7.21e-07	0.00e+00	0.00e+00	0.00e+00	0.00e+00	0.00e+00	0.00e+00
 2.60624e+23	2.64e-08	1.27e-03	8.17e-02	2.27e-01	1.10e-01	2.09e-01	3.08e-01	6.15e-02	1.56e-03	3.25e-05	5.58e-07	0.00e+00	0.00e+00	0.00e+00	0.00e+00	0.00e+00	0.00e+00
 2.62353e+23	3.50e-08	1.56e-03	9.44e-02	2.47e-01	1.13e-01	2.07e-01	2.83e-01	5.23e-02	1.24e-03	2.50e-05	4.08e-07	0.00e+00	0.00e+00	0.00e+00	0.00e+00	0.00e+00	0.00e+00
 2.64111e+23	4.44e-08	1.86e-03	1.06e-01	2.63e-01	1.15e-01	2.05e-01	2.62e-01	4.51e-02	1.01e-03	1.99e-05	3.09e-07	0.00e+00	0.00e+00	0.00e+00	0.00e+00	0.00e+00	0.00e+00
