#depth	Si	Si+	Si+2	Si+3	Si+4	Si+5	Si+6	Si+7	Si+8	Si+9	Si+10	Si+11	Si+12	Si+13	Si+14
 1.54284e+22	1.68e-30	2.02e-17	2.53e-14	4.77e-12	3.29e-08	1.06e-05	7.25e-04	1.12e-02	6.71e-02	1.51e-01	1.47e-01	1.39e-01	3.67e-01	1.08e-01	9.92e-03
 3.42792e+22	1.51e-29	2.29e-16	2.00e-13	2.45e-11	1.46e-07	4.28e-05	2.55e-03	3.20e-02	1.42e-01	2.39e-01	1.71e-01	1.21e-01	2.39e-01	4.93e-02	3.18e-03
 3.94128e+22	5.36e-29	6.66e-16	5.02e-13	5.14e-11	2.74e-07	7.58e-05	4.19e-03	4.76e-02	1.84e-01	2.71e-01	1.69e-01	1.06e-01	1.83e-01	3.23e-02	1.78e-03
 4.19796e+22	9.92e-29	1.12e-15	7.85e-13	7.35e-11	3.69e-07	9.90e-05	5.27e-03	5.71e-02	2.06e-01	2.84e-01	1.65e-01	9.78e-02	1.58e-01	2.57e-02	1.31e-03
 4.31739e+22	1.26e-28	1.37e-15	9.35e-13	8.46e-11	4.15e-07	1.10e-04	5.75e-03	6.11e-02	2.14e-01	2.88e-01	1.63e-01	9.44e-02	1.49e-01	2.35e-02	1.16e-03
 4.39529e+22	1.72e-28	1.78e-15	1.17e-12	1.01e-10	4.79e-07	1.25e-04	6.42e-03	6.66e-02	2.25e-01	2.93e-01	1.60e-01	8.99e-02	1.37e-01	2.08e-02	9.83e-04
 4.47841e+22	2.25e-28	2.23e-15	1.42e-12	1.18e-10	5.43e-07	1.40e-04	7.07e-03	7.18e-02	2.35e-01	2.96e-01	1.57e-01	8.59e-02	1.28e-01	1.86e-02	8.49e-04
 4.56833e+22	3.15e-28	2.97e-15	1.81e-12	1.43e-10	6.33e-07	1.60e-04	7.94e-03	7.85e-02	2.47e-01	3.00e-01	1.53e-01	8.10e-02	1.16e-01	1.62e-02	7.06e-04
 4.65516e+22	4.07e-28	3.70e-15	2.18e-12	1.65e-10	7.10e-07	1.78e-04	8.68e-03	8.41e-02	2.56e-01	3.02e-01	1.49e-01	7.72e-02	1.08e-01	1.44e-02	6.08e-04
 4.72477e+22	5.11e-28	4.50e-15	2.57e-12	1.88e-10	7.85e-07	1.94e-04	9.38e-03	8.92e-02	2.65e-01	3.03e-01	1.46e-01	7.39e-02	1.00e-01	1.30e-02	5.32e-04
 4.80205e+22	6.84e-28	5.79e-15	3.18e-12	2.21e-10	8.92e-07	2.18e-04	1.03e-02	9.62e-02	2.75e-01	3.04e-01	1.41e-01	6.96e-02	9.14e-02	1.14e-02	4.46e-04
 4.88179e+22	8.72e-28	7.14e-15	3.79e-12	2.54e-10	9.90e-07	2.39e-04	1.12e-02	1.02e-01	2.83e-01	3.05e-01	1.37e-01	6.61e-02	8.44e-02	1.02e-02	3.84e-04
 4.96476e+22	1.19e-27	9.36e-15	4.75e-12	3.01e-10	1.13e-06	2.69e-04	1.24e-02	1.10e-01	2.94e-01	3.04e-01	1.32e-01	6.17e-02	7.59e-02	8.73e-03	3.15e-04
 5.04806e+22	1.51e-27	1.15e-14	5.65e-12	3.45e-10	1.25e-06	2.95e-04	1.34e-02	1.17e-01	3.02e-01	3.04e-01	1.28e-01	5.84e-02	6.99e-02	7.76e-03	2.70e-04
 5.13182e+22	2.06e-27	1.52e-14	7.09e-12	4.10e-10	1.42e-06	3.30e-04	1.48e-02	1.26e-01	3.12e-01	3.02e-01	1.22e-01	5.42e-02	6.23e-02	6.59e-03	2.19e-04
 5.21659e+22	2.61e-27	1.88e-14	8.47e-12	4.70e-10	1.57e-06	3.61e-04	1.59e-02	1.34e-01	3.19e-01	2.99e-01	1.17e-01	5.10e-02	5.70e-02	5.81e-03	1.86e-04
 5.30267e+22	3.56e-27	2.50e-14	1.07e-11	5.59e-10	1.78e-06	4.04e-04	1.75e-02	1.44e-01	3.29e-01	2.96e-01	1.11e-01	4.70e-02	5.04e-02	4.89e-03	1.49e-04
 5.39047e+22	4.57e-27	3.14e-14	1.28e-11	6.44e-10	1.97e-06	4.42e-04	1.89e-02	1.52e-01	3.36e-01	2.92e-01	1.06e-01	4.39e-02	4.56e-02	4.25e-03	1.25e-04
 5.48049e+22	6.28e-27	4.23e-14	1.63e-11	7.73e-10	2.24e-06	4.96e-04	2.09e-02	1.64e-01	3.45e-01	2.87e-01	9.97e-02	4.01e-02	3.99e-02	3.52e-03	9.80e-05
 5.57233e+22	8.11e-27	5.39e-14	1.99e-11	8.96e-10	2.48e-06	5.43e-04	2.25e-02	1.74e-01	3.51e-01	2.82e-01	9.45e-02	3.71e-02	3.57e-02	3.02e-03	8.05e-05
 5.66655e+22	1.13e-26	7.40e-14	2.56e-11	1.09e-09	2.83e-06	6.10e-04	2.49e-02	1.87e-01	3.58e-01	2.74e-01	8.77e-02	3.36e-02	3.07e-02	2.46e-03	6.19e-05
 5.76160e+22	1.45e-26	9.50e-14	3.13e-11	1.26e-09	3.15e-06	6.69e-04	2.69e-02	1.98e-01	3.64e-01	2.68e-01	8.25e-02	3.09e-02	2.73e-02	2.08e-03	5.02e-05
 5.84131e+22	1.83e-26	1.19e-13	3.77e-11	1.45e-09	3.47e-06	7.27e-04	2.88e-02	2.09e-01	3.68e-01	2.61e-01	7.79e-02	2.86e-02	2.44e-02	1.79e-03	4.14e-05
 5.92765e+22	2.44e-26	1.61e-13	4.77e-11	1.74e-09	3.93e-06	8.08e-04	3.14e-02	2.22e-01	3.72e-01	2.53e-01	7.20e-02	2.59e-02	2.11e-02	1.47e-03	3.22e-05
 6.01488e+22	3.09e-26	2.04e-13	5.77e-11	2.02e-09	4.35e-06	8.80e-04	3.37e-02	2.34e-01	3.75e-01	2.45e-01	6.75e-02	2.38e-02	1.87e-02	1.25e-03	2.63e-05
 6.10008e+22	4.05e-26	2.72e-13	7.27e-11	2.41e-09	4.91e-06	9.75e-04	3.66e-02	2.48e-01	3.78e-01	2.36e-01	6.22e-02	2.15e-02	1.62e-02	1.02e-03	2.05e-05
 6.18703e+22	5.14e-26	3.51e-13	8.91e-11	2.82e-09	5.49e-06	1.07e-03	3.93e-02	2.61e-01	3.79e-01	2.27e-01	5.77e-02	1.97e-02	1.42e-02	8.59e-04	1.64e-05
 6.27227e+22	6.62e-26	4.67e-13	1.12e-10	3.37e-09	6.21e-06	1.18e-03	4.25e-02	2.75e-01	3.80e-01	2.18e-01	5.30e-02	1.77e-02	1.22e-02	7.05e-04	1.28e-05
 6.35929e+22	8.41e-26	6.12e-13	1.39e-10	4.00e-09	7.00e-06	1.30e-03	4.57e-02	2.90e-01	3.79e-01	2.08e-01	4.87e-02	1.60e-02	1.06e-02	5.83e-04	1.01e-05
 6.44538e+22	1.08e-25	8.11e-13	1.74e-10	4.80e-09	7.96e-06	1.44e-03	4.93e-02	3.05e-01	3.78e-01	1.98e-01	4.45e-02	1.44e-02	9.15e-03	4.78e-04	7.90e-06
 6.53192e+22	1.37e-25	1.07e-12	2.18e-10	5.75e-09	9.04e-06	1.59e-03	5.31e-02	3.20e-01	3.76e-01	1.88e-01	4.06e-02	1.30e-02	7.88e-03	3.92e-04	6.18e-06
 6.61746e+22	1.73e-25	1.42e-12	2.73e-10	6.90e-09	1.03e-05	1.75e-03	5.71e-02	3.35e-01	3.73e-01	1.78e-01	3.70e-02	1.17e-02	6.77e-03	3.21e-04	4.82e-06
 6.70287e+22	2.19e-25	1.87e-12	3.43e-10	8.30e-09	1.18e-05	1.94e-03	6.14e-02	3.50e-01	3.69e-01	1.68e-01	3.35e-02	1.05e-02	5.81e-03	2.62e-04	3.76e-06
 6.78841e+22	2.78e-25	2.47e-12	4.31e-10	1.00e-08	1.35e-05	2.15e-03	6.60e-02	3.65e-01	3.64e-01	1.58e-01	3.03e-02	9.34e-03	4.97e-03	2.14e-04	2.92e-06
 6.87428e+22	3.52e-25	3.27e-12	5.42e-10	1.21e-08	1.55e-05	2.38e-03	7.08e-02	3.80e-01	3.58e-01	1.49e-01	2.74e-02	8.33e-03	4.24e-03	1.74e-04	2.26e-06
 6.96066e+22	4.47e-25	4.33e-12	6.83e-10	1.47e-08	1.78e-05	2.64e-03	7.60e-02	3.95e-01	3.51e-01	1.39e-01	2.46e-02	7.41e-03	3.60e-03	1.41e-04	1.75e-06
 7.04782e+22	5.68e-25	5.73e-12	8.62e-10	1.79e-08	2.06e-05	2.93e-03	8.15e-02	4.10e-01	3.44e-01	1.30e-01	2.21e-02	6.57e-03	3.05e-03	1.14e-04	1.34e-06
 7.13600e+22	7.25e-25	7.60e-12	1.09e-09	2.19e-08	2.38e-05	3.26e-03	8.74e-02	4.25e-01	3.36e-01	1.21e-01	1.97e-02	5.81e-03	2.58e-03	9.14e-05	1.03e-06
 7.22465e+22	9.25e-25	1.00e-11	1.37e-09	2.67e-08	2.75e-05	3.61e-03	9.35e-02	4.39e-01	3.27e-01	1.12e-01	1.76e-02	5.13e-03	2.18e-03	7.35e-05	7.90e-07
 7.31474e+22	1.19e-24	1.33e-11	1.75e-09	3.27e-08	3.20e-05	4.02e-03	1.00e-01	4.53e-01	3.17e-01	1.03e-01	1.56e-02	4.51e-03	1.83e-03	5.86e-05	5.99e-07
 7.40586e+22	1.54e-24	1.76e-11	2.21e-09	4.00e-08	3.71e-05	4.47e-03	1.07e-01	4.67e-01	3.07e-01	9.54e-02	1.38e-02	3.96e-03	1.53e-03	4.69e-05	4.56e-07
 7.49876e+22	2.04e-24	2.34e-11	2.81e-09	4.94e-08	4.34e-05	4.98e-03	1.14e-01	4.80e-01	2.96e-01	8.75e-02	1.22e-02	3.45e-03	1.27e-03	3.70e-05	3.42e-07
 7.58521e+22	2.55e-24	2.95e-11	3.42e-09	5.86e-08	4.92e-05	5.43e-03	1.21e-01	4.90e-01	2.87e-01	8.15e-02	1.10e-02	3.08e-03	1.10e-03	3.05e-05	2.71e-07
 7.67400e+22	3.39e-24	3.94e-11	4.39e-09	7.30e-08	5.78e-05	6.07e-03	1.29e-01	5.02e-01	2.75e-01	7.42e-02	9.59e-03	2.66e-03	9.01e-04	2.38e-05	2.01e-07
 7.76426e+22	4.28e-24	4.96e-11	5.35e-09	8.67e-08	6.56e-05	6.62e-03	1.36e-01	5.11e-01	2.66e-01	6.89e-02	8.60e-03	2.37e-03	7.71e-04	1.95e-05	1.58e-07
 7.85695e+22	5.77e-24	6.64e-11	6.89e-09	1.08e-07	7.73e-05	7.40e-03	1.45e-01	5.21e-01	2.54e-01	6.23e-02	7.46e-03	2.03e-03	6.29e-04	1.51e-05	1.16e-07
 7.95059e+22	7.37e-24	8.33e-11	8.39e-09	1.29e-07	8.79e-05	8.07e-03	1.52e-01	5.29e-01	2.44e-01	5.76e-02	6.67e-03	1.80e-03	5.35e-04	1.23e-05	0.00e+00
 8.04544e+22	1.01e-23	1.11e-10	1.08e-08	1.62e-07	1.04e-04	9.02e-03	1.62e-01	5.38e-01	2.31e-01	5.18e-02	5.75e-03	1.53e-03	4.34e-04	9.44e-06	0.00e+00
 8.14038e+22	1.28e-23	1.38e-10	1.31e-08	1.91e-07	1.17e-04	9.79e-03	1.70e-01	5.43e-01	2.22e-01	4.79e-02	5.15e-03	1.36e-03	3.70e-04	7.74e-06	0.00e+00
 8.23544e+22	1.75e-23	1.82e-10	1.67e-08	2.38e-07	1.38e-04	1.09e-02	1.80e-01	5.50e-01	2.10e-01	4.31e-02	4.45e-03	1.16e-03	3.00e-04	5.95e-06	0.00e+00
 8.33142e+22	2.24e-23	2.26e-10	2.02e-08	2.82e-07	1.56e-04	1.18e-02	1.88e-01	5.54e-01	2.01e-01	3.97e-02	3.97e-03	1.02e-03	2.56e-04	4.85e-06	0.00e+00
 8.42860e+22	3.08e-23	2.97e-10	2.57e-08	3.50e-07	1.83e-04	1.31e-02	1.99e-01	5.58e-01	1.89e-01	3.56e-02	3.42e-03	8.67e-04	2.07e-04	3.72e-06	0.00e+00
 8.52699e+22	3.95e-23	3.66e-10	3.10e-08	4.15e-07	2.07e-04	1.42e-02	2.08e-01	5.61e-01	1.80e-01	3.27e-02	3.04e-03	7.63e-04	1.75e-04	3.02e-06	0.00e+00
 8.62696e+22	5.44e-23	4.79e-10	3.95e-08	5.16e-07	2.42e-04	1.58e-02	2.19e-01	5.63e-01	1.69e-01	2.92e-02	2.61e-03	6.45e-04	1.41e-04	2.30e-06	0.00e+00
 8.72855e+22	7.02e-23	5.91e-10	4.77e-08	6.12e-07	2.74e-04	1.71e-02	2.28e-01	5.64e-01	1.61e-01	2.68e-02	2.31e-03	5.65e-04	1.19e-04	1.86e-06	0.00e+00
 8.83227e+22	9.73e-23	7.73e-10	6.09e-08	7.63e-07	3.22e-04	1.89e-02	2.40e-01	5.64e-01	1.50e-01	2.38e-02	1.97e-03	4.75e-04	9.52e-05	1.40e-06	0.00e+00
 8.93819e+22	1.26e-22	9.56e-10	7.38e-08	9.08e-07	3.65e-04	2.05e-02	2.50e-01	5.64e-01	1.42e-01	2.17e-02	1.74e-03	4.14e-04	7.98e-05	1.13e-06	0.00e+00
 9.04699e+22	1.77e-22	1.25e-09	9.45e-08	1.14e-06	4.30e-04	2.27e-02	2.63e-01	5.62e-01	1.32e-01	1.92e-02	1.48e-03	3.45e-04	6.32e-05	8.42e-07	0.00e+00
 9.15857e+22	2.31e-22	1.56e-09	1.15e-07	1.36e-06	4.89e-04	2.46e-02	2.73e-01	5.59e-01	1.24e-01	1.74e-02	1.30e-03	2.98e-04	5.26e-05	6.68e-07	0.00e+00
 9.27379e+22	3.26e-22	2.05e-09	1.49e-07	1.72e-06	5.79e-04	2.74e-02	2.87e-01	5.55e-01	1.14e-01	1.53e-02	1.09e-03	2.46e-04	4.11e-05	4.92e-07	0.00e+00
 9.38218e+22	4.09e-22	2.46e-09	1.75e-07	2.00e-06	6.44e-04	2.93e-02	2.95e-01	5.51e-01	1.08e-01	1.41e-02	9.75e-04	2.17e-04	3.52e-05	4.05e-07	0.00e+00
 9.48169e+22	5.46e-22	3.09e-09	2.17e-07	2.43e-06	7.41e-04	3.20e-02	3.07e-01	5.46e-01	1.01e-01	1.26e-02	8.41e-04	1.85e-04	2.86e-05	3.12e-07	0.00e+00
 9.58041e+22	6.79e-22	3.67e-09	2.55e-07	2.80e-06	8.22e-04	3.41e-02	3.16e-01	5.41e-01	9.55e-02	1.16e-02	7.55e-04	1.64e-04	2.46e-05	2.58e-07	0.00e+00
 9.67811e+22	8.95e-22	4.58e-09	3.14e-07	3.40e-06	9.43e-04	3.71e-02	3.27e-01	5.35e-01	8.87e-02	1.04e-02	6.51e-04	1.39e-04	2.00e-05	1.99e-07	0.00e+00
 9.77636e+22	1.11e-21	5.42e-09	3.67e-07	3.92e-06	1.04e-03	3.94e-02	3.36e-01	5.29e-01	8.40e-02	9.58e-03	5.84e-04	1.23e-04	1.71e-05	1.65e-07	0.00e+00
 9.87534e+22	1.46e-21	6.74e-09	4.50e-07	4.74e-06	1.19e-03	4.28e-02	3.47e-01	5.22e-01	7.79e-02	8.58e-03	5.05e-04	1.05e-04	1.40e-05	1.28e-07	0.00e+00
 9.97613e+22	1.82e-21	8.00e-09	5.28e-07	5.47e-06	1.32e-03	4.55e-02	3.56e-01	5.15e-01	7.35e-02	7.88e-03	4.51e-04	9.23e-05	1.19e-05	0.00e+00	0.00e+00
 1.00793e+23	2.40e-21	9.98e-09	6.51e-07	6.64e-06	1.52e-03	4.94e-02	3.68e-01	5.06e-01	6.79e-02	7.02e-03	3.88e-04	7.80e-05	9.64e-06	0.00e+00	0.00e+00
 1.01839e+23	3.00e-21	1.19e-08	7.64e-07	7.68e-06	1.68e-03	5.26e-02	3.76e-01	4.99e-01	6.39e-02	6.44e-03	3.46e-04	6.86e-05	8.22e-06	0.00e+00	0.00e+00
 1.02903e+23	3.97e-21	1.48e-08	9.44e-07	9.36e-06	1.93e-03	5.71e-02	3.88e-01	4.88e-01	5.88e-02	5.72e-03	2.96e-04	5.77e-05	6.60e-06	0.00e+00	0.00e+00
 1.03987e+23	4.98e-21	1.76e-08	1.11e-06	1.09e-05	2.14e-03	6.07e-02	3.97e-01	4.80e-01	5.51e-02	5.23e-03	2.63e-04	5.05e-05	5.59e-06	0.00e+00	0.00e+00
 1.05094e+23	6.61e-21	2.21e-08	1.38e-06	1.33e-05	2.47e-03	6.59e-02	4.08e-01	4.68e-01	5.04e-02	4.62e-03	2.23e-04	4.22e-05	4.46e-06	0.00e+00	0.00e+00
 1.06229e+23	8.37e-21	2.65e-08	1.64e-06	1.55e-05	2.75e-03	7.02e-02	4.17e-01	4.59e-01	4.71e-02	4.20e-03	1.97e-04	3.67e-05	3.75e-06	0.00e+00	0.00e+00
 1.07399e+23	1.12e-20	3.34e-08	2.04e-06	1.90e-05	3.17e-03	7.63e-02	4.28e-01	4.46e-01	4.28e-02	3.69e-03	1.66e-04	3.05e-05	2.96e-06	0.00e+00	0.00e+00
 1.08597e+23	1.43e-20	4.03e-08	2.44e-06	2.23e-05	3.55e-03	8.14e-02	4.37e-01	4.35e-01	3.97e-02	3.34e-03	1.46e-04	2.63e-05	2.46e-06	0.00e+00	0.00e+00
 1.09831e+23	1.94e-20	5.11e-08	3.06e-06	2.76e-05	4.11e-03	8.84e-02	4.48e-01	4.21e-01	3.59e-02	2.92e-03	1.22e-04	2.16e-05	1.93e-06	0.00e+00	0.00e+00
 1.11079e+23	2.47e-20	6.17e-08	3.65e-06	3.23e-05	4.59e-03	9.41e-02	4.56e-01	4.10e-01	3.32e-02	2.63e-03	1.07e-04	1.86e-05	1.60e-06	0.00e+00	0.00e+00
 1.12343e+23	3.34e-20	7.82e-08	4.59e-06	4.00e-05	5.31e-03	1.02e-01	4.66e-01	3.94e-01	2.98e-02	2.29e-03	8.89e-05	1.52e-05	1.24e-06	0.00e+00	0.00e+00
 1.13621e+23	4.28e-20	9.45e-08	5.49e-06	4.70e-05	5.93e-03	1.09e-01	4.73e-01	3.83e-01	2.75e-02	2.06e-03	7.75e-05	1.31e-05	1.03e-06	0.00e+00	0.00e+00
 1.14917e+23	5.80e-20	1.20e-07	6.90e-06	5.82e-05	6.86e-03	1.18e-01	4.82e-01	3.67e-01	2.46e-02	1.79e-03	6.43e-05	1.07e-05	7.97e-07	0.00e+00	0.00e+00
 1.16184e+23	7.28e-20	1.43e-07	8.15e-06	6.76e-05	7.60e-03	1.25e-01	4.88e-01	3.56e-01	2.27e-02	1.62e-03	5.64e-05	9.22e-06	6.64e-07	0.00e+00	0.00e+00
 1.17412e+23	9.71e-20	1.78e-07	1.01e-05	8.20e-05	8.66e-03	1.34e-01	4.95e-01	3.41e-01	2.05e-02	1.42e-03	4.74e-05	7.63e-06	5.25e-07	0.00e+00	0.00e+00
 1.18698e+23	1.24e-19	2.16e-07	1.21e-05	9.67e-05	9.69e-03	1.42e-01	5.00e-01	3.28e-01	1.87e-02	1.27e-03	4.09e-05	6.48e-06	4.28e-07	0.00e+00	0.00e+00
 1.19784e+23	1.50e-19	2.53e-07	1.40e-05	1.11e-04	1.06e-02	1.49e-01	5.04e-01	3.18e-01	1.73e-02	1.15e-03	3.61e-05	5.66e-06	3.60e-07	0.00e+00	0.00e+00
 1.20920e+23	1.93e-19	3.08e-07	1.69e-05	1.32e-04	1.19e-02	1.58e-01	5.08e-01	3.05e-01	1.57e-02	1.02e-03	3.08e-05	4.77e-06	2.91e-07	0.00e+00	0.00e+00
 1.22091e+23	2.40e-19	3.64e-07	1.98e-05	1.52e-04	1.31e-02	1.66e-01	5.11e-01	2.94e-01	1.44e-02	9.22e-04	2.69e-05	4.11e-06	2.42e-07	0.00e+00	0.00e+00
 1.23144e+23	2.96e-19	4.28e-07	2.31e-05	1.75e-04	1.44e-02	1.75e-01	5.14e-01	2.83e-01	1.33e-02	8.35e-04	2.36e-05	3.57e-06	2.02e-07	0.00e+00	0.00e+00
 1.24344e+23	3.86e-19	5.23e-07	2.80e-05	2.08e-04	1.62e-02	1.85e-01	5.16e-01	2.70e-01	1.20e-02	7.36e-04	2.00e-05	2.98e-06	1.62e-07	0.00e+00	0.00e+00
 1.25590e+23	4.85e-19	6.25e-07	3.32e-05	2.44e-04	1.79e-02	1.95e-01	5.17e-01	2.58e-01	1.09e-02	6.56e-04	1.72e-05	2.53e-06	1.32e-07	0.00e+00	0.00e+00
 1.26701e+23	6.13e-19	7.37e-07	3.88e-05	2.81e-04	1.97e-02	2.04e-01	5.18e-01	2.47e-01	9.94e-03	5.91e-04	1.50e-05	2.19e-06	0.00e+00	0.00e+00	0.00e+00
 1.27950e+23	8.04e-19	9.05e-07	4.71e-05	3.34e-04	2.21e-02	2.16e-01	5.18e-01	2.34e-01	8.89e-03	5.18e-04	1.26e-05	1.81e-06	0.00e+00	0.00e+00	0.00e+00
 1.29259e+23	1.02e-18	1.09e-06	5.62e-05	3.93e-04	2.45e-02	2.27e-01	5.17e-01	2.22e-01	8.00e-03	4.58e-04	1.07e-05	1.53e-06	0.00e+00	0.00e+00	0.00e+00
 1.30442e+23	1.28e-18	1.29e-06	6.60e-05	4.55e-04	2.69e-02	2.37e-01	5.16e-01	2.12e-01	7.26e-03	4.09e-04	9.25e-06	1.30e-06	0.00e+00	0.00e+00	0.00e+00
 1.31777e+23	1.69e-18	1.60e-06	8.08e-05	5.45e-04	3.03e-02	2.50e-01	5.13e-01	1.99e-01	6.42e-03	3.55e-04	7.67e-06	1.07e-06	0.00e+00	0.00e+00	0.00e+00
 1.33156e+23	2.13e-18	1.93e-06	9.65e-05	6.41e-04	3.35e-02	2.62e-01	5.10e-01	1.88e-01	5.74e-03	3.12e-04	6.48e-06	8.92e-07	0.00e+00	0.00e+00	0.00e+00
 1.34385e+23	2.68e-18	2.29e-06	1.14e-04	7.43e-04	3.68e-02	2.73e-01	5.06e-01	1.78e-01	5.16e-03	2.77e-04	5.53e-06	7.54e-07	0.00e+00	0.00e+00	0.00e+00
 1.35775e+23	3.57e-18	2.85e-06	1.40e-04	8.94e-04	4.14e-02	2.87e-01	5.00e-01	1.65e-01	4.52e-03	2.38e-04	4.54e-06	6.11e-07	0.00e+00	0.00e+00	0.00e+00
 1.37219e+23	4.60e-18	3.45e-06	1.67e-04	1.05e-03	4.59e-02	3.00e-01	4.94e-01	1.55e-01	4.00e-03	2.07e-04	3.79e-06	5.05e-07	0.00e+00	0.00e+00	0.00e+00
 1.38517e+23	5.83e-18	4.13e-06	1.98e-04	1.23e-03	5.04e-02	3.12e-01	4.87e-01	1.45e-01	3.56e-03	1.82e-04	3.20e-06	4.23e-07	0.00e+00	0.00e+00	0.00e+00
 1.39987e+23	7.91e-18	5.18e-06	2.45e-04	1.49e-03	5.67e-02	3.27e-01	4.78e-01	1.33e-01	3.07e-03	1.54e-04	2.57e-06	3.36e-07	0.00e+00	0.00e+00	0.00e+00
 1.41506e+23	1.02e-17	6.28e-06	2.94e-04	1.75e-03	6.27e-02	3.40e-01	4.69e-01	1.24e-01	2.69e-03	1.33e-04	2.13e-06	2.75e-07	0.00e+00	0.00e+00	0.00e+00
 1.42878e+23	1.31e-17	7.57e-06	3.49e-04	2.05e-03	6.89e-02	3.52e-01	4.59e-01	1.15e-01	2.37e-03	1.16e-04	1.77e-06	2.27e-07	0.00e+00	0.00e+00	0.00e+00
 1.44450e+23	1.82e-17	9.61e-06	4.37e-04	2.51e-03	7.77e-02	3.68e-01	4.45e-01	1.04e-01	2.00e-03	9.61e-05	1.39e-06	1.76e-07	0.00e+00	0.00e+00	0.00e+00
 1.46036e+23	2.33e-17	1.16e-05	5.21e-04	2.95e-03	8.55e-02	3.80e-01	4.34e-01	9.58e-02	1.74e-03	8.25e-05	1.14e-06	1.43e-07	0.00e+00	0.00e+00	0.00e+00
 1.47641e+23	3.23e-17	1.47e-05	6.48e-04	3.57e-03	9.57e-02	3.94e-01	4.18e-01	8.64e-02	1.47e-03	6.85e-05	8.95e-07	0.00e+00	0.00e+00	0.00e+00	0.00e+00
 1.49282e+23	4.24e-17	1.79e-05	7.79e-04	4.22e-03	1.05e-01	4.05e-01	4.04e-01	7.86e-02	1.26e-03	5.80e-05	7.21e-07	0.00e+00	0.00e+00	0.00e+00	0.00e+00
 1.50725e+23	5.49e-17	2.16e-05	9.24e-04	4.92e-03	1.15e-01	4.15e-01	3.91e-01	7.19e-02	1.09e-03	4.96e-05	5.89e-07	0.00e+00	0.00e+00	0.00e+00	0.00e+00
 1.52355e+23	7.66e-17	2.74e-05	1.15e-03	5.98e-03	1.28e-01	4.27e-01	3.72e-01	6.38e-02	9.04e-04	4.04e-05	4.53e-07	0.00e+00	0.00e+00	0.00e+00	0.00e+00
 1.54026e+23	1.00e-16	3.32e-05	1.37e-03	7.04e-03	1.40e-01	4.36e-01	3.56e-01	5.75e-02	7.69e-04	3.40e-05	3.62e-07	0.00e+00	0.00e+00	0.00e+00	0.00e+00
 1.55751e+23	1.44e-16	4.25e-05	1.72e-03	8.56e-03	1.56e-01	4.46e-01	3.37e-01	5.04e-02	6.30e-04	2.74e-05	2.74e-07	0.00e+00	0.00e+00	0.00e+00	0.00e+00
 1.57504e+23	1.93e-16	5.20e-05	2.06e-03	1.01e-02	1.70e-01	4.52e-01	3.20e-01	4.50e-02	5.30e-04	2.27e-05	2.17e-07	0.00e+00	0.00e+00	0.00e+00	0.00e+00
 1.59056e+23	2.58e-16	6.32e-05	2.45e-03	1.18e-02	1.85e-01	4.58e-01	3.03e-01	4.01e-02	4.47e-04	1.89e-05	1.72e-07	0.00e+00	0.00e+00	0.00e+00	0.00e+00
 1.60837e+23	3.78e-16	8.13e-05	3.06e-03	1.43e-02	2.04e-01	4.62e-01	2.81e-01	3.45e-02	3.57e-04	1.49e-05	1.27e-07	0.00e+00	0.00e+00	0.00e+00	0.00e+00
 1.62643e+23	5.17e-16	9.93e-05	3.65e-03	1.67e-02	2.21e-01	4.64e-01	2.64e-01	3.04e-02	2.98e-04	1.22e-05	0.00e+00	0.00e+00	0.00e+00	0.00e+00	0.00e+00
 1.64219e+23	7.01e-16	1.20e-04	4.32e-03	1.94e-02	2.37e-01	4.65e-01	2.47e-01	2.68e-02	2.49e-04	1.01e-05	0.00e+00	0.00e+00	0.00e+00	0.00e+00	0.00e+00
 1.65730e+23	9.34e-16	1.44e-04	5.06e-03	2.22e-02	2.53e-01	4.64e-01	2.32e-01	2.38e-02	2.10e-04	8.38e-06	0.00e+00	0.00e+00	0.00e+00	0.00e+00	0.00e+00
 1.67171e+23	1.23e-15	1.71e-04	5.87e-03	2.52e-02	2.69e-01	4.61e-01	2.17e-01	2.11e-02	1.78e-04	7.00e-06	0.00e+00	0.00e+00	0.00e+00	0.00e+00	0.00e+00
 1.68795e+23	1.75e-15	2.13e-04	7.08e-03	2.96e-02	2.90e-01	4.56e-01	1.99e-01	1.80e-02	1.43e-04	5.55e-06	0.00e+00	0.00e+00	0.00e+00	0.00e+00	0.00e+00
 1.70414e+23	2.34e-15	2.54e-04	8.20e-03	3.36e-02	3.06e-01	4.51e-01	1.85e-01	1.59e-02	1.20e-04	4.59e-06	0.00e+00	0.00e+00	0.00e+00	0.00e+00	0.00e+00
 1.72028e+23	3.32e-15	3.15e-04	9.83e-03	3.91e-02	3.27e-01	4.43e-01	1.68e-01	1.34e-02	9.62e-05	3.61e-06	0.00e+00	0.00e+00	0.00e+00	0.00e+00	0.00e+00
 1.73671e+23	4.46e-15	3.76e-04	1.14e-02	4.43e-02	3.44e-01	4.34e-01	1.55e-01	1.17e-02	7.97e-05	2.95e-06	0.00e+00	0.00e+00	0.00e+00	0.00e+00	0.00e+00
 1.75353e+23	6.41e-15	4.69e-04	1.37e-02	5.15e-02	3.64e-01	4.22e-01	1.39e-01	9.76e-03	6.28e-05	2.28e-06	0.00e+00	0.00e+00	0.00e+00	0.00e+00	0.00e+00
 1.77048e+23	8.69e-15	5.61e-04	1.58e-02	5.80e-02	3.81e-01	4.10e-01	1.26e-01	8.39e-03	5.16e-05	1.84e-06	0.00e+00	0.00e+00	0.00e+00	0.00e+00	0.00e+00
 1.78762e+23	1.26e-14	7.01e-04	1.89e-02	6.70e-02	4.01e-01	3.94e-01	1.12e-01	6.91e-03	4.01e-05	1.40e-06	0.00e+00	0.00e+00	0.00e+00	0.00e+00	0.00e+00
 1.80497e+23	1.74e-14	8.39e-04	2.18e-02	7.51e-02	4.16e-01	3.80e-01	1.01e-01	5.86e-03	3.25e-05	1.12e-06	0.00e+00	0.00e+00	0.00e+00	0.00e+00	0.00e+00
 1.81887e+23	2.25e-14	9.71e-04	2.45e-02	8.23e-02	4.28e-01	3.67e-01	9.19e-02	5.11e-03	2.73e-05	9.23e-07	0.00e+00	0.00e+00	0.00e+00	0.00e+00	0.00e+00
 1.83323e+23	3.09e-14	1.16e-03	2.82e-02	9.18e-02	4.42e-01	3.51e-01	8.21e-02	4.30e-03	2.20e-05	7.30e-07	0.00e+00	0.00e+00	0.00e+00	0.00e+00	0.00e+00
 1.84793e+23	4.10e-14	1.35e-03	3.16e-02	1.00e-01	4.52e-01	3.37e-01	7.43e-02	3.71e-03	1.83e-05	5.95e-07	0.00e+00	0.00e+00	0.00e+00	0.00e+00	0.00e+00
 1.86102e+23	5.33e-14	1.56e-03	3.53e-02	1.09e-01	4.61e-01	3.22e-01	6.72e-02	3.19e-03	1.52e-05	4.87e-07	0.00e+00	0.00e+00	0.00e+00	0.00e+00	0.00e+00
 1.87600e+23	7.66e-14	1.87e-03	4.06e-02	1.21e-01	4.71e-01	3.04e-01	5.90e-02	2.64e-03	1.20e-05	3.77e-07	0.00e+00	0.00e+00	0.00e+00	0.00e+00	0.00e+00
 1.89115e+23	1.05e-13	2.18e-03	4.54e-02	1.31e-01	4.78e-01	2.88e-01	5.27e-02	2.24e-03	9.85e-06	3.03e-07	0.00e+00	0.00e+00	0.00e+00	0.00e+00	0.00e+00
 1.90444e+23	1.40e-13	2.51e-03	5.04e-02	1.42e-01	4.83e-01	2.73e-01	4.70e-02	1.91e-03	8.09e-06	2.44e-07	0.00e+00	0.00e+00	0.00e+00	0.00e+00	0.00e+00
 1.91964e+23	2.11e-13	3.00e-03	5.75e-02	1.56e-01	4.88e-01	2.54e-01	4.06e-02	1.55e-03	6.32e-06	1.86e-07	0.00e+00	0.00e+00	0.00e+00	0.00e+00	0.00e+00
 1.93509e+23	3.07e-13	3.48e-03	6.39e-02	1.67e-01	4.90e-01	2.38e-01	3.58e-02	1.30e-03	5.11e-06	1.47e-07	0.00e+00	0.00e+00	0.00e+00	0.00e+00	0.00e+00
 1.94879e+23	4.30e-13	4.01e-03	7.07e-02	1.79e-01	4.91e-01	2.22e-01	3.15e-02	1.09e-03	4.14e-06	0.00e+00	0.00e+00	0.00e+00	0.00e+00	0.00e+00	0.00e+00
 1.96452e+23	7.20e-13	4.79e-03	8.01e-02	1.95e-01	4.89e-01	2.03e-01	2.67e-02	8.65e-04	3.17e-06	0.00e+00	0.00e+00	0.00e+00	0.00e+00	0.00e+00	0.00e+00
 1.98041e+23	1.20e-12	5.53e-03	8.85e-02	2.08e-01	4.86e-01	1.88e-01	2.31e-02	7.13e-04	2.52e-06	0.00e+00	0.00e+00	0.00e+00	0.00e+00	0.00e+00	0.00e+00
 1.99437e+23	1.89e-12	6.36e-03	9.72e-02	2.20e-01	4.82e-01	1.74e-01	2.01e-02	5.88e-04	2.02e-06	0.00e+00	0.00e+00	0.00e+00	0.00e+00	0.00e+00	0.00e+00
 2.01040e+23	3.96e-12	7.55e-03	1.09e-01	2.36e-01	4.74e-01	1.56e-01	1.67e-02	4.60e-04	1.52e-06	0.00e+00	0.00e+00	0.00e+00	0.00e+00	0.00e+00	0.00e+00
 2.02672e+23	8.84e-12	8.70e-03	1.20e-01	2.49e-01	4.66e-01	1.42e-01	1.42e-02	3.72e-04	1.19e-06	0.00e+00	0.00e+00	0.00e+00	0.00e+00	0.00e+00	0.00e+00
 2.04341e+23	2.33e-11	1.03e-02	1.34e-01	2.65e-01	4.53e-01	1.26e-01	1.16e-02	2.85e-04	8.74e-07	0.00e+00	0.00e+00	0.00e+00	0.00e+00	0.00e+00	0.00e+00
 2.06028e+23	6.15e-11	1.19e-02	1.46e-01	2.78e-01	4.41e-01	1.13e-01	9.71e-03	2.27e-04	6.73e-07	0.00e+00	0.00e+00	0.00e+00	0.00e+00	0.00e+00	0.00e+00
 2.07741e+23	1.56e-10	1.41e-02	1.62e-01	2.93e-01	4.24e-01	9.87e-02	7.78e-03	1.70e-04	4.88e-07	0.00e+00	0.00e+00	0.00e+00	0.00e+00	0.00e+00	0.00e+00
 2.09485e+23	3.34e-10	1.62e-02	1.76e-01	3.05e-01	4.08e-01	8.76e-02	6.43e-03	1.33e-04	3.69e-07	0.00e+00	0.00e+00	0.00e+00	0.00e+00	0.00e+00	0.00e+00
 2.11271e+23	7.01e-10	1.92e-02	1.95e-01	3.18e-01	3.88e-01	7.50e-02	5.04e-03	9.81e-05	2.61e-07	0.00e+00	0.00e+00	0.00e+00	0.00e+00	0.00e+00	0.00e+00
 2.13089e+23	1.65e-09	2.20e-02	2.10e-01	3.28e-01	3.70e-01	6.56e-02	4.08e-03	7.53e-05	1.94e-07	0.00e+00	0.00e+00	0.00e+00	0.00e+00	0.00e+00	0.00e+00
 2.14705e+23	2.80e-09	2.51e-02	2.26e-01	3.37e-01	3.51e-01	5.73e-02	3.31e-03	5.80e-05	1.45e-07	0.00e+00	0.00e+00	0.00e+00	0.00e+00	0.00e+00	0.00e+00
 2.16562e+23	7.09e-09	2.95e-02	2.46e-01	3.46e-01	3.28e-01	4.79e-02	2.53e-03	4.15e-05	0.00e+00	0.00e+00	0.00e+00	0.00e+00	0.00e+00	0.00e+00	0.00e+00
 2.18192e+23	1.49e-08	3.27e-02	2.59e-01	3.51e-01	3.13e-01	4.28e-02	2.13e-03	3.36e-05	0.00e+00	0.00e+00	0.00e+00	0.00e+00	0.00e+00	0.00e+00	0.00e+00
 2.19530e+23	5.05e-08	3.63e-02	2.73e-01	3.55e-01	2.96e-01	3.75e-02	1.75e-03	2.64e-05	0.00e+00	0.00e+00	0.00e+00	0.00e+00	0.00e+00	0.00e+00	0.00e+00
 2.20926e+23	1.00e-07	4.00e-02	2.86e-01	3.58e-01	2.81e-01	3.32e-02	1.46e-03	2.12e-05	0.00e+00	0.00e+00	0.00e+00	0.00e+00	0.00e+00	0.00e+00	0.00e+00
 2.22199e+23	1.98e-07	4.38e-02	2.98e-01	3.60e-01	2.67e-01	2.95e-02	1.23e-03	1.72e-05	0.00e+00	0.00e+00	0.00e+00	0.00e+00	0.00e+00	0.00e+00	0.00e+00
 2.23656e+23	3.05e-07	4.89e-02	3.14e-01	3.62e-01	2.49e-01	2.53e-02	9.82e-04	1.31e-05	0.00e+00	0.00e+00	0.00e+00	0.00e+00	0.00e+00	0.00e+00	0.00e+00
 2.25139e+23	4.32e-07	5.38e-02	3.27e-01	3.62e-01	2.34e-01	2.22e-02	8.10e-04	1.04e-05	0.00e+00	0.00e+00	0.00e+00	0.00e+00	0.00e+00	0.00e+00	0.00e+00
 2.26656e+23	6.05e-07	6.02e-02	3.43e-01	3.61e-01	2.17e-01	1.87e-02	6.35e-04	7.75e-06	0.00e+00	0.00e+00	0.00e+00	0.00e+00	0.00e+00	0.00e+00	0.00e+00
 2.28184e+23	7.95e-07	6.61e-02	3.55e-01	3.59e-01	2.03e-01	1.63e-02	5.18e-04	6.07e-06	0.00e+00	0.00e+00	0.00e+00	0.00e+00	0.00e+00	0.00e+00	0.00e+00
 2.29725e+23	1.05e-06	7.38e-02	3.71e-01	3.56e-01	1.86e-01	1.36e-02	4.02e-04	4.50e-06	0.00e+00	0.00e+00	0.00e+00	0.00e+00	0.00e+00	0.00e+00	0.00e+00
 2.31292e+23	1.32e-06	8.08e-02	3.83e-01	3.52e-01	1.73e-01	1.17e-02	3.25e-04	3.49e-06	0.00e+00	0.00e+00	0.00e+00	0.00e+00	0.00e+00	0.00e+00	0.00e+00
 2.32892e+23	1.69e-06	9.01e-02	3.97e-01	3.46e-01	1.57e-01	9.69e-03	2.49e-04	2.55e-06	0.00e+00	0.00e+00	0.00e+00	0.00e+00	0.00e+00	0.00e+00	0.00e+00
 2.34521e+23	2.07e-06	9.86e-02	4.08e-01	3.40e-01	1.45e-01	8.25e-03	1.99e-04	1.95e-06	0.00e+00	0.00e+00	0.00e+00	0.00e+00	0.00e+00	0.00e+00	0.00e+00
 2.36189e+23	2.61e-06	1.10e-01	4.21e-01	3.32e-01	1.30e-01	6.72e-03	1.49e-04	1.40e-06	0.00e+00	0.00e+00	0.00e+00	0.00e+00	0.00e+00	0.00e+00	0.00e+00
 2.37888e+23	3.18e-06	1.20e-01	4.31e-01	3.25e-01	1.19e-01	5.65e-03	1.18e-04	1.06e-06	0.00e+00	0.00e+00	0.00e+00	0.00e+00	0.00e+00	0.00e+00	0.00e+00
 2.39628e+23	3.96e-06	1.34e-01	4.42e-01	3.14e-01	1.06e-01	4.52e-03	8.66e-05	7.42e-07	0.00e+00	0.00e+00	0.00e+00	0.00e+00	0.00e+00	0.00e+00	0.00e+00
 2.41387e+23	4.73e-06	1.46e-01	4.49e-01	3.05e-01	9.59e-02	3.77e-03	6.77e-05	5.56e-07	0.00e+00	0.00e+00	0.00e+00	0.00e+00	0.00e+00	0.00e+00	0.00e+00
 2.43170e+23	5.82e-06	1.62e-01	4.58e-01	2.92e-01	8.44e-02	2.98e-03	4.93e-05	3.85e-07	0.00e+00	0.00e+00	0.00e+00	0.00e+00	0.00e+00	0.00e+00	0.00e+00
 2.44965e+23	6.88e-06	1.77e-01	4.63e-01	2.82e-01	7.61e-02	2.47e-03	3.83e-05	2.87e-07	0.00e+00	0.00e+00	0.00e+00	0.00e+00	0.00e+00	0.00e+00	0.00e+00
 2.46776e+23	8.38e-06	1.96e-01	4.68e-01	2.68e-01	6.63e-02	1.93e-03	2.76e-05	1.97e-07	0.00e+00	0.00e+00	0.00e+00	0.00e+00	0.00e+00	0.00e+00	0.00e+00
 2.48597e+23	9.82e-06	2.12e-01	4.70e-01	2.57e-01	5.94e-02	1.59e-03	2.13e-05	1.45e-07	0.00e+00	0.00e+00	0.00e+00	0.00e+00	0.00e+00	0.00e+00	0.00e+00
 2.50432e+23	1.19e-05	2.35e-01	4.71e-01	2.42e-01	5.12e-02	1.23e-03	1.51e-05	0.00e+00	0.00e+00	0.00e+00	0.00e+00	0.00e+00	0.00e+00	0.00e+00	0.00e+00
 2.52277e+23	1.38e-05	2.53e-01	4.70e-01	2.31e-01	4.55e-02	1.00e-03	1.16e-05	0.00e+00	0.00e+00	0.00e+00	0.00e+00	0.00e+00	0.00e+00	0.00e+00	0.00e+00
 2.54132e+23	1.67e-05	2.80e-01	4.66e-01	2.15e-01	3.87e-02	7.59e-04	8.10e-06	0.00e+00	0.00e+00	0.00e+00	0.00e+00	0.00e+00	0.00e+00	0.00e+00	0.00e+00
 2.55985e+23	1.92e-05	3.01e-01	4.61e-01	2.03e-01	3.42e-02	6.16e-04	6.19e-06	0.00e+00	0.00e+00	0.00e+00	0.00e+00	0.00e+00	0.00e+00	0.00e+00	0.00e+00
 2.57833e+23	2.30e-05	3.31e-01	4.52e-01	1.88e-01	2.87e-02	4.63e-04	4.28e-06	0.00e+00	0.00e+00	0.00e+00	0.00e+00	0.00e+00	0.00e+00	0.00e+00	0.00e+00
 2.59687e+23	2.63e-05	3.55e-01	4.43e-01	1.76e-01	2.50e-02	3.71e-04	3.23e-06	0.00e+00	0.00e+00	0.00e+00	0.00e+00	0.00e+00	0.00e+00	0.00e+00	0.00e+00
 2.61546e+23	3.13e-05	3.90e-01	4.28e-01	1.61e-01	2.07e-02	2.74e-04	2.19e-06	0.00e+00	0.00e+00	0.00e+00	0.00e+00	0.00e+00	0.00e+00	0.00e+00	0.00e+00
 2.63408e+23	3.58e-05	4.17e-01	4.15e-01	1.50e-01	1.78e-02	2.16e-04	1.62e-06	0.00e+00	0.00e+00	0.00e+00	0.00e+00	0.00e+00	0.00e+00	0.00e+00	0.00e+00
 2.65274e+23	4.21e-05	4.54e-01	3.96e-01	1.35e-01	1.44e-02	1.57e-04	1.09e-06	0.00e+00	0.00e+00	0.00e+00	0.00e+00	0.00e+00	0.00e+00	0.00e+00	0.00e+00
 2.67156e+23	4.79e-05	4.85e-01	3.79e-01	1.25e-01	1.21e-02	1.21e-04	7.82e-07	0.00e+00	0.00e+00	0.00e+00	0.00e+00	0.00e+00	0.00e+00	0.00e+00	0.00e+00
 2.69061e+23	5.66e-05	5.27e-01	3.52e-01	1.11e-01	9.54e-03	8.54e-05	5.00e-07	0.00e+00	0.00e+00	0.00e+00	0.00e+00	0.00e+00	0.00e+00	0.00e+00	0.00e+00
 2.70976e+23	6.41e-05	5.61e-01	3.30e-01	1.01e-01	7.81e-03	6.44e-05	3.48e-07	0.00e+00	0.00e+00	0.00e+00	0.00e+00	0.00e+00	0.00e+00	0.00e+00	0.00e+00
 2.72905e+23	7.43e-05	6.03e-01	3.02e-01	8.89e-02	5.98e-03	4.46e-05	2.16e-07	0.00e+00	0.00e+00	0.00e+00	0.00e+00	0.00e+00	0.00e+00	0.00e+00	0.00e+00
 2.74861e+23	8.41e-05	6.40e-01	2.75e-01	7.93e-02	4.68e-03	3.23e-05	1.41e-07	0.00e+00	0.00e+00	0.00e+00	0.00e+00	0.00e+00	0.00e+00	0.00e+00	0.00e+00
 2.76337e+23	9.17e-05	6.68e-01	2.55e-01	7.28e-02	3.87e-03	2.53e-05	0.00e+00	0.00e+00	0.00e+00	0.00e+00	0.00e+00	0.00e+00	0.00e+00	0.00e+00	0.00e+00
 2.77740e+23	1.01e-04	6.98e-01	2.33e-01	6.53e-02	3.07e-03	1.90e-05	0.00e+00	0.00e+00	0.00e+00	0.00e+00	0.00e+00	0.00e+00	0.00e+00	0.00e+00	0.00e+00
 2.79237e+23	1.10e-04	7.28e-01	2.11e-01	5.86e-02	2.42e-03	1.43e-05	0.00e+00	0.00e+00	0.00e+00	0.00e+00	0.00e+00	0.00e+00	0.00e+00	0.00e+00	0.00e+00
 2.80615e+23	1.19e-04	7.55e-01	1.91e-01	5.25e-02	1.90e-03	1.08e-05	0.00e+00	0.00e+00	0.00e+00	0.00e+00	0.00e+00	0.00e+00	0.00e+00	0.00e+00	0.00e+00
 2.82167e+23	1.31e-04	7.87e-01	1.66e-01	4.53e-02	1.38e-03	7.63e-06	0.00e+00	0.00e+00	0.00e+00	0.00e+00	0.00e+00	0.00e+00	0.00e+00	0.00e+00	0.00e+00
 2.83745e+23	1.41e-04	8.16e-01	1.44e-01	3.92e-02	1.01e-03	5.49e-06	0.00e+00	0.00e+00	0.00e+00	0.00e+00	0.00e+00	0.00e+00	0.00e+00	0.00e+00	0.00e+00
 2.85006e+23	1.49e-04	8.39e-01	1.26e-01	3.43e-02	7.61e-04	4.13e-06	0.00e+00	0.00e+00	0.00e+00	0.00e+00	0.00e+00	0.00e+00	0.00e+00	0.00e+00	0.00e+00
 2.86079e+23	1.55e-04	8.57e-01	1.12e-01	3.02e-02	5.87e-04	3.21e-06	0.00e+00	0.00e+00	0.00e+00	0.00e+00	0.00e+00	0.00e+00	0.00e+00	0.00e+00	0.00e+00
 2.87065e+23	1.60e-04	8.74e-01	9.88e-02	2.65e-02	4.51e-04	2.51e-06	0.00e+00	0.00e+00	0.00e+00	0.00e+00	0.00e+00	0.00e+00	0.00e+00	0.00e+00	0.00e+00
 2.87958e+23	1.65e-04	8.89e-01	8.68e-02	2.32e-02	3.49e-04	1.98e-06	0.00e+00	0.00e+00	0.00e+00	0.00e+00	0.00e+00	0.00e+00	0.00e+00	0.00e+00	0.00e+00
 2.88749e+23	1.68e-04	9.02e-01	7.68e-02	2.04e-02	2.74e-04	1.60e-06	0.00e+00	0.00e+00	0.00e+00	0.00e+00	0.00e+00	0.00e+00	0.00e+00	0.00e+00	0.00e+00
 2.89459e+23	1.71e-04	9.14e-01	6.79e-02	1.79e-02	2.17e-04	1.30e-06	0.00e+00	0.00e+00	0.00e+00	0.00e+00	0.00e+00	0.00e+00	0.00e+00	0.00e+00	0.00e+00
 2.90118e+23	1.72e-04	9.24e-01	5.98e-02	1.57e-02	1.72e-04	1.06e-06	0.00e+00	0.00e+00	0.00e+00	0.00e+00	0.00e+00	0.00e+00	0.00e+00	0.00e+00	0.00e+00
 2.90735e+23	1.73e-04	9.34e-01	5.22e-02	1.37e-02	1.37e-04	8.75e-07	0.00e+00	0.00e+00	0.00e+00	0.00e+00	0.00e+00	0.00e+00	0.00e+00	0.00e+00	0.00e+00
 2.91311e+23	1.72e-04	9.42e-01	4.61e-02	1.20e-02	1.11e-04	7.29e-07	0.00e+00	0.00e+00	0.00e+00	0.00e+00	0.00e+00	0.00e+00	0.00e+00	0.00e+00	0.00e+00
 2.91860e+23	1.71e-04	9.49e-01	4.00e-02	1.05e-02	8.95e-05	6.07e-07	0.00e+00	0.00e+00	0.00e+00	0.00e+00	0.00e+00	0.00e+00	0.00e+00	0.00e+00	0.00e+00
 2.92397e+23	1.69e-04	9.56e-01	3.44e-02	9.13e-03	7.22e-05	5.06e-07	0.00e+00	0.00e+00	0.00e+00	0.00e+00	0.00e+00	0.00e+00	0.00e+00	0.00e+00	0.00e+00
 2.92908e+23	1.66e-04	9.62e-01	2.94e-02	7.95e-03	5.88e-05	4.26e-07	0.00e+00	0.00e+00	0.00e+00	0.00e+00	0.00e+00	0.00e+00	0.00e+00	0.00e+00	0.00e+00
 2.93374e+23	1.61e-04	9.68e-01	2.52e-02	6.99e-03	4.88e-05	3.63e-07	0.00e+00	0.00e+00	0.00e+00	0.00e+00	0.00e+00	0.00e+00	0.00e+00	0.00e+00	0.00e+00
 2.93797e+23	1.57e-04	9.72e-01	2.17e-02	6.21e-03	4.13e-05	3.15e-07	0.00e+00	0.00e+00	0.00e+00	0.00e+00	0.00e+00	0.00e+00	0.00e+00	0.00e+00	0.00e+00
 2.94175e+23	1.51e-04	9.75e-01	1.90e-02	5.60e-03	3.58e-05	2.79e-07	0.00e+00	0.00e+00	0.00e+00	0.00e+00	0.00e+00	0.00e+00	0.00e+00	0.00e+00	0.00e+00
 2.94498e+23	1.47e-04	9.78e-01	1.67e-02	5.13e-03	3.18e-05	2.52e-07	0.00e+00	0.00e+00	0.00e+00	0.00e+00	0.00e+00	0.00e+00	0.00e+00	0.00e+00	0.00e+00
 2.94739e+23	1.43e-04	9.80e-01	1.53e-02	4.82e-03	2.93e-05	2.35e-07	0.00e+00	0.00e+00	0.00e+00	0.00e+00	0.00e+00	0.00e+00	0.00e+00	0.00e+00	0.00e+00
 2.94917e+23	1.40e-04	9.81e-01	1.43e-02	4.61e-03	2.77e-05	2.24e-07	0.00e+00	0.00e+00	0.00e+00	0.00e+00	0.00e+00	0.00e+00	0.00e+00	0.00e+00	0.00e+00
 2.95105e+23	1.37e-04	9.82e-01	1.32e-02	4.39e-03	2.60e-05	2.12e-07	0.00e+00	0.00e+00	0.00e+00	0.00e+00	0.00e+00	0.00e+00	0.00e+00	0.00e+00	0.00e+00
 2.95327e+23	1.33e-04	9.84e-01	1.20e-02	4.14e-03	2.42e-05	1.99e-07	0.00e+00	0.00e+00	0.00e+00	0.00e+00	0.00e+00	0.00e+00	0.00e+00	0.00e+00	0.00e+00
 2.95565e+23	1.29e-04	9.85e-01	1.09e-02	3.92e-03	2.25e-05	1.87e-07	0.00e+00	0.00e+00	0.00e+00	0.00e+00	0.00e+00	0.00e+00	0.00e+00	0.00e+00	0.00e+00
 2.95799e+23	1.25e-04	9.86e-01	9.95e-03	3.71e-03	2.11e-05	1.77e-07	0.00e+00	0.00e+00	0.00e+00	0.00e+00	0.00e+00	0.00e+00	0.00e+00	0.00e+00	0.00e+00
 2.96022e+23	1.21e-04	9.87e-01	9.13e-03	3.54e-03	1.99e-05	1.68e-07	0.00e+00	0.00e+00	0.00e+00	0.00e+00	0.00e+00	0.00e+00	0.00e+00	0.00e+00	0.00e+00
 2.96196e+23	1.18e-04	9.88e-01	8.60e-03	3.42e-03	1.91e-05	1.62e-07	0.00e+00	0.00e+00	0.00e+00	0.00e+00	0.00e+00	0.00e+00	0.00e+00	0.00e+00	0.00e+00
 2.96315e+23	1.16e-04	9.88e-01	8.20e-03	3.34e-03	1.86e-05	1.58e-07	0.00e+00	0.00e+00	0.00e+00	0.00e+00	0.00e+00	0.00e+00	0.00e+00	0.00e+00	0.00e+00
 2.96432e+23	1.14e-04	9.89e-01	7.83e-03	3.27e-03	1.81e-05	1.55e-07	0.00e+00	0.00e+00	0.00e+00	0.00e+00	0.00e+00	0.00e+00	0.00e+00	0.00e+00	0.00e+00
 2.96570e+23	1.12e-04	9.89e-01	7.41e-03	3.18e-03	1.76e-05	1.51e-07	0.00e+00	0.00e+00	0.00e+00	0.00e+00	0.00e+00	0.00e+00	0.00e+00	0.00e+00	0.00e+00
 2.96720e+23	1.10e-04	9.90e-01	7.00e-03	3.09e-03	1.70e-05	1.46e-07	0.00e+00	0.00e+00	0.00e+00	0.00e+00	0.00e+00	0.00e+00	0.00e+00	0.00e+00	0.00e+00
 2.96869e+23	1.07e-04	9.90e-01	6.62e-03	3.01e-03	1.65e-05	1.43e-07	0.00e+00	0.00e+00	0.00e+00	0.00e+00	0.00e+00	0.00e+00	0.00e+00	0.00e+00	0.00e+00
 2.97015e+23	1.05e-04	9.91e-01	6.28e-03	2.93e-03	1.61e-05	1.39e-07	0.00e+00	0.00e+00	0.00e+00	0.00e+00	0.00e+00	0.00e+00	0.00e+00	0.00e+00	0.00e+00
 2.97165e+23	1.03e-04	9.91e-01	5.95e-03	2.86e-03	1.56e-05	1.36e-07	0.00e+00	0.00e+00	0.00e+00	0.00e+00	0.00e+00	0.00e+00	0.00e+00	0.00e+00	0.00e+00
 2.97321e+23	1.01e-04	9.91e-01	5.60e-03	2.79e-03	1.52e-05	1.32e-07	0.00e+00	0.00e+00	0.00e+00	0.00e+00	0.00e+00	0.00e+00	0.00e+00	0.00e+00	0.00e+00
 2.97479e+23	9.86e-05	9.92e-01	5.32e-03	2.72e-03	1.48e-05	1.29e-07	0.00e+00	0.00e+00	0.00e+00	0.00e+00	0.00e+00	0.00e+00	0.00e+00	0.00e+00	0.00e+00
 2.97640e+23	9.65e-05	9.92e-01	5.01e-03	2.65e-03	1.44e-05	1.26e-07	0.00e+00	0.00e+00	0.00e+00	0.00e+00	0.00e+00	0.00e+00	0.00e+00	0.00e+00	0.00e+00
 2.97807e+23	9.45e-05	9.93e-01	4.71e-03	2.59e-03	1.40e-05	1.23e-07	0.00e+00	0.00e+00	0.00e+00	0.00e+00	0.00e+00	0.00e+00	0.00e+00	0.00e+00	0.00e+00
 2.97976e+23	9.24e-05	9.93e-01	4.45e-03	2.53e-03	1.37e-05	0.00e+00	0.00e+00	0.00e+00	0.00e+00	0.00e+00	0.00e+00	0.00e+00	0.00e+00	0.00e+00	0.00e+00
 2.98147e+23	9.03e-05	9.93e-01	4.19e-03	2.47e-03	1.34e-05	0.00e+00	0.00e+00	0.00e+00	0.00e+00	0.00e+00	0.00e+00	0.00e+00	0.00e+00	0.00e+00	0.00e+00
 2.98325e+23	8.83e-05	9.94e-01	3.95e-03	2.41e-03	1.31e-05	0.00e+00	0.00e+00	0.00e+00	0.00e+00	0.00e+00	0.00e+00	0.00e+00	0.00e+00	0.00e+00	0.00e+00
 2.98510e+23	8.63e-05	9.94e-01	3.70e-03	2.35e-03	1.28e-05	0.00e+00	0.00e+00	0.00e+00	0.00e+00	0.00e+00	0.00e+00	0.00e+00	0.00e+00	0.00e+00	0.00e+00
 2.98699e+23	8.43e-05	9.94e-01	3.49e-03	2.30e-03	1.25e-05	0.00e+00	0.00e+00	0.00e+00	0.00e+00	0.00e+00	0.00e+00	0.00e+00	0.00e+00	0.00e+00	0.00e+00
 2.98893e+23	8.24e-05	9.94e-01	3.26e-03	2.25e-03	1.22e-05	0.00e+00	0.00e+00	0.00e+00	0.00e+00	0.00e+00	0.00e+00	0.00e+00	0.00e+00	0.00e+00	0.00e+00
 2.99095e+23	8.05e-05	9.95e-01	3.05e-03	2.19e-03	1.19e-05	0.00e+00	0.00e+00	0.00e+00	0.00e+00	0.00e+00	0.00e+00	0.00e+00	0.00e+00	0.00e+00	0.00e+00
 2.99298e+23	7.87e-05	9.95e-01	2.86e-03	2.14e-03	1.17e-05	0.00e+00	0.00e+00	0.00e+00	0.00e+00	0.00e+00	0.00e+00	0.00e+00	0.00e+00	0.00e+00	0.00e+00
 2.99507e+23	7.69e-05	9.95e-01	2.68e-03	2.10e-03	1.14e-05	0.00e+00	0.00e+00	0.00e+00	0.00e+00	0.00e+00	0.00e+00	0.00e+00	0.00e+00	0.00e+00	0.00e+00
 2.99726e+23	7.51e-05	9.95e-01	2.50e-03	2.05e-03	1.12e-05	0.00e+00	0.00e+00	0.00e+00	0.00e+00	0.00e+00	0.00e+00	0.00e+00	0.00e+00	0.00e+00	0.00e+00
 2.99953e+23	7.34e-05	9.96e-01	2.32e-03	2.00e-03	1.10e-05	0.00e+00	0.00e+00	0.00e+00	0.00e+00	0.00e+00	0.00e+00	0.00e+00	0.00e+00	0.00e+00	0.00e+00
 3.00185e+23	7.18e-05	9.96e-01	2.16e-03	1.95e-03	1.08e-05	0.00e+00	0.00e+00	0.00e+00	0.00e+00	0.00e+00	0.00e+00	0.00e+00	0.00e+00	0.00e+00	0.00e+00
 3.00424e+23	7.02e-05	9.96e-01	2.01e-03	1.91e-03	1.06e-05	0.00e+00	0.00e+00	0.00e+00	0.00e+00	0.00e+00	0.00e+00	0.00e+00	0.00e+00	0.00e+00	0.00e+00
 3.00672e+23	6.86e-05	9.96e-01	1.86e-03	1.87e-03	1.04e-05	0.00e+00	0.00e+00	0.00e+00	0.00e+00	0.00e+00	0.00e+00	0.00e+00	0.00e+00	0.00e+00	0.00e+00
 3.00932e+23	6.71e-05	9.96e-01	1.72e-03	1.82e-03	1.02e-05	0.00e+00	0.00e+00	0.00e+00	0.00e+00	0.00e+00	0.00e+00	0.00e+00	0.00e+00	0.00e+00	0.00e+00
 3.01200e+23	6.57e-05	9.97e-01	1.58e-03	1.78e-03	9.96e-06	0.00e+00	0.00e+00	0.00e+00	0.00e+00	0.00e+00	0.00e+00	0.00e+00	0.00e+00	0.00e+00	0.00e+00
 3.01474e+23	6.44e-05	9.97e-01	1.46e-03	1.74e-03	9.78e-06	0.00e+00	0.00e+00	0.00e+00	0.00e+00	0.00e+00	0.00e+00	0.00e+00	0.00e+00	0.00e+00	0.00e+00
 3.01754e+23	6.31e-05	9.97e-01	1.35e-03	1.70e-03	9.61e-06	0.00e+00	0.00e+00	0.00e+00	0.00e+00	0.00e+00	0.00e+00	0.00e+00	0.00e+00	0.00e+00	0.00e+00
 3.02040e+23	6.21e-05	9.97e-01	1.24e-03	1.67e-03	9.45e-06	0.00e+00	0.00e+00	0.00e+00	0.00e+00	0.00e+00	0.00e+00	0.00e+00	0.00e+00	0.00e+00	0.00e+00
 3.02338e+23	6.11e-05	9.97e-01	1.13e-03	1.63e-03	9.28e-06	0.00e+00	0.00e+00	0.00e+00	0.00e+00	0.00e+00	0.00e+00	0.00e+00	0.00e+00	0.00e+00	0.00e+00
 3.02648e+23	6.02e-05	9.97e-01	1.03e-03	1.59e-03	9.12e-06	0.00e+00	0.00e+00	0.00e+00	0.00e+00	0.00e+00	0.00e+00	0.00e+00	0.00e+00	0.00e+00	0.00e+00
 3.02967e+23	5.94e-05	9.97e-01	9.36e-04	1.56e-03	8.97e-06	0.00e+00	0.00e+00	0.00e+00	0.00e+00	0.00e+00	0.00e+00	0.00e+00	0.00e+00	0.00e+00	0.00e+00
 3.03291e+23	5.87e-05	9.98e-01	8.50e-04	1.52e-03	8.83e-06	0.00e+00	0.00e+00	0.00e+00	0.00e+00	0.00e+00	0.00e+00	0.00e+00	0.00e+00	0.00e+00	0.00e+00
 3.03629e+23	5.82e-05	9.98e-01	7.69e-04	1.49e-03	8.68e-06	0.00e+00	0.00e+00	0.00e+00	0.00e+00	0.00e+00	0.00e+00	0.00e+00	0.00e+00	0.00e+00	0.00e+00
 3.03990e+23	5.77e-05	9.98e-01	6.97e-04	1.46e-03	8.53e-06	0.00e+00	0.00e+00	0.00e+00	0.00e+00	0.00e+00	0.00e+00	0.00e+00	0.00e+00	0.00e+00	0.00e+00
 3.04362e+23	5.74e-05	9.98e-01	6.26e-04	1.42e-03	8.39e-06	0.00e+00	0.00e+00	0.00e+00	0.00e+00	0.00e+00	0.00e+00	0.00e+00	0.00e+00	0.00e+00	0.00e+00
 3.04746e+23	5.73e-05	9.98e-01	5.61e-04	1.39e-03	8.25e-06	0.00e+00	0.00e+00	0.00e+00	0.00e+00	0.00e+00	0.00e+00	0.00e+00	0.00e+00	0.00e+00	0.00e+00
 3.05153e+23	5.74e-05	9.98e-01	5.00e-04	1.36e-03	8.10e-06	0.00e+00	0.00e+00	0.00e+00	0.00e+00	0.00e+00	0.00e+00	0.00e+00	0.00e+00	0.00e+00	0.00e+00
 3.05585e+23	5.75e-05	9.98e-01	4.44e-04	1.32e-03	7.96e-06	0.00e+00	0.00e+00	0.00e+00	0.00e+00	0.00e+00	0.00e+00	0.00e+00	0.00e+00	0.00e+00	0.00e+00
 3.06036e+23	5.79e-05	9.98e-01	3.93e-04	1.29e-03	7.81e-06	0.00e+00	0.00e+00	0.00e+00	0.00e+00	0.00e+00	0.00e+00	0.00e+00	0.00e+00	0.00e+00	0.00e+00
 3.06503e+23	5.85e-05	9.98e-01	3.47e-04	1.26e-03	7.66e-06	0.00e+00	0.00e+00	0.00e+00	0.00e+00	0.00e+00	0.00e+00	0.00e+00	0.00e+00	0.00e+00	0.00e+00
 3.06963e+23	5.91e-05	9.98e-01	3.09e-04	1.23e-03	7.53e-06	0.00e+00	0.00e+00	0.00e+00	0.00e+00	0.00e+00	0.00e+00	0.00e+00	0.00e+00	0.00e+00	0.00e+00
 3.07405e+23	5.99e-05	9.98e-01	2.78e-04	1.20e-03	7.40e-06	0.00e+00	0.00e+00	0.00e+00	0.00e+00	0.00e+00	0.00e+00	0.00e+00	0.00e+00	0.00e+00	0.00e+00
 3.07837e+23	6.07e-05	9.99e-01	2.51e-04	1.18e-03	7.28e-06	0.00e+00	0.00e+00	0.00e+00	0.00e+00	0.00e+00	0.00e+00	0.00e+00	0.00e+00	0.00e+00	0.00e+00
 3.08259e+23	6.16e-05	9.99e-01	2.29e-04	1.15e-03	7.16e-06	0.00e+00	0.00e+00	0.00e+00	0.00e+00	0.00e+00	0.00e+00	0.00e+00	0.00e+00	0.00e+00	0.00e+00
 3.08518e+23	6.14e-05	9.99e-01	2.20e-04	1.14e-03	7.13e-06	0.00e+00	0.00e+00	0.00e+00	0.00e+00	0.00e+00	0.00e+00	0.00e+00	0.00e+00	0.00e+00	0.00e+00
