#depth	Cl	Cl+	Cl+2	Cl+3	Cl+4	Cl+5	Cl+6	Cl+7	Cl+8	Cl+9	Cl+10	Cl+11	Cl+12	Cl+13	Cl+14	Cl+15	Cl+16	Cl+17
 1.54284e+22	6.68e-30	2.78e-16	1.80e-13	2.58e-11	8.14e-10	1.39e-08	2.44e-07	1.36e-04	5.81e-03	7.00e-02	2.17e-01	3.15e-01	2.34e-01	8.43e-02	3.50e-02	3.54e-02	3.51e-03	1.17e-04
 3.42792e+22	4.92e-29	5.80e-15	2.82e-12	2.87e-10	6.50e-09	7.80e-08	9.68e-07	3.75e-04	1.28e-02	1.24e-01	2.99e-01	3.13e-01	1.75e-01	4.70e-02	1.54e-02	1.20e-02	8.35e-04	1.95e-05
 3.94128e+22	2.09e-28	2.13e-14	9.25e-12	8.15e-10	1.60e-08	1.66e-07	1.78e-06	5.90e-04	1.78e-02	1.56e-01	3.30e-01	2.98e-01	1.46e-01	3.44e-02	1.02e-02	7.07e-03	4.20e-04	8.38e-06
 4.19796e+22	4.23e-28	4.03e-14	1.65e-11	1.36e-09	2.49e-08	2.40e-07	2.40e-06	7.34e-04	2.09e-02	1.72e-01	3.44e-01	2.87e-01	1.32e-01	2.92e-02	8.27e-03	5.40e-03	2.96e-04	5.46e-06
 4.31739e+22	5.56e-28	5.15e-14	2.07e-11	1.65e-09	2.96e-08	2.77e-07	2.70e-06	8.00e-04	2.22e-02	1.79e-01	3.48e-01	2.83e-01	1.27e-01	2.73e-02	7.60e-03	4.85e-03	2.58e-04	4.62e-06
 4.39529e+22	7.95e-28	7.13e-14	2.78e-11	2.14e-09	3.71e-08	3.34e-07	3.14e-06	8.94e-04	2.40e-02	1.88e-01	3.54e-01	2.77e-01	1.20e-01	2.50e-02	6.79e-03	4.20e-03	2.14e-04	3.68e-06
 4.47841e+22	1.09e-27	9.45e-14	3.59e-11	2.69e-09	4.51e-08	3.94e-07	3.59e-06	9.84e-04	2.57e-02	1.96e-01	3.59e-01	2.71e-01	1.14e-01	2.31e-02	6.15e-03	3.70e-03	1.82e-04	3.02e-06
 4.56833e+22	1.60e-27	1.34e-13	4.94e-11	3.56e-09	5.75e-08	4.83e-07	4.23e-06	1.11e-03	2.80e-02	2.07e-01	3.65e-01	2.63e-01	1.07e-01	2.09e-02	5.42e-03	3.16e-03	1.48e-04	2.35e-06
 4.65516e+22	2.16e-27	1.77e-13	6.34e-11	4.43e-09	6.96e-08	5.66e-07	4.81e-06	1.22e-03	2.99e-02	2.15e-01	3.69e-01	2.57e-01	1.01e-01	1.92e-02	4.90e-03	2.78e-03	1.26e-04	1.93e-06
 4.72477e+22	2.81e-27	2.26e-13	7.91e-11	5.38e-09	8.23e-08	6.52e-07	5.39e-06	1.32e-03	3.16e-02	2.22e-01	3.72e-01	2.51e-01	9.65e-02	1.79e-02	4.48e-03	2.48e-03	1.09e-04	1.61e-06
 4.80205e+22	3.94e-27	3.08e-13	1.05e-10	6.90e-09	1.02e-07	7.81e-07	6.24e-06	1.47e-03	3.40e-02	2.32e-01	3.76e-01	2.44e-01	9.06e-02	1.63e-02	3.98e-03	2.14e-03	9.00e-05	1.28e-06
 4.88179e+22	5.21e-27	4.00e-13	1.33e-10	8.48e-09	1.22e-07	9.09e-07	7.06e-06	1.60e-03	3.61e-02	2.40e-01	3.78e-01	2.37e-01	8.58e-02	1.50e-02	3.60e-03	1.88e-03	7.66e-05	1.05e-06
 4.96476e+22	7.47e-27	5.60e-13	1.81e-10	1.11e-08	1.55e-07	1.11e-06	8.28e-06	1.79e-03	3.90e-02	2.51e-01	3.82e-01	2.29e-01	7.98e-02	1.34e-02	3.16e-03	1.60e-03	6.20e-05	8.13e-07
 5.04806e+22	9.81e-27	7.24e-13	2.28e-10	1.36e-08	1.85e-07	1.29e-06	9.36e-06	1.96e-03	4.14e-02	2.59e-01	3.83e-01	2.22e-01	7.53e-02	1.24e-02	2.85e-03	1.40e-03	5.26e-05	6.67e-07
 5.13182e+22	1.40e-26	1.02e-12	3.10e-10	1.78e-08	2.34e-07	1.57e-06	1.10e-05	2.19e-03	4.47e-02	2.71e-01	3.85e-01	2.13e-01	6.96e-02	1.10e-02	2.48e-03	1.18e-03	4.21e-05	5.09e-07
 5.21659e+22	1.84e-26	1.32e-12	3.93e-10	2.20e-08	2.81e-07	1.83e-06	1.25e-05	2.40e-03	4.74e-02	2.79e-01	3.86e-01	2.06e-01	6.54e-02	1.00e-02	2.23e-03	1.03e-03	3.54e-05	4.13e-07
 5.30267e+22	2.62e-26	1.86e-12	5.37e-10	2.89e-08	3.57e-07	2.24e-06	1.47e-05	2.69e-03	5.12e-02	2.91e-01	3.87e-01	1.96e-01	6.00e-02	8.89e-03	1.93e-03	8.55e-04	2.80e-05	3.11e-07
 5.39047e+22	3.47e-26	2.45e-12	6.88e-10	3.59e-08	4.33e-07	2.64e-06	1.69e-05	2.96e-03	5.44e-02	3.01e-01	3.87e-01	1.89e-01	5.59e-02	8.03e-03	1.71e-03	7.36e-04	2.32e-05	2.47e-07
 5.48049e+22	4.95e-26	3.48e-12	9.47e-10	4.76e-08	5.56e-07	3.27e-06	2.01e-05	3.34e-03	5.90e-02	3.13e-01	3.86e-01	1.78e-01	5.08e-02	7.02e-03	1.46e-03	6.03e-04	1.80e-05	1.82e-07
 5.57233e+22	6.55e-26	4.60e-12	1.22e-09	5.96e-08	6.80e-07	3.88e-06	2.32e-05	3.69e-03	6.29e-02	3.23e-01	3.85e-01	1.70e-01	4.70e-02	6.28e-03	1.28e-03	5.12e-04	1.47e-05	1.42e-07
 5.66655e+22	9.31e-26	6.59e-12	1.69e-09	7.97e-08	8.82e-07	4.85e-06	2.79e-05	4.20e-03	6.83e-02	3.37e-01	3.82e-01	1.60e-01	4.22e-02	5.41e-03	1.08e-03	4.12e-04	1.12e-05	0.00e+00
 5.76160e+22	1.22e-25	8.70e-12	2.18e-09	9.99e-08	1.08e-06	5.77e-06	3.23e-05	4.64e-03	7.28e-02	3.47e-01	3.79e-01	1.51e-01	3.87e-02	4.80e-03	9.42e-04	3.47e-04	8.98e-06	0.00e+00
 5.84131e+22	1.54e-25	1.11e-11	2.74e-09	1.22e-07	1.30e-06	6.76e-06	3.70e-05	5.09e-03	7.71e-02	3.56e-01	3.76e-01	1.44e-01	3.57e-02	4.29e-03	8.30e-04	2.96e-04	7.34e-06	0.00e+00
 5.92765e+22	2.06e-25	1.52e-11	3.64e-09	1.58e-07	1.64e-06	8.28e-06	4.39e-05	5.73e-03	8.30e-02	3.68e-01	3.72e-01	1.35e-01	3.21e-02	3.71e-03	7.04e-04	2.40e-04	5.66e-06	0.00e+00
 6.01488e+22	2.58e-25	1.94e-11	4.55e-09	1.94e-07	1.97e-06	9.73e-06	5.04e-05	6.30e-03	8.80e-02	3.78e-01	3.67e-01	1.27e-01	2.94e-02	3.29e-03	6.16e-04	2.03e-04	4.58e-06	0.00e+00
 6.10008e+22	3.33e-25	2.57e-11	5.91e-09	2.46e-07	2.46e-06	1.18e-05	5.94e-05	7.05e-03	9.44e-02	3.89e-01	3.61e-01	1.19e-01	2.64e-02	2.85e-03	5.23e-04	1.65e-04	3.54e-06	0.00e+00
 6.18703e+22	4.11e-25	3.26e-11	7.39e-09	3.02e-07	2.98e-06	1.40e-05	6.87e-05	7.78e-03	1.00e-01	3.98e-01	3.55e-01	1.11e-01	2.39e-02	2.50e-03	4.52e-04	1.38e-04	2.82e-06	0.00e+00
 6.27227e+22	5.08e-25	4.22e-11	9.39e-09	3.77e-07	3.67e-06	1.68e-05	8.07e-05	8.68e-03	1.07e-01	4.09e-01	3.48e-01	1.03e-01	2.14e-02	2.16e-03	3.85e-04	1.12e-04	2.19e-06	0.00e+00
 6.35929e+22	6.17e-25	5.33e-11	1.17e-08	4.64e-07	4.45e-06	2.00e-05	9.39e-05	9.62e-03	1.14e-01	4.18e-01	3.41e-01	9.64e-02	1.93e-02	1.88e-03	3.29e-04	9.25e-05	1.72e-06	0.00e+00
 6.44538e+22	7.44e-25	6.73e-11	1.46e-08	5.72e-07	5.43e-06	2.38e-05	1.10e-04	1.07e-02	1.21e-01	4.27e-01	3.33e-01	8.93e-02	1.72e-02	1.62e-03	2.80e-04	7.54e-05	1.34e-06	0.00e+00
 6.53192e+22	8.85e-25	8.37e-11	1.81e-08	6.99e-07	6.58e-06	2.83e-05	1.28e-04	1.19e-02	1.29e-01	4.35e-01	3.24e-01	8.27e-02	1.54e-02	1.40e-03	2.38e-04	6.16e-05	1.04e-06	0.00e+00
 6.61746e+22	1.04e-24	1.03e-10	2.22e-08	8.50e-07	7.94e-06	3.35e-05	1.49e-04	1.31e-02	1.36e-01	4.43e-01	3.15e-01	7.64e-02	1.38e-02	1.21e-03	2.02e-04	5.03e-05	8.09e-07	0.00e+00
 6.70287e+22	1.21e-24	1.26e-10	2.70e-08	1.03e-06	9.55e-06	3.96e-05	1.73e-04	1.45e-02	1.45e-01	4.51e-01	3.06e-01	7.05e-02	1.23e-02	1.04e-03	1.72e-04	4.11e-05	6.29e-07	0.00e+00
 6.78841e+22	1.40e-24	1.53e-10	3.27e-08	1.24e-06	1.15e-05	4.68e-05	2.01e-04	1.61e-02	1.53e-01	4.57e-01	2.96e-01	6.49e-02	1.09e-02	8.96e-04	1.46e-04	3.34e-05	4.88e-07	0.00e+00
 6.87428e+22	1.61e-24	1.84e-10	3.94e-08	1.49e-06	1.37e-05	5.51e-05	2.34e-04	1.78e-02	1.62e-01	4.63e-01	2.86e-01	5.96e-02	9.70e-03	7.69e-04	1.23e-04	2.72e-05	3.78e-07	0.00e+00
 6.96066e+22	1.85e-24	2.19e-10	4.73e-08	1.79e-06	1.64e-05	6.49e-05	2.72e-04	1.96e-02	1.71e-01	4.69e-01	2.76e-01	5.46e-02	8.60e-03	6.59e-04	1.04e-04	2.21e-05	2.93e-07	0.00e+00
 7.04782e+22	2.10e-24	2.60e-10	5.66e-08	2.14e-06	1.96e-05	7.63e-05	3.15e-04	2.17e-02	1.80e-01	4.73e-01	2.66e-01	5.00e-02	7.61e-03	5.64e-04	8.78e-05	1.79e-05	2.26e-07	0.00e+00
 7.13600e+22	2.40e-24	3.07e-10	6.75e-08	2.55e-06	2.33e-05	8.96e-05	3.66e-04	2.39e-02	1.90e-01	4.77e-01	2.55e-01	4.56e-02	6.71e-03	4.82e-04	7.38e-05	1.44e-05	1.74e-07	0.00e+00
 7.22465e+22	2.73e-24	3.60e-10	8.00e-08	3.03e-06	2.77e-05	1.05e-04	4.25e-04	2.63e-02	2.00e-01	4.80e-01	2.45e-01	4.16e-02	5.93e-03	4.11e-04	6.21e-05	1.17e-05	1.34e-07	0.00e+00
 7.31474e+22	3.11e-24	4.21e-10	9.50e-08	3.61e-06	3.29e-05	1.23e-04	4.94e-04	2.91e-02	2.11e-01	4.82e-01	2.34e-01	3.77e-02	5.20e-03	3.49e-04	5.19e-05	9.35e-06	0.00e+00	0.00e+00
 7.40586e+22	3.56e-24	4.89e-10	1.12e-07	4.27e-06	3.90e-05	1.44e-04	5.71e-04	3.20e-02	2.21e-01	4.84e-01	2.23e-01	3.42e-02	4.58e-03	2.97e-04	4.35e-05	7.53e-06	0.00e+00	0.00e+00
 7.49876e+22	9.95e-24	5.68e-10	1.33e-07	5.08e-06	4.63e-05	1.69e-04	6.65e-04	3.53e-02	2.32e-01	4.84e-01	2.12e-01	3.09e-02	4.00e-03	2.51e-04	3.62e-05	6.00e-06	0.00e+00	0.00e+00
 7.58521e+22	1.12e-23	6.41e-10	1.53e-07	5.84e-06	5.33e-05	1.92e-04	7.51e-04	3.82e-02	2.42e-01	4.84e-01	2.03e-01	2.84e-02	3.58e-03	2.18e-04	3.11e-05	4.99e-06	0.00e+00	0.00e+00
 7.67400e+22	1.31e-23	7.41e-10	1.81e-07	6.95e-06	6.35e-05	2.26e-04	8.78e-04	4.22e-02	2.54e-01	4.82e-01	1.92e-01	2.54e-02	3.10e-03	1.83e-04	2.56e-05	3.94e-06	0.00e+00	0.00e+00
 7.76426e+22	1.49e-23	8.35e-10	2.08e-07	7.99e-06	7.30e-05	2.57e-04	9.91e-04	4.57e-02	2.63e-01	4.80e-01	1.83e-01	2.33e-02	2.77e-03	1.59e-04	2.19e-05	3.26e-06	0.00e+00	0.00e+00
 7.85695e+22	1.77e-23	9.68e-10	2.48e-07	9.55e-06	8.71e-05	3.03e-04	1.16e-03	5.04e-02	2.76e-01	4.77e-01	1.72e-01	2.07e-02	2.39e-03	1.32e-04	1.79e-05	2.55e-06	0.00e+00	0.00e+00
 7.95059e+22	2.06e-23	1.09e-09	2.85e-07	1.10e-05	1.00e-04	3.44e-04	1.31e-03	5.45e-02	2.85e-01	4.73e-01	1.64e-01	1.89e-02	2.12e-03	1.14e-04	1.53e-05	2.10e-06	0.00e+00	0.00e+00
 8.04544e+22	2.47e-23	1.25e-09	3.39e-07	1.31e-05	1.19e-04	4.04e-04	1.53e-03	6.01e-02	2.98e-01	4.68e-01	1.53e-01	1.67e-02	1.82e-03	9.46e-05	1.24e-05	1.64e-06	0.00e+00	0.00e+00
 8.14038e+22	2.90e-23	1.41e-09	3.90e-07	1.50e-05	1.36e-04	4.56e-04	1.72e-03	6.46e-02	3.07e-01	4.63e-01	1.45e-01	1.53e-02	1.62e-03	8.21e-05	1.07e-05	1.36e-06	0.00e+00	0.00e+00
 8.23544e+22	3.54e-23	1.62e-09	4.64e-07	1.78e-05	1.61e-04	5.33e-04	1.99e-03	7.09e-02	3.20e-01	4.56e-01	1.35e-01	1.35e-02	1.39e-03	6.80e-05	8.68e-06	1.06e-06	0.00e+00	0.00e+00
 8.33142e+22	4.18e-23	1.82e-09	5.33e-07	2.04e-05	1.84e-04	6.01e-04	2.23e-03	7.61e-02	3.29e-01	4.50e-01	1.28e-01	1.23e-02	1.24e-03	5.88e-05	7.40e-06	8.74e-07	0.00e+00	0.00e+00
 8.42860e+22	5.18e-23	2.10e-09	6.37e-07	2.43e-05	2.18e-04	7.00e-04	2.59e-03	8.33e-02	3.41e-01	4.41e-01	1.19e-01	1.08e-02	1.06e-03	4.87e-05	6.01e-06	6.80e-07	0.00e+00	0.00e+00
 8.52699e+22	6.19e-23	2.37e-09	7.35e-07	2.79e-05	2.49e-04	7.88e-04	2.89e-03	8.92e-02	3.50e-01	4.34e-01	1.12e-01	9.81e-03	9.40e-04	4.19e-05	5.11e-06	5.59e-07	0.00e+00	0.00e+00
 8.62696e+22	7.80e-23	2.76e-09	8.81e-07	3.32e-05	2.95e-04	9.18e-04	3.35e-03	9.75e-02	3.61e-01	4.24e-01	1.03e-01	8.61e-03	8.01e-04	3.45e-05	4.13e-06	4.32e-07	0.00e+00	0.00e+00
 8.72855e+22	9.45e-23	3.13e-09	1.02e-06	3.83e-05	3.37e-04	1.03e-03	3.74e-03	1.04e-01	3.70e-01	4.15e-01	9.68e-02	7.76e-03	7.06e-04	2.96e-05	3.49e-06	3.54e-07	0.00e+00	0.00e+00
 8.83227e+22	1.21e-22	3.66e-09	1.24e-06	4.58e-05	4.00e-04	1.20e-03	4.32e-03	1.14e-01	3.81e-01	4.04e-01	8.88e-02	6.77e-03	5.99e-04	2.42e-05	2.81e-06	2.72e-07	0.00e+00	0.00e+00
 8.93819e+22	1.50e-22	4.20e-09	1.45e-06	5.31e-05	4.58e-04	1.36e-03	4.84e-03	1.21e-01	3.89e-01	3.94e-01	8.28e-02	6.06e-03	5.25e-04	2.06e-05	2.36e-06	2.20e-07	0.00e+00	0.00e+00
 9.04699e+22	1.96e-22	4.97e-09	1.77e-06	6.40e-05	5.45e-04	1.58e-03	5.59e-03	1.32e-01	3.99e-01	3.80e-01	7.53e-02	5.24e-03	4.41e-04	1.67e-05	1.87e-06	1.67e-07	0.00e+00	0.00e+00
 9.15857e+22	2.46e-22	5.77e-09	2.09e-06	7.48e-05	6.28e-04	1.79e-03	6.26e-03	1.41e-01	4.06e-01	3.70e-01	6.98e-02	4.67e-03	3.84e-04	1.41e-05	1.56e-06	1.34e-07	0.00e+00	0.00e+00
 9.27379e+22	3.31e-22	6.94e-09	2.59e-06	9.11e-05	7.52e-04	2.09e-03	7.25e-03	1.53e-01	4.15e-01	3.55e-01	6.29e-02	3.99e-03	3.19e-04	1.13e-05	1.22e-06	0.00e+00	0.00e+00	0.00e+00
 9.38218e+22	4.07e-22	7.96e-09	3.00e-06	1.04e-04	8.47e-04	2.32e-03	7.94e-03	1.62e-01	4.20e-01	3.45e-01	5.88e-02	3.61e-03	2.83e-04	9.78e-06	1.04e-06	0.00e+00	0.00e+00	0.00e+00
 9.48169e+22	5.30e-22	9.41e-09	3.62e-06	1.23e-04	9.87e-04	2.64e-03	8.96e-03	1.73e-01	4.26e-01	3.32e-01	5.36e-02	3.16e-03	2.42e-04	8.08e-06	8.48e-07	0.00e+00	0.00e+00	0.00e+00
 9.58041e+22	6.52e-22	1.08e-08	4.19e-06	1.41e-04	1.11e-03	2.91e-03	9.77e-03	1.81e-01	4.29e-01	3.22e-01	5.01e-02	2.86e-03	2.15e-04	7.01e-06	7.27e-07	0.00e+00	0.00e+00	0.00e+00
 9.67811e+22	8.43e-22	1.27e-08	5.02e-06	1.66e-04	1.28e-03	3.30e-03	1.10e-02	1.93e-01	4.34e-01	3.09e-01	4.55e-02	2.49e-03	1.83e-04	5.79e-06	5.91e-07	0.00e+00	0.00e+00	0.00e+00
 9.77636e+22	1.05e-21	1.47e-08	5.83e-06	1.89e-04	1.44e-03	3.62e-03	1.19e-02	2.02e-01	4.37e-01	2.99e-01	4.24e-02	2.25e-03	1.63e-04	5.02e-06	5.06e-07	0.00e+00	0.00e+00	0.00e+00
 9.87534e+22	1.37e-21	1.75e-08	7.03e-06	2.24e-04	1.66e-03	4.10e-03	1.33e-02	2.14e-01	4.40e-01	2.86e-01	3.85e-02	1.96e-03	1.39e-04	4.15e-06	4.11e-07	0.00e+00	0.00e+00	0.00e+00
 9.97613e+22	1.72e-21	2.04e-08	8.21e-06	2.57e-04	1.87e-03	4.51e-03	1.45e-02	2.24e-01	4.41e-01	2.76e-01	3.57e-02	1.77e-03	1.22e-04	3.57e-06	3.50e-07	0.00e+00	0.00e+00	0.00e+00
 1.00793e+23	2.30e-21	2.46e-08	9.99e-06	3.06e-04	2.17e-03	5.11e-03	1.61e-02	2.37e-01	4.43e-01	2.63e-01	3.22e-02	1.53e-03	1.04e-04	2.93e-06	2.81e-07	0.00e+00	0.00e+00	0.00e+00
 1.01839e+23	2.93e-21	2.90e-08	1.17e-05	3.52e-04	2.44e-03	5.62e-03	1.75e-02	2.47e-01	4.43e-01	2.53e-01	2.97e-02	1.37e-03	9.11e-05	2.51e-06	2.38e-07	0.00e+00	0.00e+00	0.00e+00
 1.02903e+23	3.96e-21	3.54e-08	1.44e-05	4.21e-04	2.83e-03	6.37e-03	1.95e-02	2.61e-01	4.43e-01	2.39e-01	2.66e-02	1.18e-03	7.65e-05	2.04e-06	1.90e-07	0.00e+00	0.00e+00	0.00e+00
 1.03987e+23	5.11e-21	4.21e-08	1.70e-05	4.87e-04	3.20e-03	7.02e-03	2.12e-02	2.72e-01	4.42e-01	2.29e-01	2.45e-02	1.05e-03	6.70e-05	1.74e-06	1.60e-07	0.00e+00	0.00e+00	0.00e+00
 1.05094e+23	7.04e-21	5.21e-08	2.10e-05	5.86e-04	3.73e-03	7.95e-03	2.36e-02	2.86e-01	4.40e-01	2.15e-01	2.17e-02	8.98e-04	5.58e-05	1.40e-06	1.27e-07	0.00e+00	0.00e+00	0.00e+00
 1.06229e+23	9.23e-21	6.28e-08	2.51e-05	6.82e-04	4.22e-03	8.78e-03	2.56e-02	2.97e-01	4.37e-01	2.05e-01	1.98e-02	7.94e-04	4.84e-05	1.18e-06	0.00e+00	0.00e+00	0.00e+00	0.00e+00
 1.07399e+23	1.30e-20	7.93e-08	3.13e-05	8.28e-04	4.95e-03	9.97e-03	2.84e-02	3.13e-01	4.33e-01	1.92e-01	1.75e-02	6.73e-04	3.99e-05	9.44e-07	0.00e+00	0.00e+00	0.00e+00	0.00e+00
 1.08597e+23	1.74e-20	9.67e-08	3.77e-05	9.71e-04	5.63e-03	1.10e-02	3.09e-02	3.24e-01	4.29e-01	1.81e-01	1.58e-02	5.89e-04	3.43e-05	7.87e-07	0.00e+00	0.00e+00	0.00e+00	0.00e+00
 1.09831e+23	2.52e-20	1.25e-07	4.78e-05	1.19e-03	6.63e-03	1.26e-02	3.43e-02	3.40e-01	4.23e-01	1.68e-01	1.38e-02	4.95e-04	2.80e-05	6.20e-07	0.00e+00	0.00e+00	0.00e+00	0.00e+00
 1.11079e+23	3.40e-20	1.53e-07	5.77e-05	1.40e-03	7.53e-03	1.39e-02	3.70e-02	3.51e-01	4.17e-01	1.59e-01	1.24e-02	4.32e-04	2.39e-05	5.16e-07	0.00e+00	0.00e+00	0.00e+00	0.00e+00
 1.12343e+23	4.97e-20	1.99e-07	7.34e-05	1.72e-03	8.87e-03	1.58e-02	4.10e-02	3.66e-01	4.09e-01	1.46e-01	1.08e-02	3.60e-04	1.94e-05	4.03e-07	0.00e+00	0.00e+00	0.00e+00	0.00e+00
 1.13621e+23	6.77e-20	2.47e-07	8.89e-05	2.02e-03	1.01e-02	1.74e-02	4.42e-02	3.77e-01	4.02e-01	1.37e-01	9.66e-03	3.13e-04	1.65e-05	3.33e-07	0.00e+00	0.00e+00	0.00e+00	0.00e+00
 1.14917e+23	1.00e-19	3.24e-07	1.13e-04	2.48e-03	1.19e-02	1.97e-02	4.88e-02	3.92e-01	3.91e-01	1.26e-01	8.31e-03	2.59e-04	1.33e-05	2.59e-07	0.00e+00	0.00e+00	0.00e+00	0.00e+00
 1.16184e+23	1.35e-19	3.97e-07	1.36e-04	2.89e-03	1.33e-02	2.15e-02	5.21e-02	4.01e-01	3.83e-01	1.18e-01	7.46e-03	2.27e-04	1.13e-05	2.15e-07	0.00e+00	0.00e+00	0.00e+00	0.00e+00
 1.17412e+23	1.96e-19	5.15e-07	1.71e-04	3.50e-03	1.55e-02	2.41e-02	5.67e-02	4.13e-01	3.72e-01	1.08e-01	6.47e-03	1.90e-04	9.25e-06	1.70e-07	0.00e+00	0.00e+00	0.00e+00	0.00e+00
 1.18698e+23	2.71e-19	6.45e-07	2.08e-04	4.13e-03	1.76e-02	2.65e-02	6.08e-02	4.23e-01	3.62e-01	1.00e-01	5.72e-03	1.63e-04	7.74e-06	1.38e-07	0.00e+00	0.00e+00	0.00e+00	0.00e+00
 1.19784e+23	1.37e-19	7.79e-07	2.45e-04	4.74e-03	1.95e-02	2.86e-02	6.44e-02	4.30e-01	3.53e-01	9.39e-02	5.14e-03	1.43e-04	6.67e-06	0.00e+00	0.00e+00	0.00e+00	0.00e+00	0.00e+00
 1.20920e+23	1.92e-19	9.87e-07	3.00e-04	5.61e-03	2.22e-02	3.15e-02	6.89e-02	4.39e-01	3.42e-01	8.64e-02	4.50e-03	1.22e-04	5.53e-06	0.00e+00	0.00e+00	0.00e+00	0.00e+00	0.00e+00
 1.22091e+23	2.58e-19	1.21e-06	3.57e-04	6.49e-03	2.47e-02	3.41e-02	7.30e-02	4.45e-01	3.32e-01	8.02e-02	4.01e-03	1.06e-04	4.69e-06	0.00e+00	0.00e+00	0.00e+00	0.00e+00	0.00e+00
 1.23144e+23	3.41e-19	1.47e-06	4.22e-04	7.46e-03	2.74e-02	3.68e-02	7.70e-02	4.51e-01	3.22e-01	7.46e-02	3.58e-03	9.21e-05	4.00e-06	0.00e+00	0.00e+00	0.00e+00	0.00e+00	0.00e+00
 1.24344e+23	4.85e-19	1.88e-06	5.20e-04	8.86e-03	3.12e-02	4.04e-02	8.21e-02	4.57e-01	3.09e-01	6.79e-02	3.10e-03	7.74e-05	3.28e-06	0.00e+00	0.00e+00	0.00e+00	0.00e+00	0.00e+00
 1.25590e+23	6.65e-19	2.34e-06	6.25e-04	1.03e-02	3.49e-02	4.38e-02	8.68e-02	4.62e-01	2.97e-01	6.22e-02	2.71e-03	6.60e-05	2.72e-06	0.00e+00	0.00e+00	0.00e+00	0.00e+00	0.00e+00
 1.26701e+23	2.36e-18	2.87e-06	7.41e-04	1.19e-02	3.87e-02	4.71e-02	9.11e-02	4.65e-01	2.86e-01	5.74e-02	2.40e-03	5.71e-05	2.30e-06	0.00e+00	0.00e+00	0.00e+00	0.00e+00	0.00e+00
 1.27950e+23	3.41e-18	3.69e-06	9.14e-04	1.41e-02	4.38e-02	5.15e-02	9.65e-02	4.68e-01	2.72e-01	5.18e-02	2.05e-03	4.75e-05	1.86e-06	0.00e+00	0.00e+00	0.00e+00	0.00e+00	0.00e+00
 1.29259e+23	4.78e-18	4.63e-06	1.10e-03	1.64e-02	4.90e-02	5.57e-02	1.02e-01	4.69e-01	2.59e-01	4.69e-02	1.77e-03	3.99e-05	1.52e-06	0.00e+00	0.00e+00	0.00e+00	0.00e+00	0.00e+00
 1.30442e+23	6.53e-18	5.71e-06	1.31e-03	1.89e-02	5.42e-02	5.96e-02	1.06e-01	4.69e-01	2.47e-01	4.27e-02	1.54e-03	3.41e-05	1.27e-06	0.00e+00	0.00e+00	0.00e+00	0.00e+00	0.00e+00
 1.31777e+23	9.06e-18	7.44e-06	1.63e-03	2.25e-02	6.13e-02	6.49e-02	1.12e-01	4.67e-01	2.31e-01	3.79e-02	1.30e-03	2.78e-05	1.00e-06	0.00e+00	0.00e+00	0.00e+00	0.00e+00	0.00e+00
 1.33156e+23	5.00e-18	9.36e-06	1.97e-03	2.61e-02	6.81e-02	6.97e-02	1.17e-01	4.64e-01	2.18e-01	3.39e-02	1.11e-03	2.32e-05	8.13e-07	0.00e+00	0.00e+00	0.00e+00	0.00e+00	0.00e+00
 1.34385e+23	6.84e-18	1.16e-05	2.34e-03	3.00e-02	7.50e-02	7.42e-02	1.21e-01	4.60e-01	2.06e-01	3.05e-02	9.54e-04	1.95e-05	6.66e-07	0.00e+00	0.00e+00	0.00e+00	0.00e+00	0.00e+00
 1.35775e+23	1.01e-17	1.51e-05	2.90e-03	3.55e-02	8.43e-02	8.01e-02	1.26e-01	4.53e-01	1.90e-01	2.66e-02	7.88e-04	1.57e-05	5.18e-07	0.00e+00	0.00e+00	0.00e+00	0.00e+00	0.00e+00
 1.37219e+23	1.44e-17	1.91e-05	3.49e-03	4.12e-02	9.31e-02	8.53e-02	1.30e-01	4.46e-01	1.77e-01	2.35e-02	6.61e-04	1.28e-05	4.11e-07	0.00e+00	0.00e+00	0.00e+00	0.00e+00	0.00e+00
 1.38517e+23	2.00e-17	2.37e-05	4.15e-03	4.71e-02	1.02e-01	9.02e-02	1.34e-01	4.37e-01	1.65e-01	2.08e-02	5.59e-04	1.06e-05	3.31e-07	0.00e+00	0.00e+00	0.00e+00	0.00e+00	0.00e+00
 1.39987e+23	3.04e-17	3.11e-05	5.15e-03	5.57e-02	1.14e-01	9.64e-02	1.38e-01	4.24e-01	1.49e-01	1.77e-02	4.50e-04	8.28e-06	2.49e-07	0.00e+00	0.00e+00	0.00e+00	0.00e+00	0.00e+00
 1.41506e+23	4.34e-17	3.91e-05	6.16e-03	6.39e-02	1.24e-01	1.02e-01	1.41e-01	4.11e-01	1.37e-01	1.54e-02	3.72e-04	6.68e-06	1.95e-07	0.00e+00	0.00e+00	0.00e+00	0.00e+00	0.00e+00
 1.42878e+23	6.10e-17	4.86e-05	7.31e-03	7.27e-02	1.35e-01	1.06e-01	1.43e-01	3.97e-01	1.25e-01	1.33e-02	3.08e-04	5.40e-06	1.53e-07	0.00e+00	0.00e+00	0.00e+00	0.00e+00	0.00e+00
 1.44450e+23	9.50e-17	6.42e-05	9.06e-03	8.55e-02	1.49e-01	1.12e-01	1.45e-01	3.77e-01	1.10e-01	1.10e-02	2.40e-04	4.08e-06	0.00e+00	0.00e+00	0.00e+00	0.00e+00	0.00e+00	0.00e+00
 1.46036e+23	1.35e-16	7.99e-05	1.07e-02	9.68e-02	1.60e-01	1.16e-01	1.46e-01	3.60e-01	9.94e-02	9.41e-03	1.95e-04	3.24e-06	0.00e+00	0.00e+00	0.00e+00	0.00e+00	0.00e+00	0.00e+00
 1.47641e+23	2.08e-16	1.04e-04	1.31e-02	1.12e-01	1.74e-01	1.21e-01	1.46e-01	3.38e-01	8.70e-02	7.72e-03	1.51e-04	2.43e-06	0.00e+00	0.00e+00	0.00e+00	0.00e+00	0.00e+00	0.00e+00
 1.49282e+23	3.04e-16	1.30e-04	1.55e-02	1.26e-01	1.87e-01	1.25e-01	1.45e-01	3.18e-01	7.68e-02	6.43e-03	1.19e-04	1.88e-06	0.00e+00	0.00e+00	0.00e+00	0.00e+00	0.00e+00	0.00e+00
 1.50725e+23	4.32e-16	1.59e-04	1.80e-02	1.41e-01	1.97e-01	1.27e-01	1.44e-01	2.99e-01	6.81e-02	5.41e-03	9.59e-05	1.48e-06	0.00e+00	0.00e+00	0.00e+00	0.00e+00	0.00e+00	0.00e+00
 1.52355e+23	6.79e-16	2.05e-04	2.17e-02	1.60e-01	2.11e-01	1.30e-01	1.41e-01	2.74e-01	5.80e-02	4.30e-03	7.19e-05	1.07e-06	0.00e+00	0.00e+00	0.00e+00	0.00e+00	0.00e+00	0.00e+00
 1.54026e+23	9.95e-16	2.53e-04	2.52e-02	1.77e-01	2.21e-01	1.31e-01	1.38e-01	2.53e-01	5.03e-02	3.52e-03	5.60e-05	8.17e-07	0.00e+00	0.00e+00	0.00e+00	0.00e+00	0.00e+00	0.00e+00
 1.55751e+23	1.60e-15	3.25e-04	3.02e-02	1.99e-01	2.33e-01	1.31e-01	1.33e-01	2.28e-01	4.19e-02	2.74e-03	4.10e-05	5.80e-07	0.00e+00	0.00e+00	0.00e+00	0.00e+00	0.00e+00	0.00e+00
 1.57504e+23	2.43e-15	3.98e-04	3.48e-02	2.19e-01	2.41e-01	1.31e-01	1.28e-01	2.07e-01	3.57e-02	2.20e-03	3.14e-05	4.33e-07	0.00e+00	0.00e+00	0.00e+00	0.00e+00	0.00e+00	0.00e+00
 1.59056e+23	3.67e-15	4.82e-04	3.98e-02	2.38e-01	2.48e-01	1.30e-01	1.23e-01	1.88e-01	3.04e-02	1.77e-03	2.41e-05	3.24e-07	0.00e+00	0.00e+00	0.00e+00	0.00e+00	0.00e+00	0.00e+00
 1.60837e+23	6.45e-15	6.14e-04	4.70e-02	2.63e-01	2.56e-01	1.28e-01	1.16e-01	1.65e-01	2.44e-02	1.33e-03	1.70e-05	2.21e-07	0.00e+00	0.00e+00	0.00e+00	0.00e+00	0.00e+00	0.00e+00
 1.62643e+23	1.05e-14	7.40e-04	5.33e-02	2.83e-01	2.60e-01	1.25e-01	1.10e-01	1.47e-01	2.04e-02	1.05e-03	1.28e-05	1.62e-07	0.00e+00	0.00e+00	0.00e+00	0.00e+00	0.00e+00	0.00e+00
 1.64219e+23	1.68e-14	8.83e-04	5.99e-02	3.02e-01	2.63e-01	1.22e-01	1.04e-01	1.31e-01	1.71e-02	8.29e-04	9.68e-06	0.00e+00	0.00e+00	0.00e+00	0.00e+00	0.00e+00	0.00e+00	0.00e+00
 1.65730e+23	2.95e-14	1.04e-03	6.66e-02	3.19e-01	2.64e-01	1.18e-01	9.80e-02	1.17e-01	1.44e-02	6.62e-04	7.42e-06	0.00e+00	0.00e+00	0.00e+00	0.00e+00	0.00e+00	0.00e+00	0.00e+00
 1.67171e+23	5.26e-14	1.21e-03	7.35e-02	3.36e-01	2.65e-01	1.15e-01	9.24e-02	1.05e-01	1.22e-02	5.32e-04	5.73e-06	0.00e+00	0.00e+00	0.00e+00	0.00e+00	0.00e+00	0.00e+00	0.00e+00
 1.68795e+23	1.15e-13	1.46e-03	8.30e-02	3.56e-01	2.64e-01	1.10e-01	8.52e-02	9.06e-02	9.74e-03	4.01e-04	4.10e-06	0.00e+00	0.00e+00	0.00e+00	0.00e+00	0.00e+00	0.00e+00	0.00e+00
 1.70414e+23	3.31e-13	1.69e-03	9.09e-02	3.72e-01	2.62e-01	1.06e-01	7.96e-02	8.03e-02	8.14e-03	3.18e-04	3.14e-06	0.00e+00	0.00e+00	0.00e+00	0.00e+00	0.00e+00	0.00e+00	0.00e+00
 1.72028e+23	1.27e-12	2.02e-03	1.02e-01	3.90e-01	2.58e-01	1.00e-01	7.28e-02	6.88e-02	6.48e-03	2.38e-04	2.24e-06	0.00e+00	0.00e+00	0.00e+00	0.00e+00	0.00e+00	0.00e+00	0.00e+00
 1.73671e+23	1.31e-11	2.34e-03	1.11e-01	4.04e-01	2.54e-01	9.54e-02	6.74e-02	6.03e-02	5.34e-03	1.87e-04	1.68e-06	0.00e+00	0.00e+00	0.00e+00	0.00e+00	0.00e+00	0.00e+00	0.00e+00
 1.75353e+23	1.49e-10	2.79e-03	1.23e-01	4.20e-01	2.48e-01	8.95e-02	6.10e-02	5.10e-02	4.18e-03	1.37e-04	1.18e-06	0.00e+00	0.00e+00	0.00e+00	0.00e+00	0.00e+00	0.00e+00	0.00e+00
 1.77048e+23	8.98e-09	3.21e-03	1.34e-01	4.32e-01	2.42e-01	8.47e-02	5.60e-02	4.43e-02	3.41e-03	1.06e-04	8.79e-07	0.00e+00	0.00e+00	0.00e+00	0.00e+00	0.00e+00	0.00e+00	0.00e+00
 1.78762e+23	5.66e-08	3.82e-03	1.48e-01	4.46e-01	2.34e-01	7.87e-02	5.02e-02	3.70e-02	2.63e-03	7.73e-05	6.08e-07	0.00e+00	0.00e+00	0.00e+00	0.00e+00	0.00e+00	0.00e+00	0.00e+00
 1.80497e+23	1.07e-07	4.37e-03	1.59e-01	4.56e-01	2.27e-01	7.39e-02	4.57e-02	3.19e-02	2.13e-03	5.93e-05	4.49e-07	0.00e+00	0.00e+00	0.00e+00	0.00e+00	0.00e+00	0.00e+00	0.00e+00
 1.81887e+23	1.43e-07	4.89e-03	1.69e-01	4.63e-01	2.21e-01	7.01e-02	4.23e-02	2.81e-02	1.78e-03	4.77e-05	3.49e-07	0.00e+00	0.00e+00	0.00e+00	0.00e+00	0.00e+00	0.00e+00	0.00e+00
 1.83323e+23	1.94e-07	5.57e-03	1.82e-01	4.70e-01	2.13e-01	6.55e-02	3.84e-02	2.41e-02	1.43e-03	3.65e-05	2.57e-07	0.00e+00	0.00e+00	0.00e+00	0.00e+00	0.00e+00	0.00e+00	0.00e+00
 1.84793e+23	2.49e-07	6.22e-03	1.93e-01	4.75e-01	2.06e-01	6.18e-02	3.52e-02	2.11e-02	1.19e-03	2.90e-05	1.98e-07	0.00e+00	0.00e+00	0.00e+00	0.00e+00	0.00e+00	0.00e+00	0.00e+00
 1.86102e+23	3.11e-07	6.91e-03	2.05e-01	4.80e-01	1.99e-01	5.82e-02	3.24e-02	1.85e-02	9.86e-04	2.32e-05	1.53e-07	0.00e+00	0.00e+00	0.00e+00	0.00e+00	0.00e+00	0.00e+00	0.00e+00
 1.87600e+23	4.11e-07	7.87e-03	2.19e-01	4.84e-01	1.90e-01	5.40e-02	2.91e-02	1.57e-02	7.81e-04	1.74e-05	0.00e+00	0.00e+00	0.00e+00	0.00e+00	0.00e+00	0.00e+00	0.00e+00	0.00e+00
 1.89115e+23	5.12e-07	8.76e-03	2.31e-01	4.86e-01	1.82e-01	5.05e-02	2.66e-02	1.36e-02	6.41e-04	1.37e-05	0.00e+00	0.00e+00	0.00e+00	0.00e+00	0.00e+00	0.00e+00	0.00e+00	0.00e+00
 1.90444e+23	6.27e-07	9.70e-03	2.44e-01	4.88e-01	1.75e-01	4.74e-02	2.43e-02	1.19e-02	5.29e-04	1.09e-05	0.00e+00	0.00e+00	0.00e+00	0.00e+00	0.00e+00	0.00e+00	0.00e+00	0.00e+00
 1.91964e+23	8.01e-07	1.10e-02	2.59e-01	4.88e-01	1.66e-01	4.36e-02	2.17e-02	9.98e-03	4.16e-04	8.16e-06	0.00e+00	0.00e+00	0.00e+00	0.00e+00	0.00e+00	0.00e+00	0.00e+00	0.00e+00
 1.93509e+23	9.76e-07	1.22e-02	2.72e-01	4.88e-01	1.58e-01	4.06e-02	1.96e-02	8.61e-03	3.39e-04	6.39e-06	0.00e+00	0.00e+00	0.00e+00	0.00e+00	0.00e+00	0.00e+00	0.00e+00	0.00e+00
 1.94879e+23	1.18e-06	1.34e-02	2.86e-01	4.86e-01	1.51e-01	3.78e-02	1.78e-02	7.45e-03	2.77e-04	5.03e-06	0.00e+00	0.00e+00	0.00e+00	0.00e+00	0.00e+00	0.00e+00	0.00e+00	0.00e+00
 1.96452e+23	1.48e-06	1.52e-02	3.03e-01	4.83e-01	1.42e-01	3.46e-02	1.58e-02	6.20e-03	2.15e-04	3.72e-06	0.00e+00	0.00e+00	0.00e+00	0.00e+00	0.00e+00	0.00e+00	0.00e+00	0.00e+00
 1.98041e+23	1.78e-06	1.68e-02	3.17e-01	4.80e-01	1.35e-01	3.20e-02	1.42e-02	5.31e-03	1.74e-04	2.89e-06	0.00e+00	0.00e+00	0.00e+00	0.00e+00	0.00e+00	0.00e+00	0.00e+00	0.00e+00
 1.99437e+23	2.11e-06	1.85e-02	3.31e-01	4.75e-01	1.28e-01	2.97e-02	1.28e-02	4.57e-03	1.41e-04	2.26e-06	0.00e+00	0.00e+00	0.00e+00	0.00e+00	0.00e+00	0.00e+00	0.00e+00	0.00e+00
 2.01040e+23	2.61e-06	2.08e-02	3.49e-01	4.69e-01	1.19e-01	2.69e-02	1.13e-02	3.77e-03	1.09e-04	1.66e-06	0.00e+00	0.00e+00	0.00e+00	0.00e+00	0.00e+00	0.00e+00	0.00e+00	0.00e+00
 2.02672e+23	3.10e-06	2.29e-02	3.64e-01	4.62e-01	1.12e-01	2.48e-02	1.01e-02	3.21e-03	8.72e-05	1.28e-06	0.00e+00	0.00e+00	0.00e+00	0.00e+00	0.00e+00	0.00e+00	0.00e+00	0.00e+00
 2.04341e+23	3.81e-06	2.57e-02	3.83e-01	4.53e-01	1.04e-01	2.23e-02	8.76e-03	2.63e-03	6.63e-05	9.29e-07	0.00e+00	0.00e+00	0.00e+00	0.00e+00	0.00e+00	0.00e+00	0.00e+00	0.00e+00
 2.06028e+23	4.50e-06	2.83e-02	3.99e-01	4.45e-01	9.76e-02	2.04e-02	7.79e-03	2.22e-03	5.26e-05	7.09e-07	0.00e+00	0.00e+00	0.00e+00	0.00e+00	0.00e+00	0.00e+00	0.00e+00	0.00e+00
 2.07741e+23	5.49e-06	3.18e-02	4.18e-01	4.34e-01	8.99e-02	1.83e-02	6.73e-03	1.80e-03	3.97e-05	5.11e-07	0.00e+00	0.00e+00	0.00e+00	0.00e+00	0.00e+00	0.00e+00	0.00e+00	0.00e+00
 2.09485e+23	6.46e-06	3.50e-02	4.33e-01	4.24e-01	8.38e-02	1.66e-02	5.94e-03	1.51e-03	3.12e-05	3.87e-07	0.00e+00	0.00e+00	0.00e+00	0.00e+00	0.00e+00	0.00e+00	0.00e+00	0.00e+00
 2.11271e+23	7.85e-06	3.92e-02	4.53e-01	4.10e-01	7.66e-02	1.48e-02	5.08e-03	1.21e-03	2.33e-05	2.75e-07	0.00e+00	0.00e+00	0.00e+00	0.00e+00	0.00e+00	0.00e+00	0.00e+00	0.00e+00
 2.13089e+23	9.22e-06	4.32e-02	4.68e-01	3.99e-01	7.09e-02	1.33e-02	4.45e-03	1.01e-03	1.81e-05	2.06e-07	0.00e+00	0.00e+00	0.00e+00	0.00e+00	0.00e+00	0.00e+00	0.00e+00	0.00e+00
 2.14705e+23	1.07e-05	4.72e-02	4.84e-01	3.87e-01	6.57e-02	1.21e-02	3.91e-03	8.44e-04	1.42e-05	1.56e-07	0.00e+00	0.00e+00	0.00e+00	0.00e+00	0.00e+00	0.00e+00	0.00e+00	0.00e+00
 2.16562e+23	1.29e-05	5.27e-02	5.02e-01	3.71e-01	5.95e-02	1.06e-02	3.31e-03	6.73e-04	1.05e-05	0.00e+00	0.00e+00	0.00e+00	0.00e+00	0.00e+00	0.00e+00	0.00e+00	0.00e+00	0.00e+00
 2.18192e+23	1.45e-05	5.65e-02	5.13e-01	3.61e-01	5.59e-02	9.76e-03	2.98e-03	5.83e-04	8.63e-06	0.00e+00	0.00e+00	0.00e+00	0.00e+00	0.00e+00	0.00e+00	0.00e+00	0.00e+00	0.00e+00
 2.19530e+23	1.64e-05	6.08e-02	5.25e-01	3.50e-01	5.20e-02	8.91e-03	2.65e-03	4.98e-04	6.97e-06	0.00e+00	0.00e+00	0.00e+00	0.00e+00	0.00e+00	0.00e+00	0.00e+00	0.00e+00	0.00e+00
 2.20926e+23	1.83e-05	6.50e-02	5.36e-01	3.39e-01	4.87e-02	8.19e-03	2.37e-03	4.31e-04	5.74e-06	0.00e+00	0.00e+00	0.00e+00	0.00e+00	0.00e+00	0.00e+00	0.00e+00	0.00e+00	0.00e+00
 2.22199e+23	2.02e-05	6.91e-02	5.46e-01	3.29e-01	4.58e-02	7.56e-03	2.14e-03	3.76e-04	4.77e-06	0.00e+00	0.00e+00	0.00e+00	0.00e+00	0.00e+00	0.00e+00	0.00e+00	0.00e+00	0.00e+00
 2.23656e+23	2.30e-05	7.46e-02	5.58e-01	3.17e-01	4.22e-02	6.82e-03	1.88e-03	3.16e-04	3.78e-06	0.00e+00	0.00e+00	0.00e+00	0.00e+00	0.00e+00	0.00e+00	0.00e+00	0.00e+00	0.00e+00
 2.25139e+23	2.56e-05	7.97e-02	5.67e-01	3.06e-01	3.93e-02	6.24e-03	1.67e-03	2.72e-04	3.09e-06	0.00e+00	0.00e+00	0.00e+00	0.00e+00	0.00e+00	0.00e+00	0.00e+00	0.00e+00	0.00e+00
 2.26656e+23	2.91e-05	8.61e-02	5.79e-01	2.92e-01	3.60e-02	5.58e-03	1.45e-03	2.27e-04	2.42e-06	0.00e+00	0.00e+00	0.00e+00	0.00e+00	0.00e+00	0.00e+00	0.00e+00	0.00e+00	0.00e+00
 2.28184e+23	3.24e-05	9.19e-02	5.87e-01	2.81e-01	3.34e-02	5.08e-03	1.29e-03	1.95e-04	1.97e-06	0.00e+00	0.00e+00	0.00e+00	0.00e+00	0.00e+00	0.00e+00	0.00e+00	0.00e+00	0.00e+00
 2.29725e+23	3.67e-05	9.91e-02	5.97e-01	2.67e-01	3.05e-02	4.53e-03	1.11e-03	1.62e-04	1.53e-06	0.00e+00	0.00e+00	0.00e+00	0.00e+00	0.00e+00	0.00e+00	0.00e+00	0.00e+00	0.00e+00
 2.31292e+23	4.07e-05	1.06e-01	6.05e-01	2.56e-01	2.82e-02	4.10e-03	9.80e-04	1.39e-04	1.24e-06	0.00e+00	0.00e+00	0.00e+00	0.00e+00	0.00e+00	0.00e+00	0.00e+00	0.00e+00	0.00e+00
 2.32892e+23	4.60e-05	1.14e-01	6.14e-01	2.42e-01	2.56e-02	3.63e-03	8.40e-04	1.15e-04	9.62e-07	0.00e+00	0.00e+00	0.00e+00	0.00e+00	0.00e+00	0.00e+00	0.00e+00	0.00e+00	0.00e+00
 2.34521e+23	5.10e-05	1.21e-01	6.20e-01	2.31e-01	2.35e-02	3.27e-03	7.37e-04	9.84e-05	7.75e-07	0.00e+00	0.00e+00	0.00e+00	0.00e+00	0.00e+00	0.00e+00	0.00e+00	0.00e+00	0.00e+00
 2.36189e+23	5.77e-05	1.31e-01	6.28e-01	2.17e-01	2.12e-02	2.88e-03	6.26e-04	8.10e-05	5.94e-07	0.00e+00	0.00e+00	0.00e+00	0.00e+00	0.00e+00	0.00e+00	0.00e+00	0.00e+00	0.00e+00
 2.37888e+23	6.39e-05	1.39e-01	6.33e-01	2.05e-01	1.94e-02	2.58e-03	5.44e-04	6.89e-05	4.75e-07	0.00e+00	0.00e+00	0.00e+00	0.00e+00	0.00e+00	0.00e+00	0.00e+00	0.00e+00	0.00e+00
 2.39628e+23	7.24e-05	1.50e-01	6.39e-01	1.91e-01	1.73e-02	2.24e-03	4.57e-04	5.63e-05	3.59e-07	0.00e+00	0.00e+00	0.00e+00	0.00e+00	0.00e+00	0.00e+00	0.00e+00	0.00e+00	0.00e+00
 2.41387e+23	7.99e-05	1.59e-01	6.42e-01	1.80e-01	1.58e-02	2.00e-03	3.96e-04	4.79e-05	2.86e-07	0.00e+00	0.00e+00	0.00e+00	0.00e+00	0.00e+00	0.00e+00	0.00e+00	0.00e+00	0.00e+00
 2.43170e+23	9.02e-05	1.72e-01	6.45e-01	1.67e-01	1.41e-02	1.73e-03	3.30e-04	3.91e-05	2.15e-07	0.00e+00	0.00e+00	0.00e+00	0.00e+00	0.00e+00	0.00e+00	0.00e+00	0.00e+00	0.00e+00
 2.44965e+23	9.93e-05	1.82e-01	6.47e-01	1.56e-01	1.28e-02	1.54e-03	2.85e-04	3.34e-05	1.72e-07	0.00e+00	0.00e+00	0.00e+00	0.00e+00	0.00e+00	0.00e+00	0.00e+00	0.00e+00	0.00e+00
 2.46776e+23	1.12e-04	1.95e-01	6.48e-01	1.43e-01	1.13e-02	1.32e-03	2.35e-04	2.72e-05	1.28e-07	0.00e+00	0.00e+00	0.00e+00	0.00e+00	0.00e+00	0.00e+00	0.00e+00	0.00e+00	0.00e+00
 2.48597e+23	1.23e-04	2.07e-01	6.48e-01	1.34e-01	1.03e-02	1.17e-03	2.02e-04	2.32e-05	0.00e+00	0.00e+00	0.00e+00	0.00e+00	0.00e+00	0.00e+00	0.00e+00	0.00e+00	0.00e+00	0.00e+00
 2.50432e+23	1.38e-04	2.22e-01	6.46e-01	1.21e-01	9.02e-03	9.99e-04	1.66e-04	1.89e-05	0.00e+00	0.00e+00	0.00e+00	0.00e+00	0.00e+00	0.00e+00	0.00e+00	0.00e+00	0.00e+00	0.00e+00
 2.52277e+23	1.50e-04	2.34e-01	6.44e-01	1.12e-01	8.15e-03	8.81e-04	1.42e-04	1.62e-05	0.00e+00	0.00e+00	0.00e+00	0.00e+00	0.00e+00	0.00e+00	0.00e+00	0.00e+00	0.00e+00	0.00e+00
 2.54132e+23	1.69e-04	2.51e-01	6.39e-01	1.01e-01	7.12e-03	7.45e-04	1.15e-04	1.31e-05	0.00e+00	0.00e+00	0.00e+00	0.00e+00	0.00e+00	0.00e+00	0.00e+00	0.00e+00	0.00e+00	0.00e+00
 2.55985e+23	1.84e-04	2.65e-01	6.35e-01	9.27e-02	6.41e-03	6.55e-04	9.81e-05	1.13e-05	0.00e+00	0.00e+00	0.00e+00	0.00e+00	0.00e+00	0.00e+00	0.00e+00	0.00e+00	0.00e+00	0.00e+00
 2.57833e+23	2.06e-04	2.83e-01	6.28e-01	8.24e-02	5.58e-03	5.51e-04	7.90e-05	9.15e-06	0.00e+00	0.00e+00	0.00e+00	0.00e+00	0.00e+00	0.00e+00	0.00e+00	0.00e+00	0.00e+00	0.00e+00
 2.59687e+23	2.24e-04	2.98e-01	6.21e-01	7.49e-02	5.00e-03	4.82e-04	6.68e-05	7.82e-06	0.00e+00	0.00e+00	0.00e+00	0.00e+00	0.00e+00	0.00e+00	0.00e+00	0.00e+00	0.00e+00	0.00e+00
 2.61546e+23	2.51e-04	3.19e-01	6.11e-01	6.57e-02	4.31e-03	4.02e-04	5.32e-05	6.33e-06	0.00e+00	0.00e+00	0.00e+00	0.00e+00	0.00e+00	0.00e+00	0.00e+00	0.00e+00	0.00e+00	0.00e+00
 2.63408e+23	2.73e-04	3.35e-01	6.01e-01	5.90e-02	3.84e-03	3.48e-04	4.46e-05	5.39e-06	0.00e+00	0.00e+00	0.00e+00	0.00e+00	0.00e+00	0.00e+00	0.00e+00	0.00e+00	0.00e+00	0.00e+00
 2.65274e+23	3.04e-04	3.57e-01	5.88e-01	5.11e-02	3.30e-03	2.89e-04	3.52e-05	4.36e-06	0.00e+00	0.00e+00	0.00e+00	0.00e+00	0.00e+00	0.00e+00	0.00e+00	0.00e+00	0.00e+00	0.00e+00
 2.67156e+23	3.32e-04	3.75e-01	5.76e-01	4.52e-02	2.90e-03	2.47e-04	2.90e-05	3.67e-06	0.00e+00	0.00e+00	0.00e+00	0.00e+00	0.00e+00	0.00e+00	0.00e+00	0.00e+00	0.00e+00	0.00e+00
 2.69061e+23	3.72e-04	4.00e-01	5.59e-01	3.82e-02	2.45e-03	2.01e-04	2.24e-05	2.91e-06	0.00e+00	0.00e+00	0.00e+00	0.00e+00	0.00e+00	0.00e+00	0.00e+00	0.00e+00	0.00e+00	0.00e+00
 2.70976e+23	4.06e-04	4.20e-01	5.44e-01	3.32e-02	2.13e-03	1.70e-04	1.82e-05	2.42e-06	0.00e+00	0.00e+00	0.00e+00	0.00e+00	0.00e+00	0.00e+00	0.00e+00	0.00e+00	0.00e+00	0.00e+00
 2.72905e+23	4.53e-04	4.46e-01	5.23e-01	2.77e-02	1.77e-03	1.36e-04	1.38e-05	1.90e-06	0.00e+00	0.00e+00	0.00e+00	0.00e+00	0.00e+00	0.00e+00	0.00e+00	0.00e+00	0.00e+00	0.00e+00
 2.74861e+23	4.98e-04	4.70e-01	5.05e-01	2.34e-02	1.49e-03	1.12e-04	1.08e-05	1.54e-06	0.00e+00	0.00e+00	0.00e+00	0.00e+00	0.00e+00	0.00e+00	0.00e+00	0.00e+00	0.00e+00	0.00e+00
 2.76337e+23	5.34e-04	4.88e-01	4.90e-01	2.05e-02	1.31e-03	9.66e-05	9.00e-06	1.30e-06	0.00e+00	0.00e+00	0.00e+00	0.00e+00	0.00e+00	0.00e+00	0.00e+00	0.00e+00	0.00e+00	0.00e+00
 2.77740e+23	5.76e-04	5.09e-01	4.72e-01	1.75e-02	1.12e-03	8.05e-05	7.20e-06	1.07e-06	0.00e+00	0.00e+00	0.00e+00	0.00e+00	0.00e+00	0.00e+00	0.00e+00	0.00e+00	0.00e+00	0.00e+00
 2.79237e+23	6.22e-04	5.29e-01	4.54e-01	1.49e-02	9.52e-04	6.70e-05	5.75e-06	8.76e-07	0.00e+00	0.00e+00	0.00e+00	0.00e+00	0.00e+00	0.00e+00	0.00e+00	0.00e+00	0.00e+00	0.00e+00
 2.80615e+23	6.67e-04	5.50e-01	4.36e-01	1.27e-02	8.06e-04	5.56e-05	4.60e-06	7.16e-07	0.00e+00	0.00e+00	0.00e+00	0.00e+00	0.00e+00	0.00e+00	0.00e+00	0.00e+00	0.00e+00	0.00e+00
 2.82167e+23	7.27e-04	5.76e-01	4.12e-01	1.02e-02	6.43e-04	4.34e-05	3.43e-06	5.49e-07	0.00e+00	0.00e+00	0.00e+00	0.00e+00	0.00e+00	0.00e+00	0.00e+00	0.00e+00	0.00e+00	0.00e+00
 2.83745e+23	7.84e-04	6.00e-01	3.90e-01	8.19e-03	5.13e-04	3.40e-05	2.58e-06	4.22e-07	0.00e+00	0.00e+00	0.00e+00	0.00e+00	0.00e+00	0.00e+00	0.00e+00	0.00e+00	0.00e+00	0.00e+00
 2.85006e+23	8.35e-04	6.21e-01	3.71e-01	6.73e-03	4.17e-04	2.72e-05	2.00e-06	3.33e-07	0.00e+00	0.00e+00	0.00e+00	0.00e+00	0.00e+00	0.00e+00	0.00e+00	0.00e+00	0.00e+00	0.00e+00
 2.86079e+23	8.75e-04	6.40e-01	3.53e-01	5.59e-03	3.43e-04	2.21e-05	1.59e-06	2.68e-07	0.00e+00	0.00e+00	0.00e+00	0.00e+00	0.00e+00	0.00e+00	0.00e+00	0.00e+00	0.00e+00	0.00e+00
 2.87065e+23	9.17e-04	6.58e-01	3.36e-01	4.62e-03	2.80e-04	1.78e-05	1.26e-06	2.14e-07	0.00e+00	0.00e+00	0.00e+00	0.00e+00	0.00e+00	0.00e+00	0.00e+00	0.00e+00	0.00e+00	0.00e+00
 2.87958e+23	9.55e-04	6.75e-01	3.20e-01	3.82e-03	2.29e-04	1.44e-05	1.00e-06	1.72e-07	0.00e+00	0.00e+00	0.00e+00	0.00e+00	0.00e+00	0.00e+00	0.00e+00	0.00e+00	0.00e+00	0.00e+00
 2.88749e+23	9.87e-04	6.91e-01	3.05e-01	3.19e-03	1.88e-04	1.17e-05	8.11e-07	1.40e-07	0.00e+00	0.00e+00	0.00e+00	0.00e+00	0.00e+00	0.00e+00	0.00e+00	0.00e+00	0.00e+00	0.00e+00
 2.89459e+23	1.02e-03	7.05e-01	2.91e-01	2.67e-03	1.55e-04	9.61e-06	6.61e-07	0.00e+00	0.00e+00	0.00e+00	0.00e+00	0.00e+00	0.00e+00	0.00e+00	0.00e+00	0.00e+00	0.00e+00	0.00e+00
 2.90118e+23	1.04e-03	7.19e-01	2.78e-01	2.23e-03	1.28e-04	7.86e-06	5.41e-07	0.00e+00	0.00e+00	0.00e+00	0.00e+00	0.00e+00	0.00e+00	0.00e+00	0.00e+00	0.00e+00	0.00e+00	0.00e+00
 2.90735e+23	1.07e-03	7.32e-01	2.65e-01	1.87e-03	1.06e-04	6.43e-06	4.44e-07	0.00e+00	0.00e+00	0.00e+00	0.00e+00	0.00e+00	0.00e+00	0.00e+00	0.00e+00	0.00e+00	0.00e+00	0.00e+00
 2.91311e+23	1.08e-03	7.43e-01	2.54e-01	1.58e-03	8.79e-05	5.32e-06	3.68e-07	0.00e+00	0.00e+00	0.00e+00	0.00e+00	0.00e+00	0.00e+00	0.00e+00	0.00e+00	0.00e+00	0.00e+00	0.00e+00
 2.91860e+23	1.10e-03	7.55e-01	2.43e-01	1.33e-03	7.29e-05	4.38e-06	3.06e-07	0.00e+00	0.00e+00	0.00e+00	0.00e+00	0.00e+00	0.00e+00	0.00e+00	0.00e+00	0.00e+00	0.00e+00	0.00e+00
 2.92397e+23	1.12e-03	7.66e-01	2.32e-01	1.12e-03	6.03e-05	3.60e-06	2.54e-07	0.00e+00	0.00e+00	0.00e+00	0.00e+00	0.00e+00	0.00e+00	0.00e+00	0.00e+00	0.00e+00	0.00e+00	0.00e+00
 2.92908e+23	1.13e-03	7.75e-01	2.22e-01	9.42e-04	5.02e-05	2.98e-06	2.12e-07	0.00e+00	0.00e+00	0.00e+00	0.00e+00	0.00e+00	0.00e+00	0.00e+00	0.00e+00	0.00e+00	0.00e+00	0.00e+00
 2.93374e+23	1.15e-03	7.84e-01	2.14e-01	8.07e-04	4.25e-05	2.50e-06	1.80e-07	0.00e+00	0.00e+00	0.00e+00	0.00e+00	0.00e+00	0.00e+00	0.00e+00	0.00e+00	0.00e+00	0.00e+00	0.00e+00
 2.93797e+23	1.15e-03	7.90e-01	2.08e-01	7.01e-04	3.66e-05	2.14e-06	1.56e-07	0.00e+00	0.00e+00	0.00e+00	0.00e+00	0.00e+00	0.00e+00	0.00e+00	0.00e+00	0.00e+00	0.00e+00	0.00e+00
 2.94175e+23	1.16e-03	7.96e-01	2.03e-01	6.21e-04	3.22e-05	1.88e-06	1.38e-07	0.00e+00	0.00e+00	0.00e+00	0.00e+00	0.00e+00	0.00e+00	0.00e+00	0.00e+00	0.00e+00	0.00e+00	0.00e+00
 2.94498e+23	1.17e-03	8.00e-01	1.99e-01	5.62e-04	2.90e-05	1.68e-06	1.24e-07	0.00e+00	0.00e+00	0.00e+00	0.00e+00	0.00e+00	0.00e+00	0.00e+00	0.00e+00	0.00e+00	0.00e+00	0.00e+00
 2.94739e+23	1.17e-03	8.02e-01	1.96e-01	5.24e-04	2.70e-05	1.56e-06	1.16e-07	0.00e+00	0.00e+00	0.00e+00	0.00e+00	0.00e+00	0.00e+00	0.00e+00	0.00e+00	0.00e+00	0.00e+00	0.00e+00
 2.94917e+23	1.17e-03	8.04e-01	1.95e-01	4.97e-04	2.56e-05	1.48e-06	1.10e-07	0.00e+00	0.00e+00	0.00e+00	0.00e+00	0.00e+00	0.00e+00	0.00e+00	0.00e+00	0.00e+00	0.00e+00	0.00e+00
 2.95105e+23	1.17e-03	8.05e-01	1.93e-01	4.71e-04	2.42e-05	1.40e-06	0.00e+00	0.00e+00	0.00e+00	0.00e+00	0.00e+00	0.00e+00	0.00e+00	0.00e+00	0.00e+00	0.00e+00	0.00e+00	0.00e+00
 2.95327e+23	1.18e-03	8.07e-01	1.91e-01	4.42e-04	2.27e-05	1.31e-06	0.00e+00	0.00e+00	0.00e+00	0.00e+00	0.00e+00	0.00e+00	0.00e+00	0.00e+00	0.00e+00	0.00e+00	0.00e+00	0.00e+00
 2.95565e+23	1.18e-03	8.09e-01	1.90e-01	4.16e-04	2.13e-05	1.23e-06	0.00e+00	0.00e+00	0.00e+00	0.00e+00	0.00e+00	0.00e+00	0.00e+00	0.00e+00	0.00e+00	0.00e+00	0.00e+00	0.00e+00
 2.95799e+23	1.18e-03	8.10e-01	1.89e-01	3.93e-04	2.02e-05	1.16e-06	0.00e+00	0.00e+00	0.00e+00	0.00e+00	0.00e+00	0.00e+00	0.00e+00	0.00e+00	0.00e+00	0.00e+00	0.00e+00	0.00e+00
 2.96022e+23	1.18e-03	8.10e-01	1.88e-01	3.73e-04	1.92e-05	1.10e-06	0.00e+00	0.00e+00	0.00e+00	0.00e+00	0.00e+00	0.00e+00	0.00e+00	0.00e+00	0.00e+00	0.00e+00	0.00e+00	0.00e+00
 2.96196e+23	1.18e-03	8.10e-01	1.89e-01	3.60e-04	1.86e-05	1.07e-06	0.00e+00	0.00e+00	0.00e+00	0.00e+00	0.00e+00	0.00e+00	0.00e+00	0.00e+00	0.00e+00	0.00e+00	0.00e+00	0.00e+00
 2.96315e+23	1.18e-03	8.10e-01	1.88e-01	3.51e-04	1.82e-05	1.04e-06	0.00e+00	0.00e+00	0.00e+00	0.00e+00	0.00e+00	0.00e+00	0.00e+00	0.00e+00	0.00e+00	0.00e+00	0.00e+00	0.00e+00
 2.96432e+23	1.18e-03	8.10e-01	1.88e-01	3.43e-04	1.77e-05	1.02e-06	0.00e+00	0.00e+00	0.00e+00	0.00e+00	0.00e+00	0.00e+00	0.00e+00	0.00e+00	0.00e+00	0.00e+00	0.00e+00	0.00e+00
 2.96570e+23	1.18e-03	8.10e-01	1.88e-01	3.33e-04	1.73e-05	9.90e-07	0.00e+00	0.00e+00	0.00e+00	0.00e+00	0.00e+00	0.00e+00	0.00e+00	0.00e+00	0.00e+00	0.00e+00	0.00e+00	0.00e+00
 2.96720e+23	1.18e-03	8.10e-01	1.88e-01	3.24e-04	1.68e-05	9.64e-07	0.00e+00	0.00e+00	0.00e+00	0.00e+00	0.00e+00	0.00e+00	0.00e+00	0.00e+00	0.00e+00	0.00e+00	0.00e+00	0.00e+00
 2.96869e+23	1.18e-03	8.10e-01	1.88e-01	3.16e-04	1.64e-05	9.41e-07	0.00e+00	0.00e+00	0.00e+00	0.00e+00	0.00e+00	0.00e+00	0.00e+00	0.00e+00	0.00e+00	0.00e+00	0.00e+00	0.00e+00
 2.97015e+23	1.18e-03	8.10e-01	1.89e-01	3.08e-04	1.61e-05	9.20e-07	0.00e+00	0.00e+00	0.00e+00	0.00e+00	0.00e+00	0.00e+00	0.00e+00	0.00e+00	0.00e+00	0.00e+00	0.00e+00	0.00e+00
 2.97165e+23	1.18e-03	8.09e-01	1.89e-01	3.00e-04	1.57e-05	9.00e-07	0.00e+00	0.00e+00	0.00e+00	0.00e+00	0.00e+00	0.00e+00	0.00e+00	0.00e+00	0.00e+00	0.00e+00	0.00e+00	0.00e+00
 2.97321e+23	1.18e-03	8.09e-01	1.89e-01	2.92e-04	1.54e-05	8.79e-07	0.00e+00	0.00e+00	0.00e+00	0.00e+00	0.00e+00	0.00e+00	0.00e+00	0.00e+00	0.00e+00	0.00e+00	0.00e+00	0.00e+00
 2.97479e+23	1.17e-03	8.08e-01	1.90e-01	2.86e-04	1.51e-05	8.63e-07	0.00e+00	0.00e+00	0.00e+00	0.00e+00	0.00e+00	0.00e+00	0.00e+00	0.00e+00	0.00e+00	0.00e+00	0.00e+00	0.00e+00
 2.97640e+23	1.17e-03	8.08e-01	1.91e-01	2.79e-04	1.48e-05	8.45e-07	0.00e+00	0.00e+00	0.00e+00	0.00e+00	0.00e+00	0.00e+00	0.00e+00	0.00e+00	0.00e+00	0.00e+00	0.00e+00	0.00e+00
 2.97807e+23	1.17e-03	8.07e-01	1.91e-01	2.72e-04	1.45e-05	8.28e-07	0.00e+00	0.00e+00	0.00e+00	0.00e+00	0.00e+00	0.00e+00	0.00e+00	0.00e+00	0.00e+00	0.00e+00	0.00e+00	0.00e+00
 2.97976e+23	1.17e-03	8.07e-01	1.92e-01	2.66e-04	1.42e-05	8.13e-07	0.00e+00	0.00e+00	0.00e+00	0.00e+00	0.00e+00	0.00e+00	0.00e+00	0.00e+00	0.00e+00	0.00e+00	0.00e+00	0.00e+00
 2.98147e+23	1.17e-03	8.06e-01	1.93e-01	2.61e-04	1.40e-05	7.99e-07	0.00e+00	0.00e+00	0.00e+00	0.00e+00	0.00e+00	0.00e+00	0.00e+00	0.00e+00	0.00e+00	0.00e+00	0.00e+00	0.00e+00
 2.98325e+23	1.17e-03	8.05e-01	1.94e-01	2.55e-04	1.38e-05	7.86e-07	0.00e+00	0.00e+00	0.00e+00	0.00e+00	0.00e+00	0.00e+00	0.00e+00	0.00e+00	0.00e+00	0.00e+00	0.00e+00	0.00e+00
 2.98510e+23	1.16e-03	8.04e-01	1.94e-01	2.49e-04	1.35e-05	7.72e-07	0.00e+00	0.00e+00	0.00e+00	0.00e+00	0.00e+00	0.00e+00	0.00e+00	0.00e+00	0.00e+00	0.00e+00	0.00e+00	0.00e+00
