#depth	N	N+	N+2	N+3	N+4	N+5	N+6	N+7
 1.54284e+22	1.75e-17	1.35e-12	2.83e-09	5.67e-07	3.11e-05	1.26e-02	2.15e-01	7.72e-01
 3.42792e+22	2.01e-16	1.11e-11	1.67e-08	2.31e-06	8.46e-05	2.33e-02	2.79e-01	6.98e-01
 3.94128e+22	5.74e-16	2.75e-11	3.58e-08	4.25e-06	1.31e-04	3.05e-02	3.09e-01	6.60e-01
 4.19796e+22	9.60e-16	4.29e-11	5.20e-08	5.73e-06	1.62e-04	3.48e-02	3.25e-01	6.40e-01
 4.31739e+22	1.17e-15	5.09e-11	6.00e-08	6.43e-06	1.76e-04	3.66e-02	3.31e-01	6.32e-01
 4.39529e+22	1.53e-15	6.40e-11	7.29e-08	7.50e-06	1.96e-04	3.91e-02	3.39e-01	6.21e-01
 4.47841e+22	1.92e-15	7.81e-11	8.62e-08	8.58e-06	2.16e-04	4.14e-02	3.47e-01	6.12e-01
 4.56833e+22	2.56e-15	1.00e-10	1.06e-07	1.01e-05	2.43e-04	4.45e-02	3.56e-01	6.00e-01
 4.65516e+22	3.21e-15	1.22e-10	1.25e-07	1.16e-05	2.67e-04	4.71e-02	3.63e-01	5.90e-01
 4.72477e+22	3.92e-15	1.45e-10	1.45e-07	1.30e-05	2.91e-04	4.95e-02	3.69e-01	5.81e-01
 4.80205e+22	5.08e-15	1.81e-10	1.75e-07	1.51e-05	3.24e-04	5.28e-02	3.77e-01	5.70e-01
 4.88179e+22	6.30e-15	2.18e-10	2.05e-07	1.72e-05	3.55e-04	5.57e-02	3.84e-01	5.60e-01
 4.96476e+22	8.35e-15	2.79e-10	2.53e-07	2.03e-05	3.99e-04	5.97e-02	3.93e-01	5.47e-01
 5.04806e+22	1.03e-14	3.35e-10	2.96e-07	2.30e-05	4.37e-04	6.30e-02	4.00e-01	5.37e-01
 5.13182e+22	1.38e-14	4.30e-10	3.65e-07	2.73e-05	4.94e-04	6.77e-02	4.09e-01	5.23e-01
 5.21659e+22	1.71e-14	5.20e-10	4.29e-07	3.11e-05	5.41e-04	7.14e-02	4.16e-01	5.12e-01
 5.30267e+22	2.28e-14	6.69e-10	5.32e-07	3.70e-05	6.13e-04	7.68e-02	4.25e-01	4.98e-01
 5.39047e+22	2.88e-14	8.18e-10	6.32e-07	4.26e-05	6.78e-04	8.13e-02	4.32e-01	4.86e-01
 5.48049e+22	3.88e-14	1.06e-09	7.91e-07	5.12e-05	7.73e-04	8.77e-02	4.41e-01	4.71e-01
 5.57233e+22	4.93e-14	1.31e-09	9.47e-07	5.93e-05	8.59e-04	9.31e-02	4.48e-01	4.58e-01
 5.66655e+22	6.71e-14	1.72e-09	1.20e-06	7.18e-05	9.86e-04	1.01e-01	4.57e-01	4.41e-01
 5.76160e+22	8.52e-14	2.12e-09	1.43e-06	8.35e-05	1.10e-03	1.07e-01	4.64e-01	4.28e-01
 5.84131e+22	1.06e-13	2.56e-09	1.69e-06	9.56e-05	1.21e-03	1.13e-01	4.70e-01	4.16e-01
 5.92765e+22	1.38e-13	3.25e-09	2.08e-06	1.14e-04	1.37e-03	1.21e-01	4.77e-01	4.00e-01
 6.01488e+22	1.71e-13	3.92e-09	2.46e-06	1.31e-04	1.52e-03	1.28e-01	4.82e-01	3.88e-01
 6.10008e+22	2.19e-13	4.89e-09	2.98e-06	1.54e-04	1.71e-03	1.37e-01	4.89e-01	3.73e-01
 6.18703e+22	2.71e-13	5.92e-09	3.53e-06	1.78e-04	1.90e-03	1.45e-01	4.94e-01	3.60e-01
 6.27227e+22	3.41e-13	7.27e-09	4.24e-06	2.08e-04	2.13e-03	1.54e-01	4.98e-01	3.46e-01
 6.35929e+22	4.21e-13	8.79e-09	5.03e-06	2.41e-04	2.37e-03	1.63e-01	5.03e-01	3.32e-01
 6.44538e+22	5.20e-13	1.06e-08	5.97e-06	2.80e-04	2.65e-03	1.72e-01	5.06e-01	3.18e-01
 6.53192e+22	6.36e-13	1.28e-08	7.05e-06	3.24e-04	2.95e-03	1.82e-01	5.09e-01	3.05e-01
 6.61746e+22	7.71e-13	1.52e-08	8.28e-06	3.74e-04	3.28e-03	1.92e-01	5.12e-01	2.92e-01
 6.70287e+22	9.29e-13	1.81e-08	9.69e-06	4.30e-04	3.63e-03	2.03e-01	5.14e-01	2.79e-01
 6.78841e+22	1.11e-12	2.14e-08	1.13e-05	4.94e-04	4.03e-03	2.14e-01	5.15e-01	2.67e-01
 6.87428e+22	1.32e-12	2.51e-08	1.32e-05	5.66e-04	4.46e-03	2.25e-01	5.16e-01	2.54e-01
 6.96066e+22	1.57e-12	2.94e-08	1.53e-05	6.47e-04	4.93e-03	2.36e-01	5.16e-01	2.42e-01
 7.04782e+22	1.84e-12	3.43e-08	1.76e-05	7.39e-04	5.45e-03	2.48e-01	5.15e-01	2.30e-01
 7.13600e+22	2.16e-12	3.99e-08	2.04e-05	8.43e-04	6.02e-03	2.60e-01	5.14e-01	2.19e-01
 7.22465e+22	2.52e-12	4.62e-08	2.34e-05	9.58e-04	6.64e-03	2.73e-01	5.12e-01	2.07e-01
 7.31474e+22	2.93e-12	5.34e-08	2.69e-05	1.09e-03	7.33e-03	2.85e-01	5.10e-01	1.96e-01
 7.40586e+22	3.38e-12	6.14e-08	3.08e-05	1.24e-03	8.06e-03	2.98e-01	5.07e-01	1.86e-01
 7.49876e+22	3.99e-12	7.07e-08	3.53e-05	1.41e-03	8.89e-03	3.12e-01	5.03e-01	1.75e-01
 7.58521e+22	4.48e-12	7.91e-08	3.94e-05	1.56e-03	9.62e-03	3.23e-01	4.99e-01	1.67e-01
 7.67400e+22	5.16e-12	9.08e-08	4.52e-05	1.77e-03	1.06e-02	3.37e-01	4.94e-01	1.56e-01
 7.76426e+22	5.77e-12	1.01e-07	5.04e-05	1.96e-03	1.15e-02	3.49e-01	4.89e-01	1.48e-01
 7.85695e+22	6.64e-12	1.16e-07	5.77e-05	2.23e-03	1.27e-02	3.64e-01	4.83e-01	1.39e-01
 7.95059e+22	7.39e-12	1.29e-07	6.41e-05	2.46e-03	1.37e-02	3.75e-01	4.77e-01	1.31e-01
 8.04544e+22	8.43e-12	1.47e-07	7.32e-05	2.79e-03	1.51e-02	3.91e-01	4.69e-01	1.22e-01
 8.14038e+22	9.36e-12	1.63e-07	8.10e-05	3.06e-03	1.62e-02	4.02e-01	4.63e-01	1.16e-01
 8.23544e+22	1.06e-11	1.85e-07	9.20e-05	3.45e-03	1.78e-02	4.17e-01	4.54e-01	1.07e-01
 8.33142e+22	1.17e-11	2.04e-07	1.02e-04	3.78e-03	1.91e-02	4.28e-01	4.47e-01	1.01e-01
 8.42860e+22	1.33e-11	2.31e-07	1.15e-04	4.24e-03	2.09e-02	4.43e-01	4.38e-01	9.39e-02
 8.52699e+22	1.47e-11	2.55e-07	1.27e-04	4.64e-03	2.24e-02	4.55e-01	4.30e-01	8.84e-02
 8.62696e+22	1.66e-11	2.88e-07	1.44e-04	5.21e-03	2.45e-02	4.69e-01	4.19e-01	8.16e-02
 8.72855e+22	1.83e-11	3.18e-07	1.59e-04	5.69e-03	2.62e-02	4.80e-01	4.11e-01	7.65e-02
 8.83227e+22	2.07e-11	3.60e-07	1.80e-04	6.38e-03	2.86e-02	4.95e-01	4.00e-01	7.03e-02
 8.93819e+22	2.29e-11	3.98e-07	1.99e-04	6.97e-03	3.07e-02	5.06e-01	3.90e-01	6.57e-02
 9.04699e+22	2.59e-11	4.51e-07	2.27e-04	7.81e-03	3.35e-02	5.20e-01	3.78e-01	6.00e-02
 9.15857e+22	2.88e-11	5.01e-07	2.52e-04	8.56e-03	3.59e-02	5.31e-01	3.68e-01	5.58e-02
 9.27379e+22	3.27e-11	5.70e-07	2.87e-04	9.61e-03	3.93e-02	5.45e-01	3.55e-01	5.06e-02
 9.38218e+22	3.60e-11	6.25e-07	3.14e-04	1.04e-02	4.15e-02	5.54e-01	3.47e-01	4.74e-02
 9.48169e+22	4.03e-11	6.99e-07	3.52e-04	1.14e-02	4.47e-02	5.65e-01	3.35e-01	4.36e-02
 9.58041e+22	4.41e-11	7.63e-07	3.84e-04	1.22e-02	4.71e-02	5.72e-01	3.27e-01	4.09e-02
 9.67811e+22	4.88e-11	8.47e-07	4.27e-04	1.34e-02	5.06e-02	5.82e-01	3.16e-01	3.75e-02
 9.77636e+22	5.36e-11	9.27e-07	4.66e-04	1.44e-02	5.32e-02	5.89e-01	3.07e-01	3.51e-02
 9.87534e+22	5.97e-11	1.03e-06	5.20e-04	1.57e-02	5.69e-02	5.98e-01	2.96e-01	3.22e-02
 9.97613e+22	6.59e-11	1.13e-06	5.69e-04	1.69e-02	5.99e-02	6.05e-01	2.88e-01	3.01e-02
 1.00793e+23	7.37e-11	1.27e-06	6.38e-04	1.85e-02	6.41e-02	6.13e-01	2.77e-01	2.74e-02
 1.01839e+23	8.18e-11	1.40e-06	6.99e-04	1.98e-02	6.74e-02	6.19e-01	2.68e-01	2.55e-02
 1.02903e+23	9.16e-11	1.57e-06	7.85e-04	2.17e-02	7.21e-02	6.26e-01	2.57e-01	2.31e-02
 1.03987e+23	1.02e-10	1.74e-06	8.64e-04	2.33e-02	7.57e-02	6.31e-01	2.48e-01	2.15e-02
 1.05094e+23	1.15e-10	1.96e-06	9.74e-04	2.55e-02	8.09e-02	6.36e-01	2.37e-01	1.94e-02
 1.06229e+23	1.29e-10	2.18e-06	1.08e-03	2.75e-02	8.51e-02	6.40e-01	2.28e-01	1.78e-02
 1.07399e+23	1.48e-10	2.48e-06	1.22e-03	3.01e-02	9.10e-02	6.45e-01	2.17e-01	1.60e-02
 1.08597e+23	1.66e-10	2.78e-06	1.36e-03	3.25e-02	9.57e-02	6.48e-01	2.08e-01	1.47e-02
 1.09831e+23	1.92e-10	3.19e-06	1.55e-03	3.57e-02	1.02e-01	6.51e-01	1.96e-01	1.30e-02
 1.11079e+23	2.19e-10	3.59e-06	1.72e-03	3.85e-02	1.07e-01	6.53e-01	1.88e-01	1.19e-02
 1.12343e+23	2.53e-10	4.13e-06	1.97e-03	4.23e-02	1.15e-01	6.54e-01	1.77e-01	1.05e-02
 1.13621e+23	2.89e-10	4.66e-06	2.20e-03	4.56e-02	1.20e-01	6.54e-01	1.69e-01	9.60e-03
 1.14917e+23	3.38e-10	5.40e-06	2.52e-03	5.01e-02	1.28e-01	6.53e-01	1.58e-01	8.45e-03
 1.16184e+23	3.83e-10	6.05e-06	2.80e-03	5.36e-02	1.33e-01	6.52e-01	1.51e-01	7.71e-03
 1.17412e+23	4.48e-10	6.98e-06	3.18e-03	5.84e-02	1.41e-01	6.49e-01	1.42e-01	6.84e-03
 1.18698e+23	5.14e-10	7.91e-06	3.56e-03	6.29e-02	1.47e-01	6.46e-01	1.34e-01	6.16e-03
 1.19784e+23	5.61e-10	8.78e-06	3.91e-03	6.68e-02	1.53e-01	6.43e-01	1.28e-01	5.64e-03
 1.20920e+23	6.50e-10	1.00e-05	4.39e-03	7.20e-02	1.60e-01	6.38e-01	1.21e-01	5.04e-03
 1.22091e+23	7.37e-10	1.12e-05	4.85e-03	7.68e-02	1.66e-01	6.33e-01	1.14e-01	4.57e-03
 1.23144e+23	8.33e-10	1.25e-05	5.34e-03	8.16e-02	1.72e-01	6.28e-01	1.09e-01	4.16e-03
 1.24344e+23	9.76e-10	1.44e-05	6.03e-03	8.80e-02	1.80e-01	6.21e-01	1.02e-01	3.69e-03
 1.25590e+23	1.12e-09	1.62e-05	6.70e-03	9.40e-02	1.87e-01	6.14e-01	9.55e-02	3.30e-03
 1.26701e+23	1.30e-09	1.82e-05	7.40e-03	9.99e-02	1.93e-01	6.07e-01	9.02e-02	2.98e-03
 1.27950e+23	1.54e-09	2.11e-05	8.36e-03	1.08e-01	2.01e-01	5.97e-01	8.39e-02	2.62e-03
 1.29259e+23	1.78e-09	2.39e-05	9.34e-03	1.15e-01	2.08e-01	5.87e-01	7.83e-02	2.32e-03
 1.30442e+23	2.05e-09	2.71e-05	1.03e-02	1.22e-01	2.14e-01	5.78e-01	7.34e-02	2.08e-03
 1.31777e+23	2.46e-09	3.16e-05	1.18e-02	1.32e-01	2.22e-01	5.65e-01	6.76e-02	1.80e-03
 1.33156e+23	2.81e-09	3.62e-05	1.32e-02	1.41e-01	2.29e-01	5.53e-01	6.27e-02	1.59e-03
 1.34385e+23	3.26e-09	4.10e-05	1.46e-02	1.49e-01	2.36e-01	5.41e-01	5.83e-02	1.40e-03
 1.35775e+23	3.93e-09	4.81e-05	1.66e-02	1.61e-01	2.43e-01	5.25e-01	5.32e-02	1.20e-03
 1.37219e+23	4.64e-09	5.54e-05	1.86e-02	1.71e-01	2.50e-01	5.10e-01	4.88e-02	1.04e-03
 1.38517e+23	5.43e-09	6.32e-05	2.07e-02	1.81e-01	2.56e-01	4.96e-01	4.50e-02	9.14e-04
 1.39987e+23	6.66e-09	7.49e-05	2.37e-02	1.95e-01	2.63e-01	4.77e-01	4.04e-02	7.68e-04
 1.41506e+23	7.92e-09	8.65e-05	2.65e-02	2.07e-01	2.69e-01	4.60e-01	3.68e-02	6.60e-04
 1.42878e+23	9.38e-09	9.94e-05	2.95e-02	2.19e-01	2.74e-01	4.44e-01	3.35e-02	5.69e-04
 1.44450e+23	1.17e-08	1.19e-04	3.39e-02	2.35e-01	2.79e-01	4.22e-01	2.96e-02	4.67e-04
 1.46036e+23	1.39e-08	1.37e-04	3.77e-02	2.48e-01	2.83e-01	4.03e-01	2.67e-02	3.97e-04
 1.47641e+23	1.73e-08	1.64e-04	4.30e-02	2.65e-01	2.87e-01	3.81e-01	2.34e-02	3.25e-04
 1.49282e+23	2.09e-08	1.91e-04	4.81e-02	2.79e-01	2.90e-01	3.62e-01	2.08e-02	2.71e-04
 1.50725e+23	2.50e-08	2.20e-04	5.33e-02	2.93e-01	2.91e-01	3.43e-01	1.86e-02	2.29e-04
 1.52355e+23	3.14e-08	2.63e-04	6.07e-02	3.10e-01	2.93e-01	3.20e-01	1.61e-02	1.83e-04
 1.54026e+23	3.79e-08	3.05e-04	6.74e-02	3.24e-01	2.93e-01	3.01e-01	1.42e-02	1.51e-04
 1.55751e+23	4.82e-08	3.67e-04	7.66e-02	3.42e-01	2.91e-01	2.78e-01	1.20e-02	1.19e-04
 1.57504e+23	5.87e-08	4.27e-04	8.50e-02	3.57e-01	2.89e-01	2.59e-01	1.05e-02	9.67e-05
 1.59056e+23	7.12e-08	4.95e-04	9.37e-02	3.70e-01	2.86e-01	2.40e-01	9.12e-03	7.89e-05
 1.60837e+23	9.14e-08	5.98e-04	1.06e-01	3.87e-01	2.81e-01	2.18e-01	7.58e-03	6.03e-05
 1.62643e+23	1.11e-07	6.94e-04	1.17e-01	4.00e-01	2.76e-01	2.01e-01	6.51e-03	4.84e-05
 1.64219e+23	1.35e-07	8.00e-04	1.28e-01	4.11e-01	2.70e-01	1.85e-01	5.60e-03	3.90e-05
 1.65730e+23	1.62e-07	9.14e-04	1.39e-01	4.21e-01	2.64e-01	1.70e-01	4.85e-03	3.17e-05
 1.67171e+23	1.92e-07	1.04e-03	1.50e-01	4.30e-01	2.58e-01	1.57e-01	4.20e-03	2.59e-05
 1.68795e+23	2.40e-07	1.22e-03	1.65e-01	4.40e-01	2.49e-01	1.41e-01	3.49e-03	1.99e-05
 1.70414e+23	2.85e-07	1.38e-03	1.77e-01	4.47e-01	2.41e-01	1.29e-01	3.00e-03	1.61e-05
 1.72028e+23	3.54e-07	1.61e-03	1.94e-01	4.55e-01	2.31e-01	1.16e-01	2.48e-03	1.23e-05
 1.73671e+23	4.22e-07	1.83e-03	2.08e-01	4.60e-01	2.23e-01	1.05e-01	2.11e-03	9.83e-06
 1.75353e+23	5.26e-07	2.14e-03	2.27e-01	4.65e-01	2.12e-01	9.27e-02	1.71e-03	7.37e-06
 1.77048e+23	6.29e-07	2.42e-03	2.42e-01	4.68e-01	2.02e-01	8.35e-02	1.44e-03	5.81e-06
 1.78762e+23	7.85e-07	2.83e-03	2.62e-01	4.70e-01	1.91e-01	7.30e-02	1.16e-03	4.29e-06
 1.80497e+23	9.38e-07	3.20e-03	2.79e-01	4.70e-01	1.81e-01	6.53e-02	9.63e-04	3.34e-06
 1.81887e+23	1.09e-06	3.54e-03	2.94e-01	4.69e-01	1.73e-01	5.94e-02	8.27e-04	2.71e-06
 1.83323e+23	1.30e-06	3.99e-03	3.11e-01	4.68e-01	1.64e-01	5.28e-02	6.84e-04	2.10e-06
 1.84793e+23	1.51e-06	4.42e-03	3.27e-01	4.65e-01	1.55e-01	4.77e-02	5.82e-04	1.68e-06
 1.86102e+23	1.74e-06	4.87e-03	3.42e-01	4.62e-01	1.48e-01	4.31e-02	4.95e-04	1.35e-06
 1.87600e+23	2.09e-06	5.50e-03	3.61e-01	4.57e-01	1.38e-01	3.79e-02	4.04e-04	1.02e-06
 1.89115e+23	2.42e-06	6.08e-03	3.77e-01	4.52e-01	1.30e-01	3.40e-02	3.39e-04	8.10e-07
 1.90444e+23	2.80e-06	6.68e-03	3.93e-01	4.46e-01	1.23e-01	3.05e-02	2.86e-04	6.44e-07
 1.91964e+23	3.34e-06	7.52e-03	4.13e-01	4.39e-01	1.14e-01	2.66e-02	2.31e-04	4.83e-07
 1.93509e+23	3.88e-06	8.28e-03	4.29e-01	4.31e-01	1.07e-01	2.36e-02	1.92e-04	3.77e-07
 1.94879e+23	4.48e-06	9.09e-03	4.46e-01	4.24e-01	1.00e-01	2.10e-02	1.61e-04	2.96e-07
 1.96452e+23	5.37e-06	1.02e-02	4.66e-01	4.13e-01	9.23e-02	1.82e-02	1.28e-04	2.18e-07
 1.98041e+23	6.23e-06	1.13e-02	4.82e-01	4.04e-01	8.59e-02	1.60e-02	1.05e-04	1.68e-07
 1.99437e+23	7.20e-06	1.24e-02	4.98e-01	3.95e-01	8.00e-02	1.42e-02	8.71e-05	1.31e-07
 2.01040e+23	8.62e-06	1.39e-02	5.18e-01	3.83e-01	7.30e-02	1.21e-02	6.85e-05	0.00e+00
 2.02672e+23	1.00e-05	1.52e-02	5.35e-01	3.72e-01	6.75e-02	1.06e-02	5.58e-05	0.00e+00
 2.04341e+23	1.20e-05	1.71e-02	5.55e-01	3.58e-01	6.10e-02	8.99e-03	4.32e-05	0.00e+00
 2.06028e+23	1.40e-05	1.89e-02	5.71e-01	3.47e-01	5.60e-02	7.81e-03	3.48e-05	0.00e+00
 2.07741e+23	1.69e-05	2.12e-02	5.90e-01	3.32e-01	5.03e-02	6.56e-03	2.66e-05	0.00e+00
 2.09485e+23	1.97e-05	2.33e-02	6.05e-01	3.20e-01	4.59e-02	5.65e-03	2.12e-05	0.00e+00
 2.11271e+23	2.38e-05	2.63e-02	6.24e-01	3.04e-01	4.09e-02	4.69e-03	1.60e-05	0.00e+00
 2.13089e+23	2.79e-05	2.89e-02	6.39e-01	2.91e-01	3.70e-02	4.01e-03	1.26e-05	0.00e+00
 2.14705e+23	3.25e-05	3.17e-02	6.53e-01	2.78e-01	3.35e-02	3.43e-03	9.92e-06	0.00e+00
 2.16562e+23	3.94e-05	3.57e-02	6.69e-01	2.63e-01	2.95e-02	2.81e-03	7.33e-06	0.00e+00
 2.18192e+23	4.43e-05	3.83e-02	6.79e-01	2.53e-01	2.72e-02	2.48e-03	6.07e-06	0.00e+00
 2.19530e+23	5.05e-05	4.15e-02	6.89e-01	2.42e-01	2.49e-02	2.15e-03	4.89e-06	0.00e+00
 2.20926e+23	5.69e-05	4.45e-02	6.98e-01	2.32e-01	2.29e-02	1.89e-03	4.02e-06	0.00e+00
 2.22199e+23	6.36e-05	4.76e-02	7.06e-01	2.23e-01	2.11e-02	1.67e-03	3.34e-06	0.00e+00
 2.23656e+23	7.33e-05	5.19e-02	7.16e-01	2.12e-01	1.90e-02	1.43e-03	2.63e-06	0.00e+00
 2.25139e+23	8.26e-05	5.57e-02	7.23e-01	2.02e-01	1.74e-02	1.25e-03	2.14e-06	0.00e+00
 2.26656e+23	9.58e-05	6.09e-02	7.32e-01	1.91e-01	1.56e-02	1.05e-03	1.66e-06	0.00e+00
 2.28184e+23	1.08e-04	6.53e-02	7.38e-01	1.81e-01	1.41e-02	9.12e-04	1.33e-06	0.00e+00
 2.29725e+23	1.26e-04	7.14e-02	7.45e-01	1.70e-01	1.26e-02	7.65e-04	1.02e-06	0.00e+00
 2.31292e+23	1.42e-04	7.66e-02	7.50e-01	1.61e-01	1.14e-02	6.60e-04	8.20e-07	0.00e+00
 2.32892e+23	1.65e-04	8.38e-02	7.55e-01	1.50e-01	1.01e-02	5.48e-04	6.21e-07	0.00e+00
 2.34521e+23	1.87e-04	9.00e-02	7.59e-01	1.41e-01	9.07e-03	4.69e-04	4.91e-07	0.00e+00
 2.36189e+23	2.19e-04	9.87e-02	7.62e-01	1.31e-01	7.95e-03	3.85e-04	3.65e-07	0.00e+00
 2.37888e+23	2.50e-04	1.06e-01	7.64e-01	1.22e-01	7.10e-03	3.26e-04	2.85e-07	0.00e+00
 2.39628e+23	2.95e-04	1.17e-01	7.64e-01	1.12e-01	6.16e-03	2.63e-04	2.07e-07	0.00e+00
 2.41387e+23	3.35e-04	1.26e-01	7.64e-01	1.04e-01	5.48e-03	2.21e-04	1.60e-07	0.00e+00
 2.43170e+23	3.97e-04	1.38e-01	7.62e-01	9.47e-02	4.72e-03	1.77e-04	0.00e+00	0.00e+00
 2.44965e+23	4.53e-04	1.49e-01	7.59e-01	8.74e-02	4.18e-03	1.48e-04	0.00e+00	0.00e+00
 2.46776e+23	5.37e-04	1.64e-01	7.53e-01	7.87e-02	3.58e-03	1.17e-04	0.00e+00	0.00e+00
 2.48597e+23	6.15e-04	1.76e-01	7.48e-01	7.21e-02	3.15e-03	9.67e-05	0.00e+00	0.00e+00
 2.50432e+23	7.33e-04	1.95e-01	7.38e-01	6.41e-02	2.68e-03	7.54e-05	0.00e+00	0.00e+00
 2.52277e+23	8.40e-04	2.09e-01	7.29e-01	5.82e-02	2.35e-03	6.18e-05	0.00e+00	0.00e+00
 2.54132e+23	1.01e-03	2.32e-01	7.14e-01	5.10e-02	1.97e-03	4.72e-05	0.00e+00	0.00e+00
 2.55985e+23	1.16e-03	2.49e-01	7.02e-01	4.58e-02	1.72e-03	3.83e-05	0.00e+00	0.00e+00
 2.57833e+23	1.40e-03	2.76e-01	6.81e-01	3.95e-02	1.43e-03	2.88e-05	0.00e+00	0.00e+00
 2.59687e+23	1.62e-03	2.98e-01	6.64e-01	3.50e-02	1.24e-03	2.29e-05	0.00e+00	0.00e+00
 2.61546e+23	1.97e-03	3.30e-01	6.37e-01	2.96e-02	1.02e-03	1.68e-05	0.00e+00	0.00e+00
 2.63408e+23	2.30e-03	3.57e-01	6.15e-01	2.57e-02	8.73e-04	1.31e-05	0.00e+00	0.00e+00
 2.65274e+23	2.81e-03	3.94e-01	5.81e-01	2.13e-02	7.08e-04	9.30e-06	0.00e+00	0.00e+00
 2.67156e+23	3.31e-03	4.27e-01	5.51e-01	1.80e-02	5.93e-04	6.96e-06	0.00e+00	0.00e+00
 2.69061e+23	4.10e-03	4.72e-01	5.09e-01	1.43e-02	4.66e-04	4.69e-06	0.00e+00	0.00e+00
 2.70976e+23	4.88e-03	5.10e-01	4.73e-01	1.16e-02	3.80e-04	3.35e-06	0.00e+00	0.00e+00
 2.72905e+23	6.05e-03	5.60e-01	4.24e-01	8.87e-03	2.89e-04	2.14e-06	0.00e+00	0.00e+00
 2.74861e+23	7.32e-03	6.05e-01	3.80e-01	6.84e-03	2.24e-04	1.41e-06	0.00e+00	0.00e+00
 2.76337e+23	8.45e-03	6.39e-01	3.47e-01	5.56e-03	1.83e-04	1.01e-06	0.00e+00	0.00e+00
 2.77740e+23	9.94e-03	6.78e-01	3.08e-01	4.30e-03	1.42e-04	6.74e-07	0.00e+00	0.00e+00
 2.79237e+23	1.17e-02	7.15e-01	2.70e-01	3.29e-03	1.09e-04	4.41e-07	0.00e+00	0.00e+00
 2.80615e+23	1.37e-02	7.50e-01	2.34e-01	2.49e-03	8.28e-05	2.85e-07	0.00e+00	0.00e+00
 2.82167e+23	1.66e-02	7.90e-01	1.92e-01	1.71e-03	5.68e-05	1.59e-07	0.00e+00	0.00e+00
 2.83745e+23	2.01e-02	8.24e-01	1.54e-01	1.16e-03	3.83e-05	0.00e+00	0.00e+00	0.00e+00
 2.85006e+23	2.36e-02	8.50e-01	1.26e-01	8.20e-04	2.65e-05	0.00e+00	0.00e+00	0.00e+00
 2.86079e+23	2.74e-02	8.69e-01	1.03e-01	5.91e-04	1.86e-05	0.00e+00	0.00e+00	0.00e+00
 2.87065e+23	3.17e-02	8.85e-01	8.32e-02	4.25e-04	1.28e-05	0.00e+00	0.00e+00	0.00e+00
 2.87958e+23	3.67e-02	8.96e-01	6.70e-02	3.09e-04	8.81e-06	0.00e+00	0.00e+00	0.00e+00
 2.88749e+23	4.21e-02	9.04e-01	5.41e-02	2.29e-04	6.10e-06	0.00e+00	0.00e+00	0.00e+00
 2.89459e+23	4.81e-02	9.08e-01	4.37e-02	1.73e-04	4.23e-06	0.00e+00	0.00e+00	0.00e+00
 2.90118e+23	5.52e-02	9.10e-01	3.51e-02	1.31e-04	2.91e-06	0.00e+00	0.00e+00	0.00e+00
 2.90735e+23	6.34e-02	9.08e-01	2.80e-02	1.01e-04	1.99e-06	0.00e+00	0.00e+00	0.00e+00
 2.91311e+23	7.26e-02	9.05e-01	2.24e-02	7.87e-05	1.37e-06	0.00e+00	0.00e+00	0.00e+00
 2.91860e+23	8.38e-02	8.98e-01	1.78e-02	6.19e-05	9.34e-07	0.00e+00	0.00e+00	0.00e+00
 2.92397e+23	9.74e-02	8.89e-01	1.39e-02	4.89e-05	6.27e-07	0.00e+00	0.00e+00	0.00e+00
 2.92908e+23	1.13e-01	8.76e-01	1.09e-02	3.91e-05	4.21e-07	0.00e+00	0.00e+00	0.00e+00
 2.93374e+23	1.31e-01	8.60e-01	8.57e-03	3.19e-05	2.89e-07	0.00e+00	0.00e+00	0.00e+00
 2.93797e+23	1.51e-01	8.42e-01	6.83e-03	2.66e-05	2.03e-07	0.00e+00	0.00e+00	0.00e+00
 2.94175e+23	1.71e-01	8.23e-01	5.54e-03	2.27e-05	1.48e-07	0.00e+00	0.00e+00	0.00e+00
 2.94498e+23	1.91e-01	8.04e-01	4.61e-03	1.99e-05	0.00e+00	0.00e+00	0.00e+00	0.00e+00
 2.94739e+23	2.07e-01	7.89e-01	4.02e-03	1.81e-05	0.00e+00	0.00e+00	0.00e+00	0.00e+00
 2.94917e+23	2.19e-01	7.77e-01	3.63e-03	1.69e-05	0.00e+00	0.00e+00	0.00e+00	0.00e+00
 2.95105e+23	2.33e-01	7.63e-01	3.24e-03	1.57e-05	0.00e+00	0.00e+00	0.00e+00	0.00e+00
 2.95327e+23	2.51e-01	7.46e-01	2.82e-03	1.43e-05	0.00e+00	0.00e+00	0.00e+00	0.00e+00
 2.95565e+23	2.71e-01	7.27e-01	2.45e-03	1.31e-05	0.00e+00	0.00e+00	0.00e+00	0.00e+00
 2.95799e+23	2.91e-01	7.07e-01	2.12e-03	1.20e-05	0.00e+00	0.00e+00	0.00e+00	0.00e+00
 2.96022e+23	3.11e-01	6.87e-01	1.86e-03	1.11e-05	0.00e+00	0.00e+00	0.00e+00	0.00e+00
 2.96196e+23	3.25e-01	6.73e-01	1.68e-03	1.05e-05	0.00e+00	0.00e+00	0.00e+00	0.00e+00
 2.96315e+23	3.36e-01	6.62e-01	1.57e-03	1.01e-05	0.00e+00	0.00e+00	0.00e+00	0.00e+00
 2.96432e+23	3.47e-01	6.52e-01	1.46e-03	9.70e-06	0.00e+00	0.00e+00	0.00e+00	0.00e+00
 2.96570e+23	3.60e-01	6.39e-01	1.34e-03	9.26e-06	0.00e+00	0.00e+00	0.00e+00	0.00e+00
 2.96720e+23	3.74e-01	6.25e-01	1.22e-03	8.81e-06	0.00e+00	0.00e+00	0.00e+00	0.00e+00
 2.96869e+23	3.88e-01	6.11e-01	1.12e-03	8.41e-06	0.00e+00	0.00e+00	0.00e+00	0.00e+00
 2.97015e+23	4.01e-01	5.98e-01	1.03e-03	8.03e-06	0.00e+00	0.00e+00	0.00e+00	0.00e+00
 2.97165e+23	4.15e-01	5.84e-01	9.40e-04	7.66e-06	0.00e+00	0.00e+00	0.00e+00	0.00e+00
 2.97321e+23	4.30e-01	5.69e-01	8.56e-04	7.30e-06	0.00e+00	0.00e+00	0.00e+00	0.00e+00
 2.97479e+23	4.44e-01	5.55e-01	7.81e-04	6.97e-06	0.00e+00	0.00e+00	0.00e+00	0.00e+00
 2.97640e+23	4.59e-01	5.41e-01	7.10e-04	6.64e-06	0.00e+00	0.00e+00	0.00e+00	0.00e+00
 2.97807e+23	4.74e-01	5.25e-01	6.44e-04	6.33e-06	0.00e+00	0.00e+00	0.00e+00	0.00e+00
 2.97976e+23	4.89e-01	5.11e-01	5.85e-04	6.03e-06	0.00e+00	0.00e+00	0.00e+00	0.00e+00
 2.98147e+23	5.04e-01	4.96e-01	5.30e-04	5.75e-06	0.00e+00	0.00e+00	0.00e+00	0.00e+00
 2.98325e+23	5.19e-01	4.80e-01	4.80e-04	5.47e-06	0.00e+00	0.00e+00	0.00e+00	0.00e+00
 2.98510e+23	5.35e-01	4.65e-01	4.32e-04	5.20e-06	0.00e+00	0.00e+00	0.00e+00	0.00e+00
 2.98699e+23	5.50e-01	4.50e-01	3.90e-04	4.94e-06	0.00e+00	0.00e+00	0.00e+00	0.00e+00
 2.98893e+23	5.66e-01	4.34e-01	3.51e-04	4.70e-06	0.00e+00	0.00e+00	0.00e+00	0.00e+00
 2.99095e+23	5.82e-01	4.18e-01	3.15e-04	4.46e-06	0.00e+00	0.00e+00	0.00e+00	0.00e+00
 2.99298e+23	5.97e-01	4.03e-01	2.84e-04	4.23e-06	0.00e+00	0.00e+00	0.00e+00	0.00e+00
 2.99507e+23	6.12e-01	3.88e-01	2.55e-04	4.02e-06	0.00e+00	0.00e+00	0.00e+00	0.00e+00
 2.99726e+23	6.27e-01	3.72e-01	2.29e-04	3.81e-06	0.00e+00	0.00e+00	0.00e+00	0.00e+00
 2.99953e+23	6.43e-01	3.57e-01	2.05e-04	3.60e-06	0.00e+00	0.00e+00	0.00e+00	0.00e+00
 3.00185e+23	6.58e-01	3.42e-01	1.84e-04	3.41e-06	0.00e+00	0.00e+00	0.00e+00	0.00e+00
 3.00424e+23	6.73e-01	3.27e-01	1.65e-04	3.23e-06	0.00e+00	0.00e+00	0.00e+00	0.00e+00
 3.00672e+23	6.87e-01	3.13e-01	1.48e-04	3.06e-06	0.00e+00	0.00e+00	0.00e+00	0.00e+00
 3.00932e+23	7.02e-01	2.98e-01	1.33e-04	2.89e-06	0.00e+00	0.00e+00	0.00e+00	0.00e+00
 3.01200e+23	7.16e-01	2.84e-01	1.19e-04	2.73e-06	0.00e+00	0.00e+00	0.00e+00	0.00e+00
 3.01474e+23	7.29e-01	2.71e-01	1.08e-04	2.58e-06	0.00e+00	0.00e+00	0.00e+00	0.00e+00
 3.01754e+23	7.42e-01	2.58e-01	9.77e-05	2.44e-06	0.00e+00	0.00e+00	0.00e+00	0.00e+00
 3.02040e+23	7.54e-01	2.45e-01	8.87e-05	2.31e-06	0.00e+00	0.00e+00	0.00e+00	0.00e+00
 3.02338e+23	7.67e-01	2.33e-01	8.08e-05	2.19e-06	0.00e+00	0.00e+00	0.00e+00	0.00e+00
 3.02648e+23	7.78e-01	2.22e-01	7.37e-05	2.07e-06	0.00e+00	0.00e+00	0.00e+00	0.00e+00
 3.02967e+23	7.90e-01	2.10e-01	6.76e-05	1.96e-06	0.00e+00	0.00e+00	0.00e+00	0.00e+00
 3.03291e+23	8.00e-01	2.00e-01	6.24e-05	1.86e-06	0.00e+00	0.00e+00	0.00e+00	0.00e+00
 3.03629e+23	8.10e-01	1.89e-01	5.76e-05	1.76e-06	0.00e+00	0.00e+00	0.00e+00	0.00e+00
 3.03990e+23	8.20e-01	1.80e-01	5.34e-05	1.67e-06	0.00e+00	0.00e+00	0.00e+00	0.00e+00
 3.04362e+23	8.30e-01	1.70e-01	4.97e-05	1.58e-06	0.00e+00	0.00e+00	0.00e+00	0.00e+00
 3.04746e+23	8.39e-01	1.61e-01	4.64e-05	1.50e-06	0.00e+00	0.00e+00	0.00e+00	0.00e+00
 3.05153e+23	8.48e-01	1.52e-01	4.34e-05	1.43e-06	0.00e+00	0.00e+00	0.00e+00	0.00e+00
 3.05585e+23	8.57e-01	1.43e-01	4.07e-05	1.35e-06	0.00e+00	0.00e+00	0.00e+00	0.00e+00
 3.06036e+23	8.65e-01	1.35e-01	3.83e-05	1.28e-06	0.00e+00	0.00e+00	0.00e+00	0.00e+00
 3.06503e+23	8.73e-01	1.27e-01	3.62e-05	1.21e-06	0.00e+00	0.00e+00	0.00e+00	0.00e+00
 3.06963e+23	8.80e-01	1.20e-01	3.44e-05	1.15e-06	0.00e+00	0.00e+00	0.00e+00	0.00e+00
 3.07405e+23	8.87e-01	1.13e-01	3.28e-05	1.10e-06	0.00e+00	0.00e+00	0.00e+00	0.00e+00
 3.07837e+23	8.93e-01	1.07e-01	3.15e-05	1.05e-06	0.00e+00	0.00e+00	0.00e+00	0.00e+00
 3.08259e+23	8.98e-01	1.02e-01	3.03e-05	1.01e-06	0.00e+00	0.00e+00	0.00e+00	0.00e+00
 3.08518e+23	9.01e-01	9.89e-02	2.98e-05	9.89e-07	0.00e+00	0.00e+00	0.00e+00	0.00e+00
