#depth	N	N+	N+2	N+3	N+4	N+5	N+6	N+7
 1.54284e+22	6.61e-18	5.82e-13	1.40e-09	3.26e-07	2.10e-05	9.83e-03	1.94e-01	7.96e-01
 3.40794e+22	2.63e-16	1.41e-11	2.04e-08	2.72e-06	9.50e-05	2.51e-02	2.87e-01	6.88e-01
 3.87429e+22	1.04e-15	4.65e-11	5.56e-08	6.05e-06	1.68e-04	3.56e-02	3.28e-01	6.36e-01
 4.09043e+22	2.05e-15	8.35e-11	9.12e-08	8.98e-06	2.23e-04	4.22e-02	3.49e-01	6.09e-01
 4.18351e+22	2.48e-15	9.88e-11	1.05e-07	1.00e-05	2.42e-04	4.43e-02	3.55e-01	6.00e-01
 4.23189e+22	3.23e-15	1.24e-10	1.27e-07	1.17e-05	2.70e-04	4.73e-02	3.63e-01	5.89e-01
 4.28107e+22	3.97e-15	1.48e-10	1.48e-07	1.32e-05	2.94e-04	4.98e-02	3.70e-01	5.80e-01
 4.33129e+22	5.12e-15	1.85e-10	1.79e-07	1.54e-05	3.27e-04	5.31e-02	3.78e-01	5.69e-01
 4.38323e+22	6.45e-15	2.26e-10	2.12e-07	1.76e-05	3.61e-04	5.63e-02	3.85e-01	5.58e-01
 4.42918e+22	7.96e-15	2.72e-10	2.47e-07	1.99e-05	3.94e-04	5.93e-02	3.92e-01	5.48e-01
 4.48066e+22	1.05e-14	3.46e-10	3.04e-07	2.35e-05	4.44e-04	6.36e-02	4.01e-01	5.35e-01
 4.53306e+22	1.30e-14	4.17e-10	3.56e-07	2.67e-05	4.86e-04	6.71e-02	4.08e-01	5.25e-01
 4.58667e+22	1.74e-14	5.37e-10	4.41e-07	3.18e-05	5.51e-04	7.21e-02	4.17e-01	5.11e-01
 4.64100e+22	2.17e-14	6.51e-10	5.20e-07	3.63e-05	6.05e-04	7.61e-02	4.24e-01	5.00e-01
 4.69626e+22	2.91e-14	8.41e-10	6.47e-07	4.34e-05	6.87e-04	8.20e-02	4.33e-01	4.85e-01
 4.75265e+22	3.67e-14	1.03e-09	7.71e-07	5.01e-05	7.61e-04	8.69e-02	4.40e-01	4.72e-01
 4.81050e+22	4.97e-14	1.35e-09	9.69e-07	6.04e-05	8.70e-04	9.38e-02	4.49e-01	4.56e-01
 4.86957e+22	6.32e-14	1.66e-09	1.16e-06	7.02e-05	9.70e-04	9.97e-02	4.56e-01	4.43e-01
 4.92835e+22	8.48e-14	2.16e-09	1.46e-06	8.45e-05	1.11e-03	1.07e-01	4.64e-01	4.27e-01
 4.98444e+22	1.04e-13	2.60e-09	1.71e-06	9.66e-05	1.22e-03	1.13e-01	4.70e-01	4.15e-01
 5.03893e+22	1.37e-13	3.30e-09	2.11e-06	1.15e-04	1.39e-03	1.22e-01	4.78e-01	3.99e-01
 5.09414e+22	1.69e-13	3.98e-09	2.49e-06	1.32e-04	1.53e-03	1.29e-01	4.83e-01	3.87e-01
 5.14807e+22	2.17e-13	4.98e-09	3.03e-06	1.56e-04	1.73e-03	1.37e-01	4.89e-01	3.72e-01
 5.20313e+22	2.68e-13	6.02e-09	3.59e-06	1.80e-04	1.92e-03	1.45e-01	4.94e-01	3.59e-01
 5.25675e+22	3.37e-13	7.39e-09	4.30e-06	2.11e-04	2.15e-03	1.54e-01	4.99e-01	3.44e-01
 5.31152e+22	4.15e-13	8.93e-09	5.10e-06	2.44e-04	2.39e-03	1.63e-01	5.03e-01	3.31e-01
 5.36572e+22	5.11e-13	1.08e-08	6.06e-06	2.84e-04	2.67e-03	1.73e-01	5.07e-01	3.17e-01
 5.42020e+22	6.23e-13	1.30e-08	7.15e-06	3.28e-04	2.97e-03	1.83e-01	5.10e-01	3.04e-01
 5.47408e+22	7.54e-13	1.55e-08	8.40e-06	3.78e-04	3.30e-03	1.93e-01	5.12e-01	2.91e-01
 5.52786e+22	9.07e-13	1.84e-08	9.82e-06	4.35e-04	3.67e-03	2.04e-01	5.14e-01	2.78e-01
 5.58174e+22	1.08e-12	2.17e-08	1.15e-05	5.00e-04	4.06e-03	2.15e-01	5.15e-01	2.65e-01
 5.63583e+22	1.29e-12	2.55e-08	1.33e-05	5.72e-04	4.50e-03	2.26e-01	5.16e-01	2.53e-01
 5.69025e+22	1.52e-12	2.98e-08	1.55e-05	6.55e-04	4.98e-03	2.37e-01	5.16e-01	2.41e-01
 5.74516e+22	1.79e-12	3.48e-08	1.79e-05	7.47e-04	5.50e-03	2.49e-01	5.15e-01	2.29e-01
 5.80073e+22	2.10e-12	4.05e-08	2.06e-05	8.53e-04	6.08e-03	2.61e-01	5.14e-01	2.18e-01
 5.85657e+22	2.44e-12	4.68e-08	2.37e-05	9.69e-04	6.70e-03	2.74e-01	5.12e-01	2.07e-01
 5.91334e+22	2.83e-12	5.41e-08	2.73e-05	1.10e-03	7.39e-03	2.87e-01	5.10e-01	1.95e-01
 5.97076e+22	3.27e-12	6.21e-08	3.12e-05	1.25e-03	8.13e-03	2.99e-01	5.06e-01	1.85e-01
 6.02929e+22	3.78e-12	7.15e-08	3.58e-05	1.42e-03	8.97e-03	3.13e-01	5.02e-01	1.74e-01
 6.08376e+22	4.24e-12	8.00e-08	3.99e-05	1.57e-03	9.70e-03	3.24e-01	4.99e-01	1.66e-01
 6.13977e+22	4.87e-12	9.19e-08	4.58e-05	1.79e-03	1.07e-02	3.39e-01	4.93e-01	1.55e-01
 6.19670e+22	5.44e-12	1.03e-07	5.10e-05	1.98e-03	1.16e-02	3.50e-01	4.89e-01	1.48e-01
 6.25506e+22	6.23e-12	1.17e-07	5.84e-05	2.25e-03	1.28e-02	3.65e-01	4.82e-01	1.38e-01
 6.31373e+22	6.93e-12	1.31e-07	6.48e-05	2.48e-03	1.38e-02	3.77e-01	4.76e-01	1.31e-01
 6.37283e+22	7.89e-12	1.49e-07	7.39e-05	2.81e-03	1.52e-02	3.92e-01	4.69e-01	1.22e-01
 6.43227e+22	8.73e-12	1.65e-07	8.17e-05	3.08e-03	1.63e-02	4.03e-01	4.62e-01	1.15e-01
 6.49217e+22	9.89e-12	1.87e-07	9.29e-05	3.48e-03	1.79e-02	4.18e-01	4.54e-01	1.07e-01
 6.55257e+22	1.09e-11	2.06e-07	1.03e-04	3.81e-03	1.92e-02	4.29e-01	4.47e-01	1.01e-01
 6.61362e+22	1.23e-11	2.33e-07	1.16e-04	4.28e-03	2.10e-02	4.44e-01	4.37e-01	9.34e-02
 6.67544e+22	1.36e-11	2.57e-07	1.28e-04	4.68e-03	2.25e-02	4.56e-01	4.29e-01	8.79e-02
 6.73826e+22	1.53e-11	2.91e-07	1.45e-04	5.25e-03	2.46e-02	4.70e-01	4.19e-01	8.11e-02
 6.80211e+22	1.69e-11	3.21e-07	1.60e-04	5.73e-03	2.64e-02	4.81e-01	4.10e-01	7.61e-02
 6.86731e+22	1.91e-11	3.63e-07	1.82e-04	6.42e-03	2.88e-02	4.96e-01	3.99e-01	6.99e-02
 6.93388e+22	2.11e-11	4.01e-07	2.01e-04	7.02e-03	3.09e-02	5.07e-01	3.90e-01	6.53e-02
 7.00221e+22	2.39e-11	4.55e-07	2.29e-04	7.87e-03	3.37e-02	5.21e-01	3.77e-01	5.97e-02
 7.07228e+22	2.65e-11	5.05e-07	2.54e-04	8.62e-03	3.61e-02	5.32e-01	3.68e-01	5.54e-02
 7.14460e+22	3.01e-11	5.75e-07	2.90e-04	9.67e-03	3.95e-02	5.46e-01	3.54e-01	5.03e-02
 7.21268e+22	3.31e-11	6.30e-07	3.17e-04	1.04e-02	4.17e-02	5.54e-01	3.46e-01	4.72e-02
 7.27523e+22	3.69e-11	7.05e-07	3.55e-04	1.15e-02	4.49e-02	5.65e-01	3.35e-01	4.33e-02
 7.33723e+22	4.04e-11	7.70e-07	3.87e-04	1.23e-02	4.73e-02	5.73e-01	3.26e-01	4.06e-02
 7.39852e+22	4.47e-11	8.54e-07	4.31e-04	1.35e-02	5.08e-02	5.83e-01	3.15e-01	3.73e-02
 7.46019e+22	4.90e-11	9.35e-07	4.70e-04	1.45e-02	5.35e-02	5.90e-01	3.07e-01	3.49e-02
 7.52235e+22	5.46e-11	1.04e-06	5.25e-04	1.58e-02	5.72e-02	5.99e-01	2.96e-01	3.20e-02
 7.58564e+22	6.02e-11	1.14e-06	5.74e-04	1.70e-02	6.02e-02	6.05e-01	2.87e-01	2.99e-02
 7.65038e+22	6.72e-11	1.28e-06	6.43e-04	1.86e-02	6.44e-02	6.13e-01	2.76e-01	2.72e-02
 7.71605e+22	7.45e-11	1.41e-06	7.05e-04	2.00e-02	6.77e-02	6.19e-01	2.67e-01	2.53e-02
 7.78290e+22	8.35e-11	1.58e-06	7.92e-04	2.18e-02	7.24e-02	6.26e-01	2.56e-01	2.30e-02
 7.85097e+22	9.32e-11	1.75e-06	8.71e-04	2.35e-02	7.61e-02	6.31e-01	2.47e-01	2.13e-02
 7.92060e+22	1.05e-10	1.98e-06	9.83e-04	2.57e-02	8.13e-02	6.37e-01	2.36e-01	1.92e-02
 7.99187e+22	1.18e-10	2.21e-06	1.09e-03	2.76e-02	8.55e-02	6.41e-01	2.27e-01	1.77e-02
 8.06527e+22	1.34e-10	2.51e-06	1.23e-03	3.04e-02	9.14e-02	6.45e-01	2.16e-01	1.59e-02
 8.14028e+22	1.51e-10	2.80e-06	1.37e-03	3.27e-02	9.62e-02	6.48e-01	2.07e-01	1.45e-02
 8.21737e+22	1.75e-10	3.22e-06	1.56e-03	3.60e-02	1.03e-01	6.51e-01	1.96e-01	1.29e-02
 8.29540e+22	1.99e-10	3.63e-06	1.74e-03	3.87e-02	1.08e-01	6.53e-01	1.87e-01	1.18e-02
 8.37464e+22	2.30e-10	4.17e-06	1.99e-03	4.26e-02	1.15e-01	6.54e-01	1.76e-01	1.05e-02
 8.45463e+22	2.64e-10	4.72e-06	2.22e-03	4.59e-02	1.20e-01	6.54e-01	1.68e-01	9.54e-03
 8.53559e+22	3.07e-10	5.45e-06	2.55e-03	5.04e-02	1.28e-01	6.53e-01	1.57e-01	8.39e-03
 8.61460e+22	3.48e-10	6.11e-06	2.82e-03	5.39e-02	1.34e-01	6.51e-01	1.50e-01	7.66e-03
 8.69106e+22	4.07e-10	7.04e-06	3.20e-03	5.87e-02	1.41e-01	6.49e-01	1.41e-01	6.80e-03
 8.77162e+22	4.64e-10	7.95e-06	3.59e-03	6.32e-02	1.48e-01	6.46e-01	1.33e-01	6.10e-03
 8.83923e+22	5.23e-10	8.85e-06	3.94e-03	6.72e-02	1.54e-01	6.42e-01	1.27e-01	5.59e-03
 8.90883e+22	6.04e-10	1.01e-05	4.41e-03	7.22e-02	1.60e-01	6.38e-01	1.20e-01	5.02e-03
 8.98189e+22	6.86e-10	1.13e-05	4.87e-03	7.70e-02	1.66e-01	6.33e-01	1.14e-01	4.55e-03
 9.04907e+22	7.77e-10	1.26e-05	5.38e-03	8.19e-02	1.73e-01	6.28e-01	1.08e-01	4.13e-03
 9.12597e+22	9.14e-10	1.45e-05	6.08e-03	8.85e-02	1.80e-01	6.20e-01	1.01e-01	3.65e-03
 9.20488e+22	1.04e-09	1.64e-05	6.77e-03	9.46e-02	1.87e-01	6.13e-01	9.50e-02	3.27e-03
 9.27415e+22	1.19e-09	1.84e-05	7.47e-03	1.00e-01	1.93e-01	6.06e-01	8.97e-02	2.95e-03
 9.35194e+22	1.41e-09	2.13e-05	8.44e-03	1.08e-01	2.01e-01	5.96e-01	8.35e-02	2.60e-03
 9.43370e+22	1.64e-09	2.42e-05	9.43e-03	1.16e-01	2.08e-01	5.86e-01	7.79e-02	2.31e-03
 9.50797e+22	1.88e-09	2.74e-05	1.04e-02	1.23e-01	2.15e-01	5.77e-01	7.30e-02	2.06e-03
 9.59190e+22	2.26e-09	3.20e-05	1.19e-02	1.33e-01	2.23e-01	5.64e-01	6.72e-02	1.78e-03
 9.67837e+22	2.64e-09	3.66e-05	1.33e-02	1.41e-01	2.30e-01	5.51e-01	6.22e-02	1.57e-03
 9.75523e+22	3.07e-09	4.16e-05	1.47e-02	1.50e-01	2.36e-01	5.39e-01	5.79e-02	1.39e-03
 9.84222e+22	3.71e-09	4.89e-05	1.68e-02	1.62e-01	2.44e-01	5.23e-01	5.27e-02	1.19e-03
 9.93186e+22	4.36e-09	5.60e-05	1.88e-02	1.72e-01	2.51e-01	5.09e-01	4.85e-02	1.03e-03
 1.00250e+23	5.36e-09	6.65e-05	2.15e-02	1.85e-01	2.58e-01	4.90e-01	4.36e-02	8.69e-04
 1.01198e+23	6.28e-09	7.67e-05	2.41e-02	1.97e-01	2.64e-01	4.74e-01	3.98e-02	7.50e-04
 1.02170e+23	7.80e-09	9.17e-05	2.77e-02	2.12e-01	2.71e-01	4.53e-01	3.54e-02	6.22e-04
 1.03152e+23	9.30e-09	1.06e-04	3.09e-02	2.25e-01	2.76e-01	4.36e-01	3.21e-02	5.32e-04
 1.04016e+23	1.10e-08	1.22e-04	3.44e-02	2.37e-01	2.80e-01	4.19e-01	2.91e-02	4.55e-04
 1.05007e+23	1.38e-08	1.46e-04	3.95e-02	2.54e-01	2.85e-01	3.96e-01	2.55e-02	3.71e-04
 1.06011e+23	1.65e-08	1.68e-04	4.40e-02	2.67e-01	2.88e-01	3.78e-01	2.29e-02	3.14e-04
 1.07029e+23	2.07e-08	2.02e-04	5.02e-02	2.84e-01	2.90e-01	3.54e-01	1.99e-02	2.54e-04
 1.08063e+23	2.51e-08	2.34e-04	5.58e-02	2.99e-01	2.92e-01	3.35e-01	1.77e-02	2.12e-04
 1.09117e+23	3.18e-08	2.82e-04	6.39e-02	3.17e-01	2.93e-01	3.11e-01	1.51e-02	1.67e-04
 1.10178e+23	3.84e-08	3.27e-04	7.07e-02	3.31e-01	2.92e-01	2.92e-01	1.34e-02	1.39e-04
 1.11249e+23	4.90e-08	3.94e-04	8.04e-02	3.49e-01	2.90e-01	2.69e-01	1.13e-02	1.08e-04
 1.12333e+23	5.95e-08	4.57e-04	8.88e-02	3.63e-01	2.88e-01	2.50e-01	9.85e-03	8.83e-05
 1.13436e+23	7.62e-08	5.50e-04	1.00e-01	3.79e-01	2.83e-01	2.28e-01	8.25e-03	6.82e-05
 1.14561e+23	9.35e-08	6.41e-04	1.11e-01	3.93e-01	2.79e-01	2.10e-01	7.07e-03	5.46e-05
 1.15530e+23	1.13e-07	7.36e-04	1.21e-01	4.04e-01	2.74e-01	1.94e-01	6.13e-03	4.44e-05
 1.16603e+23	1.44e-07	8.80e-04	1.35e-01	4.18e-01	2.66e-01	1.75e-01	5.06e-03	3.38e-05
 1.17636e+23	1.70e-07	9.95e-04	1.46e-01	4.27e-01	2.60e-01	1.62e-01	4.42e-03	2.78e-05
 1.18618e+23	2.13e-07	1.17e-03	1.61e-01	4.37e-01	2.51e-01	1.46e-01	3.68e-03	2.15e-05
 1.19598e+23	2.52e-07	1.32e-03	1.72e-01	4.45e-01	2.44e-01	1.34e-01	3.19e-03	1.76e-05
 1.20576e+23	3.11e-07	1.53e-03	1.88e-01	4.52e-01	2.35e-01	1.20e-01	2.66e-03	1.36e-05
 1.21590e+23	3.75e-07	1.74e-03	2.02e-01	4.58e-01	2.26e-01	1.09e-01	2.25e-03	1.08e-05
 1.22500e+23	4.46e-07	1.97e-03	2.16e-01	4.62e-01	2.18e-01	9.93e-02	1.92e-03	8.65e-06
 1.23532e+23	5.58e-07	2.30e-03	2.35e-01	4.67e-01	2.07e-01	8.77e-02	1.56e-03	6.50e-06
 1.24581e+23	6.70e-07	2.60e-03	2.51e-01	4.69e-01	1.97e-01	7.88e-02	1.31e-03	5.09e-06
 1.25650e+23	8.37e-07	3.03e-03	2.71e-01	4.70e-01	1.86e-01	6.90e-02	1.05e-03	3.78e-06
 1.26691e+23	9.95e-07	3.40e-03	2.87e-01	4.70e-01	1.77e-01	6.20e-02	8.87e-04	2.99e-06
 1.27511e+23	1.15e-06	3.75e-03	3.02e-01	4.68e-01	1.69e-01	5.65e-02	7.62e-04	2.43e-06
 1.28393e+23	1.38e-06	4.23e-03	3.19e-01	4.66e-01	1.60e-01	5.02e-02	6.32e-04	1.88e-06
 1.29301e+23	1.61e-06	4.68e-03	3.35e-01	4.63e-01	1.52e-01	4.53e-02	5.37e-04	1.51e-06
 1.30115e+23	1.86e-06	5.16e-03	3.50e-01	4.60e-01	1.44e-01	4.10e-02	4.57e-04	1.21e-06
 1.31046e+23	2.24e-06	5.83e-03	3.69e-01	4.54e-01	1.34e-01	3.59e-02	3.71e-04	9.15e-07
 1.31986e+23	2.61e-06	6.44e-03	3.85e-01	4.49e-01	1.27e-01	3.22e-02	3.12e-04	7.24e-07
 1.32809e+23	3.02e-06	7.08e-03	4.01e-01	4.43e-01	1.20e-01	2.89e-02	2.63e-04	5.75e-07
 1.33749e+23	3.62e-06	7.97e-03	4.21e-01	4.35e-01	1.11e-01	2.52e-02	2.12e-04	4.31e-07
 1.34705e+23	4.21e-06	8.78e-03	4.37e-01	4.27e-01	1.04e-01	2.24e-02	1.77e-04	3.37e-07
 1.35553e+23	4.86e-06	9.64e-03	4.53e-01	4.20e-01	9.74e-02	1.99e-02	1.48e-04	2.64e-07
 1.36525e+23	5.82e-06	1.08e-02	4.73e-01	4.09e-01	8.95e-02	1.72e-02	1.17e-04	1.94e-07
 1.37512e+23	6.75e-06	1.19e-02	4.90e-01	4.00e-01	8.32e-02	1.52e-02	9.65e-05	1.50e-07
 1.38518e+23	8.10e-06	1.34e-02	5.10e-01	3.87e-01	7.59e-02	1.29e-02	7.57e-05	0.00e+00
 1.39535e+23	9.42e-06	1.47e-02	5.27e-01	3.77e-01	7.02e-02	1.13e-02	6.17e-05	0.00e+00
 1.40427e+23	1.09e-05	1.62e-02	5.43e-01	3.66e-01	6.50e-02	9.96e-03	5.05e-05	0.00e+00
 1.41450e+23	1.31e-05	1.82e-02	5.62e-01	3.52e-01	5.88e-02	8.43e-03	3.91e-05	0.00e+00
 1.42490e+23	1.52e-05	1.99e-02	5.78e-01	3.41e-01	5.40e-02	7.33e-03	3.16e-05	0.00e+00
 1.43553e+23	1.83e-05	2.24e-02	5.97e-01	3.26e-01	4.85e-02	6.15e-03	2.42e-05	0.00e+00
 1.44638e+23	2.14e-05	2.47e-02	6.12e-01	3.14e-01	4.42e-02	5.29e-03	1.92e-05	0.00e+00
 1.45603e+23	2.48e-05	2.71e-02	6.27e-01	3.01e-01	4.03e-02	4.57e-03	1.53e-05	0.00e+00
 1.46712e+23	3.00e-05	3.05e-02	6.44e-01	2.86e-01	3.58e-02	3.78e-03	1.15e-05	0.00e+00
 1.47848e+23	3.52e-05	3.36e-02	6.58e-01	2.73e-01	3.23e-02	3.21e-03	8.98e-06	0.00e+00
 1.48863e+23	4.10e-05	3.69e-02	6.71e-01	2.60e-01	2.92e-02	2.74e-03	7.05e-06	0.00e+00
 1.49531e+23	4.32e-05	3.80e-02	6.75e-01	2.56e-01	2.82e-02	2.59e-03	6.48e-06	0.00e+00
 1.49816e+23	4.45e-05	3.87e-02	6.78e-01	2.53e-01	2.76e-02	2.51e-03	6.16e-06	0.00e+00
 1.50098e+23	4.69e-05	4.00e-02	6.82e-01	2.49e-01	2.66e-02	2.38e-03	5.67e-06	0.00e+00
 1.50465e+23	4.96e-05	4.14e-02	6.86e-01	2.45e-01	2.56e-02	2.24e-03	5.18e-06	0.00e+00
 1.50941e+23	5.38e-05	4.35e-02	6.92e-01	2.38e-01	2.42e-02	2.05e-03	4.54e-06	0.00e+00
 1.51561e+23	5.96e-05	4.63e-02	6.99e-01	2.30e-01	2.26e-02	1.84e-03	3.84e-06	0.00e+00
 1.52366e+23	6.85e-05	5.03e-02	7.09e-01	2.19e-01	2.04e-02	1.58e-03	3.05e-06	0.00e+00
 1.53199e+23	7.63e-05	5.37e-02	7.16e-01	2.10e-01	1.89e-02	1.40e-03	2.54e-06	0.00e+00
 1.54070e+23	8.81e-05	5.86e-02	7.24e-01	1.99e-01	1.70e-02	1.19e-03	1.99e-06	0.00e+00
 1.54961e+23	9.89e-05	6.27e-02	7.30e-01	1.90e-01	1.56e-02	1.04e-03	1.63e-06	0.00e+00
 1.55879e+23	1.15e-04	6.85e-02	7.38e-01	1.79e-01	1.39e-02	8.80e-04	1.26e-06	0.00e+00
 1.56814e+23	1.29e-04	7.35e-02	7.43e-01	1.70e-01	1.27e-02	7.64e-04	1.02e-06	0.00e+00
 1.57771e+23	1.50e-04	8.02e-02	7.48e-01	1.60e-01	1.13e-02	6.41e-04	7.81e-07	0.00e+00
 1.58753e+23	1.70e-04	8.63e-02	7.52e-01	1.51e-01	1.02e-02	5.49e-04	6.19e-07	0.00e+00
 1.59768e+23	1.99e-04	9.48e-02	7.56e-01	1.40e-01	8.96e-03	4.52e-04	4.62e-07	0.00e+00
 1.60791e+23	2.26e-04	1.02e-01	7.58e-01	1.32e-01	8.05e-03	3.86e-04	3.64e-07	0.00e+00
 1.61825e+23	2.64e-04	1.12e-01	7.59e-01	1.22e-01	7.07e-03	3.17e-04	2.71e-07	0.00e+00
 1.62895e+23	3.02e-04	1.20e-01	7.59e-01	1.13e-01	6.28e-03	2.66e-04	2.09e-07	0.00e+00
 1.64012e+23	3.56e-04	1.32e-01	7.58e-01	1.04e-01	5.43e-03	2.14e-04	1.51e-07	0.00e+00
 1.65141e+23	4.08e-04	1.43e-01	7.56e-01	9.59e-02	4.80e-03	1.78e-04	0.00e+00	0.00e+00
 1.66287e+23	4.83e-04	1.57e-01	7.51e-01	8.68e-02	4.12e-03	1.41e-04	0.00e+00	0.00e+00
 1.67441e+23	5.54e-04	1.69e-01	7.46e-01	7.98e-02	3.63e-03	1.17e-04	0.00e+00	0.00e+00
 1.68607e+23	6.59e-04	1.87e-01	7.38e-01	7.14e-02	3.08e-03	9.14e-05	0.00e+00	0.00e+00
 1.69779e+23	7.54e-04	2.01e-01	7.30e-01	6.53e-02	2.70e-03	7.51e-05	0.00e+00	0.00e+00
 1.70960e+23	8.99e-04	2.21e-01	7.18e-01	5.78e-02	2.28e-03	5.80e-05	0.00e+00	0.00e+00
 1.72158e+23	1.04e-03	2.38e-01	7.06e-01	5.22e-02	1.98e-03	4.70e-05	0.00e+00	0.00e+00
 1.73378e+23	1.24e-03	2.63e-01	6.89e-01	4.56e-02	1.66e-03	3.56e-05	0.00e+00	0.00e+00
 1.74611e+23	1.44e-03	2.83e-01	6.73e-01	4.06e-02	1.43e-03	2.83e-05	0.00e+00	0.00e+00
 1.75861e+23	1.73e-03	3.13e-01	6.49e-01	3.48e-02	1.17e-03	2.09e-05	0.00e+00	0.00e+00
 1.77124e+23	2.01e-03	3.37e-01	6.29e-01	3.04e-02	1.00e-03	1.63e-05	0.00e+00	0.00e+00
 1.78404e+23	2.46e-03	3.74e-01	5.98e-01	2.53e-02	8.06e-04	1.16e-05	0.00e+00	0.00e+00
 1.79687e+23	2.87e-03	4.02e-01	5.73e-01	2.18e-02	6.80e-04	8.87e-06	0.00e+00	0.00e+00
 1.80975e+23	3.52e-03	4.44e-01	5.35e-01	1.77e-02	5.37e-04	6.10e-06	0.00e+00	0.00e+00
 1.82282e+23	4.15e-03	4.78e-01	5.03e-01	1.47e-02	4.42e-04	4.46e-06	0.00e+00	0.00e+00
 1.83614e+23	5.14e-03	5.26e-01	4.57e-01	1.14e-02	3.37e-04	2.89e-06	0.00e+00	0.00e+00
 1.84971e+23	6.16e-03	5.67e-01	4.17e-01	9.08e-03	2.67e-04	1.98e-06	0.00e+00	0.00e+00
 1.86362e+23	7.71e-03	6.21e-01	3.64e-01	6.62e-03	1.93e-04	1.18e-06	0.00e+00	0.00e+00
 1.87584e+23	8.96e-03	6.55e-01	3.31e-01	5.32e-03	1.56e-04	8.37e-07	0.00e+00	0.00e+00
 1.88450e+23	1.02e-02	6.86e-01	3.00e-01	4.31e-03	1.26e-04	5.98e-07	0.00e+00	0.00e+00
 1.89437e+23	1.20e-02	7.24e-01	2.61e-01	3.24e-03	9.51e-05	3.83e-07	0.00e+00	0.00e+00
 1.90496e+23	1.42e-02	7.59e-01	2.24e-01	2.41e-03	7.08e-05	2.41e-07	0.00e+00	0.00e+00
 1.91487e+23	1.67e-02	7.92e-01	1.90e-01	1.76e-03	5.16e-05	1.47e-07	0.00e+00	0.00e+00
 1.92613e+23	2.05e-02	8.28e-01	1.50e-01	1.15e-03	3.33e-05	0.00e+00	0.00e+00	0.00e+00
 1.93695e+23	2.46e-02	8.56e-01	1.19e-01	7.71e-04	2.20e-05	0.00e+00	0.00e+00	0.00e+00
 1.94513e+23	2.87e-02	8.75e-01	9.59e-02	5.44e-04	1.51e-05	0.00e+00	0.00e+00	0.00e+00
 1.95252e+23	3.34e-02	8.89e-01	7.67e-02	3.83e-04	1.02e-05	0.00e+00	0.00e+00	0.00e+00
 1.95980e+23	3.93e-02	9.01e-01	5.97e-02	2.64e-04	6.60e-06	0.00e+00	0.00e+00	0.00e+00
 1.96664e+23	4.63e-02	9.08e-01	4.58e-02	1.83e-04	4.19e-06	0.00e+00	0.00e+00	0.00e+00
 1.97270e+23	5.44e-02	9.10e-01	3.51e-02	1.29e-04	2.66e-06	0.00e+00	0.00e+00	0.00e+00
 1.97802e+23	6.36e-02	9.09e-01	2.71e-02	9.41e-05	1.71e-06	0.00e+00	0.00e+00	0.00e+00
 1.98280e+23	7.44e-02	9.05e-01	2.09e-02	7.00e-05	1.10e-06	0.00e+00	0.00e+00	0.00e+00
 1.98713e+23	8.63e-02	8.97e-01	1.62e-02	5.36e-05	7.26e-07	0.00e+00	0.00e+00	0.00e+00
 1.99118e+23	1.01e-01	8.87e-01	1.26e-02	4.16e-05	4.76e-07	0.00e+00	0.00e+00	0.00e+00
 1.99496e+23	1.18e-01	8.73e-01	9.71e-03	3.28e-05	3.14e-07	0.00e+00	0.00e+00	0.00e+00
 1.99839e+23	1.37e-01	8.55e-01	7.57e-03	2.65e-05	2.12e-07	0.00e+00	0.00e+00	0.00e+00
 2.00147e+23	1.58e-01	8.36e-01	6.01e-03	2.19e-05	1.47e-07	0.00e+00	0.00e+00	0.00e+00
 2.00356e+23	1.73e-01	8.22e-01	5.14e-03	1.95e-05	0.00e+00	0.00e+00	0.00e+00	0.00e+00
 2.00464e+23	1.82e-01	8.14e-01	4.74e-03	1.83e-05	0.00e+00	0.00e+00	0.00e+00	0.00e+00
 2.00565e+23	1.91e-01	8.05e-01	4.35e-03	1.72e-05	0.00e+00	0.00e+00	0.00e+00	0.00e+00
 2.00691e+23	2.03e-01	7.93e-01	3.92e-03	1.59e-05	0.00e+00	0.00e+00	0.00e+00	0.00e+00
 2.00831e+23	2.17e-01	7.80e-01	3.49e-03	1.47e-05	0.00e+00	0.00e+00	0.00e+00	0.00e+00
 2.00977e+23	2.32e-01	7.65e-01	3.08e-03	1.35e-05	0.00e+00	0.00e+00	0.00e+00	0.00e+00
 2.01123e+23	2.48e-01	7.49e-01	2.73e-03	1.24e-05	0.00e+00	0.00e+00	0.00e+00	0.00e+00
 2.01273e+23	2.66e-01	7.32e-01	2.40e-03	1.14e-05	0.00e+00	0.00e+00	0.00e+00	0.00e+00
 2.01434e+23	2.86e-01	7.12e-01	2.08e-03	1.04e-05	0.00e+00	0.00e+00	0.00e+00	0.00e+00
 2.01598e+23	3.07e-01	6.91e-01	1.81e-03	9.55e-06	0.00e+00	0.00e+00	0.00e+00	0.00e+00
 2.01755e+23	3.27e-01	6.71e-01	1.58e-03	8.79e-06	0.00e+00	0.00e+00	0.00e+00	0.00e+00
 2.01875e+23	3.42e-01	6.56e-01	1.43e-03	8.29e-06	0.00e+00	0.00e+00	0.00e+00	0.00e+00
 2.01957e+23	3.53e-01	6.46e-01	1.34e-03	7.97e-06	0.00e+00	0.00e+00	0.00e+00	0.00e+00
 2.02038e+23	3.64e-01	6.35e-01	1.25e-03	7.65e-06	0.00e+00	0.00e+00	0.00e+00	0.00e+00
 2.02132e+23	3.77e-01	6.21e-01	1.15e-03	7.29e-06	0.00e+00	0.00e+00	0.00e+00	0.00e+00
 2.02235e+23	3.91e-01	6.07e-01	1.05e-03	6.94e-06	0.00e+00	0.00e+00	0.00e+00	0.00e+00
 2.02337e+23	4.05e-01	5.94e-01	9.61e-04	6.61e-06	0.00e+00	0.00e+00	0.00e+00	0.00e+00
 2.02437e+23	4.19e-01	5.80e-01	8.82e-04	6.31e-06	0.00e+00	0.00e+00	0.00e+00	0.00e+00
 2.02539e+23	4.33e-01	5.66e-01	8.09e-04	6.02e-06	0.00e+00	0.00e+00	0.00e+00	0.00e+00
 2.02646e+23	4.47e-01	5.52e-01	7.38e-04	5.73e-06	0.00e+00	0.00e+00	0.00e+00	0.00e+00
 2.02755e+23	4.62e-01	5.37e-01	6.72e-04	5.45e-06	0.00e+00	0.00e+00	0.00e+00	0.00e+00
 2.02864e+23	4.77e-01	5.23e-01	6.14e-04	5.20e-06	0.00e+00	0.00e+00	0.00e+00	0.00e+00
 2.02975e+23	4.91e-01	5.08e-01	5.59e-04	4.95e-06	0.00e+00	0.00e+00	0.00e+00	0.00e+00
 2.03091e+23	5.06e-01	4.93e-01	5.08e-04	4.71e-06	0.00e+00	0.00e+00	0.00e+00	0.00e+00
 2.03211e+23	5.22e-01	4.78e-01	4.60e-04	4.48e-06	0.00e+00	0.00e+00	0.00e+00	0.00e+00
 2.03333e+23	5.37e-01	4.63e-01	4.17e-04	4.26e-06	0.00e+00	0.00e+00	0.00e+00	0.00e+00
 2.03456e+23	5.52e-01	4.48e-01	3.77e-04	4.05e-06	0.00e+00	0.00e+00	0.00e+00	0.00e+00
 2.03584e+23	5.67e-01	4.33e-01	3.41e-04	3.85e-06	0.00e+00	0.00e+00	0.00e+00	0.00e+00
 2.03718e+23	5.82e-01	4.18e-01	3.07e-04	3.65e-06	0.00e+00	0.00e+00	0.00e+00	0.00e+00
 2.03854e+23	5.97e-01	4.02e-01	2.76e-04	3.46e-06	0.00e+00	0.00e+00	0.00e+00	0.00e+00
 2.03993e+23	6.13e-01	3.87e-01	2.49e-04	3.28e-06	0.00e+00	0.00e+00	0.00e+00	0.00e+00
 2.04137e+23	6.28e-01	3.72e-01	2.23e-04	3.11e-06	0.00e+00	0.00e+00	0.00e+00	0.00e+00
 2.04286e+23	6.43e-01	3.57e-01	2.00e-04	2.95e-06	0.00e+00	0.00e+00	0.00e+00	0.00e+00
 2.04441e+23	6.57e-01	3.42e-01	1.80e-04	2.79e-06	0.00e+00	0.00e+00	0.00e+00	0.00e+00
 2.04599e+23	6.72e-01	3.28e-01	1.61e-04	2.64e-06	0.00e+00	0.00e+00	0.00e+00	0.00e+00
 2.04762e+23	6.87e-01	3.13e-01	1.44e-04	2.49e-06	0.00e+00	0.00e+00	0.00e+00	0.00e+00
 2.04931e+23	7.01e-01	2.99e-01	1.29e-04	2.35e-06	0.00e+00	0.00e+00	0.00e+00	0.00e+00
 2.05107e+23	7.15e-01	2.85e-01	1.16e-04	2.22e-06	0.00e+00	0.00e+00	0.00e+00	0.00e+00
 2.05288e+23	7.29e-01	2.71e-01	1.04e-04	2.10e-06	0.00e+00	0.00e+00	0.00e+00	0.00e+00
 2.05474e+23	7.42e-01	2.58e-01	9.36e-05	1.98e-06	0.00e+00	0.00e+00	0.00e+00	0.00e+00
 2.05661e+23	7.54e-01	2.46e-01	8.46e-05	1.87e-06	0.00e+00	0.00e+00	0.00e+00	0.00e+00
 2.05852e+23	7.66e-01	2.34e-01	7.66e-05	1.77e-06	0.00e+00	0.00e+00	0.00e+00	0.00e+00
 2.06054e+23	7.78e-01	2.21e-01	6.93e-05	1.67e-06	0.00e+00	0.00e+00	0.00e+00	0.00e+00
 2.06262e+23	7.90e-01	2.10e-01	6.30e-05	1.58e-06	0.00e+00	0.00e+00	0.00e+00	0.00e+00
 2.06469e+23	8.01e-01	1.99e-01	5.76e-05	1.49e-06	0.00e+00	0.00e+00	0.00e+00	0.00e+00
 2.06681e+23	8.11e-01	1.89e-01	5.29e-05	1.41e-06	0.00e+00	0.00e+00	0.00e+00	0.00e+00
 2.06902e+23	8.21e-01	1.79e-01	4.87e-05	1.34e-06	0.00e+00	0.00e+00	0.00e+00	0.00e+00
 2.07133e+23	8.31e-01	1.69e-01	4.49e-05	1.27e-06	0.00e+00	0.00e+00	0.00e+00	0.00e+00
 2.07369e+23	8.40e-01	1.60e-01	4.16e-05	1.20e-06	0.00e+00	0.00e+00	0.00e+00	0.00e+00
 2.07612e+23	8.49e-01	1.51e-01	3.87e-05	1.13e-06	0.00e+00	0.00e+00	0.00e+00	0.00e+00
 2.07867e+23	8.58e-01	1.42e-01	3.61e-05	1.07e-06	0.00e+00	0.00e+00	0.00e+00	0.00e+00
 2.08133e+23	8.66e-01	1.34e-01	3.37e-05	1.02e-06	0.00e+00	0.00e+00	0.00e+00	0.00e+00
 2.08407e+23	8.74e-01	1.26e-01	3.16e-05	9.60e-07	0.00e+00	0.00e+00	0.00e+00	0.00e+00
 2.08685e+23	8.82e-01	1.18e-01	2.97e-05	9.10e-07	0.00e+00	0.00e+00	0.00e+00	0.00e+00
 2.08959e+23	8.89e-01	1.11e-01	2.82e-05	8.65e-07	0.00e+00	0.00e+00	0.00e+00	0.00e+00
 2.09224e+23	8.95e-01	1.05e-01	2.68e-05	8.25e-07	0.00e+00	0.00e+00	0.00e+00	0.00e+00
 2.09480e+23	9.01e-01	9.93e-02	2.57e-05	7.90e-07	0.00e+00	0.00e+00	0.00e+00	0.00e+00
 2.09726e+23	9.06e-01	9.41e-02	2.46e-05	7.58e-07	0.00e+00	0.00e+00	0.00e+00	0.00e+00
 2.09960e+23	9.11e-01	8.93e-02	2.38e-05	7.29e-07	0.00e+00	0.00e+00	0.00e+00	0.00e+00
 2.10176e+23	9.15e-01	8.52e-02	2.30e-05	7.04e-07	0.00e+00	0.00e+00	0.00e+00	0.00e+00
 2.10386e+23	9.19e-01	8.13e-02	2.23e-05	6.81e-07	0.00e+00	0.00e+00	0.00e+00	0.00e+00
 2.10597e+23	9.22e-01	7.75e-02	2.17e-05	6.58e-07	0.00e+00	0.00e+00	0.00e+00	0.00e+00
 2.10801e+23	9.26e-01	7.41e-02	2.11e-05	6.38e-07	0.00e+00	0.00e+00	0.00e+00	0.00e+00
 2.10999e+23	9.29e-01	7.09e-02	2.06e-05	6.19e-07	0.00e+00	0.00e+00	0.00e+00	0.00e+00
 2.11189e+23	9.32e-01	6.79e-02	2.02e-05	6.02e-07	0.00e+00	0.00e+00	0.00e+00	0.00e+00
 2.11373e+23	9.35e-01	6.52e-02	1.97e-05	5.86e-07	0.00e+00	0.00e+00	0.00e+00	0.00e+00
 2.11551e+23	9.37e-01	6.27e-02	1.93e-05	5.72e-07	0.00e+00	0.00e+00	0.00e+00	0.00e+00
 2.11724e+23	9.40e-01	6.03e-02	1.90e-05	5.60e-07	0.00e+00	0.00e+00	0.00e+00	0.00e+00
 2.11891e+23	9.42e-01	5.82e-02	1.86e-05	5.48e-07	0.00e+00	0.00e+00	0.00e+00	0.00e+00
 2.12052e+23	9.44e-01	5.62e-02	1.83e-05	5.38e-07	0.00e+00	0.00e+00	0.00e+00	0.00e+00
 2.12207e+23	9.46e-01	5.43e-02	1.80e-05	5.29e-07	0.00e+00	0.00e+00	0.00e+00	0.00e+00
 2.12355e+23	9.47e-01	5.27e-02	1.78e-05	5.21e-07	0.00e+00	0.00e+00	0.00e+00	0.00e+00
 2.12499e+23	9.49e-01	5.11e-02	1.75e-05	5.14e-07	0.00e+00	0.00e+00	0.00e+00	0.00e+00
 2.12640e+23	9.50e-01	4.97e-02	1.73e-05	5.09e-07	0.00e+00	0.00e+00	0.00e+00	0.00e+00
 2.12768e+23	9.51e-01	4.85e-02	1.71e-05	5.04e-07	0.00e+00	0.00e+00	0.00e+00	0.00e+00
 2.12885e+23	9.52e-01	4.75e-02	1.70e-05	5.01e-07	0.00e+00	0.00e+00	0.00e+00	0.00e+00
 2.12992e+23	9.53e-01	4.66e-02	1.68e-05	4.99e-07	0.00e+00	0.00e+00	0.00e+00	0.00e+00
 2.13089e+23	9.54e-01	4.58e-02	1.67e-05	4.98e-07	0.00e+00	0.00e+00	0.00e+00	0.00e+00
 2.13177e+23	9.55e-01	4.52e-02	1.66e-05	4.97e-07	0.00e+00	0.00e+00	0.00e+00	0.00e+00
 2.13257e+23	9.55e-01	4.46e-02	1.65e-05	4.97e-07	0.00e+00	0.00e+00	0.00e+00	0.00e+00
 2.13330e+23	9.56e-01	4.41e-02	1.64e-05	4.97e-07	0.00e+00	0.00e+00	0.00e+00	0.00e+00
 2.13410e+23	9.56e-01	4.35e-02	1.63e-05	4.97e-07	0.00e+00	0.00e+00	0.00e+00	0.00e+00
 2.13497e+23	9.57e-01	4.29e-02	1.62e-05	4.97e-07	0.00e+00	0.00e+00	0.00e+00	0.00e+00
 2.13575e+23	9.58e-01	4.25e-02	1.61e-05	4.97e-07	0.00e+00	0.00e+00	0.00e+00	0.00e+00
 2.13647e+23	9.58e-01	4.21e-02	1.60e-05	4.99e-07	0.00e+00	0.00e+00	0.00e+00	0.00e+00
 2.13712e+23	9.58e-01	4.17e-02	1.60e-05	5.00e-07	0.00e+00	0.00e+00	0.00e+00	0.00e+00
 2.13783e+23	9.59e-01	4.13e-02	1.59e-05	5.00e-07	0.00e+00	0.00e+00	0.00e+00	0.00e+00
 2.13876e+23	9.59e-01	4.08e-02	1.58e-05	5.01e-07	0.00e+00	0.00e+00	0.00e+00	0.00e+00
 2.13976e+23	9.60e-01	4.03e-02	1.56e-05	5.02e-07	0.00e+00	0.00e+00	0.00e+00	0.00e+00
 2.14067e+23	9.60e-01	3.98e-02	1.56e-05	5.04e-07	0.00e+00	0.00e+00	0.00e+00	0.00e+00
 2.14150e+23	9.60e-01	3.95e-02	1.55e-05	5.06e-07	0.00e+00	0.00e+00	0.00e+00	0.00e+00
 2.14225e+23	9.61e-01	3.93e-02	1.54e-05	5.07e-07	0.00e+00	0.00e+00	0.00e+00	0.00e+00
 2.14308e+23	9.61e-01	3.89e-02	1.53e-05	5.09e-07	0.00e+00	0.00e+00	0.00e+00	0.00e+00
 2.14397e+23	9.61e-01	3.86e-02	1.52e-05	5.09e-07	0.00e+00	0.00e+00	0.00e+00	0.00e+00
 2.14495e+23	9.62e-01	3.82e-02	1.51e-05	5.11e-07	0.00e+00	0.00e+00	0.00e+00	0.00e+00
 2.14601e+23	9.62e-01	3.78e-02	1.50e-05	5.12e-07	0.00e+00	0.00e+00	0.00e+00	0.00e+00
 2.14697e+23	9.62e-01	3.75e-02	1.49e-05	5.13e-07	0.00e+00	0.00e+00	0.00e+00	0.00e+00
 2.14784e+23	9.63e-01	3.73e-02	1.49e-05	5.15e-07	0.00e+00	0.00e+00	0.00e+00	0.00e+00
 2.14864e+23	9.63e-01	3.71e-02	1.48e-05	5.19e-07	0.00e+00	0.00e+00	0.00e+00	0.00e+00
 2.14936e+23	9.63e-01	3.69e-02	1.47e-05	5.20e-07	0.00e+00	0.00e+00	0.00e+00	0.00e+00
 2.15015e+23	9.63e-01	3.66e-02	1.47e-05	5.21e-07	0.00e+00	0.00e+00	0.00e+00	0.00e+00
 2.15118e+23	9.64e-01	3.63e-02	1.46e-05	5.24e-07	0.00e+00	0.00e+00	0.00e+00	0.00e+00
 2.15230e+23	9.64e-01	3.60e-02	1.45e-05	5.24e-07	0.00e+00	0.00e+00	0.00e+00	0.00e+00
 2.15331e+23	9.64e-01	3.57e-02	1.44e-05	5.27e-07	0.00e+00	0.00e+00	0.00e+00	0.00e+00
 2.15423e+23	9.64e-01	3.55e-02	1.43e-05	5.30e-07	0.00e+00	0.00e+00	0.00e+00	0.00e+00
 2.15507e+23	9.65e-01	3.53e-02	1.43e-05	5.33e-07	0.00e+00	0.00e+00	0.00e+00	0.00e+00
 2.15584e+23	9.65e-01	3.52e-02	1.43e-05	5.36e-07	0.00e+00	0.00e+00	0.00e+00	0.00e+00
 2.15667e+23	9.65e-01	3.50e-02	1.42e-05	5.41e-07	0.00e+00	0.00e+00	0.00e+00	0.00e+00
 2.15757e+23	9.65e-01	3.48e-02	1.42e-05	5.44e-07	0.00e+00	0.00e+00	0.00e+00	0.00e+00
 2.15840e+23	9.65e-01	3.46e-02	1.42e-05	5.47e-07	0.00e+00	0.00e+00	0.00e+00	0.00e+00
 2.15914e+23	9.65e-01	3.45e-02	1.42e-05	5.52e-07	0.00e+00	0.00e+00	0.00e+00	0.00e+00
 2.15983e+23	9.66e-01	3.44e-02	1.41e-05	5.54e-07	0.00e+00	0.00e+00	0.00e+00	0.00e+00
 2.16057e+23	9.66e-01	3.42e-02	1.41e-05	5.55e-07	0.00e+00	0.00e+00	0.00e+00	0.00e+00
 2.16154e+23	9.66e-01	3.40e-02	1.41e-05	5.59e-07	0.00e+00	0.00e+00	0.00e+00	0.00e+00
 2.16259e+23	9.66e-01	3.37e-02	1.40e-05	5.61e-07	0.00e+00	0.00e+00	0.00e+00	0.00e+00
 2.16354e+23	9.66e-01	3.35e-02	1.40e-05	5.65e-07	0.00e+00	0.00e+00	0.00e+00	0.00e+00
 2.16441e+23	9.67e-01	3.34e-02	1.40e-05	5.67e-07	0.00e+00	0.00e+00	0.00e+00	0.00e+00
 2.16536e+23	9.67e-01	3.32e-02	1.39e-05	5.71e-07	0.00e+00	0.00e+00	0.00e+00	0.00e+00
 2.16638e+23	9.67e-01	3.29e-02	1.39e-05	5.74e-07	0.00e+00	0.00e+00	0.00e+00	0.00e+00
 2.16731e+23	9.67e-01	3.28e-02	1.39e-05	5.77e-07	0.00e+00	0.00e+00	0.00e+00	0.00e+00
 2.16816e+23	9.67e-01	3.26e-02	1.38e-05	5.82e-07	0.00e+00	0.00e+00	0.00e+00	0.00e+00
 2.16894e+23	9.67e-01	3.25e-02	1.38e-05	5.84e-07	0.00e+00	0.00e+00	0.00e+00	0.00e+00
 2.16978e+23	9.68e-01	3.23e-02	1.38e-05	5.84e-07	0.00e+00	0.00e+00	0.00e+00	0.00e+00
 2.17088e+23	9.68e-01	3.20e-02	1.37e-05	5.85e-07	0.00e+00	0.00e+00	0.00e+00	0.00e+00
 2.17207e+23	9.68e-01	3.17e-02	1.36e-05	5.84e-07	0.00e+00	0.00e+00	0.00e+00	0.00e+00
 2.17315e+23	9.69e-01	3.15e-02	1.36e-05	5.86e-07	0.00e+00	0.00e+00	0.00e+00	0.00e+00
 2.17414e+23	9.69e-01	3.13e-02	1.36e-05	5.89e-07	0.00e+00	0.00e+00	0.00e+00	0.00e+00
 2.17503e+23	9.69e-01	3.12e-02	1.35e-05	5.90e-07	0.00e+00	0.00e+00	0.00e+00	0.00e+00
 2.17601e+23	9.69e-01	3.09e-02	1.35e-05	5.89e-07	0.00e+00	0.00e+00	0.00e+00	0.00e+00
 2.17729e+23	9.69e-01	3.06e-02	1.34e-05	5.88e-07	0.00e+00	0.00e+00	0.00e+00	0.00e+00
 2.17867e+23	9.70e-01	3.02e-02	1.34e-05	5.88e-07	0.00e+00	0.00e+00	0.00e+00	0.00e+00
 2.17992e+23	9.70e-01	3.00e-02	1.33e-05	5.89e-07	0.00e+00	0.00e+00	0.00e+00	0.00e+00
 2.18106e+23	9.70e-01	2.98e-02	1.33e-05	5.89e-07	0.00e+00	0.00e+00	0.00e+00	0.00e+00
 2.18210e+23	9.70e-01	2.96e-02	1.32e-05	5.90e-07	0.00e+00	0.00e+00	0.00e+00	0.00e+00
 2.18324e+23	9.71e-01	2.94e-02	1.32e-05	5.90e-07	0.00e+00	0.00e+00	0.00e+00	0.00e+00
 2.18446e+23	9.71e-01	2.91e-02	1.31e-05	5.91e-07	0.00e+00	0.00e+00	0.00e+00	0.00e+00
 2.18558e+23	9.71e-01	2.89e-02	1.31e-05	5.93e-07	0.00e+00	0.00e+00	0.00e+00	0.00e+00
 2.18660e+23	9.71e-01	2.87e-02	1.30e-05	5.90e-07	0.00e+00	0.00e+00	0.00e+00	0.00e+00
 2.18771e+23	9.72e-01	2.85e-02	1.30e-05	5.90e-07	0.00e+00	0.00e+00	0.00e+00	0.00e+00
 2.18891e+23	9.72e-01	2.82e-02	1.29e-05	5.89e-07	0.00e+00	0.00e+00	0.00e+00	0.00e+00
 2.19001e+23	9.72e-01	2.80e-02	1.29e-05	5.87e-07	0.00e+00	0.00e+00	0.00e+00	0.00e+00
 2.19121e+23	9.72e-01	2.78e-02	1.28e-05	5.88e-07	0.00e+00	0.00e+00	0.00e+00	0.00e+00
 2.19250e+23	9.73e-01	2.75e-02	1.28e-05	5.86e-07	0.00e+00	0.00e+00	0.00e+00	0.00e+00
 2.19368e+23	9.73e-01	2.73e-02	1.27e-05	5.88e-07	0.00e+00	0.00e+00	0.00e+00	0.00e+00
 2.19475e+23	9.73e-01	2.71e-02	1.27e-05	5.84e-07	0.00e+00	0.00e+00	0.00e+00	0.00e+00
 2.19593e+23	9.73e-01	2.68e-02	1.26e-05	5.83e-07	0.00e+00	0.00e+00	0.00e+00	0.00e+00
 2.19720e+23	9.73e-01	2.66e-02	1.26e-05	5.83e-07	0.00e+00	0.00e+00	0.00e+00	0.00e+00
 2.19835e+23	9.74e-01	2.64e-02	1.25e-05	5.80e-07	0.00e+00	0.00e+00	0.00e+00	0.00e+00
 2.19962e+23	9.74e-01	2.61e-02	1.24e-05	5.78e-07	0.00e+00	0.00e+00	0.00e+00	0.00e+00
 2.20098e+23	9.74e-01	2.58e-02	1.24e-05	5.77e-07	0.00e+00	0.00e+00	0.00e+00	0.00e+00
 2.20222e+23	9.74e-01	2.56e-02	1.23e-05	5.73e-07	0.00e+00	0.00e+00	0.00e+00	0.00e+00
 2.20359e+23	9.75e-01	2.53e-02	1.23e-05	5.71e-07	0.00e+00	0.00e+00	0.00e+00	0.00e+00
 2.20506e+23	9.75e-01	2.50e-02	1.22e-05	5.68e-07	0.00e+00	0.00e+00	0.00e+00	0.00e+00
 2.20639e+23	9.75e-01	2.48e-02	1.21e-05	5.66e-07	0.00e+00	0.00e+00	0.00e+00	0.00e+00
 2.20761e+23	9.75e-01	2.46e-02	1.21e-05	5.64e-07	0.00e+00	0.00e+00	0.00e+00	0.00e+00
 2.20895e+23	9.76e-01	2.43e-02	1.20e-05	5.61e-07	0.00e+00	0.00e+00	0.00e+00	0.00e+00
 2.21039e+23	9.76e-01	2.41e-02	1.20e-05	5.59e-07	0.00e+00	0.00e+00	0.00e+00	0.00e+00
 2.21170e+23	9.76e-01	2.39e-02	1.19e-05	5.55e-07	0.00e+00	0.00e+00	0.00e+00	0.00e+00
 2.21313e+23	9.76e-01	2.36e-02	1.18e-05	5.51e-07	0.00e+00	0.00e+00	0.00e+00	0.00e+00
 2.21468e+23	9.77e-01	2.33e-02	1.18e-05	5.49e-07	0.00e+00	0.00e+00	0.00e+00	0.00e+00
 2.21609e+23	9.77e-01	2.31e-02	1.17e-05	5.44e-07	0.00e+00	0.00e+00	0.00e+00	0.00e+00
 2.21764e+23	9.77e-01	2.28e-02	1.16e-05	5.39e-07	0.00e+00	0.00e+00	0.00e+00	0.00e+00
 2.21931e+23	9.78e-01	2.25e-02	1.16e-05	5.34e-07	0.00e+00	0.00e+00	0.00e+00	0.00e+00
 2.22083e+23	9.78e-01	2.22e-02	1.15e-05	5.31e-07	0.00e+00	0.00e+00	0.00e+00	0.00e+00
 2.22221e+23	9.78e-01	2.20e-02	1.14e-05	5.28e-07	0.00e+00	0.00e+00	0.00e+00	0.00e+00
 2.22372e+23	9.78e-01	2.17e-02	1.14e-05	5.23e-07	0.00e+00	0.00e+00	0.00e+00	0.00e+00
 2.22536e+23	9.79e-01	2.15e-02	1.13e-05	5.20e-07	0.00e+00	0.00e+00	0.00e+00	0.00e+00
 2.22685e+23	9.79e-01	2.13e-02	1.12e-05	5.15e-07	0.00e+00	0.00e+00	0.00e+00	0.00e+00
 2.22848e+23	9.79e-01	2.09e-02	1.11e-05	5.09e-07	0.00e+00	0.00e+00	0.00e+00	0.00e+00
 2.23024e+23	9.79e-01	2.07e-02	1.11e-05	5.05e-07	0.00e+00	0.00e+00	0.00e+00	0.00e+00
 2.23184e+23	9.80e-01	2.04e-02	1.10e-05	5.00e-07	0.00e+00	0.00e+00	0.00e+00	0.00e+00
 2.23359e+23	9.80e-01	2.01e-02	1.09e-05	4.93e-07	0.00e+00	0.00e+00	0.00e+00	0.00e+00
 2.23549e+23	9.80e-01	1.98e-02	1.08e-05	4.89e-07	0.00e+00	0.00e+00	0.00e+00	0.00e+00
 2.23721e+23	9.80e-01	1.96e-02	1.08e-05	4.83e-07	0.00e+00	0.00e+00	0.00e+00	0.00e+00
 2.23910e+23	9.81e-01	1.93e-02	1.07e-05	4.76e-07	0.00e+00	0.00e+00	0.00e+00	0.00e+00
 2.24114e+23	9.81e-01	1.90e-02	1.06e-05	4.71e-07	0.00e+00	0.00e+00	0.00e+00	0.00e+00
 2.24300e+23	9.81e-01	1.87e-02	1.05e-05	4.65e-07	0.00e+00	0.00e+00	0.00e+00	0.00e+00
 2.24503e+23	9.82e-01	1.84e-02	1.04e-05	4.57e-07	0.00e+00	0.00e+00	0.00e+00	0.00e+00
 2.24723e+23	9.82e-01	1.81e-02	1.03e-05	4.50e-07	0.00e+00	0.00e+00	0.00e+00	0.00e+00
 2.24923e+23	9.82e-01	1.79e-02	1.02e-05	4.45e-07	0.00e+00	0.00e+00	0.00e+00	0.00e+00
 2.25104e+23	9.82e-01	1.76e-02	1.02e-05	4.40e-07	0.00e+00	0.00e+00	0.00e+00	0.00e+00
 2.25304e+23	9.83e-01	1.73e-02	1.01e-05	4.32e-07	0.00e+00	0.00e+00	0.00e+00	0.00e+00
 2.25519e+23	9.83e-01	1.70e-02	1.00e-05	4.27e-07	0.00e+00	0.00e+00	0.00e+00	0.00e+00
 2.25714e+23	9.83e-01	1.68e-02	9.92e-06	4.21e-07	0.00e+00	0.00e+00	0.00e+00	0.00e+00
 2.25929e+23	9.84e-01	1.65e-02	9.82e-06	4.12e-07	0.00e+00	0.00e+00	0.00e+00	0.00e+00
 2.26161e+23	9.84e-01	1.62e-02	9.73e-06	4.06e-07	0.00e+00	0.00e+00	0.00e+00	0.00e+00
 2.26371e+23	9.84e-01	1.60e-02	9.65e-06	4.00e-07	0.00e+00	0.00e+00	0.00e+00	0.00e+00
 2.26563e+23	9.84e-01	1.58e-02	9.57e-06	3.95e-07	0.00e+00	0.00e+00	0.00e+00	0.00e+00
 2.26773e+23	9.85e-01	1.55e-02	9.47e-06	3.87e-07	0.00e+00	0.00e+00	0.00e+00	0.00e+00
 2.27000e+23	9.85e-01	1.52e-02	9.38e-06	3.81e-07	0.00e+00	0.00e+00	0.00e+00	0.00e+00
 2.27249e+23	9.85e-01	1.49e-02	9.27e-06	3.71e-07	0.00e+00	0.00e+00	0.00e+00	0.00e+00
 2.27517e+23	9.85e-01	1.46e-02	9.17e-06	3.64e-07	0.00e+00	0.00e+00	0.00e+00	0.00e+00
 2.27761e+23	9.86e-01	1.44e-02	9.08e-06	3.58e-07	0.00e+00	0.00e+00	0.00e+00	0.00e+00
 2.27984e+23	9.86e-01	1.42e-02	8.99e-06	3.52e-07	0.00e+00	0.00e+00	0.00e+00	0.00e+00
 2.28227e+23	9.86e-01	1.38e-02	8.89e-06	3.43e-07	0.00e+00	0.00e+00	0.00e+00	0.00e+00
 2.28490e+23	9.86e-01	1.36e-02	8.79e-06	3.36e-07	0.00e+00	0.00e+00	0.00e+00	0.00e+00
 2.28729e+23	9.87e-01	1.34e-02	8.70e-06	3.31e-07	0.00e+00	0.00e+00	0.00e+00	0.00e+00
 2.28947e+23	9.87e-01	1.32e-02	8.62e-06	3.25e-07	0.00e+00	0.00e+00	0.00e+00	0.00e+00
 2.29186e+23	9.87e-01	1.29e-02	8.52e-06	3.17e-07	0.00e+00	0.00e+00	0.00e+00	0.00e+00
 2.29496e+23	9.87e-01	1.25e-02	8.39e-06	3.06e-07	0.00e+00	0.00e+00	0.00e+00	0.00e+00
 2.29850e+23	9.88e-01	1.22e-02	8.26e-06	2.97e-07	0.00e+00	0.00e+00	0.00e+00	0.00e+00
 2.30212e+23	9.88e-01	1.19e-02	8.13e-06	2.88e-07	0.00e+00	0.00e+00	0.00e+00	0.00e+00
 2.30581e+23	9.88e-01	1.16e-02	8.00e-06	2.79e-07	0.00e+00	0.00e+00	0.00e+00	0.00e+00
 2.30956e+23	9.89e-01	1.13e-02	7.86e-06	2.70e-07	0.00e+00	0.00e+00	0.00e+00	0.00e+00
 2.31335e+23	9.89e-01	1.10e-02	7.73e-06	2.62e-07	0.00e+00	0.00e+00	0.00e+00	0.00e+00
 2.31718e+23	9.89e-01	1.07e-02	7.60e-06	2.53e-07	0.00e+00	0.00e+00	0.00e+00	0.00e+00
 2.32104e+23	9.90e-01	1.04e-02	7.47e-06	2.45e-07	0.00e+00	0.00e+00	0.00e+00	0.00e+00
 2.32496e+23	9.90e-01	1.01e-02	7.34e-06	2.37e-07	0.00e+00	0.00e+00	0.00e+00	0.00e+00
 2.32891e+23	9.90e-01	9.80e-03	7.21e-06	2.29e-07	0.00e+00	0.00e+00	0.00e+00	0.00e+00
 2.33291e+23	9.90e-01	9.53e-03	7.08e-06	2.21e-07	0.00e+00	0.00e+00	0.00e+00	0.00e+00
 2.33693e+23	9.91e-01	9.27e-03	6.95e-06	2.13e-07	0.00e+00	0.00e+00	0.00e+00	0.00e+00
 2.34100e+23	9.91e-01	9.01e-03	6.82e-06	2.06e-07	0.00e+00	0.00e+00	0.00e+00	0.00e+00
 2.34510e+23	9.91e-01	8.76e-03	6.70e-06	1.99e-07	0.00e+00	0.00e+00	0.00e+00	0.00e+00
 2.34923e+23	9.91e-01	8.51e-03	6.57e-06	1.92e-07	0.00e+00	0.00e+00	0.00e+00	0.00e+00
 2.35338e+23	9.92e-01	8.28e-03	6.45e-06	1.85e-07	0.00e+00	0.00e+00	0.00e+00	0.00e+00
 2.35756e+23	9.92e-01	8.05e-03	6.33e-06	1.78e-07	0.00e+00	0.00e+00	0.00e+00	0.00e+00
 2.36178e+23	9.92e-01	7.82e-03	6.21e-06	1.72e-07	0.00e+00	0.00e+00	0.00e+00	0.00e+00
 2.36604e+23	9.92e-01	7.60e-03	6.09e-06	1.66e-07	0.00e+00	0.00e+00	0.00e+00	0.00e+00
 2.37032e+23	9.93e-01	7.39e-03	5.97e-06	1.60e-07	0.00e+00	0.00e+00	0.00e+00	0.00e+00
 2.37463e+23	9.93e-01	7.18e-03	5.85e-06	1.54e-07	0.00e+00	0.00e+00	0.00e+00	0.00e+00
 2.37898e+23	9.93e-01	6.97e-03	5.73e-06	1.48e-07	0.00e+00	0.00e+00	0.00e+00	0.00e+00
 2.38335e+23	9.93e-01	6.78e-03	5.62e-06	1.42e-07	0.00e+00	0.00e+00	0.00e+00	0.00e+00
 2.38779e+23	9.93e-01	6.58e-03	5.50e-06	1.37e-07	0.00e+00	0.00e+00	0.00e+00	0.00e+00
 2.39234e+23	9.94e-01	6.39e-03	5.38e-06	1.31e-07	0.00e+00	0.00e+00	0.00e+00	0.00e+00
 2.39695e+23	9.94e-01	6.20e-03	5.26e-06	0.00e+00	0.00e+00	0.00e+00	0.00e+00	0.00e+00
 2.40161e+23	9.94e-01	6.01e-03	5.15e-06	0.00e+00	0.00e+00	0.00e+00	0.00e+00	0.00e+00
 2.40631e+23	9.94e-01	5.84e-03	5.03e-06	0.00e+00	0.00e+00	0.00e+00	0.00e+00	0.00e+00
 2.41107e+23	9.94e-01	5.66e-03	4.92e-06	0.00e+00	0.00e+00	0.00e+00	0.00e+00	0.00e+00
 2.41588e+23	9.95e-01	5.49e-03	4.81e-06	0.00e+00	0.00e+00	0.00e+00	0.00e+00	0.00e+00
 2.42074e+23	9.95e-01	5.33e-03	4.69e-06	0.00e+00	0.00e+00	0.00e+00	0.00e+00	0.00e+00
 2.42568e+23	9.95e-01	5.16e-03	4.58e-06	0.00e+00	0.00e+00	0.00e+00	0.00e+00	0.00e+00
 2.43070e+23	9.95e-01	5.00e-03	4.47e-06	0.00e+00	0.00e+00	0.00e+00	0.00e+00	0.00e+00
 2.43582e+23	9.95e-01	4.84e-03	4.36e-06	0.00e+00	0.00e+00	0.00e+00	0.00e+00	0.00e+00
 2.44108e+23	9.95e-01	4.68e-03	4.24e-06	0.00e+00	0.00e+00	0.00e+00	0.00e+00	0.00e+00
 2.44645e+23	9.95e-01	4.53e-03	4.13e-06	0.00e+00	0.00e+00	0.00e+00	0.00e+00	0.00e+00
 2.45190e+23	9.96e-01	4.38e-03	4.02e-06	0.00e+00	0.00e+00	0.00e+00	0.00e+00	0.00e+00
 2.45745e+23	9.96e-01	4.23e-03	3.90e-06	0.00e+00	0.00e+00	0.00e+00	0.00e+00	0.00e+00
 2.46310e+23	9.96e-01	4.09e-03	3.79e-06	0.00e+00	0.00e+00	0.00e+00	0.00e+00	0.00e+00
 2.46885e+23	9.96e-01	3.95e-03	3.68e-06	0.00e+00	0.00e+00	0.00e+00	0.00e+00	0.00e+00
 2.47472e+23	9.96e-01	3.81e-03	3.57e-06	0.00e+00	0.00e+00	0.00e+00	0.00e+00	0.00e+00
 2.48073e+23	9.96e-01	3.67e-03	3.46e-06	0.00e+00	0.00e+00	0.00e+00	0.00e+00	0.00e+00
 2.48690e+23	9.96e-01	3.54e-03	3.34e-06	0.00e+00	0.00e+00	0.00e+00	0.00e+00	0.00e+00
 2.49320e+23	9.97e-01	3.40e-03	3.23e-06	0.00e+00	0.00e+00	0.00e+00	0.00e+00	0.00e+00
 2.49965e+23	9.97e-01	3.27e-03	3.12e-06	0.00e+00	0.00e+00	0.00e+00	0.00e+00	0.00e+00
 2.50625e+23	9.97e-01	3.14e-03	3.01e-06	0.00e+00	0.00e+00	0.00e+00	0.00e+00	0.00e+00
 2.51301e+23	9.97e-01	3.02e-03	2.90e-06	0.00e+00	0.00e+00	0.00e+00	0.00e+00	0.00e+00
 2.51993e+23	9.97e-01	2.89e-03	2.79e-06	0.00e+00	0.00e+00	0.00e+00	0.00e+00	0.00e+00
 2.52698e+23	9.97e-01	2.78e-03	2.68e-06	0.00e+00	0.00e+00	0.00e+00	0.00e+00	0.00e+00
 2.53409e+23	9.97e-01	2.66e-03	2.58e-06	0.00e+00	0.00e+00	0.00e+00	0.00e+00	0.00e+00
 2.54129e+23	9.97e-01	2.55e-03	2.47e-06	0.00e+00	0.00e+00	0.00e+00	0.00e+00	0.00e+00
 2.54856e+23	9.98e-01	2.44e-03	2.37e-06	0.00e+00	0.00e+00	0.00e+00	0.00e+00	0.00e+00
 2.55591e+23	9.98e-01	2.33e-03	2.27e-06	0.00e+00	0.00e+00	0.00e+00	0.00e+00	0.00e+00
 2.56333e+23	9.98e-01	2.23e-03	2.17e-06	0.00e+00	0.00e+00	0.00e+00	0.00e+00	0.00e+00
 2.57082e+23	9.98e-01	2.13e-03	2.08e-06	0.00e+00	0.00e+00	0.00e+00	0.00e+00	0.00e+00
 2.57840e+23	9.98e-01	2.04e-03	1.98e-06	0.00e+00	0.00e+00	0.00e+00	0.00e+00	0.00e+00
 2.58607e+23	9.98e-01	1.94e-03	1.89e-06	0.00e+00	0.00e+00	0.00e+00	0.00e+00	0.00e+00
 2.59379e+23	9.98e-01	1.86e-03	1.81e-06	0.00e+00	0.00e+00	0.00e+00	0.00e+00	0.00e+00
 2.60156e+23	9.98e-01	1.77e-03	1.72e-06	0.00e+00	0.00e+00	0.00e+00	0.00e+00	0.00e+00
 2.60945e+23	9.98e-01	1.68e-03	1.64e-06	0.00e+00	0.00e+00	0.00e+00	0.00e+00	0.00e+00
 2.61745e+23	9.98e-01	1.60e-03	1.56e-06	0.00e+00	0.00e+00	0.00e+00	0.00e+00	0.00e+00
 2.62550e+23	9.98e-01	1.52e-03	1.48e-06	0.00e+00	0.00e+00	0.00e+00	0.00e+00	0.00e+00
 2.63364e+23	9.99e-01	1.44e-03	1.40e-06	0.00e+00	0.00e+00	0.00e+00	0.00e+00	0.00e+00
 2.64189e+23	9.99e-01	1.37e-03	1.33e-06	0.00e+00	0.00e+00	0.00e+00	0.00e+00	0.00e+00
 2.65024e+23	9.99e-01	1.30e-03	1.25e-06	0.00e+00	0.00e+00	0.00e+00	0.00e+00	0.00e+00
 2.65868e+23	9.99e-01	1.23e-03	1.18e-06	0.00e+00	0.00e+00	0.00e+00	0.00e+00	0.00e+00
 2.66699e+23	9.99e-01	1.16e-03	1.12e-06	0.00e+00	0.00e+00	0.00e+00	0.00e+00	0.00e+00
 2.67481e+23	9.99e-01	1.11e-03	1.06e-06	0.00e+00	0.00e+00	0.00e+00	0.00e+00	0.00e+00
 2.68206e+23	9.99e-01	1.06e-03	1.01e-06	0.00e+00	0.00e+00	0.00e+00	0.00e+00	0.00e+00
 2.68885e+23	9.99e-01	1.01e-03	9.63e-07	0.00e+00	0.00e+00	0.00e+00	0.00e+00	0.00e+00
