#depth	H	H+	H2
 1.54284e+22	3.41e-07	1.00e+00	6.36e-33
 3.40794e+22	6.17e-07	1.00e+00	3.56e-32
 3.87429e+22	7.73e-07	1.00e+00	7.95e-32
 4.09043e+22	8.66e-07	1.00e+00	4.72e-32
 4.18351e+22	8.94e-07	1.00e+00	5.42e-32
 4.23189e+22	9.36e-07	1.00e+00	6.50e-32
 4.28107e+22	9.70e-07	1.00e+00	7.49e-32
 4.33129e+22	1.01e-06	1.00e+00	8.95e-32
 4.38323e+22	1.06e-06	1.00e+00	1.05e-31
 4.42918e+22	1.10e-06	1.00e+00	1.21e-31
 4.48066e+22	1.16e-06	1.00e+00	1.46e-31
 4.53306e+22	1.20e-06	1.00e+00	1.69e-31
 4.58667e+22	1.27e-06	1.00e+00	2.05e-31
 4.64100e+22	1.33e-06	1.00e+00	2.38e-31
 4.69626e+22	1.41e-06	1.00e+00	2.90e-31
 4.75265e+22	1.48e-06	1.00e+00	3.40e-31
 4.81050e+22	1.57e-06	1.00e+00	4.16e-31
 4.86957e+22	1.66e-06	1.00e+00	4.91e-31
 4.92835e+22	1.77e-06	1.00e+00	5.96e-31
 4.98444e+22	1.85e-06	1.00e+00	6.90e-31
 5.03893e+22	1.97e-06	1.00e+00	8.26e-31
 5.09414e+22	2.08e-06	1.00e+00	9.58e-31
 5.14807e+22	2.21e-06	1.00e+00	1.13e-30
 5.20313e+22	2.33e-06	1.00e+00	1.31e-30
 5.25675e+22	2.48e-06	1.00e+00	1.52e-30
 5.31152e+22	2.62e-06	1.00e+00	1.75e-30
 5.36572e+22	2.78e-06	1.00e+00	2.02e-30
 5.42020e+22	2.95e-06	1.00e+00	2.32e-30
 5.47408e+22	3.12e-06	1.00e+00	2.65e-30
 5.52786e+22	3.31e-06	1.00e+00	3.01e-30
 5.58174e+22	3.50e-06	1.00e+00	3.43e-30
 5.63583e+22	3.71e-06	1.00e+00	3.89e-30
 5.69025e+22	3.93e-06	1.00e+00	4.42e-30
 5.74516e+22	4.16e-06	1.00e+00	5.02e-30
 5.80073e+22	4.41e-06	1.00e+00	5.73e-30
 5.85657e+22	4.67e-06	1.00e+00	6.54e-30
 5.91334e+22	4.96e-06	1.00e+00	7.54e-30
 5.97076e+22	5.25e-06	1.00e+00	8.84e-30
 6.02929e+22	5.57e-06	1.00e+00	1.03e-29
 6.08376e+22	5.84e-06	1.00e+00	1.18e-29
 6.13977e+22	6.22e-06	1.00e+00	1.40e-29
 6.19670e+22	6.52e-06	1.00e+00	1.63e-29
 6.25506e+22	6.95e-06	1.00e+00	1.98e-29
 6.31373e+22	7.28e-06	1.00e+00	2.31e-29
 6.37283e+22	7.75e-06	1.00e+00	2.85e-29
 6.43227e+22	8.12e-06	1.00e+00	3.37e-29
 6.49217e+22	8.63e-06	1.00e+00	4.19e-29
 6.55257e+22	9.05e-06	1.00e+00	4.99e-29
 6.61362e+22	9.62e-06	1.00e+00	6.28e-29
 6.67544e+22	1.01e-05	1.00e+00	7.54e-29
 6.73826e+22	1.07e-05	1.00e+00	9.59e-29
 6.80211e+22	1.12e-05	1.00e+00	1.16e-28
 6.86731e+22	1.20e-05	1.00e+00	1.49e-28
 6.93388e+22	1.26e-05	1.00e+00	1.84e-28
 7.00221e+22	1.34e-05	1.00e+00	2.44e-28
 7.07228e+22	1.41e-05	1.00e+00	3.07e-28
 7.14460e+22	1.51e-05	1.00e+00	4.13e-28
 7.21268e+22	1.57e-05	1.00e+00	5.02e-28
 7.27523e+22	1.66e-05	1.00e+00	6.47e-28
 7.33723e+22	1.73e-05	1.00e+00	7.81e-28
 7.39852e+22	1.83e-05	1.00e+00	1.00e-27
 7.46019e+22	1.90e-05	1.00e+00	1.21e-27
 7.52235e+22	2.01e-05	1.00e+00	1.55e-27
 7.58564e+22	2.10e-05	1.00e+00	1.88e-27
 7.65038e+22	2.22e-05	1.00e+00	2.42e-27
 7.71605e+22	2.31e-05	1.00e+00	2.95e-27
 7.78290e+22	2.45e-05	1.00e+00	3.83e-27
 7.85097e+22	2.56e-05	1.00e+00	4.70e-27
 7.92060e+22	2.71e-05	1.00e+00	6.14e-27
 7.99187e+22	2.83e-05	1.00e+00	7.58e-27
 8.06527e+22	3.01e-05	1.00e+00	1.00e-26
 8.14028e+22	3.16e-05	1.00e+00	1.25e-26
 8.21737e+22	3.36e-05	1.00e+00	1.67e-26
 8.29540e+22	3.52e-05	1.00e+00	2.08e-26
 8.37464e+22	3.76e-05	1.00e+00	2.79e-26
 8.45463e+22	3.94e-05	1.00e+00	3.49e-26
 8.53559e+22	4.20e-05	1.00e+00	4.70e-26
 8.61460e+22	4.39e-05	1.00e+00	5.80e-26
 8.69106e+22	4.66e-05	1.00e+00	7.60e-26
 8.77162e+22	4.91e-05	1.00e+00	9.68e-26
 8.83923e+22	5.12e-05	1.00e+00	1.18e-25
 8.90883e+22	5.39e-05	1.00e+00	1.49e-25
 8.98189e+22	5.64e-05	1.00e+00	1.84e-25
 9.04907e+22	5.89e-05	1.00e+00	2.26e-25
 9.12597e+22	6.23e-05	1.00e+00	2.94e-25
 9.20488e+22	6.55e-05	1.00e+00	3.69e-25
 9.27415e+22	6.85e-05	1.00e+00	4.55e-25
 9.35194e+22	7.24e-05	1.00e+00	5.90e-25
 9.43370e+22	7.62e-05	1.00e+00	7.49e-25
 9.50797e+22	7.99e-05	1.00e+00	9.35e-25
 9.59190e+22	8.49e-05	1.00e+00	1.24e-24
 9.67837e+22	8.95e-05	1.00e+00	1.58e-24
 9.75523e+22	9.40e-05	1.00e+00	1.98e-24
 9.84222e+22	1.00e-04	1.00e+00	2.66e-24
 9.93186e+22	1.06e-04	1.00e+00	3.41e-24
 1.00250e+23	1.13e-04	1.00e+00	4.65e-24
 1.01198e+23	1.19e-04	1.00e+00	5.88e-24
 1.02170e+23	1.28e-04	1.00e+00	8.12e-24
 1.03152e+23	1.35e-04	1.00e+00	1.06e-23
 1.04016e+23	1.43e-04	1.00e+00	1.37e-23
 1.05007e+23	1.54e-04	1.00e+00	1.91e-23
 1.06011e+23	1.63e-04	1.00e+00	2.49e-23
 1.07029e+23	1.75e-04	1.00e+00	3.49e-23
 1.08063e+23	1.86e-04	1.00e+00	4.60e-23
 1.09117e+23	2.01e-04	1.00e+00	6.61e-23
 1.10178e+23	2.13e-04	1.00e+00	8.70e-23
 1.11249e+23	2.30e-04	1.00e+00	1.26e-22
 1.12333e+23	2.44e-04	1.00e+00	1.68e-22
 1.13436e+23	2.64e-04	1.00e+00	2.43e-22
 1.14561e+23	2.82e-04	1.00e+00	3.33e-22
 1.15530e+23	2.99e-04	1.00e+00	4.44e-22
 1.16603e+23	3.23e-04	1.00e+00	6.49e-22
 1.17636e+23	3.40e-04	1.00e+00	8.48e-22
 1.18618e+23	3.65e-04	1.00e+00	1.21e-21
 1.19598e+23	3.85e-04	1.00e+00	1.60e-21
 1.20576e+23	4.11e-04	1.00e+00	2.25e-21
 1.21590e+23	4.37e-04	1.00e+00	3.08e-21
 1.22500e+23	4.62e-04	1.00e+00	4.10e-21
 1.23532e+23	4.96e-04	1.00e+00	6.04e-21
 1.24581e+23	5.26e-04	9.99e-01	8.35e-21
 1.25650e+23	5.65e-04	9.99e-01	1.23e-20
 1.26691e+23	5.98e-04	9.99e-01	1.71e-20
 1.27511e+23	6.27e-04	9.99e-01	2.24e-20
 1.28393e+23	6.65e-04	9.99e-01	3.14e-20
 1.29301e+23	7.00e-04	9.99e-01	4.27e-20
 1.30115e+23	7.35e-04	9.99e-01	5.69e-20
 1.31046e+23	7.81e-04	9.99e-01	8.44e-20
 1.31986e+23	8.23e-04	9.99e-01	1.20e-19
 1.32809e+23	8.64e-04	9.99e-01	1.64e-19
 1.33749e+23	9.19e-04	9.99e-01	2.53e-19
 1.34705e+23	9.68e-04	9.99e-01	3.75e-19
 1.35553e+23	1.02e-03	9.99e-01	5.33e-19
 1.36525e+23	1.08e-03	9.99e-01	8.75e-19
 1.37512e+23	1.14e-03	9.99e-01	1.39e-18
 1.38518e+23	1.22e-03	9.99e-01	2.41e-18
 1.39535e+23	1.29e-03	9.99e-01	4.18e-18
 1.40427e+23	1.36e-03	9.99e-01	6.80e-18
 1.41450e+23	1.45e-03	9.99e-01	1.59e-17
 1.42490e+23	1.53e-03	9.98e-01	2.80e-17
 1.43553e+23	1.63e-03	9.98e-01	6.04e-17
 1.44638e+23	1.73e-03	9.98e-01	1.13e-16
 1.45603e+23	1.83e-03	9.98e-01	1.81e-16
 1.46712e+23	1.96e-03	9.98e-01	3.15e-16
 1.47848e+23	2.08e-03	9.98e-01	4.72e-16
 1.48863e+23	2.20e-03	9.98e-01	6.67e-16
 1.49531e+23	2.24e-03	9.98e-01	7.81e-16
 1.49816e+23	2.27e-03	9.98e-01	8.27e-16
 1.50098e+23	2.31e-03	9.98e-01	9.29e-16
 1.50465e+23	2.36e-03	9.98e-01	1.05e-15
 1.50941e+23	2.43e-03	9.98e-01	1.27e-15
 1.51561e+23	2.52e-03	9.97e-01	1.59e-15
 1.52366e+23	2.66e-03	9.97e-01	2.17e-15
 1.53199e+23	2.77e-03	9.97e-01	2.69e-15
 1.54070e+23	2.92e-03	9.97e-01	3.58e-15
 1.54961e+23	3.06e-03	9.97e-01	4.49e-15
 1.55879e+23	3.23e-03	9.97e-01	5.89e-15
 1.56814e+23	3.38e-03	9.97e-01	7.33e-15
 1.57771e+23	3.57e-03	9.96e-01	9.51e-15
 1.58753e+23	3.75e-03	9.96e-01	1.20e-14
 1.59768e+23	3.99e-03	9.96e-01	1.58e-14
 1.60791e+23	4.19e-03	9.96e-01	1.96e-14
 1.61825e+23	4.44e-03	9.96e-01	2.52e-14
 1.62895e+23	4.68e-03	9.95e-01	3.14e-14
 1.64012e+23	4.99e-03	9.95e-01	4.12e-14
 1.65141e+23	5.26e-03	9.95e-01	5.10e-14
 1.66287e+23	5.62e-03	9.94e-01	6.64e-14
 1.67441e+23	5.93e-03	9.94e-01	8.17e-14
 1.68607e+23	6.35e-03	9.94e-01	1.07e-13
 1.69779e+23	6.69e-03	9.93e-01	1.32e-13
 1.70960e+23	7.18e-03	9.93e-01	1.74e-13
 1.72158e+23	7.59e-03	9.92e-01	2.17e-13
 1.73378e+23	8.17e-03	9.92e-01	2.88e-13
 1.74611e+23	8.67e-03	9.91e-01	3.64e-13
 1.75861e+23	9.36e-03	9.91e-01	4.89e-13
 1.77124e+23	9.97e-03	9.90e-01	6.24e-13
 1.78404e+23	1.09e-02	9.89e-01	8.64e-13
 1.79687e+23	1.16e-02	9.88e-01	1.11e-12
 1.80975e+23	1.28e-02	9.87e-01	1.56e-12
 1.82282e+23	1.38e-02	9.86e-01	2.07e-12
 1.83614e+23	1.54e-02	9.85e-01	3.02e-12
 1.84971e+23	1.69e-02	9.83e-01	4.17e-12
 1.86362e+23	1.92e-02	9.81e-01	6.39e-12
 1.87584e+23	2.09e-02	9.79e-01	8.45e-12
 1.88450e+23	2.28e-02	9.77e-01	1.10e-11
 1.89437e+23	2.56e-02	9.74e-01	1.56e-11
 1.90496e+23	2.89e-02	9.71e-01	2.22e-11
 1.91487e+23	3.29e-02	9.67e-01	3.21e-11
 1.92613e+23	3.92e-02	9.61e-01	5.22e-11
 1.93695e+23	4.66e-02	9.53e-01	8.13e-11
 1.94513e+23	5.45e-02	9.46e-01	1.20e-10
 1.95252e+23	6.38e-02	9.36e-01	1.77e-10
 1.95980e+23	7.60e-02	9.24e-01	2.69e-10
 1.96664e+23	9.12e-02	9.09e-01	4.08e-10
 1.97270e+23	1.09e-01	8.91e-01	6.13e-10
 1.97802e+23	1.30e-01	8.70e-01	8.95e-10
 1.98280e+23	1.54e-01	8.46e-01	1.29e-09
 1.98713e+23	1.79e-01	8.21e-01	1.79e-09
 1.99118e+23	2.09e-01	7.91e-01	2.48e-09
 1.99496e+23	2.43e-01	7.57e-01	3.36e-09
 1.99839e+23	2.79e-01	7.21e-01	4.46e-09
 2.00147e+23	3.14e-01	6.86e-01	5.66e-09
 2.00356e+23	3.40e-01	6.60e-01	6.60e-09
 2.00464e+23	3.54e-01	6.46e-01	7.10e-09
 2.00565e+23	3.68e-01	6.32e-01	7.70e-09
 2.00691e+23	3.85e-01	6.15e-01	8.46e-09
 2.00831e+23	4.05e-01	5.95e-01	9.29e-09
 2.00977e+23	4.26e-01	5.74e-01	1.03e-08
 2.01123e+23	4.46e-01	5.54e-01	1.12e-08
 2.01273e+23	4.69e-01	5.31e-01	1.23e-08
 2.01434e+23	4.93e-01	5.07e-01	1.35e-08
 2.01598e+23	5.16e-01	4.84e-01	1.47e-08
 2.01755e+23	5.38e-01	4.62e-01	1.59e-08
 2.01875e+23	5.53e-01	4.47e-01	1.66e-08
 2.01957e+23	5.64e-01	4.36e-01	1.72e-08
 2.02038e+23	5.75e-01	4.25e-01	1.78e-08
 2.02132e+23	5.87e-01	4.13e-01	1.85e-08
 2.02235e+23	6.00e-01	4.00e-01	1.93e-08
 2.02337e+23	6.12e-01	3.88e-01	2.00e-08
 2.02437e+23	6.24e-01	3.76e-01	2.06e-08
 2.02539e+23	6.35e-01	3.65e-01	2.13e-08
 2.02646e+23	6.47e-01	3.53e-01	2.19e-08
 2.02755e+23	6.59e-01	3.41e-01	2.27e-08
 2.02864e+23	6.70e-01	3.30e-01	2.33e-08
 2.02975e+23	6.80e-01	3.20e-01	2.39e-08
 2.03091e+23	6.91e-01	3.09e-01	2.46e-08
 2.03211e+23	7.02e-01	2.98e-01	2.52e-08
 2.03333e+23	7.12e-01	2.88e-01	2.59e-08
 2.03456e+23	7.22e-01	2.78e-01	2.65e-08
 2.03584e+23	7.32e-01	2.68e-01	2.71e-08
 2.03718e+23	7.42e-01	2.58e-01	2.77e-08
 2.03854e+23	7.51e-01	2.49e-01	2.83e-08
 2.03993e+23	7.60e-01	2.40e-01	2.89e-08
 2.04137e+23	7.69e-01	2.31e-01	2.95e-08
 2.04286e+23	7.78e-01	2.22e-01	3.01e-08
 2.04441e+23	7.87e-01	2.13e-01	3.07e-08
 2.04599e+23	7.95e-01	2.05e-01	3.12e-08
 2.04762e+23	8.03e-01	1.97e-01	3.18e-08
 2.04931e+23	8.10e-01	1.90e-01	3.24e-08
 2.05107e+23	8.18e-01	1.82e-01	3.30e-08
 2.05288e+23	8.25e-01	1.75e-01	3.36e-08
 2.05474e+23	8.32e-01	1.68e-01	3.41e-08
 2.05661e+23	8.38e-01	1.62e-01	3.47e-08
 2.05852e+23	8.45e-01	1.55e-01	3.53e-08
 2.06054e+23	8.50e-01	1.50e-01	3.60e-08
 2.06262e+23	8.56e-01	1.44e-01	3.66e-08
 2.06469e+23	8.62e-01	1.38e-01	3.73e-08
 2.06681e+23	8.67e-01	1.33e-01	3.81e-08
 2.06902e+23	8.71e-01	1.29e-01	3.89e-08
 2.07133e+23	8.76e-01	1.24e-01	3.97e-08
 2.07369e+23	8.80e-01	1.20e-01	4.06e-08
 2.07612e+23	8.84e-01	1.16e-01	4.16e-08
 2.07867e+23	8.89e-01	1.11e-01	4.28e-08
 2.08133e+23	8.92e-01	1.08e-01	4.41e-08
 2.08407e+23	8.96e-01	1.04e-01	4.56e-08
 2.08685e+23	9.00e-01	1.00e-01	4.71e-08
 2.08959e+23	9.03e-01	9.69e-02	4.89e-08
 2.09224e+23	9.06e-01	9.40e-02	5.07e-08
 2.09480e+23	9.09e-01	9.14e-02	5.26e-08
 2.09726e+23	9.11e-01	8.90e-02	5.42e-08
 2.09960e+23	9.13e-01	8.68e-02	5.59e-08
 2.10176e+23	9.15e-01	8.48e-02	5.75e-08
 2.10386e+23	9.17e-01	8.29e-02	5.93e-08
 2.10597e+23	9.19e-01	8.10e-02	6.12e-08
 2.10801e+23	9.21e-01	7.92e-02	6.32e-08
 2.10999e+23	9.22e-01	7.75e-02	6.53e-08
 2.11189e+23	9.24e-01	7.59e-02	6.76e-08
 2.11373e+23	9.26e-01	7.44e-02	7.00e-08
 2.11551e+23	9.27e-01	7.29e-02	7.24e-08
 2.11724e+23	9.28e-01	7.15e-02	7.49e-08
 2.11891e+23	9.30e-01	7.02e-02	7.75e-08
 2.12052e+23	9.31e-01	6.89e-02	8.03e-08
 2.12207e+23	9.32e-01	6.76e-02	8.34e-08
 2.12355e+23	9.34e-01	6.64e-02	8.64e-08
 2.12499e+23	9.35e-01	6.53e-02	8.98e-08
 2.12640e+23	9.36e-01	6.41e-02	9.33e-08
 2.12768e+23	9.37e-01	6.31e-02	9.65e-08
 2.12885e+23	9.38e-01	6.22e-02	9.98e-08
 2.12992e+23	9.39e-01	6.14e-02	1.03e-07
 2.13089e+23	9.39e-01	6.07e-02	1.06e-07
 2.13177e+23	9.40e-01	6.00e-02	1.09e-07
 2.13257e+23	9.41e-01	5.95e-02	1.11e-07
 2.13330e+23	9.41e-01	5.89e-02	1.14e-07
 2.13410e+23	9.42e-01	5.82e-02	1.17e-07
 2.13497e+23	9.43e-01	5.74e-02	1.20e-07
 2.13575e+23	9.43e-01	5.69e-02	1.23e-07
 2.13647e+23	9.44e-01	5.63e-02	1.25e-07
 2.13712e+23	9.44e-01	5.60e-02	1.28e-07
 2.13783e+23	9.45e-01	5.53e-02	1.30e-07
 2.13876e+23	9.46e-01	5.45e-02	1.33e-07
 2.13976e+23	9.46e-01	5.36e-02	1.36e-07
 2.14067e+23	9.47e-01	5.28e-02	1.39e-07
 2.14150e+23	9.48e-01	5.22e-02	1.41e-07
 2.14225e+23	9.48e-01	5.18e-02	1.43e-07
 2.14308e+23	9.49e-01	5.12e-02	1.45e-07
 2.14397e+23	9.49e-01	5.06e-02	1.47e-07
 2.14495e+23	9.50e-01	4.99e-02	1.49e-07
 2.14601e+23	9.51e-01	4.91e-02	1.51e-07
 2.14697e+23	9.51e-01	4.85e-02	1.52e-07
 2.14784e+23	9.52e-01	4.80e-02	1.53e-07
 2.14864e+23	9.52e-01	4.75e-02	1.54e-07
 2.14936e+23	9.53e-01	4.73e-02	1.55e-07
 2.15015e+23	9.53e-01	4.67e-02	1.55e-07
 2.15118e+23	9.54e-01	4.59e-02	1.56e-07
 2.15230e+23	9.55e-01	4.52e-02	1.57e-07
 2.15331e+23	9.55e-01	4.46e-02	1.57e-07
 2.15423e+23	9.56e-01	4.41e-02	1.58e-07
 2.15507e+23	9.56e-01	4.36e-02	1.58e-07
 2.15584e+23	9.57e-01	4.32e-02	1.57e-07
 2.15667e+23	9.57e-01	4.27e-02	1.57e-07
 2.15757e+23	9.58e-01	4.21e-02	1.57e-07
 2.15840e+23	9.58e-01	4.17e-02	1.56e-07
 2.15914e+23	9.59e-01	4.13e-02	1.56e-07
 2.15983e+23	9.59e-01	4.10e-02	1.56e-07
 2.16057e+23	9.59e-01	4.05e-02	1.55e-07
 2.16154e+23	9.60e-01	3.99e-02	1.55e-07
 2.16259e+23	9.61e-01	3.93e-02	1.54e-07
 2.16354e+23	9.61e-01	3.87e-02	1.54e-07
 2.16441e+23	9.62e-01	3.83e-02	1.53e-07
 2.16536e+23	9.62e-01	3.78e-02	1.52e-07
 2.16638e+23	9.63e-01	3.72e-02	1.51e-07
 2.16731e+23	9.63e-01	3.68e-02	1.51e-07
 2.16816e+23	9.64e-01	3.64e-02	1.50e-07
 2.16894e+23	9.64e-01	3.61e-02	1.49e-07
 2.16978e+23	9.64e-01	3.57e-02	1.48e-07
 2.17088e+23	9.65e-01	3.52e-02	1.48e-07
 2.17207e+23	9.65e-01	3.46e-02	1.48e-07
 2.17315e+23	9.66e-01	3.42e-02	1.47e-07
 2.17414e+23	9.66e-01	3.38e-02	1.47e-07
 2.17503e+23	9.66e-01	3.36e-02	1.46e-07
 2.17601e+23	9.67e-01	3.31e-02	1.45e-07
 2.17729e+23	9.67e-01	3.25e-02	1.45e-07
 2.17867e+23	9.68e-01	3.19e-02	1.45e-07
 2.17992e+23	9.69e-01	3.14e-02	1.44e-07
 2.18106e+23	9.69e-01	3.11e-02	1.43e-07
 2.18210e+23	9.69e-01	3.08e-02	1.43e-07
 2.18324e+23	9.70e-01	3.04e-02	1.42e-07
 2.18446e+23	9.70e-01	2.99e-02	1.41e-07
 2.18558e+23	9.70e-01	2.95e-02	1.41e-07
 2.18660e+23	9.71e-01	2.93e-02	1.41e-07
 2.18771e+23	9.71e-01	2.89e-02	1.40e-07
 2.18891e+23	9.72e-01	2.85e-02	1.39e-07
 2.19001e+23	9.72e-01	2.82e-02	1.39e-07
 2.19121e+23	9.72e-01	2.78e-02	1.38e-07
 2.19250e+23	9.73e-01	2.73e-02	1.38e-07
 2.19368e+23	9.73e-01	2.70e-02	1.38e-07
 2.19475e+23	9.73e-01	2.68e-02	1.37e-07
 2.19593e+23	9.74e-01	2.64e-02	1.37e-07
 2.19720e+23	9.74e-01	2.60e-02	1.37e-07
 2.19835e+23	9.74e-01	2.58e-02	1.37e-07
 2.19962e+23	9.75e-01	2.54e-02	1.36e-07
 2.20098e+23	9.75e-01	2.50e-02	1.37e-07
 2.20222e+23	9.75e-01	2.47e-02	1.36e-07
 2.20359e+23	9.76e-01	2.43e-02	1.36e-07
 2.20506e+23	9.76e-01	2.39e-02	1.36e-07
 2.20639e+23	9.76e-01	2.36e-02	1.36e-07
 2.20761e+23	9.77e-01	2.34e-02	1.36e-07
 2.20895e+23	9.77e-01	2.31e-02	1.35e-07
 2.21039e+23	9.77e-01	2.27e-02	1.35e-07
 2.21170e+23	9.78e-01	2.24e-02	1.35e-07
 2.21313e+23	9.78e-01	2.21e-02	1.35e-07
 2.21468e+23	9.78e-01	2.17e-02	1.35e-07
 2.21609e+23	9.79e-01	2.15e-02	1.35e-07
 2.21764e+23	9.79e-01	2.12e-02	1.35e-07
 2.21931e+23	9.79e-01	2.08e-02	1.35e-07
 2.22083e+23	9.79e-01	2.05e-02	1.35e-07
 2.22221e+23	9.80e-01	2.03e-02	1.35e-07
 2.22372e+23	9.80e-01	2.00e-02	1.34e-07
 2.22536e+23	9.80e-01	1.96e-02	1.35e-07
 2.22685e+23	9.81e-01	1.94e-02	1.34e-07
 2.22848e+23	9.81e-01	1.91e-02	1.34e-07
 2.23024e+23	9.81e-01	1.88e-02	1.34e-07
 2.23184e+23	9.81e-01	1.86e-02	1.35e-07
 2.23359e+23	9.82e-01	1.82e-02	1.34e-07
 2.23549e+23	9.82e-01	1.79e-02	1.34e-07
 2.23721e+23	9.82e-01	1.77e-02	1.34e-07
 2.23910e+23	9.83e-01	1.74e-02	1.34e-07
 2.24114e+23	9.83e-01	1.70e-02	1.34e-07
 2.24300e+23	9.83e-01	1.68e-02	1.34e-07
 2.24503e+23	9.84e-01	1.65e-02	1.34e-07
 2.24723e+23	9.84e-01	1.62e-02	1.34e-07
 2.24923e+23	9.84e-01	1.59e-02	1.34e-07
 2.25104e+23	9.84e-01	1.57e-02	1.34e-07
 2.25304e+23	9.85e-01	1.54e-02	1.34e-07
 2.25519e+23	9.85e-01	1.51e-02	1.34e-07
 2.25714e+23	9.85e-01	1.49e-02	1.34e-07
 2.25929e+23	9.85e-01	1.46e-02	1.34e-07
 2.26161e+23	9.86e-01	1.44e-02	1.34e-07
 2.26371e+23	9.86e-01	1.41e-02	1.34e-07
 2.26563e+23	9.86e-01	1.39e-02	1.34e-07
 2.26773e+23	9.86e-01	1.37e-02	1.34e-07
 2.27000e+23	9.87e-01	1.34e-02	1.34e-07
 2.27249e+23	9.87e-01	1.32e-02	1.34e-07
 2.27517e+23	9.87e-01	1.29e-02	1.35e-07
 2.27761e+23	9.87e-01	1.27e-02	1.35e-07
 2.27984e+23	9.88e-01	1.24e-02	1.34e-07
 2.28227e+23	9.88e-01	1.22e-02	1.35e-07
 2.28490e+23	9.88e-01	1.20e-02	1.35e-07
 2.28729e+23	9.88e-01	1.18e-02	1.35e-07
 2.28947e+23	9.88e-01	1.16e-02	1.35e-07
 2.29186e+23	9.89e-01	1.14e-02	1.35e-07
 2.29496e+23	9.89e-01	1.11e-02	1.35e-07
 2.29850e+23	9.89e-01	1.08e-02	1.35e-07
 2.30212e+23	9.90e-01	1.05e-02	1.35e-07
 2.30581e+23	9.90e-01	1.02e-02	1.36e-07
 2.30956e+23	9.90e-01	9.91e-03	1.36e-07
 2.31335e+23	9.90e-01	9.63e-03	1.36e-07
 2.31718e+23	9.91e-01	9.36e-03	1.36e-07
 2.32104e+23	9.91e-01	9.10e-03	1.36e-07
 2.32496e+23	9.91e-01	8.85e-03	1.36e-07
 2.32891e+23	9.91e-01	8.60e-03	1.36e-07
 2.33291e+23	9.92e-01	8.35e-03	1.36e-07
 2.33693e+23	9.92e-01	8.11e-03	1.36e-07
 2.34100e+23	9.92e-01	7.88e-03	1.37e-07
 2.34510e+23	9.92e-01	7.65e-03	1.37e-07
 2.34923e+23	9.93e-01	7.43e-03	1.37e-07
 2.35338e+23	9.93e-01	7.21e-03	1.37e-07
 2.35756e+23	9.93e-01	7.00e-03	1.37e-07
 2.36178e+23	9.93e-01	6.79e-03	1.37e-07
 2.36604e+23	9.93e-01	6.59e-03	1.38e-07
 2.37032e+23	9.94e-01	6.39e-03	1.38e-07
 2.37463e+23	9.94e-01	6.20e-03	1.38e-07
 2.37898e+23	9.94e-01	6.02e-03	1.38e-07
 2.38335e+23	9.94e-01	5.83e-03	1.39e-07
 2.38779e+23	9.94e-01	5.66e-03	1.39e-07
 2.39234e+23	9.95e-01	5.48e-03	1.39e-07
 2.39695e+23	9.95e-01	5.31e-03	1.40e-07
 2.40161e+23	9.95e-01	5.14e-03	1.40e-07
 2.40631e+23	9.95e-01	4.98e-03	1.40e-07
 2.41107e+23	9.95e-01	4.82e-03	1.41e-07
 2.41588e+23	9.95e-01	4.67e-03	1.41e-07
 2.42074e+23	9.95e-01	4.52e-03	1.42e-07
 2.42568e+23	9.96e-01	4.37e-03	1.42e-07
 2.43070e+23	9.96e-01	4.22e-03	1.43e-07
 2.43582e+23	9.96e-01	4.08e-03	1.44e-07
 2.44108e+23	9.96e-01	3.94e-03	1.45e-07
 2.44645e+23	9.96e-01	3.81e-03	1.45e-07
 2.45190e+23	9.96e-01	3.67e-03	1.46e-07
 2.45745e+23	9.96e-01	3.54e-03	1.47e-07
 2.46310e+23	9.97e-01	3.41e-03	1.49e-07
 2.46885e+23	9.97e-01	3.29e-03	1.50e-07
 2.47472e+23	9.97e-01	3.17e-03	1.51e-07
 2.48073e+23	9.97e-01	3.05e-03	1.53e-07
 2.48690e+23	9.97e-01	2.93e-03	1.54e-07
 2.49320e+23	9.97e-01	2.82e-03	1.56e-07
 2.49965e+23	9.97e-01	2.70e-03	1.58e-07
 2.50625e+23	9.97e-01	2.59e-03	1.60e-07
 2.51301e+23	9.98e-01	2.49e-03	1.62e-07
 2.51993e+23	9.98e-01	2.38e-03	1.65e-07
 2.52698e+23	9.98e-01	2.28e-03	1.68e-07
 2.53409e+23	9.98e-01	2.19e-03	1.71e-07
 2.54129e+23	9.98e-01	2.09e-03	1.75e-07
 2.54856e+23	9.98e-01	2.00e-03	1.79e-07
 2.55591e+23	9.98e-01	1.92e-03	1.83e-07
 2.56333e+23	9.98e-01	1.83e-03	1.88e-07
 2.57082e+23	9.98e-01	1.75e-03	1.93e-07
 2.57840e+23	9.98e-01	1.68e-03	1.99e-07
 2.58607e+23	9.98e-01	1.60e-03	2.06e-07
 2.59379e+23	9.98e-01	1.53e-03	2.13e-07
 2.60156e+23	9.99e-01	1.46e-03	2.21e-07
 2.60945e+23	9.99e-01	1.39e-03	2.30e-07
 2.61745e+23	9.99e-01	1.33e-03	2.41e-07
 2.62550e+23	9.99e-01	1.27e-03	2.52e-07
 2.63364e+23	9.99e-01	1.21e-03	2.66e-07
 2.64189e+23	9.99e-01	1.15e-03	2.81e-07
 2.65024e+23	9.99e-01	1.09e-03	2.99e-07
 2.65868e+23	9.99e-01	1.04e-03	3.21e-07
 2.66699e+23	9.99e-01	9.93e-04	3.45e-07
 2.67481e+23	9.99e-01	9.49e-04	3.73e-07
 2.68206e+23	9.99e-01	9.10e-04	4.02e-07
 2.68885e+23	9.99e-01	8.75e-04	4.35e-07
 2.69533e+23	9.99e-01	8.43e-04	4.70e-07
 2.70153e+23	9.99e-01	8.13e-04	5.10e-07
 2.70744e+23	9.99e-01	7.86e-04	5.55e-07
 2.71303e+23	9.99e-01	7.61e-04	6.04e-07
 2.71831e+23	9.99e-01	7.38e-04	6.58e-07
 2.72332e+23	9.99e-01	7.16e-04	7.17e-07
 2.72810e+23	9.99e-01	6.96e-04	7.83e-07
 2.73266e+23	9.99e-01	6.75e-04	8.57e-07
 2.73696e+23	9.99e-01	6.59e-04	9.38e-07
 2.74101e+23	9.99e-01	6.43e-04	1.03e-06
 2.74490e+23	9.99e-01	6.28e-04	1.12e-06
 2.74865e+23	9.99e-01	6.15e-04	1.23e-06
 2.75227e+23	9.99e-01	6.01e-04	1.35e-06
 2.75571e+23	9.99e-01	5.89e-04	1.49e-06
 2.75898e+23	9.99e-01	5.78e-04	1.63e-06
 2.76211e+23	9.99e-01	5.67e-04	1.79e-06
 2.76512e+23	9.99e-01	5.56e-04	1.97e-06
 2.76805e+23	9.99e-01	5.47e-04	2.17e-06
 2.77088e+23	9.99e-01	5.37e-04	2.39e-06
 2.77361e+23	9.99e-01	5.29e-04	2.63e-06
 2.77622e+23	9.99e-01	5.20e-04	2.89e-06
 2.77876e+23	9.99e-01	5.12e-04	3.18e-06
 2.78123e+23	9.99e-01	5.05e-04	3.50e-06
 2.78366e+23	9.99e-01	4.97e-04	3.85e-06
 2.78604e+23	1.00e+00	4.90e-04	4.24e-06
 2.78838e+23	1.00e+00	4.83e-04	4.66e-06
 2.79067e+23	1.00e+00	4.76e-04	5.13e-06
 2.79294e+23	1.00e+00	4.69e-04	5.63e-06
 2.79520e+23	1.00e+00	4.63e-04	6.19e-06
 2.79745e+23	1.00e+00	4.56e-04	6.80e-06
 2.79971e+23	1.00e+00	4.49e-04	7.47e-06
 2.80197e+23	1.00e+00	4.43e-04	8.18e-06
 2.80428e+23	1.00e+00	4.36e-04	8.97e-06
 2.80662e+23	1.00e+00	4.30e-04	9.83e-06
 2.80902e+23	1.00e+00	4.23e-04	1.08e-05
 2.81146e+23	1.00e+00	4.17e-04	1.18e-05
 2.81400e+23	1.00e+00	4.10e-04	1.29e-05
 2.81662e+23	1.00e+00	4.03e-04	1.40e-05
 2.81936e+23	1.00e+00	3.96e-04	1.53e-05
 2.82223e+23	1.00e+00	3.88e-04	1.66e-05
 2.82525e+23	1.00e+00	3.80e-04	1.81e-05
 2.82841e+23	1.00e+00	3.73e-04	1.97e-05
 2.83174e+23	1.00e+00	3.64e-04	2.14e-05
 2.83525e+23	1.00e+00	3.56e-04	2.32e-05
 2.83901e+23	1.00e+00	3.47e-04	2.51e-05
 2.84300e+23	1.00e+00	3.37e-04	2.72e-05
 2.84722e+23	1.00e+00	3.28e-04	2.94e-05
 2.85170e+23	1.00e+00	3.18e-04	3.17e-05
 2.85644e+23	1.00e+00	3.08e-04	3.41e-05
 2.86152e+23	1.00e+00	2.97e-04	3.66e-05
 2.86696e+23	1.00e+00	2.86e-04	3.93e-05
 2.87278e+23	1.00e+00	2.75e-04	4.21e-05
 2.87900e+23	1.00e+00	2.63e-04	4.50e-05
 2.88566e+23	1.00e+00	2.50e-04	4.79e-05
 2.89282e+23	1.00e+00	2.38e-04	5.09e-05
 2.90054e+23	1.00e+00	2.25e-04	5.39e-05
 2.90888e+23	1.00e+00	2.11e-04	5.69e-05
 2.91795e+23	1.00e+00	1.97e-04	5.98e-05
 2.92782e+23	1.00e+00	1.83e-04	6.26e-05
 2.93855e+23	1.00e+00	1.68e-04	6.52e-05
 2.95023e+23	1.00e+00	1.53e-04	6.77e-05
 2.96288e+23	1.00e+00	1.38e-04	6.99e-05
 2.97648e+23	1.00e+00	1.24e-04	7.21e-05
 2.99093e+23	1.00e+00	1.10e-04	7.43e-05
 3.00594e+23	1.00e+00	9.68e-05	7.67e-05
 3.02084e+23	1.00e+00	8.55e-05	7.97e-05
 3.03429e+23	1.00e+00	7.66e-05	8.35e-05
 3.04543e+23	1.00e+00	6.99e-05	8.79e-05
 3.05463e+23	1.00e+00	6.47e-05	9.28e-05
 3.06255e+23	1.00e+00	6.04e-05	9.84e-05
 3.06955e+23	1.00e+00	5.67e-05	1.05e-04
 3.07542e+23	1.00e+00	5.38e-05	1.13e-04
 3.07983e+23	1.00e+00	5.18e-05	1.20e-04
 3.08306e+23	1.00e+00	5.02e-05	1.26e-04
 3.08506e+23	1.00e+00	4.95e-05	1.31e-04
