#depth	Ne	Ne+	Ne+2	Ne+3	Ne+4	Ne+5	Ne+6	Ne+7	Ne+8	Ne+9	Ne+10
 4.62852e+21	3.34e-26	1.71e-20	4.68e-16	1.60e-12	1.27e-09	2.38e-07	1.45e-05	5.18e-04	6.53e-02	3.78e-01	5.56e-01
 1.02988e+22	9.49e-24	2.74e-18	4.11e-14	7.80e-11	3.68e-08	4.05e-06	1.31e-04	2.31e-03	1.51e-01	4.70e-01	3.76e-01
 1.17360e+22	5.06e-23	1.25e-17	1.59e-13	2.53e-10	1.03e-07	9.67e-06	2.59e-04	3.65e-03	1.93e-01	4.86e-01	3.17e-01
 1.23291e+22	1.08e-22	2.48e-17	2.94e-13	4.34e-10	1.65e-07	1.44e-05	3.54e-04	4.50e-03	2.15e-01	4.90e-01	2.90e-01
 1.25762e+22	1.30e-22	2.94e-17	3.41e-13	4.95e-10	1.85e-07	1.59e-05	3.82e-04	4.74e-03	2.21e-01	4.91e-01	2.83e-01
 1.26899e+22	1.64e-22	3.63e-17	4.13e-13	5.84e-10	2.14e-07	1.80e-05	4.21e-04	5.05e-03	2.28e-01	4.92e-01	2.75e-01
 1.28171e+22	2.05e-22	4.45e-17	4.95e-13	6.86e-10	2.46e-07	2.02e-05	4.62e-04	5.38e-03	2.35e-01	4.92e-01	2.67e-01
 1.29618e+22	2.71e-22	5.74e-17	6.22e-13	8.37e-10	2.93e-07	2.34e-05	5.19e-04	5.81e-03	2.44e-01	4.92e-01	2.58e-01
 1.31092e+22	3.42e-22	7.10e-17	7.53e-13	9.89e-10	3.39e-07	2.65e-05	5.72e-04	6.20e-03	2.52e-01	4.92e-01	2.49e-01
 1.32390e+22	4.26e-22	8.67e-17	9.00e-13	1.16e-09	3.89e-07	2.98e-05	6.26e-04	6.58e-03	2.59e-01	4.91e-01	2.42e-01
 1.33650e+22	5.23e-22	1.04e-16	1.06e-12	1.34e-09	4.43e-07	3.32e-05	6.82e-04	6.96e-03	2.67e-01	4.91e-01	2.35e-01
 1.35069e+22	6.81e-22	1.33e-16	1.32e-12	1.62e-09	5.23e-07	3.82e-05	7.62e-04	7.50e-03	2.76e-01	4.90e-01	2.26e-01
 1.36492e+22	8.30e-22	1.59e-16	1.56e-12	1.87e-09	5.92e-07	4.25e-05	8.26e-04	7.91e-03	2.83e-01	4.89e-01	2.19e-01
 1.37920e+22	1.07e-21	2.01e-16	1.92e-12	2.24e-09	6.95e-07	4.86e-05	9.19e-04	8.49e-03	2.93e-01	4.87e-01	2.11e-01
 1.39380e+22	1.31e-21	2.42e-16	2.26e-12	2.59e-09	7.88e-07	5.40e-05	9.98e-04	8.96e-03	3.00e-01	4.85e-01	2.04e-01
 1.40880e+22	1.70e-21	3.07e-16	2.80e-12	3.13e-09	9.29e-07	6.21e-05	1.11e-03	9.63e-03	3.10e-01	4.83e-01	1.96e-01
 1.42401e+22	2.07e-21	3.69e-16	3.31e-12	3.61e-09	1.05e-06	6.90e-05	1.21e-03	1.02e-02	3.18e-01	4.81e-01	1.90e-01
 1.43951e+22	2.69e-21	4.68e-16	4.10e-12	4.36e-09	1.24e-06	7.93e-05	1.35e-03	1.09e-02	3.29e-01	4.78e-01	1.81e-01
 1.45534e+22	3.30e-21	5.64e-16	4.85e-12	5.05e-09	1.41e-06	8.83e-05	1.46e-03	1.15e-02	3.37e-01	4.75e-01	1.75e-01
 1.47160e+22	4.28e-21	7.16e-16	6.01e-12	6.10e-09	1.66e-06	1.01e-04	1.63e-03	1.24e-02	3.47e-01	4.72e-01	1.67e-01
 1.48836e+22	5.31e-21	8.72e-16	7.18e-12	7.12e-09	1.90e-06	1.13e-04	1.78e-03	1.31e-02	3.56e-01	4.68e-01	1.61e-01
 1.50577e+22	6.96e-21	1.12e-15	8.97e-12	8.65e-09	2.25e-06	1.31e-04	1.98e-03	1.41e-02	3.67e-01	4.64e-01	1.53e-01
 1.52266e+22	8.44e-21	1.33e-15	1.05e-11	9.93e-09	2.54e-06	1.44e-04	2.14e-03	1.48e-02	3.75e-01	4.60e-01	1.48e-01
 1.53887e+22	1.08e-20	1.68e-15	1.29e-11	1.19e-08	2.97e-06	1.65e-04	2.37e-03	1.58e-02	3.85e-01	4.56e-01	1.41e-01
 1.55543e+22	1.32e-20	2.01e-15	1.52e-11	1.37e-08	3.36e-06	1.83e-04	2.56e-03	1.66e-02	3.93e-01	4.52e-01	1.36e-01
 1.57241e+22	1.68e-20	2.51e-15	1.86e-11	1.63e-08	3.91e-06	2.07e-04	2.82e-03	1.77e-02	4.03e-01	4.47e-01	1.29e-01
 1.59037e+22	2.11e-20	3.08e-15	2.23e-11	1.92e-08	4.49e-06	2.32e-04	3.09e-03	1.87e-02	4.13e-01	4.42e-01	1.24e-01
 1.60689e+22	2.60e-20	3.73e-15	2.65e-11	2.23e-08	5.11e-06	2.59e-04	3.35e-03	1.97e-02	4.21e-01	4.37e-01	1.19e-01
 1.62565e+22	3.39e-20	4.76e-15	3.30e-11	2.70e-08	6.03e-06	2.97e-04	3.72e-03	2.11e-02	4.32e-01	4.30e-01	1.12e-01
 1.64537e+22	4.28e-20	5.89e-15	4.00e-11	3.19e-08	6.96e-06	3.34e-04	4.07e-03	2.23e-02	4.42e-01	4.25e-01	1.07e-01
 1.66636e+22	5.72e-20	7.68e-15	5.07e-11	3.92e-08	8.32e-06	3.87e-04	4.55e-03	2.40e-02	4.54e-01	4.17e-01	1.00e-01
 1.68681e+22	7.10e-20	9.36e-15	6.06e-11	4.57e-08	9.49e-06	4.32e-04	4.94e-03	2.52e-02	4.62e-01	4.11e-01	9.59e-02
 1.70657e+22	9.29e-20	1.20e-14	7.56e-11	5.55e-08	1.12e-05	4.96e-04	5.49e-03	2.70e-02	4.73e-01	4.03e-01	9.02e-02
 1.72654e+22	1.15e-19	1.46e-14	9.02e-11	6.47e-08	1.28e-05	5.52e-04	5.95e-03	2.84e-02	4.82e-01	3.97e-01	8.60e-02
 1.74678e+22	1.51e-19	1.87e-14	1.13e-10	7.85e-08	1.51e-05	6.34e-04	6.61e-03	3.03e-02	4.93e-01	3.89e-01	8.07e-02
 1.76729e+22	1.88e-19	2.28e-14	1.35e-10	9.17e-08	1.73e-05	7.07e-04	7.17e-03	3.19e-02	5.01e-01	3.83e-01	7.67e-02
 1.78817e+22	2.46e-19	2.93e-14	1.69e-10	1.12e-07	2.05e-05	8.14e-04	7.98e-03	3.40e-02	5.12e-01	3.74e-01	7.17e-02
 1.80931e+22	3.07e-19	3.59e-14	2.03e-10	1.31e-07	2.34e-05	9.09e-04	8.67e-03	3.58e-02	5.20e-01	3.67e-01	6.79e-02
 1.83078e+22	4.05e-19	4.63e-14	2.55e-10	1.60e-07	2.79e-05	1.05e-03	9.67e-03	3.83e-02	5.31e-01	3.57e-01	6.31e-02
 1.85240e+22	5.02e-19	5.64e-14	3.05e-10	1.87e-07	3.19e-05	1.17e-03	1.05e-02	4.03e-02	5.39e-01	3.49e-01	5.96e-02
 1.87421e+22	6.58e-19	7.25e-14	3.83e-10	2.28e-07	3.79e-05	1.35e-03	1.17e-02	4.31e-02	5.49e-01	3.40e-01	5.53e-02
 1.89638e+22	8.18e-19	8.87e-14	4.60e-10	2.68e-07	4.35e-05	1.52e-03	1.27e-02	4.54e-02	5.57e-01	3.32e-01	5.20e-02
 1.91901e+22	1.07e-18	1.14e-13	5.81e-10	3.28e-07	5.20e-05	1.76e-03	1.42e-02	4.86e-02	5.67e-01	3.21e-01	4.78e-02
 1.94173e+22	1.33e-18	1.39e-13	6.94e-10	3.84e-07	5.96e-05	1.97e-03	1.55e-02	5.11e-02	5.74e-01	3.13e-01	4.49e-02
 1.96456e+22	1.72e-18	1.78e-13	8.72e-10	4.69e-07	7.11e-05	2.28e-03	1.73e-02	5.47e-02	5.83e-01	3.02e-01	4.11e-02
 1.98657e+22	2.07e-18	2.12e-13	1.02e-09	5.40e-07	8.03e-05	2.52e-03	1.87e-02	5.72e-02	5.89e-01	2.94e-01	3.87e-02
 2.00752e+22	2.60e-18	2.64e-13	1.25e-09	6.46e-07	9.41e-05	2.88e-03	2.06e-02	6.09e-02	5.96e-01	2.83e-01	3.55e-02
 2.02830e+22	3.10e-18	3.11e-13	1.46e-09	7.39e-07	1.06e-04	3.18e-03	2.22e-02	6.36e-02	6.01e-01	2.76e-01	3.34e-02
 2.04887e+22	3.82e-18	3.81e-13	1.77e-09	8.78e-07	1.23e-04	3.62e-03	2.45e-02	6.75e-02	6.08e-01	2.66e-01	3.06e-02
 2.06974e+22	4.54e-18	4.49e-13	2.06e-09	1.00e-06	1.39e-04	4.00e-03	2.64e-02	7.05e-02	6.12e-01	2.58e-01	2.87e-02
 2.09100e+22	5.54e-18	5.47e-13	2.49e-09	1.19e-06	1.62e-04	4.56e-03	2.91e-02	7.49e-02	6.18e-01	2.47e-01	2.61e-02
 2.11260e+22	6.52e-18	6.42e-13	2.89e-09	1.37e-06	1.83e-04	5.05e-03	3.14e-02	7.84e-02	6.22e-01	2.39e-01	2.43e-02
 2.13466e+22	7.94e-18	7.81e-13	3.50e-09	1.62e-06	2.14e-04	5.76e-03	3.47e-02	8.32e-02	6.26e-01	2.28e-01	2.20e-02
 2.15730e+22	9.25e-18	9.12e-13	4.07e-09	1.86e-06	2.42e-04	6.41e-03	3.76e-02	8.73e-02	6.29e-01	2.19e-01	2.03e-02
 2.18068e+22	1.11e-17	1.10e-12	4.92e-09	2.22e-06	2.84e-04	7.34e-03	4.16e-02	9.29e-02	6.32e-01	2.08e-01	1.82e-02
 2.20444e+22	1.28e-17	1.28e-12	5.70e-09	2.54e-06	3.22e-04	8.18e-03	4.51e-02	9.74e-02	6.33e-01	1.99e-01	1.66e-02
 2.22828e+22	1.50e-17	1.52e-12	6.81e-09	3.01e-06	3.76e-04	9.34e-03	4.98e-02	1.03e-01	6.34e-01	1.88e-01	1.48e-02
 2.25231e+22	1.70e-17	1.75e-12	7.84e-09	3.43e-06	4.26e-04	1.04e-02	5.38e-02	1.08e-01	6.34e-01	1.79e-01	1.35e-02
 2.27588e+22	1.94e-17	2.03e-12	9.22e-09	4.00e-06	4.92e-04	1.18e-02	5.90e-02	1.15e-01	6.33e-01	1.69e-01	1.20e-02
 2.29969e+22	2.16e-17	2.30e-12	1.05e-08	4.56e-06	5.56e-04	1.30e-02	6.37e-02	1.20e-01	6.31e-01	1.61e-01	1.08e-02
 2.32041e+22	2.36e-17	2.56e-12	1.19e-08	5.10e-06	6.18e-04	1.43e-02	6.80e-02	1.25e-01	6.29e-01	1.53e-01	9.91e-03
 2.34244e+22	2.60e-17	2.91e-12	1.37e-08	5.87e-06	7.06e-04	1.60e-02	7.38e-02	1.31e-01	6.25e-01	1.44e-01	8.83e-03
 2.36466e+22	2.81e-17	3.22e-12	1.53e-08	6.57e-06	7.85e-04	1.75e-02	7.87e-02	1.36e-01	6.22e-01	1.37e-01	8.03e-03
 2.38443e+22	3.01e-17	3.54e-12	1.71e-08	7.32e-06	8.70e-04	1.91e-02	8.37e-02	1.42e-01	6.17e-01	1.30e-01	7.31e-03
 2.40644e+22	3.25e-17	3.96e-12	1.95e-08	8.37e-06	9.88e-04	2.12e-02	9.02e-02	1.48e-01	6.11e-01	1.22e-01	6.49e-03
 2.42823e+22	3.47e-17	4.34e-12	2.17e-08	9.31e-06	1.09e-03	2.30e-02	9.54e-02	1.53e-01	6.06e-01	1.16e-01	5.91e-03
 2.45031e+22	3.71e-17	4.84e-12	2.49e-08	1.07e-05	1.24e-03	2.56e-02	1.02e-01	1.60e-01	5.98e-01	1.08e-01	5.22e-03
 2.47239e+22	3.95e-17	5.30e-12	2.77e-08	1.19e-05	1.37e-03	2.77e-02	1.08e-01	1.64e-01	5.91e-01	1.03e-01	4.75e-03
 2.49447e+22	4.22e-17	5.91e-12	3.17e-08	1.36e-05	1.55e-03	3.06e-02	1.16e-01	1.71e-01	5.82e-01	9.56e-02	4.19e-03
 2.51666e+22	4.48e-17	6.47e-12	3.53e-08	1.51e-05	1.71e-03	3.31e-02	1.21e-01	1.76e-01	5.74e-01	9.04e-02	3.80e-03
 2.53902e+22	4.78e-17	7.23e-12	4.05e-08	1.74e-05	1.94e-03	3.66e-02	1.29e-01	1.82e-01	5.63e-01	8.39e-02	3.34e-03
 2.56153e+22	5.08e-17	7.94e-12	4.53e-08	1.94e-05	2.14e-03	3.94e-02	1.36e-01	1.87e-01	5.54e-01	7.91e-02	3.02e-03
 2.58426e+22	5.45e-17	8.93e-12	5.23e-08	2.24e-05	2.43e-03	4.35e-02	1.44e-01	1.93e-01	5.41e-01	7.32e-02	2.65e-03
 2.60729e+22	5.82e-17	9.86e-12	5.89e-08	2.52e-05	2.69e-03	4.69e-02	1.51e-01	1.97e-01	5.31e-01	6.88e-02	2.38e-03
 2.63071e+22	6.28e-17	1.12e-11	6.86e-08	2.93e-05	3.06e-03	5.17e-02	1.60e-01	2.03e-01	5.17e-01	6.33e-02	2.07e-03
 2.65450e+22	6.77e-17	1.25e-11	7.80e-08	3.31e-05	3.40e-03	5.58e-02	1.67e-01	2.07e-01	5.06e-01	5.93e-02	1.86e-03
 2.67877e+22	7.37e-17	1.43e-11	9.18e-08	3.88e-05	3.88e-03	6.15e-02	1.76e-01	2.13e-01	4.90e-01	5.42e-02	1.61e-03
 2.70356e+22	8.08e-17	1.62e-11	1.05e-07	4.42e-05	4.32e-03	6.64e-02	1.83e-01	2.17e-01	4.77e-01	5.05e-02	1.43e-03
 2.72902e+22	8.96e-17	1.89e-11	1.26e-07	5.23e-05	4.97e-03	7.32e-02	1.93e-01	2.21e-01	4.60e-01	4.58e-02	1.22e-03
 2.75470e+22	9.92e-17	2.16e-11	1.46e-07	5.98e-05	5.54e-03	7.89e-02	2.01e-01	2.24e-01	4.46e-01	4.25e-02	1.09e-03
 2.77652e+22	1.09e-16	2.44e-11	1.67e-07	6.79e-05	6.12e-03	8.46e-02	2.08e-01	2.27e-01	4.33e-01	3.96e-02	9.69e-04
 2.80078e+22	1.23e-16	2.87e-11	2.00e-07	7.99e-05	6.97e-03	9.24e-02	2.17e-01	2.30e-01	4.16e-01	3.60e-02	8.34e-04
 2.82400e+22	1.35e-16	3.23e-11	2.27e-07	8.96e-05	7.62e-03	9.81e-02	2.23e-01	2.32e-01	4.04e-01	3.36e-02	7.51e-04
 2.84588e+22	1.53e-16	3.77e-11	2.67e-07	1.04e-04	8.56e-03	1.06e-01	2.32e-01	2.34e-01	3.89e-01	3.08e-02	6.54e-04
 2.86807e+22	1.70e-16	4.28e-11	3.06e-07	1.17e-04	9.37e-03	1.12e-01	2.38e-01	2.35e-01	3.76e-01	2.87e-02	5.87e-04
 2.89065e+22	1.94e-16	5.05e-11	3.63e-07	1.36e-04	1.05e-02	1.21e-01	2.46e-01	2.36e-01	3.60e-01	2.60e-02	5.07e-04
 2.91338e+22	2.19e-16	5.79e-11	4.17e-07	1.54e-04	1.15e-02	1.28e-01	2.52e-01	2.36e-01	3.47e-01	2.42e-02	4.53e-04
 2.93628e+22	2.54e-16	6.90e-11	4.99e-07	1.79e-04	1.29e-02	1.38e-01	2.59e-01	2.36e-01	3.31e-01	2.19e-02	3.90e-04
 2.95948e+22	2.91e-16	7.99e-11	5.75e-07	2.03e-04	1.42e-02	1.46e-01	2.65e-01	2.36e-01	3.18e-01	2.03e-02	3.47e-04
 2.98305e+22	3.44e-16	9.64e-11	6.93e-07	2.38e-04	1.59e-02	1.57e-01	2.72e-01	2.35e-01	3.01e-01	1.82e-02	2.96e-04
 3.00699e+22	3.99e-16	1.13e-10	8.04e-07	2.69e-04	1.74e-02	1.66e-01	2.77e-01	2.33e-01	2.88e-01	1.68e-02	2.62e-04
 3.03140e+22	4.82e-16	1.38e-10	9.76e-07	3.17e-04	1.96e-02	1.79e-01	2.83e-01	2.31e-01	2.72e-01	1.50e-02	2.22e-04
 3.05625e+22	5.68e-16	1.63e-10	1.14e-06	3.60e-04	2.15e-02	1.89e-01	2.88e-01	2.29e-01	2.59e-01	1.37e-02	1.95e-04
 3.08168e+22	7.01e-16	2.02e-10	1.40e-06	4.25e-04	2.42e-02	2.02e-01	2.94e-01	2.26e-01	2.42e-01	1.21e-02	1.63e-04
 3.10765e+22	8.43e-16	2.41e-10	1.64e-06	4.84e-04	2.65e-02	2.13e-01	2.98e-01	2.22e-01	2.29e-01	1.10e-02	1.42e-04
 3.13432e+22	1.06e-15	3.04e-10	2.03e-06	5.76e-04	2.99e-02	2.28e-01	3.02e-01	2.17e-01	2.12e-01	9.60e-03	1.17e-04
 3.16105e+22	1.29e-15	3.65e-10	2.39e-06	6.54e-04	3.27e-02	2.40e-01	3.05e-01	2.13e-01	2.00e-01	8.68e-03	1.02e-04
 3.18786e+22	1.65e-15	4.63e-10	2.95e-06	7.75e-04	3.67e-02	2.55e-01	3.08e-01	2.07e-01	1.85e-01	7.56e-03	8.35e-05
 3.21511e+22	2.03e-15	5.61e-10	3.49e-06	8.82e-04	4.01e-02	2.68e-01	3.09e-01	2.02e-01	1.73e-01	6.78e-03	7.17e-05
 3.23881e+22	2.48e-15	6.74e-10	4.09e-06	1.00e-03	4.36e-02	2.80e-01	3.10e-01	1.97e-01	1.62e-01	6.08e-03	6.17e-05
 3.26549e+22	3.23e-15	8.58e-10	5.04e-06	1.17e-03	4.86e-02	2.95e-01	3.11e-01	1.90e-01	1.49e-01	5.27e-03	5.06e-05
 3.29245e+22	3.99e-15	1.03e-09	5.91e-06	1.33e-03	5.27e-02	3.08e-01	3.11e-01	1.84e-01	1.39e-01	4.72e-03	4.34e-05
 3.31495e+22	4.83e-15	1.22e-09	6.82e-06	1.48e-03	5.66e-02	3.19e-01	3.10e-01	1.79e-01	1.30e-01	4.26e-03	3.76e-05
 3.33941e+22	6.20e-15	1.53e-09	8.23e-06	1.70e-03	6.21e-02	3.33e-01	3.08e-01	1.72e-01	1.19e-01	3.71e-03	3.12e-05
 3.36366e+22	7.50e-15	1.81e-09	9.44e-06	1.89e-03	6.64e-02	3.43e-01	3.07e-01	1.66e-01	1.12e-01	3.34e-03	2.71e-05
 3.38764e+22	9.54e-15	2.22e-09	1.12e-05	2.15e-03	7.20e-02	3.56e-01	3.04e-01	1.60e-01	1.03e-01	2.93e-03	2.27e-05
 3.41261e+22	1.19e-14	2.69e-09	1.31e-05	2.42e-03	7.76e-02	3.68e-01	3.01e-01	1.53e-01	9.48e-02	2.59e-03	1.92e-05
 3.43485e+22	1.45e-14	3.19e-09	1.51e-05	2.68e-03	8.27e-02	3.78e-01	2.98e-01	1.48e-01	8.83e-02	2.32e-03	1.65e-05
 3.45973e+22	1.86e-14	3.94e-09	1.79e-05	3.04e-03	8.95e-02	3.91e-01	2.94e-01	1.40e-01	8.05e-02	2.02e-03	1.37e-05
 3.48600e+22	2.35e-14	4.81e-09	2.10e-05	3.41e-03	9.61e-02	4.02e-01	2.90e-01	1.34e-01	7.37e-02	1.77e-03	1.15e-05
 3.50991e+22	2.92e-14	5.76e-09	2.43e-05	3.80e-03	1.03e-01	4.12e-01	2.85e-01	1.28e-01	6.79e-02	1.56e-03	9.72e-06
 3.53685e+22	3.85e-14	7.27e-09	2.93e-05	4.34e-03	1.11e-01	4.24e-01	2.79e-01	1.20e-01	6.09e-02	1.33e-03	7.86e-06
 3.56458e+22	4.87e-14	8.84e-09	3.42e-05	4.85e-03	1.19e-01	4.33e-01	2.73e-01	1.14e-01	5.55e-02	1.16e-03	6.54e-06
 3.58953e+22	6.12e-14	1.07e-08	3.97e-05	5.39e-03	1.26e-01	4.42e-01	2.67e-01	1.07e-01	5.06e-02	1.01e-03	5.47e-06
 3.61813e+22	8.20e-14	1.36e-08	4.80e-05	6.17e-03	1.37e-01	4.53e-01	2.58e-01	9.99e-02	4.49e-02	8.47e-04	4.34e-06
 3.64716e+22	1.04e-13	1.66e-08	5.60e-05	6.87e-03	1.45e-01	4.61e-01	2.51e-01	9.39e-02	4.06e-02	7.32e-04	3.58e-06
 3.67288e+22	1.32e-13	2.00e-08	6.50e-05	7.62e-03	1.54e-01	4.68e-01	2.44e-01	8.83e-02	3.68e-02	6.34e-04	2.96e-06
 3.70245e+22	1.77e-13	2.55e-08	7.85e-05	8.68e-03	1.66e-01	4.76e-01	2.35e-01	8.13e-02	3.23e-02	5.26e-04	2.33e-06
 3.73257e+22	2.26e-13	3.12e-08	9.15e-05	9.66e-03	1.76e-01	4.82e-01	2.27e-01	7.59e-02	2.90e-02	4.50e-04	1.90e-06
 3.76341e+22	3.07e-13	3.99e-08	1.11e-04	1.10e-02	1.89e-01	4.88e-01	2.17e-01	6.93e-02	2.52e-02	3.69e-04	1.47e-06
 3.79472e+22	3.94e-13	4.89e-08	1.29e-04	1.22e-02	2.00e-01	4.92e-01	2.09e-01	6.43e-02	2.25e-02	3.13e-04	1.19e-06
 3.82664e+22	5.35e-13	6.25e-08	1.56e-04	1.39e-02	2.14e-01	4.96e-01	1.98e-01	5.84e-02	1.95e-02	2.56e-04	9.13e-07
 3.85943e+22	7.02e-13	7.78e-08	1.84e-04	1.55e-02	2.26e-01	4.98e-01	1.89e-01	5.35e-02	1.71e-02	2.13e-04	7.20e-07
 3.88803e+22	8.91e-13	9.41e-08	2.13e-04	1.71e-02	2.38e-01	4.99e-01	1.81e-01	4.94e-02	1.52e-02	1.80e-04	5.83e-07
 3.91990e+22	1.20e-12	1.19e-07	2.54e-04	1.92e-02	2.52e-01	5.00e-01	1.71e-01	4.47e-02	1.31e-02	1.47e-04	4.47e-07
 3.95376e+22	1.58e-12	1.49e-07	3.00e-04	2.14e-02	2.66e-01	4.99e-01	1.61e-01	4.05e-02	1.14e-02	1.21e-04	3.48e-07
 3.98137e+22	1.96e-12	1.76e-07	3.41e-04	2.33e-02	2.77e-01	4.98e-01	1.54e-01	3.75e-02	1.02e-02	1.03e-04	2.86e-07
 4.00842e+22	2.50e-12	2.14e-07	3.94e-04	2.56e-02	2.89e-01	4.95e-01	1.46e-01	3.43e-02	8.98e-03	8.67e-05	2.28e-07
 4.03724e+22	3.12e-12	2.55e-07	4.50e-04	2.78e-02	3.01e-01	4.92e-01	1.39e-01	3.16e-02	7.97e-03	7.36e-05	1.85e-07
 4.06405e+22	3.89e-12	3.04e-07	5.12e-04	3.02e-02	3.12e-01	4.89e-01	1.32e-01	2.90e-02	7.08e-03	6.25e-05	1.50e-07
 4.09460e+22	5.11e-12	3.77e-07	6.00e-04	3.34e-02	3.26e-01	4.84e-01	1.24e-01	2.61e-02	6.10e-03	5.09e-05	0.00e+00
 4.12599e+22	6.50e-12	4.56e-07	6.90e-04	3.65e-02	3.39e-01	4.78e-01	1.16e-01	2.37e-02	5.34e-03	4.24e-05	0.00e+00
 4.15374e+22	8.12e-12	5.43e-07	7.85e-04	3.96e-02	3.51e-01	4.73e-01	1.10e-01	2.17e-02	4.71e-03	3.57e-05	0.00e+00
 4.18509e+22	1.07e-11	6.74e-07	9.19e-04	4.37e-02	3.65e-01	4.65e-01	1.02e-01	1.93e-02	4.02e-03	2.88e-05	0.00e+00
 4.21697e+22	1.35e-11	8.09e-07	1.05e-03	4.75e-02	3.77e-01	4.57e-01	9.58e-02	1.75e-02	3.51e-03	2.39e-05	0.00e+00
 4.24496e+22	1.68e-11	9.62e-07	1.19e-03	5.13e-02	3.89e-01	4.50e-01	8.99e-02	1.59e-02	3.08e-03	2.00e-05	0.00e+00
 4.27674e+22	2.21e-11	1.19e-06	1.39e-03	5.63e-02	4.03e-01	4.40e-01	8.30e-02	1.41e-02	2.62e-03	1.60e-05	0.00e+00
 4.30952e+22	2.80e-11	1.43e-06	1.59e-03	6.11e-02	4.15e-01	4.30e-01	7.73e-02	1.27e-02	2.27e-03	1.32e-05	0.00e+00
 4.33886e+22	3.52e-11	1.71e-06	1.81e-03	6.60e-02	4.26e-01	4.21e-01	7.20e-02	1.14e-02	1.97e-03	1.09e-05	0.00e+00
 4.37226e+22	4.67e-11	2.13e-06	2.11e-03	7.24e-02	4.40e-01	4.08e-01	6.58e-02	1.00e-02	1.65e-03	8.61e-06	0.00e+00
 4.40668e+22	5.98e-11	2.58e-06	2.43e-03	7.85e-02	4.51e-01	3.97e-01	6.06e-02	8.94e-03	1.41e-03	6.97e-06	0.00e+00
 4.43737e+22	7.53e-11	3.08e-06	2.76e-03	8.45e-02	4.62e-01	3.86e-01	5.60e-02	8.00e-03	1.22e-03	5.71e-06	0.00e+00
 4.47221e+22	1.00e-10	3.85e-06	3.23e-03	9.26e-02	4.74e-01	3.72e-01	5.06e-02	6.95e-03	1.01e-03	4.43e-06	0.00e+00
 4.50799e+22	1.30e-10	4.68e-06	3.71e-03	1.00e-01	4.84e-01	3.59e-01	4.62e-02	6.13e-03	8.52e-04	3.54e-06	0.00e+00
 4.53959e+22	1.63e-10	5.59e-06	4.21e-03	1.08e-01	4.93e-01	3.46e-01	4.24e-02	5.45e-03	7.29e-04	2.87e-06	0.00e+00
 4.57525e+22	2.18e-10	6.97e-06	4.91e-03	1.17e-01	5.03e-01	3.31e-01	3.80e-02	4.70e-03	5.99e-04	2.21e-06	0.00e+00
 4.61199e+22	2.81e-10	8.47e-06	5.63e-03	1.27e-01	5.11e-01	3.17e-01	3.44e-02	4.11e-03	5.02e-04	1.75e-06	0.00e+00
 4.64457e+22	3.55e-10	1.01e-05	6.38e-03	1.35e-01	5.18e-01	3.05e-01	3.13e-02	3.63e-03	4.26e-04	1.40e-06	0.00e+00
 4.68142e+22	4.78e-10	1.27e-05	7.47e-03	1.47e-01	5.26e-01	2.88e-01	2.77e-02	3.09e-03	3.44e-04	1.06e-06	0.00e+00
 4.71912e+22	6.13e-10	1.53e-05	8.51e-03	1.58e-01	5.31e-01	2.74e-01	2.49e-02	2.69e-03	2.87e-04	8.31e-07	0.00e+00
 4.75796e+22	8.35e-10	1.94e-05	1.00e-02	1.72e-01	5.36e-01	2.58e-01	2.18e-02	2.26e-03	2.28e-04	6.14e-07	0.00e+00
 4.79730e+22	1.07e-09	2.35e-05	1.14e-02	1.84e-01	5.39e-01	2.44e-01	1.94e-02	1.96e-03	1.89e-04	4.77e-07	0.00e+00
 4.83731e+22	1.47e-09	2.98e-05	1.34e-02	2.00e-01	5.42e-01	2.27e-01	1.68e-02	1.63e-03	1.48e-04	3.47e-07	0.00e+00
 4.87782e+22	1.90e-09	3.61e-05	1.53e-02	2.13e-01	5.42e-01	2.13e-01	1.48e-02	1.40e-03	1.21e-04	2.66e-07	0.00e+00
 4.91899e+22	2.60e-09	4.56e-05	1.79e-02	2.30e-01	5.41e-01	1.97e-01	1.27e-02	1.16e-03	9.43e-05	1.92e-07	0.00e+00
 4.96112e+22	3.38e-09	5.55e-05	2.04e-02	2.45e-01	5.39e-01	1.83e-01	1.11e-02	9.85e-04	7.61e-05	1.45e-07	0.00e+00
 4.99867e+22	4.37e-09	6.72e-05	2.32e-02	2.60e-01	5.36e-01	1.71e-01	9.72e-03	8.38e-04	6.16e-05	0.00e+00	0.00e+00
 5.04165e+22	6.02e-09	8.53e-05	2.72e-02	2.79e-01	5.30e-01	1.55e-01	8.18e-03	6.82e-04	4.69e-05	0.00e+00	0.00e+00
 5.08556e+22	7.83e-09	1.04e-04	3.09e-02	2.95e-01	5.23e-01	1.43e-01	7.07e-03	5.74e-04	3.74e-05	0.00e+00	0.00e+00
 5.12419e+22	1.01e-08	1.25e-04	3.49e-02	3.11e-01	5.15e-01	1.32e-01	6.12e-03	4.85e-04	2.99e-05	0.00e+00	0.00e+00
 5.16791e+22	1.39e-08	1.58e-04	4.07e-02	3.31e-01	5.04e-01	1.19e-01	5.08e-03	3.90e-04	2.25e-05	0.00e+00	0.00e+00
 5.21038e+22	1.74e-08	1.87e-04	4.54e-02	3.46e-01	4.94e-01	1.10e-01	4.43e-03	3.32e-04	1.82e-05	0.00e+00	0.00e+00
 5.24486e+22	2.15e-08	2.19e-04	5.02e-02	3.60e-01	4.84e-01	1.01e-01	3.88e-03	2.85e-04	1.49e-05	0.00e+00	0.00e+00
 5.28330e+22	2.82e-08	2.66e-04	5.69e-02	3.77e-01	4.71e-01	9.14e-02	3.27e-03	2.34e-04	1.15e-05	0.00e+00	0.00e+00
 5.32194e+22	3.50e-08	3.12e-04	6.29e-02	3.91e-01	4.59e-01	8.39e-02	2.84e-03	2.00e-04	9.31e-06	0.00e+00	0.00e+00
 5.36085e+22	4.54e-08	3.77e-04	7.09e-02	4.07e-01	4.44e-01	7.54e-02	2.39e-03	1.64e-04	7.19e-06	0.00e+00	0.00e+00
 5.40061e+22	5.70e-08	4.44e-04	7.86e-02	4.21e-01	4.29e-01	6.84e-02	2.04e-03	1.38e-04	5.70e-06	0.00e+00	0.00e+00
 5.43572e+22	7.00e-08	5.16e-04	8.63e-02	4.33e-01	4.16e-01	6.24e-02	1.76e-03	1.17e-04	4.60e-06	0.00e+00	0.00e+00
 5.47560e+22	9.08e-08	6.22e-04	9.68e-02	4.48e-01	3.98e-01	5.54e-02	1.46e-03	9.47e-05	3.50e-06	0.00e+00	0.00e+00
 5.51654e+22	1.14e-07	7.32e-04	1.07e-01	4.60e-01	3.81e-01	4.96e-02	1.24e-03	7.85e-05	2.73e-06	0.00e+00	0.00e+00
 5.55017e+22	1.37e-07	8.34e-04	1.16e-01	4.69e-01	3.67e-01	4.53e-02	1.08e-03	6.73e-05	2.23e-06	0.00e+00	0.00e+00
 5.58520e+22	1.71e-07	9.75e-04	1.27e-01	4.80e-01	3.51e-01	4.05e-02	9.07e-04	5.57e-05	1.74e-06	0.00e+00	0.00e+00
 5.62128e+22	2.06e-07	1.11e-03	1.38e-01	4.88e-01	3.36e-01	3.66e-02	7.81e-04	4.72e-05	1.40e-06	0.00e+00	0.00e+00
 5.65376e+22	2.46e-07	1.27e-03	1.49e-01	4.95e-01	3.22e-01	3.32e-02	6.75e-04	4.01e-05	1.14e-06	0.00e+00	0.00e+00
 5.69100e+22	3.09e-07	1.49e-03	1.63e-01	5.02e-01	3.03e-01	2.92e-02	5.59e-04	3.25e-05	8.67e-07	0.00e+00	0.00e+00
 5.72843e+22	3.73e-07	1.69e-03	1.76e-01	5.08e-01	2.88e-01	2.61e-02	4.76e-04	2.73e-05	6.89e-07	0.00e+00	0.00e+00
 5.76103e+22	4.46e-07	1.92e-03	1.89e-01	5.12e-01	2.74e-01	2.34e-02	4.07e-04	2.30e-05	5.51e-07	0.00e+00	0.00e+00
 5.79835e+22	5.55e-07	2.24e-03	2.06e-01	5.15e-01	2.56e-01	2.04e-02	3.35e-04	1.85e-05	4.17e-07	0.00e+00	0.00e+00
 5.83626e+22	6.67e-07	2.54e-03	2.22e-01	5.17e-01	2.41e-01	1.81e-02	2.83e-04	1.53e-05	3.28e-07	0.00e+00	0.00e+00
 5.86986e+22	7.95e-07	2.87e-03	2.37e-01	5.17e-01	2.26e-01	1.61e-02	2.40e-04	1.28e-05	2.59e-07	0.00e+00	0.00e+00
 5.90849e+22	9.89e-07	3.34e-03	2.57e-01	5.16e-01	2.09e-01	1.38e-02	1.94e-04	1.01e-05	1.92e-07	0.00e+00	0.00e+00
 5.94761e+22	1.19e-06	3.78e-03	2.75e-01	5.14e-01	1.95e-01	1.21e-02	1.62e-04	8.27e-06	1.49e-07	0.00e+00	0.00e+00
 5.98735e+22	1.48e-06	4.39e-03	2.98e-01	5.09e-01	1.78e-01	1.02e-02	1.30e-04	6.46e-06	0.00e+00	0.00e+00	0.00e+00
 6.02749e+22	1.77e-06	4.97e-03	3.18e-01	5.04e-01	1.64e-01	8.88e-03	1.07e-04	5.23e-06	0.00e+00	0.00e+00	0.00e+00
 6.06816e+22	2.20e-06	5.76e-03	3.43e-01	4.95e-01	1.49e-01	7.44e-03	8.50e-05	4.03e-06	0.00e+00	0.00e+00	0.00e+00
 6.10938e+22	2.64e-06	6.51e-03	3.64e-01	4.87e-01	1.36e-01	6.37e-03	6.94e-05	3.21e-06	0.00e+00	0.00e+00	0.00e+00
 6.15130e+22	3.27e-06	7.52e-03	3.91e-01	4.75e-01	1.22e-01	5.26e-03	5.43e-05	2.44e-06	0.00e+00	0.00e+00	0.00e+00
 6.19397e+22	3.92e-06	8.50e-03	4.14e-01	4.63e-01	1.10e-01	4.45e-03	4.38e-05	1.92e-06	0.00e+00	0.00e+00	0.00e+00
 6.23759e+22	4.88e-06	9.83e-03	4.43e-01	4.47e-01	9.69e-02	3.61e-03	3.37e-05	1.42e-06	0.00e+00	0.00e+00	0.00e+00
 6.28205e+22	5.86e-06	1.11e-02	4.68e-01	4.31e-01	8.64e-02	3.00e-03	2.67e-05	1.09e-06	0.00e+00	0.00e+00	0.00e+00
 6.31224e+22	6.45e-06	1.19e-02	4.82e-01	4.23e-01	8.12e-02	2.71e-03	2.36e-05	9.51e-07	0.00e+00	0.00e+00	0.00e+00
 6.33612e+22	7.26e-06	1.28e-02	4.98e-01	4.12e-01	7.51e-02	2.40e-03	2.02e-05	7.98e-07	0.00e+00	0.00e+00	0.00e+00
 6.35800e+22	7.80e-06	1.34e-02	5.08e-01	4.05e-01	7.14e-02	2.22e-03	1.84e-05	7.16e-07	0.00e+00	0.00e+00	0.00e+00
 6.37300e+22	8.26e-06	1.40e-02	5.16e-01	3.99e-01	6.86e-02	2.08e-03	1.70e-05	6.55e-07	0.00e+00	0.00e+00	0.00e+00
 6.38821e+22	8.88e-06	1.46e-02	5.26e-01	3.92e-01	6.52e-02	1.92e-03	1.54e-05	5.87e-07	0.00e+00	0.00e+00	0.00e+00
 6.40799e+22	9.70e-06	1.55e-02	5.39e-01	3.83e-01	6.11e-02	1.74e-03	1.37e-05	5.10e-07	0.00e+00	0.00e+00	0.00e+00
 6.43370e+22	1.10e-05	1.68e-02	5.56e-01	3.70e-01	5.58e-02	1.51e-03	1.15e-05	4.20e-07	0.00e+00	0.00e+00	0.00e+00
 6.46131e+22	1.23e-05	1.81e-02	5.72e-01	3.57e-01	5.10e-02	1.32e-03	9.80e-06	3.49e-07	0.00e+00	0.00e+00	0.00e+00
 6.49139e+22	1.42e-05	1.98e-02	5.92e-01	3.42e-01	4.57e-02	1.12e-03	8.03e-06	2.77e-07	0.00e+00	0.00e+00	0.00e+00
 6.52356e+22	1.61e-05	2.16e-02	6.10e-01	3.27e-01	4.10e-02	9.51e-04	6.64e-06	2.22e-07	0.00e+00	0.00e+00	0.00e+00
 6.55843e+22	1.89e-05	2.39e-02	6.31e-01	3.09e-01	3.59e-02	7.80e-04	5.26e-06	1.70e-07	0.00e+00	0.00e+00	0.00e+00
 6.59362e+22	2.16e-05	2.60e-02	6.49e-01	2.93e-01	3.18e-02	6.54e-04	4.28e-06	1.34e-07	0.00e+00	0.00e+00	0.00e+00
 6.62923e+22	2.54e-05	2.88e-02	6.69e-01	2.74e-01	2.75e-02	5.29e-04	3.35e-06	0.00e+00	0.00e+00	0.00e+00	0.00e+00
 6.66474e+22	2.90e-05	3.14e-02	6.86e-01	2.58e-01	2.42e-02	4.40e-04	2.71e-06	0.00e+00	0.00e+00	0.00e+00	0.00e+00
 6.70013e+22	3.40e-05	3.47e-02	7.05e-01	2.39e-01	2.06e-02	3.52e-04	2.10e-06	0.00e+00	0.00e+00	0.00e+00	0.00e+00
 6.73551e+22	3.89e-05	3.77e-02	7.20e-01	2.24e-01	1.80e-02	2.91e-04	1.69e-06	0.00e+00	0.00e+00	0.00e+00	0.00e+00
 6.77087e+22	4.56e-05	4.15e-02	7.37e-01	2.06e-01	1.52e-02	2.30e-04	1.30e-06	0.00e+00	0.00e+00	0.00e+00	0.00e+00
 6.80638e+22	5.23e-05	4.52e-02	7.50e-01	1.91e-01	1.31e-02	1.88e-04	1.03e-06	0.00e+00	0.00e+00	0.00e+00	0.00e+00
 6.84208e+22	6.15e-05	4.98e-02	7.65e-01	1.74e-01	1.10e-02	1.47e-04	7.82e-07	0.00e+00	0.00e+00	0.00e+00	0.00e+00
 6.87774e+22	7.08e-05	5.42e-02	7.77e-01	1.60e-01	9.33e-03	1.19e-04	6.14e-07	0.00e+00	0.00e+00	0.00e+00	0.00e+00
 6.91335e+22	8.38e-05	5.97e-02	7.89e-01	1.43e-01	7.63e-03	9.06e-05	4.56e-07	0.00e+00	0.00e+00	0.00e+00	0.00e+00
 6.94848e+22	9.65e-05	6.48e-02	7.98e-01	1.31e-01	6.44e-03	7.25e-05	3.56e-07	0.00e+00	0.00e+00	0.00e+00	0.00e+00
 6.98298e+22	1.14e-04	7.12e-02	8.07e-01	1.16e-01	5.22e-03	5.50e-05	2.62e-07	0.00e+00	0.00e+00	0.00e+00	0.00e+00
 7.01707e+22	1.31e-04	7.70e-02	8.14e-01	1.05e-01	4.36e-03	4.36e-05	2.03e-07	0.00e+00	0.00e+00	0.00e+00	0.00e+00
 7.04585e+22	1.49e-04	8.26e-02	8.18e-01	9.53e-02	3.69e-03	3.52e-05	1.60e-07	0.00e+00	0.00e+00	0.00e+00	0.00e+00
 7.07850e+22	1.76e-04	9.03e-02	8.23e-01	8.36e-02	2.93e-03	2.62e-05	0.00e+00	0.00e+00	0.00e+00	0.00e+00	0.00e+00
 7.11050e+22	2.01e-04	9.69e-02	8.26e-01	7.49e-02	2.44e-03	2.08e-05	0.00e+00	0.00e+00	0.00e+00	0.00e+00	0.00e+00
 7.14166e+22	2.35e-04	1.05e-01	8.27e-01	6.54e-02	1.93e-03	1.55e-05	0.00e+00	0.00e+00	0.00e+00	0.00e+00	0.00e+00
 7.17267e+22	2.69e-04	1.13e-01	8.27e-01	5.80e-02	1.58e-03	1.21e-05	0.00e+00	0.00e+00	0.00e+00	0.00e+00	0.00e+00
 7.19922e+22	3.05e-04	1.20e-01	8.27e-01	5.15e-02	1.30e-03	9.51e-06	0.00e+00	0.00e+00	0.00e+00	0.00e+00	0.00e+00
 7.22536e+22	3.45e-04	1.28e-01	8.25e-01	4.58e-02	1.07e-03	7.48e-06	0.00e+00	0.00e+00	0.00e+00	0.00e+00	0.00e+00
 7.25525e+22	4.02e-04	1.37e-01	8.22e-01	3.92e-02	8.32e-04	5.49e-06	0.00e+00	0.00e+00	0.00e+00	0.00e+00	0.00e+00
 7.28514e+22	4.59e-04	1.46e-01	8.18e-01	3.41e-02	6.66e-04	4.19e-06	0.00e+00	0.00e+00	0.00e+00	0.00e+00	0.00e+00
 7.31031e+22	5.16e-04	1.55e-01	8.14e-01	3.00e-02	5.42e-04	3.27e-06	0.00e+00	0.00e+00	0.00e+00	0.00e+00	0.00e+00
 7.33831e+22	5.95e-04	1.65e-01	8.09e-01	2.54e-02	4.19e-04	2.39e-06	0.00e+00	0.00e+00	0.00e+00	0.00e+00	0.00e+00
 7.36678e+22	6.76e-04	1.75e-01	8.02e-01	2.18e-02	3.31e-04	1.79e-06	0.00e+00	0.00e+00	0.00e+00	0.00e+00	0.00e+00
 7.39101e+22	7.56e-04	1.84e-01	7.96e-01	1.89e-02	2.67e-04	1.38e-06	0.00e+00	0.00e+00	0.00e+00	0.00e+00	0.00e+00
 7.41767e+22	8.67e-04	1.95e-01	7.88e-01	1.58e-02	2.04e-04	9.93e-07	0.00e+00	0.00e+00	0.00e+00	0.00e+00	0.00e+00
 7.44483e+22	9.80e-04	2.05e-01	7.81e-01	1.33e-02	1.59e-04	7.32e-07	0.00e+00	0.00e+00	0.00e+00	0.00e+00	0.00e+00
 7.46770e+22	1.09e-03	2.14e-01	7.73e-01	1.14e-02	1.28e-04	5.55e-07	0.00e+00	0.00e+00	0.00e+00	0.00e+00	0.00e+00
 7.49248e+22	1.24e-03	2.25e-01	7.64e-01	9.36e-03	9.70e-05	3.92e-07	0.00e+00	0.00e+00	0.00e+00	0.00e+00	0.00e+00
 7.51805e+22	1.40e-03	2.36e-01	7.55e-01	7.67e-03	7.43e-05	2.77e-07	0.00e+00	0.00e+00	0.00e+00	0.00e+00	0.00e+00
 7.53910e+22	1.56e-03	2.45e-01	7.47e-01	6.43e-03	5.90e-05	2.04e-07	0.00e+00	0.00e+00	0.00e+00	0.00e+00	0.00e+00
 7.55757e+22	1.72e-03	2.54e-01	7.39e-01	5.42e-03	4.75e-05	1.52e-07	0.00e+00	0.00e+00	0.00e+00	0.00e+00	0.00e+00
 7.57553e+22	1.90e-03	2.63e-01	7.31e-01	4.53e-03	3.80e-05	0.00e+00	0.00e+00	0.00e+00	0.00e+00	0.00e+00	0.00e+00
 7.59323e+22	2.11e-03	2.71e-01	7.23e-01	3.74e-03	3.03e-05	0.00e+00	0.00e+00	0.00e+00	0.00e+00	0.00e+00	0.00e+00
 7.61009e+22	2.34e-03	2.80e-01	7.15e-01	3.07e-03	2.41e-05	0.00e+00	0.00e+00	0.00e+00	0.00e+00	0.00e+00	0.00e+00
 7.62570e+22	2.58e-03	2.88e-01	7.07e-01	2.52e-03	1.93e-05	0.00e+00	0.00e+00	0.00e+00	0.00e+00	0.00e+00	0.00e+00
 7.64021e+22	2.85e-03	2.96e-01	6.99e-01	2.07e-03	1.56e-05	0.00e+00	0.00e+00	0.00e+00	0.00e+00	0.00e+00	0.00e+00
 7.65393e+22	3.17e-03	3.04e-01	6.91e-01	1.68e-03	1.25e-05	0.00e+00	0.00e+00	0.00e+00	0.00e+00	0.00e+00	0.00e+00
 7.66693e+22	3.53e-03	3.12e-01	6.83e-01	1.36e-03	9.99e-06	0.00e+00	0.00e+00	0.00e+00	0.00e+00	0.00e+00	0.00e+00
 7.67881e+22	3.87e-03	3.18e-01	6.77e-01	1.11e-03	8.14e-06	0.00e+00	0.00e+00	0.00e+00	0.00e+00	0.00e+00	0.00e+00
 7.68958e+22	4.29e-03	3.25e-01	6.70e-01	9.06e-04	6.64e-06	0.00e+00	0.00e+00	0.00e+00	0.00e+00	0.00e+00	0.00e+00
 7.69935e+22	4.72e-03	3.31e-01	6.64e-01	7.45e-04	5.48e-06	0.00e+00	0.00e+00	0.00e+00	0.00e+00	0.00e+00	0.00e+00
 7.70792e+22	5.16e-03	3.36e-01	6.58e-01	6.22e-04	4.59e-06	0.00e+00	0.00e+00	0.00e+00	0.00e+00	0.00e+00	0.00e+00
 7.71561e+22	5.63e-03	3.41e-01	6.53e-01	5.24e-04	3.89e-06	0.00e+00	0.00e+00	0.00e+00	0.00e+00	0.00e+00	0.00e+00
 7.72272e+22	6.13e-03	3.45e-01	6.48e-01	4.45e-04	3.32e-06	0.00e+00	0.00e+00	0.00e+00	0.00e+00	0.00e+00	0.00e+00
 7.72935e+22	6.65e-03	3.49e-01	6.44e-01	3.80e-04	2.85e-06	0.00e+00	0.00e+00	0.00e+00	0.00e+00	0.00e+00	0.00e+00
 7.73553e+22	7.20e-03	3.53e-01	6.40e-01	3.26e-04	2.47e-06	0.00e+00	0.00e+00	0.00e+00	0.00e+00	0.00e+00	0.00e+00
 7.74130e+22	7.76e-03	3.56e-01	6.36e-01	2.83e-04	2.16e-06	0.00e+00	0.00e+00	0.00e+00	0.00e+00	0.00e+00	0.00e+00
 7.74674e+22	8.35e-03	3.58e-01	6.33e-01	2.47e-04	1.90e-06	0.00e+00	0.00e+00	0.00e+00	0.00e+00	0.00e+00	0.00e+00
 7.75195e+22	8.97e-03	3.61e-01	6.30e-01	2.18e-04	1.69e-06	0.00e+00	0.00e+00	0.00e+00	0.00e+00	0.00e+00	0.00e+00
 7.75696e+22	9.62e-03	3.63e-01	6.27e-01	1.93e-04	1.51e-06	0.00e+00	0.00e+00	0.00e+00	0.00e+00	0.00e+00	0.00e+00
 7.76180e+22	1.03e-02	3.65e-01	6.25e-01	1.72e-04	1.36e-06	0.00e+00	0.00e+00	0.00e+00	0.00e+00	0.00e+00	0.00e+00
 7.76630e+22	1.10e-02	3.66e-01	6.22e-01	1.56e-04	1.24e-06	0.00e+00	0.00e+00	0.00e+00	0.00e+00	0.00e+00	0.00e+00
 7.77033e+22	1.16e-02	3.68e-01	6.20e-01	1.43e-04	1.15e-06	0.00e+00	0.00e+00	0.00e+00	0.00e+00	0.00e+00	0.00e+00
 7.77399e+22	1.23e-02	3.70e-01	6.18e-01	1.32e-04	1.07e-06	0.00e+00	0.00e+00	0.00e+00	0.00e+00	0.00e+00	0.00e+00
 7.77752e+22	1.29e-02	3.71e-01	6.15e-01	1.24e-04	1.00e-06	0.00e+00	0.00e+00	0.00e+00	0.00e+00	0.00e+00	0.00e+00
 7.78098e+22	1.36e-02	3.73e-01	6.13e-01	1.16e-04	9.47e-07	0.00e+00	0.00e+00	0.00e+00	0.00e+00	0.00e+00	0.00e+00
 7.78430e+22	1.43e-02	3.75e-01	6.10e-01	1.09e-04	8.98e-07	0.00e+00	0.00e+00	0.00e+00	0.00e+00	0.00e+00	0.00e+00
 7.78748e+22	1.50e-02	3.77e-01	6.08e-01	1.03e-04	8.56e-07	0.00e+00	0.00e+00	0.00e+00	0.00e+00	0.00e+00	0.00e+00
 7.79001e+22	1.55e-02	3.78e-01	6.06e-01	9.94e-05	8.28e-07	0.00e+00	0.00e+00	0.00e+00	0.00e+00	0.00e+00	0.00e+00
 7.79178e+22	1.60e-02	3.80e-01	6.04e-01	9.67e-05	8.08e-07	0.00e+00	0.00e+00	0.00e+00	0.00e+00	0.00e+00	0.00e+00
 7.79350e+22	1.65e-02	3.82e-01	6.02e-01	9.40e-05	7.88e-07	0.00e+00	0.00e+00	0.00e+00	0.00e+00	0.00e+00	0.00e+00
 7.79550e+22	1.71e-02	3.83e-01	6.00e-01	9.12e-05	7.68e-07	0.00e+00	0.00e+00	0.00e+00	0.00e+00	0.00e+00	0.00e+00
 7.79774e+22	1.77e-02	3.85e-01	5.97e-01	8.82e-05	7.46e-07	0.00e+00	0.00e+00	0.00e+00	0.00e+00	0.00e+00	0.00e+00
 7.80000e+22	1.84e-02	3.87e-01	5.94e-01	8.53e-05	7.25e-07	0.00e+00	0.00e+00	0.00e+00	0.00e+00	0.00e+00	0.00e+00
 7.80208e+22	1.90e-02	3.89e-01	5.92e-01	8.29e-05	7.07e-07	0.00e+00	0.00e+00	0.00e+00	0.00e+00	0.00e+00	0.00e+00
 7.80417e+22	1.98e-02	3.92e-01	5.89e-01	8.05e-05	6.89e-07	0.00e+00	0.00e+00	0.00e+00	0.00e+00	0.00e+00	0.00e+00
 7.80635e+22	2.05e-02	3.94e-01	5.86e-01	7.81e-05	6.73e-07	0.00e+00	0.00e+00	0.00e+00	0.00e+00	0.00e+00	0.00e+00
 7.80861e+22	2.13e-02	3.96e-01	5.82e-01	7.58e-05	6.55e-07	0.00e+00	0.00e+00	0.00e+00	0.00e+00	0.00e+00	0.00e+00
 7.81090e+22	2.21e-02	3.99e-01	5.79e-01	7.36e-05	6.39e-07	0.00e+00	0.00e+00	0.00e+00	0.00e+00	0.00e+00	0.00e+00
 7.81316e+22	2.29e-02	4.01e-01	5.76e-01	7.15e-05	6.24e-07	0.00e+00	0.00e+00	0.00e+00	0.00e+00	0.00e+00	0.00e+00
 7.81542e+22	2.38e-02	4.04e-01	5.72e-01	6.95e-05	6.09e-07	0.00e+00	0.00e+00	0.00e+00	0.00e+00	0.00e+00	0.00e+00
 7.81778e+22	2.48e-02	4.07e-01	5.68e-01	6.76e-05	5.95e-07	0.00e+00	0.00e+00	0.00e+00	0.00e+00	0.00e+00	0.00e+00
 7.82021e+22	2.58e-02	4.10e-01	5.64e-01	6.57e-05	5.81e-07	0.00e+00	0.00e+00	0.00e+00	0.00e+00	0.00e+00	0.00e+00
 7.82264e+22	2.68e-02	4.13e-01	5.60e-01	6.39e-05	5.67e-07	0.00e+00	0.00e+00	0.00e+00	0.00e+00	0.00e+00	0.00e+00
 7.82508e+22	2.79e-02	4.16e-01	5.56e-01	6.21e-05	5.55e-07	0.00e+00	0.00e+00	0.00e+00	0.00e+00	0.00e+00	0.00e+00
 7.82759e+22	2.91e-02	4.19e-01	5.52e-01	6.04e-05	5.42e-07	0.00e+00	0.00e+00	0.00e+00	0.00e+00	0.00e+00	0.00e+00
 7.83018e+22	3.03e-02	4.23e-01	5.47e-01	5.88e-05	5.30e-07	0.00e+00	0.00e+00	0.00e+00	0.00e+00	0.00e+00	0.00e+00
 7.83280e+22	3.15e-02	4.26e-01	5.43e-01	5.72e-05	5.18e-07	0.00e+00	0.00e+00	0.00e+00	0.00e+00	0.00e+00	0.00e+00
 7.83549e+22	3.28e-02	4.29e-01	5.38e-01	5.57e-05	5.07e-07	0.00e+00	0.00e+00	0.00e+00	0.00e+00	0.00e+00	0.00e+00
 7.83826e+22	3.42e-02	4.33e-01	5.33e-01	5.42e-05	4.95e-07	0.00e+00	0.00e+00	0.00e+00	0.00e+00	0.00e+00	0.00e+00
 7.84107e+22	3.57e-02	4.37e-01	5.28e-01	5.27e-05	4.84e-07	0.00e+00	0.00e+00	0.00e+00	0.00e+00	0.00e+00	0.00e+00
 7.84389e+22	3.71e-02	4.40e-01	5.23e-01	5.14e-05	4.74e-07	0.00e+00	0.00e+00	0.00e+00	0.00e+00	0.00e+00	0.00e+00
 7.84682e+22	3.87e-02	4.44e-01	5.17e-01	5.00e-05	4.64e-07	0.00e+00	0.00e+00	0.00e+00	0.00e+00	0.00e+00	0.00e+00
 7.84991e+22	4.04e-02	4.48e-01	5.12e-01	4.87e-05	4.54e-07	0.00e+00	0.00e+00	0.00e+00	0.00e+00	0.00e+00	0.00e+00
 7.85307e+22	4.20e-02	4.51e-01	5.07e-01	4.74e-05	4.44e-07	0.00e+00	0.00e+00	0.00e+00	0.00e+00	0.00e+00	0.00e+00
 7.85626e+22	4.37e-02	4.55e-01	5.01e-01	4.62e-05	4.35e-07	0.00e+00	0.00e+00	0.00e+00	0.00e+00	0.00e+00	0.00e+00
 7.85947e+22	4.54e-02	4.59e-01	4.96e-01	4.50e-05	4.26e-07	0.00e+00	0.00e+00	0.00e+00	0.00e+00	0.00e+00	0.00e+00
 7.86278e+22	4.73e-02	4.63e-01	4.90e-01	4.39e-05	4.17e-07	0.00e+00	0.00e+00	0.00e+00	0.00e+00	0.00e+00	0.00e+00
 7.86628e+22	4.92e-02	4.67e-01	4.84e-01	4.28e-05	4.09e-07	0.00e+00	0.00e+00	0.00e+00	0.00e+00	0.00e+00	0.00e+00
 7.86988e+22	5.12e-02	4.70e-01	4.78e-01	4.17e-05	4.01e-07	0.00e+00	0.00e+00	0.00e+00	0.00e+00	0.00e+00	0.00e+00
 7.87349e+22	5.32e-02	4.74e-01	4.73e-01	4.07e-05	3.93e-07	0.00e+00	0.00e+00	0.00e+00	0.00e+00	0.00e+00	0.00e+00
 7.87722e+22	5.52e-02	4.78e-01	4.67e-01	3.97e-05	3.85e-07	0.00e+00	0.00e+00	0.00e+00	0.00e+00	0.00e+00	0.00e+00
 7.88119e+22	5.74e-02	4.82e-01	4.61e-01	3.87e-05	3.77e-07	0.00e+00	0.00e+00	0.00e+00	0.00e+00	0.00e+00	0.00e+00
 7.88540e+22	5.96e-02	4.86e-01	4.55e-01	3.78e-05	3.69e-07	0.00e+00	0.00e+00	0.00e+00	0.00e+00	0.00e+00	0.00e+00
 7.88979e+22	6.18e-02	4.89e-01	4.49e-01	3.68e-05	3.61e-07	0.00e+00	0.00e+00	0.00e+00	0.00e+00	0.00e+00	0.00e+00
 7.89440e+22	6.42e-02	4.93e-01	4.43e-01	3.59e-05	3.53e-07	0.00e+00	0.00e+00	0.00e+00	0.00e+00	0.00e+00	0.00e+00
 7.89935e+22	6.68e-02	4.97e-01	4.36e-01	3.49e-05	3.45e-07	0.00e+00	0.00e+00	0.00e+00	0.00e+00	0.00e+00	0.00e+00
 7.90473e+22	6.96e-02	5.01e-01	4.29e-01	3.39e-05	3.37e-07	0.00e+00	0.00e+00	0.00e+00	0.00e+00	0.00e+00	0.00e+00
 7.91057e+22	7.25e-02	5.05e-01	4.22e-01	3.28e-05	3.28e-07	0.00e+00	0.00e+00	0.00e+00	0.00e+00	0.00e+00	0.00e+00
 7.91690e+22	7.58e-02	5.10e-01	4.14e-01	3.17e-05	3.18e-07	0.00e+00	0.00e+00	0.00e+00	0.00e+00	0.00e+00	0.00e+00
 7.92358e+22	7.91e-02	5.14e-01	4.07e-01	3.06e-05	3.09e-07	0.00e+00	0.00e+00	0.00e+00	0.00e+00	0.00e+00	0.00e+00
 7.93036e+22	8.27e-02	5.19e-01	3.99e-01	2.96e-05	2.99e-07	0.00e+00	0.00e+00	0.00e+00	0.00e+00	0.00e+00	0.00e+00
 7.93712e+22	8.62e-02	5.23e-01	3.91e-01	2.85e-05	2.90e-07	0.00e+00	0.00e+00	0.00e+00	0.00e+00	0.00e+00	0.00e+00
 7.94388e+22	8.97e-02	5.26e-01	3.84e-01	2.76e-05	2.81e-07	0.00e+00	0.00e+00	0.00e+00	0.00e+00	0.00e+00	0.00e+00
 7.95086e+22	9.34e-02	5.30e-01	3.77e-01	2.64e-05	2.73e-07	0.00e+00	0.00e+00	0.00e+00	0.00e+00	0.00e+00	0.00e+00
 7.95810e+22	9.73e-02	5.34e-01	3.69e-01	2.51e-05	2.63e-07	0.00e+00	0.00e+00	0.00e+00	0.00e+00	0.00e+00	0.00e+00
 7.96535e+22	1.01e-01	5.37e-01	3.61e-01	2.39e-05	2.54e-07	0.00e+00	0.00e+00	0.00e+00	0.00e+00	0.00e+00	0.00e+00
 7.97228e+22	1.05e-01	5.40e-01	3.54e-01	2.28e-05	2.46e-07	0.00e+00	0.00e+00	0.00e+00	0.00e+00	0.00e+00	0.00e+00
 7.97911e+22	1.09e-01	5.44e-01	3.47e-01	2.17e-05	2.38e-07	0.00e+00	0.00e+00	0.00e+00	0.00e+00	0.00e+00	0.00e+00
 7.98607e+22	1.14e-01	5.47e-01	3.40e-01	2.06e-05	2.30e-07	0.00e+00	0.00e+00	0.00e+00	0.00e+00	0.00e+00	0.00e+00
 7.99291e+22	1.18e-01	5.49e-01	3.33e-01	1.97e-05	2.22e-07	0.00e+00	0.00e+00	0.00e+00	0.00e+00	0.00e+00	0.00e+00
 7.99960e+22	1.22e-01	5.52e-01	3.26e-01	1.88e-05	2.14e-07	0.00e+00	0.00e+00	0.00e+00	0.00e+00	0.00e+00	0.00e+00
 8.00611e+22	1.27e-01	5.54e-01	3.19e-01	1.79e-05	2.07e-07	0.00e+00	0.00e+00	0.00e+00	0.00e+00	0.00e+00	0.00e+00
 8.01247e+22	1.31e-01	5.57e-01	3.12e-01	1.71e-05	1.99e-07	0.00e+00	0.00e+00	0.00e+00	0.00e+00	0.00e+00	0.00e+00
 8.01865e+22	1.36e-01	5.59e-01	3.06e-01	1.64e-05	1.92e-07	0.00e+00	0.00e+00	0.00e+00	0.00e+00	0.00e+00	0.00e+00
 8.02465e+22	1.40e-01	5.61e-01	2.99e-01	1.56e-05	1.86e-07	0.00e+00	0.00e+00	0.00e+00	0.00e+00	0.00e+00	0.00e+00
 8.03047e+22	1.45e-01	5.62e-01	2.93e-01	1.50e-05	1.79e-07	0.00e+00	0.00e+00	0.00e+00	0.00e+00	0.00e+00	0.00e+00
 8.03609e+22	1.50e-01	5.64e-01	2.86e-01	1.43e-05	1.73e-07	0.00e+00	0.00e+00	0.00e+00	0.00e+00	0.00e+00	0.00e+00
 8.04155e+22	1.55e-01	5.65e-01	2.80e-01	1.38e-05	1.67e-07	0.00e+00	0.00e+00	0.00e+00	0.00e+00	0.00e+00	0.00e+00
 8.04684e+22	1.59e-01	5.66e-01	2.74e-01	1.32e-05	1.62e-07	0.00e+00	0.00e+00	0.00e+00	0.00e+00	0.00e+00	0.00e+00
 8.05188e+22	1.64e-01	5.67e-01	2.68e-01	1.27e-05	1.56e-07	0.00e+00	0.00e+00	0.00e+00	0.00e+00	0.00e+00	0.00e+00
 8.05683e+22	1.69e-01	5.68e-01	2.62e-01	1.22e-05	1.51e-07	0.00e+00	0.00e+00	0.00e+00	0.00e+00	0.00e+00	0.00e+00
 8.06165e+22	1.74e-01	5.69e-01	2.57e-01	1.17e-05	1.46e-07	0.00e+00	0.00e+00	0.00e+00	0.00e+00	0.00e+00	0.00e+00
 8.06603e+22	1.79e-01	5.70e-01	2.51e-01	1.13e-05	1.42e-07	0.00e+00	0.00e+00	0.00e+00	0.00e+00	0.00e+00	0.00e+00
 8.07002e+22	1.83e-01	5.70e-01	2.46e-01	1.09e-05	1.37e-07	0.00e+00	0.00e+00	0.00e+00	0.00e+00	0.00e+00	0.00e+00
 8.07365e+22	1.88e-01	5.71e-01	2.42e-01	1.06e-05	1.34e-07	0.00e+00	0.00e+00	0.00e+00	0.00e+00	0.00e+00	0.00e+00
 8.07695e+22	1.92e-01	5.71e-01	2.38e-01	1.03e-05	1.30e-07	0.00e+00	0.00e+00	0.00e+00	0.00e+00	0.00e+00	0.00e+00
 8.07996e+22	1.95e-01	5.71e-01	2.34e-01	1.00e-05	1.27e-07	0.00e+00	0.00e+00	0.00e+00	0.00e+00	0.00e+00	0.00e+00
 8.08270e+22	1.99e-01	5.71e-01	2.30e-01	9.76e-06	1.25e-07	0.00e+00	0.00e+00	0.00e+00	0.00e+00	0.00e+00	0.00e+00
 8.08569e+22	2.03e-01	5.71e-01	2.26e-01	9.46e-06	0.00e+00	0.00e+00	0.00e+00	0.00e+00	0.00e+00	0.00e+00	0.00e+00
 8.08893e+22	2.07e-01	5.71e-01	2.22e-01	9.20e-06	0.00e+00	0.00e+00	0.00e+00	0.00e+00	0.00e+00	0.00e+00	0.00e+00
 8.09188e+22	2.11e-01	5.71e-01	2.19e-01	8.97e-06	0.00e+00	0.00e+00	0.00e+00	0.00e+00	0.00e+00	0.00e+00	0.00e+00
 8.09456e+22	2.14e-01	5.70e-01	2.15e-01	8.75e-06	0.00e+00	0.00e+00	0.00e+00	0.00e+00	0.00e+00	0.00e+00	0.00e+00
 8.09700e+22	2.18e-01	5.70e-01	2.12e-01	8.56e-06	0.00e+00	0.00e+00	0.00e+00	0.00e+00	0.00e+00	0.00e+00	0.00e+00
 8.09967e+22	2.22e-01	5.70e-01	2.08e-01	8.33e-06	0.00e+00	0.00e+00	0.00e+00	0.00e+00	0.00e+00	0.00e+00	0.00e+00
 8.10255e+22	2.26e-01	5.69e-01	2.05e-01	8.10e-06	0.00e+00	0.00e+00	0.00e+00	0.00e+00	0.00e+00	0.00e+00	0.00e+00
 8.10518e+22	2.30e-01	5.69e-01	2.01e-01	7.89e-06	0.00e+00	0.00e+00	0.00e+00	0.00e+00	0.00e+00	0.00e+00	0.00e+00
 8.10757e+22	2.32e-01	5.69e-01	1.99e-01	7.75e-06	0.00e+00	0.00e+00	0.00e+00	0.00e+00	0.00e+00	0.00e+00	0.00e+00
 8.11019e+22	2.36e-01	5.68e-01	1.96e-01	7.56e-06	0.00e+00	0.00e+00	0.00e+00	0.00e+00	0.00e+00	0.00e+00	0.00e+00
 8.11301e+22	2.39e-01	5.67e-01	1.93e-01	7.37e-06	0.00e+00	0.00e+00	0.00e+00	0.00e+00	0.00e+00	0.00e+00	0.00e+00
 8.11611e+22	2.44e-01	5.67e-01	1.89e-01	7.15e-06	0.00e+00	0.00e+00	0.00e+00	0.00e+00	0.00e+00	0.00e+00	0.00e+00
 8.11945e+22	2.47e-01	5.66e-01	1.87e-01	6.97e-06	0.00e+00	0.00e+00	0.00e+00	0.00e+00	0.00e+00	0.00e+00	0.00e+00
 8.12312e+22	2.53e-01	5.65e-01	1.82e-01	6.72e-06	0.00e+00	0.00e+00	0.00e+00	0.00e+00	0.00e+00	0.00e+00	0.00e+00
 8.12707e+22	2.57e-01	5.64e-01	1.79e-01	6.51e-06	0.00e+00	0.00e+00	0.00e+00	0.00e+00	0.00e+00	0.00e+00	0.00e+00
 8.13067e+22	2.62e-01	5.63e-01	1.75e-01	6.31e-06	0.00e+00	0.00e+00	0.00e+00	0.00e+00	0.00e+00	0.00e+00	0.00e+00
 8.13395e+22	2.66e-01	5.62e-01	1.72e-01	6.12e-06	0.00e+00	0.00e+00	0.00e+00	0.00e+00	0.00e+00	0.00e+00	0.00e+00
 8.13693e+22	2.71e-01	5.60e-01	1.69e-01	5.95e-06	0.00e+00	0.00e+00	0.00e+00	0.00e+00	0.00e+00	0.00e+00	0.00e+00
 8.13964e+22	2.74e-01	5.60e-01	1.67e-01	5.83e-06	0.00e+00	0.00e+00	0.00e+00	0.00e+00	0.00e+00	0.00e+00	0.00e+00
 8.14261e+22	2.79e-01	5.58e-01	1.63e-01	5.64e-06	0.00e+00	0.00e+00	0.00e+00	0.00e+00	0.00e+00	0.00e+00	0.00e+00
 8.14582e+22	2.83e-01	5.57e-01	1.60e-01	5.50e-06	0.00e+00	0.00e+00	0.00e+00	0.00e+00	0.00e+00	0.00e+00	0.00e+00
 8.14934e+22	2.88e-01	5.55e-01	1.56e-01	5.30e-06	0.00e+00	0.00e+00	0.00e+00	0.00e+00	0.00e+00	0.00e+00	0.00e+00
 8.15314e+22	2.93e-01	5.53e-01	1.53e-01	5.13e-06	0.00e+00	0.00e+00	0.00e+00	0.00e+00	0.00e+00	0.00e+00	0.00e+00
 8.15659e+22	2.98e-01	5.52e-01	1.50e-01	4.98e-06	0.00e+00	0.00e+00	0.00e+00	0.00e+00	0.00e+00	0.00e+00	0.00e+00
