#depth	N	N+	N+2	N+3	N+4	N+5	N+6	N+7
 4.62852e+21	1.93e-23	1.63e-17	3.86e-13	7.44e-10	3.90e-07	1.12e-03	7.65e-02	9.22e-01
 1.02988e+22	2.88e-21	1.16e-15	1.32e-11	1.15e-08	2.56e-06	3.68e-03	1.33e-01	8.63e-01
 1.17360e+22	1.37e-20	4.43e-15	4.04e-11	2.77e-08	4.74e-06	5.43e-03	1.59e-01	8.36e-01
 1.23291e+22	2.81e-20	8.18e-15	6.77e-11	4.16e-08	6.32e-06	6.50e-03	1.72e-01	8.22e-01
 1.25762e+22	3.35e-20	9.51e-15	7.68e-11	4.60e-08	6.78e-06	6.80e-03	1.75e-01	8.18e-01
 1.26899e+22	4.18e-20	1.15e-14	9.02e-11	5.23e-08	7.42e-06	7.20e-03	1.80e-01	8.13e-01
 1.28171e+22	5.18e-20	1.38e-14	1.05e-10	5.91e-08	8.10e-06	7.60e-03	1.84e-01	8.08e-01
 1.29618e+22	6.76e-20	1.74e-14	1.28e-10	6.89e-08	9.03e-06	8.14e-03	1.90e-01	8.02e-01
 1.31092e+22	8.47e-20	2.11e-14	1.50e-10	7.85e-08	9.90e-06	8.63e-03	1.95e-01	7.97e-01
 1.32390e+22	1.04e-19	2.53e-14	1.75e-10	8.86e-08	1.08e-05	9.11e-03	1.99e-01	7.91e-01
 1.33650e+22	1.27e-19	3.00e-14	2.02e-10	9.93e-08	1.17e-05	9.58e-03	2.04e-01	7.87e-01
 1.35069e+22	1.65e-19	3.75e-14	2.44e-10	1.15e-07	1.30e-05	1.02e-02	2.10e-01	7.80e-01
 1.36492e+22	2.00e-19	4.42e-14	2.80e-10	1.29e-07	1.41e-05	1.08e-02	2.14e-01	7.75e-01
 1.37920e+22	2.56e-19	5.48e-14	3.36e-10	1.49e-07	1.56e-05	1.15e-02	2.20e-01	7.68e-01
 1.39380e+22	3.10e-19	6.47e-14	3.86e-10	1.67e-07	1.69e-05	1.21e-02	2.25e-01	7.63e-01
 1.40880e+22	4.01e-19	8.07e-14	4.65e-10	1.93e-07	1.88e-05	1.29e-02	2.32e-01	7.55e-01
 1.42401e+22	4.87e-19	9.53e-14	5.36e-10	2.16e-07	2.04e-05	1.36e-02	2.37e-01	7.50e-01
 1.43951e+22	6.29e-19	1.19e-13	6.46e-10	2.51e-07	2.27e-05	1.45e-02	2.43e-01	7.42e-01
 1.45534e+22	7.66e-19	1.41e-13	7.46e-10	2.82e-07	2.47e-05	1.53e-02	2.49e-01	7.36e-01
 1.47160e+22	9.88e-19	1.76e-13	8.98e-10	3.27e-07	2.75e-05	1.63e-02	2.55e-01	7.28e-01
 1.48836e+22	1.22e-18	2.10e-13	1.05e-09	3.70e-07	3.00e-05	1.72e-02	2.61e-01	7.21e-01
 1.50577e+22	1.59e-18	2.64e-13	1.27e-09	4.32e-07	3.35e-05	1.85e-02	2.69e-01	7.13e-01
 1.52266e+22	1.91e-18	3.09e-13	1.45e-09	4.81e-07	3.62e-05	1.94e-02	2.74e-01	7.07e-01
 1.53887e+22	2.44e-18	3.84e-13	1.74e-09	5.57e-07	4.03e-05	2.07e-02	2.81e-01	6.98e-01
 1.55543e+22	2.95e-18	4.52e-13	2.00e-09	6.22e-07	4.36e-05	2.17e-02	2.87e-01	6.91e-01
 1.57241e+22	3.73e-18	5.53e-13	2.37e-09	7.14e-07	4.81e-05	2.31e-02	2.94e-01	6.83e-01
 1.59037e+22	4.64e-18	6.67e-13	2.78e-09	8.11e-07	5.28e-05	2.44e-02	3.00e-01	6.75e-01
 1.60689e+22	5.69e-18	7.95e-13	3.22e-09	9.13e-07	5.75e-05	2.58e-02	3.07e-01	6.67e-01
 1.62565e+22	7.35e-18	9.91e-13	3.88e-09	1.06e-06	6.40e-05	2.75e-02	3.15e-01	6.58e-01
 1.64537e+22	9.21e-18	1.20e-12	4.57e-09	1.21e-06	7.05e-05	2.92e-02	3.22e-01	6.49e-01
 1.66636e+22	1.22e-17	1.53e-12	5.60e-09	1.43e-06	7.92e-05	3.13e-02	3.31e-01	6.38e-01
 1.68681e+22	1.50e-17	1.83e-12	6.51e-09	1.61e-06	8.64e-05	3.30e-02	3.37e-01	6.30e-01
 1.70657e+22	1.95e-17	2.30e-12	7.89e-09	1.88e-06	9.66e-05	3.53e-02	3.46e-01	6.19e-01
 1.72654e+22	2.40e-17	2.75e-12	9.17e-09	2.12e-06	1.05e-04	3.72e-02	3.52e-01	6.10e-01
 1.74678e+22	3.13e-17	3.45e-12	1.11e-08	2.48e-06	1.18e-04	3.99e-02	3.61e-01	5.99e-01
 1.76729e+22	3.86e-17	4.14e-12	1.30e-08	2.80e-06	1.29e-04	4.20e-02	3.68e-01	5.90e-01
 1.78817e+22	5.07e-17	5.24e-12	1.58e-08	3.29e-06	1.44e-04	4.50e-02	3.77e-01	5.78e-01
 1.80931e+22	6.28e-17	6.30e-12	1.85e-08	3.73e-06	1.58e-04	4.75e-02	3.84e-01	5.69e-01
 1.83078e+22	8.34e-17	8.05e-12	2.28e-08	4.41e-06	1.78e-04	5.10e-02	3.93e-01	5.56e-01
 1.85240e+22	1.04e-16	9.72e-12	2.67e-08	5.02e-06	1.95e-04	5.39e-02	4.00e-01	5.46e-01
 1.87421e+22	1.36e-16	1.24e-11	3.28e-08	5.93e-06	2.20e-04	5.78e-02	4.09e-01	5.32e-01
 1.89638e+22	1.69e-16	1.50e-11	3.87e-08	6.77e-06	2.42e-04	6.12e-02	4.17e-01	5.22e-01
 1.91901e+22	2.27e-16	1.94e-11	4.82e-08	8.08e-06	2.75e-04	6.59e-02	4.26e-01	5.07e-01
 1.94173e+22	2.84e-16	2.36e-11	5.67e-08	9.23e-06	3.02e-04	6.96e-02	4.33e-01	4.97e-01
 1.96456e+22	3.81e-16	3.05e-11	7.07e-08	1.10e-05	3.44e-04	7.50e-02	4.43e-01	4.82e-01
 1.98657e+22	4.66e-16	3.63e-11	8.21e-08	1.25e-05	3.75e-04	7.88e-02	4.49e-01	4.72e-01
 2.00752e+22	6.11e-16	4.59e-11	1.00e-07	1.47e-05	4.22e-04	8.43e-02	4.58e-01	4.58e-01
 2.02830e+22	7.43e-16	5.44e-11	1.16e-07	1.65e-05	4.59e-04	8.85e-02	4.64e-01	4.48e-01
 2.04887e+22	9.67e-16	6.86e-11	1.42e-07	1.95e-05	5.17e-04	9.46e-02	4.71e-01	4.33e-01
 2.06974e+22	1.18e-15	8.17e-11	1.65e-07	2.21e-05	5.64e-04	9.94e-02	4.77e-01	4.23e-01
 2.09100e+22	1.54e-15	1.03e-10	2.02e-07	2.61e-05	6.37e-04	1.06e-01	4.85e-01	4.08e-01
 2.11260e+22	1.90e-15	1.24e-10	2.36e-07	2.97e-05	6.99e-04	1.12e-01	4.90e-01	3.97e-01
 2.13466e+22	2.49e-15	1.57e-10	2.90e-07	3.53e-05	7.91e-04	1.20e-01	4.98e-01	3.82e-01
 2.15730e+22	3.09e-15	1.90e-10	3.43e-07	4.06e-05	8.75e-04	1.27e-01	5.03e-01	3.69e-01
 2.18068e+22	4.07e-15	2.43e-10	4.26e-07	4.87e-05	9.97e-04	1.36e-01	5.10e-01	3.53e-01
 2.20444e+22	5.06e-15	2.95e-10	5.05e-07	5.62e-05	1.11e-03	1.44e-01	5.14e-01	3.41e-01
 2.22828e+22	6.64e-15	3.75e-10	6.25e-07	6.74e-05	1.26e-03	1.54e-01	5.20e-01	3.25e-01
 2.25231e+22	8.20e-15	4.54e-10	7.40e-07	7.78e-05	1.40e-03	1.63e-01	5.24e-01	3.12e-01
 2.27588e+22	1.05e-14	5.67e-10	9.04e-07	9.25e-05	1.59e-03	1.74e-01	5.27e-01	2.97e-01
 2.29969e+22	1.29e-14	6.84e-10	1.07e-06	1.07e-04	1.76e-03	1.84e-01	5.30e-01	2.84e-01
 2.32041e+22	1.55e-14	8.05e-10	1.24e-06	1.21e-04	1.94e-03	1.93e-01	5.32e-01	2.73e-01
 2.34244e+22	1.93e-14	9.84e-10	1.49e-06	1.42e-04	2.18e-03	2.04e-01	5.34e-01	2.59e-01
 2.36466e+22	2.30e-14	1.15e-09	1.72e-06	1.62e-04	2.39e-03	2.14e-01	5.35e-01	2.49e-01
 2.38443e+22	2.72e-14	1.34e-09	1.97e-06	1.83e-04	2.62e-03	2.24e-01	5.35e-01	2.38e-01
 2.40644e+22	3.32e-14	1.62e-09	2.34e-06	2.13e-04	2.93e-03	2.37e-01	5.35e-01	2.25e-01
 2.42823e+22	3.87e-14	1.86e-09	2.67e-06	2.39e-04	3.19e-03	2.47e-01	5.34e-01	2.16e-01
 2.45031e+22	4.70e-14	2.23e-09	3.15e-06	2.78e-04	3.57e-03	2.60e-01	5.33e-01	2.03e-01
 2.47239e+22	5.43e-14	2.55e-09	3.57e-06	3.10e-04	3.88e-03	2.71e-01	5.31e-01	1.94e-01
 2.49447e+22	6.51e-14	3.02e-09	4.19e-06	3.59e-04	4.32e-03	2.85e-01	5.28e-01	1.83e-01
 2.51666e+22	7.48e-14	3.44e-09	4.73e-06	4.00e-04	4.68e-03	2.95e-01	5.25e-01	1.75e-01
 2.53902e+22	8.89e-14	4.05e-09	5.52e-06	4.60e-04	5.20e-03	3.10e-01	5.21e-01	1.64e-01
 2.56153e+22	1.02e-13	4.59e-09	6.21e-06	5.11e-04	5.63e-03	3.21e-01	5.17e-01	1.56e-01
 2.58426e+22	1.20e-13	5.37e-09	7.22e-06	5.86e-04	6.24e-03	3.36e-01	5.12e-01	1.46e-01
 2.60729e+22	1.37e-13	6.07e-09	8.11e-06	6.51e-04	6.75e-03	3.47e-01	5.07e-01	1.39e-01
 2.63071e+22	1.60e-13	7.08e-09	9.40e-06	7.45e-04	7.47e-03	3.63e-01	5.00e-01	1.29e-01
 2.65450e+22	1.82e-13	8.00e-09	1.05e-05	8.27e-04	8.08e-03	3.75e-01	4.94e-01	1.22e-01
 2.67877e+22	2.13e-13	9.31e-09	1.22e-05	9.46e-04	8.94e-03	3.91e-01	4.86e-01	1.13e-01
 2.70356e+22	2.43e-13	1.05e-08	1.37e-05	1.05e-03	9.66e-03	4.03e-01	4.79e-01	1.07e-01
 2.72902e+22	2.85e-13	1.23e-08	1.59e-05	1.20e-03	1.07e-02	4.20e-01	4.70e-01	9.88e-02
 2.75470e+22	3.23e-13	1.38e-08	1.78e-05	1.33e-03	1.15e-02	4.32e-01	4.62e-01	9.30e-02
 2.77652e+22	3.62e-13	1.54e-08	1.98e-05	1.46e-03	1.24e-02	4.44e-01	4.55e-01	8.77e-02
 2.80078e+22	4.17e-13	1.77e-08	2.27e-05	1.65e-03	1.36e-02	4.59e-01	4.45e-01	8.11e-02
 2.82400e+22	4.62e-13	1.95e-08	2.49e-05	1.79e-03	1.44e-02	4.69e-01	4.38e-01	7.69e-02
 2.84588e+22	5.23e-13	2.20e-08	2.80e-05	1.99e-03	1.56e-02	4.82e-01	4.28e-01	7.16e-02
 2.86807e+22	5.79e-13	2.43e-08	3.07e-05	2.16e-03	1.66e-02	4.93e-01	4.21e-01	6.77e-02
 2.89065e+22	6.54e-13	2.74e-08	3.45e-05	2.39e-03	1.80e-02	5.06e-01	4.11e-01	6.28e-02
 2.91338e+22	7.26e-13	3.02e-08	3.79e-05	2.59e-03	1.91e-02	5.16e-01	4.03e-01	5.93e-02
 2.93628e+22	8.19e-13	3.40e-08	4.26e-05	2.88e-03	2.06e-02	5.29e-01	3.92e-01	5.49e-02
 2.95948e+22	9.10e-13	3.75e-08	4.67e-05	3.11e-03	2.18e-02	5.39e-01	3.84e-01	5.17e-02
 2.98305e+22	1.03e-12	4.23e-08	5.26e-05	3.45e-03	2.36e-02	5.52e-01	3.73e-01	4.77e-02
 3.00699e+22	1.14e-12	4.68e-08	5.78e-05	3.74e-03	2.50e-02	5.62e-01	3.65e-01	4.48e-02
 3.03140e+22	1.30e-12	5.29e-08	6.52e-05	4.14e-03	2.70e-02	5.74e-01	3.53e-01	4.11e-02
 3.05625e+22	1.45e-12	5.87e-08	7.19e-05	4.49e-03	2.86e-02	5.84e-01	3.45e-01	3.85e-02
 3.08168e+22	1.64e-12	6.65e-08	8.14e-05	4.98e-03	3.10e-02	5.96e-01	3.33e-01	3.52e-02
 3.10765e+22	1.85e-12	7.43e-08	9.01e-05	5.41e-03	3.28e-02	6.05e-01	3.24e-01	3.28e-02
 3.13432e+22	2.10e-12	8.43e-08	1.02e-04	6.02e-03	3.55e-02	6.17e-01	3.11e-01	2.98e-02
 3.16105e+22	2.35e-12	9.39e-08	1.13e-04	6.52e-03	3.76e-02	6.26e-01	3.02e-01	2.77e-02
 3.18786e+22	2.69e-12	1.07e-07	1.28e-04	7.23e-03	4.06e-02	6.36e-01	2.90e-01	2.51e-02
 3.21511e+22	3.03e-12	1.20e-07	1.42e-04	7.84e-03	4.30e-02	6.44e-01	2.81e-01	2.33e-02
 3.23881e+22	3.36e-12	1.32e-07	1.57e-04	8.46e-03	4.55e-02	6.52e-01	2.73e-01	2.16e-02
 3.26549e+22	3.84e-12	1.50e-07	1.78e-04	9.34e-03	4.88e-02	6.61e-01	2.61e-01	1.96e-02
 3.29245e+22	4.32e-12	1.68e-07	1.97e-04	1.01e-02	5.15e-02	6.67e-01	2.53e-01	1.82e-02
 3.31495e+22	4.77e-12	1.84e-07	2.15e-04	1.08e-02	5.40e-02	6.73e-01	2.45e-01	1.70e-02
 3.33941e+22	5.37e-12	2.07e-07	2.41e-04	1.18e-02	5.75e-02	6.80e-01	2.35e-01	1.55e-02
 3.36366e+22	5.94e-12	2.28e-07	2.63e-04	1.26e-02	6.02e-02	6.85e-01	2.28e-01	1.44e-02
 3.38764e+22	6.74e-12	2.56e-07	2.93e-04	1.36e-02	6.36e-02	6.90e-01	2.19e-01	1.32e-02
 3.41261e+22	7.45e-12	2.82e-07	3.23e-04	1.47e-02	6.70e-02	6.95e-01	2.11e-01	1.22e-02
 3.43485e+22	8.29e-12	3.12e-07	3.53e-04	1.57e-02	7.00e-02	6.98e-01	2.04e-01	1.14e-02
 3.45973e+22	9.46e-12	3.53e-07	3.96e-04	1.70e-02	7.40e-02	7.03e-01	1.96e-01	1.04e-02
 3.48600e+22	1.06e-11	3.94e-07	4.39e-04	1.83e-02	7.79e-02	7.06e-01	1.88e-01	9.52e-03
 3.50991e+22	1.19e-11	4.37e-07	4.83e-04	1.96e-02	8.16e-02	7.09e-01	1.81e-01	8.79e-03
 3.53685e+22	1.37e-11	5.00e-07	5.47e-04	2.14e-02	8.64e-02	7.12e-01	1.72e-01	7.93e-03
 3.56458e+22	1.55e-11	5.60e-07	6.07e-04	2.30e-02	9.07e-02	7.13e-01	1.65e-01	7.26e-03
 3.58953e+22	1.75e-11	6.26e-07	6.72e-04	2.47e-02	9.50e-02	7.15e-01	1.58e-01	6.67e-03
 3.61813e+22	2.05e-11	7.23e-07	7.66e-04	2.70e-02	1.01e-01	7.16e-01	1.50e-01	5.97e-03
 3.64716e+22	2.33e-11	8.14e-07	8.52e-04	2.91e-02	1.06e-01	7.16e-01	1.43e-01	5.44e-03
 3.67288e+22	2.65e-11	9.15e-07	9.47e-04	3.12e-02	1.10e-01	7.16e-01	1.37e-01	4.97e-03
 3.70245e+22	3.14e-11	1.06e-06	1.08e-03	3.42e-02	1.17e-01	7.15e-01	1.29e-01	4.43e-03
 3.73257e+22	3.60e-11	1.20e-06	1.21e-03	3.68e-02	1.22e-01	7.13e-01	1.22e-01	4.02e-03
 3.76341e+22	4.29e-11	1.41e-06	1.39e-03	4.03e-02	1.29e-01	7.10e-01	1.15e-01	3.55e-03
 3.79472e+22	4.96e-11	1.61e-06	1.56e-03	4.35e-02	1.35e-01	7.07e-01	1.09e-01	3.21e-03
 3.82664e+22	5.96e-11	1.89e-06	1.79e-03	4.77e-02	1.43e-01	7.03e-01	1.02e-01	2.83e-03
 3.85943e+22	6.93e-11	2.17e-06	2.03e-03	5.16e-02	1.50e-01	6.98e-01	9.58e-02	2.52e-03
 3.88803e+22	8.07e-11	2.47e-06	2.27e-03	5.54e-02	1.56e-01	6.93e-01	9.07e-02	2.28e-03
 3.91990e+22	9.73e-11	2.91e-06	2.61e-03	6.05e-02	1.64e-01	6.86e-01	8.46e-02	2.00e-03
 3.95376e+22	1.15e-10	3.38e-06	2.96e-03	6.56e-02	1.72e-01	6.79e-01	7.91e-02	1.77e-03
 3.98137e+22	1.31e-10	3.79e-06	3.27e-03	6.97e-02	1.78e-01	6.73e-01	7.51e-02	1.61e-03
 4.00842e+22	1.54e-10	4.35e-06	3.67e-03	7.48e-02	1.85e-01	6.65e-01	7.06e-02	1.44e-03
 4.03724e+22	1.78e-10	4.94e-06	4.08e-03	7.99e-02	1.91e-01	6.57e-01	6.66e-02	1.30e-03
 4.06405e+22	2.06e-10	5.58e-06	4.52e-03	8.51e-02	1.97e-01	6.49e-01	6.29e-02	1.17e-03
 4.09460e+22	2.48e-10	6.53e-06	5.14e-03	9.20e-02	2.05e-01	6.38e-01	5.84e-02	1.03e-03
 4.12599e+22	2.90e-10	7.48e-06	5.75e-03	9.84e-02	2.12e-01	6.28e-01	5.46e-02	9.15e-04
 4.15374e+22	3.36e-10	8.49e-06	6.38e-03	1.05e-01	2.19e-01	6.18e-01	5.13e-02	8.20e-04
 4.18509e+22	4.07e-10	9.97e-06	7.27e-03	1.13e-01	2.27e-01	6.04e-01	4.73e-02	7.14e-04
 4.21697e+22	4.77e-10	1.14e-05	8.11e-03	1.21e-01	2.34e-01	5.92e-01	4.41e-02	6.34e-04
 4.24496e+22	5.55e-10	1.30e-05	8.99e-03	1.28e-01	2.40e-01	5.81e-01	4.12e-02	5.65e-04
 4.27674e+22	6.75e-10	1.52e-05	1.02e-02	1.38e-01	2.48e-01	5.65e-01	3.78e-02	4.89e-04
 4.30952e+22	7.97e-10	1.75e-05	1.14e-02	1.47e-01	2.55e-01	5.51e-01	3.50e-02	4.30e-04
 4.33886e+22	9.36e-10	2.00e-05	1.27e-02	1.56e-01	2.61e-01	5.37e-01	3.25e-02	3.79e-04
 4.37226e+22	1.15e-09	2.37e-05	1.45e-02	1.68e-01	2.69e-01	5.20e-01	2.95e-02	3.24e-04
 4.40668e+22	1.37e-09	2.74e-05	1.62e-02	1.78e-01	2.75e-01	5.03e-01	2.70e-02	2.81e-04
 4.43737e+22	1.62e-09	3.15e-05	1.80e-02	1.89e-01	2.80e-01	4.88e-01	2.49e-02	2.45e-04
 4.47221e+22	2.01e-09	3.74e-05	2.06e-02	2.03e-01	2.87e-01	4.68e-01	2.23e-02	2.06e-04
 4.50799e+22	2.41e-09	4.34e-05	2.30e-02	2.15e-01	2.92e-01	4.50e-01	2.02e-02	1.77e-04
 4.53959e+22	2.87e-09	4.99e-05	2.55e-02	2.27e-01	2.96e-01	4.33e-01	1.85e-02	1.53e-04
 4.57525e+22	3.57e-09	5.94e-05	2.91e-02	2.42e-01	3.01e-01	4.11e-01	1.64e-02	1.27e-04
 4.61199e+22	4.32e-09	6.91e-05	3.25e-02	2.56e-01	3.04e-01	3.93e-01	1.47e-02	1.08e-04
 4.64457e+22	5.16e-09	7.95e-05	3.60e-02	2.69e-01	3.07e-01	3.75e-01	1.33e-02	9.22e-05
 4.68142e+22	6.48e-09	9.51e-05	4.09e-02	2.86e-01	3.09e-01	3.52e-01	1.17e-02	7.51e-05
 4.71912e+22	7.84e-09	1.10e-04	4.55e-02	3.00e-01	3.10e-01	3.34e-01	1.04e-02	6.31e-05
 4.75796e+22	9.96e-09	1.33e-04	5.18e-02	3.18e-01	3.11e-01	3.10e-01	8.96e-03	5.05e-05
 4.79730e+22	1.21e-08	1.54e-04	5.75e-02	3.33e-01	3.10e-01	2.92e-01	7.91e-03	4.19e-05
 4.83731e+22	1.55e-08	1.87e-04	6.54e-02	3.51e-01	3.08e-01	2.68e-01	6.72e-03	3.30e-05
 4.87782e+22	1.90e-08	2.17e-04	7.24e-02	3.66e-01	3.05e-01	2.50e-01	5.87e-03	2.70e-05
 4.91899e+22	2.44e-08	2.62e-04	8.19e-02	3.84e-01	3.01e-01	2.28e-01	4.94e-03	2.10e-05
 4.96112e+22	3.01e-08	3.06e-04	9.06e-02	3.98e-01	2.96e-01	2.10e-01	4.25e-03	1.69e-05
 4.99867e+22	3.69e-08	3.56e-04	9.98e-02	4.12e-01	2.90e-01	1.94e-01	3.66e-03	1.36e-05
 5.04165e+22	4.79e-08	4.30e-04	1.12e-01	4.28e-01	2.82e-01	1.74e-01	3.01e-03	1.03e-05
 5.08556e+22	5.92e-08	5.02e-04	1.24e-01	4.41e-01	2.75e-01	1.58e-01	2.55e-03	8.15e-06
 5.12419e+22	7.26e-08	5.81e-04	1.35e-01	4.52e-01	2.67e-01	1.44e-01	2.17e-03	6.47e-06
 5.16791e+22	9.44e-08	7.01e-04	1.51e-01	4.64e-01	2.55e-01	1.27e-01	1.75e-03	4.79e-06
 5.21038e+22	1.14e-07	7.99e-04	1.63e-01	4.73e-01	2.47e-01	1.15e-01	1.49e-03	3.84e-06
 5.24486e+22	1.35e-07	9.03e-04	1.75e-01	4.79e-01	2.38e-01	1.05e-01	1.28e-03	3.11e-06
 5.28330e+22	1.69e-07	1.06e-03	1.91e-01	4.86e-01	2.27e-01	9.35e-02	1.05e-03	2.36e-06
 5.32194e+22	2.02e-07	1.19e-03	2.04e-01	4.91e-01	2.18e-01	8.47e-02	8.93e-04	1.89e-06
 5.36085e+22	2.51e-07	1.38e-03	2.21e-01	4.95e-01	2.07e-01	7.48e-02	7.30e-04	1.43e-06
 5.40061e+22	3.02e-07	1.57e-03	2.37e-01	4.98e-01	1.97e-01	6.69e-02	6.09e-04	1.11e-06
 5.43572e+22	3.59e-07	1.76e-03	2.51e-01	4.99e-01	1.87e-01	6.02e-02	5.14e-04	8.85e-07
 5.47560e+22	4.47e-07	2.04e-03	2.71e-01	4.99e-01	1.75e-01	5.25e-02	4.13e-04	6.58e-07
 5.51654e+22	5.40e-07	2.32e-03	2.88e-01	4.98e-01	1.65e-01	4.64e-02	3.40e-04	5.04e-07
 5.55017e+22	6.29e-07	2.56e-03	3.02e-01	4.96e-01	1.57e-01	4.19e-02	2.89e-04	4.05e-07
 5.58520e+22	7.57e-07	2.90e-03	3.20e-01	4.93e-01	1.47e-01	3.69e-02	2.37e-04	3.10e-07
 5.62128e+22	8.86e-07	3.21e-03	3.36e-01	4.89e-01	1.39e-01	3.31e-02	1.99e-04	2.45e-07
 5.65376e+22	1.03e-06	3.55e-03	3.51e-01	4.84e-01	1.31e-01	2.96e-02	1.68e-04	1.95e-07
 5.69100e+22	1.25e-06	4.02e-03	3.71e-01	4.78e-01	1.22e-01	2.57e-02	1.35e-04	1.45e-07
 5.72843e+22	1.46e-06	4.45e-03	3.87e-01	4.71e-01	1.14e-01	2.28e-02	1.12e-04	0.00e+00
 5.76103e+22	1.70e-06	4.91e-03	4.03e-01	4.65e-01	1.07e-01	2.03e-02	9.37e-05	0.00e+00
 5.79835e+22	2.05e-06	5.54e-03	4.24e-01	4.55e-01	9.82e-02	1.75e-02	7.47e-05	0.00e+00
 5.83626e+22	2.39e-06	6.11e-03	4.40e-01	4.47e-01	9.14e-02	1.54e-02	6.15e-05	0.00e+00
 5.86986e+22	2.78e-06	6.72e-03	4.57e-01	4.38e-01	8.51e-02	1.36e-02	5.09e-05	0.00e+00
 5.90849e+22	3.35e-06	7.57e-03	4.78e-01	4.26e-01	7.75e-02	1.16e-02	3.99e-05	0.00e+00
 5.94761e+22	3.91e-06	8.34e-03	4.95e-01	4.15e-01	7.15e-02	1.02e-02	3.25e-05	0.00e+00
 5.98735e+22	4.72e-06	9.39e-03	5.16e-01	4.01e-01	6.47e-02	8.58e-03	2.52e-05	0.00e+00
 6.02749e+22	5.51e-06	1.03e-02	5.33e-01	3.90e-01	5.93e-02	7.45e-03	2.04e-05	0.00e+00
 6.06816e+22	6.66e-06	1.16e-02	5.54e-01	3.75e-01	5.32e-02	6.25e-03	1.56e-05	0.00e+00
 6.10938e+22	7.78e-06	1.28e-02	5.71e-01	3.62e-01	4.85e-02	5.38e-03	1.25e-05	0.00e+00
 6.15130e+22	9.40e-06	1.44e-02	5.92e-01	3.46e-01	4.32e-02	4.47e-03	9.44e-06	0.00e+00
 6.19397e+22	1.10e-05	1.58e-02	6.09e-01	3.33e-01	3.90e-02	3.82e-03	7.45e-06	0.00e+00
 6.23759e+22	1.33e-05	1.78e-02	6.29e-01	3.15e-01	3.43e-02	3.14e-03	5.55e-06	0.00e+00
 6.28205e+22	1.56e-05	1.96e-02	6.46e-01	3.01e-01	3.07e-02	2.65e-03	4.31e-06	0.00e+00
 6.31224e+22	1.69e-05	2.04e-02	6.55e-01	2.94e-01	2.90e-02	2.43e-03	3.78e-06	0.00e+00
 6.33612e+22	1.88e-05	2.18e-02	6.65e-01	2.84e-01	2.69e-02	2.17e-03	3.19e-06	0.00e+00
 6.35800e+22	2.00e-05	2.26e-02	6.72e-01	2.78e-01	2.57e-02	2.02e-03	2.88e-06	0.00e+00
 6.37300e+22	2.10e-05	2.33e-02	6.77e-01	2.73e-01	2.47e-02	1.91e-03	2.65e-06	0.00e+00
 6.38821e+22	2.24e-05	2.42e-02	6.83e-01	2.67e-01	2.35e-02	1.78e-03	2.38e-06	0.00e+00
 6.40799e+22	2.43e-05	2.54e-02	6.91e-01	2.60e-01	2.22e-02	1.63e-03	2.09e-06	0.00e+00
 6.43370e+22	2.72e-05	2.72e-02	7.01e-01	2.50e-01	2.04e-02	1.44e-03	1.73e-06	0.00e+00
 6.46131e+22	3.02e-05	2.89e-02	7.11e-01	2.40e-01	1.88e-02	1.28e-03	1.46e-06	0.00e+00
 6.49139e+22	3.43e-05	3.12e-02	7.22e-01	2.29e-01	1.70e-02	1.10e-03	1.17e-06	0.00e+00
 6.52356e+22	3.85e-05	3.34e-02	7.32e-01	2.18e-01	1.54e-02	9.61e-04	9.59e-07	0.00e+00
 6.55843e+22	4.45e-05	3.64e-02	7.44e-01	2.05e-01	1.37e-02	8.10e-04	7.46e-07	0.00e+00
 6.59362e+22	5.02e-05	3.90e-02	7.54e-01	1.94e-01	1.23e-02	6.99e-04	6.02e-07	0.00e+00
 6.62923e+22	5.84e-05	4.27e-02	7.64e-01	1.82e-01	1.09e-02	5.84e-04	4.62e-07	0.00e+00
 6.66474e+22	6.58e-05	4.57e-02	7.73e-01	1.71e-01	9.74e-03	5.02e-04	3.71e-07	0.00e+00
 6.70013e+22	7.67e-05	5.01e-02	7.82e-01	1.59e-01	8.52e-03	4.16e-04	2.83e-07	0.00e+00
 6.73551e+22	8.65e-05	5.37e-02	7.89e-01	1.49e-01	7.62e-03	3.57e-04	2.26e-07	0.00e+00
 6.77087e+22	1.01e-04	5.89e-02	7.97e-01	1.37e-01	6.64e-03	2.94e-04	1.71e-07	0.00e+00
 6.80638e+22	1.15e-04	6.33e-02	8.03e-01	1.28e-01	5.90e-03	2.50e-04	1.36e-07	0.00e+00
 6.84208e+22	1.35e-04	6.98e-02	8.08e-01	1.17e-01	5.12e-03	2.05e-04	0.00e+00	0.00e+00
 6.87774e+22	1.54e-04	7.53e-02	8.12e-01	1.08e-01	4.52e-03	1.72e-04	0.00e+00	0.00e+00
 6.91335e+22	1.83e-04	8.35e-02	8.15e-01	9.74e-02	3.88e-03	1.39e-04	0.00e+00	0.00e+00
 6.94848e+22	2.11e-04	9.05e-02	8.16e-01	8.93e-02	3.43e-03	1.16e-04	0.00e+00	0.00e+00
 6.98298e+22	2.51e-04	1.00e-01	8.16e-01	8.02e-02	2.95e-03	9.33e-05	0.00e+00	0.00e+00
 7.01707e+22	2.91e-04	1.09e-01	8.15e-01	7.31e-02	2.60e-03	7.77e-05	0.00e+00	0.00e+00
 7.04585e+22	3.32e-04	1.18e-01	8.12e-01	6.70e-02	2.31e-03	6.55e-05	0.00e+00	0.00e+00
 7.07850e+22	4.01e-04	1.32e-01	8.06e-01	5.96e-02	1.99e-03	5.18e-05	0.00e+00	0.00e+00
 7.11050e+22	4.63e-04	1.43e-01	8.01e-01	5.41e-02	1.76e-03	4.32e-05	0.00e+00	0.00e+00
 7.14166e+22	5.57e-04	1.59e-01	7.91e-01	4.79e-02	1.52e-03	3.42e-05	0.00e+00	0.00e+00
 7.17267e+22	6.49e-04	1.73e-01	7.82e-01	4.32e-02	1.35e-03	2.81e-05	0.00e+00	0.00e+00
 7.19922e+22	7.56e-04	1.89e-01	7.71e-01	3.89e-02	1.20e-03	2.31e-05	0.00e+00	0.00e+00
 7.22536e+22	8.76e-04	2.05e-01	7.58e-01	3.51e-02	1.06e-03	1.90e-05	0.00e+00	0.00e+00
 7.25525e+22	1.06e-03	2.28e-01	7.40e-01	3.06e-02	9.15e-04	1.47e-05	0.00e+00	0.00e+00
 7.28514e+22	1.25e-03	2.49e-01	7.22e-01	2.70e-02	8.03e-04	1.18e-05	0.00e+00	0.00e+00
 7.31031e+22	1.46e-03	2.70e-01	7.03e-01	2.41e-02	7.12e-04	9.53e-06	0.00e+00	0.00e+00
 7.33831e+22	1.76e-03	2.99e-01	6.78e-01	2.07e-02	6.10e-04	7.25e-06	0.00e+00	0.00e+00
 7.36678e+22	2.09e-03	3.27e-01	6.52e-01	1.80e-02	5.29e-04	5.63e-06	0.00e+00	0.00e+00
 7.39101e+22	2.44e-03	3.55e-01	6.27e-01	1.57e-02	4.63e-04	4.43e-06	0.00e+00	0.00e+00
 7.41767e+22	2.97e-03	3.92e-01	5.92e-01	1.32e-02	3.88e-04	3.24e-06	0.00e+00	0.00e+00
 7.44483e+22	3.55e-03	4.28e-01	5.57e-01	1.11e-02	3.28e-04	2.40e-06	0.00e+00	0.00e+00
 7.46770e+22	4.17e-03	4.62e-01	5.24e-01	9.40e-03	2.80e-04	1.81e-06	0.00e+00	0.00e+00
 7.49248e+22	5.06e-03	5.06e-01	4.81e-01	7.55e-03	2.27e-04	1.25e-06	0.00e+00	0.00e+00
 7.51805e+22	6.13e-03	5.51e-01	4.36e-01	5.99e-03	1.82e-04	8.54e-07	0.00e+00	0.00e+00
 7.53910e+22	7.24e-03	5.92e-01	3.96e-01	4.83e-03	1.48e-04	6.00e-07	0.00e+00	0.00e+00
 7.55757e+22	8.46e-03	6.30e-01	3.58e-01	3.87e-03	1.19e-04	4.21e-07	0.00e+00	0.00e+00
 7.57553e+22	9.91e-03	6.68e-01	3.19e-01	3.04e-03	9.46e-05	2.87e-07	0.00e+00	0.00e+00
 7.59323e+22	1.17e-02	7.07e-01	2.79e-01	2.33e-03	7.30e-05	1.89e-07	0.00e+00	0.00e+00
 7.61009e+22	1.37e-02	7.44e-01	2.41e-01	1.75e-03	5.52e-05	0.00e+00	0.00e+00	0.00e+00
 7.62570e+22	1.61e-02	7.78e-01	2.05e-01	1.30e-03	4.10e-05	0.00e+00	0.00e+00	0.00e+00
 7.64021e+22	1.89e-02	8.08e-01	1.73e-01	9.54e-04	3.00e-05	0.00e+00	0.00e+00	0.00e+00
 7.65393e+22	2.22e-02	8.34e-01	1.43e-01	6.89e-04	2.14e-05	0.00e+00	0.00e+00	0.00e+00
 7.66693e+22	2.62e-02	8.57e-01	1.16e-01	4.89e-04	1.49e-05	0.00e+00	0.00e+00	0.00e+00
 7.67881e+22	3.05e-02	8.75e-01	9.44e-02	3.52e-04	1.04e-05	0.00e+00	0.00e+00	0.00e+00
 7.68958e+22	3.58e-02	8.88e-01	7.59e-02	2.54e-04	7.13e-06	0.00e+00	0.00e+00	0.00e+00
 7.69935e+22	4.17e-02	8.97e-01	6.09e-02	1.86e-04	4.91e-06	0.00e+00	0.00e+00	0.00e+00
 7.70792e+22	4.83e-02	9.02e-01	4.92e-02	1.40e-04	3.43e-06	0.00e+00	0.00e+00	0.00e+00
 7.71561e+22	5.56e-02	9.04e-01	3.99e-02	1.07e-04	2.42e-06	0.00e+00	0.00e+00	0.00e+00
 7.72272e+22	6.39e-02	9.04e-01	3.23e-02	8.38e-05	1.72e-06	0.00e+00	0.00e+00	0.00e+00
 7.72935e+22	7.34e-02	9.00e-01	2.62e-02	6.64e-05	1.22e-06	0.00e+00	0.00e+00	0.00e+00
 7.73553e+22	8.41e-02	8.95e-01	2.12e-02	5.36e-05	8.74e-07	0.00e+00	0.00e+00	0.00e+00
 7.74130e+22	9.61e-02	8.87e-01	1.72e-02	4.39e-05	6.30e-07	0.00e+00	0.00e+00	0.00e+00
 7.74674e+22	1.09e-01	8.77e-01	1.40e-02	3.66e-05	4.58e-07	0.00e+00	0.00e+00	0.00e+00
 7.75195e+22	1.24e-01	8.64e-01	1.14e-02	3.08e-05	3.35e-07	0.00e+00	0.00e+00	0.00e+00
 7.75696e+22	1.41e-01	8.50e-01	9.24e-03	2.63e-05	2.46e-07	0.00e+00	0.00e+00	0.00e+00
 7.76180e+22	1.60e-01	8.33e-01	7.51e-03	2.26e-05	1.82e-07	0.00e+00	0.00e+00	0.00e+00
 7.76630e+22	1.79e-01	8.15e-01	6.16e-03	1.98e-05	1.37e-07	0.00e+00	0.00e+00	0.00e+00
 7.77033e+22	1.98e-01	7.97e-01	5.15e-03	1.77e-05	0.00e+00	0.00e+00	0.00e+00	0.00e+00
 7.77399e+22	2.17e-01	7.79e-01	4.36e-03	1.60e-05	0.00e+00	0.00e+00	0.00e+00	0.00e+00
 7.77752e+22	2.36e-01	7.60e-01	3.71e-03	1.46e-05	0.00e+00	0.00e+00	0.00e+00	0.00e+00
 7.78098e+22	2.56e-01	7.41e-01	3.16e-03	1.34e-05	0.00e+00	0.00e+00	0.00e+00	0.00e+00
 7.78430e+22	2.76e-01	7.21e-01	2.70e-03	1.23e-05	0.00e+00	0.00e+00	0.00e+00	0.00e+00
 7.78748e+22	2.96e-01	7.02e-01	2.33e-03	1.14e-05	0.00e+00	0.00e+00	0.00e+00	0.00e+00
 7.79001e+22	3.11e-01	6.87e-01	2.08e-03	1.08e-05	0.00e+00	0.00e+00	0.00e+00	0.00e+00
 7.79178e+22	3.23e-01	6.75e-01	1.92e-03	1.04e-05	0.00e+00	0.00e+00	0.00e+00	0.00e+00
 7.79350e+22	3.34e-01	6.64e-01	1.76e-03	1.00e-05	0.00e+00	0.00e+00	0.00e+00	0.00e+00
 7.79550e+22	3.48e-01	6.51e-01	1.61e-03	9.58e-06	0.00e+00	0.00e+00	0.00e+00	0.00e+00
 7.79774e+22	3.63e-01	6.35e-01	1.44e-03	9.12e-06	0.00e+00	0.00e+00	0.00e+00	0.00e+00
 7.80000e+22	3.79e-01	6.20e-01	1.29e-03	8.69e-06	0.00e+00	0.00e+00	0.00e+00	0.00e+00
 7.80208e+22	3.93e-01	6.06e-01	1.17e-03	8.32e-06	0.00e+00	0.00e+00	0.00e+00	0.00e+00
 7.80417e+22	4.08e-01	5.91e-01	1.06e-03	7.96e-06	0.00e+00	0.00e+00	0.00e+00	0.00e+00
 7.80635e+22	4.23e-01	5.76e-01	9.57e-04	7.60e-06	0.00e+00	0.00e+00	0.00e+00	0.00e+00
 7.80861e+22	4.39e-01	5.60e-01	8.59e-04	7.26e-06	0.00e+00	0.00e+00	0.00e+00	0.00e+00
 7.81090e+22	4.55e-01	5.44e-01	7.70e-04	6.92e-06	0.00e+00	0.00e+00	0.00e+00	0.00e+00
 7.81316e+22	4.71e-01	5.28e-01	6.92e-04	6.61e-06	0.00e+00	0.00e+00	0.00e+00	0.00e+00
 7.81542e+22	4.87e-01	5.12e-01	6.22e-04	6.31e-06	0.00e+00	0.00e+00	0.00e+00	0.00e+00
 7.81778e+22	5.03e-01	4.96e-01	5.57e-04	6.02e-06	0.00e+00	0.00e+00	0.00e+00	0.00e+00
 7.82021e+22	5.20e-01	4.79e-01	4.97e-04	5.73e-06	0.00e+00	0.00e+00	0.00e+00	0.00e+00
 7.82264e+22	5.36e-01	4.63e-01	4.45e-04	5.46e-06	0.00e+00	0.00e+00	0.00e+00	0.00e+00
 7.82508e+22	5.53e-01	4.47e-01	3.98e-04	5.21e-06	0.00e+00	0.00e+00	0.00e+00	0.00e+00
 7.82759e+22	5.69e-01	4.31e-01	3.55e-04	4.96e-06	0.00e+00	0.00e+00	0.00e+00	0.00e+00
 7.83018e+22	5.86e-01	4.14e-01	3.17e-04	4.72e-06	0.00e+00	0.00e+00	0.00e+00	0.00e+00
 7.83280e+22	6.02e-01	3.98e-01	2.83e-04	4.48e-06	0.00e+00	0.00e+00	0.00e+00	0.00e+00
 7.83549e+22	6.18e-01	3.82e-01	2.53e-04	4.26e-06	0.00e+00	0.00e+00	0.00e+00	0.00e+00
 7.83826e+22	6.34e-01	3.66e-01	2.25e-04	4.05e-06	0.00e+00	0.00e+00	0.00e+00	0.00e+00
 7.84107e+22	6.50e-01	3.50e-01	2.01e-04	3.84e-06	0.00e+00	0.00e+00	0.00e+00	0.00e+00
 7.84389e+22	6.65e-01	3.35e-01	1.81e-04	3.66e-06	0.00e+00	0.00e+00	0.00e+00	0.00e+00
 7.84682e+22	6.80e-01	3.20e-01	1.62e-04	3.47e-06	0.00e+00	0.00e+00	0.00e+00	0.00e+00
 7.84991e+22	6.95e-01	3.05e-01	1.45e-04	3.29e-06	0.00e+00	0.00e+00	0.00e+00	0.00e+00
 7.85307e+22	7.10e-01	2.90e-01	1.30e-04	3.12e-06	0.00e+00	0.00e+00	0.00e+00	0.00e+00
 7.85626e+22	7.24e-01	2.76e-01	1.18e-04	2.96e-06	0.00e+00	0.00e+00	0.00e+00	0.00e+00
 7.85947e+22	7.36e-01	2.63e-01	1.07e-04	2.82e-06	0.00e+00	0.00e+00	0.00e+00	0.00e+00
 7.86278e+22	7.49e-01	2.50e-01	9.72e-05	2.68e-06	0.00e+00	0.00e+00	0.00e+00	0.00e+00
 7.86628e+22	7.62e-01	2.38e-01	8.87e-05	2.55e-06	0.00e+00	0.00e+00	0.00e+00	0.00e+00
 7.86988e+22	7.74e-01	2.26e-01	8.13e-05	2.42e-06	0.00e+00	0.00e+00	0.00e+00	0.00e+00
 7.87349e+22	7.85e-01	2.15e-01	7.51e-05	2.31e-06	0.00e+00	0.00e+00	0.00e+00	0.00e+00
 7.87722e+22	7.96e-01	2.04e-01	6.96e-05	2.21e-06	0.00e+00	0.00e+00	0.00e+00	0.00e+00
 7.88119e+22	8.06e-01	1.94e-01	6.47e-05	2.11e-06	0.00e+00	0.00e+00	0.00e+00	0.00e+00
 7.88540e+22	8.16e-01	1.84e-01	6.04e-05	2.01e-06	0.00e+00	0.00e+00	0.00e+00	0.00e+00
 7.88979e+22	8.25e-01	1.75e-01	5.67e-05	1.92e-06	0.00e+00	0.00e+00	0.00e+00	0.00e+00
 7.89440e+22	8.34e-01	1.66e-01	5.34e-05	1.84e-06	0.00e+00	0.00e+00	0.00e+00	0.00e+00
 7.89935e+22	8.43e-01	1.57e-01	5.05e-05	1.76e-06	0.00e+00	0.00e+00	0.00e+00	0.00e+00
 7.90473e+22	8.51e-01	1.49e-01	4.78e-05	1.68e-06	0.00e+00	0.00e+00	0.00e+00	0.00e+00
 7.91057e+22	8.59e-01	1.41e-01	4.55e-05	1.61e-06	0.00e+00	0.00e+00	0.00e+00	0.00e+00
 7.91690e+22	8.67e-01	1.33e-01	4.33e-05	1.54e-06	0.00e+00	0.00e+00	0.00e+00	0.00e+00
 7.92358e+22	8.74e-01	1.26e-01	4.15e-05	1.47e-06	0.00e+00	0.00e+00	0.00e+00	0.00e+00
 7.93036e+22	8.81e-01	1.19e-01	3.99e-05	1.41e-06	0.00e+00	0.00e+00	0.00e+00	0.00e+00
 7.93712e+22	8.87e-01	1.13e-01	3.85e-05	1.36e-06	0.00e+00	0.00e+00	0.00e+00	0.00e+00
 7.94388e+22	8.92e-01	1.08e-01	3.73e-05	1.32e-06	0.00e+00	0.00e+00	0.00e+00	0.00e+00
 7.95086e+22	8.97e-01	1.03e-01	3.62e-05	1.27e-06	0.00e+00	0.00e+00	0.00e+00	0.00e+00
 7.95810e+22	9.01e-01	9.85e-02	3.52e-05	1.23e-06	0.00e+00	0.00e+00	0.00e+00	0.00e+00
 7.96535e+22	9.06e-01	9.39e-02	3.42e-05	1.19e-06	0.00e+00	0.00e+00	0.00e+00	0.00e+00
 7.97228e+22	9.10e-01	9.01e-02	3.34e-05	1.16e-06	0.00e+00	0.00e+00	0.00e+00	0.00e+00
 7.97911e+22	9.14e-01	8.63e-02	3.27e-05	1.12e-06	0.00e+00	0.00e+00	0.00e+00	0.00e+00
 7.98607e+22	9.17e-01	8.28e-02	3.19e-05	1.09e-06	0.00e+00	0.00e+00	0.00e+00	0.00e+00
 7.99291e+22	9.21e-01	7.94e-02	3.12e-05	1.06e-06	0.00e+00	0.00e+00	0.00e+00	0.00e+00
 7.99960e+22	9.24e-01	7.63e-02	3.06e-05	1.03e-06	0.00e+00	0.00e+00	0.00e+00	0.00e+00
 8.00611e+22	9.27e-01	7.34e-02	3.01e-05	1.01e-06	0.00e+00	0.00e+00	0.00e+00	0.00e+00
 8.01247e+22	9.29e-01	7.07e-02	2.95e-05	9.88e-07	0.00e+00	0.00e+00	0.00e+00	0.00e+00
 8.01865e+22	9.32e-01	6.82e-02	2.90e-05	9.67e-07	0.00e+00	0.00e+00	0.00e+00	0.00e+00
 8.02465e+22	9.34e-01	6.59e-02	2.86e-05	9.49e-07	0.00e+00	0.00e+00	0.00e+00	0.00e+00
 8.03047e+22	9.36e-01	6.38e-02	2.81e-05	9.33e-07	0.00e+00	0.00e+00	0.00e+00	0.00e+00
 8.03609e+22	9.38e-01	6.18e-02	2.78e-05	9.18e-07	0.00e+00	0.00e+00	0.00e+00	0.00e+00
 8.04155e+22	9.40e-01	6.00e-02	2.74e-05	9.05e-07	0.00e+00	0.00e+00	0.00e+00	0.00e+00
 8.04684e+22	9.42e-01	5.83e-02	2.70e-05	8.95e-07	0.00e+00	0.00e+00	0.00e+00	0.00e+00
 8.05188e+22	9.43e-01	5.68e-02	2.67e-05	8.85e-07	0.00e+00	0.00e+00	0.00e+00	0.00e+00
 8.05683e+22	9.45e-01	5.53e-02	2.64e-05	8.78e-07	0.00e+00	0.00e+00	0.00e+00	0.00e+00
 8.06165e+22	9.46e-01	5.40e-02	2.62e-05	8.72e-07	0.00e+00	0.00e+00	0.00e+00	0.00e+00
 8.06603e+22	9.47e-01	5.29e-02	2.59e-05	8.68e-07	0.00e+00	0.00e+00	0.00e+00	0.00e+00
 8.07002e+22	9.48e-01	5.20e-02	2.57e-05	8.66e-07	0.00e+00	0.00e+00	0.00e+00	0.00e+00
 8.07365e+22	9.49e-01	5.13e-02	2.55e-05	8.65e-07	0.00e+00	0.00e+00	0.00e+00	0.00e+00
 8.07695e+22	9.49e-01	5.06e-02	2.54e-05	8.65e-07	0.00e+00	0.00e+00	0.00e+00	0.00e+00
 8.07996e+22	9.50e-01	5.00e-02	2.52e-05	8.66e-07	0.00e+00	0.00e+00	0.00e+00	0.00e+00
 8.08270e+22	9.50e-01	4.95e-02	2.51e-05	8.67e-07	0.00e+00	0.00e+00	0.00e+00	0.00e+00
 8.08569e+22	9.51e-01	4.89e-02	2.49e-05	8.69e-07	0.00e+00	0.00e+00	0.00e+00	0.00e+00
 8.08893e+22	9.52e-01	4.83e-02	2.48e-05	8.69e-07	0.00e+00	0.00e+00	0.00e+00	0.00e+00
 8.09188e+22	9.52e-01	4.78e-02	2.47e-05	8.71e-07	0.00e+00	0.00e+00	0.00e+00	0.00e+00
 8.09456e+22	9.53e-01	4.74e-02	2.45e-05	8.76e-07	0.00e+00	0.00e+00	0.00e+00	0.00e+00
 8.09700e+22	9.53e-01	4.71e-02	2.44e-05	8.78e-07	0.00e+00	0.00e+00	0.00e+00	0.00e+00
 8.09967e+22	9.53e-01	4.67e-02	2.43e-05	8.80e-07	0.00e+00	0.00e+00	0.00e+00	0.00e+00
 8.10255e+22	9.54e-01	4.62e-02	2.42e-05	8.83e-07	0.00e+00	0.00e+00	0.00e+00	0.00e+00
 8.10518e+22	9.54e-01	4.59e-02	2.41e-05	8.90e-07	0.00e+00	0.00e+00	0.00e+00	0.00e+00
 8.10757e+22	9.54e-01	4.57e-02	2.40e-05	8.89e-07	0.00e+00	0.00e+00	0.00e+00	0.00e+00
 8.11019e+22	9.55e-01	4.54e-02	2.39e-05	8.97e-07	0.00e+00	0.00e+00	0.00e+00	0.00e+00
 8.11301e+22	9.55e-01	4.50e-02	2.38e-05	8.93e-07	0.00e+00	0.00e+00	0.00e+00	0.00e+00
 8.11611e+22	9.55e-01	4.45e-02	2.36e-05	8.95e-07	0.00e+00	0.00e+00	0.00e+00	0.00e+00
 8.11945e+22	9.56e-01	4.41e-02	2.35e-05	8.95e-07	0.00e+00	0.00e+00	0.00e+00	0.00e+00
 8.12312e+22	9.56e-01	4.37e-02	2.33e-05	8.98e-07	0.00e+00	0.00e+00	0.00e+00	0.00e+00
 8.12707e+22	9.57e-01	4.33e-02	2.32e-05	8.99e-07	0.00e+00	0.00e+00	0.00e+00	0.00e+00
 8.13067e+22	9.57e-01	4.30e-02	2.30e-05	9.01e-07	0.00e+00	0.00e+00	0.00e+00	0.00e+00
 8.13395e+22	9.57e-01	4.27e-02	2.29e-05	9.06e-07	0.00e+00	0.00e+00	0.00e+00	0.00e+00
 8.13693e+22	9.57e-01	4.25e-02	2.28e-05	9.14e-07	0.00e+00	0.00e+00	0.00e+00	0.00e+00
 8.13964e+22	9.58e-01	4.23e-02	2.27e-05	9.13e-07	0.00e+00	0.00e+00	0.00e+00	0.00e+00
 8.14261e+22	9.58e-01	4.21e-02	2.26e-05	9.18e-07	0.00e+00	0.00e+00	0.00e+00	0.00e+00
 8.14582e+22	9.58e-01	4.18e-02	2.25e-05	9.20e-07	0.00e+00	0.00e+00	0.00e+00	0.00e+00
 8.14934e+22	9.59e-01	4.14e-02	2.23e-05	9.24e-07	0.00e+00	0.00e+00	0.00e+00	0.00e+00
 8.15314e+22	9.59e-01	4.11e-02	2.22e-05	9.27e-07	0.00e+00	0.00e+00	0.00e+00	0.00e+00
 8.15659e+22	9.59e-01	4.09e-02	2.21e-05	9.31e-07	0.00e+00	0.00e+00	0.00e+00	0.00e+00
 8.15973e+22	9.59e-01	4.07e-02	2.21e-05	9.37e-07	0.00e+00	0.00e+00	0.00e+00	0.00e+00
 8.16260e+22	9.59e-01	4.06e-02	2.20e-05	9.43e-07	0.00e+00	0.00e+00	0.00e+00	0.00e+00
 8.16573e+22	9.60e-01	4.03e-02	2.20e-05	9.49e-07	0.00e+00	0.00e+00	0.00e+00	0.00e+00
 8.16911e+22	9.60e-01	4.01e-02	2.19e-05	9.54e-07	0.00e+00	0.00e+00	0.00e+00	0.00e+00
 8.17219e+22	9.60e-01	3.99e-02	2.19e-05	9.63e-07	0.00e+00	0.00e+00	0.00e+00	0.00e+00
 8.17500e+22	9.60e-01	3.98e-02	2.18e-05	9.66e-07	0.00e+00	0.00e+00	0.00e+00	0.00e+00
 8.17807e+22	9.60e-01	3.95e-02	2.18e-05	9.70e-07	0.00e+00	0.00e+00	0.00e+00	0.00e+00
 8.18138e+22	9.61e-01	3.93e-02	2.17e-05	9.75e-07	0.00e+00	0.00e+00	0.00e+00	0.00e+00
 8.18440e+22	9.61e-01	3.92e-02	2.17e-05	9.84e-07	0.00e+00	0.00e+00	0.00e+00	0.00e+00
 8.18715e+22	9.61e-01	3.90e-02	2.16e-05	9.84e-07	0.00e+00	0.00e+00	0.00e+00	0.00e+00
 8.19015e+22	9.61e-01	3.88e-02	2.16e-05	9.87e-07	0.00e+00	0.00e+00	0.00e+00	0.00e+00
 8.19340e+22	9.61e-01	3.86e-02	2.15e-05	9.93e-07	0.00e+00	0.00e+00	0.00e+00	0.00e+00
 8.19636e+22	9.62e-01	3.84e-02	2.15e-05	1.00e-06	0.00e+00	0.00e+00	0.00e+00	0.00e+00
 8.19905e+22	9.62e-01	3.83e-02	2.14e-05	1.00e-06	0.00e+00	0.00e+00	0.00e+00	0.00e+00
 8.20199e+22	9.62e-01	3.81e-02	2.14e-05	1.00e-06	0.00e+00	0.00e+00	0.00e+00	0.00e+00
 8.20518e+22	9.62e-01	3.79e-02	2.13e-05	1.01e-06	0.00e+00	0.00e+00	0.00e+00	0.00e+00
 8.20807e+22	9.62e-01	3.77e-02	2.13e-05	1.02e-06	0.00e+00	0.00e+00	0.00e+00	0.00e+00
 8.21071e+22	9.62e-01	3.76e-02	2.12e-05	1.02e-06	0.00e+00	0.00e+00	0.00e+00	0.00e+00
 8.21359e+22	9.63e-01	3.74e-02	2.12e-05	1.02e-06	0.00e+00	0.00e+00	0.00e+00	0.00e+00
 8.21671e+22	9.63e-01	3.71e-02	2.11e-05	1.02e-06	0.00e+00	0.00e+00	0.00e+00	0.00e+00
 8.22013e+22	9.63e-01	3.68e-02	2.10e-05	1.02e-06	0.00e+00	0.00e+00	0.00e+00	0.00e+00
 8.22381e+22	9.63e-01	3.66e-02	2.10e-05	1.02e-06	0.00e+00	0.00e+00	0.00e+00	0.00e+00
 8.22785e+22	9.64e-01	3.62e-02	2.09e-05	1.02e-06	0.00e+00	0.00e+00	0.00e+00	0.00e+00
 8.23222e+22	9.64e-01	3.60e-02	2.08e-05	1.02e-06	0.00e+00	0.00e+00	0.00e+00	0.00e+00
 8.23619e+22	9.64e-01	3.58e-02	2.07e-05	1.03e-06	0.00e+00	0.00e+00	0.00e+00	0.00e+00
 8.23980e+22	9.64e-01	3.56e-02	2.06e-05	1.02e-06	0.00e+00	0.00e+00	0.00e+00	0.00e+00
 8.24376e+22	9.65e-01	3.52e-02	2.06e-05	1.02e-06	0.00e+00	0.00e+00	0.00e+00	0.00e+00
 8.24803e+22	9.65e-01	3.50e-02	2.05e-05	1.03e-06	0.00e+00	0.00e+00	0.00e+00	0.00e+00
 8.25192e+22	9.65e-01	3.48e-02	2.04e-05	1.02e-06	0.00e+00	0.00e+00	0.00e+00	0.00e+00
 8.25618e+22	9.66e-01	3.44e-02	2.03e-05	1.02e-06	0.00e+00	0.00e+00	0.00e+00	0.00e+00
 8.26078e+22	9.66e-01	3.41e-02	2.02e-05	1.02e-06	0.00e+00	0.00e+00	0.00e+00	0.00e+00
 8.26497e+22	9.66e-01	3.40e-02	2.02e-05	1.03e-06	0.00e+00	0.00e+00	0.00e+00	0.00e+00
 8.26878e+22	9.66e-01	3.37e-02	2.01e-05	1.02e-06	0.00e+00	0.00e+00	0.00e+00	0.00e+00
 8.27295e+22	9.67e-01	3.34e-02	2.00e-05	1.02e-06	0.00e+00	0.00e+00	0.00e+00	0.00e+00
 8.27746e+22	9.67e-01	3.32e-02	1.99e-05	1.02e-06	0.00e+00	0.00e+00	0.00e+00	0.00e+00
 8.28156e+22	9.67e-01	3.29e-02	1.98e-05	1.02e-06	0.00e+00	0.00e+00	0.00e+00	0.00e+00
 8.28605e+22	9.67e-01	3.26e-02	1.97e-05	1.02e-06	0.00e+00	0.00e+00	0.00e+00	0.00e+00
 8.29091e+22	9.68e-01	3.23e-02	1.96e-05	1.01e-06	0.00e+00	0.00e+00	0.00e+00	0.00e+00
 8.29532e+22	9.68e-01	3.21e-02	1.96e-05	1.02e-06	0.00e+00	0.00e+00	0.00e+00	0.00e+00
 8.29934e+22	9.68e-01	3.19e-02	1.95e-05	1.01e-06	0.00e+00	0.00e+00	0.00e+00	0.00e+00
 8.30374e+22	9.68e-01	3.15e-02	1.94e-05	1.01e-06	0.00e+00	0.00e+00	0.00e+00	0.00e+00
 8.30849e+22	9.69e-01	3.13e-02	1.93e-05	1.01e-06	0.00e+00	0.00e+00	0.00e+00	0.00e+00
 8.31282e+22	9.69e-01	3.11e-02	1.92e-05	1.00e-06	0.00e+00	0.00e+00	0.00e+00	0.00e+00
 8.31756e+22	9.69e-01	3.07e-02	1.91e-05	9.99e-07	0.00e+00	0.00e+00	0.00e+00	0.00e+00
 8.32267e+22	9.70e-01	3.04e-02	1.90e-05	9.96e-07	0.00e+00	0.00e+00	0.00e+00	0.00e+00
 8.32733e+22	9.70e-01	3.02e-02	1.89e-05	9.92e-07	0.00e+00	0.00e+00	0.00e+00	0.00e+00
 8.33243e+22	9.70e-01	2.98e-02	1.88e-05	9.87e-07	0.00e+00	0.00e+00	0.00e+00	0.00e+00
 8.33794e+22	9.70e-01	2.95e-02	1.87e-05	9.83e-07	0.00e+00	0.00e+00	0.00e+00	0.00e+00
 8.34295e+22	9.71e-01	2.93e-02	1.86e-05	9.78e-07	0.00e+00	0.00e+00	0.00e+00	0.00e+00
 8.34845e+22	9.71e-01	2.89e-02	1.85e-05	9.73e-07	0.00e+00	0.00e+00	0.00e+00	0.00e+00
 8.35438e+22	9.71e-01	2.86e-02	1.84e-05	9.68e-07	0.00e+00	0.00e+00	0.00e+00	0.00e+00
 8.35977e+22	9.72e-01	2.83e-02	1.83e-05	9.63e-07	0.00e+00	0.00e+00	0.00e+00	0.00e+00
 8.36569e+22	9.72e-01	2.79e-02	1.82e-05	9.54e-07	0.00e+00	0.00e+00	0.00e+00	0.00e+00
 8.37207e+22	9.72e-01	2.76e-02	1.80e-05	9.48e-07	0.00e+00	0.00e+00	0.00e+00	0.00e+00
 8.37788e+22	9.73e-01	2.73e-02	1.79e-05	9.43e-07	0.00e+00	0.00e+00	0.00e+00	0.00e+00
 8.38316e+22	9.73e-01	2.71e-02	1.78e-05	9.38e-07	0.00e+00	0.00e+00	0.00e+00	0.00e+00
 8.38896e+22	9.73e-01	2.67e-02	1.77e-05	9.28e-07	0.00e+00	0.00e+00	0.00e+00	0.00e+00
 8.39521e+22	9.74e-01	2.64e-02	1.76e-05	9.24e-07	0.00e+00	0.00e+00	0.00e+00	0.00e+00
 8.40090e+22	9.74e-01	2.62e-02	1.75e-05	9.16e-07	0.00e+00	0.00e+00	0.00e+00	0.00e+00
 8.40714e+22	9.74e-01	2.57e-02	1.73e-05	9.04e-07	0.00e+00	0.00e+00	0.00e+00	0.00e+00
 8.41387e+22	9.75e-01	2.54e-02	1.72e-05	8.97e-07	0.00e+00	0.00e+00	0.00e+00	0.00e+00
 8.42000e+22	9.75e-01	2.52e-02	1.71e-05	8.91e-07	0.00e+00	0.00e+00	0.00e+00	0.00e+00
 8.42557e+22	9.75e-01	2.50e-02	1.70e-05	8.85e-07	0.00e+00	0.00e+00	0.00e+00	0.00e+00
 8.43168e+22	9.75e-01	2.45e-02	1.68e-05	8.72e-07	0.00e+00	0.00e+00	0.00e+00	0.00e+00
 8.43827e+22	9.76e-01	2.43e-02	1.67e-05	8.67e-07	0.00e+00	0.00e+00	0.00e+00	0.00e+00
 8.44428e+22	9.76e-01	2.40e-02	1.66e-05	8.59e-07	0.00e+00	0.00e+00	0.00e+00	0.00e+00
 8.45085e+22	9.76e-01	2.36e-02	1.65e-05	8.45e-07	0.00e+00	0.00e+00	0.00e+00	0.00e+00
 8.45795e+22	9.77e-01	2.33e-02	1.63e-05	8.38e-07	0.00e+00	0.00e+00	0.00e+00	0.00e+00
 8.46441e+22	9.77e-01	2.31e-02	1.62e-05	8.30e-07	0.00e+00	0.00e+00	0.00e+00	0.00e+00
 8.47149e+22	9.77e-01	2.26e-02	1.61e-05	8.14e-07	0.00e+00	0.00e+00	0.00e+00	0.00e+00
 8.47914e+22	9.78e-01	2.23e-02	1.59e-05	8.05e-07	0.00e+00	0.00e+00	0.00e+00	0.00e+00
 8.48609e+22	9.78e-01	2.21e-02	1.58e-05	7.98e-07	0.00e+00	0.00e+00	0.00e+00	0.00e+00
 8.49242e+22	9.78e-01	2.19e-02	1.57e-05	7.90e-07	0.00e+00	0.00e+00	0.00e+00	0.00e+00
 8.49936e+22	9.79e-01	2.14e-02	1.55e-05	7.75e-07	0.00e+00	0.00e+00	0.00e+00	0.00e+00
 8.50685e+22	9.79e-01	2.12e-02	1.54e-05	7.66e-07	0.00e+00	0.00e+00	0.00e+00	0.00e+00
 8.51366e+22	9.79e-01	2.09e-02	1.53e-05	7.59e-07	0.00e+00	0.00e+00	0.00e+00	0.00e+00
 8.52113e+22	9.80e-01	2.05e-02	1.51e-05	7.43e-07	0.00e+00	0.00e+00	0.00e+00	0.00e+00
 8.52919e+22	9.80e-01	2.02e-02	1.50e-05	7.33e-07	0.00e+00	0.00e+00	0.00e+00	0.00e+00
 8.53652e+22	9.80e-01	2.00e-02	1.49e-05	7.25e-07	0.00e+00	0.00e+00	0.00e+00	0.00e+00
 8.54320e+22	9.80e-01	1.98e-02	1.47e-05	7.17e-07	0.00e+00	0.00e+00	0.00e+00	0.00e+00
 8.55051e+22	9.81e-01	1.94e-02	1.46e-05	7.02e-07	0.00e+00	0.00e+00	0.00e+00	0.00e+00
 8.55841e+22	9.81e-01	1.91e-02	1.45e-05	6.93e-07	0.00e+00	0.00e+00	0.00e+00	0.00e+00
 8.56559e+22	9.81e-01	1.89e-02	1.43e-05	6.85e-07	0.00e+00	0.00e+00	0.00e+00	0.00e+00
 8.57347e+22	9.82e-01	1.85e-02	1.42e-05	6.68e-07	0.00e+00	0.00e+00	0.00e+00	0.00e+00
 8.58197e+22	9.82e-01	1.82e-02	1.40e-05	6.58e-07	0.00e+00	0.00e+00	0.00e+00	0.00e+00
 8.58970e+22	9.82e-01	1.80e-02	1.39e-05	6.49e-07	0.00e+00	0.00e+00	0.00e+00	0.00e+00
 8.59818e+22	9.82e-01	1.76e-02	1.37e-05	6.31e-07	0.00e+00	0.00e+00	0.00e+00	0.00e+00
 8.60733e+22	9.83e-01	1.73e-02	1.36e-05	6.21e-07	0.00e+00	0.00e+00	0.00e+00	0.00e+00
 8.61566e+22	9.83e-01	1.71e-02	1.34e-05	6.12e-07	0.00e+00	0.00e+00	0.00e+00	0.00e+00
 8.62324e+22	9.83e-01	1.69e-02	1.33e-05	6.04e-07	0.00e+00	0.00e+00	0.00e+00	0.00e+00
 8.63154e+22	9.84e-01	1.65e-02	1.31e-05	5.87e-07	0.00e+00	0.00e+00	0.00e+00	0.00e+00
 8.64051e+22	9.84e-01	1.63e-02	1.30e-05	5.77e-07	0.00e+00	0.00e+00	0.00e+00	0.00e+00
 8.64867e+22	9.84e-01	1.61e-02	1.29e-05	5.69e-07	0.00e+00	0.00e+00	0.00e+00	0.00e+00
 8.65761e+22	9.84e-01	1.56e-02	1.27e-05	5.52e-07	0.00e+00	0.00e+00	0.00e+00	0.00e+00
 8.66912e+22	9.85e-01	1.51e-02	1.25e-05	5.33e-07	0.00e+00	0.00e+00	0.00e+00	0.00e+00
 8.68141e+22	9.85e-01	1.48e-02	1.23e-05	5.20e-07	0.00e+00	0.00e+00	0.00e+00	0.00e+00
 8.69396e+22	9.86e-01	1.44e-02	1.21e-05	5.02e-07	0.00e+00	0.00e+00	0.00e+00	0.00e+00
 8.70705e+22	9.86e-01	1.41e-02	1.19e-05	4.88e-07	0.00e+00	0.00e+00	0.00e+00	0.00e+00
 8.72005e+22	9.86e-01	1.37e-02	1.17e-05	4.73e-07	0.00e+00	0.00e+00	0.00e+00	0.00e+00
 8.73330e+22	9.87e-01	1.34e-02	1.14e-05	4.58e-07	0.00e+00	0.00e+00	0.00e+00	0.00e+00
 8.74664e+22	9.87e-01	1.30e-02	1.12e-05	4.44e-07	0.00e+00	0.00e+00	0.00e+00	0.00e+00
 8.76009e+22	9.87e-01	1.27e-02	1.10e-05	4.30e-07	0.00e+00	0.00e+00	0.00e+00	0.00e+00
 8.77367e+22	9.88e-01	1.24e-02	1.08e-05	4.16e-07	0.00e+00	0.00e+00	0.00e+00	0.00e+00
 8.78737e+22	9.88e-01	1.21e-02	1.06e-05	4.02e-07	0.00e+00	0.00e+00	0.00e+00	0.00e+00
 8.80117e+22	9.88e-01	1.18e-02	1.04e-05	3.89e-07	0.00e+00	0.00e+00	0.00e+00	0.00e+00
 8.81509e+22	9.89e-01	1.15e-02	1.02e-05	3.76e-07	0.00e+00	0.00e+00	0.00e+00	0.00e+00
 8.82910e+22	9.89e-01	1.12e-02	1.00e-05	3.63e-07	0.00e+00	0.00e+00	0.00e+00	0.00e+00
 8.84322e+22	9.89e-01	1.09e-02	9.83e-06	3.51e-07	0.00e+00	0.00e+00	0.00e+00	0.00e+00
 8.85743e+22	9.89e-01	1.06e-02	9.64e-06	3.39e-07	0.00e+00	0.00e+00	0.00e+00	0.00e+00
 8.87171e+22	9.90e-01	1.03e-02	9.44e-06	3.27e-07	0.00e+00	0.00e+00	0.00e+00	0.00e+00
 8.88608e+22	9.90e-01	1.00e-02	9.25e-06	3.15e-07	0.00e+00	0.00e+00	0.00e+00	0.00e+00
 8.90052e+22	9.90e-01	9.78e-03	9.06e-06	3.04e-07	0.00e+00	0.00e+00	0.00e+00	0.00e+00
 8.91507e+22	9.90e-01	9.52e-03	8.88e-06	2.93e-07	0.00e+00	0.00e+00	0.00e+00	0.00e+00
 8.92972e+22	9.91e-01	9.26e-03	8.69e-06	2.83e-07	0.00e+00	0.00e+00	0.00e+00	0.00e+00
