#depth	H	H+	H2
 4.62852e+21	3.55e-08	1.00e+00	2.71e-35
 1.02988e+22	7.49e-08	1.00e+00	9.71e-35
 1.17360e+22	9.56e-08	1.00e+00	2.17e-34
 1.23291e+22	1.07e-07	1.00e+00	3.17e-34
 1.25762e+22	1.10e-07	1.00e+00	3.48e-34
 1.26899e+22	1.14e-07	1.00e+00	3.92e-34
 1.28171e+22	1.18e-07	1.00e+00	4.40e-34
 1.29618e+22	1.23e-07	1.00e+00	5.08e-34
 1.31092e+22	1.28e-07	1.00e+00	5.74e-34
 1.32390e+22	1.32e-07	1.00e+00	6.43e-34
 1.33650e+22	1.37e-07	1.00e+00	7.17e-34
 1.35069e+22	1.43e-07	1.00e+00	8.26e-34
 1.36492e+22	1.47e-07	1.00e+00	9.18e-34
 1.37920e+22	1.53e-07	1.00e+00	1.05e-33
 1.39380e+22	1.58e-07	1.00e+00	1.17e-33
 1.40880e+22	1.65e-07	1.00e+00	1.35e-33
 1.42401e+22	1.71e-07	1.00e+00	1.51e-33
 1.43951e+22	1.78e-07	1.00e+00	1.74e-33
 1.45534e+22	1.84e-07	1.00e+00	1.94e-33
 1.47160e+22	1.92e-07	1.00e+00	2.25e-33
 1.48836e+22	1.99e-07	1.00e+00	2.54e-33
 1.50577e+22	2.08e-07	1.00e+00	2.95e-33
 1.52266e+22	2.14e-07	1.00e+00	3.29e-33
 1.53887e+22	2.23e-07	1.00e+00	3.81e-33
 1.55543e+22	2.30e-07	1.00e+00	4.26e-33
 1.57241e+22	2.40e-07	1.00e+00	4.91e-33
 1.59037e+22	2.49e-07	1.00e+00	5.60e-33
 1.60689e+22	2.57e-07	1.00e+00	6.32e-33
 1.62565e+22	2.69e-07	1.00e+00	7.41e-33
 1.64537e+22	2.79e-07	1.00e+00	8.51e-33
 1.66636e+22	2.93e-07	1.00e+00	1.01e-32
 1.68681e+22	3.03e-07	1.00e+00	1.15e-32
 1.70657e+22	3.17e-07	1.00e+00	1.36e-32
 1.72654e+22	3.28e-07	1.00e+00	1.54e-32
 1.74678e+22	3.44e-07	1.00e+00	1.82e-32
 1.76729e+22	3.56e-07	1.00e+00	2.08e-32
 1.78817e+22	3.74e-07	1.00e+00	2.47e-32
 1.80931e+22	3.88e-07	1.00e+00	2.82e-32
 1.83078e+22	4.08e-07	1.00e+00	3.36e-32
 1.85240e+22	4.24e-07	1.00e+00	3.85e-32
 1.87421e+22	4.46e-07	1.00e+00	4.57e-32
 1.89638e+22	4.64e-07	1.00e+00	5.25e-32
 1.91901e+22	4.91e-07	1.00e+00	6.27e-32
 1.94173e+22	5.11e-07	1.00e+00	7.18e-32
 1.96456e+22	5.41e-07	1.00e+00	8.56e-32
 1.98657e+22	5.62e-07	1.00e+00	9.66e-32
 2.00752e+22	5.93e-07	1.00e+00	1.13e-31
 2.02830e+22	6.16e-07	1.00e+00	1.27e-31
 2.04887e+22	6.50e-07	1.00e+00	1.48e-31
 2.06974e+22	6.77e-07	1.00e+00	1.66e-31
 2.09100e+22	7.16e-07	1.00e+00	1.93e-31
 2.11260e+22	7.48e-07	1.00e+00	2.17e-31
 2.13466e+22	7.93e-07	1.00e+00	2.52e-31
 2.15730e+22	8.32e-07	1.00e+00	2.85e-31
 2.18068e+22	8.87e-07	1.00e+00	3.31e-31
 2.20444e+22	9.34e-07	1.00e+00	3.74e-31
 2.22828e+22	9.97e-07	1.00e+00	4.27e-31
 2.25231e+22	1.05e-06	1.00e+00	4.81e-31
 2.27588e+22	1.12e-06	1.00e+00	5.43e-31
 2.29969e+22	1.18e-06	1.00e+00	6.12e-31
 2.32041e+22	1.24e-06	1.00e+00	6.73e-31
 2.34244e+22	1.32e-06	1.00e+00	7.53e-31
 2.36466e+22	1.39e-06	1.00e+00	8.38e-31
 2.38443e+22	1.46e-06	1.00e+00	9.15e-31
 2.40644e+22	1.55e-06	1.00e+00	1.04e-30
 2.42823e+22	1.63e-06	1.00e+00	1.15e-30
 2.45031e+22	1.73e-06	1.00e+00	1.31e-30
 2.47239e+22	1.81e-06	1.00e+00	1.46e-30
 2.49447e+22	1.93e-06	1.00e+00	1.67e-30
 2.51666e+22	2.02e-06	1.00e+00	1.88e-30
 2.53902e+22	2.15e-06	1.00e+00	2.18e-30
 2.56153e+22	2.25e-06	1.00e+00	2.48e-30
 2.58426e+22	2.39e-06	1.00e+00	2.92e-30
 2.60729e+22	2.50e-06	1.00e+00	3.36e-30
 2.63071e+22	2.66e-06	1.00e+00	4.04e-30
 2.65450e+22	2.79e-06	1.00e+00	4.71e-30
 2.67877e+22	2.98e-06	1.00e+00	5.77e-30
 2.70356e+22	3.12e-06	1.00e+00	6.83e-30
 2.72902e+22	3.33e-06	1.00e+00	8.55e-30
 2.75470e+22	3.50e-06	1.00e+00	1.02e-29
 2.77652e+22	3.66e-06	1.00e+00	1.21e-29
 2.80078e+22	3.89e-06	1.00e+00	1.52e-29
 2.82400e+22	4.05e-06	1.00e+00	1.78e-29
 2.84588e+22	4.27e-06	1.00e+00	2.19e-29
 2.86807e+22	4.45e-06	1.00e+00	2.59e-29
 2.89065e+22	4.70e-06	1.00e+00	3.23e-29
 2.91338e+22	4.90e-06	1.00e+00	3.83e-29
 2.93628e+22	5.17e-06	1.00e+00	4.80e-29
 2.95948e+22	5.39e-06	1.00e+00	5.73e-29
 2.98305e+22	5.70e-06	1.00e+00	7.24e-29
 3.00699e+22	5.94e-06	1.00e+00	8.71e-29
 3.03140e+22	6.29e-06	1.00e+00	1.11e-28
 3.05625e+22	6.57e-06	1.00e+00	1.35e-28
 3.08168e+22	6.97e-06	1.00e+00	1.74e-28
 3.10765e+22	7.28e-06	1.00e+00	2.12e-28
 3.13432e+22	7.75e-06	1.00e+00	2.78e-28
 3.16105e+22	8.10e-06	1.00e+00	3.40e-28
 3.18786e+22	8.60e-06	1.00e+00	4.45e-28
 3.21511e+22	9.00e-06	1.00e+00	5.48e-28
 3.23881e+22	9.42e-06	1.00e+00	6.71e-28
 3.26549e+22	9.99e-06	1.00e+00	8.74e-28
 3.29245e+22	1.04e-05	1.00e+00	1.07e-27
 3.31495e+22	1.09e-05	1.00e+00	1.28e-27
 3.33941e+22	1.15e-05	1.00e+00	1.63e-27
 3.36366e+22	1.19e-05	1.00e+00	1.95e-27
 3.38764e+22	1.25e-05	1.00e+00	2.44e-27
 3.41261e+22	1.31e-05	1.00e+00	2.99e-27
 3.43485e+22	1.36e-05	1.00e+00	3.59e-27
 3.45973e+22	1.43e-05	1.00e+00	4.52e-27
 3.48600e+22	1.50e-05	1.00e+00	5.59e-27
 3.50991e+22	1.57e-05	1.00e+00	6.81e-27
 3.53685e+22	1.66e-05	1.00e+00	8.73e-27
 3.56458e+22	1.74e-05	1.00e+00	1.08e-26
 3.58953e+22	1.82e-05	1.00e+00	1.33e-26
 3.61813e+22	1.92e-05	1.00e+00	1.73e-26
 3.64716e+22	2.02e-05	1.00e+00	2.14e-26
 3.67288e+22	2.11e-05	1.00e+00	2.64e-26
 3.70245e+22	2.24e-05	1.00e+00	3.46e-26
 3.73257e+22	2.35e-05	1.00e+00	4.32e-26
 3.76341e+22	2.50e-05	1.00e+00	5.70e-26
 3.79472e+22	2.63e-05	1.00e+00	7.16e-26
 3.82664e+22	2.79e-05	1.00e+00	9.49e-26
 3.85943e+22	2.95e-05	1.00e+00	1.21e-25
 3.88803e+22	3.09e-05	1.00e+00	1.51e-25
 3.91990e+22	3.28e-05	1.00e+00	2.00e-25
 3.95376e+22	3.48e-05	1.00e+00	2.59e-25
 3.98137e+22	3.63e-05	1.00e+00	3.15e-25
 4.00842e+22	3.82e-05	1.00e+00	3.96e-25
 4.03724e+22	4.00e-05	1.00e+00	4.90e-25
 4.06405e+22	4.18e-05	1.00e+00	6.03e-25
 4.09460e+22	4.43e-05	1.00e+00	7.86e-25
 4.12599e+22	4.66e-05	1.00e+00	9.87e-25
 4.15374e+22	4.88e-05	1.00e+00	1.22e-24
 4.18509e+22	5.17e-05	1.00e+00	1.60e-24
 4.21697e+22	5.43e-05	1.00e+00	2.01e-24
 4.24496e+22	5.70e-05	1.00e+00	2.50e-24
 4.27674e+22	6.04e-05	1.00e+00	3.28e-24
 4.30952e+22	6.36e-05	1.00e+00	4.16e-24
 4.33886e+22	6.69e-05	1.00e+00	5.22e-24
 4.37226e+22	7.11e-05	1.00e+00	6.98e-24
 4.40668e+22	7.51e-05	1.00e+00	8.98e-24
 4.43737e+22	7.90e-05	1.00e+00	1.14e-23
 4.47221e+22	8.43e-05	1.00e+00	1.55e-23
 4.50799e+22	8.93e-05	1.00e+00	2.02e-23
 4.53959e+22	9.40e-05	1.00e+00	2.59e-23
 4.57525e+22	1.00e-04	1.00e+00	3.55e-23
 4.61199e+22	1.06e-04	1.00e+00	4.69e-23
 4.64457e+22	1.12e-04	1.00e+00	6.11e-23
 4.68142e+22	1.20e-04	1.00e+00	8.57e-23
 4.71912e+22	1.28e-04	1.00e+00	1.14e-22
 4.75796e+22	1.37e-04	1.00e+00	1.63e-22
 4.79730e+22	1.46e-04	1.00e+00	2.20e-22
 4.83731e+22	1.57e-04	1.00e+00	3.20e-22
 4.87782e+22	1.67e-04	1.00e+00	4.33e-22
 4.91899e+22	1.80e-04	1.00e+00	6.32e-22
 4.96112e+22	1.92e-04	1.00e+00	8.71e-22
 4.99867e+22	2.05e-04	1.00e+00	1.19e-21
 5.04165e+22	2.22e-04	1.00e+00	1.77e-21
 5.08556e+22	2.37e-04	1.00e+00	2.47e-21
 5.12419e+22	2.53e-04	1.00e+00	3.40e-21
 5.16791e+22	2.74e-04	1.00e+00	5.13e-21
 5.21038e+22	2.90e-04	1.00e+00	6.92e-21
 5.24486e+22	3.07e-04	1.00e+00	9.16e-21
 5.28330e+22	3.29e-04	1.00e+00	1.31e-20
 5.32194e+22	3.49e-04	1.00e+00	1.76e-20
 5.36085e+22	3.74e-04	1.00e+00	2.51e-20
 5.40061e+22	3.97e-04	1.00e+00	3.47e-20
 5.43572e+22	4.20e-04	1.00e+00	4.63e-20
 5.47560e+22	4.51e-04	1.00e+00	6.79e-20
 5.51654e+22	4.80e-04	1.00e+00	9.64e-20
 5.55017e+22	5.04e-04	9.99e-01	1.26e-19
 5.58520e+22	5.36e-04	9.99e-01	1.79e-19
 5.62128e+22	5.65e-04	9.99e-01	2.38e-19
 5.65376e+22	5.95e-04	9.99e-01	3.18e-19
 5.69100e+22	6.34e-04	9.99e-01	4.68e-19
 5.72843e+22	6.69e-04	9.99e-01	6.63e-19
 5.76103e+22	7.05e-04	9.99e-01	8.85e-19
 5.79835e+22	7.51e-04	9.99e-01	1.31e-18
 5.83626e+22	7.93e-04	9.99e-01	1.87e-18
 5.86986e+22	8.35e-04	9.99e-01	2.52e-18
 5.90849e+22	8.92e-04	9.99e-01	3.84e-18
 5.94761e+22	9.42e-04	9.99e-01	5.75e-18
 5.98735e+22	1.01e-03	9.99e-01	8.89e-18
 6.02749e+22	1.06e-03	9.99e-01	1.41e-17
 6.06816e+22	1.14e-03	9.99e-01	2.33e-17
 6.10938e+22	1.20e-03	9.99e-01	4.21e-17
 6.15130e+22	1.29e-03	9.99e-01	7.32e-17
 6.19397e+22	1.36e-03	9.99e-01	1.39e-16
 6.23759e+22	1.46e-03	9.99e-01	2.40e-16
 6.28205e+22	1.55e-03	9.98e-01	4.17e-16
 6.31224e+22	1.59e-03	9.98e-01	5.31e-16
 6.33612e+22	1.66e-03	9.98e-01	6.80e-16
 6.35800e+22	1.69e-03	9.98e-01	8.06e-16
 6.37300e+22	1.72e-03	9.98e-01	9.06e-16
 6.38821e+22	1.77e-03	9.98e-01	1.04e-15
 6.40799e+22	1.82e-03	9.98e-01	1.22e-15
 6.43370e+22	1.89e-03	9.98e-01	1.55e-15
 6.46131e+22	1.97e-03	9.98e-01	1.94e-15
 6.49139e+22	2.06e-03	9.98e-01	2.45e-15
 6.52356e+22	2.15e-03	9.98e-01	3.02e-15
 6.55843e+22	2.27e-03	9.98e-01	3.82e-15
 6.59362e+22	2.37e-03	9.98e-01	4.63e-15
 6.62923e+22	2.50e-03	9.97e-01	5.81e-15
 6.66474e+22	2.61e-03	9.97e-01	6.95e-15
 6.70013e+22	2.76e-03	9.97e-01	8.67e-15
 6.73551e+22	2.88e-03	9.97e-01	1.03e-14
 6.77087e+22	3.04e-03	9.97e-01	1.29e-14
 6.80638e+22	3.18e-03	9.97e-01	1.54e-14
 6.84208e+22	3.37e-03	9.97e-01	1.93e-14
 6.87774e+22	3.53e-03	9.96e-01	2.32e-14
 6.91335e+22	3.76e-03	9.96e-01	2.94e-14
 6.94848e+22	3.94e-03	9.96e-01	3.53e-14
 6.98298e+22	4.20e-03	9.96e-01	4.48e-14
 7.01707e+22	4.42e-03	9.96e-01	5.41e-14
 7.04585e+22	4.64e-03	9.95e-01	6.45e-14
 7.07850e+22	4.99e-03	9.95e-01	8.29e-14
 7.11050e+22	5.26e-03	9.95e-01	9.98e-14
 7.14166e+22	5.65e-03	9.94e-01	1.28e-13
 7.17267e+22	5.99e-03	9.94e-01	1.56e-13
 7.19922e+22	6.38e-03	9.94e-01	1.91e-13
 7.22536e+22	6.78e-03	9.93e-01	2.34e-13
 7.25525e+22	7.37e-03	9.93e-01	3.05e-13
 7.28514e+22	7.93e-03	9.92e-01	3.84e-13
 7.31031e+22	8.50e-03	9.91e-01	4.75e-13
 7.33831e+22	9.31e-03	9.91e-01	6.25e-13
 7.36678e+22	1.01e-02	9.90e-01	8.02e-13
 7.39101e+22	1.10e-02	9.89e-01	1.01e-12
 7.41767e+22	1.22e-02	9.88e-01	1.36e-12
 7.44483e+22	1.36e-02	9.86e-01	1.80e-12
 7.46770e+22	1.49e-02	9.85e-01	2.33e-12
 7.49248e+22	1.69e-02	9.83e-01	3.21e-12
 7.51805e+22	1.92e-02	9.81e-01	4.45e-12
 7.53910e+22	2.17e-02	9.78e-01	5.94e-12
 7.55757e+22	2.44e-02	9.76e-01	7.88e-12
 7.57553e+22	2.76e-02	9.72e-01	1.06e-11
 7.59323e+22	3.16e-02	9.68e-01	1.45e-11
 7.61009e+22	3.65e-02	9.64e-01	2.00e-11
 7.62570e+22	4.22e-02	9.58e-01	2.77e-11
 7.64021e+22	4.89e-02	9.51e-01	3.83e-11
 7.65393e+22	5.72e-02	9.43e-01	5.39e-11
 7.66693e+22	6.75e-02	9.33e-01	7.67e-11
 7.67881e+22	7.90e-02	9.21e-01	1.06e-10
 7.68958e+22	9.26e-02	9.07e-01	1.49e-10
 7.69935e+22	1.08e-01	8.92e-01	2.05e-10
 7.70792e+22	1.25e-01	8.75e-01	2.76e-10
 7.71561e+22	1.44e-01	8.56e-01	3.65e-10
 7.72272e+22	1.64e-01	8.36e-01	4.77e-10
 7.72935e+22	1.87e-01	8.13e-01	6.17e-10
 7.73553e+22	2.12e-01	7.88e-01	7.86e-10
 7.74130e+22	2.38e-01	7.62e-01	9.86e-10
 7.74674e+22	2.66e-01	7.34e-01	1.22e-09
 7.75195e+22	2.95e-01	7.05e-01	1.49e-09
 7.75696e+22	3.26e-01	6.74e-01	1.79e-09
 7.76180e+22	3.58e-01	6.42e-01	2.12e-09
 7.76630e+22	3.89e-01	6.11e-01	2.46e-09
 7.77033e+22	4.17e-01	5.83e-01	2.78e-09
 7.77399e+22	4.43e-01	5.57e-01	3.09e-09
 7.77752e+22	4.67e-01	5.33e-01	3.39e-09
 7.78098e+22	4.91e-01	5.09e-01	3.69e-09
 7.78430e+22	5.14e-01	4.86e-01	3.97e-09
 7.78748e+22	5.35e-01	4.65e-01	4.23e-09
 7.79001e+22	5.50e-01	4.50e-01	4.40e-09
 7.79178e+22	5.61e-01	4.39e-01	4.55e-09
 7.79350e+22	5.72e-01	4.28e-01	4.69e-09
 7.79550e+22	5.83e-01	4.17e-01	4.82e-09
 7.79774e+22	5.97e-01	4.03e-01	4.99e-09
 7.80000e+22	6.10e-01	3.90e-01	5.16e-09
 7.80208e+22	6.21e-01	3.79e-01	5.28e-09
 7.80417e+22	6.33e-01	3.67e-01	5.43e-09
 7.80635e+22	6.44e-01	3.56e-01	5.55e-09
 7.80861e+22	6.56e-01	3.44e-01	5.69e-09
 7.81090e+22	6.68e-01	3.32e-01	5.82e-09
 7.81316e+22	6.79e-01	3.21e-01	5.93e-09
 7.81542e+22	6.89e-01	3.11e-01	6.04e-09
 7.81778e+22	7.00e-01	3.00e-01	6.15e-09
 7.82021e+22	7.11e-01	2.89e-01	6.26e-09
 7.82264e+22	7.21e-01	2.79e-01	6.35e-09
 7.82508e+22	7.31e-01	2.69e-01	6.43e-09
 7.82759e+22	7.41e-01	2.59e-01	6.51e-09
 7.83018e+22	7.50e-01	2.50e-01	6.59e-09
 7.83280e+22	7.59e-01	2.41e-01	6.65e-09
 7.83549e+22	7.68e-01	2.32e-01	6.71e-09
 7.83826e+22	7.77e-01	2.23e-01	6.77e-09
 7.84107e+22	7.86e-01	2.14e-01	6.82e-09
 7.84389e+22	7.94e-01	2.06e-01	6.86e-09
 7.84682e+22	8.02e-01	1.98e-01	6.89e-09
 7.84991e+22	8.10e-01	1.90e-01	6.93e-09
 7.85307e+22	8.17e-01	1.83e-01	6.95e-09
 7.85626e+22	8.24e-01	1.76e-01	6.97e-09
 7.85947e+22	8.31e-01	1.69e-01	6.98e-09
 7.86278e+22	8.37e-01	1.63e-01	7.00e-09
 7.86628e+22	8.43e-01	1.57e-01	7.01e-09
 7.86988e+22	8.49e-01	1.51e-01	7.03e-09
 7.87349e+22	8.54e-01	1.46e-01	7.04e-09
 7.87722e+22	8.59e-01	1.41e-01	7.06e-09
 7.88119e+22	8.64e-01	1.36e-01	7.08e-09
 7.88540e+22	8.69e-01	1.31e-01	7.10e-09
 7.88979e+22	8.73e-01	1.27e-01	7.12e-09
 7.89440e+22	8.77e-01	1.23e-01	7.16e-09
 7.89935e+22	8.81e-01	1.19e-01	7.21e-09
 7.90473e+22	8.85e-01	1.15e-01	7.28e-09
 7.91057e+22	8.89e-01	1.11e-01	7.37e-09
 7.91690e+22	8.92e-01	1.08e-01	7.48e-09
 7.92358e+22	8.95e-01	1.05e-01	7.61e-09
 7.93036e+22	8.98e-01	1.02e-01	7.77e-09
 7.93712e+22	9.01e-01	9.90e-02	7.94e-09
 7.94388e+22	9.03e-01	9.67e-02	8.13e-09
 7.95086e+22	9.06e-01	9.44e-02	8.30e-09
 7.95810e+22	9.08e-01	9.21e-02	8.46e-09
 7.96535e+22	9.10e-01	8.99e-02	8.64e-09
 7.97228e+22	9.12e-01	8.80e-02	8.82e-09
 7.97911e+22	9.14e-01	8.61e-02	9.03e-09
 7.98607e+22	9.16e-01	8.42e-02	9.25e-09
 7.99291e+22	9.18e-01	8.24e-02	9.48e-09
 7.99960e+22	9.19e-01	8.07e-02	9.73e-09
 8.00611e+22	9.21e-01	7.90e-02	9.99e-09
 8.01247e+22	9.23e-01	7.74e-02	1.03e-08
 8.01865e+22	9.24e-01	7.59e-02	1.05e-08
 8.02465e+22	9.26e-01	7.44e-02	1.08e-08
 8.03047e+22	9.27e-01	7.30e-02	1.11e-08
 8.03609e+22	9.28e-01	7.16e-02	1.14e-08
 8.04155e+22	9.30e-01	7.03e-02	1.17e-08
 8.04684e+22	9.31e-01	6.90e-02	1.20e-08
 8.05188e+22	9.32e-01	6.78e-02	1.23e-08
 8.05683e+22	9.33e-01	6.66e-02	1.27e-08
 8.06165e+22	9.35e-01	6.54e-02	1.31e-08
 8.06603e+22	9.36e-01	6.44e-02	1.34e-08
 8.07002e+22	9.36e-01	6.35e-02	1.37e-08
 8.07365e+22	9.37e-01	6.27e-02	1.40e-08
 8.07695e+22	9.38e-01	6.20e-02	1.43e-08
 8.07996e+22	9.39e-01	6.13e-02	1.45e-08
 8.08270e+22	9.39e-01	6.07e-02	1.47e-08
 8.08569e+22	9.40e-01	6.00e-02	1.50e-08
 8.08893e+22	9.41e-01	5.90e-02	1.53e-08
 8.09188e+22	9.42e-01	5.84e-02	1.55e-08
 8.09456e+22	9.42e-01	5.79e-02	1.58e-08
 8.09700e+22	9.43e-01	5.74e-02	1.59e-08
 8.09967e+22	9.43e-01	5.68e-02	1.61e-08
 8.10255e+22	9.44e-01	5.59e-02	1.63e-08
 8.10518e+22	9.45e-01	5.53e-02	1.65e-08
 8.10757e+22	9.45e-01	5.49e-02	1.66e-08
 8.11019e+22	9.45e-01	5.45e-02	1.69e-08
 8.11301e+22	9.46e-01	5.37e-02	1.69e-08
 8.11611e+22	9.47e-01	5.30e-02	1.71e-08
 8.11945e+22	9.48e-01	5.23e-02	1.72e-08
 8.12312e+22	9.48e-01	5.15e-02	1.73e-08
 8.12707e+22	9.49e-01	5.07e-02	1.75e-08
 8.13067e+22	9.50e-01	5.01e-02	1.76e-08
 8.13395e+22	9.50e-01	4.96e-02	1.76e-08
 8.13693e+22	9.51e-01	4.91e-02	1.77e-08
 8.13964e+22	9.51e-01	4.87e-02	1.77e-08
 8.14261e+22	9.52e-01	4.81e-02	1.77e-08
 8.14582e+22	9.52e-01	4.75e-02	1.77e-08
 8.14934e+22	9.53e-01	4.68e-02	1.77e-08
 8.15314e+22	9.54e-01	4.60e-02	1.77e-08
 8.15659e+22	9.54e-01	4.55e-02	1.77e-08
 8.15973e+22	9.55e-01	4.50e-02	1.77e-08
 8.16260e+22	9.55e-01	4.46e-02	1.76e-08
 8.16573e+22	9.56e-01	4.40e-02	1.76e-08
 8.16911e+22	9.57e-01	4.33e-02	1.75e-08
 8.17219e+22	9.57e-01	4.29e-02	1.75e-08
 8.17500e+22	9.57e-01	4.26e-02	1.74e-08
 8.17807e+22	9.58e-01	4.20e-02	1.73e-08
 8.18138e+22	9.59e-01	4.14e-02	1.73e-08
 8.18440e+22	9.59e-01	4.09e-02	1.72e-08
 8.18715e+22	9.59e-01	4.06e-02	1.71e-08
 8.19015e+22	9.60e-01	4.02e-02	1.70e-08
 8.19340e+22	9.60e-01	3.96e-02	1.70e-08
 8.19636e+22	9.61e-01	3.91e-02	1.69e-08
 8.19905e+22	9.61e-01	3.89e-02	1.68e-08
 8.20199e+22	9.62e-01	3.84e-02	1.67e-08
 8.20518e+22	9.62e-01	3.79e-02	1.67e-08
 8.20807e+22	9.63e-01	3.75e-02	1.65e-08
 8.21071e+22	9.63e-01	3.72e-02	1.65e-08
 8.21359e+22	9.63e-01	3.68e-02	1.64e-08
 8.21671e+22	9.64e-01	3.64e-02	1.64e-08
 8.22013e+22	9.64e-01	3.59e-02	1.63e-08
 8.22381e+22	9.65e-01	3.54e-02	1.63e-08
 8.22785e+22	9.65e-01	3.49e-02	1.62e-08
 8.23222e+22	9.66e-01	3.44e-02	1.62e-08
 8.23619e+22	9.66e-01	3.39e-02	1.61e-08
 8.23980e+22	9.66e-01	3.37e-02	1.60e-08
 8.24376e+22	9.67e-01	3.32e-02	1.59e-08
 8.24803e+22	9.67e-01	3.27e-02	1.59e-08
 8.25192e+22	9.68e-01	3.24e-02	1.59e-08
 8.25618e+22	9.68e-01	3.18e-02	1.57e-08
 8.26078e+22	9.69e-01	3.13e-02	1.57e-08
 8.26497e+22	9.69e-01	3.09e-02	1.56e-08
 8.26878e+22	9.69e-01	3.07e-02	1.56e-08
 8.27295e+22	9.70e-01	3.02e-02	1.55e-08
 8.27746e+22	9.70e-01	2.98e-02	1.55e-08
 8.28156e+22	9.71e-01	2.95e-02	1.54e-08
 8.28605e+22	9.71e-01	2.90e-02	1.53e-08
 8.29091e+22	9.71e-01	2.85e-02	1.53e-08
 8.29532e+22	9.72e-01	2.81e-02	1.52e-08
 8.29934e+22	9.72e-01	2.79e-02	1.52e-08
 8.30374e+22	9.73e-01	2.75e-02	1.51e-08
 8.30849e+22	9.73e-01	2.71e-02	1.51e-08
 8.31282e+22	9.73e-01	2.68e-02	1.51e-08
 8.31756e+22	9.74e-01	2.64e-02	1.50e-08
 8.32267e+22	9.74e-01	2.60e-02	1.50e-08
 8.32733e+22	9.74e-01	2.57e-02	1.50e-08
 8.33243e+22	9.75e-01	2.52e-02	1.50e-08
 8.33794e+22	9.75e-01	2.48e-02	1.50e-08
 8.34295e+22	9.75e-01	2.45e-02	1.50e-08
 8.34845e+22	9.76e-01	2.41e-02	1.49e-08
 8.35438e+22	9.76e-01	2.37e-02	1.49e-08
 8.35977e+22	9.77e-01	2.34e-02	1.49e-08
 8.36569e+22	9.77e-01	2.29e-02	1.49e-08
 8.37207e+22	9.77e-01	2.25e-02	1.49e-08
 8.37788e+22	9.78e-01	2.22e-02	1.49e-08
 8.38316e+22	9.78e-01	2.19e-02	1.49e-08
 8.38896e+22	9.78e-01	2.15e-02	1.48e-08
 8.39521e+22	9.79e-01	2.12e-02	1.48e-08
 8.40090e+22	9.79e-01	2.09e-02	1.48e-08
 8.40714e+22	9.79e-01	2.05e-02	1.48e-08
 8.41387e+22	9.80e-01	2.02e-02	1.48e-08
 8.42000e+22	9.80e-01	1.99e-02	1.48e-08
 8.42557e+22	9.80e-01	1.96e-02	1.48e-08
 8.43168e+22	9.81e-01	1.93e-02	1.48e-08
 8.43827e+22	9.81e-01	1.89e-02	1.48e-08
 8.44428e+22	9.81e-01	1.87e-02	1.48e-08
 8.45085e+22	9.82e-01	1.84e-02	1.48e-08
 8.45795e+22	9.82e-01	1.80e-02	1.48e-08
 8.46441e+22	9.82e-01	1.78e-02	1.48e-08
 8.47149e+22	9.83e-01	1.75e-02	1.48e-08
 8.47914e+22	9.83e-01	1.71e-02	1.48e-08
 8.48609e+22	9.83e-01	1.68e-02	1.48e-08
 8.49242e+22	9.83e-01	1.66e-02	1.48e-08
 8.49936e+22	9.84e-01	1.63e-02	1.48e-08
 8.50685e+22	9.84e-01	1.60e-02	1.48e-08
 8.51366e+22	9.84e-01	1.58e-02	1.48e-08
 8.52113e+22	9.85e-01	1.55e-02	1.48e-08
 8.52919e+22	9.85e-01	1.52e-02	1.48e-08
 8.53652e+22	9.85e-01	1.49e-02	1.48e-08
 8.54320e+22	9.85e-01	1.47e-02	1.48e-08
 8.55051e+22	9.86e-01	1.45e-02	1.48e-08
 8.55841e+22	9.86e-01	1.42e-02	1.48e-08
 8.56559e+22	9.86e-01	1.40e-02	1.48e-08
 8.57347e+22	9.86e-01	1.37e-02	1.48e-08
 8.58197e+22	9.87e-01	1.35e-02	1.48e-08
 8.58970e+22	9.87e-01	1.33e-02	1.48e-08
 8.59818e+22	9.87e-01	1.30e-02	1.48e-08
 8.60733e+22	9.87e-01	1.27e-02	1.48e-08
 8.61566e+22	9.87e-01	1.25e-02	1.48e-08
 8.62324e+22	9.88e-01	1.23e-02	1.48e-08
 8.63154e+22	9.88e-01	1.21e-02	1.49e-08
 8.64051e+22	9.88e-01	1.18e-02	1.49e-08
 8.64867e+22	9.88e-01	1.16e-02	1.49e-08
 8.65761e+22	9.89e-01	1.14e-02	1.49e-08
 8.66912e+22	9.89e-01	1.11e-02	1.49e-08
 8.68141e+22	9.89e-01	1.08e-02	1.49e-08
 8.69396e+22	9.89e-01	1.05e-02	1.49e-08
 8.70705e+22	9.90e-01	1.02e-02	1.49e-08
 8.72005e+22	9.90e-01	9.95e-03	1.50e-08
 8.73330e+22	9.90e-01	9.67e-03	1.50e-08
 8.74664e+22	9.91e-01	9.40e-03	1.50e-08
 8.76009e+22	9.91e-01	9.14e-03	1.50e-08
 8.77367e+22	9.91e-01	8.89e-03	1.50e-08
 8.78737e+22	9.91e-01	8.63e-03	1.50e-08
 8.80117e+22	9.92e-01	8.39e-03	1.50e-08
 8.81509e+22	9.92e-01	8.15e-03	1.50e-08
 8.82910e+22	9.92e-01	7.92e-03	1.50e-08
 8.84322e+22	9.92e-01	7.69e-03	1.50e-08
 8.85743e+22	9.93e-01	7.47e-03	1.51e-08
 8.87171e+22	9.93e-01	7.25e-03	1.51e-08
 8.88608e+22	9.93e-01	7.04e-03	1.51e-08
 8.90052e+22	9.93e-01	6.83e-03	1.51e-08
 8.91507e+22	9.93e-01	6.63e-03	1.51e-08
 8.92972e+22	9.94e-01	6.44e-03	1.51e-08
 8.94445e+22	9.94e-01	6.24e-03	1.51e-08
 8.95927e+22	9.94e-01	6.06e-03	1.51e-08
 8.97417e+22	9.94e-01	5.88e-03	1.51e-08
 8.98916e+22	9.94e-01	5.70e-03	1.51e-08
 9.00449e+22	9.94e-01	5.53e-03	1.51e-08
 9.02008e+22	9.95e-01	5.36e-03	1.51e-08
 9.03581e+22	9.95e-01	5.19e-03	1.51e-08
 9.05172e+22	9.95e-01	5.03e-03	1.51e-08
 9.06776e+22	9.95e-01	4.87e-03	1.51e-08
 9.08395e+22	9.95e-01	4.71e-03	1.51e-08
 9.10029e+22	9.95e-01	4.56e-03	1.51e-08
 9.11683e+22	9.96e-01	4.42e-03	1.52e-08
 9.13361e+22	9.96e-01	4.27e-03	1.52e-08
 9.15063e+22	9.96e-01	4.13e-03	1.52e-08
 9.16810e+22	9.96e-01	3.99e-03	1.52e-08
 9.18594e+22	9.96e-01	3.86e-03	1.52e-08
 9.20404e+22	9.96e-01	3.72e-03	1.52e-08
 9.22244e+22	9.96e-01	3.59e-03	1.52e-08
 9.24112e+22	9.97e-01	3.46e-03	1.52e-08
 9.25379e+22	9.97e-01	3.42e-03	1.52e-08
