#depth	Ar	Ar+	Ar+2	Ar+3	Ar+4	Ar+5	Ar+6	Ar+7	Ar+8	Ar+9	Ar+10	Ar+11	Ar+12	Ar+13	Ar+14	Ar+15	Ar+16	Ar+17	Ar+18
 4.62852e+21	0.00e+00	0.00e+00	0.00e+00	0.00e+00	0.00e+00	2.55e-25	2.89e-22	2.19e-19	2.54e-16	9.17e-14	1.66e-11	1.49e-09	9.23e-08	3.00e-06	6.36e-05	1.43e-03	5.56e-02	3.24e-01	6.19e-01
 1.05691e+22	0.00e+00	0.00e+00	0.00e+00	0.00e+00	4.52e-27	6.17e-24	5.02e-21	5.00e-18	8.52e-15	2.09e-12	2.60e-10	1.60e-08	6.80e-07	1.53e-05	2.25e-04	3.52e-03	9.57e-02	3.87e-01	5.13e-01
 1.27658e+22	0.00e+00	0.00e+00	0.00e+00	4.42e-29	1.19e-25	1.30e-22	8.48e-20	6.66e-17	8.84e-14	1.68e-11	1.62e-09	7.76e-08	2.56e-06	4.48e-05	5.16e-04	6.31e-03	1.34e-01	4.23e-01	4.36e-01
 1.43580e+22	0.00e+00	0.00e+00	2.17e-31	7.48e-28	1.68e-24	1.53e-21	8.21e-19	5.28e-16	5.79e-13	9.04e-11	7.12e-09	2.78e-07	7.50e-06	1.07e-04	1.00e-03	9.96e-03	1.73e-01	4.44e-01	3.72e-01
 1.52426e+22	0.00e+00	0.00e+00	4.62e-31	1.53e-27	3.28e-24	2.84e-21	1.45e-18	8.87e-16	9.28e-13	1.38e-10	1.03e-08	3.83e-07	9.83e-06	1.33e-04	1.18e-03	1.11e-02	1.84e-01	4.47e-01	3.56e-01
 1.55268e+22	0.00e+00	0.00e+00	7.34e-31	2.37e-27	4.94e-24	4.15e-21	2.06e-18	1.22e-15	1.24e-12	1.79e-10	1.30e-08	4.67e-07	1.16e-05	1.52e-04	1.31e-03	1.19e-02	1.91e-01	4.49e-01	3.46e-01
 1.57734e+22	0.00e+00	0.00e+00	1.39e-30	4.33e-27	8.67e-24	6.98e-21	3.32e-18	1.88e-15	1.84e-12	2.55e-10	1.78e-08	6.12e-07	1.46e-05	1.83e-04	1.50e-03	1.31e-02	2.01e-01	4.52e-01	3.33e-01
 1.60180e+22	0.00e+00	0.00e+00	2.12e-30	6.46e-27	1.26e-23	9.86e-21	4.57e-18	2.51e-15	2.39e-12	3.22e-10	2.19e-08	7.32e-07	1.70e-05	2.06e-04	1.65e-03	1.40e-02	2.07e-01	4.53e-01	3.24e-01
 1.62600e+22	0.00e+00	0.00e+00	3.71e-30	1.09e-26	2.06e-23	1.56e-20	6.93e-18	3.66e-15	3.38e-12	4.40e-10	2.88e-08	9.27e-07	2.07e-05	2.42e-04	1.86e-03	1.51e-02	2.16e-01	4.54e-01	3.12e-01
 1.65072e+22	0.00e+00	0.00e+00	6.17e-30	1.77e-26	3.22e-23	2.35e-20	1.01e-17	5.15e-15	4.62e-12	5.82e-10	3.69e-08	1.15e-06	2.48e-05	2.80e-04	2.07e-03	1.63e-02	2.25e-01	4.55e-01	3.02e-01
 1.67185e+22	0.00e+00	0.00e+00	9.66e-30	2.70e-26	4.78e-23	3.38e-20	1.41e-17	6.95e-15	6.08e-12	7.46e-10	4.59e-08	1.39e-06	2.91e-05	3.19e-04	2.28e-03	1.74e-02	2.32e-01	4.55e-01	2.92e-01
 1.69504e+22	0.00e+00	0.00e+00	1.69e-29	4.57e-26	7.80e-23	5.31e-20	2.14e-17	1.01e-14	8.56e-12	1.01e-09	6.03e-08	1.76e-06	3.55e-05	3.74e-04	2.57e-03	1.88e-02	2.42e-01	4.55e-01	2.81e-01
 1.71923e+22	0.00e+00	0.00e+00	2.76e-29	7.28e-26	1.20e-22	7.92e-20	3.08e-17	1.40e-14	1.16e-11	1.33e-09	7.67e-08	2.16e-06	4.23e-05	4.31e-04	2.86e-03	2.01e-02	2.50e-01	4.55e-01	2.71e-01
 1.74117e+22	0.00e+00	0.00e+00	4.50e-29	1.15e-25	1.84e-22	1.17e-19	4.40e-17	1.93e-14	1.56e-11	1.74e-09	9.71e-08	2.66e-06	5.04e-05	4.96e-04	3.17e-03	2.16e-02	2.59e-01	4.54e-01	2.61e-01
 1.76199e+22	0.00e+00	0.00e+00	7.06e-29	1.76e-25	2.73e-22	1.69e-19	6.13e-17	2.60e-14	2.04e-11	2.23e-09	1.21e-07	3.21e-06	5.91e-05	5.63e-04	3.48e-03	2.29e-02	2.67e-01	4.53e-01	2.52e-01
 1.78493e+22	0.00e+00	0.00e+00	1.23e-28	2.98e-25	4.45e-22	2.64e-19	9.23e-17	3.76e-14	2.87e-11	3.02e-09	1.58e-07	4.05e-06	7.20e-05	6.60e-04	3.92e-03	2.48e-02	2.77e-01	4.52e-01	2.42e-01
 1.80832e+22	0.00e+00	0.00e+00	2.01e-28	4.72e-25	6.82e-22	3.91e-19	1.32e-16	5.17e-14	3.85e-11	3.94e-09	2.01e-07	4.97e-06	8.56e-05	7.59e-04	4.34e-03	2.65e-02	2.86e-01	4.50e-01	2.32e-01
 1.82854e+22	0.00e+00	0.00e+00	3.18e-28	7.25e-25	1.01e-21	5.62e-19	1.83e-16	6.94e-14	5.05e-11	5.04e-09	2.50e-07	6.02e-06	1.01e-04	8.63e-04	4.77e-03	2.81e-02	2.94e-01	4.48e-01	2.24e-01
 1.85106e+22	0.00e+00	0.00e+00	5.56e-28	1.23e-24	1.65e-21	8.79e-19	2.75e-16	9.97e-14	7.06e-11	6.83e-09	3.27e-07	7.60e-06	1.22e-04	1.01e-03	5.36e-03	3.03e-02	3.05e-01	4.45e-01	2.13e-01
 1.87431e+22	0.00e+00	0.00e+00	9.03e-28	1.94e-24	2.52e-21	1.30e-18	3.90e-16	1.36e-13	9.44e-11	8.89e-09	4.13e-07	9.30e-06	1.45e-04	1.16e-03	5.92e-03	3.23e-02	3.14e-01	4.42e-01	2.05e-01
 1.89443e+22	0.00e+00	0.00e+00	1.43e-27	2.97e-24	3.75e-21	1.86e-18	5.41e-16	1.83e-13	1.24e-10	1.14e-08	5.14e-07	1.12e-05	1.71e-04	1.32e-03	6.50e-03	3.43e-02	3.22e-01	4.39e-01	1.96e-01
 1.91336e+22	0.00e+00	0.00e+00	2.19e-27	4.45e-24	5.43e-21	2.61e-18	7.36e-16	2.40e-13	1.59e-10	1.43e-08	6.31e-07	1.34e-05	1.98e-04	1.49e-03	7.10e-03	3.62e-02	3.30e-01	4.36e-01	1.89e-01
 1.93481e+22	0.00e+00	8.26e-33	3.74e-27	7.35e-24	8.65e-21	4.00e-18	1.08e-15	3.38e-13	2.19e-10	1.91e-08	8.16e-07	1.68e-05	2.39e-04	1.73e-03	7.91e-03	3.88e-02	3.40e-01	4.31e-01	1.80e-01
 1.95699e+22	0.00e+00	1.38e-32	6.06e-27	1.16e-23	1.31e-20	5.85e-18	1.52e-15	4.58e-13	2.91e-10	2.47e-08	1.03e-06	2.05e-05	2.83e-04	1.97e-03	8.72e-03	4.12e-02	3.49e-01	4.27e-01	1.72e-01
 1.97648e+22	0.00e+00	2.22e-32	9.51e-27	1.76e-23	1.94e-20	8.35e-18	2.10e-15	6.07e-13	3.79e-10	3.14e-08	1.27e-06	2.46e-05	3.31e-04	2.24e-03	9.54e-03	4.36e-02	3.57e-01	4.23e-01	1.64e-01
 1.99820e+22	0.00e+00	4.01e-32	1.67e-26	2.98e-23	3.14e-20	1.30e-17	3.11e-15	8.62e-13	5.25e-10	4.24e-08	1.66e-06	3.10e-05	4.03e-04	2.61e-03	1.07e-02	4.66e-02	3.68e-01	4.17e-01	1.55e-01
 2.01978e+22	0.00e+00	6.45e-32	2.61e-26	4.54e-23	4.64e-20	1.85e-17	4.28e-15	1.14e-12	6.83e-10	5.38e-08	2.06e-06	3.73e-05	4.71e-04	2.96e-03	1.17e-02	4.92e-02	3.76e-01	4.12e-01	1.48e-01
 2.03820e+22	0.00e+00	1.02e-31	4.03e-26	6.81e-23	6.74e-20	2.60e-17	5.81e-15	1.50e-12	8.79e-10	6.78e-08	2.52e-06	4.46e-05	5.47e-04	3.33e-03	1.27e-02	5.18e-02	3.83e-01	4.07e-01	1.42e-01
 2.05918e+22	0.00e+00	1.80e-31	6.89e-26	1.13e-22	1.07e-19	3.96e-17	8.49e-15	2.09e-12	1.20e-09	9.02e-08	3.25e-06	5.55e-05	6.58e-04	3.86e-03	1.41e-02	5.52e-02	3.92e-01	4.00e-01	1.34e-01
 2.08055e+22	0.00e+00	2.95e-31	1.10e-25	1.75e-22	1.60e-19	5.70e-17	1.18e-14	2.78e-12	1.57e-09	1.15e-07	4.06e-06	6.72e-05	7.73e-04	4.38e-03	1.54e-02	5.82e-02	4.00e-01	3.93e-01	1.27e-01
 2.09901e+22	0.00e+00	4.63e-31	1.69e-25	2.60e-22	2.31e-19	7.96e-17	1.59e-14	3.62e-12	2.01e-09	1.45e-07	4.96e-06	7.99e-05	8.95e-04	4.92e-03	1.67e-02	6.11e-02	4.07e-01	3.88e-01	1.21e-01
 2.11958e+22	0.00e+00	8.13e-31	2.88e-25	4.28e-22	3.66e-19	1.21e-16	2.30e-14	5.02e-12	2.74e-09	1.92e-07	6.38e-06	9.92e-05	1.07e-03	5.68e-03	1.85e-02	6.48e-02	4.16e-01	3.80e-01	1.14e-01
 2.14089e+22	0.00e+00	1.34e-30	4.62e-25	6.67e-22	5.49e-19	1.74e-16	3.19e-14	6.68e-12	3.59e-09	2.46e-07	7.96e-06	1.20e-04	1.26e-03	6.45e-03	2.02e-02	6.82e-02	4.23e-01	3.73e-01	1.08e-01
 2.15984e+22	0.00e+00	2.15e-30	7.24e-25	1.01e-21	8.06e-19	2.46e-16	4.35e-14	8.76e-12	4.64e-09	3.11e-07	9.83e-06	1.44e-04	1.47e-03	7.26e-03	2.20e-02	7.16e-02	4.29e-01	3.65e-01	1.03e-01
 2.17822e+22	0.00e+00	3.45e-30	1.13e-24	1.54e-21	1.18e-18	3.48e-16	5.91e-14	1.15e-11	5.97e-09	3.92e-07	1.21e-05	1.72e-04	1.71e-03	8.18e-03	2.39e-02	7.50e-02	4.36e-01	3.58e-01	9.71e-02
 2.19919e+22	0.00e+00	6.20e-30	1.97e-24	2.58e-21	1.90e-18	5.35e-16	8.67e-14	1.60e-11	8.20e-09	5.25e-07	1.57e-05	2.16e-04	2.06e-03	9.46e-03	2.64e-02	7.94e-02	4.43e-01	3.49e-01	9.07e-02
 2.22056e+22	0.00e+00	1.01e-29	3.13e-24	3.97e-21	2.82e-18	7.64e-16	1.19e-13	2.11e-11	1.06e-08	6.67e-07	1.94e-05	2.59e-04	2.41e-03	1.07e-02	2.87e-02	8.31e-02	4.49e-01	3.41e-01	8.55e-02
 2.24247e+22	0.00e+00	1.86e-29	5.57e-24	6.80e-21	4.61e-18	1.19e-15	1.76e-13	2.97e-11	1.48e-08	9.01e-07	2.54e-05	3.26e-04	2.92e-03	1.24e-02	3.18e-02	8.79e-02	4.55e-01	3.30e-01	7.93e-02
 2.26481e+22	0.00e+00	3.17e-29	9.26e-24	1.09e-20	7.10e-18	1.75e-15	2.48e-13	4.00e-11	1.96e-08	1.17e-06	3.21e-05	3.99e-04	3.46e-03	1.41e-02	3.48e-02	9.22e-02	4.60e-01	3.21e-01	7.40e-02
 2.28301e+22	0.00e+00	4.86e-29	1.39e-23	1.59e-20	1.00e-17	2.39e-15	3.27e-13	5.06e-11	2.46e-08	1.44e-06	3.87e-05	4.69e-04	3.95e-03	1.57e-02	3.73e-02	9.57e-02	4.63e-01	3.13e-01	7.00e-02
 2.30197e+22	0.00e+00	8.35e-29	2.32e-23	2.56e-20	1.55e-17	3.54e-15	4.61e-13	6.83e-11	3.27e-08	1.88e-06	4.90e-05	5.74e-04	4.68e-03	1.78e-02	4.07e-02	1.00e-01	4.67e-01	3.03e-01	6.52e-02
 2.32159e+22	0.00e+00	1.34e-28	3.63e-23	3.88e-20	2.26e-17	4.97e-15	6.22e-13	8.83e-11	4.19e-08	2.36e-06	6.01e-05	6.83e-04	5.41e-03	2.00e-02	4.39e-02	1.04e-01	4.70e-01	2.95e-01	6.11e-02
 2.33785e+22	0.00e+00	1.98e-28	5.25e-23	5.47e-20	3.09e-17	6.57e-15	7.95e-13	1.09e-10	5.13e-08	2.85e-06	7.12e-05	7.89e-04	6.11e-03	2.19e-02	4.67e-02	1.07e-01	4.72e-01	2.87e-01	5.79e-02
 2.35476e+22	0.00e+00	3.21e-28	8.34e-23	8.40e-20	4.57e-17	9.31e-15	1.08e-12	1.42e-10	6.62e-08	3.61e-06	8.78e-05	9.45e-04	7.09e-03	2.45e-02	5.04e-02	1.11e-01	4.74e-01	2.78e-01	5.40e-02
 2.37089e+22	0.00e+00	4.61e-28	1.17e-22	1.15e-19	6.09e-17	1.20e-14	1.35e-12	1.72e-10	7.97e-08	4.29e-06	1.03e-04	1.08e-03	7.91e-03	2.67e-02	5.32e-02	1.14e-01	4.74e-01	2.71e-01	5.12e-02
 2.38378e+22	0.00e+00	6.56e-28	1.64e-22	1.57e-19	8.06e-17	1.55e-14	1.68e-12	2.07e-10	9.56e-08	5.08e-06	1.19e-04	1.23e-03	8.81e-03	2.89e-02	5.61e-02	1.17e-01	4.75e-01	2.64e-01	4.86e-02
 2.39640e+22	0.00e+00	9.13e-28	2.25e-22	2.10e-19	1.05e-16	1.96e-14	2.06e-12	2.47e-10	1.13e-07	5.95e-06	1.37e-04	1.38e-03	9.74e-03	3.12e-02	5.89e-02	1.20e-01	4.75e-01	2.57e-01	4.63e-02
 2.40877e+22	0.00e+00	1.24e-27	3.00e-22	2.74e-19	1.34e-16	2.43e-14	2.49e-12	2.90e-10	1.33e-07	6.88e-06	1.56e-04	1.55e-03	1.07e-02	3.34e-02	6.16e-02	1.22e-01	4.75e-01	2.51e-01	4.41e-02
 2.42276e+22	0.00e+00	1.86e-27	4.41e-22	3.92e-19	1.85e-16	3.23e-14	3.20e-12	3.58e-10	1.63e-07	8.35e-06	1.86e-04	1.79e-03	1.20e-02	3.66e-02	6.53e-02	1.26e-01	4.74e-01	2.43e-01	4.14e-02
 2.43684e+22	0.00e+00	2.64e-27	6.16e-22	5.33e-19	2.44e-16	4.14e-14	3.95e-12	4.29e-10	1.95e-07	9.85e-06	2.16e-04	2.03e-03	1.34e-02	3.96e-02	6.87e-02	1.28e-01	4.72e-01	2.36e-01	3.92e-02
 2.44872e+22	0.00e+00	3.62e-27	8.32e-22	7.04e-19	3.13e-16	5.16e-14	4.79e-12	5.04e-10	2.28e-07	1.14e-05	2.46e-04	2.27e-03	1.47e-02	4.25e-02	7.18e-02	1.31e-01	4.71e-01	2.30e-01	3.72e-02
 2.45984e+22	0.00e+00	4.93e-27	1.12e-21	9.22e-19	4.00e-16	6.40e-14	5.76e-12	5.89e-10	2.67e-07	1.32e-05	2.80e-04	2.54e-03	1.61e-02	4.54e-02	7.49e-02	1.33e-01	4.69e-01	2.23e-01	3.53e-02
 2.47057e+22	0.00e+00	6.46e-27	1.44e-21	1.17e-18	4.95e-16	7.73e-14	6.79e-12	6.76e-10	3.06e-07	1.50e-05	3.14e-04	2.79e-03	1.74e-02	4.82e-02	7.76e-02	1.35e-01	4.67e-01	2.18e-01	3.37e-02
 2.48279e+22	0.00e+00	9.32e-27	2.04e-21	1.61e-18	6.60e-16	9.97e-14	8.45e-12	8.13e-10	3.67e-07	1.78e-05	3.66e-04	3.18e-03	1.93e-02	5.21e-02	8.15e-02	1.38e-01	4.64e-01	2.10e-01	3.17e-02
 2.49536e+22	0.00e+00	1.30e-26	2.80e-21	2.15e-18	8.55e-16	1.25e-13	1.03e-11	9.57e-10	4.32e-07	2.07e-05	4.20e-04	3.57e-03	2.12e-02	5.59e-02	8.51e-02	1.40e-01	4.61e-01	2.04e-01	2.99e-02
 2.50630e+22	4.02e-33	1.74e-26	3.72e-21	2.78e-18	1.08e-15	1.54e-13	1.22e-11	1.11e-09	4.99e-07	2.38e-05	4.74e-04	3.96e-03	2.31e-02	5.94e-02	8.83e-02	1.42e-01	4.57e-01	1.97e-01	2.83e-02
 2.51843e+22	5.96e-33	2.53e-26	5.30e-21	3.85e-18	1.45e-15	1.98e-13	1.52e-11	1.33e-09	6.00e-07	2.83e-05	5.53e-04	4.51e-03	2.57e-02	6.42e-02	9.25e-02	1.44e-01	4.53e-01	1.90e-01	2.65e-02
 2.53024e+22	8.02e-33	3.37e-26	6.94e-21	4.93e-18	1.80e-15	2.41e-13	1.80e-11	1.52e-09	6.89e-07	3.22e-05	6.21e-04	4.97e-03	2.78e-02	6.80e-02	9.57e-02	1.45e-01	4.49e-01	1.84e-01	2.51e-02
 2.54011e+22	1.09e-32	4.50e-26	9.15e-21	6.34e-18	2.26e-15	2.93e-13	2.12e-11	1.74e-09	7.91e-07	3.67e-05	6.98e-04	5.48e-03	3.01e-02	7.21e-02	9.90e-02	1.47e-01	4.44e-01	1.78e-01	2.37e-02
 2.54983e+22	1.44e-32	5.89e-26	1.18e-20	8.02e-18	2.78e-15	3.52e-13	2.47e-11	1.98e-09	9.01e-07	4.15e-05	7.79e-04	6.01e-03	3.25e-02	7.60e-02	1.02e-01	1.48e-01	4.40e-01	1.73e-01	2.25e-02
 2.56090e+22	2.09e-32	8.40e-26	1.66e-20	1.09e-17	3.66e-15	4.46e-13	3.02e-11	2.34e-09	1.07e-06	4.87e-05	8.98e-04	6.77e-03	3.58e-02	8.15e-02	1.06e-01	1.49e-01	4.33e-01	1.65e-01	2.10e-02
 2.57212e+22	2.89e-32	1.14e-25	2.22e-20	1.42e-17	4.63e-15	5.47e-13	3.58e-11	2.69e-09	1.23e-06	5.58e-05	1.02e-03	7.50e-03	3.88e-02	8.64e-02	1.10e-01	1.50e-01	4.27e-01	1.59e-01	1.97e-02
 2.58179e+22	3.85e-32	1.50e-25	2.89e-20	1.80e-17	5.72e-15	6.57e-13	4.18e-11	3.05e-09	1.40e-06	6.30e-05	1.13e-03	8.22e-03	4.18e-02	9.10e-02	1.13e-01	1.51e-01	4.21e-01	1.54e-01	1.86e-02
 2.59262e+22	5.63e-32	2.16e-25	4.08e-20	2.47e-17	7.55e-15	8.35e-13	5.10e-11	3.58e-09	1.66e-06	7.40e-05	1.31e-03	9.25e-03	4.60e-02	9.73e-02	1.17e-01	1.52e-01	4.13e-01	1.46e-01	1.72e-02
 2.60366e+22	7.72e-32	2.92e-25	5.44e-20	3.20e-17	9.50e-15	1.02e-12	6.01e-11	4.08e-09	1.91e-06	8.44e-05	1.47e-03	1.02e-02	4.97e-02	1.03e-01	1.21e-01	1.53e-01	4.06e-01	1.40e-01	1.61e-02
 2.61499e+22	1.16e-31	4.29e-25	7.86e-20	4.47e-17	1.27e-14	1.31e-12	7.41e-11	4.83e-09	2.27e-06	9.98e-05	1.71e-03	1.16e-02	5.49e-02	1.10e-01	1.25e-01	1.53e-01	3.96e-01	1.33e-01	1.48e-02
 2.62633e+22	1.59e-31	5.83e-25	1.05e-19	5.80e-17	1.61e-14	1.60e-12	8.72e-11	5.50e-09	2.61e-06	1.14e-04	1.92e-03	1.27e-02	5.92e-02	1.16e-01	1.28e-01	1.53e-01	3.88e-01	1.27e-01	1.38e-02
 2.63590e+22	2.13e-31	7.69e-25	1.37e-19	7.37e-17	1.98e-14	1.91e-12	1.01e-10	6.20e-09	2.96e-06	1.28e-04	2.13e-03	1.39e-02	6.35e-02	1.21e-01	1.31e-01	1.53e-01	3.81e-01	1.21e-01	1.29e-02
 2.64653e+22	3.23e-31	1.14e-24	2.00e-19	1.03e-16	2.66e-14	2.45e-12	1.24e-10	7.26e-09	3.51e-06	1.52e-04	2.47e-03	1.57e-02	6.99e-02	1.30e-01	1.35e-01	1.52e-01	3.69e-01	1.14e-01	1.17e-02
 2.65697e+22	4.26e-31	1.49e-24	2.58e-19	1.30e-16	3.26e-14	2.91e-12	1.43e-10	8.12e-09	3.96e-06	1.70e-04	2.73e-03	1.70e-02	7.45e-02	1.35e-01	1.38e-01	1.52e-01	3.61e-01	1.09e-01	1.10e-02
 2.66713e+22	6.35e-31	2.18e-24	3.71e-19	1.80e-16	4.32e-14	3.69e-12	1.73e-10	9.42e-09	4.66e-06	1.98e-04	3.14e-03	1.91e-02	8.15e-02	1.43e-01	1.41e-01	1.51e-01	3.49e-01	1.02e-01	9.99e-03
 2.67710e+22	8.31e-31	2.82e-24	4.74e-19	2.24e-16	5.23e-14	4.35e-12	1.97e-10	1.05e-08	5.21e-06	2.21e-04	3.45e-03	2.06e-02	8.64e-02	1.49e-01	1.44e-01	1.50e-01	3.40e-01	9.75e-02	9.34e-03
 2.68681e+22	1.22e-30	4.06e-24	6.71e-19	3.05e-16	6.84e-14	5.45e-12	2.36e-10	1.20e-08	6.06e-06	2.56e-04	3.93e-03	2.29e-02	9.38e-02	1.57e-01	1.47e-01	1.48e-01	3.28e-01	9.12e-02	8.47e-03
 2.69664e+22	1.64e-30	5.41e-24	8.83e-19	3.89e-16	8.44e-14	6.50e-12	2.72e-10	1.34e-08	6.83e-06	2.87e-04	4.35e-03	2.49e-02	9.98e-02	1.63e-01	1.49e-01	1.46e-01	3.18e-01	8.63e-02	7.83e-03
 2.70662e+22	2.46e-30	7.97e-24	1.28e-18	5.39e-16	1.12e-13	8.22e-12	3.28e-10	1.54e-08	7.99e-06	3.34e-04	4.97e-03	2.77e-02	1.08e-01	1.72e-01	1.51e-01	1.44e-01	3.05e-01	7.99e-02	7.02e-03
 2.71657e+22	3.29e-30	1.05e-23	1.67e-18	6.82e-16	1.37e-13	9.76e-12	3.76e-10	1.71e-08	8.96e-06	3.72e-04	5.47e-03	2.99e-02	1.15e-01	1.78e-01	1.53e-01	1.42e-01	2.95e-01	7.55e-02	6.48e-03
 2.72648e+22	4.90e-30	1.54e-23	2.40e-18	9.40e-16	1.81e-13	1.23e-11	4.51e-10	1.96e-08	1.04e-05	4.31e-04	6.22e-03	3.31e-02	1.24e-01	1.86e-01	1.55e-01	1.39e-01	2.81e-01	6.96e-02	5.79e-03
 2.73657e+22	6.73e-30	2.09e-23	3.20e-18	1.21e-15	2.25e-13	1.47e-11	5.20e-10	2.19e-08	1.17e-05	4.83e-04	6.88e-03	3.59e-02	1.32e-01	1.93e-01	1.56e-01	1.36e-01	2.70e-01	6.51e-02	5.28e-03
 2.74540e+22	9.15e-30	2.80e-23	4.24e-18	1.55e-15	2.79e-13	1.76e-11	5.98e-10	2.43e-08	1.32e-05	5.39e-04	7.57e-03	3.87e-02	1.39e-01	1.99e-01	1.57e-01	1.33e-01	2.59e-01	6.09e-02	4.81e-03
 2.75537e+22	1.37e-29	4.12e-23	6.13e-18	2.15e-15	3.68e-13	2.21e-11	7.15e-10	2.78e-08	1.52e-05	6.21e-04	8.56e-03	4.27e-02	1.49e-01	2.07e-01	1.58e-01	1.30e-01	2.45e-01	5.57e-02	4.25e-03
 2.76537e+22	1.87e-29	5.56e-23	8.16e-18	2.76e-15	4.56e-13	2.64e-11	8.21e-10	3.08e-08	1.71e-05	6.92e-04	9.40e-03	4.59e-02	1.58e-01	2.13e-01	1.58e-01	1.26e-01	2.34e-01	5.18e-02	3.86e-03
 2.77541e+22	2.82e-29	8.23e-23	1.18e-17	3.82e-15	6.02e-13	3.32e-11	9.83e-10	3.52e-08	1.97e-05	7.94e-04	1.06e-02	5.04e-02	1.68e-01	2.20e-01	1.58e-01	1.22e-01	2.20e-01	4.70e-02	3.38e-03
 2.78561e+22	3.90e-29	1.12e-22	1.59e-17	4.96e-15	7.52e-13	3.99e-11	1.13e-09	3.91e-08	2.20e-05	8.85e-04	1.16e-02	5.41e-02	1.77e-01	2.26e-01	1.57e-01	1.18e-01	2.08e-01	4.34e-02	3.04e-03
 2.79603e+22	5.98e-29	1.69e-22	2.35e-17	6.96e-15	1.00e-12	5.07e-11	1.36e-09	4.48e-08	2.54e-05	1.02e-03	1.31e-02	5.93e-02	1.88e-01	2.32e-01	1.56e-01	1.14e-01	1.94e-01	3.90e-02	2.63e-03
 2.80648e+22	8.29e-29	2.31e-22	3.16e-17	9.02e-15	1.25e-12	6.08e-11	1.57e-09	4.98e-08	2.83e-05	1.13e-03	1.43e-02	6.35e-02	1.97e-01	2.37e-01	1.55e-01	1.10e-01	1.84e-01	3.58e-02	2.35e-03
 2.81697e+22	1.27e-28	3.48e-22	4.68e-17	1.27e-14	1.68e-12	7.73e-11	1.89e-09	5.71e-08	3.26e-05	1.29e-03	1.60e-02	6.91e-02	2.09e-01	2.43e-01	1.53e-01	1.05e-01	1.70e-01	3.19e-02	2.02e-03
 2.82720e+22	1.73e-28	4.65e-22	6.16e-17	1.61e-14	2.06e-12	9.15e-11	2.16e-09	6.30e-08	3.59e-05	1.41e-03	1.73e-02	7.33e-02	2.17e-01	2.46e-01	1.52e-01	1.01e-01	1.61e-01	2.94e-02	1.82e-03
 2.83710e+22	2.59e-28	6.86e-22	8.92e-17	2.22e-14	2.71e-12	1.15e-10	2.57e-09	7.17e-08	4.07e-05	1.59e-03	1.92e-02	7.91e-02	2.28e-01	2.51e-01	1.49e-01	9.60e-02	1.49e-01	2.62e-02	1.56e-03
 2.84709e+22	3.50e-28	9.13e-22	1.17e-16	2.82e-14	3.31e-12	1.36e-10	2.94e-09	7.91e-08	4.47e-05	1.74e-03	2.06e-02	8.35e-02	2.36e-01	2.53e-01	1.47e-01	9.23e-02	1.40e-01	2.41e-02	1.40e-03
 2.85720e+22	5.23e-28	1.34e-21	1.68e-16	3.86e-14	4.34e-12	1.70e-10	3.50e-09	9.02e-08	5.05e-05	1.95e-03	2.27e-02	8.96e-02	2.46e-01	2.56e-01	1.44e-01	8.75e-02	1.29e-01	2.14e-02	1.20e-03
 2.86756e+22	7.17e-28	1.81e-21	2.24e-16	4.96e-14	5.37e-12	2.03e-10	4.02e-09	1.00e-07	5.56e-05	2.13e-03	2.44e-02	9.45e-02	2.54e-01	2.58e-01	1.41e-01	8.37e-02	1.21e-01	1.95e-02	1.07e-03
 2.87823e+22	1.08e-27	2.67e-21	3.23e-16	6.83e-14	7.07e-12	2.55e-10	4.82e-09	1.15e-07	6.27e-05	2.39e-03	2.68e-02	1.01e-01	2.64e-01	2.60e-01	1.38e-01	7.89e-02	1.11e-01	1.73e-02	9.09e-04
 2.88915e+22	1.49e-27	3.64e-21	4.34e-16	8.82e-14	8.81e-12	3.06e-10	5.57e-09	1.28e-07	6.90e-05	2.61e-03	2.88e-02	1.06e-01	2.72e-01	2.61e-01	1.34e-01	7.52e-02	1.03e-01	1.56e-02	7.99e-04
 2.90042e+22	2.27e-27	5.42e-21	6.33e-16	1.23e-13	1.17e-11	3.88e-10	6.71e-09	1.47e-07	7.79e-05	2.92e-03	3.15e-02	1.13e-01	2.82e-01	2.62e-01	1.30e-01	7.04e-02	9.41e-02	1.37e-02	6.75e-04
 2.91191e+22	3.15e-27	7.40e-21	8.48e-16	1.58e-13	1.46e-11	4.66e-10	7.78e-09	1.65e-07	8.57e-05	3.18e-03	3.37e-02	1.19e-01	2.89e-01	2.62e-01	1.27e-01	6.68e-02	8.73e-02	1.23e-02	5.90e-04
 2.92369e+22	4.79e-27	1.10e-20	1.24e-15	2.20e-13	1.93e-11	5.92e-10	9.41e-09	1.91e-07	9.66e-05	3.54e-03	3.67e-02	1.26e-01	2.98e-01	2.61e-01	1.22e-01	6.24e-02	7.91e-02	1.08e-02	4.96e-04
 2.93568e+22	6.63e-27	1.50e-20	1.65e-15	2.84e-13	2.41e-11	7.13e-10	1.09e-08	2.14e-07	1.06e-04	3.85e-03	3.92e-02	1.32e-01	3.04e-01	2.60e-01	1.18e-01	5.90e-02	7.32e-02	9.66e-03	4.32e-04
 2.94792e+22	1.01e-26	2.23e-20	2.40e-15	3.93e-13	3.20e-11	9.05e-10	1.32e-08	2.49e-07	1.19e-04	4.28e-03	4.26e-02	1.39e-01	3.12e-01	2.58e-01	1.14e-01	5.48e-02	6.61e-02	8.39e-03	3.61e-04
 2.96023e+22	1.38e-26	3.01e-20	3.18e-15	5.04e-13	3.97e-11	1.09e-09	1.53e-08	2.79e-07	1.31e-04	4.63e-03	4.53e-02	1.45e-01	3.18e-01	2.56e-01	1.10e-01	5.18e-02	6.11e-02	7.53e-03	3.15e-04
 2.97264e+22	2.07e-26	4.41e-20	4.55e-15	6.89e-13	5.21e-11	1.37e-09	1.85e-08	3.23e-07	1.47e-04	5.12e-03	4.88e-02	1.52e-01	3.25e-01	2.53e-01	1.05e-01	4.81e-02	5.51e-02	6.54e-03	2.64e-04
 2.98541e+22	2.87e-26	6.00e-20	6.08e-15	8.88e-13	6.50e-11	1.65e-09	2.16e-08	3.64e-07	1.61e-04	5.55e-03	5.19e-02	1.59e-01	3.30e-01	2.51e-01	1.01e-01	4.52e-02	5.07e-02	5.83e-03	2.28e-04
 2.99647e+22	3.85e-26	7.91e-20	7.88e-15	1.12e-12	7.93e-11	1.96e-09	2.48e-08	4.05e-07	1.75e-04	5.96e-03	5.47e-02	1.64e-01	3.34e-01	2.48e-01	9.80e-02	4.27e-02	4.69e-02	5.25e-03	2.00e-04
 3.00868e+22	5.65e-26	1.14e-19	1.11e-14	1.50e-12	1.03e-10	2.44e-09	2.97e-08	4.67e-07	1.95e-04	6.53e-03	5.86e-02	1.71e-01	3.39e-01	2.44e-01	9.34e-02	3.96e-02	4.24e-02	4.57e-03	1.68e-04
 3.02094e+22	7.46e-26	1.48e-19	1.41e-14	1.87e-12	1.24e-10	2.87e-09	3.39e-08	5.19e-07	2.12e-04	6.99e-03	6.16e-02	1.77e-01	3.42e-01	2.41e-01	9.02e-02	3.75e-02	3.93e-02	4.13e-03	1.48e-04
 3.03327e+22	1.08e-25	2.09e-19	1.95e-14	2.48e-12	1.60e-10	3.56e-09	4.04e-08	5.96e-07	2.35e-04	7.63e-03	6.56e-02	1.84e-01	3.46e-01	2.37e-01	8.59e-02	3.47e-02	3.55e-02	3.60e-03	1.24e-04
 3.04591e+22	1.44e-25	2.74e-19	2.52e-14	3.11e-12	1.94e-10	4.22e-09	4.65e-08	6.66e-07	2.56e-04	8.17e-03	6.90e-02	1.89e-01	3.49e-01	2.33e-01	8.25e-02	3.27e-02	3.27e-02	3.22e-03	1.08e-04
 3.05711e+22	1.91e-25	3.57e-19	3.22e-14	3.86e-12	2.35e-10	4.97e-09	5.32e-08	7.42e-07	2.77e-04	8.73e-03	7.23e-02	1.95e-01	3.52e-01	2.29e-01	7.93e-02	3.08e-02	3.02e-02	2.90e-03	9.47e-05
 3.06982e+22	2.75e-25	5.04e-19	4.43e-14	5.12e-12	3.02e-10	6.16e-09	6.35e-08	8.53e-07	3.08e-04	9.51e-03	7.68e-02	2.02e-01	3.54e-01	2.24e-01	7.52e-02	2.84e-02	2.72e-02	2.51e-03	7.93e-05
 3.08248e+22	3.57e-25	6.43e-19	5.56e-14	6.26e-12	3.60e-10	7.18e-09	7.21e-08	9.45e-07	3.33e-04	1.01e-02	8.02e-02	2.07e-01	3.56e-01	2.20e-01	7.23e-02	2.68e-02	2.52e-02	2.27e-03	6.99e-05
 3.09506e+22	5.07e-25	8.93e-19	7.54e-14	8.20e-12	4.57e-10	8.82e-09	8.55e-08	1.08e-06	3.68e-04	1.10e-02	8.49e-02	2.13e-01	3.58e-01	2.15e-01	6.85e-02	2.48e-02	2.27e-02	1.98e-03	5.87e-05
 3.10788e+22	6.61e-25	1.14e-18	9.48e-14	1.00e-11	5.47e-10	1.03e-08	9.74e-08	1.20e-06	3.98e-04	1.17e-02	8.86e-02	2.18e-01	3.59e-01	2.11e-01	6.57e-02	2.33e-02	2.09e-02	1.78e-03	5.15e-05
 3.12102e+22	9.40e-25	1.59e-18	1.29e-13	1.32e-11	6.95e-10	1.27e-08	1.16e-07	1.38e-06	4.41e-04	1.26e-02	9.36e-02	2.25e-01	3.60e-01	2.05e-01	6.20e-02	2.15e-02	1.88e-02	1.54e-03	4.31e-05
 3.13441e+22	1.23e-24	2.04e-18	1.62e-13	1.62e-11	8.35e-10	1.49e-08	1.32e-07	1.54e-06	4.78e-04	1.34e-02	9.76e-02	2.30e-01	3.60e-01	2.00e-01	5.93e-02	2.02e-02	1.73e-02	1.38e-03	3.76e-05
 3.14813e+22	1.76e-24	2.85e-18	2.21e-13	2.13e-11	1.06e-09	1.84e-08	1.57e-07	1.77e-06	5.31e-04	1.46e-02	1.03e-01	2.37e-01	3.60e-01	1.94e-01	5.58e-02	1.85e-02	1.55e-02	1.19e-03	3.13e-05
 3.16210e+22	2.31e-24	3.67e-18	2.79e-13	2.62e-11	1.28e-09	2.16e-08	1.80e-07	1.97e-06	5.76e-04	1.55e-02	1.07e-01	2.42e-01	3.60e-01	1.89e-01	5.32e-02	1.73e-02	1.42e-02	1.06e-03	2.72e-05
 3.17640e+22	3.30e-24	5.12e-18	3.79e-13	3.45e-11	1.63e-09	2.67e-08	2.15e-07	2.27e-06	6.41e-04	1.68e-02	1.13e-01	2.48e-01	3.59e-01	1.83e-01	4.99e-02	1.58e-02	1.26e-02	9.11e-04	2.25e-05
 3.19038e+22	4.21e-24	6.42e-18	4.67e-13	4.16e-11	1.93e-09	3.08e-08	2.43e-07	2.51e-06	6.90e-04	1.78e-02	1.17e-01	2.53e-01	3.58e-01	1.79e-01	4.77e-02	1.49e-02	1.17e-02	8.22e-04	1.98e-05
 3.20393e+22	5.90e-24	8.78e-18	6.23e-13	5.37e-11	2.42e-09	3.76e-08	2.87e-07	2.87e-06	7.62e-04	1.91e-02	1.23e-01	2.59e-01	3.56e-01	1.72e-01	4.47e-02	1.36e-02	1.04e-02	7.09e-04	1.65e-05
 3.21770e+22	7.54e-24	1.10e-17	7.68e-13	6.48e-11	2.86e-09	4.35e-08	3.25e-07	3.18e-06	8.22e-04	2.02e-02	1.28e-01	2.63e-01	3.55e-01	1.68e-01	4.27e-02	1.28e-02	9.62e-03	6.38e-04	1.45e-05
 3.23174e+22	1.05e-23	1.50e-17	1.02e-12	8.33e-11	3.58e-09	5.30e-08	3.83e-07	3.63e-06	9.07e-04	2.18e-02	1.34e-01	2.68e-01	3.52e-01	1.62e-01	4.00e-02	1.17e-02	8.60e-03	5.51e-04	1.21e-05
 3.24622e+22	1.37e-23	1.92e-17	1.28e-12	1.02e-10	4.30e-09	6.21e-08	4.37e-07	4.05e-06	9.84e-04	2.31e-02	1.39e-01	2.73e-01	3.50e-01	1.57e-01	3.79e-02	1.09e-02	7.84e-03	4.89e-04	1.04e-05
 3.26127e+22	1.91e-23	2.61e-17	1.69e-12	1.32e-10	5.39e-09	7.57e-08	5.17e-07	4.64e-06	1.09e-03	2.49e-02	1.45e-01	2.78e-01	3.47e-01	1.51e-01	3.54e-02	9.96e-03	6.99e-03	4.21e-04	8.67e-06
 3.27680e+22	2.54e-23	3.39e-17	2.15e-12	1.63e-10	6.53e-09	8.96e-08	5.95e-07	5.20e-06	1.19e-03	2.65e-02	1.51e-01	2.83e-01	3.44e-01	1.46e-01	3.33e-02	9.21e-03	6.33e-03	3.70e-04	7.41e-06
 3.29298e+22	3.60e-23	4.68e-17	2.89e-12	2.13e-10	8.28e-09	1.10e-07	7.09e-07	6.00e-06	1.32e-03	2.86e-02	1.58e-01	2.88e-01	3.40e-01	1.39e-01	3.09e-02	8.35e-03	5.59e-03	3.15e-04	6.09e-06
 3.30959e+22	4.82e-23	6.13e-17	3.69e-12	2.65e-10	1.01e-08	1.31e-07	8.20e-07	6.76e-06	1.44e-03	3.04e-02	1.64e-01	2.92e-01	3.36e-01	1.34e-01	2.90e-02	7.68e-03	5.03e-03	2.75e-04	5.16e-06
 3.32678e+22	6.90e-23	8.54e-17	5.00e-12	3.49e-10	1.29e-08	1.62e-07	9.82e-07	7.83e-06	1.61e-03	3.29e-02	1.72e-01	2.97e-01	3.31e-01	1.27e-01	2.68e-02	6.92e-03	4.42e-03	2.32e-04	4.20e-06
 3.34453e+22	9.37e-23	1.13e-16	6.46e-12	4.39e-10	1.58e-08	1.95e-07	1.14e-06	8.87e-06	1.76e-03	3.51e-02	1.79e-01	3.01e-01	3.26e-01	1.22e-01	2.50e-02	6.33e-03	3.95e-03	2.01e-04	3.52e-06
 3.36301e+22	1.37e-22	1.60e-16	8.86e-12	5.84e-10	2.04e-08	2.43e-07	1.38e-06	1.03e-05	1.97e-03	3.80e-02	1.87e-01	3.05e-01	3.20e-01	1.16e-01	2.29e-02	5.65e-03	3.43e-03	1.68e-04	2.82e-06
 3.38201e+22	1.87e-22	2.14e-16	1.16e-11	7.42e-10	2.53e-08	2.93e-07	1.62e-06	1.18e-05	2.17e-03	4.06e-02	1.95e-01	3.08e-01	3.15e-01	1.10e-01	2.12e-02	5.14e-03	3.04e-03	1.44e-04	2.34e-06
 3.39910e+22	2.53e-22	2.82e-16	1.49e-11	9.31e-10	3.10e-08	3.50e-07	1.88e-06	1.33e-05	2.38e-03	4.33e-02	2.02e-01	3.11e-01	3.09e-01	1.05e-01	1.97e-02	4.68e-03	2.71e-03	1.24e-04	1.96e-06
 3.41873e+22	3.79e-22	4.09e-16	2.08e-11	1.26e-09	4.07e-08	4.45e-07	2.30e-06	1.57e-05	2.69e-03	4.70e-02	2.11e-01	3.15e-01	3.01e-01	9.85e-02	1.78e-02	4.13e-03	2.32e-03	1.02e-04	1.53e-06
 3.43849e+22	5.12e-22	5.38e-16	2.67e-11	1.58e-09	4.98e-08	5.31e-07	2.67e-06	1.77e-05	2.94e-03	5.00e-02	2.18e-01	3.17e-01	2.95e-01	9.37e-02	1.65e-02	3.75e-03	2.06e-03	8.77e-05	1.28e-06
 3.45839e+22	7.60e-22	7.73e-16	3.71e-11	2.12e-09	6.49e-08	6.70e-07	3.24e-06	2.08e-05	3.31e-03	5.42e-02	2.28e-01	3.20e-01	2.87e-01	8.76e-02	1.49e-02	3.30e-03	1.76e-03	7.17e-05	1.00e-06
 3.47872e+22	1.05e-21	1.04e-15	4.83e-11	2.70e-09	8.04e-08	8.08e-07	3.80e-06	2.37e-05	3.63e-03	5.77e-02	2.36e-01	3.22e-01	2.80e-01	8.28e-02	1.37e-02	2.98e-03	1.55e-03	6.09e-05	8.23e-07
 3.49960e+22	1.56e-21	1.50e-15	6.74e-11	3.64e-09	1.05e-07	1.02e-06	4.64e-06	2.79e-05	4.10e-03	6.25e-02	2.45e-01	3.24e-01	2.71e-01	7.70e-02	1.23e-02	2.60e-03	1.31e-03	4.94e-05	6.38e-07
 3.52091e+22	2.19e-21	2.03e-15	8.88e-11	4.67e-09	1.32e-07	1.25e-06	5.48e-06	3.19e-05	4.52e-03	6.67e-02	2.54e-01	3.25e-01	2.63e-01	7.23e-02	1.12e-02	2.32e-03	1.14e-03	4.14e-05	5.15e-07
 3.53988e+22	3.03e-21	2.74e-15	1.16e-10	5.95e-09	1.64e-07	1.51e-06	6.43e-06	3.64e-05	4.97e-03	7.10e-02	2.62e-01	3.25e-01	2.56e-01	6.79e-02	1.02e-02	2.08e-03	9.94e-04	3.47e-05	4.17e-07
 3.56166e+22	4.62e-21	4.03e-15	1.64e-10	8.15e-09	2.18e-07	1.94e-06	7.94e-06	4.33e-05	5.63e-03	7.70e-02	2.72e-01	3.26e-01	2.46e-01	6.24e-02	9.06e-03	1.79e-03	8.27e-04	2.75e-05	3.15e-07
 3.58214e+22	6.07e-21	5.17e-15	2.06e-10	9.98e-09	2.61e-07	2.27e-06	9.09e-06	4.83e-05	6.10e-03	8.11e-02	2.79e-01	3.25e-01	2.39e-01	5.90e-02	8.36e-03	1.62e-03	7.34e-04	2.37e-05	2.63e-07
 3.60092e+22	8.75e-21	7.21e-15	2.78e-10	1.31e-08	3.34e-07	2.83e-06	1.09e-05	5.62e-05	6.80e-03	8.68e-02	2.88e-01	3.25e-01	2.30e-01	5.45e-02	7.47e-03	1.42e-03	6.22e-04	1.92e-05	2.04e-07
 3.61994e+22	1.16e-20	9.30e-15	3.49e-10	1.61e-08	4.02e-07	3.33e-06	1.25e-05	6.30e-05	7.37e-03	9.15e-02	2.95e-01	3.24e-01	2.23e-01	5.13e-02	6.86e-03	1.28e-03	5.48e-04	1.64e-05	1.69e-07
 3.63929e+22	1.67e-20	1.30e-14	4.71e-10	2.11e-08	5.15e-07	4.15e-06	1.51e-05	7.35e-05	8.22e-03	9.79e-02	3.03e-01	3.22e-01	2.13e-01	4.72e-02	6.09e-03	1.11e-03	4.60e-04	1.32e-05	1.29e-07
 3.65893e+22	2.23e-20	1.69e-14	5.96e-10	2.61e-08	6.25e-07	4.93e-06	1.75e-05	8.28e-05	8.95e-03	1.03e-01	3.10e-01	3.20e-01	2.06e-01	4.41e-02	5.54e-03	9.90e-04	4.02e-04	1.11e-05	0.00e+00
 3.67894e+22	3.26e-20	2.38e-14	8.09e-10	3.45e-08	8.06e-07	6.18e-06	2.12e-05	9.71e-05	1.00e-02	1.11e-01	3.19e-01	3.18e-01	1.96e-01	4.03e-02	4.88e-03	8.51e-04	3.33e-04	8.76e-06	0.00e+00
 3.69920e+22	4.36e-20	3.10e-14	1.02e-09	4.27e-08	9.80e-07	7.36e-06	2.45e-05	1.10e-04	1.09e-02	1.16e-01	3.26e-01	3.15e-01	1.89e-01	3.74e-02	4.41e-03	7.56e-04	2.88e-04	7.31e-06	0.00e+00
 3.71976e+22	6.37e-20	4.37e-14	1.39e-09	5.64e-08	1.27e-06	9.26e-06	2.98e-05	1.29e-04	1.22e-02	1.25e-01	3.34e-01	3.12e-01	1.79e-01	3.39e-02	3.85e-03	6.44e-04	2.37e-04	5.72e-06	0.00e+00
 3.74072e+22	8.61e-20	5.74e-14	1.77e-09	7.03e-08	1.55e-06	1.11e-05	3.48e-05	1.47e-04	1.34e-02	1.32e-01	3.41e-01	3.08e-01	1.71e-01	3.13e-02	3.44e-03	5.65e-04	2.02e-04	4.69e-06	0.00e+00
 3.76220e+22	1.27e-19	8.13e-14	2.41e-09	9.33e-08	2.02e-06	1.41e-05	4.27e-05	1.75e-04	1.51e-02	1.41e-01	3.49e-01	3.03e-01	1.60e-01	2.80e-02	2.96e-03	4.75e-04	1.63e-04	3.60e-06	0.00e+00
 3.78410e+22	1.72e-19	1.07e-13	3.07e-09	1.17e-07	2.49e-06	1.71e-05	5.02e-05	2.00e-04	1.66e-02	1.49e-01	3.55e-01	2.98e-01	1.52e-01	2.56e-02	2.62e-03	4.12e-04	1.38e-04	2.90e-06	0.00e+00
 3.80653e+22	2.55e-19	1.52e-13	4.17e-09	1.55e-07	3.27e-06	2.18e-05	6.20e-05	2.40e-04	1.87e-02	1.60e-01	3.62e-01	2.92e-01	1.42e-01	2.27e-02	2.23e-03	3.41e-04	1.09e-04	2.18e-06	0.00e+00
 3.82918e+22	3.45e-19	1.99e-13	5.28e-09	1.94e-07	4.03e-06	2.64e-05	7.30e-05	2.76e-04	2.06e-02	1.69e-01	3.67e-01	2.86e-01	1.34e-01	2.05e-02	1.95e-03	2.93e-04	9.08e-05	1.73e-06	0.00e+00
 3.84835e+22	4.54e-19	2.54e-13	6.53e-09	2.37e-07	4.88e-06	3.15e-05	8.50e-05	3.14e-04	2.25e-02	1.77e-01	3.72e-01	2.81e-01	1.26e-01	1.87e-02	1.72e-03	2.55e-04	7.64e-05	1.40e-06	0.00e+00
 3.86914e+22	6.36e-19	3.43e-13	8.47e-09	3.03e-07	6.20e-06	3.93e-05	1.03e-04	3.71e-04	2.52e-02	1.88e-01	3.77e-01	2.73e-01	1.17e-01	1.66e-02	1.47e-03	2.12e-04	6.11e-05	1.06e-06	0.00e+00
 3.88999e+22	8.28e-19	4.33e-13	1.04e-08	3.68e-07	7.48e-06	4.68e-05	1.20e-04	4.23e-04	2.75e-02	1.98e-01	3.81e-01	2.67e-01	1.10e-01	1.50e-02	1.29e-03	1.83e-04	5.11e-05	8.50e-07	0.00e+00
 3.91040e+22	1.13e-18	5.70e-13	1.31e-08	4.63e-07	9.35e-06	5.77e-05	1.43e-04	4.95e-04	3.06e-02	2.09e-01	3.84e-01	2.59e-01	1.02e-01	1.32e-02	1.10e-03	1.52e-04	4.09e-05	6.47e-07	0.00e+00
 3.93121e+22	1.47e-18	7.16e-13	1.59e-08	5.61e-07	1.13e-05	6.90e-05	1.67e-04	5.68e-04	3.36e-02	2.19e-01	3.87e-01	2.51e-01	9.53e-02	1.19e-02	9.50e-04	1.30e-04	3.37e-05	5.10e-07	0.00e+00
 3.95161e+22	1.95e-18	9.17e-13	1.96e-08	6.91e-07	1.39e-05	8.41e-05	1.99e-04	6.63e-04	3.72e-02	2.31e-01	3.89e-01	2.43e-01	8.79e-02	1.05e-02	8.08e-04	1.08e-04	2.70e-05	3.88e-07	0.00e+00
 3.97243e+22	2.52e-18	1.15e-12	2.37e-08	8.36e-07	1.69e-05	1.01e-04	2.33e-04	7.64e-04	4.09e-02	2.42e-01	3.90e-01	2.35e-01	8.13e-02	9.29e-03	6.92e-04	9.09e-05	2.19e-05	3.01e-07	0.00e+00
 3.99298e+22	3.27e-18	1.44e-12	2.86e-08	1.01e-06	2.05e-05	1.22e-04	2.74e-04	8.86e-04	4.50e-02	2.54e-01	3.90e-01	2.26e-01	7.48e-02	8.17e-03	5.88e-04	7.58e-05	1.76e-05	2.30e-07	0.00e+00
 4.01367e+22	4.17e-18	1.77e-12	3.41e-08	1.22e-06	2.48e-05	1.45e-04	3.21e-04	1.02e-03	4.94e-02	2.66e-01	3.90e-01	2.17e-01	6.87e-02	7.20e-03	5.00e-04	6.32e-05	1.42e-05	1.76e-07	0.00e+00
 4.03411e+22	5.30e-18	2.17e-12	4.03e-08	1.46e-06	2.98e-05	1.74e-04	3.74e-04	1.18e-03	5.42e-02	2.78e-01	3.89e-01	2.08e-01	6.29e-02	6.32e-03	4.24e-04	5.26e-05	1.14e-05	1.35e-07	0.00e+00
 4.05450e+22	6.67e-18	2.64e-12	4.73e-08	1.73e-06	3.56e-05	2.06e-04	4.35e-04	1.36e-03	5.94e-02	2.90e-01	3.87e-01	1.99e-01	5.75e-02	5.55e-03	3.60e-04	4.38e-05	9.13e-06	0.00e+00	0.00e+00
 4.07493e+22	8.36e-18	3.20e-12	5.52e-08	2.05e-06	4.24e-05	2.45e-04	5.05e-04	1.56e-03	6.49e-02	3.02e-01	3.84e-01	1.90e-01	5.24e-02	4.85e-03	3.04e-04	3.63e-05	7.30e-06	0.00e+00	0.00e+00
 4.09542e+22	1.04e-17	3.85e-12	6.41e-08	2.41e-06	5.04e-05	2.89e-04	5.84e-04	1.79e-03	7.09e-02	3.13e-01	3.80e-01	1.81e-01	4.77e-02	4.23e-03	2.57e-04	3.01e-05	5.83e-06	0.00e+00	0.00e+00
 4.11602e+22	1.29e-17	4.61e-12	7.41e-08	2.84e-06	5.98e-05	3.41e-04	6.74e-04	2.05e-03	7.73e-02	3.25e-01	3.76e-01	1.71e-01	4.33e-02	3.69e-03	2.16e-04	2.48e-05	4.65e-06	0.00e+00	0.00e+00
 4.13680e+22	1.60e-17	5.51e-12	8.54e-08	3.33e-06	7.07e-05	4.01e-04	7.77e-04	2.35e-03	8.41e-02	3.37e-01	3.71e-01	1.62e-01	3.91e-02	3.20e-03	1.81e-04	2.04e-05	3.69e-06	0.00e+00	0.00e+00
 4.15780e+22	1.98e-17	6.57e-12	9.82e-08	3.91e-06	8.35e-05	4.72e-04	8.93e-04	2.69e-03	9.15e-02	3.48e-01	3.65e-01	1.53e-01	3.53e-02	2.77e-03	1.52e-04	1.68e-05	2.92e-06	0.00e+00	0.00e+00
 4.17892e+22	2.44e-17	7.80e-12	1.13e-07	4.57e-06	9.83e-05	5.52e-04	1.02e-03	3.07e-03	9.92e-02	3.59e-01	3.58e-01	1.44e-01	3.18e-02	2.40e-03	1.27e-04	1.38e-05	2.32e-06	0.00e+00	0.00e+00
 4.20037e+22	3.01e-17	9.30e-12	1.29e-07	5.35e-06	1.16e-04	6.48e-04	1.17e-03	3.50e-03	1.08e-01	3.70e-01	3.51e-01	1.36e-01	2.85e-02	2.06e-03	1.06e-04	1.12e-05	1.82e-06	0.00e+00	0.00e+00
 4.22204e+22	3.71e-17	1.10e-11	1.48e-07	6.24e-06	1.36e-04	7.55e-04	1.34e-03	3.99e-03	1.16e-01	3.80e-01	3.43e-01	1.27e-01	2.55e-02	1.78e-03	8.82e-05	9.16e-06	1.44e-06	0.00e+00	0.00e+00
 4.24415e+22	4.61e-17	1.32e-11	1.70e-07	7.33e-06	1.60e-04	8.85e-04	1.53e-03	4.55e-03	1.26e-01	3.90e-01	3.35e-01	1.19e-01	2.27e-02	1.52e-03	7.28e-05	7.40e-06	1.12e-06	0.00e+00	0.00e+00
 4.26664e+22	5.71e-17	1.58e-11	1.96e-07	8.57e-06	1.88e-04	1.03e-03	1.74e-03	5.17e-03	1.36e-01	3.99e-01	3.25e-01	1.11e-01	2.02e-02	1.30e-03	6.03e-05	6.00e-06	8.76e-07	0.00e+00	0.00e+00
 4.28726e+22	6.85e-17	1.83e-11	2.21e-07	9.79e-06	2.15e-04	1.17e-03	1.93e-03	5.74e-03	1.44e-01	4.06e-01	3.18e-01	1.04e-01	1.83e-02	1.14e-03	5.14e-05	5.02e-06	7.13e-07	0.00e+00	0.00e+00
 4.30880e+22	8.63e-17	2.22e-11	2.56e-07	1.16e-05	2.54e-04	1.37e-03	2.20e-03	6.55e-03	1.55e-01	4.14e-01	3.07e-01	9.63e-02	1.61e-02	9.61e-04	4.19e-05	4.00e-06	5.47e-07	0.00e+00	0.00e+00
 4.33066e+22	1.05e-16	2.60e-11	2.91e-07	1.33e-05	2.91e-04	1.55e-03	2.44e-03	7.26e-03	1.65e-01	4.20e-01	2.98e-01	9.03e-02	1.45e-02	8.40e-04	3.56e-05	3.34e-06	4.43e-07	0.00e+00	0.00e+00
 4.35315e+22	1.34e-16	3.20e-11	3.43e-07	1.58e-05	3.45e-04	1.82e-03	2.77e-03	8.27e-03	1.77e-01	4.26e-01	2.87e-01	8.29e-02	1.27e-02	7.04e-04	2.88e-05	2.63e-06	3.37e-07	0.00e+00	0.00e+00
 4.37568e+22	1.63e-16	3.76e-11	3.91e-07	1.82e-05	3.94e-04	2.05e-03	3.06e-03	9.12e-03	1.87e-01	4.31e-01	2.78e-01	7.75e-02	1.14e-02	6.14e-04	2.45e-05	2.19e-06	2.73e-07	0.00e+00	0.00e+00
 4.39825e+22	2.10e-16	4.64e-11	4.63e-07	2.17e-05	4.66e-04	2.40e-03	3.46e-03	1.03e-02	2.00e-01	4.36e-01	2.66e-01	7.09e-02	9.92e-03	5.13e-04	1.97e-05	1.73e-06	2.07e-07	0.00e+00	0.00e+00
 4.42092e+22	2.57e-16	5.51e-11	5.32e-07	2.50e-05	5.31e-04	2.70e-03	3.79e-03	1.13e-02	2.10e-01	4.39e-01	2.57e-01	6.62e-02	8.93e-03	4.48e-04	1.68e-05	1.44e-06	1.68e-07	0.00e+00	0.00e+00
 4.44370e+22	3.34e-16	6.87e-11	6.36e-07	2.99e-05	6.27e-04	3.13e-03	4.27e-03	1.28e-02	2.24e-01	4.41e-01	2.45e-01	6.03e-02	7.75e-03	3.74e-04	1.36e-05	1.14e-06	1.28e-07	0.00e+00	0.00e+00
 4.46673e+22	4.13e-16	8.23e-11	7.37e-07	3.46e-05	7.15e-04	3.52e-03	4.67e-03	1.40e-02	2.34e-01	4.43e-01	2.36e-01	5.61e-02	6.95e-03	3.26e-04	1.15e-05	9.46e-07	0.00e+00	0.00e+00	0.00e+00
 4.49007e+22	5.45e-16	1.04e-10	8.92e-07	4.17e-05	8.46e-04	4.08e-03	5.23e-03	1.57e-02	2.49e-01	4.44e-01	2.24e-01	5.09e-02	6.01e-03	2.71e-04	9.23e-06	7.42e-07	0.00e+00	0.00e+00	0.00e+00
 4.51374e+22	6.83e-16	1.26e-10	1.04e-06	4.85e-05	9.67e-04	4.59e-03	5.72e-03	1.71e-02	2.60e-01	4.44e-01	2.15e-01	4.72e-02	5.36e-03	2.35e-04	7.79e-06	6.15e-07	0.00e+00	0.00e+00	0.00e+00
 4.53782e+22	9.17e-16	1.62e-10	1.28e-06	5.90e-05	1.15e-03	5.32e-03	6.39e-03	1.92e-02	2.74e-01	4.43e-01	2.03e-01	4.26e-02	4.61e-03	1.95e-04	6.23e-06	4.80e-07	0.00e+00	0.00e+00	0.00e+00
 4.56234e+22	1.17e-15	1.99e-10	1.52e-06	6.92e-05	1.32e-03	5.98e-03	6.97e-03	2.09e-02	2.86e-01	4.41e-01	1.94e-01	3.93e-02	4.09e-03	1.68e-04	5.22e-06	3.95e-07	0.00e+00	0.00e+00	0.00e+00
 4.58745e+22	1.60e-15	2.60e-10	1.90e-06	8.51e-05	1.57e-03	6.95e-03	7.79e-03	2.34e-02	3.01e-01	4.38e-01	1.83e-01	3.52e-02	3.49e-03	1.38e-04	4.14e-06	3.05e-07	0.00e+00	0.00e+00	0.00e+00
 4.61314e+22	2.07e-15	3.25e-10	2.29e-06	1.01e-04	1.81e-03	7.84e-03	8.50e-03	2.54e-02	3.12e-01	4.35e-01	1.73e-01	3.23e-02	3.07e-03	1.18e-04	3.44e-06	2.49e-07	0.00e+00	0.00e+00	0.00e+00
 4.63959e+22	2.90e-15	4.34e-10	2.92e-06	1.25e-04	2.18e-03	9.14e-03	9.50e-03	2.84e-02	3.28e-01	4.30e-01	1.62e-01	2.87e-02	2.60e-03	9.59e-05	2.70e-06	1.90e-07	0.00e+00	0.00e+00	0.00e+00
 4.66650e+22	3.82e-15	5.51e-10	3.57e-06	1.50e-04	2.52e-03	1.03e-02	1.04e-02	3.09e-02	3.39e-01	4.25e-01	1.53e-01	2.61e-02	2.28e-03	8.16e-05	2.23e-06	1.54e-07	0.00e+00	0.00e+00	0.00e+00
 4.68918e+22	4.90e-15	6.82e-10	4.27e-06	1.76e-04	2.87e-03	1.15e-02	1.12e-02	3.32e-02	3.50e-01	4.20e-01	1.45e-01	2.40e-02	2.02e-03	7.06e-05	1.88e-06	1.28e-07	0.00e+00	0.00e+00	0.00e+00
 4.71384e+22	6.77e-15	9.02e-10	5.40e-06	2.16e-04	3.40e-03	1.32e-02	1.23e-02	3.64e-02	3.63e-01	4.12e-01	1.36e-01	2.15e-02	1.72e-03	5.83e-05	1.50e-06	0.00e+00	0.00e+00	0.00e+00	0.00e+00
 4.73774e+22	8.55e-15	1.10e-09	6.40e-06	2.50e-04	3.84e-03	1.45e-02	1.32e-02	3.88e-02	3.72e-01	4.07e-01	1.29e-01	1.98e-02	1.54e-03	5.10e-05	1.28e-06	0.00e+00	0.00e+00	0.00e+00	0.00e+00
 4.76067e+22	1.16e-14	1.44e-09	7.99e-06	3.03e-04	4.48e-03	1.64e-02	1.44e-02	4.22e-02	3.84e-01	3.99e-01	1.21e-01	1.78e-02	1.33e-03	4.26e-05	1.03e-06	0.00e+00	0.00e+00	0.00e+00	0.00e+00
 4.78384e+22	1.47e-14	1.77e-09	9.53e-06	3.52e-04	5.06e-03	1.81e-02	1.53e-02	4.48e-02	3.92e-01	3.92e-01	1.15e-01	1.64e-02	1.18e-03	3.71e-05	8.82e-07	0.00e+00	0.00e+00	0.00e+00	0.00e+00
 4.80733e+22	2.02e-14	2.32e-09	1.20e-05	4.29e-04	5.92e-03	2.05e-02	1.67e-02	4.84e-02	4.03e-01	3.83e-01	1.07e-01	1.47e-02	1.02e-03	3.09e-05	7.11e-07	0.00e+00	0.00e+00	0.00e+00	0.00e+00
 4.83117e+22	2.59e-14	2.88e-09	1.44e-05	5.01e-04	6.70e-03	2.25e-02	1.78e-02	5.13e-02	4.10e-01	3.75e-01	1.01e-01	1.34e-02	9.01e-04	2.68e-05	6.02e-07	0.00e+00	0.00e+00	0.00e+00	0.00e+00
 4.85547e+22	3.58e-14	3.82e-09	1.83e-05	6.13e-04	7.86e-03	2.55e-02	1.94e-02	5.55e-02	4.20e-01	3.65e-01	9.34e-02	1.19e-02	7.67e-04	2.22e-05	4.81e-07	0.00e+00	0.00e+00	0.00e+00	0.00e+00
 4.88011e+22	4.63e-14	4.78e-09	2.21e-05	7.19e-04	8.90e-03	2.81e-02	2.07e-02	5.86e-02	4.27e-01	3.56e-01	8.79e-02	1.09e-02	6.78e-04	1.92e-05	4.06e-07	0.00e+00	0.00e+00	0.00e+00	0.00e+00
 4.90521e+22	6.49e-14	6.40e-09	2.83e-05	8.84e-04	1.05e-02	3.19e-02	2.25e-02	6.31e-02	4.35e-01	3.45e-01	8.09e-02	9.62e-03	5.73e-04	1.57e-05	3.22e-07	0.00e+00	0.00e+00	0.00e+00	0.00e+00
 4.93074e+22	8.47e-14	8.07e-09	3.45e-05	1.04e-03	1.19e-02	3.51e-02	2.39e-02	6.66e-02	4.41e-01	3.35e-01	7.58e-02	8.73e-03	5.03e-04	1.35e-05	2.69e-07	0.00e+00	0.00e+00	0.00e+00	0.00e+00
 4.95684e+22	1.20e-13	1.09e-08	4.45e-05	1.29e-03	1.40e-02	3.98e-02	2.60e-02	7.15e-02	4.48e-01	3.22e-01	6.92e-02	7.64e-03	4.21e-04	1.10e-05	2.11e-07	0.00e+00	0.00e+00	0.00e+00	0.00e+00
 4.98354e+22	1.59e-13	1.39e-08	5.47e-05	1.52e-03	1.60e-02	4.39e-02	2.77e-02	7.54e-02	4.52e-01	3.12e-01	6.44e-02	6.87e-03	3.66e-04	9.33e-06	1.75e-07	0.00e+00	0.00e+00	0.00e+00	0.00e+00
 5.01099e+22	2.28e-13	1.91e-08	7.14e-05	1.90e-03	1.89e-02	4.98e-02	3.00e-02	8.06e-02	4.57e-01	2.98e-01	5.84e-02	5.96e-03	3.04e-04	7.51e-06	1.36e-07	0.00e+00	0.00e+00	0.00e+00	0.00e+00
 5.03919e+22	3.07e-13	2.46e-08	8.86e-05	2.26e-03	2.17e-02	5.50e-02	3.19e-02	8.48e-02	4.59e-01	2.86e-01	5.38e-02	5.31e-03	2.61e-04	6.30e-06	0.00e+00	0.00e+00	0.00e+00	0.00e+00	0.00e+00
 5.06835e+22	4.49e-13	3.43e-08	1.17e-04	2.84e-03	2.58e-02	6.24e-02	3.45e-02	9.03e-02	4.61e-01	2.71e-01	4.82e-02	4.54e-03	2.13e-04	4.99e-06	0.00e+00	0.00e+00	0.00e+00	0.00e+00	0.00e+00
 5.09777e+22	6.03e-13	4.43e-08	1.45e-04	3.39e-03	2.94e-02	6.86e-02	3.66e-02	9.45e-02	4.60e-01	2.58e-01	4.42e-02	4.02e-03	1.82e-04	4.16e-06	0.00e+00	0.00e+00	0.00e+00	0.00e+00	0.00e+00
 5.12750e+22	8.85e-13	6.17e-08	1.92e-04	4.24e-03	3.49e-02	7.74e-02	3.93e-02	9.99e-02	4.59e-01	2.43e-01	3.92e-02	3.41e-03	1.47e-04	3.27e-06	0.00e+00	0.00e+00	0.00e+00	0.00e+00	0.00e+00
 5.15764e+22	1.19e-12	7.97e-08	2.39e-04	5.04e-03	3.97e-02	8.49e-02	4.15e-02	1.04e-01	4.56e-01	2.30e-01	3.57e-02	3.00e-03	1.25e-04	2.71e-06	0.00e+00	0.00e+00	0.00e+00	0.00e+00	0.00e+00
 5.18830e+22	1.76e-12	1.11e-07	3.16e-04	6.31e-03	4.69e-02	9.53e-02	4.44e-02	1.09e-01	4.50e-01	2.14e-01	3.14e-02	2.51e-03	9.98e-05	2.10e-06	0.00e+00	0.00e+00	0.00e+00	0.00e+00	0.00e+00
 5.21940e+22	2.37e-12	1.44e-07	3.92e-04	7.49e-03	5.32e-02	1.04e-01	4.67e-02	1.13e-01	4.44e-01	2.01e-01	2.83e-02	2.18e-03	8.38e-05	1.72e-06	0.00e+00	0.00e+00	0.00e+00	0.00e+00	0.00e+00
 5.24689e+22	3.20e-12	1.87e-07	4.86e-04	8.88e-03	6.03e-02	1.13e-01	4.88e-02	1.16e-01	4.36e-01	1.89e-01	2.54e-02	1.89e-03	6.99e-05	1.41e-06	0.00e+00	0.00e+00	0.00e+00	0.00e+00	0.00e+00
 5.27843e+22	4.68e-12	2.59e-07	6.38e-04	1.10e-02	7.04e-02	1.25e-01	5.16e-02	1.20e-01	4.24e-01	1.73e-01	2.20e-02	1.56e-03	5.52e-05	1.08e-06	0.00e+00	0.00e+00	0.00e+00	0.00e+00	0.00e+00
 5.31049e+22	6.35e-12	3.36e-07	7.93e-04	1.30e-02	7.95e-02	1.36e-01	5.37e-02	1.23e-01	4.13e-01	1.60e-01	1.95e-02	1.33e-03	4.53e-05	8.65e-07	0.00e+00	0.00e+00	0.00e+00	0.00e+00	0.00e+00
 5.33644e+22	8.20e-12	4.18e-07	9.50e-04	1.50e-02	8.78e-02	1.45e-01	5.53e-02	1.25e-01	4.03e-01	1.50e-01	1.75e-02	1.16e-03	3.83e-05	7.17e-07	0.00e+00	0.00e+00	0.00e+00	0.00e+00	0.00e+00
 5.36342e+22	1.11e-11	5.39e-07	1.17e-03	1.76e-02	9.84e-02	1.55e-01	5.72e-02	1.27e-01	3.89e-01	1.38e-01	1.54e-02	9.86e-04	3.13e-05	5.72e-07	0.00e+00	0.00e+00	0.00e+00	0.00e+00	0.00e+00
 5.39172e+22	1.44e-11	6.75e-07	1.41e-03	2.03e-02	1.09e-01	1.65e-01	5.87e-02	1.28e-01	3.76e-01	1.27e-01	1.37e-02	8.47e-04	2.61e-05	4.66e-07	0.00e+00	0.00e+00	0.00e+00	0.00e+00	0.00e+00
