#depth	Fe	Fe+	Fe+2	Fe+3	Fe+4	Fe+5	Fe+6	Fe+7	Fe+8	Fe+9	Fe+10	Fe+11	Fe+12	Fe+13	Fe+14	Fe+15	Fe+16	Fe+17	Fe+18	Fe+19	Fe+20	Fe+21	Fe+22	Fe+23	Fe+24	Fe+25	Fe+26
 4.62852e+21	0.00e+00	0.00e+00	0.00e+00	0.00e+00	0.00e+00	0.00e+00	0.00e+00	0.00e+00	9.41e-24	9.12e-22	6.33e-20	3.08e-18	1.48e-16	4.85e-15	3.39e-13	2.86e-11	1.69e-08	8.84e-07	2.36e-05	3.04e-04	2.31e-03	9.86e-03	3.18e-02	9.51e-02	4.31e-01	3.35e-01	9.42e-02
 1.05691e+22	0.00e+00	0.00e+00	0.00e+00	0.00e+00	0.00e+00	0.00e+00	0.00e+00	2.27e-24	4.66e-22	3.82e-20	2.38e-18	1.17e-16	6.45e-15	2.82e-13	1.37e-11	8.05e-10	3.21e-07	1.15e-05	2.11e-04	1.88e-03	9.96e-03	2.96e-02	6.66e-02	1.40e-01	4.57e-01	2.47e-01	4.80e-02
 1.27658e+22	0.00e+00	0.00e+00	0.00e+00	0.00e+00	0.00e+00	0.00e+00	5.16e-25	1.38e-22	2.24e-20	1.44e-18	7.02e-17	2.70e-15	1.17e-13	3.99e-12	1.52e-10	6.98e-09	2.16e-06	5.99e-05	8.56e-04	5.94e-03	2.45e-02	5.69e-02	1.00e-01	1.66e-01	4.35e-01	1.83e-01	2.77e-02
 1.43580e+22	0.00e+00	0.00e+00	0.00e+00	0.00e+00	0.00e+00	1.85e-26	1.60e-23	3.52e-21	5.07e-19	2.66e-17	1.06e-15	3.31e-14	1.17e-12	3.24e-11	1.00e-09	3.75e-08	9.54e-06	2.16e-04	2.52e-03	1.42e-02	4.79e-02	9.05e-02	1.30e-01	1.77e-01	3.89e-01	1.33e-01	1.64e-02
 1.52426e+22	0.00e+00	0.00e+00	0.00e+00	0.00e+00	2.47e-29	4.55e-26	3.75e-23	8.11e-21	1.11e-18	5.53e-17	2.09e-15	6.20e-14	2.07e-12	5.45e-11	1.60e-09	5.67e-08	1.37e-05	2.96e-04	3.28e-03	1.76e-02	5.61e-02	1.01e-01	1.37e-01	1.77e-01	3.73e-01	1.21e-01	1.41e-02
 1.55268e+22	0.00e+00	0.00e+00	0.00e+00	8.02e-33	4.51e-29	8.07e-26	6.45e-23	1.35e-20	1.80e-18	8.66e-17	3.16e-15	9.09e-14	2.93e-12	7.48e-11	2.12e-09	7.28e-08	1.71e-05	3.59e-04	3.85e-03	2.00e-02	6.16e-02	1.07e-01	1.41e-01	1.77e-01	3.62e-01	1.14e-01	1.29e-02
 1.57734e+22	0.00e+00	0.00e+00	0.00e+00	1.91e-32	1.03e-28	1.77e-25	1.36e-22	2.73e-20	3.47e-18	1.60e-16	5.59e-15	1.53e-13	4.72e-12	1.15e-10	3.12e-09	1.02e-07	2.31e-05	4.65e-04	4.77e-03	2.37e-02	7.00e-02	1.16e-01	1.47e-01	1.76e-01	3.47e-01	1.04e-01	1.13e-02
 1.60180e+22	0.00e+00	0.00e+00	0.00e+00	3.38e-32	1.78e-28	2.98e-25	2.22e-22	4.34e-20	5.36e-18	2.40e-16	8.13e-15	2.16e-13	6.47e-12	1.53e-10	4.02e-09	1.28e-07	2.82e-05	5.50e-04	5.49e-03	2.65e-02	7.59e-02	1.22e-01	1.50e-01	1.75e-01	3.36e-01	9.80e-02	1.03e-02
 1.62600e+22	0.00e+00	0.00e+00	0.00e+00	7.21e-32	3.67e-28	5.92e-25	4.25e-22	8.01e-20	9.52e-18	4.09e-16	1.33e-14	3.41e-13	9.78e-12	2.22e-10	5.60e-09	1.71e-07	3.64e-05	6.86e-04	6.60e-03	3.06e-02	8.42e-02	1.30e-01	1.54e-01	1.73e-01	3.22e-01	9.01e-02	9.10e-03
 1.65072e+22	0.00e+00	0.00e+00	0.00e+00	1.43e-31	7.06e-28	1.10e-24	7.66e-22	1.40e-19	1.60e-17	6.64e-16	2.08e-14	5.13e-13	1.42e-11	3.10e-10	7.54e-09	2.22e-07	4.59e-05	8.37e-04	7.78e-03	3.48e-02	9.24e-02	1.38e-01	1.57e-01	1.70e-01	3.08e-01	8.32e-02	8.10e-03
 1.67185e+22	0.00e+00	0.00e+00	0.00e+00	2.63e-31	1.26e-27	1.91e-24	1.29e-21	2.28e-19	2.53e-17	1.02e-15	3.09e-14	7.36e-13	1.97e-11	4.16e-10	9.78e-09	2.78e-07	5.61e-05	9.94e-04	8.97e-03	3.88e-02	9.99e-02	1.45e-01	1.59e-01	1.67e-01	2.95e-01	7.73e-02	7.29e-03
 1.69504e+22	0.00e+00	0.00e+00	0.00e+00	5.50e-31	2.55e-27	3.74e-24	2.45e-21	4.17e-19	4.46e-17	1.72e-15	5.02e-14	1.15e-12	2.95e-11	5.97e-10	1.35e-08	3.68e-07	7.18e-05	1.23e-03	1.07e-02	4.44e-02	1.10e-01	1.53e-01	1.62e-01	1.63e-01	2.79e-01	7.02e-02	6.37e-03
 1.71923e+22	0.00e+00	0.00e+00	0.00e+00	1.07e-30	4.80e-27	6.82e-24	4.33e-21	7.12e-19	7.35e-17	2.74e-15	7.69e-14	1.70e-12	4.20e-11	8.20e-10	1.78e-08	4.70e-07	8.90e-05	1.48e-03	1.24e-02	4.99e-02	1.19e-01	1.60e-01	1.63e-01	1.59e-01	2.65e-01	6.43e-02	5.63e-03
 1.74117e+22	0.00e+00	0.00e+00	0.00e+00	2.06e-30	8.96e-27	1.23e-23	7.58e-21	1.21e-18	1.20e-16	4.32e-15	1.17e-13	2.49e-12	5.94e-11	1.12e-09	2.34e-08	5.94e-07	1.10e-04	1.76e-03	1.43e-02	5.57e-02	1.28e-01	1.66e-01	1.64e-01	1.55e-01	2.51e-01	5.87e-02	4.96e-03
 1.76199e+22	0.00e+00	0.00e+00	0.00e+00	3.76e-30	1.59e-26	2.13e-23	1.27e-20	1.95e-18	1.89e-16	6.56e-15	1.72e-13	3.53e-12	8.15e-11	1.48e-09	3.00e-08	7.37e-07	1.33e-04	2.07e-03	1.64e-02	6.16e-02	1.37e-01	1.72e-01	1.65e-01	1.51e-01	2.37e-01	5.38e-02	4.40e-03
 1.78493e+22	0.00e+00	0.00e+00	0.00e+00	7.92e-30	3.23e-26	4.18e-23	2.39e-20	3.56e-18	3.30e-16	1.10e-14	2.76e-13	5.45e-12	1.20e-10	2.10e-09	4.07e-08	9.59e-07	1.67e-04	2.52e-03	1.92e-02	6.94e-02	1.49e-01	1.79e-01	1.64e-01	1.44e-01	2.21e-01	4.81e-02	3.78e-03
 1.80832e+22	0.00e+00	0.00e+00	0.00e+00	1.52e-29	6.03e-26	7.54e-23	4.18e-20	6.00e-18	5.37e-16	1.73e-14	4.18e-13	7.93e-12	1.69e-10	2.84e-09	5.29e-08	1.20e-06	2.04e-04	2.99e-03	2.20e-02	7.68e-02	1.59e-01	1.84e-01	1.64e-01	1.39e-01	2.06e-01	4.34e-02	3.29e-03
 1.82854e+22	0.00e+00	0.00e+00	1.11e-33	2.80e-29	1.08e-25	1.31e-22	7.01e-20	9.75e-18	8.44e-16	2.62e-14	6.13e-13	1.12e-11	2.31e-10	3.74e-09	6.74e-08	1.48e-06	2.45e-04	3.49e-03	2.49e-02	8.41e-02	1.68e-01	1.89e-01	1.62e-01	1.33e-01	1.93e-01	3.92e-02	2.88e-03
 1.85106e+22	0.00e+00	0.00e+00	2.42e-33	5.88e-29	2.18e-25	2.55e-22	1.32e-19	1.76e-17	1.47e-15	4.36e-14	9.77e-13	1.72e-11	3.37e-10	5.24e-09	9.03e-08	1.90e-06	3.04e-04	4.19e-03	2.89e-02	9.37e-02	1.80e-01	1.94e-01	1.60e-01	1.26e-01	1.77e-01	3.46e-02	2.44e-03
 1.87431e+22	0.00e+00	0.00e+00	4.75e-33	1.12e-28	4.02e-25	4.56e-22	2.28e-19	2.94e-17	2.36e-15	6.77e-14	1.46e-12	2.47e-11	4.68e-10	6.99e-09	1.16e-07	2.35e-06	3.67e-04	4.91e-03	3.27e-02	1.02e-01	1.89e-01	1.97e-01	1.57e-01	1.20e-01	1.64e-01	3.08e-02	2.10e-03
 1.89443e+22	0.00e+00	0.00e+00	8.95e-33	2.04e-28	7.14e-25	7.87e-22	3.80e-19	4.76e-17	3.69e-15	1.02e-13	2.13e-12	3.47e-11	6.34e-10	9.13e-09	1.46e-07	2.85e-06	4.36e-04	5.67e-03	3.67e-02	1.11e-01	1.99e-01	2.00e-01	1.54e-01	1.14e-01	1.51e-01	2.76e-02	1.81e-03
 1.91336e+22	0.00e+00	0.00e+00	1.62e-32	3.59e-28	1.22e-24	1.31e-21	6.13e-19	7.44e-17	5.59e-15	1.50e-13	3.02e-12	4.76e-11	8.40e-10	1.17e-08	1.81e-07	3.42e-06	5.11e-04	6.47e-03	4.07e-02	1.19e-01	2.07e-01	2.01e-01	1.50e-01	1.08e-01	1.40e-01	2.48e-02	1.58e-03
 1.93481e+22	0.00e+00	0.00e+00	3.37e-32	7.22e-28	2.37e-24	2.46e-21	1.11e-18	1.30e-16	9.38e-15	2.41e-13	4.66e-12	7.05e-11	1.19e-09	1.59e-08	2.36e-07	4.27e-06	6.20e-04	7.61e-03	4.62e-02	1.30e-01	2.17e-01	2.03e-01	1.46e-01	1.00e-01	1.27e-01	2.15e-02	1.32e-03
 1.95699e+22	0.00e+00	0.00e+00	6.56e-32	1.36e-27	4.32e-24	4.35e-21	1.90e-18	2.14e-16	1.49e-14	3.69e-13	6.87e-12	1.00e-10	1.63e-09	2.09e-08	2.98e-07	5.20e-06	7.36e-04	8.77e-03	5.15e-02	1.40e-01	2.25e-01	2.03e-01	1.41e-01	9.38e-02	1.16e-01	1.89e-02	1.12e-03
 1.97648e+22	0.00e+00	0.00e+00	1.22e-31	2.45e-27	7.57e-24	7.40e-21	3.13e-18	3.42e-16	2.30e-14	5.49e-13	9.86e-12	1.38e-10	2.17e-09	2.69e-08	3.70e-07	6.22e-06	8.60e-04	9.98e-03	5.69e-02	1.50e-01	2.33e-01	2.03e-01	1.36e-01	8.77e-02	1.05e-01	1.67e-02	9.55e-04
 1.99820e+22	0.00e+00	0.00e+00	2.63e-31	5.09e-27	1.52e-23	1.43e-20	5.79e-18	6.08e-16	3.92e-14	8.96e-13	1.54e-11	2.07e-10	3.10e-09	3.67e-08	4.82e-07	7.75e-06	1.04e-03	1.17e-02	6.41e-02	1.62e-01	2.41e-01	2.02e-01	1.30e-01	8.03e-02	9.36e-02	1.42e-02	7.81e-04
 2.01978e+22	0.00e+00	0.00e+00	4.86e-31	9.12e-27	2.64e-23	2.41e-20	9.48e-18	9.63e-16	6.00e-14	1.32e-12	2.19e-11	2.84e-10	4.11e-09	4.69e-08	5.94e-07	9.22e-06	1.21e-03	1.32e-02	7.03e-02	1.72e-01	2.47e-01	2.00e-01	1.24e-01	7.45e-02	8.48e-02	1.25e-02	6.61e-04
 2.03820e+22	0.00e+00	0.00e+00	8.77e-31	1.60e-26	4.49e-23	3.99e-20	1.52e-17	1.50e-15	9.02e-14	1.92e-12	3.08e-11	3.85e-10	5.38e-09	5.93e-08	7.25e-07	1.09e-05	1.39e-03	1.48e-02	7.66e-02	1.81e-01	2.52e-01	1.97e-01	1.19e-01	6.91e-02	7.69e-02	1.09e-02	5.62e-04
 2.05918e+22	0.00e+00	0.00e+00	1.82e-30	3.20e-26	8.69e-23	7.44e-20	2.73e-17	2.58e-15	1.49e-13	3.05e-12	4.68e-11	5.61e-10	7.49e-09	7.91e-08	9.25e-07	1.33e-05	1.65e-03	1.70e-02	8.49e-02	1.93e-01	2.58e-01	1.93e-01	1.12e-01	6.26e-02	6.78e-02	9.25e-03	4.57e-04
 2.08055e+22	0.00e+00	0.00e+00	3.45e-30	5.87e-26	1.54e-22	1.28e-19	4.54e-17	4.15e-15	2.31e-13	4.56e-12	6.73e-11	7.76e-10	9.97e-09	1.01e-07	1.14e-06	1.57e-05	1.91e-03	1.91e-02	9.25e-02	2.03e-01	2.62e-01	1.90e-01	1.06e-01	5.73e-02	6.05e-02	7.96e-03	3.80e-04
 2.09901e+22	0.00e+00	0.00e+00	6.15e-30	1.02e-25	2.59e-22	2.09e-19	7.20e-17	6.38e-15	3.44e-13	6.55e-12	9.34e-11	1.04e-09	1.29e-08	1.27e-07	1.37e-06	1.84e-05	2.18e-03	2.12e-02	9.98e-02	2.12e-01	2.64e-01	1.85e-01	1.00e-01	5.26e-02	5.44e-02	6.93e-03	3.20e-04
 2.11958e+22	0.00e+00	0.00e+00	1.26e-29	2.01e-25	4.96e-22	3.86e-19	1.28e-16	1.09e-14	5.63e-13	1.03e-11	1.40e-10	1.50e-09	1.78e-08	1.67e-07	1.73e-06	2.22e-05	2.55e-03	2.41e-02	1.09e-01	2.23e-01	2.67e-01	1.80e-01	9.35e-02	4.72e-02	4.74e-02	5.81e-03	2.58e-04
 2.14089e+22	0.00e+00	0.00e+00	2.40e-29	3.69e-25	8.82e-22	6.65e-19	2.12e-16	1.75e-14	8.71e-13	1.53e-11	2.01e-10	2.06e-09	2.36e-08	2.13e-07	2.12e-06	2.61e-05	2.93e-03	2.68e-02	1.18e-01	2.33e-01	2.68e-01	1.74e-01	8.74e-02	4.26e-02	4.18e-02	4.94e-03	2.12e-04
 2.15984e+22	0.00e+00	0.00e+00	4.39e-29	6.55e-25	1.52e-21	1.11e-18	3.43e-16	2.73e-14	1.32e-12	2.23e-11	2.82e-10	2.79e-09	3.07e-08	2.67e-07	2.56e-06	3.04e-05	3.33e-03	2.97e-02	1.27e-01	2.42e-01	2.68e-01	1.68e-01	8.18e-02	3.86e-02	3.70e-02	4.23e-03	1.75e-04
 2.17822e+22	0.00e+00	8.31e-34	8.01e-29	1.16e-24	2.61e-21	1.85e-18	5.54e-16	4.26e-14	1.98e-12	3.23e-11	3.95e-10	3.76e-09	3.99e-08	3.34e-07	3.09e-06	3.53e-05	3.77e-03	3.27e-02	1.36e-01	2.50e-01	2.68e-01	1.62e-01	7.63e-02	3.49e-02	3.27e-02	3.61e-03	1.44e-04
 2.19919e+22	0.00e+00	1.82e-33	1.68e-28	2.34e-24	5.08e-21	3.48e-18	9.98e-16	7.38e-14	3.28e-12	5.12e-11	5.97e-10	5.44e-09	5.50e-08	4.40e-07	3.89e-06	4.25e-05	4.39e-03	3.68e-02	1.47e-01	2.59e-01	2.66e-01	1.55e-01	6.97e-02	3.06e-02	2.79e-02	2.95e-03	1.13e-04
 2.22056e+22	0.00e+00	3.51e-33	3.13e-28	4.22e-24	8.86e-21	5.88e-18	1.63e-15	1.16e-13	4.99e-12	7.50e-11	8.42e-10	7.38e-09	7.18e-08	5.53e-07	4.69e-06	4.93e-05	4.97e-03	4.05e-02	1.57e-01	2.67e-01	2.64e-01	1.48e-01	6.44e-02	2.74e-02	2.44e-02	2.49e-03	9.21e-05
 2.24247e+22	0.00e+00	7.93e-33	6.77e-28	8.76e-24	1.77e-20	1.13e-17	3.00e-15	2.05e-13	8.39e-12	1.20e-10	1.29e-09	1.08e-08	9.99e-08	7.32e-07	5.92e-06	5.93e-05	5.79e-03	4.54e-02	1.69e-01	2.75e-01	2.60e-01	1.40e-01	5.82e-02	2.37e-02	2.05e-02	2.00e-03	7.09e-05
 2.26481e+22	0.00e+00	1.63e-32	1.34e-27	1.67e-23	3.25e-20	2.00e-17	5.13e-15	3.37e-13	1.32e-11	1.82e-10	1.87e-09	1.50e-08	1.33e-07	9.35e-07	7.24e-06	6.95e-05	6.58e-03	5.01e-02	1.80e-01	2.82e-01	2.56e-01	1.32e-01	5.30e-02	2.08e-02	1.76e-02	1.65e-03	5.61e-05
 2.28301e+22	0.00e+00	2.89e-32	2.30e-27	2.78e-23	5.28e-20	3.16e-17	7.86e-15	5.01e-13	1.90e-11	2.54e-10	2.52e-09	1.95e-08	1.67e-07	1.14e-06	8.49e-06	7.88e-05	7.29e-03	5.41e-02	1.89e-01	2.87e-01	2.52e-01	1.26e-01	4.90e-02	1.87e-02	1.55e-02	1.41e-03	4.64e-05
 2.30197e+22	0.00e+00	5.96e-32	4.56e-27	5.32e-23	9.73e-20	5.63e-17	1.35e-14	8.27e-13	3.01e-11	3.85e-10	3.66e-09	2.71e-08	2.23e-07	1.45e-06	1.04e-05	9.22e-05	8.26e-03	5.94e-02	2.00e-01	2.92e-01	2.47e-01	1.18e-01	4.43e-02	1.63e-02	1.31e-02	1.15e-03	3.64e-05
 2.32159e+22	0.00e+00	1.12e-31	8.27e-27	9.36e-23	1.66e-19	9.29e-17	2.15e-14	1.28e-12	4.49e-11	5.52e-10	5.06e-09	3.61e-08	2.86e-07	1.79e-06	1.23e-05	1.05e-04	9.20e-03	6.43e-02	2.10e-01	2.96e-01	2.41e-01	1.12e-01	4.05e-02	1.44e-02	1.14e-02	9.59e-04	2.94e-05
 2.33785e+22	0.00e+00	1.89e-31	1.35e-26	1.49e-22	2.57e-19	1.41e-16	3.17e-14	1.83e-12	6.23e-11	7.44e-10	6.60e-09	4.57e-08	3.51e-07	2.12e-06	1.42e-05	1.18e-04	1.00e-02	6.85e-02	2.18e-01	2.99e-01	2.36e-01	1.06e-01	3.75e-02	1.30e-02	1.01e-02	8.25e-04	2.46e-05
 2.35476e+22	0.00e+00	3.63e-31	2.51e-26	2.67e-22	4.46e-19	2.36e-16	5.13e-14	2.86e-12	9.38e-11	1.08e-09	9.21e-09	6.13e-08	4.52e-07	2.63e-06	1.69e-05	1.35e-04	1.12e-02	7.40e-02	2.29e-01	3.02e-01	2.30e-01	9.97e-02	3.39e-02	1.14e-02	8.63e-03	6.82e-04	1.96e-05
 2.37089e+22	0.00e+00	5.88e-31	3.95e-26	4.11e-22	6.69e-19	3.45e-16	7.33e-14	3.98e-12	1.27e-10	1.42e-09	1.18e-08	7.61e-08	5.45e-07	3.08e-06	1.92e-05	1.49e-04	1.21e-02	7.83e-02	2.36e-01	3.04e-01	2.25e-01	9.49e-02	3.15e-02	1.03e-02	7.69e-03	5.91e-04	1.65e-05
 2.38378e+22	0.00e+00	9.44e-31	6.18e-26	6.26e-22	9.95e-19	5.02e-16	1.04e-13	5.50e-12	1.71e-10	1.85e-09	1.49e-08	9.40e-08	6.54e-07	3.59e-06	2.17e-05	1.64e-04	1.30e-02	8.26e-02	2.44e-01	3.05e-01	2.19e-01	9.03e-02	2.92e-02	9.33e-03	6.86e-03	5.13e-04	1.40e-05
 2.39640e+22	0.00e+00	1.47e-30	9.39e-26	9.29e-22	1.44e-18	7.13e-16	1.44e-13	7.44e-12	2.25e-10	2.38e-09	1.87e-08	1.15e-07	7.76e-07	4.15e-06	2.44e-05	1.79e-04	1.39e-02	8.68e-02	2.50e-01	3.06e-01	2.14e-01	8.61e-02	2.72e-02	8.50e-03	6.15e-03	4.49e-04	1.19e-05
 2.40877e+22	0.00e+00	2.21e-30	1.38e-25	1.33e-21	2.03e-18	9.81e-16	1.94e-13	9.81e-12	2.90e-10	2.99e-09	2.30e-08	1.37e-07	9.06e-07	4.73e-06	2.71e-05	1.94e-04	1.49e-02	9.07e-02	2.57e-01	3.06e-01	2.10e-01	8.23e-02	2.55e-02	7.79e-03	5.56e-03	3.97e-04	1.03e-05
 2.42276e+22	0.00e+00	3.80e-30	2.30e-25	2.16e-21	3.20e-18	1.51e-15	2.89e-13	1.42e-11	4.07e-10	4.07e-09	3.02e-08	1.75e-07	1.12e-06	5.63e-06	3.12e-05	2.16e-04	1.61e-02	9.61e-02	2.65e-01	3.07e-01	2.03e-01	7.74e-02	2.33e-02	6.92e-03	4.86e-03	3.36e-04	8.47e-06
 2.43684e+22	0.00e+00	6.09e-30	3.58e-25	3.29e-21	4.75e-18	2.18e-15	4.09e-13	1.96e-11	5.45e-10	5.30e-09	3.82e-08	2.15e-07	1.33e-06	6.55e-06	3.52e-05	2.37e-04	1.73e-02	1.01e-01	2.72e-01	3.06e-01	1.97e-01	7.33e-02	2.15e-02	6.24e-03	4.31e-03	2.90e-04	7.13e-06
 2.44872e+22	0.00e+00	9.32e-30	5.35e-25	4.80e-21	6.77e-18	3.05e-15	5.58e-13	2.61e-11	7.08e-10	6.73e-09	4.73e-08	2.59e-07	1.57e-06	7.49e-06	3.92e-05	2.57e-04	1.84e-02	1.05e-01	2.78e-01	3.06e-01	1.92e-01	6.97e-02	2.00e-02	5.68e-03	3.87e-03	2.54e-04	6.10e-06
 2.45984e+22	0.00e+00	1.41e-29	7.90e-25	6.94e-21	9.58e-18	4.22e-15	7.56e-13	3.46e-11	9.16e-10	8.48e-09	5.82e-08	3.11e-07	1.83e-06	8.54e-06	4.35e-05	2.79e-04	1.96e-02	1.10e-01	2.84e-01	3.05e-01	1.87e-01	6.63e-02	1.86e-02	5.17e-03	3.47e-03	2.23e-04	5.23e-06
 2.47057e+22	0.00e+00	2.03e-29	1.11e-24	9.56e-21	1.30e-17	5.61e-15	9.85e-13	4.42e-11	1.14e-09	1.04e-08	6.97e-08	3.65e-07	2.10e-06	9.57e-06	4.77e-05	2.99e-04	2.06e-02	1.14e-01	2.89e-01	3.04e-01	1.83e-01	6.34e-02	1.74e-02	4.76e-03	3.16e-03	1.99e-04	4.57e-06
 2.48279e+22	0.00e+00	3.31e-29	1.76e-24	1.48e-20	1.95e-17	8.24e-15	1.41e-12	6.16e-11	1.55e-09	1.37e-08	8.90e-08	4.52e-07	2.53e-06	1.12e-05	5.40e-05	3.28e-04	2.21e-02	1.19e-01	2.96e-01	3.03e-01	1.76e-01	5.96e-02	1.60e-02	4.26e-03	2.78e-03	1.70e-04	3.80e-06
 2.49536e+22	0.00e+00	5.16e-29	2.68e-24	2.19e-20	2.82e-17	1.17e-14	1.95e-12	8.31e-11	2.04e-09	1.75e-08	1.11e-07	5.49e-07	2.99e-06	1.28e-05	6.03e-05	3.56e-04	2.35e-02	1.24e-01	3.02e-01	3.01e-01	1.71e-01	5.63e-02	1.47e-02	3.84e-03	2.47e-03	1.47e-04	3.21e-06
 2.50630e+22	0.00e+00	7.70e-29	3.90e-24	3.12e-20	3.93e-17	1.59e-14	2.61e-12	1.09e-10	2.60e-09	2.18e-08	1.35e-07	6.53e-07	3.47e-06	1.45e-05	6.66e-05	3.84e-04	2.49e-02	1.29e-01	3.07e-01	3.00e-01	1.66e-01	5.34e-02	1.37e-02	3.50e-03	2.22e-03	1.30e-04	2.76e-06
 2.51843e+22	0.00e+00	1.27e-28	6.25e-24	4.86e-20	5.96e-17	2.35e-14	3.75e-12	1.52e-10	3.54e-09	2.88e-08	1.73e-07	8.11e-07	4.18e-06	1.70e-05	7.53e-05	4.21e-04	2.66e-02	1.35e-01	3.14e-01	2.97e-01	1.60e-01	5.00e-02	1.25e-02	3.11e-03	1.94e-03	1.10e-04	2.27e-06
 2.53024e+22	0.00e+00	1.86e-28	8.94e-24	6.81e-20	8.17e-17	3.16e-14	4.94e-12	1.97e-10	4.47e-09	3.56e-08	2.09e-07	9.57e-07	4.81e-06	1.91e-05	8.27e-05	4.52e-04	2.80e-02	1.40e-01	3.18e-01	2.95e-01	1.55e-01	4.75e-02	1.16e-02	2.84e-03	1.75e-03	9.71e-05	1.96e-06
 2.54011e+22	0.00e+00	2.75e-28	1.29e-23	9.61e-20	1.13e-16	4.28e-14	6.55e-12	2.55e-10	5.67e-09	4.41e-08	2.53e-07	1.13e-06	5.56e-06	2.15e-05	9.09e-05	4.85e-04	2.95e-02	1.44e-01	3.23e-01	2.93e-01	1.50e-01	4.50e-02	1.08e-02	2.58e-03	1.58e-03	8.53e-05	1.69e-06
 2.54983e+22	0.00e+00	3.94e-28	1.81e-23	1.32e-19	1.52e-16	5.67e-14	8.51e-12	3.25e-10	7.07e-09	5.39e-08	3.02e-07	1.32e-06	6.35e-06	2.41e-05	9.93e-05	5.18e-04	3.09e-02	1.49e-01	3.27e-01	2.90e-01	1.46e-01	4.28e-02	1.01e-02	2.36e-03	1.43e-03	7.56e-05	1.46e-06
 2.56090e+22	0.00e+00	6.36e-28	2.84e-23	2.02e-19	2.26e-16	8.21e-14	1.20e-11	4.48e-10	9.45e-09	7.01e-08	3.82e-07	1.63e-06	7.57e-06	2.78e-05	1.11e-04	5.65e-04	3.29e-02	1.55e-01	3.32e-01	2.87e-01	1.40e-01	4.00e-02	9.18e-03	2.10e-03	1.25e-03	6.44e-05	1.21e-06
 2.57212e+22	0.00e+00	9.60e-28	4.18e-23	2.90e-19	3.17e-16	1.13e-13	1.62e-11	5.89e-10	1.21e-08	8.79e-08	4.68e-07	1.94e-06	8.81e-06	3.16e-05	1.23e-04	6.08e-04	3.47e-02	1.60e-01	3.37e-01	2.84e-01	1.35e-01	3.77e-02	8.47e-03	1.90e-03	1.11e-03	5.60e-05	1.03e-06
 2.58179e+22	0.00e+00	1.39e-27	5.90e-23	4.01e-19	4.30e-16	1.50e-13	2.11e-11	7.54e-10	1.52e-08	1.08e-07	5.61e-07	2.27e-06	1.01e-05	3.53e-05	1.35e-04	6.49e-04	3.63e-02	1.65e-01	3.41e-01	2.81e-01	1.30e-01	3.57e-02	7.87e-03	1.73e-03	1.00e-03	4.94e-05	8.90e-07
 2.59262e+22	0.00e+00	2.26e-27	9.31e-23	6.15e-19	6.41e-16	2.18e-13	2.99e-11	1.04e-09	2.04e-08	1.41e-07	7.11e-07	2.80e-06	1.21e-05	4.09e-05	1.51e-04	7.07e-04	3.86e-02	1.71e-01	3.45e-01	2.77e-01	1.25e-01	3.32e-02	7.14e-03	1.53e-03	8.74e-04	4.18e-05	7.32e-07
 2.60366e+22	0.00e+00	3.39e-27	1.36e-22	8.78e-19	8.93e-16	2.98e-13	4.00e-11	1.36e-09	2.61e-08	1.75e-07	8.66e-07	3.33e-06	1.40e-05	4.63e-05	1.66e-04	7.59e-04	4.05e-02	1.76e-01	3.49e-01	2.73e-01	1.20e-01	3.12e-02	6.57e-03	1.38e-03	7.78e-04	3.64e-05	6.22e-07
 2.61499e+22	0.00e+00	5.69e-27	2.21e-22	1.38e-18	1.36e-15	4.43e-13	5.80e-11	1.92e-09	3.57e-08	2.33e-07	1.12e-06	4.16e-06	1.69e-05	5.41e-05	1.88e-04	8.31e-04	4.31e-02	1.83e-01	3.54e-01	2.68e-01	1.14e-01	2.88e-02	5.91e-03	1.21e-03	6.70e-04	3.03e-05	5.03e-07
 2.62633e+22	0.00e+00	8.56e-27	3.24e-22	1.98e-18	1.90e-15	6.06e-13	7.76e-11	2.52e-09	4.56e-08	2.91e-07	1.36e-06	4.95e-06	1.96e-05	6.12e-05	2.07e-04	8.92e-04	4.53e-02	1.89e-01	3.57e-01	2.64e-01	1.09e-01	2.70e-02	5.42e-03	1.09e-03	5.94e-04	2.63e-05	4.25e-07
 2.63590e+22	0.00e+00	1.24e-26	4.59e-22	2.74e-18	2.58e-15	8.05e-13	1.01e-10	3.23e-09	5.71e-08	3.57e-07	1.63e-06	5.80e-06	2.25e-05	6.85e-05	2.26e-04	9.51e-04	4.73e-02	1.94e-01	3.60e-01	2.61e-01	1.05e-01	2.55e-02	5.01e-03	9.86e-04	5.33e-04	2.30e-05	3.64e-07
 2.64653e+22	0.00e+00	2.11e-26	7.53e-22	4.35e-18	3.97e-15	1.21e-12	1.48e-10	4.58e-09	7.86e-08	4.77e-07	2.11e-06	7.28e-06	2.72e-05	8.03e-05	2.56e-04	1.04e-03	5.02e-02	2.01e-01	3.64e-01	2.55e-01	9.96e-02	2.34e-02	4.48e-03	8.57e-04	4.55e-04	1.90e-05	2.92e-07
 2.65697e+22	0.00e+00	3.01e-26	1.05e-21	5.93e-18	5.29e-15	1.58e-12	1.90e-10	5.79e-09	9.73e-08	5.79e-07	2.51e-06	8.47e-06	3.10e-05	8.93e-05	2.78e-04	1.11e-03	5.23e-02	2.05e-01	3.66e-01	2.51e-01	9.59e-02	2.21e-02	4.15e-03	7.79e-04	4.09e-04	1.68e-05	2.51e-07
 2.66713e+22	0.00e+00	4.99e-26	1.68e-21	9.20e-18	7.96e-15	2.32e-12	2.72e-10	8.09e-09	1.32e-07	7.64e-07	3.21e-06	1.05e-05	3.73e-05	1.04e-04	3.13e-04	1.21e-03	5.54e-02	2.12e-01	3.69e-01	2.46e-01	9.07e-02	2.03e-02	3.71e-03	6.79e-04	3.51e-04	1.39e-05	2.03e-07
 2.67710e+22	0.00e+00	7.01e-26	2.31e-21	1.24e-17	1.05e-14	3.00e-12	3.46e-10	1.01e-08	1.62e-07	9.20e-07	3.80e-06	1.22e-05	4.22e-05	1.15e-04	3.39e-04	1.28e-03	5.75e-02	2.17e-01	3.71e-01	2.42e-01	8.73e-02	1.92e-02	3.44e-03	6.19e-04	3.16e-04	1.23e-05	1.75e-07
 2.68681e+22	0.00e+00	1.13e-25	3.61e-21	1.88e-17	1.54e-14	4.31e-12	4.86e-10	1.39e-08	2.16e-07	1.20e-06	4.80e-06	1.49e-05	5.03e-05	1.33e-04	3.80e-04	1.39e-03	6.07e-02	2.23e-01	3.73e-01	2.36e-01	8.25e-02	1.76e-02	3.09e-03	5.42e-04	2.72e-04	1.03e-05	1.42e-07
 2.69664e+22	0.00e+00	1.65e-25	5.13e-21	2.60e-17	2.09e-14	5.72e-12	6.34e-10	1.78e-08	2.72e-07	1.47e-06	5.77e-06	1.76e-05	5.77e-05	1.49e-04	4.15e-04	1.48e-03	6.32e-02	2.29e-01	3.75e-01	2.32e-01	7.90e-02	1.65e-02	2.84e-03	4.87e-04	2.42e-04	8.91e-06	0.00e+00
 2.70662e+22	0.00e+00	2.74e-25	8.21e-21	4.03e-17	3.13e-14	8.36e-12	9.06e-10	2.49e-08	3.68e-07	1.94e-06	7.39e-06	2.18e-05	6.94e-05	1.74e-04	4.67e-04	1.61e-03	6.67e-02	2.36e-01	3.77e-01	2.26e-01	7.43e-02	1.51e-02	2.52e-03	4.22e-04	2.06e-04	7.35e-06	0.00e+00
 2.71657e+22	0.00e+00	3.94e-25	1.15e-20	5.51e-17	4.19e-14	1.10e-11	1.17e-09	3.17e-08	4.59e-07	2.37e-06	8.84e-06	2.55e-05	7.93e-05	1.94e-04	5.08e-04	1.71e-03	6.94e-02	2.41e-01	3.78e-01	2.21e-01	7.10e-02	1.41e-02	2.32e-03	3.80e-04	1.83e-04	6.38e-06	0.00e+00
 2.72648e+22	0.00e+00	6.44e-25	1.82e-20	8.42e-17	6.19e-14	1.59e-11	1.66e-09	4.38e-08	6.18e-07	3.11e-06	1.13e-05	3.16e-05	9.51e-05	2.25e-04	5.70e-04	1.86e-03	7.31e-02	2.47e-01	3.80e-01	2.15e-01	6.67e-02	1.29e-02	2.06e-03	3.29e-04	1.56e-04	5.27e-06	0.00e+00
 2.73657e+22	0.00e+00	9.50e-25	2.61e-20	1.18e-16	8.44e-14	2.12e-11	2.18e-09	5.67e-08	7.82e-07	3.86e-06	1.37e-05	3.74e-05	1.10e-04	2.53e-04	6.25e-04	1.99e-03	7.62e-02	2.53e-01	3.80e-01	2.10e-01	6.34e-02	1.20e-02	1.87e-03	2.93e-04	1.37e-04	4.51e-06	0.00e+00
 2.74540e+22	0.00e+00	1.38e-24	3.69e-20	1.62e-16	1.14e-13	2.80e-11	2.83e-09	7.27e-08	9.82e-07	4.75e-06	1.65e-05	4.41e-05	1.26e-04	2.84e-04	6.83e-04	2.12e-03	7.92e-02	2.58e-01	3.81e-01	2.05e-01	6.03e-02	1.11e-02	1.71e-03	2.62e-04	1.21e-04	3.88e-06	0.00e+00
 2.75537e+22	0.00e+00	2.25e-24	5.79e-20	2.47e-16	1.67e-13	4.02e-11	3.99e-09	1.00e-07	1.32e-06	6.24e-06	2.10e-05	5.46e-05	1.51e-04	3.30e-04	7.67e-04	2.30e-03	8.33e-02	2.64e-01	3.81e-01	1.99e-01	5.63e-02	1.01e-02	1.51e-03	2.26e-04	1.03e-04	3.18e-06	0.00e+00
 2.76537e+22	0.00e+00	3.27e-24	8.18e-20	3.39e-16	2.24e-13	5.31e-11	5.19e-09	1.29e-07	1.66e-06	7.69e-06	2.53e-05	6.44e-05	1.74e-04	3.70e-04	8.39e-04	2.46e-03	8.66e-02	2.70e-01	3.81e-01	1.94e-01	5.34e-02	9.37e-03	1.37e-03	2.01e-04	9.01e-05	2.72e-06	0.00e+00
 2.77541e+22	0.00e+00	5.30e-24	1.28e-19	5.12e-16	3.28e-13	7.59e-11	7.30e-09	1.78e-07	2.24e-06	1.01e-05	3.23e-05	7.98e-05	2.09e-04	4.30e-04	9.42e-04	2.67e-03	9.10e-02	2.76e-01	3.81e-01	1.87e-01	4.98e-02	8.48e-03	1.21e-03	1.72e-04	7.59e-05	2.21e-06	0.00e+00
 2.78561e+22	0.00e+00	7.75e-24	1.81e-19	7.08e-16	4.42e-13	1.00e-10	9.53e-09	2.30e-07	2.83e-06	1.25e-05	3.92e-05	9.45e-05	2.42e-04	4.84e-04	1.03e-03	2.86e-03	9.47e-02	2.81e-01	3.81e-01	1.82e-01	4.70e-02	7.82e-03	1.09e-03	1.53e-04	6.62e-05	1.88e-06	0.00e+00
 2.79603e+22	0.00e+00	1.27e-23	2.85e-19	1.07e-15	6.48e-13	1.44e-10	1.35e-08	3.20e-07	3.84e-06	1.66e-05	5.05e-05	1.18e-04	2.92e-04	5.65e-04	1.16e-03	3.11e-03	9.96e-02	2.88e-01	3.80e-01	1.75e-01	4.36e-02	7.03e-03	9.57e-04	1.30e-04	5.53e-05	1.51e-06	0.00e+00
 2.80648e+22	0.00e+00	1.84e-23	4.01e-19	1.47e-15	8.65e-13	1.90e-10	1.75e-08	4.11e-07	4.83e-06	2.05e-05	6.11e-05	1.40e-04	3.36e-04	6.36e-04	1.27e-03	3.33e-03	1.03e-01	2.93e-01	3.79e-01	1.70e-01	4.11e-02	6.47e-03	8.63e-04	1.15e-04	4.81e-05	1.28e-06	0.00e+00
 2.81697e+22	0.00e+00	2.97e-23	6.23e-19	2.20e-15	1.26e-12	2.69e-10	2.46e-08	5.69e-07	6.54e-06	2.71e-05	7.84e-05	1.74e-04	4.06e-04	7.42e-04	1.44e-03	3.62e-03	1.09e-01	3.00e-01	3.77e-01	1.63e-01	3.79e-02	5.79e-03	7.52e-04	9.71e-05	4.00e-05	1.03e-06	0.00e+00
 2.82720e+22	0.00e+00	4.15e-23	8.48e-19	2.92e-15	1.63e-12	3.44e-10	3.12e-08	7.15e-07	8.08e-06	3.30e-05	9.35e-05	2.03e-04	4.63e-04	8.27e-04	1.56e-03	3.85e-03	1.13e-01	3.04e-01	3.76e-01	1.59e-01	3.58e-02	5.35e-03	6.82e-04	8.63e-05	3.51e-05	8.77e-07	0.00e+00
 2.83710e+22	0.00e+00	6.43e-23	1.27e-18	4.23e-15	2.28e-12	4.75e-10	4.26e-08	9.68e-07	1.07e-05	4.27e-05	1.18e-04	2.50e-04	5.51e-04	9.55e-04	1.74e-03	4.18e-03	1.18e-01	3.10e-01	3.73e-01	1.52e-01	3.31e-02	4.81e-03	5.97e-04	7.36e-05	2.94e-05	7.09e-07	0.00e+00
 2.84709e+22	0.00e+00	8.87e-23	1.70e-18	5.54e-15	2.93e-12	6.01e-10	5.35e-08	1.21e-06	1.31e-05	5.17e-05	1.40e-04	2.90e-04	6.27e-04	1.06e-03	1.89e-03	4.43e-03	1.22e-01	3.14e-01	3.71e-01	1.48e-01	3.12e-02	4.44e-03	5.41e-04	6.55e-05	2.58e-05	6.06e-07	0.00e+00
 2.85720e+22	0.00e+00	1.35e-22	2.50e-18	7.88e-15	4.05e-12	8.18e-10	7.23e-08	1.62e-06	1.73e-05	6.66e-05	1.76e-04	3.55e-04	7.43e-04	1.22e-03	2.11e-03	4.80e-03	1.27e-01	3.20e-01	3.68e-01	1.41e-01	2.88e-02	3.98e-03	4.73e-04	5.59e-05	2.16e-05	4.90e-07	0.00e+00
 2.86756e+22	0.00e+00	1.88e-22	3.37e-18	1.04e-14	5.21e-12	1.04e-09	9.15e-08	2.04e-06	2.14e-05	8.12e-05	2.10e-04	4.15e-04	8.49e-04	1.36e-03	2.30e-03	5.11e-03	1.32e-01	3.24e-01	3.66e-01	1.37e-01	2.71e-02	3.65e-03	4.26e-04	4.92e-05	1.87e-05	4.14e-07	0.00e+00
 2.87823e+22	0.00e+00	2.84e-22	4.93e-18	1.47e-14	7.17e-12	1.41e-09	1.23e-07	2.74e-06	2.81e-05	1.05e-04	2.64e-04	5.07e-04	1.01e-03	1.57e-03	2.56e-03	5.53e-03	1.38e-01	3.29e-01	3.62e-01	1.31e-01	2.49e-02	3.26e-03	3.71e-04	4.18e-05	1.56e-05	3.33e-07	0.00e+00
 2.88915e+22	1.81e-34	3.95e-22	6.65e-18	1.93e-14	9.22e-12	1.79e-09	1.57e-07	3.46e-06	3.49e-05	1.28e-04	3.17e-04	5.96e-04	1.15e-03	1.76e-03	2.80e-03	5.90e-03	1.43e-01	3.33e-01	3.59e-01	1.26e-01	2.32e-02	2.97e-03	3.32e-04	3.66e-05	1.35e-05	2.79e-07	0.00e+00
 2.90042e+22	2.93e-34	5.97e-22	9.69e-18	2.72e-14	1.27e-11	2.43e-09	2.12e-07	4.65e-06	4.61e-05	1.66e-04	4.00e-04	7.31e-04	1.37e-03	2.03e-03	3.13e-03	6.41e-03	1.49e-01	3.38e-01	3.54e-01	1.20e-01	2.13e-02	2.64e-03	2.87e-04	3.09e-05	1.11e-05	2.22e-07	0.00e+00
 2.91191e+22	4.25e-34	8.22e-22	1.30e-17	3.55e-14	1.62e-11	3.08e-09	2.67e-07	5.86e-06	5.72e-05	2.03e-04	4.79e-04	8.57e-04	1.57e-03	2.27e-03	3.41e-03	6.83e-03	1.55e-01	3.42e-01	3.50e-01	1.15e-01	1.98e-02	2.40e-03	2.56e-04	2.70e-05	9.57e-06	1.86e-07	0.00e+00
 2.92369e+22	6.80e-34	1.23e-21	1.87e-17	4.96e-14	2.20e-11	4.14e-09	3.60e-07	7.87e-06	7.54e-05	2.62e-04	6.03e-04	1.05e-03	1.87e-03	2.61e-03	3.80e-03	7.41e-03	1.62e-01	3.47e-01	3.44e-01	1.09e-01	1.80e-02	2.12e-03	2.20e-04	2.26e-05	7.87e-06	1.47e-07	0.00e+00
 2.93568e+22	9.78e-34	1.68e-21	2.49e-17	6.44e-14	2.80e-11	5.22e-09	4.53e-07	9.90e-06	9.33e-05	3.19e-04	7.22e-04	1.23e-03	2.13e-03	2.91e-03	4.14e-03	7.90e-03	1.67e-01	3.50e-01	3.40e-01	1.04e-01	1.68e-02	1.92e-03	1.96e-04	1.97e-05	6.75e-06	1.22e-07	0.00e+00
 2.94792e+22	1.55e-33	2.49e-21	3.56e-17	8.92e-14	3.79e-11	6.98e-09	6.07e-07	1.33e-05	1.23e-04	4.12e-04	9.07e-04	1.50e-03	2.53e-03	3.35e-03	4.62e-03	8.57e-03	1.75e-01	3.54e-01	3.33e-01	9.85e-02	1.52e-02	1.69e-03	1.68e-04	1.65e-05	5.53e-06	0.00e+00	0.00e+00
 2.96023e+22	2.19e-33	3.36e-21	4.66e-17	1.14e-13	4.76e-11	8.70e-09	7.58e-07	1.65e-05	1.51e-04	4.99e-04	1.08e-03	1.75e-03	2.87e-03	3.72e-03	5.01e-03	9.11e-03	1.81e-01	3.57e-01	3.28e-01	9.42e-02	1.41e-02	1.54e-03	1.49e-04	1.44e-05	4.75e-06	0.00e+00	0.00e+00
 2.97264e+22	3.38e-33	4.88e-21	6.54e-17	1.56e-13	6.34e-11	1.15e-08	1.00e-06	2.19e-05	1.96e-04	6.36e-04	1.34e-03	2.11e-03	3.38e-03	4.25e-03	5.56e-03	9.85e-03	1.88e-01	3.60e-01	3.21e-01	8.89e-02	1.28e-02	1.35e-03	1.28e-04	1.21e-05	3.90e-06	0.00e+00	0.00e+00
 2.98541e+22	4.80e-33	6.59e-21	8.59e-17	2.00e-13	7.99e-11	1.44e-08	1.26e-06	2.74e-05	2.42e-04	7.74e-04	1.60e-03	2.47e-03	3.84e-03	4.73e-03	6.04e-03	1.05e-02	1.95e-01	3.62e-01	3.15e-01	8.46e-02	1.18e-02	1.22e-03	1.13e-04	1.05e-05	3.33e-06	0.00e+00	0.00e+00
 2.99647e+22	6.57e-33	8.61e-21	1.10e-16	2.50e-13	9.82e-11	1.76e-08	1.54e-06	3.37e-05	2.92e-04	9.23e-04	1.87e-03	2.83e-03	4.32e-03	5.21e-03	6.51e-03	1.11e-02	2.00e-01	3.64e-01	3.10e-01	8.09e-02	1.10e-02	1.11e-03	1.01e-04	9.17e-06	2.87e-06	0.00e+00	0.00e+00
 3.00868e+22	9.82e-33	1.21e-20	1.50e-16	3.32e-13	1.28e-10	2.27e-08	2.01e-06	4.38e-05	3.74e-04	1.16e-03	2.30e-03	3.39e-03	5.02e-03	5.90e-03	7.17e-03	1.19e-02	2.08e-01	3.66e-01	3.02e-01	7.61e-02	9.95e-03	9.76e-04	8.70e-05	7.70e-06	2.37e-06	0.00e+00	0.00e+00
 3.02094e+22	1.32e-32	1.57e-20	1.89e-16	4.11e-13	1.56e-10	2.75e-08	2.44e-06	5.32e-05	4.48e-04	1.37e-03	2.67e-03	3.86e-03	5.60e-03	6.45e-03	7.68e-03	1.26e-02	2.13e-01	3.67e-01	2.96e-01	7.27e-02	9.25e-03	8.89e-04	7.79e-05	6.78e-06	2.06e-06	0.00e+00	0.00e+00
 3.03327e+22	1.95e-32	2.18e-20	2.55e-16	5.40e-13	2.01e-10	3.53e-08	3.14e-06	6.86e-05	5.67e-04	1.71e-03	3.25e-03	4.58e-03	6.47e-03	7.25e-03	8.41e-03	1.35e-02	2.21e-01	3.68e-01	2.88e-01	6.83e-02	8.39e-03	7.83e-04	6.71e-05	5.72e-06	1.70e-06	0.00e+00	0.00e+00
 3.04591e+22	2.64e-32	2.83e-20	3.23e-16	6.71e-13	2.46e-10	4.29e-08	3.84e-06	8.40e-05	6.84e-04	2.03e-03	3.79e-03	5.24e-03	7.24e-03	7.95e-03	9.03e-03	1.42e-02	2.27e-01	3.68e-01	2.82e-01	6.49e-02	7.75e-03	7.08e-04	5.96e-05	4.99e-06	1.46e-06	0.00e+00	0.00e+00
 3.05711e+22	3.54e-32	3.64e-20	4.05e-16	8.26e-13	2.99e-10	5.19e-08	4.66e-06	1.02e-04	8.19e-04	2.40e-03	4.40e-03	5.96e-03	8.06e-03	8.68e-03	9.67e-03	1.49e-02	2.32e-01	3.68e-01	2.75e-01	6.17e-02	7.17e-03	6.41e-04	5.30e-05	4.36e-06	1.26e-06	0.00e+00	0.00e+00
 3.06982e+22	5.14e-32	5.01e-20	5.41e-16	1.08e-12	3.83e-10	6.61e-08	5.98e-06	1.31e-04	1.03e-03	2.98e-03	5.33e-03	7.04e-03	9.27e-03	9.72e-03	1.05e-02	1.60e-02	2.40e-01	3.67e-01	2.66e-01	5.77e-02	6.45e-03	5.62e-04	4.54e-05	3.65e-06	1.03e-06	0.00e+00	0.00e+00
 3.08248e+22	6.78e-32	6.35e-20	6.71e-16	1.31e-12	4.61e-10	7.91e-08	7.18e-06	1.57e-04	1.22e-03	3.48e-03	6.11e-03	7.92e-03	1.02e-02	1.05e-02	1.12e-02	1.67e-02	2.45e-01	3.66e-01	2.60e-01	5.49e-02	5.99e-03	5.11e-04	4.06e-05	3.22e-06	8.99e-07	0.00e+00	0.00e+00
 3.09506e+22	9.67e-32	8.59e-20	8.83e-16	1.69e-12	5.82e-10	9.96e-08	9.11e-06	2.00e-04	1.53e-03	4.27e-03	7.33e-03	9.27e-03	1.17e-02	1.17e-02	1.22e-02	1.78e-02	2.52e-01	3.65e-01	2.51e-01	5.12e-02	5.39e-03	4.48e-04	3.49e-05	2.70e-06	7.41e-07	0.00e+00	0.00e+00
 3.10788e+22	1.28e-31	1.09e-19	1.10e-15	2.06e-12	7.02e-10	1.20e-07	1.10e-05	2.40e-04	1.81e-03	4.99e-03	8.41e-03	1.04e-02	1.28e-02	1.27e-02	1.29e-02	1.86e-02	2.57e-01	3.63e-01	2.44e-01	4.85e-02	4.98e-03	4.06e-04	3.10e-05	2.37e-06	6.40e-07	0.00e+00	0.00e+00
 3.12102e+22	1.82e-31	1.48e-19	1.45e-15	2.65e-12	8.90e-10	1.51e-07	1.39e-05	3.06e-04	2.26e-03	6.12e-03	1.01e-02	1.22e-02	1.46e-02	1.40e-02	1.40e-02	1.97e-02	2.63e-01	3.60e-01	2.34e-01	4.50e-02	4.46e-03	3.54e-04	2.65e-05	1.98e-06	5.25e-07	0.00e+00	0.00e+00
 3.13441e+22	1.05e-31	1.88e-19	1.80e-15	3.25e-12	1.08e-09	1.81e-07	1.68e-05	3.68e-04	2.68e-03	7.16e-03	1.16e-02	1.37e-02	1.61e-02	1.52e-02	1.48e-02	2.06e-02	2.68e-01	3.57e-01	2.26e-01	4.24e-02	4.10e-03	3.18e-04	2.34e-05	1.72e-06	4.50e-07	0.00e+00	0.00e+00
 3.14813e+22	1.50e-31	2.56e-19	2.38e-15	4.19e-12	1.37e-09	2.29e-07	2.14e-05	4.69e-04	3.35e-03	8.78e-03	1.39e-02	1.60e-02	1.82e-02	1.68e-02	1.60e-02	2.17e-02	2.73e-01	3.52e-01	2.16e-01	3.91e-02	3.64e-03	2.76e-04	1.98e-05	1.43e-06	3.66e-07	0.00e+00	0.00e+00
 3.16210e+22	1.99e-31	3.26e-19	2.97e-15	5.14e-12	1.65e-09	2.76e-07	2.59e-05	5.65e-04	3.97e-03	1.03e-02	1.59e-02	1.79e-02	2.01e-02	1.81e-02	1.69e-02	2.26e-02	2.77e-01	3.48e-01	2.08e-01	3.67e-02	3.33e-03	2.47e-04	1.74e-05	1.23e-06	3.12e-07	0.00e+00	0.00e+00
 3.17640e+22	2.85e-31	4.43e-19	3.92e-15	6.64e-12	2.10e-09	3.49e-07	3.30e-05	7.20e-04	4.95e-03	1.26e-02	1.89e-02	2.08e-02	2.26e-02	1.99e-02	1.81e-02	2.38e-02	2.82e-01	3.41e-01	1.98e-01	3.36e-02	2.94e-03	2.12e-04	1.46e-05	1.01e-06	2.51e-07	0.00e+00	0.00e+00
 3.19038e+22	3.69e-31	5.55e-19	4.82e-15	8.02e-12	2.51e-09	4.15e-07	3.91e-05	8.51e-04	5.76e-03	1.44e-02	2.13e-02	2.30e-02	2.46e-02	2.12e-02	1.89e-02	2.46e-02	2.84e-01	3.36e-01	1.90e-01	3.16e-02	2.70e-03	1.91e-04	1.30e-05	8.88e-07	2.17e-07	0.00e+00	0.00e+00
 3.20393e+22	5.12e-31	7.35e-19	6.21e-15	1.01e-11	3.13e-09	5.14e-07	4.90e-05	1.07e-03	7.07e-03	1.73e-02	2.51e-02	2.64e-02	2.74e-02	2.31e-02	2.01e-02	2.57e-02	2.87e-01	3.28e-01	1.80e-01	2.89e-02	2.38e-03	1.65e-04	1.09e-05	7.32e-07	1.76e-07	0.00e+00	0.00e+00
 3.21770e+22	6.65e-31	9.21e-19	7.63e-15	1.22e-11	3.74e-09	6.11e-07	5.81e-05	1.26e-03	8.21e-03	1.98e-02	2.82e-02	2.90e-02	2.96e-02	2.45e-02	2.10e-02	2.64e-02	2.88e-01	3.22e-01	1.72e-01	2.70e-02	2.18e-03	1.48e-04	9.67e-06	6.37e-07	1.51e-07	0.00e+00	0.00e+00
 3.23174e+22	9.21e-31	1.22e-18	9.85e-15	1.55e-11	4.66e-09	7.57e-07	7.24e-05	1.56e-03	9.99e-03	2.37e-02	3.28e-02	3.30e-02	3.27e-02	2.64e-02	2.21e-02	2.73e-02	2.89e-01	3.12e-01	1.62e-01	2.45e-02	1.92e-03	1.27e-04	8.12e-06	5.24e-07	1.22e-07	0.00e+00	0.00e+00
 3.24622e+22	1.21e-30	1.54e-18	1.22e-14	1.88e-11	5.59e-09	9.04e-07	8.67e-05	1.86e-03	1.17e-02	2.73e-02	3.70e-02	3.64e-02	3.54e-02	2.80e-02	2.30e-02	2.81e-02	2.89e-01	3.04e-01	1.54e-01	2.26e-02	1.72e-03	1.12e-04	7.03e-06	4.47e-07	0.00e+00	0.00e+00	0.00e+00
 3.26127e+22	1.69e-30	2.06e-18	1.58e-14	2.40e-11	7.02e-09	1.13e-06	1.08e-04	2.31e-03	1.42e-02	3.24e-02	4.29e-02	4.11e-02	3.89e-02	3.00e-02	2.41e-02	2.89e-02	2.88e-01	2.92e-01	1.43e-01	2.04e-02	1.50e-03	9.48e-05	5.85e-06	3.64e-07	0.00e+00	0.00e+00	0.00e+00
 3.27680e+22	2.24e-30	2.62e-18	1.98e-14	2.94e-11	8.49e-09	1.35e-06	1.30e-04	2.77e-03	1.67e-02	3.74e-02	4.85e-02	4.54e-02	4.20e-02	3.17e-02	2.50e-02	2.94e-02	2.85e-01	2.82e-01	1.34e-01	1.86e-02	1.33e-03	8.22e-05	4.98e-06	3.05e-07	0.00e+00	0.00e+00	0.00e+00
 3.29298e+22	3.17e-30	3.54e-18	2.60e-14	3.77e-11	1.07e-08	1.70e-06	1.64e-04	3.45e-03	2.03e-02	4.44e-02	5.60e-02	5.10e-02	4.58e-02	3.37e-02	2.59e-02	3.00e-02	2.81e-01	2.68e-01	1.23e-01	1.65e-02	1.14e-03	6.86e-05	4.06e-06	2.43e-07	0.00e+00	0.00e+00	0.00e+00
 3.30959e+22	4.23e-30	4.54e-18	3.25e-14	4.64e-11	1.30e-08	2.05e-06	1.97e-04	4.12e-03	2.37e-02	5.11e-02	6.29e-02	5.59e-02	4.91e-02	3.54e-02	2.66e-02	3.03e-02	2.76e-01	2.55e-01	1.14e-01	1.48e-02	9.95e-04	5.87e-05	3.41e-06	2.01e-07	0.00e+00	0.00e+00	0.00e+00
 3.32678e+22	6.04e-30	6.16e-18	4.29e-14	5.98e-11	1.65e-08	2.57e-06	2.47e-04	5.12e-03	2.87e-02	6.03e-02	7.22e-02	6.23e-02	5.31e-02	3.72e-02	2.73e-02	3.05e-02	2.68e-01	2.39e-01	1.03e-01	1.29e-02	8.37e-04	4.80e-05	2.73e-06	1.57e-07	0.00e+00	0.00e+00	0.00e+00
 3.34453e+22	8.12e-30	7.94e-18	5.41e-14	7.39e-11	2.01e-08	3.10e-06	2.98e-04	6.12e-03	3.35e-02	6.90e-02	8.06e-02	6.78e-02	5.64e-02	3.86e-02	2.77e-02	3.05e-02	2.60e-01	2.24e-01	9.37e-02	1.14e-02	7.18e-04	4.03e-05	2.24e-06	1.27e-07	0.00e+00	0.00e+00	0.00e+00
 3.36301e+22	1.17e-29	1.08e-17	7.17e-14	9.57e-11	2.56e-08	3.90e-06	3.74e-04	7.58e-03	4.03e-02	8.08e-02	9.16e-02	7.46e-02	6.02e-02	4.01e-02	2.80e-02	3.01e-02	2.48e-01	2.06e-01	8.28e-02	9.66e-03	5.88e-04	3.21e-05	1.74e-06	0.00e+00	0.00e+00	0.00e+00	0.00e+00
 3.38201e+22	1.58e-29	1.40e-17	9.04e-14	1.18e-10	3.11e-08	4.69e-06	4.49e-04	9.01e-03	4.68e-02	9.17e-02	1.01e-01	8.03e-02	6.31e-02	4.10e-02	2.81e-02	2.97e-02	2.36e-01	1.90e-01	7.40e-02	8.35e-03	4.94e-04	2.63e-05	1.40e-06	0.00e+00	0.00e+00	0.00e+00	0.00e+00
 3.39910e+22	2.11e-29	1.80e-17	1.13e-13	1.45e-10	3.76e-08	5.60e-06	5.33e-04	1.06e-02	5.35e-02	1.03e-01	1.11e-01	8.55e-02	6.56e-02	4.17e-02	2.79e-02	2.90e-02	2.24e-01	1.74e-01	6.60e-02	7.23e-03	4.16e-04	2.17e-05	1.13e-06	0.00e+00	0.00e+00	0.00e+00	0.00e+00
 3.41873e+22	3.02e-29	2.42e-17	1.48e-13	1.85e-10	4.71e-08	6.95e-06	6.61e-04	1.29e-02	6.35e-02	1.18e-01	1.23e-01	9.21e-02	6.83e-02	4.21e-02	2.74e-02	2.79e-02	2.07e-01	1.54e-01	5.60e-02	5.88e-03	3.25e-04	1.65e-05	8.36e-07	0.00e+00	0.00e+00	0.00e+00	0.00e+00
 3.43849e+22	3.99e-29	3.07e-17	1.83e-13	2.24e-10	5.62e-08	8.20e-06	7.75e-04	1.50e-02	7.16e-02	1.30e-01	1.32e-01	9.65e-02	6.99e-02	4.21e-02	2.68e-02	2.68e-02	1.94e-01	1.40e-01	4.92e-02	5.01e-03	2.70e-04	1.34e-05	6.65e-07	0.00e+00	0.00e+00	0.00e+00	0.00e+00
 3.45839e+22	5.60e-29	4.07e-17	2.36e-13	2.82e-10	6.93e-08	1.00e-05	9.42e-04	1.79e-02	8.30e-02	1.47e-01	1.44e-01	1.02e-01	7.12e-02	4.16e-02	2.57e-02	2.53e-02	1.75e-01	1.21e-01	4.09e-02	4.00e-03	2.07e-04	9.97e-06	4.84e-07	0.00e+00	0.00e+00	0.00e+00	0.00e+00
 3.47872e+22	7.33e-29	5.10e-17	2.88e-13	3.38e-10	8.18e-08	1.17e-05	1.10e-03	2.06e-02	9.28e-02	1.60e-01	1.53e-01	1.05e-01	7.16e-02	4.08e-02	2.47e-02	2.39e-02	1.60e-01	1.07e-01	3.50e-02	3.31e-03	1.66e-04	7.81e-06	3.71e-07	0.00e+00	0.00e+00	0.00e+00	0.00e+00
 3.49960e+22	1.02e-28	6.71e-17	3.68e-13	4.20e-10	9.99e-08	1.41e-05	1.31e-03	2.43e-02	1.06e-01	1.77e-01	1.64e-01	1.08e-01	7.14e-02	3.95e-02	2.32e-02	2.20e-02	1.41e-01	9.05e-02	2.84e-02	2.57e-03	1.24e-04	5.67e-06	2.62e-07	0.00e+00	0.00e+00	0.00e+00	0.00e+00
 3.52091e+22	1.32e-28	8.33e-17	4.45e-13	4.98e-10	1.17e-07	1.63e-05	1.52e-03	2.76e-02	1.17e-01	1.91e-01	1.72e-01	1.10e-01	7.06e-02	3.80e-02	2.18e-02	2.03e-02	1.26e-01	7.79e-02	2.36e-02	2.06e-03	9.67e-05	4.30e-06	1.95e-07	0.00e+00	0.00e+00	0.00e+00	0.00e+00
 3.53988e+22	1.69e-28	1.02e-16	5.32e-13	5.83e-10	1.35e-07	1.86e-05	1.73e-03	3.11e-02	1.28e-01	2.04e-01	1.78e-01	1.11e-01	6.93e-02	3.64e-02	2.04e-02	1.87e-02	1.13e-01	6.69e-02	1.95e-02	1.65e-03	7.50e-05	3.25e-06	1.44e-07	0.00e+00	0.00e+00	0.00e+00	0.00e+00
 3.56166e+22	2.29e-28	1.31e-16	6.59e-13	7.06e-10	1.61e-07	2.20e-05	2.04e-03	3.60e-02	1.43e-01	2.21e-01	1.85e-01	1.11e-01	6.69e-02	3.40e-02	1.85e-02	1.66e-02	9.56e-02	5.41e-02	1.51e-02	1.22e-03	5.32e-05	2.23e-06	0.00e+00	0.00e+00	0.00e+00	0.00e+00	0.00e+00
 3.58214e+22	2.81e-28	1.55e-16	7.64e-13	8.04e-10	1.81e-07	2.45e-05	2.26e-03	3.94e-02	1.52e-01	2.30e-01	1.89e-01	1.10e-01	6.50e-02	3.23e-02	1.73e-02	1.53e-02	8.55e-02	4.70e-02	1.27e-02	9.96e-04	4.24e-05	1.75e-06	0.00e+00	0.00e+00	0.00e+00	0.00e+00	0.00e+00
 3.60092e+22	3.55e-28	1.87e-16	8.97e-13	9.27e-10	2.06e-07	2.78e-05	2.57e-03	4.41e-02	1.65e-01	2.43e-01	1.93e-01	1.09e-01	6.20e-02	3.00e-02	1.56e-02	1.36e-02	7.31e-02	3.84e-02	1.00e-02	7.50e-04	3.08e-05	1.23e-06	0.00e+00	0.00e+00	0.00e+00	0.00e+00	0.00e+00
 3.61994e+22	4.30e-28	2.19e-16	1.03e-12	1.05e-09	2.31e-07	3.08e-05	2.83e-03	4.80e-02	1.75e-01	2.52e-01	1.94e-01	1.07e-01	5.96e-02	2.82e-02	1.44e-02	1.24e-02	6.45e-02	3.29e-02	8.29e-03	6.03e-04	2.41e-05	9.44e-07	0.00e+00	0.00e+00	0.00e+00	0.00e+00	0.00e+00
 3.63929e+22	5.39e-28	2.62e-16	1.20e-12	1.20e-09	2.62e-07	3.47e-05	3.19e-03	5.33e-02	1.88e-01	2.62e-01	1.96e-01	1.04e-01	5.60e-02	2.57e-02	1.28e-02	1.09e-02	5.42e-02	2.64e-02	6.39e-03	4.46e-04	1.72e-05	6.53e-07	0.00e+00	0.00e+00	0.00e+00	0.00e+00	0.00e+00
 3.65893e+22	6.45e-28	3.04e-16	1.36e-12	1.34e-09	2.90e-07	3.81e-05	3.50e-03	5.77e-02	1.98e-01	2.70e-01	1.96e-01	1.01e-01	5.32e-02	2.38e-02	1.16e-02	9.78e-03	4.71e-02	2.22e-02	5.19e-03	3.50e-04	1.31e-05	4.87e-07	0.00e+00	0.00e+00	0.00e+00	0.00e+00	0.00e+00
 3.67894e+22	7.97e-28	3.61e-16	1.57e-12	1.52e-09	3.27e-07	4.28e-05	3.94e-03	6.38e-02	2.11e-01	2.79e-01	1.95e-01	9.74e-02	4.93e-02	2.14e-02	1.02e-02	8.44e-03	3.89e-02	1.75e-02	3.91e-03	2.52e-04	9.09e-06	3.27e-07	0.00e+00	0.00e+00	0.00e+00	0.00e+00	0.00e+00
 3.69920e+22	9.45e-28	4.15e-16	1.77e-12	1.69e-09	3.61e-07	4.69e-05	4.30e-03	6.87e-02	2.20e-01	2.85e-01	1.94e-01	9.39e-02	4.63e-02	1.96e-02	9.13e-03	7.50e-03	3.34e-02	1.45e-02	3.13e-03	1.95e-04	6.83e-06	2.40e-07	0.00e+00	0.00e+00	0.00e+00	0.00e+00	0.00e+00
 3.71976e+22	1.16e-27	4.90e-16	2.04e-12	1.91e-09	4.06e-07	5.25e-05	4.82e-03	7.55e-02	2.33e-01	2.92e-01	1.91e-01	8.90e-02	4.24e-02	1.74e-02	7.88e-03	6.39e-03	2.71e-02	1.12e-02	2.32e-03	1.38e-04	4.64e-06	1.58e-07	0.00e+00	0.00e+00	0.00e+00	0.00e+00	0.00e+00
 3.74072e+22	1.36e-27	5.59e-16	2.27e-12	2.11e-09	4.47e-07	5.74e-05	5.26e-03	8.12e-02	2.43e-01	2.96e-01	1.88e-01	8.50e-02	3.93e-02	1.57e-02	6.97e-03	5.60e-03	2.29e-02	9.10e-03	1.81e-03	1.04e-04	3.39e-06	0.00e+00	0.00e+00	0.00e+00	0.00e+00	0.00e+00	0.00e+00
 3.76220e+22	1.64e-27	6.56e-16	2.60e-12	2.38e-09	5.03e-07	6.44e-05	5.89e-03	8.91e-02	2.55e-01	3.01e-01	1.84e-01	7.95e-02	3.54e-02	1.37e-02	5.91e-03	4.70e-03	1.83e-02	6.88e-03	1.31e-03	7.12e-05	2.23e-06	0.00e+00	0.00e+00	0.00e+00	0.00e+00	0.00e+00	0.00e+00
 3.78410e+22	1.91e-27	7.46e-16	2.89e-12	2.63e-09	5.54e-07	7.05e-05	6.43e-03	9.56e-02	2.64e-01	3.03e-01	1.79e-01	7.51e-02	3.24e-02	1.22e-02	5.15e-03	4.06e-03	1.52e-02	5.49e-03	1.00e-03	5.25e-05	1.59e-06	0.00e+00	0.00e+00	0.00e+00	0.00e+00	0.00e+00	0.00e+00
 3.80653e+22	2.28e-27	8.72e-16	3.29e-12	2.96e-09	6.27e-07	7.93e-05	7.21e-03	1.05e-01	2.76e-01	3.06e-01	1.73e-01	6.93e-02	2.87e-02	1.05e-02	4.29e-03	3.35e-03	1.18e-02	4.05e-03	7.03e-04	3.49e-05	1.01e-06	0.00e+00	0.00e+00	0.00e+00	0.00e+00	0.00e+00	0.00e+00
 3.82918e+22	2.62e-27	9.85e-16	3.65e-12	3.27e-09	6.93e-07	8.71e-05	7.87e-03	1.12e-01	2.85e-01	3.07e-01	1.68e-01	6.48e-02	2.61e-02	9.23e-03	3.70e-03	2.87e-03	9.71e-03	3.18e-03	5.31e-04	2.53e-05	7.11e-07	0.00e+00	0.00e+00	0.00e+00	0.00e+00	0.00e+00	0.00e+00
 3.84835e+22	2.95e-27	1.10e-15	4.00e-12	3.57e-09	7.59e-07	9.50e-05	8.54e-03	1.20e-01	2.93e-01	3.07e-01	1.63e-01	6.08e-02	2.37e-02	8.18e-03	3.21e-03	2.48e-03	8.06e-03	2.54e-03	4.08e-04	1.87e-05	5.10e-07	0.00e+00	0.00e+00	0.00e+00	0.00e+00	0.00e+00	0.00e+00
 3.86914e+22	3.41e-27	1.26e-15	4.48e-12	3.99e-09	8.54e-07	1.06e-04	9.45e-03	1.29e-01	3.02e-01	3.06e-01	1.56e-01	5.58e-02	2.10e-02	7.00e-03	2.68e-03	2.06e-03	6.35e-03	1.90e-03	2.91e-04	1.27e-05	3.33e-07	0.00e+00	0.00e+00	0.00e+00	0.00e+00	0.00e+00	0.00e+00
 3.88999e+22	3.82e-27	1.40e-15	4.91e-12	4.36e-09	9.41e-07	1.16e-04	1.02e-02	1.37e-01	3.09e-01	3.05e-01	1.50e-01	5.20e-02	1.90e-02	6.17e-03	2.31e-03	1.77e-03	5.23e-03	1.50e-03	2.22e-04	9.30e-06	2.37e-07	0.00e+00	0.00e+00	0.00e+00	0.00e+00	0.00e+00	0.00e+00
 3.91040e+22	4.33e-27	1.58e-15	5.47e-12	4.87e-09	1.06e-06	1.29e-04	1.13e-02	1.47e-01	3.17e-01	3.02e-01	1.43e-01	4.75e-02	1.67e-02	5.27e-03	1.93e-03	1.47e-03	4.13e-03	1.13e-03	1.59e-04	6.35e-06	1.56e-07	0.00e+00	0.00e+00	0.00e+00	0.00e+00	0.00e+00	0.00e+00
