#depth	O	O+	O+2	O+3	O+4	O+5	O+6	O+7	O+8	O[1]	O[2]	O[3]
 4.62852e+21	4.52e-12	1.04e-07	1.16e-04	9.12e-03	7.30e-02	1.55e-01	6.11e-01	1.44e-01	8.18e-03	4.52e-12	9.52e-21	1.18e-20
 1.02837e+22	1.16e-11	2.83e-07	2.98e-04	1.96e-02	1.16e-01	2.10e-01	5.61e-01	8.92e-02	3.43e-03	1.16e-11	2.49e-20	3.09e-20
 1.18237e+22	1.99e-11	4.88e-07	4.80e-04	2.81e-02	1.43e-01	2.36e-01	5.22e-01	6.86e-02	2.18e-03	1.99e-11	4.37e-20	5.41e-20
 1.25937e+22	2.66e-11	6.47e-07	6.09e-04	3.35e-02	1.57e-01	2.48e-01	5.00e-01	5.98e-02	1.73e-03	2.66e-11	5.88e-20	7.28e-20
 1.29750e+22	3.08e-11	7.44e-07	6.85e-04	3.64e-02	1.64e-01	2.53e-01	4.88e-01	5.58e-02	1.55e-03	3.08e-11	6.83e-20	8.45e-20
 1.32617e+22	3.72e-11	8.91e-07	7.95e-04	4.05e-02	1.74e-01	2.59e-01	4.73e-01	5.10e-02	1.33e-03	3.72e-11	8.31e-20	1.03e-19
 1.35531e+22	4.35e-11	1.03e-06	8.97e-04	4.40e-02	1.81e-01	2.64e-01	4.61e-01	4.74e-02	1.18e-03	4.35e-11	9.76e-20	1.21e-19
 1.38509e+22	5.31e-11	1.24e-06	1.04e-03	4.88e-02	1.91e-01	2.70e-01	4.45e-01	4.31e-02	1.02e-03	5.31e-11	1.20e-19	1.48e-19
 1.41636e+22	6.38e-11	1.47e-06	1.19e-03	5.36e-02	2.01e-01	2.75e-01	4.30e-01	3.95e-02	8.81e-04	6.38e-11	1.45e-19	1.79e-19
 1.44200e+22	7.35e-11	1.68e-06	1.33e-03	5.75e-02	2.08e-01	2.78e-01	4.18e-01	3.69e-02	7.90e-04	7.35e-11	1.68e-19	2.07e-19
 1.46777e+22	8.82e-11	1.98e-06	1.51e-03	6.27e-02	2.17e-01	2.82e-01	4.03e-01	3.38e-02	6.89e-04	8.82e-11	2.03e-19	2.50e-19
 1.49481e+22	1.04e-10	2.28e-06	1.69e-03	6.77e-02	2.25e-01	2.84e-01	3.90e-01	3.12e-02	6.09e-04	1.04e-10	2.40e-19	2.96e-19
 1.51973e+22	1.22e-10	2.63e-06	1.89e-03	7.28e-02	2.32e-01	2.87e-01	3.77e-01	2.89e-02	5.39e-04	1.22e-10	2.84e-19	3.49e-19
 1.54833e+22	1.50e-10	3.16e-06	2.17e-03	7.97e-02	2.42e-01	2.89e-01	3.60e-01	2.61e-02	4.62e-04	1.50e-10	3.52e-19	4.33e-19
 1.57783e+22	1.79e-10	3.70e-06	2.46e-03	8.62e-02	2.51e-01	2.91e-01	3.45e-01	2.38e-02	4.01e-04	1.79e-10	4.24e-19	5.21e-19
 1.60395e+22	2.13e-10	4.29e-06	2.75e-03	9.26e-02	2.59e-01	2.91e-01	3.32e-01	2.19e-02	3.52e-04	2.13e-10	5.07e-19	6.23e-19
 1.63331e+22	2.64e-10	5.16e-06	3.16e-03	1.01e-01	2.69e-01	2.92e-01	3.15e-01	1.96e-02	2.98e-04	2.64e-10	6.36e-19	7.81e-19
 1.66401e+22	3.21e-10	6.09e-06	3.58e-03	1.09e-01	2.77e-01	2.92e-01	3.00e-01	1.77e-02	2.56e-04	3.21e-10	7.79e-19	9.56e-19
 1.69172e+22	3.86e-10	7.10e-06	4.01e-03	1.17e-01	2.85e-01	2.91e-01	2.86e-01	1.61e-02	2.22e-04	3.86e-10	9.45e-19	1.16e-18
 1.72304e+22	4.90e-10	8.63e-06	4.63e-03	1.28e-01	2.95e-01	2.89e-01	2.69e-01	1.42e-02	1.85e-04	4.90e-10	1.21e-18	1.48e-18
 1.75535e+22	6.02e-10	1.02e-05	5.26e-03	1.38e-01	3.03e-01	2.87e-01	2.53e-01	1.27e-02	1.56e-04	6.02e-10	1.50e-18	1.84e-18
 1.78412e+22	7.32e-10	1.20e-05	5.90e-03	1.48e-01	3.11e-01	2.84e-01	2.40e-01	1.15e-02	1.34e-04	7.32e-10	1.85e-18	2.26e-18
 1.81670e+22	9.39e-10	1.46e-05	6.81e-03	1.61e-01	3.19e-01	2.80e-01	2.23e-01	1.00e-02	1.10e-04	9.39e-10	2.40e-18	2.93e-18
 1.85054e+22	1.17e-09	1.75e-05	7.73e-03	1.73e-01	3.26e-01	2.76e-01	2.08e-01	8.82e-03	9.18e-05	1.17e-09	3.03e-18	3.70e-18
 1.88100e+22	1.44e-09	2.06e-05	8.69e-03	1.85e-01	3.33e-01	2.71e-01	1.95e-01	7.83e-03	7.73e-05	1.44e-09	3.78e-18	4.61e-18
 1.91557e+22	1.89e-09	2.54e-05	1.01e-02	2.01e-01	3.40e-01	2.64e-01	1.78e-01	6.70e-03	6.18e-05	1.89e-09	5.03e-18	6.12e-18
 1.95108e+22	2.37e-09	3.03e-05	1.14e-02	2.15e-01	3.45e-01	2.58e-01	1.65e-01	5.85e-03	5.10e-05	2.37e-09	6.39e-18	7.78e-18
 1.98299e+22	2.96e-09	3.59e-05	1.28e-02	2.29e-01	3.50e-01	2.51e-01	1.53e-01	5.12e-03	4.22e-05	2.96e-09	8.10e-18	9.85e-18
 2.01966e+22	3.95e-09	4.46e-05	1.49e-02	2.47e-01	3.54e-01	2.42e-01	1.38e-01	4.28e-03	3.28e-05	3.95e-09	1.10e-17	1.34e-17
 2.05661e+22	4.97e-09	5.31e-05	1.68e-02	2.63e-01	3.57e-01	2.34e-01	1.26e-01	3.70e-03	2.67e-05	4.97e-09	1.41e-17	1.71e-17
 2.09392e+22	6.60e-09	6.55e-05	1.93e-02	2.82e-01	3.59e-01	2.23e-01	1.13e-01	3.09e-03	2.08e-05	6.60e-09	1.92e-17	2.32e-17
 2.13210e+22	8.44e-09	7.85e-05	2.18e-02	2.99e-01	3.60e-01	2.14e-01	1.03e-01	2.62e-03	1.66e-05	8.44e-09	2.50e-17	3.03e-17
 2.16574e+22	1.06e-08	9.29e-05	2.43e-02	3.15e-01	3.60e-01	2.05e-01	9.32e-02	2.24e-03	1.34e-05	1.06e-08	3.21e-17	3.88e-17
 2.20381e+22	1.43e-08	1.15e-04	2.80e-02	3.36e-01	3.59e-01	1.93e-01	8.21e-02	1.83e-03	1.01e-05	1.43e-08	4.43e-17	5.36e-17
 2.24276e+22	1.82e-08	1.37e-04	3.14e-02	3.54e-01	3.56e-01	1.83e-01	7.37e-02	1.54e-03	7.99e-06	1.82e-08	5.79e-17	7.00e-17
 2.28286e+22	2.46e-08	1.70e-04	3.60e-02	3.75e-01	3.53e-01	1.71e-01	6.42e-02	1.24e-03	5.94e-06	2.46e-08	8.10e-17	9.79e-17
 2.32361e+22	3.16e-08	2.03e-04	4.03e-02	3.93e-01	3.48e-01	1.60e-01	5.70e-02	1.03e-03	4.61e-06	3.16e-08	1.07e-16	1.29e-16
 2.36521e+22	4.34e-08	2.53e-04	4.63e-02	4.15e-01	3.41e-01	1.48e-01	4.88e-02	8.07e-04	3.33e-06	4.34e-08	1.53e-16	1.84e-16
 2.40704e+22	5.55e-08	3.01e-04	5.14e-02	4.32e-01	3.35e-01	1.38e-01	4.31e-02	6.66e-04	2.57e-06	5.55e-08	2.01e-16	2.43e-16
 2.44311e+22	7.04e-08	3.55e-04	5.69e-02	4.48e-01	3.28e-01	1.29e-01	3.81e-02	5.51e-04	1.99e-06	7.04e-08	2.64e-16	3.18e-16
 2.47762e+22	8.74e-08	4.12e-04	6.22e-02	4.62e-01	3.21e-01	1.20e-01	3.39e-02	4.62e-04	1.58e-06	8.74e-08	3.37e-16	4.07e-16
 2.51045e+22	1.08e-07	4.76e-04	6.79e-02	4.75e-01	3.14e-01	1.13e-01	3.02e-02	3.87e-04	1.24e-06	1.08e-07	4.29e-16	5.18e-16
 2.54743e+22	1.41e-07	5.71e-04	7.56e-02	4.91e-01	3.04e-01	1.03e-01	2.60e-02	3.08e-04	9.21e-07	1.41e-07	5.82e-16	7.02e-16
 2.58433e+22	1.74e-07	6.59e-04	8.22e-02	5.03e-01	2.95e-01	9.57e-02	2.30e-02	2.57e-04	7.23e-07	1.74e-07	7.39e-16	8.91e-16
 2.62111e+22	2.26e-07	7.86e-04	9.10e-02	5.17e-01	2.84e-01	8.70e-02	1.97e-02	2.04e-04	5.32e-07	2.26e-07	9.95e-16	1.20e-15
 2.65860e+22	2.80e-07	9.09e-04	9.88e-02	5.28e-01	2.75e-01	8.03e-02	1.73e-02	1.68e-04	4.12e-07	2.80e-07	1.27e-15	1.53e-15
 2.69701e+22	3.67e-07	1.09e-03	1.09e-01	5.40e-01	2.63e-01	7.23e-02	1.46e-02	1.31e-04	2.97e-07	3.67e-07	1.72e-15	2.07e-15
 2.73580e+22	4.55e-07	1.26e-03	1.18e-01	5.48e-01	2.53e-01	6.62e-02	1.27e-02	1.07e-04	2.27e-07	4.55e-07	2.19e-15	2.64e-15
 2.76993e+22	5.61e-07	1.44e-03	1.28e-01	5.56e-01	2.43e-01	6.07e-02	1.11e-02	8.72e-05	1.74e-07	5.61e-07	2.78e-15	3.34e-15
 2.80915e+22	7.32e-07	1.72e-03	1.41e-01	5.64e-01	2.30e-01	5.40e-02	9.29e-03	6.71e-05	1.24e-07	7.32e-07	3.76e-15	4.52e-15
 2.84712e+22	8.89e-07	1.95e-03	1.50e-01	5.69e-01	2.21e-01	4.95e-02	8.13e-03	5.52e-05	0.00e+00	8.89e-07	4.68e-15	5.62e-15
 2.87735e+22	1.06e-06	2.19e-03	1.60e-01	5.73e-01	2.12e-01	4.56e-02	7.19e-03	4.61e-05	0.00e+00	1.06e-06	5.72e-15	6.85e-15
 2.91055e+22	1.31e-06	2.53e-03	1.72e-01	5.76e-01	2.01e-01	4.12e-02	6.17e-03	3.69e-05	0.00e+00	1.31e-06	7.31e-15	8.75e-15
 2.94433e+22	1.57e-06	2.84e-03	1.83e-01	5.78e-01	1.93e-01	3.77e-02	5.41e-03	3.05e-05	0.00e+00	1.57e-06	8.97e-15	1.07e-14
 2.97413e+22	1.87e-06	3.18e-03	1.94e-01	5.79e-01	1.84e-01	3.46e-02	4.77e-03	2.54e-05	0.00e+00	1.87e-06	1.09e-14	1.30e-14
 3.00815e+22	2.32e-06	3.66e-03	2.08e-01	5.80e-01	1.74e-01	3.09e-02	4.05e-03	2.00e-05	0.00e+00	2.32e-06	1.40e-14	1.67e-14
 3.04257e+22	2.77e-06	4.11e-03	2.20e-01	5.79e-01	1.65e-01	2.82e-02	3.53e-03	1.64e-05	0.00e+00	2.77e-06	1.71e-14	2.04e-14
 3.07276e+22	3.29e-06	4.59e-03	2.32e-01	5.77e-01	1.57e-01	2.57e-02	3.09e-03	1.35e-05	0.00e+00	3.29e-06	2.09e-14	2.48e-14
 3.10722e+22	4.09e-06	5.28e-03	2.48e-01	5.74e-01	1.47e-01	2.27e-02	2.59e-03	1.05e-05	0.00e+00	4.09e-06	2.68e-14	3.19e-14
 3.14198e+22	4.84e-06	5.89e-03	2.61e-01	5.70e-01	1.40e-01	2.06e-02	2.26e-03	8.63e-06	0.00e+00	4.84e-06	3.26e-14	3.87e-14
 3.17712e+22	5.99e-06	6.75e-03	2.79e-01	5.64e-01	1.30e-01	1.82e-02	1.89e-03	6.69e-06	0.00e+00	5.99e-06	4.18e-14	4.96e-14
 3.21281e+22	7.15e-06	7.56e-03	2.94e-01	5.58e-01	1.23e-01	1.63e-02	1.63e-03	5.38e-06	0.00e+00	7.15e-06	5.14e-14	6.09e-14
 3.24425e+22	8.45e-06	8.42e-03	3.08e-01	5.52e-01	1.16e-01	1.47e-02	1.41e-03	4.37e-06	0.00e+00	8.45e-06	6.25e-14	7.40e-14
 3.28017e+22	1.04e-05	9.63e-03	3.27e-01	5.42e-01	1.07e-01	1.29e-02	1.17e-03	3.35e-06	0.00e+00	1.04e-05	8.01e-14	9.48e-14
 3.31686e+22	1.24e-05	1.08e-02	3.43e-01	5.34e-01	9.99e-02	1.15e-02	9.94e-04	2.66e-06	0.00e+00	1.24e-05	9.84e-14	1.16e-13
 3.35456e+22	1.54e-05	1.23e-02	3.64e-01	5.22e-01	9.19e-02	9.92e-03	8.17e-04	2.01e-06	0.00e+00	1.54e-05	1.27e-13	1.50e-13
 3.39300e+22	1.85e-05	1.38e-02	3.82e-01	5.10e-01	8.50e-02	8.72e-03	6.85e-04	1.57e-06	0.00e+00	1.85e-05	1.58e-13	1.86e-13
 3.42656e+22	2.19e-05	1.54e-02	3.99e-01	4.99e-01	7.91e-02	7.73e-03	5.82e-04	1.24e-06	0.00e+00	2.19e-05	1.92e-13	2.27e-13
 3.46431e+22	2.70e-05	1.75e-02	4.20e-01	4.83e-01	7.20e-02	6.62e-03	4.73e-04	9.25e-07	0.00e+00	2.70e-05	2.48e-13	2.92e-13
 3.50346e+22	3.22e-05	1.96e-02	4.38e-01	4.69e-01	6.62e-02	5.78e-03	3.94e-04	7.14e-07	0.00e+00	3.22e-05	3.07e-13	3.61e-13
 3.54442e+22	4.04e-05	2.26e-02	4.62e-01	4.51e-01	5.93e-02	4.84e-03	3.11e-04	5.11e-07	0.00e+00	4.04e-05	4.04e-13	4.75e-13
 3.58549e+22	4.78e-05	2.51e-02	4.81e-01	4.35e-01	5.43e-02	4.21e-03	2.58e-04	3.93e-07	0.00e+00	4.78e-05	4.97e-13	5.83e-13
 3.62670e+22	5.95e-05	2.87e-02	5.04e-01	4.15e-01	4.85e-02	3.51e-03	2.03e-04	2.81e-07	0.00e+00	5.95e-05	6.51e-13	7.61e-13
 3.66299e+22	6.80e-05	3.12e-02	5.18e-01	4.03e-01	4.50e-02	3.13e-03	1.75e-04	2.27e-07	0.00e+00	6.80e-05	7.66e-13	8.93e-13
 3.68030e+22	7.01e-05	3.18e-02	5.22e-01	3.99e-01	4.42e-02	3.04e-03	1.68e-04	2.15e-07	0.00e+00	7.01e-05	7.98e-13	9.29e-13
 3.68842e+22	7.27e-05	3.25e-02	5.25e-01	3.96e-01	4.33e-02	2.94e-03	1.61e-04	2.03e-07	0.00e+00	7.27e-05	8.35e-13	9.72e-13
 3.69718e+22	7.62e-05	3.34e-02	5.30e-01	3.91e-01	4.21e-02	2.82e-03	1.53e-04	1.88e-07	0.00e+00	7.62e-05	8.85e-13	1.03e-12
 3.70855e+22	8.07e-05	3.47e-02	5.36e-01	3.85e-01	4.08e-02	2.68e-03	1.43e-04	1.71e-07	0.00e+00	8.07e-05	9.51e-13	1.10e-12
 3.72335e+22	8.68e-05	3.63e-02	5.44e-01	3.78e-01	3.92e-02	2.51e-03	1.32e-04	1.52e-07	0.00e+00	8.68e-05	1.04e-12	1.21e-12
 3.74257e+22	9.64e-05	3.87e-02	5.54e-01	3.68e-01	3.68e-02	2.29e-03	1.16e-04	1.28e-07	0.00e+00	9.64e-05	1.19e-12	1.37e-12
 3.76757e+22	1.09e-04	4.18e-02	5.67e-01	3.55e-01	3.42e-02	2.04e-03	1.00e-04	0.00e+00	0.00e+00	1.09e-04	1.40e-12	1.61e-12
 3.80007e+22	1.30e-04	4.65e-02	5.84e-01	3.37e-01	3.07e-02	1.73e-03	8.13e-05	0.00e+00	0.00e+00	1.30e-04	1.74e-12	1.99e-12
 3.83207e+22	1.47e-04	5.00e-02	5.96e-01	3.24e-01	2.84e-02	1.54e-03	6.97e-05	0.00e+00	0.00e+00	1.47e-04	2.03e-12	2.31e-12
 3.86344e+22	1.71e-04	5.49e-02	6.10e-01	3.08e-01	2.57e-02	1.32e-03	5.75e-05	0.00e+00	0.00e+00	1.71e-04	2.47e-12	2.80e-12
 3.89613e+22	1.95e-04	5.96e-02	6.22e-01	2.94e-01	2.34e-02	1.15e-03	4.82e-05	0.00e+00	0.00e+00	1.95e-04	2.95e-12	3.32e-12
 3.92587e+22	2.22e-04	6.43e-02	6.33e-01	2.80e-01	2.14e-02	1.01e-03	4.07e-05	0.00e+00	0.00e+00	2.22e-04	3.48e-12	3.89e-12
 3.95985e+22	2.60e-04	7.08e-02	6.46e-01	2.63e-01	1.91e-02	8.49e-04	3.28e-05	0.00e+00	0.00e+00	2.60e-04	4.31e-12	4.77e-12
 3.99476e+22	2.98e-04	7.67e-02	6.56e-01	2.49e-01	1.73e-02	7.31e-04	2.72e-05	0.00e+00	0.00e+00	2.98e-04	5.15e-12	5.66e-12
 4.03091e+22	3.55e-04	8.51e-02	6.68e-01	2.31e-01	1.51e-02	6.01e-04	2.12e-05	0.00e+00	0.00e+00	3.55e-04	6.52e-12	7.06e-12
 4.06694e+22	4.02e-04	9.17e-02	6.76e-01	2.17e-01	1.36e-02	5.17e-04	1.76e-05	0.00e+00	0.00e+00	4.02e-04	7.75e-12	8.31e-12
 4.10284e+22	4.72e-04	1.01e-01	6.85e-01	2.01e-01	1.20e-02	4.28e-04	1.39e-05	0.00e+00	0.00e+00	4.72e-04	9.68e-12	1.02e-11
 4.14037e+22	5.42e-04	1.09e-01	6.92e-01	1.87e-01	1.06e-02	3.59e-04	1.12e-05	0.00e+00	0.00e+00	5.42e-04	1.18e-11	1.23e-11
 4.18001e+22	6.48e-04	1.21e-01	6.99e-01	1.70e-01	9.09e-03	2.87e-04	8.48e-06	0.00e+00	0.00e+00	6.48e-04	1.51e-11	1.55e-11
 4.21971e+22	7.38e-04	1.31e-01	7.03e-01	1.58e-01	8.04e-03	2.41e-04	6.83e-06	0.00e+00	0.00e+00	7.38e-04	1.83e-11	1.83e-11
 4.25948e+22	8.75e-04	1.44e-01	7.05e-01	1.42e-01	6.87e-03	1.91e-04	5.17e-06	0.00e+00	0.00e+00	8.75e-04	2.34e-11	2.30e-11
 4.30009e+22	9.99e-04	1.55e-01	7.07e-01	1.31e-01	6.01e-03	1.58e-04	4.10e-06	0.00e+00	0.00e+00	9.99e-04	2.85e-11	2.74e-11
 4.34177e+22	1.19e-03	1.72e-01	7.06e-01	1.16e-01	5.07e-03	1.24e-04	3.05e-06	0.00e+00	0.00e+00	1.19e-03	3.68e-11	3.45e-11
 4.38409e+22	1.36e-03	1.85e-01	7.04e-01	1.06e-01	4.39e-03	1.01e-04	2.38e-06	0.00e+00	0.00e+00	1.36e-03	4.48e-11	4.11e-11
 4.42723e+22	1.61e-03	2.03e-01	6.98e-01	9.31e-02	3.66e-03	7.73e-05	1.74e-06	0.00e+00	0.00e+00	1.61e-03	5.81e-11	5.17e-11
 4.47111e+22	1.84e-03	2.18e-01	6.93e-01	8.37e-02	3.14e-03	6.23e-05	1.34e-06	0.00e+00	0.00e+00	1.84e-03	7.09e-11	6.18e-11
 4.51597e+22	2.20e-03	2.41e-01	6.82e-01	7.24e-02	2.57e-03	4.66e-05	9.56e-07	0.00e+00	0.00e+00	2.20e-03	9.28e-11	7.84e-11
 4.55446e+22	2.38e-03	2.51e-01	6.78e-01	6.72e-02	2.32e-03	4.02e-05	8.02e-07	0.00e+00	0.00e+00	2.38e-03	1.05e-10	8.75e-11
 4.58469e+22	2.66e-03	2.67e-01	6.68e-01	6.07e-02	2.02e-03	3.31e-05	6.40e-07	0.00e+00	0.00e+00	2.66e-03	1.25e-10	1.02e-10
 4.62398e+22	3.07e-03	2.88e-01	6.54e-01	5.31e-02	1.70e-03	2.56e-05	4.78e-07	0.00e+00	0.00e+00	3.07e-03	1.56e-10	1.24e-10
 4.67506e+22	3.74e-03	3.19e-01	6.32e-01	4.38e-02	1.33e-03	1.79e-05	3.18e-07	0.00e+00	0.00e+00	3.74e-03	2.10e-10	1.62e-10
 4.72565e+22	4.24e-03	3.40e-01	6.17e-01	3.81e-02	1.12e-03	1.39e-05	2.38e-07	0.00e+00	0.00e+00	4.24e-03	2.56e-10	1.94e-10
 4.77559e+22	5.10e-03	3.73e-01	5.90e-01	3.11e-02	8.80e-04	9.67e-06	1.59e-07	0.00e+00	0.00e+00	5.10e-03	3.39e-10	2.49e-10
 4.82768e+22	5.85e-03	3.99e-01	5.68e-01	2.63e-02	7.23e-04	7.19e-06	0.00e+00	0.00e+00	0.00e+00	5.85e-03	4.20e-10	3.03e-10
 4.88256e+22	7.13e-03	4.38e-01	5.33e-01	2.06e-02	5.50e-04	4.73e-06	0.00e+00	0.00e+00	0.00e+00	7.13e-03	5.65e-10	3.98e-10
 4.93928e+22	8.27e-03	4.70e-01	5.05e-01	1.68e-02	4.40e-04	3.35e-06	0.00e+00	0.00e+00	0.00e+00	8.27e-03	7.10e-10	4.91e-10
 4.99839e+22	1.01e-02	5.15e-01	4.62e-01	1.25e-02	3.25e-04	2.07e-06	0.00e+00	0.00e+00	0.00e+00	1.01e-02	9.66e-10	6.54e-10
 5.05967e+22	1.19e-02	5.52e-01	4.26e-01	9.70e-03	2.52e-04	1.38e-06	0.00e+00	0.00e+00	0.00e+00	1.19e-02	1.23e-09	8.22e-10
 5.10723e+22	1.33e-02	5.78e-01	4.00e-01	8.02e-03	2.10e-04	1.02e-06	0.00e+00	0.00e+00	0.00e+00	1.33e-02	1.46e-09	9.63e-10
 5.15249e+22	1.56e-02	6.14e-01	3.64e-01	6.17e-03	1.65e-04	6.80e-07	0.00e+00	0.00e+00	0.00e+00	1.56e-02	1.83e-09	1.19e-09
 5.19922e+22	1.77e-02	6.44e-01	3.33e-01	4.87e-03	1.33e-04	4.74e-07	0.00e+00	0.00e+00	0.00e+00	1.77e-02	2.21e-09	1.43e-09
 5.24785e+22	2.10e-02	6.83e-01	2.93e-01	3.52e-03	1.01e-04	2.91e-07	0.00e+00	0.00e+00	0.00e+00	2.10e-02	2.83e-09	1.81e-09
 5.29750e+22	2.41e-02	7.13e-01	2.61e-01	2.65e-03	7.93e-05	1.92e-07	0.00e+00	0.00e+00	0.00e+00	2.41e-02	3.45e-09	2.19e-09
 5.34848e+22	2.91e-02	7.49e-01	2.20e-01	1.79e-03	5.76e-05	0.00e+00	0.00e+00	0.00e+00	0.00e+00	2.91e-02	4.48e-09	2.83e-09
 5.40143e+22	3.43e-02	7.78e-01	1.86e-01	1.24e-03	4.31e-05	0.00e+00	0.00e+00	0.00e+00	0.00e+00	3.43e-02	5.61e-09	3.51e-09
 5.44355e+22	3.92e-02	7.99e-01	1.61e-01	9.13e-04	3.39e-05	0.00e+00	0.00e+00	0.00e+00	0.00e+00	3.92e-02	6.70e-09	4.16e-09
 5.47945e+22	4.48e-02	8.16e-01	1.38e-01	6.68e-04	2.67e-05	0.00e+00	0.00e+00	0.00e+00	0.00e+00	4.48e-02	8.01e-09	4.94e-09
 5.52058e+22	5.33e-02	8.34e-01	1.12e-01	4.40e-04	1.93e-05	0.00e+00	0.00e+00	0.00e+00	0.00e+00	5.33e-02	1.01e-08	6.18e-09
 5.56366e+22	6.35e-02	8.47e-01	8.94e-02	2.89e-04	1.40e-05	0.00e+00	0.00e+00	0.00e+00	0.00e+00	6.35e-02	1.26e-08	7.69e-09
 5.60195e+22	7.56e-02	8.53e-01	7.08e-02	1.90e-04	1.01e-05	0.00e+00	0.00e+00	0.00e+00	0.00e+00	7.56e-02	1.57e-08	9.53e-09
 5.63796e+22	9.03e-02	8.54e-01	5.51e-02	1.24e-04	7.20e-06	0.00e+00	0.00e+00	0.00e+00	0.00e+00	9.03e-02	1.96e-08	1.19e-08
 5.67183e+22	1.08e-01	8.49e-01	4.21e-02	8.05e-05	5.05e-06	0.00e+00	0.00e+00	0.00e+00	0.00e+00	1.08e-01	2.44e-08	1.48e-08
 5.70308e+22	1.30e-01	8.38e-01	3.18e-02	5.27e-05	3.50e-06	0.00e+00	0.00e+00	0.00e+00	0.00e+00	1.30e-01	3.02e-08	1.83e-08
 5.73153e+22	1.56e-01	8.20e-01	2.38e-02	3.50e-05	2.40e-06	0.00e+00	0.00e+00	0.00e+00	0.00e+00	1.56e-01	3.71e-08	2.26e-08
 5.75732e+22	1.86e-01	7.96e-01	1.77e-02	2.38e-05	1.64e-06	0.00e+00	0.00e+00	0.00e+00	0.00e+00	1.86e-01	4.50e-08	2.73e-08
 5.78080e+22	2.21e-01	7.66e-01	1.31e-02	1.65e-05	1.11e-06	0.00e+00	0.00e+00	0.00e+00	0.00e+00	2.21e-01	5.36e-08	3.25e-08
 5.80227e+22	2.59e-01	7.31e-01	9.74e-03	1.17e-05	7.56e-07	0.00e+00	0.00e+00	0.00e+00	0.00e+00	2.59e-01	6.28e-08	3.80e-08
 5.81573e+22	2.86e-01	7.06e-01	8.12e-03	9.67e-06	6.01e-07	0.00e+00	0.00e+00	0.00e+00	0.00e+00	2.86e-01	6.82e-08	4.12e-08
 5.82066e+22	2.96e-01	6.97e-01	7.57e-03	8.98e-06	5.49e-07	0.00e+00	0.00e+00	0.00e+00	0.00e+00	2.96e-01	7.04e-08	4.25e-08
 5.82460e+22	3.05e-01	6.88e-01	7.10e-03	8.41e-06	5.05e-07	0.00e+00	0.00e+00	0.00e+00	0.00e+00	3.05e-01	7.24e-08	4.37e-08
 5.82971e+22	3.17e-01	6.76e-01	6.53e-03	7.71e-06	4.53e-07	0.00e+00	0.00e+00	0.00e+00	0.00e+00	3.17e-01	7.50e-08	4.52e-08
 5.83572e+22	3.32e-01	6.62e-01	5.91e-03	6.98e-06	3.98e-07	0.00e+00	0.00e+00	0.00e+00	0.00e+00	3.32e-01	7.81e-08	4.71e-08
 5.84171e+22	3.47e-01	6.48e-01	5.37e-03	6.35e-06	3.51e-07	0.00e+00	0.00e+00	0.00e+00	0.00e+00	3.47e-01	8.10e-08	4.88e-08
 5.84756e+22	3.63e-01	6.33e-01	4.87e-03	5.77e-06	3.09e-07	0.00e+00	0.00e+00	0.00e+00	0.00e+00	3.63e-01	8.39e-08	5.05e-08
 5.85348e+22	3.79e-01	6.17e-01	4.40e-03	5.23e-06	2.71e-07	0.00e+00	0.00e+00	0.00e+00	0.00e+00	3.79e-01	8.69e-08	5.23e-08
 5.85933e+22	3.95e-01	6.01e-01	3.98e-03	4.76e-06	2.38e-07	0.00e+00	0.00e+00	0.00e+00	0.00e+00	3.95e-01	8.97e-08	5.39e-08
 5.86524e+22	4.12e-01	5.85e-01	3.59e-03	4.32e-06	2.08e-07	0.00e+00	0.00e+00	0.00e+00	0.00e+00	4.12e-01	9.25e-08	5.56e-08
 5.87134e+22	4.30e-01	5.67e-01	3.22e-03	3.92e-06	1.80e-07	0.00e+00	0.00e+00	0.00e+00	0.00e+00	4.30e-01	9.53e-08	5.72e-08
 5.87758e+22	4.48e-01	5.49e-01	2.87e-03	3.54e-06	1.56e-07	0.00e+00	0.00e+00	0.00e+00	0.00e+00	4.48e-01	9.80e-08	5.88e-08
 5.88393e+22	4.67e-01	5.30e-01	2.56e-03	3.20e-06	1.35e-07	0.00e+00	0.00e+00	0.00e+00	0.00e+00	4.67e-01	1.01e-07	6.03e-08
 5.89041e+22	4.87e-01	5.11e-01	2.27e-03	2.88e-06	0.00e+00	0.00e+00	0.00e+00	0.00e+00	0.00e+00	4.87e-01	1.03e-07	6.17e-08
 5.89703e+22	5.07e-01	4.91e-01	2.01e-03	2.59e-06	0.00e+00	0.00e+00	0.00e+00	0.00e+00	0.00e+00	5.07e-01	1.05e-07	6.31e-08
 5.90385e+22	5.28e-01	4.70e-01	1.77e-03	2.33e-06	0.00e+00	0.00e+00	0.00e+00	0.00e+00	0.00e+00	5.28e-01	1.07e-07	6.43e-08
 5.91095e+22	5.50e-01	4.49e-01	1.54e-03	2.08e-06	0.00e+00	0.00e+00	0.00e+00	0.00e+00	0.00e+00	5.50e-01	1.09e-07	6.53e-08
 5.91834e+22	5.72e-01	4.27e-01	1.34e-03	1.86e-06	0.00e+00	0.00e+00	0.00e+00	0.00e+00	0.00e+00	5.72e-01	1.11e-07	6.62e-08
 5.92573e+22	5.94e-01	4.05e-01	1.17e-03	1.66e-06	0.00e+00	0.00e+00	0.00e+00	0.00e+00	0.00e+00	5.94e-01	1.12e-07	6.69e-08
 5.93148e+22	6.09e-01	3.90e-01	1.05e-03	1.53e-06	0.00e+00	0.00e+00	0.00e+00	0.00e+00	0.00e+00	6.09e-01	1.13e-07	6.72e-08
 5.93533e+22	6.20e-01	3.79e-01	9.83e-04	1.45e-06	0.00e+00	0.00e+00	0.00e+00	0.00e+00	0.00e+00	6.20e-01	1.13e-07	6.73e-08
 5.93901e+22	6.29e-01	3.70e-01	9.17e-04	1.38e-06	0.00e+00	0.00e+00	0.00e+00	0.00e+00	0.00e+00	6.29e-01	1.13e-07	6.75e-08
 5.94341e+22	6.41e-01	3.58e-01	8.44e-04	1.29e-06	0.00e+00	0.00e+00	0.00e+00	0.00e+00	0.00e+00	6.41e-01	1.14e-07	6.77e-08
 5.94826e+22	6.54e-01	3.45e-01	7.70e-04	1.20e-06	0.00e+00	0.00e+00	0.00e+00	0.00e+00	0.00e+00	6.54e-01	1.14e-07	6.77e-08
 5.95292e+22	6.65e-01	3.34e-01	7.09e-04	1.13e-06	0.00e+00	0.00e+00	0.00e+00	0.00e+00	0.00e+00	6.65e-01	1.14e-07	6.77e-08
 5.95749e+22	6.76e-01	3.23e-01	6.52e-04	1.06e-06	0.00e+00	0.00e+00	0.00e+00	0.00e+00	0.00e+00	6.76e-01	1.14e-07	6.77e-08
 5.96220e+22	6.88e-01	3.12e-01	5.99e-04	9.99e-07	0.00e+00	0.00e+00	0.00e+00	0.00e+00	0.00e+00	6.88e-01	1.14e-07	6.76e-08
 5.96694e+22	6.98e-01	3.01e-01	5.50e-04	9.39e-07	0.00e+00	0.00e+00	0.00e+00	0.00e+00	0.00e+00	6.98e-01	1.13e-07	6.74e-08
 5.97175e+22	7.09e-01	2.90e-01	5.04e-04	8.81e-07	0.00e+00	0.00e+00	0.00e+00	0.00e+00	0.00e+00	7.09e-01	1.13e-07	6.72e-08
 5.97658e+22	7.19e-01	2.81e-01	4.63e-04	8.30e-07	0.00e+00	0.00e+00	0.00e+00	0.00e+00	0.00e+00	7.19e-01	1.13e-07	6.70e-08
 5.98155e+22	7.29e-01	2.70e-01	4.24e-04	7.80e-07	0.00e+00	0.00e+00	0.00e+00	0.00e+00	0.00e+00	7.29e-01	1.12e-07	6.67e-08
 5.98674e+22	7.39e-01	2.60e-01	3.88e-04	7.31e-07	0.00e+00	0.00e+00	0.00e+00	0.00e+00	0.00e+00	7.39e-01	1.12e-07	6.64e-08
 5.99192e+22	7.49e-01	2.51e-01	3.55e-04	6.88e-07	0.00e+00	0.00e+00	0.00e+00	0.00e+00	0.00e+00	7.49e-01	1.11e-07	6.60e-08
 5.99717e+22	7.58e-01	2.42e-01	3.25e-04	6.47e-07	0.00e+00	0.00e+00	0.00e+00	0.00e+00	0.00e+00	7.58e-01	1.11e-07	6.57e-08
 6.00261e+22	7.67e-01	2.33e-01	2.97e-04	6.09e-07	0.00e+00	0.00e+00	0.00e+00	0.00e+00	0.00e+00	7.67e-01	1.10e-07	6.53e-08
 6.00824e+22	7.76e-01	2.24e-01	2.71e-04	5.71e-07	0.00e+00	0.00e+00	0.00e+00	0.00e+00	0.00e+00	7.76e-01	1.10e-07	6.48e-08
 6.01395e+22	7.85e-01	2.15e-01	2.47e-04	5.37e-07	0.00e+00	0.00e+00	0.00e+00	0.00e+00	0.00e+00	7.85e-01	1.09e-07	6.44e-08
 6.01978e+22	7.93e-01	2.07e-01	2.25e-04	5.05e-07	0.00e+00	0.00e+00	0.00e+00	0.00e+00	0.00e+00	7.93e-01	1.08e-07	6.40e-08
 6.02581e+22	8.01e-01	1.99e-01	2.05e-04	4.75e-07	0.00e+00	0.00e+00	0.00e+00	0.00e+00	0.00e+00	8.01e-01	1.07e-07	6.35e-08
 6.03201e+22	8.09e-01	1.91e-01	1.87e-04	4.46e-07	0.00e+00	0.00e+00	0.00e+00	0.00e+00	0.00e+00	8.09e-01	1.07e-07	6.30e-08
 6.03836e+22	8.17e-01	1.83e-01	1.70e-04	4.20e-07	0.00e+00	0.00e+00	0.00e+00	0.00e+00	0.00e+00	8.17e-01	1.06e-07	6.25e-08
 6.04491e+22	8.24e-01	1.76e-01	1.54e-04	3.94e-07	0.00e+00	0.00e+00	0.00e+00	0.00e+00	0.00e+00	8.24e-01	1.05e-07	6.18e-08
 6.05161e+22	8.31e-01	1.69e-01	1.40e-04	3.71e-07	0.00e+00	0.00e+00	0.00e+00	0.00e+00	0.00e+00	8.31e-01	1.04e-07	6.11e-08
 6.05849e+22	8.38e-01	1.62e-01	1.27e-04	3.48e-07	0.00e+00	0.00e+00	0.00e+00	0.00e+00	0.00e+00	8.38e-01	1.03e-07	6.04e-08
 6.06563e+22	8.45e-01	1.55e-01	1.15e-04	3.27e-07	0.00e+00	0.00e+00	0.00e+00	0.00e+00	0.00e+00	8.45e-01	1.03e-07	5.97e-08
 6.07294e+22	8.51e-01	1.49e-01	1.05e-04	3.07e-07	0.00e+00	0.00e+00	0.00e+00	0.00e+00	0.00e+00	8.51e-01	1.02e-07	5.91e-08
 6.08042e+22	8.57e-01	1.42e-01	9.51e-05	2.89e-07	0.00e+00	0.00e+00	0.00e+00	0.00e+00	0.00e+00	8.57e-01	1.01e-07	5.84e-08
 6.08818e+22	8.63e-01	1.37e-01	8.64e-05	2.71e-07	0.00e+00	0.00e+00	0.00e+00	0.00e+00	0.00e+00	8.63e-01	1.00e-07	5.77e-08
 6.09608e+22	8.69e-01	1.31e-01	7.86e-05	2.55e-07	0.00e+00	0.00e+00	0.00e+00	0.00e+00	0.00e+00	8.69e-01	9.94e-08	5.71e-08
 6.10403e+22	8.75e-01	1.25e-01	7.16e-05	2.40e-07	0.00e+00	0.00e+00	0.00e+00	0.00e+00	0.00e+00	8.75e-01	9.86e-08	5.64e-08
 6.11221e+22	8.80e-01	1.20e-01	6.54e-05	2.26e-07	0.00e+00	0.00e+00	0.00e+00	0.00e+00	0.00e+00	8.80e-01	9.79e-08	5.58e-08
 6.12067e+22	8.85e-01	1.15e-01	5.97e-05	2.12e-07	0.00e+00	0.00e+00	0.00e+00	0.00e+00	0.00e+00	8.85e-01	9.72e-08	5.52e-08
 6.12905e+22	8.89e-01	1.11e-01	5.49e-05	2.00e-07	0.00e+00	0.00e+00	0.00e+00	0.00e+00	0.00e+00	8.89e-01	9.65e-08	5.46e-08
 6.13737e+22	8.94e-01	1.06e-01	5.06e-05	1.89e-07	0.00e+00	0.00e+00	0.00e+00	0.00e+00	0.00e+00	8.94e-01	9.59e-08	5.40e-08
 6.14608e+22	8.98e-01	1.02e-01	4.67e-05	1.79e-07	0.00e+00	0.00e+00	0.00e+00	0.00e+00	0.00e+00	8.98e-01	9.54e-08	5.35e-08
 6.15504e+22	9.02e-01	9.78e-02	4.31e-05	1.68e-07	0.00e+00	0.00e+00	0.00e+00	0.00e+00	0.00e+00	9.02e-01	9.48e-08	5.29e-08
 6.16397e+22	9.06e-01	9.41e-02	4.01e-05	1.59e-07	0.00e+00	0.00e+00	0.00e+00	0.00e+00	0.00e+00	9.06e-01	9.44e-08	5.25e-08
 6.17307e+22	9.10e-01	9.04e-02	3.73e-05	1.51e-07	0.00e+00	0.00e+00	0.00e+00	0.00e+00	0.00e+00	9.10e-01	9.40e-08	5.20e-08
 6.18247e+22	9.13e-01	8.69e-02	3.48e-05	1.42e-07	0.00e+00	0.00e+00	0.00e+00	0.00e+00	0.00e+00	9.13e-01	9.36e-08	5.16e-08
 6.19206e+22	9.16e-01	8.35e-02	3.26e-05	1.35e-07	0.00e+00	0.00e+00	0.00e+00	0.00e+00	0.00e+00	9.16e-01	9.33e-08	5.11e-08
 6.20174e+22	9.20e-01	8.02e-02	3.06e-05	1.27e-07	0.00e+00	0.00e+00	0.00e+00	0.00e+00	0.00e+00	9.20e-01	9.29e-08	5.07e-08
 6.21170e+22	9.23e-01	7.71e-02	2.88e-05	0.00e+00	0.00e+00	0.00e+00	0.00e+00	0.00e+00	0.00e+00	9.23e-01	9.27e-08	5.03e-08
 6.22191e+22	9.26e-01	7.41e-02	2.72e-05	0.00e+00	0.00e+00	0.00e+00	0.00e+00	0.00e+00	0.00e+00	9.26e-01	9.25e-08	4.99e-08
 6.23203e+22	9.29e-01	7.13e-02	2.58e-05	0.00e+00	0.00e+00	0.00e+00	0.00e+00	0.00e+00	0.00e+00	9.29e-01	9.23e-08	4.96e-08
 6.24169e+22	9.31e-01	6.88e-02	2.47e-05	0.00e+00	0.00e+00	0.00e+00	0.00e+00	0.00e+00	0.00e+00	9.31e-01	9.20e-08	4.92e-08
 6.25061e+22	9.33e-01	6.66e-02	2.38e-05	0.00e+00	0.00e+00	0.00e+00	0.00e+00	0.00e+00	0.00e+00	9.33e-01	9.17e-08	4.89e-08
 6.25889e+22	9.35e-01	6.47e-02	2.30e-05	0.00e+00	0.00e+00	0.00e+00	0.00e+00	0.00e+00	0.00e+00	9.35e-01	9.15e-08	4.86e-08
 6.26652e+22	9.37e-01	6.30e-02	2.24e-05	0.00e+00	0.00e+00	0.00e+00	0.00e+00	0.00e+00	0.00e+00	9.37e-01	9.13e-08	4.83e-08
 6.27388e+22	9.39e-01	6.14e-02	2.18e-05	0.00e+00	0.00e+00	0.00e+00	0.00e+00	0.00e+00	0.00e+00	9.39e-01	9.12e-08	4.81e-08
 6.28126e+22	9.40e-01	5.99e-02	2.13e-05	0.00e+00	0.00e+00	0.00e+00	0.00e+00	0.00e+00	0.00e+00	9.40e-01	9.11e-08	4.79e-08
 6.28851e+22	9.42e-01	5.82e-02	2.08e-05	0.00e+00	0.00e+00	0.00e+00	0.00e+00	0.00e+00	0.00e+00	9.42e-01	9.09e-08	4.76e-08
 6.29529e+22	9.43e-01	5.68e-02	2.04e-05	0.00e+00	0.00e+00	0.00e+00	0.00e+00	0.00e+00	0.00e+00	9.43e-01	9.07e-08	4.74e-08
 6.30161e+22	9.44e-01	5.55e-02	2.00e-05	0.00e+00	0.00e+00	0.00e+00	0.00e+00	0.00e+00	0.00e+00	9.44e-01	9.07e-08	4.73e-08
 6.30797e+22	9.46e-01	5.42e-02	1.97e-05	0.00e+00	0.00e+00	0.00e+00	0.00e+00	0.00e+00	0.00e+00	9.46e-01	9.05e-08	4.70e-08
 6.31410e+22	9.47e-01	5.30e-02	1.93e-05	0.00e+00	0.00e+00	0.00e+00	0.00e+00	0.00e+00	0.00e+00	9.47e-01	9.04e-08	4.69e-08
 6.31989e+22	9.48e-01	5.19e-02	1.90e-05	0.00e+00	0.00e+00	0.00e+00	0.00e+00	0.00e+00	0.00e+00	9.48e-01	9.04e-08	4.67e-08
 6.32564e+22	9.49e-01	5.07e-02	1.88e-05	0.00e+00	0.00e+00	0.00e+00	0.00e+00	0.00e+00	0.00e+00	9.49e-01	9.02e-08	4.65e-08
 6.33115e+22	9.50e-01	4.96e-02	1.85e-05	0.00e+00	0.00e+00	0.00e+00	0.00e+00	0.00e+00	0.00e+00	9.50e-01	9.01e-08	4.64e-08
 6.33633e+22	9.51e-01	4.86e-02	1.83e-05	0.00e+00	0.00e+00	0.00e+00	0.00e+00	0.00e+00	0.00e+00	9.51e-01	9.00e-08	4.62e-08
 6.34140e+22	9.52e-01	4.77e-02	1.81e-05	0.00e+00	0.00e+00	0.00e+00	0.00e+00	0.00e+00	0.00e+00	9.52e-01	8.99e-08	4.60e-08
 6.34634e+22	9.53e-01	4.67e-02	1.79e-05	0.00e+00	0.00e+00	0.00e+00	0.00e+00	0.00e+00	0.00e+00	9.53e-01	8.98e-08	4.59e-08
 6.35099e+22	9.54e-01	4.58e-02	1.77e-05	0.00e+00	0.00e+00	0.00e+00	0.00e+00	0.00e+00	0.00e+00	9.54e-01	8.96e-08	4.57e-08
 6.35522e+22	9.55e-01	4.50e-02	1.76e-05	0.00e+00	0.00e+00	0.00e+00	0.00e+00	0.00e+00	0.00e+00	9.55e-01	8.95e-08	4.55e-08
 6.35906e+22	9.56e-01	4.43e-02	1.74e-05	0.00e+00	0.00e+00	0.00e+00	0.00e+00	0.00e+00	0.00e+00	9.56e-01	8.94e-08	4.54e-08
 6.36256e+22	9.56e-01	4.36e-02	1.73e-05	0.00e+00	0.00e+00	0.00e+00	0.00e+00	0.00e+00	0.00e+00	9.56e-01	8.92e-08	4.53e-08
 6.36575e+22	9.57e-01	4.31e-02	1.72e-05	0.00e+00	0.00e+00	0.00e+00	0.00e+00	0.00e+00	0.00e+00	9.57e-01	8.91e-08	4.51e-08
 6.36865e+22	9.57e-01	4.25e-02	1.71e-05	0.00e+00	0.00e+00	0.00e+00	0.00e+00	0.00e+00	0.00e+00	9.57e-01	8.90e-08	4.50e-08
 6.37129e+22	9.58e-01	4.21e-02	1.70e-05	0.00e+00	0.00e+00	0.00e+00	0.00e+00	0.00e+00	0.00e+00	9.58e-01	8.89e-08	4.49e-08
 6.37418e+22	9.59e-01	4.15e-02	1.69e-05	0.00e+00	0.00e+00	0.00e+00	0.00e+00	0.00e+00	0.00e+00	9.59e-01	8.86e-08	4.48e-08
 6.37730e+22	9.59e-01	4.08e-02	1.68e-05	0.00e+00	0.00e+00	0.00e+00	0.00e+00	0.00e+00	0.00e+00	9.59e-01	8.82e-08	4.46e-08
 6.38014e+22	9.60e-01	4.03e-02	1.67e-05	0.00e+00	0.00e+00	0.00e+00	0.00e+00	0.00e+00	0.00e+00	9.60e-01	8.79e-08	4.45e-08
 6.38272e+22	9.60e-01	3.99e-02	1.66e-05	0.00e+00	0.00e+00	0.00e+00	0.00e+00	0.00e+00	0.00e+00	9.60e-01	8.75e-08	4.43e-08
 6.38508e+22	9.60e-01	3.95e-02	1.65e-05	0.00e+00	0.00e+00	0.00e+00	0.00e+00	0.00e+00	0.00e+00	9.60e-01	8.73e-08	4.43e-08
 6.38765e+22	9.61e-01	3.90e-02	1.64e-05	0.00e+00	0.00e+00	0.00e+00	0.00e+00	0.00e+00	0.00e+00	9.61e-01	8.70e-08	4.42e-08
 6.39100e+22	9.62e-01	3.83e-02	1.62e-05	0.00e+00	0.00e+00	0.00e+00	0.00e+00	0.00e+00	0.00e+00	9.62e-01	8.66e-08	4.40e-08
 6.39462e+22	9.62e-01	3.76e-02	1.61e-05	0.00e+00	0.00e+00	0.00e+00	0.00e+00	0.00e+00	0.00e+00	9.62e-01	8.63e-08	4.39e-08
 6.39791e+22	9.63e-01	3.69e-02	1.59e-05	0.00e+00	0.00e+00	0.00e+00	0.00e+00	0.00e+00	0.00e+00	9.63e-01	8.59e-08	4.37e-08
 6.40091e+22	9.64e-01	3.65e-02	1.58e-05	0.00e+00	0.00e+00	0.00e+00	0.00e+00	0.00e+00	0.00e+00	9.64e-01	8.57e-08	4.37e-08
 6.40363e+22	9.64e-01	3.60e-02	1.57e-05	0.00e+00	0.00e+00	0.00e+00	0.00e+00	0.00e+00	0.00e+00	9.64e-01	8.54e-08	4.35e-08
 6.40611e+22	9.64e-01	3.57e-02	1.56e-05	0.00e+00	0.00e+00	0.00e+00	0.00e+00	0.00e+00	0.00e+00	9.64e-01	8.54e-08	4.35e-08
 6.40883e+22	9.65e-01	3.53e-02	1.55e-05	0.00e+00	0.00e+00	0.00e+00	0.00e+00	0.00e+00	0.00e+00	9.65e-01	8.52e-08	4.35e-08
 6.41177e+22	9.65e-01	3.49e-02	1.54e-05	0.00e+00	0.00e+00	0.00e+00	0.00e+00	0.00e+00	0.00e+00	9.65e-01	8.51e-08	4.34e-08
 6.41498e+22	9.66e-01	3.43e-02	1.52e-05	0.00e+00	0.00e+00	0.00e+00	0.00e+00	0.00e+00	0.00e+00	9.66e-01	8.49e-08	4.33e-08
 6.41845e+22	9.66e-01	3.37e-02	1.51e-05	0.00e+00	0.00e+00	0.00e+00	0.00e+00	0.00e+00	0.00e+00	9.66e-01	8.47e-08	4.32e-08
 6.42161e+22	9.67e-01	3.33e-02	1.49e-05	0.00e+00	0.00e+00	0.00e+00	0.00e+00	0.00e+00	0.00e+00	9.67e-01	8.46e-08	4.32e-08
 6.42449e+22	9.67e-01	3.29e-02	1.48e-05	0.00e+00	0.00e+00	0.00e+00	0.00e+00	0.00e+00	0.00e+00	9.67e-01	8.43e-08	4.30e-08
 6.42710e+22	9.67e-01	3.26e-02	1.47e-05	0.00e+00	0.00e+00	0.00e+00	0.00e+00	0.00e+00	0.00e+00	9.67e-01	8.42e-08	4.30e-08
 6.42997e+22	9.68e-01	3.21e-02	1.46e-05	0.00e+00	0.00e+00	0.00e+00	0.00e+00	0.00e+00	0.00e+00	9.68e-01	8.42e-08	4.29e-08
 6.43370e+22	9.69e-01	3.15e-02	1.44e-05	0.00e+00	0.00e+00	0.00e+00	0.00e+00	0.00e+00	0.00e+00	9.69e-01	8.40e-08	4.28e-08
 6.43772e+22	9.69e-01	3.09e-02	1.42e-05	0.00e+00	0.00e+00	0.00e+00	0.00e+00	0.00e+00	0.00e+00	9.69e-01	8.38e-08	4.27e-08
 6.44138e+22	9.70e-01	3.04e-02	1.40e-05	0.00e+00	0.00e+00	0.00e+00	0.00e+00	0.00e+00	0.00e+00	9.70e-01	8.36e-08	4.26e-08
 6.44471e+22	9.70e-01	3.00e-02	1.39e-05	0.00e+00	0.00e+00	0.00e+00	0.00e+00	0.00e+00	0.00e+00	9.70e-01	8.35e-08	4.26e-08
 6.44774e+22	9.70e-01	2.96e-02	1.37e-05	0.00e+00	0.00e+00	0.00e+00	0.00e+00	0.00e+00	0.00e+00	9.70e-01	8.33e-08	4.24e-08
 6.45050e+22	9.71e-01	2.92e-02	1.36e-05	0.00e+00	0.00e+00	0.00e+00	0.00e+00	0.00e+00	0.00e+00	9.71e-01	8.31e-08	4.23e-08
 6.45301e+22	9.71e-01	2.88e-02	1.35e-05	0.00e+00	0.00e+00	0.00e+00	0.00e+00	0.00e+00	0.00e+00	9.71e-01	8.28e-08	4.22e-08
 6.45530e+22	9.71e-01	2.86e-02	1.34e-05	0.00e+00	0.00e+00	0.00e+00	0.00e+00	0.00e+00	0.00e+00	9.71e-01	8.28e-08	4.21e-08
 6.45780e+22	9.72e-01	2.82e-02	1.32e-05	0.00e+00	0.00e+00	0.00e+00	0.00e+00	0.00e+00	0.00e+00	9.72e-01	8.27e-08	4.20e-08
 6.46105e+22	9.72e-01	2.77e-02	1.30e-05	0.00e+00	0.00e+00	0.00e+00	0.00e+00	0.00e+00	0.00e+00	9.72e-01	8.25e-08	4.19e-08
 6.46457e+22	9.73e-01	2.72e-02	1.29e-05	0.00e+00	0.00e+00	0.00e+00	0.00e+00	0.00e+00	0.00e+00	9.73e-01	8.23e-08	4.18e-08
 6.46776e+22	9.73e-01	2.68e-02	1.27e-05	0.00e+00	0.00e+00	0.00e+00	0.00e+00	0.00e+00	0.00e+00	9.73e-01	8.21e-08	4.16e-08
 6.47067e+22	9.74e-01	2.64e-02	1.26e-05	0.00e+00	0.00e+00	0.00e+00	0.00e+00	0.00e+00	0.00e+00	9.74e-01	8.19e-08	4.15e-08
 6.47332e+22	9.74e-01	2.61e-02	1.25e-05	0.00e+00	0.00e+00	0.00e+00	0.00e+00	0.00e+00	0.00e+00	9.74e-01	8.18e-08	4.14e-08
 6.47622e+22	9.74e-01	2.58e-02	1.24e-05	0.00e+00	0.00e+00	0.00e+00	0.00e+00	0.00e+00	0.00e+00	9.74e-01	8.17e-08	4.13e-08
 6.47935e+22	9.75e-01	2.53e-02	1.22e-05	0.00e+00	0.00e+00	0.00e+00	0.00e+00	0.00e+00	0.00e+00	9.75e-01	8.15e-08	4.11e-08
 6.48220e+22	9.75e-01	2.50e-02	1.21e-05	0.00e+00	0.00e+00	0.00e+00	0.00e+00	0.00e+00	0.00e+00	9.75e-01	8.13e-08	4.10e-08
 6.48480e+22	9.75e-01	2.47e-02	1.20e-05	0.00e+00	0.00e+00	0.00e+00	0.00e+00	0.00e+00	0.00e+00	9.75e-01	8.10e-08	4.08e-08
 6.48716e+22	9.76e-01	2.45e-02	1.19e-05	0.00e+00	0.00e+00	0.00e+00	0.00e+00	0.00e+00	0.00e+00	9.76e-01	8.10e-08	4.08e-08
 6.48975e+22	9.76e-01	2.41e-02	1.18e-05	0.00e+00	0.00e+00	0.00e+00	0.00e+00	0.00e+00	0.00e+00	9.76e-01	8.08e-08	4.06e-08
 6.49254e+22	9.76e-01	2.38e-02	1.17e-05	0.00e+00	0.00e+00	0.00e+00	0.00e+00	0.00e+00	0.00e+00	9.76e-01	8.07e-08	4.05e-08
 6.49560e+22	9.77e-01	2.35e-02	1.16e-05	0.00e+00	0.00e+00	0.00e+00	0.00e+00	0.00e+00	0.00e+00	9.77e-01	8.06e-08	4.04e-08
 6.49890e+22	9.77e-01	2.31e-02	1.14e-05	0.00e+00	0.00e+00	0.00e+00	0.00e+00	0.00e+00	0.00e+00	9.77e-01	8.00e-08	4.01e-08
 6.50191e+22	9.77e-01	2.28e-02	1.13e-05	0.00e+00	0.00e+00	0.00e+00	0.00e+00	0.00e+00	0.00e+00	9.77e-01	7.95e-08	3.99e-08
 6.50520e+22	9.78e-01	2.24e-02	1.12e-05	0.00e+00	0.00e+00	0.00e+00	0.00e+00	0.00e+00	0.00e+00	9.78e-01	7.87e-08	3.95e-08
 6.50876e+22	9.78e-01	2.21e-02	1.11e-05	0.00e+00	0.00e+00	0.00e+00	0.00e+00	0.00e+00	0.00e+00	9.78e-01	7.81e-08	3.92e-08
 6.51199e+22	9.78e-01	2.17e-02	1.10e-05	0.00e+00	0.00e+00	0.00e+00	0.00e+00	0.00e+00	0.00e+00	9.78e-01	7.72e-08	3.88e-08
 6.51494e+22	9.78e-01	2.15e-02	1.09e-05	0.00e+00	0.00e+00	0.00e+00	0.00e+00	0.00e+00	0.00e+00	9.78e-01	7.69e-08	3.87e-08
 6.51816e+22	9.79e-01	2.12e-02	1.08e-05	0.00e+00	0.00e+00	0.00e+00	0.00e+00	0.00e+00	0.00e+00	9.79e-01	7.63e-08	3.83e-08
 6.52165e+22	9.79e-01	2.09e-02	1.07e-05	0.00e+00	0.00e+00	0.00e+00	0.00e+00	0.00e+00	0.00e+00	9.79e-01	7.57e-08	3.79e-08
 6.52482e+22	9.79e-01	2.06e-02	1.06e-05	0.00e+00	0.00e+00	0.00e+00	0.00e+00	0.00e+00	0.00e+00	9.79e-01	7.49e-08	3.74e-08
 6.52770e+22	9.80e-01	2.04e-02	1.05e-05	0.00e+00	0.00e+00	0.00e+00	0.00e+00	0.00e+00	0.00e+00	9.80e-01	7.46e-08	3.72e-08
 6.53086e+22	9.80e-01	2.00e-02	1.04e-05	0.00e+00	0.00e+00	0.00e+00	0.00e+00	0.00e+00	0.00e+00	9.80e-01	7.38e-08	3.67e-08
 6.53428e+22	9.80e-01	1.98e-02	1.03e-05	0.00e+00	0.00e+00	0.00e+00	0.00e+00	0.00e+00	0.00e+00	9.80e-01	7.36e-08	3.65e-08
 6.53801e+22	9.81e-01	1.94e-02	1.02e-05	0.00e+00	0.00e+00	0.00e+00	0.00e+00	0.00e+00	0.00e+00	9.81e-01	7.28e-08	3.60e-08
 6.54205e+22	9.81e-01	1.91e-02	1.00e-05	0.00e+00	0.00e+00	0.00e+00	0.00e+00	0.00e+00	0.00e+00	9.81e-01	7.21e-08	3.56e-08
 6.54573e+22	9.81e-01	1.87e-02	9.93e-06	0.00e+00	0.00e+00	0.00e+00	0.00e+00	0.00e+00	0.00e+00	9.81e-01	7.13e-08	3.51e-08
 6.54907e+22	9.81e-01	1.86e-02	9.85e-06	0.00e+00	0.00e+00	0.00e+00	0.00e+00	0.00e+00	0.00e+00	9.81e-01	7.11e-08	3.49e-08
 6.55273e+22	9.82e-01	1.82e-02	9.74e-06	0.00e+00	0.00e+00	0.00e+00	0.00e+00	0.00e+00	0.00e+00	9.82e-01	7.04e-08	3.45e-08
 6.55669e+22	9.82e-01	1.79e-02	9.63e-06	0.00e+00	0.00e+00	0.00e+00	0.00e+00	0.00e+00	0.00e+00	9.82e-01	6.98e-08	3.41e-08
 6.56029e+22	9.82e-01	1.77e-02	9.54e-06	0.00e+00	0.00e+00	0.00e+00	0.00e+00	0.00e+00	0.00e+00	9.82e-01	6.94e-08	3.38e-08
 6.56423e+22	9.83e-01	1.73e-02	9.43e-06	0.00e+00	0.00e+00	0.00e+00	0.00e+00	0.00e+00	0.00e+00	9.83e-01	6.84e-08	3.33e-08
 6.56849e+22	9.83e-01	1.70e-02	9.32e-06	0.00e+00	0.00e+00	0.00e+00	0.00e+00	0.00e+00	0.00e+00	9.83e-01	6.77e-08	3.28e-08
 6.57236e+22	9.83e-01	1.67e-02	9.22e-06	0.00e+00	0.00e+00	0.00e+00	0.00e+00	0.00e+00	0.00e+00	9.83e-01	6.67e-08	3.22e-08
 6.57589e+22	9.83e-01	1.65e-02	9.15e-06	0.00e+00	0.00e+00	0.00e+00	0.00e+00	0.00e+00	0.00e+00	9.83e-01	6.65e-08	3.21e-08
 6.57975e+22	9.84e-01	1.63e-02	9.05e-06	0.00e+00	0.00e+00	0.00e+00	0.00e+00	0.00e+00	0.00e+00	9.84e-01	6.57e-08	3.16e-08
 6.58392e+22	9.84e-01	1.60e-02	8.95e-06	0.00e+00	0.00e+00	0.00e+00	0.00e+00	0.00e+00	0.00e+00	9.84e-01	6.50e-08	3.11e-08
 6.58772e+22	9.84e-01	1.58e-02	8.87e-06	0.00e+00	0.00e+00	0.00e+00	0.00e+00	0.00e+00	0.00e+00	9.84e-01	6.46e-08	3.09e-08
 6.59188e+22	9.85e-01	1.54e-02	8.77e-06	0.00e+00	0.00e+00	0.00e+00	0.00e+00	0.00e+00	0.00e+00	9.85e-01	6.36e-08	3.03e-08
 6.59637e+22	9.85e-01	1.51e-02	8.67e-06	0.00e+00	0.00e+00	0.00e+00	0.00e+00	0.00e+00	0.00e+00	9.85e-01	6.28e-08	2.98e-08
 6.60045e+22	9.85e-01	1.48e-02	8.58e-06	0.00e+00	0.00e+00	0.00e+00	0.00e+00	0.00e+00	0.00e+00	9.85e-01	6.18e-08	2.92e-08
 6.60417e+22	9.85e-01	1.47e-02	8.51e-06	0.00e+00	0.00e+00	0.00e+00	0.00e+00	0.00e+00	0.00e+00	9.85e-01	6.15e-08	2.90e-08
 6.60825e+22	9.86e-01	1.44e-02	8.41e-06	0.00e+00	0.00e+00	0.00e+00	0.00e+00	0.00e+00	0.00e+00	9.86e-01	6.08e-08	2.85e-08
 6.61264e+22	9.86e-01	1.42e-02	8.32e-06	0.00e+00	0.00e+00	0.00e+00	0.00e+00	0.00e+00	0.00e+00	9.86e-01	6.00e-08	2.81e-08
 6.61665e+22	9.86e-01	1.40e-02	8.25e-06	0.00e+00	0.00e+00	0.00e+00	0.00e+00	0.00e+00	0.00e+00	9.86e-01	5.95e-08	2.78e-08
 6.62103e+22	9.86e-01	1.37e-02	8.15e-06	0.00e+00	0.00e+00	0.00e+00	0.00e+00	0.00e+00	0.00e+00	9.86e-01	5.86e-08	2.72e-08
 6.62577e+22	9.87e-01	1.34e-02	8.06e-06	0.00e+00	0.00e+00	0.00e+00	0.00e+00	0.00e+00	0.00e+00	9.87e-01	5.79e-08	2.68e-08
 6.63008e+22	9.87e-01	1.32e-02	7.98e-06	0.00e+00	0.00e+00	0.00e+00	0.00e+00	0.00e+00	0.00e+00	9.87e-01	5.74e-08	2.65e-08
 6.63480e+22	9.87e-01	1.29e-02	7.88e-06	0.00e+00	0.00e+00	0.00e+00	0.00e+00	0.00e+00	0.00e+00	9.87e-01	5.66e-08	2.60e-08
 6.63990e+22	9.87e-01	1.26e-02	7.79e-06	0.00e+00	0.00e+00	0.00e+00	0.00e+00	0.00e+00	0.00e+00	9.87e-01	5.59e-08	2.56e-08
 6.64454e+22	9.88e-01	1.24e-02	7.71e-06	0.00e+00	0.00e+00	0.00e+00	0.00e+00	0.00e+00	0.00e+00	9.88e-01	5.53e-08	2.53e-08
 6.64962e+22	9.88e-01	1.22e-02	7.61e-06	0.00e+00	0.00e+00	0.00e+00	0.00e+00	0.00e+00	0.00e+00	9.88e-01	5.46e-08	2.48e-08
 6.65511e+22	9.88e-01	1.19e-02	7.52e-06	0.00e+00	0.00e+00	0.00e+00	0.00e+00	0.00e+00	0.00e+00	9.88e-01	5.39e-08	2.44e-08
 6.66010e+22	9.88e-01	1.17e-02	7.44e-06	0.00e+00	0.00e+00	0.00e+00	0.00e+00	0.00e+00	0.00e+00	9.88e-01	5.32e-08	2.39e-08
 6.66465e+22	9.88e-01	1.15e-02	7.37e-06	0.00e+00	0.00e+00	0.00e+00	0.00e+00	0.00e+00	0.00e+00	9.88e-01	5.27e-08	2.36e-08
 6.66963e+22	9.89e-01	1.13e-02	7.28e-06	0.00e+00	0.00e+00	0.00e+00	0.00e+00	0.00e+00	0.00e+00	9.89e-01	5.20e-08	2.31e-08
 6.67500e+22	9.89e-01	1.10e-02	7.19e-06	0.00e+00	0.00e+00	0.00e+00	0.00e+00	0.00e+00	0.00e+00	9.89e-01	5.11e-08	2.25e-08
 6.67989e+22	9.89e-01	1.08e-02	7.12e-06	0.00e+00	0.00e+00	0.00e+00	0.00e+00	0.00e+00	0.00e+00	9.89e-01	5.08e-08	2.23e-08
 6.68526e+22	9.89e-01	1.06e-02	7.03e-06	0.00e+00	0.00e+00	0.00e+00	0.00e+00	0.00e+00	0.00e+00	9.89e-01	5.00e-08	2.18e-08
 6.69104e+22	9.90e-01	1.03e-02	6.94e-06	0.00e+00	0.00e+00	0.00e+00	0.00e+00	0.00e+00	0.00e+00	9.90e-01	4.90e-08	2.13e-08
 6.69631e+22	9.90e-01	1.01e-02	6.87e-06	0.00e+00	0.00e+00	0.00e+00	0.00e+00	0.00e+00	0.00e+00	9.90e-01	4.86e-08	2.10e-08
 6.70208e+22	9.90e-01	9.92e-03	6.78e-06	0.00e+00	0.00e+00	0.00e+00	0.00e+00	0.00e+00	0.00e+00	9.90e-01	4.78e-08	2.06e-08
 6.70831e+22	9.90e-01	9.64e-03	6.69e-06	0.00e+00	0.00e+00	0.00e+00	0.00e+00	0.00e+00	0.00e+00	9.90e-01	4.69e-08	2.00e-08
 6.71398e+22	9.91e-01	9.48e-03	6.62e-06	0.00e+00	0.00e+00	0.00e+00	0.00e+00	0.00e+00	0.00e+00	9.91e-01	4.64e-08	1.97e-08
 6.72019e+22	9.91e-01	9.25e-03	6.53e-06	0.00e+00	0.00e+00	0.00e+00	0.00e+00	0.00e+00	0.00e+00	9.91e-01	4.57e-08	1.93e-08
 6.72690e+22	9.91e-01	9.01e-03	6.44e-06	0.00e+00	0.00e+00	0.00e+00	0.00e+00	0.00e+00	0.00e+00	9.91e-01	4.50e-08	1.89e-08
 6.73301e+22	9.91e-01	8.81e-03	6.36e-06	0.00e+00	0.00e+00	0.00e+00	0.00e+00	0.00e+00	0.00e+00	9.91e-01	4.43e-08	1.85e-08
 6.73856e+22	9.91e-01	8.66e-03	6.30e-06	0.00e+00	0.00e+00	0.00e+00	0.00e+00	0.00e+00	0.00e+00	9.91e-01	4.38e-08	1.82e-08
 6.74465e+22	9.92e-01	8.45e-03	6.21e-06	0.00e+00	0.00e+00	0.00e+00	0.00e+00	0.00e+00	0.00e+00	9.92e-01	4.31e-08	1.78e-08
 6.75122e+22	9.92e-01	8.21e-03	6.13e-06	0.00e+00	0.00e+00	0.00e+00	0.00e+00	0.00e+00	0.00e+00	9.92e-01	4.22e-08	1.73e-08
 6.75720e+22	9.92e-01	8.07e-03	6.06e-06	0.00e+00	0.00e+00	0.00e+00	0.00e+00	0.00e+00	0.00e+00	9.92e-01	4.18e-08	1.70e-08
 6.76375e+22	9.92e-01	7.87e-03	5.98e-06	0.00e+00	0.00e+00	0.00e+00	0.00e+00	0.00e+00	0.00e+00	9.92e-01	4.11e-08	1.66e-08
 6.77082e+22	9.92e-01	7.63e-03	5.89e-06	0.00e+00	0.00e+00	0.00e+00	0.00e+00	0.00e+00	0.00e+00	9.92e-01	4.03e-08	1.62e-08
 6.77726e+22	9.93e-01	7.49e-03	5.83e-06	0.00e+00	0.00e+00	0.00e+00	0.00e+00	0.00e+00	0.00e+00	9.93e-01	3.99e-08	1.59e-08
 6.78431e+22	9.93e-01	7.29e-03	5.74e-06	0.00e+00	0.00e+00	0.00e+00	0.00e+00	0.00e+00	0.00e+00	9.93e-01	3.92e-08	1.55e-08
 6.79193e+22	9.93e-01	7.08e-03	5.66e-06	0.00e+00	0.00e+00	0.00e+00	0.00e+00	0.00e+00	0.00e+00	9.93e-01	3.86e-08	1.51e-08
 6.79886e+22	9.93e-01	6.91e-03	5.59e-06	0.00e+00	0.00e+00	0.00e+00	0.00e+00	0.00e+00	0.00e+00	9.93e-01	3.80e-08	1.48e-08
 6.80516e+22	9.93e-01	6.77e-03	5.52e-06	0.00e+00	0.00e+00	0.00e+00	0.00e+00	0.00e+00	0.00e+00	9.93e-01	3.75e-08	1.45e-08
 6.81207e+22	9.93e-01	6.60e-03	5.44e-06	0.00e+00	0.00e+00	0.00e+00	0.00e+00	0.00e+00	0.00e+00	9.93e-01	3.69e-08	1.41e-08
 6.81953e+22	9.94e-01	6.42e-03	5.37e-06	0.00e+00	0.00e+00	0.00e+00	0.00e+00	0.00e+00	0.00e+00	9.94e-01	3.63e-08	1.38e-08
 6.82632e+22	9.94e-01	6.27e-03	5.31e-06	0.00e+00	0.00e+00	0.00e+00	0.00e+00	0.00e+00	0.00e+00	9.94e-01	3.58e-08	1.34e-08
