#depth	Cl	Cl+	Cl+2	Cl+3	Cl+4	Cl+5	Cl+6	Cl+7	Cl+8	Cl+9	Cl+10	Cl+11	Cl+12	Cl+13	Cl+14	Cl+15	Cl+16	Cl+17
 4.62852e+21	0.00e+00	1.21e-31	1.26e-27	5.54e-24	8.75e-21	8.91e-18	4.95e-15	2.42e-12	3.26e-10	2.01e-08	6.02e-07	1.09e-05	1.26e-04	1.14e-03	1.07e-02	1.91e-01	4.55e-01	3.42e-01
 1.02081e+22	0.00e+00	5.10e-29	3.50e-25	1.05e-21	8.48e-19	4.40e-16	1.89e-13	1.14e-10	1.11e-08	4.87e-07	1.03e-05	1.31e-04	1.01e-03	5.23e-03	2.97e-02	3.14e-01	4.47e-01	2.03e-01
 1.16199e+22	0.00e+00	9.67e-28	5.38e-24	1.28e-20	7.84e-18	3.09e-15	1.00e-12	5.56e-10	4.81e-08	1.84e-06	3.34e-05	3.68e-04	2.35e-03	9.62e-03	4.36e-02	3.70e-01	4.21e-01	1.53e-01
 1.23111e+22	0.00e+00	4.01e-27	2.02e-23	4.27e-20	2.29e-17	7.88e-15	2.24e-12	1.19e-09	9.79e-08	3.52e-06	5.93e-05	6.06e-04	3.52e-03	1.28e-02	5.19e-02	3.96e-01	4.04e-01	1.32e-01
 1.26078e+22	0.00e+00	6.04e-27	2.94e-23	6.04e-20	3.12e-17	1.03e-14	2.81e-12	1.49e-09	1.20e-07	4.24e-06	6.98e-05	6.99e-04	3.96e-03	1.39e-02	5.45e-02	4.03e-01	3.98e-01	1.26e-01
 1.27602e+22	0.00e+00	1.02e-26	4.78e-23	9.40e-20	4.62e-17	1.45e-14	3.76e-12	1.97e-09	1.56e-07	5.37e-06	8.62e-05	8.38e-04	4.58e-03	1.54e-02	5.79e-02	4.12e-01	3.91e-01	1.19e-01
 1.29220e+22	0.00e+00	1.62e-26	7.37e-23	1.39e-19	6.54e-17	1.96e-14	4.86e-12	2.52e-09	1.96e-07	6.64e-06	1.04e-04	9.85e-04	5.22e-03	1.69e-02	6.11e-02	4.19e-01	3.84e-01	1.13e-01
 1.30677e+22	0.00e+00	2.49e-26	1.10e-22	2.00e-19	9.01e-17	2.59e-14	6.15e-12	3.16e-09	2.43e-07	8.06e-06	1.23e-04	1.14e-03	5.88e-03	1.84e-02	6.41e-02	4.26e-01	3.77e-01	1.07e-01
 1.32290e+22	0.00e+00	4.36e-26	1.84e-22	3.20e-19	1.37e-16	3.72e-14	8.35e-12	4.25e-09	3.21e-07	1.04e-05	1.54e-04	1.39e-03	6.87e-03	2.04e-02	6.82e-02	4.35e-01	3.68e-01	1.00e-01
 1.33901e+22	0.00e+00	6.69e-26	2.74e-22	4.60e-19	1.88e-16	4.90e-14	1.05e-11	5.33e-09	3.97e-07	1.26e-05	1.83e-04	1.61e-03	7.73e-03	2.22e-02	7.15e-02	4.41e-01	3.61e-01	9.51e-02
 1.35209e+22	0.00e+00	9.72e-26	3.87e-22	6.29e-19	2.48e-16	6.23e-14	1.29e-11	6.48e-09	4.77e-07	1.49e-05	2.13e-04	1.83e-03	8.57e-03	2.38e-02	7.43e-02	4.46e-01	3.55e-01	9.07e-02
 1.36610e+22	0.00e+00	1.60e-25	6.11e-22	9.53e-19	3.57e-16	8.52e-14	1.68e-11	8.39e-09	6.09e-07	1.87e-05	2.59e-04	2.16e-03	9.80e-03	2.61e-02	7.83e-02	4.52e-01	3.46e-01	8.52e-02
 1.37903e+22	0.00e+00	2.18e-25	8.16e-22	1.24e-18	4.50e-16	1.04e-13	1.98e-11	9.87e-09	7.10e-07	2.15e-05	2.93e-04	2.41e-03	1.07e-02	2.77e-02	8.08e-02	4.56e-01	3.40e-01	8.18e-02
 1.39057e+22	0.00e+00	3.34e-25	1.21e-21	1.76e-18	6.12e-16	1.35e-13	2.46e-11	1.23e-08	8.72e-07	2.60e-05	3.47e-04	2.78e-03	1.20e-02	2.99e-02	8.43e-02	4.61e-01	3.32e-01	7.73e-02
 1.40210e+22	0.00e+00	4.51e-25	1.60e-21	2.27e-18	7.66e-16	1.64e-13	2.89e-11	1.44e-08	1.01e-06	2.98e-05	3.91e-04	3.08e-03	1.30e-02	3.16e-02	8.68e-02	4.64e-01	3.27e-01	7.43e-02
 1.41361e+22	0.00e+00	6.83e-25	2.34e-21	3.20e-18	1.03e-15	2.12e-13	3.58e-11	1.77e-08	1.24e-06	3.59e-05	4.60e-04	3.54e-03	1.45e-02	3.41e-02	9.03e-02	4.68e-01	3.19e-01	7.02e-02
 1.42492e+22	0.00e+00	9.30e-25	3.11e-21	4.14e-18	1.29e-15	2.56e-13	4.19e-11	2.08e-08	1.44e-06	4.12e-05	5.19e-04	3.93e-03	1.57e-02	3.60e-02	9.29e-02	4.71e-01	3.13e-01	6.72e-02
 1.43597e+22	0.00e+00	1.42e-24	4.57e-21	5.85e-18	1.75e-15	3.30e-13	5.16e-11	2.56e-08	1.76e-06	4.97e-05	6.11e-04	4.52e-03	1.75e-02	3.87e-02	9.65e-02	4.74e-01	3.05e-01	6.34e-02
 1.44649e+22	0.00e+00	1.85e-24	5.85e-21	7.31e-18	2.12e-15	3.90e-13	5.92e-11	2.94e-08	2.01e-06	5.60e-05	6.79e-04	4.94e-03	1.88e-02	4.06e-02	9.89e-02	4.76e-01	2.99e-01	6.10e-02
 1.45635e+22	0.00e+00	2.68e-24	8.20e-21	9.90e-18	2.76e-15	4.86e-13	7.09e-11	3.53e-08	2.39e-06	6.59e-05	7.83e-04	5.58e-03	2.07e-02	4.32e-02	1.02e-01	4.78e-01	2.92e-01	5.78e-02
 1.46643e+22	0.00e+00	3.61e-24	1.08e-20	1.27e-17	3.42e-15	5.82e-13	8.22e-11	4.11e-08	2.77e-06	7.53e-05	8.80e-04	6.15e-03	2.23e-02	4.55e-02	1.05e-01	4.79e-01	2.86e-01	5.53e-02
 1.47679e+22	0.00e+00	5.44e-24	1.57e-20	1.77e-17	4.55e-15	7.39e-13	9.98e-11	5.01e-08	3.35e-06	9.00e-05	1.03e-03	7.03e-03	2.47e-02	4.87e-02	1.08e-01	4.80e-01	2.78e-01	5.20e-02
 1.48698e+22	0.00e+00	7.22e-24	2.04e-20	2.23e-17	5.57e-15	8.76e-13	1.15e-10	5.77e-08	3.84e-06	1.02e-04	1.15e-03	7.71e-03	2.66e-02	5.11e-02	1.11e-01	4.81e-01	2.72e-01	4.98e-02
 1.49550e+22	0.00e+00	9.67e-24	2.66e-20	2.83e-17	6.83e-15	1.04e-12	1.31e-10	6.66e-08	4.41e-06	1.16e-04	1.28e-03	8.47e-03	2.86e-02	5.35e-02	1.13e-01	4.82e-01	2.66e-01	4.76e-02
 1.50373e+22	0.00e+00	1.27e-23	3.41e-20	3.53e-17	8.27e-15	1.22e-12	1.50e-10	7.61e-08	5.02e-06	1.31e-04	1.42e-03	9.24e-03	3.06e-02	5.59e-02	1.15e-01	4.82e-01	2.60e-01	4.56e-02
 1.51300e+22	0.00e+00	1.88e-23	4.87e-20	4.85e-17	1.08e-14	1.52e-12	1.78e-10	9.16e-08	6.02e-06	1.55e-04	1.65e-03	1.05e-02	3.37e-02	5.95e-02	1.19e-01	4.81e-01	2.52e-01	4.28e-02
 1.52198e+22	0.00e+00	2.43e-23	6.16e-20	5.97e-17	1.29e-14	1.76e-12	2.01e-10	1.04e-07	6.80e-06	1.73e-04	1.82e-03	1.14e-02	3.58e-02	6.20e-02	1.21e-01	4.81e-01	2.46e-01	4.10e-02
 1.53059e+22	0.00e+00	3.52e-23	8.62e-20	8.02e-17	1.66e-14	2.16e-12	2.36e-10	1.23e-07	8.06e-06	2.03e-04	2.09e-03	1.27e-02	3.91e-02	6.56e-02	1.24e-01	4.79e-01	2.39e-01	3.86e-02
 1.53927e+22	0.00e+00	4.58e-23	1.09e-19	9.92e-17	1.99e-14	2.51e-12	2.66e-10	1.40e-07	9.11e-06	2.27e-04	2.30e-03	1.38e-02	4.16e-02	6.82e-02	1.26e-01	4.78e-01	2.33e-01	3.69e-02
 1.54807e+22	0.00e+00	6.78e-23	1.56e-19	1.35e-16	2.59e-14	3.10e-12	3.14e-10	1.68e-07	1.09e-05	2.68e-04	2.66e-03	1.56e-02	4.56e-02	7.23e-02	1.29e-01	4.76e-01	2.25e-01	3.45e-02
 1.55683e+22	0.00e+00	8.92e-23	2.00e-19	1.69e-16	3.12e-14	3.61e-12	3.54e-10	1.91e-07	1.24e-05	3.02e-04	2.94e-03	1.70e-02	4.86e-02	7.52e-02	1.31e-01	4.73e-01	2.19e-01	3.29e-02
 1.56557e+22	0.00e+00	1.31e-22	2.83e-19	2.28e-16	4.02e-14	4.43e-12	4.16e-10	2.28e-07	1.47e-05	3.55e-04	3.38e-03	1.90e-02	5.30e-02	7.94e-02	1.33e-01	4.70e-01	2.11e-01	3.07e-02
 1.57449e+22	0.00e+00	1.79e-22	3.76e-19	2.93e-16	4.95e-14	5.23e-12	4.73e-10	2.63e-07	1.70e-05	4.05e-04	3.79e-03	2.09e-02	5.69e-02	8.29e-02	1.36e-01	4.67e-01	2.04e-01	2.90e-02
 1.58230e+22	0.00e+00	2.43e-22	4.95e-19	3.72e-16	6.05e-14	6.14e-12	5.36e-10	3.02e-07	1.95e-05	4.60e-04	4.23e-03	2.29e-02	6.08e-02	8.64e-02	1.38e-01	4.63e-01	1.97e-01	2.74e-02
 1.59108e+22	0.00e+00	3.65e-22	7.12e-19	5.10e-16	7.87e-14	7.56e-12	6.28e-10	3.62e-07	2.33e-05	5.43e-04	4.88e-03	2.57e-02	6.64e-02	9.10e-02	1.40e-01	4.57e-01	1.89e-01	2.54e-02
 1.59982e+22	0.00e+00	4.98e-22	9.42e-19	6.50e-16	9.62e-14	8.87e-12	7.10e-10	4.15e-07	2.67e-05	6.17e-04	5.45e-03	2.81e-02	7.09e-02	9.47e-02	1.42e-01	4.53e-01	1.82e-01	2.39e-02
 1.60853e+22	0.00e+00	7.54e-22	1.37e-18	8.95e-16	1.25e-13	1.09e-11	8.30e-10	4.98e-07	3.20e-05	7.31e-04	6.29e-03	3.16e-02	7.73e-02	9.96e-02	1.44e-01	4.46e-01	1.73e-01	2.20e-02
 1.61695e+22	0.00e+00	1.01e-21	1.78e-18	1.12e-15	1.51e-13	1.26e-11	9.28e-10	5.66e-07	3.64e-05	8.23e-04	6.97e-03	3.43e-02	8.20e-02	1.03e-01	1.45e-01	4.40e-01	1.67e-01	2.08e-02
 1.62500e+22	0.00e+00	1.51e-21	2.53e-18	1.52e-15	1.94e-13	1.53e-11	1.07e-09	6.71e-07	4.32e-05	9.65e-04	7.97e-03	3.82e-02	8.88e-02	1.08e-01	1.46e-01	4.32e-01	1.59e-01	1.91e-02
 1.63307e+22	0.00e+00	2.05e-21	3.33e-18	1.93e-15	2.35e-13	1.78e-11	1.20e-09	7.64e-07	4.92e-05	1.09e-03	8.84e-03	4.15e-02	9.42e-02	1.12e-01	1.47e-01	4.25e-01	1.53e-01	1.79e-02
 1.64119e+22	0.00e+00	3.08e-21	4.79e-18	2.62e-15	3.03e-13	2.16e-11	1.38e-09	9.06e-07	5.85e-05	1.28e-03	1.01e-02	4.62e-02	1.02e-01	1.16e-01	1.48e-01	4.16e-01	1.44e-01	1.64e-02
 1.64936e+22	0.00e+00	4.19e-21	6.30e-18	3.32e-15	3.66e-13	2.50e-11	1.54e-09	1.03e-06	6.65e-05	1.44e-03	1.12e-02	5.00e-02	1.08e-01	1.20e-01	1.49e-01	4.08e-01	1.38e-01	1.53e-02
 1.65761e+22	0.00e+00	6.28e-21	9.02e-18	4.50e-15	4.70e-13	3.02e-11	1.77e-09	1.22e-06	7.86e-05	1.68e-03	1.27e-02	5.54e-02	1.16e-01	1.25e-01	1.49e-01	3.97e-01	1.30e-01	1.39e-02
 1.66609e+22	0.00e+00	8.74e-21	1.21e-17	5.78e-15	5.75e-13	3.53e-11	1.99e-09	1.40e-06	9.01e-05	1.91e-03	1.42e-02	6.01e-02	1.22e-01	1.28e-01	1.49e-01	3.88e-01	1.23e-01	1.29e-02
 1.67364e+22	0.00e+00	1.21e-20	1.61e-17	7.36e-15	7.00e-13	4.10e-11	2.22e-09	1.59e-06	1.03e-04	2.15e-03	1.57e-02	6.49e-02	1.29e-01	1.32e-01	1.49e-01	3.78e-01	1.17e-01	1.19e-02
 1.68199e+22	0.00e+00	1.81e-20	2.31e-17	9.99e-15	8.95e-13	4.93e-11	2.54e-09	1.87e-06	1.21e-04	2.50e-03	1.77e-02	7.14e-02	1.38e-01	1.36e-01	1.48e-01	3.66e-01	1.09e-01	1.08e-02
 1.69039e+22	0.00e+00	2.49e-20	3.06e-17	1.27e-14	1.09e-12	5.71e-11	2.83e-09	2.12e-06	1.37e-04	2.81e-03	1.95e-02	7.68e-02	1.45e-01	1.39e-01	1.47e-01	3.56e-01	1.04e-01	9.91e-03
 1.69892e+22	0.00e+00	3.76e-20	4.39e-17	1.72e-14	1.39e-12	6.87e-11	3.23e-09	2.48e-06	1.60e-04	3.25e-03	2.20e-02	8.41e-02	1.54e-01	1.43e-01	1.46e-01	3.42e-01	9.62e-02	8.90e-03
 1.70761e+22	2.56e-33	5.25e-20	5.90e-17	2.20e-14	1.70e-12	8.00e-11	3.61e-09	2.82e-06	1.82e-04	3.65e-03	2.43e-02	9.04e-02	1.61e-01	1.46e-01	1.45e-01	3.31e-01	9.04e-02	8.13e-03
 1.71618e+22	3.94e-33	7.74e-20	8.32e-17	2.94e-14	2.14e-12	9.52e-11	4.10e-09	3.26e-06	2.10e-04	4.17e-03	2.71e-02	9.80e-02	1.70e-01	1.49e-01	1.43e-01	3.18e-01	8.39e-02	7.30e-03
 1.72491e+22	5.75e-33	1.09e-19	1.12e-16	3.78e-14	2.62e-12	1.11e-10	4.59e-09	3.69e-06	2.38e-04	4.68e-03	2.97e-02	1.05e-01	1.78e-01	1.51e-01	1.41e-01	3.06e-01	7.84e-02	6.63e-03
 1.73369e+22	8.78e-33	1.59e-19	1.57e-16	5.01e-14	3.29e-12	1.32e-10	5.20e-09	4.24e-06	2.73e-04	5.30e-03	3.29e-02	1.13e-01	1.86e-01	1.54e-01	1.38e-01	2.92e-01	7.24e-02	5.93e-03
 1.74240e+22	1.26e-32	2.20e-19	2.09e-16	6.37e-14	4.00e-12	1.53e-10	5.79e-09	4.76e-06	3.06e-04	5.89e-03	3.59e-02	1.20e-01	1.93e-01	1.55e-01	1.36e-01	2.80e-01	6.76e-02	5.38e-03
 1.75125e+22	1.91e-32	3.22e-19	2.92e-16	8.43e-14	5.01e-12	1.81e-10	6.57e-09	5.43e-06	3.48e-04	6.63e-03	3.95e-02	1.28e-01	2.01e-01	1.57e-01	1.33e-01	2.67e-01	6.22e-02	4.79e-03
 1.76040e+22	2.77e-32	4.49e-19	3.92e-16	1.08e-13	6.12e-12	2.11e-10	7.35e-09	6.10e-06	3.90e-04	7.36e-03	4.29e-02	1.36e-01	2.08e-01	1.58e-01	1.30e-01	2.55e-01	5.77e-02	4.31e-03
 1.76976e+22	4.19e-32	6.55e-19	5.46e-16	1.43e-13	7.67e-12	2.51e-10	8.36e-09	6.93e-06	4.41e-04	8.25e-03	4.70e-02	1.45e-01	2.16e-01	1.59e-01	1.27e-01	2.41e-01	5.28e-02	3.82e-03
 1.77925e+22	6.02e-32	9.09e-19	7.29e-16	1.82e-13	9.35e-12	2.92e-10	9.35e-09	7.74e-06	4.91e-04	9.09e-03	5.08e-02	1.53e-01	2.22e-01	1.59e-01	1.24e-01	2.30e-01	4.88e-02	3.43e-03
 1.78901e+22	9.13e-32	1.33e-18	1.02e-15	2.41e-13	1.17e-11	3.48e-10	1.07e-08	8.78e-06	5.54e-04	1.01e-02	5.55e-02	1.62e-01	2.29e-01	1.59e-01	1.20e-01	2.17e-01	4.44e-02	3.02e-03
 1.79906e+22	1.31e-31	1.84e-18	1.36e-15	3.07e-13	1.43e-11	4.06e-10	1.20e-08	9.78e-06	6.14e-04	1.11e-02	5.97e-02	1.70e-01	2.34e-01	1.59e-01	1.16e-01	2.05e-01	4.09e-02	2.70e-03
 1.80948e+22	2.00e-31	2.70e-18	1.91e-15	4.09e-13	1.81e-11	4.87e-10	1.38e-08	1.11e-05	6.91e-04	1.24e-02	6.50e-02	1.79e-01	2.40e-01	1.58e-01	1.12e-01	1.92e-01	3.69e-02	2.35e-03
 1.82020e+22	2.87e-31	3.76e-18	2.56e-15	5.23e-13	2.22e-11	5.70e-10	1.55e-08	1.23e-05	7.64e-04	1.36e-02	6.97e-02	1.88e-01	2.45e-01	1.57e-01	1.09e-01	1.81e-01	3.38e-02	2.09e-03
 1.83133e+22	4.37e-31	5.53e-18	3.60e-15	6.97e-13	2.81e-11	6.87e-10	1.79e-08	1.39e-05	8.57e-04	1.50e-02	7.56e-02	1.97e-01	2.51e-01	1.55e-01	1.04e-01	1.69e-01	3.04e-02	1.81e-03
 1.84276e+22	6.24e-31	7.64e-18	4.79e-15	8.89e-13	3.44e-11	8.05e-10	2.02e-08	1.55e-05	9.44e-04	1.64e-02	8.07e-02	2.05e-01	2.54e-01	1.54e-01	1.00e-01	1.59e-01	2.77e-02	1.60e-03
 1.85486e+22	9.68e-31	1.14e-17	6.84e-15	1.20e-12	4.42e-11	9.81e-10	2.36e-08	1.76e-05	1.06e-03	1.82e-02	8.74e-02	2.15e-01	2.59e-01	1.51e-01	9.57e-02	1.47e-01	2.46e-02	1.37e-03
 1.86708e+22	1.36e-30	1.56e-17	9.02e-15	1.52e-12	5.37e-11	1.15e-09	2.66e-08	1.94e-05	1.16e-03	1.97e-02	9.29e-02	2.23e-01	2.61e-01	1.49e-01	9.20e-02	1.38e-01	2.24e-02	1.21e-03
 1.87956e+22	2.10e-30	2.31e-17	1.28e-14	2.05e-12	6.89e-11	1.40e-09	3.11e-08	2.20e-05	1.30e-03	2.17e-02	1.00e-01	2.32e-01	2.64e-01	1.46e-01	8.73e-02	1.27e-01	1.98e-02	1.03e-03
 1.89232e+22	2.95e-30	3.16e-17	1.69e-14	2.59e-12	8.38e-11	1.64e-09	3.51e-08	2.43e-05	1.42e-03	2.35e-02	1.06e-01	2.39e-01	2.66e-01	1.43e-01	8.35e-02	1.18e-01	1.79e-02	9.05e-04
 1.90337e+22	4.03e-30	4.19e-17	2.17e-14	3.21e-12	1.00e-10	1.89e-09	3.94e-08	2.66e-05	1.54e-03	2.51e-02	1.12e-01	2.46e-01	2.67e-01	1.40e-01	8.01e-02	1.11e-01	1.64e-02	8.03e-04
 1.91563e+22	5.97e-30	6.00e-17	2.99e-14	4.21e-12	1.26e-10	2.27e-09	4.55e-08	2.97e-05	1.70e-03	2.74e-02	1.19e-01	2.54e-01	2.68e-01	1.37e-01	7.59e-02	1.02e-01	1.45e-02	6.87e-04
 1.92806e+22	8.10e-30	7.93e-17	3.84e-14	5.20e-12	1.51e-10	2.62e-09	5.10e-08	3.25e-05	1.84e-03	2.93e-02	1.25e-01	2.60e-01	2.69e-01	1.34e-01	7.26e-02	9.56e-02	1.32e-02	6.08e-04
 1.94071e+22	1.20e-29	1.13e-16	5.27e-14	6.83e-12	1.89e-10	3.15e-09	5.90e-08	3.64e-05	2.02e-03	3.18e-02	1.32e-01	2.67e-01	2.69e-01	1.29e-01	6.85e-02	8.75e-02	1.17e-02	5.18e-04
 1.95353e+22	1.61e-29	1.49e-16	6.72e-14	8.40e-12	2.26e-10	3.64e-09	6.60e-08	3.97e-05	2.18e-03	3.39e-02	1.39e-01	2.73e-01	2.68e-01	1.26e-01	6.54e-02	8.18e-02	1.06e-02	4.57e-04
 1.96658e+22	2.37e-29	2.12e-16	9.20e-14	1.10e-11	2.83e-10	4.38e-09	7.65e-08	4.44e-05	2.40e-03	3.67e-02	1.47e-01	2.80e-01	2.67e-01	1.22e-01	6.15e-02	7.46e-02	9.31e-03	3.88e-04
 1.97941e+22	3.12e-29	2.72e-16	1.15e-13	1.33e-11	3.33e-10	5.00e-09	8.50e-08	4.81e-05	2.57e-03	3.88e-02	1.53e-01	2.84e-01	2.66e-01	1.19e-01	5.87e-02	6.99e-02	8.49e-03	3.44e-04
 1.99195e+22	4.49e-29	3.79e-16	1.55e-13	1.71e-11	4.13e-10	5.95e-09	9.77e-08	5.35e-05	2.81e-03	4.18e-02	1.61e-01	2.90e-01	2.64e-01	1.14e-01	5.52e-02	6.38e-02	7.49e-03	2.93e-04
 2.00465e+22	5.81e-29	4.79e-16	1.91e-13	2.06e-11	4.82e-10	6.77e-09	1.08e-07	5.79e-05	3.00e-03	4.40e-02	1.66e-01	2.94e-01	2.62e-01	1.11e-01	5.27e-02	5.98e-02	6.84e-03	2.61e-04
 2.01755e+22	8.31e-29	6.64e-16	2.56e-13	2.64e-11	5.96e-10	8.06e-09	1.25e-07	6.43e-05	3.27e-03	4.72e-02	1.75e-01	2.99e-01	2.59e-01	1.07e-01	4.94e-02	5.45e-02	6.02e-03	2.22e-04
 2.03070e+22	1.09e-28	8.47e-16	3.19e-13	3.19e-11	7.01e-10	9.22e-09	1.39e-07	6.97e-05	3.49e-03	4.98e-02	1.81e-01	3.02e-01	2.57e-01	1.04e-01	4.70e-02	5.08e-02	5.46e-03	1.96e-04
 2.04417e+22	1.55e-28	1.18e-15	4.27e-13	4.10e-11	8.68e-10	1.10e-08	1.60e-07	7.75e-05	3.81e-03	5.34e-02	1.89e-01	3.06e-01	2.53e-01	9.91e-02	4.39e-02	4.61e-02	4.78e-03	1.66e-04
 2.05786e+22	2.03e-28	1.50e-15	5.32e-13	4.96e-11	1.02e-09	1.26e-08	1.79e-07	8.42e-05	4.07e-03	5.63e-02	1.96e-01	3.09e-01	2.50e-01	9.57e-02	4.16e-02	4.28e-02	4.32e-03	1.46e-04
 2.07185e+22	2.90e-28	2.08e-15	7.12e-13	6.37e-11	1.27e-09	1.50e-08	2.06e-07	9.38e-05	4.44e-03	6.02e-02	2.05e-01	3.12e-01	2.46e-01	9.13e-02	3.87e-02	3.87e-02	3.77e-03	1.23e-04
 2.08610e+22	3.79e-28	2.66e-15	8.89e-13	7.72e-11	1.50e-09	1.73e-08	2.31e-07	1.02e-04	4.75e-03	6.34e-02	2.11e-01	3.15e-01	2.42e-01	8.79e-02	3.66e-02	3.58e-02	3.39e-03	1.08e-04
 2.09857e+22	4.93e-28	3.38e-15	1.10e-12	9.31e-11	1.76e-09	1.97e-08	2.57e-07	1.11e-04	5.07e-03	6.66e-02	2.18e-01	3.17e-01	2.38e-01	8.46e-02	3.46e-02	3.32e-02	3.06e-03	9.44e-05
 2.11266e+22	6.91e-28	4.60e-15	1.46e-12	1.18e-10	2.16e-09	2.35e-08	2.96e-07	1.23e-04	5.50e-03	7.09e-02	2.27e-01	3.19e-01	2.33e-01	8.04e-02	3.21e-02	3.00e-02	2.67e-03	7.95e-05
 2.12673e+22	8.78e-28	5.72e-15	1.77e-12	1.41e-10	2.51e-09	2.66e-08	3.28e-07	1.33e-04	5.85e-03	7.42e-02	2.33e-01	3.20e-01	2.29e-01	7.74e-02	3.04e-02	2.79e-02	2.42e-03	7.03e-05
 2.14077e+22	1.23e-27	7.76e-15	2.33e-12	1.78e-10	3.07e-09	3.15e-08	3.76e-07	1.47e-04	6.33e-03	7.88e-02	2.41e-01	3.21e-01	2.24e-01	7.34e-02	2.82e-02	2.52e-02	2.11e-03	5.92e-05
 2.15502e+22	1.56e-27	9.66e-15	2.85e-12	2.12e-10	3.58e-09	3.58e-08	4.18e-07	1.59e-04	6.73e-03	8.24e-02	2.48e-01	3.21e-01	2.19e-01	7.05e-02	2.66e-02	2.33e-02	1.90e-03	5.21e-05
 2.16955e+22	2.15e-27	1.29e-14	3.71e-12	2.67e-10	4.36e-09	4.23e-08	4.79e-07	1.76e-04	7.28e-03	8.73e-02	2.56e-01	3.22e-01	2.14e-01	6.68e-02	2.47e-02	2.10e-02	1.66e-03	4.40e-05
 2.18458e+22	2.79e-27	1.64e-14	4.59e-12	3.22e-10	5.13e-09	4.86e-08	5.36e-07	1.92e-04	7.77e-03	9.14e-02	2.63e-01	3.22e-01	2.09e-01	6.38e-02	2.32e-02	1.93e-02	1.48e-03	3.83e-05
 2.20026e+22	3.93e-27	2.23e-14	6.07e-12	4.11e-10	6.34e-09	5.80e-08	6.20e-07	2.14e-04	8.44e-03	9.70e-02	2.71e-01	3.21e-01	2.02e-01	6.00e-02	2.13e-02	1.73e-02	1.28e-03	3.18e-05
 2.21622e+22	5.09e-27	2.82e-14	7.53e-12	4.96e-10	7.47e-09	6.66e-08	6.94e-07	2.33e-04	9.01e-03	1.02e-01	2.78e-01	3.20e-01	1.97e-01	5.71e-02	1.99e-02	1.58e-02	1.14e-03	2.75e-05
 2.23252e+22	7.16e-27	3.83e-14	9.94e-12	6.33e-10	9.23e-09	7.96e-08	8.04e-07	2.60e-04	9.79e-03	1.08e-01	2.86e-01	3.19e-01	1.90e-01	5.35e-02	1.82e-02	1.41e-02	9.79e-04	2.28e-05
 2.24941e+22	9.44e-27	4.91e-14	1.25e-11	7.73e-10	1.10e-08	9.23e-08	9.08e-07	2.85e-04	1.05e-02	1.13e-01	2.93e-01	3.17e-01	1.85e-01	5.07e-02	1.70e-02	1.28e-02	8.64e-04	1.95e-05
 2.26705e+22	1.35e-26	6.78e-14	1.67e-11	9.99e-10	1.37e-08	1.11e-07	1.06e-06	3.20e-04	1.14e-02	1.20e-01	3.02e-01	3.14e-01	1.78e-01	4.72e-02	1.54e-02	1.13e-02	7.33e-04	1.60e-05
 2.28499e+22	1.79e-26	8.72e-14	2.11e-11	1.23e-09	1.64e-08	1.30e-07	1.20e-06	3.52e-04	1.22e-02	1.25e-01	3.09e-01	3.12e-01	1.72e-01	4.45e-02	1.43e-02	1.02e-02	6.43e-04	1.36e-05
 2.30332e+22	2.58e-26	1.21e-13	2.83e-11	1.59e-09	2.06e-08	1.57e-07	1.40e-06	3.96e-04	1.34e-02	1.33e-01	3.17e-01	3.08e-01	1.64e-01	4.12e-02	1.29e-02	8.98e-03	5.42e-04	1.10e-05
 2.32209e+22	3.45e-26	1.57e-13	3.60e-11	1.96e-09	2.47e-08	1.83e-07	1.60e-06	4.36e-04	1.43e-02	1.39e-01	3.24e-01	3.05e-01	1.58e-01	3.86e-02	1.19e-02	8.07e-03	4.72e-04	9.27e-06
 2.34145e+22	5.05e-26	2.20e-13	4.90e-11	2.57e-09	3.13e-08	2.24e-07	1.88e-06	4.93e-04	1.57e-02	1.48e-01	3.32e-01	3.00e-01	1.51e-01	3.55e-02	1.06e-02	7.00e-03	3.92e-04	7.40e-06
 2.36125e+22	6.77e-26	2.87e-13	6.26e-11	3.19e-09	3.78e-08	2.63e-07	2.15e-06	5.44e-04	1.68e-02	1.54e-01	3.38e-01	2.96e-01	1.44e-01	3.31e-02	9.71e-03	6.25e-03	3.39e-04	6.18e-06
 2.38162e+22	1.01e-25	4.12e-13	8.68e-11	4.25e-09	4.85e-08	3.24e-07	2.56e-06	6.18e-04	1.85e-02	1.64e-01	3.46e-01	2.90e-01	1.36e-01	3.01e-02	8.61e-03	5.35e-03	2.77e-04	4.84e-06
 2.40212e+22	1.36e-25	5.37e-13	1.11e-10	5.26e-09	5.84e-08	3.80e-07	2.91e-06	6.82e-04	1.98e-02	1.71e-01	3.52e-01	2.85e-01	1.30e-01	2.80e-02	7.86e-03	4.77e-03	2.39e-04	4.03e-06
 2.42277e+22	2.03e-25	7.73e-13	1.54e-10	7.02e-09	7.51e-08	4.70e-07	3.47e-06	7.75e-04	2.17e-02	1.81e-01	3.59e-01	2.78e-01	1.22e-01	2.54e-02	6.92e-03	4.06e-03	1.94e-04	3.12e-06
 2.44370e+22	2.75e-25	1.02e-12	1.98e-10	8.76e-09	9.11e-08	5.54e-07	3.97e-06	8.57e-04	2.33e-02	1.89e-01	3.64e-01	2.73e-01	1.16e-01	2.34e-02	6.27e-03	3.58e-03	1.65e-04	2.57e-06
 2.46133e+22	3.62e-25	1.31e-12	2.49e-10	1.07e-08	1.09e-07	6.43e-07	4.49e-06	9.38e-04	2.48e-02	1.97e-01	3.68e-01	2.67e-01	1.11e-01	2.18e-02	5.73e-03	3.19e-03	1.42e-04	2.14e-06
 2.48057e+22	5.24e-25	1.85e-12	3.38e-10	1.40e-08	1.37e-07	7.85e-07	5.30e-06	1.06e-03	2.70e-02	2.07e-01	3.74e-01	2.59e-01	1.04e-01	1.97e-02	5.06e-03	2.72e-03	1.16e-04	1.67e-06
 2.49962e+22	6.82e-25	2.36e-12	4.22e-10	1.70e-08	1.63e-07	9.07e-07	5.98e-06	1.15e-03	2.87e-02	2.15e-01	3.78e-01	2.53e-01	9.90e-02	1.83e-02	4.61e-03	2.42e-03	9.99e-05	1.39e-06
 2.51842e+22	1.53e-24	3.29e-12	5.68e-10	2.20e-08	2.04e-07	1.10e-06	7.02e-06	1.30e-03	3.11e-02	2.25e-01	3.82e-01	2.45e-01	9.24e-02	1.65e-02	4.07e-03	2.06e-03	8.14e-05	1.08e-06
 2.53744e+22	2.00e-24	4.25e-12	7.14e-10	2.68e-08	2.43e-07	1.28e-06	7.96e-06	1.42e-03	3.31e-02	2.34e-01	3.85e-01	2.39e-01	8.76e-02	1.52e-02	3.69e-03	1.82e-03	6.94e-05	8.94e-07
 2.55676e+22	2.86e-24	5.99e-12	9.70e-10	3.50e-08	3.08e-07	1.57e-06	9.43e-06	1.60e-03	3.59e-02	2.45e-01	3.88e-01	2.30e-01	8.11e-02	1.35e-02	3.22e-03	1.53e-03	5.56e-05	6.84e-07
 2.57620e+22	3.74e-24	7.76e-12	1.22e-09	4.28e-08	3.68e-07	1.83e-06	1.07e-05	1.76e-03	3.82e-02	2.54e-01	3.91e-01	2.23e-01	7.64e-02	1.24e-02	2.90e-03	1.34e-03	4.70e-05	5.57e-07
 2.59580e+22	5.31e-24	1.09e-11	1.66e-09	5.58e-08	4.67e-07	2.24e-06	1.28e-05	1.99e-03	4.15e-02	2.66e-01	3.93e-01	2.13e-01	7.04e-02	1.10e-02	2.52e-03	1.12e-03	3.73e-05	4.21e-07
 2.61567e+22	6.97e-24	1.44e-11	2.11e-09	6.89e-08	5.64e-07	2.64e-06	1.46e-05	2.19e-03	4.44e-02	2.75e-01	3.94e-01	2.05e-01	6.57e-02	9.97e-03	2.24e-03	9.65e-04	3.10e-05	3.36e-07
 2.63589e+22	9.85e-24	2.04e-11	2.87e-09	9.03e-08	7.21e-07	3.27e-06	1.76e-05	2.49e-03	4.83e-02	2.88e-01	3.95e-01	1.95e-01	5.99e-02	8.73e-03	1.92e-03	7.93e-04	2.42e-05	2.49e-07
 2.65639e+22	1.29e-23	2.69e-11	3.66e-09	1.12e-07	8.75e-07	3.88e-06	2.03e-05	2.76e-03	5.17e-02	2.99e-01	3.95e-01	1.86e-01	5.55e-02	7.84e-03	1.70e-03	6.77e-04	1.98e-05	1.95e-07
 2.67358e+22	1.62e-23	3.43e-11	4.53e-09	1.35e-07	1.04e-06	4.51e-06	2.32e-05	3.03e-03	5.49e-02	3.08e-01	3.94e-01	1.79e-01	5.18e-02	7.10e-03	1.52e-03	5.85e-04	1.65e-05	1.57e-07
 2.69216e+22	2.17e-23	4.69e-11	5.96e-09	1.73e-07	1.30e-06	5.51e-06	2.76e-05	3.42e-03	5.94e-02	3.21e-01	3.92e-01	1.69e-01	4.70e-02	6.21e-03	1.30e-03	4.82e-04	1.29e-05	1.17e-07
 2.71084e+22	2.71e-23	5.95e-11	7.35e-09	2.09e-07	1.55e-06	6.44e-06	3.16e-05	3.76e-03	6.31e-02	3.31e-01	3.91e-01	1.61e-01	4.36e-02	5.58e-03	1.15e-03	4.14e-04	1.06e-05	0.00e+00
 2.72884e+22	3.47e-23	7.88e-11	9.41e-09	2.61e-07	1.92e-06	7.77e-06	3.73e-05	4.22e-03	6.80e-02	3.43e-01	3.88e-01	1.52e-01	3.96e-02	4.89e-03	9.94e-04	3.42e-04	8.37e-06	0.00e+00
 2.74725e+22	4.26e-23	1.00e-10	1.16e-08	3.16e-07	2.30e-06	9.16e-06	4.31e-05	4.67e-03	7.25e-02	3.53e-01	3.84e-01	1.44e-01	3.63e-02	4.34e-03	8.71e-04	2.89e-04	6.77e-06	0.00e+00
 2.76502e+22	5.22e-23	1.28e-10	1.45e-08	3.87e-07	2.79e-06	1.09e-05	5.05e-05	5.21e-03	7.76e-02	3.64e-01	3.80e-01	1.35e-01	3.30e-02	3.82e-03	7.54e-04	2.41e-04	5.39e-06	0.00e+00
 2.78304e+22	6.31e-23	1.62e-10	1.78e-08	4.70e-07	3.36e-06	1.29e-05	5.88e-05	5.79e-03	8.29e-02	3.75e-01	3.75e-01	1.27e-01	3.00e-02	3.36e-03	6.54e-04	2.01e-04	4.30e-06	0.00e+00
 2.80062e+22	7.49e-23	2.02e-10	2.16e-08	5.66e-07	4.03e-06	1.52e-05	6.84e-05	6.42e-03	8.83e-02	3.85e-01	3.70e-01	1.20e-01	2.72e-02	2.95e-03	5.67e-04	1.68e-04	3.43e-06	0.00e+00
 2.81792e+22	8.81e-23	2.49e-10	2.60e-08	6.77e-07	4.81e-06	1.79e-05	7.93e-05	7.11e-03	9.40e-02	3.95e-01	3.64e-01	1.12e-01	2.47e-02	2.60e-03	4.92e-04	1.40e-04	2.74e-06	0.00e+00
 2.83503e+22	1.02e-22	3.03e-10	3.11e-08	8.06e-07	5.72e-06	2.11e-05	9.22e-05	7.88e-03	1.00e-01	4.05e-01	3.57e-01	1.05e-01	2.24e-02	2.28e-03	4.26e-04	1.17e-04	2.19e-06	0.00e+00
 2.85171e+22	1.17e-22	3.63e-10	3.67e-08	9.48e-07	6.72e-06	2.45e-05	1.06e-04	8.66e-03	1.06e-01	4.14e-01	3.50e-01	9.85e-02	2.04e-02	2.01e-03	3.72e-04	9.84e-05	1.77e-06	0.00e+00
 2.86871e+22	1.34e-22	4.38e-10	4.37e-08	1.13e-06	8.00e-06	2.88e-05	1.23e-04	9.61e-03	1.13e-01	4.23e-01	3.43e-01	9.17e-02	1.84e-02	1.75e-03	3.20e-04	8.14e-05	1.40e-06	0.00e+00
 2.88604e+22	1.52e-22	5.20e-10	5.13e-08	1.33e-06	9.42e-06	3.35e-05	1.43e-04	1.06e-02	1.19e-01	4.31e-01	3.35e-01	8.55e-02	1.66e-02	1.54e-03	2.76e-04	6.79e-05	1.12e-06	0.00e+00
 2.90313e+22	1.72e-22	6.12e-10	6.00e-08	1.56e-06	1.11e-05	3.91e-05	1.65e-04	1.17e-02	1.27e-01	4.39e-01	3.26e-01	7.95e-02	1.50e-02	1.34e-03	2.39e-04	5.64e-05	8.88e-07	0.00e+00
 2.92042e+22	1.94e-22	7.17e-10	7.00e-08	1.82e-06	1.30e-05	4.55e-05	1.91e-04	1.29e-02	1.34e-01	4.46e-01	3.18e-01	7.39e-02	1.35e-02	1.17e-03	2.06e-04	4.68e-05	7.06e-07	0.00e+00
 2.93794e+22	2.19e-22	8.36e-10	8.15e-08	2.13e-06	1.53e-05	5.30e-05	2.21e-04	1.43e-02	1.42e-01	4.53e-01	3.09e-01	6.84e-02	1.21e-02	1.02e-03	1.77e-04	3.88e-05	5.59e-07	0.00e+00
 2.95574e+22	2.47e-22	9.69e-10	9.47e-08	2.49e-06	1.80e-05	6.18e-05	2.57e-04	1.57e-02	1.50e-01	4.60e-01	2.99e-01	6.33e-02	1.08e-02	8.88e-04	1.51e-04	3.20e-05	4.41e-07	0.00e+00
 2.97364e+22	2.79e-22	1.12e-09	1.10e-07	2.90e-06	2.11e-05	7.17e-05	2.97e-04	1.73e-02	1.58e-01	4.65e-01	2.90e-01	5.85e-02	9.72e-03	7.73e-04	1.30e-04	2.65e-05	3.49e-07	0.00e+00
 2.99196e+22	3.12e-22	1.29e-09	1.27e-07	3.39e-06	2.48e-05	8.36e-05	3.45e-04	1.92e-02	1.67e-01	4.70e-01	2.80e-01	5.38e-02	8.67e-03	6.68e-04	1.11e-04	2.17e-05	2.74e-07	0.00e+00
 3.01040e+22	3.54e-22	1.47e-09	1.47e-07	3.94e-06	2.89e-05	9.67e-05	3.97e-04	2.11e-02	1.76e-01	4.74e-01	2.70e-01	4.96e-02	7.76e-03	5.81e-04	9.49e-05	1.80e-05	2.17e-07	0.00e+00
 3.02933e+22	4.09e-22	1.68e-09	1.71e-07	4.61e-06	3.40e-05	1.13e-04	4.63e-04	2.33e-02	1.86e-01	4.78e-01	2.59e-01	4.54e-02	6.88e-03	4.99e-04	8.03e-05	1.46e-05	1.68e-07	0.00e+00
 3.04708e+22	4.61e-22	1.88e-09	1.93e-07	5.23e-06	3.87e-05	1.28e-04	5.22e-04	2.52e-02	1.94e-01	4.81e-01	2.51e-01	4.23e-02	6.26e-03	4.43e-04	7.04e-05	1.24e-05	1.38e-07	0.00e+00
 3.06520e+22	5.38e-22	2.15e-09	2.25e-07	6.14e-06	4.56e-05	1.49e-04	6.08e-04	2.79e-02	2.04e-01	4.83e-01	2.40e-01	3.85e-02	5.53e-03	3.79e-04	5.93e-05	1.01e-05	0.00e+00	0.00e+00
 3.08357e+22	6.16e-22	2.39e-09	2.54e-07	6.96e-06	5.18e-05	1.68e-04	6.84e-04	3.01e-02	2.12e-01	4.84e-01	2.32e-01	3.58e-02	5.02e-03	3.36e-04	5.19e-05	8.54e-06	0.00e+00	0.00e+00
 3.10227e+22	7.34e-22	2.74e-09	2.98e-07	8.18e-06	6.11e-05	1.96e-04	7.96e-04	3.32e-02	2.23e-01	4.85e-01	2.21e-01	3.25e-02	4.42e-03	2.87e-04	4.36e-05	6.90e-06	0.00e+00	0.00e+00
 3.12146e+22	8.51e-22	3.06e-09	3.38e-07	9.33e-06	6.97e-05	2.22e-04	8.99e-04	3.60e-02	2.32e-01	4.84e-01	2.12e-01	3.00e-02	3.99e-03	2.52e-04	3.78e-05	5.80e-06	0.00e+00	0.00e+00
 3.14127e+22	1.03e-21	3.52e-09	3.99e-07	1.10e-05	8.25e-05	2.60e-04	1.05e-03	3.98e-02	2.44e-01	4.83e-01	2.01e-01	2.71e-02	3.49e-03	2.14e-04	3.15e-05	4.64e-06	0.00e+00	0.00e+00
 3.16134e+22	1.22e-21	3.95e-09	4.56e-07	1.26e-05	9.41e-05	2.94e-04	1.18e-03	4.29e-02	2.53e-01	4.82e-01	1.93e-01	2.50e-02	3.15e-03	1.88e-04	2.73e-05	3.90e-06	0.00e+00	0.00e+00
 3.18175e+22	1.50e-21	4.55e-09	5.41e-07	1.49e-05	1.12e-04	3.44e-04	1.38e-03	4.74e-02	2.65e-01	4.79e-01	1.82e-01	2.24e-02	2.74e-03	1.58e-04	2.26e-05	3.10e-06	0.00e+00	0.00e+00
 3.20227e+22	1.78e-21	5.12e-09	6.21e-07	1.71e-05	1.27e-04	3.87e-04	1.55e-03	5.10e-02	2.74e-01	4.76e-01	1.74e-01	2.07e-02	2.47e-03	1.39e-04	1.96e-05	2.61e-06	0.00e+00	0.00e+00
 3.22293e+22	2.22e-21	5.92e-09	7.38e-07	2.03e-05	1.50e-04	4.52e-04	1.81e-03	5.61e-02	2.86e-01	4.72e-01	1.63e-01	1.85e-02	2.15e-03	1.17e-04	1.62e-05	2.07e-06	0.00e+00	0.00e+00
 3.24384e+22	2.67e-21	6.70e-09	8.51e-07	2.32e-05	1.71e-04	5.09e-04	2.02e-03	6.03e-02	2.95e-01	4.68e-01	1.56e-01	1.70e-02	1.93e-03	1.03e-04	1.40e-05	1.74e-06	0.00e+00	0.00e+00
 3.26508e+22	3.39e-21	7.81e-09	1.02e-06	2.76e-05	2.02e-04	5.93e-04	2.35e-03	6.62e-02	3.07e-01	4.62e-01	1.46e-01	1.52e-02	1.68e-03	8.64e-05	1.16e-05	1.38e-06	0.00e+00	0.00e+00
 3.28666e+22	4.13e-21	8.89e-09	1.18e-06	3.18e-05	2.31e-04	6.68e-04	2.63e-03	7.10e-02	3.16e-01	4.56e-01	1.38e-01	1.39e-02	1.50e-03	7.55e-05	9.98e-06	1.15e-06	0.00e+00	0.00e+00
 3.30868e+22	5.33e-21	1.05e-08	1.43e-06	3.81e-05	2.74e-04	7.80e-04	3.06e-03	7.78e-02	3.27e-01	4.48e-01	1.29e-01	1.23e-02	1.30e-03	6.30e-05	8.19e-06	9.07e-07	0.00e+00	0.00e+00
 3.33110e+22	6.59e-21	1.20e-08	1.67e-06	4.41e-05	3.14e-04	8.80e-04	3.42e-03	8.35e-02	3.36e-01	4.42e-01	1.22e-01	1.12e-02	1.15e-03	5.48e-05	7.01e-06	7.52e-07	0.00e+00	0.00e+00
 3.35405e+22	8.67e-21	1.43e-08	2.04e-06	5.32e-05	3.73e-04	1.03e-03	3.97e-03	9.13e-02	3.48e-01	4.32e-01	1.13e-01	9.89e-03	9.91e-04	4.54e-05	5.71e-06	5.87e-07	0.00e+00	0.00e+00
 3.37751e+22	1.09e-20	1.67e-08	2.41e-06	6.19e-05	4.29e-04	1.16e-03	4.46e-03	9.79e-02	3.56e-01	4.24e-01	1.06e-01	8.96e-03	8.78e-04	3.92e-05	4.85e-06	4.83e-07	0.00e+00	0.00e+00
 3.39727e+22	1.34e-20	1.90e-08	2.79e-06	7.09e-05	4.85e-04	1.30e-03	4.93e-03	1.04e-01	3.64e-01	4.16e-01	1.00e-01	8.19e-03	7.88e-04	3.44e-05	4.19e-06	4.06e-07	0.00e+00	0.00e+00
 3.41862e+22	1.74e-20	2.25e-08	3.36e-06	8.44e-05	5.68e-04	1.49e-03	5.63e-03	1.12e-01	3.73e-01	4.06e-01	9.26e-02	7.26e-03	6.81e-04	2.88e-05	3.46e-06	3.22e-07	0.00e+00	0.00e+00
 3.44005e+22	2.16e-20	2.60e-08	3.91e-06	9.67e-05	6.42e-04	1.66e-03	6.20e-03	1.19e-01	3.80e-01	3.98e-01	8.74e-02	6.65e-03	6.12e-04	2.53e-05	3.00e-06	2.71e-07	0.00e+00	0.00e+00
 3.46161e+22	2.83e-20	3.10e-08	4.74e-06	1.15e-04	7.51e-04	1.90e-03	7.04e-03	1.28e-01	3.88e-01	3.87e-01	8.07e-02	5.89e-03	5.29e-04	2.12e-05	2.47e-06	2.15e-07	0.00e+00	0.00e+00
 3.48300e+22	3.52e-20	3.58e-08	5.50e-06	1.32e-04	8.44e-04	2.10e-03	7.71e-03	1.35e-01	3.94e-01	3.78e-01	7.61e-02	5.39e-03	4.76e-04	1.87e-05	2.14e-06	1.82e-07	0.00e+00	0.00e+00
 3.50417e+22	4.63e-20	4.29e-08	6.66e-06	1.57e-04	9.83e-04	2.40e-03	8.70e-03	1.45e-01	4.01e-01	3.67e-01	7.02e-02	4.77e-03	4.12e-04	1.57e-05	1.77e-06	1.45e-07	0.00e+00	0.00e+00
 3.52559e+22	5.80e-20	4.99e-08	7.77e-06	1.80e-04	1.11e-03	2.65e-03	9.53e-03	1.52e-01	4.06e-01	3.57e-01	6.60e-02	4.35e-03	3.69e-04	1.37e-05	1.53e-06	0.00e+00	0.00e+00	0.00e+00
 3.54734e+22	7.74e-20	6.06e-08	9.46e-06	2.14e-04	1.29e-03	3.02e-03	1.07e-02	1.62e-01	4.12e-01	3.45e-01	6.07e-02	3.85e-03	3.19e-04	1.15e-05	1.27e-06	0.00e+00	0.00e+00	0.00e+00
 3.56949e+22	9.83e-20	7.11e-08	1.11e-05	2.48e-04	1.46e-03	3.36e-03	1.18e-02	1.71e-01	4.16e-01	3.35e-01	5.67e-02	3.49e-03	2.84e-04	1.00e-05	1.08e-06	0.00e+00	0.00e+00	0.00e+00
 3.59216e+22	1.34e-19	8.73e-08	1.37e-05	2.98e-04	1.71e-03	3.84e-03	1.32e-02	1.82e-01	4.21e-01	3.22e-01	5.17e-02	3.06e-03	2.43e-04	8.32e-06	8.85e-07	0.00e+00	0.00e+00	0.00e+00
 3.61501e+22	1.72e-19	1.04e-07	1.61e-05	3.44e-04	1.93e-03	4.25e-03	1.44e-02	1.91e-01	4.24e-01	3.12e-01	4.83e-02	2.77e-03	2.16e-04	7.24e-06	7.59e-07	0.00e+00	0.00e+00	0.00e+00
 3.63807e+22	2.35e-19	1.28e-07	1.99e-05	4.15e-04	2.26e-03	4.86e-03	1.63e-02	2.04e-01	4.28e-01	2.99e-01	4.38e-02	2.41e-03	1.84e-04	5.97e-06	6.15e-07	0.00e+00	0.00e+00	0.00e+00
 3.66138e+22	3.04e-19	1.53e-07	2.36e-05	4.81e-04	2.55e-03	5.38e-03	1.77e-02	2.13e-01	4.29e-01	2.88e-01	4.07e-02	2.18e-03	1.63e-04	5.17e-06	5.25e-07	0.00e+00	0.00e+00	0.00e+00
 3.68501e+22	4.23e-19	1.91e-07	2.93e-05	5.82e-04	3.00e-03	6.15e-03	1.99e-02	2.26e-01	4.31e-01	2.74e-01	3.67e-02	1.89e-03	1.38e-04	4.24e-06	4.23e-07	0.00e+00	0.00e+00	0.00e+00
 3.70917e+22	5.57e-19	2.31e-07	3.50e-05	6.78e-04	3.40e-03	6.82e-03	2.17e-02	2.36e-01	4.32e-01	2.64e-01	3.39e-02	1.69e-03	1.22e-04	3.64e-06	3.58e-07	0.00e+00	0.00e+00	0.00e+00
 3.73404e+22	7.90e-19	2.93e-07	4.39e-05	8.28e-04	4.01e-03	7.82e-03	2.44e-02	2.50e-01	4.31e-01	2.49e-01	3.03e-02	1.46e-03	1.02e-04	2.95e-06	2.85e-07	0.00e+00	0.00e+00	0.00e+00
 3.75940e+22	1.06e-18	3.58e-07	5.28e-05	9.71e-04	4.56e-03	8.68e-03	2.66e-02	2.61e-01	4.30e-01	2.39e-01	2.79e-02	1.30e-03	8.90e-05	2.51e-06	2.39e-07	0.00e+00	0.00e+00	0.00e+00
 3.78539e+22	1.53e-18	4.62e-07	6.70e-05	1.19e-03	5.40e-03	9.98e-03	2.98e-02	2.76e-01	4.28e-01	2.24e-01	2.47e-02	1.10e-03	7.38e-05	2.01e-06	1.88e-07	0.00e+00	0.00e+00	0.00e+00
 3.81159e+22	2.06e-18	5.68e-07	8.08e-05	1.40e-03	6.15e-03	1.11e-02	3.24e-02	2.87e-01	4.25e-01	2.13e-01	2.26e-02	9.78e-04	6.42e-05	1.71e-06	1.57e-07	0.00e+00	0.00e+00	0.00e+00
 3.83807e+22	3.03e-18	7.38e-07	1.03e-04	1.73e-03	7.27e-03	1.27e-02	3.63e-02	3.02e-01	4.21e-01	1.99e-01	1.99e-02	8.28e-04	5.29e-05	1.36e-06	1.23e-07	0.00e+00	0.00e+00	0.00e+00
 3.86327e+22	3.98e-18	8.90e-07	1.22e-04	2.00e-03	8.17e-03	1.39e-02	3.91e-02	3.12e-01	4.17e-01	1.89e-01	1.82e-02	7.38e-04	4.63e-05	1.16e-06	0.00e+00	0.00e+00	0.00e+00	0.00e+00
 3.88683e+22	5.54e-18	1.12e-06	1.50e-04	2.38e-03	9.39e-03	1.56e-02	4.27e-02	3.24e-01	4.11e-01	1.78e-01	1.63e-02	6.42e-04	3.94e-05	9.61e-07	0.00e+00	0.00e+00	0.00e+00	0.00e+00
 3.91199e+22	7.59e-18	1.39e-06	1.81e-04	2.80e-03	1.07e-02	1.73e-02	4.63e-02	3.35e-01	4.05e-01	1.68e-01	1.47e-02	5.61e-04	3.37e-05	8.01e-07	0.00e+00	0.00e+00	0.00e+00	0.00e+00
 3.93544e+22	5.60e-18	1.71e-06	2.18e-04	3.28e-03	1.21e-02	1.90e-02	5.00e-02	3.45e-01	3.99e-01	1.58e-01	1.33e-02	4.93e-04	2.90e-05	6.72e-07	0.00e+00	0.00e+00	0.00e+00	0.00e+00
 3.95745e+22	7.34e-18	2.06e-06	2.57e-04	3.77e-03	1.35e-02	2.08e-02	5.35e-02	3.54e-01	3.92e-01	1.49e-01	1.21e-02	4.37e-04	2.52e-05	5.72e-07	0.00e+00	0.00e+00	0.00e+00	0.00e+00
 3.97827e+22	9.59e-18	2.48e-06	3.03e-04	4.33e-03	1.50e-02	2.26e-02	5.71e-02	3.63e-01	3.85e-01	1.41e-01	1.10e-02	3.88e-04	2.20e-05	4.87e-07	0.00e+00	0.00e+00	0.00e+00	0.00e+00
 4.00220e+22	1.36e-17	3.15e-06	3.73e-04	5.17e-03	1.72e-02	2.52e-02	6.19e-02	3.73e-01	3.76e-01	1.31e-01	9.72e-03	3.33e-04	1.84e-05	3.97e-07	0.00e+00	0.00e+00	0.00e+00	0.00e+00
 4.02655e+22	1.80e-17	3.82e-06	4.41e-04	5.96e-03	1.93e-02	2.75e-02	6.61e-02	3.81e-01	3.67e-01	1.23e-01	8.77e-03	2.93e-04	1.59e-05	3.34e-07	0.00e+00	0.00e+00	0.00e+00	0.00e+00
 4.05147e+22	2.57e-17	4.88e-06	5.45e-04	7.10e-03	2.20e-02	3.05e-02	7.14e-02	3.91e-01	3.56e-01	1.13e-01	7.71e-03	2.49e-04	1.32e-05	2.70e-07	0.00e+00	0.00e+00	0.00e+00	0.00e+00
 4.07700e+22	3.53e-17	6.01e-06	6.53e-04	8.26e-03	2.47e-02	3.34e-02	7.63e-02	3.98e-01	3.46e-01	1.05e-01	6.87e-03	2.16e-04	1.12e-05	2.24e-07	0.00e+00	0.00e+00	0.00e+00	0.00e+00
 4.09952e+22	4.69e-17	7.31e-06	7.73e-04	9.51e-03	2.75e-02	3.62e-02	8.10e-02	4.04e-01	3.36e-01	9.80e-02	6.15e-03	1.89e-04	9.62e-06	1.87e-07	0.00e+00	0.00e+00	0.00e+00	0.00e+00
 4.12498e+22	6.77e-17	9.35e-06	9.53e-04	1.13e-02	3.14e-02	4.00e-02	8.69e-02	4.11e-01	3.23e-01	8.95e-02	5.35e-03	1.60e-04	7.93e-06	1.50e-07	0.00e+00	0.00e+00	0.00e+00	0.00e+00
 4.15161e+22	9.44e-17	1.16e-05	1.15e-03	1.32e-02	3.52e-02	4.37e-02	9.25e-02	4.16e-01	3.11e-01	8.22e-02	4.70e-03	1.37e-04	6.63e-06	1.22e-07	0.00e+00	0.00e+00	0.00e+00	0.00e+00
 4.17582e+22	1.29e-16	1.43e-05	1.37e-03	1.52e-02	3.92e-02	4.74e-02	9.78e-02	4.20e-01	2.99e-01	7.56e-02	4.15e-03	1.18e-04	5.58e-06	0.00e+00	0.00e+00	0.00e+00	0.00e+00	0.00e+00
 4.20334e+22	1.91e-16	1.86e-05	1.70e-03	1.82e-02	4.48e-02	5.23e-02	1.05e-01	4.23e-01	2.83e-01	6.77e-02	3.53e-03	9.70e-05	4.48e-06	0.00e+00	0.00e+00	0.00e+00	0.00e+00	0.00e+00
 4.23154e+22	2.73e-16	2.32e-05	2.05e-03	2.13e-02	5.01e-02	5.68e-02	1.11e-01	4.25e-01	2.70e-01	6.14e-02	3.05e-03	8.18e-05	3.69e-06	0.00e+00	0.00e+00	0.00e+00	0.00e+00	0.00e+00
 4.25651e+22	3.75e-16	2.86e-05	2.45e-03	2.45e-02	5.55e-02	6.12e-02	1.16e-01	4.25e-01	2.57e-01	5.58e-02	2.66e-03	6.95e-05	3.06e-06	0.00e+00	0.00e+00	0.00e+00	0.00e+00	0.00e+00
 4.28486e+22	5.62e-16	3.71e-05	3.04e-03	2.91e-02	6.29e-02	6.71e-02	1.23e-01	4.23e-01	2.40e-01	4.92e-02	2.23e-03	5.65e-05	2.42e-06	0.00e+00	0.00e+00	0.00e+00	0.00e+00	0.00e+00
 4.31412e+22	8.19e-16	4.64e-05	3.66e-03	3.38e-02	6.99e-02	7.24e-02	1.29e-01	4.20e-01	2.25e-01	4.39e-02	1.90e-03	4.69e-05	1.95e-06	0.00e+00	0.00e+00	0.00e+00	0.00e+00	0.00e+00
 4.34032e+22	1.15e-15	5.73e-05	4.35e-03	3.88e-02	7.71e-02	7.75e-02	1.34e-01	4.16e-01	2.11e-01	3.92e-02	1.62e-03	3.92e-05	1.59e-06	0.00e+00	0.00e+00	0.00e+00	0.00e+00	0.00e+00
 4.37015e+22	1.76e-15	7.47e-05	5.40e-03	4.60e-02	8.67e-02	8.41e-02	1.40e-01	4.08e-01	1.94e-01	3.39e-02	1.33e-03	3.11e-05	1.22e-06	0.00e+00	0.00e+00	0.00e+00	0.00e+00	0.00e+00
 4.40031e+22	2.63e-15	9.28e-05	6.44e-03	5.29e-02	9.53e-02	8.97e-02	1.45e-01	4.00e-01	1.79e-01	2.97e-02	1.11e-03	2.54e-05	9.75e-07	0.00e+00	0.00e+00	0.00e+00	0.00e+00	0.00e+00
 4.42670e+22	3.64e-15	1.14e-04	7.60e-03	6.01e-02	1.04e-01	9.50e-02	1.50e-01	3.91e-01	1.66e-01	2.62e-02	9.41e-04	2.10e-05	7.84e-07	0.00e+00	0.00e+00	0.00e+00	0.00e+00	0.00e+00
 4.45682e+22	5.77e-15	1.47e-04	9.31e-03	7.02e-02	1.15e-01	1.02e-01	1.54e-01	3.77e-01	1.50e-01	2.22e-02	7.56e-04	1.64e-05	5.93e-07	0.00e+00	0.00e+00	0.00e+00	0.00e+00	0.00e+00
 4.48766e+22	9.04e-15	1.81e-04	1.10e-02	7.98e-02	1.25e-01	1.07e-01	1.57e-01	3.64e-01	1.36e-01	1.92e-02	6.23e-04	1.32e-05	4.63e-07	0.00e+00	0.00e+00	0.00e+00	0.00e+00	0.00e+00
 4.51511e+22	1.30e-14	2.22e-04	1.29e-02	8.99e-02	1.35e-01	1.12e-01	1.60e-01	3.50e-01	1.24e-01	1.66e-02	5.15e-04	1.06e-05	3.64e-07	0.00e+00	0.00e+00	0.00e+00	0.00e+00	0.00e+00
 4.54649e+22	2.11e-14	2.84e-04	1.57e-02	1.04e-01	1.47e-01	1.18e-01	1.62e-01	3.31e-01	1.09e-01	1.37e-02	4.02e-04	8.07e-06	2.67e-07	0.00e+00	0.00e+00	0.00e+00	0.00e+00	0.00e+00
 4.57857e+22	3.61e-14	3.49e-04	1.85e-02	1.17e-01	1.58e-01	1.22e-01	1.62e-01	3.14e-01	9.67e-02	1.15e-02	3.23e-04	6.33e-06	2.03e-07	0.00e+00	0.00e+00	0.00e+00	0.00e+00	0.00e+00
 4.60694e+22	5.49e-14	4.23e-04	2.14e-02	1.30e-01	1.67e-01	1.26e-01	1.62e-01	2.96e-01	8.61e-02	9.72e-03	2.62e-04	5.01e-06	1.56e-07	0.00e+00	0.00e+00	0.00e+00	0.00e+00	0.00e+00
 4.63466e+22	8.37e-14	5.08e-04	2.46e-02	1.43e-01	1.77e-01	1.30e-01	1.61e-01	2.79e-01	7.65e-02	8.20e-03	2.12e-04	3.96e-06	0.00e+00	0.00e+00	0.00e+00	0.00e+00	0.00e+00	0.00e+00
 4.66618e+22	1.46e-13	6.36e-04	2.92e-02	1.61e-01	1.88e-01	1.33e-01	1.59e-01	2.57e-01	6.55e-02	6.59e-03	1.61e-04	2.94e-06	0.00e+00	0.00e+00	0.00e+00	0.00e+00	0.00e+00	0.00e+00
 4.69804e+22	3.10e-13	7.64e-04	3.35e-02	1.77e-01	1.97e-01	1.35e-01	1.56e-01	2.38e-01	5.71e-02	5.44e-03	1.27e-04	2.27e-06	0.00e+00	0.00e+00	0.00e+00	0.00e+00	0.00e+00	0.00e+00
 4.72574e+22	5.00e-13	9.05e-04	3.80e-02	1.92e-01	2.04e-01	1.36e-01	1.53e-01	2.21e-01	4.99e-02	4.52e-03	1.02e-04	1.77e-06	0.00e+00	0.00e+00	0.00e+00	0.00e+00	0.00e+00	0.00e+00
 4.75712e+22	9.76e-13	1.11e-03	4.43e-02	2.12e-01	2.13e-01	1.37e-01	1.48e-01	2.00e-01	4.18e-02	3.56e-03	7.61e-05	1.29e-06	0.00e+00	0.00e+00	0.00e+00	0.00e+00	0.00e+00	0.00e+00
 4.78807e+22	1.98e-12	1.30e-03	4.97e-02	2.28e-01	2.19e-01	1.37e-01	1.43e-01	1.83e-01	3.62e-02	2.93e-03	6.02e-05	9.96e-07	0.00e+00	0.00e+00	0.00e+00	0.00e+00	0.00e+00	0.00e+00
 4.81445e+22	3.74e-12	1.52e-03	5.53e-02	2.43e-01	2.23e-01	1.37e-01	1.38e-01	1.68e-01	3.14e-02	2.41e-03	4.77e-05	7.74e-07	0.00e+00	0.00e+00	0.00e+00	0.00e+00	0.00e+00	0.00e+00
 4.84472e+22	1.02e-11	1.82e-03	6.30e-02	2.62e-01	2.28e-01	1.35e-01	1.31e-01	1.50e-01	2.60e-02	1.88e-03	3.56e-05	5.62e-07	0.00e+00	0.00e+00	0.00e+00	0.00e+00	0.00e+00	0.00e+00
 4.87567e+22	3.08e-11	2.11e-03	7.00e-02	2.78e-01	2.32e-01	1.34e-01	1.25e-01	1.35e-01	2.21e-02	1.52e-03	2.76e-05	4.27e-07	0.00e+00	0.00e+00	0.00e+00	0.00e+00	0.00e+00	0.00e+00
 4.90039e+22	9.86e-11	2.37e-03	7.59e-02	2.91e-01	2.33e-01	1.32e-01	1.20e-01	1.25e-01	1.94e-02	1.28e-03	2.26e-05	3.43e-07	0.00e+00	0.00e+00	0.00e+00	0.00e+00	0.00e+00	0.00e+00
 4.92545e+22	3.75e-10	2.74e-03	8.36e-02	3.06e-01	2.35e-01	1.29e-01	1.14e-01	1.12e-01	1.64e-02	1.03e-03	1.74e-05	2.59e-07	0.00e+00	0.00e+00	0.00e+00	0.00e+00	0.00e+00	0.00e+00
 4.95094e+22	1.15e-09	3.07e-03	9.04e-02	3.19e-01	2.35e-01	1.27e-01	1.09e-01	1.02e-01	1.43e-02	8.58e-04	1.41e-05	2.06e-07	0.00e+00	0.00e+00	0.00e+00	0.00e+00	0.00e+00	0.00e+00
 4.97701e+22	6.30e-09	3.52e-03	9.92e-02	3.33e-01	2.35e-01	1.23e-01	1.02e-01	9.08e-02	1.19e-02	6.81e-04	1.08e-05	1.53e-07	0.00e+00	0.00e+00	0.00e+00	0.00e+00	0.00e+00	0.00e+00
 5.00336e+22	2.47e-08	3.94e-03	1.07e-01	3.45e-01	2.34e-01	1.20e-01	9.70e-02	8.22e-02	1.02e-02	5.61e-04	8.59e-06	0.00e+00	0.00e+00	0.00e+00	0.00e+00	0.00e+00	0.00e+00	0.00e+00
 5.02655e+22	2.10e-07	4.39e-03	1.15e-01	3.56e-01	2.33e-01	1.17e-01	9.18e-02	7.45e-02	8.82e-03	4.63e-04	6.88e-06	0.00e+00	0.00e+00	0.00e+00	0.00e+00	0.00e+00	0.00e+00	0.00e+00
 5.05316e+22	7.39e-07	5.02e-03	1.25e-01	3.69e-01	2.30e-01	1.12e-01	8.52e-02	6.53e-02	7.25e-03	3.61e-04	5.17e-06	0.00e+00	0.00e+00	0.00e+00	0.00e+00	0.00e+00	0.00e+00	0.00e+00
 5.08000e+22	1.28e-06	5.58e-03	1.34e-01	3.79e-01	2.27e-01	1.09e-01	8.01e-02	5.87e-02	6.19e-03	2.96e-04	4.10e-06	0.00e+00	0.00e+00	0.00e+00	0.00e+00	0.00e+00	0.00e+00	0.00e+00
 5.10711e+22	1.63e-06	6.36e-03	1.45e-01	3.91e-01	2.23e-01	1.04e-01	7.38e-02	5.11e-02	5.03e-03	2.28e-04	3.04e-06	0.00e+00	0.00e+00	0.00e+00	0.00e+00	0.00e+00	0.00e+00	0.00e+00
 5.13438e+22	1.93e-06	7.04e-03	1.55e-01	4.00e-01	2.19e-01	1.00e-01	6.90e-02	4.57e-02	4.27e-03	1.85e-04	2.40e-06	0.00e+00	0.00e+00	0.00e+00	0.00e+00	0.00e+00	0.00e+00	0.00e+00
 5.16187e+22	2.37e-06	7.98e-03	1.67e-01	4.09e-01	2.14e-01	9.51e-02	6.32e-02	3.95e-02	3.46e-03	1.42e-04	1.78e-06	0.00e+00	0.00e+00	0.00e+00	0.00e+00	0.00e+00	0.00e+00	0.00e+00
 5.18990e+22	2.78e-06	8.83e-03	1.78e-01	4.16e-01	2.09e-01	9.10e-02	5.86e-02	3.50e-02	2.90e-03	1.14e-04	1.38e-06	0.00e+00	0.00e+00	0.00e+00	0.00e+00	0.00e+00	0.00e+00	0.00e+00
 5.21865e+22	3.38e-06	1.00e-02	1.92e-01	4.24e-01	2.03e-01	8.58e-02	5.31e-02	2.99e-02	2.31e-03	8.61e-05	1.00e-06	0.00e+00	0.00e+00	0.00e+00	0.00e+00	0.00e+00	0.00e+00	0.00e+00
 5.24775e+22	3.93e-06	1.11e-02	2.03e-01	4.30e-01	1.97e-01	8.16e-02	4.90e-02	2.63e-02	1.92e-03	6.86e-05	7.74e-07	0.00e+00	0.00e+00	0.00e+00	0.00e+00	0.00e+00	0.00e+00	0.00e+00
 5.27729e+22	4.73e-06	1.25e-02	2.18e-01	4.35e-01	1.90e-01	7.63e-02	4.40e-02	2.22e-02	1.51e-03	5.10e-05	5.54e-07	0.00e+00	0.00e+00	0.00e+00	0.00e+00	0.00e+00	0.00e+00	0.00e+00
 5.30711e+22	5.46e-06	1.38e-02	2.31e-01	4.39e-01	1.84e-01	7.22e-02	4.03e-02	1.94e-02	1.25e-03	4.03e-05	4.25e-07	0.00e+00	0.00e+00	0.00e+00	0.00e+00	0.00e+00	0.00e+00	0.00e+00
 5.33728e+22	6.46e-06	1.56e-02	2.47e-01	4.41e-01	1.76e-01	6.73e-02	3.61e-02	1.64e-02	9.81e-04	3.00e-05	3.04e-07	0.00e+00	0.00e+00	0.00e+00	0.00e+00	0.00e+00	0.00e+00	0.00e+00
