#depth	Ar	Ar+	Ar+2	Ar+3	Ar+4	Ar+5	Ar+6	Ar+7	Ar+8	Ar+9	Ar+10	Ar+11	Ar+12	Ar+13	Ar+14	Ar+15	Ar+16	Ar+17	Ar+18
 4.62852e+21	0.00e+00	3.35e-33	3.71e-28	1.00e-24	1.70e-21	1.21e-18	5.45e-16	1.70e-13	4.55e-11	3.63e-09	1.53e-07	3.34e-06	4.91e-05	4.33e-04	3.01e-03	2.13e-02	2.66e-01	4.57e-01	2.52e-01
 1.02081e+22	0.00e+00	1.46e-30	1.35e-25	2.19e-22	1.95e-19	6.93e-17	1.54e-14	4.02e-12	1.58e-09	9.76e-08	3.09e-06	4.87e-05	5.29e-04	3.10e-03	1.24e-02	5.27e-02	3.93e-01	4.03e-01	1.34e-01
 1.16199e+22	0.00e+00	2.90e-29	2.43e-24	3.14e-21	2.15e-18	5.76e-16	9.57e-14	1.88e-11	6.98e-09	3.93e-07	1.10e-05	1.51e-04	1.42e-03	6.88e-03	2.17e-02	7.30e-02	4.39e-01	3.61e-01	9.67e-02
 1.23111e+22	0.00e+00	1.24e-28	9.87e-24	1.14e-20	6.88e-18	1.61e-15	2.31e-13	3.96e-11	1.44e-08	7.76e-07	2.05e-05	2.60e-04	2.27e-03	1.00e-02	2.81e-02	8.43e-02	4.57e-01	3.37e-01	8.10e-02
 1.26078e+22	2.00e-34	1.88e-28	1.48e-23	1.66e-20	9.61e-18	2.16e-15	2.98e-13	4.90e-11	1.77e-08	9.44e-07	2.45e-05	3.04e-04	2.60e-03	1.12e-02	3.02e-02	8.77e-02	4.62e-01	3.29e-01	7.68e-02
 1.27602e+22	3.48e-34	3.22e-28	2.48e-23	2.67e-20	1.47e-17	3.15e-15	4.12e-13	6.43e-11	2.30e-08	1.21e-06	3.09e-05	3.72e-04	3.10e-03	1.28e-02	3.32e-02	9.22e-02	4.67e-01	3.20e-01	7.17e-02
 1.29220e+22	5.70e-34	5.18e-28	3.93e-23	4.07e-20	2.16e-17	4.40e-15	5.48e-13	8.16e-11	2.91e-08	1.51e-06	3.78e-05	4.44e-04	3.61e-03	1.44e-02	3.60e-02	9.62e-02	4.71e-01	3.11e-01	6.73e-02
 1.30677e+22	8.98e-34	8.03e-28	6.00e-23	6.01e-20	3.06e-17	5.97e-15	7.12e-13	1.02e-10	3.61e-08	1.86e-06	4.56e-05	5.23e-04	4.15e-03	1.61e-02	3.87e-02	1.00e-01	4.74e-01	3.03e-01	6.34e-02
 1.32290e+22	1.63e-33	1.42e-27	1.04e-22	9.98e-20	4.82e-17	8.90e-15	1.00e-12	1.35e-10	4.77e-08	2.42e-06	5.82e-05	6.47e-04	4.98e-03	1.86e-02	4.26e-02	1.05e-01	4.78e-01	2.92e-01	5.86e-02
 1.33901e+22	2.56e-33	2.21e-27	1.60e-22	1.47e-19	6.84e-17	1.21e-14	1.30e-12	1.67e-10	5.91e-08	2.97e-06	7.01e-05	7.62e-04	5.73e-03	2.07e-02	4.58e-02	1.09e-01	4.80e-01	2.84e-01	5.50e-02
 1.35209e+22	3.81e-33	3.24e-27	2.31e-22	2.07e-19	9.26e-17	1.58e-14	1.63e-12	2.02e-10	7.12e-08	3.55e-06	8.24e-05	8.77e-04	6.46e-03	2.27e-02	4.87e-02	1.12e-01	4.81e-01	2.76e-01	5.21e-02
 1.36610e+22	6.44e-33	5.38e-27	3.77e-22	3.24e-19	1.38e-16	2.23e-14	2.18e-12	2.58e-10	9.09e-08	4.48e-06	1.02e-04	1.06e-03	7.57e-03	2.57e-02	5.27e-02	1.16e-01	4.82e-01	2.66e-01	4.83e-02
 1.37903e+22	8.97e-33	7.40e-27	5.13e-22	4.29e-19	1.78e-16	2.78e-14	2.63e-12	3.00e-10	1.06e-07	5.19e-06	1.17e-04	1.19e-03	8.36e-03	2.78e-02	5.54e-02	1.19e-01	4.82e-01	2.60e-01	4.60e-02
 1.39057e+22	1.41e-32	1.14e-26	7.81e-22	6.29e-19	2.50e-16	3.74e-14	3.37e-12	3.68e-10	1.30e-07	6.32e-06	1.40e-04	1.39e-03	9.56e-03	3.08e-02	5.92e-02	1.23e-01	4.82e-01	2.51e-01	4.30e-02
 1.40210e+22	1.94e-32	1.56e-26	1.05e-21	8.27e-19	3.20e-16	4.63e-14	4.04e-12	4.27e-10	1.51e-07	7.30e-06	1.59e-04	1.56e-03	1.05e-02	3.31e-02	6.21e-02	1.25e-01	4.81e-01	2.45e-01	4.10e-02
 1.41361e+22	3.01e-32	2.38e-26	1.59e-21	1.20e-18	4.45e-16	6.16e-14	5.13e-12	5.20e-10	1.85e-07	8.85e-06	1.90e-04	1.81e-03	1.20e-02	3.65e-02	6.61e-02	1.29e-01	4.80e-01	2.36e-01	3.83e-02
 1.42492e+22	4.17e-32	3.26e-26	2.15e-21	1.58e-18	5.69e-16	7.63e-14	6.13e-12	6.01e-10	2.15e-07	1.02e-05	2.17e-04	2.03e-03	1.32e-02	3.92e-02	6.92e-02	1.31e-01	4.79e-01	2.30e-01	3.64e-02
 1.43597e+22	6.50e-32	5.01e-26	3.25e-21	2.31e-18	7.94e-16	1.01e-13	7.77e-12	7.28e-10	2.62e-07	1.24e-05	2.59e-04	2.36e-03	1.50e-02	4.33e-02	7.35e-02	1.34e-01	4.76e-01	2.21e-01	3.39e-02
 1.44649e+22	8.65e-32	6.60e-26	4.24e-21	2.94e-18	9.84e-16	1.22e-13	9.08e-12	8.26e-10	2.98e-07	1.40e-05	2.90e-04	2.61e-03	1.62e-02	4.60e-02	7.64e-02	1.36e-01	4.74e-01	2.16e-01	3.24e-02
 1.45635e+22	1.28e-31	9.60e-26	6.09e-21	4.08e-18	1.31e-15	1.57e-13	1.12e-11	9.76e-10	3.54e-07	1.66e-05	3.38e-04	2.97e-03	1.81e-02	5.00e-02	8.04e-02	1.39e-01	4.71e-01	2.08e-01	3.03e-02
 1.46643e+22	1.75e-31	1.30e-25	8.19e-21	5.33e-18	1.67e-15	1.92e-13	1.32e-11	1.12e-09	4.08e-07	1.90e-05	3.83e-04	3.31e-03	1.99e-02	5.34e-02	8.38e-02	1.41e-01	4.68e-01	2.02e-01	2.87e-02
 1.47679e+22	2.69e-31	1.98e-25	1.22e-20	7.65e-18	2.29e-15	2.52e-13	1.65e-11	1.33e-09	4.92e-07	2.28e-05	4.53e-04	3.82e-03	2.24e-02	5.84e-02	8.84e-02	1.44e-01	4.63e-01	1.93e-01	2.67e-02
 1.48698e+22	3.64e-31	2.64e-25	1.62e-20	9.84e-18	2.86e-15	3.05e-13	1.93e-11	1.51e-09	5.62e-07	2.59e-05	5.09e-04	4.22e-03	2.43e-02	6.21e-02	9.17e-02	1.46e-01	4.59e-01	1.87e-01	2.53e-02
 1.49550e+22	4.94e-31	3.55e-25	2.15e-20	1.27e-17	3.58e-15	3.69e-13	2.26e-11	1.71e-09	6.42e-07	2.95e-05	5.73e-04	4.67e-03	2.65e-02	6.60e-02	9.51e-02	1.47e-01	4.55e-01	1.81e-01	2.39e-02
 1.50373e+22	6.59e-31	4.68e-25	2.81e-20	1.62e-17	4.43e-15	4.42e-13	2.62e-11	1.93e-09	7.27e-07	3.33e-05	6.40e-04	5.13e-03	2.86e-02	6.99e-02	9.83e-02	1.49e-01	4.50e-01	1.76e-01	2.27e-02
 1.51300e+22	9.95e-31	6.97e-25	4.12e-20	2.28e-17	5.97e-15	5.68e-13	3.20e-11	2.26e-09	8.64e-07	3.95e-05	7.49e-04	5.87e-03	3.19e-02	7.58e-02	1.03e-01	1.50e-01	4.43e-01	1.68e-01	2.10e-02
 1.52198e+22	1.30e-30	9.04e-25	5.29e-20	2.86e-17	7.27e-15	6.72e-13	3.67e-11	2.51e-09	9.70e-07	4.43e-05	8.29e-04	6.40e-03	3.43e-02	7.98e-02	1.06e-01	1.51e-01	4.39e-01	1.63e-01	2.00e-02
 1.53059e+22	1.92e-30	1.31e-24	7.59e-20	3.94e-17	9.61e-15	8.49e-13	4.42e-11	2.91e-09	1.14e-06	5.19e-05	9.59e-04	7.23e-03	3.80e-02	8.58e-02	1.11e-01	1.53e-01	4.31e-01	1.55e-01	1.85e-02
 1.53927e+22	2.53e-30	1.71e-24	9.80e-20	4.96e-17	1.17e-14	1.01e-12	5.08e-11	3.24e-09	1.28e-06	5.81e-05	1.06e-03	7.89e-03	4.08e-02	9.03e-02	1.14e-01	1.53e-01	4.25e-01	1.50e-01	1.75e-02
 1.54807e+22	3.81e-30	2.54e-24	1.43e-19	6.95e-17	1.57e-14	1.28e-12	6.15e-11	3.75e-09	1.51e-06	6.85e-05	1.24e-03	8.96e-03	4.52e-02	9.72e-02	1.18e-01	1.54e-01	4.16e-01	1.42e-01	1.61e-02
 1.55683e+22	5.08e-30	3.35e-24	1.87e-19	8.82e-17	1.93e-14	1.52e-12	7.07e-11	4.18e-09	1.70e-06	7.70e-05	1.37e-03	9.80e-03	4.86e-02	1.02e-01	1.22e-01	1.55e-01	4.10e-01	1.37e-01	1.52e-02
 1.56557e+22	7.58e-30	4.93e-24	2.71e-19	1.22e-16	2.57e-14	1.93e-12	8.51e-11	4.82e-09	2.00e-06	9.03e-05	1.59e-03	1.11e-02	5.37e-02	1.09e-01	1.26e-01	1.55e-01	4.00e-01	1.30e-01	1.39e-02
 1.57449e+22	1.05e-29	6.76e-24	3.67e-19	1.60e-16	3.23e-14	2.34e-12	9.90e-11	5.40e-09	2.28e-06	1.03e-04	1.79e-03	1.22e-02	5.81e-02	1.16e-01	1.29e-01	1.55e-01	3.91e-01	1.24e-01	1.30e-02
 1.58230e+22	1.44e-29	9.18e-24	4.92e-19	2.08e-16	4.04e-14	2.81e-12	1.14e-10	6.02e-09	2.58e-06	1.16e-04	2.00e-03	1.34e-02	6.26e-02	1.22e-01	1.33e-01	1.55e-01	3.83e-01	1.18e-01	1.21e-02
 1.59108e+22	2.20e-29	1.38e-23	7.26e-19	2.92e-16	5.41e-14	3.57e-12	1.38e-10	6.92e-09	3.04e-06	1.37e-04	2.31e-03	1.51e-02	6.90e-02	1.30e-01	1.37e-01	1.54e-01	3.71e-01	1.11e-01	1.10e-02
 1.59982e+22	3.04e-29	1.88e-23	9.78e-19	3.80e-16	6.77e-14	4.29e-12	1.59e-10	7.70e-09	3.44e-06	1.55e-04	2.59e-03	1.66e-02	7.43e-02	1.37e-01	1.40e-01	1.53e-01	3.61e-01	1.05e-01	1.02e-02
 1.60853e+22	4.67e-29	2.84e-23	1.45e-18	5.38e-16	9.09e-14	5.46e-12	1.91e-10	8.84e-09	4.04e-06	1.81e-04	2.99e-03	1.87e-02	8.17e-02	1.45e-01	1.44e-01	1.52e-01	3.48e-01	9.80e-02	9.19e-03
 1.61695e+22	6.33e-29	3.81e-23	1.93e-18	6.88e-16	1.12e-13	6.48e-12	2.18e-10	9.73e-09	4.53e-06	2.03e-04	3.31e-03	2.03e-02	8.72e-02	1.52e-01	1.46e-01	1.51e-01	3.38e-01	9.30e-02	8.52e-03
 1.62500e+22	9.55e-29	5.65e-23	2.81e-18	9.56e-16	1.48e-13	8.12e-12	2.59e-10	1.10e-08	5.26e-06	2.36e-04	3.79e-03	2.27e-02	9.51e-02	1.60e-01	1.50e-01	1.49e-01	3.25e-01	8.66e-02	7.68e-03
 1.63307e+22	1.31e-28	7.67e-23	3.76e-18	1.23e-15	1.84e-13	9.67e-12	2.96e-10	1.22e-08	5.90e-06	2.64e-04	4.20e-03	2.47e-02	1.01e-01	1.67e-01	1.52e-01	1.47e-01	3.15e-01	8.17e-02	7.08e-03
 1.64119e+22	2.00e-28	1.15e-22	5.55e-18	1.73e-15	2.44e-13	1.22e-11	3.52e-10	1.38e-08	6.85e-06	3.07e-04	4.79e-03	2.75e-02	1.10e-01	1.76e-01	1.54e-01	1.44e-01	3.01e-01	7.55e-02	6.33e-03
 1.64936e+22	2.76e-28	1.56e-22	7.43e-18	2.22e-15	3.02e-13	1.45e-11	4.02e-10	1.52e-08	7.66e-06	3.43e-04	5.29e-03	2.98e-02	1.17e-01	1.83e-01	1.56e-01	1.42e-01	2.90e-01	7.09e-02	5.80e-03
 1.65761e+22	4.19e-28	2.34e-22	1.09e-17	3.10e-15	3.99e-13	1.81e-11	4.76e-10	1.72e-08	8.84e-06	3.95e-04	6.01e-03	3.30e-02	1.27e-01	1.91e-01	1.58e-01	1.39e-01	2.76e-01	6.52e-02	5.16e-03
 1.66609e+22	5.91e-28	3.25e-22	1.49e-17	4.06e-15	5.02e-13	2.18e-11	5.48e-10	1.90e-08	9.93e-06	4.44e-04	6.66e-03	3.58e-02	1.35e-01	1.98e-01	1.59e-01	1.36e-01	2.64e-01	6.08e-02	4.68e-03
 1.67364e+22	8.26e-28	4.48e-22	2.02e-17	5.29e-15	6.26e-13	2.60e-11	6.27e-10	2.09e-08	1.11e-05	4.95e-04	7.34e-03	3.87e-02	1.43e-01	2.05e-01	1.60e-01	1.33e-01	2.53e-01	5.66e-02	4.25e-03
 1.68199e+22	1.26e-27	6.72e-22	2.98e-17	7.38e-15	8.27e-13	3.26e-11	7.43e-10	2.37e-08	1.27e-05	5.67e-04	8.27e-03	4.26e-02	1.53e-01	2.13e-01	1.61e-01	1.29e-01	2.38e-01	5.16e-02	3.74e-03
 1.69039e+22	1.76e-27	9.23e-22	4.03e-17	9.57e-15	1.03e-12	3.89e-11	8.50e-10	2.61e-08	1.42e-05	6.30e-04	9.07e-03	4.58e-02	1.61e-01	2.19e-01	1.61e-01	1.26e-01	2.27e-01	4.79e-02	3.38e-03
 1.69892e+22	2.70e-27	1.39e-21	5.93e-17	1.34e-14	1.36e-12	4.87e-11	1.01e-09	2.95e-08	1.62e-05	7.19e-04	1.02e-02	5.01e-02	1.72e-01	2.26e-01	1.61e-01	1.21e-01	2.13e-01	4.34e-02	2.96e-03
 1.70761e+22	3.83e-27	1.94e-21	8.14e-17	1.75e-14	1.71e-12	5.86e-11	1.16e-09	3.27e-08	1.80e-05	7.99e-04	1.11e-02	5.38e-02	1.81e-01	2.32e-01	1.60e-01	1.17e-01	2.02e-01	4.00e-02	2.65e-03
 1.71618e+22	5.76e-27	2.86e-21	1.18e-16	2.41e-14	2.23e-12	7.27e-11	1.37e-09	3.69e-08	2.04e-05	9.01e-04	1.24e-02	5.83e-02	1.91e-01	2.38e-01	1.59e-01	1.13e-01	1.89e-01	3.62e-02	2.33e-03
 1.72491e+22	8.24e-27	4.03e-21	1.62e-16	3.17e-14	2.82e-12	8.78e-11	1.58e-09	4.10e-08	2.27e-05	9.99e-04	1.35e-02	6.25e-02	2.00e-01	2.43e-01	1.58e-01	1.09e-01	1.78e-01	3.31e-02	2.07e-03
 1.73369e+22	1.23e-26	5.91e-21	2.33e-16	4.33e-14	3.65e-12	1.09e-10	1.86e-09	4.63e-08	2.55e-05	1.12e-03	1.49e-02	6.73e-02	2.10e-01	2.48e-01	1.56e-01	1.04e-01	1.66e-01	2.99e-02	1.81e-03
 1.74240e+22	1.73e-26	8.19e-21	3.17e-16	5.64e-14	4.56e-12	1.30e-10	2.14e-09	5.14e-08	2.81e-05	1.23e-03	1.61e-02	7.15e-02	2.19e-01	2.52e-01	1.54e-01	1.01e-01	1.57e-01	2.74e-02	1.61e-03
 1.75125e+22	2.59e-26	1.20e-20	4.53e-16	7.66e-14	5.92e-12	1.61e-10	2.52e-09	5.81e-08	3.15e-05	1.37e-03	1.77e-02	7.66e-02	2.29e-01	2.56e-01	1.52e-01	9.61e-02	1.46e-01	2.46e-02	1.40e-03
 1.76040e+22	3.68e-26	1.67e-20	6.22e-16	1.01e-13	7.44e-12	1.94e-10	2.92e-09	6.49e-08	3.48e-05	1.51e-03	1.91e-02	8.13e-02	2.37e-01	2.59e-01	1.50e-01	9.21e-02	1.37e-01	2.24e-02	1.24e-03
 1.76976e+22	5.49e-26	2.45e-20	8.88e-16	1.37e-13	9.64e-12	2.41e-10	3.46e-09	7.37e-08	3.89e-05	1.68e-03	2.09e-02	8.67e-02	2.47e-01	2.62e-01	1.47e-01	8.76e-02	1.27e-01	2.01e-02	1.07e-03
 1.77925e+22	7.77e-26	3.40e-20	1.21e-15	1.78e-13	1.21e-11	2.90e-10	4.01e-09	8.24e-08	4.28e-05	1.83e-03	2.25e-02	9.16e-02	2.55e-01	2.64e-01	1.44e-01	8.37e-02	1.18e-01	1.82e-02	9.45e-04
 1.78901e+22	1.16e-25	4.98e-20	1.73e-15	2.42e-13	1.57e-11	3.60e-10	4.76e-09	9.39e-08	4.78e-05	2.03e-03	2.45e-02	9.74e-02	2.65e-01	2.65e-01	1.40e-01	7.93e-02	1.09e-01	1.62e-02	8.14e-04
 1.79906e+22	1.65e-25	6.93e-20	2.36e-15	3.16e-13	1.97e-11	4.35e-10	5.53e-09	1.06e-07	5.26e-05	2.22e-03	2.63e-02	1.03e-01	2.73e-01	2.67e-01	1.37e-01	7.55e-02	1.01e-01	1.46e-02	7.14e-04
 1.80948e+22	2.48e-25	1.02e-19	3.38e-15	4.32e-13	2.57e-11	5.44e-10	6.61e-09	1.21e-07	5.89e-05	2.46e-03	2.86e-02	1.09e-01	2.82e-01	2.67e-01	1.33e-01	7.12e-02	9.31e-02	1.30e-02	6.10e-04
 1.82020e+22	3.52e-25	1.42e-19	4.61e-15	5.65e-13	3.24e-11	6.59e-10	7.72e-09	1.37e-07	6.49e-05	2.68e-03	3.06e-02	1.14e-01	2.89e-01	2.67e-01	1.30e-01	6.76e-02	8.63e-02	1.17e-02	5.32e-04
 1.83133e+22	5.31e-25	2.10e-19	6.62e-15	7.72e-13	4.23e-11	8.27e-10	9.27e-09	1.58e-07	7.27e-05	2.97e-03	3.32e-02	1.21e-01	2.98e-01	2.67e-01	1.26e-01	6.34e-02	7.88e-02	1.03e-02	4.52e-04
 1.84276e+22	7.51e-25	2.91e-19	8.98e-15	1.01e-12	5.31e-11	1.00e-09	1.08e-08	1.78e-07	8.00e-05	3.23e-03	3.55e-02	1.26e-01	3.04e-01	2.66e-01	1.22e-01	6.00e-02	7.28e-02	9.20e-03	3.93e-04
 1.85486e+22	1.15e-24	4.36e-19	1.31e-14	1.39e-12	7.04e-11	1.27e-09	1.32e-08	2.08e-07	9.02e-05	3.59e-03	3.85e-02	1.34e-01	3.12e-01	2.65e-01	1.17e-01	5.59e-02	6.59e-02	8.01e-03	3.30e-04
 1.86708e+22	1.61e-24	5.98e-19	1.75e-14	1.80e-12	8.78e-11	1.54e-09	1.54e-08	2.35e-07	9.92e-05	3.90e-03	4.09e-02	1.39e-01	3.18e-01	2.63e-01	1.13e-01	5.28e-02	6.09e-02	7.18e-03	2.87e-04
 1.87956e+22	2.47e-24	8.92e-19	2.54e-14	2.48e-12	1.16e-10	1.95e-09	1.87e-08	2.74e-07	1.12e-04	4.31e-03	4.42e-02	1.47e-01	3.26e-01	2.60e-01	1.09e-01	4.91e-02	5.49e-02	6.23e-03	2.40e-04
 1.89232e+22	3.45e-24	1.22e-18	3.40e-14	3.20e-12	1.45e-10	2.36e-09	2.18e-08	3.11e-07	1.23e-04	4.68e-03	4.70e-02	1.53e-01	3.31e-01	2.58e-01	1.05e-01	4.62e-02	5.05e-02	5.56e-03	2.07e-04
 1.90337e+22	4.68e-24	1.63e-18	4.43e-14	4.03e-12	1.77e-10	2.80e-09	2.52e-08	3.49e-07	1.34e-04	5.03e-03	4.96e-02	1.58e-01	3.35e-01	2.55e-01	1.01e-01	4.37e-02	4.68e-02	5.00e-03	1.81e-04
 1.91563e+22	6.90e-24	2.34e-18	6.21e-14	5.40e-12	2.29e-10	3.49e-09	3.02e-08	4.04e-07	1.50e-04	5.52e-03	5.31e-02	1.65e-01	3.41e-01	2.51e-01	9.66e-02	4.06e-02	4.23e-02	4.37e-03	1.53e-04
 1.92806e+22	9.33e-24	3.11e-18	8.06e-14	6.79e-12	2.80e-10	4.15e-09	3.49e-08	4.53e-07	1.64e-04	5.93e-03	5.60e-02	1.71e-01	3.45e-01	2.48e-01	9.31e-02	3.83e-02	3.91e-02	3.92e-03	1.33e-04
 1.94071e+22	1.38e-23	4.47e-18	1.13e-13	9.10e-12	3.61e-10	5.18e-09	4.20e-08	5.25e-07	1.83e-04	6.49e-03	5.98e-02	1.78e-01	3.49e-01	2.44e-01	8.86e-02	3.55e-02	3.53e-02	3.41e-03	1.12e-04
 1.95353e+22	1.85e-23	5.90e-18	1.45e-13	1.14e-11	4.40e-10	6.14e-09	4.84e-08	5.89e-07	2.00e-04	6.96e-03	6.29e-02	1.83e-01	3.52e-01	2.40e-01	8.52e-02	3.35e-02	3.25e-02	3.06e-03	9.76e-05
 1.96658e+22	2.71e-23	8.44e-18	2.02e-13	1.52e-11	5.67e-10	7.65e-09	5.81e-08	6.84e-07	2.24e-04	7.62e-03	6.70e-02	1.90e-01	3.56e-01	2.35e-01	8.09e-02	3.09e-02	2.92e-02	2.65e-03	8.16e-05
 1.97941e+22	3.57e-23	1.09e-17	2.55e-13	1.87e-11	6.80e-10	8.96e-09	6.64e-08	7.62e-07	2.43e-04	8.13e-03	7.01e-02	1.96e-01	3.58e-01	2.31e-01	7.78e-02	2.92e-02	2.71e-02	2.39e-03	7.17e-05
 1.99195e+22	5.13e-23	1.53e-17	3.48e-13	2.45e-11	8.65e-10	1.10e-08	7.91e-08	8.78e-07	2.70e-04	8.84e-03	7.44e-02	2.02e-01	3.61e-01	2.26e-01	7.38e-02	2.70e-02	2.44e-02	2.08e-03	6.02e-05
 2.00465e+22	6.63e-23	1.94e-17	4.34e-13	2.98e-11	1.03e-09	1.28e-08	8.98e-08	9.75e-07	2.92e-04	9.40e-03	7.76e-02	2.07e-01	3.62e-01	2.22e-01	7.09e-02	2.55e-02	2.26e-02	1.88e-03	5.31e-05
 2.01755e+22	9.48e-23	2.71e-17	5.89e-13	3.89e-11	1.30e-09	1.58e-08	1.07e-07	1.12e-06	3.25e-04	1.02e-02	8.22e-02	2.14e-01	3.64e-01	2.16e-01	6.71e-02	2.36e-02	2.04e-02	1.63e-03	4.46e-05
 2.03070e+22	1.24e-22	3.48e-17	7.41e-13	4.77e-11	1.56e-09	1.85e-08	1.22e-07	1.25e-06	3.53e-04	1.09e-02	8.58e-02	2.19e-01	3.65e-01	2.12e-01	6.43e-02	2.22e-02	1.88e-02	1.47e-03	3.90e-05
 2.04417e+22	1.78e-22	4.86e-17	1.01e-12	6.23e-11	1.98e-09	2.28e-08	1.46e-07	1.45e-06	3.93e-04	1.18e-02	9.07e-02	2.26e-01	3.66e-01	2.06e-01	6.06e-02	2.04e-02	1.68e-02	1.27e-03	3.25e-05
 2.05786e+22	2.33e-22	6.26e-17	1.27e-12	7.64e-11	2.38e-09	2.67e-08	1.67e-07	1.62e-06	4.28e-04	1.26e-02	9.46e-02	2.31e-01	3.66e-01	2.01e-01	5.79e-02	1.91e-02	1.55e-02	1.13e-03	2.83e-05
 2.07185e+22	3.34e-22	8.73e-17	1.72e-12	1.00e-10	3.02e-09	3.30e-08	1.99e-07	1.87e-06	4.77e-04	1.37e-02	1.00e-01	2.38e-01	3.66e-01	1.95e-01	5.44e-02	1.75e-02	1.38e-02	9.76e-04	2.35e-05
 2.08610e+22	4.39e-22	1.12e-16	2.16e-12	1.23e-10	3.62e-09	3.87e-08	2.28e-07	2.10e-06	5.19e-04	1.46e-02	1.04e-01	2.43e-01	3.66e-01	1.90e-01	5.18e-02	1.64e-02	1.27e-02	8.70e-04	2.04e-05
 2.09857e+22	5.72e-22	1.44e-16	2.70e-12	1.50e-10	4.33e-09	4.53e-08	2.61e-07	2.34e-06	5.64e-04	1.55e-02	1.08e-01	2.48e-01	3.65e-01	1.85e-01	4.93e-02	1.53e-02	1.16e-02	7.77e-04	1.78e-05
 2.11266e+22	8.05e-22	1.98e-16	3.61e-12	1.94e-10	5.44e-09	5.54e-08	3.10e-07	2.70e-06	6.27e-04	1.67e-02	1.14e-01	2.54e-01	3.64e-01	1.79e-01	4.63e-02	1.41e-02	1.04e-02	6.70e-04	1.48e-05
 2.12673e+22	1.03e-21	2.48e-16	4.43e-12	2.33e-10	6.42e-09	6.41e-08	3.50e-07	2.99e-06	6.77e-04	1.77e-02	1.18e-01	2.59e-01	3.63e-01	1.74e-01	4.41e-02	1.32e-02	9.57e-03	6.03e-04	1.30e-05
 2.14077e+22	1.44e-21	3.38e-16	5.88e-12	2.99e-10	8.04e-09	7.81e-08	4.15e-07	3.44e-06	7.52e-04	1.91e-02	1.24e-01	2.65e-01	3.61e-01	1.68e-01	4.13e-02	1.21e-02	8.54e-03	5.19e-04	1.08e-05
 2.15502e+22	1.84e-21	4.25e-16	7.24e-12	3.60e-10	9.50e-09	9.05e-08	4.70e-07	3.81e-06	8.13e-04	2.02e-02	1.29e-01	2.69e-01	3.59e-01	1.63e-01	3.93e-02	1.13e-02	7.85e-03	4.66e-04	9.43e-06
 2.16955e+22	2.55e-21	5.74e-16	9.52e-12	4.60e-10	1.18e-08	1.10e-07	5.54e-07	4.37e-06	9.01e-04	2.18e-02	1.35e-01	2.75e-01	3.56e-01	1.57e-01	3.68e-02	1.04e-02	7.01e-03	4.02e-04	7.87e-06
 2.18458e+22	3.32e-21	7.33e-16	1.19e-11	5.61e-10	1.41e-08	1.29e-07	6.34e-07	4.89e-06	9.80e-04	2.32e-02	1.40e-01	2.79e-01	3.54e-01	1.52e-01	3.48e-02	9.62e-03	6.39e-03	3.56e-04	6.80e-06
 2.20026e+22	4.70e-21	1.01e-15	1.59e-11	7.27e-10	1.78e-08	1.58e-07	7.55e-07	5.65e-06	1.09e-03	2.50e-02	1.47e-01	2.85e-01	3.50e-01	1.45e-01	3.23e-02	8.73e-03	5.65e-03	3.04e-04	5.58e-06
 2.21622e+22	6.13e-21	1.29e-15	1.98e-11	8.88e-10	2.14e-08	1.85e-07	8.65e-07	6.32e-06	1.19e-03	2.66e-02	1.52e-01	2.89e-01	3.47e-01	1.40e-01	3.05e-02	8.10e-03	5.13e-03	2.68e-04	4.80e-06
 2.23252e+22	8.65e-21	1.77e-15	2.64e-11	1.15e-09	2.69e-08	2.27e-07	1.03e-06	7.31e-06	1.33e-03	2.87e-02	1.59e-01	2.94e-01	3.42e-01	1.34e-01	2.82e-02	7.33e-03	4.53e-03	2.28e-04	3.94e-06
 2.24941e+22	1.15e-20	2.30e-15	3.34e-11	1.42e-09	3.26e-08	2.69e-07	1.19e-06	8.24e-06	1.45e-03	3.06e-02	1.66e-01	2.98e-01	3.38e-01	1.29e-01	2.64e-02	6.75e-03	4.08e-03	2.00e-04	3.34e-06
 2.26705e+22	1.65e-20	3.21e-15	4.52e-11	1.86e-09	4.16e-08	3.33e-07	1.43e-06	9.60e-06	1.63e-03	3.31e-02	1.74e-01	3.03e-01	3.32e-01	1.22e-01	2.43e-02	6.05e-03	3.56e-03	1.68e-04	2.70e-06
 2.28499e+22	2.19e-20	4.18e-15	5.75e-11	2.31e-09	5.05e-08	3.95e-07	1.65e-06	1.08e-05	1.78e-03	3.53e-02	1.80e-01	3.07e-01	3.28e-01	1.17e-01	2.27e-02	5.55e-03	3.19e-03	1.46e-04	2.28e-06
 2.30332e+22	3.17e-20	5.87e-15	7.80e-11	3.04e-09	6.46e-08	4.92e-07	1.99e-06	1.27e-05	2.00e-03	3.82e-02	1.89e-01	3.11e-01	3.21e-01	1.11e-01	2.07e-02	4.95e-03	2.77e-03	1.22e-04	1.83e-06
 2.32209e+22	4.26e-20	7.71e-15	9.98e-11	3.80e-09	7.89e-08	5.87e-07	2.32e-06	1.43e-05	2.20e-03	4.08e-02	1.96e-01	3.14e-01	3.15e-01	1.06e-01	1.93e-02	4.52e-03	2.47e-03	1.05e-04	1.53e-06
 2.34145e+22	6.26e-20	1.10e-14	1.37e-10	5.06e-09	1.02e-07	7.37e-07	2.81e-06	1.69e-05	2.48e-03	4.43e-02	2.05e-01	3.18e-01	3.08e-01	9.91e-02	1.75e-02	3.99e-03	2.12e-03	8.64e-05	1.21e-06
 2.36125e+22	8.48e-20	1.45e-14	1.77e-10	6.35e-09	1.25e-07	8.83e-07	3.28e-06	1.92e-05	2.72e-03	4.73e-02	2.12e-01	3.21e-01	3.01e-01	9.41e-02	1.62e-02	3.62e-03	1.88e-03	7.40e-05	1.00e-06
 2.38162e+22	1.27e-19	2.11e-14	2.47e-10	8.58e-09	1.65e-07	1.12e-06	4.03e-06	2.28e-05	3.09e-03	5.15e-02	2.22e-01	3.24e-01	2.93e-01	8.76e-02	1.45e-02	3.17e-03	1.59e-03	5.99e-05	7.73e-07
 2.40212e+22	1.72e-19	2.78e-14	3.16e-10	1.07e-08	2.01e-07	1.34e-06	4.69e-06	2.58e-05	3.40e-03	5.48e-02	2.30e-01	3.26e-01	2.86e-01	8.30e-02	1.34e-02	2.86e-03	1.40e-03	5.12e-05	6.39e-07
 2.42277e+22	2.60e-19	4.05e-14	4.42e-10	1.45e-08	2.64e-07	1.71e-06	5.77e-06	3.07e-05	3.85e-03	5.96e-02	2.40e-01	3.28e-01	2.76e-01	7.69e-02	1.19e-02	2.49e-03	1.18e-03	4.10e-05	4.89e-07
 2.44370e+22	3.55e-19	5.39e-14	5.72e-10	1.83e-08	3.26e-07	2.06e-06	6.76e-06	3.51e-05	4.25e-03	6.36e-02	2.48e-01	3.29e-01	2.69e-01	7.23e-02	1.09e-02	2.23e-03	1.03e-03	3.46e-05	3.98e-07
 2.46133e+22	4.72e-19	6.99e-14	7.20e-10	2.25e-08	3.94e-07	2.43e-06	7.80e-06	3.95e-05	4.64e-03	6.73e-02	2.55e-01	3.30e-01	2.62e-01	6.84e-02	1.00e-02	2.02e-03	9.12e-04	2.96e-05	3.30e-07
 2.48057e+22	6.92e-19	9.89e-14	9.79e-10	2.96e-08	5.06e-07	3.05e-06	9.46e-06	4.65e-05	5.21e-03	7.26e-02	2.64e-01	3.30e-01	2.52e-01	6.32e-02	8.95e-03	1.76e-03	7.69e-04	2.38e-05	2.54e-07
 2.49962e+22	9.12e-19	1.27e-13	1.22e-09	3.62e-08	6.08e-07	3.58e-06	1.09e-05	5.23e-05	5.68e-03	7.67e-02	2.71e-01	3.31e-01	2.45e-01	5.97e-02	8.23e-03	1.59e-03	6.79e-04	2.04e-05	2.10e-07
 2.51842e+22	1.32e-18	1.77e-13	1.64e-09	4.71e-08	7.75e-07	4.46e-06	1.31e-05	6.12e-05	6.36e-03	8.25e-02	2.81e-01	3.30e-01	2.36e-01	5.50e-02	7.32e-03	1.38e-03	5.72e-04	1.64e-05	1.62e-07
 2.53744e+22	1.75e-18	2.29e-13	2.06e-09	5.78e-08	9.35e-07	5.28e-06	1.52e-05	6.92e-05	6.94e-03	8.72e-02	2.88e-01	3.30e-01	2.28e-01	5.16e-02	6.68e-03	1.24e-03	5.00e-04	1.39e-05	1.32e-07
 2.55676e+22	2.56e-18	3.22e-13	2.77e-09	7.56e-08	1.20e-06	6.61e-06	1.84e-05	8.17e-05	7.81e-03	9.38e-02	2.97e-01	3.28e-01	2.18e-01	4.72e-02	5.88e-03	1.07e-03	4.15e-04	1.10e-05	0.00e+00
 2.57620e+22	3.41e-18	4.17e-13	3.46e-09	9.26e-08	1.45e-06	7.84e-06	2.13e-05	9.26e-05	8.54e-03	9.92e-02	3.04e-01	3.27e-01	2.10e-01	4.40e-02	5.34e-03	9.50e-04	3.61e-04	9.20e-06	0.00e+00
 2.59580e+22	4.98e-18	5.84e-13	4.63e-09	1.21e-07	1.86e-06	9.84e-06	2.60e-05	1.10e-04	9.63e-03	1.07e-01	3.14e-01	3.24e-01	2.00e-01	4.00e-02	4.66e-03	8.12e-04	2.97e-04	7.21e-06	0.00e+00
 2.61567e+22	6.70e-18	7.60e-13	5.81e-09	1.49e-07	2.26e-06	1.18e-05	3.04e-05	1.25e-04	1.06e-02	1.13e-01	3.21e-01	3.22e-01	1.92e-01	3.70e-02	4.18e-03	7.14e-04	2.53e-04	5.92e-06	0.00e+00
 2.63589e+22	9.82e-18	1.07e-12	7.76e-09	1.94e-07	2.91e-06	1.49e-05	3.72e-05	1.50e-04	1.20e-02	1.22e-01	3.30e-01	3.18e-01	1.81e-01	3.32e-02	3.60e-03	6.02e-04	2.05e-04	4.55e-06	0.00e+00
 2.65639e+22	1.32e-17	1.39e-12	9.70e-09	2.39e-07	3.55e-06	1.79e-05	4.37e-05	1.73e-04	1.32e-02	1.29e-01	3.37e-01	3.14e-01	1.72e-01	3.05e-02	3.20e-03	5.24e-04	1.73e-04	3.68e-06	0.00e+00
 2.67358e+22	1.73e-17	1.75e-12	1.18e-08	2.86e-07	4.24e-06	2.11e-05	5.05e-05	1.96e-04	1.44e-02	1.36e-01	3.43e-01	3.11e-01	1.65e-01	2.81e-02	2.86e-03	4.62e-04	1.48e-04	3.03e-06	0.00e+00
 2.69216e+22	2.42e-17	2.34e-12	1.51e-08	3.61e-07	5.33e-06	2.62e-05	6.10e-05	2.32e-04	1.62e-02	1.45e-01	3.50e-01	3.05e-01	1.55e-01	2.52e-02	2.47e-03	3.90e-04	1.20e-04	2.34e-06	0.00e+00
 2.71084e+22	3.13e-17	2.92e-12	1.81e-08	4.31e-07	6.36e-06	3.10e-05	7.06e-05	2.65e-04	1.78e-02	1.53e-01	3.55e-01	3.01e-01	1.47e-01	2.31e-02	2.19e-03	3.41e-04	1.02e-04	1.91e-06	0.00e+00
 2.72884e+22	4.23e-17	3.78e-12	2.24e-08	5.31e-07	7.83e-06	3.78e-05	8.42e-05	3.10e-04	1.98e-02	1.63e-01	3.62e-01	2.95e-01	1.38e-01	2.07e-02	1.89e-03	2.89e-04	8.33e-05	1.48e-06	0.00e+00
 2.74725e+22	5.48e-17	4.71e-12	2.68e-08	6.34e-07	9.39e-06	4.50e-05	9.83e-05	3.57e-04	2.18e-02	1.72e-01	3.67e-01	2.89e-01	1.30e-01	1.88e-02	1.66e-03	2.49e-04	6.95e-05	1.18e-06	0.00e+00
 2.76502e+22	7.16e-17	5.90e-12	3.22e-08	7.63e-07	1.13e-05	5.40e-05	1.16e-04	4.15e-04	2.42e-02	1.82e-01	3.71e-01	2.82e-01	1.21e-01	1.68e-02	1.44e-03	2.12e-04	5.70e-05	9.29e-07	0.00e+00
 2.78304e+22	9.20e-17	7.28e-12	3.81e-08	9.08e-07	1.36e-05	6.44e-05	1.35e-04	4.81e-04	2.67e-02	1.92e-01	3.75e-01	2.75e-01	1.14e-01	1.51e-02	1.25e-03	1.81e-04	4.70e-05	7.31e-07	0.00e+00
 2.80062e+22	1.17e-16	8.87e-12	4.47e-08	1.07e-06	1.62e-05	7.65e-05	1.58e-04	5.55e-04	2.94e-02	2.02e-01	3.79e-01	2.68e-01	1.06e-01	1.36e-02	1.08e-03	1.54e-04	3.87e-05	5.76e-07	0.00e+00
 2.81792e+22	1.47e-16	1.07e-11	5.18e-08	1.26e-06	1.92e-05	9.03e-05	1.83e-04	6.40e-04	3.23e-02	2.12e-01	3.82e-01	2.61e-01	9.89e-02	1.22e-02	9.38e-04	1.31e-04	3.19e-05	4.54e-07	0.00e+00
 2.83503e+22	1.83e-16	1.28e-11	5.95e-08	1.47e-06	2.26e-05	1.07e-04	2.12e-04	7.38e-04	3.55e-02	2.23e-01	3.84e-01	2.53e-01	9.20e-02	1.09e-02	8.10e-04	1.12e-04	2.61e-05	3.57e-07	0.00e+00
 2.85171e+22	2.24e-16	1.51e-11	6.77e-08	1.69e-06	2.64e-05	1.24e-04	2.43e-04	8.41e-04	3.88e-02	2.33e-01	3.85e-01	2.45e-01	8.58e-02	9.77e-03	7.07e-04	9.59e-05	2.17e-05	2.84e-07	0.00e+00
 2.86871e+22	2.78e-16	1.79e-11	7.73e-08	1.97e-06	3.11e-05	1.46e-04	2.81e-04	9.71e-04	4.26e-02	2.44e-01	3.86e-01	2.37e-01	7.93e-02	8.68e-03	6.07e-04	8.09e-05	1.77e-05	2.22e-07	0.00e+00
 2.88604e+22	3.39e-16	2.10e-11	8.74e-08	2.27e-06	3.63e-05	1.71e-04	3.23e-04	1.11e-03	4.66e-02	2.55e-01	3.86e-01	2.29e-01	7.34e-02	7.74e-03	5.24e-04	6.87e-05	1.45e-05	1.74e-07	0.00e+00
 2.90313e+22	4.13e-16	2.46e-11	9.85e-08	2.62e-06	4.24e-05	1.99e-04	3.70e-04	1.27e-03	5.09e-02	2.66e-01	3.86e-01	2.20e-01	6.78e-02	6.88e-03	4.51e-04	5.81e-05	1.19e-05	1.36e-07	0.00e+00
 2.92042e+22	5.01e-16	2.86e-11	1.11e-07	3.01e-06	4.93e-05	2.31e-04	4.23e-04	1.46e-03	5.55e-02	2.77e-01	3.84e-01	2.12e-01	6.24e-02	6.10e-03	3.87e-04	4.91e-05	9.71e-06	0.00e+00	0.00e+00
 2.93794e+22	6.08e-16	3.34e-11	1.24e-07	3.46e-06	5.74e-05	2.69e-04	4.84e-04	1.67e-03	6.05e-02	2.89e-01	3.82e-01	2.03e-01	5.73e-02	5.39e-03	3.32e-04	4.13e-05	7.90e-06	0.00e+00	0.00e+00
 2.95574e+22	7.38e-16	3.89e-11	1.40e-07	3.98e-06	6.67e-05	3.13e-04	5.52e-04	1.91e-03	6.59e-02	3.00e-01	3.80e-01	1.94e-01	5.25e-02	4.76e-03	2.83e-04	3.46e-05	6.42e-06	0.00e+00	0.00e+00
 2.97364e+22	8.93e-16	4.52e-11	1.57e-07	4.57e-06	7.73e-05	3.62e-04	6.27e-04	2.17e-03	7.15e-02	3.11e-01	3.76e-01	1.85e-01	4.81e-02	4.20e-03	2.42e-04	2.91e-05	5.22e-06	0.00e+00	0.00e+00
 2.99196e+22	1.09e-15	5.29e-11	1.77e-07	5.28e-06	8.99e-05	4.20e-04	7.15e-04	2.48e-03	7.78e-02	3.22e-01	3.72e-01	1.76e-01	4.38e-02	3.68e-03	2.06e-04	2.42e-05	4.20e-06	0.00e+00	0.00e+00
 3.01040e+22	1.32e-15	6.16e-11	1.99e-07	6.06e-06	1.04e-04	4.84e-04	8.08e-04	2.82e-03	8.41e-02	3.33e-01	3.68e-01	1.68e-01	4.00e-02	3.24e-03	1.76e-04	2.03e-05	3.41e-06	0.00e+00	0.00e+00
 3.02933e+22	1.63e-15	7.28e-11	2.27e-07	7.05e-06	1.21e-04	5.63e-04	9.19e-04	3.22e-03	9.13e-02	3.44e-01	3.62e-01	1.59e-01	3.62e-02	2.82e-03	1.48e-04	1.68e-05	2.72e-06	0.00e+00	0.00e+00
 3.04708e+22	1.92e-15	8.33e-11	2.52e-07	7.95e-06	1.37e-04	6.33e-04	1.02e-03	3.58e-03	9.73e-02	3.52e-01	3.57e-01	1.52e-01	3.34e-02	2.53e-03	1.29e-04	1.44e-05	2.28e-06	0.00e+00	0.00e+00
 3.06520e+22	2.39e-15	9.92e-11	2.89e-07	9.28e-06	1.60e-04	7.36e-04	1.15e-03	4.09e-03	1.05e-01	3.62e-01	3.51e-01	1.43e-01	3.01e-02	2.19e-03	1.08e-04	1.19e-05	1.81e-06	0.00e+00	0.00e+00
 3.08357e+22	2.85e-15	1.15e-10	3.24e-07	1.05e-05	1.81e-04	8.27e-04	1.27e-03	4.52e-03	1.12e-01	3.70e-01	3.45e-01	1.36e-01	2.77e-02	1.96e-03	9.46e-05	1.02e-05	1.51e-06	0.00e+00	0.00e+00
 3.10227e+22	3.59e-15	1.38e-10	3.77e-07	1.24e-05	2.12e-04	9.60e-04	1.44e-03	5.15e-03	1.21e-01	3.80e-01	3.37e-01	1.28e-01	2.48e-02	1.69e-03	7.91e-05	8.33e-06	1.20e-06	0.00e+00	0.00e+00
 3.12146e+22	4.34e-15	1.62e-10	4.28e-07	1.41e-05	2.41e-04	1.08e-03	1.59e-03	5.70e-03	1.28e-01	3.87e-01	3.30e-01	1.21e-01	2.27e-02	1.50e-03	6.84e-05	7.09e-06	9.90e-07	0.00e+00	0.00e+00
 3.14127e+22	5.57e-15	1.98e-10	5.04e-07	1.68e-05	2.84e-04	1.26e-03	1.80e-03	6.50e-03	1.38e-01	3.96e-01	3.21e-01	1.13e-01	2.02e-02	1.29e-03	5.67e-05	5.74e-06	7.74e-07	0.00e+00	0.00e+00
 3.16134e+22	6.82e-15	2.35e-10	5.79e-07	1.93e-05	3.23e-04	1.42e-03	1.98e-03	7.17e-03	1.46e-01	4.02e-01	3.14e-01	1.07e-01	1.85e-02	1.14e-03	4.90e-05	4.88e-06	6.40e-07	0.00e+00	0.00e+00
 3.18175e+22	8.87e-15	2.92e-10	6.93e-07	2.32e-05	3.82e-04	1.65e-03	2.24e-03	8.16e-03	1.57e-01	4.09e-01	3.04e-01	9.94e-02	1.63e-02	9.73e-04	4.04e-05	3.93e-06	4.97e-07	0.00e+00	0.00e+00
 3.20227e+22	1.09e-14	3.49e-10	8.02e-07	2.68e-05	4.34e-04	1.85e-03	2.46e-03	8.96e-03	1.66e-01	4.14e-01	2.97e-01	9.39e-02	1.49e-02	8.62e-04	3.49e-05	3.34e-06	4.12e-07	0.00e+00	0.00e+00
 3.22293e+22	1.44e-14	4.39e-10	9.70e-07	3.22e-05	5.13e-04	2.15e-03	2.77e-03	1.01e-02	1.77e-01	4.20e-01	2.86e-01	8.68e-02	1.32e-02	7.34e-04	2.87e-05	2.69e-06	3.20e-07	0.00e+00	0.00e+00
 3.24384e+22	1.80e-14	5.30e-10	1.14e-06	3.74e-05	5.85e-04	2.42e-03	3.03e-03	1.11e-02	1.86e-01	4.24e-01	2.78e-01	8.17e-02	1.20e-02	6.49e-04	2.48e-05	2.28e-06	2.64e-07	0.00e+00	0.00e+00
 3.26508e+22	2.40e-14	6.77e-10	1.39e-06	4.54e-05	6.92e-04	2.80e-03	3.41e-03	1.25e-02	1.98e-01	4.29e-01	2.67e-01	7.53e-02	1.05e-02	5.51e-04	2.03e-05	1.83e-06	2.05e-07	0.00e+00	0.00e+00
 3.28666e+22	3.03e-14	8.26e-10	1.65e-06	5.30e-05	7.92e-04	3.15e-03	3.73e-03	1.37e-02	2.08e-01	4.31e-01	2.59e-01	7.06e-02	9.52e-03	4.84e-04	1.74e-05	1.54e-06	1.68e-07	0.00e+00	0.00e+00
 3.30868e+22	4.11e-14	1.07e-09	2.05e-06	6.50e-05	9.42e-04	3.66e-03	4.18e-03	1.54e-02	2.21e-01	4.34e-01	2.48e-01	6.47e-02	8.33e-03	4.09e-04	1.42e-05	1.23e-06	1.29e-07	0.00e+00	0.00e+00
 3.33110e+22	5.26e-14	1.33e-09	2.46e-06	7.65e-05	1.08e-03	4.12e-03	4.58e-03	1.68e-02	2.31e-01	4.35e-01	2.39e-01	6.03e-02	7.49e-03	3.58e-04	1.21e-05	1.03e-06	0.00e+00	0.00e+00	0.00e+00
 3.35405e+22	7.28e-14	1.76e-09	3.12e-06	9.47e-05	1.29e-03	4.80e-03	5.14e-03	1.89e-02	2.45e-01	4.36e-01	2.27e-01	5.50e-02	6.51e-03	3.00e-04	9.83e-06	8.16e-07	0.00e+00	0.00e+00	0.00e+00
 3.37751e+22	9.48e-14	2.21e-09	3.78e-06	1.13e-04	1.49e-03	5.41e-03	5.63e-03	2.07e-02	2.55e-01	4.36e-01	2.18e-01	5.10e-02	5.82e-03	2.61e-04	8.32e-06	6.78e-07	0.00e+00	0.00e+00	0.00e+00
 3.39727e+22	1.20e-13	2.70e-09	4.50e-06	1.31e-04	1.69e-03	6.02e-03	6.10e-03	2.23e-02	2.65e-01	4.35e-01	2.10e-01	4.76e-02	5.26e-03	2.30e-04	7.18e-06	5.75e-07	0.00e+00	0.00e+00	0.00e+00
 3.41862e+22	1.63e-13	3.53e-09	5.65e-06	1.60e-04	2.00e-03	6.90e-03	6.75e-03	2.47e-02	2.78e-01	4.34e-01	2.00e-01	4.35e-02	4.60e-03	1.95e-04	5.89e-06	4.62e-07	0.00e+00	0.00e+00	0.00e+00
 3.44005e+22	2.07e-13	4.34e-09	6.75e-06	1.87e-04	2.27e-03	7.66e-03	7.29e-03	2.66e-02	2.87e-01	4.32e-01	1.92e-01	4.06e-02	4.16e-03	1.72e-04	5.09e-06	3.93e-07	0.00e+00	0.00e+00	0.00e+00
 3.46161e+22	2.84e-13	5.70e-09	8.51e-06	2.29e-04	2.67e-03	8.76e-03	8.06e-03	2.92e-02	3.00e-01	4.29e-01	1.82e-01	3.70e-02	3.63e-03	1.46e-04	4.17e-06	3.16e-07	0.00e+00	0.00e+00	0.00e+00
 3.48300e+22	3.59e-13	7.00e-09	1.02e-05	2.66e-04	3.02e-03	9.68e-03	8.67e-03	3.13e-02	3.09e-01	4.26e-01	1.75e-01	3.45e-02	3.29e-03	1.29e-04	3.61e-06	2.69e-07	0.00e+00	0.00e+00	0.00e+00
 3.50417e+22	4.89e-13	9.17e-09	1.28e-05	3.25e-04	3.54e-03	1.10e-02	9.53e-03	3.42e-02	3.21e-01	4.21e-01	1.65e-01	3.14e-02	2.87e-03	1.09e-04	2.97e-06	2.17e-07	0.00e+00	0.00e+00	0.00e+00
 3.52559e+22	6.24e-13	1.13e-08	1.53e-05	3.79e-04	4.00e-03	1.22e-02	1.03e-02	3.66e-02	3.29e-01	4.17e-01	1.58e-01	2.92e-02	2.59e-03	9.62e-05	2.56e-06	1.84e-07	0.00e+00	0.00e+00	0.00e+00
 3.54734e+22	8.56e-13	1.49e-08	1.94e-05	4.63e-04	4.70e-03	1.39e-02	1.13e-02	3.99e-02	3.41e-01	4.11e-01	1.49e-01	2.65e-02	2.25e-03	8.15e-05	2.10e-06	1.49e-07	0.00e+00	0.00e+00	0.00e+00
 3.56949e+22	1.11e-12	1.87e-08	2.36e-05	5.45e-04	5.35e-03	1.54e-02	1.21e-02	4.26e-02	3.50e-01	4.06e-01	1.42e-01	2.44e-02	2.01e-03	7.11e-05	1.79e-06	1.25e-07	0.00e+00	0.00e+00	0.00e+00
 3.59216e+22	1.54e-12	2.49e-08	3.02e-05	6.72e-04	6.31e-03	1.75e-02	1.33e-02	4.65e-02	3.61e-01	3.98e-01	1.33e-01	2.20e-02	1.73e-03	5.96e-05	1.46e-06	0.00e+00	0.00e+00	0.00e+00	0.00e+00
 3.61501e+22	1.99e-12	3.12e-08	3.66e-05	7.89e-04	7.16e-03	1.93e-02	1.43e-02	4.94e-02	3.69e-01	3.91e-01	1.26e-01	2.03e-02	1.55e-03	5.21e-05	1.24e-06	0.00e+00	0.00e+00	0.00e+00	0.00e+00
 3.63807e+22	2.79e-12	4.19e-08	4.72e-05	9.75e-04	8.46e-03	2.21e-02	1.57e-02	5.37e-02	3.80e-01	3.82e-01	1.18e-01	1.81e-02	1.33e-03	4.33e-05	1.00e-06	0.00e+00	0.00e+00	0.00e+00	0.00e+00
 3.66138e+22	3.62e-12	5.26e-08	5.74e-05	1.15e-03	9.60e-03	2.43e-02	1.69e-02	5.70e-02	3.87e-01	3.75e-01	1.11e-01	1.66e-02	1.18e-03	3.77e-05	8.52e-07	0.00e+00	0.00e+00	0.00e+00	0.00e+00
 3.68501e+22	5.11e-12	7.11e-08	7.43e-05	1.42e-03	1.13e-02	2.77e-02	1.85e-02	6.18e-02	3.96e-01	3.64e-01	1.03e-01	1.48e-02	1.00e-03	3.12e-05	6.82e-07	0.00e+00	0.00e+00	0.00e+00	0.00e+00
 3.70917e+22	6.70e-12	9.01e-08	9.11e-05	1.68e-03	1.29e-02	3.06e-02	1.98e-02	6.55e-02	4.03e-01	3.55e-01	9.70e-02	1.34e-02	8.86e-04	2.69e-05	5.74e-07	0.00e+00	0.00e+00	0.00e+00	0.00e+00
 3.73404e+22	9.60e-12	1.23e-07	1.19e-04	2.10e-03	1.53e-02	3.50e-02	2.17e-02	7.08e-02	4.11e-01	3.43e-01	8.90e-02	1.18e-02	7.45e-04	2.20e-05	4.53e-07	0.00e+00	0.00e+00	0.00e+00	0.00e+00
 3.75940e+22	1.27e-11	1.58e-07	1.47e-04	2.49e-03	1.75e-02	3.87e-02	2.33e-02	7.49e-02	4.16e-01	3.33e-01	8.32e-02	1.07e-02	6.52e-04	1.88e-05	3.78e-07	0.00e+00	0.00e+00	0.00e+00	0.00e+00
 3.78539e+22	1.84e-11	2.18e-07	1.95e-04	3.13e-03	2.08e-02	4.41e-02	2.55e-02	8.07e-02	4.22e-01	3.18e-01	7.56e-02	9.29e-03	5.41e-04	1.52e-05	2.94e-07	0.00e+00	0.00e+00	0.00e+00	0.00e+00
 3.81159e+22	2.44e-11	2.79e-07	2.40e-04	3.71e-03	2.37e-02	4.86e-02	2.73e-02	8.50e-02	4.25e-01	3.07e-01	7.03e-02	8.35e-03	4.70e-04	1.29e-05	2.44e-07	0.00e+00	0.00e+00	0.00e+00	0.00e+00
 3.83807e+22	3.54e-11	3.86e-07	3.17e-04	4.64e-03	2.82e-02	5.52e-02	2.98e-02	9.10e-02	4.28e-01	2.92e-01	6.34e-02	7.20e-03	3.88e-04	1.03e-05	1.88e-07	0.00e+00	0.00e+00	0.00e+00	0.00e+00
 3.86327e+22	4.58e-11	4.82e-07	3.83e-04	5.42e-03	3.16e-02	6.02e-02	3.15e-02	9.51e-02	4.29e-01	2.81e-01	5.89e-02	6.49e-03	3.38e-04	8.83e-06	1.57e-07	0.00e+00	0.00e+00	0.00e+00	0.00e+00
 3.88683e+22	6.22e-11	6.30e-07	4.81e-04	6.50e-03	3.63e-02	6.66e-02	3.37e-02	1.00e-01	4.29e-01	2.68e-01	5.38e-02	5.70e-03	2.87e-04	7.31e-06	1.26e-07	0.00e+00	0.00e+00	0.00e+00	0.00e+00
 3.91199e+22	8.30e-11	8.09e-07	5.95e-04	7.71e-03	4.13e-02	7.31e-02	3.59e-02	1.05e-01	4.27e-01	2.55e-01	4.92e-02	5.03e-03	2.44e-04	6.10e-06	0.00e+00	0.00e+00	0.00e+00	0.00e+00	0.00e+00
 3.93544e+22	1.09e-10	1.03e-06	7.27e-04	9.05e-03	4.65e-02	7.97e-02	3.79e-02	1.09e-01	4.25e-01	2.43e-01	4.50e-02	4.46e-03	2.09e-04	5.11e-06	0.00e+00	0.00e+00	0.00e+00	0.00e+00	0.00e+00
 3.95745e+22	1.40e-10	1.27e-06	8.73e-04	1.05e-02	5.18e-02	8.60e-02	3.98e-02	1.13e-01	4.22e-01	2.31e-01	4.14e-02	3.97e-03	1.81e-04	4.34e-06	0.00e+00	0.00e+00	0.00e+00	0.00e+00	0.00e+00
 3.97827e+22	1.78e-10	1.57e-06	1.04e-03	1.20e-02	5.74e-02	9.25e-02	4.17e-02	1.16e-01	4.17e-01	2.20e-01	3.80e-02	3.54e-03	1.57e-04	3.69e-06	0.00e+00	0.00e+00	0.00e+00	0.00e+00	0.00e+00
 4.00220e+22	2.41e-10	2.04e-06	1.30e-03	1.43e-02	6.52e-02	1.01e-01	4.41e-02	1.20e-01	4.10e-01	2.06e-01	3.40e-02	3.05e-03	1.30e-04	2.99e-06	0.00e+00	0.00e+00	0.00e+00	0.00e+00	0.00e+00
 4.02655e+22	3.09e-10	2.53e-06	1.56e-03	1.65e-02	7.22e-02	1.09e-01	4.60e-02	1.24e-01	4.04e-01	1.94e-01	3.10e-02	2.69e-03	1.11e-04	2.51e-06	0.00e+00	0.00e+00	0.00e+00	0.00e+00	0.00e+00
 4.05147e+22	4.19e-10	3.28e-06	1.94e-03	1.95e-02	8.17e-02	1.18e-01	4.84e-02	1.27e-01	3.94e-01	1.80e-01	2.74e-02	2.29e-03	9.13e-05	2.01e-06	0.00e+00	0.00e+00	0.00e+00	0.00e+00	0.00e+00
 4.07700e+22	5.44e-10	4.11e-06	2.34e-03	2.26e-02	9.05e-02	1.26e-01	5.03e-02	1.30e-01	3.84e-01	1.68e-01	2.46e-02	1.98e-03	7.65e-05	1.65e-06	0.00e+00	0.00e+00	0.00e+00	0.00e+00	0.00e+00
 4.09952e+22	6.94e-10	5.06e-06	2.79e-03	2.58e-02	9.95e-02	1.34e-01	5.20e-02	1.32e-01	3.73e-01	1.56e-01	2.21e-02	1.73e-03	6.46e-05	1.37e-06	0.00e+00	0.00e+00	0.00e+00	0.00e+00	0.00e+00
 4.12498e+22	9.34e-10	6.53e-06	3.45e-03	3.03e-02	1.11e-01	1.44e-01	5.41e-02	1.34e-01	3.59e-01	1.43e-01	1.92e-02	1.45e-03	5.22e-05	1.08e-06	0.00e+00	0.00e+00	0.00e+00	0.00e+00	0.00e+00
 4.15161e+22	1.21e-09	8.17e-06	4.15e-03	3.49e-02	1.22e-01	1.53e-01	5.57e-02	1.35e-01	3.45e-01	1.31e-01	1.69e-02	1.23e-03	4.28e-05	8.68e-07	0.00e+00	0.00e+00	0.00e+00	0.00e+00	0.00e+00
 4.17582e+22	1.56e-09	1.01e-05	4.94e-03	3.97e-02	1.34e-01	1.62e-01	5.71e-02	1.36e-01	3.31e-01	1.20e-01	1.49e-02	1.05e-03	3.53e-05	7.02e-07	0.00e+00	0.00e+00	0.00e+00	0.00e+00	0.00e+00
 4.20334e+22	2.11e-09	1.31e-05	6.11e-03	4.65e-02	1.48e-01	1.72e-01	5.86e-02	1.36e-01	3.12e-01	1.07e-01	1.26e-02	8.50e-04	2.76e-05	5.35e-07	0.00e+00	0.00e+00	0.00e+00	0.00e+00	0.00e+00
 4.23154e+22	2.74e-09	1.63e-05	7.32e-03	5.31e-02	1.62e-01	1.80e-01	5.97e-02	1.36e-01	2.95e-01	9.59e-02	1.09e-02	7.05e-04	2.21e-05	4.20e-07	0.00e+00	0.00e+00	0.00e+00	0.00e+00	0.00e+00
 4.25651e+22	3.49e-09	2.00e-05	8.62e-03	5.98e-02	1.74e-01	1.88e-01	6.04e-02	1.34e-01	2.78e-01	8.64e-02	9.41e-03	5.89e-04	1.79e-05	3.33e-07	0.00e+00	0.00e+00	0.00e+00	0.00e+00	0.00e+00
 4.28486e+22	4.69e-09	2.56e-05	1.05e-02	6.90e-02	1.90e-01	1.96e-01	6.10e-02	1.32e-01	2.57e-01	7.52e-02	7.78e-03	4.67e-04	1.36e-05	2.48e-07	0.00e+00	0.00e+00	0.00e+00	0.00e+00	0.00e+00
 4.31412e+22	6.04e-09	3.17e-05	1.25e-02	7.77e-02	2.05e-01	2.03e-01	6.12e-02	1.29e-01	2.39e-01	6.62e-02	6.55e-03	3.79e-04	1.07e-05	1.90e-07	0.00e+00	0.00e+00	0.00e+00	0.00e+00	0.00e+00
 4.34032e+22	7.65e-09	3.85e-05	1.46e-02	8.67e-02	2.18e-01	2.09e-01	6.10e-02	1.26e-01	2.21e-01	5.83e-02	5.54e-03	3.09e-04	8.42e-06	1.47e-07	0.00e+00	0.00e+00	0.00e+00	0.00e+00	0.00e+00
 4.37015e+22	1.02e-08	4.90e-05	1.77e-02	9.87e-02	2.34e-01	2.14e-01	6.05e-02	1.21e-01	1.99e-01	4.94e-02	4.45e-03	2.37e-04	6.21e-06	0.00e+00	0.00e+00	0.00e+00	0.00e+00	0.00e+00	0.00e+00
 4.40031e+22	1.30e-08	5.98e-05	2.07e-02	1.09e-01	2.48e-01	2.18e-01	5.97e-02	1.17e-01	1.82e-01	4.26e-02	3.67e-03	1.88e-04	4.76e-06	0.00e+00	0.00e+00	0.00e+00	0.00e+00	0.00e+00	0.00e+00
 4.42670e+22	1.62e-08	7.17e-05	2.38e-02	1.20e-01	2.59e-01	2.20e-01	5.87e-02	1.12e-01	1.65e-01	3.69e-02	3.05e-03	1.51e-04	3.69e-06	0.00e+00	0.00e+00	0.00e+00	0.00e+00	0.00e+00	0.00e+00
 4.45682e+22	2.13e-08	8.95e-05	2.83e-02	1.34e-01	2.73e-01	2.22e-01	5.72e-02	1.06e-01	1.46e-01	3.06e-02	2.40e-03	1.14e-04	2.67e-06	0.00e+00	0.00e+00	0.00e+00	0.00e+00	0.00e+00	0.00e+00
 4.48766e+22	2.68e-08	1.08e-04	3.26e-02	1.47e-01	2.84e-01	2.22e-01	5.56e-02	9.99e-02	1.31e-01	2.59e-02	1.94e-03	8.83e-05	2.00e-06	0.00e+00	0.00e+00	0.00e+00	0.00e+00	0.00e+00	0.00e+00
 4.51511e+22	3.32e-08	1.28e-04	3.72e-02	1.59e-01	2.94e-01	2.21e-01	5.38e-02	9.42e-02	1.17e-01	2.20e-02	1.57e-03	6.91e-05	1.52e-06	0.00e+00	0.00e+00	0.00e+00	0.00e+00	0.00e+00	0.00e+00
 4.54649e+22	4.33e-08	1.59e-04	4.37e-02	1.75e-01	3.04e-01	2.19e-01	5.14e-02	8.70e-02	1.01e-01	1.77e-02	1.20e-03	5.03e-05	1.06e-06	0.00e+00	0.00e+00	0.00e+00	0.00e+00	0.00e+00	0.00e+00
 4.57857e+22	5.41e-08	1.89e-04	4.99e-02	1.88e-01	3.12e-01	2.16e-01	4.92e-02	8.08e-02	8.84e-02	1.46e-02	9.44e-04	3.82e-05	7.75e-07	0.00e+00	0.00e+00	0.00e+00	0.00e+00	0.00e+00	0.00e+00
 4.60694e+22	6.64e-08	2.23e-04	5.63e-02	2.01e-01	3.18e-01	2.12e-01	4.70e-02	7.50e-02	7.76e-02	1.22e-02	7.50e-04	2.92e-05	5.74e-07	0.00e+00	0.00e+00	0.00e+00	0.00e+00	0.00e+00	0.00e+00
 4.63466e+22	8.08e-08	2.60e-04	6.30e-02	2.14e-01	3.22e-01	2.07e-01	4.48e-02	6.95e-02	6.81e-02	1.01e-02	5.97e-04	2.24e-05	4.26e-07	0.00e+00	0.00e+00	0.00e+00	0.00e+00	0.00e+00	0.00e+00
 4.66618e+22	1.03e-07	3.14e-04	7.23e-02	2.30e-01	3.26e-01	2.01e-01	4.20e-02	6.28e-02	5.76e-02	7.97e-03	4.46e-04	1.60e-05	2.93e-07	0.00e+00	0.00e+00	0.00e+00	0.00e+00	0.00e+00	0.00e+00
 4.69804e+22	1.25e-07	3.67e-04	8.07e-02	2.43e-01	3.28e-01	1.94e-01	3.96e-02	5.75e-02	4.97e-02	6.50e-03	3.47e-04	1.20e-05	2.12e-07	0.00e+00	0.00e+00	0.00e+00	0.00e+00	0.00e+00	0.00e+00
 4.72574e+22	1.51e-07	4.23e-04	8.93e-02	2.55e-01	3.28e-01	1.88e-01	3.73e-02	5.26e-02	4.32e-02	5.34e-03	2.73e-04	9.13e-06	1.56e-07	0.00e+00	0.00e+00	0.00e+00	0.00e+00	0.00e+00	0.00e+00
 4.75712e+22	1.89e-07	5.03e-04	1.01e-01	2.70e-01	3.27e-01	1.80e-01	3.45e-02	4.69e-02	3.60e-02	4.16e-03	2.01e-04	6.44e-06	0.00e+00	0.00e+00	0.00e+00	0.00e+00	0.00e+00	0.00e+00	0.00e+00
 4.78807e+22	2.25e-07	5.75e-04	1.11e-01	2.81e-01	3.26e-01	1.73e-01	3.24e-02	4.27e-02	3.11e-02	3.40e-03	1.58e-04	4.87e-06	0.00e+00	0.00e+00	0.00e+00	0.00e+00	0.00e+00	0.00e+00	0.00e+00
 4.81445e+22	2.65e-07	6.53e-04	1.21e-01	2.91e-01	3.23e-01	1.66e-01	3.03e-02	3.89e-02	2.69e-02	2.78e-03	1.24e-04	3.70e-06	0.00e+00	0.00e+00	0.00e+00	0.00e+00	0.00e+00	0.00e+00	0.00e+00
 4.84472e+22	3.25e-07	7.61e-04	1.34e-01	3.03e-01	3.18e-01	1.57e-01	2.79e-02	3.45e-02	2.23e-02	2.17e-03	9.17e-05	2.62e-06	0.00e+00	0.00e+00	0.00e+00	0.00e+00	0.00e+00	0.00e+00	0.00e+00
 4.87567e+22	3.85e-07	8.64e-04	1.46e-01	3.13e-01	3.13e-01	1.50e-01	2.59e-02	3.10e-02	1.91e-02	1.75e-03	7.08e-05	1.95e-06	0.00e+00	0.00e+00	0.00e+00	0.00e+00	0.00e+00	0.00e+00	0.00e+00
 4.90039e+22	4.39e-07	9.53e-04	1.55e-01	3.20e-01	3.09e-01	1.44e-01	2.44e-02	2.85e-02	1.68e-02	1.47e-03	5.76e-05	1.55e-06	0.00e+00	0.00e+00	0.00e+00	0.00e+00	0.00e+00	0.00e+00	0.00e+00
 4.92545e+22	5.16e-07	1.07e-03	1.68e-01	3.28e-01	3.02e-01	1.36e-01	2.26e-02	2.56e-02	1.43e-02	1.18e-03	4.44e-05	1.15e-06	0.00e+00	0.00e+00	0.00e+00	0.00e+00	0.00e+00	0.00e+00	0.00e+00
 4.95094e+22	5.88e-07	1.18e-03	1.79e-01	3.34e-01	2.97e-01	1.30e-01	2.12e-02	2.34e-02	1.25e-02	9.87e-04	3.58e-05	9.03e-07	0.00e+00	0.00e+00	0.00e+00	0.00e+00	0.00e+00	0.00e+00	0.00e+00
 4.97701e+22	6.90e-07	1.33e-03	1.93e-01	3.41e-01	2.89e-01	1.23e-01	1.95e-02	2.08e-02	1.05e-02	7.86e-04	2.73e-05	6.65e-07	0.00e+00	0.00e+00	0.00e+00	0.00e+00	0.00e+00	0.00e+00	0.00e+00
 5.00336e+22	7.86e-07	1.46e-03	2.05e-01	3.47e-01	2.83e-01	1.17e-01	1.82e-02	1.89e-02	9.14e-03	6.50e-04	2.18e-05	5.16e-07	0.00e+00	0.00e+00	0.00e+00	0.00e+00	0.00e+00	0.00e+00	0.00e+00
 5.02655e+22	8.90e-07	1.60e-03	2.17e-01	3.51e-01	2.76e-01	1.11e-01	1.70e-02	1.71e-02	7.96e-03	5.40e-04	1.75e-05	4.02e-07	0.00e+00	0.00e+00	0.00e+00	0.00e+00	0.00e+00	0.00e+00	0.00e+00
