#depth	O	O+	O+2	O+3	O+4	O+5	O+6	O+7	O+8	O[1]	O[2]	O[3]
 4.62852e+21	7.72e-29	6.77e-23	4.40e-18	3.59e-14	9.05e-11	1.06e-07	1.52e-04	2.12e-02	9.79e-01	0.00e+00	0.00e+00	0.00e+00
 1.02081e+22	4.80e-27	2.19e-21	7.33e-17	3.07e-13	3.82e-10	2.26e-07	3.23e-04	3.54e-02	9.64e-01	0.00e+00	0.00e+00	0.00e+00
 1.16199e+22	3.04e-26	1.07e-20	2.73e-16	8.71e-13	8.09e-10	3.57e-07	4.75e-04	4.39e-02	9.56e-01	0.00e+00	0.00e+00	0.00e+00
 1.23111e+22	7.73e-26	2.39e-20	5.35e-16	1.50e-12	1.21e-09	4.60e-07	5.78e-04	4.88e-02	9.51e-01	0.00e+00	0.00e+00	0.00e+00
 1.26078e+22	1.02e-25	3.03e-20	6.53e-16	1.76e-12	1.36e-09	4.97e-07	6.13e-04	5.03e-02	9.49e-01	0.00e+00	0.00e+00	0.00e+00
 1.27602e+22	1.45e-25	4.11e-20	8.44e-16	2.17e-12	1.59e-09	5.49e-07	6.60e-04	5.24e-02	9.47e-01	0.00e+00	0.00e+00	0.00e+00
 1.29220e+22	1.99e-25	5.42e-20	1.07e-15	2.62e-12	1.82e-09	6.02e-07	7.06e-04	5.42e-02	9.45e-01	0.00e+00	0.00e+00	0.00e+00
 1.30677e+22	2.67e-25	7.01e-20	1.32e-15	3.12e-12	2.08e-09	6.55e-07	7.52e-04	5.60e-02	9.43e-01	0.00e+00	0.00e+00	0.00e+00
 1.32290e+22	3.96e-25	9.85e-20	1.76e-15	3.94e-12	2.48e-09	7.35e-07	8.16e-04	5.84e-02	9.41e-01	0.00e+00	0.00e+00	0.00e+00
 1.33901e+22	5.36e-25	1.28e-19	2.20e-15	4.72e-12	2.84e-09	8.04e-07	8.69e-04	6.03e-02	9.39e-01	0.00e+00	0.00e+00	0.00e+00
 1.35209e+22	6.99e-25	1.62e-19	2.68e-15	5.54e-12	3.20e-09	8.70e-07	9.19e-04	6.20e-02	9.37e-01	0.00e+00	0.00e+00	0.00e+00
 1.36610e+22	1.00e-24	2.21e-19	3.49e-15	6.87e-12	3.76e-09	9.67e-07	9.89e-04	6.43e-02	9.35e-01	0.00e+00	0.00e+00	0.00e+00
 1.37903e+22	1.26e-24	2.69e-19	4.13e-15	7.88e-12	4.16e-09	1.04e-06	1.04e-03	6.58e-02	9.33e-01	0.00e+00	0.00e+00	0.00e+00
 1.39057e+22	1.73e-24	3.55e-19	5.21e-15	9.53e-12	4.80e-09	1.14e-06	1.10e-03	6.79e-02	9.31e-01	0.00e+00	0.00e+00	0.00e+00
 1.40210e+22	2.15e-24	4.30e-19	6.14e-15	1.09e-11	5.31e-09	1.22e-06	1.16e-03	6.95e-02	9.29e-01	0.00e+00	0.00e+00	0.00e+00
 1.41361e+22	2.94e-24	5.64e-19	7.72e-15	1.31e-11	6.11e-09	1.34e-06	1.23e-03	7.17e-02	9.27e-01	0.00e+00	0.00e+00	0.00e+00
 1.42492e+22	3.71e-24	6.91e-19	9.18e-15	1.51e-11	6.80e-09	1.44e-06	1.29e-03	7.33e-02	9.25e-01	0.00e+00	0.00e+00	0.00e+00
 1.43597e+22	5.14e-24	9.18e-19	1.17e-14	1.84e-11	7.87e-09	1.58e-06	1.38e-03	7.56e-02	9.23e-01	0.00e+00	0.00e+00	0.00e+00
 1.44649e+22	6.30e-24	1.10e-18	1.36e-14	2.08e-11	8.64e-09	1.68e-06	1.43e-03	7.72e-02	9.21e-01	0.00e+00	0.00e+00	0.00e+00
 1.45635e+22	8.39e-24	1.41e-18	1.68e-14	2.48e-11	9.84e-09	1.84e-06	1.52e-03	7.93e-02	9.19e-01	0.00e+00	0.00e+00	0.00e+00
 1.46643e+22	1.06e-23	1.73e-18	2.00e-14	2.86e-11	1.10e-08	1.97e-06	1.59e-03	8.11e-02	9.17e-01	0.00e+00	0.00e+00	0.00e+00
 1.47679e+22	1.47e-23	2.30e-18	2.54e-14	3.48e-11	1.27e-08	2.18e-06	1.69e-03	8.35e-02	9.15e-01	0.00e+00	0.00e+00	0.00e+00
 1.48698e+22	1.84e-23	2.79e-18	3.00e-14	3.99e-11	1.41e-08	2.33e-06	1.77e-03	8.53e-02	9.13e-01	0.00e+00	0.00e+00	0.00e+00
 1.49550e+22	2.33e-23	3.43e-18	3.57e-14	4.59e-11	1.56e-08	2.50e-06	1.85e-03	8.72e-02	9.11e-01	0.00e+00	0.00e+00	0.00e+00
 1.50373e+22	2.90e-23	4.15e-18	4.20e-14	5.24e-11	1.73e-08	2.67e-06	1.93e-03	8.89e-02	9.09e-01	0.00e+00	0.00e+00	0.00e+00
 1.51300e+22	4.02e-23	5.51e-18	5.34e-14	6.38e-11	2.00e-08	2.95e-06	2.05e-03	9.15e-02	9.06e-01	0.00e+00	0.00e+00	0.00e+00
 1.52198e+22	4.95e-23	6.61e-18	6.23e-14	7.24e-11	2.20e-08	3.14e-06	2.13e-03	9.33e-02	9.05e-01	0.00e+00	0.00e+00	0.00e+00
 1.53059e+22	6.75e-23	8.67e-18	7.84e-14	8.73e-11	2.53e-08	3.44e-06	2.26e-03	9.58e-02	9.02e-01	0.00e+00	0.00e+00	0.00e+00
 1.53927e+22	8.37e-23	1.05e-17	9.20e-14	9.94e-11	2.79e-08	3.67e-06	2.35e-03	9.77e-02	9.00e-01	0.00e+00	0.00e+00	0.00e+00
 1.54807e+22	1.17e-22	1.40e-17	1.18e-13	1.22e-10	3.24e-08	4.06e-06	2.50e-03	1.00e-01	8.97e-01	0.00e+00	0.00e+00	0.00e+00
 1.55683e+22	1.47e-22	1.71e-17	1.40e-13	1.40e-10	3.59e-08	4.35e-06	2.61e-03	1.03e-01	8.95e-01	0.00e+00	0.00e+00	0.00e+00
 1.56557e+22	2.05e-22	2.28e-17	1.78e-13	1.70e-10	4.16e-08	4.79e-06	2.77e-03	1.05e-01	8.92e-01	0.00e+00	0.00e+00	0.00e+00
 1.57449e+22	2.69e-22	2.89e-17	2.17e-13	2.00e-10	4.69e-08	5.19e-06	2.90e-03	1.08e-01	8.89e-01	0.00e+00	0.00e+00	0.00e+00
 1.58230e+22	3.50e-22	3.64e-17	2.64e-13	2.35e-10	5.28e-08	5.61e-06	3.05e-03	1.10e-01	8.87e-01	0.00e+00	0.00e+00	0.00e+00
 1.59108e+22	4.99e-22	4.95e-17	3.43e-13	2.90e-10	6.17e-08	6.22e-06	3.24e-03	1.14e-01	8.83e-01	0.00e+00	0.00e+00	0.00e+00
 1.59982e+22	6.57e-22	6.28e-17	4.19e-13	3.41e-10	6.97e-08	6.74e-06	3.41e-03	1.16e-01	8.80e-01	0.00e+00	0.00e+00	0.00e+00
 1.60853e+22	9.49e-22	8.65e-17	5.49e-13	4.25e-10	8.19e-08	7.51e-06	3.63e-03	1.20e-01	8.77e-01	0.00e+00	0.00e+00	0.00e+00
 1.61695e+22	1.23e-21	1.09e-16	6.66e-13	4.96e-10	9.20e-08	8.10e-06	3.80e-03	1.22e-01	8.74e-01	0.00e+00	0.00e+00	0.00e+00
 1.62500e+22	1.76e-21	1.48e-16	8.65e-13	6.13e-10	1.08e-07	8.98e-06	4.05e-03	1.26e-01	8.70e-01	0.00e+00	0.00e+00	0.00e+00
 1.63307e+22	2.33e-21	1.88e-16	1.06e-12	7.22e-10	1.21e-07	9.73e-06	4.25e-03	1.29e-01	8.67e-01	0.00e+00	0.00e+00	0.00e+00
 1.64119e+22	3.38e-21	2.60e-16	1.39e-12	8.99e-10	1.43e-07	1.08e-05	4.53e-03	1.32e-01	8.63e-01	0.00e+00	0.00e+00	0.00e+00
 1.64936e+22	4.46e-21	3.31e-16	1.70e-12	1.06e-09	1.61e-07	1.17e-05	4.76e-03	1.35e-01	8.60e-01	0.00e+00	0.00e+00	0.00e+00
 1.65761e+22	6.43e-21	4.54e-16	2.23e-12	1.32e-09	1.89e-07	1.30e-05	5.07e-03	1.39e-01	8.56e-01	0.00e+00	0.00e+00	0.00e+00
 1.66609e+22	8.69e-21	5.89e-16	2.77e-12	1.57e-09	2.15e-07	1.42e-05	5.35e-03	1.43e-01	8.52e-01	0.00e+00	0.00e+00	0.00e+00
 1.67364e+22	1.17e-20	7.60e-16	3.43e-12	1.87e-09	2.45e-07	1.55e-05	5.63e-03	1.46e-01	8.48e-01	0.00e+00	0.00e+00	0.00e+00
 1.68199e+22	1.70e-20	1.05e-15	4.51e-12	2.32e-09	2.88e-07	1.72e-05	6.01e-03	1.50e-01	8.44e-01	0.00e+00	0.00e+00	0.00e+00
 1.69039e+22	2.26e-20	1.35e-15	5.56e-12	2.75e-09	3.26e-07	1.87e-05	6.32e-03	1.54e-01	8.40e-01	0.00e+00	0.00e+00	0.00e+00
 1.69892e+22	3.29e-20	1.86e-15	7.30e-12	3.43e-09	3.84e-07	2.09e-05	6.76e-03	1.58e-01	8.35e-01	0.00e+00	0.00e+00	0.00e+00
 1.70761e+22	4.46e-20	2.42e-15	9.10e-12	4.09e-09	4.38e-07	2.28e-05	7.13e-03	1.62e-01	8.31e-01	0.00e+00	0.00e+00	0.00e+00
 1.71618e+22	6.36e-20	3.29e-15	1.18e-11	5.04e-09	5.11e-07	2.53e-05	7.59e-03	1.67e-01	8.25e-01	0.00e+00	0.00e+00	0.00e+00
 1.72491e+22	8.66e-20	4.30e-15	1.47e-11	6.03e-09	5.85e-07	2.77e-05	8.03e-03	1.71e-01	8.21e-01	0.00e+00	0.00e+00	0.00e+00
 1.73369e+22	1.22e-19	5.79e-15	1.89e-11	7.39e-09	6.80e-07	3.07e-05	8.54e-03	1.76e-01	8.16e-01	0.00e+00	0.00e+00	0.00e+00
 1.74240e+22	1.64e-19	7.45e-15	2.34e-11	8.76e-09	7.73e-07	3.34e-05	9.01e-03	1.80e-01	8.11e-01	0.00e+00	0.00e+00	0.00e+00
 1.75125e+22	2.30e-19	9.99e-15	2.99e-11	1.07e-08	8.98e-07	3.70e-05	9.58e-03	1.85e-01	8.06e-01	0.00e+00	0.00e+00	0.00e+00
 1.76040e+22	3.10e-19	1.29e-14	3.71e-11	1.27e-08	1.02e-06	4.05e-05	1.01e-02	1.89e-01	8.00e-01	0.00e+00	0.00e+00	0.00e+00
 1.76976e+22	4.34e-19	1.73e-14	4.73e-11	1.55e-08	1.19e-06	4.48e-05	1.08e-02	1.95e-01	7.95e-01	0.00e+00	0.00e+00	0.00e+00
 1.77925e+22	5.80e-19	2.22e-14	5.84e-11	1.84e-08	1.35e-06	4.89e-05	1.14e-02	1.99e-01	7.89e-01	0.00e+00	0.00e+00	0.00e+00
 1.78901e+22	8.09e-19	2.95e-14	7.43e-11	2.24e-08	1.57e-06	5.41e-05	1.21e-02	2.05e-01	7.83e-01	0.00e+00	0.00e+00	0.00e+00
 1.79906e+22	1.08e-18	3.79e-14	9.16e-11	2.65e-08	1.78e-06	5.92e-05	1.28e-02	2.09e-01	7.78e-01	0.00e+00	0.00e+00	0.00e+00
 1.80948e+22	1.51e-18	5.06e-14	1.17e-10	3.23e-08	2.08e-06	6.57e-05	1.36e-02	2.15e-01	7.71e-01	0.00e+00	0.00e+00	0.00e+00
 1.82020e+22	2.01e-18	6.48e-14	1.44e-10	3.83e-08	2.36e-06	7.19e-05	1.44e-02	2.20e-01	7.65e-01	0.00e+00	0.00e+00	0.00e+00
 1.83133e+22	2.80e-18	8.63e-14	1.83e-10	4.66e-08	2.75e-06	7.99e-05	1.54e-02	2.27e-01	7.58e-01	0.00e+00	0.00e+00	0.00e+00
 1.84276e+22	3.70e-18	1.10e-13	2.24e-10	5.50e-08	3.13e-06	8.73e-05	1.63e-02	2.32e-01	7.52e-01	0.00e+00	0.00e+00	0.00e+00
 1.85486e+22	5.21e-18	1.48e-13	2.88e-10	6.76e-08	3.67e-06	9.75e-05	1.74e-02	2.39e-01	7.44e-01	0.00e+00	0.00e+00	0.00e+00
 1.86708e+22	6.80e-18	1.86e-13	3.50e-10	7.93e-08	4.15e-06	1.06e-04	1.84e-02	2.44e-01	7.38e-01	0.00e+00	0.00e+00	0.00e+00
 1.87956e+22	9.51e-18	2.49e-13	4.48e-10	9.70e-08	4.86e-06	1.19e-04	1.97e-02	2.51e-01	7.29e-01	0.00e+00	0.00e+00	0.00e+00
 1.89232e+22	1.24e-17	3.13e-13	5.43e-10	1.14e-07	5.50e-06	1.30e-04	2.08e-02	2.56e-01	7.23e-01	0.00e+00	0.00e+00	0.00e+00
 1.90337e+22	1.58e-17	3.85e-13	6.48e-10	1.32e-07	6.17e-06	1.40e-04	2.18e-02	2.62e-01	7.16e-01	0.00e+00	0.00e+00	0.00e+00
 1.91563e+22	2.13e-17	5.01e-13	8.10e-10	1.58e-07	7.13e-06	1.55e-04	2.32e-02	2.68e-01	7.08e-01	0.00e+00	0.00e+00	0.00e+00
 1.92806e+22	2.70e-17	6.14e-13	9.63e-10	1.82e-07	7.97e-06	1.68e-04	2.44e-02	2.74e-01	7.02e-01	2.70e-17	8.59e-27	9.22e-27
 1.94071e+22	3.65e-17	7.98e-13	1.20e-09	2.19e-07	9.22e-06	1.87e-04	2.60e-02	2.80e-01	6.93e-01	3.65e-17	1.48e-26	1.64e-26
 1.95353e+22	4.59e-17	9.73e-13	1.42e-09	2.52e-07	1.03e-05	2.02e-04	2.72e-02	2.86e-01	6.87e-01	4.59e-17	1.89e-26	2.08e-26
 1.96658e+22	6.17e-17	1.26e-12	1.77e-09	3.02e-07	1.19e-05	2.23e-04	2.90e-02	2.93e-01	6.78e-01	6.17e-17	2.58e-26	2.84e-26
 1.97941e+22	7.61e-17	1.51e-12	2.07e-09	3.44e-07	1.32e-05	2.40e-04	3.03e-02	2.98e-01	6.71e-01	7.61e-17	3.22e-26	3.54e-26
 1.99195e+22	1.01e-16	1.93e-12	2.54e-09	4.09e-07	1.51e-05	2.65e-04	3.22e-02	3.05e-01	6.63e-01	1.01e-16	4.33e-26	4.76e-26
 2.00465e+22	1.22e-16	2.28e-12	2.94e-09	4.61e-07	1.66e-05	2.83e-04	3.35e-02	3.10e-01	6.56e-01	1.22e-16	5.32e-26	5.84e-26
 2.01755e+22	1.61e-16	2.90e-12	3.60e-09	5.46e-07	1.90e-05	3.12e-04	3.55e-02	3.17e-01	6.48e-01	1.61e-16	7.12e-26	7.80e-26
 2.03070e+22	1.97e-16	3.46e-12	4.19e-09	6.19e-07	2.10e-05	3.35e-04	3.71e-02	3.22e-01	6.41e-01	1.97e-16	8.84e-26	9.68e-26
 2.04417e+22	2.59e-16	4.39e-12	5.13e-09	7.34e-07	2.41e-05	3.69e-04	3.94e-02	3.29e-01	6.31e-01	2.59e-16	1.18e-25	1.29e-25
 2.05786e+22	3.18e-16	5.25e-12	5.97e-09	8.33e-07	2.66e-05	3.96e-04	4.11e-02	3.34e-01	6.24e-01	3.18e-16	1.47e-25	1.61e-25
 2.07185e+22	4.17e-16	6.66e-12	7.31e-09	9.87e-07	3.05e-05	4.37e-04	4.36e-02	3.41e-01	6.15e-01	4.17e-16	1.96e-25	2.15e-25
 2.08610e+22	5.12e-16	7.96e-12	8.51e-09	1.12e-06	3.38e-05	4.70e-04	4.56e-02	3.47e-01	6.07e-01	5.12e-16	2.44e-25	2.67e-25
 2.09857e+22	6.24e-16	9.47e-12	9.88e-09	1.27e-06	3.74e-05	5.05e-04	4.76e-02	3.52e-01	6.00e-01	6.24e-16	3.02e-25	3.30e-25
 2.11266e+22	8.08e-16	1.19e-11	1.20e-08	1.49e-06	4.25e-05	5.53e-04	5.03e-02	3.59e-01	5.90e-01	8.08e-16	3.98e-25	4.34e-25
 2.12673e+22	9.67e-16	1.39e-11	1.37e-08	1.67e-06	4.66e-05	5.91e-04	5.23e-02	3.64e-01	5.83e-01	9.67e-16	4.84e-25	5.26e-25
 2.14077e+22	1.25e-15	1.73e-11	1.66e-08	1.96e-06	5.29e-05	6.47e-04	5.52e-02	3.70e-01	5.74e-01	1.25e-15	6.34e-25	6.90e-25
 2.15502e+22	1.49e-15	2.03e-11	1.90e-08	2.20e-06	5.80e-05	6.91e-04	5.74e-02	3.75e-01	5.66e-01	1.49e-15	7.71e-25	8.38e-25
 2.16955e+22	1.90e-15	2.51e-11	2.28e-08	2.56e-06	6.56e-05	7.54e-04	6.05e-02	3.82e-01	5.57e-01	1.90e-15	1.00e-24	1.09e-24
 2.18458e+22	2.30e-15	2.97e-11	2.63e-08	2.89e-06	7.23e-05	8.09e-04	6.30e-02	3.87e-01	5.49e-01	2.30e-15	1.23e-24	1.34e-24
 2.20026e+22	2.98e-15	3.72e-11	3.19e-08	3.40e-06	8.24e-05	8.87e-04	6.66e-02	3.94e-01	5.38e-01	2.98e-15	1.63e-24	1.76e-24
 2.21622e+22	3.61e-15	4.42e-11	3.69e-08	3.84e-06	9.10e-05	9.52e-04	6.94e-02	3.99e-01	5.30e-01	3.61e-15	2.01e-24	2.17e-24
 2.23252e+22	4.65e-15	5.52e-11	4.47e-08	4.51e-06	1.03e-04	1.04e-03	7.33e-02	4.06e-01	5.20e-01	4.65e-15	2.64e-24	2.86e-24
 2.24941e+22	5.70e-15	6.61e-11	5.22e-08	5.14e-06	1.15e-04	1.12e-03	7.65e-02	4.11e-01	5.11e-01	5.70e-15	3.30e-24	3.57e-24
 2.26705e+22	7.43e-15	8.35e-11	6.38e-08	6.08e-06	1.31e-04	1.24e-03	8.10e-02	4.18e-01	5.00e-01	7.43e-15	4.40e-24	4.76e-24
 2.28499e+22	9.15e-15	1.00e-10	7.47e-08	6.94e-06	1.46e-04	1.33e-03	8.46e-02	4.23e-01	4.91e-01	9.15e-15	5.52e-24	5.96e-24
 2.30332e+22	1.20e-14	1.27e-10	9.15e-08	8.22e-06	1.68e-04	1.47e-03	8.95e-02	4.30e-01	4.79e-01	1.20e-14	7.40e-24	7.98e-24
 2.32209e+22	1.48e-14	1.54e-10	1.08e-07	9.42e-06	1.87e-04	1.59e-03	9.36e-02	4.35e-01	4.69e-01	1.48e-14	9.35e-24	1.01e-23
 2.34145e+22	1.96e-14	1.97e-10	1.33e-07	1.13e-05	2.16e-04	1.76e-03	9.92e-02	4.42e-01	4.57e-01	1.96e-14	1.27e-23	1.37e-23
 2.36125e+22	2.44e-14	2.39e-10	1.57e-07	1.30e-05	2.41e-04	1.90e-03	1.04e-01	4.47e-01	4.47e-01	2.44e-14	1.62e-23	1.74e-23
 2.38162e+22	3.28e-14	3.10e-10	1.97e-07	1.56e-05	2.81e-04	2.12e-03	1.10e-01	4.54e-01	4.33e-01	3.28e-14	2.24e-23	2.40e-23
 2.40212e+22	4.08e-14	3.76e-10	2.32e-07	1.80e-05	3.14e-04	2.29e-03	1.15e-01	4.59e-01	4.23e-01	4.08e-14	2.84e-23	3.05e-23
 2.42277e+22	5.51e-14	4.90e-10	2.91e-07	2.18e-05	3.66e-04	2.56e-03	1.23e-01	4.65e-01	4.09e-01	5.51e-14	3.95e-23	4.23e-23
 2.44370e+22	6.92e-14	5.99e-10	3.46e-07	2.52e-05	4.12e-04	2.78e-03	1.29e-01	4.70e-01	3.99e-01	6.92e-14	5.07e-23	5.43e-23
 2.46133e+22	8.51e-14	7.19e-10	4.05e-07	2.87e-05	4.58e-04	3.00e-03	1.34e-01	4.74e-01	3.89e-01	8.51e-14	6.36e-23	6.82e-23
 2.48057e+22	1.13e-13	9.19e-10	5.00e-07	3.44e-05	5.30e-04	3.32e-03	1.42e-01	4.79e-01	3.76e-01	1.13e-13	8.65e-23	9.25e-23
 2.49962e+22	1.38e-13	1.10e-09	5.82e-07	3.91e-05	5.88e-04	3.57e-03	1.48e-01	4.82e-01	3.66e-01	1.38e-13	1.08e-22	1.15e-22
 2.51842e+22	1.80e-13	1.39e-09	7.14e-07	4.65e-05	6.78e-04	3.95e-03	1.56e-01	4.86e-01	3.53e-01	1.80e-13	1.45e-22	1.55e-22
 2.53744e+22	2.22e-13	1.67e-09	8.35e-07	5.31e-05	7.56e-04	4.27e-03	1.63e-01	4.89e-01	3.43e-01	2.22e-13	1.82e-22	1.94e-22
 2.55676e+22	2.93e-13	2.13e-09	1.03e-06	6.36e-05	8.78e-04	4.75e-03	1.72e-01	4.93e-01	3.29e-01	2.93e-13	2.47e-22	2.64e-22
 2.57620e+22	3.61e-13	2.55e-09	1.21e-06	7.28e-05	9.81e-04	5.14e-03	1.79e-01	4.95e-01	3.19e-01	3.61e-13	3.11e-22	3.31e-22
 2.59580e+22	4.76e-13	3.25e-09	1.49e-06	8.73e-05	1.14e-03	5.72e-03	1.90e-01	4.98e-01	3.05e-01	4.76e-13	4.22e-22	4.48e-22
 2.61567e+22	5.92e-13	3.92e-09	1.75e-06	1.01e-04	1.29e-03	6.22e-03	1.98e-01	5.00e-01	2.94e-01	5.92e-13	5.35e-22	5.68e-22
 2.63589e+22	7.82e-13	5.00e-09	2.17e-06	1.21e-04	1.50e-03	6.96e-03	2.10e-01	5.01e-01	2.80e-01	7.82e-13	7.27e-22	7.71e-22
 2.65639e+22	9.71e-13	6.04e-09	2.56e-06	1.40e-04	1.70e-03	7.60e-03	2.20e-01	5.02e-01	2.69e-01	9.71e-13	9.23e-22	9.78e-22
 2.67358e+22	1.17e-12	7.12e-09	2.96e-06	1.60e-04	1.90e-03	8.23e-03	2.29e-01	5.02e-01	2.59e-01	1.17e-12	1.14e-21	1.21e-21
 2.69216e+22	1.50e-12	8.79e-09	3.58e-06	1.89e-04	2.19e-03	9.13e-03	2.41e-01	5.02e-01	2.46e-01	1.50e-12	1.49e-21	1.58e-21
 2.71084e+22	1.80e-12	1.03e-08	4.13e-06	2.15e-04	2.45e-03	9.90e-03	2.50e-01	5.01e-01	2.35e-01	1.80e-12	1.83e-21	1.93e-21
 2.72884e+22	2.23e-12	1.24e-08	4.89e-06	2.51e-04	2.80e-03	1.09e-02	2.63e-01	5.00e-01	2.24e-01	2.23e-12	2.32e-21	2.45e-21
 2.74725e+22	2.67e-12	1.46e-08	5.65e-06	2.86e-04	3.15e-03	1.19e-02	2.73e-01	4.98e-01	2.13e-01	2.67e-12	2.84e-21	2.99e-21
 2.76502e+22	3.22e-12	1.71e-08	6.56e-06	3.29e-04	3.56e-03	1.30e-02	2.85e-01	4.95e-01	2.02e-01	3.22e-12	3.49e-21	3.68e-21
 2.78304e+22	3.82e-12	1.99e-08	7.55e-06	3.76e-04	4.01e-03	1.42e-02	2.97e-01	4.92e-01	1.92e-01	3.82e-12	4.24e-21	4.46e-21
 2.80062e+22	4.49e-12	2.29e-08	8.63e-06	4.27e-04	4.50e-03	1.55e-02	3.09e-01	4.89e-01	1.82e-01	4.49e-12	5.08e-21	5.35e-21
 2.81792e+22	5.22e-12	2.62e-08	9.81e-06	4.82e-04	5.03e-03	1.68e-02	3.20e-01	4.84e-01	1.73e-01	5.22e-12	6.03e-21	6.34e-21
 2.83503e+22	6.02e-12	2.96e-08	1.11e-05	5.44e-04	5.61e-03	1.83e-02	3.32e-01	4.80e-01	1.63e-01	6.02e-12	7.09e-21	7.45e-21
 2.85171e+22	6.84e-12	3.32e-08	1.24e-05	6.08e-04	6.20e-03	1.98e-02	3.43e-01	4.75e-01	1.55e-01	6.84e-12	8.22e-21	8.63e-21
 2.86871e+22	7.79e-12	3.74e-08	1.40e-05	6.84e-04	6.91e-03	2.15e-02	3.56e-01	4.69e-01	1.46e-01	7.79e-12	9.57e-21	1.00e-20
 2.88604e+22	8.77e-12	4.16e-08	1.56e-05	7.63e-04	7.64e-03	2.32e-02	3.67e-01	4.63e-01	1.38e-01	8.77e-12	1.10e-20	1.15e-20
 2.90313e+22	9.81e-12	4.61e-08	1.74e-05	8.51e-04	8.45e-03	2.51e-02	3.79e-01	4.56e-01	1.30e-01	9.81e-12	1.25e-20	1.31e-20
 2.92042e+22	1.09e-11	5.08e-08	1.93e-05	9.47e-04	9.32e-03	2.71e-02	3.91e-01	4.49e-01	1.23e-01	1.09e-11	1.42e-20	1.49e-20
 2.93794e+22	1.21e-11	5.58e-08	2.13e-05	1.05e-03	1.03e-02	2.93e-02	4.02e-01	4.42e-01	1.15e-01	1.21e-11	1.61e-20	1.68e-20
 2.95574e+22	1.33e-11	6.12e-08	2.36e-05	1.17e-03	1.13e-02	3.16e-02	4.14e-01	4.34e-01	1.08e-01	1.33e-11	1.81e-20	1.89e-20
 2.97364e+22	1.45e-11	6.67e-08	2.60e-05	1.29e-03	1.24e-02	3.40e-02	4.25e-01	4.26e-01	1.01e-01	1.45e-11	2.03e-20	2.12e-20
 2.99196e+22	1.59e-11	7.28e-08	2.87e-05	1.44e-03	1.36e-02	3.67e-02	4.37e-01	4.17e-01	9.47e-02	1.59e-11	2.27e-20	2.37e-20
 3.01040e+22	1.72e-11	7.89e-08	3.14e-05	1.59e-03	1.49e-02	3.94e-02	4.47e-01	4.08e-01	8.87e-02	1.72e-11	2.51e-20	2.63e-20
 3.02933e+22	1.88e-11	8.59e-08	3.47e-05	1.76e-03	1.63e-02	4.25e-02	4.59e-01	3.98e-01	8.25e-02	1.88e-11	2.80e-20	2.93e-20
 3.04708e+22	2.00e-11	9.18e-08	3.74e-05	1.91e-03	1.76e-02	4.50e-02	4.67e-01	3.90e-01	7.78e-02	2.00e-11	3.05e-20	3.18e-20
 3.06520e+22	2.17e-11	9.97e-08	4.13e-05	2.12e-03	1.93e-02	4.85e-02	4.78e-01	3.80e-01	7.20e-02	2.17e-11	3.39e-20	3.54e-20
 3.08357e+22	2.32e-11	1.07e-07	4.46e-05	2.30e-03	2.07e-02	5.13e-02	4.86e-01	3.71e-01	6.78e-02	2.32e-11	3.69e-20	3.85e-20
 3.10227e+22	2.51e-11	1.16e-07	4.92e-05	2.55e-03	2.26e-02	5.52e-02	4.97e-01	3.60e-01	6.27e-02	2.51e-11	4.11e-20	4.28e-20
 3.12146e+22	2.68e-11	1.24e-07	5.33e-05	2.78e-03	2.42e-02	5.84e-02	5.04e-01	3.51e-01	5.87e-02	2.68e-11	4.48e-20	4.67e-20
 3.14127e+22	2.90e-11	1.35e-07	5.90e-05	3.09e-03	2.65e-02	6.29e-02	5.14e-01	3.40e-01	5.39e-02	2.90e-11	4.99e-20	5.20e-20
 3.16134e+22	3.11e-11	1.45e-07	6.40e-05	3.36e-03	2.84e-02	6.64e-02	5.21e-01	3.30e-01	5.04e-02	3.11e-11	5.46e-20	5.69e-20
 3.18175e+22	3.36e-11	1.59e-07	7.10e-05	3.74e-03	3.10e-02	7.14e-02	5.30e-01	3.18e-01	4.60e-02	3.36e-11	6.08e-20	6.34e-20
 3.20227e+22	3.61e-11	1.71e-07	7.71e-05	4.07e-03	3.31e-02	7.52e-02	5.35e-01	3.09e-01	4.30e-02	3.61e-11	6.67e-20	6.96e-20
 3.22293e+22	3.92e-11	1.87e-07	8.55e-05	4.52e-03	3.60e-02	8.05e-02	5.43e-01	2.97e-01	3.92e-02	3.92e-11	7.43e-20	7.78e-20
 3.24384e+22	4.22e-11	2.02e-07	9.31e-05	4.92e-03	3.83e-02	8.47e-02	5.48e-01	2.88e-01	3.65e-02	4.22e-11	8.18e-20	8.57e-20
 3.26508e+22	4.61e-11	2.22e-07	1.04e-04	5.47e-03	4.16e-02	9.04e-02	5.54e-01	2.76e-01	3.31e-02	4.61e-11	9.19e-20	9.65e-20
 3.28666e+22	4.99e-11	2.40e-07	1.13e-04	5.95e-03	4.43e-02	9.50e-02	5.58e-01	2.66e-01	3.07e-02	4.99e-11	1.02e-19	1.07e-19
 3.30868e+22	5.49e-11	2.66e-07	1.27e-04	6.64e-03	4.80e-02	1.01e-01	5.62e-01	2.54e-01	2.78e-02	5.49e-11	1.15e-19	1.21e-19
 3.33110e+22	5.98e-11	2.90e-07	1.39e-04	7.24e-03	5.12e-02	1.06e-01	5.65e-01	2.45e-01	2.56e-02	5.98e-11	1.29e-19	1.36e-19
 3.35405e+22	6.64e-11	3.24e-07	1.56e-04	8.09e-03	5.54e-02	1.13e-01	5.68e-01	2.32e-01	2.30e-02	6.64e-11	1.47e-19	1.56e-19
 3.37751e+22	7.30e-11	3.57e-07	1.72e-04	8.84e-03	5.90e-02	1.19e-01	5.69e-01	2.23e-01	2.11e-02	7.30e-11	1.66e-19	1.76e-19
 3.39727e+22	7.94e-11	3.88e-07	1.88e-04	9.56e-03	6.24e-02	1.24e-01	5.70e-01	2.14e-01	1.96e-02	7.94e-11	1.85e-19	1.96e-19
 3.41862e+22	8.80e-11	4.31e-07	2.10e-04	1.06e-02	6.69e-02	1.31e-01	5.70e-01	2.03e-01	1.77e-02	8.80e-11	2.11e-19	2.24e-19
 3.44005e+22	9.69e-11	4.73e-07	2.30e-04	1.14e-02	7.05e-02	1.36e-01	5.70e-01	1.96e-01	1.63e-02	9.69e-11	2.38e-19	2.53e-19
 3.46161e+22	1.09e-10	5.30e-07	2.57e-04	1.26e-02	7.54e-02	1.43e-01	5.69e-01	1.85e-01	1.47e-02	1.09e-10	2.75e-19	2.93e-19
 3.48300e+22	1.20e-10	5.81e-07	2.81e-04	1.36e-02	7.93e-02	1.48e-01	5.67e-01	1.78e-01	1.36e-02	1.20e-10	3.11e-19	3.31e-19
 3.50417e+22	1.35e-10	6.53e-07	3.15e-04	1.50e-02	8.45e-02	1.55e-01	5.64e-01	1.68e-01	1.22e-02	1.35e-10	3.61e-19	3.85e-19
 3.52559e+22	1.50e-10	7.21e-07	3.46e-04	1.62e-02	8.88e-02	1.61e-01	5.62e-01	1.61e-01	1.13e-02	1.50e-10	4.11e-19	4.39e-19
 3.54734e+22	1.71e-10	8.17e-07	3.89e-04	1.78e-02	9.46e-02	1.68e-01	5.57e-01	1.52e-01	1.01e-02	1.71e-10	4.84e-19	5.18e-19
 3.56949e+22	1.92e-10	9.07e-07	4.29e-04	1.93e-02	9.94e-02	1.74e-01	5.53e-01	1.45e-01	9.27e-03	1.92e-10	5.56e-19	5.95e-19
 3.59216e+22	2.22e-10	1.04e-06	4.86e-04	2.13e-02	1.06e-01	1.81e-01	5.47e-01	1.36e-01	8.25e-03	2.22e-10	6.65e-19	7.13e-19
 3.61501e+22	2.52e-10	1.16e-06	5.37e-04	2.30e-02	1.11e-01	1.87e-01	5.42e-01	1.29e-01	7.55e-03	2.52e-10	7.76e-19	8.32e-19
 3.63807e+22	2.94e-10	1.34e-06	6.10e-04	2.54e-02	1.18e-01	1.95e-01	5.34e-01	1.20e-01	6.67e-03	2.94e-10	9.34e-19	1.00e-18
 3.66138e+22	3.37e-10	1.51e-06	6.76e-04	2.75e-02	1.24e-01	2.00e-01	5.28e-01	1.14e-01	6.08e-03	3.37e-10	1.10e-18	1.18e-18
 3.68501e+22	3.97e-10	1.75e-06	7.71e-04	3.04e-02	1.31e-01	2.08e-01	5.18e-01	1.06e-01	5.34e-03	3.97e-10	1.34e-18	1.45e-18
 3.70917e+22	4.61e-10	1.99e-06	8.59e-04	3.29e-02	1.38e-01	2.14e-01	5.10e-01	9.99e-02	4.83e-03	4.61e-10	1.60e-18	1.73e-18
 3.73404e+22	5.55e-10	2.34e-06	9.87e-04	3.65e-02	1.46e-01	2.21e-01	4.98e-01	9.20e-02	4.21e-03	5.55e-10	2.00e-18	2.16e-18
 3.75940e+22	6.52e-10	2.68e-06	1.11e-03	3.96e-02	1.54e-01	2.27e-01	4.89e-01	8.63e-02	3.78e-03	6.52e-10	2.42e-18	2.62e-18
 3.78539e+22	7.98e-10	3.18e-06	1.28e-03	4.39e-02	1.63e-01	2.34e-01	4.75e-01	7.89e-02	3.25e-03	7.98e-10	3.08e-18	3.33e-18
 3.81159e+22	9.45e-10	3.67e-06	1.43e-03	4.76e-02	1.71e-01	2.39e-01	4.64e-01	7.37e-02	2.91e-03	9.45e-10	3.76e-18	4.07e-18
 3.83807e+22	1.17e-09	4.40e-06	1.66e-03	5.28e-02	1.81e-01	2.46e-01	4.49e-01	6.70e-02	2.49e-03	1.17e-09	4.85e-18	5.27e-18
 3.86327e+22	1.37e-09	5.01e-06	1.85e-03	5.67e-02	1.88e-01	2.51e-01	4.38e-01	6.26e-02	2.23e-03	1.37e-09	5.83e-18	6.33e-18
 3.88683e+22	1.67e-09	5.87e-06	2.10e-03	6.18e-02	1.97e-01	2.55e-01	4.25e-01	5.76e-02	1.95e-03	1.67e-09	7.34e-18	7.98e-18
 3.91199e+22	2.00e-09	6.82e-06	2.36e-03	6.69e-02	2.05e-01	2.60e-01	4.11e-01	5.31e-02	1.72e-03	2.00e-09	9.09e-18	9.89e-18
 3.93544e+22	2.39e-09	7.87e-06	2.64e-03	7.21e-02	2.13e-01	2.63e-01	3.98e-01	4.91e-02	1.52e-03	2.39e-09	1.12e-17	1.22e-17
 3.95745e+22	2.81e-09	8.99e-06	2.92e-03	7.71e-02	2.21e-01	2.66e-01	3.86e-01	4.56e-02	1.35e-03	2.81e-09	1.36e-17	1.48e-17
 3.97827e+22	3.30e-09	1.02e-05	3.23e-03	8.23e-02	2.28e-01	2.69e-01	3.74e-01	4.23e-02	1.20e-03	3.30e-09	1.64e-17	1.79e-17
 4.00220e+22	4.08e-09	1.21e-05	3.68e-03	8.94e-02	2.37e-01	2.71e-01	3.59e-01	3.84e-02	1.04e-03	4.08e-09	2.10e-17	2.29e-17
 4.02655e+22	4.84e-09	1.39e-05	4.08e-03	9.54e-02	2.45e-01	2.73e-01	3.46e-01	3.54e-02	9.14e-04	4.84e-09	2.56e-17	2.80e-17
 4.05147e+22	6.02e-09	1.65e-05	4.65e-03	1.04e-01	2.55e-01	2.75e-01	3.30e-01	3.20e-02	7.82e-04	6.02e-09	3.31e-17	3.62e-17
 4.07700e+22	7.27e-09	1.91e-05	5.19e-03	1.11e-01	2.63e-01	2.75e-01	3.16e-01	2.92e-02	6.80e-04	7.27e-09	4.12e-17	4.51e-17
 4.09952e+22	8.69e-09	2.20e-05	5.76e-03	1.18e-01	2.70e-01	2.76e-01	3.03e-01	2.67e-02	5.95e-04	8.69e-09	5.08e-17	5.57e-17
 4.12498e+22	1.09e-08	2.63e-05	6.55e-03	1.28e-01	2.80e-01	2.75e-01	2.86e-01	2.38e-02	5.03e-04	1.09e-08	6.61e-17	7.25e-17
 4.15161e+22	1.33e-08	3.07e-05	7.34e-03	1.37e-01	2.88e-01	2.75e-01	2.72e-01	2.15e-02	4.32e-04	1.33e-08	8.35e-17	9.17e-17
 4.17582e+22	1.61e-08	3.57e-05	8.18e-03	1.45e-01	2.95e-01	2.73e-01	2.58e-01	1.94e-02	3.72e-04	1.61e-08	1.05e-16	1.15e-16
 4.20334e+22	2.06e-08	4.31e-05	9.37e-03	1.57e-01	3.04e-01	2.70e-01	2.41e-01	1.70e-02	3.07e-04	2.06e-08	1.39e-16	1.53e-16
 4.23154e+22	2.54e-08	5.06e-05	1.05e-02	1.68e-01	3.12e-01	2.68e-01	2.27e-01	1.52e-02	2.59e-04	2.54e-08	1.78e-16	1.96e-16
 4.25651e+22	3.10e-08	5.89e-05	1.17e-02	1.78e-01	3.18e-01	2.64e-01	2.14e-01	1.36e-02	2.21e-04	3.10e-08	2.24e-16	2.47e-16
 4.28486e+22	3.98e-08	7.14e-05	1.34e-02	1.92e-01	3.26e-01	2.59e-01	1.98e-01	1.17e-02	1.79e-04	3.98e-08	3.01e-16	3.32e-16
 4.31412e+22	4.95e-08	8.42e-05	1.50e-02	2.04e-01	3.32e-01	2.55e-01	1.84e-01	1.03e-02	1.49e-04	4.95e-08	3.88e-16	4.29e-16
 4.34032e+22	6.09e-08	9.85e-05	1.67e-02	2.16e-01	3.37e-01	2.49e-01	1.72e-01	9.11e-03	1.25e-04	6.09e-08	4.95e-16	5.47e-16
 4.37015e+22	7.91e-08	1.20e-04	1.91e-02	2.31e-01	3.43e-01	2.42e-01	1.56e-01	7.75e-03	9.93e-05	7.91e-08	6.73e-16	7.44e-16
 4.40031e+22	9.84e-08	1.42e-04	2.14e-02	2.44e-01	3.47e-01	2.35e-01	1.44e-01	6.74e-03	8.16e-05	9.84e-08	8.67e-16	9.61e-16
 4.42670e+22	1.21e-07	1.65e-04	2.37e-02	2.57e-01	3.51e-01	2.29e-01	1.33e-01	5.89e-03	6.76e-05	1.21e-07	1.10e-15	1.22e-15
 4.45682e+22	1.57e-07	2.01e-04	2.70e-02	2.74e-01	3.54e-01	2.20e-01	1.20e-01	4.96e-03	5.31e-05	1.57e-07	1.50e-15	1.66e-15
 4.48766e+22	1.95e-07	2.37e-04	3.01e-02	2.88e-01	3.56e-01	2.12e-01	1.10e-01	4.26e-03	4.30e-05	1.95e-07	1.94e-15	2.16e-15
 4.51511e+22	2.41e-07	2.77e-04	3.34e-02	3.01e-01	3.57e-01	2.04e-01	1.01e-01	3.67e-03	3.50e-05	2.41e-07	2.49e-15	2.77e-15
 4.54649e+22	3.15e-07	3.38e-04	3.79e-02	3.19e-01	3.57e-01	1.93e-01	8.95e-02	3.03e-03	2.68e-05	3.15e-07	3.41e-15	3.79e-15
 4.57857e+22	3.94e-07	3.99e-04	4.22e-02	3.33e-01	3.57e-01	1.84e-01	8.08e-02	2.56e-03	2.13e-05	3.94e-07	4.44e-15	4.94e-15
 4.60694e+22	4.87e-07	4.66e-04	4.66e-02	3.47e-01	3.55e-01	1.75e-01	7.31e-02	2.18e-03	1.71e-05	4.87e-07	5.70e-15	6.35e-15
 4.63466e+22	5.98e-07	5.43e-04	5.13e-02	3.60e-01	3.53e-01	1.67e-01	6.62e-02	1.85e-03	1.37e-05	5.98e-07	7.26e-15	8.10e-15
 4.66618e+22	7.73e-07	6.56e-04	5.77e-02	3.76e-01	3.50e-01	1.56e-01	5.81e-02	1.51e-03	1.04e-05	7.73e-07	9.86e-15	1.10e-14
 4.69804e+22	9.56e-07	7.66e-04	6.35e-02	3.90e-01	3.46e-01	1.47e-01	5.21e-02	1.27e-03	8.18e-06	9.56e-07	1.27e-14	1.42e-14
 4.72574e+22	1.17e-06	8.87e-04	6.95e-02	4.02e-01	3.41e-01	1.39e-01	4.68e-02	1.07e-03	6.52e-06	1.17e-06	1.60e-14	1.79e-14
 4.75712e+22	1.50e-06	1.07e-03	7.76e-02	4.16e-01	3.35e-01	1.29e-01	4.08e-02	8.62e-04	4.87e-06	1.50e-06	2.16e-14	2.42e-14
 4.78807e+22	1.81e-06	1.23e-03	8.45e-02	4.27e-01	3.29e-01	1.21e-01	3.65e-02	7.26e-04	3.87e-06	1.81e-06	2.72e-14	3.05e-14
 4.81445e+22	2.19e-06	1.41e-03	9.16e-02	4.37e-01	3.23e-01	1.13e-01	3.27e-02	6.12e-04	3.08e-06	2.19e-06	3.40e-14	3.81e-14
 4.84472e+22	2.76e-06	1.66e-03	1.01e-01	4.49e-01	3.15e-01	1.04e-01	2.85e-02	4.93e-04	2.31e-06	2.76e-06	4.49e-14	5.04e-14
 4.87567e+22	3.35e-06	1.91e-03	1.10e-01	4.58e-01	3.07e-01	9.71e-02	2.52e-02	4.11e-04	1.81e-06	3.35e-06	5.65e-14	6.35e-14
 4.90039e+22	3.88e-06	2.13e-03	1.17e-01	4.65e-01	3.01e-01	9.16e-02	2.30e-02	3.55e-04	1.49e-06	3.88e-06	6.76e-14	7.60e-14
 4.92545e+22	4.69e-06	2.44e-03	1.26e-01	4.72e-01	2.93e-01	8.49e-02	2.03e-02	2.94e-04	1.16e-06	4.69e-06	8.49e-14	9.56e-14
 4.95094e+22	5.46e-06	2.73e-03	1.35e-01	4.78e-01	2.86e-01	7.96e-02	1.83e-02	2.52e-04	9.44e-07	5.46e-06	1.02e-13	1.15e-13
 4.97701e+22	6.61e-06	3.13e-03	1.45e-01	4.84e-01	2.77e-01	7.33e-02	1.61e-02	2.07e-04	7.28e-07	6.61e-06	1.28e-13	1.45e-13
 5.00336e+22	7.69e-06	3.49e-03	1.55e-01	4.89e-01	2.70e-01	6.84e-02	1.45e-02	1.76e-04	5.88e-07	7.69e-06	1.54e-13	1.74e-13
 5.02655e+22	8.93e-06	3.89e-03	1.64e-01	4.93e-01	2.62e-01	6.38e-02	1.30e-02	1.50e-04	4.75e-07	8.93e-06	1.85e-13	2.09e-13
 5.05316e+22	1.08e-05	4.46e-03	1.77e-01	4.97e-01	2.52e-01	5.83e-02	1.13e-02	1.22e-04	3.61e-07	1.08e-05	2.33e-13	2.63e-13
 5.08000e+22	1.25e-05	4.95e-03	1.87e-01	4.99e-01	2.44e-01	5.41e-02	1.02e-02	1.03e-04	2.90e-07	1.25e-05	2.79e-13	3.15e-13
 5.10711e+22	1.52e-05	5.68e-03	2.02e-01	5.01e-01	2.34e-01	4.90e-02	8.78e-03	8.31e-05	2.18e-07	1.52e-05	3.53e-13	3.99e-13
 5.13438e+22	1.75e-05	6.29e-03	2.13e-01	5.02e-01	2.26e-01	4.53e-02	7.83e-03	7.01e-05	1.74e-07	1.75e-05	4.21e-13	4.76e-13
 5.16187e+22	2.11e-05	7.17e-03	2.28e-01	5.01e-01	2.15e-01	4.09e-02	6.75e-03	5.62e-05	1.30e-07	2.11e-05	5.29e-13	5.98e-13
 5.18990e+22	2.44e-05	7.95e-03	2.41e-01	5.01e-01	2.06e-01	3.75e-02	5.97e-03	4.68e-05	0.00e+00	2.44e-05	6.34e-13	7.17e-13
 5.21865e+22	2.95e-05	9.09e-03	2.59e-01	4.98e-01	1.96e-01	3.35e-02	5.09e-03	3.70e-05	0.00e+00	2.95e-05	8.02e-13	9.07e-13
 5.24775e+22	3.42e-05	1.01e-02	2.73e-01	4.95e-01	1.87e-01	3.06e-02	4.47e-03	3.06e-05	0.00e+00	3.42e-05	9.64e-13	1.09e-12
 5.27729e+22	4.15e-05	1.16e-02	2.92e-01	4.90e-01	1.76e-01	2.71e-02	3.78e-03	2.39e-05	0.00e+00	4.15e-05	1.23e-12	1.39e-12
 5.30711e+22	4.82e-05	1.29e-02	3.07e-01	4.85e-01	1.67e-01	2.46e-02	3.31e-03	1.96e-05	0.00e+00	4.82e-05	1.48e-12	1.67e-12
 5.33728e+22	5.81e-05	1.47e-02	3.26e-01	4.78e-01	1.57e-01	2.17e-02	2.79e-03	1.53e-05	0.00e+00	5.81e-05	1.87e-12	2.11e-12
 5.36840e+22	6.81e-05	1.64e-02	3.44e-01	4.71e-01	1.48e-01	1.94e-02	2.40e-03	1.23e-05	0.00e+00	6.81e-05	2.28e-12	2.57e-12
 5.40078e+22	8.32e-05	1.89e-02	3.65e-01	4.60e-01	1.37e-01	1.68e-02	1.98e-03	9.29e-06	0.00e+00	8.32e-05	2.94e-12	3.31e-12
 5.43351e+22	9.71e-05	2.10e-02	3.84e-01	4.51e-01	1.28e-01	1.49e-02	1.69e-03	7.40e-06	0.00e+00	9.71e-05	3.58e-12	4.02e-12
 5.45911e+22	1.09e-04	2.27e-02	3.98e-01	4.43e-01	1.22e-01	1.36e-02	1.50e-03	6.21e-06	0.00e+00	1.09e-04	4.15e-12	4.66e-12
 5.48478e+22	1.27e-04	2.53e-02	4.15e-01	4.32e-01	1.14e-01	1.21e-02	1.29e-03	4.96e-06	0.00e+00	1.27e-04	5.04e-12	5.65e-12
 5.51078e+22	1.42e-04	2.73e-02	4.29e-01	4.23e-01	1.08e-01	1.10e-02	1.13e-03	4.15e-06	0.00e+00	1.42e-04	5.85e-12	6.54e-12
 5.53720e+22	1.66e-04	3.03e-02	4.47e-01	4.11e-01	1.00e-01	9.70e-03	9.64e-04	3.28e-06	0.00e+00	1.66e-04	7.13e-12	7.94e-12
 5.56391e+22	1.86e-04	3.28e-02	4.62e-01	4.01e-01	9.44e-02	8.77e-03	8.46e-04	2.72e-06	0.00e+00	1.86e-04	8.28e-12	9.19e-12
 5.59099e+22	2.16e-04	3.64e-02	4.80e-01	3.88e-01	8.73e-02	7.67e-03	7.14e-04	2.13e-06	0.00e+00	2.16e-04	1.01e-11	1.12e-11
 5.61838e+22	2.42e-04	3.93e-02	4.94e-01	3.77e-01	8.18e-02	6.89e-03	6.23e-04	1.75e-06	0.00e+00	2.42e-04	1.17e-11	1.29e-11
 5.64617e+22	2.80e-04	4.34e-02	5.12e-01	3.62e-01	7.54e-02	6.01e-03	5.23e-04	1.37e-06	0.00e+00	2.80e-04	1.43e-11	1.57e-11
 5.67465e+22	3.15e-04	4.70e-02	5.26e-01	3.50e-01	7.01e-02	5.34e-03	4.52e-04	1.11e-06	0.00e+00	3.15e-04	1.67e-11	1.82e-11
 5.70404e+22	3.68e-04	5.22e-02	5.45e-01	3.34e-01	6.39e-02	4.58e-03	3.73e-04	8.44e-07	0.00e+00	3.68e-04	2.06e-11	2.23e-11
 5.73354e+22	4.12e-04	5.62e-02	5.58e-01	3.22e-01	5.92e-02	4.06e-03	3.21e-04	6.82e-07	0.00e+00	4.12e-04	2.41e-11	2.59e-11
 5.76322e+22	4.78e-04	6.20e-02	5.75e-01	3.05e-01	5.37e-02	3.47e-03	2.64e-04	5.19e-07	0.00e+00	4.78e-04	2.95e-11	3.14e-11
 5.79194e+22	5.27e-04	6.61e-02	5.87e-01	2.94e-01	4.99e-02	3.09e-03	2.29e-04	4.24e-07	0.00e+00	5.27e-04	3.39e-11	3.59e-11
 5.81219e+22	5.62e-04	6.90e-02	5.94e-01	2.86e-01	4.74e-02	2.86e-03	2.08e-04	3.70e-07	0.00e+00	5.62e-04	3.72e-11	3.92e-11
 5.83128e+22	6.17e-04	7.33e-02	6.04e-01	2.75e-01	4.44e-02	2.57e-03	1.83e-04	3.09e-07	0.00e+00	6.17e-04	4.23e-11	4.43e-11
 5.85611e+22	6.92e-04	7.91e-02	6.15e-01	2.62e-01	4.08e-02	2.25e-03	1.56e-04	2.46e-07	0.00e+00	6.92e-04	4.98e-11	5.16e-11
 5.88361e+22	7.73e-04	8.50e-02	6.26e-01	2.49e-01	3.74e-02	1.97e-03	1.32e-04	1.96e-07	0.00e+00	7.73e-04	5.82e-11	5.98e-11
 5.90600e+22	8.24e-04	8.85e-02	6.33e-01	2.41e-01	3.53e-02	1.80e-03	1.19e-04	1.69e-07	0.00e+00	8.24e-04	6.40e-11	6.54e-11
 5.92303e+22	8.76e-04	9.21e-02	6.38e-01	2.33e-01	3.35e-02	1.66e-03	1.08e-04	1.47e-07	0.00e+00	8.76e-04	7.00e-11	7.11e-11
 5.94173e+22	9.57e-04	9.75e-02	6.45e-01	2.23e-01	3.12e-02	1.49e-03	9.45e-05	0.00e+00	0.00e+00	9.57e-04	7.95e-11	8.00e-11
 5.96604e+22	1.07e-03	1.05e-01	6.54e-01	2.11e-01	2.85e-02	1.29e-03	7.97e-05	0.00e+00	0.00e+00	1.07e-03	9.34e-11	9.30e-11
 5.99041e+22	1.15e-03	1.10e-01	6.60e-01	2.02e-01	2.65e-02	1.16e-03	7.01e-05	0.00e+00	0.00e+00	1.15e-03	1.04e-10	1.03e-10
 6.01088e+22	1.24e-03	1.15e-01	6.65e-01	1.93e-01	2.47e-02	1.05e-03	6.19e-05	0.00e+00	0.00e+00	1.24e-03	1.17e-10	1.14e-10
 6.03351e+22	1.37e-03	1.23e-01	6.70e-01	1.82e-01	2.27e-02	9.15e-04	5.28e-05	0.00e+00	0.00e+00	1.37e-03	1.35e-10	1.31e-10
 6.06292e+22	1.57e-03	1.33e-01	6.76e-01	1.68e-01	2.02e-02	7.65e-04	4.28e-05	0.00e+00	0.00e+00	1.57e-03	1.64e-10	1.56e-10
 6.09249e+22	1.71e-03	1.40e-01	6.81e-01	1.58e-01	1.84e-02	6.66e-04	3.63e-05	0.00e+00	0.00e+00	1.71e-03	1.87e-10	1.77e-10
 6.12224e+22	1.95e-03	1.52e-01	6.84e-01	1.45e-01	1.63e-02	5.53e-04	2.93e-05	0.00e+00	0.00e+00	1.95e-03	2.27e-10	2.11e-10
 6.16092e+22	2.33e-03	1.69e-01	6.86e-01	1.28e-01	1.37e-02	4.27e-04	2.17e-05	0.00e+00	0.00e+00	2.33e-03	2.94e-10	2.67e-10
 6.19851e+22	2.56e-03	1.80e-01	6.87e-01	1.18e-01	1.22e-02	3.59e-04	1.78e-05	0.00e+00	0.00e+00	2.56e-03	3.43e-10	3.08e-10
 6.23468e+22	3.01e-03	1.98e-01	6.84e-01	1.04e-01	1.04e-02	2.81e-04	1.35e-05	0.00e+00	0.00e+00	3.01e-03	4.34e-10	3.82e-10
 6.27191e+22	3.39e-03	2.12e-01	6.81e-01	9.39e-02	9.12e-03	2.29e-04	1.07e-05	0.00e+00	0.00e+00	3.39e-03	5.21e-10	4.52e-10
 6.31049e+22	4.04e-03	2.35e-01	6.72e-01	8.10e-02	7.64e-03	1.73e-04	7.87e-06	0.00e+00	0.00e+00	4.04e-03	6.71e-10	5.71e-10
 6.34922e+22	4.57e-03	2.52e-01	6.65e-01	7.19e-02	6.63e-03	1.39e-04	6.19e-06	0.00e+00	0.00e+00	4.57e-03	8.07e-10	6.77e-10
 6.38812e+22	5.48e-03	2.79e-01	6.49e-01	6.07e-02	5.49e-03	1.03e-04	4.47e-06	0.00e+00	0.00e+00	5.48e-03	1.05e-09	8.62e-10
 6.42730e+22	6.31e-03	3.02e-01	6.35e-01	5.26e-02	4.70e-03	8.02e-05	3.43e-06	0.00e+00	0.00e+00	6.31e-03	1.28e-09	1.04e-09
 6.45722e+22	6.96e-03	3.19e-01	6.23e-01	4.72e-02	4.20e-03	6.68e-05	2.83e-06	0.00e+00	0.00e+00	6.96e-03	1.48e-09	1.19e-09
 6.48646e+22	8.14e-03	3.46e-01	6.02e-01	4.02e-02	3.58e-03	5.12e-05	2.15e-06	0.00e+00	0.00e+00	8.14e-03	1.83e-09	1.45e-09
 6.51547e+22	9.11e-03	3.67e-01	5.85e-01	3.55e-02	3.17e-03	4.16e-05	1.75e-06	0.00e+00	0.00e+00	9.11e-03	2.14e-09	1.68e-09
 6.54421e+22	1.07e-02	3.98e-01	5.59e-01	2.98e-02	2.69e-03	3.14e-05	1.32e-06	0.00e+00	0.00e+00	1.07e-02	2.64e-09	2.06e-09
 6.57348e+22	1.22e-02	4.24e-01	5.36e-01	2.54e-02	2.34e-03	2.46e-05	1.04e-06	0.00e+00	0.00e+00	1.22e-02	3.16e-09	2.43e-09
 6.59906e+22	1.39e-02	4.52e-01	5.10e-01	2.16e-02	2.03e-03	1.91e-05	8.11e-07	0.00e+00	0.00e+00	1.39e-02	3.76e-09	2.88e-09
 6.62793e+22	1.65e-02	4.89e-01	4.75e-01	1.74e-02	1.69e-03	1.37e-05	5.90e-07	0.00e+00	0.00e+00	1.65e-02	4.71e-09	3.57e-09
 6.65757e+22	1.93e-02	5.23e-01	4.42e-01	1.41e-02	1.42e-03	1.01e-05	4.41e-07	0.00e+00	0.00e+00	1.93e-02	5.75e-09	4.32e-09
 6.68363e+22	2.25e-02	5.56e-01	4.09e-01	1.14e-02	1.20e-03	7.37e-06	3.30e-07	0.00e+00	0.00e+00	2.25e-02	6.97e-09	5.21e-09
 6.71290e+22	2.74e-02	5.98e-01	3.65e-01	8.55e-03	9.59e-04	4.88e-06	2.25e-07	0.00e+00	0.00e+00	2.74e-02	8.88e-09	6.59e-09
 6.74388e+22	3.32e-02	6.38e-01	3.21e-01	6.34e-03	7.63e-04	3.20e-06	1.53e-07	0.00e+00	0.00e+00	3.32e-02	1.12e-08	8.29e-09
 6.77190e+22	4.00e-02	6.75e-01	2.80e-01	4.67e-03	6.05e-04	2.09e-06	0.00e+00	0.00e+00	0.00e+00	4.00e-02	1.40e-08	1.03e-08
 6.79875e+22	4.81e-02	7.08e-01	2.40e-01	3.39e-03	4.74e-04	1.34e-06	0.00e+00	0.00e+00	0.00e+00	4.81e-02	1.75e-08	1.28e-08
 6.82508e+22	5.84e-02	7.38e-01	2.01e-01	2.39e-03	3.62e-04	8.25e-07	0.00e+00	0.00e+00	0.00e+00	5.84e-02	2.19e-08	1.60e-08
 6.84927e+22	6.95e-02	7.60e-01	1.69e-01	1.72e-03	2.82e-04	5.27e-07	0.00e+00	0.00e+00	0.00e+00	6.95e-02	2.68e-08	1.95e-08
 6.86434e+22	7.68e-02	7.69e-01	1.52e-01	1.43e-03	2.44e-04	4.10e-07	0.00e+00	0.00e+00	0.00e+00	7.68e-02	2.98e-08	2.16e-08
 6.87053e+22	8.06e-02	7.73e-01	1.44e-01	1.31e-03	2.27e-04	3.61e-07	0.00e+00	0.00e+00	0.00e+00	8.06e-02	3.14e-08	2.28e-08
 6.87511e+22	8.31e-02	7.76e-01	1.39e-01	1.23e-03	2.16e-04	3.31e-07	0.00e+00	0.00e+00	0.00e+00	8.31e-02	3.25e-08	2.36e-08
 6.88046e+22	8.67e-02	7.79e-01	1.33e-01	1.13e-03	2.01e-04	2.94e-07	0.00e+00	0.00e+00	0.00e+00	8.67e-02	3.41e-08	2.48e-08
 6.88703e+22	9.14e-02	7.83e-01	1.24e-01	1.01e-03	1.84e-04	2.53e-07	0.00e+00	0.00e+00	0.00e+00	9.14e-02	3.63e-08	2.63e-08
 6.89404e+22	9.67e-02	7.86e-01	1.16e-01	9.04e-04	1.68e-04	2.16e-07	0.00e+00	0.00e+00	0.00e+00	9.67e-02	3.86e-08	2.80e-08
 6.90059e+22	1.02e-01	7.88e-01	1.09e-01	8.17e-04	1.54e-04	1.87e-07	0.00e+00	0.00e+00	0.00e+00	1.02e-01	4.08e-08	2.95e-08
 6.90680e+22	1.07e-01	7.90e-01	1.03e-01	7.37e-04	1.41e-04	1.62e-07	0.00e+00	0.00e+00	0.00e+00	1.07e-01	4.31e-08	3.12e-08
 6.91298e+22	1.12e-01	7.91e-01	9.63e-02	6.67e-04	1.29e-04	1.40e-07	0.00e+00	0.00e+00	0.00e+00	1.12e-01	4.55e-08	3.29e-08
 6.91901e+22	1.18e-01	7.91e-01	9.02e-02	6.03e-04	1.18e-04	1.21e-07	0.00e+00	0.00e+00	0.00e+00	1.18e-01	4.80e-08	3.47e-08
 6.92498e+22	1.24e-01	7.91e-01	8.45e-02	5.47e-04	1.08e-04	0.00e+00	0.00e+00	0.00e+00	0.00e+00	1.24e-01	5.06e-08	3.65e-08
 6.93107e+22	1.30e-01	7.90e-01	7.88e-02	4.92e-04	9.85e-05	0.00e+00	0.00e+00	0.00e+00	0.00e+00	1.30e-01	5.34e-08	3.86e-08
 6.93706e+22	1.37e-01	7.89e-01	7.37e-02	4.46e-04	8.98e-05	0.00e+00	0.00e+00	0.00e+00	0.00e+00	1.37e-01	5.62e-08	4.06e-08
 6.94271e+22	1.43e-01	7.87e-01	6.90e-02	4.05e-04	8.21e-05	0.00e+00	0.00e+00	0.00e+00	0.00e+00	1.43e-01	5.91e-08	4.26e-08
 6.94830e+22	1.50e-01	7.85e-01	6.45e-02	3.69e-04	7.51e-05	0.00e+00	0.00e+00	0.00e+00	0.00e+00	1.50e-01	6.19e-08	4.47e-08
 6.95411e+22	1.57e-01	7.82e-01	5.99e-02	3.33e-04	6.79e-05	0.00e+00	0.00e+00	0.00e+00	0.00e+00	1.57e-01	6.52e-08	4.70e-08
 6.95983e+22	1.65e-01	7.79e-01	5.59e-02	3.03e-04	6.19e-05	0.00e+00	0.00e+00	0.00e+00	0.00e+00	1.65e-01	6.84e-08	4.93e-08
 6.96541e+22	1.72e-01	7.75e-01	5.20e-02	2.75e-04	5.61e-05	0.00e+00	0.00e+00	0.00e+00	0.00e+00	1.72e-01	7.18e-08	5.17e-08
 6.97097e+22	1.81e-01	7.71e-01	4.83e-02	2.50e-04	5.08e-05	0.00e+00	0.00e+00	0.00e+00	0.00e+00	1.81e-01	7.52e-08	5.42e-08
 6.97627e+22	1.89e-01	7.66e-01	4.50e-02	2.28e-04	4.62e-05	0.00e+00	0.00e+00	0.00e+00	0.00e+00	1.89e-01	7.86e-08	5.66e-08
 6.98151e+22	1.97e-01	7.61e-01	4.21e-02	2.09e-04	4.22e-05	0.00e+00	0.00e+00	0.00e+00	0.00e+00	1.97e-01	8.19e-08	5.90e-08
 6.98707e+22	2.06e-01	7.55e-01	3.89e-02	1.90e-04	3.79e-05	0.00e+00	0.00e+00	0.00e+00	0.00e+00	2.06e-01	8.58e-08	6.18e-08
 6.99266e+22	2.16e-01	7.48e-01	3.59e-02	1.72e-04	3.41e-05	0.00e+00	0.00e+00	0.00e+00	0.00e+00	2.16e-01	8.98e-08	6.46e-08
 6.99781e+22	2.25e-01	7.42e-01	3.34e-02	1.58e-04	3.09e-05	0.00e+00	0.00e+00	0.00e+00	0.00e+00	2.25e-01	9.35e-08	6.72e-08
 7.00283e+22	2.33e-01	7.35e-01	3.12e-02	1.46e-04	2.82e-05	0.00e+00	0.00e+00	0.00e+00	0.00e+00	2.33e-01	9.69e-08	6.97e-08
 7.00840e+22	2.44e-01	7.27e-01	2.87e-02	1.33e-04	2.52e-05	0.00e+00	0.00e+00	0.00e+00	0.00e+00	2.44e-01	1.01e-07	7.28e-08
 7.01415e+22	2.56e-01	7.18e-01	2.63e-02	1.21e-04	2.25e-05	0.00e+00	0.00e+00	0.00e+00	0.00e+00	2.56e-01	1.06e-07	7.60e-08
 7.01935e+22	2.66e-01	7.09e-01	2.43e-02	1.11e-04	2.02e-05	0.00e+00	0.00e+00	0.00e+00	0.00e+00	2.66e-01	1.10e-07	7.89e-08
 7.02425e+22	2.76e-01	7.01e-01	2.26e-02	1.03e-04	1.84e-05	0.00e+00	0.00e+00	0.00e+00	0.00e+00	2.76e-01	1.13e-07	8.15e-08
 7.02954e+22	2.88e-01	6.91e-01	2.08e-02	9.39e-05	1.65e-05	0.00e+00	0.00e+00	0.00e+00	0.00e+00	2.88e-01	1.18e-07	8.46e-08
 7.03518e+22	3.00e-01	6.81e-01	1.91e-02	8.57e-05	1.46e-05	0.00e+00	0.00e+00	0.00e+00	0.00e+00	3.00e-01	1.22e-07	8.79e-08
 7.04047e+22	3.13e-01	6.70e-01	1.75e-02	7.87e-05	1.31e-05	0.00e+00	0.00e+00	0.00e+00	0.00e+00	3.13e-01	1.27e-07	9.09e-08
 7.04540e+22	3.23e-01	6.61e-01	1.63e-02	7.32e-05	1.19e-05	0.00e+00	0.00e+00	0.00e+00	0.00e+00	3.23e-01	1.30e-07	9.35e-08
 7.05086e+22	3.36e-01	6.49e-01	1.48e-02	6.70e-05	1.05e-05	0.00e+00	0.00e+00	0.00e+00	0.00e+00	3.36e-01	1.35e-07	9.68e-08
 7.05673e+22	3.50e-01	6.36e-01	1.35e-02	6.12e-05	9.27e-06	0.00e+00	0.00e+00	0.00e+00	0.00e+00	3.50e-01	1.40e-07	1.00e-07
 7.06213e+22	3.64e-01	6.24e-01	1.24e-02	5.64e-05	8.25e-06	0.00e+00	0.00e+00	0.00e+00	0.00e+00	3.64e-01	1.44e-07	1.03e-07
 7.06725e+22	3.75e-01	6.13e-01	1.14e-02	5.24e-05	7.41e-06	0.00e+00	0.00e+00	0.00e+00	0.00e+00	3.75e-01	1.47e-07	1.06e-07
 7.07274e+22	3.89e-01	6.00e-01	1.04e-02	4.82e-05	6.56e-06	0.00e+00	0.00e+00	0.00e+00	0.00e+00	3.89e-01	1.52e-07	1.09e-07
 7.07863e+22	4.04e-01	5.87e-01	9.40e-03	4.43e-05	5.77e-06	0.00e+00	0.00e+00	0.00e+00	0.00e+00	4.04e-01	1.56e-07	1.12e-07
 7.08439e+22	4.18e-01	5.73e-01	8.54e-03	4.07e-05	5.10e-06	0.00e+00	0.00e+00	0.00e+00	0.00e+00	4.18e-01	1.60e-07	1.15e-07
 7.08989e+22	4.33e-01	5.60e-01	7.78e-03	3.76e-05	4.51e-06	0.00e+00	0.00e+00	0.00e+00	0.00e+00	4.33e-01	1.64e-07	1.17e-07
 7.09527e+22	4.46e-01	5.47e-01	7.12e-03	3.50e-05	4.03e-06	0.00e+00	0.00e+00	0.00e+00	0.00e+00	4.46e-01	1.67e-07	1.19e-07
 7.10104e+22	4.61e-01	5.33e-01	6.44e-03	3.22e-05	3.54e-06	0.00e+00	0.00e+00	0.00e+00	0.00e+00	4.61e-01	1.70e-07	1.22e-07
 7.10704e+22	4.75e-01	5.19e-01	5.84e-03	2.98e-05	3.12e-06	0.00e+00	0.00e+00	0.00e+00	0.00e+00	4.75e-01	1.74e-07	1.24e-07
 7.11309e+22	4.90e-01	5.05e-01	5.27e-03	2.75e-05	2.73e-06	0.00e+00	0.00e+00	0.00e+00	0.00e+00	4.90e-01	1.77e-07	1.27e-07
 7.11931e+22	5.05e-01	4.90e-01	4.74e-03	2.54e-05	2.39e-06	0.00e+00	0.00e+00	0.00e+00	0.00e+00	5.05e-01	1.80e-07	1.29e-07
 7.12545e+22	5.20e-01	4.76e-01	4.28e-03	2.35e-05	2.10e-06	0.00e+00	0.00e+00	0.00e+00	0.00e+00	5.20e-01	1.83e-07	1.31e-07
 7.13171e+22	5.34e-01	4.62e-01	3.86e-03	2.18e-05	1.84e-06	0.00e+00	0.00e+00	0.00e+00	0.00e+00	5.34e-01	1.85e-07	1.32e-07
 7.13828e+22	5.49e-01	4.48e-01	3.46e-03	2.01e-05	1.61e-06	0.00e+00	0.00e+00	0.00e+00	0.00e+00	5.49e-01	1.88e-07	1.34e-07
 7.14508e+22	5.64e-01	4.33e-01	3.09e-03	1.86e-05	1.40e-06	0.00e+00	0.00e+00	0.00e+00	0.00e+00	5.64e-01	1.90e-07	1.36e-07
