#depth	Si	Si+	Si+2	Si+3	Si+4	Si+5	Si+6	Si+7	Si+8	Si+9	Si+10	Si+11	Si+12	Si+13	Si+14
 4.62852e+21	0.00e+00	1.09e-30	3.56e-26	2.67e-22	2.35e-18	3.43e-15	1.69e-12	2.83e-10	2.15e-08	8.49e-07	2.49e-05	6.53e-04	4.12e-02	3.04e-01	6.54e-01
 1.02081e+22	0.00e+00	7.81e-28	1.47e-23	5.81e-20	3.89e-16	3.28e-13	9.32e-11	9.27e-09	4.31e-07	1.02e-05	1.62e-04	2.48e-03	9.03e-02	3.96e-01	5.11e-01
 1.16199e+22	0.00e+00	1.02e-26	1.56e-22	5.43e-19	3.04e-15	2.07e-12	4.72e-10	3.82e-08	1.46e-06	2.81e-05	3.48e-04	4.24e-03	1.22e-01	4.29e-01	4.44e-01
 1.23111e+22	0.00e+00	3.76e-26	5.17e-22	1.58e-18	8.14e-15	5.00e-12	1.03e-09	7.57e-08	2.64e-06	4.58e-05	5.02e-04	5.47e-03	1.41e-01	4.42e-01	4.11e-01
 1.26078e+22	0.00e+00	5.46e-26	7.28e-22	2.15e-18	1.08e-14	6.44e-12	1.29e-09	9.20e-08	3.13e-06	5.26e-05	5.58e-04	5.88e-03	1.47e-01	4.45e-01	4.01e-01
 1.27602e+22	0.00e+00	8.79e-26	1.13e-21	3.18e-18	1.55e-14	8.89e-12	1.72e-09	1.18e-07	3.88e-06	6.30e-05	6.38e-04	6.45e-03	1.54e-01	4.50e-01	3.89e-01
 1.29220e+22	0.00e+00	1.34e-25	1.67e-21	4.49e-18	2.13e-14	1.18e-11	2.21e-09	1.47e-07	4.70e-06	7.38e-05	7.18e-04	6.99e-03	1.61e-01	4.53e-01	3.78e-01
 1.30677e+22	0.00e+00	1.98e-25	2.38e-21	6.16e-18	2.85e-14	1.54e-11	2.79e-09	1.81e-07	5.61e-06	8.54e-05	8.01e-04	7.53e-03	1.68e-01	4.56e-01	3.68e-01
 1.32290e+22	0.00e+00	3.29e-25	3.79e-21	9.31e-18	4.17e-14	2.17e-11	3.77e-09	2.36e-07	7.06e-06	1.03e-04	9.23e-04	8.29e-03	1.77e-01	4.59e-01	3.55e-01
 1.33901e+22	0.00e+00	4.84e-25	5.40e-21	1.27e-17	5.58e-14	2.82e-11	4.76e-09	2.89e-07	8.42e-06	1.20e-04	1.03e-03	8.92e-03	1.84e-01	4.61e-01	3.45e-01
 1.35209e+22	0.00e+00	6.77e-25	7.35e-21	1.67e-17	7.18e-14	3.53e-11	5.82e-09	3.44e-07	9.81e-06	1.36e-04	1.13e-03	9.51e-03	1.90e-01	4.63e-01	3.36e-01
 1.36610e+22	0.00e+00	1.06e-24	1.10e-20	2.40e-17	1.00e-13	4.77e-11	7.59e-09	4.35e-07	1.20e-05	1.60e-04	1.28e-03	1.03e-02	1.98e-01	4.65e-01	3.25e-01
 1.37903e+22	0.00e+00	1.40e-24	1.43e-20	3.01e-17	1.24e-13	5.76e-11	8.97e-09	5.03e-07	1.36e-05	1.78e-04	1.38e-03	1.09e-02	2.04e-01	4.66e-01	3.18e-01
 1.39057e+22	0.00e+00	2.05e-24	2.02e-20	4.07e-17	1.64e-13	7.42e-11	1.12e-08	6.13e-07	1.62e-05	2.06e-04	1.54e-03	1.17e-02	2.11e-01	4.67e-01	3.08e-01
 1.40210e+22	0.00e+00	2.68e-24	2.58e-20	5.06e-17	2.00e-13	8.91e-11	1.32e-08	7.07e-07	1.83e-05	2.28e-04	1.66e-03	1.23e-02	2.17e-01	4.68e-01	3.02e-01
 1.41361e+22	0.00e+00	3.87e-24	3.61e-20	6.79e-17	2.63e-13	1.14e-10	1.65e-08	8.57e-07	2.17e-05	2.62e-04	1.84e-03	1.31e-02	2.24e-01	4.68e-01	2.92e-01
 1.42492e+22	0.00e+00	5.09e-24	4.63e-20	8.45e-17	3.23e-13	1.37e-10	1.94e-08	9.89e-07	2.45e-05	2.90e-04	1.98e-03	1.38e-02	2.30e-01	4.68e-01	2.85e-01
 1.43597e+22	0.00e+00	7.39e-24	6.48e-20	1.13e-16	4.24e-13	1.75e-10	2.41e-08	1.20e-06	2.91e-05	3.34e-04	2.20e-03	1.48e-02	2.38e-01	4.69e-01	2.76e-01
 1.44649e+22	0.00e+00	9.37e-24	8.03e-20	1.37e-16	5.06e-13	2.06e-10	2.78e-08	1.36e-06	3.24e-05	3.65e-04	2.34e-03	1.54e-02	2.43e-01	4.68e-01	2.70e-01
 1.45635e+22	0.00e+00	1.29e-23	1.08e-19	1.76e-16	6.42e-13	2.55e-10	3.37e-08	1.61e-06	3.76e-05	4.12e-04	2.56e-03	1.64e-02	2.50e-01	4.68e-01	2.63e-01
 1.46643e+22	0.00e+00	1.69e-23	1.37e-19	2.17e-16	7.79e-13	3.04e-10	3.94e-08	1.85e-06	4.24e-05	4.55e-04	2.76e-03	1.71e-02	2.56e-01	4.68e-01	2.56e-01
 1.47679e+22	0.00e+00	2.41e-23	1.88e-19	2.86e-16	1.01e-12	3.85e-10	4.87e-08	2.23e-06	4.99e-05	5.21e-04	3.04e-03	1.83e-02	2.64e-01	4.67e-01	2.48e-01
 1.48698e+22	0.00e+00	3.08e-23	2.35e-19	3.48e-16	1.21e-12	4.54e-10	5.65e-08	2.54e-06	5.58e-05	5.72e-04	3.26e-03	1.91e-02	2.69e-01	4.66e-01	2.42e-01
 1.49550e+22	0.00e+00	3.97e-23	2.95e-19	4.23e-16	1.46e-12	5.37e-10	6.56e-08	2.89e-06	6.27e-05	6.30e-04	3.50e-03	2.00e-02	2.75e-01	4.65e-01	2.36e-01
 1.50373e+22	0.00e+00	5.03e-23	3.65e-19	5.08e-16	1.73e-12	6.28e-10	7.55e-08	3.28e-06	6.99e-05	6.88e-04	3.73e-03	2.08e-02	2.81e-01	4.64e-01	2.30e-01
 1.51300e+22	0.00e+00	7.06e-23	4.93e-19	6.56e-16	2.20e-12	7.84e-10	9.22e-08	3.91e-06	8.16e-05	7.83e-04	4.10e-03	2.21e-02	2.89e-01	4.62e-01	2.22e-01
 1.52198e+22	0.00e+00	8.80e-23	6.01e-19	7.78e-16	2.59e-12	9.07e-10	1.05e-07	4.39e-06	9.03e-05	8.51e-04	4.35e-03	2.30e-02	2.94e-01	4.61e-01	2.17e-01
 1.53059e+22	0.00e+00	1.21e-22	7.96e-19	9.87e-16	3.24e-12	1.12e-09	1.27e-07	5.18e-06	1.04e-04	9.60e-04	4.75e-03	2.42e-02	3.01e-01	4.59e-01	2.10e-01
 1.53927e+22	0.00e+00	1.51e-22	9.73e-19	1.17e-15	3.82e-12	1.30e-09	1.45e-07	5.83e-06	1.16e-04	1.05e-03	5.06e-03	2.52e-02	3.07e-01	4.57e-01	2.05e-01
 1.54807e+22	0.00e+00	2.11e-22	1.30e-18	1.50e-15	4.83e-12	1.61e-09	1.77e-07	6.94e-06	1.35e-04	1.19e-03	5.54e-03	2.67e-02	3.15e-01	4.54e-01	1.98e-01
 1.55683e+22	1.62e-35	2.66e-22	1.60e-18	1.79e-15	5.71e-12	1.88e-09	2.03e-07	7.85e-06	1.51e-04	1.30e-03	5.91e-03	2.78e-02	3.20e-01	4.52e-01	1.92e-01
 1.56557e+22	2.44e-35	3.67e-22	2.13e-18	2.27e-15	7.18e-12	2.32e-09	2.46e-07	9.31e-06	1.75e-04	1.47e-03	6.46e-03	2.93e-02	3.28e-01	4.49e-01	1.85e-01
 1.57449e+22	3.39e-35	4.78e-22	2.68e-18	2.76e-15	8.65e-12	2.76e-09	2.88e-07	1.07e-05	1.98e-04	1.62e-03	6.95e-03	3.07e-02	3.35e-01	4.46e-01	1.80e-01
 1.58230e+22	4.69e-35	6.16e-22	3.35e-18	3.32e-15	1.04e-11	3.26e-09	3.35e-07	1.23e-05	2.23e-04	1.79e-03	7.46e-03	3.20e-02	3.41e-01	4.43e-01	1.74e-01
 1.59108e+22	7.17e-35	8.62e-22	4.49e-18	4.23e-15	1.31e-11	4.06e-09	4.10e-07	1.46e-05	2.60e-04	2.03e-03	8.18e-03	3.39e-02	3.49e-01	4.39e-01	1.67e-01
 1.59982e+22	9.94e-35	1.11e-21	5.62e-18	5.09e-15	1.57e-11	4.81e-09	4.78e-07	1.68e-05	2.94e-04	2.25e-03	8.79e-03	3.54e-02	3.55e-01	4.36e-01	1.62e-01
 1.60853e+22	1.53e-34	1.57e-21	7.54e-18	6.48e-15	1.99e-11	6.00e-09	5.87e-07	2.01e-05	3.45e-04	2.56e-03	9.66e-03	3.74e-02	3.64e-01	4.31e-01	1.55e-01
 1.61695e+22	2.08e-34	1.99e-21	9.29e-18	7.69e-15	2.35e-11	7.04e-09	6.79e-07	2.29e-05	3.86e-04	2.81e-03	1.03e-02	3.90e-02	3.70e-01	4.28e-01	1.50e-01
 1.62500e+22	3.14e-34	2.75e-21	1.23e-17	9.63e-15	2.94e-11	8.69e-09	8.25e-07	2.73e-05	4.50e-04	3.19e-03	1.13e-02	4.11e-02	3.77e-01	4.23e-01	1.44e-01
 1.63307e+22	4.32e-34	3.52e-21	1.52e-17	1.14e-14	3.50e-11	1.02e-08	9.60e-07	3.12e-05	5.07e-04	3.51e-03	1.21e-02	4.28e-02	3.83e-01	4.19e-01	1.39e-01
 1.64119e+22	6.57e-34	4.89e-21	2.01e-17	1.43e-14	4.38e-11	1.27e-08	1.17e-06	3.73e-05	5.93e-04	3.99e-03	1.33e-02	4.51e-02	3.91e-01	4.13e-01	1.32e-01
 1.64936e+22	8.99e-34	6.26e-21	2.48e-17	1.70e-14	5.20e-11	1.50e-08	1.36e-06	4.27e-05	6.67e-04	4.39e-03	1.42e-02	4.70e-02	3.97e-01	4.09e-01	1.28e-01
 1.65761e+22	1.36e-33	8.64e-21	3.25e-17	2.11e-14	6.50e-11	1.85e-08	1.66e-06	5.09e-05	7.78e-04	4.98e-03	1.55e-02	4.95e-02	4.05e-01	4.03e-01	1.22e-01
 1.66609e+22	1.90e-33	1.12e-20	4.07e-17	2.52e-14	7.79e-11	2.20e-08	1.96e-06	5.88e-05	8.83e-04	5.51e-03	1.67e-02	5.16e-02	4.11e-01	3.97e-01	1.17e-01
 1.67364e+22	2.62e-33	1.45e-20	5.04e-17	2.99e-14	9.29e-11	2.61e-08	2.29e-06	6.77e-05	9.98e-04	6.09e-03	1.80e-02	5.37e-02	4.17e-01	3.92e-01	1.12e-01
 1.68199e+22	3.94e-33	1.99e-20	6.59e-17	3.69e-14	1.16e-10	3.23e-08	2.80e-06	8.09e-05	1.16e-03	6.90e-03	1.96e-02	5.65e-02	4.24e-01	3.85e-01	1.07e-01
 1.69039e+22	5.42e-33	2.55e-20	8.12e-17	4.35e-14	1.37e-10	3.82e-08	3.28e-06	9.29e-05	1.31e-03	7.60e-03	2.10e-02	5.88e-02	4.29e-01	3.80e-01	1.02e-01
 1.69892e+22	8.11e-33	3.50e-20	1.06e-16	5.34e-14	1.71e-10	4.73e-08	4.00e-06	1.11e-04	1.53e-03	8.60e-03	2.30e-02	6.17e-02	4.36e-01	3.72e-01	9.70e-02
 1.70761e+22	1.13e-32	4.53e-20	1.31e-16	6.31e-14	2.04e-10	5.63e-08	4.72e-06	1.28e-04	1.74e-03	9.51e-03	2.47e-02	6.42e-02	4.41e-01	3.66e-01	9.27e-02
 1.71618e+22	1.65e-32	6.10e-20	1.68e-16	7.63e-14	2.50e-10	6.88e-08	5.70e-06	1.52e-04	2.01e-03	1.07e-02	2.68e-02	6.72e-02	4.47e-01	3.58e-01	8.79e-02
 1.72491e+22	2.29e-32	7.89e-20	2.08e-16	9.00e-14	2.99e-10	8.21e-08	6.73e-06	1.76e-04	2.28e-03	1.18e-02	2.88e-02	6.99e-02	4.52e-01	3.52e-01	8.37e-02
 1.73369e+22	3.30e-32	1.05e-19	2.64e-16	1.08e-13	3.65e-10	9.99e-08	8.09e-06	2.07e-04	2.62e-03	1.32e-02	3.11e-02	7.30e-02	4.57e-01	3.44e-01	7.92e-02
 1.74240e+22	4.50e-32	1.34e-19	3.22e-16	1.26e-13	4.32e-10	1.18e-07	9.47e-06	2.38e-04	2.95e-03	1.45e-02	3.33e-02	7.57e-02	4.61e-01	3.37e-01	7.55e-02
 1.75125e+22	6.44e-32	1.78e-19	4.06e-16	1.50e-13	5.25e-10	1.43e-07	1.14e-05	2.79e-04	3.38e-03	1.62e-02	3.60e-02	7.89e-02	4.65e-01	3.29e-01	7.13e-02
 1.76040e+22	8.82e-32	2.27e-19	4.97e-16	1.75e-13	6.22e-10	1.69e-07	1.33e-05	3.22e-04	3.81e-03	1.78e-02	3.85e-02	8.18e-02	4.69e-01	3.22e-01	6.77e-02
 1.76976e+22	1.25e-31	3.00e-19	6.25e-16	2.07e-13	7.54e-10	2.05e-07	1.60e-05	3.78e-04	4.37e-03	1.99e-02	4.14e-02	8.51e-02	4.72e-01	3.13e-01	6.37e-02
 1.77925e+22	1.70e-31	3.81e-19	7.60e-16	2.41e-13	8.90e-10	2.42e-07	1.87e-05	4.34e-04	4.91e-03	2.18e-02	4.42e-02	8.80e-02	4.75e-01	3.06e-01	6.04e-02
 1.78901e+22	2.41e-31	5.02e-19	9.52e-16	2.85e-13	1.08e-09	2.93e-07	2.24e-05	5.08e-04	5.60e-03	2.42e-02	4.75e-02	9.14e-02	4.77e-01	2.97e-01	5.67e-02
 1.79906e+22	3.25e-31	6.38e-19	1.16e-15	3.30e-13	1.27e-09	3.45e-07	2.61e-05	5.83e-04	6.29e-03	2.65e-02	5.06e-02	9.44e-02	4.79e-01	2.89e-01	5.36e-02
 1.80948e+22	4.61e-31	8.42e-19	1.45e-15	3.91e-13	1.54e-09	4.18e-07	3.13e-05	6.85e-04	7.19e-03	2.94e-02	5.44e-02	9.79e-02	4.81e-01	2.80e-01	5.00e-02
 1.82020e+22	6.23e-31	1.07e-18	1.77e-15	4.53e-13	1.81e-09	4.93e-07	3.66e-05	7.85e-04	8.05e-03	3.21e-02	5.78e-02	1.01e-01	4.82e-01	2.72e-01	4.71e-02
 1.83133e+22	8.82e-31	1.41e-18	2.22e-15	5.38e-13	2.20e-09	5.96e-07	4.38e-05	9.21e-04	9.19e-03	3.56e-02	6.20e-02	1.04e-01	4.82e-01	2.62e-01	4.39e-02
 1.84276e+22	1.18e-30	1.79e-18	2.69e-15	6.22e-13	2.58e-09	7.01e-07	5.10e-05	1.05e-03	1.03e-02	3.88e-02	6.57e-02	1.07e-01	4.82e-01	2.54e-01	4.12e-02
 1.85486e+22	1.70e-30	2.39e-18	3.42e-15	7.45e-13	3.15e-09	8.54e-07	6.15e-05	1.24e-03	1.17e-02	4.30e-02	7.05e-02	1.11e-01	4.81e-01	2.44e-01	3.81e-02
 1.86708e+22	2.25e-30	3.00e-18	4.13e-15	8.58e-13	3.69e-09	9.97e-07	7.11e-05	1.41e-03	1.30e-02	4.66e-02	7.43e-02	1.14e-01	4.79e-01	2.36e-01	3.57e-02
 1.87956e+22	3.22e-30	4.00e-18	5.23e-15	1.03e-12	4.48e-09	1.21e-06	8.54e-05	1.66e-03	1.49e-02	5.16e-02	7.94e-02	1.17e-01	4.77e-01	2.25e-01	3.29e-02
 1.89232e+22	4.26e-30	5.03e-18	6.31e-15	1.18e-12	5.23e-09	1.41e-06	9.85e-05	1.88e-03	1.65e-02	5.57e-02	8.36e-02	1.20e-01	4.74e-01	2.17e-01	3.08e-02
 1.90337e+22	5.51e-30	6.19e-18	7.49e-15	1.35e-12	6.01e-09	1.62e-06	1.12e-04	2.11e-03	1.81e-02	5.98e-02	8.75e-02	1.22e-01	4.71e-01	2.10e-01	2.89e-02
 1.91563e+22	7.62e-30	8.06e-18	9.32e-15	1.59e-12	7.17e-09	1.93e-06	1.32e-04	2.43e-03	2.03e-02	6.53e-02	9.26e-02	1.25e-01	4.67e-01	2.00e-01	2.66e-02
 1.92806e+22	9.82e-30	9.91e-18	1.11e-14	1.81e-12	8.23e-09	2.21e-06	1.50e-04	2.72e-03	2.22e-02	6.98e-02	9.66e-02	1.28e-01	4.63e-01	1.93e-01	2.49e-02
 1.94071e+22	1.36e-29	1.29e-17	1.38e-14	2.14e-12	9.79e-09	2.62e-06	1.77e-04	3.14e-03	2.48e-02	7.60e-02	1.02e-01	1.30e-01	4.57e-01	1.84e-01	2.29e-02
 1.95353e+22	1.74e-29	1.58e-17	1.63e-14	2.43e-12	1.12e-08	2.99e-06	2.00e-04	3.49e-03	2.71e-02	8.10e-02	1.06e-01	1.32e-01	4.52e-01	1.77e-01	2.14e-02
 1.96658e+22	2.40e-29	2.06e-17	2.03e-14	2.88e-12	1.33e-08	3.54e-06	2.34e-04	4.01e-03	3.02e-02	8.78e-02	1.11e-01	1.34e-01	4.45e-01	1.68e-01	1.96e-02
 1.97941e+22	3.02e-29	2.49e-17	2.38e-14	3.25e-12	1.50e-08	3.99e-06	2.62e-04	4.42e-03	3.26e-02	9.29e-02	1.15e-01	1.36e-01	4.39e-01	1.61e-01	1.83e-02
 1.99195e+22	4.08e-29	3.20e-17	2.92e-14	3.80e-12	1.76e-08	4.66e-06	3.03e-04	5.03e-03	3.60e-02	9.99e-02	1.20e-01	1.38e-01	4.31e-01	1.53e-01	1.68e-02
 2.00465e+22	5.10e-29	3.85e-17	3.42e-14	4.30e-12	1.98e-08	5.23e-06	3.37e-04	5.51e-03	3.87e-02	1.05e-01	1.24e-01	1.39e-01	4.25e-01	1.47e-01	1.57e-02
 2.01755e+22	6.87e-29	4.93e-17	4.20e-14	5.04e-12	2.31e-08	6.09e-06	3.88e-04	6.24e-03	4.26e-02	1.13e-01	1.29e-01	1.40e-01	4.16e-01	1.39e-01	1.43e-02
 2.03070e+22	8.65e-29	5.97e-17	4.94e-14	5.72e-12	2.61e-08	6.84e-06	4.33e-04	6.86e-03	4.58e-02	1.19e-01	1.32e-01	1.41e-01	4.09e-01	1.33e-01	1.33e-02
 2.04417e+22	1.17e-28	7.69e-17	6.10e-14	6.72e-12	3.04e-08	7.96e-06	4.98e-04	7.76e-03	5.03e-02	1.27e-01	1.37e-01	1.42e-01	3.99e-01	1.25e-01	1.21e-02
 2.05786e+22	1.47e-28	9.33e-17	7.19e-14	7.65e-12	3.43e-08	8.94e-06	5.55e-04	8.51e-03	5.40e-02	1.33e-01	1.41e-01	1.42e-01	3.91e-01	1.19e-01	1.12e-02
 2.07185e+22	1.99e-28	1.20e-16	8.90e-14	9.03e-12	4.00e-08	1.04e-05	6.37e-04	9.60e-03	5.92e-02	1.42e-01	1.45e-01	1.43e-01	3.79e-01	1.11e-01	1.02e-02
 2.08610e+22	2.52e-28	1.47e-16	1.05e-13	1.03e-11	4.52e-08	1.17e-05	7.09e-04	1.05e-02	6.33e-02	1.48e-01	1.49e-01	1.43e-01	3.71e-01	1.06e-01	9.38e-03
 2.09857e+22	3.15e-28	1.77e-16	1.24e-13	1.17e-11	5.07e-08	1.30e-05	7.85e-04	1.15e-02	6.76e-02	1.55e-01	1.52e-01	1.42e-01	3.62e-01	1.00e-01	8.67e-03
 2.11266e+22	4.22e-28	2.27e-16	1.52e-13	1.38e-11	5.87e-08	1.50e-05	8.94e-04	1.28e-02	7.35e-02	1.64e-01	1.56e-01	1.42e-01	3.50e-01	9.37e-02	7.82e-03
 2.12673e+22	5.21e-28	2.72e-16	1.78e-13	1.56e-11	6.57e-08	1.66e-05	9.82e-04	1.39e-02	7.79e-02	1.70e-01	1.58e-01	1.41e-01	3.41e-01	8.91e-02	7.25e-03
 2.14077e+22	6.94e-28	3.46e-16	2.19e-13	1.83e-11	7.56e-08	1.90e-05	1.11e-03	1.55e-02	8.42e-02	1.79e-01	1.62e-01	1.41e-01	3.29e-01	8.29e-02	6.51e-03
 2.15502e+22	8.60e-28	4.15e-16	2.56e-13	2.08e-11	8.46e-08	2.11e-05	1.22e-03	1.67e-02	8.91e-02	1.86e-01	1.64e-01	1.40e-01	3.19e-01	7.85e-02	6.02e-03
 2.16955e+22	1.14e-27	5.27e-16	3.14e-13	2.45e-11	9.73e-08	2.41e-05	1.38e-03	1.85e-02	9.58e-02	1.94e-01	1.66e-01	1.38e-01	3.07e-01	7.30e-02	5.40e-03
 2.18458e+22	1.43e-27	6.41e-16	3.72e-13	2.81e-11	1.10e-07	2.69e-05	1.52e-03	2.01e-02	1.02e-01	2.01e-01	1.68e-01	1.37e-01	2.97e-01	6.86e-02	4.95e-03
 2.20026e+22	1.93e-27	8.25e-16	4.63e-13	3.34e-11	1.27e-07	3.09e-05	1.72e-03	2.23e-02	1.09e-01	2.10e-01	1.70e-01	1.35e-01	2.84e-01	6.32e-02	4.39e-03
 2.21622e+22	2.44e-27	1.01e-15	5.50e-13	3.85e-11	1.43e-07	3.45e-05	1.90e-03	2.42e-02	1.16e-01	2.17e-01	1.72e-01	1.33e-01	2.73e-01	5.92e-02	4.00e-03
 2.23252e+22	3.29e-27	1.30e-15	6.85e-13	4.59e-11	1.66e-07	3.96e-05	2.14e-03	2.68e-02	1.24e-01	2.26e-01	1.73e-01	1.30e-01	2.60e-01	5.42e-02	3.53e-03
 2.24941e+22	4.21e-27	1.60e-15	8.24e-13	5.34e-11	1.88e-07	4.44e-05	2.37e-03	2.90e-02	1.31e-01	2.33e-01	1.74e-01	1.28e-01	2.49e-01	5.04e-02	3.19e-03
 2.26705e+22	5.78e-27	2.09e-15	1.04e-12	6.43e-11	2.20e-07	5.12e-05	2.69e-03	3.22e-02	1.41e-01	2.42e-01	1.75e-01	1.25e-01	2.35e-01	4.57e-02	2.78e-03
 2.28499e+22	7.43e-27	2.58e-15	1.25e-12	7.50e-11	2.50e-07	5.74e-05	2.97e-03	3.49e-02	1.48e-01	2.49e-01	1.75e-01	1.22e-01	2.24e-01	4.23e-02	2.49e-03
 2.30332e+22	1.02e-26	3.39e-15	1.59e-12	9.08e-11	2.92e-07	6.62e-05	3.36e-03	3.86e-02	1.58e-01	2.57e-01	1.74e-01	1.18e-01	2.10e-01	3.81e-02	2.16e-03
 2.32209e+22	1.33e-26	4.23e-15	1.93e-12	1.06e-10	3.33e-07	7.44e-05	3.72e-03	4.19e-02	1.67e-01	2.63e-01	1.74e-01	1.15e-01	1.99e-01	3.49e-02	1.92e-03
 2.34145e+22	1.86e-26	5.62e-15	2.47e-12	1.30e-10	3.91e-07	8.61e-05	4.22e-03	4.64e-02	1.78e-01	2.71e-01	1.72e-01	1.10e-01	1.85e-01	3.11e-02	1.64e-03
 2.36125e+22	2.42e-26	7.04e-15	3.02e-12	1.53e-10	4.47e-07	9.68e-05	4.67e-03	5.02e-02	1.87e-01	2.77e-01	1.71e-01	1.07e-01	1.74e-01	2.83e-02	1.44e-03
 2.38162e+22	3.45e-26	9.50e-15	3.90e-12	1.88e-10	5.26e-07	1.12e-04	5.31e-03	5.56e-02	1.99e-01	2.84e-01	1.68e-01	1.02e-01	1.60e-01	2.49e-02	1.21e-03
 2.40212e+22	4.47e-26	1.19e-14	4.76e-12	2.20e-10	5.99e-07	1.26e-04	5.84e-03	5.99e-02	2.08e-01	2.88e-01	1.66e-01	9.82e-02	1.50e-01	2.26e-02	1.06e-03
 2.42277e+22	6.36e-26	1.61e-14	6.15e-12	2.70e-10	7.02e-07	1.45e-04	6.62e-03	6.62e-02	2.21e-01	2.94e-01	1.63e-01	9.31e-02	1.37e-01	1.96e-02	8.83e-04
 2.44370e+22	8.33e-26	2.03e-14	7.53e-12	3.17e-10	7.96e-07	1.62e-04	7.28e-03	7.13e-02	2.30e-01	2.97e-01	1.59e-01	8.91e-02	1.27e-01	1.76e-02	7.64e-04
 2.46133e+22	1.06e-25	2.50e-14	9.02e-12	3.67e-10	8.91e-07	1.79e-04	7.93e-03	7.62e-02	2.39e-01	3.00e-01	1.56e-01	8.55e-02	1.19e-01	1.59e-02	6.69e-04
 2.48057e+22	1.47e-25	3.32e-14	1.14e-11	4.41e-10	1.02e-06	2.03e-04	8.85e-03	8.32e-02	2.50e-01	3.03e-01	1.52e-01	8.06e-02	1.08e-01	1.38e-02	5.55e-04
 2.49962e+22	1.85e-25	4.08e-14	1.36e-11	5.06e-10	1.14e-06	2.23e-04	9.59e-03	8.85e-02	2.58e-01	3.04e-01	1.48e-01	7.72e-02	1.01e-01	1.25e-02	4.85e-04
 2.51842e+22	2.55e-25	5.39e-14	1.72e-11	6.05e-10	1.30e-06	2.51e-04	1.06e-02	9.61e-02	2.69e-01	3.05e-01	1.43e-01	7.25e-02	9.11e-02	1.08e-02	4.01e-04
 2.53744e+22	3.23e-25	6.68e-14	2.06e-11	6.96e-10	1.44e-06	2.76e-04	1.15e-02	1.02e-01	2.78e-01	3.06e-01	1.39e-01	6.90e-02	8.42e-02	9.64e-03	3.46e-04
 2.55676e+22	4.44e-25	8.94e-14	2.61e-11	8.35e-10	1.65e-06	3.11e-04	1.28e-02	1.11e-01	2.89e-01	3.05e-01	1.34e-01	6.44e-02	7.55e-02	8.24e-03	2.82e-04
 2.57620e+22	5.63e-25	1.12e-13	3.13e-11	9.62e-10	1.83e-06	3.40e-04	1.38e-02	1.18e-01	2.97e-01	3.04e-01	1.29e-01	6.10e-02	6.94e-02	7.30e-03	2.41e-04
 2.59580e+22	7.72e-25	1.51e-13	3.99e-11	1.16e-09	2.08e-06	3.83e-04	1.53e-02	1.28e-01	3.07e-01	3.02e-01	1.23e-01	5.65e-02	6.17e-02	6.18e-03	1.94e-04
 2.61567e+22	9.91e-25	1.91e-13	4.84e-11	1.34e-09	2.31e-06	4.20e-04	1.66e-02	1.36e-01	3.15e-01	3.00e-01	1.18e-01	5.31e-02	5.60e-02	5.39e-03	1.63e-04
 2.63589e+22	1.37e-24	2.63e-13	6.24e-11	1.63e-09	2.65e-06	4.73e-04	1.83e-02	1.47e-01	3.25e-01	2.95e-01	1.11e-01	4.88e-02	4.92e-02	4.49e-03	1.29e-04
 2.65639e+22	1.76e-24	3.39e-13	7.64e-11	1.90e-09	2.95e-06	5.20e-04	1.99e-02	1.57e-01	3.32e-01	2.91e-01	1.06e-01	4.55e-02	4.43e-02	3.87e-03	1.07e-04
 2.67358e+22	2.21e-24	4.27e-13	9.18e-11	2.19e-09	3.25e-06	5.66e-04	2.14e-02	1.66e-01	3.38e-01	2.87e-01	1.01e-01	4.27e-02	4.02e-02	3.38e-03	8.97e-05
 2.69216e+22	2.95e-24	5.81e-13	1.17e-10	2.63e-09	3.70e-06	6.32e-04	2.35e-02	1.78e-01	3.45e-01	2.80e-01	9.47e-02	3.91e-02	3.52e-02	2.82e-03	7.11e-05
 2.71084e+22	3.71e-24	7.40e-13	1.42e-10	3.05e-09	4.09e-06	6.89e-04	2.52e-02	1.88e-01	3.51e-01	2.75e-01	8.97e-02	3.65e-02	3.17e-02	2.44e-03	5.91e-05
 2.72884e+22	4.85e-24	9.97e-13	1.79e-10	3.66e-09	4.64e-06	7.65e-04	2.75e-02	2.01e-01	3.56e-01	2.67e-01	8.37e-02	3.34e-02	2.78e-02	2.04e-03	4.71e-05
 2.74725e+22	6.14e-24	1.30e-12	2.20e-10	4.31e-09	5.20e-06	8.41e-04	2.97e-02	2.13e-01	3.61e-01	2.60e-01	7.86e-02	3.09e-02	2.47e-02	1.73e-03	3.84e-05
 2.76502e+22	7.84e-24	1.74e-12	2.75e-10	5.15e-09	5.88e-06	9.30e-04	3.22e-02	2.26e-01	3.64e-01	2.52e-01	7.32e-02	2.83e-02	2.17e-02	1.46e-03	3.08e-05
 2.78304e+22	9.96e-24	2.30e-12	3.43e-10	6.15e-09	6.66e-06	1.03e-03	3.48e-02	2.40e-01	3.67e-01	2.43e-01	6.80e-02	2.60e-02	1.91e-02	1.22e-03	2.47e-05
 2.80062e+22	1.26e-23	3.06e-12	4.28e-10	7.35e-09	7.55e-06	1.14e-03	3.76e-02	2.53e-01	3.69e-01	2.34e-01	6.31e-02	2.38e-02	1.68e-02	1.03e-03	1.99e-05
 2.81792e+22	1.59e-23	4.05e-12	5.34e-10	8.81e-09	8.58e-06	1.25e-03	4.06e-02	2.67e-01	3.70e-01	2.25e-01	5.84e-02	2.18e-02	1.48e-02	8.64e-04	1.60e-05
 2.83503e+22	2.00e-23	5.39e-12	6.67e-10	1.06e-08	9.78e-06	1.39e-03	4.38e-02	2.82e-01	3.70e-01	2.15e-01	5.39e-02	1.98e-02	1.29e-02	7.22e-04	1.28e-05
 2.85171e+22	2.47e-23	7.02e-12	8.23e-10	1.26e-08	1.11e-05	1.53e-03	4.70e-02	2.95e-01	3.70e-01	2.07e-01	4.99e-02	1.82e-02	1.14e-02	6.11e-04	1.04e-05
 2.86871e+22	3.14e-23	9.41e-12	1.04e-09	1.53e-08	1.28e-05	1.70e-03	5.08e-02	3.10e-01	3.68e-01	1.97e-01	4.57e-02	1.65e-02	9.88e-03	5.06e-04	8.23e-06
 2.88604e+22	3.94e-23	1.25e-11	1.30e-09	1.85e-08	1.46e-05	1.88e-03	5.46e-02	3.25e-01	3.66e-01	1.87e-01	4.19e-02	1.50e-02	8.61e-03	4.22e-04	6.57e-06
 2.90313e+22	4.96e-23	1.65e-11	1.63e-09	2.25e-08	1.68e-05	2.09e-03	5.87e-02	3.40e-01	3.62e-01	1.77e-01	3.83e-02	1.35e-02	7.47e-03	3.51e-04	5.23e-06
 2.92042e+22	6.27e-23	2.19e-11	2.04e-09	2.74e-08	1.94e-05	2.31e-03	6.31e-02	3.55e-01	3.58e-01	1.68e-01	3.49e-02	1.22e-02	6.47e-03	2.91e-04	4.15e-06
 2.93794e+22	7.96e-23	2.92e-11	2.57e-09	3.34e-08	2.24e-05	2.57e-03	6.78e-02	3.70e-01	3.53e-01	1.58e-01	3.16e-02	1.10e-02	5.58e-03	2.40e-04	3.27e-06
 2.95574e+22	1.02e-22	3.88e-11	3.23e-09	4.09e-08	2.59e-05	2.86e-03	7.29e-02	3.85e-01	3.47e-01	1.49e-01	2.87e-02	9.87e-03	4.80e-03	1.97e-04	2.57e-06
 2.97364e+22	1.30e-22	5.13e-11	4.06e-09	5.00e-08	3.00e-05	3.17e-03	7.81e-02	3.99e-01	3.41e-01	1.40e-01	2.59e-02	8.85e-03	4.12e-03	1.62e-04	2.02e-06
 2.99196e+22	1.49e-22	6.85e-11	5.15e-09	6.17e-08	3.49e-05	3.53e-03	8.38e-02	4.14e-01	3.33e-01	1.30e-01	2.33e-02	7.88e-03	3.52e-03	1.32e-04	1.58e-06
 3.01040e+22	1.92e-22	9.01e-11	6.45e-09	7.54e-08	4.04e-05	3.91e-03	8.96e-02	4.28e-01	3.26e-01	1.22e-01	2.10e-02	7.04e-03	3.01e-03	1.08e-04	1.24e-06
 3.02933e+22	2.52e-22	1.21e-10	8.21e-09	9.36e-08	4.73e-05	4.37e-03	9.61e-02	4.42e-01	3.17e-01	1.13e-01	1.87e-02	6.22e-03	2.55e-03	8.71e-05	9.50e-07
 3.04708e+22	3.15e-22	1.51e-10	9.93e-09	1.11e-07	5.35e-05	4.76e-03	1.01e-01	4.53e-01	3.10e-01	1.07e-01	1.71e-02	5.64e-03	2.23e-03	7.34e-05	7.71e-07
 3.06520e+22	4.21e-22	2.03e-10	1.27e-08	1.38e-07	6.27e-05	5.31e-03	1.09e-01	4.66e-01	3.00e-01	9.83e-02	1.52e-02	4.95e-03	1.87e-03	5.87e-05	5.88e-07
 3.08357e+22	5.30e-22	2.53e-10	1.53e-08	1.64e-07	7.09e-05	5.78e-03	1.14e-01	4.76e-01	2.92e-01	9.24e-02	1.38e-02	4.47e-03	1.63e-03	4.93e-05	4.76e-07
 3.10227e+22	7.13e-22	3.37e-10	1.95e-08	2.05e-07	8.31e-05	6.44e-03	1.22e-01	4.87e-01	2.81e-01	8.50e-02	1.22e-02	3.91e-03	1.36e-03	3.92e-05	3.61e-07
 3.12146e+22	9.11e-22	4.23e-10	2.37e-08	2.44e-07	9.44e-05	7.02e-03	1.28e-01	4.96e-01	2.73e-01	7.94e-02	1.11e-02	3.50e-03	1.18e-03	3.26e-05	2.89e-07
 3.14127e+22	1.25e-21	5.67e-10	3.05e-08	3.07e-07	1.11e-04	7.84e-03	1.37e-01	5.07e-01	2.62e-01	7.25e-02	9.71e-03	3.04e-03	9.74e-04	2.56e-05	2.16e-07
 3.16134e+22	1.60e-21	7.07e-10	3.69e-08	3.66e-07	1.26e-04	8.53e-03	1.44e-01	5.15e-01	2.53e-01	6.76e-02	8.78e-03	2.71e-03	8.40e-04	2.13e-05	1.72e-07
 3.18175e+22	2.21e-21	9.43e-10	4.74e-08	4.61e-07	1.49e-04	9.51e-03	1.53e-01	5.24e-01	2.41e-01	6.15e-02	7.66e-03	2.34e-03	6.91e-04	1.66e-05	1.28e-07
 3.20227e+22	2.82e-21	1.17e-09	5.71e-08	5.46e-07	1.68e-04	1.03e-02	1.60e-01	5.30e-01	2.33e-01	5.73e-02	6.93e-03	2.09e-03	5.96e-04	1.38e-05	0.00e+00
 3.22293e+22	3.88e-21	1.54e-09	7.29e-08	6.83e-07	1.97e-04	1.15e-02	1.70e-01	5.37e-01	2.21e-01	5.20e-02	6.04e-03	1.80e-03	4.90e-04	1.08e-05	0.00e+00
 3.24384e+22	4.96e-21	1.90e-09	8.77e-08	8.10e-07	2.23e-04	1.24e-02	1.78e-01	5.41e-01	2.13e-01	4.83e-02	5.45e-03	1.60e-03	4.21e-04	8.90e-06	0.00e+00
 3.26508e+22	6.84e-21	2.49e-09	1.12e-07	1.01e-06	2.62e-04	1.38e-02	1.88e-01	5.46e-01	2.02e-01	4.37e-02	4.74e-03	1.37e-03	3.45e-04	6.92e-06	0.00e+00
 3.28666e+22	8.79e-21	3.07e-09	1.35e-07	1.21e-06	2.96e-04	1.49e-02	1.96e-01	5.50e-01	1.93e-01	4.05e-02	4.26e-03	1.22e-03	2.95e-04	5.69e-06	0.00e+00
 3.30868e+22	1.22e-20	4.03e-09	1.72e-07	1.51e-06	3.48e-04	1.65e-02	2.07e-01	5.53e-01	1.82e-01	3.65e-02	3.69e-03	1.04e-03	2.41e-04	4.40e-06	0.00e+00
 3.33110e+22	1.57e-20	4.97e-09	2.08e-07	1.80e-06	3.94e-04	1.79e-02	2.15e-01	5.54e-01	1.74e-01	3.37e-02	3.30e-03	9.15e-04	2.05e-04	3.59e-06	0.00e+00
 3.35405e+22	2.18e-20	6.53e-09	2.67e-07	2.27e-06	4.64e-04	1.99e-02	2.27e-01	5.56e-01	1.63e-01	3.02e-02	2.85e-03	7.76e-04	1.66e-04	2.75e-06	0.00e+00
 3.37751e+22	2.83e-20	8.08e-09	3.24e-07	2.72e-06	5.28e-04	2.15e-02	2.36e-01	5.56e-01	1.55e-01	2.78e-02	2.53e-03	6.80e-04	1.40e-04	2.23e-06	0.00e+00
 3.39727e+22	3.56e-20	9.75e-09	3.85e-07	3.19e-06	5.91e-04	2.31e-02	2.44e-01	5.55e-01	1.49e-01	2.57e-02	2.28e-03	6.06e-04	1.21e-04	1.85e-06	0.00e+00
 3.41862e+22	4.79e-20	1.24e-08	4.83e-07	3.95e-06	6.85e-04	2.54e-02	2.55e-01	5.54e-01	1.40e-01	2.32e-02	1.99e-03	5.18e-04	9.89e-05	1.44e-06	0.00e+00
 3.44005e+22	6.00e-20	1.49e-08	5.70e-07	4.60e-06	7.64e-04	2.71e-02	2.63e-01	5.52e-01	1.33e-01	2.16e-02	1.80e-03	4.62e-04	8.55e-05	1.20e-06	0.00e+00
 3.46161e+22	8.03e-20	1.89e-08	7.12e-07	5.67e-06	8.83e-04	2.97e-02	2.74e-01	5.49e-01	1.25e-01	1.95e-02	1.56e-03	3.96e-04	7.02e-05	9.39e-07	0.00e+00
 3.48300e+22	9.98e-20	2.25e-08	8.37e-07	6.59e-06	9.81e-04	3.17e-02	2.82e-01	5.46e-01	1.19e-01	1.81e-02	1.42e-03	3.53e-04	6.08e-05	7.84e-07	0.00e+00
 3.50417e+22	1.32e-19	2.83e-08	1.04e-06	8.05e-06	1.13e-03	3.45e-02	2.93e-01	5.42e-01	1.12e-01	1.63e-02	1.24e-03	3.04e-04	5.02e-05	6.17e-07	0.00e+00
 3.52559e+22	1.64e-19	3.37e-08	1.22e-06	9.37e-06	1.25e-03	3.68e-02	3.01e-01	5.38e-01	1.07e-01	1.51e-02	1.12e-03	2.70e-04	4.33e-05	5.13e-07	0.00e+00
 3.54734e+22	2.18e-19	4.22e-08	1.51e-06	1.14e-05	1.44e-03	4.00e-02	3.12e-01	5.32e-01	9.98e-02	1.37e-02	9.76e-04	2.32e-04	3.57e-05	4.03e-07	0.00e+00
 3.56949e+22	2.73e-19	5.06e-08	1.79e-06	1.34e-05	1.61e-03	4.27e-02	3.21e-01	5.27e-01	9.45e-02	1.26e-02	8.75e-04	2.05e-04	3.06e-05	3.32e-07	0.00e+00
 3.59216e+22	3.64e-19	6.38e-08	2.23e-06	1.65e-05	1.85e-03	4.65e-02	3.32e-01	5.19e-01	8.80e-02	1.13e-02	7.59e-04	1.75e-04	2.49e-05	2.57e-07	0.00e+00
 3.61501e+22	4.56e-19	7.61e-08	2.64e-06	1.92e-05	2.06e-03	4.95e-02	3.40e-01	5.13e-01	8.34e-02	1.05e-02	6.83e-04	1.55e-04	2.14e-05	2.13e-07	0.00e+00
 3.63807e+22	6.07e-19	9.60e-08	3.30e-06	2.38e-05	2.38e-03	5.39e-02	3.52e-01	5.05e-01	7.73e-02	9.36e-03	5.89e-04	1.31e-04	1.74e-05	1.64e-07	0.00e+00
 3.66138e+22	7.61e-19	1.15e-07	3.90e-06	2.78e-05	2.65e-03	5.74e-02	3.60e-01	4.98e-01	7.31e-02	8.62e-03	5.29e-04	1.16e-04	1.49e-05	1.35e-07	0.00e+00
 3.68501e+22	1.02e-18	1.45e-07	4.88e-06	3.43e-05	3.06e-03	6.24e-02	3.71e-01	4.88e-01	6.75e-02	7.69e-03	4.55e-04	9.80e-05	1.20e-05	0.00e+00	0.00e+00
 3.70917e+22	1.29e-18	1.74e-07	5.82e-06	4.03e-05	3.42e-03	6.65e-02	3.79e-01	4.80e-01	6.36e-02	7.05e-03	4.06e-04	8.61e-05	1.02e-05	0.00e+00	0.00e+00
 3.73404e+22	1.74e-18	2.22e-07	7.34e-06	5.03e-05	3.97e-03	7.25e-02	3.90e-01	4.68e-01	5.83e-02	6.25e-03	3.47e-04	7.21e-05	8.19e-06	0.00e+00	0.00e+00
 3.75940e+22	2.21e-18	2.68e-07	8.79e-06	5.94e-05	4.44e-03	7.73e-02	3.99e-01	4.59e-01	5.47e-02	5.71e-03	3.08e-04	6.29e-05	6.91e-06	0.00e+00	0.00e+00
 3.78539e+22	3.01e-18	3.43e-07	1.12e-05	7.45e-05	5.18e-03	8.42e-02	4.09e-01	4.46e-01	4.99e-02	5.03e-03	2.61e-04	5.23e-05	5.48e-06	0.00e+00	0.00e+00
 3.81159e+22	3.85e-18	4.15e-07	1.34e-05	8.80e-05	5.79e-03	8.97e-02	4.17e-01	4.36e-01	4.66e-02	4.58e-03	2.31e-04	4.55e-05	4.61e-06	0.00e+00	0.00e+00
 3.83807e+22	5.25e-18	5.31e-07	1.70e-05	1.10e-04	6.75e-03	9.75e-02	4.27e-01	4.22e-01	4.24e-02	4.03e-03	1.95e-04	3.77e-05	3.64e-06	0.00e+00	0.00e+00
 3.86327e+22	6.55e-18	6.31e-07	2.01e-05	1.29e-04	7.48e-03	1.03e-01	4.34e-01	4.12e-01	3.97e-02	3.69e-03	1.74e-04	3.31e-05	3.09e-06	0.00e+00	0.00e+00
 3.88683e+22	8.54e-18	7.77e-07	2.45e-05	1.55e-04	8.47e-03	1.10e-01	4.41e-01	4.00e-01	3.66e-02	3.31e-03	1.51e-04	2.83e-05	2.54e-06	0.00e+00	0.00e+00
 3.91199e+22	1.10e-17	9.44e-07	2.96e-05	1.85e-04	9.51e-03	1.18e-01	4.48e-01	3.88e-01	3.39e-02	2.99e-03	1.32e-04	2.44e-05	2.11e-06	0.00e+00	0.00e+00
 3.93544e+22	1.36e-17	1.14e-06	3.54e-05	2.19e-04	1.06e-02	1.25e-01	4.53e-01	3.77e-01	3.14e-02	2.71e-03	1.16e-04	2.11e-05	1.76e-06	0.00e+00	0.00e+00
 3.95745e+22	1.69e-17	1.34e-06	4.16e-05	2.55e-04	1.17e-02	1.31e-01	4.58e-01	3.66e-01	2.93e-02	2.47e-03	1.04e-04	1.85e-05	1.50e-06	0.00e+00	0.00e+00
 3.97827e+22	2.08e-17	1.59e-06	4.88e-05	2.95e-04	1.29e-02	1.38e-01	4.63e-01	3.56e-01	2.73e-02	2.26e-03	9.22e-05	1.62e-05	1.27e-06	0.00e+00	0.00e+00
 4.00220e+22	2.75e-17	1.96e-06	5.98e-05	3.57e-04	1.47e-02	1.48e-01	4.68e-01	3.42e-01	2.50e-02	2.02e-03	7.95e-05	1.38e-05	1.03e-06	0.00e+00	0.00e+00
 4.02655e+22	3.41e-17	2.32e-06	7.05e-05	4.17e-04	1.62e-02	1.55e-01	4.71e-01	3.31e-01	2.32e-02	1.83e-03	7.03e-05	1.20e-05	8.71e-07	0.00e+00	0.00e+00
 4.05147e+22	4.53e-17	2.88e-06	8.66e-05	5.04e-04	1.83e-02	1.65e-01	4.75e-01	3.18e-01	2.11e-02	1.63e-03	6.03e-05	1.01e-05	7.05e-07	0.00e+00	0.00e+00
 4.07700e+22	5.77e-17	3.46e-06	1.03e-04	5.94e-04	2.04e-02	1.74e-01	4.78e-01	3.06e-01	1.94e-02	1.47e-03	5.27e-05	8.70e-06	5.84e-07	0.00e+00	0.00e+00
 4.09952e+22	7.19e-17	4.11e-06	1.22e-04	6.94e-04	2.25e-02	1.83e-01	4.80e-01	2.95e-01	1.79e-02	1.33e-03	4.64e-05	7.55e-06	4.90e-07	0.00e+00	0.00e+00
 4.12498e+22	9.61e-17	5.10e-06	1.50e-04	8.40e-04	2.55e-02	1.94e-01	4.81e-01	2.81e-01	1.62e-02	1.17e-03	3.96e-05	6.33e-06	3.93e-07	0.00e+00	0.00e+00
 4.15161e+22	1.24e-16	6.18e-06	1.80e-04	9.96e-04	2.84e-02	2.05e-01	4.82e-01	2.68e-01	1.48e-02	1.05e-03	3.42e-05	5.39e-06	3.22e-07	0.00e+00	0.00e+00
 4.17582e+22	1.58e-16	7.42e-06	2.14e-04	1.17e-03	3.15e-02	2.15e-01	4.81e-01	2.57e-01	1.35e-02	9.39e-04	2.98e-05	4.62e-06	2.66e-07	0.00e+00	0.00e+00
 4.20334e+22	2.16e-16	9.34e-06	2.67e-04	1.44e-03	3.58e-02	2.28e-01	4.80e-01	2.42e-01	1.20e-02	8.18e-04	2.49e-05	3.80e-06	2.09e-07	0.00e+00	0.00e+00
 4.23154e+22	2.83e-16	1.14e-05	3.22e-04	1.71e-03	3.99e-02	2.39e-01	4.78e-01	2.29e-01	1.09e-02	7.24e-04	2.13e-05	3.20e-06	1.69e-07	0.00e+00	0.00e+00
 4.25651e+22	3.63e-16	1.37e-05	3.83e-04	2.01e-03	4.42e-02	2.50e-01	4.75e-01	2.18e-01	9.85e-03	6.45e-04	1.84e-05	2.72e-06	1.38e-07	0.00e+00	0.00e+00
 4.28486e+22	5.02e-16	1.73e-05	4.78e-04	2.47e-03	5.02e-02	2.64e-01	4.70e-01	2.03e-01	8.70e-03	5.57e-04	1.53e-05	2.22e-06	0.00e+00	0.00e+00	0.00e+00
 4.31412e+22	6.71e-16	2.11e-05	5.77e-04	2.95e-03	5.59e-02	2.77e-01	4.65e-01	1.91e-01	7.78e-03	4.88e-04	1.29e-05	1.85e-06	0.00e+00	0.00e+00	0.00e+00
 4.34032e+22	8.77e-16	2.55e-05	6.91e-04	3.48e-03	6.19e-02	2.88e-01	4.59e-01	1.80e-01	6.98e-03	4.31e-04	1.10e-05	1.55e-06	0.00e+00	0.00e+00	0.00e+00
 4.37015e+22	1.24e-15	3.25e-05	8.66e-04	4.29e-03	7.02e-02	3.03e-01	4.50e-01	1.66e-01	6.07e-03	3.67e-04	8.99e-06	1.24e-06	0.00e+00	0.00e+00	0.00e+00
 4.40031e+22	1.69e-15	3.96e-05	1.04e-03	5.10e-03	7.79e-02	3.15e-01	4.41e-01	1.54e-01	5.38e-03	3.19e-04	7.53e-06	1.02e-06	0.00e+00	0.00e+00	0.00e+00
 4.42670e+22	2.21e-15	4.79e-05	1.24e-03	5.99e-03	8.58e-02	3.26e-01	4.32e-01	1.44e-01	4.79e-03	2.79e-04	6.38e-06	8.54e-07	0.00e+00	0.00e+00	0.00e+00
 4.45682e+22	3.22e-15	6.08e-05	1.55e-03	7.34e-03	9.66e-02	3.39e-01	4.19e-01	1.32e-01	4.13e-03	2.36e-04	5.15e-06	6.77e-07	0.00e+00	0.00e+00	0.00e+00
 4.48766e+22	4.59e-15	7.43e-05	1.86e-03	8.71e-03	1.07e-01	3.50e-01	4.08e-01	1.21e-01	3.62e-03	2.03e-04	4.27e-06	5.52e-07	0.00e+00	0.00e+00	0.00e+00
 4.51511e+22	6.22e-15	9.01e-05	2.22e-03	1.02e-02	1.17e-01	3.60e-01	3.95e-01	1.12e-01	3.18e-03	1.76e-04	3.56e-06	4.54e-07	0.00e+00	0.00e+00	0.00e+00
 4.54649e+22	9.25e-15	1.15e-04	2.77e-03	1.25e-02	1.31e-01	3.72e-01	3.79e-01	1.00e-01	2.69e-03	1.46e-04	2.82e-06	3.52e-07	0.00e+00	0.00e+00	0.00e+00
 4.57857e+22	1.41e-14	1.41e-04	3.33e-03	1.48e-02	1.44e-01	3.80e-01	3.64e-01	9.10e-02	2.32e-03	1.23e-04	2.30e-06	2.83e-07	0.00e+00	0.00e+00	0.00e+00
 4.60694e+22	1.99e-14	1.70e-04	3.95e-03	1.74e-02	1.57e-01	3.88e-01	3.49e-01	8.28e-02	2.01e-03	1.05e-04	1.89e-06	2.29e-07	0.00e+00	0.00e+00	0.00e+00
 4.63466e+22	2.80e-14	2.05e-04	4.67e-03	2.02e-02	1.71e-01	3.94e-01	3.33e-01	7.51e-02	1.74e-03	8.99e-05	1.55e-06	1.85e-07	0.00e+00	0.00e+00	0.00e+00
 4.66618e+22	4.39e-14	2.59e-04	5.74e-03	2.44e-02	1.89e-01	3.99e-01	3.14e-01	6.62e-02	1.45e-03	7.35e-05	1.21e-06	1.42e-07	0.00e+00	0.00e+00	0.00e+00
 4.69804e+22	7.84e-14	3.14e-04	6.78e-03	2.84e-02	2.04e-01	4.03e-01	2.97e-01	5.93e-02	1.24e-03	6.17e-05	9.78e-07	0.00e+00	0.00e+00	0.00e+00	0.00e+00
 4.72574e+22	1.16e-13	3.76e-04	7.92e-03	3.28e-02	2.20e-01	4.04e-01	2.81e-01	5.32e-02	1.06e-03	5.21e-05	7.97e-07	0.00e+00	0.00e+00	0.00e+00	0.00e+00
 4.75712e+22	1.98e-13	4.70e-04	9.62e-03	3.90e-02	2.39e-01	4.05e-01	2.60e-01	4.62e-02	8.71e-04	4.20e-05	6.13e-07	0.00e+00	0.00e+00	0.00e+00	0.00e+00
 4.78807e+22	3.47e-13	5.59e-04	1.11e-02	4.45e-02	2.55e-01	4.03e-01	2.44e-01	4.11e-02	7.42e-04	3.52e-05	4.96e-07	0.00e+00	0.00e+00	0.00e+00	0.00e+00
 4.81445e+22	5.78e-13	6.60e-04	1.28e-02	5.05e-02	2.70e-01	4.00e-01	2.28e-01	3.66e-02	6.32e-04	2.96e-05	4.02e-07	0.00e+00	0.00e+00	0.00e+00	0.00e+00
 4.84472e+22	1.29e-12	8.11e-04	1.53e-02	5.89e-02	2.90e-01	3.95e-01	2.09e-01	3.14e-02	5.16e-04	2.38e-05	3.08e-07	0.00e+00	0.00e+00	0.00e+00	0.00e+00
 4.87567e+22	3.05e-12	9.62e-04	1.76e-02	6.67e-02	3.06e-01	3.88e-01	1.93e-01	2.75e-02	4.32e-04	1.96e-05	2.45e-07	0.00e+00	0.00e+00	0.00e+00	0.00e+00
 4.90039e+22	7.31e-12	1.10e-03	1.96e-02	7.33e-02	3.18e-01	3.82e-01	1.81e-01	2.47e-02	3.75e-04	1.68e-05	2.04e-07	0.00e+00	0.00e+00	0.00e+00	0.00e+00
 4.92545e+22	2.06e-11	1.30e-03	2.24e-02	8.24e-02	3.33e-01	3.73e-01	1.66e-01	2.15e-02	3.13e-04	1.38e-05	1.61e-07	0.00e+00	0.00e+00	0.00e+00	0.00e+00
 4.95094e+22	5.19e-11	1.48e-03	2.49e-02	9.04e-02	3.45e-01	3.65e-01	1.54e-01	1.91e-02	2.68e-04	1.17e-05	1.33e-07	0.00e+00	0.00e+00	0.00e+00	0.00e+00
 4.97701e+22	2.14e-10	1.75e-03	2.84e-02	1.01e-01	3.59e-01	3.54e-01	1.40e-01	1.64e-02	2.21e-04	9.48e-06	0.00e+00	0.00e+00	0.00e+00	0.00e+00	0.00e+00
 5.00336e+22	6.80e-10	2.00e-03	3.15e-02	1.11e-01	3.70e-01	3.43e-01	1.29e-01	1.44e-02	1.88e-04	7.94e-06	0.00e+00	0.00e+00	0.00e+00	0.00e+00	0.00e+00
 5.02655e+22	3.55e-09	2.27e-03	3.48e-02	1.20e-01	3.79e-01	3.32e-01	1.18e-01	1.27e-02	1.59e-04	6.66e-06	0.00e+00	0.00e+00	0.00e+00	0.00e+00	0.00e+00
 5.05316e+22	8.30e-09	2.66e-03	3.94e-02	1.34e-01	3.91e-01	3.17e-01	1.05e-01	1.07e-02	1.29e-04	5.29e-06	0.00e+00	0.00e+00	0.00e+00	0.00e+00	0.00e+00
 5.08000e+22	1.32e-08	3.02e-03	4.33e-02	1.44e-01	3.99e-01	3.05e-01	9.60e-02	9.31e-03	1.08e-04	4.39e-06	0.00e+00	0.00e+00	0.00e+00	0.00e+00	0.00e+00
 5.10711e+22	1.77e-08	3.55e-03	4.88e-02	1.59e-01	4.07e-01	2.89e-01	8.46e-02	7.74e-03	8.64e-05	3.44e-06	0.00e+00	0.00e+00	0.00e+00	0.00e+00	0.00e+00
 5.13438e+22	2.25e-08	4.01e-03	5.34e-02	1.71e-01	4.13e-01	2.75e-01	7.65e-02	6.68e-03	7.22e-05	2.83e-06	0.00e+00	0.00e+00	0.00e+00	0.00e+00	0.00e+00
 5.16187e+22	2.96e-08	4.68e-03	5.97e-02	1.87e-01	4.18e-01	2.58e-01	6.68e-02	5.51e-03	5.71e-05	2.20e-06	0.00e+00	0.00e+00	0.00e+00	0.00e+00	0.00e+00
 5.18990e+22	3.78e-08	5.29e-03	6.52e-02	2.01e-01	4.21e-01	2.44e-01	5.96e-02	4.69e-03	4.70e-05	1.78e-06	0.00e+00	0.00e+00	0.00e+00	0.00e+00	0.00e+00
 5.21865e+22	4.99e-08	6.17e-03	7.25e-02	2.18e-01	4.23e-01	2.26e-01	5.12e-02	3.79e-03	3.64e-05	1.35e-06	0.00e+00	0.00e+00	0.00e+00	0.00e+00	0.00e+00
 5.24775e+22	6.37e-08	6.97e-03	7.89e-02	2.32e-01	4.22e-01	2.11e-01	4.52e-02	3.19e-03	2.96e-05	1.08e-06	0.00e+00	0.00e+00	0.00e+00	0.00e+00	0.00e+00
 5.27729e+22	8.44e-08	8.12e-03	8.73e-02	2.51e-01	4.20e-01	1.93e-01	3.83e-02	2.54e-03	2.26e-05	8.04e-07	0.00e+00	0.00e+00	0.00e+00	0.00e+00	0.00e+00
 5.30711e+22	1.08e-07	9.14e-03	9.45e-02	2.65e-01	4.17e-01	1.79e-01	3.35e-02	2.11e-03	1.82e-05	6.35e-07	0.00e+00	0.00e+00	0.00e+00	0.00e+00	0.00e+00
 5.33728e+22	1.40e-07	1.06e-02	1.04e-01	2.83e-01	4.11e-01	1.62e-01	2.81e-02	1.67e-03	1.38e-05	4.71e-07	0.00e+00	0.00e+00	0.00e+00	0.00e+00	0.00e+00
 5.36840e+22	1.81e-07	1.20e-02	1.12e-01	2.98e-01	4.04e-01	1.48e-01	2.40e-02	1.35e-03	1.08e-05	3.61e-07	0.00e+00	0.00e+00	0.00e+00	0.00e+00	0.00e+00
 5.40078e+22	2.49e-07	1.39e-02	1.23e-01	3.17e-01	3.93e-01	1.32e-01	1.96e-02	1.03e-03	7.92e-06	2.57e-07	0.00e+00	0.00e+00	0.00e+00	0.00e+00	0.00e+00
 5.43351e+22	3.23e-07	1.57e-02	1.32e-01	3.31e-01	3.84e-01	1.19e-01	1.66e-02	8.28e-04	6.13e-06	1.95e-07	0.00e+00	0.00e+00	0.00e+00	0.00e+00	0.00e+00
 5.45911e+22	3.96e-07	1.72e-02	1.39e-01	3.42e-01	3.76e-01	1.10e-01	1.46e-02	6.98e-04	5.03e-06	1.57e-07	0.00e+00	0.00e+00	0.00e+00	0.00e+00	0.00e+00
 5.48478e+22	5.05e-07	1.92e-02	1.49e-01	3.55e-01	3.64e-01	9.96e-02	1.23e-02	5.60e-04	3.91e-06	0.00e+00	0.00e+00	0.00e+00	0.00e+00	0.00e+00	0.00e+00
 5.51078e+22	6.17e-07	2.09e-02	1.56e-01	3.65e-01	3.55e-01	9.16e-02	1.08e-02	4.69e-04	3.19e-06	0.00e+00	0.00e+00	0.00e+00	0.00e+00	0.00e+00	0.00e+00
 5.53720e+22	7.92e-07	2.34e-02	1.66e-01	3.77e-01	3.42e-01	8.18e-02	9.00e-03	3.71e-04	2.45e-06	0.00e+00	0.00e+00	0.00e+00	0.00e+00	0.00e+00	0.00e+00
 5.56391e+22	9.86e-07	2.55e-02	1.74e-01	3.86e-01	3.32e-01	7.48e-02	7.80e-03	3.08e-04	1.98e-06	0.00e+00	0.00e+00	0.00e+00	0.00e+00	0.00e+00	0.00e+00
 5.59099e+22	1.28e-06	2.85e-02	1.84e-01	3.97e-01	3.17e-01	6.63e-02	6.44e-03	2.41e-04	1.50e-06	0.00e+00	0.00e+00	0.00e+00	0.00e+00	0.00e+00	0.00e+00
 5.61838e+22	1.61e-06	3.10e-02	1.93e-01	4.04e-01	3.06e-01	6.02e-02	5.54e-03	1.99e-04	1.21e-06	0.00e+00	0.00e+00	0.00e+00	0.00e+00	0.00e+00	0.00e+00
 5.64617e+22	2.08e-06	3.45e-02	2.03e-01	4.13e-01	2.91e-01	5.30e-02	4.55e-03	1.55e-04	9.14e-07	0.00e+00	0.00e+00	0.00e+00	0.00e+00	0.00e+00	0.00e+00
 5.67465e+22	2.66e-06	3.77e-02	2.12e-01	4.19e-01	2.79e-01	4.76e-02	3.86e-03	1.26e-04	7.22e-07	0.00e+00	0.00e+00	0.00e+00	0.00e+00	0.00e+00	0.00e+00
 5.70404e+22	3.65e-06	4.21e-02	2.23e-01	4.27e-01	2.63e-01	4.13e-02	3.11e-03	9.56e-05	5.31e-07	0.00e+00	0.00e+00	0.00e+00	0.00e+00	0.00e+00	0.00e+00
 5.73354e+22	4.65e-06	4.58e-02	2.32e-01	4.31e-01	2.51e-01	3.70e-02	2.63e-03	7.73e-05	4.18e-07	0.00e+00	0.00e+00	0.00e+00	0.00e+00	0.00e+00	0.00e+00
 5.76322e+22	6.25e-06	5.09e-02	2.43e-01	4.36e-01	2.36e-01	3.19e-02	2.11e-03	5.87e-05	3.08e-07	0.00e+00	0.00e+00	0.00e+00	0.00e+00	0.00e+00	0.00e+00
 5.79194e+22	8.30e-06	5.49e-02	2.51e-01	4.38e-01	2.25e-01	2.88e-02	1.80e-03	4.82e-05	2.46e-07	0.00e+00	0.00e+00	0.00e+00	0.00e+00	0.00e+00	0.00e+00
 5.81219e+22	1.00e-05	5.78e-02	2.56e-01	4.40e-01	2.18e-01	2.67e-02	1.62e-03	4.21e-05	2.12e-07	0.00e+00	0.00e+00	0.00e+00	0.00e+00	0.00e+00	0.00e+00
 5.83128e+22	1.24e-05	6.16e-02	2.63e-01	4.41e-01	2.09e-01	2.42e-02	1.40e-03	3.52e-05	1.73e-07	0.00e+00	0.00e+00	0.00e+00	0.00e+00	0.00e+00	0.00e+00
 5.85611e+22	1.56e-05	6.68e-02	2.72e-01	4.42e-01	1.97e-01	2.14e-02	1.16e-03	2.79e-05	1.35e-07	0.00e+00	0.00e+00	0.00e+00	0.00e+00	0.00e+00	0.00e+00
 5.88361e+22	2.11e-05	7.24e-02	2.81e-01	4.42e-01	1.85e-01	1.88e-02	9.66e-04	2.23e-05	0.00e+00	0.00e+00	0.00e+00	0.00e+00	0.00e+00	0.00e+00	0.00e+00
 5.90600e+22	2.66e-05	7.61e-02	2.86e-01	4.41e-01	1.78e-01	1.74e-02	8.59e-04	1.92e-05	0.00e+00	0.00e+00	0.00e+00	0.00e+00	0.00e+00	0.00e+00	0.00e+00
 5.92303e+22	3.26e-05	7.97e-02	2.91e-01	4.40e-01	1.72e-01	1.61e-02	7.71e-04	1.68e-05	0.00e+00	0.00e+00	0.00e+00	0.00e+00	0.00e+00	0.00e+00	0.00e+00
 5.94173e+22	3.88e-05	8.48e-02	2.97e-01	4.39e-01	1.64e-01	1.46e-02	6.64e-04	1.40e-05	0.00e+00	0.00e+00	0.00e+00	0.00e+00	0.00e+00	0.00e+00	0.00e+00
 5.96604e+22	5.14e-05	9.18e-02	3.05e-01	4.37e-01	1.53e-01	1.27e-02	5.47e-04	1.11e-05	0.00e+00	0.00e+00	0.00e+00	0.00e+00	0.00e+00	0.00e+00	0.00e+00
 5.99041e+22	6.50e-05	9.70e-02	3.11e-01	4.34e-01	1.46e-01	1.15e-02	4.75e-04	9.30e-06	0.00e+00	0.00e+00	0.00e+00	0.00e+00	0.00e+00	0.00e+00	0.00e+00
 6.01088e+22	7.81e-05	1.02e-01	3.16e-01	4.31e-01	1.39e-01	1.05e-02	4.13e-04	7.86e-06	0.00e+00	0.00e+00	0.00e+00	0.00e+00	0.00e+00	0.00e+00	0.00e+00
 6.03351e+22	9.70e-05	1.10e-01	3.23e-01	4.27e-01	1.30e-01	9.22e-03	3.45e-04	6.31e-06	0.00e+00	0.00e+00	0.00e+00	0.00e+00	0.00e+00	0.00e+00	0.00e+00
 6.06292e+22	1.29e-04	1.20e-01	3.31e-01	4.21e-01	1.20e-01	7.79e-03	2.72e-04	4.73e-06	0.00e+00	0.00e+00	0.00e+00	0.00e+00	0.00e+00	0.00e+00	0.00e+00
 6.09249e+22	1.59e-04	1.28e-01	3.37e-01	4.16e-01	1.12e-01	6.87e-03	2.27e-04	3.81e-06	0.00e+00	0.00e+00	0.00e+00	0.00e+00	0.00e+00	0.00e+00	0.00e+00
 6.12224e+22	1.98e-04	1.39e-01	3.44e-01	4.08e-01	1.02e-01	5.77e-03	1.78e-04	2.84e-06	0.00e+00	0.00e+00	0.00e+00	0.00e+00	0.00e+00	0.00e+00	0.00e+00
 6.16092e+22	2.70e-04	1.57e-01	3.53e-01	3.95e-01	8.99e-02	4.53e-03	1.27e-04	1.90e-06	0.00e+00	0.00e+00	0.00e+00	0.00e+00	0.00e+00	0.00e+00	0.00e+00
 6.19851e+22	3.17e-04	1.68e-01	3.58e-01	3.87e-01	8.27e-02	3.88e-03	1.03e-04	1.46e-06	0.00e+00	0.00e+00	0.00e+00	0.00e+00	0.00e+00	0.00e+00	0.00e+00
 6.23468e+22	3.91e-04	1.86e-01	3.64e-01	3.73e-01	7.30e-02	3.09e-03	7.53e-05	1.01e-06	0.00e+00	0.00e+00	0.00e+00	0.00e+00	0.00e+00	0.00e+00	0.00e+00
 6.27191e+22	4.59e-04	2.02e-01	3.67e-01	3.62e-01	6.59e-02	2.57e-03	5.85e-05	7.48e-07	0.00e+00	0.00e+00	0.00e+00	0.00e+00	0.00e+00	0.00e+00	0.00e+00
 6.31049e+22	5.56e-04	2.24e-01	3.71e-01	3.46e-01	5.72e-02	2.00e-03	4.15e-05	4.97e-07	0.00e+00	0.00e+00	0.00e+00	0.00e+00	0.00e+00	0.00e+00	0.00e+00
 6.34922e+22	6.39e-04	2.42e-01	3.72e-01	3.33e-01	5.11e-02	1.65e-03	3.19e-05	3.64e-07	0.00e+00	0.00e+00	0.00e+00	0.00e+00	0.00e+00	0.00e+00	0.00e+00
 6.38812e+22	7.55e-04	2.68e-01	3.72e-01	3.15e-01	4.37e-02	1.26e-03	2.22e-05	2.37e-07	0.00e+00	0.00e+00	0.00e+00	0.00e+00	0.00e+00	0.00e+00	0.00e+00
 6.42730e+22	8.58e-04	2.90e-01	3.70e-01	3.00e-01	3.84e-02	1.01e-03	1.66e-05	1.68e-07	0.00e+00	0.00e+00	0.00e+00	0.00e+00	0.00e+00	0.00e+00	0.00e+00
 6.45722e+22	9.29e-04	3.06e-01	3.68e-01	2.90e-01	3.49e-02	8.62e-04	1.35e-05	1.31e-07	0.00e+00	0.00e+00	0.00e+00	0.00e+00	0.00e+00	0.00e+00	0.00e+00
 6.48646e+22	1.05e-03	3.30e-01	3.63e-01	2.75e-01	3.03e-02	6.83e-04	9.91e-06	0.00e+00	0.00e+00	0.00e+00	0.00e+00	0.00e+00	0.00e+00	0.00e+00	0.00e+00
 6.51547e+22	1.13e-03	3.50e-01	3.58e-01	2.63e-01	2.72e-02	5.73e-04	7.86e-06	0.00e+00	0.00e+00	0.00e+00	0.00e+00	0.00e+00	0.00e+00	0.00e+00	0.00e+00
 6.54421e+22	1.25e-03	3.76e-01	3.51e-01	2.48e-01	2.34e-02	4.51e-04	5.74e-06	0.00e+00	0.00e+00	0.00e+00	0.00e+00	0.00e+00	0.00e+00	0.00e+00	0.00e+00
