#depth	Ne	Ne+	Ne+2	Ne+3	Ne+4	Ne+5	Ne+6	Ne+7	Ne+8	Ne+9	Ne+10
 4.62852e+21	3.29e-32	1.80e-26	1.23e-21	1.37e-17	3.73e-14	2.85e-11	1.01e-08	2.31e-06	1.33e-03	6.89e-02	9.30e-01
 1.02081e+22	1.47e-29	4.19e-24	1.46e-19	8.37e-16	1.19e-12	4.62e-10	7.86e-08	9.09e-06	3.45e-03	1.10e-01	8.86e-01
 1.16199e+22	1.93e-28	4.23e-23	1.12e-18	4.91e-15	5.37e-12	1.58e-09	1.99e-07	1.74e-05	5.23e-03	1.34e-01	8.61e-01
 1.23111e+22	6.83e-28	1.31e-22	3.04e-18	1.17e-14	1.13e-11	2.89e-09	3.16e-07	2.39e-05	6.41e-03	1.47e-01	8.46e-01
 1.26078e+22	9.82e-28	1.82e-22	4.05e-18	1.50e-14	1.39e-11	3.45e-09	3.60e-07	2.63e-05	6.80e-03	1.51e-01	8.42e-01
 1.27602e+22	1.57e-27	2.77e-22	5.87e-18	2.08e-14	1.84e-11	4.32e-09	4.28e-07	2.96e-05	7.33e-03	1.56e-01	8.36e-01
 1.29220e+22	2.38e-27	4.04e-22	8.18e-18	2.77e-14	2.35e-11	5.28e-09	4.98e-07	3.29e-05	7.84e-03	1.61e-01	8.31e-01
 1.30677e+22	3.50e-27	5.71e-22	1.11e-17	3.61e-14	2.94e-11	6.35e-09	5.73e-07	3.63e-05	8.33e-03	1.66e-01	8.26e-01
 1.32290e+22	5.81e-27	9.00e-22	1.66e-17	5.12e-14	3.96e-11	8.10e-09	6.89e-07	4.13e-05	9.03e-03	1.72e-01	8.19e-01
 1.33901e+22	8.57e-27	1.28e-21	2.26e-17	6.69e-14	4.98e-11	9.76e-09	7.94e-07	4.56e-05	9.60e-03	1.76e-01	8.14e-01
 1.35209e+22	1.20e-26	1.73e-21	2.96e-17	8.45e-14	6.07e-11	1.15e-08	8.98e-07	4.97e-05	1.01e-02	1.81e-01	8.09e-01
 1.36610e+22	1.89e-26	2.60e-21	4.24e-17	1.15e-13	7.92e-11	1.43e-08	1.06e-06	5.57e-05	1.09e-02	1.86e-01	8.03e-01
 1.37903e+22	2.52e-26	3.37e-21	5.31e-17	1.41e-13	9.36e-11	1.63e-08	1.17e-06	5.99e-05	1.14e-02	1.90e-01	7.99e-01
 1.39057e+22	3.74e-26	4.80e-21	7.26e-17	1.84e-13	1.18e-10	1.97e-08	1.35e-06	6.61e-05	1.21e-02	1.95e-01	7.93e-01
 1.40210e+22	4.92e-26	6.15e-21	9.03e-17	2.23e-13	1.38e-10	2.25e-08	1.49e-06	7.08e-05	1.26e-02	1.99e-01	7.89e-01
 1.41361e+22	7.22e-26	8.68e-21	1.22e-16	2.90e-13	1.73e-10	2.70e-08	1.71e-06	7.79e-05	1.34e-02	2.04e-01	7.83e-01
 1.42492e+22	9.60e-26	1.12e-20	1.53e-16	3.52e-13	2.04e-10	3.09e-08	1.90e-06	8.37e-05	1.40e-02	2.08e-01	7.78e-01
 1.43597e+22	1.42e-25	1.60e-20	2.09e-16	4.61e-13	2.57e-10	3.72e-08	2.18e-06	9.22e-05	1.48e-02	2.13e-01	7.72e-01
 1.44649e+22	1.83e-25	2.00e-20	2.55e-16	5.47e-13	2.97e-10	4.19e-08	2.39e-06	9.81e-05	1.54e-02	2.16e-01	7.68e-01
 1.45635e+22	2.57e-25	2.72e-20	3.34e-16	6.92e-13	3.62e-10	4.92e-08	2.70e-06	1.07e-04	1.62e-02	2.21e-01	7.62e-01
 1.46643e+22	3.41e-25	3.51e-20	4.17e-16	8.38e-13	4.26e-10	5.62e-08	2.98e-06	1.14e-04	1.69e-02	2.25e-01	7.58e-01
 1.47679e+22	5.02e-25	4.96e-20	5.66e-16	1.09e-12	5.33e-10	6.74e-08	3.41e-06	1.26e-04	1.79e-02	2.31e-01	7.51e-01
 1.48698e+22	6.54e-25	6.29e-20	6.98e-16	1.31e-12	6.21e-10	7.63e-08	3.75e-06	1.34e-04	1.87e-02	2.35e-01	7.47e-01
 1.49550e+22	8.62e-25	8.06e-20	8.67e-16	1.58e-12	7.28e-10	8.68e-08	4.13e-06	1.43e-04	1.94e-02	2.39e-01	7.42e-01
 1.50373e+22	1.11e-24	1.01e-19	1.06e-15	1.88e-12	8.43e-10	9.79e-08	4.52e-06	1.53e-04	2.02e-02	2.42e-01	7.37e-01
 1.51300e+22	1.62e-24	1.42e-19	1.43e-15	2.42e-12	1.05e-09	1.16e-07	5.16e-06	1.67e-04	2.13e-02	2.48e-01	7.31e-01
 1.52198e+22	2.06e-24	1.77e-19	1.72e-15	2.85e-12	1.20e-09	1.30e-07	5.61e-06	1.77e-04	2.21e-02	2.51e-01	7.26e-01
 1.53059e+22	2.94e-24	2.43e-19	2.28e-15	3.62e-12	1.47e-09	1.54e-07	6.34e-06	1.93e-04	2.32e-02	2.57e-01	7.20e-01
 1.53927e+22	3.77e-24	3.03e-19	2.77e-15	4.28e-12	1.69e-09	1.72e-07	6.92e-06	2.04e-04	2.41e-02	2.60e-01	7.15e-01
 1.54807e+22	5.49e-24	4.26e-19	3.72e-15	5.52e-12	2.10e-09	2.05e-07	7.88e-06	2.23e-04	2.54e-02	2.66e-01	7.08e-01
 1.55683e+22	7.13e-24	5.37e-19	4.56e-15	6.58e-12	2.43e-09	2.31e-07	8.62e-06	2.38e-04	2.64e-02	2.70e-01	7.03e-01
 1.56557e+22	1.03e-23	7.47e-19	6.08e-15	8.42e-12	3.00e-09	2.74e-07	9.79e-06	2.59e-04	2.78e-02	2.76e-01	6.96e-01
 1.57449e+22	1.39e-23	9.79e-19	7.70e-15	1.03e-11	3.55e-09	3.14e-07	1.09e-05	2.78e-04	2.91e-02	2.80e-01	6.90e-01
 1.58230e+22	1.86e-23	1.27e-18	9.68e-15	1.25e-11	4.19e-09	3.59e-07	1.20e-05	2.98e-04	3.03e-02	2.85e-01	6.84e-01
 1.59108e+22	2.75e-23	1.80e-18	1.31e-14	1.63e-11	5.21e-09	4.29e-07	1.37e-05	3.27e-04	3.20e-02	2.91e-01	6.77e-01
 1.59982e+22	3.70e-23	2.35e-18	1.65e-14	1.98e-11	6.16e-09	4.91e-07	1.52e-05	3.50e-04	3.34e-02	2.96e-01	6.70e-01
 1.60853e+22	5.51e-23	3.36e-18	2.26e-14	2.59e-11	7.70e-09	5.89e-07	1.74e-05	3.85e-04	3.53e-02	3.02e-01	6.62e-01
 1.61695e+22	7.30e-23	4.33e-18	2.81e-14	3.12e-11	9.02e-09	6.69e-07	1.92e-05	4.11e-04	3.67e-02	3.07e-01	6.56e-01
 1.62500e+22	1.07e-22	6.08e-18	3.78e-14	4.02e-11	1.12e-08	7.96e-07	2.18e-05	4.49e-04	3.87e-02	3.13e-01	6.48e-01
 1.63307e+22	1.43e-22	7.91e-18	4.75e-14	4.88e-11	1.31e-08	9.10e-07	2.42e-05	4.81e-04	4.03e-02	3.18e-01	6.41e-01
 1.64119e+22	2.12e-22	1.12e-17	6.43e-14	6.33e-11	1.63e-08	1.09e-06	2.76e-05	5.27e-04	4.26e-02	3.24e-01	6.33e-01
 1.64936e+22	2.83e-22	1.46e-17	8.07e-14	7.68e-11	1.92e-08	1.24e-06	3.06e-05	5.65e-04	4.44e-02	3.29e-01	6.26e-01
 1.65761e+22	4.15e-22	2.05e-17	1.09e-13	9.90e-11	2.38e-08	1.48e-06	3.49e-05	6.19e-04	4.68e-02	3.35e-01	6.17e-01
 1.66609e+22	5.67e-22	2.71e-17	1.39e-13	1.22e-10	2.84e-08	1.71e-06	3.89e-05	6.66e-04	4.89e-02	3.41e-01	6.10e-01
 1.67364e+22	7.68e-22	3.56e-17	1.75e-13	1.49e-10	3.36e-08	1.96e-06	4.33e-05	7.16e-04	5.11e-02	3.46e-01	6.02e-01
 1.68199e+22	1.13e-21	5.01e-17	2.36e-13	1.92e-10	4.16e-08	2.34e-06	4.95e-05	7.85e-04	5.39e-02	3.52e-01	5.93e-01
 1.69039e+22	1.51e-21	6.53e-17	2.97e-13	2.33e-10	4.91e-08	2.68e-06	5.50e-05	8.43e-04	5.63e-02	3.57e-01	5.85e-01
 1.69892e+22	2.21e-21	9.17e-17	3.99e-13	3.00e-10	6.08e-08	3.20e-06	6.29e-05	9.24e-04	5.94e-02	3.64e-01	5.76e-01
 1.70761e+22	3.01e-21	1.21e-16	5.07e-13	3.68e-10	7.23e-08	3.69e-06	7.02e-05	9.97e-04	6.21e-02	3.69e-01	5.68e-01
 1.71618e+22	4.30e-21	1.66e-16	6.69e-13	4.66e-10	8.83e-08	4.36e-06	7.98e-05	1.09e-03	6.53e-02	3.76e-01	5.58e-01
 1.72491e+22	5.86e-21	2.19e-16	8.52e-13	5.72e-10	1.05e-07	5.04e-06	8.93e-05	1.17e-03	6.83e-02	3.81e-01	5.49e-01
 1.73369e+22	8.27e-21	2.98e-16	1.11e-12	7.19e-10	1.28e-07	5.93e-06	1.01e-04	1.28e-03	7.18e-02	3.87e-01	5.40e-01
 1.74240e+22	1.11e-20	3.87e-16	1.40e-12	8.73e-10	1.51e-07	6.81e-06	1.13e-04	1.38e-03	7.49e-02	3.92e-01	5.32e-01
 1.75125e+22	1.55e-20	5.23e-16	1.82e-12	1.09e-09	1.83e-07	8.00e-06	1.28e-04	1.50e-03	7.87e-02	3.98e-01	5.22e-01
 1.76040e+22	2.08e-20	6.82e-16	2.29e-12	1.33e-09	2.16e-07	9.22e-06	1.43e-04	1.62e-03	8.22e-02	4.03e-01	5.13e-01
 1.76976e+22	2.89e-20	9.17e-16	2.96e-12	1.66e-09	2.62e-07	1.08e-05	1.62e-04	1.76e-03	8.64e-02	4.09e-01	5.03e-01
 1.77925e+22	3.84e-20	1.18e-15	3.71e-12	2.01e-09	3.09e-07	1.24e-05	1.80e-04	1.89e-03	9.01e-02	4.14e-01	4.94e-01
 1.78901e+22	5.32e-20	1.59e-15	4.79e-12	2.50e-09	3.73e-07	1.46e-05	2.04e-04	2.06e-03	9.46e-02	4.19e-01	4.84e-01
 1.79906e+22	7.05e-20	2.04e-15	5.98e-12	3.03e-09	4.40e-07	1.68e-05	2.27e-04	2.22e-03	9.87e-02	4.24e-01	4.75e-01
 1.80948e+22	9.78e-20	2.74e-15	7.74e-12	3.78e-09	5.32e-07	1.97e-05	2.58e-04	2.42e-03	1.04e-01	4.30e-01	4.64e-01
 1.82020e+22	1.29e-19	3.53e-15	9.65e-12	4.57e-09	6.28e-07	2.26e-05	2.88e-04	2.61e-03	1.08e-01	4.34e-01	4.55e-01
 1.83133e+22	1.79e-19	4.72e-15	1.25e-11	5.70e-09	7.60e-07	2.66e-05	3.28e-04	2.85e-03	1.14e-01	4.40e-01	4.44e-01
 1.84276e+22	2.34e-19	6.03e-15	1.55e-11	6.87e-09	8.93e-07	3.05e-05	3.65e-04	3.07e-03	1.18e-01	4.44e-01	4.34e-01
 1.85486e+22	3.27e-19	8.15e-15	2.02e-11	8.64e-09	1.09e-06	3.62e-05	4.17e-04	3.36e-03	1.25e-01	4.49e-01	4.23e-01
 1.86708e+22	4.24e-19	1.03e-14	2.48e-11	1.03e-08	1.27e-06	4.13e-05	4.63e-04	3.61e-03	1.30e-01	4.53e-01	4.13e-01
 1.87956e+22	5.87e-19	1.38e-14	3.22e-11	1.29e-08	1.55e-06	4.88e-05	5.28e-04	3.95e-03	1.36e-01	4.57e-01	4.02e-01
 1.89232e+22	7.58e-19	1.74e-14	3.95e-11	1.55e-08	1.81e-06	5.57e-05	5.86e-04	4.24e-03	1.42e-01	4.61e-01	3.93e-01
 1.90337e+22	9.57e-19	2.15e-14	4.77e-11	1.82e-08	2.08e-06	6.28e-05	6.45e-04	4.53e-03	1.47e-01	4.64e-01	3.84e-01
 1.91563e+22	1.28e-18	2.81e-14	6.04e-11	2.23e-08	2.49e-06	7.31e-05	7.27e-04	4.91e-03	1.54e-01	4.67e-01	3.73e-01
 1.92806e+22	1.61e-18	3.46e-14	7.25e-11	2.62e-08	2.87e-06	8.23e-05	7.99e-04	5.24e-03	1.59e-01	4.70e-01	3.65e-01
 1.94071e+22	2.15e-18	4.50e-14	9.17e-11	3.21e-08	3.42e-06	9.58e-05	9.01e-04	5.68e-03	1.66e-01	4.73e-01	3.54e-01
 1.95353e+22	2.69e-18	5.50e-14	1.10e-10	3.74e-08	3.92e-06	1.08e-04	9.87e-04	6.05e-03	1.72e-01	4.75e-01	3.46e-01
 1.96658e+22	3.57e-18	7.13e-14	1.38e-10	4.58e-08	4.68e-06	1.25e-04	1.11e-03	6.56e-03	1.79e-01	4.78e-01	3.35e-01
 1.97941e+22	4.37e-18	8.57e-14	1.63e-10	5.28e-08	5.30e-06	1.39e-04	1.21e-03	6.94e-03	1.85e-01	4.80e-01	3.27e-01
 1.99195e+22	5.70e-18	1.09e-13	2.02e-10	6.38e-08	6.26e-06	1.60e-04	1.35e-03	7.50e-03	1.92e-01	4.82e-01	3.17e-01
 2.00465e+22	6.90e-18	1.30e-13	2.36e-10	7.30e-08	7.04e-06	1.77e-04	1.46e-03	7.91e-03	1.98e-01	4.83e-01	3.10e-01
 2.01755e+22	8.96e-18	1.65e-13	2.92e-10	8.79e-08	8.28e-06	2.03e-04	1.63e-03	8.52e-03	2.06e-01	4.84e-01	3.00e-01
 2.03070e+22	1.09e-17	1.98e-13	3.43e-10	1.01e-07	9.37e-06	2.26e-04	1.77e-03	9.01e-03	2.12e-01	4.85e-01	2.93e-01
 2.04417e+22	1.42e-17	2.50e-13	4.25e-10	1.22e-07	1.10e-05	2.59e-04	1.98e-03	9.70e-03	2.20e-01	4.86e-01	2.83e-01
 2.05786e+22	1.72e-17	3.00e-13	4.99e-10	1.40e-07	1.25e-05	2.88e-04	2.15e-03	1.03e-02	2.26e-01	4.86e-01	2.75e-01
 2.07185e+22	2.23e-17	3.80e-13	6.17e-10	1.69e-07	1.47e-05	3.31e-04	2.40e-03	1.10e-02	2.35e-01	4.86e-01	2.65e-01
 2.08610e+22	2.72e-17	4.55e-13	7.26e-10	1.94e-07	1.66e-05	3.67e-04	2.60e-03	1.17e-02	2.41e-01	4.86e-01	2.58e-01
 2.09857e+22	3.29e-17	5.42e-13	8.49e-10	2.23e-07	1.87e-05	4.06e-04	2.82e-03	1.23e-02	2.48e-01	4.85e-01	2.51e-01
 2.11266e+22	4.20e-17	6.79e-13	1.04e-09	2.66e-07	2.18e-05	4.64e-04	3.13e-03	1.32e-02	2.57e-01	4.85e-01	2.42e-01
 2.12673e+22	5.02e-17	7.99e-13	1.20e-09	3.02e-07	2.44e-05	5.09e-04	3.37e-03	1.39e-02	2.63e-01	4.84e-01	2.36e-01
 2.14077e+22	6.37e-17	9.94e-13	1.46e-09	3.59e-07	2.84e-05	5.79e-04	3.72e-03	1.48e-02	2.72e-01	4.83e-01	2.27e-01
 2.15502e+22	7.63e-17	1.17e-12	1.69e-09	4.08e-07	3.17e-05	6.35e-04	4.00e-03	1.56e-02	2.78e-01	4.81e-01	2.21e-01
 2.16955e+22	9.62e-17	1.45e-12	2.05e-09	4.82e-07	3.67e-05	7.19e-04	4.41e-03	1.66e-02	2.87e-01	4.79e-01	2.12e-01
 2.18458e+22	1.16e-16	1.73e-12	2.40e-09	5.53e-07	4.13e-05	7.94e-04	4.77e-03	1.75e-02	2.94e-01	4.78e-01	2.06e-01
 2.20026e+22	1.49e-16	2.16e-12	2.94e-09	6.60e-07	4.83e-05	9.04e-04	5.28e-03	1.87e-02	3.03e-01	4.75e-01	1.97e-01
 2.21622e+22	1.80e-16	2.58e-12	3.45e-09	7.57e-07	5.44e-05	9.99e-04	5.70e-03	1.97e-02	3.10e-01	4.73e-01	1.91e-01
 2.23252e+22	2.30e-16	3.23e-12	4.22e-09	9.03e-07	6.34e-05	1.14e-03	6.30e-03	2.10e-02	3.20e-01	4.69e-01	1.83e-01
 2.24941e+22	2.83e-16	3.90e-12	4.99e-09	1.04e-06	7.19e-05	1.26e-03	6.83e-03	2.22e-02	3.27e-01	4.66e-01	1.76e-01
 2.26705e+22	3.65e-16	4.94e-12	6.17e-09	1.26e-06	8.45e-05	1.44e-03	7.58e-03	2.37e-02	3.37e-01	4.62e-01	1.68e-01
 2.28499e+22	4.50e-16	5.97e-12	7.31e-09	1.46e-06	9.60e-05	1.61e-03	8.22e-03	2.50e-02	3.45e-01	4.58e-01	1.61e-01
 2.30332e+22	5.84e-16	7.59e-12	9.07e-09	1.76e-06	1.13e-04	1.84e-03	9.12e-03	2.68e-02	3.55e-01	4.53e-01	1.53e-01
 2.32209e+22	7.23e-16	9.23e-12	1.08e-08	2.05e-06	1.29e-04	2.05e-03	9.91e-03	2.83e-02	3.64e-01	4.49e-01	1.47e-01
 2.34145e+22	9.48e-16	1.18e-11	1.35e-08	2.49e-06	1.53e-04	2.36e-03	1.10e-02	3.03e-02	3.74e-01	4.43e-01	1.39e-01
 2.36125e+22	1.18e-15	1.45e-11	1.62e-08	2.91e-06	1.74e-04	2.64e-03	1.20e-02	3.20e-02	3.83e-01	4.38e-01	1.33e-01
 2.38162e+22	1.56e-15	1.87e-11	2.05e-08	3.57e-06	2.08e-04	3.06e-03	1.35e-02	3.44e-02	3.94e-01	4.30e-01	1.25e-01
 2.40212e+22	1.93e-15	2.28e-11	2.44e-08	4.16e-06	2.38e-04	3.41e-03	1.46e-02	3.63e-02	4.02e-01	4.24e-01	1.19e-01
 2.42277e+22	2.55e-15	2.95e-11	3.08e-08	5.10e-06	2.83e-04	3.95e-03	1.64e-02	3.90e-02	4.13e-01	4.16e-01	1.11e-01
 2.44370e+22	3.16e-15	3.60e-11	3.68e-08	5.96e-06	3.25e-04	4.42e-03	1.78e-02	4.12e-02	4.21e-01	4.09e-01	1.06e-01
 2.46133e+22	3.83e-15	4.30e-11	4.33e-08	6.86e-06	3.67e-04	4.90e-03	1.93e-02	4.32e-02	4.29e-01	4.03e-01	1.01e-01
 2.48057e+22	4.89e-15	5.39e-11	5.33e-08	8.24e-06	4.31e-04	5.61e-03	2.14e-02	4.62e-02	4.39e-01	3.94e-01	9.41e-02
 2.49962e+22	5.86e-15	6.39e-11	6.21e-08	9.43e-06	4.85e-04	6.19e-03	2.30e-02	4.84e-02	4.45e-01	3.87e-01	8.95e-02
 2.51842e+22	7.36e-15	7.91e-11	7.57e-08	1.12e-05	5.66e-04	7.06e-03	2.55e-02	5.16e-02	4.55e-01	3.77e-01	8.35e-02
 2.53744e+22	8.79e-15	9.34e-11	8.82e-08	1.29e-05	6.37e-04	7.80e-03	2.75e-02	5.41e-02	4.61e-01	3.70e-01	7.90e-02
 2.55676e+22	1.09e-14	1.15e-10	1.07e-07	1.53e-05	7.45e-04	8.92e-03	3.05e-02	5.77e-02	4.70e-01	3.59e-01	7.31e-02
 2.57620e+22	1.30e-14	1.35e-10	1.24e-07	1.75e-05	8.38e-04	9.86e-03	3.29e-02	6.05e-02	4.76e-01	3.51e-01	6.89e-02
 2.59580e+22	1.59e-14	1.65e-10	1.50e-07	2.07e-05	9.77e-04	1.13e-02	3.64e-02	6.46e-02	4.84e-01	3.39e-01	6.34e-02
 2.61567e+22	1.86e-14	1.92e-10	1.74e-07	2.36e-05	1.10e-03	1.25e-02	3.95e-02	6.79e-02	4.90e-01	3.29e-01	5.92e-02
 2.63589e+22	2.26e-14	2.32e-10	2.09e-07	2.79e-05	1.29e-03	1.43e-02	4.37e-02	7.24e-02	4.97e-01	3.17e-01	5.40e-02
 2.65639e+22	2.60e-14	2.67e-10	2.40e-07	3.18e-05	1.45e-03	1.58e-02	4.74e-02	7.62e-02	5.02e-01	3.07e-01	5.01e-02
 2.67358e+22	2.93e-14	3.02e-10	2.71e-07	3.55e-05	1.61e-03	1.74e-02	5.09e-02	7.97e-02	5.06e-01	2.97e-01	4.67e-02
 2.69216e+22	3.35e-14	3.48e-10	3.15e-07	4.09e-05	1.84e-03	1.96e-02	5.58e-02	8.45e-02	5.11e-01	2.85e-01	4.26e-02
 2.71084e+22	3.70e-14	3.88e-10	3.52e-07	4.55e-05	2.04e-03	2.14e-02	5.98e-02	8.83e-02	5.14e-01	2.75e-01	3.95e-02
 2.72884e+22	4.10e-14	4.35e-10	3.99e-07	5.14e-05	2.29e-03	2.38e-02	6.50e-02	9.31e-02	5.17e-01	2.63e-01	3.60e-02
 2.74725e+22	4.44e-14	4.79e-10	4.44e-07	5.71e-05	2.54e-03	2.61e-02	6.98e-02	9.74e-02	5.18e-01	2.53e-01	3.31e-02
 2.76502e+22	4.77e-14	5.24e-10	4.94e-07	6.35e-05	2.82e-03	2.87e-02	7.51e-02	1.02e-01	5.19e-01	2.42e-01	3.02e-02
 2.78304e+22	5.04e-14	5.68e-10	5.45e-07	7.02e-05	3.12e-03	3.15e-02	8.05e-02	1.07e-01	5.20e-01	2.31e-01	2.76e-02
 2.80062e+22	5.27e-14	6.10e-10	5.98e-07	7.73e-05	3.44e-03	3.44e-02	8.60e-02	1.12e-01	5.19e-01	2.20e-01	2.52e-02
 2.81792e+22	5.46e-14	6.50e-10	6.52e-07	8.47e-05	3.78e-03	3.74e-02	9.17e-02	1.16e-01	5.18e-01	2.10e-01	2.30e-02
 2.83503e+22	5.56e-14	6.85e-10	7.06e-07	9.24e-05	4.14e-03	4.06e-02	9.75e-02	1.21e-01	5.16e-01	2.00e-01	2.09e-02
 2.85171e+22	5.69e-14	7.23e-10	7.64e-07	1.01e-04	4.51e-03	4.38e-02	1.03e-01	1.26e-01	5.13e-01	1.91e-01	1.91e-02
 2.86871e+22	5.75e-14	7.60e-10	8.28e-07	1.10e-04	4.94e-03	4.74e-02	1.09e-01	1.30e-01	5.10e-01	1.81e-01	1.73e-02
 2.88604e+22	5.78e-14	7.96e-10	8.94e-07	1.20e-04	5.39e-03	5.11e-02	1.15e-01	1.35e-01	5.06e-01	1.71e-01	1.57e-02
 2.90313e+22	5.78e-14	8.32e-10	9.65e-07	1.31e-04	5.88e-03	5.51e-02	1.22e-01	1.40e-01	5.01e-01	1.62e-01	1.42e-02
 2.92042e+22	5.78e-14	8.70e-10	1.04e-06	1.42e-04	6.41e-03	5.93e-02	1.28e-01	1.44e-01	4.95e-01	1.54e-01	1.29e-02
 2.93794e+22	5.76e-14	9.10e-10	1.13e-06	1.56e-04	7.00e-03	6.38e-02	1.34e-01	1.49e-01	4.89e-01	1.45e-01	1.16e-02
 2.95574e+22	5.74e-14	9.54e-10	1.23e-06	1.71e-04	7.65e-03	6.87e-02	1.41e-01	1.54e-01	4.82e-01	1.36e-01	1.05e-02
 2.97364e+22	5.74e-14	1.00e-09	1.34e-06	1.88e-04	8.36e-03	7.37e-02	1.47e-01	1.58e-01	4.75e-01	1.28e-01	9.41e-03
 2.99196e+22	5.74e-14	1.06e-09	1.47e-06	2.07e-04	9.17e-03	7.92e-02	1.54e-01	1.63e-01	4.66e-01	1.20e-01	8.42e-03
 3.01040e+22	5.77e-14	1.12e-09	1.61e-06	2.29e-04	1.00e-02	8.49e-02	1.61e-01	1.67e-01	4.57e-01	1.13e-01	7.56e-03
 3.02933e+22	5.83e-14	1.20e-09	1.79e-06	2.55e-04	1.10e-02	9.13e-02	1.68e-01	1.71e-01	4.47e-01	1.05e-01	6.71e-03
 3.04708e+22	5.91e-14	1.27e-09	1.95e-06	2.79e-04	1.19e-02	9.67e-02	1.73e-01	1.74e-01	4.39e-01	9.92e-02	6.11e-03
 3.06520e+22	6.02e-14	1.37e-09	2.19e-06	3.13e-04	1.32e-02	1.04e-01	1.80e-01	1.78e-01	4.27e-01	9.19e-02	5.39e-03
 3.08357e+22	6.20e-14	1.47e-09	2.41e-06	3.44e-04	1.43e-02	1.10e-01	1.85e-01	1.81e-01	4.18e-01	8.66e-02	4.89e-03
 3.10227e+22	6.46e-14	1.62e-09	2.75e-06	3.90e-04	1.58e-02	1.18e-01	1.92e-01	1.84e-01	4.05e-01	7.99e-02	4.30e-03
 3.12146e+22	6.72e-14	1.76e-09	3.06e-06	4.32e-04	1.72e-02	1.25e-01	1.98e-01	1.86e-01	3.95e-01	7.48e-02	3.87e-03
 3.14127e+22	7.11e-14	1.97e-09	3.53e-06	4.94e-04	1.91e-02	1.34e-01	2.05e-01	1.89e-01	3.81e-01	6.85e-02	3.36e-03
 3.16134e+22	7.55e-14	2.18e-09	3.97e-06	5.50e-04	2.08e-02	1.42e-01	2.10e-01	1.90e-01	3.70e-01	6.38e-02	3.02e-03
 3.18175e+22	8.15e-14	2.48e-09	4.64e-06	6.34e-04	2.32e-02	1.53e-01	2.16e-01	1.92e-01	3.55e-01	5.81e-02	2.61e-03
 3.20227e+22	8.81e-14	2.76e-09	5.26e-06	7.07e-04	2.52e-02	1.61e-01	2.21e-01	1.93e-01	3.43e-01	5.40e-02	2.33e-03
 3.22293e+22	9.71e-14	3.19e-09	6.19e-06	8.16e-04	2.80e-02	1.72e-01	2.27e-01	1.93e-01	3.28e-01	4.90e-02	2.01e-03
 3.24384e+22	1.07e-13	3.60e-09	7.06e-06	9.14e-04	3.04e-02	1.81e-01	2.31e-01	1.93e-01	3.16e-01	4.53e-02	1.79e-03
 3.26508e+22	1.21e-13	4.23e-09	8.39e-06	1.06e-03	3.39e-02	1.93e-01	2.36e-01	1.93e-01	3.00e-01	4.09e-02	1.53e-03
 3.28666e+22	1.35e-13	4.84e-09	9.64e-06	1.19e-03	3.68e-02	2.03e-01	2.40e-01	1.92e-01	2.88e-01	3.76e-02	1.35e-03
 3.30868e+22	1.57e-13	5.78e-09	1.16e-05	1.38e-03	4.10e-02	2.16e-01	2.44e-01	1.91e-01	2.72e-01	3.36e-02	1.15e-03
 3.33110e+22	1.79e-13	6.70e-09	1.34e-05	1.56e-03	4.46e-02	2.27e-01	2.47e-01	1.89e-01	2.59e-01	3.07e-02	1.00e-03
 3.35405e+22	2.14e-13	8.14e-09	1.63e-05	1.82e-03	4.96e-02	2.41e-01	2.50e-01	1.87e-01	2.43e-01	2.72e-02	8.43e-04
 3.37751e+22	2.50e-13	9.58e-09	1.90e-05	2.06e-03	5.40e-02	2.53e-01	2.52e-01	1.84e-01	2.30e-01	2.47e-02	7.33e-04
 3.39727e+22	2.87e-13	1.11e-08	2.18e-05	2.30e-03	5.80e-02	2.63e-01	2.54e-01	1.81e-01	2.19e-01	2.26e-02	6.46e-04
 3.41862e+22	3.46e-13	1.34e-08	2.61e-05	2.65e-03	6.38e-02	2.76e-01	2.55e-01	1.78e-01	2.04e-01	2.01e-02	5.45e-04
 3.44005e+22	4.04e-13	1.56e-08	2.99e-05	2.94e-03	6.84e-02	2.86e-01	2.55e-01	1.74e-01	1.94e-01	1.83e-02	4.80e-04
 3.46161e+22	4.95e-13	1.90e-08	3.59e-05	3.38e-03	7.49e-02	2.99e-01	2.56e-01	1.70e-01	1.80e-01	1.62e-02	4.03e-04
 3.48300e+22	5.80e-13	2.21e-08	4.10e-05	3.74e-03	7.99e-02	3.09e-01	2.55e-01	1.66e-01	1.71e-01	1.48e-02	3.55e-04
 3.50417e+22	7.16e-13	2.70e-08	4.89e-05	4.27e-03	8.70e-02	3.22e-01	2.54e-01	1.61e-01	1.59e-01	1.31e-02	2.98e-04
 3.52559e+22	8.48e-13	3.15e-08	5.60e-05	4.73e-03	9.27e-02	3.31e-01	2.53e-01	1.57e-01	1.49e-01	1.19e-02	2.61e-04
 3.54734e+22	1.06e-12	3.86e-08	6.67e-05	5.38e-03	1.00e-01	3.43e-01	2.51e-01	1.51e-01	1.38e-01	1.04e-02	2.18e-04
 3.56949e+22	1.27e-12	4.55e-08	7.69e-05	5.97e-03	1.07e-01	3.53e-01	2.49e-01	1.47e-01	1.29e-01	9.36e-03	1.89e-04
 3.59216e+22	1.62e-12	5.64e-08	9.23e-05	6.82e-03	1.16e-01	3.65e-01	2.45e-01	1.40e-01	1.18e-01	8.13e-03	1.56e-04
 3.61501e+22	1.95e-12	6.64e-08	1.06e-04	7.52e-03	1.23e-01	3.73e-01	2.43e-01	1.36e-01	1.10e-01	7.30e-03	1.35e-04
 3.63807e+22	2.51e-12	8.28e-08	1.27e-04	8.59e-03	1.33e-01	3.84e-01	2.38e-01	1.29e-01	1.00e-01	6.29e-03	1.10e-04
 3.66138e+22	3.04e-12	9.78e-08	1.46e-04	9.47e-03	1.41e-01	3.92e-01	2.34e-01	1.24e-01	9.32e-02	5.62e-03	9.44e-05
 3.68501e+22	3.94e-12	1.22e-07	1.76e-04	1.08e-02	1.52e-01	4.02e-01	2.29e-01	1.17e-01	8.41e-02	4.80e-03	7.65e-05
 3.70917e+22	4.83e-12	1.45e-07	2.02e-04	1.19e-02	1.61e-01	4.09e-01	2.24e-01	1.12e-01	7.76e-02	4.25e-03	6.51e-05
 3.73404e+22	6.37e-12	1.84e-07	2.45e-04	1.36e-02	1.73e-01	4.17e-01	2.18e-01	1.05e-01	6.94e-02	3.59e-03	5.19e-05
 3.75940e+22	7.88e-12	2.20e-07	2.83e-04	1.50e-02	1.82e-01	4.23e-01	2.12e-01	1.00e-01	6.36e-02	3.15e-03	4.37e-05
 3.78539e+22	1.05e-11	2.80e-07	3.43e-04	1.71e-02	1.96e-01	4.30e-01	2.04e-01	9.32e-02	5.63e-02	2.63e-03	3.44e-05
 3.81159e+22	1.30e-11	3.35e-07	3.96e-04	1.88e-02	2.06e-01	4.34e-01	1.99e-01	8.81e-02	5.13e-02	2.29e-03	2.87e-05
 3.83807e+22	1.74e-11	4.26e-07	4.79e-04	2.14e-02	2.20e-01	4.39e-01	1.90e-01	8.15e-02	4.52e-02	1.90e-03	2.24e-05
 3.86327e+22	2.13e-11	5.03e-07	5.46e-04	2.33e-02	2.30e-01	4.42e-01	1.84e-01	7.71e-02	4.13e-02	1.67e-03	1.89e-05
 3.88683e+22	2.71e-11	6.13e-07	6.38e-04	2.58e-02	2.42e-01	4.44e-01	1.77e-01	7.19e-02	3.70e-02	1.42e-03	1.53e-05
 3.91199e+22	3.40e-11	7.38e-07	7.37e-04	2.84e-02	2.54e-01	4.45e-01	1.70e-01	6.72e-02	3.33e-02	1.22e-03	1.26e-05
 3.93544e+22	4.22e-11	8.80e-07	8.46e-04	3.10e-02	2.65e-01	4.45e-01	1.64e-01	6.30e-02	3.00e-02	1.05e-03	1.04e-05
 3.95745e+22	5.14e-11	1.03e-06	9.58e-04	3.36e-02	2.75e-01	4.45e-01	1.58e-01	5.92e-02	2.73e-02	9.15e-04	8.67e-06
 3.97827e+22	6.24e-11	1.21e-06	1.08e-03	3.63e-02	2.85e-01	4.44e-01	1.52e-01	5.57e-02	2.48e-02	7.99e-04	7.27e-06
 4.00220e+22	7.97e-11	1.48e-06	1.26e-03	4.00e-02	2.98e-01	4.42e-01	1.45e-01	5.14e-02	2.19e-02	6.70e-04	5.80e-06
 4.02655e+22	9.74e-11	1.74e-06	1.43e-03	4.33e-02	3.09e-01	4.40e-01	1.38e-01	4.80e-02	1.98e-02	5.80e-04	4.80e-06
 4.05147e+22	1.25e-10	2.12e-06	1.67e-03	4.76e-02	3.22e-01	4.36e-01	1.31e-01	4.41e-02	1.74e-02	4.83e-04	3.80e-06
 4.07700e+22	1.55e-10	2.52e-06	1.90e-03	5.17e-02	3.33e-01	4.32e-01	1.25e-01	4.08e-02	1.55e-02	4.11e-04	3.09e-06
 4.09952e+22	1.89e-10	2.97e-06	2.15e-03	5.58e-02	3.43e-01	4.28e-01	1.19e-01	3.80e-02	1.39e-02	3.53e-04	2.54e-06
 4.12498e+22	2.43e-10	3.62e-06	2.50e-03	6.11e-02	3.56e-01	4.22e-01	1.12e-01	3.46e-02	1.22e-02	2.92e-04	1.99e-06
 4.15161e+22	3.03e-10	4.33e-06	2.87e-03	6.63e-02	3.67e-01	4.15e-01	1.05e-01	3.18e-02	1.07e-02	2.45e-04	1.59e-06
 4.17582e+22	3.75e-10	5.13e-06	3.26e-03	7.15e-02	3.78e-01	4.09e-01	9.97e-02	2.93e-02	9.52e-03	2.07e-04	1.28e-06
 4.20334e+22	4.88e-10	6.33e-06	3.82e-03	7.86e-02	3.91e-01	4.00e-01	9.27e-02	2.64e-02	8.16e-03	1.67e-04	9.78e-07
 4.23154e+22	6.14e-10	7.60e-06	4.38e-03	8.51e-02	4.01e-01	3.91e-01	8.68e-02	2.40e-02	7.13e-03	1.38e-04	7.70e-07
 4.25651e+22	7.60e-10	9.00e-06	4.97e-03	9.16e-02	4.11e-01	3.83e-01	8.14e-02	2.20e-02	6.27e-03	1.16e-04	6.14e-07
 4.28486e+22	9.92e-10	1.11e-05	5.82e-03	1.00e-01	4.22e-01	3.72e-01	7.50e-02	1.96e-02	5.32e-03	9.23e-05	4.61e-07
 4.31412e+22	1.25e-09	1.34e-05	6.68e-03	1.08e-01	4.32e-01	3.61e-01	6.97e-02	1.77e-02	4.59e-03	7.55e-05	3.57e-07
 4.34032e+22	1.56e-09	1.59e-05	7.60e-03	1.16e-01	4.40e-01	3.51e-01	6.48e-02	1.60e-02	3.99e-03	6.22e-05	2.80e-07
 4.37015e+22	2.05e-09	1.98e-05	8.92e-03	1.27e-01	4.50e-01	3.37e-01	5.90e-02	1.41e-02	3.33e-03	4.86e-05	2.05e-07
 4.40031e+22	2.59e-09	2.37e-05	1.02e-02	1.37e-01	4.57e-01	3.26e-01	5.44e-02	1.26e-02	2.86e-03	3.94e-05	1.57e-07
 4.42670e+22	3.21e-09	2.81e-05	1.15e-02	1.46e-01	4.63e-01	3.14e-01	5.03e-02	1.14e-02	2.47e-03	3.22e-05	0.00e+00
 4.45682e+22	4.20e-09	3.47e-05	1.35e-02	1.59e-01	4.70e-01	3.00e-01	4.55e-02	9.96e-03	2.04e-03	2.49e-05	0.00e+00
 4.48766e+22	5.30e-09	4.16e-05	1.54e-02	1.70e-01	4.75e-01	2.87e-01	4.15e-02	8.85e-03	1.73e-03	2.00e-05	0.00e+00
 4.51511e+22	6.60e-09	4.94e-05	1.74e-02	1.82e-01	4.79e-01	2.75e-01	3.80e-02	7.89e-03	1.48e-03	1.61e-05	0.00e+00
 4.54649e+22	8.69e-09	6.13e-05	2.04e-02	1.96e-01	4.82e-01	2.59e-01	3.39e-02	6.81e-03	1.20e-03	1.22e-05	0.00e+00
 4.57857e+22	1.10e-08	7.35e-05	2.32e-02	2.09e-01	4.83e-01	2.46e-01	3.07e-02	5.98e-03	1.01e-03	9.58e-06	0.00e+00
 4.60694e+22	1.37e-08	8.72e-05	2.62e-02	2.22e-01	4.84e-01	2.34e-01	2.78e-02	5.28e-03	8.48e-04	7.61e-06	0.00e+00
 4.63466e+22	1.69e-08	1.03e-04	2.95e-02	2.35e-01	4.83e-01	2.21e-01	2.52e-02	4.67e-03	7.16e-04	6.06e-06	0.00e+00
 4.66618e+22	2.20e-08	1.26e-04	3.42e-02	2.52e-01	4.81e-01	2.06e-01	2.23e-02	3.99e-03	5.77e-04	4.54e-06	0.00e+00
 4.69804e+22	2.75e-08	1.49e-04	3.85e-02	2.66e-01	4.78e-01	1.94e-01	2.00e-02	3.48e-03	4.80e-04	3.55e-06	0.00e+00
 4.72574e+22	3.37e-08	1.75e-04	4.30e-02	2.79e-01	4.74e-01	1.82e-01	1.80e-02	3.06e-03	4.02e-04	2.81e-06	0.00e+00
 4.75712e+22	4.35e-08	2.13e-04	4.94e-02	2.96e-01	4.67e-01	1.68e-01	1.57e-02	2.59e-03	3.21e-04	2.08e-06	0.00e+00
 4.78807e+22	5.32e-08	2.48e-04	5.49e-02	3.10e-01	4.61e-01	1.58e-01	1.41e-02	2.26e-03	2.68e-04	1.64e-06	0.00e+00
 4.81445e+22	6.45e-08	2.87e-04	6.08e-02	3.23e-01	4.54e-01	1.48e-01	1.27e-02	1.98e-03	2.25e-04	1.29e-06	0.00e+00
 4.84472e+22	8.16e-08	3.44e-04	6.89e-02	3.39e-01	4.44e-01	1.35e-01	1.11e-02	1.68e-03	1.80e-04	9.63e-07	0.00e+00
 4.87567e+22	9.95e-08	4.00e-04	7.63e-02	3.52e-01	4.34e-01	1.26e-01	9.82e-03	1.45e-03	1.48e-04	7.47e-07	0.00e+00
 4.90039e+22	1.16e-07	4.49e-04	8.26e-02	3.62e-01	4.26e-01	1.18e-01	8.93e-03	1.29e-03	1.27e-04	6.11e-07	0.00e+00
 4.92545e+22	1.41e-07	5.20e-04	9.12e-02	3.75e-01	4.15e-01	1.09e-01	7.91e-03	1.12e-03	1.05e-04	4.73e-07	0.00e+00
 4.95094e+22	1.64e-07	5.84e-04	9.87e-02	3.85e-01	4.06e-01	1.02e-01	7.15e-03	9.87e-04	8.89e-05	3.82e-07	0.00e+00
 4.97701e+22	1.99e-07	6.75e-04	1.09e-01	3.96e-01	3.93e-01	9.35e-02	6.28e-03	8.44e-04	7.24e-05	2.92e-07	0.00e+00
 5.00336e+22	2.33e-07	7.59e-04	1.17e-01	4.06e-01	3.83e-01	8.68e-02	5.64e-03	7.41e-04	6.11e-05	2.34e-07	0.00e+00
 5.02655e+22	2.71e-07	8.50e-04	1.27e-01	4.14e-01	3.72e-01	8.07e-02	5.06e-03	6.51e-04	5.16e-05	1.88e-07	0.00e+00
 5.05316e+22	3.29e-07	9.81e-04	1.39e-01	4.25e-01	3.57e-01	7.32e-02	4.40e-03	5.50e-04	4.14e-05	1.41e-07	0.00e+00
 5.08000e+22	3.82e-07	1.10e-03	1.49e-01	4.32e-01	3.45e-01	6.76e-02	3.93e-03	4.80e-04	3.47e-05	0.00e+00	0.00e+00
 5.10711e+22	4.63e-07	1.26e-03	1.64e-01	4.41e-01	3.30e-01	6.08e-02	3.39e-03	4.01e-04	2.76e-05	0.00e+00	0.00e+00
 5.13438e+22	5.36e-07	1.41e-03	1.75e-01	4.47e-01	3.17e-01	5.58e-02	3.01e-03	3.48e-04	2.30e-05	0.00e+00	0.00e+00
 5.16187e+22	6.45e-07	1.62e-03	1.91e-01	4.53e-01	3.01e-01	5.00e-02	2.58e-03	2.90e-04	1.82e-05	0.00e+00	0.00e+00
 5.18990e+22	7.49e-07	1.80e-03	2.05e-01	4.58e-01	2.88e-01	4.55e-02	2.27e-03	2.49e-04	1.50e-05	0.00e+00	0.00e+00
 5.21865e+22	9.05e-07	2.07e-03	2.23e-01	4.62e-01	2.71e-01	4.02e-02	1.93e-03	2.04e-04	1.16e-05	0.00e+00	0.00e+00
 5.24775e+22	1.05e-06	2.31e-03	2.38e-01	4.64e-01	2.57e-01	3.64e-02	1.68e-03	1.73e-04	9.48e-06	0.00e+00	0.00e+00
 5.27729e+22	1.27e-06	2.64e-03	2.58e-01	4.66e-01	2.40e-01	3.18e-02	1.41e-03	1.40e-04	7.27e-06	0.00e+00	0.00e+00
 5.30711e+22	1.47e-06	2.94e-03	2.75e-01	4.66e-01	2.26e-01	2.85e-02	1.22e-03	1.18e-04	5.88e-06	0.00e+00	0.00e+00
 5.33728e+22	1.76e-06	3.34e-03	2.96e-01	4.65e-01	2.10e-01	2.48e-02	1.02e-03	9.53e-05	4.49e-06	0.00e+00	0.00e+00
 5.36840e+22	2.07e-06	3.73e-03	3.15e-01	4.62e-01	1.96e-01	2.19e-02	8.70e-04	7.86e-05	3.54e-06	0.00e+00	0.00e+00
 5.40078e+22	2.50e-06	4.26e-03	3.40e-01	4.57e-01	1.79e-01	1.87e-02	7.11e-04	6.16e-05	2.62e-06	0.00e+00	0.00e+00
 5.43351e+22	2.92e-06	4.74e-03	3.60e-01	4.52e-01	1.66e-01	1.64e-02	6.01e-04	5.04e-05	2.05e-06	0.00e+00	0.00e+00
 5.45911e+22	3.28e-06	5.14e-03	3.76e-01	4.48e-01	1.56e-01	1.48e-02	5.27e-04	4.31e-05	1.69e-06	0.00e+00	0.00e+00
 5.48478e+22	3.78e-06	5.67e-03	3.96e-01	4.41e-01	1.44e-01	1.29e-02	4.47e-04	3.53e-05	1.33e-06	0.00e+00	0.00e+00
 5.51078e+22	4.24e-06	6.13e-03	4.12e-01	4.34e-01	1.35e-01	1.16e-02	3.91e-04	3.00e-05	1.09e-06	0.00e+00	0.00e+00
 5.53720e+22	4.90e-06	6.75e-03	4.33e-01	4.25e-01	1.24e-01	1.01e-02	3.28e-04	2.43e-05	8.45e-07	0.00e+00	0.00e+00
 5.56391e+22	5.48e-06	7.29e-03	4.50e-01	4.18e-01	1.16e-01	8.99e-03	2.85e-04	2.05e-05	6.89e-07	0.00e+00	0.00e+00
 5.59099e+22	6.33e-06	8.03e-03	4.72e-01	4.07e-01	1.05e-01	7.74e-03	2.37e-04	1.65e-05	5.28e-07	0.00e+00	0.00e+00
 5.61838e+22	7.09e-06	8.65e-03	4.89e-01	3.98e-01	9.77e-02	6.86e-03	2.05e-04	1.38e-05	4.28e-07	0.00e+00	0.00e+00
 5.64617e+22	8.14e-06	9.48e-03	5.10e-01	3.86e-01	8.85e-02	5.88e-03	1.70e-04	1.10e-05	3.27e-07	0.00e+00	0.00e+00
 5.67465e+22	9.15e-06	1.02e-02	5.28e-01	3.75e-01	8.13e-02	5.15e-03	1.45e-04	9.08e-06	2.60e-07	0.00e+00	0.00e+00
 5.70404e+22	1.06e-05	1.13e-02	5.50e-01	3.61e-01	7.27e-02	4.34e-03	1.18e-04	7.08e-06	1.93e-07	0.00e+00	0.00e+00
 5.73354e+22	1.19e-05	1.21e-02	5.68e-01	3.50e-01	6.65e-02	3.79e-03	1.00e-04	5.81e-06	1.53e-07	0.00e+00	0.00e+00
 5.76322e+22	1.37e-05	1.33e-02	5.89e-01	3.35e-01	5.93e-02	3.18e-03	8.14e-05	4.52e-06	0.00e+00	0.00e+00	0.00e+00
 5.79194e+22	1.52e-05	1.42e-02	6.04e-01	3.24e-01	5.44e-02	2.80e-03	6.98e-05	3.76e-06	0.00e+00	0.00e+00	0.00e+00
 5.81219e+22	1.63e-05	1.48e-02	6.14e-01	3.17e-01	5.13e-02	2.56e-03	6.28e-05	3.31e-06	0.00e+00	0.00e+00	0.00e+00
 5.83128e+22	1.77e-05	1.57e-02	6.27e-01	3.07e-01	4.74e-02	2.28e-03	5.49e-05	2.81e-06	0.00e+00	0.00e+00	0.00e+00
 5.85611e+22	1.98e-05	1.68e-02	6.44e-01	2.95e-01	4.29e-02	1.97e-03	4.61e-05	2.27e-06	0.00e+00	0.00e+00	0.00e+00
 5.88361e+22	2.21e-05	1.80e-02	6.59e-01	2.83e-01	3.87e-02	1.70e-03	3.87e-05	1.84e-06	0.00e+00	0.00e+00	0.00e+00
 5.90600e+22	2.37e-05	1.88e-02	6.69e-01	2.75e-01	3.62e-02	1.54e-03	3.45e-05	1.60e-06	0.00e+00	0.00e+00	0.00e+00
 5.92303e+22	2.52e-05	1.95e-02	6.77e-01	2.68e-01	3.41e-02	1.41e-03	3.11e-05	1.41e-06	0.00e+00	0.00e+00	0.00e+00
 5.94173e+22	2.75e-05	2.06e-02	6.89e-01	2.58e-01	3.13e-02	1.25e-03	2.70e-05	1.19e-06	0.00e+00	0.00e+00	0.00e+00
 5.96604e+22	3.06e-05	2.20e-02	7.03e-01	2.46e-01	2.81e-02	1.07e-03	2.26e-05	9.56e-07	0.00e+00	0.00e+00	0.00e+00
 5.99041e+22	3.31e-05	2.31e-02	7.13e-01	2.37e-01	2.59e-02	9.54e-04	1.97e-05	8.10e-07	0.00e+00	0.00e+00	0.00e+00
 6.01088e+22	3.58e-05	2.42e-02	7.23e-01	2.28e-01	2.39e-02	8.52e-04	1.73e-05	6.91e-07	0.00e+00	0.00e+00	0.00e+00
 6.03351e+22	3.94e-05	2.56e-02	7.34e-01	2.18e-01	2.15e-02	7.37e-04	1.46e-05	5.62e-07	0.00e+00	0.00e+00	0.00e+00
 6.06292e+22	4.46e-05	2.76e-02	7.49e-01	2.04e-01	1.87e-02	6.08e-04	1.17e-05	4.28e-07	0.00e+00	0.00e+00	0.00e+00
 6.09249e+22	4.92e-05	2.93e-02	7.60e-01	1.94e-01	1.68e-02	5.25e-04	9.80e-06	3.48e-07	0.00e+00	0.00e+00	0.00e+00
 6.12224e+22	5.57e-05	3.15e-02	7.73e-01	1.80e-01	1.46e-02	4.31e-04	7.79e-06	2.63e-07	0.00e+00	0.00e+00	0.00e+00
 6.16092e+22	6.60e-05	3.47e-02	7.90e-01	1.63e-01	1.19e-02	3.29e-04	5.69e-06	1.79e-07	0.00e+00	0.00e+00	0.00e+00
 6.19851e+22	7.40e-05	3.72e-02	7.99e-01	1.53e-01	1.04e-02	2.75e-04	4.60e-06	1.39e-07	0.00e+00	0.00e+00	0.00e+00
 6.23468e+22	8.61e-05	4.05e-02	8.12e-01	1.38e-01	8.64e-03	2.13e-04	3.44e-06	0.00e+00	0.00e+00	0.00e+00	0.00e+00
 6.27191e+22	9.79e-05	4.36e-02	8.21e-01	1.27e-01	7.38e-03	1.73e-04	2.69e-06	0.00e+00	0.00e+00	0.00e+00	0.00e+00
 6.31049e+22	1.15e-04	4.77e-02	8.32e-01	1.14e-01	5.97e-03	1.31e-04	1.95e-06	0.00e+00	0.00e+00	0.00e+00	0.00e+00
 6.34922e+22	1.31e-04	5.14e-02	8.40e-01	1.04e-01	5.05e-03	1.06e-04	1.51e-06	0.00e+00	0.00e+00	0.00e+00	0.00e+00
 6.38812e+22	1.55e-04	5.61e-02	8.48e-01	9.15e-02	4.02e-03	7.87e-05	1.07e-06	0.00e+00	0.00e+00	0.00e+00	0.00e+00
 6.42730e+22	1.78e-04	6.06e-02	8.54e-01	8.22e-02	3.33e-03	6.19e-05	8.11e-07	0.00e+00	0.00e+00	0.00e+00	0.00e+00
 6.45722e+22	1.96e-04	6.39e-02	8.57e-01	7.59e-02	2.91e-03	5.20e-05	6.62e-07	0.00e+00	0.00e+00	0.00e+00	0.00e+00
 6.48646e+22	2.24e-04	6.84e-02	8.61e-01	6.78e-02	2.39e-03	4.05e-05	4.96e-07	0.00e+00	0.00e+00	0.00e+00	0.00e+00
 6.51547e+22	2.49e-04	7.23e-02	8.63e-01	6.19e-02	2.06e-03	3.35e-05	3.97e-07	0.00e+00	0.00e+00	0.00e+00	0.00e+00
 6.54421e+22	2.83e-04	7.72e-02	8.66e-01	5.49e-02	1.69e-03	2.60e-05	2.96e-07	0.00e+00	0.00e+00	0.00e+00	0.00e+00
 6.57348e+22	3.18e-04	8.18e-02	8.67e-01	4.93e-02	1.42e-03	2.08e-05	2.30e-07	0.00e+00	0.00e+00	0.00e+00	0.00e+00
 6.59906e+22	3.55e-04	8.64e-02	8.68e-01	4.43e-02	1.19e-03	1.67e-05	1.78e-07	0.00e+00	0.00e+00	0.00e+00	0.00e+00
 6.62793e+22	4.08e-04	9.23e-02	8.68e-01	3.84e-02	9.56e-04	1.25e-05	1.28e-07	0.00e+00	0.00e+00	0.00e+00	0.00e+00
 6.65757e+22	4.61e-04	9.79e-02	8.67e-01	3.36e-02	7.81e-04	9.62e-06	0.00e+00	0.00e+00	0.00e+00	0.00e+00	0.00e+00
 6.68363e+22	5.20e-04	1.03e-01	8.66e-01	2.94e-02	6.40e-04	7.41e-06	0.00e+00	0.00e+00	0.00e+00	0.00e+00	0.00e+00
 6.71290e+22	6.03e-04	1.11e-01	8.64e-01	2.47e-02	4.96e-04	5.28e-06	0.00e+00	0.00e+00	0.00e+00	0.00e+00	0.00e+00
 6.74388e+22	6.96e-04	1.18e-01	8.60e-01	2.06e-02	3.86e-04	3.74e-06	0.00e+00	0.00e+00	0.00e+00	0.00e+00	0.00e+00
 6.77190e+22	7.96e-04	1.25e-01	8.57e-01	1.72e-02	3.02e-04	2.66e-06	0.00e+00	0.00e+00	0.00e+00	0.00e+00	0.00e+00
 6.79875e+22	9.09e-04	1.32e-01	8.52e-01	1.42e-02	2.37e-04	1.87e-06	0.00e+00	0.00e+00	0.00e+00	0.00e+00	0.00e+00
 6.82508e+22	1.05e-03	1.40e-01	8.47e-01	1.16e-02	1.83e-04	1.28e-06	0.00e+00	0.00e+00	0.00e+00	0.00e+00	0.00e+00
 6.84927e+22	1.17e-03	1.46e-01	8.43e-01	9.64e-03	1.46e-04	9.07e-07	0.00e+00	0.00e+00	0.00e+00	0.00e+00	0.00e+00
 6.86434e+22	1.24e-03	1.49e-01	8.41e-01	8.68e-03	1.29e-04	7.48e-07	0.00e+00	0.00e+00	0.00e+00	0.00e+00	0.00e+00
 6.87053e+22	1.29e-03	1.51e-01	8.39e-01	8.24e-03	1.21e-04	6.79e-07	0.00e+00	0.00e+00	0.00e+00	0.00e+00	0.00e+00
 6.87511e+22	1.31e-03	1.52e-01	8.38e-01	7.94e-03	1.16e-04	6.35e-07	0.00e+00	0.00e+00	0.00e+00	0.00e+00	0.00e+00
 6.88046e+22	1.35e-03	1.54e-01	8.37e-01	7.56e-03	1.10e-04	5.80e-07	0.00e+00	0.00e+00	0.00e+00	0.00e+00	0.00e+00
 6.88703e+22	1.40e-03	1.56e-01	8.35e-01	7.11e-03	1.02e-04	5.18e-07	0.00e+00	0.00e+00	0.00e+00	0.00e+00	0.00e+00
 6.89404e+22	1.46e-03	1.58e-01	8.34e-01	6.66e-03	9.51e-05	4.59e-07	0.00e+00	0.00e+00	0.00e+00	0.00e+00	0.00e+00
 6.90059e+22	1.50e-03	1.60e-01	8.32e-01	6.27e-03	8.90e-05	4.11e-07	0.00e+00	0.00e+00	0.00e+00	0.00e+00	0.00e+00
 6.90680e+22	1.56e-03	1.62e-01	8.30e-01	5.91e-03	8.33e-05	3.69e-07	0.00e+00	0.00e+00	0.00e+00	0.00e+00	0.00e+00
 6.91298e+22	1.61e-03	1.64e-01	8.29e-01	5.57e-03	7.81e-05	3.31e-07	0.00e+00	0.00e+00	0.00e+00	0.00e+00	0.00e+00
 6.91901e+22	1.67e-03	1.66e-01	8.27e-01	5.25e-03	7.32e-05	2.97e-07	0.00e+00	0.00e+00	0.00e+00	0.00e+00	0.00e+00
 6.92498e+22	1.72e-03	1.67e-01	8.26e-01	4.96e-03	6.88e-05	2.67e-07	0.00e+00	0.00e+00	0.00e+00	0.00e+00	0.00e+00
 6.93107e+22	1.78e-03	1.70e-01	8.24e-01	4.66e-03	6.43e-05	2.38e-07	0.00e+00	0.00e+00	0.00e+00	0.00e+00	0.00e+00
 6.93706e+22	1.85e-03	1.72e-01	8.22e-01	4.39e-03	6.04e-05	2.13e-07	0.00e+00	0.00e+00	0.00e+00	0.00e+00	0.00e+00
 6.94271e+22	1.91e-03	1.73e-01	8.20e-01	4.14e-03	5.69e-05	1.92e-07	0.00e+00	0.00e+00	0.00e+00	0.00e+00	0.00e+00
 6.94830e+22	1.96e-03	1.75e-01	8.19e-01	3.91e-03	5.36e-05	1.73e-07	0.00e+00	0.00e+00	0.00e+00	0.00e+00	0.00e+00
 6.95411e+22	2.04e-03	1.77e-01	8.17e-01	3.68e-03	5.03e-05	1.54e-07	0.00e+00	0.00e+00	0.00e+00	0.00e+00	0.00e+00
 6.95983e+22	2.10e-03	1.78e-01	8.16e-01	3.47e-03	4.74e-05	1.39e-07	0.00e+00	0.00e+00	0.00e+00	0.00e+00	0.00e+00
 6.96541e+22	2.17e-03	1.80e-01	8.14e-01	3.27e-03	4.46e-05	1.24e-07	0.00e+00	0.00e+00	0.00e+00	0.00e+00	0.00e+00
 6.97097e+22	2.25e-03	1.82e-01	8.12e-01	3.08e-03	4.20e-05	0.00e+00	0.00e+00	0.00e+00	0.00e+00	0.00e+00	0.00e+00
 6.97627e+22	2.32e-03	1.84e-01	8.11e-01	2.91e-03	3.97e-05	0.00e+00	0.00e+00	0.00e+00	0.00e+00	0.00e+00	0.00e+00
 6.98151e+22	2.38e-03	1.85e-01	8.10e-01	2.76e-03	3.76e-05	0.00e+00	0.00e+00	0.00e+00	0.00e+00	0.00e+00	0.00e+00
 6.98707e+22	2.46e-03	1.87e-01	8.08e-01	2.59e-03	3.54e-05	0.00e+00	0.00e+00	0.00e+00	0.00e+00	0.00e+00	0.00e+00
 6.99266e+22	2.55e-03	1.89e-01	8.06e-01	2.44e-03	3.33e-05	0.00e+00	0.00e+00	0.00e+00	0.00e+00	0.00e+00	0.00e+00
 6.99781e+22	2.63e-03	1.91e-01	8.04e-01	2.31e-03	3.16e-05	0.00e+00	0.00e+00	0.00e+00	0.00e+00	0.00e+00	0.00e+00
 7.00283e+22	2.69e-03	1.92e-01	8.03e-01	2.19e-03	3.00e-05	0.00e+00	0.00e+00	0.00e+00	0.00e+00	0.00e+00	0.00e+00
 7.00840e+22	2.79e-03	1.94e-01	8.02e-01	2.06e-03	2.83e-05	0.00e+00	0.00e+00	0.00e+00	0.00e+00	0.00e+00	0.00e+00
 7.01415e+22	2.89e-03	1.95e-01	8.00e-01	1.94e-03	2.67e-05	0.00e+00	0.00e+00	0.00e+00	0.00e+00	0.00e+00	0.00e+00
 7.01935e+22	2.99e-03	1.97e-01	7.98e-01	1.83e-03	2.52e-05	0.00e+00	0.00e+00	0.00e+00	0.00e+00	0.00e+00	0.00e+00
 7.02425e+22	3.06e-03	1.98e-01	7.97e-01	1.74e-03	2.41e-05	0.00e+00	0.00e+00	0.00e+00	0.00e+00	0.00e+00	0.00e+00
 7.02954e+22	3.17e-03	2.00e-01	7.95e-01	1.64e-03	2.28e-05	0.00e+00	0.00e+00	0.00e+00	0.00e+00	0.00e+00	0.00e+00
 7.03518e+22	3.28e-03	2.02e-01	7.94e-01	1.54e-03	2.16e-05	0.00e+00	0.00e+00	0.00e+00	0.00e+00	0.00e+00	0.00e+00
 7.04047e+22	3.40e-03	2.03e-01	7.92e-01	1.46e-03	2.04e-05	0.00e+00	0.00e+00	0.00e+00	0.00e+00	0.00e+00	0.00e+00
 7.04540e+22	3.47e-03	2.04e-01	7.91e-01	1.39e-03	1.96e-05	0.00e+00	0.00e+00	0.00e+00	0.00e+00	0.00e+00	0.00e+00
 7.05086e+22	3.59e-03	2.06e-01	7.89e-01	1.31e-03	1.85e-05	0.00e+00	0.00e+00	0.00e+00	0.00e+00	0.00e+00	0.00e+00
 7.05673e+22	3.72e-03	2.08e-01	7.87e-01	1.23e-03	1.75e-05	0.00e+00	0.00e+00	0.00e+00	0.00e+00	0.00e+00	0.00e+00
 7.06213e+22	3.84e-03	2.09e-01	7.86e-01	1.17e-03	1.67e-05	0.00e+00	0.00e+00	0.00e+00	0.00e+00	0.00e+00	0.00e+00
 7.06725e+22	3.95e-03	2.10e-01	7.85e-01	1.11e-03	1.60e-05	0.00e+00	0.00e+00	0.00e+00	0.00e+00	0.00e+00	0.00e+00
 7.07274e+22	4.08e-03	2.12e-01	7.83e-01	1.05e-03	1.52e-05	0.00e+00	0.00e+00	0.00e+00	0.00e+00	0.00e+00	0.00e+00
 7.07863e+22	4.22e-03	2.13e-01	7.81e-01	9.91e-04	1.44e-05	0.00e+00	0.00e+00	0.00e+00	0.00e+00	0.00e+00	0.00e+00
 7.08439e+22	4.37e-03	2.15e-01	7.80e-01	9.38e-04	1.37e-05	0.00e+00	0.00e+00	0.00e+00	0.00e+00	0.00e+00	0.00e+00
 7.08989e+22	4.52e-03	2.17e-01	7.78e-01	8.90e-04	1.31e-05	0.00e+00	0.00e+00	0.00e+00	0.00e+00	0.00e+00	0.00e+00
 7.09527e+22	4.65e-03	2.18e-01	7.76e-01	8.47e-04	1.26e-05	0.00e+00	0.00e+00	0.00e+00	0.00e+00	0.00e+00	0.00e+00
 7.10104e+22	4.83e-03	2.20e-01	7.74e-01	8.02e-04	1.20e-05	0.00e+00	0.00e+00	0.00e+00	0.00e+00	0.00e+00	0.00e+00
 7.10704e+22	4.99e-03	2.21e-01	7.73e-01	7.61e-04	1.15e-05	0.00e+00	0.00e+00	0.00e+00	0.00e+00	0.00e+00	0.00e+00
 7.11309e+22	5.17e-03	2.23e-01	7.71e-01	7.21e-04	1.10e-05	0.00e+00	0.00e+00	0.00e+00	0.00e+00	0.00e+00	0.00e+00
 7.11931e+22	5.37e-03	2.25e-01	7.69e-01	6.83e-04	1.05e-05	0.00e+00	0.00e+00	0.00e+00	0.00e+00	0.00e+00	0.00e+00
 7.12545e+22	5.56e-03	2.27e-01	7.67e-01	6.49e-04	1.00e-05	0.00e+00	0.00e+00	0.00e+00	0.00e+00	0.00e+00	0.00e+00
 7.13171e+22	5.77e-03	2.29e-01	7.64e-01	6.16e-04	9.62e-06	0.00e+00	0.00e+00	0.00e+00	0.00e+00	0.00e+00	0.00e+00
 7.13828e+22	6.00e-03	2.31e-01	7.62e-01	5.85e-04	9.22e-06	0.00e+00	0.00e+00	0.00e+00	0.00e+00	0.00e+00	0.00e+00
 7.14508e+22	6.24e-03	2.34e-01	7.60e-01	5.54e-04	8.83e-06	0.00e+00	0.00e+00	0.00e+00	0.00e+00	0.00e+00	0.00e+00
 7.15206e+22	6.51e-03	2.36e-01	7.57e-01	5.25e-04	8.46e-06	0.00e+00	0.00e+00	0.00e+00	0.00e+00	0.00e+00	0.00e+00
 7.15856e+22	6.73e-03	2.38e-01	7.55e-01	5.02e-04	8.16e-06	0.00e+00	0.00e+00	0.00e+00	0.00e+00	0.00e+00	0.00e+00
 7.16444e+22	6.98e-03	2.40e-01	7.52e-01	4.81e-04	7.89e-06	0.00e+00	0.00e+00	0.00e+00	0.00e+00	0.00e+00	0.00e+00
 7.17042e+22	7.22e-03	2.42e-01	7.50e-01	4.61e-04	7.64e-06	0.00e+00	0.00e+00	0.00e+00	0.00e+00	0.00e+00	0.00e+00
 7.17688e+22	7.51e-03	2.45e-01	7.47e-01	4.40e-04	7.38e-06	0.00e+00	0.00e+00	0.00e+00	0.00e+00	0.00e+00	0.00e+00
 7.18366e+22	7.82e-03	2.48e-01	7.44e-01	4.20e-04	7.12e-06	0.00e+00	0.00e+00	0.00e+00	0.00e+00	0.00e+00	0.00e+00
 7.19028e+22	8.12e-03	2.51e-01	7.41e-01	4.02e-04	6.89e-06	0.00e+00	0.00e+00	0.00e+00	0.00e+00	0.00e+00	0.00e+00
 7.19692e+22	8.43e-03	2.53e-01	7.38e-01	3.85e-04	6.67e-06	0.00e+00	0.00e+00	0.00e+00	0.00e+00	0.00e+00	0.00e+00
 7.20395e+22	8.80e-03	2.57e-01	7.34e-01	3.68e-04	6.45e-06	0.00e+00	0.00e+00	0.00e+00	0.00e+00	0.00e+00	0.00e+00
 7.21120e+22	9.14e-03	2.59e-01	7.31e-01	3.51e-04	6.24e-06	0.00e+00	0.00e+00	0.00e+00	0.00e+00	0.00e+00	0.00e+00
 7.21858e+22	9.54e-03	2.63e-01	7.27e-01	3.36e-04	6.04e-06	0.00e+00	0.00e+00	0.00e+00	0.00e+00	0.00e+00	0.00e+00
 7.22619e+22	9.96e-03	2.66e-01	7.23e-01	3.20e-04	5.84e-06	0.00e+00	0.00e+00	0.00e+00	0.00e+00	0.00e+00	0.00e+00
 7.23390e+22	1.04e-02	2.70e-01	7.19e-01	3.06e-04	5.65e-06	0.00e+00	0.00e+00	0.00e+00	0.00e+00	0.00e+00	0.00e+00
 7.24185e+22	1.08e-02	2.74e-01	7.15e-01	2.92e-04	5.47e-06	0.00e+00	0.00e+00	0.00e+00	0.00e+00	0.00e+00	0.00e+00
 7.25019e+22	1.13e-02	2.78e-01	7.11e-01	2.78e-04	5.29e-06	0.00e+00	0.00e+00	0.00e+00	0.00e+00	0.00e+00	0.00e+00
 7.25890e+22	1.19e-02	2.82e-01	7.06e-01	2.65e-04	5.12e-06	0.00e+00	0.00e+00	0.00e+00	0.00e+00	0.00e+00	0.00e+00
 7.26782e+22	1.24e-02	2.86e-01	7.01e-01	2.53e-04	4.95e-06	0.00e+00	0.00e+00	0.00e+00	0.00e+00	0.00e+00	0.00e+00
 7.27705e+22	1.30e-02	2.91e-01	6.96e-01	2.40e-04	4.79e-06	0.00e+00	0.00e+00	0.00e+00	0.00e+00	0.00e+00	0.00e+00
 7.28682e+22	1.37e-02	2.96e-01	6.91e-01	2.28e-04	4.63e-06	0.00e+00	0.00e+00	0.00e+00	0.00e+00	0.00e+00	0.00e+00
 7.29706e+22	1.43e-02	3.00e-01	6.85e-01	2.16e-04	4.47e-06	0.00e+00	0.00e+00	0.00e+00	0.00e+00	0.00e+00	0.00e+00
 7.30787e+22	1.51e-02	3.06e-01	6.79e-01	2.05e-04	4.32e-06	0.00e+00	0.00e+00	0.00e+00	0.00e+00	0.00e+00	0.00e+00
 7.31933e+22	1.59e-02	3.11e-01	6.72e-01	1.93e-04	4.16e-06	0.00e+00	0.00e+00	0.00e+00	0.00e+00	0.00e+00	0.00e+00
 7.33127e+22	1.68e-02	3.17e-01	6.66e-01	1.82e-04	4.01e-06	0.00e+00	0.00e+00	0.00e+00	0.00e+00	0.00e+00	0.00e+00
 7.34397e+22	1.78e-02	3.24e-01	6.59e-01	1.72e-04	3.86e-06	0.00e+00	0.00e+00	0.00e+00	0.00e+00	0.00e+00	0.00e+00
 7.35760e+22	1.88e-02	3.30e-01	6.51e-01	1.61e-04	3.71e-06	0.00e+00	0.00e+00	0.00e+00	0.00e+00	0.00e+00	0.00e+00
 7.37195e+22	2.00e-02	3.37e-01	6.43e-01	1.51e-04	3.57e-06	0.00e+00	0.00e+00	0.00e+00	0.00e+00	0.00e+00	0.00e+00
