#depth	Fe	Fe+	Fe+2	Fe+3	Fe+4	Fe+5	Fe+6	Fe+7	Fe+8	Fe+9	Fe+10	Fe+11	Fe+12	Fe+13	Fe+14	Fe+15	Fe+16	Fe+17	Fe+18	Fe+19	Fe+20	Fe+21	Fe+22	Fe+23	Fe+24	Fe+25	Fe+26
 4.62852e+21	0.00e+00	0.00e+00	0.00e+00	0.00e+00	0.00e+00	0.00e+00	0.00e+00	0.00e+00	0.00e+00	0.00e+00	0.00e+00	0.00e+00	1.39e-24	2.35e-22	3.17e-20	4.55e-18	4.80e-15	1.48e-12	2.23e-10	1.56e-08	6.35e-07	1.44e-05	2.44e-04	3.78e-03	8.57e-02	3.61e-01	5.49e-01
 1.05444e+22	0.00e+00	0.00e+00	0.00e+00	0.00e+00	0.00e+00	0.00e+00	0.00e+00	0.00e+00	0.00e+00	0.00e+00	0.00e+00	3.37e-26	5.87e-24	6.99e-22	1.77e-19	5.48e-17	1.36e-13	2.88e-11	3.02e-09	1.48e-07	4.22e-06	6.71e-05	8.00e-04	8.73e-03	1.40e-01	4.12e-01	4.39e-01
 1.27105e+22	0.00e+00	0.00e+00	0.00e+00	0.00e+00	0.00e+00	0.00e+00	0.00e+00	0.00e+00	0.00e+00	0.00e+00	7.31e-27	1.02e-24	1.41e-22	1.33e-20	2.67e-18	6.52e-16	1.25e-12	2.06e-10	1.69e-08	6.47e-07	1.46e-05	1.82e-04	1.71e-03	1.48e-02	1.87e-01	4.33e-01	3.63e-01
 1.42922e+22	0.00e+00	0.00e+00	0.00e+00	0.00e+00	0.00e+00	0.00e+00	0.00e+00	0.00e+00	0.00e+00	4.13e-28	6.85e-26	7.95e-24	9.10e-22	1.36e-19	2.27e-17	4.59e-15	7.14e-12	9.62e-10	6.47e-08	2.05e-06	3.80e-05	3.94e-04	3.06e-03	2.19e-02	2.31e-01	4.40e-01	3.04e-01
 1.51709e+22	0.00e+00	0.00e+00	0.00e+00	0.00e+00	0.00e+00	0.00e+00	0.00e+00	0.00e+00	4.02e-30	8.90e-28	1.41e-25	1.56e-23	1.71e-21	2.44e-19	3.87e-17	7.48e-15	1.10e-11	1.41e-09	9.03e-08	2.72e-06	4.82e-05	4.76e-04	3.53e-03	2.41e-02	2.42e-01	4.40e-01	2.89e-01
 1.54943e+22	0.00e+00	0.00e+00	0.00e+00	0.00e+00	0.00e+00	0.00e+00	0.00e+00	7.58e-33	4.81e-30	1.02e-27	1.56e-25	1.66e-23	2.88e-21	3.95e-19	6.03e-17	1.12e-14	1.58e-11	1.94e-09	1.19e-07	3.45e-06	5.87e-05	5.57e-04	3.97e-03	2.60e-02	2.52e-01	4.40e-01	2.78e-01
 1.58337e+22	0.00e+00	0.00e+00	0.00e+00	0.00e+00	0.00e+00	0.00e+00	0.00e+00	1.90e-32	1.15e-29	2.32e-27	3.36e-25	3.41e-23	5.61e-21	7.32e-19	1.06e-16	1.88e-14	2.51e-11	2.92e-09	1.70e-07	4.66e-06	7.54e-05	6.80e-04	4.60e-03	2.87e-02	2.64e-01	4.39e-01	2.63e-01
 1.61786e+22	0.00e+00	0.00e+00	0.00e+00	0.00e+00	0.00e+00	0.00e+00	0.00e+00	4.06e-32	2.35e-29	4.56e-27	6.34e-25	6.16e-23	9.73e-21	1.22e-18	1.70e-16	2.87e-14	3.67e-11	4.08e-09	2.27e-07	5.98e-06	9.27e-05	8.00e-04	5.20e-03	3.11e-02	2.75e-01	4.37e-01	2.51e-01
 1.64580e+22	0.00e+00	0.00e+00	0.00e+00	0.00e+00	0.00e+00	0.00e+00	0.00e+00	7.73e-32	4.32e-29	8.10e-27	1.09e-24	1.02e-22	1.55e-20	1.88e-18	2.52e-16	4.12e-14	5.06e-11	5.41e-09	2.90e-07	7.37e-06	1.10e-04	9.19e-04	5.76e-03	3.32e-02	2.84e-01	4.35e-01	2.41e-01
 1.67104e+22	0.00e+00	0.00e+00	0.00e+00	0.00e+00	0.00e+00	0.00e+00	0.00e+00	1.42e-31	7.69e-29	1.39e-26	1.81e-24	1.64e-22	2.42e-20	2.82e-18	3.67e-16	5.80e-14	6.86e-11	7.08e-09	3.66e-07	8.99e-06	1.30e-04	1.05e-03	6.33e-03	3.54e-02	2.92e-01	4.33e-01	2.32e-01
 1.70003e+22	0.00e+00	0.00e+00	0.00e+00	0.00e+00	0.00e+00	0.00e+00	0.00e+00	2.90e-31	1.51e-28	2.63e-26	3.28e-24	2.86e-22	4.06e-20	4.56e-18	5.70e-16	8.67e-14	9.80e-11	9.68e-09	4.81e-07	1.13e-05	1.57e-04	1.22e-03	7.08e-03	3.80e-02	3.02e-01	4.30e-01	2.21e-01
 1.73127e+22	0.00e+00	0.00e+00	0.00e+00	0.00e+00	0.00e+00	0.00e+00	0.00e+00	6.09e-31	3.04e-28	5.08e-26	6.08e-24	5.09e-22	6.94e-20	7.48e-18	8.97e-16	1.31e-13	1.42e-10	1.34e-08	6.37e-07	1.44e-05	1.91e-04	1.42e-03	7.94e-03	4.09e-02	3.13e-01	4.27e-01	2.10e-01
 1.75914e+22	0.00e+00	0.00e+00	0.00e+00	0.00e+00	0.00e+00	0.00e+00	0.00e+00	1.16e-30	5.57e-28	8.99e-26	1.04e-23	8.40e-22	1.10e-19	1.15e-17	1.33e-15	1.87e-13	1.95e-10	1.77e-08	8.12e-07	1.77e-05	2.27e-04	1.62e-03	8.76e-03	4.35e-02	3.22e-01	4.23e-01	2.01e-01
 1.78907e+22	0.00e+00	0.00e+00	0.00e+00	0.00e+00	0.00e+00	0.00e+00	0.00e+00	1.71e-30	7.91e-28	1.22e-25	1.36e-23	1.52e-21	1.92e-19	1.91e-17	2.12e-15	2.87e-13	2.84e-10	2.47e-08	1.08e-06	2.25e-05	2.77e-04	1.90e-03	9.82e-03	4.69e-02	3.32e-01	4.19e-01	1.90e-01
 1.81991e+22	0.00e+00	0.00e+00	0.00e+00	0.00e+00	0.00e+00	0.00e+00	4.78e-33	3.47e-30	1.54e-27	2.30e-25	2.45e-23	2.64e-21	3.19e-19	3.06e-17	3.27e-15	4.24e-13	4.03e-10	3.36e-08	1.41e-06	2.82e-05	3.34e-04	2.20e-03	1.09e-02	5.01e-02	3.42e-01	4.14e-01	1.81e-01
 1.84627e+22	0.00e+00	0.00e+00	0.00e+00	0.00e+00	0.00e+00	0.00e+00	9.17e-33	6.44e-30	2.77e-27	3.98e-25	4.10e-23	4.26e-21	4.99e-19	4.62e-17	4.77e-15	5.98e-13	5.47e-10	4.39e-08	1.78e-06	3.44e-05	3.92e-04	2.50e-03	1.20e-02	5.31e-02	3.50e-01	4.09e-01	1.73e-01
 1.87490e+22	0.00e+00	0.00e+00	0.00e+00	0.00e+00	0.00e+00	0.00e+00	1.96e-32	1.33e-29	5.48e-27	7.56e-25	7.48e-23	7.48e-21	8.41e-19	7.49e-17	7.43e-15	8.95e-13	7.81e-10	6.00e-08	2.33e-06	4.32e-05	4.73e-04	2.89e-03	1.33e-02	5.67e-02	3.60e-01	4.03e-01	1.63e-01
 1.90550e+22	0.00e+00	0.00e+00	0.00e+00	0.00e+00	0.00e+00	0.00e+00	4.12e-32	2.67e-29	1.06e-26	1.41e-24	1.34e-22	1.29e-20	1.39e-18	1.19e-16	1.14e-14	1.32e-12	1.10e-09	8.12e-08	3.03e-06	5.39e-05	5.67e-04	3.33e-03	1.47e-02	6.03e-02	3.69e-01	3.97e-01	1.54e-01
 1.93143e+22	0.00e+00	0.00e+00	0.00e+00	0.00e+00	0.00e+00	0.00e+00	7.72e-32	4.85e-29	1.86e-26	2.39e-24	2.20e-22	2.05e-20	2.14e-18	1.77e-16	1.63e-14	1.83e-12	1.48e-09	1.05e-07	3.78e-06	6.50e-05	6.61e-04	3.75e-03	1.61e-02	6.36e-02	3.77e-01	3.92e-01	1.47e-01
 1.95396e+22	0.00e+00	0.00e+00	0.00e+00	0.00e+00	0.00e+00	0.00e+00	1.35e-31	8.23e-29	3.07e-26	3.83e-24	3.42e-22	3.09e-20	3.14e-18	2.52e-16	2.26e-14	2.45e-12	1.91e-09	1.32e-07	4.59e-06	7.66e-05	7.56e-04	4.17e-03	1.73e-02	6.66e-02	3.83e-01	3.87e-01	1.41e-01
 1.97936e+22	0.00e+00	0.00e+00	0.00e+00	0.00e+00	0.00e+00	0.00e+00	2.59e-31	1.53e-28	5.51e-26	6.63e-24	5.73e-22	5.00e-20	4.90e-18	3.81e-16	3.30e-14	3.46e-12	2.59e-09	1.72e-07	5.77e-06	9.29e-05	8.84e-04	4.70e-03	1.89e-02	7.02e-02	3.91e-01	3.81e-01	1.34e-01
 2.00726e+22	0.00e+00	0.00e+00	0.00e+00	0.00e+00	0.00e+00	0.00e+00	3.99e-31	2.27e-28	7.89e-26	9.17e-24	9.79e-22	8.23e-20	7.78e-18	5.83e-16	4.87e-14	4.92e-12	3.55e-09	2.26e-07	7.32e-06	1.13e-04	1.04e-03	5.34e-03	2.06e-02	7.40e-02	3.98e-01	3.74e-01	1.27e-01
 2.03312e+22	0.00e+00	0.00e+00	0.00e+00	0.00e+00	0.00e+00	0.00e+00	7.50e-31	4.13e-28	1.39e-25	1.56e-23	1.61e-21	1.31e-19	1.20e-17	8.68e-16	7.00e-14	6.84e-12	4.75e-09	2.92e-07	9.12e-06	1.37e-04	1.21e-03	6.00e-03	2.24e-02	7.77e-02	4.05e-01	3.67e-01	1.20e-01
 2.05767e+22	0.00e+00	0.00e+00	0.00e+00	0.00e+00	0.00e+00	0.00e+00	1.39e-30	7.43e-28	2.42e-25	2.63e-23	2.63e-21	2.07e-19	1.83e-17	1.28e-15	9.99e-14	9.45e-12	6.33e-09	3.75e-07	1.13e-05	1.64e-04	1.40e-03	6.72e-03	2.43e-02	8.15e-02	4.12e-01	3.60e-01	1.14e-01
 2.08585e+22	0.00e+00	0.00e+00	0.00e+00	0.00e+00	0.00e+00	0.00e+00	3.00e-30	1.53e-27	4.80e-25	5.01e-23	4.80e-21	3.63e-19	3.08e-17	2.07e-15	1.55e-13	1.41e-11	9.00e-09	5.10e-07	1.47e-05	2.04e-04	1.68e-03	7.72e-03	2.68e-02	8.62e-02	4.19e-01	3.52e-01	1.07e-01
 2.11397e+22	0.00e+00	0.00e+00	0.00e+00	0.00e+00	0.00e+00	2.91e-33	5.66e-30	2.80e-27	8.48e-25	8.55e-23	7.92e-21	5.78e-19	4.74e-17	3.08e-15	2.23e-13	1.96e-11	1.20e-08	6.59e-07	1.83e-05	2.46e-04	1.95e-03	8.65e-03	2.90e-02	9.03e-02	4.25e-01	3.44e-01	1.01e-01
 2.13773e+22	0.00e+00	0.00e+00	0.00e+00	0.00e+00	0.00e+00	5.40e-33	1.02e-29	4.89e-27	1.43e-24	1.40e-22	1.26e-20	8.88e-19	7.07e-17	4.45e-15	3.12e-13	2.65e-11	1.58e-08	8.33e-07	2.24e-05	2.91e-04	2.24e-03	9.61e-03	3.12e-02	9.41e-02	4.30e-01	3.37e-01	9.55e-02
 2.16434e+22	0.00e+00	0.00e+00	0.00e+00	0.00e+00	0.00e+00	1.12e-32	2.04e-29	9.42e-27	2.67e-24	2.51e-22	2.17e-20	1.48e-18	1.13e-16	6.87e-15	4.64e-13	3.80e-11	2.17e-08	1.10e-06	2.84e-05	3.55e-04	2.62e-03	1.09e-02	3.39e-02	9.87e-02	4.35e-01	3.29e-01	8.95e-02
 2.19264e+22	0.00e+00	0.00e+00	0.00e+00	0.00e+00	0.00e+00	2.26e-32	3.97e-29	1.77e-26	4.84e-24	4.40e-22	3.67e-20	2.41e-18	1.78e-16	1.04e-14	6.79e-13	5.36e-11	2.94e-08	1.43e-06	3.57e-05	4.29e-04	3.06e-03	1.22e-02	3.68e-02	1.03e-01	4.40e-01	3.20e-01	8.40e-02
 2.21819e+22	0.00e+00	0.00e+00	0.00e+00	0.00e+00	0.00e+00	3.63e-32	6.17e-29	2.66e-26	7.04e-24	7.45e-22	6.00e-20	3.81e-18	2.72e-16	1.54e-14	9.69e-13	7.39e-11	3.91e-08	1.84e-06	4.42e-05	5.13e-04	3.53e-03	1.36e-02	3.96e-02	1.08e-01	4.44e-01	3.12e-01	7.91e-02
 2.24154e+22	0.00e+00	0.00e+00	0.00e+00	0.00e+00	0.00e+00	6.61e-32	1.09e-28	4.57e-26	1.17e-23	1.20e-21	9.38e-20	5.77e-18	4.00e-16	2.19e-14	1.34e-12	9.90e-11	5.05e-08	2.30e-06	5.36e-05	6.02e-04	4.02e-03	1.50e-02	4.24e-02	1.11e-01	4.47e-01	3.04e-01	7.47e-02
 2.26695e+22	0.00e+00	0.00e+00	0.00e+00	0.00e+00	0.00e+00	1.31e-31	2.09e-28	8.45e-26	2.09e-23	2.07e-21	1.56e-19	9.29e-18	6.22e-16	3.29e-14	1.94e-12	1.38e-10	6.79e-08	2.97e-06	6.67e-05	7.23e-04	4.65e-03	1.67e-02	4.56e-02	1.16e-01	4.50e-01	2.96e-01	7.00e-02
 2.29407e+22	0.00e+00	0.00e+00	0.00e+00	0.00e+00	0.00e+00	2.58e-31	3.98e-28	1.56e-25	3.72e-23	3.56e-21	2.59e-19	1.49e-17	9.60e-16	4.90e-14	2.79e-12	1.92e-10	9.08e-08	3.83e-06	8.28e-05	8.66e-04	5.37e-03	1.87e-02	4.91e-02	1.21e-01	4.53e-01	2.87e-01	6.55e-02
 2.31845e+22	0.00e+00	0.00e+00	0.00e+00	0.00e+00	0.00e+00	4.81e-31	7.16e-28	2.72e-25	6.30e-23	5.84e-21	4.12e-19	2.29e-17	1.43e-15	7.07e-14	3.89e-12	2.59e-10	1.18e-07	4.83e-06	1.01e-04	1.02e-03	6.12e-03	2.06e-02	5.24e-02	1.25e-01	4.55e-01	2.79e-01	6.15e-02
 2.34515e+22	0.00e+00	0.00e+00	0.00e+00	0.00e+00	0.00e+00	9.98e-31	1.43e-27	5.24e-25	1.17e-22	1.05e-20	7.10e-19	3.79e-17	2.28e-15	1.09e-13	5.77e-12	3.70e-10	1.62e-07	6.33e-06	1.27e-04	1.24e-03	7.13e-03	2.31e-02	5.66e-02	1.30e-01	4.56e-01	2.69e-01	5.71e-02
 2.37333e+22	0.00e+00	0.00e+00	0.00e+00	0.00e+00	0.00e+00	2.02e-30	2.80e-27	9.87e-25	2.13e-22	1.83e-20	1.20e-18	6.17e-17	3.58e-15	1.64e-13	8.38e-12	5.18e-10	2.18e-07	8.21e-06	1.59e-04	1.48e-03	8.25e-03	2.57e-02	6.08e-02	1.34e-01	4.57e-01	2.59e-01	5.30e-02
 2.39720e+22	0.00e+00	0.00e+00	0.00e+00	0.00e+00	0.00e+00	3.69e-30	4.96e-27	1.70e-24	3.55e-22	2.95e-20	1.87e-18	9.34e-17	5.25e-15	2.33e-13	1.15e-11	6.91e-10	2.81e-07	1.02e-05	1.91e-04	1.74e-03	9.34e-03	2.82e-02	6.45e-02	1.38e-01	4.57e-01	2.51e-01	4.97e-02
 2.41866e+22	0.00e+00	0.00e+00	0.00e+00	0.00e+00	2.17e-33	6.32e-30	8.28e-27	2.76e-24	5.61e-22	4.54e-20	2.80e-18	1.36e-16	7.41e-15	3.20e-13	1.54e-11	8.96e-10	3.53e-07	1.25e-05	2.27e-04	1.99e-03	1.04e-02	3.06e-02	6.80e-02	1.42e-01	4.57e-01	2.44e-01	4.68e-02
 2.44322e+22	0.00e+00	0.00e+00	0.00e+00	0.00e+00	4.35e-33	1.22e-29	1.55e-26	5.00e-24	9.82e-22	7.69e-20	4.57e-18	2.14e-16	1.13e-14	4.72e-13	2.19e-11	1.23e-09	4.67e-07	1.59e-05	2.78e-04	2.36e-03	1.19e-02	3.38e-02	7.25e-02	1.46e-01	4.56e-01	2.34e-01	4.35e-02
 2.46982e+22	0.00e+00	0.00e+00	0.00e+00	0.00e+00	8.12e-33	2.21e-29	2.71e-26	8.43e-24	1.73e-21	1.31e-19	7.50e-18	3.39e-16	1.73e-14	6.95e-13	3.11e-11	1.69e-09	6.18e-07	2.03e-05	3.42e-04	2.80e-03	1.36e-02	3.72e-02	7.72e-02	1.50e-01	4.54e-01	2.25e-01	4.03e-02
 2.49428e+22	0.00e+00	0.00e+00	0.00e+00	0.00e+00	1.57e-32	4.14e-29	4.91e-26	1.48e-23	2.94e-21	2.15e-19	1.19e-17	5.22e-16	2.57e-14	9.99e-13	4.33e-11	2.27e-09	8.02e-07	2.54e-05	4.14e-04	3.28e-03	1.54e-02	4.08e-02	8.17e-02	1.54e-01	4.51e-01	2.16e-01	3.74e-02
 2.52127e+22	0.00e+00	0.00e+00	0.00e+00	0.00e+00	3.41e-32	8.67e-29	9.89e-26	2.87e-23	5.50e-21	3.86e-19	2.06e-17	8.67e-16	4.10e-14	1.53e-12	6.39e-11	3.22e-09	1.09e-06	3.32e-05	5.19e-04	3.95e-03	1.78e-02	4.53e-02	8.72e-02	1.58e-01	4.47e-01	2.06e-01	3.42e-02
 2.54953e+22	0.00e+00	0.00e+00	0.00e+00	0.00e+00	7.17e-32	1.76e-28	1.94e-25	5.42e-23	1.00e-20	6.76e-19	3.48e-17	1.41e-15	6.40e-14	2.30e-12	9.24e-11	4.47e-09	1.46e-06	4.27e-05	6.43e-04	4.70e-03	2.05e-02	5.00e-02	9.27e-02	1.61e-01	4.43e-01	1.96e-01	3.13e-02
 2.57318e+22	0.00e+00	0.00e+00	0.00e+00	0.00e+00	1.34e-31	3.19e-28	3.40e-25	9.25e-23	1.65e-20	1.08e-18	5.39e-17	2.11e-15	9.31e-14	3.24e-12	1.26e-10	5.90e-09	1.86e-06	5.28e-05	7.69e-04	5.45e-03	2.29e-02	5.42e-02	9.73e-02	1.64e-01	4.38e-01	1.88e-01	2.90e-02
 2.59767e+22	0.00e+00	0.00e+00	0.00e+00	0.00e+00	2.72e-31	6.26e-28	6.46e-25	1.70e-22	2.92e-20	1.85e-18	8.87e-17	3.35e-15	1.42e-13	4.78e-12	1.79e-10	8.07e-09	2.46e-06	6.71e-05	9.41e-04	6.42e-03	2.60e-02	5.93e-02	1.03e-01	1.67e-01	4.32e-01	1.78e-01	2.66e-02
 2.62376e+22	0.00e+00	0.00e+00	0.00e+00	0.00e+00	5.37e-31	1.19e-27	1.19e-24	3.02e-22	5.04e-20	3.07e-18	1.42e-16	5.19e-15	2.13e-13	6.90e-12	2.49e-10	1.09e-08	3.19e-06	8.41e-05	1.14e-03	7.50e-03	2.94e-02	6.46e-02	1.08e-01	1.70e-01	4.25e-01	1.70e-01	2.44e-02
 2.64763e+22	0.00e+00	0.00e+00	0.00e+00	0.00e+00	1.02e-30	2.20e-27	2.13e-24	5.24e-22	8.45e-20	4.99e-18	2.23e-16	7.87e-15	3.12e-13	9.77e-12	3.41e-10	1.44e-08	4.09e-06	1.04e-04	1.36e-03	8.68e-03	3.29e-02	6.99e-02	1.13e-01	1.72e-01	4.18e-01	1.61e-01	2.24e-02
 2.67435e+22	0.00e+00	0.00e+00	0.00e+00	0.00e+00	2.20e-30	4.57e-27	4.25e-24	1.04e-21	1.61e-19	9.10e-18	3.91e-16	1.32e-14	5.02e-13	1.51e-11	5.03e-10	2.03e-08	5.55e-06	1.36e-04	1.70e-03	1.04e-02	3.77e-02	7.69e-02	1.19e-01	1.74e-01	4.09e-01	1.51e-01	2.01e-02
 2.70038e+22	0.00e+00	0.00e+00	0.00e+00	0.00e+00	4.17e-30	8.38e-27	7.54e-24	1.78e-21	2.68e-19	1.46e-17	6.08e-16	1.99e-14	7.29e-13	2.12e-11	6.84e-10	2.67e-08	7.06e-06	1.67e-04	2.03e-03	1.20e-02	4.20e-02	8.27e-02	1.24e-01	1.76e-01	4.00e-01	1.43e-01	1.84e-02
 2.72173e+22	0.00e+00	0.00e+00	0.00e+00	1.22e-33	7.45e-30	1.46e-26	1.27e-23	2.93e-21	4.26e-19	2.26e-17	9.11e-16	2.88e-14	1.03e-12	2.89e-11	9.04e-10	3.42e-08	8.79e-06	2.02e-04	2.38e-03	1.36e-02	4.62e-02	8.83e-02	1.28e-01	1.77e-01	3.92e-01	1.36e-01	1.69e-02
 2.74567e+22	0.00e+00	0.00e+00	0.00e+00	2.57e-33	1.52e-29	2.87e-26	2.42e-23	5.37e-21	7.54e-19	3.85e-17	1.49e-15	4.55e-14	1.56e-12	4.22e-11	1.27e-09	4.62e-08	1.15e-05	2.54e-04	2.88e-03	1.59e-02	5.19e-02	9.55e-02	1.34e-01	1.77e-01	3.81e-01	1.27e-01	1.52e-02
 2.77083e+22	0.00e+00	0.00e+00	0.00e+00	5.02e-33	2.88e-29	5.28e-26	4.31e-23	9.26e-21	1.26e-18	6.21e-17	2.33e-15	6.84e-14	2.26e-12	5.91e-11	1.72e-09	6.04e-08	1.45e-05	3.11e-04	3.42e-03	1.82e-02	5.75e-02	1.02e-01	1.38e-01	1.77e-01	3.70e-01	1.19e-01	1.38e-02
 2.79393e+22	0.00e+00	0.00e+00	0.00e+00	9.76e-33	5.44e-29	9.65e-26	7.63e-23	1.59e-20	2.08e-18	9.95e-17	3.60e-15	1.02e-13	3.27e-12	8.25e-11	2.32e-09	7.86e-08	1.83e-05	3.80e-04	4.04e-03	2.08e-02	6.34e-02	1.09e-01	1.43e-01	1.77e-01	3.59e-01	1.12e-01	1.25e-02
 2.82031e+22	0.00e+00	0.00e+00	0.00e+00	2.21e-32	1.18e-28	2.02e-25	1.54e-22	3.08e-20	3.88e-18	1.78e-16	6.15e-15	1.68e-13	5.13e-12	1.24e-10	3.33e-09	1.08e-07	2.43e-05	4.85e-04	4.95e-03	2.44e-02	7.14e-02	1.18e-01	1.48e-01	1.76e-01	3.44e-01	1.03e-01	1.10e-02
 2.84633e+22	0.00e+00	0.00e+00	0.00e+00	4.45e-32	2.31e-28	3.83e-25	2.81e-22	5.43e-20	6.61e-18	2.91e-16	9.74e-15	2.55e-13	7.53e-12	1.75e-10	4.54e-09	1.42e-07	3.09e-05	5.97e-04	5.88e-03	2.79e-02	7.88e-02	1.25e-01	1.51e-01	1.74e-01	3.31e-01	9.51e-02	9.85e-03
 2.86733e+22	0.00e+00	0.00e+00	0.00e+00	8.27e-32	4.18e-28	6.71e-25	4.78e-22	8.95e-20	1.06e-17	4.51e-16	1.46e-14	3.69e-13	1.05e-11	2.37e-10	5.93e-09	1.80e-07	3.81e-05	7.14e-04	6.82e-03	3.14e-02	8.58e-02	1.32e-01	1.55e-01	1.72e-01	3.19e-01	8.87e-02	8.90e-03
 2.89006e+22	0.00e+00	0.00e+00	0.00e+00	1.66e-31	8.15e-28	1.27e-24	8.71e-22	1.58e-19	1.79e-17	7.38e-16	2.30e-14	5.62e-13	1.54e-11	3.34e-10	8.05e-09	2.35e-07	4.83e-05	8.74e-04	8.06e-03	3.57e-02	9.42e-02	1.40e-01	1.58e-01	1.69e-01	3.05e-01	8.17e-02	7.90e-03
 2.91440e+22	0.00e+00	0.00e+00	0.00e+00	3.36e-31	1.59e-27	2.39e-24	1.59e-21	2.77e-19	3.04e-17	1.21e-15	3.62e-14	8.50e-13	2.24e-11	4.68e-10	1.08e-08	3.05e-07	6.08e-05	1.07e-03	9.49e-03	4.06e-02	1.03e-01	1.47e-01	1.60e-01	1.66e-01	2.90e-01	7.49e-02	6.98e-03
 2.93635e+22	0.00e+00	0.00e+00	0.00e+00	6.10e-31	2.81e-27	4.10e-24	2.68e-21	4.53e-19	4.82e-17	1.85e-15	5.36e-14	1.22e-12	3.12e-11	6.28e-10	1.41e-08	3.83e-07	7.43e-05	1.26e-03	1.09e-02	4.52e-02	1.11e-01	1.54e-01	1.62e-01	1.63e-01	2.77e-01	6.93e-02	6.25e-03
 2.96039e+22	0.00e+00	0.00e+00	0.00e+00	1.33e-30	5.93e-27	8.33e-24	5.23e-21	8.51e-19	8.69e-17	3.19e-15	8.87e-14	1.93e-12	4.73e-11	9.12e-10	1.96e-08	5.09e-07	9.56e-05	1.57e-03	1.30e-02	5.18e-02	1.22e-01	1.62e-01	1.64e-01	1.58e-01	2.60e-01	6.24e-02	5.40e-03
 2.98413e+22	0.00e+00	0.00e+00	0.00e+00	2.56e-30	1.10e-26	1.50e-23	9.13e-21	1.44e-18	1.42e-16	5.02e-15	1.35e-13	2.82e-12	6.65e-11	1.24e-09	2.56e-08	6.42e-07	1.17e-04	1.87e-03	1.51e-02	5.78e-02	1.32e-01	1.68e-01	1.65e-01	1.53e-01	2.46e-01	5.69e-02	4.75e-03
 3.00372e+22	0.00e+00	0.00e+00	0.00e+00	4.50e-30	1.89e-26	2.51e-23	1.48e-20	2.26e-18	2.16e-16	7.44e-15	1.93e-13	3.93e-12	8.96e-11	1.61e-09	3.23e-08	7.86e-07	1.40e-04	2.17e-03	1.70e-02	6.34e-02	1.40e-01	1.74e-01	1.65e-01	1.49e-01	2.33e-01	5.24e-02	4.25e-03
 3.02539e+22	0.00e+00	0.00e+00	0.00e+00	9.01e-30	3.66e-26	4.69e-23	2.67e-20	3.94e-18	3.63e-16	1.20e-14	3.00e-13	5.86e-12	1.29e-10	2.23e-09	4.28e-08	1.00e-06	1.74e-04	2.61e-03	1.97e-02	7.08e-02	1.51e-01	1.80e-01	1.64e-01	1.43e-01	2.18e-01	4.71e-02	3.68e-03
 3.04835e+22	0.00e+00	0.00e+00	0.00e+00	1.73e-29	6.82e-26	8.48e-23	4.66e-20	6.65e-18	5.91e-16	1.89e-14	4.53e-13	8.54e-12	1.80e-10	3.01e-09	5.57e-08	1.26e-06	2.12e-04	3.09e-03	2.26e-02	7.83e-02	1.61e-01	1.85e-01	1.63e-01	1.38e-01	2.03e-01	4.25e-02	3.20e-03
 3.06912e+22	0.00e+00	0.00e+00	1.28e-33	3.21e-29	1.23e-25	1.48e-22	7.89e-20	1.09e-17	9.36e-16	2.88e-14	6.69e-13	1.22e-11	2.48e-10	3.98e-09	7.12e-08	1.55e-06	2.55e-04	3.61e-03	2.56e-02	8.59e-02	1.70e-01	1.90e-01	1.62e-01	1.32e-01	1.90e-01	3.83e-02	2.79e-03
 3.09225e+22	0.00e+00	0.00e+00	2.87e-33	6.91e-29	2.54e-25	2.96e-22	1.51e-19	2.01e-17	1.65e-15	4.87e-14	1.08e-12	1.88e-11	3.66e-10	5.63e-09	9.61e-08	2.00e-06	3.19e-04	4.36e-03	2.98e-02	9.58e-02	1.82e-01	1.94e-01	1.59e-01	1.25e-01	1.74e-01	3.36e-02	2.35e-03
 3.11581e+22	0.00e+00	0.00e+00	5.65e-33	1.32e-28	4.70e-25	5.29e-22	2.62e-19	3.35e-17	2.67e-15	7.57e-14	1.62e-12	2.71e-11	5.08e-10	7.52e-09	1.24e-07	2.47e-06	3.85e-04	5.11e-03	3.38e-02	1.05e-01	1.92e-01	1.98e-01	1.56e-01	1.18e-01	1.60e-01	2.99e-02	2.02e-03
 3.13581e+22	0.00e+00	0.00e+00	1.04e-32	2.36e-28	8.18e-25	8.94e-22	4.29e-19	5.33e-17	4.10e-15	1.12e-13	2.32e-12	3.76e-11	6.81e-10	9.73e-09	1.54e-07	2.99e-06	4.54e-04	5.86e-03	3.77e-02	1.13e-01	2.01e-01	2.00e-01	1.53e-01	1.12e-01	1.49e-01	2.68e-02	1.75e-03
 3.15773e+22	0.00e+00	0.00e+00	2.24e-32	4.90e-28	1.64e-24	1.73e-21	7.97e-19	9.52e-17	7.02e-15	1.85e-13	3.66e-12	5.66e-11	9.81e-10	1.34e-08	2.04e-07	3.78e-06	5.57e-04	6.95e-03	4.30e-02	1.24e-01	2.11e-01	2.02e-01	1.48e-01	1.04e-01	1.34e-01	2.33e-02	1.46e-03
 3.17991e+22	0.00e+00	0.00e+00	4.31e-32	9.11e-28	2.96e-24	3.04e-21	1.35e-18	1.56e-16	1.11e-14	2.82e-13	5.37e-12	8.01e-11	1.34e-09	1.76e-08	2.57e-07	4.58e-06	6.60e-04	8.01e-03	4.81e-02	1.34e-01	2.20e-01	2.03e-01	1.44e-01	9.79e-02	1.23e-01	2.05e-02	1.24e-03
 3.19899e+22	0.00e+00	0.00e+00	7.76e-32	1.59e-27	5.03e-24	5.03e-21	2.17e-18	2.43e-16	1.68e-14	4.11e-13	7.58e-12	1.09e-10	1.76e-09	2.24e-08	3.16e-07	5.46e-06	7.67e-04	9.08e-03	5.29e-02	1.43e-01	2.27e-01	2.03e-01	1.39e-01	9.21e-02	1.13e-01	1.83e-02	1.07e-03
 3.22036e+22	0.00e+00	0.00e+00	1.67e-31	3.30e-27	1.00e-23	9.67e-21	4.02e-18	4.32e-16	2.85e-14	6.70e-13	1.18e-11	1.63e-10	2.51e-09	3.06e-08	4.12e-07	6.81e-06	9.30e-04	1.06e-02	5.98e-02	1.55e-01	2.36e-01	2.02e-01	1.33e-01	8.46e-02	1.01e-01	1.56e-02	8.81e-04
 3.24225e+22	0.00e+00	0.00e+00	3.10e-31	5.95e-27	1.76e-23	1.64e-20	6.61e-18	6.88e-16	4.39e-14	9.95e-13	1.69e-11	2.25e-10	3.35e-09	3.93e-08	5.11e-07	8.13e-06	1.08e-03	1.21e-02	6.57e-02	1.65e-01	2.43e-01	2.01e-01	1.28e-01	7.87e-02	9.12e-02	1.37e-02	7.47e-04
 3.26149e+22	0.00e+00	0.00e+00	5.76e-31	1.07e-26	3.08e-23	2.79e-20	1.09e-17	1.09e-15	6.74e-14	1.47e-12	2.42e-11	3.10e-10	4.44e-09	5.02e-08	6.29e-07	9.66e-06	1.26e-03	1.36e-02	7.21e-02	1.75e-01	2.49e-01	1.99e-01	1.23e-01	7.29e-02	8.25e-02	1.20e-02	6.31e-04
 3.28015e+22	0.00e+00	0.00e+00	1.04e-30	1.88e-26	5.24e-23	4.61e-20	1.74e-17	1.70e-15	1.01e-13	2.14e-12	3.39e-11	4.20e-10	5.81e-09	6.35e-08	7.67e-07	1.14e-05	1.45e-03	1.53e-02	7.85e-02	1.84e-01	2.54e-01	1.96e-01	1.17e-01	6.76e-02	7.47e-02	1.05e-02	5.36e-04
 3.30139e+22	0.00e+00	0.00e+00	2.15e-30	3.75e-26	1.01e-22	8.58e-20	3.12e-17	2.93e-15	1.68e-13	3.39e-12	5.15e-11	6.11e-10	8.08e-09	8.45e-08	9.77e-07	1.39e-05	1.72e-03	1.75e-02	8.69e-02	1.96e-01	2.59e-01	1.93e-01	1.10e-01	6.12e-02	6.58e-02	8.90e-03	4.36e-04
 3.32307e+22	0.00e+00	0.00e+00	4.10e-30	6.92e-26	1.80e-22	1.49e-19	5.21e-17	4.72e-15	2.61e-13	5.08e-12	7.42e-11	8.47e-10	1.08e-08	1.08e-07	1.21e-06	1.65e-05	1.99e-03	1.97e-02	9.47e-02	2.06e-01	2.62e-01	1.88e-01	1.04e-01	5.59e-02	5.86e-02	7.64e-03	3.61e-04
 3.34175e+22	0.00e+00	0.00e+00	7.46e-30	1.22e-25	3.09e-22	2.47e-19	8.39e-17	7.36e-15	3.92e-13	7.39e-12	1.04e-10	1.15e-09	1.41e-08	1.36e-07	1.46e-06	1.93e-05	2.27e-03	2.19e-02	1.02e-01	2.15e-01	2.65e-01	1.84e-01	9.85e-02	5.11e-02	5.24e-02	6.62e-03	3.02e-04
 3.36250e+22	0.00e+00	0.00e+00	1.57e-29	2.48e-25	6.04e-22	4.65e-19	1.52e-16	1.28e-14	6.53e-13	1.18e-11	1.58e-10	1.67e-09	1.95e-08	1.81e-07	1.85e-06	2.34e-05	2.67e-03	2.50e-02	1.12e-01	2.27e-01	2.67e-01	1.78e-01	9.14e-02	4.56e-02	4.54e-02	5.50e-03	2.41e-04
 3.38364e+22	0.00e+00	0.00e+00	2.87e-29	4.37e-25	1.04e-21	7.75e-19	2.45e-16	2.00e-14	9.84e-13	1.71e-11	2.22e-10	2.26e-09	2.55e-08	2.27e-07	2.24e-06	2.73e-05	3.04e-03	2.77e-02	1.21e-01	2.35e-01	2.68e-01	1.72e-01	8.57e-02	4.14e-02	4.04e-02	4.72e-03	2.00e-04
 3.40532e+22	0.00e+00	6.35e-34	6.21e-29	9.11e-25	2.08e-21	1.49e-18	4.53e-16	3.54e-14	1.67e-12	2.76e-11	3.43e-10	3.32e-09	3.57e-08	3.04e-07	2.86e-06	3.32e-05	3.58e-03	3.14e-02	1.32e-01	2.46e-01	2.68e-01	1.65e-01	7.86e-02	3.64e-02	3.45e-02	3.86e-03	1.56e-04
 3.42678e+22	0.00e+00	1.20e-33	1.14e-28	1.62e-24	3.58e-21	2.50e-18	7.32e-16	5.53e-14	2.51e-12	4.02e-11	4.80e-10	4.48e-09	4.65e-08	3.81e-07	3.45e-06	3.86e-05	4.06e-03	3.46e-02	1.41e-01	2.54e-01	2.67e-01	1.59e-01	7.31e-02	3.28e-02	3.03e-02	3.28e-03	1.29e-04
 3.44795e+22	0.00e+00	2.64e-33	2.39e-28	3.26e-24	6.95e-21	4.67e-18	1.32e-15	9.54e-14	4.15e-12	6.35e-11	7.25e-10	6.46e-09	6.40e-08	5.01e-07	4.33e-06	4.62e-05	4.71e-03	3.89e-02	1.52e-01	2.64e-01	2.65e-01	1.51e-01	6.67e-02	2.88e-02	2.59e-02	2.68e-03	1.01e-04
 3.46967e+22	0.00e+00	5.13e-33	4.49e-28	5.93e-24	1.22e-20	7.97e-18	2.17e-15	1.52e-13	6.36e-12	9.37e-11	1.03e-09	8.82e-09	8.39e-08	6.32e-07	5.24e-06	5.39e-05	5.35e-03	4.28e-02	1.62e-01	2.71e-01	2.63e-01	1.44e-01	6.15e-02	2.56e-02	2.25e-02	2.25e-03	8.15e-05
 3.48910e+22	0.00e+00	1.02e-32	8.57e-28	1.10e-23	2.19e-20	1.38e-17	3.61e-15	2.44e-13	9.83e-12	1.39e-10	1.47e-09	1.21e-08	1.10e-07	7.97e-07	6.35e-06	6.27e-05	6.05e-03	4.70e-02	1.73e-01	2.78e-01	2.59e-01	1.37e-01	5.63e-02	2.27e-02	1.94e-02	1.87e-03	6.54e-05
 3.50763e+22	0.00e+00	1.87e-32	1.52e-27	1.89e-23	3.65e-20	2.23e-17	5.68e-15	3.71e-13	1.45e-11	1.97e-10	2.01e-09	1.60e-08	1.41e-07	9.80e-07	7.52e-06	7.17e-05	6.75e-03	5.10e-02	1.82e-01	2.83e-01	2.55e-01	1.31e-01	5.20e-02	2.03e-02	1.70e-02	1.59e-03	5.36e-05
 3.52532e+22	0.00e+00	3.38e-32	2.66e-27	3.20e-23	6.02e-20	3.58e-17	8.83e-15	5.59e-13	2.10e-11	2.78e-10	2.73e-09	2.09e-08	1.78e-07	1.20e-06	8.88e-06	8.17e-05	7.50e-03	5.52e-02	1.91e-01	2.88e-01	2.51e-01	1.24e-01	4.80e-02	1.82e-02	1.49e-02	1.35e-03	4.41e-05
 3.54564e+22	0.00e+00	7.46e-32	5.63e-27	6.50e-23	1.18e-19	6.72e-17	1.59e-14	9.65e-13	3.47e-11	4.37e-10	4.10e-09	3.00e-08	2.44e-07	1.56e-06	1.10e-05	9.67e-05	8.59e-03	6.11e-02	2.04e-01	2.94e-01	2.45e-01	1.16e-01	4.29e-02	1.56e-02	1.25e-02	1.08e-03	3.38e-05
 3.56581e+22	0.00e+00	1.38e-31	1.01e-26	1.13e-22	1.98e-19	1.10e-16	2.51e-14	1.48e-12	5.12e-11	6.23e-10	5.63e-09	3.97e-08	3.10e-07	1.92e-06	1.30e-05	1.10e-04	9.53e-03	6.59e-02	2.14e-01	2.97e-01	2.39e-01	1.09e-01	3.92e-02	1.38e-02	1.08e-02	9.03e-04	2.73e-05
 3.58185e+22	0.00e+00	2.34e-31	1.66e-26	1.80e-22	3.08e-19	1.66e-16	3.71e-14	2.11e-12	7.12e-11	8.40e-10	7.36e-09	5.03e-08	3.81e-07	2.28e-06	1.50e-05	1.23e-04	1.04e-02	7.03e-02	2.22e-01	3.00e-01	2.34e-01	1.04e-01	3.63e-02	1.24e-02	9.58e-03	7.76e-04	2.28e-05
 3.59878e+22	0.00e+00	4.48e-31	3.06e-26	3.22e-22	5.32e-19	2.79e-16	6.00e-14	3.30e-12	1.07e-10	1.22e-09	1.03e-08	6.74e-08	4.91e-07	2.82e-06	1.78e-05	1.41e-04	1.16e-02	7.59e-02	2.32e-01	3.03e-01	2.27e-01	9.75e-02	3.28e-02	1.09e-02	8.21e-03	6.41e-04	1.82e-05
 3.61493e+22	0.00e+00	7.26e-31	4.82e-26	4.95e-22	7.98e-19	4.08e-16	8.56e-14	4.59e-12	1.45e-10	1.60e-09	1.31e-08	8.36e-08	5.91e-07	3.30e-06	2.03e-05	1.55e-04	1.25e-02	8.02e-02	2.40e-01	3.04e-01	2.22e-01	9.28e-02	3.05e-02	9.86e-03	7.31e-03	5.55e-04	1.53e-05
 3.62792e+22	0.00e+00	1.17e-30	7.56e-26	7.57e-22	1.19e-18	5.94e-16	1.22e-13	6.36e-12	1.95e-10	2.09e-09	1.67e-08	1.03e-07	7.10e-07	3.85e-06	2.29e-05	1.71e-04	1.35e-02	8.46e-02	2.47e-01	3.05e-01	2.17e-01	8.82e-02	2.82e-02	8.92e-03	6.51e-03	4.81e-04	1.30e-05
 3.64063e+22	0.00e+00	1.83e-30	1.15e-25	1.13e-21	1.73e-18	8.45e-16	1.69e-13	8.62e-12	2.57e-10	2.69e-09	2.09e-08	1.26e-07	8.43e-07	4.45e-06	2.58e-05	1.87e-04	1.44e-02	8.88e-02	2.54e-01	3.06e-01	2.12e-01	8.41e-02	2.63e-02	8.12e-03	5.83e-03	4.21e-04	1.10e-05
 3.65305e+22	0.00e+00	2.77e-30	1.71e-25	1.63e-21	2.46e-18	1.18e-15	2.30e-13	1.15e-11	3.34e-10	3.41e-09	2.58e-08	1.52e-07	9.89e-07	5.09e-06	2.87e-05	2.03e-04	1.54e-02	9.30e-02	2.60e-01	3.07e-01	2.07e-01	8.02e-02	2.45e-02	7.42e-03	5.26e-03	3.70e-04	9.50e-06
 3.66707e+22	0.00e+00	4.88e-30	2.90e-25	2.70e-21	3.94e-18	1.83e-15	3.47e-13	1.68e-11	4.74e-10	4.68e-09	3.42e-08	1.95e-07	1.23e-06	6.09e-06	3.32e-05	2.27e-04	1.67e-02	9.86e-02	2.69e-01	3.07e-01	2.00e-01	7.52e-02	2.23e-02	6.56e-03	4.56e-03	3.11e-04	7.74e-06
 3.68098e+22	0.00e+00	7.58e-30	4.40e-25	3.99e-21	5.70e-18	2.59e-15	4.80e-13	2.27e-11	6.23e-10	5.99e-09	4.26e-08	2.37e-07	1.45e-06	7.01e-06	3.72e-05	2.47e-04	1.79e-02	1.03e-01	2.75e-01	3.06e-01	1.95e-01	7.14e-02	2.07e-02	5.95e-03	4.08e-03	2.71e-04	6.58e-06
 3.69291e+22	0.00e+00	1.17e-29	6.62e-25	5.86e-21	8.18e-18	3.64e-15	6.59e-13	3.04e-11	8.15e-10	7.63e-09	5.29e-08	2.86e-07	1.71e-06	8.04e-06	4.15e-05	2.69e-04	1.90e-02	1.08e-01	2.81e-01	3.06e-01	1.89e-01	6.78e-02	1.92e-02	5.40e-03	3.65e-03	2.37e-04	5.61e-06
 3.70441e+22	0.00e+00	1.77e-29	9.78e-25	8.48e-21	1.16e-17	5.04e-15	8.92e-13	4.03e-11	1.05e-09	9.63e-09	6.51e-08	3.44e-07	2.00e-06	9.17e-06	4.61e-05	2.91e-04	2.02e-02	1.12e-01	2.87e-01	3.05e-01	1.84e-01	6.44e-02	1.79e-02	4.91e-03	3.28e-03	2.08e-04	4.80e-06
 3.71540e+22	0.00e+00	2.61e-29	1.41e-24	1.20e-20	1.60e-17	6.83e-15	1.18e-12	5.24e-11	1.34e-09	1.19e-08	7.90e-08	4.07e-07	2.31e-06	1.04e-05	5.08e-05	3.13e-04	2.14e-02	1.17e-01	2.93e-01	3.04e-01	1.79e-01	6.14e-02	1.67e-02	4.50e-03	2.96e-03	1.84e-04	4.15e-06
 3.72792e+22	0.00e+00	4.34e-29	2.27e-24	1.88e-20	2.44e-17	1.02e-14	1.72e-12	7.38e-11	1.83e-09	1.59e-08	1.02e-07	5.08e-07	2.80e-06	1.21e-05	5.77e-05	3.45e-04	2.30e-02	1.22e-01	3.00e-01	3.02e-01	1.73e-01	5.76e-02	1.52e-02	4.00e-03	2.59e-03	1.56e-04	3.43e-06
 3.74062e+22	0.00e+00	6.53e-29	3.34e-24	2.70e-20	3.43e-17	1.40e-14	2.31e-12	9.73e-11	2.35e-09	1.99e-08	1.25e-07	6.08e-07	3.26e-06	1.38e-05	6.39e-05	3.73e-04	2.43e-02	1.27e-01	3.05e-01	3.00e-01	1.68e-01	5.46e-02	1.41e-02	3.64e-03	2.32e-03	1.37e-04	2.93e-06
 3.75355e+22	0.00e+00	1.13e-28	5.62e-24	4.40e-20	5.43e-17	2.15e-14	3.45e-12	1.41e-10	3.30e-09	2.71e-08	1.64e-07	7.72e-07	4.00e-06	1.64e-05	7.33e-05	4.13e-04	2.62e-02	1.34e-01	3.12e-01	2.98e-01	1.61e-01	5.07e-02	1.28e-02	3.19e-03	2.00e-03	1.14e-04	2.38e-06
 3.76627e+22	0.00e+00	1.70e-28	8.21e-24	6.29e-20	7.59e-17	2.95e-14	4.63e-12	1.85e-10	4.23e-09	3.38e-08	2.00e-07	9.21e-07	4.65e-06	1.86e-05	8.09e-05	4.45e-04	2.77e-02	1.39e-01	3.17e-01	2.95e-01	1.56e-01	4.80e-02	1.18e-02	2.90e-03	1.80e-03	1.00e-04	2.03e-06
 3.77667e+22	0.00e+00	2.53e-28	1.20e-23	8.95e-20	1.06e-16	4.02e-14	6.18e-12	2.42e-10	5.39e-09	4.22e-08	2.43e-07	1.09e-06	5.39e-06	2.10e-05	8.92e-05	4.78e-04	2.92e-02	1.43e-01	3.22e-01	2.93e-01	1.51e-01	4.55e-02	1.10e-02	2.63e-03	1.61e-03	8.77e-05	1.74e-06
 3.78644e+22	0.00e+00	3.67e-28	1.69e-23	1.24e-19	1.43e-16	5.36e-14	8.08e-12	3.10e-10	6.76e-09	5.17e-08	2.92e-07	1.28e-06	6.18e-06	2.35e-05	9.76e-05	5.11e-04	3.06e-02	1.48e-01	3.26e-01	2.91e-01	1.46e-01	4.32e-02	1.02e-02	2.41e-03	1.46e-03	7.75e-05	1.51e-06
 3.79741e+22	0.00e+00	5.82e-28	2.61e-23	1.86e-19	2.10e-16	7.66e-14	1.13e-11	4.22e-10	8.95e-09	6.67e-08	3.66e-07	1.56e-06	7.33e-06	2.71e-05	1.09e-04	5.56e-04	3.25e-02	1.54e-01	3.31e-01	2.88e-01	1.41e-01	4.05e-02	9.34e-03	2.15e-03	1.28e-03	6.64e-05	1.26e-06
 3.80871e+22	0.00e+00	8.82e-28	3.85e-23	2.69e-19	2.95e-16	1.06e-13	1.52e-11	5.56e-10	1.15e-08	8.38e-08	4.49e-07	1.87e-06	8.54e-06	3.08e-05	1.21e-04	5.98e-04	3.43e-02	1.59e-01	3.36e-01	2.85e-01	1.36e-01	3.81e-02	8.61e-03	1.94e-03	1.14e-03	5.77e-05	1.07e-06
 3.81856e+22	0.00e+00	1.26e-27	5.40e-23	3.69e-19	3.97e-16	1.40e-13	1.97e-11	7.08e-10	1.43e-08	1.02e-07	5.35e-07	2.18e-06	9.75e-06	3.43e-05	1.32e-04	6.38e-04	3.59e-02	1.64e-01	3.40e-01	2.82e-01	1.31e-01	3.62e-02	8.02e-03	1.77e-03	1.03e-03	5.10e-05	9.24e-07
 3.82953e+22	0.00e+00	2.10e-27	8.68e-23	5.76e-19	6.02e-16	2.06e-13	2.83e-11	9.91e-10	1.95e-08	1.35e-07	6.85e-07	2.71e-06	1.17e-05	4.00e-05	1.48e-04	6.98e-04	3.82e-02	1.70e-01	3.45e-01	2.77e-01	1.25e-01	3.36e-02	7.24e-03	1.56e-03	8.93e-04	4.29e-05	7.55e-07
 3.84051e+22	0.00e+00	3.08e-27	1.25e-22	8.08e-19	8.26e-16	2.77e-13	3.74e-11	1.28e-09	2.46e-08	1.67e-07	8.27e-07	3.20e-06	1.35e-05	4.50e-05	1.63e-04	7.46e-04	4.00e-02	1.75e-01	3.48e-01	2.74e-01	1.21e-01	3.17e-02	6.70e-03	1.42e-03	8.00e-04	3.76e-05	6.46e-07
 3.85151e+22	0.00e+00	5.09e-27	1.99e-22	1.25e-18	1.25e-15	4.07e-13	5.35e-11	1.79e-09	3.33e-08	2.19e-07	1.06e-06	3.97e-06	1.62e-05	5.23e-05	1.83e-04	8.15e-04	4.25e-02	1.82e-01	3.53e-01	2.69e-01	1.15e-01	2.93e-02	6.04e-03	1.24e-03	6.92e-04	3.15e-05	5.26e-07
 3.86268e+22	0.00e+00	7.65e-27	2.92e-22	1.79e-18	1.74e-15	5.56e-13	7.16e-11	2.34e-09	4.26e-08	2.74e-07	1.29e-06	4.72e-06	1.88e-05	5.92e-05	2.02e-04	8.75e-04	4.47e-02	1.87e-01	3.56e-01	2.66e-01	1.11e-01	2.75e-02	5.55e-03	1.12e-03	6.14e-04	2.73e-05	4.45e-07
 3.87228e+22	0.00e+00	1.11e-26	4.13e-22	2.48e-18	2.35e-15	7.39e-13	9.33e-11	2.99e-09	5.33e-08	3.36e-07	1.54e-06	5.53e-06	2.15e-05	6.62e-05	2.20e-04	9.33e-04	4.67e-02	1.92e-01	3.59e-01	2.62e-01	1.07e-01	2.60e-02	5.14e-03	1.02e-03	5.51e-04	2.40e-05	3.82e-07
 3.88296e+22	0.00e+00	1.88e-26	6.76e-22	3.93e-18	3.61e-15	1.10e-12	1.36e-10	4.24e-09	7.33e-08	4.48e-07	2.00e-06	6.93e-06	2.61e-05	7.75e-05	2.49e-04	1.02e-03	4.96e-02	1.99e-01	3.63e-01	2.56e-01	1.01e-01	2.38e-02	4.59e-03	8.83e-04	4.71e-04	1.99e-05	3.07e-07
 3.89342e+22	0.00e+00	2.68e-26	9.42e-22	5.36e-18	4.82e-15	1.45e-12	1.75e-10	5.37e-09	9.08e-08	5.44e-07	2.37e-06	8.06e-06	2.97e-05	8.63e-05	2.71e-04	1.09e-03	5.16e-02	2.04e-01	3.65e-01	2.53e-01	9.71e-02	2.25e-02	4.25e-03	8.04e-04	4.24e-04	1.75e-05	2.64e-07
 3.90362e+22	0.00e+00	4.43e-26	1.51e-21	8.31e-18	7.24e-15	2.12e-12	2.50e-10	7.48e-09	1.23e-07	7.16e-07	3.03e-06	1.00e-05	3.57e-05	1.00e-04	3.05e-04	1.18e-03	5.46e-02	2.11e-01	3.68e-01	2.47e-01	9.19e-02	2.07e-02	3.81e-03	7.01e-04	3.64e-04	1.45e-05	2.13e-07
 3.91364e+22	0.00e+00	6.22e-26	2.07e-21	1.12e-17	9.53e-15	2.74e-12	3.18e-10	9.37e-09	1.51e-07	8.62e-07	3.58e-06	1.16e-05	4.04e-05	1.11e-04	3.30e-04	1.25e-03	5.68e-02	2.15e-01	3.70e-01	2.43e-01	8.84e-02	1.95e-02	3.53e-03	6.39e-04	3.28e-04	1.28e-05	1.84e-07
 3.92341e+22	0.00e+00	1.02e-25	3.28e-21	1.72e-17	1.42e-14	3.98e-12	4.52e-10	1.30e-08	2.03e-07	1.13e-06	4.56e-06	1.43e-05	4.84e-05	1.29e-04	3.71e-04	1.36e-03	6.00e-02	2.22e-01	3.73e-01	2.38e-01	8.35e-02	1.79e-02	3.16e-03	5.57e-04	2.81e-04	1.07e-05	1.49e-07
 3.93316e+22	0.00e+00	1.45e-25	4.54e-21	2.32e-17	1.88e-14	5.18e-12	5.78e-10	1.63e-08	2.51e-07	1.37e-06	5.41e-06	1.66e-05	5.50e-05	1.43e-04	4.02e-04	1.45e-03	6.23e-02	2.27e-01	3.75e-01	2.33e-01	8.02e-02	1.69e-02	2.92e-03	5.06e-04	2.52e-04	9.37e-06	1.28e-07
 3.94287e+22	0.00e+00	2.37e-25	7.17e-21	3.55e-17	2.79e-14	7.50e-12	8.18e-10	2.26e-08	3.37e-07	1.79e-06	6.89e-06	2.05e-05	6.58e-05	1.66e-04	4.51e-04	1.57e-03	6.57e-02	2.34e-01	3.77e-01	2.28e-01	7.56e-02	1.55e-02	2.61e-03	4.40e-04	2.16e-04	7.77e-06	0.00e+00
 3.95266e+22	0.00e+00	3.40e-25	1.00e-20	4.86e-17	3.72e-14	9.83e-12	1.06e-09	2.87e-08	4.20e-07	2.19e-06	8.22e-06	2.40e-05	7.51e-05	1.85e-04	4.91e-04	1.67e-03	6.83e-02	2.39e-01	3.78e-01	2.23e-01	7.23e-02	1.45e-02	2.40e-03	3.97e-04	1.92e-04	6.76e-06	0.00e+00
 3.96255e+22	0.00e+00	5.62e-25	1.60e-20	7.48e-17	5.55e-14	1.43e-11	1.50e-09	4.00e-08	5.68e-07	2.89e-06	1.05e-05	2.98e-05	9.04e-05	2.16e-04	5.52e-04	1.82e-03	7.20e-02	2.45e-01	3.79e-01	2.17e-01	6.79e-02	1.32e-02	2.13e-03	3.43e-04	1.63e-04	5.56e-06	0.00e+00
 3.97252e+22	0.00e+00	8.09e-25	2.25e-20	1.03e-16	7.43e-14	1.88e-11	1.94e-09	5.10e-08	7.10e-07	3.53e-06	1.26e-05	3.49e-05	1.03e-04	2.41e-04	6.02e-04	1.94e-03	7.49e-02	2.50e-01	3.80e-01	2.12e-01	6.47e-02	1.23e-02	1.95e-03	3.08e-04	1.45e-04	4.81e-06	0.00e+00
 3.98258e+22	0.00e+00	1.32e-24	3.54e-20	1.56e-16	1.10e-13	2.71e-11	2.75e-09	7.06e-08	9.56e-07	4.64e-06	1.61e-05	4.32e-05	1.24e-04	2.80e-04	6.76e-04	2.10e-03	7.88e-02	2.57e-01	3.81e-01	2.06e-01	6.06e-02	1.12e-02	1.73e-03	2.65e-04	1.23e-04	3.95e-06	0.00e+00
 3.99255e+22	2.83e-34	1.91e-24	4.99e-20	2.15e-16	1.47e-13	3.57e-11	3.56e-09	9.02e-08	1.20e-06	5.70e-06	1.94e-05	5.08e-05	1.42e-04	3.14e-04	7.38e-04	2.24e-03	8.19e-02	2.62e-01	3.81e-01	2.01e-01	5.76e-02	1.04e-02	1.58e-03	2.37e-04	1.08e-04	3.40e-06	0.00e+00
 4.00240e+22	4.76e-34	3.08e-24	7.73e-20	3.22e-16	2.14e-13	5.08e-11	4.98e-09	1.24e-07	1.60e-06	7.43e-06	2.46e-05	6.27e-05	1.70e-04	3.63e-04	8.26e-04	2.43e-03	8.61e-02	2.69e-01	3.81e-01	1.95e-01	5.39e-02	9.49e-03	1.40e-03	2.05e-04	9.20e-05	2.79e-06	0.00e+00
 4.01245e+22	5.70e-34	4.50e-24	1.10e-19	4.46e-16	2.88e-13	6.73e-11	6.50e-09	1.59e-07	2.02e-06	9.21e-06	2.98e-05	7.42e-05	1.96e-04	4.09e-04	9.05e-04	2.60e-03	8.95e-02	2.74e-01	3.81e-01	1.90e-01	5.10e-02	8.77e-03	1.26e-03	1.82e-04	8.05e-05	2.38e-06	0.00e+00
 4.02277e+22	9.79e-34	7.36e-24	1.73e-19	6.77e-16	4.24e-13	9.67e-11	9.19e-09	2.22e-07	2.74e-06	1.22e-05	3.82e-05	9.24e-05	2.37e-04	4.76e-04	1.02e-03	2.83e-03	9.42e-02	2.81e-01	3.81e-01	1.83e-01	4.74e-02	7.91e-03	1.11e-03	1.55e-04	6.75e-05	1.92e-06	0.00e+00
 4.03315e+22	1.48e-33	1.07e-23	2.45e-19	9.32e-16	5.69e-13	1.28e-10	1.20e-08	2.85e-07	3.46e-06	1.51e-05	4.63e-05	1.09e-04	2.73e-04	5.36e-04	1.12e-03	3.02e-03	9.79e-02	2.86e-01	3.80e-01	1.78e-01	4.47e-02	7.29e-03	1.00e-03	1.37e-04	5.88e-05	1.63e-06	0.00e+00
 4.04359e+22	2.54e-33	1.74e-23	3.83e-19	1.41e-15	8.31e-13	1.82e-10	1.69e-08	3.96e-07	4.68e-06	1.99e-05	5.95e-05	1.36e-04	3.30e-04	6.26e-04	1.26e-03	3.29e-03	1.03e-01	2.92e-01	3.79e-01	1.71e-01	4.14e-02	6.55e-03	8.76e-04	1.17e-04	4.90e-05	1.31e-06	0.00e+00
 4.05411e+22	3.82e-33	2.52e-23	5.36e-19	1.92e-15	1.11e-12	2.39e-10	2.19e-08	5.09e-07	5.89e-06	2.46e-05	7.19e-05	1.61e-04	3.80e-04	7.04e-04	1.38e-03	3.52e-03	1.07e-01	2.97e-01	3.78e-01	1.66e-01	3.90e-02	6.02e-03	7.89e-04	1.03e-04	4.26e-05	1.11e-06	0.00e+00
 4.06320e+22	5.67e-33	3.59e-23	7.43e-19	2.59e-15	1.46e-12	3.10e-10	2.81e-08	6.48e-07	7.38e-06	3.03e-05	8.67e-05	1.90e-04	4.37e-04	7.89e-04	1.51e-03	3.75e-03	1.11e-01	3.02e-01	3.76e-01	1.61e-01	3.67e-02	5.54e-03	7.11e-04	9.08e-05	3.71e-05	9.39e-07	0.00e+00
 4.07353e+22	9.35e-33	5.64e-23	1.12e-18	3.78e-15	2.06e-12	4.31e-10	3.87e-08	8.83e-07	9.82e-06	3.95e-05	1.10e-04	2.34e-04	5.22e-04	9.14e-04	1.69e-03	4.07e-03	1.16e-01	3.08e-01	3.74e-01	1.54e-01	3.39e-02	4.97e-03	6.22e-04	7.73e-05	3.10e-05	7.57e-07	0.00e+00
 4.08386e+22	1.37e-32	7.91e-23	1.53e-18	5.03e-15	2.68e-12	5.53e-10	4.93e-08	1.12e-06	1.22e-05	4.83e-05	1.32e-04	2.75e-04	5.98e-04	1.02e-03	1.84e-03	4.34e-03	1.20e-01	3.13e-01	3.72e-01	1.49e-01	3.19e-02	4.57e-03	5.61e-04	6.83e-05	2.70e-05	6.42e-07	0.00e+00
 4.09417e+22	2.22e-32	1.22e-22	2.28e-18	7.23e-15	3.74e-12	7.59e-10	6.72e-08	1.51e-06	1.62e-05	6.26e-05	1.67e-04	3.38e-04	7.13e-04	1.18e-03	2.06e-03	4.71e-03	1.26e-01	3.18e-01	3.69e-01	1.43e-01	2.94e-02	4.09e-03	4.89e-04	5.80e-05	2.25e-05	5.16e-07	0.00e+00
 4.10458e+22	3.19e-32	1.68e-22	3.05e-18	9.46e-15	4.79e-12	9.60e-10	8.46e-08	1.89e-06	1.99e-05	7.59e-05	1.98e-04	3.94e-04	8.12e-04	1.31e-03	2.23e-03	5.00e-03	1.30e-01	3.23e-01	3.67e-01	1.38e-01	2.77e-02	3.76e-03	4.41e-04	5.14e-05	1.97e-05	4.39e-07	0.00e+00
 4.11511e+22	5.08e-32	2.54e-22	4.45e-18	1.34e-14	6.58e-12	1.30e-09	1.14e-07	2.53e-06	2.61e-05	9.77e-05	2.48e-04	4.80e-04	9.62e-04	1.51e-03	2.49e-03	5.42e-03	1.36e-01	3.28e-01	3.63e-01	1.32e-01	2.55e-02	3.36e-03	3.85e-04	4.37e-05	1.64e-05	3.53e-07	0.00e+00
 4.12594e+22	7.37e-32	3.53e-22	6.00e-18	1.76e-14	8.46e-12	1.65e-09	1.44e-07	3.19e-06	3.24e-05	1.20e-04	2.98e-04	5.64e-04	1.10e-03	1.69e-03	2.71e-03	5.77e-03	1.41e-01	3.32e-01	3.60e-01	1.27e-01	2.38e-02	3.07e-03	3.45e-04	3.83e-05	1.42e-05	2.96e-07	0.00e+00
 4.13715e+22	1.18e-31	5.34e-22	8.76e-18	2.48e-14	1.16e-11	2.24e-09	1.95e-07	4.30e-06	4.28e-05	1.55e-04	3.76e-04	6.92e-04	1.31e-03	1.95e-03	3.03e-03	6.27e-03	1.48e-01	3.37e-01	3.55e-01	1.21e-01	2.18e-02	2.73e-03	2.98e-04	3.23e-05	1.17e-05	2.36e-07	0.00e+00
 4.14857e+22	1.70e-31	7.35e-22	1.17e-17	3.23e-14	1.48e-11	2.83e-09	2.46e-07	5.41e-06	5.30e-05	1.89e-04	4.50e-04	8.10e-04	1.50e-03	2.18e-03	3.31e-03	6.68e-03	1.53e-01	3.41e-01	3.51e-01	1.16e-01	2.03e-02	2.48e-03	2.66e-04	2.83e-05	1.01e-05	1.98e-07	0.00e+00
 4.16027e+22	2.70e-31	1.10e-21	1.69e-17	4.52e-14	2.02e-11	3.81e-09	3.31e-07	7.25e-06	6.98e-05	2.44e-04	5.66e-04	9.92e-04	1.78e-03	2.51e-03	3.69e-03	7.25e-03	1.60e-01	3.46e-01	3.46e-01	1.10e-01	1.85e-02	2.20e-03	2.30e-04	2.38e-05	8.32e-06	1.57e-07	0.00e+00
 4.17218e+22	3.85e-31	1.51e-21	2.25e-17	5.87e-14	2.57e-11	4.80e-09	4.17e-07	9.12e-06	8.64e-05	2.97e-04	6.77e-04	1.16e-03	2.03e-03	2.80e-03	4.02e-03	7.72e-03	1.65e-01	3.49e-01	3.42e-01	1.06e-01	1.72e-02	1.99e-03	2.04e-04	2.07e-05	7.14e-06	1.31e-07	0.00e+00
 4.18438e+22	6.07e-31	2.23e-21	3.22e-17	8.14e-14	3.48e-11	6.43e-09	5.59e-07	1.22e-05	1.14e-04	3.83e-04	8.50e-04	1.42e-03	2.41e-03	3.22e-03	4.48e-03	8.38e-03	1.73e-01	3.53e-01	3.35e-01	1.00e-01	1.56e-02	1.76e-03	1.75e-04	1.74e-05	5.85e-06	0.00e+00	0.00e+00
 4.19664e+22	8.54e-31	3.01e-21	4.22e-17	1.04e-13	4.37e-11	8.02e-09	6.98e-07	1.52e-05	1.40e-04	4.64e-04	1.01e-03	1.65e-03	2.74e-03	3.58e-03	4.86e-03	8.90e-03	1.79e-01	3.56e-01	3.30e-01	9.58e-02	1.45e-02	1.59e-03	1.56e-04	1.52e-05	5.03e-06	0.00e+00	0.00e+00
 4.20900e+22	1.32e-30	4.38e-21	5.93e-17	1.42e-13	5.83e-11	1.06e-08	9.25e-07	2.02e-05	1.81e-04	5.93e-04	1.26e-03	2.00e-03	3.22e-03	4.09e-03	5.40e-03	9.63e-03	1.86e-01	3.59e-01	3.23e-01	9.04e-02	1.32e-02	1.40e-03	1.34e-04	1.27e-05	4.13e-06	0.00e+00	0.00e+00
 4.22167e+22	1.86e-30	5.89e-21	7.76e-17	1.82e-13	7.33e-11	1.32e-08	1.16e-06	2.52e-05	2.23e-04	7.19e-04	1.50e-03	2.33e-03	3.66e-03	4.55e-03	5.86e-03	1.02e-02	1.92e-01	3.61e-01	3.18e-01	8.62e-02	1.22e-02	1.27e-03	1.19e-04	1.10e-05	3.53e-06	0.00e+00	0.00e+00
 4.23269e+22	2.55e-30	7.73e-21	9.93e-17	2.28e-13	9.03e-11	1.62e-08	1.42e-06	3.10e-05	2.70e-04	8.60e-04	1.76e-03	2.68e-03	4.12e-03	5.01e-03	6.32e-03	1.08e-02	1.98e-01	3.63e-01	3.12e-01	8.24e-02	1.13e-02	1.15e-03	1.06e-04	9.67e-06	3.05e-06	0.00e+00	0.00e+00
 4.24496e+22	3.82e-30	1.09e-20	1.36e-16	3.04e-13	1.18e-10	2.10e-08	1.85e-06	4.04e-05	3.46e-04	1.08e-03	2.16e-03	3.21e-03	4.80e-03	5.68e-03	6.96e-03	1.17e-02	2.05e-01	3.65e-01	3.04e-01	7.76e-02	1.03e-02	1.01e-03	9.11e-05	8.13e-06	2.51e-06	0.00e+00	0.00e+00
 4.25725e+22	5.17e-30	1.41e-20	1.72e-16	3.77e-13	1.44e-10	2.54e-08	2.25e-06	4.91e-05	4.16e-04	1.28e-03	2.51e-03	3.66e-03	5.36e-03	6.21e-03	7.46e-03	1.23e-02	2.11e-01	3.66e-01	2.99e-01	7.41e-02	9.54e-03	9.24e-04	8.16e-05	7.15e-06	2.18e-06	0.00e+00	0.00e+00
 4.26957e+22	7.62e-30	1.97e-20	2.32e-16	4.95e-13	1.86e-10	3.26e-08	2.90e-06	6.34e-05	5.27e-04	1.60e-03	3.05e-03	4.34e-03	6.19e-03	6.99e-03	8.18e-03	1.32e-02	2.19e-01	3.67e-01	2.91e-01	6.97e-02	8.65e-03	8.15e-04	7.03e-05	6.03e-06	1.80e-06	0.00e+00	0.00e+00
 4.28218e+22	1.04e-29	2.56e-20	2.94e-16	6.16e-13	2.27e-10	3.97e-08	3.54e-06	7.75e-05	6.35e-04	1.90e-03	3.56e-03	4.96e-03	6.92e-03	7.66e-03	8.78e-03	1.39e-02	2.24e-01	3.68e-01	2.84e-01	6.63e-02	8.00e-03	7.38e-04	6.25e-05	5.27e-06	1.55e-06	0.00e+00	0.00e+00
 4.29335e+22	1.39e-29	3.28e-20	3.69e-16	7.58e-13	2.76e-10	4.80e-08	4.30e-06	9.41e-05	7.60e-04	2.24e-03	4.14e-03	5.65e-03	7.71e-03	8.37e-03	9.40e-03	1.46e-02	2.30e-01	3.68e-01	2.78e-01	6.31e-02	7.40e-03	6.68e-04	5.56e-05	4.61e-06	1.34e-06	0.00e+00	0.00e+00
 4.30604e+22	2.04e-29	4.52e-20	4.93e-16	9.88e-13	3.53e-10	6.11e-08	5.52e-06	1.21e-04	9.61e-04	2.79e-03	5.02e-03	6.68e-03	8.87e-03	9.38e-03	1.03e-02	1.56e-02	2.38e-01	3.68e-01	2.69e-01	5.89e-02	6.67e-03	5.86e-04	4.77e-05	3.86e-06	1.10e-06	0.00e+00	0.00e+00
 4.31867e+22	2.70e-29	5.73e-20	6.12e-16	1.20e-12	4.25e-10	7.32e-08	6.63e-06	1.45e-04	1.14e-03	3.25e-03	5.75e-03	7.52e-03	9.79e-03	1.02e-02	1.09e-02	1.64e-02	2.43e-01	3.67e-01	2.62e-01	5.61e-02	6.19e-03	5.33e-04	4.27e-05	3.41e-06	9.58e-07	0.00e+00	0.00e+00
