#depth	C	C+	C+2	C+3	C+4	C+5	C+6	C[1]	C[2]	C[3]	C+[1]	C+[2]	CO
 4.62852e+21	0.00e+00	5.18e-25	7.46e-19	1.25e-13	2.43e-08	2.64e-04	1.00e+00	0.00e+00	0.00e+00	0.00e+00	0.00e+00	0.00e+00	1.71e-99
 1.05444e+22	2.73e-32	3.17e-24	3.25e-18	3.86e-13	5.10e-08	3.77e-04	1.00e+00	0.00e+00	0.00e+00	0.00e+00	0.00e+00	0.00e+00	3.23e-101
 1.27105e+22	1.16e-31	1.07e-23	8.75e-18	8.31e-13	8.44e-08	4.79e-04	1.00e+00	0.00e+00	0.00e+00	0.00e+00	0.00e+00	0.00e+00	1.11e-88
 1.42922e+22	3.68e-31	2.82e-23	1.92e-17	1.53e-12	1.26e-07	5.80e-04	9.99e-01	0.00e+00	0.00e+00	0.00e+00	0.00e+00	0.00e+00	3.07e-87
 1.51709e+22	4.90e-31	3.59e-23	2.34e-17	1.79e-12	1.40e-07	6.09e-04	9.99e-01	0.00e+00	0.00e+00	0.00e+00	0.00e+00	0.00e+00	6.43e-87
 1.54943e+22	6.25e-31	4.40e-23	2.76e-17	2.04e-12	1.52e-07	6.33e-04	9.99e-01	0.00e+00	0.00e+00	0.00e+00	0.00e+00	0.00e+00	3.70e-87
 1.58337e+22	8.51e-31	5.70e-23	3.41e-17	2.40e-12	1.69e-07	6.67e-04	9.99e-01	0.00e+00	0.00e+00	0.00e+00	0.00e+00	0.00e+00	2.53e-85
 1.61786e+22	1.10e-30	7.06e-23	4.06e-17	2.75e-12	1.85e-07	6.96e-04	9.99e-01	0.00e+00	0.00e+00	0.00e+00	0.00e+00	0.00e+00	5.06e-85
 1.64580e+22	1.36e-30	8.47e-23	4.70e-17	3.08e-12	2.00e-07	7.21e-04	9.99e-01	0.00e+00	0.00e+00	0.00e+00	0.00e+00	0.00e+00	8.81e-85
 1.67104e+22	1.68e-30	1.01e-22	5.42e-17	3.44e-12	2.14e-07	7.46e-04	9.99e-01	0.00e+00	0.00e+00	0.00e+00	0.00e+00	0.00e+00	1.48e-84
 1.70003e+22	2.14e-30	1.24e-22	6.41e-17	3.92e-12	2.34e-07	7.77e-04	9.99e-01	0.00e+00	0.00e+00	0.00e+00	0.00e+00	0.00e+00	2.61e-84
 1.73127e+22	2.75e-30	1.53e-22	7.60e-17	4.47e-12	2.55e-07	8.10e-04	9.99e-01	0.00e+00	0.00e+00	0.00e+00	0.00e+00	0.00e+00	4.08e-84
 1.75914e+22	3.42e-30	1.84e-22	8.83e-17	5.02e-12	2.75e-07	8.40e-04	9.99e-01	0.00e+00	0.00e+00	0.00e+00	0.00e+00	0.00e+00	9.88e-84
 1.78907e+22	4.42e-30	2.28e-22	1.05e-16	5.77e-12	3.02e-07	8.77e-04	9.99e-01	0.00e+00	0.00e+00	0.00e+00	0.00e+00	0.00e+00	1.58e-83
 1.81991e+22	5.62e-30	2.79e-22	1.24e-16	6.54e-12	3.28e-07	9.13e-04	9.99e-01	0.00e+00	0.00e+00	0.00e+00	0.00e+00	0.00e+00	1.42e-83
 1.84627e+22	6.94e-30	3.33e-22	1.43e-16	7.31e-12	3.53e-07	9.45e-04	9.99e-01	0.00e+00	0.00e+00	0.00e+00	0.00e+00	0.00e+00	5.79e-83
 1.87490e+22	8.90e-30	4.11e-22	1.70e-16	8.35e-12	3.85e-07	9.85e-04	9.99e-01	0.00e+00	0.00e+00	0.00e+00	0.00e+00	0.00e+00	8.97e-83
 1.90550e+22	1.13e-29	5.01e-22	2.00e-16	9.47e-12	4.18e-07	1.02e-03	9.99e-01	0.00e+00	0.00e+00	0.00e+00	0.00e+00	0.00e+00	1.41e-82
 1.93143e+22	1.38e-29	5.94e-22	2.29e-16	1.05e-11	4.49e-07	1.06e-03	9.99e-01	0.00e+00	0.00e+00	0.00e+00	0.00e+00	0.00e+00	3.18e-82
 1.95396e+22	1.66e-29	6.92e-22	2.60e-16	1.16e-11	4.79e-07	1.09e-03	9.99e-01	0.00e+00	0.00e+00	0.00e+00	0.00e+00	0.00e+00	4.36e-82
 1.97936e+22	2.05e-29	8.29e-22	3.01e-16	1.30e-11	5.16e-07	1.13e-03	9.99e-01	0.00e+00	0.00e+00	0.00e+00	0.00e+00	0.00e+00	4.28e-82
 2.00726e+22	2.56e-29	9.96e-22	3.49e-16	1.46e-11	5.57e-07	1.17e-03	9.99e-01	0.00e+00	0.00e+00	0.00e+00	0.00e+00	0.00e+00	1.21e-81
 2.03312e+22	3.14e-29	1.18e-21	4.01e-16	1.63e-11	5.99e-07	1.22e-03	9.99e-01	0.00e+00	0.00e+00	0.00e+00	0.00e+00	0.00e+00	2.06e-81
 2.05767e+22	3.85e-29	1.40e-21	4.61e-16	1.81e-11	6.43e-07	1.26e-03	9.99e-01	0.00e+00	0.00e+00	0.00e+00	0.00e+00	0.00e+00	2.02e-81
 2.08585e+22	4.94e-29	1.73e-21	5.47e-16	2.07e-11	7.02e-07	1.31e-03	9.99e-01	0.00e+00	0.00e+00	0.00e+00	0.00e+00	0.00e+00	1.38e-80
 2.11397e+22	6.08e-29	2.06e-21	6.29e-16	2.31e-11	7.55e-07	1.36e-03	9.99e-01	0.00e+00	0.00e+00	0.00e+00	0.00e+00	0.00e+00	2.32e-80
 2.13773e+22	7.37e-29	2.42e-21	7.16e-16	2.55e-11	8.08e-07	1.40e-03	9.99e-01	0.00e+00	0.00e+00	0.00e+00	0.00e+00	0.00e+00	3.73e-80
 2.16434e+22	9.25e-29	2.93e-21	8.37e-16	2.88e-11	8.76e-07	1.46e-03	9.99e-01	0.00e+00	0.00e+00	0.00e+00	0.00e+00	0.00e+00	6.57e-80
 2.19264e+22	1.15e-28	3.51e-21	9.70e-16	3.23e-11	9.45e-07	1.51e-03	9.98e-01	0.00e+00	0.00e+00	0.00e+00	0.00e+00	0.00e+00	1.13e-79
 2.21819e+22	1.41e-28	4.17e-21	1.11e-15	3.60e-11	1.02e-06	1.57e-03	9.98e-01	0.00e+00	0.00e+00	0.00e+00	0.00e+00	0.00e+00	1.88e-79
 2.24154e+22	1.70e-28	4.87e-21	1.26e-15	3.97e-11	1.08e-06	1.62e-03	9.98e-01	0.00e+00	0.00e+00	0.00e+00	0.00e+00	0.00e+00	2.98e-79
 2.26695e+22	2.11e-28	5.83e-21	1.46e-15	4.45e-11	1.17e-06	1.68e-03	9.98e-01	0.00e+00	0.00e+00	0.00e+00	0.00e+00	0.00e+00	5.09e-79
 2.29407e+22	2.61e-28	6.95e-21	1.69e-15	4.97e-11	1.26e-06	1.74e-03	9.98e-01	0.00e+00	0.00e+00	0.00e+00	0.00e+00	0.00e+00	8.61e-79
 2.31845e+22	3.16e-28	8.17e-21	1.92e-15	5.49e-11	1.35e-06	1.79e-03	9.98e-01	0.00e+00	0.00e+00	0.00e+00	0.00e+00	0.00e+00	1.39e-78
 2.34515e+22	3.98e-28	9.91e-21	2.25e-15	6.21e-11	1.46e-06	1.87e-03	9.98e-01	0.00e+00	0.00e+00	0.00e+00	0.00e+00	0.00e+00	2.47e-78
 2.37333e+22	4.95e-28	1.19e-20	2.60e-15	6.95e-11	1.58e-06	1.94e-03	9.98e-01	0.00e+00	0.00e+00	0.00e+00	0.00e+00	0.00e+00	4.26e-78
 2.39720e+22	5.98e-28	1.39e-20	2.95e-15	7.65e-11	1.69e-06	2.00e-03	9.98e-01	0.00e+00	0.00e+00	0.00e+00	0.00e+00	0.00e+00	6.81e-78
 2.41866e+22	7.09e-28	1.60e-20	3.31e-15	8.37e-11	1.79e-06	2.06e-03	9.98e-01	0.00e+00	0.00e+00	0.00e+00	0.00e+00	0.00e+00	1.04e-77
 2.44322e+22	8.73e-28	1.91e-20	3.81e-15	9.35e-11	1.93e-06	2.13e-03	9.98e-01	0.00e+00	0.00e+00	0.00e+00	0.00e+00	0.00e+00	1.75e-77
 2.46982e+22	1.08e-27	2.27e-20	4.38e-15	1.04e-10	2.07e-06	2.21e-03	9.98e-01	0.00e+00	0.00e+00	0.00e+00	0.00e+00	0.00e+00	2.95e-77
 2.49428e+22	1.31e-27	2.67e-20	5.00e-15	1.15e-10	2.22e-06	2.29e-03	9.98e-01	0.00e+00	0.00e+00	0.00e+00	0.00e+00	0.00e+00	4.82e-77
 2.52127e+22	1.65e-27	3.24e-20	5.84e-15	1.30e-10	2.41e-06	2.38e-03	9.98e-01	0.00e+00	0.00e+00	0.00e+00	0.00e+00	0.00e+00	8.64e-77
 2.54953e+22	2.07e-27	3.90e-20	6.77e-15	1.45e-10	2.60e-06	2.48e-03	9.98e-01	0.00e+00	0.00e+00	0.00e+00	0.00e+00	0.00e+00	1.51e-76
 2.57318e+22	2.49e-27	4.55e-20	7.65e-15	1.60e-10	2.78e-06	2.56e-03	9.97e-01	0.00e+00	0.00e+00	0.00e+00	0.00e+00	0.00e+00	2.40e-76
 2.59767e+22	3.09e-27	5.43e-20	8.82e-15	1.78e-10	2.99e-06	2.65e-03	9.97e-01	0.00e+00	0.00e+00	0.00e+00	0.00e+00	0.00e+00	4.11e-76
 2.62376e+22	3.78e-27	6.42e-20	1.01e-14	1.97e-10	3.21e-06	2.75e-03	9.97e-01	0.00e+00	0.00e+00	0.00e+00	0.00e+00	0.00e+00	6.84e-76
 2.64763e+22	4.59e-27	7.52e-20	1.14e-14	2.17e-10	3.43e-06	2.85e-03	9.97e-01	0.00e+00	0.00e+00	0.00e+00	0.00e+00	0.00e+00	1.11e-75
 2.67435e+22	5.84e-27	9.18e-20	1.34e-14	2.45e-10	3.73e-06	2.97e-03	9.97e-01	0.00e+00	0.00e+00	0.00e+00	0.00e+00	0.00e+00	2.05e-75
 2.70038e+22	7.08e-27	1.07e-19	1.52e-14	2.69e-10	3.98e-06	3.07e-03	9.97e-01	0.00e+00	0.00e+00	0.00e+00	0.00e+00	0.00e+00	3.31e-75
 2.72173e+22	8.44e-27	1.24e-19	1.70e-14	2.93e-10	4.23e-06	3.17e-03	9.97e-01	0.00e+00	0.00e+00	0.00e+00	0.00e+00	0.00e+00	5.15e-75
 2.74567e+22	1.05e-26	1.48e-19	1.96e-14	3.25e-10	4.55e-06	3.29e-03	9.97e-01	0.00e+00	0.00e+00	0.00e+00	0.00e+00	0.00e+00	8.90e-75
 2.77083e+22	1.27e-26	1.73e-19	2.21e-14	3.57e-10	4.86e-06	3.41e-03	9.97e-01	0.00e+00	0.00e+00	0.00e+00	0.00e+00	0.00e+00	1.45e-74
 2.79393e+22	1.54e-26	2.03e-19	2.50e-14	3.92e-10	5.19e-06	3.53e-03	9.96e-01	0.00e+00	0.00e+00	0.00e+00	0.00e+00	0.00e+00	2.37e-74
 2.82031e+22	1.95e-26	2.46e-19	2.91e-14	4.38e-10	5.62e-06	3.68e-03	9.96e-01	0.00e+00	0.00e+00	0.00e+00	0.00e+00	0.00e+00	4.33e-74
 2.84633e+22	2.39e-26	2.90e-19	3.31e-14	4.82e-10	6.02e-06	3.82e-03	9.96e-01	0.00e+00	0.00e+00	0.00e+00	0.00e+00	0.00e+00	7.24e-74
 2.86733e+22	2.86e-26	3.35e-19	3.70e-14	5.23e-10	6.38e-06	3.94e-03	9.96e-01	0.00e+00	0.00e+00	0.00e+00	0.00e+00	0.00e+00	1.14e-73
 2.89006e+22	3.51e-26	3.96e-19	4.21e-14	5.75e-10	6.83e-06	4.09e-03	9.96e-01	0.00e+00	0.00e+00	0.00e+00	0.00e+00	0.00e+00	1.93e-73
 2.91440e+22	4.31e-26	4.66e-19	4.77e-14	6.29e-10	7.30e-06	4.25e-03	9.96e-01	0.00e+00	0.00e+00	0.00e+00	0.00e+00	0.00e+00	3.26e-73
 2.93635e+22	5.15e-26	5.39e-19	5.34e-14	6.84e-10	7.75e-06	4.39e-03	9.96e-01	0.00e+00	0.00e+00	0.00e+00	0.00e+00	0.00e+00	5.14e-73
 2.96039e+22	6.48e-26	6.47e-19	6.15e-14	7.57e-10	8.35e-06	4.58e-03	9.95e-01	0.00e+00	0.00e+00	0.00e+00	0.00e+00	0.00e+00	9.30e-73
 2.98413e+22	7.84e-26	7.53e-19	6.90e-14	8.20e-10	8.87e-06	4.74e-03	9.95e-01	0.00e+00	0.00e+00	0.00e+00	0.00e+00	0.00e+00	1.52e-72
 3.00372e+22	9.25e-26	8.61e-19	7.65e-14	8.84e-10	9.36e-06	4.89e-03	9.95e-01	0.00e+00	0.00e+00	0.00e+00	0.00e+00	0.00e+00	2.33e-72
 3.02539e+22	1.13e-25	1.01e-18	8.65e-14	9.64e-10	9.99e-06	5.08e-03	9.95e-01	0.00e+00	0.00e+00	0.00e+00	0.00e+00	0.00e+00	3.98e-72
 3.04835e+22	1.38e-25	1.18e-18	9.72e-14	1.05e-09	1.06e-05	5.26e-03	9.95e-01	0.00e+00	0.00e+00	0.00e+00	0.00e+00	0.00e+00	6.56e-72
 3.06912e+22	1.65e-25	1.37e-18	1.08e-13	1.13e-09	1.13e-05	5.45e-03	9.95e-01	0.00e+00	0.00e+00	0.00e+00	0.00e+00	0.00e+00	1.06e-71
 3.09225e+22	2.08e-25	1.64e-18	1.24e-13	1.24e-09	1.21e-05	5.69e-03	9.94e-01	0.00e+00	0.00e+00	0.00e+00	0.00e+00	0.00e+00	1.92e-71
 3.11581e+22	2.52e-25	1.91e-18	1.39e-13	1.34e-09	1.29e-05	5.90e-03	9.94e-01	0.00e+00	0.00e+00	0.00e+00	0.00e+00	0.00e+00	3.18e-71
 3.13581e+22	3.00e-25	2.19e-18	1.54e-13	1.44e-09	1.36e-05	6.09e-03	9.94e-01	0.00e+00	0.00e+00	0.00e+00	0.00e+00	0.00e+00	5.02e-71
 3.15773e+22	3.73e-25	2.60e-18	1.75e-13	1.58e-09	1.45e-05	6.35e-03	9.94e-01	0.00e+00	0.00e+00	0.00e+00	0.00e+00	0.00e+00	8.96e-71
 3.17991e+22	4.50e-25	3.01e-18	1.96e-13	1.69e-09	1.54e-05	6.58e-03	9.93e-01	0.00e+00	0.00e+00	0.00e+00	0.00e+00	0.00e+00	1.47e-70
 3.19899e+22	5.34e-25	3.44e-18	2.16e-13	1.81e-09	1.62e-05	6.80e-03	9.93e-01	0.00e+00	0.00e+00	0.00e+00	0.00e+00	0.00e+00	2.31e-70
 3.22036e+22	6.65e-25	4.09e-18	2.45e-13	1.97e-09	1.74e-05	7.09e-03	9.93e-01	0.00e+00	0.00e+00	0.00e+00	0.00e+00	0.00e+00	4.15e-70
 3.24225e+22	7.97e-25	4.71e-18	2.72e-13	2.12e-09	1.83e-05	7.34e-03	9.93e-01	0.00e+00	0.00e+00	0.00e+00	0.00e+00	0.00e+00	6.69e-70
 3.26149e+22	9.53e-25	5.41e-18	3.02e-13	2.26e-09	1.94e-05	7.60e-03	9.92e-01	0.00e+00	0.00e+00	0.00e+00	0.00e+00	0.00e+00	1.08e-69
 3.28015e+22	1.13e-24	6.19e-18	3.33e-13	2.42e-09	2.04e-05	7.85e-03	9.92e-01	0.00e+00	0.00e+00	0.00e+00	0.00e+00	0.00e+00	1.71e-69
 3.30139e+22	1.40e-24	7.31e-18	3.76e-13	2.62e-09	2.18e-05	8.18e-03	9.92e-01	0.00e+00	0.00e+00	0.00e+00	0.00e+00	0.00e+00	3.04e-69
 3.32307e+22	1.69e-24	8.46e-18	4.18e-13	2.81e-09	2.31e-05	8.48e-03	9.91e-01	0.00e+00	0.00e+00	0.00e+00	0.00e+00	0.00e+00	5.06e-69
 3.34175e+22	2.02e-24	9.69e-18	4.62e-13	3.00e-09	2.43e-05	8.78e-03	9.91e-01	0.00e+00	0.00e+00	0.00e+00	0.00e+00	0.00e+00	8.12e-69
 3.36250e+22	2.51e-24	1.15e-17	5.23e-13	3.24e-09	2.60e-05	9.16e-03	9.91e-01	0.00e+00	0.00e+00	0.00e+00	0.00e+00	0.00e+00	1.48e-68
 3.38364e+22	3.01e-24	1.32e-17	5.78e-13	3.47e-09	2.74e-05	9.48e-03	9.90e-01	0.00e+00	0.00e+00	0.00e+00	0.00e+00	0.00e+00	2.39e-68
 3.40532e+22	3.79e-24	1.58e-17	6.58e-13	3.77e-09	2.94e-05	9.92e-03	9.90e-01	0.00e+00	0.00e+00	0.00e+00	0.00e+00	0.00e+00	4.48e-68
 3.42678e+22	4.54e-24	1.81e-17	7.28e-13	4.02e-09	3.10e-05	1.03e-02	9.90e-01	0.00e+00	0.00e+00	0.00e+00	0.00e+00	0.00e+00	7.34e-68
 3.44795e+22	5.67e-24	2.16e-17	8.25e-13	4.35e-09	3.32e-05	1.07e-02	9.89e-01	0.00e+00	0.00e+00	0.00e+00	0.00e+00	0.00e+00	1.35e-67
 3.46967e+22	6.86e-24	2.50e-17	9.19e-13	4.66e-09	3.52e-05	1.11e-02	9.89e-01	0.00e+00	0.00e+00	0.00e+00	0.00e+00	0.00e+00	2.27e-67
 3.48910e+22	8.34e-24	2.90e-17	1.02e-12	4.97e-09	3.72e-05	1.16e-02	9.88e-01	0.00e+00	0.00e+00	0.00e+00	0.00e+00	0.00e+00	3.90e-67
 3.50763e+22	9.93e-24	3.32e-17	1.12e-12	5.28e-09	3.92e-05	1.20e-02	9.88e-01	0.00e+00	0.00e+00	0.00e+00	0.00e+00	0.00e+00	6.30e-67
 3.52532e+22	1.18e-23	3.79e-17	1.24e-12	5.61e-09	4.13e-05	1.24e-02	9.88e-01	0.00e+00	0.00e+00	0.00e+00	0.00e+00	0.00e+00	1.01e-66
 3.54564e+22	1.48e-23	4.52e-17	1.40e-12	6.05e-09	4.42e-05	1.29e-02	9.87e-01	0.00e+00	0.00e+00	0.00e+00	4.52e-17	4.90e-26	1.91e-66
 3.56581e+22	1.78e-23	5.19e-17	1.55e-12	6.43e-09	4.66e-05	1.34e-02	9.87e-01	0.00e+00	0.00e+00	0.00e+00	5.19e-17	6.28e-24	3.14e-66
 3.58185e+22	2.07e-23	5.83e-17	1.68e-12	6.76e-09	4.88e-05	1.38e-02	9.86e-01	0.00e+00	0.00e+00	0.00e+00	5.83e-17	7.07e-24	4.81e-66
 3.59878e+22	2.51e-23	6.76e-17	1.87e-12	7.21e-09	5.17e-05	1.43e-02	9.86e-01	0.00e+00	0.00e+00	0.00e+00	6.76e-17	8.19e-24	8.19e-66
 3.61493e+22	2.89e-23	7.54e-17	2.02e-12	7.55e-09	5.39e-05	1.47e-02	9.85e-01	0.00e+00	0.00e+00	0.00e+00	7.54e-17	9.13e-24	1.22e-65
 3.62792e+22	1.44e-27	8.40e-17	2.18e-12	7.89e-09	5.61e-05	1.51e-02	9.85e-01	0.00e+00	0.00e+00	0.00e+00	8.40e-17	1.02e-23	1.12e-65
 3.64063e+22	1.12e-27	9.30e-17	2.35e-12	8.25e-09	5.84e-05	1.55e-02	9.84e-01	0.00e+00	0.00e+00	0.00e+00	9.30e-17	1.13e-23	5.84e-66
 3.65305e+22	1.21e-27	1.02e-16	2.51e-12	8.59e-09	6.06e-05	1.59e-02	9.84e-01	0.00e+00	0.00e+00	0.00e+00	1.02e-16	1.24e-23	4.43e-66
 3.66707e+22	1.48e-27	1.17e-16	2.75e-12	9.07e-09	6.37e-05	1.64e-02	9.84e-01	0.00e+00	0.00e+00	0.00e+00	1.17e-16	1.41e-23	1.16e-65
 3.68098e+22	1.72e-27	1.29e-16	2.96e-12	9.46e-09	6.63e-05	1.68e-02	9.83e-01	0.00e+00	0.00e+00	0.00e+00	1.29e-16	1.57e-23	1.67e-65
 3.69291e+22	2.01e-27	1.43e-16	3.18e-12	9.87e-09	6.89e-05	1.73e-02	9.83e-01	0.00e+00	0.00e+00	0.00e+00	1.43e-16	1.74e-23	2.39e-65
 3.70441e+22	2.35e-27	1.58e-16	3.41e-12	1.03e-08	7.15e-05	1.77e-02	9.82e-01	0.00e+00	0.00e+00	0.00e+00	1.58e-16	1.92e-23	3.40e-65
 3.71540e+22	2.70e-27	1.73e-16	3.64e-12	1.07e-08	7.41e-05	1.81e-02	9.82e-01	0.00e+00	0.00e+00	0.00e+00	1.73e-16	2.10e-23	4.72e-65
 3.72792e+22	3.28e-27	1.96e-16	3.97e-12	1.12e-08	7.77e-05	1.86e-02	9.81e-01	0.00e+00	0.00e+00	0.00e+00	1.96e-16	2.37e-23	7.29e-65
 3.74062e+22	3.82e-27	2.16e-16	4.26e-12	1.17e-08	8.07e-05	1.91e-02	9.81e-01	0.00e+00	0.00e+00	0.00e+00	2.16e-16	2.62e-23	1.04e-64
 3.75355e+22	4.67e-27	2.47e-16	4.69e-12	1.24e-08	8.49e-05	1.97e-02	9.80e-01	0.00e+00	0.00e+00	0.00e+00	2.47e-16	3.00e-23	1.67e-64
 3.76627e+22	5.43e-27	2.73e-16	5.04e-12	1.29e-08	8.83e-05	2.02e-02	9.80e-01	0.00e+00	0.00e+00	0.00e+00	2.73e-16	3.32e-23	2.38e-64
 3.77667e+22	6.30e-27	3.02e-16	5.40e-12	1.34e-08	9.16e-05	2.07e-02	9.79e-01	0.00e+00	0.00e+00	0.00e+00	3.02e-16	3.67e-23	3.39e-64
 3.78644e+22	7.22e-27	3.32e-16	5.77e-12	1.39e-08	9.49e-05	2.11e-02	9.79e-01	0.00e+00	0.00e+00	0.00e+00	3.32e-16	4.03e-23	4.71e-64
 3.79741e+22	8.57e-27	3.73e-16	6.28e-12	1.46e-08	9.92e-05	2.17e-02	9.78e-01	0.00e+00	0.00e+00	0.00e+00	3.73e-16	4.53e-23	7.12e-64
 3.80871e+22	1.01e-26	4.16e-16	6.77e-12	1.53e-08	1.03e-04	2.22e-02	9.78e-01	0.00e+00	0.00e+00	0.00e+00	4.16e-16	5.05e-23	1.04e-63
 3.81856e+22	1.15e-26	4.57e-16	7.25e-12	1.59e-08	1.07e-04	2.27e-02	9.77e-01	0.00e+00	0.00e+00	0.00e+00	4.57e-16	5.55e-23	1.44e-63
 3.82953e+22	1.40e-26	5.23e-16	7.98e-12	1.68e-08	1.13e-04	2.34e-02	9.76e-01	0.00e+00	0.00e+00	0.00e+00	5.23e-16	6.36e-23	2.30e-63
 3.84051e+22	1.62e-26	5.81e-16	8.60e-12	1.75e-08	1.17e-04	2.40e-02	9.76e-01	0.00e+00	0.00e+00	0.00e+00	5.81e-16	7.06e-23	3.29e-63
 3.85151e+22	1.98e-26	6.67e-16	9.50e-12	1.85e-08	1.23e-04	2.47e-02	9.75e-01	0.00e+00	0.00e+00	0.00e+00	6.67e-16	8.12e-23	5.28e-63
 3.86268e+22	2.32e-26	7.49e-16	1.03e-11	1.94e-08	1.29e-04	2.53e-02	9.75e-01	0.00e+00	0.00e+00	0.00e+00	7.49e-16	9.11e-23	7.79e-63
 3.87228e+22	2.70e-26	8.33e-16	1.11e-11	2.03e-08	1.34e-04	2.59e-02	9.74e-01	0.00e+00	0.00e+00	0.00e+00	8.33e-16	1.01e-22	1.11e-62
 3.88296e+22	3.34e-26	9.74e-16	1.25e-11	2.17e-08	1.41e-04	2.68e-02	9.73e-01	0.00e+00	0.00e+00	0.00e+00	9.74e-16	1.19e-22	1.88e-62
 3.89342e+22	3.87e-26	1.08e-15	1.35e-11	2.27e-08	1.47e-04	2.74e-02	9.72e-01	0.00e+00	0.00e+00	0.00e+00	1.08e-15	1.32e-22	2.66e-62
 3.90362e+22	4.78e-26	1.27e-15	1.51e-11	2.42e-08	1.56e-04	2.83e-02	9.72e-01	0.00e+00	0.00e+00	0.00e+00	1.27e-15	1.54e-22	4.44e-62
 3.91364e+22	5.52e-26	1.41e-15	1.63e-11	2.54e-08	1.62e-04	2.89e-02	9.71e-01	0.00e+00	0.00e+00	0.00e+00	1.41e-15	1.72e-22	6.25e-62
 3.92341e+22	6.84e-26	1.66e-15	1.84e-11	2.72e-08	1.71e-04	2.98e-02	9.70e-01	0.00e+00	0.00e+00	0.00e+00	1.66e-15	2.02e-22	1.05e-61
 3.93316e+22	7.96e-26	1.86e-15	2.00e-11	2.86e-08	1.78e-04	3.05e-02	9.69e-01	0.00e+00	0.00e+00	0.00e+00	1.86e-15	2.26e-22	1.51e-61
 3.94287e+22	9.94e-26	2.20e-15	2.26e-11	3.08e-08	1.89e-04	3.15e-02	9.68e-01	0.00e+00	0.00e+00	0.00e+00	2.20e-15	2.69e-22	2.58e-61
 3.95266e+22	1.17e-25	2.50e-15	2.49e-11	3.26e-08	1.98e-04	3.22e-02	9.68e-01	0.00e+00	0.00e+00	0.00e+00	2.50e-15	3.05e-22	3.82e-61
 3.96255e+22	1.48e-25	3.00e-15	2.85e-11	3.54e-08	2.11e-04	3.33e-02	9.66e-01	0.00e+00	0.00e+00	0.00e+00	3.00e-15	3.66e-22	6.71e-61
 3.97252e+22	1.77e-25	3.44e-15	3.15e-11	3.77e-08	2.21e-04	3.41e-02	9.66e-01	0.00e+00	0.00e+00	0.00e+00	3.44e-15	4.20e-22	1.01e-60
 3.98258e+22	2.25e-25	4.15e-15	3.63e-11	4.12e-08	2.35e-04	3.53e-02	9.64e-01	0.00e+00	0.00e+00	0.00e+00	4.15e-15	5.07e-22	1.78e-60
 3.99255e+22	2.70e-25	4.81e-15	4.06e-11	4.41e-08	2.47e-04	3.62e-02	9.64e-01	0.00e+00	0.00e+00	0.00e+00	4.81e-15	5.87e-22	2.75e-60
 4.00240e+22	3.46e-25	5.84e-15	4.70e-11	4.84e-08	2.64e-04	3.74e-02	9.62e-01	0.00e+00	0.00e+00	0.00e+00	5.84e-15	7.13e-22	4.87e-60
 4.01245e+22	3.63e-25	6.85e-15	5.30e-11	5.22e-08	2.78e-04	3.84e-02	9.61e-01	0.00e+00	0.00e+00	0.00e+00	6.85e-15	8.37e-22	7.75e-60
 4.02277e+22	4.75e-25	8.49e-15	6.24e-11	5.79e-08	2.99e-04	3.98e-02	9.60e-01	0.00e+00	0.00e+00	0.00e+00	8.49e-15	1.04e-21	1.44e-59
 4.03315e+22	5.88e-25	1.00e-14	7.09e-11	6.28e-08	3.16e-04	4.09e-02	9.59e-01	0.00e+00	0.00e+00	0.00e+00	1.00e-14	1.23e-21	2.32e-59
 4.04359e+22	7.78e-25	1.26e-14	8.42e-11	7.01e-08	3.40e-04	4.25e-02	9.57e-01	0.00e+00	0.00e+00	0.00e+00	1.26e-14	1.54e-21	4.37e-59
 4.05411e+22	9.69e-25	1.49e-14	9.62e-11	7.64e-08	3.59e-04	4.37e-02	9.56e-01	0.00e+00	0.00e+00	0.00e+00	1.49e-14	1.83e-21	7.11e-59
 4.06320e+22	1.20e-24	1.78e-14	1.10e-10	8.33e-08	3.80e-04	4.49e-02	9.55e-01	0.00e+00	0.00e+00	0.00e+00	1.78e-14	2.18e-21	1.15e-58
 4.07353e+22	1.59e-24	2.23e-14	1.31e-10	9.33e-08	4.09e-04	4.65e-02	9.53e-01	0.00e+00	0.00e+00	0.00e+00	2.23e-14	2.73e-21	2.14e-58
 4.08386e+22	1.98e-24	2.65e-14	1.49e-10	1.02e-07	4.32e-04	4.78e-02	9.52e-01	0.00e+00	0.00e+00	0.00e+00	2.65e-14	3.24e-21	3.45e-58
 4.09417e+22	2.63e-24	3.33e-14	1.78e-10	1.14e-07	4.65e-04	4.96e-02	9.50e-01	0.00e+00	0.00e+00	0.00e+00	3.33e-14	4.08e-21	6.46e-58
 4.10458e+22	3.26e-24	3.94e-14	2.03e-10	1.25e-07	4.92e-04	5.09e-02	9.49e-01	0.00e+00	0.00e+00	0.00e+00	3.94e-14	4.83e-21	1.02e-57
 4.11511e+22	4.31e-24	4.94e-14	2.42e-10	1.40e-07	5.29e-04	5.27e-02	9.47e-01	0.00e+00	0.00e+00	0.00e+00	4.94e-14	6.06e-21	1.88e-57
 4.12594e+22	5.41e-24	5.93e-14	2.79e-10	1.54e-07	5.61e-04	5.42e-02	9.45e-01	0.00e+00	0.00e+00	0.00e+00	5.93e-14	7.27e-21	3.08e-57
 4.13715e+22	7.28e-24	7.52e-14	3.36e-10	1.74e-07	6.05e-04	5.63e-02	9.43e-01	0.00e+00	0.00e+00	0.00e+00	7.52e-14	9.22e-21	5.81e-57
 4.14857e+22	9.13e-24	9.01e-14	3.87e-10	1.91e-07	6.42e-04	5.79e-02	9.41e-01	0.00e+00	0.00e+00	0.00e+00	9.01e-14	1.11e-20	9.45e-57
 4.16027e+22	1.23e-23	1.14e-13	4.65e-10	2.16e-07	6.93e-04	6.01e-02	9.39e-01	0.00e+00	0.00e+00	0.00e+00	1.14e-13	1.40e-20	1.78e-56
 4.17218e+22	1.54e-23	1.37e-13	5.37e-10	2.38e-07	7.36e-04	6.18e-02	9.37e-01	0.00e+00	0.00e+00	0.00e+00	1.37e-13	1.68e-20	2.90e-56
 4.18438e+22	2.08e-23	1.74e-13	6.47e-10	2.70e-07	7.96e-04	6.42e-02	9.35e-01	0.00e+00	0.00e+00	0.00e+00	1.74e-13	2.14e-20	5.45e-56
 4.19664e+22	2.60e-23	2.08e-13	7.44e-10	2.96e-07	8.44e-04	6.60e-02	9.33e-01	0.00e+00	0.00e+00	0.00e+00	2.08e-13	2.56e-20	8.75e-56
 4.20900e+22	3.47e-23	2.62e-13	8.91e-10	3.35e-07	9.11e-04	6.84e-02	9.31e-01	0.00e+00	0.00e+00	0.00e+00	2.62e-13	3.22e-20	1.61e-55
 4.22167e+22	4.35e-23	3.13e-13	1.03e-09	3.69e-07	9.67e-04	7.04e-02	9.29e-01	0.00e+00	0.00e+00	0.00e+00	3.13e-13	3.86e-20	2.60e-55
 4.23269e+22	5.39e-23	3.71e-13	1.17e-09	4.03e-07	1.02e-03	7.23e-02	9.27e-01	0.00e+00	0.00e+00	0.00e+00	3.71e-13	4.56e-20	4.05e-55
 4.24496e+22	7.11e-23	4.62e-13	1.39e-09	4.53e-07	1.10e-03	7.49e-02	9.24e-01	0.00e+00	0.00e+00	0.00e+00	4.62e-13	5.69e-20	7.23e-55
 4.25725e+22	8.69e-23	5.40e-13	1.58e-09	4.94e-07	1.16e-03	7.68e-02	9.22e-01	0.00e+00	0.00e+00	0.00e+00	5.40e-13	6.66e-20	1.10e-54
 4.26957e+22	1.13e-22	6.67e-13	1.86e-09	5.53e-07	1.24e-03	7.94e-02	9.19e-01	0.00e+00	0.00e+00	0.00e+00	6.67e-13	8.22e-20	1.91e-54
 4.28218e+22	1.40e-22	7.85e-13	2.12e-09	6.04e-07	1.32e-03	8.15e-02	9.17e-01	0.00e+00	0.00e+00	0.00e+00	7.85e-13	9.68e-20	2.94e-54
 4.29335e+22	1.71e-22	9.20e-13	2.40e-09	6.58e-07	1.39e-03	8.36e-02	9.15e-01	0.00e+00	0.00e+00	0.00e+00	9.20e-13	1.14e-19	4.47e-54
 4.30604e+22	2.24e-22	1.14e-12	2.83e-09	7.38e-07	1.49e-03	8.65e-02	9.12e-01	0.00e+00	0.00e+00	0.00e+00	1.14e-12	1.40e-19	7.78e-54
 4.31867e+22	2.70e-22	1.31e-12	3.18e-09	7.98e-07	1.57e-03	8.85e-02	9.10e-01	0.00e+00	0.00e+00	0.00e+00	1.31e-12	1.62e-19	1.14e-53
 4.33120e+22	3.49e-22	1.60e-12	3.72e-09	8.91e-07	1.68e-03	9.14e-02	9.07e-01	0.00e+00	0.00e+00	0.00e+00	1.60e-12	1.98e-19	1.93e-53
 4.34398e+22	4.23e-22	1.86e-12	4.18e-09	9.66e-07	1.77e-03	9.36e-02	9.05e-01	0.00e+00	0.00e+00	0.00e+00	1.86e-12	2.30e-19	2.85e-53
 4.35708e+22	5.48e-22	2.27e-12	4.91e-09	1.08e-06	1.89e-03	9.67e-02	9.01e-01	0.00e+00	0.00e+00	0.00e+00	2.27e-12	2.82e-19	4.84e-53
 4.37042e+22	6.66e-22	2.64e-12	5.53e-09	1.17e-06	1.99e-03	9.91e-02	8.99e-01	0.00e+00	0.00e+00	0.00e+00	2.64e-12	3.27e-19	7.19e-53
 4.38409e+22	2.43e-23	3.24e-12	6.49e-09	1.31e-06	2.14e-03	1.02e-01	8.95e-01	0.00e+00	0.00e+00	0.00e+00	3.24e-12	4.01e-19	1.07e-52
 4.39800e+22	2.61e-23	3.76e-12	7.32e-09	1.42e-06	2.26e-03	1.05e-01	8.93e-01	0.00e+00	0.00e+00	0.00e+00	3.76e-12	4.67e-19	1.83e-52
 4.41224e+22	3.39e-23	4.62e-12	8.61e-09	1.59e-06	2.42e-03	1.09e-01	8.89e-01	0.00e+00	0.00e+00	0.00e+00	4.62e-12	5.73e-19	3.12e-52
 4.42616e+22	4.02e-23	5.27e-12	9.56e-09	1.72e-06	2.54e-03	1.11e-01	8.86e-01	0.00e+00	0.00e+00	0.00e+00	5.27e-12	6.54e-19	4.44e-52
 4.43966e+22	5.16e-23	6.40e-12	1.12e-08	1.91e-06	2.72e-03	1.15e-01	8.83e-01	0.00e+00	0.00e+00	0.00e+00	6.40e-12	7.96e-19	7.37e-52
 4.45336e+22	6.14e-23	7.30e-12	1.24e-08	2.06e-06	2.85e-03	1.17e-01	8.80e-01	0.00e+00	0.00e+00	0.00e+00	7.30e-12	9.09e-19	1.05e-51
 4.46732e+22	7.81e-23	8.80e-12	1.44e-08	2.29e-06	3.04e-03	1.21e-01	8.76e-01	0.00e+00	0.00e+00	0.00e+00	8.80e-12	1.10e-18	1.72e-51
 4.48171e+22	9.48e-23	1.02e-11	1.62e-08	2.49e-06	3.21e-03	1.24e-01	8.73e-01	0.00e+00	0.00e+00	0.00e+00	1.02e-11	1.27e-18	2.54e-51
 4.49666e+22	1.21e-22	1.23e-11	1.88e-08	2.76e-06	3.43e-03	1.27e-01	8.69e-01	0.00e+00	0.00e+00	0.00e+00	1.23e-11	1.53e-18	4.15e-51
 4.51209e+22	1.48e-22	1.44e-11	2.13e-08	3.02e-06	3.62e-03	1.31e-01	8.66e-01	0.00e+00	0.00e+00	0.00e+00	1.44e-11	1.79e-18	6.28e-51
 4.52815e+22	1.91e-22	1.74e-11	2.48e-08	3.36e-06	3.88e-03	1.35e-01	8.61e-01	0.00e+00	0.00e+00	0.00e+00	1.74e-11	2.18e-18	1.04e-50
 4.54462e+22	2.37e-22	2.04e-11	2.82e-08	3.68e-06	4.11e-03	1.39e-01	8.57e-01	0.00e+00	0.00e+00	0.00e+00	2.04e-11	2.56e-18	1.60e-50
 4.56164e+22	3.08e-22	2.49e-11	3.30e-08	4.12e-06	4.42e-03	1.43e-01	8.52e-01	0.00e+00	0.00e+00	0.00e+00	2.49e-11	3.11e-18	2.70e-50
 4.57921e+22	3.86e-22	2.94e-11	3.77e-08	4.53e-06	4.69e-03	1.47e-01	8.48e-01	0.00e+00	0.00e+00	0.00e+00	2.94e-11	3.68e-18	4.19e-50
 4.59747e+22	5.09e-22	3.60e-11	4.44e-08	5.09e-06	5.05e-03	1.52e-01	8.43e-01	0.00e+00	0.00e+00	0.00e+00	3.60e-11	4.52e-18	7.23e-50
 4.61634e+22	6.47e-22	4.29e-11	5.10e-08	5.62e-06	5.38e-03	1.57e-01	8.38e-01	0.00e+00	0.00e+00	0.00e+00	4.29e-11	5.39e-18	1.15e-49
 4.63340e+22	8.13e-22	5.07e-11	5.84e-08	6.19e-06	5.72e-03	1.61e-01	8.33e-01	0.00e+00	0.00e+00	0.00e+00	5.07e-11	6.38e-18	1.80e-49
 4.65299e+22	1.09e-21	6.27e-11	6.92e-08	6.99e-06	6.17e-03	1.67e-01	8.27e-01	0.00e+00	0.00e+00	0.00e+00	6.27e-11	7.91e-18	3.17e-49
 4.67296e+22	1.40e-21	7.48e-11	7.98e-08	7.74e-06	6.58e-03	1.71e-01	8.22e-01	0.00e+00	0.00e+00	0.00e+00	7.48e-11	9.45e-18	5.07e-49
 4.69343e+22	1.90e-21	9.32e-11	9.51e-08	8.78e-06	7.13e-03	1.78e-01	8.15e-01	0.00e+00	0.00e+00	0.00e+00	9.32e-11	1.18e-17	9.11e-49
 4.71417e+22	2.46e-21	1.12e-10	1.10e-07	9.74e-06	7.61e-03	1.83e-01	8.09e-01	0.00e+00	0.00e+00	0.00e+00	1.12e-10	1.41e-17	1.47e-48
 4.73527e+22	3.38e-21	1.40e-10	1.32e-07	1.11e-05	8.27e-03	1.90e-01	8.02e-01	0.00e+00	0.00e+00	0.00e+00	1.40e-10	1.78e-17	2.70e-48
 4.75659e+22	4.41e-21	1.69e-10	1.53e-07	1.23e-05	8.84e-03	1.95e-01	7.96e-01	0.00e+00	0.00e+00	0.00e+00	1.69e-10	2.15e-17	4.38e-48
 4.77819e+22	6.19e-21	2.15e-10	1.86e-07	1.42e-05	9.64e-03	2.03e-01	7.88e-01	0.00e+00	0.00e+00	0.00e+00	2.15e-10	2.74e-17	8.23e-48
 4.79991e+22	8.05e-21	2.58e-10	2.15e-07	1.57e-05	1.03e-02	2.09e-01	7.81e-01	0.00e+00	0.00e+00	0.00e+00	2.58e-10	3.29e-17	1.33e-47
 4.81795e+22	1.02e-20	3.05e-10	2.46e-07	1.73e-05	1.09e-02	2.14e-01	7.75e-01	0.00e+00	0.00e+00	0.00e+00	3.05e-10	3.90e-17	2.06e-47
 4.83758e+22	1.40e-20	3.82e-10	2.95e-07	1.97e-05	1.18e-02	2.22e-01	7.66e-01	0.00e+00	0.00e+00	0.00e+00	3.82e-10	4.90e-17	3.68e-47
 4.85714e+22	1.78e-20	4.51e-10	3.37e-07	2.17e-05	1.26e-02	2.27e-01	7.60e-01	0.00e+00	0.00e+00	0.00e+00	4.51e-10	5.79e-17	5.65e-47
 4.87662e+22	2.45e-20	5.65e-10	4.04e-07	2.47e-05	1.36e-02	2.35e-01	7.51e-01	0.00e+00	0.00e+00	0.00e+00	5.65e-10	7.27e-17	1.01e-46
 4.89633e+22	3.15e-20	6.71e-10	4.64e-07	2.72e-05	1.45e-02	2.41e-01	7.44e-01	0.00e+00	0.00e+00	0.00e+00	6.71e-10	8.66e-17	1.57e-46
 4.91634e+22	4.39e-20	8.51e-10	5.61e-07	3.11e-05	1.57e-02	2.50e-01	7.34e-01	0.00e+00	0.00e+00	0.00e+00	8.51e-10	1.10e-16	2.84e-46
 4.93660e+22	5.70e-20	1.02e-09	6.48e-07	3.45e-05	1.68e-02	2.56e-01	7.27e-01	0.00e+00	0.00e+00	0.00e+00	1.02e-09	1.32e-16	4.48e-46
 4.95716e+22	8.02e-20	1.30e-09	7.88e-07	3.96e-05	1.83e-02	2.66e-01	7.16e-01	0.00e+00	0.00e+00	0.00e+00	1.30e-09	1.68e-16	8.20e-46
 4.97813e+22	1.06e-19	1.57e-09	9.21e-07	4.43e-05	1.96e-02	2.73e-01	7.07e-01	0.00e+00	0.00e+00	0.00e+00	1.57e-09	2.05e-16	1.33e-45
 4.99960e+22	1.53e-19	2.03e-09	1.13e-06	5.13e-05	2.14e-02	2.83e-01	6.95e-01	0.00e+00	0.00e+00	0.00e+00	2.03e-09	2.66e-16	2.50e-45
 5.02147e+22	2.06e-19	2.49e-09	1.33e-06	5.77e-05	2.30e-02	2.91e-01	6.86e-01	0.00e+00	0.00e+00	0.00e+00	2.49e-09	3.27e-16	4.12e-45
 5.04384e+22	3.02e-19	3.26e-09	1.66e-06	6.74e-05	2.53e-02	3.02e-01	6.72e-01	0.00e+00	0.00e+00	0.00e+00	3.26e-09	4.30e-16	7.92e-45
 5.06647e+22	4.11e-19	4.03e-09	1.97e-06	7.61e-05	2.72e-02	3.11e-01	6.62e-01	0.00e+00	0.00e+00	0.00e+00	4.03e-09	5.33e-16	1.32e-44
 5.08561e+22	5.47e-19	4.89e-09	2.30e-06	8.52e-05	2.91e-02	3.19e-01	6.51e-01	0.00e+00	0.00e+00	0.00e+00	4.89e-09	6.50e-16	2.09e-44
 5.10654e+22	7.84e-19	6.28e-09	2.83e-06	9.87e-05	3.18e-02	3.30e-01	6.38e-01	0.00e+00	0.00e+00	0.00e+00	6.28e-09	8.40e-16	3.78e-44
 5.12753e+22	1.05e-18	7.63e-09	3.31e-06	1.11e-04	3.41e-02	3.39e-01	6.27e-01	0.00e+00	0.00e+00	0.00e+00	7.63e-09	1.02e-15	5.96e-44
 5.14803e+22	1.48e-18	9.68e-09	4.03e-06	1.27e-04	3.71e-02	3.49e-01	6.13e-01	0.00e+00	0.00e+00	0.00e+00	9.68e-09	1.31e-15	1.04e-43
 5.16894e+22	2.01e-18	1.18e-08	4.74e-06	1.43e-04	3.98e-02	3.58e-01	6.02e-01	0.00e+00	0.00e+00	0.00e+00	1.18e-08	1.61e-15	1.65e-43
 5.18956e+22	2.80e-18	1.49e-08	5.74e-06	1.65e-04	4.33e-02	3.69e-01	5.88e-01	0.00e+00	0.00e+00	0.00e+00	1.49e-08	2.04e-15	2.78e-43
 5.21058e+22	3.70e-18	1.83e-08	6.80e-06	1.86e-04	4.66e-02	3.78e-01	5.75e-01	0.00e+00	0.00e+00	0.00e+00	1.83e-08	2.53e-15	4.42e-43
 5.23115e+22	5.19e-18	2.26e-08	8.13e-06	2.12e-04	5.03e-02	3.88e-01	5.61e-01	0.00e+00	0.00e+00	0.00e+00	2.26e-08	3.17e-15	7.14e-43
 5.25194e+22	6.98e-18	2.78e-08	9.66e-06	2.41e-04	5.42e-02	3.98e-01	5.48e-01	0.00e+00	0.00e+00	0.00e+00	2.78e-08	3.93e-15	1.13e-42
 5.27246e+22	9.42e-18	3.41e-08	1.15e-05	2.73e-04	5.83e-02	4.07e-01	5.34e-01	0.00e+00	0.00e+00	0.00e+00	3.41e-08	4.87e-15	1.76e-42
 5.29293e+22	1.26e-17	4.15e-08	1.35e-05	3.09e-04	6.27e-02	4.17e-01	5.20e-01	0.00e+00	0.00e+00	0.00e+00	4.15e-08	6.01e-15	2.70e-42
 5.31342e+22	1.69e-17	5.05e-08	1.60e-05	3.50e-04	6.74e-02	4.26e-01	5.06e-01	0.00e+00	0.00e+00	0.00e+00	5.05e-08	7.42e-15	4.12e-42
 5.33399e+22	2.25e-17	6.11e-08	1.88e-05	3.95e-04	7.23e-02	4.35e-01	4.92e-01	0.00e+00	0.00e+00	0.00e+00	6.11e-08	9.12e-15	6.21e-42
 5.35463e+22	2.99e-17	7.38e-08	2.22e-05	4.46e-04	7.75e-02	4.44e-01	4.78e-01	0.00e+00	0.00e+00	0.00e+00	7.38e-08	1.12e-14	9.28e-42
 5.37544e+22	3.94e-17	8.88e-08	2.61e-05	5.04e-04	8.31e-02	4.52e-01	4.64e-01	0.00e+00	0.00e+00	0.00e+00	8.88e-08	1.37e-14	1.37e-41
 5.39645e+22	5.19e-17	1.07e-07	3.06e-05	5.68e-04	8.90e-02	4.61e-01	4.50e-01	5.19e-17	1.27e-22	3.01e-23	1.07e-07	1.68e-14	2.02e-41
 5.41758e+22	6.78e-17	1.28e-07	3.58e-05	6.40e-04	9.51e-02	4.69e-01	4.36e-01	6.78e-17	2.47e-21	3.91e-22	1.28e-07	2.04e-14	2.93e-41
 5.43903e+22	8.88e-17	1.53e-07	4.20e-05	7.22e-04	1.02e-01	4.76e-01	4.21e-01	8.88e-17	3.24e-21	5.14e-22	1.53e-07	2.49e-14	4.26e-41
 5.46068e+22	1.15e-16	1.82e-07	4.90e-05	8.12e-04	1.09e-01	4.84e-01	4.07e-01	1.15e-16	4.21e-21	6.68e-22	1.82e-07	3.02e-14	6.09e-41
 5.48279e+22	1.50e-16	2.17e-07	5.74e-05	9.17e-04	1.16e-01	4.91e-01	3.92e-01	1.50e-16	5.50e-21	8.75e-22	2.17e-07	3.68e-14	8.78e-41
 5.50526e+22	1.94e-16	2.57e-07	6.69e-05	1.03e-03	1.24e-01	4.97e-01	3.78e-01	1.93e-16	7.11e-21	1.13e-21	2.57e-07	4.43e-14	1.24e-40
 5.52582e+22	2.79e-16	2.96e-07	7.59e-05	1.14e-03	1.31e-01	5.02e-01	3.66e-01	2.79e-16	1.03e-20	1.64e-21	2.96e-07	5.17e-14	1.66e-40
 5.54731e+22	3.12e-15	3.52e-07	8.91e-05	1.28e-03	1.40e-01	5.08e-01	3.51e-01	3.12e-15	1.15e-19	1.84e-20	3.52e-07	6.27e-14	2.37e-40
 5.56912e+22	3.77e-15	4.04e-07	1.01e-04	1.41e-03	1.47e-01	5.13e-01	3.39e-01	3.77e-15	1.40e-19	2.23e-20	4.04e-07	7.28e-14	3.15e-40
 5.59156e+22	4.80e-15	4.81e-07	1.18e-04	1.60e-03	1.57e-01	5.18e-01	3.24e-01	4.80e-15	1.78e-19	2.85e-20	4.81e-07	8.81e-14	4.50e-40
 5.61408e+22	5.78e-15	5.48e-07	1.34e-04	1.76e-03	1.65e-01	5.21e-01	3.12e-01	5.78e-15	2.15e-19	3.44e-20	5.48e-07	1.02e-13	5.91e-40
 5.63673e+22	7.32e-15	6.48e-07	1.56e-04	1.99e-03	1.76e-01	5.25e-01	2.97e-01	7.32e-15	2.73e-19	4.38e-20	6.48e-07	1.22e-13	8.31e-40
 5.65944e+22	8.80e-15	7.34e-07	1.76e-04	2.17e-03	1.84e-01	5.27e-01	2.86e-01	8.80e-15	3.29e-19	5.29e-20	7.34e-07	1.40e-13	1.08e-39
 5.68223e+22	1.11e-14	8.61e-07	2.04e-04	2.44e-03	1.96e-01	5.29e-01	2.72e-01	1.11e-14	4.17e-19	6.70e-20	8.61e-07	1.66e-13	1.51e-39
 5.70526e+22	1.34e-14	9.73e-07	2.29e-04	2.67e-03	2.05e-01	5.31e-01	2.62e-01	1.34e-14	5.04e-19	8.11e-20	9.73e-07	1.90e-13	1.96e-39
 5.72860e+22	1.69e-14	1.14e-06	2.65e-04	3.00e-03	2.17e-01	5.32e-01	2.48e-01	1.69e-14	6.39e-19	1.03e-19	1.14e-06	2.24e-13	2.72e-39
 5.75223e+22	2.04e-14	1.28e-06	2.97e-04	3.28e-03	2.27e-01	5.32e-01	2.38e-01	2.04e-14	7.75e-19	1.25e-19	1.28e-06	2.55e-13	3.53e-39
 5.77624e+22	2.59e-14	1.49e-06	3.44e-04	3.67e-03	2.40e-01	5.31e-01	2.25e-01	2.59e-14	9.89e-19	1.60e-19	1.49e-06	3.01e-13	4.90e-39
 5.80068e+22	3.17e-14	1.68e-06	3.85e-04	4.01e-03	2.50e-01	5.31e-01	2.15e-01	3.17e-14	1.21e-18	1.96e-19	1.68e-06	3.43e-13	6.40e-39
 5.82569e+22	4.06e-14	1.96e-06	4.45e-04	4.50e-03	2.65e-01	5.29e-01	2.02e-01	4.06e-14	1.56e-18	2.54e-19	1.96e-06	4.03e-13	8.92e-39
 5.85125e+22	5.03e-14	2.20e-06	4.99e-04	4.91e-03	2.76e-01	5.27e-01	1.92e-01	5.03e-14	1.94e-18	3.16e-19	2.20e-06	4.59e-13	1.17e-38
 5.87753e+22	6.57e-14	2.56e-06	5.78e-04	5.52e-03	2.91e-01	5.23e-01	1.80e-01	6.57e-14	2.55e-18	4.15e-19	2.56e-06	5.41e-13	1.65e-38
 5.90435e+22	8.31e-14	2.89e-06	6.48e-04	6.03e-03	3.03e-01	5.20e-01	1.71e-01	8.31e-14	3.24e-18	5.28e-19	2.89e-06	6.17e-13	2.21e-38
 5.92700e+22	1.02e-13	3.21e-06	7.17e-04	6.52e-03	3.14e-01	5.16e-01	1.62e-01	1.02e-13	3.99e-18	6.52e-19	3.21e-06	6.92e-13	2.83e-38
 5.95154e+22	1.33e-13	3.67e-06	8.16e-04	7.22e-03	3.29e-01	5.11e-01	1.52e-01	1.33e-13	5.23e-18	8.58e-19	3.67e-06	8.00e-13	3.89e-38
 5.97539e+22	1.65e-13	4.03e-06	8.93e-04	7.74e-03	3.39e-01	5.07e-01	1.45e-01	1.65e-13	6.50e-18	1.07e-18	4.03e-06	8.88e-13	4.92e-38
 5.99834e+22	2.14e-13	4.54e-06	1.00e-03	8.50e-03	3.53e-01	5.01e-01	1.37e-01	2.14e-13	8.50e-18	1.40e-18	4.54e-06	1.01e-12	6.57e-38
 6.02151e+22	2.74e-13	5.00e-06	1.10e-03	9.10e-03	3.63e-01	4.96e-01	1.30e-01	2.74e-13	1.09e-17	1.80e-18	5.00e-06	1.12e-12	8.42e-38
 6.04498e+22	3.76e-13	5.62e-06	1.23e-03	9.96e-03	3.78e-01	4.89e-01	1.22e-01	3.76e-13	1.51e-17	2.49e-18	5.62e-06	1.28e-12	1.14e-37
 6.06878e+22	5.09e-13	6.18e-06	1.35e-03	1.07e-02	3.88e-01	4.84e-01	1.16e-01	5.09e-13	2.05e-17	3.39e-18	6.18e-06	1.42e-12	1.47e-37
 6.09301e+22	7.51e-13	6.96e-06	1.51e-03	1.17e-02	4.03e-01	4.76e-01	1.08e-01	7.51e-13	3.04e-17	5.05e-18	6.96e-06	1.62e-12	2.00e-37
 6.11759e+22	1.14e-12	7.66e-06	1.65e-03	1.25e-02	4.14e-01	4.69e-01	1.03e-01	1.14e-12	4.65e-17	7.73e-18	7.66e-06	1.81e-12	2.62e-37
 6.14261e+22	1.97e-12	8.62e-06	1.86e-03	1.37e-02	4.29e-01	4.60e-01	9.53e-02	1.97e-12	8.08e-17	1.35e-17	8.62e-06	2.06e-12	3.63e-37
 6.16806e+22	3.63e-12	9.49e-06	2.03e-03	1.47e-02	4.40e-01	4.53e-01	9.00e-02	3.63e-12	1.50e-16	2.50e-17	9.49e-06	2.30e-12	4.82e-37
 6.19404e+22	8.93e-12	1.07e-05	2.28e-03	1.60e-02	4.55e-01	4.43e-01	8.33e-02	8.93e-12	3.72e-16	6.23e-17	1.07e-05	2.64e-12	6.95e-37
 6.22069e+22	2.44e-11	1.18e-05	2.50e-03	1.72e-02	4.67e-01	4.35e-01	7.82e-02	2.44e-11	1.02e-15	1.71e-16	1.18e-05	2.95e-12	9.90e-37
 6.24821e+22	7.06e-11	1.34e-05	2.81e-03	1.88e-02	4.82e-01	4.24e-01	7.20e-02	7.06e-11	2.98e-15	5.03e-16	1.34e-05	3.40e-12	1.64e-36
 6.27643e+22	1.32e-10	1.48e-05	3.09e-03	2.02e-02	4.95e-01	4.15e-01	6.73e-02	1.32e-10	5.60e-15	9.47e-16	1.48e-05	3.83e-12	2.55e-36
 6.30557e+22	2.01e-10	1.69e-05	3.49e-03	2.22e-02	5.10e-01	4.03e-01	6.14e-02	2.01e-10	8.65e-15	1.47e-15	1.69e-05	4.44e-12	4.10e-36
 6.33495e+22	2.65e-10	1.88e-05	3.84e-03	2.38e-02	5.22e-01	3.93e-01	5.73e-02	2.65e-10	1.15e-14	1.95e-15	1.88e-05	5.01e-12	5.98e-36
 6.36464e+22	3.49e-10	2.13e-05	4.32e-03	2.61e-02	5.37e-01	3.80e-01	5.21e-02	3.49e-10	1.53e-14	2.61e-15	2.13e-05	5.81e-12	9.28e-36
 6.39463e+22	4.35e-10	2.37e-05	4.75e-03	2.79e-02	5.49e-01	3.70e-01	4.85e-02	4.35e-10	1.92e-14	3.29e-15	2.37e-05	6.58e-12	1.35e-35
 6.42501e+22	5.49e-10	2.69e-05	5.34e-03	3.05e-02	5.63e-01	3.57e-01	4.38e-02	5.49e-10	2.45e-14	4.22e-15	2.69e-05	7.65e-12	2.09e-35
 6.45588e+22	6.68e-10	3.00e-05	5.87e-03	3.26e-02	5.74e-01	3.47e-01	4.06e-02	6.68e-10	3.01e-14	5.20e-15	3.00e-05	8.69e-12	3.05e-35
 6.48327e+22	7.90e-10	3.32e-05	6.44e-03	3.49e-02	5.85e-01	3.36e-01	3.75e-02	7.90e-10	3.60e-14	6.23e-15	3.32e-05	9.79e-12	4.32e-35
 6.51053e+22	9.35e-10	3.68e-05	7.04e-03	3.73e-02	5.96e-01	3.25e-01	3.46e-02	9.35e-10	4.30e-14	7.47e-15	3.68e-05	1.11e-11	6.18e-35
 6.54175e+22	1.15e-09	4.19e-05	7.89e-03	4.05e-02	6.08e-01	3.12e-01	3.12e-02	1.15e-09	5.35e-14	9.32e-15	4.19e-05	1.29e-11	9.74e-35
 6.57118e+22	1.32e-09	4.59e-05	8.54e-03	4.28e-02	6.16e-01	3.03e-01	2.91e-02	1.32e-09	6.22e-14	1.09e-14	4.59e-05	1.44e-11	1.34e-34
 6.59830e+22	1.56e-09	5.13e-05	9.41e-03	4.60e-02	6.26e-01	2.92e-01	2.65e-02	1.56e-09	7.42e-14	1.30e-14	5.13e-05	1.65e-11	1.98e-34
 6.62587e+22	1.78e-09	5.62e-05	1.02e-02	4.86e-02	6.34e-01	2.82e-01	2.45e-02	1.77e-09	8.56e-14	1.51e-14	5.62e-05	1.84e-11	2.73e-34
 6.65401e+22	2.09e-09	6.31e-05	1.12e-02	5.21e-02	6.43e-01	2.71e-01	2.23e-02	2.09e-09	1.02e-13	1.81e-14	6.31e-05	2.12e-11	4.10e-34
 6.68322e+22	2.40e-09	6.97e-05	1.22e-02	5.53e-02	6.51e-01	2.61e-01	2.05e-02	2.40e-09	1.19e-13	2.11e-14	6.97e-05	2.40e-11	5.84e-34
 6.70937e+22	2.73e-09	7.66e-05	1.32e-02	5.84e-02	6.57e-01	2.52e-01	1.89e-02	2.73e-09	1.37e-13	2.43e-14	7.66e-05	2.69e-11	8.16e-34
 6.73892e+22	3.21e-09	8.63e-05	1.46e-02	6.25e-02	6.65e-01	2.41e-01	1.71e-02	3.21e-09	1.63e-13	2.92e-14	8.63e-05	3.12e-11	1.25e-33
 6.76975e+22	3.70e-09	9.59e-05	1.59e-02	6.64e-02	6.71e-01	2.31e-01	1.55e-02	3.70e-09	1.91e-13	3.43e-14	9.59e-05	3.55e-11	1.82e-33
 6.79751e+22	4.21e-09	1.06e-04	1.72e-02	7.02e-02	6.77e-01	2.21e-01	1.42e-02	4.21e-09	2.20e-13	3.96e-14	1.06e-04	4.02e-11	2.60e-33
 6.82888e+22	4.96e-09	1.20e-04	1.90e-02	7.52e-02	6.83e-01	2.10e-01	1.27e-02	4.96e-09	2.64e-13	4.78e-14	1.20e-04	4.70e-11	4.09e-33
 6.86124e+22	5.71e-09	1.34e-04	2.08e-02	7.98e-02	6.87e-01	2.00e-01	1.15e-02	5.71e-09	3.09e-13	5.61e-14	1.34e-04	5.39e-11	6.06e-33
 6.89006e+22	6.50e-09	1.48e-04	2.25e-02	8.42e-02	6.91e-01	1.92e-01	1.04e-02	6.50e-09	3.57e-13	6.51e-14	1.48e-04	6.13e-11	8.77e-33
 6.92270e+22	7.67e-09	1.69e-04	2.49e-02	9.01e-02	6.95e-01	1.81e-01	9.26e-03	7.67e-09	4.30e-13	7.88e-14	1.69e-04	7.23e-11	1.41e-32
 6.95652e+22	8.85e-09	1.89e-04	2.72e-02	9.55e-02	6.97e-01	1.71e-01	8.30e-03	8.84e-09	5.05e-13	9.29e-14	1.89e-04	8.35e-11	2.12e-32
 6.98685e+22	1.01e-08	2.11e-04	2.96e-02	1.01e-01	6.99e-01	1.63e-01	7.49e-03	1.01e-08	5.86e-13	1.08e-13	2.11e-04	9.57e-11	3.14e-32
 7.02126e+22	1.20e-08	2.42e-04	3.29e-02	1.08e-01	7.00e-01	1.52e-01	6.55e-03	1.20e-08	7.14e-13	1.33e-13	2.42e-04	1.14e-10	5.20e-32
 7.05677e+22	1.38e-08	2.72e-04	3.59e-02	1.14e-01	7.00e-01	1.44e-01	5.83e-03	1.38e-08	8.40e-13	1.57e-13	2.72e-04	1.33e-10	7.96e-32
 7.09372e+22	1.66e-08	3.15e-04	4.00e-02	1.22e-01	6.99e-01	1.33e-01	5.03e-03	1.66e-08	1.03e-12	1.94e-13	3.15e-04	1.61e-10	1.36e-31
 7.13097e+22	1.92e-08	3.55e-04	4.37e-02	1.29e-01	6.97e-01	1.25e-01	4.45e-03	1.92e-08	1.22e-12	2.30e-13	3.55e-04	1.88e-10	2.11e-31
 7.16364e+22	2.21e-08	3.99e-04	4.75e-02	1.36e-01	6.95e-01	1.17e-01	3.95e-03	2.21e-08	1.44e-12	2.72e-13	3.99e-04	2.18e-10	3.22e-31
 7.20116e+22	2.65e-08	4.63e-04	5.29e-02	1.45e-01	6.90e-01	1.08e-01	3.37e-03	2.65e-08	1.78e-12	3.38e-13	4.63e-04	2.66e-10	5.59e-31
 7.23911e+22	3.04e-08	5.22e-04	5.76e-02	1.53e-01	6.85e-01	1.01e-01	2.96e-03	3.04e-08	2.09e-12	4.00e-13	5.22e-04	3.11e-10	8.66e-31
 7.27762e+22	3.67e-08	6.09e-04	6.42e-02	1.63e-01	6.78e-01	9.22e-02	2.51e-03	3.67e-08	2.61e-12	5.01e-13	6.09e-04	3.81e-10	1.52e-30
 7.31674e+22	4.27e-08	6.90e-04	7.00e-02	1.71e-01	6.70e-01	8.55e-02	2.19e-03	4.27e-08	3.11e-12	6.00e-13	6.90e-04	4.50e-10	2.40e-30
 7.35665e+22	4.07e-08	8.09e-04	7.80e-02	1.82e-01	6.60e-01	7.75e-02	1.83e-03	4.07e-08	3.07e-12	5.95e-13	8.09e-04	5.55e-10	3.95e-30
 7.39684e+22	4.84e-08	9.17e-04	8.49e-02	1.91e-01	6.50e-01	7.15e-02	1.58e-03	4.84e-08	3.75e-12	7.30e-13	9.17e-04	6.55e-10	6.30e-30
 7.43742e+22	6.04e-08	1.08e-03	9.45e-02	2.02e-01	6.37e-01	6.43e-02	1.31e-03	6.04e-08	4.85e-12	9.51e-13	1.08e-03	8.12e-10	1.15e-29
 7.47849e+22	7.19e-08	1.22e-03	1.03e-01	2.11e-01	6.25e-01	5.89e-02	1.12e-03	7.19e-08	5.95e-12	1.17e-12	1.22e-03	9.64e-10	1.85e-29
 7.52020e+22	8.99e-08	1.44e-03	1.14e-01	2.23e-01	6.08e-01	5.25e-02	9.19e-04	8.99e-08	7.74e-12	1.53e-12	1.44e-03	1.20e-09	3.40e-29
 7.56247e+22	1.07e-07	1.65e-03	1.24e-01	2.32e-01	5.93e-01	4.77e-02	7.81e-04	1.07e-07	9.52e-12	1.89e-12	1.65e-03	1.44e-09	5.52e-29
 7.59930e+22	1.27e-07	1.87e-03	1.35e-01	2.41e-01	5.78e-01	4.34e-02	6.64e-04	1.27e-07	1.16e-11	2.31e-12	1.87e-03	1.70e-09	8.80e-29
 7.63448e+22	1.49e-07	2.10e-03	1.45e-01	2.49e-01	5.64e-01	3.97e-02	5.72e-04	1.49e-07	1.41e-11	2.82e-12	2.10e-03	2.00e-09	1.36e-28
 7.66789e+22	1.73e-07	2.35e-03	1.55e-01	2.56e-01	5.49e-01	3.63e-02	4.92e-04	1.73e-07	1.68e-11	3.38e-12	2.35e-03	2.33e-09	2.06e-28
 7.70553e+22	2.10e-07	2.72e-03	1.69e-01	2.66e-01	5.29e-01	3.23e-02	4.05e-04	2.10e-07	2.12e-11	4.27e-12	2.72e-03	2.84e-09	3.51e-28
 7.74312e+22	2.44e-07	3.04e-03	1.81e-01	2.73e-01	5.13e-01	2.93e-02	3.45e-04	2.44e-07	2.54e-11	5.13e-12	3.04e-03	3.32e-09	5.33e-28
 7.78067e+22	2.95e-07	3.50e-03	1.97e-01	2.81e-01	4.93e-01	2.60e-02	2.84e-04	2.95e-07	3.20e-11	6.49e-12	3.50e-03	4.02e-09	8.94e-28
 7.81906e+22	3.46e-07	3.94e-03	2.11e-01	2.87e-01	4.74e-01	2.34e-02	2.39e-04	3.46e-07	3.88e-11	7.90e-12	3.94e-03	4.74e-09	1.39e-27
 7.85305e+22	4.03e-07	4.40e-03	2.25e-01	2.93e-01	4.57e-01	2.11e-02	2.02e-04	4.03e-07	4.67e-11	9.52e-12	4.40e-03	5.54e-09	2.10e-27
 7.89172e+22	4.89e-07	5.07e-03	2.44e-01	2.99e-01	4.34e-01	1.84e-02	1.62e-04	4.89e-07	5.91e-11	1.21e-11	5.07e-03	6.76e-09	3.57e-27
 7.93109e+22	5.72e-07	5.70e-03	2.60e-01	3.04e-01	4.14e-01	1.63e-02	1.35e-04	5.72e-07	7.17e-11	1.47e-11	5.70e-03	7.95e-09	5.50e-27
 7.96610e+22	6.68e-07	6.37e-03	2.76e-01	3.07e-01	3.95e-01	1.46e-02	1.13e-04	6.68e-07	8.68e-11	1.79e-11	6.37e-03	9.31e-09	8.37e-27
 8.00000e+22	7.72e-07	7.06e-03	2.92e-01	3.10e-01	3.78e-01	1.30e-02	9.45e-05	7.71e-07	1.04e-10	2.14e-11	7.06e-03	1.08e-08	1.24e-26
 8.03126e+22	8.80e-07	7.76e-03	3.07e-01	3.12e-01	3.61e-01	1.17e-02	8.02e-05	8.80e-07	1.22e-10	2.52e-11	7.76e-03	1.24e-08	1.78e-26
 8.06542e+22	1.04e-06	8.72e-03	3.27e-01	3.14e-01	3.41e-01	1.02e-02	6.51e-05	1.04e-06	1.50e-10	3.11e-11	8.72e-03	1.46e-08	2.79e-26
 8.09978e+22	1.18e-06	9.56e-03	3.42e-01	3.14e-01	3.25e-01	9.18e-03	5.51e-05	1.18e-06	1.76e-10	3.67e-11	9.56e-03	1.67e-08	3.97e-26
 8.13441e+22	1.39e-06	1.07e-02	3.62e-01	3.14e-01	3.05e-01	7.97e-03	4.44e-05	1.39e-06	2.16e-10	4.51e-11	1.07e-02	1.97e-08	6.20e-26
 8.16937e+22	1.59e-06	1.17e-02	3.79e-01	3.13e-01	2.88e-01	7.06e-03	3.70e-05	1.59e-06	2.56e-10	5.34e-11	1.17e-02	2.25e-08	8.93e-26
 8.19977e+22	1.80e-06	1.28e-02	3.96e-01	3.12e-01	2.73e-01	6.30e-03	3.11e-05	1.80e-06	3.00e-10	6.27e-11	1.28e-02	2.56e-08	1.26e-25
