#depth	Ne	Ne+	Ne+2	Ne+3	Ne+4	Ne+5	Ne+6	Ne+7	Ne+8	Ne+9	Ne+10
 4.62852e+21	0.00e+00	0.00e+00	0.00e+00	3.25e-26	1.76e-21	2.33e-17	1.22e-13	4.00e-10	4.47e-06	4.21e-03	9.96e-01
 1.05444e+22	0.00e+00	0.00e+00	2.23e-30	3.75e-25	1.44e-20	1.35e-16	5.01e-13	1.16e-09	9.10e-06	6.00e-03	9.94e-01
 1.27105e+22	0.00e+00	0.00e+00	1.47e-29	1.96e-24	5.94e-20	4.43e-16	1.30e-12	2.38e-09	1.47e-05	7.62e-03	9.92e-01
 1.42922e+22	0.00e+00	0.00e+00	6.61e-29	7.32e-24	1.84e-19	1.14e-15	2.78e-12	4.22e-09	2.15e-05	9.22e-03	9.91e-01
 1.51709e+22	0.00e+00	0.00e+00	9.61e-29	1.02e-23	2.45e-19	1.44e-15	3.36e-12	4.87e-09	2.37e-05	9.67e-03	9.90e-01
 1.54943e+22	0.00e+00	0.00e+00	1.32e-28	1.34e-23	3.10e-19	1.76e-15	3.94e-12	5.50e-09	2.57e-05	1.01e-02	9.90e-01
 1.58337e+22	0.00e+00	0.00e+00	1.97e-28	1.90e-23	4.20e-19	2.27e-15	4.83e-12	6.41e-09	2.85e-05	1.06e-02	9.89e-01
 1.61786e+22	0.00e+00	0.00e+00	2.75e-28	2.55e-23	5.40e-19	2.80e-15	5.72e-12	7.28e-09	3.10e-05	1.10e-02	9.89e-01
 1.64580e+22	0.00e+00	0.00e+00	3.65e-28	3.27e-23	6.69e-19	3.34e-15	6.61e-12	8.11e-09	3.33e-05	1.14e-02	9.89e-01
 1.67104e+22	0.00e+00	0.00e+00	4.77e-28	4.14e-23	8.18e-19	3.96e-15	7.57e-12	8.98e-09	3.56e-05	1.18e-02	9.88e-01
 1.70003e+22	0.00e+00	0.00e+00	6.52e-28	5.45e-23	1.04e-18	4.82e-15	8.87e-12	1.01e-08	3.86e-05	1.23e-02	9.88e-01
 1.73127e+22	0.00e+00	1.55e-33	9.04e-28	7.26e-23	1.33e-18	5.93e-15	1.05e-11	1.15e-08	4.20e-05	1.28e-02	9.87e-01
 1.75914e+22	0.00e+00	2.14e-33	1.20e-27	9.30e-23	1.64e-18	7.08e-15	1.21e-11	1.28e-08	4.51e-05	1.33e-02	9.87e-01
 1.78907e+22	0.00e+00	3.11e-33	1.68e-27	1.25e-22	2.11e-18	8.75e-15	1.43e-11	1.45e-08	4.91e-05	1.39e-02	9.86e-01
 1.81991e+22	0.00e+00	4.43e-33	2.30e-27	1.64e-22	2.68e-18	1.07e-14	1.68e-11	1.64e-08	5.32e-05	1.45e-02	9.85e-01
 1.84627e+22	0.00e+00	6.02e-33	3.02e-27	2.09e-22	3.29e-18	1.27e-14	1.93e-11	1.82e-08	5.71e-05	1.50e-02	9.85e-01
 1.87490e+22	0.00e+00	8.61e-33	4.16e-27	2.77e-22	4.19e-18	1.55e-14	2.27e-11	2.06e-08	6.20e-05	1.56e-02	9.84e-01
 1.90550e+22	0.00e+00	1.22e-32	5.68e-27	3.64e-22	5.30e-18	1.89e-14	2.66e-11	2.32e-08	6.71e-05	1.62e-02	9.84e-01
 1.93143e+22	0.00e+00	1.65e-32	7.43e-27	4.60e-22	6.48e-18	2.23e-14	3.05e-11	2.57e-08	7.18e-05	1.68e-02	9.83e-01
 1.95396e+22	0.00e+00	2.15e-32	9.38e-27	5.65e-22	7.73e-18	2.59e-14	3.43e-11	2.81e-08	7.63e-05	1.73e-02	9.83e-01
 1.97936e+22	0.00e+00	2.92e-32	1.23e-26	7.19e-22	9.51e-18	3.08e-14	3.95e-11	3.13e-08	8.18e-05	1.79e-02	9.82e-01
 2.00726e+22	0.00e+00	4.04e-32	1.65e-26	9.26e-22	1.18e-17	3.69e-14	4.57e-11	3.49e-08	8.81e-05	1.86e-02	9.81e-01
 2.03312e+22	0.00e+00	5.46e-32	2.16e-26	1.17e-21	1.45e-17	4.38e-14	5.24e-11	3.87e-08	9.43e-05	1.92e-02	9.81e-01
 2.05767e+22	0.00e+00	7.34e-32	2.81e-26	1.48e-21	1.77e-17	5.17e-14	5.99e-11	4.28e-08	1.01e-04	1.99e-02	9.80e-01
 2.08585e+22	0.00e+00	1.06e-31	3.88e-26	1.96e-21	2.26e-17	6.35e-14	7.06e-11	4.85e-08	1.10e-04	2.07e-02	9.79e-01
 2.11397e+22	0.00e+00	1.43e-31	5.09e-26	2.49e-21	2.77e-17	7.53e-14	8.11e-11	5.38e-08	1.18e-04	2.14e-02	9.78e-01
 2.13773e+22	0.00e+00	1.90e-31	6.55e-26	3.11e-21	3.35e-17	8.82e-14	9.21e-11	5.93e-08	1.25e-04	2.21e-02	9.78e-01
 2.16434e+22	0.00e+00	2.65e-31	8.79e-26	4.02e-21	4.18e-17	1.06e-13	1.07e-10	6.64e-08	1.35e-04	2.29e-02	9.77e-01
 2.19264e+22	0.00e+00	3.65e-31	1.17e-25	5.17e-21	5.19e-17	1.27e-13	1.24e-10	7.41e-08	1.46e-04	2.38e-02	9.76e-01
 2.21819e+22	0.00e+00	4.94e-31	1.53e-25	6.56e-21	6.36e-17	1.51e-13	1.42e-10	8.22e-08	1.56e-04	2.46e-02	9.75e-01
 2.24154e+22	0.00e+00	6.50e-31	1.96e-25	8.12e-21	7.65e-17	1.76e-13	1.61e-10	9.03e-08	1.66e-04	2.54e-02	9.74e-01
 2.26695e+22	0.00e+00	8.88e-31	2.59e-25	1.04e-20	9.44e-17	2.10e-13	1.85e-10	1.01e-07	1.78e-04	2.63e-02	9.74e-01
 2.29407e+22	0.00e+00	1.22e-30	3.42e-25	1.32e-20	1.17e-16	2.51e-13	2.14e-10	1.12e-07	1.91e-04	2.72e-02	9.73e-01
 2.31845e+22	0.00e+00	1.62e-30	4.41e-25	1.66e-20	1.41e-16	2.95e-13	2.43e-10	1.23e-07	2.04e-04	2.81e-02	9.72e-01
 2.34515e+22	0.00e+00	2.26e-30	5.95e-25	2.15e-20	1.77e-16	3.56e-13	2.83e-10	1.39e-07	2.21e-04	2.92e-02	9.71e-01
 2.37333e+22	0.00e+00	3.14e-30	7.96e-25	2.78e-20	2.21e-16	4.28e-13	3.29e-10	1.55e-07	2.38e-04	3.03e-02	9.69e-01
 2.39720e+22	0.00e+00	4.16e-30	1.02e-24	3.47e-20	2.66e-16	5.01e-13	3.73e-10	1.70e-07	2.53e-04	3.13e-02	9.68e-01
 2.41866e+22	0.00e+00	5.34e-30	1.28e-24	4.21e-20	3.15e-16	5.77e-13	4.18e-10	1.86e-07	2.68e-04	3.22e-02	9.68e-01
 2.44322e+22	0.00e+00	7.26e-30	1.68e-24	5.36e-20	3.88e-16	6.86e-13	4.81e-10	2.06e-07	2.88e-04	3.33e-02	9.66e-01
 2.46982e+22	0.00e+00	9.94e-30	2.22e-24	6.85e-20	4.79e-16	8.19e-13	5.54e-10	2.30e-07	3.09e-04	3.45e-02	9.65e-01
 2.49428e+22	0.00e+00	1.34e-29	2.89e-24	8.62e-20	5.84e-16	9.67e-13	6.33e-10	2.54e-07	3.31e-04	3.56e-02	9.64e-01
 2.52127e+22	0.00e+00	1.89e-29	3.93e-24	1.13e-19	7.36e-16	1.17e-12	7.41e-10	2.86e-07	3.58e-04	3.71e-02	9.63e-01
 2.54953e+22	0.00e+00	2.64e-29	5.30e-24	1.47e-19	9.23e-16	1.42e-12	8.62e-10	3.20e-07	3.86e-04	3.85e-02	9.61e-01
 2.57318e+22	0.00e+00	3.51e-29	6.82e-24	1.83e-19	1.12e-15	1.66e-12	9.80e-10	3.53e-07	4.12e-04	3.97e-02	9.60e-01
 2.59767e+22	0.00e+00	4.84e-29	9.08e-24	2.35e-19	1.39e-15	1.99e-12	1.13e-09	3.94e-07	4.43e-04	4.11e-02	9.58e-01
 2.62376e+22	0.00e+00	6.60e-29	1.20e-23	3.00e-19	1.70e-15	2.37e-12	1.30e-09	4.37e-07	4.75e-04	4.26e-02	9.57e-01
 2.64763e+22	0.00e+00	8.88e-29	1.56e-23	3.78e-19	2.08e-15	2.80e-12	1.49e-09	4.83e-07	5.08e-04	4.40e-02	9.56e-01
 2.67435e+22	0.00e+00	1.28e-28	2.16e-23	5.04e-19	2.66e-15	3.45e-12	1.76e-09	5.47e-07	5.52e-04	4.58e-02	9.54e-01
 2.70038e+22	0.00e+00	1.73e-28	2.81e-23	6.34e-19	3.25e-15	4.07e-12	2.01e-09	6.04e-07	5.89e-04	4.73e-02	9.52e-01
 2.72173e+22	0.00e+00	2.26e-28	3.58e-23	7.83e-19	3.89e-15	4.73e-12	2.27e-09	6.62e-07	6.26e-04	4.87e-02	9.51e-01
 2.74567e+22	0.00e+00	3.16e-28	4.81e-23	1.02e-18	4.87e-15	5.71e-12	2.63e-09	7.41e-07	6.75e-04	5.05e-02	9.49e-01
 2.77083e+22	0.00e+00	4.28e-28	6.29e-23	1.28e-18	5.96e-15	6.76e-12	3.01e-09	8.20e-07	7.22e-04	5.22e-02	9.47e-01
 2.79393e+22	0.00e+00	5.78e-28	8.22e-23	1.62e-18	7.28e-15	8.00e-12	3.45e-09	9.06e-07	7.72e-04	5.39e-02	9.45e-01
 2.82031e+22	4.02e-34	8.40e-28	1.14e-22	2.17e-18	9.34e-15	9.85e-12	4.07e-09	1.03e-06	8.38e-04	5.61e-02	9.43e-01
 2.84633e+22	5.77e-34	1.16e-27	1.52e-22	2.79e-18	1.16e-14	1.18e-11	4.70e-09	1.14e-06	9.00e-04	5.81e-02	9.41e-01
 2.86733e+22	7.97e-34	1.55e-27	1.97e-22	3.49e-18	1.40e-14	1.38e-11	5.34e-09	1.26e-06	9.59e-04	5.99e-02	9.39e-01
 2.89006e+22	1.15e-33	2.14e-27	2.63e-22	4.49e-18	1.75e-14	1.66e-11	6.18e-09	1.40e-06	1.03e-03	6.20e-02	9.37e-01
 2.91440e+22	1.66e-33	2.99e-27	3.53e-22	5.81e-18	2.18e-14	2.00e-11	7.15e-09	1.56e-06	1.11e-03	6.42e-02	9.35e-01
 2.93635e+22	2.29e-33	3.98e-27	4.55e-22	7.25e-18	2.64e-14	2.34e-11	8.12e-09	1.71e-06	1.18e-03	6.62e-02	9.33e-01
 2.96039e+22	3.47e-33	5.79e-27	6.35e-22	9.70e-18	3.38e-14	2.88e-11	9.58e-09	1.94e-06	1.28e-03	6.88e-02	9.30e-01
 2.98413e+22	4.96e-33	7.96e-27	8.41e-22	1.24e-17	4.18e-14	3.44e-11	1.10e-08	2.15e-06	1.37e-03	7.11e-02	9.28e-01
 3.00372e+22	6.72e-33	1.05e-26	1.07e-21	1.53e-17	5.01e-14	4.00e-11	1.24e-08	2.35e-06	1.45e-03	7.32e-02	9.25e-01
 3.02539e+22	9.84e-33	1.47e-26	1.45e-21	2.00e-17	6.28e-14	4.83e-11	1.44e-08	2.62e-06	1.56e-03	7.58e-02	9.23e-01
 3.04835e+22	1.41e-32	2.03e-26	1.93e-21	2.56e-17	7.78e-14	5.78e-11	1.66e-08	2.91e-06	1.67e-03	7.83e-02	9.20e-01
 3.06912e+22	1.99e-32	2.77e-26	2.54e-21	3.25e-17	9.55e-14	6.85e-11	1.90e-08	3.21e-06	1.79e-03	8.08e-02	9.17e-01
 3.09225e+22	3.06e-32	4.07e-26	3.56e-21	4.38e-17	1.23e-13	8.48e-11	2.25e-08	3.63e-06	1.94e-03	8.40e-02	9.14e-01
 3.11581e+22	4.42e-32	5.64e-26	4.76e-21	5.64e-17	1.53e-13	1.02e-10	2.59e-08	4.03e-06	2.08e-03	8.68e-02	9.11e-01
 3.13581e+22	6.16e-32	7.60e-26	6.20e-21	7.10e-17	1.87e-13	1.20e-10	2.95e-08	4.44e-06	2.21e-03	8.94e-02	9.08e-01
 3.15773e+22	9.39e-32	1.11e-25	8.65e-21	9.51e-17	2.40e-13	1.47e-10	3.48e-08	5.00e-06	2.39e-03	9.28e-02	9.05e-01
 3.17991e+22	1.35e-31	1.54e-25	1.16e-20	1.22e-16	2.98e-13	1.76e-10	4.01e-08	5.55e-06	2.56e-03	9.58e-02	9.02e-01
 3.19899e+22	1.88e-31	2.06e-25	1.50e-20	1.53e-16	3.61e-13	2.07e-10	4.55e-08	6.09e-06	2.72e-03	9.86e-02	8.99e-01
 3.22036e+22	2.89e-31	3.03e-25	2.11e-20	2.07e-16	4.66e-13	2.56e-10	5.38e-08	6.88e-06	2.94e-03	1.02e-01	8.95e-01
 3.24225e+22	4.10e-31	4.14e-25	2.78e-20	2.63e-16	5.73e-13	3.05e-10	6.16e-08	7.60e-06	3.14e-03	1.06e-01	8.91e-01
 3.26149e+22	5.85e-31	5.69e-25	3.68e-20	3.36e-16	7.08e-13	3.63e-10	7.06e-08	8.39e-06	3.35e-03	1.09e-01	8.88e-01
 3.28015e+22	8.20e-31	7.70e-25	4.81e-20	4.25e-16	8.64e-13	4.28e-10	8.05e-08	9.23e-06	3.56e-03	1.12e-01	8.84e-01
 3.30139e+22	1.25e-30	1.12e-24	6.70e-20	5.68e-16	1.11e-12	5.27e-10	9.47e-08	1.04e-05	3.85e-03	1.16e-01	8.80e-01
 3.32307e+22	1.82e-30	1.57e-24	9.02e-20	7.36e-16	1.38e-12	6.34e-10	1.09e-07	1.15e-05	4.12e-03	1.20e-01	8.76e-01
 3.34175e+22	2.58e-30	2.15e-24	1.19e-19	9.37e-16	1.70e-12	7.53e-10	1.25e-07	1.27e-05	4.39e-03	1.23e-01	8.72e-01
 3.36250e+22	4.02e-30	3.19e-24	1.69e-19	1.27e-15	2.21e-12	9.35e-10	1.48e-07	1.44e-05	4.75e-03	1.28e-01	8.67e-01
 3.38364e+22	5.73e-30	4.39e-24	2.24e-19	1.62e-15	2.73e-12	1.11e-09	1.70e-07	1.59e-05	5.07e-03	1.32e-01	8.63e-01
 3.40532e+22	9.10e-30	6.63e-24	3.22e-19	2.23e-15	3.59e-12	1.40e-09	2.03e-07	1.81e-05	5.50e-03	1.37e-01	8.58e-01
 3.42678e+22	1.31e-29	9.20e-24	4.31e-19	2.87e-15	4.45e-12	1.67e-09	2.34e-07	2.00e-05	5.87e-03	1.41e-01	8.53e-01
 3.44795e+22	2.05e-29	1.37e-23	6.14e-19	3.92e-15	5.81e-12	2.08e-09	2.77e-07	2.26e-05	6.36e-03	1.46e-01	8.47e-01
 3.46967e+22	3.01e-29	1.94e-23	8.31e-19	5.10e-15	7.28e-12	2.51e-09	3.21e-07	2.52e-05	6.81e-03	1.51e-01	8.42e-01
 3.48910e+22	4.49e-29	2.77e-23	1.14e-18	6.72e-15	9.22e-12	3.06e-09	3.74e-07	2.81e-05	7.30e-03	1.56e-01	8.37e-01
 3.50763e+22	6.40e-29	3.81e-23	1.51e-18	8.58e-15	1.14e-11	3.64e-09	4.28e-07	3.09e-05	7.76e-03	1.60e-01	8.32e-01
 3.52532e+22	9.04e-29	5.18e-23	1.98e-18	1.09e-14	1.39e-11	4.31e-09	4.88e-07	3.40e-05	8.25e-03	1.64e-01	8.27e-01
 3.54564e+22	1.45e-28	7.89e-23	2.87e-18	1.50e-14	1.84e-11	5.41e-09	5.83e-07	3.86e-05	8.94e-03	1.70e-01	8.21e-01
 3.56581e+22	2.09e-28	1.10e-22	3.84e-18	1.94e-14	2.28e-11	6.48e-09	6.70e-07	4.27e-05	9.53e-03	1.75e-01	8.15e-01
 3.58185e+22	2.86e-28	1.45e-22	4.92e-18	2.40e-14	2.74e-11	7.55e-09	7.54e-07	4.65e-05	1.01e-02	1.79e-01	8.10e-01
 3.59878e+22	4.22e-28	2.06e-22	6.69e-18	3.14e-14	3.45e-11	9.13e-09	8.74e-07	5.16e-05	1.07e-02	1.85e-01	8.04e-01
 3.61493e+22	5.64e-28	2.67e-22	8.42e-18	3.84e-14	4.10e-11	1.05e-08	9.75e-07	5.58e-05	1.13e-02	1.89e-01	8.00e-01
 3.62792e+22	7.54e-28	3.46e-22	1.06e-17	4.68e-14	4.86e-11	1.21e-08	1.09e-06	6.03e-05	1.18e-02	1.93e-01	7.95e-01
 3.64063e+22	9.88e-28	4.41e-22	1.31e-17	5.64e-14	5.70e-11	1.38e-08	1.20e-06	6.49e-05	1.24e-02	1.97e-01	7.91e-01
 3.65305e+22	1.28e-27	5.54e-22	1.60e-17	6.72e-14	6.62e-11	1.56e-08	1.33e-06	6.95e-05	1.29e-02	2.00e-01	7.87e-01
 3.66707e+22	1.80e-27	7.55e-22	2.11e-17	8.52e-14	8.11e-11	1.85e-08	1.51e-06	7.62e-05	1.37e-02	2.05e-01	7.81e-01
 3.68098e+22	2.37e-27	9.63e-22	2.61e-17	1.03e-13	9.51e-11	2.11e-08	1.67e-06	8.19e-05	1.43e-02	2.10e-01	7.76e-01
 3.69291e+22	3.09e-27	1.22e-21	3.22e-17	1.23e-13	1.11e-10	2.40e-08	1.85e-06	8.79e-05	1.50e-02	2.14e-01	7.71e-01
 3.70441e+22	4.00e-27	1.54e-21	3.95e-17	1.47e-13	1.29e-10	2.72e-08	2.03e-06	9.41e-05	1.56e-02	2.17e-01	7.67e-01
 3.71540e+22	5.10e-27	1.91e-21	4.78e-17	1.74e-13	1.49e-10	3.06e-08	2.22e-06	1.00e-04	1.63e-02	2.21e-01	7.63e-01
 3.72792e+22	7.01e-27	2.54e-21	6.15e-17	2.16e-13	1.80e-10	3.57e-08	2.50e-06	1.09e-04	1.71e-02	2.26e-01	7.57e-01
 3.74062e+22	9.05e-27	3.20e-21	7.52e-17	2.58e-13	2.09e-10	4.04e-08	2.75e-06	1.17e-04	1.79e-02	2.30e-01	7.52e-01
 3.75355e+22	1.29e-26	4.38e-21	9.92e-17	3.28e-13	2.56e-10	4.78e-08	3.13e-06	1.28e-04	1.89e-02	2.35e-01	7.45e-01
 3.76627e+22	1.66e-26	5.50e-21	1.21e-16	3.90e-13	2.98e-10	5.40e-08	3.44e-06	1.37e-04	1.97e-02	2.40e-01	7.41e-01
 3.77667e+22	2.15e-26	6.93e-21	1.49e-16	4.65e-13	3.46e-10	6.11e-08	3.79e-06	1.46e-04	2.05e-02	2.44e-01	7.36e-01
 3.78644e+22	2.72e-26	8.57e-21	1.79e-16	5.47e-13	3.97e-10	6.85e-08	4.13e-06	1.55e-04	2.13e-02	2.47e-01	7.31e-01
 3.79741e+22	3.66e-26	1.12e-20	2.26e-16	6.70e-13	4.72e-10	7.90e-08	4.61e-06	1.68e-04	2.24e-02	2.52e-01	7.25e-01
 3.80871e+22	4.80e-26	1.42e-20	2.80e-16	8.06e-13	5.52e-10	8.99e-08	5.09e-06	1.80e-04	2.33e-02	2.57e-01	7.20e-01
 3.81856e+22	6.05e-26	1.75e-20	3.36e-16	9.44e-13	6.32e-10	1.01e-07	5.54e-06	1.91e-04	2.42e-02	2.61e-01	7.15e-01
 3.82953e+22	8.45e-26	2.36e-20	4.37e-16	1.19e-12	7.68e-10	1.18e-07	6.26e-06	2.07e-04	2.55e-02	2.66e-01	7.08e-01
 3.84051e+22	1.09e-25	2.97e-20	5.33e-16	1.41e-12	8.89e-10	1.33e-07	6.86e-06	2.21e-04	2.65e-02	2.70e-01	7.03e-01
 3.85151e+22	1.52e-25	4.00e-20	6.93e-16	1.77e-12	1.08e-09	1.56e-07	7.75e-06	2.41e-04	2.79e-02	2.76e-01	6.96e-01
 3.86268e+22	1.99e-25	5.09e-20	8.58e-16	2.13e-12	1.26e-09	1.78e-07	8.56e-06	2.58e-04	2.91e-02	2.80e-01	6.90e-01
 3.87228e+22	2.55e-25	6.36e-20	1.04e-15	2.52e-12	1.46e-09	2.00e-07	9.36e-06	2.75e-04	3.02e-02	2.85e-01	6.85e-01
 3.88296e+22	3.66e-25	8.77e-20	1.38e-15	3.21e-12	1.79e-09	2.37e-07	1.07e-05	3.01e-04	3.19e-02	2.91e-01	6.77e-01
 3.89342e+22	4.64e-25	1.09e-19	1.67e-15	3.78e-12	2.06e-09	2.66e-07	1.16e-05	3.19e-04	3.31e-02	2.95e-01	6.72e-01
 3.90362e+22	6.57e-25	1.48e-19	2.19e-15	4.78e-12	2.52e-09	3.13e-07	1.32e-05	3.48e-04	3.49e-02	3.01e-01	6.64e-01
 3.91364e+22	8.28e-25	1.82e-19	2.63e-15	5.59e-12	2.88e-09	3.50e-07	1.43e-05	3.69e-04	3.61e-02	3.05e-01	6.59e-01
 3.92341e+22	1.17e-24	2.49e-19	3.45e-15	7.07e-12	3.52e-09	4.13e-07	1.63e-05	4.03e-04	3.81e-02	3.11e-01	6.51e-01
 3.93316e+22	1.49e-24	3.09e-19	4.17e-15	8.33e-12	4.04e-09	4.63e-07	1.78e-05	4.28e-04	3.95e-02	3.15e-01	6.45e-01
 3.94287e+22	2.12e-24	4.23e-19	5.49e-15	1.06e-11	4.95e-09	5.47e-07	2.02e-05	4.67e-04	4.16e-02	3.21e-01	6.37e-01
 3.95266e+22	2.73e-24	5.31e-19	6.70e-15	1.25e-11	5.73e-09	6.17e-07	2.21e-05	4.97e-04	4.32e-02	3.26e-01	6.31e-01
 3.96255e+22	3.93e-24	7.35e-19	8.91e-15	1.60e-11	7.06e-09	7.33e-07	2.52e-05	5.44e-04	4.56e-02	3.32e-01	6.22e-01
 3.97252e+22	5.11e-24	9.30e-19	1.10e-14	1.92e-11	8.22e-09	8.31e-07	2.77e-05	5.81e-04	4.74e-02	3.37e-01	6.15e-01
 3.98258e+22	7.31e-24	1.28e-18	1.45e-14	2.44e-11	1.01e-08	9.86e-07	3.16e-05	6.36e-04	5.00e-02	3.43e-01	6.06e-01
 3.99255e+22	9.60e-24	1.64e-18	1.80e-14	2.93e-11	1.18e-08	1.12e-06	3.49e-05	6.81e-04	5.21e-02	3.48e-01	5.99e-01
 4.00240e+22	1.37e-23	2.25e-18	2.37e-14	3.73e-11	1.45e-08	1.33e-06	3.97e-05	7.44e-04	5.49e-02	3.54e-01	5.90e-01
 4.01245e+22	1.82e-23	2.90e-18	2.97e-14	4.52e-11	1.71e-08	1.52e-06	4.41e-05	7.99e-04	5.73e-02	3.60e-01	5.82e-01
 4.02277e+22	2.64e-23	4.06e-18	3.98e-14	5.82e-11	2.12e-08	1.82e-06	5.06e-05	8.78e-04	6.05e-02	3.66e-01	5.72e-01
 4.03315e+22	3.53e-23	5.25e-18	4.99e-14	7.08e-11	2.51e-08	2.10e-06	5.63e-05	9.44e-04	6.32e-02	3.71e-01	5.64e-01
 4.04359e+22	5.15e-23	7.38e-18	6.72e-14	9.14e-11	3.12e-08	2.51e-06	6.48e-05	1.04e-03	6.68e-02	3.78e-01	5.54e-01
 4.05411e+22	6.86e-23	9.55e-18	8.42e-14	1.11e-10	3.69e-08	2.89e-06	7.21e-05	1.12e-03	6.97e-02	3.83e-01	5.46e-01
 4.06320e+22	9.10e-23	1.23e-17	1.05e-13	1.35e-10	4.35e-08	3.32e-06	8.02e-05	1.20e-03	7.27e-02	3.89e-01	5.37e-01
 4.07353e+22	1.30e-22	1.70e-17	1.40e-13	1.72e-10	5.37e-08	3.95e-06	9.18e-05	1.32e-03	7.67e-02	3.95e-01	5.27e-01
 4.08386e+22	1.72e-22	2.17e-17	1.73e-13	2.07e-10	6.30e-08	4.52e-06	1.02e-04	1.41e-03	7.99e-02	4.00e-01	5.19e-01
 4.09417e+22	2.45e-22	3.00e-17	2.30e-13	2.64e-10	7.77e-08	5.38e-06	1.17e-04	1.55e-03	8.43e-02	4.06e-01	5.08e-01
 4.10458e+22	3.18e-22	3.79e-17	2.82e-13	3.16e-10	9.06e-08	6.12e-06	1.29e-04	1.66e-03	8.77e-02	4.11e-01	5.00e-01
 4.11511e+22	4.49e-22	5.16e-17	3.71e-13	3.99e-10	1.11e-07	7.26e-06	1.47e-04	1.82e-03	9.23e-02	4.17e-01	4.89e-01
 4.12594e+22	5.91e-22	6.61e-17	4.61e-13	4.82e-10	1.31e-07	8.33e-06	1.64e-04	1.95e-03	9.62e-02	4.21e-01	4.80e-01
 4.13715e+22	8.40e-22	9.08e-17	6.09e-13	6.13e-10	1.61e-07	9.93e-06	1.88e-04	2.14e-03	1.01e-01	4.27e-01	4.69e-01
 4.14857e+22	1.10e-21	1.16e-16	7.54e-13	7.38e-10	1.89e-07	1.14e-05	2.08e-04	2.30e-03	1.06e-01	4.32e-01	4.60e-01
 4.16027e+22	1.55e-21	1.58e-16	9.94e-13	9.36e-10	2.32e-07	1.35e-05	2.39e-04	2.53e-03	1.11e-01	4.37e-01	4.49e-01
 4.17218e+22	2.03e-21	2.01e-16	1.23e-12	1.13e-09	2.73e-07	1.55e-05	2.65e-04	2.71e-03	1.16e-01	4.42e-01	4.39e-01
 4.18438e+22	2.86e-21	2.74e-16	1.62e-12	1.43e-09	3.35e-07	1.84e-05	3.04e-04	2.98e-03	1.22e-01	4.47e-01	4.28e-01
 4.19664e+22	3.70e-21	3.46e-16	1.98e-12	1.71e-09	3.91e-07	2.10e-05	3.36e-04	3.19e-03	1.27e-01	4.51e-01	4.19e-01
 4.20900e+22	5.13e-21	4.65e-16	2.58e-12	2.14e-09	4.76e-07	2.48e-05	3.84e-04	3.49e-03	1.33e-01	4.55e-01	4.08e-01
 4.22167e+22	6.63e-21	5.87e-16	3.17e-12	2.56e-09	5.57e-07	2.83e-05	4.25e-04	3.74e-03	1.38e-01	4.59e-01	3.98e-01
 4.23269e+22	8.40e-21	7.27e-16	3.83e-12	3.02e-09	6.42e-07	3.20e-05	4.68e-04	3.99e-03	1.43e-01	4.62e-01	3.90e-01
 4.24496e+22	1.14e-20	9.60e-16	4.90e-12	3.74e-09	7.74e-07	3.74e-05	5.29e-04	4.34e-03	1.50e-01	4.66e-01	3.79e-01
 4.25725e+22	1.42e-20	1.17e-15	5.86e-12	4.37e-09	8.86e-07	4.20e-05	5.79e-04	4.61e-03	1.55e-01	4.69e-01	3.71e-01
 4.26957e+22	1.91e-20	1.53e-15	7.41e-12	5.36e-09	1.06e-06	4.88e-05	6.52e-04	4.99e-03	1.62e-01	4.72e-01	3.61e-01
 4.28218e+22	2.39e-20	1.88e-15	8.90e-12	6.28e-09	1.22e-06	5.49e-05	7.15e-04	5.31e-03	1.67e-01	4.74e-01	3.52e-01
 4.29335e+22	2.98e-20	2.29e-15	1.06e-11	7.34e-09	1.39e-06	6.15e-05	7.82e-04	5.64e-03	1.73e-01	4.76e-01	3.44e-01
 4.30604e+22	3.96e-20	2.97e-15	1.34e-11	8.98e-09	1.66e-06	7.14e-05	8.79e-04	6.11e-03	1.80e-01	4.79e-01	3.34e-01
 4.31867e+22	4.85e-20	3.57e-15	1.58e-11	1.03e-08	1.88e-06	7.93e-05	9.54e-04	6.46e-03	1.86e-01	4.80e-01	3.27e-01
 4.33120e+22	6.35e-20	4.56e-15	1.96e-11	1.25e-08	2.22e-06	9.14e-05	1.07e-03	6.96e-03	1.93e-01	4.82e-01	3.17e-01
 4.34398e+22	7.78e-20	5.49e-15	2.32e-11	1.45e-08	2.52e-06	1.02e-04	1.16e-03	7.36e-03	1.99e-01	4.83e-01	3.09e-01
 4.35708e+22	1.02e-19	7.02e-15	2.88e-11	1.75e-08	2.98e-06	1.17e-04	1.30e-03	7.93e-03	2.07e-01	4.85e-01	2.99e-01
 4.37042e+22	1.25e-19	8.46e-15	3.41e-11	2.03e-08	3.38e-06	1.30e-04	1.41e-03	8.39e-03	2.13e-01	4.86e-01	2.92e-01
 4.38409e+22	1.64e-19	1.08e-14	4.25e-11	2.46e-08	4.00e-06	1.50e-04	1.58e-03	9.04e-03	2.21e-01	4.86e-01	2.82e-01
 4.39800e+22	2.02e-19	1.31e-14	5.03e-11	2.84e-08	4.54e-06	1.67e-04	1.71e-03	9.56e-03	2.27e-01	4.87e-01	2.75e-01
 4.41224e+22	2.64e-19	1.67e-14	6.27e-11	3.45e-08	5.38e-06	1.93e-04	1.92e-03	1.03e-02	2.36e-01	4.87e-01	2.65e-01
 4.42616e+22	3.17e-19	1.98e-14	7.28e-11	3.92e-08	6.02e-06	2.12e-04	2.06e-03	1.08e-02	2.42e-01	4.87e-01	2.58e-01
 4.43966e+22	4.08e-19	2.49e-14	8.95e-11	4.70e-08	7.05e-06	2.42e-04	2.29e-03	1.16e-02	2.50e-01	4.86e-01	2.49e-01
 4.45336e+22	4.91e-19	2.94e-14	1.04e-10	5.36e-08	7.89e-06	2.66e-04	2.47e-03	1.22e-02	2.57e-01	4.86e-01	2.43e-01
 4.46732e+22	6.27e-19	3.68e-14	1.27e-10	6.39e-08	9.20e-06	3.03e-04	2.73e-03	1.30e-02	2.65e-01	4.85e-01	2.34e-01
 4.48171e+22	7.66e-19	4.42e-14	1.50e-10	7.36e-08	1.04e-05	3.36e-04	2.96e-03	1.38e-02	2.72e-01	4.84e-01	2.27e-01
 4.49666e+22	9.81e-19	5.54e-14	1.83e-10	8.79e-08	1.21e-05	3.83e-04	3.27e-03	1.47e-02	2.81e-01	4.82e-01	2.19e-01
 4.51209e+22	1.21e-18	6.71e-14	2.18e-10	1.02e-07	1.38e-05	4.27e-04	3.56e-03	1.55e-02	2.88e-01	4.80e-01	2.12e-01
 4.52815e+22	1.57e-18	8.49e-14	2.69e-10	1.23e-07	1.62e-05	4.87e-04	3.94e-03	1.66e-02	2.98e-01	4.78e-01	2.03e-01
 4.54462e+22	1.94e-18	1.03e-13	3.20e-10	1.43e-07	1.85e-05	5.44e-04	4.30e-03	1.76e-02	3.05e-01	4.76e-01	1.96e-01
 4.56164e+22	2.53e-18	1.32e-13	3.98e-10	1.72e-07	2.18e-05	6.24e-04	4.77e-03	1.88e-02	3.15e-01	4.73e-01	1.88e-01
 4.57921e+22	3.16e-18	1.61e-13	4.77e-10	2.02e-07	2.50e-05	6.99e-04	5.21e-03	2.00e-02	3.24e-01	4.70e-01	1.81e-01
 4.59747e+22	4.17e-18	2.08e-13	5.98e-10	2.46e-07	2.96e-05	8.05e-04	5.81e-03	2.14e-02	3.34e-01	4.66e-01	1.72e-01
 4.61634e+22	5.27e-18	2.57e-13	7.24e-10	2.90e-07	3.42e-05	9.07e-04	6.37e-03	2.27e-02	3.43e-01	4.62e-01	1.65e-01
 4.63340e+22	6.61e-18	3.16e-13	8.71e-10	3.41e-07	3.92e-05	1.02e-03	6.95e-03	2.40e-02	3.51e-01	4.58e-01	1.58e-01
 4.65299e+22	8.79e-18	4.10e-13	1.10e-09	4.18e-07	4.67e-05	1.18e-03	7.76e-03	2.58e-02	3.62e-01	4.53e-01	1.50e-01
 4.67296e+22	1.11e-17	5.08e-13	1.33e-09	4.94e-07	5.39e-05	1.32e-03	8.50e-03	2.74e-02	3.71e-01	4.48e-01	1.44e-01
 4.69343e+22	1.49e-17	6.64e-13	1.69e-09	6.07e-07	6.45e-05	1.53e-03	9.51e-03	2.94e-02	3.82e-01	4.42e-01	1.36e-01
 4.71417e+22	1.89e-17	8.24e-13	2.06e-09	7.19e-07	7.45e-05	1.73e-03	1.04e-02	3.12e-02	3.91e-01	4.36e-01	1.29e-01
 4.73527e+22	2.54e-17	1.08e-12	2.62e-09	8.88e-07	8.94e-05	2.01e-03	1.17e-02	3.35e-02	4.02e-01	4.29e-01	1.21e-01
 4.75659e+22	3.21e-17	1.34e-12	3.18e-09	1.05e-06	1.03e-04	2.27e-03	1.28e-02	3.55e-02	4.11e-01	4.23e-01	1.15e-01
 4.77819e+22	4.33e-17	1.76e-12	4.07e-09	1.30e-06	1.24e-04	2.65e-03	1.44e-02	3.82e-02	4.23e-01	4.14e-01	1.08e-01
 4.79991e+22	5.44e-17	2.18e-12	4.92e-09	1.54e-06	1.43e-04	2.98e-03	1.57e-02	4.04e-02	4.32e-01	4.07e-01	1.02e-01
 4.81795e+22	6.67e-17	2.63e-12	5.83e-09	1.78e-06	1.63e-04	3.31e-03	1.70e-02	4.24e-02	4.39e-01	4.01e-01	9.72e-02
 4.83758e+22	8.65e-17	3.34e-12	7.24e-09	2.15e-06	1.92e-04	3.80e-03	1.89e-02	4.53e-02	4.49e-01	3.92e-01	9.09e-02
 4.85714e+22	1.05e-16	4.00e-12	8.53e-09	2.48e-06	2.18e-04	4.21e-03	2.04e-02	4.75e-02	4.56e-01	3.85e-01	8.64e-02
 4.87662e+22	1.35e-16	5.05e-12	1.05e-08	2.99e-06	2.56e-04	4.82e-03	2.27e-02	5.07e-02	4.66e-01	3.75e-01	8.05e-02
 4.89633e+22	1.64e-16	6.05e-12	1.24e-08	3.45e-06	2.90e-04	5.35e-03	2.45e-02	5.32e-02	4.73e-01	3.68e-01	7.62e-02
 4.91634e+22	2.09e-16	7.60e-12	1.53e-08	4.15e-06	3.41e-04	6.14e-03	2.72e-02	5.67e-02	4.82e-01	3.57e-01	7.06e-02
 4.93660e+22	2.53e-16	9.09e-12	1.80e-08	4.79e-06	3.87e-04	6.82e-03	2.95e-02	5.95e-02	4.88e-01	3.49e-01	6.65e-02
 4.95716e+22	3.21e-16	1.14e-11	2.22e-08	5.76e-06	4.55e-04	7.82e-03	3.27e-02	6.34e-02	4.97e-01	3.38e-01	6.13e-02
 4.97813e+22	3.86e-16	1.36e-11	2.62e-08	6.66e-06	5.18e-04	8.72e-03	3.55e-02	6.67e-02	5.03e-01	3.28e-01	5.73e-02
 4.99960e+22	4.86e-16	1.70e-11	3.22e-08	8.01e-06	6.11e-04	1.00e-02	3.95e-02	7.12e-02	5.10e-01	3.16e-01	5.23e-02
 5.02147e+22	5.81e-16	2.02e-11	3.79e-08	9.27e-06	6.96e-04	1.12e-02	4.30e-02	7.49e-02	5.16e-01	3.06e-01	4.86e-02
 5.04384e+22	7.22e-16	2.50e-11	4.65e-08	1.11e-05	8.22e-04	1.29e-02	4.79e-02	8.00e-02	5.22e-01	2.93e-01	4.39e-02
 5.06647e+22	8.51e-16	2.94e-11	5.44e-08	1.28e-05	9.35e-04	1.44e-02	5.21e-02	8.41e-02	5.26e-01	2.82e-01	4.05e-02
 5.08561e+22	9.80e-16	3.39e-11	6.25e-08	1.46e-05	1.05e-03	1.60e-02	5.62e-02	8.80e-02	5.29e-01	2.72e-01	3.75e-02
 5.10654e+22	1.16e-15	4.03e-11	7.41e-08	1.70e-05	1.21e-03	1.81e-02	6.18e-02	9.32e-02	5.32e-01	2.60e-01	3.39e-02
 5.12753e+22	1.31e-15	4.58e-11	8.44e-08	1.92e-05	1.36e-03	1.99e-02	6.65e-02	9.73e-02	5.34e-01	2.50e-01	3.13e-02
 5.14803e+22	1.50e-15	5.31e-11	9.82e-08	2.21e-05	1.55e-03	2.24e-02	7.25e-02	1.03e-01	5.35e-01	2.37e-01	2.82e-02
 5.16894e+22	1.68e-15	5.99e-11	1.11e-07	2.49e-05	1.73e-03	2.46e-02	7.80e-02	1.07e-01	5.36e-01	2.27e-01	2.58e-02
 5.18956e+22	1.87e-15	6.79e-11	1.27e-07	2.83e-05	1.96e-03	2.75e-02	8.46e-02	1.12e-01	5.35e-01	2.15e-01	2.33e-02
 5.21058e+22	2.04e-15	7.57e-11	1.43e-07	3.18e-05	2.19e-03	3.02e-02	9.08e-02	1.17e-01	5.34e-01	2.05e-01	2.11e-02
 5.23115e+22	2.22e-15	8.41e-11	1.61e-07	3.57e-05	2.45e-03	3.34e-02	9.76e-02	1.22e-01	5.31e-01	1.94e-01	1.90e-02
 5.25194e+22	2.38e-15	9.25e-11	1.80e-07	3.98e-05	2.72e-03	3.66e-02	1.05e-01	1.27e-01	5.28e-01	1.83e-01	1.72e-02
 5.27246e+22	2.53e-15	1.01e-10	2.00e-07	4.43e-05	3.02e-03	4.01e-02	1.12e-01	1.32e-01	5.24e-01	1.73e-01	1.55e-02
 5.29293e+22	2.67e-15	1.10e-10	2.22e-07	4.92e-05	3.34e-03	4.38e-02	1.19e-01	1.37e-01	5.19e-01	1.64e-01	1.39e-02
 5.31342e+22	2.79e-15	1.19e-10	2.45e-07	5.45e-05	3.70e-03	4.77e-02	1.26e-01	1.42e-01	5.13e-01	1.54e-01	1.25e-02
 5.33399e+22	2.89e-15	1.28e-10	2.70e-07	6.02e-05	4.08e-03	5.19e-02	1.34e-01	1.47e-01	5.07e-01	1.45e-01	1.12e-02
 5.35463e+22	2.99e-15	1.37e-10	2.97e-07	6.66e-05	4.50e-03	5.64e-02	1.42e-01	1.52e-01	4.99e-01	1.36e-01	9.99e-03
 5.37544e+22	3.07e-15	1.47e-10	3.26e-07	7.36e-05	4.96e-03	6.11e-02	1.49e-01	1.57e-01	4.91e-01	1.27e-01	8.92e-03
 5.39645e+22	3.15e-15	1.57e-10	3.59e-07	8.14e-05	5.47e-03	6.62e-02	1.57e-01	1.61e-01	4.82e-01	1.19e-01	7.94e-03
 5.41758e+22	3.22e-15	1.68e-10	3.95e-07	9.01e-05	6.02e-03	7.15e-02	1.65e-01	1.66e-01	4.73e-01	1.11e-01	7.06e-03
 5.43903e+22	3.28e-15	1.79e-10	4.35e-07	1.00e-04	6.64e-03	7.73e-02	1.74e-01	1.70e-01	4.63e-01	1.03e-01	6.25e-03
 5.46068e+22	3.35e-15	1.92e-10	4.81e-07	1.11e-04	7.31e-03	8.34e-02	1.82e-01	1.74e-01	4.52e-01	9.61e-02	5.54e-03
 5.48279e+22	3.43e-15	2.06e-10	5.34e-07	1.24e-04	8.09e-03	9.01e-02	1.90e-01	1.78e-01	4.40e-01	8.89e-02	4.86e-03
 5.50526e+22	3.51e-15	2.23e-10	5.94e-07	1.38e-04	8.93e-03	9.70e-02	1.98e-01	1.82e-01	4.28e-01	8.22e-02	4.28e-03
 5.52582e+22	3.59e-15	2.38e-10	6.52e-07	1.52e-04	9.71e-03	1.03e-01	2.05e-01	1.84e-01	4.17e-01	7.69e-02	3.84e-03
 5.54731e+22	3.69e-15	2.58e-10	7.34e-07	1.72e-04	1.08e-02	1.11e-01	2.13e-01	1.88e-01	4.03e-01	7.04e-02	3.34e-03
 5.56912e+22	3.81e-15	2.79e-10	8.12e-07	1.90e-04	1.18e-02	1.18e-01	2.19e-01	1.90e-01	3.92e-01	6.56e-02	2.98e-03
 5.59156e+22	3.99e-15	3.09e-10	9.27e-07	2.17e-04	1.31e-02	1.28e-01	2.28e-01	1.92e-01	3.77e-01	5.97e-02	2.57e-03
 5.61408e+22	4.15e-15	3.35e-10	1.03e-06	2.41e-04	1.43e-02	1.35e-01	2.34e-01	1.94e-01	3.65e-01	5.54e-02	2.28e-03
 5.63673e+22	4.37e-15	3.74e-10	1.19e-06	2.76e-04	1.60e-02	1.46e-01	2.41e-01	1.95e-01	3.49e-01	5.01e-02	1.96e-03
 5.65944e+22	4.63e-15	4.11e-10	1.33e-06	3.07e-04	1.74e-02	1.54e-01	2.47e-01	1.96e-01	3.37e-01	4.64e-02	1.74e-03
 5.68223e+22	4.97e-15	4.65e-10	1.54e-06	3.52e-04	1.94e-02	1.65e-01	2.54e-01	1.97e-01	3.22e-01	4.19e-02	1.49e-03
 5.70526e+22	5.33e-15	5.16e-10	1.74e-06	3.93e-04	2.11e-02	1.74e-01	2.59e-01	1.97e-01	3.09e-01	3.86e-02	1.32e-03
 5.72860e+22	5.83e-15	5.92e-10	2.04e-06	4.55e-04	2.35e-02	1.86e-01	2.65e-01	1.96e-01	2.93e-01	3.47e-02	1.12e-03
 5.75223e+22	6.35e-15	6.66e-10	2.32e-06	5.09e-04	2.56e-02	1.96e-01	2.69e-01	1.95e-01	2.81e-01	3.18e-02	9.83e-04
 5.77624e+22	7.11e-15	7.77e-10	2.74e-06	5.91e-04	2.86e-02	2.09e-01	2.74e-01	1.94e-01	2.65e-01	2.84e-02	8.29e-04
 5.80068e+22	7.90e-15	8.86e-10	3.15e-06	6.66e-04	3.11e-02	2.20e-01	2.78e-01	1.92e-01	2.52e-01	2.59e-02	7.24e-04
 5.82569e+22	9.08e-15	1.05e-09	3.77e-06	7.78e-04	3.48e-02	2.34e-01	2.81e-01	1.89e-01	2.36e-01	2.28e-02	6.04e-04
 5.85125e+22	1.03e-14	1.22e-09	4.37e-06	8.80e-04	3.80e-02	2.46e-01	2.84e-01	1.87e-01	2.23e-01	2.07e-02	5.23e-04
 5.87753e+22	1.22e-14	1.48e-09	5.30e-06	1.03e-03	4.25e-02	2.62e-01	2.86e-01	1.83e-01	2.07e-01	1.81e-02	4.31e-04
 5.90435e+22	1.43e-14	1.75e-09	6.19e-06	1.17e-03	4.64e-02	2.74e-01	2.88e-01	1.79e-01	1.95e-01	1.62e-02	3.69e-04
 5.92700e+22	1.64e-14	2.02e-09	7.12e-06	1.31e-03	5.01e-02	2.86e-01	2.89e-01	1.75e-01	1.84e-01	1.47e-02	3.21e-04
 5.95154e+22	1.98e-14	2.46e-09	8.55e-06	1.52e-03	5.53e-02	3.00e-01	2.89e-01	1.70e-01	1.71e-01	1.29e-02	2.67e-04
 5.97539e+22	2.28e-14	2.83e-09	9.74e-06	1.69e-03	5.92e-02	3.11e-01	2.88e-01	1.67e-01	1.61e-01	1.17e-02	2.34e-04
 5.99834e+22	2.76e-14	3.42e-09	1.16e-05	1.93e-03	6.47e-02	3.24e-01	2.87e-01	1.61e-01	1.50e-01	1.03e-02	1.96e-04
 6.02151e+22	3.23e-14	3.97e-09	1.32e-05	2.14e-03	6.91e-02	3.35e-01	2.86e-01	1.57e-01	1.41e-01	9.39e-03	1.71e-04
 6.04498e+22	3.97e-14	4.83e-09	1.57e-05	2.45e-03	7.54e-02	3.48e-01	2.84e-01	1.52e-01	1.30e-01	8.23e-03	1.43e-04
 6.06878e+22	4.70e-14	5.65e-09	1.80e-05	2.71e-03	8.05e-02	3.58e-01	2.82e-01	1.47e-01	1.22e-01	7.42e-03	1.24e-04
 6.09301e+22	5.88e-14	6.94e-09	2.15e-05	3.10e-03	8.76e-02	3.72e-01	2.78e-01	1.41e-01	1.12e-01	6.46e-03	1.02e-04
 6.11759e+22	7.05e-14	8.16e-09	2.46e-05	3.43e-03	9.34e-02	3.82e-01	2.75e-01	1.36e-01	1.04e-01	5.80e-03	8.82e-05
 6.14261e+22	8.97e-14	1.01e-08	2.95e-05	3.93e-03	1.02e-01	3.94e-01	2.71e-01	1.29e-01	9.51e-02	5.00e-03	7.22e-05
 6.16806e+22	1.09e-13	1.20e-08	3.40e-05	4.36e-03	1.08e-01	4.04e-01	2.66e-01	1.24e-01	8.82e-02	4.45e-03	6.17e-05
 6.19404e+22	1.41e-13	1.50e-08	4.08e-05	4.99e-03	1.17e-01	4.16e-01	2.61e-01	1.18e-01	7.98e-02	3.81e-03	5.01e-05
 6.22069e+22	1.74e-13	1.79e-08	4.73e-05	5.54e-03	1.25e-01	4.25e-01	2.55e-01	1.12e-01	7.35e-02	3.36e-03	4.23e-05
 6.24821e+22	2.29e-13	2.27e-08	5.72e-05	6.36e-03	1.35e-01	4.36e-01	2.48e-01	1.05e-01	6.58e-02	2.84e-03	3.38e-05
 6.27643e+22	2.86e-13	2.74e-08	6.66e-05	7.08e-03	1.44e-01	4.44e-01	2.42e-01	9.98e-02	6.01e-02	2.48e-03	2.82e-05
 6.30557e+22	3.84e-13	3.51e-08	8.11e-05	8.14e-03	1.56e-01	4.54e-01	2.34e-01	9.28e-02	5.33e-02	2.07e-03	2.22e-05
 6.33495e+22	4.82e-13	4.24e-08	9.41e-05	9.03e-03	1.65e-01	4.61e-01	2.27e-01	8.75e-02	4.85e-02	1.80e-03	1.84e-05
 6.36464e+22	6.52e-13	5.45e-08	1.15e-04	1.04e-02	1.78e-01	4.69e-01	2.18e-01	8.09e-02	4.27e-02	1.49e-03	1.43e-05
 6.39463e+22	8.21e-13	6.58e-08	1.33e-04	1.15e-02	1.88e-01	4.74e-01	2.10e-01	7.59e-02	3.87e-02	1.29e-03	1.19e-05
 6.42501e+22	1.12e-12	8.47e-08	1.62e-04	1.31e-02	2.02e-01	4.79e-01	2.01e-01	6.97e-02	3.38e-02	1.06e-03	9.16e-06
 6.45588e+22	1.41e-12	1.03e-07	1.87e-04	1.45e-02	2.13e-01	4.83e-01	1.93e-01	6.51e-02	3.04e-02	9.11e-04	7.51e-06
 6.48327e+22	1.81e-12	1.25e-07	2.18e-04	1.61e-02	2.25e-01	4.85e-01	1.85e-01	6.05e-02	2.73e-02	7.76e-04	6.10e-06
 6.51053e+22	2.29e-12	1.51e-07	2.53e-04	1.77e-02	2.36e-01	4.87e-01	1.77e-01	5.63e-02	2.45e-02	6.64e-04	4.98e-06
 6.54175e+22	3.09e-12	1.93e-07	3.04e-04	2.00e-02	2.51e-01	4.88e-01	1.68e-01	5.13e-02	2.13e-02	5.43e-04	3.83e-06
 6.57118e+22	3.80e-12	2.28e-07	3.44e-04	2.17e-02	2.62e-01	4.87e-01	1.61e-01	4.80e-02	1.93e-02	4.72e-04	3.20e-06
 6.59830e+22	4.95e-12	2.81e-07	4.04e-04	2.41e-02	2.75e-01	4.86e-01	1.53e-01	4.40e-02	1.70e-02	3.94e-04	2.53e-06
 6.62587e+22	6.11e-12	3.33e-07	4.58e-04	2.62e-02	2.86e-01	4.85e-01	1.46e-01	4.10e-02	1.53e-02	3.40e-04	2.09e-06
 6.65401e+22	7.92e-12	4.09e-07	5.35e-04	2.89e-02	3.00e-01	4.82e-01	1.38e-01	3.76e-02	1.35e-02	2.84e-04	1.66e-06
 6.68322e+22	1.00e-11	4.92e-07	6.14e-04	3.16e-02	3.12e-01	4.78e-01	1.31e-01	3.46e-02	1.20e-02	2.41e-04	1.34e-06
 6.70937e+22	1.24e-11	5.84e-07	6.97e-04	3.42e-02	3.23e-01	4.75e-01	1.24e-01	3.21e-02	1.07e-02	2.06e-04	1.10e-06
 6.73892e+22	1.62e-11	7.22e-07	8.15e-04	3.78e-02	3.37e-01	4.69e-01	1.16e-01	2.91e-02	9.33e-03	1.70e-04	8.55e-07
 6.76975e+22	2.06e-11	8.73e-07	9.39e-04	4.13e-02	3.50e-01	4.63e-01	1.10e-01	2.66e-02	8.21e-03	1.42e-04	6.80e-07
 6.79751e+22	2.58e-11	1.04e-06	1.07e-03	4.48e-02	3.62e-01	4.57e-01	1.03e-01	2.45e-02	7.28e-03	1.20e-04	5.49e-07
 6.82888e+22	3.41e-11	1.30e-06	1.25e-03	4.94e-02	3.76e-01	4.49e-01	9.60e-02	2.20e-02	6.26e-03	9.73e-05	4.20e-07
 6.86124e+22	4.36e-11	1.57e-06	1.44e-03	5.39e-02	3.89e-01	4.41e-01	8.96e-02	1.99e-02	5.46e-03	8.06e-05	3.30e-07
 6.89006e+22	5.47e-11	1.88e-06	1.64e-03	5.83e-02	4.01e-01	4.32e-01	8.40e-02	1.82e-02	4.80e-03	6.75e-05	2.63e-07
 6.92270e+22	7.26e-11	2.34e-06	1.93e-03	6.42e-02	4.15e-01	4.22e-01	7.73e-02	1.62e-02	4.09e-03	5.40e-05	1.98e-07
 6.95652e+22	9.35e-11	2.85e-06	2.23e-03	6.98e-02	4.27e-01	4.11e-01	7.15e-02	1.46e-02	3.53e-03	4.41e-05	1.53e-07
 6.98685e+22	1.18e-10	3.42e-06	2.54e-03	7.55e-02	4.38e-01	4.01e-01	6.65e-02	1.32e-02	3.07e-03	3.65e-05	0.00e+00
 7.02126e+22	1.59e-10	4.31e-06	2.99e-03	8.31e-02	4.52e-01	3.88e-01	6.04e-02	1.16e-02	2.57e-03	2.86e-05	0.00e+00
 7.05677e+22	2.05e-10	5.24e-06	3.44e-03	9.01e-02	4.63e-01	3.76e-01	5.55e-02	1.04e-02	2.20e-03	2.31e-05	0.00e+00
 7.09372e+22	2.80e-10	6.67e-06	4.09e-03	9.95e-02	4.76e-01	3.60e-01	4.98e-02	9.01e-03	1.81e-03	1.77e-05	0.00e+00
 7.13097e+22	3.61e-10	8.12e-06	4.70e-03	1.08e-01	4.85e-01	3.47e-01	4.55e-02	8.02e-03	1.54e-03	1.43e-05	0.00e+00
 7.16364e+22	4.62e-10	9.81e-06	5.38e-03	1.16e-01	4.94e-01	3.34e-01	4.16e-02	7.15e-03	1.32e-03	1.15e-05	0.00e+00
 7.20116e+22	6.33e-10	1.25e-05	6.37e-03	1.27e-01	5.04e-01	3.18e-01	3.69e-02	6.15e-03	1.07e-03	8.69e-06	0.00e+00
 7.23911e+22	8.18e-10	1.52e-05	7.31e-03	1.37e-01	5.12e-01	3.04e-01	3.35e-02	5.44e-03	9.02e-04	6.90e-06	0.00e+00
 7.27762e+22	1.12e-09	1.92e-05	8.63e-03	1.50e-01	5.19e-01	2.87e-01	2.96e-02	4.66e-03	7.29e-04	5.19e-06	0.00e+00
 7.31674e+22	1.44e-09	2.34e-05	9.89e-03	1.61e-01	5.25e-01	2.73e-01	2.66e-02	4.08e-03	6.09e-04	4.07e-06	0.00e+00
 7.35665e+22	2.00e-09	3.00e-05	1.17e-02	1.76e-01	5.30e-01	2.55e-01	2.31e-02	3.45e-03	4.84e-04	2.99e-06	0.00e+00
 7.39684e+22	2.58e-09	3.64e-05	1.34e-02	1.88e-01	5.33e-01	2.41e-01	2.07e-02	3.02e-03	4.02e-04	2.34e-06	0.00e+00
 7.43742e+22	3.57e-09	4.65e-05	1.59e-02	2.05e-01	5.35e-01	2.24e-01	1.79e-02	2.53e-03	3.16e-04	1.70e-06	0.00e+00
 7.47849e+22	4.61e-09	5.64e-05	1.81e-02	2.18e-01	5.35e-01	2.10e-01	1.59e-02	2.20e-03	2.61e-04	1.31e-06	0.00e+00
 7.52020e+22	6.40e-09	7.21e-05	2.14e-02	2.37e-01	5.33e-01	1.93e-01	1.36e-02	1.83e-03	2.03e-04	9.38e-07	0.00e+00
 7.56247e+22	8.29e-09	8.75e-05	2.43e-02	2.51e-01	5.30e-01	1.80e-01	1.19e-02	1.57e-03	1.65e-04	7.16e-07	0.00e+00
 7.59930e+22	1.07e-08	1.05e-04	2.76e-02	2.66e-01	5.26e-01	1.68e-01	1.05e-02	1.36e-03	1.35e-04	5.49e-07	0.00e+00
 7.63448e+22	1.33e-08	1.25e-04	3.09e-02	2.80e-01	5.21e-01	1.57e-01	9.35e-03	1.19e-03	1.12e-04	4.30e-07	0.00e+00
 7.66789e+22	1.67e-08	1.47e-04	3.44e-02	2.94e-01	5.16e-01	1.47e-01	8.30e-03	1.04e-03	9.33e-05	3.37e-07	0.00e+00
 7.70553e+22	2.20e-08	1.81e-04	3.94e-02	3.11e-01	5.07e-01	1.34e-01	7.14e-03	8.70e-04	7.37e-05	2.47e-07	0.00e+00
 7.74312e+22	2.75e-08	2.13e-04	4.39e-02	3.25e-01	4.99e-01	1.25e-01	6.30e-03	7.55e-04	6.07e-05	1.92e-07	0.00e+00
 7.78067e+22	3.58e-08	2.59e-04	4.99e-02	3.42e-01	4.88e-01	1.14e-01	5.41e-03	6.34e-04	4.80e-05	1.41e-07	0.00e+00
 7.81906e+22	4.51e-08	3.06e-04	5.56e-02	3.57e-01	4.77e-01	1.05e-01	4.73e-03	5.44e-04	3.90e-05	0.00e+00	0.00e+00
 7.85305e+22	5.58e-08	3.58e-04	6.15e-02	3.70e-01	4.67e-01	9.65e-02	4.15e-03	4.70e-04	3.20e-05	0.00e+00	0.00e+00
 7.89172e+22	7.32e-08	4.37e-04	6.98e-02	3.87e-01	4.52e-01	8.67e-02	3.51e-03	3.88e-04	2.48e-05	0.00e+00	0.00e+00
 7.93109e+22	9.17e-08	5.14e-04	7.75e-02	4.01e-01	4.38e-01	7.90e-02	3.04e-03	3.30e-04	1.99e-05	0.00e+00	0.00e+00
 7.96610e+22	1.13e-07	5.99e-04	8.53e-02	4.14e-01	4.25e-01	7.22e-02	2.65e-03	2.82e-04	1.62e-05	0.00e+00	0.00e+00
 8.00000e+22	1.38e-07	6.92e-04	9.34e-02	4.26e-01	4.12e-01	6.61e-02	2.32e-03	2.43e-04	1.32e-05	0.00e+00	0.00e+00
 8.03126e+22	1.66e-07	7.90e-04	1.01e-01	4.36e-01	3.99e-01	6.08e-02	2.04e-03	2.11e-04	1.10e-05	0.00e+00	0.00e+00
 8.06542e+22	2.09e-07	9.29e-04	1.12e-01	4.48e-01	3.82e-01	5.46e-02	1.74e-03	1.76e-04	8.65e-06	0.00e+00	0.00e+00
 8.09978e+22	2.49e-07	1.05e-03	1.21e-01	4.57e-01	3.69e-01	5.01e-02	1.54e-03	1.53e-04	7.16e-06	0.00e+00	0.00e+00
 8.13441e+22	3.10e-07	1.23e-03	1.33e-01	4.67e-01	3.52e-01	4.48e-02	1.31e-03	1.27e-04	5.63e-06	0.00e+00	0.00e+00
 8.16937e+22	3.73e-07	1.41e-03	1.44e-01	4.75e-01	3.38e-01	4.06e-02	1.14e-03	1.09e-04	4.59e-06	0.00e+00	0.00e+00
 8.19977e+22	4.42e-07	1.58e-03	1.55e-01	4.81e-01	3.24e-01	3.70e-02	1.00e-03	9.39e-05	3.78e-06	0.00e+00	0.00e+00
 8.23428e+22	5.47e-07	1.84e-03	1.69e-01	4.88e-01	3.07e-01	3.28e-02	8.46e-04	7.76e-05	2.95e-06	0.00e+00	0.00e+00
 8.26946e+22	6.54e-07	2.09e-03	1.82e-01	4.93e-01	2.92e-01	2.96e-02	7.33e-04	6.59e-05	2.39e-06	0.00e+00	0.00e+00
 8.30067e+22	7.74e-07	2.35e-03	1.95e-01	4.97e-01	2.78e-01	2.67e-02	6.38e-04	5.62e-05	1.95e-06	0.00e+00	0.00e+00
 8.33639e+22	9.57e-07	2.72e-03	2.12e-01	5.01e-01	2.60e-01	2.34e-02	5.33e-04	4.57e-05	1.49e-06	0.00e+00	0.00e+00
 8.37260e+22	1.14e-06	3.07e-03	2.27e-01	5.03e-01	2.45e-01	2.09e-02	4.57e-04	3.84e-05	1.19e-06	0.00e+00	0.00e+00
 8.40457e+22	1.35e-06	3.45e-03	2.43e-01	5.03e-01	2.32e-01	1.87e-02	3.95e-04	3.24e-05	9.61e-07	0.00e+00	0.00e+00
 8.44126e+22	1.66e-06	3.98e-03	2.63e-01	5.02e-01	2.14e-01	1.61e-02	3.26e-04	2.60e-05	7.27e-07	0.00e+00	0.00e+00
 8.47855e+22	1.98e-06	4.48e-03	2.80e-01	5.01e-01	2.00e-01	1.42e-02	2.77e-04	2.15e-05	5.73e-07	0.00e+00	0.00e+00
 8.51661e+22	2.43e-06	5.15e-03	3.02e-01	4.97e-01	1.84e-01	1.22e-02	2.27e-04	1.71e-05	4.29e-07	0.00e+00	0.00e+00
 8.55548e+22	2.91e-06	5.82e-03	3.22e-01	4.92e-01	1.70e-01	1.06e-02	1.90e-04	1.39e-05	3.30e-07	0.00e+00	0.00e+00
 8.58946e+22	3.42e-06	6.48e-03	3.40e-01	4.86e-01	1.58e-01	9.28e-03	1.61e-04	1.14e-05	2.60e-07	0.00e+00	0.00e+00
 8.62770e+22	4.18e-06	7.41e-03	3.64e-01	4.77e-01	1.43e-01	7.84e-03	1.30e-04	8.92e-06	1.91e-07	0.00e+00	0.00e+00
 8.66732e+22	4.97e-06	8.31e-03	3.86e-01	4.68e-01	1.31e-01	6.74e-03	1.08e-04	7.16e-06	1.46e-07	0.00e+00	0.00e+00
 8.70873e+22	6.17e-06	9.57e-03	4.13e-01	4.56e-01	1.16e-01	5.54e-03	8.50e-05	5.39e-06	0.00e+00	0.00e+00	0.00e+00
 8.75020e+22	7.27e-06	1.07e-02	4.35e-01	4.44e-01	1.06e-01	4.74e-03	7.04e-05	4.31e-06	0.00e+00	0.00e+00	0.00e+00
 8.79175e+22	8.91e-06	1.21e-02	4.62e-01	4.29e-01	9.32e-02	3.88e-03	5.53e-05	3.23e-06	0.00e+00	0.00e+00	0.00e+00
 8.83452e+22	1.06e-05	1.36e-02	4.85e-01	4.15e-01	8.35e-02	3.26e-03	4.48e-05	2.51e-06	0.00e+00	0.00e+00	0.00e+00
 8.86704e+22	1.20e-05	1.46e-02	5.01e-01	4.04e-01	7.70e-02	2.87e-03	3.85e-05	2.10e-06	0.00e+00	0.00e+00	0.00e+00
 8.89748e+22	1.38e-05	1.60e-02	5.21e-01	3.91e-01	6.98e-02	2.46e-03	3.21e-05	1.69e-06	0.00e+00	0.00e+00	0.00e+00
 8.92892e+22	1.55e-05	1.73e-02	5.37e-01	3.79e-01	6.40e-02	2.15e-03	2.74e-05	1.39e-06	0.00e+00	0.00e+00	0.00e+00
 8.96164e+22	1.81e-05	1.90e-02	5.58e-01	3.64e-01	5.71e-02	1.81e-03	2.24e-05	1.09e-06	0.00e+00	0.00e+00	0.00e+00
 8.99442e+22	2.04e-05	2.04e-02	5.74e-01	3.52e-01	5.21e-02	1.57e-03	1.90e-05	8.97e-07	0.00e+00	0.00e+00	0.00e+00
 9.02729e+22	2.36e-05	2.23e-02	5.94e-01	3.36e-01	4.62e-02	1.32e-03	1.55e-05	6.97e-07	0.00e+00	0.00e+00	0.00e+00
 9.06053e+22	2.66e-05	2.40e-02	6.09e-01	3.24e-01	4.19e-02	1.14e-03	1.31e-05	5.67e-07	0.00e+00	0.00e+00	0.00e+00
 9.09426e+22	3.08e-05	2.62e-02	6.29e-01	3.07e-01	3.69e-02	9.44e-04	1.05e-05	4.36e-07	0.00e+00	0.00e+00	0.00e+00
 9.12856e+22	3.47e-05	2.81e-02	6.44e-01	2.94e-01	3.31e-02	8.07e-04	8.78e-06	3.50e-07	0.00e+00	0.00e+00	0.00e+00
 9.16360e+22	4.03e-05	3.07e-02	6.62e-01	2.77e-01	2.89e-02	6.61e-04	7.00e-06	2.65e-07	0.00e+00	0.00e+00	0.00e+00
 9.19915e+22	4.56e-05	3.30e-02	6.77e-01	2.64e-01	2.57e-02	5.60e-04	5.78e-06	2.10e-07	0.00e+00	0.00e+00	0.00e+00
 9.23537e+22	5.29e-05	3.60e-02	6.94e-01	2.47e-01	2.22e-02	4.54e-04	4.54e-06	1.56e-07	0.00e+00	0.00e+00	0.00e+00
 9.25644e+22	5.33e-05	3.61e-02	6.95e-01	2.47e-01	2.20e-02	4.49e-04	4.49e-06	1.54e-07	0.00e+00	0.00e+00	0.00e+00
