#depth	N	N+	N+2	N+3	N+4	N+5	N+6	N+7
 4.62852e+21	1.12e-15	7.76e-11	1.58e-07	2.13e-05	5.50e-04	9.80e-02	4.76e-01	4.26e-01
 1.03053e+22	1.02e-14	5.53e-10	8.84e-07	9.07e-05	1.57e-03	1.73e-01	5.27e-01	2.99e-01
 1.18778e+22	2.63e-14	1.31e-09	1.93e-06	1.79e-04	2.58e-03	2.23e-01	5.35e-01	2.40e-01
 1.26640e+22	4.04e-14	1.95e-09	2.78e-06	2.48e-04	3.28e-03	2.50e-01	5.34e-01	2.13e-01
 1.30094e+22	4.60e-14	2.20e-09	3.11e-06	2.74e-04	3.53e-03	2.59e-01	5.33e-01	2.04e-01
 1.32011e+22	5.42e-14	2.56e-09	3.59e-06	3.11e-04	3.89e-03	2.71e-01	5.31e-01	1.94e-01
 1.34073e+22	6.26e-14	2.93e-09	4.07e-06	3.49e-04	4.23e-03	2.82e-01	5.28e-01	1.85e-01
 1.36322e+22	7.49e-14	3.46e-09	4.77e-06	4.03e-04	4.71e-03	2.96e-01	5.25e-01	1.74e-01
 1.38568e+22	8.58e-14	3.94e-09	5.37e-06	4.48e-04	5.10e-03	3.07e-01	5.22e-01	1.66e-01
 1.40809e+22	1.02e-13	4.62e-09	6.26e-06	5.15e-04	5.66e-03	3.22e-01	5.17e-01	1.55e-01
 1.43069e+22	1.16e-13	5.23e-09	7.03e-06	5.72e-04	6.12e-03	3.33e-01	5.13e-01	1.48e-01
 1.45355e+22	1.36e-13	6.10e-09	8.15e-06	6.55e-04	6.78e-03	3.48e-01	5.06e-01	1.38e-01
 1.47676e+22	1.55e-13	6.90e-09	9.15e-06	7.27e-04	7.33e-03	3.60e-01	5.01e-01	1.31e-01
 1.50043e+22	1.82e-13	8.03e-09	1.06e-05	8.32e-04	8.11e-03	3.75e-01	4.94e-01	1.22e-01
 1.52454e+22	2.07e-13	9.08e-09	1.19e-05	9.23e-04	8.77e-03	3.88e-01	4.88e-01	1.15e-01
 1.54924e+22	2.42e-13	1.06e-08	1.38e-05	1.06e-03	9.71e-03	4.04e-01	4.79e-01	1.07e-01
 1.57435e+22	2.75e-13	1.19e-08	1.55e-05	1.17e-03	1.05e-02	4.16e-01	4.72e-01	1.00e-01
 1.60002e+22	3.22e-13	1.39e-08	1.79e-05	1.34e-03	1.16e-02	4.33e-01	4.62e-01	9.26e-02
 1.62447e+22	3.60e-13	1.54e-08	1.98e-05	1.46e-03	1.24e-02	4.44e-01	4.55e-01	8.77e-02
 1.64735e+22	4.12e-13	1.76e-08	2.25e-05	1.64e-03	1.35e-02	4.58e-01	4.45e-01	8.15e-02
 1.66981e+22	4.56e-13	1.94e-08	2.47e-05	1.78e-03	1.44e-02	4.68e-01	4.38e-01	7.72e-02
 1.69176e+22	5.14e-13	2.19e-08	2.78e-05	1.98e-03	1.56e-02	4.82e-01	4.29e-01	7.18e-02
 1.71382e+22	5.71e-13	2.41e-08	3.05e-05	2.14e-03	1.65e-02	4.92e-01	4.21e-01	6.80e-02
 1.73603e+22	6.44e-13	2.71e-08	3.42e-05	2.38e-03	1.79e-02	5.05e-01	4.11e-01	6.31e-02
 1.75852e+22	7.14e-13	2.99e-08	3.76e-05	2.58e-03	1.90e-02	5.15e-01	4.04e-01	5.96e-02
 1.78134e+22	8.06e-13	3.37e-08	4.22e-05	2.86e-03	2.05e-02	5.28e-01	3.93e-01	5.52e-02
 1.80445e+22	8.94e-13	3.72e-08	4.64e-05	3.09e-03	2.17e-02	5.38e-01	3.85e-01	5.20e-02
 1.82792e+22	1.01e-12	4.20e-08	5.22e-05	3.43e-03	2.35e-02	5.51e-01	3.74e-01	4.79e-02
 1.85174e+22	1.12e-12	4.64e-08	5.74e-05	3.71e-03	2.49e-02	5.61e-01	3.66e-01	4.50e-02
 1.87602e+22	1.27e-12	5.25e-08	6.47e-05	4.11e-03	2.69e-02	5.73e-01	3.54e-01	4.14e-02
 1.90074e+22	1.42e-12	5.82e-08	7.13e-05	4.46e-03	2.85e-02	5.83e-01	3.45e-01	3.87e-02
 1.92603e+22	1.61e-12	6.59e-08	8.07e-05	4.95e-03	3.08e-02	5.95e-01	3.34e-01	3.54e-02
 1.95187e+22	1.81e-12	7.36e-08	8.93e-05	5.37e-03	3.27e-02	6.04e-01	3.25e-01	3.30e-02
 1.97842e+22	2.06e-12	8.36e-08	1.01e-04	5.97e-03	3.54e-02	6.16e-01	3.12e-01	3.00e-02
 2.00507e+22	2.31e-12	9.31e-08	1.12e-04	6.48e-03	3.75e-02	6.25e-01	3.03e-01	2.79e-02
 2.03184e+22	2.63e-12	1.06e-07	1.27e-04	7.18e-03	4.04e-02	6.36e-01	2.91e-01	2.53e-02
 2.05901e+22	2.96e-12	1.18e-07	1.41e-04	7.79e-03	4.28e-02	6.44e-01	2.82e-01	2.34e-02
 2.08256e+22	3.29e-12	1.31e-07	1.56e-04	8.41e-03	4.52e-02	6.51e-01	2.73e-01	2.18e-02
 2.10905e+22	3.75e-12	1.49e-07	1.76e-04	9.28e-03	4.86e-02	6.60e-01	2.62e-01	1.97e-02
 2.13582e+22	4.22e-12	1.66e-07	1.95e-04	1.00e-02	5.12e-02	6.67e-01	2.54e-01	1.83e-02
 2.15820e+22	4.65e-12	1.83e-07	2.13e-04	1.07e-02	5.37e-02	6.72e-01	2.46e-01	1.71e-02
 2.18254e+22	5.24e-12	2.05e-07	2.39e-04	1.17e-02	5.72e-02	6.79e-01	2.36e-01	1.56e-02
 2.20667e+22	5.79e-12	2.25e-07	2.60e-04	1.25e-02	5.99e-02	6.84e-01	2.29e-01	1.45e-02
 2.23053e+22	6.56e-12	2.53e-07	2.91e-04	1.35e-02	6.33e-02	6.90e-01	2.20e-01	1.33e-02
 2.25538e+22	7.25e-12	2.80e-07	3.20e-04	1.46e-02	6.67e-02	6.94e-01	2.12e-01	1.23e-02
 2.27750e+22	8.07e-12	3.09e-07	3.50e-04	1.55e-02	6.97e-02	6.98e-01	2.05e-01	1.14e-02
 2.30224e+22	9.21e-12	3.49e-07	3.92e-04	1.69e-02	7.36e-02	7.02e-01	1.96e-01	1.05e-02
 2.32836e+22	1.03e-11	3.89e-07	4.34e-04	1.82e-02	7.75e-02	7.06e-01	1.89e-01	9.60e-03
 2.35213e+22	1.15e-11	4.32e-07	4.78e-04	1.95e-02	8.12e-02	7.08e-01	1.82e-01	8.86e-03
 2.37891e+22	1.33e-11	4.94e-07	5.41e-04	2.12e-02	8.60e-02	7.11e-01	1.73e-01	8.00e-03
 2.40650e+22	1.51e-11	5.53e-07	6.00e-04	2.29e-02	9.03e-02	7.13e-01	1.66e-01	7.33e-03
 2.43133e+22	1.70e-11	6.19e-07	6.65e-04	2.45e-02	9.46e-02	7.15e-01	1.59e-01	6.73e-03
 2.45981e+22	1.99e-11	7.15e-07	7.58e-04	2.68e-02	1.00e-01	7.16e-01	1.50e-01	6.02e-03
 2.48870e+22	2.26e-11	8.04e-07	8.43e-04	2.89e-02	1.05e-01	7.16e-01	1.44e-01	5.49e-03
 2.51429e+22	2.57e-11	9.03e-07	9.36e-04	3.10e-02	1.10e-01	7.16e-01	1.37e-01	5.02e-03
 2.54372e+22	3.03e-11	1.05e-06	1.07e-03	3.39e-02	1.16e-01	7.15e-01	1.29e-01	4.47e-03
 2.57369e+22	3.47e-11	1.19e-06	1.20e-03	3.65e-02	1.22e-01	7.13e-01	1.23e-01	4.06e-03
 2.60437e+22	4.14e-11	1.39e-06	1.37e-03	4.00e-02	1.29e-01	7.11e-01	1.15e-01	3.59e-03
 2.63552e+22	4.78e-11	1.58e-06	1.54e-03	4.32e-02	1.35e-01	7.08e-01	1.09e-01	3.24e-03
 2.66726e+22	5.75e-11	1.86e-06	1.77e-03	4.73e-02	1.42e-01	7.03e-01	1.02e-01	2.86e-03
 2.69987e+22	6.68e-11	2.14e-06	2.00e-03	5.12e-02	1.49e-01	6.99e-01	9.64e-02	2.55e-03
 2.72829e+22	7.76e-11	2.44e-06	2.24e-03	5.50e-02	1.55e-01	6.94e-01	9.13e-02	2.30e-03
 2.75993e+22	9.35e-11	2.87e-06	2.57e-03	6.00e-02	1.63e-01	6.87e-01	8.52e-02	2.03e-03
 2.79359e+22	1.11e-10	3.33e-06	2.93e-03	6.51e-02	1.71e-01	6.80e-01	7.97e-02	1.79e-03
 2.82107e+22	1.26e-10	3.74e-06	3.23e-03	6.92e-02	1.77e-01	6.73e-01	7.56e-02	1.63e-03
 2.84797e+22	1.48e-10	4.28e-06	3.62e-03	7.42e-02	1.84e-01	6.66e-01	7.11e-02	1.46e-03
 2.87662e+22	1.71e-10	4.86e-06	4.02e-03	7.92e-02	1.90e-01	6.58e-01	6.71e-02	1.32e-03
 2.90326e+22	1.97e-10	5.49e-06	4.46e-03	8.44e-02	1.97e-01	6.50e-01	6.34e-02	1.19e-03
 2.93360e+22	2.37e-10	6.43e-06	5.08e-03	9.14e-02	2.05e-01	6.39e-01	5.88e-02	1.04e-03
 2.96439e+22	2.76e-10	7.32e-06	5.65e-03	9.74e-02	2.11e-01	6.29e-01	5.52e-02	9.32e-04
 2.99575e+22	3.34e-10	8.61e-06	6.45e-03	1.05e-01	2.20e-01	6.17e-01	5.10e-02	8.12e-04
 3.02825e+22	3.93e-10	9.90e-06	7.24e-03	1.13e-01	2.27e-01	6.05e-01	4.74e-02	7.15e-04
 3.05638e+22	4.58e-10	1.13e-05	8.02e-03	1.20e-01	2.33e-01	5.94e-01	4.45e-02	6.41e-04
 3.08712e+22	5.52e-10	1.32e-05	9.09e-03	1.29e-01	2.41e-01	5.79e-01	4.10e-02	5.58e-04
 3.11915e+22	6.50e-10	1.51e-05	1.01e-02	1.37e-01	2.48e-01	5.66e-01	3.80e-02	4.93e-04
 3.14811e+22	7.61e-10	1.72e-05	1.13e-02	1.46e-01	2.54e-01	5.53e-01	3.53e-02	4.36e-04
 3.18103e+22	9.34e-10	2.04e-05	1.29e-02	1.57e-01	2.62e-01	5.36e-01	3.22e-02	3.74e-04
 3.21480e+22	1.11e-09	2.35e-05	1.44e-02	1.67e-01	2.68e-01	5.20e-01	2.96e-02	3.26e-04
 3.24473e+22	1.31e-09	2.69e-05	1.60e-02	1.77e-01	2.74e-01	5.05e-01	2.73e-02	2.86e-04
 3.27870e+22	1.61e-09	3.19e-05	1.82e-02	1.90e-01	2.81e-01	4.86e-01	2.46e-02	2.42e-04
 3.31383e+22	1.93e-09	3.70e-05	2.04e-02	2.02e-01	2.86e-01	4.69e-01	2.24e-02	2.08e-04
 3.34511e+22	2.30e-09	4.25e-05	2.27e-02	2.13e-01	2.91e-01	4.52e-01	2.05e-02	1.81e-04
 3.38043e+22	2.85e-09	5.07e-05	2.58e-02	2.28e-01	2.96e-01	4.31e-01	1.83e-02	1.51e-04
 3.41671e+22	3.44e-09	5.88e-05	2.89e-02	2.41e-01	3.01e-01	4.12e-01	1.65e-02	1.28e-04
 3.44876e+22	4.10e-09	6.77e-05	3.20e-02	2.54e-01	3.04e-01	3.95e-01	1.50e-02	1.10e-04
 3.48497e+22	5.13e-09	8.07e-05	3.63e-02	2.70e-01	3.07e-01	3.73e-01	1.32e-02	9.08e-05
 3.52233e+22	6.22e-09	9.39e-05	4.06e-02	2.85e-01	3.09e-01	3.54e-01	1.17e-02	7.60e-05
 3.55553e+22	7.47e-09	1.08e-04	4.49e-02	2.98e-01	3.10e-01	3.36e-01	1.05e-02	6.45e-05
 3.59304e+22	9.43e-09	1.30e-04	5.09e-02	3.16e-01	3.11e-01	3.13e-01	9.13e-03	5.20e-05
 3.63154e+22	1.15e-08	1.51e-04	5.65e-02	3.31e-01	3.10e-01	2.95e-01	8.07e-03	4.32e-05
 3.67135e+22	1.47e-08	1.82e-04	6.43e-02	3.49e-01	3.08e-01	2.71e-01	6.87e-03	3.40e-05
 3.71164e+22	1.80e-08	2.12e-04	7.12e-02	3.64e-01	3.06e-01	2.53e-01	6.00e-03	2.79e-05
 3.75255e+22	2.31e-08	2.55e-04	8.06e-02	3.82e-01	3.01e-01	2.31e-01	5.06e-03	2.17e-05
 3.79443e+22	2.85e-08	2.98e-04	8.92e-02	3.96e-01	2.97e-01	2.13e-01	4.36e-03	1.75e-05
 3.83179e+22	3.49e-08	3.47e-04	9.83e-02	4.10e-01	2.91e-01	1.96e-01	3.75e-03	1.41e-05
 3.87460e+22	4.54e-08	4.20e-04	1.11e-01	4.26e-01	2.83e-01	1.76e-01	3.09e-03	1.07e-05
 3.91829e+22	5.62e-08	4.90e-04	1.22e-01	4.39e-01	2.76e-01	1.60e-01	2.62e-03	8.46e-06
 3.95664e+22	6.89e-08	5.67e-04	1.33e-01	4.50e-01	2.68e-01	1.46e-01	2.23e-03	6.72e-06
 4.00002e+22	8.94e-08	6.83e-04	1.49e-01	4.63e-01	2.57e-01	1.29e-01	1.80e-03	5.00e-06
 4.04235e+22	1.08e-07	7.80e-04	1.61e-01	4.71e-01	2.48e-01	1.17e-01	1.53e-03	3.99e-06
 4.07661e+22	1.29e-07	8.81e-04	1.72e-01	4.78e-01	2.40e-01	1.07e-01	1.32e-03	3.24e-06
 4.11442e+22	1.61e-07	1.03e-03	1.88e-01	4.85e-01	2.29e-01	9.55e-02	1.09e-03	2.47e-06
 4.15263e+22	1.92e-07	1.16e-03	2.01e-01	4.90e-01	2.20e-01	8.65e-02	9.25e-04	1.98e-06
 4.19134e+22	2.38e-07	1.35e-03	2.18e-01	4.95e-01	2.09e-01	7.65e-02	7.56e-04	1.50e-06
 4.23087e+22	2.87e-07	1.53e-03	2.33e-01	4.97e-01	1.99e-01	6.85e-02	6.33e-04	1.18e-06
 4.26578e+22	3.41e-07	1.72e-03	2.48e-01	4.99e-01	1.89e-01	6.17e-02	5.34e-04	9.32e-07
 4.30544e+22	4.27e-07	2.00e-03	2.67e-01	4.99e-01	1.77e-01	5.37e-02	4.28e-04	6.89e-07
 4.34586e+22	5.13e-07	2.25e-03	2.84e-01	4.98e-01	1.67e-01	4.77e-02	3.55e-04	5.34e-07
 4.38092e+22	6.07e-07	2.52e-03	3.00e-01	4.96e-01	1.58e-01	4.27e-02	2.97e-04	4.21e-07
 4.41377e+22	7.10e-07	2.79e-03	3.15e-01	4.94e-01	1.50e-01	3.84e-02	2.52e-04	3.35e-07
 4.45009e+22	8.64e-07	3.18e-03	3.34e-01	4.89e-01	1.40e-01	3.35e-02	2.04e-04	2.52e-07
 4.48671e+22	1.01e-06	3.51e-03	3.49e-01	4.85e-01	1.32e-01	3.00e-02	1.71e-04	2.00e-07
 4.52374e+22	1.22e-06	3.98e-03	3.69e-01	4.78e-01	1.22e-01	2.60e-02	1.38e-04	1.49e-07
 4.56102e+22	1.43e-06	4.40e-03	3.86e-01	4.72e-01	1.15e-01	2.31e-02	1.15e-04	0.00e+00
 4.59355e+22	1.66e-06	4.85e-03	4.02e-01	4.65e-01	1.08e-01	2.06e-02	9.57e-05	0.00e+00
 4.63075e+22	2.01e-06	5.47e-03	4.22e-01	4.56e-01	9.90e-02	1.78e-02	7.63e-05	0.00e+00
 4.66851e+22	2.35e-06	6.04e-03	4.39e-01	4.48e-01	9.21e-02	1.57e-02	6.29e-05	0.00e+00
 4.70197e+22	2.73e-06	6.64e-03	4.55e-01	4.39e-01	8.58e-02	1.38e-02	5.20e-05	0.00e+00
 4.74041e+22	3.29e-06	7.49e-03	4.76e-01	4.27e-01	7.81e-02	1.18e-02	4.08e-05	0.00e+00
 4.77934e+22	3.84e-06	8.25e-03	4.93e-01	4.16e-01	7.22e-02	1.03e-02	3.33e-05	0.00e+00
 4.81889e+22	4.64e-06	9.29e-03	5.14e-01	4.03e-01	6.53e-02	8.72e-03	2.58e-05	0.00e+00
 4.85885e+22	5.41e-06	1.02e-02	5.31e-01	3.91e-01	5.99e-02	7.57e-03	2.08e-05	0.00e+00
 4.89932e+22	6.54e-06	1.15e-02	5.52e-01	3.76e-01	5.38e-02	6.35e-03	1.60e-05	0.00e+00
 4.94033e+22	7.64e-06	1.26e-02	5.69e-01	3.64e-01	4.90e-02	5.47e-03	1.28e-05	0.00e+00
 4.98203e+22	9.24e-06	1.42e-02	5.90e-01	3.48e-01	4.36e-02	4.55e-03	9.68e-06	0.00e+00
 5.02447e+22	1.08e-05	1.56e-02	6.07e-01	3.34e-01	3.94e-02	3.89e-03	7.65e-06	0.00e+00
 5.06784e+22	1.31e-05	1.76e-02	6.27e-01	3.17e-01	3.47e-02	3.19e-03	5.70e-06	0.00e+00
 5.11206e+22	1.54e-05	1.93e-02	6.44e-01	3.03e-01	3.11e-02	2.70e-03	4.43e-06	0.00e+00
 5.15736e+22	1.88e-05	2.19e-02	6.64e-01	2.84e-01	2.70e-02	2.18e-03	3.23e-06	0.00e+00
 5.19860e+22	2.12e-05	2.34e-02	6.77e-01	2.73e-01	2.46e-02	1.90e-03	2.63e-06	0.00e+00
 5.22487e+22	2.29e-05	2.45e-02	6.85e-01	2.66e-01	2.32e-02	1.74e-03	2.30e-06	0.00e+00
 5.24409e+22	2.43e-05	2.54e-02	6.91e-01	2.60e-01	2.21e-02	1.62e-03	2.08e-06	0.00e+00
 5.26091e+22	2.59e-05	2.63e-02	6.97e-01	2.54e-01	2.10e-02	1.51e-03	1.87e-06	0.00e+00
 5.27983e+22	2.81e-05	2.77e-02	7.05e-01	2.46e-01	1.98e-02	1.38e-03	1.63e-06	0.00e+00
 5.30444e+22	3.12e-05	2.95e-02	7.14e-01	2.37e-01	1.82e-02	1.22e-03	1.37e-06	0.00e+00
 5.33642e+22	3.61e-05	3.21e-02	7.26e-01	2.24e-01	1.63e-02	1.04e-03	1.07e-06	0.00e+00
 5.36892e+22	4.00e-05	3.41e-02	7.36e-01	2.14e-01	1.49e-02	9.14e-04	8.91e-07	0.00e+00
 5.40210e+22	4.64e-05	3.73e-02	7.47e-01	2.01e-01	1.32e-02	7.70e-04	6.93e-07	0.00e+00
 5.43556e+22	5.15e-05	3.96e-02	7.56e-01	1.92e-01	1.20e-02	6.74e-04	5.70e-07	0.00e+00
 5.46939e+22	5.97e-05	4.33e-02	7.66e-01	1.79e-01	1.06e-02	5.65e-04	4.41e-07	0.00e+00
 5.50377e+22	6.71e-05	4.62e-02	7.75e-01	1.69e-01	9.53e-03	4.88e-04	3.56e-07	0.00e+00
 5.53886e+22	7.80e-05	5.06e-02	7.84e-01	1.57e-01	8.37e-03	4.06e-04	2.73e-07	0.00e+00
 5.57430e+22	8.82e-05	5.43e-02	7.91e-01	1.47e-01	7.46e-03	3.47e-04	2.18e-07	0.00e+00
 5.61019e+22	1.04e-04	5.97e-02	7.98e-01	1.35e-01	6.48e-03	2.85e-04	1.63e-07	0.00e+00
 5.64588e+22	1.17e-04	6.42e-02	8.04e-01	1.26e-01	5.76e-03	2.42e-04	1.30e-07	0.00e+00
 5.68131e+22	1.39e-04	7.09e-02	8.09e-01	1.15e-01	4.98e-03	1.97e-04	0.00e+00	0.00e+00
 5.71652e+22	1.57e-04	7.63e-02	8.13e-01	1.06e-01	4.41e-03	1.67e-04	0.00e+00	0.00e+00
 5.75146e+22	1.87e-04	8.46e-02	8.16e-01	9.58e-02	3.79e-03	1.34e-04	0.00e+00	0.00e+00
 5.78593e+22	2.14e-04	9.14e-02	8.17e-01	8.79e-02	3.36e-03	1.13e-04	0.00e+00	0.00e+00
 5.81978e+22	2.56e-04	1.01e-01	8.16e-01	7.91e-02	2.89e-03	9.08e-05	0.00e+00	0.00e+00
 5.85316e+22	2.95e-04	1.10e-01	8.15e-01	7.22e-02	2.55e-03	7.59e-05	0.00e+00	0.00e+00
 5.88593e+22	3.53e-04	1.22e-01	8.11e-01	6.45e-02	2.20e-03	6.05e-05	0.00e+00	0.00e+00
 5.91824e+22	4.08e-04	1.33e-01	8.06e-01	5.86e-02	1.95e-03	5.04e-05	0.00e+00	0.00e+00
 5.94992e+22	4.92e-04	1.48e-01	7.98e-01	5.19e-02	1.68e-03	3.99e-05	0.00e+00	0.00e+00
 5.98116e+22	5.72e-04	1.61e-01	7.90e-01	4.69e-02	1.49e-03	3.30e-05	0.00e+00	0.00e+00
 6.00775e+22	6.66e-04	1.76e-01	7.80e-01	4.24e-02	1.32e-03	2.72e-05	0.00e+00	0.00e+00
 6.03402e+22	7.69e-04	1.90e-01	7.69e-01	3.83e-02	1.18e-03	2.25e-05	0.00e+00	0.00e+00
 6.06394e+22	9.31e-04	2.12e-01	7.53e-01	3.35e-02	1.01e-03	1.75e-05	0.00e+00	0.00e+00
 6.09380e+22	1.10e-03	2.32e-01	7.37e-01	2.98e-02	8.91e-04	1.41e-05	0.00e+00	0.00e+00
 6.11904e+22	1.28e-03	2.52e-01	7.20e-01	2.66e-02	7.91e-04	1.15e-05	0.00e+00	0.00e+00
 6.14729e+22	1.54e-03	2.79e-01	6.96e-01	2.30e-02	6.80e-04	8.78e-06	0.00e+00	0.00e+00
 6.17605e+22	1.83e-03	3.05e-01	6.72e-01	2.01e-02	5.91e-04	6.87e-06	0.00e+00	0.00e+00
 6.20051e+22	2.14e-03	3.31e-01	6.49e-01	1.77e-02	5.19e-04	5.45e-06	0.00e+00	0.00e+00
 6.22734e+22	2.60e-03	3.66e-01	6.16e-01	1.49e-02	4.38e-04	4.03e-06	0.00e+00	0.00e+00
 6.25465e+22	3.09e-03	4.00e-01	5.84e-01	1.27e-02	3.75e-04	3.04e-06	0.00e+00	0.00e+00
 6.27774e+22	3.62e-03	4.32e-01	5.53e-01	1.09e-02	3.22e-04	2.32e-06	0.00e+00	0.00e+00
 6.30290e+22	4.41e-03	4.75e-01	5.12e-01	8.83e-03	2.64e-04	1.63e-06	0.00e+00	0.00e+00
 6.32878e+22	5.32e-03	5.18e-01	4.70e-01	7.14e-03	2.15e-04	1.14e-06	0.00e+00	0.00e+00
 6.35036e+22	6.28e-03	5.57e-01	4.31e-01	5.83e-03	1.77e-04	8.16e-07	0.00e+00	0.00e+00
 6.36977e+22	7.34e-03	5.95e-01	3.92e-01	4.73e-03	1.45e-04	5.82e-07	0.00e+00	0.00e+00
 6.39160e+22	8.94e-03	6.43e-01	3.44e-01	3.57e-03	1.10e-04	3.70e-07	0.00e+00	0.00e+00
 6.41363e+22	1.08e-02	6.90e-01	2.97e-01	2.64e-03	8.25e-05	2.30e-07	0.00e+00	0.00e+00
 6.43083e+22	1.27e-02	7.27e-01	2.58e-01	2.01e-03	6.32e-05	1.50e-07	0.00e+00	0.00e+00
 6.44534e+22	1.48e-02	7.59e-01	2.24e-01	1.54e-03	4.86e-05	0.00e+00	0.00e+00	0.00e+00
 6.46143e+22	1.76e-02	7.94e-01	1.87e-01	1.10e-03	3.47e-05	0.00e+00	0.00e+00	0.00e+00
 6.47839e+22	2.13e-02	8.28e-01	1.50e-01	7.51e-04	2.34e-05	0.00e+00	0.00e+00	0.00e+00
 6.49232e+22	2.52e-02	8.53e-01	1.22e-01	5.29e-04	1.62e-05	0.00e+00	0.00e+00	0.00e+00
 6.50373e+22	2.93e-02	8.71e-01	9.97e-02	3.84e-04	1.14e-05	0.00e+00	0.00e+00	0.00e+00
 6.51417e+22	3.41e-02	8.84e-01	8.12e-02	2.81e-04	8.03e-06	0.00e+00	0.00e+00	0.00e+00
 6.52404e+22	3.97e-02	8.95e-01	6.54e-02	2.06e-04	5.55e-06	0.00e+00	0.00e+00	0.00e+00
 6.53309e+22	4.62e-02	9.01e-01	5.25e-02	1.52e-04	3.83e-06	0.00e+00	0.00e+00	0.00e+00
 6.54111e+22	5.34e-02	9.04e-01	4.23e-02	1.16e-04	2.68e-06	0.00e+00	0.00e+00	0.00e+00
 6.54828e+22	6.14e-02	9.04e-01	3.44e-02	9.02e-05	1.91e-06	0.00e+00	0.00e+00	0.00e+00
 6.55492e+22	7.04e-02	9.02e-01	2.79e-02	7.14e-05	1.36e-06	0.00e+00	0.00e+00	0.00e+00
 6.56119e+22	8.07e-02	8.97e-01	2.26e-02	5.73e-05	9.71e-07	0.00e+00	0.00e+00	0.00e+00
 6.56708e+22	9.23e-02	8.89e-01	1.83e-02	4.67e-05	6.97e-07	0.00e+00	0.00e+00	0.00e+00
 6.57261e+22	1.05e-01	8.80e-01	1.49e-02	3.87e-05	5.05e-07	0.00e+00	0.00e+00	0.00e+00
 6.57783e+22	1.20e-01	8.68e-01	1.21e-02	3.25e-05	3.68e-07	0.00e+00	0.00e+00	0.00e+00
 6.58285e+22	1.36e-01	8.54e-01	9.84e-03	2.76e-05	2.71e-07	0.00e+00	0.00e+00	0.00e+00
 6.58772e+22	1.54e-01	8.38e-01	8.00e-03	2.37e-05	2.00e-07	0.00e+00	0.00e+00	0.00e+00
 6.59230e+22	1.73e-01	8.21e-01	6.55e-03	2.07e-05	1.50e-07	0.00e+00	0.00e+00	0.00e+00
 6.59644e+22	1.92e-01	8.03e-01	5.45e-03	1.84e-05	0.00e+00	0.00e+00	0.00e+00	0.00e+00
 6.60016e+22	2.10e-01	7.85e-01	4.60e-03	1.66e-05	0.00e+00	0.00e+00	0.00e+00	0.00e+00
 6.60366e+22	2.29e-01	7.67e-01	3.92e-03	1.51e-05	0.00e+00	0.00e+00	0.00e+00	0.00e+00
 6.60707e+22	2.49e-01	7.48e-01	3.34e-03	1.38e-05	0.00e+00	0.00e+00	0.00e+00	0.00e+00
 6.61048e+22	2.70e-01	7.28e-01	2.84e-03	1.27e-05	0.00e+00	0.00e+00	0.00e+00	0.00e+00
 6.61378e+22	2.90e-01	7.07e-01	2.43e-03	1.17e-05	0.00e+00	0.00e+00	0.00e+00	0.00e+00
 6.61633e+22	3.05e-01	6.93e-01	2.17e-03	1.11e-05	0.00e+00	0.00e+00	0.00e+00	0.00e+00
 6.61804e+22	3.16e-01	6.82e-01	2.01e-03	1.07e-05	0.00e+00	0.00e+00	0.00e+00	0.00e+00
 6.61973e+22	3.28e-01	6.70e-01	1.85e-03	1.03e-05	0.00e+00	0.00e+00	0.00e+00	0.00e+00
 6.62171e+22	3.41e-01	6.57e-01	1.68e-03	9.81e-06	0.00e+00	0.00e+00	0.00e+00	0.00e+00
 6.62390e+22	3.56e-01	6.42e-01	1.51e-03	9.35e-06	0.00e+00	0.00e+00	0.00e+00	0.00e+00
 6.62608e+22	3.71e-01	6.28e-01	1.36e-03	8.92e-06	0.00e+00	0.00e+00	0.00e+00	0.00e+00
 6.62816e+22	3.85e-01	6.13e-01	1.24e-03	8.53e-06	0.00e+00	0.00e+00	0.00e+00	0.00e+00
 6.63024e+22	4.00e-01	5.99e-01	1.12e-03	8.16e-06	0.00e+00	0.00e+00	0.00e+00	0.00e+00
 6.63240e+22	4.15e-01	5.84e-01	1.01e-03	7.79e-06	0.00e+00	0.00e+00	0.00e+00	0.00e+00
 6.63461e+22	4.31e-01	5.68e-01	9.06e-04	7.44e-06	0.00e+00	0.00e+00	0.00e+00	0.00e+00
 6.63684e+22	4.47e-01	5.52e-01	8.14e-04	7.10e-06	0.00e+00	0.00e+00	0.00e+00	0.00e+00
 6.63908e+22	4.63e-01	5.36e-01	7.32e-04	6.78e-06	0.00e+00	0.00e+00	0.00e+00	0.00e+00
 6.64136e+22	4.79e-01	5.21e-01	6.57e-04	6.47e-06	0.00e+00	0.00e+00	0.00e+00	0.00e+00
 6.64368e+22	4.95e-01	5.04e-01	5.88e-04	6.18e-06	0.00e+00	0.00e+00	0.00e+00	0.00e+00
 6.64604e+22	5.11e-01	4.88e-01	5.27e-04	5.89e-06	0.00e+00	0.00e+00	0.00e+00	0.00e+00
 6.64844e+22	5.28e-01	4.72e-01	4.71e-04	5.61e-06	0.00e+00	0.00e+00	0.00e+00	0.00e+00
 6.65088e+22	5.44e-01	4.55e-01	4.21e-04	5.35e-06	0.00e+00	0.00e+00	0.00e+00	0.00e+00
 6.65335e+22	5.61e-01	4.39e-01	3.76e-04	5.09e-06	0.00e+00	0.00e+00	0.00e+00	0.00e+00
 6.65588e+22	5.77e-01	4.23e-01	3.36e-04	4.85e-06	0.00e+00	0.00e+00	0.00e+00	0.00e+00
 6.65846e+22	5.93e-01	4.06e-01	3.00e-04	4.61e-06	0.00e+00	0.00e+00	0.00e+00	0.00e+00
 6.66110e+22	6.10e-01	3.90e-01	2.68e-04	4.38e-06	0.00e+00	0.00e+00	0.00e+00	0.00e+00
 6.66379e+22	6.26e-01	3.74e-01	2.39e-04	4.17e-06	0.00e+00	0.00e+00	0.00e+00	0.00e+00
 6.66654e+22	6.41e-01	3.58e-01	2.14e-04	3.96e-06	0.00e+00	0.00e+00	0.00e+00	0.00e+00
 6.66936e+22	6.57e-01	3.43e-01	1.91e-04	3.76e-06	0.00e+00	0.00e+00	0.00e+00	0.00e+00
 6.67227e+22	6.72e-01	3.27e-01	1.71e-04	3.57e-06	0.00e+00	0.00e+00	0.00e+00	0.00e+00
 6.67526e+22	6.87e-01	3.12e-01	1.53e-04	3.39e-06	0.00e+00	0.00e+00	0.00e+00	0.00e+00
 6.67835e+22	7.02e-01	2.98e-01	1.38e-04	3.21e-06	0.00e+00	0.00e+00	0.00e+00	0.00e+00
 6.68151e+22	7.16e-01	2.83e-01	1.24e-04	3.05e-06	0.00e+00	0.00e+00	0.00e+00	0.00e+00
 6.68470e+22	7.30e-01	2.70e-01	1.12e-04	2.90e-06	0.00e+00	0.00e+00	0.00e+00	0.00e+00
 6.68795e+22	7.43e-01	2.57e-01	1.02e-04	2.76e-06	0.00e+00	0.00e+00	0.00e+00	0.00e+00
 6.69138e+22	7.56e-01	2.44e-01	9.29e-05	2.62e-06	0.00e+00	0.00e+00	0.00e+00	0.00e+00
 6.69491e+22	7.68e-01	2.32e-01	8.50e-05	2.49e-06	0.00e+00	0.00e+00	0.00e+00	0.00e+00
 6.69846e+22	7.80e-01	2.20e-01	7.82e-05	2.37e-06	0.00e+00	0.00e+00	0.00e+00	0.00e+00
 6.70213e+22	7.90e-01	2.10e-01	7.24e-05	2.27e-06	0.00e+00	0.00e+00	0.00e+00	0.00e+00
 6.70598e+22	8.01e-01	1.99e-01	6.72e-05	2.16e-06	0.00e+00	0.00e+00	0.00e+00	0.00e+00
 6.71004e+22	8.11e-01	1.89e-01	6.26e-05	2.06e-06	0.00e+00	0.00e+00	0.00e+00	0.00e+00
 6.71430e+22	8.21e-01	1.79e-01	5.86e-05	1.97e-06	0.00e+00	0.00e+00	0.00e+00	0.00e+00
 6.71876e+22	8.30e-01	1.70e-01	5.52e-05	1.89e-06	0.00e+00	0.00e+00	0.00e+00	0.00e+00
 6.72352e+22	8.38e-01	1.62e-01	5.21e-05	1.80e-06	0.00e+00	0.00e+00	0.00e+00	0.00e+00
 6.72870e+22	8.47e-01	1.53e-01	4.92e-05	1.72e-06	0.00e+00	0.00e+00	0.00e+00	0.00e+00
 6.73429e+22	8.55e-01	1.45e-01	4.67e-05	1.65e-06	0.00e+00	0.00e+00	0.00e+00	0.00e+00
 6.74032e+22	8.63e-01	1.37e-01	4.45e-05	1.58e-06	0.00e+00	0.00e+00	0.00e+00	0.00e+00
 6.74679e+22	8.71e-01	1.29e-01	4.25e-05	1.51e-06	0.00e+00	0.00e+00	0.00e+00	0.00e+00
 6.75351e+22	8.77e-01	1.22e-01	4.08e-05	1.45e-06	0.00e+00	0.00e+00	0.00e+00	0.00e+00
 6.76022e+22	8.83e-01	1.17e-01	3.93e-05	1.39e-06	0.00e+00	0.00e+00	0.00e+00	0.00e+00
 6.76711e+22	8.89e-01	1.11e-01	3.80e-05	1.34e-06	0.00e+00	0.00e+00	0.00e+00	0.00e+00
 6.77408e+22	8.94e-01	1.06e-01	3.68e-05	1.30e-06	0.00e+00	0.00e+00	0.00e+00	0.00e+00
 6.78116e+22	8.99e-01	1.01e-01	3.57e-05	1.25e-06	0.00e+00	0.00e+00	0.00e+00	0.00e+00
 6.78829e+22	9.04e-01	9.65e-02	3.48e-05	1.21e-06	0.00e+00	0.00e+00	0.00e+00	0.00e+00
 6.79535e+22	9.08e-01	9.21e-02	3.39e-05	1.18e-06	0.00e+00	0.00e+00	0.00e+00	0.00e+00
 6.80228e+22	9.12e-01	8.83e-02	3.31e-05	1.14e-06	0.00e+00	0.00e+00	0.00e+00	0.00e+00
 6.80910e+22	9.15e-01	8.46e-02	3.23e-05	1.11e-06	0.00e+00	0.00e+00	0.00e+00	0.00e+00
 6.81600e+22	9.19e-01	8.12e-02	3.16e-05	1.08e-06	0.00e+00	0.00e+00	0.00e+00	0.00e+00
 6.82276e+22	9.22e-01	7.79e-02	3.10e-05	1.05e-06	0.00e+00	0.00e+00	0.00e+00	0.00e+00
 6.82935e+22	9.25e-01	7.49e-02	3.04e-05	1.03e-06	0.00e+00	0.00e+00	0.00e+00	0.00e+00
 6.83577e+22	9.28e-01	7.21e-02	2.98e-05	1.00e-06	0.00e+00	0.00e+00	0.00e+00	0.00e+00
 6.84202e+22	9.30e-01	6.95e-02	2.93e-05	9.80e-07	0.00e+00	0.00e+00	0.00e+00	0.00e+00
 6.84810e+22	9.33e-01	6.71e-02	2.89e-05	9.61e-07	0.00e+00	0.00e+00	0.00e+00	0.00e+00
 6.85400e+22	9.35e-01	6.49e-02	2.84e-05	9.43e-07	0.00e+00	0.00e+00	0.00e+00	0.00e+00
 6.85970e+22	9.37e-01	6.28e-02	2.80e-05	9.28e-07	0.00e+00	0.00e+00	0.00e+00	0.00e+00
 6.86523e+22	9.39e-01	6.09e-02	2.76e-05	9.14e-07	0.00e+00	0.00e+00	0.00e+00	0.00e+00
 6.87059e+22	9.41e-01	5.92e-02	2.73e-05	9.02e-07	0.00e+00	0.00e+00	0.00e+00	0.00e+00
 6.87579e+22	9.42e-01	5.75e-02	2.69e-05	8.92e-07	0.00e+00	0.00e+00	0.00e+00	0.00e+00
 6.88073e+22	9.44e-01	5.61e-02	2.66e-05	8.83e-07	0.00e+00	0.00e+00	0.00e+00	0.00e+00
 6.88527e+22	9.45e-01	5.49e-02	2.64e-05	8.78e-07	0.00e+00	0.00e+00	0.00e+00	0.00e+00
 6.88941e+22	9.46e-01	5.38e-02	2.61e-05	8.74e-07	0.00e+00	0.00e+00	0.00e+00	0.00e+00
 6.89317e+22	9.47e-01	5.29e-02	2.59e-05	8.71e-07	0.00e+00	0.00e+00	0.00e+00	0.00e+00
 6.89660e+22	9.48e-01	5.21e-02	2.58e-05	8.70e-07	0.00e+00	0.00e+00	0.00e+00	0.00e+00
 6.89971e+22	9.49e-01	5.15e-02	2.56e-05	8.69e-07	0.00e+00	0.00e+00	0.00e+00	0.00e+00
 6.90255e+22	9.49e-01	5.09e-02	2.55e-05	8.70e-07	0.00e+00	0.00e+00	0.00e+00	0.00e+00
 6.90513e+22	9.50e-01	5.04e-02	2.54e-05	8.73e-07	0.00e+00	0.00e+00	0.00e+00	0.00e+00
 6.90748e+22	9.50e-01	5.00e-02	2.52e-05	8.73e-07	0.00e+00	0.00e+00	0.00e+00	0.00e+00
 6.91005e+22	9.51e-01	4.94e-02	2.51e-05	8.72e-07	0.00e+00	0.00e+00	0.00e+00	0.00e+00
 6.91340e+22	9.51e-01	4.86e-02	2.49e-05	8.70e-07	0.00e+00	0.00e+00	0.00e+00	0.00e+00
 6.91701e+22	9.52e-01	4.79e-02	2.47e-05	8.69e-07	0.00e+00	0.00e+00	0.00e+00	0.00e+00
 6.92029e+22	9.53e-01	4.74e-02	2.46e-05	8.73e-07	0.00e+00	0.00e+00	0.00e+00	0.00e+00
 6.92329e+22	9.53e-01	4.70e-02	2.45e-05	8.75e-07	0.00e+00	0.00e+00	0.00e+00	0.00e+00
 6.92601e+22	9.53e-01	4.67e-02	2.44e-05	8.79e-07	0.00e+00	0.00e+00	0.00e+00	0.00e+00
 6.92848e+22	9.54e-01	4.64e-02	2.43e-05	8.83e-07	0.00e+00	0.00e+00	0.00e+00	0.00e+00
 6.93120e+22	9.54e-01	4.60e-02	2.41e-05	8.87e-07	0.00e+00	0.00e+00	0.00e+00	0.00e+00
 6.93413e+22	9.54e-01	4.56e-02	2.40e-05	8.91e-07	0.00e+00	0.00e+00	0.00e+00	0.00e+00
 6.93679e+22	9.55e-01	4.53e-02	2.39e-05	8.93e-07	0.00e+00	0.00e+00	0.00e+00	0.00e+00
 6.93972e+22	9.55e-01	4.49e-02	2.38e-05	8.95e-07	0.00e+00	0.00e+00	0.00e+00	0.00e+00
 6.94287e+22	9.55e-01	4.45e-02	2.36e-05	8.96e-07	0.00e+00	0.00e+00	0.00e+00	0.00e+00
 6.94633e+22	9.56e-01	4.41e-02	2.35e-05	8.98e-07	0.00e+00	0.00e+00	0.00e+00	0.00e+00
 6.95006e+22	9.56e-01	4.36e-02	2.33e-05	8.99e-07	0.00e+00	0.00e+00	0.00e+00	0.00e+00
 6.95345e+22	9.57e-01	4.33e-02	2.32e-05	9.01e-07	0.00e+00	0.00e+00	0.00e+00	0.00e+00
 6.95717e+22	9.57e-01	4.29e-02	2.30e-05	9.05e-07	0.00e+00	0.00e+00	0.00e+00	0.00e+00
 6.96119e+22	9.57e-01	4.25e-02	2.29e-05	9.08e-07	0.00e+00	0.00e+00	0.00e+00	0.00e+00
 6.96485e+22	9.58e-01	4.23e-02	2.28e-05	9.11e-07	0.00e+00	0.00e+00	0.00e+00	0.00e+00
 6.96817e+22	9.58e-01	4.20e-02	2.26e-05	9.15e-07	0.00e+00	0.00e+00	0.00e+00	0.00e+00
 6.97120e+22	9.58e-01	4.19e-02	2.25e-05	9.24e-07	0.00e+00	0.00e+00	0.00e+00	0.00e+00
 6.97395e+22	9.58e-01	4.17e-02	2.24e-05	9.27e-07	0.00e+00	0.00e+00	0.00e+00	0.00e+00
 6.97697e+22	9.59e-01	4.14e-02	2.23e-05	9.28e-07	0.00e+00	0.00e+00	0.00e+00	0.00e+00
 6.98023e+22	9.59e-01	4.11e-02	2.22e-05	9.32e-07	0.00e+00	0.00e+00	0.00e+00	0.00e+00
 6.98320e+22	9.59e-01	4.10e-02	2.22e-05	9.37e-07	0.00e+00	0.00e+00	0.00e+00	0.00e+00
 6.98645e+22	9.59e-01	4.07e-02	2.21e-05	9.42e-07	0.00e+00	0.00e+00	0.00e+00	0.00e+00
 6.98996e+22	9.60e-01	4.04e-02	2.20e-05	9.47e-07	0.00e+00	0.00e+00	0.00e+00	0.00e+00
 6.99315e+22	9.60e-01	4.02e-02	2.20e-05	9.51e-07	0.00e+00	0.00e+00	0.00e+00	0.00e+00
 6.99665e+22	9.60e-01	3.99e-02	2.19e-05	9.57e-07	0.00e+00	0.00e+00	0.00e+00	0.00e+00
 7.00042e+22	9.60e-01	3.97e-02	2.19e-05	9.64e-07	0.00e+00	0.00e+00	0.00e+00	0.00e+00
 7.00386e+22	9.60e-01	3.95e-02	2.18e-05	9.68e-07	0.00e+00	0.00e+00	0.00e+00	0.00e+00
 7.00699e+22	9.61e-01	3.93e-02	2.17e-05	9.73e-07	0.00e+00	0.00e+00	0.00e+00	0.00e+00
 7.00983e+22	9.61e-01	3.92e-02	2.17e-05	9.79e-07	0.00e+00	0.00e+00	0.00e+00	0.00e+00
 7.01295e+22	9.61e-01	3.90e-02	2.17e-05	9.85e-07	0.00e+00	0.00e+00	0.00e+00	0.00e+00
 7.01632e+22	9.61e-01	3.87e-02	2.16e-05	9.90e-07	0.00e+00	0.00e+00	0.00e+00	0.00e+00
 7.01938e+22	9.61e-01	3.86e-02	2.16e-05	9.99e-07	0.00e+00	0.00e+00	0.00e+00	0.00e+00
 7.02217e+22	9.62e-01	3.85e-02	2.15e-05	1.00e-06	0.00e+00	0.00e+00	0.00e+00	0.00e+00
 7.02522e+22	9.62e-01	3.82e-02	2.15e-05	1.00e-06	0.00e+00	0.00e+00	0.00e+00	0.00e+00
 7.02852e+22	9.62e-01	3.80e-02	2.14e-05	1.01e-06	0.00e+00	0.00e+00	0.00e+00	0.00e+00
 7.03214e+22	9.62e-01	3.77e-02	2.13e-05	1.01e-06	0.00e+00	0.00e+00	0.00e+00	0.00e+00
 7.03604e+22	9.63e-01	3.75e-02	2.13e-05	1.02e-06	0.00e+00	0.00e+00	0.00e+00	0.00e+00
 7.03959e+22	9.63e-01	3.73e-02	2.12e-05	1.02e-06	0.00e+00	0.00e+00	0.00e+00	0.00e+00
 7.04348e+22	9.63e-01	3.69e-02	2.11e-05	1.02e-06	0.00e+00	0.00e+00	0.00e+00	0.00e+00
 7.04768e+22	9.63e-01	3.67e-02	2.10e-05	1.02e-06	0.00e+00	0.00e+00	0.00e+00	0.00e+00
 7.05150e+22	9.64e-01	3.65e-02	2.10e-05	1.03e-06	0.00e+00	0.00e+00	0.00e+00	0.00e+00
 7.05498e+22	9.64e-01	3.63e-02	2.09e-05	1.02e-06	0.00e+00	0.00e+00	0.00e+00	0.00e+00
 7.05879e+22	9.64e-01	3.60e-02	2.08e-05	1.02e-06	0.00e+00	0.00e+00	0.00e+00	0.00e+00
 7.06291e+22	9.64e-01	3.57e-02	2.07e-05	1.03e-06	0.00e+00	0.00e+00	0.00e+00	0.00e+00
 7.06665e+22	9.64e-01	3.55e-02	2.07e-05	1.02e-06	0.00e+00	0.00e+00	0.00e+00	0.00e+00
 7.07076e+22	9.65e-01	3.52e-02	2.06e-05	1.02e-06	0.00e+00	0.00e+00	0.00e+00	0.00e+00
 7.07519e+22	9.65e-01	3.49e-02	2.05e-05	1.02e-06	0.00e+00	0.00e+00	0.00e+00	0.00e+00
 7.07922e+22	9.65e-01	3.47e-02	2.04e-05	1.03e-06	0.00e+00	0.00e+00	0.00e+00	0.00e+00
 7.08288e+22	9.65e-01	3.45e-02	2.03e-05	1.03e-06	0.00e+00	0.00e+00	0.00e+00	0.00e+00
 7.08690e+22	9.66e-01	3.42e-02	2.03e-05	1.02e-06	0.00e+00	0.00e+00	0.00e+00	0.00e+00
 7.09124e+22	9.66e-01	3.39e-02	2.02e-05	1.03e-06	0.00e+00	0.00e+00	0.00e+00	0.00e+00
 7.09519e+22	9.66e-01	3.37e-02	2.01e-05	1.02e-06	0.00e+00	0.00e+00	0.00e+00	0.00e+00
 7.09952e+22	9.67e-01	3.33e-02	2.00e-05	1.02e-06	0.00e+00	0.00e+00	0.00e+00	0.00e+00
 7.10419e+22	9.67e-01	3.31e-02	1.99e-05	1.02e-06	0.00e+00	0.00e+00	0.00e+00	0.00e+00
 7.10844e+22	9.67e-01	3.29e-02	1.99e-05	1.02e-06	0.00e+00	0.00e+00	0.00e+00	0.00e+00
 7.11231e+22	9.67e-01	3.27e-02	1.98e-05	1.02e-06	0.00e+00	0.00e+00	0.00e+00	0.00e+00
 7.11655e+22	9.68e-01	3.23e-02	1.97e-05	1.02e-06	0.00e+00	0.00e+00	0.00e+00	0.00e+00
 7.12113e+22	9.68e-01	3.21e-02	1.96e-05	1.02e-06	0.00e+00	0.00e+00	0.00e+00	0.00e+00
 7.12529e+22	9.68e-01	3.19e-02	1.95e-05	1.01e-06	0.00e+00	0.00e+00	0.00e+00	0.00e+00
 7.12986e+22	9.68e-01	3.15e-02	1.94e-05	1.01e-06	0.00e+00	0.00e+00	0.00e+00	0.00e+00
 7.13478e+22	9.69e-01	3.12e-02	1.93e-05	1.01e-06	0.00e+00	0.00e+00	0.00e+00	0.00e+00
 7.13927e+22	9.69e-01	3.10e-02	1.92e-05	1.00e-06	0.00e+00	0.00e+00	0.00e+00	0.00e+00
 7.14418e+22	9.69e-01	3.06e-02	1.91e-05	1.00e-06	0.00e+00	0.00e+00	0.00e+00	0.00e+00
 7.14948e+22	9.70e-01	3.03e-02	1.90e-05	9.97e-07	0.00e+00	0.00e+00	0.00e+00	0.00e+00
 7.15431e+22	9.70e-01	3.01e-02	1.89e-05	9.92e-07	0.00e+00	0.00e+00	0.00e+00	0.00e+00
 7.15960e+22	9.70e-01	2.97e-02	1.88e-05	9.87e-07	0.00e+00	0.00e+00	0.00e+00	0.00e+00
 7.16531e+22	9.71e-01	2.94e-02	1.87e-05	9.83e-07	0.00e+00	0.00e+00	0.00e+00	0.00e+00
 7.17051e+22	9.71e-01	2.92e-02	1.86e-05	9.80e-07	0.00e+00	0.00e+00	0.00e+00	0.00e+00
 7.17523e+22	9.71e-01	2.90e-02	1.85e-05	9.80e-07	0.00e+00	0.00e+00	0.00e+00	0.00e+00
 7.17954e+22	9.71e-01	2.88e-02	1.84e-05	9.74e-07	0.00e+00	0.00e+00	0.00e+00	0.00e+00
 7.18425e+22	9.72e-01	2.84e-02	1.83e-05	9.67e-07	0.00e+00	0.00e+00	0.00e+00	0.00e+00
 7.18934e+22	9.72e-01	2.82e-02	1.82e-05	9.65e-07	0.00e+00	0.00e+00	0.00e+00	0.00e+00
 7.19397e+22	9.72e-01	2.80e-02	1.81e-05	9.58e-07	0.00e+00	0.00e+00	0.00e+00	0.00e+00
 7.19905e+22	9.72e-01	2.76e-02	1.80e-05	9.49e-07	0.00e+00	0.00e+00	0.00e+00	0.00e+00
 7.20453e+22	9.73e-01	2.73e-02	1.79e-05	9.44e-07	0.00e+00	0.00e+00	0.00e+00	0.00e+00
 7.21053e+22	9.73e-01	2.68e-02	1.78e-05	9.33e-07	0.00e+00	0.00e+00	0.00e+00	0.00e+00
 7.21702e+22	9.73e-01	2.66e-02	1.77e-05	9.27e-07	0.00e+00	0.00e+00	0.00e+00	0.00e+00
 7.22292e+22	9.74e-01	2.63e-02	1.76e-05	9.21e-07	0.00e+00	0.00e+00	0.00e+00	0.00e+00
 7.22828e+22	9.74e-01	2.61e-02	1.75e-05	9.16e-07	0.00e+00	0.00e+00	0.00e+00	0.00e+00
 7.23417e+22	9.74e-01	2.57e-02	1.73e-05	9.05e-07	0.00e+00	0.00e+00	0.00e+00	0.00e+00
 7.24052e+22	9.75e-01	2.54e-02	1.72e-05	9.01e-07	0.00e+00	0.00e+00	0.00e+00	0.00e+00
 7.24630e+22	9.75e-01	2.52e-02	1.71e-05	8.92e-07	0.00e+00	0.00e+00	0.00e+00	0.00e+00
 7.25263e+22	9.75e-01	2.47e-02	1.70e-05	8.79e-07	0.00e+00	0.00e+00	0.00e+00	0.00e+00
 7.25946e+22	9.76e-01	2.44e-02	1.68e-05	8.74e-07	0.00e+00	0.00e+00	0.00e+00	0.00e+00
 7.26569e+22	9.76e-01	2.42e-02	1.67e-05	8.65e-07	0.00e+00	0.00e+00	0.00e+00	0.00e+00
 7.27250e+22	9.76e-01	2.37e-02	1.66e-05	8.51e-07	0.00e+00	0.00e+00	0.00e+00	0.00e+00
 7.27986e+22	9.77e-01	2.34e-02	1.64e-05	8.42e-07	0.00e+00	0.00e+00	0.00e+00	0.00e+00
 7.28656e+22	9.77e-01	2.32e-02	1.63e-05	8.34e-07	0.00e+00	0.00e+00	0.00e+00	0.00e+00
 7.29265e+22	9.77e-01	2.30e-02	1.62e-05	8.27e-07	0.00e+00	0.00e+00	0.00e+00	0.00e+00
 7.29933e+22	9.77e-01	2.25e-02	1.60e-05	8.13e-07	0.00e+00	0.00e+00	0.00e+00	0.00e+00
 7.30654e+22	9.78e-01	2.23e-02	1.59e-05	8.07e-07	0.00e+00	0.00e+00	0.00e+00	0.00e+00
 7.31310e+22	9.78e-01	2.20e-02	1.58e-05	7.98e-07	0.00e+00	0.00e+00	0.00e+00	0.00e+00
 7.32029e+22	9.78e-01	2.16e-02	1.56e-05	7.82e-07	0.00e+00	0.00e+00	0.00e+00	0.00e+00
 7.32806e+22	9.79e-01	2.13e-02	1.55e-05	7.72e-07	0.00e+00	0.00e+00	0.00e+00	0.00e+00
 7.33512e+22	9.79e-01	2.11e-02	1.54e-05	7.65e-07	0.00e+00	0.00e+00	0.00e+00	0.00e+00
 7.34155e+22	9.79e-01	2.09e-02	1.53e-05	7.57e-07	0.00e+00	0.00e+00	0.00e+00	0.00e+00
 7.34859e+22	9.80e-01	2.04e-02	1.51e-05	7.42e-07	0.00e+00	0.00e+00	0.00e+00	0.00e+00
 7.35619e+22	9.80e-01	2.02e-02	1.50e-05	7.33e-07	0.00e+00	0.00e+00	0.00e+00	0.00e+00
 7.36311e+22	9.80e-01	2.00e-02	1.48e-05	7.25e-07	0.00e+00	0.00e+00	0.00e+00	0.00e+00
 7.37069e+22	9.80e-01	1.95e-02	1.47e-05	7.09e-07	0.00e+00	0.00e+00	0.00e+00	0.00e+00
 7.37888e+22	9.81e-01	1.93e-02	1.45e-05	6.99e-07	0.00e+00	0.00e+00	0.00e+00	0.00e+00
 7.38633e+22	9.81e-01	1.90e-02	1.44e-05	6.91e-07	0.00e+00	0.00e+00	0.00e+00	0.00e+00
 7.39449e+22	9.81e-01	1.86e-02	1.43e-05	6.73e-07	0.00e+00	0.00e+00	0.00e+00	0.00e+00
 7.40330e+22	9.82e-01	1.83e-02	1.41e-05	6.63e-07	0.00e+00	0.00e+00	0.00e+00	0.00e+00
 7.41132e+22	9.82e-01	1.81e-02	1.40e-05	6.54e-07	0.00e+00	0.00e+00	0.00e+00	0.00e+00
 7.41862e+22	9.82e-01	1.79e-02	1.38e-05	6.45e-07	0.00e+00	0.00e+00	0.00e+00	0.00e+00
 7.42662e+22	9.83e-01	1.75e-02	1.37e-05	6.29e-07	0.00e+00	0.00e+00	0.00e+00	0.00e+00
 7.43525e+22	9.83e-01	1.72e-02	1.35e-05	6.19e-07	0.00e+00	0.00e+00	0.00e+00	0.00e+00
 7.44310e+22	9.83e-01	1.70e-02	1.34e-05	6.10e-07	0.00e+00	0.00e+00	0.00e+00	0.00e+00
 7.45171e+22	9.83e-01	1.66e-02	1.32e-05	5.93e-07	0.00e+00	0.00e+00	0.00e+00	0.00e+00
 7.46101e+22	9.84e-01	1.64e-02	1.31e-05	5.83e-07	0.00e+00	0.00e+00	0.00e+00	0.00e+00
 7.46946e+22	9.84e-01	1.62e-02	1.29e-05	5.74e-07	0.00e+00	0.00e+00	0.00e+00	0.00e+00
 7.47716e+22	9.84e-01	1.60e-02	1.28e-05	5.66e-07	0.00e+00	0.00e+00	0.00e+00	0.00e+00
 7.48559e+22	9.84e-01	1.56e-02	1.26e-05	5.50e-07	0.00e+00	0.00e+00	0.00e+00	0.00e+00
 7.49655e+22	9.85e-01	1.51e-02	1.24e-05	5.31e-07	0.00e+00	0.00e+00	0.00e+00	0.00e+00
 7.50868e+22	9.85e-01	1.48e-02	1.23e-05	5.17e-07	0.00e+00	0.00e+00	0.00e+00	0.00e+00
 7.52101e+22	9.86e-01	1.44e-02	1.20e-05	5.01e-07	0.00e+00	0.00e+00	0.00e+00	0.00e+00
 7.53382e+22	9.86e-01	1.40e-02	1.18e-05	4.86e-07	0.00e+00	0.00e+00	0.00e+00	0.00e+00
 7.54680e+22	9.86e-01	1.37e-02	1.16e-05	4.71e-07	0.00e+00	0.00e+00	0.00e+00	0.00e+00
 7.55998e+22	9.87e-01	1.33e-02	1.14e-05	4.56e-07	0.00e+00	0.00e+00	0.00e+00	0.00e+00
 7.57329e+22	9.87e-01	1.30e-02	1.12e-05	4.42e-07	0.00e+00	0.00e+00	0.00e+00	0.00e+00
 7.58671e+22	9.87e-01	1.27e-02	1.10e-05	4.28e-07	0.00e+00	0.00e+00	0.00e+00	0.00e+00
 7.60027e+22	9.88e-01	1.23e-02	1.08e-05	4.14e-07	0.00e+00	0.00e+00	0.00e+00	0.00e+00
 7.61393e+22	9.88e-01	1.20e-02	1.06e-05	4.00e-07	0.00e+00	0.00e+00	0.00e+00	0.00e+00
 7.62771e+22	9.88e-01	1.17e-02	1.04e-05	3.87e-07	0.00e+00	0.00e+00	0.00e+00	0.00e+00
 7.64159e+22	9.89e-01	1.14e-02	1.02e-05	3.74e-07	0.00e+00	0.00e+00	0.00e+00	0.00e+00
 7.65557e+22	9.89e-01	1.11e-02	1.00e-05	3.61e-07	0.00e+00	0.00e+00	0.00e+00	0.00e+00
 7.66966e+22	9.89e-01	1.08e-02	9.81e-06	3.49e-07	0.00e+00	0.00e+00	0.00e+00	0.00e+00
 7.68383e+22	9.89e-01	1.05e-02	9.61e-06	3.37e-07	0.00e+00	0.00e+00	0.00e+00	0.00e+00
 7.69809e+22	9.90e-01	1.03e-02	9.42e-06	3.25e-07	0.00e+00	0.00e+00	0.00e+00	0.00e+00
 7.71241e+22	9.90e-01	9.99e-03	9.23e-06	3.14e-07	0.00e+00	0.00e+00	0.00e+00	0.00e+00
 7.72683e+22	9.90e-01	9.73e-03	9.04e-06	3.03e-07	0.00e+00	0.00e+00	0.00e+00	0.00e+00
 7.74135e+22	9.91e-01	9.47e-03	8.85e-06	2.92e-07	0.00e+00	0.00e+00	0.00e+00	0.00e+00
 7.75596e+22	9.91e-01	9.22e-03	8.67e-06	2.81e-07	0.00e+00	0.00e+00	0.00e+00	0.00e+00
 7.77065e+22	9.91e-01	8.97e-03	8.48e-06	2.71e-07	0.00e+00	0.00e+00	0.00e+00	0.00e+00
 7.78543e+22	9.91e-01	8.73e-03	8.30e-06	2.61e-07	0.00e+00	0.00e+00	0.00e+00	0.00e+00
 7.80030e+22	9.91e-01	8.50e-03	8.12e-06	2.51e-07	0.00e+00	0.00e+00	0.00e+00	0.00e+00
 7.81528e+22	9.92e-01	8.27e-03	7.94e-06	2.41e-07	0.00e+00	0.00e+00	0.00e+00	0.00e+00
 7.83061e+22	9.92e-01	8.03e-03	7.76e-06	2.31e-07	0.00e+00	0.00e+00	0.00e+00	0.00e+00
 7.84619e+22	9.92e-01	7.81e-03	7.58e-06	2.22e-07	0.00e+00	0.00e+00	0.00e+00	0.00e+00
 7.86190e+22	9.92e-01	7.58e-03	7.40e-06	2.13e-07	0.00e+00	0.00e+00	0.00e+00	0.00e+00
 7.87778e+22	9.93e-01	7.37e-03	7.22e-06	2.04e-07	0.00e+00	0.00e+00	0.00e+00	0.00e+00
 7.89379e+22	9.93e-01	7.15e-03	7.04e-06	1.95e-07	0.00e+00	0.00e+00	0.00e+00	0.00e+00
 7.90995e+22	9.93e-01	6.95e-03	6.87e-06	1.87e-07	0.00e+00	0.00e+00	0.00e+00	0.00e+00
 7.92628e+22	9.93e-01	6.74e-03	6.69e-06	1.79e-07	0.00e+00	0.00e+00	0.00e+00	0.00e+00
 7.94280e+22	9.93e-01	6.54e-03	6.52e-06	1.71e-07	0.00e+00	0.00e+00	0.00e+00	0.00e+00
 7.95957e+22	9.94e-01	6.34e-03	6.35e-06	1.63e-07	0.00e+00	0.00e+00	0.00e+00	0.00e+00
 7.97662e+22	9.94e-01	6.15e-03	6.17e-06	1.55e-07	0.00e+00	0.00e+00	0.00e+00	0.00e+00
 7.99410e+22	9.94e-01	5.95e-03	6.00e-06	1.48e-07	0.00e+00	0.00e+00	0.00e+00	0.00e+00
 8.01194e+22	9.94e-01	5.76e-03	5.82e-06	1.40e-07	0.00e+00	0.00e+00	0.00e+00	0.00e+00
 8.03003e+22	9.94e-01	5.57e-03	5.65e-06	1.33e-07	0.00e+00	0.00e+00	0.00e+00	0.00e+00
 8.04843e+22	9.95e-01	5.38e-03	5.48e-06	0.00e+00	0.00e+00	0.00e+00	0.00e+00	0.00e+00
 8.06711e+22	9.95e-01	5.20e-03	5.31e-06	0.00e+00	0.00e+00	0.00e+00	0.00e+00	0.00e+00
 8.08611e+22	9.95e-01	5.02e-03	5.14e-06	0.00e+00	0.00e+00	0.00e+00	0.00e+00	0.00e+00
 8.10544e+22	9.95e-01	4.84e-03	4.97e-06	0.00e+00	0.00e+00	0.00e+00	0.00e+00	0.00e+00
 8.12519e+22	9.95e-01	4.67e-03	4.80e-06	0.00e+00	0.00e+00	0.00e+00	0.00e+00	0.00e+00
 8.14538e+22	9.96e-01	4.49e-03	4.63e-06	0.00e+00	0.00e+00	0.00e+00	0.00e+00	0.00e+00
 8.16601e+22	9.96e-01	4.32e-03	4.46e-06	0.00e+00	0.00e+00	0.00e+00	0.00e+00	0.00e+00
 8.18707e+22	9.96e-01	4.16e-03	4.29e-06	0.00e+00	0.00e+00	0.00e+00	0.00e+00	0.00e+00
 8.20858e+22	9.96e-01	3.99e-03	4.13e-06	0.00e+00	0.00e+00	0.00e+00	0.00e+00	0.00e+00
 8.23055e+22	9.96e-01	3.83e-03	3.96e-06	0.00e+00	0.00e+00	0.00e+00	0.00e+00	0.00e+00
 8.25307e+22	9.96e-01	3.66e-03	3.79e-06	0.00e+00	0.00e+00	0.00e+00	0.00e+00	0.00e+00
 8.27620e+22	9.96e-01	3.50e-03	3.63e-06	0.00e+00	0.00e+00	0.00e+00	0.00e+00	0.00e+00
 8.29974e+22	9.97e-01	3.35e-03	3.47e-06	0.00e+00	0.00e+00	0.00e+00	0.00e+00	0.00e+00
 8.32337e+22	9.97e-01	3.20e-03	3.31e-06	0.00e+00	0.00e+00	0.00e+00	0.00e+00	0.00e+00
 8.34715e+22	9.97e-01	3.06e-03	3.16e-06	0.00e+00	0.00e+00	0.00e+00	0.00e+00	0.00e+00
 8.37118e+22	9.97e-01	2.91e-03	3.01e-06	0.00e+00	0.00e+00	0.00e+00	0.00e+00	0.00e+00
 8.39540e+22	9.97e-01	2.78e-03	2.86e-06	0.00e+00	0.00e+00	0.00e+00	0.00e+00	0.00e+00
 8.41979e+22	9.97e-01	2.65e-03	2.72e-06	0.00e+00	0.00e+00	0.00e+00	0.00e+00	0.00e+00
 8.44439e+22	9.97e-01	2.52e-03	2.58e-06	0.00e+00	0.00e+00	0.00e+00	0.00e+00	0.00e+00
 8.46920e+22	9.98e-01	2.39e-03	2.45e-06	0.00e+00	0.00e+00	0.00e+00	0.00e+00	0.00e+00
 8.49413e+22	9.98e-01	2.27e-03	2.32e-06	0.00e+00	0.00e+00	0.00e+00	0.00e+00	0.00e+00
 8.51916e+22	9.98e-01	2.16e-03	2.20e-06	0.00e+00	0.00e+00	0.00e+00	0.00e+00	0.00e+00
 8.54448e+22	9.98e-01	2.04e-03	2.08e-06	0.00e+00	0.00e+00	0.00e+00	0.00e+00	0.00e+00
 8.57003e+22	9.98e-01	1.93e-03	1.96e-06	0.00e+00	0.00e+00	0.00e+00	0.00e+00	0.00e+00
 8.59577e+22	9.98e-01	1.83e-03	1.85e-06	0.00e+00	0.00e+00	0.00e+00	0.00e+00	0.00e+00
 8.62182e+22	9.98e-01	1.72e-03	1.74e-06	0.00e+00	0.00e+00	0.00e+00	0.00e+00	0.00e+00
 8.64810e+22	9.98e-01	1.63e-03	1.63e-06	0.00e+00	0.00e+00	0.00e+00	0.00e+00	0.00e+00
 8.67459e+22	9.98e-01	1.53e-03	1.53e-06	0.00e+00	0.00e+00	0.00e+00	0.00e+00	0.00e+00
 8.70133e+22	9.99e-01	1.44e-03	1.43e-06	0.00e+00	0.00e+00	0.00e+00	0.00e+00	0.00e+00
 8.72831e+22	9.99e-01	1.35e-03	1.34e-06	0.00e+00	0.00e+00	0.00e+00	0.00e+00	0.00e+00
 8.75556e+22	9.99e-01	1.26e-03	1.25e-06	0.00e+00	0.00e+00	0.00e+00	0.00e+00	0.00e+00
 8.78308e+22	9.99e-01	1.18e-03	1.17e-06	0.00e+00	0.00e+00	0.00e+00	0.00e+00	0.00e+00
 8.81087e+22	9.99e-01	1.10e-03	1.08e-06	0.00e+00	0.00e+00	0.00e+00	0.00e+00	0.00e+00
 8.83896e+22	9.99e-01	1.03e-03	1.00e-06	0.00e+00	0.00e+00	0.00e+00	0.00e+00	0.00e+00
 8.86736e+22	9.99e-01	9.54e-04	9.30e-07	0.00e+00	0.00e+00	0.00e+00	0.00e+00	0.00e+00
 8.89609e+22	9.99e-01	8.85e-04	8.59e-07	0.00e+00	0.00e+00	0.00e+00	0.00e+00	0.00e+00
 8.92517e+22	9.99e-01	8.19e-04	7.91e-07	0.00e+00	0.00e+00	0.00e+00	0.00e+00	0.00e+00
 8.95460e+22	9.99e-01	7.56e-04	7.27e-07	0.00e+00	0.00e+00	0.00e+00	0.00e+00	0.00e+00
 8.98361e+22	9.99e-01	6.99e-04	6.69e-07	0.00e+00	0.00e+00	0.00e+00	0.00e+00	0.00e+00
 9.01295e+22	9.99e-01	6.42e-04	6.12e-07	0.00e+00	0.00e+00	0.00e+00	0.00e+00	0.00e+00
 9.04373e+22	9.99e-01	5.87e-04	5.57e-07	0.00e+00	0.00e+00	0.00e+00	0.00e+00	0.00e+00
 9.07516e+22	9.99e-01	5.36e-04	5.06e-07	0.00e+00	0.00e+00	0.00e+00	0.00e+00	0.00e+00
 9.10695e+22	1.00e+00	4.87e-04	4.57e-07	0.00e+00	0.00e+00	0.00e+00	0.00e+00	0.00e+00
 9.13909e+22	1.00e+00	4.42e-04	4.13e-07	0.00e+00	0.00e+00	0.00e+00	0.00e+00	0.00e+00
 9.17184e+22	1.00e+00	3.99e-04	3.71e-07	0.00e+00	0.00e+00	0.00e+00	0.00e+00	0.00e+00
 9.20547e+22	1.00e+00	3.58e-04	3.31e-07	0.00e+00	0.00e+00	0.00e+00	0.00e+00	0.00e+00
 9.23976e+22	1.00e+00	3.21e-04	2.95e-07	0.00e+00	0.00e+00	0.00e+00	0.00e+00	0.00e+00
