#depth	S	S+	S+2	S+3	S+4	S+5	S+6	S+7	S+8	S+9	S+10	S+11	S+12	S+13	S+14	S+15	S+16
 1.54284e+22	0.00e+00	0.00e+00	9.02e-29	4.46e-25	1.17e-21	1.48e-18	4.38e-15	1.73e-12	2.71e-10	1.79e-08	7.10e-07	1.50e-05	2.13e-04	3.20e-03	9.55e-02	3.94e-01	5.07e-01
 3.63335e+22	0.00e+00	1.14e-31	4.34e-27	1.60e-23	3.06e-20	4.27e-17	9.54e-14	2.77e-11	3.19e-09	1.53e-07	4.44e-06	6.76e-05	6.75e-04	7.12e-03	1.51e-01	4.40e-01	4.02e-01
 4.47432e+22	0.00e+00	1.44e-30	4.55e-26	1.42e-22	2.26e-19	2.56e-16	5.00e-13	1.24e-10	1.21e-08	4.90e-07	1.20e-05	1.53e-04	1.25e-03	1.08e-02	1.90e-01	4.55e-01	3.43e-01
 4.96175e+22	0.00e+00	7.89e-30	2.20e-25	6.06e-22	8.51e-19	8.41e-16	1.50e-12	3.36e-10	2.94e-08	1.06e-06	2.33e-05	2.62e-04	1.88e-03	1.43e-02	2.19e-01	4.61e-01	3.04e-01
 5.20442e+22	0.00e+00	1.27e-29	3.40e-25	9.07e-22	1.23e-18	1.16e-15	2.04e-12	4.42e-10	3.77e-08	1.32e-06	2.80e-05	3.05e-04	2.10e-03	1.54e-02	2.27e-01	4.61e-01	2.94e-01
 5.29762e+22	0.00e+00	1.82e-29	4.75e-25	1.24e-21	1.63e-18	1.50e-15	2.58e-12	5.47e-10	4.55e-08	1.55e-06	3.22e-05	3.42e-04	2.29e-03	1.62e-02	2.34e-01	4.61e-01	2.86e-01
 5.40035e+22	0.00e+00	3.02e-29	7.60e-25	1.91e-21	2.42e-18	2.13e-15	3.57e-12	7.36e-10	5.93e-08	1.96e-06	3.92e-05	4.02e-04	2.58e-03	1.76e-02	2.43e-01	4.61e-01	2.75e-01
 5.50672e+22	0.00e+00	4.63e-29	1.13e-24	2.74e-21	3.36e-18	2.85e-15	4.69e-12	9.42e-10	7.40e-08	2.37e-06	4.63e-05	4.60e-04	2.85e-03	1.88e-02	2.52e-01	4.61e-01	2.65e-01
 5.61784e+22	0.00e+00	7.87e-29	1.84e-24	4.31e-21	5.07e-18	4.12e-15	6.60e-12	1.28e-09	9.75e-08	3.02e-06	5.68e-05	5.43e-04	3.23e-03	2.04e-02	2.62e-01	4.60e-01	2.54e-01
 5.73150e+22	0.00e+00	1.27e-28	2.85e-24	6.44e-21	7.31e-18	5.69e-15	8.92e-12	1.69e-09	1.25e-07	3.74e-06	6.83e-05	6.31e-04	3.60e-03	2.19e-02	2.71e-01	4.59e-01	2.44e-01
 5.82951e+22	0.00e+00	1.95e-28	4.25e-24	9.30e-21	1.02e-17	7.63e-15	1.17e-11	2.17e-09	1.56e-07	4.54e-06	8.08e-05	7.23e-04	3.98e-03	2.33e-02	2.80e-01	4.57e-01	2.35e-01
 5.92355e+22	0.00e+00	2.97e-28	6.25e-24	1.33e-20	1.41e-17	1.01e-14	1.53e-11	2.77e-09	1.94e-07	5.49e-06	9.49e-05	8.24e-04	4.39e-03	2.48e-02	2.88e-01	4.55e-01	2.27e-01
 6.03141e+22	0.00e+00	5.03e-28	1.02e-23	2.07e-20	2.11e-17	1.45e-14	2.14e-11	3.75e-09	2.55e-07	6.96e-06	1.16e-04	9.72e-04	4.95e-03	2.68e-02	2.99e-01	4.53e-01	2.16e-01
 6.14270e+22	0.00e+00	7.87e-28	1.54e-23	3.03e-20	2.97e-17	1.96e-14	2.85e-11	4.86e-09	3.21e-07	8.51e-06	1.38e-04	1.12e-03	5.48e-03	2.86e-02	3.08e-01	4.50e-01	2.07e-01
 6.25844e+22	0.00e+00	1.40e-27	2.62e-23	4.93e-20	4.61e-17	2.89e-14	4.10e-11	6.78e-09	4.32e-07	1.10e-05	1.72e-04	1.34e-03	6.25e-03	3.11e-02	3.19e-01	4.46e-01	1.96e-01
 6.37503e+22	0.00e+00	2.25e-27	4.04e-23	7.34e-20	6.61e-17	3.97e-14	5.52e-11	8.90e-09	5.51e-07	1.36e-05	2.07e-04	1.55e-03	6.95e-03	3.33e-02	3.29e-01	4.42e-01	1.87e-01
 6.47050e+22	0.00e+00	3.36e-27	5.85e-23	1.03e-19	8.96e-17	5.18e-14	7.10e-11	1.12e-08	6.78e-07	1.63e-05	2.41e-04	1.75e-03	7.61e-03	3.52e-02	3.37e-01	4.38e-01	1.80e-01
 6.57239e+22	0.00e+00	5.60e-27	9.36e-23	1.58e-19	1.32e-16	7.28e-14	9.78e-11	1.50e-08	8.82e-07	2.05e-05	2.93e-04	2.05e-03	8.53e-03	3.78e-02	3.48e-01	4.33e-01	1.70e-01
 6.67666e+22	7.56e-34	8.67e-27	1.40e-22	2.28e-19	1.83e-16	9.69e-14	1.28e-10	1.93e-08	1.10e-06	2.49e-05	3.46e-04	2.34e-03	9.40e-03	4.01e-02	3.56e-01	4.29e-01	1.63e-01
 6.76157e+22	1.12e-33	1.24e-26	1.94e-22	3.07e-19	2.39e-16	1.22e-13	1.60e-10	2.36e-08	1.32e-06	2.92e-05	3.96e-04	2.62e-03	1.02e-02	4.20e-02	3.64e-01	4.25e-01	1.57e-01
 6.84952e+22	1.82e-33	1.93e-26	2.91e-22	4.46e-19	3.34e-16	1.64e-13	2.11e-10	3.04e-08	1.66e-06	3.56e-05	4.69e-04	3.00e-03	1.12e-02	4.46e-02	3.72e-01	4.19e-01	1.49e-01
 6.93373e+22	2.63e-33	2.70e-26	3.95e-22	5.88e-19	4.28e-16	2.03e-13	2.59e-10	3.67e-08	1.97e-06	4.12e-05	5.32e-04	3.31e-03	1.21e-02	4.66e-02	3.79e-01	4.15e-01	1.44e-01
 7.00146e+22	3.76e-33	3.73e-26	5.32e-22	7.69e-19	5.43e-16	2.50e-13	3.16e-10	4.41e-08	2.32e-06	4.76e-05	6.01e-04	3.66e-03	1.29e-02	4.86e-02	3.85e-01	4.11e-01	1.38e-01
 7.06770e+22	5.27e-33	5.06e-26	7.04e-22	9.92e-19	6.82e-16	3.04e-13	3.81e-10	5.25e-08	2.72e-06	5.45e-05	6.75e-04	4.01e-03	1.38e-02	5.05e-02	3.91e-01	4.06e-01	1.34e-01
 7.13264e+22	7.24e-33	6.75e-26	9.16e-22	1.26e-18	8.44e-16	3.66e-13	4.55e-10	6.18e-08	3.15e-06	6.19e-05	7.52e-04	4.38e-03	1.47e-02	5.24e-02	3.96e-01	4.02e-01	1.29e-01
 7.20607e+22	1.11e-32	9.97e-26	1.31e-21	1.74e-18	1.12e-15	4.68e-13	5.77e-10	7.69e-08	3.83e-06	7.35e-05	8.71e-04	4.92e-03	1.60e-02	5.51e-02	4.03e-01	3.96e-01	1.23e-01
 7.27862e+22	1.55e-32	1.34e-25	1.72e-21	2.22e-18	1.40e-15	5.65e-13	6.92e-10	9.10e-08	4.46e-06	8.38e-05	9.74e-04	5.38e-03	1.70e-02	5.71e-02	4.09e-01	3.92e-01	1.19e-01
 7.35001e+22	2.34e-32	1.95e-25	2.42e-21	3.03e-18	1.84e-15	7.15e-13	8.69e-10	1.12e-07	5.39e-06	9.88e-05	1.12e-03	6.02e-03	1.84e-02	5.98e-02	4.15e-01	3.86e-01	1.13e-01
 7.41948e+22	3.21e-32	2.60e-25	3.14e-21	3.83e-18	2.26e-15	8.55e-13	1.03e-09	1.32e-07	6.24e-06	1.12e-04	1.25e-03	6.56e-03	1.96e-02	6.19e-02	4.20e-01	3.81e-01	1.09e-01
 7.47701e+22	4.37e-32	3.43e-25	4.04e-21	4.81e-18	2.77e-15	1.02e-12	1.22e-09	1.54e-07	7.18e-06	1.27e-04	1.38e-03	7.13e-03	2.07e-02	6.40e-02	4.25e-01	3.76e-01	1.06e-01
 7.54237e+22	6.39e-32	4.84e-25	5.53e-21	6.37e-18	3.55e-15	1.26e-12	1.50e-09	1.86e-07	8.54e-06	1.47e-04	1.57e-03	7.89e-03	2.23e-02	6.66e-02	4.30e-01	3.70e-01	1.01e-01
 7.60929e+22	8.94e-32	6.56e-25	7.29e-21	8.16e-18	4.40e-15	1.51e-12	1.80e-09	2.21e-07	9.95e-06	1.68e-04	1.76e-03	8.63e-03	2.37e-02	6.90e-02	4.35e-01	3.65e-01	9.70e-02
 7.66745e+22	1.22e-31	8.65e-25	9.38e-21	1.02e-17	5.37e-15	1.79e-12	2.12e-09	2.57e-07	1.14e-05	1.90e-04	1.95e-03	9.37e-03	2.51e-02	7.13e-02	4.39e-01	3.60e-01	9.34e-02
 7.72157e+22	1.63e-31	1.13e-24	1.19e-20	1.27e-17	6.47e-15	2.09e-12	2.48e-09	2.98e-07	1.31e-05	2.12e-04	2.15e-03	1.01e-02	2.65e-02	7.34e-02	4.43e-01	3.55e-01	9.01e-02
 7.77312e+22	2.17e-31	1.46e-24	1.50e-20	1.56e-17	7.76e-15	2.44e-12	2.88e-09	3.43e-07	1.49e-05	2.38e-04	2.37e-03	1.09e-02	2.79e-02	7.55e-02	4.46e-01	3.50e-01	8.69e-02
 7.83203e+22	3.09e-31	2.00e-24	2.01e-20	2.02e-17	9.73e-15	2.95e-12	3.48e-09	4.10e-07	1.74e-05	2.73e-04	2.66e-03	1.20e-02	2.98e-02	7.82e-02	4.51e-01	3.43e-01	8.31e-02
 7.89220e+22	4.25e-31	2.67e-24	2.61e-20	2.54e-17	1.19e-14	3.49e-12	4.11e-09	4.79e-07	2.01e-05	3.09e-04	2.96e-03	1.30e-02	3.16e-02	8.07e-02	4.54e-01	3.38e-01	7.97e-02
 7.94384e+22	5.65e-31	3.45e-24	3.28e-20	3.12e-17	1.42e-14	4.05e-12	4.77e-09	5.51e-07	2.29e-05	3.45e-04	3.25e-03	1.40e-02	3.32e-02	8.29e-02	4.57e-01	3.32e-01	7.68e-02
 8.00080e+22	8.10e-31	4.77e-24	4.40e-20	4.04e-17	1.78e-14	4.89e-12	5.76e-09	6.59e-07	2.69e-05	3.97e-04	3.66e-03	1.54e-02	3.54e-02	8.57e-02	4.61e-01	3.26e-01	7.32e-02
 8.05943e+22	1.12e-30	6.36e-24	5.70e-20	5.08e-17	2.16e-14	5.76e-12	6.80e-09	7.70e-07	3.10e-05	4.49e-04	4.06e-03	1.67e-02	3.75e-02	8.83e-02	4.63e-01	3.19e-01	7.01e-02
 8.11115e+22	1.50e-30	8.31e-24	7.26e-20	6.28e-17	2.59e-14	6.70e-12	7.92e-09	8.90e-07	3.54e-05	5.03e-04	4.48e-03	1.81e-02	3.95e-02	9.07e-02	4.66e-01	3.14e-01	6.73e-02
 8.16926e+22	2.22e-30	1.18e-23	9.94e-20	8.28e-17	3.29e-14	8.14e-12	9.67e-09	1.08e-06	4.21e-05	5.84e-04	5.08e-03	1.99e-02	4.22e-02	9.38e-02	4.69e-01	3.06e-01	6.37e-02
 8.22815e+22	3.05e-30	1.57e-23	1.28e-19	1.04e-16	3.98e-14	9.53e-12	1.14e-08	1.26e-06	4.85e-05	6.60e-04	5.63e-03	2.16e-02	4.46e-02	9.64e-02	4.70e-01	3.00e-01	6.08e-02
 8.27837e+22	4.06e-30	2.03e-23	1.62e-19	1.27e-16	4.73e-14	1.10e-11	1.32e-08	1.44e-06	5.50e-05	7.36e-04	6.17e-03	2.32e-02	4.68e-02	9.87e-02	4.72e-01	2.94e-01	5.84e-02
 8.33399e+22	6.11e-30	2.92e-23	2.24e-19	1.68e-16	6.00e-14	1.33e-11	1.61e-08	1.75e-06	6.58e-05	8.58e-04	7.03e-03	2.57e-02	5.01e-02	1.02e-01	4.74e-01	2.86e-01	5.49e-02
 8.38876e+22	8.09e-30	3.75e-23	2.81e-19	2.05e-16	7.09e-14	1.53e-11	1.85e-08	2.00e-06	7.45e-05	9.54e-04	7.69e-03	2.76e-02	5.25e-02	1.04e-01	4.74e-01	2.80e-01	5.26e-02
 8.44240e+22	1.20e-29	5.34e-23	3.84e-19	2.69e-16	8.90e-14	1.83e-11	2.25e-08	2.42e-06	8.85e-05	1.11e-03	8.71e-03	3.04e-02	5.60e-02	1.08e-01	4.75e-01	2.72e-01	4.95e-02
 8.49511e+22	1.57e-29	6.79e-23	4.77e-19	3.25e-16	1.04e-13	2.09e-11	2.58e-08	2.75e-06	9.96e-05	1.22e-03	9.48e-03	3.24e-02	5.85e-02	1.10e-01	4.75e-01	2.66e-01	4.75e-02
 8.54661e+22	2.34e-29	9.69e-23	6.54e-19	4.25e-16	1.30e-13	2.49e-11	3.12e-08	3.31e-06	1.18e-04	1.42e-03	1.07e-02	3.57e-02	6.23e-02	1.13e-01	4.75e-01	2.57e-01	4.45e-02
 8.59772e+22	3.07e-29	1.24e-22	8.12e-19	5.13e-16	1.53e-13	2.83e-11	3.57e-08	3.77e-06	1.33e-04	1.57e-03	1.17e-02	3.81e-02	6.50e-02	1.15e-01	4.74e-01	2.51e-01	4.26e-02
 8.64833e+22	4.57e-29	1.76e-22	1.11e-18	6.69e-16	1.90e-13	3.35e-11	4.30e-08	4.53e-06	1.58e-04	1.81e-03	1.32e-02	4.19e-02	6.92e-02	1.18e-01	4.73e-01	2.43e-01	3.99e-02
 8.69935e+22	6.11e-29	2.28e-22	1.40e-18	8.15e-16	2.24e-13	3.82e-11	4.95e-08	5.19e-06	1.79e-04	2.01e-03	1.44e-02	4.48e-02	7.23e-02	1.20e-01	4.72e-01	2.36e-01	3.79e-02
 8.75092e+22	9.17e-29	3.27e-22	1.92e-18	1.07e-15	2.79e-13	4.53e-11	5.99e-08	6.25e-06	2.12e-04	2.33e-03	1.63e-02	4.93e-02	7.68e-02	1.23e-01	4.69e-01	2.27e-01	3.53e-02
 8.80309e+22	1.24e-28	4.28e-22	2.44e-18	1.31e-15	3.30e-13	5.17e-11	6.92e-08	7.19e-06	2.41e-04	2.60e-03	1.78e-02	5.28e-02	8.02e-02	1.25e-01	4.67e-01	2.21e-01	3.35e-02
 8.85605e+22	1.87e-28	6.15e-22	3.36e-18	1.72e-15	4.11e-13	6.14e-11	8.37e-08	8.67e-06	2.87e-04	3.00e-03	2.01e-02	5.79e-02	8.50e-02	1.28e-01	4.63e-01	2.12e-01	3.10e-02
 8.90852e+22	2.54e-28	8.08e-22	4.27e-18	2.10e-15	4.85e-13	6.98e-11	9.66e-08	9.97e-06	3.26e-04	3.35e-03	2.19e-02	6.20e-02	8.87e-02	1.30e-01	4.60e-01	2.05e-01	2.93e-02
 8.96034e+22	3.80e-28	1.16e-21	5.86e-18	2.74e-15	6.00e-13	8.22e-11	1.16e-07	1.20e-05	3.86e-04	3.85e-03	2.47e-02	6.77e-02	9.37e-02	1.32e-01	4.54e-01	1.96e-01	2.71e-02
 9.01303e+22	5.26e-28	1.54e-21	7.54e-18	3.39e-15	7.12e-13	9.37e-11	1.35e-07	1.38e-05	4.40e-04	4.31e-03	2.70e-02	7.25e-02	9.78e-02	1.34e-01	4.50e-01	1.89e-01	2.54e-02
 9.06685e+22	8.02e-28	2.24e-21	1.05e-17	4.46e-15	8.87e-13	1.11e-10	1.63e-07	1.67e-05	5.23e-04	4.97e-03	3.04e-02	7.92e-02	1.03e-01	1.36e-01	4.43e-01	1.79e-01	2.33e-02
 9.12121e+22	1.12e-27	3.01e-21	1.35e-17	5.54e-15	1.05e-12	1.26e-10	1.89e-07	1.93e-05	5.98e-04	5.56e-03	3.33e-02	8.48e-02	1.07e-01	1.38e-01	4.37e-01	1.72e-01	2.17e-02
 9.17627e+22	1.72e-27	4.41e-21	1.89e-17	7.32e-15	1.31e-12	1.49e-10	2.29e-07	2.33e-05	7.10e-04	6.41e-03	3.73e-02	9.25e-02	1.13e-01	1.39e-01	4.28e-01	1.62e-01	1.98e-02
 9.23165e+22	2.40e-27	5.92e-21	2.45e-17	9.07e-15	1.56e-12	1.70e-10	2.64e-07	2.69e-05	8.10e-04	7.14e-03	4.08e-02	9.86e-02	1.17e-01	1.41e-01	4.21e-01	1.55e-01	1.84e-02
 9.27939e+22	3.31e-27	7.88e-21	3.14e-17	1.12e-14	1.83e-12	1.92e-10	3.04e-07	3.09e-05	9.18e-04	7.92e-03	4.43e-02	1.05e-01	1.22e-01	1.41e-01	4.14e-01	1.48e-01	1.71e-02
 9.33337e+22	5.00e-27	1.14e-20	4.32e-17	1.45e-14	2.26e-12	2.24e-10	3.62e-07	3.68e-05	1.08e-03	9.02e-03	4.92e-02	1.13e-01	1.27e-01	1.42e-01	4.03e-01	1.39e-01	1.55e-02
 9.38751e+22	6.89e-27	1.51e-20	5.54e-17	1.78e-14	2.66e-12	2.53e-10	4.15e-07	4.20e-05	1.22e-03	9.96e-03	5.32e-02	1.20e-01	1.31e-01	1.43e-01	3.95e-01	1.33e-01	1.44e-02
 9.44186e+22	1.04e-26	2.18e-20	7.63e-17	2.32e-14	3.27e-12	2.95e-10	4.93e-07	4.98e-05	1.42e-03	1.13e-02	5.88e-02	1.29e-01	1.36e-01	1.43e-01	3.83e-01	1.24e-01	1.30e-02
 9.49669e+22	1.42e-26	2.86e-20	9.68e-17	2.84e-14	3.82e-12	3.33e-10	5.60e-07	5.65e-05	1.59e-03	1.24e-02	6.32e-02	1.36e-01	1.40e-01	1.43e-01	3.75e-01	1.18e-01	1.20e-02
 9.55213e+22	2.15e-26	4.13e-20	1.33e-16	3.69e-14	4.69e-12	3.87e-10	6.62e-07	6.67e-05	1.85e-03	1.40e-02	6.94e-02	1.45e-01	1.45e-01	1.42e-01	3.62e-01	1.10e-01	1.08e-02
 9.60865e+22	2.93e-26	5.44e-20	1.70e-16	4.51e-14	5.50e-12	4.37e-10	7.51e-07	7.56e-05	2.07e-03	1.53e-02	7.43e-02	1.52e-01	1.48e-01	1.42e-01	3.52e-01	1.04e-01	9.92e-03
 9.66657e+22	4.44e-26	7.86e-20	2.34e-16	5.87e-14	6.77e-12	5.10e-10	8.84e-07	8.88e-05	2.39e-03	1.72e-02	8.13e-02	1.62e-01	1.52e-01	1.41e-01	3.39e-01	9.63e-02	8.86e-03
 9.72595e+22	6.10e-26	1.04e-19	2.99e-16	7.22e-14	7.97e-12	5.78e-10	1.00e-06	1.00e-04	2.67e-03	1.87e-02	8.69e-02	1.70e-01	1.56e-01	1.40e-01	3.28e-01	9.06e-02	8.10e-03
 9.78724e+22	9.25e-26	1.51e-19	4.13e-16	9.43e-14	9.83e-12	6.77e-10	1.18e-06	1.18e-04	3.07e-03	2.09e-02	9.44e-02	1.79e-01	1.59e-01	1.38e-01	3.14e-01	8.35e-02	7.19e-03
 9.84977e+22	1.28e-25	2.01e-19	5.32e-16	1.16e-13	1.16e-11	7.69e-10	1.33e-06	1.33e-04	3.42e-03	2.28e-02	1.01e-01	1.87e-01	1.62e-01	1.36e-01	3.03e-01	7.81e-02	6.53e-03
 9.91393e+22	1.94e-25	2.91e-19	7.34e-16	1.52e-13	1.44e-11	9.03e-10	1.56e-06	1.55e-04	3.92e-03	2.54e-02	1.09e-01	1.97e-01	1.65e-01	1.34e-01	2.88e-01	7.16e-02	5.76e-03
 9.97854e+22	2.67e-25	3.87e-19	9.41e-16	1.87e-13	1.69e-11	1.02e-09	1.76e-06	1.74e-04	4.34e-03	2.75e-02	1.15e-01	2.05e-01	1.67e-01	1.32e-01	2.77e-01	6.68e-02	5.22e-03
 1.00438e+23	3.99e-25	5.54e-19	1.29e-15	2.43e-13	2.08e-11	1.20e-09	2.04e-06	2.01e-04	4.93e-03	3.03e-02	1.24e-01	2.14e-01	1.69e-01	1.29e-01	2.63e-01	6.10e-02	4.59e-03
 1.01106e+23	5.51e-25	7.37e-19	1.66e-15	3.00e-13	2.46e-11	1.37e-09	2.30e-06	2.25e-04	5.45e-03	3.27e-02	1.31e-01	2.21e-01	1.71e-01	1.27e-01	2.52e-01	5.66e-02	4.14e-03
 1.01685e+23	7.38e-25	9.56e-19	2.08e-15	3.63e-13	2.87e-11	1.53e-09	2.55e-06	2.50e-04	5.96e-03	3.50e-02	1.37e-01	2.28e-01	1.72e-01	1.24e-01	2.42e-01	5.28e-02	3.76e-03
 1.02326e+23	1.07e-24	1.33e-18	2.78e-15	4.63e-13	3.49e-11	1.78e-09	2.92e-06	2.84e-04	6.68e-03	3.82e-02	1.46e-01	2.36e-01	1.73e-01	1.21e-01	2.29e-01	4.83e-02	3.31e-03
 1.02976e+23	1.43e-24	1.73e-18	3.50e-15	5.61e-13	4.07e-11	2.01e-09	3.24e-06	3.14e-04	7.28e-03	4.07e-02	1.52e-01	2.42e-01	1.73e-01	1.18e-01	2.19e-01	4.49e-02	2.99e-03
 1.03637e+23	2.08e-24	2.41e-18	4.68e-15	7.17e-13	4.94e-11	2.34e-09	3.69e-06	3.56e-04	8.12e-03	4.42e-02	1.61e-01	2.49e-01	1.73e-01	1.15e-01	2.06e-01	4.08e-02	2.63e-03
 1.04308e+23	2.77e-24	3.11e-18	5.86e-15	8.66e-13	5.76e-11	2.63e-09	4.09e-06	3.92e-04	8.82e-03	4.70e-02	1.67e-01	2.55e-01	1.73e-01	1.12e-01	1.97e-01	3.78e-02	2.37e-03
 1.04896e+23	3.66e-24	3.99e-18	7.30e-15	1.04e-12	6.68e-11	2.95e-09	4.50e-06	4.30e-04	9.55e-03	4.99e-02	1.74e-01	2.60e-01	1.73e-01	1.09e-01	1.88e-01	3.51e-02	2.14e-03
 1.05564e+23	5.27e-24	5.51e-18	9.70e-15	1.32e-12	8.08e-11	3.42e-09	5.09e-06	4.84e-04	1.06e-02	5.37e-02	1.83e-01	2.66e-01	1.72e-01	1.05e-01	1.76e-01	3.18e-02	1.87e-03
 1.06229e+23	6.81e-24	6.94e-18	1.19e-14	1.57e-12	9.29e-11	3.82e-09	5.58e-06	5.27e-04	1.14e-02	5.66e-02	1.89e-01	2.70e-01	1.71e-01	1.02e-01	1.68e-01	2.96e-02	1.70e-03
 1.06891e+23	9.64e-24	9.45e-18	1.56e-14	1.97e-12	1.12e-10	4.41e-09	6.27e-06	5.89e-04	1.25e-02	6.06e-02	1.97e-01	2.75e-01	1.70e-01	9.87e-02	1.57e-01	2.68e-02	1.48e-03
 1.07567e+23	1.25e-23	1.19e-17	1.92e-14	2.35e-12	1.29e-10	4.94e-09	6.88e-06	6.41e-04	1.34e-02	6.38e-02	2.03e-01	2.79e-01	1.68e-01	9.58e-02	1.50e-01	2.48e-02	1.34e-03
 1.08259e+23	1.77e-23	1.63e-17	2.52e-14	2.96e-12	1.55e-10	5.71e-09	7.73e-06	7.15e-04	1.47e-02	6.82e-02	2.11e-01	2.83e-01	1.66e-01	9.19e-02	1.40e-01	2.24e-02	1.17e-03
 1.08964e+23	2.31e-23	2.06e-17	3.11e-14	3.54e-12	1.79e-10	6.41e-09	8.48e-06	7.78e-04	1.58e-02	7.17e-02	2.17e-01	2.86e-01	1.65e-01	8.89e-02	1.33e-01	2.06e-02	1.05e-03
 1.09687e+23	3.28e-23	2.82e-17	4.10e-14	4.47e-12	2.17e-10	7.43e-09	9.54e-06	8.68e-04	1.73e-02	7.64e-02	2.26e-01	2.90e-01	1.62e-01	8.50e-02	1.23e-01	1.85e-02	9.07e-04
 1.10423e+23	4.29e-23	3.59e-17	5.07e-14	5.35e-12	2.51e-10	8.36e-09	1.05e-05	9.44e-04	1.85e-02	8.02e-02	2.32e-01	2.92e-01	1.60e-01	8.20e-02	1.17e-01	1.70e-02	8.11e-04
 1.11176e+23	6.10e-23	4.91e-17	6.69e-14	6.77e-12	3.04e-10	9.72e-09	1.18e-05	1.05e-03	2.03e-02	8.53e-02	2.40e-01	2.95e-01	1.57e-01	7.81e-02	1.08e-01	1.52e-02	6.99e-04
 1.11912e+23	7.73e-23	6.08e-17	8.09e-14	7.97e-12	3.48e-10	1.08e-08	1.28e-05	1.13e-03	2.16e-02	8.90e-02	2.45e-01	2.96e-01	1.54e-01	7.54e-02	1.02e-01	1.41e-02	6.31e-04
 1.12626e+23	1.08e-22	8.18e-17	1.05e-13	9.95e-12	4.16e-10	1.25e-08	1.43e-05	1.25e-03	2.34e-02	9.41e-02	2.52e-01	2.98e-01	1.51e-01	7.18e-02	9.49e-02	1.26e-02	5.46e-04
 1.13351e+23	1.37e-22	1.01e-16	1.27e-13	1.17e-11	4.77e-10	1.39e-08	1.56e-05	1.35e-03	2.49e-02	9.80e-02	2.57e-01	2.99e-01	1.48e-01	6.92e-02	8.98e-02	1.16e-02	4.91e-04
 1.14090e+23	1.89e-22	1.35e-16	1.64e-13	1.46e-11	5.70e-10	1.60e-08	1.74e-05	1.49e-03	2.69e-02	1.03e-01	2.64e-01	3.00e-01	1.45e-01	6.58e-02	8.32e-02	1.04e-02	4.25e-04
 1.14852e+23	2.45e-22	1.71e-16	2.02e-13	1.74e-11	6.60e-10	1.80e-08	1.91e-05	1.61e-03	2.87e-02	1.08e-01	2.69e-01	3.00e-01	1.42e-01	6.30e-02	7.81e-02	9.49e-03	3.78e-04
 1.15644e+23	3.39e-22	2.28e-16	2.62e-13	2.17e-11	7.93e-10	2.09e-08	2.14e-05	1.78e-03	3.10e-02	1.13e-01	2.76e-01	3.00e-01	1.38e-01	5.97e-02	7.21e-02	8.46e-03	3.25e-04
 1.16461e+23	4.47e-22	2.92e-16	3.26e-13	2.62e-11	9.26e-10	2.37e-08	2.35e-05	1.94e-03	3.31e-02	1.18e-01	2.81e-01	2.99e-01	1.35e-01	5.69e-02	6.72e-02	7.66e-03	2.86e-04
 1.17311e+23	6.25e-22	3.95e-16	4.26e-13	3.30e-11	1.12e-09	2.76e-08	2.65e-05	2.14e-03	3.59e-02	1.24e-01	2.87e-01	2.98e-01	1.30e-01	5.35e-02	6.16e-02	6.78e-03	2.44e-04
 1.18184e+23	8.30e-22	5.08e-16	5.34e-13	4.01e-11	1.32e-09	3.15e-08	2.93e-05	2.33e-03	3.83e-02	1.30e-01	2.92e-01	2.97e-01	1.27e-01	5.08e-02	5.72e-02	6.10e-03	2.13e-04
 1.19086e+23	1.17e-21	6.94e-16	7.05e-13	5.10e-11	1.61e-09	3.69e-08	3.32e-05	2.59e-03	4.16e-02	1.37e-01	2.98e-01	2.94e-01	1.22e-01	4.76e-02	5.22e-02	5.36e-03	1.80e-04
 1.20017e+23	1.57e-21	9.03e-16	8.92e-13	6.24e-11	1.90e-09	4.23e-08	3.68e-05	2.83e-03	4.45e-02	1.42e-01	3.02e-01	2.92e-01	1.18e-01	4.49e-02	4.81e-02	4.79e-03	1.56e-04
 1.20986e+23	2.26e-21	1.25e-15	1.19e-12	8.02e-11	2.34e-09	5.02e-08	4.19e-05	3.16e-03	4.83e-02	1.50e-01	3.08e-01	2.89e-01	1.13e-01	4.18e-02	4.35e-02	4.16e-03	1.31e-04
 1.21986e+23	3.07e-21	1.64e-15	1.53e-12	9.93e-11	2.80e-09	5.79e-08	4.68e-05	3.46e-03	5.17e-02	1.56e-01	3.12e-01	2.86e-01	1.09e-01	3.92e-02	3.99e-02	3.69e-03	1.12e-04
 1.22889e+23	4.10e-21	2.13e-15	1.92e-12	1.21e-10	3.32e-09	6.65e-08	5.21e-05	3.77e-03	5.52e-02	1.62e-01	3.15e-01	2.82e-01	1.05e-01	3.69e-02	3.67e-02	3.28e-03	9.65e-05
 1.23923e+23	6.06e-21	3.02e-15	2.63e-12	1.59e-10	4.15e-09	7.97e-08	5.98e-05	4.22e-03	6.01e-02	1.70e-01	3.19e-01	2.77e-01	9.94e-02	3.40e-02	3.27e-02	2.80e-03	7.89e-05
 1.24967e+23	8.09e-21	3.91e-15	3.32e-12	1.95e-10	4.92e-09	9.15e-08	6.65e-05	4.61e-03	6.40e-02	1.76e-01	3.22e-01	2.73e-01	9.54e-02	3.18e-02	3.00e-02	2.49e-03	6.79e-05
 1.26021e+23	1.19e-20	5.52e-15	4.51e-12	2.54e-10	6.14e-09	1.09e-07	7.62e-05	5.14e-03	6.94e-02	1.85e-01	3.25e-01	2.67e-01	9.02e-02	2.92e-02	2.67e-02	2.12e-03	5.55e-05
 1.27098e+23	1.62e-20	7.29e-15	5.79e-12	3.15e-10	7.34e-09	1.27e-07	8.52e-05	5.63e-03	7.40e-02	1.91e-01	3.27e-01	2.62e-01	8.61e-02	2.72e-02	2.43e-02	1.86e-03	4.70e-05
 1.28205e+23	2.39e-20	1.03e-14	7.92e-12	4.13e-10	9.21e-09	1.52e-07	9.79e-05	6.29e-03	8.02e-02	2.00e-01	3.29e-01	2.56e-01	8.10e-02	2.48e-02	2.15e-02	1.58e-03	3.81e-05
 1.29334e+23	3.32e-20	1.39e-14	1.03e-11	5.17e-10	1.11e-08	1.77e-07	1.10e-04	6.90e-03	8.57e-02	2.07e-01	3.30e-01	2.50e-01	7.69e-02	2.29e-02	1.93e-02	1.37e-03	3.18e-05
 1.30339e+23	4.56e-20	1.85e-14	1.33e-11	6.45e-10	1.34e-08	2.06e-07	1.23e-04	7.53e-03	9.12e-02	2.13e-01	3.31e-01	2.44e-01	7.29e-02	2.12e-02	1.74e-02	1.19e-03	2.67e-05
 1.31490e+23	6.91e-20	2.68e-14	1.85e-11	8.58e-10	1.69e-08	2.50e-07	1.42e-04	8.44e-03	9.88e-02	2.22e-01	3.31e-01	2.36e-01	6.80e-02	1.91e-02	1.52e-02	9.89e-04	2.12e-05
 1.32583e+23	9.08e-20	3.42e-14	2.31e-11	1.04e-09	1.99e-08	2.84e-07	1.57e-04	9.11e-03	1.04e-01	2.28e-01	3.31e-01	2.30e-01	6.47e-02	1.78e-02	1.39e-02	8.74e-04	1.81e-05
 1.33602e+23	9.00e-21	4.80e-14	3.12e-11	1.34e-09	2.46e-08	3.37e-07	1.78e-04	1.01e-02	1.12e-01	2.36e-01	3.30e-01	2.23e-01	6.06e-02	1.62e-02	1.22e-02	7.37e-04	1.46e-05
 1.34623e+23	1.23e-20	6.16e-14	3.89e-11	1.63e-09	2.88e-08	3.85e-07	1.96e-04	1.09e-02	1.17e-01	2.41e-01	3.29e-01	2.17e-01	5.75e-02	1.51e-02	1.11e-02	6.48e-04	1.25e-05
 1.35648e+23	1.86e-20	8.58e-14	5.22e-11	2.09e-09	3.56e-08	4.56e-07	2.22e-04	1.20e-02	1.25e-01	2.48e-01	3.27e-01	2.10e-01	5.37e-02	1.37e-02	9.78e-03	5.46e-04	1.01e-05
 1.36696e+23	2.64e-20	1.13e-13	6.66e-11	2.58e-09	4.23e-08	5.25e-07	2.47e-04	1.30e-02	1.32e-01	2.54e-01	3.24e-01	2.03e-01	5.07e-02	1.26e-02	8.79e-03	4.73e-04	8.41e-06
 1.37775e+23	4.19e-20	1.61e-13	9.14e-11	3.38e-09	5.29e-08	6.30e-07	2.82e-04	1.44e-02	1.42e-01	2.61e-01	3.21e-01	1.95e-01	4.69e-02	1.13e-02	7.64e-03	3.92e-04	6.64e-06
 1.38860e+23	6.03e-20	2.11e-13	1.16e-10	4.16e-09	6.29e-08	7.26e-07	3.13e-04	1.55e-02	1.49e-01	2.67e-01	3.18e-01	1.89e-01	4.41e-02	1.04e-02	6.85e-03	3.39e-04	5.54e-06
 1.39952e+23	9.92e-20	3.02e-13	1.60e-10	5.47e-09	7.90e-08	8.75e-07	3.59e-04	1.72e-02	1.59e-01	2.73e-01	3.13e-01	1.81e-01	4.06e-02	9.31e-03	5.92e-03	2.79e-04	4.34e-06
 1.41065e+23	1.51e-19	4.03e-13	2.07e-10	6.83e-09	9.50e-08	1.02e-06	4.01e-04	1.87e-02	1.68e-01	2.78e-01	3.09e-01	1.74e-01	3.80e-02	8.50e-03	5.25e-03	2.38e-04	3.56e-06
 1.42206e+23	2.70e-19	5.87e-13	2.89e-10	9.10e-09	1.21e-07	1.24e-06	4.64e-04	2.09e-02	1.79e-01	2.84e-01	3.03e-01	1.65e-01	3.47e-02	7.53e-03	4.48e-03	1.93e-04	2.74e-06
 1.43368e+23	4.48e-19	7.94e-13	3.78e-10	1.15e-08	1.47e-07	1.46e-06	5.22e-04	2.27e-02	1.89e-01	2.89e-01	2.98e-01	1.58e-01	3.21e-02	6.82e-03	3.94e-03	1.63e-04	2.22e-06
 1.44560e+23	9.40e-19	1.18e-12	5.36e-10	1.55e-08	1.89e-07	1.80e-06	6.09e-04	2.55e-02	2.02e-01	2.94e-01	2.90e-01	1.49e-01	2.91e-02	5.98e-03	3.32e-03	1.30e-04	1.67e-06
 1.45766e+23	1.76e-18	1.60e-12	7.07e-10	1.98e-08	2.32e-07	2.13e-06	6.89e-04	2.79e-02	2.13e-01	2.98e-01	2.84e-01	1.42e-01	2.68e-02	5.37e-03	2.89e-03	1.08e-04	1.33e-06
 1.46782e+23	1.66e-18	2.13e-12	9.09e-10	2.46e-08	2.79e-07	2.49e-06	7.72e-04	3.03e-02	2.23e-01	3.01e-01	2.78e-01	1.35e-01	2.48e-02	4.87e-03	2.54e-03	9.11e-05	1.08e-06
 1.47895e+23	3.76e-18	3.06e-12	1.26e-09	3.27e-08	3.56e-07	3.05e-06	8.97e-04	3.37e-02	2.36e-01	3.04e-01	2.69e-01	1.27e-01	2.24e-02	4.27e-03	2.15e-03	7.29e-05	8.21e-07
 1.49014e+23	6.98e-18	4.06e-12	1.62e-09	4.08e-08	4.30e-07	3.59e-06	1.01e-03	3.67e-02	2.47e-01	3.06e-01	2.62e-01	1.21e-01	2.06e-02	3.85e-03	1.88e-03	6.11e-05	6.60e-07
 1.50107e+23	1.34e-17	5.71e-12	2.21e-09	5.35e-08	5.43e-07	4.38e-06	1.17e-03	4.07e-02	2.60e-01	3.08e-01	2.53e-01	1.13e-01	1.85e-02	3.37e-03	1.58e-03	4.90e-05	5.03e-07
 1.51222e+23	2.15e-17	7.62e-12	2.86e-09	6.74e-08	6.63e-07	5.20e-06	1.32e-03	4.44e-02	2.72e-01	3.09e-01	2.45e-01	1.07e-01	1.69e-02	3.01e-03	1.37e-03	4.05e-05	3.98e-07
 1.52318e+23	3.46e-17	1.05e-11	3.84e-09	8.77e-08	8.34e-07	6.33e-06	1.53e-03	4.92e-02	2.86e-01	3.09e-01	2.35e-01	9.95e-02	1.52e-02	2.64e-03	1.15e-03	3.25e-05	3.03e-07
 1.53436e+23	5.13e-17	1.41e-11	5.01e-09	1.11e-07	1.03e-06	7.59e-06	1.75e-03	5.40e-02	2.99e-01	3.09e-01	2.26e-01	9.31e-02	1.37e-02	2.33e-03	9.85e-04	2.64e-05	2.36e-07
 1.54532e+23	7.55e-17	1.91e-11	6.60e-09	1.43e-07	1.28e-06	9.20e-06	2.01e-03	5.96e-02	3.12e-01	3.08e-01	2.16e-01	8.65e-02	1.23e-02	2.04e-03	8.30e-04	2.12e-05	1.80e-07
 1.55628e+23	1.06e-16	2.53e-11	8.52e-09	1.81e-07	1.57e-06	1.10e-05	2.30e-03	6.52e-02	3.25e-01	3.06e-01	2.07e-01	8.05e-02	1.10e-02	1.79e-03	7.05e-04	1.72e-05	1.39e-07
 1.56731e+23	1.50e-16	3.37e-11	1.11e-08	2.31e-07	1.96e-06	1.34e-05	2.64e-03	7.18e-02	3.39e-01	3.03e-01	1.97e-01	7.43e-02	9.82e-03	1.55e-03	5.91e-04	1.37e-05	0.00e+00
 1.57845e+23	2.06e-16	4.42e-11	1.43e-08	2.92e-07	2.41e-06	1.61e-05	3.03e-03	7.88e-02	3.52e-01	3.00e-01	1.87e-01	6.86e-02	8.74e-03	1.35e-03	4.96e-04	1.10e-05	0.00e+00
 1.58940e+23	3.03e-16	5.76e-11	1.83e-08	3.67e-07	2.96e-06	1.93e-05	3.46e-03	8.63e-02	3.64e-01	2.96e-01	1.77e-01	6.31e-02	7.76e-03	1.17e-03	4.16e-04	8.76e-06	0.00e+00
 1.60036e+23	3.98e-16	7.43e-11	2.33e-08	4.60e-07	3.63e-06	2.32e-05	3.96e-03	9.43e-02	3.76e-01	2.92e-01	1.68e-01	5.79e-02	6.87e-03	1.02e-03	3.48e-04	6.98e-06	0.00e+00
 1.61138e+23	5.19e-16	9.54e-11	2.95e-08	5.76e-07	4.45e-06	2.79e-05	4.52e-03	1.03e-01	3.88e-01	2.86e-01	1.58e-01	5.29e-02	6.06e-03	8.76e-04	2.89e-04	5.54e-06	0.00e+00
 1.62248e+23	6.71e-16	1.21e-10	3.72e-08	7.18e-07	5.43e-06	3.35e-05	5.15e-03	1.12e-01	3.99e-01	2.80e-01	1.48e-01	4.82e-02	5.33e-03	7.53e-04	2.40e-04	4.38e-06	0.00e+00
 1.63369e+23	8.60e-16	1.54e-10	4.67e-08	8.93e-07	6.63e-06	4.01e-05	5.87e-03	1.22e-01	4.10e-01	2.74e-01	1.39e-01	4.38e-02	4.67e-03	6.44e-04	1.99e-04	3.45e-06	0.00e+00
 1.64498e+23	1.09e-15	1.93e-10	5.82e-08	1.11e-06	8.05e-06	4.79e-05	6.67e-03	1.33e-01	4.20e-01	2.67e-01	1.30e-01	3.96e-02	4.08e-03	5.50e-04	1.64e-04	2.71e-06	0.00e+00
 1.65644e+23	1.38e-15	2.41e-10	7.24e-08	1.37e-06	9.80e-06	5.75e-05	7.59e-03	1.44e-01	4.29e-01	2.59e-01	1.21e-01	3.57e-02	3.54e-03	4.66e-04	1.34e-04	2.11e-06	0.00e+00
 1.66801e+23	1.72e-15	2.98e-10	8.94e-08	1.68e-06	1.18e-05	6.84e-05	8.60e-03	1.56e-01	4.37e-01	2.51e-01	1.12e-01	3.21e-02	3.08e-03	3.95e-04	1.10e-04	1.65e-06	0.00e+00
 1.67981e+23	2.14e-15	3.68e-10	1.11e-07	2.08e-06	1.44e-05	8.20e-05	9.77e-03	1.69e-01	4.44e-01	2.42e-01	1.03e-01	2.86e-02	2.65e-03	3.32e-04	8.92e-05	1.27e-06	0.00e+00
 1.69180e+23	2.64e-15	4.51e-10	1.36e-07	2.55e-06	1.73e-05	9.76e-05	1.10e-02	1.81e-01	4.50e-01	2.33e-01	9.54e-02	2.56e-02	2.28e-03	2.79e-04	7.25e-05	9.84e-07	0.00e+00
 1.70279e+23	3.12e-15	5.31e-10	1.60e-07	3.01e-06	2.02e-05	1.13e-04	1.22e-02	1.93e-01	4.55e-01	2.26e-01	8.89e-02	2.32e-02	2.01e-03	2.40e-04	6.08e-05	7.91e-07	0.00e+00
 1.71426e+23	3.82e-15	6.49e-10	1.97e-07	3.70e-06	2.45e-05	1.35e-04	1.38e-02	2.08e-01	4.59e-01	2.16e-01	8.11e-02	2.04e-02	1.71e-03	1.99e-04	4.85e-05	5.98e-07	0.00e+00
 1.72593e+23	4.49e-15	7.61e-10	2.32e-07	4.37e-06	2.86e-05	1.56e-04	1.53e-02	2.20e-01	4.61e-01	2.08e-01	7.53e-02	1.84e-02	1.50e-03	1.70e-04	4.04e-05	4.78e-07	0.00e+00
 1.73795e+23	5.47e-15	9.26e-10	2.85e-07	5.37e-06	3.46e-05	1.87e-04	1.73e-02	2.36e-01	4.63e-01	1.98e-01	6.81e-02	1.61e-02	1.26e-03	1.39e-04	3.19e-05	3.57e-07	0.00e+00
 1.75004e+23	6.35e-15	1.07e-09	3.33e-07	6.30e-06	4.01e-05	2.15e-04	1.90e-02	2.48e-01	4.64e-01	1.90e-01	6.29e-02	1.44e-02	1.10e-03	1.18e-04	2.64e-05	2.84e-07	0.00e+00
 1.76221e+23	7.61e-15	1.29e-09	4.05e-07	7.69e-06	4.83e-05	2.57e-04	2.14e-02	2.65e-01	4.63e-01	1.79e-01	5.67e-02	1.25e-02	9.19e-04	9.62e-05	2.07e-05	2.11e-07	0.00e+00
 1.77442e+23	8.77e-15	1.48e-09	4.71e-07	8.95e-06	5.55e-05	2.93e-04	2.34e-02	2.78e-01	4.62e-01	1.72e-01	5.23e-02	1.12e-02	8.01e-04	8.20e-05	1.72e-05	1.68e-07	0.00e+00
 1.78668e+23	1.04e-14	1.76e-09	5.67e-07	1.08e-05	6.63e-05	3.47e-04	2.63e-02	2.95e-01	4.59e-01	1.62e-01	4.69e-02	9.73e-03	6.70e-04	6.65e-05	1.35e-05	1.25e-07	0.00e+00
 1.79906e+23	1.19e-14	2.02e-09	6.57e-07	1.26e-05	7.59e-05	3.95e-04	2.86e-02	3.08e-01	4.56e-01	1.54e-01	4.31e-02	8.69e-03	5.82e-04	5.65e-05	1.12e-05	0.00e+00	0.00e+00
 1.81161e+23	1.40e-14	2.39e-09	7.88e-07	1.52e-05	9.03e-05	4.67e-04	3.19e-02	3.25e-01	4.51e-01	1.44e-01	3.85e-02	7.49e-03	4.84e-04	4.55e-05	8.73e-06	0.00e+00	0.00e+00
 1.82431e+23	1.59e-14	2.72e-09	9.10e-07	1.75e-05	1.03e-04	5.31e-04	3.47e-02	3.39e-01	4.47e-01	1.37e-01	3.52e-02	6.66e-03	4.18e-04	3.85e-05	7.19e-06	0.00e+00	0.00e+00
 1.83723e+23	1.86e-14	3.20e-09	1.09e-06	2.11e-05	1.22e-04	6.26e-04	3.86e-02	3.56e-01	4.39e-01	1.28e-01	3.13e-02	5.71e-03	3.46e-04	3.08e-05	5.57e-06	0.00e+00	0.00e+00
 1.85037e+23	2.12e-14	3.66e-09	1.26e-06	2.44e-05	1.40e-04	7.10e-04	4.19e-02	3.69e-01	4.33e-01	1.21e-01	2.85e-02	5.05e-03	2.98e-04	2.59e-05	4.56e-06	0.00e+00	0.00e+00
 1.86382e+23	2.48e-14	4.30e-09	1.51e-06	2.93e-05	1.65e-04	8.37e-04	4.64e-02	3.86e-01	4.24e-01	1.12e-01	2.52e-02	4.30e-03	2.44e-04	2.06e-05	3.50e-06	0.00e+00	0.00e+00
 1.87757e+23	2.83e-14	4.93e-09	1.75e-06	3.40e-05	1.89e-04	9.50e-04	5.03e-02	4.00e-01	4.16e-01	1.06e-01	2.28e-02	3.78e-03	2.08e-04	1.71e-05	2.84e-06	0.00e+00	0.00e+00
 1.89171e+23	3.30e-14	5.81e-09	2.10e-06	4.09e-05	2.23e-04	1.12e-03	5.58e-02	4.17e-01	4.05e-01	9.72e-02	1.99e-02	3.18e-03	1.69e-04	1.34e-05	2.15e-06	0.00e+00	0.00e+00
 1.90616e+23	3.79e-14	6.68e-09	2.44e-06	4.75e-05	2.55e-04	1.27e-03	6.03e-02	4.30e-01	3.96e-01	9.09e-02	1.79e-02	2.78e-03	1.43e-04	1.11e-05	1.73e-06	0.00e+00	0.00e+00
 1.91832e+23	4.25e-14	7.53e-09	2.78e-06	5.40e-05	2.86e-04	1.42e-03	6.46e-02	4.41e-01	3.88e-01	8.56e-02	1.63e-02	2.46e-03	1.24e-04	9.35e-06	1.43e-06	0.00e+00	0.00e+00
 1.93141e+23	4.90e-14	8.74e-09	3.28e-06	6.37e-05	3.32e-04	1.64e-03	7.05e-02	4.56e-01	3.76e-01	7.90e-02	1.44e-02	2.10e-03	1.02e-04	7.49e-06	1.11e-06	0.00e+00	0.00e+00
 1.94420e+23	5.48e-14	9.79e-09	3.70e-06	7.18e-05	3.68e-04	1.81e-03	7.49e-02	4.65e-01	3.68e-01	7.46e-02	1.32e-02	1.87e-03	8.87e-05	6.38e-06	9.22e-07	0.00e+00	0.00e+00
 1.95659e+23	6.22e-14	1.12e-08	4.31e-06	8.35e-05	4.21e-04	2.07e-03	8.11e-02	4.78e-01	3.56e-01	6.89e-02	1.17e-02	1.61e-03	7.38e-05	5.16e-06	7.25e-07	0.00e+00	0.00e+00
 1.96910e+23	7.01e-14	1.27e-08	4.88e-06	9.41e-05	4.67e-04	2.28e-03	8.59e-02	4.87e-01	3.47e-01	6.49e-02	1.06e-02	1.43e-03	6.42e-05	4.39e-06	6.04e-07	0.00e+00	0.00e+00
 1.98177e+23	8.02e-14	1.46e-08	5.70e-06	1.09e-04	5.33e-04	2.60e-03	9.27e-02	4.98e-01	3.35e-01	5.99e-02	9.41e-03	1.23e-03	5.32e-05	3.55e-06	4.73e-07	0.00e+00	0.00e+00
 1.99461e+23	9.07e-14	1.65e-08	6.47e-06	1.23e-04	5.91e-04	2.86e-03	9.81e-02	5.06e-01	3.26e-01	5.62e-02	8.56e-03	1.09e-03	4.61e-05	3.00e-06	3.92e-07	0.00e+00	0.00e+00
 2.00769e+23	1.04e-13	1.91e-08	7.58e-06	1.44e-04	6.74e-04	3.25e-03	1.06e-01	5.17e-01	3.14e-01	5.16e-02	7.53e-03	9.28e-04	3.80e-05	2.41e-06	3.05e-07	0.00e+00	0.00e+00
 2.02095e+23	1.19e-13	2.18e-08	8.65e-06	1.63e-04	7.47e-04	3.58e-03	1.12e-01	5.24e-01	3.04e-01	4.83e-02	6.82e-03	8.20e-04	3.27e-05	2.03e-06	2.52e-07	0.00e+00	0.00e+00
 2.03446e+23	1.38e-13	2.54e-08	1.02e-05	1.90e-04	8.52e-04	4.07e-03	1.20e-01	5.33e-01	2.91e-01	4.41e-02	5.97e-03	6.94e-04	2.68e-05	1.62e-06	1.94e-07	0.00e+00	0.00e+00
 2.04820e+23	1.58e-13	2.92e-08	1.17e-05	2.15e-04	9.46e-04	4.48e-03	1.27e-01	5.39e-01	2.82e-01	4.11e-02	5.39e-03	6.11e-04	2.30e-05	1.36e-06	1.59e-07	0.00e+00	0.00e+00
 2.06223e+23	1.85e-13	3.43e-08	1.38e-05	2.52e-04	1.08e-03	5.09e-03	1.36e-01	5.47e-01	2.68e-01	3.73e-02	4.69e-03	5.14e-04	1.87e-05	1.07e-06	1.22e-07	0.00e+00	0.00e+00
 2.07655e+23	2.15e-13	3.97e-08	1.59e-05	2.86e-04	1.20e-03	5.60e-03	1.43e-01	5.52e-01	2.59e-01	3.46e-02	4.21e-03	4.49e-04	1.59e-05	8.92e-07	0.00e+00	0.00e+00	0.00e+00
 2.09127e+23	2.54e-13	4.72e-08	1.90e-05	3.37e-04	1.37e-03	6.38e-03	1.54e-01	5.58e-01	2.45e-01	3.12e-02	3.63e-03	3.75e-04	1.28e-05	6.97e-07	0.00e+00	0.00e+00	0.00e+00
 2.10637e+23	2.97e-13	5.52e-08	2.20e-05	3.85e-04	1.53e-03	7.05e-03	1.62e-01	5.61e-01	2.35e-01	2.88e-02	3.23e-03	3.24e-04	1.08e-05	5.73e-07	0.00e+00	0.00e+00	0.00e+00
 2.12196e+23	3.60e-13	6.69e-08	2.66e-05	4.56e-04	1.75e-03	8.03e-03	1.74e-01	5.65e-01	2.22e-01	2.58e-02	2.77e-03	2.68e-04	8.57e-06	4.43e-07	0.00e+00	0.00e+00	0.00e+00
 2.13778e+23	4.26e-13	7.88e-08	3.10e-05	5.23e-04	1.96e-03	8.87e-03	1.83e-01	5.68e-01	2.11e-01	2.37e-02	2.45e-03	2.31e-04	7.16e-06	3.62e-07	0.00e+00	0.00e+00	0.00e+00
 2.15389e+23	5.22e-13	9.66e-08	3.77e-05	6.22e-04	2.24e-03	1.01e-02	1.96e-01	5.69e-01	1.98e-01	2.11e-02	2.09e-03	1.89e-04	5.67e-06	2.77e-07	0.00e+00	0.00e+00	0.00e+00
 2.17020e+23	6.26e-13	1.15e-07	4.43e-05	7.15e-04	2.50e-03	1.11e-02	2.06e-01	5.70e-01	1.89e-01	1.93e-02	1.85e-03	1.63e-04	4.72e-06	2.26e-07	0.00e+00	0.00e+00	0.00e+00
 2.18676e+23	7.75e-13	1.42e-07	5.40e-05	8.51e-04	2.87e-03	1.26e-02	2.19e-01	5.69e-01	1.76e-01	1.71e-02	1.56e-03	1.33e-04	3.70e-06	1.72e-07	0.00e+00	0.00e+00	0.00e+00
 2.20356e+23	9.41e-13	1.71e-07	6.37e-05	9.80e-04	3.20e-03	1.39e-02	2.30e-01	5.68e-01	1.67e-01	1.56e-02	1.37e-03	1.13e-04	3.07e-06	1.39e-07	0.00e+00	0.00e+00	0.00e+00
 2.21829e+23	1.12e-12	2.03e-07	7.46e-05	1.12e-03	3.55e-03	1.53e-02	2.41e-01	5.66e-01	1.58e-01	1.42e-02	1.21e-03	9.65e-05	2.54e-06	0.00e+00	0.00e+00	0.00e+00	0.00e+00
 2.23508e+23	1.42e-12	2.54e-07	9.15e-05	1.34e-03	4.05e-03	1.72e-02	2.55e-01	5.62e-01	1.47e-01	1.25e-02	1.02e-03	7.88e-05	2.00e-06	0.00e+00	0.00e+00	0.00e+00	0.00e+00
 2.25221e+23	1.72e-12	3.06e-07	1.08e-04	1.54e-03	4.51e-03	1.90e-02	2.67e-01	5.58e-01	1.38e-01	1.13e-02	8.88e-04	6.64e-05	1.63e-06	0.00e+00	0.00e+00	0.00e+00	0.00e+00
 2.26614e+23	2.05e-12	3.60e-07	1.25e-04	1.74e-03	4.94e-03	2.05e-02	2.76e-01	5.54e-01	1.31e-01	1.04e-02	7.90e-04	5.76e-05	1.38e-06	0.00e+00	0.00e+00	0.00e+00	0.00e+00
 2.28058e+23	2.52e-12	4.38e-07	1.48e-04	2.00e-03	5.49e-03	2.25e-02	2.88e-01	5.49e-01	1.23e-01	9.34e-03	6.88e-04	4.87e-05	1.13e-06	0.00e+00	0.00e+00	0.00e+00	0.00e+00
 2.29579e+23	3.04e-12	5.22e-07	1.73e-04	2.27e-03	6.03e-03	2.44e-02	2.99e-01	5.43e-01	1.16e-01	8.50e-03	6.07e-04	4.18e-05	9.44e-07	0.00e+00	0.00e+00	0.00e+00	0.00e+00
 2.30974e+23	3.65e-12	6.19e-07	2.00e-04	2.57e-03	6.61e-03	2.64e-02	3.09e-01	5.37e-01	1.09e-01	7.74e-03	5.36e-04	3.60e-05	7.91e-07	0.00e+00	0.00e+00	0.00e+00	0.00e+00
 2.32564e+23	4.62e-12	7.72e-07	2.42e-04	3.01e-03	7.40e-03	2.92e-02	3.23e-01	5.28e-01	1.02e-01	6.88e-03	4.59e-04	2.98e-05	6.33e-07	0.00e+00	0.00e+00	0.00e+00	0.00e+00
 2.34197e+23	5.65e-12	9.32e-07	2.85e-04	3.44e-03	8.17e-03	3.18e-02	3.35e-01	5.20e-01	9.49e-02	6.18e-03	3.98e-04	2.51e-05	5.18e-07	0.00e+00	0.00e+00	0.00e+00	0.00e+00
 2.35631e+23	6.86e-12	1.11e-06	3.32e-04	3.89e-03	8.93e-03	3.43e-02	3.45e-01	5.12e-01	8.92e-02	5.61e-03	3.51e-04	2.15e-05	4.32e-07	0.00e+00	0.00e+00	0.00e+00	0.00e+00
 2.37241e+23	8.77e-12	1.39e-06	4.01e-04	4.54e-03	9.97e-03	3.76e-02	3.58e-01	5.02e-01	8.24e-02	4.97e-03	2.99e-04	1.78e-05	3.45e-07	0.00e+00	0.00e+00	0.00e+00	0.00e+00
 2.38932e+23	1.09e-11	1.71e-06	4.76e-04	5.21e-03	1.10e-02	4.10e-02	3.70e-01	4.91e-01	7.64e-02	4.43e-03	2.58e-04	1.48e-05	2.79e-07	0.00e+00	0.00e+00	0.00e+00	0.00e+00
 2.40465e+23	1.35e-11	2.07e-06	5.58e-04	5.93e-03	1.21e-02	4.42e-02	3.80e-01	4.81e-01	7.12e-02	3.99e-03	2.25e-04	1.26e-05	2.30e-07	0.00e+00	0.00e+00	0.00e+00	0.00e+00
 2.42194e+23	1.76e-11	2.63e-06	6.84e-04	6.96e-03	1.35e-02	4.85e-02	3.93e-01	4.68e-01	6.51e-02	3.49e-03	1.89e-04	1.02e-05	1.80e-07	0.00e+00	0.00e+00	0.00e+00	0.00e+00
 2.43980e+23	2.23e-11	3.26e-06	8.15e-04	8.01e-03	1.49e-02	5.27e-02	4.05e-01	4.56e-01	5.99e-02	3.09e-03	1.61e-04	8.46e-06	1.45e-07	0.00e+00	0.00e+00	0.00e+00	0.00e+00
 2.45570e+23	2.78e-11	3.97e-06	9.61e-04	9.13e-03	1.63e-02	5.67e-02	4.15e-01	4.44e-01	5.54e-02	2.76e-03	1.39e-04	7.10e-06	0.00e+00	0.00e+00	0.00e+00	0.00e+00	0.00e+00
 2.47368e+23	3.68e-11	5.11e-06	1.18e-03	1.07e-02	1.83e-02	6.21e-02	4.27e-01	4.28e-01	5.02e-02	2.39e-03	1.16e-04	5.70e-06	0.00e+00	0.00e+00	0.00e+00	0.00e+00	0.00e+00
 2.49238e+23	4.73e-11	6.39e-06	1.42e-03	1.24e-02	2.01e-02	6.73e-02	4.37e-01	4.14e-01	4.57e-02	2.09e-03	9.79e-05	4.66e-06	0.00e+00	0.00e+00	0.00e+00	0.00e+00	0.00e+00
 2.50921e+23	5.99e-11	7.87e-06	1.68e-03	1.42e-02	2.20e-02	7.24e-02	4.46e-01	4.00e-01	4.19e-02	1.85e-03	8.36e-05	3.86e-06	0.00e+00	0.00e+00	0.00e+00	0.00e+00	0.00e+00
 2.52828e+23	8.13e-11	1.03e-05	2.09e-03	1.68e-02	2.47e-02	7.92e-02	4.56e-01	3.82e-01	3.74e-02	1.57e-03	6.82e-05	3.03e-06	0.00e+00	0.00e+00	0.00e+00	0.00e+00	0.00e+00
 2.54795e+23	1.05e-10	1.29e-05	2.51e-03	1.93e-02	2.72e-02	8.54e-02	4.64e-01	3.66e-01	3.38e-02	1.37e-03	5.72e-05	2.46e-06	0.00e+00	0.00e+00	0.00e+00	0.00e+00	0.00e+00
 2.56567e+23	1.36e-10	1.61e-05	3.00e-03	2.21e-02	2.97e-02	9.16e-02	4.71e-01	3.51e-01	3.06e-02	1.20e-03	4.82e-05	2.01e-06	0.00e+00	0.00e+00	0.00e+00	0.00e+00	0.00e+00
 2.58596e+23	1.88e-10	2.13e-05	3.75e-03	2.62e-02	3.32e-02	9.99e-02	4.79e-01	3.31e-01	2.68e-02	1.00e-03	3.85e-05	1.54e-06	0.00e+00	0.00e+00	0.00e+00	0.00e+00	0.00e+00
 2.60653e+23	2.45e-10	2.69e-05	4.50e-03	3.02e-02	3.64e-02	1.07e-01	4.83e-01	3.14e-01	2.39e-02	8.62e-04	3.18e-05	1.24e-06	0.00e+00	0.00e+00	0.00e+00	0.00e+00	0.00e+00
 2.62472e+23	3.18e-10	3.36e-05	5.37e-03	3.44e-02	3.96e-02	1.14e-01	4.87e-01	2.98e-01	2.14e-02	7.46e-04	2.66e-05	1.00e-06	0.00e+00	0.00e+00	0.00e+00	0.00e+00	0.00e+00
 2.64562e+23	4.44e-10	4.46e-05	6.72e-03	4.07e-02	4.40e-02	1.23e-01	4.89e-01	2.77e-01	1.85e-02	6.16e-04	2.09e-05	7.55e-07	0.00e+00	0.00e+00	0.00e+00	0.00e+00	0.00e+00
 2.66683e+23	5.82e-10	5.62e-05	8.04e-03	4.65e-02	4.78e-02	1.31e-01	4.89e-01	2.60e-01	1.63e-02	5.25e-04	1.71e-05	5.98e-07	0.00e+00	0.00e+00	0.00e+00	0.00e+00	0.00e+00
 2.68843e+23	8.18e-10	7.47e-05	1.00e-02	5.48e-02	5.29e-02	1.41e-01	4.87e-01	2.39e-01	1.40e-02	4.29e-04	1.33e-05	4.48e-07	0.00e+00	0.00e+00	0.00e+00	0.00e+00	0.00e+00
 2.71046e+23	1.08e-09	9.46e-05	1.21e-02	6.26e-02	5.73e-02	1.49e-01	4.84e-01	2.22e-01	1.22e-02	3.61e-04	1.08e-05	3.50e-07	0.00e+00	0.00e+00	0.00e+00	0.00e+00	0.00e+00
 2.73002e+23	1.42e-09	1.19e-04	1.44e-02	7.10e-02	6.18e-02	1.57e-01	4.79e-01	2.06e-01	1.06e-02	3.04e-04	8.69e-06	2.73e-07	0.00e+00	0.00e+00	0.00e+00	0.00e+00	0.00e+00
 2.75246e+23	2.02e-09	1.58e-04	1.79e-02	8.30e-02	6.77e-02	1.67e-01	4.69e-01	1.86e-01	8.85e-03	2.44e-04	6.60e-06	2.00e-07	0.00e+00	0.00e+00	0.00e+00	0.00e+00	0.00e+00
 2.77528e+23	2.67e-09	1.99e-04	2.13e-02	9.39e-02	7.25e-02	1.74e-01	4.60e-01	1.70e-01	7.59e-03	2.02e-04	5.25e-06	1.54e-07	0.00e+00	0.00e+00	0.00e+00	0.00e+00	0.00e+00
 2.79859e+23	3.82e-09	2.66e-04	2.64e-02	1.09e-01	7.88e-02	1.83e-01	4.45e-01	1.51e-01	6.20e-03	1.59e-04	3.89e-06	0.00e+00	0.00e+00	0.00e+00	0.00e+00	0.00e+00	0.00e+00
 2.82138e+23	4.94e-09	3.28e-04	3.09e-02	1.21e-01	8.34e-02	1.89e-01	4.32e-01	1.37e-01	5.31e-03	1.32e-04	3.10e-06	0.00e+00	0.00e+00	0.00e+00	0.00e+00	0.00e+00	0.00e+00
 2.84348e+23	6.87e-09	4.26e-04	3.75e-02	1.38e-01	8.91e-02	1.96e-01	4.13e-01	1.21e-01	4.32e-03	1.04e-04	2.31e-06	0.00e+00	0.00e+00	0.00e+00	0.00e+00	0.00e+00	0.00e+00
 2.86483e+23	8.66e-09	5.13e-04	4.30e-02	1.51e-01	9.31e-02	2.00e-01	3.98e-01	1.10e-01	3.72e-03	8.71e-05	1.86e-06	0.00e+00	0.00e+00	0.00e+00	0.00e+00	0.00e+00	0.00e+00
 2.88521e+23	1.16e-08	6.44e-04	5.07e-02	1.69e-01	9.79e-02	2.04e-01	3.78e-01	9.65e-02	3.06e-03	6.94e-05	1.41e-06	0.00e+00	0.00e+00	0.00e+00	0.00e+00	0.00e+00	0.00e+00
 2.90571e+23	1.45e-08	7.71e-04	5.77e-02	1.83e-01	1.01e-01	2.07e-01	3.61e-01	8.67e-02	2.60e-03	5.76e-05	1.12e-06	0.00e+00	0.00e+00	0.00e+00	0.00e+00	0.00e+00	0.00e+00
 2.92636e+23	1.93e-08	9.60e-04	6.74e-02	2.01e-01	1.05e-01	2.09e-01	3.39e-01	7.52e-02	2.10e-03	4.53e-05	8.38e-07	0.00e+00	0.00e+00	0.00e+00	0.00e+00	0.00e+00	0.00e+00
 2.94744e+23	2.44e-08	1.15e-03	7.64e-02	2.17e-01	1.08e-01	2.09e-01	3.19e-01	6.65e-02	1.76e-03	3.69e-05	6.53e-07	0.00e+00	0.00e+00	0.00e+00	0.00e+00	0.00e+00	0.00e+00
 2.96623e+23	3.04e-08	1.36e-03	8.60e-02	2.33e-01	1.11e-01	2.08e-01	3.00e-01	5.87e-02	1.47e-03	3.01e-05	5.11e-07	0.00e+00	0.00e+00	0.00e+00	0.00e+00	0.00e+00	0.00e+00
 2.98779e+23	4.02e-08	1.68e-03	9.93e-02	2.53e-01	1.14e-01	2.06e-01	2.76e-01	4.96e-02	1.16e-03	2.31e-05	3.70e-07	0.00e+00	0.00e+00	0.00e+00	0.00e+00	0.00e+00	0.00e+00
 3.00962e+23	5.04e-08	1.99e-03	1.11e-01	2.69e-01	1.15e-01	2.04e-01	2.55e-01	4.30e-02	9.43e-04	1.84e-05	2.82e-07	0.00e+00	0.00e+00	0.00e+00	0.00e+00	0.00e+00	0.00e+00
 3.02888e+23	6.23e-08	2.33e-03	1.24e-01	2.84e-01	1.16e-01	2.00e-01	2.36e-01	3.72e-02	7.75e-04	1.48e-05	2.17e-07	0.00e+00	0.00e+00	0.00e+00	0.00e+00	0.00e+00	0.00e+00
 3.04752e+23	7.58e-08	2.70e-03	1.36e-01	2.98e-01	1.17e-01	1.96e-01	2.18e-01	3.24e-02	6.39e-04	1.20e-05	1.68e-07	0.00e+00	0.00e+00	0.00e+00	0.00e+00	0.00e+00	0.00e+00
 3.06475e+23	9.07e-08	3.07e-03	1.48e-01	3.10e-01	1.17e-01	1.91e-01	2.03e-01	2.84e-02	5.34e-04	9.85e-06	1.33e-07	0.00e+00	0.00e+00	0.00e+00	0.00e+00	0.00e+00	0.00e+00
 3.07931e+23	1.03e-07	3.38e-03	1.57e-01	3.18e-01	1.17e-01	1.88e-01	1.91e-01	2.56e-02	4.66e-04	8.49e-06	0.00e+00	0.00e+00	0.00e+00	0.00e+00	0.00e+00	0.00e+00	0.00e+00
