#depth	N	N+	N+2	N+3	N+4	N+5	N+6	N+7
 1.54284e+22	1.90e-28	7.44e-22	7.65e-17	8.88e-13	3.51e-09	2.32e-05	9.18e-03	9.91e-01
 3.59264e+22	2.07e-27	5.49e-21	3.87e-16	3.15e-12	8.65e-09	4.55e-05	1.32e-02	9.87e-01
 4.35308e+22	7.21e-27	1.55e-20	8.92e-16	5.97e-12	1.35e-08	6.42e-05	1.60e-02	9.84e-01
 4.76897e+22	1.64e-26	3.06e-20	1.54e-15	9.06e-12	1.79e-08	8.03e-05	1.81e-02	9.82e-01
 4.97199e+22	2.08e-26	3.72e-20	1.80e-15	1.02e-11	1.93e-08	8.55e-05	1.88e-02	9.81e-01
 5.05088e+22	2.48e-26	4.31e-20	2.03e-15	1.12e-11	2.06e-08	8.99e-05	1.93e-02	9.81e-01
 5.13894e+22	3.21e-26	5.34e-20	2.41e-15	1.27e-11	2.25e-08	9.64e-05	2.01e-02	9.80e-01
 5.23167e+22	4.02e-26	6.43e-20	2.80e-15	1.42e-11	2.43e-08	1.02e-04	2.07e-02	9.79e-01
 5.33046e+22	5.32e-26	8.11e-20	3.37e-15	1.64e-11	2.68e-08	1.11e-04	2.16e-02	9.78e-01
 5.43156e+22	6.87e-26	1.00e-19	3.99e-15	1.87e-11	2.92e-08	1.18e-04	2.25e-02	9.77e-01
 5.51680e+22	8.57e-26	1.20e-19	4.62e-15	2.09e-11	3.14e-08	1.26e-04	2.32e-02	9.77e-01
 5.60877e+22	1.12e-25	1.51e-19	5.54e-15	2.39e-11	3.45e-08	1.35e-04	2.42e-02	9.76e-01
 5.70582e+22	1.45e-25	1.86e-19	6.55e-15	2.72e-11	3.76e-08	1.45e-04	2.51e-02	9.75e-01
 5.79430e+22	1.84e-25	2.27e-19	7.69e-15	3.07e-11	4.07e-08	1.54e-04	2.60e-02	9.74e-01
 5.89418e+22	2.51e-25	2.94e-19	9.46e-15	3.59e-11	4.53e-08	1.68e-04	2.72e-02	9.73e-01
 5.99064e+22	3.15e-25	3.54e-19	1.10e-14	4.04e-11	4.90e-08	1.78e-04	2.81e-02	9.72e-01
 6.08263e+22	4.30e-25	4.59e-19	1.35e-14	4.72e-11	5.43e-08	1.94e-04	2.93e-02	9.70e-01
 6.17318e+22	5.37e-25	5.52e-19	1.57e-14	5.28e-11	5.86e-08	2.05e-04	3.03e-02	9.70e-01
 6.24717e+22	6.58e-25	6.54e-19	1.80e-14	5.86e-11	6.28e-08	2.17e-04	3.12e-02	9.69e-01
 6.32867e+22	8.70e-25	8.24e-19	2.17e-14	6.75e-11	6.90e-08	2.33e-04	3.24e-02	9.67e-01
 6.40380e+22	1.05e-24	9.67e-19	2.47e-14	7.44e-11	7.36e-08	2.45e-04	3.33e-02	9.66e-01
 6.46112e+22	1.26e-24	1.12e-18	2.78e-14	8.16e-11	7.82e-08	2.57e-04	3.41e-02	9.66e-01
 6.52608e+22	1.56e-24	1.34e-18	3.21e-14	9.09e-11	8.41e-08	2.72e-04	3.51e-02	9.65e-01
 6.59255e+22	1.89e-24	1.57e-18	3.65e-14	1.00e-10	8.98e-08	2.86e-04	3.61e-02	9.64e-01
 6.64985e+22	2.26e-24	1.83e-18	4.12e-14	1.10e-10	9.54e-08	2.99e-04	3.69e-02	9.63e-01
 6.71320e+22	2.83e-24	2.20e-18	4.79e-14	1.23e-10	1.03e-07	3.17e-04	3.81e-02	9.62e-01
 6.77762e+22	3.41e-24	2.58e-18	5.44e-14	1.36e-10	1.10e-07	3.33e-04	3.91e-02	9.61e-01
 6.83153e+22	4.09e-24	3.00e-18	6.14e-14	1.49e-10	1.17e-07	3.49e-04	4.00e-02	9.60e-01
 6.88156e+22	4.87e-24	3.47e-18	6.91e-14	1.63e-10	1.24e-07	3.65e-04	4.09e-02	9.59e-01
 6.93845e+22	6.10e-24	4.18e-18	8.04e-14	1.83e-10	1.34e-07	3.86e-04	4.21e-02	9.57e-01
 6.99595e+22	7.27e-24	4.85e-18	9.06e-14	2.00e-10	1.42e-07	4.04e-04	4.31e-02	9.56e-01
 7.05423e+22	9.13e-24	5.87e-18	1.06e-13	2.25e-10	1.54e-07	4.27e-04	4.44e-02	9.55e-01
 7.11026e+22	1.09e-23	6.78e-18	1.19e-13	2.47e-10	1.64e-07	4.46e-04	4.54e-02	9.54e-01
 7.15563e+22	1.29e-23	7.85e-18	1.34e-13	2.70e-10	1.73e-07	4.66e-04	4.64e-02	9.53e-01
 7.20688e+22	1.60e-23	9.41e-18	1.55e-13	3.02e-10	1.87e-07	4.91e-04	4.76e-02	9.52e-01
 7.25887e+22	1.91e-23	1.09e-17	1.75e-13	3.30e-10	1.99e-07	5.13e-04	4.87e-02	9.51e-01
 7.31181e+22	2.45e-23	1.34e-17	2.07e-13	3.76e-10	2.16e-07	5.45e-04	5.02e-02	9.49e-01
 7.36353e+22	2.91e-23	1.55e-17	2.33e-13	4.12e-10	2.30e-07	5.69e-04	5.13e-02	9.48e-01
 7.41368e+22	3.71e-23	1.90e-17	2.75e-13	4.66e-10	2.50e-07	6.02e-04	5.28e-02	9.47e-01
 7.46448e+22	4.48e-23	2.23e-17	3.14e-13	5.15e-10	2.67e-07	6.31e-04	5.40e-02	9.45e-01
 7.51613e+22	5.79e-23	2.77e-17	3.74e-13	5.89e-10	2.92e-07	6.70e-04	5.56e-02	9.44e-01
 7.56815e+22	7.11e-23	3.30e-17	4.31e-13	6.56e-10	3.13e-07	7.03e-04	5.70e-02	9.42e-01
 7.61241e+22	8.57e-23	3.86e-17	4.90e-13	7.24e-10	3.35e-07	7.35e-04	5.82e-02	9.41e-01
 7.66166e+22	1.13e-22	4.89e-17	5.94e-13	8.38e-10	3.69e-07	7.84e-04	6.01e-02	9.39e-01
 7.71006e+22	1.37e-22	5.72e-17	6.76e-13	9.25e-10	3.94e-07	8.19e-04	6.14e-02	9.38e-01
 7.75735e+22	1.79e-22	7.21e-17	8.17e-13	1.07e-09	4.33e-07	8.72e-04	6.33e-02	9.36e-01
 7.80375e+22	2.15e-22	8.39e-17	9.25e-13	1.17e-09	4.62e-07	9.09e-04	6.46e-02	9.35e-01
 7.84900e+22	2.85e-22	1.07e-16	1.13e-12	1.36e-09	5.10e-07	9.69e-04	6.66e-02	9.32e-01
 7.89385e+22	3.43e-22	1.25e-16	1.28e-12	1.51e-09	5.45e-07	1.01e-03	6.80e-02	9.31e-01
 7.93818e+22	4.57e-22	1.59e-16	1.56e-12	1.75e-09	6.02e-07	1.08e-03	7.01e-02	9.29e-01
 7.98301e+22	5.61e-22	1.90e-16	1.80e-12	1.95e-09	6.47e-07	1.13e-03	7.17e-02	9.27e-01
 8.02848e+22	7.56e-22	2.44e-16	2.22e-12	2.29e-09	7.19e-07	1.21e-03	7.40e-02	9.25e-01
 8.07456e+22	9.39e-22	2.94e-16	2.58e-12	2.57e-09	7.77e-07	1.27e-03	7.58e-02	9.23e-01
 8.12142e+22	1.27e-21	3.80e-16	3.19e-12	3.02e-09	8.64e-07	1.36e-03	7.82e-02	9.20e-01
 8.16789e+22	1.60e-21	4.62e-16	3.75e-12	3.41e-09	9.38e-07	1.43e-03	8.01e-02	9.18e-01
 8.21387e+22	2.17e-21	5.99e-16	4.64e-12	4.01e-09	1.05e-06	1.53e-03	8.27e-02	9.16e-01
 8.26074e+22	2.77e-21	7.38e-16	5.51e-12	4.57e-09	1.14e-06	1.61e-03	8.49e-02	9.13e-01
 8.30877e+22	3.83e-21	9.74e-16	6.92e-12	5.44e-09	1.28e-06	1.73e-03	8.78e-02	9.10e-01
 8.35702e+22	4.92e-21	1.21e-15	8.26e-12	6.22e-09	1.40e-06	1.83e-03	9.01e-02	9.08e-01
 8.40556e+22	6.84e-21	1.60e-15	1.04e-11	7.43e-09	1.58e-06	1.97e-03	9.33e-02	9.05e-01
 8.45449e+22	8.84e-21	1.99e-15	1.25e-11	8.52e-09	1.73e-06	2.08e-03	9.58e-02	9.02e-01
 8.49679e+22	1.13e-20	2.46e-15	1.49e-11	9.74e-09	1.89e-06	2.20e-03	9.83e-02	9.00e-01
 8.54463e+22	1.57e-20	3.26e-15	1.87e-11	1.16e-08	2.13e-06	2.37e-03	1.02e-01	8.96e-01
 8.59221e+22	1.98e-20	3.97e-15	2.21e-11	1.32e-08	2.31e-06	2.49e-03	1.04e-01	8.93e-01
 8.63946e+22	2.70e-20	5.17e-15	2.74e-11	1.55e-08	2.59e-06	2.67e-03	1.08e-01	8.90e-01
 8.68812e+22	3.47e-20	6.41e-15	3.28e-11	1.78e-08	2.84e-06	2.83e-03	1.10e-01	8.87e-01
 8.73859e+22	4.80e-20	8.46e-15	4.13e-11	2.12e-08	3.19e-06	3.04e-03	1.14e-01	8.83e-01
 8.78974e+22	6.13e-20	1.04e-14	4.90e-11	2.42e-08	3.49e-06	3.21e-03	1.17e-01	8.80e-01
 8.84174e+22	8.48e-20	1.38e-14	6.18e-11	2.89e-08	3.94e-06	3.46e-03	1.21e-01	8.75e-01
 8.89489e+22	1.08e-19	1.69e-14	7.33e-11	3.30e-08	4.31e-06	3.66e-03	1.24e-01	8.72e-01
 8.94953e+22	1.49e-19	2.23e-14	9.21e-11	3.93e-08	4.85e-06	3.94e-03	1.29e-01	8.67e-01
 9.00427e+22	1.88e-19	2.73e-14	1.09e-10	4.48e-08	5.30e-06	4.16e-03	1.32e-01	8.64e-01
 9.05913e+22	2.57e-19	3.57e-14	1.36e-10	5.31e-08	5.95e-06	4.47e-03	1.36e-01	8.59e-01
 9.11524e+22	3.25e-19	4.36e-14	1.61e-10	6.04e-08	6.51e-06	4.73e-03	1.40e-01	8.55e-01
 9.17299e+22	4.43e-19	5.69e-14	2.01e-10	7.17e-08	7.32e-06	5.09e-03	1.45e-01	8.50e-01
 9.22909e+22	5.44e-19	6.79e-14	2.33e-10	8.04e-08	7.92e-06	5.34e-03	1.48e-01	8.47e-01
 9.28303e+22	7.18e-19	8.62e-14	2.84e-10	9.37e-08	8.81e-06	5.71e-03	1.52e-01	8.42e-01
 9.33833e+22	8.88e-19	1.03e-13	3.30e-10	1.05e-07	9.56e-06	6.01e-03	1.56e-01	8.38e-01
 9.39541e+22	1.18e-18	1.32e-13	4.05e-10	1.24e-07	1.07e-05	6.44e-03	1.61e-01	8.33e-01
 9.45320e+22	1.45e-18	1.58e-13	4.70e-10	1.39e-07	1.16e-05	6.77e-03	1.64e-01	8.29e-01
 9.51194e+22	1.91e-18	2.00e-13	5.71e-10	1.62e-07	1.29e-05	7.23e-03	1.69e-01	8.24e-01
 9.57024e+22	2.34e-18	2.38e-13	6.61e-10	1.81e-07	1.39e-05	7.60e-03	1.73e-01	8.19e-01
 9.62795e+22	3.05e-18	2.99e-13	8.01e-10	2.10e-07	1.55e-05	8.11e-03	1.78e-01	8.14e-01
 9.68624e+22	3.69e-18	3.53e-13	9.19e-10	2.34e-07	1.67e-05	8.50e-03	1.82e-01	8.10e-01
 9.74529e+22	4.80e-18	4.42e-13	1.11e-09	2.72e-07	1.85e-05	9.07e-03	1.87e-01	8.04e-01
 9.80548e+22	5.83e-18	5.22e-13	1.28e-09	3.03e-07	2.00e-05	9.52e-03	1.91e-01	7.99e-01
 9.86716e+22	7.58e-18	6.55e-13	1.54e-09	3.52e-07	2.22e-05	1.02e-02	1.97e-01	7.93e-01
 9.92998e+22	9.22e-18	7.75e-13	1.78e-09	3.93e-07	2.40e-05	1.07e-02	2.01e-01	7.88e-01
 9.99428e+22	1.20e-17	9.73e-13	2.15e-09	4.57e-07	2.67e-05	1.14e-02	2.07e-01	7.82e-01
 1.00598e+23	1.46e-17	1.15e-12	2.48e-09	5.11e-07	2.89e-05	1.20e-02	2.11e-01	7.77e-01
 1.01269e+23	1.90e-17	1.45e-12	3.00e-09	5.94e-07	3.21e-05	1.28e-02	2.17e-01	7.70e-01
 1.01925e+23	2.26e-17	1.68e-12	3.41e-09	6.56e-07	3.45e-05	1.34e-02	2.21e-01	7.65e-01
 1.02561e+23	2.90e-17	2.09e-12	4.08e-09	7.57e-07	3.81e-05	1.42e-02	2.27e-01	7.58e-01
 1.03208e+23	3.45e-17	2.42e-12	4.63e-09	8.36e-07	4.09e-05	1.49e-02	2.32e-01	7.54e-01
 1.03868e+23	4.39e-17	2.98e-12	5.51e-09	9.60e-07	4.51e-05	1.58e-02	2.38e-01	7.47e-01
 1.04548e+23	5.33e-17	3.52e-12	6.34e-09	1.07e-06	4.89e-05	1.66e-02	2.42e-01	7.41e-01
 1.05256e+23	6.77e-17	4.33e-12	7.55e-09	1.23e-06	5.39e-05	1.77e-02	2.49e-01	7.34e-01
 1.05987e+23	8.31e-17	5.16e-12	8.75e-09	1.39e-06	5.86e-05	1.86e-02	2.54e-01	7.27e-01
 1.06748e+23	1.06e-16	6.40e-12	1.05e-08	1.60e-06	6.49e-05	1.98e-02	2.61e-01	7.19e-01
 1.07531e+23	1.31e-16	7.66e-12	1.22e-08	1.80e-06	7.08e-05	2.09e-02	2.67e-01	7.12e-01
 1.08342e+23	1.70e-16	9.56e-12	1.47e-08	2.09e-06	7.87e-05	2.23e-02	2.74e-01	7.04e-01
 1.09180e+23	2.11e-16	1.15e-11	1.72e-08	2.37e-06	8.61e-05	2.36e-02	2.80e-01	6.96e-01
 1.10053e+23	2.75e-16	1.45e-11	2.09e-08	2.77e-06	9.62e-05	2.53e-02	2.87e-01	6.87e-01
 1.10948e+23	3.45e-16	1.76e-11	2.46e-08	3.15e-06	1.06e-04	2.68e-02	2.94e-01	6.79e-01
 1.11749e+23	4.25e-16	2.11e-11	2.86e-08	3.56e-06	1.15e-04	2.82e-02	3.00e-01	6.71e-01
 1.12668e+23	5.66e-16	2.71e-11	3.53e-08	4.20e-06	1.30e-04	3.04e-02	3.09e-01	6.61e-01
 1.13594e+23	6.98e-16	3.24e-11	4.11e-08	4.74e-06	1.41e-04	3.20e-02	3.15e-01	6.53e-01
 1.14531e+23	9.26e-16	4.14e-11	5.04e-08	5.59e-06	1.59e-04	3.44e-02	3.24e-01	6.42e-01
 1.15487e+23	1.16e-15	5.03e-11	5.95e-08	6.38e-06	1.75e-04	3.64e-02	3.31e-01	6.33e-01
 1.16470e+23	1.55e-15	6.47e-11	7.35e-08	7.55e-06	1.97e-04	3.92e-02	3.40e-01	6.21e-01
 1.17467e+23	1.97e-15	7.93e-11	8.73e-08	8.66e-06	2.17e-04	4.16e-02	3.47e-01	6.11e-01
 1.18485e+23	2.67e-15	1.03e-10	1.09e-07	1.03e-05	2.47e-04	4.49e-02	3.57e-01	5.98e-01
 1.19447e+23	3.26e-15	1.23e-10	1.26e-07	1.16e-05	2.68e-04	4.72e-02	3.63e-01	5.90e-01
 1.20337e+23	4.28e-15	1.55e-10	1.54e-07	1.36e-05	3.01e-04	5.05e-02	3.72e-01	5.78e-01
 1.21235e+23	5.22e-15	1.85e-10	1.78e-07	1.53e-05	3.27e-04	5.30e-02	3.78e-01	5.69e-01
 1.22142e+23	6.90e-15	2.35e-10	2.19e-07	1.81e-05	3.67e-04	5.69e-02	3.87e-01	5.56e-01
 1.23056e+23	8.51e-15	2.82e-10	2.55e-07	2.04e-05	4.01e-04	5.99e-02	3.93e-01	5.46e-01
 1.23980e+23	1.13e-14	3.60e-10	3.14e-07	2.41e-05	4.52e-04	6.42e-02	4.02e-01	5.33e-01
 1.24919e+23	1.40e-14	4.34e-10	3.68e-07	2.74e-05	4.95e-04	6.78e-02	4.09e-01	5.23e-01
 1.25876e+23	1.87e-14	5.59e-10	4.57e-07	3.27e-05	5.61e-04	7.29e-02	4.18e-01	5.08e-01
 1.26847e+23	2.34e-14	6.78e-10	5.38e-07	3.73e-05	6.17e-04	7.70e-02	4.25e-01	4.97e-01
 1.27834e+23	3.14e-14	8.76e-10	6.70e-07	4.46e-05	7.01e-04	8.29e-02	4.34e-01	4.82e-01
 1.28843e+23	3.97e-14	1.08e-09	8.00e-07	5.16e-05	7.77e-04	8.79e-02	4.41e-01	4.70e-01
 1.29881e+23	5.39e-14	1.41e-09	1.01e-06	6.22e-05	8.89e-04	9.50e-02	4.50e-01	4.54e-01
 1.30935e+23	6.86e-14	1.74e-09	1.21e-06	7.23e-05	9.90e-04	1.01e-01	4.57e-01	4.41e-01
 1.31976e+23	9.19e-14	2.24e-09	1.51e-06	8.69e-05	1.13e-03	1.09e-01	4.66e-01	4.24e-01
 1.32971e+23	1.13e-13	2.70e-09	1.77e-06	9.92e-05	1.24e-03	1.15e-01	4.71e-01	4.13e-01
 1.33936e+23	1.49e-13	3.43e-09	2.18e-06	1.18e-04	1.41e-03	1.23e-01	4.79e-01	3.97e-01
 1.34919e+23	1.84e-13	4.13e-09	2.57e-06	1.36e-04	1.56e-03	1.30e-01	4.84e-01	3.84e-01
 1.35879e+23	2.36e-13	5.16e-09	3.12e-06	1.60e-04	1.76e-03	1.39e-01	4.90e-01	3.69e-01
 1.36860e+23	2.92e-13	6.24e-09	3.70e-06	1.85e-04	1.95e-03	1.47e-01	4.95e-01	3.56e-01
 1.37817e+23	3.67e-13	7.64e-09	4.43e-06	2.16e-04	2.19e-03	1.56e-01	5.00e-01	3.42e-01
 1.38793e+23	4.53e-13	9.23e-09	5.25e-06	2.50e-04	2.44e-03	1.65e-01	5.04e-01	3.29e-01
 1.39761e+23	5.59e-13	1.12e-08	6.23e-06	2.91e-04	2.72e-03	1.75e-01	5.07e-01	3.15e-01
 1.40733e+23	6.84e-13	1.34e-08	7.35e-06	3.36e-04	3.03e-03	1.85e-01	5.10e-01	3.02e-01
 1.41695e+23	8.30e-13	1.59e-08	8.63e-06	3.87e-04	3.36e-03	1.95e-01	5.12e-01	2.89e-01
 1.42656e+23	1.00e-12	1.89e-08	1.01e-05	4.45e-04	3.73e-03	2.06e-01	5.14e-01	2.76e-01
 1.43618e+23	1.20e-12	2.23e-08	1.18e-05	5.11e-04	4.13e-03	2.17e-01	5.15e-01	2.63e-01
 1.44585e+23	1.43e-12	2.62e-08	1.37e-05	5.85e-04	4.58e-03	2.28e-01	5.16e-01	2.51e-01
 1.45558e+23	1.69e-12	3.06e-08	1.58e-05	6.69e-04	5.06e-03	2.39e-01	5.16e-01	2.39e-01
 1.46540e+23	2.00e-12	3.57e-08	1.83e-05	7.64e-04	5.59e-03	2.51e-01	5.15e-01	2.27e-01
 1.47535e+23	2.34e-12	4.15e-08	2.11e-05	8.71e-04	6.18e-03	2.63e-01	5.14e-01	2.16e-01
 1.48535e+23	2.74e-12	4.80e-08	2.43e-05	9.90e-04	6.80e-03	2.76e-01	5.12e-01	2.05e-01
 1.49552e+23	3.19e-12	5.54e-08	2.79e-05	1.13e-03	7.51e-03	2.89e-01	5.09e-01	1.94e-01
 1.50581e+23	3.69e-12	6.37e-08	3.19e-05	1.28e-03	8.26e-03	3.02e-01	5.06e-01	1.83e-01
 1.51630e+23	4.27e-12	7.32e-08	3.66e-05	1.45e-03	9.11e-03	3.15e-01	5.02e-01	1.72e-01
 1.52607e+23	4.80e-12	8.19e-08	4.08e-05	1.61e-03	9.85e-03	3.26e-01	4.98e-01	1.64e-01
 1.53613e+23	5.54e-12	9.41e-08	4.68e-05	1.83e-03	1.09e-02	3.41e-01	4.92e-01	1.54e-01
 1.54638e+23	6.21e-12	1.05e-07	5.21e-05	2.02e-03	1.18e-02	3.53e-01	4.88e-01	1.46e-01
 1.55687e+23	7.13e-12	1.20e-07	5.98e-05	2.30e-03	1.30e-02	3.68e-01	4.81e-01	1.36e-01
 1.56740e+23	7.96e-12	1.34e-07	6.63e-05	2.53e-03	1.40e-02	3.79e-01	4.75e-01	1.29e-01
 1.57800e+23	9.08e-12	1.52e-07	7.56e-05	2.87e-03	1.54e-02	3.94e-01	4.67e-01	1.20e-01
 1.58866e+23	1.01e-11	1.68e-07	8.36e-05	3.15e-03	1.66e-02	4.06e-01	4.61e-01	1.14e-01
 1.59940e+23	1.14e-11	1.91e-07	9.50e-05	3.55e-03	1.82e-02	4.21e-01	4.52e-01	1.06e-01
 1.61025e+23	1.26e-11	2.11e-07	1.05e-04	3.88e-03	1.95e-02	4.32e-01	4.45e-01	9.96e-02
 1.62122e+23	1.43e-11	2.39e-07	1.19e-04	4.36e-03	2.14e-02	4.47e-01	4.35e-01	9.22e-02
 1.63233e+23	1.58e-11	2.63e-07	1.31e-04	4.77e-03	2.29e-02	4.58e-01	4.27e-01	8.67e-02
 1.64362e+23	1.78e-11	2.97e-07	1.49e-04	5.35e-03	2.50e-02	4.73e-01	4.17e-01	8.00e-02
 1.65511e+23	1.97e-11	3.28e-07	1.64e-04	5.85e-03	2.68e-02	4.84e-01	4.08e-01	7.50e-02
 1.66684e+23	2.22e-11	3.71e-07	1.86e-04	6.55e-03	2.93e-02	4.98e-01	3.97e-01	6.89e-02
 1.67884e+23	2.46e-11	4.11e-07	2.06e-04	7.17e-03	3.13e-02	5.09e-01	3.88e-01	6.43e-02
 1.69116e+23	2.79e-11	4.66e-07	2.34e-04	8.03e-03	3.42e-02	5.24e-01	3.75e-01	5.87e-02
 1.70378e+23	3.10e-11	5.18e-07	2.60e-04	8.79e-03	3.67e-02	5.34e-01	3.65e-01	5.45e-02
 1.71440e+23	3.40e-11	5.67e-07	2.85e-04	9.51e-03	3.89e-02	5.44e-01	3.57e-01	5.11e-02
 1.72580e+23	3.81e-11	6.35e-07	3.20e-04	1.05e-02	4.20e-02	5.55e-01	3.45e-01	4.68e-02
 1.73741e+23	4.18e-11	6.97e-07	3.51e-04	1.14e-02	4.45e-02	5.64e-01	3.36e-01	4.37e-02
 1.74746e+23	4.56e-11	7.61e-07	3.83e-04	1.22e-02	4.71e-02	5.72e-01	3.27e-01	4.09e-02
 1.75872e+23	5.08e-11	8.48e-07	4.28e-04	1.34e-02	5.06e-02	5.82e-01	3.16e-01	3.75e-02
 1.76995e+23	5.58e-11	9.29e-07	4.67e-04	1.44e-02	5.32e-02	5.89e-01	3.07e-01	3.51e-02
 1.78115e+23	6.21e-11	1.04e-06	5.22e-04	1.57e-02	5.70e-02	5.98e-01	2.96e-01	3.21e-02
 1.79252e+23	6.84e-11	1.14e-06	5.70e-04	1.69e-02	6.00e-02	6.05e-01	2.88e-01	3.00e-02
 1.80410e+23	7.65e-11	1.27e-06	6.39e-04	1.85e-02	6.41e-02	6.13e-01	2.77e-01	2.74e-02
 1.81588e+23	8.48e-11	1.40e-06	7.01e-04	1.98e-02	6.74e-02	6.19e-01	2.68e-01	2.55e-02
 1.82792e+23	9.51e-11	1.57e-06	7.87e-04	2.17e-02	7.21e-02	6.26e-01	2.57e-01	2.31e-02
 1.84014e+23	1.06e-10	1.74e-06	8.66e-04	2.33e-02	7.58e-02	6.31e-01	2.48e-01	2.14e-02
 1.85262e+23	1.20e-10	1.97e-06	9.77e-04	2.56e-02	8.10e-02	6.37e-01	2.37e-01	1.93e-02
 1.86540e+23	1.34e-10	2.19e-06	1.08e-03	2.75e-02	8.52e-02	6.41e-01	2.28e-01	1.78e-02
 1.87857e+23	1.53e-10	2.49e-06	1.22e-03	3.02e-02	9.11e-02	6.45e-01	2.16e-01	1.60e-02
 1.89204e+23	1.72e-10	2.79e-06	1.36e-03	3.25e-02	9.58e-02	6.48e-01	2.08e-01	1.46e-02
 1.90590e+23	1.99e-10	3.20e-06	1.55e-03	3.58e-02	1.02e-01	6.51e-01	1.96e-01	1.30e-02
 1.91992e+23	2.26e-10	3.60e-06	1.73e-03	3.85e-02	1.07e-01	6.53e-01	1.88e-01	1.19e-02
 1.93416e+23	2.61e-10	4.14e-06	1.98e-03	4.24e-02	1.15e-01	6.54e-01	1.77e-01	1.05e-02
 1.94855e+23	2.98e-10	4.68e-06	2.20e-03	4.56e-02	1.20e-01	6.54e-01	1.69e-01	9.59e-03
 1.96316e+23	3.48e-10	5.42e-06	2.53e-03	5.01e-02	1.28e-01	6.53e-01	1.58e-01	8.44e-03
 1.97743e+23	3.94e-10	6.07e-06	2.80e-03	5.37e-02	1.34e-01	6.52e-01	1.51e-01	7.70e-03
 1.99127e+23	4.61e-10	7.00e-06	3.19e-03	5.85e-02	1.41e-01	6.49e-01	1.42e-01	6.83e-03
 2.00576e+23	5.28e-10	7.93e-06	3.57e-03	6.30e-02	1.48e-01	6.46e-01	1.34e-01	6.15e-03
 2.01799e+23	5.92e-10	8.80e-06	3.92e-03	6.69e-02	1.53e-01	6.43e-01	1.28e-01	5.63e-03
 2.03078e+23	6.85e-10	1.00e-05	4.40e-03	7.21e-02	1.60e-01	6.38e-01	1.20e-01	5.04e-03
 2.04398e+23	7.75e-10	1.12e-05	4.86e-03	7.69e-02	1.66e-01	6.33e-01	1.14e-01	4.57e-03
 2.05583e+23	8.76e-10	1.25e-05	5.35e-03	8.17e-02	1.72e-01	6.28e-01	1.08e-01	4.15e-03
 2.06936e+23	1.02e-09	1.44e-05	6.04e-03	8.81e-02	1.80e-01	6.21e-01	1.01e-01	3.68e-03
 2.08340e+23	1.17e-09	1.63e-05	6.72e-03	9.41e-02	1.87e-01	6.14e-01	9.54e-02	3.30e-03
 2.09591e+23	1.33e-09	1.83e-05	7.41e-03	1.00e-01	1.93e-01	6.07e-01	9.02e-02	2.98e-03
 2.10999e+23	1.58e-09	2.11e-05	8.38e-03	1.08e-01	2.01e-01	5.97e-01	8.38e-02	2.62e-03
 2.12474e+23	1.82e-09	2.40e-05	9.36e-03	1.15e-01	2.08e-01	5.87e-01	7.82e-02	2.32e-03
 2.13807e+23	2.09e-09	2.71e-05	1.04e-02	1.22e-01	2.14e-01	5.77e-01	7.34e-02	2.08e-03
 2.15311e+23	2.51e-09	3.17e-05	1.18e-02	1.32e-01	2.22e-01	5.64e-01	6.75e-02	1.80e-03
 2.16865e+23	2.93e-09	3.63e-05	1.32e-02	1.41e-01	2.30e-01	5.52e-01	6.26e-02	1.58e-03
 2.18250e+23	3.39e-09	4.11e-05	1.46e-02	1.49e-01	2.36e-01	5.40e-01	5.82e-02	1.40e-03
 2.19817e+23	4.09e-09	4.83e-05	1.66e-02	1.61e-01	2.44e-01	5.25e-01	5.31e-02	1.20e-03
 2.21444e+23	4.81e-09	5.55e-05	1.87e-02	1.71e-01	2.50e-01	5.10e-01	4.87e-02	1.04e-03
 2.22905e+23	5.64e-09	6.34e-05	2.07e-02	1.82e-01	2.56e-01	4.96e-01	4.49e-02	9.12e-04
 2.24560e+23	6.89e-09	7.51e-05	2.37e-02	1.95e-01	2.63e-01	4.77e-01	4.04e-02	7.67e-04
 2.26271e+23	8.19e-09	8.67e-05	2.65e-02	2.07e-01	2.69e-01	4.60e-01	3.67e-02	6.59e-04
 2.27817e+23	9.69e-09	9.97e-05	2.95e-02	2.19e-01	2.74e-01	4.43e-01	3.35e-02	5.67e-04
 2.29589e+23	1.20e-08	1.19e-04	3.39e-02	2.35e-01	2.79e-01	4.21e-01	2.95e-02	4.66e-04
 2.31378e+23	1.43e-08	1.38e-04	3.78e-02	2.48e-01	2.84e-01	4.03e-01	2.66e-02	3.96e-04
 2.33187e+23	1.78e-08	1.64e-04	4.31e-02	2.65e-01	2.87e-01	3.81e-01	2.34e-02	3.24e-04
 2.35038e+23	2.15e-08	1.91e-04	4.82e-02	2.79e-01	2.90e-01	3.61e-01	2.08e-02	2.70e-04
 2.36664e+23	2.56e-08	2.20e-04	5.34e-02	2.93e-01	2.91e-01	3.43e-01	1.86e-02	2.28e-04
 2.38501e+23	3.21e-08	2.64e-04	6.08e-02	3.10e-01	2.93e-01	3.20e-01	1.61e-02	1.83e-04
 2.40385e+23	3.87e-08	3.05e-04	6.75e-02	3.25e-01	2.93e-01	3.01e-01	1.41e-02	1.51e-04
 2.42331e+23	4.91e-08	3.68e-04	7.67e-02	3.42e-01	2.91e-01	2.77e-01	1.20e-02	1.19e-04
 2.44308e+23	5.97e-08	4.28e-04	8.51e-02	3.57e-01	2.89e-01	2.58e-01	1.05e-02	9.65e-05
 2.46058e+23	7.23e-08	4.96e-04	9.39e-02	3.70e-01	2.86e-01	2.40e-01	9.10e-03	7.87e-05
 2.48066e+23	9.25e-08	5.99e-04	1.06e-01	3.87e-01	2.81e-01	2.18e-01	7.56e-03	6.01e-05
 2.50103e+23	1.13e-07	6.95e-04	1.17e-01	4.00e-01	2.76e-01	2.00e-01	6.50e-03	4.83e-05
 2.51881e+23	1.36e-07	8.02e-04	1.28e-01	4.11e-01	2.70e-01	1.84e-01	5.59e-03	3.89e-05
 2.53585e+23	1.63e-07	9.16e-04	1.39e-01	4.21e-01	2.64e-01	1.70e-01	4.84e-03	3.16e-05
 2.55209e+23	1.93e-07	1.04e-03	1.50e-01	4.30e-01	2.58e-01	1.57e-01	4.20e-03	2.59e-05
 2.57040e+23	2.42e-07	1.22e-03	1.65e-01	4.40e-01	2.49e-01	1.41e-01	3.47e-03	1.98e-05
 2.58849e+23	2.85e-07	1.38e-03	1.77e-01	4.47e-01	2.41e-01	1.29e-01	3.01e-03	1.61e-05
 2.60628e+23	3.52e-07	1.60e-03	1.93e-01	4.55e-01	2.32e-01	1.16e-01	2.49e-03	1.24e-05
 2.62462e+23	4.20e-07	1.82e-03	2.08e-01	4.60e-01	2.23e-01	1.05e-01	2.12e-03	9.90e-06
 2.64118e+23	4.99e-07	2.06e-03	2.22e-01	4.64e-01	2.14e-01	9.55e-02	1.80e-03	7.91e-06
 2.66023e+23	6.24e-07	2.41e-03	2.41e-01	4.68e-01	2.03e-01	8.39e-02	1.45e-03	5.88e-06
 2.67940e+23	7.43e-07	2.72e-03	2.57e-01	4.70e-01	1.94e-01	7.55e-02	1.22e-03	4.63e-06
 2.69874e+23	9.26e-07	3.17e-03	2.78e-01	4.70e-01	1.82e-01	6.59e-02	9.78e-04	3.41e-06
 2.71749e+23	1.09e-06	3.54e-03	2.94e-01	4.69e-01	1.73e-01	5.94e-02	8.26e-04	2.71e-06
 2.73246e+23	1.26e-06	3.92e-03	3.08e-01	4.68e-01	1.65e-01	5.39e-02	7.08e-04	2.19e-06
 2.74888e+23	1.51e-06	4.42e-03	3.27e-01	4.65e-01	1.56e-01	4.78e-02	5.83e-04	1.69e-06
 2.76560e+23	1.75e-06	4.89e-03	3.42e-01	4.62e-01	1.48e-01	4.30e-02	4.94e-04	1.35e-06
 2.78040e+23	2.02e-06	5.39e-03	3.58e-01	4.58e-01	1.40e-01	3.88e-02	4.20e-04	1.08e-06
 2.79732e+23	2.43e-06	6.09e-03	3.77e-01	4.52e-01	1.31e-01	3.41e-02	3.41e-04	8.16e-07
 2.81445e+23	2.82e-06	6.72e-03	3.93e-01	4.46e-01	1.23e-01	3.05e-02	2.86e-04	6.44e-07
 2.82948e+23	3.25e-06	7.39e-03	4.09e-01	4.40e-01	1.16e-01	2.73e-02	2.41e-04	5.11e-07
 2.84662e+23	3.89e-06	8.31e-03	4.29e-01	4.32e-01	1.07e-01	2.38e-02	1.94e-04	3.82e-07
 2.86407e+23	4.52e-06	9.17e-03	4.45e-01	4.24e-01	1.01e-01	2.11e-02	1.61e-04	2.98e-07
 2.87944e+23	5.23e-06	1.01e-02	4.61e-01	4.16e-01	9.41e-02	1.88e-02	1.35e-04	2.33e-07
 2.89698e+23	6.26e-06	1.13e-02	4.81e-01	4.05e-01	8.64e-02	1.62e-02	1.07e-04	1.72e-07
 2.91482e+23	7.27e-06	1.25e-02	4.97e-01	3.95e-01	8.04e-02	1.43e-02	8.81e-05	1.33e-07
 2.93058e+23	8.41e-06	1.37e-02	5.13e-01	3.86e-01	7.47e-02	1.26e-02	7.27e-05	0.00e+00
 2.94863e+23	1.01e-05	1.54e-02	5.33e-01	3.73e-01	6.81e-02	1.08e-02	5.71e-05	0.00e+00
 2.96701e+23	1.17e-05	1.69e-02	5.49e-01	3.62e-01	6.28e-02	9.42e-03	4.64e-05	0.00e+00
 2.98334e+23	1.36e-05	1.86e-02	5.64e-01	3.51e-01	5.79e-02	8.25e-03	3.79e-05	0.00e+00
 3.00208e+23	1.64e-05	2.09e-02	5.83e-01	3.37e-01	5.23e-02	6.96e-03	2.92e-05	0.00e+00
 3.02121e+23	1.92e-05	2.31e-02	5.98e-01	3.25e-01	4.78e-02	6.02e-03	2.34e-05	0.00e+00
 3.03825e+23	2.24e-05	2.54e-02	6.13e-01	3.13e-01	4.37e-02	5.22e-03	1.88e-05	0.00e+00
 3.05780e+23	2.71e-05	2.87e-02	6.30e-01	2.98e-01	3.90e-02	4.35e-03	1.43e-05	0.00e+00
 3.07726e+23	3.20e-05	3.18e-02	6.43e-01	2.85e-01	3.55e-02	3.75e-03	1.14e-05	0.00e+00
