#depth	He	He+	He+2
 1.54284e+22	6.13e-12	2.76e-06	1.00e+00
 3.59264e+22	1.25e-11	3.90e-06	1.00e+00
 4.35308e+22	1.84e-11	4.68e-06	1.00e+00
 4.76897e+22	2.36e-11	5.29e-06	1.00e+00
 4.97199e+22	2.54e-11	5.47e-06	1.00e+00
 5.05088e+22	2.68e-11	5.62e-06	1.00e+00
 5.13894e+22	2.90e-11	5.84e-06	1.00e+00
 5.23167e+22	3.10e-11	6.03e-06	1.00e+00
 5.33046e+22	3.38e-11	6.29e-06	1.00e+00
 5.43156e+22	3.65e-11	6.53e-06	1.00e+00
 5.51680e+22	3.90e-11	6.75e-06	1.00e+00
 5.60877e+22	4.23e-11	7.02e-06	1.00e+00
 5.70582e+22	4.57e-11	7.29e-06	1.00e+00
 5.79430e+22	4.91e-11	7.55e-06	1.00e+00
 5.89418e+22	5.39e-11	7.90e-06	1.00e+00
 5.99064e+22	5.77e-11	8.16e-06	1.00e+00
 6.08263e+22	6.33e-11	8.55e-06	1.00e+00
 6.17318e+22	6.76e-11	8.83e-06	1.00e+00
 6.24717e+22	7.18e-11	9.10e-06	1.00e+00
 6.32867e+22	7.79e-11	9.48e-06	1.00e+00
 6.40380e+22	8.24e-11	9.75e-06	1.00e+00
 6.46112e+22	8.69e-11	1.00e-05	1.00e+00
 6.52608e+22	9.24e-11	1.03e-05	1.00e+00
 6.59255e+22	9.77e-11	1.06e-05	1.00e+00
 6.64985e+22	1.03e-10	1.09e-05	1.00e+00
 6.71320e+22	1.10e-10	1.12e-05	1.00e+00
 6.77762e+22	1.16e-10	1.16e-05	1.00e+00
 6.83153e+22	1.22e-10	1.19e-05	1.00e+00
 6.88156e+22	1.28e-10	1.22e-05	1.00e+00
 6.93845e+22	1.37e-10	1.26e-05	1.00e+00
 6.99595e+22	1.44e-10	1.29e-05	1.00e+00
 7.05423e+22	1.53e-10	1.33e-05	1.00e+00
 7.11026e+22	1.61e-10	1.37e-05	1.00e+00
 7.15563e+22	1.69e-10	1.40e-05	1.00e+00
 7.20688e+22	1.79e-10	1.45e-05	1.00e+00
 7.25887e+22	1.88e-10	1.48e-05	1.00e+00
 7.31181e+22	2.01e-10	1.54e-05	1.00e+00
 7.36353e+22	2.11e-10	1.58e-05	1.00e+00
 7.41368e+22	2.25e-10	1.63e-05	1.00e+00
 7.46448e+22	2.37e-10	1.68e-05	1.00e+00
 7.51613e+22	2.54e-10	1.74e-05	1.00e+00
 7.56815e+22	2.68e-10	1.79e-05	1.00e+00
 7.61241e+22	2.82e-10	1.84e-05	1.00e+00
 7.66166e+22	3.04e-10	1.92e-05	1.00e+00
 7.71006e+22	3.19e-10	1.97e-05	1.00e+00
 7.75735e+22	3.42e-10	2.05e-05	1.00e+00
 7.80375e+22	3.59e-10	2.10e-05	1.00e+00
 7.84900e+22	3.86e-10	2.19e-05	1.00e+00
 7.89385e+22	4.05e-10	2.25e-05	1.00e+00
 7.93818e+22	4.35e-10	2.34e-05	1.00e+00
 7.98301e+22	4.58e-10	2.41e-05	1.00e+00
 8.02848e+22	4.94e-10	2.52e-05	1.00e+00
 8.07456e+22	5.22e-10	2.60e-05	1.00e+00
 8.12142e+22	5.62e-10	2.72e-05	1.00e+00
 8.16789e+22	5.95e-10	2.81e-05	1.00e+00
 8.21387e+22	6.41e-10	2.94e-05	1.00e+00
 8.26074e+22	6.80e-10	3.04e-05	1.00e+00
 8.30877e+22	7.36e-10	3.19e-05	1.00e+00
 8.35702e+22	7.81e-10	3.31e-05	1.00e+00
 8.40556e+22	8.45e-10	3.48e-05	1.00e+00
 8.45449e+22	8.98e-10	3.61e-05	1.00e+00
 8.49679e+22	9.52e-10	3.75e-05	1.00e+00
 8.54463e+22	1.03e-09	3.93e-05	1.00e+00
 8.59221e+22	1.08e-09	4.07e-05	1.00e+00
 8.63946e+22	1.16e-09	4.26e-05	1.00e+00
 8.68812e+22	1.23e-09	4.43e-05	1.00e+00
 8.73859e+22	1.33e-09	4.65e-05	1.00e+00
 8.78974e+22	1.40e-09	4.82e-05	1.00e+00
 8.84174e+22	1.51e-09	5.07e-05	1.00e+00
 8.89489e+22	1.59e-09	5.26e-05	1.00e+00
 8.94953e+22	1.71e-09	5.52e-05	1.00e+00
 9.00427e+22	1.80e-09	5.72e-05	1.00e+00
 9.05913e+22	1.92e-09	6.00e-05	1.00e+00
 9.11524e+22	2.02e-09	6.22e-05	1.00e+00
 9.17299e+22	2.16e-09	6.53e-05	1.00e+00
 9.22909e+22	2.26e-09	6.74e-05	1.00e+00
 9.28303e+22	2.40e-09	7.03e-05	1.00e+00
 9.33833e+22	2.51e-09	7.27e-05	1.00e+00
 9.39541e+22	2.66e-09	7.60e-05	1.00e+00
 9.45320e+22	2.78e-09	7.85e-05	1.00e+00
 9.51194e+22	2.94e-09	8.19e-05	1.00e+00
 9.57024e+22	3.07e-09	8.45e-05	1.00e+00
 9.62795e+22	3.24e-09	8.82e-05	1.00e+00
 9.68624e+22	3.37e-09	9.09e-05	1.00e+00
 9.74529e+22	3.55e-09	9.47e-05	1.00e+00
 9.80548e+22	3.70e-09	9.77e-05	1.00e+00
 9.86716e+22	3.90e-09	1.02e-04	1.00e+00
 9.92998e+22	4.06e-09	1.05e-04	1.00e+00
 9.99428e+22	4.28e-09	1.10e-04	1.00e+00
 1.00598e+23	4.45e-09	1.13e-04	1.00e+00
 1.01269e+23	4.69e-09	1.18e-04	1.00e+00
 1.01925e+23	4.87e-09	1.21e-04	1.00e+00
 1.02561e+23	5.11e-09	1.26e-04	1.00e+00
 1.03208e+23	5.30e-09	1.30e-04	1.00e+00
 1.03868e+23	5.55e-09	1.35e-04	1.00e+00
 1.04548e+23	5.78e-09	1.39e-04	1.00e+00
 1.05256e+23	6.06e-09	1.45e-04	1.00e+00
 1.05987e+23	6.32e-09	1.50e-04	1.00e+00
 1.06748e+23	6.65e-09	1.56e-04	1.00e+00
 1.07531e+23	6.94e-09	1.61e-04	1.00e+00
 1.08342e+23	7.32e-09	1.68e-04	1.00e+00
 1.09180e+23	7.65e-09	1.74e-04	1.00e+00
 1.10053e+23	8.09e-09	1.82e-04	1.00e+00
 1.10948e+23	8.47e-09	1.89e-04	1.00e+00
 1.11749e+23	8.86e-09	1.95e-04	1.00e+00
 1.12668e+23	9.39e-09	2.05e-04	1.00e+00
 1.13594e+23	9.82e-09	2.12e-04	1.00e+00
 1.14531e+23	1.04e-08	2.22e-04	1.00e+00
 1.15487e+23	1.09e-08	2.31e-04	1.00e+00
 1.16470e+23	1.15e-08	2.43e-04	1.00e+00
 1.17467e+23	1.21e-08	2.53e-04	1.00e+00
 1.18485e+23	1.28e-08	2.66e-04	1.00e+00
 1.19447e+23	1.33e-08	2.75e-04	1.00e+00
 1.20337e+23	1.40e-08	2.89e-04	1.00e+00
 1.21235e+23	1.46e-08	2.99e-04	1.00e+00
 1.22142e+23	1.53e-08	3.14e-04	1.00e+00
 1.23056e+23	1.58e-08	3.26e-04	1.00e+00
 1.23980e+23	1.66e-08	3.43e-04	1.00e+00
 1.24919e+23	1.72e-08	3.57e-04	1.00e+00
 1.25876e+23	1.79e-08	3.77e-04	1.00e+00
 1.26847e+23	1.85e-08	3.92e-04	1.00e+00
 1.27834e+23	1.93e-08	4.15e-04	1.00e+00
 1.28843e+23	1.99e-08	4.34e-04	1.00e+00
 1.29881e+23	2.06e-08	4.61e-04	1.00e+00
 1.30935e+23	2.11e-08	4.84e-04	1.00e+00
 1.31976e+23	2.17e-08	5.14e-04	9.99e-01
 1.32971e+23	2.21e-08	5.36e-04	9.99e-01
 1.33936e+23	2.25e-08	5.69e-04	9.99e-01
 1.34919e+23	2.29e-08	5.95e-04	9.99e-01
 1.35879e+23	2.32e-08	6.30e-04	9.99e-01
 1.36860e+23	2.34e-08	6.61e-04	9.99e-01
 1.37817e+23	2.35e-08	6.98e-04	9.99e-01
 1.38793e+23	2.37e-08	7.34e-04	9.99e-01
 1.39761e+23	2.38e-08	7.74e-04	9.99e-01
 1.40733e+23	2.39e-08	8.15e-04	9.99e-01
 1.41695e+23	2.40e-08	8.58e-04	9.99e-01
 1.42656e+23	2.41e-08	9.03e-04	9.99e-01
 1.43618e+23	2.42e-08	9.51e-04	9.99e-01
 1.44585e+23	2.44e-08	1.00e-03	9.99e-01
 1.45558e+23	2.46e-08	1.05e-03	9.99e-01
 1.46540e+23	2.49e-08	1.11e-03	9.99e-01
 1.47535e+23	2.54e-08	1.17e-03	9.99e-01
 1.48535e+23	2.60e-08	1.23e-03	9.99e-01
 1.49552e+23	2.67e-08	1.30e-03	9.99e-01
 1.50581e+23	2.76e-08	1.36e-03	9.99e-01
 1.51630e+23	2.88e-08	1.44e-03	9.99e-01
 1.52607e+23	2.99e-08	1.50e-03	9.98e-01
 1.53613e+23	3.16e-08	1.59e-03	9.98e-01
 1.54638e+23	3.32e-08	1.66e-03	9.98e-01
 1.55687e+23	3.56e-08	1.76e-03	9.98e-01
 1.56740e+23	3.77e-08	1.84e-03	9.98e-01
 1.57800e+23	4.08e-08	1.94e-03	9.98e-01
 1.58866e+23	4.35e-08	2.03e-03	9.98e-01
 1.59940e+23	4.75e-08	2.15e-03	9.98e-01
 1.61025e+23	5.10e-08	2.24e-03	9.98e-01
 1.62122e+23	5.60e-08	2.37e-03	9.98e-01
 1.63233e+23	6.04e-08	2.48e-03	9.98e-01
 1.64362e+23	6.68e-08	2.63e-03	9.97e-01
 1.65511e+23	7.25e-08	2.75e-03	9.97e-01
 1.66684e+23	8.07e-08	2.91e-03	9.97e-01
 1.67884e+23	8.79e-08	3.05e-03	9.97e-01
 1.69116e+23	9.85e-08	3.24e-03	9.97e-01
 1.70378e+23	1.08e-07	3.39e-03	9.97e-01
 1.71440e+23	1.17e-07	3.54e-03	9.96e-01
 1.72580e+23	1.30e-07	3.74e-03	9.96e-01
 1.73741e+23	1.41e-07	3.90e-03	9.96e-01
 1.74746e+23	1.53e-07	4.06e-03	9.96e-01
 1.75872e+23	1.69e-07	4.28e-03	9.96e-01
 1.76995e+23	1.83e-07	4.45e-03	9.96e-01
 1.78115e+23	2.02e-07	4.69e-03	9.95e-01
 1.79252e+23	2.19e-07	4.88e-03	9.95e-01
 1.80410e+23	2.43e-07	5.15e-03	9.95e-01
 1.81588e+23	2.63e-07	5.36e-03	9.95e-01
 1.82792e+23	2.94e-07	5.66e-03	9.94e-01
 1.84014e+23	3.19e-07	5.90e-03	9.94e-01
 1.85262e+23	3.56e-07	6.24e-03	9.94e-01
 1.86540e+23	3.88e-07	6.52e-03	9.93e-01
 1.87857e+23	4.36e-07	6.91e-03	9.93e-01
 1.89204e+23	4.77e-07	7.23e-03	9.93e-01
 1.90590e+23	5.38e-07	7.68e-03	9.92e-01
 1.91992e+23	5.89e-07	8.03e-03	9.92e-01
 1.93416e+23	6.66e-07	8.54e-03	9.91e-01
 1.94855e+23	7.31e-07	8.95e-03	9.91e-01
 1.96316e+23	8.27e-07	9.52e-03	9.90e-01
 1.97743e+23	9.03e-07	9.95e-03	9.90e-01
 1.99127e+23	1.01e-06	1.05e-02	9.89e-01
 2.00576e+23	1.12e-06	1.11e-02	9.89e-01
 2.01799e+23	1.21e-06	1.15e-02	9.88e-01
 2.03078e+23	1.34e-06	1.21e-02	9.88e-01
 2.04398e+23	1.47e-06	1.27e-02	9.87e-01
 2.05583e+23	1.59e-06	1.32e-02	9.87e-01
 2.06936e+23	1.77e-06	1.39e-02	9.86e-01
 2.08340e+23	1.95e-06	1.46e-02	9.85e-01
 2.09591e+23	2.13e-06	1.53e-02	9.85e-01
 2.10999e+23	2.37e-06	1.61e-02	9.84e-01
 2.12474e+23	2.62e-06	1.69e-02	9.83e-01
 2.13807e+23	2.87e-06	1.77e-02	9.82e-01
 2.15311e+23	3.22e-06	1.88e-02	9.81e-01
 2.16865e+23	3.57e-06	1.98e-02	9.80e-01
 2.18250e+23	3.93e-06	2.07e-02	9.79e-01
 2.19817e+23	4.43e-06	2.20e-02	9.78e-01
 2.21444e+23	4.94e-06	2.32e-02	9.77e-01
 2.22905e+23	5.45e-06	2.43e-02	9.76e-01
 2.24560e+23	6.19e-06	2.59e-02	9.74e-01
 2.26271e+23	6.90e-06	2.74e-02	9.73e-01
 2.27817e+23	7.67e-06	2.88e-02	9.71e-01
 2.29589e+23	8.80e-06	3.09e-02	9.69e-01
 2.31378e+23	9.84e-06	3.26e-02	9.67e-01
 2.33187e+23	1.12e-05	3.48e-02	9.65e-01
 2.35038e+23	1.26e-05	3.69e-02	9.63e-01
 2.36664e+23	1.41e-05	3.89e-02	9.61e-01
 2.38501e+23	1.62e-05	4.17e-02	9.58e-01
 2.40385e+23	1.83e-05	4.42e-02	9.56e-01
 2.42331e+23	2.11e-05	4.74e-02	9.53e-01
 2.44308e+23	2.38e-05	5.03e-02	9.50e-01
 2.46058e+23	2.68e-05	5.32e-02	9.47e-01
 2.48066e+23	3.12e-05	5.73e-02	9.43e-01
 2.50103e+23	3.52e-05	6.08e-02	9.39e-01
 2.51881e+23	3.95e-05	6.43e-02	9.36e-01
 2.53585e+23	4.41e-05	6.78e-02	9.32e-01
 2.55209e+23	4.89e-05	7.12e-02	9.29e-01
 2.57040e+23	5.61e-05	7.62e-02	9.24e-01
 2.58849e+23	6.21e-05	7.99e-02	9.20e-01
 2.60628e+23	7.06e-05	8.50e-02	9.15e-01
 2.62462e+23	7.87e-05	8.96e-02	9.10e-01
 2.64118e+23	8.75e-05	9.42e-02	9.06e-01
 2.66023e+23	1.00e-04	1.01e-01	8.99e-01
 2.67940e+23	1.12e-04	1.06e-01	8.94e-01
 2.69874e+23	1.28e-04	1.13e-01	8.87e-01
 2.71749e+23	1.42e-04	1.18e-01	8.82e-01
 2.73246e+23	1.55e-04	1.23e-01	8.76e-01
 2.74888e+23	1.73e-04	1.30e-01	8.70e-01
 2.76560e+23	1.90e-04	1.36e-01	8.64e-01
 2.78040e+23	2.08e-04	1.41e-01	8.58e-01
 2.79732e+23	2.33e-04	1.49e-01	8.51e-01
 2.81445e+23	2.56e-04	1.56e-01	8.44e-01
 2.82948e+23	2.80e-04	1.62e-01	8.38e-01
 2.84662e+23	3.13e-04	1.71e-01	8.29e-01
 2.86407e+23	3.44e-04	1.78e-01	8.22e-01
 2.87944e+23	3.77e-04	1.85e-01	8.14e-01
 2.89698e+23	4.22e-04	1.95e-01	8.05e-01
 2.91482e+23	4.64e-04	2.03e-01	7.96e-01
 2.93058e+23	5.08e-04	2.11e-01	7.88e-01
 2.94863e+23	5.69e-04	2.22e-01	7.77e-01
 2.96701e+23	6.27e-04	2.31e-01	7.68e-01
 2.98334e+23	6.88e-04	2.41e-01	7.59e-01
 3.00208e+23	7.72e-04	2.53e-01	7.46e-01
 3.02121e+23	8.51e-04	2.63e-01	7.36e-01
 3.03825e+23	9.36e-04	2.74e-01	7.25e-01
 3.05780e+23	1.05e-03	2.88e-01	7.11e-01
 3.07726e+23	1.16e-03	2.99e-01	7.00e-01
