#depth	Ne	Ne+	Ne+2	Ne+3	Ne+4	Ne+5	Ne+6	Ne+7	Ne+8	Ne+9	Ne+10
 1.54284e+22	0.00e+00	1.66e-27	2.09e-22	3.68e-18	1.47e-14	1.44e-11	5.50e-09	1.28e-06	9.75e-04	6.04e-02	9.39e-01
 3.59264e+22	3.41e-32	4.47e-26	3.87e-21	4.72e-17	1.31e-13	8.93e-11	2.34e-08	3.75e-06	1.98e-03	8.48e-02	9.13e-01
 4.35308e+22	2.42e-31	2.58e-25	1.83e-20	1.83e-16	4.19e-13	2.35e-10	5.02e-08	6.54e-06	2.85e-03	1.01e-01	8.96e-01
 4.76897e+22	8.86e-31	8.25e-25	5.11e-20	4.48e-16	9.05e-13	4.45e-10	8.29e-08	9.43e-06	3.61e-03	1.13e-01	8.84e-01
 4.97199e+22	1.28e-30	1.15e-24	6.85e-20	5.78e-16	1.13e-12	5.34e-10	9.56e-08	1.05e-05	3.86e-03	1.16e-01	8.80e-01
 5.05088e+22	1.69e-30	1.47e-24	8.53e-20	7.01e-16	1.33e-12	6.12e-10	1.06e-07	1.13e-05	4.07e-03	1.19e-01	8.77e-01
 5.13894e+22	2.55e-30	2.12e-24	1.18e-19	9.28e-16	1.69e-12	7.48e-10	1.25e-07	1.27e-05	4.38e-03	1.23e-01	8.72e-01
 5.23167e+22	3.63e-30	2.92e-24	1.56e-19	1.18e-15	2.08e-12	8.90e-10	1.43e-07	1.40e-05	4.67e-03	1.27e-01	8.68e-01
 5.33046e+22	5.63e-30	4.32e-24	2.21e-19	1.60e-15	2.70e-12	1.10e-09	1.69e-07	1.58e-05	5.05e-03	1.32e-01	8.63e-01
 5.43156e+22	8.42e-30	6.19e-24	3.03e-19	2.12e-15	3.43e-12	1.34e-09	1.97e-07	1.77e-05	5.43e-03	1.36e-01	8.59e-01
 5.51680e+22	1.19e-29	8.44e-24	3.99e-19	2.69e-15	4.20e-12	1.59e-09	2.25e-07	1.95e-05	5.77e-03	1.40e-01	8.54e-01
 5.60877e+22	1.81e-29	1.23e-23	5.56e-19	3.60e-15	5.39e-12	1.96e-09	2.64e-07	2.19e-05	6.22e-03	1.45e-01	8.49e-01
 5.70582e+22	2.69e-29	1.75e-23	7.61e-19	4.72e-15	6.81e-12	2.38e-09	3.07e-07	2.44e-05	6.67e-03	1.49e-01	8.44e-01
 5.79430e+22	3.92e-29	2.45e-23	1.02e-18	6.11e-15	8.50e-12	2.86e-09	3.55e-07	2.70e-05	7.12e-03	1.54e-01	8.39e-01
 5.89418e+22	6.33e-29	3.77e-23	1.49e-18	8.51e-15	1.13e-11	3.62e-09	4.26e-07	3.08e-05	7.75e-03	1.60e-01	8.32e-01
 5.99064e+22	8.98e-29	5.15e-23	1.97e-18	1.08e-14	1.39e-11	4.29e-09	4.87e-07	3.40e-05	8.24e-03	1.64e-01	8.27e-01
 6.08263e+22	1.45e-28	7.92e-23	2.88e-18	1.51e-14	1.84e-11	5.42e-09	5.84e-07	3.87e-05	8.94e-03	1.70e-01	8.21e-01
 6.17318e+22	2.04e-28	1.07e-22	3.76e-18	1.90e-14	2.25e-11	6.40e-09	6.64e-07	4.24e-05	9.49e-03	1.75e-01	8.16e-01
 6.24717e+22	2.78e-28	1.42e-22	4.82e-18	2.36e-14	2.70e-11	7.45e-09	7.47e-07	4.62e-05	1.00e-02	1.79e-01	8.11e-01
 6.32867e+22	4.25e-28	2.07e-22	6.73e-18	3.16e-14	3.47e-11	9.16e-09	8.77e-07	5.17e-05	1.08e-02	1.85e-01	8.04e-01
 6.40380e+22	5.69e-28	2.69e-22	8.47e-18	3.86e-14	4.12e-11	1.06e-08	9.78e-07	5.59e-05	1.13e-02	1.89e-01	8.00e-01
 6.46112e+22	7.48e-28	3.43e-22	1.05e-17	4.65e-14	4.83e-11	1.21e-08	1.08e-06	6.02e-05	1.18e-02	1.93e-01	7.95e-01
 6.52608e+22	1.03e-27	4.55e-22	1.35e-17	5.78e-14	5.82e-11	1.41e-08	1.22e-06	6.55e-05	1.25e-02	1.97e-01	7.90e-01
 6.59255e+22	1.36e-27	5.88e-22	1.69e-17	7.03e-14	6.88e-11	1.61e-08	1.36e-06	7.07e-05	1.31e-02	2.01e-01	7.85e-01
 6.64985e+22	1.78e-27	7.47e-22	2.09e-17	8.46e-14	8.05e-11	1.84e-08	1.50e-06	7.59e-05	1.37e-02	2.05e-01	7.81e-01
 6.71320e+22	2.48e-27	1.00e-21	2.71e-17	1.06e-13	9.78e-11	2.16e-08	1.70e-06	8.29e-05	1.45e-02	2.10e-01	7.75e-01
 6.77762e+22	3.28e-27	1.29e-21	3.38e-17	1.28e-13	1.15e-10	2.47e-08	1.89e-06	8.93e-05	1.51e-02	2.14e-01	7.70e-01
 6.83153e+22	4.27e-27	1.63e-21	4.16e-17	1.54e-13	1.34e-10	2.81e-08	2.08e-06	9.57e-05	1.58e-02	2.18e-01	7.66e-01
 6.88156e+22	5.51e-27	2.05e-21	5.08e-17	1.83e-13	1.56e-10	3.17e-08	2.29e-06	1.02e-04	1.65e-02	2.22e-01	7.61e-01
 6.93845e+22	7.62e-27	2.74e-21	6.56e-17	2.29e-13	1.89e-10	3.71e-08	2.58e-06	1.11e-04	1.74e-02	2.27e-01	7.55e-01
 6.99595e+22	9.82e-27	3.44e-21	8.02e-17	2.73e-13	2.19e-10	4.20e-08	2.84e-06	1.19e-04	1.81e-02	2.31e-01	7.51e-01
 7.05423e+22	1.36e-26	4.61e-21	1.04e-16	3.41e-13	2.65e-10	4.91e-08	3.20e-06	1.30e-04	1.91e-02	2.36e-01	7.44e-01
 7.11026e+22	1.74e-26	5.75e-21	1.26e-16	4.03e-13	3.06e-10	5.53e-08	3.51e-06	1.38e-04	1.99e-02	2.40e-01	7.40e-01
 7.15563e+22	2.23e-26	7.16e-21	1.53e-16	4.77e-13	3.53e-10	6.22e-08	3.84e-06	1.47e-04	2.07e-02	2.44e-01	7.35e-01
 7.20688e+22	3.01e-26	9.39e-21	1.94e-16	5.87e-13	4.21e-10	7.20e-08	4.29e-06	1.59e-04	2.17e-02	2.49e-01	7.29e-01
 7.25887e+22	3.85e-26	1.17e-20	2.35e-16	6.93e-13	4.86e-10	8.09e-08	4.69e-06	1.70e-04	2.25e-02	2.53e-01	7.24e-01
 7.31181e+22	5.42e-26	1.59e-20	3.08e-16	8.76e-13	5.93e-10	9.54e-08	5.32e-06	1.85e-04	2.38e-02	2.59e-01	7.17e-01
 7.36353e+22	6.90e-26	1.97e-20	3.72e-16	1.03e-12	6.82e-10	1.07e-07	5.81e-06	1.97e-04	2.47e-02	2.63e-01	7.12e-01
 7.41368e+22	9.57e-26	2.64e-20	4.82e-16	1.29e-12	8.25e-10	1.25e-07	6.55e-06	2.14e-04	2.60e-02	2.68e-01	7.06e-01
 7.46448e+22	1.24e-25	3.33e-20	5.90e-16	1.54e-12	9.58e-10	1.42e-07	7.19e-06	2.29e-04	2.70e-02	2.72e-01	7.00e-01
 7.51613e+22	1.74e-25	4.52e-20	7.73e-16	1.94e-12	1.17e-09	1.67e-07	8.15e-06	2.49e-04	2.85e-02	2.78e-01	6.93e-01
 7.56815e+22	2.29e-25	5.78e-20	9.58e-16	2.34e-12	1.37e-09	1.90e-07	9.00e-06	2.67e-04	2.97e-02	2.83e-01	6.87e-01
 7.61241e+22	2.94e-25	7.22e-20	1.16e-15	2.77e-12	1.58e-09	2.14e-07	9.86e-06	2.85e-04	3.09e-02	2.87e-01	6.82e-01
 7.66166e+22	4.23e-25	9.99e-20	1.55e-15	3.54e-12	1.95e-09	2.54e-07	1.12e-05	3.12e-04	3.26e-02	2.93e-01	6.74e-01
 7.71006e+22	5.39e-25	1.24e-19	1.87e-15	4.18e-12	2.25e-09	2.85e-07	1.23e-05	3.31e-04	3.39e-02	2.97e-01	6.68e-01
 7.75735e+22	7.65e-25	1.70e-19	2.47e-15	5.30e-12	2.75e-09	3.37e-07	1.39e-05	3.62e-04	3.57e-02	3.03e-01	6.61e-01
 7.80375e+22	9.63e-25	2.09e-19	2.96e-15	6.19e-12	3.14e-09	3.76e-07	1.52e-05	3.83e-04	3.70e-02	3.07e-01	6.55e-01
 7.84900e+22	1.38e-24	2.87e-19	3.91e-15	7.88e-12	3.86e-09	4.45e-07	1.72e-05	4.19e-04	3.90e-02	3.14e-01	6.47e-01
 7.89385e+22	1.74e-24	3.55e-19	4.70e-15	9.24e-12	4.42e-09	4.98e-07	1.88e-05	4.44e-04	4.04e-02	3.18e-01	6.41e-01
 7.93818e+22	2.47e-24	4.86e-19	6.20e-15	1.17e-11	5.41e-09	5.88e-07	2.13e-05	4.85e-04	4.26e-02	3.24e-01	6.33e-01
 7.98301e+22	3.19e-24	6.11e-19	7.57e-15	1.39e-11	6.27e-09	6.64e-07	2.34e-05	5.17e-04	4.42e-02	3.28e-01	6.27e-01
 8.02848e+22	4.59e-24	8.45e-19	1.01e-14	1.78e-11	7.72e-09	7.89e-07	2.67e-05	5.66e-04	4.67e-02	3.35e-01	6.18e-01
 8.07456e+22	5.97e-24	1.07e-18	1.24e-14	2.13e-11	8.99e-09	8.95e-07	2.94e-05	6.05e-04	4.86e-02	3.40e-01	6.11e-01
 8.12142e+22	8.58e-24	1.48e-18	1.65e-14	2.72e-11	1.11e-08	1.06e-06	3.35e-05	6.62e-04	5.12e-02	3.46e-01	6.02e-01
 8.16789e+22	1.13e-23	1.89e-18	2.04e-14	3.27e-11	1.30e-08	1.21e-06	3.70e-05	7.09e-04	5.34e-02	3.51e-01	5.95e-01
 8.21387e+22	1.62e-23	2.61e-18	2.70e-14	4.18e-11	1.60e-08	1.44e-06	4.23e-05	7.76e-04	5.63e-02	3.57e-01	5.85e-01
 8.26074e+22	2.16e-23	3.38e-18	3.39e-14	5.07e-11	1.89e-08	1.65e-06	4.70e-05	8.34e-04	5.87e-02	3.63e-01	5.78e-01
 8.30877e+22	3.14e-23	4.74e-18	4.56e-14	6.54e-11	2.35e-08	1.98e-06	5.40e-05	9.17e-04	6.21e-02	3.69e-01	5.68e-01
 8.35702e+22	4.20e-23	6.14e-18	5.72e-14	7.96e-11	2.78e-08	2.28e-06	6.01e-05	9.87e-04	6.48e-02	3.75e-01	5.59e-01
 8.40556e+22	6.12e-23	8.62e-18	7.70e-14	1.03e-10	3.46e-08	2.73e-06	6.91e-05	1.09e-03	6.86e-02	3.81e-01	5.49e-01
 8.45449e+22	8.20e-23	1.12e-17	9.68e-14	1.25e-10	4.09e-08	3.15e-06	7.71e-05	1.17e-03	7.16e-02	3.87e-01	5.40e-01
 8.49679e+22	1.08e-22	1.44e-17	1.21e-13	1.51e-10	4.82e-08	3.61e-06	8.56e-05	1.26e-03	7.46e-02	3.92e-01	5.32e-01
 8.54463e+22	1.56e-22	2.00e-17	1.61e-13	1.94e-10	5.97e-08	4.32e-06	9.83e-05	1.38e-03	7.88e-02	3.98e-01	5.21e-01
 8.59221e+22	2.03e-22	2.53e-17	1.98e-13	2.32e-10	6.96e-08	4.91e-06	1.09e-04	1.48e-03	8.20e-02	4.03e-01	5.14e-01
 8.63946e+22	2.85e-22	3.44e-17	2.59e-13	2.93e-10	8.50e-08	5.80e-06	1.24e-04	1.61e-03	8.62e-02	4.09e-01	5.03e-01
 8.68812e+22	3.77e-22	4.41e-17	3.23e-13	3.54e-10	1.00e-07	6.66e-06	1.37e-04	1.74e-03	8.99e-02	4.14e-01	4.95e-01
 8.73859e+22	5.37e-22	6.07e-17	4.27e-13	4.51e-10	1.23e-07	7.94e-06	1.58e-04	1.91e-03	9.48e-02	4.20e-01	4.83e-01
 8.78974e+22	7.02e-22	7.72e-17	5.28e-13	5.42e-10	1.45e-07	9.07e-06	1.75e-04	2.04e-03	9.87e-02	4.24e-01	4.75e-01
 8.84174e+22	9.98e-22	1.06e-16	6.98e-13	6.90e-10	1.78e-07	1.08e-05	2.01e-04	2.24e-03	1.04e-01	4.30e-01	4.63e-01
 8.89489e+22	1.30e-21	1.34e-16	8.61e-13	8.27e-10	2.09e-07	1.23e-05	2.22e-04	2.41e-03	1.08e-01	4.35e-01	4.55e-01
 8.94953e+22	1.83e-21	1.84e-16	1.13e-12	1.05e-09	2.56e-07	1.47e-05	2.55e-04	2.64e-03	1.14e-01	4.40e-01	4.43e-01
 9.00427e+22	2.37e-21	2.31e-16	1.39e-12	1.25e-09	2.99e-07	1.67e-05	2.82e-04	2.83e-03	1.19e-01	4.44e-01	4.34e-01
 9.05913e+22	3.30e-21	3.12e-16	1.81e-12	1.58e-09	3.65e-07	1.98e-05	3.22e-04	3.09e-03	1.25e-01	4.49e-01	4.23e-01
 9.11524e+22	4.24e-21	3.92e-16	2.22e-12	1.88e-09	4.25e-07	2.25e-05	3.55e-04	3.31e-03	1.29e-01	4.53e-01	4.14e-01
 9.17299e+22	5.90e-21	5.28e-16	2.88e-12	2.36e-09	5.18e-07	2.66e-05	4.06e-04	3.62e-03	1.36e-01	4.57e-01	4.03e-01
 9.22909e+22	7.37e-21	6.45e-16	3.45e-12	2.75e-09	5.93e-07	2.99e-05	4.43e-04	3.85e-03	1.41e-01	4.60e-01	3.95e-01
 9.28303e+22	9.87e-21	8.41e-16	4.36e-12	3.38e-09	7.09e-07	3.47e-05	4.99e-04	4.17e-03	1.47e-01	4.64e-01	3.84e-01
 9.33833e+22	1.24e-20	1.03e-15	5.23e-12	3.96e-09	8.13e-07	3.90e-05	5.47e-04	4.43e-03	1.52e-01	4.67e-01	3.76e-01
 9.39541e+22	1.67e-20	1.35e-15	6.66e-12	4.88e-09	9.77e-07	4.56e-05	6.18e-04	4.81e-03	1.59e-01	4.70e-01	3.65e-01
 9.45320e+22	2.08e-20	1.65e-15	7.95e-12	5.69e-09	1.12e-06	5.10e-05	6.75e-04	5.11e-03	1.64e-01	4.73e-01	3.57e-01
 9.51194e+22	2.77e-20	2.14e-15	1.00e-11	6.97e-09	1.33e-06	5.92e-05	7.59e-04	5.53e-03	1.71e-01	4.76e-01	3.47e-01
 9.57024e+22	3.43e-20	2.60e-15	1.19e-11	8.10e-09	1.52e-06	6.62e-05	8.28e-04	5.87e-03	1.76e-01	4.78e-01	3.39e-01
 9.62795e+22	4.52e-20	3.35e-15	1.49e-11	9.84e-09	1.80e-06	7.65e-05	9.28e-04	6.33e-03	1.84e-01	4.80e-01	3.29e-01
 9.68624e+22	5.54e-20	4.03e-15	1.76e-11	1.14e-08	2.04e-06	8.49e-05	1.01e-03	6.70e-03	1.89e-01	4.81e-01	3.22e-01
 9.74529e+22	7.25e-20	5.15e-15	2.19e-11	1.38e-08	2.41e-06	9.79e-05	1.13e-03	7.22e-03	1.97e-01	4.83e-01	3.12e-01
 9.80548e+22	8.91e-20	6.21e-15	2.58e-11	1.59e-08	2.74e-06	1.09e-04	1.22e-03	7.64e-03	2.03e-01	4.84e-01	3.04e-01
 9.86716e+22	1.17e-19	7.94e-15	3.22e-11	1.93e-08	3.24e-06	1.26e-04	1.37e-03	8.23e-03	2.11e-01	4.85e-01	2.94e-01
 9.92998e+22	1.43e-19	9.58e-15	3.81e-11	2.23e-08	3.68e-06	1.40e-04	1.49e-03	8.71e-03	2.17e-01	4.86e-01	2.87e-01
 9.99428e+22	1.88e-19	1.23e-14	4.75e-11	2.70e-08	4.35e-06	1.61e-04	1.67e-03	9.39e-03	2.25e-01	4.87e-01	2.77e-01
 1.00598e+23	2.31e-19	1.48e-14	5.62e-11	3.13e-08	4.95e-06	1.80e-04	1.81e-03	9.93e-03	2.32e-01	4.87e-01	2.70e-01
 1.01269e+23	3.03e-19	1.90e-14	7.01e-11	3.80e-08	5.85e-06	2.07e-04	2.03e-03	1.07e-02	2.41e-01	4.87e-01	2.60e-01
 1.01925e+23	3.65e-19	2.24e-14	8.15e-11	4.33e-08	6.56e-06	2.28e-04	2.18e-03	1.12e-02	2.47e-01	4.87e-01	2.53e-01
 1.02561e+23	4.69e-19	2.83e-14	1.00e-10	5.19e-08	7.69e-06	2.61e-04	2.43e-03	1.21e-02	2.55e-01	4.86e-01	2.44e-01
 1.03208e+23	5.65e-19	3.35e-14	1.17e-10	5.92e-08	8.61e-06	2.87e-04	2.61e-03	1.27e-02	2.61e-01	4.85e-01	2.38e-01
 1.03868e+23	7.23e-19	4.19e-14	1.43e-10	7.07e-08	1.00e-05	3.26e-04	2.89e-03	1.35e-02	2.70e-01	4.84e-01	2.29e-01
 1.04548e+23	8.84e-19	5.04e-14	1.68e-10	8.15e-08	1.14e-05	3.62e-04	3.14e-03	1.43e-02	2.77e-01	4.83e-01	2.22e-01
 1.05256e+23	1.13e-18	6.33e-14	2.06e-10	9.74e-08	1.33e-05	4.12e-04	3.47e-03	1.53e-02	2.86e-01	4.81e-01	2.14e-01
 1.05987e+23	1.40e-18	7.68e-14	2.45e-10	1.13e-07	1.51e-05	4.60e-04	3.78e-03	1.62e-02	2.94e-01	4.79e-01	2.07e-01
 1.06748e+23	1.82e-18	9.74e-14	3.04e-10	1.36e-07	1.78e-05	5.26e-04	4.19e-03	1.73e-02	3.03e-01	4.77e-01	1.98e-01
 1.07531e+23	2.26e-18	1.19e-13	3.63e-10	1.59e-07	2.03e-05	5.89e-04	4.57e-03	1.83e-02	3.11e-01	4.74e-01	1.91e-01
 1.08342e+23	2.96e-18	1.52e-13	4.52e-10	1.93e-07	2.40e-05	6.76e-04	5.08e-03	1.96e-02	3.21e-01	4.71e-01	1.83e-01
 1.09180e+23	3.72e-18	1.87e-13	5.44e-10	2.27e-07	2.76e-05	7.59e-04	5.55e-03	2.08e-02	3.30e-01	4.68e-01	1.76e-01
 1.10053e+23	4.92e-18	2.42e-13	6.85e-10	2.77e-07	3.28e-05	8.76e-04	6.20e-03	2.23e-02	3.40e-01	4.63e-01	1.67e-01
 1.10948e+23	6.22e-18	2.99e-13	8.29e-10	3.27e-07	3.78e-05	9.87e-04	6.79e-03	2.37e-02	3.49e-01	4.59e-01	1.60e-01
 1.11749e+23	7.79e-18	3.67e-13	9.95e-10	3.83e-07	4.33e-05	1.10e-03	7.39e-03	2.50e-02	3.57e-01	4.55e-01	1.54e-01
 1.12668e+23	1.04e-17	4.79e-13	1.27e-09	4.72e-07	5.19e-05	1.28e-03	8.30e-03	2.70e-02	3.69e-01	4.49e-01	1.45e-01
 1.13594e+23	1.30e-17	5.88e-13	1.52e-09	5.52e-07	5.94e-05	1.43e-03	9.03e-03	2.84e-02	3.77e-01	4.45e-01	1.39e-01
 1.14531e+23	1.74e-17	7.65e-13	1.92e-09	6.78e-07	7.09e-05	1.66e-03	1.01e-02	3.05e-02	3.88e-01	4.38e-01	1.31e-01
 1.15487e+23	2.20e-17	9.47e-13	2.33e-09	8.01e-07	8.18e-05	1.87e-03	1.10e-02	3.23e-02	3.97e-01	4.33e-01	1.25e-01
 1.16470e+23	2.95e-17	1.24e-12	2.96e-09	9.88e-07	9.80e-05	2.17e-03	1.24e-02	3.47e-02	4.08e-01	4.25e-01	1.18e-01
 1.17467e+23	3.73e-17	1.54e-12	3.60e-09	1.17e-06	1.13e-04	2.45e-03	1.36e-02	3.68e-02	4.17e-01	4.18e-01	1.12e-01
 1.18485e+23	5.03e-17	2.03e-12	4.61e-09	1.45e-06	1.37e-04	2.86e-03	1.53e-02	3.96e-02	4.29e-01	4.09e-01	1.04e-01
 1.19447e+23	6.14e-17	2.43e-12	5.44e-09	1.67e-06	1.55e-04	3.17e-03	1.65e-02	4.16e-02	4.36e-01	4.03e-01	9.92e-02
 1.20337e+23	7.91e-17	3.08e-12	6.72e-09	2.02e-06	1.82e-04	3.63e-03	1.83e-02	4.43e-02	4.46e-01	3.95e-01	9.30e-02
 1.21235e+23	9.64e-17	3.69e-12	7.92e-09	2.32e-06	2.05e-04	4.01e-03	1.97e-02	4.64e-02	4.53e-01	3.88e-01	8.85e-02
 1.22142e+23	1.24e-16	4.66e-12	9.79e-09	2.80e-06	2.42e-04	4.60e-03	2.19e-02	4.96e-02	4.63e-01	3.79e-01	8.25e-02
 1.23056e+23	1.50e-16	5.58e-12	1.15e-08	3.23e-06	2.74e-04	5.10e-03	2.36e-02	5.20e-02	4.70e-01	3.71e-01	7.82e-02
 1.23980e+23	1.91e-16	7.00e-12	1.42e-08	3.88e-06	3.22e-04	5.84e-03	2.62e-02	5.54e-02	4.79e-01	3.61e-01	7.26e-02
 1.24919e+23	2.32e-16	8.38e-12	1.67e-08	4.48e-06	3.65e-04	6.49e-03	2.84e-02	5.82e-02	4.85e-01	3.53e-01	6.84e-02
 1.25876e+23	2.94e-16	1.05e-11	2.06e-08	5.40e-06	4.30e-04	7.46e-03	3.16e-02	6.21e-02	4.94e-01	3.42e-01	6.30e-02
 1.26847e+23	3.55e-16	1.25e-11	2.43e-08	6.23e-06	4.88e-04	8.29e-03	3.42e-02	6.52e-02	5.00e-01	3.33e-01	5.91e-02
 1.27834e+23	4.47e-16	1.56e-11	2.99e-08	7.48e-06	5.75e-04	9.53e-03	3.80e-02	6.95e-02	5.08e-01	3.21e-01	5.41e-02
 1.28843e+23	5.35e-16	1.86e-11	3.52e-08	8.66e-06	6.55e-04	1.06e-02	4.13e-02	7.31e-02	5.13e-01	3.11e-01	5.03e-02
 1.29881e+23	6.67e-16	2.31e-11	4.31e-08	1.04e-05	7.73e-04	1.23e-02	4.60e-02	7.81e-02	5.20e-01	2.98e-01	4.56e-02
 1.30935e+23	7.89e-16	2.72e-11	5.06e-08	1.20e-05	8.80e-04	1.37e-02	5.01e-02	8.21e-02	5.24e-01	2.87e-01	4.21e-02
 1.31976e+23	9.55e-16	3.30e-11	6.10e-08	1.42e-05	1.03e-03	1.57e-02	5.55e-02	8.73e-02	5.29e-01	2.74e-01	3.80e-02
 1.32971e+23	1.09e-15	3.79e-11	6.97e-08	1.61e-05	1.15e-03	1.73e-02	5.96e-02	9.12e-02	5.31e-01	2.64e-01	3.52e-02
 1.33936e+23	1.28e-15	4.46e-11	8.21e-08	1.87e-05	1.33e-03	1.95e-02	6.55e-02	9.65e-02	5.34e-01	2.52e-01	3.18e-02
 1.34919e+23	1.44e-15	5.06e-11	9.34e-08	2.11e-05	1.48e-03	2.15e-02	7.04e-02	1.01e-01	5.35e-01	2.42e-01	2.93e-02
 1.35879e+23	1.63e-15	5.82e-11	1.08e-07	2.42e-05	1.69e-03	2.41e-02	7.67e-02	1.06e-01	5.36e-01	2.29e-01	2.64e-02
 1.36860e+23	1.81e-15	6.54e-11	1.22e-07	2.72e-05	1.88e-03	2.65e-02	8.24e-02	1.11e-01	5.35e-01	2.19e-01	2.41e-02
 1.37817e+23	1.99e-15	7.34e-11	1.38e-07	3.07e-05	2.12e-03	2.94e-02	8.90e-02	1.16e-01	5.34e-01	2.08e-01	2.17e-02
 1.38793e+23	2.17e-15	8.15e-11	1.56e-07	3.44e-05	2.36e-03	3.24e-02	9.55e-02	1.21e-01	5.32e-01	1.97e-01	1.97e-02
 1.39761e+23	2.34e-15	9.00e-11	1.74e-07	3.86e-05	2.64e-03	3.56e-02	1.02e-01	1.26e-01	5.29e-01	1.87e-01	1.77e-02
 1.40733e+23	2.49e-15	9.86e-11	1.94e-07	4.30e-05	2.93e-03	3.91e-02	1.10e-01	1.31e-01	5.25e-01	1.76e-01	1.59e-02
 1.41695e+23	2.63e-15	1.07e-10	2.15e-07	4.77e-05	3.25e-03	4.27e-02	1.17e-01	1.36e-01	5.21e-01	1.66e-01	1.43e-02
 1.42656e+23	2.75e-15	1.16e-10	2.38e-07	5.29e-05	3.59e-03	4.66e-02	1.24e-01	1.41e-01	5.15e-01	1.57e-01	1.29e-02
 1.43618e+23	2.86e-15	1.25e-10	2.62e-07	5.85e-05	3.96e-03	5.07e-02	1.32e-01	1.46e-01	5.09e-01	1.48e-01	1.15e-02
 1.44585e+23	2.96e-15	1.34e-10	2.88e-07	6.46e-05	4.37e-03	5.50e-02	1.39e-01	1.51e-01	5.02e-01	1.39e-01	1.03e-02
 1.45558e+23	3.05e-15	1.44e-10	3.17e-07	7.14e-05	4.82e-03	5.97e-02	1.47e-01	1.55e-01	4.94e-01	1.30e-01	9.23e-03
 1.46540e+23	3.13e-15	1.54e-10	3.49e-07	7.90e-05	5.31e-03	6.47e-02	1.55e-01	1.60e-01	4.85e-01	1.21e-01	8.22e-03
 1.47535e+23	3.20e-15	1.64e-10	3.84e-07	8.75e-05	5.85e-03	7.00e-02	1.63e-01	1.65e-01	4.76e-01	1.13e-01	7.31e-03
 1.48535e+23	3.27e-15	1.76e-10	4.23e-07	9.69e-05	6.45e-03	7.55e-02	1.71e-01	1.69e-01	4.66e-01	1.06e-01	6.49e-03
 1.49552e+23	3.33e-15	1.88e-10	4.67e-07	1.08e-04	7.12e-03	8.16e-02	1.79e-01	1.73e-01	4.55e-01	9.81e-02	5.73e-03
 1.50581e+23	3.40e-15	2.02e-10	5.17e-07	1.20e-04	7.84e-03	8.80e-02	1.87e-01	1.77e-01	4.44e-01	9.11e-02	5.06e-03
 1.51630e+23	3.48e-15	2.18e-10	5.76e-07	1.34e-04	8.68e-03	9.50e-02	1.96e-01	1.81e-01	4.31e-01	8.41e-02	4.44e-03
 1.52607e+23	3.56e-15	2.32e-10	6.31e-07	1.47e-04	9.43e-03	1.01e-01	2.02e-01	1.83e-01	4.21e-01	7.87e-02	3.99e-03
 1.53613e+23	3.65e-15	2.52e-10	7.10e-07	1.66e-04	1.05e-02	1.09e-01	2.11e-01	1.87e-01	4.07e-01	7.21e-02	3.47e-03
 1.54638e+23	3.77e-15	2.72e-10	7.84e-07	1.84e-04	1.14e-02	1.16e-01	2.17e-01	1.89e-01	3.96e-01	6.72e-02	3.10e-03
 1.55687e+23	3.90e-15	2.98e-10	8.92e-07	2.09e-04	1.27e-02	1.25e-01	2.25e-01	1.92e-01	3.81e-01	6.11e-02	2.67e-03
 1.56740e+23	4.09e-15	3.25e-10	9.93e-07	2.32e-04	1.39e-02	1.32e-01	2.32e-01	1.93e-01	3.69e-01	5.68e-02	2.38e-03
 1.57800e+23	4.30e-15	3.62e-10	1.14e-06	2.65e-04	1.55e-02	1.43e-01	2.39e-01	1.95e-01	3.54e-01	5.15e-02	2.04e-03
 1.58866e+23	4.54e-15	3.98e-10	1.28e-06	2.95e-04	1.68e-02	1.51e-01	2.45e-01	1.96e-01	3.42e-01	4.77e-02	1.82e-03
 1.59940e+23	4.86e-15	4.49e-10	1.48e-06	3.39e-04	1.88e-02	1.62e-01	2.52e-01	1.97e-01	3.26e-01	4.31e-02	1.55e-03
 1.61025e+23	5.20e-15	4.98e-10	1.67e-06	3.79e-04	2.05e-02	1.71e-01	2.57e-01	1.97e-01	3.14e-01	3.98e-02	1.37e-03
 1.62122e+23	5.67e-15	5.70e-10	1.95e-06	4.37e-04	2.28e-02	1.83e-01	2.63e-01	1.96e-01	2.98e-01	3.57e-02	1.17e-03
 1.63233e+23	6.16e-15	6.40e-10	2.22e-06	4.90e-04	2.49e-02	1.93e-01	2.68e-01	1.96e-01	2.85e-01	3.28e-02	1.03e-03
 1.64362e+23	6.88e-15	7.45e-10	2.62e-06	5.68e-04	2.77e-02	2.06e-01	2.73e-01	1.94e-01	2.69e-01	2.92e-02	8.68e-04
 1.65511e+23	7.62e-15	8.48e-10	3.00e-06	6.40e-04	3.02e-02	2.16e-01	2.76e-01	1.93e-01	2.56e-01	2.67e-02	7.58e-04
 1.66684e+23	8.73e-15	1.01e-09	3.59e-06	7.46e-04	3.38e-02	2.31e-01	2.80e-01	1.90e-01	2.40e-01	2.36e-02	6.34e-04
 1.67884e+23	9.89e-15	1.16e-09	4.16e-06	8.44e-04	3.69e-02	2.42e-01	2.83e-01	1.87e-01	2.28e-01	2.14e-02	5.49e-04
 1.69116e+23	1.17e-14	1.41e-09	5.03e-06	9.91e-04	4.12e-02	2.58e-01	2.86e-01	1.84e-01	2.11e-01	1.87e-02	4.53e-04
 1.70378e+23	1.36e-14	1.65e-09	5.88e-06	1.13e-03	4.50e-02	2.70e-01	2.87e-01	1.80e-01	1.99e-01	1.68e-02	3.89e-04
 1.71440e+23	1.55e-14	1.91e-09	6.75e-06	1.26e-03	4.86e-02	2.81e-01	2.88e-01	1.77e-01	1.88e-01	1.53e-02	3.39e-04
 1.72580e+23	1.86e-14	2.31e-09	8.07e-06	1.45e-03	5.36e-02	2.96e-01	2.89e-01	1.72e-01	1.75e-01	1.34e-02	2.83e-04
 1.73741e+23	2.17e-14	2.70e-09	9.31e-06	1.63e-03	5.78e-02	3.07e-01	2.89e-01	1.68e-01	1.64e-01	1.21e-02	2.45e-04
 1.74746e+23	2.53e-14	3.13e-09	1.07e-05	1.81e-03	6.21e-02	3.18e-01	2.88e-01	1.64e-01	1.55e-01	1.10e-02	2.13e-04
 1.75872e+23	3.09e-14	3.81e-09	1.27e-05	2.08e-03	6.80e-02	3.32e-01	2.87e-01	1.58e-01	1.43e-01	9.63e-03	1.77e-04
 1.76995e+23	3.63e-14	4.44e-09	1.46e-05	2.31e-03	7.26e-02	3.42e-01	2.85e-01	1.54e-01	1.35e-01	8.72e-03	1.55e-04
 1.78115e+23	4.48e-14	5.41e-09	1.73e-05	2.64e-03	7.91e-02	3.56e-01	2.82e-01	1.48e-01	1.24e-01	7.63e-03	1.29e-04
 1.79252e+23	5.34e-14	6.34e-09	1.99e-05	2.92e-03	8.44e-02	3.66e-01	2.80e-01	1.43e-01	1.16e-01	6.87e-03	1.11e-04
 1.80410e+23	6.71e-14	7.81e-09	2.37e-05	3.35e-03	9.19e-02	3.79e-01	2.76e-01	1.37e-01	1.06e-01	5.96e-03	9.17e-05
 1.81588e+23	8.08e-14	9.22e-09	2.73e-05	3.71e-03	9.79e-02	3.89e-01	2.73e-01	1.32e-01	9.91e-02	5.34e-03	7.89e-05
 1.82792e+23	1.03e-13	1.15e-08	3.28e-05	4.25e-03	1.06e-01	4.02e-01	2.68e-01	1.26e-01	9.00e-02	4.59e-03	6.42e-05
 1.84014e+23	1.26e-13	1.36e-08	3.77e-05	4.71e-03	1.13e-01	4.11e-01	2.63e-01	1.20e-01	8.34e-02	4.08e-03	5.49e-05
 1.85262e+23	1.64e-13	1.71e-08	4.55e-05	5.39e-03	1.23e-01	4.23e-01	2.57e-01	1.14e-01	7.52e-02	3.48e-03	4.42e-05
 1.86540e+23	2.02e-13	2.04e-08	5.26e-05	5.98e-03	1.31e-01	4.31e-01	2.51e-01	1.08e-01	6.92e-02	3.07e-03	3.74e-05
 1.87857e+23	2.68e-13	2.60e-08	6.38e-05	6.87e-03	1.41e-01	4.42e-01	2.44e-01	1.01e-01	6.17e-02	2.58e-03	2.97e-05
 1.89204e+23	3.35e-13	3.13e-08	7.41e-05	7.64e-03	1.50e-01	4.50e-01	2.38e-01	9.59e-02	5.63e-02	2.25e-03	2.48e-05
 1.90590e+23	4.50e-13	4.01e-08	9.01e-05	8.77e-03	1.62e-01	4.59e-01	2.29e-01	8.91e-02	4.99e-02	1.88e-03	1.94e-05
 1.91992e+23	5.66e-13	4.85e-08	1.05e-04	9.73e-03	1.72e-01	4.65e-01	2.22e-01	8.39e-02	4.53e-02	1.63e-03	1.61e-05
 1.93416e+23	7.69e-13	6.24e-08	1.28e-04	1.11e-02	1.86e-01	4.72e-01	2.12e-01	7.73e-02	3.98e-02	1.34e-03	1.25e-05
 1.94855e+23	9.71e-13	7.55e-08	1.48e-04	1.23e-02	1.96e-01	4.77e-01	2.05e-01	7.25e-02	3.59e-02	1.16e-03	1.03e-05
 1.96316e+23	1.32e-12	9.73e-08	1.80e-04	1.41e-02	2.10e-01	4.82e-01	1.95e-01	6.64e-02	3.13e-02	9.50e-04	7.94e-06
 1.97743e+23	1.65e-12	1.16e-07	2.07e-04	1.55e-02	2.21e-01	4.84e-01	1.88e-01	6.22e-02	2.84e-02	8.23e-04	6.58e-06
 1.99127e+23	2.20e-12	1.47e-07	2.46e-04	1.74e-02	2.35e-01	4.86e-01	1.79e-01	5.70e-02	2.49e-02	6.82e-04	5.15e-06
 2.00576e+23	2.81e-12	1.79e-07	2.87e-04	1.93e-02	2.47e-01	4.87e-01	1.71e-01	5.29e-02	2.22e-02	5.79e-04	4.16e-06
 2.01799e+23	3.45e-12	2.11e-07	3.25e-04	2.09e-02	2.57e-01	4.88e-01	1.64e-01	4.95e-02	2.02e-02	5.04e-04	3.48e-06
 2.03078e+23	4.44e-12	2.58e-07	3.79e-04	2.31e-02	2.70e-01	4.87e-01	1.56e-01	4.56e-02	1.79e-02	4.24e-04	2.78e-06
 2.04398e+23	5.54e-12	3.08e-07	4.32e-04	2.52e-02	2.81e-01	4.86e-01	1.49e-01	4.24e-02	1.61e-02	3.65e-04	2.29e-06
 2.05583e+23	6.83e-12	3.64e-07	4.90e-04	2.73e-02	2.92e-01	4.84e-01	1.42e-01	3.95e-02	1.45e-02	3.15e-04	1.89e-06
 2.06936e+23	8.87e-12	4.48e-07	5.72e-04	3.02e-02	3.06e-01	4.80e-01	1.34e-01	3.61e-02	1.27e-02	2.62e-04	1.49e-06
 2.08340e+23	1.12e-11	5.40e-07	6.58e-04	3.30e-02	3.18e-01	4.76e-01	1.27e-01	3.32e-02	1.13e-02	2.21e-04	1.20e-06
 2.09591e+23	1.39e-11	6.40e-07	7.46e-04	3.58e-02	3.29e-01	4.72e-01	1.21e-01	3.08e-02	1.01e-02	1.90e-04	9.85e-07
 2.10999e+23	1.81e-11	7.89e-07	8.71e-04	3.94e-02	3.43e-01	4.66e-01	1.13e-01	2.79e-02	8.79e-03	1.56e-04	7.68e-07
 2.12474e+23	2.32e-11	9.58e-07	1.01e-03	4.31e-02	3.56e-01	4.60e-01	1.06e-01	2.55e-02	7.71e-03	1.30e-04	6.08e-07
 2.13807e+23	2.89e-11	1.14e-06	1.14e-03	4.66e-02	3.68e-01	4.54e-01	1.00e-01	2.34e-02	6.84e-03	1.10e-04	4.91e-07
 2.15311e+23	3.82e-11	1.42e-06	1.34e-03	5.15e-02	3.82e-01	4.45e-01	9.30e-02	2.10e-02	5.87e-03	8.91e-05	3.75e-07
 2.16865e+23	4.89e-11	1.72e-06	1.54e-03	5.61e-02	3.95e-01	4.36e-01	8.67e-02	1.90e-02	5.12e-03	7.36e-05	2.94e-07
 2.18250e+23	6.14e-11	2.05e-06	1.76e-03	6.06e-02	4.06e-01	4.28e-01	8.12e-02	1.74e-02	4.50e-03	6.16e-05	2.34e-07
 2.19817e+23	8.15e-11	2.56e-06	2.06e-03	6.67e-02	4.21e-01	4.17e-01	7.46e-02	1.54e-02	3.82e-03	4.92e-05	1.76e-07
 2.21444e+23	1.05e-10	3.13e-06	2.38e-03	7.27e-02	4.33e-01	4.06e-01	6.89e-02	1.39e-02	3.28e-03	4.00e-05	1.35e-07
 2.22905e+23	1.33e-10	3.75e-06	2.71e-03	7.85e-02	4.44e-01	3.96e-01	6.40e-02	1.25e-02	2.86e-03	3.31e-05	0.00e+00
 2.24560e+23	1.79e-10	4.72e-06	3.20e-03	8.64e-02	4.57e-01	3.82e-01	5.80e-02	1.10e-02	2.39e-03	2.59e-05	0.00e+00
 2.26271e+23	2.31e-10	5.75e-06	3.68e-03	9.37e-02	4.68e-01	3.70e-01	5.32e-02	9.84e-03	2.04e-03	2.09e-05	0.00e+00
 2.27817e+23	2.95e-10	6.94e-06	4.21e-03	1.01e-01	4.78e-01	3.57e-01	4.89e-02	8.80e-03	1.75e-03	1.70e-05	0.00e+00
 2.29589e+23	4.04e-10	8.84e-06	5.00e-03	1.11e-01	4.90e-01	3.41e-01	4.37e-02	7.61e-03	1.43e-03	1.29e-05	0.00e+00
 2.31378e+23	5.21e-10	1.08e-05	5.74e-03	1.20e-01	4.98e-01	3.28e-01	3.98e-02	6.75e-03	1.22e-03	1.03e-05	0.00e+00
 2.33187e+23	7.05e-10	1.36e-05	6.76e-03	1.31e-01	5.08e-01	3.12e-01	3.54e-02	5.84e-03	9.95e-04	7.88e-06	0.00e+00
 2.35038e+23	9.21e-10	1.66e-05	7.80e-03	1.42e-01	5.15e-01	2.97e-01	3.19e-02	5.12e-03	8.31e-04	6.18e-06	0.00e+00
 2.36664e+23	1.18e-09	2.00e-05	8.88e-03	1.52e-01	5.21e-01	2.84e-01	2.89e-02	4.53e-03	7.02e-04	4.93e-06	0.00e+00
 2.38501e+23	1.61e-09	2.54e-05	1.05e-02	1.66e-01	5.27e-01	2.67e-01	2.54e-02	3.86e-03	5.64e-04	3.68e-06	0.00e+00
 2.40385e+23	2.09e-09	3.10e-05	1.20e-02	1.78e-01	5.31e-01	2.53e-01	2.27e-02	3.37e-03	4.68e-04	2.86e-06	0.00e+00
 2.42331e+23	2.87e-09	3.94e-05	1.42e-02	1.94e-01	5.34e-01	2.36e-01	1.97e-02	2.85e-03	3.72e-04	2.10e-06	0.00e+00
 2.44308e+23	3.74e-09	4.81e-05	1.63e-02	2.07e-01	5.35e-01	2.21e-01	1.75e-02	2.47e-03	3.05e-04	1.62e-06	0.00e+00
 2.46058e+23	4.83e-09	5.83e-05	1.85e-02	2.21e-01	5.35e-01	2.08e-01	1.55e-02	2.14e-03	2.52e-04	1.25e-06	0.00e+00
 2.48066e+23	6.70e-09	7.46e-05	2.19e-02	2.39e-01	5.33e-01	1.91e-01	1.32e-02	1.78e-03	1.95e-04	8.93e-07	0.00e+00
 2.50103e+23	8.68e-09	9.06e-05	2.49e-02	2.54e-01	5.29e-01	1.78e-01	1.16e-02	1.53e-03	1.59e-04	6.81e-07	0.00e+00
 2.51881e+23	1.11e-08	1.09e-04	2.82e-02	2.69e-01	5.25e-01	1.66e-01	1.03e-02	1.32e-03	1.30e-04	5.22e-07	0.00e+00
 2.53585e+23	1.40e-08	1.30e-04	3.17e-02	2.83e-01	5.20e-01	1.55e-01	9.09e-03	1.15e-03	1.07e-04	4.06e-07	0.00e+00
 2.55209e+23	1.74e-08	1.52e-04	3.53e-02	2.97e-01	5.14e-01	1.45e-01	8.09e-03	1.00e-03	8.95e-05	3.19e-07	0.00e+00
 2.57040e+23	2.33e-08	1.89e-04	4.06e-02	3.15e-01	5.05e-01	1.32e-01	6.89e-03	8.38e-04	6.99e-05	2.31e-07	0.00e+00
 2.58849e+23	2.88e-08	2.21e-04	4.50e-02	3.28e-01	4.97e-01	1.23e-01	6.12e-03	7.31e-04	5.82e-05	1.81e-07	0.00e+00
 2.60628e+23	3.76e-08	2.68e-04	5.11e-02	3.45e-01	4.86e-01	1.12e-01	5.25e-03	6.14e-04	4.59e-05	1.33e-07	0.00e+00
 2.62462e+23	4.70e-08	3.17e-04	5.69e-02	3.60e-01	4.75e-01	1.03e-01	4.59e-03	5.27e-04	3.74e-05	0.00e+00	0.00e+00
 2.64118e+23	5.84e-08	3.71e-04	6.30e-02	3.74e-01	4.64e-01	9.46e-02	4.02e-03	4.54e-04	3.06e-05	0.00e+00	0.00e+00
 2.66023e+23	7.72e-08	4.55e-04	7.18e-02	3.91e-01	4.48e-01	8.47e-02	3.38e-03	3.73e-04	2.35e-05	0.00e+00	0.00e+00
 2.67940e+23	9.61e-08	5.33e-04	7.94e-02	4.04e-01	4.35e-01	7.73e-02	2.94e-03	3.18e-04	1.90e-05	0.00e+00	0.00e+00
 2.69874e+23	1.26e-07	6.50e-04	8.99e-02	4.21e-01	4.17e-01	6.87e-02	2.45e-03	2.60e-04	1.45e-05	0.00e+00	0.00e+00
 2.71749e+23	1.54e-07	7.51e-04	9.84e-02	4.32e-01	4.04e-01	6.27e-02	2.14e-03	2.23e-04	1.18e-05	0.00e+00	0.00e+00
 2.73246e+23	1.85e-07	8.55e-04	1.07e-01	4.42e-01	3.91e-01	5.76e-02	1.89e-03	1.93e-04	9.77e-06	0.00e+00	0.00e+00
 2.74888e+23	2.30e-07	1.00e-03	1.18e-01	4.53e-01	3.75e-01	5.18e-02	1.62e-03	1.62e-04	7.74e-06	0.00e+00	0.00e+00
 2.76560e+23	2.76e-07	1.14e-03	1.27e-01	4.62e-01	3.61e-01	4.73e-02	1.41e-03	1.40e-04	6.35e-06	0.00e+00	0.00e+00
 2.78040e+23	3.30e-07	1.29e-03	1.37e-01	4.70e-01	3.47e-01	4.31e-02	1.24e-03	1.20e-04	5.22e-06	0.00e+00	0.00e+00
 2.79732e+23	4.10e-07	1.51e-03	1.51e-01	4.79e-01	3.29e-01	3.84e-02	1.05e-03	9.97e-05	4.08e-06	0.00e+00	0.00e+00
 2.81445e+23	4.92e-07	1.72e-03	1.63e-01	4.85e-01	3.15e-01	3.47e-02	9.11e-04	8.49e-05	3.31e-06	0.00e+00	0.00e+00
 2.82948e+23	5.85e-07	1.94e-03	1.75e-01	4.91e-01	3.00e-01	3.14e-02	7.93e-04	7.25e-05	2.70e-06	0.00e+00	0.00e+00
 2.84662e+23	7.24e-07	2.26e-03	1.91e-01	4.96e-01	2.82e-01	2.76e-02	6.67e-04	5.95e-05	2.09e-06	0.00e+00	0.00e+00
 2.86407e+23	8.66e-07	2.55e-03	2.05e-01	4.99e-01	2.68e-01	2.47e-02	5.74e-04	5.01e-05	1.67e-06	0.00e+00	0.00e+00
 2.87944e+23	1.03e-06	2.88e-03	2.20e-01	5.02e-01	2.53e-01	2.22e-02	4.95e-04	4.24e-05	1.35e-06	0.00e+00	0.00e+00
 2.89698e+23	1.27e-06	3.32e-03	2.38e-01	5.03e-01	2.36e-01	1.93e-02	4.12e-04	3.43e-05	1.03e-06	0.00e+00	0.00e+00
 2.91482e+23	1.51e-06	3.75e-03	2.55e-01	5.03e-01	2.21e-01	1.71e-02	3.51e-04	2.86e-05	8.18e-07	0.00e+00	0.00e+00
 2.93058e+23	1.79e-06	4.21e-03	2.71e-01	5.01e-01	2.08e-01	1.52e-02	3.01e-04	2.39e-05	6.52e-07	0.00e+00	0.00e+00
 2.94863e+23	2.20e-06	4.84e-03	2.93e-01	4.98e-01	1.91e-01	1.30e-02	2.47e-04	1.90e-05	4.89e-07	0.00e+00	0.00e+00
 2.96701e+23	2.62e-06	5.44e-03	3.12e-01	4.94e-01	1.77e-01	1.14e-02	2.08e-04	1.56e-05	3.82e-07	0.00e+00	0.00e+00
 2.98334e+23	3.10e-06	6.09e-03	3.31e-01	4.89e-01	1.65e-01	9.99e-03	1.76e-04	1.29e-05	3.00e-07	0.00e+00	0.00e+00
 3.00208e+23	3.81e-06	6.99e-03	3.55e-01	4.80e-01	1.49e-01	8.44e-03	1.43e-04	1.00e-05	2.21e-07	0.00e+00	0.00e+00
 3.02121e+23	4.53e-06	7.84e-03	3.76e-01	4.72e-01	1.37e-01	7.28e-03	1.19e-04	8.10e-06	1.69e-07	0.00e+00	0.00e+00
 3.03825e+23	5.36e-06	8.74e-03	3.97e-01	4.63e-01	1.25e-01	6.28e-03	9.90e-05	6.55e-06	1.30e-07	0.00e+00	0.00e+00
 3.05780e+23	6.59e-06	9.99e-03	4.23e-01	4.50e-01	1.12e-01	5.20e-03	7.87e-05	4.99e-06	0.00e+00	0.00e+00	0.00e+00
 3.07726e+23	7.83e-06	1.11e-02	4.45e-01	4.38e-01	1.01e-01	4.45e-03	6.50e-05	3.99e-06	0.00e+00	0.00e+00	0.00e+00
