#depth	He	He+	He+2
 4.62852e+21	5.83e-09	9.85e-04	9.99e-01
 1.03882e+22	1.20e-08	1.46e-03	9.99e-01
 1.20849e+22	1.83e-08	1.78e-03	9.98e-01
 1.30128e+22	2.39e-08	2.01e-03	9.98e-01
 1.34903e+22	2.63e-08	2.10e-03	9.98e-01
 1.37550e+22	2.90e-08	2.20e-03	9.98e-01
 1.40992e+22	3.33e-08	2.35e-03	9.98e-01
 1.44325e+22	3.68e-08	2.46e-03	9.98e-01
 1.47519e+22	4.17e-08	2.61e-03	9.97e-01
 1.50850e+22	4.66e-08	2.75e-03	9.97e-01
 1.53863e+22	5.17e-08	2.89e-03	9.97e-01
 1.57285e+22	5.89e-08	3.07e-03	9.97e-01
 1.60813e+22	6.61e-08	3.24e-03	9.97e-01
 1.63950e+22	7.36e-08	3.41e-03	9.97e-01
 1.67500e+22	8.41e-08	3.64e-03	9.96e-01
 1.71148e+22	9.45e-08	3.84e-03	9.96e-01
 1.74390e+22	1.05e-07	4.05e-03	9.96e-01
 1.78073e+22	1.21e-07	4.33e-03	9.96e-01
 1.81867e+22	1.36e-07	4.59e-03	9.95e-01
 1.85254e+22	1.53e-07	4.84e-03	9.95e-01
 1.89108e+22	1.76e-07	5.19e-03	9.95e-01
 1.92861e+22	1.97e-07	5.48e-03	9.95e-01
 1.95958e+22	2.18e-07	5.76e-03	9.94e-01
 1.99460e+22	2.48e-07	6.13e-03	9.94e-01
 2.03165e+22	2.78e-07	6.48e-03	9.94e-01
 2.07135e+22	3.24e-07	6.98e-03	9.93e-01
 2.11127e+22	3.64e-07	7.39e-03	9.93e-01
 2.14412e+22	4.04e-07	7.77e-03	9.92e-01
 2.17483e+22	4.48e-07	8.17e-03	9.92e-01
 2.21013e+22	5.07e-07	8.68e-03	9.91e-01
 2.24724e+22	5.69e-07	9.19e-03	9.91e-01
 2.28116e+22	6.35e-07	9.69e-03	9.90e-01
 2.31390e+22	7.08e-07	1.02e-02	9.90e-01
 2.34583e+22	7.85e-07	1.08e-02	9.89e-01
 2.38250e+22	9.01e-07	1.15e-02	9.88e-01
 2.41941e+22	1.00e-06	1.21e-02	9.88e-01
 2.45663e+22	1.15e-06	1.30e-02	9.87e-01
 2.49487e+22	1.29e-06	1.37e-02	9.86e-01
 2.52858e+22	1.44e-06	1.45e-02	9.86e-01
 2.56656e+22	1.65e-06	1.55e-02	9.84e-01
 2.60596e+22	1.87e-06	1.65e-02	9.84e-01
 2.64127e+22	2.09e-06	1.74e-02	9.83e-01
 2.68125e+22	2.42e-06	1.87e-02	9.81e-01
 2.72235e+22	2.75e-06	1.99e-02	9.80e-01
 2.76489e+22	3.21e-06	2.15e-02	9.79e-01
 2.80829e+22	3.66e-06	2.29e-02	9.77e-01
 2.85280e+22	4.32e-06	2.49e-02	9.75e-01
 2.89741e+22	4.90e-06	2.65e-02	9.74e-01
 2.93368e+22	5.47e-06	2.79e-02	9.72e-01
 2.97237e+22	6.32e-06	3.00e-02	9.70e-01
 3.01509e+22	7.26e-06	3.21e-02	9.68e-01
 3.05256e+22	8.09e-06	3.38e-02	9.66e-01
 3.09080e+22	9.32e-06	3.62e-02	9.64e-01
 3.12920e+22	1.04e-05	3.83e-02	9.62e-01
 3.16782e+22	1.19e-05	4.09e-02	9.59e-01
 3.20715e+22	1.34e-05	4.34e-02	9.57e-01
 3.24127e+22	1.50e-05	4.57e-02	9.54e-01
 3.27947e+22	1.71e-05	4.88e-02	9.51e-01
 3.31866e+22	1.93e-05	5.17e-02	9.48e-01
 3.35319e+22	2.15e-05	5.45e-02	9.46e-01
 3.39216e+22	2.46e-05	5.81e-02	9.42e-01
 3.43241e+22	2.77e-05	6.16e-02	9.38e-01
 3.46826e+22	3.10e-05	6.50e-02	9.35e-01
 3.50879e+22	3.56e-05	6.95e-02	9.30e-01
 3.55073e+22	4.02e-05	7.37e-02	9.26e-01
 3.58848e+22	4.52e-05	7.79e-02	9.22e-01
 3.63154e+22	5.25e-05	8.37e-02	9.16e-01
 3.67502e+22	5.90e-05	8.85e-02	9.11e-01
 3.71906e+22	6.86e-05	9.50e-02	9.05e-01
 3.76368e+22	7.70e-05	1.00e-01	9.00e-01
 3.80904e+22	8.98e-05	1.08e-01	8.92e-01
 3.85207e+22	9.98e-05	1.13e-01	8.87e-01
 3.89209e+22	1.13e-04	1.20e-01	8.80e-01
 3.93368e+22	1.27e-04	1.27e-01	8.73e-01
 3.97060e+22	1.41e-04	1.33e-01	8.67e-01
 4.01184e+22	1.61e-04	1.42e-01	8.58e-01
 4.05334e+22	1.79e-04	1.49e-01	8.51e-01
 4.09517e+22	2.04e-04	1.58e-01	8.42e-01
 4.13778e+22	2.27e-04	1.66e-01	8.34e-01
 4.18142e+22	2.60e-04	1.76e-01	8.23e-01
 4.22517e+22	2.89e-04	1.85e-01	8.15e-01
 4.26905e+22	3.28e-04	1.96e-01	8.04e-01
 4.31431e+22	3.68e-04	2.06e-01	7.94e-01
 4.35420e+22	4.10e-04	2.16e-01	7.84e-01
 4.39891e+22	4.70e-04	2.29e-01	7.71e-01
 4.44425e+22	5.23e-04	2.40e-01	7.60e-01
 4.46933e+22	5.35e-04	2.42e-01	7.57e-01
 4.48087e+22	5.54e-04	2.46e-01	7.53e-01
 4.49587e+22	5.79e-04	2.51e-01	7.49e-01
 4.51537e+22	6.12e-04	2.57e-01	7.43e-01
 4.54072e+22	6.57e-04	2.65e-01	7.35e-01
 4.57367e+22	7.26e-04	2.76e-01	7.23e-01
 4.61651e+22	8.19e-04	2.90e-01	7.09e-01
 4.66318e+22	9.13e-04	3.03e-01	6.96e-01
 4.71483e+22	1.06e-03	3.22e-01	6.77e-01
 4.76341e+22	1.17e-03	3.35e-01	6.64e-01
 4.80800e+22	1.31e-03	3.51e-01	6.48e-01
 4.85438e+22	1.45e-03	3.65e-01	6.33e-01
 4.89102e+22	1.57e-03	3.76e-01	6.22e-01
 4.92191e+22	1.69e-03	3.87e-01	6.11e-01
 4.95741e+22	1.85e-03	4.00e-01	5.98e-01
 4.99393e+22	2.00e-03	4.12e-01	5.86e-01
 5.02651e+22	2.16e-03	4.24e-01	5.74e-01
 5.06362e+22	2.37e-03	4.38e-01	5.59e-01
 5.10109e+22	2.55e-03	4.50e-01	5.47e-01
 5.13901e+22	2.80e-03	4.65e-01	5.32e-01
 5.17765e+22	3.03e-03	4.78e-01	5.19e-01
 5.21170e+22	3.27e-03	4.90e-01	5.06e-01
 5.24415e+22	3.50e-03	5.02e-01	4.95e-01
 5.28004e+22	3.81e-03	5.16e-01	4.81e-01
 5.31897e+22	4.12e-03	5.29e-01	4.67e-01
 5.35608e+22	4.46e-03	5.42e-01	4.53e-01
 5.39856e+22	4.95e-03	5.60e-01	4.35e-01
 5.44068e+22	5.33e-03	5.73e-01	4.22e-01
 5.48232e+22	5.84e-03	5.89e-01	4.06e-01
 5.52555e+22	6.33e-03	6.02e-01	3.91e-01
 5.56491e+22	6.86e-03	6.16e-01	3.77e-01
 5.61014e+22	7.60e-03	6.34e-01	3.59e-01
 5.65523e+22	8.19e-03	6.46e-01	3.45e-01
 5.70016e+22	9.04e-03	6.63e-01	3.28e-01
 5.74583e+22	9.76e-03	6.76e-01	3.14e-01
 5.79248e+22	1.08e-02	6.92e-01	2.97e-01
 5.84009e+22	1.17e-02	7.05e-01	2.83e-01
 5.88897e+22	1.30e-02	7.22e-01	2.65e-01
 5.93834e+22	1.40e-02	7.34e-01	2.52e-01
 5.98835e+22	1.56e-02	7.50e-01	2.34e-01
 6.03955e+22	1.69e-02	7.62e-01	2.21e-01
 6.09231e+22	1.89e-02	7.78e-01	2.03e-01
 6.14642e+22	2.05e-02	7.89e-01	1.90e-01
 6.18973e+22	2.20e-02	7.99e-01	1.79e-01
 6.22729e+22	2.35e-02	8.07e-01	1.69e-01
 6.26994e+22	2.55e-02	8.17e-01	1.58e-01
 6.31331e+22	2.75e-02	8.25e-01	1.48e-01
 6.35163e+22	2.94e-02	8.32e-01	1.38e-01
 6.39547e+22	3.21e-02	8.41e-01	1.27e-01
 6.44053e+22	3.46e-02	8.48e-01	1.18e-01
 6.48059e+22	3.72e-02	8.54e-01	1.09e-01
 6.52610e+22	4.09e-02	8.60e-01	9.89e-02
 6.57255e+22	4.42e-02	8.65e-01	9.06e-02
 6.61287e+22	4.77e-02	8.69e-01	8.31e-02
 6.65793e+22	5.25e-02	8.73e-01	7.45e-02
 6.70388e+22	5.70e-02	8.76e-01	6.74e-02
 6.74321e+22	6.16e-02	8.77e-01	6.13e-02
 6.78655e+22	6.78e-02	8.78e-01	5.46e-02
 6.83131e+22	7.41e-02	8.77e-01	4.89e-02
 6.86988e+22	8.04e-02	8.75e-01	4.42e-02
 6.90497e+22	8.67e-02	8.73e-01	4.02e-02
 6.93855e+22	9.37e-02	8.70e-01	3.66e-02
 6.97205e+22	1.01e-01	8.65e-01	3.33e-02
 7.00517e+22	1.10e-01	8.60e-01	3.03e-02
 7.02667e+22	1.14e-01	8.57e-01	2.91e-02
 7.03478e+22	1.16e-01	8.55e-01	2.86e-02
 7.04131e+22	1.18e-01	8.54e-01	2.80e-02
 7.04923e+22	1.21e-01	8.52e-01	2.74e-02
 7.05791e+22	1.24e-01	8.49e-01	2.67e-02
 7.06602e+22	1.27e-01	8.47e-01	2.61e-02
 7.07356e+22	1.29e-01	8.45e-01	2.55e-02
 7.08107e+22	1.32e-01	8.43e-01	2.50e-02
 7.08862e+22	1.35e-01	8.41e-01	2.45e-02
 7.09606e+22	1.38e-01	8.38e-01	2.40e-02
 7.10347e+22	1.41e-01	8.36e-01	2.35e-02
 7.11082e+22	1.44e-01	8.33e-01	2.30e-02
 7.11779e+22	1.47e-01	8.31e-01	2.26e-02
 7.12463e+22	1.50e-01	8.28e-01	2.21e-02
 7.13139e+22	1.53e-01	8.25e-01	2.18e-02
 7.13801e+22	1.56e-01	8.22e-01	2.13e-02
 7.14449e+22	1.59e-01	8.20e-01	2.10e-02
 7.15100e+22	1.63e-01	8.17e-01	2.06e-02
 7.15752e+22	1.66e-01	8.14e-01	2.03e-02
 7.16367e+22	1.69e-01	8.11e-01	1.99e-02
 7.16969e+22	1.73e-01	8.08e-01	1.96e-02
 7.17572e+22	1.77e-01	8.04e-01	1.93e-02
 7.18155e+22	1.80e-01	8.01e-01	1.91e-02
 7.18739e+22	1.84e-01	7.98e-01	1.88e-02
 7.19338e+22	1.88e-01	7.94e-01	1.85e-02
 7.19891e+22	1.91e-01	7.90e-01	1.82e-02
 7.20418e+22	1.95e-01	7.87e-01	1.81e-02
 7.20992e+22	1.99e-01	7.83e-01	1.78e-02
 7.21572e+22	2.03e-01	7.79e-01	1.75e-02
 7.22092e+22	2.07e-01	7.76e-01	1.74e-02
 7.22596e+22	2.11e-01	7.72e-01	1.72e-02
 7.23153e+22	2.15e-01	7.68e-01	1.70e-02
 7.23724e+22	2.20e-01	7.63e-01	1.68e-02
 7.24240e+22	2.24e-01	7.59e-01	1.67e-02
 7.24735e+22	2.28e-01	7.55e-01	1.65e-02
 7.25245e+22	2.33e-01	7.51e-01	1.64e-02
 7.25765e+22	2.38e-01	7.46e-01	1.62e-02
 7.26281e+22	2.43e-01	7.41e-01	1.61e-02
 7.26791e+22	2.47e-01	7.37e-01	1.60e-02
 7.27300e+22	2.52e-01	7.32e-01	1.59e-02
 7.27813e+22	2.58e-01	7.27e-01	1.58e-02
 7.28330e+22	2.63e-01	7.21e-01	1.57e-02
 7.28849e+22	2.68e-01	7.16e-01	1.56e-02
 7.29372e+22	2.74e-01	7.10e-01	1.56e-02
 7.29899e+22	2.80e-01	7.05e-01	1.55e-02
 7.30433e+22	2.86e-01	6.99e-01	1.54e-02
 7.30976e+22	2.92e-01	6.92e-01	1.54e-02
 7.31528e+22	2.99e-01	6.86e-01	1.54e-02
 7.32092e+22	3.06e-01	6.79e-01	1.53e-02
 7.32668e+22	3.13e-01	6.72e-01	1.53e-02
 7.33155e+22	3.18e-01	6.67e-01	1.54e-02
 7.33516e+22	3.22e-01	6.63e-01	1.54e-02
 7.33862e+22	3.27e-01	6.58e-01	1.53e-02
 7.34244e+22	3.32e-01	6.53e-01	1.53e-02
 7.34651e+22	3.37e-01	6.47e-01	1.53e-02
 7.35054e+22	3.43e-01	6.42e-01	1.53e-02
 7.35444e+22	3.48e-01	6.37e-01	1.53e-02
 7.35840e+22	3.54e-01	6.31e-01	1.52e-02
 7.36251e+22	3.60e-01	6.25e-01	1.52e-02
 7.36659e+22	3.66e-01	6.19e-01	1.52e-02
 7.37067e+22	3.72e-01	6.13e-01	1.51e-02
 7.37485e+22	3.78e-01	6.07e-01	1.51e-02
 7.37913e+22	3.85e-01	6.00e-01	1.51e-02
 7.38348e+22	3.92e-01	5.93e-01	1.50e-02
 7.38787e+22	3.99e-01	5.86e-01	1.49e-02
 7.39226e+22	4.06e-01	5.79e-01	1.48e-02
 7.39671e+22	4.14e-01	5.72e-01	1.47e-02
 7.40131e+22	4.21e-01	5.64e-01	1.46e-02
 7.40602e+22	4.30e-01	5.56e-01	1.45e-02
 7.41075e+22	4.38e-01	5.48e-01	1.44e-02
 7.41554e+22	4.47e-01	5.39e-01	1.42e-02
 7.42048e+22	4.56e-01	5.30e-01	1.41e-02
 7.42552e+22	4.65e-01	5.21e-01	1.39e-02
 7.43060e+22	4.75e-01	5.12e-01	1.37e-02
 7.43578e+22	4.84e-01	5.02e-01	1.35e-02
 7.44111e+22	4.94e-01	4.92e-01	1.33e-02
 7.44658e+22	5.05e-01	4.82e-01	1.30e-02
 7.45216e+22	5.16e-01	4.71e-01	1.28e-02
 7.45771e+22	5.27e-01	4.60e-01	1.25e-02
 7.46329e+22	5.38e-01	4.50e-01	1.22e-02
 7.46902e+22	5.50e-01	4.38e-01	1.19e-02
 7.47487e+22	5.61e-01	4.27e-01	1.16e-02
 7.48076e+22	5.73e-01	4.16e-01	1.13e-02
 7.48664e+22	5.84e-01	4.05e-01	1.10e-02
 7.49249e+22	5.96e-01	3.93e-01	1.07e-02
 7.49841e+22	6.07e-01	3.82e-01	1.03e-02
 7.50439e+22	6.19e-01	3.71e-01	1.00e-02
 7.51038e+22	6.31e-01	3.60e-01	9.67e-03
 7.51640e+22	6.42e-01	3.48e-01	9.33e-03
 7.52241e+22	6.54e-01	3.37e-01	8.99e-03
 7.52836e+22	6.65e-01	3.27e-01	8.66e-03
 7.53429e+22	6.76e-01	3.16e-01	8.33e-03
 7.54024e+22	6.86e-01	3.06e-01	8.00e-03
 7.54618e+22	6.97e-01	2.95e-01	7.68e-03
 7.55207e+22	7.07e-01	2.85e-01	7.35e-03
 7.55791e+22	7.17e-01	2.76e-01	7.04e-03
 7.56372e+22	7.27e-01	2.66e-01	6.73e-03
 7.56939e+22	7.37e-01	2.57e-01	6.44e-03
 7.57474e+22	7.45e-01	2.49e-01	6.17e-03
 7.57976e+22	7.53e-01	2.41e-01	5.92e-03
 7.58450e+22	7.61e-01	2.34e-01	5.68e-03
 7.58901e+22	7.68e-01	2.27e-01	5.45e-03
 7.59331e+22	7.74e-01	2.20e-01	5.24e-03
 7.59742e+22	7.81e-01	2.14e-01	5.04e-03
 7.60127e+22	7.86e-01	2.09e-01	4.85e-03
 7.60487e+22	7.92e-01	2.04e-01	4.68e-03
 7.60838e+22	7.97e-01	1.99e-01	4.52e-03
 7.61187e+22	8.02e-01	1.94e-01	4.36e-03
 7.61521e+22	8.06e-01	1.89e-01	4.21e-03
 7.61831e+22	8.11e-01	1.85e-01	4.07e-03
 7.62114e+22	8.15e-01	1.81e-01	3.94e-03
 7.62371e+22	8.18e-01	1.78e-01	3.83e-03
 7.62605e+22	8.21e-01	1.75e-01	3.73e-03
 7.62818e+22	8.24e-01	1.72e-01	3.64e-03
 7.63012e+22	8.27e-01	1.70e-01	3.55e-03
 7.63188e+22	8.29e-01	1.67e-01	3.48e-03
 7.63382e+22	8.32e-01	1.65e-01	3.40e-03
 7.63590e+22	8.35e-01	1.62e-01	3.31e-03
 7.63780e+22	8.37e-01	1.60e-01	3.24e-03
 7.63953e+22	8.39e-01	1.58e-01	3.17e-03
 7.64110e+22	8.41e-01	1.56e-01	3.11e-03
 7.64282e+22	8.43e-01	1.54e-01	3.04e-03
 7.64468e+22	8.46e-01	1.51e-01	2.97e-03
 7.64638e+22	8.48e-01	1.49e-01	2.91e-03
 7.64792e+22	8.50e-01	1.48e-01	2.85e-03
 7.64961e+22	8.52e-01	1.45e-01	2.79e-03
 7.65143e+22	8.54e-01	1.43e-01	2.72e-03
 7.65309e+22	8.55e-01	1.42e-01	2.68e-03
 7.65490e+22	8.58e-01	1.40e-01	2.62e-03
 7.65686e+22	8.59e-01	1.38e-01	2.57e-03
 7.65901e+22	8.62e-01	1.35e-01	2.49e-03
 7.66133e+22	8.64e-01	1.33e-01	2.43e-03
 7.66345e+22	8.66e-01	1.31e-01	2.38e-03
 7.66537e+22	8.68e-01	1.30e-01	2.33e-03
 7.66747e+22	8.70e-01	1.27e-01	2.27e-03
 7.66975e+22	8.72e-01	1.25e-01	2.21e-03
 7.67182e+22	8.74e-01	1.24e-01	2.16e-03
 7.67370e+22	8.76e-01	1.22e-01	2.12e-03
 7.67576e+22	8.78e-01	1.20e-01	2.06e-03
 7.67799e+22	8.80e-01	1.18e-01	2.01e-03
 7.68002e+22	8.82e-01	1.16e-01	1.96e-03
 7.68186e+22	8.83e-01	1.15e-01	1.92e-03
 7.68354e+22	8.85e-01	1.14e-01	1.88e-03
 7.68538e+22	8.86e-01	1.12e-01	1.83e-03
 7.68736e+22	8.88e-01	1.10e-01	1.79e-03
 7.68917e+22	8.89e-01	1.09e-01	1.75e-03
 7.69081e+22	8.91e-01	1.07e-01	1.72e-03
 7.69231e+22	8.92e-01	1.06e-01	1.69e-03
 7.69395e+22	8.93e-01	1.05e-01	1.65e-03
 7.69608e+22	8.95e-01	1.03e-01	1.61e-03
 7.69838e+22	8.97e-01	1.01e-01	1.57e-03
 7.70048e+22	8.99e-01	9.99e-02	1.52e-03
 7.70238e+22	9.00e-01	9.86e-02	1.49e-03
 7.70411e+22	9.01e-01	9.74e-02	1.46e-03
 7.70601e+22	9.03e-01	9.59e-02	1.42e-03
 7.70807e+22	9.04e-01	9.46e-02	1.39e-03
 7.70993e+22	9.05e-01	9.33e-02	1.36e-03
 7.71163e+22	9.07e-01	9.21e-02	1.33e-03
 7.71318e+22	9.07e-01	9.13e-02	1.31e-03
 7.71487e+22	9.09e-01	9.01e-02	1.28e-03
 7.71707e+22	9.10e-01	8.89e-02	1.25e-03
 7.71945e+22	9.11e-01	8.76e-02	1.23e-03
 7.72161e+22	9.12e-01	8.63e-02	1.20e-03
 7.72358e+22	9.14e-01	8.52e-02	1.17e-03
 7.72537e+22	9.14e-01	8.44e-02	1.15e-03
 7.72734e+22	9.16e-01	8.30e-02	1.12e-03
 7.72946e+22	9.17e-01	8.22e-02	1.10e-03
 7.73178e+22	9.18e-01	8.08e-02	1.07e-03
 7.73428e+22	9.19e-01	7.97e-02	1.05e-03
 7.73657e+22	9.20e-01	7.85e-02	1.02e-03
 7.73864e+22	9.22e-01	7.75e-02	9.96e-04
 7.74053e+22	9.22e-01	7.67e-02	9.80e-04
 7.74260e+22	9.23e-01	7.56e-02	9.56e-04
 7.74529e+22	9.25e-01	7.44e-02	9.29e-04
 7.74820e+22	9.26e-01	7.32e-02	9.06e-04
 7.75084e+22	9.27e-01	7.20e-02	8.80e-04
 7.75325e+22	9.28e-01	7.10e-02	8.57e-04
 7.75544e+22	9.29e-01	7.02e-02	8.42e-04
 7.75784e+22	9.30e-01	6.91e-02	8.19e-04
 7.76043e+22	9.31e-01	6.81e-02	7.99e-04
 7.76278e+22	9.32e-01	6.73e-02	7.82e-04
 7.76537e+22	9.33e-01	6.62e-02	7.59e-04
 7.76816e+22	9.34e-01	6.52e-02	7.40e-04
 7.77069e+22	9.35e-01	6.43e-02	7.21e-04
 7.77300e+22	9.36e-01	6.36e-02	7.08e-04
 7.77553e+22	9.37e-01	6.26e-02	6.89e-04
 7.77882e+22	9.38e-01	6.14e-02	6.66e-04
 7.78237e+22	9.39e-01	6.05e-02	6.48e-04
 7.78560e+22	9.40e-01	5.94e-02	6.28e-04
 7.78854e+22	9.41e-01	5.85e-02	6.10e-04
 7.79122e+22	9.42e-01	5.78e-02	5.98e-04
 7.79415e+22	9.43e-01	5.68e-02	5.79e-04
 7.79732e+22	9.44e-01	5.59e-02	5.63e-04
 7.80020e+22	9.44e-01	5.52e-02	5.51e-04
 7.80336e+22	9.45e-01	5.42e-02	5.33e-04
 7.80676e+22	9.46e-01	5.34e-02	5.18e-04
 7.80987e+22	9.47e-01	5.27e-02	5.06e-04
 7.81326e+22	9.48e-01	5.17e-02	4.88e-04
 7.81693e+22	9.49e-01	5.08e-02	4.74e-04
 7.82027e+22	9.49e-01	5.01e-02	4.62e-04
 7.82393e+22	9.50e-01	4.92e-02	4.46e-04
 7.82788e+22	9.51e-01	4.83e-02	4.32e-04
 7.83147e+22	9.52e-01	4.76e-02	4.21e-04
 7.83541e+22	9.53e-01	4.67e-02	4.05e-04
 7.83966e+22	9.54e-01	4.59e-02	3.92e-04
 7.84353e+22	9.54e-01	4.52e-02	3.81e-04
 7.84777e+22	9.55e-01	4.42e-02	3.66e-04
 7.85235e+22	9.56e-01	4.35e-02	3.55e-04
 7.85651e+22	9.57e-01	4.27e-02	3.43e-04
 7.86030e+22	9.58e-01	4.20e-02	3.33e-04
 7.86446e+22	9.58e-01	4.12e-02	3.21e-04
 7.86894e+22	9.59e-01	4.05e-02	3.10e-04
 7.87302e+22	9.60e-01	3.99e-02	3.01e-04
 7.87749e+22	9.61e-01	3.90e-02	2.90e-04
 7.88232e+22	9.61e-01	3.84e-02	2.81e-04
 7.88671e+22	9.62e-01	3.77e-02	2.71e-04
 7.89071e+22	9.63e-01	3.71e-02	2.63e-04
 7.89509e+22	9.63e-01	3.64e-02	2.53e-04
 7.89982e+22	9.64e-01	3.58e-02	2.45e-04
 7.90412e+22	9.65e-01	3.52e-02	2.38e-04
 7.90884e+22	9.65e-01	3.45e-02	2.29e-04
 7.91393e+22	9.66e-01	3.39e-02	2.21e-04
 7.91856e+22	9.66e-01	3.33e-02	2.14e-04
 7.92364e+22	9.67e-01	3.26e-02	2.05e-04
 7.92912e+22	9.68e-01	3.20e-02	1.98e-04
 7.93411e+22	9.68e-01	3.15e-02	1.91e-04
 7.93957e+22	9.69e-01	3.08e-02	1.83e-04
 7.94547e+22	9.70e-01	3.02e-02	1.77e-04
 7.95084e+22	9.70e-01	2.96e-02	1.70e-04
 7.95573e+22	9.71e-01	2.91e-02	1.64e-04
 7.96108e+22	9.71e-01	2.85e-02	1.58e-04
 7.96686e+22	9.72e-01	2.80e-02	1.52e-04
 7.97212e+22	9.72e-01	2.75e-02	1.47e-04
 7.97788e+22	9.73e-01	2.69e-02	1.41e-04
 7.98410e+22	9.73e-01	2.64e-02	1.36e-04
 7.98977e+22	9.74e-01	2.59e-02	1.31e-04
 7.99597e+22	9.75e-01	2.53e-02	1.25e-04
 8.00404e+22	9.75e-01	2.46e-02	1.18e-04
 8.01310e+22	9.76e-01	2.39e-02	1.12e-04
 8.02181e+22	9.77e-01	2.33e-02	1.06e-04
 8.03037e+22	9.77e-01	2.26e-02	9.99e-05
 8.03907e+22	9.78e-01	2.19e-02	9.46e-05
 8.04788e+22	9.79e-01	2.13e-02	8.93e-05
 8.05691e+22	9.79e-01	2.07e-02	8.42e-05
 8.06602e+22	9.80e-01	2.01e-02	7.94e-05
 8.07511e+22	9.80e-01	1.95e-02	7.49e-05
 8.08428e+22	9.81e-01	1.89e-02	7.06e-05
 8.09356e+22	9.82e-01	1.84e-02	6.65e-05
 8.10295e+22	9.82e-01	1.78e-02	6.27e-05
 8.11241e+22	9.83e-01	1.73e-02	5.90e-05
 8.12196e+22	9.83e-01	1.68e-02	5.56e-05
 8.13160e+22	9.84e-01	1.62e-02	5.23e-05
 8.14132e+22	9.84e-01	1.58e-02	4.92e-05
 8.15111e+22	9.85e-01	1.53e-02	4.63e-05
 8.16097e+22	9.85e-01	1.48e-02	4.35e-05
 8.17094e+22	9.86e-01	1.43e-02	4.09e-05
 8.18101e+22	9.86e-01	1.39e-02	3.85e-05
 8.19117e+22	9.86e-01	1.35e-02	3.61e-05
 8.20141e+22	9.87e-01	1.30e-02	3.39e-05
 8.21175e+22	9.87e-01	1.26e-02	3.19e-05
 8.22219e+22	9.88e-01	1.22e-02	2.99e-05
 8.23284e+22	9.88e-01	1.18e-02	2.81e-05
 8.24379e+22	9.89e-01	1.15e-02	2.63e-05
 8.25492e+22	9.89e-01	1.11e-02	2.46e-05
 8.26616e+22	9.89e-01	1.07e-02	2.30e-05
 8.27754e+22	9.90e-01	1.04e-02	2.15e-05
 8.28909e+22	9.90e-01	1.00e-02	2.01e-05
 8.30080e+22	9.90e-01	9.66e-03	1.88e-05
 8.31269e+22	9.91e-01	9.33e-03	1.75e-05
 8.32482e+22	9.91e-01	9.01e-03	1.63e-05
 8.33722e+22	9.91e-01	8.69e-03	1.52e-05
 8.34995e+22	9.92e-01	8.37e-03	1.41e-05
 8.36309e+22	9.92e-01	8.06e-03	1.31e-05
 8.37653e+22	9.92e-01	7.76e-03	1.22e-05
 8.39024e+22	9.93e-01	7.46e-03	1.13e-05
 8.40424e+22	9.93e-01	7.17e-03	1.04e-05
 8.41858e+22	9.93e-01	6.89e-03	9.62e-06
 8.43327e+22	9.93e-01	6.61e-03	8.87e-06
 8.44833e+22	9.94e-01	6.34e-03	8.16e-06
 8.46385e+22	9.94e-01	6.07e-03	7.50e-06
 8.47987e+22	9.94e-01	5.81e-03	6.87e-06
 8.49634e+22	9.94e-01	5.56e-03	6.29e-06
 8.51327e+22	9.95e-01	5.31e-03	5.74e-06
 8.53069e+22	9.95e-01	5.06e-03	5.23e-06
 8.54864e+22	9.95e-01	4.83e-03	4.76e-06
 8.56725e+22	9.95e-01	4.59e-03	4.31e-06
 8.58657e+22	9.96e-01	4.36e-03	3.89e-06
 8.60627e+22	9.96e-01	4.14e-03	3.51e-06
 8.62603e+22	9.96e-01	3.93e-03	3.17e-06
 8.64593e+22	9.96e-01	3.73e-03	2.86e-06
 8.66605e+22	9.96e-01	3.54e-03	2.58e-06
 8.68638e+22	9.97e-01	3.36e-03	2.33e-06
 8.70687e+22	9.97e-01	3.19e-03	2.09e-06
 8.72756e+22	9.97e-01	3.02e-03	1.88e-06
 8.74839e+22	9.97e-01	2.87e-03	1.70e-06
 8.76942e+22	9.97e-01	2.72e-03	1.53e-06
 8.79051e+22	9.97e-01	2.57e-03	1.37e-06
 8.81177e+22	9.98e-01	2.44e-03	1.23e-06
 8.83341e+22	9.98e-01	2.31e-03	1.10e-06
 8.85528e+22	9.98e-01	2.18e-03	9.88e-07
 8.87734e+22	9.98e-01	2.06e-03	8.84e-07
 8.89960e+22	9.98e-01	1.95e-03	7.90e-07
 8.92207e+22	9.98e-01	1.84e-03	7.05e-07
 8.94476e+22	9.98e-01	1.74e-03	6.29e-07
 8.96768e+22	9.98e-01	1.64e-03	5.60e-07
 8.99083e+22	9.98e-01	1.54e-03	4.98e-07
 9.01423e+22	9.99e-01	1.45e-03	4.43e-07
 9.03787e+22	9.99e-01	1.37e-03	3.93e-07
 9.06178e+22	9.99e-01	1.29e-03	3.48e-07
 9.08592e+22	9.99e-01	1.21e-03	3.08e-07
 9.11034e+22	9.99e-01	1.14e-03	2.72e-07
 9.13510e+22	9.99e-01	1.07e-03	2.39e-07
 9.16003e+22	9.99e-01	1.00e-03	2.11e-07
 9.18434e+22	9.99e-01	9.40e-04	1.86e-07
 9.20713e+22	9.99e-01	8.87e-04	1.66e-07
 9.22831e+22	9.99e-01	8.40e-04	1.49e-07
 9.24779e+22	9.99e-01	8.00e-04	1.35e-07
