#depth	S	S+	S+2	S+3	S+4	S+5	S+6	S+7	S+8	S+9	S+10	S+11	S+12	S+13	S+14	S+15	S+16
 1.54284e+22	0.00e+00	0.00e+00	0.00e+00	1.35e-25	3.90e-22	5.41e-19	1.75e-15	7.56e-13	1.31e-10	9.49e-09	4.13e-07	9.64e-06	1.52e-04	2.51e-03	8.28e-02	3.77e-01	5.37e-01
 3.57147e+22	0.00e+00	0.00e+00	1.77e-27	6.98e-24	1.44e-20	2.15e-17	5.08e-14	1.57e-11	1.93e-09	9.87e-08	3.05e-06	4.96e-05	5.34e-04	6.06e-03	1.38e-01	4.32e-01	4.24e-01
 4.36441e+22	0.00e+00	1.14e-30	3.68e-26	1.17e-22	1.90e-19	2.20e-16	4.34e-13	1.09e-10	1.08e-08	4.43e-07	1.10e-05	1.42e-04	1.19e-03	1.05e-02	1.86e-01	4.54e-01	3.48e-01
 4.83687e+22	0.00e+00	6.97e-30	1.96e-25	5.47e-22	7.79e-19	7.76e-16	1.40e-12	3.14e-10	2.78e-08	1.01e-06	2.23e-05	2.53e-04	1.83e-03	1.40e-02	2.17e-01	4.60e-01	3.07e-01
 5.04351e+22	0.00e+00	1.14e-29	3.09e-25	8.33e-22	1.14e-18	1.09e-15	1.92e-12	4.19e-10	3.59e-08	1.26e-06	2.70e-05	2.96e-04	2.06e-03	1.51e-02	2.26e-01	4.61e-01	2.96e-01
 5.12101e+22	0.00e+00	1.64e-29	4.31e-25	1.13e-21	1.51e-18	1.41e-15	2.43e-12	5.18e-10	4.33e-08	1.49e-06	3.10e-05	3.32e-04	2.24e-03	1.60e-02	2.32e-01	4.61e-01	2.88e-01
 5.20421e+22	0.00e+00	2.76e-29	6.98e-25	1.77e-21	2.27e-18	2.01e-15	3.39e-12	7.01e-10	5.68e-08	1.88e-06	3.80e-05	3.91e-04	2.53e-03	1.74e-02	2.42e-01	4.61e-01	2.76e-01
 5.28931e+22	0.00e+00	4.19e-29	1.03e-24	2.52e-21	3.13e-18	2.68e-15	4.43e-12	8.94e-10	7.06e-08	2.28e-06	4.47e-05	4.47e-04	2.79e-03	1.85e-02	2.50e-01	4.61e-01	2.67e-01
 5.37687e+22	0.00e+00	7.05e-29	1.66e-24	3.94e-21	4.69e-18	3.84e-15	6.18e-12	1.21e-09	9.26e-08	2.88e-06	5.47e-05	5.27e-04	3.15e-03	2.01e-02	2.60e-01	4.60e-01	2.56e-01
 5.46721e+22	0.00e+00	1.13e-28	2.57e-24	5.88e-21	6.75e-18	5.30e-15	8.36e-12	1.59e-09	1.18e-07	3.57e-06	6.57e-05	6.11e-04	3.52e-03	2.16e-02	2.69e-01	4.59e-01	2.46e-01
 5.54600e+22	0.00e+00	1.75e-28	3.83e-24	8.48e-21	9.41e-18	7.11e-15	1.10e-11	2.05e-09	1.48e-07	4.34e-06	7.76e-05	7.00e-04	3.89e-03	2.30e-02	2.78e-01	4.58e-01	2.37e-01
 5.62169e+22	0.00e+00	2.65e-28	5.64e-24	1.21e-20	1.30e-17	9.45e-15	1.44e-11	2.61e-09	1.84e-07	5.24e-06	9.12e-05	7.98e-04	4.29e-03	2.45e-02	2.86e-01	4.56e-01	2.29e-01
 5.70850e+22	0.00e+00	4.51e-28	9.21e-24	1.90e-20	1.95e-17	1.36e-14	2.01e-11	3.55e-09	2.42e-07	6.66e-06	1.12e-04	9.42e-04	4.84e-03	2.65e-02	2.97e-01	4.53e-01	2.18e-01
 5.79770e+22	0.00e+00	7.05e-28	1.39e-23	2.77e-20	2.75e-17	1.83e-14	2.67e-11	4.59e-09	3.05e-07	8.14e-06	1.33e-04	1.08e-03	5.36e-03	2.82e-02	3.06e-01	4.50e-01	2.09e-01
 5.89000e+22	0.00e+00	1.25e-27	2.35e-23	4.49e-20	4.25e-17	2.69e-14	3.83e-11	6.38e-09	4.09e-07	1.05e-05	1.66e-04	1.29e-03	6.10e-03	3.06e-02	3.17e-01	4.46e-01	1.98e-01
 5.98313e+22	0.00e+00	2.00e-27	3.63e-23	6.67e-20	6.08e-17	3.69e-14	5.15e-11	8.37e-09	5.22e-07	1.30e-05	1.98e-04	1.50e-03	6.79e-03	3.28e-02	3.27e-01	4.43e-01	1.89e-01
 6.05968e+22	0.00e+00	2.99e-27	5.26e-23	9.36e-20	8.25e-17	4.82e-14	6.63e-11	1.05e-08	6.42e-07	1.56e-05	2.31e-04	1.70e-03	7.43e-03	3.47e-02	3.35e-01	4.39e-01	1.82e-01
 6.14150e+22	0.00e+00	4.99e-27	8.40e-23	1.44e-19	1.21e-16	6.77e-14	9.14e-11	1.41e-08	8.34e-07	1.95e-05	2.81e-04	1.98e-03	8.33e-03	3.72e-02	3.45e-01	4.34e-01	1.72e-01
 6.22516e+22	0.00e+00	7.71e-27	1.25e-22	2.07e-19	1.69e-16	9.02e-14	1.20e-10	1.81e-08	1.04e-06	2.37e-05	3.32e-04	2.27e-03	9.18e-03	3.95e-02	3.54e-01	4.30e-01	1.65e-01
 6.29322e+22	0.00e+00	1.10e-26	1.74e-22	2.79e-19	2.20e-16	1.14e-13	1.50e-10	2.22e-08	1.25e-06	2.78e-05	3.80e-04	2.53e-03	9.93e-03	4.14e-02	3.61e-01	4.26e-01	1.58e-01
 6.36373e+22	0.00e+00	1.72e-26	2.61e-22	4.04e-19	3.07e-16	1.52e-13	1.97e-10	2.86e-08	1.57e-06	3.39e-05	4.50e-04	2.90e-03	1.09e-02	4.40e-02	3.70e-01	4.21e-01	1.51e-01
 6.43123e+22	0.00e+00	2.39e-26	3.54e-22	5.33e-19	3.93e-16	1.89e-13	2.42e-10	3.45e-08	1.86e-06	3.92e-05	5.10e-04	3.20e-03	1.18e-02	4.59e-02	3.77e-01	4.16e-01	1.45e-01
 6.48557e+22	0.00e+00	3.31e-26	4.76e-22	6.97e-19	5.00e-16	2.32e-13	2.95e-10	4.14e-08	2.20e-06	4.53e-05	5.76e-04	3.54e-03	1.26e-02	4.79e-02	3.83e-01	4.12e-01	1.40e-01
 6.53877e+22	0.00e+00	4.49e-26	6.30e-22	8.99e-19	6.27e-16	2.83e-13	3.56e-10	4.93e-08	2.57e-06	5.19e-05	6.47e-04	3.88e-03	1.35e-02	4.98e-02	3.89e-01	4.08e-01	1.35e-01
 6.59089e+22	0.00e+00	5.93e-26	8.14e-22	1.13e-18	7.72e-16	3.39e-13	4.23e-10	5.77e-08	2.96e-06	5.87e-05	7.19e-04	4.22e-03	1.43e-02	5.16e-02	3.94e-01	4.04e-01	1.31e-01
 6.64975e+22	0.00e+00	8.62e-26	1.15e-21	1.55e-18	1.02e-15	4.30e-13	5.32e-10	7.13e-08	3.58e-06	6.92e-05	8.28e-04	4.73e-03	1.55e-02	5.41e-02	4.01e-01	3.98e-01	1.25e-01
 6.70893e+22	0.00e+00	1.19e-25	1.54e-21	2.02e-18	1.29e-15	5.27e-13	6.47e-10	8.55e-08	4.22e-06	7.98e-05	9.35e-04	5.21e-03	1.66e-02	5.64e-02	4.07e-01	3.94e-01	1.20e-01
 6.75885e+22	0.00e+00	1.59e-25	2.01e-21	2.57e-18	1.59e-15	6.33e-13	7.72e-10	1.01e-07	4.89e-06	9.07e-05	1.04e-03	5.68e-03	1.77e-02	5.84e-02	4.12e-01	3.89e-01	1.16e-01
 6.80565e+22	0.00e+00	2.12e-25	2.61e-21	3.24e-18	1.96e-15	7.55e-13	9.16e-10	1.18e-07	5.65e-06	1.03e-04	1.16e-03	6.19e-03	1.88e-02	6.05e-02	4.17e-01	3.84e-01	1.12e-01
 6.85082e+22	0.00e+00	2.75e-25	3.31e-21	4.02e-18	2.37e-15	8.89e-13	1.07e-09	1.37e-07	6.44e-06	1.15e-04	1.28e-03	6.69e-03	1.98e-02	6.24e-02	4.21e-01	3.80e-01	1.08e-01
 6.90225e+22	0.00e+00	3.88e-25	4.52e-21	5.33e-18	3.04e-15	1.10e-12	1.32e-09	1.66e-07	7.67e-06	1.34e-04	1.45e-03	7.41e-03	2.13e-02	6.50e-02	4.27e-01	3.74e-01	1.04e-01
 6.95474e+22	0.00e+00	5.15e-25	5.85e-21	6.71e-18	3.72e-15	1.31e-12	1.56e-09	1.94e-07	8.84e-06	1.52e-04	1.62e-03	8.06e-03	2.26e-02	6.72e-02	4.31e-01	3.69e-01	1.00e-01
 7.00860e+22	0.00e+00	7.36e-25	8.10e-21	8.99e-18	4.81e-15	1.63e-12	1.94e-09	2.37e-07	1.06e-05	1.77e-04	1.85e-03	8.96e-03	2.43e-02	7.00e-02	4.37e-01	3.62e-01	9.53e-02
 7.06292e+22	0.00e+00	1.00e-24	1.07e-20	1.16e-17	6.00e-15	1.96e-12	2.32e-09	2.81e-07	1.24e-05	2.03e-04	2.07e-03	9.81e-03	2.59e-02	7.25e-02	4.41e-01	3.57e-01	9.14e-02
 7.10637e+22	0.00e+00	1.29e-24	1.35e-20	1.42e-17	7.16e-15	2.28e-12	2.69e-09	3.22e-07	1.40e-05	2.26e-04	2.27e-03	1.06e-02	2.73e-02	7.46e-02	4.45e-01	3.52e-01	8.83e-02
 7.15138e+22	0.00e+00	1.76e-24	1.79e-20	1.82e-17	8.92e-15	2.74e-12	3.24e-09	3.83e-07	1.64e-05	2.59e-04	2.55e-03	1.16e-02	2.91e-02	7.72e-02	4.49e-01	3.46e-01	8.45e-02
 7.19792e+22	0.00e+00	2.29e-24	2.26e-20	2.25e-17	1.07e-14	3.21e-12	3.78e-09	4.42e-07	1.87e-05	2.90e-04	2.80e-03	1.25e-02	3.06e-02	7.94e-02	4.52e-01	3.41e-01	8.14e-02
 7.24644e+22	0.00e+00	3.26e-24	3.12e-20	2.98e-17	1.37e-14	3.93e-12	4.63e-09	5.37e-07	2.23e-05	3.38e-04	3.19e-03	1.38e-02	3.29e-02	8.25e-02	4.57e-01	3.33e-01	7.74e-02
 7.29409e+22	0.00e+00	4.21e-24	3.93e-20	3.67e-17	1.64e-14	4.58e-12	5.39e-09	6.18e-07	2.54e-05	3.77e-04	3.51e-03	1.49e-02	3.46e-02	8.47e-02	4.59e-01	3.28e-01	7.45e-02
 7.34059e+22	0.00e+00	6.04e-24	5.44e-20	4.88e-17	2.09e-14	5.60e-12	6.62e-09	7.52e-07	3.04e-05	4.41e-04	4.00e-03	1.65e-02	3.72e-02	8.79e-02	4.63e-01	3.20e-01	7.05e-02
 7.38637e+22	0.00e+00	7.77e-24	6.83e-20	5.97e-17	2.49e-14	6.47e-12	7.65e-09	8.62e-07	3.44e-05	4.91e-04	4.38e-03	1.78e-02	3.90e-02	9.01e-02	4.65e-01	3.15e-01	6.79e-02
 7.43123e+22	0.00e+00	1.08e-23	9.22e-20	7.77e-17	3.12e-14	7.80e-12	9.26e-09	1.03e-06	4.06e-05	5.66e-04	4.95e-03	1.95e-02	4.16e-02	9.31e-02	4.68e-01	3.08e-01	6.44e-02
 7.47773e+22	0.00e+00	1.45e-23	1.20e-19	9.76e-17	3.79e-14	9.16e-12	1.09e-08	1.21e-06	4.68e-05	6.40e-04	5.49e-03	2.12e-02	4.40e-02	9.58e-02	4.70e-01	3.01e-01	6.15e-02
 7.51806e+22	0.00e+00	1.87e-23	1.50e-19	1.19e-16	4.50e-14	1.05e-11	1.26e-08	1.39e-06	5.31e-05	7.13e-04	6.01e-03	2.28e-02	4.62e-02	9.81e-02	4.72e-01	2.96e-01	5.90e-02
 7.56219e+22	0.00e+00	2.68e-23	2.07e-19	1.58e-16	5.69e-14	1.28e-11	1.54e-08	1.68e-06	6.33e-05	8.30e-04	6.84e-03	2.52e-02	4.94e-02	1.01e-01	4.73e-01	2.87e-01	5.56e-02
 7.60584e+22	0.00e+00	3.44e-23	2.60e-19	1.92e-16	6.73e-14	1.46e-11	1.77e-08	1.92e-06	7.17e-05	9.23e-04	7.48e-03	2.70e-02	5.18e-02	1.04e-01	4.74e-01	2.82e-01	5.33e-02
 7.64884e+22	0.00e+00	4.89e-23	3.55e-19	2.52e-16	8.44e-14	1.76e-11	2.15e-08	2.32e-06	8.51e-05	1.07e-03	8.47e-03	2.97e-02	5.52e-02	1.07e-01	4.75e-01	2.73e-01	5.02e-02
 7.69113e+22	0.00e+00	6.24e-23	4.42e-19	3.04e-16	9.92e-14	2.00e-11	2.47e-08	2.64e-06	9.59e-05	1.18e-03	9.23e-03	3.18e-02	5.77e-02	1.09e-01	4.75e-01	2.68e-01	4.81e-02
 7.73248e+22	0.00e+00	8.87e-23	6.04e-19	3.98e-16	1.24e-13	2.39e-11	2.98e-08	3.17e-06	1.14e-04	1.37e-03	1.04e-02	3.50e-02	6.15e-02	1.12e-01	4.75e-01	2.59e-01	4.52e-02
 7.77366e+22	0.00e+00	1.14e-22	7.53e-19	4.82e-16	1.45e-13	2.72e-11	3.42e-08	3.62e-06	1.28e-04	1.52e-03	1.14e-02	3.74e-02	6.42e-02	1.14e-01	4.75e-01	2.53e-01	4.32e-02
 7.81462e+22	0.00e+00	1.62e-22	1.03e-18	6.29e-16	1.81e-13	3.23e-11	4.13e-08	4.35e-06	1.52e-04	1.76e-03	1.28e-02	4.11e-02	6.83e-02	1.17e-01	4.73e-01	2.45e-01	4.04e-02
 7.85583e+22	0.00e+00	2.10e-22	1.30e-18	7.66e-16	2.13e-13	3.68e-11	4.75e-08	4.99e-06	1.72e-04	1.95e-03	1.40e-02	4.40e-02	7.14e-02	1.20e-01	4.72e-01	2.38e-01	3.85e-02
 7.89736e+22	0.00e+00	3.01e-22	1.79e-18	1.01e-15	2.66e-13	4.37e-11	5.76e-08	6.02e-06	2.05e-04	2.26e-03	1.59e-02	4.84e-02	7.59e-02	1.23e-01	4.70e-01	2.29e-01	3.58e-02
 7.93921e+22	3.93e-34	3.94e-22	2.27e-18	1.23e-15	3.15e-13	4.99e-11	6.65e-08	6.92e-06	2.33e-04	2.52e-03	1.74e-02	5.18e-02	7.93e-02	1.25e-01	4.68e-01	2.23e-01	3.40e-02
 7.98148e+22	6.05e-34	5.65e-22	3.12e-18	1.61e-15	3.92e-13	5.91e-11	8.04e-08	8.33e-06	2.76e-04	2.91e-03	1.96e-02	5.68e-02	8.40e-02	1.27e-01	4.64e-01	2.14e-01	3.15e-02
 8.02337e+22	8.38e-34	7.42e-22	3.96e-18	1.98e-15	4.62e-13	6.72e-11	9.27e-08	9.58e-06	3.14e-04	3.25e-03	2.14e-02	6.08e-02	8.77e-02	1.29e-01	4.61e-01	2.07e-01	2.98e-02
 8.06476e+22	1.29e-33	1.06e-21	5.43e-18	2.58e-15	5.72e-13	7.92e-11	1.12e-07	1.15e-05	3.72e-04	3.74e-03	2.40e-02	6.64e-02	9.26e-02	1.32e-01	4.56e-01	1.98e-01	2.76e-02
 8.10678e+22	1.81e-33	1.41e-21	6.97e-18	3.18e-15	6.78e-13	9.02e-11	1.29e-07	1.33e-05	4.24e-04	4.17e-03	2.63e-02	7.11e-02	9.66e-02	1.34e-01	4.51e-01	1.91e-01	2.59e-02
 8.14961e+22	2.82e-33	2.05e-21	9.66e-18	4.18e-15	8.43e-13	1.07e-10	1.56e-07	1.60e-05	5.03e-04	4.82e-03	2.96e-02	7.77e-02	1.02e-01	1.36e-01	4.45e-01	1.81e-01	2.38e-02
 8.19297e+22	4.01e-33	2.74e-21	1.25e-17	5.18e-15	1.00e-12	1.22e-10	1.81e-07	1.85e-05	5.75e-04	5.38e-03	3.24e-02	8.32e-02	1.06e-01	1.37e-01	4.39e-01	1.74e-01	2.22e-02
 8.23701e+22	6.33e-33	4.02e-21	1.75e-17	6.85e-15	1.25e-12	1.44e-10	2.19e-07	2.24e-05	6.84e-04	6.21e-03	3.64e-02	9.07e-02	1.12e-01	1.39e-01	4.30e-01	1.64e-01	2.02e-02
 8.28128e+22	8.99e-33	5.40e-21	2.26e-17	8.49e-15	1.48e-12	1.63e-10	2.53e-07	2.58e-05	7.80e-04	6.92e-03	3.97e-02	9.68e-02	1.16e-01	1.40e-01	4.23e-01	1.57e-01	1.88e-02
 8.31938e+22	1.26e-32	7.18e-21	2.90e-17	1.04e-14	1.75e-12	1.85e-10	2.91e-07	2.96e-05	8.84e-04	7.68e-03	4.32e-02	1.03e-01	1.20e-01	1.41e-01	4.16e-01	1.50e-01	1.75e-02
 8.36242e+22	1.97e-32	1.04e-20	4.01e-17	1.37e-14	2.16e-12	2.16e-10	3.49e-07	3.54e-05	1.04e-03	8.78e-03	4.81e-02	1.11e-01	1.26e-01	1.42e-01	4.06e-01	1.41e-01	1.58e-02
 8.40544e+22	2.73e-32	1.37e-20	5.09e-17	1.67e-14	2.52e-12	2.44e-10	3.97e-07	4.03e-05	1.17e-03	9.66e-03	5.19e-02	1.18e-01	1.30e-01	1.42e-01	3.98e-01	1.35e-01	1.47e-02
 8.44845e+22	4.21e-32	1.97e-20	6.99e-17	2.17e-14	3.10e-12	2.84e-10	4.72e-07	4.78e-05	1.37e-03	1.10e-02	5.73e-02	1.27e-01	1.35e-01	1.43e-01	3.86e-01	1.26e-01	1.33e-02
 8.49193e+22	5.82e-32	2.59e-20	8.87e-17	2.64e-14	3.62e-12	3.19e-10	5.36e-07	5.42e-05	1.53e-03	1.20e-02	6.16e-02	1.33e-01	1.39e-01	1.43e-01	3.78e-01	1.20e-01	1.23e-02
 8.53605e+22	8.89e-32	3.70e-20	1.21e-16	3.42e-14	4.44e-12	3.72e-10	6.32e-07	6.37e-05	1.77e-03	1.35e-02	6.76e-02	1.42e-01	1.43e-01	1.42e-01	3.66e-01	1.12e-01	1.11e-02
 8.58138e+22	1.25e-31	4.94e-20	1.56e-16	4.21e-14	5.23e-12	4.21e-10	7.21e-07	7.26e-05	1.99e-03	1.49e-02	7.27e-02	1.50e-01	1.47e-01	1.42e-01	3.55e-01	1.06e-01	1.02e-02
 8.62831e+22	1.94e-31	7.16e-20	2.15e-16	5.50e-14	6.44e-12	4.92e-10	8.51e-07	8.55e-05	2.31e-03	1.67e-02	7.96e-02	1.60e-01	1.51e-01	1.41e-01	3.42e-01	9.81e-02	9.10e-03
 8.67612e+22	2.73e-31	9.54e-20	2.77e-16	6.78e-14	7.60e-12	5.57e-10	9.67e-07	9.70e-05	2.58e-03	1.83e-02	8.52e-02	1.67e-01	1.55e-01	1.40e-01	3.31e-01	9.22e-02	8.31e-03
 8.72510e+22	4.23e-31	1.38e-19	3.82e-16	8.85e-14	9.38e-12	6.53e-10	1.14e-06	1.14e-04	2.98e-03	2.04e-02	9.27e-02	1.77e-01	1.59e-01	1.38e-01	3.17e-01	8.50e-02	7.38e-03
 8.77552e+22	6.00e-31	1.86e-19	4.95e-16	1.10e-13	1.11e-11	7.44e-10	1.29e-06	1.29e-04	3.33e-03	2.23e-02	9.90e-02	1.85e-01	1.61e-01	1.37e-01	3.06e-01	7.95e-02	6.70e-03
 8.82059e+22	8.41e-31	2.47e-19	6.35e-16	1.35e-13	1.31e-11	8.43e-10	1.46e-06	1.45e-04	3.70e-03	2.42e-02	1.05e-01	1.93e-01	1.64e-01	1.35e-01	2.95e-01	7.43e-02	6.08e-03
 8.87199e+22	1.29e-30	3.56e-19	8.74e-16	1.76e-13	1.62e-11	9.89e-10	1.70e-06	1.69e-04	4.22e-03	2.69e-02	1.14e-01	2.03e-01	1.67e-01	1.32e-01	2.80e-01	6.80e-02	5.36e-03
 8.92418e+22	1.81e-30	4.72e-19	1.12e-15	2.17e-13	1.91e-11	1.12e-09	1.92e-06	1.89e-04	4.68e-03	2.91e-02	1.20e-01	2.10e-01	1.68e-01	1.30e-01	2.69e-01	6.34e-02	4.85e-03
 8.97741e+22	2.77e-30	6.78e-19	1.54e-15	2.82e-13	2.35e-11	1.32e-09	2.22e-06	2.19e-04	5.31e-03	3.21e-02	1.29e-01	2.19e-01	1.70e-01	1.27e-01	2.55e-01	5.78e-02	4.25e-03
 9.02912e+22	3.74e-30	8.74e-19	1.92e-15	3.40e-13	2.73e-11	1.48e-09	2.47e-06	2.42e-04	5.80e-03	3.43e-02	1.35e-01	2.26e-01	1.71e-01	1.25e-01	2.45e-01	5.40e-02	3.87e-03
 9.07884e+22	5.51e-30	1.21e-18	2.56e-15	4.33e-13	3.31e-11	1.71e-09	2.81e-06	2.75e-04	6.48e-03	3.73e-02	1.43e-01	2.34e-01	1.72e-01	1.22e-01	2.32e-01	4.94e-02	3.42e-03
 9.12948e+22	7.41e-30	1.56e-18	3.20e-15	5.21e-13	3.84e-11	1.92e-09	3.12e-06	3.03e-04	7.05e-03	3.98e-02	1.50e-01	2.40e-01	1.73e-01	1.19e-01	2.22e-01	4.61e-02	3.11e-03
 9.18132e+22	1.09e-29	2.16e-18	4.25e-15	6.62e-13	4.65e-11	2.23e-09	3.55e-06	3.43e-04	7.85e-03	4.31e-02	1.58e-01	2.47e-01	1.73e-01	1.16e-01	2.10e-01	4.20e-02	2.74e-03
 9.23451e+22	1.48e-29	2.81e-18	5.35e-15	8.04e-13	5.44e-11	2.52e-09	3.93e-06	3.78e-04	8.55e-03	4.59e-02	1.65e-01	2.53e-01	1.73e-01	1.13e-01	2.00e-01	3.89e-02	2.46e-03
 9.28948e+22	2.19e-29	3.91e-18	7.16e-15	1.03e-12	6.62e-11	2.93e-09	4.48e-06	4.28e-04	9.51e-03	4.97e-02	1.74e-01	2.59e-01	1.73e-01	1.09e-01	1.88e-01	3.52e-02	2.15e-03
 9.34345e+22	2.93e-29	4.97e-18	8.86e-15	1.23e-12	7.65e-11	3.28e-09	4.92e-06	4.68e-04	1.03e-02	5.26e-02	1.80e-01	2.64e-01	1.72e-01	1.06e-01	1.79e-01	3.27e-02	1.95e-03
 9.39611e+22	4.26e-29	6.82e-18	1.17e-14	1.55e-12	9.21e-11	3.79e-09	5.54e-06	5.24e-04	1.13e-02	5.65e-02	1.88e-01	2.70e-01	1.71e-01	1.03e-01	1.68e-01	2.97e-02	1.70e-03
 9.44928e+22	5.60e-29	8.58e-18	1.43e-14	1.84e-12	1.06e-10	4.24e-09	6.07e-06	5.71e-04	1.22e-02	5.95e-02	1.95e-01	2.74e-01	1.70e-01	9.98e-02	1.60e-01	2.76e-02	1.54e-03
 9.50312e+22	8.10e-29	1.17e-17	1.88e-14	2.31e-12	1.27e-10	4.89e-09	6.82e-06	6.37e-04	1.33e-02	6.36e-02	2.03e-01	2.79e-01	1.68e-01	9.60e-02	1.50e-01	2.49e-02	1.35e-03
 9.55804e+22	1.07e-28	1.48e-17	2.32e-14	2.76e-12	1.47e-10	5.48e-09	7.48e-06	6.93e-04	1.43e-02	6.69e-02	2.09e-01	2.82e-01	1.67e-01	9.30e-02	1.43e-01	2.30e-02	1.21e-03
 9.61438e+22	1.56e-28	2.02e-17	3.05e-14	3.48e-12	1.77e-10	6.35e-09	8.41e-06	7.73e-04	1.57e-02	7.14e-02	2.17e-01	2.86e-01	1.65e-01	8.91e-02	1.33e-01	2.07e-02	1.05e-03
 9.67176e+22	2.08e-28	2.56e-17	3.76e-14	4.16e-12	2.05e-10	7.13e-09	9.23e-06	8.41e-04	1.68e-02	7.50e-02	2.23e-01	2.89e-01	1.63e-01	8.61e-02	1.26e-01	1.91e-02	9.46e-04
 9.73049e+22	3.65e-29	3.51e-17	4.96e-14	5.26e-12	2.48e-10	8.28e-09	1.04e-05	9.38e-04	1.84e-02	7.99e-02	2.31e-01	2.92e-01	1.60e-01	8.22e-02	1.17e-01	1.71e-02	8.17e-04
 9.79034e+22	4.80e-29	4.45e-17	6.14e-14	6.31e-12	2.88e-10	9.32e-09	1.14e-05	1.02e-03	1.98e-02	8.38e-02	2.37e-01	2.94e-01	1.58e-01	7.92e-02	1.10e-01	1.57e-02	7.30e-04
 9.84280e+22	6.27e-29	5.62e-17	7.54e-14	7.52e-12	3.32e-10	1.04e-08	1.25e-05	1.11e-03	2.11e-02	8.77e-02	2.43e-01	2.96e-01	1.55e-01	7.63e-02	1.04e-01	1.44e-02	6.53e-04
 9.90215e+22	8.84e-29	7.60e-17	9.85e-14	9.43e-12	4.00e-10	1.21e-08	1.40e-05	1.23e-03	2.30e-02	9.29e-02	2.51e-01	2.98e-01	1.52e-01	7.26e-02	9.65e-02	1.29e-02	5.64e-04
 9.96159e+22	1.13e-28	9.43e-17	1.19e-13	1.11e-11	4.59e-10	1.35e-08	1.52e-05	1.32e-03	2.44e-02	9.68e-02	2.56e-01	2.99e-01	1.49e-01	7.00e-02	9.13e-02	1.19e-02	5.07e-04
 1.00211e+23	1.59e-28	1.27e-16	1.56e-13	1.39e-11	5.51e-10	1.56e-08	1.70e-05	1.46e-03	2.65e-02	1.02e-01	2.63e-01	3.00e-01	1.46e-01	6.64e-02	8.44e-02	1.06e-02	4.36e-04
 1.00816e+23	2.04e-28	1.58e-16	1.89e-13	1.65e-11	6.33e-10	1.75e-08	1.86e-05	1.58e-03	2.81e-02	1.06e-01	2.68e-01	3.00e-01	1.43e-01	6.38e-02	7.96e-02	9.75e-03	3.91e-04
 1.01432e+23	2.85e-28	2.12e-16	2.45e-13	2.05e-11	7.59e-10	2.02e-08	2.08e-05	1.74e-03	3.04e-02	1.12e-01	2.74e-01	3.00e-01	1.39e-01	6.04e-02	7.34e-02	8.69e-03	3.37e-04
 1.02068e+23	3.74e-28	2.68e-16	3.02e-13	2.46e-11	8.82e-10	2.28e-08	2.28e-05	1.89e-03	3.24e-02	1.17e-01	2.79e-01	2.99e-01	1.36e-01	5.77e-02	6.87e-02	7.90e-03	2.98e-04
 1.02730e+23	5.24e-28	3.61e-16	3.93e-13	3.09e-11	1.06e-09	2.65e-08	2.56e-05	2.08e-03	3.51e-02	1.23e-01	2.85e-01	2.98e-01	1.31e-01	5.44e-02	6.31e-02	7.01e-03	2.55e-04
 1.03415e+23	7.00e-28	4.64e-16	4.92e-13	3.75e-11	1.25e-09	3.01e-08	2.83e-05	2.27e-03	3.75e-02	1.28e-01	2.90e-01	2.97e-01	1.28e-01	5.17e-02	5.87e-02	6.32e-03	2.23e-04
 1.04131e+23	9.99e-28	6.32e-16	6.49e-13	4.75e-11	1.52e-09	3.53e-08	3.20e-05	2.52e-03	4.06e-02	1.35e-01	2.96e-01	2.95e-01	1.23e-01	4.85e-02	5.35e-02	5.55e-03	1.89e-04
 1.04868e+23	1.35e-27	8.21e-16	8.20e-13	5.81e-11	1.80e-09	4.05e-08	3.55e-05	2.75e-03	4.35e-02	1.40e-01	3.01e-01	2.93e-01	1.19e-01	4.58e-02	4.94e-02	4.97e-03	1.64e-04
 1.05634e+23	1.95e-27	1.13e-15	1.09e-12	7.46e-11	2.21e-09	4.79e-08	4.05e-05	3.06e-03	4.72e-02	1.48e-01	3.06e-01	2.90e-01	1.14e-01	4.27e-02	4.48e-02	4.32e-03	1.37e-04
 1.06427e+23	2.68e-27	1.49e-15	1.40e-12	9.23e-11	2.64e-09	5.53e-08	4.52e-05	3.36e-03	5.06e-02	1.54e-01	3.10e-01	2.87e-01	1.10e-01	4.01e-02	4.10e-02	3.83e-03	1.18e-04
 1.07146e+23	3.64e-27	1.95e-15	1.77e-12	1.13e-10	3.14e-09	6.35e-08	5.02e-05	3.66e-03	5.40e-02	1.60e-01	3.14e-01	2.83e-01	1.06e-01	3.77e-02	3.77e-02	3.41e-03	1.01e-04
 1.07970e+23	5.36e-27	2.72e-15	2.39e-12	1.47e-10	3.90e-09	7.57e-08	5.75e-05	4.09e-03	5.87e-02	1.68e-01	3.18e-01	2.79e-01	1.01e-01	3.48e-02	3.38e-02	2.93e-03	8.36e-05
 1.08811e+23	7.40e-27	3.59e-15	3.07e-12	1.82e-10	4.67e-09	8.77e-08	6.43e-05	4.48e-03	6.28e-02	1.74e-01	3.21e-01	2.74e-01	9.66e-02	3.25e-02	3.08e-02	2.58e-03	7.11e-05
 1.09562e+23	1.00e-26	4.67e-15	3.89e-12	2.24e-10	5.55e-09	1.01e-07	7.17e-05	4.89e-03	6.69e-02	1.81e-01	3.24e-01	2.70e-01	9.26e-02	3.04e-02	2.82e-02	2.29e-03	6.09e-05
 1.10424e+23	1.52e-26	6.69e-15	5.36e-12	2.95e-10	6.97e-09	1.21e-07	8.24e-05	5.48e-03	7.27e-02	1.89e-01	3.27e-01	2.64e-01	8.73e-02	2.78e-02	2.49e-02	1.93e-03	4.92e-05
 1.11294e+23	2.06e-26	8.72e-15	6.80e-12	3.63e-10	8.30e-09	1.40e-07	9.19e-05	5.98e-03	7.73e-02	1.96e-01	3.29e-01	2.59e-01	8.33e-02	2.59e-02	2.27e-02	1.70e-03	4.20e-05
 1.12172e+23	3.12e-26	1.25e-14	9.39e-12	4.79e-10	1.04e-08	1.69e-07	1.06e-04	6.69e-03	8.38e-02	2.04e-01	3.30e-01	2.52e-01	7.82e-02	2.35e-02	2.00e-02	1.43e-03	3.37e-05
 1.13061e+23	4.29e-26	1.65e-14	1.20e-11	5.93e-10	1.25e-08	1.95e-07	1.18e-04	7.30e-03	8.92e-02	2.11e-01	3.31e-01	2.46e-01	7.44e-02	2.18e-02	1.81e-02	1.25e-03	2.85e-05
 1.13965e+23	6.52e-26	2.38e-14	1.67e-11	7.85e-10	1.58e-08	2.36e-07	1.36e-04	8.16e-03	9.65e-02	2.20e-01	3.31e-01	2.38e-01	6.94e-02	1.97e-02	1.58e-02	1.04e-03	2.27e-05
 1.14828e+23	8.61e-26	3.04e-14	2.07e-11	9.49e-10	1.85e-08	2.68e-07	1.50e-04	8.81e-03	1.02e-01	2.25e-01	3.31e-01	2.33e-01	6.62e-02	1.84e-02	1.45e-02	9.24e-04	1.95e-05
 1.15638e+23	1.26e-25	4.26e-14	2.80e-11	1.23e-09	2.29e-08	3.18e-07	1.70e-04	9.73e-03	1.09e-01	2.33e-01	3.30e-01	2.26e-01	6.20e-02	1.67e-02	1.28e-02	7.80e-04	1.57e-05
 1.16451e+23	1.67e-25	5.46e-14	3.49e-11	1.49e-09	2.68e-08	3.63e-07	1.88e-04	1.05e-02	1.15e-01	2.39e-01	3.29e-01	2.20e-01	5.89e-02	1.56e-02	1.16e-02	6.87e-04	1.34e-05
 1.17266e+23	2.42e-25	7.58e-14	4.68e-11	1.91e-09	3.30e-08	4.29e-07	2.13e-04	1.16e-02	1.23e-01	2.46e-01	3.27e-01	2.12e-01	5.50e-02	1.41e-02	1.02e-02	5.80e-04	1.08e-05
 1.18099e+23	3.27e-25	9.94e-14	5.96e-11	2.35e-09	3.92e-08	4.94e-07	2.36e-04	1.25e-02	1.29e-01	2.52e-01	3.25e-01	2.06e-01	5.20e-02	1.31e-02	9.21e-03	5.04e-04	9.08e-06
 1.18956e+23	4.83e-25	1.42e-13	8.15e-11	3.07e-09	4.90e-08	5.92e-07	2.70e-04	1.39e-02	1.38e-01	2.59e-01	3.22e-01	1.98e-01	4.82e-02	1.17e-02	8.01e-03	4.18e-04	7.19e-06
 1.19817e+23	6.46e-25	1.84e-13	1.03e-10	3.77e-09	5.81e-08	6.80e-07	2.99e-04	1.50e-02	1.46e-01	2.64e-01	3.20e-01	1.92e-01	4.54e-02	1.08e-02	7.20e-03	3.63e-04	6.03e-06
 1.20685e+23	9.55e-25	2.65e-13	1.42e-10	4.96e-09	7.30e-08	8.20e-07	3.43e-04	1.66e-02	1.56e-01	2.71e-01	3.15e-01	1.83e-01	4.18e-02	9.68e-03	6.23e-03	2.99e-04	4.73e-06
 1.21564e+23	1.30e-24	3.51e-13	1.83e-10	6.15e-09	8.74e-08	9.50e-07	3.82e-04	1.80e-02	1.64e-01	2.76e-01	3.11e-01	1.77e-01	3.91e-02	8.86e-03	5.54e-03	2.56e-04	3.90e-06
 1.22459e+23	1.93e-24	5.08e-13	2.54e-10	8.17e-09	1.11e-07	1.15e-06	4.40e-04	2.01e-02	1.75e-01	2.82e-01	3.06e-01	1.68e-01	3.58e-02	7.87e-03	4.75e-03	2.08e-04	3.02e-06
 1.23374e+23	2.65e-24	6.85e-13	3.32e-10	1.03e-08	1.34e-07	1.35e-06	4.94e-04	2.19e-02	1.84e-01	2.87e-01	3.00e-01	1.61e-01	3.33e-02	7.14e-03	4.18e-03	1.76e-04	2.45e-06
 1.24315e+23	3.97e-24	1.01e-12	4.69e-10	1.39e-08	1.72e-07	1.66e-06	5.75e-04	2.44e-02	1.97e-01	2.92e-01	2.93e-01	1.52e-01	3.02e-02	6.27e-03	3.54e-03	1.41e-04	1.85e-06
 1.25274e+23	5.51e-24	1.38e-12	6.19e-10	1.76e-08	2.11e-07	1.97e-06	6.51e-04	2.68e-02	2.08e-01	2.96e-01	2.87e-01	1.45e-01	2.78e-02	5.64e-03	3.08e-03	1.17e-04	1.48e-06
 1.26226e+23	8.07e-24	2.03e-12	8.71e-10	2.37e-08	2.72e-07	2.43e-06	7.59e-04	2.99e-02	2.21e-01	3.01e-01	2.79e-01	1.36e-01	2.51e-02	4.94e-03	2.59e-03	9.34e-05	1.12e-06
 1.27129e+23	1.07e-23	2.66e-12	1.11e-09	2.94e-08	3.26e-07	2.83e-06	8.49e-04	3.24e-02	2.31e-01	3.03e-01	2.72e-01	1.30e-01	2.32e-02	4.48e-03	2.28e-03	7.91e-05	9.08e-07
 1.28004e+23	1.52e-23	3.81e-12	1.53e-09	3.89e-08	4.14e-07	3.48e-06	9.86e-04	3.61e-02	2.45e-01	3.06e-01	2.63e-01	1.22e-01	2.09e-02	3.93e-03	1.93e-03	6.33e-05	6.89e-07
 1.28896e+23	2.02e-23	5.06e-12	1.98e-09	4.87e-08	5.03e-07	4.10e-06	1.11e-03	3.93e-02	2.56e-01	3.08e-01	2.56e-01	1.16e-01	1.92e-02	3.53e-03	1.68e-03	5.28e-05	5.51e-07
 1.29770e+23	2.78e-23	7.10e-12	2.68e-09	6.38e-08	6.34e-07	5.00e-06	1.29e-03	4.36e-02	2.70e-01	3.09e-01	2.47e-01	1.08e-01	1.73e-02	3.09e-03	1.41e-03	4.23e-05	4.19e-07
 1.30661e+23	3.68e-23	9.49e-12	3.49e-09	8.06e-08	7.77e-07	5.96e-06	1.46e-03	4.77e-02	2.82e-01	3.09e-01	2.38e-01	1.02e-01	1.57e-02	2.75e-03	1.22e-03	3.48e-05	3.30e-07
 1.31531e+23	4.85e-23	1.30e-11	4.64e-09	1.04e-07	9.71e-07	7.23e-06	1.69e-03	5.27e-02	2.95e-01	3.09e-01	2.29e-01	9.48e-02	1.41e-02	2.41e-03	1.03e-03	2.79e-05	2.52e-07
 1.32419e+23	6.33e-23	1.74e-11	6.05e-09	1.32e-07	1.20e-06	8.69e-06	1.93e-03	5.78e-02	3.08e-01	3.08e-01	2.19e-01	8.85e-02	1.27e-02	2.12e-03	8.74e-04	2.26e-05	1.95e-07
 1.33298e+23	8.23e-23	2.33e-11	7.93e-09	1.69e-07	1.49e-06	1.05e-05	2.22e-03	6.37e-02	3.22e-01	3.07e-01	2.10e-01	8.21e-02	1.14e-02	1.85e-03	7.36e-04	1.82e-05	1.49e-07
 1.34182e+23	1.06e-22	3.09e-11	1.03e-08	2.15e-07	1.84e-06	1.27e-05	2.54e-03	7.00e-02	3.35e-01	3.04e-01	2.00e-01	7.60e-02	1.01e-02	1.62e-03	6.20e-04	1.46e-05	0.00e+00
 1.35057e+23	1.35e-22	4.07e-11	1.33e-08	2.72e-07	2.27e-06	1.53e-05	2.91e-03	7.67e-02	3.48e-01	3.01e-01	1.90e-01	7.02e-02	9.04e-03	1.41e-03	5.22e-04	1.17e-05	0.00e+00
 1.35929e+23	1.70e-22	5.31e-11	1.70e-08	3.43e-07	2.79e-06	1.83e-05	3.33e-03	8.41e-02	3.61e-01	2.97e-01	1.80e-01	6.47e-02	8.03e-03	1.22e-03	4.38e-04	9.35e-06	0.00e+00
 1.36804e+23	2.13e-22	6.87e-11	2.17e-08	4.30e-07	3.43e-06	2.20e-05	3.81e-03	9.20e-02	3.73e-01	2.93e-01	1.70e-01	5.94e-02	7.11e-03	1.06e-03	3.66e-04	7.45e-06	0.00e+00
 1.37682e+23	2.65e-22	8.83e-11	2.74e-08	5.39e-07	4.20e-06	2.65e-05	4.35e-03	1.00e-01	3.85e-01	2.88e-01	1.61e-01	5.43e-02	6.28e-03	9.14e-04	3.05e-04	5.92e-06	0.00e+00
 1.38565e+23	3.29e-22	1.13e-10	3.46e-08	6.73e-07	5.13e-06	3.18e-05	4.96e-03	1.10e-01	3.96e-01	2.82e-01	1.51e-01	4.96e-02	5.53e-03	7.86e-04	2.53e-04	4.68e-06	0.00e+00
 1.39457e+23	4.08e-22	1.43e-10	4.35e-08	8.37e-07	6.26e-06	3.81e-05	5.65e-03	1.19e-01	4.07e-01	2.76e-01	1.42e-01	4.50e-02	4.85e-03	6.74e-04	2.10e-04	3.69e-06	0.00e+00
 1.40360e+23	5.04e-22	1.80e-10	5.44e-08	1.04e-06	7.63e-06	4.56e-05	6.44e-03	1.30e-01	4.17e-01	2.69e-01	1.32e-01	4.08e-02	4.23e-03	5.75e-04	1.73e-04	2.90e-06	0.00e+00
 1.41267e+23	6.20e-22	2.24e-10	6.76e-08	1.28e-06	9.26e-06	5.45e-05	7.31e-03	1.41e-01	4.26e-01	2.61e-01	1.23e-01	3.68e-02	3.69e-03	4.89e-04	1.42e-04	2.27e-06	0.00e+00
 1.42189e+23	7.68e-22	2.79e-10	8.40e-08	1.59e-06	1.13e-05	6.53e-05	8.31e-03	1.53e-01	4.35e-01	2.53e-01	1.14e-01	3.30e-02	3.20e-03	4.14e-04	1.16e-04	1.76e-06	0.00e+00
 1.43122e+23	9.48e-22	3.44e-10	1.03e-07	1.95e-06	1.36e-05	7.77e-05	9.40e-03	1.65e-01	4.42e-01	2.45e-01	1.06e-01	2.96e-02	2.77e-03	3.50e-04	9.50e-05	1.37e-06	0.00e+00
 1.44074e+23	1.18e-21	4.24e-10	1.28e-07	2.40e-06	1.65e-05	9.31e-05	1.07e-02	1.78e-01	4.49e-01	2.36e-01	9.75e-02	2.64e-02	2.38e-03	2.92e-04	7.67e-05	1.05e-06	0.00e+00
 1.44960e+23	2.72e-21	5.00e-10	1.51e-07	2.84e-06	1.92e-05	1.07e-04	1.18e-02	1.89e-01	4.53e-01	2.28e-01	9.11e-02	2.40e-02	2.10e-03	2.53e-04	6.45e-05	8.51e-07	0.00e+00
 1.45870e+23	1.65e-19	6.13e-10	1.86e-07	3.50e-06	2.33e-05	1.29e-04	1.34e-02	2.04e-01	4.58e-01	2.19e-01	8.31e-02	2.11e-02	1.78e-03	2.09e-04	5.14e-05	6.43e-07	0.00e+00
 1.46797e+23	5.00e-19	7.18e-10	2.19e-07	4.13e-06	2.72e-05	1.49e-04	1.48e-02	2.16e-01	4.61e-01	2.11e-01	7.72e-02	1.91e-02	1.56e-03	1.79e-04	4.29e-05	5.15e-07	0.00e+00
 1.47747e+23	6.63e-19	8.72e-10	2.69e-07	5.09e-06	3.30e-05	1.79e-04	1.68e-02	2.32e-01	4.63e-01	2.00e-01	6.98e-02	1.66e-02	1.31e-03	1.46e-04	3.38e-05	3.83e-07	0.00e+00
 1.48702e+23	8.25e-19	1.01e-09	3.14e-07	5.95e-06	3.81e-05	2.05e-04	1.84e-02	2.44e-01	4.64e-01	1.92e-01	6.47e-02	1.50e-02	1.15e-03	1.25e-04	2.82e-05	3.07e-07	0.00e+00
 1.49664e+23	1.07e-18	1.22e-09	3.82e-07	7.26e-06	4.59e-05	2.45e-04	2.08e-02	2.61e-01	4.64e-01	1.82e-01	5.83e-02	1.30e-02	9.65e-04	1.02e-04	2.22e-05	2.29e-07	0.00e+00
 1.50631e+23	1.32e-18	1.41e-09	4.44e-07	8.46e-06	5.28e-05	2.79e-04	2.27e-02	2.73e-01	4.63e-01	1.74e-01	5.38e-02	1.17e-02	8.42e-04	8.69e-05	1.84e-05	1.82e-07	0.00e+00
 1.51606e+23	1.69e-18	1.67e-09	5.36e-07	1.03e-05	6.32e-05	3.32e-04	2.55e-02	2.90e-01	4.60e-01	1.64e-01	4.83e-02	1.01e-02	7.03e-04	7.04e-05	1.44e-05	1.35e-07	0.00e+00
 1.52590e+23	2.06e-18	1.92e-09	6.21e-07	1.19e-05	7.24e-05	3.78e-04	2.77e-02	3.03e-01	4.57e-01	1.57e-01	4.44e-02	9.05e-03	6.12e-04	5.99e-05	1.20e-05	0.00e+00	0.00e+00
 1.53584e+23	2.62e-18	2.26e-09	7.45e-07	1.43e-05	8.61e-05	4.46e-04	3.10e-02	3.21e-01	4.53e-01	1.47e-01	3.97e-02	7.81e-03	5.09e-04	4.83e-05	9.35e-06	0.00e+00	0.00e+00
 1.54591e+23	3.19e-18	2.59e-09	8.60e-07	1.66e-05	9.84e-05	5.07e-04	3.37e-02	3.34e-01	4.48e-01	1.40e-01	3.64e-02	6.95e-03	4.41e-04	4.09e-05	7.71e-06	0.00e+00	0.00e+00
 1.55615e+23	4.05e-18	3.04e-09	1.03e-06	2.00e-05	1.17e-04	5.98e-04	3.75e-02	3.51e-01	4.42e-01	1.30e-01	3.24e-02	5.96e-03	3.65e-04	3.28e-05	5.98e-06	0.00e+00	0.00e+00
 1.56655e+23	4.94e-18	3.47e-09	1.19e-06	2.31e-05	1.33e-04	6.79e-04	4.07e-02	3.64e-01	4.36e-01	1.23e-01	2.95e-02	5.28e-03	3.14e-04	2.75e-05	4.90e-06	0.00e+00	0.00e+00
 1.57718e+23	6.29e-18	4.08e-09	1.42e-06	2.78e-05	1.58e-04	8.00e-04	4.51e-02	3.82e-01	4.27e-01	1.15e-01	2.61e-02	4.50e-03	2.58e-04	2.19e-05	3.77e-06	0.00e+00	0.00e+00
 1.58804e+23	7.73e-18	4.67e-09	1.65e-06	3.21e-05	1.80e-04	9.07e-04	4.89e-02	3.95e-01	4.19e-01	1.08e-01	2.36e-02	3.96e-03	2.20e-04	1.83e-05	3.06e-06	0.00e+00	0.00e+00
 1.59919e+23	9.89e-18	5.50e-09	1.98e-06	3.87e-05	2.13e-04	1.07e-03	5.42e-02	4.12e-01	4.08e-01	9.95e-02	2.07e-02	3.34e-03	1.79e-04	1.44e-05	2.33e-06	0.00e+00	0.00e+00
 1.61062e+23	1.23e-17	6.33e-09	2.30e-06	4.49e-05	2.43e-04	1.22e-03	5.87e-02	4.26e-01	3.99e-01	9.31e-02	1.86e-02	2.92e-03	1.52e-04	1.19e-05	1.87e-06	0.00e+00	0.00e+00
 1.62023e+23	1.48e-17	7.13e-09	2.62e-06	5.11e-05	2.73e-04	1.36e-03	6.28e-02	4.37e-01	3.91e-01	8.78e-02	1.70e-02	2.59e-03	1.31e-04	1.00e-05	1.55e-06	0.00e+00	0.00e+00
 1.63054e+23	1.86e-17	8.26e-09	3.09e-06	6.02e-05	3.16e-04	1.57e-03	6.85e-02	4.51e-01	3.80e-01	8.11e-02	1.50e-02	2.21e-03	1.09e-04	8.05e-06	1.20e-06	0.00e+00	0.00e+00
 1.64103e+23	2.29e-17	9.38e-09	3.53e-06	6.86e-05	3.54e-04	1.74e-03	7.32e-02	4.62e-01	3.71e-01	7.63e-02	1.36e-02	1.96e-03	9.36e-05	6.78e-06	9.89e-07	0.00e+00	0.00e+00
 1.65018e+23	2.74e-17	1.05e-08	3.99e-06	7.75e-05	3.95e-04	1.94e-03	7.80e-02	4.72e-01	3.62e-01	7.16e-02	1.24e-02	1.73e-03	8.07e-05	5.72e-06	8.14e-07	0.00e+00	0.00e+00
 1.65910e+23	3.30e-17	1.18e-08	4.52e-06	8.75e-05	4.39e-04	2.15e-03	8.29e-02	4.81e-01	3.53e-01	6.73e-02	1.12e-02	1.54e-03	6.98e-05	4.84e-06	6.74e-07	0.00e+00	0.00e+00
 1.66933e+23	4.20e-17	1.36e-08	5.30e-06	1.02e-04	5.02e-04	2.45e-03	8.96e-02	4.93e-01	3.41e-01	6.21e-02	9.95e-03	1.32e-03	5.79e-05	3.91e-06	5.28e-07	0.00e+00	0.00e+00
 1.67965e+23	5.13e-17	1.54e-08	6.01e-06	1.15e-04	5.58e-04	2.71e-03	9.50e-02	5.02e-01	3.31e-01	5.82e-02	9.02e-03	1.16e-03	4.99e-05	3.29e-06	4.35e-07	0.00e+00	0.00e+00
 1.69008e+23	6.63e-17	1.78e-08	7.04e-06	1.34e-04	6.38e-04	3.08e-03	1.02e-01	5.12e-01	3.19e-01	5.35e-02	7.94e-03	9.92e-04	4.12e-05	2.64e-06	3.39e-07	0.00e+00	0.00e+00
 1.70061e+23	8.32e-17	2.02e-08	8.02e-06	1.52e-04	7.07e-04	3.40e-03	1.08e-01	5.20e-01	3.09e-01	5.00e-02	7.20e-03	8.77e-04	3.55e-05	2.23e-06	2.79e-07	0.00e+00	0.00e+00
 1.71128e+23	1.09e-16	2.36e-08	9.43e-06	1.77e-04	8.06e-04	3.86e-03	1.16e-01	5.29e-01	2.97e-01	4.58e-02	6.31e-03	7.44e-04	2.91e-05	1.78e-06	2.16e-07	0.00e+00	0.00e+00
 1.72213e+23	1.42e-16	2.71e-08	1.08e-05	2.01e-04	8.94e-04	4.24e-03	1.23e-01	5.36e-01	2.87e-01	4.27e-02	5.70e-03	6.56e-04	2.50e-05	1.49e-06	1.78e-07	0.00e+00	0.00e+00
 1.73323e+23	1.93e-16	3.17e-08	1.28e-05	2.35e-04	1.02e-03	4.83e-03	1.32e-01	5.44e-01	2.74e-01	3.88e-02	4.97e-03	5.52e-04	2.03e-05	1.18e-06	1.36e-07	0.00e+00	0.00e+00
 1.74452e+23	2.60e-16	3.67e-08	1.47e-05	2.67e-04	1.13e-03	5.32e-03	1.39e-01	5.49e-01	2.64e-01	3.61e-02	4.47e-03	4.83e-04	1.73e-05	9.85e-07	0.00e+00	0.00e+00	0.00e+00
 1.75606e+23	3.74e-16	4.35e-08	1.75e-05	3.13e-04	1.30e-03	6.05e-03	1.50e-01	5.55e-01	2.51e-01	3.26e-02	3.86e-03	4.04e-04	1.40e-05	7.72e-07	0.00e+00	0.00e+00	0.00e+00
 1.76790e+23	5.36e-16	5.08e-08	2.03e-05	3.58e-04	1.44e-03	6.67e-03	1.58e-01	5.59e-01	2.41e-01	3.01e-02	3.45e-03	3.51e-04	1.18e-05	6.38e-07	0.00e+00	0.00e+00	0.00e+00
 1.78013e+23	8.66e-16	6.11e-08	2.44e-05	4.23e-04	1.65e-03	7.61e-03	1.69e-01	5.64e-01	2.27e-01	2.70e-02	2.96e-03	2.90e-04	9.43e-06	4.93e-07	0.00e+00	0.00e+00	0.00e+00
 1.79254e+23	1.44e-15	7.20e-08	2.84e-05	4.85e-04	1.84e-03	8.38e-03	1.78e-01	5.66e-01	2.17e-01	2.49e-02	2.63e-03	2.51e-04	7.92e-06	4.05e-07	0.00e+00	0.00e+00	0.00e+00
 1.80519e+23	2.79e-15	8.77e-08	3.44e-05	5.76e-04	2.11e-03	9.55e-03	1.90e-01	5.69e-01	2.04e-01	2.22e-02	2.24e-03	2.06e-04	6.26e-06	3.11e-07	0.00e+00	0.00e+00	0.00e+00
 1.81799e+23	6.39e-15	1.04e-07	4.03e-05	6.60e-04	2.35e-03	1.05e-02	2.00e-01	5.70e-01	1.94e-01	2.03e-02	1.98e-03	1.77e-04	5.24e-06	2.54e-07	0.00e+00	0.00e+00	0.00e+00
 1.83099e+23	1.85e-14	1.28e-07	4.91e-05	7.85e-04	2.70e-03	1.19e-02	2.13e-01	5.70e-01	1.82e-01	1.80e-02	1.68e-03	1.45e-04	4.12e-06	1.94e-07	0.00e+00	0.00e+00	0.00e+00
 1.84418e+23	7.21e-14	1.54e-07	5.79e-05	9.03e-04	3.01e-03	1.31e-02	2.24e-01	5.69e-01	1.72e-01	1.64e-02	1.48e-03	1.24e-04	3.42e-06	1.57e-07	0.00e+00	0.00e+00	0.00e+00
 1.85573e+23	1.44e-13	1.82e-07	6.75e-05	1.03e-03	3.33e-03	1.44e-02	2.34e-01	5.67e-01	1.63e-01	1.50e-02	1.30e-03	1.06e-04	2.84e-06	1.28e-07	0.00e+00	0.00e+00	0.00e+00
 1.86883e+23	6.64e-15	2.27e-07	8.26e-05	1.23e-03	3.80e-03	1.62e-02	2.48e-01	5.64e-01	1.52e-01	1.33e-02	1.11e-03	8.69e-05	2.24e-06	0.00e+00	0.00e+00	0.00e+00	0.00e+00
 1.88219e+23	3.13e-16	2.71e-07	9.71e-05	1.41e-03	4.23e-03	1.79e-02	2.59e-01	5.61e-01	1.43e-01	1.20e-02	9.65e-04	7.35e-05	1.84e-06	0.00e+00	0.00e+00	0.00e+00	0.00e+00
 1.89588e+23	4.37e-16	3.44e-07	1.20e-04	1.68e-03	4.82e-03	2.01e-02	2.74e-01	5.55e-01	1.33e-01	1.06e-02	8.16e-04	5.99e-05	1.45e-06	0.00e+00	0.00e+00	0.00e+00	0.00e+00
 1.90880e+23	5.74e-16	4.07e-07	1.39e-04	1.90e-03	5.28e-03	2.17e-02	2.84e-01	5.51e-01	1.26e-01	9.71e-03	7.25e-04	5.19e-05	1.22e-06	0.00e+00	0.00e+00	0.00e+00	0.00e+00
 1.92072e+23	8.01e-16	5.00e-07	1.66e-04	2.21e-03	5.92e-03	2.40e-02	2.97e-01	5.44e-01	1.17e-01	8.66e-03	6.23e-04	4.31e-05	9.80e-07	0.00e+00	0.00e+00	0.00e+00	0.00e+00
 1.93280e+23	1.06e-15	5.92e-07	1.93e-04	2.50e-03	6.47e-03	2.60e-02	3.07e-01	5.38e-01	1.11e-01	7.91e-03	5.51e-04	3.72e-05	8.23e-07	0.00e+00	0.00e+00	0.00e+00	0.00e+00
 1.94509e+23	1.50e-15	7.33e-07	2.32e-04	2.90e-03	7.23e-03	2.86e-02	3.20e-01	5.30e-01	1.03e-01	7.05e-03	4.74e-04	3.10e-05	6.63e-07	0.00e+00	0.00e+00	0.00e+00	0.00e+00
 1.95786e+23	2.09e-15	8.86e-07	2.73e-04	3.32e-03	7.98e-03	3.11e-02	3.31e-01	5.22e-01	9.66e-02	6.35e-03	4.13e-04	2.62e-05	5.45e-07	0.00e+00	0.00e+00	0.00e+00	0.00e+00
 1.96932e+23	2.84e-15	1.06e-06	3.18e-04	3.76e-03	8.73e-03	3.36e-02	3.42e-01	5.15e-01	9.07e-02	5.76e-03	3.63e-04	2.24e-05	4.54e-07	0.00e+00	0.00e+00	0.00e+00	0.00e+00
 1.98226e+23	4.26e-15	1.33e-06	3.85e-04	4.40e-03	9.77e-03	3.69e-02	3.55e-01	5.04e-01	8.37e-02	5.09e-03	3.09e-04	1.84e-05	3.61e-07	0.00e+00	0.00e+00	0.00e+00	0.00e+00
 1.99573e+23	6.38e-15	1.62e-06	4.57e-04	5.05e-03	1.08e-02	4.03e-02	3.67e-01	4.94e-01	7.76e-02	4.54e-03	2.66e-04	1.54e-05	2.92e-07	0.00e+00	0.00e+00	0.00e+00	0.00e+00
 2.00782e+23	8.98e-15	1.96e-06	5.35e-04	5.74e-03	1.18e-02	4.34e-02	3.78e-01	4.84e-01	7.24e-02	4.09e-03	2.32e-04	1.31e-05	2.41e-07	0.00e+00	0.00e+00	0.00e+00	0.00e+00
 2.02145e+23	1.48e-14	2.50e-06	6.55e-04	6.74e-03	1.32e-02	4.77e-02	3.91e-01	4.71e-01	6.63e-02	3.58e-03	1.95e-04	1.06e-05	1.89e-07	0.00e+00	0.00e+00	0.00e+00	0.00e+00
 2.03556e+23	2.57e-14	3.09e-06	7.80e-04	7.75e-03	1.46e-02	5.18e-02	4.02e-01	4.58e-01	6.10e-02	3.17e-03	1.67e-04	8.80e-06	1.52e-07	0.00e+00	0.00e+00	0.00e+00	0.00e+00
 2.04815e+23	3.89e-14	3.76e-06	9.19e-04	8.83e-03	1.60e-02	5.58e-02	4.12e-01	4.47e-01	5.65e-02	2.83e-03	1.44e-04	7.40e-06	1.24e-07	0.00e+00	0.00e+00	0.00e+00	0.00e+00
 2.06238e+23	7.62e-14	4.84e-06	1.13e-03	1.04e-02	1.79e-02	6.11e-02	4.25e-01	4.31e-01	5.12e-02	2.46e-03	1.20e-04	5.94e-06	0.00e+00	0.00e+00	0.00e+00	0.00e+00	0.00e+00
 2.07717e+23	2.08e-13	6.04e-06	1.36e-03	1.20e-02	1.97e-02	6.62e-02	4.35e-01	4.17e-01	4.67e-02	2.15e-03	1.02e-04	4.87e-06	0.00e+00	0.00e+00	0.00e+00	0.00e+00	0.00e+00
 2.09046e+23	4.49e-13	7.45e-06	1.61e-03	1.37e-02	2.16e-02	7.11e-02	4.44e-01	4.03e-01	4.28e-02	1.90e-03	8.68e-05	4.04e-06	0.00e+00	0.00e+00	0.00e+00	0.00e+00	0.00e+00
 2.10552e+23	1.62e-12	9.73e-06	2.00e-03	1.62e-02	2.42e-02	7.79e-02	4.55e-01	3.85e-01	3.82e-02	1.62e-03	7.09e-05	3.17e-06	0.00e+00	0.00e+00	0.00e+00	0.00e+00	0.00e+00
 2.12108e+23	1.11e-11	1.22e-05	2.40e-03	1.87e-02	2.66e-02	8.40e-02	4.63e-01	3.70e-01	3.45e-02	1.41e-03	5.95e-05	2.58e-06	0.00e+00	0.00e+00	0.00e+00	0.00e+00	0.00e+00
 2.13511e+23	3.15e-11	1.52e-05	2.86e-03	2.14e-02	2.91e-02	9.01e-02	4.70e-01	3.54e-01	3.13e-02	1.23e-03	5.01e-05	2.11e-06	0.00e+00	0.00e+00	0.00e+00	0.00e+00	0.00e+00
 2.15119e+23	7.13e-11	2.02e-05	3.58e-03	2.54e-02	3.26e-02	9.83e-02	4.77e-01	3.34e-01	2.74e-02	1.03e-03	4.01e-05	1.62e-06	0.00e+00	0.00e+00	0.00e+00	0.00e+00	0.00e+00
 2.16748e+23	1.11e-10	2.54e-05	4.30e-03	2.92e-02	3.56e-02	1.06e-01	4.82e-01	3.17e-01	2.45e-02	8.91e-04	3.32e-05	1.30e-06	0.00e+00	0.00e+00	0.00e+00	0.00e+00	0.00e+00
 2.18187e+23	1.58e-10	3.17e-05	5.13e-03	3.33e-02	3.88e-02	1.12e-01	4.86e-01	3.02e-01	2.20e-02	7.72e-04	2.77e-05	1.05e-06	0.00e+00	0.00e+00	0.00e+00	0.00e+00	0.00e+00
 2.19842e+23	2.45e-10	4.22e-05	6.43e-03	3.95e-02	4.32e-02	1.22e-01	4.89e-01	2.81e-01	1.90e-02	6.37e-04	2.18e-05	7.93e-07	0.00e+00	0.00e+00	0.00e+00	0.00e+00	0.00e+00
 2.21516e+23	3.41e-10	5.30e-05	7.68e-03	4.51e-02	4.70e-02	1.30e-01	4.89e-01	2.64e-01	1.68e-02	5.44e-04	1.79e-05	6.30e-07	0.00e+00	0.00e+00	0.00e+00	0.00e+00	0.00e+00
 2.23216e+23	5.11e-10	7.04e-05	9.59e-03	5.31e-02	5.20e-02	1.39e-01	4.88e-01	2.43e-01	1.44e-02	4.46e-04	1.40e-05	4.73e-07	0.00e+00	0.00e+00	0.00e+00	0.00e+00	0.00e+00
 2.24951e+23	7.09e-10	8.91e-05	1.15e-02	6.06e-02	5.63e-02	1.47e-01	4.85e-01	2.26e-01	1.26e-02	3.76e-04	1.13e-05	3.70e-07	0.00e+00	0.00e+00	0.00e+00	0.00e+00	0.00e+00
 2.26496e+23	9.69e-10	1.12e-04	1.37e-02	6.88e-02	6.07e-02	1.55e-01	4.80e-01	2.10e-01	1.09e-02	3.17e-04	9.13e-06	2.90e-07	0.00e+00	0.00e+00	0.00e+00	0.00e+00	0.00e+00
 2.28270e+23	1.43e-09	1.49e-04	1.71e-02	8.05e-02	6.66e-02	1.65e-01	4.71e-01	1.90e-01	9.15e-03	2.54e-04	6.95e-06	2.12e-07	0.00e+00	0.00e+00	0.00e+00	0.00e+00	0.00e+00
 2.30072e+23	1.95e-09	1.88e-04	2.03e-02	9.11e-02	7.14e-02	1.73e-01	4.62e-01	1.74e-01	7.86e-03	2.11e-04	5.53e-06	1.63e-07	0.00e+00	0.00e+00	0.00e+00	0.00e+00	0.00e+00
 2.31911e+23	2.88e-09	2.51e-04	2.53e-02	1.06e-01	7.77e-02	1.82e-01	4.48e-01	1.54e-01	6.43e-03	1.66e-04	4.10e-06	0.00e+00	0.00e+00	0.00e+00	0.00e+00	0.00e+00	0.00e+00
 2.33768e+23	3.88e-09	3.14e-04	2.99e-02	1.19e-01	8.26e-02	1.89e-01	4.34e-01	1.40e-01	5.46e-03	1.36e-04	3.23e-06	0.00e+00	0.00e+00	0.00e+00	0.00e+00	0.00e+00	0.00e+00
 2.35383e+23	5.16e-09	3.88e-04	3.50e-02	1.33e-01	8.73e-02	1.94e-01	4.20e-01	1.26e-01	4.63e-03	1.12e-04	2.54e-06	0.00e+00	0.00e+00	0.00e+00	0.00e+00	0.00e+00	0.00e+00
 2.36893e+23	6.63e-09	4.69e-04	4.02e-02	1.45e-01	9.14e-02	1.99e-01	4.05e-01	1.15e-01	3.98e-03	9.42e-05	2.05e-06	0.00e+00	0.00e+00	0.00e+00	0.00e+00	0.00e+00	0.00e+00
 2.38535e+23	9.08e-09	5.93e-04	4.77e-02	1.63e-01	9.64e-02	2.03e-01	3.85e-01	1.01e-01	3.27e-03	7.49e-05	1.55e-06	0.00e+00	0.00e+00	0.00e+00	0.00e+00	0.00e+00	0.00e+00
 2.40188e+23	1.16e-08	7.13e-04	5.45e-02	1.77e-01	1.00e-01	2.06e-01	3.68e-01	9.05e-02	2.77e-03	6.19e-05	1.22e-06	0.00e+00	0.00e+00	0.00e+00	0.00e+00	0.00e+00	0.00e+00
 2.41626e+23	1.47e-08	8.49e-04	6.17e-02	1.92e-01	1.03e-01	2.08e-01	3.51e-01	8.11e-02	2.35e-03	5.13e-05	9.75e-07	0.00e+00	0.00e+00	0.00e+00	0.00e+00	0.00e+00	0.00e+00
 2.43266e+23	1.97e-08	1.06e-03	7.20e-02	2.10e-01	1.07e-01	2.09e-01	3.28e-01	7.01e-02	1.90e-03	4.02e-05	7.25e-07	0.00e+00	0.00e+00	0.00e+00	0.00e+00	0.00e+00	0.00e+00
 2.44940e+23	2.51e-08	1.26e-03	8.14e-02	2.27e-01	1.10e-01	2.09e-01	3.08e-01	6.17e-02	1.57e-03	3.26e-05	5.62e-07	0.00e+00	0.00e+00	0.00e+00	0.00e+00	0.00e+00	0.00e+00
 2.46661e+23	3.35e-08	1.56e-03	9.41e-02	2.46e-01	1.13e-01	2.08e-01	2.84e-01	5.25e-02	1.25e-03	2.52e-05	4.11e-07	0.00e+00	0.00e+00	0.00e+00	0.00e+00	0.00e+00	0.00e+00
 2.48411e+23	4.26e-08	1.85e-03	1.06e-01	2.63e-01	1.15e-01	2.05e-01	2.63e-01	4.53e-02	1.01e-03	2.00e-05	3.11e-07	0.00e+00	0.00e+00	0.00e+00	0.00e+00	0.00e+00	0.00e+00
 2.49938e+23	5.30e-08	2.17e-03	1.18e-01	2.78e-01	1.16e-01	2.02e-01	2.44e-01	3.94e-02	8.34e-04	1.61e-05	2.39e-07	0.00e+00	0.00e+00	0.00e+00	0.00e+00	0.00e+00	0.00e+00
 2.51662e+23	6.96e-08	2.64e-03	1.34e-01	2.97e-01	1.17e-01	1.96e-01	2.20e-01	3.27e-02	6.46e-04	1.22e-05	1.70e-07	0.00e+00	0.00e+00	0.00e+00	0.00e+00	0.00e+00	0.00e+00
 2.53274e+23	8.35e-08	3.01e-03	1.46e-01	3.09e-01	1.17e-01	1.92e-01	2.04e-01	2.86e-02	5.39e-04	9.98e-06	1.34e-07	0.00e+00	0.00e+00	0.00e+00	0.00e+00	0.00e+00	0.00e+00
 2.54740e+23	1.04e-07	3.52e-03	1.61e-01	3.24e-01	1.17e-01	1.86e-01	1.85e-01	2.42e-02	4.31e-04	7.81e-06	0.00e+00	0.00e+00	0.00e+00	0.00e+00	0.00e+00	0.00e+00	0.00e+00
 2.56236e+23	1.25e-07	3.99e-03	1.74e-01	3.35e-01	1.16e-01	1.80e-01	1.70e-01	2.09e-02	3.55e-04	6.32e-06	0.00e+00	0.00e+00	0.00e+00	0.00e+00	0.00e+00	0.00e+00	0.00e+00
 2.57559e+23	1.48e-07	4.49e-03	1.87e-01	3.45e-01	1.15e-01	1.74e-01	1.56e-01	1.82e-02	2.94e-04	5.16e-06	0.00e+00	0.00e+00	0.00e+00	0.00e+00	0.00e+00	0.00e+00	0.00e+00
 2.59069e+23	1.83e-07	5.21e-03	2.04e-01	3.57e-01	1.13e-01	1.66e-01	1.39e-01	1.51e-02	2.29e-04	3.95e-06	0.00e+00	0.00e+00	0.00e+00	0.00e+00	0.00e+00	0.00e+00	0.00e+00
 2.60593e+23	2.16e-07	5.84e-03	2.18e-01	3.65e-01	1.11e-01	1.60e-01	1.27e-01	1.29e-02	1.88e-04	3.19e-06	0.00e+00	0.00e+00	0.00e+00	0.00e+00	0.00e+00	0.00e+00	0.00e+00
 2.62136e+23	2.65e-07	6.72e-03	2.37e-01	3.74e-01	1.09e-01	1.51e-01	1.12e-01	1.06e-02	1.46e-04	2.43e-06	0.00e+00	0.00e+00	0.00e+00	0.00e+00	0.00e+00	0.00e+00	0.00e+00
 2.63700e+23	3.14e-07	7.54e-03	2.52e-01	3.80e-01	1.06e-01	1.43e-01	1.01e-01	8.98e-03	1.18e-04	1.92e-06	0.00e+00	0.00e+00	0.00e+00	0.00e+00	0.00e+00	0.00e+00	0.00e+00
 2.65074e+23	3.68e-07	8.38e-03	2.68e-01	3.85e-01	1.04e-01	1.36e-01	9.10e-02	7.62e-03	9.53e-05	1.53e-06	0.00e+00	0.00e+00	0.00e+00	0.00e+00	0.00e+00	0.00e+00	0.00e+00
