#depth	Fe	Fe+	Fe+2	Fe+3	Fe+4	Fe+5	Fe+6	Fe+7	Fe+8	Fe+9	Fe+10	Fe+11	Fe+12	Fe+13	Fe+14	Fe+15	Fe+16	Fe+17	Fe+18	Fe+19	Fe+20	Fe+21	Fe+22	Fe+23	Fe+24	Fe+25	Fe+26
 1.54284e+22	0.00e+00	0.00e+00	0.00e+00	0.00e+00	0.00e+00	1.14e-25	9.05e-23	1.83e-20	2.24e-18	8.96e-17	3.27e-15	9.36e-14	3.02e-12	7.69e-11	2.19e-09	7.51e-08	1.77e-05	3.69e-04	3.94e-03	2.03e-02	6.25e-02	1.08e-01	1.42e-01	1.77e-01	3.61e-01	1.13e-01	1.27e-02
 3.57147e+22	0.00e+00	0.00e+00	0.00e+00	0.00e+00	4.17e-26	5.33e-23	2.98e-20	4.37e-18	4.01e-16	1.32e-14	3.26e-13	6.33e-12	1.38e-10	2.36e-09	4.50e-08	1.04e-06	1.79e-04	2.68e-03	2.02e-02	7.20e-02	1.52e-01	1.81e-01	1.64e-01	1.42e-01	2.16e-01	4.64e-02	3.60e-03
 4.36441e+22	0.00e+00	0.00e+00	0.00e+00	8.72e-28	2.84e-24	2.91e-21	1.30e-18	1.50e-16	1.07e-14	2.73e-13	5.22e-12	7.81e-11	1.31e-09	1.73e-08	2.53e-07	4.52e-06	6.51e-04	7.92e-03	4.76e-02	1.33e-01	2.19e-01	2.03e-01	1.44e-01	9.85e-02	1.24e-01	2.08e-02	1.26e-03
 4.83687e+22	0.00e+00	0.00e+00	5.25e-31	9.81e-27	2.83e-23	2.58e-20	1.01e-17	1.02e-15	6.33e-14	1.39e-12	2.29e-11	2.96e-10	4.26e-09	4.84e-08	6.10e-07	9.42e-06	1.23e-03	1.34e-02	7.11e-02	1.73e-01	2.48e-01	1.99e-01	1.23e-01	7.38e-02	8.38e-02	1.23e-02	6.48e-04
 5.04351e+22	0.00e+00	0.00e+00	1.05e-30	1.90e-26	5.29e-23	4.66e-20	1.76e-17	1.71e-15	1.02e-13	2.16e-12	3.41e-11	4.22e-10	5.83e-09	6.36e-08	7.69e-07	1.14e-05	1.45e-03	1.53e-02	7.86e-02	1.84e-01	2.54e-01	1.96e-01	1.17e-01	6.75e-02	7.46e-02	1.05e-02	5.35e-04
 5.12101e+22	0.00e+00	0.00e+00	1.73e-30	3.05e-26	8.29e-23	7.12e-20	2.62e-17	2.48e-15	1.44e-13	2.95e-12	4.54e-11	5.46e-10	7.32e-09	7.76e-08	9.10e-07	1.31e-05	1.63e-03	1.68e-02	8.43e-02	1.92e-01	2.57e-01	1.94e-01	1.12e-01	6.31e-02	6.84e-02	9.36e-03	4.64e-04
 5.20421e+22	0.00e+00	0.00e+00	3.59e-30	6.10e-26	1.60e-22	1.33e-19	4.69e-17	4.28e-15	2.38e-13	4.68e-12	6.88e-11	7.92e-10	1.02e-08	1.03e-07	1.15e-06	1.59e-05	1.93e-03	1.92e-02	9.31e-02	2.04e-01	2.62e-01	1.89e-01	1.05e-01	5.69e-02	6.00e-02	7.89e-03	3.75e-04
 5.28931e+22	0.00e+00	0.00e+00	6.44e-30	1.06e-25	2.71e-22	2.18e-19	7.47e-17	6.61e-15	3.55e-13	6.74e-12	9.59e-11	1.07e-09	1.32e-08	1.29e-07	1.40e-06	1.86e-05	2.20e-03	2.14e-02	1.00e-01	2.13e-01	2.65e-01	1.85e-01	9.99e-02	5.23e-02	5.39e-02	6.85e-03	3.16e-04
 5.37687e+22	0.00e+00	0.00e+00	1.33e-29	2.11e-25	5.20e-22	4.04e-19	1.33e-16	1.13e-14	5.83e-13	1.06e-11	1.44e-10	1.54e-09	1.82e-08	1.70e-07	1.76e-06	2.25e-05	2.58e-03	2.43e-02	1.10e-01	2.24e-01	2.67e-01	1.79e-01	9.30e-02	4.68e-02	4.69e-02	5.73e-03	2.54e-04
 5.46721e+22	0.00e+00	0.00e+00	2.57e-29	3.95e-25	9.40e-22	7.07e-19	2.25e-16	1.84e-14	9.14e-13	1.60e-11	2.09e-10	2.14e-09	2.43e-08	2.18e-07	2.17e-06	2.66e-05	2.97e-03	2.72e-02	1.19e-01	2.34e-01	2.68e-01	1.73e-01	8.67e-02	4.22e-02	4.12e-02	4.85e-03	2.07e-04
 5.54600e+22	0.00e+00	4.72e-34	4.69e-29	6.98e-25	1.61e-21	1.18e-18	3.62e-16	2.87e-14	1.38e-12	2.32e-11	2.93e-10	2.88e-09	3.16e-08	2.74e-07	2.62e-06	3.09e-05	3.38e-03	3.00e-02	1.28e-01	2.42e-01	2.68e-01	1.68e-01	8.12e-02	3.82e-02	3.65e-02	4.15e-03	1.71e-04
 5.62169e+22	0.00e+00	8.72e-34	8.38e-29	1.21e-24	2.72e-21	1.92e-18	5.74e-16	4.41e-14	2.04e-12	3.33e-11	4.05e-10	3.85e-09	4.07e-08	3.40e-07	3.14e-06	3.57e-05	3.81e-03	3.30e-02	1.36e-01	2.50e-01	2.68e-01	1.62e-01	7.59e-02	3.46e-02	3.24e-02	3.56e-03	1.42e-04
 5.70850e+22	0.00e+00	1.89e-33	1.75e-28	2.43e-24	5.25e-21	3.59e-18	1.03e-15	7.58e-14	3.36e-12	5.23e-11	6.09e-10	5.53e-09	5.59e-08	4.46e-07	3.93e-06	4.28e-05	4.43e-03	3.70e-02	1.47e-01	2.60e-01	2.66e-01	1.54e-01	6.94e-02	3.04e-02	2.77e-02	2.92e-03	1.12e-04
 5.79770e+22	0.00e+00	3.63e-33	3.24e-28	4.35e-24	9.13e-21	6.04e-18	1.67e-15	1.19e-13	5.10e-12	7.65e-11	8.57e-10	7.50e-09	7.29e-08	5.60e-07	4.74e-06	4.97e-05	5.01e-03	4.07e-02	1.57e-01	2.67e-01	2.64e-01	1.48e-01	6.42e-02	2.72e-02	2.42e-02	2.46e-03	9.10e-05
 5.89000e+22	0.00e+00	8.38e-33	7.13e-28	9.20e-24	1.85e-20	1.18e-17	3.12e-15	2.13e-13	8.68e-12	1.24e-10	1.33e-09	1.10e-08	1.02e-07	7.46e-07	6.01e-06	6.00e-05	5.84e-03	4.58e-02	1.70e-01	2.76e-01	2.60e-01	1.39e-01	5.78e-02	2.35e-02	2.03e-02	1.97e-03	6.97e-05
 5.98313e+22	0.00e+00	1.67e-32	1.37e-27	1.70e-23	3.32e-20	2.04e-17	5.22e-15	3.43e-13	1.34e-11	1.85e-10	1.89e-09	1.51e-08	1.34e-07	9.43e-07	7.29e-06	6.99e-05	6.61e-03	5.03e-02	1.80e-01	2.82e-01	2.56e-01	1.32e-01	5.28e-02	2.07e-02	1.75e-02	1.64e-03	5.57e-05
 6.05968e+22	0.00e+00	3.00e-32	2.38e-27	2.88e-23	5.45e-20	3.25e-17	8.08e-15	5.14e-13	1.95e-11	2.59e-10	2.57e-09	1.98e-08	1.70e-07	1.15e-06	8.58e-06	7.95e-05	7.33e-03	5.43e-02	1.89e-01	2.87e-01	2.52e-01	1.26e-01	4.88e-02	1.86e-02	1.53e-02	1.39e-03	4.59e-05
 6.14150e+22	0.00e+00	6.31e-32	4.80e-27	5.60e-23	1.02e-19	5.88e-17	1.40e-14	8.59e-13	3.12e-11	3.97e-10	3.76e-09	2.78e-08	2.28e-07	1.48e-06	1.05e-05	9.33e-05	8.35e-03	5.98e-02	2.01e-01	2.93e-01	2.46e-01	1.18e-01	4.40e-02	1.61e-02	1.30e-02	1.13e-03	3.57e-05
 6.22516e+22	0.00e+00	1.19e-31	8.76e-27	9.88e-23	1.75e-19	9.75e-17	2.25e-14	1.33e-12	4.66e-11	5.72e-10	5.22e-09	3.71e-08	2.93e-07	1.82e-06	1.25e-05	1.07e-04	9.30e-03	6.47e-02	2.11e-01	2.97e-01	2.40e-01	1.11e-01	4.01e-02	1.42e-02	1.12e-02	9.42e-04	2.88e-05
 6.29322e+22	0.00e+00	2.00e-31	1.43e-26	1.57e-22	2.70e-19	1.47e-16	3.31e-14	1.90e-12	6.47e-11	7.69e-10	6.80e-09	4.70e-08	3.59e-07	2.17e-06	1.44e-05	1.19e-04	1.01e-02	6.90e-02	2.19e-01	2.99e-01	2.36e-01	1.06e-01	3.71e-02	1.28e-02	9.94e-03	8.11e-04	2.41e-05
 6.36373e+22	0.00e+00	3.82e-31	2.63e-26	2.80e-22	4.66e-19	2.46e-16	5.33e-14	2.96e-12	9.70e-11	1.11e-09	9.45e-09	6.28e-08	4.61e-07	2.68e-06	1.71e-05	1.36e-04	1.13e-02	7.45e-02	2.30e-01	3.02e-01	2.29e-01	9.91e-02	3.37e-02	1.13e-02	8.53e-03	6.71e-04	1.92e-05
 6.43123e+22	0.00e+00	6.20e-31	4.16e-26	4.30e-22	6.99e-19	3.60e-16	7.62e-14	4.12e-12	1.31e-10	1.46e-09	1.21e-08	7.80e-08	5.56e-07	3.14e-06	1.94e-05	1.50e-04	1.22e-02	7.88e-02	2.37e-01	3.04e-01	2.24e-01	9.43e-02	3.12e-02	1.02e-02	7.59e-03	5.82e-04	1.62e-05
 6.48557e+22	0.00e+00	9.95e-31	6.49e-26	6.56e-22	1.04e-18	5.23e-16	1.08e-13	5.70e-12	1.76e-10	1.91e-09	1.53e-08	9.63e-08	6.67e-07	3.66e-06	2.20e-05	1.65e-04	1.31e-02	8.31e-02	2.44e-01	3.05e-01	2.19e-01	8.98e-02	2.90e-02	9.23e-03	6.77e-03	5.05e-04	1.37e-05
 6.53877e+22	0.00e+00	1.55e-30	9.88e-26	9.75e-22	1.51e-18	7.44e-16	1.50e-13	7.72e-12	2.33e-10	2.46e-09	1.92e-08	1.17e-07	7.92e-07	4.22e-06	2.47e-05	1.81e-04	1.41e-02	8.73e-02	2.51e-01	3.06e-01	2.14e-01	8.56e-02	2.70e-02	8.40e-03	6.07e-03	4.42e-04	1.17e-05
 6.59089e+22	0.00e+00	2.33e-30	1.45e-25	1.40e-21	2.12e-18	1.02e-15	2.02e-13	1.02e-11	3.00e-10	3.09e-09	2.36e-08	1.41e-07	9.26e-07	4.81e-06	2.75e-05	1.96e-04	1.50e-02	9.12e-02	2.58e-01	3.06e-01	2.09e-01	8.18e-02	2.52e-02	7.70e-03	5.49e-03	3.90e-04	1.01e-05
 6.64975e+22	0.00e+00	4.02e-30	2.42e-25	2.27e-21	3.35e-18	1.57e-15	3.01e-13	1.48e-11	4.21e-10	4.20e-09	3.10e-08	1.79e-07	1.14e-06	5.74e-06	3.16e-05	2.19e-04	1.63e-02	9.67e-02	2.66e-01	3.07e-01	2.02e-01	7.69e-02	2.31e-02	6.84e-03	4.79e-03	3.30e-04	8.30e-06
 6.70893e+22	0.00e+00	6.44e-30	3.77e-25	3.45e-21	4.97e-18	2.28e-15	4.26e-13	2.03e-11	5.63e-10	5.47e-09	3.93e-08	2.20e-07	1.36e-06	6.66e-06	3.57e-05	2.40e-04	1.75e-02	1.02e-01	2.73e-01	3.06e-01	1.97e-01	7.28e-02	2.13e-02	6.17e-03	4.25e-03	2.85e-04	6.98e-06
 6.75885e+22	0.00e+00	9.85e-30	5.63e-25	5.04e-21	7.09e-18	3.18e-15	5.81e-13	2.71e-11	7.33e-10	6.94e-09	4.86e-08	2.66e-07	1.60e-06	7.62e-06	3.98e-05	2.60e-04	1.86e-02	1.06e-01	2.79e-01	3.06e-01	1.92e-01	6.92e-02	1.98e-02	5.61e-03	3.81e-03	2.50e-04	5.97e-06
 6.80565e+22	0.00e+00	1.49e-29	8.33e-25	7.29e-21	1.00e-17	4.41e-15	7.88e-13	3.59e-11	9.47e-10	8.75e-09	5.98e-08	3.19e-07	1.87e-06	8.69e-06	4.42e-05	2.82e-04	1.97e-02	1.10e-01	2.85e-01	3.05e-01	1.86e-01	6.58e-02	1.84e-02	5.11e-03	3.42e-03	2.19e-04	5.12e-06
 6.85082e+22	0.00e+00	2.18e-29	1.19e-24	1.02e-20	1.38e-17	5.94e-15	1.04e-12	4.64e-11	1.20e-09	1.08e-08	7.23e-08	3.77e-07	2.16e-06	9.80e-06	4.86e-05	3.03e-04	2.08e-02	1.15e-01	2.90e-01	3.04e-01	1.82e-01	6.28e-02	1.72e-02	4.69e-03	3.10e-03	1.94e-04	4.44e-06
 6.90225e+22	0.00e+00	3.60e-29	1.91e-24	1.59e-20	2.09e-17	8.79e-15	1.50e-12	6.51e-11	1.63e-09	1.43e-08	9.27e-08	4.69e-07	2.61e-06	1.15e-05	5.51e-05	3.33e-04	2.24e-02	1.20e-01	2.97e-01	3.03e-01	1.75e-01	5.89e-02	1.57e-02	4.17e-03	2.72e-03	1.66e-04	3.68e-06
 6.95474e+22	0.00e+00	5.43e-29	2.81e-24	2.29e-20	2.94e-17	1.21e-14	2.02e-12	8.59e-11	2.10e-09	1.80e-08	1.14e-07	5.61e-07	3.04e-06	1.30e-05	6.11e-05	3.60e-04	2.37e-02	1.25e-01	3.03e-01	3.01e-01	1.70e-01	5.59e-02	1.46e-02	3.80e-03	2.44e-03	1.45e-04	3.15e-06
 7.00860e+22	0.00e+00	9.13e-29	4.58e-24	3.63e-20	4.53e-17	1.82e-14	2.95e-12	1.22e-10	2.89e-09	2.40e-08	1.47e-07	7.03e-07	3.69e-06	1.53e-05	6.95e-05	3.97e-04	2.55e-02	1.31e-01	3.09e-01	2.99e-01	1.64e-01	5.22e-02	1.33e-02	3.36e-03	2.12e-03	1.23e-04	2.58e-06
 7.06292e+22	0.00e+00	1.43e-28	7.01e-24	5.42e-20	6.59e-17	2.59e-14	4.09e-12	1.65e-10	3.81e-09	3.08e-08	1.84e-07	8.55e-07	4.37e-06	1.76e-05	7.76e-05	4.31e-04	2.71e-02	1.36e-01	3.15e-01	2.96e-01	1.58e-01	4.92e-02	1.22e-02	3.02e-03	1.88e-03	1.06e-04	2.17e-06
 7.10637e+22	0.00e+00	2.07e-28	9.87e-24	7.48e-20	8.92e-17	3.43e-14	5.33e-12	2.11e-10	4.76e-09	3.77e-08	2.20e-07	1.00e-06	5.00e-06	1.97e-05	8.48e-05	4.61e-04	2.84e-02	1.41e-01	3.19e-01	2.94e-01	1.54e-01	4.68e-02	1.14e-02	2.77e-03	1.70e-03	9.38e-05	1.88e-06
 7.15138e+22	0.00e+00	3.25e-28	1.51e-23	1.11e-19	1.30e-16	4.88e-14	7.40e-12	2.86e-10	6.28e-09	4.84e-08	2.75e-07	1.22e-06	5.91e-06	2.27e-05	9.47e-05	5.00e-04	3.02e-02	1.46e-01	3.25e-01	2.92e-01	1.48e-01	4.39e-02	1.05e-02	2.48e-03	1.50e-03	8.07e-05	1.58e-06
 7.19792e+22	0.00e+00	4.74e-28	2.15e-23	1.56e-19	1.77e-16	6.54e-14	9.72e-12	3.68e-10	7.90e-09	5.96e-08	3.31e-07	1.43e-06	6.80e-06	2.55e-05	1.04e-04	5.36e-04	3.17e-02	1.51e-01	3.29e-01	2.89e-01	1.43e-01	4.17e-02	9.72e-03	2.26e-03	1.36e-03	7.11e-05	1.36e-06
 7.24644e+22	0.00e+00	7.93e-28	3.49e-23	2.45e-19	2.71e-16	9.73e-14	1.41e-11	5.18e-10	1.08e-08	7.91e-08	4.26e-07	1.79e-06	8.21e-06	2.98e-05	1.18e-04	5.87e-04	3.38e-02	1.58e-01	3.35e-01	2.85e-01	1.37e-01	3.87e-02	8.79e-03	1.99e-03	1.17e-03	5.98e-05	1.11e-06
 7.29409e+22	0.00e+00	1.15e-27	4.94e-23	3.39e-19	3.68e-16	1.30e-13	1.84e-11	6.64e-10	1.35e-08	9.70e-08	5.11e-07	2.10e-06	9.42e-06	3.34e-05	1.29e-04	6.28e-04	3.55e-02	1.62e-01	3.39e-01	2.82e-01	1.33e-01	3.67e-02	8.17e-03	1.82e-03	1.06e-03	5.27e-05	9.60e-07
 7.34059e+22	0.00e+00	1.94e-27	8.09e-23	5.39e-19	5.66e-16	1.94e-13	2.68e-11	9.42e-10	1.86e-08	1.29e-07	6.60e-07	2.63e-06	1.14e-05	3.91e-05	1.46e-04	6.88e-04	3.78e-02	1.69e-01	3.44e-01	2.78e-01	1.26e-01	3.39e-02	7.36e-03	1.59e-03	9.12e-04	4.40e-05	7.78e-07
 7.38637e+22	0.00e+00	2.79e-27	1.14e-22	7.41e-19	7.62e-16	2.57e-13	3.48e-11	1.20e-09	2.32e-08	1.58e-07	7.89e-07	3.07e-06	1.30e-05	4.37e-05	1.59e-04	7.34e-04	3.96e-02	1.74e-01	3.47e-01	2.75e-01	1.22e-01	3.21e-02	6.83e-03	1.45e-03	8.22e-04	3.89e-05	6.72e-07
 7.43123e+22	0.00e+00	4.52e-27	1.78e-22	1.13e-18	1.13e-15	3.72e-13	4.91e-11	1.65e-09	3.10e-08	2.05e-07	9.97e-07	3.77e-06	1.55e-05	5.05e-05	1.78e-04	7.98e-04	4.19e-02	1.80e-01	3.52e-01	2.71e-01	1.17e-01	2.99e-02	6.19e-03	1.28e-03	7.16e-04	3.29e-05	5.53e-07
 7.47773e+22	0.00e+00	6.86e-27	2.63e-22	1.63e-18	1.59e-15	5.12e-13	6.62e-11	2.18e-09	3.99e-08	2.58e-07	1.22e-06	4.51e-06	1.81e-05	5.73e-05	1.97e-04	8.58e-04	4.41e-02	1.86e-01	3.55e-01	2.67e-01	1.12e-01	2.80e-02	5.68e-03	1.15e-03	6.34e-04	2.84e-05	4.66e-07
 7.51806e+22	0.00e+00	9.87e-27	3.70e-22	2.24e-18	2.14e-15	6.76e-13	8.60e-11	2.77e-09	4.97e-08	3.15e-07	1.46e-06	5.26e-06	2.07e-05	6.39e-05	2.14e-04	9.14e-04	4.60e-02	1.90e-01	3.58e-01	2.63e-01	1.08e-01	2.64e-02	5.26e-03	1.05e-03	5.70e-04	2.50e-05	4.01e-07
 7.56219e+22	0.00e+00	1.65e-26	6.00e-22	3.52e-18	3.25e-15	1.00e-12	1.24e-10	3.90e-09	6.79e-08	4.18e-07	1.88e-06	6.56e-06	2.49e-05	7.46e-05	2.42e-04	9.99e-04	4.88e-02	1.97e-01	3.62e-01	2.58e-01	1.02e-01	2.43e-02	4.72e-03	9.14e-04	4.89e-04	2.08e-05	3.23e-07
 7.60584e+22	0.00e+00	2.37e-26	8.39e-22	4.81e-18	4.36e-15	1.32e-12	1.60e-10	4.94e-09	8.43e-08	5.08e-07	2.24e-06	7.65e-06	2.84e-05	8.32e-05	2.63e-04	1.06e-03	5.09e-02	2.02e-01	3.64e-01	2.54e-01	9.84e-02	2.30e-02	4.37e-03	8.31e-04	4.40e-04	1.83e-05	2.78e-07
 7.64884e+22	0.00e+00	3.90e-26	1.34e-21	7.44e-18	6.53e-15	1.92e-12	2.28e-10	6.88e-09	1.14e-07	6.68e-07	2.85e-06	9.47e-06	3.41e-05	9.66e-05	2.96e-04	1.16e-03	5.39e-02	2.09e-01	3.68e-01	2.49e-01	9.31e-02	2.11e-02	3.92e-03	7.26e-04	3.78e-04	1.52e-05	2.25e-07
 7.69113e+22	0.00e+00	5.52e-26	1.85e-21	1.01e-17	8.65e-15	2.50e-12	2.92e-10	8.65e-09	1.40e-07	8.07e-07	3.38e-06	1.10e-05	3.87e-05	1.07e-04	3.21e-04	1.23e-03	5.60e-02	2.14e-01	3.70e-01	2.45e-01	8.96e-02	1.99e-02	3.63e-03	6.61e-04	3.40e-04	1.34e-05	1.94e-07
 7.73248e+22	0.00e+00	9.06e-26	2.93e-21	1.55e-17	1.29e-14	3.64e-12	4.15e-10	1.20e-08	1.89e-07	1.06e-06	4.30e-06	1.36e-05	4.63e-05	1.24e-04	3.60e-04	1.33e-03	5.92e-02	2.20e-01	3.72e-01	2.39e-01	8.47e-02	1.83e-02	3.25e-03	5.76e-04	2.92e-04	1.12e-05	1.57e-07
 7.77366e+22	0.00e+00	1.28e-25	4.06e-21	2.09e-17	1.71e-14	4.73e-12	5.31e-10	1.51e-08	2.33e-07	1.28e-06	5.10e-06	1.58e-05	5.26e-05	1.38e-04	3.91e-04	1.42e-03	6.15e-02	2.25e-01	3.74e-01	2.35e-01	8.14e-02	1.73e-02	3.00e-03	5.23e-04	2.62e-04	9.80e-06	1.35e-07
 7.81462e+22	0.00e+00	2.10e-25	6.42e-21	3.20e-17	2.53e-14	6.85e-12	7.51e-10	2.09e-08	3.14e-07	1.68e-06	6.49e-06	1.95e-05	6.30e-05	1.60e-04	4.39e-04	1.54e-03	6.48e-02	2.32e-01	3.76e-01	2.29e-01	7.67e-02	1.58e-02	2.68e-03	4.55e-04	2.24e-04	8.13e-06	0.00e+00
 7.85583e+22	0.00e+00	3.01e-25	8.97e-21	4.38e-17	3.38e-14	8.99e-12	9.69e-10	2.65e-08	3.90e-07	2.05e-06	7.75e-06	2.28e-05	7.19e-05	1.79e-04	4.77e-04	1.64e-03	6.74e-02	2.37e-01	3.77e-01	2.25e-01	7.34e-02	1.48e-02	2.47e-03	4.10e-04	2.00e-04	7.08e-06	0.00e+00
 7.89736e+22	0.00e+00	4.97e-25	1.43e-20	6.74e-17	5.04e-14	1.31e-11	1.38e-09	3.69e-08	5.28e-07	2.70e-06	9.92e-06	2.83e-05	8.64e-05	2.08e-04	5.37e-04	1.78e-03	7.11e-02	2.44e-01	3.79e-01	2.18e-01	6.89e-02	1.35e-02	2.19e-03	3.55e-04	1.70e-04	5.83e-06	0.00e+00
 7.93921e+22	0.00e+00	7.18e-25	2.01e-20	9.26e-17	6.76e-14	1.72e-11	1.79e-09	4.71e-08	6.60e-07	3.31e-06	1.19e-05	3.31e-05	9.90e-05	2.33e-04	5.85e-04	1.90e-03	7.39e-02	2.49e-01	3.80e-01	2.14e-01	6.57e-02	1.26e-02	2.01e-03	3.19e-04	1.51e-04	5.04e-06	0.00e+00
 7.98148e+22	0.00e+00	1.17e-24	3.17e-20	1.41e-16	9.97e-14	2.48e-11	2.52e-09	6.51e-08	8.88e-07	4.34e-06	1.52e-05	4.10e-05	1.19e-04	2.70e-04	6.57e-04	2.06e-03	7.78e-02	2.56e-01	3.81e-01	2.07e-01	6.16e-02	1.15e-02	1.78e-03	2.75e-04	1.28e-04	4.14e-06	0.00e+00
 8.02337e+22	0.00e+00	1.69e-24	4.44e-20	1.93e-16	1.33e-13	3.26e-11	3.27e-09	8.31e-08	1.11e-06	5.32e-06	1.82e-05	4.81e-05	1.36e-04	3.02e-04	7.17e-04	2.20e-03	8.09e-02	2.61e-01	3.81e-01	2.03e-01	5.86e-02	1.07e-02	1.63e-03	2.46e-04	1.13e-04	3.57e-06	0.00e+00
 8.06476e+22	0.00e+00	2.73e-24	6.92e-20	2.91e-16	1.94e-13	4.64e-11	4.57e-09	1.14e-07	1.49e-06	6.95e-06	2.31e-05	5.94e-05	1.63e-04	3.50e-04	8.03e-04	2.38e-03	8.50e-02	2.67e-01	3.81e-01	1.96e-01	5.48e-02	9.72e-03	1.44e-03	2.13e-04	9.59e-05	2.93e-06	0.00e+00
 8.10678e+22	0.00e+00	3.97e-24	9.80e-20	4.01e-16	2.61e-13	6.13e-11	5.96e-09	1.47e-07	1.87e-06	8.58e-06	2.79e-05	7.02e-05	1.87e-04	3.93e-04	8.79e-04	2.54e-03	8.84e-02	2.72e-01	3.81e-01	1.91e-01	5.19e-02	9.00e-03	1.31e-03	1.89e-04	8.41e-05	2.50e-06	0.00e+00
 8.14961e+22	0.00e+00	6.46e-24	1.53e-19	6.06e-16	3.83e-13	8.78e-11	8.38e-09	2.03e-07	2.53e-06	1.13e-05	3.57e-05	8.71e-05	2.25e-04	4.57e-04	9.88e-04	2.77e-03	9.29e-02	2.79e-01	3.81e-01	1.85e-01	4.83e-02	8.13e-03	1.15e-03	1.62e-04	7.07e-05	2.03e-06	0.00e+00
 8.19297e+22	0.00e+00	9.44e-24	2.18e-19	8.37e-16	5.15e-13	1.16e-10	1.10e-08	2.62e-07	3.19e-06	1.40e-05	4.34e-05	1.03e-04	2.60e-04	5.15e-04	1.08e-03	2.96e-03	9.66e-02	2.84e-01	3.80e-01	1.79e-01	4.56e-02	7.50e-03	1.04e-03	1.43e-04	6.16e-05	1.72e-06	0.00e+00
 8.23701e+22	0.00e+00	1.54e-23	3.41e-19	1.27e-15	7.53e-13	1.66e-10	1.54e-08	3.64e-07	4.33e-06	1.85e-05	5.57e-05	1.29e-04	3.14e-04	6.01e-04	1.22e-03	3.22e-03	1.02e-01	2.91e-01	3.79e-01	1.73e-01	4.22e-02	6.73e-03	9.07e-04	1.22e-04	5.14e-05	1.39e-06	0.00e+00
 8.28128e+22	0.00e+00	2.23e-23	4.79e-19	1.73e-15	1.01e-12	2.18e-10	2.01e-08	4.68e-07	5.46e-06	2.29e-05	6.75e-05	1.53e-04	3.63e-04	6.77e-04	1.34e-03	3.44e-03	1.06e-01	2.96e-01	3.78e-01	1.67e-01	3.98e-02	6.19e-03	8.17e-04	1.07e-04	4.47e-05	1.17e-06	0.00e+00
 8.31938e+22	0.00e+00	3.18e-23	6.64e-19	2.33e-15	1.32e-12	2.83e-10	2.58e-08	5.96e-07	6.82e-06	2.82e-05	8.13e-05	1.80e-04	4.17e-04	7.58e-04	1.46e-03	3.67e-03	1.09e-01	3.01e-01	3.77e-01	1.62e-01	3.75e-02	5.70e-03	7.37e-04	9.48e-05	3.89e-05	9.94e-07	0.00e+00
 8.36242e+22	3.31e-34	5.02e-23	1.01e-18	3.43e-15	1.88e-12	3.96e-10	3.56e-08	8.15e-07	9.12e-06	3.69e-05	1.03e-04	2.22e-04	4.99e-04	8.80e-04	1.64e-03	3.99e-03	1.15e-01	3.07e-01	3.75e-01	1.56e-01	3.46e-02	5.11e-03	6.44e-04	8.06e-05	3.25e-05	8.00e-07	0.00e+00
 8.40544e+22	4.85e-34	6.98e-23	1.37e-18	4.53e-15	2.43e-12	5.04e-10	4.51e-08	1.02e-06	1.13e-05	4.48e-05	1.23e-04	2.59e-04	5.69e-04	9.81e-04	1.78e-03	4.24e-03	1.19e-01	3.11e-01	3.73e-01	1.51e-01	3.26e-02	4.71e-03	5.83e-04	7.15e-05	2.84e-05	6.82e-07	0.00e+00
 8.44845e+22	8.02e-34	1.08e-22	2.03e-18	6.51e-15	3.39e-12	6.92e-10	6.14e-08	1.38e-06	1.49e-05	5.81e-05	1.56e-04	3.18e-04	6.78e-04	1.13e-03	1.99e-03	4.60e-03	1.24e-01	3.17e-01	3.70e-01	1.45e-01	3.01e-02	4.22e-03	5.09e-04	6.09e-05	2.37e-05	5.50e-07	0.00e+00
 8.49193e+22	1.17e-33	1.48e-22	2.72e-18	8.52e-15	4.35e-12	8.76e-10	7.73e-08	1.73e-06	1.83e-05	7.04e-05	1.85e-04	3.71e-04	7.72e-04	1.26e-03	2.16e-03	4.88e-03	1.29e-01	3.21e-01	3.68e-01	1.40e-01	2.83e-02	3.89e-03	4.60e-04	5.39e-05	2.07e-05	4.68e-07	0.00e+00
 8.53605e+22	1.89e-33	2.25e-22	3.97e-18	1.20e-14	5.98e-12	1.19e-09	1.04e-07	2.31e-06	2.41e-05	9.06e-05	2.32e-04	4.53e-04	9.14e-04	1.45e-03	2.41e-03	5.29e-03	1.34e-01	3.26e-01	3.64e-01	1.34e-01	2.61e-02	3.48e-03	4.01e-04	4.59e-05	1.73e-05	3.77e-07	0.00e+00
 8.58138e+22	2.78e-33	3.13e-22	5.37e-18	1.59e-14	7.71e-12	1.51e-09	1.32e-07	2.93e-06	2.99e-05	1.11e-04	2.79e-04	5.32e-04	1.05e-03	1.62e-03	2.63e-03	5.64e-03	1.39e-01	3.31e-01	3.61e-01	1.29e-01	2.44e-02	3.18e-03	3.59e-04	4.03e-05	1.50e-05	3.16e-07	0.00e+00
 8.62831e+22	4.51e-33	4.74e-22	7.84e-18	2.24e-14	1.06e-11	2.05e-09	1.79e-07	3.94e-06	3.95e-05	1.44e-04	3.51e-04	6.52e-04	1.25e-03	1.87e-03	2.94e-03	6.12e-03	1.46e-01	3.36e-01	3.57e-01	1.23e-01	2.23e-02	2.82e-03	3.11e-04	3.40e-05	1.24e-05	2.52e-07	0.00e+00
 8.67612e+22	6.58e-33	6.53e-22	1.05e-17	2.93e-14	1.36e-11	2.60e-09	2.26e-07	4.96e-06	4.90e-05	1.75e-04	4.21e-04	7.64e-04	1.43e-03	2.09e-03	3.20e-03	6.52e-03	1.51e-01	3.40e-01	3.53e-01	1.18e-01	2.08e-02	2.57e-03	2.78e-04	2.97e-05	1.07e-05	2.11e-07	0.00e+00
 8.72510e+22	1.06e-32	9.78e-22	1.52e-17	4.10e-14	1.85e-11	3.50e-09	3.04e-07	6.66e-06	6.44e-05	2.26e-04	5.29e-04	9.35e-04	1.69e-03	2.41e-03	3.57e-03	7.08e-03	1.58e-01	3.44e-01	3.48e-01	1.12e-01	1.90e-02	2.28e-03	2.40e-04	2.50e-05	8.80e-06	1.68e-07	0.00e+00
 8.77552e+22	1.55e-32	1.35e-21	2.04e-17	5.36e-14	2.37e-11	4.43e-09	3.85e-07	8.42e-06	8.02e-05	2.78e-04	6.36e-04	1.10e-03	1.94e-03	2.70e-03	3.90e-03	7.55e-03	1.63e-01	3.48e-01	3.43e-01	1.07e-01	1.77e-02	2.06e-03	2.13e-04	2.18e-05	7.53e-06	1.39e-07	0.00e+00
 8.82059e+22	2.22e-32	1.84e-21	2.69e-17	6.92e-14	3.00e-11	5.56e-09	4.84e-07	1.06e-05	9.91e-05	3.38e-04	7.59e-04	1.28e-03	2.21e-03	3.00e-03	4.24e-03	8.04e-03	1.69e-01	3.51e-01	3.38e-01	1.03e-01	1.64e-02	1.87e-03	1.89e-04	1.90e-05	6.47e-06	0.00e+00	0.00e+00
 8.87199e+22	3.50e-32	2.70e-21	3.82e-17	9.54e-14	4.03e-11	7.40e-09	6.45e-07	1.41e-05	1.30e-04	4.33e-04	9.49e-04	1.56e-03	2.61e-03	3.45e-03	4.72e-03	8.71e-03	1.76e-01	3.55e-01	3.32e-01	9.73e-02	1.49e-02	1.65e-03	1.63e-04	1.59e-05	5.31e-06	0.00e+00	0.00e+00
 8.92418e+22	4.99e-32	3.65e-21	5.02e-17	1.22e-13	5.07e-11	9.25e-09	8.07e-07	1.76e-05	1.60e-04	5.26e-04	1.13e-03	1.82e-03	2.98e-03	3.83e-03	5.13e-03	9.27e-03	1.82e-01	3.58e-01	3.27e-01	9.30e-02	1.38e-02	1.49e-03	1.44e-04	1.38e-05	4.55e-06	0.00e+00	0.00e+00
 8.97741e+22	7.80e-32	5.31e-21	7.07e-17	1.67e-13	6.77e-11	1.22e-08	1.07e-06	2.33e-05	2.08e-04	6.73e-04	1.41e-03	2.21e-03	3.50e-03	4.39e-03	5.69e-03	1.00e-02	1.90e-01	3.61e-01	3.20e-01	8.76e-02	1.25e-02	1.31e-03	1.24e-04	1.16e-05	3.73e-06	0.00e+00	0.00e+00
 9.02912e+22	1.07e-31	6.93e-21	8.99e-17	2.08e-13	8.30e-11	1.49e-08	1.31e-06	2.85e-05	2.50e-04	8.00e-04	1.65e-03	2.53e-03	3.93e-03	4.82e-03	6.13e-03	1.06e-02	1.96e-01	3.63e-01	3.14e-01	8.39e-02	1.17e-02	1.20e-03	1.11e-04	1.02e-05	3.24e-06	0.00e+00	0.00e+00
 9.07884e+22	1.59e-31	9.69e-21	1.22e-16	2.75e-13	1.07e-10	1.92e-08	1.69e-06	3.68e-05	3.18e-04	9.99e-04	2.01e-03	3.01e-03	4.55e-03	5.44e-03	6.73e-03	1.14e-02	2.03e-01	3.65e-01	3.07e-01	7.92e-02	1.06e-02	1.06e-03	9.60e-05	8.63e-06	2.69e-06	0.00e+00	0.00e+00
 9.12948e+22	2.17e-31	1.26e-20	1.54e-16	3.42e-13	1.31e-10	2.33e-08	2.06e-06	4.49e-05	3.82e-04	1.18e-03	2.34e-03	3.44e-03	5.09e-03	5.96e-03	7.23e-03	1.20e-02	2.08e-01	3.66e-01	3.01e-01	7.57e-02	9.87e-03	9.65e-04	8.59e-05	7.59e-06	2.33e-06	0.00e+00	0.00e+00
 9.18132e+22	3.22e-31	1.75e-20	2.09e-16	4.50e-13	1.70e-10	2.99e-08	2.65e-06	5.79e-05	4.84e-04	1.48e-03	2.85e-03	4.08e-03	5.87e-03	6.70e-03	7.92e-03	1.28e-02	2.16e-01	3.67e-01	2.94e-01	7.13e-02	8.96e-03	8.53e-04	7.42e-05	6.41e-06	1.93e-06	0.00e+00	0.00e+00
 9.23451e+22	4.44e-31	2.28e-20	2.66e-16	5.61e-13	2.08e-10	3.65e-08	3.25e-06	7.11e-05	5.86e-04	1.76e-03	3.33e-03	4.69e-03	6.59e-03	7.37e-03	8.52e-03	1.36e-02	2.22e-01	3.68e-01	2.87e-01	6.77e-02	8.28e-03	7.70e-04	6.58e-05	5.59e-06	1.66e-06	0.00e+00	0.00e+00
 9.28948e+22	6.63e-31	3.19e-20	3.60e-16	7.41e-13	2.70e-10	4.70e-08	4.21e-06	9.20e-05	7.45e-04	2.20e-03	4.07e-03	5.57e-03	7.62e-03	8.29e-03	9.33e-03	1.45e-02	2.29e-01	3.68e-01	2.78e-01	6.34e-02	7.47e-03	6.76e-04	5.64e-05	4.68e-06	1.36e-06	0.00e+00	0.00e+00
 9.34345e+22	8.91e-31	4.07e-20	4.49e-16	9.07e-13	3.26e-10	5.65e-08	5.08e-06	1.11e-04	8.88e-04	2.59e-03	4.70e-03	6.31e-03	8.46e-03	9.03e-03	9.96e-03	1.53e-02	2.35e-01	3.68e-01	2.72e-01	6.03e-02	6.92e-03	6.13e-04	5.03e-05	4.11e-06	1.18e-06	0.00e+00	0.00e+00
 9.39611e+22	1.29e-30	5.55e-20	5.94e-16	1.17e-12	4.14e-10	7.14e-08	6.47e-06	1.42e-04	1.11e-03	3.19e-03	5.66e-03	7.42e-03	9.68e-03	1.01e-02	1.08e-02	1.63e-02	2.42e-01	3.67e-01	2.63e-01	5.64e-02	6.24e-03	5.39e-04	4.32e-05	3.45e-06	9.71e-07	0.00e+00	0.00e+00
 9.44928e+22	1.73e-30	7.04e-20	7.38e-16	1.43e-12	4.99e-10	8.56e-08	7.78e-06	1.70e-04	1.32e-03	3.73e-03	6.50e-03	8.35e-03	1.07e-02	1.09e-02	1.15e-02	1.71e-02	2.47e-01	3.66e-01	2.57e-01	5.36e-02	5.79e-03	4.90e-04	3.86e-05	3.04e-06	8.43e-07	0.00e+00	0.00e+00
 9.50312e+22	2.50e-30	9.53e-20	9.70e-16	1.84e-12	6.32e-10	1.08e-07	9.87e-06	2.17e-04	1.64e-03	4.57e-03	7.79e-03	9.77e-03	1.22e-02	1.21e-02	1.25e-02	1.81e-02	2.54e-01	3.64e-01	2.47e-01	5.00e-02	5.21e-03	4.29e-04	3.31e-05	2.55e-06	6.95e-07	0.00e+00	0.00e+00
 9.55804e+22	3.35e-30	1.21e-19	1.21e-15	2.25e-12	7.63e-10	1.30e-07	1.19e-05	2.61e-04	1.95e-03	5.35e-03	8.95e-03	1.10e-02	1.34e-02	1.31e-02	1.33e-02	1.89e-02	2.59e-01	3.62e-01	2.40e-01	4.73e-02	4.80e-03	3.88e-04	2.94e-05	2.23e-06	5.99e-07	0.00e+00	0.00e+00
 9.61438e+22	4.86e-30	1.64e-19	1.59e-15	2.90e-12	9.67e-10	1.63e-07	1.51e-05	3.32e-04	2.44e-03	6.57e-03	1.07e-02	1.28e-02	1.53e-02	1.45e-02	1.43e-02	2.01e-02	2.65e-01	3.59e-01	2.31e-01	4.38e-02	4.29e-03	3.37e-04	2.50e-05	1.86e-06	4.89e-07	0.00e+00	0.00e+00
 9.67176e+22	6.54e-30	2.10e-19	1.99e-15	3.55e-12	1.17e-09	1.97e-07	1.83e-05	4.00e-04	2.89e-03	7.68e-03	1.23e-02	1.45e-02	1.68e-02	1.57e-02	1.52e-02	2.10e-02	2.70e-01	3.55e-01	2.23e-01	4.13e-02	3.94e-03	3.03e-04	2.21e-05	1.61e-06	4.19e-07	0.00e+00	0.00e+00
 9.73049e+22	1.43e-30	2.85e-19	2.62e-15	4.58e-12	1.49e-09	2.49e-07	2.33e-05	5.10e-04	3.61e-03	9.42e-03	1.47e-02	1.68e-02	1.90e-02	1.73e-02	1.64e-02	2.21e-02	2.75e-01	3.50e-01	2.13e-01	3.80e-02	3.50e-03	2.62e-04	1.87e-05	1.34e-06	3.40e-07	0.00e+00	0.00e+00
 9.79034e+22	1.90e-30	3.64e-19	3.28e-15	5.63e-12	1.80e-09	3.00e-07	2.82e-05	6.16e-04	4.29e-03	1.10e-02	1.69e-02	1.89e-02	2.09e-02	1.87e-02	1.73e-02	2.30e-02	2.79e-01	3.46e-01	2.05e-01	3.56e-02	3.19e-03	2.34e-04	1.64e-05	1.15e-06	2.89e-07	0.00e+00	0.00e+00
 9.84280e+22	2.49e-30	4.58e-19	4.05e-15	6.83e-12	2.16e-09	3.58e-07	3.38e-05	7.37e-04	5.06e-03	1.28e-02	1.92e-02	2.11e-02	2.29e-02	2.01e-02	1.82e-02	2.39e-02	2.82e-01	3.41e-01	1.97e-01	3.33e-02	2.91e-03	2.09e-04	1.44e-05	9.97e-07	2.47e-07	0.00e+00	0.00e+00
 9.90215e+22	3.51e-30	6.15e-19	5.28e-15	8.72e-12	2.72e-09	4.49e-07	4.26e-05	9.28e-04	6.24e-03	1.55e-02	2.27e-02	2.43e-02	2.56e-02	2.19e-02	1.94e-02	2.50e-02	2.85e-01	3.33e-01	1.86e-01	3.05e-02	2.57e-03	1.80e-04	1.22e-05	8.23e-07	2.00e-07	0.00e+00	0.00e+00
 9.96159e+22	4.57e-30	7.73e-19	6.51e-15	1.06e-11	3.26e-09	5.34e-07	5.07e-05	1.10e-03	7.26e-03	1.78e-02	2.56e-02	2.68e-02	2.78e-02	2.33e-02	2.03e-02	2.58e-02	2.87e-01	3.27e-01	1.79e-01	2.86e-02	2.35e-03	1.62e-04	1.07e-05	7.16e-07	1.72e-07	0.00e+00	0.00e+00
 1.00211e+23	6.37e-30	1.03e-18	8.41e-15	1.34e-11	4.07e-09	6.64e-07	6.35e-05	1.37e-03	8.90e-03	2.14e-02	3.00e-02	3.06e-02	3.09e-02	2.53e-02	2.15e-02	2.68e-02	2.89e-01	3.18e-01	1.68e-01	2.59e-02	2.06e-03	1.38e-04	8.98e-06	5.87e-07	1.38e-07	0.00e+00	0.00e+00
 1.00816e+23	8.30e-30	1.29e-18	1.04e-14	1.62e-11	4.87e-09	7.90e-07	7.55e-05	1.63e-03	1.03e-02	2.44e-02	3.37e-02	3.37e-02	3.33e-02	2.68e-02	2.23e-02	2.75e-02	2.89e-01	3.11e-01	1.60e-01	2.41e-02	1.87e-03	1.23e-04	7.88e-06	5.07e-07	0.00e+00	0.00e+00	0.00e+00
 1.01432e+23	1.15e-29	1.71e-18	1.34e-14	2.06e-11	6.08e-09	9.81e-07	9.41e-05	2.02e-03	1.26e-02	2.91e-02	3.92e-02	3.81e-02	3.67e-02	2.88e-02	2.35e-02	2.84e-02	2.89e-01	3.00e-01	1.50e-01	2.18e-02	1.64e-03	1.05e-04	6.57e-06	4.14e-07	0.00e+00	0.00e+00	0.00e+00
 1.02068e+23	1.52e-29	2.17e-18	1.66e-14	2.50e-11	7.32e-09	1.17e-06	1.13e-04	2.41e-03	1.47e-02	3.35e-02	4.41e-02	4.21e-02	3.96e-02	3.04e-02	2.43e-02	2.90e-02	2.87e-01	2.90e-01	1.41e-01	2.00e-02	1.46e-03	9.19e-05	5.64e-06	3.50e-07	0.00e+00	0.00e+00	0.00e+00
 1.02730e+23	2.14e-29	2.91e-18	2.17e-14	3.20e-11	9.20e-09	1.46e-06	1.41e-04	2.99e-03	1.78e-02	3.97e-02	5.10e-02	4.73e-02	4.33e-02	3.24e-02	2.53e-02	2.96e-02	2.84e-01	2.77e-01	1.30e-01	1.78e-02	1.26e-03	7.74e-05	4.65e-06	2.82e-07	0.00e+00	0.00e+00	0.00e+00
 1.03415e+23	2.86e-29	3.72e-18	2.72e-14	3.93e-11	1.12e-08	1.76e-06	1.70e-04	3.58e-03	2.09e-02	4.58e-02	5.74e-02	5.20e-02	4.65e-02	3.41e-02	2.61e-02	3.01e-02	2.80e-01	2.65e-01	1.21e-01	1.61e-02	1.11e-03	6.65e-05	3.92e-06	2.34e-07	0.00e+00	0.00e+00	0.00e+00
 1.04131e+23	4.08e-29	5.04e-18	3.58e-14	5.07e-11	1.41e-08	2.21e-06	2.13e-04	4.45e-03	2.53e-02	5.41e-02	6.60e-02	5.81e-02	5.05e-02	3.60e-02	2.69e-02	3.04e-02	2.73e-01	2.49e-01	1.10e-01	1.41e-02	9.39e-04	5.48e-05	3.16e-06	1.85e-07	0.00e+00	0.00e+00	0.00e+00
 1.04868e+23	5.50e-29	6.49e-18	4.51e-14	6.25e-11	1.72e-08	2.67e-06	2.57e-04	5.32e-03	2.97e-02	6.21e-02	7.39e-02	6.34e-02	5.38e-02	3.75e-02	2.74e-02	3.05e-02	2.66e-01	2.36e-01	1.01e-01	1.25e-02	8.10e-04	4.63e-05	2.62e-06	1.50e-07	0.00e+00	0.00e+00	0.00e+00
 1.05634e+23	7.93e-29	8.85e-18	5.97e-14	8.09e-11	2.19e-08	3.36e-06	3.23e-04	6.59e-03	3.57e-02	7.29e-02	8.43e-02	7.01e-02	5.77e-02	3.92e-02	2.79e-02	3.04e-02	2.56e-01	2.18e-01	8.99e-02	1.08e-02	6.71e-04	3.73e-05	2.06e-06	1.15e-07	0.00e+00	0.00e+00	0.00e+00
 1.06427e+23	1.08e-28	1.15e-17	7.55e-14	1.00e-10	2.67e-08	4.06e-06	3.89e-04	7.88e-03	4.17e-02	8.32e-02	9.37e-02	7.59e-02	6.09e-02	4.03e-02	2.80e-02	3.01e-02	2.45e-01	2.02e-01	8.08e-02	9.36e-03	5.66e-04	3.07e-05	1.66e-06	0.00e+00	0.00e+00	0.00e+00	0.00e+00
 1.07146e+23	1.44e-28	1.47e-17	9.43e-14	1.23e-10	3.22e-08	4.85e-06	4.64e-04	9.30e-03	4.80e-02	9.38e-02	1.03e-01	8.13e-02	6.36e-02	4.12e-02	2.80e-02	2.96e-02	2.34e-01	1.87e-01	7.24e-02	8.12e-03	4.78e-04	2.54e-05	1.34e-06	0.00e+00	0.00e+00	0.00e+00	0.00e+00
 1.07970e+23	2.08e-28	1.99e-17	1.24e-13	1.58e-10	4.07e-08	6.05e-06	5.76e-04	1.14e-02	5.69e-02	1.08e-01	1.15e-01	8.79e-02	6.66e-02	4.19e-02	2.77e-02	2.87e-02	2.18e-01	1.67e-01	6.24e-02	6.73e-03	3.82e-04	1.97e-05	1.02e-06	0.00e+00	0.00e+00	0.00e+00	0.00e+00
 1.08811e+23	2.80e-28	2.55e-17	1.55e-13	1.93e-10	4.89e-08	7.20e-06	6.84e-04	1.33e-02	6.51e-02	1.21e-01	1.25e-01	9.30e-02	6.87e-02	4.21e-02	2.73e-02	2.77e-02	2.04e-01	1.51e-01	5.46e-02	5.70e-03	3.13e-04	1.58e-05	7.99e-07	0.00e+00	0.00e+00	0.00e+00	0.00e+00
 1.09562e+23	3.72e-28	3.23e-17	1.92e-13	2.34e-10	5.84e-08	8.50e-06	8.02e-04	1.54e-02	7.35e-02	1.33e-01	1.34e-01	9.74e-02	7.01e-02	4.20e-02	2.66e-02	2.66e-02	1.90e-01	1.36e-01	4.78e-02	4.83e-03	2.58e-04	1.27e-05	6.31e-07	0.00e+00	0.00e+00	0.00e+00	0.00e+00
 1.10424e+23	5.26e-28	4.29e-17	2.47e-13	2.93e-10	7.20e-08	1.04e-05	9.77e-04	1.85e-02	8.54e-02	1.50e-01	1.47e-01	1.03e-01	7.13e-02	4.14e-02	2.55e-02	2.50e-02	1.71e-01	1.17e-01	3.94e-02	3.81e-03	1.96e-04	9.38e-06	4.53e-07	0.00e+00	0.00e+00	0.00e+00	0.00e+00
 1.11294e+23	6.91e-28	5.38e-17	3.02e-13	3.52e-10	8.51e-08	1.21e-05	1.13e-03	2.12e-02	9.50e-02	1.63e-01	1.55e-01	1.06e-01	7.17e-02	4.07e-02	2.45e-02	2.36e-02	1.57e-01	1.04e-01	3.38e-02	3.17e-03	1.59e-04	7.42e-06	3.51e-07	0.00e+00	0.00e+00	0.00e+00	0.00e+00
 1.12172e+23	9.58e-28	7.00e-17	3.81e-13	4.34e-10	1.03e-07	1.45e-05	1.36e-03	2.50e-02	1.08e-01	1.81e-01	1.66e-01	1.09e-01	7.13e-02	3.92e-02	2.29e-02	2.16e-02	1.38e-01	8.75e-02	2.72e-02	2.44e-03	1.18e-04	5.33e-06	2.45e-07	0.00e+00	0.00e+00	0.00e+00	0.00e+00
 1.13061e+23	1.24e-27	8.63e-17	4.59e-13	5.12e-10	1.20e-07	1.67e-05	1.55e-03	2.82e-02	1.19e-01	1.94e-01	1.73e-01	1.10e-01	7.04e-02	3.78e-02	2.16e-02	2.01e-02	1.24e-01	7.59e-02	2.28e-02	1.98e-03	9.26e-05	4.10e-06	1.85e-07	0.00e+00	0.00e+00	0.00e+00	0.00e+00
 1.13965e+23	1.70e-27	1.11e-16	5.71e-13	6.22e-10	1.43e-07	1.97e-05	1.83e-03	3.27e-02	1.33e-01	2.10e-01	1.81e-01	1.11e-01	6.85e-02	3.56e-02	1.98e-02	1.80e-02	1.07e-01	6.23e-02	1.79e-02	1.49e-03	6.68e-05	2.87e-06	1.26e-07	0.00e+00	0.00e+00	0.00e+00	0.00e+00
 1.14828e+23	2.11e-27	1.32e-16	6.68e-13	7.14e-10	1.62e-07	2.21e-05	2.04e-03	3.60e-02	1.43e-01	2.21e-01	1.85e-01	1.11e-01	6.69e-02	3.40e-02	1.85e-02	1.66e-02	9.57e-02	5.42e-02	1.51e-02	1.22e-03	5.34e-05	2.24e-06	0.00e+00	0.00e+00	0.00e+00	0.00e+00	0.00e+00
 1.15638e+23	2.72e-27	1.61e-16	7.90e-13	8.29e-10	1.86e-07	2.52e-05	2.34e-03	4.06e-02	1.56e-01	2.34e-01	1.90e-01	1.10e-01	6.42e-02	3.17e-02	1.68e-02	1.49e-02	8.20e-02	4.45e-02	1.19e-02	9.22e-04	3.89e-05	1.59e-06	0.00e+00	0.00e+00	0.00e+00	0.00e+00	0.00e+00
 1.16451e+23	3.32e-27	1.90e-16	9.10e-13	9.39e-10	2.09e-07	2.80e-05	2.58e-03	4.43e-02	1.66e-01	2.43e-01	1.93e-01	1.09e-01	6.19e-02	2.99e-02	1.56e-02	1.36e-02	7.28e-02	3.82e-02	9.94e-03	7.45e-04	3.06e-05	1.22e-06	0.00e+00	0.00e+00	0.00e+00	0.00e+00	0.00e+00
 1.17266e+23	4.23e-27	2.29e-16	1.07e-12	1.08e-09	2.38e-07	3.17e-05	2.92e-03	4.93e-02	1.78e-01	2.55e-01	1.95e-01	1.06e-01	5.87e-02	2.75e-02	1.40e-02	1.20e-02	6.18e-02	3.11e-02	7.77e-03	5.59e-04	2.21e-05	8.60e-07	0.00e+00	0.00e+00	0.00e+00	0.00e+00	0.00e+00
 1.18099e+23	5.12e-27	2.66e-16	1.22e-12	1.21e-09	2.64e-07	3.50e-05	3.22e-03	5.36e-02	1.89e-01	2.63e-01	1.96e-01	1.04e-01	5.59e-02	2.56e-02	1.27e-02	1.08e-02	5.37e-02	2.61e-02	6.31e-03	4.39e-04	1.69e-05	6.41e-07	0.00e+00	0.00e+00	0.00e+00	0.00e+00	0.00e+00
 1.18956e+23	6.44e-27	3.18e-16	1.41e-12	1.38e-09	2.99e-07	3.94e-05	3.62e-03	5.94e-02	2.02e-01	2.73e-01	1.96e-01	1.00e-01	5.20e-02	2.31e-02	1.12e-02	9.37e-03	4.45e-02	2.07e-02	4.78e-03	3.18e-04	1.18e-05	4.33e-07	0.00e+00	0.00e+00	0.00e+00	0.00e+00	0.00e+00
 1.19817e+23	7.76e-27	3.70e-16	1.61e-12	1.55e-09	3.32e-07	4.33e-05	3.97e-03	6.41e-02	2.11e-01	2.79e-01	1.95e-01	9.72e-02	4.91e-02	2.13e-02	1.01e-02	8.37e-03	3.85e-02	1.73e-02	3.86e-03	2.48e-04	8.94e-06	3.22e-07	0.00e+00	0.00e+00	0.00e+00	0.00e+00	0.00e+00
 1.20685e+23	9.58e-27	4.36e-16	1.84e-12	1.75e-09	3.73e-07	4.84e-05	4.45e-03	7.06e-02	2.24e-01	2.87e-01	1.93e-01	9.25e-02	4.51e-02	1.90e-02	8.75e-03	7.16e-03	3.14e-02	1.34e-02	2.87e-03	1.76e-04	6.10e-06	2.13e-07	0.00e+00	0.00e+00	0.00e+00	0.00e+00	0.00e+00
 1.21564e+23	1.14e-26	4.98e-16	2.06e-12	1.93e-09	4.10e-07	5.30e-05	4.86e-03	7.60e-02	2.34e-01	2.92e-01	1.91e-01	8.87e-02	4.21e-02	1.73e-02	7.79e-03	6.31e-03	2.67e-02	1.10e-02	2.27e-03	1.34e-04	4.51e-06	1.53e-07	0.00e+00	0.00e+00	0.00e+00	0.00e+00	0.00e+00
 1.22459e+23	1.39e-26	5.84e-16	2.36e-12	2.18e-09	4.61e-07	5.93e-05	5.43e-03	8.34e-02	2.46e-01	2.97e-01	1.87e-01	8.35e-02	3.82e-02	1.51e-02	6.66e-03	5.33e-03	2.15e-02	8.42e-03	1.65e-03	9.34e-05	3.02e-06	0.00e+00	0.00e+00	0.00e+00	0.00e+00	0.00e+00	0.00e+00
 1.23374e+23	1.64e-26	6.65e-16	2.63e-12	2.40e-09	5.08e-07	6.49e-05	5.93e-03	8.96e-02	2.56e-01	3.01e-01	1.83e-01	7.91e-02	3.51e-02	1.36e-02	5.84e-03	4.64e-03	1.80e-02	6.75e-03	1.28e-03	6.94e-05	2.17e-06	0.00e+00	0.00e+00	0.00e+00	0.00e+00	0.00e+00	0.00e+00
 1.24315e+23	1.99e-26	7.78e-16	2.99e-12	2.71e-09	5.73e-07	7.28e-05	6.64e-03	9.81e-02	2.68e-01	3.04e-01	1.78e-01	7.35e-02	3.14e-02	1.17e-02	4.90e-03	3.85e-03	1.41e-02	5.04e-03	9.08e-04	4.68e-05	1.40e-06	0.00e+00	0.00e+00	0.00e+00	0.00e+00	0.00e+00	0.00e+00
 1.25274e+23	2.33e-26	8.82e-16	3.33e-12	2.99e-09	6.33e-07	8.00e-05	7.27e-03	1.05e-01	2.77e-01	3.06e-01	1.73e-01	6.89e-02	2.85e-02	1.03e-02	4.23e-03	3.30e-03	1.16e-02	3.96e-03	6.86e-04	3.39e-05	9.83e-07	0.00e+00	0.00e+00	0.00e+00	0.00e+00	0.00e+00	0.00e+00
 1.26226e+23	2.76e-26	1.02e-15	3.76e-12	3.36e-09	7.14e-07	8.97e-05	8.10e-03	1.15e-01	2.88e-01	3.07e-01	1.66e-01	6.34e-02	2.52e-02	8.85e-03	3.52e-03	2.73e-03	9.10e-03	2.94e-03	4.84e-04	2.28e-05	6.33e-07	0.00e+00	0.00e+00	0.00e+00	0.00e+00	0.00e+00	0.00e+00
 1.27129e+23	3.16e-26	1.14e-15	4.13e-12	3.67e-09	7.83e-07	9.76e-05	8.76e-03	1.22e-01	2.95e-01	3.07e-01	1.61e-01	5.96e-02	2.30e-02	7.88e-03	3.07e-03	2.37e-03	7.60e-03	2.37e-03	3.75e-04	1.70e-05	4.59e-07	0.00e+00	0.00e+00	0.00e+00	0.00e+00	0.00e+00	0.00e+00
 1.28004e+23	3.66e-26	1.30e-15	4.61e-12	4.10e-09	8.80e-07	1.09e-04	9.69e-03	1.32e-01	3.05e-01	3.06e-01	1.54e-01	5.46e-02	2.03e-02	6.73e-03	2.56e-03	1.96e-03	5.98e-03	1.77e-03	2.67e-04	1.15e-05	2.99e-07	0.00e+00	0.00e+00	0.00e+00	0.00e+00	0.00e+00	0.00e+00
 1.28896e+23	4.17e-26	1.45e-15	5.06e-12	4.49e-09	9.70e-07	1.19e-04	1.05e-02	1.40e-01	3.12e-01	3.04e-01	1.48e-01	5.08e-02	1.83e-02	5.92e-03	2.21e-03	1.68e-03	4.92e-03	1.40e-03	2.03e-04	8.42e-06	2.12e-07	0.00e+00	0.00e+00	0.00e+00	0.00e+00	0.00e+00	0.00e+00
 1.29770e+23	4.75e-26	1.64e-15	5.63e-12	5.02e-09	1.09e-06	1.33e-04	1.16e-02	1.50e-01	3.19e-01	3.02e-01	1.41e-01	4.64e-02	1.62e-02	5.06e-03	1.84e-03	1.40e-03	3.88e-03	1.05e-03	1.46e-04	5.75e-06	1.40e-07	0.00e+00	0.00e+00	0.00e+00	0.00e+00	0.00e+00	0.00e+00
 1.30661e+23	5.39e-26	1.83e-15	6.20e-12	5.54e-09	1.22e-06	1.46e-04	1.26e-02	1.60e-01	3.26e-01	2.99e-01	1.35e-01	4.28e-02	1.44e-02	4.39e-03	1.57e-03	1.19e-03	3.15e-03	8.14e-04	1.09e-04	4.11e-06	0.00e+00	0.00e+00	0.00e+00	0.00e+00	0.00e+00	0.00e+00	0.00e+00
 1.31531e+23	6.00e-26	2.05e-15	6.88e-12	6.19e-09	1.37e-06	1.63e-04	1.38e-02	1.70e-01	3.32e-01	2.95e-01	1.28e-01	3.90e-02	1.27e-02	3.75e-03	1.31e-03	9.88e-04	2.50e-03	6.15e-04	7.86e-05	2.84e-06	0.00e+00	0.00e+00	0.00e+00	0.00e+00	0.00e+00	0.00e+00	0.00e+00
 1.32419e+23	6.74e-26	2.30e-15	7.63e-12	6.90e-09	1.54e-06	1.81e-04	1.50e-02	1.81e-01	3.38e-01	2.90e-01	1.21e-01	3.57e-02	1.12e-02	3.22e-03	1.10e-03	8.28e-04	2.00e-03	4.70e-04	5.76e-05	1.99e-06	0.00e+00	0.00e+00	0.00e+00	0.00e+00	0.00e+00	0.00e+00	0.00e+00
 1.33298e+23	7.55e-26	2.58e-15	8.49e-12	7.74e-09	1.75e-06	2.01e-04	1.64e-02	1.93e-01	3.42e-01	2.85e-01	1.15e-01	3.24e-02	9.86e-03	2.75e-03	9.19e-04	6.89e-04	1.58e-03	3.56e-04	4.18e-05	1.38e-06	0.00e+00	0.00e+00	0.00e+00	0.00e+00	0.00e+00	0.00e+00	0.00e+00
 1.34182e+23	8.47e-26	2.90e-15	9.45e-12	8.70e-09	1.98e-06	2.24e-04	1.78e-02	2.04e-01	3.47e-01	2.79e-01	1.08e-01	2.94e-02	8.67e-03	2.35e-03	7.69e-04	5.75e-04	1.26e-03	2.70e-04	3.04e-05	9.61e-07	0.00e+00	0.00e+00	0.00e+00	0.00e+00	0.00e+00	0.00e+00	0.00e+00
 1.35057e+23	9.49e-26	3.26e-15	1.05e-11	9.80e-09	2.24e-06	2.50e-04	1.94e-02	2.16e-01	3.50e-01	2.73e-01	1.02e-01	2.67e-02	7.60e-03	2.00e-03	6.42e-04	4.78e-04	1.00e-03	2.05e-04	2.21e-05	6.69e-07	0.00e+00	0.00e+00	0.00e+00	0.00e+00	0.00e+00	0.00e+00	0.00e+00
 1.35929e+23	1.07e-25	3.66e-15	1.18e-11	1.11e-08	2.55e-06	2.78e-04	2.11e-02	2.29e-01	3.53e-01	2.67e-01	9.59e-02	2.42e-02	6.65e-03	1.71e-03	5.36e-04	3.98e-04	7.94e-04	1.55e-04	1.61e-05	4.66e-07	0.00e+00	0.00e+00	0.00e+00	0.00e+00	0.00e+00	0.00e+00	0.00e+00
 1.36804e+23	1.20e-25	4.13e-15	1.32e-11	1.26e-08	2.91e-06	3.10e-04	2.29e-02	2.41e-01	3.55e-01	2.60e-01	8.99e-02	2.18e-02	5.82e-03	1.45e-03	4.47e-04	3.30e-04	6.28e-04	1.17e-04	1.17e-05	3.24e-07	0.00e+00	0.00e+00	0.00e+00	0.00e+00	0.00e+00	0.00e+00	0.00e+00
 1.37682e+23	1.36e-25	4.67e-15	1.49e-11	1.43e-08	3.32e-06	3.46e-04	2.48e-02	2.54e-01	3.57e-01	2.53e-01	8.41e-02	1.97e-02	5.07e-03	1.23e-03	3.72e-04	2.73e-04	4.97e-04	8.87e-05	8.45e-06	2.25e-07	0.00e+00	0.00e+00	0.00e+00	0.00e+00	0.00e+00	0.00e+00	0.00e+00
 1.38565e+23	1.56e-25	5.29e-15	1.69e-11	1.64e-08	3.81e-06	3.87e-04	2.69e-02	2.68e-01	3.57e-01	2.45e-01	7.85e-02	1.77e-02	4.42e-03	1.04e-03	3.10e-04	2.26e-04	3.92e-04	6.68e-05	6.11e-06	1.55e-07	0.00e+00	0.00e+00	0.00e+00	0.00e+00	0.00e+00	0.00e+00	0.00e+00
 1.39457e+23	1.79e-25	6.03e-15	1.92e-11	1.89e-08	4.37e-06	4.32e-04	2.91e-02	2.81e-01	3.57e-01	2.37e-01	7.32e-02	1.59e-02	3.84e-03	8.83e-04	2.57e-04	1.86e-04	3.08e-04	5.02e-05	4.40e-06	0.00e+00	0.00e+00	0.00e+00	0.00e+00	0.00e+00	0.00e+00	0.00e+00	0.00e+00
 1.40360e+23	2.09e-25	6.89e-15	2.20e-11	2.18e-08	5.03e-06	4.84e-04	3.15e-02	2.96e-01	3.57e-01	2.29e-01	6.79e-02	1.42e-02	3.32e-03	7.45e-04	2.13e-04	1.53e-04	2.42e-04	3.76e-05	3.16e-06	0.00e+00	0.00e+00	0.00e+00	0.00e+00	0.00e+00	0.00e+00	0.00e+00	0.00e+00
 1.41267e+23	2.45e-25	7.90e-15	2.52e-11	2.53e-08	5.79e-06	5.42e-04	3.41e-02	3.10e-01	3.55e-01	2.21e-01	6.30e-02	1.27e-02	2.88e-03	6.29e-04	1.76e-04	1.25e-04	1.90e-04	2.82e-05	2.28e-06	0.00e+00	0.00e+00	0.00e+00	0.00e+00	0.00e+00	0.00e+00	0.00e+00	0.00e+00
 1.42189e+23	2.93e-25	9.13e-15	2.92e-11	2.95e-08	6.70e-06	6.08e-04	3.69e-02	3.24e-01	3.53e-01	2.12e-01	5.82e-02	1.13e-02	2.48e-03	5.28e-04	1.45e-04	1.02e-04	1.48e-04	2.10e-05	1.62e-06	0.00e+00	0.00e+00	0.00e+00	0.00e+00	0.00e+00	0.00e+00	0.00e+00	0.00e+00
 1.43122e+23	3.53e-25	1.06e-14	3.39e-11	3.45e-08	7.75e-06	6.81e-04	3.98e-02	3.39e-01	3.50e-01	2.03e-01	5.38e-02	1.01e-02	2.14e-03	4.44e-04	1.20e-04	8.37e-05	1.16e-04	1.56e-05	1.16e-06	0.00e+00	0.00e+00	0.00e+00	0.00e+00	0.00e+00	0.00e+00	0.00e+00	0.00e+00
 1.44074e+23	4.35e-25	1.24e-14	3.98e-11	4.07e-08	9.01e-06	7.67e-04	4.31e-02	3.54e-01	3.47e-01	1.95e-01	4.94e-02	8.95e-03	1.83e-03	3.71e-04	9.85e-05	6.77e-05	8.94e-05	1.15e-05	8.19e-07	0.00e+00	0.00e+00	0.00e+00	0.00e+00	0.00e+00	0.00e+00	0.00e+00	0.00e+00
 1.44960e+23	9.94e-25	1.41e-14	4.55e-11	4.67e-08	1.02e-05	8.45e-04	4.59e-02	3.66e-01	3.43e-01	1.87e-01	4.60e-02	8.10e-03	1.61e-03	3.20e-04	8.39e-05	5.70e-05	7.26e-05	8.99e-06	6.17e-07	0.00e+00	0.00e+00	0.00e+00	0.00e+00	0.00e+00	0.00e+00	0.00e+00	0.00e+00
 1.45870e+23	4.04e-23	1.67e-14	5.43e-11	5.58e-08	1.20e-05	9.56e-04	4.98e-02	3.82e-01	3.38e-01	1.78e-01	4.19e-02	7.12e-03	1.37e-03	2.65e-04	6.82e-05	4.57e-05	5.54e-05	6.53e-06	4.29e-07	0.00e+00	0.00e+00	0.00e+00	0.00e+00	0.00e+00	0.00e+00	0.00e+00	0.00e+00
 1.46797e+23	1.23e-22	1.92e-14	6.28e-11	6.45e-08	1.36e-05	1.05e-03	5.30e-02	3.94e-01	3.34e-01	1.71e-01	3.89e-02	6.42e-03	1.20e-03	2.28e-04	5.79e-05	3.83e-05	4.48e-05	5.07e-06	3.21e-07	0.00e+00	0.00e+00	0.00e+00	0.00e+00	0.00e+00	0.00e+00	0.00e+00	0.00e+00
 1.47747e+23	1.69e-22	2.31e-14	7.60e-11	7.80e-08	1.60e-05	1.20e-03	5.74e-02	4.11e-01	3.27e-01	1.61e-01	3.52e-02	5.60e-03	1.01e-03	1.87e-04	4.66e-05	3.04e-05	3.38e-05	3.63e-06	2.20e-07	0.00e+00	0.00e+00	0.00e+00	0.00e+00	0.00e+00	0.00e+00	0.00e+00	0.00e+00
 1.48702e+23	2.17e-22	2.68e-14	8.85e-11	9.03e-08	1.82e-05	1.32e-03	6.10e-02	4.22e-01	3.22e-01	1.54e-01	3.26e-02	5.05e-03	8.89e-04	1.61e-04	3.97e-05	2.55e-05	2.74e-05	2.83e-06	1.66e-07	0.00e+00	0.00e+00	0.00e+00	0.00e+00	0.00e+00	0.00e+00	0.00e+00	0.00e+00
 1.49664e+23	2.96e-22	3.25e-14	1.08e-10	1.09e-07	2.14e-05	1.50e-03	6.59e-02	4.38e-01	3.15e-01	1.45e-01	2.95e-02	4.40e-03	7.49e-04	1.33e-04	3.21e-05	2.02e-05	2.08e-05	2.04e-06	1.14e-07	0.00e+00	0.00e+00	0.00e+00	0.00e+00	0.00e+00	0.00e+00	0.00e+00	0.00e+00
 1.50631e+23	3.81e-22	3.79e-14	1.27e-10	1.27e-07	2.43e-05	1.65e-03	6.99e-02	4.49e-01	3.09e-01	1.39e-01	2.72e-02	3.96e-03	6.56e-04	1.14e-04	2.73e-05	1.70e-05	1.68e-05	1.59e-06	0.00e+00	0.00e+00	0.00e+00	0.00e+00	0.00e+00	0.00e+00	0.00e+00	0.00e+00	0.00e+00
