#depth	S	S+	S+2	S+3	S+4	S+5	S+6	S+7	S+8	S+9	S+10	S+11	S+12	S+13	S+14	S+15	S+16
 1.54284e+22	0.00e+00	0.00e+00	6.97e-26	2.10e-22	3.24e-19	3.56e-16	6.81e-13	1.64e-10	1.55e-08	6.07e-07	1.44e-05	1.77e-04	1.40e-03	1.17e-02	1.98e-01	4.57e-01	3.32e-01
 3.58890e+22	0.00e+00	2.25e-28	4.85e-24	1.05e-20	1.14e-17	8.44e-15	1.29e-11	2.36e-09	1.68e-07	4.85e-06	8.54e-05	7.57e-04	4.12e-03	2.38e-02	2.82e-01	4.57e-01	2.32e-01
 4.34373e+22	0.00e+00	2.21e-27	3.98e-23	7.25e-20	6.54e-17	3.93e-14	5.47e-11	8.83e-09	5.48e-07	1.35e-05	2.06e-04	1.54e-03	6.93e-03	3.32e-02	3.29e-01	4.42e-01	1.87e-01
 4.72114e+22	0.00e+00	7.05e-27	1.16e-22	1.92e-19	1.57e-16	8.48e-14	1.13e-10	1.72e-08	9.94e-07	2.27e-05	3.20e-04	2.20e-03	8.99e-03	3.90e-02	3.52e-01	4.31e-01	1.66e-01
 4.88558e+22	9.00e-34	1.02e-26	1.62e-22	2.61e-19	2.07e-16	1.08e-13	1.42e-10	2.12e-08	1.20e-06	2.68e-05	3.68e-04	2.47e-03	9.75e-03	4.10e-02	3.60e-01	4.27e-01	1.60e-01
 4.96271e+22	1.33e-33	1.45e-26	2.24e-22	3.51e-19	2.70e-16	1.36e-13	1.77e-10	2.59e-08	1.44e-06	3.14e-05	4.21e-04	2.75e-03	1.05e-02	4.30e-02	3.67e-01	4.23e-01	1.54e-01
 5.05128e+22	2.21e-33	2.30e-26	3.42e-22	5.15e-19	3.81e-16	1.84e-13	2.36e-10	3.37e-08	1.82e-06	3.85e-05	5.01e-04	3.16e-03	1.17e-02	4.57e-02	3.76e-01	4.17e-01	1.46e-01
 5.13472e+22	3.16e-33	3.18e-26	4.60e-22	6.75e-19	4.85e-16	2.26e-13	2.88e-10	4.04e-08	2.15e-06	4.44e-05	5.67e-04	3.49e-03	1.25e-02	4.76e-02	3.82e-01	4.13e-01	1.41e-01
 5.20112e+22	4.49e-33	4.37e-26	6.16e-22	8.80e-19	6.14e-16	2.78e-13	3.50e-10	4.84e-08	2.53e-06	5.12e-05	6.40e-04	3.84e-03	1.34e-02	4.96e-02	3.88e-01	4.08e-01	1.36e-01
 5.26462e+22	6.19e-33	5.86e-26	8.04e-22	1.12e-18	7.61e-16	3.35e-13	4.18e-10	5.71e-08	2.93e-06	5.82e-05	7.14e-04	4.20e-03	1.43e-02	5.15e-02	3.94e-01	4.04e-01	1.31e-01
 5.33471e+22	9.07e-33	8.29e-26	1.11e-21	1.49e-18	9.84e-16	4.18e-13	5.17e-10	6.95e-08	3.50e-06	6.79e-05	8.14e-04	4.66e-03	1.54e-02	5.38e-02	4.00e-01	3.99e-01	1.26e-01
 5.40791e+22	1.29e-32	1.14e-25	1.48e-21	1.95e-18	1.24e-15	5.12e-13	6.28e-10	8.32e-08	4.11e-06	7.81e-05	9.17e-04	5.13e-03	1.65e-02	5.60e-02	4.06e-01	3.94e-01	1.21e-01
 5.47300e+22	1.81e-32	1.55e-25	1.95e-21	2.50e-18	1.56e-15	6.20e-13	7.56e-10	9.87e-08	4.80e-06	8.94e-05	1.03e-03	5.62e-03	1.76e-02	5.82e-02	4.11e-01	3.89e-01	1.17e-01
 5.53288e+22	2.46e-32	2.05e-25	2.52e-21	3.15e-18	1.91e-15	7.38e-13	8.96e-10	1.16e-07	5.54e-06	1.01e-04	1.14e-03	6.12e-03	1.86e-02	6.02e-02	4.16e-01	3.85e-01	1.13e-01
 5.58954e+22	3.34e-32	2.69e-25	3.24e-21	3.95e-18	2.33e-15	8.76e-13	1.06e-09	1.35e-07	6.36e-06	1.14e-04	1.27e-03	6.64e-03	1.97e-02	6.22e-02	4.21e-01	3.80e-01	1.09e-01
 5.65463e+22	4.90e-32	3.81e-25	4.45e-21	5.24e-18	2.99e-15	1.09e-12	1.30e-09	1.64e-07	7.58e-06	1.33e-04	1.44e-03	7.36e-03	2.12e-02	6.48e-02	4.27e-01	3.74e-01	1.04e-01
 5.72079e+22	6.70e-32	5.05e-25	5.75e-21	6.62e-18	3.67e-15	1.29e-12	1.54e-09	1.92e-07	8.75e-06	1.50e-04	1.60e-03	8.00e-03	2.25e-02	6.70e-02	4.31e-01	3.69e-01	1.00e-01
 5.78834e+22	1.02e-31	7.38e-25	8.12e-21	9.00e-18	4.81e-15	1.63e-12	1.93e-09	2.36e-07	1.06e-05	1.77e-04	1.84e-03	8.95e-03	2.43e-02	7.00e-02	4.37e-01	3.62e-01	9.54e-02
 5.85470e+22	1.39e-31	9.75e-25	1.05e-20	1.13e-17	5.88e-15	1.93e-12	2.28e-09	2.76e-07	1.22e-05	2.00e-04	2.04e-03	9.71e-03	2.58e-02	7.23e-02	4.41e-01	3.57e-01	9.18e-02
 5.90872e+22	1.87e-31	1.28e-24	1.34e-20	1.40e-17	7.10e-15	2.26e-12	2.68e-09	3.20e-07	1.39e-05	2.25e-04	2.26e-03	1.05e-02	2.72e-02	7.45e-02	4.45e-01	3.52e-01	8.85e-02
 5.95942e+22	2.49e-31	1.65e-24	1.69e-20	1.73e-17	8.50e-15	2.63e-12	3.11e-09	3.69e-07	1.58e-05	2.51e-04	2.48e-03	1.13e-02	2.87e-02	7.66e-02	4.48e-01	3.47e-01	8.54e-02
 6.01661e+22	3.53e-31	2.26e-24	2.24e-20	2.23e-17	1.06e-14	3.18e-12	3.74e-09	4.39e-07	1.86e-05	2.88e-04	2.79e-03	1.24e-02	3.06e-02	7.93e-02	4.52e-01	3.41e-01	8.16e-02
 6.07559e+22	4.85e-31	3.01e-24	2.90e-20	2.80e-17	1.29e-14	3.75e-12	4.42e-09	5.13e-07	2.14e-05	3.26e-04	3.10e-03	1.35e-02	3.24e-02	8.17e-02	4.56e-01	3.35e-01	7.83e-02
 6.12703e+22	6.39e-31	3.86e-24	3.64e-20	3.42e-17	1.54e-14	4.35e-12	5.11e-09	5.88e-07	2.42e-05	3.63e-04	3.39e-03	1.45e-02	3.40e-02	8.39e-02	4.58e-01	3.30e-01	7.55e-02
 6.18403e+22	9.36e-31	5.43e-24	4.95e-20	4.49e-17	1.95e-14	5.28e-12	6.22e-09	7.08e-07	2.87e-05	4.20e-04	3.84e-03	1.60e-02	3.64e-02	8.69e-02	4.62e-01	3.23e-01	7.17e-02
 6.24148e+22	1.27e-30	7.14e-24	6.33e-20	5.58e-17	2.35e-14	6.16e-12	7.28e-09	8.22e-07	3.29e-05	4.72e-04	4.24e-03	1.73e-02	3.84e-02	8.93e-02	4.65e-01	3.17e-01	6.88e-02
 6.29952e+22	1.87e-30	1.01e-23	8.67e-20	7.35e-17	2.97e-14	7.49e-12	8.88e-09	9.93e-07	3.91e-05	5.49e-04	4.82e-03	1.91e-02	4.10e-02	9.25e-02	4.67e-01	3.09e-01	6.52e-02
 6.35817e+22	2.56e-30	1.34e-23	1.12e-19	9.19e-17	3.60e-14	8.77e-12	1.04e-08	1.16e-06	4.50e-05	6.19e-04	5.33e-03	2.07e-02	4.33e-02	9.50e-02	4.69e-01	3.03e-01	6.23e-02
 6.40803e+22	3.41e-30	1.73e-23	1.41e-19	1.12e-16	4.28e-14	1.01e-11	1.21e-08	1.33e-06	5.11e-05	6.90e-04	5.85e-03	2.23e-02	4.55e-02	9.73e-02	4.71e-01	2.97e-01	5.98e-02
 6.46328e+22	5.11e-30	2.49e-23	1.94e-19	1.49e-16	5.42e-14	1.22e-11	1.48e-08	1.61e-06	6.10e-05	8.04e-04	6.66e-03	2.46e-02	4.87e-02	1.01e-01	4.73e-01	2.89e-01	5.64e-02
 6.51763e+22	6.71e-30	3.18e-23	2.42e-19	1.81e-16	6.39e-14	1.40e-11	1.70e-08	1.84e-06	6.88e-05	8.91e-04	7.26e-03	2.64e-02	5.10e-02	1.03e-01	4.74e-01	2.84e-01	5.41e-02
 6.57080e+22	1.00e-29	4.54e-23	3.32e-19	2.37e-16	8.03e-14	1.69e-11	2.06e-08	2.22e-06	8.19e-05	1.03e-03	8.24e-03	2.91e-02	5.44e-02	1.06e-01	4.75e-01	2.75e-01	5.09e-02
 6.62462e+22	1.34e-29	5.90e-23	4.21e-19	2.91e-16	9.54e-14	1.94e-11	2.39e-08	2.56e-06	9.31e-05	1.16e-03	9.03e-03	3.13e-02	5.71e-02	1.08e-01	4.75e-01	2.69e-01	4.86e-02
 6.67928e+22	2.02e-29	8.52e-23	5.83e-19	3.85e-16	1.20e-13	2.34e-11	2.91e-08	3.10e-06	1.11e-04	1.35e-03	1.03e-02	3.46e-02	6.10e-02	1.12e-01	4.75e-01	2.60e-01	4.56e-02
 6.73249e+22	2.69e-29	1.10e-22	7.30e-19	4.68e-16	1.42e-13	2.66e-11	3.35e-08	3.54e-06	1.26e-04	1.49e-03	1.12e-02	3.70e-02	6.37e-02	1.14e-01	4.75e-01	2.54e-01	4.35e-02
 6.78380e+22	4.01e-29	1.57e-22	1.00e-18	6.13e-16	1.77e-13	3.17e-11	4.05e-08	4.27e-06	1.49e-04	1.73e-03	1.27e-02	4.07e-02	6.78e-02	1.17e-01	4.74e-01	2.46e-01	4.07e-02
 6.83512e+22	5.34e-29	2.02e-22	1.26e-18	7.45e-16	2.08e-13	3.61e-11	4.65e-08	4.88e-06	1.69e-04	1.92e-03	1.38e-02	4.35e-02	7.09e-02	1.19e-01	4.72e-01	2.39e-01	3.88e-02
 6.88645e+22	8.02e-29	2.91e-22	1.73e-18	9.78e-16	2.60e-13	4.29e-11	5.64e-08	5.89e-06	2.01e-04	2.23e-03	1.57e-02	4.78e-02	7.53e-02	1.22e-01	4.70e-01	2.30e-01	3.61e-02
 6.93817e+22	1.08e-28	3.80e-22	2.19e-18	1.20e-15	3.07e-13	4.89e-11	6.51e-08	6.77e-06	2.29e-04	2.48e-03	1.71e-02	5.13e-02	7.87e-02	1.24e-01	4.68e-01	2.24e-01	3.42e-02
 6.99038e+22	1.62e-28	5.43e-22	3.01e-18	1.57e-15	3.82e-13	5.80e-11	7.86e-08	8.15e-06	2.71e-04	2.86e-03	1.93e-02	5.62e-02	8.34e-02	1.27e-01	4.64e-01	2.15e-01	3.18e-02
 7.04221e+22	2.20e-28	7.13e-22	3.82e-18	1.92e-15	4.50e-13	6.59e-11	9.06e-08	9.37e-06	3.08e-04	3.19e-03	2.11e-02	6.01e-02	8.71e-02	1.29e-01	4.61e-01	2.08e-01	3.01e-02
 7.09353e+22	3.29e-28	1.02e-21	5.24e-18	2.50e-15	5.57e-13	7.77e-11	1.09e-07	1.12e-05	3.64e-04	3.67e-03	2.37e-02	6.57e-02	9.20e-02	1.32e-01	4.56e-01	1.99e-01	2.78e-02
 7.14564e+22	4.54e-28	1.35e-21	6.72e-18	3.09e-15	6.60e-13	8.85e-11	1.26e-07	1.30e-05	4.15e-04	4.10e-03	2.59e-02	7.04e-02	9.60e-02	1.33e-01	4.52e-01	1.92e-01	2.61e-02
 7.19878e+22	6.89e-28	1.96e-21	9.31e-18	4.05e-15	8.22e-13	1.05e-10	1.53e-07	1.56e-05	4.93e-04	4.73e-03	2.92e-02	7.69e-02	1.01e-01	1.36e-01	4.45e-01	1.82e-01	2.40e-02
 7.25257e+22	9.60e-28	2.63e-21	1.20e-17	5.03e-15	9.76e-13	1.19e-10	1.77e-07	1.81e-05	5.64e-04	5.29e-03	3.20e-02	8.23e-02	1.06e-01	1.37e-01	4.40e-01	1.75e-01	2.24e-02
 7.30723e+22	1.48e-27	3.86e-21	1.68e-17	6.65e-15	1.22e-12	1.41e-10	2.14e-07	2.19e-05	6.70e-04	6.11e-03	3.59e-02	8.98e-02	1.11e-01	1.39e-01	4.31e-01	1.66e-01	2.05e-02
 7.36216e+22	2.06e-27	5.18e-21	2.18e-17	8.24e-15	1.44e-12	1.60e-10	2.48e-07	2.52e-05	7.64e-04	6.81e-03	3.92e-02	9.59e-02	1.16e-01	1.40e-01	4.24e-01	1.58e-01	1.90e-02
 7.40934e+22	2.84e-27	6.89e-21	2.79e-17	1.01e-14	1.70e-12	1.81e-10	2.85e-07	2.90e-05	8.67e-04	7.55e-03	4.26e-02	1.02e-01	1.20e-01	1.41e-01	4.17e-01	1.51e-01	1.77e-02
 7.46256e+22	4.32e-27	9.98e-21	3.86e-17	1.32e-14	2.10e-12	2.12e-10	3.41e-07	3.46e-05	1.02e-03	8.63e-03	4.74e-02	1.10e-01	1.25e-01	1.42e-01	4.07e-01	1.42e-01	1.61e-02
 7.51590e+22	5.88e-27	1.31e-20	4.91e-17	1.62e-14	2.46e-12	2.39e-10	3.89e-07	3.94e-05	1.15e-03	9.50e-03	5.12e-02	1.17e-01	1.29e-01	1.42e-01	3.99e-01	1.36e-01	1.49e-02
 7.56941e+22	8.90e-27	1.90e-20	6.75e-17	2.10e-14	3.02e-12	2.79e-10	4.62e-07	4.68e-05	1.34e-03	1.08e-02	5.66e-02	1.26e-01	1.34e-01	1.43e-01	3.88e-01	1.27e-01	1.35e-02
 7.62340e+22	1.21e-26	2.49e-20	8.56e-17	2.56e-14	3.53e-12	3.14e-10	5.25e-07	5.31e-05	1.50e-03	1.18e-02	6.09e-02	1.32e-01	1.38e-01	1.43e-01	3.79e-01	1.21e-01	1.25e-02
 7.67800e+22	1.81e-26	3.55e-20	1.17e-16	3.32e-14	4.33e-12	3.65e-10	6.20e-07	6.25e-05	1.74e-03	1.33e-02	6.68e-02	1.41e-01	1.43e-01	1.43e-01	3.67e-01	1.13e-01	1.13e-02
 7.73414e+22	2.51e-26	4.75e-20	1.50e-16	4.09e-14	5.10e-12	4.13e-10	7.07e-07	7.12e-05	1.96e-03	1.46e-02	7.19e-02	1.49e-01	1.46e-01	1.42e-01	3.57e-01	1.07e-01	1.03e-02
 7.79224e+22	3.81e-26	6.87e-20	2.08e-16	5.34e-14	6.29e-12	4.83e-10	8.34e-07	8.38e-05	2.27e-03	1.65e-02	7.88e-02	1.59e-01	1.51e-01	1.41e-01	3.44e-01	9.90e-02	9.23e-03
 7.85139e+22	5.25e-26	9.15e-20	2.67e-16	6.57e-14	7.41e-12	5.47e-10	9.49e-07	9.51e-05	2.54e-03	1.80e-02	8.43e-02	1.66e-01	1.54e-01	1.40e-01	3.33e-01	9.32e-02	8.44e-03
 7.91190e+22	7.95e-26	1.32e-19	3.68e-16	8.58e-14	9.14e-12	6.41e-10	1.11e-06	1.11e-04	2.92e-03	2.01e-02	9.18e-02	1.76e-01	1.58e-01	1.38e-01	3.19e-01	8.59e-02	7.50e-03
 7.97422e+22	1.11e-25	1.78e-19	4.77e-16	1.06e-13	1.08e-11	7.29e-10	1.27e-06	1.26e-04	3.27e-03	2.20e-02	9.80e-02	1.84e-01	1.61e-01	1.37e-01	3.08e-01	8.03e-02	6.80e-03
 8.02995e+22	1.53e-25	2.37e-19	6.12e-16	1.31e-13	1.28e-11	8.26e-10	1.43e-06	1.42e-04	3.64e-03	2.39e-02	1.04e-01	1.92e-01	1.63e-01	1.35e-01	2.96e-01	7.52e-02	6.18e-03
 8.09345e+22	2.30e-25	3.40e-19	8.41e-16	1.71e-13	1.57e-11	9.68e-10	1.67e-06	1.65e-04	4.15e-03	2.65e-02	1.12e-01	2.01e-01	1.66e-01	1.33e-01	2.82e-01	6.89e-02	5.45e-03
 8.15800e+22	3.17e-25	4.52e-19	1.08e-15	2.10e-13	1.86e-11	1.10e-09	1.88e-06	1.86e-04	4.60e-03	2.87e-02	1.19e-01	2.09e-01	1.68e-01	1.31e-01	2.71e-01	6.42e-02	4.93e-03
 8.22390e+22	4.75e-25	6.49e-19	1.48e-15	2.73e-13	2.29e-11	1.29e-09	2.18e-06	2.15e-04	5.22e-03	3.16e-02	1.28e-01	2.18e-01	1.70e-01	1.28e-01	2.57e-01	5.85e-02	4.33e-03
 8.28792e+22	6.31e-25	8.36e-19	1.85e-15	3.30e-13	2.66e-11	1.45e-09	2.42e-06	2.37e-04	5.70e-03	3.39e-02	1.34e-01	2.24e-01	1.71e-01	1.25e-01	2.47e-01	5.47e-02	3.94e-03
 8.34949e+22	9.14e-25	1.16e-18	2.47e-15	4.19e-13	3.22e-11	1.68e-09	2.76e-06	2.70e-04	6.38e-03	3.69e-02	1.42e-01	2.32e-01	1.72e-01	1.22e-01	2.34e-01	5.00e-02	3.48e-03
 8.41219e+22	4.59e-27	1.49e-18	3.08e-15	5.04e-13	3.74e-11	1.88e-09	3.06e-06	2.97e-04	6.94e-03	3.93e-02	1.49e-01	2.38e-01	1.73e-01	1.20e-01	2.24e-01	4.67e-02	3.17e-03
 8.47635e+22	6.64e-27	2.07e-18	4.09e-15	6.41e-13	4.53e-11	2.18e-09	3.48e-06	3.37e-04	7.73e-03	4.26e-02	1.57e-01	2.46e-01	1.73e-01	1.16e-01	2.12e-01	4.26e-02	2.79e-03
 8.54222e+22	8.98e-27	2.69e-18	5.15e-15	7.78e-13	5.29e-11	2.46e-09	3.86e-06	3.72e-04	8.42e-03	4.54e-02	1.64e-01	2.52e-01	1.73e-01	1.13e-01	2.02e-01	3.95e-02	2.51e-03
 8.61031e+22	1.31e-26	3.74e-18	6.89e-15	9.93e-13	6.44e-11	2.87e-09	4.40e-06	4.21e-04	9.37e-03	4.91e-02	1.72e-01	2.58e-01	1.73e-01	1.10e-01	1.90e-01	3.58e-02	2.20e-03
 8.67717e+22	1.73e-26	4.76e-18	8.53e-15	1.19e-12	7.43e-11	3.21e-09	4.83e-06	4.60e-04	1.01e-02	5.20e-02	1.79e-01	2.63e-01	1.72e-01	1.07e-01	1.81e-01	3.32e-02	1.99e-03
 8.74242e+22	2.49e-26	6.53e-18	1.13e-14	1.50e-12	8.95e-11	3.71e-09	5.44e-06	5.15e-04	1.11e-02	5.59e-02	1.87e-01	2.69e-01	1.71e-01	1.03e-01	1.70e-01	3.01e-02	1.74e-03
 8.80831e+22	3.24e-26	8.22e-18	1.38e-14	1.78e-12	1.03e-10	4.15e-09	5.97e-06	5.61e-04	1.20e-02	5.88e-02	1.93e-01	2.73e-01	1.70e-01	1.00e-01	1.62e-01	2.80e-02	1.58e-03
 8.87502e+22	4.63e-26	1.12e-17	1.81e-14	2.24e-12	1.24e-10	4.79e-09	6.70e-06	6.26e-04	1.32e-02	6.30e-02	2.01e-01	2.78e-01	1.69e-01	9.65e-02	1.52e-01	2.53e-02	1.38e-03
 8.94307e+22	6.07e-26	1.42e-17	2.23e-14	2.67e-12	1.43e-10	5.36e-09	7.35e-06	6.82e-04	1.41e-02	6.63e-02	2.08e-01	2.82e-01	1.67e-01	9.36e-02	1.44e-01	2.34e-02	1.24e-03
 9.01287e+22	8.70e-26	1.93e-17	2.94e-14	3.37e-12	1.72e-10	6.21e-09	8.26e-06	7.61e-04	1.55e-02	7.07e-02	2.16e-01	2.86e-01	1.65e-01	8.97e-02	1.35e-01	2.11e-02	1.08e-03
 9.08396e+22	1.14e-25	2.45e-17	3.62e-14	4.03e-12	2.00e-10	6.97e-09	9.07e-06	8.28e-04	1.66e-02	7.43e-02	2.22e-01	2.89e-01	1.63e-01	8.67e-02	1.27e-01	1.94e-02	9.67e-04
 9.15672e+22	1.65e-25	3.36e-17	4.78e-14	5.09e-12	2.41e-10	8.09e-09	1.02e-05	9.23e-04	1.82e-02	7.92e-02	2.30e-01	2.92e-01	1.60e-01	8.28e-02	1.18e-01	1.74e-02	8.36e-04
 9.23087e+22	5.49e-26	4.27e-17	5.91e-14	6.10e-12	2.80e-10	9.11e-09	1.12e-05	1.00e-03	1.95e-02	8.31e-02	2.36e-01	2.94e-01	1.58e-01	7.98e-02	1.12e-01	1.60e-02	7.46e-04
 9.30681e+22	7.92e-26	5.85e-17	7.81e-14	7.73e-12	3.39e-10	1.06e-08	1.26e-05	1.12e-03	2.13e-02	8.83e-02	2.44e-01	2.96e-01	1.55e-01	7.59e-02	1.03e-01	1.42e-02	6.42e-04
 9.38104e+22	1.01e-25	7.24e-17	9.45e-14	9.11e-12	3.89e-10	1.18e-08	1.38e-05	1.21e-03	2.27e-02	9.21e-02	2.49e-01	2.97e-01	1.52e-01	7.32e-02	9.78e-02	1.32e-02	5.78e-04
 9.45305e+22	1.43e-25	9.75e-17	1.23e-13	1.14e-11	4.65e-10	1.36e-08	1.53e-05	1.33e-03	2.46e-02	9.73e-02	2.56e-01	2.99e-01	1.49e-01	6.96e-02	9.06e-02	1.18e-02	5.00e-04
 9.52623e+22	1.84e-25	1.21e-16	1.49e-13	1.34e-11	5.34e-10	1.52e-08	1.67e-05	1.44e-03	2.61e-02	1.01e-01	2.62e-01	2.99e-01	1.46e-01	6.70e-02	8.56e-02	1.08e-02	4.49e-04
 9.60092e+22	2.58e-25	1.61e-16	1.92e-13	1.67e-11	6.39e-10	1.76e-08	1.87e-05	1.58e-03	2.83e-02	1.07e-01	2.68e-01	3.00e-01	1.43e-01	6.36e-02	7.92e-02	9.68e-03	3.88e-04
 9.67797e+22	3.40e-25	2.04e-16	2.37e-13	2.00e-11	7.41e-10	1.98e-08	2.05e-05	1.72e-03	3.01e-02	1.11e-01	2.73e-01	3.00e-01	1.39e-01	6.09e-02	7.42e-02	8.83e-03	3.44e-04
 9.75808e+22	4.78e-25	2.74e-16	3.08e-13	2.50e-11	8.91e-10	2.29e-08	2.30e-05	1.90e-03	3.26e-02	1.17e-01	2.80e-01	2.99e-01	1.35e-01	5.76e-02	6.84e-02	7.85e-03	2.96e-04
 9.84085e+22	6.40e-25	3.51e-16	3.84e-13	3.02e-11	1.04e-09	2.60e-08	2.53e-05	2.06e-03	3.48e-02	1.22e-01	2.85e-01	2.98e-01	1.32e-01	5.48e-02	6.37e-02	7.10e-03	2.59e-04
 9.92708e+22	9.15e-25	4.76e-16	5.04e-13	3.82e-11	1.27e-09	3.05e-08	2.86e-05	2.29e-03	3.77e-02	1.28e-01	2.91e-01	2.97e-01	1.27e-01	5.15e-02	5.83e-02	6.26e-03	2.21e-04
 1.00157e+23	1.24e-24	6.15e-16	6.33e-13	4.65e-11	1.49e-09	3.47e-08	3.16e-05	2.49e-03	4.03e-02	1.34e-01	2.96e-01	2.95e-01	1.24e-01	4.88e-02	5.40e-02	5.63e-03	1.92e-04
 1.01075e+23	1.79e-24	8.42e-16	8.39e-13	5.92e-11	1.82e-09	4.09e-08	3.59e-05	2.77e-03	4.37e-02	1.41e-01	3.01e-01	2.93e-01	1.19e-01	4.56e-02	4.91e-02	4.92e-03	1.62e-04
 1.02024e+23	2.45e-24	1.10e-15	1.07e-12	7.28e-11	2.17e-09	4.70e-08	3.99e-05	3.03e-03	4.68e-02	1.47e-01	3.06e-01	2.90e-01	1.15e-01	4.30e-02	4.52e-02	4.39e-03	1.40e-04
 1.03014e+23	3.61e-24	1.53e-15	1.43e-12	9.40e-11	2.68e-09	5.59e-08	4.56e-05	3.38e-03	5.09e-02	1.54e-01	3.11e-01	2.86e-01	1.10e-01	3.99e-02	4.08e-02	3.80e-03	1.16e-04
 1.04028e+23	5.00e-24	2.02e-15	1.83e-12	1.16e-10	3.21e-09	6.46e-08	5.09e-05	3.71e-03	5.45e-02	1.61e-01	3.15e-01	2.83e-01	1.06e-01	3.74e-02	3.73e-02	3.36e-03	9.93e-05
 1.04934e+23	6.80e-24	2.62e-15	2.31e-12	1.43e-10	3.80e-09	7.42e-08	5.67e-05	4.04e-03	5.81e-02	1.67e-01	3.18e-01	2.79e-01	1.01e-01	3.51e-02	3.43e-02	2.99e-03	8.56e-05
 1.05973e+23	1.03e-23	3.72e-15	3.17e-12	1.87e-10	4.75e-09	8.90e-08	6.50e-05	4.53e-03	6.32e-02	1.75e-01	3.22e-01	2.74e-01	9.62e-02	3.22e-02	3.05e-02	2.55e-03	6.99e-05
 1.07022e+23	1.40e-23	4.83e-15	4.00e-12	2.29e-10	5.64e-09	1.02e-07	7.24e-05	4.93e-03	6.73e-02	1.81e-01	3.24e-01	2.69e-01	9.22e-02	3.02e-02	2.79e-02	2.26e-03	6.00e-05
 1.08082e+23	2.11e-23	6.83e-15	5.46e-12	2.99e-10	7.06e-09	1.23e-07	8.31e-05	5.51e-03	7.30e-02	1.90e-01	3.27e-01	2.63e-01	8.70e-02	2.76e-02	2.48e-02	1.92e-03	4.88e-05
 1.09163e+23	2.93e-23	9.03e-15	7.01e-12	3.71e-10	8.45e-09	1.42e-07	9.28e-05	6.03e-03	7.78e-02	1.96e-01	3.29e-01	2.58e-01	8.29e-02	2.57e-02	2.25e-02	1.68e-03	4.13e-05
 1.10272e+23	4.45e-23	1.29e-14	9.63e-12	4.89e-10	1.06e-08	1.71e-07	1.07e-04	6.74e-03	8.43e-02	2.05e-01	3.30e-01	2.51e-01	7.79e-02	2.34e-02	1.98e-02	1.42e-03	3.32e-05
 1.11399e+23	6.27e-23	1.72e-14	1.25e-11	6.11e-10	1.28e-08	1.99e-07	1.20e-04	7.38e-03	8.99e-02	2.12e-01	3.31e-01	2.45e-01	7.38e-02	2.16e-02	1.79e-02	1.23e-03	2.78e-05
 1.12552e+23	9.76e-23	2.51e-14	1.74e-11	8.16e-10	1.63e-08	2.41e-07	1.38e-04	8.28e-03	9.75e-02	2.21e-01	3.31e-01	2.37e-01	6.88e-02	1.95e-02	1.56e-02	1.02e-03	2.20e-05
 1.13641e+23	1.31e-22	3.21e-14	2.18e-11	9.88e-10	1.91e-08	2.75e-07	1.53e-04	8.94e-03	1.03e-01	2.26e-01	3.31e-01	2.32e-01	6.55e-02	1.82e-02	1.42e-02	9.02e-04	1.88e-05
 1.14649e+23	1.93e-22	4.48e-14	2.93e-11	1.27e-09	2.35e-08	3.26e-07	1.73e-04	9.87e-03	1.10e-01	2.34e-01	3.30e-01	2.25e-01	6.14e-02	1.65e-02	1.25e-02	7.62e-04	1.53e-05
 1.15665e+23	2.59e-22	5.74e-14	3.66e-11	1.54e-09	2.76e-08	3.72e-07	1.91e-04	1.06e-02	1.16e-01	2.40e-01	3.29e-01	2.19e-01	5.83e-02	1.54e-02	1.14e-02	6.71e-04	1.30e-05
 1.16692e+23	3.87e-22	8.08e-14	4.95e-11	2.00e-09	3.43e-08	4.42e-07	2.17e-04	1.18e-02	1.24e-01	2.47e-01	3.27e-01	2.11e-01	5.44e-02	1.39e-02	1.00e-02	5.63e-04	1.04e-05
 1.17728e+23	5.25e-22	1.05e-13	6.25e-11	2.44e-09	4.05e-08	5.07e-07	2.40e-04	1.27e-02	1.31e-01	2.53e-01	3.25e-01	2.05e-01	5.14e-02	1.29e-02	9.03e-03	4.91e-04	8.80e-06
 1.18778e+23	7.90e-22	1.49e-13	8.52e-11	3.19e-09	5.04e-08	6.06e-07	2.74e-04	1.41e-02	1.40e-01	2.60e-01	3.22e-01	1.97e-01	4.77e-02	1.16e-02	7.87e-03	4.08e-04	6.99e-06
 1.19843e+23	1.08e-21	1.95e-13	1.08e-10	3.92e-09	5.99e-08	6.97e-07	3.04e-04	1.52e-02	1.47e-01	2.65e-01	3.19e-01	1.91e-01	4.49e-02	1.07e-02	7.06e-03	3.53e-04	5.83e-06
 1.20927e+23	1.66e-21	2.80e-13	1.50e-10	5.17e-09	7.54e-08	8.41e-07	3.49e-04	1.69e-02	1.57e-01	2.72e-01	3.14e-01	1.82e-01	4.13e-02	9.53e-03	6.10e-03	2.90e-04	4.56e-06
 1.22026e+23	2.30e-21	3.70e-13	1.92e-10	6.40e-09	9.01e-08	9.74e-07	3.89e-04	1.83e-02	1.65e-01	2.77e-01	3.11e-01	1.76e-01	3.87e-02	8.72e-03	5.43e-03	2.49e-04	3.77e-06
 1.23144e+23	3.55e-21	5.36e-13	2.67e-10	8.50e-09	1.14e-07	1.18e-06	4.49e-04	2.03e-02	1.76e-01	2.83e-01	3.05e-01	1.67e-01	3.54e-02	7.75e-03	4.65e-03	2.03e-04	2.92e-06
 1.24288e+23	5.03e-21	7.25e-13	3.48e-10	1.07e-08	1.39e-07	1.39e-06	5.04e-04	2.22e-02	1.86e-01	2.88e-01	3.00e-01	1.60e-01	3.29e-02	7.02e-03	4.09e-03	1.71e-04	2.36e-06
 1.25465e+23	7.94e-21	1.07e-12	4.93e-10	1.45e-08	1.78e-07	1.71e-06	5.87e-04	2.48e-02	1.99e-01	2.93e-01	2.92e-01	1.51e-01	2.98e-02	6.16e-03	3.46e-03	1.37e-04	1.79e-06
 1.26659e+23	1.14e-20	1.46e-12	6.50e-10	1.84e-08	2.18e-07	2.03e-06	6.65e-04	2.72e-02	2.09e-01	2.97e-01	2.86e-01	1.44e-01	2.74e-02	5.54e-03	3.01e-03	1.14e-04	1.43e-06
 1.27838e+23	1.77e-20	2.14e-12	9.13e-10	2.47e-08	2.80e-07	2.50e-06	7.75e-04	3.03e-02	2.23e-01	3.01e-01	2.78e-01	1.35e-01	2.47e-02	4.85e-03	2.53e-03	9.07e-05	1.08e-06
 1.28963e+23	2.45e-20	2.81e-12	1.17e-09	3.06e-08	3.37e-07	2.92e-06	8.67e-04	3.29e-02	2.33e-01	3.04e-01	2.71e-01	1.29e-01	2.29e-02	4.40e-03	2.23e-03	7.67e-05	8.74e-07
 1.30057e+23	3.72e-20	4.03e-12	1.61e-09	4.06e-08	4.29e-07	3.58e-06	1.01e-03	3.66e-02	2.47e-01	3.06e-01	2.62e-01	1.21e-01	2.06e-02	3.85e-03	1.88e-03	6.13e-05	6.62e-07
 1.31171e+23	5.20e-20	5.35e-12	2.08e-09	5.09e-08	5.21e-07	4.22e-06	1.14e-03	3.99e-02	2.58e-01	3.08e-01	2.55e-01	1.15e-01	1.89e-02	3.46e-03	1.63e-03	5.11e-05	5.29e-07
 1.32258e+23	7.70e-20	7.48e-12	2.81e-09	6.65e-08	6.56e-07	5.15e-06	1.31e-03	4.42e-02	2.72e-01	3.09e-01	2.45e-01	1.07e-01	1.70e-02	3.03e-03	1.38e-03	4.09e-05	4.03e-07
 1.33368e+23	1.09e-19	1.00e-11	3.66e-09	8.41e-08	8.05e-07	6.14e-06	1.50e-03	4.84e-02	2.84e-01	3.09e-01	2.37e-01	1.01e-01	1.54e-02	2.69e-03	1.19e-03	3.36e-05	3.16e-07
 1.34451e+23	1.57e-19	1.37e-11	4.86e-09	1.08e-07	1.01e-06	7.45e-06	1.72e-03	5.35e-02	2.98e-01	3.09e-01	2.27e-01	9.38e-02	1.39e-02	2.36e-03	1.00e-03	2.70e-05	2.42e-07
 1.35556e+23	2.22e-19	1.83e-11	6.34e-09	1.38e-07	1.24e-06	8.95e-06	1.97e-03	5.87e-02	3.11e-01	3.08e-01	2.18e-01	8.74e-02	1.25e-02	2.07e-03	8.51e-04	2.19e-05	1.87e-07
 1.36651e+23	3.16e-19	2.45e-11	8.29e-09	1.76e-07	1.54e-06	1.08e-05	2.27e-03	6.47e-02	3.24e-01	3.06e-01	2.08e-01	8.11e-02	1.12e-02	1.81e-03	7.17e-04	1.75e-05	1.43e-07
 1.37752e+23	4.45e-19	3.25e-11	1.07e-08	2.24e-07	1.90e-06	1.30e-05	2.60e-03	7.10e-02	3.37e-01	3.04e-01	1.98e-01	7.51e-02	9.96e-03	1.58e-03	6.04e-04	1.41e-05	0.00e+00
 1.38841e+23	6.23e-19	4.26e-11	1.38e-08	2.83e-07	2.35e-06	1.57e-05	2.98e-03	7.79e-02	3.50e-01	3.01e-01	1.88e-01	6.93e-02	8.87e-03	1.38e-03	5.07e-04	1.13e-05	0.00e+00
 1.39929e+23	8.69e-19	5.55e-11	1.77e-08	3.56e-07	2.88e-06	1.89e-05	3.40e-03	8.53e-02	3.62e-01	2.97e-01	1.79e-01	6.38e-02	7.88e-03	1.20e-03	4.26e-04	9.02e-06	0.00e+00
 1.41019e+23	1.21e-18	7.18e-11	2.26e-08	4.47e-07	3.54e-06	2.27e-05	3.89e-03	9.33e-02	3.75e-01	2.92e-01	1.69e-01	5.86e-02	6.98e-03	1.03e-03	3.56e-04	7.18e-06	0.00e+00
 1.42114e+23	1.68e-18	9.22e-11	2.86e-08	5.59e-07	4.33e-06	2.72e-05	4.44e-03	1.02e-01	3.87e-01	2.87e-01	1.59e-01	5.36e-02	6.16e-03	8.93e-04	2.96e-04	5.70e-06	0.00e+00
 1.43217e+23	2.35e-18	1.17e-10	3.61e-08	6.98e-07	5.30e-06	3.27e-05	5.07e-03	1.11e-01	3.98e-01	2.81e-01	1.50e-01	4.88e-02	5.42e-03	7.67e-04	2.46e-04	4.51e-06	0.00e+00
 1.44330e+23	3.29e-18	1.49e-10	4.52e-08	8.68e-07	6.46e-06	3.92e-05	5.77e-03	1.21e-01	4.09e-01	2.75e-01	1.40e-01	4.43e-02	4.75e-03	6.57e-04	2.04e-04	3.55e-06	0.00e+00
 1.45458e+23	4.64e-18	1.87e-10	5.66e-08	1.08e-06	7.87e-06	4.70e-05	6.57e-03	1.31e-01	4.19e-01	2.67e-01	1.31e-01	4.01e-02	4.14e-03	5.60e-04	1.68e-04	2.79e-06	0.00e+00
 1.46591e+23	6.61e-18	2.33e-10	7.02e-08	1.33e-06	9.54e-06	5.61e-05	7.46e-03	1.42e-01	4.28e-01	2.60e-01	1.22e-01	3.62e-02	3.61e-03	4.77e-04	1.38e-04	2.19e-06	0.00e+00
 1.47743e+23	9.66e-18	2.90e-10	8.72e-08	1.64e-06	1.16e-05	6.71e-05	8.48e-03	1.54e-01	4.36e-01	2.52e-01	1.13e-01	3.25e-02	3.13e-03	4.03e-04	1.12e-04	1.70e-06	0.00e+00
 1.48909e+23	1.44e-17	3.57e-10	1.07e-07	2.02e-06	1.40e-05	7.99e-05	9.59e-03	1.67e-01	4.43e-01	2.43e-01	1.05e-01	2.91e-02	2.71e-03	3.40e-04	9.19e-05	1.32e-06	0.00e+00
 1.50099e+23	2.29e-17	4.40e-10	1.32e-07	2.49e-06	1.70e-05	9.58e-05	1.09e-02	1.80e-01	4.50e-01	2.34e-01	9.63e-02	2.59e-02	2.32e-03	2.84e-04	7.42e-05	1.01e-06	0.00e+00
 1.51207e+23	3.61e-17	5.19e-10	1.56e-07	2.94e-06	1.98e-05	1.11e-04	1.20e-02	1.91e-01	4.54e-01	2.27e-01	8.98e-02	2.35e-02	2.05e-03	2.45e-04	6.23e-05	8.16e-07	0.00e+00
 1.52349e+23	7.02e-17	6.35e-10	1.93e-07	3.62e-06	2.41e-05	1.33e-04	1.37e-02	2.06e-01	4.59e-01	2.17e-01	8.19e-02	2.07e-02	1.74e-03	2.02e-04	4.96e-05	6.16e-07	0.00e+00
 1.53512e+23	1.48e-16	7.44e-10	2.27e-07	4.27e-06	2.80e-05	1.53e-04	1.51e-02	2.18e-01	4.61e-01	2.09e-01	7.60e-02	1.87e-02	1.52e-03	1.73e-04	4.14e-05	4.92e-07	0.00e+00
 1.54702e+23	4.46e-15	9.03e-10	2.78e-07	5.26e-06	3.40e-05	1.84e-04	1.71e-02	2.34e-01	4.63e-01	1.99e-01	6.87e-02	1.63e-02	1.28e-03	1.41e-04	3.25e-05	3.66e-07	0.00e+00
 1.55898e+23	5.29e-15	1.05e-09	3.26e-07	6.16e-06	3.93e-05	2.11e-04	1.88e-02	2.47e-01	4.64e-01	1.91e-01	6.36e-02	1.46e-02	1.12e-03	1.21e-04	2.71e-05	2.93e-07	0.00e+00
 1.57099e+23	6.46e-15	1.26e-09	3.96e-07	7.51e-06	4.73e-05	2.52e-04	2.12e-02	2.63e-01	4.64e-01	1.81e-01	5.74e-02	1.27e-02	9.38e-04	9.85e-05	2.13e-05	2.18e-07	0.00e+00
 1.58308e+23	7.54e-15	1.45e-09	4.60e-07	8.74e-06	5.44e-05	2.87e-04	2.31e-02	2.76e-01	4.62e-01	1.73e-01	5.29e-02	1.14e-02	8.18e-04	8.40e-05	1.77e-05	1.74e-07	0.00e+00
 1.59527e+23	9.06e-15	1.73e-09	5.55e-07	1.06e-05	6.50e-05	3.41e-04	2.59e-02	2.93e-01	4.60e-01	1.63e-01	4.75e-02	9.89e-03	6.83e-04	6.81e-05	1.39e-05	1.29e-07	0.00e+00
 1.60758e+23	1.05e-14	1.98e-09	6.42e-07	1.23e-05	7.45e-05	3.88e-04	2.83e-02	3.06e-01	4.57e-01	1.55e-01	4.36e-02	8.84e-03	5.94e-04	5.78e-05	1.15e-05	0.00e+00	0.00e+00
 1.62002e+23	1.24e-14	2.34e-09	7.70e-07	1.48e-05	8.85e-05	4.59e-04	3.15e-02	3.23e-01	4.52e-01	1.46e-01	3.90e-02	7.62e-03	4.94e-04	4.67e-05	8.98e-06	0.00e+00	0.00e+00
 1.63263e+23	1.43e-14	2.67e-09	8.90e-07	1.72e-05	1.01e-04	5.21e-04	3.43e-02	3.37e-01	4.47e-01	1.38e-01	3.57e-02	6.78e-03	4.27e-04	3.94e-05	7.39e-06	0.00e+00	0.00e+00
 1.64545e+23	1.69e-14	3.14e-09	1.07e-06	2.06e-05	1.20e-04	6.14e-04	3.81e-02	3.54e-01	4.40e-01	1.29e-01	3.17e-02	5.81e-03	3.54e-04	3.16e-05	5.74e-06	0.00e+00	0.00e+00
 1.65849e+23	1.93e-14	3.58e-09	1.23e-06	2.39e-05	1.37e-04	6.97e-04	4.14e-02	3.67e-01	4.34e-01	1.22e-01	2.89e-02	5.14e-03	3.04e-04	2.65e-05	4.69e-06	0.00e+00	0.00e+00
 1.67182e+23	2.27e-14	4.21e-09	1.47e-06	2.87e-05	1.62e-04	8.21e-04	4.59e-02	3.85e-01	4.25e-01	1.13e-01	2.55e-02	4.38e-03	2.50e-04	2.11e-05	3.61e-06	0.00e+00	0.00e+00
 1.68544e+23	2.60e-14	4.82e-09	1.71e-06	3.32e-05	1.85e-04	9.33e-04	4.97e-02	3.98e-01	4.18e-01	1.06e-01	2.31e-02	3.85e-03	2.13e-04	1.76e-05	2.93e-06	0.00e+00	0.00e+00
 1.69945e+23	3.06e-14	5.69e-09	2.05e-06	4.00e-05	2.19e-04	1.10e-03	5.51e-02	4.15e-01	4.07e-01	9.81e-02	2.02e-02	3.25e-03	1.73e-04	1.38e-05	2.22e-06	0.00e+00	0.00e+00
 1.71378e+23	3.52e-14	6.54e-09	2.38e-06	4.65e-05	2.50e-04	1.25e-03	5.97e-02	4.28e-01	3.98e-01	9.18e-02	1.82e-02	2.83e-03	1.47e-04	1.14e-05	1.79e-06	0.00e+00	0.00e+00
 1.72583e+23	3.96e-14	7.36e-09	2.71e-06	5.28e-05	2.81e-04	1.40e-03	6.39e-02	4.40e-01	3.89e-01	8.65e-02	1.66e-02	2.51e-03	1.27e-04	9.62e-06	1.47e-06	0.00e+00	0.00e+00
 1.73879e+23	4.58e-14	8.55e-09	3.20e-06	6.23e-05	3.25e-04	1.61e-03	6.97e-02	4.54e-01	3.78e-01	7.99e-02	1.46e-02	2.15e-03	1.05e-04	7.71e-06	1.14e-06	0.00e+00	0.00e+00
 1.75147e+23	5.13e-14	9.58e-09	3.62e-06	7.02e-05	3.61e-04	1.78e-03	7.41e-02	4.64e-01	3.69e-01	7.54e-02	1.34e-02	1.91e-03	9.10e-05	6.57e-06	9.54e-07	0.00e+00	0.00e+00
 1.76377e+23	5.84e-14	1.10e-08	4.21e-06	8.16e-05	4.13e-04	2.03e-03	8.02e-02	4.76e-01	3.58e-01	6.97e-02	1.19e-02	1.64e-03	7.57e-05	5.32e-06	7.50e-07	0.00e+00	0.00e+00
 1.77619e+23	6.60e-14	1.24e-08	4.77e-06	9.20e-05	4.58e-04	2.24e-03	8.50e-02	4.85e-01	3.49e-01	6.57e-02	1.08e-02	1.46e-03	6.59e-05	4.53e-06	6.25e-07	0.00e+00	0.00e+00
 1.78875e+23	7.56e-14	1.42e-08	5.56e-06	1.07e-04	5.23e-04	2.55e-03	9.17e-02	4.97e-01	3.37e-01	6.06e-02	9.58e-03	1.26e-03	5.47e-05	3.66e-06	4.90e-07	0.00e+00	0.00e+00
 1.80149e+23	8.56e-14	1.61e-08	6.32e-06	1.21e-04	5.80e-04	2.81e-03	9.71e-02	5.05e-01	3.28e-01	5.69e-02	8.71e-03	1.11e-03	4.73e-05	3.10e-06	4.06e-07	0.00e+00	0.00e+00
 1.81446e+23	9.86e-14	1.87e-08	7.39e-06	1.41e-04	6.62e-04	3.19e-03	1.05e-01	5.15e-01	3.15e-01	5.22e-02	7.67e-03	9.49e-04	3.90e-05	2.48e-06	3.16e-07	0.00e+00	0.00e+00
 1.82761e+23	1.13e-13	2.13e-08	8.44e-06	1.59e-04	7.33e-04	3.51e-03	1.10e-01	5.22e-01	3.06e-01	4.89e-02	6.95e-03	8.39e-04	3.37e-05	2.10e-06	2.61e-07	0.00e+00	0.00e+00
 1.84101e+23	1.30e-13	2.48e-08	9.91e-06	1.85e-04	8.37e-04	4.00e-03	1.19e-01	5.32e-01	2.93e-01	4.46e-02	6.08e-03	7.11e-04	2.76e-05	1.67e-06	2.01e-07	0.00e+00	0.00e+00
 1.85461e+23	1.50e-13	2.85e-08	1.14e-05	2.10e-04	9.28e-04	4.39e-03	1.25e-01	5.38e-01	2.84e-01	4.17e-02	5.50e-03	6.26e-04	2.37e-05	1.40e-06	1.65e-07	0.00e+00	0.00e+00
 1.86848e+23	1.75e-13	3.34e-08	1.34e-05	2.46e-04	1.06e-03	5.00e-03	1.35e-01	5.46e-01	2.70e-01	3.78e-02	4.78e-03	5.27e-04	1.92e-05	1.11e-06	1.27e-07	0.00e+00	0.00e+00
 1.88264e+23	2.04e-13	3.86e-08	1.55e-05	2.79e-04	1.18e-03	5.50e-03	1.42e-01	5.51e-01	2.60e-01	3.51e-02	4.30e-03	4.61e-04	1.64e-05	9.24e-07	0.00e+00	0.00e+00	0.00e+00
 1.89717e+23	2.41e-13	4.58e-08	1.84e-05	3.28e-04	1.34e-03	6.26e-03	1.52e-01	5.57e-01	2.47e-01	3.17e-02	3.71e-03	3.85e-04	1.32e-05	7.23e-07	0.00e+00	0.00e+00	0.00e+00
 1.91210e+23	2.82e-13	5.35e-08	2.14e-05	3.75e-04	1.50e-03	6.92e-03	1.61e-01	5.61e-01	2.37e-01	2.93e-02	3.31e-03	3.33e-04	1.11e-05	5.95e-07	0.00e+00	0.00e+00	0.00e+00
 1.92754e+23	3.42e-13	6.48e-08	2.58e-05	4.44e-04	1.72e-03	7.87e-03	1.72e-01	5.65e-01	2.24e-01	2.62e-02	2.84e-03	2.76e-04	8.87e-06	4.60e-07	0.00e+00	0.00e+00	0.00e+00
 1.94321e+23	4.04e-13	7.62e-08	3.01e-05	5.09e-04	1.92e-03	8.70e-03	1.81e-01	5.67e-01	2.13e-01	2.41e-02	2.51e-03	2.38e-04	7.42e-06	3.76e-07	0.00e+00	0.00e+00	0.00e+00
 1.95920e+23	4.96e-13	9.34e-08	3.65e-05	6.06e-04	2.20e-03	9.89e-03	1.94e-01	5.69e-01	2.00e-01	2.15e-02	2.14e-03	1.95e-04	5.87e-06	2.89e-07	0.00e+00	0.00e+00	0.00e+00
 1.97537e+23	5.95e-13	1.11e-07	4.29e-05	6.95e-04	2.45e-03	1.09e-02	2.04e-01	5.70e-01	1.91e-01	1.96e-02	1.89e-03	1.68e-04	4.89e-06	2.35e-07	0.00e+00	0.00e+00	0.00e+00
 1.99179e+23	7.36e-13	1.37e-07	5.23e-05	8.28e-04	2.81e-03	1.24e-02	2.17e-01	5.70e-01	1.78e-01	1.74e-02	1.60e-03	1.37e-04	3.84e-06	1.79e-07	0.00e+00	0.00e+00	0.00e+00
 2.00844e+23	8.92e-13	1.65e-07	6.17e-05	9.53e-04	3.13e-03	1.36e-02	2.28e-01	5.68e-01	1.69e-01	1.59e-02	1.41e-03	1.17e-04	3.19e-06	1.45e-07	0.00e+00	0.00e+00	0.00e+00
 2.02302e+23	1.06e-12	1.95e-07	7.21e-05	1.09e-03	3.47e-03	1.50e-02	2.38e-01	5.66e-01	1.60e-01	1.44e-02	1.24e-03	9.97e-05	2.64e-06	1.18e-07	0.00e+00	0.00e+00	0.00e+00
 2.03960e+23	1.35e-12	2.45e-07	8.84e-05	1.30e-03	3.97e-03	1.69e-02	2.52e-01	5.63e-01	1.49e-01	1.28e-02	1.05e-03	8.14e-05	2.08e-06	0.00e+00	0.00e+00	0.00e+00	0.00e+00
 2.05649e+23	1.62e-12	2.93e-07	1.04e-04	1.49e-03	4.41e-03	1.86e-02	2.64e-01	5.59e-01	1.40e-01	1.15e-02	9.14e-04	6.88e-05	1.70e-06	0.00e+00	0.00e+00	0.00e+00	0.00e+00
 2.07025e+23	1.93e-12	3.45e-07	1.20e-04	1.68e-03	4.83e-03	2.01e-02	2.74e-01	5.55e-01	1.33e-01	1.06e-02	8.14e-04	5.97e-05	1.44e-06	0.00e+00	0.00e+00	0.00e+00	0.00e+00
 2.08462e+23	2.38e-12	4.20e-07	1.43e-04	1.94e-03	5.37e-03	2.21e-02	2.86e-01	5.50e-01	1.25e-01	9.55e-03	7.09e-04	5.05e-05	1.18e-06	0.00e+00	0.00e+00	0.00e+00	0.00e+00
 2.09970e+23	2.87e-12	4.99e-07	1.66e-04	2.20e-03	5.90e-03	2.40e-02	2.96e-01	5.44e-01	1.18e-01	8.69e-03	6.25e-04	4.33e-05	9.86e-07	0.00e+00	0.00e+00	0.00e+00	0.00e+00
 2.11348e+23	3.44e-12	5.93e-07	1.93e-04	2.49e-03	6.46e-03	2.59e-02	3.07e-01	5.38e-01	1.11e-01	7.92e-03	5.53e-04	3.73e-05	8.26e-07	0.00e+00	0.00e+00	0.00e+00	0.00e+00
 2.12921e+23	4.36e-12	7.37e-07	2.33e-04	2.91e-03	7.24e-03	2.86e-02	3.20e-01	5.30e-01	1.03e-01	7.05e-03	4.73e-04	3.09e-05	6.62e-07	0.00e+00	0.00e+00	0.00e+00	0.00e+00
 2.14536e+23	5.32e-12	8.89e-07	2.74e-04	3.33e-03	7.98e-03	3.12e-02	3.32e-01	5.22e-01	9.64e-02	6.34e-03	4.11e-04	2.61e-05	5.42e-07	0.00e+00	0.00e+00	0.00e+00	0.00e+00
 2.15955e+23	6.46e-12	1.06e-06	3.19e-04	3.77e-03	8.73e-03	3.36e-02	3.42e-01	5.15e-01	9.07e-02	5.76e-03	3.63e-04	2.24e-05	4.53e-07	0.00e+00	0.00e+00	0.00e+00	0.00e+00
 2.17547e+23	8.24e-12	1.33e-06	3.85e-04	4.39e-03	9.74e-03	3.69e-02	3.55e-01	5.04e-01	8.39e-02	5.10e-03	3.10e-04	1.85e-05	3.62e-07	0.00e+00	0.00e+00	0.00e+00	0.00e+00
 2.19222e+23	1.02e-11	1.62e-06	4.56e-04	5.04e-03	1.08e-02	4.02e-02	3.67e-01	4.94e-01	7.78e-02	4.55e-03	2.67e-04	1.55e-05	2.93e-07	0.00e+00	0.00e+00	0.00e+00	0.00e+00
 2.20742e+23	1.26e-11	1.96e-06	5.35e-04	5.73e-03	1.18e-02	4.33e-02	3.78e-01	4.84e-01	7.25e-02	4.10e-03	2.33e-04	1.31e-05	2.42e-07	0.00e+00	0.00e+00	0.00e+00	0.00e+00
 2.22456e+23	1.65e-11	2.50e-06	6.55e-04	6.73e-03	1.32e-02	4.76e-02	3.91e-01	4.71e-01	6.64e-02	3.59e-03	1.96e-04	1.07e-05	1.90e-07	0.00e+00	0.00e+00	0.00e+00	0.00e+00
 2.24225e+23	2.09e-11	3.09e-06	7.81e-04	7.75e-03	1.46e-02	5.17e-02	4.02e-01	4.59e-01	6.11e-02	3.18e-03	1.67e-04	8.84e-06	1.53e-07	0.00e+00	0.00e+00	0.00e+00	0.00e+00
 2.25800e+23	2.60e-11	3.77e-06	9.20e-04	8.82e-03	1.60e-02	5.57e-02	4.12e-01	4.47e-01	5.66e-02	2.84e-03	1.45e-04	7.43e-06	1.24e-07	0.00e+00	0.00e+00	0.00e+00	0.00e+00
 2.27581e+23	3.45e-11	4.84e-06	1.13e-03	1.04e-02	1.78e-02	6.10e-02	4.24e-01	4.31e-01	5.12e-02	2.46e-03	1.20e-04	5.96e-06	0.00e+00	0.00e+00	0.00e+00	0.00e+00	0.00e+00
 2.29433e+23	4.42e-11	6.05e-06	1.36e-03	1.20e-02	1.97e-02	6.61e-02	4.35e-01	4.17e-01	4.68e-02	2.16e-03	1.02e-04	4.89e-06	0.00e+00	0.00e+00	0.00e+00	0.00e+00	0.00e+00
 2.31098e+23	5.60e-11	7.45e-06	1.61e-03	1.37e-02	2.15e-02	7.11e-02	4.44e-01	4.03e-01	4.29e-02	1.91e-03	8.71e-05	4.05e-06	0.00e+00	0.00e+00	0.00e+00	0.00e+00	0.00e+00
 2.32986e+23	7.59e-11	9.73e-06	2.00e-03	1.62e-02	2.41e-02	7.78e-02	4.54e-01	3.85e-01	3.83e-02	1.63e-03	7.11e-05	3.19e-06	0.00e+00	0.00e+00	0.00e+00	0.00e+00	0.00e+00
 2.34935e+23	9.83e-11	1.22e-05	2.40e-03	1.87e-02	2.65e-02	8.39e-02	4.63e-01	3.70e-01	3.46e-02	1.42e-03	5.97e-05	2.59e-06	0.00e+00	0.00e+00	0.00e+00	0.00e+00	0.00e+00
 2.36693e+23	1.27e-10	1.52e-05	2.86e-03	2.14e-02	2.91e-02	9.00e-02	4.70e-01	3.54e-01	3.13e-02	1.24e-03	5.03e-05	2.11e-06	0.00e+00	0.00e+00	0.00e+00	0.00e+00	0.00e+00
 2.38707e+23	1.75e-10	2.02e-05	3.59e-03	2.54e-02	3.25e-02	9.82e-02	4.77e-01	3.34e-01	2.75e-02	1.04e-03	4.02e-05	1.63e-06	0.00e+00	0.00e+00	0.00e+00	0.00e+00	0.00e+00
 2.40748e+23	2.28e-10	2.54e-05	4.30e-03	2.92e-02	3.56e-02	1.05e-01	4.82e-01	3.18e-01	2.46e-02	8.93e-04	3.33e-05	1.30e-06	0.00e+00	0.00e+00	0.00e+00	0.00e+00	0.00e+00
 2.42552e+23	2.96e-10	3.17e-05	5.13e-03	3.33e-02	3.88e-02	1.12e-01	4.86e-01	3.02e-01	2.21e-02	7.74e-04	2.78e-05	1.06e-06	0.00e+00	0.00e+00	0.00e+00	0.00e+00	0.00e+00
 2.44624e+23	4.14e-10	4.21e-05	6.42e-03	3.94e-02	4.31e-02	1.22e-01	4.89e-01	2.81e-01	1.91e-02	6.40e-04	2.19e-05	7.98e-07	0.00e+00	0.00e+00	0.00e+00	0.00e+00	0.00e+00
 2.46726e+23	5.42e-10	5.30e-05	7.69e-03	4.50e-02	4.69e-02	1.30e-01	4.89e-01	2.64e-01	1.68e-02	5.45e-04	1.80e-05	6.33e-07	0.00e+00	0.00e+00	0.00e+00	0.00e+00	0.00e+00
 2.48867e+23	7.61e-10	7.05e-05	9.60e-03	5.30e-02	5.19e-02	1.39e-01	4.88e-01	2.44e-01	1.44e-02	4.47e-04	1.40e-05	4.75e-07	0.00e+00	0.00e+00	0.00e+00	0.00e+00	0.00e+00
 2.51049e+23	1.01e-09	8.93e-05	1.15e-02	6.06e-02	5.63e-02	1.47e-01	4.85e-01	2.26e-01	1.26e-02	3.77e-04	1.13e-05	3.71e-07	0.00e+00	0.00e+00	0.00e+00	0.00e+00	0.00e+00
 2.52987e+23	1.32e-09	1.12e-04	1.37e-02	6.88e-02	6.07e-02	1.55e-01	4.80e-01	2.10e-01	1.10e-02	3.18e-04	9.16e-06	2.91e-07	0.00e+00	0.00e+00	0.00e+00	0.00e+00	0.00e+00
 2.55210e+23	1.88e-09	1.49e-04	1.71e-02	8.05e-02	6.65e-02	1.65e-01	4.71e-01	1.90e-01	9.17e-03	2.55e-04	6.98e-06	2.13e-07	0.00e+00	0.00e+00	0.00e+00	0.00e+00	0.00e+00
 2.57471e+23	2.48e-09	1.88e-04	2.04e-02	9.11e-02	7.14e-02	1.73e-01	4.62e-01	1.74e-01	7.88e-03	2.12e-04	5.55e-06	1.64e-07	0.00e+00	0.00e+00	0.00e+00	0.00e+00	0.00e+00
 2.59781e+23	3.55e-09	2.51e-04	2.53e-02	1.06e-01	7.76e-02	1.82e-01	4.48e-01	1.55e-01	6.45e-03	1.66e-04	4.12e-06	0.00e+00	0.00e+00	0.00e+00	0.00e+00	0.00e+00	0.00e+00
 2.62114e+23	4.69e-09	3.15e-04	3.00e-02	1.19e-01	8.26e-02	1.88e-01	4.34e-01	1.40e-01	5.47e-03	1.37e-04	3.24e-06	0.00e+00	0.00e+00	0.00e+00	0.00e+00	0.00e+00	0.00e+00
 2.64140e+23	6.12e-09	3.89e-04	3.51e-02	1.32e-01	8.72e-02	1.94e-01	4.20e-01	1.26e-01	4.65e-03	1.13e-04	2.56e-06	0.00e+00	0.00e+00	0.00e+00	0.00e+00	0.00e+00	0.00e+00
 2.66032e+23	7.72e-09	4.70e-04	4.03e-02	1.45e-01	9.13e-02	1.98e-01	4.05e-01	1.15e-01	4.00e-03	9.46e-05	2.06e-06	0.00e+00	0.00e+00	0.00e+00	0.00e+00	0.00e+00	0.00e+00
 2.68088e+23	1.03e-08	5.91e-04	4.76e-02	1.62e-01	9.62e-02	2.03e-01	3.86e-01	1.01e-01	3.29e-03	7.55e-05	1.56e-06	0.00e+00	0.00e+00	0.00e+00	0.00e+00	0.00e+00	0.00e+00
 2.70173e+23	1.32e-08	7.17e-04	5.47e-02	1.77e-01	1.00e-01	2.06e-01	3.68e-01	9.04e-02	2.77e-03	6.19e-05	1.23e-06	0.00e+00	0.00e+00	0.00e+00	0.00e+00	0.00e+00	0.00e+00
 2.71966e+23	1.65e-08	8.51e-04	6.18e-02	1.91e-01	1.03e-01	2.08e-01	3.51e-01	8.13e-02	2.36e-03	5.16e-05	9.82e-07	0.00e+00	0.00e+00	0.00e+00	0.00e+00	0.00e+00	0.00e+00
 2.73967e+23	2.15e-08	1.05e-03	7.16e-02	2.09e-01	1.07e-01	2.09e-01	3.29e-01	7.09e-02	1.93e-03	4.10e-05	7.42e-07	0.00e+00	0.00e+00	0.00e+00	0.00e+00	0.00e+00	0.00e+00
 2.76056e+23	2.73e-08	1.26e-03	8.13e-02	2.26e-01	1.10e-01	2.09e-01	3.09e-01	6.22e-02	1.60e-03	3.31e-05	5.73e-07	0.00e+00	0.00e+00	0.00e+00	0.00e+00	0.00e+00	0.00e+00
 2.77942e+23	3.40e-08	1.48e-03	9.12e-02	2.41e-01	1.12e-01	2.08e-01	2.90e-01	5.48e-02	1.33e-03	2.70e-05	4.47e-07	0.00e+00	0.00e+00	0.00e+00	0.00e+00	0.00e+00	0.00e+00
 2.80078e+23	4.48e-08	1.83e-03	1.05e-01	2.61e-01	1.14e-01	2.05e-01	2.66e-01	4.62e-02	1.05e-03	2.07e-05	3.24e-07	0.00e+00	0.00e+00	0.00e+00	0.00e+00	0.00e+00	0.00e+00
 2.82251e+23	5.61e-08	2.16e-03	1.17e-01	2.77e-01	1.16e-01	2.02e-01	2.45e-01	3.99e-02	8.51e-04	1.65e-05	2.46e-07	0.00e+00	0.00e+00	0.00e+00	0.00e+00	0.00e+00	0.00e+00
 2.84177e+23	6.92e-08	2.52e-03	1.30e-01	2.92e-01	1.17e-01	1.98e-01	2.26e-01	3.45e-02	6.96e-04	1.32e-05	1.88e-07	0.00e+00	0.00e+00	0.00e+00	0.00e+00	0.00e+00	0.00e+00
 2.85951e+23	8.30e-08	2.88e-03	1.42e-01	3.04e-01	1.17e-01	1.94e-01	2.10e-01	3.02e-02	5.82e-04	1.08e-05	1.48e-07	0.00e+00	0.00e+00	0.00e+00	0.00e+00	0.00e+00	0.00e+00
 2.87573e+23	9.85e-08	3.27e-03	1.54e-01	3.16e-01	1.17e-01	1.89e-01	1.95e-01	2.65e-02	4.87e-04	8.93e-06	0.00e+00	0.00e+00	0.00e+00	0.00e+00	0.00e+00	0.00e+00	0.00e+00
 2.89434e+23	1.22e-07	3.81e-03	1.69e-01	3.29e-01	1.16e-01	1.82e-01	1.76e-01	2.24e-02	3.88e-04	6.96e-06	0.00e+00	0.00e+00	0.00e+00	0.00e+00	0.00e+00	0.00e+00	0.00e+00
 2.91323e+23	1.45e-07	4.31e-03	1.83e-01	3.40e-01	1.15e-01	1.76e-01	1.62e-01	1.94e-02	3.21e-04	5.66e-06	0.00e+00	0.00e+00	0.00e+00	0.00e+00	0.00e+00	0.00e+00	0.00e+00
 2.92996e+23	1.71e-07	4.86e-03	1.96e-01	3.49e-01	1.14e-01	1.70e-01	1.48e-01	1.67e-02	2.64e-04	4.59e-06	0.00e+00	0.00e+00	0.00e+00	0.00e+00	0.00e+00	0.00e+00	0.00e+00
 2.94918e+23	2.11e-07	5.62e-03	2.14e-01	3.60e-01	1.12e-01	1.62e-01	1.32e-01	1.39e-02	2.07e-04	3.51e-06	0.00e+00	0.00e+00	0.00e+00	0.00e+00	0.00e+00	0.00e+00	0.00e+00
 2.96855e+23	2.50e-07	6.32e-03	2.29e-01	3.68e-01	1.10e-01	1.55e-01	1.20e-01	1.18e-02	1.68e-04	2.81e-06	0.00e+00	0.00e+00	0.00e+00	0.00e+00	0.00e+00	0.00e+00	0.00e+00
 2.98541e+23	2.92e-07	7.05e-03	2.44e-01	3.74e-01	1.08e-01	1.48e-01	1.08e-01	1.01e-02	1.37e-04	2.26e-06	0.00e+00	0.00e+00	0.00e+00	0.00e+00	0.00e+00	0.00e+00	0.00e+00
 3.00458e+23	3.56e-07	8.08e-03	2.63e-01	3.81e-01	1.05e-01	1.39e-01	9.54e-02	8.23e-03	1.06e-04	1.71e-06	0.00e+00	0.00e+00	0.00e+00	0.00e+00	0.00e+00	0.00e+00	0.00e+00
 3.02405e+23	4.17e-07	8.98e-03	2.79e-01	3.85e-01	1.02e-01	1.32e-01	8.57e-02	6.96e-03	8.55e-05	1.36e-06	0.00e+00	0.00e+00	0.00e+00	0.00e+00	0.00e+00	0.00e+00	0.00e+00
 3.04388e+23	5.05e-07	1.02e-02	2.99e-01	3.89e-01	9.85e-02	1.23e-01	7.46e-02	5.62e-03	6.52e-05	1.02e-06	0.00e+00	0.00e+00	0.00e+00	0.00e+00	0.00e+00	0.00e+00	0.00e+00
 3.06396e+23	5.94e-07	1.14e-02	3.17e-01	3.91e-01	9.53e-02	1.15e-01	6.62e-02	4.67e-03	5.17e-05	7.91e-07	0.00e+00	0.00e+00	0.00e+00	0.00e+00	0.00e+00	0.00e+00	0.00e+00
 3.07925e+23	6.65e-07	1.23e-02	3.29e-01	3.91e-01	9.29e-02	1.10e-01	6.07e-02	4.08e-03	4.37e-05	6.61e-07	0.00e+00	0.00e+00	0.00e+00	0.00e+00	0.00e+00	0.00e+00	0.00e+00
