#depth	Ar	Ar+	Ar+2	Ar+3	Ar+4	Ar+5	Ar+6	Ar+7	Ar+8	Ar+9	Ar+10	Ar+11	Ar+12	Ar+13	Ar+14	Ar+15	Ar+16	Ar+17	Ar+18
 4.62852e+21	0.00e+00	0.00e+00	0.00e+00	0.00e+00	0.00e+00	0.00e+00	0.00e+00	0.00e+00	0.00e+00	0.00e+00	0.00e+00	6.75e-26	1.20e-21	9.71e-18	4.85e-14	2.43e-10	2.09e-06	2.52e-03	9.97e-01
 1.05190e+22	0.00e+00	0.00e+00	0.00e+00	0.00e+00	0.00e+00	0.00e+00	0.00e+00	0.00e+00	0.00e+00	0.00e+00	4.24e-29	8.56e-25	1.06e-20	5.95e-17	2.07e-13	7.22e-10	4.31e-06	3.62e-03	9.96e-01
 1.26113e+22	0.00e+00	0.00e+00	0.00e+00	0.00e+00	0.00e+00	0.00e+00	0.00e+00	0.00e+00	0.00e+00	0.00e+00	2.71e-28	4.32e-24	4.21e-20	1.95e-16	5.33e-13	1.47e-09	6.92e-06	4.59e-03	9.95e-01
 1.41058e+22	0.00e+00	0.00e+00	0.00e+00	0.00e+00	0.00e+00	0.00e+00	0.00e+00	0.00e+00	0.00e+00	0.00e+00	1.23e-27	1.63e-23	1.31e-19	5.01e-16	1.14e-12	2.59e-09	1.01e-05	5.54e-03	9.94e-01
 1.50659e+22	0.00e+00	0.00e+00	0.00e+00	0.00e+00	0.00e+00	0.00e+00	0.00e+00	0.00e+00	0.00e+00	0.00e+00	2.35e-27	2.86e-23	2.12e-19	7.50e-16	1.57e-12	3.30e-09	1.19e-05	6.00e-03	9.94e-01
 1.57465e+22	0.00e+00	0.00e+00	0.00e+00	0.00e+00	0.00e+00	0.00e+00	0.00e+00	0.00e+00	0.00e+00	0.00e+00	5.82e-27	6.31e-23	4.19e-19	1.32e-15	2.46e-12	4.63e-09	1.49e-05	6.72e-03	9.93e-01
 1.64412e+22	0.00e+00	0.00e+00	0.00e+00	0.00e+00	0.00e+00	0.00e+00	0.00e+00	0.00e+00	0.00e+00	0.00e+00	1.14e-26	1.13e-22	6.92e-19	2.00e-15	3.44e-12	5.95e-09	1.76e-05	7.30e-03	9.93e-01
 1.71544e+22	0.00e+00	0.00e+00	0.00e+00	0.00e+00	0.00e+00	0.00e+00	0.00e+00	0.00e+00	0.00e+00	1.43e-30	2.95e-26	2.61e-22	1.41e-18	3.63e-15	5.54e-12	8.50e-09	2.23e-05	8.22e-03	9.92e-01
 1.78643e+22	0.00e+00	0.00e+00	0.00e+00	0.00e+00	0.00e+00	0.00e+00	0.00e+00	0.00e+00	0.00e+00	3.00e-30	5.72e-26	4.66e-22	2.32e-18	5.49e-15	7.71e-12	1.09e-08	2.63e-05	8.92e-03	9.91e-01
 1.85700e+22	0.00e+00	0.00e+00	0.00e+00	0.00e+00	0.00e+00	0.00e+00	0.00e+00	0.00e+00	0.00e+00	8.68e-30	1.47e-25	1.06e-21	4.70e-18	9.87e-15	1.23e-11	1.55e-08	3.32e-05	1.00e-02	9.90e-01
 1.92764e+22	0.00e+00	0.00e+00	0.00e+00	0.00e+00	0.00e+00	0.00e+00	0.00e+00	0.00e+00	0.00e+00	1.79e-29	2.79e-25	1.86e-21	7.72e-18	1.49e-14	1.72e-11	1.99e-08	3.92e-05	1.09e-02	9.89e-01
 1.99838e+22	0.00e+00	0.00e+00	0.00e+00	0.00e+00	0.00e+00	0.00e+00	0.00e+00	0.00e+00	0.00e+00	5.19e-29	7.17e-25	4.24e-21	1.57e-17	2.69e-14	2.75e-11	2.82e-08	4.95e-05	1.22e-02	9.88e-01
 2.06914e+22	0.00e+00	0.00e+00	0.00e+00	0.00e+00	0.00e+00	0.00e+00	0.00e+00	0.00e+00	0.00e+00	1.09e-28	1.38e-24	7.53e-21	2.56e-17	4.05e-14	3.81e-11	3.61e-08	5.83e-05	1.33e-02	9.87e-01
 2.13991e+22	0.00e+00	0.00e+00	0.00e+00	0.00e+00	0.00e+00	0.00e+00	0.00e+00	0.00e+00	0.00e+00	3.15e-28	3.56e-24	1.72e-20	5.19e-17	7.30e-14	6.10e-11	5.14e-08	7.37e-05	1.49e-02	9.85e-01
 2.21066e+22	0.00e+00	0.00e+00	0.00e+00	0.00e+00	0.00e+00	0.00e+00	0.00e+00	0.00e+00	0.00e+00	6.63e-28	6.89e-24	3.07e-20	8.51e-17	1.10e-13	8.49e-11	6.58e-08	8.69e-05	1.62e-02	9.84e-01
 2.28137e+22	0.00e+00	0.00e+00	0.00e+00	0.00e+00	0.00e+00	0.00e+00	0.00e+00	0.00e+00	0.00e+00	1.91e-27	1.76e-23	6.95e-20	1.72e-16	1.97e-13	1.35e-10	9.32e-08	1.10e-04	1.81e-02	9.82e-01
 2.35247e+22	0.00e+00	0.00e+00	0.00e+00	0.00e+00	0.00e+00	0.00e+00	0.00e+00	0.00e+00	2.08e-31	4.04e-27	3.43e-23	1.25e-19	2.83e-16	2.99e-13	1.89e-10	1.20e-07	1.29e-04	1.97e-02	9.80e-01
 2.42408e+22	0.00e+00	0.00e+00	0.00e+00	0.00e+00	0.00e+00	0.00e+00	0.00e+00	0.00e+00	6.83e-31	1.18e-26	8.84e-23	2.85e-19	5.74e-16	5.39e-13	3.02e-10	1.70e-07	1.63e-04	2.21e-02	9.78e-01
 2.48595e+22	0.00e+00	0.00e+00	0.00e+00	0.00e+00	0.00e+00	0.00e+00	0.00e+00	0.00e+00	1.24e-30	2.01e-26	1.42e-22	4.31e-19	8.18e-16	7.25e-13	3.83e-10	2.03e-07	1.84e-04	2.34e-02	9.76e-01
 2.53514e+22	0.00e+00	0.00e+00	0.00e+00	0.00e+00	0.00e+00	0.00e+00	0.00e+00	0.00e+00	2.64e-30	3.97e-26	2.60e-22	7.32e-19	1.29e-15	1.06e-12	5.17e-10	2.54e-07	2.14e-04	2.52e-02	9.75e-01
 2.58783e+22	0.00e+00	0.00e+00	0.00e+00	0.00e+00	0.00e+00	0.00e+00	0.00e+00	0.00e+00	5.34e-30	7.45e-26	4.55e-22	1.20e-18	1.96e-15	1.50e-12	6.85e-10	3.14e-07	2.46e-04	2.70e-02	9.73e-01
 2.63632e+22	0.00e+00	0.00e+00	0.00e+00	0.00e+00	0.00e+00	0.00e+00	0.00e+00	0.00e+00	1.04e-29	1.36e-25	7.75e-22	1.91e-18	2.92e-15	2.09e-12	8.92e-10	3.83e-07	2.80e-04	2.89e-02	9.71e-01
 2.69063e+22	0.00e+00	0.00e+00	0.00e+00	0.00e+00	0.00e+00	0.00e+00	0.00e+00	0.00e+00	2.54e-29	3.03e-25	1.58e-21	3.56e-18	4.97e-15	3.25e-12	1.27e-09	4.99e-07	3.34e-04	3.15e-02	9.68e-01
 2.74390e+22	0.00e+00	0.00e+00	0.00e+00	0.00e+00	0.00e+00	0.00e+00	0.00e+00	0.00e+00	4.62e-29	5.18e-25	2.54e-21	5.39e-18	7.09e-15	4.37e-12	1.61e-09	5.95e-07	3.75e-04	3.33e-02	9.66e-01
 2.79579e+22	0.00e+00	0.00e+00	0.00e+00	0.00e+00	0.00e+00	0.00e+00	0.00e+00	0.00e+00	1.04e-28	1.07e-24	4.85e-21	9.49e-18	1.15e-14	6.53e-12	2.22e-09	7.57e-07	4.40e-04	3.60e-02	9.64e-01
 2.84947e+22	0.00e+00	0.00e+00	0.00e+00	0.00e+00	0.00e+00	0.00e+00	0.00e+00	0.00e+00	2.10e-28	2.02e-24	8.49e-21	1.55e-17	1.75e-14	9.24e-12	2.92e-09	9.31e-07	5.05e-04	3.86e-02	9.61e-01
 2.89725e+22	0.00e+00	0.00e+00	0.00e+00	0.00e+00	0.00e+00	0.00e+00	0.00e+00	0.00e+00	4.08e-28	3.66e-24	1.44e-20	2.45e-17	2.58e-14	1.28e-11	3.80e-09	1.13e-06	5.75e-04	4.11e-02	9.58e-01
 2.95111e+22	0.00e+00	0.00e+00	0.00e+00	0.00e+00	0.00e+00	0.00e+00	0.00e+00	0.00e+00	9.81e-28	8.04e-24	2.89e-20	4.50e-17	4.35e-14	1.97e-11	5.36e-09	1.47e-06	6.82e-04	4.47e-02	9.55e-01
 3.00483e+22	0.00e+00	0.00e+00	0.00e+00	0.00e+00	0.00e+00	0.00e+00	0.00e+00	0.00e+00	1.81e-27	1.39e-23	4.70e-20	6.89e-17	6.25e-14	2.67e-11	6.82e-09	1.75e-06	7.68e-04	4.73e-02	9.52e-01
 3.05839e+22	0.00e+00	0.00e+00	0.00e+00	0.00e+00	0.00e+00	0.00e+00	0.00e+00	1.70e-31	4.39e-27	3.08e-23	9.50e-20	1.27e-16	1.06e-13	4.13e-11	9.66e-09	2.28e-06	9.13e-04	5.15e-02	9.48e-01
 3.11145e+22	0.00e+00	0.00e+00	0.00e+00	0.00e+00	0.00e+00	0.00e+00	0.00e+00	3.29e-31	8.00e-27	5.28e-23	1.53e-19	1.93e-16	1.51e-13	5.55e-11	1.22e-08	2.72e-06	1.03e-03	5.45e-02	9.44e-01
 3.15490e+22	0.00e+00	0.00e+00	0.00e+00	0.00e+00	0.00e+00	0.00e+00	0.00e+00	6.25e-31	1.43e-26	8.89e-23	2.43e-19	2.89e-16	2.13e-13	7.37e-11	1.54e-08	3.22e-06	1.15e-03	5.75e-02	9.41e-01
 3.19538e+22	0.00e+00	0.00e+00	0.00e+00	0.00e+00	0.00e+00	0.00e+00	0.00e+00	1.16e-30	2.50e-26	1.47e-22	3.79e-19	4.26e-16	2.96e-13	9.72e-11	1.91e-08	3.79e-06	1.28e-03	6.06e-02	9.38e-01
 3.23500e+22	0.00e+00	0.00e+00	0.00e+00	0.00e+00	0.00e+00	0.00e+00	0.00e+00	2.13e-30	4.34e-26	2.41e-22	5.88e-19	6.24e-16	4.10e-13	1.27e-10	2.37e-08	4.46e-06	1.42e-03	6.38e-02	9.35e-01
 3.28057e+22	0.00e+00	0.00e+00	0.00e+00	0.00e+00	0.00e+00	0.00e+00	0.00e+00	4.66e-30	8.81e-26	4.54e-22	1.03e-18	1.02e-15	6.23e-13	1.80e-10	3.13e-08	5.48e-06	1.63e-03	6.82e-02	9.30e-01
 3.32604e+22	0.00e+00	0.00e+00	0.00e+00	0.00e+00	0.00e+00	0.00e+00	0.00e+00	8.63e-30	1.54e-25	7.48e-22	1.60e-18	1.50e-15	8.66e-13	2.37e-10	3.89e-08	6.45e-06	1.82e-03	7.18e-02	9.26e-01
 3.37138e+22	0.00e+00	0.00e+00	0.00e+00	0.00e+00	0.00e+00	0.00e+00	0.00e+00	1.88e-29	3.10e-25	1.40e-21	2.80e-18	2.43e-15	1.31e-12	3.33e-10	5.12e-08	7.91e-06	2.08e-03	7.66e-02	9.21e-01
 3.41738e+22	0.00e+00	0.00e+00	0.00e+00	0.00e+00	0.00e+00	0.00e+00	0.00e+00	3.52e-29	5.49e-25	2.34e-21	4.40e-18	3.61e-15	1.83e-12	4.41e-10	6.40e-08	9.34e-06	2.32e-03	8.07e-02	9.17e-01
 3.45749e+22	0.00e+00	0.00e+00	0.00e+00	0.00e+00	0.00e+00	0.00e+00	0.00e+00	6.47e-29	9.52e-25	3.83e-21	6.81e-18	5.28e-15	2.53e-12	5.76e-10	7.92e-08	1.09e-05	2.57e-03	8.48e-02	9.13e-01
 3.50291e+22	0.00e+00	0.00e+00	0.00e+00	0.00e+00	0.00e+00	0.00e+00	0.00e+00	1.41e-28	1.92e-24	7.18e-21	1.19e-17	8.57e-15	3.83e-12	8.12e-10	1.04e-07	1.34e-05	2.94e-03	9.04e-02	9.07e-01
 3.54890e+22	0.00e+00	0.00e+00	0.00e+00	0.00e+00	0.00e+00	0.00e+00	0.00e+00	2.63e-28	3.38e-24	1.19e-20	1.86e-17	1.27e-14	5.34e-12	1.07e-09	1.30e-07	1.58e-05	3.27e-03	9.51e-02	9.02e-01
 3.58914e+22	0.00e+00	0.00e+00	0.00e+00	0.00e+00	0.00e+00	0.00e+00	6.35e-32	4.85e-28	5.89e-24	1.96e-20	2.88e-17	1.86e-14	7.40e-12	1.40e-09	1.61e-07	1.85e-05	3.64e-03	1.00e-01	8.96e-01
 3.62569e+22	0.00e+00	0.00e+00	0.00e+00	0.00e+00	0.00e+00	0.00e+00	1.14e-31	8.28e-28	9.55e-24	3.02e-20	4.23e-17	2.59e-14	9.84e-12	1.77e-09	1.94e-07	2.13e-05	3.98e-03	1.04e-01	8.92e-01
 3.65862e+22	0.00e+00	0.00e+00	0.00e+00	0.00e+00	0.00e+00	0.00e+00	1.97e-31	1.37e-27	1.51e-23	4.54e-20	6.07e-17	3.55e-14	1.28e-11	2.21e-09	2.31e-07	2.43e-05	4.34e-03	1.09e-01	8.87e-01
 3.69607e+22	0.00e+00	0.00e+00	0.00e+00	0.00e+00	0.00e+00	0.00e+00	3.78e-31	2.50e-27	2.59e-23	7.38e-20	9.32e-17	5.15e-14	1.76e-11	2.88e-09	2.85e-07	2.84e-05	4.81e-03	1.14e-01	8.81e-01
 3.73525e+22	0.00e+00	0.00e+00	0.00e+00	0.00e+00	0.00e+00	0.00e+00	6.99e-31	4.39e-27	4.32e-23	1.16e-19	1.40e-16	7.33e-14	2.38e-11	3.69e-09	3.47e-07	3.29e-05	5.29e-03	1.19e-01	8.76e-01
 3.76975e+22	0.00e+00	0.00e+00	0.00e+00	0.00e+00	0.00e+00	0.00e+00	1.23e-30	7.37e-27	6.89e-23	1.77e-19	2.02e-16	1.01e-13	3.13e-11	4.63e-09	4.16e-07	3.76e-05	5.77e-03	1.24e-01	8.70e-01
 3.80765e+22	0.00e+00	0.00e+00	0.00e+00	0.00e+00	0.00e+00	0.00e+00	2.40e-30	1.36e-26	1.20e-22	2.91e-19	3.13e-16	1.48e-13	4.33e-11	6.05e-09	5.14e-07	4.40e-05	6.40e-03	1.30e-01	8.63e-01
 3.84742e+22	0.00e+00	0.00e+00	0.00e+00	0.00e+00	0.00e+00	0.00e+00	4.48e-30	2.42e-26	2.02e-22	4.64e-19	4.73e-16	2.12e-13	5.88e-11	7.79e-09	6.29e-07	5.11e-05	7.05e-03	1.36e-01	8.57e-01
 3.88202e+22	0.00e+00	0.00e+00	0.00e+00	0.00e+00	0.00e+00	0.00e+00	7.84e-30	4.05e-26	3.21e-22	7.03e-19	6.83e-16	2.92e-13	7.71e-11	9.75e-09	7.52e-07	5.84e-05	7.68e-03	1.42e-01	8.51e-01
 3.91938e+22	0.00e+00	0.00e+00	0.00e+00	0.00e+00	0.00e+00	0.00e+00	1.51e-29	7.42e-26	5.55e-22	1.14e-18	1.05e-15	4.24e-13	1.06e-10	1.27e-08	9.26e-07	6.81e-05	8.49e-03	1.48e-01	8.43e-01
 3.95570e+22	0.00e+00	0.00e+00	0.00e+00	0.00e+00	0.00e+00	0.00e+00	2.61e-29	1.22e-25	8.72e-22	1.72e-18	1.50e-15	5.79e-13	1.38e-10	1.58e-08	1.10e-06	7.75e-05	9.23e-03	1.54e-01	8.37e-01
 3.98434e+22	0.00e+00	0.00e+00	0.00e+00	0.00e+00	0.00e+00	0.00e+00	4.14e-29	1.87e-25	1.28e-21	2.42e-18	2.03e-15	7.53e-13	1.73e-10	1.90e-08	1.28e-06	8.63e-05	9.90e-03	1.59e-01	8.31e-01
 4.01527e+22	0.00e+00	0.00e+00	0.00e+00	0.00e+00	0.00e+00	0.00e+00	7.08e-29	3.06e-25	2.00e-21	3.60e-18	2.89e-15	1.02e-12	2.24e-10	2.35e-08	1.51e-06	9.78e-05	1.07e-02	1.65e-01	8.24e-01
 4.04897e+22	0.00e+00	0.00e+00	0.00e+00	0.00e+00	0.00e+00	1.82e-32	1.20e-28	4.96e-25	3.09e-21	5.31e-18	4.08e-15	1.38e-12	2.88e-10	2.90e-08	1.78e-06	1.11e-04	1.16e-02	1.71e-01	8.17e-01
 4.08067e+22	0.00e+00	0.00e+00	0.00e+00	0.00e+00	0.00e+00	3.17e-32	2.00e-28	7.94e-25	4.73e-21	7.77e-18	5.71e-15	1.85e-12	3.69e-10	3.56e-08	2.10e-06	1.25e-04	1.26e-02	1.77e-01	8.11e-01
 4.11082e+22	0.00e+00	0.00e+00	0.00e+00	0.00e+00	0.00e+00	5.40e-32	3.27e-28	1.25e-24	7.11e-21	1.12e-17	7.88e-15	2.44e-12	4.69e-10	4.33e-08	2.45e-06	1.40e-04	1.35e-02	1.83e-01	8.04e-01
 4.14009e+22	0.00e+00	0.00e+00	0.00e+00	0.00e+00	0.00e+00	9.04e-32	5.27e-28	1.94e-24	1.06e-20	1.60e-17	1.08e-14	3.20e-12	5.90e-10	5.23e-08	2.85e-06	1.56e-04	1.45e-02	1.88e-01	7.97e-01
 4.17368e+22	0.00e+00	0.00e+00	0.00e+00	0.00e+00	0.00e+00	1.69e-31	9.41e-28	3.30e-24	1.71e-20	2.45e-17	1.57e-14	4.45e-12	7.79e-10	6.58e-08	3.42e-06	1.79e-04	1.58e-02	1.96e-01	7.88e-01
 4.20889e+22	0.00e+00	0.00e+00	0.00e+00	0.00e+00	0.00e+00	3.07e-31	1.63e-27	5.47e-24	2.70e-20	3.69e-17	2.26e-14	6.09e-12	1.02e-09	8.20e-08	4.07e-06	2.03e-04	1.72e-02	2.03e-01	7.80e-01
 4.23913e+22	0.00e+00	0.00e+00	0.00e+00	0.00e+00	0.00e+00	5.18e-31	2.65e-27	8.55e-24	4.04e-20	5.29e-17	3.10e-14	8.03e-12	1.29e-09	9.95e-08	4.74e-06	2.27e-04	1.85e-02	2.09e-01	7.72e-01
 4.26535e+22	0.00e+00	0.00e+00	0.00e+00	0.00e+00	0.00e+00	8.17e-31	4.04e-27	1.26e-23	5.73e-20	7.23e-17	4.09e-14	1.02e-11	1.58e-09	1.18e-07	5.41e-06	2.50e-04	1.96e-02	2.15e-01	7.65e-01
 4.29344e+22	0.00e+00	0.00e+00	0.00e+00	0.00e+00	0.00e+00	1.37e-30	6.52e-27	1.95e-23	8.52e-20	1.03e-16	5.58e-14	1.34e-11	1.98e-09	1.42e-07	6.27e-06	2.79e-04	2.10e-02	2.21e-01	7.57e-01
 4.32382e+22	0.00e+00	0.00e+00	0.00e+00	0.00e+00	0.00e+00	8.95e-31	4.10e-27	1.18e-23	1.26e-19	1.46e-16	7.60e-14	1.75e-11	2.49e-09	1.71e-07	7.27e-06	3.11e-04	2.26e-02	2.28e-01	7.49e-01
 4.35173e+22	0.00e+00	0.00e+00	0.00e+00	0.00e+00	0.00e+00	3.68e-30	1.63e-26	4.53e-23	1.82e-19	2.03e-16	1.02e-13	2.25e-11	3.08e-09	2.04e-07	8.35e-06	3.44e-04	2.40e-02	2.34e-01	7.42e-01
 4.38254e+22	0.00e+00	0.00e+00	0.00e+00	0.00e+00	0.00e+00	2.57e-30	1.09e-26	2.90e-23	2.84e-19	3.01e-16	1.44e-13	3.04e-11	3.97e-09	2.51e-07	9.85e-06	3.88e-04	2.60e-02	2.42e-01	7.32e-01
 4.41369e+22	0.00e+00	0.00e+00	0.00e+00	0.00e+00	0.00e+00	4.31e-30	1.76e-26	4.50e-23	4.21e-19	4.29e-16	1.97e-13	3.99e-11	5.00e-09	3.04e-07	1.14e-05	4.33e-04	2.78e-02	2.49e-01	7.23e-01
 4.43961e+22	0.00e+00	0.00e+00	0.00e+00	0.00e+00	0.00e+00	6.76e-30	2.66e-26	6.59e-23	5.94e-19	5.84e-16	2.58e-13	5.04e-11	6.10e-09	3.58e-07	1.30e-05	4.76e-04	2.95e-02	2.55e-01	7.15e-01
 4.46759e+22	0.00e+00	0.00e+00	0.00e+00	0.00e+00	0.00e+00	1.14e-29	4.32e-26	1.03e-22	8.87e-19	8.35e-16	3.53e-13	6.62e-11	7.67e-09	4.32e-07	1.51e-05	5.31e-04	3.16e-02	2.62e-01	7.06e-01
 4.49770e+22	0.00e+00	0.00e+00	0.00e+00	0.00e+00	0.00e+00	1.90e-29	6.93e-26	1.59e-22	1.31e-18	1.19e-15	4.81e-13	8.66e-11	9.63e-09	5.21e-07	1.75e-05	5.90e-04	3.38e-02	2.69e-01	6.97e-01
 4.52519e+22	0.00e+00	0.00e+00	0.00e+00	0.00e+00	0.00e+00	3.03e-29	1.07e-25	2.36e-22	1.88e-18	1.63e-15	6.38e-13	1.11e-10	1.18e-08	6.18e-07	2.00e-05	6.51e-04	3.59e-02	2.75e-01	6.88e-01
 4.55010e+22	0.00e+00	0.00e+00	0.00e+00	0.00e+00	0.00e+00	4.65e-29	1.58e-25	3.39e-22	2.60e-18	2.18e-15	8.25e-13	1.38e-10	1.43e-08	7.21e-07	2.25e-05	7.11e-04	3.79e-02	2.81e-01	6.80e-01
 4.57346e+22	0.00e+00	0.00e+00	0.00e+00	0.00e+00	1.20e-32	6.95e-29	2.30e-25	4.77e-22	3.55e-18	2.88e-15	1.05e-12	1.70e-10	1.71e-08	8.34e-07	2.53e-05	7.72e-04	4.00e-02	2.87e-01	6.72e-01
 4.60024e+22	0.00e+00	0.00e+00	0.00e+00	0.00e+00	2.01e-32	1.13e-28	3.60e-25	7.21e-22	5.14e-18	4.01e-15	1.41e-12	2.19e-10	2.11e-08	9.92e-07	2.90e-05	8.52e-04	4.25e-02	2.94e-01	6.63e-01
 4.62885e+22	0.00e+00	0.00e+00	0.00e+00	0.00e+00	3.38e-32	1.83e-28	5.62e-25	1.08e-21	7.43e-18	5.57e-15	1.88e-12	2.82e-10	2.61e-08	1.18e-06	3.32e-05	9.41e-04	4.52e-02	3.01e-01	6.53e-01
 4.65433e+22	0.00e+00	0.00e+00	0.00e+00	0.00e+00	5.41e-32	2.83e-28	8.41e-25	1.57e-21	1.04e-17	7.50e-15	2.45e-12	3.54e-10	3.17e-08	1.38e-06	3.76e-05	1.03e-03	4.77e-02	3.07e-01	6.44e-01
 4.68196e+22	0.00e+00	0.00e+00	0.00e+00	0.00e+00	9.41e-32	4.73e-28	1.36e-24	2.43e-21	1.54e-17	1.07e-14	3.33e-12	4.63e-10	3.97e-08	1.66e-06	4.34e-05	1.14e-03	5.09e-02	3.15e-01	6.33e-01
 4.71006e+22	0.00e+00	0.00e+00	0.00e+00	0.00e+00	1.55e-31	7.51e-28	2.08e-24	3.59e-21	2.19e-17	1.46e-14	4.40e-12	5.89e-10	4.87e-08	1.97e-06	4.95e-05	1.25e-03	5.40e-02	3.21e-01	6.23e-01
 4.73377e+22	0.00e+00	0.00e+00	0.00e+00	0.00e+00	2.39e-31	1.13e-27	3.02e-24	5.07e-21	2.99e-17	1.93e-14	5.62e-12	7.27e-10	5.82e-08	2.28e-06	5.55e-05	1.36e-03	5.67e-02	3.27e-01	6.15e-01
 4.75962e+22	0.00e+00	0.00e+00	0.00e+00	0.00e+00	3.99e-31	1.81e-27	4.69e-24	7.60e-21	4.31e-17	2.67e-14	7.48e-12	9.31e-10	7.16e-08	2.70e-06	6.33e-05	1.50e-03	6.01e-02	3.34e-01	6.04e-01
 4.78739e+22	0.00e+00	0.00e+00	0.00e+00	0.00e+00	6.62e-31	2.90e-27	7.25e-24	1.13e-20	6.18e-17	3.68e-14	9.92e-12	1.19e-09	8.81e-08	3.19e-06	7.23e-05	1.65e-03	6.37e-02	3.41e-01	5.94e-01
 4.81258e+22	0.00e+00	0.00e+00	0.00e+00	0.00e+00	1.04e-30	4.43e-27	1.07e-23	1.62e-20	8.52e-17	4.91e-14	1.28e-11	1.48e-09	1.06e-07	3.71e-06	8.12e-05	1.79e-03	6.70e-02	3.47e-01	5.84e-01
 4.83592e+22	0.00e+00	0.00e+00	0.00e+00	0.00e+00	7.74e-31	3.19e-27	7.46e-24	2.27e-20	1.16e-16	6.46e-14	1.63e-11	1.82e-09	1.26e-07	4.29e-06	9.09e-05	1.94e-03	7.04e-02	3.53e-01	5.75e-01
 4.85846e+22	0.00e+00	0.00e+00	0.00e+00	0.00e+00	2.43e-30	9.72e-27	2.21e-23	3.15e-20	1.56e-16	8.40e-14	2.05e-11	2.23e-09	1.49e-07	4.92e-06	1.01e-04	2.09e-03	7.37e-02	3.58e-01	5.66e-01
 4.88431e+22	0.00e+00	0.00e+00	0.00e+00	0.00e+00	1.93e-30	7.47e-27	1.64e-23	4.68e-20	2.22e-16	1.15e-13	2.71e-11	2.83e-09	1.83e-07	5.80e-06	1.15e-04	2.30e-03	7.78e-02	3.64e-01	5.55e-01
 4.91174e+22	0.00e+00	0.00e+00	0.00e+00	0.00e+00	3.21e-30	1.20e-26	2.53e-23	6.96e-20	3.18e-16	1.59e-13	3.59e-11	3.62e-09	2.25e-07	6.87e-06	1.31e-04	2.52e-03	8.23e-02	3.71e-01	5.44e-01
 4.93576e+22	0.00e+00	0.00e+00	0.00e+00	0.00e+00	4.92e-30	1.78e-26	3.65e-23	9.73e-20	4.31e-16	2.08e-13	4.55e-11	4.44e-09	2.67e-07	7.90e-06	1.46e-04	2.72e-03	8.62e-02	3.76e-01	5.35e-01
 4.96152e+22	0.00e+00	0.00e+00	0.00e+00	0.00e+00	8.33e-30	2.90e-26	5.74e-23	1.47e-19	6.25e-16	2.90e-13	6.10e-11	5.71e-09	3.31e-07	9.39e-06	1.67e-04	2.99e-03	9.12e-02	3.83e-01	5.23e-01
 4.98802e+22	0.00e+00	0.00e+00	0.00e+00	0.00e+00	1.31e-29	4.42e-26	8.48e-23	2.10e-19	8.63e-16	3.87e-13	7.86e-11	7.11e-09	3.97e-07	1.09e-05	1.87e-04	3.25e-03	9.57e-02	3.88e-01	5.13e-01
 5.01111e+22	0.00e+00	0.00e+00	0.00e+00	0.00e+00	2.01e-29	6.57e-26	1.22e-22	2.93e-19	1.17e-15	5.07e-13	9.96e-11	8.72e-09	4.72e-07	1.26e-05	2.09e-04	3.51e-03	1.00e-01	3.93e-01	5.03e-01
 5.03679e+22	0.00e+00	0.00e+00	0.00e+00	0.00e+00	3.38e-29	1.06e-25	1.90e-22	4.41e-19	1.68e-15	7.02e-13	1.33e-10	1.12e-08	5.82e-07	1.49e-05	2.38e-04	3.85e-03	1.06e-01	3.99e-01	4.91e-01
 5.06348e+22	0.00e+00	0.00e+00	0.00e+00	6.90e-33	5.34e-29	1.63e-25	2.82e-22	6.30e-19	2.33e-15	9.38e-13	1.71e-10	1.39e-08	7.00e-07	1.73e-05	2.67e-04	4.17e-03	1.11e-01	4.04e-01	4.80e-01
 5.08748e+22	0.00e+00	0.00e+00	0.00e+00	1.11e-32	8.34e-29	2.46e-25	4.12e-22	8.93e-19	3.19e-15	1.24e-12	2.19e-10	1.72e-08	8.37e-07	2.00e-05	2.99e-04	4.52e-03	1.16e-01	4.09e-01	4.70e-01
 5.11469e+22	0.00e+00	0.00e+00	0.00e+00	2.05e-32	1.47e-28	4.16e-25	6.70e-22	1.39e-18	4.75e-15	1.78e-12	3.00e-10	2.26e-08	1.05e-06	2.41e-05	3.45e-04	4.99e-03	1.23e-01	4.15e-01	4.57e-01
 5.14227e+22	0.00e+00	0.00e+00	0.00e+00	3.36e-32	2.33e-28	6.39e-25	9.94e-22	1.99e-18	6.58e-15	2.37e-12	3.87e-10	2.82e-08	1.27e-06	2.80e-05	3.87e-04	5.41e-03	1.29e-01	4.20e-01	4.46e-01
 5.16563e+22	0.00e+00	0.00e+00	0.00e+00	5.33e-32	3.59e-28	9.52e-25	1.43e-21	2.78e-18	8.91e-15	3.11e-12	4.91e-10	3.46e-08	1.51e-06	3.22e-05	4.31e-04	5.83e-03	1.34e-01	4.24e-01	4.36e-01
 5.18795e+22	0.00e+00	0.00e+00	0.00e+00	8.24e-32	5.39e-28	1.39e-24	2.03e-21	3.82e-18	1.19e-14	4.02e-12	6.15e-10	4.20e-08	1.77e-06	3.67e-05	4.77e-04	6.25e-03	1.40e-01	4.28e-01	4.26e-01
 5.21361e+22	0.00e+00	0.00e+00	0.00e+00	1.45e-31	9.11e-28	2.26e-24	3.17e-21	5.73e-18	1.71e-14	5.58e-12	8.22e-10	5.39e-08	2.19e-06	4.36e-05	5.43e-04	6.84e-03	1.47e-01	4.32e-01	4.14e-01
 5.24012e+22	0.00e+00	0.00e+00	0.00e+00	2.36e-31	1.43e-27	3.43e-24	4.67e-21	8.15e-18	2.36e-14	7.42e-12	1.06e-09	6.70e-08	2.62e-06	5.05e-05	6.08e-04	7.40e-03	1.53e-01	4.36e-01	4.03e-01
 5.26400e+22	0.00e+00	0.00e+00	0.00e+00	3.85e-31	2.27e-27	5.24e-24	6.88e-21	1.16e-17	3.25e-14	9.88e-12	1.36e-09	8.32e-08	3.15e-06	5.85e-05	6.80e-04	7.99e-03	1.60e-01	4.39e-01	3.92e-01
 5.28760e+22	0.00e+00	0.00e+00	0.00e+00	6.20e-31	3.53e-27	7.89e-24	1.00e-20	1.63e-17	4.42e-14	1.30e-11	1.74e-09	1.03e-07	3.77e-06	6.76e-05	7.59e-04	8.62e-03	1.67e-01	4.42e-01	3.81e-01
 5.31028e+22	0.00e+00	0.00e+00	0.00e+00	9.68e-31	5.34e-27	1.16e-23	1.42e-20	2.25e-17	5.91e-14	1.69e-11	2.18e-09	1.25e-07	4.44e-06	7.73e-05	8.40e-04	9.24e-03	1.73e-01	4.45e-01	3.72e-01
 5.33548e+22	0.00e+00	0.00e+00	0.00e+00	1.71e-30	9.05e-27	1.88e-23	2.23e-20	3.37e-17	8.54e-14	2.35e-11	2.91e-09	1.61e-07	5.49e-06	9.17e-05	9.57e-04	1.01e-02	1.82e-01	4.48e-01	3.59e-01
 5.36105e+22	0.00e+00	0.00e+00	0.00e+00	2.72e-30	1.40e-26	2.81e-23	3.22e-20	4.70e-17	1.16e-13	3.08e-11	3.70e-09	1.98e-07	6.53e-06	1.05e-04	1.06e-03	1.08e-02	1.89e-01	4.50e-01	3.49e-01
 5.38709e+22	0.00e+00	0.00e+00	0.00e+00	4.92e-30	2.42e-26	4.66e-23	5.10e-20	7.13e-17	1.69e-13	4.33e-11	5.00e-09	2.57e-07	8.14e-06	1.26e-04	1.22e-03	1.19e-02	1.98e-01	4.52e-01	3.36e-01
 5.41330e+22	0.00e+00	0.00e+00	0.00e+00	7.98e-30	3.79e-26	7.07e-23	7.47e-20	1.01e-16	2.31e-13	5.74e-11	6.41e-09	3.18e-07	9.73e-06	1.46e-04	1.36e-03	1.28e-02	2.06e-01	4.54e-01	3.25e-01
 5.43622e+22	0.00e+00	0.00e+00	0.00e+00	1.29e-29	5.91e-26	1.06e-22	1.08e-19	1.41e-16	3.14e-13	7.55e-11	8.17e-09	3.92e-07	1.16e-05	1.68e-04	1.51e-03	1.37e-02	2.14e-01	4.55e-01	3.15e-01
 5.45822e+22	0.00e+00	0.00e+00	2.89e-33	2.00e-29	8.90e-26	1.55e-22	1.53e-19	1.92e-16	4.17e-13	9.74e-11	1.02e-08	4.76e-07	1.37e-05	1.92e-04	1.67e-03	1.47e-02	2.22e-01	4.56e-01	3.05e-01
 5.48256e+22	0.00e+00	0.00e+00	5.14e-33	3.44e-29	1.47e-25	2.45e-22	2.33e-19	2.81e-16	5.90e-13	1.33e-10	1.35e-08	6.03e-07	1.67e-05	2.25e-04	1.88e-03	1.59e-02	2.31e-01	4.57e-01	2.94e-01
 5.50761e+22	0.00e+00	0.00e+00	8.66e-33	5.59e-29	2.30e-25	3.71e-22	3.38e-19	3.94e-16	8.03e-13	1.76e-10	1.72e-08	7.47e-07	2.00e-05	2.61e-04	2.10e-03	1.71e-02	2.40e-01	4.57e-01	2.84e-01
 5.52943e+22	0.00e+00	0.00e+00	1.39e-32	8.72e-29	3.47e-25	5.41e-22	4.78e-19	5.37e-16	1.07e-12	2.27e-10	2.16e-08	9.07e-07	2.36e-05	2.97e-04	2.31e-03	1.83e-02	2.48e-01	4.57e-01	2.74e-01
 5.55364e+22	0.00e+00	0.00e+00	2.53e-32	1.52e-28	5.81e-25	8.67e-22	7.34e-19	7.90e-16	1.52e-12	3.11e-10	2.86e-08	1.16e-06	2.90e-05	3.51e-04	2.62e-03	1.98e-02	2.58e-01	4.56e-01	2.63e-01
 5.57863e+22	0.00e+00	0.00e+00	4.27e-32	2.48e-28	9.13e-25	1.31e-21	1.07e-18	1.11e-15	2.07e-12	4.12e-10	3.66e-08	1.43e-06	3.47e-05	4.06e-04	2.91e-03	2.13e-02	2.67e-01	4.55e-01	2.53e-01
 5.59986e+22	0.00e+00	0.00e+00	6.84e-32	3.85e-28	1.37e-24	1.90e-21	1.50e-18	1.49e-15	2.73e-12	5.29e-10	4.57e-08	1.74e-06	4.09e-05	4.62e-04	3.21e-03	2.26e-02	2.75e-01	4.54e-01	2.44e-01
 5.61965e+22	0.00e+00	0.00e+00	1.05e-31	5.76e-28	1.99e-24	2.68e-21	2.04e-18	1.98e-15	3.52e-12	6.66e-10	5.60e-08	2.07e-06	4.74e-05	5.20e-04	3.51e-03	2.40e-02	2.83e-01	4.53e-01	2.36e-01
 5.64234e+22	0.00e+00	0.00e+00	1.86e-31	9.78e-28	3.24e-24	4.18e-21	3.06e-18	2.83e-15	4.91e-12	8.99e-10	7.31e-08	2.61e-06	5.76e-05	6.09e-04	3.93e-03	2.58e-02	2.93e-01	4.51e-01	2.26e-01
 5.66573e+22	0.00e+00	0.00e+00	3.07e-31	1.56e-27	4.97e-24	6.18e-21	4.35e-18	3.89e-15	6.56e-12	1.17e-09	9.24e-08	3.19e-06	6.84e-05	6.99e-04	4.35e-03	2.76e-02	3.02e-01	4.48e-01	2.17e-01
 5.68640e+22	0.00e+00	0.00e+00	4.94e-31	2.42e-27	7.48e-24	8.97e-21	6.09e-18	5.24e-15	8.65e-12	1.50e-09	1.15e-07	3.87e-06	8.05e-05	7.96e-04	4.79e-03	2.93e-02	3.11e-01	4.46e-01	2.08e-01
 5.70968e+22	0.00e+00	0.00e+00	8.90e-31	4.20e-27	1.24e-23	1.42e-20	9.23e-18	7.59e-15	1.22e-11	2.05e-09	1.52e-07	4.92e-06	9.84e-05	9.35e-04	5.39e-03	3.16e-02	3.22e-01	4.42e-01	1.98e-01
 5.73284e+22	0.00e+00	0.00e+00	1.44e-30	6.58e-27	1.87e-23	2.07e-20	1.30e-17	1.03e-14	1.61e-11	2.64e-09	1.91e-07	5.98e-06	1.16e-04	1.07e-03	5.93e-03	3.36e-02	3.31e-01	4.39e-01	1.90e-01
 5.75248e+22	0.00e+00	0.00e+00	2.28e-30	1.01e-26	2.77e-23	2.96e-20	1.79e-17	1.37e-14	2.10e-11	3.35e-09	2.36e-07	7.18e-06	1.36e-04	1.21e-03	6.49e-03	3.55e-02	3.39e-01	4.35e-01	1.82e-01
 5.77463e+22	0.00e+00	0.00e+00	3.99e-30	1.69e-26	4.47e-23	4.57e-20	2.64e-17	1.94e-14	2.90e-11	4.50e-09	3.06e-07	9.00e-06	1.64e-04	1.41e-03	7.25e-03	3.81e-02	3.49e-01	4.31e-01	1.73e-01
 5.79739e+22	0.00e+00	0.00e+00	6.54e-30	2.68e-26	6.81e-23	6.70e-20	3.73e-17	2.62e-14	3.84e-11	5.82e-09	3.85e-07	1.10e-05	1.94e-04	1.61e-03	7.99e-03	4.04e-02	3.58e-01	4.26e-01	1.66e-01
 5.81725e+22	0.00e+00	0.00e+00	1.03e-29	4.09e-26	1.00e-22	9.54e-20	5.12e-17	3.48e-14	4.99e-11	7.37e-09	4.75e-07	1.32e-05	2.26e-04	1.82e-03	8.72e-03	4.27e-02	3.66e-01	4.22e-01	1.59e-01
 5.83940e+22	0.00e+00	0.00e+00	1.82e-29	6.95e-26	1.63e-22	1.48e-19	7.61e-17	4.94e-14	6.92e-11	9.92e-09	6.19e-07	1.66e-05	2.75e-04	2.12e-03	9.74e-03	4.57e-02	3.76e-01	4.16e-01	1.50e-01
 5.86219e+22	0.00e+00	0.00e+00	3.01e-29	1.10e-25	2.50e-22	2.18e-19	1.07e-16	6.69e-14	9.18e-11	1.29e-08	7.79e-07	2.02e-05	3.25e-04	2.42e-03	1.07e-02	4.84e-02	3.85e-01	4.10e-01	1.43e-01
 5.88173e+22	0.00e+00	0.00e+00	4.70e-29	1.67e-25	3.65e-22	3.08e-19	1.46e-16	8.80e-14	1.19e-10	1.62e-08	9.57e-07	2.41e-05	3.78e-04	2.73e-03	1.17e-02	5.10e-02	3.93e-01	4.05e-01	1.36e-01
 5.90303e+22	0.00e+00	0.00e+00	8.15e-29	2.79e-25	5.83e-22	4.71e-19	2.14e-16	1.23e-13	1.62e-10	2.15e-08	1.23e-06	3.01e-05	4.54e-04	3.16e-03	1.30e-02	5.42e-02	4.02e-01	3.98e-01	1.29e-01
 5.92515e+22	0.00e+00	0.00e+00	1.33e-28	4.38e-25	8.82e-22	6.84e-19	2.99e-16	1.65e-13	2.13e-10	2.77e-08	1.54e-06	3.65e-05	5.35e-04	3.59e-03	1.42e-02	5.73e-02	4.10e-01	3.92e-01	1.22e-01
 5.94456e+22	0.00e+00	0.00e+00	2.08e-28	6.63e-25	1.29e-21	9.67e-19	4.07e-16	2.17e-13	2.75e-10	3.49e-08	1.90e-06	4.36e-05	6.21e-04	4.04e-03	1.54e-02	6.02e-02	4.18e-01	3.86e-01	1.17e-01
 5.96605e+22	0.00e+00	0.00e+00	3.63e-28	1.11e-24	2.07e-21	1.48e-18	5.96e-16	3.03e-13	3.77e-10	4.66e-08	2.45e-06	5.44e-05	7.48e-04	4.68e-03	1.71e-02	6.39e-02	4.26e-01	3.78e-01	1.10e-01
 5.98804e+22	0.00e+00	0.00e+00	5.92e-28	1.75e-24	3.13e-21	2.15e-18	8.30e-16	4.05e-13	4.95e-10	5.98e-08	3.07e-06	6.60e-05	8.80e-04	5.32e-03	1.87e-02	6.73e-02	4.34e-01	3.70e-01	1.04e-01
 6.00726e+22	0.00e+00	0.00e+00	9.25e-28	2.65e-24	4.58e-21	3.03e-18	1.13e-15	5.30e-13	6.37e-10	7.53e-08	3.76e-06	7.86e-05	1.02e-03	5.97e-03	2.03e-02	7.05e-02	4.40e-01	3.64e-01	9.84e-02
 6.02879e+22	0.00e+00	1.32e-33	1.62e-27	4.45e-24	7.35e-21	4.65e-18	1.65e-15	7.40e-13	8.72e-10	1.00e-07	4.86e-06	9.80e-05	1.23e-03	6.89e-03	2.24e-02	7.47e-02	4.48e-01	3.55e-01	9.21e-02
 6.05072e+22	0.00e+00	2.19e-33	2.62e-27	6.94e-24	1.10e-20	6.71e-18	2.29e-15	9.84e-13	1.14e-09	1.28e-07	6.05e-06	1.18e-04	1.44e-03	7.80e-03	2.44e-02	7.84e-02	4.54e-01	3.47e-01	8.68e-02
 6.06989e+22	0.00e+00	3.57e-33	4.16e-27	1.06e-23	1.63e-20	9.52e-18	3.12e-15	1.29e-12	1.47e-09	1.62e-07	7.47e-06	1.42e-04	1.67e-03	8.78e-03	2.65e-02	8.20e-02	4.60e-01	3.39e-01	8.20e-02
 6.09154e+22	0.00e+00	6.46e-33	7.28e-27	1.79e-23	2.61e-20	1.46e-17	4.55e-15	1.80e-12	2.01e-09	2.16e-07	9.63e-06	1.76e-04	2.01e-03	1.01e-02	2.92e-02	8.65e-02	4.66e-01	3.29e-01	7.64e-02
 6.11414e+22	0.00e+00	1.12e-32	1.23e-26	2.89e-23	4.05e-20	2.16e-17	6.45e-15	2.43e-12	2.68e-09	2.82e-07	1.22e-05	2.16e-04	2.38e-03	1.16e-02	3.20e-02	9.08e-02	4.71e-01	3.20e-01	7.14e-02
 6.13423e+22	0.00e+00	1.84e-32	1.96e-26	4.46e-23	6.01e-20	3.09e-17	8.83e-15	3.19e-12	3.48e-09	3.57e-07	1.51e-05	2.59e-04	2.77e-03	1.30e-02	3.47e-02	9.48e-02	4.76e-01	3.12e-01	6.71e-02
 6.15656e+22	0.00e+00	3.40e-32	3.50e-26	7.62e-23	9.81e-20	4.79e-17	1.30e-14	4.48e-12	4.80e-09	4.80e-07	1.96e-05	3.24e-04	3.34e-03	1.50e-02	3.82e-02	9.97e-02	4.80e-01	3.01e-01	6.20e-02
 6.17849e+22	0.00e+00	5.52e-32	5.53e-26	1.16e-22	1.44e-19	6.77e-17	1.77e-14	5.85e-12	6.17e-09	6.05e-07	2.41e-05	3.87e-04	3.86e-03	1.68e-02	4.12e-02	1.04e-01	4.83e-01	2.93e-01	5.82e-02
 6.19681e+22	0.00e+00	8.74e-32	8.54e-26	1.74e-22	2.07e-19	9.39e-17	2.36e-14	7.51e-12	7.83e-09	7.53e-07	2.93e-05	4.57e-04	4.44e-03	1.86e-02	4.42e-02	1.07e-01	4.86e-01	2.84e-01	5.47e-02
 6.21757e+22	0.00e+00	1.61e-31	1.52e-25	2.96e-22	3.36e-19	1.44e-16	3.45e-14	1.04e-11	1.07e-08	1.01e-06	3.79e-05	5.71e-04	5.34e-03	2.15e-02	4.86e-02	1.13e-01	4.88e-01	2.73e-01	5.02e-02
 6.23663e+22	0.00e+00	2.41e-31	2.23e-25	4.20e-22	4.62e-19	1.92e-16	4.41e-14	1.29e-11	1.32e-08	1.22e-06	4.49e-05	6.60e-04	6.02e-03	2.35e-02	5.16e-02	1.16e-01	4.89e-01	2.66e-01	4.75e-02
 6.25350e+22	0.00e+00	3.85e-31	3.48e-25	6.32e-22	6.70e-19	2.67e-16	5.91e-14	1.66e-11	1.68e-08	1.52e-06	5.48e-05	7.81e-04	6.92e-03	2.62e-02	5.53e-02	1.20e-01	4.90e-01	2.57e-01	4.43e-02
 6.27123e+22	0.00e+00	5.86e-31	5.16e-25	9.10e-22	9.32e-19	3.59e-16	7.67e-14	2.07e-11	2.08e-08	1.85e-06	6.53e-05	9.07e-04	7.83e-03	2.87e-02	5.88e-02	1.23e-01	4.90e-01	2.49e-01	4.17e-02
 6.28627e+22	0.00e+00	8.47e-31	7.32e-25	1.25e-21	1.25e-18	4.65e-16	9.60e-14	2.51e-11	2.50e-08	2.21e-06	7.63e-05	1.03e-03	8.74e-03	3.12e-02	6.20e-02	1.26e-01	4.89e-01	2.42e-01	3.94e-02
 6.29963e+22	0.00e+00	1.21e-30	1.03e-24	1.71e-21	1.65e-18	5.97e-16	1.19e-13	3.02e-11	3.00e-08	2.61e-06	8.86e-05	1.18e-03	9.71e-03	3.38e-02	6.52e-02	1.29e-01	4.88e-01	2.35e-01	3.73e-02
 6.31261e+22	0.00e+00	1.66e-30	1.38e-24	2.25e-21	2.11e-18	7.44e-16	1.45e-13	3.56e-11	3.52e-08	3.02e-06	1.01e-04	1.31e-03	1.06e-02	3.62e-02	6.81e-02	1.32e-01	4.87e-01	2.29e-01	3.55e-02
 6.32747e+22	0.00e+00	2.53e-30	2.07e-24	3.25e-21	2.95e-18	1.00e-15	1.87e-13	4.44e-11	4.36e-08	3.69e-06	1.21e-04	1.53e-03	1.20e-02	3.96e-02	7.22e-02	1.35e-01	4.85e-01	2.21e-01	3.32e-02
 6.34215e+22	0.00e+00	3.60e-30	2.88e-24	4.41e-21	3.88e-18	1.27e-15	2.31e-13	5.31e-11	5.20e-08	4.34e-06	1.39e-04	1.73e-03	1.33e-02	4.28e-02	7.58e-02	1.38e-01	4.83e-01	2.14e-01	3.13e-02
 6.35425e+22	0.00e+00	4.96e-30	3.90e-24	5.83e-21	4.98e-18	1.59e-15	2.80e-13	6.24e-11	6.10e-08	5.04e-06	1.59e-04	1.93e-03	1.46e-02	4.58e-02	7.91e-02	1.40e-01	4.81e-01	2.08e-01	2.97e-02
 6.36764e+22	0.00e+00	7.31e-30	5.63e-24	8.15e-21	6.74e-18	2.08e-15	3.53e-13	7.60e-11	7.40e-08	6.03e-06	1.87e-04	2.21e-03	1.63e-02	4.97e-02	8.32e-02	1.43e-01	4.77e-01	2.01e-01	2.78e-02
 6.38154e+22	0.00e+00	1.03e-29	7.77e-24	1.09e-20	8.79e-18	2.63e-15	4.32e-13	9.01e-11	8.76e-08	7.06e-06	2.15e-04	2.49e-03	1.80e-02	5.34e-02	8.69e-02	1.45e-01	4.74e-01	1.94e-01	2.62e-02
 6.39406e+22	0.00e+00	1.43e-29	1.06e-23	1.46e-20	1.14e-17	3.30e-15	5.26e-13	1.06e-10	1.03e-07	8.23e-06	2.46e-04	2.79e-03	1.97e-02	5.72e-02	9.06e-02	1.47e-01	4.70e-01	1.88e-01	2.47e-02
 6.40585e+22	0.00e+00	1.95e-29	1.43e-23	1.91e-20	1.45e-17	4.09e-15	6.32e-13	1.24e-10	1.20e-07	9.49e-06	2.80e-04	3.11e-03	2.15e-02	6.09e-02	9.41e-02	1.49e-01	4.66e-01	1.82e-01	2.33e-02
 6.41698e+22	0.00e+00	2.61e-29	1.88e-23	2.46e-20	1.82e-17	4.99e-15	7.50e-13	1.43e-10	1.39e-07	1.08e-05	3.15e-04	3.43e-03	2.33e-02	6.46e-02	9.74e-02	1.51e-01	4.62e-01	1.76e-01	2.21e-02
 6.42967e+22	0.00e+00	3.80e-29	2.69e-23	3.40e-20	2.43e-17	6.44e-15	9.34e-13	1.72e-10	1.67e-07	1.29e-05	3.67e-04	3.90e-03	2.59e-02	6.96e-02	1.02e-01	1.53e-01	4.56e-01	1.69e-01	2.06e-02
 6.44262e+22	0.00e+00	5.17e-29	3.60e-23	4.43e-20	3.09e-17	7.95e-15	1.12e-12	2.00e-10	1.94e-07	1.48e-05	4.16e-04	4.33e-03	2.82e-02	7.40e-02	1.05e-01	1.54e-01	4.51e-01	1.63e-01	1.94e-02
 6.45591e+22	0.00e+00	7.80e-29	5.32e-23	6.32e-20	4.23e-17	1.05e-14	1.42e-12	2.44e-10	2.36e-07	1.78e-05	4.91e-04	4.98e-03	3.15e-02	8.01e-02	1.10e-01	1.56e-01	4.43e-01	1.55e-01	1.79e-02
 6.46897e+22	0.00e+00	1.06e-28	7.08e-23	8.21e-20	5.35e-17	1.29e-14	1.69e-12	2.82e-10	2.74e-07	2.05e-05	5.54e-04	5.50e-03	3.42e-02	8.49e-02	1.14e-01	1.57e-01	4.37e-01	1.49e-01	1.68e-02
 6.48172e+22	0.00e+00	1.58e-28	1.04e-22	1.16e-19	7.30e-17	1.69e-14	2.12e-12	3.40e-10	3.32e-07	2.45e-05	6.51e-04	6.30e-03	3.81e-02	9.17e-02	1.19e-01	1.59e-01	4.29e-01	1.42e-01	1.55e-02
 6.49438e+22	0.00e+00	2.14e-28	1.38e-22	1.51e-19	9.19e-17	2.06e-14	2.51e-12	3.91e-10	3.83e-07	2.81e-05	7.34e-04	6.96e-03	4.12e-02	9.69e-02	1.23e-01	1.59e-01	4.22e-01	1.36e-01	1.45e-02
 6.50498e+22	0.00e+00	2.87e-28	1.83e-22	1.94e-19	1.15e-16	2.50e-14	2.96e-12	4.47e-10	4.39e-07	3.20e-05	8.23e-04	7.65e-03	4.45e-02	1.02e-01	1.26e-01	1.60e-01	4.15e-01	1.31e-01	1.36e-02
 6.51518e+22	0.00e+00	3.77e-28	2.37e-22	2.45e-19	1.42e-16	3.00e-14	3.45e-12	5.07e-10	5.00e-07	3.61e-05	9.16e-04	8.36e-03	4.77e-02	1.07e-01	1.29e-01	1.60e-01	4.08e-01	1.26e-01	1.28e-02
 6.52682e+22	0.00e+00	5.44e-28	3.36e-22	3.36e-19	1.87e-16	3.82e-14	4.22e-12	5.97e-10	5.93e-07	4.24e-05	1.06e-03	9.42e-03	5.24e-02	1.14e-01	1.34e-01	1.60e-01	3.98e-01	1.19e-01	1.18e-02
 6.53852e+22	0.00e+00	7.40e-28	4.50e-22	4.37e-19	2.36e-16	4.67e-14	4.99e-12	6.83e-10	6.83e-07	4.85e-05	1.19e-03	1.04e-02	5.66e-02	1.21e-01	1.37e-01	1.60e-01	3.89e-01	1.13e-01	1.10e-02
 6.54860e+22	0.00e+00	9.77e-28	5.86e-22	5.55e-19	2.91e-16	5.60e-14	5.81e-12	7.73e-10	7.77e-07	5.47e-05	1.33e-03	1.13e-02	6.07e-02	1.26e-01	1.40e-01	1.60e-01	3.81e-01	1.09e-01	1.02e-02
 6.55996e+22	0.00e+00	1.43e-27	8.40e-22	7.66e-19	3.87e-16	7.15e-14	7.11e-12	9.08e-10	9.22e-07	6.44e-05	1.53e-03	1.28e-02	6.66e-02	1.35e-01	1.45e-01	1.59e-01	3.69e-01	1.02e-01	9.33e-03
 6.57143e+22	0.00e+00	1.90e-27	1.10e-21	9.79e-19	4.81e-16	8.61e-14	8.30e-12	1.03e-09	1.05e-06	7.29e-05	1.71e-03	1.40e-02	7.14e-02	1.41e-01	1.47e-01	1.59e-01	3.60e-01	9.71e-02	8.68e-03
 6.58304e+22	0.00e+00	2.80e-27	1.60e-21	1.36e-18	6.43e-16	1.10e-13	1.02e-11	1.21e-09	1.25e-06	8.60e-05	1.98e-03	1.57e-02	7.83e-02	1.50e-01	1.51e-01	1.57e-01	3.48e-01	9.06e-02	7.84e-03
 6.59456e+22	0.00e+00	3.73e-27	2.09e-21	1.74e-18	7.95e-16	1.32e-13	1.18e-11	1.36e-09	1.42e-06	9.69e-05	2.19e-03	1.71e-02	8.36e-02	1.56e-01	1.54e-01	1.56e-01	3.38e-01	8.60e-02	7.27e-03
 6.60599e+22	0.00e+00	5.51e-27	3.03e-21	2.42e-18	1.06e-15	1.69e-13	1.45e-11	1.59e-09	1.68e-06	1.14e-04	2.53e-03	1.92e-02	9.14e-02	1.65e-01	1.57e-01	1.54e-01	3.24e-01	7.97e-02	6.52e-03
 6.61739e+22	6.91e-34	7.33e-27	3.97e-21	3.08e-18	1.31e-15	2.03e-13	1.68e-11	1.79e-09	1.91e-06	1.28e-04	2.81e-03	2.09e-02	9.74e-02	1.72e-01	1.60e-01	1.52e-01	3.14e-01	7.54e-02	6.02e-03
 6.62877e+22	1.05e-33	1.09e-26	5.79e-21	4.31e-18	1.76e-15	2.60e-13	2.05e-11	2.09e-09	2.26e-06	1.51e-04	3.24e-03	2.34e-02	1.06e-01	1.81e-01	1.62e-01	1.49e-01	3.00e-01	6.94e-02	5.36e-03
 6.64016e+22	1.42e-33	1.45e-26	7.63e-21	5.51e-18	2.18e-15	3.12e-13	2.38e-11	2.35e-09	2.55e-06	1.70e-04	3.59e-03	2.54e-02	1.13e-01	1.88e-01	1.64e-01	1.47e-01	2.89e-01	6.53e-02	4.91e-03
 6.65158e+22	2.16e-33	2.18e-26	1.12e-20	7.74e-18	2.93e-15	4.00e-13	2.90e-11	2.73e-09	3.02e-06	1.99e-04	4.13e-03	2.84e-02	1.23e-01	1.97e-01	1.66e-01	1.43e-01	2.74e-01	5.97e-02	4.34e-03
 6.66280e+22	2.91e-33	2.88e-26	1.46e-20	9.81e-18	3.60e-15	4.76e-13	3.34e-11	3.05e-09	3.39e-06	2.23e-04	4.54e-03	3.07e-02	1.30e-01	2.04e-01	1.67e-01	1.41e-01	2.63e-01	5.60e-02	3.97e-03
 6.67375e+22	4.32e-33	4.21e-26	2.09e-20	1.35e-17	4.75e-15	6.01e-13	4.02e-11	3.51e-09	3.96e-06	2.58e-04	5.17e-03	3.40e-02	1.40e-01	2.12e-01	1.68e-01	1.37e-01	2.49e-01	5.12e-02	3.51e-03
 6.68466e+22	5.85e-33	5.61e-26	2.75e-20	1.72e-17	5.85e-15	7.17e-13	4.63e-11	3.91e-09	4.44e-06	2.88e-04	5.68e-03	3.66e-02	1.48e-01	2.19e-01	1.69e-01	1.34e-01	2.38e-01	4.77e-02	3.19e-03
 6.69549e+22	8.70e-33	8.19e-26	3.95e-20	2.36e-17	7.71e-15	9.03e-13	5.56e-11	4.49e-09	5.16e-06	3.32e-04	6.43e-03	4.03e-02	1.58e-01	2.27e-01	1.69e-01	1.29e-01	2.24e-01	4.33e-02	2.80e-03
 6.70649e+22	1.19e-32	1.10e-25	5.25e-20	3.04e-17	9.58e-15	1.08e-12	6.43e-11	5.01e-09	5.80e-06	3.71e-04	7.08e-03	4.34e-02	1.67e-01	2.33e-01	1.69e-01	1.25e-01	2.13e-01	4.01e-02	2.52e-03
 6.71768e+22	1.80e-32	1.64e-25	7.62e-20	4.22e-17	1.27e-14	1.37e-12	7.76e-11	5.77e-09	6.74e-06	4.29e-04	8.00e-03	4.77e-02	1.78e-01	2.40e-01	1.68e-01	1.20e-01	1.99e-01	3.60e-02	2.19e-03
 6.72904e+22	2.49e-32	2.23e-25	1.02e-19	5.48e-17	1.59e-14	1.66e-12	9.01e-11	6.45e-09	7.58e-06	4.79e-04	8.80e-03	5.13e-02	1.87e-01	2.46e-01	1.67e-01	1.16e-01	1.88e-01	3.31e-02	1.95e-03
 6.74062e+22	3.82e-32	3.35e-25	1.51e-19	7.70e-17	2.14e-14	2.12e-12	1.09e-10	7.45e-09	8.81e-06	5.53e-04	9.94e-03	5.63e-02	1.99e-01	2.53e-01	1.65e-01	1.11e-01	1.74e-01	2.94e-02	1.67e-03
 6.75224e+22	5.29e-32	4.58e-25	2.03e-19	1.00e-16	2.68e-14	2.56e-12	1.27e-10	8.34e-09	9.87e-06	6.15e-04	1.09e-02	6.03e-02	2.09e-01	2.58e-01	1.64e-01	1.07e-01	1.63e-01	2.69e-02	1.48e-03
 6.76230e+22	7.32e-32	6.23e-25	2.72e-19	1.29e-16	3.34e-14	3.08e-12	1.47e-10	9.30e-09	1.10e-05	6.83e-04	1.19e-02	6.44e-02	2.18e-01	2.62e-01	1.62e-01	1.03e-01	1.53e-01	2.45e-02	1.31e-03
 6.77376e+22	1.12e-31	9.34e-25	3.99e-19	1.81e-16	4.47e-14	3.93e-12	1.78e-10	1.07e-08	1.27e-05	7.81e-04	1.33e-02	7.01e-02	2.30e-01	2.67e-01	1.59e-01	9.70e-02	1.41e-01	2.16e-02	1.11e-03
 6.78516e+22	1.52e-31	1.25e-24	5.27e-19	2.32e-16	5.54e-14	4.70e-12	2.06e-10	1.19e-08	1.41e-05	8.60e-04	1.44e-02	7.43e-02	2.38e-01	2.70e-01	1.56e-01	9.30e-02	1.32e-01	1.97e-02	9.89e-04
 6.79650e+22	2.31e-31	1.86e-24	7.67e-19	3.22e-16	7.36e-14	5.97e-12	2.48e-10	1.38e-08	1.61e-05	9.75e-04	1.60e-02	8.02e-02	2.50e-01	2.74e-01	1.53e-01	8.77e-02	1.21e-01	1.74e-02	8.39e-04
 6.80783e+22	3.12e-31	2.48e-24	1.01e-18	4.09e-16	9.06e-14	7.11e-12	2.86e-10	1.53e-08	1.77e-05	1.07e-03	1.72e-02	8.47e-02	2.58e-01	2.76e-01	1.50e-01	8.39e-02	1.13e-01	1.58e-02	7.43e-04
 6.81917e+22	4.67e-31	3.64e-24	1.45e-18	5.65e-16	1.20e-13	8.99e-12	3.44e-10	1.76e-08	2.01e-05	1.20e-03	1.90e-02	9.08e-02	2.69e-01	2.78e-01	1.46e-01	7.88e-02	1.03e-01	1.39e-02	6.30e-04
 6.83073e+22	6.39e-31	4.90e-24	1.92e-18	7.23e-16	1.49e-13	1.08e-11	3.99e-10	1.97e-08	2.22e-05	1.31e-03	2.04e-02	9.57e-02	2.77e-01	2.79e-01	1.42e-01	7.50e-02	9.62e-02	1.26e-02	5.54e-04
 6.84259e+22	9.58e-31	7.20e-24	2.76e-18	9.98e-16	1.96e-13	1.37e-11	4.82e-10	2.27e-08	2.51e-05	1.47e-03	2.24e-02	1.02e-01	2.87e-01	2.80e-01	1.38e-01	7.03e-02	8.75e-02	1.10e-02	4.67e-04
 6.85481e+22	1.33e-30	9.85e-24	3.71e-18	1.30e-15	2.47e-13	1.66e-11	5.63e-10	2.56e-08	2.78e-05	1.62e-03	2.41e-02	1.08e-01	2.95e-01	2.80e-01	1.34e-01	6.65e-02	8.09e-02	9.87e-03	4.06e-04
 6.86739e+22	2.02e-30	1.46e-23	5.39e-18	1.80e-15	3.29e-13	2.12e-11	6.86e-10	2.98e-08	3.15e-05	1.81e-03	2.64e-02	1.14e-01	3.05e-01	2.79e-01	1.29e-01	6.19e-02	7.31e-02	8.58e-03	3.39e-04
 6.88025e+22	2.82e-30	2.00e-23	7.26e-18	2.35e-15	4.15e-13	2.58e-11	8.05e-10	3.37e-08	3.49e-05	1.98e-03	2.83e-02	1.20e-01	3.12e-01	2.79e-01	1.25e-01	5.84e-02	6.73e-02	7.65e-03	2.93e-04
 6.89161e+22	3.87e-30	2.70e-23	9.63e-18	3.02e-15	5.16e-13	3.11e-11	9.37e-10	3.79e-08	3.84e-05	2.16e-03	3.03e-02	1.26e-01	3.19e-01	2.77e-01	1.21e-01	5.51e-02	6.22e-02	6.86e-03	2.55e-04
 6.90438e+22	5.80e-30	3.96e-23	1.38e-17	4.15e-15	6.84e-13	3.95e-11	1.14e-09	4.41e-08	4.33e-05	2.40e-03	3.29e-02	1.33e-01	3.27e-01	2.75e-01	1.16e-01	5.12e-02	5.61e-02	5.95e-03	2.13e-04
 6.91734e+22	7.94e-30	5.32e-23	1.82e-17	5.32e-15	8.50e-13	4.76e-11	1.33e-09	4.96e-08	4.76e-05	2.60e-03	3.50e-02	1.38e-01	3.33e-01	2.73e-01	1.12e-01	4.82e-02	5.17e-02	5.32e-03	1.85e-04
 6.93054e+22	1.19e-29	7.81e-23	2.61e-17	7.32e-15	1.13e-12	6.06e-11	1.62e-09	5.79e-08	5.37e-05	2.89e-03	3.79e-02	1.46e-01	3.41e-01	2.70e-01	1.07e-01	4.46e-02	4.64e-02	4.59e-03	1.53e-04
 6.94373e+22	1.61e-29	1.03e-22	3.40e-17	9.27e-15	1.39e-12	7.25e-11	1.87e-09	6.50e-08	5.87e-05	3.12e-03	4.02e-02	1.51e-01	3.46e-01	2.67e-01	1.03e-01	4.20e-02	4.28e-02	4.12e-03	1.34e-04
 6.95690e+22	2.38e-29	1.50e-22	4.82e-17	1.27e-14	1.83e-12	9.19e-11	2.27e-09	7.57e-08	6.60e-05	3.45e-03	4.33e-02	1.59e-01	3.52e-01	2.63e-01	9.83e-02	3.88e-02	3.84e-02	3.55e-03	1.11e-04
 6.97029e+22	3.21e-29	1.99e-22	6.26e-17	1.60e-14	2.25e-12	1.10e-10	2.63e-09	8.50e-08	7.22e-05	3.72e-03	4.58e-02	1.64e-01	3.56e-01	2.60e-01	9.46e-02	3.65e-02	3.54e-02	3.18e-03	9.67e-05
 6.98395e+22	4.75e-29	2.87e-22	8.84e-17	2.18e-14	2.95e-12	1.39e-10	3.20e-09	9.92e-08	8.12e-05	4.10e-03	4.92e-02	1.72e-01	3.61e-01	2.55e-01	8.98e-02	3.37e-02	3.17e-02	2.74e-03	8.01e-05
 6.99794e+22	6.47e-29	3.83e-22	1.16e-16	2.77e-14	3.66e-12	1.68e-10	3.73e-09	1.12e-07	8.91e-05	4.43e-03	5.20e-02	1.78e-01	3.65e-01	2.51e-01	8.61e-02	3.15e-02	2.91e-02	2.44e-03	6.91e-05
 7.01234e+22	9.65e-29	5.58e-22	1.64e-16	3.79e-14	4.83e-12	2.13e-10	4.56e-09	1.31e-07	1.00e-04	4.89e-03	5.59e-02	1.86e-01	3.70e-01	2.45e-01	8.14e-02	2.89e-02	2.59e-02	2.08e-03	5.68e-05
 7.02621e+22	1.27e-28	7.20e-22	2.08e-16	4.69e-14	5.84e-12	2.52e-10	5.23e-09	1.47e-07	1.09e-04	5.23e-03	5.86e-02	1.91e-01	3.72e-01	2.42e-01	7.82e-02	2.72e-02	2.39e-02	1.87e-03	4.98e-05
 7.03941e+22	1.81e-28	1.00e-21	2.84e-16	6.20e-14	7.48e-12	3.12e-10	6.26e-09	1.69e-07	1.21e-04	5.70e-03	6.23e-02	1.98e-01	3.75e-01	2.36e-01	7.41e-02	2.51e-02	2.15e-02	1.63e-03	4.17e-05
 7.05291e+22	2.39e-28	1.31e-21	3.62e-16	7.72e-14	9.10e-12	3.70e-10	7.22e-09	1.89e-07	1.32e-04	6.10e-03	6.54e-02	2.04e-01	3.77e-01	2.32e-01	7.10e-02	2.36e-02	1.98e-02	1.45e-03	3.62e-05
 7.06680e+22	3.46e-28	1.84e-21	4.98e-16	1.03e-13	1.18e-11	4.63e-10	8.69e-09	2.20e-07	1.48e-04	6.66e-03	6.95e-02	2.11e-01	3.79e-01	2.26e-01	6.70e-02	2.17e-02	1.77e-02	1.25e-03	3.00e-05
 7.08082e+22	4.55e-28	2.38e-21	6.32e-16	1.28e-13	1.42e-11	5.47e-10	1.00e-08	2.46e-07	1.61e-04	7.12e-03	7.28e-02	2.16e-01	3.81e-01	2.21e-01	6.41e-02	2.03e-02	1.62e-02	1.12e-03	2.61e-05
 7.09501e+22	6.55e-28	3.34e-21	8.67e-16	1.70e-13	1.84e-11	6.84e-10	1.20e-08	2.86e-07	1.80e-04	7.77e-03	7.73e-02	2.24e-01	3.82e-01	2.15e-01	6.03e-02	1.86e-02	1.45e-02	9.60e-04	2.16e-05
 7.10942e+22	8.64e-28	4.33e-21	1.10e-15	2.11e-13	2.23e-11	8.10e-10	1.39e-08	3.20e-07	1.96e-04	8.30e-03	8.09e-02	2.29e-01	3.83e-01	2.10e-01	5.75e-02	1.74e-02	1.33e-02	8.56e-04	1.87e-05
 7.12413e+22	1.25e-27	6.10e-21	1.51e-15	2.80e-13	2.89e-11	1.02e-09	1.68e-08	3.73e-07	2.19e-04	9.05e-03	8.57e-02	2.37e-01	3.83e-01	2.03e-01	5.39e-02	1.59e-02	1.18e-02	7.32e-04	1.54e-05
 7.13850e+22	1.61e-27	7.73e-21	1.88e-15	3.42e-13	3.45e-11	1.19e-09	1.91e-08	4.15e-07	2.37e-04	9.62e-03	8.93e-02	2.42e-01	3.83e-01	1.98e-01	5.15e-02	1.49e-02	1.09e-02	6.57e-04	1.35e-05
