#depth	N	N+	N+2	N+3	N+4	N+5	N+6	N+7
 4.62852e+21	3.02e-27	7.51e-21	4.99e-16	3.82e-12	9.91e-09	5.05e-05	1.40e-02	9.86e-01
 1.04975e+22	5.62e-26	8.48e-20	3.49e-15	1.69e-11	2.72e-08	1.12e-04	2.18e-02	9.78e-01
 1.23581e+22	2.69e-25	3.11e-19	9.91e-15	3.73e-11	4.65e-08	1.71e-04	2.74e-02	9.72e-01
 1.32884e+22	6.25e-25	6.26e-19	1.74e-14	5.71e-11	6.17e-08	2.14e-04	3.09e-02	9.69e-01
 1.36761e+22	7.71e-25	7.46e-19	2.00e-14	6.36e-11	6.63e-08	2.26e-04	3.19e-02	9.68e-01
 1.38199e+22	9.37e-25	8.77e-19	2.28e-14	7.01e-11	7.08e-08	2.38e-04	3.27e-02	9.67e-01
 1.39495e+22	1.13e-24	1.02e-18	2.58e-14	7.71e-11	7.54e-08	2.50e-04	3.36e-02	9.66e-01
 1.40952e+22	1.41e-24	1.23e-18	3.00e-14	8.64e-11	8.13e-08	2.65e-04	3.46e-02	9.65e-01
 1.42468e+22	1.74e-24	1.47e-18	3.45e-14	9.61e-11	8.73e-08	2.80e-04	3.57e-02	9.64e-01
 1.43736e+22	2.08e-24	1.70e-18	3.89e-14	1.05e-10	9.27e-08	2.93e-04	3.65e-02	9.63e-01
 1.45062e+22	2.57e-24	2.03e-18	4.49e-14	1.18e-10	9.98e-08	3.10e-04	3.76e-02	9.62e-01
 1.46432e+22	3.10e-24	2.38e-18	5.09e-14	1.29e-10	1.06e-07	3.25e-04	3.86e-02	9.61e-01
 1.47604e+22	3.71e-24	2.76e-18	5.75e-14	1.42e-10	1.13e-07	3.40e-04	3.95e-02	9.60e-01
 1.48693e+22	4.42e-24	3.19e-18	6.47e-14	1.55e-10	1.20e-07	3.56e-04	4.04e-02	9.59e-01
 1.49928e+22	5.49e-24	3.83e-18	7.49e-14	1.73e-10	1.29e-07	3.76e-04	4.16e-02	9.58e-01
 1.51181e+22	6.54e-24	4.44e-18	8.44e-14	1.90e-10	1.37e-07	3.93e-04	4.25e-02	9.57e-01
 1.52456e+22	8.29e-24	5.41e-18	9.91e-14	2.15e-10	1.49e-07	4.17e-04	4.38e-02	9.56e-01
 1.53726e+22	1.01e-23	6.37e-18	1.13e-13	2.37e-10	1.59e-07	4.38e-04	4.50e-02	9.55e-01
 1.54742e+22	1.19e-23	7.33e-18	1.27e-13	2.59e-10	1.69e-07	4.57e-04	4.59e-02	9.54e-01
 1.55816e+22	1.47e-23	8.72e-18	1.46e-13	2.88e-10	1.81e-07	4.81e-04	4.71e-02	9.52e-01
 1.56921e+22	1.74e-23	1.01e-17	1.64e-13	3.15e-10	1.93e-07	5.02e-04	4.81e-02	9.51e-01
 1.58068e+22	2.22e-23	1.24e-17	1.94e-13	3.57e-10	2.09e-07	5.32e-04	4.96e-02	9.50e-01
 1.59192e+22	2.64e-23	1.43e-17	2.18e-13	3.91e-10	2.22e-07	5.55e-04	5.07e-02	9.49e-01
 1.60288e+22	3.40e-23	1.77e-17	2.60e-13	4.46e-10	2.42e-07	5.90e-04	5.22e-02	9.47e-01
 1.61369e+22	4.05e-23	2.05e-17	2.93e-13	4.89e-10	2.58e-07	6.16e-04	5.33e-02	9.46e-01
 1.62428e+22	5.13e-23	2.50e-17	3.44e-13	5.53e-10	2.80e-07	6.51e-04	5.48e-02	9.45e-01
 1.63526e+22	6.32e-23	2.99e-17	3.97e-13	6.17e-10	3.01e-07	6.84e-04	5.62e-02	9.43e-01
 1.64480e+22	7.59e-23	3.48e-17	4.51e-13	6.80e-10	3.21e-07	7.15e-04	5.74e-02	9.42e-01
 1.65526e+22	9.95e-23	4.38e-17	5.43e-13	7.83e-10	3.52e-07	7.61e-04	5.92e-02	9.40e-01
 1.66559e+22	1.20e-22	5.11e-17	6.17e-13	8.63e-10	3.76e-07	7.95e-04	6.05e-02	9.39e-01
 1.67574e+22	1.56e-22	6.42e-17	7.43e-13	9.94e-10	4.13e-07	8.45e-04	6.23e-02	9.37e-01
 1.68571e+22	1.87e-22	7.48e-17	8.41e-13	1.09e-09	4.40e-07	8.82e-04	6.36e-02	9.36e-01
 1.69545e+22	2.47e-22	9.45e-17	1.02e-12	1.26e-09	4.85e-07	9.38e-04	6.56e-02	9.33e-01
 1.70514e+22	2.98e-22	1.11e-16	1.16e-12	1.40e-09	5.18e-07	9.80e-04	6.69e-02	9.32e-01
 1.71475e+22	3.95e-22	1.41e-16	1.41e-12	1.62e-09	5.72e-07	1.04e-03	6.90e-02	9.30e-01
 1.72443e+22	4.84e-22	1.67e-16	1.63e-12	1.81e-09	6.15e-07	1.09e-03	7.06e-02	9.28e-01
 1.73420e+22	6.50e-22	2.15e-16	2.00e-12	2.11e-09	6.82e-07	1.17e-03	7.28e-02	9.26e-01
 1.74407e+22	8.06e-22	2.58e-16	2.32e-12	2.37e-09	7.36e-07	1.23e-03	7.45e-02	9.24e-01
 1.75406e+22	1.08e-21	3.32e-16	2.86e-12	2.78e-09	8.18e-07	1.31e-03	7.69e-02	9.22e-01
 1.76395e+22	1.36e-21	4.02e-16	3.34e-12	3.13e-09	8.85e-07	1.38e-03	7.88e-02	9.20e-01
 1.77372e+22	1.83e-21	5.19e-16	4.13e-12	3.67e-09	9.85e-07	1.47e-03	8.13e-02	9.17e-01
 1.78365e+22	2.33e-21	6.37e-16	4.88e-12	4.17e-09	1.07e-06	1.55e-03	8.34e-02	9.15e-01
 1.79379e+22	3.20e-21	8.35e-16	6.10e-12	4.94e-09	1.20e-06	1.66e-03	8.62e-02	9.12e-01
 1.80403e+22	4.10e-21	1.03e-15	7.26e-12	5.65e-09	1.31e-06	1.76e-03	8.84e-02	9.10e-01
 1.81441e+22	5.70e-21	1.37e-15	9.16e-12	6.73e-09	1.48e-06	1.89e-03	9.15e-02	9.07e-01
 1.82485e+22	7.33e-21	1.69e-15	1.09e-11	7.71e-09	1.62e-06	2.00e-03	9.39e-02	9.04e-01
 1.83386e+22	9.40e-21	2.10e-15	1.30e-11	8.81e-09	1.77e-06	2.11e-03	9.64e-02	9.01e-01
 1.84409e+22	1.29e-20	2.75e-15	1.63e-11	1.05e-08	1.98e-06	2.27e-03	9.96e-02	8.98e-01
 1.85431e+22	1.65e-20	3.40e-15	1.94e-11	1.19e-08	2.17e-06	2.39e-03	1.02e-01	8.95e-01
 1.86454e+22	2.26e-20	4.44e-15	2.42e-11	1.41e-08	2.43e-06	2.57e-03	1.06e-01	8.92e-01
 1.87494e+22	2.90e-20	5.49e-15	2.89e-11	1.62e-08	2.66e-06	2.72e-03	1.08e-01	8.89e-01
 1.88556e+22	4.02e-20	7.26e-15	3.64e-11	1.93e-08	2.99e-06	2.92e-03	1.12e-01	8.85e-01
 1.89630e+22	5.09e-20	8.89e-15	4.30e-11	2.19e-08	3.26e-06	3.08e-03	1.15e-01	8.82e-01
 1.90719e+22	7.01e-20	1.17e-14	5.40e-11	2.61e-08	3.67e-06	3.31e-03	1.19e-01	8.78e-01
 1.91835e+22	8.93e-20	1.44e-14	6.41e-11	2.98e-08	4.02e-06	3.50e-03	1.22e-01	8.75e-01
 1.92988e+22	1.23e-19	1.90e-14	8.05e-11	3.55e-08	4.52e-06	3.77e-03	1.26e-01	8.70e-01
 1.94163e+22	1.57e-19	2.34e-14	9.58e-11	4.06e-08	4.96e-06	3.99e-03	1.29e-01	8.67e-01
 1.95367e+22	2.16e-19	3.07e-14	1.20e-10	4.83e-08	5.58e-06	4.30e-03	1.34e-01	8.62e-01
 1.96580e+22	2.75e-19	3.78e-14	1.43e-10	5.51e-08	6.11e-06	4.55e-03	1.37e-01	8.58e-01
 1.97804e+22	3.73e-19	4.91e-14	1.78e-10	6.53e-08	6.86e-06	4.89e-03	1.42e-01	8.53e-01
 1.99059e+22	4.75e-19	6.05e-14	2.11e-10	7.46e-08	7.52e-06	5.18e-03	1.46e-01	8.49e-01
 2.00149e+22	5.93e-19	7.31e-14	2.47e-10	8.43e-08	8.19e-06	5.46e-03	1.49e-01	8.45e-01
 2.01360e+22	7.93e-19	9.38e-14	3.04e-10	9.90e-08	9.15e-06	5.85e-03	1.54e-01	8.40e-01
 2.02575e+22	9.76e-19	1.12e-13	3.53e-10	1.11e-07	9.92e-06	6.15e-03	1.57e-01	8.36e-01
 2.03794e+22	1.29e-18	1.42e-13	4.31e-10	1.30e-07	1.10e-05	6.57e-03	1.62e-01	8.31e-01
 2.05042e+22	1.60e-18	1.71e-13	5.02e-10	1.46e-07	1.20e-05	6.92e-03	1.66e-01	8.27e-01
 2.06148e+22	1.97e-18	2.05e-13	5.84e-10	1.64e-07	1.30e-05	7.29e-03	1.70e-01	8.23e-01
 2.07405e+22	2.59e-18	2.60e-13	7.12e-10	1.92e-07	1.45e-05	7.79e-03	1.75e-01	8.17e-01
 2.08655e+22	3.13e-18	3.06e-13	8.16e-10	2.14e-07	1.56e-05	8.17e-03	1.79e-01	8.13e-01
 2.09895e+22	4.07e-18	3.83e-13	9.85e-10	2.47e-07	1.73e-05	8.71e-03	1.84e-01	8.08e-01
 2.11160e+22	4.93e-18	4.52e-13	1.13e-09	2.76e-07	1.87e-05	9.13e-03	1.88e-01	8.03e-01
 2.12456e+22	6.40e-18	5.66e-13	1.37e-09	3.20e-07	2.07e-05	9.74e-03	1.93e-01	7.97e-01
 2.13777e+22	7.78e-18	6.70e-13	1.57e-09	3.57e-07	2.24e-05	1.02e-02	1.97e-01	7.93e-01
 2.15129e+22	1.01e-17	8.40e-13	1.90e-09	4.15e-07	2.49e-05	1.09e-02	2.03e-01	7.86e-01
 2.16506e+22	1.23e-17	9.95e-13	2.19e-09	4.64e-07	2.69e-05	1.15e-02	2.07e-01	7.81e-01
 2.17914e+22	1.60e-17	1.25e-12	2.65e-09	5.39e-07	3.00e-05	1.23e-02	2.13e-01	7.75e-01
 2.19291e+22	1.90e-17	1.45e-12	3.00e-09	5.94e-07	3.21e-05	1.28e-02	2.17e-01	7.70e-01
 2.20627e+22	2.44e-17	1.79e-12	3.60e-09	6.86e-07	3.55e-05	1.36e-02	2.23e-01	7.63e-01
 2.21982e+22	2.90e-17	2.08e-12	4.08e-09	7.57e-07	3.81e-05	1.42e-02	2.27e-01	7.58e-01
 2.23363e+22	3.68e-17	2.56e-12	4.85e-09	8.68e-07	4.20e-05	1.51e-02	2.33e-01	7.52e-01
 2.24785e+22	4.46e-17	3.02e-12	5.57e-09	9.69e-07	4.54e-05	1.59e-02	2.38e-01	7.46e-01
 2.26263e+22	5.66e-17	3.71e-12	6.62e-09	1.11e-06	5.01e-05	1.69e-02	2.44e-01	7.39e-01
 2.27788e+22	6.92e-17	4.41e-12	7.67e-09	1.25e-06	5.44e-05	1.78e-02	2.49e-01	7.33e-01
 2.29374e+22	8.86e-17	5.46e-12	9.17e-09	1.44e-06	6.02e-05	1.89e-02	2.56e-01	7.25e-01
 2.31001e+22	1.09e-16	6.52e-12	1.06e-08	1.62e-06	6.55e-05	2.00e-02	2.61e-01	7.19e-01
 2.32681e+22	1.39e-16	8.10e-12	1.28e-08	1.87e-06	7.27e-05	2.13e-02	2.68e-01	7.10e-01
 2.34414e+22	1.72e-16	9.73e-12	1.49e-08	2.12e-06	7.94e-05	2.25e-02	2.74e-01	7.03e-01
 2.36215e+22	2.24e-16	1.22e-11	1.80e-08	2.47e-06	8.85e-05	2.40e-02	2.82e-01	6.94e-01
 2.38080e+22	2.80e-16	1.48e-11	2.12e-08	2.81e-06	9.71e-05	2.54e-02	2.88e-01	6.86e-01
 2.39769e+22	3.47e-16	1.78e-11	2.48e-08	3.18e-06	1.06e-04	2.69e-02	2.94e-01	6.79e-01
 2.41709e+22	4.56e-16	2.25e-11	3.02e-08	3.72e-06	1.19e-04	2.88e-02	3.02e-01	6.69e-01
 2.43686e+22	5.71e-16	2.74e-11	3.56e-08	4.24e-06	1.30e-04	3.05e-02	3.09e-01	6.60e-01
 2.45712e+22	7.56e-16	3.49e-11	4.37e-08	4.99e-06	1.47e-04	3.27e-02	3.18e-01	6.49e-01
 2.47766e+22	9.52e-16	4.26e-11	5.17e-08	5.70e-06	1.61e-04	3.47e-02	3.25e-01	6.40e-01
 2.49855e+22	1.27e-15	5.47e-11	6.38e-08	6.75e-06	1.82e-04	3.73e-02	3.34e-01	6.29e-01
 2.51966e+22	1.60e-15	6.68e-11	7.55e-08	7.72e-06	2.00e-04	3.96e-02	3.41e-01	6.19e-01
 2.54105e+22	2.17e-15	8.68e-11	9.42e-08	9.21e-06	2.27e-04	4.27e-02	3.50e-01	6.07e-01
 2.56256e+22	2.73e-15	1.06e-10	1.11e-07	1.05e-05	2.50e-04	4.52e-02	3.58e-01	5.97e-01
 2.58055e+22	3.36e-15	1.27e-10	1.30e-07	1.19e-05	2.73e-04	4.76e-02	3.64e-01	5.88e-01
 2.60027e+22	4.47e-15	1.62e-10	1.60e-07	1.41e-05	3.07e-04	5.11e-02	3.73e-01	5.75e-01
 2.61971e+22	5.47e-15	1.93e-10	1.85e-07	1.58e-05	3.34e-04	5.38e-02	3.80e-01	5.66e-01
 2.63880e+22	7.18e-15	2.45e-10	2.26e-07	1.86e-05	3.75e-04	5.75e-02	3.88e-01	5.54e-01
 2.65821e+22	8.86e-15	2.94e-10	2.64e-07	2.10e-05	4.09e-04	6.06e-02	3.95e-01	5.44e-01
 2.67803e+22	1.18e-14	3.76e-10	3.25e-07	2.49e-05	4.62e-04	6.51e-02	4.04e-01	5.31e-01
 2.69809e+22	1.46e-14	4.53e-10	3.82e-07	2.83e-05	5.06e-04	6.87e-02	4.11e-01	5.20e-01
 2.71846e+22	1.94e-14	5.82e-10	4.72e-07	3.36e-05	5.72e-04	7.37e-02	4.20e-01	5.06e-01
 2.73921e+22	2.44e-14	7.10e-10	5.60e-07	3.86e-05	6.31e-04	7.81e-02	4.27e-01	4.95e-01
 2.76044e+22	3.29e-14	9.21e-10	6.99e-07	4.62e-05	7.19e-04	8.41e-02	4.36e-01	4.79e-01
 2.78204e+22	4.16e-14	1.13e-09	8.34e-07	5.34e-05	7.97e-04	8.92e-02	4.43e-01	4.67e-01
 2.80413e+22	5.65e-14	1.48e-09	1.05e-06	6.45e-05	9.13e-04	9.64e-02	4.52e-01	4.51e-01
 2.82652e+22	7.17e-14	1.82e-09	1.26e-06	7.49e-05	1.02e-03	1.02e-01	4.59e-01	4.38e-01
 2.84545e+22	8.90e-14	2.20e-09	1.48e-06	8.58e-05	1.12e-03	1.08e-01	4.65e-01	4.26e-01
 2.86621e+22	1.17e-13	2.81e-09	1.84e-06	1.02e-04	1.27e-03	1.16e-01	4.73e-01	4.10e-01
 2.88705e+22	1.45e-13	3.39e-09	2.16e-06	1.17e-04	1.40e-03	1.23e-01	4.78e-01	3.98e-01
 2.90744e+22	1.88e-13	4.26e-09	2.64e-06	1.39e-04	1.59e-03	1.31e-01	4.85e-01	3.82e-01
 2.92822e+22	2.32e-13	5.15e-09	3.12e-06	1.60e-04	1.76e-03	1.39e-01	4.90e-01	3.70e-01
 2.94861e+22	2.94e-13	6.37e-09	3.77e-06	1.88e-04	1.98e-03	1.48e-01	4.95e-01	3.55e-01
 2.96943e+22	3.63e-13	7.70e-09	4.46e-06	2.18e-04	2.20e-03	1.56e-01	5.00e-01	3.42e-01
 2.98980e+22	4.52e-13	9.38e-09	5.33e-06	2.54e-04	2.46e-03	1.66e-01	5.04e-01	3.27e-01
 3.01017e+22	5.51e-13	1.12e-08	6.26e-06	2.92e-04	2.73e-03	1.75e-01	5.07e-01	3.15e-01
 3.03071e+22	6.77e-13	1.35e-08	7.43e-06	3.40e-04	3.05e-03	1.86e-01	5.10e-01	3.01e-01
 3.05152e+22	8.19e-13	1.61e-08	8.73e-06	3.92e-04	3.39e-03	1.96e-01	5.13e-01	2.88e-01
 3.07187e+22	9.85e-13	1.91e-08	1.02e-05	4.50e-04	3.76e-03	2.06e-01	5.14e-01	2.75e-01
 3.09224e+22	1.18e-12	2.26e-08	1.19e-05	5.16e-04	4.17e-03	2.17e-01	5.15e-01	2.62e-01
 3.11271e+22	1.40e-12	2.65e-08	1.38e-05	5.92e-04	4.61e-03	2.29e-01	5.16e-01	2.50e-01
 3.13331e+22	1.65e-12	3.10e-08	1.60e-05	6.76e-04	5.10e-03	2.40e-01	5.16e-01	2.38e-01
 3.15410e+22	1.94e-12	3.61e-08	1.85e-05	7.72e-04	5.64e-03	2.52e-01	5.15e-01	2.26e-01
 3.17517e+22	2.27e-12	4.19e-08	2.13e-05	8.80e-04	6.22e-03	2.64e-01	5.14e-01	2.15e-01
 3.19633e+22	2.64e-12	4.85e-08	2.45e-05	1.00e-03	6.86e-03	2.77e-01	5.12e-01	2.04e-01
 3.21784e+22	3.07e-12	5.60e-08	2.82e-05	1.14e-03	7.57e-03	2.90e-01	5.09e-01	1.93e-01
 3.23961e+22	3.60e-12	6.43e-08	3.22e-05	1.29e-03	8.32e-03	3.03e-01	5.05e-01	1.82e-01
 3.26181e+22	4.16e-12	7.40e-08	3.70e-05	1.47e-03	9.19e-03	3.17e-01	5.01e-01	1.72e-01
 3.28243e+22	4.67e-12	8.27e-08	4.12e-05	1.62e-03	9.92e-03	3.27e-01	4.98e-01	1.63e-01
 3.30365e+22	5.38e-12	9.49e-08	4.72e-05	1.85e-03	1.10e-02	3.42e-01	4.92e-01	1.53e-01
 3.32527e+22	6.01e-12	1.06e-07	5.26e-05	2.04e-03	1.18e-02	3.54e-01	4.87e-01	1.45e-01
 3.34742e+22	6.89e-12	1.21e-07	6.03e-05	2.32e-03	1.31e-02	3.69e-01	4.80e-01	1.35e-01
 3.36963e+22	7.68e-12	1.35e-07	6.68e-05	2.55e-03	1.41e-02	3.80e-01	4.75e-01	1.28e-01
 3.39191e+22	8.74e-12	1.53e-07	7.62e-05	2.89e-03	1.55e-02	3.95e-01	4.67e-01	1.20e-01
 3.41435e+22	9.69e-12	1.70e-07	8.42e-05	3.17e-03	1.67e-02	4.07e-01	4.60e-01	1.13e-01
 3.43698e+22	1.10e-11	1.92e-07	9.56e-05	3.57e-03	1.83e-02	4.22e-01	4.52e-01	1.05e-01
 3.45981e+22	1.21e-11	2.12e-07	1.06e-04	3.91e-03	1.96e-02	4.33e-01	4.44e-01	9.91e-02
 3.48290e+22	1.37e-11	2.40e-07	1.20e-04	4.39e-03	2.15e-02	4.48e-01	4.35e-01	9.18e-02
 3.50628e+22	1.51e-11	2.65e-07	1.32e-04	4.80e-03	2.30e-02	4.59e-01	4.27e-01	8.64e-02
 3.53004e+22	1.71e-11	2.99e-07	1.49e-04	5.38e-03	2.51e-02	4.73e-01	4.16e-01	7.97e-02
 3.55420e+22	1.89e-11	3.30e-07	1.65e-04	5.88e-03	2.69e-02	4.85e-01	4.08e-01	7.47e-02
 3.57890e+22	2.14e-11	3.73e-07	1.87e-04	6.59e-03	2.94e-02	4.99e-01	3.96e-01	6.86e-02
 3.60412e+22	2.37e-11	4.13e-07	2.07e-04	7.21e-03	3.15e-02	5.10e-01	3.87e-01	6.40e-02
 3.63004e+22	2.68e-11	4.68e-07	2.35e-04	8.08e-03	3.44e-02	5.24e-01	3.75e-01	5.84e-02
 3.65655e+22	2.99e-11	5.20e-07	2.61e-04	8.84e-03	3.68e-02	5.35e-01	3.65e-01	5.43e-02
 3.67890e+22	3.27e-11	5.70e-07	2.86e-04	9.56e-03	3.91e-02	5.44e-01	3.56e-01	5.08e-02
 3.70304e+22	3.67e-11	6.39e-07	3.22e-04	1.06e-02	4.22e-02	5.56e-01	3.44e-01	4.66e-02
 3.72752e+22	4.03e-11	7.02e-07	3.53e-04	1.14e-02	4.47e-02	5.65e-01	3.35e-01	4.35e-02
 3.74868e+22	4.40e-11	7.66e-07	3.85e-04	1.23e-02	4.73e-02	5.73e-01	3.26e-01	4.07e-02
 3.77242e+22	4.91e-11	8.54e-07	4.31e-04	1.35e-02	5.08e-02	5.83e-01	3.15e-01	3.73e-02
 3.79604e+22	5.39e-11	9.36e-07	4.70e-04	1.45e-02	5.35e-02	5.90e-01	3.07e-01	3.49e-02
 3.81953e+22	6.01e-11	1.04e-06	5.25e-04	1.58e-02	5.72e-02	5.99e-01	2.96e-01	3.20e-02
 3.84337e+22	6.62e-11	1.14e-06	5.74e-04	1.70e-02	6.02e-02	6.05e-01	2.87e-01	2.98e-02
 3.86766e+22	7.41e-11	1.28e-06	6.43e-04	1.86e-02	6.44e-02	6.13e-01	2.76e-01	2.72e-02
 3.89236e+22	8.23e-11	1.41e-06	7.05e-04	2.00e-02	6.77e-02	6.19e-01	2.67e-01	2.53e-02
 3.91760e+22	9.22e-11	1.59e-06	7.93e-04	2.19e-02	7.24e-02	6.26e-01	2.56e-01	2.29e-02
 3.94321e+22	1.03e-10	1.75e-06	8.72e-04	2.35e-02	7.61e-02	6.31e-01	2.47e-01	2.13e-02
 3.96930e+22	1.16e-10	1.98e-06	9.83e-04	2.57e-02	8.13e-02	6.37e-01	2.36e-01	1.92e-02
 3.99607e+22	1.31e-10	2.21e-06	1.09e-03	2.76e-02	8.55e-02	6.41e-01	2.27e-01	1.77e-02
 4.02373e+22	1.49e-10	2.51e-06	1.23e-03	3.04e-02	9.14e-02	6.45e-01	2.16e-01	1.59e-02
 4.05196e+22	1.68e-10	2.81e-06	1.37e-03	3.27e-02	9.62e-02	6.48e-01	2.07e-01	1.45e-02
 4.08094e+22	1.94e-10	3.22e-06	1.56e-03	3.60e-02	1.03e-01	6.51e-01	1.96e-01	1.29e-02
 4.11027e+22	2.21e-10	3.63e-06	1.74e-03	3.87e-02	1.08e-01	6.53e-01	1.87e-01	1.18e-02
 4.14004e+22	2.55e-10	4.17e-06	1.99e-03	4.26e-02	1.15e-01	6.54e-01	1.76e-01	1.05e-02
 4.17009e+22	2.93e-10	4.72e-06	2.22e-03	4.58e-02	1.20e-01	6.54e-01	1.68e-01	9.54e-03
 4.20050e+22	3.40e-10	5.45e-06	2.55e-03	5.03e-02	1.28e-01	6.53e-01	1.57e-01	8.39e-03
 4.23017e+22	3.86e-10	6.11e-06	2.82e-03	5.39e-02	1.34e-01	6.52e-01	1.50e-01	7.67e-03
 4.25888e+22	4.51e-10	7.04e-06	3.20e-03	5.87e-02	1.41e-01	6.49e-01	1.41e-01	6.81e-03
 4.28913e+22	5.14e-10	7.95e-06	3.58e-03	6.32e-02	1.48e-01	6.46e-01	1.33e-01	6.11e-03
 4.31452e+22	5.79e-10	8.85e-06	3.94e-03	6.72e-02	1.54e-01	6.42e-01	1.27e-01	5.59e-03
 4.34068e+22	6.69e-10	1.01e-05	4.41e-03	7.22e-02	1.60e-01	6.38e-01	1.20e-01	5.02e-03
 4.36811e+22	7.59e-10	1.13e-05	4.87e-03	7.70e-02	1.66e-01	6.33e-01	1.14e-01	4.56e-03
 4.39333e+22	8.60e-10	1.26e-05	5.38e-03	8.19e-02	1.73e-01	6.28e-01	1.08e-01	4.14e-03
 4.42222e+22	1.01e-09	1.46e-05	6.08e-03	8.85e-02	1.80e-01	6.20e-01	1.01e-01	3.66e-03
 4.45185e+22	1.16e-09	1.65e-05	6.77e-03	9.45e-02	1.87e-01	6.13e-01	9.51e-02	3.27e-03
 4.47797e+22	1.32e-09	1.85e-05	7.47e-03	1.00e-01	1.93e-01	6.06e-01	8.98e-02	2.95e-03
 4.50749e+22	1.56e-09	2.14e-05	8.46e-03	1.08e-01	2.01e-01	5.96e-01	8.34e-02	2.59e-03
 4.53828e+22	1.81e-09	2.43e-05	9.45e-03	1.16e-01	2.08e-01	5.86e-01	7.79e-02	2.30e-03
 4.56605e+22	2.08e-09	2.75e-05	1.05e-02	1.23e-01	2.15e-01	5.77e-01	7.30e-02	2.06e-03
 4.59746e+22	2.50e-09	3.21e-05	1.19e-02	1.33e-01	2.23e-01	5.63e-01	6.71e-02	1.78e-03
 4.62985e+22	2.91e-09	3.67e-05	1.33e-02	1.42e-01	2.30e-01	5.51e-01	6.22e-02	1.57e-03
 4.65870e+22	3.38e-09	4.17e-05	1.48e-02	1.50e-01	2.36e-01	5.39e-01	5.78e-02	1.39e-03
 4.69137e+22	4.08e-09	4.89e-05	1.68e-02	1.62e-01	2.44e-01	5.23e-01	5.27e-02	1.19e-03
 4.72525e+22	4.80e-09	5.62e-05	1.89e-02	1.72e-01	2.51e-01	5.08e-01	4.83e-02	1.03e-03
 4.75564e+22	5.64e-09	6.43e-05	2.10e-02	1.83e-01	2.57e-01	4.94e-01	4.46e-02	9.01e-04
 4.79010e+22	6.91e-09	7.62e-05	2.40e-02	1.96e-01	2.64e-01	4.75e-01	4.00e-02	7.56e-04
 4.82566e+22	8.21e-09	8.80e-05	2.68e-02	2.08e-01	2.69e-01	4.58e-01	3.64e-02	6.50e-04
 4.85776e+22	9.73e-09	1.01e-04	2.99e-02	2.20e-01	2.74e-01	4.42e-01	3.32e-02	5.60e-04
 4.89462e+22	1.21e-08	1.21e-04	3.43e-02	2.36e-01	2.80e-01	4.20e-01	2.93e-02	4.60e-04
 4.93186e+22	1.44e-08	1.40e-04	3.83e-02	2.50e-01	2.84e-01	4.01e-01	2.63e-02	3.89e-04
 4.96961e+22	1.81e-08	1.68e-04	4.38e-02	2.67e-01	2.88e-01	3.79e-01	2.31e-02	3.17e-04
 5.00780e+22	2.17e-08	1.94e-04	4.87e-02	2.81e-01	2.90e-01	3.60e-01	2.06e-02	2.66e-04
 5.04656e+22	2.73e-08	2.34e-04	5.57e-02	2.98e-01	2.92e-01	3.36e-01	1.78e-02	2.13e-04
 5.08567e+22	3.29e-08	2.71e-04	6.19e-02	3.12e-01	2.92e-01	3.17e-01	1.57e-02	1.77e-04
 5.12524e+22	4.12e-08	3.26e-04	7.05e-02	3.30e-01	2.92e-01	2.93e-01	1.34e-02	1.39e-04
 5.16522e+22	4.98e-08	3.78e-04	7.80e-02	3.44e-01	2.91e-01	2.75e-01	1.18e-02	1.15e-04
 5.20575e+22	6.36e-08	4.56e-04	8.86e-02	3.62e-01	2.88e-01	2.51e-01	9.91e-03	8.91e-05
 5.24680e+22	7.73e-08	5.28e-04	9.77e-02	3.75e-01	2.84e-01	2.33e-01	8.60e-03	7.25e-05
 5.28854e+22	9.94e-08	6.38e-04	1.11e-01	3.92e-01	2.79e-01	2.11e-01	7.13e-03	5.51e-05
 5.32946e+22	1.20e-07	7.33e-04	1.21e-01	4.04e-01	2.74e-01	1.95e-01	6.18e-03	4.49e-05
 5.36929e+22	1.52e-07	8.75e-04	1.35e-01	4.17e-01	2.66e-01	1.75e-01	5.11e-03	3.42e-05
 5.40774e+22	1.80e-07	9.91e-04	1.46e-01	4.26e-01	2.60e-01	1.62e-01	4.46e-03	2.82e-05
 5.44439e+22	2.23e-07	1.16e-03	1.60e-01	4.37e-01	2.52e-01	1.47e-01	3.73e-03	2.19e-05
 5.48128e+22	2.65e-07	1.31e-03	1.72e-01	4.44e-01	2.45e-01	1.35e-01	3.22e-03	1.78e-05
 5.51845e+22	3.29e-07	1.53e-03	1.88e-01	4.52e-01	2.35e-01	1.21e-01	2.66e-03	1.36e-05
 5.55634e+22	3.93e-07	1.74e-03	2.02e-01	4.58e-01	2.27e-01	1.10e-01	2.27e-03	1.09e-05
 5.59516e+22	4.90e-07	2.04e-03	2.20e-01	4.63e-01	2.16e-01	9.71e-02	1.85e-03	8.20e-06
 5.63432e+22	5.86e-07	2.31e-03	2.35e-01	4.66e-01	2.07e-01	8.76e-02	1.56e-03	6.48e-06
 5.66875e+22	6.97e-07	2.61e-03	2.51e-01	4.68e-01	1.98e-01	7.91e-02	1.32e-03	5.13e-06
 5.70831e+22	8.70e-07	3.04e-03	2.71e-01	4.70e-01	1.86e-01	6.91e-02	1.06e-03	3.79e-06
 5.74662e+22	1.02e-06	3.40e-03	2.87e-01	4.69e-01	1.77e-01	6.24e-02	8.95e-04	3.02e-06
 5.77713e+22	1.18e-06	3.76e-03	3.01e-01	4.68e-01	1.69e-01	5.67e-02	7.68e-04	2.45e-06
 5.81062e+22	1.42e-06	4.26e-03	3.19e-01	4.66e-01	1.60e-01	5.03e-02	6.34e-04	1.89e-06
 5.84470e+22	1.65e-06	4.72e-03	3.35e-01	4.63e-01	1.52e-01	4.54e-02	5.38e-04	1.51e-06
 5.87477e+22	1.90e-06	5.20e-03	3.50e-01	4.59e-01	1.44e-01	4.11e-02	4.59e-04	1.22e-06
 5.90909e+22	2.28e-06	5.87e-03	3.69e-01	4.54e-01	1.35e-01	3.61e-02	3.74e-04	9.25e-07
 5.94383e+22	2.65e-06	6.49e-03	3.85e-01	4.49e-01	1.27e-01	3.24e-02	3.15e-04	7.32e-07
 5.97428e+22	3.06e-06	7.14e-03	4.01e-01	4.43e-01	1.20e-01	2.91e-02	2.66e-04	5.83e-07
 6.00905e+22	3.67e-06	8.06e-03	4.21e-01	4.35e-01	1.11e-01	2.53e-02	2.14e-04	4.34e-07
 6.04412e+22	4.23e-06	8.85e-03	4.36e-01	4.28e-01	1.05e-01	2.26e-02	1.80e-04	3.44e-07
 6.07956e+22	5.07e-06	9.95e-03	4.56e-01	4.18e-01	9.64e-02	1.96e-02	1.43e-04	2.55e-07
 6.11557e+22	5.89e-06	1.10e-02	4.73e-01	4.09e-01	8.99e-02	1.73e-02	1.19e-04	1.97e-07
 6.14729e+22	6.79e-06	1.20e-02	4.89e-01	4.00e-01	8.40e-02	1.54e-02	9.87e-05	1.54e-07
 6.18351e+22	8.12e-06	1.35e-02	5.08e-01	3.88e-01	7.69e-02	1.32e-02	7.80e-05	0.00e+00
 6.22052e+22	9.43e-06	1.49e-02	5.24e-01	3.78e-01	7.12e-02	1.16e-02	6.38e-05	0.00e+00
 6.25854e+22	1.13e-05	1.67e-02	5.44e-01	3.65e-01	6.48e-02	9.87e-03	4.98e-05	0.00e+00
 6.29732e+22	1.32e-05	1.84e-02	5.61e-01	3.53e-01	5.94e-02	8.55e-03	4.00e-05	0.00e+00
 6.33113e+22	1.53e-05	2.02e-02	5.76e-01	3.42e-01	5.48e-02	7.48e-03	3.26e-05	0.00e+00
 6.36914e+22	1.83e-05	2.26e-02	5.94e-01	3.28e-01	4.94e-02	6.32e-03	2.52e-05	0.00e+00
 6.40859e+22	2.13e-05	2.49e-02	6.09e-01	3.15e-01	4.51e-02	5.44e-03	2.00e-05	0.00e+00
 6.44989e+22	2.60e-05	2.81e-02	6.28e-01	2.99e-01	4.00e-02	4.49e-03	1.49e-05	0.00e+00
 6.49128e+22	3.01e-05	3.08e-02	6.42e-01	2.87e-01	3.64e-02	3.86e-03	1.19e-05	0.00e+00
 6.53277e+22	3.64e-05	3.47e-02	6.59e-01	2.71e-01	3.22e-02	3.18e-03	8.85e-06	0.00e+00
 6.56935e+22	4.10e-05	3.73e-02	6.68e-01	2.62e-01	2.98e-02	2.82e-03	7.35e-06	0.00e+00
 6.59546e+22	4.54e-05	3.97e-02	6.76e-01	2.53e-01	2.79e-02	2.54e-03	6.26e-06	0.00e+00
 6.62531e+22	5.19e-05	4.31e-02	6.87e-01	2.43e-01	2.55e-02	2.20e-03	5.05e-06	0.00e+00
 6.65636e+22	5.82e-05	4.63e-02	6.95e-01	2.33e-01	2.35e-02	1.94e-03	4.18e-06	0.00e+00
 6.68897e+22	6.76e-05	5.07e-02	7.05e-01	2.22e-01	2.12e-02	1.66e-03	3.28e-06	0.00e+00
 6.72160e+22	7.58e-05	5.43e-02	7.12e-01	2.12e-01	1.95e-02	1.46e-03	2.71e-06	0.00e+00
 6.75426e+22	8.78e-05	5.94e-02	7.21e-01	2.01e-01	1.76e-02	1.24e-03	2.11e-06	0.00e+00
 6.78722e+22	9.85e-05	6.36e-02	7.27e-01	1.92e-01	1.61e-02	1.09e-03	1.74e-06	0.00e+00
 6.82055e+22	1.14e-04	6.94e-02	7.33e-01	1.82e-01	1.45e-02	9.25e-04	1.36e-06	0.00e+00
 6.85490e+22	1.29e-04	7.47e-02	7.39e-01	1.73e-01	1.32e-02	8.01e-04	1.09e-06	0.00e+00
 6.88574e+22	1.45e-04	8.03e-02	7.43e-01	1.64e-01	1.20e-02	6.95e-04	8.81e-07	0.00e+00
 6.92100e+22	1.69e-04	8.81e-02	7.47e-01	1.53e-01	1.07e-02	5.79e-04	6.68e-07	0.00e+00
 6.95670e+22	1.91e-04	9.45e-02	7.50e-01	1.45e-01	9.69e-03	5.00e-04	5.37e-07	0.00e+00
 6.99298e+22	2.22e-04	1.03e-01	7.52e-01	1.35e-01	8.57e-03	4.16e-04	4.06e-07	0.00e+00
 7.03058e+22	2.53e-04	1.12e-01	7.53e-01	1.27e-01	7.68e-03	3.52e-04	3.17e-07	0.00e+00
 7.06989e+22	2.99e-04	1.23e-01	7.53e-01	1.17e-01	6.69e-03	2.86e-04	2.31e-07	0.00e+00
 7.10954e+22	3.41e-04	1.33e-01	7.52e-01	1.09e-01	5.97e-03	2.41e-04	1.79e-07	0.00e+00
 7.14963e+22	4.03e-04	1.46e-01	7.49e-01	9.96e-02	5.17e-03	1.94e-04	1.29e-07	0.00e+00
 7.19036e+22	4.59e-04	1.57e-01	7.45e-01	9.24e-02	4.59e-03	1.62e-04	0.00e+00	0.00e+00
 7.23193e+22	5.44e-04	1.73e-01	7.38e-01	8.37e-02	3.94e-03	1.29e-04	0.00e+00	0.00e+00
 7.27414e+22	6.21e-04	1.87e-01	7.32e-01	7.72e-02	3.47e-03	1.07e-04	0.00e+00	0.00e+00
 7.31719e+22	7.34e-04	2.05e-01	7.22e-01	6.94e-02	2.96e-03	8.40e-05	0.00e+00	0.00e+00
 7.36142e+22	8.45e-04	2.21e-01	7.12e-01	6.32e-02	2.58e-03	6.83e-05	0.00e+00	0.00e+00
 7.40718e+22	1.01e-03	2.45e-01	6.96e-01	5.57e-02	2.16e-03	5.20e-05	0.00e+00	0.00e+00
 7.45296e+22	1.16e-03	2.63e-01	6.84e-01	5.05e-02	1.88e-03	4.23e-05	0.00e+00	0.00e+00
 7.49878e+22	1.38e-03	2.88e-01	6.64e-01	4.41e-02	1.56e-03	3.20e-05	0.00e+00	0.00e+00
 7.54605e+22	1.59e-03	3.10e-01	6.48e-01	3.95e-02	1.34e-03	2.54e-05	0.00e+00	0.00e+00
 7.59520e+22	1.91e-03	3.41e-01	6.22e-01	3.37e-02	1.09e-03	1.86e-05	0.00e+00	0.00e+00
 7.64546e+22	2.20e-03	3.66e-01	6.01e-01	2.97e-02	9.28e-04	1.45e-05	0.00e+00	0.00e+00
 7.69714e+22	2.67e-03	4.02e-01	5.70e-01	2.48e-02	7.39e-04	1.02e-05	0.00e+00	0.00e+00
 7.75043e+22	3.10e-03	4.31e-01	5.44e-01	2.13e-02	6.15e-04	7.73e-06	0.00e+00	0.00e+00
 7.80580e+22	3.78e-03	4.73e-01	5.05e-01	1.72e-02	4.77e-04	5.21e-06	0.00e+00	0.00e+00
 7.86331e+22	4.44e-03	5.08e-01	4.73e-01	1.43e-02	3.85e-04	3.75e-06	0.00e+00	0.00e+00
 7.92360e+22	5.49e-03	5.56e-01	4.27e-01	1.10e-02	2.86e-04	2.37e-06	0.00e+00	0.00e+00
 7.98581e+22	6.52e-03	5.94e-01	3.90e-01	8.79e-03	2.22e-04	1.61e-06	0.00e+00	0.00e+00
 8.03429e+22	7.40e-03	6.22e-01	3.63e-01	7.40e-03	1.84e-04	1.20e-06	0.00e+00	0.00e+00
 8.08110e+22	8.67e-03	6.59e-01	3.26e-01	5.82e-03	1.42e-04	8.05e-07	0.00e+00	0.00e+00
 8.12926e+22	9.96e-03	6.90e-01	2.95e-01	4.69e-03	1.13e-04	5.66e-07	0.00e+00	0.00e+00
 8.17916e+22	1.18e-02	7.28e-01	2.56e-01	3.49e-03	8.32e-05	3.51e-07	0.00e+00	0.00e+00
 8.23006e+22	1.37e-02	7.58e-01	2.26e-01	2.70e-03	6.37e-05	2.33e-07	0.00e+00	0.00e+00
 8.28223e+22	1.65e-02	7.94e-01	1.88e-01	1.89e-03	4.40e-05	1.32e-07	0.00e+00	0.00e+00
 8.33641e+22	1.94e-02	8.22e-01	1.57e-01	1.35e-03	3.12e-05	0.00e+00	0.00e+00	0.00e+00
 8.37948e+22	2.22e-02	8.42e-01	1.34e-01	1.02e-03	2.33e-05	0.00e+00	0.00e+00	0.00e+00
 8.41614e+22	2.52e-02	8.60e-01	1.14e-01	7.70e-04	1.73e-05	0.00e+00	0.00e+00	0.00e+00
 8.45819e+22	2.96e-02	8.79e-01	9.13e-02	5.28e-04	1.15e-05	0.00e+00	0.00e+00	0.00e+00
 8.50239e+22	3.48e-02	8.93e-01	7.20e-02	3.60e-04	7.57e-06	0.00e+00	0.00e+00	0.00e+00
 8.54115e+22	4.06e-02	9.03e-01	5.66e-02	2.48e-04	4.97e-06	0.00e+00	0.00e+00	0.00e+00
 8.57671e+22	4.73e-02	9.08e-01	4.40e-02	1.72e-04	3.21e-06	0.00e+00	0.00e+00	0.00e+00
 8.61003e+22	5.53e-02	9.11e-01	3.38e-02	1.19e-04	2.03e-06	0.00e+00	0.00e+00	0.00e+00
 8.64097e+22	6.48e-02	9.10e-01	2.56e-02	8.32e-05	1.26e-06	0.00e+00	0.00e+00	0.00e+00
 8.66925e+22	7.60e-02	9.05e-01	1.93e-02	5.90e-05	7.82e-07	0.00e+00	0.00e+00	0.00e+00
 8.69476e+22	8.90e-02	8.96e-01	1.46e-02	4.30e-05	4.86e-07	0.00e+00	0.00e+00	0.00e+00
 8.71797e+22	1.05e-01	8.84e-01	1.10e-02	3.20e-05	3.03e-07	0.00e+00	0.00e+00	0.00e+00
 8.73919e+22	1.23e-01	8.69e-01	8.33e-03	2.43e-05	1.92e-07	0.00e+00	0.00e+00	0.00e+00
 8.75252e+22	1.35e-01	8.58e-01	7.06e-03	2.08e-05	1.46e-07	0.00e+00	0.00e+00	0.00e+00
 8.75749e+22	1.40e-01	8.53e-01	6.61e-03	1.96e-05	1.31e-07	0.00e+00	0.00e+00	0.00e+00
 8.76151e+22	1.45e-01	8.48e-01	6.22e-03	1.86e-05	0.00e+00	0.00e+00	0.00e+00	0.00e+00
 8.76674e+22	1.52e-01	8.42e-01	5.75e-03	1.74e-05	0.00e+00	0.00e+00	0.00e+00	0.00e+00
 8.77297e+22	1.61e-01	8.34e-01	5.23e-03	1.60e-05	0.00e+00	0.00e+00	0.00e+00	0.00e+00
 8.77924e+22	1.70e-01	8.25e-01	4.75e-03	1.48e-05	0.00e+00	0.00e+00	0.00e+00	0.00e+00
 8.78503e+22	1.79e-01	8.17e-01	4.36e-03	1.38e-05	0.00e+00	0.00e+00	0.00e+00	0.00e+00
 8.79094e+22	1.89e-01	8.07e-01	3.96e-03	1.28e-05	0.00e+00	0.00e+00	0.00e+00	0.00e+00
 8.79704e+22	1.99e-01	7.97e-01	3.60e-03	1.18e-05	0.00e+00	0.00e+00	0.00e+00	0.00e+00
 8.80329e+22	2.11e-01	7.85e-01	3.25e-03	1.09e-05	0.00e+00	0.00e+00	0.00e+00	0.00e+00
 8.80970e+22	2.24e-01	7.73e-01	2.92e-03	1.01e-05	0.00e+00	0.00e+00	0.00e+00	0.00e+00
 8.81598e+22	2.38e-01	7.60e-01	2.63e-03	9.35e-06	0.00e+00	0.00e+00	0.00e+00	0.00e+00
 8.82238e+22	2.52e-01	7.46e-01	2.36e-03	8.64e-06	0.00e+00	0.00e+00	0.00e+00	0.00e+00
 8.82913e+22	2.68e-01	7.30e-01	2.10e-03	7.96e-06	0.00e+00	0.00e+00	0.00e+00	0.00e+00
 8.83615e+22	2.85e-01	7.13e-01	1.86e-03	7.32e-06	0.00e+00	0.00e+00	0.00e+00	0.00e+00
 8.84342e+22	3.05e-01	6.94e-01	1.64e-03	6.71e-06	0.00e+00	0.00e+00	0.00e+00	0.00e+00
 8.85087e+22	3.25e-01	6.74e-01	1.44e-03	6.15e-06	0.00e+00	0.00e+00	0.00e+00	0.00e+00
 8.85824e+22	3.46e-01	6.53e-01	1.26e-03	5.65e-06	0.00e+00	0.00e+00	0.00e+00	0.00e+00
 8.86404e+22	3.61e-01	6.38e-01	1.15e-03	5.31e-06	0.00e+00	0.00e+00	0.00e+00	0.00e+00
 8.86800e+22	3.72e-01	6.27e-01	1.07e-03	5.09e-06	0.00e+00	0.00e+00	0.00e+00	0.00e+00
 8.87183e+22	3.83e-01	6.16e-01	9.98e-04	4.87e-06	0.00e+00	0.00e+00	0.00e+00	0.00e+00
 8.87626e+22	3.97e-01	6.02e-01	9.20e-04	4.63e-06	0.00e+00	0.00e+00	0.00e+00	0.00e+00
 8.88107e+22	4.11e-01	5.88e-01	8.43e-04	4.39e-06	0.00e+00	0.00e+00	0.00e+00	0.00e+00
 8.88574e+22	4.24e-01	5.75e-01	7.78e-04	4.18e-06	0.00e+00	0.00e+00	0.00e+00	0.00e+00
 8.89036e+22	4.38e-01	5.61e-01	7.15e-04	3.98e-06	0.00e+00	0.00e+00	0.00e+00	0.00e+00
 8.89514e+22	4.53e-01	5.47e-01	6.56e-04	3.78e-06	0.00e+00	0.00e+00	0.00e+00	0.00e+00
 8.89996e+22	4.67e-01	5.33e-01	6.02e-04	3.60e-06	0.00e+00	0.00e+00	0.00e+00	0.00e+00
 8.90483e+22	4.82e-01	5.18e-01	5.51e-04	3.42e-06	0.00e+00	0.00e+00	0.00e+00	0.00e+00
 8.90971e+22	4.95e-01	5.04e-01	5.06e-04	3.25e-06	0.00e+00	0.00e+00	0.00e+00	0.00e+00
 8.91475e+22	5.10e-01	4.90e-01	4.62e-04	3.09e-06	0.00e+00	0.00e+00	0.00e+00	0.00e+00
 8.92000e+22	5.25e-01	4.75e-01	4.20e-04	2.93e-06	0.00e+00	0.00e+00	0.00e+00	0.00e+00
 8.92526e+22	5.40e-01	4.60e-01	3.83e-04	2.79e-06	0.00e+00	0.00e+00	0.00e+00	0.00e+00
 8.93056e+22	5.54e-01	4.46e-01	3.49e-04	2.65e-06	0.00e+00	0.00e+00	0.00e+00	0.00e+00
 8.93607e+22	5.69e-01	4.31e-01	3.17e-04	2.51e-06	0.00e+00	0.00e+00	0.00e+00	0.00e+00
 8.94177e+22	5.84e-01	4.16e-01	2.87e-04	2.38e-06	0.00e+00	0.00e+00	0.00e+00	0.00e+00
 8.94755e+22	5.98e-01	4.01e-01	2.60e-04	2.26e-06	0.00e+00	0.00e+00	0.00e+00	0.00e+00
 8.95344e+22	6.13e-01	3.87e-01	2.35e-04	2.14e-06	0.00e+00	0.00e+00	0.00e+00	0.00e+00
 8.95953e+22	6.27e-01	3.72e-01	2.12e-04	2.02e-06	0.00e+00	0.00e+00	0.00e+00	0.00e+00
 8.96582e+22	6.42e-01	3.58e-01	1.91e-04	1.91e-06	0.00e+00	0.00e+00	0.00e+00	0.00e+00
 8.97224e+22	6.56e-01	3.43e-01	1.72e-04	1.81e-06	0.00e+00	0.00e+00	0.00e+00	0.00e+00
 8.97880e+22	6.71e-01	3.29e-01	1.55e-04	1.71e-06	0.00e+00	0.00e+00	0.00e+00	0.00e+00
 8.98557e+22	6.85e-01	3.15e-01	1.39e-04	1.61e-06	0.00e+00	0.00e+00	0.00e+00	0.00e+00
 8.99257e+22	6.99e-01	3.01e-01	1.24e-04	1.52e-06	0.00e+00	0.00e+00	0.00e+00	0.00e+00
 8.99977e+22	7.12e-01	2.87e-01	1.11e-04	1.44e-06	0.00e+00	0.00e+00	0.00e+00	0.00e+00
 9.00713e+22	7.26e-01	2.74e-01	9.97e-05	1.35e-06	0.00e+00	0.00e+00	0.00e+00	0.00e+00
 9.01469e+22	7.39e-01	2.61e-01	8.92e-05	1.28e-06	0.00e+00	0.00e+00	0.00e+00	0.00e+00
 9.02251e+22	7.52e-01	2.48e-01	7.97e-05	1.20e-06	0.00e+00	0.00e+00	0.00e+00	0.00e+00
 9.03052e+22	7.64e-01	2.36e-01	7.15e-05	1.13e-06	0.00e+00	0.00e+00	0.00e+00	0.00e+00
 9.03858e+22	7.77e-01	2.23e-01	6.41e-05	1.06e-06	0.00e+00	0.00e+00	0.00e+00	0.00e+00
 9.04676e+22	7.88e-01	2.12e-01	5.76e-05	1.00e-06	0.00e+00	0.00e+00	0.00e+00	0.00e+00
 9.05525e+22	8.00e-01	2.00e-01	5.18e-05	9.43e-07	0.00e+00	0.00e+00	0.00e+00	0.00e+00
 9.06381e+22	8.11e-01	1.89e-01	4.67e-05	8.88e-07	0.00e+00	0.00e+00	0.00e+00	0.00e+00
 9.07231e+22	8.21e-01	1.79e-01	4.24e-05	8.38e-07	0.00e+00	0.00e+00	0.00e+00	0.00e+00
 9.08098e+22	8.31e-01	1.69e-01	3.86e-05	7.91e-07	0.00e+00	0.00e+00	0.00e+00	0.00e+00
 9.08984e+22	8.40e-01	1.60e-01	3.51e-05	7.46e-07	0.00e+00	0.00e+00	0.00e+00	0.00e+00
 9.09885e+22	8.49e-01	1.51e-01	3.22e-05	7.04e-07	0.00e+00	0.00e+00	0.00e+00	0.00e+00
 9.10810e+22	8.58e-01	1.42e-01	2.95e-05	6.64e-07	0.00e+00	0.00e+00	0.00e+00	0.00e+00
 9.11756e+22	8.66e-01	1.34e-01	2.71e-05	6.26e-07	0.00e+00	0.00e+00	0.00e+00	0.00e+00
 9.12716e+22	8.74e-01	1.26e-01	2.50e-05	5.90e-07	0.00e+00	0.00e+00	0.00e+00	0.00e+00
 9.13689e+22	8.82e-01	1.18e-01	2.31e-05	5.56e-07	0.00e+00	0.00e+00	0.00e+00	0.00e+00
 9.14693e+22	8.90e-01	1.10e-01	2.14e-05	5.24e-07	0.00e+00	0.00e+00	0.00e+00	0.00e+00
 9.15721e+22	8.97e-01	1.03e-01	1.99e-05	4.94e-07	0.00e+00	0.00e+00	0.00e+00	0.00e+00
 9.16740e+22	9.03e-01	9.65e-02	1.87e-05	4.67e-07	0.00e+00	0.00e+00	0.00e+00	0.00e+00
 9.17719e+22	9.09e-01	9.05e-02	1.76e-05	4.43e-07	0.00e+00	0.00e+00	0.00e+00	0.00e+00
 9.18627e+22	9.15e-01	8.53e-02	1.67e-05	4.23e-07	0.00e+00	0.00e+00	0.00e+00	0.00e+00
 9.19468e+22	9.19e-01	8.06e-02	1.60e-05	4.05e-07	0.00e+00	0.00e+00	0.00e+00	0.00e+00
 9.20241e+22	9.23e-01	7.66e-02	1.54e-05	3.90e-07	0.00e+00	0.00e+00	0.00e+00	0.00e+00
 9.20985e+22	9.27e-01	7.28e-02	1.48e-05	3.76e-07	0.00e+00	0.00e+00	0.00e+00	0.00e+00
 9.21732e+22	9.31e-01	6.93e-02	1.43e-05	3.62e-07	0.00e+00	0.00e+00	0.00e+00	0.00e+00
 9.22466e+22	9.34e-01	6.58e-02	1.38e-05	3.50e-07	0.00e+00	0.00e+00	0.00e+00	0.00e+00
 9.23167e+22	9.37e-01	6.27e-02	1.34e-05	3.38e-07	0.00e+00	0.00e+00	0.00e+00	0.00e+00
 9.23808e+22	9.40e-01	6.01e-02	1.31e-05	3.29e-07	0.00e+00	0.00e+00	0.00e+00	0.00e+00
 9.24435e+22	9.42e-01	5.76e-02	1.27e-05	3.20e-07	0.00e+00	0.00e+00	0.00e+00	0.00e+00
 9.25053e+22	9.45e-01	5.52e-02	1.24e-05	3.12e-07	0.00e+00	0.00e+00	0.00e+00	0.00e+00
 9.25527e+22	9.46e-01	5.38e-02	1.23e-05	3.07e-07	0.00e+00	0.00e+00	0.00e+00	0.00e+00
