#depth	Ne	Ne+	Ne+2	Ne+3	Ne+4	Ne+5	Ne+6	Ne+7	Ne+8	Ne+9	Ne+10
 1.54284e+22	0.00e+00	0.00e+00	3.75e-25	1.44e-20	1.25e-16	2.65e-13	2.23e-10	1.16e-07	1.96e-04	2.76e-02	9.72e-01
 3.47806e+22	0.00e+00	5.31e-29	9.85e-24	2.53e-19	1.47e-15	2.10e-12	1.18e-09	4.06e-07	4.52e-04	4.15e-02	9.58e-01
 4.10319e+22	0.00e+00	5.08e-28	7.33e-23	1.47e-18	6.68e-15	7.44e-12	3.26e-09	8.68e-07	7.50e-04	5.32e-02	9.46e-01
 4.52213e+22	1.95e-33	3.46e-27	4.02e-22	6.51e-18	2.40e-14	2.17e-11	7.63e-09	1.64e-06	1.14e-03	6.52e-02	9.34e-01
 4.75487e+22	3.45e-33	5.75e-27	6.31e-22	9.65e-18	3.37e-14	2.87e-11	9.55e-09	1.93e-06	1.28e-03	6.88e-02	9.30e-01
 4.82824e+22	4.88e-33	7.85e-27	8.31e-22	1.23e-17	4.14e-14	3.41e-11	1.09e-08	2.14e-06	1.36e-03	7.10e-02	9.28e-01
 4.88041e+22	6.54e-33	1.02e-26	1.05e-21	1.50e-17	4.93e-14	3.95e-11	1.23e-08	2.33e-06	1.44e-03	7.30e-02	9.26e-01
 4.93870e+22	9.79e-33	1.47e-26	1.44e-21	1.99e-17	6.26e-14	4.82e-11	1.44e-08	2.62e-06	1.56e-03	7.57e-02	9.23e-01
 4.99866e+22	1.38e-32	1.99e-26	1.89e-21	2.52e-17	7.68e-14	5.71e-11	1.65e-08	2.89e-06	1.67e-03	7.81e-02	9.20e-01
 5.05254e+22	1.95e-32	2.71e-26	2.49e-21	3.20e-17	9.42e-14	6.77e-11	1.88e-08	3.19e-06	1.78e-03	8.06e-02	9.18e-01
 5.11434e+22	3.03e-32	4.02e-26	3.53e-21	4.35e-17	1.22e-13	8.42e-11	2.24e-08	3.62e-06	1.93e-03	8.39e-02	9.14e-01
 5.17651e+22	4.29e-32	5.49e-26	4.65e-21	5.53e-17	1.51e-13	1.00e-10	2.57e-08	4.00e-06	2.06e-03	8.66e-02	9.11e-01
 5.22950e+22	6.15e-32	7.58e-26	6.19e-21	7.09e-17	1.86e-13	1.20e-10	2.95e-08	4.43e-06	2.21e-03	8.94e-02	9.08e-01
 5.27950e+22	8.47e-32	1.01e-25	7.97e-21	8.85e-17	2.25e-13	1.40e-10	3.34e-08	4.86e-06	2.34e-03	9.19e-02	9.06e-01
 5.33528e+22	1.25e-31	1.44e-25	1.09e-20	1.16e-16	2.85e-13	1.70e-10	3.89e-08	5.43e-06	2.52e-03	9.52e-02	9.02e-01
 5.39403e+22	1.83e-31	2.01e-25	1.47e-20	1.51e-16	3.56e-13	2.05e-10	4.50e-08	6.04e-06	2.70e-03	9.84e-02	8.99e-01
 5.44655e+22	2.58e-31	2.74e-25	1.92e-20	1.91e-16	4.36e-13	2.42e-10	5.15e-08	6.66e-06	2.88e-03	1.01e-01	8.96e-01
 5.50473e+22	3.99e-31	4.05e-25	2.72e-20	2.58e-16	5.65e-13	3.01e-10	6.10e-08	7.54e-06	3.13e-03	1.05e-01	8.92e-01
 5.56235e+22	5.74e-31	5.60e-25	3.63e-20	3.32e-16	7.00e-13	3.60e-10	7.01e-08	8.35e-06	3.34e-03	1.09e-01	8.88e-01
 5.61063e+22	7.93e-31	7.48e-25	4.68e-20	4.15e-16	8.48e-13	4.22e-10	7.95e-08	9.15e-06	3.54e-03	1.12e-01	8.85e-01
 5.66477e+22	1.20e-30	1.08e-24	6.50e-20	5.53e-16	1.08e-12	5.17e-10	9.32e-08	1.03e-05	3.82e-03	1.16e-01	8.81e-01
 5.72049e+22	1.73e-30	1.51e-24	8.69e-20	7.12e-16	1.35e-12	6.19e-10	1.07e-07	1.14e-05	4.08e-03	1.19e-01	8.77e-01
 5.76968e+22	2.44e-30	2.04e-24	1.14e-19	9.01e-16	1.65e-12	7.32e-10	1.22e-07	1.25e-05	4.34e-03	1.23e-01	8.73e-01
 5.82502e+22	3.75e-30	3.00e-24	1.60e-19	1.21e-15	2.12e-12	9.04e-10	1.44e-07	1.41e-05	4.70e-03	1.27e-01	8.68e-01
 5.88194e+22	5.49e-30	4.22e-24	2.16e-19	1.58e-15	2.66e-12	1.09e-09	1.67e-07	1.57e-05	5.03e-03	1.31e-01	8.64e-01
 5.93205e+22	7.87e-30	5.83e-24	2.88e-19	2.02e-15	3.30e-12	1.30e-09	1.92e-07	1.74e-05	5.36e-03	1.35e-01	8.59e-01
 5.98077e+22	1.13e-29	8.07e-24	3.83e-19	2.60e-15	4.08e-12	1.56e-09	2.21e-07	1.92e-05	5.72e-03	1.39e-01	8.55e-01
 6.03650e+22	1.77e-29	1.21e-23	5.46e-19	3.54e-15	5.32e-12	1.94e-09	2.62e-07	2.17e-05	6.20e-03	1.44e-01	8.49e-01
 6.09344e+22	2.59e-29	1.69e-23	7.38e-19	4.60e-15	6.66e-12	2.33e-09	3.03e-07	2.41e-05	6.62e-03	1.49e-01	8.44e-01
 6.15195e+22	4.21e-29	2.61e-23	1.08e-18	6.42e-15	8.87e-12	2.96e-09	3.65e-07	2.76e-05	7.21e-03	1.55e-01	8.38e-01
 6.21099e+22	6.29e-29	3.74e-23	1.49e-18	8.47e-15	1.12e-11	3.60e-09	4.25e-07	3.08e-05	7.74e-03	1.60e-01	8.32e-01
 6.25953e+22	8.88e-29	5.10e-23	1.95e-18	1.07e-14	1.38e-11	4.27e-09	4.85e-07	3.38e-05	8.22e-03	1.64e-01	8.28e-01
 6.31141e+22	1.38e-28	7.56e-23	2.77e-18	1.46e-14	1.79e-11	5.29e-09	5.73e-07	3.82e-05	8.87e-03	1.70e-01	8.21e-01
 6.36438e+22	2.01e-28	1.06e-22	3.73e-18	1.89e-14	2.23e-11	6.36e-09	6.61e-07	4.23e-05	9.47e-03	1.75e-01	8.16e-01
 6.40743e+22	2.75e-28	1.40e-22	4.77e-18	2.34e-14	2.68e-11	7.40e-09	7.43e-07	4.60e-05	9.98e-03	1.79e-01	8.11e-01
 6.45206e+22	4.05e-28	1.98e-22	6.48e-18	3.05e-14	3.37e-11	8.95e-09	8.61e-07	5.11e-05	1.07e-02	1.84e-01	8.05e-01
 6.49475e+22	5.42e-28	2.57e-22	8.15e-18	3.73e-14	4.00e-11	1.03e-08	9.61e-07	5.52e-05	1.12e-02	1.88e-01	8.00e-01
 6.52911e+22	7.22e-28	3.33e-22	1.02e-17	4.55e-14	4.74e-11	1.19e-08	1.07e-06	5.97e-05	1.18e-02	1.92e-01	7.96e-01
 6.56276e+22	9.47e-28	4.24e-22	1.27e-17	5.48e-14	5.55e-11	1.35e-08	1.18e-06	6.41e-05	1.23e-02	1.96e-01	7.91e-01
 6.59569e+22	1.22e-27	5.33e-22	1.55e-17	6.53e-14	6.45e-11	1.53e-08	1.30e-06	6.87e-05	1.29e-02	2.00e-01	7.87e-01
 6.63289e+22	1.74e-27	7.32e-22	2.05e-17	8.33e-14	7.95e-11	1.82e-08	1.49e-06	7.55e-05	1.36e-02	2.05e-01	7.81e-01
 6.66942e+22	2.23e-27	9.12e-22	2.49e-17	9.86e-14	9.18e-11	2.05e-08	1.63e-06	8.06e-05	1.42e-02	2.09e-01	7.77e-01
 6.70509e+22	3.13e-27	1.24e-21	3.26e-17	1.25e-13	1.12e-10	2.42e-08	1.85e-06	8.82e-05	1.50e-02	2.14e-01	7.71e-01
 6.73966e+22	4.04e-27	1.55e-21	3.98e-17	1.48e-13	1.30e-10	2.73e-08	2.04e-06	9.43e-05	1.57e-02	2.18e-01	7.67e-01
 6.76839e+22	5.24e-27	1.96e-21	4.89e-17	1.77e-13	1.52e-10	3.10e-08	2.25e-06	1.01e-04	1.63e-02	2.22e-01	7.62e-01
 6.79701e+22	6.71e-27	2.45e-21	5.94e-17	2.10e-13	1.75e-10	3.49e-08	2.46e-06	1.08e-04	1.70e-02	2.25e-01	7.58e-01
 6.82987e+22	9.18e-27	3.24e-21	7.61e-17	2.60e-13	2.10e-10	4.06e-08	2.77e-06	1.17e-04	1.79e-02	2.30e-01	7.52e-01
 6.86365e+22	1.21e-26	4.14e-21	9.44e-17	3.14e-13	2.47e-10	4.64e-08	3.06e-06	1.26e-04	1.87e-02	2.35e-01	7.47e-01
 6.89350e+22	1.56e-26	5.20e-21	1.15e-16	3.74e-13	2.87e-10	5.24e-08	3.36e-06	1.34e-04	1.95e-02	2.39e-01	7.42e-01
 6.92168e+22	2.02e-26	6.56e-21	1.42e-16	4.46e-13	3.34e-10	5.94e-08	3.70e-06	1.44e-04	2.03e-02	2.43e-01	7.37e-01
 6.94787e+22	2.56e-26	8.12e-21	1.71e-16	5.25e-13	3.83e-10	6.66e-08	4.04e-06	1.53e-04	2.11e-02	2.46e-01	7.32e-01
 6.97705e+22	3.45e-26	1.06e-20	2.16e-16	6.43e-13	4.56e-10	7.68e-08	4.51e-06	1.65e-04	2.21e-02	2.51e-01	7.26e-01
 7.00699e+22	4.51e-26	1.35e-20	2.67e-16	7.73e-13	5.33e-10	8.73e-08	4.97e-06	1.77e-04	2.31e-02	2.56e-01	7.21e-01
 7.03308e+22	5.68e-26	1.66e-20	3.20e-16	9.05e-13	6.10e-10	9.76e-08	5.42e-06	1.88e-04	2.40e-02	2.60e-01	7.16e-01
 7.06212e+22	7.92e-26	2.23e-20	4.16e-16	1.13e-12	7.40e-10	1.14e-07	6.11e-06	2.04e-04	2.52e-02	2.65e-01	7.10e-01
 7.09124e+22	1.02e-25	2.80e-20	5.07e-16	1.35e-12	8.57e-10	1.29e-07	6.71e-06	2.18e-04	2.62e-02	2.69e-01	7.04e-01
 7.12044e+22	1.42e-25	3.77e-20	6.59e-16	1.69e-12	1.04e-09	1.51e-07	7.57e-06	2.37e-04	2.76e-02	2.75e-01	6.97e-01
 7.15010e+22	1.86e-25	4.80e-20	8.15e-16	2.03e-12	1.22e-09	1.72e-07	8.35e-06	2.54e-04	2.88e-02	2.79e-01	6.92e-01
 7.17553e+22	2.38e-25	5.98e-20	9.88e-16	2.40e-12	1.40e-09	1.94e-07	9.14e-06	2.70e-04	2.99e-02	2.83e-01	6.86e-01
 7.20376e+22	3.41e-25	8.24e-20	1.31e-15	3.06e-12	1.72e-09	2.29e-07	1.04e-05	2.95e-04	3.16e-02	2.89e-01	6.79e-01
 7.23148e+22	4.33e-25	1.02e-19	1.58e-15	3.60e-12	1.98e-09	2.57e-07	1.13e-05	3.14e-04	3.28e-02	2.94e-01	6.73e-01
 7.25853e+22	6.11e-25	1.39e-19	2.07e-15	4.55e-12	2.41e-09	3.03e-07	1.28e-05	3.42e-04	3.45e-02	3.00e-01	6.66e-01
 7.28512e+22	7.67e-25	1.70e-19	2.48e-15	5.31e-12	2.76e-09	3.38e-07	1.40e-05	3.62e-04	3.57e-02	3.04e-01	6.60e-01
 7.31110e+22	1.09e-24	2.33e-19	3.26e-15	6.74e-12	3.37e-09	3.99e-07	1.58e-05	3.95e-04	3.77e-02	3.10e-01	6.52e-01
 7.33688e+22	1.38e-24	2.88e-19	3.92e-15	7.90e-12	3.86e-09	4.46e-07	1.73e-05	4.19e-04	3.90e-02	3.14e-01	6.47e-01
 7.36240e+22	1.95e-24	3.93e-19	5.15e-15	1.00e-11	4.72e-09	5.26e-07	1.96e-05	4.57e-04	4.11e-02	3.20e-01	6.39e-01
 7.38812e+22	2.51e-24	4.92e-19	6.28e-15	1.19e-11	5.46e-09	5.93e-07	2.14e-05	4.87e-04	4.27e-02	3.24e-01	6.33e-01
 7.41412e+22	3.59e-24	6.79e-19	8.31e-15	1.51e-11	6.71e-09	7.03e-07	2.44e-05	5.32e-04	4.50e-02	3.31e-01	6.24e-01
 7.44042e+22	4.68e-24	8.60e-19	1.02e-14	1.81e-11	7.82e-09	7.97e-07	2.69e-05	5.69e-04	4.68e-02	3.35e-01	6.17e-01
 7.46712e+22	6.69e-24	1.18e-18	1.35e-14	2.30e-11	9.60e-09	9.45e-07	3.06e-05	6.22e-04	4.94e-02	3.42e-01	6.08e-01
 7.49355e+22	8.74e-24	1.51e-18	1.67e-14	2.76e-11	1.12e-08	1.07e-06	3.38e-05	6.65e-04	5.14e-02	3.46e-01	6.01e-01
 7.51964e+22	1.25e-23	2.07e-18	2.21e-14	3.51e-11	1.38e-08	1.27e-06	3.84e-05	7.27e-04	5.42e-02	3.53e-01	5.92e-01
 7.54613e+22	1.65e-23	2.66e-18	2.75e-14	4.24e-11	1.62e-08	1.46e-06	4.26e-05	7.80e-04	5.65e-02	3.58e-01	5.85e-01
 7.57313e+22	2.39e-23	3.71e-18	3.68e-14	5.44e-11	2.00e-08	1.74e-06	4.88e-05	8.56e-04	5.96e-02	3.64e-01	5.75e-01
 7.60046e+22	3.19e-23	4.80e-18	4.61e-14	6.62e-11	2.37e-08	2.00e-06	5.43e-05	9.21e-04	6.22e-02	3.70e-01	5.67e-01
 7.62822e+22	4.66e-23	6.74e-18	6.21e-14	8.55e-11	2.95e-08	2.40e-06	6.24e-05	1.01e-03	6.58e-02	3.77e-01	5.57e-01
 7.65612e+22	6.21e-23	8.74e-18	7.79e-14	1.04e-10	3.49e-08	2.76e-06	6.95e-05	1.09e-03	6.87e-02	3.82e-01	5.48e-01
 7.68015e+22	8.23e-23	1.12e-17	9.72e-14	1.26e-10	4.11e-08	3.16e-06	7.72e-05	1.17e-03	7.17e-02	3.87e-01	5.40e-01
 7.70733e+22	1.19e-22	1.56e-17	1.30e-13	1.61e-10	5.09e-08	3.78e-06	8.87e-05	1.29e-03	7.57e-02	3.93e-01	5.30e-01
 7.73449e+22	1.55e-22	1.98e-17	1.60e-13	1.93e-10	5.94e-08	4.30e-06	9.79e-05	1.38e-03	7.87e-02	3.98e-01	5.22e-01
 7.76160e+22	2.21e-22	2.73e-17	2.12e-13	2.46e-10	7.31e-08	5.12e-06	1.12e-04	1.51e-03	8.30e-02	4.04e-01	5.11e-01
 7.78901e+22	2.87e-22	3.45e-17	2.60e-13	2.94e-10	8.52e-08	5.82e-06	1.24e-04	1.62e-03	8.63e-02	4.09e-01	5.03e-01
 7.81681e+22	4.08e-22	4.74e-17	3.44e-13	3.74e-10	1.05e-07	6.93e-06	1.42e-04	1.77e-03	9.10e-02	4.15e-01	4.92e-01
 7.84506e+22	5.29e-22	5.99e-17	4.22e-13	4.47e-10	1.22e-07	7.88e-06	1.57e-04	1.90e-03	9.46e-02	4.20e-01	4.84e-01
 7.87392e+22	7.43e-22	8.13e-17	5.53e-13	5.64e-10	1.50e-07	9.33e-06	1.79e-04	2.08e-03	9.96e-02	4.25e-01	4.73e-01
 7.90379e+22	9.80e-22	1.04e-16	6.89e-13	6.82e-10	1.76e-07	1.07e-05	1.99e-04	2.23e-03	1.04e-01	4.30e-01	4.64e-01
 7.93492e+22	1.39e-21	1.43e-16	9.09e-13	8.67e-10	2.17e-07	1.28e-05	2.28e-04	2.45e-03	1.09e-01	4.36e-01	4.52e-01
 7.96677e+22	1.83e-21	1.83e-16	1.13e-12	1.05e-09	2.56e-07	1.47e-05	2.54e-04	2.64e-03	1.14e-01	4.40e-01	4.43e-01
 7.99512e+22	2.38e-21	2.33e-16	1.40e-12	1.26e-09	3.00e-07	1.68e-05	2.83e-04	2.83e-03	1.19e-01	4.44e-01	4.34e-01
 8.02747e+22	3.33e-21	3.15e-16	1.83e-12	1.59e-09	3.67e-07	1.99e-05	3.23e-04	3.10e-03	1.25e-01	4.49e-01	4.23e-01
 8.06032e+22	4.32e-21	3.98e-16	2.25e-12	1.90e-09	4.29e-07	2.27e-05	3.58e-04	3.33e-03	1.30e-01	4.53e-01	4.14e-01
 8.09380e+22	5.99e-21	5.35e-16	2.92e-12	2.39e-09	5.24e-07	2.69e-05	4.08e-04	3.64e-03	1.36e-01	4.58e-01	4.02e-01
 8.12633e+22	7.54e-21	6.59e-16	3.51e-12	2.80e-09	6.02e-07	3.02e-05	4.48e-04	3.87e-03	1.41e-01	4.61e-01	3.94e-01
 8.15760e+22	1.01e-20	8.62e-16	4.46e-12	3.44e-09	7.21e-07	3.52e-05	5.05e-04	4.20e-03	1.47e-01	4.65e-01	3.83e-01
 8.18945e+22	1.27e-20	1.06e-15	5.34e-12	4.03e-09	8.26e-07	3.95e-05	5.52e-04	4.46e-03	1.52e-01	4.67e-01	3.75e-01
 8.22204e+22	1.71e-20	1.38e-15	6.78e-12	4.96e-09	9.91e-07	4.61e-05	6.24e-04	4.84e-03	1.59e-01	4.71e-01	3.65e-01
 8.25513e+22	2.12e-20	1.69e-15	8.09e-12	5.79e-09	1.13e-06	5.16e-05	6.81e-04	5.14e-03	1.65e-01	4.73e-01	3.57e-01
 8.28884e+22	2.85e-20	2.20e-15	1.03e-11	7.12e-09	1.36e-06	6.02e-05	7.69e-04	5.58e-03	1.72e-01	4.76e-01	3.46e-01
 8.32197e+22	3.48e-20	2.64e-15	1.21e-11	8.19e-09	1.53e-06	6.67e-05	8.34e-04	5.89e-03	1.77e-01	4.78e-01	3.39e-01
 8.35434e+22	4.57e-20	3.38e-15	1.50e-11	9.92e-09	1.81e-06	7.69e-05	9.32e-04	6.35e-03	1.84e-01	4.80e-01	3.29e-01
 8.38737e+22	5.59e-20	4.06e-15	1.77e-11	1.14e-08	2.05e-06	8.55e-05	1.01e-03	6.72e-03	1.90e-01	4.81e-01	3.21e-01
 8.42126e+22	7.33e-20	5.20e-15	2.21e-11	1.39e-08	2.43e-06	9.85e-05	1.13e-03	7.24e-03	1.97e-01	4.83e-01	3.11e-01
 8.45580e+22	9.00e-20	6.27e-15	2.61e-11	1.60e-08	2.76e-06	1.10e-04	1.23e-03	7.66e-03	2.03e-01	4.84e-01	3.04e-01
 8.49117e+22	1.18e-19	8.02e-15	3.25e-11	1.94e-08	3.26e-06	1.26e-04	1.38e-03	8.26e-03	2.11e-01	4.85e-01	2.94e-01
 8.52718e+22	1.45e-19	9.67e-15	3.84e-11	2.25e-08	3.70e-06	1.41e-04	1.50e-03	8.73e-03	2.17e-01	4.86e-01	2.86e-01
 8.56400e+22	1.90e-19	1.24e-14	4.79e-11	2.73e-08	4.38e-06	1.62e-04	1.67e-03	9.41e-03	2.26e-01	4.87e-01	2.77e-01
 8.60153e+22	2.33e-19	1.49e-14	5.67e-11	3.16e-08	4.98e-06	1.81e-04	1.82e-03	9.96e-03	2.32e-01	4.87e-01	2.69e-01
 8.63996e+22	3.06e-19	1.91e-14	7.07e-11	3.83e-08	5.89e-06	2.08e-04	2.04e-03	1.07e-02	2.41e-01	4.87e-01	2.59e-01
 8.67752e+22	3.68e-19	2.26e-14	8.22e-11	4.36e-08	6.60e-06	2.29e-04	2.19e-03	1.13e-02	2.47e-01	4.86e-01	2.53e-01
 8.71396e+22	4.74e-19	2.85e-14	1.01e-10	5.23e-08	7.73e-06	2.62e-04	2.44e-03	1.21e-02	2.55e-01	4.86e-01	2.44e-01
 8.75098e+22	5.70e-19	3.38e-14	1.18e-10	5.96e-08	8.66e-06	2.88e-04	2.62e-03	1.27e-02	2.62e-01	4.85e-01	2.38e-01
 8.78876e+22	7.30e-19	4.23e-14	1.44e-10	7.11e-08	1.01e-05	3.28e-04	2.90e-03	1.36e-02	2.70e-01	4.84e-01	2.29e-01
 8.82773e+22	8.92e-19	5.08e-14	1.70e-10	8.21e-08	1.14e-05	3.64e-04	3.15e-03	1.43e-02	2.77e-01	4.83e-01	2.22e-01
 8.86825e+22	1.14e-18	6.38e-14	2.08e-10	9.81e-08	1.34e-05	4.14e-04	3.48e-03	1.53e-02	2.86e-01	4.81e-01	2.14e-01
 8.91010e+22	1.41e-18	7.74e-14	2.47e-10	1.14e-07	1.52e-05	4.62e-04	3.79e-03	1.62e-02	2.94e-01	4.79e-01	2.07e-01
 8.95370e+22	1.83e-18	9.81e-14	3.06e-10	1.37e-07	1.79e-05	5.29e-04	4.20e-03	1.73e-02	3.03e-01	4.76e-01	1.98e-01
 8.99851e+22	2.28e-18	1.20e-13	3.65e-10	1.60e-07	2.04e-05	5.92e-04	4.58e-03	1.84e-02	3.11e-01	4.74e-01	1.91e-01
 9.04490e+22	2.98e-18	1.53e-13	4.55e-10	1.94e-07	2.41e-05	6.79e-04	5.10e-03	1.97e-02	3.21e-01	4.71e-01	1.83e-01
 9.09286e+22	3.74e-18	1.88e-13	5.48e-10	2.28e-07	2.77e-05	7.63e-04	5.57e-03	2.08e-02	3.30e-01	4.67e-01	1.75e-01
 9.14286e+22	4.96e-18	2.43e-13	6.90e-10	2.78e-07	3.29e-05	8.80e-04	6.22e-03	2.24e-02	3.40e-01	4.63e-01	1.67e-01
 9.19408e+22	6.27e-18	3.01e-13	8.35e-10	3.29e-07	3.80e-05	9.91e-04	6.81e-03	2.37e-02	3.49e-01	4.59e-01	1.60e-01
 9.23994e+22	7.85e-18	3.70e-13	1.00e-09	3.85e-07	4.35e-05	1.11e-03	7.42e-03	2.51e-02	3.58e-01	4.55e-01	1.54e-01
 9.29259e+22	1.05e-17	4.83e-13	1.28e-09	4.75e-07	5.22e-05	1.29e-03	8.33e-03	2.70e-02	3.69e-01	4.49e-01	1.45e-01
 9.34562e+22	1.32e-17	5.92e-13	1.53e-09	5.56e-07	5.97e-05	1.44e-03	9.06e-03	2.85e-02	3.77e-01	4.45e-01	1.39e-01
 9.39915e+22	1.75e-17	7.71e-13	1.94e-09	6.83e-07	7.13e-05	1.67e-03	1.01e-02	3.06e-02	3.88e-01	4.38e-01	1.31e-01
 9.45381e+22	2.21e-17	9.54e-13	2.34e-09	8.06e-07	8.22e-05	1.88e-03	1.11e-02	3.24e-02	3.97e-01	4.32e-01	1.25e-01
 9.50994e+22	2.97e-17	1.25e-12	2.98e-09	9.94e-07	9.85e-05	2.18e-03	1.24e-02	3.48e-02	4.08e-01	4.25e-01	1.17e-01
 9.56695e+22	3.76e-17	1.55e-12	3.62e-09	1.18e-06	1.14e-04	2.46e-03	1.36e-02	3.69e-02	4.17e-01	4.18e-01	1.11e-01
 9.62507e+22	5.07e-17	2.04e-12	4.64e-09	1.46e-06	1.37e-04	2.87e-03	1.53e-02	3.97e-02	4.29e-01	4.09e-01	1.04e-01
 9.68004e+22	6.18e-17	2.45e-12	5.47e-09	1.68e-06	1.55e-04	3.18e-03	1.65e-02	4.17e-02	4.36e-01	4.03e-01	9.90e-02
 9.73089e+22	7.97e-17	3.10e-12	6.77e-09	2.03e-06	1.83e-04	3.64e-03	1.83e-02	4.44e-02	4.46e-01	3.94e-01	9.28e-02
 9.78215e+22	9.70e-17	3.71e-12	7.97e-09	2.34e-06	2.06e-04	4.03e-03	1.98e-02	4.65e-02	4.53e-01	3.88e-01	8.84e-02
 9.83393e+22	1.24e-16	4.68e-12	9.85e-09	2.81e-06	2.43e-04	4.61e-03	2.19e-02	4.96e-02	4.63e-01	3.78e-01	8.24e-02
 9.88618e+22	1.51e-16	5.61e-12	1.16e-08	3.25e-06	2.75e-04	5.12e-03	2.37e-02	5.21e-02	4.70e-01	3.71e-01	7.80e-02
 9.93901e+22	1.93e-16	7.05e-12	1.43e-08	3.90e-06	3.23e-04	5.87e-03	2.63e-02	5.55e-02	4.79e-01	3.61e-01	7.24e-02
 9.99264e+22	2.33e-16	8.43e-12	1.68e-08	4.51e-06	3.67e-04	6.52e-03	2.85e-02	5.83e-02	4.86e-01	3.53e-01	6.83e-02
 1.00473e+23	2.96e-16	1.06e-11	2.08e-08	5.42e-06	4.32e-04	7.49e-03	3.17e-02	6.22e-02	4.94e-01	3.41e-01	6.29e-02
 1.01027e+23	3.57e-16	1.26e-11	2.44e-08	6.26e-06	4.90e-04	8.32e-03	3.43e-02	6.53e-02	5.00e-01	3.32e-01	5.90e-02
 1.01590e+23	4.49e-16	1.57e-11	3.00e-08	7.52e-06	5.77e-04	9.57e-03	3.81e-02	6.96e-02	5.08e-01	3.20e-01	5.40e-02
 1.02166e+23	5.38e-16	1.87e-11	3.53e-08	8.70e-06	6.58e-04	1.07e-02	4.14e-02	7.32e-02	5.13e-01	3.10e-01	5.02e-02
 1.02758e+23	6.70e-16	2.32e-11	4.34e-08	1.05e-05	7.76e-04	1.23e-02	4.62e-02	7.82e-02	5.20e-01	2.97e-01	4.55e-02
 1.03359e+23	7.92e-16	2.74e-11	5.08e-08	1.21e-05	8.84e-04	1.38e-02	5.02e-02	8.22e-02	5.24e-01	2.87e-01	4.20e-02
 1.03954e+23	9.60e-16	3.32e-11	6.13e-08	1.43e-05	1.03e-03	1.57e-02	5.56e-02	8.75e-02	5.29e-01	2.74e-01	3.79e-02
 1.04521e+23	1.10e-15	3.80e-11	7.00e-08	1.62e-05	1.15e-03	1.73e-02	5.98e-02	9.13e-02	5.31e-01	2.64e-01	3.52e-02
 1.05071e+23	1.28e-15	4.48e-11	8.25e-08	1.88e-05	1.33e-03	1.96e-02	6.56e-02	9.66e-02	5.34e-01	2.51e-01	3.17e-02
 1.05632e+23	1.44e-15	5.08e-11	9.38e-08	2.12e-05	1.49e-03	2.16e-02	7.06e-02	1.01e-01	5.35e-01	2.41e-01	2.92e-02
 1.06180e+23	1.64e-15	5.84e-11	1.08e-07	2.43e-05	1.69e-03	2.42e-02	7.68e-02	1.06e-01	5.36e-01	2.29e-01	2.63e-02
 1.06739e+23	1.81e-15	6.56e-11	1.22e-07	2.73e-05	1.89e-03	2.66e-02	8.26e-02	1.11e-01	5.35e-01	2.19e-01	2.40e-02
 1.07285e+23	2.00e-15	7.36e-11	1.39e-07	3.09e-05	2.12e-03	2.95e-02	8.92e-02	1.16e-01	5.34e-01	2.07e-01	2.17e-02
 1.07841e+23	2.17e-15	8.17e-11	1.56e-07	3.46e-05	2.37e-03	3.25e-02	9.57e-02	1.21e-01	5.32e-01	1.97e-01	1.96e-02
 1.08393e+23	2.34e-15	9.02e-11	1.75e-07	3.87e-05	2.65e-03	3.57e-02	1.03e-01	1.26e-01	5.29e-01	1.86e-01	1.76e-02
 1.08947e+23	2.49e-15	9.88e-11	1.95e-07	4.31e-05	2.94e-03	3.92e-02	1.10e-01	1.31e-01	5.25e-01	1.76e-01	1.59e-02
 1.09496e+23	2.63e-15	1.07e-10	2.16e-07	4.79e-05	3.26e-03	4.28e-02	1.17e-01	1.36e-01	5.20e-01	1.66e-01	1.43e-02
 1.10043e+23	2.76e-15	1.16e-10	2.39e-07	5.30e-05	3.60e-03	4.67e-02	1.24e-01	1.41e-01	5.15e-01	1.57e-01	1.28e-02
 1.10591e+23	2.87e-15	1.25e-10	2.63e-07	5.87e-05	3.98e-03	5.08e-02	1.32e-01	1.46e-01	5.09e-01	1.47e-01	1.15e-02
 1.11142e+23	2.96e-15	1.34e-10	2.89e-07	6.48e-05	4.39e-03	5.52e-02	1.40e-01	1.51e-01	5.01e-01	1.38e-01	1.03e-02
 1.11697e+23	3.05e-15	1.44e-10	3.18e-07	7.17e-05	4.83e-03	5.98e-02	1.47e-01	1.56e-01	4.94e-01	1.30e-01	9.19e-03
 1.12256e+23	3.13e-15	1.54e-10	3.50e-07	7.93e-05	5.33e-03	6.48e-02	1.55e-01	1.60e-01	4.85e-01	1.21e-01	8.19e-03
 1.12823e+23	3.20e-15	1.65e-10	3.85e-07	8.78e-05	5.87e-03	7.01e-02	1.63e-01	1.65e-01	4.76e-01	1.13e-01	7.28e-03
 1.13393e+23	3.27e-15	1.76e-10	4.24e-07	9.72e-05	6.47e-03	7.57e-02	1.71e-01	1.69e-01	4.66e-01	1.05e-01	6.46e-03
 1.13972e+23	3.33e-15	1.89e-10	4.69e-07	1.08e-04	7.14e-03	8.18e-02	1.80e-01	1.73e-01	4.55e-01	9.79e-02	5.71e-03
 1.14558e+23	3.40e-15	2.02e-10	5.19e-07	1.20e-04	7.87e-03	8.82e-02	1.88e-01	1.77e-01	4.43e-01	9.08e-02	5.04e-03
 1.15155e+23	3.48e-15	2.18e-10	5.78e-07	1.35e-04	8.71e-03	9.52e-02	1.96e-01	1.81e-01	4.31e-01	8.38e-02	4.42e-03
 1.15711e+23	3.56e-15	2.33e-10	6.33e-07	1.48e-04	9.46e-03	1.01e-01	2.02e-01	1.84e-01	4.21e-01	7.85e-02	3.97e-03
 1.16285e+23	3.66e-15	2.53e-10	7.13e-07	1.67e-04	1.05e-02	1.09e-01	2.11e-01	1.87e-01	4.07e-01	7.19e-02	3.45e-03
 1.16869e+23	3.78e-15	2.73e-10	7.87e-07	1.84e-04	1.15e-02	1.16e-01	2.17e-01	1.89e-01	3.96e-01	6.70e-02	3.08e-03
 1.17465e+23	3.90e-15	2.99e-10	8.96e-07	2.10e-04	1.28e-02	1.25e-01	2.26e-01	1.92e-01	3.81e-01	6.10e-02	2.65e-03
 1.18064e+23	4.09e-15	3.26e-10	9.97e-07	2.33e-04	1.39e-02	1.33e-01	2.32e-01	1.93e-01	3.69e-01	5.67e-02	2.37e-03
 1.18666e+23	4.31e-15	3.63e-10	1.14e-06	2.66e-04	1.55e-02	1.43e-01	2.40e-01	1.95e-01	3.53e-01	5.14e-02	2.03e-03
 1.19271e+23	4.55e-15	3.99e-10	1.28e-06	2.96e-04	1.69e-02	1.51e-01	2.45e-01	1.96e-01	3.41e-01	4.76e-02	1.81e-03
 1.19882e+23	4.87e-15	4.50e-10	1.48e-06	3.40e-04	1.88e-02	1.62e-01	2.52e-01	1.97e-01	3.26e-01	4.30e-02	1.55e-03
 1.20498e+23	5.21e-15	4.99e-10	1.67e-06	3.80e-04	2.05e-02	1.71e-01	2.57e-01	1.97e-01	3.13e-01	3.97e-02	1.37e-03
 1.21121e+23	5.68e-15	5.72e-10	1.96e-06	4.39e-04	2.29e-02	1.83e-01	2.63e-01	1.96e-01	2.97e-01	3.56e-02	1.16e-03
 1.21752e+23	6.18e-15	6.42e-10	2.23e-06	4.92e-04	2.49e-02	1.93e-01	2.68e-01	1.96e-01	2.85e-01	3.27e-02	1.02e-03
 1.22393e+23	6.89e-15	7.47e-10	2.63e-06	5.70e-04	2.78e-02	2.06e-01	2.73e-01	1.94e-01	2.69e-01	2.92e-02	8.64e-04
 1.23045e+23	7.64e-15	8.51e-10	3.02e-06	6.42e-04	3.03e-02	2.17e-01	2.76e-01	1.93e-01	2.56e-01	2.66e-02	7.55e-04
 1.23711e+23	8.75e-15	1.01e-09	3.61e-06	7.49e-04	3.39e-02	2.31e-01	2.80e-01	1.90e-01	2.40e-01	2.35e-02	6.31e-04
 1.24392e+23	9.92e-15	1.17e-09	4.17e-06	8.47e-04	3.70e-02	2.43e-01	2.83e-01	1.87e-01	2.27e-01	2.13e-02	5.47e-04
 1.25092e+23	1.17e-14	1.41e-09	5.05e-06	9.94e-04	4.13e-02	2.58e-01	2.86e-01	1.84e-01	2.11e-01	1.87e-02	4.52e-04
 1.25808e+23	1.36e-14	1.66e-09	5.90e-06	1.13e-03	4.51e-02	2.70e-01	2.87e-01	1.80e-01	1.99e-01	1.68e-02	3.87e-04
 1.26411e+23	1.56e-14	1.92e-09	6.78e-06	1.26e-03	4.87e-02	2.82e-01	2.88e-01	1.77e-01	1.88e-01	1.52e-02	3.37e-04
 1.27060e+23	1.87e-14	2.32e-09	8.11e-06	1.46e-03	5.37e-02	2.96e-01	2.89e-01	1.72e-01	1.74e-01	1.34e-02	2.82e-04
 1.27720e+23	2.18e-14	2.71e-09	9.36e-06	1.64e-03	5.80e-02	3.08e-01	2.89e-01	1.68e-01	1.64e-01	1.21e-02	2.44e-04
 1.28291e+23	2.54e-14	3.15e-09	1.07e-05	1.82e-03	6.22e-02	3.18e-01	2.88e-01	1.64e-01	1.55e-01	1.09e-02	2.12e-04
 1.28930e+23	3.10e-14	3.83e-09	1.28e-05	2.09e-03	6.81e-02	3.32e-01	2.87e-01	1.58e-01	1.43e-01	9.59e-03	1.76e-04
 1.29568e+23	3.65e-14	4.46e-09	1.46e-05	2.32e-03	7.28e-02	3.43e-01	2.85e-01	1.54e-01	1.34e-01	8.69e-03	1.54e-04
 1.30203e+23	4.51e-14	5.44e-09	1.74e-05	2.65e-03	7.93e-02	3.56e-01	2.82e-01	1.48e-01	1.24e-01	7.60e-03	1.28e-04
 1.30847e+23	5.37e-14	6.38e-09	2.00e-05	2.94e-03	8.46e-02	3.66e-01	2.80e-01	1.43e-01	1.16e-01	6.84e-03	1.11e-04
 1.31503e+23	6.75e-14	7.85e-09	2.39e-05	3.36e-03	9.21e-02	3.79e-01	2.76e-01	1.37e-01	1.06e-01	5.94e-03	9.12e-05
 1.32170e+23	8.13e-14	9.26e-09	2.74e-05	3.72e-03	9.81e-02	3.89e-01	2.73e-01	1.32e-01	9.89e-02	5.32e-03	7.85e-05
 1.32852e+23	1.04e-13	1.15e-08	3.29e-05	4.26e-03	1.07e-01	4.02e-01	2.67e-01	1.25e-01	8.97e-02	4.57e-03	6.39e-05
 1.33545e+23	1.27e-13	1.37e-08	3.79e-05	4.72e-03	1.13e-01	4.11e-01	2.63e-01	1.20e-01	8.32e-02	4.07e-03	5.46e-05
 1.34252e+23	1.65e-13	1.72e-08	4.57e-05	5.41e-03	1.23e-01	4.23e-01	2.57e-01	1.13e-01	7.49e-02	3.46e-03	4.40e-05
 1.34974e+23	2.03e-13	2.05e-08	5.28e-05	6.00e-03	1.31e-01	4.32e-01	2.51e-01	1.08e-01	6.90e-02	3.06e-03	3.72e-05
 1.35716e+23	2.69e-13	2.60e-08	6.39e-05	6.88e-03	1.42e-01	4.42e-01	2.44e-01	1.01e-01	6.16e-02	2.58e-03	2.96e-05
 1.36476e+23	3.36e-13	3.14e-08	7.43e-05	7.65e-03	1.51e-01	4.50e-01	2.37e-01	9.59e-02	5.63e-02	2.25e-03	2.47e-05
 1.37261e+23	4.52e-13	4.02e-08	9.04e-05	8.78e-03	1.63e-01	4.59e-01	2.29e-01	8.90e-02	4.98e-02	1.87e-03	1.94e-05
 1.38055e+23	5.69e-13	4.86e-08	1.05e-04	9.75e-03	1.72e-01	4.65e-01	2.22e-01	8.38e-02	4.52e-02	1.62e-03	1.61e-05
 1.38861e+23	7.71e-13	6.25e-08	1.28e-04	1.12e-02	1.86e-01	4.72e-01	2.12e-01	7.73e-02	3.97e-02	1.34e-03	1.25e-05
 1.39676e+23	9.74e-13	7.57e-08	1.48e-04	1.24e-02	1.96e-01	4.77e-01	2.05e-01	7.24e-02	3.59e-02	1.16e-03	1.03e-05
 1.40505e+23	1.33e-12	9.76e-08	1.81e-04	1.41e-02	2.11e-01	4.82e-01	1.95e-01	6.63e-02	3.13e-02	9.46e-04	7.90e-06
 1.41313e+23	1.65e-12	1.17e-07	2.07e-04	1.55e-02	2.21e-01	4.84e-01	1.88e-01	6.21e-02	2.83e-02	8.22e-04	6.57e-06
 1.42095e+23	2.22e-12	1.48e-07	2.48e-04	1.75e-02	2.35e-01	4.87e-01	1.78e-01	5.69e-02	2.48e-02	6.78e-04	5.11e-06
 1.42906e+23	2.80e-12	1.78e-07	2.86e-04	1.92e-02	2.46e-01	4.87e-01	1.71e-01	5.29e-02	2.23e-02	5.81e-04	4.18e-06
 1.43598e+23	3.44e-12	2.10e-07	3.24e-04	2.09e-02	2.57e-01	4.88e-01	1.64e-01	4.95e-02	2.02e-02	5.05e-04	3.48e-06
 1.44342e+23	4.52e-12	2.61e-07	3.82e-04	2.33e-02	2.71e-01	4.87e-01	1.55e-01	4.54e-02	1.77e-02	4.20e-04	2.74e-06
 1.45088e+23	5.56e-12	3.09e-07	4.33e-04	2.53e-02	2.81e-01	4.85e-01	1.49e-01	4.24e-02	1.60e-02	3.63e-04	2.28e-06
 1.45835e+23	7.19e-12	3.79e-07	5.05e-04	2.79e-02	2.95e-01	4.83e-01	1.41e-01	3.88e-02	1.41e-02	3.04e-04	1.81e-06
 1.46612e+23	9.09e-12	4.57e-07	5.81e-04	3.05e-02	3.07e-01	4.80e-01	1.34e-01	3.58e-02	1.26e-02	2.57e-04	1.46e-06
 1.47305e+23	1.12e-11	5.39e-07	6.57e-04	3.30e-02	3.18e-01	4.76e-01	1.27e-01	3.33e-02	1.13e-02	2.22e-04	1.20e-06
 1.48085e+23	1.46e-11	6.63e-07	7.67e-04	3.64e-02	3.32e-01	4.71e-01	1.20e-01	3.02e-02	9.86e-03	1.83e-04	9.43e-07
 1.48905e+23	1.85e-11	8.03e-07	8.83e-04	3.97e-02	3.44e-01	4.66e-01	1.13e-01	2.77e-02	8.68e-03	1.53e-04	7.52e-07
 1.49651e+23	2.32e-11	9.57e-07	1.00e-03	4.31e-02	3.56e-01	4.60e-01	1.06e-01	2.55e-02	7.71e-03	1.30e-04	6.08e-07
 1.50493e+23	3.06e-11	1.19e-06	1.18e-03	4.76e-02	3.71e-01	4.52e-01	9.88e-02	2.29e-02	6.63e-03	1.05e-04	4.65e-07
 1.51361e+23	3.91e-11	1.44e-06	1.36e-03	5.19e-02	3.84e-01	4.44e-01	9.23e-02	2.08e-02	5.79e-03	8.74e-05	3.66e-07
 1.52132e+23	4.91e-11	1.72e-06	1.55e-03	5.61e-02	3.95e-01	4.36e-01	8.66e-02	1.90e-02	5.11e-03	7.34e-05	2.93e-07
 1.53004e+23	6.50e-11	2.15e-06	1.82e-03	6.18e-02	4.09e-01	4.26e-01	7.98e-02	1.69e-02	4.35e-03	5.88e-05	2.21e-07
 1.53908e+23	8.36e-11	2.61e-06	2.09e-03	6.73e-02	4.22e-01	4.16e-01	7.40e-02	1.53e-02	3.76e-03	4.82e-05	1.72e-07
 1.54719e+23	1.06e-10	3.13e-06	2.38e-03	7.27e-02	4.33e-01	4.06e-01	6.88e-02	1.38e-02	3.28e-03	3.99e-05	1.35e-07
 1.55639e+23	1.42e-10	3.94e-06	2.81e-03	8.02e-02	4.47e-01	3.93e-01	6.26e-02	1.22e-02	2.75e-03	3.14e-05	0.00e+00
 1.56588e+23	1.82e-10	4.79e-06	3.23e-03	8.69e-02	4.58e-01	3.81e-01	5.77e-02	1.09e-02	2.36e-03	2.55e-05	0.00e+00
 1.57575e+23	2.49e-10	6.10e-06	3.84e-03	9.59e-02	4.71e-01	3.66e-01	5.19e-02	9.50e-03	1.95e-03	1.96e-05	0.00e+00
 1.58574e+23	3.21e-10	7.42e-06	4.42e-03	1.04e-01	4.81e-01	3.53e-01	4.74e-02	8.46e-03	1.66e-03	1.57e-05	0.00e+00
 1.59452e+23	4.11e-10	8.96e-06	5.05e-03	1.12e-01	4.90e-01	3.40e-01	4.34e-02	7.55e-03	1.42e-03	1.27e-05	0.00e+00
 1.60459e+23	5.62e-10	1.14e-05	5.98e-03	1.23e-01	5.01e-01	3.24e-01	3.86e-02	6.51e-03	1.16e-03	9.65e-06	0.00e+00
 1.61478e+23	7.26e-10	1.39e-05	6.87e-03	1.33e-01	5.09e-01	3.10e-01	3.50e-02	5.76e-03	9.75e-04	7.67e-06	0.00e+00
 1.62513e+23	9.90e-10	1.76e-05	8.11e-03	1.45e-01	5.17e-01	2.93e-01	3.10e-02	4.94e-03	7.90e-04	5.78e-06	0.00e+00
 1.63564e+23	1.28e-09	2.14e-05	9.28e-03	1.56e-01	5.22e-01	2.79e-01	2.79e-02	4.34e-03	6.63e-04	4.56e-06	0.00e+00
 1.64636e+23	1.78e-09	2.75e-05	1.11e-02	1.71e-01	5.28e-01	2.61e-01	2.43e-02	3.67e-03	5.25e-04	3.33e-06	0.00e+00
 1.65714e+23	2.29e-09	3.32e-05	1.26e-02	1.83e-01	5.32e-01	2.48e-01	2.18e-02	3.22e-03	4.39e-04	2.62e-06	0.00e+00
 1.66802e+23	3.17e-09	4.25e-05	1.49e-02	1.99e-01	5.34e-01	2.30e-01	1.88e-02	2.70e-03	3.45e-04	1.91e-06	0.00e+00
 1.67904e+23	4.10e-09	5.16e-05	1.70e-02	2.12e-01	5.35e-01	2.17e-01	1.67e-02	2.35e-03	2.85e-04	1.48e-06	0.00e+00
 1.69025e+23	5.64e-09	6.55e-05	2.00e-02	2.30e-01	5.34e-01	2.00e-01	1.44e-02	1.96e-03	2.23e-04	1.07e-06	0.00e+00
 1.70168e+23	7.36e-09	8.01e-05	2.29e-02	2.45e-01	5.32e-01	1.86e-01	1.26e-02	1.69e-03	1.81e-04	8.10e-07	0.00e+00
 1.71152e+23	9.36e-09	9.58e-05	2.59e-02	2.59e-01	5.28e-01	1.74e-01	1.12e-02	1.46e-03	1.50e-04	6.28e-07	0.00e+00
 1.72242e+23	1.28e-08	1.21e-04	3.02e-02	2.77e-01	5.22e-01	1.59e-01	9.55e-03	1.22e-03	1.16e-04	4.50e-07	0.00e+00
 1.73292e+23	1.58e-08	1.42e-04	3.36e-02	2.91e-01	5.17e-01	1.49e-01	8.54e-03	1.07e-03	9.74e-05	3.57e-07	0.00e+00
 1.74290e+23	2.09e-08	1.74e-04	3.85e-02	3.08e-01	5.08e-01	1.36e-01	7.32e-03	8.97e-04	7.67e-05	2.61e-07	0.00e+00
 1.75286e+23	2.58e-08	2.04e-04	4.27e-02	3.21e-01	5.01e-01	1.27e-01	6.51e-03	7.84e-04	6.40e-05	2.05e-07	0.00e+00
 1.76278e+23	3.35e-08	2.47e-04	4.84e-02	3.38e-01	4.91e-01	1.16e-01	5.61e-03	6.62e-04	5.08e-05	1.52e-07	0.00e+00
 1.77308e+23	4.25e-08	2.93e-04	5.41e-02	3.53e-01	4.80e-01	1.07e-01	4.89e-03	5.66e-04	4.11e-05	0.00e+00	0.00e+00
 1.78234e+23	5.25e-08	3.43e-04	5.99e-02	3.67e-01	4.70e-01	9.87e-02	4.30e-03	4.90e-04	3.38e-05	0.00e+00	0.00e+00
 1.79283e+23	6.89e-08	4.18e-04	6.80e-02	3.84e-01	4.55e-01	8.87e-02	3.64e-03	4.05e-04	2.62e-05	0.00e+00	0.00e+00
 1.80348e+23	8.63e-08	4.92e-04	7.55e-02	3.98e-01	4.42e-01	8.09e-02	3.15e-03	3.45e-04	2.11e-05	0.00e+00	0.00e+00
 1.81435e+23	1.13e-07	5.98e-04	8.53e-02	4.14e-01	4.25e-01	7.23e-02	2.65e-03	2.83e-04	1.62e-05	0.00e+00	0.00e+00
 1.82546e+23	1.42e-07	7.07e-04	9.48e-02	4.27e-01	4.09e-01	6.52e-02	2.27e-03	2.37e-04	1.28e-05	0.00e+00	0.00e+00
 1.83430e+23	1.70e-07	8.04e-04	1.03e-01	4.37e-01	3.97e-01	6.01e-02	2.01e-03	2.07e-04	1.07e-05	0.00e+00	0.00e+00
 1.84319e+23	2.10e-07	9.36e-04	1.13e-01	4.49e-01	3.82e-01	5.43e-02	1.73e-03	1.75e-04	8.55e-06	0.00e+00	0.00e+00
 1.85239e+23	2.52e-07	1.07e-03	1.22e-01	4.58e-01	3.68e-01	4.96e-02	1.52e-03	1.51e-04	7.03e-06	0.00e+00	0.00e+00
 1.86068e+23	3.01e-07	1.21e-03	1.32e-01	4.66e-01	3.54e-01	4.53e-02	1.33e-03	1.30e-04	5.80e-06	0.00e+00	0.00e+00
 1.87016e+23	3.75e-07	1.41e-03	1.45e-01	4.75e-01	3.37e-01	4.04e-02	1.13e-03	1.08e-04	4.54e-06	0.00e+00	0.00e+00
 1.87973e+23	4.49e-07	1.61e-03	1.57e-01	4.82e-01	3.22e-01	3.65e-02	9.81e-04	9.21e-05	3.68e-06	0.00e+00	0.00e+00
 1.88809e+23	5.34e-07	1.82e-03	1.68e-01	4.88e-01	3.08e-01	3.31e-02	8.56e-04	7.89e-05	3.01e-06	0.00e+00	0.00e+00
 1.89765e+23	6.61e-07	2.11e-03	1.84e-01	4.94e-01	2.90e-01	2.92e-02	7.21e-04	6.48e-05	2.34e-06	0.00e+00	0.00e+00
 1.90737e+23	7.90e-07	2.39e-03	1.97e-01	4.98e-01	2.75e-01	2.62e-02	6.22e-04	5.48e-05	1.88e-06	0.00e+00	0.00e+00
 1.91600e+23	9.37e-07	2.70e-03	2.11e-01	5.01e-01	2.61e-01	2.36e-02	5.37e-04	4.64e-05	1.52e-06	0.00e+00	0.00e+00
 1.92588e+23	1.16e-06	3.12e-03	2.30e-01	5.03e-01	2.43e-01	2.05e-02	4.47e-04	3.75e-05	1.16e-06	0.00e+00	0.00e+00
 1.93592e+23	1.38e-06	3.53e-03	2.46e-01	5.03e-01	2.29e-01	1.82e-02	3.82e-04	3.13e-05	9.19e-07	0.00e+00	0.00e+00
 1.94615e+23	1.71e-06	4.09e-03	2.67e-01	5.02e-01	2.11e-01	1.57e-02	3.14e-04	2.49e-05	6.89e-07	0.00e+00	0.00e+00
 1.95649e+23	2.04e-06	4.61e-03	2.85e-01	5.00e-01	1.97e-01	1.38e-02	2.65e-04	2.06e-05	5.40e-07	0.00e+00	0.00e+00
 1.96273e+23	2.18e-06	4.83e-03	2.92e-01	4.98e-01	1.91e-01	1.31e-02	2.48e-04	1.90e-05	4.91e-07	0.00e+00	0.00e+00
 1.96660e+23	2.36e-06	5.09e-03	3.00e-01	4.97e-01	1.85e-01	1.23e-02	2.30e-04	1.74e-05	4.39e-07	0.00e+00	0.00e+00
 1.97164e+23	2.61e-06	5.45e-03	3.11e-01	4.94e-01	1.77e-01	1.14e-02	2.08e-04	1.55e-05	3.81e-07	0.00e+00	0.00e+00
 1.97819e+23	2.96e-06	5.94e-03	3.26e-01	4.90e-01	1.67e-01	1.03e-02	1.83e-04	1.34e-05	3.16e-07	0.00e+00	0.00e+00
 1.98670e+23	3.53e-06	6.69e-03	3.46e-01	4.84e-01	1.54e-01	8.92e-03	1.53e-04	1.08e-05	2.43e-07	0.00e+00	0.00e+00
 1.99622e+23	4.13e-06	7.42e-03	3.65e-01	4.77e-01	1.43e-01	7.81e-03	1.30e-04	8.92e-06	1.91e-07	0.00e+00	0.00e+00
 2.00704e+23	5.15e-06	8.59e-03	3.92e-01	4.65e-01	1.27e-01	6.44e-03	1.02e-04	6.74e-06	1.35e-07	0.00e+00	0.00e+00
 2.01782e+23	6.03e-06	9.52e-03	4.13e-01	4.56e-01	1.17e-01	5.57e-03	8.56e-05	5.47e-06	0.00e+00	0.00e+00	0.00e+00
 2.02855e+23	7.33e-06	1.08e-02	4.39e-01	4.42e-01	1.04e-01	4.62e-03	6.82e-05	4.18e-06	0.00e+00	0.00e+00	0.00e+00
 2.03983e+23	8.73e-06	1.21e-02	4.62e-01	4.29e-01	9.35e-02	3.89e-03	5.54e-05	3.27e-06	0.00e+00	0.00e+00	0.00e+00
 2.05022e+23	1.03e-05	1.35e-02	4.84e-01	4.15e-01	8.40e-02	3.29e-03	4.52e-05	2.57e-06	0.00e+00	0.00e+00	0.00e+00
 2.05912e+23	1.17e-05	1.46e-02	5.01e-01	4.04e-01	7.73e-02	2.88e-03	3.87e-05	2.13e-06	0.00e+00	0.00e+00	0.00e+00
 2.06773e+23	1.35e-05	1.60e-02	5.22e-01	3.90e-01	6.98e-02	2.46e-03	3.21e-05	1.70e-06	0.00e+00	0.00e+00	0.00e+00
 2.07651e+23	1.53e-05	1.73e-02	5.38e-01	3.78e-01	6.38e-02	2.14e-03	2.73e-05	1.40e-06	0.00e+00	0.00e+00	0.00e+00
 2.08552e+23	1.77e-05	1.90e-02	5.59e-01	3.63e-01	5.71e-02	1.81e-03	2.24e-05	1.10e-06	0.00e+00	0.00e+00	0.00e+00
 2.09470e+23	2.01e-05	2.05e-02	5.76e-01	3.50e-01	5.17e-02	1.56e-03	1.88e-05	8.94e-07	0.00e+00	0.00e+00	0.00e+00
 2.10281e+23	2.27e-05	2.21e-02	5.92e-01	3.37e-01	4.69e-02	1.35e-03	1.58e-05	7.28e-07	0.00e+00	0.00e+00	0.00e+00
 2.11208e+23	2.64e-05	2.43e-02	6.13e-01	3.21e-01	4.13e-02	1.12e-03	1.27e-05	5.58e-07	0.00e+00	0.00e+00	0.00e+00
 2.12141e+23	2.97e-05	2.61e-02	6.28e-01	3.07e-01	3.73e-02	9.59e-04	1.07e-05	4.52e-07	0.00e+00	0.00e+00	0.00e+00
 2.13081e+23	3.44e-05	2.86e-02	6.47e-01	2.91e-01	3.26e-02	7.90e-04	8.56e-06	3.45e-07	0.00e+00	0.00e+00	0.00e+00
 2.14044e+23	3.89e-05	3.07e-02	6.63e-01	2.77e-01	2.91e-02	6.70e-04	7.08e-06	2.74e-07	0.00e+00	0.00e+00	0.00e+00
 2.15035e+23	4.52e-05	3.37e-02	6.81e-01	2.60e-01	2.51e-02	5.43e-04	5.57e-06	2.05e-07	0.00e+00	0.00e+00	0.00e+00
 2.16043e+23	5.12e-05	3.62e-02	6.95e-01	2.46e-01	2.22e-02	4.56e-04	4.56e-06	1.60e-07	0.00e+00	0.00e+00	0.00e+00
 2.17072e+23	5.97e-05	3.96e-02	7.12e-01	2.29e-01	1.90e-02	3.65e-04	3.54e-06	0.00e+00	0.00e+00	0.00e+00	0.00e+00
 2.18122e+23	6.77e-05	4.27e-02	7.26e-01	2.15e-01	1.66e-02	3.03e-04	2.86e-06	0.00e+00	0.00e+00	0.00e+00	0.00e+00
 2.19198e+23	7.89e-05	4.66e-02	7.41e-01	1.98e-01	1.40e-02	2.40e-04	2.19e-06	0.00e+00	0.00e+00	0.00e+00	0.00e+00
 2.20306e+23	9.03e-05	5.04e-02	7.53e-01	1.84e-01	1.20e-02	1.95e-04	1.73e-06	0.00e+00	0.00e+00	0.00e+00	0.00e+00
 2.21456e+23	1.06e-04	5.53e-02	7.67e-01	1.68e-01	9.94e-03	1.50e-04	1.29e-06	0.00e+00	0.00e+00	0.00e+00	0.00e+00
 2.22604e+23	1.21e-04	5.95e-02	7.76e-01	1.55e-01	8.52e-03	1.22e-04	1.02e-06	0.00e+00	0.00e+00	0.00e+00	0.00e+00
 2.23749e+23	1.42e-04	6.50e-02	7.87e-01	1.41e-01	6.99e-03	9.40e-05	7.55e-07	0.00e+00	0.00e+00	0.00e+00	0.00e+00
 2.24912e+23	1.62e-04	7.00e-02	7.95e-01	1.29e-01	5.93e-03	7.57e-05	5.89e-07	0.00e+00	0.00e+00	0.00e+00	0.00e+00
 2.26098e+23	1.91e-04	7.65e-02	8.03e-01	1.16e-01	4.79e-03	5.73e-05	4.29e-07	0.00e+00	0.00e+00	0.00e+00	0.00e+00
 2.27297e+23	2.19e-04	8.24e-02	8.08e-01	1.05e-01	4.02e-03	4.56e-05	3.30e-07	0.00e+00	0.00e+00	0.00e+00	0.00e+00
 2.28515e+23	2.58e-04	9.01e-02	8.13e-01	9.34e-02	3.21e-03	3.41e-05	2.37e-07	0.00e+00	0.00e+00	0.00e+00	0.00e+00
 2.29747e+23	2.98e-04	9.72e-02	8.16e-01	8.42e-02	2.65e-03	2.68e-05	1.79e-07	0.00e+00	0.00e+00	0.00e+00	0.00e+00
 2.31000e+23	3.53e-04	1.06e-01	8.18e-01	7.37e-02	2.08e-03	1.98e-05	1.26e-07	0.00e+00	0.00e+00	0.00e+00	0.00e+00
 2.32267e+23	4.09e-04	1.15e-01	8.17e-01	6.58e-02	1.70e-03	1.54e-05	0.00e+00	0.00e+00	0.00e+00	0.00e+00	0.00e+00
 2.33553e+23	4.89e-04	1.26e-01	8.16e-01	5.67e-02	1.31e-03	1.11e-05	0.00e+00	0.00e+00	0.00e+00	0.00e+00	0.00e+00
 2.34853e+23	5.70e-04	1.36e-01	8.12e-01	4.99e-02	1.06e-03	8.50e-06	0.00e+00	0.00e+00	0.00e+00	0.00e+00	0.00e+00
 2.36171e+23	6.92e-04	1.49e-01	8.07e-01	4.22e-02	7.93e-04	5.99e-06	0.00e+00	0.00e+00	0.00e+00	0.00e+00	0.00e+00
 2.37495e+23	8.08e-04	1.61e-01	8.00e-01	3.67e-02	6.32e-04	4.53e-06	0.00e+00	0.00e+00	0.00e+00	0.00e+00	0.00e+00
 2.38826e+23	9.85e-04	1.77e-01	7.91e-01	3.04e-02	4.66e-04	3.13e-06	0.00e+00	0.00e+00	0.00e+00	0.00e+00	0.00e+00
 2.40180e+23	1.17e-03	1.92e-01	7.81e-01	2.58e-02	3.62e-04	2.29e-06	0.00e+00	0.00e+00	0.00e+00	0.00e+00	0.00e+00
 2.41563e+23	1.44e-03	2.11e-01	7.66e-01	2.08e-02	2.59e-04	1.52e-06	0.00e+00	0.00e+00	0.00e+00	0.00e+00	0.00e+00
 2.42978e+23	1.73e-03	2.29e-01	7.52e-01	1.71e-02	1.94e-04	1.06e-06	0.00e+00	0.00e+00	0.00e+00	0.00e+00	0.00e+00
 2.44056e+23	1.99e-03	2.44e-01	7.39e-01	1.47e-02	1.56e-04	8.05e-07	0.00e+00	0.00e+00	0.00e+00	0.00e+00	0.00e+00
 2.45080e+23	2.32e-03	2.60e-01	7.25e-01	1.21e-02	1.19e-04	5.75e-07	0.00e+00	0.00e+00	0.00e+00	0.00e+00	0.00e+00
 2.46157e+23	2.70e-03	2.77e-01	7.10e-01	1.01e-02	9.24e-05	4.12e-07	0.00e+00	0.00e+00	0.00e+00	0.00e+00	0.00e+00
 2.47133e+23	3.11e-03	2.93e-01	6.95e-01	8.35e-03	7.23e-05	2.97e-07	0.00e+00	0.00e+00	0.00e+00	0.00e+00	0.00e+00
 2.48230e+23	3.71e-03	3.14e-01	6.76e-01	6.51e-03	5.26e-05	1.93e-07	0.00e+00	0.00e+00	0.00e+00	0.00e+00	0.00e+00
 2.49396e+23	4.42e-03	3.35e-01	6.56e-01	5.02e-03	3.83e-05	0.00e+00	0.00e+00	0.00e+00	0.00e+00	0.00e+00	0.00e+00
 2.50405e+23	5.13e-03	3.53e-01	6.38e-01	3.92e-03	2.87e-05	0.00e+00	0.00e+00	0.00e+00	0.00e+00	0.00e+00	0.00e+00
 2.51298e+23	5.90e-03	3.69e-01	6.22e-01	3.07e-03	2.18e-05	0.00e+00	0.00e+00	0.00e+00	0.00e+00	0.00e+00	0.00e+00
 2.52136e+23	6.77e-03	3.85e-01	6.06e-01	2.38e-03	1.65e-05	0.00e+00	0.00e+00	0.00e+00	0.00e+00	0.00e+00	0.00e+00
 2.52913e+23	7.65e-03	3.98e-01	5.93e-01	1.85e-03	1.27e-05	0.00e+00	0.00e+00	0.00e+00	0.00e+00	0.00e+00	0.00e+00
 2.53625e+23	8.64e-03	4.10e-01	5.79e-01	1.43e-03	9.70e-06	0.00e+00	0.00e+00	0.00e+00	0.00e+00	0.00e+00	0.00e+00
 2.54273e+23	9.63e-03	4.20e-01	5.69e-01	1.11e-03	7.55e-06	0.00e+00	0.00e+00	0.00e+00	0.00e+00	0.00e+00	0.00e+00
 2.54852e+23	1.07e-02	4.29e-01	5.59e-01	8.71e-04	5.93e-06	0.00e+00	0.00e+00	0.00e+00	0.00e+00	0.00e+00	0.00e+00
 2.55372e+23	1.17e-02	4.36e-01	5.51e-01	6.91e-04	4.74e-06	0.00e+00	0.00e+00	0.00e+00	0.00e+00	0.00e+00	0.00e+00
 2.55839e+23	1.28e-02	4.41e-01	5.45e-01	5.56e-04	3.85e-06	0.00e+00	0.00e+00	0.00e+00	0.00e+00	0.00e+00	0.00e+00
 2.56268e+23	1.39e-02	4.45e-01	5.40e-01	4.50e-04	3.16e-06	0.00e+00	0.00e+00	0.00e+00	0.00e+00	0.00e+00	0.00e+00
 2.56665e+23	1.50e-02	4.48e-01	5.37e-01	3.70e-04	2.63e-06	0.00e+00	0.00e+00	0.00e+00	0.00e+00	0.00e+00	0.00e+00
 2.57025e+23	1.60e-02	4.49e-01	5.34e-01	3.09e-04	2.22e-06	0.00e+00	0.00e+00	0.00e+00	0.00e+00	0.00e+00	0.00e+00
 2.57358e+23	1.71e-02	4.50e-01	5.33e-01	2.61e-04	1.91e-06	0.00e+00	0.00e+00	0.00e+00	0.00e+00	0.00e+00	0.00e+00
 2.57584e+23	1.76e-02	4.48e-01	5.34e-01	2.37e-04	1.74e-06	0.00e+00	0.00e+00	0.00e+00	0.00e+00	0.00e+00	0.00e+00
 2.57693e+23	1.79e-02	4.48e-01	5.34e-01	2.25e-04	1.67e-06	0.00e+00	0.00e+00	0.00e+00	0.00e+00	0.00e+00	0.00e+00
 2.57790e+23	1.83e-02	4.48e-01	5.33e-01	2.15e-04	1.60e-06	0.00e+00	0.00e+00	0.00e+00	0.00e+00	0.00e+00	0.00e+00
 2.57913e+23	1.87e-02	4.48e-01	5.33e-01	2.02e-04	1.51e-06	0.00e+00	0.00e+00	0.00e+00	0.00e+00	0.00e+00	0.00e+00
 2.58057e+23	1.93e-02	4.48e-01	5.33e-01	1.89e-04	1.42e-06	0.00e+00	0.00e+00	0.00e+00	0.00e+00	0.00e+00	0.00e+00
 2.58201e+23	1.97e-02	4.46e-01	5.34e-01	1.78e-04	1.35e-06	0.00e+00	0.00e+00	0.00e+00	0.00e+00	0.00e+00	0.00e+00
 2.58347e+23	2.03e-02	4.46e-01	5.34e-01	1.66e-04	1.27e-06	0.00e+00	0.00e+00	0.00e+00	0.00e+00	0.00e+00	0.00e+00
 2.58499e+23	2.09e-02	4.45e-01	5.34e-01	1.56e-04	1.20e-06	0.00e+00	0.00e+00	0.00e+00	0.00e+00	0.00e+00	0.00e+00
 2.58650e+23	2.14e-02	4.44e-01	5.35e-01	1.46e-04	1.14e-06	0.00e+00	0.00e+00	0.00e+00	0.00e+00	0.00e+00	0.00e+00
 2.58809e+23	2.20e-02	4.42e-01	5.35e-01	1.38e-04	1.08e-06	0.00e+00	0.00e+00	0.00e+00	0.00e+00	0.00e+00	0.00e+00
 2.58976e+23	2.25e-02	4.41e-01	5.36e-01	1.29e-04	1.02e-06	0.00e+00	0.00e+00	0.00e+00	0.00e+00	0.00e+00	0.00e+00
 2.59137e+23	2.30e-02	4.39e-01	5.38e-01	1.22e-04	9.75e-07	0.00e+00	0.00e+00	0.00e+00	0.00e+00	0.00e+00	0.00e+00
 2.59261e+23	2.34e-02	4.38e-01	5.39e-01	1.17e-04	9.43e-07	0.00e+00	0.00e+00	0.00e+00	0.00e+00	0.00e+00	0.00e+00
 2.59344e+23	2.37e-02	4.37e-01	5.40e-01	1.15e-04	9.24e-07	0.00e+00	0.00e+00	0.00e+00	0.00e+00	0.00e+00	0.00e+00
 2.59425e+23	2.40e-02	4.36e-01	5.40e-01	1.11e-04	9.03e-07	0.00e+00	0.00e+00	0.00e+00	0.00e+00	0.00e+00	0.00e+00
 2.59524e+23	2.44e-02	4.36e-01	5.40e-01	1.08e-04	8.79e-07	0.00e+00	0.00e+00	0.00e+00	0.00e+00	0.00e+00	0.00e+00
 2.59632e+23	2.48e-02	4.35e-01	5.40e-01	1.04e-04	8.56e-07	0.00e+00	0.00e+00	0.00e+00	0.00e+00	0.00e+00	0.00e+00
 2.59737e+23	2.53e-02	4.35e-01	5.40e-01	1.01e-04	8.34e-07	0.00e+00	0.00e+00	0.00e+00	0.00e+00	0.00e+00	0.00e+00
 2.59837e+23	2.57e-02	4.34e-01	5.40e-01	9.84e-05	8.16e-07	0.00e+00	0.00e+00	0.00e+00	0.00e+00	0.00e+00	0.00e+00
 2.59941e+23	2.62e-02	4.34e-01	5.40e-01	9.55e-05	7.97e-07	0.00e+00	0.00e+00	0.00e+00	0.00e+00	0.00e+00	0.00e+00
 2.60051e+23	2.67e-02	4.34e-01	5.39e-01	9.26e-05	7.77e-07	0.00e+00	0.00e+00	0.00e+00	0.00e+00	0.00e+00	0.00e+00
 2.60161e+23	2.72e-02	4.34e-01	5.39e-01	8.99e-05	7.60e-07	0.00e+00	0.00e+00	0.00e+00	0.00e+00	0.00e+00	0.00e+00
 2.60271e+23	2.77e-02	4.33e-01	5.39e-01	8.74e-05	7.43e-07	0.00e+00	0.00e+00	0.00e+00	0.00e+00	0.00e+00	0.00e+00
 2.60387e+23	2.83e-02	4.34e-01	5.38e-01	8.49e-05	7.26e-07	0.00e+00	0.00e+00	0.00e+00	0.00e+00	0.00e+00	0.00e+00
 2.60508e+23	2.89e-02	4.34e-01	5.37e-01	8.23e-05	7.09e-07	0.00e+00	0.00e+00	0.00e+00	0.00e+00	0.00e+00	0.00e+00
 2.60628e+23	2.95e-02	4.34e-01	5.36e-01	8.00e-05	6.94e-07	0.00e+00	0.00e+00	0.00e+00	0.00e+00	0.00e+00	0.00e+00
 2.60750e+23	3.02e-02	4.35e-01	5.35e-01	7.77e-05	6.79e-07	0.00e+00	0.00e+00	0.00e+00	0.00e+00	0.00e+00	0.00e+00
 2.60878e+23	3.09e-02	4.36e-01	5.33e-01	7.54e-05	6.64e-07	0.00e+00	0.00e+00	0.00e+00	0.00e+00	0.00e+00	0.00e+00
 2.61011e+23	3.17e-02	4.36e-01	5.32e-01	7.32e-05	6.49e-07	0.00e+00	0.00e+00	0.00e+00	0.00e+00	0.00e+00	0.00e+00
 2.61146e+23	3.25e-02	4.37e-01	5.30e-01	7.10e-05	6.35e-07	0.00e+00	0.00e+00	0.00e+00	0.00e+00	0.00e+00	0.00e+00
 2.61283e+23	3.34e-02	4.39e-01	5.28e-01	6.89e-05	6.21e-07	0.00e+00	0.00e+00	0.00e+00	0.00e+00	0.00e+00	0.00e+00
 2.61427e+23	3.44e-02	4.40e-01	5.25e-01	6.68e-05	6.07e-07	0.00e+00	0.00e+00	0.00e+00	0.00e+00	0.00e+00	0.00e+00
