#depth	N	N+	N+2	N+3	N+4	N+5	N+6	N+7
 1.54284e+22	0.00e+00	7.20e-24	1.61e-18	3.94e-14	3.30e-10	4.59e-06	4.07e-03	9.96e-01
 3.47806e+22	1.42e-29	8.27e-23	1.25e-17	2.08e-13	1.18e-09	1.08e-05	6.20e-03	9.94e-01
 4.10319e+22	7.89e-29	3.54e-22	4.15e-17	5.47e-13	2.45e-09	1.80e-05	8.03e-03	9.92e-01
 4.52213e+22	3.26e-28	1.17e-21	1.11e-16	1.19e-12	4.33e-09	2.71e-05	9.97e-03	9.90e-01
 4.75487e+22	4.73e-28	1.60e-21	1.43e-16	1.45e-12	5.00e-09	3.01e-05	1.05e-02	9.89e-01
 4.82824e+22	5.92e-28	1.93e-21	1.66e-16	1.63e-12	5.44e-09	3.21e-05	1.09e-02	9.89e-01
 4.88041e+22	7.17e-28	2.26e-21	1.89e-16	1.81e-12	5.86e-09	3.39e-05	1.12e-02	9.89e-01
 4.93870e+22	9.30e-28	2.81e-21	2.26e-16	2.07e-12	6.45e-09	3.64e-05	1.17e-02	9.88e-01
 4.99866e+22	1.16e-27	3.38e-21	2.62e-16	2.33e-12	7.00e-09	3.87e-05	1.21e-02	9.88e-01
 5.05254e+22	1.45e-27	4.07e-21	3.04e-16	2.61e-12	7.59e-09	4.12e-05	1.25e-02	9.87e-01
 5.11434e+22	1.92e-27	5.14e-21	3.68e-16	3.02e-12	8.40e-09	4.45e-05	1.31e-02	9.87e-01
 5.17651e+22	2.40e-27	6.21e-21	4.28e-16	3.40e-12	9.14e-09	4.75e-05	1.35e-02	9.86e-01
 5.22950e+22	3.02e-27	7.50e-21	4.98e-16	3.82e-12	9.89e-09	5.05e-05	1.40e-02	9.86e-01
 5.27950e+22	3.70e-27	8.89e-21	5.72e-16	4.25e-12	1.07e-08	5.34e-05	1.45e-02	9.85e-01
 5.33528e+22	4.76e-27	1.10e-20	6.76e-16	4.83e-12	1.16e-08	5.73e-05	1.50e-02	9.85e-01
 5.39403e+22	6.04e-27	1.33e-20	7.92e-16	5.45e-12	1.26e-08	6.11e-05	1.56e-02	9.84e-01
 5.44655e+22	7.51e-27	1.60e-20	9.17e-16	6.10e-12	1.37e-08	6.49e-05	1.61e-02	9.84e-01
 5.50473e+22	9.91e-27	2.01e-20	1.10e-15	7.02e-12	1.51e-08	7.00e-05	1.68e-02	9.83e-01
 5.56235e+22	1.25e-26	2.44e-20	1.28e-15	7.88e-12	1.63e-08	7.45e-05	1.74e-02	9.83e-01
 5.61063e+22	1.53e-26	2.89e-20	1.47e-15	8.75e-12	1.75e-08	7.88e-05	1.79e-02	9.82e-01
 5.66477e+22	1.99e-26	3.59e-20	1.75e-15	1.00e-11	1.91e-08	8.47e-05	1.87e-02	9.81e-01
 5.72049e+22	2.51e-26	4.36e-20	2.05e-15	1.12e-11	2.07e-08	9.02e-05	1.93e-02	9.81e-01
 5.76968e+22	3.12e-26	5.21e-20	2.36e-15	1.25e-11	2.23e-08	9.57e-05	2.00e-02	9.80e-01
 5.82502e+22	4.10e-26	6.54e-20	2.84e-15	1.44e-11	2.45e-08	1.03e-04	2.08e-02	9.79e-01
 5.88194e+22	5.23e-26	8.00e-20	3.33e-15	1.63e-11	2.66e-08	1.10e-04	2.16e-02	9.78e-01
 5.93205e+22	6.58e-26	9.67e-20	3.88e-15	1.83e-11	2.87e-08	1.17e-04	2.23e-02	9.78e-01
 5.98077e+22	8.30e-26	1.17e-19	4.52e-15	2.05e-11	3.11e-08	1.25e-04	2.31e-02	9.77e-01
 6.03650e+22	1.11e-25	1.49e-19	5.48e-15	2.38e-11	3.43e-08	1.35e-04	2.41e-02	9.76e-01
 6.09344e+22	1.41e-25	1.82e-19	6.44e-15	2.69e-11	3.72e-08	1.44e-04	2.50e-02	9.75e-01
 6.15195e+22	1.93e-25	2.36e-19	7.93e-15	3.15e-11	4.14e-08	1.56e-04	2.61e-02	9.74e-01
 6.21099e+22	2.50e-25	2.92e-19	9.42e-15	3.59e-11	4.52e-08	1.68e-04	2.71e-02	9.73e-01
 6.25953e+22	3.12e-25	3.52e-19	1.09e-14	4.02e-11	4.88e-08	1.78e-04	2.80e-02	9.72e-01
 6.31141e+22	4.16e-25	4.46e-19	1.32e-14	4.64e-11	5.37e-08	1.92e-04	2.92e-02	9.71e-01
 6.36438e+22	5.32e-25	5.48e-19	1.56e-14	5.26e-11	5.84e-08	2.05e-04	3.02e-02	9.70e-01
 6.40743e+22	6.52e-25	6.49e-19	1.79e-14	5.83e-11	6.26e-08	2.16e-04	3.11e-02	9.69e-01
 6.45206e+22	8.41e-25	8.02e-19	2.12e-14	6.64e-11	6.83e-08	2.31e-04	3.23e-02	9.68e-01
 6.49475e+22	1.02e-24	9.41e-19	2.41e-14	7.32e-11	7.28e-08	2.43e-04	3.31e-02	9.67e-01
 6.52911e+22	1.23e-24	1.10e-18	2.74e-14	8.07e-11	7.77e-08	2.56e-04	3.40e-02	9.66e-01
 6.56276e+22	1.48e-24	1.28e-18	3.09e-14	8.85e-11	8.26e-08	2.68e-04	3.49e-02	9.65e-01
 6.59569e+22	1.75e-24	1.48e-18	3.47e-14	9.65e-11	8.76e-08	2.80e-04	3.57e-02	9.64e-01
 6.63289e+22	2.23e-24	1.80e-18	4.07e-14	1.09e-10	9.48e-08	2.98e-04	3.69e-02	9.63e-01
 6.66942e+22	2.63e-24	2.07e-18	4.55e-14	1.19e-10	1.01e-07	3.11e-04	3.77e-02	9.62e-01
 6.70509e+22	3.31e-24	2.51e-18	5.32e-14	1.34e-10	1.09e-07	3.30e-04	3.89e-02	9.61e-01
 6.73966e+22	3.94e-24	2.90e-18	5.99e-14	1.46e-10	1.15e-07	3.46e-04	3.98e-02	9.60e-01
 6.76839e+22	4.70e-24	3.37e-18	6.75e-14	1.60e-10	1.23e-07	3.61e-04	4.07e-02	9.59e-01
 6.79701e+22	5.58e-24	3.89e-18	7.58e-14	1.75e-10	1.30e-07	3.78e-04	4.17e-02	9.58e-01
 6.82987e+22	6.93e-24	4.66e-18	8.77e-14	1.96e-10	1.40e-07	3.99e-04	4.28e-02	9.57e-01
 6.86365e+22	8.39e-24	5.47e-18	9.99e-14	2.16e-10	1.50e-07	4.18e-04	4.39e-02	9.56e-01
 6.89350e+22	1.00e-23	6.34e-18	1.13e-13	2.37e-10	1.59e-07	4.38e-04	4.49e-02	9.55e-01
 6.92168e+22	1.21e-23	7.40e-18	1.28e-13	2.60e-10	1.69e-07	4.58e-04	4.60e-02	9.54e-01
 6.94787e+22	1.43e-23	8.53e-18	1.43e-13	2.84e-10	1.80e-07	4.78e-04	4.70e-02	9.53e-01
 6.97705e+22	1.76e-23	1.02e-17	1.66e-13	3.17e-10	1.93e-07	5.03e-04	4.82e-02	9.51e-01
 7.00699e+22	2.14e-23	1.20e-17	1.89e-13	3.51e-10	2.07e-07	5.28e-04	4.94e-02	9.50e-01
 7.03308e+22	2.53e-23	1.38e-17	2.12e-13	3.83e-10	2.19e-07	5.50e-04	5.04e-02	9.49e-01
 7.06212e+22	3.23e-23	1.69e-17	2.50e-13	4.34e-10	2.38e-07	5.83e-04	5.19e-02	9.48e-01
 7.09124e+22	3.88e-23	1.98e-17	2.84e-13	4.78e-10	2.54e-07	6.09e-04	5.31e-02	9.46e-01
 7.12044e+22	4.97e-23	2.44e-17	3.37e-13	5.44e-10	2.77e-07	6.46e-04	5.46e-02	9.45e-01
 7.15010e+22	6.08e-23	2.89e-17	3.87e-13	6.05e-10	2.97e-07	6.78e-04	5.59e-02	9.43e-01
 7.17553e+22	7.31e-23	3.38e-17	4.39e-13	6.67e-10	3.17e-07	7.09e-04	5.72e-02	9.42e-01
 7.20376e+22	9.61e-23	4.25e-17	5.30e-13	7.69e-10	3.48e-07	7.55e-04	5.90e-02	9.40e-01
 7.23148e+22	1.15e-22	4.96e-17	6.01e-13	8.46e-10	3.71e-07	7.88e-04	6.02e-02	9.39e-01
 7.25853e+22	1.51e-22	6.22e-17	7.23e-13	9.74e-10	4.07e-07	8.38e-04	6.21e-02	9.37e-01
 7.28512e+22	1.80e-22	7.21e-17	8.17e-13	1.07e-09	4.34e-07	8.73e-04	6.33e-02	9.36e-01
 7.31110e+22	2.37e-22	9.13e-17	9.91e-13	1.24e-09	4.78e-07	9.30e-04	6.53e-02	9.34e-01
 7.33688e+22	2.85e-22	1.07e-16	1.13e-12	1.36e-09	5.10e-07	9.70e-04	6.66e-02	9.32e-01
 7.36240e+22	3.77e-22	1.35e-16	1.37e-12	1.58e-09	5.63e-07	1.03e-03	6.87e-02	9.30e-01
 7.38812e+22	4.61e-22	1.61e-16	1.57e-12	1.76e-09	6.04e-07	1.08e-03	7.02e-02	9.29e-01
 7.41412e+22	6.18e-22	2.06e-16	1.93e-12	2.06e-09	6.70e-07	1.15e-03	7.24e-02	9.26e-01
 7.44042e+22	7.67e-22	2.48e-16	2.24e-12	2.31e-09	7.23e-07	1.21e-03	7.41e-02	9.25e-01
 7.46712e+22	1.03e-21	3.18e-16	2.76e-12	2.70e-09	8.03e-07	1.29e-03	7.65e-02	9.22e-01
 7.49355e+22	1.29e-21	3.85e-16	3.22e-12	3.04e-09	8.69e-07	1.36e-03	7.83e-02	9.20e-01
 7.51964e+22	1.74e-21	4.96e-16	3.98e-12	3.57e-09	9.67e-07	1.45e-03	8.09e-02	9.18e-01
 7.54613e+22	2.21e-21	6.08e-16	4.70e-12	4.05e-09	1.05e-06	1.53e-03	8.29e-02	9.16e-01
 7.57313e+22	3.02e-21	7.96e-16	5.86e-12	4.80e-09	1.18e-06	1.64e-03	8.57e-02	9.13e-01
 7.60046e+22	3.88e-21	9.84e-16	6.98e-12	5.48e-09	1.29e-06	1.74e-03	8.79e-02	9.10e-01
 7.62822e+22	5.39e-21	1.30e-15	8.80e-12	6.53e-09	1.45e-06	1.87e-03	9.10e-02	9.07e-01
 7.65612e+22	6.93e-21	1.62e-15	1.05e-11	7.48e-09	1.58e-06	1.97e-03	9.34e-02	9.05e-01
 7.68015e+22	8.87e-21	2.00e-15	1.25e-11	8.54e-09	1.73e-06	2.09e-03	9.58e-02	9.02e-01
 7.70733e+22	1.23e-20	2.64e-15	1.58e-11	1.02e-08	1.95e-06	2.24e-03	9.91e-02	8.99e-01
 7.73449e+22	1.56e-20	3.23e-15	1.86e-11	1.16e-08	2.12e-06	2.36e-03	1.02e-01	8.96e-01
 7.76160e+22	2.14e-20	4.24e-15	2.33e-11	1.37e-08	2.38e-06	2.54e-03	1.05e-01	8.92e-01
 7.78901e+22	2.71e-20	5.18e-15	2.75e-11	1.56e-08	2.59e-06	2.67e-03	1.08e-01	8.90e-01
 7.81681e+22	3.74e-20	6.83e-15	3.45e-11	1.85e-08	2.91e-06	2.87e-03	1.11e-01	8.86e-01
 7.84506e+22	4.73e-20	8.35e-15	4.08e-11	2.11e-08	3.18e-06	3.03e-03	1.14e-01	8.83e-01
 7.87392e+22	6.45e-20	1.09e-14	5.09e-11	2.49e-08	3.56e-06	3.25e-03	1.18e-01	8.79e-01
 7.90379e+22	8.32e-20	1.36e-14	6.09e-11	2.87e-08	3.91e-06	3.45e-03	1.21e-01	8.76e-01
 7.93492e+22	1.15e-19	1.79e-14	7.66e-11	3.42e-08	4.41e-06	3.71e-03	1.25e-01	8.71e-01
 7.96677e+22	1.48e-19	2.22e-14	9.18e-11	3.93e-08	4.85e-06	3.94e-03	1.29e-01	8.67e-01
 7.99512e+22	1.89e-19	2.74e-14	1.09e-10	4.49e-08	5.31e-06	4.17e-03	1.32e-01	8.64e-01
 8.02747e+22	2.59e-19	3.59e-14	1.37e-10	5.33e-08	5.98e-06	4.48e-03	1.36e-01	8.59e-01
 8.06032e+22	3.30e-19	4.42e-14	1.62e-10	6.09e-08	6.55e-06	4.75e-03	1.40e-01	8.55e-01
 8.09380e+22	4.49e-19	5.75e-14	2.02e-10	7.22e-08	7.36e-06	5.11e-03	1.45e-01	8.50e-01
 8.12633e+22	5.56e-19	6.92e-14	2.36e-10	8.14e-08	7.99e-06	5.37e-03	1.48e-01	8.46e-01
 8.15760e+22	7.37e-19	8.81e-14	2.89e-10	9.51e-08	8.89e-06	5.75e-03	1.53e-01	8.42e-01
 8.18945e+22	9.08e-19	1.05e-13	3.35e-10	1.07e-07	9.65e-06	6.04e-03	1.56e-01	8.38e-01
 8.22204e+22	1.21e-18	1.35e-13	4.11e-10	1.25e-07	1.08e-05	6.47e-03	1.61e-01	8.32e-01
 8.25513e+22	1.48e-18	1.61e-13	4.76e-10	1.40e-07	1.17e-05	6.80e-03	1.65e-01	8.29e-01
 8.28884e+22	1.96e-18	2.05e-13	5.84e-10	1.64e-07	1.30e-05	7.28e-03	1.70e-01	8.23e-01
 8.32197e+22	2.37e-18	2.41e-13	6.68e-10	1.83e-07	1.40e-05	7.63e-03	1.73e-01	8.19e-01
 8.35434e+22	3.08e-18	3.02e-13	8.07e-10	2.12e-07	1.55e-05	8.13e-03	1.78e-01	8.14e-01
 8.38737e+22	3.73e-18	3.56e-13	9.26e-10	2.36e-07	1.67e-05	8.53e-03	1.82e-01	8.09e-01
 8.42126e+22	4.84e-18	4.45e-13	1.12e-09	2.73e-07	1.86e-05	9.09e-03	1.87e-01	8.04e-01
 8.45580e+22	5.89e-18	5.27e-13	1.29e-09	3.05e-07	2.01e-05	9.55e-03	1.91e-01	7.99e-01
 8.49117e+22	7.66e-18	6.61e-13	1.56e-09	3.54e-07	2.23e-05	1.02e-02	1.97e-01	7.93e-01
 8.52718e+22	9.31e-18	7.82e-13	1.79e-09	3.96e-07	2.41e-05	1.07e-02	2.01e-01	7.88e-01
 8.56400e+22	1.21e-17	9.81e-13	2.17e-09	4.59e-07	2.68e-05	1.14e-02	2.07e-01	7.82e-01
 8.60153e+22	1.47e-17	1.16e-12	2.50e-09	5.14e-07	2.90e-05	1.20e-02	2.11e-01	7.77e-01
 8.63996e+22	1.92e-17	1.46e-12	3.02e-09	5.98e-07	3.22e-05	1.28e-02	2.17e-01	7.70e-01
 8.67752e+22	2.28e-17	1.69e-12	3.43e-09	6.60e-07	3.46e-05	1.34e-02	2.21e-01	7.65e-01
 8.71396e+22	2.93e-17	2.10e-12	4.11e-09	7.61e-07	3.83e-05	1.43e-02	2.27e-01	7.58e-01
 8.75098e+22	3.48e-17	2.44e-12	4.66e-09	8.41e-07	4.11e-05	1.49e-02	2.32e-01	7.53e-01
 8.78876e+22	4.43e-17	3.00e-12	5.54e-09	9.65e-07	4.53e-05	1.59e-02	2.38e-01	7.46e-01
 8.82773e+22	5.37e-17	3.55e-12	6.38e-09	1.08e-06	4.90e-05	1.67e-02	2.43e-01	7.41e-01
 8.86825e+22	6.83e-17	4.36e-12	7.59e-09	1.24e-06	5.41e-05	1.77e-02	2.49e-01	7.33e-01
 8.91010e+22	8.37e-17	5.20e-12	8.80e-09	1.39e-06	5.88e-05	1.87e-02	2.54e-01	7.27e-01
 8.95370e+22	1.07e-16	6.44e-12	1.05e-08	1.61e-06	6.52e-05	1.99e-02	2.61e-01	7.19e-01
 8.99851e+22	1.31e-16	7.71e-12	1.23e-08	1.81e-06	7.10e-05	2.10e-02	2.67e-01	7.12e-01
 9.04490e+22	1.69e-16	9.62e-12	1.48e-08	2.10e-06	7.90e-05	2.24e-02	2.74e-01	7.04e-01
 9.09286e+22	2.10e-16	1.16e-11	1.73e-08	2.38e-06	8.64e-05	2.37e-02	2.80e-01	6.96e-01
 9.14286e+22	2.75e-16	1.46e-11	2.10e-08	2.78e-06	9.65e-05	2.53e-02	2.88e-01	6.87e-01
 9.19408e+22	3.44e-16	1.77e-11	2.47e-08	3.17e-06	1.06e-04	2.68e-02	2.94e-01	6.79e-01
 9.23994e+22	4.24e-16	2.12e-11	2.88e-08	3.58e-06	1.15e-04	2.83e-02	3.00e-01	6.71e-01
 9.29259e+22	5.65e-16	2.73e-11	3.55e-08	4.23e-06	1.30e-04	3.04e-02	3.09e-01	6.60e-01
 9.34562e+22	6.96e-16	3.26e-11	4.13e-08	4.77e-06	1.42e-04	3.21e-02	3.15e-01	6.52e-01
 9.39915e+22	9.23e-16	4.16e-11	5.07e-08	5.62e-06	1.60e-04	3.45e-02	3.24e-01	6.41e-01
 9.45381e+22	1.16e-15	5.07e-11	5.98e-08	6.41e-06	1.75e-04	3.65e-02	3.31e-01	6.32e-01
 9.50994e+22	1.55e-15	6.51e-11	7.39e-08	7.59e-06	1.98e-04	3.93e-02	3.40e-01	6.21e-01
 9.56695e+22	1.96e-15	7.97e-11	8.77e-08	8.70e-06	2.18e-04	4.17e-02	3.47e-01	6.11e-01
 9.62507e+22	2.66e-15	1.04e-10	1.10e-07	1.04e-05	2.48e-04	4.50e-02	3.57e-01	5.98e-01
 9.68004e+22	3.25e-15	1.24e-10	1.27e-07	1.17e-05	2.69e-04	4.73e-02	3.63e-01	5.89e-01
 9.73089e+22	4.25e-15	1.56e-10	1.55e-07	1.37e-05	3.02e-04	5.06e-02	3.72e-01	5.77e-01
 9.78215e+22	5.19e-15	1.86e-10	1.79e-07	1.54e-05	3.28e-04	5.32e-02	3.78e-01	5.68e-01
 9.83393e+22	6.86e-15	2.36e-10	2.20e-07	1.81e-05	3.69e-04	5.70e-02	3.87e-01	5.56e-01
 9.88618e+22	8.45e-15	2.83e-10	2.56e-07	2.05e-05	4.02e-04	6.00e-02	3.94e-01	5.46e-01
 9.93901e+22	1.12e-14	3.62e-10	3.15e-07	2.43e-05	4.53e-04	6.44e-02	4.02e-01	5.33e-01
 9.99264e+22	1.39e-14	4.37e-10	3.70e-07	2.76e-05	4.97e-04	6.79e-02	4.09e-01	5.22e-01
 1.00473e+23	1.86e-14	5.63e-10	4.59e-07	3.29e-05	5.63e-04	7.31e-02	4.18e-01	5.08e-01
 1.01027e+23	2.32e-14	6.82e-10	5.41e-07	3.75e-05	6.19e-04	7.72e-02	4.25e-01	4.97e-01
 1.01590e+23	3.11e-14	8.82e-10	6.74e-07	4.49e-05	7.03e-04	8.31e-02	4.34e-01	4.82e-01
 1.02166e+23	3.93e-14	1.08e-09	8.04e-07	5.18e-05	7.80e-04	8.81e-02	4.41e-01	4.70e-01
 1.02758e+23	5.33e-14	1.41e-09	1.01e-06	6.25e-05	8.92e-04	9.51e-02	4.51e-01	4.53e-01
 1.03359e+23	6.77e-14	1.74e-09	1.21e-06	7.26e-05	9.93e-04	1.01e-01	4.58e-01	4.40e-01
 1.03954e+23	9.06e-14	2.26e-09	1.52e-06	8.73e-05	1.13e-03	1.09e-01	4.66e-01	4.24e-01
 1.04521e+23	1.12e-13	2.71e-09	1.78e-06	9.97e-05	1.25e-03	1.15e-01	4.72e-01	4.12e-01
 1.05071e+23	1.46e-13	3.44e-09	2.19e-06	1.19e-04	1.42e-03	1.23e-01	4.79e-01	3.97e-01
 1.05632e+23	1.80e-13	4.15e-09	2.58e-06	1.36e-04	1.57e-03	1.30e-01	4.84e-01	3.84e-01
 1.06180e+23	2.31e-13	5.18e-09	3.14e-06	1.61e-04	1.77e-03	1.39e-01	4.90e-01	3.69e-01
 1.06739e+23	2.85e-13	6.27e-09	3.72e-06	1.86e-04	1.96e-03	1.47e-01	4.95e-01	3.56e-01
 1.07285e+23	3.58e-13	7.68e-09	4.45e-06	2.17e-04	2.20e-03	1.56e-01	5.00e-01	3.42e-01
 1.07841e+23	4.40e-13	9.27e-09	5.27e-06	2.52e-04	2.45e-03	1.65e-01	5.04e-01	3.28e-01
 1.08393e+23	5.42e-13	1.12e-08	6.26e-06	2.92e-04	2.73e-03	1.75e-01	5.07e-01	3.15e-01
 1.08947e+23	6.61e-13	1.34e-08	7.38e-06	3.38e-04	3.04e-03	1.85e-01	5.10e-01	3.01e-01
 1.09496e+23	8.00e-13	1.60e-08	8.66e-06	3.89e-04	3.37e-03	1.95e-01	5.13e-01	2.88e-01
 1.10043e+23	9.61e-13	1.90e-08	1.01e-05	4.47e-04	3.74e-03	2.06e-01	5.14e-01	2.76e-01
 1.10591e+23	1.15e-12	2.24e-08	1.18e-05	5.13e-04	4.15e-03	2.17e-01	5.15e-01	2.63e-01
 1.11142e+23	1.36e-12	2.63e-08	1.37e-05	5.88e-04	4.59e-03	2.28e-01	5.16e-01	2.51e-01
 1.11697e+23	1.61e-12	3.08e-08	1.59e-05	6.72e-04	5.08e-03	2.40e-01	5.16e-01	2.39e-01
 1.12256e+23	1.89e-12	3.58e-08	1.84e-05	7.67e-04	5.61e-03	2.52e-01	5.15e-01	2.27e-01
 1.12823e+23	2.21e-12	4.17e-08	2.12e-05	8.75e-04	6.20e-03	2.64e-01	5.14e-01	2.15e-01
 1.13393e+23	2.57e-12	4.81e-08	2.44e-05	9.94e-04	6.83e-03	2.76e-01	5.12e-01	2.04e-01
 1.13972e+23	2.99e-12	5.56e-08	2.80e-05	1.13e-03	7.53e-03	2.89e-01	5.09e-01	1.93e-01
 1.14558e+23	3.47e-12	6.39e-08	3.20e-05	1.28e-03	8.29e-03	3.02e-01	5.06e-01	1.83e-01
 1.15155e+23	4.01e-12	7.35e-08	3.67e-05	1.46e-03	9.14e-03	3.16e-01	5.02e-01	1.72e-01
 1.15711e+23	4.49e-12	8.22e-08	4.09e-05	1.61e-03	9.88e-03	3.27e-01	4.98e-01	1.64e-01
 1.16285e+23	5.17e-12	9.44e-08	4.70e-05	1.84e-03	1.09e-02	3.42e-01	4.92e-01	1.53e-01
 1.16869e+23	5.78e-12	1.05e-07	5.23e-05	2.03e-03	1.18e-02	3.53e-01	4.87e-01	1.46e-01
 1.17465e+23	6.61e-12	1.21e-07	6.00e-05	2.31e-03	1.30e-02	3.68e-01	4.81e-01	1.36e-01
 1.18064e+23	7.37e-12	1.34e-07	6.65e-05	2.54e-03	1.40e-02	3.80e-01	4.75e-01	1.29e-01
 1.18666e+23	8.38e-12	1.53e-07	7.58e-05	2.88e-03	1.55e-02	3.95e-01	4.67e-01	1.20e-01
 1.19271e+23	9.29e-12	1.69e-07	8.38e-05	3.16e-03	1.66e-02	4.06e-01	4.61e-01	1.13e-01
 1.19882e+23	1.05e-11	1.92e-07	9.52e-05	3.56e-03	1.82e-02	4.21e-01	4.52e-01	1.05e-01
 1.20498e+23	1.16e-11	2.11e-07	1.05e-04	3.90e-03	1.96e-02	4.32e-01	4.45e-01	9.94e-02
 1.21121e+23	1.31e-11	2.39e-07	1.19e-04	4.38e-03	2.14e-02	4.47e-01	4.35e-01	9.20e-02
 1.21752e+23	1.45e-11	2.64e-07	1.31e-04	4.79e-03	2.29e-02	4.58e-01	4.27e-01	8.66e-02
 1.22393e+23	1.64e-11	2.98e-07	1.49e-04	5.37e-03	2.51e-02	4.73e-01	4.17e-01	7.98e-02
 1.23045e+23	1.81e-11	3.29e-07	1.64e-04	5.86e-03	2.68e-02	4.84e-01	4.08e-01	7.49e-02
 1.23711e+23	2.04e-11	3.72e-07	1.86e-04	6.57e-03	2.93e-02	4.99e-01	3.97e-01	6.87e-02
 1.24392e+23	2.26e-11	4.12e-07	2.06e-04	7.18e-03	3.14e-02	5.10e-01	3.87e-01	6.42e-02
 1.25092e+23	2.56e-11	4.67e-07	2.35e-04	8.05e-03	3.43e-02	5.24e-01	3.75e-01	5.86e-02
 1.25808e+23	2.85e-11	5.19e-07	2.60e-04	8.81e-03	3.67e-02	5.35e-01	3.65e-01	5.44e-02
 1.26411e+23	3.13e-11	5.68e-07	2.85e-04	9.53e-03	3.90e-02	5.44e-01	3.56e-01	5.10e-02
 1.27060e+23	3.50e-11	6.37e-07	3.20e-04	1.05e-02	4.21e-02	5.56e-01	3.45e-01	4.67e-02
 1.27720e+23	3.85e-11	6.99e-07	3.52e-04	1.14e-02	4.46e-02	5.64e-01	3.36e-01	4.36e-02
 1.28291e+23	4.21e-11	7.62e-07	3.84e-04	1.23e-02	4.72e-02	5.73e-01	3.27e-01	4.08e-02
 1.28930e+23	4.68e-11	8.50e-07	4.29e-04	1.35e-02	5.07e-02	5.83e-01	3.15e-01	3.74e-02
 1.29568e+23	5.15e-11	9.32e-07	4.68e-04	1.44e-02	5.33e-02	5.90e-01	3.07e-01	3.50e-02
 1.30203e+23	5.73e-11	1.04e-06	5.23e-04	1.58e-02	5.71e-02	5.99e-01	2.96e-01	3.21e-02
 1.30847e+23	6.32e-11	1.14e-06	5.72e-04	1.69e-02	6.01e-02	6.05e-01	2.87e-01	2.99e-02
 1.31503e+23	7.08e-11	1.27e-06	6.40e-04	1.85e-02	6.42e-02	6.13e-01	2.76e-01	2.73e-02
 1.32170e+23	7.86e-11	1.41e-06	7.02e-04	1.99e-02	6.75e-02	6.19e-01	2.68e-01	2.54e-02
 1.32852e+23	8.81e-11	1.58e-06	7.89e-04	2.18e-02	7.22e-02	6.26e-01	2.56e-01	2.30e-02
 1.33545e+23	9.86e-11	1.75e-06	8.68e-04	2.34e-02	7.59e-02	6.31e-01	2.48e-01	2.14e-02
 1.34252e+23	1.11e-10	1.97e-06	9.79e-04	2.56e-02	8.12e-02	6.37e-01	2.36e-01	1.93e-02
 1.34974e+23	1.25e-10	2.19e-06	1.08e-03	2.76e-02	8.53e-02	6.41e-01	2.28e-01	1.78e-02
 1.35716e+23	1.42e-10	2.49e-06	1.23e-03	3.02e-02	9.12e-02	6.45e-01	2.16e-01	1.59e-02
 1.36476e+23	1.60e-10	2.79e-06	1.36e-03	3.26e-02	9.59e-02	6.48e-01	2.07e-01	1.46e-02
 1.37261e+23	1.85e-10	3.20e-06	1.55e-03	3.58e-02	1.02e-01	6.51e-01	1.96e-01	1.30e-02
 1.38055e+23	2.10e-10	3.60e-06	1.73e-03	3.86e-02	1.08e-01	6.53e-01	1.88e-01	1.19e-02
 1.38861e+23	2.44e-10	4.15e-06	1.98e-03	4.24e-02	1.15e-01	6.54e-01	1.77e-01	1.05e-02
 1.39676e+23	2.79e-10	4.68e-06	2.21e-03	4.57e-02	1.20e-01	6.54e-01	1.68e-01	9.57e-03
 1.40505e+23	3.26e-10	5.43e-06	2.53e-03	5.02e-02	1.28e-01	6.53e-01	1.58e-01	8.42e-03
 1.41313e+23	3.71e-10	6.09e-06	2.81e-03	5.38e-02	1.34e-01	6.52e-01	1.51e-01	7.70e-03
 1.42095e+23	4.31e-10	7.01e-06	3.20e-03	5.86e-02	1.41e-01	6.49e-01	1.41e-01	6.81e-03
 1.42906e+23	4.98e-10	7.95e-06	3.57e-03	6.30e-02	1.47e-01	6.46e-01	1.34e-01	6.16e-03
 1.43598e+23	5.60e-10	8.84e-06	3.92e-03	6.70e-02	1.53e-01	6.43e-01	1.28e-01	5.63e-03
 1.44342e+23	6.48e-10	1.01e-05	4.43e-03	7.24e-02	1.61e-01	6.38e-01	1.20e-01	5.00e-03
 1.45088e+23	7.32e-10	1.13e-05	4.87e-03	7.70e-02	1.66e-01	6.33e-01	1.14e-01	4.55e-03
 1.45835e+23	8.53e-10	1.29e-05	5.48e-03	8.30e-02	1.74e-01	6.27e-01	1.07e-01	4.05e-03
 1.46612e+23	9.71e-10	1.45e-05	6.09e-03	8.86e-02	1.81e-01	6.20e-01	1.01e-01	3.64e-03
 1.47305e+23	1.11e-09	1.63e-05	6.71e-03	9.41e-02	1.87e-01	6.14e-01	9.55e-02	3.30e-03
 1.48085e+23	1.30e-09	1.88e-05	7.58e-03	1.01e-01	1.94e-01	6.05e-01	8.90e-02	2.91e-03
 1.48905e+23	1.51e-09	2.13e-05	8.46e-03	1.08e-01	2.01e-01	5.96e-01	8.33e-02	2.59e-03
 1.49651e+23	1.73e-09	2.41e-05	9.37e-03	1.15e-01	2.08e-01	5.87e-01	7.82e-02	2.32e-03
 1.50493e+23	2.07e-09	2.81e-05	1.07e-02	1.24e-01	2.16e-01	5.75e-01	7.21e-02	2.02e-03
 1.51361e+23	2.41e-09	3.21e-05	1.19e-02	1.33e-01	2.23e-01	5.63e-01	6.70e-02	1.78e-03
 1.52132e+23	2.79e-09	3.63e-05	1.32e-02	1.41e-01	2.30e-01	5.52e-01	6.25e-02	1.58e-03
 1.53004e+23	3.36e-09	4.26e-05	1.50e-02	1.52e-01	2.37e-01	5.37e-01	5.72e-02	1.36e-03
 1.53908e+23	3.96e-09	4.89e-05	1.68e-02	1.62e-01	2.44e-01	5.23e-01	5.26e-02	1.18e-03
 1.54719e+23	4.62e-09	5.57e-05	1.87e-02	1.72e-01	2.50e-01	5.10e-01	4.87e-02	1.04e-03
 1.55639e+23	5.64e-09	6.59e-05	2.14e-02	1.85e-01	2.58e-01	4.91e-01	4.39e-02	8.78e-04
 1.56588e+23	6.57e-09	7.59e-05	2.39e-02	1.96e-01	2.64e-01	4.75e-01	4.01e-02	7.58e-04
 1.57575e+23	8.14e-09	9.07e-05	2.74e-02	2.11e-01	2.70e-01	4.55e-01	3.57e-02	6.29e-04
 1.58574e+23	9.71e-09	1.05e-04	3.07e-02	2.24e-01	2.75e-01	4.37e-01	3.24e-02	5.38e-04
 1.59452e+23	1.15e-08	1.21e-04	3.42e-02	2.36e-01	2.80e-01	4.20e-01	2.93e-02	4.61e-04
 1.60459e+23	1.44e-08	1.44e-04	3.91e-02	2.53e-01	2.84e-01	3.98e-01	2.58e-02	3.76e-04
 1.61478e+23	1.72e-08	1.66e-04	4.36e-02	2.66e-01	2.88e-01	3.79e-01	2.31e-02	3.18e-04
 1.62513e+23	2.16e-08	2.00e-04	4.98e-02	2.83e-01	2.90e-01	3.56e-01	2.01e-02	2.57e-04
 1.63564e+23	2.60e-08	2.32e-04	5.54e-02	2.98e-01	2.92e-01	3.37e-01	1.79e-02	2.15e-04
 1.64636e+23	3.30e-08	2.79e-04	6.33e-02	3.16e-01	2.93e-01	3.12e-01	1.53e-02	1.69e-04
 1.65714e+23	3.98e-08	3.23e-04	7.01e-02	3.30e-01	2.92e-01	2.94e-01	1.35e-02	1.41e-04
 1.66802e+23	5.07e-08	3.89e-04	7.98e-02	3.48e-01	2.90e-01	2.70e-01	1.14e-02	1.10e-04
 1.67904e+23	6.14e-08	4.51e-04	8.81e-02	3.61e-01	2.88e-01	2.52e-01	9.96e-03	8.98e-05
 1.69025e+23	7.85e-08	5.44e-04	9.96e-02	3.78e-01	2.84e-01	2.29e-01	8.34e-03	6.93e-05
 1.70168e+23	9.63e-08	6.34e-04	1.10e-01	3.92e-01	2.79e-01	2.11e-01	7.16e-03	5.55e-05
 1.71152e+23	1.16e-07	7.28e-04	1.20e-01	4.03e-01	2.74e-01	1.95e-01	6.21e-03	4.52e-05
 1.72242e+23	1.47e-07	8.69e-04	1.34e-01	4.17e-01	2.67e-01	1.76e-01	5.13e-03	3.44e-05
 1.73292e+23	1.75e-07	9.83e-04	1.45e-01	4.26e-01	2.61e-01	1.63e-01	4.48e-03	2.84e-05
 1.74290e+23	2.17e-07	1.15e-03	1.60e-01	4.37e-01	2.52e-01	1.47e-01	3.73e-03	2.19e-05
 1.75286e+23	2.57e-07	1.30e-03	1.71e-01	4.44e-01	2.45e-01	1.35e-01	3.24e-03	1.79e-05
 1.76278e+23	3.17e-07	1.51e-03	1.87e-01	4.52e-01	2.36e-01	1.22e-01	2.70e-03	1.39e-05
 1.77308e+23	3.81e-07	1.72e-03	2.01e-01	4.58e-01	2.27e-01	1.10e-01	2.28e-03	1.10e-05
 1.78234e+23	4.52e-07	1.94e-03	2.15e-01	4.62e-01	2.19e-01	1.00e-01	1.95e-03	8.85e-06
 1.79283e+23	5.65e-07	2.27e-03	2.34e-01	4.66e-01	2.08e-01	8.86e-02	1.59e-03	6.65e-06
 1.80348e+23	6.77e-07	2.57e-03	2.50e-01	4.69e-01	1.98e-01	7.97e-02	1.33e-03	5.22e-06
 1.81435e+23	8.43e-07	2.99e-03	2.70e-01	4.70e-01	1.87e-01	6.98e-02	1.07e-03	3.88e-06
 1.82546e+23	1.02e-06	3.40e-03	2.88e-01	4.70e-01	1.77e-01	6.20e-02	8.86e-04	2.98e-06
 1.83430e+23	1.18e-06	3.76e-03	3.02e-01	4.68e-01	1.69e-01	5.64e-02	7.61e-04	2.42e-06
 1.84319e+23	1.40e-06	4.23e-03	3.19e-01	4.66e-01	1.60e-01	5.02e-02	6.32e-04	1.88e-06
 1.85239e+23	1.63e-06	4.68e-03	3.35e-01	4.63e-01	1.52e-01	4.54e-02	5.37e-04	1.51e-06
 1.86068e+23	1.89e-06	5.16e-03	3.50e-01	4.60e-01	1.44e-01	4.10e-02	4.57e-04	1.21e-06
 1.87016e+23	2.27e-06	5.83e-03	3.69e-01	4.54e-01	1.34e-01	3.60e-02	3.72e-04	9.17e-07
 1.87973e+23	2.63e-06	6.44e-03	3.85e-01	4.49e-01	1.27e-01	3.22e-02	3.12e-04	7.24e-07
 1.88809e+23	3.04e-06	7.08e-03	4.01e-01	4.43e-01	1.20e-01	2.89e-02	2.64e-04	5.76e-07
 1.89765e+23	3.63e-06	7.97e-03	4.21e-01	4.35e-01	1.11e-01	2.52e-02	2.13e-04	4.32e-07
 1.90737e+23	4.21e-06	8.78e-03	4.37e-01	4.27e-01	1.04e-01	2.24e-02	1.77e-04	3.37e-07
 1.91600e+23	4.86e-06	9.64e-03	4.53e-01	4.20e-01	9.74e-02	1.99e-02	1.48e-04	2.65e-07
 1.92588e+23	5.82e-06	1.08e-02	4.73e-01	4.09e-01	8.96e-02	1.72e-02	1.17e-04	1.95e-07
 1.93592e+23	6.75e-06	1.19e-02	4.90e-01	4.00e-01	8.33e-02	1.52e-02	9.67e-05	1.50e-07
 1.94615e+23	8.10e-06	1.34e-02	5.10e-01	3.87e-01	7.60e-02	1.30e-02	7.58e-05	0.00e+00
 1.95649e+23	9.42e-06	1.47e-02	5.27e-01	3.77e-01	7.02e-02	1.13e-02	6.18e-05	0.00e+00
 1.96273e+23	9.98e-06	1.53e-02	5.33e-01	3.73e-01	6.81e-02	1.08e-02	5.70e-05	0.00e+00
 1.96660e+23	1.07e-05	1.59e-02	5.40e-01	3.68e-01	6.57e-02	1.01e-02	5.19e-05	0.00e+00
 1.97164e+23	1.17e-05	1.69e-02	5.50e-01	3.61e-01	6.26e-02	9.36e-03	4.60e-05	0.00e+00
 1.97819e+23	1.30e-05	1.81e-02	5.62e-01	3.53e-01	5.89e-02	8.45e-03	3.93e-05	0.00e+00
 1.98670e+23	1.53e-05	2.00e-02	5.78e-01	3.41e-01	5.39e-02	7.32e-03	3.15e-05	0.00e+00
 1.99622e+23	1.75e-05	2.18e-02	5.92e-01	3.30e-01	4.97e-02	6.41e-03	2.57e-05	0.00e+00
 2.00704e+23	2.14e-05	2.47e-02	6.12e-01	3.14e-01	4.43e-02	5.30e-03	1.93e-05	0.00e+00
 2.01782e+23	2.46e-05	2.69e-02	6.26e-01	3.02e-01	4.06e-02	4.62e-03	1.56e-05	0.00e+00
 2.02855e+23	2.95e-05	3.01e-02	6.42e-01	2.88e-01	3.62e-02	3.86e-03	1.18e-05	0.00e+00
 2.03983e+23	3.46e-05	3.32e-02	6.56e-01	2.74e-01	3.27e-02	3.28e-03	9.25e-06	0.00e+00
 2.05022e+23	4.03e-05	3.65e-02	6.69e-01	2.62e-01	2.96e-02	2.80e-03	7.27e-06	0.00e+00
 2.05912e+23	4.52e-05	3.91e-02	6.79e-01	2.52e-01	2.74e-02	2.48e-03	6.05e-06	0.00e+00
 2.06773e+23	5.19e-05	4.26e-02	6.89e-01	2.41e-01	2.49e-02	2.14e-03	4.83e-06	0.00e+00
 2.07651e+23	5.83e-05	4.57e-02	6.98e-01	2.32e-01	2.29e-02	1.89e-03	3.99e-06	0.00e+00
 2.08552e+23	6.72e-05	4.98e-02	7.07e-01	2.20e-01	2.08e-02	1.61e-03	3.16e-06	0.00e+00
 2.09470e+23	7.57e-05	5.35e-02	7.15e-01	2.11e-01	1.90e-02	1.41e-03	2.58e-06	0.00e+00
 2.10281e+23	8.52e-05	5.74e-02	7.22e-01	2.02e-01	1.74e-02	1.24e-03	2.11e-06	0.00e+00
 2.11208e+23	9.89e-05	6.28e-02	7.30e-01	1.90e-01	1.56e-02	1.05e-03	1.64e-06	0.00e+00
 2.12141e+23	1.11e-04	6.71e-02	7.36e-01	1.82e-01	1.43e-02	9.16e-04	1.34e-06	0.00e+00
 2.13081e+23	1.28e-04	7.33e-02	7.42e-01	1.71e-01	1.28e-02	7.71e-04	1.03e-06	0.00e+00
 2.14044e+23	1.45e-04	7.86e-02	7.47e-01	1.62e-01	1.16e-02	6.68e-04	8.31e-07	0.00e+00
 2.15035e+23	1.69e-04	8.61e-02	7.52e-01	1.51e-01	1.03e-02	5.55e-04	6.29e-07	0.00e+00
 2.16043e+23	1.91e-04	9.24e-02	7.55e-01	1.43e-01	9.28e-03	4.77e-04	5.01e-07	0.00e+00
 2.17072e+23	2.24e-04	1.01e-01	7.57e-01	1.32e-01	8.15e-03	3.92e-04	3.73e-07	0.00e+00
 2.18122e+23	2.53e-04	1.09e-01	7.59e-01	1.24e-01	7.32e-03	3.34e-04	2.93e-07	0.00e+00
 2.19198e+23	2.97e-04	1.19e-01	7.59e-01	1.14e-01	6.39e-03	2.73e-04	2.16e-07	0.00e+00
 2.20306e+23	3.40e-04	1.29e-01	7.58e-01	1.06e-01	5.67e-03	2.28e-04	1.66e-07	0.00e+00
 2.21456e+23	4.04e-04	1.42e-01	7.56e-01	9.66e-02	4.87e-03	1.82e-04	0.00e+00	0.00e+00
 2.22604e+23	4.60e-04	1.53e-01	7.53e-01	8.96e-02	4.32e-03	1.52e-04	0.00e+00	0.00e+00
 2.23749e+23	5.44e-04	1.68e-01	7.47e-01	8.09e-02	3.70e-03	1.20e-04	0.00e+00	0.00e+00
 2.24912e+23	6.22e-04	1.81e-01	7.41e-01	7.43e-02	3.26e-03	9.97e-05	0.00e+00	0.00e+00
 2.26098e+23	7.39e-04	1.99e-01	7.31e-01	6.63e-02	2.77e-03	7.77e-05	0.00e+00	0.00e+00
 2.27297e+23	8.47e-04	2.14e-01	7.22e-01	6.04e-02	2.42e-03	6.36e-05	0.00e+00	0.00e+00
 2.28515e+23	1.01e-03	2.36e-01	7.07e-01	5.32e-02	2.04e-03	4.88e-05	0.00e+00	0.00e+00
 2.29747e+23	1.17e-03	2.54e-01	6.95e-01	4.79e-02	1.76e-03	3.92e-05	0.00e+00	0.00e+00
 2.31000e+23	1.40e-03	2.81e-01	6.75e-01	4.15e-02	1.47e-03	2.95e-05	0.00e+00	0.00e+00
 2.32267e+23	1.62e-03	3.03e-01	6.58e-01	3.68e-02	1.26e-03	2.33e-05	0.00e+00	0.00e+00
 2.33553e+23	1.96e-03	3.34e-01	6.32e-01	3.12e-02	1.03e-03	1.70e-05	0.00e+00	0.00e+00
 2.34853e+23	2.29e-03	3.61e-01	6.09e-01	2.71e-02	8.72e-04	1.31e-05	0.00e+00	0.00e+00
 2.36171e+23	2.81e-03	3.99e-01	5.75e-01	2.24e-02	6.96e-04	9.22e-06	0.00e+00	0.00e+00
 2.37495e+23	3.29e-03	4.29e-01	5.48e-01	1.91e-02	5.83e-04	6.95e-06	0.00e+00	0.00e+00
 2.38826e+23	4.04e-03	4.74e-01	5.07e-01	1.52e-02	4.55e-04	4.69e-06	0.00e+00	0.00e+00
 2.40180e+23	4.80e-03	5.11e-01	4.72e-01	1.25e-02	3.69e-04	3.35e-06	0.00e+00	0.00e+00
 2.41563e+23	5.96e-03	5.61e-01	4.24e-01	9.49e-03	2.77e-04	2.12e-06	0.00e+00	0.00e+00
 2.42978e+23	7.19e-03	6.04e-01	3.81e-01	7.36e-03	2.15e-04	1.40e-06	0.00e+00	0.00e+00
 2.44056e+23	8.28e-03	6.37e-01	3.49e-01	6.02e-03	1.75e-04	1.01e-06	0.00e+00	0.00e+00
 2.45080e+23	9.72e-03	6.75e-01	3.11e-01	4.67e-03	1.36e-04	6.75e-07	0.00e+00	0.00e+00
 2.46157e+23	1.14e-02	7.11e-01	2.74e-01	3.60e-03	1.05e-04	4.49e-07	0.00e+00	0.00e+00
 2.47133e+23	1.32e-02	7.43e-01	2.41e-01	2.77e-03	8.10e-05	2.98e-07	0.00e+00	0.00e+00
 2.48230e+23	1.59e-02	7.82e-01	2.00e-01	1.95e-03	5.67e-05	1.71e-07	0.00e+00	0.00e+00
 2.49396e+23	1.91e-02	8.17e-01	1.63e-01	1.33e-03	3.87e-05	0.00e+00	0.00e+00	0.00e+00
 2.50405e+23	2.27e-02	8.44e-01	1.33e-01	9.29e-04	2.66e-05	0.00e+00	0.00e+00	0.00e+00
 2.51298e+23	2.66e-02	8.66e-01	1.07e-01	6.48e-04	1.82e-05	0.00e+00	0.00e+00	0.00e+00
 2.52136e+23	3.14e-02	8.84e-01	8.46e-02	4.46e-04	1.20e-05	0.00e+00	0.00e+00	0.00e+00
 2.52913e+23	3.67e-02	8.97e-01	6.64e-02	3.08e-04	7.91e-06	0.00e+00	0.00e+00	0.00e+00
 2.53625e+23	4.32e-02	9.05e-01	5.13e-02	2.13e-04	5.07e-06	0.00e+00	0.00e+00	0.00e+00
 2.54273e+23	5.07e-02	9.10e-01	3.95e-02	1.50e-04	3.24e-06	0.00e+00	0.00e+00	0.00e+00
 2.54852e+23	5.94e-02	9.10e-01	3.03e-02	1.07e-04	2.06e-06	0.00e+00	0.00e+00	0.00e+00
 2.55372e+23	6.95e-02	9.07e-01	2.33e-02	7.90e-05	1.32e-06	0.00e+00	0.00e+00	0.00e+00
 2.55839e+23	8.10e-02	9.01e-01	1.81e-02	5.97e-05	8.62e-07	0.00e+00	0.00e+00	0.00e+00
 2.56268e+23	9.46e-02	8.91e-01	1.39e-02	4.59e-05	5.62e-07	0.00e+00	0.00e+00	0.00e+00
 2.56665e+23	1.10e-01	8.79e-01	1.08e-02	3.60e-05	3.70e-07	0.00e+00	0.00e+00	0.00e+00
 2.57025e+23	1.28e-01	8.63e-01	8.43e-03	2.89e-05	2.49e-07	0.00e+00	0.00e+00	0.00e+00
 2.57358e+23	1.49e-01	8.45e-01	6.62e-03	2.36e-05	1.70e-07	0.00e+00	0.00e+00	0.00e+00
 2.57584e+23	1.64e-01	8.31e-01	5.65e-03	2.08e-05	1.33e-07	0.00e+00	0.00e+00	0.00e+00
 2.57693e+23	1.72e-01	8.23e-01	5.21e-03	1.95e-05	0.00e+00	0.00e+00	0.00e+00	0.00e+00
 2.57790e+23	1.80e-01	8.15e-01	4.82e-03	1.84e-05	0.00e+00	0.00e+00	0.00e+00	0.00e+00
 2.57913e+23	1.90e-01	8.05e-01	4.37e-03	1.71e-05	0.00e+00	0.00e+00	0.00e+00	0.00e+00
 2.58057e+23	2.04e-01	7.92e-01	3.89e-03	1.57e-05	0.00e+00	0.00e+00	0.00e+00	0.00e+00
 2.58201e+23	2.17e-01	7.79e-01	3.47e-03	1.45e-05	0.00e+00	0.00e+00	0.00e+00	0.00e+00
 2.58347e+23	2.32e-01	7.64e-01	3.07e-03	1.34e-05	0.00e+00	0.00e+00	0.00e+00	0.00e+00
 2.58499e+23	2.49e-01	7.48e-01	2.71e-03	1.23e-05	0.00e+00	0.00e+00	0.00e+00	0.00e+00
 2.58650e+23	2.66e-01	7.31e-01	2.39e-03	1.13e-05	0.00e+00	0.00e+00	0.00e+00	0.00e+00
 2.58809e+23	2.86e-01	7.12e-01	2.08e-03	1.04e-05	0.00e+00	0.00e+00	0.00e+00	0.00e+00
 2.58976e+23	3.06e-01	6.92e-01	1.81e-03	9.48e-06	0.00e+00	0.00e+00	0.00e+00	0.00e+00
 2.59137e+23	3.27e-01	6.72e-01	1.58e-03	8.74e-06	0.00e+00	0.00e+00	0.00e+00	0.00e+00
 2.59261e+23	3.42e-01	6.56e-01	1.43e-03	8.23e-06	0.00e+00	0.00e+00	0.00e+00	0.00e+00
 2.59344e+23	3.53e-01	6.46e-01	1.34e-03	7.91e-06	0.00e+00	0.00e+00	0.00e+00	0.00e+00
 2.59425e+23	3.64e-01	6.35e-01	1.25e-03	7.60e-06	0.00e+00	0.00e+00	0.00e+00	0.00e+00
 2.59524e+23	3.77e-01	6.22e-01	1.15e-03	7.24e-06	0.00e+00	0.00e+00	0.00e+00	0.00e+00
 2.59632e+23	3.91e-01	6.08e-01	1.05e-03	6.88e-06	0.00e+00	0.00e+00	0.00e+00	0.00e+00
 2.59737e+23	4.06e-01	5.93e-01	9.58e-04	6.55e-06	0.00e+00	0.00e+00	0.00e+00	0.00e+00
 2.59837e+23	4.19e-01	5.81e-01	8.83e-04	6.26e-06	0.00e+00	0.00e+00	0.00e+00	0.00e+00
 2.59941e+23	4.33e-01	5.67e-01	8.09e-04	5.97e-06	0.00e+00	0.00e+00	0.00e+00	0.00e+00
 2.60051e+23	4.48e-01	5.52e-01	7.36e-04	5.68e-06	0.00e+00	0.00e+00	0.00e+00	0.00e+00
 2.60161e+23	4.62e-01	5.37e-01	6.73e-04	5.41e-06	0.00e+00	0.00e+00	0.00e+00	0.00e+00
 2.60271e+23	4.76e-01	5.23e-01	6.15e-04	5.16e-06	0.00e+00	0.00e+00	0.00e+00	0.00e+00
 2.60387e+23	4.91e-01	5.08e-01	5.59e-04	4.91e-06	0.00e+00	0.00e+00	0.00e+00	0.00e+00
 2.60508e+23	5.07e-01	4.93e-01	5.06e-04	4.67e-06	0.00e+00	0.00e+00	0.00e+00	0.00e+00
 2.60628e+23	5.21e-01	4.78e-01	4.60e-04	4.44e-06	0.00e+00	0.00e+00	0.00e+00	0.00e+00
 2.60750e+23	5.36e-01	4.63e-01	4.17e-04	4.23e-06	0.00e+00	0.00e+00	0.00e+00	0.00e+00
 2.60878e+23	5.51e-01	4.48e-01	3.77e-04	4.02e-06	0.00e+00	0.00e+00	0.00e+00	0.00e+00
 2.61011e+23	5.67e-01	4.33e-01	3.40e-04	3.81e-06	0.00e+00	0.00e+00	0.00e+00	0.00e+00
 2.61146e+23	5.82e-01	4.18e-01	3.07e-04	3.62e-06	0.00e+00	0.00e+00	0.00e+00	0.00e+00
 2.61283e+23	5.97e-01	4.03e-01	2.76e-04	3.44e-06	0.00e+00	0.00e+00	0.00e+00	0.00e+00
 2.61427e+23	6.12e-01	3.87e-01	2.49e-04	3.26e-06	0.00e+00	0.00e+00	0.00e+00	0.00e+00
 2.61575e+23	6.28e-01	3.72e-01	2.23e-04	3.08e-06	0.00e+00	0.00e+00	0.00e+00	0.00e+00
 2.61727e+23	6.43e-01	3.57e-01	2.00e-04	2.92e-06	0.00e+00	0.00e+00	0.00e+00	0.00e+00
 2.61882e+23	6.57e-01	3.42e-01	1.80e-04	2.77e-06	0.00e+00	0.00e+00	0.00e+00	0.00e+00
 2.62044e+23	6.72e-01	3.28e-01	1.61e-04	2.62e-06	0.00e+00	0.00e+00	0.00e+00	0.00e+00
 2.62212e+23	6.87e-01	3.13e-01	1.44e-04	2.47e-06	0.00e+00	0.00e+00	0.00e+00	0.00e+00
 2.62385e+23	7.01e-01	2.99e-01	1.29e-04	2.33e-06	0.00e+00	0.00e+00	0.00e+00	0.00e+00
 2.62563e+23	7.15e-01	2.85e-01	1.16e-04	2.20e-06	0.00e+00	0.00e+00	0.00e+00	0.00e+00
 2.62746e+23	7.28e-01	2.71e-01	1.04e-04	2.08e-06	0.00e+00	0.00e+00	0.00e+00	0.00e+00
 2.62936e+23	7.42e-01	2.58e-01	9.35e-05	1.96e-06	0.00e+00	0.00e+00	0.00e+00	0.00e+00
 2.63127e+23	7.54e-01	2.46e-01	8.45e-05	1.85e-06	0.00e+00	0.00e+00	0.00e+00	0.00e+00
 2.63322e+23	7.66e-01	2.34e-01	7.64e-05	1.75e-06	0.00e+00	0.00e+00	0.00e+00	0.00e+00
 2.63527e+23	7.78e-01	2.22e-01	6.92e-05	1.65e-06	0.00e+00	0.00e+00	0.00e+00	0.00e+00
 2.63738e+23	7.90e-01	2.10e-01	6.29e-05	1.56e-06	0.00e+00	0.00e+00	0.00e+00	0.00e+00
 2.63949e+23	8.01e-01	1.99e-01	5.75e-05	1.48e-06	0.00e+00	0.00e+00	0.00e+00	0.00e+00
 2.64164e+23	8.11e-01	1.89e-01	5.27e-05	1.40e-06	0.00e+00	0.00e+00	0.00e+00	0.00e+00
 2.64389e+23	8.21e-01	1.79e-01	4.85e-05	1.32e-06	0.00e+00	0.00e+00	0.00e+00	0.00e+00
 2.64623e+23	8.31e-01	1.69e-01	4.48e-05	1.25e-06	0.00e+00	0.00e+00	0.00e+00	0.00e+00
 2.64863e+23	8.40e-01	1.60e-01	4.15e-05	1.19e-06	0.00e+00	0.00e+00	0.00e+00	0.00e+00
 2.65110e+23	8.49e-01	1.51e-01	3.85e-05	1.12e-06	0.00e+00	0.00e+00	0.00e+00	0.00e+00
 2.65368e+23	8.58e-01	1.42e-01	3.59e-05	1.06e-06	0.00e+00	0.00e+00	0.00e+00	0.00e+00
 2.65638e+23	8.66e-01	1.34e-01	3.35e-05	1.01e-06	0.00e+00	0.00e+00	0.00e+00	0.00e+00
 2.65916e+23	8.74e-01	1.26e-01	3.14e-05	9.52e-07	0.00e+00	0.00e+00	0.00e+00	0.00e+00
 2.66198e+23	8.82e-01	1.18e-01	2.96e-05	9.02e-07	0.00e+00	0.00e+00	0.00e+00	0.00e+00
 2.66476e+23	8.89e-01	1.11e-01	2.80e-05	8.57e-07	0.00e+00	0.00e+00	0.00e+00	0.00e+00
 2.66747e+23	8.95e-01	1.05e-01	2.66e-05	8.17e-07	0.00e+00	0.00e+00	0.00e+00	0.00e+00
 2.67007e+23	9.01e-01	9.92e-02	2.55e-05	7.82e-07	0.00e+00	0.00e+00	0.00e+00	0.00e+00
 2.67256e+23	9.06e-01	9.40e-02	2.45e-05	7.50e-07	0.00e+00	0.00e+00	0.00e+00	0.00e+00
 2.67494e+23	9.11e-01	8.92e-02	2.36e-05	7.21e-07	0.00e+00	0.00e+00	0.00e+00	0.00e+00
 2.67714e+23	9.15e-01	8.51e-02	2.29e-05	6.97e-07	0.00e+00	0.00e+00	0.00e+00	0.00e+00
 2.67928e+23	9.19e-01	8.12e-02	2.22e-05	6.74e-07	0.00e+00	0.00e+00	0.00e+00	0.00e+00
 2.68141e+23	9.23e-01	7.74e-02	2.16e-05	6.51e-07	0.00e+00	0.00e+00	0.00e+00	0.00e+00
 2.68349e+23	9.26e-01	7.40e-02	2.10e-05	6.31e-07	0.00e+00	0.00e+00	0.00e+00	0.00e+00
 2.68550e+23	9.29e-01	7.08e-02	2.05e-05	6.12e-07	0.00e+00	0.00e+00	0.00e+00	0.00e+00
 2.68743e+23	9.32e-01	6.78e-02	2.00e-05	5.96e-07	0.00e+00	0.00e+00	0.00e+00	0.00e+00
 2.68930e+23	9.35e-01	6.51e-02	1.96e-05	5.80e-07	0.00e+00	0.00e+00	0.00e+00	0.00e+00
 2.69111e+23	9.37e-01	6.26e-02	1.92e-05	5.66e-07	0.00e+00	0.00e+00	0.00e+00	0.00e+00
 2.69287e+23	9.40e-01	6.02e-02	1.88e-05	5.53e-07	0.00e+00	0.00e+00	0.00e+00	0.00e+00
 2.69456e+23	9.42e-01	5.81e-02	1.85e-05	5.42e-07	0.00e+00	0.00e+00	0.00e+00	0.00e+00
 2.69620e+23	9.44e-01	5.61e-02	1.82e-05	5.32e-07	0.00e+00	0.00e+00	0.00e+00	0.00e+00
 2.69778e+23	9.46e-01	5.42e-02	1.79e-05	5.23e-07	0.00e+00	0.00e+00	0.00e+00	0.00e+00
 2.69927e+23	9.47e-01	5.26e-02	1.76e-05	5.15e-07	0.00e+00	0.00e+00	0.00e+00	0.00e+00
 2.70074e+23	9.49e-01	5.10e-02	1.74e-05	5.09e-07	0.00e+00	0.00e+00	0.00e+00	0.00e+00
 2.70217e+23	9.50e-01	4.96e-02	1.72e-05	5.03e-07	0.00e+00	0.00e+00	0.00e+00	0.00e+00
 2.70348e+23	9.52e-01	4.84e-02	1.70e-05	4.99e-07	0.00e+00	0.00e+00	0.00e+00	0.00e+00
 2.70467e+23	9.53e-01	4.74e-02	1.68e-05	4.96e-07	0.00e+00	0.00e+00	0.00e+00	0.00e+00
 2.70575e+23	9.53e-01	4.65e-02	1.67e-05	4.94e-07	0.00e+00	0.00e+00	0.00e+00	0.00e+00
 2.70673e+23	9.54e-01	4.57e-02	1.66e-05	4.92e-07	0.00e+00	0.00e+00	0.00e+00	0.00e+00
 2.70763e+23	9.55e-01	4.51e-02	1.65e-05	4.91e-07	0.00e+00	0.00e+00	0.00e+00	0.00e+00
 2.70845e+23	9.55e-01	4.45e-02	1.64e-05	4.91e-07	0.00e+00	0.00e+00	0.00e+00	0.00e+00
 2.70919e+23	9.56e-01	4.40e-02	1.63e-05	4.91e-07	0.00e+00	0.00e+00	0.00e+00	0.00e+00
 2.71000e+23	9.57e-01	4.34e-02	1.62e-05	4.91e-07	0.00e+00	0.00e+00	0.00e+00	0.00e+00
 2.71088e+23	9.57e-01	4.28e-02	1.61e-05	4.91e-07	0.00e+00	0.00e+00	0.00e+00	0.00e+00
 2.71168e+23	9.58e-01	4.24e-02	1.60e-05	4.91e-07	0.00e+00	0.00e+00	0.00e+00	0.00e+00
 2.71241e+23	9.58e-01	4.20e-02	1.59e-05	4.94e-07	0.00e+00	0.00e+00	0.00e+00	0.00e+00
 2.71307e+23	9.58e-01	4.17e-02	1.58e-05	4.94e-07	0.00e+00	0.00e+00	0.00e+00	0.00e+00
 2.71379e+23	9.59e-01	4.12e-02	1.57e-05	4.94e-07	0.00e+00	0.00e+00	0.00e+00	0.00e+00
 2.71473e+23	9.59e-01	4.07e-02	1.56e-05	4.95e-07	0.00e+00	0.00e+00	0.00e+00	0.00e+00
 2.71575e+23	9.60e-01	4.02e-02	1.55e-05	4.96e-07	0.00e+00	0.00e+00	0.00e+00	0.00e+00
 2.71668e+23	9.60e-01	3.98e-02	1.54e-05	4.98e-07	0.00e+00	0.00e+00	0.00e+00	0.00e+00
 2.71752e+23	9.61e-01	3.94e-02	1.53e-05	5.00e-07	0.00e+00	0.00e+00	0.00e+00	0.00e+00
 2.71829e+23	9.61e-01	3.92e-02	1.53e-05	5.01e-07	0.00e+00	0.00e+00	0.00e+00	0.00e+00
 2.71913e+23	9.61e-01	3.88e-02	1.52e-05	5.03e-07	0.00e+00	0.00e+00	0.00e+00	0.00e+00
 2.72003e+23	9.61e-01	3.85e-02	1.51e-05	5.04e-07	0.00e+00	0.00e+00	0.00e+00	0.00e+00
 2.72103e+23	9.62e-01	3.81e-02	1.50e-05	5.05e-07	0.00e+00	0.00e+00	0.00e+00	0.00e+00
 2.72210e+23	9.62e-01	3.77e-02	1.49e-05	5.06e-07	0.00e+00	0.00e+00	0.00e+00	0.00e+00
 2.72308e+23	9.63e-01	3.74e-02	1.48e-05	5.07e-07	0.00e+00	0.00e+00	0.00e+00	0.00e+00
 2.72397e+23	9.63e-01	3.72e-02	1.47e-05	5.09e-07	0.00e+00	0.00e+00	0.00e+00	0.00e+00
 2.72477e+23	9.63e-01	3.70e-02	1.47e-05	5.13e-07	0.00e+00	0.00e+00	0.00e+00	0.00e+00
 2.72551e+23	9.63e-01	3.68e-02	1.46e-05	5.14e-07	0.00e+00	0.00e+00	0.00e+00	0.00e+00
 2.72632e+23	9.63e-01	3.66e-02	1.45e-05	5.15e-07	0.00e+00	0.00e+00	0.00e+00	0.00e+00
 2.72736e+23	9.64e-01	3.62e-02	1.44e-05	5.18e-07	0.00e+00	0.00e+00	0.00e+00	0.00e+00
 2.72850e+23	9.64e-01	3.59e-02	1.43e-05	5.18e-07	0.00e+00	0.00e+00	0.00e+00	0.00e+00
 2.72953e+23	9.64e-01	3.56e-02	1.43e-05	5.21e-07	0.00e+00	0.00e+00	0.00e+00	0.00e+00
 2.73046e+23	9.65e-01	3.54e-02	1.42e-05	5.24e-07	0.00e+00	0.00e+00	0.00e+00	0.00e+00
 2.73131e+23	9.65e-01	3.53e-02	1.42e-05	5.27e-07	0.00e+00	0.00e+00	0.00e+00	0.00e+00
 2.73209e+23	9.65e-01	3.51e-02	1.42e-05	5.30e-07	0.00e+00	0.00e+00	0.00e+00	0.00e+00
 2.73294e+23	9.65e-01	3.49e-02	1.41e-05	5.34e-07	0.00e+00	0.00e+00	0.00e+00	0.00e+00
 2.73386e+23	9.65e-01	3.47e-02	1.41e-05	5.38e-07	0.00e+00	0.00e+00	0.00e+00	0.00e+00
 2.73469e+23	9.65e-01	3.46e-02	1.41e-05	5.41e-07	0.00e+00	0.00e+00	0.00e+00	0.00e+00
 2.73545e+23	9.66e-01	3.44e-02	1.40e-05	5.45e-07	0.00e+00	0.00e+00	0.00e+00	0.00e+00
 2.73615e+23	9.66e-01	3.43e-02	1.40e-05	5.48e-07	0.00e+00	0.00e+00	0.00e+00	0.00e+00
 2.73690e+23	9.66e-01	3.41e-02	1.40e-05	5.49e-07	0.00e+00	0.00e+00	0.00e+00	0.00e+00
 2.73789e+23	9.66e-01	3.39e-02	1.39e-05	5.52e-07	0.00e+00	0.00e+00	0.00e+00	0.00e+00
 2.73895e+23	9.66e-01	3.36e-02	1.39e-05	5.54e-07	0.00e+00	0.00e+00	0.00e+00	0.00e+00
 2.73992e+23	9.67e-01	3.34e-02	1.39e-05	5.58e-07	0.00e+00	0.00e+00	0.00e+00	0.00e+00
 2.74080e+23	9.67e-01	3.33e-02	1.38e-05	5.60e-07	0.00e+00	0.00e+00	0.00e+00	0.00e+00
 2.74177e+23	9.67e-01	3.31e-02	1.38e-05	5.65e-07	0.00e+00	0.00e+00	0.00e+00	0.00e+00
 2.74281e+23	9.67e-01	3.29e-02	1.38e-05	5.68e-07	0.00e+00	0.00e+00	0.00e+00	0.00e+00
 2.74376e+23	9.67e-01	3.27e-02	1.37e-05	5.71e-07	0.00e+00	0.00e+00	0.00e+00	0.00e+00
 2.74462e+23	9.67e-01	3.26e-02	1.37e-05	5.76e-07	0.00e+00	0.00e+00	0.00e+00	0.00e+00
 2.74541e+23	9.68e-01	3.24e-02	1.37e-05	5.77e-07	0.00e+00	0.00e+00	0.00e+00	0.00e+00
 2.74627e+23	9.68e-01	3.22e-02	1.36e-05	5.78e-07	0.00e+00	0.00e+00	0.00e+00	0.00e+00
 2.74739e+23	9.68e-01	3.19e-02	1.36e-05	5.79e-07	0.00e+00	0.00e+00	0.00e+00	0.00e+00
 2.74859e+23	9.68e-01	3.16e-02	1.35e-05	5.78e-07	0.00e+00	0.00e+00	0.00e+00	0.00e+00
 2.74969e+23	9.69e-01	3.14e-02	1.35e-05	5.79e-07	0.00e+00	0.00e+00	0.00e+00	0.00e+00
 2.75069e+23	9.69e-01	3.12e-02	1.35e-05	5.82e-07	0.00e+00	0.00e+00	0.00e+00	0.00e+00
 2.75160e+23	9.69e-01	3.11e-02	1.34e-05	5.83e-07	0.00e+00	0.00e+00	0.00e+00	0.00e+00
 2.75260e+23	9.69e-01	3.08e-02	1.34e-05	5.82e-07	0.00e+00	0.00e+00	0.00e+00	0.00e+00
 2.75390e+23	9.69e-01	3.05e-02	1.33e-05	5.82e-07	0.00e+00	0.00e+00	0.00e+00	0.00e+00
 2.75530e+23	9.70e-01	3.02e-02	1.32e-05	5.81e-07	0.00e+00	0.00e+00	0.00e+00	0.00e+00
 2.75657e+23	9.70e-01	2.99e-02	1.32e-05	5.82e-07	0.00e+00	0.00e+00	0.00e+00	0.00e+00
 2.75773e+23	9.70e-01	2.97e-02	1.31e-05	5.83e-07	0.00e+00	0.00e+00	0.00e+00	0.00e+00
 2.75879e+23	9.70e-01	2.95e-02	1.31e-05	5.83e-07	0.00e+00	0.00e+00	0.00e+00	0.00e+00
 2.75994e+23	9.71e-01	2.93e-02	1.30e-05	5.84e-07	0.00e+00	0.00e+00	0.00e+00	0.00e+00
 2.76119e+23	9.71e-01	2.90e-02	1.30e-05	5.84e-07	0.00e+00	0.00e+00	0.00e+00	0.00e+00
 2.76232e+23	9.71e-01	2.88e-02	1.30e-05	5.86e-07	0.00e+00	0.00e+00	0.00e+00	0.00e+00
 2.76336e+23	9.71e-01	2.87e-02	1.29e-05	5.84e-07	0.00e+00	0.00e+00	0.00e+00	0.00e+00
 2.76449e+23	9.72e-01	2.84e-02	1.29e-05	5.84e-07	0.00e+00	0.00e+00	0.00e+00	0.00e+00
 2.76571e+23	9.72e-01	2.82e-02	1.28e-05	5.83e-07	0.00e+00	0.00e+00	0.00e+00	0.00e+00
 2.76683e+23	9.72e-01	2.79e-02	1.28e-05	5.81e-07	0.00e+00	0.00e+00	0.00e+00	0.00e+00
 2.76804e+23	9.72e-01	2.77e-02	1.27e-05	5.81e-07	0.00e+00	0.00e+00	0.00e+00	0.00e+00
 2.76936e+23	9.73e-01	2.74e-02	1.27e-05	5.80e-07	0.00e+00	0.00e+00	0.00e+00	0.00e+00
 2.77056e+23	9.73e-01	2.72e-02	1.26e-05	5.81e-07	0.00e+00	0.00e+00	0.00e+00	0.00e+00
 2.77165e+23	9.73e-01	2.70e-02	1.26e-05	5.78e-07	0.00e+00	0.00e+00	0.00e+00	0.00e+00
