#depth	Si	Si+	Si+2	Si+3	Si+4	Si+5	Si+6	Si+7	Si+8	Si+9	Si+10	Si+11	Si+12	Si+13	Si+14
 1.54284e+22	0.00e+00	0.00e+00	0.00e+00	0.00e+00	1.72e-22	8.18e-19	1.17e-15	5.51e-13	1.12e-10	1.12e-08	7.43e-07	4.84e-05	7.45e-03	1.46e-01	8.47e-01
 3.47806e+22	0.00e+00	0.00e+00	0.00e+00	5.49e-25	1.07e-20	3.37e-17	3.20e-14	9.86e-12	1.31e-09	8.62e-08	3.73e-06	1.59e-04	1.60e-02	2.05e-01	7.79e-01
 4.10319e+22	0.00e+00	0.00e+00	7.53e-28	8.33e-24	1.29e-19	3.16e-16	2.33e-13	5.58e-11	5.76e-09	2.94e-07	9.81e-06	3.22e-04	2.51e-02	2.48e-01	7.26e-01
 4.52213e+22	0.00e+00	1.37e-31	6.34e-27	5.72e-23	1.01e-18	2.01e-15	1.20e-12	2.34e-10	1.97e-08	8.12e-07	2.18e-05	5.76e-04	3.61e-02	2.87e-01	6.76e-01
 4.75487e+22	0.00e+00	2.74e-31	1.20e-26	1.03e-22	1.72e-18	3.25e-15	1.85e-12	3.40e-10	2.71e-08	1.06e-06	2.68e-05	6.69e-04	3.97e-02	2.97e-01	6.62e-01
 4.82824e+22	0.00e+00	4.15e-31	1.77e-26	1.46e-22	2.38e-18	4.34e-15	2.39e-12	4.27e-10	3.29e-08	1.24e-06	3.03e-05	7.32e-04	4.19e-02	3.04e-01	6.53e-01
 4.88041e+22	0.00e+00	5.93e-31	2.47e-26	1.98e-22	3.13e-18	5.57e-15	2.98e-12	5.17e-10	3.88e-08	1.42e-06	3.37e-05	7.91e-04	4.40e-02	3.09e-01	6.46e-01
 4.93870e+22	0.00e+00	9.61e-31	3.86e-26	2.97e-22	4.55e-18	7.79e-15	4.01e-12	6.71e-10	4.85e-08	1.71e-06	3.90e-05	8.77e-04	4.69e-02	3.17e-01	6.36e-01
 4.99866e+22	0.00e+00	1.45e-30	5.63e-26	4.20e-22	6.24e-18	1.04e-14	5.17e-12	8.37e-10	5.86e-08	2.01e-06	4.40e-05	9.58e-04	4.94e-02	3.23e-01	6.27e-01
 5.05254e+22	0.00e+00	2.18e-30	8.22e-26	5.93e-22	8.56e-18	1.37e-14	6.65e-12	1.04e-09	7.08e-08	2.35e-06	4.97e-05	1.05e-03	5.21e-02	3.29e-01	6.18e-01
 5.11434e+22	0.00e+00	3.67e-30	1.33e-25	9.20e-22	1.28e-17	1.97e-14	9.17e-12	1.38e-09	9.02e-08	2.87e-06	5.80e-05	1.17e-03	5.58e-02	3.37e-01	6.06e-01
 5.17651e+22	0.00e+00	5.55e-30	1.96e-25	1.31e-21	1.76e-17	2.63e-14	1.18e-11	1.73e-09	1.09e-07	3.36e-06	6.56e-05	1.28e-03	5.88e-02	3.44e-01	5.96e-01
 5.22950e+22	0.00e+00	8.44e-30	2.88e-25	1.85e-21	2.43e-17	3.52e-14	1.53e-11	2.16e-09	1.33e-07	3.94e-06	7.43e-05	1.39e-03	6.21e-02	3.50e-01	5.87e-01
 5.27950e+22	0.00e+00	1.23e-29	4.08e-25	2.55e-21	3.25e-17	4.57e-14	1.93e-11	2.65e-09	1.58e-07	4.55e-06	8.30e-05	1.51e-03	6.51e-02	3.56e-01	5.78e-01
 5.33528e+22	0.00e+00	1.95e-29	6.24e-25	3.75e-21	4.63e-17	6.28e-14	2.56e-11	3.39e-09	1.95e-07	5.42e-06	9.50e-05	1.66e-03	6.90e-02	3.63e-01	5.67e-01
 5.39403e+22	0.00e+00	3.01e-29	9.32e-25	5.39e-21	6.46e-17	8.48e-14	3.35e-11	4.28e-09	2.38e-07	6.41e-06	1.08e-04	1.82e-03	7.28e-02	3.69e-01	5.56e-01
 5.44655e+22	0.00e+00	3.66e-29	1.10e-24	7.53e-21	8.78e-17	1.12e-13	4.27e-11	5.31e-09	2.86e-07	7.46e-06	1.21e-04	1.98e-03	7.65e-02	3.75e-01	5.47e-01
 5.50473e+22	0.00e+00	6.06e-29	1.75e-24	1.15e-20	1.29e-16	1.58e-13	5.82e-11	6.95e-09	3.61e-07	9.03e-06	1.41e-04	2.20e-03	8.14e-02	3.82e-01	5.34e-01
 5.56235e+22	0.00e+00	9.18e-29	2.57e-24	1.62e-20	1.78e-16	2.11e-13	7.51e-11	8.68e-09	4.37e-07	1.06e-05	1.59e-04	2.39e-03	8.56e-02	3.88e-01	5.24e-01
 5.61063e+22	0.00e+00	1.33e-28	3.62e-24	2.21e-20	2.36e-16	2.72e-13	9.42e-11	1.06e-08	5.18e-07	1.22e-05	1.77e-04	2.58e-03	8.95e-02	3.93e-01	5.14e-01
 5.66477e+22	0.00e+00	2.13e-28	5.59e-24	3.28e-20	3.39e-16	3.77e-13	1.26e-10	1.36e-08	6.44e-07	1.46e-05	2.03e-04	2.85e-03	9.47e-02	4.00e-01	5.03e-01
 5.72049e+22	0.00e+00	3.23e-28	8.19e-24	4.63e-20	4.65e-16	5.01e-13	1.62e-10	1.70e-08	7.79e-07	1.71e-05	2.29e-04	3.10e-03	9.95e-02	4.05e-01	4.92e-01
 5.76968e+22	0.00e+00	4.75e-28	1.17e-23	6.38e-20	6.24e-16	6.53e-13	2.05e-10	2.09e-08	9.30e-07	1.97e-05	2.56e-04	3.35e-03	1.04e-01	4.10e-01	4.82e-01
 5.82502e+22	0.00e+00	7.71e-28	1.83e-23	9.56e-20	9.05e-16	9.12e-13	2.76e-10	2.71e-08	1.16e-06	2.37e-05	2.94e-04	3.69e-03	1.10e-01	4.16e-01	4.69e-01
 5.88194e+22	0.00e+00	1.18e-27	2.71e-23	1.36e-19	1.25e-15	1.22e-12	3.58e-10	3.40e-08	1.41e-06	2.79e-05	3.33e-04	4.03e-03	1.16e-01	4.22e-01	4.58e-01
 5.93205e+22	0.00e+00	1.77e-27	3.92e-23	1.90e-19	1.70e-15	1.61e-12	4.57e-10	4.21e-08	1.70e-06	3.25e-05	3.74e-04	4.36e-03	1.21e-01	4.26e-01	4.48e-01
 5.98077e+22	0.00e+00	2.64e-27	5.68e-23	2.65e-19	2.31e-15	2.12e-12	5.84e-10	5.22e-08	2.04e-06	3.78e-05	4.20e-04	4.73e-03	1.27e-01	4.31e-01	4.37e-01
 6.03650e+22	0.00e+00	4.34e-27	8.98e-23	4.00e-19	3.38e-15	2.99e-12	7.91e-10	6.80e-08	2.56e-06	4.56e-05	4.84e-04	5.22e-03	1.34e-01	4.36e-01	4.24e-01
 6.09344e+22	0.00e+00	6.59e-27	1.32e-22	5.65e-19	4.64e-15	3.98e-12	1.02e-09	8.50e-08	3.10e-06	5.34e-05	5.45e-04	5.66e-03	1.40e-01	4.40e-01	4.13e-01
 6.15195e+22	0.00e+00	1.12e-26	2.15e-22	8.76e-19	6.95e-15	5.73e-12	1.41e-09	1.13e-07	3.96e-06	6.52e-05	6.34e-04	6.29e-03	1.49e-01	4.45e-01	3.99e-01
 6.21099e+22	0.00e+00	1.74e-26	3.21e-22	1.26e-18	9.69e-15	7.73e-12	1.84e-09	1.42e-07	4.84e-06	7.69e-05	7.18e-04	6.84e-03	1.56e-01	4.49e-01	3.88e-01
 6.25953e+22	0.00e+00	2.52e-26	4.53e-22	1.71e-18	1.29e-14	9.98e-12	2.31e-09	1.73e-07	5.74e-06	8.85e-05	7.98e-04	7.36e-03	1.62e-01	4.52e-01	3.78e-01
 6.31141e+22	0.00e+00	4.06e-26	7.00e-22	2.52e-18	1.85e-14	1.38e-11	3.08e-09	2.23e-07	7.13e-06	1.06e-04	9.13e-04	8.06e-03	1.70e-01	4.56e-01	3.65e-01
 6.36438e+22	0.00e+00	6.08e-26	1.01e-21	3.52e-18	2.51e-14	1.82e-11	3.94e-09	2.77e-07	8.58e-06	1.23e-04	1.02e-03	8.71e-03	1.77e-01	4.58e-01	3.54e-01
 6.40743e+22	0.00e+00	8.47e-26	1.37e-21	4.61e-18	3.22e-14	2.28e-11	4.82e-09	3.30e-07	9.98e-06	1.39e-04	1.12e-03	9.27e-03	1.84e-01	4.60e-01	3.46e-01
 6.45206e+22	0.00e+00	1.28e-25	2.00e-21	6.46e-18	4.40e-14	3.03e-11	6.19e-09	4.11e-07	1.20e-05	1.63e-04	1.26e-03	1.00e-02	1.91e-01	4.62e-01	3.35e-01
 6.49475e+22	0.00e+00	1.74e-25	2.65e-21	8.29e-18	5.55e-14	3.73e-11	7.45e-09	4.83e-07	1.39e-05	1.83e-04	1.37e-03	1.06e-02	1.97e-01	4.64e-01	3.27e-01
 6.52911e+22	0.00e+00	2.35e-25	3.49e-21	1.06e-17	6.96e-14	4.58e-11	8.94e-09	5.67e-07	1.59e-05	2.05e-04	1.49e-03	1.12e-02	2.03e-01	4.65e-01	3.19e-01
 6.56276e+22	0.00e+00	3.12e-25	4.53e-21	1.33e-17	8.62e-14	5.55e-11	1.06e-08	6.59e-07	1.81e-05	2.27e-04	1.62e-03	1.18e-02	2.09e-01	4.66e-01	3.12e-01
 6.59569e+22	0.00e+00	4.08e-25	5.77e-21	1.66e-17	1.05e-13	6.66e-11	1.25e-08	7.59e-07	2.04e-05	2.51e-04	1.74e-03	1.24e-02	2.14e-01	4.66e-01	3.05e-01
 6.63289e+22	0.00e+00	5.88e-25	8.05e-21	2.22e-17	1.39e-13	8.53e-11	1.56e-08	9.21e-07	2.42e-05	2.88e-04	1.93e-03	1.33e-02	2.22e-01	4.67e-01	2.96e-01
 6.66942e+22	0.00e+00	7.61e-25	1.02e-20	2.74e-17	1.68e-13	1.02e-10	1.82e-08	1.06e-06	2.72e-05	3.17e-04	2.07e-03	1.40e-02	2.27e-01	4.67e-01	2.89e-01
 6.70509e+22	0.00e+00	1.08e-24	1.40e-20	3.63e-17	2.19e-13	1.29e-10	2.25e-08	1.27e-06	3.19e-05	3.62e-04	2.28e-03	1.49e-02	2.35e-01	4.68e-01	2.80e-01
 6.73966e+22	0.00e+00	1.40e-24	1.77e-20	4.47e-17	2.66e-13	1.54e-10	2.63e-08	1.46e-06	3.59e-05	3.99e-04	2.45e-03	1.56e-02	2.40e-01	4.68e-01	2.74e-01
 6.76839e+22	0.00e+00	1.82e-24	2.25e-20	5.51e-17	3.23e-13	1.84e-10	3.08e-08	1.67e-06	4.05e-05	4.40e-04	2.64e-03	1.64e-02	2.46e-01	4.67e-01	2.67e-01
 6.79701e+22	0.00e+00	2.34e-24	2.83e-20	6.75e-17	3.90e-13	2.18e-10	3.59e-08	1.91e-06	4.54e-05	4.84e-04	2.83e-03	1.71e-02	2.51e-01	4.67e-01	2.61e-01
 6.82987e+22	0.00e+00	3.22e-24	3.77e-20	8.69e-17	4.94e-13	2.70e-10	4.35e-08	2.26e-06	5.25e-05	5.44e-04	3.09e-03	1.81e-02	2.59e-01	4.66e-01	2.53e-01
 6.86365e+22	0.00e+00	4.24e-24	4.84e-20	1.08e-16	6.06e-13	3.25e-10	5.14e-08	2.62e-06	5.95e-05	6.03e-04	3.33e-03	1.90e-02	2.65e-01	4.66e-01	2.47e-01
 6.89350e+22	0.00e+00	5.47e-24	6.10e-20	1.33e-16	7.34e-13	3.87e-10	6.00e-08	3.00e-06	6.69e-05	6.64e-04	3.57e-03	1.99e-02	2.71e-01	4.65e-01	2.40e-01
 6.92168e+22	0.00e+00	7.07e-24	7.68e-20	1.62e-16	8.86e-13	4.60e-10	7.00e-08	3.43e-06	7.52e-05	7.31e-04	3.83e-03	2.08e-02	2.77e-01	4.64e-01	2.34e-01
 6.94787e+22	0.00e+00	8.94e-24	9.49e-20	1.95e-16	1.05e-12	5.38e-10	8.06e-08	3.89e-06	8.38e-05	7.98e-04	4.09e-03	2.17e-02	2.82e-01	4.63e-01	2.29e-01
 6.97705e+22	0.00e+00	1.20e-23	1.24e-19	2.46e-16	1.31e-12	6.56e-10	9.63e-08	4.54e-06	9.58e-05	8.91e-04	4.43e-03	2.28e-02	2.89e-01	4.61e-01	2.22e-01
 7.00699e+22	0.00e+00	1.56e-23	1.56e-19	3.01e-16	1.59e-12	7.83e-10	1.13e-07	5.22e-06	1.08e-04	9.83e-04	4.76e-03	2.39e-02	2.95e-01	4.59e-01	2.16e-01
 7.03308e+22	0.00e+00	1.96e-23	1.92e-19	3.60e-16	1.88e-12	9.13e-10	1.30e-07	5.89e-06	1.20e-04	1.07e-03	5.07e-03	2.49e-02	3.01e-01	4.58e-01	2.11e-01
 7.06212e+22	0.00e+00	2.70e-23	2.55e-19	4.61e-16	2.37e-12	1.13e-09	1.57e-07	6.98e-06	1.39e-04	1.21e-03	5.53e-03	2.63e-02	3.08e-01	4.55e-01	2.03e-01
 7.09124e+22	0.00e+00	3.44e-23	3.18e-19	5.57e-16	2.84e-12	1.33e-09	1.82e-07	7.94e-06	1.56e-04	1.32e-03	5.91e-03	2.74e-02	3.14e-01	4.53e-01	1.98e-01
 7.12044e+22	0.00e+00	4.73e-23	4.22e-19	7.11e-16	3.58e-12	1.65e-09	2.21e-07	9.40e-06	1.80e-04	1.49e-03	6.45e-03	2.89e-02	3.22e-01	4.50e-01	1.91e-01
 7.15010e+22	0.00e+00	6.13e-23	5.31e-19	8.66e-16	4.33e-12	1.96e-09	2.58e-07	1.08e-05	2.03e-04	1.64e-03	6.92e-03	3.02e-02	3.28e-01	4.48e-01	1.85e-01
 7.17553e+22	0.00e+00	7.75e-23	6.55e-19	1.04e-15	5.14e-12	2.30e-09	2.97e-07	1.22e-05	2.26e-04	1.80e-03	7.38e-03	3.14e-02	3.34e-01	4.45e-01	1.80e-01
 7.20376e+22	0.00e+00	1.08e-22	8.78e-19	1.33e-15	6.53e-12	2.87e-09	3.64e-07	1.46e-05	2.64e-04	2.04e-03	8.08e-03	3.32e-02	3.42e-01	4.42e-01	1.73e-01
 7.23148e+22	0.00e+00	1.36e-22	1.07e-18	1.58e-15	7.70e-12	3.34e-09	4.18e-07	1.65e-05	2.93e-04	2.22e-03	8.59e-03	3.45e-02	3.47e-01	4.39e-01	1.68e-01
 7.25853e+22	0.00e+00	1.87e-22	1.42e-18	2.00e-15	9.69e-12	4.14e-09	5.07e-07	1.96e-05	3.40e-04	2.50e-03	9.38e-03	3.64e-02	3.55e-01	4.35e-01	1.61e-01
 7.28512e+22	0.00e+00	2.31e-22	1.72e-18	2.36e-15	1.13e-11	4.79e-09	5.78e-07	2.20e-05	3.76e-04	2.72e-03	9.94e-03	3.77e-02	3.60e-01	4.32e-01	1.57e-01
 7.31110e+22	0.00e+00	3.19e-22	2.27e-18	2.98e-15	1.43e-11	5.92e-09	7.03e-07	2.61e-05	4.37e-04	3.07e-03	1.09e-02	3.97e-02	3.68e-01	4.27e-01	1.51e-01
 7.33688e+22	0.00e+00	3.96e-22	2.76e-18	3.50e-15	1.67e-11	6.86e-09	8.04e-07	2.93e-05	4.84e-04	3.33e-03	1.15e-02	4.12e-02	3.73e-01	4.24e-01	1.46e-01
 7.36240e+22	0.00e+00	5.44e-22	3.63e-18	4.40e-15	2.09e-11	8.48e-09	9.76e-07	3.48e-05	5.62e-04	3.76e-03	1.26e-02	4.33e-02	3.81e-01	4.19e-01	1.40e-01
 7.38812e+22	0.00e+00	6.85e-22	4.43e-18	5.21e-15	2.47e-11	9.91e-09	1.12e-06	3.95e-05	6.26e-04	4.10e-03	1.34e-02	4.50e-02	3.86e-01	4.15e-01	1.36e-01
 7.41412e+22	0.00e+00	9.44e-22	5.86e-18	6.56e-15	3.11e-11	1.23e-08	1.37e-06	4.70e-05	7.29e-04	4.64e-03	1.46e-02	4.73e-02	3.94e-01	4.09e-01	1.29e-01
 7.44042e+22	0.00e+00	1.20e-21	7.22e-18	7.81e-15	3.69e-11	1.45e-08	1.59e-06	5.36e-05	8.16e-04	5.09e-03	1.56e-02	4.92e-02	3.99e-01	4.05e-01	1.25e-01
 7.46712e+22	0.00e+00	1.66e-21	9.52e-18	9.81e-15	4.64e-11	1.80e-08	1.94e-06	6.39e-05	9.50e-04	5.75e-03	1.70e-02	5.17e-02	4.07e-01	3.99e-01	1.19e-01
 7.49355e+22	0.00e+00	2.11e-21	1.17e-17	1.16e-14	5.51e-11	2.11e-08	2.26e-06	7.29e-05	1.07e-03	6.31e-03	1.82e-02	5.37e-02	4.12e-01	3.94e-01	1.15e-01
 7.51964e+22	0.00e+00	2.89e-21	1.54e-17	1.45e-14	6.90e-11	2.62e-08	2.75e-06	8.68e-05	1.24e-03	7.12e-03	1.98e-02	5.64e-02	4.19e-01	3.87e-01	1.09e-01
 7.54613e+22	0.00e+00	3.71e-21	1.90e-17	1.73e-14	8.25e-11	3.11e-08	3.22e-06	9.97e-05	1.40e-03	7.84e-03	2.12e-02	5.86e-02	4.25e-01	3.82e-01	1.05e-01
 7.57313e+22	0.00e+00	5.14e-21	2.52e-17	2.17e-14	1.04e-10	3.88e-08	3.95e-06	1.20e-04	1.63e-03	8.88e-03	2.31e-02	6.16e-02	4.31e-01	3.74e-01	9.91e-02
 7.60046e+22	0.00e+00	6.64e-21	3.13e-17	2.58e-14	1.25e-10	4.62e-08	4.65e-06	1.38e-04	1.84e-03	9.80e-03	2.48e-02	6.41e-02	4.36e-01	3.68e-01	9.48e-02
 7.62822e+22	0.00e+00	9.25e-21	4.14e-17	3.24e-14	1.58e-10	5.80e-08	5.74e-06	1.66e-04	2.16e-03	1.11e-02	2.71e-02	6.73e-02	4.43e-01	3.60e-01	8.94e-02
 7.65612e+22	0.00e+00	1.19e-20	5.13e-17	3.84e-14	1.89e-10	6.90e-08	6.75e-06	1.91e-04	2.44e-03	1.23e-02	2.91e-02	6.99e-02	4.47e-01	3.53e-01	8.53e-02
 7.68015e+22	1.87e-34	1.52e-20	6.32e-17	4.53e-14	2.25e-10	8.17e-08	7.90e-06	2.20e-04	2.75e-03	1.35e-02	3.10e-02	7.25e-02	4.52e-01	3.47e-01	8.15e-02
 7.70733e+22	2.78e-34	2.10e-20	8.26e-17	5.60e-14	2.83e-10	1.02e-07	9.71e-06	2.64e-04	3.21e-03	1.52e-02	3.38e-02	7.59e-02	4.57e-01	3.38e-01	7.66e-02
 7.73449e+22	3.71e-34	2.64e-20	1.00e-16	6.54e-14	3.33e-10	1.20e-07	1.13e-05	3.00e-04	3.59e-03	1.66e-02	3.60e-02	7.84e-02	4.60e-01	3.31e-01	7.32e-02
 7.76160e+22	5.44e-34	3.60e-20	1.30e-16	8.00e-14	4.15e-10	1.48e-07	1.38e-05	3.58e-04	4.16e-03	1.87e-02	3.91e-02	8.19e-02	4.65e-01	3.22e-01	6.87e-02
 7.78901e+22	7.23e-34	4.52e-20	1.57e-16	9.31e-14	4.88e-10	1.74e-07	1.60e-05	4.08e-04	4.65e-03	2.04e-02	4.15e-02	8.45e-02	4.67e-01	3.16e-01	6.54e-02
 7.81681e+22	1.06e-33	6.13e-20	2.03e-16	1.13e-13	6.06e-10	2.15e-07	1.95e-05	4.85e-04	5.38e-03	2.29e-02	4.49e-02	8.81e-02	4.71e-01	3.06e-01	6.12e-02
 7.84506e+22	1.40e-33	7.69e-20	2.45e-16	1.32e-13	7.13e-10	2.52e-07	2.26e-05	5.52e-04	6.00e-03	2.50e-02	4.76e-02	9.08e-02	4.73e-01	2.99e-01	5.82e-02
 7.87392e+22	2.02e-33	1.03e-19	3.13e-16	1.59e-13	8.80e-10	3.09e-07	2.74e-05	6.54e-04	6.91e-03	2.79e-02	5.14e-02	9.43e-02	4.75e-01	2.90e-01	5.43e-02
 7.90379e+22	2.72e-33	1.31e-19	3.83e-16	1.86e-13	1.04e-09	3.66e-07	3.20e-05	7.50e-04	7.75e-03	3.05e-02	5.46e-02	9.73e-02	4.76e-01	2.82e-01	5.13e-02
 7.93492e+22	3.96e-33	1.78e-19	4.92e-16	2.26e-13	1.29e-09	4.52e-07	3.90e-05	8.91e-04	8.95e-03	3.41e-02	5.89e-02	1.01e-01	4.77e-01	2.72e-01	4.76e-02
 7.96677e+22	5.33e-33	2.26e-19	6.01e-16	2.64e-13	1.54e-09	5.34e-07	4.56e-05	1.02e-03	1.00e-02	3.72e-02	6.25e-02	1.04e-01	4.77e-01	2.63e-01	4.48e-02
 7.99512e+22	7.09e-33	2.85e-19	7.27e-16	3.06e-13	1.81e-09	6.27e-07	5.30e-05	1.16e-03	1.12e-02	4.04e-02	6.61e-02	1.07e-01	4.77e-01	2.55e-01	4.22e-02
 8.02747e+22	1.02e-32	3.81e-19	9.26e-16	3.69e-13	2.22e-09	7.68e-07	6.40e-05	1.37e-03	1.28e-02	4.49e-02	7.09e-02	1.10e-01	4.76e-01	2.45e-01	3.90e-02
 8.06032e+22	1.34e-32	4.78e-19	1.12e-15	4.27e-13	2.61e-09	8.99e-07	7.41e-05	1.56e-03	1.42e-02	4.86e-02	7.47e-02	1.13e-01	4.74e-01	2.37e-01	3.66e-02
 8.09380e+22	1.91e-32	6.38e-19	1.42e-15	5.12e-13	3.19e-09	1.10e-06	8.92e-05	1.83e-03	1.62e-02	5.37e-02	7.98e-02	1.16e-01	4.72e-01	2.27e-01	3.37e-02
 8.12633e+22	2.45e-32	7.80e-19	1.68e-15	5.83e-13	3.68e-09	1.26e-06	1.01e-04	2.05e-03	1.77e-02	5.76e-02	8.35e-02	1.18e-01	4.69e-01	2.20e-01	3.18e-02
 8.15760e+22	3.38e-32	1.01e-18	2.08e-15	6.87e-13	4.41e-09	1.50e-06	1.20e-04	2.37e-03	1.99e-02	6.29e-02	8.84e-02	1.21e-01	4.65e-01	2.10e-01	2.94e-02
 8.18945e+22	4.31e-32	1.23e-18	2.46e-15	7.82e-13	5.07e-09	1.72e-06	1.36e-04	2.65e-03	2.18e-02	6.72e-02	9.21e-02	1.23e-01	4.62e-01	2.03e-01	2.76e-02
 8.22204e+22	5.93e-32	1.60e-18	3.05e-15	9.22e-13	6.07e-09	2.06e-06	1.60e-04	3.06e-03	2.44e-02	7.33e-02	9.73e-02	1.26e-01	4.57e-01	1.94e-01	2.54e-02
 8.25513e+22	7.55e-32	1.95e-18	3.59e-15	1.05e-12	6.96e-09	2.35e-06	1.81e-04	3.40e-03	2.66e-02	7.80e-02	1.01e-01	1.28e-01	4.52e-01	1.87e-01	2.39e-02
 8.28884e+22	1.04e-31	2.53e-18	4.45e-15	1.23e-12	8.30e-09	2.79e-06	2.13e-04	3.91e-03	2.97e-02	8.47e-02	1.06e-01	1.30e-01	4.46e-01	1.77e-01	2.19e-02
 8.32197e+22	1.29e-31	3.03e-18	5.19e-15	1.39e-12	9.41e-09	3.15e-06	2.38e-04	4.30e-03	3.21e-02	8.96e-02	1.10e-01	1.31e-01	4.41e-01	1.71e-01	2.06e-02
 8.35434e+22	1.74e-31	3.86e-18	6.33e-15	1.62e-12	1.11e-08	3.69e-06	2.76e-04	4.89e-03	3.55e-02	9.64e-02	1.15e-01	1.33e-01	4.33e-01	1.62e-01	1.89e-02
 8.38737e+22	2.17e-31	4.64e-18	7.39e-15	1.83e-12	1.25e-08	4.17e-06	3.08e-04	5.38e-03	3.82e-02	1.02e-01	1.19e-01	1.34e-01	4.27e-01	1.56e-01	1.77e-02
 8.42126e+22	2.92e-31	5.92e-18	9.04e-15	2.14e-12	1.47e-08	4.88e-06	3.57e-04	6.11e-03	4.22e-02	1.09e-01	1.24e-01	1.36e-01	4.19e-01	1.48e-01	1.62e-02
 8.45580e+22	3.67e-31	7.15e-18	1.06e-14	2.42e-12	1.67e-08	5.50e-06	3.98e-04	6.72e-03	4.54e-02	1.15e-01	1.27e-01	1.37e-01	4.12e-01	1.41e-01	1.51e-02
 8.49117e+22	4.94e-31	9.14e-18	1.30e-14	2.83e-12	1.96e-08	6.43e-06	4.60e-04	7.61e-03	5.00e-02	1.23e-01	1.32e-01	1.38e-01	4.02e-01	1.33e-01	1.37e-02
 8.52718e+22	6.22e-31	1.11e-17	1.52e-14	3.21e-12	2.22e-08	7.25e-06	5.14e-04	8.36e-03	5.37e-02	1.30e-01	1.36e-01	1.38e-01	3.94e-01	1.27e-01	1.27e-02
 8.56400e+22	4.13e-31	1.42e-17	1.87e-14	3.76e-12	2.61e-08	8.47e-06	5.93e-04	9.45e-03	5.90e-02	1.38e-01	1.40e-01	1.39e-01	3.83e-01	1.19e-01	1.15e-02
 8.60153e+22	5.21e-31	1.72e-17	2.21e-14	4.28e-12	2.95e-08	9.54e-06	6.61e-04	1.04e-02	6.33e-02	1.45e-01	1.44e-01	1.39e-01	3.74e-01	1.13e-01	1.06e-02
 8.63996e+22	7.06e-31	2.21e-17	2.72e-14	5.03e-12	3.46e-08	1.11e-05	7.60e-04	1.17e-02	6.93e-02	1.54e-01	1.48e-01	1.38e-01	3.62e-01	1.06e-01	9.57e-03
 8.67752e+22	8.71e-31	2.63e-17	3.16e-14	5.68e-12	3.88e-08	1.24e-05	8.37e-04	1.27e-02	7.35e-02	1.60e-01	1.51e-01	1.38e-01	3.54e-01	1.01e-01	8.90e-03
 8.71396e+22	1.16e-30	3.33e-17	3.84e-14	6.60e-12	4.48e-08	1.42e-05	9.52e-04	1.41e-02	7.98e-02	1.69e-01	1.55e-01	1.37e-01	3.42e-01	9.38e-02	8.01e-03
 8.75098e+22	1.43e-30	3.97e-17	4.48e-14	7.46e-12	5.02e-08	1.58e-05	1.05e-03	1.53e-02	8.45e-02	1.76e-01	1.57e-01	1.37e-01	3.33e-01	8.91e-02	7.42e-03
 8.78876e+22	1.89e-30	5.02e-17	5.45e-14	8.70e-12	5.79e-08	1.81e-05	1.18e-03	1.70e-02	9.13e-02	1.85e-01	1.60e-01	1.36e-01	3.21e-01	8.29e-02	6.67e-03
 8.82773e+22	2.37e-30	6.07e-17	6.41e-14	9.89e-12	6.52e-08	2.03e-05	1.31e-03	1.85e-02	9.69e-02	1.92e-01	1.62e-01	1.34e-01	3.11e-01	7.81e-02	6.11e-03
 8.86825e+22	3.15e-30	7.71e-17	7.86e-14	1.16e-11	7.55e-08	2.32e-05	1.48e-03	2.05e-02	1.04e-01	2.01e-01	1.65e-01	1.33e-01	2.98e-01	7.23e-02	5.46e-03
 8.91010e+22	4.01e-30	9.44e-17	9.33e-14	1.33e-11	8.55e-08	2.61e-05	1.64e-03	2.23e-02	1.11e-01	2.08e-01	1.67e-01	1.31e-01	2.87e-01	6.76e-02	4.96e-03
 8.95370e+22	5.41e-30	1.21e-16	1.16e-13	1.58e-11	9.96e-08	3.01e-05	1.86e-03	2.48e-02	1.19e-01	2.17e-01	1.68e-01	1.29e-01	2.73e-01	6.20e-02	4.39e-03
 8.99851e+22	6.94e-30	1.49e-16	1.38e-13	1.83e-11	1.13e-07	3.38e-05	2.07e-03	2.70e-02	1.27e-01	2.25e-01	1.70e-01	1.27e-01	2.62e-01	5.76e-02	3.96e-03
 9.04490e+22	9.46e-30	1.94e-16	1.73e-13	2.18e-11	1.32e-07	3.91e-05	2.35e-03	3.00e-02	1.36e-01	2.34e-01	1.71e-01	1.24e-01	2.48e-01	5.25e-02	3.47e-03
 9.09286e+22	1.23e-29	2.41e-16	2.09e-13	2.54e-11	1.51e-07	4.41e-05	2.61e-03	3.27e-02	1.44e-01	2.41e-01	1.71e-01	1.21e-01	2.36e-01	4.84e-02	3.09e-03
 9.14286e+22	1.70e-29	3.17e-16	2.64e-13	3.07e-11	1.77e-07	5.11e-05	2.97e-03	3.62e-02	1.54e-01	2.50e-01	1.71e-01	1.17e-01	2.22e-01	4.36e-02	2.68e-03
 9.19408e+22	2.23e-29	3.98e-16	3.22e-13	3.59e-11	2.03e-07	5.77e-05	3.31e-03	3.95e-02	1.63e-01	2.57e-01	1.71e-01	1.14e-01	2.10e-01	3.99e-02	2.37e-03
 9.23994e+22	2.89e-29	4.94e-16	3.88e-13	4.19e-11	2.31e-07	6.49e-05	3.66e-03	4.27e-02	1.72e-01	2.63e-01	1.70e-01	1.11e-01	1.99e-01	3.66e-02	2.11e-03
 9.29259e+22	4.06e-29	6.57e-16	4.96e-13	5.08e-11	2.72e-07	7.53e-05	4.16e-03	4.74e-02	1.84e-01	2.71e-01	1.69e-01	1.06e-01	1.84e-01	3.24e-02	1.79e-03
 9.34562e+22	5.25e-29	8.16e-16	5.99e-13	5.93e-11	3.09e-07	8.44e-05	4.59e-03	5.12e-02	1.92e-01	2.76e-01	1.68e-01	1.03e-01	1.74e-01	2.96e-02	1.58e-03
 9.39915e+22	7.35e-29	1.08e-15	7.62e-13	7.18e-11	3.63e-07	9.74e-05	5.19e-03	5.64e-02	2.04e-01	2.83e-01	1.65e-01	9.83e-02	1.60e-01	2.61e-02	1.34e-03
 9.45381e+22	9.63e-29	1.36e-15	9.27e-13	8.40e-11	4.12e-07	1.09e-04	5.73e-03	6.09e-02	2.14e-01	2.88e-01	1.63e-01	9.45e-02	1.49e-01	2.36e-02	1.16e-03
 9.50994e+22	1.36e-28	1.81e-15	1.19e-12	1.02e-10	4.84e-07	1.26e-04	6.48e-03	6.71e-02	2.26e-01	2.93e-01	1.59e-01	8.95e-02	1.37e-01	2.06e-02	9.71e-04
 9.56695e+22	1.79e-28	2.29e-15	1.45e-12	1.20e-10	5.50e-07	1.41e-04	7.14e-03	7.23e-02	2.36e-01	2.96e-01	1.56e-01	8.55e-02	1.27e-01	1.84e-02	8.37e-04
 9.62507e+22	2.54e-28	3.08e-15	1.87e-12	1.46e-10	6.44e-07	1.63e-04	8.06e-03	7.95e-02	2.49e-01	3.00e-01	1.52e-01	8.03e-02	1.15e-01	1.58e-02	6.86e-04
 9.68004e+22	3.21e-28	3.76e-15	2.21e-12	1.67e-10	7.17e-07	1.79e-04	8.74e-03	8.45e-02	2.57e-01	3.02e-01	1.49e-01	7.69e-02	1.07e-01	1.43e-02	6.01e-04
 9.73089e+22	4.35e-28	4.89e-15	2.75e-12	1.98e-10	8.17e-07	2.02e-04	9.68e-03	9.15e-02	2.68e-01	3.04e-01	1.44e-01	7.24e-02	9.73e-02	1.25e-02	5.02e-04
 9.78215e+22	5.47e-28	5.96e-15	3.27e-12	2.26e-10	9.08e-07	2.21e-04	1.05e-02	9.70e-02	2.76e-01	3.04e-01	1.41e-01	6.91e-02	9.04e-02	1.12e-02	4.37e-04
 9.83393e+22	7.44e-28	7.78e-15	4.07e-12	2.68e-10	1.03e-06	2.48e-04	1.16e-02	1.05e-01	2.87e-01	3.05e-01	1.35e-01	6.47e-02	8.16e-02	9.69e-03	3.61e-04
 9.88618e+22	9.41e-28	9.56e-15	4.84e-12	3.06e-10	1.14e-06	2.72e-04	1.25e-02	1.11e-01	2.95e-01	3.04e-01	1.31e-01	6.14e-02	7.54e-02	8.64e-03	3.11e-04
 9.93901e+22	1.28e-27	1.25e-14	6.04e-12	3.63e-10	1.29e-06	3.05e-04	1.38e-02	1.20e-01	3.05e-01	3.03e-01	1.26e-01	5.71e-02	6.75e-02	7.39e-03	2.54e-04
 9.99264e+22	1.62e-27	1.55e-14	7.21e-12	4.16e-10	1.43e-06	3.33e-04	1.49e-02	1.27e-01	3.13e-01	3.01e-01	1.21e-01	5.39e-02	6.19e-02	6.53e-03	2.16e-04
 1.00473e+23	2.22e-27	2.05e-14	9.06e-12	4.94e-10	1.62e-06	3.73e-04	1.64e-02	1.37e-01	3.22e-01	2.98e-01	1.15e-01	4.98e-02	5.49e-02	5.51e-03	1.74e-04
 1.01027e+23	2.82e-27	2.55e-14	1.09e-11	5.67e-10	1.80e-06	4.08e-04	1.77e-02	1.45e-01	3.30e-01	2.96e-01	1.11e-01	4.67e-02	5.00e-02	4.83e-03	1.47e-04
 1.01590e+23	3.86e-27	3.42e-14	1.37e-11	6.78e-10	2.04e-06	4.56e-04	1.95e-02	1.56e-01	3.38e-01	2.91e-01	1.04e-01	4.28e-02	4.39e-02	4.03e-03	1.16e-04
 1.02166e+23	4.97e-27	4.32e-14	1.66e-11	7.83e-10	2.26e-06	5.00e-04	2.10e-02	1.65e-01	3.45e-01	2.86e-01	9.92e-02	3.98e-02	3.95e-02	3.48e-03	9.63e-05
 1.02758e+23	6.86e-27	5.88e-14	2.13e-11	9.44e-10	2.57e-06	5.61e-04	2.32e-02	1.78e-01	3.53e-01	2.80e-01	9.26e-02	3.61e-02	3.42e-02	2.85e-03	7.48e-05
 1.03359e+23	8.86e-27	7.53e-14	2.60e-11	1.10e-09	2.86e-06	6.15e-04	2.50e-02	1.88e-01	3.59e-01	2.74e-01	8.74e-02	3.34e-02	3.05e-02	2.43e-03	6.10e-05
 1.03954e+23	1.21e-26	1.02e-13	3.33e-11	1.32e-09	3.25e-06	6.87e-04	2.75e-02	2.02e-01	3.65e-01	2.66e-01	8.10e-02	3.01e-02	2.63e-02	1.98e-03	4.71e-05
 1.04521e+23	1.51e-26	1.28e-13	3.99e-11	1.52e-09	3.58e-06	7.46e-04	2.94e-02	2.12e-01	3.69e-01	2.59e-01	7.65e-02	2.80e-02	2.36e-02	1.71e-03	3.90e-05
 1.05071e+23	2.02e-26	1.73e-13	5.05e-11	1.82e-09	4.05e-06	8.29e-04	3.21e-02	2.26e-01	3.73e-01	2.51e-01	7.06e-02	2.52e-02	2.03e-02	1.40e-03	3.03e-05
 1.05632e+23	2.55e-26	2.19e-13	6.12e-11	2.11e-09	4.49e-06	9.04e-04	3.44e-02	2.37e-01	3.76e-01	2.43e-01	6.61e-02	2.32e-02	1.80e-02	1.19e-03	2.46e-05
 1.06180e+23	3.34e-26	2.94e-13	7.73e-11	2.52e-09	5.08e-06	1.00e-03	3.74e-02	2.52e-01	3.78e-01	2.33e-01	6.08e-02	2.10e-02	1.55e-02	9.71e-04	1.92e-05
 1.06739e+23	4.24e-26	3.80e-13	9.49e-11	2.96e-09	5.67e-06	1.10e-03	4.01e-02	2.65e-01	3.79e-01	2.25e-01	5.64e-02	1.91e-02	1.36e-02	8.13e-04	1.53e-05
 1.07285e+23	5.43e-26	5.04e-13	1.19e-10	3.54e-09	6.42e-06	1.21e-03	4.34e-02	2.79e-01	3.80e-01	2.15e-01	5.18e-02	1.72e-02	1.18e-02	6.68e-04	1.20e-05
 1.07841e+23	6.89e-26	6.61e-13	1.48e-10	4.21e-09	7.25e-06	1.34e-03	4.67e-02	2.94e-01	3.79e-01	2.05e-01	4.75e-02	1.56e-02	1.02e-02	5.52e-04	9.45e-06
 1.08393e+23	8.78e-26	8.77e-13	1.86e-10	5.05e-09	8.24e-06	1.48e-03	5.04e-02	3.09e-01	3.78e-01	1.95e-01	4.34e-02	1.40e-02	8.77e-03	4.52e-04	7.37e-06
 1.08947e+23	1.11e-25	1.16e-12	2.33e-10	6.05e-09	9.38e-06	1.63e-03	5.42e-02	3.24e-01	3.75e-01	1.85e-01	3.96e-02	1.26e-02	7.55e-03	3.71e-04	5.76e-06
 1.09496e+23	1.41e-25	1.53e-12	2.92e-10	7.27e-09	1.07e-05	1.80e-03	5.83e-02	3.39e-01	3.72e-01	1.75e-01	3.60e-02	1.13e-02	6.48e-03	3.03e-04	4.49e-06
 1.10043e+23	1.78e-25	2.02e-12	3.66e-10	8.75e-09	1.22e-05	2.00e-03	6.27e-02	3.54e-01	3.67e-01	1.65e-01	3.26e-02	1.01e-02	5.56e-03	2.48e-04	3.50e-06
 1.10591e+23	2.25e-25	2.67e-12	4.60e-10	1.06e-08	1.40e-05	2.21e-03	6.73e-02	3.69e-01	3.62e-01	1.55e-01	2.95e-02	9.05e-03	4.75e-03	2.02e-04	2.72e-06
 1.11142e+23	2.84e-25	3.54e-12	5.78e-10	1.28e-08	1.61e-05	2.45e-03	7.23e-02	3.84e-01	3.56e-01	1.46e-01	2.66e-02	8.06e-03	4.05e-03	1.64e-04	2.10e-06
 1.11697e+23	3.59e-25	4.68e-12	7.29e-10	1.56e-08	1.85e-05	2.72e-03	7.75e-02	4.00e-01	3.49e-01	1.36e-01	2.39e-02	7.17e-03	3.44e-03	1.33e-04	1.62e-06
 1.12256e+23	4.56e-25	6.20e-12	9.21e-10	1.89e-08	2.14e-05	3.02e-03	8.31e-02	4.14e-01	3.42e-01	1.27e-01	2.14e-02	6.35e-03	2.91e-03	1.07e-04	1.25e-06
 1.12823e+23	5.81e-25	8.23e-12	1.16e-09	2.31e-08	2.48e-05	3.35e-03	8.91e-02	4.29e-01	3.33e-01	1.18e-01	1.91e-02	5.61e-03	2.46e-03	8.59e-05	9.55e-07
 1.13393e+23	7.40e-25	1.09e-11	1.47e-09	2.82e-08	2.87e-05	3.72e-03	9.53e-02	4.43e-01	3.24e-01	1.09e-01	1.70e-02	4.95e-03	2.07e-03	6.90e-05	7.31e-07
 1.13972e+23	9.54e-25	1.44e-11	1.87e-09	3.47e-08	3.34e-05	4.15e-03	1.02e-01	4.57e-01	3.14e-01	1.01e-01	1.51e-02	4.34e-03	1.74e-03	5.50e-05	5.54e-07
 1.14558e+23	1.24e-24	1.90e-11	2.36e-09	4.25e-08	3.88e-05	4.60e-03	1.09e-01	4.70e-01	3.04e-01	9.32e-02	1.34e-02	3.81e-03	1.46e-03	4.39e-05	4.21e-07
 1.15155e+23	1.63e-24	2.54e-11	3.01e-09	5.25e-08	4.53e-05	5.13e-03	1.17e-01	4.83e-01	2.93e-01	8.54e-02	1.18e-02	3.32e-03	1.21e-03	3.46e-05	3.16e-07
 1.15711e+23	2.04e-24	3.19e-11	3.66e-09	6.22e-08	5.14e-05	5.60e-03	1.23e-01	4.93e-01	2.84e-01	7.95e-02	1.06e-02	2.96e-03	1.04e-03	2.86e-05	2.50e-07
 1.16285e+23	2.71e-24	4.28e-11	4.71e-09	7.77e-08	6.05e-05	6.26e-03	1.31e-01	5.05e-01	2.72e-01	7.23e-02	9.22e-03	2.55e-03	8.52e-04	2.22e-05	1.84e-07
 1.16869e+23	3.44e-24	5.38e-11	5.74e-09	9.23e-08	6.87e-05	6.83e-03	1.38e-01	5.14e-01	2.63e-01	6.70e-02	8.27e-03	2.27e-03	7.28e-04	1.82e-05	1.45e-07
 1.17465e+23	4.67e-24	7.24e-11	7.42e-09	1.16e-07	8.12e-05	7.65e-03	1.48e-01	5.25e-01	2.50e-01	6.05e-02	7.15e-03	1.94e-03	5.91e-04	1.40e-05	0.00e+00
 1.18064e+23	5.92e-24	9.01e-11	8.98e-09	1.37e-07	9.19e-05	8.32e-03	1.55e-01	5.31e-01	2.41e-01	5.60e-02	6.41e-03	1.72e-03	5.06e-04	1.15e-05	0.00e+00
 1.18666e+23	8.08e-24	1.20e-10	1.15e-08	1.71e-07	1.08e-04	9.28e-03	1.65e-01	5.40e-01	2.28e-01	5.05e-02	5.54e-03	1.47e-03	4.11e-04	8.82e-06	0.00e+00
 1.19271e+23	1.03e-23	1.49e-10	1.39e-08	2.03e-07	1.22e-04	1.01e-02	1.73e-01	5.45e-01	2.19e-01	4.66e-02	4.95e-03	1.30e-03	3.50e-04	7.22e-06	0.00e+00
 1.19882e+23	1.42e-23	1.96e-10	1.78e-08	2.52e-07	1.44e-04	1.12e-02	1.83e-01	5.51e-01	2.07e-01	4.19e-02	4.27e-03	1.11e-03	2.84e-04	5.54e-06	0.00e+00
 1.20498e+23	1.81e-23	2.43e-10	2.15e-08	2.98e-07	1.63e-04	1.21e-02	1.91e-01	5.55e-01	1.98e-01	3.86e-02	3.81e-03	9.78e-04	2.42e-04	4.52e-06	0.00e+00
 1.21121e+23	2.50e-23	3.19e-10	2.74e-08	3.71e-07	1.91e-04	1.35e-02	2.02e-01	5.59e-01	1.86e-01	3.46e-02	3.28e-03	8.30e-04	1.95e-04	3.46e-06	0.00e+00
 1.21752e+23	3.21e-23	3.93e-10	3.31e-08	4.39e-07	2.15e-04	1.46e-02	2.11e-01	5.62e-01	1.77e-01	3.18e-02	2.92e-03	7.30e-04	1.65e-04	2.81e-06	0.00e+00
 1.22393e+23	4.44e-23	5.15e-10	4.21e-08	5.47e-07	2.53e-04	1.62e-02	2.22e-01	5.64e-01	1.66e-01	2.84e-02	2.50e-03	6.17e-04	1.33e-04	2.14e-06	0.00e+00
 1.23045e+23	5.73e-23	6.34e-10	5.09e-08	6.48e-07	2.86e-04	1.75e-02	2.31e-01	5.64e-01	1.58e-01	2.60e-02	2.22e-03	5.40e-04	1.12e-04	1.73e-06	0.00e+00
 1.23711e+23	7.98e-23	8.30e-10	6.49e-08	8.09e-07	3.36e-04	1.94e-02	2.44e-01	5.64e-01	1.47e-01	2.31e-02	1.89e-03	4.53e-04	8.97e-05	1.30e-06	0.00e+00
 1.24392e+23	1.04e-22	1.03e-09	7.87e-08	9.62e-07	3.81e-04	2.10e-02	2.53e-01	5.63e-01	1.39e-01	2.10e-02	1.67e-03	3.95e-04	7.51e-05	1.04e-06	0.00e+00
 1.25092e+23	1.46e-22	1.35e-09	1.01e-07	1.21e-06	4.49e-04	2.33e-02	2.66e-01	5.61e-01	1.29e-01	1.86e-02	1.41e-03	3.29e-04	5.95e-05	7.80e-07	0.00e+00
 1.25808e+23	1.91e-22	1.67e-09	1.23e-07	1.44e-06	5.10e-04	2.53e-02	2.76e-01	5.58e-01	1.21e-01	1.69e-02	1.24e-03	2.84e-04	4.95e-05	6.19e-07	0.00e+00
 1.26411e+23	2.42e-22	2.01e-09	1.46e-07	1.69e-06	5.71e-04	2.72e-02	2.86e-01	5.55e-01	1.15e-01	1.55e-02	1.11e-03	2.50e-04	4.20e-05	5.05e-07	0.00e+00
 1.27060e+23	3.28e-22	2.56e-09	1.82e-07	2.07e-06	6.61e-04	2.97e-02	2.98e-01	5.50e-01	1.07e-01	1.38e-02	9.50e-04	2.11e-04	3.39e-05	3.87e-07	0.00e+00
 1.27720e+23	4.16e-22	3.09e-09	2.17e-07	2.42e-06	7.40e-04	3.19e-02	3.07e-01	5.46e-01	1.01e-01	1.26e-02	8.43e-04	1.85e-04	2.87e-05	3.13e-07	0.00e+00
 1.28291e+23	5.21e-22	3.68e-09	2.56e-07	2.82e-06	8.24e-04	3.41e-02	3.16e-01	5.41e-01	9.53e-02	1.16e-02	7.52e-04	1.63e-04	2.44e-05	2.57e-07	0.00e+00
 1.28930e+23	6.93e-22	4.62e-09	3.16e-07	3.42e-06	9.47e-04	3.72e-02	3.28e-01	5.35e-01	8.85e-02	1.04e-02	6.48e-04	1.38e-04	1.98e-05	1.98e-07	0.00e+00
 1.29568e+23	8.62e-22	5.47e-09	3.70e-07	3.95e-06	1.05e-03	3.95e-02	3.36e-01	5.29e-01	8.38e-02	9.54e-03	5.81e-04	1.22e-04	1.70e-05	1.63e-07	0.00e+00
 1.30203e+23	1.14e-21	6.80e-09	4.54e-07	4.78e-06	1.20e-03	4.29e-02	3.48e-01	5.21e-01	7.77e-02	8.54e-03	5.02e-04	1.04e-04	1.38e-05	1.26e-07	0.00e+00
 1.30847e+23	1.42e-21	8.07e-09	5.32e-07	5.52e-06	1.33e-03	4.57e-02	3.56e-01	5.15e-01	7.33e-02	7.84e-03	4.48e-04	9.17e-05	1.18e-05	0.00e+00	0.00e+00
 1.31503e+23	1.87e-21	1.01e-08	6.55e-07	6.69e-06	1.52e-03	4.95e-02	3.68e-01	5.06e-01	6.77e-02	7.00e-03	3.86e-04	7.76e-05	9.58e-06	0.00e+00	0.00e+00
 1.32170e+23	2.35e-21	1.20e-08	7.70e-07	7.74e-06	1.69e-03	5.27e-02	3.77e-01	4.98e-01	6.37e-02	6.41e-03	3.44e-04	6.82e-05	8.15e-06	0.00e+00	0.00e+00
 1.32852e+23	3.11e-21	1.49e-08	9.53e-07	9.43e-06	1.94e-03	5.73e-02	3.88e-01	4.88e-01	5.86e-02	5.69e-03	2.94e-04	5.73e-05	6.54e-06	0.00e+00	0.00e+00
 1.33545e+23	3.91e-21	1.78e-08	1.12e-06	1.09e-05	2.15e-03	6.09e-02	3.97e-01	4.80e-01	5.50e-02	5.21e-03	2.61e-04	5.02e-05	5.55e-06	0.00e+00	0.00e+00
 1.34252e+23	5.20e-21	2.23e-08	1.39e-06	1.34e-05	2.48e-03	6.61e-02	4.09e-01	4.68e-01	5.02e-02	4.60e-03	2.22e-04	4.19e-05	4.42e-06	0.00e+00	0.00e+00
 1.34974e+23	6.58e-21	2.67e-08	1.65e-06	1.56e-05	2.76e-03	7.04e-02	4.17e-01	4.58e-01	4.69e-02	4.19e-03	1.96e-04	3.65e-05	3.72e-06	0.00e+00	0.00e+00
 1.35716e+23	8.82e-21	3.36e-08	2.06e-06	1.91e-05	3.19e-03	7.65e-02	4.28e-01	4.45e-01	4.27e-02	3.68e-03	1.66e-04	3.03e-05	2.94e-06	0.00e+00	0.00e+00
 1.36476e+23	1.12e-20	4.05e-08	2.45e-06	2.25e-05	3.56e-03	8.15e-02	4.37e-01	4.35e-01	3.96e-02	3.33e-03	1.45e-04	2.61e-05	2.45e-06	0.00e+00	0.00e+00
 1.37261e+23	1.53e-20	5.14e-08	3.08e-06	2.77e-05	4.12e-03	8.86e-02	4.48e-01	4.20e-01	3.58e-02	2.91e-03	1.22e-04	2.15e-05	1.92e-06	0.00e+00	0.00e+00
 1.38055e+23	1.95e-20	6.20e-08	3.67e-06	3.25e-05	4.60e-03	9.43e-02	4.56e-01	4.09e-01	3.31e-02	2.62e-03	1.06e-04	1.85e-05	1.59e-06	0.00e+00	0.00e+00
 1.38861e+23	2.65e-20	7.87e-08	4.62e-06	4.02e-05	5.33e-03	1.02e-01	4.66e-01	3.94e-01	2.98e-02	2.29e-03	8.86e-05	1.52e-05	1.24e-06	0.00e+00	0.00e+00
 1.39676e+23	3.39e-20	9.50e-08	5.52e-06	4.72e-05	5.95e-03	1.09e-01	4.73e-01	3.82e-01	2.75e-02	2.06e-03	7.72e-05	1.30e-05	1.02e-06	0.00e+00	0.00e+00
 1.40505e+23	4.61e-20	1.21e-07	6.95e-06	5.85e-05	6.89e-03	1.18e-01	4.82e-01	3.67e-01	2.45e-02	1.78e-03	6.40e-05	1.06e-05	7.91e-07	0.00e+00	0.00e+00
 1.41313e+23	5.81e-20	1.44e-07	8.19e-06	6.78e-05	7.62e-03	1.25e-01	4.88e-01	3.55e-01	2.27e-02	1.62e-03	5.62e-05	9.19e-06	6.62e-07	0.00e+00	0.00e+00
 1.42095e+23	7.72e-20	1.80e-07	1.01e-05	8.26e-05	8.71e-03	1.34e-01	4.95e-01	3.40e-01	2.04e-02	1.41e-03	4.71e-05	7.58e-06	5.19e-07	0.00e+00	0.00e+00
 1.42906e+23	9.89e-20	2.16e-07	1.21e-05	9.66e-05	9.68e-03	1.42e-01	5.00e-01	3.29e-01	1.87e-02	1.27e-03	4.09e-05	6.49e-06	4.28e-07	0.00e+00	0.00e+00
 1.43598e+23	1.22e-19	2.54e-07	1.41e-05	1.11e-04	1.06e-02	1.49e-01	5.04e-01	3.18e-01	1.73e-02	1.15e-03	3.60e-05	5.65e-06	3.60e-07	0.00e+00	0.00e+00
 1.44342e+23	1.59e-19	3.12e-07	1.71e-05	1.33e-04	1.20e-02	1.59e-01	5.08e-01	3.04e-01	1.56e-02	1.01e-03	3.05e-05	4.71e-06	2.86e-07	0.00e+00	0.00e+00
 1.45088e+23	1.96e-19	3.66e-07	2.00e-05	1.53e-04	1.32e-02	1.67e-01	5.11e-01	2.93e-01	1.44e-02	9.19e-04	2.68e-05	4.09e-06	2.40e-07	0.00e+00	0.00e+00
 1.45835e+23	2.54e-19	4.47e-07	2.41e-05	1.82e-04	1.48e-02	1.77e-01	5.14e-01	2.80e-01	1.30e-02	8.13e-04	2.28e-05	3.43e-06	1.93e-07	0.00e+00	0.00e+00
 1.46612e+23	3.18e-19	5.32e-07	2.85e-05	2.12e-04	1.64e-02	1.86e-01	5.16e-01	2.68e-01	1.18e-02	7.26e-04	1.96e-05	2.93e-06	1.58e-07	0.00e+00	0.00e+00
 1.47305e+23	3.95e-19	6.27e-07	3.33e-05	2.44e-04	1.79e-02	1.95e-01	5.17e-01	2.58e-01	1.09e-02	6.56e-04	1.72e-05	2.53e-06	1.32e-07	0.00e+00	0.00e+00
 1.48085e+23	5.17e-19	7.67e-07	4.03e-05	2.90e-04	2.01e-02	2.06e-01	5.18e-01	2.45e-01	9.74e-03	5.77e-04	1.45e-05	2.11e-06	0.00e+00	0.00e+00	0.00e+00
 1.48905e+23	6.57e-19	9.22e-07	4.80e-05	3.40e-04	2.23e-02	2.17e-01	5.18e-01	2.33e-01	8.79e-03	5.12e-04	1.24e-05	1.78e-06	0.00e+00	0.00e+00	0.00e+00
 1.49651e+23	8.23e-19	1.09e-06	5.64e-05	3.94e-04	2.45e-02	2.27e-01	5.17e-01	2.22e-01	7.99e-03	4.57e-04	1.07e-05	1.52e-06	0.00e+00	0.00e+00	0.00e+00
 1.50493e+23	1.09e-18	1.35e-06	6.91e-05	4.73e-04	2.76e-02	2.40e-01	5.15e-01	2.09e-01	7.07e-03	3.97e-04	8.89e-06	1.25e-06	0.00e+00	0.00e+00	0.00e+00
 1.51361e+23	1.39e-18	1.63e-06	8.24e-05	5.55e-04	3.06e-02	2.52e-01	5.13e-01	1.98e-01	6.34e-03	3.50e-04	7.53e-06	1.05e-06	0.00e+00	0.00e+00	0.00e+00
 1.52132e+23	1.75e-18	1.94e-06	9.70e-05	6.44e-04	3.36e-02	2.62e-01	5.10e-01	1.87e-01	5.72e-03	3.11e-04	6.45e-06	8.87e-07	0.00e+00	0.00e+00	0.00e+00
 1.53004e+23	2.34e-18	2.41e-06	1.19e-04	7.74e-04	3.78e-02	2.76e-01	5.05e-01	1.75e-01	5.02e-03	2.68e-04	5.30e-06	7.21e-07	0.00e+00	0.00e+00	0.00e+00
 1.53908e+23	3.00e-18	2.91e-06	1.42e-04	9.11e-04	4.19e-02	2.89e-01	4.99e-01	1.64e-01	4.45e-03	2.34e-04	4.44e-06	5.98e-07	0.00e+00	0.00e+00	0.00e+00
 1.54719e+23	3.80e-18	3.47e-06	1.68e-04	1.06e-03	4.60e-02	3.01e-01	4.94e-01	1.54e-01	3.98e-03	2.06e-04	3.76e-06	5.02e-07	0.00e+00	0.00e+00	0.00e+00
 1.55639e+23	5.13e-18	4.35e-06	2.08e-04	1.28e-03	5.18e-02	3.16e-01	4.85e-01	1.42e-01	3.44e-03	1.75e-04	3.04e-06	4.01e-07	0.00e+00	0.00e+00	0.00e+00
 1.56588e+23	6.52e-18	5.27e-06	2.49e-04	1.51e-03	5.72e-02	3.28e-01	4.77e-01	1.33e-01	3.03e-03	1.52e-04	2.53e-06	3.30e-07	0.00e+00	0.00e+00	0.00e+00
 1.57575e+23	8.97e-18	6.68e-06	3.11e-04	1.84e-03	6.47e-02	3.44e-01	4.65e-01	1.21e-01	2.58e-03	1.27e-04	2.00e-06	2.59e-07	0.00e+00	0.00e+00	0.00e+00
 1.58574e+23	1.16e-17	8.10e-06	3.72e-04	2.17e-03	7.13e-02	3.57e-01	4.55e-01	1.12e-01	2.26e-03	1.10e-04	1.65e-06	2.11e-07	0.00e+00	0.00e+00	0.00e+00
 1.59452e+23	1.49e-17	9.76e-06	4.43e-04	2.54e-03	7.83e-02	3.69e-01	4.44e-01	1.03e-01	1.98e-03	9.50e-05	1.37e-06	1.74e-07	0.00e+00	0.00e+00	0.00e+00
 1.60459e+23	2.06e-17	1.24e-05	5.53e-04	3.10e-03	8.81e-02	3.84e-01	4.30e-01	9.33e-02	1.67e-03	7.86e-05	1.07e-06	1.34e-07	0.00e+00	0.00e+00	0.00e+00
 1.61478e+23	2.64e-17	1.50e-05	6.60e-04	3.64e-03	9.68e-02	3.95e-01	4.17e-01	8.55e-02	1.44e-03	6.72e-05	8.71e-07	0.00e+00	0.00e+00	0.00e+00	0.00e+00
 1.62513e+23	3.69e-17	1.90e-05	8.23e-04	4.43e-03	1.08e-01	4.09e-01	4.00e-01	7.65e-02	1.21e-03	5.52e-05	6.77e-07	0.00e+00	0.00e+00	0.00e+00	0.00e+00
 1.63564e+23	4.83e-17	2.32e-05	9.85e-04	5.20e-03	1.19e-01	4.19e-01	3.86e-01	6.96e-02	1.04e-03	4.69e-05	5.48e-07	0.00e+00	0.00e+00	0.00e+00	0.00e+00
 1.64636e+23	6.74e-17	2.96e-05	1.23e-03	6.39e-03	1.33e-01	4.31e-01	3.66e-01	6.12e-02	8.47e-04	3.77e-05	4.14e-07	0.00e+00	0.00e+00	0.00e+00	0.00e+00
 1.65714e+23	8.83e-17	3.59e-05	1.47e-03	7.46e-03	1.45e-01	4.39e-01	3.51e-01	5.53e-02	7.26e-04	3.19e-05	3.34e-07	0.00e+00	0.00e+00	0.00e+00	0.00e+00
 1.66802e+23	1.25e-16	4.59e-05	1.84e-03	9.12e-03	1.62e-01	4.49e-01	3.30e-01	4.83e-02	5.89e-04	2.55e-05	2.50e-07	0.00e+00	0.00e+00	0.00e+00	0.00e+00
 1.67904e+23	1.64e-16	5.58e-05	2.19e-03	1.07e-02	1.76e-01	4.55e-01	3.13e-01	4.31e-02	4.98e-04	2.12e-05	1.99e-07	0.00e+00	0.00e+00	0.00e+00	0.00e+00
 1.69025e+23	2.35e-16	7.15e-05	2.74e-03	1.29e-02	1.94e-01	4.60e-01	2.92e-01	3.73e-02	4.02e-04	1.69e-05	1.48e-07	0.00e+00	0.00e+00	0.00e+00	0.00e+00
 1.70168e+23	3.16e-16	8.78e-05	3.28e-03	1.52e-02	2.11e-01	4.63e-01	2.75e-01	3.29e-02	3.34e-04	1.38e-05	1.15e-07	0.00e+00	0.00e+00	0.00e+00	0.00e+00
 1.71152e+23	4.16e-16	1.06e-04	3.86e-03	1.75e-02	2.26e-01	4.64e-01	2.58e-01	2.92e-02	2.82e-04	1.15e-05	0.00e+00	0.00e+00	0.00e+00	0.00e+00	0.00e+00
 1.72242e+23	5.96e-16	1.34e-04	4.75e-03	2.10e-02	2.47e-01	4.64e-01	2.38e-01	2.49e-02	2.25e-04	9.02e-06	0.00e+00	0.00e+00	0.00e+00	0.00e+00	0.00e+00
 1.73292e+23	7.77e-16	1.59e-04	5.51e-03	2.38e-02	2.62e-01	4.62e-01	2.24e-01	2.23e-02	1.92e-04	7.60e-06	0.00e+00	0.00e+00	0.00e+00	0.00e+00	0.00e+00
 1.74290e+23	1.09e-15	1.97e-04	6.63e-03	2.80e-02	2.82e-01	4.58e-01	2.05e-01	1.91e-02	1.55e-04	6.03e-06	0.00e+00	0.00e+00	0.00e+00	0.00e+00	0.00e+00
 1.75286e+23	1.42e-15	2.33e-04	7.64e-03	3.16e-02	2.98e-01	4.54e-01	1.92e-01	1.69e-02	1.31e-04	5.04e-06	0.00e+00	0.00e+00	0.00e+00	0.00e+00	0.00e+00
 1.76278e+23	1.98e-15	2.87e-04	9.10e-03	3.66e-02	3.17e-01	4.47e-01	1.75e-01	1.45e-02	1.06e-04	4.02e-06	0.00e+00	0.00e+00	0.00e+00	0.00e+00	0.00e+00
 1.77308e+23	2.68e-15	3.44e-04	1.06e-02	4.17e-02	3.35e-01	4.38e-01	1.61e-01	1.25e-02	8.74e-05	3.26e-06	0.00e+00	0.00e+00	0.00e+00	0.00e+00	0.00e+00
 1.78234e+23	3.54e-15	4.09e-04	1.22e-02	4.68e-02	3.51e-01	4.30e-01	1.49e-01	1.09e-02	7.31e-05	2.68e-06	0.00e+00	0.00e+00	0.00e+00	0.00e+00	0.00e+00
 1.79283e+23	5.18e-15	5.09e-04	1.46e-02	5.42e-02	3.72e-01	4.17e-01	1.33e-01	9.14e-03	5.77e-05	2.08e-06	0.00e+00	0.00e+00	0.00e+00	0.00e+00	0.00e+00
 1.80348e+23	7.08e-15	6.08e-04	1.69e-02	6.11e-02	3.88e-01	4.04e-01	1.21e-01	7.83e-03	4.72e-05	1.67e-06	0.00e+00	0.00e+00	0.00e+00	0.00e+00	0.00e+00
 1.81435e+23	1.03e-14	7.57e-04	2.01e-02	7.03e-02	4.07e-01	3.88e-01	1.07e-01	6.47e-03	3.69e-05	1.28e-06	0.00e+00	0.00e+00	0.00e+00	0.00e+00	0.00e+00
 1.82546e+23	1.49e-14	9.13e-04	2.33e-02	7.90e-02	4.23e-01	3.73e-01	9.57e-02	5.44e-03	2.96e-05	1.01e-06	0.00e+00	0.00e+00	0.00e+00	0.00e+00	0.00e+00
 1.83430e+23	1.94e-14	1.05e-03	2.61e-02	8.64e-02	4.34e-01	3.60e-01	8.75e-02	4.74e-03	2.49e-05	8.34e-07	0.00e+00	0.00e+00	0.00e+00	0.00e+00	0.00e+00
 1.84319e+23	2.67e-14	1.26e-03	2.99e-02	9.59e-02	4.47e-01	3.44e-01	7.82e-02	4.00e-03	2.01e-05	6.61e-07	0.00e+00	0.00e+00	0.00e+00	0.00e+00	0.00e+00
 1.85239e+23	3.60e-14	1.46e-03	3.36e-02	1.05e-01	4.57e-01	3.29e-01	7.07e-02	3.44e-03	1.67e-05	5.39e-07	0.00e+00	0.00e+00	0.00e+00	0.00e+00	0.00e+00
 1.86068e+23	4.73e-14	1.69e-03	3.75e-02	1.14e-01	4.65e-01	3.15e-01	6.39e-02	2.97e-03	1.39e-05	4.41e-07	0.00e+00	0.00e+00	0.00e+00	0.00e+00	0.00e+00
 1.87016e+23	6.86e-14	2.02e-03	4.30e-02	1.26e-01	4.74e-01	2.96e-01	5.59e-02	2.44e-03	1.10e-05	3.40e-07	0.00e+00	0.00e+00	0.00e+00	0.00e+00	0.00e+00
 1.87973e+23	9.45e-14	2.35e-03	4.80e-02	1.36e-01	4.81e-01	2.81e-01	4.98e-02	2.07e-03	8.97e-06	2.73e-07	0.00e+00	0.00e+00	0.00e+00	0.00e+00	0.00e+00
 1.88809e+23	1.26e-13	2.71e-03	5.33e-02	1.47e-01	4.85e-01	2.65e-01	4.45e-02	1.76e-03	7.37e-06	2.20e-07	0.00e+00	0.00e+00	0.00e+00	0.00e+00	0.00e+00
 1.89765e+23	1.87e-13	3.23e-03	6.07e-02	1.61e-01	4.89e-01	2.46e-01	3.84e-02	1.43e-03	5.75e-06	1.68e-07	0.00e+00	0.00e+00	0.00e+00	0.00e+00	0.00e+00
 1.90737e+23	2.66e-13	3.74e-03	6.74e-02	1.73e-01	4.91e-01	2.31e-01	3.37e-02	1.20e-03	4.65e-06	1.32e-07	0.00e+00	0.00e+00	0.00e+00	0.00e+00	0.00e+00
 1.91600e+23	3.67e-13	4.30e-03	7.44e-02	1.85e-01	4.91e-01	2.15e-01	2.97e-02	1.00e-03	3.77e-06	0.00e+00	0.00e+00	0.00e+00	0.00e+00	0.00e+00	0.00e+00
 1.92588e+23	5.92e-13	5.13e-03	8.42e-02	2.00e-01	4.88e-01	1.97e-01	2.51e-02	7.96e-04	2.88e-06	0.00e+00	0.00e+00	0.00e+00	0.00e+00	0.00e+00	0.00e+00
 1.93592e+23	9.39e-13	5.92e-03	9.29e-02	2.13e-01	4.84e-01	1.81e-01	2.17e-02	6.55e-04	2.29e-06	0.00e+00	0.00e+00	0.00e+00	0.00e+00	0.00e+00	0.00e+00
 1.94615e+23	1.67e-12	7.05e-03	1.05e-01	2.29e-01	4.77e-01	1.63e-01	1.80e-02	5.11e-04	1.72e-06	0.00e+00	0.00e+00	0.00e+00	0.00e+00	0.00e+00	0.00e+00
 1.95649e+23	3.11e-12	8.14e-03	1.15e-01	2.43e-01	4.70e-01	1.49e-01	1.54e-02	4.14e-04	1.35e-06	0.00e+00	0.00e+00	0.00e+00	0.00e+00	0.00e+00	0.00e+00
 1.96273e+23	5.56e-12	8.60e-03	1.19e-01	2.48e-01	4.66e-01	1.44e-01	1.44e-02	3.81e-04	1.22e-06	0.00e+00	0.00e+00	0.00e+00	0.00e+00	0.00e+00	0.00e+00
 1.96660e+23	9.40e-12	9.17e-03	1.24e-01	2.54e-01	4.62e-01	1.37e-01	1.34e-02	3.46e-04	1.09e-06	0.00e+00	0.00e+00	0.00e+00	0.00e+00	0.00e+00	0.00e+00
 1.97164e+23	1.50e-11	9.95e-03	1.31e-01	2.61e-01	4.56e-01	1.30e-01	1.22e-02	3.04e-04	9.45e-07	0.00e+00	0.00e+00	0.00e+00	0.00e+00	0.00e+00	0.00e+00
 1.97819e+23	2.64e-11	1.10e-02	1.40e-01	2.71e-01	4.47e-01	1.20e-01	1.07e-02	2.58e-04	7.83e-07	0.00e+00	0.00e+00	0.00e+00	0.00e+00	0.00e+00	0.00e+00
 1.98670e+23	7.74e-11	1.27e-02	1.53e-01	2.84e-01	4.34e-01	1.07e-01	8.94e-03	2.04e-04	6.00e-07	0.00e+00	0.00e+00	0.00e+00	0.00e+00	0.00e+00	0.00e+00
 1.99622e+23	1.21e-10	1.44e-02	1.65e-01	2.95e-01	4.21e-01	9.67e-02	7.55e-03	1.64e-04	4.69e-07	0.00e+00	0.00e+00	0.00e+00	0.00e+00	0.00e+00	0.00e+00
 2.00704e+23	3.32e-10	1.72e-02	1.83e-01	3.09e-01	4.01e-01	8.30e-02	5.91e-03	1.20e-04	3.30e-07	0.00e+00	0.00e+00	0.00e+00	0.00e+00	0.00e+00	0.00e+00
 2.01782e+23	5.00e-10	1.95e-02	1.97e-01	3.19e-01	3.86e-01	7.39e-02	4.93e-03	9.54e-05	2.54e-07	0.00e+00	0.00e+00	0.00e+00	0.00e+00	0.00e+00	0.00e+00
 2.02855e+23	9.71e-10	2.28e-02	2.15e-01	3.30e-01	3.65e-01	6.33e-02	3.88e-03	7.07e-05	1.82e-07	0.00e+00	0.00e+00	0.00e+00	0.00e+00	0.00e+00	0.00e+00
