#depth	N	N+	N+2	N+3	N+4	N+5	N+6	N+7
 1.54284e+22	5.50e-12	9.98e-08	4.95e-05	1.93e-03	1.13e-02	3.47e-01	4.90e-01	1.50e-01
 3.44651e+22	1.38e-11	2.49e-07	1.24e-04	4.55e-03	2.21e-02	4.52e-01	4.32e-01	8.97e-02
 3.98776e+22	2.05e-11	3.71e-07	1.86e-04	6.55e-03	2.92e-02	4.98e-01	3.97e-01	6.89e-02
 4.25839e+22	2.49e-11	4.50e-07	2.26e-04	7.78e-03	3.34e-02	5.20e-01	3.79e-01	6.02e-02
 4.39453e+22	2.74e-11	4.96e-07	2.49e-04	8.48e-03	3.57e-02	5.30e-01	3.69e-01	5.62e-02
 4.50017e+22	3.10e-11	5.60e-07	2.82e-04	9.44e-03	3.87e-02	5.43e-01	3.57e-01	5.14e-02
 4.60328e+22	3.40e-11	6.13e-07	3.08e-04	1.02e-02	4.11e-02	5.52e-01	3.48e-01	4.81e-02
 4.70310e+22	3.79e-11	6.86e-07	3.46e-04	1.12e-02	4.43e-02	5.63e-01	3.37e-01	4.41e-02
 4.80111e+22	4.16e-11	7.49e-07	3.77e-04	1.21e-02	4.66e-02	5.71e-01	3.29e-01	4.14e-02
 4.89675e+22	4.61e-11	8.32e-07	4.20e-04	1.32e-02	5.00e-02	5.81e-01	3.18e-01	3.80e-02
 4.99339e+22	5.07e-11	9.11e-07	4.59e-04	1.42e-02	5.27e-02	5.88e-01	3.09e-01	3.56e-02
 5.09133e+22	5.65e-11	1.02e-06	5.12e-04	1.55e-02	5.64e-02	5.97e-01	2.98e-01	3.26e-02
 5.19071e+22	6.23e-11	1.12e-06	5.60e-04	1.67e-02	5.93e-02	6.03e-01	2.90e-01	3.04e-02
 5.29197e+22	6.96e-11	1.25e-06	6.27e-04	1.82e-02	6.35e-02	6.12e-01	2.78e-01	2.78e-02
 5.39472e+22	7.75e-11	1.38e-06	6.88e-04	1.96e-02	6.67e-02	6.17e-01	2.70e-01	2.59e-02
 5.49942e+22	8.66e-11	1.54e-06	7.72e-04	2.14e-02	7.14e-02	6.25e-01	2.58e-01	2.34e-02
 5.60561e+22	9.64e-11	1.70e-06	8.48e-04	2.30e-02	7.50e-02	6.30e-01	2.50e-01	2.18e-02
 5.71373e+22	1.09e-10	1.92e-06	9.56e-04	2.52e-02	8.01e-02	6.36e-01	2.38e-01	1.97e-02
 5.82491e+22	1.22e-10	2.14e-06	1.06e-03	2.71e-02	8.43e-02	6.40e-01	2.30e-01	1.81e-02
 5.94006e+22	1.39e-10	2.43e-06	1.20e-03	2.97e-02	9.01e-02	6.44e-01	2.18e-01	1.63e-02
 6.05806e+22	1.57e-10	2.72e-06	1.33e-03	3.21e-02	9.49e-02	6.48e-01	2.09e-01	1.49e-02
 6.17977e+22	1.82e-10	3.13e-06	1.52e-03	3.53e-02	1.01e-01	6.51e-01	1.98e-01	1.33e-02
 6.30256e+22	2.06e-10	3.52e-06	1.69e-03	3.80e-02	1.06e-01	6.52e-01	1.89e-01	1.21e-02
 6.42677e+22	2.39e-10	4.05e-06	1.94e-03	4.18e-02	1.14e-01	6.54e-01	1.78e-01	1.07e-02
 6.55235e+22	2.73e-10	4.57e-06	2.16e-03	4.50e-02	1.19e-01	6.54e-01	1.70e-01	9.77e-03
 6.67970e+22	3.19e-10	5.29e-06	2.48e-03	4.94e-02	1.27e-01	6.53e-01	1.60e-01	8.61e-03
 6.80938e+22	3.67e-10	6.00e-06	2.77e-03	5.33e-02	1.33e-01	6.52e-01	1.52e-01	7.79e-03
 6.92427e+22	4.17e-10	6.75e-06	3.09e-03	5.73e-02	1.39e-01	6.50e-01	1.44e-01	7.04e-03
 7.05579e+22	4.96e-10	7.90e-06	3.55e-03	6.28e-02	1.47e-01	6.46e-01	1.34e-01	6.17e-03
 7.18976e+22	5.56e-10	8.94e-06	3.98e-03	6.77e-02	1.54e-01	6.42e-01	1.27e-01	5.52e-03
 7.29831e+22	6.29e-10	9.98e-06	4.39e-03	7.20e-02	1.60e-01	6.38e-01	1.20e-01	5.03e-03
 7.41082e+22	7.30e-10	1.14e-05	4.92e-03	7.75e-02	1.67e-01	6.33e-01	1.13e-01	4.51e-03
 7.52916e+22	8.32e-10	1.28e-05	5.45e-03	8.26e-02	1.73e-01	6.27e-01	1.07e-01	4.08e-03
 7.63777e+22	9.47e-10	1.44e-05	6.02e-03	8.80e-02	1.80e-01	6.21e-01	1.02e-01	3.69e-03
 7.76165e+22	1.14e-09	1.66e-05	6.83e-03	9.51e-02	1.88e-01	6.13e-01	9.46e-02	3.25e-03
 7.88896e+22	1.31e-09	1.88e-05	7.61e-03	1.02e-01	1.95e-01	6.04e-01	8.87e-02	2.89e-03
 8.00090e+22	1.50e-09	2.12e-05	8.41e-03	1.08e-01	2.01e-01	5.96e-01	8.35e-02	2.60e-03
 8.12662e+22	1.78e-09	2.46e-05	9.53e-03	1.16e-01	2.09e-01	5.85e-01	7.74e-02	2.28e-03
 8.25798e+22	2.03e-09	2.80e-05	1.06e-02	1.24e-01	2.16e-01	5.75e-01	7.21e-02	2.01e-03
 8.37641e+22	2.34e-09	3.17e-05	1.18e-02	1.32e-01	2.23e-01	5.64e-01	6.74e-02	1.80e-03
 8.51014e+22	2.82e-09	3.71e-05	1.34e-02	1.42e-01	2.31e-01	5.50e-01	6.18e-02	1.55e-03
 8.64837e+22	3.30e-09	4.24e-05	1.50e-02	1.52e-01	2.38e-01	5.37e-01	5.71e-02	1.35e-03
 8.77163e+22	3.84e-09	4.83e-05	1.67e-02	1.61e-01	2.44e-01	5.24e-01	5.30e-02	1.20e-03
 8.91104e+22	4.67e-09	5.68e-05	1.90e-02	1.73e-01	2.51e-01	5.07e-01	4.81e-02	1.02e-03
 9.05620e+22	5.54e-09	6.56e-05	2.13e-02	1.84e-01	2.58e-01	4.92e-01	4.40e-02	8.80e-04
 9.18710e+22	6.51e-09	7.51e-05	2.37e-02	1.95e-01	2.63e-01	4.77e-01	4.03e-02	7.66e-04
 9.33555e+22	8.03e-09	8.92e-05	2.71e-02	2.10e-01	2.70e-01	4.56e-01	3.60e-02	6.39e-04
 9.48775e+22	9.56e-09	1.03e-04	3.03e-02	2.22e-01	2.75e-01	4.39e-01	3.27e-02	5.47e-04
 9.62405e+22	1.14e-08	1.19e-04	3.38e-02	2.35e-01	2.79e-01	4.22e-01	2.96e-02	4.69e-04
 9.78045e+22	1.42e-08	1.42e-04	3.87e-02	2.51e-01	2.84e-01	3.99e-01	2.60e-02	3.82e-04
 9.93850e+22	1.69e-08	1.64e-04	4.31e-02	2.65e-01	2.87e-01	3.81e-01	2.34e-02	3.23e-04
 1.00987e+23	2.12e-08	1.96e-04	4.92e-02	2.82e-01	2.90e-01	3.58e-01	2.04e-02	2.62e-04
 1.02615e+23	2.56e-08	2.28e-04	5.48e-02	2.96e-01	2.92e-01	3.39e-01	1.81e-02	2.18e-04
 1.04061e+23	3.07e-08	2.63e-04	6.07e-02	3.10e-01	2.93e-01	3.20e-01	1.61e-02	1.83e-04
 1.05724e+23	3.90e-08	3.17e-04	6.92e-02	3.28e-01	2.92e-01	2.96e-01	1.37e-02	1.44e-04
 1.07408e+23	4.71e-08	3.67e-04	7.66e-02	3.42e-01	2.91e-01	2.78e-01	1.20e-02	1.19e-04
 1.09119e+23	6.01e-08	4.43e-04	8.70e-02	3.60e-01	2.88e-01	2.54e-01	1.01e-02	9.21e-05
 1.10853e+23	7.30e-08	5.13e-04	9.60e-02	3.73e-01	2.85e-01	2.36e-01	8.80e-03	7.50e-05
 1.12616e+23	9.39e-08	6.20e-04	1.09e-01	3.90e-01	2.80e-01	2.14e-01	7.30e-03	5.71e-05
 1.14343e+23	1.13e-07	7.11e-04	1.19e-01	4.02e-01	2.75e-01	1.98e-01	6.34e-03	4.66e-05
 1.16022e+23	1.43e-07	8.49e-04	1.33e-01	4.16e-01	2.68e-01	1.78e-01	5.25e-03	3.56e-05
 1.17648e+23	1.70e-07	9.60e-04	1.43e-01	4.25e-01	2.62e-01	1.65e-01	4.58e-03	2.93e-05
 1.19205e+23	2.11e-07	1.13e-03	1.57e-01	4.35e-01	2.53e-01	1.49e-01	3.83e-03	2.27e-05
 1.20783e+23	2.51e-07	1.28e-03	1.70e-01	4.43e-01	2.46e-01	1.37e-01	3.30e-03	1.84e-05
 1.22388e+23	3.13e-07	1.49e-03	1.86e-01	4.52e-01	2.36e-01	1.22e-01	2.72e-03	1.41e-05
 1.24012e+23	3.74e-07	1.70e-03	2.00e-01	4.57e-01	2.28e-01	1.11e-01	2.32e-03	1.12e-05
 1.25658e+23	4.68e-07	1.98e-03	2.18e-01	4.63e-01	2.17e-01	9.84e-02	1.89e-03	8.46e-06
 1.27322e+23	5.60e-07	2.25e-03	2.33e-01	4.66e-01	2.08e-01	8.88e-02	1.59e-03	6.68e-06
 1.28787e+23	6.68e-07	2.54e-03	2.48e-01	4.69e-01	1.99e-01	8.01e-02	1.35e-03	5.29e-06
 1.30472e+23	8.34e-07	2.96e-03	2.69e-01	4.70e-01	1.87e-01	7.00e-02	1.08e-03	3.91e-06
 1.32183e+23	1.00e-06	3.36e-03	2.86e-01	4.70e-01	1.77e-01	6.24e-02	8.95e-04	3.02e-06
 1.33557e+23	1.16e-06	3.71e-03	3.01e-01	4.69e-01	1.69e-01	5.67e-02	7.67e-04	2.45e-06
 1.34971e+23	1.39e-06	4.18e-03	3.18e-01	4.67e-01	1.60e-01	5.04e-02	6.36e-04	1.90e-06
 1.36429e+23	1.61e-06	4.63e-03	3.34e-01	4.64e-01	1.52e-01	4.55e-02	5.39e-04	1.52e-06
 1.37735e+23	1.86e-06	5.10e-03	3.49e-01	4.60e-01	1.44e-01	4.11e-02	4.58e-04	1.22e-06
 1.39226e+23	2.24e-06	5.77e-03	3.69e-01	4.55e-01	1.35e-01	3.60e-02	3.72e-04	9.18e-07
 1.40729e+23	2.60e-06	6.36e-03	3.85e-01	4.49e-01	1.27e-01	3.22e-02	3.12e-04	7.24e-07
 1.42042e+23	3.00e-06	7.00e-03	4.01e-01	4.43e-01	1.20e-01	2.89e-02	2.63e-04	5.75e-07
 1.43544e+23	3.58e-06	7.87e-03	4.21e-01	4.35e-01	1.11e-01	2.52e-02	2.12e-04	4.30e-07
 1.45072e+23	4.15e-06	8.66e-03	4.37e-01	4.28e-01	1.04e-01	2.23e-02	1.76e-04	3.36e-07
 1.46430e+23	4.80e-06	9.52e-03	4.54e-01	4.20e-01	9.71e-02	1.99e-02	1.47e-04	2.63e-07
 1.47990e+23	5.76e-06	1.07e-02	4.74e-01	4.09e-01	8.92e-02	1.71e-02	1.16e-04	1.92e-07
 1.49564e+23	6.69e-06	1.18e-02	4.90e-01	4.00e-01	8.29e-02	1.51e-02	9.58e-05	1.48e-07
 1.50946e+23	7.73e-06	1.29e-02	5.06e-01	3.90e-01	7.71e-02	1.33e-02	7.91e-05	0.00e+00
 1.52187e+23	8.65e-06	1.39e-02	5.19e-01	3.82e-01	7.28e-02	1.21e-02	6.80e-05	0.00e+00
 1.53453e+23	1.00e-05	1.52e-02	5.35e-01	3.72e-01	6.74e-02	1.06e-02	5.57e-05	0.00e+00
 1.55099e+23	1.21e-05	1.72e-02	5.55e-01	3.58e-01	6.09e-02	8.96e-03	4.30e-05	0.00e+00
 1.56756e+23	1.40e-05	1.88e-02	5.70e-01	3.47e-01	5.61e-02	7.82e-03	3.49e-05	0.00e+00
 1.58427e+23	1.68e-05	2.12e-02	5.90e-01	3.32e-01	5.04e-02	6.57e-03	2.67e-05	0.00e+00
 1.60132e+23	1.96e-05	2.32e-02	6.05e-01	3.20e-01	4.60e-02	5.67e-03	2.13e-05	0.00e+00
 1.61881e+23	2.37e-05	2.62e-02	6.24e-01	3.04e-01	4.10e-02	4.71e-03	1.61e-05	0.00e+00
 1.63664e+23	2.77e-05	2.88e-02	6.39e-01	2.92e-01	3.71e-02	4.02e-03	1.27e-05	0.00e+00
 1.65491e+23	3.37e-05	3.25e-02	6.56e-01	2.75e-01	3.27e-02	3.30e-03	9.37e-06	0.00e+00
 1.67343e+23	3.94e-05	3.57e-02	6.70e-01	2.62e-01	2.94e-02	2.80e-03	7.29e-06	0.00e+00
 1.68743e+23	4.40e-05	3.81e-02	6.79e-01	2.53e-01	2.73e-02	2.49e-03	6.09e-06	0.00e+00
 1.70079e+23	5.07e-05	4.16e-02	6.90e-01	2.42e-01	2.48e-02	2.14e-03	4.86e-06	0.00e+00
 1.71443e+23	5.66e-05	4.44e-02	6.98e-01	2.32e-01	2.29e-02	1.90e-03	4.04e-06	0.00e+00
 1.72842e+23	6.54e-05	4.84e-02	7.08e-01	2.21e-01	2.07e-02	1.62e-03	3.18e-06	0.00e+00
 1.74258e+23	7.32e-05	5.18e-02	7.16e-01	2.12e-01	1.90e-02	1.43e-03	2.62e-06	0.00e+00
 1.75696e+23	8.47e-05	5.65e-02	7.25e-01	2.00e-01	1.71e-02	1.21e-03	2.04e-06	0.00e+00
 1.77154e+23	9.51e-05	6.05e-02	7.32e-01	1.91e-01	1.56e-02	1.06e-03	1.67e-06	0.00e+00
 1.78639e+23	1.10e-04	6.61e-02	7.39e-01	1.80e-01	1.39e-02	8.90e-04	1.29e-06	0.00e+00
 1.80144e+23	1.24e-04	7.07e-02	7.45e-01	1.71e-01	1.27e-02	7.73e-04	1.04e-06	0.00e+00
 1.81677e+23	1.44e-04	7.72e-02	7.51e-01	1.60e-01	1.13e-02	6.47e-04	7.97e-07	0.00e+00
 1.83250e+23	1.63e-04	8.29e-02	7.55e-01	1.51e-01	1.01e-02	5.55e-04	6.32e-07	0.00e+00
 1.84873e+23	1.90e-04	9.08e-02	7.59e-01	1.40e-01	8.93e-03	4.58e-04	4.75e-07	0.00e+00
 1.86523e+23	2.16e-04	9.77e-02	7.62e-01	1.31e-01	8.00e-03	3.89e-04	3.71e-07	0.00e+00
 1.88210e+23	2.55e-04	1.07e-01	7.64e-01	1.21e-01	6.96e-03	3.16e-04	2.72e-07	0.00e+00
 1.89914e+23	2.89e-04	1.15e-01	7.65e-01	1.13e-01	6.21e-03	2.67e-04	2.12e-07	0.00e+00
 1.91642e+23	3.41e-04	1.27e-01	7.64e-01	1.03e-01	5.39e-03	2.16e-04	1.54e-07	0.00e+00
 1.93404e+23	3.90e-04	1.36e-01	7.63e-01	9.53e-02	4.76e-03	1.80e-04	0.00e+00	0.00e+00
 1.95209e+23	4.63e-04	1.51e-01	7.59e-01	8.59e-02	4.08e-03	1.42e-04	0.00e+00	0.00e+00
 1.97009e+23	5.28e-04	1.62e-01	7.55e-01	7.91e-02	3.60e-03	1.18e-04	0.00e+00	0.00e+00
 1.98801e+23	6.29e-04	1.79e-01	7.47e-01	7.07e-02	3.07e-03	9.29e-05	0.00e+00	0.00e+00
 2.00604e+23	7.20e-04	1.92e-01	7.40e-01	6.45e-02	2.70e-03	7.65e-05	0.00e+00	0.00e+00
 2.02420e+23	8.61e-04	2.12e-01	7.28e-01	5.69e-02	2.28e-03	5.92e-05	0.00e+00	0.00e+00
 2.04243e+23	9.91e-04	2.29e-01	7.17e-01	5.14e-02	1.99e-03	4.81e-05	0.00e+00	0.00e+00
 2.06075e+23	1.19e-03	2.53e-01	6.99e-01	4.47e-02	1.67e-03	3.65e-05	0.00e+00	0.00e+00
 2.07907e+23	1.38e-03	2.73e-01	6.84e-01	3.98e-02	1.45e-03	2.92e-05	0.00e+00	0.00e+00
 2.09742e+23	1.67e-03	3.02e-01	6.61e-01	3.40e-02	1.20e-03	2.17e-05	0.00e+00	0.00e+00
 2.11577e+23	1.94e-03	3.27e-01	6.41e-01	2.98e-02	1.03e-03	1.71e-05	0.00e+00	0.00e+00
 2.13414e+23	2.38e-03	3.62e-01	6.10e-01	2.48e-02	8.41e-04	1.23e-05	0.00e+00	0.00e+00
 2.15249e+23	2.78e-03	3.91e-01	5.84e-01	2.13e-02	7.13e-04	9.39e-06	0.00e+00	0.00e+00
 2.17082e+23	3.41e-03	4.33e-01	5.46e-01	1.73e-02	5.72e-04	6.55e-06	0.00e+00	0.00e+00
 2.18935e+23	4.05e-03	4.69e-01	5.13e-01	1.44e-02	4.72e-04	4.78e-06	0.00e+00	0.00e+00
 2.20811e+23	5.00e-03	5.17e-01	4.67e-01	1.12e-02	3.66e-04	3.15e-06	0.00e+00	0.00e+00
 2.22712e+23	6.02e-03	5.59e-01	4.26e-01	8.87e-03	2.91e-04	2.15e-06	0.00e+00	0.00e+00
 2.24354e+23	7.19e-03	6.01e-01	3.85e-01	6.99e-03	2.30e-04	1.46e-06	0.00e+00	0.00e+00
 2.25768e+23	8.29e-03	6.34e-01	3.51e-01	5.70e-03	1.88e-04	1.06e-06	0.00e+00	0.00e+00
 2.27175e+23	9.78e-03	6.74e-01	3.11e-01	4.39e-03	1.46e-04	6.99e-07	0.00e+00	0.00e+00
 2.28655e+23	1.15e-02	7.12e-01	2.73e-01	3.36e-03	1.12e-04	4.58e-07	0.00e+00	0.00e+00
 2.29993e+23	1.34e-02	7.46e-01	2.37e-01	2.55e-03	8.54e-05	2.98e-07	0.00e+00	0.00e+00
 2.31494e+23	1.63e-02	7.87e-01	1.95e-01	1.77e-03	5.89e-05	1.68e-07	0.00e+00	0.00e+00
 2.33030e+23	1.97e-02	8.21e-01	1.58e-01	1.21e-03	4.00e-05	0.00e+00	0.00e+00	0.00e+00
 2.34272e+23	2.32e-02	8.47e-01	1.29e-01	8.52e-04	2.77e-05	0.00e+00	0.00e+00	0.00e+00
 2.35333e+23	2.69e-02	8.67e-01	1.05e-01	6.14e-04	1.94e-05	0.00e+00	0.00e+00	0.00e+00
 2.36308e+23	3.13e-02	8.83e-01	8.48e-02	4.40e-04	1.34e-05	0.00e+00	0.00e+00	0.00e+00
 2.37239e+23	3.64e-02	8.96e-01	6.74e-02	3.13e-04	8.97e-06	0.00e+00	0.00e+00	0.00e+00
 2.38151e+23	4.30e-02	9.05e-01	5.21e-02	2.19e-04	5.76e-06	0.00e+00	0.00e+00	0.00e+00
 2.38987e+23	5.06e-02	9.09e-01	4.01e-02	1.56e-04	3.69e-06	0.00e+00	0.00e+00	0.00e+00
 2.39710e+23	5.92e-02	9.10e-01	3.11e-02	1.14e-04	2.40e-06	0.00e+00	0.00e+00	0.00e+00
 2.40350e+23	6.91e-02	9.07e-01	2.42e-02	8.64e-05	1.58e-06	0.00e+00	0.00e+00	0.00e+00
 2.40929e+23	8.04e-02	9.01e-01	1.90e-02	6.67e-05	1.05e-06	0.00e+00	0.00e+00	0.00e+00
 2.41460e+23	9.32e-02	8.92e-01	1.49e-02	5.26e-05	7.08e-07	0.00e+00	0.00e+00	0.00e+00
 2.41956e+23	1.08e-01	8.80e-01	1.17e-02	4.21e-05	4.79e-07	0.00e+00	0.00e+00	0.00e+00
 2.42420e+23	1.25e-01	8.65e-01	9.23e-03	3.43e-05	3.28e-07	0.00e+00	0.00e+00	0.00e+00
 2.42851e+23	1.45e-01	8.48e-01	7.29e-03	2.84e-05	2.27e-07	0.00e+00	0.00e+00	0.00e+00
 2.43239e+23	1.65e-01	8.29e-01	5.86e-03	2.40e-05	1.63e-07	0.00e+00	0.00e+00	0.00e+00
 2.43570e+23	1.85e-01	8.10e-01	4.84e-03	2.08e-05	0.00e+00	0.00e+00	0.00e+00	0.00e+00
 2.43813e+23	2.01e-01	7.95e-01	4.21e-03	1.89e-05	0.00e+00	0.00e+00	0.00e+00	0.00e+00
 2.43985e+23	2.13e-01	7.83e-01	3.80e-03	1.76e-05	0.00e+00	0.00e+00	0.00e+00	0.00e+00
 2.44160e+23	2.26e-01	7.70e-01	3.41e-03	1.64e-05	0.00e+00	0.00e+00	0.00e+00	0.00e+00
 2.44365e+23	2.43e-01	7.54e-01	3.00e-03	1.51e-05	0.00e+00	0.00e+00	0.00e+00	0.00e+00
 2.44591e+23	2.62e-01	7.36e-01	2.61e-03	1.38e-05	0.00e+00	0.00e+00	0.00e+00	0.00e+00
 2.44825e+23	2.82e-01	7.16e-01	2.25e-03	1.26e-05	0.00e+00	0.00e+00	0.00e+00	0.00e+00
 2.45051e+23	3.02e-01	6.96e-01	1.96e-03	1.16e-05	0.00e+00	0.00e+00	0.00e+00	0.00e+00
 2.45264e+23	3.21e-01	6.77e-01	1.72e-03	1.07e-05	0.00e+00	0.00e+00	0.00e+00	0.00e+00
 2.45432e+23	3.37e-01	6.62e-01	1.56e-03	1.02e-05	0.00e+00	0.00e+00	0.00e+00	0.00e+00
 2.45550e+23	3.48e-01	6.51e-01	1.45e-03	9.76e-06	0.00e+00	0.00e+00	0.00e+00	0.00e+00
 2.45664e+23	3.59e-01	6.40e-01	1.35e-03	9.38e-06	0.00e+00	0.00e+00	0.00e+00	0.00e+00
 2.45799e+23	3.71e-01	6.27e-01	1.24e-03	8.97e-06	0.00e+00	0.00e+00	0.00e+00	0.00e+00
 2.45949e+23	3.86e-01	6.13e-01	1.13e-03	8.53e-06	0.00e+00	0.00e+00	0.00e+00	0.00e+00
 2.46101e+23	4.00e-01	5.99e-01	1.03e-03	8.12e-06	0.00e+00	0.00e+00	0.00e+00	0.00e+00
 2.46246e+23	4.14e-01	5.85e-01	9.44e-04	7.76e-06	0.00e+00	0.00e+00	0.00e+00	0.00e+00
 2.46392e+23	4.28e-01	5.71e-01	8.64e-04	7.41e-06	0.00e+00	0.00e+00	0.00e+00	0.00e+00
 2.46545e+23	4.42e-01	5.57e-01	7.88e-04	7.07e-06	0.00e+00	0.00e+00	0.00e+00	0.00e+00
 2.46704e+23	4.57e-01	5.42e-01	7.15e-04	6.73e-06	0.00e+00	0.00e+00	0.00e+00	0.00e+00
 2.46866e+23	4.72e-01	5.27e-01	6.50e-04	6.41e-06	0.00e+00	0.00e+00	0.00e+00	0.00e+00
 2.47028e+23	4.87e-01	5.12e-01	5.91e-04	6.12e-06	0.00e+00	0.00e+00	0.00e+00	0.00e+00
 2.47197e+23	5.02e-01	4.97e-01	5.35e-04	5.83e-06	0.00e+00	0.00e+00	0.00e+00	0.00e+00
 2.47372e+23	5.18e-01	4.82e-01	4.84e-04	5.54e-06	0.00e+00	0.00e+00	0.00e+00	0.00e+00
 2.47551e+23	5.33e-01	4.66e-01	4.37e-04	5.27e-06	0.00e+00	0.00e+00	0.00e+00	0.00e+00
 2.47734e+23	5.49e-01	4.51e-01	3.94e-04	5.01e-06	0.00e+00	0.00e+00	0.00e+00	0.00e+00
 2.47921e+23	5.64e-01	4.36e-01	3.56e-04	4.77e-06	0.00e+00	0.00e+00	0.00e+00	0.00e+00
 2.48116e+23	5.80e-01	4.20e-01	3.20e-04	4.53e-06	0.00e+00	0.00e+00	0.00e+00	0.00e+00
 2.48316e+23	5.95e-01	4.05e-01	2.87e-04	4.30e-06	0.00e+00	0.00e+00	0.00e+00	0.00e+00
 2.48522e+23	6.10e-01	3.90e-01	2.58e-04	4.08e-06	0.00e+00	0.00e+00	0.00e+00	0.00e+00
 2.48737e+23	6.26e-01	3.74e-01	2.32e-04	3.86e-06	0.00e+00	0.00e+00	0.00e+00	0.00e+00
 2.48959e+23	6.41e-01	3.59e-01	2.08e-04	3.66e-06	0.00e+00	0.00e+00	0.00e+00	0.00e+00
 2.49183e+23	6.56e-01	3.44e-01	1.86e-04	3.47e-06	0.00e+00	0.00e+00	0.00e+00	0.00e+00
 2.49415e+23	6.71e-01	3.29e-01	1.68e-04	3.28e-06	0.00e+00	0.00e+00	0.00e+00	0.00e+00
 2.49660e+23	6.85e-01	3.15e-01	1.50e-04	3.10e-06	0.00e+00	0.00e+00	0.00e+00	0.00e+00
 2.49915e+23	7.00e-01	3.00e-01	1.35e-04	2.93e-06	0.00e+00	0.00e+00	0.00e+00	0.00e+00
 2.50175e+23	7.14e-01	2.86e-01	1.21e-04	2.77e-06	0.00e+00	0.00e+00	0.00e+00	0.00e+00
 2.50441e+23	7.27e-01	2.73e-01	1.10e-04	2.62e-06	0.00e+00	0.00e+00	0.00e+00	0.00e+00
 2.50718e+23	7.40e-01	2.60e-01	9.91e-05	2.48e-06	0.00e+00	0.00e+00	0.00e+00	0.00e+00
 2.51000e+23	7.52e-01	2.47e-01	9.01e-05	2.35e-06	0.00e+00	0.00e+00	0.00e+00	0.00e+00
 2.51290e+23	7.65e-01	2.35e-01	8.21e-05	2.22e-06	0.00e+00	0.00e+00	0.00e+00	0.00e+00
 2.51594e+23	7.77e-01	2.23e-01	7.49e-05	2.10e-06	0.00e+00	0.00e+00	0.00e+00	0.00e+00
 2.51912e+23	7.88e-01	2.12e-01	6.86e-05	1.99e-06	0.00e+00	0.00e+00	0.00e+00	0.00e+00
 2.52231e+23	7.99e-01	2.01e-01	6.32e-05	1.89e-06	0.00e+00	0.00e+00	0.00e+00	0.00e+00
 2.52563e+23	8.09e-01	1.91e-01	5.85e-05	1.79e-06	0.00e+00	0.00e+00	0.00e+00	0.00e+00
 2.52917e+23	8.19e-01	1.81e-01	5.41e-05	1.70e-06	0.00e+00	0.00e+00	0.00e+00	0.00e+00
 2.53287e+23	8.28e-01	1.71e-01	5.04e-05	1.61e-06	0.00e+00	0.00e+00	0.00e+00	0.00e+00
 2.53667e+23	8.38e-01	1.62e-01	4.70e-05	1.53e-06	0.00e+00	0.00e+00	0.00e+00	0.00e+00
 2.54065e+23	8.47e-01	1.53e-01	4.40e-05	1.45e-06	0.00e+00	0.00e+00	0.00e+00	0.00e+00
 2.54489e+23	8.55e-01	1.45e-01	4.13e-05	1.37e-06	0.00e+00	0.00e+00	0.00e+00	0.00e+00
 2.54937e+23	8.64e-01	1.36e-01	3.88e-05	1.30e-06	0.00e+00	0.00e+00	0.00e+00	0.00e+00
 2.55400e+23	8.72e-01	1.28e-01	3.66e-05	1.23e-06	0.00e+00	0.00e+00	0.00e+00	0.00e+00
 2.55855e+23	8.79e-01	1.21e-01	3.48e-05	1.17e-06	0.00e+00	0.00e+00	0.00e+00	0.00e+00
 2.56291e+23	8.86e-01	1.14e-01	3.32e-05	1.12e-06	0.00e+00	0.00e+00	0.00e+00	0.00e+00
 2.56716e+23	8.92e-01	1.08e-01	3.19e-05	1.07e-06	0.00e+00	0.00e+00	0.00e+00	0.00e+00
 2.57132e+23	8.97e-01	1.03e-01	3.07e-05	1.03e-06	0.00e+00	0.00e+00	0.00e+00	0.00e+00
 2.57537e+23	9.02e-01	9.76e-02	2.96e-05	9.89e-07	0.00e+00	0.00e+00	0.00e+00	0.00e+00
 2.57927e+23	9.07e-01	9.29e-02	2.86e-05	9.53e-07	0.00e+00	0.00e+00	0.00e+00	0.00e+00
 2.58299e+23	9.12e-01	8.84e-02	2.78e-05	9.20e-07	0.00e+00	0.00e+00	0.00e+00	0.00e+00
 2.58648e+23	9.15e-01	8.47e-02	2.70e-05	8.91e-07	0.00e+00	0.00e+00	0.00e+00	0.00e+00
 2.58986e+23	9.19e-01	8.10e-02	2.63e-05	8.64e-07	0.00e+00	0.00e+00	0.00e+00	0.00e+00
 2.59325e+23	9.23e-01	7.75e-02	2.57e-05	8.37e-07	0.00e+00	0.00e+00	0.00e+00	0.00e+00
 2.59654e+23	9.26e-01	7.42e-02	2.51e-05	8.13e-07	0.00e+00	0.00e+00	0.00e+00	0.00e+00
 2.59970e+23	9.29e-01	7.12e-02	2.46e-05	7.92e-07	0.00e+00	0.00e+00	0.00e+00	0.00e+00
 2.60275e+23	9.32e-01	6.84e-02	2.41e-05	7.72e-07	0.00e+00	0.00e+00	0.00e+00	0.00e+00
 2.60571e+23	9.34e-01	6.58e-02	2.36e-05	7.54e-07	0.00e+00	0.00e+00	0.00e+00	0.00e+00
 2.60856e+23	9.37e-01	6.34e-02	2.32e-05	7.37e-07	0.00e+00	0.00e+00	0.00e+00	0.00e+00
 2.61132e+23	9.39e-01	6.12e-02	2.28e-05	7.23e-07	0.00e+00	0.00e+00	0.00e+00	0.00e+00
 2.61397e+23	9.41e-01	5.92e-02	2.25e-05	7.10e-07	0.00e+00	0.00e+00	0.00e+00	0.00e+00
 2.61654e+23	9.43e-01	5.73e-02	2.21e-05	6.98e-07	0.00e+00	0.00e+00	0.00e+00	0.00e+00
 2.61901e+23	9.44e-01	5.55e-02	2.18e-05	6.88e-07	0.00e+00	0.00e+00	0.00e+00	0.00e+00
 2.62136e+23	9.46e-01	5.40e-02	2.16e-05	6.80e-07	0.00e+00	0.00e+00	0.00e+00	0.00e+00
 2.62366e+23	9.47e-01	5.25e-02	2.13e-05	6.72e-07	0.00e+00	0.00e+00	0.00e+00	0.00e+00
 2.62589e+23	9.49e-01	5.12e-02	2.11e-05	6.66e-07	0.00e+00	0.00e+00	0.00e+00	0.00e+00
 2.62793e+23	9.50e-01	5.01e-02	2.09e-05	6.62e-07	0.00e+00	0.00e+00	0.00e+00	0.00e+00
 2.62978e+23	9.51e-01	4.91e-02	2.07e-05	6.60e-07	0.00e+00	0.00e+00	0.00e+00	0.00e+00
 2.63146e+23	9.52e-01	4.83e-02	2.05e-05	6.58e-07	0.00e+00	0.00e+00	0.00e+00	0.00e+00
 2.63300e+23	9.52e-01	4.76e-02	2.04e-05	6.57e-07	0.00e+00	0.00e+00	0.00e+00	0.00e+00
 2.63439e+23	9.53e-01	4.70e-02	2.02e-05	6.57e-07	0.00e+00	0.00e+00	0.00e+00	0.00e+00
 2.63566e+23	9.54e-01	4.64e-02	2.01e-05	6.57e-07	0.00e+00	0.00e+00	0.00e+00	0.00e+00
 2.63681e+23	9.54e-01	4.60e-02	2.00e-05	6.58e-07	0.00e+00	0.00e+00	0.00e+00	0.00e+00
 2.63808e+23	9.55e-01	4.54e-02	1.99e-05	6.59e-07	0.00e+00	0.00e+00	0.00e+00	0.00e+00
 2.63944e+23	9.55e-01	4.49e-02	1.98e-05	6.59e-07	0.00e+00	0.00e+00	0.00e+00	0.00e+00
 2.64069e+23	9.56e-01	4.44e-02	1.97e-05	6.60e-07	0.00e+00	0.00e+00	0.00e+00	0.00e+00
 2.64205e+23	9.56e-01	4.39e-02	1.96e-05	6.61e-07	0.00e+00	0.00e+00	0.00e+00	0.00e+00
 2.64352e+23	9.57e-01	4.34e-02	1.95e-05	6.63e-07	0.00e+00	0.00e+00	0.00e+00	0.00e+00
 2.64486e+23	9.57e-01	4.30e-02	1.94e-05	6.65e-07	0.00e+00	0.00e+00	0.00e+00	0.00e+00
 2.64608e+23	9.57e-01	4.27e-02	1.93e-05	6.70e-07	0.00e+00	0.00e+00	0.00e+00	0.00e+00
 2.64718e+23	9.58e-01	4.24e-02	1.92e-05	6.71e-07	0.00e+00	0.00e+00	0.00e+00	0.00e+00
 2.64840e+23	9.58e-01	4.21e-02	1.91e-05	6.74e-07	0.00e+00	0.00e+00	0.00e+00	0.00e+00
 2.64971e+23	9.58e-01	4.17e-02	1.90e-05	6.75e-07	0.00e+00	0.00e+00	0.00e+00	0.00e+00
 2.65115e+23	9.59e-01	4.13e-02	1.89e-05	6.76e-07	0.00e+00	0.00e+00	0.00e+00	0.00e+00
 2.65270e+23	9.59e-01	4.09e-02	1.88e-05	6.76e-07	0.00e+00	0.00e+00	0.00e+00	0.00e+00
 2.65411e+23	9.59e-01	4.06e-02	1.87e-05	6.80e-07	0.00e+00	0.00e+00	0.00e+00	0.00e+00
 2.65539e+23	9.60e-01	4.04e-02	1.86e-05	6.81e-07	0.00e+00	0.00e+00	0.00e+00	0.00e+00
 2.65680e+23	9.60e-01	4.01e-02	1.85e-05	6.81e-07	0.00e+00	0.00e+00	0.00e+00	0.00e+00
 2.65863e+23	9.60e-01	3.96e-02	1.83e-05	6.83e-07	0.00e+00	0.00e+00	0.00e+00	0.00e+00
 2.66061e+23	9.61e-01	3.92e-02	1.82e-05	6.84e-07	0.00e+00	0.00e+00	0.00e+00	0.00e+00
 2.66240e+23	9.61e-01	3.88e-02	1.81e-05	6.88e-07	0.00e+00	0.00e+00	0.00e+00	0.00e+00
 2.66404e+23	9.61e-01	3.86e-02	1.80e-05	6.91e-07	0.00e+00	0.00e+00	0.00e+00	0.00e+00
 2.66553e+23	9.62e-01	3.84e-02	1.79e-05	6.94e-07	0.00e+00	0.00e+00	0.00e+00	0.00e+00
 2.66688e+23	9.62e-01	3.82e-02	1.78e-05	6.98e-07	0.00e+00	0.00e+00	0.00e+00	0.00e+00
 2.66837e+23	9.62e-01	3.80e-02	1.77e-05	7.02e-07	0.00e+00	0.00e+00	0.00e+00	0.00e+00
 2.66997e+23	9.62e-01	3.77e-02	1.77e-05	7.06e-07	0.00e+00	0.00e+00	0.00e+00	0.00e+00
 2.67143e+23	9.62e-01	3.75e-02	1.76e-05	7.10e-07	0.00e+00	0.00e+00	0.00e+00	0.00e+00
 2.67275e+23	9.63e-01	3.74e-02	1.76e-05	7.17e-07	0.00e+00	0.00e+00	0.00e+00	0.00e+00
 2.67396e+23	9.63e-01	3.72e-02	1.76e-05	7.20e-07	0.00e+00	0.00e+00	0.00e+00	0.00e+00
 2.67528e+23	9.63e-01	3.70e-02	1.75e-05	7.23e-07	0.00e+00	0.00e+00	0.00e+00	0.00e+00
 2.67671e+23	9.63e-01	3.68e-02	1.75e-05	7.28e-07	0.00e+00	0.00e+00	0.00e+00	0.00e+00
 2.67801e+23	9.63e-01	3.66e-02	1.74e-05	7.31e-07	0.00e+00	0.00e+00	0.00e+00	0.00e+00
 2.67944e+23	9.64e-01	3.64e-02	1.74e-05	7.35e-07	0.00e+00	0.00e+00	0.00e+00	0.00e+00
 2.68097e+23	9.64e-01	3.62e-02	1.73e-05	7.39e-07	0.00e+00	0.00e+00	0.00e+00	0.00e+00
 2.68237e+23	9.64e-01	3.60e-02	1.73e-05	7.42e-07	0.00e+00	0.00e+00	0.00e+00	0.00e+00
 2.68391e+23	9.64e-01	3.58e-02	1.73e-05	7.47e-07	0.00e+00	0.00e+00	0.00e+00	0.00e+00
 2.68556e+23	9.64e-01	3.56e-02	1.72e-05	7.51e-07	0.00e+00	0.00e+00	0.00e+00	0.00e+00
 2.68707e+23	9.65e-01	3.54e-02	1.72e-05	7.54e-07	0.00e+00	0.00e+00	0.00e+00	0.00e+00
 2.68844e+23	9.65e-01	3.52e-02	1.71e-05	7.58e-07	0.00e+00	0.00e+00	0.00e+00	0.00e+00
 2.68969e+23	9.65e-01	3.51e-02	1.71e-05	7.65e-07	0.00e+00	0.00e+00	0.00e+00	0.00e+00
 2.69082e+23	9.65e-01	3.50e-02	1.71e-05	7.67e-07	0.00e+00	0.00e+00	0.00e+00	0.00e+00
 2.69207e+23	9.65e-01	3.48e-02	1.70e-05	7.69e-07	0.00e+00	0.00e+00	0.00e+00	0.00e+00
 2.69368e+23	9.65e-01	3.46e-02	1.70e-05	7.72e-07	0.00e+00	0.00e+00	0.00e+00	0.00e+00
 2.69543e+23	9.66e-01	3.43e-02	1.69e-05	7.72e-07	0.00e+00	0.00e+00	0.00e+00	0.00e+00
 2.69702e+23	9.66e-01	3.41e-02	1.69e-05	7.74e-07	0.00e+00	0.00e+00	0.00e+00	0.00e+00
 2.69846e+23	9.66e-01	3.39e-02	1.68e-05	7.78e-07	0.00e+00	0.00e+00	0.00e+00	0.00e+00
 2.69978e+23	9.66e-01	3.37e-02	1.68e-05	7.76e-07	0.00e+00	0.00e+00	0.00e+00	0.00e+00
 2.70122e+23	9.66e-01	3.35e-02	1.67e-05	7.77e-07	0.00e+00	0.00e+00	0.00e+00	0.00e+00
 2.70278e+23	9.67e-01	3.33e-02	1.67e-05	7.79e-07	0.00e+00	0.00e+00	0.00e+00	0.00e+00
 2.70419e+23	9.67e-01	3.31e-02	1.66e-05	7.78e-07	0.00e+00	0.00e+00	0.00e+00	0.00e+00
 2.70575e+23	9.67e-01	3.29e-02	1.66e-05	7.80e-07	0.00e+00	0.00e+00	0.00e+00	0.00e+00
 2.70742e+23	9.67e-01	3.26e-02	1.65e-05	7.80e-07	0.00e+00	0.00e+00	0.00e+00	0.00e+00
 2.70895e+23	9.68e-01	3.25e-02	1.65e-05	7.83e-07	0.00e+00	0.00e+00	0.00e+00	0.00e+00
 2.71033e+23	9.68e-01	3.23e-02	1.64e-05	7.81e-07	0.00e+00	0.00e+00	0.00e+00	0.00e+00
 2.71185e+23	9.68e-01	3.21e-02	1.64e-05	7.81e-07	0.00e+00	0.00e+00	0.00e+00	0.00e+00
 2.71350e+23	9.68e-01	3.18e-02	1.63e-05	7.82e-07	0.00e+00	0.00e+00	0.00e+00	0.00e+00
 2.71499e+23	9.68e-01	3.17e-02	1.63e-05	7.80e-07	0.00e+00	0.00e+00	0.00e+00	0.00e+00
 2.71663e+23	9.69e-01	3.14e-02	1.62e-05	7.81e-07	0.00e+00	0.00e+00	0.00e+00	0.00e+00
 2.71839e+23	9.69e-01	3.12e-02	1.62e-05	7.81e-07	0.00e+00	0.00e+00	0.00e+00	0.00e+00
 2.72000e+23	9.69e-01	3.10e-02	1.61e-05	7.79e-07	0.00e+00	0.00e+00	0.00e+00	0.00e+00
 2.72176e+23	9.69e-01	3.07e-02	1.60e-05	7.80e-07	0.00e+00	0.00e+00	0.00e+00	0.00e+00
 2.72366e+23	9.70e-01	3.04e-02	1.60e-05	7.79e-07	0.00e+00	0.00e+00	0.00e+00	0.00e+00
 2.72540e+23	9.70e-01	3.03e-02	1.59e-05	7.80e-07	0.00e+00	0.00e+00	0.00e+00	0.00e+00
 2.72697e+23	9.70e-01	3.01e-02	1.59e-05	7.78e-07	0.00e+00	0.00e+00	0.00e+00	0.00e+00
 2.72870e+23	9.70e-01	2.98e-02	1.58e-05	7.76e-07	0.00e+00	0.00e+00	0.00e+00	0.00e+00
 2.73056e+23	9.70e-01	2.96e-02	1.57e-05	7.76e-07	0.00e+00	0.00e+00	0.00e+00	0.00e+00
 2.73226e+23	9.71e-01	2.94e-02	1.57e-05	7.73e-07	0.00e+00	0.00e+00	0.00e+00	0.00e+00
 2.73411e+23	9.71e-01	2.91e-02	1.56e-05	7.72e-07	0.00e+00	0.00e+00	0.00e+00	0.00e+00
 2.73612e+23	9.71e-01	2.89e-02	1.56e-05	7.71e-07	0.00e+00	0.00e+00	0.00e+00	0.00e+00
 2.73795e+23	9.71e-01	2.86e-02	1.55e-05	7.68e-07	0.00e+00	0.00e+00	0.00e+00	0.00e+00
 2.73995e+23	9.72e-01	2.84e-02	1.54e-05	7.66e-07	0.00e+00	0.00e+00	0.00e+00	0.00e+00
 2.74211e+23	9.72e-01	2.81e-02	1.53e-05	7.64e-07	0.00e+00	0.00e+00	0.00e+00	0.00e+00
 2.74407e+23	9.72e-01	2.79e-02	1.53e-05	7.60e-07	0.00e+00	0.00e+00	0.00e+00	0.00e+00
 2.74623e+23	9.72e-01	2.76e-02	1.52e-05	7.57e-07	0.00e+00	0.00e+00	0.00e+00	0.00e+00
 2.74855e+23	9.73e-01	2.73e-02	1.51e-05	7.56e-07	0.00e+00	0.00e+00	0.00e+00	0.00e+00
 2.75067e+23	9.73e-01	2.70e-02	1.50e-05	7.51e-07	0.00e+00	0.00e+00	0.00e+00	0.00e+00
 2.75298e+23	9.73e-01	2.67e-02	1.50e-05	7.47e-07	0.00e+00	0.00e+00	0.00e+00	0.00e+00
 2.75549e+23	9.74e-01	2.64e-02	1.49e-05	7.43e-07	0.00e+00	0.00e+00	0.00e+00	0.00e+00
 2.75776e+23	9.74e-01	2.62e-02	1.48e-05	7.40e-07	0.00e+00	0.00e+00	0.00e+00	0.00e+00
 2.75984e+23	9.74e-01	2.60e-02	1.47e-05	7.37e-07	0.00e+00	0.00e+00	0.00e+00	0.00e+00
 2.76211e+23	9.74e-01	2.57e-02	1.46e-05	7.32e-07	0.00e+00	0.00e+00	0.00e+00	0.00e+00
 2.76456e+23	9.75e-01	2.54e-02	1.46e-05	7.29e-07	0.00e+00	0.00e+00	0.00e+00	0.00e+00
 2.76679e+23	9.75e-01	2.52e-02	1.45e-05	7.23e-07	0.00e+00	0.00e+00	0.00e+00	0.00e+00
 2.76924e+23	9.75e-01	2.48e-02	1.44e-05	7.17e-07	0.00e+00	0.00e+00	0.00e+00	0.00e+00
 2.77188e+23	9.75e-01	2.45e-02	1.43e-05	7.14e-07	0.00e+00	0.00e+00	0.00e+00	0.00e+00
 2.77428e+23	9.76e-01	2.43e-02	1.42e-05	7.07e-07	0.00e+00	0.00e+00	0.00e+00	0.00e+00
 2.77691e+23	9.76e-01	2.39e-02	1.41e-05	7.00e-07	0.00e+00	0.00e+00	0.00e+00	0.00e+00
 2.77975e+23	9.76e-01	2.36e-02	1.40e-05	6.94e-07	0.00e+00	0.00e+00	0.00e+00	0.00e+00
 2.78234e+23	9.77e-01	2.34e-02	1.40e-05	6.90e-07	0.00e+00	0.00e+00	0.00e+00	0.00e+00
 2.78469e+23	9.77e-01	2.32e-02	1.39e-05	6.85e-07	0.00e+00	0.00e+00	0.00e+00	0.00e+00
 2.78727e+23	9.77e-01	2.29e-02	1.38e-05	6.78e-07	0.00e+00	0.00e+00	0.00e+00	0.00e+00
 2.79005e+23	9.77e-01	2.26e-02	1.37e-05	6.73e-07	0.00e+00	0.00e+00	0.00e+00	0.00e+00
 2.79259e+23	9.78e-01	2.24e-02	1.36e-05	6.66e-07	0.00e+00	0.00e+00	0.00e+00	0.00e+00
 2.79536e+23	9.78e-01	2.20e-02	1.35e-05	6.58e-07	0.00e+00	0.00e+00	0.00e+00	0.00e+00
 2.79836e+23	9.78e-01	2.17e-02	1.34e-05	6.52e-07	0.00e+00	0.00e+00	0.00e+00	0.00e+00
 2.80109e+23	9.78e-01	2.15e-02	1.33e-05	6.45e-07	0.00e+00	0.00e+00	0.00e+00	0.00e+00
 2.80407e+23	9.79e-01	2.11e-02	1.32e-05	6.36e-07	0.00e+00	0.00e+00	0.00e+00	0.00e+00
 2.80730e+23	9.79e-01	2.08e-02	1.31e-05	6.30e-07	0.00e+00	0.00e+00	0.00e+00	0.00e+00
 2.81024e+23	9.79e-01	2.06e-02	1.30e-05	6.22e-07	0.00e+00	0.00e+00	0.00e+00	0.00e+00
 2.81345e+23	9.80e-01	2.02e-02	1.29e-05	6.12e-07	0.00e+00	0.00e+00	0.00e+00	0.00e+00
 2.81693e+23	9.80e-01	1.99e-02	1.28e-05	6.05e-07	0.00e+00	0.00e+00	0.00e+00	0.00e+00
 2.82009e+23	9.80e-01	1.97e-02	1.27e-05	5.97e-07	0.00e+00	0.00e+00	0.00e+00	0.00e+00
 2.82355e+23	9.81e-01	1.93e-02	1.26e-05	5.86e-07	0.00e+00	0.00e+00	0.00e+00	0.00e+00
 2.82729e+23	9.81e-01	1.90e-02	1.24e-05	5.77e-07	0.00e+00	0.00e+00	0.00e+00	0.00e+00
 2.83069e+23	9.81e-01	1.87e-02	1.23e-05	5.70e-07	0.00e+00	0.00e+00	0.00e+00	0.00e+00
 2.83379e+23	9.81e-01	1.85e-02	1.22e-05	5.64e-07	0.00e+00	0.00e+00	0.00e+00	0.00e+00
 2.83718e+23	9.82e-01	1.81e-02	1.21e-05	5.52e-07	0.00e+00	0.00e+00	0.00e+00	0.00e+00
 2.84084e+23	9.82e-01	1.79e-02	1.20e-05	5.44e-07	0.00e+00	0.00e+00	0.00e+00	0.00e+00
 2.84417e+23	9.82e-01	1.76e-02	1.19e-05	5.38e-07	0.00e+00	0.00e+00	0.00e+00	0.00e+00
 2.84721e+23	9.83e-01	1.74e-02	1.18e-05	5.32e-07	0.00e+00	0.00e+00	0.00e+00	0.00e+00
 2.85053e+23	9.83e-01	1.71e-02	1.17e-05	5.20e-07	0.00e+00	0.00e+00	0.00e+00	0.00e+00
 2.85412e+23	9.83e-01	1.69e-02	1.16e-05	5.13e-07	0.00e+00	0.00e+00	0.00e+00	0.00e+00
 2.85738e+23	9.83e-01	1.67e-02	1.15e-05	5.06e-07	0.00e+00	0.00e+00	0.00e+00	0.00e+00
 2.86096e+23	9.84e-01	1.63e-02	1.14e-05	4.94e-07	0.00e+00	0.00e+00	0.00e+00	0.00e+00
 2.86482e+23	9.84e-01	1.60e-02	1.13e-05	4.86e-07	0.00e+00	0.00e+00	0.00e+00	0.00e+00
 2.86834e+23	9.84e-01	1.58e-02	1.12e-05	4.79e-07	0.00e+00	0.00e+00	0.00e+00	0.00e+00
 2.87219e+23	9.85e-01	1.55e-02	1.10e-05	4.67e-07	0.00e+00	0.00e+00	0.00e+00	0.00e+00
 2.87635e+23	9.85e-01	1.52e-02	1.09e-05	4.58e-07	0.00e+00	0.00e+00	0.00e+00	0.00e+00
 2.88013e+23	9.85e-01	1.50e-02	1.08e-05	4.51e-07	0.00e+00	0.00e+00	0.00e+00	0.00e+00
 2.88428e+23	9.85e-01	1.46e-02	1.07e-05	4.39e-07	0.00e+00	0.00e+00	0.00e+00	0.00e+00
 2.88876e+23	9.86e-01	1.44e-02	1.05e-05	4.30e-07	0.00e+00	0.00e+00	0.00e+00	0.00e+00
 2.89283e+23	9.86e-01	1.42e-02	1.04e-05	4.23e-07	0.00e+00	0.00e+00	0.00e+00	0.00e+00
 2.89729e+23	9.86e-01	1.38e-02	1.03e-05	4.10e-07	0.00e+00	0.00e+00	0.00e+00	0.00e+00
 2.90281e+23	9.87e-01	1.34e-02	1.01e-05	3.96e-07	0.00e+00	0.00e+00	0.00e+00	0.00e+00
 2.90879e+23	9.87e-01	1.31e-02	9.93e-06	3.84e-07	0.00e+00	0.00e+00	0.00e+00	0.00e+00
 2.91479e+23	9.87e-01	1.27e-02	9.77e-06	3.73e-07	0.00e+00	0.00e+00	0.00e+00	0.00e+00
 2.92086e+23	9.88e-01	1.24e-02	9.60e-06	3.61e-07	0.00e+00	0.00e+00	0.00e+00	0.00e+00
 2.92701e+23	9.88e-01	1.21e-02	9.44e-06	3.49e-07	0.00e+00	0.00e+00	0.00e+00	0.00e+00
 2.93322e+23	9.88e-01	1.17e-02	9.27e-06	3.38e-07	0.00e+00	0.00e+00	0.00e+00	0.00e+00
 2.93950e+23	9.89e-01	1.14e-02	9.11e-06	3.27e-07	0.00e+00	0.00e+00	0.00e+00	0.00e+00
 2.94582e+23	9.89e-01	1.11e-02	8.95e-06	3.17e-07	0.00e+00	0.00e+00	0.00e+00	0.00e+00
 2.95220e+23	9.89e-01	1.08e-02	8.78e-06	3.06e-07	0.00e+00	0.00e+00	0.00e+00	0.00e+00
 2.95866e+23	9.89e-01	1.05e-02	8.62e-06	2.96e-07	0.00e+00	0.00e+00	0.00e+00	0.00e+00
 2.96518e+23	9.90e-01	1.03e-02	8.46e-06	2.86e-07	0.00e+00	0.00e+00	0.00e+00	0.00e+00
 2.97176e+23	9.90e-01	9.98e-03	8.30e-06	2.76e-07	0.00e+00	0.00e+00	0.00e+00	0.00e+00
 2.97839e+23	9.90e-01	9.71e-03	8.15e-06	2.66e-07	0.00e+00	0.00e+00	0.00e+00	0.00e+00
 2.98507e+23	9.91e-01	9.45e-03	7.99e-06	2.57e-07	0.00e+00	0.00e+00	0.00e+00	0.00e+00
 2.99180e+23	9.91e-01	9.19e-03	7.84e-06	2.48e-07	0.00e+00	0.00e+00	0.00e+00	0.00e+00
 2.99858e+23	9.91e-01	8.94e-03	7.68e-06	2.39e-07	0.00e+00	0.00e+00	0.00e+00	0.00e+00
 3.00541e+23	9.91e-01	8.70e-03	7.53e-06	2.30e-07	0.00e+00	0.00e+00	0.00e+00	0.00e+00
 3.01228e+23	9.92e-01	8.46e-03	7.38e-06	2.22e-07	0.00e+00	0.00e+00	0.00e+00	0.00e+00
 3.01922e+23	9.92e-01	8.23e-03	7.23e-06	2.14e-07	0.00e+00	0.00e+00	0.00e+00	0.00e+00
 3.02621e+23	9.92e-01	8.00e-03	7.08e-06	2.06e-07	0.00e+00	0.00e+00	0.00e+00	0.00e+00
 3.03324e+23	9.92e-01	7.78e-03	6.94e-06	1.98e-07	0.00e+00	0.00e+00	0.00e+00	0.00e+00
 3.04032e+23	9.92e-01	7.56e-03	6.79e-06	1.91e-07	0.00e+00	0.00e+00	0.00e+00	0.00e+00
 3.04746e+23	9.93e-01	7.35e-03	6.65e-06	1.84e-07	0.00e+00	0.00e+00	0.00e+00	0.00e+00
 3.05472e+23	9.93e-01	7.14e-03	6.50e-06	1.76e-07	0.00e+00	0.00e+00	0.00e+00	0.00e+00
 3.06214e+23	9.93e-01	6.93e-03	6.36e-06	1.69e-07	0.00e+00	0.00e+00	0.00e+00	0.00e+00
 3.06966e+23	9.93e-01	6.73e-03	6.22e-06	1.62e-07	0.00e+00	0.00e+00	0.00e+00	0.00e+00
 3.07726e+23	9.93e-01	6.54e-03	6.07e-06	1.56e-07	0.00e+00	0.00e+00	0.00e+00	0.00e+00
 3.08338e+23	9.93e-01	6.52e-03	5.98e-06	1.54e-07	0.00e+00	0.00e+00	0.00e+00	0.00e+00
