#depth	O	O+	O+2	O+3	O+4	O+5	O+6	O+7	O+8	O[1]	O[2]	O[3]
 1.54284e+22	7.89e-13	1.53e-08	1.45e-05	1.22e-03	1.63e-02	4.98e-02	5.38e-01	3.43e-01	5.21e-02	7.89e-13	1.59e-21	1.99e-21
 3.44651e+22	1.51e-12	3.08e-08	3.20e-05	2.72e-03	3.13e-02	8.24e-02	5.98e-01	2.59e-01	2.68e-02	1.51e-12	3.01e-21	3.76e-21
 3.98776e+22	2.04e-12	4.30e-08	4.62e-05	3.91e-03	4.10e-02	1.01e-01	6.13e-01	2.21e-01	1.92e-02	2.04e-12	4.10e-21	5.11e-21
 4.25839e+22	2.37e-12	5.10e-08	5.56e-05	4.67e-03	4.65e-02	1.11e-01	6.17e-01	2.04e-01	1.62e-02	2.37e-12	4.78e-21	5.96e-21
 4.39453e+22	2.57e-12	5.58e-08	6.11e-05	5.11e-03	4.95e-02	1.17e-01	6.18e-01	1.95e-01	1.48e-02	2.57e-12	5.19e-21	6.46e-21
 4.50017e+22	2.85e-12	6.25e-08	6.90e-05	5.72e-03	5.36e-02	1.24e-01	6.19e-01	1.85e-01	1.32e-02	2.85e-12	5.75e-21	7.17e-21
 4.60328e+22	3.07e-12	6.81e-08	7.55e-05	6.21e-03	5.66e-02	1.29e-01	6.19e-01	1.77e-01	1.22e-02	3.07e-12	6.22e-21	7.75e-21
 4.70310e+22	3.37e-12	7.58e-08	8.46e-05	6.90e-03	6.08e-02	1.36e-01	6.18e-01	1.68e-01	1.09e-02	3.37e-12	6.84e-21	8.52e-21
 4.80111e+22	3.67e-12	8.30e-08	9.25e-05	7.46e-03	6.40e-02	1.41e-01	6.16e-01	1.61e-01	1.01e-02	3.67e-12	7.46e-21	9.29e-21
 4.89675e+22	4.02e-12	9.22e-08	1.03e-04	8.23e-03	6.83e-02	1.48e-01	6.14e-01	1.52e-01	9.10e-03	4.02e-12	8.19e-21	1.02e-20
 4.99339e+22	4.40e-12	1.01e-07	1.13e-04	8.90e-03	7.19e-02	1.53e-01	6.12e-01	1.46e-01	8.39e-03	4.40e-12	8.98e-21	1.12e-20
 5.09133e+22	4.87e-12	1.14e-07	1.27e-04	9.84e-03	7.66e-02	1.60e-01	6.08e-01	1.38e-01	7.52e-03	4.87e-12	9.96e-21	1.24e-20
 5.19071e+22	5.36e-12	1.26e-07	1.40e-04	1.07e-02	8.06e-02	1.66e-01	6.04e-01	1.32e-01	6.91e-03	5.36e-12	1.10e-20	1.37e-20
 5.29197e+22	5.98e-12	1.42e-07	1.57e-04	1.18e-02	8.58e-02	1.73e-01	5.99e-01	1.24e-01	6.17e-03	5.98e-12	1.23e-20	1.53e-20
 5.39472e+22	6.67e-12	1.58e-07	1.74e-04	1.28e-02	9.03e-02	1.79e-01	5.94e-01	1.18e-01	5.65e-03	6.67e-12	1.37e-20	1.71e-20
 5.49942e+22	7.48e-12	1.80e-07	1.97e-04	1.42e-02	9.61e-02	1.86e-01	5.88e-01	1.10e-01	5.01e-03	7.48e-12	1.54e-20	1.92e-20
 5.60561e+22	8.38e-12	2.02e-07	2.19e-04	1.54e-02	1.01e-01	1.92e-01	5.82e-01	1.05e-01	4.57e-03	8.38e-12	1.74e-20	2.16e-20
 5.71373e+22	9.55e-12	2.32e-07	2.50e-04	1.71e-02	1.07e-01	2.00e-01	5.73e-01	9.78e-02	4.03e-03	9.55e-12	1.99e-20	2.46e-20
 5.82491e+22	1.08e-11	2.63e-07	2.79e-04	1.87e-02	1.13e-01	2.06e-01	5.66e-01	9.23e-02	3.64e-03	1.08e-11	2.25e-20	2.79e-20
 5.94006e+22	1.26e-11	3.07e-07	3.21e-04	2.08e-02	1.20e-01	2.14e-01	5.55e-01	8.55e-02	3.19e-03	1.26e-11	2.63e-20	3.26e-20
 6.05806e+22	1.44e-11	3.51e-07	3.61e-04	2.28e-02	1.27e-01	2.21e-01	5.46e-01	8.03e-02	2.86e-03	1.44e-11	3.02e-20	3.74e-20
 6.17977e+22	1.70e-11	4.17e-07	4.20e-04	2.55e-02	1.35e-01	2.29e-01	5.34e-01	7.39e-02	2.47e-03	1.70e-11	3.59e-20	4.44e-20
 6.30256e+22	1.97e-11	4.81e-07	4.73e-04	2.78e-02	1.42e-01	2.35e-01	5.23e-01	6.92e-02	2.21e-03	1.97e-11	4.17e-20	5.16e-20
 6.42677e+22	2.35e-11	5.74e-07	5.52e-04	3.12e-02	1.51e-01	2.43e-01	5.09e-01	6.32e-02	1.90e-03	2.35e-11	5.00e-20	6.19e-20
 6.55235e+22	2.75e-11	6.66e-07	6.24e-04	3.41e-02	1.59e-01	2.49e-01	4.98e-01	5.90e-02	1.69e-03	2.75e-11	5.88e-20	7.27e-20
 6.67970e+22	3.33e-11	8.03e-07	7.30e-04	3.81e-02	1.68e-01	2.56e-01	4.82e-01	5.36e-02	1.45e-03	3.33e-11	7.15e-20	8.84e-20
 6.80938e+22	3.94e-11	9.38e-07	8.30e-04	4.17e-02	1.76e-01	2.61e-01	4.69e-01	4.97e-02	1.28e-03	3.94e-11	8.51e-20	1.05e-19
 6.92427e+22	4.62e-11	1.09e-06	9.40e-04	4.55e-02	1.85e-01	2.66e-01	4.56e-01	4.60e-02	1.13e-03	4.62e-11	1.00e-19	1.24e-19
 7.05579e+22	5.72e-11	1.33e-06	1.10e-03	5.08e-02	1.95e-01	2.72e-01	4.38e-01	4.15e-02	9.56e-04	5.72e-11	1.25e-19	1.54e-19
 7.18976e+22	6.80e-11	1.57e-06	1.26e-03	5.55e-02	2.04e-01	2.77e-01	4.24e-01	3.81e-02	8.34e-04	6.80e-11	1.50e-19	1.84e-19
 7.29831e+22	7.94e-11	1.80e-06	1.40e-03	5.98e-02	2.12e-01	2.80e-01	4.11e-01	3.54e-02	7.42e-04	7.94e-11	1.75e-19	2.16e-19
 7.41082e+22	9.57e-11	2.13e-06	1.60e-03	6.52e-02	2.21e-01	2.83e-01	3.96e-01	3.25e-02	6.47e-04	9.57e-11	2.13e-19	2.62e-19
 7.52916e+22	1.13e-10	2.47e-06	1.80e-03	7.04e-02	2.29e-01	2.86e-01	3.83e-01	2.99e-02	5.70e-04	1.13e-10	2.53e-19	3.11e-19
 7.63777e+22	1.33e-10	2.86e-06	2.01e-03	7.59e-02	2.37e-01	2.88e-01	3.69e-01	2.76e-02	5.02e-04	1.33e-10	3.00e-19	3.69e-19
 7.76165e+22	1.65e-10	3.44e-06	2.32e-03	8.32e-02	2.47e-01	2.90e-01	3.52e-01	2.49e-02	4.28e-04	1.65e-10	3.74e-19	4.60e-19
 7.88896e+22	1.98e-10	4.04e-06	2.63e-03	9.00e-02	2.56e-01	2.91e-01	3.37e-01	2.26e-02	3.70e-04	1.98e-10	4.52e-19	5.56e-19
 8.00090e+22	2.36e-10	4.68e-06	2.94e-03	9.67e-02	2.64e-01	2.92e-01	3.24e-01	2.08e-02	3.25e-04	2.36e-10	5.42e-19	6.66e-19
 8.12662e+22	2.94e-10	5.64e-06	3.38e-03	1.06e-01	2.74e-01	2.92e-01	3.07e-01	1.86e-02	2.75e-04	2.94e-10	6.82e-19	8.36e-19
 8.25798e+22	3.58e-10	6.67e-06	3.83e-03	1.14e-01	2.82e-01	2.91e-01	2.91e-01	1.67e-02	2.35e-04	3.58e-10	8.36e-19	1.03e-18
 8.37641e+22	4.31e-10	7.79e-06	4.30e-03	1.22e-01	2.90e-01	2.90e-01	2.78e-01	1.52e-02	2.03e-04	4.31e-10	1.02e-18	1.25e-18
 8.51014e+22	5.48e-10	9.46e-06	4.96e-03	1.34e-01	3.00e-01	2.88e-01	2.60e-01	1.34e-02	1.69e-04	5.48e-10	1.30e-18	1.60e-18
 8.64837e+22	6.75e-10	1.12e-05	5.63e-03	1.44e-01	3.08e-01	2.86e-01	2.45e-01	1.19e-02	1.43e-04	6.75e-10	1.62e-18	1.99e-18
 8.77163e+22	8.23e-10	1.32e-05	6.32e-03	1.54e-01	3.15e-01	2.82e-01	2.31e-01	1.07e-02	1.22e-04	8.23e-10	2.00e-18	2.44e-18
 8.91104e+22	1.06e-09	1.61e-05	7.30e-03	1.67e-01	3.23e-01	2.78e-01	2.15e-01	9.35e-03	9.97e-05	1.06e-09	2.60e-18	3.18e-18
 9.05620e+22	1.32e-09	1.92e-05	8.28e-03	1.80e-01	3.30e-01	2.73e-01	2.00e-01	8.22e-03	8.29e-05	1.32e-09	3.29e-18	4.02e-18
 9.18710e+22	1.63e-09	2.27e-05	9.32e-03	1.92e-01	3.36e-01	2.68e-01	1.87e-01	7.28e-03	6.96e-05	1.63e-09	4.11e-18	5.01e-18
 9.33555e+22	2.15e-09	2.80e-05	1.08e-02	2.09e-01	3.43e-01	2.61e-01	1.71e-01	6.21e-03	5.54e-05	2.15e-09	5.48e-18	6.68e-18
 9.48775e+22	2.70e-09	3.34e-05	1.22e-02	2.23e-01	3.48e-01	2.54e-01	1.58e-01	5.41e-03	4.56e-05	2.70e-09	6.98e-18	8.50e-18
 9.62405e+22	3.37e-09	3.96e-05	1.37e-02	2.37e-01	3.52e-01	2.47e-01	1.46e-01	4.72e-03	3.77e-05	3.37e-09	8.85e-18	1.08e-17
 9.78045e+22	4.49e-09	4.92e-05	1.59e-02	2.56e-01	3.56e-01	2.37e-01	1.31e-01	3.94e-03	2.92e-05	4.49e-09	1.20e-17	1.46e-17
 9.93850e+22	5.67e-09	5.85e-05	1.79e-02	2.72e-01	3.58e-01	2.29e-01	1.20e-01	3.40e-03	2.37e-05	5.67e-09	1.54e-17	1.87e-17
 1.00987e+23	7.57e-09	7.24e-05	2.07e-02	2.92e-01	3.60e-01	2.18e-01	1.07e-01	2.81e-03	1.83e-05	7.57e-09	2.11e-17	2.56e-17
 1.02615e+23	9.62e-09	8.64e-05	2.33e-02	3.09e-01	3.60e-01	2.09e-01	9.70e-02	2.40e-03	1.46e-05	9.62e-09	2.73e-17	3.31e-17
 1.04061e+23	1.22e-08	1.02e-04	2.60e-02	3.25e-01	3.60e-01	1.99e-01	8.79e-02	2.04e-03	1.17e-05	1.22e-08	3.52e-17	4.27e-17
 1.05724e+23	1.65e-08	1.27e-04	3.00e-02	3.47e-01	3.58e-01	1.87e-01	7.70e-02	1.65e-03	8.78e-06	1.65e-08	4.91e-17	5.94e-17
 1.07408e+23	2.09e-08	1.51e-04	3.35e-02	3.64e-01	3.55e-01	1.77e-01	6.91e-02	1.39e-03	6.95e-06	2.09e-08	6.39e-17	7.73e-17
 1.09119e+23	2.84e-08	1.88e-04	3.85e-02	3.86e-01	3.50e-01	1.65e-01	5.98e-02	1.11e-03	5.11e-06	2.84e-08	8.99e-17	1.09e-16
 1.10853e+23	3.62e-08	2.23e-04	4.29e-02	4.03e-01	3.45e-01	1.55e-01	5.32e-02	9.23e-04	3.99e-06	3.62e-08	1.18e-16	1.42e-16
 1.12616e+23	4.95e-08	2.78e-04	4.91e-02	4.25e-01	3.38e-01	1.42e-01	4.55e-02	7.25e-04	2.88e-06	4.95e-08	1.67e-16	2.02e-16
 1.14343e+23	6.22e-08	3.26e-04	5.42e-02	4.40e-01	3.31e-01	1.33e-01	4.04e-02	6.05e-04	2.26e-06	6.22e-08	2.16e-16	2.61e-16
 1.16022e+23	8.35e-08	3.99e-04	6.13e-02	4.59e-01	3.22e-01	1.22e-01	3.46e-02	4.76e-04	1.64e-06	8.35e-08	3.02e-16	3.65e-16
 1.17648e+23	1.03e-07	4.59e-04	6.67e-02	4.72e-01	3.15e-01	1.14e-01	3.09e-02	4.02e-04	1.31e-06	1.03e-07	3.81e-16	4.60e-16
 1.19205e+23	1.34e-07	5.50e-04	7.43e-02	4.88e-01	3.05e-01	1.05e-01	2.66e-02	3.20e-04	9.70e-07	1.34e-07	5.15e-16	6.22e-16
 1.20783e+23	1.65e-07	6.35e-04	8.09e-02	5.01e-01	2.97e-01	9.71e-02	2.36e-02	2.67e-04	7.60e-07	1.65e-07	6.54e-16	7.89e-16
 1.22388e+23	2.16e-07	7.60e-04	8.98e-02	5.15e-01	2.86e-01	8.82e-02	2.01e-02	2.11e-04	5.57e-07	2.16e-07	8.85e-16	1.07e-15
 1.24012e+23	2.67e-07	8.78e-04	9.76e-02	5.26e-01	2.76e-01	8.14e-02	1.77e-02	1.73e-04	4.30e-07	2.67e-07	1.13e-15	1.36e-15
 1.25658e+23	3.49e-07	1.05e-03	1.08e-01	5.38e-01	2.64e-01	7.33e-02	1.49e-02	1.35e-04	3.11e-07	3.49e-07	1.53e-15	1.84e-15
 1.27322e+23	4.32e-07	1.21e-03	1.17e-01	5.47e-01	2.54e-01	6.72e-02	1.30e-02	1.10e-04	2.37e-07	4.32e-07	1.94e-15	2.34e-15
 1.28787e+23	5.33e-07	1.39e-03	1.26e-01	5.55e-01	2.44e-01	6.15e-02	1.13e-02	9.01e-05	1.82e-07	5.33e-07	2.46e-15	2.96e-15
 1.30472e+23	6.94e-07	1.66e-03	1.39e-01	5.63e-01	2.31e-01	5.48e-02	9.49e-03	6.93e-05	1.29e-07	6.94e-07	3.32e-15	3.99e-15
 1.32183e+23	8.62e-07	1.91e-03	1.50e-01	5.69e-01	2.21e-01	4.97e-02	8.17e-03	5.56e-05	0.00e+00	8.62e-07	4.24e-15	5.09e-15
 1.33557e+23	1.03e-06	2.14e-03	1.60e-01	5.73e-01	2.12e-01	4.57e-02	7.21e-03	4.64e-05	0.00e+00	1.03e-06	5.16e-15	6.19e-15
 1.34971e+23	1.27e-06	2.46e-03	1.72e-01	5.76e-01	2.02e-01	4.13e-02	6.20e-03	3.72e-05	0.00e+00	1.27e-06	6.55e-15	7.85e-15
 1.36429e+23	1.51e-06	2.76e-03	1.83e-01	5.78e-01	1.93e-01	3.78e-02	5.44e-03	3.07e-05	0.00e+00	1.51e-06	8.01e-15	9.59e-15
 1.37735e+23	1.80e-06	3.08e-03	1.94e-01	5.79e-01	1.84e-01	3.46e-02	4.77e-03	2.55e-05	0.00e+00	1.80e-06	9.74e-15	1.17e-14
 1.39226e+23	2.23e-06	3.55e-03	2.08e-01	5.80e-01	1.74e-01	3.09e-02	4.04e-03	2.00e-05	0.00e+00	2.23e-06	1.25e-14	1.49e-14
 1.40729e+23	2.66e-06	3.97e-03	2.21e-01	5.79e-01	1.65e-01	2.81e-02	3.52e-03	1.64e-05	0.00e+00	2.66e-06	1.52e-14	1.82e-14
 1.42042e+23	3.15e-06	4.43e-03	2.33e-01	5.77e-01	1.57e-01	2.55e-02	3.07e-03	1.34e-05	0.00e+00	3.15e-06	1.85e-14	2.21e-14
 1.43544e+23	3.88e-06	5.07e-03	2.50e-01	5.73e-01	1.47e-01	2.26e-02	2.58e-03	1.05e-05	0.00e+00	3.88e-06	2.36e-14	2.82e-14
 1.45072e+23	4.61e-06	5.65e-03	2.64e-01	5.69e-01	1.38e-01	2.04e-02	2.23e-03	8.49e-06	0.00e+00	4.61e-06	2.88e-14	3.43e-14
 1.46430e+23	5.48e-06	6.31e-03	2.78e-01	5.65e-01	1.31e-01	1.84e-02	1.93e-03	6.89e-06	0.00e+00	5.48e-06	3.51e-14	4.18e-14
 1.47990e+23	6.79e-06	7.24e-03	2.96e-01	5.57e-01	1.21e-01	1.62e-02	1.60e-03	5.29e-06	0.00e+00	6.79e-06	4.51e-14	5.37e-14
 1.49564e+23	8.08e-06	8.08e-03	3.12e-01	5.50e-01	1.14e-01	1.45e-02	1.37e-03	4.24e-06	0.00e+00	8.08e-06	5.52e-14	6.56e-14
 1.50946e+23	9.57e-06	9.00e-03	3.28e-01	5.43e-01	1.07e-01	1.29e-02	1.18e-03	3.40e-06	0.00e+00	9.57e-06	6.72e-14	8.00e-14
 1.52187e+23	1.09e-05	9.78e-03	3.40e-01	5.36e-01	1.01e-01	1.19e-02	1.04e-03	2.86e-06	0.00e+00	1.09e-05	7.84e-14	9.32e-14
 1.53453e+23	1.29e-05	1.09e-02	3.57e-01	5.26e-01	9.46e-02	1.06e-02	8.90e-04	2.28e-06	0.00e+00	1.29e-05	9.60e-14	1.14e-13
 1.55099e+23	1.61e-05	1.25e-02	3.78e-01	5.13e-01	8.64e-02	9.07e-03	7.24e-04	1.70e-06	0.00e+00	1.61e-05	1.24e-13	1.48e-13
 1.56756e+23	1.91e-05	1.39e-02	3.96e-01	5.01e-01	8.01e-02	8.01e-03	6.11e-04	1.34e-06	0.00e+00	1.91e-05	1.52e-13	1.80e-13
 1.58427e+23	2.36e-05	1.59e-02	4.18e-01	4.86e-01	7.27e-02	6.83e-03	4.93e-04	9.89e-07	0.00e+00	2.36e-05	1.97e-13	2.33e-13
 1.60132e+23	2.81e-05	1.78e-02	4.38e-01	4.72e-01	6.68e-02	5.96e-03	4.11e-04	7.64e-07	0.00e+00	2.81e-05	2.43e-13	2.87e-13
 1.61881e+23	3.50e-05	2.04e-02	4.61e-01	4.53e-01	6.00e-02	5.02e-03	3.27e-04	5.52e-07	0.00e+00	3.50e-05	3.16e-13	3.74e-13
 1.63664e+23	4.18e-05	2.27e-02	4.81e-01	4.37e-01	5.46e-02	4.33e-03	2.69e-04	4.19e-07	0.00e+00	4.18e-05	3.92e-13	4.63e-13
 1.65491e+23	5.21e-05	2.61e-02	5.06e-01	4.16e-01	4.85e-02	3.59e-03	2.10e-04	2.97e-07	0.00e+00	5.21e-05	5.14e-13	6.06e-13
 1.67343e+23	6.21e-05	2.90e-02	5.26e-01	3.98e-01	4.37e-02	3.07e-03	1.71e-04	2.22e-07	0.00e+00	6.21e-05	6.38e-13	7.51e-13
 1.68743e+23	7.01e-05	3.12e-02	5.40e-01	3.85e-01	4.05e-02	2.74e-03	1.47e-04	1.80e-07	0.00e+00	7.01e-05	7.42e-13	8.71e-13
 1.70079e+23	8.20e-05	3.44e-02	5.57e-01	3.69e-01	3.69e-02	2.37e-03	1.22e-04	1.39e-07	0.00e+00	8.20e-05	9.03e-13	1.06e-12
 1.71443e+23	9.25e-05	3.70e-02	5.71e-01	3.56e-01	3.41e-02	2.10e-03	1.04e-04	0.00e+00	0.00e+00	9.25e-05	1.05e-12	1.23e-12
 1.72842e+23	1.09e-04	4.09e-02	5.88e-01	3.38e-01	3.07e-02	1.80e-03	8.56e-05	0.00e+00	0.00e+00	1.09e-04	1.29e-12	1.50e-12
 1.74258e+23	1.23e-04	4.39e-02	6.02e-01	3.24e-01	2.82e-02	1.59e-03	7.26e-05	0.00e+00	0.00e+00	1.23e-04	1.50e-12	1.75e-12
 1.75696e+23	1.44e-04	4.84e-02	6.18e-01	3.07e-01	2.53e-02	1.35e-03	5.89e-05	0.00e+00	0.00e+00	1.44e-04	1.84e-12	2.14e-12
 1.77154e+23	1.63e-04	5.21e-02	6.31e-01	2.92e-01	2.30e-02	1.18e-03	4.95e-05	0.00e+00	0.00e+00	1.63e-04	2.16e-12	2.50e-12
 1.78639e+23	1.91e-04	5.74e-02	6.47e-01	2.74e-01	2.04e-02	9.89e-04	3.97e-05	0.00e+00	0.00e+00	1.91e-04	2.65e-12	3.06e-12
 1.80144e+23	2.16e-04	6.16e-02	6.59e-01	2.60e-01	1.85e-02	8.56e-04	3.31e-05	0.00e+00	0.00e+00	2.16e-04	3.12e-12	3.58e-12
 1.81677e+23	2.53e-04	6.77e-02	6.73e-01	2.42e-01	1.63e-02	7.14e-04	2.63e-05	0.00e+00	0.00e+00	2.53e-04	3.84e-12	4.38e-12
 1.83250e+23	2.87e-04	7.30e-02	6.84e-01	2.27e-01	1.46e-02	6.08e-04	2.15e-05	0.00e+00	0.00e+00	2.87e-04	4.55e-12	5.17e-12
 1.84873e+23	3.38e-04	8.04e-02	6.97e-01	2.10e-01	1.27e-02	4.99e-04	1.68e-05	0.00e+00	0.00e+00	3.38e-04	5.66e-12	6.39e-12
 1.86523e+23	3.85e-04	8.66e-02	7.06e-01	1.95e-01	1.12e-02	4.20e-04	1.35e-05	0.00e+00	0.00e+00	3.85e-04	6.74e-12	7.57e-12
 1.88210e+23	4.56e-04	9.57e-02	7.16e-01	1.77e-01	9.61e-03	3.38e-04	1.03e-05	0.00e+00	0.00e+00	4.56e-04	8.48e-12	9.44e-12
 1.89914e+23	5.17e-04	1.03e-01	7.24e-01	1.64e-01	8.45e-03	2.82e-04	8.28e-06	0.00e+00	0.00e+00	5.17e-04	1.01e-11	1.11e-11
 1.91642e+23	6.11e-04	1.13e-01	7.31e-01	1.48e-01	7.19e-03	2.25e-04	6.27e-06	0.00e+00	0.00e+00	6.11e-04	1.27e-11	1.39e-11
 1.93404e+23	6.96e-04	1.22e-01	7.36e-01	1.35e-01	6.24e-03	1.85e-04	4.93e-06	0.00e+00	0.00e+00	6.96e-04	1.52e-11	1.65e-11
 1.95209e+23	8.30e-04	1.35e-01	7.39e-01	1.19e-01	5.22e-03	1.44e-04	3.64e-06	0.00e+00	0.00e+00	8.30e-04	1.93e-11	2.07e-11
 1.97009e+23	9.41e-04	1.45e-01	7.41e-01	1.08e-01	4.51e-03	1.18e-04	2.86e-06	0.00e+00	0.00e+00	9.41e-04	2.30e-11	2.44e-11
 1.98801e+23	1.12e-03	1.60e-01	7.40e-01	9.49e-02	3.75e-03	9.06e-05	2.09e-06	0.00e+00	0.00e+00	1.12e-03	2.93e-11	3.07e-11
 2.00604e+23	1.27e-03	1.73e-01	7.38e-01	8.50e-02	3.21e-03	7.32e-05	1.63e-06	0.00e+00	0.00e+00	1.27e-03	3.50e-11	3.64e-11
 2.02420e+23	1.53e-03	1.91e-01	7.31e-01	7.33e-02	2.64e-03	5.54e-05	1.18e-06	0.00e+00	0.00e+00	1.53e-03	4.49e-11	4.59e-11
 2.04243e+23	1.74e-03	2.06e-01	7.25e-01	6.48e-02	2.25e-03	4.41e-05	9.03e-07	0.00e+00	0.00e+00	1.74e-03	5.40e-11	5.47e-11
 2.06075e+23	2.10e-03	2.29e-01	7.13e-01	5.48e-02	1.83e-03	3.27e-05	6.42e-07	0.00e+00	0.00e+00	2.10e-03	6.98e-11	6.96e-11
 2.07907e+23	2.41e-03	2.47e-01	7.01e-01	4.77e-02	1.54e-03	2.56e-05	4.88e-07	0.00e+00	0.00e+00	2.41e-03	8.45e-11	8.33e-11
 2.09742e+23	2.92e-03	2.75e-01	6.81e-01	3.95e-02	1.24e-03	1.85e-05	3.42e-07	0.00e+00	0.00e+00	2.92e-03	1.10e-10	1.07e-10
 2.11577e+23	3.38e-03	2.98e-01	6.64e-01	3.37e-02	1.04e-03	1.42e-05	2.57e-07	0.00e+00	0.00e+00	3.38e-03	1.34e-10	1.29e-10
 2.13414e+23	4.14e-03	3.32e-01	6.36e-01	2.71e-02	8.27e-04	9.93e-06	1.76e-07	0.00e+00	0.00e+00	4.14e-03	1.76e-10	1.67e-10
 2.15249e+23	4.84e-03	3.60e-01	6.12e-01	2.26e-02	6.87e-04	7.42e-06	1.30e-07	0.00e+00	0.00e+00	4.84e-03	2.16e-10	2.03e-10
 2.17082e+23	5.95e-03	4.01e-01	5.75e-01	1.76e-02	5.43e-04	5.03e-06	0.00e+00	0.00e+00	0.00e+00	5.95e-03	2.84e-10	2.63e-10
 2.18935e+23	7.06e-03	4.36e-01	5.42e-01	1.41e-02	4.43e-04	3.58e-06	0.00e+00	0.00e+00	0.00e+00	7.06e-03	3.55e-10	3.26e-10
 2.20811e+23	8.81e-03	4.84e-01	4.97e-01	1.05e-02	3.44e-04	2.29e-06	0.00e+00	0.00e+00	0.00e+00	8.81e-03	4.73e-10	4.29e-10
 2.22712e+23	1.06e-02	5.26e-01	4.55e-01	7.97e-03	2.74e-04	1.53e-06	0.00e+00	0.00e+00	0.00e+00	1.06e-02	6.01e-10	5.41e-10
 2.24354e+23	1.28e-02	5.68e-01	4.13e-01	6.02e-03	2.20e-04	1.02e-06	0.00e+00	0.00e+00	0.00e+00	1.28e-02	7.59e-10	6.79e-10
 2.25768e+23	1.49e-02	6.02e-01	3.78e-01	4.74e-03	1.84e-04	7.23e-07	0.00e+00	0.00e+00	0.00e+00	1.49e-02	9.13e-10	8.13e-10
 2.27175e+23	1.79e-02	6.42e-01	3.36e-01	3.51e-03	1.47e-04	4.71e-07	0.00e+00	0.00e+00	0.00e+00	1.79e-02	1.15e-09	1.01e-09
 2.28655e+23	2.14e-02	6.80e-01	2.96e-01	2.57e-03	1.18e-04	3.06e-07	0.00e+00	0.00e+00	0.00e+00	2.14e-02	1.42e-09	1.25e-09
 2.29993e+23	2.55e-02	7.14e-01	2.58e-01	1.88e-03	9.46e-05	1.98e-07	0.00e+00	0.00e+00	0.00e+00	2.55e-02	1.76e-09	1.54e-09
 2.31494e+23	3.18e-02	7.54e-01	2.13e-01	1.24e-03	7.05e-05	0.00e+00	0.00e+00	0.00e+00	0.00e+00	3.18e-02	2.30e-09	2.01e-09
 2.33030e+23	3.97e-02	7.87e-01	1.73e-01	8.08e-04	5.24e-05	0.00e+00	0.00e+00	0.00e+00	0.00e+00	3.97e-02	2.98e-09	2.60e-09
 2.34272e+23	4.83e-02	8.10e-01	1.41e-01	5.48e-04	3.98e-05	0.00e+00	0.00e+00	0.00e+00	0.00e+00	4.83e-02	3.74e-09	3.25e-09
 2.35333e+23	5.79e-02	8.26e-01	1.16e-01	3.80e-04	3.06e-05	0.00e+00	0.00e+00	0.00e+00	0.00e+00	5.79e-02	4.60e-09	3.99e-09
 2.36308e+23	6.95e-02	8.37e-01	9.34e-02	2.63e-04	2.32e-05	0.00e+00	0.00e+00	0.00e+00	0.00e+00	6.95e-02	5.66e-09	4.90e-09
 2.37239e+23	8.36e-02	8.42e-01	7.41e-02	1.80e-04	1.72e-05	0.00e+00	0.00e+00	0.00e+00	0.00e+00	8.36e-02	6.96e-09	6.01e-09
 2.38151e+23	1.02e-01	8.41e-01	5.71e-02	1.21e-04	1.24e-05	0.00e+00	0.00e+00	0.00e+00	0.00e+00	1.02e-01	8.63e-09	7.44e-09
 2.38987e+23	1.23e-01	8.33e-01	4.37e-02	8.27e-05	8.86e-06	0.00e+00	0.00e+00	0.00e+00	0.00e+00	1.23e-01	1.06e-08	9.10e-09
 2.39710e+23	1.47e-01	8.19e-01	3.37e-02	5.84e-05	6.38e-06	0.00e+00	0.00e+00	0.00e+00	0.00e+00	1.47e-01	1.27e-08	1.09e-08
 2.40350e+23	1.74e-01	8.00e-01	2.60e-02	4.23e-05	4.59e-06	0.00e+00	0.00e+00	0.00e+00	0.00e+00	1.74e-01	1.50e-08	1.29e-08
 2.40929e+23	2.03e-01	7.76e-01	2.01e-02	3.14e-05	3.32e-06	0.00e+00	0.00e+00	0.00e+00	0.00e+00	2.03e-01	1.74e-08	1.50e-08
 2.41460e+23	2.35e-01	7.49e-01	1.56e-02	2.38e-05	2.40e-06	0.00e+00	0.00e+00	0.00e+00	0.00e+00	2.35e-01	2.00e-08	1.71e-08
 2.41956e+23	2.70e-01	7.18e-01	1.21e-02	1.83e-05	1.73e-06	0.00e+00	0.00e+00	0.00e+00	0.00e+00	2.70e-01	2.26e-08	1.93e-08
 2.42420e+23	3.07e-01	6.83e-01	9.37e-03	1.42e-05	1.25e-06	0.00e+00	0.00e+00	0.00e+00	0.00e+00	3.07e-01	2.52e-08	2.15e-08
 2.42851e+23	3.46e-01	6.47e-01	7.29e-03	1.12e-05	9.05e-07	0.00e+00	0.00e+00	0.00e+00	0.00e+00	3.46e-01	2.76e-08	2.35e-08
 2.43239e+23	3.84e-01	6.11e-01	5.76e-03	9.09e-06	6.70e-07	0.00e+00	0.00e+00	0.00e+00	0.00e+00	3.84e-01	2.97e-08	2.53e-08
 2.43570e+23	4.17e-01	5.78e-01	4.68e-03	7.60e-06	5.15e-07	0.00e+00	0.00e+00	0.00e+00	0.00e+00	4.17e-01	3.13e-08	2.67e-08
 2.43813e+23	4.42e-01	5.54e-01	4.03e-03	6.70e-06	4.26e-07	0.00e+00	0.00e+00	0.00e+00	0.00e+00	4.42e-01	3.24e-08	2.76e-08
 2.43985e+23	4.61e-01	5.36e-01	3.61e-03	6.11e-06	3.71e-07	0.00e+00	0.00e+00	0.00e+00	0.00e+00	4.61e-01	3.31e-08	2.82e-08
 2.44160e+23	4.80e-01	5.17e-01	3.21e-03	5.56e-06	3.20e-07	0.00e+00	0.00e+00	0.00e+00	0.00e+00	4.80e-01	3.38e-08	2.87e-08
 2.44365e+23	5.02e-01	4.96e-01	2.81e-03	4.99e-06	2.70e-07	0.00e+00	0.00e+00	0.00e+00	0.00e+00	5.02e-01	3.45e-08	2.93e-08
 2.44591e+23	5.25e-01	4.72e-01	2.42e-03	4.43e-06	2.24e-07	0.00e+00	0.00e+00	0.00e+00	0.00e+00	5.25e-01	3.51e-08	2.99e-08
 2.44825e+23	5.50e-01	4.48e-01	2.07e-03	3.94e-06	1.85e-07	0.00e+00	0.00e+00	0.00e+00	0.00e+00	5.50e-01	3.57e-08	3.03e-08
 2.45051e+23	5.72e-01	4.26e-01	1.79e-03	3.53e-06	1.54e-07	0.00e+00	0.00e+00	0.00e+00	0.00e+00	5.72e-01	3.60e-08	3.06e-08
 2.45264e+23	5.92e-01	4.06e-01	1.56e-03	3.19e-06	1.31e-07	0.00e+00	0.00e+00	0.00e+00	0.00e+00	5.92e-01	3.63e-08	3.08e-08
 2.45432e+23	6.08e-01	3.91e-01	1.40e-03	2.96e-06	0.00e+00	0.00e+00	0.00e+00	0.00e+00	0.00e+00	6.08e-01	3.64e-08	3.08e-08
 2.45550e+23	6.18e-01	3.81e-01	1.30e-03	2.81e-06	0.00e+00	0.00e+00	0.00e+00	0.00e+00	0.00e+00	6.18e-01	3.64e-08	3.09e-08
 2.45664e+23	6.28e-01	3.70e-01	1.21e-03	2.67e-06	0.00e+00	0.00e+00	0.00e+00	0.00e+00	0.00e+00	6.28e-01	3.65e-08	3.09e-08
 2.45799e+23	6.40e-01	3.59e-01	1.11e-03	2.51e-06	0.00e+00	0.00e+00	0.00e+00	0.00e+00	0.00e+00	6.40e-01	3.65e-08	3.09e-08
 2.45949e+23	6.52e-01	3.47e-01	1.01e-03	2.36e-06	0.00e+00	0.00e+00	0.00e+00	0.00e+00	0.00e+00	6.52e-01	3.65e-08	3.09e-08
 2.46101e+23	6.64e-01	3.35e-01	9.23e-04	2.21e-06	0.00e+00	0.00e+00	0.00e+00	0.00e+00	0.00e+00	6.64e-01	3.64e-08	3.08e-08
 2.46246e+23	6.75e-01	3.24e-01	8.45e-04	2.09e-06	0.00e+00	0.00e+00	0.00e+00	0.00e+00	0.00e+00	6.75e-01	3.63e-08	3.07e-08
 2.46392e+23	6.86e-01	3.14e-01	7.74e-04	1.97e-06	0.00e+00	0.00e+00	0.00e+00	0.00e+00	0.00e+00	6.86e-01	3.62e-08	3.06e-08
 2.46545e+23	6.96e-01	3.03e-01	7.07e-04	1.85e-06	0.00e+00	0.00e+00	0.00e+00	0.00e+00	0.00e+00	6.96e-01	3.61e-08	3.05e-08
 2.46704e+23	7.07e-01	2.92e-01	6.43e-04	1.74e-06	0.00e+00	0.00e+00	0.00e+00	0.00e+00	0.00e+00	7.07e-01	3.59e-08	3.03e-08
 2.46866e+23	7.17e-01	2.82e-01	5.86e-04	1.64e-06	0.00e+00	0.00e+00	0.00e+00	0.00e+00	0.00e+00	7.17e-01	3.57e-08	3.02e-08
 2.47028e+23	7.27e-01	2.72e-01	5.34e-04	1.55e-06	0.00e+00	0.00e+00	0.00e+00	0.00e+00	0.00e+00	7.27e-01	3.55e-08	3.00e-08
 2.47197e+23	7.37e-01	2.62e-01	4.85e-04	1.46e-06	0.00e+00	0.00e+00	0.00e+00	0.00e+00	0.00e+00	7.37e-01	3.53e-08	2.98e-08
 2.47372e+23	7.47e-01	2.53e-01	4.41e-04	1.37e-06	0.00e+00	0.00e+00	0.00e+00	0.00e+00	0.00e+00	7.47e-01	3.51e-08	2.96e-08
 2.47551e+23	7.56e-01	2.43e-01	4.00e-04	1.29e-06	0.00e+00	0.00e+00	0.00e+00	0.00e+00	0.00e+00	7.56e-01	3.48e-08	2.93e-08
 2.47734e+23	7.65e-01	2.34e-01	3.63e-04	1.22e-06	0.00e+00	0.00e+00	0.00e+00	0.00e+00	0.00e+00	7.65e-01	3.46e-08	2.91e-08
 2.47921e+23	7.74e-01	2.26e-01	3.29e-04	1.15e-06	0.00e+00	0.00e+00	0.00e+00	0.00e+00	0.00e+00	7.74e-01	3.43e-08	2.89e-08
 2.48116e+23	7.83e-01	2.17e-01	2.98e-04	1.08e-06	0.00e+00	0.00e+00	0.00e+00	0.00e+00	0.00e+00	7.83e-01	3.40e-08	2.86e-08
 2.48316e+23	7.91e-01	2.09e-01	2.69e-04	1.02e-06	0.00e+00	0.00e+00	0.00e+00	0.00e+00	0.00e+00	7.91e-01	3.37e-08	2.83e-08
 2.48522e+23	7.99e-01	2.01e-01	2.44e-04	9.63e-07	0.00e+00	0.00e+00	0.00e+00	0.00e+00	0.00e+00	7.99e-01	3.34e-08	2.81e-08
 2.48737e+23	8.07e-01	1.93e-01	2.20e-04	9.07e-07	0.00e+00	0.00e+00	0.00e+00	0.00e+00	0.00e+00	8.07e-01	3.31e-08	2.78e-08
 2.48959e+23	8.15e-01	1.85e-01	1.99e-04	8.54e-07	0.00e+00	0.00e+00	0.00e+00	0.00e+00	0.00e+00	8.15e-01	3.28e-08	2.75e-08
 2.49183e+23	8.22e-01	1.78e-01	1.80e-04	8.05e-07	0.00e+00	0.00e+00	0.00e+00	0.00e+00	0.00e+00	8.22e-01	3.25e-08	2.73e-08
 2.49415e+23	8.29e-01	1.71e-01	1.63e-04	7.60e-07	0.00e+00	0.00e+00	0.00e+00	0.00e+00	0.00e+00	8.29e-01	3.22e-08	2.70e-08
 2.49660e+23	8.36e-01	1.64e-01	1.48e-04	7.15e-07	0.00e+00	0.00e+00	0.00e+00	0.00e+00	0.00e+00	8.36e-01	3.19e-08	2.67e-08
 2.49915e+23	8.43e-01	1.57e-01	1.34e-04	6.74e-07	0.00e+00	0.00e+00	0.00e+00	0.00e+00	0.00e+00	8.43e-01	3.16e-08	2.64e-08
 2.50175e+23	8.49e-01	1.50e-01	1.21e-04	6.35e-07	0.00e+00	0.00e+00	0.00e+00	0.00e+00	0.00e+00	8.49e-01	3.13e-08	2.62e-08
 2.50441e+23	8.55e-01	1.44e-01	1.11e-04	5.99e-07	0.00e+00	0.00e+00	0.00e+00	0.00e+00	0.00e+00	8.55e-01	3.10e-08	2.59e-08
 2.50718e+23	8.61e-01	1.39e-01	1.01e-04	5.66e-07	0.00e+00	0.00e+00	0.00e+00	0.00e+00	0.00e+00	8.61e-01	3.07e-08	2.56e-08
 2.51000e+23	8.66e-01	1.33e-01	9.26e-05	5.36e-07	0.00e+00	0.00e+00	0.00e+00	0.00e+00	0.00e+00	8.66e-01	3.04e-08	2.53e-08
 2.51290e+23	8.72e-01	1.28e-01	8.51e-05	5.06e-07	0.00e+00	0.00e+00	0.00e+00	0.00e+00	0.00e+00	8.72e-01	3.01e-08	2.50e-08
 2.51594e+23	8.77e-01	1.23e-01	7.85e-05	4.79e-07	0.00e+00	0.00e+00	0.00e+00	0.00e+00	0.00e+00	8.77e-01	2.99e-08	2.46e-08
 2.51912e+23	8.82e-01	1.18e-01	7.26e-05	4.53e-07	0.00e+00	0.00e+00	0.00e+00	0.00e+00	0.00e+00	8.82e-01	2.96e-08	2.43e-08
 2.52231e+23	8.86e-01	1.14e-01	6.76e-05	4.30e-07	0.00e+00	0.00e+00	0.00e+00	0.00e+00	0.00e+00	8.86e-01	2.94e-08	2.40e-08
 2.52563e+23	8.90e-01	1.10e-01	6.31e-05	4.08e-07	0.00e+00	0.00e+00	0.00e+00	0.00e+00	0.00e+00	8.90e-01	2.91e-08	2.37e-08
 2.52917e+23	8.94e-01	1.06e-01	5.91e-05	3.86e-07	0.00e+00	0.00e+00	0.00e+00	0.00e+00	0.00e+00	8.94e-01	2.89e-08	2.34e-08
 2.53287e+23	8.98e-01	1.02e-01	5.55e-05	3.67e-07	0.00e+00	0.00e+00	0.00e+00	0.00e+00	0.00e+00	8.98e-01	2.88e-08	2.32e-08
 2.53667e+23	9.02e-01	9.83e-02	5.24e-05	3.48e-07	0.00e+00	0.00e+00	0.00e+00	0.00e+00	0.00e+00	9.02e-01	2.86e-08	2.29e-08
 2.54065e+23	9.05e-01	9.48e-02	4.97e-05	3.30e-07	0.00e+00	0.00e+00	0.00e+00	0.00e+00	0.00e+00	9.05e-01	2.85e-08	2.27e-08
 2.54489e+23	9.09e-01	9.14e-02	4.72e-05	3.13e-07	0.00e+00	0.00e+00	0.00e+00	0.00e+00	0.00e+00	9.09e-01	2.83e-08	2.25e-08
 2.54937e+23	9.12e-01	8.81e-02	4.49e-05	2.97e-07	0.00e+00	0.00e+00	0.00e+00	0.00e+00	0.00e+00	9.12e-01	2.82e-08	2.22e-08
 2.55400e+23	9.15e-01	8.48e-02	4.29e-05	2.81e-07	0.00e+00	0.00e+00	0.00e+00	0.00e+00	0.00e+00	9.15e-01	2.81e-08	2.20e-08
 2.55855e+23	9.18e-01	8.20e-02	4.13e-05	2.67e-07	0.00e+00	0.00e+00	0.00e+00	0.00e+00	0.00e+00	9.18e-01	2.81e-08	2.19e-08
 2.56291e+23	9.20e-01	7.96e-02	4.00e-05	2.56e-07	0.00e+00	0.00e+00	0.00e+00	0.00e+00	0.00e+00	9.20e-01	2.80e-08	2.17e-08
 2.56716e+23	9.23e-01	7.73e-02	3.88e-05	2.45e-07	0.00e+00	0.00e+00	0.00e+00	0.00e+00	0.00e+00	9.23e-01	2.80e-08	2.16e-08
 2.57132e+23	9.25e-01	7.51e-02	3.78e-05	2.35e-07	0.00e+00	0.00e+00	0.00e+00	0.00e+00	0.00e+00	9.25e-01	2.80e-08	2.14e-08
 2.57537e+23	9.27e-01	7.30e-02	3.69e-05	2.25e-07	0.00e+00	0.00e+00	0.00e+00	0.00e+00	0.00e+00	9.27e-01	2.79e-08	2.13e-08
 2.57927e+23	9.29e-01	7.11e-02	3.61e-05	2.17e-07	0.00e+00	0.00e+00	0.00e+00	0.00e+00	0.00e+00	9.29e-01	2.79e-08	2.12e-08
 2.58299e+23	9.31e-01	6.93e-02	3.55e-05	2.09e-07	0.00e+00	0.00e+00	0.00e+00	0.00e+00	0.00e+00	9.31e-01	2.78e-08	2.11e-08
 2.58648e+23	9.32e-01	6.77e-02	3.49e-05	2.02e-07	0.00e+00	0.00e+00	0.00e+00	0.00e+00	0.00e+00	9.32e-01	2.78e-08	2.10e-08
 2.58986e+23	9.34e-01	6.62e-02	3.44e-05	1.95e-07	0.00e+00	0.00e+00	0.00e+00	0.00e+00	0.00e+00	9.34e-01	2.78e-08	2.09e-08
 2.59325e+23	9.35e-01	6.46e-02	3.39e-05	1.88e-07	0.00e+00	0.00e+00	0.00e+00	0.00e+00	0.00e+00	9.35e-01	2.77e-08	2.08e-08
 2.59654e+23	9.37e-01	6.31e-02	3.34e-05	1.82e-07	0.00e+00	0.00e+00	0.00e+00	0.00e+00	0.00e+00	9.37e-01	2.77e-08	2.07e-08
 2.59970e+23	9.38e-01	6.17e-02	3.30e-05	1.76e-07	0.00e+00	0.00e+00	0.00e+00	0.00e+00	0.00e+00	9.38e-01	2.77e-08	2.06e-08
 2.60275e+23	9.40e-01	6.03e-02	3.26e-05	1.71e-07	0.00e+00	0.00e+00	0.00e+00	0.00e+00	0.00e+00	9.40e-01	2.76e-08	2.05e-08
 2.60571e+23	9.41e-01	5.90e-02	3.23e-05	1.66e-07	0.00e+00	0.00e+00	0.00e+00	0.00e+00	0.00e+00	9.41e-01	2.76e-08	2.04e-08
 2.60856e+23	9.42e-01	5.78e-02	3.20e-05	1.61e-07	0.00e+00	0.00e+00	0.00e+00	0.00e+00	0.00e+00	9.42e-01	2.76e-08	2.03e-08
 2.61132e+23	9.43e-01	5.66e-02	3.17e-05	1.56e-07	0.00e+00	0.00e+00	0.00e+00	0.00e+00	0.00e+00	9.43e-01	2.76e-08	2.03e-08
 2.61397e+23	9.45e-01	5.54e-02	3.14e-05	1.52e-07	0.00e+00	0.00e+00	0.00e+00	0.00e+00	0.00e+00	9.45e-01	2.75e-08	2.02e-08
 2.61654e+23	9.46e-01	5.43e-02	3.12e-05	1.48e-07	0.00e+00	0.00e+00	0.00e+00	0.00e+00	0.00e+00	9.46e-01	2.75e-08	2.01e-08
 2.61901e+23	9.47e-01	5.32e-02	3.09e-05	1.44e-07	0.00e+00	0.00e+00	0.00e+00	0.00e+00	0.00e+00	9.47e-01	2.75e-08	2.00e-08
 2.62136e+23	9.48e-01	5.22e-02	3.07e-05	1.41e-07	0.00e+00	0.00e+00	0.00e+00	0.00e+00	0.00e+00	9.48e-01	2.74e-08	2.00e-08
 2.62366e+23	9.49e-01	5.12e-02	3.05e-05	1.37e-07	0.00e+00	0.00e+00	0.00e+00	0.00e+00	0.00e+00	9.49e-01	2.74e-08	1.99e-08
 2.62589e+23	9.50e-01	5.01e-02	3.03e-05	1.34e-07	0.00e+00	0.00e+00	0.00e+00	0.00e+00	0.00e+00	9.50e-01	2.74e-08	1.98e-08
 2.62793e+23	9.51e-01	4.93e-02	3.02e-05	1.31e-07	0.00e+00	0.00e+00	0.00e+00	0.00e+00	0.00e+00	9.51e-01	2.73e-08	1.97e-08
 2.62978e+23	9.51e-01	4.85e-02	3.00e-05	1.28e-07	0.00e+00	0.00e+00	0.00e+00	0.00e+00	0.00e+00	9.51e-01	2.73e-08	1.97e-08
 2.63146e+23	9.52e-01	4.78e-02	2.99e-05	1.26e-07	0.00e+00	0.00e+00	0.00e+00	0.00e+00	0.00e+00	9.52e-01	2.72e-08	1.96e-08
 2.63300e+23	9.53e-01	4.72e-02	2.98e-05	1.24e-07	0.00e+00	0.00e+00	0.00e+00	0.00e+00	0.00e+00	9.53e-01	2.72e-08	1.96e-08
 2.63439e+23	9.53e-01	4.66e-02	2.97e-05	0.00e+00	0.00e+00	0.00e+00	0.00e+00	0.00e+00	0.00e+00	9.53e-01	2.72e-08	1.95e-08
 2.63566e+23	9.54e-01	4.61e-02	2.96e-05	0.00e+00	0.00e+00	0.00e+00	0.00e+00	0.00e+00	0.00e+00	9.54e-01	2.71e-08	1.94e-08
 2.63681e+23	9.54e-01	4.56e-02	2.95e-05	0.00e+00	0.00e+00	0.00e+00	0.00e+00	0.00e+00	0.00e+00	9.54e-01	2.71e-08	1.94e-08
 2.63808e+23	9.55e-01	4.50e-02	2.93e-05	0.00e+00	0.00e+00	0.00e+00	0.00e+00	0.00e+00	0.00e+00	9.55e-01	2.69e-08	1.93e-08
 2.63944e+23	9.56e-01	4.43e-02	2.92e-05	0.00e+00	0.00e+00	0.00e+00	0.00e+00	0.00e+00	0.00e+00	9.56e-01	2.68e-08	1.93e-08
 2.64069e+23	9.56e-01	4.38e-02	2.91e-05	0.00e+00	0.00e+00	0.00e+00	0.00e+00	0.00e+00	0.00e+00	9.56e-01	2.67e-08	1.92e-08
 2.64205e+23	9.57e-01	4.32e-02	2.89e-05	0.00e+00	0.00e+00	0.00e+00	0.00e+00	0.00e+00	0.00e+00	9.57e-01	2.66e-08	1.92e-08
 2.64352e+23	9.58e-01	4.24e-02	2.88e-05	0.00e+00	0.00e+00	0.00e+00	0.00e+00	0.00e+00	0.00e+00	9.58e-01	2.65e-08	1.91e-08
 2.64486e+23	9.58e-01	4.19e-02	2.86e-05	0.00e+00	0.00e+00	0.00e+00	0.00e+00	0.00e+00	0.00e+00	9.58e-01	2.64e-08	1.91e-08
 2.64608e+23	9.59e-01	4.14e-02	2.85e-05	0.00e+00	0.00e+00	0.00e+00	0.00e+00	0.00e+00	0.00e+00	9.59e-01	2.63e-08	1.90e-08
 2.64718e+23	9.59e-01	4.10e-02	2.84e-05	0.00e+00	0.00e+00	0.00e+00	0.00e+00	0.00e+00	0.00e+00	9.59e-01	2.62e-08	1.89e-08
 2.64840e+23	9.60e-01	4.04e-02	2.82e-05	0.00e+00	0.00e+00	0.00e+00	0.00e+00	0.00e+00	0.00e+00	9.60e-01	2.61e-08	1.89e-08
 2.64971e+23	9.60e-01	3.99e-02	2.81e-05	0.00e+00	0.00e+00	0.00e+00	0.00e+00	0.00e+00	0.00e+00	9.60e-01	2.61e-08	1.89e-08
 2.65115e+23	9.61e-01	3.93e-02	2.78e-05	0.00e+00	0.00e+00	0.00e+00	0.00e+00	0.00e+00	0.00e+00	9.61e-01	2.60e-08	1.88e-08
 2.65270e+23	9.61e-01	3.87e-02	2.76e-05	0.00e+00	0.00e+00	0.00e+00	0.00e+00	0.00e+00	0.00e+00	9.61e-01	2.59e-08	1.88e-08
 2.65411e+23	9.62e-01	3.81e-02	2.75e-05	0.00e+00	0.00e+00	0.00e+00	0.00e+00	0.00e+00	0.00e+00	9.62e-01	2.59e-08	1.87e-08
 2.65539e+23	9.62e-01	3.78e-02	2.73e-05	0.00e+00	0.00e+00	0.00e+00	0.00e+00	0.00e+00	0.00e+00	9.62e-01	2.58e-08	1.87e-08
 2.65680e+23	9.63e-01	3.72e-02	2.71e-05	0.00e+00	0.00e+00	0.00e+00	0.00e+00	0.00e+00	0.00e+00	9.63e-01	2.58e-08	1.87e-08
 2.65863e+23	9.63e-01	3.65e-02	2.68e-05	0.00e+00	0.00e+00	0.00e+00	0.00e+00	0.00e+00	0.00e+00	9.63e-01	2.57e-08	1.87e-08
 2.66061e+23	9.64e-01	3.57e-02	2.65e-05	0.00e+00	0.00e+00	0.00e+00	0.00e+00	0.00e+00	0.00e+00	9.64e-01	2.57e-08	1.86e-08
 2.66240e+23	9.65e-01	3.50e-02	2.63e-05	0.00e+00	0.00e+00	0.00e+00	0.00e+00	0.00e+00	0.00e+00	9.65e-01	2.56e-08	1.86e-08
 2.66404e+23	9.65e-01	3.46e-02	2.60e-05	0.00e+00	0.00e+00	0.00e+00	0.00e+00	0.00e+00	0.00e+00	9.65e-01	2.56e-08	1.85e-08
 2.66553e+23	9.66e-01	3.41e-02	2.58e-05	0.00e+00	0.00e+00	0.00e+00	0.00e+00	0.00e+00	0.00e+00	9.66e-01	2.55e-08	1.85e-08
 2.66688e+23	9.66e-01	3.37e-02	2.57e-05	0.00e+00	0.00e+00	0.00e+00	0.00e+00	0.00e+00	0.00e+00	9.66e-01	2.55e-08	1.85e-08
 2.66837e+23	9.67e-01	3.32e-02	2.54e-05	0.00e+00	0.00e+00	0.00e+00	0.00e+00	0.00e+00	0.00e+00	9.67e-01	2.54e-08	1.84e-08
 2.66997e+23	9.67e-01	3.26e-02	2.51e-05	0.00e+00	0.00e+00	0.00e+00	0.00e+00	0.00e+00	0.00e+00	9.67e-01	2.53e-08	1.84e-08
 2.67143e+23	9.68e-01	3.21e-02	2.49e-05	0.00e+00	0.00e+00	0.00e+00	0.00e+00	0.00e+00	0.00e+00	9.68e-01	2.53e-08	1.83e-08
 2.67275e+23	9.68e-01	3.17e-02	2.46e-05	0.00e+00	0.00e+00	0.00e+00	0.00e+00	0.00e+00	0.00e+00	9.68e-01	2.52e-08	1.83e-08
 2.67396e+23	9.69e-01	3.14e-02	2.45e-05	0.00e+00	0.00e+00	0.00e+00	0.00e+00	0.00e+00	0.00e+00	9.69e-01	2.52e-08	1.82e-08
 2.67528e+23	9.69e-01	3.09e-02	2.42e-05	0.00e+00	0.00e+00	0.00e+00	0.00e+00	0.00e+00	0.00e+00	9.69e-01	2.51e-08	1.82e-08
 2.67671e+23	9.70e-01	3.04e-02	2.40e-05	0.00e+00	0.00e+00	0.00e+00	0.00e+00	0.00e+00	0.00e+00	9.70e-01	2.51e-08	1.81e-08
 2.67801e+23	9.70e-01	3.00e-02	2.38e-05	0.00e+00	0.00e+00	0.00e+00	0.00e+00	0.00e+00	0.00e+00	9.70e-01	2.50e-08	1.81e-08
 2.67944e+23	9.70e-01	2.96e-02	2.35e-05	0.00e+00	0.00e+00	0.00e+00	0.00e+00	0.00e+00	0.00e+00	9.70e-01	2.50e-08	1.80e-08
 2.68097e+23	9.71e-01	2.90e-02	2.33e-05	0.00e+00	0.00e+00	0.00e+00	0.00e+00	0.00e+00	0.00e+00	9.71e-01	2.49e-08	1.80e-08
 2.68237e+23	9.71e-01	2.87e-02	2.31e-05	0.00e+00	0.00e+00	0.00e+00	0.00e+00	0.00e+00	0.00e+00	9.71e-01	2.49e-08	1.79e-08
 2.68391e+23	9.72e-01	2.82e-02	2.28e-05	0.00e+00	0.00e+00	0.00e+00	0.00e+00	0.00e+00	0.00e+00	9.72e-01	2.48e-08	1.79e-08
 2.68556e+23	9.72e-01	2.76e-02	2.25e-05	0.00e+00	0.00e+00	0.00e+00	0.00e+00	0.00e+00	0.00e+00	9.72e-01	2.48e-08	1.78e-08
 2.68707e+23	9.73e-01	2.72e-02	2.23e-05	0.00e+00	0.00e+00	0.00e+00	0.00e+00	0.00e+00	0.00e+00	9.73e-01	2.47e-08	1.78e-08
 2.68844e+23	9.73e-01	2.69e-02	2.21e-05	0.00e+00	0.00e+00	0.00e+00	0.00e+00	0.00e+00	0.00e+00	9.73e-01	2.47e-08	1.77e-08
 2.68969e+23	9.73e-01	2.65e-02	2.20e-05	0.00e+00	0.00e+00	0.00e+00	0.00e+00	0.00e+00	0.00e+00	9.73e-01	2.46e-08	1.76e-08
 2.69082e+23	9.74e-01	2.63e-02	2.18e-05	0.00e+00	0.00e+00	0.00e+00	0.00e+00	0.00e+00	0.00e+00	9.74e-01	2.46e-08	1.76e-08
 2.69207e+23	9.74e-01	2.59e-02	2.16e-05	0.00e+00	0.00e+00	0.00e+00	0.00e+00	0.00e+00	0.00e+00	9.74e-01	2.45e-08	1.76e-08
 2.69368e+23	9.75e-01	2.54e-02	2.14e-05	0.00e+00	0.00e+00	0.00e+00	0.00e+00	0.00e+00	0.00e+00	9.75e-01	2.45e-08	1.75e-08
 2.69543e+23	9.75e-01	2.49e-02	2.11e-05	0.00e+00	0.00e+00	0.00e+00	0.00e+00	0.00e+00	0.00e+00	9.75e-01	2.43e-08	1.74e-08
 2.69702e+23	9.75e-01	2.45e-02	2.09e-05	0.00e+00	0.00e+00	0.00e+00	0.00e+00	0.00e+00	0.00e+00	9.75e-01	2.41e-08	1.72e-08
 2.69846e+23	9.76e-01	2.42e-02	2.08e-05	0.00e+00	0.00e+00	0.00e+00	0.00e+00	0.00e+00	0.00e+00	9.76e-01	2.39e-08	1.71e-08
 2.69978e+23	9.76e-01	2.40e-02	2.06e-05	0.00e+00	0.00e+00	0.00e+00	0.00e+00	0.00e+00	0.00e+00	9.76e-01	2.38e-08	1.70e-08
 2.70122e+23	9.76e-01	2.36e-02	2.04e-05	0.00e+00	0.00e+00	0.00e+00	0.00e+00	0.00e+00	0.00e+00	9.76e-01	2.36e-08	1.69e-08
 2.70278e+23	9.77e-01	2.33e-02	2.02e-05	0.00e+00	0.00e+00	0.00e+00	0.00e+00	0.00e+00	0.00e+00	9.77e-01	2.34e-08	1.67e-08
 2.70419e+23	9.77e-01	2.30e-02	2.01e-05	0.00e+00	0.00e+00	0.00e+00	0.00e+00	0.00e+00	0.00e+00	9.77e-01	2.33e-08	1.66e-08
 2.70575e+23	9.77e-01	2.26e-02	1.99e-05	0.00e+00	0.00e+00	0.00e+00	0.00e+00	0.00e+00	0.00e+00	9.77e-01	2.30e-08	1.64e-08
 2.70742e+23	9.78e-01	2.22e-02	1.97e-05	0.00e+00	0.00e+00	0.00e+00	0.00e+00	0.00e+00	0.00e+00	9.78e-01	2.29e-08	1.63e-08
 2.70895e+23	9.78e-01	2.19e-02	1.95e-05	0.00e+00	0.00e+00	0.00e+00	0.00e+00	0.00e+00	0.00e+00	9.78e-01	2.26e-08	1.61e-08
 2.71033e+23	9.78e-01	2.17e-02	1.94e-05	0.00e+00	0.00e+00	0.00e+00	0.00e+00	0.00e+00	0.00e+00	9.78e-01	2.26e-08	1.60e-08
 2.71185e+23	9.79e-01	2.14e-02	1.92e-05	0.00e+00	0.00e+00	0.00e+00	0.00e+00	0.00e+00	0.00e+00	9.79e-01	2.24e-08	1.58e-08
 2.71350e+23	9.79e-01	2.10e-02	1.90e-05	0.00e+00	0.00e+00	0.00e+00	0.00e+00	0.00e+00	0.00e+00	9.79e-01	2.22e-08	1.57e-08
 2.71499e+23	9.79e-01	2.08e-02	1.89e-05	0.00e+00	0.00e+00	0.00e+00	0.00e+00	0.00e+00	0.00e+00	9.79e-01	2.21e-08	1.56e-08
 2.71663e+23	9.80e-01	2.04e-02	1.87e-05	0.00e+00	0.00e+00	0.00e+00	0.00e+00	0.00e+00	0.00e+00	9.80e-01	2.19e-08	1.54e-08
 2.71839e+23	9.80e-01	2.00e-02	1.85e-05	0.00e+00	0.00e+00	0.00e+00	0.00e+00	0.00e+00	0.00e+00	9.80e-01	2.17e-08	1.52e-08
 2.72000e+23	9.80e-01	1.98e-02	1.84e-05	0.00e+00	0.00e+00	0.00e+00	0.00e+00	0.00e+00	0.00e+00	9.80e-01	2.16e-08	1.51e-08
 2.72176e+23	9.81e-01	1.94e-02	1.82e-05	0.00e+00	0.00e+00	0.00e+00	0.00e+00	0.00e+00	0.00e+00	9.81e-01	2.14e-08	1.49e-08
 2.72366e+23	9.81e-01	1.90e-02	1.80e-05	0.00e+00	0.00e+00	0.00e+00	0.00e+00	0.00e+00	0.00e+00	9.81e-01	2.12e-08	1.47e-08
 2.72540e+23	9.81e-01	1.87e-02	1.78e-05	0.00e+00	0.00e+00	0.00e+00	0.00e+00	0.00e+00	0.00e+00	9.81e-01	2.09e-08	1.45e-08
 2.72697e+23	9.81e-01	1.85e-02	1.77e-05	0.00e+00	0.00e+00	0.00e+00	0.00e+00	0.00e+00	0.00e+00	9.81e-01	2.09e-08	1.44e-08
 2.72870e+23	9.82e-01	1.82e-02	1.75e-05	0.00e+00	0.00e+00	0.00e+00	0.00e+00	0.00e+00	0.00e+00	9.82e-01	2.06e-08	1.42e-08
 2.73056e+23	9.82e-01	1.79e-02	1.73e-05	0.00e+00	0.00e+00	0.00e+00	0.00e+00	0.00e+00	0.00e+00	9.82e-01	2.04e-08	1.40e-08
 2.73226e+23	9.82e-01	1.77e-02	1.72e-05	0.00e+00	0.00e+00	0.00e+00	0.00e+00	0.00e+00	0.00e+00	9.82e-01	2.03e-08	1.39e-08
 2.73411e+23	9.83e-01	1.73e-02	1.70e-05	0.00e+00	0.00e+00	0.00e+00	0.00e+00	0.00e+00	0.00e+00	9.83e-01	2.00e-08	1.37e-08
 2.73612e+23	9.83e-01	1.70e-02	1.68e-05	0.00e+00	0.00e+00	0.00e+00	0.00e+00	0.00e+00	0.00e+00	9.83e-01	1.98e-08	1.35e-08
 2.73795e+23	9.83e-01	1.67e-02	1.67e-05	0.00e+00	0.00e+00	0.00e+00	0.00e+00	0.00e+00	0.00e+00	9.83e-01	1.97e-08	1.34e-08
 2.73995e+23	9.84e-01	1.64e-02	1.65e-05	0.00e+00	0.00e+00	0.00e+00	0.00e+00	0.00e+00	0.00e+00	9.84e-01	1.94e-08	1.32e-08
 2.74211e+23	9.84e-01	1.60e-02	1.63e-05	0.00e+00	0.00e+00	0.00e+00	0.00e+00	0.00e+00	0.00e+00	9.84e-01	1.91e-08	1.29e-08
 2.74407e+23	9.84e-01	1.58e-02	1.62e-05	0.00e+00	0.00e+00	0.00e+00	0.00e+00	0.00e+00	0.00e+00	9.84e-01	1.90e-08	1.28e-08
 2.74623e+23	9.85e-01	1.55e-02	1.60e-05	0.00e+00	0.00e+00	0.00e+00	0.00e+00	0.00e+00	0.00e+00	9.85e-01	1.87e-08	1.25e-08
 2.74855e+23	9.85e-01	1.51e-02	1.58e-05	0.00e+00	0.00e+00	0.00e+00	0.00e+00	0.00e+00	0.00e+00	9.85e-01	1.84e-08	1.23e-08
 2.75067e+23	9.85e-01	1.49e-02	1.56e-05	0.00e+00	0.00e+00	0.00e+00	0.00e+00	0.00e+00	0.00e+00	9.85e-01	1.83e-08	1.22e-08
 2.75298e+23	9.85e-01	1.46e-02	1.54e-05	0.00e+00	0.00e+00	0.00e+00	0.00e+00	0.00e+00	0.00e+00	9.85e-01	1.80e-08	1.19e-08
 2.75549e+23	9.86e-01	1.42e-02	1.53e-05	0.00e+00	0.00e+00	0.00e+00	0.00e+00	0.00e+00	0.00e+00	9.86e-01	1.78e-08	1.18e-08
 2.75776e+23	9.86e-01	1.40e-02	1.51e-05	0.00e+00	0.00e+00	0.00e+00	0.00e+00	0.00e+00	0.00e+00	9.86e-01	1.76e-08	1.16e-08
 2.75984e+23	9.86e-01	1.38e-02	1.50e-05	0.00e+00	0.00e+00	0.00e+00	0.00e+00	0.00e+00	0.00e+00	9.86e-01	1.75e-08	1.15e-08
 2.76211e+23	9.87e-01	1.35e-02	1.48e-05	0.00e+00	0.00e+00	0.00e+00	0.00e+00	0.00e+00	0.00e+00	9.87e-01	1.72e-08	1.13e-08
 2.76456e+23	9.87e-01	1.31e-02	1.46e-05	0.00e+00	0.00e+00	0.00e+00	0.00e+00	0.00e+00	0.00e+00	9.87e-01	1.70e-08	1.11e-08
 2.76679e+23	9.87e-01	1.29e-02	1.45e-05	0.00e+00	0.00e+00	0.00e+00	0.00e+00	0.00e+00	0.00e+00	9.87e-01	1.69e-08	1.10e-08
 2.76924e+23	9.87e-01	1.26e-02	1.43e-05	0.00e+00	0.00e+00	0.00e+00	0.00e+00	0.00e+00	0.00e+00	9.87e-01	1.67e-08	1.08e-08
 2.77188e+23	9.88e-01	1.23e-02	1.41e-05	0.00e+00	0.00e+00	0.00e+00	0.00e+00	0.00e+00	0.00e+00	9.88e-01	1.64e-08	1.05e-08
 2.77428e+23	9.88e-01	1.21e-02	1.40e-05	0.00e+00	0.00e+00	0.00e+00	0.00e+00	0.00e+00	0.00e+00	9.88e-01	1.63e-08	1.04e-08
 2.77691e+23	9.88e-01	1.18e-02	1.38e-05	0.00e+00	0.00e+00	0.00e+00	0.00e+00	0.00e+00	0.00e+00	9.88e-01	1.60e-08	1.02e-08
 2.77975e+23	9.88e-01	1.16e-02	1.36e-05	0.00e+00	0.00e+00	0.00e+00	0.00e+00	0.00e+00	0.00e+00	9.88e-01	1.59e-08	9.97e-09
 2.78234e+23	9.89e-01	1.13e-02	1.35e-05	0.00e+00	0.00e+00	0.00e+00	0.00e+00	0.00e+00	0.00e+00	9.89e-01	1.57e-08	9.80e-09
 2.78469e+23	9.89e-01	1.11e-02	1.33e-05	0.00e+00	0.00e+00	0.00e+00	0.00e+00	0.00e+00	0.00e+00	9.89e-01	1.55e-08	9.65e-09
 2.78727e+23	9.89e-01	1.09e-02	1.32e-05	0.00e+00	0.00e+00	0.00e+00	0.00e+00	0.00e+00	0.00e+00	9.89e-01	1.53e-08	9.45e-09
 2.79005e+23	9.89e-01	1.06e-02	1.30e-05	0.00e+00	0.00e+00	0.00e+00	0.00e+00	0.00e+00	0.00e+00	9.89e-01	1.50e-08	9.24e-09
 2.79259e+23	9.90e-01	1.04e-02	1.29e-05	0.00e+00	0.00e+00	0.00e+00	0.00e+00	0.00e+00	0.00e+00	9.90e-01	1.49e-08	9.13e-09
 2.79536e+23	9.90e-01	1.02e-02	1.27e-05	0.00e+00	0.00e+00	0.00e+00	0.00e+00	0.00e+00	0.00e+00	9.90e-01	1.46e-08	8.93e-09
 2.79836e+23	9.90e-01	9.89e-03	1.25e-05	0.00e+00	0.00e+00	0.00e+00	0.00e+00	0.00e+00	0.00e+00	9.90e-01	1.44e-08	8.72e-09
 2.80109e+23	9.90e-01	9.72e-03	1.24e-05	0.00e+00	0.00e+00	0.00e+00	0.00e+00	0.00e+00	0.00e+00	9.90e-01	1.42e-08	8.61e-09
 2.80407e+23	9.91e-01	9.47e-03	1.22e-05	0.00e+00	0.00e+00	0.00e+00	0.00e+00	0.00e+00	0.00e+00	9.91e-01	1.40e-08	8.41e-09
 2.80730e+23	9.91e-01	9.20e-03	1.20e-05	0.00e+00	0.00e+00	0.00e+00	0.00e+00	0.00e+00	0.00e+00	9.91e-01	1.38e-08	8.20e-09
 2.81024e+23	9.91e-01	9.02e-03	1.19e-05	0.00e+00	0.00e+00	0.00e+00	0.00e+00	0.00e+00	0.00e+00	9.91e-01	1.36e-08	8.09e-09
 2.81345e+23	9.91e-01	8.77e-03	1.17e-05	0.00e+00	0.00e+00	0.00e+00	0.00e+00	0.00e+00	0.00e+00	9.91e-01	1.34e-08	7.89e-09
 2.81693e+23	9.91e-01	8.51e-03	1.16e-05	0.00e+00	0.00e+00	0.00e+00	0.00e+00	0.00e+00	0.00e+00	9.91e-01	1.31e-08	7.68e-09
 2.82009e+23	9.92e-01	8.34e-03	1.14e-05	0.00e+00	0.00e+00	0.00e+00	0.00e+00	0.00e+00	0.00e+00	9.92e-01	1.30e-08	7.56e-09
 2.82355e+23	9.92e-01	8.10e-03	1.12e-05	0.00e+00	0.00e+00	0.00e+00	0.00e+00	0.00e+00	0.00e+00	9.92e-01	1.28e-08	7.38e-09
 2.82729e+23	9.92e-01	7.87e-03	1.11e-05	0.00e+00	0.00e+00	0.00e+00	0.00e+00	0.00e+00	0.00e+00	9.92e-01	1.26e-08	7.21e-09
 2.83069e+23	9.92e-01	7.66e-03	1.09e-05	0.00e+00	0.00e+00	0.00e+00	0.00e+00	0.00e+00	0.00e+00	9.92e-01	1.24e-08	7.05e-09
