#depth	C	C+	C+2	C+3	C+4	C+5	C+6	C[1]	C[2]	C[3]	C+[1]	C+[2]	CO
 4.62852e+21	0.00e+00	2.89e-24	3.02e-18	3.65e-13	4.92e-08	3.70e-04	1.00e+00	0.00e+00	0.00e+00	0.00e+00	0.00e+00	0.00e+00	4.30e-102
 1.05508e+22	2.09e-31	1.75e-23	1.31e-17	1.14e-12	1.04e-07	5.28e-04	9.99e-01	0.00e+00	0.00e+00	0.00e+00	0.00e+00	0.00e+00	2.90e-104
 1.27300e+22	8.92e-31	5.93e-23	3.52e-17	2.46e-12	1.72e-07	6.72e-04	9.99e-01	0.00e+00	0.00e+00	0.00e+00	0.00e+00	0.00e+00	9.26e-92
 1.43239e+22	2.84e-30	1.57e-22	7.78e-17	4.55e-12	2.58e-07	8.15e-04	9.99e-01	0.00e+00	0.00e+00	0.00e+00	0.00e+00	0.00e+00	3.57e-90
 1.52093e+22	3.80e-30	2.01e-22	9.49e-17	5.31e-12	2.86e-07	8.55e-04	9.99e-01	0.00e+00	0.00e+00	0.00e+00	0.00e+00	0.00e+00	2.78e-84
 1.55200e+22	4.73e-30	2.41e-22	1.10e-16	5.96e-12	3.08e-07	8.86e-04	9.99e-01	0.00e+00	0.00e+00	0.00e+00	0.00e+00	0.00e+00	2.70e-84
 1.57862e+22	5.87e-30	2.89e-22	1.28e-16	6.69e-12	3.33e-07	9.19e-04	9.99e-01	0.00e+00	0.00e+00	0.00e+00	0.00e+00	0.00e+00	1.87e-83
 1.60914e+22	7.65e-30	3.61e-22	1.53e-16	7.71e-12	3.65e-07	9.60e-04	9.99e-01	0.00e+00	0.00e+00	0.00e+00	0.00e+00	0.00e+00	6.10e-83
 1.64055e+22	9.73e-30	4.42e-22	1.80e-16	8.74e-12	3.97e-07	1.00e-03	9.99e-01	0.00e+00	0.00e+00	0.00e+00	0.00e+00	0.00e+00	1.11e-82
 1.66766e+22	1.21e-29	5.31e-22	2.09e-16	9.82e-12	4.29e-07	1.04e-03	9.99e-01	0.00e+00	0.00e+00	0.00e+00	0.00e+00	0.00e+00	1.11e-82
 1.69201e+22	1.47e-29	6.26e-22	2.39e-16	1.09e-11	4.59e-07	1.07e-03	9.99e-01	0.00e+00	0.00e+00	0.00e+00	0.00e+00	0.00e+00	3.20e-82
 1.71820e+22	1.84e-29	7.54e-22	2.78e-16	1.23e-11	4.96e-07	1.11e-03	9.99e-01	0.00e+00	0.00e+00	0.00e+00	0.00e+00	0.00e+00	6.39e-82
 1.74639e+22	2.29e-29	9.06e-22	3.23e-16	1.38e-11	5.36e-07	1.15e-03	9.99e-01	0.00e+00	0.00e+00	0.00e+00	0.00e+00	0.00e+00	9.25e-82
 1.77185e+22	2.80e-29	1.07e-21	3.71e-16	1.53e-11	5.75e-07	1.19e-03	9.99e-01	0.00e+00	0.00e+00	0.00e+00	0.00e+00	0.00e+00	1.82e-81
 1.79964e+22	3.56e-29	1.31e-21	4.37e-16	1.74e-11	6.26e-07	1.24e-03	9.99e-01	0.00e+00	0.00e+00	0.00e+00	0.00e+00	0.00e+00	1.44e-81
 1.82871e+22	4.47e-29	1.59e-21	5.10e-16	1.96e-11	6.78e-07	1.29e-03	9.99e-01	0.00e+00	0.00e+00	0.00e+00	0.00e+00	0.00e+00	3.38e-81
 1.85336e+22	5.43e-29	1.87e-21	5.82e-16	2.17e-11	7.25e-07	1.33e-03	9.99e-01	0.00e+00	0.00e+00	0.00e+00	0.00e+00	0.00e+00	1.75e-80
 1.87929e+22	6.79e-29	2.26e-21	6.78e-16	2.45e-11	7.85e-07	1.38e-03	9.99e-01	0.00e+00	0.00e+00	0.00e+00	0.00e+00	0.00e+00	3.04e-80
 1.90698e+22	8.42e-29	2.70e-21	7.85e-16	2.74e-11	8.47e-07	1.43e-03	9.99e-01	0.00e+00	0.00e+00	0.00e+00	0.00e+00	0.00e+00	5.20e-80
 1.93203e+22	1.03e-28	3.19e-21	8.98e-16	3.04e-11	9.08e-07	1.48e-03	9.99e-01	0.00e+00	0.00e+00	0.00e+00	0.00e+00	0.00e+00	8.51e-80
 1.95965e+22	1.30e-28	3.90e-21	1.06e-15	3.45e-11	9.88e-07	1.54e-03	9.98e-01	0.00e+00	0.00e+00	0.00e+00	0.00e+00	0.00e+00	1.54e-79
 1.98865e+22	1.63e-28	4.70e-21	1.23e-15	3.88e-11	1.07e-06	1.60e-03	9.98e-01	0.00e+00	0.00e+00	0.00e+00	0.00e+00	0.00e+00	2.69e-79
 2.01298e+22	1.98e-28	5.51e-21	1.40e-15	4.29e-11	1.14e-06	1.66e-03	9.98e-01	0.00e+00	0.00e+00	0.00e+00	0.00e+00	0.00e+00	4.32e-79
 2.03475e+22	2.35e-28	6.37e-21	1.57e-15	4.70e-11	1.21e-06	1.71e-03	9.98e-01	0.00e+00	0.00e+00	0.00e+00	0.00e+00	0.00e+00	6.63e-79
 2.05968e+22	2.90e-28	7.60e-21	1.82e-15	5.26e-11	1.31e-06	1.77e-03	9.98e-01	0.00e+00	0.00e+00	0.00e+00	0.00e+00	0.00e+00	1.12e-78
 2.08686e+22	3.59e-28	9.09e-21	2.10e-15	5.87e-11	1.41e-06	1.83e-03	9.98e-01	0.00e+00	0.00e+00	0.00e+00	0.00e+00	0.00e+00	1.91e-78
 2.11196e+22	4.39e-28	1.07e-20	2.40e-15	6.52e-11	1.51e-06	1.90e-03	9.98e-01	0.00e+00	0.00e+00	0.00e+00	0.00e+00	0.00e+00	3.15e-78
 2.13958e+22	5.57e-28	1.31e-20	2.82e-15	7.40e-11	1.65e-06	1.98e-03	9.98e-01	0.00e+00	0.00e+00	0.00e+00	0.00e+00	0.00e+00	5.71e-78
 2.16708e+22	6.88e-28	1.56e-20	3.24e-15	8.23e-11	1.77e-06	2.05e-03	9.98e-01	0.00e+00	0.00e+00	0.00e+00	0.00e+00	0.00e+00	9.63e-78
 2.18948e+22	8.23e-28	1.81e-20	3.66e-15	9.03e-11	1.89e-06	2.11e-03	9.98e-01	0.00e+00	0.00e+00	0.00e+00	0.00e+00	0.00e+00	1.51e-77
 2.21363e+22	1.01e-27	2.15e-20	4.21e-15	1.01e-10	2.03e-06	2.19e-03	9.98e-01	0.00e+00	0.00e+00	0.00e+00	0.00e+00	0.00e+00	2.53e-77
 2.24005e+22	1.25e-27	2.56e-20	4.84e-15	1.12e-10	2.18e-06	2.27e-03	9.98e-01	0.00e+00	0.00e+00	0.00e+00	0.00e+00	0.00e+00	4.27e-77
 2.26469e+22	1.52e-27	3.01e-20	5.50e-15	1.24e-10	2.34e-06	2.35e-03	9.98e-01	0.00e+00	0.00e+00	0.00e+00	0.00e+00	0.00e+00	6.92e-77
 2.29200e+22	1.92e-27	3.66e-20	6.44e-15	1.40e-10	2.54e-06	2.44e-03	9.98e-01	0.00e+00	0.00e+00	0.00e+00	0.00e+00	0.00e+00	1.25e-76
 2.31924e+22	2.37e-27	4.36e-20	7.39e-15	1.55e-10	2.73e-06	2.54e-03	9.97e-01	0.00e+00	0.00e+00	0.00e+00	0.00e+00	0.00e+00	2.12e-76
 2.34137e+22	2.82e-27	5.04e-20	8.31e-15	1.70e-10	2.90e-06	2.61e-03	9.97e-01	0.00e+00	0.00e+00	0.00e+00	0.00e+00	0.00e+00	3.28e-76
 2.36513e+22	3.47e-27	5.98e-20	9.53e-15	1.89e-10	3.12e-06	2.71e-03	9.97e-01	0.00e+00	0.00e+00	0.00e+00	0.00e+00	0.00e+00	5.52e-76
 2.39099e+22	4.28e-27	7.10e-20	1.09e-14	2.09e-10	3.35e-06	2.81e-03	9.97e-01	0.00e+00	0.00e+00	0.00e+00	0.00e+00	0.00e+00	9.31e-76
 2.41497e+22	5.17e-27	8.30e-20	1.24e-14	2.30e-10	3.58e-06	2.91e-03	9.97e-01	0.00e+00	0.00e+00	0.00e+00	0.00e+00	0.00e+00	1.50e-75
 2.44151e+22	6.60e-27	1.01e-19	1.45e-14	2.59e-10	3.89e-06	3.03e-03	9.97e-01	0.00e+00	0.00e+00	0.00e+00	0.00e+00	0.00e+00	2.78e-75
 2.46742e+22	7.96e-27	1.18e-19	1.64e-14	2.85e-10	4.15e-06	3.13e-03	9.97e-01	0.00e+00	0.00e+00	0.00e+00	0.00e+00	0.00e+00	4.44e-75
 2.48905e+22	9.56e-27	1.37e-19	1.84e-14	3.11e-10	4.41e-06	3.24e-03	9.97e-01	0.00e+00	0.00e+00	0.00e+00	0.00e+00	0.00e+00	7.06e-75
 2.51373e+22	1.19e-26	1.64e-19	2.12e-14	3.46e-10	4.75e-06	3.36e-03	9.97e-01	0.00e+00	0.00e+00	0.00e+00	0.00e+00	0.00e+00	1.22e-74
 2.53990e+22	1.47e-26	1.95e-19	2.43e-14	3.82e-10	5.11e-06	3.50e-03	9.96e-01	0.00e+00	0.00e+00	0.00e+00	0.00e+00	0.00e+00	2.11e-74
 2.56276e+22	1.76e-26	2.26e-19	2.73e-14	4.18e-10	5.43e-06	3.61e-03	9.96e-01	0.00e+00	0.00e+00	0.00e+00	0.00e+00	0.00e+00	3.32e-74
 2.58723e+22	2.21e-26	2.72e-19	3.15e-14	4.64e-10	5.86e-06	3.76e-03	9.96e-01	0.00e+00	0.00e+00	0.00e+00	0.00e+00	0.00e+00	5.91e-74
 2.61199e+22	2.68e-26	3.18e-19	3.55e-14	5.07e-10	6.24e-06	3.90e-03	9.96e-01	0.00e+00	0.00e+00	0.00e+00	0.00e+00	0.00e+00	9.71e-74
 2.63298e+22	3.18e-26	3.65e-19	3.96e-14	5.50e-10	6.61e-06	4.02e-03	9.96e-01	0.00e+00	0.00e+00	0.00e+00	0.00e+00	0.00e+00	1.50e-73
 2.65613e+22	3.95e-26	4.34e-19	4.52e-14	6.05e-10	7.09e-06	4.18e-03	9.96e-01	0.00e+00	0.00e+00	0.00e+00	0.00e+00	0.00e+00	2.61e-73
 2.68037e+22	4.80e-26	5.08e-19	5.11e-14	6.62e-10	7.57e-06	4.33e-03	9.96e-01	0.00e+00	0.00e+00	0.00e+00	0.00e+00	0.00e+00	4.28e-73
 2.70234e+22	5.81e-26	5.93e-19	5.75e-14	7.20e-10	8.05e-06	4.49e-03	9.96e-01	0.00e+00	0.00e+00	0.00e+00	0.00e+00	0.00e+00	7.02e-73
 2.72378e+22	7.01e-26	6.89e-19	6.45e-14	7.82e-10	8.56e-06	4.64e-03	9.95e-01	0.00e+00	0.00e+00	0.00e+00	0.00e+00	0.00e+00	1.14e-72
 2.74447e+22	8.36e-26	7.94e-19	7.19e-14	8.45e-10	9.06e-06	4.80e-03	9.95e-01	0.00e+00	0.00e+00	0.00e+00	0.00e+00	0.00e+00	1.80e-72
 2.76761e+22	1.05e-25	9.49e-19	8.22e-14	9.30e-10	9.73e-06	5.00e-03	9.95e-01	0.00e+00	0.00e+00	0.00e+00	0.00e+00	0.00e+00	3.22e-72
 2.79095e+22	1.26e-25	1.10e-18	9.21e-14	1.01e-09	1.03e-05	5.17e-03	9.95e-01	0.00e+00	0.00e+00	0.00e+00	0.00e+00	0.00e+00	5.17e-72
 2.81141e+22	1.51e-25	1.27e-18	1.03e-13	1.09e-09	1.09e-05	5.36e-03	9.95e-01	0.00e+00	0.00e+00	0.00e+00	0.00e+00	0.00e+00	8.41e-72
 2.83158e+22	1.81e-25	1.47e-18	1.14e-13	1.17e-09	1.16e-05	5.54e-03	9.94e-01	0.00e+00	0.00e+00	0.00e+00	0.00e+00	0.00e+00	1.34e-71
 2.85454e+22	2.26e-25	1.75e-18	1.31e-13	1.29e-09	1.24e-05	5.78e-03	9.94e-01	0.00e+00	0.00e+00	0.00e+00	0.00e+00	0.00e+00	2.39e-71
 2.87751e+22	2.74e-25	2.03e-18	1.46e-13	1.39e-09	1.32e-05	5.99e-03	9.94e-01	0.00e+00	0.00e+00	0.00e+00	0.00e+00	0.00e+00	3.97e-71
 2.89670e+22	3.24e-25	2.32e-18	1.61e-13	1.49e-09	1.39e-05	6.18e-03	9.94e-01	0.00e+00	0.00e+00	0.00e+00	0.00e+00	0.00e+00	6.16e-71
 2.91786e+22	3.99e-25	2.73e-18	1.82e-13	1.62e-09	1.48e-05	6.43e-03	9.94e-01	0.00e+00	0.00e+00	0.00e+00	0.00e+00	0.00e+00	1.07e-70
 2.93997e+22	4.83e-25	3.18e-18	2.04e-13	1.74e-09	1.57e-05	6.67e-03	9.93e-01	0.00e+00	0.00e+00	0.00e+00	0.00e+00	0.00e+00	1.77e-70
 2.95960e+22	5.77e-25	3.65e-18	2.26e-13	1.87e-09	1.66e-05	6.90e-03	9.93e-01	0.00e+00	0.00e+00	0.00e+00	0.00e+00	0.00e+00	2.83e-70
 2.98144e+22	7.25e-25	4.36e-18	2.57e-13	2.04e-09	1.78e-05	7.21e-03	9.93e-01	0.00e+00	0.00e+00	0.00e+00	0.00e+00	0.00e+00	5.22e-70
 3.00278e+22	8.58e-25	4.98e-18	2.84e-13	2.18e-09	1.88e-05	7.44e-03	9.93e-01	0.00e+00	0.00e+00	0.00e+00	0.00e+00	0.00e+00	8.16e-70
 3.02345e+22	1.06e-24	5.88e-18	3.20e-13	2.36e-09	2.00e-05	7.76e-03	9.92e-01	0.00e+00	0.00e+00	0.00e+00	0.00e+00	0.00e+00	1.45e-69
 3.04469e+22	1.27e-24	6.78e-18	3.56e-13	2.53e-09	2.12e-05	8.03e-03	9.92e-01	0.00e+00	0.00e+00	0.00e+00	0.00e+00	0.00e+00	2.34e-69
 3.06344e+22	1.52e-24	7.76e-18	3.93e-13	2.70e-09	2.23e-05	8.31e-03	9.92e-01	0.00e+00	0.00e+00	0.00e+00	0.00e+00	0.00e+00	3.76e-69
 3.08460e+22	1.89e-24	9.19e-18	4.45e-13	2.93e-09	2.38e-05	8.66e-03	9.91e-01	0.00e+00	0.00e+00	0.00e+00	0.00e+00	0.00e+00	6.75e-69
 3.10616e+22	2.27e-24	1.06e-17	4.94e-13	3.13e-09	2.52e-05	8.98e-03	9.91e-01	0.00e+00	0.00e+00	0.00e+00	0.00e+00	0.00e+00	1.12e-68
 3.12503e+22	2.72e-24	1.22e-17	5.46e-13	3.34e-09	2.66e-05	9.30e-03	9.91e-01	0.00e+00	0.00e+00	0.00e+00	0.00e+00	0.00e+00	1.82e-68
 3.14635e+22	3.39e-24	1.45e-17	6.18e-13	3.62e-09	2.84e-05	9.70e-03	9.90e-01	0.00e+00	0.00e+00	0.00e+00	0.00e+00	0.00e+00	3.30e-68
 3.16783e+22	4.10e-24	1.68e-17	6.87e-13	3.86e-09	3.01e-05	1.01e-02	9.90e-01	0.00e+00	0.00e+00	0.00e+00	0.00e+00	0.00e+00	5.57e-68
 3.18611e+22	4.87e-24	1.92e-17	7.57e-13	4.11e-09	3.17e-05	1.04e-02	9.90e-01	0.00e+00	0.00e+00	0.00e+00	0.00e+00	0.00e+00	8.90e-68
 3.20644e+22	6.05e-24	2.26e-17	8.54e-13	4.44e-09	3.38e-05	1.09e-02	9.89e-01	0.00e+00	0.00e+00	0.00e+00	0.00e+00	0.00e+00	1.61e-67
 3.22769e+22	7.31e-24	2.62e-17	9.49e-13	4.75e-09	3.58e-05	1.13e-02	9.89e-01	0.00e+00	0.00e+00	0.00e+00	0.00e+00	0.00e+00	2.71e-67
 3.25013e+22	9.35e-24	3.17e-17	1.09e-12	5.17e-09	3.85e-05	1.18e-02	9.88e-01	0.00e+00	0.00e+00	0.00e+00	0.00e+00	0.00e+00	5.32e-67
 3.27186e+22	1.12e-23	3.64e-17	1.20e-12	5.51e-09	4.07e-05	1.22e-02	9.88e-01	0.00e+00	0.00e+00	0.00e+00	0.00e+00	0.00e+00	8.70e-67
 3.28974e+22	1.34e-23	4.17e-17	1.33e-12	5.85e-09	4.29e-05	1.27e-02	9.87e-01	0.00e+00	0.00e+00	0.00e+00	0.00e+00	0.00e+00	1.43e-66
 3.30738e+22	1.60e-23	4.78e-17	1.46e-12	6.21e-09	4.52e-05	1.31e-02	9.87e-01	0.00e+00	0.00e+00	0.00e+00	4.78e-17	5.26e-26	2.33e-66
 3.32758e+22	2.01e-23	5.70e-17	1.66e-12	6.70e-09	4.84e-05	1.37e-02	9.86e-01	0.00e+00	0.00e+00	0.00e+00	5.70e-17	6.92e-24	4.41e-66
 3.34638e+22	2.34e-23	6.42e-17	1.80e-12	7.06e-09	5.06e-05	1.41e-02	9.86e-01	0.00e+00	0.00e+00	0.00e+00	6.42e-17	7.78e-24	6.74e-66
 3.36027e+22	2.69e-23	7.14e-17	1.94e-12	7.37e-09	5.27e-05	1.45e-02	9.85e-01	0.00e+00	0.00e+00	0.00e+00	7.14e-17	8.66e-24	9.98e-66
 3.37315e+22	3.21e-28	7.94e-17	2.10e-12	7.71e-09	5.49e-05	1.49e-02	9.85e-01	0.00e+00	0.00e+00	0.00e+00	7.94e-17	9.63e-24	7.55e-66
 3.38780e+22	1.31e-28	9.04e-17	2.30e-12	8.15e-09	5.78e-05	1.54e-02	9.85e-01	0.00e+00	0.00e+00	0.00e+00	9.04e-17	1.10e-23	3.15e-66
 3.40217e+22	1.38e-28	1.00e-16	2.47e-12	8.51e-09	6.01e-05	1.58e-02	9.84e-01	0.00e+00	0.00e+00	0.00e+00	1.00e-16	1.22e-23	5.22e-66
 3.41413e+22	1.58e-28	1.11e-16	2.65e-12	8.87e-09	6.24e-05	1.62e-02	9.84e-01	0.00e+00	0.00e+00	0.00e+00	1.11e-16	1.34e-23	9.51e-66
 3.42768e+22	1.98e-28	1.25e-16	2.89e-12	9.34e-09	6.54e-05	1.67e-02	9.83e-01	0.00e+00	0.00e+00	0.00e+00	1.25e-16	1.52e-23	1.48e-65
 3.44156e+22	2.40e-28	1.39e-16	3.12e-12	9.77e-09	6.81e-05	1.71e-02	9.83e-01	0.00e+00	0.00e+00	0.00e+00	1.39e-16	1.69e-23	2.13e-65
 3.45341e+22	2.87e-28	1.53e-16	3.34e-12	1.02e-08	7.07e-05	1.75e-02	9.82e-01	0.00e+00	0.00e+00	0.00e+00	1.53e-16	1.86e-23	3.05e-65
 3.46446e+22	3.36e-28	1.69e-16	3.58e-12	1.06e-08	7.34e-05	1.80e-02	9.82e-01	0.00e+00	0.00e+00	0.00e+00	1.69e-16	2.05e-23	4.31e-65
 3.47694e+22	4.22e-28	1.91e-16	3.90e-12	1.11e-08	7.69e-05	1.85e-02	9.81e-01	0.00e+00	0.00e+00	0.00e+00	1.91e-16	2.32e-23	6.66e-65
 3.48957e+22	5.04e-28	2.10e-16	4.18e-12	1.16e-08	7.99e-05	1.90e-02	9.81e-01	0.00e+00	0.00e+00	0.00e+00	2.10e-16	2.56e-23	9.41e-65
 3.50239e+22	6.26e-28	2.40e-16	4.59e-12	1.22e-08	8.40e-05	1.96e-02	9.80e-01	0.00e+00	0.00e+00	0.00e+00	2.40e-16	2.92e-23	1.50e-64
 3.51517e+22	7.71e-28	2.67e-16	4.95e-12	1.28e-08	8.74e-05	2.01e-02	9.80e-01	0.00e+00	0.00e+00	0.00e+00	2.67e-16	3.25e-23	2.20e-64
 3.52540e+22	8.98e-28	2.93e-16	5.28e-12	1.32e-08	9.05e-05	2.05e-02	9.79e-01	0.00e+00	0.00e+00	0.00e+00	2.93e-16	3.56e-23	3.04e-64
 3.53622e+22	1.08e-27	3.29e-16	5.73e-12	1.39e-08	9.46e-05	2.11e-02	9.79e-01	0.00e+00	0.00e+00	0.00e+00	3.29e-16	4.00e-23	4.56e-64
 3.54735e+22	1.31e-27	3.62e-16	6.14e-12	1.44e-08	9.81e-05	2.15e-02	9.78e-01	0.00e+00	0.00e+00	0.00e+00	3.62e-16	4.40e-23	6.37e-64
 3.55888e+22	1.63e-27	4.14e-16	6.75e-12	1.52e-08	1.03e-04	2.22e-02	9.78e-01	0.00e+00	0.00e+00	0.00e+00	4.14e-16	5.03e-23	1.02e-63
 3.57020e+22	1.95e-27	4.56e-16	7.24e-12	1.59e-08	1.07e-04	2.27e-02	9.77e-01	0.00e+00	0.00e+00	0.00e+00	4.56e-16	5.55e-23	1.42e-63
 3.58123e+22	2.47e-27	5.24e-16	7.99e-12	1.68e-08	1.13e-04	2.34e-02	9.76e-01	0.00e+00	0.00e+00	0.00e+00	5.24e-16	6.39e-23	2.32e-63
 3.59210e+22	2.93e-27	5.79e-16	8.58e-12	1.75e-08	1.17e-04	2.40e-02	9.76e-01	0.00e+00	0.00e+00	0.00e+00	5.79e-16	7.05e-23	3.25e-63
 3.60276e+22	3.62e-27	6.61e-16	9.44e-12	1.85e-08	1.23e-04	2.47e-02	9.75e-01	0.00e+00	0.00e+00	0.00e+00	6.61e-16	8.05e-23	5.11e-63
 3.61381e+22	4.46e-27	7.44e-16	1.03e-11	1.94e-08	1.28e-04	2.53e-02	9.75e-01	0.00e+00	0.00e+00	0.00e+00	7.44e-16	9.06e-23	7.62e-63
 3.62342e+22	5.30e-27	8.26e-16	1.11e-11	2.03e-08	1.33e-04	2.59e-02	9.74e-01	0.00e+00	0.00e+00	0.00e+00	8.26e-16	1.01e-22	1.08e-62
 3.63395e+22	6.75e-27	9.63e-16	1.24e-11	2.16e-08	1.41e-04	2.67e-02	9.73e-01	0.00e+00	0.00e+00	0.00e+00	9.63e-16	1.17e-22	1.81e-62
 3.64434e+22	8.05e-27	1.07e-15	1.34e-11	2.26e-08	1.47e-04	2.73e-02	9.73e-01	0.00e+00	0.00e+00	0.00e+00	1.07e-15	1.31e-22	2.57e-62
 3.65455e+22	1.02e-26	1.25e-15	1.50e-11	2.41e-08	1.55e-04	2.82e-02	9.72e-01	0.00e+00	0.00e+00	0.00e+00	1.25e-15	1.53e-22	4.28e-62
 3.66459e+22	1.22e-26	1.39e-15	1.62e-11	2.53e-08	1.61e-04	2.88e-02	9.71e-01	0.00e+00	0.00e+00	0.00e+00	1.39e-15	1.70e-22	6.03e-62
 3.67438e+22	1.55e-26	1.64e-15	1.82e-11	2.71e-08	1.71e-04	2.97e-02	9.70e-01	0.00e+00	0.00e+00	0.00e+00	1.64e-15	2.00e-22	1.02e-61
 3.68412e+22	1.84e-26	1.83e-15	1.98e-11	2.85e-08	1.78e-04	3.04e-02	9.69e-01	0.00e+00	0.00e+00	0.00e+00	1.83e-15	2.24e-22	1.45e-61
 3.69377e+22	2.36e-26	2.18e-15	2.24e-11	3.07e-08	1.88e-04	3.14e-02	9.68e-01	0.00e+00	0.00e+00	0.00e+00	2.18e-15	2.66e-22	2.48e-61
 3.70349e+22	2.85e-26	2.46e-15	2.46e-11	3.24e-08	1.97e-04	3.21e-02	9.68e-01	0.00e+00	0.00e+00	0.00e+00	2.46e-15	3.01e-22	3.65e-61
 3.71330e+22	3.69e-26	2.96e-15	2.82e-11	3.52e-08	2.09e-04	3.32e-02	9.67e-01	0.00e+00	0.00e+00	0.00e+00	2.96e-15	3.61e-22	6.38e-61
 3.72321e+22	4.50e-26	3.38e-15	3.12e-11	3.75e-08	2.19e-04	3.40e-02	9.66e-01	0.00e+00	0.00e+00	0.00e+00	3.38e-15	4.13e-22	9.63e-61
 3.73326e+22	5.87e-26	4.09e-15	3.59e-11	4.09e-08	2.34e-04	3.52e-02	9.65e-01	0.00e+00	0.00e+00	0.00e+00	4.09e-15	4.99e-22	1.70e-60
 3.74322e+22	7.20e-26	4.72e-15	4.00e-11	4.37e-08	2.46e-04	3.61e-02	9.64e-01	0.00e+00	0.00e+00	0.00e+00	4.72e-15	5.77e-22	2.60e-60
 3.75305e+22	9.43e-26	5.74e-15	4.63e-11	4.80e-08	2.62e-04	3.73e-02	9.62e-01	0.00e+00	0.00e+00	0.00e+00	5.74e-15	7.01e-22	4.62e-60
 3.76305e+22	1.17e-25	6.71e-15	5.22e-11	5.17e-08	2.76e-04	3.83e-02	9.61e-01	0.00e+00	0.00e+00	0.00e+00	6.71e-15	8.21e-22	7.31e-60
 3.77325e+22	1.57e-25	8.29e-15	6.13e-11	5.72e-08	2.96e-04	3.97e-02	9.60e-01	0.00e+00	0.00e+00	0.00e+00	8.29e-15	1.01e-21	1.34e-59
 3.78355e+22	1.97e-25	9.81e-15	6.96e-11	6.21e-08	3.13e-04	4.08e-02	9.59e-01	0.00e+00	0.00e+00	0.00e+00	9.81e-15	1.20e-21	2.17e-59
 3.79400e+22	2.66e-25	1.23e-14	8.27e-11	6.93e-08	3.37e-04	4.23e-02	9.57e-01	0.00e+00	0.00e+00	0.00e+00	1.23e-14	1.50e-21	4.09e-59
 3.80450e+22	3.37e-25	1.46e-14	9.44e-11	7.55e-08	3.57e-04	4.35e-02	9.56e-01	0.00e+00	0.00e+00	0.00e+00	1.46e-14	1.79e-21	6.65e-59
 3.81357e+22	4.23e-25	1.73e-14	1.08e-10	8.23e-08	3.77e-04	4.47e-02	9.55e-01	0.00e+00	0.00e+00	0.00e+00	1.73e-14	2.13e-21	1.08e-58
 3.82386e+22	5.71e-25	2.17e-14	1.28e-10	9.21e-08	4.06e-04	4.63e-02	9.53e-01	0.00e+00	0.00e+00	0.00e+00	2.17e-14	2.66e-21	2.00e-58
 3.83415e+22	7.17e-25	2.58e-14	1.46e-10	1.00e-07	4.29e-04	4.76e-02	9.52e-01	0.00e+00	0.00e+00	0.00e+00	2.58e-14	3.17e-21	3.22e-58
 3.84443e+22	9.75e-25	3.25e-14	1.75e-10	1.13e-07	4.62e-04	4.94e-02	9.50e-01	0.00e+00	0.00e+00	0.00e+00	3.25e-14	3.99e-21	6.03e-58
 3.85480e+22	1.22e-24	3.84e-14	1.99e-10	1.23e-07	4.87e-04	5.07e-02	9.49e-01	0.00e+00	0.00e+00	0.00e+00	3.84e-14	4.71e-21	9.51e-58
 3.86528e+22	1.65e-24	4.84e-14	2.38e-10	1.38e-07	5.25e-04	5.25e-02	9.47e-01	0.00e+00	0.00e+00	0.00e+00	4.84e-14	5.94e-21	1.78e-57
 3.87596e+22	2.08e-24	5.75e-14	2.73e-10	1.51e-07	5.55e-04	5.40e-02	9.45e-01	0.00e+00	0.00e+00	0.00e+00	5.75e-14	7.06e-21	2.83e-57
 3.88692e+22	2.84e-24	7.27e-14	3.27e-10	1.71e-07	5.99e-04	5.60e-02	9.43e-01	0.00e+00	0.00e+00	0.00e+00	7.27e-14	8.94e-21	5.32e-57
 3.89815e+22	3.59e-24	8.68e-14	3.76e-10	1.87e-07	6.35e-04	5.76e-02	9.42e-01	0.00e+00	0.00e+00	0.00e+00	8.68e-14	1.07e-20	8.57e-57
 3.90973e+22	4.92e-24	1.10e-13	4.52e-10	2.12e-07	6.85e-04	5.97e-02	9.40e-01	0.00e+00	0.00e+00	0.00e+00	1.10e-13	1.35e-20	1.61e-56
 3.92155e+22	6.26e-24	1.32e-13	5.21e-10	2.33e-07	7.27e-04	6.15e-02	9.38e-01	0.00e+00	0.00e+00	0.00e+00	1.32e-13	1.62e-20	2.62e-56
 3.93366e+22	8.58e-24	1.67e-13	6.28e-10	2.64e-07	7.86e-04	6.38e-02	9.35e-01	0.00e+00	0.00e+00	0.00e+00	1.67e-13	2.06e-20	4.92e-56
 3.94586e+22	1.09e-23	2.00e-13	7.22e-10	2.90e-07	8.33e-04	6.56e-02	9.34e-01	0.00e+00	0.00e+00	0.00e+00	2.00e-13	2.46e-20	7.90e-56
 3.95816e+22	1.47e-23	2.52e-13	8.64e-10	3.28e-07	8.99e-04	6.80e-02	9.31e-01	0.00e+00	0.00e+00	0.00e+00	2.52e-13	3.10e-20	1.45e-55
 3.97078e+22	1.88e-23	3.02e-13	9.97e-10	3.61e-07	9.55e-04	7.00e-02	9.29e-01	0.00e+00	0.00e+00	0.00e+00	3.02e-13	3.72e-20	2.35e-55
 3.98174e+22	2.36e-23	3.57e-13	1.14e-09	3.95e-07	1.01e-03	7.19e-02	9.27e-01	0.00e+00	0.00e+00	0.00e+00	3.57e-13	4.40e-20	3.66e-55
 3.99391e+22	3.14e-23	4.41e-13	1.34e-09	4.43e-07	1.08e-03	7.43e-02	9.25e-01	0.00e+00	0.00e+00	0.00e+00	4.41e-13	5.45e-20	6.43e-55
 4.00620e+22	3.91e-23	5.21e-13	1.53e-09	4.84e-07	1.15e-03	7.63e-02	9.23e-01	0.00e+00	0.00e+00	0.00e+00	5.21e-13	6.43e-20	9.96e-55
 4.01866e+22	5.23e-23	6.45e-13	1.81e-09	5.43e-07	1.23e-03	7.90e-02	9.20e-01	0.00e+00	0.00e+00	0.00e+00	6.45e-13	7.97e-20	1.75e-54
 4.03132e+22	6.52e-23	7.58e-13	2.06e-09	5.93e-07	1.30e-03	8.11e-02	9.18e-01	0.00e+00	0.00e+00	0.00e+00	7.58e-13	9.37e-20	2.68e-54
 4.04244e+22	8.08e-23	8.90e-13	2.34e-09	6.46e-07	1.37e-03	8.32e-02	9.15e-01	0.00e+00	0.00e+00	0.00e+00	8.90e-13	1.10e-19	4.09e-54
 4.05511e+22	1.08e-22	1.10e-12	2.76e-09	7.24e-07	1.47e-03	8.60e-02	9.13e-01	0.00e+00	0.00e+00	0.00e+00	1.10e-12	1.36e-19	7.12e-54
 4.06770e+22	1.31e-22	1.27e-12	3.09e-09	7.84e-07	1.55e-03	8.80e-02	9.10e-01	0.00e+00	0.00e+00	0.00e+00	1.27e-12	1.57e-19	1.04e-53
 4.08018e+22	1.73e-22	1.55e-12	3.63e-09	8.74e-07	1.66e-03	9.09e-02	9.07e-01	0.00e+00	0.00e+00	0.00e+00	1.55e-12	1.92e-19	1.77e-53
 4.09290e+22	2.12e-22	1.80e-12	4.07e-09	9.48e-07	1.75e-03	9.31e-02	9.05e-01	0.00e+00	0.00e+00	0.00e+00	1.80e-12	2.23e-19	2.61e-53
 4.10593e+22	2.79e-22	2.20e-12	4.78e-09	1.06e-06	1.87e-03	9.62e-02	9.02e-01	0.00e+00	0.00e+00	0.00e+00	2.20e-12	2.73e-19	4.43e-53
 4.11922e+22	3.44e-22	2.55e-12	5.38e-09	1.15e-06	1.97e-03	9.86e-02	8.99e-01	0.00e+00	0.00e+00	0.00e+00	2.55e-12	3.17e-19	6.58e-53
 4.13282e+22	1.69e-23	3.13e-12	6.32e-09	1.29e-06	2.11e-03	1.02e-01	8.96e-01	0.00e+00	0.00e+00	0.00e+00	3.13e-12	3.89e-19	9.82e-53
 4.14667e+22	2.00e-23	3.64e-12	7.13e-09	1.40e-06	2.23e-03	1.04e-01	8.93e-01	0.00e+00	0.00e+00	0.00e+00	3.64e-12	4.52e-19	1.67e-52
 4.16084e+22	2.58e-23	4.46e-12	8.38e-09	1.56e-06	2.39e-03	1.08e-01	8.90e-01	0.00e+00	0.00e+00	0.00e+00	4.46e-12	5.55e-19	2.85e-52
 4.17469e+22	3.05e-23	5.09e-12	9.30e-09	1.69e-06	2.51e-03	1.10e-01	8.87e-01	0.00e+00	0.00e+00	0.00e+00	5.09e-12	6.33e-19	4.05e-52
 4.18812e+22	3.90e-23	6.18e-12	1.09e-08	1.88e-06	2.68e-03	1.14e-01	8.83e-01	0.00e+00	0.00e+00	0.00e+00	6.18e-12	7.70e-19	6.74e-52
 4.20175e+22	4.62e-23	7.06e-12	1.21e-08	2.02e-06	2.81e-03	1.16e-01	8.81e-01	0.00e+00	0.00e+00	0.00e+00	7.06e-12	8.79e-19	9.59e-52
 4.21564e+22	5.85e-23	8.50e-12	1.40e-08	2.24e-06	3.01e-03	1.20e-01	8.77e-01	0.00e+00	0.00e+00	0.00e+00	8.50e-12	1.06e-18	1.56e-51
 4.22995e+22	7.07e-23	9.86e-12	1.58e-08	2.44e-06	3.17e-03	1.23e-01	8.74e-01	0.00e+00	0.00e+00	0.00e+00	9.86e-12	1.23e-18	2.32e-51
 4.24481e+22	8.94e-23	1.19e-11	1.83e-08	2.71e-06	3.38e-03	1.27e-01	8.70e-01	0.00e+00	0.00e+00	0.00e+00	1.19e-11	1.48e-18	3.78e-51
 4.26015e+22	1.09e-22	1.39e-11	2.07e-08	2.96e-06	3.58e-03	1.30e-01	8.66e-01	0.00e+00	0.00e+00	0.00e+00	1.39e-11	1.73e-18	5.72e-51
 4.27609e+22	1.40e-22	1.68e-11	2.41e-08	3.29e-06	3.83e-03	1.34e-01	8.62e-01	0.00e+00	0.00e+00	0.00e+00	1.68e-11	2.10e-18	9.50e-51
 4.29246e+22	1.72e-22	1.97e-11	2.74e-08	3.61e-06	4.06e-03	1.38e-01	8.58e-01	0.00e+00	0.00e+00	0.00e+00	1.97e-11	2.47e-18	1.45e-50
 4.30935e+22	2.21e-22	2.40e-11	3.20e-08	4.03e-06	4.36e-03	1.42e-01	8.53e-01	0.00e+00	0.00e+00	0.00e+00	2.40e-11	3.01e-18	2.44e-50
 4.32678e+22	2.75e-22	2.83e-11	3.66e-08	4.43e-06	4.62e-03	1.46e-01	8.49e-01	0.00e+00	0.00e+00	0.00e+00	2.83e-11	3.55e-18	3.79e-50
 4.34489e+22	3.58e-22	3.47e-11	4.30e-08	4.98e-06	4.98e-03	1.51e-01	8.44e-01	0.00e+00	0.00e+00	0.00e+00	3.47e-11	4.36e-18	6.53e-50
 4.36363e+22	4.50e-22	4.12e-11	4.95e-08	5.50e-06	5.30e-03	1.56e-01	8.39e-01	0.00e+00	0.00e+00	0.00e+00	4.12e-11	5.19e-18	1.04e-49
 4.38063e+22	5.61e-22	4.88e-11	5.66e-08	6.05e-06	5.64e-03	1.60e-01	8.34e-01	0.00e+00	0.00e+00	0.00e+00	4.88e-11	6.15e-18	1.62e-49
 4.40014e+22	7.42e-22	6.03e-11	6.71e-08	6.84e-06	6.09e-03	1.66e-01	8.28e-01	0.00e+00	0.00e+00	0.00e+00	6.03e-11	7.61e-18	2.86e-49
 4.42003e+22	9.39e-22	7.19e-11	7.73e-08	7.57e-06	6.49e-03	1.70e-01	8.23e-01	0.00e+00	0.00e+00	0.00e+00	7.19e-11	9.09e-18	4.56e-49
 4.44042e+22	1.26e-21	8.95e-11	9.21e-08	8.58e-06	7.03e-03	1.77e-01	8.16e-01	0.00e+00	0.00e+00	0.00e+00	8.95e-11	1.13e-17	8.18e-49
 4.46108e+22	1.60e-21	1.07e-10	1.06e-07	9.52e-06	7.50e-03	1.82e-01	8.11e-01	0.00e+00	0.00e+00	0.00e+00	1.07e-10	1.36e-17	1.32e-48
 4.48209e+22	2.17e-21	1.35e-10	1.28e-07	1.09e-05	8.15e-03	1.88e-01	8.03e-01	0.00e+00	0.00e+00	0.00e+00	1.35e-10	1.71e-17	2.42e-48
 4.50332e+22	2.77e-21	1.62e-10	1.48e-07	1.21e-05	8.70e-03	1.94e-01	7.97e-01	0.00e+00	0.00e+00	0.00e+00	1.62e-10	2.06e-17	3.91e-48
 4.52484e+22	3.80e-21	2.06e-10	1.80e-07	1.38e-05	9.49e-03	2.01e-01	7.89e-01	0.00e+00	0.00e+00	0.00e+00	2.06e-10	2.63e-17	7.35e-48
 4.54648e+22	4.85e-21	2.47e-10	2.08e-07	1.54e-05	1.01e-02	2.07e-01	7.83e-01	0.00e+00	0.00e+00	0.00e+00	2.47e-10	3.16e-17	1.19e-47
 4.56458e+22	6.05e-21	2.92e-10	2.38e-07	1.69e-05	1.08e-02	2.13e-01	7.77e-01	0.00e+00	0.00e+00	0.00e+00	2.92e-10	3.73e-17	1.83e-47
 4.58441e+22	8.20e-21	3.67e-10	2.86e-07	1.93e-05	1.17e-02	2.20e-01	7.68e-01	0.00e+00	0.00e+00	0.00e+00	3.67e-10	4.72e-17	3.32e-47
 4.60397e+22	1.02e-20	4.32e-10	3.26e-07	2.11e-05	1.24e-02	2.26e-01	7.62e-01	0.00e+00	0.00e+00	0.00e+00	4.32e-10	5.55e-17	5.06e-47
 4.62317e+22	1.36e-20	5.40e-10	3.89e-07	2.40e-05	1.34e-02	2.34e-01	7.53e-01	0.00e+00	0.00e+00	0.00e+00	5.40e-10	6.95e-17	8.95e-47
 4.64270e+22	1.70e-20	6.41e-10	4.47e-07	2.65e-05	1.42e-02	2.40e-01	7.46e-01	0.00e+00	0.00e+00	0.00e+00	6.41e-10	8.27e-17	1.39e-46
 4.66265e+22	2.31e-20	8.11e-10	5.40e-07	3.03e-05	1.55e-02	2.48e-01	7.36e-01	0.00e+00	0.00e+00	0.00e+00	8.11e-10	1.05e-16	2.52e-46
 4.68283e+22	2.91e-20	9.69e-10	6.23e-07	3.36e-05	1.65e-02	2.55e-01	7.29e-01	0.00e+00	0.00e+00	0.00e+00	9.69e-10	1.26e-16	3.97e-46
 4.70331e+22	3.96e-20	1.23e-09	7.57e-07	3.85e-05	1.79e-02	2.64e-01	7.18e-01	0.00e+00	0.00e+00	0.00e+00	1.23e-09	1.60e-16	7.25e-46
 4.72417e+22	5.09e-20	1.50e-09	8.84e-07	4.30e-05	1.92e-02	2.71e-01	7.10e-01	0.00e+00	0.00e+00	0.00e+00	1.50e-09	1.95e-16	1.17e-45
 4.74553e+22	7.03e-20	1.93e-09	1.09e-06	4.98e-05	2.10e-02	2.81e-01	6.98e-01	0.00e+00	0.00e+00	0.00e+00	1.93e-09	2.53e-16	2.20e-45
 4.76726e+22	9.14e-20	2.36e-09	1.28e-06	5.59e-05	2.26e-02	2.89e-01	6.88e-01	0.00e+00	0.00e+00	0.00e+00	2.36e-09	3.10e-16	3.62e-45
 4.78948e+22	1.28e-19	3.09e-09	1.59e-06	6.52e-05	2.48e-02	3.00e-01	6.75e-01	0.00e+00	0.00e+00	0.00e+00	3.09e-09	4.07e-16	6.92e-45
 4.81200e+22	1.68e-19	3.81e-09	1.88e-06	7.37e-05	2.67e-02	3.09e-01	6.64e-01	0.00e+00	0.00e+00	0.00e+00	3.81e-09	5.05e-16	1.15e-44
 4.83424e+22	2.33e-19	4.95e-09	2.33e-06	8.58e-05	2.93e-02	3.20e-01	6.51e-01	0.00e+00	0.00e+00	0.00e+00	4.95e-09	6.59e-16	2.15e-44
 4.85549e+22	2.97e-19	5.97e-09	2.71e-06	9.57e-05	3.13e-02	3.28e-01	6.41e-01	0.00e+00	0.00e+00	0.00e+00	5.97e-09	7.98e-16	3.35e-44
 4.87613e+22	4.07e-19	7.66e-09	3.32e-06	1.11e-04	3.42e-02	3.39e-01	6.27e-01	0.00e+00	0.00e+00	0.00e+00	7.66e-09	1.03e-15	6.01e-44
 4.89715e+22	5.28e-19	9.32e-09	3.90e-06	1.24e-04	3.66e-02	3.48e-01	6.16e-01	0.00e+00	0.00e+00	0.00e+00	9.32e-09	1.26e-15	9.50e-44
 4.91765e+22	7.14e-19	1.18e-08	4.73e-06	1.43e-04	3.98e-02	3.58e-01	6.02e-01	0.00e+00	0.00e+00	0.00e+00	1.18e-08	1.61e-15	1.63e-43
 4.93860e+22	9.20e-19	1.44e-08	5.60e-06	1.62e-04	4.28e-02	3.67e-01	5.90e-01	0.00e+00	0.00e+00	0.00e+00	1.44e-08	1.98e-15	2.60e-43
 4.95899e+22	1.24e-18	1.80e-08	6.71e-06	1.84e-04	4.63e-02	3.78e-01	5.76e-01	0.00e+00	0.00e+00	0.00e+00	1.80e-08	2.49e-15	4.26e-43
 4.97978e+22	1.63e-18	2.21e-08	7.97e-06	2.09e-04	4.99e-02	3.87e-01	5.63e-01	0.00e+00	0.00e+00	0.00e+00	2.21e-08	3.09e-15	6.77e-43
 5.00042e+22	2.21e-18	2.73e-08	9.50e-06	2.38e-04	5.38e-02	3.97e-01	5.49e-01	0.00e+00	0.00e+00	0.00e+00	2.73e-08	3.86e-15	1.08e-42
 5.02114e+22	2.94e-18	3.34e-08	1.13e-05	2.70e-04	5.79e-02	4.07e-01	5.35e-01	0.00e+00	0.00e+00	0.00e+00	3.34e-08	4.79e-15	1.68e-42
 5.04164e+22	3.97e-18	4.07e-08	1.33e-05	3.06e-04	6.23e-02	4.16e-01	5.21e-01	0.00e+00	0.00e+00	0.00e+00	4.07e-08	5.92e-15	2.60e-42
 5.06211e+22	5.41e-18	4.95e-08	1.57e-05	3.46e-04	6.69e-02	4.25e-01	5.08e-01	0.00e+00	0.00e+00	0.00e+00	4.95e-08	7.30e-15	3.96e-42
 5.08263e+22	7.44e-18	6.00e-08	1.86e-05	3.91e-04	7.18e-02	4.34e-01	4.94e-01	0.00e+00	0.00e+00	0.00e+00	6.00e-08	8.98e-15	5.98e-42
 5.10324e+22	1.03e-17	7.25e-08	2.18e-05	4.41e-04	7.70e-02	4.43e-01	4.80e-01	0.00e+00	0.00e+00	0.00e+00	7.25e-08	1.10e-14	8.94e-42
 5.12400e+22	1.44e-17	8.73e-08	2.57e-05	4.98e-04	8.25e-02	4.52e-01	4.65e-01	0.00e+00	0.00e+00	0.00e+00	8.73e-08	1.35e-14	1.32e-41
 5.14497e+22	2.03e-17	1.05e-07	3.01e-05	5.62e-04	8.84e-02	4.60e-01	4.51e-01	0.00e+00	0.00e+00	0.00e+00	1.05e-07	1.65e-14	1.95e-41
 5.16620e+22	2.86e-17	1.26e-07	3.53e-05	6.34e-04	9.46e-02	4.68e-01	4.37e-01	0.00e+00	0.00e+00	0.00e+00	1.26e-07	2.02e-14	2.84e-41
 5.18752e+22	4.00e-17	1.50e-07	4.13e-05	7.13e-04	1.01e-01	4.76e-01	4.23e-01	0.00e+00	0.00e+00	0.00e+00	1.50e-07	2.46e-14	4.10e-41
 5.20920e+22	5.59e-17	1.79e-07	4.84e-05	8.05e-04	1.08e-01	4.83e-01	4.08e-01	5.59e-17	1.50e-22	3.55e-23	1.79e-07	2.99e-14	5.93e-41
 5.23114e+22	7.70e-17	2.13e-07	5.64e-05	9.04e-04	1.15e-01	4.90e-01	3.94e-01	7.70e-17	2.83e-21	4.50e-22	2.13e-07	3.62e-14	8.44e-41
 5.25354e+22	1.06e-16	2.54e-07	6.61e-05	1.02e-03	1.23e-01	4.97e-01	3.79e-01	1.06e-16	3.91e-21	6.23e-22	2.54e-07	4.40e-14	1.21e-40
 5.27436e+22	1.39e-16	2.91e-07	7.49e-05	1.12e-03	1.30e-01	5.02e-01	3.67e-01	1.39e-16	5.13e-21	8.17e-22	2.91e-07	5.12e-14	1.61e-40
 5.29582e+22	2.56e-15	3.48e-07	8.80e-05	1.27e-03	1.39e-01	5.08e-01	3.52e-01	2.56e-15	9.48e-20	1.51e-20	3.48e-07	6.22e-14	2.31e-40
 5.31766e+22	3.12e-15	3.99e-07	9.97e-05	1.40e-03	1.46e-01	5.12e-01	3.40e-01	3.12e-15	1.16e-19	1.85e-20	3.99e-07	7.23e-14	3.06e-40
 5.34002e+22	4.00e-15	4.75e-07	1.17e-04	1.59e-03	1.56e-01	5.17e-01	3.25e-01	4.00e-15	1.49e-19	2.38e-20	4.75e-07	8.76e-14	4.36e-40
 5.36241e+22	4.84e-15	5.41e-07	1.32e-04	1.74e-03	1.64e-01	5.21e-01	3.13e-01	4.84e-15	1.80e-19	2.89e-20	5.41e-07	1.01e-13	5.74e-40
 5.38484e+22	6.16e-15	6.38e-07	1.54e-04	1.96e-03	1.75e-01	5.24e-01	2.99e-01	6.16e-15	2.30e-19	3.69e-20	6.38e-07	1.21e-13	8.06e-40
 5.40744e+22	7.44e-15	7.24e-07	1.73e-04	2.15e-03	1.83e-01	5.27e-01	2.88e-01	7.44e-15	2.79e-19	4.48e-20	7.24e-07	1.39e-13	1.05e-39
 5.43024e+22	9.45e-15	8.49e-07	2.02e-04	2.42e-03	1.95e-01	5.29e-01	2.74e-01	9.45e-15	3.56e-19	5.71e-20	8.49e-07	1.65e-13	1.47e-39
 5.45325e+22	1.14e-14	9.60e-07	2.26e-04	2.64e-03	2.04e-01	5.30e-01	2.63e-01	1.14e-14	4.31e-19	6.94e-20	9.60e-07	1.88e-13	1.91e-39
 5.47653e+22	1.45e-14	1.12e-06	2.62e-04	2.97e-03	2.16e-01	5.31e-01	2.49e-01	1.45e-14	5.50e-19	8.87e-20	1.12e-06	2.23e-13	2.64e-39
 5.50010e+22	1.76e-14	1.26e-06	2.93e-04	3.24e-03	2.26e-01	5.32e-01	2.39e-01	1.76e-14	6.70e-19	1.08e-19	1.26e-06	2.54e-13	3.43e-39
 5.52406e+22	2.25e-14	1.47e-06	3.40e-04	3.64e-03	2.39e-01	5.31e-01	2.26e-01	2.25e-14	8.59e-19	1.39e-19	1.47e-06	2.99e-13	4.76e-39
 5.54843e+22	2.76e-14	1.66e-06	3.80e-04	3.97e-03	2.49e-01	5.31e-01	2.16e-01	2.76e-14	1.06e-18	1.71e-19	1.66e-06	3.41e-13	6.21e-39
 5.57336e+22	3.55e-14	1.93e-06	4.40e-04	4.45e-03	2.63e-01	5.29e-01	2.03e-01	3.55e-14	1.37e-18	2.22e-19	1.93e-06	4.01e-13	8.65e-39
 5.59884e+22	4.42e-14	2.18e-06	4.93e-04	4.86e-03	2.75e-01	5.27e-01	1.93e-01	4.42e-14	1.70e-18	2.77e-19	2.18e-06	4.57e-13	1.14e-38
 5.62502e+22	5.78e-14	2.53e-06	5.71e-04	5.46e-03	2.90e-01	5.23e-01	1.81e-01	5.78e-14	2.25e-18	3.66e-19	2.53e-06	5.38e-13	1.60e-38
 5.65178e+22	7.33e-14	2.85e-06	6.40e-04	5.96e-03	3.02e-01	5.20e-01	1.72e-01	7.33e-14	2.86e-18	4.67e-19	2.85e-06	6.14e-13	2.14e-38
 5.67435e+22	9.02e-14	3.17e-06	7.08e-04	6.45e-03	3.13e-01	5.17e-01	1.64e-01	9.02e-14	3.53e-18	5.77e-19	3.17e-06	6.88e-13	2.74e-38
 5.69879e+22	1.18e-13	3.62e-06	8.05e-04	7.14e-03	3.27e-01	5.12e-01	1.53e-01	1.18e-13	4.64e-18	7.61e-19	3.62e-06	7.95e-13	3.76e-38
 5.72256e+22	1.46e-13	3.98e-06	8.81e-04	7.66e-03	3.38e-01	5.08e-01	1.46e-01	1.46e-13	5.78e-18	9.49e-19	3.98e-06	8.83e-13	4.76e-38
 5.74546e+22	1.92e-13	4.48e-06	9.91e-04	8.41e-03	3.51e-01	5.02e-01	1.37e-01	1.92e-13	7.61e-18	1.25e-18	4.48e-06	1.01e-12	6.35e-38
 5.76859e+22	2.45e-13	4.93e-06	1.08e-03	9.00e-03	3.62e-01	4.97e-01	1.31e-01	2.45e-13	9.76e-18	1.61e-18	4.93e-06	1.12e-12	8.14e-38
 5.79201e+22	3.34e-13	5.55e-06	1.22e-03	9.86e-03	3.76e-01	4.90e-01	1.23e-01	3.34e-13	1.34e-17	2.21e-18	5.55e-06	1.27e-12	1.10e-37
 5.81575e+22	4.50e-13	6.10e-06	1.33e-03	1.06e-02	3.87e-01	4.85e-01	1.17e-01	4.50e-13	1.82e-17	3.00e-18	6.10e-06	1.41e-12	1.42e-37
 5.83991e+22	6.62e-13	6.86e-06	1.49e-03	1.16e-02	4.01e-01	4.77e-01	1.09e-01	6.62e-13	2.69e-17	4.46e-18	6.86e-06	1.61e-12	1.93e-37
 5.86441e+22	9.98e-13	7.56e-06	1.63e-03	1.24e-02	4.12e-01	4.70e-01	1.03e-01	9.98e-13	4.07e-17	6.77e-18	7.56e-06	1.80e-12	2.52e-37
 5.88936e+22	1.70e-12	8.50e-06	1.83e-03	1.35e-02	4.27e-01	4.61e-01	9.61e-02	1.70e-12	6.99e-17	1.17e-17	8.50e-06	2.05e-12	3.49e-37
 5.91472e+22	3.33e-12	9.37e-06	2.00e-03	1.45e-02	4.38e-01	4.54e-01	9.08e-02	3.33e-12	1.37e-16	2.30e-17	9.37e-06	2.29e-12	4.65e-37
 5.94062e+22	7.81e-12	1.06e-05	2.25e-03	1.59e-02	4.54e-01	4.44e-01	8.40e-02	7.81e-12	3.25e-16	5.45e-17	1.06e-05	2.62e-12	6.64e-37
 5.96706e+22	2.40e-11	1.17e-05	2.46e-03	1.70e-02	4.65e-01	4.36e-01	7.91e-02	2.40e-11	1.00e-15	1.69e-16	1.17e-05	2.93e-12	9.53e-37
 5.99419e+22	6.59e-11	1.32e-05	2.77e-03	1.86e-02	4.81e-01	4.25e-01	7.27e-02	6.59e-11	2.78e-15	4.69e-16	1.32e-05	3.37e-12	1.55e-36
 6.02203e+22	1.23e-10	1.46e-05	3.04e-03	2.00e-02	4.92e-01	4.16e-01	6.81e-02	1.23e-10	5.25e-15	8.87e-16	1.46e-05	3.78e-12	2.39e-36
 6.05077e+22	1.91e-10	1.66e-05	3.43e-03	2.19e-02	5.08e-01	4.04e-01	6.23e-02	1.91e-10	8.21e-15	1.39e-15	1.66e-05	4.38e-12	3.83e-36
 6.07991e+22	2.50e-10	1.84e-05	3.77e-03	2.35e-02	5.20e-01	3.95e-01	5.80e-02	2.50e-10	1.08e-14	1.84e-15	1.84e-05	4.94e-12	5.55e-36
 6.10955e+22	3.35e-10	2.09e-05	4.25e-03	2.57e-02	5.35e-01	3.82e-01	5.28e-02	3.35e-10	1.47e-14	2.50e-15	2.09e-05	5.73e-12	8.70e-36
 6.13955e+22	4.19e-10	2.32e-05	4.67e-03	2.75e-02	5.47e-01	3.72e-01	4.91e-02	4.19e-10	1.85e-14	3.16e-15	2.32e-05	6.48e-12	1.26e-35
 6.16999e+22	5.31e-10	2.64e-05	5.26e-03	3.01e-02	5.62e-01	3.59e-01	4.44e-02	5.31e-10	2.37e-14	4.08e-15	2.64e-05	7.54e-12	1.96e-35
 6.20087e+22	6.47e-10	2.94e-05	5.78e-03	3.22e-02	5.72e-01	3.48e-01	4.12e-02	6.47e-10	2.92e-14	5.03e-15	2.94e-05	8.56e-12	2.86e-35
 6.22800e+22	7.66e-10	3.25e-05	6.33e-03	3.45e-02	5.83e-01	3.38e-01	3.80e-02	7.65e-10	3.49e-14	6.03e-15	3.25e-05	9.64e-12	4.05e-35
 6.25899e+22	9.48e-10	3.71e-05	7.10e-03	3.75e-02	5.96e-01	3.24e-01	3.43e-02	9.48e-10	4.37e-14	7.60e-15	3.71e-05	1.13e-11	6.38e-35
 6.29052e+22	1.11e-09	4.11e-05	7.79e-03	4.02e-02	6.07e-01	3.13e-01	3.15e-02	1.11e-09	5.19e-14	9.05e-15	4.11e-05	1.28e-11	9.16e-35
 6.31612e+22	1.28e-09	4.51e-05	8.43e-03	4.26e-02	6.15e-01	3.04e-01	2.93e-02	1.28e-09	6.03e-14	1.05e-14	4.51e-05	1.42e-11	1.26e-34
 6.34276e+22	1.50e-09	5.03e-05	9.25e-03	4.54e-02	6.25e-01	2.94e-01	2.69e-02	1.50e-09	7.17e-14	1.26e-14	5.03e-05	1.62e-11	1.85e-34
 6.37072e+22	1.73e-09	5.54e-05	1.00e-02	4.82e-02	6.33e-01	2.84e-01	2.49e-02	1.73e-09	8.35e-14	1.47e-14	5.54e-05	1.82e-11	2.59e-34
 6.39634e+22	1.98e-09	6.08e-05	1.09e-02	5.10e-02	6.40e-01	2.75e-01	2.30e-02	1.98e-09	9.66e-14	1.71e-14	6.08e-05	2.04e-11	3.60e-34
 6.42561e+22	2.34e-09	6.85e-05	1.20e-02	5.47e-02	6.49e-01	2.63e-01	2.08e-02	2.34e-09	1.16e-13	2.05e-14	6.85e-05	2.36e-11	5.50e-34
 6.45561e+22	2.69e-09	7.57e-05	1.31e-02	5.81e-02	6.57e-01	2.53e-01	1.90e-02	2.69e-09	1.35e-13	2.40e-14	7.57e-05	2.67e-11	7.85e-34
 6.48193e+22	3.07e-09	8.33e-05	1.42e-02	6.14e-02	6.63e-01	2.44e-01	1.75e-02	3.07e-09	1.55e-13	2.77e-14	8.33e-05	3.00e-11	1.10e-33
 6.51150e+22	3.60e-09	9.40e-05	1.56e-02	6.56e-02	6.70e-01	2.33e-01	1.58e-02	3.60e-09	1.85e-13	3.33e-14	9.40e-05	3.48e-11	1.69e-33
 6.54252e+22	4.13e-09	1.04e-04	1.70e-02	6.97e-02	6.76e-01	2.23e-01	1.44e-02	4.13e-09	2.16e-13	3.88e-14	1.04e-04	3.97e-11	2.47e-33
 6.57061e+22	4.71e-09	1.15e-04	1.85e-02	7.36e-02	6.81e-01	2.14e-01	1.31e-02	4.71e-09	2.50e-13	4.51e-14	1.15e-04	4.50e-11	3.54e-33
 6.60235e+22	5.56e-09	1.31e-04	2.04e-02	7.88e-02	6.87e-01	2.02e-01	1.17e-02	5.56e-09	3.00e-13	5.45e-14	1.31e-04	5.28e-11	5.62e-33
 6.63506e+22	6.37e-09	1.46e-04	2.23e-02	8.37e-02	6.91e-01	1.93e-01	1.06e-02	6.37e-09	3.49e-13	6.37e-14	1.46e-04	6.05e-11	8.32e-33
 6.66414e+22	7.28e-09	1.62e-04	2.42e-02	8.83e-02	6.94e-01	1.84e-01	9.60e-03	7.28e-09	4.06e-13	7.42e-14	1.62e-04	6.90e-11	1.21e-32
 6.69707e+22	8.60e-09	1.85e-04	2.68e-02	9.44e-02	6.97e-01	1.73e-01	8.50e-03	8.60e-09	4.90e-13	9.00e-14	1.85e-04	8.15e-11	1.96e-32
 6.73127e+22	9.92e-09	2.08e-04	2.92e-02	1.00e-01	6.99e-01	1.64e-01	7.60e-03	9.92e-09	5.76e-13	1.06e-13	2.08e-04	9.44e-11	2.97e-32
 6.76204e+22	1.13e-08	2.32e-04	3.18e-02	1.06e-01	7.00e-01	1.56e-01	6.84e-03	1.13e-08	6.71e-13	1.24e-13	2.32e-04	1.09e-10	4.42e-32
 6.79696e+22	1.35e-08	2.66e-04	3.53e-02	1.13e-01	7.00e-01	1.45e-01	5.96e-03	1.35e-08	8.18e-13	1.53e-13	2.66e-04	1.30e-10	7.38e-32
 6.83290e+22	1.56e-08	3.00e-04	3.86e-02	1.19e-01	7.00e-01	1.37e-01	5.29e-03	1.56e-08	9.64e-13	1.81e-13	3.00e-04	1.51e-10	1.13e-31
 6.86525e+22	1.79e-08	3.36e-04	4.20e-02	1.26e-01	6.98e-01	1.29e-01	4.71e-03	1.79e-08	1.13e-12	2.13e-13	3.36e-04	1.76e-10	1.73e-31
 6.90241e+22	2.15e-08	3.90e-04	4.68e-02	1.35e-01	6.95e-01	1.19e-01	4.04e-03	2.15e-08	1.40e-12	2.64e-13	3.90e-04	2.13e-10	2.98e-31
 6.93997e+22	2.47e-08	4.39e-04	5.10e-02	1.42e-01	6.92e-01	1.11e-01	3.56e-03	2.47e-08	1.64e-12	3.12e-13	4.39e-04	2.49e-10	4.61e-31
 6.97807e+22	2.98e-08	5.12e-04	5.68e-02	1.52e-01	6.86e-01	1.02e-01	3.03e-03	2.98e-08	2.05e-12	3.91e-13	5.12e-04	3.04e-10	8.04e-31
 7.01661e+22	3.46e-08	5.79e-04	6.20e-02	1.60e-01	6.80e-01	9.50e-02	2.65e-03	3.46e-08	2.43e-12	4.67e-13	5.79e-04	3.58e-10	1.26e-30
 7.05574e+22	4.17e-08	6.76e-04	6.90e-02	1.70e-01	6.72e-01	8.65e-02	2.23e-03	4.17e-08	3.03e-12	5.85e-13	6.76e-04	4.40e-10	2.23e-30
 7.09523e+22	3.77e-08	7.66e-04	7.52e-02	1.78e-01	6.64e-01	8.02e-02	1.94e-03	3.77e-08	2.81e-12	5.45e-13	7.66e-04	5.18e-10	3.22e-30
 7.13519e+22	4.70e-08	8.98e-04	8.37e-02	1.90e-01	6.52e-01	7.24e-02	1.62e-03	4.70e-08	3.63e-12	7.07e-13	8.98e-04	6.40e-10	5.84e-30
 7.17557e+22	5.60e-08	1.02e-03	9.11e-02	1.98e-01	6.41e-01	6.67e-02	1.40e-03	5.60e-08	4.45e-12	8.70e-13	1.02e-03	7.57e-10	9.33e-30
 7.21649e+22	6.99e-08	1.20e-03	1.01e-01	2.10e-01	6.27e-01	5.98e-02	1.15e-03	6.99e-08	5.76e-12	1.13e-12	1.20e-03	9.41e-10	1.71e-29
 7.25794e+22	8.33e-08	1.36e-03	1.10e-01	2.19e-01	6.14e-01	5.47e-02	9.86e-04	8.32e-08	7.08e-12	1.40e-12	1.36e-03	1.12e-09	2.75e-29
 7.30009e+22	1.04e-07	1.61e-03	1.23e-01	2.31e-01	5.96e-01	4.85e-02	8.02e-04	1.04e-07	9.22e-12	1.83e-12	1.61e-03	1.40e-09	5.10e-29
 7.34148e+22	1.23e-07	1.82e-03	1.33e-01	2.39e-01	5.82e-01	4.43e-02	6.87e-04	1.23e-07	1.12e-11	2.23e-12	1.82e-03	1.65e-09	8.02e-29
 7.37615e+22	1.45e-07	2.05e-03	1.43e-01	2.47e-01	5.67e-01	4.05e-02	5.91e-04	1.44e-07	1.36e-11	2.71e-12	2.05e-03	1.94e-09	1.24e-28
 7.40962e+22	1.68e-07	2.30e-03	1.53e-01	2.55e-01	5.52e-01	3.70e-02	5.08e-04	1.68e-07	1.62e-11	3.25e-12	2.30e-03	2.26e-09	1.89e-28
 7.44728e+22	2.03e-07	2.65e-03	1.67e-01	2.64e-01	5.33e-01	3.29e-02	4.18e-04	2.03e-07	2.05e-11	4.12e-12	2.65e-03	2.76e-09	3.21e-28
 7.48478e+22	2.37e-07	2.97e-03	1.79e-01	2.71e-01	5.17e-01	3.00e-02	3.59e-04	2.37e-07	2.46e-11	4.96e-12	2.97e-03	3.22e-09	4.86e-28
 7.52209e+22	2.86e-07	3.43e-03	1.95e-01	2.80e-01	4.96e-01	2.65e-02	2.92e-04	2.86e-07	3.09e-11	6.26e-12	3.43e-03	3.92e-09	8.27e-28
 7.55995e+22	3.34e-07	3.83e-03	2.08e-01	2.86e-01	4.79e-01	2.40e-02	2.49e-04	3.34e-07	3.72e-11	7.57e-12	3.83e-03	4.58e-09	1.25e-27
 7.59852e+22	4.05e-07	4.42e-03	2.26e-01	2.93e-01	4.56e-01	2.10e-02	2.01e-04	4.05e-07	4.71e-11	9.62e-12	4.42e-03	5.59e-09	2.14e-27
 7.63771e+22	4.75e-07	4.97e-03	2.41e-01	2.98e-01	4.37e-01	1.88e-02	1.68e-04	4.75e-07	5.72e-11	1.17e-11	4.97e-03	6.57e-09	3.28e-27
 7.67768e+22	5.80e-07	5.75e-03	2.61e-01	3.04e-01	4.13e-01	1.62e-02	1.33e-04	5.80e-07	7.31e-11	1.50e-11	5.75e-03	8.09e-09	5.71e-27
 7.71754e+22	6.76e-07	6.42e-03	2.78e-01	3.08e-01	3.94e-01	1.44e-02	1.11e-04	6.76e-07	8.83e-11	1.82e-11	6.42e-03	9.45e-09	8.66e-27
 7.75111e+22	7.81e-07	7.12e-03	2.93e-01	3.10e-01	3.76e-01	1.29e-02	9.32e-05	7.80e-07	1.05e-10	2.18e-11	7.12e-03	1.09e-08	1.28e-26
 7.78231e+22	8.91e-07	7.82e-03	3.09e-01	3.12e-01	3.60e-01	1.16e-02	7.91e-05	8.90e-07	1.24e-10	2.57e-11	7.82e-03	1.25e-08	1.83e-26
 7.81209e+22	1.01e-06	8.57e-03	3.23e-01	3.14e-01	3.44e-01	1.05e-02	6.73e-05	1.01e-06	1.46e-10	3.02e-11	8.57e-03	1.43e-08	2.60e-26
 7.84632e+22	1.19e-06	9.61e-03	3.43e-01	3.14e-01	3.24e-01	9.11e-03	5.45e-05	1.19e-06	1.79e-10	3.71e-11	9.61e-03	1.69e-08	4.07e-26
 7.88080e+22	1.36e-06	1.05e-02	3.59e-01	3.14e-01	3.08e-01	8.14e-03	4.59e-05	1.36e-06	2.10e-10	4.38e-11	1.05e-02	1.92e-08	5.81e-26
 7.91559e+22	1.60e-06	1.18e-02	3.80e-01	3.13e-01	2.87e-01	7.02e-03	3.67e-05	1.60e-06	2.59e-10	5.40e-11	1.18e-02	2.27e-08	9.12e-26
 7.95045e+22	1.83e-06	1.29e-02	3.97e-01	3.12e-01	2.72e-01	6.22e-03	3.05e-05	1.83e-06	3.05e-10	6.38e-11	1.29e-02	2.60e-08	1.30e-25
 7.98080e+22	2.07e-06	1.41e-02	4.14e-01	3.10e-01	2.57e-01	5.53e-03	2.56e-05	2.07e-06	3.58e-10	7.50e-11	1.41e-02	2.95e-08	1.83e-25
 8.01564e+22	2.42e-06	1.56e-02	4.34e-01	3.06e-01	2.39e-01	4.74e-03	2.04e-05	2.42e-06	4.37e-10	9.18e-11	1.56e-02	3.45e-08	2.83e-25
 8.05123e+22	2.76e-06	1.71e-02	4.52e-01	3.03e-01	2.24e-01	4.15e-03	1.67e-05	2.76e-06	5.17e-10	1.09e-10	1.71e-02	3.94e-08	4.05e-25
 8.08282e+22	3.13e-06	1.86e-02	4.69e-01	2.99e-01	2.10e-01	3.65e-03	1.38e-05	3.13e-06	6.08e-10	1.28e-10	1.86e-02	4.48e-08	5.73e-25
 8.11894e+22	3.67e-06	2.06e-02	4.91e-01	2.93e-01	1.93e-01	3.08e-03	1.07e-05	3.67e-06	7.47e-10	1.58e-10	2.06e-02	5.25e-08	8.92e-25
 8.15549e+22	4.18e-06	2.24e-02	5.08e-01	2.87e-01	1.79e-01	2.67e-03	8.71e-06	4.17e-06	8.83e-10	1.87e-10	2.24e-02	5.99e-08	1.28e-24
 8.18774e+22	4.73e-06	2.43e-02	5.25e-01	2.81e-01	1.67e-01	2.32e-03	7.09e-06	4.73e-06	1.04e-09	2.20e-10	2.43e-02	6.78e-08	1.80e-24
 8.22478e+22	5.53e-06	2.68e-02	5.46e-01	2.73e-01	1.52e-01	1.93e-03	5.43e-06	5.53e-06	1.28e-09	2.71e-10	2.68e-02	7.94e-08	2.80e-24
 8.26246e+22	6.30e-06	2.91e-02	5.63e-01	2.66e-01	1.40e-01	1.66e-03	4.34e-06	6.29e-06	1.51e-09	3.21e-10	2.91e-02	9.03e-08	4.01e-24
