#depth	Ar	Ar+	Ar+2	Ar+3	Ar+4	Ar+5	Ar+6	Ar+7	Ar+8	Ar+9	Ar+10	Ar+11	Ar+12	Ar+13	Ar+14	Ar+15	Ar+16	Ar+17	Ar+18
 4.62852e+21	0.00e+00	0.00e+00	0.00e+00	0.00e+00	0.00e+00	0.00e+00	0.00e+00	8.09e-26	4.00e-22	6.10e-19	4.56e-16	1.65e-13	4.15e-11	5.27e-09	4.24e-07	3.59e-05	5.30e-03	1.19e-01	8.76e-01
 1.05508e+22	0.00e+00	0.00e+00	0.00e+00	0.00e+00	0.00e+00	0.00e+00	2.19e-27	4.23e-24	1.42e-20	1.48e-17	7.64e-15	1.91e-12	3.32e-10	2.94e-08	1.66e-06	9.88e-05	1.02e-02	1.61e-01	8.29e-01
 1.27300e+22	0.00e+00	0.00e+00	0.00e+00	0.00e+00	0.00e+00	1.78e-29	4.03e-26	6.17e-23	1.59e-19	1.28e-16	5.11e-14	9.95e-12	1.34e-09	9.30e-08	4.13e-06	1.94e-04	1.58e-02	1.95e-01	7.89e-01
 1.43239e+22	0.00e+00	0.00e+00	0.00e+00	0.00e+00	0.00e+00	2.16e-28	4.08e-25	5.20e-22	1.09e-18	7.11e-16	2.32e-13	3.69e-11	4.07e-09	2.32e-07	8.50e-06	3.30e-04	2.22e-02	2.26e-01	7.52e-01
 1.52093e+22	0.00e+00	0.00e+00	0.00e+00	0.00e+00	6.19e-32	1.87e-28	3.37e-25	4.10e-22	1.77e-18	1.09e-15	3.38e-13	5.12e-11	5.37e-09	2.91e-07	1.02e-05	3.77e-04	2.42e-02	2.34e-01	7.42e-01
 1.55200e+22	0.00e+00	0.00e+00	0.00e+00	0.00e+00	1.02e-31	2.98e-28	5.21e-25	6.12e-22	2.53e-18	1.51e-15	4.49e-13	6.54e-11	6.60e-09	3.45e-07	1.16e-05	4.16e-04	2.57e-02	2.40e-01	7.34e-01
 1.57862e+22	0.00e+00	0.00e+00	0.00e+00	0.00e+00	1.68e-31	4.75e-28	8.02e-25	9.11e-22	3.63e-18	2.08e-15	5.95e-13	8.34e-11	8.11e-09	4.09e-07	1.33e-05	4.58e-04	2.74e-02	2.46e-01	7.26e-01
 1.60914e+22	0.00e+00	0.00e+00	0.00e+00	0.00e+00	3.10e-31	8.39e-28	1.36e-24	1.48e-21	5.62e-18	3.07e-15	8.38e-13	1.12e-10	1.04e-08	5.02e-07	1.56e-05	5.16e-04	2.95e-02	2.54e-01	7.16e-01
 1.64055e+22	0.00e+00	0.00e+00	0.00e+00	0.00e+00	5.38e-31	1.40e-27	2.19e-24	2.30e-21	8.35e-18	4.37e-15	1.14e-12	1.47e-10	1.31e-08	6.05e-07	1.81e-05	5.74e-04	3.15e-02	2.61e-01	7.07e-01
 1.66766e+22	0.00e+00	0.00e+00	0.00e+00	0.00e+00	8.92e-31	2.25e-27	3.39e-24	3.44e-21	1.20e-17	6.03e-15	1.52e-12	1.88e-10	1.61e-08	7.18e-07	2.07e-05	6.33e-04	3.36e-02	2.67e-01	6.98e-01
 1.69201e+22	0.00e+00	0.00e+00	0.00e+00	0.00e+00	1.40e-30	3.42e-27	5.00e-24	4.91e-21	1.65e-17	8.04e-15	1.96e-12	2.34e-10	1.94e-08	8.36e-07	2.34e-05	6.91e-04	3.54e-02	2.73e-01	6.91e-01
 1.71820e+22	0.00e+00	0.00e+00	0.00e+00	0.00e+00	2.32e-30	5.49e-27	7.77e-24	7.37e-21	2.38e-17	1.11e-14	2.60e-12	2.99e-10	2.39e-08	9.90e-07	2.67e-05	7.61e-04	3.77e-02	2.80e-01	6.82e-01
 1.74639e+22	0.00e+00	0.00e+00	0.00e+00	0.00e+00	3.84e-30	8.79e-27	1.20e-23	1.10e-20	3.43e-17	1.54e-14	3.46e-12	3.83e-10	2.94e-08	1.17e-06	3.05e-05	8.39e-04	4.00e-02	2.87e-01	6.73e-01
 1.77185e+22	0.00e+00	0.00e+00	0.00e+00	0.00e+00	6.10e-30	1.35e-26	1.79e-23	1.59e-20	4.78e-17	2.07e-14	4.49e-12	4.80e-10	3.56e-08	1.37e-06	3.45e-05	9.17e-04	4.23e-02	2.93e-01	6.64e-01
 1.79964e+22	0.00e+00	0.00e+00	0.00e+00	0.00e+00	1.06e-29	2.26e-26	2.89e-23	2.47e-20	7.10e-17	2.94e-14	6.12e-12	6.27e-10	4.45e-08	1.65e-06	3.99e-05	1.02e-03	4.51e-02	3.00e-01	6.54e-01
 1.82871e+22	0.00e+00	0.00e+00	0.00e+00	0.00e+00	1.78e-29	3.67e-26	4.53e-23	3.74e-20	1.03e-16	4.10e-14	8.20e-12	8.08e-10	5.52e-08	1.97e-06	4.57e-05	1.12e-03	4.80e-02	3.07e-01	6.44e-01
 1.85336e+22	0.00e+00	0.00e+00	0.00e+00	0.00e+00	2.78e-29	5.57e-26	6.67e-23	5.33e-20	1.42e-16	5.46e-14	1.05e-11	1.00e-09	6.63e-08	2.29e-06	5.14e-05	1.22e-03	5.06e-02	3.13e-01	6.35e-01
 1.87929e+22	0.00e+00	0.00e+00	0.00e+00	0.00e+00	2.49e-29	4.81e-26	5.57e-23	8.03e-20	2.05e-16	7.57e-14	1.41e-11	1.29e-09	8.16e-08	2.71e-06	5.88e-05	1.35e-03	5.37e-02	3.20e-01	6.25e-01
 1.90698e+22	0.00e+00	0.00e+00	0.00e+00	0.00e+00	4.07e-29	7.63e-26	8.53e-23	1.19e-19	2.92e-16	1.04e-13	1.86e-11	1.64e-09	1.00e-07	3.20e-06	6.69e-05	1.48e-03	5.68e-02	3.27e-01	6.15e-01
 1.93203e+22	0.00e+00	0.00e+00	0.00e+00	0.00e+00	6.42e-29	1.17e-25	1.27e-22	1.71e-19	4.05e-16	1.39e-13	2.40e-11	2.04e-09	1.20e-07	3.72e-06	7.53e-05	1.61e-03	5.99e-02	3.33e-01	6.06e-01
 1.95965e+22	0.00e+00	0.00e+00	0.00e+00	0.00e+00	1.11e-28	1.94e-25	2.03e-22	2.63e-19	5.98e-16	1.96e-13	3.25e-11	2.65e-09	1.50e-07	4.46e-06	8.67e-05	1.78e-03	6.37e-02	3.40e-01	5.95e-01
 1.98865e+22	0.00e+00	0.00e+00	0.00e+00	4.47e-32	1.85e-28	3.13e-25	3.17e-22	3.96e-19	8.65e-16	2.73e-13	4.34e-11	3.41e-09	1.85e-07	5.29e-06	9.91e-05	1.96e-03	6.75e-02	3.47e-01	5.84e-01
 2.01298e+22	0.00e+00	0.00e+00	0.00e+00	7.13e-32	2.87e-28	4.71e-25	4.62e-22	5.60e-19	1.18e-15	3.61e-13	5.55e-11	4.22e-09	2.22e-07	6.13e-06	1.11e-04	2.13e-03	7.09e-02	3.53e-01	5.74e-01
 2.03475e+22	0.00e+00	0.00e+00	0.00e+00	1.09e-31	4.25e-28	6.81e-25	6.50e-22	7.68e-19	1.57e-15	4.64e-13	6.92e-11	5.10e-09	2.60e-07	6.98e-06	1.23e-04	2.29e-03	7.41e-02	3.58e-01	5.66e-01
 2.05968e+22	0.00e+00	0.00e+00	0.00e+00	1.81e-31	6.89e-28	1.07e-24	9.88e-22	1.13e-18	2.22e-15	6.31e-13	9.06e-11	6.44e-09	3.16e-07	8.18e-06	1.39e-04	2.50e-03	7.81e-02	3.64e-01	5.55e-01
 2.08686e+22	0.00e+00	0.00e+00	0.00e+00	3.06e-31	1.12e-27	1.69e-24	1.51e-21	1.66e-18	3.15e-15	8.62e-13	1.19e-10	8.16e-09	3.86e-07	9.63e-06	1.58e-04	2.74e-03	8.24e-02	3.70e-01	5.44e-01
 2.11196e+22	0.00e+00	0.00e+00	0.00e+00	4.98e-31	1.77e-27	2.58e-24	2.24e-21	2.39e-18	4.37e-15	1.15e-12	1.54e-10	1.02e-08	4.65e-07	1.12e-05	1.77e-04	2.98e-03	8.66e-02	3.76e-01	5.34e-01
 2.13958e+22	0.00e+00	0.00e+00	0.00e+00	8.88e-31	3.06e-27	4.29e-24	3.59e-21	3.68e-18	6.46e-15	1.63e-12	2.09e-10	1.32e-08	5.80e-07	1.34e-05	2.04e-04	3.28e-03	9.18e-02	3.83e-01	5.22e-01
 2.16708e+22	0.00e+00	0.00e+00	0.00e+00	1.48e-30	4.94e-27	6.70e-24	5.42e-21	5.37e-18	9.09e-15	2.22e-12	2.73e-10	1.67e-08	7.06e-07	1.57e-05	2.31e-04	3.58e-03	9.67e-02	3.88e-01	5.11e-01
 2.18948e+22	0.00e+00	0.00e+00	0.00e+00	2.29e-30	7.43e-27	9.81e-24	7.72e-21	7.42e-18	1.22e-14	2.88e-12	3.44e-10	2.03e-08	8.33e-07	1.80e-05	2.56e-04	3.86e-03	1.01e-01	3.93e-01	5.02e-01
 2.21363e+22	0.00e+00	0.00e+00	0.00e+00	3.78e-30	1.19e-26	1.52e-23	1.16e-20	1.08e-17	1.71e-14	3.89e-12	4.47e-10	2.55e-08	1.01e-06	2.10e-05	2.88e-04	4.20e-03	1.06e-01	3.99e-01	4.91e-01
 2.24005e+22	0.00e+00	0.00e+00	0.00e+00	6.30e-30	1.92e-26	2.38e-23	1.75e-20	1.57e-17	2.40e-14	5.27e-12	5.85e-10	3.21e-08	1.22e-06	2.46e-05	3.26e-04	4.57e-03	1.11e-01	4.04e-01	4.80e-01
 2.26469e+22	0.00e+00	0.00e+00	0.00e+00	1.01e-29	2.98e-26	3.58e-23	2.56e-20	2.23e-17	3.28e-14	6.97e-12	7.48e-10	3.97e-08	1.46e-06	2.84e-05	3.64e-04	4.94e-03	1.17e-01	4.09e-01	4.69e-01
 2.29200e+22	0.00e+00	0.00e+00	0.00e+00	1.78e-29	5.09e-26	5.90e-23	4.07e-20	3.40e-17	4.82e-14	9.80e-12	1.01e-09	5.15e-08	1.82e-06	3.39e-05	4.17e-04	5.43e-03	1.23e-01	4.14e-01	4.57e-01
 2.31924e+22	0.00e+00	0.00e+00	0.00e+00	2.97e-29	8.20e-26	9.19e-23	6.13e-20	4.94e-17	6.76e-14	1.33e-11	1.32e-09	6.48e-08	2.21e-06	3.97e-05	4.70e-04	5.91e-03	1.29e-01	4.19e-01	4.45e-01
 2.34137e+22	0.00e+00	0.00e+00	0.00e+00	4.54e-29	1.22e-25	1.33e-22	8.64e-20	6.77e-17	8.99e-14	1.71e-11	1.65e-09	7.85e-08	2.59e-06	4.52e-05	5.20e-04	6.34e-03	1.35e-01	4.23e-01	4.36e-01
 2.36513e+22	0.00e+00	0.00e+00	1.91e-32	7.48e-29	1.95e-25	2.06e-22	1.29e-19	9.79e-17	1.25e-13	2.30e-11	2.14e-09	9.84e-08	3.13e-06	5.27e-05	5.84e-04	6.87e-03	1.41e-01	4.27e-01	4.24e-01
 2.39099e+22	0.00e+00	0.00e+00	3.25e-32	1.24e-28	3.13e-25	3.20e-22	1.94e-19	1.42e-16	1.75e-13	3.11e-11	2.78e-09	1.24e-07	3.79e-06	6.15e-05	6.58e-04	7.46e-03	1.48e-01	4.31e-01	4.13e-01
 2.41497e+22	0.00e+00	0.00e+00	5.27e-32	1.96e-28	4.81e-25	4.77e-22	2.81e-19	1.98e-16	2.38e-13	4.08e-11	3.54e-09	1.52e-07	4.52e-06	7.08e-05	7.33e-04	8.04e-03	1.54e-01	4.35e-01	4.03e-01
 2.44151e+22	0.00e+00	0.00e+00	9.79e-32	3.52e-28	8.31e-25	7.93e-22	4.48e-19	3.04e-16	3.51e-13	5.78e-11	4.81e-09	1.98e-07	5.64e-06	8.48e-05	8.40e-04	8.83e-03	1.62e-01	4.39e-01	3.89e-01
 2.46742e+22	0.00e+00	0.00e+00	1.58e-31	5.54e-28	1.27e-24	1.18e-21	6.46e-19	4.24e-16	4.75e-13	7.56e-11	6.09e-09	2.43e-07	6.69e-06	9.73e-05	9.33e-04	9.49e-03	1.69e-01	4.42e-01	3.79e-01
 2.48905e+22	0.00e+00	0.00e+00	2.52e-31	8.61e-28	1.92e-24	1.72e-21	9.18e-19	5.84e-16	6.35e-13	9.82e-11	7.67e-09	2.96e-07	7.92e-06	1.12e-04	1.03e-03	1.02e-02	1.75e-01	4.44e-01	3.69e-01
 2.51373e+22	0.00e+00	0.00e+00	4.35e-31	1.44e-27	3.11e-24	2.70e-21	1.39e-18	8.52e-16	8.95e-13	1.33e-10	1.00e-08	3.73e-07	9.62e-06	1.30e-04	1.17e-03	1.10e-02	1.83e-01	4.47e-01	3.57e-01
 2.53990e+22	0.00e+00	0.00e+00	7.57e-31	2.44e-27	5.07e-24	4.24e-21	2.10e-18	1.24e-15	1.26e-12	1.81e-10	1.32e-08	4.73e-07	1.17e-05	1.53e-04	1.32e-03	1.20e-02	1.91e-01	4.49e-01	3.46e-01
 2.56276e+22	0.00e+00	0.00e+00	1.19e-30	3.75e-27	7.59e-24	6.17e-21	2.97e-18	1.70e-15	1.68e-12	2.34e-10	1.65e-08	5.74e-07	1.38e-05	1.75e-04	1.45e-03	1.28e-02	1.98e-01	4.51e-01	3.36e-01
 2.58723e+22	0.00e+00	0.00e+00	2.12e-30	6.45e-27	1.26e-23	9.86e-21	4.57e-18	2.51e-15	2.39e-12	3.22e-10	2.19e-08	7.32e-07	1.70e-05	2.06e-04	1.64e-03	1.40e-02	2.07e-01	4.53e-01	3.24e-01
 2.61199e+22	0.00e+00	0.00e+00	3.48e-30	1.03e-26	1.95e-23	1.47e-20	6.60e-18	3.50e-15	3.24e-12	4.24e-10	2.79e-08	9.02e-07	2.02e-05	2.38e-04	1.83e-03	1.50e-02	2.15e-01	4.54e-01	3.14e-01
 2.63298e+22	0.00e+00	0.00e+00	5.36e-30	1.55e-26	2.85e-23	2.10e-20	9.13e-18	4.69e-15	4.24e-12	5.39e-10	3.45e-08	1.08e-06	2.36e-05	2.69e-04	2.01e-03	1.60e-02	2.22e-01	4.55e-01	3.05e-01
 2.65613e+22	0.00e+00	0.00e+00	9.26e-30	2.60e-26	4.61e-23	3.27e-20	1.37e-17	6.76e-15	5.93e-12	7.29e-10	4.50e-08	1.37e-06	2.87e-05	3.15e-04	2.26e-03	1.73e-02	2.32e-01	4.55e-01	2.93e-01
 2.68037e+22	0.00e+00	0.00e+00	1.52e-29	4.14e-26	7.11e-23	4.88e-20	1.98e-17	9.42e-15	8.03e-12	9.58e-10	5.73e-08	1.68e-06	3.42e-05	3.63e-04	2.51e-03	1.85e-02	2.40e-01	4.55e-01	2.83e-01
 2.70234e+22	0.00e+00	0.00e+00	2.48e-29	6.57e-26	1.09e-22	7.25e-20	2.84e-17	1.30e-14	1.08e-11	1.25e-09	7.26e-08	2.07e-06	4.07e-05	4.18e-04	2.79e-03	1.98e-02	2.48e-01	4.55e-01	2.73e-01
 2.72378e+22	0.00e+00	0.00e+00	3.98e-29	1.03e-25	1.66e-22	1.06e-19	4.02e-17	1.78e-14	1.44e-11	1.63e-09	9.15e-08	2.52e-06	4.82e-05	4.78e-04	3.08e-03	2.12e-02	2.57e-01	4.55e-01	2.64e-01
 2.74447e+22	0.00e+00	0.00e+00	6.24e-29	1.57e-25	2.45e-22	1.53e-19	5.60e-17	2.40e-14	1.90e-11	2.08e-09	1.14e-07	3.05e-06	5.66e-05	5.44e-04	3.39e-03	2.26e-02	2.65e-01	4.54e-01	2.55e-01
 2.76761e+22	0.00e+00	0.00e+00	1.10e-28	2.68e-25	4.03e-22	2.41e-19	8.47e-17	3.48e-14	2.67e-11	2.84e-09	1.50e-07	3.87e-06	6.92e-05	6.40e-04	3.83e-03	2.44e-02	2.75e-01	4.52e-01	2.44e-01
 2.79095e+22	0.00e+00	0.00e+00	1.76e-28	4.16e-25	6.06e-22	3.51e-19	1.19e-16	4.74e-14	3.55e-11	3.66e-09	1.88e-07	4.70e-06	8.16e-05	7.30e-04	4.22e-03	2.60e-02	2.84e-01	4.51e-01	2.35e-01
 2.81141e+22	0.00e+00	0.00e+00	2.82e-28	6.48e-25	9.14e-22	5.11e-19	1.68e-16	6.42e-14	4.70e-11	4.73e-09	2.36e-07	5.73e-06	9.64e-05	8.35e-04	4.65e-03	2.77e-02	2.92e-01	4.49e-01	2.26e-01
 2.83158e+22	0.00e+00	0.00e+00	4.43e-28	9.92e-25	1.36e-21	7.34e-19	2.33e-16	8.62e-14	6.17e-11	6.05e-09	2.93e-07	6.92e-06	1.13e-04	9.48e-04	5.11e-03	2.94e-02	3.01e-01	4.46e-01	2.18e-01
 2.85454e+22	0.00e+00	0.00e+00	7.78e-28	1.68e-24	2.21e-21	1.15e-18	3.51e-16	1.24e-13	8.64e-11	8.20e-09	3.85e-07	8.74e-06	1.38e-04	1.11e-03	5.74e-03	3.17e-02	3.11e-01	4.43e-01	2.07e-01
 2.87751e+22	0.00e+00	0.00e+00	1.27e-27	2.66e-24	3.37e-21	1.69e-18	4.96e-16	1.69e-13	1.15e-10	1.06e-08	4.85e-07	1.07e-05	1.64e-04	1.28e-03	6.35e-03	3.38e-02	3.20e-01	4.40e-01	1.98e-01
 2.89670e+22	0.00e+00	0.00e+00	1.94e-27	3.96e-24	4.88e-21	2.37e-18	6.74e-16	2.22e-13	1.48e-10	1.34e-08	5.95e-07	1.28e-05	1.90e-04	1.44e-03	6.92e-03	3.57e-02	3.28e-01	4.37e-01	1.91e-01
 2.91786e+22	0.00e+00	0.00e+00	3.27e-27	6.47e-24	7.69e-21	3.59e-18	9.81e-16	3.10e-13	2.02e-10	1.77e-08	7.65e-07	1.59e-05	2.28e-04	1.66e-03	7.70e-03	3.81e-02	3.38e-01	4.33e-01	1.82e-01
 2.93997e+22	0.00e+00	1.19e-32	5.30e-27	1.02e-23	1.17e-20	5.26e-18	1.38e-15	4.20e-13	2.68e-10	2.30e-08	9.63e-07	1.94e-05	2.70e-04	1.90e-03	8.48e-03	4.05e-02	3.47e-01	4.28e-01	1.74e-01
 2.95960e+22	0.00e+00	1.92e-32	8.31e-27	1.55e-23	1.72e-20	7.50e-18	1.91e-15	5.58e-13	3.50e-10	2.92e-08	1.19e-06	2.33e-05	3.16e-04	2.16e-03	9.29e-03	4.28e-02	3.55e-01	4.24e-01	1.67e-01
 2.98144e+22	0.00e+00	3.54e-32	1.48e-26	2.67e-23	2.84e-20	1.18e-17	2.86e-15	7.99e-13	4.89e-10	3.98e-08	1.57e-06	2.96e-05	3.87e-04	2.53e-03	1.04e-02	4.60e-02	3.65e-01	4.18e-01	1.57e-01
 3.00278e+22	0.00e+00	5.54e-32	2.26e-26	3.97e-23	4.10e-20	1.65e-17	3.87e-15	1.04e-12	6.28e-10	4.99e-08	1.92e-06	3.52e-05	4.48e-04	2.84e-03	1.13e-02	4.84e-02	3.73e-01	4.13e-01	1.51e-01
 3.02345e+22	0.00e+00	9.78e-32	3.88e-26	6.57e-23	6.51e-20	2.51e-17	5.64e-15	1.46e-12	8.58e-10	6.63e-08	2.48e-06	4.39e-05	5.39e-04	3.30e-03	1.26e-02	5.16e-02	3.82e-01	4.07e-01	1.42e-01
 3.04469e+22	0.00e+00	1.58e-31	6.11e-26	1.01e-22	9.65e-20	3.60e-17	7.79e-15	1.94e-12	1.12e-09	8.46e-08	3.07e-06	5.28e-05	6.31e-04	3.73e-03	1.38e-02	5.44e-02	3.90e-01	4.01e-01	1.36e-01
 3.06344e+22	0.00e+00	2.53e-31	9.51e-26	1.52e-22	1.41e-19	5.08e-17	1.06e-14	2.54e-12	1.44e-09	1.07e-07	3.79e-06	6.33e-05	7.35e-04	4.21e-03	1.50e-02	5.73e-02	3.98e-01	3.95e-01	1.29e-01
 3.08460e+22	0.00e+00	4.49e-31	1.64e-25	2.53e-22	2.26e-19	7.78e-17	1.55e-14	3.56e-12	1.98e-09	1.42e-07	4.90e-06	7.90e-05	8.86e-04	4.88e-03	1.66e-02	6.09e-02	4.07e-01	3.88e-01	1.22e-01
 3.10616e+22	0.00e+00	7.34e-31	2.61e-25	3.91e-22	3.36e-19	1.12e-16	2.15e-14	4.72e-12	2.59e-09	1.82e-07	6.09e-06	9.54e-05	1.04e-03	5.53e-03	1.82e-02	6.41e-02	4.14e-01	3.81e-01	1.16e-01
 3.12503e+22	0.00e+00	1.18e-30	4.09e-25	5.95e-22	4.94e-19	1.58e-16	2.93e-14	6.20e-12	3.34e-09	2.30e-07	7.52e-06	1.14e-04	1.21e-03	6.24e-03	1.98e-02	6.73e-02	4.21e-01	3.74e-01	1.10e-01
 3.14635e+22	0.00e+00	2.11e-30	7.08e-25	9.94e-22	7.92e-19	2.43e-16	4.29e-14	8.66e-12	4.58e-09	3.07e-07	9.73e-06	1.43e-04	1.46e-03	7.22e-03	2.19e-02	7.14e-02	4.29e-01	3.66e-01	1.03e-01
 3.16783e+22	0.00e+00	3.48e-30	1.14e-24	1.55e-21	1.19e-18	3.50e-16	5.94e-14	1.15e-11	6.00e-09	3.94e-07	1.22e-05	1.73e-04	1.72e-03	8.20e-03	2.39e-02	7.51e-02	4.36e-01	3.58e-01	9.70e-02
 3.18611e+22	0.00e+00	5.47e-30	1.75e-24	2.31e-21	1.72e-18	4.88e-16	7.98e-14	1.49e-11	7.66e-09	4.93e-07	1.48e-05	2.06e-04	1.98e-03	9.17e-03	2.59e-02	7.84e-02	4.41e-01	3.51e-01	9.20e-02
 3.20644e+22	0.00e+00	9.65e-30	3.00e-24	3.81e-21	2.72e-18	7.38e-16	1.15e-13	2.05e-11	1.04e-08	6.52e-07	1.90e-05	2.55e-04	2.37e-03	1.06e-02	2.85e-02	8.28e-02	4.48e-01	3.42e-01	8.59e-02
 3.22769e+22	0.00e+00	1.58e-29	4.79e-24	5.91e-21	4.05e-18	1.06e-15	1.59e-13	2.71e-11	1.35e-08	8.32e-07	2.37e-05	3.07e-04	2.78e-03	1.19e-02	3.10e-02	8.67e-02	4.53e-01	3.33e-01	8.09e-02
 3.25013e+22	0.00e+00	2.99e-29	8.77e-24	1.04e-20	6.78e-18	1.68e-15	2.40e-13	3.88e-11	1.90e-08	1.14e-06	3.13e-05	3.91e-04	3.39e-03	1.39e-02	3.45e-02	9.18e-02	4.59e-01	3.22e-01	7.46e-02
 3.27186e+22	0.00e+00	4.76e-29	1.36e-23	1.56e-20	9.87e-18	2.36e-15	3.24e-13	5.03e-11	2.44e-08	1.43e-06	3.84e-05	4.65e-04	3.92e-03	1.56e-02	3.72e-02	9.55e-02	4.63e-01	3.14e-01	7.02e-02
 3.28974e+22	0.00e+00	7.54e-29	2.11e-23	2.34e-20	1.43e-17	3.29e-15	4.33e-13	6.47e-11	3.10e-08	1.79e-06	4.69e-05	5.52e-04	4.53e-03	1.74e-02	4.01e-02	9.93e-02	4.67e-01	3.05e-01	6.61e-02
 3.30738e+22	0.00e+00	1.19e-28	3.24e-23	3.50e-20	2.06e-17	4.57e-15	5.78e-13	8.30e-11	3.94e-08	2.23e-06	5.71e-05	6.54e-04	5.22e-03	1.94e-02	4.31e-02	1.03e-01	4.69e-01	2.97e-01	6.21e-02
 3.32758e+22	0.00e+00	2.14e-28	5.67e-23	5.88e-20	3.30e-17	6.97e-15	8.37e-13	1.14e-10	5.36e-08	2.97e-06	7.37e-05	8.13e-04	6.26e-03	2.23e-02	4.73e-02	1.08e-01	4.72e-01	2.86e-01	5.72e-02
 3.34638e+22	0.00e+00	3.16e-28	8.21e-23	8.28e-20	4.51e-17	9.22e-15	1.07e-12	1.41e-10	6.57e-08	3.58e-06	8.72e-05	9.39e-04	7.05e-03	2.44e-02	5.02e-02	1.11e-01	4.74e-01	2.78e-01	5.41e-02
 3.36027e+22	0.00e+00	4.51e-28	1.15e-22	1.13e-19	5.98e-17	1.19e-14	1.33e-12	1.70e-10	7.89e-08	4.25e-06	1.02e-04	1.07e-03	7.86e-03	2.65e-02	5.30e-02	1.14e-01	4.74e-01	2.71e-01	5.14e-02
 3.37315e+22	0.00e+00	6.39e-28	1.60e-22	1.54e-19	7.90e-17	1.52e-14	1.65e-12	2.04e-10	9.43e-08	5.02e-06	1.18e-04	1.22e-03	8.74e-03	2.88e-02	5.59e-02	1.17e-01	4.75e-01	2.65e-01	4.88e-02
 3.38780e+22	0.00e+00	9.78e-28	2.40e-22	2.23e-19	1.11e-16	2.05e-14	2.15e-12	2.56e-10	1.17e-07	6.15e-06	1.41e-04	1.42e-03	9.94e-03	3.17e-02	5.95e-02	1.21e-01	4.75e-01	2.56e-01	4.58e-02
 3.40217e+22	0.00e+00	1.36e-27	3.29e-22	2.99e-19	1.44e-16	2.60e-14	2.64e-12	3.04e-10	1.39e-07	7.20e-06	1.63e-04	1.60e-03	1.10e-02	3.42e-02	6.25e-02	1.23e-01	4.74e-01	2.49e-01	4.35e-02
 3.41413e+22	0.00e+00	1.88e-27	4.45e-22	3.96e-19	1.86e-16	3.25e-14	3.21e-12	3.59e-10	1.64e-07	8.38e-06	1.87e-04	1.80e-03	1.21e-02	3.67e-02	6.54e-02	1.26e-01	4.74e-01	2.43e-01	4.14e-02
 3.42768e+22	0.00e+00	2.78e-27	6.48e-22	5.59e-19	2.54e-16	4.29e-14	4.08e-12	4.41e-10	2.00e-07	1.01e-05	2.20e-04	2.07e-03	1.36e-02	4.01e-02	6.92e-02	1.29e-01	4.72e-01	2.35e-01	3.88e-02
 3.44156e+22	0.00e+00	3.87e-27	8.87e-22	7.47e-19	3.31e-16	5.42e-14	5.00e-12	5.23e-10	2.37e-07	1.18e-05	2.53e-04	2.33e-03	1.50e-02	4.31e-02	7.24e-02	1.31e-01	4.70e-01	2.28e-01	3.68e-02
 3.45341e+22	0.00e+00	5.30e-27	1.20e-21	9.83e-19	4.24e-16	6.74e-14	6.03e-12	6.12e-10	2.77e-07	1.37e-05	2.89e-04	2.61e-03	1.64e-02	4.62e-02	7.56e-02	1.34e-01	4.68e-01	2.22e-01	3.49e-02
 3.46446e+22	0.00e+00	7.19e-27	1.60e-21	1.28e-18	5.38e-16	8.33e-14	7.23e-12	7.13e-10	3.22e-07	1.58e-05	3.28e-04	2.90e-03	1.79e-02	4.93e-02	7.88e-02	1.36e-01	4.66e-01	2.16e-01	3.31e-02
 3.47694e+22	0.00e+00	1.05e-26	2.30e-21	1.79e-18	7.26e-16	1.08e-13	9.07e-12	8.63e-10	3.89e-07	1.88e-05	3.85e-04	3.32e-03	2.00e-02	5.35e-02	8.28e-02	1.38e-01	4.63e-01	2.08e-01	3.10e-02
 3.48957e+22	3.25e-33	1.42e-26	3.06e-21	2.33e-18	9.21e-16	1.34e-13	1.09e-11	1.00e-09	4.53e-07	2.17e-05	4.36e-04	3.69e-03	2.18e-02	5.70e-02	8.61e-02	1.40e-01	4.60e-01	2.02e-01	2.94e-02
 3.50239e+22	4.94e-33	2.12e-26	4.47e-21	3.30e-18	1.26e-15	1.76e-13	1.37e-11	1.22e-09	5.50e-07	2.60e-05	5.14e-04	4.24e-03	2.44e-02	6.19e-02	9.05e-02	1.43e-01	4.55e-01	1.93e-01	2.73e-02
 3.51517e+22	6.95e-33	2.94e-26	6.10e-21	4.38e-18	1.62e-15	2.19e-13	1.66e-11	1.42e-09	6.44e-07	3.02e-05	5.87e-04	4.74e-03	2.68e-02	6.61e-02	9.41e-02	1.45e-01	4.51e-01	1.87e-01	2.57e-02
 3.52540e+22	9.26e-33	3.86e-26	7.92e-21	5.56e-18	2.00e-15	2.64e-13	1.94e-11	1.62e-09	7.35e-07	3.42e-05	6.56e-04	5.21e-03	2.89e-02	6.99e-02	9.73e-02	1.46e-01	4.46e-01	1.81e-01	2.44e-02
 3.53622e+22	1.32e-32	5.43e-26	1.09e-20	7.47e-18	2.61e-15	3.33e-13	2.36e-11	1.91e-09	8.66e-07	4.00e-05	7.54e-04	5.85e-03	3.17e-02	7.48e-02	1.01e-01	1.48e-01	4.41e-01	1.74e-01	2.29e-02
 3.54735e+22	1.78e-32	7.19e-26	1.43e-20	9.54e-18	3.25e-15	4.03e-13	2.77e-11	2.18e-09	9.92e-07	4.54e-05	8.44e-04	6.43e-03	3.43e-02	7.90e-02	1.04e-01	1.49e-01	4.36e-01	1.68e-01	2.17e-02
 3.55888e+22	2.66e-32	1.06e-25	2.06e-20	1.33e-17	4.37e-15	5.20e-13	3.43e-11	2.59e-09	1.19e-06	5.39e-05	9.84e-04	7.31e-03	3.80e-02	8.51e-02	1.09e-01	1.50e-01	4.29e-01	1.61e-01	2.00e-02
 3.57020e+22	3.55e-32	1.39e-25	2.68e-20	1.69e-17	5.40e-15	6.26e-13	4.02e-11	2.95e-09	1.35e-06	6.10e-05	1.10e-03	8.01e-03	4.09e-02	8.97e-02	1.12e-01	1.51e-01	4.23e-01	1.55e-01	1.89e-02
 3.58123e+22	5.35e-32	2.05e-25	3.90e-20	2.37e-17	7.27e-15	8.07e-13	4.96e-11	3.49e-09	1.62e-06	7.23e-05	1.28e-03	9.11e-03	4.54e-02	9.64e-02	1.17e-01	1.52e-01	4.14e-01	1.47e-01	1.74e-02
 3.59210e+22	7.10e-32	2.69e-25	5.04e-20	2.99e-17	8.94e-15	9.65e-13	5.76e-11	3.94e-09	1.84e-06	8.15e-05	1.42e-03	9.94e-03	4.87e-02	1.01e-01	1.20e-01	1.53e-01	4.08e-01	1.42e-01	1.64e-02
 3.60276e+22	1.03e-31	3.86e-25	7.10e-20	4.07e-17	1.17e-14	1.22e-12	6.99e-11	4.61e-09	2.16e-06	9.53e-05	1.64e-03	1.12e-02	5.34e-02	1.08e-01	1.24e-01	1.53e-01	3.99e-01	1.35e-01	1.52e-02
 3.61381e+22	1.43e-31	5.27e-25	9.55e-20	5.32e-17	1.49e-14	1.49e-12	8.26e-11	5.27e-09	2.49e-06	1.09e-04	1.84e-03	1.23e-02	5.78e-02	1.14e-01	1.27e-01	1.53e-01	3.91e-01	1.29e-01	1.41e-02
 3.62342e+22	1.91e-31	6.92e-25	1.24e-19	6.73e-17	1.83e-14	1.79e-12	9.57e-11	5.93e-09	2.82e-06	1.23e-04	2.05e-03	1.34e-02	6.18e-02	1.19e-01	1.30e-01	1.53e-01	3.84e-01	1.23e-01	1.33e-02
 3.63395e+22	2.86e-31	1.02e-24	1.80e-19	9.38e-17	2.45e-14	2.28e-12	1.17e-10	6.93e-09	3.34e-06	1.44e-04	2.37e-03	1.52e-02	6.80e-02	1.27e-01	1.34e-01	1.52e-01	3.72e-01	1.16e-01	1.21e-02
 3.64434e+22	3.79e-31	1.33e-24	2.32e-19	1.18e-16	2.99e-14	2.71e-12	1.35e-10	7.76e-09	3.77e-06	1.62e-04	2.62e-03	1.65e-02	7.25e-02	1.33e-01	1.37e-01	1.52e-01	3.64e-01	1.11e-01	1.13e-02
 3.65455e+22	5.63e-31	1.95e-24	3.33e-19	1.63e-16	3.96e-14	3.44e-12	1.63e-10	9.00e-09	4.43e-06	1.89e-04	3.01e-03	1.84e-02	7.93e-02	1.41e-01	1.40e-01	1.51e-01	3.52e-01	1.04e-01	1.03e-02
 3.66459e+22	7.37e-31	2.52e-24	4.25e-19	2.03e-16	4.80e-14	4.05e-12	1.86e-10	1.00e-08	4.96e-06	2.10e-04	3.31e-03	1.99e-02	8.41e-02	1.46e-01	1.43e-01	1.50e-01	3.44e-01	9.95e-02	9.63e-03
 3.67438e+22	1.09e-30	3.67e-24	6.10e-19	2.80e-16	6.34e-14	5.11e-12	2.24e-10	1.15e-08	5.80e-06	2.45e-04	3.79e-03	2.22e-02	9.17e-02	1.55e-01	1.46e-01	1.48e-01	3.32e-01	9.29e-02	8.71e-03
 3.68412e+22	1.43e-30	4.76e-24	7.81e-19	3.48e-16	7.68e-14	6.01e-12	2.56e-10	1.28e-08	6.48e-06	2.72e-04	4.15e-03	2.40e-02	9.71e-02	1.60e-01	1.48e-01	1.47e-01	3.23e-01	8.85e-02	8.12e-03
 3.69377e+22	2.12e-30	6.93e-24	1.12e-18	4.79e-16	1.01e-13	7.55e-12	3.06e-10	1.46e-08	7.55e-06	3.16e-04	4.74e-03	2.66e-02	1.05e-01	1.69e-01	1.51e-01	1.45e-01	3.10e-01	8.22e-02	7.31e-03
 3.70349e+22	2.83e-30	9.12e-24	1.45e-18	6.04e-16	1.24e-13	8.94e-12	3.51e-10	1.62e-08	8.46e-06	3.52e-04	5.21e-03	2.88e-02	1.12e-01	1.75e-01	1.52e-01	1.43e-01	3.00e-01	7.78e-02	6.76e-03
 3.71330e+22	4.23e-30	1.34e-23	2.10e-18	8.35e-16	1.63e-13	1.13e-11	4.21e-10	1.86e-08	9.85e-06	4.08e-04	5.93e-03	3.19e-02	1.21e-01	1.83e-01	1.54e-01	1.40e-01	2.86e-01	7.17e-02	6.04e-03
 3.72321e+22	5.70e-30	1.78e-23	2.75e-18	1.06e-15	2.01e-13	1.34e-11	4.83e-10	2.07e-08	1.10e-05	4.55e-04	6.53e-03	3.44e-02	1.28e-01	1.89e-01	1.55e-01	1.38e-01	2.75e-01	6.75e-02	5.54e-03
 3.73326e+22	8.52e-30	2.62e-23	3.97e-18	1.47e-15	2.65e-13	1.69e-11	5.78e-10	2.37e-08	1.28e-05	5.26e-04	7.40e-03	3.81e-02	1.37e-01	1.97e-01	1.57e-01	1.34e-01	2.61e-01	6.19e-02	4.92e-03
 3.74322e+22	1.15e-29	3.49e-23	5.23e-18	1.87e-15	3.26e-13	2.00e-11	6.62e-10	2.62e-08	1.43e-05	5.85e-04	8.12e-03	4.09e-02	1.45e-01	2.03e-01	1.57e-01	1.31e-01	2.51e-01	5.79e-02	4.49e-03
 3.75305e+22	1.72e-29	5.12e-23	7.53e-18	2.57e-15	4.29e-13	2.51e-11	7.90e-10	2.99e-08	1.65e-05	6.71e-04	9.16e-03	4.50e-02	1.55e-01	2.11e-01	1.58e-01	1.27e-01	2.37e-01	5.29e-02	3.97e-03
 3.76305e+22	2.36e-29	6.93e-23	1.01e-17	3.31e-15	5.33e-13	3.01e-11	9.09e-10	3.32e-08	1.85e-05	7.48e-04	1.01e-02	4.84e-02	1.64e-01	2.17e-01	1.58e-01	1.24e-01	2.26e-01	4.91e-02	3.59e-03
 3.77325e+22	3.57e-29	1.03e-22	1.47e-17	4.61e-15	7.07e-13	3.80e-11	1.09e-09	3.79e-08	2.14e-05	8.59e-04	1.13e-02	5.31e-02	1.75e-01	2.24e-01	1.58e-01	1.19e-01	2.12e-01	4.44e-02	3.13e-03
 3.78355e+22	4.94e-29	1.41e-22	1.98e-17	5.98e-15	8.82e-13	4.56e-11	1.26e-09	4.22e-08	2.39e-05	9.55e-04	1.24e-02	5.70e-02	1.83e-01	2.29e-01	1.57e-01	1.16e-01	2.01e-01	4.09e-02	2.81e-03
 3.79400e+22	7.57e-29	2.12e-22	2.91e-17	8.39e-15	1.18e-12	5.78e-11	1.51e-09	4.83e-08	2.75e-05	1.10e-03	1.40e-02	6.23e-02	1.95e-01	2.36e-01	1.56e-01	1.11e-01	1.86e-01	3.67e-02	2.43e-03
 3.80450e+22	1.05e-28	2.89e-22	3.92e-17	1.09e-14	1.47e-12	6.94e-11	1.74e-09	5.37e-08	3.06e-05	1.21e-03	1.52e-02	6.66e-02	2.04e-01	2.40e-01	1.54e-01	1.07e-01	1.76e-01	3.36e-02	2.17e-03
 3.81357e+22	1.45e-28	3.93e-22	5.25e-17	1.40e-14	1.83e-12	8.30e-11	2.00e-09	5.95e-08	3.39e-05	1.34e-03	1.65e-02	7.09e-02	2.12e-01	2.44e-01	1.53e-01	1.03e-01	1.66e-01	3.09e-02	1.93e-03
 3.82386e+22	2.19e-28	5.83e-22	7.64e-17	1.94e-14	2.41e-12	1.04e-10	2.39e-09	6.79e-08	3.87e-05	1.52e-03	1.84e-02	7.67e-02	2.23e-01	2.49e-01	1.50e-01	9.81e-02	1.54e-01	2.75e-02	1.67e-03
 3.83415e+22	3.00e-28	7.88e-22	1.02e-16	2.49e-14	2.98e-12	1.25e-10	2.75e-09	7.53e-08	4.26e-05	1.66e-03	1.99e-02	8.12e-02	2.32e-01	2.52e-01	1.48e-01	9.42e-02	1.44e-01	2.52e-02	1.48e-03
 3.84443e+22	4.53e-28	1.17e-21	1.48e-16	3.45e-14	3.94e-12	1.57e-10	3.28e-09	8.60e-08	4.83e-05	1.87e-03	2.19e-02	8.74e-02	2.43e-01	2.55e-01	1.45e-01	8.92e-02	1.33e-01	2.24e-02	1.27e-03
 3.85480e+22	6.14e-28	1.56e-21	1.95e-16	4.39e-14	4.84e-12	1.86e-10	3.76e-09	9.52e-08	5.31e-05	2.04e-03	2.35e-02	9.21e-02	2.50e-01	2.57e-01	1.43e-01	8.56e-02	1.25e-01	2.04e-02	1.13e-03
 3.86528e+22	9.26e-28	2.31e-21	2.82e-16	6.06e-14	6.38e-12	2.34e-10	4.50e-09	1.09e-07	5.99e-05	2.29e-03	2.59e-02	9.85e-02	2.61e-01	2.59e-01	1.39e-01	8.07e-02	1.15e-01	1.81e-02	9.64e-04
 3.87596e+22	1.26e-27	3.11e-21	3.74e-16	7.74e-14	7.88e-12	2.79e-10	5.17e-09	1.21e-07	6.57e-05	2.49e-03	2.77e-02	1.04e-01	2.68e-01	2.61e-01	1.36e-01	7.71e-02	1.07e-01	1.64e-02	8.53e-04
 3.88692e+22	1.91e-27	4.61e-21	5.43e-16	1.07e-13	1.04e-11	3.52e-10	6.21e-09	1.39e-07	7.41e-05	2.79e-03	3.03e-02	1.10e-01	2.78e-01	2.61e-01	1.32e-01	7.23e-02	9.78e-02	1.44e-02	7.23e-04
 3.89815e+22	2.63e-27	6.24e-21	7.22e-16	1.37e-13	1.29e-11	4.21e-10	7.18e-09	1.55e-07	8.13e-05	3.03e-03	3.25e-02	1.16e-01	2.85e-01	2.62e-01	1.29e-01	6.88e-02	9.10e-02	1.31e-02	6.36e-04
 3.90973e+22	3.99e-27	9.26e-21	1.05e-15	1.90e-13	1.71e-11	5.33e-10	8.66e-09	1.79e-07	9.16e-05	3.38e-03	3.54e-02	1.23e-01	2.94e-01	2.61e-01	1.24e-01	6.43e-02	8.26e-02	1.14e-02	5.35e-04
 3.92155e+22	5.51e-27	1.26e-20	1.40e-15	2.45e-13	2.13e-11	6.41e-10	1.00e-08	2.01e-07	1.01e-04	3.67e-03	3.78e-02	1.29e-01	3.01e-01	2.61e-01	1.21e-01	6.09e-02	7.65e-02	1.03e-02	4.67e-04
 3.93366e+22	8.37e-27	1.87e-20	2.04e-15	3.40e-13	2.82e-11	8.14e-10	1.22e-08	2.33e-07	1.13e-04	4.08e-03	4.11e-02	1.36e-01	3.09e-01	2.59e-01	1.16e-01	5.67e-02	6.92e-02	8.93e-03	3.91e-04
 3.94586e+22	1.15e-26	2.53e-20	2.70e-15	4.35e-13	3.50e-11	9.75e-10	1.41e-08	2.61e-07	1.24e-04	4.42e-03	4.37e-02	1.42e-01	3.15e-01	2.57e-01	1.12e-01	5.36e-02	6.40e-02	8.03e-03	3.42e-04
 3.95816e+22	1.72e-26	3.70e-20	3.87e-15	5.97e-13	4.60e-11	1.23e-09	1.70e-08	3.01e-07	1.39e-04	4.89e-03	4.72e-02	1.49e-01	3.22e-01	2.55e-01	1.07e-01	4.98e-02	5.78e-02	6.98e-03	2.86e-04
 3.97078e+22	2.37e-26	5.02e-20	5.14e-15	7.67e-13	5.72e-11	1.48e-09	1.97e-08	3.39e-07	1.53e-04	5.30e-03	5.01e-02	1.55e-01	3.27e-01	2.52e-01	1.04e-01	4.69e-02	5.32e-02	6.24e-03	2.48e-04
 3.98174e+22	3.19e-26	6.63e-20	6.67e-15	9.64e-13	6.98e-11	1.76e-09	2.27e-08	3.78e-07	1.66e-04	5.69e-03	5.29e-02	1.60e-01	3.31e-01	2.50e-01	1.00e-01	4.43e-02	4.93e-02	5.62e-03	2.18e-04
 3.99391e+22	4.65e-26	9.46e-20	9.31e-15	1.29e-12	9.02e-11	2.18e-09	2.71e-08	4.35e-07	1.85e-04	6.24e-03	5.66e-02	1.68e-01	3.36e-01	2.46e-01	9.57e-02	4.12e-02	4.46e-02	4.91e-03	1.83e-04
 4.00620e+22	6.23e-26	1.25e-19	1.20e-14	1.62e-12	1.10e-10	2.59e-09	3.11e-08	4.85e-07	2.01e-04	6.69e-03	5.96e-02	1.73e-01	3.40e-01	2.43e-01	9.23e-02	3.89e-02	4.13e-02	4.41e-03	1.60e-04
 4.01866e+22	9.06e-26	1.77e-19	1.68e-14	2.17e-12	1.42e-10	3.22e-09	3.72e-08	5.58e-07	2.24e-04	7.32e-03	6.37e-02	1.80e-01	3.45e-01	2.39e-01	8.79e-02	3.60e-02	3.72e-02	3.84e-03	1.35e-04
 4.03132e+22	1.21e-25	2.32e-19	2.16e-14	2.71e-12	1.72e-10	3.81e-09	4.27e-08	6.23e-07	2.43e-04	7.84e-03	6.69e-02	1.86e-01	3.48e-01	2.35e-01	8.46e-02	3.39e-02	3.44e-02	3.45e-03	1.18e-04
 4.04244e+22	1.60e-25	3.03e-19	2.76e-14	3.37e-12	2.09e-10	4.49e-09	4.89e-08	6.94e-07	2.64e-04	8.38e-03	7.02e-02	1.91e-01	3.50e-01	2.32e-01	8.13e-02	3.20e-02	3.17e-02	3.10e-03	1.03e-04
 4.05511e+22	2.32e-25	4.28e-19	3.81e-14	4.48e-12	2.68e-10	5.56e-09	5.84e-08	7.98e-07	2.93e-04	9.13e-03	7.47e-02	1.98e-01	3.53e-01	2.27e-01	7.72e-02	2.95e-02	2.86e-02	2.69e-03	8.63e-05
 4.06770e+22	3.00e-25	5.46e-19	4.77e-14	5.47e-12	3.20e-10	6.48e-09	6.63e-08	8.83e-07	3.16e-04	9.70e-03	7.80e-02	2.03e-01	3.55e-01	2.23e-01	7.43e-02	2.79e-02	2.65e-02	2.43e-03	7.61e-05
 4.08018e+22	4.26e-25	7.58e-19	6.48e-14	7.16e-12	4.05e-10	7.95e-09	7.85e-08	1.01e-06	3.50e-04	1.05e-02	8.25e-02	2.10e-01	3.57e-01	2.18e-01	7.04e-02	2.58e-02	2.39e-02	2.12e-03	6.41e-05
 4.09290e+22	5.54e-25	9.69e-19	8.14e-14	8.78e-12	4.85e-10	9.29e-09	8.93e-08	1.12e-06	3.78e-04	1.12e-02	8.61e-02	2.15e-01	3.58e-01	2.13e-01	6.76e-02	2.43e-02	2.21e-02	1.91e-03	5.62e-05
 4.10593e+22	7.88e-25	1.35e-18	1.10e-13	1.15e-11	6.16e-10	1.14e-08	1.06e-07	1.29e-06	4.19e-04	1.21e-02	9.10e-02	2.22e-01	3.59e-01	2.08e-01	6.39e-02	2.24e-02	1.98e-02	1.65e-03	4.71e-05
 4.11922e+22	1.03e-24	1.73e-18	1.39e-13	1.41e-11	7.40e-10	1.34e-08	1.21e-07	1.43e-06	4.54e-04	1.29e-02	9.50e-02	2.27e-01	3.60e-01	2.03e-01	6.11e-02	2.10e-02	1.83e-02	1.48e-03	4.11e-05
 4.13282e+22	1.47e-24	2.41e-18	1.89e-13	1.86e-11	9.42e-10	1.65e-08	1.44e-07	1.65e-06	5.04e-04	1.40e-02	1.00e-01	2.33e-01	3.60e-01	1.97e-01	5.75e-02	1.93e-02	1.64e-02	1.28e-03	3.43e-05
 4.14667e+22	1.93e-24	3.10e-18	2.39e-13	2.29e-11	1.13e-09	1.94e-08	1.65e-07	1.84e-06	5.46e-04	1.49e-02	1.05e-01	2.38e-01	3.60e-01	1.93e-01	5.49e-02	1.81e-02	1.50e-02	1.14e-03	2.98e-05
 4.16084e+22	2.76e-24	4.33e-18	3.25e-13	3.01e-11	1.44e-09	2.40e-08	1.97e-07	2.12e-06	6.07e-04	1.61e-02	1.10e-01	2.45e-01	3.59e-01	1.86e-01	5.15e-02	1.66e-02	1.34e-02	9.84e-04	2.47e-05
 4.17469e+22	3.51e-24	5.42e-18	4.00e-13	3.62e-11	1.70e-09	2.77e-08	2.22e-07	2.33e-06	6.54e-04	1.71e-02	1.14e-01	2.49e-01	3.58e-01	1.82e-01	4.93e-02	1.56e-02	1.24e-02	8.88e-04	2.18e-05
 4.18812e+22	4.92e-24	7.42e-18	5.34e-13	4.68e-11	2.14e-09	3.38e-08	2.62e-07	2.67e-06	7.22e-04	1.84e-02	1.20e-01	2.55e-01	3.57e-01	1.76e-01	4.63e-02	1.43e-02	1.11e-02	7.67e-04	1.82e-05
 4.20175e+22	6.28e-24	9.30e-18	6.57e-13	5.64e-11	2.53e-09	3.91e-08	2.96e-07	2.95e-06	7.78e-04	1.94e-02	1.24e-01	2.60e-01	3.56e-01	1.71e-01	4.42e-02	1.34e-02	1.02e-02	6.91e-04	1.60e-05
 4.21564e+22	8.72e-24	1.26e-17	8.69e-13	7.24e-11	3.16e-09	4.75e-08	3.49e-07	3.37e-06	8.58e-04	2.09e-02	1.30e-01	2.65e-01	3.54e-01	1.65e-01	4.15e-02	1.23e-02	9.15e-03	5.98e-04	1.34e-05
 4.22995e+22	1.14e-23	1.61e-17	1.09e-12	8.87e-11	3.79e-09	5.56e-08	3.98e-07	3.75e-06	9.30e-04	2.22e-02	1.35e-01	2.70e-01	3.52e-01	1.60e-01	3.93e-02	1.15e-02	8.36e-03	5.31e-04	1.16e-05
 4.24481e+22	1.59e-23	2.20e-17	1.45e-12	1.14e-10	4.75e-09	6.77e-08	4.70e-07	4.29e-06	1.03e-03	2.39e-02	1.42e-01	2.75e-01	3.49e-01	1.54e-01	3.68e-02	1.05e-02	7.46e-03	4.58e-04	9.63e-06
 4.26015e+22	2.10e-23	2.85e-17	1.83e-12	1.41e-10	5.74e-09	8.00e-08	5.41e-07	4.81e-06	1.12e-03	2.54e-02	1.47e-01	2.80e-01	3.46e-01	1.49e-01	3.47e-02	9.71e-03	6.76e-03	4.03e-04	8.24e-06
 4.27609e+22	2.97e-23	3.92e-17	2.45e-12	1.84e-10	7.26e-09	9.83e-08	6.44e-07	5.54e-06	1.24e-03	2.74e-02	1.54e-01	2.85e-01	3.42e-01	1.43e-01	3.22e-02	8.82e-03	5.99e-03	3.44e-04	6.79e-06
 4.29246e+22	3.96e-23	5.11e-17	3.13e-12	2.29e-10	8.83e-09	1.17e-07	7.43e-07	6.24e-06	1.36e-03	2.92e-02	1.60e-01	2.89e-01	3.39e-01	1.37e-01	3.03e-02	8.13e-03	5.40e-03	3.01e-04	5.77e-06
 4.30935e+22	5.65e-23	7.10e-17	4.23e-12	3.00e-10	1.12e-08	1.44e-07	8.88e-07	7.21e-06	1.51e-03	3.15e-02	1.68e-01	2.94e-01	3.34e-01	1.31e-01	2.80e-02	7.34e-03	4.75e-03	2.55e-04	4.71e-06
 4.32678e+22	7.63e-23	9.36e-17	5.44e-12	3.76e-10	1.38e-08	1.72e-07	1.03e-06	8.15e-06	1.66e-03	3.36e-02	1.74e-01	2.98e-01	3.29e-01	1.26e-01	2.62e-02	6.72e-03	4.26e-03	2.22e-04	3.96e-06
 4.34489e+22	1.11e-22	1.32e-16	7.43e-12	4.98e-10	1.77e-08	2.15e-07	1.24e-06	9.49e-06	1.85e-03	3.64e-02	1.82e-01	3.03e-01	3.24e-01	1.19e-01	2.40e-02	6.02e-03	3.71e-03	1.86e-04	3.19e-06
 4.36363e+22	1.52e-22	1.76e-16	9.68e-12	6.32e-10	2.19e-08	2.59e-07	1.46e-06	1.08e-05	2.04e-03	3.89e-02	1.90e-01	3.06e-01	3.18e-01	1.14e-01	2.23e-02	5.48e-03	3.30e-03	1.60e-04	2.65e-06
 4.38063e+22	2.06e-22	2.34e-16	1.25e-11	7.96e-10	2.70e-08	3.10e-07	1.70e-06	1.22e-05	2.24e-03	4.14e-02	1.97e-01	3.09e-01	3.13e-01	1.09e-01	2.07e-02	4.99e-03	2.94e-03	1.38e-04	2.21e-06
 4.40014e+22	3.04e-22	3.33e-16	1.73e-11	1.07e-09	3.50e-08	3.90e-07	2.06e-06	1.43e-05	2.51e-03	4.49e-02	2.06e-01	3.13e-01	3.06e-01	1.02e-01	1.89e-02	4.43e-03	2.53e-03	1.14e-04	1.76e-06
 4.42003e+22	4.18e-22	4.47e-16	2.25e-11	1.36e-09	4.34e-08	4.71e-07	2.41e-06	1.63e-05	2.77e-03	4.80e-02	2.13e-01	3.16e-01	2.99e-01	9.69e-02	1.74e-02	4.00e-03	2.23e-03	9.70e-05	1.45e-06
 4.44042e+22	6.23e-22	6.44e-16	3.14e-11	1.83e-09	5.68e-08	5.95e-07	2.94e-06	1.92e-05	3.11e-03	5.20e-02	2.23e-01	3.19e-01	2.91e-01	9.07e-02	1.57e-02	3.53e-03	1.91e-03	7.95e-05	1.14e-06
 4.46108e+22	8.61e-22	8.67e-16	4.11e-11	2.33e-09	7.06e-08	7.21e-07	3.45e-06	2.19e-05	3.43e-03	5.55e-02	2.31e-01	3.21e-01	2.84e-01	8.57e-02	1.45e-02	3.17e-03	1.68e-03	6.73e-05	9.29e-07
 4.48209e+22	1.30e-21	1.26e-15	5.77e-11	3.16e-09	9.29e-08	9.17e-07	4.23e-06	2.58e-05	3.87e-03	6.02e-02	2.41e-01	3.23e-01	2.75e-01	7.97e-02	1.30e-02	2.77e-03	1.42e-03	5.45e-05	7.19e-07
 4.50332e+22	1.79e-21	1.70e-15	7.55e-11	4.03e-09	1.15e-07	1.11e-06	4.97e-06	2.95e-05	4.26e-03	6.42e-02	2.49e-01	3.24e-01	2.68e-01	7.50e-02	1.19e-02	2.48e-03	1.24e-03	4.59e-05	5.85e-07
 4.52484e+22	2.73e-21	2.49e-15	1.07e-10	5.51e-09	1.53e-07	1.42e-06	6.12e-06	3.49e-05	4.83e-03	6.96e-02	2.59e-01	3.25e-01	2.58e-01	6.93e-02	1.05e-02	2.15e-03	1.04e-03	3.67e-05	4.46e-07
 4.54648e+22	3.76e-21	3.34e-15	1.39e-10	7.00e-09	1.90e-07	1.72e-06	7.17e-06	3.98e-05	5.30e-03	7.41e-02	2.67e-01	3.25e-01	2.50e-01	6.50e-02	9.62e-03	1.92e-03	9.05e-04	3.08e-05	3.61e-07
 4.56458e+22	5.03e-21	4.36e-15	1.77e-10	8.69e-09	2.30e-07	2.04e-06	8.28e-06	4.48e-05	5.78e-03	7.83e-02	2.74e-01	3.25e-01	2.43e-01	6.13e-02	8.84e-03	1.73e-03	7.98e-04	2.63e-05	2.98e-07
 4.58441e+22	7.40e-21	6.19e-15	2.42e-10	1.16e-08	2.98e-07	2.56e-06	1.00e-05	5.25e-05	6.47e-03	8.42e-02	2.84e-01	3.25e-01	2.34e-01	5.65e-02	7.87e-03	1.51e-03	6.71e-04	2.11e-05	2.29e-07
 4.60397e+22	9.77e-21	7.97e-15	3.04e-10	1.42e-08	3.59e-07	3.01e-06	1.15e-05	5.88e-05	7.02e-03	8.86e-02	2.90e-01	3.24e-01	2.27e-01	5.33e-02	7.23e-03	1.36e-03	5.92e-04	1.81e-05	1.89e-07
 4.62317e+22	1.41e-20	1.11e-14	4.10e-10	1.86e-08	4.59e-07	3.75e-06	1.39e-05	6.84e-05	7.82e-03	9.49e-02	2.99e-01	3.23e-01	2.18e-01	4.91e-02	6.44e-03	1.18e-03	4.99e-04	1.46e-05	1.46e-07
 4.64270e+22	1.88e-20	1.45e-14	5.18e-10	2.30e-08	5.56e-07	4.44e-06	1.60e-05	7.70e-05	8.50e-03	1.00e-01	3.06e-01	3.22e-01	2.10e-01	4.60e-02	5.87e-03	1.06e-03	4.36e-04	1.23e-05	0.00e+00
 4.66265e+22	2.74e-20	2.03e-14	7.03e-10	3.03e-08	7.16e-07	5.56e-06	1.94e-05	9.02e-05	9.51e-03	1.07e-01	3.15e-01	3.19e-01	2.01e-01	4.20e-02	5.18e-03	9.13e-04	3.63e-04	9.76e-06	0.00e+00
 4.68283e+22	3.66e-20	2.65e-14	8.89e-10	3.75e-08	8.71e-07	6.62e-06	2.24e-05	1.02e-04	1.04e-02	1.13e-01	3.22e-01	3.17e-01	1.93e-01	3.91e-02	4.69e-03	8.12e-04	3.15e-04	8.17e-06	0.00e+00
 4.70331e+22	5.34e-20	3.73e-14	1.21e-09	4.95e-08	1.12e-06	8.31e-06	2.72e-05	1.20e-04	1.16e-02	1.21e-01	3.30e-01	3.13e-01	1.83e-01	3.55e-02	4.10e-03	6.94e-04	2.60e-04	6.42e-06	0.00e+00
 4.72417e+22	7.21e-20	4.89e-14	1.53e-09	6.17e-08	1.38e-06	9.97e-06	3.18e-05	1.36e-04	1.27e-02	1.28e-01	3.37e-01	3.10e-01	1.75e-01	3.28e-02	3.68e-03	6.11e-04	2.22e-04	5.28e-06	0.00e+00
 4.74553e+22	1.06e-19	6.93e-14	2.09e-09	8.19e-08	1.79e-06	1.26e-05	3.89e-05	1.61e-04	1.43e-02	1.37e-01	3.45e-01	3.05e-01	1.65e-01	2.95e-02	3.18e-03	5.15e-04	1.80e-04	4.07e-06	0.00e+00
 4.76726e+22	1.44e-19	9.11e-14	2.66e-09	1.02e-07	2.20e-06	1.53e-05	4.56e-05	1.85e-04	1.57e-02	1.44e-01	3.51e-01	3.01e-01	1.57e-01	2.70e-02	2.82e-03	4.48e-04	1.52e-04	3.29e-06	0.00e+00
 4.78948e+22	2.13e-19	1.29e-13	3.62e-09	1.36e-07	2.88e-06	1.95e-05	5.62e-05	2.20e-04	1.77e-02	1.55e-01	3.59e-01	2.95e-01	1.47e-01	2.40e-02	2.40e-03	3.73e-04	1.22e-04	2.49e-06	0.00e+00
 4.81200e+22	2.88e-19	1.70e-13	4.59e-09	1.70e-07	3.56e-06	2.36e-05	6.62e-05	2.53e-04	1.95e-02	1.63e-01	3.64e-01	2.90e-01	1.39e-01	2.18e-02	2.11e-03	3.21e-04	1.01e-04	1.99e-06	0.00e+00
 4.83424e+22	4.17e-19	2.36e-13	6.11e-09	2.22e-07	4.60e-06	2.99e-05	8.11e-05	3.02e-04	2.19e-02	1.75e-01	3.71e-01	2.82e-01	1.29e-01	1.93e-02	1.79e-03	2.66e-04	8.06e-05	1.50e-06	0.00e+00
 4.85549e+22	5.42e-19	2.98e-13	7.49e-09	2.70e-07	5.53e-06	3.54e-05	9.38e-05	3.42e-04	2.39e-02	1.83e-01	3.75e-01	2.77e-01	1.22e-01	1.76e-02	1.59e-03	2.32e-04	6.82e-05	1.21e-06	0.00e+00
 4.87613e+22	7.57e-19	4.01e-13	9.68e-09	3.45e-07	7.01e-06	4.41e-05	1.14e-04	4.04e-04	2.67e-02	1.94e-01	3.79e-01	2.69e-01	1.13e-01	1.55e-02	1.35e-03	1.92e-04	5.43e-05	9.18e-07	0.00e+00
 4.89715e+22	9.84e-19	5.05e-13	1.18e-08	4.18e-07	8.46e-06	5.26e-05	1.32e-04	4.61e-04	2.92e-02	2.04e-01	3.83e-01	2.62e-01	1.06e-01	1.40e-02	1.18e-03	1.65e-04	4.52e-05	7.32e-07	0.00e+00
 4.91765e+22	1.33e-18	6.59e-13	1.48e-08	5.23e-07	1.06e-05	6.47e-05	1.58e-04	5.40e-04	3.25e-02	2.16e-01	3.86e-01	2.54e-01	9.78e-02	1.24e-02	1.00e-03	1.38e-04	3.62e-05	5.56e-07	0.00e+00
 4.93860e+22	1.73e-18	8.28e-13	1.80e-08	6.33e-07	1.28e-05	7.74e-05	1.85e-04	6.21e-04	3.56e-02	2.26e-01	3.88e-01	2.46e-01	9.10e-02	1.10e-02	8.65e-04	1.17e-04	2.97e-05	4.36e-07	0.00e+00
 4.95899e+22	2.27e-18	1.05e-12	2.20e-08	7.75e-07	1.56e-05	9.38e-05	2.19e-04	7.22e-04	3.94e-02	2.38e-01	3.89e-01	2.38e-01	8.39e-02	9.74e-03	7.36e-04	9.75e-05	2.38e-05	3.33e-07	0.00e+00
 4.97978e+22	2.94e-18	1.31e-12	2.65e-08	9.37e-07	1.89e-05	1.13e-04	2.56e-04	8.33e-04	4.32e-02	2.49e-01	3.90e-01	2.29e-01	7.75e-02	8.62e-03	6.30e-04	8.18e-05	1.93e-05	2.57e-07	0.00e+00
 5.00042e+22	3.78e-18	1.63e-12	3.18e-08	1.13e-06	2.30e-05	1.35e-04	3.01e-04	9.64e-04	4.76e-02	2.61e-01	3.90e-01	2.20e-01	7.11e-02	7.58e-03	5.34e-04	6.81e-05	1.55e-05	1.96e-07	0.00e+00
 5.02114e+22	4.82e-18	2.00e-12	3.77e-08	1.35e-06	2.76e-05	1.62e-04	3.52e-04	1.11e-03	5.23e-02	2.73e-01	3.89e-01	2.11e-01	6.52e-02	6.66e-03	4.54e-04	5.67e-05	1.24e-05	1.50e-07	0.00e+00
 5.04164e+22	6.09e-18	2.44e-12	4.44e-08	1.61e-06	3.31e-05	1.92e-04	4.09e-04	1.28e-03	5.73e-02	2.85e-01	3.87e-01	2.02e-01	5.97e-02	5.85e-03	3.85e-04	4.72e-05	9.98e-06	0.00e+00	0.00e+00
 5.06211e+22	7.64e-18	2.96e-12	5.19e-08	1.91e-06	3.95e-05	2.28e-04	4.75e-04	1.47e-03	6.26e-02	2.97e-01	3.85e-01	1.93e-01	5.45e-02	5.12e-03	3.26e-04	3.92e-05	8.00e-06	0.00e+00	0.00e+00
 5.08263e+22	9.54e-18	3.57e-12	6.04e-08	2.26e-06	4.70e-05	2.70e-04	5.51e-04	1.69e-03	6.84e-02	3.09e-01	3.82e-01	1.84e-01	4.96e-02	4.47e-03	2.75e-04	3.25e-05	6.39e-06	0.00e+00	0.00e+00
 5.10324e+22	1.19e-17	4.29e-12	6.99e-08	2.66e-06	5.58e-05	3.19e-04	6.36e-04	1.94e-03	7.46e-02	3.20e-01	3.78e-01	1.75e-01	4.50e-02	3.90e-03	2.32e-04	2.68e-05	5.10e-06	0.00e+00	0.00e+00
 5.12400e+22	1.47e-17	5.13e-12	8.07e-08	3.13e-06	6.61e-05	3.76e-04	7.34e-04	2.22e-03	8.13e-02	3.32e-01	3.73e-01	1.66e-01	4.08e-02	3.39e-03	1.95e-04	2.21e-05	4.05e-06	0.00e+00	0.00e+00
 5.14497e+22	1.82e-17	6.12e-12	9.28e-08	3.66e-06	7.81e-05	4.42e-04	8.44e-04	2.54e-03	8.84e-02	3.43e-01	3.67e-01	1.57e-01	3.68e-02	2.94e-03	1.63e-04	1.82e-05	3.22e-06	0.00e+00	0.00e+00
 5.16620e+22	2.24e-17	7.29e-12	1.07e-07	4.29e-06	9.22e-05	5.19e-04	9.70e-04	2.91e-03	9.61e-02	3.55e-01	3.61e-01	1.48e-01	3.31e-02	2.54e-03	1.37e-04	1.49e-05	2.54e-06	0.00e+00	0.00e+00
 5.18752e+22	2.76e-17	8.66e-12	1.22e-07	5.01e-06	1.08e-04	6.07e-04	1.11e-03	3.32e-03	1.04e-01	3.65e-01	3.54e-01	1.39e-01	2.98e-02	2.20e-03	1.14e-04	1.22e-05	2.01e-06	0.00e+00	0.00e+00
 5.20920e+22	3.42e-17	1.03e-11	1.40e-07	5.87e-06	1.28e-04	7.11e-04	1.27e-03	3.79e-03	1.13e-01	3.76e-01	3.46e-01	1.30e-01	2.66e-02	1.89e-03	9.48e-05	9.92e-06	1.58e-06	0.00e+00	0.00e+00
 5.23114e+22	4.21e-17	1.23e-11	1.61e-07	6.86e-06	1.50e-04	8.28e-04	1.45e-03	4.31e-03	1.22e-01	3.85e-01	3.38e-01	1.22e-01	2.38e-02	1.62e-03	7.89e-05	8.09e-06	1.24e-06	0.00e+00	0.00e+00
 5.25354e+22	5.24e-17	1.47e-11	1.85e-07	8.05e-06	1.77e-04	9.70e-04	1.65e-03	4.92e-03	1.32e-01	3.95e-01	3.29e-01	1.14e-01	2.11e-02	1.38e-03	6.49e-05	6.51e-06	9.64e-07	0.00e+00	0.00e+00
 5.27436e+22	6.28e-17	1.71e-11	2.08e-07	9.18e-06	2.02e-04	1.10e-03	1.83e-03	5.45e-03	1.40e-01	4.02e-01	3.21e-01	1.07e-01	1.92e-02	1.21e-03	5.56e-05	5.48e-06	7.88e-07	0.00e+00	0.00e+00
 5.29582e+22	7.90e-17	2.06e-11	2.42e-07	1.09e-05	2.39e-04	1.29e-03	2.09e-03	6.23e-03	1.51e-01	4.11e-01	3.11e-01	9.92e-02	1.69e-02	1.03e-03	4.53e-05	4.36e-06	6.04e-07	0.00e+00	0.00e+00
 5.31766e+22	9.55e-17	2.41e-11	2.74e-07	1.24e-05	2.73e-04	1.46e-03	2.32e-03	6.91e-03	1.60e-01	4.17e-01	3.03e-01	9.31e-02	1.53e-02	8.96e-04	3.85e-05	3.64e-06	4.90e-07	0.00e+00	0.00e+00
 5.34002e+22	1.22e-16	2.95e-11	3.21e-07	1.48e-05	3.24e-04	1.72e-03	2.65e-03	7.89e-03	1.73e-01	4.24e-01	2.91e-01	8.55e-02	1.33e-02	7.50e-04	3.11e-05	2.87e-06	3.72e-07	0.00e+00	0.00e+00
 5.36241e+22	1.48e-16	3.47e-11	3.67e-07	1.70e-05	3.69e-04	1.93e-03	2.91e-03	8.69e-03	1.82e-01	4.29e-01	2.82e-01	8.02e-02	1.20e-02	6.57e-04	2.65e-05	2.40e-06	3.03e-07	0.00e+00	0.00e+00
 5.38484e+22	1.90e-16	4.27e-11	4.33e-07	2.02e-05	4.36e-04	2.26e-03	3.30e-03	9.85e-03	1.95e-01	4.34e-01	2.71e-01	7.34e-02	1.05e-02	5.50e-04	2.15e-05	1.90e-06	2.30e-07	0.00e+00	0.00e+00
 5.40744e+22	2.32e-16	5.06e-11	4.96e-07	2.33e-05	4.97e-04	2.54e-03	3.62e-03	1.08e-02	2.05e-01	4.37e-01	2.62e-01	6.86e-02	9.43e-03	4.80e-04	1.82e-05	1.58e-06	1.87e-07	0.00e+00	0.00e+00
