#depth	N	N+	N+2	N+3	N+4	N+5	N+6	N+7
 4.62852e+21	0.00e+00	3.49e-30	1.50e-23	5.11e-18	5.09e-13	9.17e-08	6.36e-04	9.99e-01
 1.05416e+22	0.00e+00	2.99e-29	9.07e-23	2.21e-17	1.56e-12	1.90e-07	9.09e-04	9.99e-01
 1.26951e+22	0.00e+00	1.27e-28	3.05e-22	5.91e-17	3.30e-12	3.11e-07	1.16e-03	9.99e-01
 1.42592e+22	0.00e+00	4.03e-28	8.05e-22	1.30e-16	6.01e-12	4.61e-07	1.40e-03	9.99e-01
 1.51281e+22	0.00e+00	5.40e-28	1.03e-21	1.58e-16	6.98e-12	5.09e-07	1.47e-03	9.99e-01
 1.54287e+22	0.00e+00	6.65e-28	1.23e-21	1.82e-16	7.80e-12	5.46e-07	1.52e-03	9.98e-01
 1.57205e+22	0.00e+00	8.71e-28	1.54e-21	2.19e-16	9.00e-12	5.99e-07	1.59e-03	9.98e-01
 1.60154e+22	0.00e+00	1.08e-27	1.84e-21	2.54e-16	1.01e-11	6.45e-07	1.65e-03	9.98e-01
 1.63144e+22	0.00e+00	1.41e-27	2.31e-21	3.04e-16	1.15e-11	7.06e-07	1.72e-03	9.98e-01
 1.66185e+22	0.00e+00	1.79e-27	2.81e-21	3.57e-16	1.31e-11	7.66e-07	1.79e-03	9.98e-01
 1.68796e+22	0.00e+00	2.22e-27	3.37e-21	4.13e-16	1.46e-11	8.24e-07	1.86e-03	9.98e-01
 1.71696e+22	0.00e+00	2.86e-27	4.17e-21	4.92e-16	1.67e-11	8.99e-07	1.94e-03	9.98e-01
 1.74571e+22	0.00e+00	3.57e-27	5.02e-21	5.70e-16	1.87e-11	9.68e-07	2.01e-03	9.98e-01
 1.76911e+22	0.00e+00	4.32e-27	5.88e-21	6.49e-16	2.06e-11	1.03e-06	2.07e-03	9.98e-01
 1.79447e+22	0.00e+00	5.40e-27	7.11e-21	7.57e-16	2.32e-11	1.12e-06	2.15e-03	9.98e-01
 1.82176e+22	0.00e+00	6.70e-27	8.50e-21	8.74e-16	2.59e-11	1.20e-06	2.23e-03	9.98e-01
 1.84704e+22	0.00e+00	8.24e-27	1.01e-20	1.01e-15	2.88e-11	1.29e-06	2.31e-03	9.98e-01
 1.87542e+22	2.41e-34	1.06e-26	1.25e-20	1.19e-15	3.28e-11	1.40e-06	2.41e-03	9.98e-01
 1.90406e+22	3.13e-34	1.32e-26	1.50e-20	1.39e-15	3.68e-11	1.51e-06	2.50e-03	9.97e-01
 1.92757e+22	3.91e-34	1.60e-26	1.77e-20	1.58e-15	4.06e-11	1.62e-06	2.58e-03	9.97e-01
 1.95266e+22	5.06e-34	2.00e-26	2.13e-20	1.84e-15	4.56e-11	1.74e-06	2.68e-03	9.97e-01
 1.97981e+22	6.50e-34	2.48e-26	2.55e-20	2.12e-15	5.10e-11	1.88e-06	2.78e-03	9.97e-01
 2.00519e+22	8.29e-34	3.05e-26	3.03e-20	2.45e-15	5.67e-11	2.01e-06	2.87e-03	9.97e-01
 2.02871e+22	1.04e-33	3.70e-26	3.56e-20	2.78e-15	6.26e-11	2.15e-06	2.97e-03	9.97e-01
 2.05082e+22	1.28e-33	4.44e-26	4.15e-20	3.15e-15	6.88e-11	2.29e-06	3.06e-03	9.97e-01
 2.07613e+22	1.65e-33	5.53e-26	4.98e-20	3.66e-15	7.71e-11	2.47e-06	3.17e-03	9.97e-01
 2.10318e+22	2.13e-33	6.87e-26	5.97e-20	4.23e-15	8.61e-11	2.65e-06	3.29e-03	9.97e-01
 2.12754e+22	2.69e-33	8.40e-26	7.06e-20	4.84e-15	9.54e-11	2.84e-06	3.40e-03	9.97e-01
 2.15427e+22	3.55e-33	1.06e-25	8.62e-20	5.69e-15	1.08e-10	3.08e-06	3.54e-03	9.96e-01
 2.18158e+22	4.57e-33	1.32e-25	1.03e-19	6.57e-15	1.20e-10	3.32e-06	3.67e-03	9.96e-01
 2.20435e+22	5.67e-33	1.59e-25	1.20e-19	7.44e-15	1.32e-10	3.53e-06	3.79e-03	9.96e-01
 2.22864e+22	7.29e-33	1.97e-25	1.44e-19	8.61e-15	1.48e-10	3.80e-06	3.93e-03	9.96e-01
 2.25476e+22	9.34e-33	2.44e-25	1.72e-19	9.92e-15	1.64e-10	4.08e-06	4.07e-03	9.96e-01
 2.27864e+22	1.17e-32	2.96e-25	2.02e-19	1.13e-14	1.81e-10	4.36e-06	4.21e-03	9.96e-01
 2.30507e+22	1.54e-32	3.75e-25	2.46e-19	1.32e-14	2.05e-10	4.73e-06	4.38e-03	9.96e-01
 2.33287e+22	2.02e-32	4.71e-25	2.98e-19	1.54e-14	2.29e-10	5.10e-06	4.55e-03	9.95e-01
 2.35619e+22	2.51e-32	5.68e-25	3.48e-19	1.74e-14	2.51e-10	5.44e-06	4.70e-03	9.95e-01
 2.38025e+22	3.24e-32	7.08e-25	4.17e-19	2.02e-14	2.81e-10	5.86e-06	4.88e-03	9.95e-01
 2.40590e+22	4.13e-32	8.69e-25	4.95e-19	2.31e-14	3.11e-10	6.28e-06	5.05e-03	9.95e-01
 2.42959e+22	5.20e-32	1.06e-24	5.83e-19	2.63e-14	3.43e-10	6.71e-06	5.23e-03	9.95e-01
 2.45638e+22	6.92e-32	1.35e-24	7.13e-19	3.09e-14	3.86e-10	7.28e-06	5.45e-03	9.95e-01
 2.48397e+22	9.02e-32	1.69e-24	8.58e-19	3.58e-14	4.30e-10	7.85e-06	5.66e-03	9.94e-01
 2.50670e+22	1.12e-31	2.03e-24	9.98e-19	4.04e-14	4.71e-10	8.34e-06	5.84e-03	9.94e-01
 2.53037e+22	1.46e-31	2.54e-24	1.20e-18	4.67e-14	5.24e-10	8.99e-06	6.07e-03	9.94e-01
 2.55521e+22	1.85e-31	3.11e-24	1.42e-18	5.33e-14	5.78e-10	9.62e-06	6.29e-03	9.94e-01
 2.57789e+22	2.34e-31	3.79e-24	1.67e-18	6.06e-14	6.34e-10	1.03e-05	6.51e-03	9.93e-01
 2.60368e+22	3.09e-31	4.80e-24	2.03e-18	7.07e-14	7.10e-10	1.11e-05	6.78e-03	9.93e-01
 2.63062e+22	4.06e-31	6.06e-24	2.45e-18	8.20e-14	7.91e-10	1.20e-05	7.06e-03	9.93e-01
 2.65286e+22	5.08e-31	7.31e-24	2.86e-18	9.23e-14	8.61e-10	1.28e-05	7.29e-03	9.93e-01
 2.67557e+22	6.56e-31	9.08e-24	3.41e-18	1.06e-13	9.53e-10	1.37e-05	7.57e-03	9.92e-01
 2.69967e+22	8.35e-31	1.11e-23	4.02e-18	1.21e-13	1.04e-09	1.46e-05	7.85e-03	9.92e-01
 2.72174e+22	1.05e-30	1.35e-23	4.71e-18	1.36e-13	1.14e-09	1.56e-05	8.12e-03	9.92e-01
 2.74659e+22	1.41e-30	1.73e-23	5.76e-18	1.59e-13	1.27e-09	1.69e-05	8.47e-03	9.92e-01
 2.77183e+22	1.81e-30	2.14e-23	6.84e-18	1.82e-13	1.40e-09	1.81e-05	8.80e-03	9.91e-01
 2.79273e+22	2.27e-30	2.58e-23	7.96e-18	2.04e-13	1.52e-09	1.92e-05	9.09e-03	9.91e-01
 2.81506e+22	2.97e-30	3.23e-23	9.55e-18	2.35e-13	1.67e-09	2.07e-05	9.46e-03	9.91e-01
 2.83818e+22	3.74e-30	3.92e-23	1.12e-17	2.66e-13	1.82e-09	2.20e-05	9.79e-03	9.90e-01
 2.85903e+22	4.72e-30	4.76e-23	1.31e-17	2.99e-13	1.98e-09	2.34e-05	1.01e-02	9.90e-01
 2.87972e+22	5.96e-30	5.78e-23	1.53e-17	3.37e-13	2.15e-09	2.49e-05	1.05e-02	9.89e-01
 2.90351e+22	8.09e-30	7.46e-23	1.88e-17	3.94e-13	2.40e-09	2.71e-05	1.10e-02	9.89e-01
 2.92652e+22	1.01e-29	8.98e-23	2.18e-17	4.42e-13	2.59e-09	2.87e-05	1.13e-02	9.89e-01
 2.94853e+22	1.32e-29	1.13e-22	2.61e-17	5.08e-13	2.85e-09	3.09e-05	1.18e-02	9.88e-01
 2.97113e+22	1.70e-29	1.38e-22	3.08e-17	5.76e-13	3.11e-09	3.30e-05	1.22e-02	9.88e-01
 2.99065e+22	2.12e-29	1.67e-22	3.58e-17	6.44e-13	3.36e-09	3.50e-05	1.26e-02	9.87e-01
 3.01218e+22	2.80e-29	2.10e-22	4.31e-17	7.42e-13	3.69e-09	3.77e-05	1.32e-02	9.87e-01
 3.03442e+22	3.55e-29	2.56e-22	5.05e-17	8.37e-13	4.01e-09	4.01e-05	1.36e-02	9.86e-01
 3.05398e+22	4.45e-29	3.09e-22	5.88e-17	9.38e-13	4.33e-09	4.26e-05	1.41e-02	9.86e-01
 3.07582e+22	5.92e-29	3.92e-22	7.11e-17	1.08e-12	4.78e-09	4.59e-05	1.47e-02	9.85e-01
 3.09802e+22	7.58e-29	4.82e-22	8.37e-17	1.23e-12	5.19e-09	4.90e-05	1.52e-02	9.85e-01
 3.11736e+22	9.53e-29	5.83e-22	9.75e-17	1.38e-12	5.61e-09	5.21e-05	1.58e-02	9.84e-01
 3.13915e+22	1.27e-28	7.42e-22	1.18e-16	1.59e-12	6.19e-09	5.62e-05	1.64e-02	9.84e-01
 3.16117e+22	1.64e-28	9.13e-22	1.40e-16	1.80e-12	6.73e-09	6.00e-05	1.70e-02	9.83e-01
 3.18008e+22	2.05e-28	1.10e-21	1.62e-16	2.02e-12	7.27e-09	6.37e-05	1.76e-02	9.82e-01
 3.20124e+22	2.73e-28	1.40e-21	1.96e-16	2.33e-12	8.01e-09	6.87e-05	1.84e-02	9.82e-01
 3.22287e+22	3.50e-28	1.72e-21	2.32e-16	2.64e-12	8.71e-09	7.34e-05	1.90e-02	9.81e-01
 3.24186e+22	4.45e-28	2.10e-21	2.72e-16	2.98e-12	9.44e-09	7.81e-05	1.97e-02	9.80e-01
 3.26329e+22	5.96e-28	2.68e-21	3.30e-16	3.45e-12	1.04e-08	8.44e-05	2.05e-02	9.79e-01
 3.28561e+22	7.85e-28	3.36e-21	3.97e-16	3.96e-12	1.14e-08	9.07e-05	2.14e-02	9.79e-01
 3.30537e+22	1.00e-27	4.13e-21	4.68e-16	4.49e-12	1.24e-08	9.68e-05	2.21e-02	9.78e-01
 3.32737e+22	1.37e-27	5.34e-21	5.74e-16	5.24e-12	1.38e-08	1.05e-04	2.31e-02	9.77e-01
 3.34899e+22	1.74e-27	6.55e-21	6.76e-16	5.93e-12	1.50e-08	1.12e-04	2.39e-02	9.76e-01
 3.36711e+22	2.21e-27	7.96e-21	7.92e-16	6.68e-12	1.63e-08	1.19e-04	2.47e-02	9.75e-01
 3.38763e+22	3.04e-27	1.04e-20	9.78e-16	7.84e-12	1.81e-08	1.29e-04	2.59e-02	9.74e-01
 3.40796e+22	3.83e-27	1.26e-20	1.14e-15	8.82e-12	1.96e-08	1.38e-04	2.67e-02	9.73e-01
 3.42457e+22	4.79e-27	1.52e-20	1.33e-15	9.86e-12	2.11e-08	1.46e-04	2.75e-02	9.72e-01
 3.44005e+22	5.93e-27	1.81e-20	1.53e-15	1.10e-11	2.27e-08	1.54e-04	2.84e-02	9.71e-01
 3.45423e+22	7.20e-27	2.13e-20	1.74e-15	1.21e-11	2.42e-08	1.62e-04	2.91e-02	9.71e-01
 3.46727e+22	8.52e-27	2.45e-20	1.95e-15	1.32e-11	2.57e-08	1.69e-04	2.98e-02	9.70e-01
 3.48208e+22	1.07e-26	2.98e-20	2.28e-15	1.49e-11	2.78e-08	1.80e-04	3.08e-02	9.69e-01
 3.49732e+22	1.32e-26	3.54e-20	2.62e-15	1.65e-11	2.98e-08	1.90e-04	3.16e-02	9.68e-01
 3.51071e+22	1.60e-26	4.16e-20	2.98e-15	1.82e-11	3.18e-08	1.99e-04	3.25e-02	9.67e-01
 3.52325e+22	1.94e-26	4.87e-20	3.39e-15	2.00e-11	3.39e-08	2.09e-04	3.33e-02	9.66e-01
 3.53512e+22	2.28e-26	5.58e-20	3.78e-15	2.18e-11	3.59e-08	2.18e-04	3.40e-02	9.66e-01
 3.54858e+22	2.85e-26	6.72e-20	4.39e-15	2.44e-11	3.88e-08	2.31e-04	3.51e-02	9.65e-01
 3.56247e+22	3.48e-26	7.95e-20	5.03e-15	2.71e-11	4.15e-08	2.43e-04	3.60e-02	9.64e-01
 3.57467e+22	4.21e-26	9.31e-20	5.71e-15	2.98e-11	4.43e-08	2.55e-04	3.69e-02	9.63e-01
 3.58610e+22	5.03e-26	1.08e-19	6.44e-15	3.26e-11	4.71e-08	2.67e-04	3.78e-02	9.62e-01
 3.59878e+22	6.29e-26	1.30e-19	7.49e-15	3.66e-11	5.09e-08	2.83e-04	3.89e-02	9.61e-01
 3.61161e+22	7.52e-26	1.51e-19	8.46e-15	4.02e-11	5.42e-08	2.96e-04	3.98e-02	9.60e-01
 3.62464e+22	9.57e-26	1.85e-19	9.96e-15	4.54e-11	5.89e-08	3.14e-04	4.10e-02	9.59e-01
 3.63763e+22	1.15e-25	2.17e-19	1.13e-14	5.01e-11	6.29e-08	3.29e-04	4.20e-02	9.58e-01
 3.65055e+22	1.50e-25	2.70e-19	1.35e-14	5.73e-11	6.88e-08	3.51e-04	4.34e-02	9.56e-01
 3.66323e+22	1.81e-25	3.16e-19	1.53e-14	6.31e-11	7.34e-08	3.68e-04	4.44e-02	9.55e-01
 3.67364e+22	2.14e-25	3.65e-19	1.72e-14	6.90e-11	7.80e-08	3.84e-04	4.54e-02	9.54e-01
 3.68523e+22	2.73e-25	4.47e-19	2.03e-14	7.82e-11	8.49e-08	4.08e-04	4.67e-02	9.53e-01
 3.69668e+22	3.25e-25	5.17e-19	2.29e-14	8.56e-11	9.02e-08	4.26e-04	4.78e-02	9.52e-01
 3.70795e+22	4.18e-25	6.39e-19	2.72e-14	9.77e-11	9.85e-08	4.53e-04	4.92e-02	9.50e-01
 3.71913e+22	5.00e-25	7.42e-19	3.07e-14	1.07e-10	1.05e-07	4.73e-04	5.03e-02	9.49e-01
 3.73020e+22	6.35e-25	9.09e-19	3.62e-14	1.22e-10	1.14e-07	5.01e-04	5.18e-02	9.48e-01
 3.74164e+22	7.83e-25	1.08e-18	4.18e-14	1.36e-10	1.23e-07	5.27e-04	5.31e-02	9.46e-01
 3.75202e+22	9.65e-25	1.29e-18	4.83e-14	1.51e-10	1.33e-07	5.54e-04	5.44e-02	9.45e-01
 3.76233e+22	1.19e-24	1.54e-18	5.58e-14	1.69e-10	1.43e-07	5.83e-04	5.58e-02	9.44e-01
 3.77412e+22	1.58e-24	1.96e-18	6.78e-14	1.96e-10	1.58e-07	6.24e-04	5.76e-02	9.42e-01
 3.78572e+22	1.94e-24	2.33e-18	7.82e-14	2.19e-10	1.70e-07	6.55e-04	5.90e-02	9.40e-01
 3.79708e+22	2.60e-24	2.98e-18	9.56e-14	2.55e-10	1.89e-07	7.02e-04	6.10e-02	9.38e-01
 3.80841e+22	3.19e-24	3.55e-18	1.10e-13	2.85e-10	2.03e-07	7.37e-04	6.25e-02	9.37e-01
 3.81968e+22	4.32e-24	4.58e-18	1.36e-13	3.34e-10	2.26e-07	7.91e-04	6.47e-02	9.35e-01
 3.83076e+22	5.30e-24	5.45e-18	1.57e-13	3.73e-10	2.44e-07	8.30e-04	6.62e-02	9.33e-01
 3.84161e+22	7.08e-24	6.97e-18	1.92e-13	4.35e-10	2.71e-07	8.89e-04	6.84e-02	9.31e-01
 3.85235e+22	8.79e-24	8.37e-18	2.23e-13	4.88e-10	2.93e-07	9.35e-04	7.01e-02	9.29e-01
 3.86294e+22	1.17e-23	1.07e-17	2.72e-13	5.70e-10	3.26e-07	1.00e-03	7.24e-02	9.27e-01
 3.87372e+22	1.48e-23	1.30e-17	3.20e-13	6.45e-10	3.54e-07	1.06e-03	7.42e-02	9.25e-01
 3.88471e+22	2.01e-23	1.69e-17	3.96e-13	7.60e-10	3.96e-07	1.13e-03	7.68e-02	9.22e-01
 3.89591e+22	2.57e-23	2.08e-17	4.71e-13	8.68e-10	4.33e-07	1.20e-03	7.89e-02	9.20e-01
 3.90737e+22	3.56e-23	2.74e-17	5.91e-13	1.03e-09	4.88e-07	1.29e-03	8.18e-02	9.17e-01
 3.91886e+22	4.57e-23	3.39e-17	7.04e-13	1.18e-09	5.35e-07	1.37e-03	8.41e-02	9.15e-01
 3.93039e+22	6.36e-23	4.49e-17	8.88e-13	1.41e-09	6.04e-07	1.48e-03	8.72e-02	9.11e-01
 3.94168e+22	8.07e-23	5.50e-17	1.05e-12	1.61e-09	6.60e-07	1.57e-03	8.95e-02	9.09e-01
 3.95268e+22	1.11e-22	7.21e-17	1.31e-12	1.91e-09	7.42e-07	1.69e-03	9.27e-02	9.06e-01
 3.96369e+22	1.40e-22	8.78e-17	1.54e-12	2.17e-09	8.09e-07	1.78e-03	9.51e-02	9.03e-01
 3.97470e+22	1.91e-22	1.15e-16	1.92e-12	2.57e-09	9.09e-07	1.92e-03	9.84e-02	9.00e-01
 3.98592e+22	2.43e-22	1.41e-16	2.28e-12	2.93e-09	9.95e-07	2.03e-03	1.01e-01	8.97e-01
 3.99740e+22	3.34e-22	1.85e-16	2.86e-12	3.49e-09	1.12e-06	2.19e-03	1.05e-01	8.93e-01
 4.00909e+22	4.26e-22	2.27e-16	3.39e-12	3.98e-09	1.23e-06	2.32e-03	1.07e-01	8.90e-01
 4.02104e+22	5.83e-22	2.97e-16	4.23e-12	4.73e-09	1.38e-06	2.50e-03	1.11e-01	8.86e-01
 4.03333e+22	7.52e-22	3.69e-16	5.07e-12	5.45e-09	1.52e-06	2.66e-03	1.14e-01	8.83e-01
 4.04597e+22	1.04e-21	4.84e-16	6.37e-12	6.50e-09	1.72e-06	2.87e-03	1.19e-01	8.79e-01
 4.05836e+22	1.30e-21	5.90e-16	7.50e-12	7.39e-09	1.88e-06	3.03e-03	1.22e-01	8.75e-01
 4.07053e+22	1.77e-21	7.66e-16	9.32e-12	8.75e-09	2.12e-06	3.27e-03	1.26e-01	8.71e-01
 4.08297e+22	2.22e-21	9.30e-16	1.10e-11	9.94e-09	2.31e-06	3.45e-03	1.29e-01	8.67e-01
 4.09577e+22	3.01e-21	1.21e-15	1.36e-11	1.18e-08	2.60e-06	3.72e-03	1.34e-01	8.63e-01
 4.10894e+22	3.82e-21	1.48e-15	1.61e-11	1.35e-08	2.86e-06	3.94e-03	1.37e-01	8.59e-01
 4.12261e+22	5.22e-21	1.93e-15	2.02e-11	1.60e-08	3.23e-06	4.26e-03	1.42e-01	8.54e-01
 4.13619e+22	6.52e-21	2.34e-15	2.37e-11	1.82e-08	3.53e-06	4.50e-03	1.46e-01	8.50e-01
 4.14966e+22	8.80e-21	3.03e-15	2.94e-11	2.15e-08	3.97e-06	4.85e-03	1.51e-01	8.44e-01
 4.16334e+22	1.10e-20	3.65e-15	3.44e-11	2.44e-08	4.33e-06	5.13e-03	1.55e-01	8.40e-01
 4.17730e+22	1.47e-20	4.70e-15	4.25e-11	2.88e-08	4.87e-06	5.52e-03	1.60e-01	8.35e-01
 4.19161e+22	1.85e-20	5.72e-15	5.01e-11	3.28e-08	5.34e-06	5.85e-03	1.64e-01	8.30e-01
 4.20403e+22	2.29e-20	6.87e-15	5.84e-11	3.70e-08	5.82e-06	6.17e-03	1.68e-01	8.26e-01
 4.21783e+22	3.01e-20	8.70e-15	7.12e-11	4.33e-08	6.50e-06	6.62e-03	1.73e-01	8.20e-01
 4.23165e+22	3.70e-20	1.04e-14	8.27e-11	4.88e-08	7.07e-06	6.98e-03	1.77e-01	8.16e-01
 4.24551e+22	4.87e-20	1.32e-14	1.01e-10	5.71e-08	7.90e-06	7.49e-03	1.83e-01	8.10e-01
 4.25951e+22	5.94e-20	1.56e-14	1.16e-10	6.39e-08	8.57e-06	7.88e-03	1.87e-01	8.05e-01
 4.27370e+22	7.80e-20	1.97e-14	1.42e-10	7.48e-08	9.57e-06	8.44e-03	1.93e-01	7.99e-01
 4.28813e+22	9.54e-20	2.34e-14	1.64e-10	8.40e-08	1.04e-05	8.89e-03	1.97e-01	7.94e-01
 4.30087e+22	1.17e-19	2.79e-14	1.90e-10	9.44e-08	1.13e-05	9.37e-03	2.02e-01	7.89e-01
 4.31351e+22	1.43e-19	3.31e-14	2.19e-10	1.06e-07	1.23e-05	9.87e-03	2.06e-01	7.84e-01
 4.32804e+22	1.84e-19	4.12e-14	2.64e-10	1.23e-07	1.36e-05	1.05e-02	2.12e-01	7.77e-01
 4.34267e+22	2.24e-19	4.89e-14	3.05e-10	1.38e-07	1.48e-05	1.11e-02	2.17e-01	7.72e-01
 4.35742e+22	2.90e-19	6.10e-14	3.68e-10	1.60e-07	1.65e-05	1.19e-02	2.23e-01	7.65e-01
 4.37234e+22	3.51e-19	7.19e-14	4.22e-10	1.79e-07	1.78e-05	1.25e-02	2.28e-01	7.59e-01
 4.38747e+22	4.52e-19	8.95e-14	5.08e-10	2.07e-07	1.98e-05	1.33e-02	2.35e-01	7.52e-01
 4.40291e+22	5.49e-19	1.06e-13	5.85e-10	2.32e-07	2.15e-05	1.40e-02	2.40e-01	7.46e-01
 4.41876e+22	7.10e-19	1.32e-13	7.06e-10	2.70e-07	2.39e-05	1.50e-02	2.47e-01	7.38e-01
 4.43495e+22	8.66e-19	1.57e-13	8.16e-10	3.03e-07	2.60e-05	1.58e-02	2.52e-01	7.32e-01
 4.45161e+22	1.12e-18	1.96e-13	9.83e-10	3.52e-07	2.90e-05	1.69e-02	2.59e-01	7.24e-01
 4.46878e+22	1.38e-18	2.35e-13	1.15e-09	3.98e-07	3.17e-05	1.78e-02	2.65e-01	7.17e-01
 4.48363e+22	1.66e-18	2.74e-13	1.31e-09	4.43e-07	3.42e-05	1.87e-02	2.70e-01	7.11e-01
 4.49991e+22	2.13e-18	3.41e-13	1.57e-09	5.14e-07	3.80e-05	1.99e-02	2.77e-01	7.03e-01
 4.51641e+22	2.57e-18	4.00e-13	1.80e-09	5.73e-07	4.11e-05	2.09e-02	2.83e-01	6.96e-01
 4.53321e+22	3.24e-18	4.89e-13	2.13e-09	6.56e-07	4.53e-05	2.22e-02	2.90e-01	6.88e-01
 4.55096e+22	4.01e-18	5.89e-13	2.50e-09	7.45e-07	4.96e-05	2.35e-02	2.96e-01	6.80e-01
 4.56726e+22	4.90e-18	6.99e-13	2.89e-09	8.37e-07	5.40e-05	2.48e-02	3.02e-01	6.73e-01
 4.58576e+22	6.28e-18	8.65e-13	3.46e-09	9.67e-07	5.99e-05	2.64e-02	3.10e-01	6.64e-01
 4.60536e+22	7.90e-18	1.06e-12	4.09e-09	1.11e-06	6.60e-05	2.80e-02	3.17e-01	6.55e-01
 4.62350e+22	9.80e-18	1.27e-12	4.78e-09	1.26e-06	7.23e-05	2.96e-02	3.24e-01	6.47e-01
 4.64122e+22	1.20e-17	1.51e-12	5.55e-09	1.41e-06	7.88e-05	3.12e-02	3.30e-01	6.39e-01
 4.66126e+22	1.57e-17	1.90e-12	6.74e-09	1.65e-06	8.81e-05	3.34e-02	3.39e-01	6.28e-01
 4.68140e+22	1.93e-17	2.28e-12	7.83e-09	1.87e-06	9.61e-05	3.52e-02	3.45e-01	6.19e-01
 4.70166e+22	2.52e-17	2.86e-12	9.50e-09	2.18e-06	1.08e-04	3.77e-02	3.54e-01	6.08e-01
 4.72215e+22	3.10e-17	3.43e-12	1.11e-08	2.46e-06	1.17e-04	3.98e-02	3.61e-01	5.99e-01
 4.74292e+22	4.06e-17	4.33e-12	1.35e-08	2.89e-06	1.32e-04	4.26e-02	3.69e-01	5.88e-01
 4.76396e+22	5.02e-17	5.19e-12	1.57e-08	3.27e-06	1.44e-04	4.49e-02	3.76e-01	5.79e-01
 4.78535e+22	6.63e-17	6.61e-12	1.93e-08	3.86e-06	1.62e-04	4.82e-02	3.86e-01	5.66e-01
 4.80695e+22	8.21e-17	7.94e-12	2.25e-08	4.37e-06	1.77e-04	5.08e-02	3.93e-01	5.56e-01
 4.82881e+22	1.09e-16	1.02e-11	2.78e-08	5.18e-06	2.00e-04	5.47e-02	4.02e-01	5.43e-01
 4.85078e+22	1.35e-16	1.22e-11	3.25e-08	5.87e-06	2.19e-04	5.76e-02	4.09e-01	5.33e-01
 4.87288e+22	1.80e-16	1.57e-11	4.02e-08	6.98e-06	2.48e-04	6.19e-02	4.18e-01	5.19e-01
 4.89523e+22	2.24e-16	1.90e-11	4.72e-08	7.94e-06	2.72e-04	6.54e-02	4.25e-01	5.09e-01
 4.91791e+22	3.00e-16	2.44e-11	5.86e-08	9.47e-06	3.08e-04	7.04e-02	4.35e-01	4.94e-01
 4.94094e+22	3.77e-16	2.98e-11	6.93e-08	1.09e-05	3.40e-04	7.44e-02	4.42e-01	4.83e-01
 4.96020e+22	4.61e-16	3.54e-11	8.04e-08	1.22e-05	3.70e-04	7.82e-02	4.48e-01	4.73e-01
 4.98101e+22	6.02e-16	4.47e-11	9.81e-08	1.44e-05	4.16e-04	8.37e-02	4.57e-01	4.59e-01
 5.00179e+22	7.33e-16	5.30e-11	1.14e-07	1.62e-05	4.53e-04	8.78e-02	4.63e-01	4.49e-01
 5.02253e+22	9.53e-16	6.67e-11	1.38e-07	1.91e-05	5.09e-04	9.38e-02	4.70e-01	4.35e-01
 5.04358e+22	1.17e-15	7.95e-11	1.61e-07	2.16e-05	5.56e-04	9.86e-02	4.76e-01	4.25e-01
 5.06506e+22	1.53e-15	1.01e-10	1.97e-07	2.56e-05	6.28e-04	1.06e-01	4.84e-01	4.10e-01
 5.08686e+22	1.88e-15	1.21e-10	2.31e-07	2.91e-05	6.89e-04	1.11e-01	4.90e-01	3.99e-01
 5.10908e+22	2.46e-15	1.53e-10	2.83e-07	3.46e-05	7.80e-04	1.19e-01	4.97e-01	3.84e-01
 5.13188e+22	3.05e-15	1.85e-10	3.35e-07	3.98e-05	8.62e-04	1.26e-01	5.02e-01	3.71e-01
 5.15540e+22	4.03e-15	2.36e-10	4.15e-07	4.76e-05	9.81e-04	1.35e-01	5.09e-01	3.55e-01
 5.17933e+22	5.02e-15	2.87e-10	4.92e-07	5.50e-05	1.09e-03	1.43e-01	5.14e-01	3.43e-01
 5.20354e+22	6.61e-15	3.66e-10	6.11e-07	6.61e-05	1.24e-03	1.53e-01	5.19e-01	3.26e-01
 5.22792e+22	8.19e-15	4.42e-10	7.23e-07	7.63e-05	1.38e-03	1.62e-01	5.23e-01	3.14e-01
 5.25173e+22	1.05e-14	5.54e-10	8.85e-07	9.07e-05	1.57e-03	1.73e-01	5.27e-01	2.99e-01
 5.27581e+22	1.30e-14	6.68e-10	1.05e-06	1.05e-04	1.74e-03	1.82e-01	5.30e-01	2.86e-01
 5.29775e+22	1.59e-14	8.00e-10	1.23e-06	1.21e-04	1.93e-03	1.92e-01	5.32e-01	2.74e-01
 5.31862e+22	1.90e-14	9.41e-10	1.43e-06	1.37e-04	2.12e-03	2.02e-01	5.34e-01	2.62e-01
 5.34096e+22	2.35e-14	1.14e-09	1.71e-06	1.61e-04	2.38e-03	2.14e-01	5.35e-01	2.49e-01
 5.36302e+22	2.78e-14	1.33e-09	1.96e-06	1.81e-04	2.60e-03	2.23e-01	5.35e-01	2.39e-01
 5.38523e+22	3.41e-14	1.60e-09	2.33e-06	2.12e-04	2.92e-03	2.36e-01	5.35e-01	2.26e-01
 5.40742e+22	3.98e-14	1.85e-09	2.65e-06	2.38e-04	3.18e-03	2.46e-01	5.34e-01	2.16e-01
 5.42969e+22	4.84e-14	2.21e-09	3.13e-06	2.76e-04	3.55e-03	2.60e-01	5.33e-01	2.04e-01
 5.45198e+22	5.60e-14	2.53e-09	3.55e-06	3.09e-04	3.86e-03	2.70e-01	5.31e-01	1.95e-01
 5.47431e+22	6.73e-14	3.00e-09	4.17e-06	3.57e-04	4.30e-03	2.84e-01	5.28e-01	1.83e-01
 5.49673e+22	7.74e-14	3.42e-09	4.71e-06	3.98e-04	4.66e-03	2.95e-01	5.25e-01	1.75e-01
 5.51929e+22	9.22e-14	4.02e-09	5.49e-06	4.57e-04	5.18e-03	3.09e-01	5.21e-01	1.64e-01
 5.54201e+22	1.05e-13	4.56e-09	6.18e-06	5.09e-04	5.60e-03	3.20e-01	5.17e-01	1.56e-01
 5.56494e+22	1.25e-13	5.34e-09	7.18e-06	5.83e-04	6.21e-03	3.35e-01	5.12e-01	1.46e-01
 5.58818e+22	1.42e-13	6.04e-09	8.06e-06	6.48e-04	6.72e-03	3.47e-01	5.07e-01	1.39e-01
 5.61181e+22	1.67e-13	7.04e-09	9.35e-06	7.41e-04	7.44e-03	3.62e-01	5.00e-01	1.30e-01
 5.63581e+22	1.90e-13	7.96e-09	1.05e-05	8.23e-04	8.04e-03	3.74e-01	4.94e-01	1.23e-01
 5.66028e+22	2.23e-13	9.26e-09	1.22e-05	9.41e-04	8.91e-03	3.90e-01	4.86e-01	1.14e-01
 5.68528e+22	2.54e-13	1.05e-08	1.37e-05	1.04e-03	9.62e-03	4.02e-01	4.80e-01	1.07e-01
 5.71095e+22	2.98e-13	1.22e-08	1.58e-05	1.19e-03	1.07e-02	4.19e-01	4.70e-01	9.92e-02
 5.73685e+22	3.39e-13	1.38e-08	1.77e-05	1.32e-03	1.15e-02	4.31e-01	4.63e-01	9.33e-02
 5.75886e+22	3.80e-13	1.53e-08	1.97e-05	1.45e-03	1.23e-02	4.43e-01	4.55e-01	8.80e-02
 5.78331e+22	4.39e-13	1.76e-08	2.25e-05	1.64e-03	1.35e-02	4.58e-01	4.45e-01	8.14e-02
 5.80673e+22	4.86e-13	1.94e-08	2.47e-05	1.78e-03	1.44e-02	4.68e-01	4.38e-01	7.72e-02
 5.82881e+22	5.52e-13	2.19e-08	2.78e-05	1.98e-03	1.56e-02	4.82e-01	4.29e-01	7.19e-02
 5.85120e+22	6.11e-13	2.41e-08	3.05e-05	2.14e-03	1.65e-02	4.92e-01	4.21e-01	6.80e-02
 5.87399e+22	6.91e-13	2.72e-08	3.43e-05	2.38e-03	1.79e-02	5.06e-01	4.11e-01	6.30e-02
 5.89692e+22	7.67e-13	3.00e-08	3.77e-05	2.58e-03	1.90e-02	5.16e-01	4.03e-01	5.95e-02
 5.92003e+22	8.66e-13	3.38e-08	4.23e-05	2.86e-03	2.05e-02	5.29e-01	3.93e-01	5.51e-02
 5.94343e+22	9.62e-13	3.73e-08	4.65e-05	3.10e-03	2.18e-02	5.38e-01	3.85e-01	5.19e-02
 5.96721e+22	1.09e-12	4.21e-08	5.23e-05	3.43e-03	2.35e-02	5.51e-01	3.74e-01	4.79e-02
 5.99136e+22	1.21e-12	4.66e-08	5.75e-05	3.72e-03	2.49e-02	5.61e-01	3.65e-01	4.50e-02
 6.01597e+22	1.37e-12	5.26e-08	6.49e-05	4.12e-03	2.69e-02	5.74e-01	3.54e-01	4.13e-02
 6.04104e+22	1.53e-12	5.84e-08	7.15e-05	4.47e-03	2.85e-02	5.83e-01	3.45e-01	3.87e-02
 6.06668e+22	1.74e-12	6.61e-08	8.09e-05	4.96e-03	3.08e-02	5.95e-01	3.33e-01	3.53e-02
 6.09287e+22	1.96e-12	7.38e-08	8.95e-05	5.38e-03	3.27e-02	6.04e-01	3.24e-01	3.30e-02
 6.11979e+22	2.23e-12	8.38e-08	1.02e-04	5.98e-03	3.54e-02	6.17e-01	3.12e-01	2.99e-02
 6.14680e+22	2.51e-12	9.34e-08	1.12e-04	6.49e-03	3.75e-02	6.25e-01	3.03e-01	2.78e-02
 6.17393e+22	2.86e-12	1.06e-07	1.28e-04	7.19e-03	4.05e-02	6.36e-01	2.91e-01	2.52e-02
 6.20146e+22	3.22e-12	1.19e-07	1.42e-04	7.80e-03	4.28e-02	6.44e-01	2.82e-01	2.34e-02
 6.22535e+22	3.58e-12	1.31e-07	1.56e-04	8.42e-03	4.53e-02	6.51e-01	2.73e-01	2.17e-02
 6.25225e+22	4.09e-12	1.50e-07	1.77e-04	9.29e-03	4.86e-02	6.60e-01	2.62e-01	1.97e-02
 6.27941e+22	4.61e-12	1.67e-07	1.96e-04	1.00e-02	5.13e-02	6.67e-01	2.53e-01	1.83e-02
 6.30210e+22	5.08e-12	1.83e-07	2.14e-04	1.07e-02	5.38e-02	6.73e-01	2.46e-01	1.70e-02
 6.32678e+22	5.73e-12	2.06e-07	2.39e-04	1.17e-02	5.73e-02	6.80e-01	2.36e-01	1.55e-02
 6.35124e+22	6.34e-12	2.26e-07	2.61e-04	1.25e-02	6.00e-02	6.84e-01	2.29e-01	1.45e-02
 6.37542e+22	7.19e-12	2.54e-07	2.91e-04	1.36e-02	6.34e-02	6.90e-01	2.20e-01	1.33e-02
 6.40061e+22	7.95e-12	2.81e-07	3.21e-04	1.46e-02	6.68e-02	6.94e-01	2.12e-01	1.23e-02
 6.42304e+22	8.84e-12	3.10e-07	3.51e-04	1.56e-02	6.98e-02	6.98e-01	2.05e-01	1.14e-02
 6.44813e+22	1.01e-11	3.50e-07	3.93e-04	1.69e-02	7.38e-02	7.02e-01	1.96e-01	1.04e-02
 6.47460e+22	1.13e-11	3.91e-07	4.36e-04	1.82e-02	7.76e-02	7.06e-01	1.88e-01	9.57e-03
 6.49871e+22	1.27e-11	4.34e-07	4.80e-04	1.95e-02	8.13e-02	7.09e-01	1.81e-01	8.84e-03
 6.52586e+22	1.47e-11	4.96e-07	5.43e-04	2.13e-02	8.61e-02	7.11e-01	1.73e-01	7.98e-03
 6.55383e+22	1.66e-11	5.56e-07	6.03e-04	2.29e-02	9.04e-02	7.13e-01	1.65e-01	7.31e-03
 6.57900e+22	1.87e-11	6.21e-07	6.67e-04	2.46e-02	9.47e-02	7.15e-01	1.59e-01	6.71e-03
 6.60786e+22	2.19e-11	7.18e-07	7.60e-04	2.69e-02	1.00e-01	7.16e-01	1.50e-01	6.01e-03
 6.63715e+22	2.49e-11	8.07e-07	8.46e-04	2.89e-02	1.05e-01	7.16e-01	1.43e-01	5.48e-03
 6.66309e+22	2.83e-11	9.07e-07	9.40e-04	3.11e-02	1.10e-01	7.16e-01	1.37e-01	5.01e-03
 6.69292e+22	3.34e-11	1.05e-06	1.07e-03	3.40e-02	1.17e-01	7.15e-01	1.29e-01	4.46e-03
 6.72330e+22	3.83e-11	1.19e-06	1.20e-03	3.66e-02	1.22e-01	7.13e-01	1.23e-01	4.04e-03
 6.75441e+22	4.56e-11	1.40e-06	1.38e-03	4.01e-02	1.29e-01	7.11e-01	1.15e-01	3.58e-03
 6.78598e+22	5.27e-11	1.59e-06	1.55e-03	4.32e-02	1.35e-01	7.08e-01	1.09e-01	3.23e-03
 6.81817e+22	6.33e-11	1.87e-06	1.78e-03	4.74e-02	1.43e-01	7.03e-01	1.02e-01	2.85e-03
 6.85123e+22	7.35e-11	2.15e-06	2.01e-03	5.13e-02	1.49e-01	6.98e-01	9.62e-02	2.54e-03
 6.88004e+22	8.55e-11	2.45e-06	2.25e-03	5.51e-02	1.56e-01	6.94e-01	9.11e-02	2.29e-03
 6.91214e+22	1.03e-10	2.88e-06	2.58e-03	6.01e-02	1.64e-01	6.87e-01	8.50e-02	2.02e-03
 6.94627e+22	1.22e-10	3.35e-06	2.94e-03	6.52e-02	1.71e-01	6.79e-01	7.95e-02	1.79e-03
 6.97412e+22	1.39e-10	3.76e-06	3.24e-03	6.93e-02	1.77e-01	6.73e-01	7.54e-02	1.62e-03
 7.00140e+22	1.63e-10	4.30e-06	3.63e-03	7.44e-02	1.84e-01	6.66e-01	7.10e-02	1.45e-03
 7.03045e+22	1.88e-10	4.88e-06	4.04e-03	7.94e-02	1.90e-01	6.58e-01	6.70e-02	1.31e-03
 7.05746e+22	2.17e-10	5.52e-06	4.47e-03	8.46e-02	1.97e-01	6.50e-01	6.32e-02	1.18e-03
 7.08824e+22	2.61e-10	6.46e-06	5.09e-03	9.15e-02	2.05e-01	6.39e-01	5.88e-02	1.04e-03
 7.11985e+22	3.05e-10	7.39e-06	5.69e-03	9.78e-02	2.12e-01	6.29e-01	5.50e-02	9.26e-04
 7.14793e+22	3.53e-10	8.39e-06	6.32e-03	1.04e-01	2.18e-01	6.19e-01	5.16e-02	8.28e-04
 7.17980e+22	4.28e-10	9.87e-06	7.21e-03	1.13e-01	2.27e-01	6.05e-01	4.76e-02	7.21e-04
 7.21206e+22	5.02e-10	1.13e-05	8.04e-03	1.20e-01	2.33e-01	5.93e-01	4.44e-02	6.40e-04
 7.24020e+22	5.84e-10	1.28e-05	8.92e-03	1.27e-01	2.40e-01	5.82e-01	4.15e-02	5.70e-04
 7.27218e+22	7.08e-10	1.51e-05	1.01e-02	1.37e-01	2.48e-01	5.66e-01	3.81e-02	4.94e-04
 7.30522e+22	8.35e-10	1.73e-05	1.13e-02	1.46e-01	2.54e-01	5.53e-01	3.53e-02	4.35e-04
 7.33485e+22	9.80e-10	1.98e-05	1.26e-02	1.55e-01	2.61e-01	5.39e-01	3.27e-02	3.83e-04
 7.36857e+22	1.20e-09	2.35e-05	1.43e-02	1.67e-01	2.68e-01	5.21e-01	2.97e-02	3.27e-04
 7.40329e+22	1.43e-09	2.71e-05	1.61e-02	1.77e-01	2.74e-01	5.05e-01	2.72e-02	2.84e-04
 7.43421e+22	1.69e-09	3.11e-05	1.79e-02	1.88e-01	2.80e-01	4.89e-01	2.50e-02	2.48e-04
 7.46932e+22	2.10e-09	3.70e-05	2.04e-02	2.02e-01	2.86e-01	4.69e-01	2.25e-02	2.09e-04
 7.50540e+22	2.51e-09	4.29e-05	2.28e-02	2.14e-01	2.92e-01	4.51e-01	2.04e-02	1.79e-04
 7.53728e+22	2.98e-09	4.93e-05	2.53e-02	2.26e-01	2.96e-01	4.34e-01	1.86e-02	1.55e-04
 7.57327e+22	3.71e-09	5.87e-05	2.88e-02	2.41e-01	3.00e-01	4.13e-01	1.66e-02	1.29e-04
 7.61033e+22	4.48e-09	6.83e-05	3.22e-02	2.55e-01	3.04e-01	3.94e-01	1.49e-02	1.09e-04
 7.64319e+22	5.34e-09	7.86e-05	3.57e-02	2.68e-01	3.06e-01	3.76e-01	1.34e-02	9.34e-05
 7.68035e+22	6.70e-09	9.40e-05	4.06e-02	2.85e-01	3.09e-01	3.54e-01	1.18e-02	7.62e-05
 7.71838e+22	8.09e-09	1.09e-04	4.51e-02	2.99e-01	3.10e-01	3.35e-01	1.05e-02	6.41e-05
 7.75754e+22	1.03e-08	1.31e-04	5.13e-02	3.17e-01	3.11e-01	3.12e-01	9.05e-03	5.13e-05
 7.79722e+22	1.25e-08	1.53e-04	5.70e-02	3.32e-01	3.10e-01	2.93e-01	7.99e-03	4.26e-05
 7.83756e+22	1.60e-08	1.84e-04	6.48e-02	3.50e-01	3.08e-01	2.70e-01	6.80e-03	3.35e-05
 7.87840e+22	1.94e-08	2.14e-04	7.18e-02	3.65e-01	3.06e-01	2.52e-01	5.94e-03	2.75e-05
 7.91990e+22	2.50e-08	2.59e-04	8.12e-02	3.83e-01	3.01e-01	2.30e-01	5.00e-03	2.14e-05
 7.96237e+22	3.07e-08	3.02e-04	8.99e-02	3.97e-01	2.96e-01	2.12e-01	4.31e-03	1.72e-05
 8.00026e+22	3.76e-08	3.51e-04	9.90e-02	4.11e-01	2.91e-01	1.95e-01	3.71e-03	1.39e-05
 8.04363e+22	4.87e-08	4.25e-04	1.12e-01	4.27e-01	2.83e-01	1.75e-01	3.05e-03	1.05e-05
 8.08792e+22	6.02e-08	4.96e-04	1.23e-01	4.40e-01	2.75e-01	1.59e-01	2.59e-03	8.32e-06
 8.12683e+22	7.36e-08	5.75e-04	1.34e-01	4.51e-01	2.67e-01	1.45e-01	2.20e-03	6.61e-06
 8.17084e+22	9.52e-08	6.91e-04	1.50e-01	4.64e-01	2.56e-01	1.28e-01	1.78e-03	4.91e-06
 8.21376e+22	1.15e-07	7.92e-04	1.62e-01	4.72e-01	2.48e-01	1.16e-01	1.51e-03	3.90e-06
 8.24847e+22	1.37e-07	8.95e-04	1.74e-01	4.79e-01	2.39e-01	1.06e-01	1.30e-03	3.17e-06
 8.28678e+22	1.69e-07	1.04e-03	1.89e-01	4.86e-01	2.28e-01	9.48e-02	1.07e-03	2.43e-06
 8.32587e+22	2.03e-07	1.18e-03	2.03e-01	4.90e-01	2.19e-01	8.56e-02	9.08e-04	1.93e-06
 8.36039e+22	2.41e-07	1.33e-03	2.16e-01	4.94e-01	2.10e-01	7.76e-02	7.74e-04	1.55e-06
 8.39969e+22	3.00e-07	1.54e-03	2.34e-01	4.97e-01	1.98e-01	6.82e-02	6.28e-04	1.16e-06
 8.43966e+22	3.58e-07	1.75e-03	2.49e-01	4.99e-01	1.88e-01	6.11e-02	5.26e-04	9.11e-07
 8.48053e+22	4.46e-07	2.03e-03	2.69e-01	4.99e-01	1.76e-01	5.32e-02	4.22e-04	6.76e-07
 8.52218e+22	5.39e-07	2.30e-03	2.86e-01	4.98e-01	1.66e-01	4.70e-02	3.47e-04	5.18e-07
 8.55753e+22	6.35e-07	2.57e-03	3.01e-01	4.96e-01	1.57e-01	4.22e-02	2.92e-04	4.11e-07
 8.59017e+22	7.41e-07	2.85e-03	3.16e-01	4.93e-01	1.49e-01	3.80e-02	2.47e-04	3.28e-07
 8.62662e+22	8.96e-07	3.23e-03	3.35e-01	4.89e-01	1.39e-01	3.32e-02	2.01e-04	2.48e-07
 8.66352e+22	1.04e-06	3.58e-03	3.51e-01	4.84e-01	1.31e-01	2.97e-02	1.69e-04	1.97e-07
 8.70100e+22	1.27e-06	4.06e-03	3.70e-01	4.78e-01	1.22e-01	2.58e-02	1.36e-04	1.47e-07
 8.73860e+22	1.48e-06	4.50e-03	3.87e-01	4.72e-01	1.14e-01	2.29e-02	1.13e-04	0.00e+00
 8.77116e+22	1.72e-06	4.96e-03	4.03e-01	4.65e-01	1.07e-01	2.04e-02	9.46e-05	0.00e+00
 8.80826e+22	2.07e-06	5.59e-03	4.22e-01	4.56e-01	9.87e-02	1.77e-02	7.57e-05	0.00e+00
 8.84604e+22	2.42e-06	6.18e-03	4.39e-01	4.47e-01	9.19e-02	1.56e-02	6.24e-05	0.00e+00
 8.87943e+22	2.81e-06	6.80e-03	4.55e-01	4.38e-01	8.57e-02	1.38e-02	5.18e-05	0.00e+00
 8.91759e+22	3.39e-06	7.67e-03	4.76e-01	4.27e-01	7.82e-02	1.18e-02	4.09e-05	0.00e+00
 8.95629e+22	3.98e-06	8.47e-03	4.93e-01	4.16e-01	7.23e-02	1.03e-02	3.33e-05	0.00e+00
 8.99029e+22	4.61e-06	9.30e-03	5.09e-01	4.06e-01	6.70e-02	9.09e-03	2.75e-05	0.00e+00
 9.02907e+22	5.56e-06	1.05e-02	5.29e-01	3.92e-01	6.06e-02	7.71e-03	2.14e-05	0.00e+00
 9.06856e+22	6.51e-06	1.16e-02	5.45e-01	3.81e-01	5.57e-02	6.70e-03	1.73e-05	0.00e+00
 9.10356e+22	7.59e-06	1.27e-02	5.61e-01	3.69e-01	5.11e-02	5.84e-03	1.41e-05	0.00e+00
 9.14366e+22	9.19e-06	1.43e-02	5.81e-01	3.54e-01	4.58e-02	4.90e-03	1.08e-05	0.00e+00
 9.18431e+22	1.08e-05	1.59e-02	5.97e-01	3.41e-01	4.16e-02	4.22e-03	8.63e-06	0.00e+00
 9.21989e+22	1.27e-05	1.75e-02	6.12e-01	3.28e-01	3.80e-02	3.65e-03	6.94e-06	0.00e+00
 9.24726e+22	1.41e-05	1.87e-02	6.21e-01	3.21e-01	3.60e-02	3.36e-03	6.12e-06	0.00e+00
