#depth	N	N+	N+2	N+3	N+4	N+5	N+6	N+7
 4.62852e+21	0.00e+00	3.47e-28	3.78e-22	4.24e-17	1.70e-12	1.47e-07	7.66e-04	9.99e-01
 1.05486e+22	0.00e+00	2.90e-27	2.25e-21	1.83e-16	5.21e-12	3.04e-07	1.09e-03	9.99e-01
 1.27236e+22	0.00e+00	1.23e-26	7.56e-21	4.92e-16	1.12e-11	4.99e-07	1.39e-03	9.99e-01
 1.43137e+22	0.00e+00	3.85e-26	1.98e-20	1.09e-15	2.05e-11	7.43e-07	1.68e-03	9.98e-01
 1.51971e+22	2.65e-33	5.14e-26	2.53e-20	1.32e-15	2.39e-11	8.21e-07	1.77e-03	9.98e-01
 1.55031e+22	3.38e-33	6.35e-26	3.02e-20	1.53e-15	2.68e-11	8.83e-07	1.83e-03	9.98e-01
 1.58008e+22	4.61e-33	8.30e-26	3.79e-20	1.84e-15	3.10e-11	9.69e-07	1.91e-03	9.98e-01
 1.61074e+22	5.98e-33	1.04e-25	4.57e-20	2.15e-15	3.49e-11	1.05e-06	1.99e-03	9.98e-01
 1.63759e+22	7.65e-33	1.28e-25	5.47e-20	2.49e-15	3.90e-11	1.13e-06	2.06e-03	9.98e-01
 1.66751e+22	1.04e-32	1.67e-25	6.81e-20	2.97e-15	4.47e-11	1.23e-06	2.15e-03	9.98e-01
 1.69806e+22	1.35e-32	2.10e-25	8.26e-20	3.48e-15	5.05e-11	1.34e-06	2.24e-03	9.98e-01
 1.72480e+22	1.75e-32	2.61e-25	9.93e-20	4.04e-15	5.67e-11	1.44e-06	2.32e-03	9.98e-01
 1.75490e+22	2.38e-32	3.41e-25	1.24e-19	4.86e-15	6.54e-11	1.58e-06	2.43e-03	9.98e-01
 1.78395e+22	3.03e-32	4.20e-25	1.48e-19	5.60e-15	7.29e-11	1.70e-06	2.51e-03	9.97e-01
 1.80722e+22	3.76e-32	5.06e-25	1.73e-19	6.36e-15	8.05e-11	1.81e-06	2.59e-03	9.97e-01
 1.83306e+22	4.87e-32	6.33e-25	2.09e-19	7.43e-15	9.08e-11	1.96e-06	2.69e-03	9.97e-01
 1.86067e+22	6.22e-32	7.81e-25	2.49e-19	8.58e-15	1.01e-10	2.11e-06	2.79e-03	9.97e-01
 1.88617e+22	7.85e-32	9.54e-25	2.95e-19	9.85e-15	1.13e-10	2.26e-06	2.88e-03	9.97e-01
 1.91491e+22	1.05e-31	1.23e-24	3.65e-19	1.17e-14	1.29e-10	2.47e-06	3.01e-03	9.97e-01
 1.94329e+22	1.34e-31	1.51e-24	4.35e-19	1.35e-14	1.44e-10	2.66e-06	3.12e-03	9.97e-01
 1.96669e+22	1.66e-31	1.82e-24	5.09e-19	1.54e-14	1.59e-10	2.83e-06	3.22e-03	9.97e-01
 1.99260e+22	2.15e-31	2.27e-24	6.13e-19	1.79e-14	1.79e-10	3.06e-06	3.34e-03	9.97e-01
 2.02044e+22	2.75e-31	2.81e-24	7.33e-19	2.07e-14	2.00e-10	3.30e-06	3.46e-03	9.97e-01
 2.04612e+22	3.51e-31	3.46e-24	8.73e-19	2.38e-14	2.23e-10	3.55e-06	3.59e-03	9.96e-01
 2.06947e+22	4.31e-31	4.13e-24	1.01e-18	2.69e-14	2.46e-10	3.78e-06	3.70e-03	9.96e-01
 2.09443e+22	5.52e-31	5.11e-24	1.21e-18	3.12e-14	2.75e-10	4.07e-06	3.83e-03	9.96e-01
 2.12097e+22	7.01e-31	6.27e-24	1.44e-18	3.59e-14	3.07e-10	4.37e-06	3.97e-03	9.96e-01
 2.14494e+22	8.75e-31	7.59e-24	1.69e-18	4.09e-14	3.39e-10	4.67e-06	4.10e-03	9.96e-01
 2.17149e+22	1.14e-30	9.50e-24	2.04e-18	4.78e-14	3.83e-10	5.06e-06	4.26e-03	9.96e-01
 2.19959e+22	1.47e-30	1.18e-23	2.45e-18	5.54e-14	4.29e-10	5.46e-06	4.43e-03	9.96e-01
 2.22381e+22	1.83e-30	1.43e-23	2.87e-18	6.30e-14	4.74e-10	5.84e-06	4.57e-03	9.95e-01
 2.24573e+22	2.25e-30	1.71e-23	3.33e-18	7.11e-14	5.20e-10	6.21e-06	4.72e-03	9.95e-01
 2.27053e+22	2.86e-30	2.10e-23	3.96e-18	8.20e-14	5.80e-10	6.69e-06	4.89e-03	9.95e-01
 2.29733e+22	3.65e-30	2.58e-23	4.71e-18	9.44e-14	6.47e-10	7.19e-06	5.06e-03	9.95e-01
 2.32187e+22	4.59e-30	3.14e-23	5.55e-18	1.08e-13	7.16e-10	7.70e-06	5.24e-03	9.95e-01
 2.34532e+22	5.73e-30	3.80e-23	6.51e-18	1.23e-13	7.91e-10	8.23e-06	5.42e-03	9.95e-01
 2.37221e+22	7.48e-30	4.77e-23	7.88e-18	1.43e-13	8.91e-10	8.93e-06	5.63e-03	9.94e-01
 2.39937e+22	9.53e-30	5.87e-23	9.35e-18	1.65e-13	9.90e-10	9.59e-06	5.84e-03	9.94e-01
 2.42192e+22	1.18e-29	7.03e-23	1.09e-17	1.86e-13	1.09e-09	1.02e-05	6.03e-03	9.94e-01
 2.44626e+22	1.51e-29	8.68e-23	1.30e-17	2.15e-13	1.21e-09	1.10e-05	6.26e-03	9.94e-01
 2.47244e+22	1.93e-29	1.07e-22	1.54e-17	2.46e-13	1.35e-09	1.18e-05	6.49e-03	9.93e-01
 2.49622e+22	2.40e-29	1.29e-22	1.80e-17	2.79e-13	1.48e-09	1.26e-05	6.71e-03	9.93e-01
 2.52237e+22	3.13e-29	1.62e-22	2.17e-17	3.26e-13	1.66e-09	1.37e-05	6.98e-03	9.93e-01
 2.54852e+22	3.97e-29	1.98e-22	2.57e-17	3.72e-13	1.84e-09	1.47e-05	7.24e-03	9.93e-01
 2.57020e+22	4.88e-29	2.36e-22	2.97e-17	4.18e-13	2.00e-09	1.56e-05	7.47e-03	9.93e-01
 2.59389e+22	6.29e-29	2.92e-22	3.54e-17	4.82e-13	2.23e-09	1.68e-05	7.76e-03	9.92e-01
 2.61890e+22	7.89e-29	3.54e-22	4.15e-17	5.47e-13	2.45e-09	1.80e-05	8.03e-03	9.92e-01
 2.64203e+22	9.90e-29	4.29e-22	4.86e-17	6.20e-13	2.69e-09	1.92e-05	8.31e-03	9.92e-01
 2.66852e+22	1.31e-28	5.43e-22	5.91e-17	7.24e-13	3.02e-09	2.08e-05	8.67e-03	9.91e-01
 2.69463e+22	1.67e-28	6.66e-22	6.98e-17	8.26e-13	3.32e-09	2.23e-05	9.00e-03	9.91e-01
 2.71549e+22	2.06e-28	7.95e-22	8.07e-17	9.26e-13	3.61e-09	2.37e-05	9.29e-03	9.91e-01
 2.73787e+22	2.62e-28	9.73e-22	9.52e-17	1.06e-12	3.98e-09	2.54e-05	9.64e-03	9.90e-01
 2.76209e+22	3.34e-28	1.19e-21	1.12e-16	1.20e-12	4.36e-09	2.72e-05	1.00e-02	9.90e-01
 2.78416e+22	4.13e-28	1.43e-21	1.30e-16	1.35e-12	4.75e-09	2.90e-05	1.03e-02	9.90e-01
 2.80829e+22	5.44e-28	1.80e-21	1.57e-16	1.56e-12	5.28e-09	3.13e-05	1.08e-02	9.89e-01
 2.83207e+22	6.85e-28	2.18e-21	1.83e-16	1.76e-12	5.75e-09	3.34e-05	1.12e-02	9.89e-01
 2.85162e+22	8.28e-28	2.56e-21	2.09e-16	1.96e-12	6.20e-09	3.53e-05	1.15e-02	9.88e-01
 2.87325e+22	1.07e-27	3.17e-21	2.49e-16	2.23e-12	6.81e-09	3.79e-05	1.20e-02	9.88e-01
 2.89575e+22	1.34e-27	3.82e-21	2.89e-16	2.51e-12	7.39e-09	4.03e-05	1.24e-02	9.88e-01
 2.91608e+22	1.67e-27	4.58e-21	3.35e-16	2.81e-12	8.00e-09	4.29e-05	1.28e-02	9.87e-01
 2.93920e+22	2.18e-27	5.74e-21	4.02e-16	3.24e-12	8.82e-09	4.62e-05	1.33e-02	9.87e-01
 2.96234e+22	2.77e-27	6.99e-21	4.71e-16	3.66e-12	9.60e-09	4.93e-05	1.38e-02	9.86e-01
 2.98138e+22	3.40e-27	8.30e-21	5.41e-16	4.07e-12	1.03e-08	5.22e-05	1.43e-02	9.86e-01
 3.00199e+22	4.37e-27	1.02e-20	6.39e-16	4.62e-12	1.13e-08	5.59e-05	1.48e-02	9.85e-01
 3.02368e+22	5.48e-27	1.23e-20	7.43e-16	5.19e-12	1.22e-08	5.95e-05	1.53e-02	9.85e-01
 3.04357e+22	6.88e-27	1.49e-20	8.64e-16	5.82e-12	1.32e-08	6.33e-05	1.59e-02	9.84e-01
 3.06309e+22	8.58e-27	1.79e-20	1.00e-15	6.52e-12	1.43e-08	6.73e-05	1.64e-02	9.84e-01
 3.08203e+22	1.07e-26	2.14e-20	1.16e-15	7.27e-12	1.54e-08	7.14e-05	1.70e-02	9.83e-01
 3.10332e+22	1.40e-26	2.68e-20	1.39e-15	8.35e-12	1.69e-08	7.69e-05	1.77e-02	9.82e-01
 3.12487e+22	1.75e-26	3.23e-20	1.61e-15	9.37e-12	1.83e-08	8.18e-05	1.83e-02	9.82e-01
 3.14356e+22	2.18e-26	3.87e-20	1.86e-15	1.05e-11	1.97e-08	8.68e-05	1.89e-02	9.81e-01
 3.16465e+22	2.87e-26	4.86e-20	2.23e-15	1.20e-11	2.17e-08	9.35e-05	1.97e-02	9.80e-01
 3.18610e+22	3.63e-26	5.91e-20	2.61e-15	1.35e-11	2.35e-08	9.97e-05	2.04e-02	9.79e-01
 3.20477e+22	4.56e-26	7.13e-20	3.04e-15	1.52e-11	2.53e-08	1.06e-04	2.11e-02	9.79e-01
 3.22576e+22	6.04e-26	9.01e-20	3.67e-15	1.75e-11	2.79e-08	1.14e-04	2.20e-02	9.78e-01
 3.24684e+22	7.60e-26	1.09e-19	4.27e-15	1.97e-11	3.02e-08	1.22e-04	2.28e-02	9.77e-01
 3.26801e+22	1.01e-25	1.38e-19	5.16e-15	2.27e-11	3.33e-08	1.31e-04	2.38e-02	9.76e-01
 3.28965e+22	1.29e-25	1.69e-19	6.07e-15	2.57e-11	3.62e-08	1.40e-04	2.47e-02	9.75e-01
 3.30880e+22	1.66e-25	2.08e-19	7.16e-15	2.91e-11	3.93e-08	1.50e-04	2.56e-02	9.74e-01
 3.33064e+22	2.26e-25	2.69e-19	8.81e-15	3.41e-11	4.37e-08	1.63e-04	2.67e-02	9.73e-01
 3.35205e+22	2.85e-25	3.26e-19	1.03e-14	3.84e-11	4.74e-08	1.74e-04	2.77e-02	9.72e-01
 3.37003e+22	3.63e-25	3.99e-19	1.21e-14	4.34e-11	5.13e-08	1.85e-04	2.86e-02	9.71e-01
 3.38755e+22	4.58e-25	4.83e-19	1.41e-14	4.87e-11	5.55e-08	1.97e-04	2.96e-02	9.70e-01
 3.40739e+22	6.12e-25	6.15e-19	1.71e-14	5.65e-11	6.13e-08	2.13e-04	3.08e-02	9.69e-01
 3.42630e+22	7.59e-25	7.36e-19	1.98e-14	6.31e-11	6.60e-08	2.25e-04	3.18e-02	9.68e-01
 3.44037e+22	9.16e-25	8.61e-19	2.24e-14	6.93e-11	7.02e-08	2.37e-04	3.26e-02	9.67e-01
 3.45307e+22	1.10e-24	1.01e-18	2.54e-14	7.62e-11	7.48e-08	2.48e-04	3.35e-02	9.66e-01
 3.46762e+22	1.39e-24	1.22e-18	2.97e-14	8.57e-11	8.08e-08	2.64e-04	3.46e-02	9.65e-01
 3.48257e+22	1.69e-24	1.43e-18	3.38e-14	9.46e-11	8.63e-08	2.77e-04	3.55e-02	9.64e-01
 3.49533e+22	2.03e-24	1.67e-18	3.83e-14	1.04e-10	9.20e-08	2.91e-04	3.64e-02	9.63e-01
 3.50719e+22	2.42e-24	1.93e-18	4.30e-14	1.14e-10	9.76e-08	3.05e-04	3.73e-02	9.62e-01
 3.52057e+22	2.99e-24	2.31e-18	4.97e-14	1.27e-10	1.05e-07	3.22e-04	3.84e-02	9.61e-01
 3.53393e+22	3.59e-24	2.69e-18	5.62e-14	1.39e-10	1.12e-07	3.37e-04	3.93e-02	9.60e-01
 3.54515e+22	4.27e-24	3.11e-18	6.32e-14	1.52e-10	1.19e-07	3.53e-04	4.02e-02	9.59e-01
 3.55762e+22	5.29e-24	3.71e-18	7.31e-14	1.70e-10	1.28e-07	3.73e-04	4.14e-02	9.58e-01
 3.57037e+22	6.34e-24	4.32e-18	8.26e-14	1.87e-10	1.36e-07	3.90e-04	4.24e-02	9.57e-01
 3.58166e+22	7.69e-24	5.08e-18	9.41e-14	2.06e-10	1.45e-07	4.09e-04	4.34e-02	9.56e-01
 3.59264e+22	9.21e-24	5.91e-18	1.06e-13	2.26e-10	1.54e-07	4.28e-04	4.44e-02	9.55e-01
 3.60296e+22	1.09e-23	6.81e-18	1.19e-13	2.47e-10	1.64e-07	4.47e-04	4.54e-02	9.54e-01
 3.61282e+22	1.29e-23	7.86e-18	1.34e-13	2.70e-10	1.74e-07	4.66e-04	4.64e-02	9.53e-01
 3.62417e+22	1.61e-23	9.41e-18	1.55e-13	3.02e-10	1.87e-07	4.92e-04	4.77e-02	9.52e-01
 3.63566e+22	1.95e-23	1.11e-17	1.77e-13	3.34e-10	2.00e-07	5.15e-04	4.88e-02	9.51e-01
 3.64547e+22	2.32e-23	1.28e-17	1.99e-13	3.65e-10	2.12e-07	5.38e-04	4.98e-02	9.50e-01
 3.65632e+22	2.90e-23	1.55e-17	2.32e-13	4.10e-10	2.29e-07	5.68e-04	5.12e-02	9.48e-01
 3.66749e+22	3.54e-23	1.83e-17	2.67e-13	4.56e-10	2.46e-07	5.96e-04	5.25e-02	9.47e-01
 3.67737e+22	4.27e-23	2.15e-17	3.03e-13	5.03e-10	2.63e-07	6.23e-04	5.37e-02	9.46e-01
 3.68849e+22	5.50e-23	2.65e-17	3.61e-13	5.73e-10	2.87e-07	6.62e-04	5.53e-02	9.44e-01
 3.69974e+22	6.75e-23	3.15e-17	4.15e-13	6.39e-10	3.08e-07	6.95e-04	5.66e-02	9.43e-01
 3.70934e+22	8.20e-23	3.72e-17	4.75e-13	7.07e-10	3.29e-07	7.28e-04	5.79e-02	9.41e-01
 3.72000e+22	1.07e-22	4.66e-17	5.71e-13	8.14e-10	3.61e-07	7.74e-04	5.97e-02	9.40e-01
 3.73059e+22	1.30e-22	5.48e-17	6.53e-13	9.01e-10	3.87e-07	8.10e-04	6.10e-02	9.38e-01
 3.74109e+22	1.71e-22	6.93e-17	7.91e-13	1.04e-09	4.26e-07	8.63e-04	6.29e-02	9.36e-01
 3.75129e+22	2.06e-22	8.12e-17	9.00e-13	1.15e-09	4.55e-07	9.01e-04	6.43e-02	9.35e-01
 3.76109e+22	2.72e-22	1.02e-16	1.09e-12	1.33e-09	5.01e-07	9.59e-04	6.62e-02	9.33e-01
 3.77091e+22	3.29e-22	1.21e-16	1.24e-12	1.47e-09	5.37e-07	1.00e-03	6.77e-02	9.31e-01
 3.78074e+22	4.39e-22	1.54e-16	1.52e-12	1.72e-09	5.93e-07	1.07e-03	6.98e-02	9.29e-01
 3.79059e+22	5.39e-22	1.83e-16	1.76e-12	1.91e-09	6.38e-07	1.12e-03	7.14e-02	9.27e-01
 3.80047e+22	7.28e-22	2.37e-16	2.16e-12	2.24e-09	7.09e-07	1.20e-03	7.37e-02	9.25e-01
 3.81043e+22	9.02e-22	2.84e-16	2.51e-12	2.52e-09	7.66e-07	1.26e-03	7.54e-02	9.23e-01
 3.82050e+22	1.22e-21	3.67e-16	3.10e-12	2.95e-09	8.52e-07	1.34e-03	7.79e-02	9.21e-01
 3.83050e+22	1.53e-21	4.45e-16	3.63e-12	3.33e-09	9.24e-07	1.41e-03	7.98e-02	9.19e-01
 3.84040e+22	2.07e-21	5.76e-16	4.49e-12	3.92e-09	1.03e-06	1.51e-03	8.23e-02	9.16e-01
 3.85049e+22	2.64e-21	7.09e-16	5.33e-12	4.46e-09	1.12e-06	1.59e-03	8.45e-02	9.14e-01
 3.86081e+22	3.64e-21	9.33e-16	6.69e-12	5.30e-09	1.26e-06	1.71e-03	8.74e-02	9.11e-01
 3.87120e+22	4.67e-21	1.15e-15	7.97e-12	6.06e-09	1.38e-06	1.81e-03	8.97e-02	9.09e-01
 3.88166e+22	6.51e-21	1.53e-15	1.01e-11	7.23e-09	1.55e-06	1.95e-03	9.28e-02	9.05e-01
 3.89220e+22	8.37e-21	1.90e-15	1.20e-11	8.28e-09	1.70e-06	2.06e-03	9.52e-02	9.03e-01
 3.90134e+22	1.08e-20	2.35e-15	1.43e-11	9.47e-09	1.86e-06	2.18e-03	9.78e-02	9.00e-01
 3.91174e+22	1.50e-20	3.13e-15	1.81e-11	1.13e-08	2.09e-06	2.34e-03	1.01e-01	8.97e-01
 3.92203e+22	1.89e-20	3.81e-15	2.13e-11	1.28e-08	2.27e-06	2.47e-03	1.04e-01	8.94e-01
 3.93217e+22	2.59e-20	4.99e-15	2.66e-11	1.52e-08	2.55e-06	2.65e-03	1.07e-01	8.90e-01
 3.94252e+22	3.28e-20	6.10e-15	3.15e-11	1.73e-08	2.78e-06	2.79e-03	1.10e-01	8.87e-01
 3.95314e+22	4.50e-20	8.01e-15	3.94e-11	2.05e-08	3.12e-06	3.00e-03	1.13e-01	8.84e-01
 3.96402e+22	5.75e-20	9.87e-15	4.69e-11	2.34e-08	3.41e-06	3.17e-03	1.16e-01	8.80e-01
 3.97524e+22	7.94e-20	1.30e-14	5.89e-11	2.79e-08	3.84e-06	3.41e-03	1.20e-01	8.76e-01
 3.98670e+22	1.02e-19	1.61e-14	7.02e-11	3.19e-08	4.21e-06	3.61e-03	1.24e-01	8.73e-01
 3.99850e+22	1.40e-19	2.12e-14	8.82e-11	3.80e-08	4.74e-06	3.89e-03	1.28e-01	8.68e-01
 4.01051e+22	1.79e-19	2.62e-14	1.05e-10	4.36e-08	5.20e-06	4.12e-03	1.31e-01	8.65e-01
 4.02280e+22	2.47e-19	3.44e-14	1.32e-10	5.19e-08	5.87e-06	4.43e-03	1.36e-01	8.60e-01
 4.03516e+22	3.13e-19	4.23e-14	1.57e-10	5.92e-08	6.42e-06	4.69e-03	1.39e-01	8.56e-01
 4.04762e+22	4.27e-19	5.52e-14	1.95e-10	7.03e-08	7.22e-06	5.05e-03	1.44e-01	8.51e-01
 4.05971e+22	5.26e-19	6.59e-14	2.27e-10	7.89e-08	7.82e-06	5.30e-03	1.47e-01	8.47e-01
 4.07133e+22	6.94e-19	8.37e-14	2.77e-10	9.20e-08	8.69e-06	5.66e-03	1.52e-01	8.43e-01
 4.08321e+22	8.58e-19	1.00e-13	3.22e-10	1.03e-07	9.43e-06	5.96e-03	1.55e-01	8.39e-01
 4.09546e+22	1.14e-18	1.28e-13	3.95e-10	1.21e-07	1.05e-05	6.38e-03	1.60e-01	8.34e-01
 4.10785e+22	1.40e-18	1.53e-13	4.57e-10	1.36e-07	1.14e-05	6.71e-03	1.64e-01	8.30e-01
 4.12045e+22	1.84e-18	1.93e-13	5.56e-10	1.58e-07	1.27e-05	7.17e-03	1.69e-01	8.24e-01
 4.13295e+22	2.25e-18	2.30e-13	6.43e-10	1.77e-07	1.37e-05	7.53e-03	1.72e-01	8.20e-01
 4.14532e+22	2.94e-18	2.90e-13	7.80e-10	2.06e-07	1.52e-05	8.04e-03	1.77e-01	8.15e-01
 4.15781e+22	3.55e-18	3.41e-13	8.94e-10	2.29e-07	1.64e-05	8.42e-03	1.81e-01	8.10e-01
 4.17046e+22	4.62e-18	4.27e-13	1.08e-09	2.66e-07	1.82e-05	8.98e-03	1.86e-01	8.05e-01
 4.18336e+22	5.60e-18	5.05e-13	1.24e-09	2.97e-07	1.97e-05	9.43e-03	1.90e-01	8.00e-01
 4.19657e+22	7.28e-18	6.33e-13	1.50e-09	3.44e-07	2.18e-05	1.01e-02	1.96e-01	7.94e-01
 4.21002e+22	8.85e-18	7.49e-13	1.73e-09	3.84e-07	2.36e-05	1.06e-02	2.00e-01	7.89e-01
 4.22379e+22	1.15e-17	9.39e-13	2.09e-09	4.46e-07	2.62e-05	1.13e-02	2.06e-01	7.83e-01
 4.23781e+22	1.40e-17	1.11e-12	2.41e-09	4.99e-07	2.84e-05	1.19e-02	2.10e-01	7.78e-01
 4.25217e+22	1.82e-17	1.40e-12	2.91e-09	5.80e-07	3.16e-05	1.27e-02	2.16e-01	7.71e-01
 4.26620e+22	2.17e-17	1.62e-12	3.30e-09	6.40e-07	3.39e-05	1.32e-02	2.20e-01	7.66e-01
 4.27980e+22	2.78e-17	2.01e-12	3.96e-09	7.39e-07	3.75e-05	1.41e-02	2.26e-01	7.60e-01
 4.29362e+22	3.31e-17	2.33e-12	4.48e-09	8.16e-07	4.02e-05	1.47e-02	2.30e-01	7.55e-01
 4.30772e+22	4.20e-17	2.87e-12	5.34e-09	9.36e-07	4.43e-05	1.57e-02	2.36e-01	7.48e-01
 4.32226e+22	5.09e-17	3.39e-12	6.14e-09	1.05e-06	4.80e-05	1.64e-02	2.41e-01	7.42e-01
 4.33736e+22	6.47e-17	4.16e-12	7.30e-09	1.20e-06	5.29e-05	1.75e-02	2.48e-01	7.35e-01
 4.35296e+22	7.92e-17	4.96e-12	8.45e-09	1.35e-06	5.75e-05	1.84e-02	2.53e-01	7.29e-01
 4.36920e+22	1.02e-16	6.14e-12	1.01e-08	1.56e-06	6.37e-05	1.96e-02	2.59e-01	7.21e-01
 4.38588e+22	1.25e-16	7.34e-12	1.18e-08	1.75e-06	6.94e-05	2.07e-02	2.65e-01	7.14e-01
 4.40314e+22	1.61e-16	9.15e-12	1.42e-08	2.03e-06	7.71e-05	2.21e-02	2.72e-01	7.06e-01
 4.42096e+22	2.00e-16	1.10e-11	1.66e-08	2.30e-06	8.43e-05	2.33e-02	2.78e-01	6.98e-01
 4.43953e+22	2.61e-16	1.39e-11	2.01e-08	2.69e-06	9.41e-05	2.49e-02	2.86e-01	6.89e-01
 4.45860e+22	3.26e-16	1.68e-11	2.36e-08	3.06e-06	1.03e-04	2.64e-02	2.92e-01	6.81e-01
 4.47576e+22	4.02e-16	2.01e-11	2.75e-08	3.45e-06	1.13e-04	2.78e-02	2.99e-01	6.73e-01
 4.49546e+22	5.36e-16	2.58e-11	3.39e-08	4.08e-06	1.27e-04	3.00e-02	3.07e-01	6.63e-01
 4.51529e+22	6.60e-16	3.09e-11	3.95e-08	4.60e-06	1.38e-04	3.16e-02	3.13e-01	6.55e-01
 4.53527e+22	8.75e-16	3.94e-11	4.84e-08	5.41e-06	1.55e-04	3.39e-02	3.22e-01	6.44e-01
 4.55568e+22	1.10e-15	4.79e-11	5.71e-08	6.17e-06	1.71e-04	3.59e-02	3.29e-01	6.35e-01
 4.57664e+22	1.46e-15	6.15e-11	7.04e-08	7.30e-06	1.92e-04	3.86e-02	3.38e-01	6.23e-01
 4.59793e+22	1.85e-15	7.53e-11	8.35e-08	8.36e-06	2.12e-04	4.10e-02	3.45e-01	6.14e-01
 4.61965e+22	2.51e-15	9.80e-11	1.04e-07	9.99e-06	2.41e-04	4.42e-02	3.55e-01	6.01e-01
 4.64146e+22	3.16e-15	1.20e-10	1.23e-07	1.14e-05	2.65e-04	4.68e-02	3.62e-01	5.91e-01
 4.65957e+22	3.90e-15	1.44e-10	1.44e-07	1.29e-05	2.89e-04	4.94e-02	3.69e-01	5.82e-01
 4.67927e+22	5.16e-15	1.83e-10	1.77e-07	1.52e-05	3.25e-04	5.29e-02	3.78e-01	5.69e-01
 4.69889e+22	6.34e-15	2.18e-10	2.05e-07	1.72e-05	3.55e-04	5.57e-02	3.84e-01	5.60e-01
 4.71841e+22	8.36e-15	2.78e-10	2.52e-07	2.02e-05	3.99e-04	5.97e-02	3.93e-01	5.47e-01
 4.73819e+22	1.03e-14	3.34e-10	2.94e-07	2.29e-05	4.36e-04	6.29e-02	4.00e-01	5.37e-01
 4.75830e+22	1.38e-14	4.28e-10	3.64e-07	2.72e-05	4.92e-04	6.76e-02	4.09e-01	5.23e-01
 4.77865e+22	1.71e-14	5.18e-10	4.28e-07	3.10e-05	5.40e-04	7.13e-02	4.15e-01	5.13e-01
 4.79933e+22	2.29e-14	6.65e-10	5.30e-07	3.69e-05	6.11e-04	7.66e-02	4.24e-01	4.98e-01
 4.82043e+22	2.88e-14	8.14e-10	6.29e-07	4.24e-05	6.76e-04	8.12e-02	4.32e-01	4.87e-01
 4.84209e+22	3.89e-14	1.06e-09	7.88e-07	5.10e-05	7.71e-04	8.75e-02	4.41e-01	4.71e-01
 4.86415e+22	4.94e-14	1.30e-09	9.43e-07	5.90e-05	8.56e-04	9.29e-02	4.48e-01	4.58e-01
 4.88673e+22	6.73e-14	1.71e-09	1.19e-06	7.15e-05	9.83e-04	1.00e-01	4.57e-01	4.42e-01
 4.90950e+22	8.54e-14	2.11e-09	1.43e-06	8.30e-05	1.09e-03	1.07e-01	4.64e-01	4.29e-01
 4.92864e+22	1.06e-13	2.54e-09	1.68e-06	9.52e-05	1.21e-03	1.13e-01	4.70e-01	4.16e-01
 4.94939e+22	1.39e-13	3.23e-09	2.07e-06	1.13e-04	1.37e-03	1.21e-01	4.77e-01	4.01e-01
 4.97030e+22	1.72e-13	3.90e-09	2.44e-06	1.30e-04	1.51e-03	1.28e-01	4.82e-01	3.88e-01
 4.99076e+22	2.21e-13	4.87e-09	2.97e-06	1.54e-04	1.71e-03	1.36e-01	4.88e-01	3.73e-01
 5.01164e+22	2.73e-13	5.88e-09	3.51e-06	1.77e-04	1.89e-03	1.44e-01	4.93e-01	3.60e-01
 5.03209e+22	3.45e-13	7.23e-09	4.22e-06	2.07e-04	2.12e-03	1.53e-01	4.98e-01	3.46e-01
 5.05298e+22	4.26e-13	8.74e-09	5.00e-06	2.40e-04	2.36e-03	1.62e-01	5.02e-01	3.33e-01
 5.07362e+22	5.27e-13	1.06e-08	5.95e-06	2.79e-04	2.64e-03	1.72e-01	5.06e-01	3.19e-01
 5.09438e+22	6.45e-13	1.27e-08	7.01e-06	3.23e-04	2.94e-03	1.82e-01	5.09e-01	3.05e-01
 5.11488e+22	7.85e-13	1.52e-08	8.25e-06	3.72e-04	3.27e-03	1.92e-01	5.12e-01	2.92e-01
 5.13535e+22	9.47e-13	1.80e-08	9.65e-06	4.28e-04	3.62e-03	2.03e-01	5.14e-01	2.80e-01
 5.15585e+22	1.14e-12	2.13e-08	1.13e-05	4.92e-04	4.02e-03	2.13e-01	5.15e-01	2.67e-01
 5.17642e+22	1.36e-12	2.50e-08	1.31e-05	5.63e-04	4.45e-03	2.25e-01	5.16e-01	2.55e-01
 5.19711e+22	1.61e-12	2.93e-08	1.52e-05	6.45e-04	4.92e-03	2.36e-01	5.16e-01	2.42e-01
 5.21798e+22	1.90e-12	3.42e-08	1.76e-05	7.36e-04	5.44e-03	2.48e-01	5.15e-01	2.31e-01
 5.23909e+22	2.24e-12	3.98e-08	2.03e-05	8.40e-04	6.01e-03	2.60e-01	5.14e-01	2.19e-01
 5.26030e+22	2.61e-12	4.60e-08	2.33e-05	9.55e-04	6.62e-03	2.72e-01	5.12e-01	2.08e-01
 5.28186e+22	3.05e-12	5.32e-08	2.68e-05	1.09e-03	7.31e-03	2.85e-01	5.10e-01	1.97e-01
 5.30365e+22	3.53e-12	6.12e-08	3.07e-05	1.23e-03	8.04e-03	2.98e-01	5.07e-01	1.86e-01
 5.32587e+22	4.10e-12	7.05e-08	3.52e-05	1.40e-03	8.87e-03	3.12e-01	5.03e-01	1.75e-01
 5.34849e+22	4.72e-12	8.06e-08	4.02e-05	1.58e-03	9.75e-03	3.25e-01	4.98e-01	1.65e-01
 5.36923e+22	5.30e-12	9.01e-08	4.48e-05	1.76e-03	1.05e-02	3.36e-01	4.94e-01	1.57e-01
 5.39090e+22	6.10e-12	1.03e-07	5.13e-05	2.00e-03	1.16e-02	3.51e-01	4.88e-01	1.47e-01
 5.41286e+22	6.83e-12	1.15e-07	5.71e-05	2.20e-03	1.26e-02	3.63e-01	4.83e-01	1.39e-01
 5.43542e+22	7.85e-12	1.32e-07	6.54e-05	2.50e-03	1.39e-02	3.78e-01	4.76e-01	1.30e-01
 5.45803e+22	8.72e-12	1.46e-07	7.25e-05	2.76e-03	1.49e-02	3.89e-01	4.70e-01	1.23e-01
 5.48069e+22	9.93e-12	1.66e-07	8.26e-05	3.11e-03	1.64e-02	4.04e-01	4.62e-01	1.14e-01
 5.50346e+22	1.10e-11	1.84e-07	9.12e-05	3.41e-03	1.76e-02	4.16e-01	4.55e-01	1.08e-01
 5.52634e+22	1.25e-11	2.08e-07	1.03e-04	3.84e-03	1.93e-02	4.31e-01	4.46e-01	1.00e-01
 5.54948e+22	1.38e-11	2.30e-07	1.14e-04	4.20e-03	2.07e-02	4.42e-01	4.38e-01	9.45e-02
 5.57295e+22	1.56e-11	2.59e-07	1.29e-04	4.72e-03	2.27e-02	4.57e-01	4.28e-01	8.74e-02
 5.59674e+22	1.72e-11	2.86e-07	1.43e-04	5.16e-03	2.43e-02	4.68e-01	4.20e-01	8.22e-02
 5.62096e+22	1.94e-11	3.23e-07	1.62e-04	5.78e-03	2.66e-02	4.82e-01	4.09e-01	7.57e-02
 5.64564e+22	2.14e-11	3.57e-07	1.79e-04	6.32e-03	2.84e-02	4.94e-01	4.01e-01	7.08e-02
 5.67091e+22	2.42e-11	4.04e-07	2.03e-04	7.08e-03	3.11e-02	5.08e-01	3.89e-01	6.49e-02
 5.69677e+22	2.69e-11	4.48e-07	2.25e-04	7.74e-03	3.33e-02	5.19e-01	3.79e-01	6.05e-02
 5.72341e+22	3.04e-11	5.09e-07	2.56e-04	8.69e-03	3.64e-02	5.33e-01	3.67e-01	5.50e-02
 5.75048e+22	3.39e-11	5.65e-07	2.84e-04	9.49e-03	3.89e-02	5.44e-01	3.57e-01	5.11e-02
 5.77331e+22	3.72e-11	6.20e-07	3.12e-04	1.03e-02	4.13e-02	5.53e-01	3.48e-01	4.78e-02
 5.79816e+22	4.18e-11	6.97e-07	3.51e-04	1.14e-02	4.46e-02	5.64e-01	3.36e-01	4.37e-02
 5.82222e+22	4.56e-11	7.60e-07	3.82e-04	1.22e-02	4.70e-02	5.72e-01	3.27e-01	4.10e-02
 5.84526e+22	5.05e-11	8.44e-07	4.26e-04	1.34e-02	5.04e-02	5.82e-01	3.16e-01	3.76e-02
 5.86855e+22	5.55e-11	9.24e-07	4.64e-04	1.43e-02	5.30e-02	5.89e-01	3.08e-01	3.53e-02
 5.89216e+22	6.18e-11	1.03e-06	5.18e-04	1.57e-02	5.68e-02	5.98e-01	2.97e-01	3.23e-02
 5.91614e+22	6.80e-11	1.13e-06	5.67e-04	1.68e-02	5.97e-02	6.04e-01	2.88e-01	3.02e-02
 5.94058e+22	7.60e-11	1.26e-06	6.35e-04	1.84e-02	6.39e-02	6.13e-01	2.77e-01	2.75e-02
 5.96539e+22	8.43e-11	1.39e-06	6.96e-04	1.97e-02	6.72e-02	6.18e-01	2.69e-01	2.56e-02
 5.99065e+22	9.44e-11	1.56e-06	7.82e-04	2.16e-02	7.19e-02	6.25e-01	2.57e-01	2.32e-02
 6.01635e+22	1.05e-10	1.73e-06	8.60e-04	2.32e-02	7.55e-02	6.30e-01	2.49e-01	2.15e-02
 6.04261e+22	1.19e-10	1.95e-06	9.69e-04	2.54e-02	8.07e-02	6.36e-01	2.37e-01	1.94e-02
 6.06949e+22	1.33e-10	2.17e-06	1.07e-03	2.73e-02	8.49e-02	6.40e-01	2.28e-01	1.79e-02
 6.09717e+22	1.52e-10	2.47e-06	1.21e-03	3.00e-02	9.07e-02	6.45e-01	2.17e-01	1.61e-02
 6.12554e+22	1.71e-10	2.76e-06	1.35e-03	3.23e-02	9.55e-02	6.48e-01	2.08e-01	1.47e-02
 6.15482e+22	1.97e-10	3.18e-06	1.54e-03	3.56e-02	1.02e-01	6.51e-01	1.97e-01	1.31e-02
 6.18438e+22	2.24e-10	3.57e-06	1.71e-03	3.83e-02	1.07e-01	6.53e-01	1.88e-01	1.20e-02
 6.21428e+22	2.59e-10	4.11e-06	1.96e-03	4.21e-02	1.14e-01	6.54e-01	1.77e-01	1.06e-02
 6.24450e+22	2.96e-10	4.64e-06	2.19e-03	4.54e-02	1.20e-01	6.54e-01	1.69e-01	9.66e-03
 6.27515e+22	3.45e-10	5.37e-06	2.51e-03	4.98e-02	1.27e-01	6.53e-01	1.59e-01	8.51e-03
 6.30507e+22	3.93e-10	6.03e-06	2.78e-03	5.34e-02	1.33e-01	6.52e-01	1.51e-01	7.78e-03
 6.33406e+22	4.54e-10	6.92e-06	3.16e-03	5.82e-02	1.41e-01	6.49e-01	1.42e-01	6.88e-03
 6.36403e+22	5.23e-10	7.85e-06	3.52e-03	6.24e-02	1.47e-01	6.46e-01	1.35e-01	6.23e-03
 6.38965e+22	5.88e-10	8.73e-06	3.88e-03	6.64e-02	1.52e-01	6.43e-01	1.29e-01	5.70e-03
 6.41731e+22	6.80e-10	9.99e-06	4.38e-03	7.19e-02	1.60e-01	6.38e-01	1.21e-01	5.06e-03
 6.44497e+22	7.66e-10	1.11e-05	4.82e-03	7.64e-02	1.66e-01	6.34e-01	1.15e-01	4.61e-03
 6.47265e+22	8.92e-10	1.27e-05	5.42e-03	8.23e-02	1.73e-01	6.27e-01	1.08e-01	4.11e-03
 6.50146e+22	1.02e-09	1.44e-05	6.02e-03	8.79e-02	1.80e-01	6.21e-01	1.02e-01	3.69e-03
 6.52732e+22	1.16e-09	1.61e-05	6.64e-03	9.34e-02	1.86e-01	6.15e-01	9.62e-02	3.34e-03
 6.55650e+22	1.36e-09	1.86e-05	7.50e-03	1.01e-01	1.94e-01	6.06e-01	8.96e-02	2.95e-03
 6.58703e+22	1.57e-09	2.11e-05	8.38e-03	1.08e-01	2.01e-01	5.97e-01	8.38e-02	2.62e-03
 6.61461e+22	1.80e-09	2.38e-05	9.27e-03	1.14e-01	2.07e-01	5.88e-01	7.88e-02	2.35e-03
 6.64574e+22	2.15e-09	2.77e-05	1.05e-02	1.23e-01	2.15e-01	5.76e-01	7.27e-02	2.04e-03
 6.67784e+22	2.49e-09	3.16e-05	1.18e-02	1.32e-01	2.23e-01	5.65e-01	6.75e-02	1.80e-03
 6.70638e+22	2.89e-09	3.58e-05	1.31e-02	1.40e-01	2.29e-01	5.53e-01	6.30e-02	1.60e-03
 6.73869e+22	3.48e-09	4.20e-05	1.49e-02	1.51e-01	2.37e-01	5.39e-01	5.76e-02	1.38e-03
 6.77218e+22	4.09e-09	4.82e-05	1.66e-02	1.61e-01	2.44e-01	5.25e-01	5.31e-02	1.20e-03
 6.80220e+22	4.76e-09	5.50e-05	1.85e-02	1.70e-01	2.50e-01	5.11e-01	4.91e-02	1.06e-03
 6.83625e+22	5.81e-09	6.50e-05	2.11e-02	1.83e-01	2.57e-01	4.93e-01	4.43e-02	8.92e-04
 6.87137e+22	6.87e-09	7.48e-05	2.36e-02	1.95e-01	2.63e-01	4.77e-01	4.05e-02	7.71e-04
 6.90787e+22	8.50e-09	8.94e-05	2.71e-02	2.10e-01	2.70e-01	4.57e-01	3.61e-02	6.40e-04
 6.94478e+22	1.01e-08	1.03e-04	3.03e-02	2.22e-01	2.75e-01	4.39e-01	3.27e-02	5.48e-04
 6.97730e+22	1.20e-08	1.19e-04	3.38e-02	2.35e-01	2.79e-01	4.22e-01	2.97e-02	4.69e-04
 7.01461e+22	1.49e-08	1.42e-04	3.87e-02	2.51e-01	2.84e-01	4.00e-01	2.61e-02	3.83e-04
 7.05233e+22	1.78e-08	1.64e-04	4.31e-02	2.65e-01	2.87e-01	3.81e-01	2.34e-02	3.24e-04
 7.09057e+22	2.23e-08	1.97e-04	4.92e-02	2.82e-01	2.90e-01	3.58e-01	2.04e-02	2.62e-04
 7.12939e+22	2.68e-08	2.28e-04	5.48e-02	2.96e-01	2.92e-01	3.39e-01	1.81e-02	2.19e-04
 7.16897e+22	3.39e-08	2.75e-04	6.26e-02	3.14e-01	2.93e-01	3.15e-01	1.55e-02	1.74e-04
 7.20895e+22	4.09e-08	3.19e-04	6.94e-02	3.28e-01	2.92e-01	2.96e-01	1.37e-02	1.44e-04
 7.24944e+22	5.20e-08	3.85e-04	7.90e-02	3.46e-01	2.91e-01	2.72e-01	1.16e-02	1.12e-04
 7.29030e+22	6.29e-08	4.46e-04	8.73e-02	3.60e-01	2.88e-01	2.54e-01	1.01e-02	9.19e-05
 7.33166e+22	8.04e-08	5.38e-04	9.89e-02	3.77e-01	2.84e-01	2.31e-01	8.45e-03	7.06e-05
 7.37359e+22	9.77e-08	6.25e-04	1.09e-01	3.90e-01	2.80e-01	2.13e-01	7.28e-03	5.69e-05
 7.40986e+22	1.18e-07	7.18e-04	1.19e-01	4.02e-01	2.75e-01	1.97e-01	6.31e-03	4.63e-05
 7.45061e+22	1.50e-07	8.60e-04	1.33e-01	4.16e-01	2.67e-01	1.77e-01	5.21e-03	3.52e-05
 7.48959e+22	1.77e-07	9.73e-04	1.44e-01	4.25e-01	2.61e-01	1.64e-01	4.56e-03	2.91e-05
 7.52628e+22	2.19e-07	1.14e-03	1.58e-01	4.36e-01	2.53e-01	1.48e-01	3.80e-03	2.24e-05
 7.56355e+22	2.60e-07	1.29e-03	1.70e-01	4.43e-01	2.46e-01	1.36e-01	3.28e-03	1.83e-05
 7.60159e+22	3.23e-07	1.51e-03	1.87e-01	4.51e-01	2.36e-01	1.22e-01	2.71e-03	1.40e-05
 7.64006e+22	3.86e-07	1.72e-03	2.00e-01	4.57e-01	2.28e-01	1.11e-01	2.31e-03	1.12e-05
 7.67909e+22	4.81e-07	2.01e-03	2.19e-01	4.63e-01	2.17e-01	9.81e-02	1.88e-03	8.41e-06
 7.71846e+22	5.75e-07	2.28e-03	2.34e-01	4.66e-01	2.08e-01	8.86e-02	1.59e-03	6.65e-06
 7.75308e+22	6.84e-07	2.58e-03	2.49e-01	4.68e-01	1.99e-01	8.00e-02	1.34e-03	5.27e-06
 7.79287e+22	8.54e-07	3.01e-03	2.70e-01	4.70e-01	1.87e-01	6.99e-02	1.08e-03	3.89e-06
 7.83324e+22	1.02e-06	3.41e-03	2.87e-01	4.69e-01	1.77e-01	6.23e-02	8.94e-04	3.02e-06
 7.86559e+22	1.19e-06	3.77e-03	3.01e-01	4.68e-01	1.69e-01	5.67e-02	7.67e-04	2.45e-06
 7.89887e+22	1.41e-06	4.25e-03	3.19e-01	4.66e-01	1.60e-01	5.04e-02	6.35e-04	1.89e-06
 7.93310e+22	1.64e-06	4.71e-03	3.34e-01	4.63e-01	1.52e-01	4.55e-02	5.40e-04	1.52e-06
 7.96368e+22	1.90e-06	5.19e-03	3.50e-01	4.59e-01	1.44e-01	4.12e-02	4.60e-04	1.22e-06
 7.99855e+22	2.29e-06	5.88e-03	3.69e-01	4.54e-01	1.35e-01	3.61e-02	3.73e-04	9.21e-07
 8.03351e+22	2.65e-06	6.48e-03	3.85e-01	4.49e-01	1.27e-01	3.24e-02	3.15e-04	7.33e-07
 8.06858e+22	3.17e-06	7.31e-03	4.05e-01	4.41e-01	1.18e-01	2.83e-02	2.55e-04	5.51e-07
 8.10408e+22	3.69e-06	8.08e-03	4.21e-01	4.34e-01	1.11e-01	2.52e-02	2.13e-04	4.32e-07
 8.13512e+22	4.25e-06	8.87e-03	4.37e-01	4.27e-01	1.04e-01	2.26e-02	1.79e-04	3.42e-07
 8.17046e+22	5.07e-06	9.96e-03	4.56e-01	4.18e-01	9.64e-02	1.96e-02	1.44e-04	2.55e-07
 8.20658e+22	5.89e-06	1.10e-02	4.73e-01	4.09e-01	9.00e-02	1.73e-02	1.19e-04	1.98e-07
 8.23875e+22	6.80e-06	1.20e-02	4.89e-01	4.00e-01	8.40e-02	1.54e-02	9.87e-05	1.54e-07
 8.27559e+22	8.15e-06	1.35e-02	5.09e-01	3.88e-01	7.68e-02	1.32e-02	7.77e-05	0.00e+00
 8.31293e+22	9.47e-06	1.49e-02	5.25e-01	3.78e-01	7.11e-02	1.16e-02	6.36e-05	0.00e+00
 8.35094e+22	1.13e-05	1.67e-02	5.44e-01	3.65e-01	6.47e-02	9.85e-03	4.97e-05	0.00e+00
 8.38979e+22	1.33e-05	1.85e-02	5.61e-01	3.53e-01	5.93e-02	8.54e-03	3.99e-05	0.00e+00
 8.42381e+22	1.53e-05	2.02e-02	5.76e-01	3.42e-01	5.47e-02	7.48e-03	3.26e-05	0.00e+00
 8.46211e+22	1.84e-05	2.27e-02	5.94e-01	3.27e-01	4.94e-02	6.31e-03	2.51e-05	0.00e+00
 8.50179e+22	2.14e-05	2.50e-02	6.09e-01	3.15e-01	4.50e-02	5.44e-03	2.00e-05	0.00e+00
 8.54326e+22	2.61e-05	2.83e-02	6.28e-01	2.99e-01	4.00e-02	4.49e-03	1.49e-05	0.00e+00
 8.58480e+22	3.03e-05	3.10e-02	6.42e-01	2.87e-01	3.64e-02	3.86e-03	1.19e-05	0.00e+00
 8.62644e+22	3.67e-05	3.49e-02	6.58e-01	2.71e-01	3.22e-02	3.18e-03	8.85e-06	0.00e+00
 8.66314e+22	4.13e-05	3.75e-02	6.68e-01	2.62e-01	2.98e-02	2.82e-03	7.35e-06	0.00e+00
 8.68924e+22	4.57e-05	3.99e-02	6.76e-01	2.53e-01	2.79e-02	2.54e-03	6.27e-06	0.00e+00
 8.71898e+22	5.22e-05	4.34e-02	6.86e-01	2.43e-01	2.55e-02	2.21e-03	5.07e-06	0.00e+00
 8.75000e+22	5.86e-05	4.65e-02	6.94e-01	2.33e-01	2.36e-02	1.95e-03	4.20e-06	0.00e+00
 8.78267e+22	6.76e-05	5.08e-02	7.04e-01	2.22e-01	2.14e-02	1.67e-03	3.33e-06	0.00e+00
 8.81578e+22	7.64e-05	5.47e-02	7.12e-01	2.13e-01	1.96e-02	1.46e-03	2.72e-06	0.00e+00
 8.84451e+22	8.59e-05	5.87e-02	7.18e-01	2.04e-01	1.80e-02	1.29e-03	2.24e-06	0.00e+00
 8.87693e+22	9.93e-05	6.41e-02	7.26e-01	1.93e-01	1.62e-02	1.10e-03	1.75e-06	0.00e+00
 8.91001e+22	1.12e-04	6.88e-02	7.31e-01	1.84e-01	1.49e-02	9.61e-04	1.44e-06	0.00e+00
 8.94395e+22	1.29e-04	7.51e-02	7.37e-01	1.73e-01	1.34e-02	8.13e-04	1.12e-06	0.00e+00
 8.97883e+22	1.46e-04	8.10e-02	7.42e-01	1.65e-01	1.21e-02	7.02e-04	8.95e-07	0.00e+00
 9.00994e+22	1.65e-04	8.71e-02	7.45e-01	1.56e-01	1.10e-02	6.09e-04	7.22e-07	0.00e+00
 9.04539e+22	1.93e-04	9.55e-02	7.48e-01	1.46e-01	9.77e-03	5.06e-04	5.47e-07	0.00e+00
 9.08148e+22	2.18e-04	1.03e-01	7.50e-01	1.38e-01	8.85e-03	4.36e-04	4.36e-07	0.00e+00
 9.11842e+22	2.55e-04	1.13e-01	7.51e-01	1.28e-01	7.81e-03	3.61e-04	3.28e-07	0.00e+00
 9.15663e+22	2.92e-04	1.22e-01	7.51e-01	1.20e-01	6.98e-03	3.05e-04	2.55e-07	0.00e+00
 9.19109e+22	3.33e-04	1.32e-01	7.50e-01	1.12e-01	6.25e-03	2.58e-04	1.99e-07	0.00e+00
 9.23045e+22	3.94e-04	1.45e-01	7.47e-01	1.02e-01	5.42e-03	2.08e-04	1.44e-07	0.00e+00
 9.25487e+22	4.00e-04	1.46e-01	7.46e-01	1.02e-01	5.35e-03	2.05e-04	1.40e-07	0.00e+00
