#depth	Si	Si+	Si+2	Si+3	Si+4	Si+5	Si+6	Si+7	Si+8	Si+9	Si+10	Si+11	Si+12	Si+13	Si+14
 4.62852e+21	0.00e+00	0.00e+00	0.00e+00	0.00e+00	0.00e+00	1.56e-27	2.15e-23	9.74e-20	1.91e-16	1.85e-13	1.12e-10	6.80e-08	9.72e-05	1.79e-02	9.82e-01
 1.05385e+22	0.00e+00	0.00e+00	0.00e+00	0.00e+00	1.21e-30	3.83e-26	3.67e-22	1.16e-18	1.61e-15	1.09e-12	4.62e-10	1.96e-07	1.97e-04	2.54e-02	9.74e-01
 1.26906e+22	0.00e+00	0.00e+00	0.00e+00	0.00e+00	1.32e-29	3.30e-25	2.48e-21	6.17e-18	6.70e-15	3.55e-12	1.19e-09	4.00e-07	3.16e-04	3.20e-02	9.68e-01
 1.42577e+22	0.00e+00	0.00e+00	0.00e+00	0.00e+00	8.96e-29	1.84e-24	1.14e-20	2.34e-17	2.09e-14	9.13e-12	2.54e-09	7.03e-07	4.59e-04	3.85e-02	9.61e-01
 1.51283e+22	0.00e+00	0.00e+00	0.00e+00	0.00e+00	1.46e-28	2.85e-24	1.68e-20	3.28e-17	2.79e-14	1.16e-11	3.08e-09	8.11e-07	5.05e-04	4.04e-02	9.59e-01
 1.54703e+22	0.00e+00	0.00e+00	0.00e+00	0.00e+00	2.29e-28	4.28e-24	2.41e-20	4.50e-17	3.65e-14	1.45e-11	3.68e-09	9.27e-07	5.52e-04	4.22e-02	9.57e-01
 1.57865e+22	0.00e+00	0.00e+00	0.00e+00	0.00e+00	3.41e-28	6.11e-24	3.31e-20	5.92e-17	4.61e-14	1.76e-11	4.29e-09	1.04e-06	5.96e-04	4.38e-02	9.56e-01
 1.61276e+22	0.00e+00	0.00e+00	0.00e+00	0.00e+00	5.73e-28	9.75e-24	5.01e-20	8.51e-17	6.29e-14	2.28e-11	5.27e-09	1.21e-06	6.60e-04	4.60e-02	9.53e-01
 1.64684e+22	0.00e+00	0.00e+00	0.00e+00	8.93e-33	8.75e-28	1.43e-23	7.02e-20	1.14e-16	8.09e-14	2.81e-11	6.23e-09	1.38e-06	7.17e-04	4.79e-02	9.51e-01
 1.67614e+22	0.00e+00	0.00e+00	0.00e+00	1.38e-32	1.30e-27	2.03e-23	9.63e-20	1.50e-16	1.02e-13	3.41e-11	7.28e-09	1.55e-06	7.74e-04	4.97e-02	9.49e-01
 1.70947e+22	0.00e+00	0.00e+00	0.00e+00	2.34e-32	2.09e-27	3.13e-23	1.41e-19	2.10e-16	1.36e-13	4.32e-11	8.79e-09	1.78e-06	8.50e-04	5.20e-02	9.47e-01
 1.74404e+22	0.00e+00	0.00e+00	0.00e+00	3.82e-32	3.28e-27	4.67e-23	2.02e-19	2.87e-16	1.77e-13	5.38e-11	1.05e-08	2.03e-06	9.27e-04	5.43e-02	9.45e-01
 1.77397e+22	0.00e+00	0.00e+00	0.00e+00	5.94e-32	4.89e-27	6.70e-23	2.78e-19	3.79e-16	2.25e-13	6.56e-11	1.23e-08	2.28e-06	1.00e-03	5.64e-02	9.43e-01
 1.80662e+22	0.00e+00	0.00e+00	0.00e+00	9.99e-32	7.85e-27	1.02e-22	4.05e-19	5.26e-16	2.98e-13	8.27e-11	1.48e-08	2.62e-06	1.10e-03	5.90e-02	9.40e-01
 1.84119e+22	0.00e+00	0.00e+00	0.00e+00	1.64e-31	1.23e-26	1.54e-22	5.80e-19	7.20e-16	3.89e-13	1.03e-10	1.77e-08	2.99e-06	1.20e-03	6.15e-02	9.37e-01
 1.87217e+22	0.00e+00	0.00e+00	0.00e+00	2.59e-31	1.87e-26	2.24e-22	8.09e-19	9.63e-16	4.98e-13	1.27e-10	2.08e-08	3.38e-06	1.30e-03	6.40e-02	9.35e-01
 1.89963e+22	0.00e+00	0.00e+00	0.00e+00	3.87e-31	2.69e-26	3.10e-22	1.08e-18	1.24e-15	6.19e-13	1.52e-10	2.40e-08	3.77e-06	1.40e-03	6.62e-02	9.32e-01
 1.92470e+22	0.00e+00	0.00e+00	0.00e+00	5.59e-31	3.76e-26	4.19e-22	1.41e-18	1.56e-15	7.54e-13	1.79e-10	2.74e-08	4.15e-06	1.49e-03	6.83e-02	9.30e-01
 1.95340e+22	0.00e+00	0.00e+00	0.00e+00	8.69e-31	5.61e-26	6.00e-22	1.94e-18	2.07e-15	9.56e-13	2.18e-10	3.20e-08	4.67e-06	1.61e-03	7.09e-02	9.27e-01
 1.98445e+22	0.00e+00	0.00e+00	0.00e+00	1.36e-30	8.42e-26	8.65e-22	2.69e-18	2.75e-15	1.22e-12	2.66e-10	3.76e-08	5.26e-06	1.74e-03	7.36e-02	9.25e-01
 2.01262e+22	0.00e+00	0.00e+00	0.00e+00	2.05e-30	1.23e-25	1.21e-21	3.63e-18	3.57e-15	1.52e-12	3.20e-10	4.36e-08	5.87e-06	1.87e-03	7.62e-02	9.22e-01
 2.03926e+22	0.00e+00	0.00e+00	0.00e+00	3.08e-30	1.77e-25	1.69e-21	4.86e-18	4.60e-15	1.89e-12	3.83e-10	5.03e-08	6.54e-06	2.01e-03	7.89e-02	9.19e-01
 2.06557e+22	0.00e+00	0.00e+00	0.00e+00	4.53e-30	2.52e-25	2.32e-21	6.44e-18	5.88e-15	2.33e-12	4.56e-10	5.78e-08	7.25e-06	2.15e-03	8.15e-02	9.16e-01
 2.09549e+22	0.00e+00	0.00e+00	0.00e+00	7.22e-30	3.85e-25	3.39e-21	9.03e-18	7.90e-15	3.00e-12	5.61e-10	6.82e-08	8.20e-06	2.33e-03	8.47e-02	9.13e-01
 2.12685e+22	0.00e+00	0.00e+00	0.00e+00	1.13e-29	5.79e-25	4.89e-21	1.25e-17	1.05e-14	3.82e-12	6.87e-10	8.01e-08	9.25e-06	2.52e-03	8.79e-02	9.10e-01
 2.15413e+22	0.00e+00	0.00e+00	0.00e+00	1.69e-29	8.34e-25	6.80e-21	1.67e-17	1.35e-14	4.75e-12	8.22e-10	9.25e-08	1.03e-05	2.71e-03	9.09e-02	9.06e-01
 2.17824e+22	0.00e+00	0.00e+00	0.00e+00	2.41e-29	1.15e-24	9.08e-21	2.17e-17	1.70e-14	5.75e-12	9.63e-10	1.05e-07	1.13e-05	2.88e-03	9.36e-02	9.03e-01
 2.20416e+22	0.00e+00	0.00e+00	0.00e+00	3.59e-29	1.66e-24	1.26e-20	2.89e-17	2.18e-14	7.13e-12	1.15e-09	1.21e-07	1.26e-05	3.09e-03	9.68e-02	9.00e-01
 2.23215e+22	0.00e+00	0.00e+00	0.00e+00	5.36e-29	2.38e-24	1.75e-20	3.87e-17	2.81e-14	8.85e-12	1.38e-09	1.40e-07	1.40e-05	3.31e-03	1.00e-01	8.97e-01
 2.25759e+22	0.00e+00	0.00e+00	0.00e+00	7.74e-29	3.33e-24	2.36e-20	5.05e-17	3.55e-14	1.08e-11	1.62e-09	1.59e-07	1.54e-05	3.53e-03	1.03e-01	8.93e-01
 2.28543e+22	0.00e+00	0.00e+00	4.19e-33	1.20e-28	4.96e-24	3.37e-20	6.94e-17	4.68e-14	1.37e-11	1.97e-09	1.86e-07	1.73e-05	3.81e-03	1.07e-01	8.89e-01
 2.31452e+22	0.00e+00	0.00e+00	6.58e-33	1.82e-28	7.24e-24	4.74e-20	9.39e-17	6.09e-14	1.71e-11	2.38e-09	2.16e-07	1.93e-05	4.09e-03	1.11e-01	8.85e-01
 2.33908e+22	0.00e+00	0.00e+00	9.68e-33	2.60e-28	1.00e-23	6.35e-20	1.22e-16	7.64e-14	2.08e-11	2.79e-09	2.45e-07	2.12e-05	4.35e-03	1.14e-01	8.82e-01
 2.36488e+22	0.00e+00	0.00e+00	1.50e-32	3.89e-28	1.45e-23	8.84e-20	1.63e-16	9.87e-14	2.58e-11	3.34e-09	2.83e-07	2.36e-05	4.67e-03	1.18e-01	8.78e-01
 2.39246e+22	0.00e+00	0.00e+00	2.30e-32	5.77e-28	2.07e-23	1.22e-19	2.17e-16	1.27e-13	3.19e-11	3.98e-09	3.25e-07	2.62e-05	5.00e-03	1.21e-01	8.74e-01
 2.41749e+22	0.00e+00	0.00e+00	3.41e-32	8.30e-28	2.88e-23	1.64e-19	2.83e-16	1.59e-13	3.89e-11	4.69e-09	3.70e-07	2.88e-05	5.32e-03	1.25e-01	8.70e-01
 2.44512e+22	0.00e+00	0.00e+00	5.45e-32	1.28e-27	4.28e-23	2.34e-19	3.88e-16	2.10e-13	4.91e-11	5.69e-09	4.32e-07	3.23e-05	5.73e-03	1.29e-01	8.65e-01
 2.47412e+22	0.00e+00	0.00e+00	8.54e-32	1.93e-27	6.23e-23	3.29e-19	5.23e-16	2.73e-13	6.14e-11	6.85e-09	5.01e-07	3.61e-05	6.15e-03	1.34e-01	8.60e-01
 2.49837e+22	0.00e+00	0.00e+00	1.25e-31	2.74e-27	8.57e-23	4.37e-19	6.75e-16	3.40e-13	7.42e-11	8.01e-09	5.67e-07	3.96e-05	6.53e-03	1.37e-01	8.56e-01
 2.52004e+22	0.00e+00	0.00e+00	1.75e-31	3.74e-27	1.14e-22	5.64e-19	8.45e-16	4.14e-13	8.77e-11	9.20e-09	6.33e-07	4.29e-05	6.89e-03	1.41e-01	8.52e-01
 2.54487e+22	0.00e+00	0.00e+00	2.66e-31	5.51e-27	1.62e-22	7.74e-19	1.12e-15	5.29e-13	1.08e-10	1.09e-08	7.27e-07	4.75e-05	7.36e-03	1.45e-01	8.47e-01
 2.57179e+22	0.00e+00	0.00e+00	4.05e-31	8.13e-27	2.30e-22	1.06e-18	1.49e-15	6.77e-13	1.33e-10	1.30e-08	8.34e-07	5.26e-05	7.87e-03	1.50e-01	8.43e-01
 2.59664e+22	0.00e+00	0.00e+00	6.02e-31	1.17e-26	3.21e-22	1.44e-18	1.94e-15	8.55e-13	1.63e-10	1.53e-08	9.51e-07	5.80e-05	8.38e-03	1.54e-01	8.38e-01
 2.62416e+22	0.00e+00	0.00e+00	9.64e-31	1.81e-26	4.78e-22	2.05e-18	2.66e-15	1.13e-12	2.06e-10	1.86e-08	1.11e-06	6.50e-05	9.02e-03	1.59e-01	8.32e-01
 2.65160e+22	0.00e+00	0.00e+00	1.47e-30	2.66e-26	6.80e-22	2.82e-18	3.53e-15	1.44e-12	2.54e-10	2.22e-08	1.27e-06	7.19e-05	9.63e-03	1.64e-01	8.26e-01
 2.67394e+22	0.00e+00	0.00e+00	2.10e-30	3.70e-26	9.17e-22	3.69e-18	4.48e-15	1.77e-12	3.03e-10	2.57e-08	1.43e-06	7.84e-05	1.02e-02	1.68e-01	8.22e-01
 2.69797e+22	0.00e+00	0.00e+00	3.16e-30	5.40e-26	1.29e-21	5.03e-18	5.90e-15	2.26e-12	3.72e-10	3.04e-08	1.64e-06	8.66e-05	1.09e-02	1.73e-01	8.16e-01
 2.72424e+22	0.00e+00	0.00e+00	4.80e-30	7.95e-26	1.84e-21	6.90e-18	7.82e-15	2.88e-12	4.59e-10	3.62e-08	1.88e-06	9.58e-05	1.16e-02	1.78e-01	8.10e-01
 2.74868e+22	0.00e+00	0.00e+00	7.03e-30	1.13e-25	2.54e-21	9.21e-18	1.01e-14	3.60e-12	5.55e-10	4.23e-08	2.13e-06	1.05e-04	1.23e-02	1.83e-01	8.05e-01
 2.77570e+22	0.00e+00	0.00e+00	1.12e-29	1.73e-25	3.75e-21	1.31e-17	1.38e-14	4.73e-12	7.00e-10	5.13e-08	2.48e-06	1.17e-04	1.32e-02	1.89e-01	7.98e-01
 2.80279e+22	0.00e+00	0.00e+00	1.71e-29	2.57e-25	5.37e-21	1.81e-17	1.84e-14	6.08e-12	8.68e-10	6.13e-08	2.85e-06	1.30e-04	1.41e-02	1.94e-01	7.92e-01
 2.82477e+22	0.00e+00	0.00e+00	2.40e-29	3.50e-25	7.13e-21	2.33e-17	2.30e-14	7.40e-12	1.03e-09	7.04e-08	3.18e-06	1.41e-04	1.49e-02	1.99e-01	7.86e-01
 2.84814e+22	0.00e+00	0.00e+00	3.62e-29	5.12e-25	1.01e-20	3.18e-17	3.04e-14	9.42e-12	1.26e-09	8.35e-08	3.64e-06	1.56e-04	1.59e-02	2.04e-01	7.80e-01
 2.87356e+22	0.00e+00	0.00e+00	5.40e-29	7.38e-25	1.41e-20	4.30e-17	3.97e-14	1.19e-11	1.54e-09	9.84e-08	4.15e-06	1.72e-04	1.69e-02	2.10e-01	7.73e-01
 2.89771e+22	0.00e+00	1.22e-33	8.04e-29	1.07e-24	1.97e-20	5.82e-17	5.19e-14	1.50e-11	1.88e-09	1.16e-07	4.72e-06	1.89e-04	1.79e-02	2.15e-01	7.67e-01
 2.92143e+22	0.00e+00	1.85e-33	1.19e-28	1.52e-24	2.73e-20	7.80e-17	6.73e-14	1.89e-11	2.28e-09	1.36e-07	5.36e-06	2.07e-04	1.90e-02	2.21e-01	7.60e-01
 2.94420e+22	0.00e+00	2.78e-33	1.73e-28	2.15e-24	3.75e-20	1.04e-16	8.67e-14	2.35e-11	2.76e-09	1.59e-07	6.07e-06	2.27e-04	2.01e-02	2.26e-01	7.53e-01
 2.96590e+22	0.00e+00	2.93e-33	1.78e-28	2.15e-24	5.05e-20	1.36e-16	1.10e-13	2.90e-11	3.29e-09	1.85e-07	6.81e-06	2.47e-04	2.12e-02	2.31e-01	7.47e-01
 2.99056e+22	0.00e+00	4.71e-33	2.76e-28	3.23e-24	7.31e-20	1.89e-16	1.48e-13	3.75e-11	4.11e-09	2.22e-07	7.87e-06	2.74e-04	2.27e-02	2.38e-01	7.39e-01
 3.01633e+22	0.00e+00	7.41e-33	4.21e-28	4.76e-24	1.04e-19	2.60e-16	1.96e-13	4.80e-11	5.07e-09	2.64e-07	9.02e-06	3.03e-04	2.42e-02	2.44e-01	7.31e-01
 3.03896e+22	0.00e+00	1.12e-32	6.16e-28	6.74e-24	1.43e-19	3.46e-16	2.53e-13	6.00e-11	6.13e-09	3.09e-07	1.02e-05	3.32e-04	2.56e-02	2.50e-01	7.24e-01
 3.06379e+22	0.00e+00	1.81e-32	9.64e-28	1.02e-23	2.08e-19	4.86e-16	3.42e-13	7.79e-11	7.67e-09	3.72e-07	1.18e-05	3.69e-04	2.74e-02	2.57e-01	7.15e-01
 3.09011e+22	0.00e+00	2.94e-32	1.51e-27	1.54e-23	3.04e-19	6.82e-16	4.62e-13	1.01e-10	9.61e-09	4.49e-07	1.37e-05	4.11e-04	2.93e-02	2.64e-01	7.06e-01
 3.11235e+22	0.00e+00	4.26e-32	2.14e-27	2.12e-23	4.07e-19	8.87e-16	5.83e-13	1.24e-10	1.14e-08	5.18e-07	1.53e-05	4.46e-04	3.08e-02	2.70e-01	6.99e-01
 3.13524e+22	0.00e+00	6.85e-32	3.33e-27	3.17e-23	5.88e-19	1.24e-15	7.82e-13	1.61e-10	1.43e-08	6.22e-07	1.77e-05	4.95e-04	3.29e-02	2.77e-01	6.90e-01
 3.15909e+22	0.00e+00	1.05e-31	4.95e-27	4.55e-23	8.18e-19	1.66e-15	1.02e-12	2.03e-10	1.74e-08	7.32e-07	2.01e-05	5.43e-04	3.48e-02	2.83e-01	6.82e-01
 3.18055e+22	0.00e+00	1.56e-31	7.17e-27	6.39e-23	1.12e-18	2.20e-15	1.31e-12	2.51e-10	2.09e-08	8.54e-07	2.26e-05	5.92e-04	3.68e-02	2.89e-01	6.74e-01
 3.20482e+22	0.00e+00	2.64e-31	1.16e-26	9.94e-23	1.67e-18	3.16e-15	1.80e-12	3.33e-10	2.66e-08	1.04e-06	2.65e-05	6.63e-04	3.94e-02	2.97e-01	6.63e-01
 3.22943e+22	0.00e+00	4.03e-31	1.73e-26	1.43e-22	2.32e-18	4.25e-15	2.35e-12	4.20e-10	3.24e-08	1.23e-06	3.01e-05	7.27e-04	4.18e-02	3.03e-01	6.54e-01
 3.25041e+22	0.00e+00	6.06e-31	2.52e-26	2.01e-22	3.19e-18	5.65e-15	3.02e-12	5.23e-10	3.92e-08	1.44e-06	3.39e-05	7.94e-04	4.41e-02	3.10e-01	6.45e-01
 3.27034e+22	0.00e+00	8.84e-31	3.57e-26	2.77e-22	4.27e-18	7.35e-15	3.81e-12	6.42e-10	4.67e-08	1.66e-06	3.80e-05	8.62e-04	4.63e-02	3.15e-01	6.37e-01
 3.29302e+22	0.00e+00	1.44e-30	5.60e-26	4.18e-22	6.21e-18	1.03e-14	5.15e-12	8.34e-10	5.85e-08	2.00e-06	4.39e-05	9.56e-04	4.94e-02	3.23e-01	6.27e-01
 3.31637e+22	0.00e+00	2.22e-30	8.37e-26	6.03e-22	8.68e-18	1.39e-14	6.73e-12	1.05e-09	7.15e-08	2.36e-06	5.00e-05	1.05e-03	5.23e-02	3.30e-01	6.17e-01
 3.33686e+22	0.00e+00	3.34e-30	1.22e-25	8.51e-22	1.19e-17	1.85e-14	8.66e-12	1.31e-09	8.64e-08	2.76e-06	5.64e-05	1.15e-03	5.51e-02	3.36e-01	6.08e-01
 3.35975e+22	0.00e+00	5.54e-30	1.95e-25	1.30e-21	1.76e-17	2.63e-14	1.18e-11	1.73e-09	1.09e-07	3.35e-06	6.55e-05	1.27e-03	5.88e-02	3.44e-01	5.96e-01
 3.38257e+22	0.00e+00	8.36e-30	2.86e-25	1.84e-21	2.42e-17	3.50e-14	1.52e-11	2.15e-09	1.32e-07	3.93e-06	7.40e-05	1.39e-03	6.20e-02	3.50e-01	5.87e-01
 3.40187e+22	0.00e+00	1.24e-29	4.12e-25	2.57e-21	3.28e-17	4.60e-14	1.95e-11	2.67e-09	1.59e-07	4.57e-06	8.33e-05	1.51e-03	6.52e-02	3.56e-01	5.77e-01
 3.42353e+22	0.00e+00	2.03e-29	6.47e-25	3.87e-21	4.77e-17	6.46e-14	2.63e-11	3.47e-09	1.99e-07	5.51e-06	9.61e-05	1.68e-03	6.93e-02	3.63e-01	5.66e-01
 3.44566e+22	0.00e+00	3.04e-29	9.41e-25	5.44e-21	6.52e-17	8.55e-14	3.37e-11	4.31e-09	2.39e-07	6.43e-06	1.08e-04	1.82e-03	7.29e-02	3.69e-01	5.56e-01
 3.46840e+22	0.00e+00	4.16e-29	1.24e-24	8.39e-21	9.69e-17	1.22e-13	4.63e-11	5.69e-09	3.04e-07	7.83e-06	1.26e-04	2.03e-03	7.77e-02	3.77e-01	5.43e-01
 3.49123e+22	0.00e+00	6.50e-29	1.87e-24	1.22e-20	1.36e-16	1.66e-13	6.08e-11	7.22e-09	3.73e-07	9.28e-06	1.44e-04	2.23e-03	8.21e-02	3.83e-01	5.32e-01
 3.50989e+22	0.00e+00	9.35e-29	2.62e-24	1.65e-20	1.80e-16	2.13e-13	7.59e-11	8.77e-09	4.41e-07	1.07e-05	1.60e-04	2.40e-03	8.58e-02	3.88e-01	5.23e-01
 3.52984e+22	0.00e+00	1.48e-28	3.99e-24	2.42e-20	2.56e-16	2.93e-13	1.00e-10	1.12e-08	5.44e-07	1.27e-05	1.82e-04	2.64e-03	9.07e-02	3.95e-01	5.12e-01
 3.55093e+22	0.00e+00	2.23e-28	5.82e-24	3.40e-20	3.50e-16	3.88e-13	1.29e-10	1.39e-08	6.57e-07	1.48e-05	2.05e-04	2.87e-03	9.52e-02	4.00e-01	5.01e-01
 3.57017e+22	0.00e+00	3.34e-28	8.46e-24	4.76e-20	4.77e-16	5.13e-13	1.65e-10	1.73e-08	7.91e-07	1.73e-05	2.31e-04	3.12e-03	9.99e-02	4.06e-01	4.91e-01
 3.58887e+22	0.00e+00	4.96e-28	1.22e-23	6.62e-20	6.46e-16	6.74e-13	2.11e-10	2.14e-08	9.49e-07	2.01e-05	2.59e-04	3.38e-03	1.05e-01	4.11e-01	4.81e-01
 3.61016e+22	0.00e+00	8.17e-28	1.93e-23	1.00e-19	9.45e-16	9.49e-13	2.86e-10	2.79e-08	1.19e-06	2.42e-05	2.99e-04	3.74e-03	1.11e-01	4.17e-01	4.68e-01
 3.63180e+22	0.00e+00	1.24e-27	2.84e-23	1.42e-19	1.30e-15	1.27e-12	3.69e-10	3.49e-08	1.45e-06	2.84e-05	3.38e-04	4.07e-03	1.16e-01	4.22e-01	4.57e-01
 3.65076e+22	0.00e+00	1.86e-27	4.12e-23	1.98e-19	1.77e-15	1.67e-12	4.72e-10	4.33e-08	1.74e-06	3.31e-05	3.79e-04	4.41e-03	1.22e-01	4.27e-01	4.47e-01
 3.66935e+22	0.00e+00	2.77e-27	5.94e-23	2.76e-19	2.40e-15	2.19e-12	6.01e-10	5.35e-08	2.09e-06	3.85e-05	4.25e-04	4.77e-03	1.27e-01	4.31e-01	4.36e-01
 3.69056e+22	0.00e+00	4.52e-27	9.33e-23	4.14e-19	3.49e-15	3.08e-12	8.11e-10	6.96e-08	2.61e-06	4.63e-05	4.89e-04	5.26e-03	1.35e-01	4.37e-01	4.23e-01
 3.71239e+22	0.00e+00	7.15e-27	1.42e-22	6.03e-19	4.93e-15	4.20e-12	1.07e-09	8.87e-08	3.22e-06	5.50e-05	5.58e-04	5.75e-03	1.41e-01	4.41e-01	4.11e-01
 3.73126e+22	3.36e-34	1.06e-26	2.04e-22	8.34e-19	6.65e-15	5.50e-12	1.36e-09	1.09e-07	3.85e-06	6.38e-05	6.24e-04	6.21e-03	1.48e-01	4.45e-01	4.01e-01
 3.75202e+22	5.73e-34	1.72e-26	3.18e-22	1.24e-18	9.61e-15	7.67e-12	1.83e-09	1.41e-07	4.81e-06	7.65e-05	7.15e-04	6.83e-03	1.56e-01	4.49e-01	3.88e-01
 3.77285e+22	8.89e-34	2.55e-26	4.58e-22	1.73e-18	1.30e-14	1.01e-11	2.33e-09	1.75e-07	5.77e-06	8.88e-05	8.01e-04	7.37e-03	1.62e-01	4.52e-01	3.77e-01
 3.79082e+22	1.39e-33	3.82e-26	6.62e-22	2.40e-18	1.76e-14	1.32e-11	2.97e-09	2.16e-07	6.93e-06	1.03e-04	8.97e-04	7.96e-03	1.69e-01	4.55e-01	3.67e-01
 3.80828e+22	2.09e-33	5.52e-26	9.28e-22	3.25e-18	2.33e-14	1.71e-11	3.72e-09	2.63e-07	8.20e-06	1.19e-04	9.95e-04	8.55e-03	1.76e-01	4.58e-01	3.57e-01
 3.82469e+22	3.06e-33	7.78e-26	1.27e-21	4.31e-18	3.03e-14	2.16e-11	4.58e-09	3.16e-07	9.59e-06	1.35e-04	1.10e-03	9.12e-03	1.82e-01	4.60e-01	3.48e-01
 3.84023e+22	4.54e-33	1.11e-25	1.76e-21	5.75e-18	3.95e-14	2.75e-11	5.68e-09	3.81e-07	1.13e-05	1.54e-04	1.21e-03	9.76e-03	1.89e-01	4.62e-01	3.39e-01
 3.85423e+22	6.38e-33	1.51e-25	2.32e-21	7.36e-18	4.97e-14	3.38e-11	6.82e-09	4.48e-07	1.30e-05	1.73e-04	1.32e-03	1.03e-02	1.94e-01	4.63e-01	3.31e-01
 3.86664e+22	8.48e-33	1.95e-25	2.94e-21	9.09e-18	6.04e-14	4.03e-11	7.98e-09	5.13e-07	1.46e-05	1.91e-04	1.42e-03	1.08e-02	1.99e-01	4.64e-01	3.24e-01
 3.88071e+22	1.25e-32	2.76e-25	4.04e-21	1.21e-17	7.85e-14	5.11e-11	9.85e-09	6.17e-07	1.71e-05	2.17e-04	1.56e-03	1.16e-02	2.06e-01	4.65e-01	3.15e-01
 3.89543e+22	1.76e-32	3.75e-25	5.35e-21	1.55e-17	9.90e-14	6.29e-11	1.19e-08	7.26e-07	1.97e-05	2.44e-04	1.70e-03	1.23e-02	2.12e-01	4.66e-01	3.07e-01
 3.90818e+22	2.40e-32	4.96e-25	6.91e-21	1.94e-17	1.22e-13	7.61e-11	1.41e-08	8.42e-07	2.24e-05	2.70e-04	1.84e-03	1.29e-02	2.18e-01	4.67e-01	3.00e-01
 3.92009e+22	3.29e-32	6.57e-25	8.91e-21	2.43e-17	1.51e-13	9.20e-11	1.67e-08	9.76e-07	2.54e-05	3.00e-04	1.99e-03	1.36e-02	2.24e-01	4.67e-01	2.93e-01
 3.93190e+22	4.41e-32	8.55e-25	1.13e-20	3.01e-17	1.84e-13	1.10e-10	1.95e-08	1.12e-06	2.86e-05	3.31e-04	2.14e-03	1.43e-02	2.30e-01	4.68e-01	2.86e-01
 3.94351e+22	5.90e-32	1.11e-24	1.44e-20	3.71e-17	2.23e-13	1.31e-10	2.29e-08	1.29e-06	3.23e-05	3.65e-04	2.30e-03	1.50e-02	2.35e-01	4.68e-01	2.80e-01
 3.95489e+22	7.91e-32	1.44e-24	1.82e-20	4.58e-17	2.72e-13	1.57e-10	2.68e-08	1.48e-06	3.64e-05	4.03e-04	2.47e-03	1.57e-02	2.41e-01	4.68e-01	2.73e-01
 3.96612e+22	1.06e-31	1.87e-24	2.31e-20	5.64e-17	3.30e-13	1.87e-10	3.14e-08	1.70e-06	4.10e-05	4.45e-04	2.66e-03	1.64e-02	2.46e-01	4.67e-01	2.67e-01
 3.97894e+22	1.52e-31	2.59e-24	3.10e-20	7.32e-17	4.20e-13	2.33e-10	3.82e-08	2.02e-06	4.75e-05	5.02e-04	2.91e-03	1.74e-02	2.54e-01	4.67e-01	2.59e-01
 3.99192e+22	2.10e-31	3.45e-24	4.02e-20	9.19e-17	5.20e-13	2.83e-10	4.54e-08	2.35e-06	5.42e-05	5.59e-04	3.15e-03	1.83e-02	2.60e-01	4.66e-01	2.52e-01
 4.00292e+22	2.78e-31	4.44e-24	5.05e-20	1.12e-16	6.27e-13	3.36e-10	5.28e-08	2.68e-06	6.08e-05	6.14e-04	3.37e-03	1.92e-02	2.66e-01	4.65e-01	2.46e-01
 4.01312e+22	3.64e-31	5.65e-24	6.27e-20	1.36e-16	7.50e-13	3.95e-10	6.11e-08	3.05e-06	6.79e-05	6.72e-04	3.60e-03	2.00e-02	2.71e-01	4.65e-01	2.40e-01
 4.02298e+22	4.76e-31	7.17e-24	7.77e-20	1.64e-16	8.94e-13	4.64e-10	7.05e-08	3.46e-06	7.57e-05	7.34e-04	3.85e-03	2.09e-02	2.77e-01	4.64e-01	2.34e-01
 4.03430e+22	6.63e-31	9.64e-24	1.02e-19	2.07e-16	1.11e-12	5.66e-10	8.44e-08	4.04e-06	8.67e-05	8.21e-04	4.17e-03	2.20e-02	2.84e-01	4.62e-01	2.27e-01
 4.04583e+22	8.93e-31	1.26e-23	1.29e-19	2.54e-16	1.35e-12	6.76e-10	9.89e-08	4.65e-06	9.78e-05	9.06e-04	4.49e-03	2.30e-02	2.90e-01	4.61e-01	2.21e-01
 4.05569e+22	1.16e-30	1.59e-23	1.59e-19	3.05e-16	1.61e-12	7.92e-10	1.14e-07	5.27e-06	1.09e-04	9.89e-04	4.78e-03	2.40e-02	2.95e-01	4.59e-01	2.15e-01
 4.06657e+22	1.63e-30	2.14e-23	2.08e-19	3.86e-16	2.00e-12	9.68e-10	1.37e-07	6.17e-06	1.25e-04	1.11e-03	5.19e-03	2.52e-02	3.03e-01	4.57e-01	2.09e-01
 4.07776e+22	2.18e-30	2.78e-23	2.63e-19	4.72e-16	2.43e-12	1.15e-09	1.60e-07	7.09e-06	1.41e-04	1.22e-03	5.58e-03	2.64e-02	3.09e-01	4.55e-01	2.03e-01
 4.08764e+22	2.88e-30	3.56e-23	3.27e-19	5.71e-16	2.91e-12	1.36e-09	1.86e-07	8.08e-06	1.58e-04	1.34e-03	5.96e-03	2.75e-02	3.15e-01	4.53e-01	1.97e-01
 4.09877e+22	3.18e-32	4.90e-23	4.36e-19	7.30e-16	3.68e-12	1.69e-09	2.25e-07	9.59e-06	1.83e-04	1.51e-03	6.51e-03	2.91e-02	3.23e-01	4.50e-01	1.90e-01
 4.11002e+22	4.29e-32	6.35e-23	5.48e-19	8.90e-16	4.44e-12	2.01e-09	2.64e-07	1.10e-05	2.06e-04	1.67e-03	6.99e-03	3.04e-02	3.29e-01	4.48e-01	1.84e-01
 4.11961e+22	5.63e-32	8.03e-23	6.76e-19	1.07e-15	5.27e-12	2.35e-09	3.04e-07	1.25e-05	2.30e-04	1.82e-03	7.45e-03	3.16e-02	3.35e-01	4.45e-01	1.79e-01
 4.13026e+22	8.29e-32	1.12e-22	9.07e-19	1.37e-15	6.70e-12	2.94e-09	3.72e-07	1.49e-05	2.69e-04	2.07e-03	8.16e-03	3.34e-02	3.43e-01	4.41e-01	1.72e-01
 4.14072e+22	1.08e-31	1.41e-22	1.11e-18	1.62e-15	7.91e-12	3.42e-09	4.27e-07	1.68e-05	2.98e-04	2.25e-03	8.68e-03	3.47e-02	3.48e-01	4.39e-01	1.67e-01
 4.15093e+22	1.56e-31	1.94e-22	1.47e-18	2.06e-15	9.96e-12	4.24e-09	5.19e-07	2.00e-05	3.46e-04	2.54e-03	9.47e-03	3.66e-02	3.56e-01	4.34e-01	1.61e-01
 4.16095e+22	2.01e-31	2.41e-22	1.78e-18	2.43e-15	1.17e-11	4.91e-09	5.92e-07	2.24e-05	3.83e-04	2.76e-03	1.00e-02	3.79e-02	3.61e-01	4.31e-01	1.56e-01
 4.17074e+22	2.90e-31	3.31e-22	2.35e-18	3.06e-15	1.46e-11	6.07e-09	7.19e-07	2.66e-05	4.44e-04	3.11e-03	1.10e-02	4.00e-02	3.69e-01	4.27e-01	1.50e-01
 4.18048e+22	3.75e-31	4.13e-22	2.85e-18	3.61e-15	1.72e-11	7.05e-09	8.24e-07	3.00e-05	4.93e-04	3.38e-03	1.16e-02	4.14e-02	3.74e-01	4.23e-01	1.45e-01
 4.19017e+22	5.41e-31	5.66e-22	3.76e-18	4.54e-15	2.15e-11	8.72e-09	1.00e-06	3.56e-05	5.72e-04	3.82e-03	1.27e-02	4.36e-02	3.82e-01	4.18e-01	1.39e-01
 4.19993e+22	7.08e-31	7.14e-22	4.60e-18	5.38e-15	2.55e-11	1.02e-08	1.15e-06	4.04e-05	6.38e-04	4.17e-03	1.35e-02	4.53e-02	3.87e-01	4.14e-01	1.35e-01
 4.20980e+22	1.03e-30	9.88e-22	6.09e-18	6.78e-15	3.21e-11	1.27e-08	1.41e-06	4.82e-05	7.44e-04	4.72e-03	1.48e-02	4.77e-02	3.95e-01	4.09e-01	1.29e-01
 4.21975e+22	1.36e-30	1.26e-21	7.50e-18	8.06e-15	3.81e-11	1.49e-08	1.64e-06	5.49e-05	8.33e-04	5.17e-03	1.58e-02	4.95e-02	4.00e-01	4.04e-01	1.24e-01
 4.22981e+22	1.97e-30	1.73e-21	9.90e-18	1.01e-14	4.79e-11	1.85e-08	2.00e-06	6.55e-05	9.70e-04	5.85e-03	1.72e-02	5.21e-02	4.08e-01	3.98e-01	1.18e-01
 4.23978e+22	2.61e-30	2.20e-21	1.22e-17	1.20e-14	5.69e-11	2.18e-08	2.32e-06	7.47e-05	1.09e-03	6.41e-03	1.84e-02	5.41e-02	4.13e-01	3.93e-01	1.14e-01
 4.24963e+22	3.77e-30	3.02e-21	1.60e-17	1.50e-14	7.13e-11	2.70e-08	2.83e-06	8.90e-05	1.27e-03	7.24e-03	2.00e-02	5.68e-02	4.20e-01	3.86e-01	1.08e-01
 4.25963e+22	5.05e-30	3.88e-21	1.98e-17	1.79e-14	8.52e-11	3.20e-08	3.31e-06	1.02e-04	1.43e-03	7.97e-03	2.14e-02	5.90e-02	4.25e-01	3.81e-01	1.04e-01
 4.26984e+22	7.38e-30	5.39e-21	2.62e-17	2.24e-14	1.08e-10	4.00e-08	4.07e-06	1.23e-04	1.67e-03	9.04e-03	2.34e-02	6.21e-02	4.32e-01	3.73e-01	9.83e-02
 4.28016e+22	9.93e-30	6.95e-21	3.25e-17	2.66e-14	1.29e-10	4.77e-08	4.79e-06	1.41e-04	1.88e-03	9.97e-03	2.51e-02	6.45e-02	4.37e-01	3.67e-01	9.41e-02
 4.29062e+22	1.46e-29	9.68e-21	4.31e-17	3.34e-14	1.63e-10	5.98e-08	5.91e-06	1.70e-04	2.21e-03	1.13e-02	2.75e-02	6.78e-02	4.44e-01	3.59e-01	8.87e-02
 4.30114e+22	1.96e-29	1.25e-20	5.33e-17	3.96e-14	1.95e-10	7.12e-08	6.95e-06	1.96e-04	2.50e-03	1.25e-02	2.94e-02	7.04e-02	4.48e-01	3.52e-01	8.46e-02
 4.31022e+22	2.62e-29	1.59e-20	6.57e-17	4.67e-14	2.33e-10	8.44e-08	8.14e-06	2.26e-04	2.81e-03	1.37e-02	3.14e-02	7.29e-02	4.53e-01	3.46e-01	8.08e-02
 4.32052e+22	3.77e-29	2.18e-20	8.55e-17	5.76e-14	2.91e-10	1.05e-07	9.96e-06	2.69e-04	3.27e-03	1.55e-02	3.42e-02	7.63e-02	4.58e-01	3.37e-01	7.60e-02
 4.33089e+22	5.02e-29	2.78e-20	1.05e-16	6.77e-14	3.46e-10	1.24e-07	1.17e-05	3.09e-04	3.68e-03	1.70e-02	3.65e-02	7.90e-02	4.61e-01	3.30e-01	7.24e-02
 4.34137e+22	7.26e-29	3.81e-20	1.36e-16	8.31e-14	4.32e-10	1.54e-07	1.43e-05	3.70e-04	4.28e-03	1.91e-02	3.96e-02	8.26e-02	4.65e-01	3.21e-01	6.79e-02
 4.35186e+22	9.50e-29	4.79e-20	1.65e-16	9.67e-14	5.09e-10	1.81e-07	1.66e-05	4.21e-04	4.78e-03	2.09e-02	4.21e-02	8.52e-02	4.68e-01	3.14e-01	6.46e-02
 4.36238e+22	1.36e-28	6.49e-20	2.13e-16	1.18e-13	6.31e-10	2.23e-07	2.02e-05	5.01e-04	5.53e-03	2.34e-02	4.56e-02	8.88e-02	4.71e-01	3.04e-01	6.04e-02
 4.37310e+22	1.78e-28	8.16e-20	2.58e-16	1.37e-13	7.44e-10	2.62e-07	2.35e-05	5.71e-04	6.17e-03	2.55e-02	4.83e-02	9.15e-02	4.73e-01	2.97e-01	5.74e-02
 4.38406e+22	2.53e-28	1.10e-19	3.29e-16	1.66e-13	9.18e-10	3.22e-07	2.84e-05	6.76e-04	7.11e-03	2.85e-02	5.22e-02	9.51e-02	4.75e-01	2.88e-01	5.36e-02
 4.39540e+22	3.36e-28	1.39e-19	4.02e-16	1.94e-13	1.09e-09	3.81e-07	3.33e-05	7.76e-04	7.97e-03	3.11e-02	5.54e-02	9.80e-02	4.76e-01	2.80e-01	5.06e-02
 4.40719e+22	4.82e-28	1.89e-19	5.17e-16	2.35e-13	1.35e-09	4.71e-07	4.05e-05	9.22e-04	9.20e-03	3.48e-02	5.98e-02	1.02e-01	4.77e-01	2.70e-01	4.69e-02
 4.41914e+22	6.35e-28	2.39e-19	6.29e-16	2.73e-13	1.60e-09	5.55e-07	4.72e-05	1.05e-03	1.03e-02	3.79e-02	6.33e-02	1.05e-01	4.77e-01	2.62e-01	4.42e-02
 4.43130e+22	9.04e-28	3.21e-19	8.04e-16	3.30e-13	1.97e-09	6.82e-07	5.73e-05	1.25e-03	1.18e-02	4.22e-02	6.80e-02	1.08e-01	4.76e-01	2.51e-01	4.08e-02
 4.44354e+22	1.18e-27	4.03e-19	9.70e-16	3.82e-13	2.31e-09	7.98e-07	6.63e-05	1.42e-03	1.31e-02	4.57e-02	7.18e-02	1.11e-01	4.75e-01	2.43e-01	3.84e-02
 4.45588e+22	1.66e-27	5.36e-19	1.23e-15	4.59e-13	2.83e-09	9.72e-07	7.97e-05	1.66e-03	1.50e-02	5.06e-02	7.67e-02	1.14e-01	4.73e-01	2.33e-01	3.55e-02
 4.46853e+22	2.18e-27	6.73e-19	1.48e-15	5.31e-13	3.32e-09	1.14e-06	9.22e-05	1.89e-03	1.66e-02	5.47e-02	8.07e-02	1.17e-01	4.71e-01	2.25e-01	3.32e-02
 4.47952e+22	2.79e-27	8.28e-19	1.76e-15	6.06e-13	3.84e-09	1.31e-06	1.05e-04	2.12e-03	1.82e-02	5.88e-02	8.45e-02	1.19e-01	4.68e-01	2.18e-01	3.12e-02
 4.49173e+22	3.83e-27	1.08e-18	2.20e-15	7.18e-13	4.62e-09	1.57e-06	1.25e-04	2.46e-03	2.05e-02	6.42e-02	8.95e-02	1.22e-01	4.64e-01	2.08e-01	2.88e-02
 4.50407e+22	4.89e-27	1.32e-18	2.60e-15	8.18e-13	5.32e-09	1.81e-06	1.42e-04	2.75e-03	2.24e-02	6.88e-02	9.35e-02	1.24e-01	4.61e-01	2.01e-01	2.70e-02
 4.51656e+22	6.70e-27	1.72e-18	3.23e-15	9.66e-13	6.37e-09	2.16e-06	1.67e-04	3.17e-03	2.52e-02	7.49e-02	9.86e-02	1.27e-01	4.55e-01	1.91e-01	2.49e-02
 4.52925e+22	8.55e-27	2.10e-18	3.82e-15	1.10e-12	7.33e-09	2.47e-06	1.90e-04	3.54e-03	2.75e-02	7.99e-02	1.03e-01	1.28e-01	4.51e-01	1.84e-01	2.33e-02
 4.54041e+22	1.08e-26	2.56e-18	4.50e-15	1.25e-12	8.38e-09	2.81e-06	2.14e-04	3.93e-03	2.99e-02	8.50e-02	1.07e-01	1.30e-01	4.46e-01	1.77e-01	2.18e-02
 4.55309e+22	1.47e-26	3.30e-18	5.55e-15	1.46e-12	9.94e-09	3.33e-06	2.51e-04	4.50e-03	3.32e-02	9.20e-02	1.12e-01	1.32e-01	4.38e-01	1.68e-01	1.99e-02
 4.56570e+22	1.83e-26	3.96e-18	6.48e-15	1.65e-12	1.13e-08	3.76e-06	2.80e-04	4.95e-03	3.58e-02	9.71e-02	1.15e-01	1.33e-01	4.33e-01	1.62e-01	1.87e-02
 4.57822e+22	2.46e-26	5.05e-18	7.91e-15	1.93e-12	1.32e-08	4.40e-06	3.24e-04	5.62e-03	3.96e-02	1.04e-01	1.20e-01	1.35e-01	4.25e-01	1.53e-01	1.71e-02
 4.59097e+22	3.08e-26	6.08e-18	9.25e-15	2.18e-12	1.50e-08	4.96e-06	3.62e-04	6.18e-03	4.26e-02	1.10e-01	1.24e-01	1.36e-01	4.18e-01	1.47e-01	1.60e-02
 4.60404e+22	4.14e-26	7.76e-18	1.13e-14	2.54e-12	1.76e-08	5.80e-06	4.18e-04	7.01e-03	4.69e-02	1.18e-01	1.29e-01	1.37e-01	4.09e-01	1.39e-01	1.46e-02
 4.61736e+22	5.21e-26	9.38e-18	1.33e-14	2.88e-12	2.00e-08	6.54e-06	4.67e-04	7.70e-03	5.05e-02	1.24e-01	1.33e-01	1.38e-01	4.01e-01	1.32e-01	1.36e-02
 4.63100e+22	9.55e-27	1.20e-17	1.63e-14	3.38e-12	2.34e-08	7.64e-06	5.39e-04	8.71e-03	5.55e-02	1.32e-01	1.37e-01	1.38e-01	3.91e-01	1.24e-01	1.23e-02
 4.64489e+22	1.20e-26	1.45e-17	1.92e-14	3.84e-12	2.65e-08	8.60e-06	6.01e-04	9.56e-03	5.95e-02	1.39e-01	1.41e-01	1.39e-01	3.82e-01	1.18e-01	1.14e-02
 4.65910e+22	1.64e-26	1.87e-17	2.36e-14	4.51e-12	3.11e-08	1.00e-05	6.92e-04	1.08e-02	6.52e-02	1.48e-01	1.45e-01	1.39e-01	3.71e-01	1.11e-01	1.03e-02
 4.67298e+22	2.04e-26	2.22e-17	2.74e-14	5.08e-12	3.48e-08	1.12e-05	7.62e-04	1.17e-02	6.93e-02	1.54e-01	1.48e-01	1.38e-01	3.62e-01	1.06e-01	9.57e-03
 4.68645e+22	2.75e-26	2.81e-17	3.33e-14	5.89e-12	4.02e-08	1.28e-05	8.67e-04	1.31e-02	7.53e-02	1.63e-01	1.52e-01	1.38e-01	3.51e-01	9.86e-02	8.63e-03
 4.70012e+22	3.44e-26	3.34e-17	3.87e-14	6.65e-12	4.51e-08	1.43e-05	9.53e-04	1.41e-02	7.98e-02	1.69e-01	1.54e-01	1.37e-01	3.42e-01	9.38e-02	8.02e-03
 4.71405e+22	4.61e-26	4.21e-17	4.70e-14	7.74e-12	5.20e-08	1.64e-05	1.08e-03	1.57e-02	8.62e-02	1.78e-01	1.58e-01	1.37e-01	3.30e-01	8.75e-02	7.22e-03
 4.72840e+22	5.88e-26	5.09e-17	5.51e-14	8.78e-12	5.84e-08	1.83e-05	1.19e-03	1.71e-02	9.16e-02	1.85e-01	1.60e-01	1.36e-01	3.20e-01	8.26e-02	6.63e-03
 4.74331e+22	7.93e-26	6.44e-17	6.74e-14	1.03e-11	6.76e-08	2.10e-05	1.35e-03	1.90e-02	9.87e-02	1.94e-01	1.63e-01	1.34e-01	3.08e-01	7.66e-02	5.95e-03
 4.75869e+22	1.03e-25	7.86e-17	7.99e-14	1.18e-11	7.64e-08	2.35e-05	1.50e-03	2.07e-02	1.05e-01	2.01e-01	1.65e-01	1.33e-01	2.97e-01	7.18e-02	5.41e-03
 4.77469e+22	1.40e-25	1.01e-16	9.87e-14	1.39e-11	8.89e-08	2.71e-05	1.70e-03	2.29e-02	1.13e-01	2.10e-01	1.67e-01	1.30e-01	2.84e-01	6.61e-02	4.81e-03
 4.79110e+22	1.83e-25	1.24e-16	1.18e-13	1.60e-11	1.01e-07	3.04e-05	1.88e-03	2.50e-02	1.20e-01	2.18e-01	1.69e-01	1.29e-01	2.72e-01	6.16e-02	4.35e-03
 4.80806e+22	2.54e-25	1.60e-16	1.46e-13	1.91e-11	1.18e-07	3.51e-05	2.14e-03	2.77e-02	1.29e-01	2.27e-01	1.70e-01	1.26e-01	2.58e-01	5.63e-02	3.83e-03
 4.82555e+22	3.35e-25	1.98e-16	1.76e-13	2.22e-11	1.34e-07	3.95e-05	2.37e-03	3.02e-02	1.37e-01	2.34e-01	1.71e-01	1.23e-01	2.47e-01	5.21e-02	3.43e-03
 4.84372e+22	4.71e-25	2.58e-16	2.22e-13	2.67e-11	1.57e-07	4.57e-05	2.70e-03	3.35e-02	1.47e-01	2.43e-01	1.71e-01	1.20e-01	2.33e-01	4.72e-02	2.99e-03
 4.86253e+22	6.30e-25	3.24e-16	2.69e-13	3.12e-11	1.80e-07	5.17e-05	3.00e-03	3.65e-02	1.55e-01	2.51e-01	1.71e-01	1.17e-01	2.20e-01	4.32e-02	2.65e-03
 4.87956e+22	8.35e-25	4.03e-16	3.25e-13	3.63e-11	2.05e-07	5.82e-05	3.33e-03	3.97e-02	1.64e-01	2.57e-01	1.71e-01	1.14e-01	2.09e-01	3.97e-02	2.35e-03
 4.89912e+22	1.19e-24	5.32e-16	4.13e-13	4.40e-11	2.41e-07	6.74e-05	3.78e-03	4.39e-02	1.75e-01	2.65e-01	1.70e-01	1.10e-01	1.95e-01	3.55e-02	2.02e-03
 4.91906e+22	1.60e-24	6.68e-16	5.03e-13	5.15e-11	2.75e-07	7.60e-05	4.19e-03	4.77e-02	1.84e-01	2.71e-01	1.69e-01	1.06e-01	1.83e-01	3.22e-02	1.77e-03
 4.93950e+22	2.30e-24	8.87e-16	6.43e-13	6.27e-11	3.24e-07	8.80e-05	4.76e-03	5.27e-02	1.96e-01	2.79e-01	1.67e-01	1.02e-01	1.69e-01	2.85e-02	1.50e-03
 4.96021e+22	3.10e-24	1.12e-15	7.85e-13	7.35e-11	3.70e-07	9.90e-05	5.27e-03	5.71e-02	2.06e-01	2.84e-01	1.65e-01	9.78e-02	1.58e-01	2.57e-02	1.31e-03
 4.98128e+22	4.50e-24	1.49e-15	1.01e-12	8.97e-11	4.35e-07	1.15e-04	5.97e-03	6.29e-02	2.18e-01	2.90e-01	1.62e-01	9.28e-02	1.45e-01	2.25e-02	1.10e-03
 5.00256e+22	6.06e-24	1.88e-15	1.23e-12	1.05e-10	4.94e-07	1.28e-04	6.58e-03	6.79e-02	2.28e-01	2.94e-01	1.59e-01	8.89e-02	1.35e-01	2.02e-02	9.48e-04
 5.02414e+22	8.88e-24	2.53e-15	1.58e-12	1.28e-10	5.80e-07	1.48e-04	7.44e-03	7.47e-02	2.41e-01	2.98e-01	1.55e-01	8.37e-02	1.22e-01	1.75e-02	7.82e-04
 5.04583e+22	1.19e-23	3.18e-15	1.92e-12	1.49e-10	6.56e-07	1.65e-04	8.17e-03	8.02e-02	2.50e-01	3.00e-01	1.51e-01	7.98e-02	1.13e-01	1.56e-02	6.73e-04
 5.06397e+22	1.55e-23	3.91e-15	2.29e-12	1.72e-10	7.32e-07	1.82e-04	8.87e-03	8.55e-02	2.59e-01	3.02e-01	1.48e-01	7.63e-02	1.05e-01	1.40e-02	5.86e-04
 5.08386e+22	2.20e-23	5.15e-15	2.88e-12	2.05e-10	8.38e-07	2.06e-04	9.87e-03	9.29e-02	2.70e-01	3.04e-01	1.43e-01	7.16e-02	9.54e-02	1.21e-02	4.84e-04
 5.10347e+22	2.84e-23	6.27e-15	3.40e-12	2.34e-10	9.29e-07	2.26e-04	1.07e-02	9.85e-02	2.78e-01	3.05e-01	1.40e-01	6.83e-02	8.87e-02	1.09e-02	4.22e-04
 5.12271e+22	3.97e-23	8.16e-15	4.23e-12	2.76e-10	1.05e-06	2.53e-04	1.18e-02	1.06e-01	2.89e-01	3.05e-01	1.35e-01	6.39e-02	8.02e-02	9.44e-03	3.49e-04
 5.14228e+22	5.17e-23	1.00e-14	5.03e-12	3.16e-10	1.17e-06	2.78e-04	1.27e-02	1.13e-01	2.97e-01	3.04e-01	1.30e-01	6.06e-02	7.39e-02	8.41e-03	3.00e-04
 5.16228e+22	7.33e-23	1.32e-14	6.30e-12	3.74e-10	1.33e-06	3.11e-04	1.40e-02	1.21e-01	3.07e-01	3.03e-01	1.25e-01	5.63e-02	6.62e-02	7.18e-03	2.44e-04
 5.18250e+22	9.60e-23	1.63e-14	7.52e-12	4.29e-10	1.47e-06	3.40e-04	1.51e-02	1.29e-01	3.14e-01	3.01e-01	1.20e-01	5.31e-02	6.06e-02	6.34e-03	2.08e-04
 5.20304e+22	1.37e-22	2.16e-14	9.45e-12	5.10e-10	1.66e-06	3.81e-04	1.67e-02	1.38e-01	3.24e-01	2.98e-01	1.14e-01	4.91e-02	5.38e-02	5.36e-03	1.68e-04
 5.22396e+22	1.82e-22	2.70e-14	1.14e-11	5.87e-10	1.84e-06	4.17e-04	1.80e-02	1.47e-01	3.31e-01	2.95e-01	1.09e-01	4.59e-02	4.88e-02	4.67e-03	1.41e-04
 5.24538e+22	2.64e-22	3.62e-14	1.44e-11	7.03e-10	2.09e-06	4.67e-04	1.98e-02	1.58e-01	3.40e-01	2.90e-01	1.03e-01	4.20e-02	4.28e-02	3.89e-03	1.11e-04
 5.26717e+22	3.56e-22	4.59e-14	1.75e-11	8.12e-10	2.32e-06	5.11e-04	2.14e-02	1.67e-01	3.47e-01	2.85e-01	9.79e-02	3.91e-02	3.84e-02	3.35e-03	9.18e-05
 5.28946e+22	5.25e-22	6.26e-14	2.24e-11	9.80e-10	2.64e-06	5.74e-04	2.36e-02	1.80e-01	3.55e-01	2.78e-01	9.13e-02	3.54e-02	3.33e-02	2.74e-03	7.11e-05
 5.31204e+22	7.15e-22	8.01e-14	2.73e-11	1.14e-09	2.93e-06	6.29e-04	2.55e-02	1.91e-01	3.60e-01	2.72e-01	8.61e-02	3.27e-02	2.96e-02	2.33e-03	5.80e-05
 5.33113e+22	9.50e-22	1.01e-13	3.28e-11	1.31e-09	3.23e-06	6.83e-04	2.73e-02	2.01e-01	3.65e-01	2.66e-01	8.14e-02	3.03e-02	2.65e-02	2.01e-03	4.79e-05
 5.35208e+22	1.37e-21	1.36e-13	4.17e-11	1.57e-09	3.66e-06	7.61e-04	2.99e-02	2.14e-01	3.70e-01	2.58e-01	7.53e-02	2.74e-02	2.29e-02	1.64e-03	3.72e-05
 5.37310e+22	1.84e-21	1.71e-13	5.02e-11	1.81e-09	4.04e-06	8.27e-04	3.20e-02	2.25e-01	3.73e-01	2.51e-01	7.08e-02	2.53e-02	2.04e-02	1.40e-03	3.05e-05
 5.39364e+22	2.63e-21	2.29e-13	6.34e-11	2.17e-09	4.57e-06	9.17e-04	3.48e-02	2.40e-01	3.76e-01	2.42e-01	6.53e-02	2.29e-02	1.76e-02	1.15e-03	2.37e-05
 5.41458e+22	3.56e-21	2.94e-13	7.74e-11	2.53e-09	5.08e-06	1.00e-03	3.74e-02	2.52e-01	3.78e-01	2.33e-01	6.08e-02	2.09e-02	1.55e-02	9.71e-04	1.92e-05
 5.43514e+22	5.06e-21	3.93e-13	9.75e-11	3.03e-09	5.76e-06	1.11e-03	4.05e-02	2.67e-01	3.79e-01	2.23e-01	5.58e-02	1.89e-02	1.34e-02	7.94e-04	1.49e-05
 5.45613e+22	6.96e-21	5.12e-13	1.21e-10	3.58e-09	6.47e-06	1.22e-03	4.36e-02	2.80e-01	3.80e-01	2.14e-01	5.15e-02	1.71e-02	1.17e-02	6.61e-04	1.18e-05
 5.47668e+22	9.83e-21	6.82e-13	1.51e-10	4.28e-09	7.34e-06	1.35e-03	4.71e-02	2.95e-01	3.79e-01	2.04e-01	4.71e-02	1.54e-02	1.00e-02	5.40e-04	9.21e-06
 5.49718e+22	1.35e-20	8.88e-13	1.88e-10	5.09e-09	8.29e-06	1.48e-03	5.05e-02	3.09e-01	3.77e-01	1.95e-01	4.32e-02	1.40e-02	8.71e-03	4.48e-04	7.29e-06
 5.51789e+22	1.91e-20	1.19e-12	2.37e-10	6.15e-09	9.49e-06	1.65e-03	5.46e-02	3.25e-01	3.75e-01	1.84e-01	3.92e-02	1.25e-02	7.45e-03	3.64e-04	5.64e-06
 5.53888e+22	2.67e-20	1.57e-12	2.97e-10	7.39e-09	1.08e-05	1.82e-03	5.87e-02	3.40e-01	3.71e-01	1.74e-01	3.57e-02	1.12e-02	6.40e-03	2.98e-04	4.40e-06
 5.55939e+22	3.72e-20	2.07e-12	3.73e-10	8.90e-09	1.24e-05	2.01e-03	6.31e-02	3.55e-01	3.67e-01	1.64e-01	3.23e-02	1.00e-02	5.48e-03	2.43e-04	3.42e-06
 5.57992e+22	5.18e-20	2.74e-12	4.69e-10	1.08e-08	1.42e-05	2.23e-03	6.77e-02	3.71e-01	3.62e-01	1.55e-01	2.92e-02	8.96e-03	4.68e-03	1.98e-04	2.66e-06
 5.60056e+22	7.22e-20	3.63e-12	5.91e-10	1.30e-08	1.63e-05	2.47e-03	7.27e-02	3.86e-01	3.56e-01	1.45e-01	2.63e-02	7.98e-03	3.99e-03	1.61e-04	2.06e-06
 5.62134e+22	1.01e-19	4.80e-12	7.44e-10	1.58e-08	1.88e-05	2.74e-03	7.80e-02	4.01e-01	3.49e-01	1.35e-01	2.36e-02	7.09e-03	3.39e-03	1.30e-04	1.59e-06
 5.64230e+22	1.41e-19	6.36e-12	9.40e-10	1.93e-08	2.17e-05	3.05e-03	8.36e-02	4.16e-01	3.41e-01	1.26e-01	2.12e-02	6.28e-03	2.87e-03	1.05e-04	1.22e-06
 5.66341e+22	1.96e-19	8.41e-12	1.19e-09	2.35e-08	2.51e-05	3.38e-03	8.96e-02	4.30e-01	3.32e-01	1.17e-01	1.89e-02	5.56e-03	2.43e-03	8.45e-05	9.36e-07
 5.68483e+22	2.74e-19	1.12e-11	1.50e-09	2.88e-08	2.91e-05	3.76e-03	9.59e-02	4.45e-01	3.23e-01	1.09e-01	1.68e-02	4.89e-03	2.04e-03	6.76e-05	7.12e-07
 5.70645e+22	3.81e-19	1.47e-11	1.90e-09	3.52e-08	3.38e-05	4.18e-03	1.03e-01	4.58e-01	3.14e-01	1.00e-01	1.49e-02	4.30e-03	1.72e-03	5.41e-05	5.44e-07
 5.72848e+22	5.35e-19	1.96e-11	2.42e-09	4.34e-08	3.94e-05	4.65e-03	1.10e-01	4.72e-01	3.03e-01	9.24e-02	1.32e-02	3.76e-03	1.43e-03	4.29e-05	4.09e-07
 5.75087e+22	7.45e-19	2.59e-11	3.06e-09	5.32e-08	4.58e-05	5.17e-03	1.17e-01	4.84e-01	2.92e-01	8.49e-02	1.17e-02	3.29e-03	1.19e-03	3.41e-05	3.10e-07
 5.77137e+22	9.83e-19	3.26e-11	3.73e-09	6.32e-08	5.20e-05	5.64e-03	1.23e-01	4.94e-01	2.83e-01	7.90e-02	1.05e-02	2.93e-03	1.02e-03	2.81e-05	2.45e-07
 5.79280e+22	1.39e-18	4.36e-11	4.79e-09	7.87e-08	6.11e-05	6.30e-03	1.32e-01	5.06e-01	2.71e-01	7.18e-02	9.14e-03	2.53e-03	8.41e-04	2.18e-05	1.81e-07
 5.81456e+22	1.85e-18	5.48e-11	5.83e-09	9.36e-08	6.94e-05	6.88e-03	1.39e-01	5.15e-01	2.62e-01	6.66e-02	8.20e-03	2.25e-03	7.19e-04	1.79e-05	1.42e-07
 5.83691e+22	1.77e-17	7.35e-11	7.52e-09	1.17e-07	8.19e-05	7.69e-03	1.48e-01	5.25e-01	2.49e-01	6.02e-02	7.10e-03	1.92e-03	5.85e-04	1.38e-05	0.00e+00
 5.85939e+22	2.47e-17	9.19e-11	9.14e-09	1.39e-07	9.29e-05	8.38e-03	1.56e-01	5.32e-01	2.40e-01	5.56e-02	6.35e-03	1.70e-03	4.99e-04	1.13e-05	0.00e+00
 5.88204e+22	3.79e-17	1.23e-10	1.18e-08	1.74e-07	1.10e-04	9.35e-03	1.66e-01	5.40e-01	2.27e-01	5.01e-02	5.48e-03	1.45e-03	4.04e-04	8.64e-06	0.00e+00
 5.90475e+22	5.36e-17	1.52e-10	1.42e-08	2.06e-07	1.24e-04	1.02e-02	1.73e-01	5.46e-01	2.18e-01	4.62e-02	4.90e-03	1.29e-03	3.45e-04	7.08e-06	0.00e+00
 5.92752e+22	8.47e-17	2.00e-10	1.81e-08	2.56e-07	1.45e-04	1.13e-02	1.84e-01	5.52e-01	2.06e-01	4.16e-02	4.23e-03	1.10e-03	2.80e-04	5.44e-06	0.00e+00
 5.95052e+22	1.25e-16	2.48e-10	2.19e-08	3.03e-07	1.64e-04	1.22e-02	1.92e-01	5.56e-01	1.97e-01	3.83e-02	3.77e-03	9.67e-04	2.38e-04	4.44e-06	0.00e+00
 5.97382e+22	2.09e-16	3.25e-10	2.79e-08	3.77e-07	1.93e-04	1.36e-02	2.03e-01	5.60e-01	1.85e-01	3.43e-02	3.25e-03	8.20e-04	1.92e-04	3.40e-06	0.00e+00
 5.99740e+22	3.31e-16	4.01e-10	3.36e-08	4.46e-07	2.18e-04	1.47e-02	2.12e-01	5.62e-01	1.77e-01	3.15e-02	2.89e-03	7.22e-04	1.63e-04	2.76e-06	0.00e+00
 6.02137e+22	6.10e-16	5.24e-10	4.28e-08	5.55e-07	2.55e-04	1.63e-02	2.23e-01	5.64e-01	1.65e-01	2.81e-02	2.48e-03	6.09e-04	1.31e-04	2.10e-06	0.00e+00
 6.04574e+22	1.05e-15	6.46e-10	5.17e-08	6.58e-07	2.89e-04	1.76e-02	2.32e-01	5.64e-01	1.57e-01	2.58e-02	2.20e-03	5.34e-04	1.11e-04	1.70e-06	0.00e+00
 6.07066e+22	1.96e-15	8.46e-10	6.60e-08	8.21e-07	3.39e-04	1.96e-02	2.44e-01	5.64e-01	1.46e-01	2.29e-02	1.87e-03	4.48e-04	8.83e-05	1.28e-06	0.00e+00
 6.09611e+22	2.73e-15	1.04e-09	8.00e-08	9.77e-07	3.85e-04	2.12e-02	2.54e-01	5.63e-01	1.38e-01	2.09e-02	1.65e-03	3.90e-04	7.40e-05	1.03e-06	0.00e+00
 6.12226e+22	3.79e-15	1.37e-09	1.03e-07	1.23e-06	4.53e-04	2.35e-02	2.67e-01	5.61e-01	1.28e-01	1.84e-02	1.40e-03	3.25e-04	5.86e-05	7.65e-07	0.00e+00
 6.14900e+22	4.75e-15	1.70e-09	1.25e-07	1.46e-06	5.15e-04	2.55e-02	2.77e-01	5.58e-01	1.21e-01	1.67e-02	1.23e-03	2.81e-04	4.87e-05	6.08e-07	0.00e+00
 6.17156e+22	5.79e-15	2.05e-09	1.48e-07	1.71e-06	5.77e-04	2.74e-02	2.86e-01	5.55e-01	1.14e-01	1.53e-02	1.09e-03	2.47e-04	4.13e-05	4.95e-07	0.00e+00
 6.19594e+22	7.47e-15	2.61e-09	1.85e-07	2.10e-06	6.68e-04	3.00e-02	2.98e-01	5.50e-01	1.06e-01	1.37e-02	9.38e-04	2.08e-04	3.34e-05	3.79e-07	0.00e+00
 6.21968e+22	8.89e-15	3.09e-09	2.17e-07	2.43e-06	7.41e-04	3.19e-02	3.07e-01	5.46e-01	1.01e-01	1.26e-02	8.42e-04	1.85e-04	2.86e-05	3.13e-07	0.00e+00
 6.24260e+22	1.12e-14	3.86e-09	2.67e-07	2.94e-06	8.49e-04	3.47e-02	3.18e-01	5.40e-01	9.38e-02	1.13e-02	7.28e-04	1.57e-04	2.34e-05	2.43e-07	0.00e+00
 6.26574e+22	1.33e-14	4.57e-09	3.12e-07	3.38e-06	9.39e-04	3.70e-02	3.27e-01	5.35e-01	8.89e-02	1.04e-02	6.54e-04	1.40e-04	2.01e-05	2.01e-07	0.00e+00
 6.28915e+22	1.67e-14	5.69e-09	3.84e-07	4.09e-06	1.08e-03	4.01e-02	3.38e-01	5.28e-01	8.26e-02	9.35e-03	5.65e-04	1.19e-04	1.64e-05	1.56e-07	0.00e+00
 6.31288e+22	1.99e-14	6.74e-09	4.50e-07	4.72e-06	1.19e-03	4.27e-02	3.47e-01	5.22e-01	7.80e-02	8.59e-03	5.06e-04	1.05e-04	1.40e-05	1.28e-07	0.00e+00
 6.33703e+22	2.49e-14	8.40e-09	5.53e-07	5.72e-06	1.36e-03	4.64e-02	3.59e-01	5.13e-01	7.22e-02	7.68e-03	4.36e-04	8.89e-05	1.14e-05	0.00e+00	0.00e+00
 6.36152e+22	2.97e-14	9.97e-09	6.49e-07	6.62e-06	1.51e-03	4.93e-02	3.67e-01	5.06e-01	6.80e-02	7.04e-03	3.89e-04	7.82e-05	9.69e-06	0.00e+00	0.00e+00
 6.38646e+22	3.73e-14	1.24e-08	8.01e-07	8.04e-06	1.74e-03	5.36e-02	3.79e-01	4.96e-01	6.27e-02	6.27e-03	3.33e-04	6.60e-05	7.81e-06	0.00e+00	0.00e+00
 6.41182e+22	4.48e-14	1.48e-08	9.43e-07	9.31e-06	1.93e-03	5.70e-02	3.88e-01	4.88e-01	5.89e-02	5.74e-03	2.97e-04	5.79e-05	6.64e-06	0.00e+00	0.00e+00
 6.43774e+22	5.65e-14	1.85e-08	1.17e-06	1.14e-05	2.21e-03	6.19e-02	3.99e-01	4.77e-01	5.40e-02	5.08e-03	2.53e-04	4.85e-05	5.31e-06	0.00e+00	0.00e+00
 6.46416e+22	6.82e-14	2.21e-08	1.38e-06	1.32e-05	2.46e-03	6.58e-02	4.08e-01	4.68e-01	5.05e-02	4.63e-03	2.24e-04	4.23e-05	4.48e-06	0.00e+00	0.00e+00
 6.49124e+22	8.65e-14	2.78e-08	1.72e-06	1.62e-05	2.84e-03	7.15e-02	4.19e-01	4.56e-01	4.61e-02	4.08e-03	1.90e-04	3.52e-05	3.56e-06	0.00e+00	0.00e+00
 6.51902e+22	1.05e-13	3.35e-08	2.04e-06	1.90e-05	3.17e-03	7.63e-02	4.28e-01	4.46e-01	4.28e-02	3.70e-03	1.67e-04	3.05e-05	2.97e-06	0.00e+00	0.00e+00
 6.54770e+22	1.35e-13	4.24e-08	2.56e-06	2.34e-05	3.66e-03	8.29e-02	4.39e-01	4.32e-01	3.88e-02	3.24e-03	1.40e-04	2.52e-05	2.33e-06	0.00e+00	0.00e+00
 6.57680e+22	1.65e-13	5.11e-08	3.05e-06	2.75e-05	4.10e-03	8.83e-02	4.48e-01	4.21e-01	3.59e-02	2.93e-03	1.22e-04	2.17e-05	1.94e-06	0.00e+00	0.00e+00
 6.60646e+22	2.13e-13	6.48e-08	3.84e-06	3.39e-05	4.74e-03	9.59e-02	4.58e-01	4.06e-01	3.24e-02	2.55e-03	1.02e-04	1.78e-05	1.51e-06	0.00e+00	0.00e+00
 6.63646e+22	2.61e-13	7.82e-08	4.58e-06	3.98e-05	5.29e-03	1.02e-01	4.66e-01	3.95e-01	2.99e-02	2.30e-03	8.94e-05	1.53e-05	1.25e-06	0.00e+00	0.00e+00
 6.66690e+22	3.38e-13	9.93e-08	5.77e-06	4.93e-05	6.13e-03	1.11e-01	4.75e-01	3.79e-01	2.68e-02	2.00e-03	7.43e-05	1.25e-05	9.72e-07	0.00e+00	0.00e+00
 6.69776e+22	4.17e-13	1.20e-07	6.90e-06	5.79e-05	6.84e-03	1.18e-01	4.82e-01	3.67e-01	2.47e-02	1.80e-03	6.46e-05	1.07e-05	8.01e-07	0.00e+00	0.00e+00
 6.72484e+22	5.10e-13	1.44e-07	8.22e-06	6.81e-05	7.64e-03	1.25e-01	4.88e-01	3.55e-01	2.26e-02	1.61e-03	5.60e-05	9.15e-06	6.58e-07	0.00e+00	0.00e+00
 6.75573e+22	6.63e-13	1.83e-07	1.03e-05	8.36e-05	8.78e-03	1.35e-01	4.95e-01	3.40e-01	2.03e-02	1.40e-03	4.66e-05	7.49e-06	5.12e-07	0.00e+00	0.00e+00
 6.78717e+22	8.16e-13	2.21e-07	1.23e-05	9.90e-05	9.84e-03	1.43e-01	5.01e-01	3.27e-01	1.85e-02	1.25e-03	4.00e-05	6.35e-06	4.16e-07	0.00e+00	0.00e+00
 6.81271e+22	9.84e-13	2.59e-07	1.44e-05	1.14e-04	1.08e-02	1.50e-01	5.04e-01	3.16e-01	1.71e-02	1.13e-03	3.53e-05	5.52e-06	3.50e-07	0.00e+00	0.00e+00
