#depth	Fe	Fe+	Fe+2	Fe+3	Fe+4	Fe+5	Fe+6	Fe+7	Fe+8	Fe+9	Fe+10	Fe+11	Fe+12	Fe+13	Fe+14	Fe+15	Fe+16	Fe+17	Fe+18	Fe+19	Fe+20	Fe+21	Fe+22	Fe+23	Fe+24	Fe+25	Fe+26
 4.62852e+21	0.00e+00	0.00e+00	0.00e+00	0.00e+00	0.00e+00	0.00e+00	0.00e+00	0.00e+00	0.00e+00	0.00e+00	0.00e+00	0.00e+00	0.00e+00	3.29e-24	6.20e-22	1.24e-19	1.87e-16	8.18e-14	1.75e-11	1.72e-09	9.83e-08	3.12e-06	7.43e-05	1.61e-03	5.10e-02	3.02e-01	6.46e-01
 1.05385e+22	0.00e+00	0.00e+00	0.00e+00	0.00e+00	0.00e+00	0.00e+00	0.00e+00	0.00e+00	0.00e+00	0.00e+00	0.00e+00	0.00e+00	1.65e-25	2.74e-23	3.64e-21	1.58e-18	5.60e-15	1.69e-12	2.52e-10	1.73e-08	6.94e-07	1.55e-05	2.58e-04	3.93e-03	8.78e-02	3.64e-01	5.44e-01
 1.26906e+22	0.00e+00	0.00e+00	0.00e+00	0.00e+00	0.00e+00	0.00e+00	0.00e+00	0.00e+00	0.00e+00	0.00e+00	0.00e+00	8.01e-27	1.54e-24	2.02e-22	5.65e-20	1.93e-17	5.32e-14	1.26e-11	1.46e-09	7.89e-08	2.49e-06	4.38e-05	5.77e-04	6.94e-03	1.23e-01	3.99e-01	4.70e-01
 1.42577e+22	0.00e+00	0.00e+00	0.00e+00	0.00e+00	0.00e+00	0.00e+00	0.00e+00	0.00e+00	0.00e+00	0.00e+00	7.52e-28	1.22e-25	1.95e-23	2.12e-21	4.93e-19	1.40e-16	3.14e-13	6.06e-11	5.79e-09	2.58e-07	6.75e-06	9.82e-05	1.07e-03	1.07e-02	1.57e-01	4.22e-01	4.10e-01
 1.51283e+22	0.00e+00	0.00e+00	0.00e+00	0.00e+00	0.00e+00	0.00e+00	0.00e+00	0.00e+00	0.00e+00	3.70e-30	8.19e-28	1.27e-25	1.93e-23	3.84e-21	8.51e-19	2.30e-16	4.91e-13	9.01e-11	8.20e-09	3.48e-07	8.67e-06	1.20e-04	1.25e-03	1.19e-02	1.66e-01	4.26e-01	3.95e-01
 1.54703e+22	0.00e+00	0.00e+00	0.00e+00	0.00e+00	0.00e+00	0.00e+00	0.00e+00	0.00e+00	2.59e-32	7.68e-30	1.63e-27	2.41e-25	3.51e-23	6.69e-21	1.42e-18	3.67e-16	7.45e-13	1.30e-10	1.13e-08	4.59e-07	1.09e-05	1.45e-04	1.44e-03	1.31e-02	1.75e-01	4.30e-01	3.80e-01
 1.57865e+22	0.00e+00	0.00e+00	0.00e+00	0.00e+00	0.00e+00	0.00e+00	0.00e+00	0.00e+00	5.08e-32	1.45e-29	2.96e-27	4.21e-25	5.91e-23	1.09e-20	2.21e-18	5.51e-16	1.07e-12	1.79e-10	1.50e-08	5.83e-07	1.34e-05	1.70e-04	1.63e-03	1.43e-02	1.84e-01	4.32e-01	3.68e-01
 1.61276e+22	0.00e+00	0.00e+00	0.00e+00	0.00e+00	0.00e+00	0.00e+00	0.00e+00	0.00e+00	1.24e-31	3.35e-29	6.49e-27	8.78e-25	1.17e-22	2.04e-20	3.96e-18	9.35e-16	1.72e-12	2.73e-10	2.16e-08	8.00e-07	1.74e-05	2.10e-04	1.91e-03	1.59e-02	1.95e-01	4.35e-01	3.52e-01
 1.64684e+22	0.00e+00	0.00e+00	0.00e+00	0.00e+00	0.00e+00	0.00e+00	0.00e+00	0.00e+00	2.54e-31	6.60e-29	1.23e-26	1.59e-24	2.04e-22	3.41e-20	6.34e-18	1.44e-15	2.53e-12	3.85e-10	2.91e-08	1.03e-06	2.15e-05	2.50e-04	2.17e-03	1.74e-02	2.04e-01	4.37e-01	3.39e-01
 1.67614e+22	0.00e+00	0.00e+00	0.00e+00	0.00e+00	0.00e+00	0.00e+00	0.00e+00	0.00e+00	4.97e-31	1.24e-28	2.22e-26	2.78e-24	3.42e-22	5.51e-20	9.85e-18	2.15e-15	3.62e-12	5.28e-10	3.84e-08	1.31e-06	2.62e-05	2.92e-04	2.45e-03	1.88e-02	2.13e-01	4.39e-01	3.26e-01
 1.70947e+22	0.00e+00	0.00e+00	0.00e+00	0.00e+00	0.00e+00	0.00e+00	0.00e+00	0.00e+00	1.12e-30	2.67e-28	4.56e-26	5.44e-24	6.39e-22	9.83e-20	1.68e-17	3.50e-15	5.59e-12	7.74e-10	5.35e-08	1.74e-06	3.32e-05	3.54e-04	2.82e-03	2.07e-02	2.24e-01	4.40e-01	3.12e-01
 1.74404e+22	0.00e+00	0.00e+00	0.00e+00	0.00e+00	0.00e+00	0.00e+00	0.00e+00	0.00e+00	2.40e-30	5.47e-28	8.92e-26	1.02e-23	1.15e-21	1.69e-19	2.76e-17	5.49e-15	8.37e-12	1.11e-09	7.31e-08	2.27e-06	4.15e-05	4.22e-04	3.23e-03	2.27e-02	2.35e-01	4.40e-01	2.99e-01
 1.77397e+22	0.00e+00	0.00e+00	0.00e+00	0.00e+00	0.00e+00	0.00e+00	0.00e+00	7.22e-33	4.72e-30	1.04e-27	1.63e-25	1.79e-23	1.93e-21	2.73e-19	4.30e-17	8.23e-15	1.20e-11	1.52e-09	9.65e-08	2.88e-06	5.06e-05	4.94e-04	3.63e-03	2.45e-02	2.44e-01	4.40e-01	2.87e-01
 1.80662e+22	0.00e+00	0.00e+00	0.00e+00	0.00e+00	0.00e+00	0.00e+00	0.00e+00	1.02e-32	6.36e-30	1.33e-27	2.00e-25	2.10e-23	3.57e-21	4.82e-19	7.24e-17	1.32e-14	1.84e-11	2.21e-09	1.34e-07	3.80e-06	6.36e-05	5.94e-04	4.16e-03	2.69e-02	2.56e-01	4.40e-01	2.73e-01
 1.84119e+22	0.00e+00	0.00e+00	0.00e+00	0.00e+00	0.00e+00	0.00e+00	0.00e+00	2.28e-32	1.36e-29	2.73e-27	3.92e-25	3.93e-23	6.41e-21	8.28e-19	1.19e-16	2.08e-14	2.75e-11	3.16e-09	1.82e-07	4.95e-06	7.93e-05	7.07e-04	4.74e-03	2.93e-02	2.67e-01	4.38e-01	2.60e-01
 1.87217e+22	0.00e+00	0.00e+00	0.00e+00	0.00e+00	0.00e+00	0.00e+00	0.00e+00	4.80e-32	2.75e-29	5.30e-27	7.29e-25	7.02e-23	1.10e-20	1.36e-18	1.88e-16	3.16e-14	3.99e-11	4.39e-09	2.42e-07	6.31e-06	9.69e-05	8.30e-04	5.34e-03	3.16e-02	2.77e-01	4.37e-01	2.48e-01
 1.89963e+22	0.00e+00	0.00e+00	0.00e+00	0.00e+00	0.00e+00	0.00e+00	0.00e+00	9.18e-32	5.08e-29	9.44e-27	1.25e-24	1.16e-22	1.76e-20	2.10e-18	2.80e-16	4.54e-14	5.51e-11	5.84e-09	3.10e-07	7.80e-06	1.15e-04	9.53e-04	5.91e-03	3.38e-02	2.86e-01	4.35e-01	2.38e-01
 1.92470e+22	0.00e+00	0.00e+00	0.00e+00	0.00e+00	0.00e+00	0.00e+00	0.00e+00	1.66e-31	8.90e-29	1.60e-26	2.06e-24	1.85e-22	2.70e-20	3.13e-18	4.04e-16	6.33e-14	7.41e-11	7.57e-09	3.89e-07	9.45e-06	1.35e-04	1.08e-03	6.49e-03	3.59e-02	2.94e-01	4.33e-01	2.29e-01
 1.95340e+22	0.00e+00	0.00e+00	0.00e+00	0.00e+00	0.00e+00	0.00e+00	0.00e+00	3.38e-31	1.74e-28	3.01e-26	3.72e-24	3.22e-22	4.53e-20	5.05e-18	6.26e-16	9.44e-14	1.06e-10	1.03e-08	5.09e-07	1.19e-05	1.64e-04	1.26e-03	7.25e-03	3.86e-02	3.04e-01	4.30e-01	2.19e-01
 1.98445e+22	0.00e+00	0.00e+00	0.00e+00	0.00e+00	0.00e+00	0.00e+00	0.00e+00	6.95e-31	3.45e-28	5.72e-26	6.80e-24	5.65e-22	7.64e-20	8.18e-18	9.74e-16	1.41e-13	1.51e-10	1.42e-08	6.70e-07	1.50e-05	1.98e-04	1.46e-03	8.10e-03	4.14e-02	3.15e-01	4.26e-01	2.08e-01
 2.01262e+22	0.00e+00	0.00e+00	0.00e+00	0.00e+00	0.00e+00	0.00e+00	0.00e+00	1.35e-30	6.47e-28	1.03e-25	1.19e-23	9.50e-22	1.24e-19	1.28e-17	1.47e-15	2.05e-13	2.10e-10	1.90e-08	8.61e-07	1.86e-05	2.37e-04	1.68e-03	8.97e-03	4.42e-02	3.24e-01	4.22e-01	1.99e-01
 2.03926e+22	0.00e+00	0.00e+00	0.00e+00	0.00e+00	0.00e+00	0.00e+00	0.00e+00	1.79e-30	8.26e-28	1.28e-25	1.41e-23	1.58e-21	1.98e-19	1.97e-17	2.18e-15	2.94e-13	2.90e-10	2.52e-08	1.10e-06	2.29e-05	2.81e-04	1.92e-03	9.89e-03	4.71e-02	3.33e-01	4.18e-01	1.90e-01
 2.06557e+22	0.00e+00	0.00e+00	0.00e+00	0.00e+00	0.00e+00	0.00e+00	4.58e-33	3.34e-30	1.49e-27	2.22e-25	2.37e-23	2.56e-21	3.10e-19	2.98e-17	3.19e-15	4.15e-13	3.95e-10	3.30e-08	1.39e-06	2.79e-05	3.30e-04	2.18e-03	1.09e-02	4.99e-02	3.41e-01	4.14e-01	1.81e-01
 2.09549e+22	0.00e+00	0.00e+00	0.00e+00	0.00e+00	0.00e+00	0.00e+00	1.01e-32	7.04e-30	3.01e-27	4.31e-25	4.41e-23	4.57e-21	5.32e-19	4.91e-17	5.05e-15	6.30e-13	5.72e-10	4.56e-08	1.84e-06	3.53e-05	4.01e-04	2.54e-03	1.21e-02	5.35e-02	3.52e-01	4.09e-01	1.71e-01
 2.12685e+22	0.00e+00	0.00e+00	0.00e+00	0.00e+00	0.00e+00	0.00e+00	2.16e-32	1.45e-29	5.95e-27	8.18e-25	8.05e-23	8.01e-21	8.96e-19	7.94e-17	7.83e-15	9.38e-13	8.15e-10	6.23e-08	2.41e-06	4.44e-05	4.84e-04	2.94e-03	1.35e-02	5.71e-02	3.61e-01	4.03e-01	1.62e-01
 2.15413e+22	0.00e+00	0.00e+00	0.00e+00	0.00e+00	0.00e+00	0.00e+00	4.25e-32	2.76e-29	1.09e-26	1.45e-24	1.38e-22	1.32e-20	1.42e-18	1.22e-16	1.16e-14	1.34e-12	1.12e-09	8.22e-08	3.06e-06	5.44e-05	5.71e-04	3.35e-03	1.48e-02	6.05e-02	3.70e-01	3.97e-01	1.54e-01
 2.17824e+22	0.00e+00	0.00e+00	0.00e+00	0.00e+00	0.00e+00	0.00e+00	7.74e-32	4.86e-29	1.87e-26	2.40e-24	2.21e-22	2.05e-20	2.14e-18	1.78e-16	1.64e-14	1.83e-12	1.48e-09	1.05e-07	3.78e-06	6.50e-05	6.61e-04	3.75e-03	1.61e-02	6.36e-02	3.77e-01	3.92e-01	1.47e-01
 2.20416e+22	0.00e+00	0.00e+00	0.00e+00	0.00e+00	0.00e+00	0.00e+00	1.51e-31	9.16e-29	3.40e-26	4.22e-24	3.74e-22	3.36e-20	3.39e-18	2.71e-16	2.41e-14	2.61e-12	2.02e-09	1.38e-07	4.78e-06	7.92e-05	7.77e-04	4.25e-03	1.76e-02	6.72e-02	3.85e-01	3.86e-01	1.40e-01
 2.23215e+22	0.00e+00	0.00e+00	0.00e+00	0.00e+00	0.00e+00	0.00e+00	2.97e-31	1.74e-28	6.22e-26	7.44e-24	6.37e-22	5.52e-20	5.37e-18	4.14e-16	3.56e-14	3.71e-12	2.76e-09	1.81e-07	6.05e-06	9.67e-05	9.14e-04	4.83e-03	1.92e-02	7.09e-02	3.92e-01	3.79e-01	1.32e-01
 2.25759e+22	0.00e+00	0.00e+00	0.00e+00	0.00e+00	0.00e+00	0.00e+00	4.30e-31	2.43e-28	8.44e-26	9.77e-24	1.04e-21	8.69e-20	8.19e-18	6.11e-16	5.08e-14	5.12e-12	3.67e-09	2.33e-07	7.51e-06	1.16e-04	1.06e-03	5.41e-03	2.08e-02	7.45e-02	3.99e-01	3.73e-01	1.26e-01
 2.28543e+22	0.00e+00	0.00e+00	0.00e+00	0.00e+00	0.00e+00	0.00e+00	8.95e-31	4.88e-28	1.63e-25	1.81e-23	1.85e-21	1.49e-19	1.35e-17	9.71e-16	7.76e-14	7.52e-12	5.16e-09	3.14e-07	9.69e-06	1.44e-04	1.26e-03	6.19e-03	2.29e-02	7.88e-02	4.07e-01	3.65e-01	1.18e-01
 2.31452e+22	0.00e+00	0.00e+00	0.00e+00	0.00e+00	0.00e+00	0.00e+00	1.80e-30	9.46e-28	3.04e-25	3.26e-23	3.21e-21	2.49e-19	2.17e-17	1.50e-15	1.16e-13	1.08e-11	7.12e-09	4.16e-07	1.24e-05	1.76e-04	1.49e-03	7.04e-03	2.51e-02	8.31e-02	4.14e-01	3.58e-01	1.11e-01
 2.33908e+22	0.00e+00	0.00e+00	0.00e+00	0.00e+00	0.00e+00	0.00e+00	3.27e-30	1.67e-27	5.19e-25	5.39e-23	5.14e-21	3.86e-19	3.26e-17	2.18e-15	1.63e-13	1.47e-11	9.36e-09	5.28e-07	1.52e-05	2.10e-04	1.71e-03	7.84e-03	2.71e-02	8.68e-02	4.20e-01	3.51e-01	1.06e-01
 2.36488e+22	0.00e+00	0.00e+00	0.00e+00	0.00e+00	0.00e+00	3.32e-33	6.42e-30	3.16e-27	9.49e-25	9.51e-23	8.75e-21	6.34e-19	5.17e-17	3.34e-15	2.40e-13	2.09e-11	1.28e-08	6.93e-07	1.91e-05	2.55e-04	2.01e-03	8.85e-03	2.94e-02	9.11e-02	4.26e-01	3.43e-01	9.96e-02
 2.39246e+22	0.00e+00	0.00e+00	0.00e+00	0.00e+00	0.00e+00	6.65e-33	1.24e-29	5.89e-27	1.71e-24	1.65e-22	1.47e-20	1.03e-18	8.08e-17	5.03e-15	3.49e-13	2.94e-11	1.73e-08	9.01e-07	2.40e-05	3.08e-04	2.34e-03	9.95e-03	3.19e-02	9.54e-02	4.31e-01	3.35e-01	9.38e-02
 2.41749e+22	0.00e+00	0.00e+00	0.00e+00	0.00e+00	0.00e+00	1.26e-32	2.27e-29	1.05e-26	2.94e-24	2.75e-22	2.36e-20	1.60e-18	1.22e-16	7.35e-15	4.94e-13	4.02e-11	2.28e-08	1.15e-06	2.95e-05	3.66e-04	2.69e-03	1.11e-02	3.44e-02	9.95e-02	4.36e-01	3.27e-01	8.86e-02
 2.44512e+22	0.00e+00	0.00e+00	0.00e+00	0.00e+00	0.00e+00	2.69e-32	4.67e-29	2.07e-26	5.60e-24	5.04e-22	4.17e-20	2.72e-18	1.99e-16	1.15e-14	7.46e-13	5.84e-11	3.17e-08	1.53e-06	3.77e-05	4.49e-04	3.17e-03	1.26e-02	3.75e-02	1.04e-01	4.41e-01	3.18e-01	8.27e-02
 2.47412e+22	0.00e+00	0.00e+00	0.00e+00	0.00e+00	0.00e+00	4.60e-32	7.72e-29	3.30e-26	8.60e-24	9.00e-22	7.16e-20	4.49e-18	3.17e-16	1.77e-14	1.10e-12	8.30e-11	4.33e-08	2.01e-06	4.77e-05	5.46e-04	3.71e-03	1.41e-02	4.07e-02	1.09e-01	4.45e-01	3.09e-01	7.73e-02
 2.49837e+22	0.00e+00	0.00e+00	0.00e+00	0.00e+00	0.00e+00	8.50e-32	1.38e-28	5.72e-26	1.45e-23	1.47e-21	1.13e-19	6.87e-18	4.70e-16	2.54e-14	1.53e-12	1.12e-10	5.63e-08	2.53e-06	5.81e-05	6.44e-04	4.24e-03	1.56e-02	4.35e-02	1.13e-01	4.48e-01	3.01e-01	7.30e-02
 2.52004e+22	0.00e+00	0.00e+00	0.00e+00	0.00e+00	0.00e+00	1.46e-31	2.31e-28	9.30e-26	2.29e-23	2.26e-21	1.69e-19	1.00e-17	6.65e-16	3.50e-14	2.05e-12	1.46e-10	7.10e-08	3.10e-06	6.90e-05	7.44e-04	4.76e-03	1.70e-02	4.62e-02	1.17e-01	4.51e-01	2.94e-01	6.93e-02
 2.54487e+22	0.00e+00	0.00e+00	0.00e+00	0.00e+00	0.00e+00	2.86e-31	4.38e-28	1.71e-25	4.06e-23	3.87e-21	2.80e-19	1.60e-17	1.03e-15	5.22e-14	2.95e-12	2.02e-10	9.50e-08	3.98e-06	8.55e-05	8.89e-04	5.49e-03	1.90e-02	4.96e-02	1.21e-01	4.53e-01	2.85e-01	6.48e-02
 2.57179e+22	0.00e+00	0.00e+00	0.00e+00	0.00e+00	0.00e+00	5.64e-31	8.34e-28	3.14e-25	7.22e-23	6.63e-21	4.64e-19	2.55e-17	1.58e-15	7.77e-14	4.24e-12	2.80e-10	1.27e-07	5.12e-06	1.06e-04	1.06e-03	6.33e-03	2.11e-02	5.33e-02	1.26e-01	4.55e-01	2.76e-01	6.05e-02
 2.59664e+22	0.00e+00	0.00e+00	0.00e+00	0.00e+00	0.00e+00	1.07e-30	1.53e-27	5.57e-25	1.24e-22	1.10e-20	7.45e-19	3.97e-17	2.38e-15	1.13e-13	5.97e-12	3.81e-10	1.66e-07	6.49e-06	1.30e-04	1.26e-03	7.23e-03	2.33e-02	5.70e-02	1.30e-01	4.56e-01	2.68e-01	5.67e-02
 2.62416e+22	0.00e+00	0.00e+00	0.00e+00	0.00e+00	0.00e+00	2.27e-30	3.13e-27	1.10e-24	2.35e-22	2.01e-20	1.31e-18	6.70e-17	3.86e-15	1.76e-13	8.95e-12	5.49e-10	2.29e-07	8.57e-06	1.64e-04	1.53e-03	8.45e-03	2.62e-02	6.15e-02	1.35e-01	4.57e-01	2.58e-01	5.23e-02
 2.65160e+22	0.00e+00	0.00e+00	0.00e+00	0.00e+00	0.00e+00	4.45e-30	5.93e-27	2.01e-24	4.16e-22	3.43e-20	2.15e-18	1.06e-16	5.92e-15	2.61e-13	1.28e-11	7.56e-10	3.05e-07	1.10e-05	2.03e-04	1.82e-03	9.71e-03	2.90e-02	6.57e-02	1.39e-01	4.57e-01	2.48e-01	4.87e-02
 2.67394e+22	0.00e+00	0.00e+00	0.00e+00	0.00e+00	2.73e-33	7.86e-30	1.02e-26	3.35e-24	6.74e-22	5.40e-20	3.29e-18	1.58e-16	8.51e-15	3.63e-13	1.73e-11	9.93e-10	3.87e-07	1.35e-05	2.42e-04	2.11e-03	1.09e-02	3.16e-02	6.95e-02	1.43e-01	4.56e-01	2.41e-01	4.57e-02
 2.69797e+22	0.00e+00	0.00e+00	0.00e+00	0.00e+00	5.02e-33	1.40e-29	1.75e-26	5.58e-24	1.17e-21	9.08e-20	5.34e-18	2.47e-16	1.29e-14	5.32e-13	2.45e-11	1.36e-09	5.10e-07	1.72e-05	2.97e-04	2.49e-03	1.24e-02	3.48e-02	7.39e-02	1.47e-01	4.55e-01	2.31e-01	4.24e-02
 2.72424e+22	0.00e+00	0.00e+00	0.00e+00	0.00e+00	1.01e-32	2.73e-29	3.30e-26	1.02e-23	2.07e-21	1.54e-19	8.76e-18	3.92e-16	1.97e-14	7.84e-13	3.48e-11	1.86e-09	6.74e-07	2.19e-05	3.65e-04	2.95e-03	1.42e-02	3.84e-02	7.87e-02	1.51e-01	4.53e-01	2.22e-01	3.93e-02
 2.74868e+22	0.00e+00	0.00e+00	0.00e+00	0.00e+00	1.91e-32	5.00e-29	5.87e-26	1.75e-23	3.45e-21	2.50e-19	1.37e-17	5.94e-16	2.89e-14	1.11e-12	4.78e-11	2.48e-09	8.68e-07	2.72e-05	4.39e-04	3.44e-03	1.60e-02	4.19e-02	8.31e-02	1.55e-01	4.50e-01	2.14e-01	3.66e-02
 2.77570e+22	0.00e+00	0.00e+00	0.00e+00	0.00e+00	4.14e-32	1.04e-28	1.18e-25	3.39e-23	6.43e-21	4.47e-19	2.37e-17	9.84e-16	4.61e-14	1.71e-12	7.04e-11	3.51e-09	1.18e-06	3.55e-05	5.49e-04	4.13e-03	1.85e-02	4.65e-02	8.86e-02	1.59e-01	4.46e-01	2.03e-01	3.34e-02
 2.80279e+22	0.00e+00	0.00e+00	0.00e+00	0.00e+00	8.47e-32	2.06e-28	2.25e-25	6.25e-23	1.14e-20	7.66e-19	3.90e-17	1.56e-15	7.06e-14	2.52e-12	1.00e-10	4.80e-09	1.56e-06	4.52e-05	6.75e-04	4.89e-03	2.11e-02	5.11e-02	9.39e-02	1.62e-01	4.41e-01	1.94e-01	3.07e-02
 2.82477e+22	0.00e+00	0.00e+00	0.00e+00	0.00e+00	1.48e-31	3.50e-28	3.72e-25	1.01e-22	1.79e-20	1.17e-18	5.78e-17	2.25e-15	9.88e-14	3.43e-12	1.32e-10	6.17e-09	1.94e-06	5.46e-05	7.91e-04	5.57e-03	2.33e-02	5.49e-02	9.81e-02	1.65e-01	4.37e-01	1.87e-01	2.87e-02
 2.84814e+22	0.00e+00	0.00e+00	0.00e+00	0.00e+00	2.93e-31	6.72e-28	6.90e-25	1.80e-22	3.10e-20	1.95e-18	9.33e-17	3.51e-15	1.49e-13	4.97e-12	1.85e-10	8.33e-09	2.53e-06	6.87e-05	9.61e-04	6.53e-03	2.64e-02	5.99e-02	1.03e-01	1.68e-01	4.31e-01	1.77e-01	2.63e-02
 2.87356e+22	0.00e+00	0.00e+00	0.00e+00	0.00e+00	5.67e-31	1.26e-27	1.25e-24	3.17e-22	5.27e-20	3.20e-18	1.48e-16	5.38e-15	2.20e-13	7.11e-12	2.56e-10	1.11e-08	3.26e-06	8.57e-05	1.16e-03	7.59e-03	2.96e-02	6.50e-02	1.08e-01	1.70e-01	4.25e-01	1.69e-01	2.42e-02
 2.89771e+22	0.00e+00	0.00e+00	0.00e+00	0.00e+00	1.10e-30	2.36e-27	2.27e-24	5.56e-22	8.94e-20	5.25e-18	2.35e-16	8.23e-15	3.25e-13	1.01e-11	3.53e-10	1.48e-08	4.20e-06	1.07e-04	1.39e-03	8.82e-03	3.33e-02	7.05e-02	1.13e-01	1.72e-01	4.18e-01	1.60e-01	2.22e-02
 2.92143e+22	0.00e+00	0.00e+00	0.00e+00	0.00e+00	2.01e-30	4.19e-27	3.91e-24	9.58e-22	1.49e-19	8.49e-18	3.67e-16	1.24e-14	4.75e-13	1.43e-11	4.82e-10	1.96e-08	5.36e-06	1.32e-04	1.66e-03	1.02e-02	3.71e-02	7.60e-02	1.18e-01	1.74e-01	4.10e-01	1.52e-01	2.03e-02
 2.94420e+22	0.00e+00	0.00e+00	0.00e+00	0.00e+00	3.74e-30	7.56e-27	6.84e-24	1.63e-21	2.45e-19	1.35e-17	5.64e-16	1.85e-14	6.84e-13	2.00e-11	6.49e-10	2.55e-08	6.78e-06	1.61e-04	1.97e-03	1.17e-02	4.12e-02	8.17e-02	1.23e-01	1.75e-01	4.02e-01	1.44e-01	1.87e-02
 2.96590e+22	0.00e+00	0.00e+00	0.00e+00	0.00e+00	6.70e-30	1.32e-26	1.16e-23	2.67e-21	3.91e-19	2.09e-17	8.46e-16	2.69e-14	9.65e-13	2.73e-11	8.59e-10	3.27e-08	8.45e-06	1.95e-04	2.31e-03	1.33e-02	4.54e-02	8.73e-02	1.28e-01	1.76e-01	3.93e-01	1.37e-01	1.72e-02
 2.99056e+22	0.00e+00	0.00e+00	0.00e+00	2.32e-33	1.38e-29	2.61e-26	2.21e-23	4.94e-21	6.96e-19	3.58e-17	1.39e-15	4.27e-14	1.47e-12	4.00e-11	1.21e-09	4.43e-08	1.11e-05	2.46e-04	2.81e-03	1.55e-02	5.11e-02	9.45e-02	1.33e-01	1.77e-01	3.82e-01	1.28e-01	1.54e-02
 3.01633e+22	0.00e+00	0.00e+00	0.00e+00	4.75e-33	2.73e-29	5.02e-26	4.11e-23	8.84e-21	1.20e-18	5.97e-17	2.24e-15	6.61e-14	2.19e-12	5.75e-11	1.68e-09	5.91e-08	1.43e-05	3.06e-04	3.37e-03	1.80e-02	5.70e-02	1.02e-01	1.38e-01	1.77e-01	3.71e-01	1.20e-01	1.39e-02
 3.03896e+22	0.00e+00	0.00e+00	0.00e+00	9.07e-33	5.07e-29	9.03e-26	7.16e-23	1.49e-20	1.97e-18	9.44e-17	3.43e-15	9.78e-14	3.14e-12	7.94e-11	2.24e-09	7.63e-08	1.79e-05	3.72e-04	3.97e-03	2.05e-02	6.28e-02	1.08e-01	1.42e-01	1.77e-01	3.60e-01	1.12e-01	1.26e-02
 3.06379e+22	0.00e+00	0.00e+00	0.00e+00	1.94e-32	1.05e-28	1.80e-25	1.37e-22	2.77e-20	3.51e-18	1.62e-16	5.65e-15	1.55e-13	4.77e-12	1.16e-10	3.15e-09	1.03e-07	2.33e-05	4.67e-04	4.79e-03	2.38e-02	7.01e-02	1.16e-01	1.47e-01	1.76e-01	3.47e-01	1.04e-01	1.13e-02
 3.09011e+22	0.00e+00	0.00e+00	0.00e+00	4.15e-32	2.17e-28	3.59e-25	2.65e-22	5.13e-20	6.27e-18	2.77e-16	9.30e-15	2.45e-13	7.24e-12	1.69e-10	4.39e-09	1.38e-07	3.02e-05	5.84e-04	5.78e-03	2.76e-02	7.81e-02	1.24e-01	1.51e-01	1.74e-01	3.32e-01	9.58e-02	9.96e-03
 3.11235e+22	0.00e+00	0.00e+00	0.00e+00	7.45e-32	3.78e-28	6.11e-25	4.37e-22	8.23e-20	9.76e-18	4.19e-16	1.36e-14	3.48e-13	9.97e-12	2.26e-10	5.69e-09	1.73e-07	3.69e-05	6.93e-04	6.65e-03	3.08e-02	8.46e-02	1.31e-01	1.54e-01	1.72e-01	3.21e-01	8.98e-02	9.05e-03
 3.13524e+22	0.00e+00	0.00e+00	0.00e+00	1.56e-31	7.66e-28	1.19e-24	8.24e-22	1.50e-19	1.71e-17	7.05e-16	2.20e-14	5.40e-13	1.49e-11	3.24e-10	7.83e-09	2.29e-07	4.72e-05	8.58e-04	7.94e-03	3.53e-02	9.34e-02	1.39e-01	1.57e-01	1.70e-01	3.06e-01	8.23e-02	7.99e-03
 3.15909e+22	0.00e+00	0.00e+00	0.00e+00	3.03e-31	1.44e-27	2.18e-24	1.45e-21	2.55e-19	2.82e-17	1.12e-15	3.38e-14	8.00e-13	2.12e-11	4.46e-10	1.04e-08	2.94e-07	5.88e-05	1.04e-03	9.27e-03	3.99e-02	1.02e-01	1.46e-01	1.60e-01	1.67e-01	2.92e-01	7.59e-02	7.11e-03
 3.18055e+22	0.00e+00	0.00e+00	0.00e+00	5.55e-31	2.57e-27	3.77e-24	2.47e-21	4.20e-19	4.49e-17	1.73e-15	5.05e-14	1.15e-12	2.96e-11	6.00e-10	1.35e-08	3.69e-07	7.20e-05	1.23e-03	1.07e-02	4.45e-02	1.10e-01	1.53e-01	1.62e-01	1.63e-01	2.79e-01	7.01e-02	6.36e-03
 3.20482e+22	0.00e+00	0.00e+00	0.00e+00	1.24e-30	5.52e-27	7.80e-24	4.91e-21	8.02e-19	8.21e-17	3.03e-15	8.45e-14	1.85e-12	4.53e-11	8.78e-10	1.89e-08	4.94e-07	9.32e-05	1.54e-03	1.28e-02	5.12e-02	1.21e-01	1.61e-01	1.64e-01	1.58e-01	2.62e-01	6.30e-02	5.47e-03
 3.22943e+22	0.00e+00	0.00e+00	0.00e+00	2.38e-30	1.03e-26	1.41e-23	8.57e-21	1.36e-18	1.34e-16	4.77e-15	1.28e-13	2.71e-12	6.41e-11	1.20e-09	2.49e-08	6.27e-07	1.15e-04	1.83e-03	1.48e-02	5.71e-02	1.30e-01	1.68e-01	1.64e-01	1.54e-01	2.47e-01	5.75e-02	4.82e-03
 3.25041e+22	0.00e+00	0.00e+00	0.00e+00	4.43e-30	1.86e-26	2.47e-23	1.46e-20	2.23e-18	2.14e-16	7.35e-15	1.91e-13	3.89e-12	8.88e-11	1.60e-09	3.21e-08	7.81e-07	1.39e-04	2.17e-03	1.70e-02	6.32e-02	1.40e-01	1.74e-01	1.65e-01	1.49e-01	2.34e-01	5.25e-02	4.26e-03
 3.27034e+22	0.00e+00	0.00e+00	0.00e+00	7.88e-30	3.22e-26	4.16e-23	2.38e-20	3.54e-18	3.29e-16	1.10e-14	2.76e-13	5.43e-12	1.20e-10	2.10e-09	4.06e-08	9.57e-07	1.67e-04	2.52e-03	1.92e-02	6.93e-02	1.48e-01	1.79e-01	1.64e-01	1.45e-01	2.21e-01	4.81e-02	3.78e-03
 3.29302e+22	0.00e+00	0.00e+00	0.00e+00	1.65e-29	6.49e-26	8.09e-23	4.46e-20	6.38e-18	5.69e-16	1.82e-14	4.39e-13	8.30e-12	1.76e-10	2.94e-09	5.47e-08	1.23e-06	2.09e-04	3.05e-03	2.24e-02	7.77e-02	1.60e-01	1.85e-01	1.63e-01	1.38e-01	2.05e-01	4.28e-02	3.24e-03
 3.31637e+22	0.00e+00	0.00e+00	1.26e-33	3.17e-29	1.21e-25	1.46e-22	7.79e-20	1.08e-17	9.27e-16	2.85e-14	6.63e-13	1.21e-11	2.46e-10	3.96e-09	7.09e-08	1.54e-06	2.54e-04	3.60e-03	2.55e-02	8.57e-02	1.70e-01	1.90e-01	1.62e-01	1.32e-01	1.90e-01	3.84e-02	2.80e-03
 3.33686e+22	0.00e+00	0.00e+00	2.41e-33	5.87e-29	2.18e-25	2.55e-22	1.32e-19	1.76e-17	1.46e-15	4.35e-14	9.76e-13	1.71e-11	3.37e-10	5.23e-09	9.02e-08	1.89e-06	3.04e-04	4.19e-03	2.89e-02	9.37e-02	1.80e-01	1.94e-01	1.60e-01	1.26e-01	1.77e-01	3.46e-02	2.44e-03
 3.35975e+22	0.00e+00	0.00e+00	5.34e-33	1.25e-28	4.47e-25	5.04e-22	2.50e-19	3.21e-17	2.56e-15	7.30e-14	1.57e-12	2.63e-11	4.94e-10	7.34e-09	1.21e-07	2.43e-06	3.79e-04	5.04e-03	3.34e-02	1.04e-01	1.91e-01	1.98e-01	1.56e-01	1.19e-01	1.61e-01	3.02e-02	2.04e-03
 3.38257e+22	0.00e+00	0.00e+00	1.02e-32	2.31e-28	8.01e-25	8.77e-22	4.21e-19	5.24e-17	4.03e-15	1.11e-13	2.29e-12	3.72e-11	6.74e-10	9.64e-09	1.53e-07	2.97e-06	4.51e-04	5.83e-03	3.75e-02	1.13e-01	2.00e-01	2.00e-01	1.53e-01	1.12e-01	1.49e-01	2.69e-02	1.76e-03
 3.40187e+22	0.00e+00	0.00e+00	1.89e-32	4.16e-28	1.40e-24	1.49e-21	6.94e-19	8.36e-17	6.23e-15	1.65e-13	3.30e-12	5.17e-11	9.03e-10	1.25e-08	1.91e-07	3.58e-06	5.32e-04	6.69e-03	4.18e-02	1.22e-01	2.09e-01	2.02e-01	1.49e-01	1.06e-01	1.37e-01	2.41e-02	1.52e-03
 3.42353e+22	0.00e+00	0.00e+00	4.02e-32	8.52e-28	2.77e-24	2.86e-21	1.28e-18	1.48e-16	1.06e-14	2.69e-13	5.15e-12	7.72e-11	1.29e-09	1.71e-08	2.51e-07	4.49e-06	6.48e-04	7.89e-03	4.75e-02	1.33e-01	2.19e-01	2.03e-01	1.44e-01	9.86e-02	1.24e-01	2.08e-02	1.27e-03
 3.44566e+22	0.00e+00	0.00e+00	7.51e-32	1.54e-27	4.89e-24	4.89e-21	2.12e-18	2.37e-16	1.64e-14	4.03e-13	7.44e-12	1.07e-10	1.73e-09	2.21e-08	3.13e-07	5.41e-06	7.61e-04	9.02e-03	5.27e-02	1.42e-01	2.27e-01	2.03e-01	1.40e-01	9.25e-02	1.13e-01	1.84e-02	1.08e-03
 3.46840e+22	0.00e+00	0.00e+00	1.66e-31	3.29e-27	1.00e-23	9.65e-21	4.01e-18	4.31e-16	2.85e-14	6.70e-13	1.18e-11	1.63e-10	2.51e-09	3.06e-08	4.12e-07	6.81e-06	9.30e-04	1.06e-02	5.97e-02	1.55e-01	2.36e-01	2.02e-01	1.33e-01	8.47e-02	1.01e-01	1.57e-02	8.81e-04
 3.49123e+22	0.00e+00	0.00e+00	3.30e-31	6.31e-27	1.86e-23	1.73e-20	6.95e-18	7.20e-16	4.58e-14	1.03e-12	1.75e-11	2.32e-10	3.44e-09	4.02e-08	5.20e-07	8.26e-06	1.10e-03	1.22e-02	6.63e-02	1.66e-01	2.43e-01	2.01e-01	1.28e-01	7.81e-02	9.03e-02	1.35e-02	7.35e-04
 3.50989e+22	0.00e+00	0.00e+00	5.75e-31	1.07e-26	3.07e-23	2.78e-20	1.08e-17	1.09e-15	6.73e-14	1.47e-12	2.42e-11	3.10e-10	4.44e-09	5.02e-08	6.29e-07	9.66e-06	1.26e-03	1.36e-02	7.21e-02	1.75e-01	2.49e-01	1.99e-01	1.23e-01	7.29e-02	8.25e-02	1.20e-02	6.32e-04
 3.52984e+22	0.00e+00	0.00e+00	1.16e-30	2.08e-26	5.76e-23	5.05e-20	1.89e-17	1.84e-15	1.09e-13	2.29e-12	3.60e-11	4.43e-10	6.09e-09	6.61e-08	7.94e-07	1.17e-05	1.48e-03	1.56e-02	7.97e-02	1.86e-01	2.54e-01	1.96e-01	1.16e-01	6.66e-02	7.34e-02	1.03e-02	5.20e-04
 3.55093e+22	0.00e+00	0.00e+00	2.15e-30	3.74e-26	1.01e-22	8.57e-20	3.11e-17	2.92e-15	1.67e-13	3.39e-12	5.14e-11	6.10e-10	8.07e-09	8.44e-08	9.76e-07	1.39e-05	1.71e-03	1.75e-02	8.68e-02	1.96e-01	2.59e-01	1.93e-01	1.10e-01	6.12e-02	6.58e-02	8.90e-03	4.36e-04
 3.57017e+22	0.00e+00	0.00e+00	3.98e-30	6.71e-26	1.75e-22	1.45e-19	5.08e-17	4.61e-15	2.55e-13	4.98e-12	7.29e-11	8.33e-10	1.06e-08	1.07e-07	1.19e-06	1.63e-05	1.97e-03	1.96e-02	9.43e-02	2.06e-01	2.62e-01	1.89e-01	1.05e-01	5.61e-02	5.89e-02	7.70e-03	3.65e-04
 3.58887e+22	0.00e+00	0.00e+00	7.24e-30	1.19e-25	3.01e-22	2.41e-19	8.20e-17	7.20e-15	3.85e-13	7.25e-12	1.02e-10	1.13e-09	1.39e-08	1.35e-07	1.45e-06	1.91e-05	2.26e-03	2.18e-02	1.02e-01	2.15e-01	2.65e-01	1.84e-01	9.88e-02	5.14e-02	5.27e-02	6.66e-03	3.05e-04
 3.61016e+22	0.00e+00	0.00e+00	1.53e-29	2.41e-25	5.90e-22	4.55e-19	1.49e-16	1.26e-14	6.42e-13	1.16e-11	1.56e-10	1.65e-09	1.94e-08	1.80e-07	1.84e-06	2.33e-05	2.66e-03	2.49e-02	1.12e-01	2.26e-01	2.67e-01	1.78e-01	9.16e-02	4.58e-02	4.57e-02	5.53e-03	2.43e-04
 3.63180e+22	0.00e+00	0.00e+00	2.88e-29	4.39e-25	1.04e-21	7.77e-19	2.46e-16	2.00e-14	9.87e-13	1.71e-11	2.23e-10	2.26e-09	2.55e-08	2.28e-07	2.25e-06	2.73e-05	3.05e-03	2.77e-02	1.21e-01	2.36e-01	2.68e-01	1.72e-01	8.57e-02	4.14e-02	4.03e-02	4.71e-03	2.00e-04
 3.65076e+22	0.00e+00	5.35e-34	5.28e-29	7.80e-25	1.79e-21	1.30e-18	3.98e-16	3.13e-14	1.49e-12	2.50e-11	3.13e-10	3.06e-09	3.33e-08	2.86e-07	2.72e-06	3.19e-05	3.46e-03	3.06e-02	1.29e-01	2.44e-01	2.68e-01	1.67e-01	8.01e-02	3.75e-02	3.56e-02	4.03e-03	1.65e-04
 3.66935e+22	0.00e+00	1.00e-33	9.56e-29	1.37e-24	3.06e-21	2.15e-18	6.37e-16	4.86e-14	2.23e-12	3.61e-11	4.36e-10	4.11e-09	4.31e-08	3.57e-07	3.27e-06	3.69e-05	3.91e-03	3.37e-02	1.38e-01	2.52e-01	2.68e-01	1.61e-01	7.47e-02	3.38e-02	3.15e-02	3.44e-03	1.36e-04
 3.69056e+22	0.00e+00	2.18e-33	1.99e-28	2.75e-24	5.91e-21	4.01e-18	1.14e-15	8.35e-14	3.67e-12	5.68e-11	6.55e-10	5.91e-09	5.92e-08	4.68e-07	4.09e-06	4.42e-05	4.55e-03	3.78e-02	1.49e-01	2.61e-01	2.66e-01	1.53e-01	6.83e-02	2.97e-02	2.69e-02	2.82e-03	1.07e-04
 3.71239e+22	0.00e+00	4.48e-33	3.95e-28	5.25e-24	1.09e-20	7.14e-18	1.96e-15	1.38e-13	5.82e-12	8.63e-11	9.55e-10	8.25e-09	7.91e-08	6.00e-07	5.02e-06	5.20e-05	5.20e-03	4.19e-02	1.60e-01	2.69e-01	2.63e-01	1.46e-01	6.25e-02	2.62e-02	2.32e-02	2.33e-03	8.52e-05
 3.73126e+22	0.00e+00	8.31e-33	7.08e-28	9.13e-24	1.84e-20	1.17e-17	3.10e-15	2.12e-13	8.63e-12	1.24e-10	1.32e-09	1.10e-08	1.02e-07	7.43e-07	5.99e-06	5.98e-05	5.83e-03	4.57e-02	1.70e-01	2.76e-01	2.60e-01	1.39e-01	5.79e-02	2.35e-02	2.03e-02	1.98e-03	6.99e-05
 3.75202e+22	0.00e+00	1.78e-32	1.45e-27	1.80e-23	3.50e-20	2.15e-17	5.48e-15	3.59e-13	1.40e-11	1.92e-10	1.96e-09	1.56e-08	1.38e-07	9.64e-07	7.42e-06	7.09e-05	6.69e-03	5.07e-02	1.81e-01	2.83e-01	2.56e-01	1.31e-01	5.24e-02	2.05e-02	1.72e-02	1.61e-03	5.45e-05
 3.77285e+22	0.00e+00	3.32e-32	2.62e-27	3.15e-23	5.93e-20	3.53e-17	8.71e-15	5.52e-13	2.08e-11	2.75e-10	2.71e-09	2.08e-08	1.77e-07	1.19e-06	8.84e-06	8.14e-05	7.47e-03	5.51e-02	1.91e-01	2.88e-01	2.51e-01	1.24e-01	4.81e-02	1.82e-02	1.50e-02	1.35e-03	4.43e-05
 3.79082e+22	0.00e+00	6.25e-32	4.76e-27	5.55e-23	1.01e-19	5.84e-17	1.39e-14	8.54e-13	3.10e-11	3.95e-10	3.75e-09	2.77e-08	2.27e-07	1.47e-06	1.05e-05	9.31e-05	8.33e-03	5.97e-02	2.01e-01	2.93e-01	2.46e-01	1.18e-01	4.40e-02	1.62e-02	1.30e-02	1.13e-03	3.59e-05
 3.80828e+22	0.00e+00	1.11e-31	8.22e-27	9.29e-23	1.65e-19	9.24e-17	2.14e-14	1.27e-12	4.47e-11	5.50e-10	5.04e-09	3.60e-08	2.85e-07	1.79e-06	1.23e-05	1.05e-04	9.20e-03	6.42e-02	2.10e-01	2.96e-01	2.41e-01	1.12e-01	4.05e-02	1.44e-02	1.14e-02	9.61e-04	2.95e-05
 3.82469e+22	0.00e+00	1.91e-31	1.37e-26	1.51e-22	2.60e-19	1.42e-16	3.20e-14	1.84e-12	6.28e-11	7.49e-10	6.65e-09	4.60e-08	3.53e-07	2.14e-06	1.42e-05	1.18e-04	1.01e-02	6.86e-02	2.19e-01	2.99e-01	2.36e-01	1.06e-01	3.74e-02	1.30e-02	1.00e-02	8.22e-04	2.45e-05
 3.84023e+22	0.00e+00	3.35e-31	2.32e-26	2.48e-22	4.16e-19	2.21e-16	4.83e-14	2.70e-12	8.92e-11	1.03e-09	8.83e-09	5.91e-08	4.38e-07	2.56e-06	1.65e-05	1.32e-04	1.10e-02	7.33e-02	2.27e-01	3.02e-01	2.30e-01	1.00e-01	3.44e-02	1.16e-02	8.80e-03	6.98e-04	2.02e-05
 3.85423e+22	0.00e+00	5.41e-31	3.65e-26	3.81e-22	6.23e-19	3.23e-16	6.88e-14	3.75e-12	1.20e-10	1.35e-09	1.13e-08	7.33e-08	5.27e-07	3.00e-06	1.87e-05	1.46e-04	1.19e-02	7.75e-02	2.35e-01	3.03e-01	2.25e-01	9.57e-02	3.19e-02	1.05e-02	7.85e-03	6.06e-04	1.70e-05
 3.86664e+22	0.00e+00	8.09e-31	5.34e-26	5.45e-22	8.74e-19	4.44e-16	9.27e-14	4.95e-12	1.55e-10	1.70e-09	1.38e-08	8.78e-08	6.16e-07	3.42e-06	2.08e-05	1.59e-04	1.27e-02	8.12e-02	2.41e-01	3.05e-01	2.21e-01	9.18e-02	3.00e-02	9.64e-03	7.12e-03	5.38e-04	1.48e-05
 3.88071e+22	0.00e+00	1.40e-30	8.94e-26	8.87e-22	1.38e-18	6.84e-16	1.39e-13	7.18e-12	2.18e-10	2.31e-09	1.82e-08	1.12e-07	7.61e-07	4.08e-06	2.41e-05	1.77e-04	1.38e-02	8.63e-02	2.50e-01	3.06e-01	2.15e-01	8.65e-02	2.74e-02	8.59e-03	6.23e-03	4.56e-04	1.22e-05
 3.89543e+22	0.00e+00	2.27e-30	1.41e-25	1.36e-21	2.07e-18	1.00e-15	1.98e-13	9.99e-12	2.95e-10	3.04e-09	2.33e-08	1.39e-07	9.16e-07	4.77e-06	2.73e-05	1.95e-04	1.49e-02	9.10e-02	2.57e-01	3.06e-01	2.09e-01	8.21e-02	2.54e-02	7.75e-03	5.53e-03	3.94e-04	1.02e-05
 3.90818e+22	0.00e+00	3.52e-30	2.14e-25	2.02e-21	3.00e-18	1.42e-15	2.73e-13	1.35e-11	3.87e-10	3.89e-09	2.90e-08	1.69e-07	1.08e-06	5.49e-06	3.06e-05	2.13e-04	1.59e-02	9.53e-02	2.64e-01	3.07e-01	2.04e-01	7.81e-02	2.36e-02	7.04e-03	4.95e-03	3.44e-04	8.71e-06
 3.92009e+22	0.00e+00	5.47e-30	3.24e-25	2.99e-21	4.34e-18	2.00e-15	3.78e-13	1.82e-11	5.09e-10	4.99e-09	3.62e-08	2.05e-07	1.28e-06	6.32e-06	3.42e-05	2.32e-04	1.70e-02	9.98e-02	2.70e-01	3.07e-01	1.99e-01	7.42e-02	2.19e-02	6.39e-03	4.43e-03	3.00e-04	7.42e-06
 3.93190e+22	0.00e+00	8.27e-30	4.78e-25	4.32e-21	6.13e-18	2.78e-15	5.12e-13	2.41e-11	6.58e-10	6.29e-09	4.45e-08	2.46e-07	1.50e-06	7.21e-06	3.80e-05	2.51e-04	1.81e-02	1.04e-01	2.76e-01	3.06e-01	1.94e-01	7.07e-02	2.04e-02	5.83e-03	3.99e-03	2.64e-04	6.37e-06
 3.94351e+22	0.00e+00	1.25e-29	7.03e-25	6.21e-21	8.63e-18	3.83e-15	6.91e-13	3.18e-11	8.48e-10	7.91e-09	5.47e-08	2.95e-07	1.75e-06	8.21e-06	4.22e-05	2.72e-04	1.92e-02	1.09e-01	2.82e-01	3.06e-01	1.89e-01	6.73e-02	1.90e-02	5.32e-03	3.59e-03	2.32e-04	5.47e-06
 3.95489e+22	0.00e+00	1.89e-29	1.04e-24	8.98e-21	1.22e-17	5.30e-15	9.35e-13	4.21e-11	1.10e-09	9.98e-09	6.72e-08	3.53e-07	2.05e-06	9.36e-06	4.68e-05	2.95e-04	2.04e-02	1.13e-01	2.88e-01	3.05e-01	1.84e-01	6.39e-02	1.77e-02	4.84e-03	3.22e-03	2.04e-04	4.69e-06
 3.96612e+22	0.00e+00	2.84e-29	1.53e-24	1.29e-20	1.72e-17	7.30e-15	1.26e-12	5.55e-11	1.41e-09	1.25e-08	8.24e-08	4.23e-07	2.39e-06	1.06e-05	5.19e-05	3.18e-04	2.16e-02	1.18e-01	2.94e-01	3.03e-01	1.78e-01	6.07e-02	1.64e-02	4.41e-03	2.90e-03	1.79e-04	4.02e-06
 3.97894e+22	0.00e+00	4.73e-29	2.47e-24	2.03e-20	2.62e-17	1.09e-14	1.83e-12	7.82e-11	1.93e-09	1.66e-08	1.06e-07	5.28e-07	2.89e-06	1.25e-05	5.90e-05	3.51e-04	2.33e-02	1.23e-01	3.01e-01	3.02e-01	1.72e-01	5.69e-02	1.50e-02	3.92e-03	2.53e-03	1.52e-04	3.32e-06
 3.99192e+22	0.00e+00	7.44e-29	3.78e-24	3.03e-20	3.82e-17	1.55e-14	2.54e-12	1.06e-10	2.55e-09	2.14e-08	1.33e-07	6.43e-07	3.42e-06	1.44e-05	6.60e-05	3.81e-04	2.47e-02	1.29e-01	3.07e-01	3.00e-01	1.66e-01	5.37e-02	1.38e-02	3.53e-03	2.24e-03	1.31e-04	2.79e-06
 4.00292e+22	0.00e+00	1.11e-28	5.49e-24	4.30e-20	5.31e-17	2.11e-14	3.39e-12	1.39e-10	3.25e-09	2.67e-08	1.62e-07	7.64e-07	3.96e-06	1.63e-05	7.28e-05	4.11e-04	2.61e-02	1.33e-01	3.12e-01	2.98e-01	1.61e-01	5.09e-02	1.28e-02	3.21e-03	2.02e-03	1.15e-04	2.40e-06
 4.01312e+22	0.00e+00	1.62e-28	7.83e-24	6.01e-20	7.27e-17	2.83e-14	4.46e-12	1.79e-10	4.10e-09	3.29e-08	1.95e-07	9.00e-07	4.56e-06	1.83e-05	7.99e-05	4.40e-04	2.75e-02	1.38e-01	3.16e-01	2.96e-01	1.57e-01	4.84e-02	1.19e-02	2.93e-03	1.82e-03	1.02e-04	2.07e-06
 4.02298e+22	0.00e+00	2.35e-28	1.11e-23	8.38e-20	9.92e-17	3.79e-14	5.86e-12	2.30e-10	5.15e-09	4.05e-08	2.34e-07	1.06e-06	5.24e-06	2.05e-05	8.75e-05	4.71e-04	2.89e-02	1.42e-01	3.21e-01	2.94e-01	1.52e-01	4.60e-02	1.11e-02	2.68e-03	1.64e-03	8.99e-05	1.79e-06
 4.03430e+22	0.00e+00	3.75e-28	1.73e-23	1.26e-19	1.46e-16	5.45e-14	8.21e-12	3.14e-10	6.85e-09	5.24e-08	2.95e-07	1.29e-06	6.23e-06	2.37e-05	9.81e-05	5.13e-04	3.07e-02	1.48e-01	3.26e-01	2.91e-01	1.46e-01	4.31e-02	1.02e-02	2.39e-03	1.45e-03	7.69e-05	1.49e-06
 4.04583e+22	0.00e+00	5.69e-28	2.56e-23	1.83e-19	2.06e-16	7.53e-14	1.11e-11	4.15e-10	8.83e-09	6.59e-08	3.62e-07	1.55e-06	7.27e-06	2.69e-05	1.08e-04	5.53e-04	3.24e-02	1.53e-01	3.31e-01	2.88e-01	1.41e-01	4.06e-02	9.38e-03	2.16e-03	1.29e-03	6.69e-05	1.27e-06
 4.05569e+22	0.00e+00	8.24e-28	3.62e-23	2.53e-19	2.79e-16	1.00e-13	1.45e-11	5.32e-10	1.11e-08	8.07e-08	4.34e-07	1.82e-06	8.33e-06	3.01e-05	1.19e-04	5.91e-04	3.40e-02	1.58e-01	3.35e-01	2.85e-01	1.37e-01	3.85e-02	8.73e-03	1.97e-03	1.16e-03	5.91e-05	1.10e-06
 4.06657e+22	0.00e+00	1.32e-27	5.62e-23	3.83e-19	4.12e-16	1.44e-13	2.03e-11	7.28e-10	1.47e-08	1.05e-07	5.46e-07	2.22e-06	9.90e-06	3.48e-05	1.33e-04	6.43e-04	3.61e-02	1.64e-01	3.40e-01	2.81e-01	1.31e-01	3.60e-02	7.95e-03	1.75e-03	1.02e-03	5.03e-05	9.09e-07
 4.07776e+22	2.91e-34	2.00e-27	8.29e-23	5.52e-19	5.79e-16	1.98e-13	2.74e-11	9.59e-10	1.89e-08	1.31e-07	6.69e-07	2.66e-06	1.15e-05	3.94e-05	1.47e-04	6.92e-04	3.80e-02	1.69e-01	3.44e-01	2.78e-01	1.26e-01	3.38e-02	7.32e-03	1.58e-03	9.05e-04	4.37e-05	7.70e-07
 4.08764e+22	4.39e-34	2.94e-27	1.19e-22	7.75e-19	7.95e-16	2.67e-13	3.61e-11	1.24e-09	2.39e-08	1.62e-07	8.08e-07	3.13e-06	1.33e-05	4.43e-05	1.61e-04	7.40e-04	3.98e-02	1.74e-01	3.48e-01	2.75e-01	1.21e-01	3.19e-02	6.77e-03	1.43e-03	8.11e-04	3.82e-05	6.58e-07
 4.09877e+22	1.90e-36	4.88e-27	1.92e-22	1.21e-18	1.20e-15	3.94e-13	5.19e-11	1.74e-09	3.25e-08	2.14e-07	1.04e-06	3.89e-06	1.60e-05	5.17e-05	1.81e-04	8.09e-04	4.23e-02	1.81e-01	3.52e-01	2.70e-01	1.16e-01	2.95e-02	6.10e-03	1.26e-03	7.00e-04	3.20e-05	5.36e-07
 4.11002e+22	0.00e+00	7.34e-27	2.81e-22	1.73e-18	1.68e-15	5.38e-13	6.95e-11	2.28e-09	4.16e-08	2.68e-07	1.26e-06	4.63e-06	1.85e-05	5.84e-05	2.00e-04	8.68e-04	4.44e-02	1.86e-01	3.56e-01	2.66e-01	1.11e-01	2.77e-02	5.60e-03	1.13e-03	6.22e-04	2.78e-05	4.53e-07
 4.11961e+22	0.00e+00	1.06e-26	3.96e-22	2.39e-18	2.27e-15	7.14e-13	9.04e-11	2.91e-09	5.19e-08	3.28e-07	1.51e-06	5.43e-06	2.12e-05	6.53e-05	2.18e-04	9.26e-04	4.64e-02	1.91e-01	3.59e-01	2.62e-01	1.07e-01	2.61e-02	5.19e-03	1.03e-03	5.58e-04	2.44e-05	3.89e-07
 4.13026e+22	0.00e+00	1.79e-26	6.47e-22	3.77e-18	3.48e-15	1.07e-12	1.31e-10	4.11e-09	7.13e-08	4.37e-07	1.95e-06	6.79e-06	2.57e-05	7.64e-05	2.46e-04	1.01e-03	4.93e-02	1.98e-01	3.63e-01	2.57e-01	1.01e-01	2.40e-02	4.64e-03	8.95e-04	4.78e-04	2.02e-05	3.13e-07
 4.14072e+22	0.00e+00	2.56e-26	9.01e-22	5.14e-18	4.64e-15	1.40e-12	1.69e-10	5.20e-09	8.82e-08	5.30e-07	2.32e-06	7.90e-06	2.92e-05	8.51e-05	2.68e-04	1.08e-03	5.14e-02	2.03e-01	3.65e-01	2.53e-01	9.76e-02	2.27e-02	4.30e-03	8.14e-04	4.30e-04	1.78e-05	2.69e-07
 4.15093e+22	0.00e+00	4.23e-26	1.44e-21	7.97e-18	6.96e-15	2.04e-12	2.42e-10	7.25e-09	1.19e-07	6.97e-07	2.96e-06	9.79e-06	3.51e-05	9.89e-05	3.01e-04	1.17e-03	5.43e-02	2.10e-01	3.68e-01	2.48e-01	9.24e-02	2.09e-02	3.85e-03	7.11e-04	3.69e-04	1.48e-05	2.18e-07
 4.16095e+22	0.00e+00	5.93e-26	1.98e-21	1.07e-17	9.16e-15	2.64e-12	3.07e-10	9.07e-09	1.46e-07	8.39e-07	3.50e-06	1.13e-05	3.97e-05	1.10e-04	3.26e-04	1.24e-03	5.65e-02	2.15e-01	3.70e-01	2.44e-01	8.89e-02	1.97e-02	3.57e-03	6.48e-04	3.33e-04	1.31e-05	1.88e-07
 4.17074e+22	0.00e+00	9.75e-26	3.14e-21	1.65e-17	1.37e-14	3.84e-12	4.37e-10	1.26e-08	1.98e-07	1.10e-06	4.46e-06	1.40e-05	4.76e-05	1.27e-04	3.66e-04	1.35e-03	5.96e-02	2.21e-01	3.73e-01	2.38e-01	8.40e-02	1.81e-02	3.20e-03	5.65e-04	2.85e-04	1.09e-05	1.52e-07
 4.18048e+22	0.00e+00	1.38e-25	4.33e-21	2.22e-17	1.80e-14	4.99e-12	5.58e-10	1.58e-08	2.43e-07	1.33e-06	5.28e-06	1.62e-05	5.39e-05	1.41e-04	3.97e-04	1.43e-03	6.20e-02	2.26e-01	3.74e-01	2.34e-01	8.07e-02	1.70e-02	2.96e-03	5.13e-04	2.56e-04	9.55e-06	1.31e-07
 4.19017e+22	0.00e+00	2.25e-25	6.84e-21	3.40e-17	2.68e-14	7.21e-12	7.89e-10	2.19e-08	3.27e-07	1.74e-06	6.72e-06	2.01e-05	6.46e-05	1.64e-04	4.46e-04	1.56e-03	6.53e-02	2.33e-01	3.76e-01	2.28e-01	7.61e-02	1.56e-02	2.64e-03	4.46e-04	2.19e-04	7.92e-06	0.00e+00
 4.19993e+22	0.00e+00	3.22e-25	9.55e-21	4.64e-17	3.57e-14	9.45e-12	1.02e-09	2.77e-08	4.06e-07	2.12e-06	8.01e-06	2.34e-05	7.37e-05	1.82e-04	4.85e-04	1.66e-03	6.79e-02	2.38e-01	3.78e-01	2.24e-01	7.28e-02	1.46e-02	2.43e-03	4.03e-04	1.96e-04	6.90e-06	0.00e+00
 4.20980e+22	3.07e-34	5.32e-25	1.52e-20	7.14e-17	5.32e-14	1.37e-11	1.45e-09	3.86e-08	5.50e-07	2.80e-06	1.03e-05	2.91e-05	8.86e-05	2.12e-04	5.45e-04	1.80e-03	7.16e-02	2.45e-01	3.79e-01	2.18e-01	6.83e-02	1.33e-02	2.16e-03	3.48e-04	1.66e-04	5.68e-06	0.00e+00
 4.21975e+22	4.57e-34	7.68e-25	2.14e-20	9.79e-17	7.12e-14	1.81e-11	1.87e-09	4.92e-08	6.87e-07	3.43e-06	1.23e-05	3.41e-05	1.01e-04	2.37e-04	5.94e-04	1.92e-03	7.45e-02	2.50e-01	3.80e-01	2.13e-01	6.52e-02	1.25e-02	1.97e-03	3.13e-04	1.47e-04	4.91e-06	0.00e+00
 4.22981e+22	7.80e-34	1.25e-24	3.37e-20	1.49e-16	1.05e-13	2.61e-11	2.65e-09	6.81e-08	9.25e-07	4.50e-06	1.57e-05	4.22e-05	1.22e-04	2.76e-04	6.67e-04	2.09e-03	7.84e-02	2.56e-01	3.81e-01	2.07e-01	6.11e-02	1.13e-02	1.75e-03	2.70e-04	1.25e-04	4.04e-06	0.00e+00
 4.23978e+22	1.16e-33	1.81e-24	4.73e-20	2.04e-16	1.40e-13	3.42e-11	3.42e-09	8.68e-08	1.16e-06	5.52e-06	1.88e-05	4.95e-05	1.39e-04	3.08e-04	7.28e-04	2.22e-03	8.14e-02	2.61e-01	3.81e-01	2.02e-01	5.81e-02	1.06e-02	1.60e-03	2.42e-04	1.11e-04	3.48e-06	0.00e+00
 4.24963e+22	1.95e-33	2.92e-24	7.36e-20	3.08e-16	2.05e-13	4.88e-11	4.79e-09	1.19e-07	1.55e-06	7.21e-06	2.39e-05	6.12e-05	1.67e-04	3.57e-04	8.16e-04	2.41e-03	8.56e-02	2.68e-01	3.81e-01	1.95e-01	5.43e-02	9.59e-03	1.42e-03	2.08e-04	9.38e-05	2.85e-06	0.00e+00
 4.25963e+22	2.95e-33	4.25e-24	1.04e-19	4.24e-16	2.75e-13	6.44e-11	6.24e-09	1.53e-07	1.95e-06	8.91e-06	2.89e-05	7.22e-05	1.92e-04	4.01e-04	8.92e-04	2.57e-03	8.90e-02	2.73e-01	3.81e-01	1.90e-01	5.15e-02	8.88e-03	1.28e-03	1.85e-04	8.22e-05	2.44e-06	0.00e+00
 4.26984e+22	5.01e-33	6.91e-24	1.63e-19	6.42e-16	4.03e-13	9.23e-11	8.79e-09	2.12e-07	2.63e-06	1.17e-05	3.70e-05	8.98e-05	2.31e-04	4.67e-04	1.00e-03	2.80e-03	9.35e-02	2.80e-01	3.81e-01	1.84e-01	4.79e-02	8.02e-03	1.13e-03	1.58e-04	6.91e-05	1.98e-06	0.00e+00
 4.28016e+22	7.58e-33	1.01e-23	2.31e-19	8.84e-16	5.42e-13	1.22e-10	1.15e-08	2.74e-07	3.32e-06	1.45e-05	4.48e-05	1.06e-04	2.67e-04	5.26e-04	1.10e-03	2.99e-03	9.73e-02	2.85e-01	3.80e-01	1.79e-01	4.52e-02	7.39e-03	1.02e-03	1.40e-04	6.02e-05	1.68e-06	0.00e+00
 4.29062e+22	1.29e-32	1.64e-23	3.62e-19	1.34e-15	7.92e-13	1.74e-10	1.62e-08	3.80e-07	4.50e-06	1.92e-05	5.76e-05	1.33e-04	3.22e-04	6.13e-04	1.24e-03	3.26e-03	1.02e-01	2.92e-01	3.79e-01	1.72e-01	4.18e-02	6.64e-03	8.91e-04	1.19e-04	5.02e-05	1.35e-06	0.00e+00
 4.30114e+22	1.94e-32	2.37e-23	5.07e-19	1.82e-15	1.05e-12	2.28e-10	2.10e-08	4.88e-07	5.67e-06	2.38e-05	6.97e-05	1.57e-04	3.71e-04	6.90e-04	1.36e-03	3.48e-03	1.06e-01	2.97e-01	3.78e-01	1.67e-01	3.94e-02	6.10e-03	8.03e-04	1.05e-04	4.36e-05	1.14e-06	0.00e+00
 4.31022e+22	2.87e-32	3.38e-23	7.03e-19	2.46e-15	1.39e-12	2.97e-10	2.70e-08	6.22e-07	7.10e-06	2.93e-05	8.40e-05	1.85e-04	4.27e-04	7.74e-04	1.48e-03	3.71e-03	1.10e-01	3.01e-01	3.77e-01	1.62e-01	3.71e-02	5.62e-03	7.24e-04	9.28e-05	3.80e-05	9.66e-07	0.00e+00
 4.32052e+22	4.71e-32	5.30e-23	1.06e-18	3.59e-15	1.97e-12	4.12e-10	3.71e-08	8.46e-07	9.44e-06	3.81e-05	1.06e-04	2.28e-04	5.10e-04	8.96e-04	1.66e-03	4.03e-03	1.15e-01	3.07e-01	3.74e-01	1.55e-01	3.43e-02	5.04e-03	6.34e-04	7.91e-05	3.18e-05	7.80e-07	0.00e+00
 4.33089e+22	6.90e-32	7.49e-23	1.46e-18	4.80e-15	2.57e-12	5.31e-10	4.74e-08	1.07e-06	1.18e-05	4.67e-05	1.28e-04	2.68e-04	5.85e-04	1.00e-03	1.81e-03	4.29e-03	1.20e-01	3.12e-01	3.72e-01	1.50e-01	3.22e-02	4.63e-03	5.70e-04	6.97e-05	2.76e-05	6.59e-07	0.00e+00
 4.34137e+22	1.13e-31	1.16e-22	2.18e-18	6.95e-15	3.61e-12	7.33e-10	6.49e-08	1.46e-06	1.57e-05	6.09e-05	1.62e-04	3.30e-04	6.99e-04	1.16e-03	2.03e-03	4.66e-03	1.25e-01	3.18e-01	3.70e-01	1.44e-01	2.97e-02	4.14e-03	4.97e-04	5.91e-05	2.30e-05	5.29e-07	0.00e+00
 4.35186e+22	1.61e-31	1.61e-22	2.93e-18	9.10e-15	4.62e-12	9.28e-10	8.18e-08	1.83e-06	1.93e-05	7.38e-05	1.93e-04	3.85e-04	7.96e-04	1.29e-03	2.21e-03	4.96e-03	1.30e-01	3.22e-01	3.67e-01	1.39e-01	2.79e-02	3.81e-03	4.48e-04	5.23e-05	2.01e-05	4.49e-07	0.00e+00
 4.36238e+22	2.58e-31	2.44e-22	4.29e-18	1.29e-14	6.38e-12	1.26e-09	1.11e-07	2.46e-06	2.54e-05	9.55e-05	2.43e-04	4.72e-04	9.47e-04	1.49e-03	2.46e-03	5.38e-03	1.36e-01	3.27e-01	3.63e-01	1.33e-01	2.57e-02	3.40e-03	3.90e-04	4.44e-05	1.67e-05	3.60e-07	0.00e+00
 4.37310e+22	3.67e-31	3.36e-22	5.73e-18	1.68e-14	8.14e-12	1.59e-09	1.39e-07	3.08e-06	3.14e-05	1.16e-04	2.90e-04	5.50e-04	1.08e-03	1.66e-03	2.68e-03	5.72e-03	1.40e-01	3.31e-01	3.60e-01	1.28e-01	2.41e-02	3.12e-03	3.51e-04	3.91e-05	1.45e-05	3.05e-07	0.00e+00
 4.38406e+22	5.78e-31	5.03e-22	8.28e-18	2.36e-14	1.11e-11	2.14e-09	1.87e-07	4.11e-06	4.10e-05	1.49e-04	3.63e-04	6.71e-04	1.28e-03	1.91e-03	2.98e-03	6.19e-03	1.47e-01	3.36e-01	3.56e-01	1.22e-01	2.21e-02	2.78e-03	3.05e-04	3.32e-05	1.21e-05	2.45e-07	0.00e+00
 4.39540e+22	8.34e-31	6.96e-22	1.11e-17	3.09e-14	1.42e-11	2.72e-09	2.37e-07	5.20e-06	5.11e-05	1.82e-04	4.36e-04	7.88e-04	1.46e-03	2.14e-03	3.26e-03	6.60e-03	1.52e-01	3.40e-01	3.52e-01	1.17e-01	2.06e-02	2.52e-03	2.72e-04	2.90e-05	1.04e-05	2.04e-07	0.00e+00
 4.40719e+22	1.32e-30	1.05e-21	1.61e-17	4.34e-14	1.95e-11	3.67e-09	3.19e-07	6.99e-06	6.74e-05	2.36e-04	5.50e-04	9.67e-04	1.74e-03	2.46e-03	3.64e-03	7.17e-03	1.59e-01	3.45e-01	3.47e-01	1.11e-01	1.87e-02	2.23e-03	2.34e-04	2.43e-05	8.53e-06	1.62e-07	0.00e+00
 4.41914e+22	1.88e-30	1.43e-21	2.15e-17	5.63e-14	2.48e-11	4.63e-09	4.02e-07	8.79e-06	8.35e-05	2.88e-04	6.58e-04	1.13e-03	1.99e-03	2.75e-03	3.96e-03	7.64e-03	1.65e-01	3.48e-01	3.42e-01	1.07e-01	1.74e-02	2.02e-03	2.08e-04	2.12e-05	7.32e-06	1.35e-07	0.00e+00
 4.43130e+22	2.95e-30	2.13e-21	3.07e-17	7.81e-14	3.35e-11	6.20e-09	5.39e-07	1.18e-05	1.10e-04	3.71e-04	8.26e-04	1.38e-03	2.36e-03	3.16e-03	4.42e-03	8.29e-03	1.72e-01	3.52e-01	3.36e-01	1.01e-01	1.58e-02	1.78e-03	1.79e-04	1.78e-05	6.00e-06	0.00e+00	0.00e+00
 4.44354e+22	4.14e-30	2.87e-21	4.04e-17	1.00e-13	4.21e-11	7.73e-09	6.73e-07	1.47e-05	1.35e-04	4.50e-04	9.82e-04	1.61e-03	2.68e-03	3.52e-03	4.80e-03	8.81e-03	1.78e-01	3.55e-01	3.31e-01	9.65e-02	1.47e-02	1.62e-03	1.59e-04	1.55e-05	5.16e-06	0.00e+00	0.00e+00
 4.45588e+22	6.35e-30	4.17e-21	5.68e-17	1.37e-13	5.62e-11	1.02e-08	8.92e-07	1.95e-05	1.75e-04	5.75e-04	1.22e-03	1.95e-03	3.15e-03	4.02e-03	5.33e-03	9.53e-03	1.85e-01	3.59e-01	3.24e-01	9.11e-02	1.33e-02	1.43e-03	1.37e-04	1.30e-05	4.24e-06	0.00e+00	0.00e+00
