#depth	N	N+	N+2	N+3	N+4	N+5	N+6	N+7
 4.62852e+21	0.00e+00	0.00e+00	2.17e-23	4.21e-18	2.90e-13	4.62e-08	4.35e-04	1.00e+00
 1.05385e+22	0.00e+00	9.75e-29	1.30e-22	1.80e-17	8.80e-13	9.55e-08	6.21e-04	9.99e-01
 1.26906e+22	0.00e+00	4.11e-28	4.35e-22	4.80e-17	1.87e-12	1.56e-07	7.89e-04	9.99e-01
 1.42577e+22	0.00e+00	1.29e-27	1.14e-21	1.05e-16	3.40e-12	2.30e-07	9.54e-04	9.99e-01
 1.51283e+22	0.00e+00	1.73e-27	1.45e-21	1.28e-16	3.95e-12	2.54e-07	1.00e-03	9.99e-01
 1.54703e+22	0.00e+00	2.27e-27	1.83e-21	1.54e-16	4.57e-12	2.79e-07	1.05e-03	9.99e-01
 1.57865e+22	0.00e+00	2.87e-27	2.23e-21	1.82e-16	5.20e-12	3.03e-07	1.09e-03	9.99e-01
 1.61276e+22	0.00e+00	3.92e-27	2.90e-21	2.25e-16	6.10e-12	3.37e-07	1.15e-03	9.99e-01
 1.64684e+22	0.00e+00	5.05e-27	3.58e-21	2.67e-16	6.96e-12	3.68e-07	1.20e-03	9.99e-01
 1.67614e+22	0.00e+00	6.38e-27	4.36e-21	3.14e-16	7.90e-12	3.99e-07	1.25e-03	9.99e-01
 1.70947e+22	0.00e+00	8.50e-27	5.56e-21	3.83e-16	9.21e-12	4.40e-07	1.31e-03	9.99e-01
 1.74404e+22	0.00e+00	1.11e-26	6.94e-21	4.59e-16	1.06e-11	4.82e-07	1.37e-03	9.99e-01
 1.77397e+22	0.00e+00	1.40e-26	8.48e-21	5.42e-16	1.20e-11	5.24e-07	1.42e-03	9.99e-01
 1.80662e+22	0.00e+00	1.86e-26	1.08e-20	6.58e-16	1.40e-11	5.78e-07	1.49e-03	9.99e-01
 1.84119e+22	0.00e+00	2.44e-26	1.35e-20	7.91e-16	1.61e-11	6.34e-07	1.56e-03	9.98e-01
 1.87217e+22	0.00e+00	3.13e-26	1.66e-20	9.39e-16	1.84e-11	6.91e-07	1.62e-03	9.98e-01
 1.89963e+22	1.91e-33	3.88e-26	1.99e-20	1.09e-15	2.06e-11	7.44e-07	1.68e-03	9.98e-01
 1.92470e+22	2.41e-33	4.74e-26	2.36e-20	1.25e-15	2.29e-11	7.97e-07	1.74e-03	9.98e-01
 1.95340e+22	3.18e-33	6.02e-26	2.89e-20	1.48e-15	2.61e-11	8.67e-07	1.81e-03	9.98e-01
 1.98445e+22	4.21e-33	7.68e-26	3.54e-20	1.74e-15	2.96e-11	9.42e-07	1.89e-03	9.98e-01
 2.01262e+22	5.47e-33	9.62e-26	4.28e-20	2.03e-15	3.33e-11	1.02e-06	1.96e-03	9.98e-01
 2.03926e+22	7.06e-33	1.20e-25	5.15e-20	2.36e-15	3.74e-11	1.10e-06	2.03e-03	9.98e-01
 2.06557e+22	9.00e-33	1.48e-25	6.14e-20	2.73e-15	4.19e-11	1.18e-06	2.11e-03	9.98e-01
 2.09549e+22	1.21e-32	1.90e-25	7.61e-20	3.25e-15	4.80e-11	1.29e-06	2.20e-03	9.98e-01
 2.12685e+22	1.60e-32	2.43e-25	9.33e-20	3.84e-15	5.45e-11	1.40e-06	2.29e-03	9.98e-01
 2.15413e+22	2.07e-32	3.02e-25	1.12e-19	4.46e-15	6.12e-11	1.51e-06	2.38e-03	9.98e-01
 2.17824e+22	2.58e-32	3.66e-25	1.32e-19	5.09e-15	6.77e-11	1.62e-06	2.45e-03	9.98e-01
 2.20416e+22	3.32e-32	4.55e-25	1.58e-19	5.92e-15	7.62e-11	1.75e-06	2.54e-03	9.97e-01
 2.23215e+22	4.27e-32	5.65e-25	1.90e-19	6.87e-15	8.54e-11	1.88e-06	2.64e-03	9.97e-01
 2.25759e+22	5.39e-32	6.90e-25	2.25e-19	7.88e-15	9.49e-11	2.02e-06	2.73e-03	9.97e-01
 2.28543e+22	7.10e-32	8.75e-25	2.75e-19	9.29e-15	1.08e-10	2.19e-06	2.84e-03	9.97e-01
 2.31452e+22	9.23e-32	1.10e-24	3.32e-19	1.08e-14	1.21e-10	2.37e-06	2.95e-03	9.97e-01
 2.33908e+22	1.16e-31	1.33e-24	3.90e-19	1.24e-14	1.34e-10	2.54e-06	3.05e-03	9.97e-01
 2.36488e+22	1.49e-31	1.66e-24	4.70e-19	1.44e-14	1.51e-10	2.74e-06	3.17e-03	9.97e-01
 2.39246e+22	1.91e-31	2.05e-24	5.62e-19	1.66e-14	1.69e-10	2.95e-06	3.28e-03	9.97e-01
 2.41749e+22	2.40e-31	2.49e-24	6.63e-19	1.90e-14	1.88e-10	3.16e-06	3.39e-03	9.97e-01
 2.44512e+22	3.15e-31	3.15e-24	8.08e-19	2.24e-14	2.13e-10	3.44e-06	3.53e-03	9.96e-01
 2.47412e+22	4.09e-31	3.95e-24	9.75e-19	2.61e-14	2.40e-10	3.71e-06	3.67e-03	9.96e-01
 2.49837e+22	5.10e-31	4.77e-24	1.14e-18	2.97e-14	2.65e-10	3.97e-06	3.79e-03	9.96e-01
 2.52004e+22	6.19e-31	5.64e-24	1.32e-18	3.33e-14	2.90e-10	4.21e-06	3.90e-03	9.96e-01
 2.54487e+22	7.90e-31	6.95e-24	1.57e-18	3.85e-14	3.24e-10	4.53e-06	4.04e-03	9.96e-01
 2.57179e+22	1.01e-30	8.58e-24	1.87e-18	4.44e-14	3.62e-10	4.88e-06	4.19e-03	9.96e-01
 2.59664e+22	1.27e-30	1.05e-23	2.21e-18	5.09e-14	4.01e-10	5.23e-06	4.33e-03	9.96e-01
 2.62416e+22	1.67e-30	1.32e-23	2.69e-18	5.98e-14	4.55e-10	5.68e-06	4.51e-03	9.95e-01
 2.65160e+22	2.13e-30	1.63e-23	3.20e-18	6.88e-14	5.07e-10	6.11e-06	4.68e-03	9.95e-01
 2.67394e+22	2.62e-30	1.94e-23	3.71e-18	7.77e-14	5.56e-10	6.50e-06	4.82e-03	9.95e-01
 2.69797e+22	3.32e-30	2.38e-23	4.41e-18	8.93e-14	6.20e-10	6.99e-06	4.99e-03	9.95e-01
 2.72424e+22	4.23e-30	2.93e-23	5.24e-18	1.03e-13	6.90e-10	7.51e-06	5.18e-03	9.95e-01
 2.74868e+22	5.28e-30	3.54e-23	6.14e-18	1.17e-13	7.62e-10	8.03e-06	5.35e-03	9.95e-01
 2.77570e+22	6.91e-30	4.46e-23	7.44e-18	1.37e-13	8.60e-10	8.71e-06	5.57e-03	9.94e-01
 2.80279e+22	8.85e-30	5.51e-23	8.86e-18	1.57e-13	9.55e-10	9.37e-06	5.78e-03	9.94e-01
 2.82477e+22	1.08e-29	6.51e-23	1.02e-17	1.77e-13	1.04e-09	9.95e-06	5.95e-03	9.94e-01
 2.84814e+22	1.37e-29	7.98e-23	1.21e-17	2.02e-13	1.16e-09	1.07e-05	6.16e-03	9.94e-01
 2.87356e+22	1.72e-29	9.71e-23	1.42e-17	2.31e-13	1.28e-09	1.14e-05	6.38e-03	9.94e-01
 2.89771e+22	2.17e-29	1.18e-22	1.67e-17	2.63e-13	1.42e-09	1.23e-05	6.61e-03	9.93e-01
 2.92143e+22	2.71e-29	1.43e-22	1.96e-17	3.00e-13	1.56e-09	1.31e-05	6.83e-03	9.93e-01
 2.94420e+22	3.37e-29	1.72e-22	2.29e-17	3.39e-13	1.71e-09	1.40e-05	7.06e-03	9.93e-01
 2.96590e+22	4.14e-29	2.05e-22	2.65e-17	3.81e-13	1.87e-09	1.49e-05	7.28e-03	9.93e-01
 2.99056e+22	5.35e-29	2.55e-22	3.16e-17	4.39e-13	2.08e-09	1.60e-05	7.57e-03	9.92e-01
 3.01633e+22	6.82e-29	3.13e-22	3.75e-17	5.03e-13	2.30e-09	1.72e-05	7.85e-03	9.92e-01
 3.03896e+22	8.49e-29	3.77e-22	4.37e-17	5.69e-13	2.52e-09	1.83e-05	8.12e-03	9.92e-01
 3.06379e+22	1.10e-28	4.69e-22	5.24e-17	6.57e-13	2.81e-09	1.98e-05	8.44e-03	9.92e-01
 3.09011e+22	1.43e-28	5.84e-22	6.27e-17	7.57e-13	3.12e-09	2.13e-05	8.79e-03	9.91e-01
 3.11235e+22	1.74e-28	6.92e-22	7.21e-17	8.46e-13	3.39e-09	2.26e-05	9.06e-03	9.91e-01
 3.13524e+22	2.25e-28	8.57e-22	8.59e-17	9.72e-13	3.75e-09	2.43e-05	9.42e-03	9.91e-01
 3.15909e+22	2.83e-28	1.04e-21	1.00e-16	1.10e-12	4.09e-09	2.60e-05	9.75e-03	9.90e-01
 3.18055e+22	3.51e-28	1.24e-21	1.16e-16	1.23e-12	4.45e-09	2.76e-05	1.01e-02	9.90e-01
 3.20482e+22	4.64e-28	1.57e-21	1.41e-16	1.43e-12	4.95e-09	2.99e-05	1.05e-02	9.89e-01
 3.22943e+22	5.83e-28	1.91e-21	1.65e-16	1.62e-12	5.42e-09	3.19e-05	1.09e-02	9.89e-01
 3.25041e+22	7.26e-28	2.29e-21	1.91e-16	1.82e-12	5.88e-09	3.40e-05	1.13e-02	9.89e-01
 3.27034e+22	8.90e-28	2.72e-21	2.19e-16	2.03e-12	6.35e-09	3.60e-05	1.16e-02	9.88e-01
 3.29302e+22	1.16e-27	3.38e-21	2.62e-16	2.33e-12	7.00e-09	3.87e-05	1.21e-02	9.88e-01
 3.31637e+22	1.46e-27	4.11e-21	3.07e-16	2.63e-12	7.63e-09	4.13e-05	1.25e-02	9.87e-01
 3.33686e+22	1.83e-27	4.94e-21	3.56e-16	2.95e-12	8.26e-09	4.39e-05	1.30e-02	9.87e-01
 3.35975e+22	2.40e-27	6.21e-21	4.28e-16	3.39e-12	9.12e-09	4.74e-05	1.35e-02	9.86e-01
 3.38257e+22	3.00e-27	7.48e-21	4.97e-16	3.81e-12	9.89e-09	5.04e-05	1.40e-02	9.86e-01
 3.40187e+22	3.73e-27	8.95e-21	5.75e-16	4.26e-12	1.07e-08	5.35e-05	1.45e-02	9.85e-01
 3.42353e+22	4.87e-27	1.12e-20	6.87e-16	4.88e-12	1.17e-08	5.76e-05	1.51e-02	9.85e-01
 3.44566e+22	6.08e-27	1.34e-20	7.97e-16	5.47e-12	1.27e-08	6.12e-05	1.56e-02	9.84e-01
 3.46840e+22	8.07e-27	1.70e-20	9.62e-16	6.32e-12	1.40e-08	6.62e-05	1.63e-02	9.84e-01
 3.49123e+22	1.03e-26	2.08e-20	1.13e-15	7.15e-12	1.52e-08	7.07e-05	1.69e-02	9.83e-01
 3.50989e+22	1.26e-26	2.46e-20	1.30e-15	7.92e-12	1.63e-08	7.47e-05	1.74e-02	9.83e-01
 3.52984e+22	1.63e-26	3.04e-20	1.53e-15	9.01e-12	1.78e-08	8.01e-05	1.81e-02	9.82e-01
 3.55093e+22	2.04e-26	3.67e-20	1.78e-15	1.01e-11	1.93e-08	8.52e-05	1.87e-02	9.81e-01
 3.57017e+22	2.57e-26	4.43e-20	2.07e-15	1.13e-11	2.08e-08	9.06e-05	1.94e-02	9.81e-01
 3.58887e+22	3.21e-26	5.33e-20	2.41e-15	1.27e-11	2.25e-08	9.63e-05	2.00e-02	9.80e-01
 3.61016e+22	4.25e-26	6.73e-20	2.90e-15	1.46e-11	2.48e-08	1.04e-04	2.09e-02	9.79e-01
 3.63180e+22	5.39e-26	8.20e-20	3.40e-15	1.65e-11	2.69e-08	1.11e-04	2.17e-02	9.78e-01
 3.65076e+22	6.79e-26	9.93e-20	3.96e-15	1.86e-11	2.90e-08	1.18e-04	2.24e-02	9.77e-01
 3.66935e+22	8.54e-26	1.20e-19	4.61e-15	2.08e-11	3.14e-08	1.26e-04	2.32e-02	9.77e-01
 3.69056e+22	1.13e-25	1.52e-19	5.57e-15	2.40e-11	3.46e-08	1.36e-04	2.42e-02	9.76e-01
 3.71239e+22	1.48e-25	1.90e-19	6.65e-15	2.75e-11	3.78e-08	1.46e-04	2.51e-02	9.75e-01
 3.73126e+22	1.87e-25	2.30e-19	7.76e-15	3.09e-11	4.09e-08	1.55e-04	2.60e-02	9.74e-01
 3.75202e+22	2.48e-25	2.91e-19	9.39e-15	3.57e-11	4.51e-08	1.67e-04	2.71e-02	9.73e-01
 3.77285e+22	3.14e-25	3.54e-19	1.10e-14	4.03e-11	4.89e-08	1.78e-04	2.81e-02	9.72e-01
 3.79082e+22	4.01e-25	4.33e-19	1.29e-14	4.56e-11	5.30e-08	1.90e-04	2.90e-02	9.71e-01
 3.80828e+22	5.01e-25	5.21e-19	1.50e-14	5.10e-11	5.73e-08	2.02e-04	3.00e-02	9.70e-01
 3.82469e+22	6.18e-25	6.21e-19	1.73e-14	5.68e-11	6.16e-08	2.13e-04	3.09e-02	9.69e-01
 3.84023e+22	7.71e-25	7.46e-19	2.00e-14	6.35e-11	6.62e-08	2.26e-04	3.19e-02	9.68e-01
 3.85423e+22	9.34e-25	8.75e-19	2.27e-14	6.99e-11	7.06e-08	2.38e-04	3.27e-02	9.67e-01
 3.86664e+22	1.10e-24	9.99e-19	2.53e-14	7.59e-11	7.46e-08	2.48e-04	3.35e-02	9.66e-01
 3.88071e+22	1.37e-24	1.20e-18	2.93e-14	8.49e-11	8.04e-08	2.63e-04	3.45e-02	9.65e-01
 3.89543e+22	1.66e-24	1.41e-18	3.35e-14	9.39e-11	8.60e-08	2.76e-04	3.54e-02	9.64e-01
 3.90818e+22	1.99e-24	1.64e-18	3.78e-14	1.03e-10	9.14e-08	2.90e-04	3.63e-02	9.63e-01
 3.92009e+22	2.39e-24	1.91e-18	4.27e-14	1.13e-10	9.72e-08	3.04e-04	3.72e-02	9.62e-01
 3.93190e+22	2.84e-24	2.21e-18	4.80e-14	1.23e-10	1.03e-07	3.18e-04	3.81e-02	9.62e-01
 3.94351e+22	3.37e-24	2.55e-18	5.39e-14	1.35e-10	1.09e-07	3.32e-04	3.90e-02	9.61e-01
 3.95489e+22	4.03e-24	2.96e-18	6.07e-14	1.48e-10	1.16e-07	3.47e-04	3.99e-02	9.60e-01
 3.96612e+22	4.80e-24	3.42e-18	6.84e-14	1.62e-10	1.23e-07	3.63e-04	4.08e-02	9.59e-01
 3.97894e+22	5.97e-24	4.11e-18	7.93e-14	1.81e-10	1.33e-07	3.84e-04	4.20e-02	9.58e-01
 3.99192e+22	7.29e-24	4.86e-18	9.08e-14	2.00e-10	1.42e-07	4.04e-04	4.31e-02	9.56e-01
 4.00292e+22	8.69e-24	5.63e-18	1.02e-13	2.19e-10	1.51e-07	4.22e-04	4.41e-02	9.55e-01
 4.01312e+22	1.03e-23	6.48e-18	1.15e-13	2.39e-10	1.60e-07	4.40e-04	4.51e-02	9.55e-01
 4.02298e+22	1.22e-23	7.47e-18	1.29e-13	2.61e-10	1.70e-07	4.59e-04	4.60e-02	9.54e-01
 4.03430e+22	1.51e-23	8.93e-18	1.49e-13	2.92e-10	1.83e-07	4.84e-04	4.73e-02	9.52e-01
 4.04583e+22	1.83e-23	1.05e-17	1.70e-13	3.23e-10	1.95e-07	5.07e-04	4.84e-02	9.51e-01
 4.05569e+22	2.17e-23	1.21e-17	1.91e-13	3.53e-10	2.07e-07	5.29e-04	4.94e-02	9.50e-01
 4.06657e+22	2.71e-23	1.46e-17	2.22e-13	3.96e-10	2.24e-07	5.59e-04	5.08e-02	9.49e-01
 4.07776e+22	3.31e-23	1.73e-17	2.54e-13	4.39e-10	2.40e-07	5.86e-04	5.20e-02	9.47e-01
 4.08764e+22	3.99e-23	2.02e-17	2.89e-13	4.84e-10	2.56e-07	6.13e-04	5.32e-02	9.46e-01
 4.09877e+22	5.12e-23	2.50e-17	3.43e-13	5.52e-10	2.79e-07	6.51e-04	5.48e-02	9.45e-01
 4.11002e+22	6.27e-23	2.96e-17	3.95e-13	6.14e-10	3.00e-07	6.83e-04	5.61e-02	9.43e-01
 4.11961e+22	7.53e-23	3.46e-17	4.48e-13	6.77e-10	3.20e-07	7.13e-04	5.74e-02	9.42e-01
 4.13026e+22	9.91e-23	4.36e-17	5.42e-13	7.81e-10	3.52e-07	7.60e-04	5.92e-02	9.40e-01
 4.14072e+22	1.19e-22	5.09e-17	6.14e-13	8.59e-10	3.75e-07	7.93e-04	6.04e-02	9.39e-01
 4.15093e+22	1.56e-22	6.39e-17	7.40e-13	9.90e-10	4.12e-07	8.44e-04	6.23e-02	9.37e-01
 4.16095e+22	1.86e-22	7.43e-17	8.37e-13	1.09e-09	4.39e-07	8.80e-04	6.35e-02	9.36e-01
 4.17074e+22	2.45e-22	9.38e-17	1.01e-12	1.26e-09	4.83e-07	9.36e-04	6.55e-02	9.34e-01
 4.18048e+22	2.95e-22	1.10e-16	1.15e-12	1.39e-09	5.16e-07	9.78e-04	6.69e-02	9.32e-01
 4.19017e+22	3.91e-22	1.40e-16	1.40e-12	1.61e-09	5.70e-07	1.04e-03	6.89e-02	9.30e-01
 4.19993e+22	4.80e-22	1.66e-16	1.62e-12	1.80e-09	6.12e-07	1.09e-03	7.05e-02	9.28e-01
 4.20980e+22	6.45e-22	2.14e-16	1.99e-12	2.10e-09	6.79e-07	1.16e-03	7.27e-02	9.26e-01
 4.21975e+22	8.00e-22	2.56e-16	2.31e-12	2.36e-09	7.33e-07	1.22e-03	7.45e-02	9.24e-01
 4.22981e+22	1.08e-21	3.30e-16	2.84e-12	2.76e-09	8.15e-07	1.31e-03	7.68e-02	9.22e-01
 4.23978e+22	1.34e-21	3.99e-16	3.32e-12	3.11e-09	8.82e-07	1.37e-03	7.87e-02	9.20e-01
 4.24963e+22	1.82e-21	5.15e-16	4.10e-12	3.65e-09	9.81e-07	1.47e-03	8.12e-02	9.17e-01
 4.25963e+22	2.31e-21	6.32e-16	4.85e-12	4.15e-09	1.07e-06	1.55e-03	8.33e-02	9.15e-01
 4.26984e+22	3.16e-21	8.28e-16	6.06e-12	4.91e-09	1.20e-06	1.66e-03	8.61e-02	9.12e-01
 4.28016e+22	4.06e-21	1.02e-15	7.21e-12	5.61e-09	1.31e-06	1.75e-03	8.83e-02	9.10e-01
 4.29062e+22	5.64e-21	1.36e-15	9.09e-12	6.69e-09	1.47e-06	1.89e-03	9.14e-02	9.07e-01
 4.30114e+22	7.26e-21	1.68e-15	1.09e-11	7.66e-09	1.61e-06	1.99e-03	9.38e-02	9.04e-01
 4.31022e+22	9.30e-21	2.08e-15	1.29e-11	8.75e-09	1.76e-06	2.11e-03	9.63e-02	9.02e-01
 4.32052e+22	1.28e-20	2.73e-15	1.62e-11	1.04e-08	1.97e-06	2.26e-03	9.95e-02	8.98e-01
 4.33089e+22	1.64e-20	3.38e-15	1.93e-11	1.19e-08	2.16e-06	2.39e-03	1.02e-01	8.95e-01
 4.34137e+22	2.27e-20	4.47e-15	2.43e-11	1.42e-08	2.43e-06	2.57e-03	1.06e-01	8.92e-01
 4.35186e+22	2.88e-20	5.46e-15	2.87e-11	1.61e-08	2.65e-06	2.71e-03	1.08e-01	8.89e-01
 4.36238e+22	3.97e-20	7.19e-15	3.61e-11	1.91e-08	2.98e-06	2.91e-03	1.12e-01	8.85e-01
 4.37310e+22	5.03e-20	8.81e-15	4.27e-11	2.18e-08	3.25e-06	3.07e-03	1.15e-01	8.82e-01
 4.38406e+22	6.88e-20	1.15e-14	5.33e-11	2.58e-08	3.64e-06	3.30e-03	1.19e-01	8.78e-01
 4.39540e+22	8.87e-20	1.43e-14	6.38e-11	2.96e-08	4.00e-06	3.50e-03	1.22e-01	8.75e-01
 4.40719e+22	1.23e-19	1.89e-14	8.03e-11	3.54e-08	4.51e-06	3.77e-03	1.26e-01	8.70e-01
 4.41914e+22	1.57e-19	2.34e-14	9.58e-11	4.05e-08	4.95e-06	3.99e-03	1.29e-01	8.67e-01
 4.43130e+22	2.16e-19	3.07e-14	1.20e-10	4.82e-08	5.58e-06	4.30e-03	1.34e-01	8.62e-01
 4.44354e+22	2.75e-19	3.78e-14	1.43e-10	5.50e-08	6.11e-06	4.55e-03	1.37e-01	8.58e-01
 4.45588e+22	3.73e-19	4.91e-14	1.78e-10	6.52e-08	6.86e-06	4.89e-03	1.42e-01	8.53e-01
 4.46853e+22	4.75e-19	6.05e-14	2.11e-10	7.45e-08	7.52e-06	5.17e-03	1.46e-01	8.49e-01
 4.47952e+22	5.93e-19	7.32e-14	2.47e-10	8.42e-08	8.18e-06	5.45e-03	1.49e-01	8.45e-01
 4.49173e+22	7.88e-19	9.33e-14	3.03e-10	9.86e-08	9.12e-06	5.84e-03	1.54e-01	8.40e-01
 4.50407e+22	9.80e-19	1.13e-13	3.54e-10	1.11e-07	9.93e-06	6.15e-03	1.57e-01	8.36e-01
 4.51656e+22	1.30e-18	1.43e-13	4.33e-10	1.30e-07	1.11e-05	6.58e-03	1.62e-01	8.31e-01
 4.52925e+22	1.61e-18	1.72e-13	5.05e-10	1.47e-07	1.20e-05	6.94e-03	1.66e-01	8.27e-01
 4.54041e+22	1.98e-18	2.06e-13	5.88e-10	1.65e-07	1.31e-05	7.30e-03	1.70e-01	8.23e-01
 4.55309e+22	2.61e-18	2.62e-13	7.16e-10	1.93e-07	1.45e-05	7.81e-03	1.75e-01	8.17e-01
 4.56570e+22	3.16e-18	3.08e-13	8.21e-10	2.14e-07	1.57e-05	8.18e-03	1.79e-01	8.13e-01
 4.57822e+22	4.10e-18	3.86e-13	9.91e-10	2.48e-07	1.74e-05	8.72e-03	1.84e-01	8.07e-01
 4.59097e+22	4.97e-18	4.55e-13	1.14e-09	2.77e-07	1.87e-05	9.15e-03	1.88e-01	8.03e-01
 4.60404e+22	6.46e-18	5.70e-13	1.38e-09	3.21e-07	2.08e-05	9.76e-03	1.93e-01	7.97e-01
 4.61736e+22	7.85e-18	6.75e-13	1.58e-09	3.59e-07	2.25e-05	1.02e-02	1.97e-01	7.92e-01
 4.63100e+22	1.02e-17	8.46e-13	1.91e-09	4.16e-07	2.50e-05	1.09e-02	2.03e-01	7.86e-01
 4.64489e+22	1.24e-17	1.00e-12	2.21e-09	4.66e-07	2.70e-05	1.15e-02	2.07e-01	7.81e-01
 4.65910e+22	1.62e-17	1.26e-12	2.67e-09	5.41e-07	3.00e-05	1.23e-02	2.13e-01	7.74e-01
 4.67298e+22	1.92e-17	1.46e-12	3.02e-09	5.97e-07	3.22e-05	1.28e-02	2.17e-01	7.70e-01
 4.68645e+22	2.46e-17	1.81e-12	3.62e-09	6.88e-07	3.56e-05	1.37e-02	2.23e-01	7.63e-01
 4.70012e+22	2.92e-17	2.10e-12	4.10e-09	7.60e-07	3.82e-05	1.43e-02	2.27e-01	7.58e-01
 4.71405e+22	3.72e-17	2.58e-12	4.88e-09	8.72e-07	4.21e-05	1.52e-02	2.33e-01	7.52e-01
 4.72840e+22	4.50e-17	3.04e-12	5.61e-09	9.73e-07	4.56e-05	1.59e-02	2.38e-01	7.46e-01
 4.74331e+22	5.71e-17	3.74e-12	6.67e-09	1.12e-06	5.02e-05	1.69e-02	2.44e-01	7.39e-01
 4.75869e+22	6.99e-17	4.45e-12	7.72e-09	1.25e-06	5.46e-05	1.78e-02	2.49e-01	7.33e-01
 4.77469e+22	8.94e-17	5.50e-12	9.23e-09	1.44e-06	6.04e-05	1.90e-02	2.56e-01	7.25e-01
 4.79110e+22	1.10e-16	6.57e-12	1.07e-08	1.63e-06	6.57e-05	2.00e-02	2.62e-01	7.18e-01
 4.80806e+22	1.41e-16	8.17e-12	1.29e-08	1.88e-06	7.29e-05	2.13e-02	2.69e-01	7.10e-01
 4.82555e+22	1.75e-16	9.82e-12	1.50e-08	2.13e-06	7.97e-05	2.25e-02	2.74e-01	7.03e-01
 4.84372e+22	2.27e-16	1.23e-11	1.82e-08	2.48e-06	8.88e-05	2.41e-02	2.82e-01	6.94e-01
 4.86253e+22	2.84e-16	1.49e-11	2.14e-08	2.82e-06	9.74e-05	2.55e-02	2.88e-01	6.86e-01
 4.87956e+22	3.53e-16	1.80e-11	2.50e-08	3.19e-06	1.06e-04	2.69e-02	2.95e-01	6.78e-01
 4.89912e+22	4.63e-16	2.27e-11	3.05e-08	3.74e-06	1.19e-04	2.88e-02	3.03e-01	6.68e-01
 4.91906e+22	5.80e-16	2.76e-11	3.59e-08	4.26e-06	1.31e-04	3.05e-02	3.09e-01	6.60e-01
 4.93950e+22	7.68e-16	3.52e-11	4.40e-08	5.01e-06	1.47e-04	3.28e-02	3.18e-01	6.49e-01
 4.96021e+22	9.67e-16	4.30e-11	5.21e-08	5.73e-06	1.62e-04	3.48e-02	3.25e-01	6.40e-01
 4.98128e+22	1.29e-15	5.52e-11	6.43e-08	6.78e-06	1.82e-04	3.74e-02	3.34e-01	6.28e-01
 5.00256e+22	1.63e-15	6.74e-11	7.61e-08	7.76e-06	2.01e-04	3.96e-02	3.41e-01	6.19e-01
 5.02414e+22	2.21e-15	8.76e-11	9.49e-08	9.25e-06	2.28e-04	4.28e-02	3.51e-01	6.06e-01
 5.04583e+22	2.78e-15	1.07e-10	1.12e-07	1.06e-05	2.51e-04	4.53e-02	3.58e-01	5.97e-01
 5.06397e+22	3.42e-15	1.28e-10	1.31e-07	1.19e-05	2.73e-04	4.77e-02	3.64e-01	5.88e-01
 5.08386e+22	4.55e-15	1.64e-10	1.61e-07	1.41e-05	3.08e-04	5.13e-02	3.73e-01	5.75e-01
 5.10347e+22	5.56e-15	1.95e-10	1.87e-07	1.59e-05	3.35e-04	5.39e-02	3.80e-01	5.66e-01
 5.12271e+22	7.31e-15	2.47e-10	2.28e-07	1.87e-05	3.76e-04	5.77e-02	3.88e-01	5.53e-01
 5.14228e+22	9.03e-15	2.97e-10	2.66e-07	2.11e-05	4.11e-04	6.08e-02	3.95e-01	5.44e-01
 5.16228e+22	1.20e-14	3.80e-10	3.28e-07	2.50e-05	4.64e-04	6.52e-02	4.04e-01	5.30e-01
 5.18250e+22	1.49e-14	4.58e-10	3.85e-07	2.84e-05	5.08e-04	6.88e-02	4.11e-01	5.20e-01
 5.20304e+22	1.98e-14	5.88e-10	4.76e-07	3.38e-05	5.74e-04	7.39e-02	4.20e-01	5.06e-01
 5.22396e+22	2.49e-14	7.17e-10	5.65e-07	3.88e-05	6.34e-04	7.82e-02	4.27e-01	4.94e-01
 5.24538e+22	3.36e-14	9.31e-10	7.06e-07	4.65e-05	7.22e-04	8.43e-02	4.36e-01	4.79e-01
 5.26717e+22	4.25e-14	1.14e-09	8.42e-07	5.37e-05	8.00e-04	8.94e-02	4.43e-01	4.67e-01
 5.28946e+22	5.78e-14	1.49e-09	1.06e-06	6.49e-05	9.17e-04	9.66e-02	4.52e-01	4.50e-01
 5.31204e+22	7.34e-14	1.84e-09	1.27e-06	7.53e-05	1.02e-03	1.03e-01	4.59e-01	4.37e-01
 5.33113e+22	9.11e-14	2.23e-09	1.50e-06	8.63e-05	1.12e-03	1.08e-01	4.65e-01	4.25e-01
 5.35208e+22	1.20e-13	2.85e-09	1.85e-06	1.03e-04	1.28e-03	1.16e-01	4.73e-01	4.09e-01
 5.37310e+22	1.49e-13	3.43e-09	2.18e-06	1.18e-04	1.41e-03	1.23e-01	4.79e-01	3.97e-01
 5.39364e+22	1.93e-13	4.31e-09	2.67e-06	1.40e-04	1.59e-03	1.31e-01	4.85e-01	3.82e-01
 5.41458e+22	2.38e-13	5.20e-09	3.15e-06	1.61e-04	1.77e-03	1.39e-01	4.90e-01	3.69e-01
 5.43514e+22	3.03e-13	6.44e-09	3.81e-06	1.90e-04	1.99e-03	1.48e-01	4.96e-01	3.54e-01
 5.45613e+22	3.75e-13	7.78e-09	4.51e-06	2.19e-04	2.21e-03	1.57e-01	5.00e-01	3.41e-01
 5.47668e+22	4.66e-13	9.48e-09	5.38e-06	2.56e-04	2.48e-03	1.66e-01	5.04e-01	3.27e-01
 5.49718e+22	5.69e-13	1.13e-08	6.32e-06	2.94e-04	2.74e-03	1.76e-01	5.07e-01	3.14e-01
 5.51789e+22	7.01e-13	1.37e-08	7.50e-06	3.42e-04	3.07e-03	1.86e-01	5.10e-01	3.00e-01
 5.53888e+22	8.50e-13	1.63e-08	8.80e-06	3.94e-04	3.40e-03	1.96e-01	5.13e-01	2.87e-01
 5.55939e+22	1.02e-12	1.93e-08	1.03e-05	4.53e-04	3.78e-03	2.07e-01	5.14e-01	2.74e-01
 5.57992e+22	1.23e-12	2.28e-08	1.20e-05	5.19e-04	4.18e-03	2.18e-01	5.15e-01	2.62e-01
 5.60056e+22	1.46e-12	2.67e-08	1.39e-05	5.95e-04	4.63e-03	2.29e-01	5.16e-01	2.50e-01
 5.62134e+22	1.73e-12	3.13e-08	1.61e-05	6.80e-04	5.12e-03	2.41e-01	5.16e-01	2.38e-01
 5.64230e+22	2.04e-12	3.64e-08	1.87e-05	7.76e-04	5.66e-03	2.53e-01	5.15e-01	2.26e-01
 5.66341e+22	2.39e-12	4.22e-08	2.15e-05	8.83e-04	6.24e-03	2.65e-01	5.14e-01	2.15e-01
 5.68483e+22	2.79e-12	4.89e-08	2.47e-05	1.01e-03	6.89e-03	2.77e-01	5.11e-01	2.03e-01
 5.70645e+22	3.24e-12	5.63e-08	2.83e-05	1.14e-03	7.58e-03	2.90e-01	5.09e-01	1.92e-01
 5.72848e+22	3.77e-12	6.49e-08	3.25e-05	1.30e-03	8.37e-03	3.03e-01	5.05e-01	1.82e-01
 5.75087e+22	4.34e-12	7.44e-08	3.71e-05	1.47e-03	9.20e-03	3.17e-01	5.01e-01	1.71e-01
 5.77137e+22	4.88e-12	8.32e-08	4.14e-05	1.63e-03	9.95e-03	3.28e-01	4.97e-01	1.63e-01
 5.79280e+22	5.63e-12	9.55e-08	4.75e-05	1.85e-03	1.10e-02	3.42e-01	4.92e-01	1.53e-01
 5.81456e+22	6.30e-12	1.06e-07	5.29e-05	2.05e-03	1.19e-02	3.54e-01	4.87e-01	1.45e-01
 5.83691e+22	7.26e-12	1.22e-07	6.06e-05	2.33e-03	1.31e-02	3.69e-01	4.80e-01	1.35e-01
 5.85939e+22	8.08e-12	1.36e-07	6.72e-05	2.56e-03	1.41e-02	3.81e-01	4.74e-01	1.28e-01
 5.88204e+22	9.21e-12	1.54e-07	7.67e-05	2.90e-03	1.56e-02	3.96e-01	4.66e-01	1.19e-01
 5.90475e+22	1.02e-11	1.71e-07	8.48e-05	3.18e-03	1.67e-02	4.07e-01	4.60e-01	1.13e-01
 5.92752e+22	1.16e-11	1.94e-07	9.62e-05	3.59e-03	1.83e-02	4.22e-01	4.51e-01	1.05e-01
 5.95052e+22	1.28e-11	2.14e-07	1.06e-04	3.93e-03	1.97e-02	4.33e-01	4.44e-01	9.89e-02
 5.97382e+22	1.45e-11	2.42e-07	1.20e-04	4.41e-03	2.15e-02	4.48e-01	4.34e-01	9.15e-02
 5.99740e+22	1.60e-11	2.67e-07	1.33e-04	4.82e-03	2.31e-02	4.59e-01	4.26e-01	8.61e-02
 6.02137e+22	1.81e-11	3.01e-07	1.50e-04	5.41e-03	2.52e-02	4.74e-01	4.16e-01	7.94e-02
 6.04574e+22	2.00e-11	3.32e-07	1.66e-04	5.91e-03	2.70e-02	4.85e-01	4.07e-01	7.45e-02
 6.07066e+22	2.25e-11	3.76e-07	1.88e-04	6.62e-03	2.95e-02	5.00e-01	3.96e-01	6.83e-02
 6.09611e+22	2.50e-11	4.16e-07	2.08e-04	7.24e-03	3.16e-02	5.11e-01	3.87e-01	6.38e-02
 6.12226e+22	2.82e-11	4.72e-07	2.37e-04	8.11e-03	3.45e-02	5.25e-01	3.74e-01	5.82e-02
 6.14900e+22	3.15e-11	5.24e-07	2.63e-04	8.87e-03	3.69e-02	5.36e-01	3.64e-01	5.41e-02
 6.17156e+22	3.44e-11	5.74e-07	2.88e-04	9.60e-03	3.92e-02	5.45e-01	3.55e-01	5.06e-02
 6.19594e+22	3.86e-11	6.44e-07	3.24e-04	1.06e-02	4.23e-02	5.57e-01	3.44e-01	4.64e-02
 6.21968e+22	4.21e-11	7.02e-07	3.53e-04	1.14e-02	4.47e-02	5.65e-01	3.35e-01	4.36e-02
 6.24260e+22	4.66e-11	7.79e-07	3.93e-04	1.25e-02	4.79e-02	5.75e-01	3.24e-01	4.01e-02
 6.26574e+22	5.11e-11	8.52e-07	4.28e-04	1.34e-02	5.04e-02	5.82e-01	3.16e-01	3.76e-02
 6.28915e+22	5.69e-11	9.49e-07	4.78e-04	1.47e-02	5.40e-02	5.91e-01	3.05e-01	3.45e-02
 6.31288e+22	6.25e-11	1.04e-06	5.22e-04	1.57e-02	5.69e-02	5.98e-01	2.97e-01	3.22e-02
 6.33703e+22	6.98e-11	1.16e-06	5.84e-04	1.72e-02	6.08e-02	6.07e-01	2.85e-01	2.94e-02
 6.36152e+22	7.71e-11	1.28e-06	6.39e-04	1.85e-02	6.40e-02	6.13e-01	2.77e-01	2.74e-02
 6.38646e+22	8.63e-11	1.43e-06	7.17e-04	2.02e-02	6.84e-02	6.20e-01	2.65e-01	2.49e-02
 6.41182e+22	9.60e-11	1.58e-06	7.88e-04	2.17e-02	7.19e-02	6.25e-01	2.57e-01	2.32e-02
 6.43774e+22	1.08e-10	1.78e-06	8.87e-04	2.38e-02	7.69e-02	6.32e-01	2.46e-01	2.10e-02
 6.46416e+22	1.21e-10	1.98e-06	9.78e-04	2.55e-02	8.08e-02	6.36e-01	2.37e-01	1.94e-02
 6.49124e+22	1.37e-10	2.24e-06	1.11e-03	2.80e-02	8.64e-02	6.42e-01	2.25e-01	1.74e-02
 6.51902e+22	1.54e-10	2.50e-06	1.23e-03	3.02e-02	9.09e-02	6.45e-01	2.17e-01	1.60e-02
 6.54770e+22	1.77e-10	2.86e-06	1.40e-03	3.32e-02	9.71e-02	6.49e-01	2.05e-01	1.43e-02
 6.57680e+22	2.00e-10	3.21e-06	1.55e-03	3.57e-02	1.02e-01	6.51e-01	1.97e-01	1.31e-02
 6.60646e+22	2.31e-10	3.69e-06	1.77e-03	3.93e-02	1.09e-01	6.53e-01	1.85e-01	1.16e-02
 6.63646e+22	2.63e-10	4.16e-06	1.98e-03	4.23e-02	1.14e-01	6.54e-01	1.77e-01	1.06e-02
 6.66690e+22	3.06e-10	4.81e-06	2.27e-03	4.65e-02	1.22e-01	6.54e-01	1.66e-01	9.33e-03
 6.69776e+22	3.51e-10	5.44e-06	2.53e-03	5.01e-02	1.28e-01	6.53e-01	1.58e-01	8.47e-03
 6.72484e+22	3.97e-10	6.11e-06	2.82e-03	5.38e-02	1.34e-01	6.52e-01	1.50e-01	7.68e-03
 6.75573e+22	4.69e-10	7.11e-06	3.23e-03	5.90e-02	1.42e-01	6.49e-01	1.41e-01	6.76e-03
 6.78717e+22	5.33e-10	8.02e-06	3.61e-03	6.34e-02	1.48e-01	6.45e-01	1.33e-01	6.07e-03
 6.81271e+22	6.01e-10	8.94e-06	3.97e-03	6.75e-02	1.54e-01	6.42e-01	1.27e-01	5.55e-03
 6.83934e+22	6.95e-10	1.02e-05	4.45e-03	7.26e-02	1.61e-01	6.37e-01	1.20e-01	4.98e-03
 6.86726e+22	7.89e-10	1.14e-05	4.92e-03	7.74e-02	1.67e-01	6.33e-01	1.14e-01	4.52e-03
 6.89283e+22	8.94e-10	1.28e-05	5.43e-03	8.24e-02	1.73e-01	6.27e-01	1.08e-01	4.10e-03
 6.92204e+22	1.05e-09	1.47e-05	6.15e-03	8.90e-02	1.81e-01	6.20e-01	1.01e-01	3.62e-03
 6.95198e+22	1.20e-09	1.67e-05	6.84e-03	9.51e-02	1.88e-01	6.13e-01	9.46e-02	3.24e-03
 6.97837e+22	1.37e-09	1.87e-05	7.56e-03	1.01e-01	1.94e-01	6.05e-01	8.92e-02	2.92e-03
 7.00819e+22	1.62e-09	2.17e-05	8.56e-03	1.09e-01	2.02e-01	5.95e-01	8.29e-02	2.57e-03
 7.03929e+22	1.88e-09	2.47e-05	9.55e-03	1.16e-01	2.09e-01	5.85e-01	7.74e-02	2.28e-03
 7.06731e+22	2.16e-09	2.79e-05	1.06e-02	1.24e-01	2.16e-01	5.76e-01	7.25e-02	2.03e-03
 7.09901e+22	2.59e-09	3.26e-05	1.20e-02	1.33e-01	2.24e-01	5.62e-01	6.67e-02	1.76e-03
 7.13170e+22	3.02e-09	3.72e-05	1.35e-02	1.42e-01	2.31e-01	5.50e-01	6.18e-02	1.55e-03
 7.16082e+22	3.50e-09	4.23e-05	1.49e-02	1.51e-01	2.37e-01	5.38e-01	5.74e-02	1.37e-03
 7.19381e+22	4.23e-09	4.96e-05	1.70e-02	1.63e-01	2.45e-01	5.22e-01	5.23e-02	1.17e-03
 7.22801e+22	4.99e-09	5.71e-05	1.91e-02	1.73e-01	2.51e-01	5.07e-01	4.80e-02	1.02e-03
 7.25873e+22	5.84e-09	6.53e-05	2.12e-02	1.84e-01	2.57e-01	4.93e-01	4.42e-02	8.89e-04
 7.29361e+22	7.15e-09	7.74e-05	2.43e-02	1.97e-01	2.64e-01	4.74e-01	3.97e-02	7.45e-04
 7.32953e+22	8.49e-09	8.94e-05	2.71e-02	2.09e-01	2.70e-01	4.57e-01	3.61e-02	6.40e-04
 7.36190e+22	1.01e-08	1.03e-04	3.02e-02	2.22e-01	2.75e-01	4.40e-01	3.28e-02	5.51e-04
 7.39908e+22	1.25e-08	1.23e-04	3.47e-02	2.38e-01	2.80e-01	4.18e-01	2.90e-02	4.53e-04
 7.43666e+22	1.49e-08	1.42e-04	3.87e-02	2.51e-01	2.84e-01	4.00e-01	2.61e-02	3.83e-04
 7.47475e+22	1.86e-08	1.70e-04	4.43e-02	2.68e-01	2.88e-01	3.77e-01	2.28e-02	3.12e-04
 7.51329e+22	2.24e-08	1.97e-04	4.93e-02	2.82e-01	2.90e-01	3.58e-01	2.04e-02	2.62e-04
 7.55241e+22	2.82e-08	2.37e-04	5.64e-02	3.00e-01	2.92e-01	3.34e-01	1.76e-02	2.09e-04
 7.59189e+22	3.39e-08	2.75e-04	6.26e-02	3.14e-01	2.92e-01	3.15e-01	1.55e-02	1.74e-04
 7.63183e+22	4.29e-08	3.31e-04	7.13e-02	3.32e-01	2.92e-01	2.91e-01	1.32e-02	1.37e-04
 7.67219e+22	5.18e-08	3.84e-04	7.89e-02	3.46e-01	2.91e-01	2.73e-01	1.16e-02	1.13e-04
 7.71309e+22	6.61e-08	4.63e-04	8.96e-02	3.63e-01	2.88e-01	2.49e-01	9.77e-03	8.73e-05
 7.75453e+22	8.01e-08	5.37e-04	9.88e-02	3.77e-01	2.84e-01	2.31e-01	8.47e-03	7.09e-05
 7.79666e+22	1.03e-07	6.49e-04	1.12e-01	3.93e-01	2.78e-01	2.09e-01	7.02e-03	5.39e-05
 7.83798e+22	1.24e-07	7.45e-04	1.22e-01	4.05e-01	2.73e-01	1.93e-01	6.08e-03	4.39e-05
 7.87826e+22	1.57e-07	8.90e-04	1.36e-01	4.18e-01	2.66e-01	1.74e-01	5.03e-03	3.34e-05
 7.91707e+22	1.85e-07	1.01e-03	1.47e-01	4.27e-01	2.60e-01	1.61e-01	4.39e-03	2.76e-05
 7.95397e+22	2.30e-07	1.18e-03	1.62e-01	4.38e-01	2.51e-01	1.45e-01	3.65e-03	2.12e-05
 7.99083e+22	2.71e-07	1.33e-03	1.73e-01	4.45e-01	2.44e-01	1.33e-01	3.17e-03	1.74e-05
 8.02762e+22	3.33e-07	1.55e-03	1.89e-01	4.52e-01	2.35e-01	1.20e-01	2.64e-03	1.35e-05
 8.06574e+22	4.01e-07	1.76e-03	2.03e-01	4.58e-01	2.26e-01	1.09e-01	2.23e-03	1.06e-05
 8.09995e+22	4.75e-07	1.99e-03	2.17e-01	4.62e-01	2.17e-01	9.89e-02	1.91e-03	8.56e-06
 8.13875e+22	5.91e-07	2.32e-03	2.36e-01	4.66e-01	2.06e-01	8.73e-02	1.55e-03	6.43e-06
 8.17816e+22	7.07e-07	2.64e-03	2.52e-01	4.68e-01	1.97e-01	7.85e-02	1.30e-03	5.04e-06
 8.21309e+22	8.40e-07	2.97e-03	2.68e-01	4.69e-01	1.88e-01	7.06e-02	1.10e-03	3.99e-06
 8.24695e+22	9.87e-07	3.32e-03	2.83e-01	4.69e-01	1.79e-01	6.38e-02	9.29e-04	3.18e-06
 8.27822e+22	1.15e-06	3.68e-03	2.98e-01	4.68e-01	1.71e-01	5.80e-02	7.95e-04	2.57e-06
 8.30793e+22	1.32e-06	4.06e-03	3.12e-01	4.67e-01	1.63e-01	5.28e-02	6.84e-04	2.09e-06
 8.34208e+22	1.58e-06	4.59e-03	3.31e-01	4.64e-01	1.54e-01	4.67e-02	5.63e-04	1.61e-06
 8.37679e+22	1.84e-06	5.09e-03	3.46e-01	4.60e-01	1.46e-01	4.20e-02	4.76e-04	1.28e-06
 8.40713e+22	2.13e-06	5.61e-03	3.62e-01	4.56e-01	1.38e-01	3.80e-02	4.05e-04	1.03e-06
 8.44145e+22	2.55e-06	6.32e-03	3.81e-01	4.50e-01	1.29e-01	3.34e-02	3.30e-04	7.81e-07
 8.47643e+22	2.96e-06	6.99e-03	3.97e-01	4.44e-01	1.22e-01	2.98e-02	2.77e-04	6.16e-07
 8.50736e+22	3.41e-06	7.68e-03	4.13e-01	4.38e-01	1.15e-01	2.68e-02	2.34e-04	4.91e-07
 8.54266e+22	4.09e-06	8.65e-03	4.32e-01	4.29e-01	1.06e-01	2.33e-02	1.88e-04	3.66e-07
 8.57847e+22	4.74e-06	9.53e-03	4.49e-01	4.21e-01	9.95e-02	2.07e-02	1.56e-04	2.86e-07
 8.61006e+22	5.47e-06	1.05e-02	4.65e-01	4.13e-01	9.32e-02	1.84e-02	1.31e-04	2.25e-07
 8.64624e+22	6.55e-06	1.18e-02	4.84e-01	4.02e-01	8.56e-02	1.59e-02	1.04e-04	1.65e-07
 8.68300e+22	7.61e-06	1.30e-02	5.01e-01	3.93e-01	7.95e-02	1.40e-02	8.54e-05	1.27e-07
 8.71558e+22	8.79e-06	1.42e-02	5.17e-01	3.83e-01	7.40e-02	1.24e-02	7.05e-05	0.00e+00
 8.75299e+22	1.05e-05	1.60e-02	5.36e-01	3.70e-01	6.73e-02	1.05e-02	5.51e-05	0.00e+00
 8.79102e+22	1.23e-05	1.76e-02	5.52e-01	3.59e-01	6.21e-02	9.21e-03	4.48e-05	0.00e+00
 8.82985e+22	1.47e-05	1.97e-02	5.71e-01	3.45e-01	5.62e-02	7.80e-03	3.47e-05	0.00e+00
 8.86956e+22	1.73e-05	2.18e-02	5.88e-01	3.33e-01	5.13e-02	6.72e-03	2.77e-05	0.00e+00
 8.90439e+22	2.00e-05	2.40e-02	6.02e-01	3.21e-01	4.71e-02	5.85e-03	2.24e-05	0.00e+00
 8.94362e+22	2.40e-05	2.69e-02	6.20e-01	3.06e-01	4.22e-02	4.90e-03	1.71e-05	0.00e+00
 8.98423e+22	2.82e-05	2.97e-02	6.34e-01	2.94e-01	3.84e-02	4.20e-03	1.35e-05	0.00e+00
 9.02093e+22	3.28e-05	3.26e-02	6.48e-01	2.81e-01	3.49e-02	3.61e-03	1.07e-05	0.00e+00
 9.06296e+22	3.99e-05	3.68e-02	6.64e-01	2.65e-01	3.08e-02	2.97e-03	7.95e-06	0.00e+00
 9.09966e+22	4.51e-05	3.97e-02	6.73e-01	2.56e-01	2.85e-02	2.63e-03	6.60e-06	0.00e+00
 9.12513e+22	4.98e-05	4.22e-02	6.81e-01	2.48e-01	2.67e-02	2.37e-03	5.65e-06	0.00e+00
 9.15395e+22	5.68e-05	4.58e-02	6.90e-01	2.37e-01	2.45e-02	2.07e-03	4.59e-06	0.00e+00
 9.18426e+22	6.39e-05	4.93e-02	6.98e-01	2.28e-01	2.26e-02	1.83e-03	3.81e-06	0.00e+00
 9.21225e+22	7.18e-05	5.30e-02	7.05e-01	2.20e-01	2.09e-02	1.62e-03	3.17e-06	0.00e+00
 9.24162e+22	8.16e-05	5.73e-02	7.12e-01	2.10e-01	1.92e-02	1.41e-03	2.58e-06	0.00e+00
