#depth	O	O+	O+2	O+3	O+4	O+5	O+6	O+7	O+8	O[1]	O[2]	O[3]
 4.62852e+21	0.00e+00	0.00e+00	7.90e-27	1.61e-21	8.77e-17	2.21e-12	1.85e-07	8.97e-04	9.99e-01	0.00e+00	0.00e+00	0.00e+00
 1.05385e+22	0.00e+00	3.70e-32	6.49e-26	9.35e-21	3.67e-16	6.54e-12	3.78e-07	1.28e-03	9.99e-01	0.00e+00	0.00e+00	0.00e+00
 1.26906e+22	0.00e+00	1.93e-31	2.69e-25	3.08e-20	9.62e-16	1.36e-11	6.12e-07	1.63e-03	9.98e-01	0.00e+00	0.00e+00	0.00e+00
 1.42577e+22	0.00e+00	7.21e-31	8.36e-25	7.97e-20	2.07e-15	2.44e-11	8.98e-07	1.97e-03	9.98e-01	0.00e+00	0.00e+00	0.00e+00
 1.51283e+22	0.00e+00	1.01e-30	1.12e-24	1.01e-19	2.52e-15	2.83e-11	9.90e-07	2.06e-03	9.98e-01	0.00e+00	0.00e+00	0.00e+00
 1.54703e+22	0.00e+00	1.37e-30	1.45e-24	1.27e-19	3.02e-15	3.25e-11	1.08e-06	2.16e-03	9.98e-01	0.00e+00	0.00e+00	0.00e+00
 1.57865e+22	0.00e+00	1.79e-30	1.83e-24	1.55e-19	3.55e-15	3.68e-11	1.17e-06	2.24e-03	9.98e-01	0.00e+00	0.00e+00	0.00e+00
 1.61276e+22	0.00e+00	2.57e-30	2.50e-24	2.00e-19	4.37e-15	4.30e-11	1.30e-06	2.36e-03	9.98e-01	0.00e+00	0.00e+00	0.00e+00
 1.64684e+22	0.00e+00	3.44e-30	3.21e-24	2.47e-19	5.18e-15	4.90e-11	1.42e-06	2.47e-03	9.98e-01	0.00e+00	0.00e+00	0.00e+00
 1.67614e+22	0.00e+00	4.50e-30	4.05e-24	3.01e-19	6.07e-15	5.53e-11	1.54e-06	2.57e-03	9.97e-01	0.00e+00	0.00e+00	0.00e+00
 1.70947e+22	0.00e+00	6.24e-30	5.38e-24	3.82e-19	7.36e-15	6.41e-11	1.69e-06	2.69e-03	9.97e-01	0.00e+00	0.00e+00	0.00e+00
 1.74404e+22	0.00e+00	8.49e-30	7.02e-24	4.77e-19	8.81e-15	7.35e-11	1.85e-06	2.81e-03	9.97e-01	0.00e+00	0.00e+00	0.00e+00
 1.77397e+22	0.00e+00	1.12e-29	8.90e-24	5.82e-19	1.04e-14	8.32e-11	2.01e-06	2.93e-03	9.97e-01	0.00e+00	0.00e+00	0.00e+00
 1.80662e+22	0.00e+00	1.54e-29	1.18e-23	7.36e-19	1.25e-14	9.62e-11	2.21e-06	3.07e-03	9.97e-01	0.00e+00	0.00e+00	0.00e+00
 1.84119e+22	0.00e+00	2.11e-29	1.54e-23	9.21e-19	1.50e-14	1.10e-10	2.42e-06	3.21e-03	9.97e-01	0.00e+00	0.00e+00	0.00e+00
 1.87217e+22	0.00e+00	2.80e-29	1.97e-23	1.13e-18	1.78e-14	1.26e-10	2.63e-06	3.35e-03	9.97e-01	0.00e+00	0.00e+00	0.00e+00
 1.89963e+22	0.00e+00	3.60e-29	2.44e-23	1.36e-18	2.06e-14	1.40e-10	2.84e-06	3.47e-03	9.97e-01	0.00e+00	0.00e+00	0.00e+00
 1.92470e+22	0.00e+00	4.52e-29	2.97e-23	1.60e-18	2.35e-14	1.56e-10	3.03e-06	3.59e-03	9.96e-01	0.00e+00	0.00e+00	0.00e+00
 1.95340e+22	0.00e+00	5.95e-29	3.76e-23	1.96e-18	2.77e-14	1.76e-10	3.29e-06	3.73e-03	9.96e-01	0.00e+00	0.00e+00	0.00e+00
 1.98445e+22	0.00e+00	7.88e-29	4.79e-23	2.39e-18	3.26e-14	2.00e-10	3.57e-06	3.89e-03	9.96e-01	0.00e+00	0.00e+00	0.00e+00
 2.01262e+22	0.00e+00	1.02e-28	5.99e-23	2.89e-18	3.79e-14	2.24e-10	3.86e-06	4.04e-03	9.96e-01	0.00e+00	0.00e+00	0.00e+00
 2.03926e+22	0.00e+00	1.31e-28	7.44e-23	3.47e-18	4.40e-14	2.51e-10	4.15e-06	4.19e-03	9.96e-01	0.00e+00	0.00e+00	0.00e+00
 2.06557e+22	0.00e+00	1.67e-28	9.16e-23	4.13e-18	5.07e-14	2.80e-10	4.46e-06	4.34e-03	9.96e-01	0.00e+00	0.00e+00	0.00e+00
 2.09549e+22	0.00e+00	2.23e-28	1.18e-22	5.10e-18	6.02e-14	3.19e-10	4.86e-06	4.53e-03	9.95e-01	0.00e+00	0.00e+00	0.00e+00
 2.12685e+22	0.00e+00	2.96e-28	1.50e-22	6.25e-18	7.10e-14	3.62e-10	5.28e-06	4.72e-03	9.95e-01	0.00e+00	0.00e+00	0.00e+00
 2.15413e+22	0.00e+00	3.80e-28	1.86e-22	7.49e-18	8.22e-14	4.05e-10	5.69e-06	4.89e-03	9.95e-01	0.00e+00	0.00e+00	0.00e+00
 2.17824e+22	0.00e+00	4.75e-28	2.25e-22	8.80e-18	9.37e-14	4.48e-10	6.07e-06	5.05e-03	9.95e-01	0.00e+00	0.00e+00	0.00e+00
 2.20416e+22	0.00e+00	6.08e-28	2.79e-22	1.05e-17	1.08e-13	5.01e-10	6.54e-06	5.24e-03	9.95e-01	0.00e+00	0.00e+00	0.00e+00
 2.23215e+22	0.00e+00	7.81e-28	3.46e-22	1.26e-17	1.26e-13	5.61e-10	7.04e-06	5.43e-03	9.95e-01	0.00e+00	0.00e+00	0.00e+00
 2.25759e+22	0.00e+00	9.83e-28	4.22e-22	1.49e-17	1.44e-13	6.22e-10	7.54e-06	5.62e-03	9.94e-01	0.00e+00	0.00e+00	0.00e+00
 2.28543e+22	0.00e+00	1.29e-27	5.33e-22	1.82e-17	1.69e-13	7.04e-10	8.18e-06	5.85e-03	9.94e-01	0.00e+00	0.00e+00	0.00e+00
 2.31452e+22	0.00e+00	1.67e-27	6.67e-22	2.19e-17	1.97e-13	7.91e-10	8.83e-06	6.08e-03	9.94e-01	0.00e+00	0.00e+00	0.00e+00
 2.33908e+22	1.82e-34	2.09e-27	8.08e-22	2.58e-17	2.24e-13	8.74e-10	9.44e-06	6.28e-03	9.94e-01	0.00e+00	0.00e+00	0.00e+00
 2.36488e+22	2.43e-34	2.69e-27	1.00e-21	3.10e-17	2.61e-13	9.81e-10	1.02e-05	6.51e-03	9.93e-01	0.00e+00	0.00e+00	0.00e+00
 2.39246e+22	3.22e-34	3.44e-27	1.24e-21	3.70e-17	3.01e-13	1.09e-09	1.09e-05	6.75e-03	9.93e-01	0.00e+00	0.00e+00	0.00e+00
 2.41749e+22	4.17e-34	4.32e-27	1.51e-21	4.36e-17	3.44e-13	1.21e-09	1.17e-05	6.98e-03	9.93e-01	0.00e+00	0.00e+00	0.00e+00
 2.44512e+22	5.66e-34	5.66e-27	1.90e-21	5.31e-17	4.04e-13	1.37e-09	1.27e-05	7.26e-03	9.93e-01	0.00e+00	0.00e+00	0.00e+00
 2.47412e+22	7.62e-34	7.33e-27	2.38e-21	6.40e-17	4.70e-13	1.54e-09	1.37e-05	7.55e-03	9.92e-01	0.00e+00	0.00e+00	0.00e+00
 2.49837e+22	9.79e-34	9.13e-27	2.87e-21	7.50e-17	5.34e-13	1.70e-09	1.46e-05	7.79e-03	9.92e-01	0.00e+00	0.00e+00	0.00e+00
 2.52004e+22	1.22e-33	1.11e-26	3.39e-21	8.62e-17	5.99e-13	1.85e-09	1.55e-05	8.02e-03	9.92e-01	0.00e+00	0.00e+00	0.00e+00
 2.54487e+22	1.61e-33	1.41e-26	4.17e-21	1.03e-16	6.91e-13	2.07e-09	1.67e-05	8.31e-03	9.92e-01	0.00e+00	0.00e+00	0.00e+00
 2.57179e+22	2.12e-33	1.80e-26	5.15e-21	1.23e-16	7.97e-13	2.31e-09	1.79e-05	8.61e-03	9.91e-01	0.00e+00	0.00e+00	0.00e+00
 2.59664e+22	2.76e-33	2.26e-26	6.27e-21	1.45e-16	9.11e-13	2.56e-09	1.92e-05	8.91e-03	9.91e-01	0.00e+00	0.00e+00	0.00e+00
 2.62416e+22	3.75e-33	2.96e-26	7.91e-21	1.76e-16	1.07e-12	2.89e-09	2.08e-05	9.27e-03	9.91e-01	0.00e+00	0.00e+00	0.00e+00
 2.65160e+22	4.96e-33	3.78e-26	9.75e-21	2.10e-16	1.23e-12	3.22e-09	2.24e-05	9.61e-03	9.90e-01	0.00e+00	0.00e+00	0.00e+00
 2.67394e+22	6.28e-33	4.64e-26	1.16e-20	2.43e-16	1.39e-12	3.53e-09	2.38e-05	9.91e-03	9.90e-01	0.00e+00	0.00e+00	0.00e+00
 2.69797e+22	8.22e-33	5.88e-26	1.43e-20	2.89e-16	1.60e-12	3.93e-09	2.56e-05	1.03e-02	9.90e-01	0.00e+00	0.00e+00	0.00e+00
 2.72424e+22	1.08e-32	7.49e-26	1.76e-20	3.44e-16	1.84e-12	4.37e-09	2.75e-05	1.06e-02	9.89e-01	0.00e+00	0.00e+00	0.00e+00
 2.74868e+22	1.40e-32	9.34e-26	2.12e-20	4.03e-16	2.09e-12	4.83e-09	2.93e-05	1.10e-02	9.89e-01	0.00e+00	0.00e+00	0.00e+00
 2.77570e+22	1.89e-32	1.22e-25	2.67e-20	4.89e-16	2.45e-12	5.44e-09	3.18e-05	1.14e-02	9.89e-01	0.00e+00	0.00e+00	0.00e+00
 2.80279e+22	2.53e-32	1.57e-25	3.30e-20	5.85e-16	2.83e-12	6.06e-09	3.42e-05	1.19e-02	9.88e-01	0.00e+00	0.00e+00	0.00e+00
 2.82477e+22	3.15e-32	1.90e-25	3.90e-20	6.73e-16	3.17e-12	6.62e-09	3.63e-05	1.22e-02	9.88e-01	0.00e+00	0.00e+00	0.00e+00
 2.84814e+22	4.14e-32	2.41e-25	4.79e-20	7.99e-16	3.64e-12	7.35e-09	3.90e-05	1.26e-02	9.87e-01	0.00e+00	0.00e+00	0.00e+00
 2.87356e+22	5.40e-32	3.04e-25	5.84e-20	9.43e-16	4.16e-12	8.13e-09	4.18e-05	1.31e-02	9.87e-01	0.00e+00	0.00e+00	0.00e+00
 2.89771e+22	7.05e-32	3.83e-25	7.12e-20	1.11e-15	4.76e-12	8.99e-09	4.47e-05	1.35e-02	9.86e-01	0.00e+00	0.00e+00	0.00e+00
 2.92143e+22	9.11e-32	4.80e-25	8.63e-20	1.31e-15	5.42e-12	9.94e-09	4.78e-05	1.40e-02	9.86e-01	0.00e+00	0.00e+00	0.00e+00
 2.94420e+22	1.17e-31	5.98e-25	1.04e-19	1.53e-15	6.15e-12	1.09e-08	5.11e-05	1.45e-02	9.85e-01	0.00e+00	0.00e+00	0.00e+00
 2.96590e+22	1.49e-31	7.35e-25	1.24e-19	1.78e-15	6.93e-12	1.19e-08	5.43e-05	1.49e-02	9.85e-01	0.00e+00	0.00e+00	0.00e+00
 2.99056e+22	2.00e-31	9.51e-25	1.55e-19	2.13e-15	8.03e-12	1.33e-08	5.86e-05	1.55e-02	9.84e-01	0.00e+00	0.00e+00	0.00e+00
 3.01633e+22	2.66e-31	1.22e-24	1.91e-19	2.54e-15	9.24e-12	1.48e-08	6.30e-05	1.61e-02	9.84e-01	0.00e+00	0.00e+00	0.00e+00
 3.03896e+22	3.43e-31	1.52e-24	2.31e-19	2.98e-15	1.05e-11	1.63e-08	6.73e-05	1.66e-02	9.83e-01	0.00e+00	0.00e+00	0.00e+00
 3.06379e+22	4.64e-31	1.97e-24	2.88e-19	3.59e-15	1.22e-11	1.82e-08	7.27e-05	1.73e-02	9.83e-01	0.00e+00	0.00e+00	0.00e+00
 3.09011e+22	6.30e-31	2.57e-24	3.61e-19	4.33e-15	1.41e-11	2.03e-08	7.85e-05	1.80e-02	9.82e-01	0.00e+00	0.00e+00	0.00e+00
 3.11235e+22	7.97e-31	3.15e-24	4.30e-19	5.00e-15	1.59e-11	2.21e-08	8.34e-05	1.85e-02	9.81e-01	0.00e+00	0.00e+00	0.00e+00
 3.13524e+22	1.08e-30	4.09e-24	5.36e-19	6.01e-15	1.83e-11	2.46e-08	8.99e-05	1.93e-02	9.81e-01	0.00e+00	0.00e+00	0.00e+00
 3.15909e+22	1.41e-30	5.17e-24	6.54e-19	7.08e-15	2.09e-11	2.71e-08	9.62e-05	1.99e-02	9.80e-01	0.00e+00	0.00e+00	0.00e+00
 3.18055e+22	1.82e-30	6.44e-24	7.88e-19	8.27e-15	2.36e-11	2.97e-08	1.03e-04	2.06e-02	9.79e-01	0.00e+00	0.00e+00	0.00e+00
 3.20482e+22	2.54e-30	8.59e-24	1.01e-18	1.01e-14	2.77e-11	3.33e-08	1.11e-04	2.15e-02	9.78e-01	0.00e+00	0.00e+00	0.00e+00
 3.22943e+22	3.33e-30	1.09e-23	1.23e-18	1.19e-14	3.16e-11	3.67e-08	1.19e-04	2.22e-02	9.78e-01	0.00e+00	0.00e+00	0.00e+00
 3.25041e+22	4.33e-30	1.36e-23	1.49e-18	1.40e-14	3.58e-11	4.02e-08	1.27e-04	2.30e-02	9.77e-01	0.00e+00	0.00e+00	0.00e+00
 3.27034e+22	5.52e-30	1.68e-23	1.78e-18	1.62e-14	4.02e-11	4.37e-08	1.35e-04	2.37e-02	9.76e-01	0.00e+00	0.00e+00	0.00e+00
 3.29302e+22	7.56e-30	2.20e-23	2.24e-18	1.96e-14	4.67e-11	4.87e-08	1.46e-04	2.46e-02	9.75e-01	0.00e+00	0.00e+00	0.00e+00
 3.31637e+22	1.00e-29	2.81e-23	2.75e-18	2.32e-14	5.34e-11	5.36e-08	1.57e-04	2.55e-02	9.74e-01	0.00e+00	0.00e+00	0.00e+00
 3.33686e+22	1.31e-29	3.55e-23	3.34e-18	2.73e-14	6.05e-11	5.87e-08	1.67e-04	2.64e-02	9.73e-01	0.00e+00	0.00e+00	0.00e+00
 3.35975e+22	1.83e-29	4.72e-23	4.26e-18	3.33e-14	7.08e-11	6.57e-08	1.81e-04	2.75e-02	9.72e-01	0.00e+00	0.00e+00	0.00e+00
 3.38257e+22	2.39e-29	5.96e-23	5.19e-18	3.93e-14	8.04e-11	7.20e-08	1.94e-04	2.84e-02	9.71e-01	0.00e+00	0.00e+00	0.00e+00
 3.40187e+22	3.12e-29	7.48e-23	6.29e-18	4.60e-14	9.10e-11	7.87e-08	2.06e-04	2.94e-02	9.70e-01	0.00e+00	0.00e+00	0.00e+00
 3.42353e+22	4.32e-29	9.90e-23	7.96e-18	5.59e-14	1.06e-10	8.77e-08	2.23e-04	3.06e-02	9.69e-01	0.00e+00	0.00e+00	0.00e+00
 3.44566e+22	5.65e-29	1.25e-22	9.69e-18	6.57e-14	1.20e-10	9.61e-08	2.38e-04	3.16e-02	9.68e-01	0.00e+00	0.00e+00	0.00e+00
 3.46840e+22	7.99e-29	1.68e-22	1.25e-17	8.10e-14	1.42e-10	1.08e-07	2.59e-04	3.30e-02	9.67e-01	0.00e+00	0.00e+00	0.00e+00
 3.49123e+22	1.08e-28	2.19e-22	1.56e-17	9.71e-14	1.63e-10	1.19e-07	2.78e-04	3.42e-02	9.66e-01	0.00e+00	0.00e+00	0.00e+00
 3.50989e+22	1.38e-28	2.70e-22	1.86e-17	1.13e-13	1.83e-10	1.29e-07	2.95e-04	3.52e-02	9.64e-01	0.00e+00	0.00e+00	0.00e+00
 3.52984e+22	1.89e-28	3.54e-22	2.34e-17	1.36e-13	2.12e-10	1.44e-07	3.17e-04	3.66e-02	9.63e-01	0.00e+00	0.00e+00	0.00e+00
 3.55093e+22	2.50e-28	4.50e-22	2.86e-17	1.61e-13	2.41e-10	1.58e-07	3.39e-04	3.78e-02	9.62e-01	0.00e+00	0.00e+00	0.00e+00
 3.57017e+22	3.31e-28	5.74e-22	3.51e-17	1.90e-13	2.75e-10	1.73e-07	3.63e-04	3.91e-02	9.61e-01	0.00e+00	0.00e+00	0.00e+00
 3.58887e+22	4.36e-28	7.27e-22	4.29e-17	2.24e-13	3.13e-10	1.90e-07	3.87e-04	4.04e-02	9.59e-01	0.00e+00	0.00e+00	0.00e+00
 3.61016e+22	6.16e-28	9.80e-22	5.53e-17	2.76e-13	3.68e-10	2.13e-07	4.20e-04	4.21e-02	9.57e-01	0.00e+00	0.00e+00	0.00e+00
 3.63180e+22	8.28e-28	1.26e-21	6.86e-17	3.30e-13	4.22e-10	2.35e-07	4.50e-04	4.36e-02	9.56e-01	0.00e+00	0.00e+00	0.00e+00
 3.65076e+22	1.10e-27	1.62e-21	8.45e-17	3.92e-13	4.83e-10	2.58e-07	4.81e-04	4.51e-02	9.54e-01	0.00e+00	0.00e+00	0.00e+00
 3.66935e+22	1.46e-27	2.06e-21	1.04e-16	4.65e-13	5.51e-10	2.83e-07	5.13e-04	4.66e-02	9.53e-01	0.00e+00	0.00e+00	0.00e+00
 3.69056e+22	2.07e-27	2.79e-21	1.34e-16	5.74e-13	6.50e-10	3.18e-07	5.57e-04	4.85e-02	9.51e-01	0.00e+00	0.00e+00	0.00e+00
 3.71239e+22	2.90e-27	3.73e-21	1.71e-16	7.02e-13	7.59e-10	3.55e-07	6.01e-04	5.04e-02	9.49e-01	0.00e+00	0.00e+00	0.00e+00
 3.73126e+22	3.85e-27	4.76e-21	2.11e-16	8.33e-13	8.68e-10	3.91e-07	6.42e-04	5.21e-02	9.47e-01	0.00e+00	0.00e+00	0.00e+00
 3.75202e+22	5.47e-27	6.46e-21	2.73e-16	1.03e-12	1.02e-09	4.40e-07	6.97e-04	5.42e-02	9.45e-01	0.00e+00	0.00e+00	0.00e+00
 3.77285e+22	7.31e-27	8.29e-21	3.37e-16	1.23e-12	1.18e-09	4.85e-07	7.45e-04	5.60e-02	9.43e-01	0.00e+00	0.00e+00	0.00e+00
 3.79082e+22	9.90e-27	1.08e-20	4.21e-16	1.48e-12	1.35e-09	5.35e-07	7.97e-04	5.79e-02	9.41e-01	0.00e+00	0.00e+00	0.00e+00
 3.80828e+22	1.30e-26	1.36e-20	5.14e-16	1.74e-12	1.54e-09	5.87e-07	8.49e-04	5.97e-02	9.39e-01	0.00e+00	0.00e+00	0.00e+00
 3.82469e+22	1.69e-26	1.71e-20	6.22e-16	2.04e-12	1.74e-09	6.39e-07	9.00e-04	6.15e-02	9.38e-01	0.00e+00	0.00e+00	0.00e+00
 3.84023e+22	2.22e-26	2.17e-20	7.61e-16	2.41e-12	1.98e-09	6.99e-07	9.56e-04	6.33e-02	9.36e-01	0.00e+00	0.00e+00	0.00e+00
 3.85423e+22	2.81e-26	2.66e-20	9.05e-16	2.78e-12	2.21e-09	7.56e-07	1.01e-03	6.49e-02	9.34e-01	0.00e+00	0.00e+00	0.00e+00
 3.86664e+22	3.42e-26	3.15e-20	1.04e-15	3.13e-12	2.43e-09	8.07e-07	1.05e-03	6.64e-02	9.33e-01	0.00e+00	0.00e+00	0.00e+00
 3.88071e+22	4.48e-26	3.98e-20	1.27e-15	3.69e-12	2.75e-09	8.83e-07	1.12e-03	6.83e-02	9.31e-01	0.00e+00	0.00e+00	0.00e+00
 3.89543e+22	5.70e-26	4.90e-20	1.52e-15	4.27e-12	3.08e-09	9.56e-07	1.18e-03	7.01e-02	9.29e-01	0.00e+00	0.00e+00	0.00e+00
 3.90818e+22	7.11e-26	5.94e-20	1.79e-15	4.88e-12	3.42e-09	1.03e-06	1.24e-03	7.18e-02	9.27e-01	0.00e+00	0.00e+00	0.00e+00
 3.92009e+22	8.90e-26	7.21e-20	2.11e-15	5.59e-12	3.80e-09	1.11e-06	1.30e-03	7.35e-02	9.25e-01	0.00e+00	0.00e+00	0.00e+00
 3.93190e+22	1.10e-25	8.64e-20	2.46e-15	6.35e-12	4.20e-09	1.19e-06	1.36e-03	7.51e-02	9.24e-01	0.00e+00	0.00e+00	0.00e+00
 3.94351e+22	1.35e-25	1.04e-19	2.87e-15	7.22e-12	4.63e-09	1.27e-06	1.42e-03	7.68e-02	9.22e-01	0.00e+00	0.00e+00	0.00e+00
 3.95489e+22	1.68e-25	1.25e-19	3.37e-15	8.22e-12	5.12e-09	1.36e-06	1.49e-03	7.85e-02	9.20e-01	0.00e+00	0.00e+00	0.00e+00
 3.96612e+22	2.08e-25	1.50e-19	3.94e-15	9.36e-12	5.66e-09	1.46e-06	1.56e-03	8.03e-02	9.18e-01	0.00e+00	0.00e+00	0.00e+00
 3.97894e+22	2.71e-25	1.89e-19	4.79e-15	1.10e-11	6.41e-09	1.60e-06	1.65e-03	8.25e-02	9.16e-01	0.00e+00	0.00e+00	0.00e+00
 3.99192e+22	3.44e-25	2.33e-19	5.71e-15	1.27e-11	7.18e-09	1.73e-06	1.74e-03	8.45e-02	9.14e-01	0.00e+00	0.00e+00	0.00e+00
 4.00292e+22	4.26e-25	2.80e-19	6.68e-15	1.45e-11	7.93e-09	1.85e-06	1.82e-03	8.63e-02	9.12e-01	0.00e+00	0.00e+00	0.00e+00
 4.01312e+22	5.22e-25	3.34e-19	7.76e-15	1.64e-11	8.72e-09	1.98e-06	1.90e-03	8.81e-02	9.10e-01	0.00e+00	0.00e+00	0.00e+00
 4.02298e+22	6.39e-25	3.98e-19	9.01e-15	1.85e-11	9.59e-09	2.11e-06	1.98e-03	8.99e-02	9.08e-01	0.00e+00	0.00e+00	0.00e+00
 4.03430e+22	8.24e-25	4.96e-19	1.09e-14	2.16e-11	1.08e-08	2.29e-06	2.09e-03	9.22e-02	9.06e-01	0.00e+00	0.00e+00	0.00e+00
 4.04583e+22	1.04e-24	6.05e-19	1.29e-14	2.49e-11	1.20e-08	2.47e-06	2.19e-03	9.43e-02	9.03e-01	0.00e+00	0.00e+00	0.00e+00
 4.05569e+22	1.27e-24	7.23e-19	1.50e-14	2.82e-11	1.32e-08	2.64e-06	2.29e-03	9.62e-02	9.01e-01	0.00e+00	0.00e+00	0.00e+00
 4.06657e+22	1.66e-24	9.09e-19	1.82e-14	3.31e-11	1.50e-08	2.87e-06	2.41e-03	9.87e-02	8.99e-01	0.00e+00	0.00e+00	0.00e+00
 4.07776e+22	2.10e-24	1.11e-18	2.16e-14	3.81e-11	1.67e-08	3.10e-06	2.53e-03	1.01e-01	8.97e-01	0.00e+00	0.00e+00	0.00e+00
 4.08764e+22	2.61e-24	1.35e-18	2.54e-14	4.36e-11	1.85e-08	3.33e-06	2.65e-03	1.03e-01	8.94e-01	0.00e+00	0.00e+00	0.00e+00
 4.09877e+22	3.50e-24	1.74e-18	3.16e-14	5.21e-11	2.12e-08	3.65e-06	2.81e-03	1.06e-01	8.91e-01	0.00e+00	0.00e+00	0.00e+00
 4.11002e+22	4.44e-24	2.14e-18	3.76e-14	6.01e-11	2.36e-08	3.94e-06	2.95e-03	1.08e-01	8.89e-01	0.00e+00	0.00e+00	0.00e+00
 4.11961e+22	5.50e-24	2.58e-18	4.40e-14	6.85e-11	2.61e-08	4.22e-06	3.08e-03	1.11e-01	8.86e-01	0.00e+00	0.00e+00	0.00e+00
 4.13026e+22	7.56e-24	3.39e-18	5.57e-14	8.30e-11	3.02e-08	4.67e-06	3.27e-03	1.14e-01	8.83e-01	0.00e+00	0.00e+00	0.00e+00
 4.14072e+22	9.33e-24	4.07e-18	6.50e-14	9.43e-11	3.33e-08	4.99e-06	3.42e-03	1.16e-01	8.81e-01	0.00e+00	0.00e+00	0.00e+00
 4.15093e+22	1.27e-23	5.33e-18	8.17e-14	1.14e-10	3.84e-08	5.50e-06	3.63e-03	1.19e-01	8.77e-01	0.00e+00	0.00e+00	0.00e+00
 4.16095e+22	1.56e-23	6.36e-18	9.49e-14	1.29e-10	4.23e-08	5.87e-06	3.78e-03	1.22e-01	8.75e-01	0.00e+00	0.00e+00	0.00e+00
 4.17074e+22	2.14e-23	8.37e-18	1.20e-13	1.56e-10	4.88e-08	6.48e-06	4.02e-03	1.25e-01	8.71e-01	0.00e+00	0.00e+00	0.00e+00
 4.18048e+22	2.65e-23	1.01e-17	1.40e-13	1.77e-10	5.39e-08	6.93e-06	4.19e-03	1.27e-01	8.68e-01	0.00e+00	0.00e+00	0.00e+00
 4.19017e+22	3.64e-23	1.33e-17	1.77e-13	2.15e-10	6.24e-08	7.65e-06	4.45e-03	1.31e-01	8.64e-01	0.00e+00	0.00e+00	0.00e+00
 4.19993e+22	4.59e-23	1.62e-17	2.10e-13	2.47e-10	6.93e-08	8.23e-06	4.66e-03	1.34e-01	8.62e-01	0.00e+00	0.00e+00	0.00e+00
 4.20980e+22	6.40e-23	2.17e-17	2.69e-13	3.02e-10	8.07e-08	9.12e-06	4.96e-03	1.38e-01	8.57e-01	0.00e+00	0.00e+00	0.00e+00
 4.21975e+22	8.15e-23	2.67e-17	3.21e-13	3.49e-10	9.02e-08	9.84e-06	5.20e-03	1.41e-01	8.54e-01	0.00e+00	0.00e+00	0.00e+00
 4.22981e+22	1.13e-22	3.56e-17	4.09e-13	4.27e-10	1.05e-07	1.09e-05	5.54e-03	1.45e-01	8.50e-01	0.00e+00	0.00e+00	0.00e+00
 4.23978e+22	1.46e-22	4.42e-17	4.92e-13	4.96e-10	1.18e-07	1.18e-05	5.81e-03	1.48e-01	8.46e-01	0.00e+00	0.00e+00	0.00e+00
 4.24963e+22	2.03e-22	5.90e-17	6.28e-13	6.06e-10	1.37e-07	1.31e-05	6.19e-03	1.52e-01	8.42e-01	0.00e+00	0.00e+00	0.00e+00
 4.25963e+22	2.64e-22	7.42e-17	7.63e-13	7.11e-10	1.54e-07	1.42e-05	6.51e-03	1.56e-01	8.38e-01	0.00e+00	0.00e+00	0.00e+00
 4.26984e+22	3.75e-22	1.00e-16	9.87e-13	8.77e-10	1.81e-07	1.58e-05	6.96e-03	1.60e-01	8.33e-01	0.00e+00	0.00e+00	0.00e+00
 4.28016e+22	4.93e-22	1.27e-16	1.21e-12	1.03e-09	2.05e-07	1.72e-05	7.33e-03	1.64e-01	8.28e-01	0.00e+00	0.00e+00	0.00e+00
 4.29062e+22	7.06e-22	1.74e-16	1.57e-12	1.29e-09	2.42e-07	1.93e-05	7.86e-03	1.69e-01	8.23e-01	0.00e+00	0.00e+00	0.00e+00
 4.30114e+22	9.30e-22	2.21e-16	1.92e-12	1.52e-09	2.75e-07	2.10e-05	8.28e-03	1.73e-01	8.18e-01	0.00e+00	0.00e+00	0.00e+00
 4.31022e+22	1.22e-21	2.79e-16	2.35e-12	1.79e-09	3.11e-07	2.28e-05	8.73e-03	1.77e-01	8.14e-01	0.00e+00	0.00e+00	0.00e+00
 4.32052e+22	1.72e-21	3.77e-16	3.03e-12	2.20e-09	3.65e-07	2.55e-05	9.33e-03	1.83e-01	8.08e-01	0.00e+00	0.00e+00	0.00e+00
 4.33089e+22	2.26e-21	4.76e-16	3.69e-12	2.59e-09	4.13e-07	2.77e-05	9.83e-03	1.87e-01	8.03e-01	0.00e+00	0.00e+00	0.00e+00
 4.34137e+22	3.21e-21	6.46e-16	4.79e-12	3.20e-09	4.85e-07	3.10e-05	1.05e-02	1.92e-01	7.97e-01	0.00e+00	0.00e+00	0.00e+00
 4.35186e+22	4.14e-21	8.05e-16	5.77e-12	3.74e-09	5.46e-07	3.36e-05	1.11e-02	1.97e-01	7.92e-01	0.00e+00	0.00e+00	0.00e+00
 4.36238e+22	5.84e-21	1.09e-15	7.44e-12	4.60e-09	6.41e-07	3.75e-05	1.18e-02	2.02e-01	7.86e-01	0.00e+00	0.00e+00	0.00e+00
 4.37310e+22	7.54e-21	1.35e-15	8.98e-12	5.37e-09	7.22e-07	4.07e-05	1.24e-02	2.07e-01	7.81e-01	0.00e+00	0.00e+00	0.00e+00
 4.38406e+22	1.05e-20	1.81e-15	1.15e-11	6.58e-09	8.44e-07	4.53e-05	1.33e-02	2.13e-01	7.74e-01	0.00e+00	0.00e+00	0.00e+00
 4.39540e+22	1.38e-20	2.29e-15	1.40e-11	7.77e-09	9.58e-07	4.95e-05	1.40e-02	2.18e-01	7.68e-01	0.00e+00	0.00e+00	0.00e+00
 4.40719e+22	1.95e-20	3.09e-15	1.81e-11	9.58e-09	1.13e-06	5.53e-05	1.50e-02	2.24e-01	7.61e-01	0.00e+00	0.00e+00	0.00e+00
 4.41914e+22	2.55e-20	3.89e-15	2.20e-11	1.13e-08	1.28e-06	6.04e-05	1.59e-02	2.29e-01	7.55e-01	0.00e+00	0.00e+00	0.00e+00
 4.43130e+22	3.58e-20	5.22e-15	2.83e-11	1.39e-08	1.50e-06	6.75e-05	1.70e-02	2.36e-01	7.47e-01	0.00e+00	0.00e+00	0.00e+00
 4.44354e+22	4.62e-20	6.51e-15	3.42e-11	1.62e-08	1.69e-06	7.34e-05	1.79e-02	2.41e-01	7.41e-01	0.00e+00	0.00e+00	0.00e+00
 4.45588e+22	6.40e-20	8.64e-15	4.35e-11	1.98e-08	1.98e-06	8.18e-05	1.91e-02	2.48e-01	7.33e-01	0.00e+00	0.00e+00	0.00e+00
 4.46853e+22	8.26e-20	1.08e-14	5.25e-11	2.32e-08	2.24e-06	8.92e-05	2.02e-02	2.53e-01	7.26e-01	0.00e+00	0.00e+00	0.00e+00
 4.47952e+22	1.05e-19	1.32e-14	6.26e-11	2.68e-08	2.50e-06	9.65e-05	2.12e-02	2.58e-01	7.20e-01	0.00e+00	0.00e+00	0.00e+00
 4.49173e+22	1.41e-19	1.72e-14	7.81e-11	3.22e-08	2.89e-06	1.07e-04	2.25e-02	2.65e-01	7.12e-01	0.00e+00	0.00e+00	0.00e+00
 4.50407e+22	1.78e-19	2.10e-14	9.28e-11	3.71e-08	3.24e-06	1.16e-04	2.37e-02	2.70e-01	7.06e-01	0.00e+00	0.00e+00	0.00e+00
 4.51656e+22	2.40e-19	2.72e-14	1.16e-10	4.46e-08	3.74e-06	1.28e-04	2.52e-02	2.77e-01	6.98e-01	0.00e+00	0.00e+00	0.00e+00
 4.52925e+22	3.00e-19	3.31e-14	1.37e-10	5.13e-08	4.18e-06	1.38e-04	2.64e-02	2.82e-01	6.91e-01	0.00e+00	0.00e+00	0.00e+00
 4.54041e+22	3.75e-19	4.01e-14	1.61e-10	5.89e-08	4.65e-06	1.49e-04	2.77e-02	2.87e-01	6.85e-01	0.00e+00	0.00e+00	0.00e+00
 4.55309e+22	5.01e-19	5.16e-14	2.00e-10	7.04e-08	5.36e-06	1.65e-04	2.94e-02	2.94e-01	6.76e-01	0.00e+00	0.00e+00	0.00e+00
 4.56570e+22	6.12e-19	6.14e-14	2.32e-10	7.98e-08	5.92e-06	1.76e-04	3.07e-02	2.99e-01	6.70e-01	0.00e+00	0.00e+00	0.00e+00
 4.57822e+22	8.06e-19	7.80e-14	2.85e-10	9.47e-08	6.77e-06	1.94e-04	3.25e-02	3.06e-01	6.61e-01	0.00e+00	0.00e+00	0.00e+00
 4.59097e+22	9.87e-19	9.30e-14	3.31e-10	1.07e-07	7.49e-06	2.08e-04	3.39e-02	3.11e-01	6.55e-01	0.00e+00	0.00e+00	0.00e+00
 4.60404e+22	1.30e-18	1.18e-13	4.06e-10	1.28e-07	8.58e-06	2.29e-04	3.59e-02	3.18e-01	6.46e-01	0.00e+00	0.00e+00	0.00e+00
 4.61736e+22	1.60e-18	1.41e-13	4.74e-10	1.45e-07	9.50e-06	2.47e-04	3.76e-02	3.23e-01	6.39e-01	0.00e+00	0.00e+00	0.00e+00
 4.63100e+22	2.10e-18	1.80e-13	5.82e-10	1.72e-07	1.09e-05	2.72e-04	3.98e-02	3.30e-01	6.30e-01	0.00e+00	0.00e+00	0.00e+00
 4.64489e+22	2.59e-18	2.15e-13	6.79e-10	1.96e-07	1.21e-05	2.92e-04	4.16e-02	3.35e-01	6.23e-01	0.00e+00	0.00e+00	0.00e+00
 4.65910e+22	3.41e-18	2.73e-13	8.34e-10	2.33e-07	1.39e-05	3.22e-04	4.41e-02	3.43e-01	6.13e-01	0.00e+00	0.00e+00	0.00e+00
 4.67298e+22	4.09e-18	3.20e-13	9.56e-10	2.61e-07	1.52e-05	3.43e-04	4.59e-02	3.47e-01	6.06e-01	0.00e+00	0.00e+00	0.00e+00
 4.68645e+22	5.31e-18	4.02e-13	1.16e-09	3.08e-07	1.73e-05	3.77e-04	4.85e-02	3.54e-01	5.97e-01	0.00e+00	0.00e+00	0.00e+00
 4.70012e+22	6.37e-18	4.70e-13	1.33e-09	3.45e-07	1.89e-05	4.02e-04	5.04e-02	3.59e-01	5.90e-01	0.00e+00	0.00e+00	0.00e+00
 4.71405e+22	8.18e-18	5.85e-13	1.61e-09	4.04e-07	2.15e-05	4.39e-04	5.31e-02	3.66e-01	5.81e-01	0.00e+00	0.00e+00	0.00e+00
 4.72840e+22	1.00e-17	6.97e-13	1.87e-09	4.58e-07	2.38e-05	4.72e-04	5.55e-02	3.71e-01	5.73e-01	0.00e+00	0.00e+00	0.00e+00
 4.74331e+22	1.29e-17	8.67e-13	2.25e-09	5.37e-07	2.69e-05	5.16e-04	5.85e-02	3.78e-01	5.63e-01	0.00e+00	0.00e+00	0.00e+00
 4.75869e+22	1.59e-17	1.04e-12	2.64e-09	6.13e-07	3.00e-05	5.56e-04	6.11e-02	3.83e-01	5.55e-01	0.00e+00	0.00e+00	0.00e+00
 4.77469e+22	2.06e-17	1.31e-12	3.20e-09	7.22e-07	3.41e-05	6.10e-04	6.46e-02	3.90e-01	5.45e-01	0.00e+00	0.00e+00	0.00e+00
 4.79110e+22	2.55e-17	1.58e-12	3.76e-09	8.27e-07	3.80e-05	6.59e-04	6.75e-02	3.96e-01	5.36e-01	2.55e-17	6.47e-28	6.88e-28
 4.80806e+22	3.33e-17	1.99e-12	4.59e-09	9.77e-07	4.35e-05	7.24e-04	7.14e-02	4.03e-01	5.25e-01	3.33e-17	6.28e-26	7.91e-26
 4.82555e+22	4.17e-17	2.42e-12	5.43e-09	1.12e-06	4.87e-05	7.84e-04	7.48e-02	4.08e-01	5.16e-01	4.17e-17	7.86e-26	9.90e-26
 4.84372e+22	5.49e-17	3.07e-12	6.68e-09	1.34e-06	5.59e-05	8.64e-04	7.92e-02	4.15e-01	5.05e-01	5.49e-17	1.04e-25	1.30e-25
 4.86253e+22	6.94e-17	3.77e-12	7.96e-09	1.55e-06	6.29e-05	9.39e-04	8.31e-02	4.21e-01	4.95e-01	6.94e-17	1.31e-25	1.65e-25
 4.87956e+22	8.71e-17	4.59e-12	9.43e-09	1.79e-06	7.04e-05	1.02e-03	8.71e-02	4.27e-01	4.85e-01	8.71e-17	1.64e-25	2.07e-25
 4.89912e+22	1.16e-16	5.90e-12	1.17e-08	2.14e-06	8.13e-05	1.13e-03	9.23e-02	4.34e-01	4.73e-01	1.16e-16	2.19e-25	2.76e-25
 4.91906e+22	1.47e-16	7.25e-12	1.40e-08	2.48e-06	9.15e-05	1.22e-03	9.68e-02	4.39e-01	4.63e-01	1.47e-16	2.78e-25	3.49e-25
 4.93950e+22	1.97e-16	9.37e-12	1.74e-08	2.99e-06	1.06e-04	1.36e-03	1.03e-01	4.46e-01	4.50e-01	1.97e-16	3.73e-25	4.69e-25
 4.96021e+22	2.51e-16	1.16e-11	2.08e-08	3.47e-06	1.20e-04	1.48e-03	1.08e-01	4.51e-01	4.39e-01	2.51e-16	4.74e-25	5.97e-25
 4.98128e+22	3.40e-16	1.50e-11	2.61e-08	4.20e-06	1.39e-04	1.64e-03	1.14e-01	4.58e-01	4.26e-01	3.40e-16	6.42e-25	8.08e-25
 5.00256e+22	4.32e-16	1.86e-11	3.13e-08	4.89e-06	1.57e-04	1.79e-03	1.20e-01	4.63e-01	4.15e-01	4.32e-16	8.17e-25	1.03e-24
 5.02414e+22	5.91e-16	2.44e-11	3.96e-08	5.96e-06	1.84e-04	2.00e-03	1.28e-01	4.69e-01	4.01e-01	5.91e-16	1.12e-24	1.41e-24
 5.04583e+22	7.49e-16	3.00e-11	4.73e-08	6.92e-06	2.08e-04	2.18e-03	1.34e-01	4.74e-01	3.90e-01	7.49e-16	1.42e-24	1.79e-24
 5.06397e+22	9.30e-16	3.62e-11	5.56e-08	7.93e-06	2.31e-04	2.35e-03	1.39e-01	4.78e-01	3.80e-01	9.30e-16	1.76e-24	2.22e-24
 5.08386e+22	1.24e-15	4.67e-11	6.92e-08	9.55e-06	2.69e-04	2.61e-03	1.48e-01	4.82e-01	3.67e-01	1.24e-15	2.36e-24	2.97e-24
 5.10347e+22	1.53e-15	5.58e-11	8.08e-08	1.09e-05	2.98e-04	2.80e-03	1.54e-01	4.86e-01	3.58e-01	1.53e-15	2.90e-24	3.65e-24
 5.12271e+22	2.02e-15	7.11e-11	9.95e-08	1.30e-05	3.44e-04	3.10e-03	1.62e-01	4.90e-01	3.45e-01	2.02e-15	3.82e-24	4.81e-24
 5.14228e+22	2.50e-15	8.56e-11	1.17e-07	1.49e-05	3.84e-04	3.34e-03	1.69e-01	4.92e-01	3.35e-01	2.50e-15	4.74e-24	5.96e-24
 5.16228e+22	3.32e-15	1.10e-10	1.45e-07	1.79e-05	4.45e-04	3.71e-03	1.78e-01	4.96e-01	3.22e-01	3.32e-15	6.30e-24	7.92e-24
 5.18250e+22	4.13e-15	1.33e-10	1.71e-07	2.05e-05	4.98e-04	4.01e-03	1.86e-01	4.98e-01	3.12e-01	4.13e-15	7.84e-24	9.85e-24
 5.20304e+22	5.49e-15	1.70e-10	2.12e-07	2.47e-05	5.80e-04	4.45e-03	1.96e-01	5.01e-01	2.98e-01	5.49e-15	1.04e-23	1.31e-23
 5.22396e+22	6.88e-15	2.07e-10	2.52e-07	2.86e-05	6.54e-04	4.84e-03	2.05e-01	5.02e-01	2.87e-01	6.88e-15	1.31e-23	1.65e-23
 5.24538e+22	9.22e-15	2.68e-10	3.15e-07	3.47e-05	7.65e-04	5.41e-03	2.17e-01	5.04e-01	2.74e-01	9.22e-15	1.75e-23	2.21e-23
 5.26717e+22	1.16e-14	3.27e-10	3.76e-07	4.03e-05	8.67e-04	5.90e-03	2.26e-01	5.04e-01	2.63e-01	1.16e-14	2.21e-23	2.78e-23
 5.28946e+22	1.56e-14	4.24e-10	4.72e-07	4.91e-05	1.02e-03	6.62e-03	2.40e-01	5.04e-01	2.48e-01	1.56e-14	2.97e-23	3.73e-23
 5.31204e+22	1.96e-14	5.18e-10	5.63e-07	5.73e-05	1.16e-03	7.23e-03	2.50e-01	5.04e-01	2.37e-01	1.96e-14	3.74e-23	4.70e-23
 5.33113e+22	2.41e-14	6.21e-10	6.61e-07	6.59e-05	1.30e-03	7.85e-03	2.61e-01	5.03e-01	2.27e-01	2.41e-14	4.59e-23	5.77e-23
 5.35208e+22	3.13e-14	7.81e-10	8.11e-07	7.89e-05	1.52e-03	8.73e-03	2.74e-01	5.01e-01	2.15e-01	3.13e-14	5.97e-23	7.50e-23
 5.37310e+22	3.81e-14	9.30e-10	9.47e-07	9.05e-05	1.70e-03	9.48e-03	2.85e-01	4.99e-01	2.05e-01	3.81e-14	7.28e-23	9.15e-23
 5.39364e+22	4.84e-14	1.15e-09	1.14e-06	1.07e-04	1.96e-03	1.05e-02	2.99e-01	4.96e-01	1.93e-01	4.84e-14	9.25e-23	1.16e-22
 5.41458e+22	5.88e-14	1.36e-09	1.34e-06	1.23e-04	2.21e-03	1.14e-02	3.10e-01	4.92e-01	1.84e-01	5.88e-14	1.12e-22	1.41e-22
 5.43514e+22	7.29e-14	1.65e-09	1.59e-06	1.44e-04	2.53e-03	1.26e-02	3.24e-01	4.88e-01	1.73e-01	7.29e-14	1.40e-22	1.75e-22
 5.45613e+22	8.81e-14	1.95e-09	1.86e-06	1.66e-04	2.86e-03	1.37e-02	3.37e-01	4.83e-01	1.63e-01	8.81e-14	1.69e-22	2.12e-22
 5.47668e+22	1.07e-13	2.31e-09	2.18e-06	1.92e-04	3.25e-03	1.50e-02	3.50e-01	4.78e-01	1.54e-01	1.07e-13	2.04e-22	2.56e-22
 5.49718e+22	1.27e-13	2.70e-09	2.52e-06	2.20e-04	3.65e-03	1.63e-02	3.63e-01	4.72e-01	1.45e-01	1.27e-13	2.43e-22	3.05e-22
 5.51789e+22	1.52e-13	3.18e-09	2.94e-06	2.53e-04	4.13e-03	1.78e-02	3.77e-01	4.65e-01	1.36e-01	1.52e-13	2.91e-22	3.65e-22
 5.53888e+22	1.78e-13	3.68e-09	3.38e-06	2.89e-04	4.63e-03	1.94e-02	3.90e-01	4.59e-01	1.27e-01	1.78e-13	3.43e-22	4.30e-22
 5.55939e+22	2.08e-13	4.24e-09	3.87e-06	3.29e-04	5.19e-03	2.11e-02	4.03e-01	4.51e-01	1.19e-01	2.08e-13	4.00e-22	5.02e-22
 5.57992e+22	2.41e-13	4.85e-09	4.42e-06	3.73e-04	5.80e-03	2.29e-02	4.16e-01	4.43e-01	1.12e-01	2.41e-13	4.64e-22	5.82e-22
 5.60056e+22	2.77e-13	5.52e-09	5.02e-06	4.22e-04	6.47e-03	2.48e-02	4.29e-01	4.35e-01	1.05e-01	2.77e-13	5.34e-22	6.70e-22
 5.62134e+22	3.17e-13	6.26e-09	5.69e-06	4.76e-04	7.20e-03	2.69e-02	4.41e-01	4.27e-01	9.76e-02	3.17e-13	6.11e-22	7.66e-22
 5.64230e+22	3.60e-13	7.06e-09	6.43e-06	5.37e-04	8.00e-03	2.91e-02	4.54e-01	4.17e-01	9.10e-02	3.60e-13	6.95e-22	8.71e-22
 5.66341e+22	4.07e-13	7.93e-09	7.24e-06	6.03e-04	8.87e-03	3.14e-02	4.66e-01	4.08e-01	8.47e-02	4.07e-13	7.86e-22	9.85e-22
 5.68483e+22	4.58e-13	8.88e-09	8.14e-06	6.78e-04	9.83e-03	3.39e-02	4.79e-01	3.98e-01	7.86e-02	4.58e-13	8.85e-22	1.11e-21
 5.70645e+22	5.12e-13	9.89e-09	9.12e-06	7.59e-04	1.09e-02	3.65e-02	4.90e-01	3.88e-01	7.30e-02	5.12e-13	9.91e-22	1.24e-21
 5.72848e+22	5.71e-13	1.10e-08	1.02e-05	8.52e-04	1.20e-02	3.95e-02	5.02e-01	3.78e-01	6.75e-02	5.71e-13	1.11e-21	1.39e-21
 5.75087e+22	6.33e-13	1.22e-08	1.14e-05	9.53e-04	1.32e-02	4.25e-02	5.14e-01	3.67e-01	6.24e-02	6.33e-13	1.23e-21	1.54e-21
 5.77137e+22	6.89e-13	1.33e-08	1.25e-05	1.05e-03	1.43e-02	4.51e-02	5.23e-01	3.58e-01	5.84e-02	6.89e-13	1.34e-21	1.67e-21
 5.79280e+22	7.61e-13	1.47e-08	1.40e-05	1.17e-03	1.58e-02	4.87e-02	5.34e-01	3.47e-01	5.36e-02	7.61e-13	1.48e-21	1.85e-21
 5.81456e+22	8.25e-13	1.60e-08	1.53e-05	1.29e-03	1.71e-02	5.17e-02	5.43e-01	3.37e-01	5.00e-02	8.25e-13	1.61e-21	2.01e-21
 5.83691e+22	9.11e-13	1.77e-08	1.72e-05	1.45e-03	1.88e-02	5.57e-02	5.53e-01	3.25e-01	4.56e-02	9.11e-13	1.78e-21	2.22e-21
 5.85939e+22	9.82e-13	1.92e-08	1.88e-05	1.58e-03	2.03e-02	5.90e-02	5.61e-01	3.16e-01	4.25e-02	9.82e-13	1.92e-21	2.40e-21
 5.88204e+22	1.07e-12	2.12e-08	2.10e-05	1.77e-03	2.23e-02	6.35e-02	5.70e-01	3.04e-01	3.86e-02	1.07e-12	2.10e-21	2.63e-21
 5.90475e+22	1.16e-12	2.29e-08	2.29e-05	1.94e-03	2.39e-02	6.70e-02	5.76e-01	2.95e-01	3.60e-02	1.16e-12	2.27e-21	2.83e-21
 5.92752e+22	1.26e-12	2.52e-08	2.55e-05	2.17e-03	2.62e-02	7.18e-02	5.84e-01	2.83e-01	3.27e-02	1.26e-12	2.48e-21	3.10e-21
 5.95052e+22	1.36e-12	2.73e-08	2.78e-05	2.36e-03	2.80e-02	7.56e-02	5.90e-01	2.74e-01	3.03e-02	1.36e-12	2.67e-21	3.34e-21
 5.97382e+22	1.48e-12	3.01e-08	3.10e-05	2.64e-03	3.06e-02	8.09e-02	5.97e-01	2.62e-01	2.75e-02	1.48e-12	2.92e-21	3.64e-21
 5.99740e+22	1.59e-12	3.26e-08	3.39e-05	2.88e-03	3.27e-02	8.51e-02	6.01e-01	2.53e-01	2.54e-02	1.59e-12	3.15e-21	3.92e-21
 6.02137e+22	1.74e-12	3.60e-08	3.79e-05	3.23e-03	3.56e-02	9.09e-02	6.06e-01	2.41e-01	2.29e-02	1.74e-12	3.44e-21	4.29e-21
 6.04574e+22	1.88e-12	3.92e-08	4.16e-05	3.53e-03	3.80e-02	9.55e-02	6.10e-01	2.32e-01	2.11e-02	1.88e-12	3.72e-21	4.64e-21
 6.07066e+22	2.06e-12	4.34e-08	4.67e-05	3.95e-03	4.13e-02	1.02e-01	6.14e-01	2.20e-01	1.90e-02	2.06e-12	4.08e-21	5.09e-21
 6.09611e+22	2.23e-12	4.76e-08	5.14e-05	4.33e-03	4.41e-02	1.07e-01	6.16e-01	2.11e-01	1.74e-02	2.23e-12	4.44e-21	5.53e-21
 6.12226e+22	2.46e-12	5.31e-08	5.81e-05	4.87e-03	4.79e-02	1.14e-01	6.18e-01	2.00e-01	1.55e-02	2.46e-12	4.90e-21	6.11e-21
 6.14900e+22	2.69e-12	5.87e-08	6.44e-05	5.36e-03	5.12e-02	1.20e-01	6.19e-01	1.91e-01	1.41e-02	2.69e-12	5.38e-21	6.70e-21
 6.17156e+22	2.91e-12	6.39e-08	7.05e-05	5.82e-03	5.42e-02	1.25e-01	6.19e-01	1.83e-01	1.30e-02	2.91e-12	5.82e-21	7.25e-21
 6.19594e+22	3.20e-12	7.13e-08	7.91e-05	6.48e-03	5.83e-02	1.32e-01	6.18e-01	1.73e-01	1.17e-02	3.20e-12	6.43e-21	8.00e-21
 6.21968e+22	3.46e-12	7.76e-08	8.63e-05	7.00e-03	6.14e-02	1.37e-01	6.18e-01	1.67e-01	1.08e-02	3.46e-12	6.96e-21	8.66e-21
 6.24260e+22	3.78e-12	8.60e-08	9.61e-05	7.73e-03	6.55e-02	1.43e-01	6.16e-01	1.58e-01	9.72e-03	3.78e-12	7.61e-21	9.48e-21
 6.26574e+22	4.13e-12	9.44e-08	1.05e-04	8.36e-03	6.90e-02	1.49e-01	6.14e-01	1.51e-01	8.98e-03	4.13e-12	8.34e-21	1.04e-20
 6.28915e+22	4.55e-12	1.05e-07	1.18e-04	9.23e-03	7.35e-02	1.56e-01	6.10e-01	1.43e-01	8.06e-03	4.55e-12	9.22e-21	1.15e-20
 6.31288e+22	5.00e-12	1.16e-07	1.29e-04	9.99e-03	7.73e-02	1.61e-01	6.07e-01	1.37e-01	7.42e-03	5.00e-12	1.01e-20	1.26e-20
 6.33703e+22	5.56e-12	1.31e-07	1.46e-04	1.11e-02	8.24e-02	1.68e-01	6.03e-01	1.29e-01	6.63e-03	5.56e-12	1.13e-20	1.41e-20
 6.36152e+22	6.15e-12	1.45e-07	1.61e-04	1.20e-02	8.66e-02	1.74e-01	5.98e-01	1.23e-01	6.08e-03	6.15e-12	1.26e-20	1.56e-20
 6.38646e+22	6.90e-12	1.65e-07	1.82e-04	1.33e-02	9.23e-02	1.82e-01	5.92e-01	1.15e-01	5.40e-03	6.90e-12	1.42e-20	1.76e-20
 6.41182e+22	7.72e-12	1.85e-07	2.01e-04	1.44e-02	9.70e-02	1.87e-01	5.87e-01	1.10e-01	4.94e-03	7.72e-12	1.59e-20	1.97e-20
 6.43774e+22	8.75e-12	2.12e-07	2.29e-04	1.60e-02	1.03e-01	1.95e-01	5.79e-01	1.02e-01	4.36e-03	8.75e-12	1.81e-20	2.24e-20
 6.46416e+22	9.89e-12	2.39e-07	2.56e-04	1.74e-02	1.09e-01	2.01e-01	5.72e-01	9.68e-02	3.96e-03	9.89e-12	2.05e-20	2.54e-20
 6.49124e+22	1.14e-11	2.78e-07	2.93e-04	1.94e-02	1.16e-01	2.09e-01	5.62e-01	8.98e-02	3.47e-03	1.14e-11	2.36e-20	2.93e-20
 6.51902e+22	1.29e-11	3.16e-07	3.29e-04	2.12e-02	1.22e-01	2.16e-01	5.54e-01	8.46e-02	3.12e-03	1.29e-11	2.70e-20	3.35e-20
 6.54770e+22	1.52e-11	3.73e-07	3.80e-04	2.37e-02	1.30e-01	2.24e-01	5.42e-01	7.80e-02	2.72e-03	1.52e-11	3.19e-20	3.96e-20
 6.57680e+22	1.75e-11	4.28e-07	4.28e-04	2.59e-02	1.36e-01	2.30e-01	5.32e-01	7.31e-02	2.43e-03	1.75e-11	3.69e-20	4.57e-20
 6.60646e+22	2.09e-11	5.11e-07	4.99e-04	2.90e-02	1.45e-01	2.38e-01	5.18e-01	6.70e-02	2.10e-03	2.09e-11	4.42e-20	5.47e-20
 6.63646e+22	2.43e-11	5.91e-07	5.64e-04	3.16e-02	1.52e-01	2.44e-01	5.07e-01	6.26e-02	1.87e-03	2.43e-11	5.18e-20	6.41e-20
 6.66690e+22	2.93e-11	7.11e-07	6.59e-04	3.54e-02	1.62e-01	2.51e-01	4.92e-01	5.70e-02	1.60e-03	2.93e-11	6.27e-20	7.76e-20
 6.69776e+22	3.45e-11	8.28e-07	7.47e-04	3.87e-02	1.70e-01	2.57e-01	4.80e-01	5.30e-02	1.42e-03	3.45e-11	7.43e-20	9.18e-20
 6.72484e+22	4.03e-11	9.60e-07	8.44e-04	4.22e-02	1.78e-01	2.62e-01	4.67e-01	4.92e-02	1.26e-03	4.03e-11	8.71e-20	1.08e-19
 6.75573e+22	4.95e-11	1.16e-06	9.88e-04	4.71e-02	1.88e-01	2.68e-01	4.50e-01	4.46e-02	1.07e-03	4.95e-11	1.08e-19	1.33e-19
 6.78717e+22	5.84e-11	1.36e-06	1.12e-03	5.14e-02	1.96e-01	2.73e-01	4.36e-01	4.11e-02	9.39e-04	5.84e-11	1.28e-19	1.58e-19
 6.81271e+22	6.79e-11	1.56e-06	1.25e-03	5.53e-02	2.04e-01	2.76e-01	4.24e-01	3.83e-02	8.38e-04	6.79e-11	1.49e-19	1.84e-19
 6.83934e+22	8.14e-11	1.84e-06	1.42e-03	6.04e-02	2.13e-01	2.80e-01	4.10e-01	3.51e-02	7.33e-04	8.14e-11	1.81e-19	2.23e-19
 6.86726e+22	9.57e-11	2.13e-06	1.60e-03	6.51e-02	2.21e-01	2.83e-01	3.97e-01	3.25e-02	6.48e-04	9.57e-11	2.13e-19	2.63e-19
 6.89283e+22	1.12e-10	2.45e-06	1.79e-03	7.01e-02	2.28e-01	2.86e-01	3.83e-01	3.01e-02	5.74e-04	1.12e-10	2.52e-19	3.10e-19
 6.92204e+22	1.38e-10	2.94e-06	2.06e-03	7.69e-02	2.38e-01	2.88e-01	3.67e-01	2.72e-02	4.91e-04	1.38e-10	3.13e-19	3.85e-19
 6.95198e+22	1.65e-10	3.44e-06	2.32e-03	8.32e-02	2.47e-01	2.90e-01	3.52e-01	2.49e-02	4.28e-04	1.65e-10	3.76e-19	4.63e-19
 6.97837e+22	1.96e-10	3.99e-06	2.60e-03	8.94e-02	2.55e-01	2.91e-01	3.39e-01	2.28e-02	3.76e-04	1.96e-10	4.49e-19	5.52e-19
 7.00819e+22	2.43e-10	4.80e-06	2.99e-03	9.77e-02	2.65e-01	2.92e-01	3.22e-01	2.05e-02	3.19e-04	2.43e-10	5.62e-19	6.91e-19
 7.03929e+22	2.95e-10	5.66e-06	3.38e-03	1.06e-01	2.74e-01	2.92e-01	3.07e-01	1.86e-02	2.74e-04	2.95e-10	6.88e-19	8.44e-19
 7.06731e+22	3.54e-10	6.60e-06	3.80e-03	1.13e-01	2.82e-01	2.91e-01	2.93e-01	1.69e-02	2.38e-04	3.54e-10	8.33e-19	1.02e-18
 7.09901e+22	4.48e-10	8.01e-06	4.38e-03	1.24e-01	2.91e-01	2.90e-01	2.75e-01	1.50e-02	1.99e-04	4.48e-10	1.06e-18	1.30e-18
 7.13170e+22	5.50e-10	9.50e-06	4.97e-03	1.34e-01	3.00e-01	2.88e-01	2.60e-01	1.34e-02	1.69e-04	5.50e-10	1.32e-18	1.61e-18
 7.16082e+22	6.68e-10	1.11e-05	5.58e-03	1.43e-01	3.07e-01	2.86e-01	2.46e-01	1.21e-02	1.45e-04	6.68e-10	1.62e-18	1.98e-18
 7.19381e+22	8.55e-10	1.36e-05	6.44e-03	1.56e-01	3.16e-01	2.82e-01	2.29e-01	1.05e-02	1.19e-04	8.55e-10	2.10e-18	2.56e-18
 7.22801e+22	1.06e-09	1.62e-05	7.31e-03	1.68e-01	3.23e-01	2.78e-01	2.15e-01	9.33e-03	9.94e-05	1.06e-09	2.64e-18	3.22e-18
 7.25873e+22	1.31e-09	1.91e-05	8.22e-03	1.79e-01	3.30e-01	2.73e-01	2.01e-01	8.29e-03	8.39e-05	1.31e-09	3.28e-18	4.00e-18
 7.29361e+22	1.71e-09	2.35e-05	9.53e-03	1.95e-01	3.37e-01	2.67e-01	1.85e-01	7.11e-03	6.73e-05	1.71e-09	4.35e-18	5.30e-18
 7.32953e+22	2.14e-09	2.80e-05	1.08e-02	2.08e-01	3.43e-01	2.61e-01	1.71e-01	6.22e-03	5.56e-05	2.14e-09	5.52e-18	6.72e-18
 7.36190e+22	2.67e-09	3.32e-05	1.21e-02	2.22e-01	3.48e-01	2.54e-01	1.59e-01	5.45e-03	4.61e-05	2.67e-09	6.97e-18	8.48e-18
 7.39908e+22	3.55e-09	4.12e-05	1.41e-02	2.40e-01	3.53e-01	2.45e-01	1.43e-01	4.58e-03	3.61e-05	3.55e-09	9.43e-18	1.15e-17
 7.43666e+22	4.49e-09	4.92e-05	1.59e-02	2.56e-01	3.56e-01	2.37e-01	1.31e-01	3.95e-03	2.93e-05	4.49e-09	1.21e-17	1.47e-17
 7.47475e+22	5.99e-09	6.10e-05	1.84e-02	2.75e-01	3.59e-01	2.27e-01	1.18e-01	3.29e-03	2.27e-05	5.99e-09	1.64e-17	1.99e-17
 7.51329e+22	7.60e-09	7.27e-05	2.07e-02	2.92e-01	3.60e-01	2.18e-01	1.07e-01	2.81e-03	1.83e-05	7.60e-09	2.12e-17	2.56e-17
 7.55241e+22	1.02e-08	9.05e-05	2.39e-02	3.13e-01	3.60e-01	2.06e-01	9.47e-02	2.30e-03	1.39e-05	1.02e-08	2.91e-17	3.53e-17
 7.59189e+22	1.30e-08	1.08e-04	2.68e-02	3.29e-01	3.59e-01	1.97e-01	8.56e-02	1.96e-03	1.11e-05	1.30e-08	3.76e-17	4.55e-17
 7.63183e+22	1.76e-08	1.34e-04	3.09e-02	3.51e-01	3.57e-01	1.84e-01	7.48e-02	1.58e-03	8.26e-06	1.76e-08	5.22e-17	6.30e-17
 7.67219e+22	2.24e-08	1.59e-04	3.45e-02	3.68e-01	3.54e-01	1.75e-01	6.71e-02	1.33e-03	6.53e-06	2.24e-08	6.75e-17	8.15e-17
 7.71309e+22	3.05e-08	1.98e-04	3.96e-02	3.90e-01	3.49e-01	1.62e-01	5.80e-02	1.06e-03	4.79e-06	3.05e-08	9.43e-17	1.14e-16
 7.75453e+22	3.89e-08	2.35e-04	4.41e-02	4.07e-01	3.44e-01	1.52e-01	5.16e-02	8.79e-04	3.74e-06	3.89e-08	1.23e-16	1.48e-16
 7.79666e+22	5.32e-08	2.92e-04	5.05e-02	4.29e-01	3.36e-01	1.40e-01	4.40e-02	6.89e-04	2.69e-06	5.32e-08	1.73e-16	2.08e-16
 7.83798e+22	6.69e-08	3.42e-04	5.56e-02	4.44e-01	3.29e-01	1.31e-01	3.91e-02	5.74e-04	2.11e-06	6.69e-08	2.22e-16	2.66e-16
 7.87826e+22	8.99e-08	4.20e-04	6.29e-02	4.63e-01	3.20e-01	1.19e-01	3.34e-02	4.51e-04	1.53e-06	8.99e-08	3.06e-16	3.68e-16
 7.91707e+22	1.10e-07	4.83e-04	6.84e-02	4.76e-01	3.13e-01	1.12e-01	2.98e-02	3.81e-04	1.22e-06	1.10e-07	3.84e-16	4.60e-16
 7.95397e+22	1.44e-07	5.80e-04	7.62e-02	4.92e-01	3.03e-01	1.02e-01	2.57e-02	3.03e-04	8.99e-07	1.44e-07	5.16e-16	6.18e-16
 7.99083e+22	1.77e-07	6.65e-04	8.26e-02	5.04e-01	2.95e-01	9.53e-02	2.28e-02	2.54e-04	7.12e-07	1.77e-07	6.45e-16	7.73e-16
 8.02762e+22	2.27e-07	7.89e-04	9.11e-02	5.17e-01	2.84e-01	8.69e-02	1.96e-02	2.03e-04	5.30e-07	2.27e-07	8.55e-16	1.02e-15
 8.06574e+22	2.85e-07	9.18e-04	9.93e-02	5.28e-01	2.74e-01	7.99e-02	1.71e-02	1.66e-04	4.05e-07	2.85e-07	1.10e-15	1.31e-15
 8.09995e+22	3.50e-07	1.05e-03	1.07e-01	5.38e-01	2.65e-01	7.37e-02	1.51e-02	1.37e-04	3.15e-07	3.50e-07	1.38e-15	1.65e-15
 8.13875e+22	4.55e-07	1.26e-03	1.18e-01	5.48e-01	2.53e-01	6.63e-02	1.27e-02	1.07e-04	2.28e-07	4.55e-07	1.86e-15	2.22e-15
 8.17816e+22	5.66e-07	1.45e-03	1.28e-01	5.56e-01	2.43e-01	6.05e-02	1.11e-02	8.66e-05	1.73e-07	5.66e-07	2.37e-15	2.83e-15
 8.21309e+22	6.95e-07	1.66e-03	1.38e-01	5.63e-01	2.33e-01	5.53e-02	9.63e-03	7.07e-05	1.33e-07	6.95e-07	3.00e-15	3.57e-15
 8.24695e+22	8.45e-07	1.89e-03	1.48e-01	5.68e-01	2.23e-01	5.07e-02	8.43e-03	5.82e-05	0.00e+00	8.45e-07	3.74e-15	4.45e-15
 8.27822e+22	1.01e-06	2.13e-03	1.57e-01	5.72e-01	2.14e-01	4.67e-02	7.44e-03	4.85e-05	0.00e+00	1.01e-06	4.58e-15	5.45e-15
 8.30793e+22	1.20e-06	2.38e-03	1.67e-01	5.75e-01	2.06e-01	4.31e-02	6.59e-03	4.07e-05	0.00e+00	1.20e-06	5.57e-15	6.62e-15
 8.34208e+22	1.49e-06	2.74e-03	1.79e-01	5.78e-01	1.96e-01	3.88e-02	5.65e-03	3.24e-05	0.00e+00	1.49e-06	7.14e-15	8.48e-15
 8.37679e+22	1.79e-06	3.09e-03	1.91e-01	5.79e-01	1.87e-01	3.54e-02	4.94e-03	2.67e-05	0.00e+00	1.79e-06	8.81e-15	1.04e-14
 8.40713e+22	2.12e-06	3.45e-03	2.02e-01	5.80e-01	1.78e-01	3.25e-02	4.34e-03	2.21e-05	0.00e+00	2.12e-06	1.07e-14	1.27e-14
 8.44145e+22	2.62e-06	3.97e-03	2.16e-01	5.79e-01	1.68e-01	2.90e-02	3.69e-03	1.75e-05	0.00e+00	2.62e-06	1.38e-14	1.63e-14
 8.47643e+22	3.14e-06	4.45e-03	2.29e-01	5.78e-01	1.60e-01	2.64e-02	3.21e-03	1.43e-05	0.00e+00	3.14e-06	1.69e-14	2.00e-14
 8.50736e+22	3.71e-06	4.97e-03	2.41e-01	5.75e-01	1.52e-01	2.40e-02	2.81e-03	1.18e-05	0.00e+00	3.71e-06	2.06e-14	2.44e-14
 8.54266e+22	4.60e-06	5.70e-03	2.57e-01	5.71e-01	1.42e-01	2.13e-02	2.36e-03	9.19e-06	0.00e+00	4.60e-06	2.65e-14	3.13e-14
 8.57847e+22	5.49e-06	6.39e-03	2.71e-01	5.67e-01	1.34e-01	1.92e-02	2.04e-03	7.45e-06	0.00e+00	5.49e-06	3.26e-14	3.85e-14
 8.61006e+22	6.50e-06	7.12e-03	2.85e-01	5.62e-01	1.27e-01	1.73e-02	1.77e-03	6.07e-06	0.00e+00	6.50e-06	3.98e-14	4.69e-14
 8.64624e+22	8.05e-06	8.17e-03	3.03e-01	5.54e-01	1.18e-01	1.52e-02	1.47e-03	4.67e-06	0.00e+00	8.05e-06	5.13e-14	6.04e-14
 8.68300e+22	9.60e-06	9.14e-03	3.19e-01	5.47e-01	1.11e-01	1.36e-02	1.26e-03	3.75e-06	0.00e+00	9.60e-06	6.31e-14	7.44e-14
 8.71558e+22	1.14e-05	1.02e-02	3.34e-01	5.38e-01	1.04e-01	1.22e-02	1.09e-03	3.02e-06	0.00e+00	1.14e-05	7.72e-14	9.10e-14
 8.75299e+22	1.41e-05	1.17e-02	3.54e-01	5.27e-01	9.54e-02	1.06e-02	8.92e-04	2.28e-06	0.00e+00	1.41e-05	9.98e-14	1.18e-13
 8.79102e+22	1.68e-05	1.31e-02	3.71e-01	5.17e-01	8.88e-02	9.38e-03	7.57e-04	1.80e-06	0.00e+00	1.68e-05	1.23e-13	1.45e-13
 8.82985e+22	2.08e-05	1.50e-02	3.92e-01	5.03e-01	8.13e-02	8.08e-03	6.18e-04	1.35e-06	0.00e+00	2.08e-05	1.60e-13	1.88e-13
 8.86956e+22	2.51e-05	1.68e-02	4.11e-01	4.90e-01	7.49e-02	7.06e-03	5.15e-04	1.04e-06	0.00e+00	2.51e-05	1.99e-13	2.35e-13
 8.90439e+22	2.98e-05	1.87e-02	4.28e-01	4.77e-01	6.93e-02	6.22e-03	4.34e-04	8.21e-07	0.00e+00	2.98e-05	2.45e-13	2.89e-13
 8.94362e+22	3.68e-05	2.14e-02	4.50e-01	4.60e-01	6.27e-02	5.29e-03	3.50e-04	6.04e-07	0.00e+00	3.68e-05	3.18e-13	3.76e-13
