#depth	C	C+	C+2	C+3	C+4	C+5	C+6	C[1]	C[2]	C[3]	C+[1]	C+[2]	CO
 4.62852e+21	0.00e+00	9.19e-26	1.84e-19	4.26e-14	1.20e-08	1.88e-04	1.00e+00	0.00e+00	0.00e+00	0.00e+00	0.00e+00	0.00e+00	3.81e-107
 1.05385e+22	0.00e+00	5.63e-25	7.99e-19	1.31e-13	2.51e-08	2.69e-04	1.00e+00	0.00e+00	0.00e+00	0.00e+00	0.00e+00	0.00e+00	2.54e-108
 1.26906e+22	1.49e-32	1.90e-24	2.15e-18	2.80e-13	4.14e-08	3.41e-04	1.00e+00	0.00e+00	0.00e+00	0.00e+00	0.00e+00	0.00e+00	6.79e-91
 1.42577e+22	4.71e-32	5.01e-24	4.72e-18	5.15e-13	6.17e-08	4.13e-04	1.00e+00	0.00e+00	0.00e+00	0.00e+00	0.00e+00	0.00e+00	3.73e-89
 1.51283e+22	6.31e-32	6.40e-24	5.76e-18	6.00e-13	6.82e-08	4.33e-04	1.00e+00	0.00e+00	0.00e+00	0.00e+00	0.00e+00	0.00e+00	2.17e-88
 1.54703e+22	8.27e-32	8.03e-24	6.93e-18	6.95e-13	7.50e-08	4.53e-04	1.00e+00	0.00e+00	0.00e+00	0.00e+00	0.00e+00	0.00e+00	5.69e-88
 1.57865e+22	1.05e-31	9.85e-24	8.19e-18	7.92e-13	8.17e-08	4.71e-04	1.00e+00	0.00e+00	0.00e+00	0.00e+00	0.00e+00	0.00e+00	4.97e-88
 1.61276e+22	1.44e-31	1.28e-23	1.01e-17	9.31e-13	9.09e-08	4.96e-04	1.00e+00	0.00e+00	0.00e+00	0.00e+00	0.00e+00	0.00e+00	1.85e-87
 1.64684e+22	1.85e-31	1.58e-23	1.20e-17	1.06e-12	9.92e-08	5.18e-04	9.99e-01	0.00e+00	0.00e+00	0.00e+00	0.00e+00	0.00e+00	5.54e-87
 1.67614e+22	2.35e-31	1.93e-23	1.41e-17	1.21e-12	1.08e-07	5.38e-04	9.99e-01	0.00e+00	0.00e+00	0.00e+00	0.00e+00	0.00e+00	1.03e-86
 1.70947e+22	3.14e-31	2.47e-23	1.73e-17	1.41e-12	1.19e-07	5.65e-04	9.99e-01	0.00e+00	0.00e+00	0.00e+00	0.00e+00	0.00e+00	1.41e-86
 1.74404e+22	4.09e-31	3.08e-23	2.07e-17	1.62e-12	1.31e-07	5.90e-04	9.99e-01	0.00e+00	0.00e+00	0.00e+00	0.00e+00	0.00e+00	2.49e-86
 1.77397e+22	5.20e-31	3.77e-23	2.43e-17	1.84e-12	1.42e-07	6.14e-04	9.99e-01	0.00e+00	0.00e+00	0.00e+00	0.00e+00	0.00e+00	2.48e-86
 1.80662e+22	6.92e-31	4.79e-23	2.96e-17	2.15e-12	1.57e-07	6.44e-04	9.99e-01	0.00e+00	0.00e+00	0.00e+00	0.00e+00	0.00e+00	2.98e-86
 1.84119e+22	9.06e-31	6.01e-23	3.56e-17	2.48e-12	1.73e-07	6.74e-04	9.99e-01	0.00e+00	0.00e+00	0.00e+00	0.00e+00	0.00e+00	5.02e-86
 1.87217e+22	1.16e-30	7.42e-23	4.22e-17	2.83e-12	1.89e-07	7.02e-04	9.99e-01	0.00e+00	0.00e+00	0.00e+00	0.00e+00	0.00e+00	3.94e-85
 1.89963e+22	1.45e-30	8.90e-23	4.90e-17	3.18e-12	2.04e-07	7.28e-04	9.99e-01	0.00e+00	0.00e+00	0.00e+00	0.00e+00	0.00e+00	7.07e-85
 1.92470e+22	1.77e-30	1.05e-22	5.62e-17	3.54e-12	2.19e-07	7.53e-04	9.99e-01	0.00e+00	0.00e+00	0.00e+00	0.00e+00	0.00e+00	1.69e-84
 1.95340e+22	2.25e-30	1.29e-22	6.65e-17	4.03e-12	2.38e-07	7.84e-04	9.99e-01	0.00e+00	0.00e+00	0.00e+00	0.00e+00	0.00e+00	2.39e-84
 1.98445e+22	2.88e-30	1.59e-22	7.85e-17	4.58e-12	2.59e-07	8.16e-04	9.99e-01	0.00e+00	0.00e+00	0.00e+00	0.00e+00	0.00e+00	3.13e-84
 2.01262e+22	3.61e-30	1.92e-22	9.16e-17	5.16e-12	2.80e-07	8.47e-04	9.99e-01	0.00e+00	0.00e+00	0.00e+00	0.00e+00	0.00e+00	9.57e-84
 2.03926e+22	4.50e-30	2.31e-22	1.07e-16	5.80e-12	3.03e-07	8.79e-04	9.99e-01	0.00e+00	0.00e+00	0.00e+00	0.00e+00	0.00e+00	1.64e-83
 2.06557e+22	5.56e-30	2.76e-22	1.23e-16	6.50e-12	3.26e-07	9.11e-04	9.99e-01	0.00e+00	0.00e+00	0.00e+00	0.00e+00	0.00e+00	2.12e-83
 2.09549e+22	7.18e-30	3.43e-22	1.47e-16	7.45e-12	3.57e-07	9.50e-04	9.99e-01	0.00e+00	0.00e+00	0.00e+00	0.00e+00	0.00e+00	1.62e-83
 2.12685e+22	9.17e-30	4.21e-22	1.73e-16	8.47e-12	3.89e-07	9.90e-04	9.99e-01	0.00e+00	0.00e+00	0.00e+00	0.00e+00	0.00e+00	9.52e-83
 2.15413e+22	1.14e-29	5.06e-22	2.01e-16	9.51e-12	4.20e-07	1.03e-03	9.99e-01	0.00e+00	0.00e+00	0.00e+00	0.00e+00	0.00e+00	1.97e-82
 2.17824e+22	1.39e-29	5.95e-22	2.30e-16	1.05e-11	4.49e-07	1.06e-03	9.99e-01	0.00e+00	0.00e+00	0.00e+00	0.00e+00	0.00e+00	2.29e-82
 2.20416e+22	1.73e-29	7.16e-22	2.67e-16	1.19e-11	4.85e-07	1.10e-03	9.99e-01	0.00e+00	0.00e+00	0.00e+00	0.00e+00	0.00e+00	2.24e-82
 2.23215e+22	2.15e-29	8.59e-22	3.09e-16	1.33e-11	5.24e-07	1.14e-03	9.99e-01	0.00e+00	0.00e+00	0.00e+00	0.00e+00	0.00e+00	7.92e-82
 2.25759e+22	2.63e-29	1.02e-21	3.55e-16	1.48e-11	5.62e-07	1.18e-03	9.99e-01	0.00e+00	0.00e+00	0.00e+00	0.00e+00	0.00e+00	1.55e-81
 2.28543e+22	3.34e-29	1.24e-21	4.19e-16	1.68e-11	6.12e-07	1.23e-03	9.99e-01	0.00e+00	0.00e+00	0.00e+00	0.00e+00	0.00e+00	2.32e-81
 2.31452e+22	4.19e-29	1.50e-21	4.88e-16	1.89e-11	6.62e-07	1.28e-03	9.99e-01	0.00e+00	0.00e+00	0.00e+00	0.00e+00	0.00e+00	3.33e-81
 2.33908e+22	5.09e-29	1.77e-21	5.56e-16	2.10e-11	7.09e-07	1.32e-03	9.99e-01	0.00e+00	0.00e+00	0.00e+00	0.00e+00	0.00e+00	1.48e-80
 2.36488e+22	6.35e-29	2.13e-21	6.48e-16	2.36e-11	7.67e-07	1.37e-03	9.99e-01	0.00e+00	0.00e+00	0.00e+00	0.00e+00	0.00e+00	2.58e-80
 2.39246e+22	7.87e-29	2.55e-21	7.49e-16	2.64e-11	8.27e-07	1.42e-03	9.99e-01	0.00e+00	0.00e+00	0.00e+00	0.00e+00	0.00e+00	4.39e-80
 2.41749e+22	9.60e-29	3.01e-21	8.57e-16	2.93e-11	8.86e-07	1.47e-03	9.99e-01	0.00e+00	0.00e+00	0.00e+00	0.00e+00	0.00e+00	7.18e-80
 2.44512e+22	1.22e-28	3.68e-21	1.01e-15	3.33e-11	9.64e-07	1.53e-03	9.98e-01	0.00e+00	0.00e+00	0.00e+00	0.00e+00	0.00e+00	1.29e-79
 2.47412e+22	1.52e-28	4.44e-21	1.17e-15	3.74e-11	1.04e-06	1.59e-03	9.98e-01	0.00e+00	0.00e+00	0.00e+00	0.00e+00	0.00e+00	2.26e-79
 2.49837e+22	1.84e-28	5.20e-21	1.33e-15	4.13e-11	1.11e-06	1.64e-03	9.98e-01	0.00e+00	0.00e+00	0.00e+00	0.00e+00	0.00e+00	3.63e-79
 2.52004e+22	2.18e-28	6.00e-21	1.50e-15	4.52e-11	1.18e-06	1.68e-03	9.98e-01	0.00e+00	0.00e+00	0.00e+00	0.00e+00	0.00e+00	5.54e-79
 2.54487e+22	2.70e-28	7.16e-21	1.73e-15	5.06e-11	1.28e-06	1.75e-03	9.98e-01	0.00e+00	0.00e+00	0.00e+00	0.00e+00	0.00e+00	9.36e-79
 2.57179e+22	3.33e-28	8.54e-21	1.99e-15	5.64e-11	1.37e-06	1.81e-03	9.98e-01	0.00e+00	0.00e+00	0.00e+00	0.00e+00	0.00e+00	1.58e-78
 2.59664e+22	4.07e-28	1.01e-20	2.28e-15	6.26e-11	1.47e-06	1.87e-03	9.98e-01	0.00e+00	0.00e+00	0.00e+00	0.00e+00	0.00e+00	2.60e-78
 2.62416e+22	5.15e-28	1.23e-20	2.68e-15	7.10e-11	1.60e-06	1.95e-03	9.98e-01	0.00e+00	0.00e+00	0.00e+00	0.00e+00	0.00e+00	4.69e-78
 2.65160e+22	6.36e-28	1.46e-20	3.08e-15	7.90e-11	1.72e-06	2.02e-03	9.98e-01	0.00e+00	0.00e+00	0.00e+00	0.00e+00	0.00e+00	7.91e-78
 2.67394e+22	7.60e-28	1.70e-20	3.47e-15	8.66e-11	1.83e-06	2.08e-03	9.98e-01	0.00e+00	0.00e+00	0.00e+00	0.00e+00	0.00e+00	1.23e-77
 2.69797e+22	9.34e-28	2.01e-20	3.98e-15	9.65e-11	1.97e-06	2.16e-03	9.98e-01	0.00e+00	0.00e+00	0.00e+00	0.00e+00	0.00e+00	2.06e-77
 2.72424e+22	1.15e-27	2.40e-20	4.58e-15	1.07e-10	2.12e-06	2.24e-03	9.98e-01	0.00e+00	0.00e+00	0.00e+00	0.00e+00	0.00e+00	3.48e-77
 2.74868e+22	1.39e-27	2.81e-20	5.20e-15	1.19e-10	2.27e-06	2.31e-03	9.98e-01	0.00e+00	0.00e+00	0.00e+00	0.00e+00	0.00e+00	5.60e-77
 2.77570e+22	1.76e-27	3.41e-20	6.08e-15	1.34e-10	2.46e-06	2.41e-03	9.98e-01	0.00e+00	0.00e+00	0.00e+00	0.00e+00	0.00e+00	1.00e-76
 2.80279e+22	2.17e-27	4.05e-20	6.98e-15	1.48e-10	2.64e-06	2.50e-03	9.97e-01	0.00e+00	0.00e+00	0.00e+00	0.00e+00	0.00e+00	1.71e-76
 2.82477e+22	2.57e-27	4.67e-20	7.82e-15	1.62e-10	2.81e-06	2.57e-03	9.97e-01	0.00e+00	0.00e+00	0.00e+00	0.00e+00	0.00e+00	2.59e-76
 2.84814e+22	3.16e-27	5.53e-20	8.95e-15	1.80e-10	3.02e-06	2.66e-03	9.97e-01	0.00e+00	0.00e+00	0.00e+00	0.00e+00	0.00e+00	4.35e-76
 2.87356e+22	3.85e-27	6.51e-20	1.02e-14	1.99e-10	3.23e-06	2.76e-03	9.97e-01	0.00e+00	0.00e+00	0.00e+00	0.00e+00	0.00e+00	7.15e-76
 2.89771e+22	4.69e-27	7.66e-20	1.16e-14	2.19e-10	3.46e-06	2.86e-03	9.97e-01	0.00e+00	0.00e+00	0.00e+00	0.00e+00	0.00e+00	1.18e-75
 2.92143e+22	5.70e-27	8.99e-20	1.32e-14	2.42e-10	3.70e-06	2.95e-03	9.97e-01	0.00e+00	0.00e+00	0.00e+00	0.00e+00	0.00e+00	1.91e-75
 2.94420e+22	6.86e-27	1.05e-19	1.49e-14	2.64e-10	3.94e-06	3.05e-03	9.97e-01	0.00e+00	0.00e+00	0.00e+00	0.00e+00	0.00e+00	3.06e-75
 2.96590e+22	8.19e-27	1.21e-19	1.67e-14	2.89e-10	4.19e-06	3.15e-03	9.97e-01	0.00e+00	0.00e+00	0.00e+00	0.00e+00	0.00e+00	4.77e-75
 2.99056e+22	1.02e-26	1.45e-19	1.92e-14	3.21e-10	4.51e-06	3.27e-03	9.97e-01	0.00e+00	0.00e+00	0.00e+00	0.00e+00	0.00e+00	8.29e-75
 3.01633e+22	1.25e-26	1.71e-19	2.19e-14	3.54e-10	4.84e-06	3.40e-03	9.97e-01	0.00e+00	0.00e+00	0.00e+00	0.00e+00	0.00e+00	1.40e-74
 3.03896e+22	1.51e-26	1.99e-19	2.47e-14	3.87e-10	5.15e-06	3.51e-03	9.96e-01	0.00e+00	0.00e+00	0.00e+00	0.00e+00	0.00e+00	2.24e-74
 3.06379e+22	1.88e-26	2.39e-19	2.85e-14	4.31e-10	5.55e-06	3.65e-03	9.96e-01	0.00e+00	0.00e+00	0.00e+00	0.00e+00	0.00e+00	3.93e-74
 3.09011e+22	2.35e-26	2.85e-19	3.27e-14	4.76e-10	5.97e-06	3.80e-03	9.96e-01	0.00e+00	0.00e+00	0.00e+00	0.00e+00	0.00e+00	6.89e-74
 3.11235e+22	2.79e-26	3.28e-19	3.64e-14	5.17e-10	6.33e-06	3.92e-03	9.96e-01	0.00e+00	0.00e+00	0.00e+00	0.00e+00	0.00e+00	1.06e-73
 3.13524e+22	3.45e-26	3.90e-19	4.17e-14	5.70e-10	6.79e-06	4.08e-03	9.96e-01	0.00e+00	0.00e+00	0.00e+00	0.00e+00	0.00e+00	1.84e-73
 3.15909e+22	4.19e-26	4.55e-19	4.69e-14	6.21e-10	7.23e-06	4.22e-03	9.96e-01	0.00e+00	0.00e+00	0.00e+00	0.00e+00	0.00e+00	3.02e-73
 3.18055e+22	5.02e-26	5.27e-19	5.25e-14	6.75e-10	7.67e-06	4.37e-03	9.96e-01	0.00e+00	0.00e+00	0.00e+00	0.00e+00	0.00e+00	4.80e-73
 3.20482e+22	6.34e-26	6.36e-19	6.06e-14	7.47e-10	8.27e-06	4.56e-03	9.95e-01	0.00e+00	0.00e+00	0.00e+00	0.00e+00	0.00e+00	8.81e-73
 3.22943e+22	7.68e-26	7.42e-19	6.83e-14	8.15e-10	8.82e-06	4.72e-03	9.95e-01	0.00e+00	0.00e+00	0.00e+00	0.00e+00	0.00e+00	1.44e-72
 3.25041e+22	9.22e-26	8.58e-19	7.62e-14	8.81e-10	9.34e-06	4.88e-03	9.95e-01	0.00e+00	0.00e+00	0.00e+00	0.00e+00	0.00e+00	2.31e-72
 3.27034e+22	1.09e-25	9.83e-19	8.46e-14	9.49e-10	9.88e-06	5.04e-03	9.95e-01	0.00e+00	0.00e+00	0.00e+00	0.00e+00	0.00e+00	3.59e-72
 3.29302e+22	1.36e-25	1.17e-18	9.65e-14	1.04e-09	1.06e-05	5.25e-03	9.95e-01	0.00e+00	0.00e+00	0.00e+00	0.00e+00	0.00e+00	6.33e-72
 3.31637e+22	1.65e-25	1.36e-18	1.08e-13	1.13e-09	1.13e-05	5.44e-03	9.95e-01	0.00e+00	0.00e+00	0.00e+00	0.00e+00	0.00e+00	1.05e-71
 3.33686e+22	1.98e-25	1.58e-18	1.21e-13	1.22e-09	1.19e-05	5.63e-03	9.94e-01	0.00e+00	0.00e+00	0.00e+00	0.00e+00	0.00e+00	1.69e-71
 3.35975e+22	2.48e-25	1.88e-18	1.38e-13	1.33e-09	1.28e-05	5.88e-03	9.94e-01	0.00e+00	0.00e+00	0.00e+00	0.00e+00	0.00e+00	3.06e-71
 3.38257e+22	2.98e-25	2.18e-18	1.54e-13	1.44e-09	1.35e-05	6.08e-03	9.94e-01	0.00e+00	0.00e+00	0.00e+00	0.00e+00	0.00e+00	4.94e-71
 3.40187e+22	3.56e-25	2.50e-18	1.70e-13	1.54e-09	1.43e-05	6.29e-03	9.94e-01	0.00e+00	0.00e+00	0.00e+00	0.00e+00	0.00e+00	7.88e-71
 3.42353e+22	4.42e-25	2.97e-18	1.93e-13	1.68e-09	1.53e-05	6.56e-03	9.93e-01	0.00e+00	0.00e+00	0.00e+00	0.00e+00	0.00e+00	1.40e-70
 3.44566e+22	5.30e-25	3.42e-18	2.15e-13	1.81e-09	1.62e-05	6.79e-03	9.93e-01	0.00e+00	0.00e+00	0.00e+00	0.00e+00	0.00e+00	2.25e-70
 3.46840e+22	6.67e-25	4.09e-18	2.46e-13	1.98e-09	1.74e-05	7.09e-03	9.93e-01	0.00e+00	0.00e+00	0.00e+00	0.00e+00	0.00e+00	4.16e-70
 3.49123e+22	8.12e-25	4.77e-18	2.75e-13	2.13e-09	1.84e-05	7.36e-03	9.93e-01	0.00e+00	0.00e+00	0.00e+00	0.00e+00	0.00e+00	7.03e-70
 3.50989e+22	9.54e-25	5.41e-18	3.02e-13	2.26e-09	1.94e-05	7.60e-03	9.92e-01	0.00e+00	0.00e+00	0.00e+00	0.00e+00	0.00e+00	1.08e-69
 3.52984e+22	1.17e-24	6.34e-18	3.39e-13	2.45e-09	2.06e-05	7.90e-03	9.92e-01	0.00e+00	0.00e+00	0.00e+00	0.00e+00	0.00e+00	1.87e-69
 3.55093e+22	1.40e-24	7.31e-18	3.76e-13	2.62e-09	2.18e-05	8.18e-03	9.92e-01	0.00e+00	0.00e+00	0.00e+00	0.00e+00	0.00e+00	3.04e-69
 3.57017e+22	1.68e-24	8.40e-18	4.16e-13	2.80e-09	2.30e-05	8.47e-03	9.92e-01	0.00e+00	0.00e+00	0.00e+00	0.00e+00	0.00e+00	4.94e-69
 3.58887e+22	2.00e-24	9.64e-18	4.60e-13	2.99e-09	2.43e-05	8.76e-03	9.91e-01	0.00e+00	0.00e+00	0.00e+00	0.00e+00	0.00e+00	7.95e-69
 3.61016e+22	2.50e-24	1.15e-17	5.22e-13	3.24e-09	2.59e-05	9.15e-03	9.91e-01	0.00e+00	0.00e+00	0.00e+00	0.00e+00	0.00e+00	1.45e-68
 3.63180e+22	3.02e-24	1.32e-17	5.79e-13	3.47e-09	2.74e-05	9.48e-03	9.90e-01	0.00e+00	0.00e+00	0.00e+00	0.00e+00	0.00e+00	2.41e-68
 3.65076e+22	3.61e-24	1.52e-17	6.41e-13	3.70e-09	2.90e-05	9.82e-03	9.90e-01	0.00e+00	0.00e+00	0.00e+00	0.00e+00	0.00e+00	3.93e-68
 3.66935e+22	4.32e-24	1.74e-17	7.08e-13	3.94e-09	3.05e-05	1.02e-02	9.90e-01	0.00e+00	0.00e+00	0.00e+00	0.00e+00	0.00e+00	6.38e-68
 3.69056e+22	5.38e-24	2.07e-17	8.01e-13	4.27e-09	3.27e-05	1.06e-02	9.89e-01	0.00e+00	0.00e+00	0.00e+00	0.00e+00	0.00e+00	1.17e-67
 3.71239e+22	6.60e-24	2.42e-17	8.95e-13	4.57e-09	3.47e-05	1.10e-02	9.89e-01	0.00e+00	0.00e+00	0.00e+00	0.00e+00	0.00e+00	2.05e-67
 3.73126e+22	7.89e-24	2.78e-17	9.89e-13	4.86e-09	3.66e-05	1.14e-02	9.89e-01	0.00e+00	0.00e+00	0.00e+00	0.00e+00	0.00e+00	3.33e-67
 3.75202e+22	9.82e-24	3.29e-17	1.12e-12	5.26e-09	3.91e-05	1.19e-02	9.88e-01	0.00e+00	0.00e+00	0.00e+00	0.00e+00	0.00e+00	6.08e-67
 3.77285e+22	1.18e-23	3.78e-17	1.24e-12	5.61e-09	4.13e-05	1.24e-02	9.88e-01	0.00e+00	0.00e+00	0.00e+00	0.00e+00	0.00e+00	9.97e-67
 3.79082e+22	1.41e-23	4.35e-17	1.36e-12	5.95e-09	4.35e-05	1.28e-02	9.87e-01	0.00e+00	0.00e+00	0.00e+00	0.00e+00	0.00e+00	1.66e-66
 3.80828e+22	1.67e-23	4.95e-17	1.50e-12	6.31e-09	4.58e-05	1.32e-02	9.87e-01	0.00e+00	0.00e+00	0.00e+00	4.95e-17	5.47e-26	2.64e-66
 3.82469e+22	1.96e-23	5.59e-17	1.64e-12	6.65e-09	4.80e-05	1.36e-02	9.86e-01	0.00e+00	0.00e+00	0.00e+00	5.59e-17	6.76e-24	4.09e-66
 3.84023e+22	2.31e-23	6.33e-17	1.79e-12	7.00e-09	5.03e-05	1.41e-02	9.86e-01	0.00e+00	0.00e+00	0.00e+00	6.33e-17	7.66e-24	6.46e-66
 3.85423e+22	2.66e-23	7.05e-17	1.93e-12	7.32e-09	5.25e-05	1.45e-02	9.85e-01	0.00e+00	0.00e+00	0.00e+00	7.05e-17	8.53e-24	9.58e-66
 3.86664e+22	3.00e-23	7.74e-17	2.06e-12	7.63e-09	5.44e-05	1.48e-02	9.85e-01	0.00e+00	0.00e+00	0.00e+00	7.74e-17	9.36e-24	1.33e-65
 3.88071e+22	3.53e-23	8.76e-17	2.25e-12	8.04e-09	5.71e-05	1.53e-02	9.85e-01	0.00e+00	0.00e+00	0.00e+00	8.76e-17	1.06e-23	2.10e-65
 3.89543e+22	4.08e-23	9.79e-17	2.43e-12	8.43e-09	5.96e-05	1.57e-02	9.84e-01	0.00e+00	0.00e+00	0.00e+00	9.79e-17	1.18e-23	3.15e-65
 3.90818e+22	4.66e-23	1.08e-16	2.61e-12	8.79e-09	6.19e-05	1.61e-02	9.84e-01	0.00e+00	0.00e+00	0.00e+00	1.08e-16	1.31e-23	4.55e-65
 3.92009e+22	5.32e-23	1.20e-16	2.81e-12	9.17e-09	6.44e-05	1.65e-02	9.83e-01	0.00e+00	0.00e+00	0.00e+00	1.20e-16	1.45e-23	6.61e-65
 3.93190e+22	6.04e-23	1.32e-16	3.01e-12	9.55e-09	6.68e-05	1.69e-02	9.83e-01	0.00e+00	0.00e+00	0.00e+00	1.32e-16	1.60e-23	9.39e-65
 3.94351e+22	6.84e-23	1.46e-16	3.22e-12	9.94e-09	6.93e-05	1.73e-02	9.83e-01	0.00e+00	0.00e+00	0.00e+00	1.46e-16	1.76e-23	1.33e-64
 3.95489e+22	7.78e-23	1.61e-16	3.45e-12	1.03e-08	7.20e-05	1.77e-02	9.82e-01	0.00e+00	0.00e+00	0.00e+00	1.61e-16	1.94e-23	1.91e-64
 3.96612e+22	8.84e-23	1.77e-16	3.70e-12	1.08e-08	7.47e-05	1.82e-02	9.82e-01	0.00e+00	0.00e+00	0.00e+00	1.77e-16	2.14e-23	2.72e-64
 3.97894e+22	1.04e-22	2.00e-16	4.04e-12	1.13e-08	7.83e-05	1.87e-02	9.81e-01	0.00e+00	0.00e+00	0.00e+00	2.00e-16	2.42e-23	4.23e-64
 3.99192e+22	1.20e-22	2.23e-16	4.36e-12	1.19e-08	8.16e-05	1.92e-02	9.81e-01	0.00e+00	0.00e+00	0.00e+00	2.23e-16	2.70e-23	6.30e-64
 4.00292e+22	1.36e-22	2.46e-16	4.67e-12	1.23e-08	8.47e-05	1.97e-02	9.80e-01	0.00e+00	0.00e+00	0.00e+00	2.46e-16	2.98e-23	8.96e-64
 4.01312e+22	1.53e-22	2.70e-16	4.99e-12	1.28e-08	8.78e-05	2.01e-02	9.80e-01	0.00e+00	0.00e+00	0.00e+00	2.70e-16	3.27e-23	1.26e-63
 4.02298e+22	1.73e-22	2.97e-16	5.33e-12	1.33e-08	9.09e-05	2.06e-02	9.79e-01	0.00e+00	0.00e+00	0.00e+00	2.97e-16	3.60e-23	1.76e-63
 4.03430e+22	2.02e-22	3.34e-16	5.80e-12	1.40e-08	9.51e-05	2.11e-02	9.79e-01	0.00e+00	0.00e+00	0.00e+00	3.34e-16	4.05e-23	2.69e-63
 4.04583e+22	2.32e-22	3.71e-16	6.25e-12	1.46e-08	9.90e-05	2.17e-02	9.78e-01	0.00e+00	0.00e+00	0.00e+00	3.71e-16	4.50e-23	3.94e-63
 4.05569e+22	2.63e-22	4.09e-16	6.69e-12	1.52e-08	1.03e-04	2.22e-02	9.78e-01	0.00e+00	0.00e+00	0.00e+00	4.09e-16	4.96e-23	5.54e-63
 4.06657e+22	3.08e-22	4.62e-16	7.31e-12	1.59e-08	1.08e-04	2.28e-02	9.77e-01	0.00e+00	0.00e+00	0.00e+00	4.62e-16	5.61e-23	8.59e-63
 4.07776e+22	3.56e-22	5.17e-16	7.91e-12	1.67e-08	1.12e-04	2.34e-02	9.77e-01	0.00e+00	0.00e+00	0.00e+00	5.17e-16	6.27e-23	1.27e-62
 4.08764e+22	4.08e-22	5.74e-16	8.53e-12	1.74e-08	1.16e-04	2.39e-02	9.76e-01	0.00e+00	0.00e+00	0.00e+00	5.74e-16	6.96e-23	1.83e-62
 4.09877e+22	8.92e-26	6.60e-16	9.43e-12	1.84e-08	1.23e-04	2.47e-02	9.75e-01	0.00e+00	0.00e+00	0.00e+00	6.60e-16	8.01e-23	1.04e-62
 4.11002e+22	1.04e-25	7.40e-16	1.02e-11	1.93e-08	1.28e-04	2.53e-02	9.75e-01	0.00e+00	0.00e+00	0.00e+00	7.40e-16	8.99e-23	7.49e-63
 4.11961e+22	1.20e-25	8.23e-16	1.10e-11	2.02e-08	1.33e-04	2.59e-02	9.74e-01	0.00e+00	0.00e+00	0.00e+00	8.23e-16	9.99e-23	1.07e-62
 4.13026e+22	1.48e-25	9.61e-16	1.23e-11	2.15e-08	1.41e-04	2.67e-02	9.73e-01	0.00e+00	0.00e+00	0.00e+00	9.61e-16	1.17e-22	1.79e-62
 4.14072e+22	1.70e-25	1.07e-15	1.33e-11	2.25e-08	1.46e-04	2.73e-02	9.73e-01	0.00e+00	0.00e+00	0.00e+00	1.07e-15	1.30e-22	2.54e-62
 4.15093e+22	2.10e-25	1.25e-15	1.49e-11	2.41e-08	1.55e-04	2.82e-02	9.72e-01	0.00e+00	0.00e+00	0.00e+00	1.25e-15	1.52e-22	4.23e-62
 4.16095e+22	2.41e-25	1.39e-15	1.61e-11	2.52e-08	1.61e-04	2.88e-02	9.71e-01	0.00e+00	0.00e+00	0.00e+00	1.39e-15	1.69e-22	5.95e-62
 4.17074e+22	2.98e-25	1.63e-15	1.82e-11	2.70e-08	1.70e-04	2.97e-02	9.70e-01	0.00e+00	0.00e+00	0.00e+00	1.63e-15	1.99e-22	1.00e-61
 4.18048e+22	3.45e-25	1.83e-15	1.97e-11	2.84e-08	1.77e-04	3.04e-02	9.69e-01	0.00e+00	0.00e+00	0.00e+00	1.83e-15	2.22e-22	1.44e-61
 4.19017e+22	4.29e-25	2.17e-15	2.24e-11	3.06e-08	1.88e-04	3.14e-02	9.68e-01	0.00e+00	0.00e+00	0.00e+00	2.17e-15	2.64e-22	2.45e-61
 4.19993e+22	5.04e-25	2.45e-15	2.45e-11	3.24e-08	1.96e-04	3.21e-02	9.68e-01	0.00e+00	0.00e+00	0.00e+00	2.45e-15	2.99e-22	3.61e-61
 4.20980e+22	6.36e-25	2.95e-15	2.81e-11	3.51e-08	2.09e-04	3.32e-02	9.67e-01	0.00e+00	0.00e+00	0.00e+00	2.95e-15	3.59e-22	6.32e-61
 4.21975e+22	7.56e-25	3.37e-15	3.11e-11	3.74e-08	2.19e-04	3.40e-02	9.66e-01	0.00e+00	0.00e+00	0.00e+00	3.37e-15	4.11e-22	9.54e-61
 4.22981e+22	9.59e-25	4.07e-15	3.58e-11	4.08e-08	2.34e-04	3.52e-02	9.65e-01	0.00e+00	0.00e+00	0.00e+00	4.07e-15	4.96e-22	1.68e-60
 4.23978e+22	1.15e-24	4.70e-15	3.99e-11	4.36e-08	2.45e-04	3.60e-02	9.64e-01	0.00e+00	0.00e+00	0.00e+00	4.70e-15	5.73e-22	2.57e-60
 4.24963e+22	1.47e-24	5.71e-15	4.62e-11	4.78e-08	2.62e-04	3.73e-02	9.62e-01	0.00e+00	0.00e+00	0.00e+00	5.71e-15	6.97e-22	4.57e-60
 4.25963e+22	1.79e-24	6.69e-15	5.20e-11	5.16e-08	2.76e-04	3.83e-02	9.61e-01	0.00e+00	0.00e+00	0.00e+00	6.69e-15	8.16e-22	7.23e-60
 4.26984e+22	2.33e-24	8.26e-15	6.11e-11	5.71e-08	2.96e-04	3.96e-02	9.60e-01	0.00e+00	0.00e+00	0.00e+00	8.26e-15	1.01e-21	1.33e-59
 4.28016e+22	2.87e-24	9.76e-15	6.94e-11	6.19e-08	3.13e-04	4.08e-02	9.59e-01	0.00e+00	0.00e+00	0.00e+00	9.76e-15	1.19e-21	2.14e-59
 4.29062e+22	3.78e-24	1.22e-14	8.24e-11	6.91e-08	3.36e-04	4.23e-02	9.57e-01	0.00e+00	0.00e+00	0.00e+00	1.22e-14	1.49e-21	4.04e-59
 4.30114e+22	4.69e-24	1.45e-14	9.41e-11	7.53e-08	3.56e-04	4.35e-02	9.56e-01	0.00e+00	0.00e+00	0.00e+00	1.45e-14	1.78e-21	6.57e-59
 4.31022e+22	5.80e-24	1.73e-14	1.07e-10	8.21e-08	3.77e-04	4.47e-02	9.55e-01	0.00e+00	0.00e+00	0.00e+00	1.73e-14	2.11e-21	1.06e-58
 4.32052e+22	7.64e-24	2.16e-14	1.28e-10	9.18e-08	4.05e-04	4.63e-02	9.53e-01	0.00e+00	0.00e+00	0.00e+00	2.16e-14	2.64e-21	1.97e-58
 4.33089e+22	9.49e-24	2.58e-14	1.46e-10	1.00e-07	4.28e-04	4.76e-02	9.52e-01	0.00e+00	0.00e+00	0.00e+00	2.58e-14	3.15e-21	3.20e-58
 4.34137e+22	1.26e-23	3.25e-14	1.75e-10	1.13e-07	4.62e-04	4.94e-02	9.50e-01	0.00e+00	0.00e+00	0.00e+00	3.25e-14	3.98e-21	6.04e-58
 4.35186e+22	1.56e-23	3.85e-14	2.00e-10	1.23e-07	4.88e-04	5.07e-02	9.49e-01	0.00e+00	0.00e+00	0.00e+00	3.85e-14	4.71e-21	9.57e-58
 4.36238e+22	2.07e-23	4.85e-14	2.39e-10	1.39e-07	5.25e-04	5.26e-02	9.47e-01	0.00e+00	0.00e+00	0.00e+00	4.85e-14	5.94e-21	1.79e-57
 4.37310e+22	2.56e-23	5.77e-14	2.73e-10	1.52e-07	5.56e-04	5.40e-02	9.45e-01	0.00e+00	0.00e+00	0.00e+00	5.77e-14	7.06e-21	2.86e-57
 4.38406e+22	3.39e-23	7.25e-14	3.26e-10	1.70e-07	5.98e-04	5.60e-02	9.43e-01	0.00e+00	0.00e+00	0.00e+00	7.25e-14	8.88e-21	5.27e-57
 4.39540e+22	4.26e-23	8.73e-14	3.78e-10	1.88e-07	6.36e-04	5.76e-02	9.42e-01	0.00e+00	0.00e+00	0.00e+00	8.73e-14	1.07e-20	8.70e-57
 4.40719e+22	5.72e-23	1.11e-13	4.55e-10	2.13e-07	6.87e-04	5.98e-02	9.40e-01	0.00e+00	0.00e+00	0.00e+00	1.11e-13	1.36e-20	1.64e-56
 4.41914e+22	7.17e-23	1.33e-13	5.25e-10	2.34e-07	7.29e-04	6.15e-02	9.38e-01	0.00e+00	0.00e+00	0.00e+00	1.33e-13	1.63e-20	2.69e-56
 4.43130e+22	9.60e-23	1.69e-13	6.32e-10	2.65e-07	7.88e-04	6.39e-02	9.35e-01	0.00e+00	0.00e+00	0.00e+00	1.69e-13	2.07e-20	5.04e-56
 4.44354e+22	1.20e-22	2.02e-13	7.28e-10	2.92e-07	8.36e-04	6.57e-02	9.33e-01	0.00e+00	0.00e+00	0.00e+00	2.02e-13	2.48e-20	8.12e-56
 4.45588e+22	1.59e-22	2.54e-13	8.71e-10	3.30e-07	9.02e-04	6.81e-02	9.31e-01	0.00e+00	0.00e+00	0.00e+00	2.54e-13	3.12e-20	1.49e-55
 4.46853e+22	1.98e-22	3.05e-13	1.00e-09	3.63e-07	9.58e-04	7.01e-02	9.29e-01	0.00e+00	0.00e+00	0.00e+00	3.05e-13	3.75e-20	2.41e-55
 4.47952e+22	2.44e-22	3.60e-13	1.15e-09	3.97e-07	1.01e-03	7.20e-02	9.27e-01	0.00e+00	0.00e+00	0.00e+00	3.60e-13	4.43e-20	3.76e-55
 4.49173e+22	3.18e-22	4.46e-13	1.36e-09	4.45e-07	1.09e-03	7.45e-02	9.24e-01	0.00e+00	0.00e+00	0.00e+00	4.46e-13	5.49e-20	6.62e-55
 4.50407e+22	3.90e-22	5.27e-13	1.54e-09	4.86e-07	1.15e-03	7.64e-02	9.22e-01	0.00e+00	0.00e+00	0.00e+00	5.27e-13	6.48e-20	1.02e-54
 4.51656e+22	5.09e-22	6.52e-13	1.83e-09	5.46e-07	1.23e-03	7.91e-02	9.20e-01	0.00e+00	0.00e+00	0.00e+00	6.52e-13	8.02e-20	1.80e-54
 4.52925e+22	6.23e-22	7.67e-13	2.08e-09	5.96e-07	1.30e-03	8.12e-02	9.18e-01	0.00e+00	0.00e+00	0.00e+00	7.67e-13	9.44e-20	2.76e-54
 4.54041e+22	7.60e-22	8.99e-13	2.36e-09	6.50e-07	1.38e-03	8.33e-02	9.15e-01	0.00e+00	0.00e+00	0.00e+00	8.99e-13	1.11e-19	4.21e-54
 4.55309e+22	9.89e-22	1.11e-12	2.78e-09	7.28e-07	1.48e-03	8.61e-02	9.12e-01	0.00e+00	0.00e+00	0.00e+00	1.11e-12	1.37e-19	7.32e-54
 4.56570e+22	1.18e-21	1.28e-12	3.12e-09	7.88e-07	1.55e-03	8.82e-02	9.10e-01	0.00e+00	0.00e+00	0.00e+00	1.28e-12	1.58e-19	1.07e-53
 4.57822e+22	1.52e-21	1.57e-12	3.66e-09	8.79e-07	1.66e-03	9.11e-02	9.07e-01	0.00e+00	0.00e+00	0.00e+00	1.57e-12	1.94e-19	1.82e-53
 4.59097e+22	1.83e-21	1.82e-12	4.11e-09	9.53e-07	1.75e-03	9.33e-02	9.05e-01	0.00e+00	0.00e+00	0.00e+00	1.82e-12	2.24e-19	2.68e-53
 4.60404e+22	2.36e-21	2.22e-12	4.82e-09	1.06e-06	1.88e-03	9.64e-02	9.02e-01	0.00e+00	0.00e+00	0.00e+00	2.22e-12	2.75e-19	4.55e-53
 4.61736e+22	2.85e-21	2.58e-12	5.43e-09	1.16e-06	1.98e-03	9.87e-02	8.99e-01	0.00e+00	0.00e+00	0.00e+00	2.58e-12	3.19e-19	6.77e-53
 4.63100e+22	4.95e-22	3.16e-12	6.37e-09	1.29e-06	2.12e-03	1.02e-01	8.96e-01	0.00e+00	0.00e+00	0.00e+00	3.16e-12	3.91e-19	1.15e-52
 4.64489e+22	5.95e-22	3.68e-12	7.19e-09	1.41e-06	2.24e-03	1.05e-01	8.93e-01	0.00e+00	0.00e+00	0.00e+00	3.68e-12	4.56e-19	1.72e-52
 4.65910e+22	7.78e-22	4.51e-12	8.45e-09	1.57e-06	2.40e-03	1.08e-01	8.89e-01	0.00e+00	0.00e+00	0.00e+00	4.51e-12	5.59e-19	2.93e-52
 4.67298e+22	9.29e-22	5.14e-12	9.39e-09	1.69e-06	2.52e-03	1.11e-01	8.87e-01	0.00e+00	0.00e+00	0.00e+00	5.14e-12	6.38e-19	4.17e-52
 4.68645e+22	1.20e-21	6.25e-12	1.10e-08	1.89e-06	2.69e-03	1.14e-01	8.83e-01	0.00e+00	0.00e+00	0.00e+00	6.25e-12	7.76e-19	6.92e-52
 4.70012e+22	1.44e-21	7.13e-12	1.22e-08	2.03e-06	2.82e-03	1.17e-01	8.81e-01	0.00e+00	0.00e+00	0.00e+00	7.13e-12	8.86e-19	9.85e-52
 4.71405e+22	1.84e-21	8.59e-12	1.41e-08	2.26e-06	3.02e-03	1.20e-01	8.77e-01	0.00e+00	0.00e+00	0.00e+00	8.59e-12	1.07e-18	1.61e-51
 4.72840e+22	2.25e-21	9.97e-12	1.59e-08	2.45e-06	3.18e-03	1.23e-01	8.74e-01	0.00e+00	0.00e+00	0.00e+00	9.97e-12	1.24e-18	2.38e-51
 4.74331e+22	2.88e-21	1.20e-11	1.84e-08	2.72e-06	3.40e-03	1.27e-01	8.70e-01	0.00e+00	0.00e+00	0.00e+00	1.20e-11	1.49e-18	3.89e-51
 4.75869e+22	3.57e-21	1.40e-11	2.09e-08	2.97e-06	3.59e-03	1.30e-01	8.66e-01	0.00e+00	0.00e+00	0.00e+00	1.40e-11	1.75e-18	5.88e-51
 4.77469e+22	4.61e-21	1.70e-11	2.43e-08	3.31e-06	3.85e-03	1.34e-01	8.62e-01	0.00e+00	0.00e+00	0.00e+00	1.70e-11	2.12e-18	9.78e-51
 4.79110e+22	5.75e-21	1.99e-11	2.76e-08	3.63e-06	4.07e-03	1.38e-01	8.58e-01	0.00e+00	0.00e+00	0.00e+00	1.99e-11	2.49e-18	1.49e-50
 4.80806e+22	7.49e-21	2.42e-11	3.23e-08	4.06e-06	4.37e-03	1.43e-01	8.53e-01	0.00e+00	0.00e+00	0.00e+00	2.42e-11	3.03e-18	2.52e-50
 4.82555e+22	9.42e-21	2.86e-11	3.69e-08	4.46e-06	4.64e-03	1.46e-01	8.49e-01	0.00e+00	0.00e+00	0.00e+00	2.86e-11	3.58e-18	3.91e-50
 4.84372e+22	1.24e-20	3.51e-11	4.35e-08	5.01e-06	5.00e-03	1.51e-01	8.44e-01	0.00e+00	0.00e+00	0.00e+00	3.51e-11	4.40e-18	6.73e-50
 4.86253e+22	1.57e-20	4.17e-11	5.00e-08	5.53e-06	5.32e-03	1.56e-01	8.39e-01	0.00e+00	0.00e+00	0.00e+00	4.17e-11	5.24e-18	1.07e-49
 4.87956e+22	1.98e-20	4.94e-11	5.71e-08	6.09e-06	5.66e-03	1.60e-01	8.34e-01	0.00e+00	0.00e+00	0.00e+00	4.94e-11	6.20e-18	1.67e-49
 4.89912e+22	2.65e-20	6.10e-11	6.77e-08	6.88e-06	6.11e-03	1.66e-01	8.28e-01	0.00e+00	0.00e+00	0.00e+00	6.10e-11	7.68e-18	2.95e-49
 4.91906e+22	3.37e-20	7.28e-11	7.80e-08	7.61e-06	6.52e-03	1.71e-01	8.23e-01	0.00e+00	0.00e+00	0.00e+00	7.28e-11	9.18e-18	4.71e-49
 4.93950e+22	4.54e-20	9.07e-11	9.30e-08	8.64e-06	7.06e-03	1.77e-01	8.16e-01	0.00e+00	0.00e+00	0.00e+00	9.07e-11	1.14e-17	8.45e-49
 4.96021e+22	5.81e-20	1.09e-10	1.08e-07	9.58e-06	7.53e-03	1.82e-01	8.10e-01	0.00e+00	0.00e+00	0.00e+00	1.09e-10	1.37e-17	1.36e-48
 4.98128e+22	7.93e-20	1.37e-10	1.29e-07	1.09e-05	8.18e-03	1.89e-01	8.03e-01	0.00e+00	0.00e+00	0.00e+00	1.37e-10	1.73e-17	2.50e-48
 5.00256e+22	1.02e-19	1.64e-10	1.50e-07	1.21e-05	8.74e-03	1.94e-01	7.97e-01	0.00e+00	0.00e+00	0.00e+00	1.64e-10	2.08e-17	4.05e-48
 5.02414e+22	1.41e-19	2.09e-10	1.82e-07	1.39e-05	9.53e-03	2.02e-01	7.89e-01	0.00e+00	0.00e+00	0.00e+00	2.09e-10	2.65e-17	7.61e-48
 5.04583e+22	1.80e-19	2.50e-10	2.10e-07	1.55e-05	1.02e-02	2.08e-01	7.82e-01	0.00e+00	0.00e+00	0.00e+00	2.50e-10	3.19e-17	1.23e-47
 5.06397e+22	2.25e-19	2.96e-10	2.40e-07	1.70e-05	1.08e-02	2.13e-01	7.76e-01	0.00e+00	0.00e+00	0.00e+00	2.96e-10	3.77e-17	1.90e-47
 5.08386e+22	3.06e-19	3.73e-10	2.89e-07	1.94e-05	1.17e-02	2.21e-01	7.67e-01	0.00e+00	0.00e+00	0.00e+00	3.73e-10	4.77e-17	3.45e-47
 5.10347e+22	3.80e-19	4.38e-10	3.29e-07	2.13e-05	1.24e-02	2.26e-01	7.61e-01	0.00e+00	0.00e+00	0.00e+00	4.38e-10	5.61e-17	5.25e-47
 5.12271e+22	5.11e-19	5.48e-10	3.94e-07	2.42e-05	1.35e-02	2.34e-01	7.53e-01	0.00e+00	0.00e+00	0.00e+00	5.48e-10	7.03e-17	9.28e-47
 5.14228e+22	6.42e-19	6.50e-10	4.52e-07	2.67e-05	1.43e-02	2.40e-01	7.46e-01	0.00e+00	0.00e+00	0.00e+00	6.50e-10	8.37e-17	1.44e-46
 5.16228e+22	8.74e-19	8.23e-10	5.47e-07	3.05e-05	1.55e-02	2.49e-01	7.36e-01	0.00e+00	0.00e+00	0.00e+00	8.23e-10	1.06e-16	2.62e-46
 5.18250e+22	1.11e-18	9.84e-10	6.31e-07	3.38e-05	1.66e-02	2.55e-01	7.28e-01	0.00e+00	0.00e+00	0.00e+00	9.84e-10	1.27e-16	4.12e-46
 5.20304e+22	1.52e-18	1.25e-09	7.66e-07	3.88e-05	1.80e-02	2.64e-01	7.18e-01	0.00e+00	0.00e+00	0.00e+00	1.25e-09	1.62e-16	7.53e-46
 5.22396e+22	1.95e-18	1.52e-09	8.95e-07	4.34e-05	1.93e-02	2.72e-01	7.09e-01	0.00e+00	0.00e+00	0.00e+00	1.52e-09	1.97e-16	1.22e-45
 5.24538e+22	2.72e-18	1.96e-09	1.10e-06	5.02e-05	2.11e-02	2.82e-01	6.97e-01	0.00e+00	0.00e+00	0.00e+00	1.96e-09	2.56e-16	2.29e-45
 5.26717e+22	3.54e-18	2.40e-09	1.30e-06	5.64e-05	2.27e-02	2.90e-01	6.88e-01	0.00e+00	0.00e+00	0.00e+00	2.40e-09	3.14e-16	3.76e-45
 5.28946e+22	4.99e-18	3.14e-09	1.61e-06	6.59e-05	2.49e-02	3.01e-01	6.74e-01	0.00e+00	0.00e+00	0.00e+00	3.14e-09	4.12e-16	7.21e-45
 5.31204e+22	6.55e-18	3.88e-09	1.91e-06	7.44e-05	2.68e-02	3.09e-01	6.64e-01	0.00e+00	0.00e+00	0.00e+00	3.88e-09	5.11e-16	1.20e-44
 5.33113e+22	8.38e-18	4.70e-09	2.23e-06	8.32e-05	2.87e-02	3.18e-01	6.54e-01	0.00e+00	0.00e+00	0.00e+00	4.70e-09	6.21e-16	1.90e-44
 5.35208e+22	1.16e-17	6.05e-09	2.74e-06	9.64e-05	3.14e-02	3.28e-01	6.40e-01	0.00e+00	0.00e+00	0.00e+00	6.05e-09	8.03e-16	3.45e-44
 5.37310e+22	1.48e-17	7.34e-09	3.21e-06	1.08e-04	3.36e-02	3.37e-01	6.29e-01	0.00e+00	0.00e+00	0.00e+00	7.34e-09	9.78e-16	5.44e-44
 5.39364e+22	2.01e-17	9.32e-09	3.90e-06	1.24e-04	3.66e-02	3.47e-01	6.16e-01	0.00e+00	0.00e+00	0.00e+00	9.32e-09	1.25e-15	9.49e-44
 5.41458e+22	2.59e-17	1.14e-08	4.60e-06	1.40e-04	3.93e-02	3.56e-01	6.04e-01	0.00e+00	0.00e+00	0.00e+00	1.14e-08	1.53e-15	1.51e-43
 5.43514e+22	3.46e-17	1.43e-08	5.55e-06	1.61e-04	4.26e-02	3.67e-01	5.90e-01	0.00e+00	0.00e+00	0.00e+00	1.43e-08	1.94e-15	2.54e-43
 5.45613e+22	4.47e-17	1.76e-08	6.59e-06	1.82e-04	4.59e-02	3.76e-01	5.77e-01	0.00e+00	0.00e+00	0.00e+00	1.76e-08	2.40e-15	4.05e-43
 5.47668e+22	5.89e-17	2.19e-08	7.89e-06	2.08e-04	4.97e-02	3.87e-01	5.64e-01	5.89e-17	1.12e-22	2.67e-23	2.19e-08	3.00e-15	6.57e-43
 5.49718e+22	7.56e-17	2.66e-08	9.31e-06	2.34e-04	5.33e-02	3.96e-01	5.51e-01	7.56e-17	2.71e-21	4.26e-22	2.66e-08	3.68e-15	1.02e-42
 5.51789e+22	9.88e-17	3.29e-08	1.11e-05	2.67e-04	5.76e-02	4.06e-01	5.36e-01	9.88e-17	3.55e-21	5.58e-22	3.29e-08	4.59e-15	1.63e-42
 5.53888e+22	1.27e-16	4.01e-08	1.32e-05	3.03e-04	6.19e-02	4.15e-01	5.23e-01	1.27e-16	4.57e-21	7.20e-22	4.01e-08	5.66e-15	2.52e-42
 5.55939e+22	1.63e-16	4.88e-08	1.56e-05	3.42e-04	6.65e-02	4.24e-01	5.09e-01	1.63e-16	5.86e-21	9.24e-22	4.88e-08	6.94e-15	3.84e-42
 5.57992e+22	2.07e-16	5.91e-08	1.83e-05	3.87e-04	7.14e-02	4.33e-01	4.95e-01	2.07e-16	7.49e-21	1.18e-21	5.91e-08	8.50e-15	5.80e-42
 5.60056e+22	2.64e-16	7.15e-08	2.16e-05	4.37e-04	7.66e-02	4.42e-01	4.81e-01	2.64e-16	9.54e-21	1.51e-21	7.15e-08	1.04e-14	8.68e-42
 5.62134e+22	3.34e-16	8.61e-08	2.53e-05	4.93e-04	8.21e-02	4.51e-01	4.67e-01	3.34e-16	1.21e-20	1.91e-21	8.61e-08	1.27e-14	1.29e-41
 5.64230e+22	4.23e-16	1.03e-07	2.98e-05	5.56e-04	8.79e-02	4.59e-01	4.52e-01	4.23e-16	1.54e-20	2.43e-21	1.03e-07	1.54e-14	1.89e-41
 5.66341e+22	5.33e-16	1.24e-07	3.48e-05	6.27e-04	9.40e-02	4.67e-01	4.38e-01	5.33e-16	1.94e-20	3.07e-21	1.24e-07	1.86e-14	2.75e-41
 5.68483e+22	6.72e-16	1.48e-07	4.09e-05	7.07e-04	1.01e-01	4.75e-01	4.24e-01	6.72e-16	2.45e-20	3.88e-21	1.48e-07	2.26e-14	4.00e-41
 5.70645e+22	8.42e-16	1.76e-07	4.77e-05	7.95e-04	1.07e-01	4.82e-01	4.09e-01	8.42e-16	3.08e-20	4.88e-21	1.76e-07	2.72e-14	5.73e-41
 5.72848e+22	1.06e-15	2.11e-07	5.59e-05	8.97e-04	1.15e-01	4.90e-01	3.95e-01	1.06e-15	3.89e-20	6.17e-21	2.11e-07	3.29e-14	8.26e-41
 5.75087e+22	1.33e-15	2.49e-07	6.51e-05	1.01e-03	1.22e-01	4.96e-01	3.80e-01	1.33e-15	4.87e-20	7.74e-21	2.49e-07	3.94e-14	1.17e-40
 5.77137e+22	1.60e-15	2.87e-07	7.39e-05	1.11e-03	1.29e-01	5.01e-01	3.68e-01	1.60e-15	5.88e-20	9.36e-21	2.87e-07	4.58e-14	1.56e-40
 5.79280e+22	2.02e-15	3.42e-07	8.67e-05	1.26e-03	1.38e-01	5.07e-01	3.53e-01	2.02e-15	7.43e-20	1.19e-20	3.42e-07	5.53e-14	2.23e-40
 5.81456e+22	2.44e-15	3.92e-07	9.83e-05	1.38e-03	1.45e-01	5.12e-01	3.41e-01	2.44e-15	9.01e-20	1.44e-20	3.92e-07	6.40e-14	2.96e-40
 5.83691e+22	2.25e-14	4.67e-07	1.15e-04	1.57e-03	1.55e-01	5.17e-01	3.26e-01	2.25e-14	8.35e-19	1.33e-19	4.67e-07	7.71e-14	4.27e-40
 5.85939e+22	2.89e-14	5.33e-07	1.30e-04	1.72e-03	1.63e-01	5.20e-01	3.15e-01	2.89e-14	1.07e-18	1.72e-19	5.33e-07	8.88e-14	5.61e-40
 5.88204e+22	3.99e-14	6.30e-07	1.52e-04	1.95e-03	1.74e-01	5.24e-01	3.00e-01	3.99e-14	1.49e-18	2.39e-19	6.30e-07	1.06e-13	7.91e-40
 5.90475e+22	5.26e-14	7.15e-07	1.71e-04	2.13e-03	1.82e-01	5.26e-01	2.89e-01	5.26e-14	1.96e-18	3.15e-19	7.15e-07	1.22e-13	1.03e-39
 5.92752e+22	7.60e-14	8.39e-07	1.99e-04	2.39e-03	1.94e-01	5.29e-01	2.75e-01	7.59e-14	2.85e-18	4.58e-19	8.39e-07	1.44e-13	1.44e-39
 5.95052e+22	1.06e-13	9.48e-07	2.23e-04	2.62e-03	2.03e-01	5.30e-01	2.64e-01	1.06e-13	3.98e-18	6.41e-19	9.48e-07	1.64e-13	1.88e-39
 5.97382e+22	1.68e-13	1.11e-06	2.59e-04	2.94e-03	2.15e-01	5.31e-01	2.50e-01	1.68e-13	6.33e-18	1.02e-18	1.11e-06	1.94e-13	2.62e-39
 5.99740e+22	2.66e-13	1.25e-06	2.90e-04	3.21e-03	2.25e-01	5.32e-01	2.40e-01	2.66e-13	1.01e-17	1.63e-18	1.25e-06	2.21e-13	3.42e-39
 6.02137e+22	5.21e-13	1.45e-06	3.36e-04	3.60e-03	2.38e-01	5.32e-01	2.27e-01	5.21e-13	1.98e-17	3.20e-18	1.45e-06	2.61e-13	4.82e-39
 6.04574e+22	1.13e-12	1.64e-06	3.76e-04	3.93e-03	2.48e-01	5.31e-01	2.17e-01	1.13e-12	4.32e-17	7.00e-18	1.64e-06	2.96e-13	6.51e-39
 6.07066e+22	4.04e-12	1.91e-06	4.35e-04	4.41e-03	2.62e-01	5.29e-01	2.04e-01	4.04e-12	1.55e-16	2.51e-17	1.91e-06	3.49e-13	1.04e-38
 6.09611e+22	1.07e-11	2.15e-06	4.87e-04	4.82e-03	2.73e-01	5.27e-01	1.94e-01	1.07e-11	4.13e-16	6.71e-17	2.15e-06	3.97e-13	1.69e-38
 6.12226e+22	2.34e-11	2.50e-06	5.64e-04	5.40e-03	2.88e-01	5.24e-01	1.82e-01	2.34e-11	9.05e-16	1.47e-16	2.50e-06	4.68e-13	3.03e-38
 6.14900e+22	3.40e-11	2.82e-06	6.32e-04	5.91e-03	3.00e-01	5.20e-01	1.73e-01	3.40e-11	1.32e-15	2.15e-16	2.82e-06	5.34e-13	4.50e-38
 6.17156e+22	4.35e-11	3.13e-06	6.99e-04	6.39e-03	3.11e-01	5.17e-01	1.65e-01	4.34e-11	1.69e-15	2.77e-16	3.13e-06	5.99e-13	6.10e-38
 6.19594e+22	5.72e-11	3.57e-06	7.95e-04	7.07e-03	3.26e-01	5.12e-01	1.54e-01	5.72e-11	2.24e-15	3.67e-16	3.57e-06	6.92e-13	8.83e-38
 6.21968e+22	6.91e-11	3.93e-06	8.71e-04	7.59e-03	3.36e-01	5.08e-01	1.47e-01	6.91e-11	2.72e-15	4.47e-16	3.93e-06	7.69e-13	1.16e-37
 6.24260e+22	8.53e-11	4.43e-06	9.80e-04	8.33e-03	3.50e-01	5.02e-01	1.38e-01	8.53e-11	3.38e-15	5.55e-16	4.43e-06	8.77e-13	1.59e-37
 6.26574e+22	1.01e-10	4.87e-06	1.07e-03	8.91e-03	3.60e-01	4.98e-01	1.32e-01	1.01e-10	4.00e-15	6.60e-16	4.87e-06	9.75e-13	2.08e-37
 6.28915e+22	1.22e-10	5.48e-06	1.20e-03	9.76e-03	3.74e-01	4.91e-01	1.24e-01	1.22e-10	4.86e-15	8.03e-16	5.48e-06	1.11e-12	2.85e-37
 6.31288e+22	1.42e-10	6.03e-06	1.31e-03	1.05e-02	3.85e-01	4.85e-01	1.18e-01	1.42e-10	5.69e-15	9.41e-16	6.03e-06	1.24e-12	3.72e-37
 6.33703e+22	1.69e-10	6.78e-06	1.48e-03	1.14e-02	4.00e-01	4.78e-01	1.10e-01	1.69e-10	6.81e-15	1.13e-15	6.78e-06	1.41e-12	5.10e-37
 6.36152e+22	1.95e-10	7.46e-06	1.61e-03	1.23e-02	4.11e-01	4.71e-01	1.04e-01	1.95e-10	7.90e-15	1.31e-15	7.46e-06	1.57e-12	6.68e-37
 6.38646e+22	2.29e-10	8.40e-06	1.81e-03	1.34e-02	4.26e-01	4.62e-01	9.68e-02	2.29e-10	9.38e-15	1.56e-15	8.40e-06	1.80e-12	9.20e-37
 6.41182e+22	2.64e-10	9.26e-06	1.98e-03	1.43e-02	4.37e-01	4.55e-01	9.15e-02	2.64e-10	1.08e-14	1.81e-15	9.26e-06	2.01e-12	1.22e-36
 6.43774e+22	3.09e-10	1.04e-05	2.22e-03	1.57e-02	4.52e-01	4.45e-01	8.47e-02	3.09e-10	1.28e-14	2.14e-15	1.04e-05	2.30e-12	1.69e-36
 6.46416e+22	3.54e-10	1.15e-05	2.44e-03	1.68e-02	4.63e-01	4.38e-01	7.98e-02	3.54e-10	1.48e-14	2.48e-15	1.15e-05	2.58e-12	2.26e-36
 6.49124e+22	4.13e-10	1.30e-05	2.74e-03	1.84e-02	4.79e-01	4.27e-01	7.34e-02	4.13e-10	1.74e-14	2.92e-15	1.30e-05	2.97e-12	3.19e-36
 6.51902e+22	4.71e-10	1.44e-05	3.01e-03	1.98e-02	4.91e-01	4.18e-01	6.87e-02	4.71e-10	2.00e-14	3.37e-15	1.44e-05	3.34e-12	4.31e-36
 6.54770e+22	5.53e-10	1.63e-05	3.39e-03	2.17e-02	5.06e-01	4.06e-01	6.29e-02	5.53e-10	2.37e-14	4.01e-15	1.63e-05	3.88e-12	6.28e-36
 6.57680e+22	6.31e-10	1.81e-05	3.72e-03	2.32e-02	5.18e-01	3.96e-01	5.86e-02	6.31e-10	2.72e-14	4.62e-15	1.81e-05	4.37e-12	8.58e-36
 6.60646e+22	7.39e-10	2.06e-05	4.20e-03	2.55e-02	5.34e-01	3.83e-01	5.34e-02	7.39e-10	3.22e-14	5.49e-15	2.06e-05	5.09e-12	1.27e-35
 6.63646e+22	8.45e-10	2.29e-05	4.61e-03	2.73e-02	5.45e-01	3.74e-01	4.96e-02	8.45e-10	3.71e-14	6.35e-15	2.29e-05	5.77e-12	1.76e-35
 6.66690e+22	9.84e-10	2.61e-05	5.19e-03	2.98e-02	5.60e-01	3.60e-01	4.49e-02	9.84e-10	4.38e-14	7.52e-15	2.61e-05	6.72e-12	2.63e-35
 6.69776e+22	1.13e-09	2.90e-05	5.70e-03	3.19e-02	5.71e-01	3.50e-01	4.16e-02	1.13e-09	5.05e-14	8.71e-15	2.90e-05	7.64e-12	3.70e-35
 6.72484e+22	1.27e-09	3.21e-05	6.25e-03	3.42e-02	5.82e-01	3.39e-01	3.85e-02	1.27e-09	5.75e-14	9.94e-15	3.21e-05	8.62e-12	5.10e-35
 6.75573e+22	1.48e-09	3.66e-05	7.01e-03	3.72e-02	5.95e-01	3.26e-01	3.48e-02	1.48e-09	6.82e-14	1.18e-14	3.66e-05	1.01e-11	7.79e-35
 6.78717e+22	1.67e-09	4.05e-05	7.69e-03	3.98e-02	6.05e-01	3.15e-01	3.19e-02	1.67e-09	7.76e-14	1.35e-14	4.05e-05	1.14e-11	1.09e-34
 6.81271e+22	1.86e-09	4.44e-05	8.32e-03	4.21e-02	6.14e-01	3.06e-01	2.97e-02	1.86e-09	8.74e-14	1.53e-14	4.44e-05	1.28e-11	1.47e-34
 6.83934e+22	2.13e-09	4.95e-05	9.13e-03	4.50e-02	6.23e-01	2.95e-01	2.73e-02	2.13e-09	1.01e-13	1.77e-14	4.95e-05	1.46e-11	2.12e-34
 6.86726e+22	2.38e-09	5.45e-05	9.91e-03	4.77e-02	6.31e-01	2.86e-01	2.52e-02	2.38e-09	1.14e-13	2.01e-14	5.45e-05	1.64e-11	2.92e-34
 6.89283e+22	2.66e-09	5.98e-05	1.07e-02	5.05e-02	6.39e-01	2.76e-01	2.33e-02	2.66e-09	1.29e-13	2.27e-14	5.98e-05	1.84e-11	4.01e-34
 6.92204e+22	3.06e-09	6.74e-05	1.19e-02	5.41e-02	6.48e-01	2.65e-01	2.11e-02	3.06e-09	1.50e-13	2.67e-14	6.74e-05	2.13e-11	6.02e-34
 6.95198e+22	3.44e-09	7.46e-05	1.29e-02	5.75e-02	6.56e-01	2.55e-01	1.93e-02	3.44e-09	1.71e-13	3.05e-14	7.46e-05	2.42e-11	8.51e-34
 6.97837e+22	3.84e-09	8.20e-05	1.40e-02	6.07e-02	6.62e-01	2.46e-01	1.78e-02	3.84e-09	1.94e-13	3.45e-14	8.20e-05	2.72e-11	1.18e-33
 7.00819e+22	4.43e-09	9.25e-05	1.54e-02	6.50e-02	6.69e-01	2.34e-01	1.61e-02	4.43e-09	2.27e-13	4.06e-14	9.25e-05	3.16e-11	1.80e-33
 7.03929e+22	5.00e-09	1.03e-04	1.68e-02	6.90e-02	6.75e-01	2.24e-01	1.46e-02	5.00e-09	2.60e-13	4.67e-14	1.03e-04	3.62e-11	2.60e-33
 7.06731e+22	5.61e-09	1.14e-04	1.82e-02	7.29e-02	6.80e-01	2.15e-01	1.34e-02	5.61e-09	2.96e-13	5.34e-14	1.14e-04	4.10e-11	3.69e-33
 7.09901e+22	6.51e-09	1.29e-04	2.02e-02	7.81e-02	6.86e-01	2.04e-01	1.19e-02	6.51e-09	3.49e-13	6.34e-14	1.29e-04	4.82e-11	5.78e-33
 7.13170e+22	7.38e-09	1.44e-04	2.20e-02	8.29e-02	6.90e-01	1.94e-01	1.08e-02	7.38e-09	4.03e-13	7.33e-14	1.44e-04	5.54e-11	8.51e-33
 7.16082e+22	8.31e-09	1.60e-04	2.39e-02	8.75e-02	6.93e-01	1.85e-01	9.77e-03	8.31e-09	4.61e-13	8.43e-14	1.60e-04	6.32e-11	1.23e-32
 7.19381e+22	9.69e-09	1.82e-04	2.64e-02	9.35e-02	6.97e-01	1.75e-01	8.64e-03	9.69e-09	5.48e-13	1.01e-13	1.82e-04	7.48e-11	1.97e-32
 7.22801e+22	1.10e-08	2.04e-04	2.89e-02	9.92e-02	6.99e-01	1.65e-01	7.73e-03	1.10e-08	6.37e-13	1.18e-13	2.04e-04	8.68e-11	2.96e-32
 7.25873e+22	1.25e-08	2.28e-04	3.14e-02	1.05e-01	7.00e-01	1.57e-01	6.96e-03	1.25e-08	7.35e-13	1.36e-13	2.28e-04	9.99e-11	4.38e-32
 7.29361e+22	1.47e-08	2.62e-04	3.49e-02	1.12e-01	7.00e-01	1.46e-01	6.07e-03	1.47e-08	8.86e-13	1.65e-13	2.62e-04	1.20e-10	7.26e-32
 7.32953e+22	1.69e-08	2.95e-04	3.81e-02	1.18e-01	7.00e-01	1.38e-01	5.39e-03	1.69e-08	1.04e-12	1.94e-13	2.95e-04	1.40e-10	1.11e-31
 7.36190e+22	1.93e-08	3.30e-04	4.14e-02	1.25e-01	6.99e-01	1.30e-01	4.80e-03	1.92e-08	1.21e-12	2.27e-13	3.30e-04	1.63e-10	1.68e-31
 7.39908e+22	2.29e-08	3.83e-04	4.62e-02	1.34e-01	6.96e-01	1.20e-01	4.12e-03	2.29e-08	1.48e-12	2.79e-13	3.83e-04	1.98e-10	2.89e-31
 7.43666e+22	2.61e-08	4.31e-04	5.03e-02	1.41e-01	6.92e-01	1.12e-01	3.63e-03	2.61e-08	1.72e-12	3.27e-13	4.31e-04	2.31e-10	4.45e-31
 7.47475e+22	3.13e-08	5.03e-04	5.61e-02	1.50e-01	6.87e-01	1.03e-01	3.10e-03	3.13e-08	2.13e-12	4.06e-13	5.03e-04	2.83e-10	7.73e-31
 7.51329e+22	3.60e-08	5.68e-04	6.12e-02	1.58e-01	6.81e-01	9.61e-02	2.71e-03	3.60e-08	2.51e-12	4.82e-13	5.68e-04	3.33e-10	1.21e-30
 7.55241e+22	4.32e-08	6.64e-04	6.82e-02	1.69e-01	6.73e-01	8.76e-02	2.28e-03	4.32e-08	3.12e-12	6.01e-13	6.64e-04	4.11e-10	2.13e-30
 7.59189e+22	4.60e-08	7.51e-04	7.42e-02	1.77e-01	6.65e-01	8.11e-02	1.99e-03	4.60e-08	3.41e-12	6.60e-13	7.51e-04	4.84e-10	3.24e-30
 7.63183e+22	5.58e-08	8.81e-04	8.27e-02	1.88e-01	6.53e-01	7.33e-02	1.66e-03	5.58e-08	4.28e-12	8.33e-13	8.81e-04	5.99e-10	5.82e-30
 7.67219e+22	6.52e-08	9.99e-04	8.99e-02	1.97e-01	6.43e-01	6.76e-02	1.43e-03	6.52e-08	5.14e-12	1.00e-12	9.99e-04	7.09e-10	9.22e-30
 7.71309e+22	7.97e-08	1.18e-03	1.00e-01	2.08e-01	6.29e-01	6.06e-02	1.18e-03	7.97e-08	6.52e-12	1.28e-12	1.18e-03	8.83e-10	1.67e-29
 7.75453e+22	9.34e-08	1.34e-03	1.09e-01	2.17e-01	6.16e-01	5.54e-02	1.01e-03	9.34e-08	7.88e-12	1.55e-12	1.34e-03	1.05e-09	2.68e-29
 7.79666e+22	1.15e-07	1.58e-03	1.21e-01	2.29e-01	5.98e-01	4.92e-02	8.24e-04	1.15e-07	1.01e-11	2.00e-12	1.58e-03	1.32e-09	4.92e-29
 7.83798e+22	1.34e-07	1.78e-03	1.31e-01	2.38e-01	5.84e-01	4.50e-02	7.06e-04	1.34e-07	1.21e-11	2.41e-12	1.78e-03	1.56e-09	7.70e-29
 7.87826e+22	1.63e-07	2.09e-03	1.44e-01	2.48e-01	5.65e-01	3.99e-02	5.75e-04	1.63e-07	1.53e-11	3.07e-12	2.09e-03	1.93e-09	1.37e-28
 7.91707e+22	1.88e-07	2.33e-03	1.55e-01	2.56e-01	5.50e-01	3.66e-02	4.98e-04	1.88e-07	1.82e-11	3.65e-12	2.33e-03	2.25e-09	2.05e-28
 7.95397e+22	2.25e-07	2.69e-03	1.69e-01	2.65e-01	5.31e-01	3.25e-02	4.10e-04	2.25e-07	2.26e-11	4.55e-12	2.69e-03	2.73e-09	3.48e-28
 7.99083e+22	2.59e-07	3.01e-03	1.80e-01	2.72e-01	5.15e-01	2.97e-02	3.52e-04	2.59e-07	2.68e-11	5.42e-12	3.01e-03	3.18e-09	5.19e-28
 8.02762e+22	3.09e-07	3.44e-03	1.95e-01	2.80e-01	4.95e-01	2.64e-02	2.91e-04	3.09e-07	3.33e-11	6.75e-12	3.44e-03	3.84e-09	8.60e-28
 8.06574e+22	3.60e-07	3.88e-03	2.09e-01	2.86e-01	4.76e-01	2.37e-02	2.43e-04	3.60e-07	4.01e-11	8.16e-12	3.88e-03	4.55e-09	1.34e-27
 8.09995e+22	4.17e-07	4.34e-03	2.23e-01	2.92e-01	4.59e-01	2.14e-02	2.07e-04	4.17e-07	4.80e-11	9.80e-12	4.34e-03	5.31e-09	2.02e-27
 8.13875e+22	5.04e-07	5.00e-03	2.42e-01	2.98e-01	4.36e-01	1.86e-02	1.66e-04	5.04e-07	6.06e-11	1.24e-11	5.00e-03	6.49e-09	3.43e-27
