#depth	H	H+	H2
 4.62852e+21	3.54e-10	1.00e+00	1.87e-40
 1.02627e+22	7.46e-10	1.00e+00	1.46e-39
 1.16515e+22	1.00e-09	1.00e+00	3.19e-39
 1.22262e+22	1.17e-09	1.00e+00	4.86e-39
 1.25046e+22	1.25e-09	1.00e+00	5.57e-39
 1.26644e+22	1.32e-09	1.00e+00	6.52e-39
 1.28100e+22	1.40e-09	1.00e+00	7.59e-39
 1.29548e+22	1.48e-09	1.00e+00	8.80e-39
 1.30987e+22	1.57e-09	1.00e+00	1.03e-38
 1.32416e+22	1.66e-09	1.00e+00	1.20e-38
 1.33835e+22	1.76e-09	1.00e+00	1.39e-38
 1.35246e+22	1.86e-09	1.00e+00	1.62e-38
 1.36647e+22	1.97e-09	1.00e+00	1.87e-38
 1.38040e+22	2.08e-09	1.00e+00	2.19e-38
 1.39426e+22	2.20e-09	1.00e+00	2.54e-38
 1.40804e+22	2.33e-09	1.00e+00	2.94e-38
 1.42174e+22	2.46e-09	1.00e+00	3.42e-38
 1.43538e+22	2.60e-09	1.00e+00	3.97e-38
 1.44896e+22	2.74e-09	1.00e+00	4.58e-38
 1.46248e+22	2.90e-09	1.00e+00	5.31e-38
 1.47595e+22	3.06e-09	1.00e+00	6.18e-38
 1.48936e+22	3.23e-09	1.00e+00	7.13e-38
 1.50272e+22	3.41e-09	1.00e+00	8.27e-38
 1.51602e+22	3.59e-09	1.00e+00	9.60e-38
 1.52900e+22	3.78e-09	1.00e+00	1.10e-37
 1.54194e+22	3.99e-09	1.00e+00	1.28e-37
 1.55504e+22	4.20e-09	1.00e+00	1.49e-37
 1.56810e+22	4.43e-09	1.00e+00	1.73e-37
 1.58119e+22	4.66e-09	1.00e+00	2.00e-37
 1.59415e+22	4.91e-09	1.00e+00	2.30e-37
 1.60708e+22	5.17e-09	1.00e+00	2.68e-37
 1.62005e+22	5.45e-09	1.00e+00	3.10e-37
 1.63299e+22	5.74e-09	1.00e+00	3.62e-37
 1.64527e+22	6.01e-09	1.00e+00	4.12e-37
 1.65756e+22	6.32e-09	1.00e+00	4.79e-37
 1.67004e+22	6.63e-09	1.00e+00	5.52e-37
 1.68248e+22	6.98e-09	1.00e+00	6.42e-37
 1.69511e+22	7.33e-09	1.00e+00	7.44e-37
 1.70730e+22	7.68e-09	1.00e+00	8.59e-37
 1.71966e+22	8.08e-09	1.00e+00	1.00e-36
 1.73159e+22	8.44e-09	1.00e+00	1.15e-36
 1.74351e+22	8.87e-09	1.00e+00	1.34e-36
 1.75561e+22	9.28e-09	1.00e+00	1.54e-36
 1.76765e+22	9.75e-09	1.00e+00	1.80e-36
 1.77990e+22	1.02e-08	1.00e+00	2.09e-36
 1.79210e+22	1.07e-08	1.00e+00	2.45e-36
 1.80416e+22	1.12e-08	1.00e+00	2.85e-36
 1.81618e+22	1.18e-08	1.00e+00	3.35e-36
 1.82838e+22	1.23e-08	1.00e+00	3.91e-36
 1.84005e+22	1.29e-08	1.00e+00	4.56e-36
 1.85199e+22	1.35e-08	1.00e+00	5.39e-36
 1.86404e+22	1.42e-08	1.00e+00	6.32e-36
 1.87604e+22	1.49e-08	1.00e+00	7.50e-36
 1.88820e+22	1.56e-08	1.00e+00	8.88e-36
 1.90031e+22	1.63e-08	1.00e+00	1.06e-35
 1.91235e+22	1.71e-08	1.00e+00	1.26e-35
 1.92432e+22	1.79e-08	1.00e+00	1.50e-35
 1.93636e+22	1.88e-08	1.00e+00	1.80e-35
 1.94834e+22	1.97e-08	1.00e+00	2.16e-35
 1.96030e+22	2.06e-08	1.00e+00	2.60e-35
 1.97219e+22	2.16e-08	1.00e+00	3.14e-35
 1.98402e+22	2.26e-08	1.00e+00	3.79e-35
 1.99578e+22	2.36e-08	1.00e+00	4.58e-35
 2.00747e+22	2.47e-08	1.00e+00	5.54e-35
 2.01910e+22	2.59e-08	1.00e+00	6.70e-35
 2.03067e+22	2.71e-08	1.00e+00	8.08e-35
 2.04216e+22	2.83e-08	1.00e+00	9.77e-35
 2.05359e+22	2.96e-08	1.00e+00	1.18e-34
 2.06497e+22	3.10e-08	1.00e+00	1.43e-34
 2.07632e+22	3.24e-08	1.00e+00	1.73e-34
 2.08765e+22	3.39e-08	1.00e+00	2.09e-34
 2.09898e+22	3.54e-08	1.00e+00	2.52e-34
 2.11032e+22	3.70e-08	1.00e+00	3.04e-34
 2.12168e+22	3.86e-08	1.00e+00	3.66e-34
 2.13311e+22	4.04e-08	1.00e+00	4.41e-34
 2.14463e+22	4.22e-08	1.00e+00	5.31e-34
 2.15627e+22	4.41e-08	1.00e+00	6.39e-34
 2.16805e+22	4.60e-08	1.00e+00	7.68e-34
 2.17999e+22	4.81e-08	1.00e+00	9.24e-34
 2.19214e+22	5.02e-08	1.00e+00	1.11e-33
 2.20453e+22	5.25e-08	1.00e+00	1.33e-33
 2.21721e+22	5.48e-08	1.00e+00	1.61e-33
 2.22960e+22	5.70e-08	1.00e+00	1.90e-33
 2.24238e+22	5.96e-08	1.00e+00	8.18e-34
 2.25537e+22	6.20e-08	1.00e+00	9.78e-34
 2.26879e+22	6.48e-08	1.00e+00	1.20e-33
 2.28244e+22	6.73e-08	1.00e+00	1.43e-33
 2.29659e+22	7.05e-08	1.00e+00	1.76e-33
 2.31101e+22	7.32e-08	1.00e+00	2.10e-33
 2.32429e+22	7.59e-08	1.00e+00	2.49e-33
 2.33942e+22	7.95e-08	1.00e+00	3.06e-33
 2.35468e+22	8.24e-08	1.00e+00	3.56e-33
 2.37012e+22	8.62e-08	1.00e+00	4.39e-33
 2.38586e+22	8.93e-08	1.00e+00	4.97e-33
 2.40196e+22	9.34e-08	1.00e+00	6.10e-33
 2.41813e+22	9.66e-08	1.00e+00	7.15e-33
 2.43439e+22	1.01e-07	1.00e+00	8.77e-33
 2.45056e+22	1.04e-07	1.00e+00	1.01e-32
 2.46662e+22	1.09e-07	1.00e+00	1.23e-32
 2.48304e+22	1.12e-07	1.00e+00	1.44e-32
 2.49996e+22	1.17e-07	1.00e+00	1.70e-32
 2.51690e+22	1.21e-07	1.00e+00	1.97e-32
 2.53388e+22	1.27e-07	1.00e+00	2.41e-32
 2.55117e+22	1.31e-07	1.00e+00	2.81e-32
 2.56885e+22	1.37e-07	1.00e+00	3.45e-32
 2.58678e+22	1.42e-07	1.00e+00	4.04e-32
 2.60235e+22	1.47e-07	1.00e+00	4.72e-32
 2.61705e+22	1.51e-07	1.00e+00	5.43e-32
 2.63329e+22	1.58e-07	1.00e+00	6.55e-32
 2.64947e+22	1.63e-07	1.00e+00	7.54e-32
 2.66257e+22	1.67e-07	1.00e+00	8.53e-32
 2.67659e+22	1.74e-07	1.00e+00	1.01e-31
 2.69049e+22	1.79e-07	1.00e+00	1.11e-31
 2.70176e+22	1.83e-07	1.00e+00	1.24e-31
 2.71391e+22	1.89e-07	1.00e+00	1.44e-31
 2.72541e+22	1.94e-07	1.00e+00	1.59e-31
 2.73604e+22	2.00e-07	1.00e+00	1.81e-31
 2.74674e+22	2.04e-07	1.00e+00	1.99e-31
 2.75754e+22	2.11e-07	1.00e+00	2.28e-31
 2.76804e+22	2.16e-07	1.00e+00	2.51e-31
 2.77817e+22	2.23e-07	1.00e+00	2.87e-31
 2.78819e+22	2.28e-07	1.00e+00	3.15e-31
 2.79807e+22	2.36e-07	1.00e+00	3.59e-31
 2.80814e+22	2.42e-07	1.00e+00	3.99e-31
 2.81663e+22	2.47e-07	1.00e+00	4.37e-31
 2.82588e+22	2.56e-07	1.00e+00	5.00e-31
 2.83481e+22	2.61e-07	1.00e+00	5.45e-31
 2.84333e+22	2.70e-07	1.00e+00	6.15e-31
 2.85215e+22	2.77e-07	1.00e+00	6.80e-31
 2.86137e+22	2.87e-07	1.00e+00	7.81e-31
 2.87045e+22	2.94e-07	1.00e+00	8.62e-31
 2.87934e+22	3.05e-07	1.00e+00	9.88e-31
 2.88835e+22	3.14e-07	1.00e+00	1.10e-30
 2.89618e+22	3.24e-07	1.00e+00	1.23e-30
 2.90501e+22	3.37e-07	1.00e+00	1.42e-30
 2.91378e+22	3.47e-07	1.00e+00	1.58e-30
 2.92248e+22	3.62e-07	1.00e+00	1.84e-30
 2.93129e+22	3.74e-07	1.00e+00	2.06e-30
 2.93881e+22	3.87e-07	1.00e+00	2.31e-30
 2.94718e+22	4.04e-07	1.00e+00	2.69e-30
 2.95547e+22	4.18e-07	1.00e+00	3.02e-30
 2.96364e+22	4.36e-07	1.00e+00	3.51e-30
 2.97196e+22	4.52e-07	1.00e+00	3.94e-30
 2.98047e+22	4.73e-07	1.00e+00	4.60e-30
 2.98914e+22	4.91e-07	1.00e+00	5.21e-30
 2.99681e+22	5.10e-07	1.00e+00	5.89e-30
 3.00522e+22	5.34e-07	1.00e+00	6.84e-30
 3.01374e+22	5.55e-07	1.00e+00	7.76e-30
 3.02221e+22	5.81e-07	1.00e+00	8.98e-30
 3.03082e+22	6.05e-07	1.00e+00	1.02e-29
 3.03950e+22	6.34e-07	1.00e+00	1.18e-29
 3.04832e+22	6.61e-07	1.00e+00	1.35e-29
 3.05718e+22	6.92e-07	1.00e+00	1.56e-29
 3.06603e+22	7.20e-07	1.00e+00	1.77e-29
 3.07511e+22	7.55e-07	1.00e+00	2.05e-29
 3.08431e+22	7.86e-07	1.00e+00	2.32e-29
 3.09376e+22	8.24e-07	1.00e+00	2.69e-29
 3.10346e+22	8.58e-07	1.00e+00	3.05e-29
 3.11344e+22	9.00e-07	1.00e+00	3.53e-29
 3.12373e+22	9.38e-07	1.00e+00	4.01e-29
 3.13441e+22	9.84e-07	1.00e+00	4.66e-29
 3.14539e+22	1.03e-06	1.00e+00	5.30e-29
 3.15683e+22	1.08e-06	1.00e+00	6.15e-29
 3.16860e+22	1.12e-06	1.00e+00	6.99e-29
 3.18105e+22	1.18e-06	1.00e+00	8.18e-29
 3.19356e+22	1.23e-06	1.00e+00	9.26e-29
 3.20629e+22	1.29e-06	1.00e+00	1.08e-28
 3.21931e+22	1.34e-06	1.00e+00	1.22e-28
 3.23060e+22	1.39e-06	1.00e+00	1.37e-28
 3.24316e+22	1.46e-06	1.00e+00	1.59e-28
 3.25568e+22	1.51e-06	1.00e+00	1.76e-28
 3.26816e+22	1.58e-06	1.00e+00	2.03e-28
 3.28096e+22	1.63e-06	1.00e+00	2.26e-28
 3.29242e+22	1.69e-06	1.00e+00	2.52e-28
 3.30554e+22	1.76e-06	1.00e+00	2.90e-28
 3.31858e+22	1.82e-06	1.00e+00	3.20e-28
 3.33150e+22	1.90e-06	1.00e+00	3.67e-28
 3.34461e+22	1.96e-06	1.00e+00	4.06e-28
 3.35800e+22	2.05e-06	1.00e+00	4.65e-28
 3.37162e+22	2.11e-06	1.00e+00	5.14e-28
 3.38556e+22	2.20e-06	1.00e+00	6.00e-28
 3.39975e+22	2.27e-06	1.00e+00	6.64e-28
 3.41217e+22	2.34e-06	1.00e+00	7.33e-28
 3.42622e+22	2.44e-06	1.00e+00	8.35e-28
 3.44023e+22	2.51e-06	1.00e+00	9.13e-28
 3.45420e+22	2.61e-06	1.00e+00	1.04e-27
 3.46837e+22	2.68e-06	1.00e+00	1.14e-27
 3.48280e+22	2.78e-06	1.00e+00	1.29e-27
 3.49773e+22	2.86e-06	1.00e+00	1.42e-27
 3.51329e+22	2.97e-06	1.00e+00	1.62e-27
 3.52911e+22	3.06e-06	1.00e+00	1.79e-27
 3.54526e+22	3.18e-06	1.00e+00	2.05e-27
 3.56197e+22	3.27e-06	1.00e+00	2.27e-27
 3.57942e+22	3.40e-06	1.00e+00	2.61e-27
 3.59743e+22	3.50e-06	1.00e+00	2.92e-27
 3.61620e+22	3.65e-06	1.00e+00	3.39e-27
 3.63501e+22	3.76e-06	1.00e+00	3.79e-27
 3.65390e+22	3.92e-06	1.00e+00	4.39e-27
 3.67352e+22	4.05e-06	1.00e+00	4.97e-27
 3.69410e+22	4.23e-06	1.00e+00	5.80e-27
 3.71497e+22	4.39e-06	1.00e+00	6.59e-27
 3.73342e+22	4.55e-06	1.00e+00	7.48e-27
 3.75463e+22	4.78e-06	1.00e+00	8.84e-27
 3.77465e+22	4.94e-06	1.00e+00	9.84e-27
 3.79311e+22	5.18e-06	1.00e+00	1.14e-26
 3.81184e+22	5.35e-06	1.00e+00	1.27e-26
 3.83091e+22	5.65e-06	1.00e+00	1.49e-26
 3.85002e+22	5.87e-06	1.00e+00	1.70e-26
 3.86920e+22	6.23e-06	1.00e+00	1.99e-26
 3.88855e+22	6.50e-06	1.00e+00	2.24e-26
 3.90815e+22	6.93e-06	1.00e+00	2.62e-26
 3.92801e+22	7.29e-06	1.00e+00	2.97e-26
 3.94821e+22	7.83e-06	1.00e+00	3.50e-26
 3.96863e+22	8.29e-06	1.00e+00	3.98e-26
 3.98895e+22	8.95e-06	1.00e+00	4.68e-26
 4.00825e+22	9.44e-06	1.00e+00	5.23e-26
 4.02658e+22	1.02e-05	1.00e+00	6.06e-26
 4.04527e+22	1.08e-05	1.00e+00	6.81e-26
 4.06331e+22	1.17e-05	1.00e+00	7.76e-26
 4.08179e+22	1.25e-05	1.00e+00	8.71e-26
 4.09963e+22	1.35e-05	1.00e+00	9.85e-26
 4.11731e+22	1.45e-05	1.00e+00	1.10e-25
 4.13479e+22	1.56e-05	1.00e+00	1.24e-25
 4.15221e+22	1.68e-05	1.00e+00	1.38e-25
 4.16930e+22	1.80e-05	1.00e+00	1.54e-25
 4.18634e+22	1.94e-05	1.00e+00	1.73e-25
 4.20339e+22	2.08e-05	1.00e+00	1.93e-25
 4.22052e+22	2.24e-05	1.00e+00	2.17e-25
 4.23778e+22	2.41e-05	1.00e+00	2.45e-25
 4.25527e+22	2.59e-05	1.00e+00	2.78e-25
 4.27305e+22	2.78e-05	1.00e+00	3.17e-25
 4.29097e+22	2.99e-05	1.00e+00	3.63e-25
 4.30928e+22	3.21e-05	1.00e+00	3.71e-25
 4.32769e+22	3.44e-05	1.00e+00	4.30e-25
 4.34659e+22	3.70e-05	1.00e+00	5.07e-25
 4.36572e+22	3.96e-05	1.00e+00	5.97e-25
 4.38308e+22	4.19e-05	1.00e+00	6.91e-25
 4.40164e+22	4.52e-05	1.00e+00	8.40e-25
 4.42036e+22	4.76e-05	1.00e+00	9.76e-25
 4.43928e+22	5.12e-05	1.00e+00	1.20e-24
 4.45869e+22	5.40e-05	1.00e+00	1.42e-24
 4.47874e+22	5.82e-05	1.00e+00	1.78e-24
 4.49898e+22	6.13e-05	1.00e+00	2.11e-24
 4.51946e+22	6.58e-05	1.00e+00	2.66e-24
 4.54013e+22	6.93e-05	1.00e+00	3.18e-24
 4.56106e+22	7.43e-05	1.00e+00	4.03e-24
 4.58226e+22	7.81e-05	1.00e+00	4.84e-24
 4.60381e+22	8.37e-05	1.00e+00	6.19e-24
 4.62573e+22	8.80e-05	1.00e+00	7.48e-24
 4.64810e+22	9.42e-05	1.00e+00	9.63e-24
 4.67093e+22	9.92e-05	1.00e+00	1.17e-23
 4.69434e+22	1.06e-04	1.00e+00	1.52e-23
 4.71829e+22	1.12e-04	1.00e+00	1.87e-23
 4.73850e+22	1.17e-04	1.00e+00	2.24e-23
 4.76031e+22	1.25e-04	1.00e+00	2.86e-23
 4.78225e+22	1.30e-04	1.00e+00	3.41e-23
 4.80434e+22	1.38e-04	1.00e+00	4.33e-23
 4.82613e+22	1.44e-04	1.00e+00	5.13e-23
 4.84754e+22	1.53e-04	1.00e+00	6.48e-23
 4.86906e+22	1.59e-04	1.00e+00	7.66e-23
 4.89074e+22	1.68e-04	1.00e+00	9.66e-23
 4.91277e+22	1.75e-04	1.00e+00	1.15e-22
 4.93524e+22	1.85e-04	1.00e+00	1.46e-22
 4.95805e+22	1.93e-04	1.00e+00	1.74e-22
 4.98128e+22	2.05e-04	1.00e+00	2.22e-22
 5.00493e+22	2.13e-04	1.00e+00	2.66e-22
 5.02913e+22	2.26e-04	1.00e+00	3.42e-22
 5.05385e+22	2.36e-04	1.00e+00	4.13e-22
 5.07924e+22	2.51e-04	1.00e+00	5.36e-22
 5.10502e+22	2.62e-04	1.00e+00	6.52e-22
 5.13128e+22	2.79e-04	1.00e+00	8.51e-22
 5.15780e+22	2.91e-04	1.00e+00	1.04e-21
 5.18041e+22	3.04e-04	1.00e+00	1.25e-21
 5.20554e+22	3.21e-04	1.00e+00	1.61e-21
 5.23091e+22	3.36e-04	1.00e+00	1.95e-21
 5.25660e+22	3.54e-04	1.00e+00	2.40e-21
 5.28157e+22	3.69e-04	1.00e+00	2.89e-21
 5.30228e+22	3.84e-04	1.00e+00	3.46e-21
 5.32590e+22	4.03e-04	1.00e+00	4.32e-21
 5.35027e+22	4.20e-04	1.00e+00	5.24e-21
 5.37217e+22	4.38e-04	1.00e+00	6.31e-21
 5.39717e+22	4.60e-04	1.00e+00	8.02e-21
 5.42297e+22	4.81e-04	1.00e+00	9.92e-21
 5.44596e+22	5.02e-04	9.99e-01	1.20e-20
 5.47201e+22	5.28e-04	9.99e-01	1.55e-20
 5.49919e+22	5.53e-04	9.99e-01	1.95e-20
 5.52373e+22	5.78e-04	9.99e-01	2.40e-20
 5.55152e+22	6.10e-04	9.99e-01	3.15e-20
 5.58006e+22	6.40e-04	9.99e-01	4.04e-20
 5.60542e+22	6.69e-04	9.99e-01	5.04e-20
 5.63423e+22	7.07e-04	9.99e-01	6.73e-20
 5.66397e+22	7.43e-04	9.99e-01	8.89e-20
 5.69026e+22	7.77e-04	9.99e-01	1.13e-19
 5.71980e+22	8.22e-04	9.99e-01	1.54e-19
 5.74998e+22	8.63e-04	9.99e-01	2.10e-19
 5.77678e+22	9.04e-04	9.99e-01	2.73e-19
 5.80739e+22	9.58e-04	9.99e-01	3.87e-19
 5.83864e+22	1.01e-03	9.99e-01	5.71e-19
 5.86642e+22	1.06e-03	9.99e-01	7.64e-19
 5.89822e+22	1.12e-03	9.99e-01	1.14e-18
 5.93073e+22	1.18e-03	9.99e-01	1.91e-18
 5.95853e+22	1.23e-03	9.99e-01	2.65e-18
 5.98905e+22	1.31e-03	9.99e-01	4.15e-18
 6.02035e+22	1.37e-03	9.99e-01	6.64e-18
 6.04824e+22	1.43e-03	9.99e-01	1.10e-17
 6.08007e+22	1.52e-03	9.98e-01	2.04e-17
 6.11242e+22	1.60e-03	9.98e-01	4.48e-17
 6.13989e+22	1.67e-03	9.98e-01	7.83e-17
 6.17003e+22	1.76e-03	9.98e-01	1.79e-16
 6.20099e+22	1.84e-03	9.98e-01	4.13e-16
 6.22868e+22	1.93e-03	9.98e-01	8.95e-16
 6.25358e+22	2.00e-03	9.98e-01	2.16e-15
 6.27580e+22	2.07e-03	9.98e-01	7.66e-15
 6.30132e+22	2.16e-03	9.98e-01	2.22e-14
 6.32771e+22	2.25e-03	9.98e-01	1.16e-13
 6.35098e+22	2.33e-03	9.98e-01	1.96e-13
 6.37701e+22	2.44e-03	9.98e-01	2.70e-13
 6.40356e+22	2.53e-03	9.97e-01	3.38e-13
 6.43079e+22	2.65e-03	9.97e-01	4.18e-13
 6.45822e+22	2.75e-03	9.97e-01	5.00e-13
 6.48593e+22	2.89e-03	9.97e-01	6.17e-13
 6.51403e+22	3.00e-03	9.97e-01	7.32e-13
 6.54265e+22	3.15e-03	9.97e-01	9.04e-13
 6.57153e+22	3.27e-03	9.97e-01	1.06e-12
 6.60074e+22	3.43e-03	9.97e-01	1.29e-12
 6.63039e+22	3.57e-03	9.96e-01	1.51e-12
 6.66061e+22	3.75e-03	9.96e-01	1.84e-12
 6.69137e+22	3.91e-03	9.96e-01	2.15e-12
 6.72285e+22	4.11e-03	9.96e-01	2.59e-12
 6.75538e+22	4.29e-03	9.96e-01	3.06e-12
 6.78105e+22	4.43e-03	9.96e-01	3.46e-12
 6.80622e+22	4.61e-03	9.95e-01	4.00e-12
 6.83192e+22	4.76e-03	9.95e-01	4.49e-12
 6.85831e+22	4.96e-03	9.95e-01	5.17e-12
 6.88523e+22	5.13e-03	9.95e-01	5.83e-12
 6.91285e+22	5.36e-03	9.95e-01	6.79e-12
 6.94042e+22	5.54e-03	9.94e-01	7.61e-12
 6.96792e+22	5.79e-03	9.94e-01	8.75e-12
 6.99613e+22	5.99e-03	9.94e-01	9.84e-12
 7.02527e+22	6.27e-03	9.94e-01	1.14e-11
 7.05461e+22	6.48e-03	9.94e-01	1.27e-11
 7.08420e+22	6.79e-03	9.93e-01	1.47e-11
 7.11207e+22	6.97e-03	9.93e-01	1.60e-11
 7.13200e+22	7.13e-03	9.93e-01	1.72e-11
 7.15220e+22	7.35e-03	9.93e-01	1.88e-11
 7.17487e+22	7.56e-03	9.92e-01	2.05e-11
 7.20076e+22	7.87e-03	9.92e-01	2.31e-11
 7.22519e+22	8.06e-03	9.92e-01	2.49e-11
 7.24455e+22	8.24e-03	9.92e-01	2.67e-11
 7.26156e+22	8.39e-03	9.92e-01	2.82e-11
 7.27865e+22	8.61e-03	9.91e-01	3.04e-11
 7.30087e+22	8.90e-03	9.91e-01	3.34e-11
 7.32975e+22	9.34e-03	9.91e-01	3.84e-11
 7.35431e+22	9.47e-03	9.91e-01	4.03e-11
 7.37325e+22	9.75e-03	9.90e-01	4.37e-11
 7.39787e+22	1.01e-02	9.90e-01	4.86e-11
 7.42988e+22	1.07e-02	9.89e-01	5.62e-11
 7.46268e+22	1.10e-02	9.89e-01	6.23e-11
 7.49650e+22	1.17e-02	9.88e-01	7.26e-11
 7.53185e+22	1.21e-02	9.88e-01	8.16e-11
 7.56918e+22	1.29e-02	9.87e-01	9.65e-11
 7.60710e+22	1.35e-02	9.87e-01	1.10e-10
 7.64580e+22	1.44e-02	9.86e-01	1.31e-10
 7.68483e+22	1.52e-02	9.85e-01	1.52e-10
 7.72431e+22	1.64e-02	9.84e-01	1.86e-10
 7.76379e+22	1.74e-02	9.83e-01	2.16e-10
 7.79414e+22	1.82e-02	9.82e-01	2.44e-10
 7.82446e+22	1.95e-02	9.80e-01	2.93e-10
 7.85410e+22	2.05e-02	9.79e-01	3.35e-10
 7.88285e+22	2.21e-02	9.78e-01	4.02e-10
 7.91210e+22	2.36e-02	9.76e-01	4.73e-10
 7.93779e+22	2.52e-02	9.75e-01	5.58e-10
 7.96698e+22	2.75e-02	9.72e-01	6.94e-10
 7.99693e+22	3.00e-02	9.70e-01	8.55e-10
 8.02325e+22	3.27e-02	9.67e-01	1.05e-09
 8.05282e+22	3.67e-02	9.63e-01	1.39e-09
 8.08399e+22	4.14e-02	9.59e-01	1.85e-09
 8.11205e+22	4.68e-02	9.53e-01	2.46e-09
 8.13911e+22	5.33e-02	9.47e-01	3.32e-09
 8.16578e+22	6.13e-02	9.39e-01	4.57e-09
 8.19132e+22	7.11e-02	9.29e-01	6.46e-09
 8.20755e+22	7.71e-02	9.23e-01	7.71e-09
 8.21373e+22	8.03e-02	9.20e-01	8.51e-09
 8.21829e+22	8.23e-02	9.18e-01	8.96e-09
 8.22355e+22	8.51e-02	9.15e-01	9.68e-09
 8.23013e+22	8.90e-02	9.11e-01	1.07e-08
 8.23717e+22	9.32e-02	9.07e-01	1.19e-08
 8.24378e+22	9.74e-02	9.03e-01	1.31e-08
 8.25010e+22	1.02e-01	8.98e-01	1.45e-08
 8.25622e+22	1.06e-01	8.94e-01	1.60e-08
 8.26217e+22	1.11e-01	8.89e-01	1.76e-08
 8.26816e+22	1.16e-01	8.84e-01	1.95e-08
 8.27414e+22	1.21e-01	8.79e-01	2.15e-08
 8.28003e+22	1.26e-01	8.74e-01	2.37e-08
 8.28586e+22	1.31e-01	8.69e-01	2.60e-08
 8.29178e+22	1.38e-01	8.62e-01	2.89e-08
 8.29758e+22	1.44e-01	8.56e-01	3.20e-08
 8.30307e+22	1.50e-01	8.50e-01	3.51e-08
 8.30863e+22	1.56e-01	8.44e-01	3.88e-08
 8.31421e+22	1.63e-01	8.37e-01	4.28e-08
 8.31970e+22	1.70e-01	8.30e-01	4.73e-08
 8.32514e+22	1.78e-01	8.22e-01	5.23e-08
 8.33046e+22	1.85e-01	8.15e-01	5.76e-08
 8.33577e+22	1.93e-01	8.07e-01	6.35e-08
 8.34110e+22	2.01e-01	7.99e-01	7.00e-08
 8.34645e+22	2.09e-01	7.91e-01	7.73e-08
 8.35179e+22	2.18e-01	7.82e-01	8.53e-08
 8.35710e+22	2.27e-01	7.73e-01	9.41e-08
 8.36241e+22	2.37e-01	7.63e-01	1.04e-07
 8.36772e+22	2.46e-01	7.54e-01	1.14e-07
 8.37317e+22	2.56e-01	7.44e-01	1.25e-07
 8.37875e+22	2.67e-01	7.33e-01	1.39e-07
 8.38420e+22	2.79e-01	7.21e-01	1.55e-07
 8.38931e+22	2.89e-01	7.11e-01	1.68e-07
 8.39463e+22	3.00e-01	7.00e-01	1.86e-07
 8.40034e+22	3.12e-01	6.88e-01	2.06e-07
 8.40588e+22	3.25e-01	6.75e-01	2.28e-07
 8.41118e+22	3.36e-01	6.64e-01	2.48e-07
 8.41672e+22	3.49e-01	6.51e-01	2.74e-07
 8.42253e+22	3.63e-01	6.37e-01	3.03e-07
 8.42820e+22	3.76e-01	6.24e-01	3.34e-07
 8.43382e+22	3.89e-01	6.11e-01	3.68e-07
 8.43951e+22	4.02e-01	5.98e-01	4.02e-07
 8.44545e+22	4.16e-01	5.84e-01	4.45e-07
 8.45147e+22	4.30e-01	5.70e-01	4.86e-07
 8.45760e+22	4.45e-01	5.55e-01	5.36e-07
 8.46395e+22	4.59e-01	5.41e-01	5.92e-07
 8.47020e+22	4.74e-01	5.26e-01	6.49e-07
 8.47656e+22	4.88e-01	5.12e-01	7.11e-07
 8.48324e+22	5.03e-01	4.97e-01	7.80e-07
 8.49015e+22	5.18e-01	4.82e-01	8.55e-07
 8.49729e+22	5.33e-01	4.67e-01	9.44e-07
 8.50391e+22	5.46e-01	4.54e-01	1.02e-06
 8.50989e+22	5.58e-01	4.42e-01	1.10e-06
 8.51604e+22	5.70e-01	4.30e-01	1.18e-06
 8.52252e+22	5.82e-01	4.18e-01	1.28e-06
 8.52922e+22	5.94e-01	4.06e-01	1.38e-06
 8.53601e+22	6.06e-01	3.94e-01	1.48e-06
 8.54292e+22	6.18e-01	3.82e-01	1.59e-06
 8.55001e+22	6.30e-01	3.70e-01	1.71e-06
 8.55736e+22	6.42e-01	3.58e-01	1.85e-06
 8.56482e+22	6.53e-01	3.47e-01	1.98e-06
 8.57250e+22	6.64e-01	3.36e-01	2.14e-06
 8.58041e+22	6.75e-01	3.25e-01	2.28e-06
 8.58861e+22	6.86e-01	3.14e-01	2.45e-06
 8.59719e+22	6.97e-01	3.03e-01	2.64e-06
 8.60588e+22	7.07e-01	2.93e-01	2.82e-06
 8.61485e+22	7.17e-01	2.83e-01	3.02e-06
 8.62439e+22	7.27e-01	2.73e-01	3.24e-06
 8.63441e+22	7.36e-01	2.64e-01	3.48e-06
 8.64482e+22	7.45e-01	2.54e-01	3.72e-06
 8.65577e+22	7.55e-01	2.45e-01	3.99e-06
 8.66741e+22	7.63e-01	2.37e-01	4.28e-06
 8.67977e+22	7.72e-01	2.28e-01	4.60e-06
 8.69285e+22	7.80e-01	2.20e-01	4.93e-06
 8.70667e+22	7.88e-01	2.12e-01	5.30e-06
 8.72125e+22	7.95e-01	2.05e-01	5.69e-06
 8.73664e+22	8.02e-01	1.98e-01	6.12e-06
 8.75291e+22	8.09e-01	1.91e-01	6.58e-06
 8.77000e+22	8.16e-01	1.84e-01	7.10e-06
 8.78792e+22	8.22e-01	1.78e-01	7.67e-06
 8.80649e+22	8.28e-01	1.72e-01	8.31e-06
 8.82521e+22	8.34e-01	1.66e-01	9.02e-06
 8.84367e+22	8.39e-01	1.61e-01	9.77e-06
 8.86192e+22	8.44e-01	1.56e-01	1.06e-05
 8.88015e+22	8.49e-01	1.51e-01	1.15e-05
 8.89811e+22	8.53e-01	1.47e-01	1.25e-05
 8.91574e+22	8.57e-01	1.43e-01	1.35e-05
 8.93336e+22	8.62e-01	1.38e-01	1.48e-05
 8.95065e+22	8.66e-01	1.34e-01	1.61e-05
 8.96720e+22	8.69e-01	1.31e-01	1.75e-05
 8.98334e+22	8.73e-01	1.27e-01	1.90e-05
 8.99919e+22	8.77e-01	1.23e-01	2.08e-05
 9.01473e+22	8.80e-01	1.20e-01	2.26e-05
 9.02987e+22	8.83e-01	1.17e-01	2.47e-05
 9.04459e+22	8.86e-01	1.14e-01	2.69e-05
 9.05899e+22	8.89e-01	1.11e-01	2.93e-05
 9.07324e+22	8.92e-01	1.08e-01	3.20e-05
 9.08732e+22	8.95e-01	1.05e-01	3.50e-05
 9.10113e+22	8.98e-01	1.02e-01	3.84e-05
 9.11440e+22	9.01e-01	9.93e-02	4.19e-05
 9.12714e+22	9.03e-01	9.68e-02	4.57e-05
 9.13950e+22	9.06e-01	9.44e-02	4.98e-05
 9.15120e+22	9.08e-01	9.21e-02	5.42e-05
 9.16217e+22	9.10e-01	9.00e-02	5.87e-05
 9.17259e+22	9.12e-01	8.80e-02	6.37e-05
 9.18228e+22	9.14e-01	8.62e-02	6.86e-05
 9.18965e+22	9.15e-01	8.49e-02	7.30e-05
 9.19407e+22	9.15e-01	8.46e-02	7.53e-05
 9.19733e+22	9.16e-01	8.43e-02	7.72e-05
 9.20072e+22	9.16e-01	8.38e-02	7.93e-05
 9.20447e+22	9.17e-01	8.32e-02	8.16e-05
 9.20841e+22	9.18e-01	8.22e-02	8.44e-05
 9.21213e+22	9.18e-01	8.15e-02	8.72e-05
 9.21549e+22	9.19e-01	8.09e-02	8.97e-05
 9.21888e+22	9.20e-01	8.03e-02	9.22e-05
 9.22248e+22	9.20e-01	7.96e-02	9.51e-05
 9.22613e+22	9.21e-01	7.88e-02	9.78e-05
 9.22985e+22	9.22e-01	7.81e-02	1.01e-04
 9.23373e+22	9.22e-01	7.73e-02	1.03e-04
 9.23771e+22	9.23e-01	7.64e-02	1.07e-04
 9.24158e+22	9.24e-01	7.58e-02	1.10e-04
 9.24544e+22	9.25e-01	7.50e-02	1.13e-04
 9.24946e+22	9.26e-01	7.41e-02	1.17e-04
 9.25344e+22	9.26e-01	7.34e-02	1.20e-04
 9.25620e+22	9.27e-01	7.28e-02	1.23e-04
