#depth	Ne	Ne+	Ne+2	Ne+3	Ne+4	Ne+5	Ne+6	Ne+7	Ne+8	Ne+9	Ne+10
 4.62852e+21	0.00e+00	0.00e+00	0.00e+00	2.57e-31	1.87e-25	3.73e-20	3.07e-15	8.94e-11	7.06e-07	9.02e-04	9.99e-01
 1.02627e+22	0.00e+00	0.00e+00	0.00e+00	3.08e-29	1.06e-23	1.01e-18	4.25e-14	6.19e-10	2.54e-06	1.68e-03	9.98e-01
 1.16515e+22	0.00e+00	0.00e+00	1.92e-34	2.10e-28	5.32e-23	3.78e-18	1.18e-13	1.32e-09	4.21e-06	2.15e-03	9.98e-01
 1.22262e+22	0.00e+00	0.00e+00	5.89e-34	5.52e-28	1.20e-22	7.32e-18	1.98e-13	1.92e-09	5.44e-06	2.44e-03	9.98e-01
 1.25046e+22	0.00e+00	0.00e+00	9.85e-34	8.60e-28	1.74e-22	9.89e-18	2.50e-13	2.28e-09	6.10e-06	2.59e-03	9.97e-01
 1.26644e+22	0.00e+00	0.00e+00	1.52e-33	1.25e-27	2.38e-22	1.27e-17	3.04e-13	2.63e-09	6.73e-06	2.72e-03	9.97e-01
 1.28100e+22	0.00e+00	0.00e+00	2.32e-33	1.80e-27	3.23e-22	1.63e-17	3.69e-13	3.03e-09	7.41e-06	2.86e-03	9.97e-01
 1.29548e+22	0.00e+00	0.00e+00	3.55e-33	2.59e-27	4.39e-22	2.09e-17	4.47e-13	3.49e-09	8.15e-06	3.00e-03	9.97e-01
 1.30987e+22	0.00e+00	0.00e+00	5.43e-33	3.73e-27	5.96e-22	2.68e-17	5.41e-13	4.02e-09	8.96e-06	3.15e-03	9.97e-01
 1.32416e+22	0.00e+00	0.00e+00	8.27e-33	5.36e-27	8.07e-22	3.42e-17	6.54e-13	4.61e-09	9.85e-06	3.30e-03	9.97e-01
 1.33835e+22	0.00e+00	0.00e+00	1.26e-32	7.69e-27	1.09e-21	4.36e-17	7.89e-13	5.29e-09	1.08e-05	3.46e-03	9.97e-01
 1.35246e+22	0.00e+00	0.00e+00	1.91e-32	1.10e-26	1.47e-21	5.55e-17	9.50e-13	6.06e-09	1.19e-05	3.63e-03	9.96e-01
 1.36647e+22	0.00e+00	0.00e+00	2.89e-32	1.57e-26	1.98e-21	7.05e-17	1.14e-12	6.93e-09	1.30e-05	3.81e-03	9.96e-01
 1.38040e+22	0.00e+00	0.00e+00	4.36e-32	2.23e-26	2.66e-21	8.94e-17	1.37e-12	7.91e-09	1.43e-05	4.00e-03	9.96e-01
 1.39426e+22	0.00e+00	0.00e+00	6.57e-32	3.17e-26	3.56e-21	1.13e-16	1.64e-12	9.03e-09	1.56e-05	4.19e-03	9.96e-01
 1.40804e+22	0.00e+00	0.00e+00	9.87e-32	4.50e-26	4.76e-21	1.43e-16	1.96e-12	1.03e-08	1.71e-05	4.40e-03	9.96e-01
 1.42174e+22	0.00e+00	0.00e+00	1.48e-31	6.36e-26	6.36e-21	1.80e-16	2.34e-12	1.17e-08	1.87e-05	4.61e-03	9.95e-01
 1.43538e+22	0.00e+00	0.00e+00	2.20e-31	8.93e-26	8.47e-21	2.27e-16	2.79e-12	1.33e-08	2.04e-05	4.83e-03	9.95e-01
 1.44896e+22	0.00e+00	0.00e+00	3.28e-31	1.26e-25	1.13e-20	2.85e-16	3.32e-12	1.51e-08	2.23e-05	5.06e-03	9.95e-01
 1.46248e+22	0.00e+00	0.00e+00	4.89e-31	1.77e-25	1.49e-20	3.57e-16	3.94e-12	1.70e-08	2.43e-05	5.31e-03	9.95e-01
 1.47595e+22	0.00e+00	0.00e+00	7.27e-31	2.48e-25	1.98e-20	4.46e-16	4.67e-12	1.93e-08	2.65e-05	5.56e-03	9.94e-01
 1.48936e+22	0.00e+00	0.00e+00	1.08e-30	3.47e-25	2.61e-20	5.57e-16	5.53e-12	2.18e-08	2.89e-05	5.83e-03	9.94e-01
 1.50272e+22	0.00e+00	0.00e+00	1.59e-30	4.85e-25	3.44e-20	6.95e-16	6.53e-12	2.45e-08	3.14e-05	6.10e-03	9.94e-01
 1.51602e+22	0.00e+00	0.00e+00	2.35e-30	6.75e-25	4.53e-20	8.64e-16	7.69e-12	2.76e-08	3.42e-05	6.39e-03	9.94e-01
 1.52900e+22	0.00e+00	0.00e+00	3.41e-30	9.26e-25	5.89e-20	1.06e-15	8.99e-12	3.08e-08	3.70e-05	6.68e-03	9.93e-01
 1.54194e+22	0.00e+00	0.00e+00	5.01e-30	1.29e-24	7.72e-20	1.32e-15	1.06e-11	3.46e-08	4.02e-05	6.99e-03	9.93e-01
 1.55504e+22	0.00e+00	0.00e+00	7.32e-30	1.77e-24	1.01e-19	1.63e-15	1.24e-11	3.87e-08	4.35e-05	7.32e-03	9.93e-01
 1.56810e+22	0.00e+00	0.00e+00	1.07e-29	2.45e-24	1.31e-19	2.01e-15	1.45e-11	4.33e-08	4.71e-05	7.66e-03	9.92e-01
 1.58119e+22	0.00e+00	0.00e+00	1.56e-29	3.38e-24	1.71e-19	2.47e-15	1.69e-11	4.83e-08	5.10e-05	8.02e-03	9.92e-01
 1.59415e+22	0.00e+00	0.00e+00	2.27e-29	4.63e-24	2.22e-19	3.03e-15	1.96e-11	5.37e-08	5.51e-05	8.38e-03	9.92e-01
 1.60708e+22	0.00e+00	2.85e-35	3.30e-29	6.36e-24	2.88e-19	3.72e-15	2.28e-11	5.97e-08	5.96e-05	8.77e-03	9.91e-01
 1.62005e+22	0.00e+00	4.38e-35	4.79e-29	8.72e-24	3.73e-19	4.56e-15	2.65e-11	6.63e-08	6.43e-05	9.18e-03	9.91e-01
 1.63299e+22	0.00e+00	6.70e-35	6.93e-29	1.19e-23	4.82e-19	5.57e-15	3.07e-11	7.35e-08	6.93e-05	9.60e-03	9.90e-01
 1.64527e+22	0.00e+00	9.84e-35	9.66e-29	1.58e-23	6.06e-19	6.67e-15	3.50e-11	8.05e-08	7.41e-05	9.99e-03	9.90e-01
 1.65756e+22	0.00e+00	1.50e-34	1.39e-28	2.15e-23	7.81e-19	8.12e-15	4.05e-11	8.89e-08	7.98e-05	1.04e-02	9.89e-01
 1.67004e+22	0.00e+00	2.23e-34	1.96e-28	2.87e-23	9.87e-19	9.75e-15	4.62e-11	9.74e-08	8.54e-05	1.09e-02	9.89e-01
 1.68248e+22	0.00e+00	3.38e-34	2.81e-28	3.89e-23	1.27e-18	1.18e-14	5.31e-11	1.07e-07	9.18e-05	1.14e-02	9.89e-01
 1.69511e+22	0.00e+00	5.07e-34	3.99e-28	5.22e-23	1.61e-18	1.42e-14	6.07e-11	1.17e-07	9.83e-05	1.19e-02	9.88e-01
 1.70730e+22	0.00e+00	7.47e-34	5.57e-28	6.92e-23	2.02e-18	1.70e-14	6.90e-11	1.28e-07	1.05e-04	1.24e-02	9.88e-01
 1.71966e+22	0.00e+00	1.13e-33	7.96e-28	9.34e-23	2.58e-18	2.05e-14	7.88e-11	1.40e-07	1.12e-04	1.29e-02	9.87e-01
 1.73159e+22	0.00e+00	1.61e-33	1.08e-27	1.21e-22	3.18e-18	2.41e-14	8.85e-11	1.51e-07	1.19e-04	1.34e-02	9.86e-01
 1.74351e+22	0.00e+00	2.43e-33	1.54e-27	1.63e-22	4.05e-18	2.90e-14	1.01e-10	1.65e-07	1.27e-04	1.40e-02	9.86e-01
 1.75561e+22	0.00e+00	3.51e-33	2.12e-27	2.12e-22	5.02e-18	3.42e-14	1.13e-10	1.78e-07	1.35e-04	1.46e-02	9.85e-01
 1.76765e+22	0.00e+00	5.25e-33	3.00e-27	2.84e-22	6.36e-18	4.09e-14	1.28e-10	1.93e-07	1.44e-04	1.52e-02	9.85e-01
 1.77990e+22	0.00e+00	7.67e-33	4.15e-27	3.73e-22	7.92e-18	4.84e-14	1.44e-10	2.08e-07	1.53e-04	1.59e-02	9.84e-01
 1.79210e+22	0.00e+00	1.14e-32	5.85e-27	4.98e-22	9.99e-18	5.78e-14	1.63e-10	2.25e-07	1.63e-04	1.65e-02	9.83e-01
 1.80416e+22	0.00e+00	1.65e-32	8.03e-27	6.48e-22	1.23e-17	6.79e-14	1.82e-10	2.41e-07	1.73e-04	1.72e-02	9.83e-01
 1.81618e+22	0.00e+00	2.45e-32	1.13e-26	8.60e-22	1.55e-17	8.07e-14	2.05e-10	2.60e-07	1.84e-04	1.79e-02	9.82e-01
 1.82838e+22	0.00e+00	3.57e-32	1.56e-26	1.13e-21	1.93e-17	9.51e-14	2.30e-10	2.79e-07	1.94e-04	1.87e-02	9.81e-01
 1.84005e+22	0.00e+00	5.13e-32	2.13e-26	1.46e-21	2.37e-17	1.11e-13	2.56e-10	2.98e-07	2.05e-04	1.94e-02	9.80e-01
 1.85199e+22	0.00e+00	7.60e-32	2.98e-26	1.93e-21	2.97e-17	1.32e-13	2.86e-10	3.19e-07	2.18e-04	2.02e-02	9.80e-01
 1.86404e+22	0.00e+00	1.10e-31	4.08e-26	2.51e-21	3.66e-17	1.54e-13	3.19e-10	3.40e-07	2.30e-04	2.11e-02	9.79e-01
 1.87604e+22	0.00e+00	1.62e-31	5.68e-26	3.31e-21	4.57e-17	1.82e-13	3.56e-10	3.63e-07	2.43e-04	2.19e-02	9.78e-01
 1.88820e+22	0.00e+00	2.36e-31	7.86e-26	4.33e-21	5.67e-17	2.14e-13	3.96e-10	3.86e-07	2.57e-04	2.28e-02	9.77e-01
 1.90031e+22	0.00e+00	3.47e-31	1.09e-25	5.70e-21	7.05e-17	2.52e-13	4.41e-10	4.11e-07	2.72e-04	2.38e-02	9.76e-01
 1.91235e+22	0.00e+00	5.04e-31	1.50e-25	7.43e-21	8.71e-17	2.94e-13	4.89e-10	4.36e-07	2.86e-04	2.47e-02	9.75e-01
 1.92432e+22	0.00e+00	7.38e-31	2.08e-25	9.74e-21	1.08e-16	3.46e-13	5.43e-10	4.62e-07	3.02e-04	2.58e-02	9.74e-01
 1.93636e+22	0.00e+00	1.08e-30	2.88e-25	1.27e-20	1.34e-16	4.05e-13	6.03e-10	4.90e-07	3.19e-04	2.68e-02	9.73e-01
 1.94834e+22	0.00e+00	1.58e-30	3.98e-25	1.67e-20	1.66e-16	4.75e-13	6.68e-10	5.18e-07	3.36e-04	2.79e-02	9.72e-01
 1.96030e+22	0.00e+00	2.30e-30	5.51e-25	2.18e-20	2.05e-16	5.56e-13	7.40e-10	5.48e-07	3.54e-04	2.90e-02	9.71e-01
 1.97219e+22	0.00e+00	3.36e-30	7.61e-25	2.85e-20	2.54e-16	6.51e-13	8.19e-10	5.78e-07	3.73e-04	3.02e-02	9.69e-01
 1.98402e+22	0.00e+00	4.90e-30	1.05e-24	3.72e-20	3.14e-16	7.62e-13	9.06e-10	6.10e-07	3.93e-04	3.14e-02	9.68e-01
 1.99578e+22	0.00e+00	7.14e-30	1.45e-24	4.85e-20	3.88e-16	8.91e-13	1.00e-09	6.43e-07	4.14e-04	3.26e-02	9.67e-01
 2.00747e+22	0.00e+00	1.04e-29	2.00e-24	6.33e-20	4.80e-16	1.04e-12	1.11e-09	6.77e-07	4.36e-04	3.39e-02	9.66e-01
 2.01910e+22	0.00e+00	1.51e-29	2.76e-24	8.26e-20	5.93e-16	1.22e-12	1.22e-09	7.13e-07	4.60e-04	3.52e-02	9.64e-01
 2.03067e+22	1.63e-35	2.21e-29	3.80e-24	1.08e-19	7.33e-16	1.43e-12	1.35e-09	7.51e-07	4.84e-04	3.66e-02	9.63e-01
 2.04216e+22	2.51e-35	3.22e-29	5.24e-24	1.41e-19	9.07e-16	1.67e-12	1.50e-09	7.91e-07	5.10e-04	3.80e-02	9.61e-01
 2.05359e+22	3.85e-35	4.69e-29	7.24e-24	1.84e-19	1.12e-15	1.96e-12	1.66e-09	8.33e-07	5.38e-04	3.95e-02	9.60e-01
 2.06497e+22	5.92e-35	6.83e-29	9.99e-24	2.40e-19	1.39e-15	2.30e-12	1.84e-09	8.78e-07	5.67e-04	4.10e-02	9.58e-01
 2.07632e+22	9.12e-35	9.96e-29	1.38e-23	3.15e-19	1.73e-15	2.70e-12	2.04e-09	9.27e-07	5.99e-04	4.26e-02	9.57e-01
 2.08765e+22	1.40e-34	1.46e-28	1.91e-23	4.12e-19	2.14e-15	3.17e-12	2.26e-09	9.79e-07	6.32e-04	4.42e-02	9.55e-01
 2.09898e+22	2.17e-34	2.13e-28	2.65e-23	5.41e-19	2.67e-15	3.74e-12	2.52e-09	1.04e-06	6.68e-04	4.58e-02	9.54e-01
 2.11032e+22	3.35e-34	3.12e-28	3.68e-23	7.12e-19	3.33e-15	4.41e-12	2.81e-09	1.10e-06	7.07e-04	4.75e-02	9.52e-01
 2.12168e+22	5.19e-34	4.59e-28	5.12e-23	9.39e-19	4.16e-15	5.23e-12	3.14e-09	1.17e-06	7.48e-04	4.93e-02	9.50e-01
 2.13311e+22	8.05e-34	6.75e-28	7.14e-23	1.24e-18	5.22e-15	6.20e-12	3.52e-09	1.24e-06	7.93e-04	5.11e-02	9.48e-01
 2.14463e+22	1.25e-33	9.98e-28	9.99e-23	1.64e-18	6.56e-15	7.39e-12	3.96e-09	1.32e-06	8.41e-04	5.30e-02	9.46e-01
 2.15627e+22	1.96e-33	1.48e-27	1.40e-22	2.19e-18	8.28e-15	8.83e-12	4.46e-09	1.42e-06	8.94e-04	5.50e-02	9.44e-01
 2.16805e+22	3.07e-33	2.20e-27	1.98e-22	2.92e-18	1.05e-14	1.06e-11	5.05e-09	1.52e-06	9.51e-04	5.71e-02	9.42e-01
 2.17999e+22	4.83e-33	3.28e-27	2.80e-22	3.92e-18	1.33e-14	1.27e-11	5.73e-09	1.64e-06	1.01e-03	5.92e-02	9.40e-01
 2.19214e+22	7.64e-33	4.93e-27	3.97e-22	5.27e-18	1.70e-14	1.54e-11	6.54e-09	1.77e-06	1.08e-03	6.14e-02	9.38e-01
 2.20453e+22	1.21e-32	7.42e-27	5.67e-22	7.12e-18	2.18e-14	1.87e-11	7.48e-09	1.92e-06	1.15e-03	6.37e-02	9.35e-01
 2.21721e+22	1.94e-32	1.12e-26	8.14e-22	9.68e-18	2.81e-14	2.28e-11	8.60e-09	2.10e-06	1.23e-03	6.61e-02	9.33e-01
 2.22960e+22	2.98e-32	1.65e-26	1.13e-21	1.28e-17	3.55e-14	2.74e-11	9.80e-09	2.27e-06	1.32e-03	6.84e-02	9.30e-01
 2.24238e+22	4.82e-32	2.53e-26	1.65e-21	1.76e-17	4.62e-14	3.37e-11	1.14e-08	2.50e-06	1.41e-03	7.10e-02	9.28e-01
 2.25537e+22	7.43e-32	3.71e-26	2.30e-21	2.35e-17	5.87e-14	4.07e-11	1.30e-08	2.72e-06	1.51e-03	7.35e-02	9.25e-01
 2.26879e+22	1.22e-31	5.76e-26	3.38e-21	3.26e-17	7.72e-14	5.07e-11	1.52e-08	3.01e-06	1.62e-03	7.64e-02	9.22e-01
 2.28244e+22	1.88e-31	8.47e-26	4.73e-21	4.35e-17	9.83e-14	6.14e-11	1.75e-08	3.30e-06	1.73e-03	7.90e-02	9.19e-01
 2.29659e+22	3.12e-31	1.33e-25	7.04e-21	6.13e-17	1.31e-13	7.73e-11	2.07e-08	3.68e-06	1.87e-03	8.21e-02	9.16e-01
 2.31101e+22	4.83e-31	1.97e-25	9.90e-21	8.21e-17	1.67e-13	9.41e-11	2.40e-08	4.06e-06	2.00e-03	8.49e-02	9.13e-01
 2.32429e+22	7.34e-31	2.86e-25	1.37e-20	1.09e-16	2.12e-13	1.14e-10	2.76e-08	4.46e-06	2.14e-03	8.77e-02	9.10e-01
 2.33942e+22	1.25e-30	4.61e-25	2.09e-20	1.56e-16	2.88e-13	1.46e-10	3.31e-08	5.04e-06	2.33e-03	9.14e-02	9.06e-01
 2.35468e+22	1.89e-30	6.67e-25	2.89e-20	2.07e-16	3.65e-13	1.76e-10	3.82e-08	5.55e-06	2.48e-03	9.44e-02	9.03e-01
 2.37012e+22	3.21e-30	1.07e-24	4.38e-20	2.96e-16	4.94e-13	2.25e-10	4.59e-08	6.28e-06	2.70e-03	9.83e-02	8.99e-01
 2.38586e+22	4.87e-30	1.55e-24	6.07e-20	3.93e-16	6.28e-13	2.74e-10	5.31e-08	6.94e-06	2.89e-03	1.01e-01	8.96e-01
 2.40196e+22	8.31e-30	2.51e-24	9.26e-20	5.66e-16	8.55e-13	3.52e-10	6.41e-08	7.90e-06	3.14e-03	1.06e-01	8.91e-01
 2.41813e+22	1.25e-29	3.61e-24	1.28e-19	7.46e-16	1.08e-12	4.27e-10	7.41e-08	8.73e-06	3.35e-03	1.09e-01	8.88e-01
 2.43439e+22	2.14e-29	5.85e-24	1.95e-19	1.08e-15	1.48e-12	5.50e-10	8.97e-08	9.96e-06	3.66e-03	1.14e-01	8.83e-01
 2.45056e+22	3.11e-29	8.19e-24	2.63e-19	1.40e-15	1.84e-12	6.59e-10	1.03e-07	1.09e-05	3.89e-03	1.17e-01	8.79e-01
 2.46662e+22	5.16e-29	1.29e-23	3.92e-19	1.98e-15	2.48e-12	8.38e-10	1.23e-07	1.24e-05	4.22e-03	1.21e-01	8.74e-01
 2.48304e+22	7.76e-29	1.86e-23	5.42e-19	2.62e-15	3.14e-12	1.02e-09	1.43e-07	1.38e-05	4.51e-03	1.25e-01	8.70e-01
 2.49996e+22	1.32e-28	2.99e-23	8.24e-19	3.77e-15	4.29e-12	1.31e-09	1.73e-07	1.57e-05	4.91e-03	1.30e-01	8.65e-01
 2.51690e+22	1.96e-28	4.28e-23	1.13e-18	4.95e-15	5.41e-12	1.59e-09	2.00e-07	1.74e-05	5.24e-03	1.34e-01	8.61e-01
 2.53388e+22	3.33e-28	6.87e-23	1.72e-18	7.12e-15	7.38e-12	2.05e-09	2.43e-07	1.99e-05	5.71e-03	1.40e-01	8.55e-01
 2.55117e+22	5.03e-28	9.96e-23	2.38e-18	9.47e-15	9.41e-12	2.50e-09	2.82e-07	2.21e-05	6.10e-03	1.44e-01	8.50e-01
 2.56885e+22	8.68e-28	1.63e-22	3.67e-18	1.38e-14	1.30e-11	3.25e-09	3.44e-07	2.54e-05	6.66e-03	1.50e-01	8.44e-01
 2.58678e+22	1.33e-27	2.39e-22	5.16e-18	1.85e-14	1.67e-11	3.99e-09	4.03e-07	2.84e-05	7.14e-03	1.54e-01	8.38e-01
 2.60235e+22	2.02e-27	3.48e-22	7.18e-18	2.47e-14	2.13e-11	4.88e-09	4.69e-07	3.16e-05	7.63e-03	1.59e-01	8.33e-01
 2.61705e+22	2.97e-27	4.92e-22	9.74e-18	3.22e-14	2.67e-11	5.87e-09	5.40e-07	3.48e-05	8.12e-03	1.64e-01	8.28e-01
 2.63329e+22	4.93e-27	7.76e-22	1.46e-17	4.57e-14	3.60e-11	7.48e-09	6.49e-07	3.96e-05	8.80e-03	1.70e-01	8.22e-01
 2.64947e+22	7.26e-27	1.10e-21	1.98e-17	5.97e-14	4.52e-11	9.01e-09	7.47e-07	4.37e-05	9.36e-03	1.74e-01	8.16e-01
 2.66257e+22	1.02e-26	1.49e-21	2.58e-17	7.52e-14	5.50e-11	1.06e-08	8.45e-07	4.76e-05	9.87e-03	1.78e-01	8.12e-01
 2.67659e+22	1.60e-26	2.23e-21	3.70e-17	1.03e-13	7.16e-11	1.31e-08	9.95e-07	5.34e-05	1.06e-02	1.84e-01	8.05e-01
 2.69049e+22	2.24e-26	3.03e-21	4.83e-17	1.30e-13	8.73e-11	1.54e-08	1.12e-06	5.81e-05	1.12e-02	1.88e-01	8.00e-01
 2.70176e+22	2.98e-26	3.92e-21	6.08e-17	1.58e-13	1.03e-10	1.77e-08	1.25e-06	6.25e-05	1.17e-02	1.92e-01	7.96e-01
 2.71391e+22	4.51e-26	5.69e-21	8.43e-17	2.10e-13	1.32e-10	2.16e-08	1.45e-06	6.93e-05	1.25e-02	1.98e-01	7.90e-01
 2.72541e+22	5.90e-26	7.24e-21	1.04e-16	2.52e-13	1.54e-10	2.45e-08	1.59e-06	7.41e-05	1.30e-02	2.01e-01	7.86e-01
 2.73604e+22	8.54e-26	1.01e-20	1.40e-16	3.25e-13	1.91e-10	2.92e-08	1.82e-06	8.12e-05	1.37e-02	2.06e-01	7.80e-01
 2.74674e+22	1.10e-25	1.27e-20	1.71e-16	3.88e-13	2.22e-10	3.30e-08	2.00e-06	8.67e-05	1.43e-02	2.10e-01	7.76e-01
 2.75754e+22	1.61e-25	1.79e-20	2.31e-16	5.02e-13	2.76e-10	3.95e-08	2.28e-06	9.51e-05	1.51e-02	2.15e-01	7.70e-01
 2.76804e+22	2.10e-25	2.27e-20	2.85e-16	6.02e-13	3.22e-10	4.48e-08	2.51e-06	1.02e-04	1.58e-02	2.18e-01	7.66e-01
 2.77817e+22	3.06e-25	3.18e-20	3.83e-16	7.78e-13	4.00e-10	5.34e-08	2.87e-06	1.11e-04	1.67e-02	2.24e-01	7.60e-01
 2.78819e+22	3.93e-25	3.98e-20	4.67e-16	9.24e-13	4.63e-10	6.01e-08	3.14e-06	1.18e-04	1.73e-02	2.27e-01	7.55e-01
 2.79807e+22	5.63e-25	5.50e-20	6.20e-16	1.18e-12	5.69e-10	7.11e-08	3.56e-06	1.29e-04	1.83e-02	2.32e-01	7.49e-01
 2.80814e+22	7.53e-25	7.14e-20	7.79e-16	1.44e-12	6.73e-10	8.15e-08	3.94e-06	1.39e-04	1.91e-02	2.37e-01	7.44e-01
 2.81663e+22	9.67e-25	8.94e-20	9.49e-16	1.70e-12	7.78e-10	9.16e-08	4.31e-06	1.48e-04	1.98e-02	2.40e-01	7.40e-01
 2.82588e+22	1.41e-24	1.26e-19	1.28e-15	2.20e-12	9.65e-10	1.09e-07	4.91e-06	1.61e-04	2.09e-02	2.46e-01	7.33e-01
 2.83481e+22	1.78e-24	1.55e-19	1.54e-15	2.58e-12	1.10e-09	1.22e-07	5.33e-06	1.71e-04	2.16e-02	2.49e-01	7.29e-01
 2.84333e+22	2.47e-24	2.08e-19	1.99e-15	3.22e-12	1.33e-09	1.42e-07	5.98e-06	1.85e-04	2.27e-02	2.54e-01	7.23e-01
 2.85215e+22	3.27e-24	2.67e-19	2.48e-15	3.89e-12	1.56e-09	1.61e-07	6.59e-06	1.98e-04	2.36e-02	2.58e-01	7.18e-01
 2.86137e+22	4.79e-24	3.76e-19	3.34e-15	5.03e-12	1.94e-09	1.92e-07	7.51e-06	2.16e-04	2.49e-02	2.64e-01	7.11e-01
 2.87045e+22	6.24e-24	4.77e-19	4.11e-15	6.01e-12	2.26e-09	2.17e-07	8.24e-06	2.30e-04	2.59e-02	2.68e-01	7.06e-01
 2.87934e+22	9.03e-24	6.65e-19	5.49e-15	7.72e-12	2.78e-09	2.58e-07	9.36e-06	2.51e-04	2.73e-02	2.74e-01	6.99e-01
 2.88835e+22	1.21e-23	8.67e-19	6.93e-15	9.42e-12	3.29e-09	2.95e-07	1.04e-05	2.70e-04	2.85e-02	2.78e-01	6.93e-01
 2.89618e+22	1.63e-23	1.13e-18	8.70e-15	1.14e-11	3.88e-09	3.37e-07	1.15e-05	2.89e-04	2.97e-02	2.83e-01	6.87e-01
 2.90501e+22	2.39e-23	1.59e-18	1.18e-14	1.48e-11	4.82e-09	4.02e-07	1.31e-05	3.16e-04	3.14e-02	2.89e-01	6.79e-01
 2.91378e+22	3.21e-23	2.07e-18	1.48e-14	1.81e-11	5.69e-09	4.61e-07	1.45e-05	3.39e-04	3.27e-02	2.94e-01	6.73e-01
 2.92248e+22	4.76e-23	2.95e-18	2.01e-14	2.35e-11	7.10e-09	5.51e-07	1.66e-05	3.72e-04	3.46e-02	3.00e-01	6.65e-01
 2.93129e+22	6.51e-23	3.90e-18	2.57e-14	2.89e-11	8.46e-09	6.35e-07	1.84e-05	4.00e-04	3.61e-02	3.05e-01	6.59e-01
 2.93881e+22	8.77e-23	5.10e-18	3.24e-14	3.53e-11	9.99e-09	7.28e-07	2.04e-05	4.29e-04	3.77e-02	3.10e-01	6.52e-01
 2.94718e+22	1.30e-22	7.26e-18	4.41e-14	4.58e-11	1.25e-08	8.71e-07	2.34e-05	4.70e-04	3.98e-02	3.16e-01	6.44e-01
 2.95547e+22	1.75e-22	9.46e-18	5.55e-14	5.58e-11	1.47e-08	9.96e-07	2.59e-05	5.04e-04	4.15e-02	3.21e-01	6.37e-01
 2.96364e+22	2.57e-22	1.33e-17	7.48e-14	7.19e-11	1.82e-08	1.19e-06	2.96e-05	5.52e-04	4.38e-02	3.27e-01	6.28e-01
 2.97196e+22	3.47e-22	1.75e-17	9.45e-14	8.78e-11	2.15e-08	1.36e-06	3.28e-05	5.93e-04	4.57e-02	3.32e-01	6.21e-01
 2.98047e+22	5.14e-22	2.48e-17	1.28e-13	1.14e-10	2.68e-08	1.63e-06	3.76e-05	6.51e-04	4.83e-02	3.39e-01	6.12e-01
 2.98914e+22	7.03e-22	3.29e-17	1.64e-13	1.40e-10	3.20e-08	1.88e-06	4.20e-05	7.01e-04	5.05e-02	3.44e-01	6.05e-01
 2.99681e+22	9.56e-22	4.32e-17	2.08e-13	1.72e-10	3.80e-08	2.17e-06	4.67e-05	7.55e-04	5.27e-02	3.50e-01	5.97e-01
 3.00522e+22	1.39e-21	6.03e-17	2.77e-13	2.20e-10	4.67e-08	2.57e-06	5.33e-05	8.25e-04	5.55e-02	3.56e-01	5.88e-01
 3.01374e+22	1.89e-21	7.96e-17	3.53e-13	2.70e-10	5.56e-08	2.97e-06	5.94e-05	8.90e-04	5.81e-02	3.61e-01	5.80e-01
 3.02221e+22	2.71e-21	1.10e-16	4.67e-13	3.42e-10	6.80e-08	3.51e-06	6.76e-05	9.71e-04	6.11e-02	3.67e-01	5.70e-01
 3.03082e+22	3.69e-21	1.45e-16	5.94e-13	4.21e-10	8.10e-08	4.06e-06	7.55e-05	1.05e-03	6.39e-02	3.73e-01	5.62e-01
 3.03950e+22	5.26e-21	1.99e-16	7.83e-13	5.32e-10	9.89e-08	4.79e-06	8.58e-05	1.14e-03	6.72e-02	3.79e-01	5.52e-01
 3.04832e+22	7.16e-21	2.62e-16	9.96e-13	6.54e-10	1.18e-07	5.54e-06	9.61e-05	1.23e-03	7.03e-02	3.84e-01	5.44e-01
 3.05718e+22	1.00e-20	3.55e-16	1.30e-12	8.19e-10	1.43e-07	6.51e-06	1.09e-04	1.34e-03	7.39e-02	3.90e-01	5.34e-01
 3.06603e+22	1.34e-20	4.62e-16	1.63e-12	9.95e-10	1.69e-07	7.48e-06	1.21e-04	1.45e-03	7.71e-02	3.95e-01	5.26e-01
 3.07511e+22	1.88e-20	6.24e-16	2.12e-12	1.25e-09	2.05e-07	8.79e-06	1.37e-04	1.58e-03	8.10e-02	4.01e-01	5.16e-01
 3.08431e+22	2.50e-20	8.05e-16	2.65e-12	1.51e-09	2.41e-07	1.01e-05	1.53e-04	1.70e-03	8.45e-02	4.06e-01	5.07e-01
 3.09376e+22	3.48e-20	1.08e-15	3.43e-12	1.88e-09	2.92e-07	1.18e-05	1.73e-04	1.85e-03	8.88e-02	4.12e-01	4.97e-01
 3.10346e+22	4.62e-20	1.40e-15	4.29e-12	2.28e-09	3.44e-07	1.36e-05	1.93e-04	1.99e-03	9.26e-02	4.17e-01	4.88e-01
 3.11344e+22	6.41e-20	1.87e-15	5.54e-12	2.84e-09	4.16e-07	1.60e-05	2.19e-04	2.17e-03	9.73e-02	4.23e-01	4.78e-01
 3.12373e+22	8.48e-20	2.41e-15	6.92e-12	3.43e-09	4.90e-07	1.84e-05	2.44e-04	2.33e-03	1.01e-01	4.27e-01	4.69e-01
 3.13441e+22	1.18e-19	3.24e-15	8.96e-12	4.29e-09	5.94e-07	2.16e-05	2.78e-04	2.55e-03	1.07e-01	4.33e-01	4.58e-01
 3.14539e+22	1.55e-19	4.16e-15	1.12e-11	5.18e-09	7.00e-07	2.48e-05	3.10e-04	2.75e-03	1.11e-01	4.37e-01	4.48e-01
 3.15683e+22	2.14e-19	5.57e-15	1.44e-11	6.46e-09	8.47e-07	2.92e-05	3.52e-04	3.00e-03	1.17e-01	4.42e-01	4.37e-01
 3.16860e+22	2.81e-19	7.12e-15	1.79e-11	7.79e-09	9.97e-07	3.35e-05	3.93e-04	3.23e-03	1.22e-01	4.47e-01	4.28e-01
 3.18105e+22	3.93e-19	9.63e-15	2.34e-11	9.81e-09	1.22e-06	3.98e-05	4.49e-04	3.54e-03	1.28e-01	4.52e-01	4.16e-01
 3.19356e+22	5.09e-19	1.22e-14	2.87e-11	1.17e-08	1.42e-06	4.54e-05	4.99e-04	3.80e-03	1.33e-01	4.55e-01	4.07e-01
 3.20629e+22	7.04e-19	1.63e-14	3.73e-11	1.47e-08	1.73e-06	5.36e-05	5.69e-04	4.16e-03	1.40e-01	4.60e-01	3.95e-01
 3.21931e+22	9.08e-19	2.05e-14	4.57e-11	1.75e-08	2.02e-06	6.11e-05	6.31e-04	4.46e-03	1.46e-01	4.63e-01	3.86e-01
 3.23060e+22	1.14e-18	2.53e-14	5.50e-11	2.06e-08	2.32e-06	6.89e-05	6.93e-04	4.76e-03	1.51e-01	4.66e-01	3.77e-01
 3.24316e+22	1.55e-18	3.34e-14	7.03e-11	2.55e-08	2.80e-06	8.07e-05	7.86e-04	5.18e-03	1.58e-01	4.70e-01	3.66e-01
 3.25568e+22	1.92e-18	4.05e-14	8.35e-11	2.95e-08	3.19e-06	9.01e-05	8.58e-04	5.50e-03	1.63e-01	4.72e-01	3.58e-01
 3.26816e+22	2.54e-18	5.23e-14	1.05e-10	3.60e-08	3.79e-06	1.05e-04	9.65e-04	5.96e-03	1.70e-01	4.75e-01	3.48e-01
 3.28096e+22	3.16e-18	6.38e-14	1.25e-10	4.20e-08	4.34e-06	1.17e-04	1.06e-03	6.33e-03	1.76e-01	4.77e-01	3.40e-01
 3.29242e+22	3.91e-18	7.73e-14	1.49e-10	4.88e-08	4.94e-06	1.31e-04	1.15e-03	6.72e-03	1.82e-01	4.79e-01	3.32e-01
 3.30554e+22	5.15e-18	9.95e-14	1.86e-10	5.93e-08	5.87e-06	1.52e-04	1.30e-03	7.28e-03	1.89e-01	4.81e-01	3.21e-01
 3.31858e+22	6.28e-18	1.19e-13	2.19e-10	6.83e-08	6.64e-06	1.68e-04	1.41e-03	7.70e-03	1.95e-01	4.82e-01	3.14e-01
 3.33150e+22	8.17e-18	1.52e-13	2.71e-10	8.23e-08	7.82e-06	1.94e-04	1.57e-03	8.30e-03	2.03e-01	4.84e-01	3.03e-01
 3.34461e+22	9.94e-18	1.81e-13	3.18e-10	9.46e-08	8.83e-06	2.15e-04	1.71e-03	8.77e-03	2.09e-01	4.84e-01	2.96e-01
 3.35800e+22	1.29e-17	2.30e-13	3.93e-10	1.14e-07	1.04e-05	2.47e-04	1.90e-03	9.45e-03	2.17e-01	4.85e-01	2.86e-01
 3.37162e+22	1.57e-17	2.75e-13	4.62e-10	1.31e-07	1.18e-05	2.74e-04	2.07e-03	9.99e-03	2.23e-01	4.86e-01	2.79e-01
 3.38556e+22	2.03e-17	3.49e-13	5.71e-10	1.58e-07	1.38e-05	3.15e-04	2.31e-03	1.08e-02	2.32e-01	4.86e-01	2.69e-01
 3.39975e+22	2.48e-17	4.18e-13	6.72e-10	1.82e-07	1.57e-05	3.49e-04	2.50e-03	1.14e-02	2.38e-01	4.86e-01	2.62e-01
 3.41217e+22	3.00e-17	4.98e-13	7.86e-10	2.08e-07	1.76e-05	3.87e-04	2.71e-03	1.20e-02	2.45e-01	4.86e-01	2.55e-01
 3.42622e+22	3.83e-17	6.23e-13	9.61e-10	2.49e-07	2.06e-05	4.41e-04	3.01e-03	1.29e-02	2.53e-01	4.85e-01	2.45e-01
 3.44023e+22	4.57e-17	7.33e-13	1.11e-09	2.82e-07	2.30e-05	4.84e-04	3.24e-03	1.35e-02	2.59e-01	4.84e-01	2.39e-01
 3.45420e+22	5.80e-17	9.12e-13	1.35e-09	3.35e-07	2.68e-05	5.50e-04	3.58e-03	1.45e-02	2.68e-01	4.83e-01	2.30e-01
 3.46837e+22	6.94e-17	1.07e-12	1.57e-09	3.81e-07	2.99e-05	6.04e-04	3.85e-03	1.52e-02	2.74e-01	4.82e-01	2.24e-01
 3.48280e+22	8.74e-17	1.33e-12	1.90e-09	4.50e-07	3.46e-05	6.83e-04	4.24e-03	1.62e-02	2.83e-01	4.80e-01	2.16e-01
 3.49773e+22	1.06e-16	1.58e-12	2.22e-09	5.16e-07	3.89e-05	7.54e-04	4.58e-03	1.70e-02	2.90e-01	4.79e-01	2.09e-01
 3.51329e+22	1.35e-16	1.98e-12	2.71e-09	6.15e-07	4.54e-05	8.59e-04	5.07e-03	1.82e-02	2.99e-01	4.76e-01	2.01e-01
 3.52911e+22	1.63e-16	2.36e-12	3.18e-09	7.05e-07	5.11e-05	9.49e-04	5.47e-03	1.92e-02	3.06e-01	4.74e-01	1.94e-01
 3.54526e+22	2.08e-16	2.95e-12	3.88e-09	8.40e-07	5.96e-05	1.08e-03	6.05e-03	2.05e-02	3.16e-01	4.71e-01	1.86e-01
 3.56197e+22	2.55e-16	3.55e-12	4.58e-09	9.71e-07	6.75e-05	1.20e-03	6.55e-03	2.16e-02	3.23e-01	4.68e-01	1.79e-01
 3.57942e+22	3.29e-16	4.48e-12	5.66e-09	1.17e-06	7.91e-05	1.37e-03	7.27e-03	2.31e-02	3.33e-01	4.64e-01	1.71e-01
 3.59743e+22	4.07e-16	5.45e-12	6.73e-09	1.36e-06	9.02e-05	1.52e-03	7.90e-03	2.44e-02	3.41e-01	4.60e-01	1.65e-01
 3.61620e+22	5.32e-16	6.98e-12	8.41e-09	1.65e-06	1.07e-04	1.75e-03	8.80e-03	2.62e-02	3.52e-01	4.55e-01	1.56e-01
 3.63501e+22	6.55e-16	8.44e-12	9.98e-09	1.91e-06	1.21e-04	1.95e-03	9.54e-03	2.76e-02	3.60e-01	4.51e-01	1.50e-01
 3.65390e+22	8.52e-16	1.07e-11	1.24e-08	2.31e-06	1.43e-04	2.23e-03	1.06e-02	2.95e-02	3.70e-01	4.45e-01	1.42e-01
 3.67352e+22	1.06e-15	1.32e-11	1.49e-08	2.71e-06	1.64e-04	2.51e-03	1.16e-02	3.12e-02	3.79e-01	4.40e-01	1.36e-01
 3.69410e+22	1.41e-15	1.70e-11	1.88e-08	3.31e-06	1.95e-04	2.89e-03	1.29e-02	3.35e-02	3.90e-01	4.33e-01	1.28e-01
 3.71497e+22	1.76e-15	2.10e-11	2.26e-08	3.90e-06	2.24e-04	3.25e-03	1.41e-02	3.55e-02	3.98e-01	4.27e-01	1.22e-01
 3.73342e+22	2.19e-15	2.56e-11	2.71e-08	4.57e-06	2.57e-04	3.65e-03	1.54e-02	3.75e-02	4.07e-01	4.21e-01	1.16e-01
 3.75463e+22	2.90e-15	3.32e-11	3.43e-08	5.60e-06	3.08e-04	4.23e-03	1.72e-02	4.03e-02	4.18e-01	4.12e-01	1.08e-01
 3.77465e+22	3.49e-15	3.94e-11	4.00e-08	6.41e-06	3.46e-04	4.66e-03	1.86e-02	4.22e-02	4.25e-01	4.06e-01	1.03e-01
 3.79311e+22	4.41e-15	4.90e-11	4.89e-08	7.64e-06	4.03e-04	5.31e-03	2.05e-02	4.50e-02	4.35e-01	3.97e-01	9.68e-02
 3.81184e+22	5.31e-15	5.82e-11	5.71e-08	8.75e-06	4.54e-04	5.85e-03	2.21e-02	4.71e-02	4.41e-01	3.91e-01	9.22e-02
 3.83091e+22	6.70e-15	7.24e-11	6.98e-08	1.05e-05	5.31e-04	6.69e-03	2.44e-02	5.03e-02	4.51e-01	3.81e-01	8.59e-02
 3.85002e+22	8.01e-15	8.56e-11	8.13e-08	1.20e-05	5.97e-04	7.39e-03	2.64e-02	5.27e-02	4.58e-01	3.74e-01	8.14e-02
 3.86920e+22	9.98e-15	1.05e-10	9.88e-08	1.42e-05	6.98e-04	8.43e-03	2.92e-02	5.62e-02	4.67e-01	3.63e-01	7.55e-02
 3.88855e+22	1.19e-14	1.24e-10	1.15e-07	1.62e-05	7.85e-04	9.32e-03	3.15e-02	5.89e-02	4.73e-01	3.55e-01	7.12e-02
 3.90815e+22	1.46e-14	1.52e-10	1.39e-07	1.93e-05	9.16e-04	1.06e-02	3.49e-02	6.28e-02	4.81e-01	3.44e-01	6.57e-02
 3.92801e+22	1.72e-14	1.77e-10	1.61e-07	2.20e-05	1.03e-03	1.18e-02	3.78e-02	6.60e-02	4.87e-01	3.35e-01	6.15e-02
 3.94821e+22	2.08e-14	2.14e-10	1.94e-07	2.60e-05	1.21e-03	1.35e-02	4.19e-02	7.05e-02	4.95e-01	3.22e-01	5.62e-02
 3.96863e+22	2.41e-14	2.48e-10	2.23e-07	2.96e-05	1.36e-03	1.50e-02	4.54e-02	7.41e-02	5.00e-01	3.12e-01	5.22e-02
 3.98895e+22	2.85e-14	2.94e-10	2.64e-07	3.47e-05	1.57e-03	1.70e-02	5.02e-02	7.90e-02	5.06e-01	2.99e-01	4.74e-02
 4.00825e+22	3.19e-14	3.29e-10	2.97e-07	3.86e-05	1.74e-03	1.86e-02	5.37e-02	8.25e-02	5.09e-01	2.90e-01	4.43e-02
 4.02658e+22	3.61e-14	3.77e-10	3.42e-07	4.42e-05	1.98e-03	2.09e-02	5.88e-02	8.73e-02	5.13e-01	2.78e-01	4.03e-02
 4.04527e+22	3.96e-14	4.18e-10	3.82e-07	4.91e-05	2.19e-03	2.29e-02	6.30e-02	9.13e-02	5.16e-01	2.68e-01	3.73e-02
 4.06331e+22	4.33e-14	4.65e-10	4.30e-07	5.53e-05	2.46e-03	2.54e-02	6.83e-02	9.61e-02	5.18e-01	2.56e-01	3.40e-02
 4.08179e+22	4.66e-14	5.09e-10	4.77e-07	6.13e-05	2.73e-03	2.79e-02	7.33e-02	1.01e-01	5.19e-01	2.45e-01	3.11e-02
 4.09963e+22	4.94e-14	5.53e-10	5.28e-07	6.80e-05	3.02e-03	3.06e-02	7.88e-02	1.05e-01	5.20e-01	2.34e-01	2.84e-02
 4.11731e+22	5.20e-14	5.96e-10	5.79e-07	7.48e-05	3.33e-03	3.33e-02	8.41e-02	1.10e-01	5.19e-01	2.24e-01	2.60e-02
 4.13479e+22	5.40e-14	6.37e-10	6.34e-07	8.22e-05	3.67e-03	3.64e-02	8.98e-02	1.15e-01	5.18e-01	2.13e-01	2.37e-02
 4.15221e+22	5.55e-14	6.76e-10	6.89e-07	8.99e-05	4.02e-03	3.95e-02	9.55e-02	1.19e-01	5.17e-01	2.03e-01	2.16e-02
 4.16930e+22	5.66e-14	7.13e-10	7.47e-07	9.81e-05	4.39e-03	4.28e-02	1.01e-01	1.24e-01	5.14e-01	1.93e-01	1.96e-02
 4.18634e+22	5.73e-14	7.49e-10	8.07e-07	1.07e-04	4.80e-03	4.62e-02	1.07e-01	1.29e-01	5.11e-01	1.84e-01	1.79e-02
 4.20339e+22	5.77e-14	7.84e-10	8.71e-07	1.16e-04	5.24e-03	4.99e-02	1.13e-01	1.34e-01	5.07e-01	1.75e-01	1.62e-02
 4.22052e+22	5.78e-14	8.20e-10	9.41e-07	1.27e-04	5.71e-03	5.38e-02	1.19e-01	1.38e-01	5.03e-01	1.65e-01	1.47e-02
 4.23778e+22	5.78e-14	8.57e-10	1.02e-06	1.38e-04	6.23e-03	5.79e-02	1.26e-01	1.43e-01	4.97e-01	1.56e-01	1.33e-02
 4.25527e+22	5.77e-14	8.96e-10	1.10e-06	1.51e-04	6.80e-03	6.23e-02	1.32e-01	1.48e-01	4.91e-01	1.48e-01	1.20e-02
 4.27305e+22	5.75e-14	9.39e-10	1.20e-06	1.66e-04	7.43e-03	6.70e-02	1.39e-01	1.52e-01	4.85e-01	1.39e-01	1.08e-02
 4.29097e+22	5.74e-14	9.85e-10	1.30e-06	1.82e-04	8.11e-03	7.20e-02	1.45e-01	1.57e-01	4.77e-01	1.31e-01	9.76e-03
 4.30928e+22	5.74e-14	1.04e-09	1.42e-06	2.01e-04	8.89e-03	7.74e-02	1.52e-01	1.61e-01	4.69e-01	1.23e-01	8.74e-03
 4.32769e+22	5.76e-14	1.10e-09	1.56e-06	2.21e-04	9.72e-03	8.29e-02	1.58e-01	1.65e-01	4.60e-01	1.15e-01	7.84e-03
 4.34659e+22	5.80e-14	1.17e-09	1.73e-06	2.46e-04	1.07e-02	8.92e-02	1.65e-01	1.70e-01	4.50e-01	1.07e-01	6.98e-03
 4.36572e+22	5.88e-14	1.25e-09	1.91e-06	2.73e-04	1.17e-02	9.54e-02	1.72e-01	1.73e-01	4.41e-01	1.00e-01	6.24e-03
 4.38308e+22	5.98e-14	1.33e-09	2.09e-06	2.99e-04	1.27e-02	1.01e-01	1.77e-01	1.76e-01	4.32e-01	9.47e-02	5.66e-03
 4.40164e+22	6.11e-14	1.45e-09	2.36e-06	3.37e-04	1.40e-02	1.09e-01	1.84e-01	1.80e-01	4.20e-01	8.75e-02	4.98e-03
 4.42036e+22	6.35e-14	1.56e-09	2.61e-06	3.71e-04	1.52e-02	1.15e-01	1.90e-01	1.83e-01	4.10e-01	8.24e-02	4.52e-03
 4.43928e+22	6.60e-14	1.72e-09	2.98e-06	4.22e-04	1.68e-02	1.23e-01	1.97e-01	1.86e-01	3.97e-01	7.59e-02	3.96e-03
 4.45869e+22	6.96e-14	1.88e-09	3.33e-06	4.68e-04	1.83e-02	1.31e-01	2.02e-01	1.88e-01	3.87e-01	7.10e-02	3.56e-03
 4.47874e+22	7.38e-14	2.12e-09	3.86e-06	5.36e-04	2.04e-02	1.40e-01	2.09e-01	1.90e-01	3.72e-01	6.49e-02	3.09e-03
 4.49898e+22	7.91e-14	2.35e-09	4.35e-06	5.97e-04	2.21e-02	1.48e-01	2.14e-01	1.91e-01	3.61e-01	6.05e-02	2.77e-03
 4.51946e+22	8.59e-14	2.68e-09	5.09e-06	6.88e-04	2.47e-02	1.59e-01	2.20e-01	1.93e-01	3.46e-01	5.50e-02	2.39e-03
 4.54013e+22	9.34e-14	3.00e-09	5.78e-06	7.68e-04	2.68e-02	1.67e-01	2.24e-01	1.93e-01	3.34e-01	5.11e-02	2.14e-03
 4.56106e+22	1.04e-13	3.49e-09	6.83e-06	8.88e-04	2.98e-02	1.79e-01	2.30e-01	1.94e-01	3.19e-01	4.62e-02	1.84e-03
 4.58226e+22	1.15e-13	3.95e-09	7.80e-06	9.95e-04	3.24e-02	1.88e-01	2.34e-01	1.93e-01	3.07e-01	4.27e-02	1.63e-03
 4.60381e+22	1.31e-13	4.67e-09	9.30e-06	1.16e-03	3.61e-02	2.01e-01	2.39e-01	1.93e-01	2.91e-01	3.84e-02	1.39e-03
 4.62573e+22	1.47e-13	5.36e-09	1.07e-05	1.30e-03	3.92e-02	2.11e-01	2.42e-01	1.92e-01	2.78e-01	3.53e-02	1.23e-03
 4.64810e+22	1.73e-13	6.44e-09	1.29e-05	1.51e-03	4.36e-02	2.24e-01	2.46e-01	1.90e-01	2.62e-01	3.15e-02	1.04e-03
 4.67093e+22	1.99e-13	7.50e-09	1.50e-05	1.71e-03	4.74e-02	2.35e-01	2.49e-01	1.88e-01	2.50e-01	2.87e-02	9.08e-04
 4.69434e+22	2.39e-13	9.17e-09	1.82e-05	2.00e-03	5.28e-02	2.50e-01	2.52e-01	1.85e-01	2.33e-01	2.53e-02	7.59e-04
 4.71829e+22	2.81e-13	1.08e-08	2.13e-05	2.26e-03	5.74e-02	2.61e-01	2.53e-01	1.82e-01	2.20e-01	2.29e-02	6.57e-04
 4.73850e+22	3.26e-13	1.26e-08	2.45e-05	2.53e-03	6.18e-02	2.72e-01	2.55e-01	1.79e-01	2.09e-01	2.09e-02	5.78e-04
 4.76031e+22	3.96e-13	1.53e-08	2.95e-05	2.91e-03	6.79e-02	2.85e-01	2.55e-01	1.75e-01	1.95e-01	1.85e-02	4.85e-04
 4.78225e+22	4.66e-13	1.79e-08	3.39e-05	3.24e-03	7.28e-02	2.95e-01	2.56e-01	1.71e-01	1.85e-01	1.69e-02	4.26e-04
 4.80434e+22	5.75e-13	2.20e-08	4.08e-05	3.73e-03	7.97e-02	3.09e-01	2.55e-01	1.66e-01	1.71e-01	1.48e-02	3.56e-04
 4.82613e+22	6.77e-13	2.55e-08	4.65e-05	4.11e-03	8.49e-02	3.18e-01	2.55e-01	1.62e-01	1.62e-01	1.35e-02	3.14e-04
 4.84754e+22	8.39e-13	3.12e-08	5.56e-05	4.71e-03	9.24e-02	3.31e-01	2.53e-01	1.57e-01	1.50e-01	1.19e-02	2.62e-04
 4.86906e+22	9.95e-13	3.64e-08	6.34e-05	5.18e-03	9.82e-02	3.40e-01	2.52e-01	1.53e-01	1.41e-01	1.08e-02	2.30e-04
 4.89074e+22	1.25e-12	4.47e-08	7.58e-05	5.91e-03	1.06e-01	3.52e-01	2.49e-01	1.47e-01	1.30e-01	9.46e-03	1.91e-04
 4.91277e+22	1.49e-12	5.24e-08	8.66e-05	6.51e-03	1.13e-01	3.61e-01	2.47e-01	1.43e-01	1.22e-01	8.54e-03	1.66e-04
 4.93524e+22	1.90e-12	6.49e-08	1.04e-04	7.43e-03	1.22e-01	3.72e-01	2.43e-01	1.36e-01	1.11e-01	7.41e-03	1.37e-04
 4.95805e+22	2.29e-12	7.64e-08	1.19e-04	8.19e-03	1.29e-01	3.80e-01	2.40e-01	1.31e-01	1.04e-01	6.64e-03	1.18e-04
 4.98128e+22	2.95e-12	9.53e-08	1.43e-04	9.33e-03	1.40e-01	3.91e-01	2.35e-01	1.25e-01	9.42e-02	5.71e-03	9.66e-05
 5.00493e+22	3.59e-12	1.13e-07	1.64e-04	1.03e-02	1.48e-01	3.98e-01	2.31e-01	1.20e-01	8.73e-02	5.09e-03	8.27e-05
 5.02913e+22	4.69e-12	1.42e-07	1.98e-04	1.17e-02	1.59e-01	4.08e-01	2.25e-01	1.13e-01	7.86e-02	4.33e-03	6.66e-05
 5.05385e+22	5.77e-12	1.69e-07	2.29e-04	1.29e-02	1.68e-01	4.14e-01	2.20e-01	1.08e-01	7.23e-02	3.82e-03	5.64e-05
 5.07924e+22	7.64e-12	2.14e-07	2.77e-04	1.48e-02	1.81e-01	4.22e-01	2.13e-01	1.01e-01	6.44e-02	3.21e-03	4.48e-05
 5.10502e+22	9.46e-12	2.56e-07	3.20e-04	1.63e-02	1.91e-01	4.28e-01	2.07e-01	9.56e-02	5.89e-02	2.81e-03	3.76e-05
 5.13128e+22	1.26e-11	3.26e-07	3.88e-04	1.86e-02	2.05e-01	4.34e-01	1.99e-01	8.88e-02	5.21e-02	2.34e-03	2.95e-05
 5.15780e+22	1.57e-11	3.91e-07	4.47e-04	2.04e-02	2.15e-01	4.38e-01	1.93e-01	8.38e-02	4.74e-02	2.04e-03	2.46e-05
 5.18041e+22	1.93e-11	4.64e-07	5.12e-04	2.24e-02	2.25e-01	4.40e-01	1.87e-01	7.92e-02	4.32e-02	1.78e-03	2.06e-05
 5.20554e+22	2.52e-11	5.78e-07	6.09e-04	2.51e-02	2.39e-01	4.43e-01	1.79e-01	7.34e-02	3.82e-02	1.49e-03	1.63e-05
 5.23091e+22	3.12e-11	6.88e-07	6.98e-04	2.74e-02	2.49e-01	4.45e-01	1.73e-01	6.90e-02	3.46e-02	1.29e-03	1.35e-05
 5.25660e+22	4.06e-11	8.53e-07	8.25e-04	3.05e-02	2.63e-01	4.45e-01	1.65e-01	6.37e-02	3.06e-02	1.08e-03	1.07e-05
 5.28157e+22	4.96e-11	1.00e-06	9.36e-04	3.31e-02	2.73e-01	4.45e-01	1.59e-01	5.99e-02	2.78e-02	9.39e-04	8.96e-06
 5.30228e+22	6.01e-11	1.17e-06	1.06e-03	3.58e-02	2.83e-01	4.44e-01	1.53e-01	5.63e-02	2.53e-02	8.20e-04	7.51e-06
 5.32590e+22	7.63e-11	1.43e-06	1.23e-03	3.94e-02	2.96e-01	4.42e-01	1.46e-01	5.21e-02	2.24e-02	6.92e-04	6.04e-06
 5.35027e+22	9.37e-11	1.68e-06	1.40e-03	4.27e-02	3.07e-01	4.40e-01	1.40e-01	4.86e-02	2.02e-02	5.96e-04	4.98e-06
 5.37217e+22	1.15e-10	1.98e-06	1.58e-03	4.61e-02	3.17e-01	4.37e-01	1.34e-01	4.54e-02	1.82e-02	5.15e-04	4.12e-06
 5.39717e+22	1.46e-10	2.41e-06	1.84e-03	5.06e-02	3.30e-01	4.33e-01	1.26e-01	4.17e-02	1.60e-02	4.29e-04	3.26e-06
 5.42297e+22	1.82e-10	2.87e-06	2.10e-03	5.49e-02	3.41e-01	4.29e-01	1.20e-01	3.85e-02	1.42e-02	3.64e-04	2.64e-06
 5.44596e+22	2.23e-10	3.39e-06	2.38e-03	5.93e-02	3.52e-01	4.24e-01	1.14e-01	3.57e-02	1.27e-02	3.11e-04	2.16e-06
 5.47201e+22	2.87e-10	4.14e-06	2.77e-03	6.50e-02	3.65e-01	4.17e-01	1.07e-01	3.25e-02	1.11e-02	2.56e-04	1.68e-06
 5.49919e+22	3.60e-10	4.96e-06	3.18e-03	7.05e-02	3.76e-01	4.10e-01	1.01e-01	2.98e-02	9.74e-03	2.14e-04	1.34e-06
 5.52373e+22	4.45e-10	5.88e-06	3.61e-03	7.60e-02	3.86e-01	4.03e-01	9.51e-02	2.74e-02	8.62e-03	1.80e-04	1.08e-06
 5.55152e+22	5.80e-10	7.26e-06	4.23e-03	8.35e-02	3.99e-01	3.93e-01	8.82e-02	2.46e-02	7.38e-03	1.45e-04	8.18e-07
 5.58006e+22	7.29e-10	8.71e-06	4.85e-03	9.03e-02	4.09e-01	3.84e-01	8.25e-02	2.23e-02	6.43e-03	1.20e-04	6.42e-07
 5.60542e+22	9.04e-10	1.03e-05	5.51e-03	9.72e-02	4.18e-01	3.76e-01	7.72e-02	2.04e-02	5.64e-03	1.00e-04	5.10e-07
 5.63423e+22	1.18e-09	1.28e-05	6.46e-03	1.06e-01	4.29e-01	3.64e-01	7.10e-02	1.81e-02	4.76e-03	7.94e-05	3.80e-07
 5.66397e+22	1.49e-09	1.54e-05	7.41e-03	1.15e-01	4.39e-01	3.53e-01	6.57e-02	1.63e-02	4.10e-03	6.46e-05	2.93e-07
 5.69026e+22	1.85e-09	1.83e-05	8.40e-03	1.23e-01	4.46e-01	3.42e-01	6.11e-02	1.48e-02	3.57e-03	5.33e-05	2.30e-07
 5.71980e+22	2.43e-09	2.26e-05	9.83e-03	1.34e-01	4.55e-01	3.29e-01	5.57e-02	1.30e-02	2.98e-03	4.17e-05	1.69e-07
 5.74998e+22	3.05e-09	2.70e-05	1.12e-02	1.44e-01	4.62e-01	3.17e-01	5.12e-02	1.17e-02	2.55e-03	3.38e-05	1.29e-07
 5.77678e+22	3.80e-09	3.21e-05	1.27e-02	1.54e-01	4.68e-01	3.05e-01	4.73e-02	1.05e-02	2.20e-03	2.75e-05	0.00e+00
 5.80739e+22	4.99e-09	3.97e-05	1.49e-02	1.67e-01	4.74e-01	2.91e-01	4.26e-02	9.13e-03	1.81e-03	2.12e-05	0.00e+00
 5.83864e+22	6.29e-09	4.76e-05	1.70e-02	1.79e-01	4.78e-01	2.78e-01	3.88e-02	8.09e-03	1.53e-03	1.69e-05	0.00e+00
 5.86642e+22	7.83e-09	5.65e-05	1.92e-02	1.91e-01	4.81e-01	2.65e-01	3.54e-02	7.20e-03	1.30e-03	1.35e-05	0.00e+00
 5.89822e+22	1.03e-08	7.00e-05	2.24e-02	2.06e-01	4.83e-01	2.50e-01	3.15e-02	6.19e-03	1.06e-03	1.02e-05	0.00e+00
 5.93073e+22	1.30e-08	8.40e-05	2.56e-02	2.20e-01	4.84e-01	2.36e-01	2.84e-02	5.43e-03	8.80e-04	8.00e-06	0.00e+00
 5.95853e+22	1.61e-08	9.87e-05	2.87e-02	2.32e-01	4.84e-01	2.24e-01	2.58e-02	4.81e-03	7.47e-04	6.41e-06	0.00e+00
 5.98905e+22	2.07e-08	1.20e-04	3.30e-02	2.48e-01	4.82e-01	2.10e-01	2.29e-02	4.13e-03	6.06e-04	4.85e-06	0.00e+00
 6.02035e+22	2.58e-08	1.42e-04	3.72e-02	2.62e-01	4.79e-01	1.98e-01	2.06e-02	3.62e-03	5.06e-04	3.81e-06	0.00e+00
 6.04824e+22	3.17e-08	1.67e-04	4.16e-02	2.75e-01	4.75e-01	1.86e-01	1.86e-02	3.18e-03	4.24e-04	3.01e-06	0.00e+00
 6.08007e+22	4.11e-08	2.04e-04	4.79e-02	2.92e-01	4.69e-01	1.72e-01	1.62e-02	2.69e-03	3.38e-04	2.23e-06	0.00e+00
 6.11242e+22	5.10e-08	2.40e-04	5.37e-02	3.07e-01	4.62e-01	1.60e-01	1.44e-02	2.33e-03	2.79e-04	1.72e-06	0.00e+00
 6.13989e+22	6.20e-08	2.79e-04	5.95e-02	3.20e-01	4.55e-01	1.50e-01	1.30e-02	2.04e-03	2.33e-04	1.36e-06	0.00e+00
 6.17003e+22	7.83e-08	3.33e-04	6.74e-02	3.36e-01	4.46e-01	1.38e-01	1.13e-02	1.73e-03	1.87e-04	1.02e-06	0.00e+00
 6.20099e+22	9.55e-08	3.87e-04	7.47e-02	3.49e-01	4.36e-01	1.28e-01	1.01e-02	1.50e-03	1.54e-04	7.89e-07	0.00e+00
 6.22868e+22	1.16e-07	4.48e-04	8.25e-02	3.62e-01	4.27e-01	1.18e-01	8.95e-03	1.30e-03	1.28e-04	6.14e-07	0.00e+00
 6.25358e+22	1.36e-07	5.05e-04	8.94e-02	3.72e-01	4.18e-01	1.11e-01	8.10e-03	1.15e-03	1.09e-04	4.97e-07	0.00e+00
 6.27580e+22	1.57e-07	5.64e-04	9.64e-02	3.82e-01	4.09e-01	1.04e-01	7.37e-03	1.02e-03	9.33e-05	4.07e-07	0.00e+00
 6.30132e+22	1.88e-07	6.47e-04	1.06e-01	3.93e-01	3.97e-01	9.59e-02	6.53e-03	8.84e-04	7.69e-05	3.16e-07	0.00e+00
 6.32771e+22	2.22e-07	7.33e-04	1.15e-01	4.03e-01	3.86e-01	8.88e-02	5.83e-03	7.71e-04	6.43e-05	2.50e-07	0.00e+00
 6.35098e+22	2.58e-07	8.19e-04	1.23e-01	4.12e-01	3.75e-01	8.27e-02	5.25e-03	6.80e-04	5.46e-05	2.02e-07	0.00e+00
 6.37701e+22	3.11e-07	9.41e-04	1.35e-01	4.22e-01	3.61e-01	7.53e-02	4.59e-03	5.78e-04	4.41e-05	1.53e-07	0.00e+00
 6.40356e+22	3.62e-07	1.05e-03	1.46e-01	4.30e-01	3.50e-01	6.96e-02	4.10e-03	5.04e-04	3.70e-05	0.00e+00	0.00e+00
 6.43079e+22	4.38e-07	1.21e-03	1.60e-01	4.38e-01	3.34e-01	6.27e-02	3.54e-03	4.23e-04	2.95e-05	0.00e+00	0.00e+00
 6.45822e+22	5.09e-07	1.36e-03	1.71e-01	4.45e-01	3.22e-01	5.76e-02	3.14e-03	3.66e-04	2.45e-05	0.00e+00	0.00e+00
 6.48593e+22	6.14e-07	1.56e-03	1.87e-01	4.52e-01	3.05e-01	5.15e-02	2.69e-03	3.05e-04	1.94e-05	0.00e+00	0.00e+00
 6.51403e+22	7.12e-07	1.74e-03	2.00e-01	4.56e-01	2.92e-01	4.70e-02	2.37e-03	2.62e-04	1.60e-05	0.00e+00	0.00e+00
 6.54265e+22	8.61e-07	2.00e-03	2.18e-01	4.61e-01	2.75e-01	4.16e-02	2.01e-03	2.15e-04	1.24e-05	0.00e+00	0.00e+00
 6.57153e+22	9.96e-07	2.22e-03	2.32e-01	4.64e-01	2.62e-01	3.77e-02	1.77e-03	1.84e-04	1.02e-05	0.00e+00	0.00e+00
 6.60074e+22	1.20e-06	2.54e-03	2.52e-01	4.66e-01	2.45e-01	3.31e-02	1.49e-03	1.49e-04	7.86e-06	0.00e+00	0.00e+00
 6.63039e+22	1.39e-06	2.82e-03	2.68e-01	4.66e-01	2.32e-01	2.97e-02	1.29e-03	1.26e-04	6.37e-06	0.00e+00	0.00e+00
 6.66061e+22	1.68e-06	3.22e-03	2.90e-01	4.65e-01	2.14e-01	2.58e-02	1.07e-03	1.01e-04	4.84e-06	0.00e+00	0.00e+00
 6.69137e+22	1.95e-06	3.58e-03	3.08e-01	4.63e-01	2.01e-01	2.30e-02	9.24e-04	8.44e-05	3.87e-06	0.00e+00	0.00e+00
 6.72285e+22	2.34e-06	4.07e-03	3.31e-01	4.59e-01	1.85e-01	1.98e-02	7.63e-04	6.71e-05	2.91e-06	0.00e+00	0.00e+00
 6.75538e+22	2.74e-06	4.55e-03	3.52e-01	4.54e-01	1.71e-01	1.73e-02	6.43e-04	5.46e-05	2.26e-06	0.00e+00	0.00e+00
 6.78105e+22	3.08e-06	4.92e-03	3.67e-01	4.50e-01	1.61e-01	1.56e-02	5.65e-04	4.69e-05	1.87e-06	0.00e+00	0.00e+00
 6.80622e+22	3.55e-06	5.43e-03	3.87e-01	4.44e-01	1.50e-01	1.37e-02	4.81e-04	3.86e-05	1.48e-06	0.00e+00	0.00e+00
 6.83192e+22	3.98e-06	5.87e-03	4.03e-01	4.38e-01	1.40e-01	1.23e-02	4.21e-04	3.29e-05	1.22e-06	0.00e+00	0.00e+00
 6.85831e+22	4.58e-06	6.45e-03	4.24e-01	4.30e-01	1.29e-01	1.08e-02	3.56e-04	2.68e-05	9.52e-07	0.00e+00	0.00e+00
 6.88523e+22	5.15e-06	6.99e-03	4.41e-01	4.22e-01	1.20e-01	9.58e-03	3.08e-04	2.26e-05	7.72e-07	0.00e+00	0.00e+00
 6.91285e+22	5.97e-06	7.72e-03	4.63e-01	4.11e-01	1.09e-01	8.23e-03	2.56e-04	1.80e-05	5.89e-07	0.00e+00	0.00e+00
 6.94042e+22	6.69e-06	8.33e-03	4.80e-01	4.03e-01	1.02e-01	7.30e-03	2.21e-04	1.51e-05	4.77e-07	0.00e+00	0.00e+00
 6.96792e+22	7.69e-06	9.13e-03	5.01e-01	3.91e-01	9.22e-02	6.27e-03	1.84e-04	1.21e-05	3.65e-07	0.00e+00	0.00e+00
 6.99613e+22	8.64e-06	9.86e-03	5.19e-01	3.81e-01	8.49e-02	5.51e-03	1.57e-04	1.00e-05	2.92e-07	0.00e+00	0.00e+00
 7.02527e+22	1.00e-05	1.08e-02	5.41e-01	3.67e-01	7.61e-02	4.65e-03	1.28e-04	7.83e-06	2.18e-07	0.00e+00	0.00e+00
 7.05461e+22	1.12e-05	1.17e-02	5.58e-01	3.56e-01	6.98e-02	4.07e-03	1.09e-04	6.46e-06	1.74e-07	0.00e+00	0.00e+00
 7.08420e+22	1.29e-05	1.28e-02	5.80e-01	3.41e-01	6.22e-02	3.42e-03	8.87e-05	5.01e-06	1.29e-07	0.00e+00	0.00e+00
 7.11207e+22	1.42e-05	1.36e-02	5.94e-01	3.32e-01	5.76e-02	3.04e-03	7.73e-05	4.25e-06	0.00e+00	0.00e+00	0.00e+00
 7.13200e+22	1.53e-05	1.42e-02	6.05e-01	3.24e-01	5.41e-02	2.77e-03	6.91e-05	3.71e-06	0.00e+00	0.00e+00	0.00e+00
 7.15220e+22	1.68e-05	1.51e-02	6.19e-01	3.13e-01	4.99e-02	2.46e-03	5.99e-05	3.12e-06	0.00e+00	0.00e+00	0.00e+00
 7.17487e+22	1.83e-05	1.60e-02	6.32e-01	3.03e-01	4.60e-02	2.18e-03	5.21e-05	2.63e-06	0.00e+00	0.00e+00	0.00e+00
 7.20076e+22	2.06e-05	1.72e-02	6.49e-01	2.90e-01	4.13e-02	1.86e-03	4.32e-05	2.10e-06	0.00e+00	0.00e+00	0.00e+00
 7.22519e+22	2.24e-05	1.81e-02	6.60e-01	2.81e-01	3.83e-02	1.67e-03	3.80e-05	1.80e-06	0.00e+00	0.00e+00	0.00e+00
 7.24455e+22	2.40e-05	1.89e-02	6.71e-01	2.73e-01	3.57e-02	1.51e-03	3.38e-05	1.56e-06	0.00e+00	0.00e+00	0.00e+00
 7.26156e+22	2.55e-05	1.96e-02	6.78e-01	2.67e-01	3.38e-02	1.39e-03	3.07e-05	1.39e-06	0.00e+00	0.00e+00	0.00e+00
 7.27865e+22	2.75e-05	2.06e-02	6.89e-01	2.58e-01	3.13e-02	1.25e-03	2.71e-05	1.19e-06	0.00e+00	0.00e+00	0.00e+00
 7.30087e+22	3.02e-05	2.18e-02	7.01e-01	2.47e-01	2.85e-02	1.09e-03	2.31e-05	9.81e-07	0.00e+00	0.00e+00	0.00e+00
 7.32975e+22	3.45e-05	2.36e-02	7.18e-01	2.32e-01	2.48e-02	8.98e-04	1.84e-05	7.44e-07	0.00e+00	0.00e+00	0.00e+00
 7.35431e+22	3.67e-05	2.45e-02	7.25e-01	2.26e-01	2.34e-02	8.25e-04	1.66e-05	6.60e-07	0.00e+00	0.00e+00	0.00e+00
 7.37325e+22	3.97e-05	2.57e-02	7.35e-01	2.17e-01	2.14e-02	7.31e-04	1.44e-05	5.55e-07	0.00e+00	0.00e+00	0.00e+00
 7.39787e+22	4.40e-05	2.73e-02	7.47e-01	2.06e-01	1.91e-02	6.23e-04	1.20e-05	4.43e-07	0.00e+00	0.00e+00	0.00e+00
