#depth	C	C+	C+2	C+3	C+4	C+5	C+6	C[1]	C[2]	C[3]	C+[1]	C+[2]	CO
 4.62852e+21	0.00e+00	2.89e-26	7.23e-20	2.09e-14	7.52e-09	1.50e-04	1.00e+00	0.00e+00	0.00e+00	0.00e+00	0.00e+00	0.00e+00	7.76e-125
 1.05351e+22	0.00e+00	1.77e-25	3.13e-19	6.40e-14	1.57e-08	2.14e-04	1.00e+00	0.00e+00	0.00e+00	0.00e+00	0.00e+00	0.00e+00	5.46e-121
 1.26783e+22	0.00e+00	5.96e-25	8.37e-19	1.36e-13	2.57e-08	2.72e-04	1.00e+00	0.00e+00	0.00e+00	0.00e+00	0.00e+00	0.00e+00	4.41e-116
 1.42353e+22	1.19e-32	1.57e-24	1.84e-18	2.49e-13	3.83e-08	3.28e-04	1.00e+00	0.00e+00	0.00e+00	0.00e+00	0.00e+00	0.00e+00	1.35e-92
 1.51003e+22	1.58e-32	2.00e-24	2.24e-18	2.90e-13	4.23e-08	3.45e-04	1.00e+00	0.00e+00	0.00e+00	0.00e+00	0.00e+00	0.00e+00	2.78e-90
 1.54423e+22	2.09e-32	2.53e-24	2.71e-18	3.35e-13	4.65e-08	3.61e-04	1.00e+00	0.00e+00	0.00e+00	0.00e+00	0.00e+00	0.00e+00	3.07e-90
 1.58309e+22	2.97e-32	3.40e-24	3.45e-18	4.04e-13	5.26e-08	3.82e-04	1.00e+00	0.00e+00	0.00e+00	0.00e+00	0.00e+00	0.00e+00	4.76e-89
 1.62263e+22	3.99e-32	4.35e-24	4.22e-18	4.72e-13	5.82e-08	4.01e-04	1.00e+00	0.00e+00	0.00e+00	0.00e+00	0.00e+00	0.00e+00	1.35e-88
 1.65751e+22	5.33e-32	5.55e-24	5.14e-18	5.50e-13	6.43e-08	4.21e-04	1.00e+00	0.00e+00	0.00e+00	0.00e+00	0.00e+00	0.00e+00	1.43e-88
 1.69172e+22	7.04e-32	7.01e-24	6.21e-18	6.38e-13	7.09e-08	4.41e-04	1.00e+00	0.00e+00	0.00e+00	0.00e+00	0.00e+00	0.00e+00	6.57e-88
 1.73064e+22	9.98e-32	9.41e-24	7.89e-18	7.68e-13	8.01e-08	4.67e-04	1.00e+00	0.00e+00	0.00e+00	0.00e+00	0.00e+00	0.00e+00	7.33e-88
 1.76751e+22	1.30e-31	1.18e-23	9.44e-18	8.81e-13	8.77e-08	4.88e-04	1.00e+00	0.00e+00	0.00e+00	0.00e+00	0.00e+00	0.00e+00	3.00e-87
 1.79613e+22	1.64e-31	1.43e-23	1.11e-17	9.97e-13	9.51e-08	5.07e-04	9.99e-01	0.00e+00	0.00e+00	0.00e+00	0.00e+00	0.00e+00	2.37e-87
 1.82774e+22	2.15e-31	1.80e-23	1.33e-17	1.15e-12	1.05e-07	5.31e-04	9.99e-01	0.00e+00	0.00e+00	0.00e+00	0.00e+00	0.00e+00	8.30e-87
 1.86201e+22	2.81e-31	2.25e-23	1.60e-17	1.33e-12	1.15e-07	5.54e-04	9.99e-01	0.00e+00	0.00e+00	0.00e+00	0.00e+00	0.00e+00	1.27e-86
 1.89400e+22	3.65e-31	2.80e-23	1.91e-17	1.53e-12	1.26e-07	5.79e-04	9.99e-01	0.00e+00	0.00e+00	0.00e+00	0.00e+00	0.00e+00	2.81e-86
 1.92399e+22	4.64e-31	3.43e-23	2.25e-17	1.73e-12	1.37e-07	6.03e-04	9.99e-01	0.00e+00	0.00e+00	0.00e+00	0.00e+00	0.00e+00	3.17e-86
 1.95715e+22	6.16e-31	4.35e-23	2.74e-17	2.02e-12	1.51e-07	6.32e-04	9.99e-01	0.00e+00	0.00e+00	0.00e+00	0.00e+00	0.00e+00	2.56e-86
 1.99223e+22	8.13e-31	5.49e-23	3.31e-17	2.34e-12	1.66e-07	6.62e-04	9.99e-01	0.00e+00	0.00e+00	0.00e+00	0.00e+00	0.00e+00	5.24e-86
 2.02319e+22	1.04e-30	6.75e-23	3.91e-17	2.67e-12	1.82e-07	6.89e-04	9.99e-01	0.00e+00	0.00e+00	0.00e+00	0.00e+00	0.00e+00	5.20e-85
 2.05028e+22	1.29e-30	8.11e-23	4.54e-17	2.99e-12	1.96e-07	7.15e-04	9.99e-01	0.00e+00	0.00e+00	0.00e+00	0.00e+00	0.00e+00	9.03e-85
 2.07509e+22	1.58e-30	9.59e-23	5.20e-17	3.33e-12	2.10e-07	7.39e-04	9.99e-01	0.00e+00	0.00e+00	0.00e+00	0.00e+00	0.00e+00	6.97e-85
 2.10348e+22	2.00e-30	1.17e-22	6.13e-17	3.78e-12	2.28e-07	7.68e-04	9.99e-01	0.00e+00	0.00e+00	0.00e+00	0.00e+00	0.00e+00	1.79e-84
 2.13425e+22	2.55e-30	1.43e-22	7.22e-17	4.30e-12	2.48e-07	8.00e-04	9.99e-01	0.00e+00	0.00e+00	0.00e+00	0.00e+00	0.00e+00	2.75e-84
 2.16238e+22	3.20e-30	1.74e-22	8.43e-17	4.84e-12	2.69e-07	8.31e-04	9.99e-01	0.00e+00	0.00e+00	0.00e+00	0.00e+00	0.00e+00	4.44e-84
 2.18899e+22	3.98e-30	2.09e-22	9.80e-17	5.44e-12	2.90e-07	8.61e-04	9.99e-01	0.00e+00	0.00e+00	0.00e+00	0.00e+00	0.00e+00	4.29e-84
 2.21520e+22	4.93e-30	2.50e-22	1.13e-16	6.09e-12	3.13e-07	8.92e-04	9.99e-01	0.00e+00	0.00e+00	0.00e+00	0.00e+00	0.00e+00	1.85e-83
 2.24517e+22	6.36e-30	3.10e-22	1.35e-16	6.99e-12	3.42e-07	9.31e-04	9.99e-01	0.00e+00	0.00e+00	0.00e+00	0.00e+00	0.00e+00	9.79e-84
 2.27655e+22	8.13e-30	3.80e-22	1.60e-16	7.94e-12	3.72e-07	9.70e-04	9.99e-01	0.00e+00	0.00e+00	0.00e+00	0.00e+00	0.00e+00	3.68e-83
 2.30369e+22	1.01e-29	4.56e-22	1.85e-16	8.91e-12	4.02e-07	1.01e-03	9.99e-01	0.00e+00	0.00e+00	0.00e+00	0.00e+00	0.00e+00	1.13e-82
 2.33289e+22	1.30e-29	5.65e-22	2.20e-16	1.02e-11	4.40e-07	1.05e-03	9.99e-01	0.00e+00	0.00e+00	0.00e+00	0.00e+00	0.00e+00	8.16e-83
 2.36188e+22	1.62e-29	6.78e-22	2.55e-16	1.14e-11	4.74e-07	1.09e-03	9.99e-01	0.00e+00	0.00e+00	0.00e+00	0.00e+00	0.00e+00	3.79e-82
 2.38549e+22	1.96e-29	7.94e-22	2.90e-16	1.26e-11	5.07e-07	1.12e-03	9.99e-01	0.00e+00	0.00e+00	0.00e+00	0.00e+00	0.00e+00	6.48e-82
 2.41110e+22	2.43e-29	9.55e-22	3.37e-16	1.42e-11	5.47e-07	1.16e-03	9.99e-01	0.00e+00	0.00e+00	0.00e+00	0.00e+00	0.00e+00	1.28e-81
 2.43896e+22	3.04e-29	1.15e-21	3.92e-16	1.60e-11	5.92e-07	1.21e-03	9.99e-01	0.00e+00	0.00e+00	0.00e+00	0.00e+00	0.00e+00	8.33e-82
 2.46452e+22	3.71e-29	1.36e-21	4.49e-16	1.77e-11	6.34e-07	1.25e-03	9.99e-01	0.00e+00	0.00e+00	0.00e+00	0.00e+00	0.00e+00	3.64e-81
 2.49255e+22	4.71e-29	1.66e-21	5.29e-16	2.02e-11	6.91e-07	1.30e-03	9.99e-01	0.00e+00	0.00e+00	0.00e+00	0.00e+00	0.00e+00	4.50e-81
 2.52112e+22	5.87e-29	2.00e-21	6.14e-16	2.26e-11	7.45e-07	1.35e-03	9.99e-01	0.00e+00	0.00e+00	0.00e+00	0.00e+00	0.00e+00	2.12e-80
 2.54510e+22	7.10e-29	2.34e-21	6.99e-16	2.50e-11	7.97e-07	1.39e-03	9.99e-01	0.00e+00	0.00e+00	0.00e+00	0.00e+00	0.00e+00	3.40e-80
 2.57095e+22	8.87e-29	2.82e-21	8.13e-16	2.82e-11	8.62e-07	1.45e-03	9.99e-01	0.00e+00	0.00e+00	0.00e+00	0.00e+00	0.00e+00	5.90e-80
 2.59876e+22	1.11e-28	3.39e-21	9.44e-16	3.16e-11	9.31e-07	1.50e-03	9.98e-01	0.00e+00	0.00e+00	0.00e+00	0.00e+00	0.00e+00	1.02e-79
 2.62406e+22	1.35e-28	4.00e-21	1.08e-15	3.51e-11	9.98e-07	1.55e-03	9.98e-01	0.00e+00	0.00e+00	0.00e+00	0.00e+00	0.00e+00	1.66e-79
 2.64749e+22	1.63e-28	4.69e-21	1.23e-15	3.87e-11	1.07e-06	1.60e-03	9.98e-01	0.00e+00	0.00e+00	0.00e+00	0.00e+00	0.00e+00	2.66e-79
 2.67010e+22	1.95e-28	5.45e-21	1.39e-15	4.26e-11	1.14e-06	1.65e-03	9.98e-01	0.00e+00	0.00e+00	0.00e+00	0.00e+00	0.00e+00	4.15e-79
 2.69602e+22	2.42e-28	6.54e-21	1.61e-15	4.78e-11	1.23e-06	1.71e-03	9.98e-01	0.00e+00	0.00e+00	0.00e+00	0.00e+00	0.00e+00	7.15e-79
 2.72356e+22	3.00e-28	7.82e-21	1.86e-15	5.34e-11	1.32e-06	1.78e-03	9.98e-01	0.00e+00	0.00e+00	0.00e+00	0.00e+00	0.00e+00	1.22e-78
 2.74814e+22	3.65e-28	9.22e-21	2.12e-15	5.92e-11	1.42e-06	1.84e-03	9.98e-01	0.00e+00	0.00e+00	0.00e+00	0.00e+00	0.00e+00	1.99e-78
 2.77501e+22	4.60e-28	1.12e-20	2.48e-15	6.69e-11	1.54e-06	1.91e-03	9.98e-01	0.00e+00	0.00e+00	0.00e+00	0.00e+00	0.00e+00	3.54e-78
 2.80352e+22	5.76e-28	1.35e-20	2.88e-15	7.50e-11	1.66e-06	1.99e-03	9.98e-01	0.00e+00	0.00e+00	0.00e+00	0.00e+00	0.00e+00	6.18e-78
 2.82767e+22	6.95e-28	1.58e-20	3.27e-15	8.27e-11	1.78e-06	2.05e-03	9.98e-01	0.00e+00	0.00e+00	0.00e+00	0.00e+00	0.00e+00	9.86e-78
 2.85256e+22	8.61e-28	1.88e-20	3.78e-15	9.26e-11	1.92e-06	2.13e-03	9.98e-01	0.00e+00	0.00e+00	0.00e+00	0.00e+00	0.00e+00	1.68e-77
 2.87913e+22	1.06e-27	2.23e-20	4.33e-15	1.03e-10	2.06e-06	2.20e-03	9.98e-01	0.00e+00	0.00e+00	0.00e+00	0.00e+00	0.00e+00	2.81e-77
 2.90336e+22	1.28e-27	2.62e-20	4.92e-15	1.14e-10	2.20e-06	2.28e-03	9.98e-01	0.00e+00	0.00e+00	0.00e+00	0.00e+00	0.00e+00	4.56e-77
 2.93035e+22	1.62e-27	3.18e-20	5.75e-15	1.28e-10	2.39e-06	2.37e-03	9.98e-01	0.00e+00	0.00e+00	0.00e+00	0.00e+00	0.00e+00	8.14e-77
 2.95870e+22	2.03e-27	3.84e-20	6.68e-15	1.43e-10	2.58e-06	2.47e-03	9.98e-01	0.00e+00	0.00e+00	0.00e+00	0.00e+00	0.00e+00	1.44e-76
 2.98212e+22	2.42e-27	4.44e-20	7.52e-15	1.57e-10	2.75e-06	2.54e-03	9.97e-01	0.00e+00	0.00e+00	0.00e+00	0.00e+00	0.00e+00	2.23e-76
 3.00586e+22	2.98e-27	5.28e-20	8.62e-15	1.75e-10	2.96e-06	2.64e-03	9.97e-01	0.00e+00	0.00e+00	0.00e+00	0.00e+00	0.00e+00	3.77e-76
 3.03139e+22	3.64e-27	6.22e-20	9.83e-15	1.93e-10	3.17e-06	2.73e-03	9.97e-01	0.00e+00	0.00e+00	0.00e+00	0.00e+00	0.00e+00	6.20e-76
 3.05526e+22	4.41e-27	7.29e-20	1.12e-14	2.13e-10	3.38e-06	2.83e-03	9.97e-01	0.00e+00	0.00e+00	0.00e+00	0.00e+00	0.00e+00	1.01e-75
 3.08230e+22	5.58e-27	8.84e-20	1.30e-14	2.39e-10	3.67e-06	2.94e-03	9.97e-01	0.00e+00	0.00e+00	0.00e+00	0.00e+00	0.00e+00	1.82e-75
 3.11029e+22	7.00e-27	1.06e-19	1.51e-14	2.67e-10	3.96e-06	3.06e-03	9.97e-01	0.00e+00	0.00e+00	0.00e+00	0.00e+00	0.00e+00	3.22e-75
 3.13297e+22	8.30e-27	1.22e-19	1.68e-14	2.91e-10	4.21e-06	3.16e-03	9.97e-01	0.00e+00	0.00e+00	0.00e+00	0.00e+00	0.00e+00	4.92e-75
 3.15590e+22	1.02e-26	1.45e-19	1.93e-14	3.22e-10	4.52e-06	3.28e-03	9.97e-01	0.00e+00	0.00e+00	0.00e+00	0.00e+00	0.00e+00	8.38e-75
 3.18033e+22	1.24e-26	1.70e-19	2.18e-14	3.53e-10	4.82e-06	3.39e-03	9.97e-01	0.00e+00	0.00e+00	0.00e+00	0.00e+00	0.00e+00	1.37e-74
 3.20310e+22	1.50e-26	1.98e-19	2.46e-14	3.86e-10	5.14e-06	3.51e-03	9.96e-01	0.00e+00	0.00e+00	0.00e+00	0.00e+00	0.00e+00	2.20e-74
 3.22910e+22	1.91e-26	2.41e-19	2.87e-14	4.32e-10	5.57e-06	3.66e-03	9.96e-01	0.00e+00	0.00e+00	0.00e+00	0.00e+00	0.00e+00	4.06e-74
 3.25539e+22	2.33e-26	2.84e-19	3.26e-14	4.75e-10	5.96e-06	3.80e-03	9.96e-01	0.00e+00	0.00e+00	0.00e+00	0.00e+00	0.00e+00	6.77e-74
 3.27741e+22	2.81e-26	3.30e-19	3.66e-14	5.18e-10	6.33e-06	3.93e-03	9.96e-01	0.00e+00	0.00e+00	0.00e+00	0.00e+00	0.00e+00	1.09e-73
 3.29805e+22	3.33e-26	3.79e-19	4.07e-14	5.61e-10	6.71e-06	4.05e-03	9.96e-01	0.00e+00	0.00e+00	0.00e+00	0.00e+00	0.00e+00	1.68e-73
 3.32152e+22	4.14e-26	4.51e-19	4.67e-14	6.19e-10	7.21e-06	4.21e-03	9.96e-01	0.00e+00	0.00e+00	0.00e+00	0.00e+00	0.00e+00	2.93e-73
 3.34608e+22	5.05e-26	5.30e-19	5.28e-14	6.77e-10	7.69e-06	4.37e-03	9.96e-01	0.00e+00	0.00e+00	0.00e+00	0.00e+00	0.00e+00	4.88e-73
 3.36800e+22	6.10e-26	6.16e-19	5.92e-14	7.35e-10	8.17e-06	4.52e-03	9.95e-01	0.00e+00	0.00e+00	0.00e+00	0.00e+00	0.00e+00	7.94e-73
 3.39248e+22	7.70e-26	7.43e-19	6.83e-14	8.15e-10	8.82e-06	4.72e-03	9.95e-01	0.00e+00	0.00e+00	0.00e+00	0.00e+00	0.00e+00	1.45e-72
 3.41659e+22	9.31e-26	8.64e-19	7.67e-14	8.84e-10	9.37e-06	4.89e-03	9.95e-01	0.00e+00	0.00e+00	0.00e+00	0.00e+00	0.00e+00	2.36e-72
 3.43653e+22	1.10e-25	9.90e-19	8.50e-14	9.52e-10	9.90e-06	5.05e-03	9.95e-01	0.00e+00	0.00e+00	0.00e+00	0.00e+00	0.00e+00	3.66e-72
 3.45875e+22	1.37e-25	1.17e-18	9.68e-14	1.04e-09	1.06e-05	5.25e-03	9.95e-01	0.00e+00	0.00e+00	0.00e+00	0.00e+00	0.00e+00	6.41e-72
 3.48178e+22	1.66e-25	1.37e-18	1.08e-13	1.13e-09	1.13e-05	5.45e-03	9.95e-01	0.00e+00	0.00e+00	0.00e+00	0.00e+00	0.00e+00	1.06e-71
 3.50224e+22	1.98e-25	1.57e-18	1.21e-13	1.22e-09	1.19e-05	5.63e-03	9.94e-01	0.00e+00	0.00e+00	0.00e+00	0.00e+00	0.00e+00	1.68e-71
 3.52523e+22	2.48e-25	1.88e-18	1.38e-13	1.34e-09	1.28e-05	5.88e-03	9.94e-01	0.00e+00	0.00e+00	0.00e+00	0.00e+00	0.00e+00	3.05e-71
 3.54807e+22	3.00e-25	2.19e-18	1.54e-13	1.44e-09	1.36e-05	6.09e-03	9.94e-01	0.00e+00	0.00e+00	0.00e+00	0.00e+00	0.00e+00	5.02e-71
 3.56701e+22	3.55e-25	2.49e-18	1.70e-13	1.54e-09	1.43e-05	6.29e-03	9.94e-01	0.00e+00	0.00e+00	0.00e+00	0.00e+00	0.00e+00	7.78e-71
 3.58791e+22	4.35e-25	2.93e-18	1.92e-13	1.67e-09	1.52e-05	6.54e-03	9.93e-01	0.00e+00	0.00e+00	0.00e+00	0.00e+00	0.00e+00	1.34e-70
 3.60991e+22	5.24e-25	3.39e-18	2.14e-13	1.80e-09	1.61e-05	6.77e-03	9.93e-01	0.00e+00	0.00e+00	0.00e+00	0.00e+00	0.00e+00	2.19e-70
 3.62991e+22	6.32e-25	3.92e-18	2.38e-13	1.93e-09	1.71e-05	7.02e-03	9.93e-01	0.00e+00	0.00e+00	0.00e+00	0.00e+00	0.00e+00	3.61e-70
 3.64927e+22	7.54e-25	4.50e-18	2.64e-13	2.07e-09	1.80e-05	7.26e-03	9.93e-01	0.00e+00	0.00e+00	0.00e+00	0.00e+00	0.00e+00	5.75e-70
 3.66818e+22	8.96e-25	5.15e-18	2.91e-13	2.21e-09	1.90e-05	7.50e-03	9.92e-01	0.00e+00	0.00e+00	0.00e+00	0.00e+00	0.00e+00	9.13e-70
 3.68975e+22	1.11e-24	6.11e-18	3.30e-13	2.40e-09	2.03e-05	7.82e-03	9.92e-01	0.00e+00	0.00e+00	0.00e+00	0.00e+00	0.00e+00	1.64e-69
 3.71171e+22	1.35e-24	7.08e-18	3.68e-13	2.58e-09	2.15e-05	8.11e-03	9.92e-01	0.00e+00	0.00e+00	0.00e+00	0.00e+00	0.00e+00	2.72e-69
 3.73043e+22	1.60e-24	8.08e-18	4.05e-13	2.75e-09	2.26e-05	8.38e-03	9.92e-01	0.00e+00	0.00e+00	0.00e+00	0.00e+00	0.00e+00	4.29e-69
 3.75099e+22	1.97e-24	9.53e-18	4.57e-13	2.97e-09	2.41e-05	8.73e-03	9.91e-01	0.00e+00	0.00e+00	0.00e+00	0.00e+00	0.00e+00	7.62e-69
 3.77219e+22	2.38e-24	1.10e-17	5.07e-13	3.18e-09	2.55e-05	9.06e-03	9.91e-01	0.00e+00	0.00e+00	0.00e+00	0.00e+00	0.00e+00	1.26e-68
 3.79100e+22	2.84e-24	1.26e-17	5.60e-13	3.39e-09	2.69e-05	9.37e-03	9.91e-01	0.00e+00	0.00e+00	0.00e+00	0.00e+00	0.00e+00	2.05e-68
 3.81224e+22	3.54e-24	1.50e-17	6.34e-13	3.68e-09	2.88e-05	9.78e-03	9.90e-01	0.00e+00	0.00e+00	0.00e+00	0.00e+00	0.00e+00	3.72e-68
 3.83372e+22	4.28e-24	1.73e-17	7.04e-13	3.93e-09	3.05e-05	1.01e-02	9.90e-01	0.00e+00	0.00e+00	0.00e+00	0.00e+00	0.00e+00	6.21e-68
 3.85224e+22	5.10e-24	1.98e-17	7.77e-13	4.18e-09	3.21e-05	1.05e-02	9.89e-01	0.00e+00	0.00e+00	0.00e+00	0.00e+00	0.00e+00	1.01e-67
 3.87304e+22	6.35e-24	2.35e-17	8.78e-13	4.52e-09	3.43e-05	1.10e-02	9.89e-01	0.00e+00	0.00e+00	0.00e+00	0.00e+00	0.00e+00	1.83e-67
 3.89470e+22	7.75e-24	2.74e-17	9.81e-13	4.84e-09	3.64e-05	1.14e-02	9.89e-01	0.00e+00	0.00e+00	0.00e+00	0.00e+00	0.00e+00	3.17e-67
 3.91412e+22	9.31e-24	3.16e-17	1.09e-12	5.17e-09	3.85e-05	1.18e-02	9.88e-01	0.00e+00	0.00e+00	0.00e+00	0.00e+00	0.00e+00	5.22e-67
 3.93267e+22	1.12e-23	3.63e-17	1.20e-12	5.49e-09	4.06e-05	1.22e-02	9.88e-01	0.00e+00	0.00e+00	0.00e+00	0.00e+00	0.00e+00	8.67e-67
 3.95032e+22	1.32e-23	4.13e-17	1.32e-12	5.82e-09	4.27e-05	1.26e-02	9.87e-01	0.00e+00	0.00e+00	0.00e+00	0.00e+00	0.00e+00	1.38e-66
 3.97011e+22	1.66e-23	4.91e-17	1.49e-12	6.27e-09	4.56e-05	1.32e-02	9.87e-01	0.00e+00	0.00e+00	0.00e+00	4.91e-17	5.41e-26	2.57e-66
 3.99002e+22	1.98e-23	5.64e-17	1.64e-12	6.66e-09	4.81e-05	1.37e-02	9.86e-01	0.00e+00	0.00e+00	0.00e+00	5.64e-17	6.81e-24	4.25e-66
 4.00613e+22	2.31e-23	6.34e-17	1.79e-12	7.00e-09	5.04e-05	1.41e-02	9.86e-01	0.00e+00	0.00e+00	0.00e+00	6.34e-17	7.66e-24	6.49e-66
 4.02004e+22	2.67e-23	7.07e-17	1.93e-12	7.33e-09	5.25e-05	1.45e-02	9.85e-01	0.00e+00	0.00e+00	0.00e+00	7.07e-17	8.54e-24	9.65e-66
 4.03287e+22	3.04e-23	7.82e-17	2.07e-12	7.66e-09	5.46e-05	1.48e-02	9.85e-01	0.00e+00	0.00e+00	0.00e+00	7.82e-17	9.46e-24	1.39e-65
 4.04735e+22	3.59e-23	8.88e-17	2.27e-12	8.08e-09	5.73e-05	1.53e-02	9.85e-01	0.00e+00	0.00e+00	0.00e+00	8.88e-17	1.07e-23	2.21e-65
 4.06237e+22	4.15e-23	9.92e-17	2.46e-12	8.47e-09	5.98e-05	1.57e-02	9.84e-01	0.00e+00	0.00e+00	0.00e+00	9.92e-17	1.20e-23	3.31e-65
 4.07527e+22	4.76e-23	1.10e-16	2.64e-12	8.84e-09	6.23e-05	1.62e-02	9.84e-01	0.00e+00	0.00e+00	0.00e+00	1.10e-16	1.33e-23	4.83e-65
 4.08717e+22	5.41e-23	1.22e-16	2.84e-12	9.22e-09	6.47e-05	1.66e-02	9.83e-01	0.00e+00	0.00e+00	0.00e+00	1.22e-16	1.47e-23	6.92e-65
 4.10059e+22	6.33e-23	1.37e-16	3.09e-12	9.70e-09	6.78e-05	1.71e-02	9.83e-01	0.00e+00	0.00e+00	0.00e+00	1.37e-16	1.66e-23	1.07e-64
 4.11398e+22	7.21e-23	1.51e-16	3.32e-12	1.01e-08	7.04e-05	1.75e-02	9.82e-01	0.00e+00	0.00e+00	0.00e+00	1.51e-16	1.83e-23	1.54e-64
 4.12534e+22	8.21e-23	1.67e-16	3.55e-12	1.05e-08	7.31e-05	1.79e-02	9.82e-01	0.00e+00	0.00e+00	0.00e+00	1.67e-16	2.02e-23	2.21e-64
 4.13636e+22	9.33e-23	1.84e-16	3.81e-12	1.10e-08	7.59e-05	1.83e-02	9.82e-01	0.00e+00	0.00e+00	0.00e+00	1.84e-16	2.23e-23	3.15e-64
 4.14891e+22	1.09e-22	2.08e-16	4.15e-12	1.15e-08	7.95e-05	1.89e-02	9.81e-01	0.00e+00	0.00e+00	0.00e+00	2.08e-16	2.52e-23	4.88e-64
 4.16177e+22	1.26e-22	2.32e-16	4.48e-12	1.20e-08	8.29e-05	1.94e-02	9.81e-01	0.00e+00	0.00e+00	0.00e+00	2.32e-16	2.81e-23	7.26e-64
 4.17285e+22	1.43e-22	2.56e-16	4.81e-12	1.25e-08	8.60e-05	1.99e-02	9.80e-01	0.00e+00	0.00e+00	0.00e+00	2.56e-16	3.10e-23	1.04e-63
 4.18313e+22	1.62e-22	2.82e-16	5.14e-12	1.30e-08	8.92e-05	2.03e-02	9.80e-01	0.00e+00	0.00e+00	0.00e+00	2.82e-16	3.41e-23	1.46e-63
 4.19299e+22	1.83e-22	3.09e-16	5.49e-12	1.35e-08	9.24e-05	2.08e-02	9.79e-01	0.00e+00	0.00e+00	0.00e+00	3.09e-16	3.74e-23	2.04e-63
 4.20429e+22	2.14e-22	3.48e-16	5.98e-12	1.42e-08	9.66e-05	2.13e-02	9.79e-01	0.00e+00	0.00e+00	0.00e+00	3.48e-16	4.22e-23	3.13e-63
 4.21577e+22	2.45e-22	3.88e-16	6.45e-12	1.48e-08	1.01e-04	2.19e-02	9.78e-01	0.00e+00	0.00e+00	0.00e+00	3.88e-16	4.70e-23	4.59e-63
 4.22561e+22	2.78e-22	4.27e-16	6.91e-12	1.54e-08	1.04e-04	2.24e-02	9.78e-01	0.00e+00	0.00e+00	0.00e+00	4.27e-16	5.17e-23	6.47e-63
 4.23650e+22	3.27e-22	4.84e-16	7.55e-12	1.62e-08	1.09e-04	2.30e-02	9.77e-01	0.00e+00	0.00e+00	0.00e+00	4.84e-16	5.86e-23	1.01e-62
 4.24771e+22	3.78e-22	5.41e-16	8.18e-12	1.70e-08	1.14e-04	2.36e-02	9.76e-01	0.00e+00	0.00e+00	0.00e+00	5.41e-16	6.56e-23	1.49e-62
 4.25760e+22	4.34e-22	6.02e-16	8.82e-12	1.77e-08	1.19e-04	2.42e-02	9.76e-01	0.00e+00	0.00e+00	0.00e+00	6.02e-16	7.30e-23	2.17e-62
 4.26874e+22	5.20e-22	6.93e-16	9.77e-12	1.88e-08	1.25e-04	2.49e-02	9.75e-01	0.00e+00	0.00e+00	0.00e+00	6.93e-16	8.41e-23	3.55e-62
 4.28001e+22	6.04e-22	7.79e-16	1.06e-11	1.97e-08	1.30e-04	2.55e-02	9.74e-01	0.00e+00	0.00e+00	0.00e+00	7.79e-16	9.45e-23	5.30e-62
 4.28962e+22	6.93e-22	8.67e-16	1.15e-11	2.07e-08	1.36e-04	2.61e-02	9.74e-01	0.00e+00	0.00e+00	0.00e+00	8.67e-16	1.05e-22	7.64e-62
 4.30030e+22	8.49e-22	1.02e-15	1.29e-11	2.20e-08	1.44e-04	2.70e-02	9.73e-01	0.00e+00	0.00e+00	0.00e+00	1.02e-15	1.23e-22	1.31e-61
 4.31080e+22	9.73e-22	1.13e-15	1.39e-11	2.31e-08	1.49e-04	2.76e-02	9.72e-01	0.00e+00	0.00e+00	0.00e+00	1.13e-15	1.37e-22	1.88e-61
 4.32104e+22	1.19e-21	1.33e-15	1.56e-11	2.47e-08	1.58e-04	2.85e-02	9.71e-01	0.00e+00	0.00e+00	0.00e+00	1.33e-15	1.61e-22	3.19e-61
 4.33109e+22	1.37e-21	1.48e-15	1.69e-11	2.59e-08	1.64e-04	2.91e-02	9.71e-01	0.00e+00	0.00e+00	0.00e+00	1.48e-15	1.79e-22	4.55e-61
 4.34088e+22	4.99e-25	1.74e-15	1.90e-11	2.78e-08	1.74e-04	3.01e-02	9.70e-01	0.00e+00	0.00e+00	0.00e+00	1.74e-15	2.11e-22	1.23e-61
 4.35065e+22	5.80e-25	1.95e-15	2.07e-11	2.92e-08	1.81e-04	3.07e-02	9.69e-01	0.00e+00	0.00e+00	0.00e+00	1.95e-15	2.37e-22	1.77e-61
 4.36040e+22	7.24e-25	2.32e-15	2.35e-11	3.15e-08	1.92e-04	3.18e-02	9.68e-01	0.00e+00	0.00e+00	0.00e+00	2.32e-15	2.82e-22	3.03e-61
 4.37022e+22	8.53e-25	2.64e-15	2.59e-11	3.34e-08	2.01e-04	3.25e-02	9.67e-01	0.00e+00	0.00e+00	0.00e+00	2.64e-15	3.21e-22	4.50e-61
 4.38014e+22	1.08e-24	3.18e-15	2.97e-11	3.63e-08	2.14e-04	3.36e-02	9.66e-01	0.00e+00	0.00e+00	0.00e+00	3.18e-15	3.87e-22	7.95e-61
 4.39014e+22	1.28e-24	3.64e-15	3.29e-11	3.87e-08	2.25e-04	3.45e-02	9.65e-01	0.00e+00	0.00e+00	0.00e+00	3.64e-15	4.43e-22	1.20e-60
 4.40024e+22	1.64e-24	4.41e-15	3.80e-11	4.23e-08	2.40e-04	3.56e-02	9.64e-01	0.00e+00	0.00e+00	0.00e+00	4.41e-15	5.37e-22	2.13e-60
 4.41026e+22	1.97e-24	5.11e-15	4.24e-11	4.54e-08	2.52e-04	3.66e-02	9.63e-01	0.00e+00	0.00e+00	0.00e+00	5.11e-15	6.22e-22	3.28e-60
 4.42018e+22	2.52e-24	6.22e-15	4.93e-11	4.98e-08	2.69e-04	3.78e-02	9.62e-01	0.00e+00	0.00e+00	0.00e+00	6.22e-15	7.58e-22	5.87e-60
 4.43028e+22	3.08e-24	7.31e-15	5.57e-11	5.38e-08	2.84e-04	3.89e-02	9.61e-01	0.00e+00	0.00e+00	0.00e+00	7.31e-15	8.91e-22	9.35e-60
 4.44062e+22	4.03e-24	9.07e-15	6.56e-11	5.97e-08	3.05e-04	4.03e-02	9.59e-01	0.00e+00	0.00e+00	0.00e+00	9.07e-15	1.11e-21	1.74e-59
 4.45103e+22	4.98e-24	1.07e-14	7.47e-11	6.49e-08	3.23e-04	4.14e-02	9.58e-01	0.00e+00	0.00e+00	0.00e+00	1.07e-14	1.31e-21	2.81e-59
 4.46151e+22	6.58e-24	1.35e-14	8.88e-11	7.25e-08	3.47e-04	4.29e-02	9.57e-01	0.00e+00	0.00e+00	0.00e+00	1.35e-14	1.64e-21	5.31e-59
 4.47206e+22	8.17e-24	1.60e-14	1.02e-10	7.91e-08	3.68e-04	4.42e-02	9.55e-01	0.00e+00	0.00e+00	0.00e+00	1.60e-14	1.96e-21	8.66e-59
 4.48122e+22	1.01e-23	1.91e-14	1.16e-10	8.63e-08	3.89e-04	4.54e-02	9.54e-01	0.00e+00	0.00e+00	0.00e+00	1.91e-14	2.33e-21	1.41e-58
 4.49164e+22	1.35e-23	2.41e-14	1.39e-10	9.70e-08	4.19e-04	4.71e-02	9.52e-01	0.00e+00	0.00e+00	0.00e+00	2.41e-14	2.95e-21	2.68e-58
 4.50195e+22	1.65e-23	2.84e-14	1.58e-10	1.05e-07	4.42e-04	4.83e-02	9.51e-01	0.00e+00	0.00e+00	0.00e+00	2.84e-14	3.47e-21	4.19e-58
 4.51210e+22	2.16e-23	3.54e-14	1.87e-10	1.18e-07	4.75e-04	5.00e-02	9.49e-01	0.00e+00	0.00e+00	0.00e+00	3.54e-14	4.33e-21	7.63e-58
 4.52257e+22	2.70e-23	4.24e-14	2.15e-10	1.29e-07	5.03e-04	5.15e-02	9.48e-01	0.00e+00	0.00e+00	0.00e+00	4.24e-14	5.18e-21	1.24e-57
 4.53343e+22	3.58e-23	5.34e-14	2.57e-10	1.46e-07	5.42e-04	5.33e-02	9.46e-01	0.00e+00	0.00e+00	0.00e+00	5.34e-14	6.53e-21	2.32e-57
 4.54450e+22	4.49e-23	6.41e-14	2.97e-10	1.60e-07	5.75e-04	5.49e-02	9.45e-01	0.00e+00	0.00e+00	0.00e+00	6.41e-14	7.85e-21	3.80e-57
 4.55583e+22	6.01e-23	8.13e-14	3.57e-10	1.81e-07	6.21e-04	5.69e-02	9.42e-01	0.00e+00	0.00e+00	0.00e+00	8.13e-14	9.95e-21	7.17e-57
 4.56739e+22	7.53e-23	9.76e-14	4.12e-10	1.99e-07	6.59e-04	5.86e-02	9.41e-01	0.00e+00	0.00e+00	0.00e+00	9.76e-14	1.19e-20	1.17e-56
 4.57925e+22	1.01e-22	1.24e-13	4.96e-10	2.25e-07	7.12e-04	6.08e-02	9.38e-01	0.00e+00	0.00e+00	0.00e+00	1.24e-13	1.52e-20	2.21e-56
 4.59132e+22	1.26e-22	1.49e-13	5.73e-10	2.48e-07	7.56e-04	6.26e-02	9.37e-01	0.00e+00	0.00e+00	0.00e+00	1.49e-13	1.82e-20	3.60e-56
 4.60364e+22	1.69e-22	1.89e-13	6.90e-10	2.81e-07	8.17e-04	6.50e-02	9.34e-01	0.00e+00	0.00e+00	0.00e+00	1.89e-13	2.32e-20	6.78e-56
 4.61603e+22	2.11e-22	2.26e-13	7.94e-10	3.09e-07	8.67e-04	6.68e-02	9.32e-01	0.00e+00	0.00e+00	0.00e+00	2.26e-13	2.77e-20	1.09e-55
 4.62853e+22	2.81e-22	2.85e-13	9.54e-10	3.50e-07	9.36e-04	6.93e-02	9.30e-01	0.00e+00	0.00e+00	0.00e+00	2.85e-13	3.50e-20	2.02e-55
 4.64063e+22	3.40e-22	3.33e-13	1.08e-09	3.80e-07	9.86e-04	7.11e-02	9.28e-01	0.00e+00	0.00e+00	0.00e+00	3.33e-13	4.08e-20	3.04e-55
 4.65222e+22	4.39e-22	4.10e-13	1.27e-09	4.25e-07	1.06e-03	7.34e-02	9.26e-01	0.00e+00	0.00e+00	0.00e+00	4.10e-13	5.03e-20	5.28e-55
 4.66412e+22	5.36e-22	4.81e-13	1.44e-09	4.63e-07	1.12e-03	7.53e-02	9.24e-01	0.00e+00	0.00e+00	0.00e+00	4.81e-13	5.91e-20	8.08e-55
 4.67640e+22	7.01e-22	5.98e-13	1.71e-09	5.20e-07	1.20e-03	7.80e-02	9.21e-01	0.00e+00	0.00e+00	0.00e+00	5.98e-13	7.35e-20	1.43e-54
 4.68884e+22	8.50e-22	6.98e-13	1.93e-09	5.66e-07	1.26e-03	8.00e-02	9.19e-01	0.00e+00	0.00e+00	0.00e+00	6.98e-13	8.58e-20	2.15e-54
 4.70148e+22	1.10e-21	8.58e-13	2.27e-09	6.33e-07	1.36e-03	8.27e-02	9.16e-01	0.00e+00	0.00e+00	0.00e+00	8.58e-13	1.06e-19	3.72e-54
 4.71401e+22	1.33e-21	1.00e-12	2.57e-09	6.88e-07	1.43e-03	8.47e-02	9.14e-01	0.00e+00	0.00e+00	0.00e+00	1.00e-12	1.23e-19	5.59e-54
 4.72642e+22	1.72e-21	1.23e-12	3.01e-09	7.69e-07	1.53e-03	8.75e-02	9.11e-01	0.00e+00	0.00e+00	0.00e+00	1.23e-12	1.51e-19	9.56e-54
 4.73895e+22	2.06e-21	1.42e-12	3.38e-09	8.33e-07	1.61e-03	8.96e-02	9.09e-01	0.00e+00	0.00e+00	0.00e+00	1.42e-12	1.75e-19	1.40e-53
 4.75164e+22	2.65e-21	1.74e-12	3.96e-09	9.29e-07	1.72e-03	9.26e-02	9.06e-01	0.00e+00	0.00e+00	0.00e+00	1.74e-12	2.14e-19	2.38e-53
 4.76457e+22	3.19e-21	2.01e-12	4.46e-09	1.01e-06	1.81e-03	9.48e-02	9.03e-01	0.00e+00	0.00e+00	0.00e+00	2.01e-12	2.49e-19	3.53e-53
 4.77782e+22	4.11e-21	2.47e-12	5.23e-09	1.13e-06	1.95e-03	9.80e-02	9.00e-01	0.00e+00	0.00e+00	0.00e+00	2.47e-12	3.05e-19	5.99e-53
 4.79131e+22	4.97e-21	2.87e-12	5.90e-09	1.22e-06	2.05e-03	1.00e-01	8.98e-01	0.00e+00	0.00e+00	0.00e+00	2.87e-12	3.54e-19	8.91e-53
 4.80512e+22	1.13e-21	3.51e-12	6.93e-09	1.37e-06	2.20e-03	1.04e-01	8.94e-01	0.00e+00	0.00e+00	0.00e+00	3.51e-12	4.34e-19	1.52e-52
 4.81918e+22	1.38e-21	4.09e-12	7.81e-09	1.49e-06	2.32e-03	1.06e-01	8.91e-01	0.00e+00	0.00e+00	0.00e+00	4.09e-12	5.06e-19	2.26e-52
 4.83358e+22	1.79e-21	5.01e-12	9.19e-09	1.67e-06	2.49e-03	1.10e-01	8.88e-01	0.00e+00	0.00e+00	0.00e+00	5.01e-12	6.21e-19	3.87e-52
 4.84766e+22	2.13e-21	5.72e-12	1.02e-08	1.80e-06	2.61e-03	1.12e-01	8.85e-01	0.00e+00	0.00e+00	0.00e+00	5.72e-12	7.09e-19	5.51e-52
 4.86130e+22	2.74e-21	6.95e-12	1.19e-08	2.00e-06	2.80e-03	1.16e-01	8.81e-01	0.00e+00	0.00e+00	0.00e+00	6.95e-12	8.62e-19	9.15e-52
 4.87517e+22	3.27e-21	7.94e-12	1.33e-08	2.16e-06	2.93e-03	1.19e-01	8.78e-01	0.00e+00	0.00e+00	0.00e+00	7.94e-12	9.85e-19	1.31e-51
 4.88931e+22	4.17e-21	9.57e-12	1.54e-08	2.40e-06	3.13e-03	1.22e-01	8.75e-01	0.00e+00	0.00e+00	0.00e+00	9.57e-12	1.19e-18	2.14e-51
 4.90390e+22	5.07e-21	1.11e-11	1.73e-08	2.61e-06	3.30e-03	1.25e-01	8.71e-01	0.00e+00	0.00e+00	0.00e+00	1.11e-11	1.38e-18	3.17e-51
 4.91905e+22	6.47e-21	1.34e-11	2.01e-08	2.89e-06	3.53e-03	1.29e-01	8.67e-01	0.00e+00	0.00e+00	0.00e+00	1.34e-11	1.66e-18	5.19e-51
 4.93470e+22	7.97e-21	1.57e-11	2.28e-08	3.16e-06	3.73e-03	1.33e-01	8.64e-01	0.00e+00	0.00e+00	0.00e+00	1.57e-11	1.95e-18	7.87e-51
 4.95100e+22	1.03e-20	1.90e-11	2.66e-08	3.53e-06	4.00e-03	1.37e-01	8.59e-01	0.00e+00	0.00e+00	0.00e+00	1.90e-11	2.37e-18	1.31e-50
 4.96774e+22	1.27e-20	2.23e-11	3.03e-08	3.87e-06	4.24e-03	1.41e-01	8.55e-01	0.00e+00	0.00e+00	0.00e+00	2.23e-11	2.79e-18	2.01e-50
 4.98507e+22	1.66e-20	2.72e-11	3.54e-08	4.33e-06	4.56e-03	1.45e-01	8.50e-01	0.00e+00	0.00e+00	0.00e+00	2.72e-11	3.40e-18	3.42e-50
 5.00296e+22	2.07e-20	3.22e-11	4.06e-08	4.77e-06	4.84e-03	1.49e-01	8.46e-01	0.00e+00	0.00e+00	0.00e+00	3.22e-11	4.03e-18	5.34e-50
 5.02160e+22	2.73e-20	3.96e-11	4.79e-08	5.37e-06	5.22e-03	1.54e-01	8.40e-01	0.00e+00	0.00e+00	0.00e+00	3.96e-11	4.96e-18	9.28e-50
 5.04074e+22	3.44e-20	4.71e-11	5.50e-08	5.93e-06	5.56e-03	1.59e-01	8.35e-01	0.00e+00	0.00e+00	0.00e+00	4.71e-11	5.91e-18	1.48e-49
 5.05794e+22	4.27e-20	5.54e-11	6.27e-08	6.51e-06	5.90e-03	1.63e-01	8.31e-01	0.00e+00	0.00e+00	0.00e+00	5.54e-11	6.96e-18	2.28e-49
 5.07770e+22	5.77e-20	6.95e-11	7.52e-08	7.41e-06	6.40e-03	1.69e-01	8.24e-01	0.00e+00	0.00e+00	0.00e+00	6.95e-11	8.75e-18	4.15e-49
 5.09759e+22	7.16e-20	8.16e-11	8.56e-08	8.13e-06	6.79e-03	1.74e-01	8.19e-01	0.00e+00	0.00e+00	0.00e+00	8.16e-11	1.03e-17	6.40e-49
 5.11762e+22	9.61e-20	1.02e-10	1.02e-07	9.23e-06	7.36e-03	1.80e-01	8.12e-01	0.00e+00	0.00e+00	0.00e+00	1.02e-10	1.29e-17	1.15e-48
 5.13809e+22	1.22e-19	1.22e-10	1.18e-07	1.02e-05	7.85e-03	1.85e-01	8.07e-01	0.00e+00	0.00e+00	0.00e+00	1.22e-10	1.54e-17	1.84e-48
 5.15911e+22	1.65e-19	1.53e-10	1.42e-07	1.17e-05	8.52e-03	1.92e-01	7.99e-01	0.00e+00	0.00e+00	0.00e+00	1.53e-10	1.94e-17	3.37e-48
 5.18045e+22	2.11e-19	1.84e-10	1.64e-07	1.30e-05	9.11e-03	1.98e-01	7.93e-01	0.00e+00	0.00e+00	0.00e+00	1.84e-10	2.33e-17	5.48e-48
 5.20222e+22	2.91e-19	2.35e-10	2.00e-07	1.49e-05	9.94e-03	2.06e-01	7.84e-01	0.00e+00	0.00e+00	0.00e+00	2.35e-10	2.98e-17	1.04e-47
 5.22410e+22	3.71e-19	2.82e-10	2.31e-07	1.66e-05	1.06e-02	2.12e-01	7.78e-01	0.00e+00	0.00e+00	0.00e+00	2.82e-10	3.59e-17	1.68e-47
 5.24225e+22	4.63e-19	3.34e-10	2.65e-07	1.82e-05	1.13e-02	2.17e-01	7.72e-01	0.00e+00	0.00e+00	0.00e+00	3.34e-10	4.26e-17	2.61e-47
 5.26200e+22	6.23e-19	4.19e-10	3.18e-07	2.08e-05	1.22e-02	2.25e-01	7.63e-01	0.00e+00	0.00e+00	0.00e+00	4.19e-10	5.36e-17	4.67e-47
 5.28167e+22	7.75e-19	4.95e-10	3.63e-07	2.28e-05	1.30e-02	2.30e-01	7.57e-01	0.00e+00	0.00e+00	0.00e+00	4.95e-10	6.34e-17	7.19e-47
 5.30124e+22	1.04e-18	6.22e-10	4.36e-07	2.60e-05	1.41e-02	2.38e-01	7.47e-01	0.00e+00	0.00e+00	0.00e+00	6.22e-10	7.99e-17	1.28e-46
 5.32106e+22	1.31e-18	7.40e-10	5.02e-07	2.87e-05	1.50e-02	2.45e-01	7.40e-01	0.00e+00	0.00e+00	0.00e+00	7.40e-10	9.52e-17	2.00e-46
 5.34123e+22	1.78e-18	9.40e-10	6.08e-07	3.29e-05	1.63e-02	2.53e-01	7.30e-01	0.00e+00	0.00e+00	0.00e+00	9.40e-10	1.21e-16	3.65e-46
 5.36164e+22	2.25e-18	1.13e-09	7.03e-07	3.65e-05	1.74e-02	2.60e-01	7.22e-01	0.00e+00	0.00e+00	0.00e+00	1.13e-09	1.46e-16	5.77e-46
 5.38237e+22	3.08e-18	1.44e-09	8.57e-07	4.20e-05	1.89e-02	2.69e-01	7.12e-01	0.00e+00	0.00e+00	0.00e+00	1.44e-09	1.87e-16	1.06e-45
 5.40350e+22	3.97e-18	1.75e-09	1.00e-06	4.70e-05	2.03e-02	2.77e-01	7.03e-01	0.00e+00	0.00e+00	0.00e+00	1.75e-09	2.27e-16	1.73e-45
 5.42516e+22	5.52e-18	2.27e-09	1.24e-06	5.45e-05	2.22e-02	2.87e-01	6.90e-01	0.00e+00	0.00e+00	0.00e+00	2.27e-09	2.96e-16	3.26e-45
 5.44725e+22	7.20e-18	2.79e-09	1.46e-06	6.14e-05	2.39e-02	2.96e-01	6.80e-01	0.00e+00	0.00e+00	0.00e+00	2.79e-09	3.64e-16	5.39e-45
 5.46991e+22	1.02e-17	3.66e-09	1.82e-06	7.19e-05	2.63e-02	3.07e-01	6.67e-01	0.00e+00	0.00e+00	0.00e+00	3.66e-09	4.80e-16	1.04e-44
 5.49275e+22	1.33e-17	4.52e-09	2.16e-06	8.13e-05	2.83e-02	3.16e-01	6.56e-01	0.00e+00	0.00e+00	0.00e+00	4.52e-09	5.95e-16	1.73e-44
 5.51194e+22	1.70e-17	5.48e-09	2.53e-06	9.10e-05	3.03e-02	3.24e-01	6.45e-01	0.00e+00	0.00e+00	0.00e+00	5.48e-09	7.25e-16	2.74e-44
 5.53271e+22	2.32e-17	7.02e-09	3.09e-06	1.05e-04	3.31e-02	3.35e-01	6.32e-01	0.00e+00	0.00e+00	0.00e+00	7.02e-09	9.32e-16	4.89e-44
 5.55365e+22	2.98e-17	8.54e-09	3.63e-06	1.18e-04	3.55e-02	3.44e-01	6.21e-01	0.00e+00	0.00e+00	0.00e+00	8.54e-09	1.14e-15	7.74e-44
 5.57415e+22	4.01e-17	1.08e-08	4.40e-06	1.36e-04	3.85e-02	3.54e-01	6.07e-01	0.00e+00	0.00e+00	0.00e+00	1.08e-08	1.45e-15	1.33e-43
 5.59506e+22	5.17e-17	1.32e-08	5.20e-06	1.53e-04	4.14e-02	3.63e-01	5.95e-01	5.17e-17	9.16e-23	2.19e-23	1.32e-08	1.78e-15	2.12e-43
 5.61555e+22	6.83e-17	1.65e-08	6.25e-06	1.75e-04	4.49e-02	3.73e-01	5.81e-01	6.83e-17	2.44e-21	3.83e-22	1.65e-08	2.23e-15	3.51e-43
 5.63646e+22	8.86e-17	2.03e-08	7.42e-06	1.98e-04	4.83e-02	3.83e-01	5.68e-01	8.86e-17	3.17e-21	4.97e-22	2.03e-08	2.76e-15	5.60e-43
 5.65714e+22	1.16e-16	2.51e-08	8.86e-06	2.26e-04	5.22e-02	3.93e-01	5.55e-01	1.16e-16	4.14e-21	6.50e-22	2.51e-08	3.44e-15	8.97e-43
 5.67793e+22	1.49e-16	3.08e-08	1.05e-05	2.56e-04	5.62e-02	4.03e-01	5.41e-01	1.49e-16	5.35e-21	8.42e-22	3.08e-08	4.24e-15	1.41e-42
 5.69848e+22	1.92e-16	3.76e-08	1.25e-05	2.90e-04	6.04e-02	4.12e-01	5.27e-01	1.92e-16	6.90e-21	1.09e-21	3.76e-08	5.22e-15	2.18e-42
 5.71898e+22	2.46e-16	4.58e-08	1.47e-05	3.28e-04	6.49e-02	4.21e-01	5.13e-01	2.46e-16	8.85e-21	1.39e-21	4.58e-08	6.41e-15	3.34e-42
 5.73952e+22	3.14e-16	5.55e-08	1.74e-05	3.71e-04	6.97e-02	4.30e-01	4.99e-01	3.14e-16	1.13e-20	1.79e-21	5.55e-08	7.84e-15	5.07e-42
 5.76014e+22	4.00e-16	6.71e-08	2.04e-05	4.19e-04	7.48e-02	4.39e-01	4.85e-01	4.00e-16	1.44e-20	2.28e-21	6.71e-08	9.56e-15	7.60e-42
 5.78087e+22	5.07e-16	8.10e-08	2.40e-05	4.74e-04	8.02e-02	4.48e-01	4.71e-01	5.07e-16	1.83e-20	2.90e-21	8.10e-08	1.16e-14	1.13e-41
 5.80179e+22	6.43e-16	9.74e-08	2.82e-05	5.34e-04	8.59e-02	4.56e-01	4.57e-01	6.43e-16	2.33e-20	3.68e-21	9.74e-08	1.41e-14	1.67e-41
 5.82296e+22	8.13e-16	1.17e-07	3.31e-05	6.03e-04	9.20e-02	4.65e-01	4.43e-01	8.13e-16	2.95e-20	4.67e-21	1.17e-07	1.71e-14	2.44e-41
 5.84422e+22	1.02e-15	1.40e-07	3.87e-05	6.79e-04	9.83e-02	4.72e-01	4.29e-01	1.02e-15	3.72e-20	5.89e-21	1.40e-07	2.06e-14	3.53e-41
 5.86584e+22	1.29e-15	1.67e-07	4.54e-05	7.66e-04	1.05e-01	4.80e-01	4.14e-01	1.29e-15	4.71e-20	7.47e-21	1.67e-07	2.49e-14	5.12e-41
 5.88770e+22	1.62e-15	1.98e-07	5.29e-05	8.61e-04	1.12e-01	4.87e-01	4.00e-01	1.62e-15	5.92e-20	9.40e-21	1.98e-07	2.99e-14	7.30e-41
 5.90998e+22	2.05e-15	2.36e-07	6.20e-05	9.72e-04	1.20e-01	4.94e-01	3.85e-01	2.05e-15	7.49e-20	1.19e-20	2.36e-07	3.61e-14	1.05e-40
 5.93070e+22	2.47e-15	2.72e-07	7.04e-05	1.07e-03	1.27e-01	4.99e-01	3.73e-01	2.47e-15	9.06e-20	1.44e-20	2.72e-07	4.18e-14	1.40e-40
 5.95202e+22	3.13e-15	3.24e-07	8.26e-05	1.21e-03	1.35e-01	5.06e-01	3.58e-01	3.13e-15	1.15e-19	1.83e-20	3.24e-07	5.04e-14	2.00e-40
 5.97367e+22	3.78e-15	3.72e-07	9.36e-05	1.33e-03	1.42e-01	5.10e-01	3.46e-01	3.78e-15	1.39e-19	2.22e-20	3.72e-07	5.83e-14	2.66e-40
 5.99584e+22	4.49e-14	4.43e-07	1.10e-04	1.51e-03	1.52e-01	5.15e-01	3.31e-01	4.49e-14	1.66e-18	2.65e-19	4.43e-07	7.02e-14	3.85e-40
 6.01814e+22	6.47e-14	5.06e-07	1.24e-04	1.66e-03	1.60e-01	5.19e-01	3.19e-01	6.47e-14	2.40e-18	3.83e-19	5.06e-07	8.07e-14	5.09e-40
 6.04062e+22	1.05e-13	5.98e-07	1.45e-04	1.87e-03	1.71e-01	5.23e-01	3.05e-01	1.05e-13	3.90e-18	6.25e-19	5.98e-07	9.65e-14	7.23e-40
 6.06322e+22	1.67e-13	6.79e-07	1.63e-04	2.05e-03	1.79e-01	5.25e-01	2.94e-01	1.67e-13	6.23e-18	9.98e-19	6.79e-07	1.10e-13	9.53e-40
 6.08598e+22	3.42e-13	7.98e-07	1.90e-04	2.31e-03	1.90e-01	5.28e-01	2.79e-01	3.42e-13	1.28e-17	2.06e-18	7.98e-07	1.31e-13	1.36e-39
 6.10893e+22	7.46e-13	9.02e-07	2.13e-04	2.52e-03	1.99e-01	5.30e-01	2.69e-01	7.46e-13	2.80e-17	4.50e-18	9.02e-07	1.49e-13	1.86e-39
 6.13212e+22	2.27e-12	1.05e-06	2.47e-04	2.83e-03	2.11e-01	5.31e-01	2.55e-01	2.27e-12	8.55e-17	1.38e-17	1.05e-06	1.77e-13	2.98e-39
 6.15560e+22	6.33e-12	1.19e-06	2.77e-04	3.10e-03	2.21e-01	5.32e-01	2.44e-01	6.33e-12	2.39e-16	3.86e-17	1.19e-06	2.01e-13	5.07e-39
 6.17946e+22	1.30e-11	1.39e-06	3.21e-04	3.47e-03	2.33e-01	5.32e-01	2.31e-01	1.30e-11	4.94e-16	7.99e-17	1.39e-06	2.37e-13	8.99e-39
 6.20370e+22	1.90e-11	1.56e-06	3.59e-04	3.79e-03	2.44e-01	5.31e-01	2.21e-01	1.90e-11	7.23e-16	1.17e-16	1.56e-06	2.69e-13	1.32e-38
 6.22844e+22	2.68e-11	1.82e-06	4.15e-04	4.25e-03	2.57e-01	5.30e-01	2.08e-01	2.68e-11	1.02e-15	1.66e-16	1.82e-06	3.17e-13	2.01e-38
 6.25370e+22	3.45e-11	2.05e-06	4.65e-04	4.64e-03	2.69e-01	5.28e-01	1.98e-01	3.45e-11	1.32e-15	2.15e-16	2.05e-06	3.61e-13	2.80e-38
 6.27964e+22	4.52e-11	2.38e-06	5.38e-04	5.21e-03	2.84e-01	5.25e-01	1.86e-01	4.52e-11	1.74e-15	2.84e-16	2.38e-06	4.26e-13	4.11e-38
 6.30623e+22	5.60e-11	2.69e-06	6.04e-04	5.70e-03	2.96e-01	5.22e-01	1.76e-01	5.60e-11	2.17e-15	3.54e-16	2.69e-06	4.86e-13	5.66e-38
 6.33367e+22	7.10e-11	3.13e-06	7.01e-04	6.41e-03	3.12e-01	5.17e-01	1.64e-01	7.10e-11	2.77e-15	4.52e-16	3.13e-06	5.74e-13	8.21e-38
 6.35948e+22	8.33e-11	3.46e-06	7.71e-04	6.89e-03	3.22e-01	5.13e-01	1.57e-01	8.33e-11	3.26e-15	5.33e-16	3.46e-06	6.41e-13	1.07e-37
 6.38315e+22	1.00e-10	3.93e-06	8.72e-04	7.59e-03	3.36e-01	5.08e-01	1.47e-01	1.00e-10	3.93e-15	6.46e-16	3.93e-06	7.37e-13	1.47e-37
 6.40663e+22	1.15e-10	4.33e-06	9.54e-04	8.14e-03	3.47e-01	5.04e-01	1.41e-01	1.15e-10	4.54e-15	7.47e-16	4.33e-06	8.20e-13	1.88e-37
 6.42988e+22	1.35e-10	4.87e-06	1.07e-03	8.94e-03	3.61e-01	4.97e-01	1.32e-01	1.35e-10	5.36e-15	8.84e-16	4.87e-06	9.36e-13	2.50e-37
 6.45327e+22	1.54e-10	5.35e-06	1.17e-03	9.57e-03	3.71e-01	4.92e-01	1.26e-01	1.54e-10	6.14e-15	1.01e-15	5.35e-06	1.04e-12	3.21e-37
 6.47683e+22	1.80e-10	6.02e-06	1.32e-03	1.05e-02	3.85e-01	4.85e-01	1.18e-01	1.80e-10	7.20e-15	1.19e-15	6.02e-06	1.19e-12	4.31e-37
 6.50081e+22	2.04e-10	6.62e-06	1.44e-03	1.12e-02	3.96e-01	4.79e-01	1.12e-01	2.04e-10	8.22e-15	1.36e-15	6.62e-06	1.32e-12	5.57e-37
 6.52534e+22	2.37e-10	7.45e-06	1.61e-03	1.23e-02	4.11e-01	4.71e-01	1.04e-01	2.37e-10	9.60e-15	1.60e-15	7.45e-06	1.51e-12	7.54e-37
 6.55022e+22	2.67e-10	8.19e-06	1.77e-03	1.31e-02	4.22e-01	4.64e-01	9.85e-02	2.67e-10	1.09e-14	1.82e-15	8.19e-06	1.68e-12	9.76e-37
 6.57554e+22	3.10e-10	9.23e-06	1.98e-03	1.44e-02	4.37e-01	4.55e-01	9.14e-02	3.10e-10	1.27e-14	2.13e-15	9.23e-06	1.93e-12	1.34e-36
 6.60144e+22	3.52e-10	1.02e-05	2.17e-03	1.54e-02	4.48e-01	4.48e-01	8.63e-02	3.52e-10	1.45e-14	2.43e-15	1.02e-05	2.16e-12	1.77e-36
 6.62808e+22	4.06e-10	1.15e-05	2.44e-03	1.69e-02	4.64e-01	4.37e-01	7.96e-02	4.06e-10	1.69e-14	2.84e-15	1.15e-05	2.48e-12	2.46e-36
 6.65518e+22	4.60e-10	1.27e-05	2.67e-03	1.81e-02	4.75e-01	4.29e-01	7.48e-02	4.60e-10	1.93e-14	3.25e-15	1.27e-05	2.79e-12	3.29e-36
 6.68288e+22	5.31e-10	1.44e-05	3.01e-03	1.98e-02	4.91e-01	4.18e-01	6.86e-02	5.31e-10	2.25e-14	3.79e-15	1.44e-05	3.22e-12	4.63e-36
 6.71124e+22	6.01e-10	1.59e-05	3.31e-03	2.12e-02	5.03e-01	4.08e-01	6.41e-02	6.01e-10	2.56e-14	4.34e-15	1.59e-05	3.63e-12	6.27e-36
 6.74045e+22	6.98e-10	1.81e-05	3.73e-03	2.33e-02	5.18e-01	3.96e-01	5.85e-02	6.98e-10	3.01e-14	5.11e-15	1.81e-05	4.22e-12	9.12e-36
 6.76999e+22	7.92e-10	2.01e-05	4.09e-03	2.49e-02	5.30e-01	3.86e-01	5.45e-02	7.92e-10	3.44e-14	5.86e-15	2.01e-05	4.78e-12	1.25e-35
 6.79996e+22	9.17e-10	2.29e-05	4.61e-03	2.73e-02	5.45e-01	3.73e-01	4.95e-02	9.17e-10	4.03e-14	6.89e-15	2.29e-05	5.56e-12	1.84e-35
 6.83029e+22	1.04e-09	2.54e-05	5.06e-03	2.92e-02	5.57e-01	3.63e-01	4.60e-02	1.04e-09	4.61e-14	7.92e-15	2.54e-05	6.31e-12	2.56e-35
 6.86109e+22	1.21e-09	2.89e-05	5.71e-03	3.20e-02	5.71e-01	3.50e-01	4.15e-02	1.21e-09	5.41e-14	9.32e-15	2.89e-05	7.37e-12	3.83e-35
 6.89115e+22	1.36e-09	3.20e-05	6.22e-03	3.40e-02	5.81e-01	3.40e-01	3.87e-02	1.36e-09	6.15e-14	1.06e-14	3.20e-05	8.31e-12	5.26e-35
 6.92022e+22	1.55e-09	3.60e-05	6.93e-03	3.69e-02	5.94e-01	3.27e-01	3.51e-02	1.55e-09	7.12e-14	1.24e-14	3.60e-05	9.61e-12	7.72e-35
 6.95035e+22	1.77e-09	4.01e-05	7.59e-03	3.93e-02	6.04e-01	3.17e-01	3.24e-02	1.77e-09	8.18e-14	1.42e-14	4.01e-05	1.09e-11	1.09e-34
 6.97609e+22	1.96e-09	4.39e-05	8.21e-03	4.16e-02	6.12e-01	3.08e-01	3.02e-02	1.96e-09	9.16e-14	1.60e-14	4.39e-05	1.22e-11	1.47e-34
 7.00381e+22	2.22e-09	4.92e-05	9.07e-03	4.48e-02	6.23e-01	2.96e-01	2.74e-02	2.22e-09	1.05e-13	1.85e-14	4.92e-05	1.40e-11	2.13e-34
 7.03155e+22	2.47e-09	5.38e-05	9.80e-03	4.73e-02	6.30e-01	2.87e-01	2.55e-02	2.47e-09	1.18e-13	2.07e-14	5.38e-05	1.57e-11	2.88e-34
 7.05931e+22	2.81e-09	6.03e-05	1.08e-02	5.06e-02	6.40e-01	2.76e-01	2.32e-02	2.81e-09	1.36e-13	2.40e-14	6.03e-05	1.81e-11	4.22e-34
 7.08817e+22	3.13e-09	6.64e-05	1.17e-02	5.38e-02	6.47e-01	2.66e-01	2.13e-02	3.13e-09	1.53e-13	2.72e-14	6.64e-05	2.04e-11	5.86e-34
 7.11395e+22	3.49e-09	7.30e-05	1.27e-02	5.68e-02	6.54e-01	2.57e-01	1.97e-02	3.49e-09	1.73e-13	3.08e-14	7.30e-05	2.29e-11	8.07e-34
 7.14294e+22	4.00e-09	8.21e-05	1.40e-02	6.07e-02	6.62e-01	2.46e-01	1.78e-02	4.00e-09	2.02e-13	3.60e-14	8.21e-05	2.65e-11	1.21e-33
 7.17343e+22	4.51e-09	9.12e-05	1.52e-02	6.45e-02	6.68e-01	2.36e-01	1.63e-02	4.51e-09	2.30e-13	4.12e-14	9.12e-05	3.03e-11	1.74e-33
 7.20115e+22	5.04e-09	1.01e-04	1.65e-02	6.82e-02	6.74e-01	2.26e-01	1.49e-02	5.04e-09	2.61e-13	4.69e-14	1.01e-04	3.43e-11	2.45e-33
 7.23247e+22	5.83e-09	1.14e-04	1.83e-02	7.30e-02	6.80e-01	2.15e-01	1.33e-02	5.83e-09	3.07e-13	5.54e-14	1.14e-04	4.03e-11	3.81e-33
 7.26472e+22	6.58e-09	1.27e-04	1.99e-02	7.75e-02	6.85e-01	2.05e-01	1.21e-02	6.58e-09	3.52e-13	6.38e-14	1.27e-04	4.62e-11	5.55e-33
 7.29335e+22	7.39e-09	1.41e-04	2.16e-02	8.19e-02	6.89e-01	1.96e-01	1.10e-02	7.39e-09	4.01e-13	7.30e-14	1.41e-04	5.26e-11	7.96e-33
 7.32578e+22	8.57e-09	1.60e-04	2.39e-02	8.75e-02	6.93e-01	1.85e-01	9.75e-03	8.57e-09	4.75e-13	8.69e-14	1.60e-04	6.21e-11	1.26e-32
 7.35936e+22	9.73e-09	1.79e-04	2.61e-02	9.29e-02	6.96e-01	1.76e-01	8.76e-03	9.73e-09	5.49e-13	1.01e-13	1.79e-04	7.19e-11	1.88e-32
 7.38948e+22	1.10e-08	1.99e-04	2.84e-02	9.80e-02	6.98e-01	1.67e-01	7.91e-03	1.10e-08	6.30e-13	1.16e-13	1.99e-04	8.25e-11	2.75e-32
 7.42364e+22	1.29e-08	2.29e-04	3.15e-02	1.05e-01	7.00e-01	1.57e-01	6.93e-03	1.29e-08	7.55e-13	1.40e-13	2.29e-04	9.86e-11	4.50e-32
 7.45887e+22	1.47e-08	2.57e-04	3.44e-02	1.11e-01	7.00e-01	1.48e-01	6.18e-03	1.47e-08	8.78e-13	1.63e-13	2.57e-04	1.15e-10	6.82e-32
 7.49549e+22	1.73e-08	2.97e-04	3.83e-02	1.19e-01	7.00e-01	1.37e-01	5.35e-03	1.73e-08	1.07e-12	2.00e-13	2.97e-04	1.39e-10	1.16e-31
 7.53251e+22	1.98e-08	3.35e-04	4.18e-02	1.26e-01	6.98e-01	1.29e-01	4.74e-03	1.98e-08	1.25e-12	2.34e-13	3.35e-04	1.62e-10	1.77e-31
 7.56510e+22	2.27e-08	3.76e-04	4.55e-02	1.32e-01	6.96e-01	1.21e-01	4.21e-03	2.27e-08	1.45e-12	2.75e-13	3.76e-04	1.89e-10	2.70e-31
 7.60251e+22	2.69e-08	4.36e-04	5.07e-02	1.42e-01	6.92e-01	1.12e-01	3.60e-03	2.69e-08	1.78e-12	3.38e-13	4.36e-04	2.31e-10	4.64e-31
 7.64033e+22	3.07e-08	4.91e-04	5.52e-02	1.49e-01	6.88e-01	1.04e-01	3.16e-03	3.07e-08	2.08e-12	3.96e-13	4.91e-04	2.70e-10	7.16e-31
 7.67866e+22	3.67e-08	5.72e-04	6.15e-02	1.59e-01	6.81e-01	9.57e-02	2.69e-03	3.67e-08	2.57e-12	4.92e-13	5.72e-04	3.32e-10	1.25e-30
 7.71759e+22	3.99e-08	6.48e-04	6.70e-02	1.67e-01	6.74e-01	8.89e-02	2.35e-03	3.99e-08	2.86e-12	5.51e-13	6.48e-04	3.92e-10	1.91e-30
 7.75728e+22	4.82e-08	7.59e-04	7.47e-02	1.78e-01	6.64e-01	8.07e-02	1.97e-03	4.82e-08	3.57e-12	6.92e-13	7.59e-04	4.84e-10	3.40e-30
 7.79738e+22	5.61e-08	8.60e-04	8.14e-02	1.86e-01	6.55e-01	7.45e-02	1.70e-03	5.60e-08	4.27e-12	8.30e-13	8.60e-04	5.73e-10	5.39e-30
 7.83798e+22	6.81e-08	1.01e-03	9.06e-02	1.98e-01	6.42e-01	6.71e-02	1.41e-03	6.81e-08	5.38e-12	1.05e-12	1.01e-03	7.12e-10	9.72e-30
 7.87897e+22	7.95e-08	1.15e-03	9.86e-02	2.07e-01	6.31e-01	6.16e-02	1.22e-03	7.95e-08	6.46e-12	1.27e-12	1.15e-03	8.45e-10	1.55e-29
 7.92044e+22	9.70e-08	1.35e-03	1.10e-01	2.18e-01	6.15e-01	5.50e-02	9.97e-04	9.70e-08	8.20e-12	1.62e-12	1.35e-03	1.06e-09	2.82e-29
 7.96248e+22	1.14e-07	1.54e-03	1.19e-01	2.27e-01	6.01e-01	5.01e-02	8.48e-04	1.14e-07	9.91e-12	1.96e-12	1.54e-03	1.26e-09	4.54e-29
 7.99893e+22	1.33e-07	1.75e-03	1.29e-01	2.36e-01	5.87e-01	4.57e-02	7.26e-04	1.33e-07	1.19e-11	2.37e-12	1.75e-03	1.49e-09	7.15e-29
 8.04000e+22	1.62e-07	2.05e-03	1.43e-01	2.47e-01	5.67e-01	4.05e-02	5.90e-04	1.62e-07	1.52e-11	3.03e-12	2.05e-03	1.86e-09	1.29e-28
 8.07918e+22	1.86e-07	2.29e-03	1.53e-01	2.54e-01	5.53e-01	3.72e-02	5.11e-04	1.86e-07	1.79e-11	3.60e-12	2.29e-03	2.17e-09	1.92e-28
 8.11591e+22	2.22e-07	2.64e-03	1.67e-01	2.64e-01	5.33e-01	3.31e-02	4.21e-04	2.22e-07	2.22e-11	4.47e-12	2.64e-03	2.64e-09	3.24e-28
 8.15260e+22	2.56e-07	2.94e-03	1.78e-01	2.71e-01	5.18e-01	3.02e-02	3.63e-04	2.56e-07	2.63e-11	5.31e-12	2.94e-03	3.07e-09	4.84e-28
 8.18925e+22	3.04e-07	3.37e-03	1.93e-01	2.78e-01	4.98e-01	2.69e-02	3.00e-04	3.04e-07	3.26e-11	6.60e-12	3.37e-03	3.70e-09	7.99e-28
