#depth	O	O+	O+2	O+3	O+4	O+5	O+6	O+7	O+8	O[1]	O[2]	O[3]
 4.62852e+21	0.00e+00	0.00e+00	2.03e-27	5.16e-22	3.51e-17	1.11e-12	1.17e-07	7.14e-04	9.99e-01	0.00e+00	0.00e+00	0.00e+00
 1.05351e+22	0.00e+00	0.00e+00	1.68e-26	3.01e-21	1.47e-16	3.27e-12	2.39e-07	1.02e-03	9.99e-01	0.00e+00	0.00e+00	0.00e+00
 1.26783e+22	0.00e+00	4.00e-32	6.95e-26	9.90e-21	3.84e-16	6.77e-12	3.87e-07	1.29e-03	9.99e-01	0.00e+00	0.00e+00	0.00e+00
 1.42353e+22	0.00e+00	1.49e-31	2.15e-25	2.55e-20	8.26e-16	1.21e-11	5.67e-07	1.57e-03	9.98e-01	0.00e+00	0.00e+00	0.00e+00
 1.51003e+22	0.00e+00	2.07e-31	2.86e-25	3.24e-20	1.00e-15	1.40e-11	6.24e-07	1.64e-03	9.98e-01	0.00e+00	0.00e+00	0.00e+00
 1.54423e+22	0.00e+00	2.85e-31	3.76e-25	4.08e-20	1.21e-15	1.61e-11	6.85e-07	1.72e-03	9.98e-01	0.00e+00	0.00e+00	0.00e+00
 1.58309e+22	0.00e+00	4.26e-31	5.32e-25	5.45e-20	1.52e-15	1.93e-11	7.70e-07	1.82e-03	9.98e-01	0.00e+00	0.00e+00	0.00e+00
 1.62263e+22	0.00e+00	5.97e-31	7.11e-25	6.95e-20	1.86e-15	2.24e-11	8.50e-07	1.91e-03	9.98e-01	0.00e+00	0.00e+00	0.00e+00
 1.65751e+22	0.00e+00	8.30e-31	9.44e-25	8.82e-20	2.25e-15	2.60e-11	9.36e-07	2.01e-03	9.98e-01	0.00e+00	0.00e+00	0.00e+00
 1.69172e+22	0.00e+00	1.14e-30	1.24e-24	1.11e-19	2.71e-15	2.99e-11	1.03e-06	2.10e-03	9.98e-01	0.00e+00	0.00e+00	0.00e+00
 1.73064e+22	0.00e+00	1.69e-30	1.75e-24	1.48e-19	3.42e-15	3.58e-11	1.15e-06	2.23e-03	9.98e-01	0.00e+00	0.00e+00	0.00e+00
 1.76751e+22	0.00e+00	2.29e-30	2.27e-24	1.85e-19	4.09e-15	4.09e-11	1.26e-06	2.33e-03	9.98e-01	0.00e+00	0.00e+00	0.00e+00
 1.79613e+22	0.00e+00	2.99e-30	2.85e-24	2.24e-19	4.77e-15	4.60e-11	1.36e-06	2.42e-03	9.98e-01	0.00e+00	0.00e+00	0.00e+00
 1.82774e+22	0.00e+00	4.07e-30	3.72e-24	2.80e-19	5.73e-15	5.29e-11	1.49e-06	2.53e-03	9.97e-01	0.00e+00	0.00e+00	0.00e+00
 1.86201e+22	0.00e+00	5.52e-30	4.84e-24	3.49e-19	6.84e-15	6.06e-11	1.63e-06	2.64e-03	9.97e-01	0.00e+00	0.00e+00	0.00e+00
 1.89400e+22	0.00e+00	7.45e-30	6.27e-24	4.33e-19	8.16e-15	6.93e-11	1.78e-06	2.76e-03	9.97e-01	0.00e+00	0.00e+00	0.00e+00
 1.92399e+22	0.00e+00	9.81e-30	7.94e-24	5.29e-19	9.58e-15	7.84e-11	1.93e-06	2.87e-03	9.97e-01	0.00e+00	0.00e+00	0.00e+00
 1.95715e+22	0.00e+00	1.35e-29	1.05e-23	6.69e-19	1.16e-14	9.07e-11	2.13e-06	3.01e-03	9.97e-01	0.00e+00	0.00e+00	0.00e+00
 1.99223e+22	0.00e+00	1.86e-29	1.38e-23	8.41e-19	1.40e-14	1.04e-10	2.33e-06	3.15e-03	9.97e-01	0.00e+00	0.00e+00	0.00e+00
 2.02319e+22	0.00e+00	2.47e-29	1.76e-23	1.03e-18	1.65e-14	1.19e-10	2.54e-06	3.29e-03	9.97e-01	0.00e+00	0.00e+00	0.00e+00
 2.05028e+22	0.00e+00	3.17e-29	2.18e-23	1.24e-18	1.91e-14	1.33e-10	2.73e-06	3.41e-03	9.97e-01	0.00e+00	0.00e+00	0.00e+00
 2.07509e+22	0.00e+00	3.97e-29	2.65e-23	1.46e-18	2.18e-14	1.47e-10	2.92e-06	3.52e-03	9.96e-01	0.00e+00	0.00e+00	0.00e+00
 2.10348e+22	0.00e+00	5.20e-29	3.35e-23	1.77e-18	2.56e-14	1.66e-10	3.16e-06	3.66e-03	9.96e-01	0.00e+00	0.00e+00	0.00e+00
 2.13425e+22	0.00e+00	6.85e-29	4.25e-23	2.17e-18	3.00e-14	1.88e-10	3.43e-06	3.81e-03	9.96e-01	0.00e+00	0.00e+00	0.00e+00
 2.16238e+22	0.00e+00	8.89e-29	5.32e-23	2.61e-18	3.50e-14	2.11e-10	3.70e-06	3.96e-03	9.96e-01	0.00e+00	0.00e+00	0.00e+00
 2.18899e+22	0.00e+00	1.14e-28	6.59e-23	3.13e-18	4.05e-14	2.36e-10	3.98e-06	4.10e-03	9.96e-01	0.00e+00	0.00e+00	0.00e+00
 2.21520e+22	0.00e+00	1.45e-28	8.12e-23	3.73e-18	4.67e-14	2.63e-10	4.28e-06	4.25e-03	9.96e-01	0.00e+00	0.00e+00	0.00e+00
 2.24517e+22	0.00e+00	1.94e-28	1.04e-22	4.60e-18	5.54e-14	3.00e-10	4.66e-06	4.43e-03	9.96e-01	0.00e+00	0.00e+00	0.00e+00
 2.27655e+22	0.00e+00	2.58e-28	1.33e-22	5.65e-18	6.54e-14	3.40e-10	5.07e-06	4.62e-03	9.95e-01	0.00e+00	0.00e+00	0.00e+00
 2.30369e+22	0.00e+00	3.30e-28	1.65e-22	6.76e-18	7.57e-14	3.80e-10	5.46e-06	4.79e-03	9.95e-01	0.00e+00	0.00e+00	0.00e+00
 2.33289e+22	0.00e+00	4.40e-28	2.11e-22	8.34e-18	8.97e-14	4.34e-10	5.94e-06	5.00e-03	9.95e-01	0.00e+00	0.00e+00	0.00e+00
 2.36188e+22	0.00e+00	5.66e-28	2.62e-22	1.00e-17	1.04e-13	4.85e-10	6.40e-06	5.18e-03	9.95e-01	0.00e+00	0.00e+00	0.00e+00
 2.38549e+22	0.00e+00	7.02e-28	3.15e-22	1.17e-17	1.18e-13	5.34e-10	6.82e-06	5.35e-03	9.95e-01	0.00e+00	0.00e+00	0.00e+00
 2.41110e+22	0.00e+00	9.00e-28	3.91e-22	1.40e-17	1.37e-13	5.98e-10	7.34e-06	5.55e-03	9.94e-01	0.00e+00	0.00e+00	0.00e+00
 2.43896e+22	0.00e+00	1.16e-27	4.86e-22	1.68e-17	1.59e-13	6.70e-10	7.92e-06	5.76e-03	9.94e-01	0.00e+00	0.00e+00	0.00e+00
 2.46452e+22	0.00e+00	1.46e-27	5.91e-22	1.98e-17	1.81e-13	7.42e-10	8.47e-06	5.95e-03	9.94e-01	0.00e+00	0.00e+00	0.00e+00
 2.49255e+22	0.00e+00	1.91e-27	7.48e-22	2.42e-17	2.13e-13	8.41e-10	9.19e-06	6.19e-03	9.94e-01	0.00e+00	0.00e+00	0.00e+00
 2.52112e+22	2.19e-34	2.46e-27	9.30e-22	2.90e-17	2.47e-13	9.41e-10	9.90e-06	6.43e-03	9.94e-01	0.00e+00	0.00e+00	0.00e+00
 2.54510e+22	2.81e-34	3.06e-27	1.12e-21	3.40e-17	2.81e-13	1.04e-09	1.06e-05	6.64e-03	9.93e-01	0.00e+00	0.00e+00	0.00e+00
 2.57095e+22	3.75e-34	3.94e-27	1.39e-21	4.08e-17	3.26e-13	1.16e-09	1.14e-05	6.89e-03	9.93e-01	0.00e+00	0.00e+00	0.00e+00
 2.59876e+22	5.01e-34	5.08e-27	1.73e-21	4.90e-17	3.78e-13	1.30e-09	1.23e-05	7.15e-03	9.93e-01	0.00e+00	0.00e+00	0.00e+00
 2.62406e+22	6.48e-34	6.36e-27	2.11e-21	5.77e-17	4.32e-13	1.44e-09	1.31e-05	7.39e-03	9.93e-01	0.00e+00	0.00e+00	0.00e+00
 2.64749e+22	8.30e-34	7.91e-27	2.54e-21	6.75e-17	4.91e-13	1.59e-09	1.40e-05	7.63e-03	9.92e-01	0.00e+00	0.00e+00	0.00e+00
 2.67010e+22	1.05e-33	9.70e-27	3.03e-21	7.84e-17	5.54e-13	1.75e-09	1.49e-05	7.86e-03	9.92e-01	0.00e+00	0.00e+00	0.00e+00
 2.69602e+22	1.39e-33	1.24e-26	3.75e-21	9.39e-17	6.42e-13	1.96e-09	1.61e-05	8.16e-03	9.92e-01	0.00e+00	0.00e+00	0.00e+00
 2.72356e+22	1.85e-33	1.59e-26	4.63e-21	1.12e-16	7.42e-13	2.18e-09	1.73e-05	8.46e-03	9.92e-01	0.00e+00	0.00e+00	0.00e+00
 2.74814e+22	2.40e-33	2.00e-26	5.64e-21	1.32e-16	8.48e-13	2.42e-09	1.85e-05	8.75e-03	9.91e-01	0.00e+00	0.00e+00	0.00e+00
 2.77501e+22	3.23e-33	2.60e-26	7.07e-21	1.60e-16	9.91e-13	2.73e-09	2.00e-05	9.09e-03	9.91e-01	0.00e+00	0.00e+00	0.00e+00
 2.80352e+22	4.35e-33	3.37e-26	8.83e-21	1.93e-16	1.15e-12	3.06e-09	2.16e-05	9.45e-03	9.91e-01	0.00e+00	0.00e+00	0.00e+00
 2.82767e+22	5.58e-33	4.19e-26	1.06e-20	2.26e-16	1.31e-12	3.37e-09	2.31e-05	9.76e-03	9.90e-01	0.00e+00	0.00e+00	0.00e+00
 2.85256e+22	7.38e-33	5.35e-26	1.31e-20	2.70e-16	1.51e-12	3.77e-09	2.48e-05	1.01e-02	9.90e-01	0.00e+00	0.00e+00	0.00e+00
 2.87913e+22	9.69e-33	6.79e-26	1.61e-20	3.20e-16	1.74e-12	4.19e-09	2.67e-05	1.05e-02	9.89e-01	0.00e+00	0.00e+00	0.00e+00
 2.90336e+22	1.25e-32	8.49e-26	1.95e-20	3.76e-16	1.98e-12	4.62e-09	2.85e-05	1.08e-02	9.89e-01	0.00e+00	0.00e+00	0.00e+00
 2.93035e+22	1.70e-32	1.11e-25	2.46e-20	4.56e-16	2.32e-12	5.21e-09	3.09e-05	1.13e-02	9.89e-01	0.00e+00	0.00e+00	0.00e+00
 2.95870e+22	2.31e-32	1.45e-25	3.09e-20	5.53e-16	2.70e-12	5.85e-09	3.34e-05	1.17e-02	9.88e-01	0.00e+00	0.00e+00	0.00e+00
 2.98212e+22	2.90e-32	1.77e-25	3.67e-20	6.39e-16	3.04e-12	6.41e-09	3.55e-05	1.21e-02	9.88e-01	0.00e+00	0.00e+00	0.00e+00
 3.00586e+22	3.84e-32	2.26e-25	4.52e-20	7.61e-16	3.50e-12	7.14e-09	3.82e-05	1.25e-02	9.87e-01	0.00e+00	0.00e+00	0.00e+00
 3.03139e+22	5.00e-32	2.84e-25	5.51e-20	8.99e-16	4.01e-12	7.90e-09	4.09e-05	1.30e-02	9.87e-01	0.00e+00	0.00e+00	0.00e+00
 3.05526e+22	6.48e-32	3.56e-25	6.68e-20	1.06e-15	4.56e-12	8.72e-09	4.38e-05	1.34e-02	9.87e-01	0.00e+00	0.00e+00	0.00e+00
 3.08230e+22	8.86e-32	4.68e-25	8.44e-20	1.29e-15	5.35e-12	9.83e-09	4.75e-05	1.40e-02	9.86e-01	0.00e+00	0.00e+00	0.00e+00
 3.11029e+22	1.21e-31	6.12e-25	1.06e-19	1.56e-15	6.23e-12	1.10e-08	5.14e-05	1.45e-02	9.85e-01	0.00e+00	0.00e+00	0.00e+00
 3.13297e+22	1.51e-31	7.46e-25	1.26e-19	1.79e-15	6.99e-12	1.20e-08	5.45e-05	1.50e-02	9.85e-01	0.00e+00	0.00e+00	0.00e+00
 3.15590e+22	2.01e-31	9.56e-25	1.55e-19	2.14e-15	8.06e-12	1.34e-08	5.87e-05	1.55e-02	9.84e-01	0.00e+00	0.00e+00	0.00e+00
 3.18033e+22	2.62e-31	1.20e-24	1.89e-19	2.52e-15	9.18e-12	1.47e-08	6.28e-05	1.61e-02	9.84e-01	0.00e+00	0.00e+00	0.00e+00
 3.20310e+22	3.39e-31	1.50e-24	2.28e-19	2.95e-15	1.04e-11	1.62e-08	6.71e-05	1.66e-02	9.83e-01	0.00e+00	0.00e+00	0.00e+00
 3.22910e+22	4.72e-31	2.00e-24	2.92e-19	3.62e-15	1.23e-11	1.83e-08	7.30e-05	1.73e-02	9.83e-01	0.00e+00	0.00e+00	0.00e+00
 3.25539e+22	6.24e-31	2.55e-24	3.59e-19	4.30e-15	1.41e-11	2.02e-08	7.83e-05	1.80e-02	9.82e-01	0.00e+00	0.00e+00	0.00e+00
 3.27741e+22	8.07e-31	3.19e-24	4.33e-19	5.03e-15	1.59e-11	2.22e-08	8.36e-05	1.86e-02	9.81e-01	0.00e+00	0.00e+00	0.00e+00
 3.29805e+22	1.02e-30	3.91e-24	5.16e-19	5.82e-15	1.79e-11	2.42e-08	8.88e-05	1.91e-02	9.81e-01	0.00e+00	0.00e+00	0.00e+00
 3.32152e+22	1.38e-30	5.08e-24	6.45e-19	7.00e-15	2.07e-11	2.70e-08	9.58e-05	1.99e-02	9.80e-01	0.00e+00	0.00e+00	0.00e+00
 3.34608e+22	1.83e-30	6.48e-24	7.92e-19	8.31e-15	2.37e-11	2.98e-08	1.03e-04	2.06e-02	9.79e-01	0.00e+00	0.00e+00	0.00e+00
 3.36800e+22	2.40e-30	8.18e-24	9.65e-19	9.78e-15	2.70e-11	3.27e-08	1.10e-04	2.13e-02	9.79e-01	0.00e+00	0.00e+00	0.00e+00
 3.39248e+22	3.34e-30	1.09e-23	1.23e-18	1.20e-14	3.16e-11	3.67e-08	1.19e-04	2.22e-02	9.78e-01	0.00e+00	0.00e+00	0.00e+00
 3.41659e+22	4.38e-30	1.38e-23	1.50e-18	1.41e-14	3.60e-11	4.03e-08	1.28e-04	2.30e-02	9.77e-01	0.00e+00	0.00e+00	0.00e+00
 3.43653e+22	5.58e-30	1.70e-23	1.79e-18	1.63e-14	4.04e-11	4.39e-08	1.36e-04	2.37e-02	9.76e-01	0.00e+00	0.00e+00	0.00e+00
 3.45875e+22	7.61e-30	2.22e-23	2.25e-18	1.97e-14	4.69e-11	4.88e-08	1.46e-04	2.47e-02	9.75e-01	0.00e+00	0.00e+00	0.00e+00
 3.48178e+22	1.01e-29	2.83e-23	2.76e-18	2.33e-14	5.35e-11	5.37e-08	1.57e-04	2.55e-02	9.74e-01	0.00e+00	0.00e+00	0.00e+00
 3.50224e+22	1.31e-29	3.53e-23	3.33e-18	2.73e-14	6.05e-11	5.87e-08	1.67e-04	2.64e-02	9.73e-01	0.00e+00	0.00e+00	0.00e+00
 3.52523e+22	1.82e-29	4.71e-23	4.25e-18	3.33e-14	7.07e-11	6.57e-08	1.81e-04	2.75e-02	9.72e-01	0.00e+00	0.00e+00	0.00e+00
 3.54807e+22	2.42e-29	6.01e-23	5.22e-18	3.95e-14	8.07e-11	7.22e-08	1.94e-04	2.85e-02	9.71e-01	0.00e+00	0.00e+00	0.00e+00
 3.56701e+22	3.09e-29	7.43e-23	6.25e-18	4.58e-14	9.07e-11	7.85e-08	2.06e-04	2.94e-02	9.70e-01	0.00e+00	0.00e+00	0.00e+00
 3.58791e+22	4.20e-29	9.68e-23	7.81e-18	5.50e-14	1.05e-10	8.69e-08	2.22e-04	3.05e-02	9.69e-01	0.00e+00	0.00e+00	0.00e+00
 3.60991e+22	5.56e-29	1.23e-22	9.58e-18	6.51e-14	1.19e-10	9.55e-08	2.37e-04	3.15e-02	9.68e-01	0.00e+00	0.00e+00	0.00e+00
 3.62991e+22	7.39e-29	1.58e-22	1.18e-17	7.72e-14	1.36e-10	1.05e-07	2.54e-04	3.27e-02	9.67e-01	0.00e+00	0.00e+00	0.00e+00
 3.64927e+22	9.63e-29	1.98e-22	1.43e-17	9.05e-14	1.54e-10	1.15e-07	2.70e-04	3.37e-02	9.66e-01	0.00e+00	0.00e+00	0.00e+00
 3.66818e+22	1.25e-28	2.48e-22	1.73e-17	1.06e-13	1.75e-10	1.25e-07	2.88e-04	3.48e-02	9.65e-01	0.00e+00	0.00e+00	0.00e+00
 3.68975e+22	1.75e-28	3.31e-22	2.21e-17	1.30e-13	2.04e-10	1.40e-07	3.12e-04	3.63e-02	9.63e-01	0.00e+00	0.00e+00	0.00e+00
 3.71171e+22	2.35e-28	4.26e-22	2.73e-17	1.55e-13	2.34e-10	1.54e-07	3.34e-04	3.75e-02	9.62e-01	0.00e+00	0.00e+00	0.00e+00
 3.73043e+22	3.05e-28	5.35e-22	3.31e-17	1.81e-13	2.65e-10	1.68e-07	3.56e-04	3.87e-02	9.61e-01	0.00e+00	0.00e+00	0.00e+00
 3.75099e+22	4.25e-28	7.11e-22	4.21e-17	2.21e-13	3.09e-10	1.88e-07	3.85e-04	4.03e-02	9.59e-01	0.00e+00	0.00e+00	0.00e+00
 3.77219e+22	5.69e-28	9.15e-22	5.21e-17	2.63e-13	3.54e-10	2.07e-07	4.12e-04	4.17e-02	9.58e-01	0.00e+00	0.00e+00	0.00e+00
 3.79100e+22	7.54e-28	1.17e-21	6.40e-17	3.12e-13	4.04e-10	2.27e-07	4.40e-04	4.31e-02	9.56e-01	0.00e+00	0.00e+00	0.00e+00
 3.81224e+22	1.06e-27	1.57e-21	8.24e-17	3.84e-13	4.75e-10	2.55e-07	4.77e-04	4.49e-02	9.55e-01	0.00e+00	0.00e+00	0.00e+00
 3.83372e+22	1.44e-27	2.04e-21	1.03e-16	4.60e-13	5.47e-10	2.82e-07	5.11e-04	4.65e-02	9.53e-01	0.00e+00	0.00e+00	0.00e+00
 3.85224e+22	1.91e-27	2.60e-21	1.26e-16	5.45e-13	6.24e-10	3.09e-07	5.46e-04	4.80e-02	9.51e-01	0.00e+00	0.00e+00	0.00e+00
 3.87304e+22	2.70e-27	3.51e-21	1.63e-16	6.73e-13	7.36e-10	3.48e-07	5.92e-04	5.00e-02	9.49e-01	0.00e+00	0.00e+00	0.00e+00
 3.89470e+22	3.73e-27	4.64e-21	2.06e-16	8.18e-13	8.56e-10	3.87e-07	6.38e-04	5.19e-02	9.47e-01	0.00e+00	0.00e+00	0.00e+00
 3.91412e+22	4.99e-27	5.97e-21	2.55e-16	9.76e-13	9.82e-10	4.27e-07	6.82e-04	5.36e-02	9.46e-01	0.00e+00	0.00e+00	0.00e+00
 3.93267e+22	6.75e-27	7.74e-21	3.18e-16	1.17e-12	1.13e-09	4.71e-07	7.31e-04	5.55e-02	9.44e-01	0.00e+00	0.00e+00	0.00e+00
 3.95032e+22	8.85e-27	9.78e-21	3.88e-16	1.38e-12	1.29e-09	5.16e-07	7.78e-04	5.72e-02	9.42e-01	0.00e+00	0.00e+00	0.00e+00
 3.97011e+22	1.28e-26	1.35e-20	5.08e-16	1.73e-12	1.53e-09	5.83e-07	8.45e-04	5.96e-02	9.40e-01	0.00e+00	0.00e+00	0.00e+00
 3.99002e+22	1.73e-26	1.75e-20	6.33e-16	2.07e-12	1.76e-09	6.44e-07	9.04e-04	6.16e-02	9.37e-01	0.00e+00	0.00e+00	0.00e+00
 4.00613e+22	2.22e-26	2.17e-20	7.62e-16	2.41e-12	1.98e-09	7.00e-07	9.57e-04	6.33e-02	9.36e-01	0.00e+00	0.00e+00	0.00e+00
 4.02004e+22	2.82e-26	2.67e-20	9.07e-16	2.78e-12	2.21e-09	7.57e-07	1.01e-03	6.50e-02	9.34e-01	0.00e+00	0.00e+00	0.00e+00
 4.03287e+22	3.51e-26	3.22e-20	1.06e-15	3.18e-12	2.45e-09	8.14e-07	1.06e-03	6.65e-02	9.32e-01	0.00e+00	0.00e+00	0.00e+00
 4.04735e+22	4.62e-26	4.09e-20	1.30e-15	3.75e-12	2.79e-09	8.91e-07	1.13e-03	6.85e-02	9.30e-01	0.00e+00	0.00e+00	0.00e+00
 4.06237e+22	5.88e-26	5.03e-20	1.56e-15	4.34e-12	3.13e-09	9.65e-07	1.19e-03	7.03e-02	9.28e-01	0.00e+00	0.00e+00	0.00e+00
 4.07527e+22	7.38e-26	6.13e-20	1.84e-15	4.99e-12	3.48e-09	1.04e-06	1.25e-03	7.20e-02	9.27e-01	0.00e+00	0.00e+00	0.00e+00
 4.08717e+22	9.14e-26	7.38e-20	2.15e-15	5.68e-12	3.85e-09	1.12e-06	1.31e-03	7.37e-02	9.25e-01	0.00e+00	0.00e+00	0.00e+00
 4.10059e+22	1.19e-25	9.24e-20	2.61e-15	6.66e-12	4.35e-09	1.22e-06	1.38e-03	7.58e-02	9.23e-01	0.00e+00	0.00e+00	0.00e+00
 4.11398e+22	1.47e-25	1.11e-19	3.06e-15	7.59e-12	4.82e-09	1.31e-06	1.45e-03	7.75e-02	9.21e-01	0.00e+00	0.00e+00	0.00e+00
 4.12534e+22	1.83e-25	1.35e-19	3.59e-15	8.67e-12	5.34e-09	1.40e-06	1.52e-03	7.92e-02	9.19e-01	0.00e+00	0.00e+00	0.00e+00
 4.13636e+22	2.27e-25	1.62e-19	4.20e-15	9.88e-12	5.90e-09	1.51e-06	1.59e-03	8.10e-02	9.17e-01	0.00e+00	0.00e+00	0.00e+00
 4.14891e+22	2.95e-25	2.03e-19	5.09e-15	1.16e-11	6.67e-09	1.64e-06	1.68e-03	8.32e-02	9.15e-01	0.00e+00	0.00e+00	0.00e+00
 4.16177e+22	3.75e-25	2.51e-19	6.08e-15	1.34e-11	7.47e-09	1.77e-06	1.77e-03	8.52e-02	9.13e-01	0.00e+00	0.00e+00	0.00e+00
 4.17285e+22	4.64e-25	3.02e-19	7.12e-15	1.53e-11	8.26e-09	1.90e-06	1.85e-03	8.71e-02	9.11e-01	0.00e+00	0.00e+00	0.00e+00
 4.18313e+22	5.71e-25	3.61e-19	8.28e-15	1.73e-11	9.09e-09	2.04e-06	1.94e-03	8.89e-02	9.09e-01	0.00e+00	0.00e+00	0.00e+00
 4.19299e+22	6.98e-25	4.30e-19	9.62e-15	1.96e-11	9.99e-09	2.17e-06	2.02e-03	9.07e-02	9.07e-01	0.00e+00	0.00e+00	0.00e+00
 4.20429e+22	9.02e-25	5.37e-19	1.16e-14	2.29e-11	1.13e-08	2.36e-06	2.13e-03	9.30e-02	9.05e-01	0.00e+00	0.00e+00	0.00e+00
 4.21577e+22	1.14e-24	6.56e-19	1.38e-14	2.63e-11	1.25e-08	2.55e-06	2.23e-03	9.52e-02	9.03e-01	0.00e+00	0.00e+00	0.00e+00
 4.22561e+22	1.40e-24	7.84e-19	1.60e-14	2.98e-11	1.38e-08	2.72e-06	2.33e-03	9.71e-02	9.01e-01	0.00e+00	0.00e+00	0.00e+00
 4.23650e+22	1.82e-24	9.87e-19	1.95e-14	3.50e-11	1.56e-08	2.96e-06	2.46e-03	9.96e-02	8.98e-01	0.00e+00	0.00e+00	0.00e+00
 4.24771e+22	2.31e-24	1.21e-18	2.32e-14	4.04e-11	1.74e-08	3.20e-06	2.58e-03	1.02e-01	8.96e-01	0.00e+00	0.00e+00	0.00e+00
 4.25760e+22	2.88e-24	1.47e-18	2.73e-14	4.63e-11	1.93e-08	3.43e-06	2.70e-03	1.04e-01	8.93e-01	0.00e+00	0.00e+00	0.00e+00
 4.26874e+22	3.87e-24	1.90e-18	3.40e-14	5.53e-11	2.22e-08	3.77e-06	2.87e-03	1.07e-01	8.90e-01	0.00e+00	0.00e+00	0.00e+00
 4.28001e+22	4.92e-24	2.34e-18	4.06e-14	6.40e-11	2.48e-08	4.07e-06	3.01e-03	1.09e-01	8.88e-01	0.00e+00	0.00e+00	0.00e+00
 4.28962e+22	6.12e-24	2.82e-18	4.76e-14	7.30e-11	2.74e-08	4.37e-06	3.14e-03	1.12e-01	8.85e-01	0.00e+00	0.00e+00	0.00e+00
 4.30030e+22	8.44e-24	3.73e-18	6.03e-14	8.87e-11	3.18e-08	4.83e-06	3.35e-03	1.15e-01	8.82e-01	0.00e+00	0.00e+00	0.00e+00
 4.31080e+22	1.04e-23	4.49e-18	7.06e-14	1.01e-10	3.51e-08	5.17e-06	3.49e-03	1.17e-01	8.79e-01	0.00e+00	0.00e+00	0.00e+00
 4.32104e+22	1.43e-23	5.89e-18	8.89e-14	1.22e-10	4.05e-08	5.70e-06	3.71e-03	1.21e-01	8.76e-01	0.00e+00	0.00e+00	0.00e+00
 4.33109e+22	1.76e-23	7.06e-18	1.04e-13	1.38e-10	4.46e-08	6.09e-06	3.87e-03	1.23e-01	8.73e-01	0.00e+00	0.00e+00	0.00e+00
 4.34088e+22	2.41e-23	9.28e-18	1.31e-13	1.67e-10	5.16e-08	6.72e-06	4.11e-03	1.26e-01	8.70e-01	0.00e+00	0.00e+00	0.00e+00
 4.35065e+22	3.00e-23	1.12e-17	1.54e-13	1.91e-10	5.70e-08	7.20e-06	4.29e-03	1.29e-01	8.67e-01	0.00e+00	0.00e+00	0.00e+00
 4.36040e+22	4.14e-23	1.48e-17	1.95e-13	2.32e-10	6.61e-08	7.96e-06	4.56e-03	1.33e-01	8.63e-01	0.00e+00	0.00e+00	0.00e+00
 4.37022e+22	5.22e-23	1.82e-17	2.31e-13	2.67e-10	7.36e-08	8.57e-06	4.77e-03	1.35e-01	8.60e-01	0.00e+00	0.00e+00	0.00e+00
 4.38014e+22	7.32e-23	2.43e-17	2.96e-13	3.27e-10	8.58e-08	9.51e-06	5.09e-03	1.39e-01	8.56e-01	0.00e+00	0.00e+00	0.00e+00
 4.39014e+22	9.31e-23	3.00e-17	3.54e-13	3.79e-10	9.58e-08	1.03e-05	5.33e-03	1.42e-01	8.52e-01	0.00e+00	0.00e+00	0.00e+00
 4.40024e+22	1.30e-22	4.01e-17	4.53e-13	4.63e-10	1.12e-07	1.14e-05	5.69e-03	1.46e-01	8.48e-01	0.00e+00	0.00e+00	0.00e+00
 4.41026e+22	1.68e-22	4.99e-17	5.45e-13	5.40e-10	1.25e-07	1.23e-05	5.97e-03	1.50e-01	8.44e-01	0.00e+00	0.00e+00	0.00e+00
 4.42018e+22	2.34e-22	6.68e-17	6.98e-13	6.61e-10	1.46e-07	1.37e-05	6.36e-03	1.54e-01	8.40e-01	0.00e+00	0.00e+00	0.00e+00
 4.43028e+22	3.07e-22	8.43e-17	8.51e-13	7.77e-10	1.65e-07	1.49e-05	6.70e-03	1.58e-01	8.36e-01	0.00e+00	0.00e+00	0.00e+00
 4.44062e+22	4.37e-22	1.15e-16	1.10e-12	9.62e-10	1.94e-07	1.66e-05	7.17e-03	1.63e-01	8.30e-01	0.00e+00	0.00e+00	0.00e+00
 4.45103e+22	5.74e-22	1.45e-16	1.35e-12	1.13e-09	2.20e-07	1.81e-05	7.55e-03	1.66e-01	8.26e-01	0.00e+00	0.00e+00	0.00e+00
 4.46151e+22	8.24e-22	1.99e-16	1.76e-12	1.41e-09	2.60e-07	2.02e-05	8.09e-03	1.72e-01	8.20e-01	0.00e+00	0.00e+00	0.00e+00
 4.47206e+22	1.09e-21	2.52e-16	2.16e-12	1.66e-09	2.95e-07	2.20e-05	8.53e-03	1.76e-01	8.16e-01	0.00e+00	0.00e+00	0.00e+00
 4.48122e+22	1.43e-21	3.20e-16	2.63e-12	1.96e-09	3.34e-07	2.40e-05	8.99e-03	1.80e-01	8.11e-01	0.00e+00	0.00e+00	0.00e+00
 4.49164e+22	2.04e-21	4.36e-16	3.43e-12	2.44e-09	3.94e-07	2.68e-05	9.64e-03	1.85e-01	8.05e-01	0.00e+00	0.00e+00	0.00e+00
 4.50195e+22	2.62e-21	5.42e-16	4.12e-12	2.83e-09	4.42e-07	2.90e-05	1.01e-02	1.89e-01	8.01e-01	0.00e+00	0.00e+00	0.00e+00
 4.51210e+22	3.65e-21	7.22e-16	5.26e-12	3.46e-09	5.15e-07	3.23e-05	1.08e-02	1.95e-01	7.95e-01	0.00e+00	0.00e+00	0.00e+00
 4.52257e+22	4.78e-21	9.12e-16	6.41e-12	4.07e-09	5.84e-07	3.51e-05	1.14e-02	1.99e-01	7.90e-01	0.00e+00	0.00e+00	0.00e+00
 4.53343e+22	6.72e-21	1.23e-15	8.25e-12	5.01e-09	6.84e-07	3.92e-05	1.22e-02	2.05e-01	7.83e-01	0.00e+00	0.00e+00	0.00e+00
 4.54450e+22	8.81e-21	1.55e-15	1.01e-11	5.90e-09	7.76e-07	4.27e-05	1.28e-02	2.10e-01	7.77e-01	0.00e+00	0.00e+00	0.00e+00
 4.55583e+22	1.24e-20	2.09e-15	1.30e-11	7.28e-09	9.12e-07	4.78e-05	1.37e-02	2.16e-01	7.70e-01	0.00e+00	0.00e+00	0.00e+00
 4.56739e+22	1.62e-20	2.63e-15	1.58e-11	8.56e-09	1.03e-06	5.21e-05	1.45e-02	2.21e-01	7.65e-01	0.00e+00	0.00e+00	0.00e+00
 4.57925e+22	2.29e-20	3.55e-15	2.04e-11	1.06e-08	1.21e-06	5.83e-05	1.55e-02	2.27e-01	7.57e-01	0.00e+00	0.00e+00	0.00e+00
 4.59132e+22	2.98e-20	4.46e-15	2.47e-11	1.24e-08	1.38e-06	6.36e-05	1.64e-02	2.32e-01	7.51e-01	0.00e+00	0.00e+00	0.00e+00
 4.60364e+22	4.19e-20	5.99e-15	3.18e-11	1.53e-08	1.62e-06	7.11e-05	1.76e-02	2.39e-01	7.43e-01	0.00e+00	0.00e+00	0.00e+00
 4.61603e+22	5.40e-20	7.46e-15	3.84e-11	1.78e-08	1.82e-06	7.73e-05	1.85e-02	2.44e-01	7.37e-01	0.00e+00	0.00e+00	0.00e+00
 4.62853e+22	7.52e-20	9.94e-15	4.90e-11	2.18e-08	2.14e-06	8.63e-05	1.98e-02	2.51e-01	7.29e-01	0.00e+00	0.00e+00	0.00e+00
 4.64063e+22	9.34e-20	1.20e-14	5.75e-11	2.50e-08	2.37e-06	9.29e-05	2.07e-02	2.56e-01	7.23e-01	0.00e+00	0.00e+00	0.00e+00
 4.65222e+22	1.25e-19	1.55e-14	7.14e-11	2.99e-08	2.73e-06	1.03e-04	2.20e-02	2.62e-01	7.16e-01	0.00e+00	0.00e+00	0.00e+00
 4.66412e+22	1.57e-19	1.88e-14	8.44e-11	3.43e-08	3.04e-06	1.11e-04	2.30e-02	2.67e-01	7.10e-01	0.00e+00	0.00e+00	0.00e+00
 4.67640e+22	2.12e-19	2.44e-14	1.06e-10	4.13e-08	3.52e-06	1.23e-04	2.45e-02	2.74e-01	7.01e-01	0.00e+00	0.00e+00	0.00e+00
 4.68884e+22	2.63e-19	2.95e-14	1.24e-10	4.73e-08	3.92e-06	1.32e-04	2.57e-02	2.79e-01	6.95e-01	0.00e+00	0.00e+00	0.00e+00
 4.70148e+22	3.51e-19	3.79e-14	1.54e-10	5.65e-08	4.51e-06	1.46e-04	2.73e-02	2.86e-01	6.87e-01	0.00e+00	0.00e+00	0.00e+00
 4.71401e+22	4.35e-19	4.56e-14	1.80e-10	6.45e-08	5.00e-06	1.57e-04	2.85e-02	2.91e-01	6.80e-01	0.00e+00	0.00e+00	0.00e+00
 4.72642e+22	5.76e-19	5.82e-14	2.22e-10	7.68e-08	5.74e-06	1.73e-04	3.03e-02	2.98e-01	6.72e-01	0.00e+00	0.00e+00	0.00e+00
 4.73895e+22	7.04e-19	6.93e-14	2.57e-10	8.70e-08	6.34e-06	1.85e-04	3.16e-02	3.03e-01	6.66e-01	0.00e+00	0.00e+00	0.00e+00
 4.75164e+22	9.27e-19	8.80e-14	3.16e-10	1.03e-07	7.25e-06	2.04e-04	3.35e-02	3.09e-01	6.57e-01	0.00e+00	0.00e+00	0.00e+00
 4.76457e+22	1.14e-18	1.05e-13	3.68e-10	1.17e-07	8.03e-06	2.19e-04	3.49e-02	3.14e-01	6.50e-01	0.00e+00	0.00e+00	0.00e+00
 4.77782e+22	1.50e-18	1.34e-13	4.51e-10	1.39e-07	9.20e-06	2.41e-04	3.70e-02	3.21e-01	6.41e-01	0.00e+00	0.00e+00	0.00e+00
 4.79131e+22	1.84e-18	1.60e-13	5.26e-10	1.58e-07	1.02e-05	2.59e-04	3.87e-02	3.27e-01	6.34e-01	0.00e+00	0.00e+00	0.00e+00
 4.80512e+22	2.42e-18	2.03e-13	6.47e-10	1.88e-07	1.17e-05	2.85e-04	4.10e-02	3.34e-01	6.25e-01	0.00e+00	0.00e+00	0.00e+00
 4.81918e+22	2.98e-18	2.43e-13	7.55e-10	2.14e-07	1.30e-05	3.07e-04	4.29e-02	3.39e-01	6.18e-01	0.00e+00	0.00e+00	0.00e+00
 4.83358e+22	3.93e-18	3.09e-13	9.28e-10	2.55e-07	1.49e-05	3.39e-04	4.55e-02	3.46e-01	6.08e-01	0.00e+00	0.00e+00	0.00e+00
 4.84766e+22	4.72e-18	3.63e-13	1.06e-09	2.86e-07	1.63e-05	3.61e-04	4.73e-02	3.51e-01	6.01e-01	0.00e+00	0.00e+00	0.00e+00
 4.86130e+22	6.12e-18	4.55e-13	1.29e-09	3.37e-07	1.86e-05	3.96e-04	5.00e-02	3.58e-01	5.92e-01	0.00e+00	0.00e+00	0.00e+00
 4.87517e+22	7.35e-18	5.33e-13	1.48e-09	3.78e-07	2.04e-05	4.23e-04	5.19e-02	3.63e-01	5.85e-01	0.00e+00	0.00e+00	0.00e+00
 4.88931e+22	9.45e-18	6.64e-13	1.79e-09	4.42e-07	2.31e-05	4.62e-04	5.48e-02	3.69e-01	5.75e-01	0.00e+00	0.00e+00	0.00e+00
 4.90390e+22	1.16e-17	7.92e-13	2.08e-09	5.02e-07	2.56e-05	4.97e-04	5.72e-02	3.75e-01	5.67e-01	0.00e+00	0.00e+00	0.00e+00
 4.91905e+22	1.49e-17	9.86e-13	2.51e-09	5.88e-07	2.90e-05	5.43e-04	6.03e-02	3.81e-01	5.58e-01	0.00e+00	0.00e+00	0.00e+00
 4.93470e+22	1.84e-17	1.19e-12	2.94e-09	6.73e-07	3.23e-05	5.86e-04	6.31e-02	3.87e-01	5.49e-01	0.00e+00	0.00e+00	0.00e+00
 4.95100e+22	2.39e-17	1.49e-12	3.58e-09	7.93e-07	3.68e-05	6.43e-04	6.66e-02	3.94e-01	5.39e-01	2.39e-17	6.01e-28	6.39e-28
 4.96774e+22	2.97e-17	1.80e-12	4.22e-09	9.09e-07	4.11e-05	6.95e-04	6.97e-02	4.00e-01	5.30e-01	2.97e-17	5.60e-26	7.06e-26
 4.98507e+22	3.89e-17	2.28e-12	5.15e-09	1.08e-06	4.70e-05	7.65e-04	7.37e-02	4.07e-01	5.19e-01	3.89e-17	7.33e-26	9.23e-26
 5.00296e+22	4.88e-17	2.77e-12	6.11e-09	1.24e-06	5.27e-05	8.29e-04	7.73e-02	4.12e-01	5.09e-01	4.88e-17	9.20e-26	1.16e-25
 5.02160e+22	6.46e-17	3.54e-12	7.54e-09	1.48e-06	6.06e-05	9.15e-04	8.19e-02	4.19e-01	4.98e-01	6.46e-17	1.22e-25	1.53e-25
 5.04074e+22	8.17e-17	4.35e-12	8.99e-09	1.72e-06	6.82e-05	9.95e-04	8.59e-02	4.25e-01	4.88e-01	8.17e-17	1.54e-25	1.94e-25
 5.05794e+22	1.02e-16	5.27e-12	1.06e-08	1.97e-06	7.61e-05	1.08e-03	8.99e-02	4.31e-01	4.78e-01	1.02e-16	1.92e-25	2.42e-25
 5.07770e+22	1.38e-16	6.85e-12	1.33e-08	2.38e-06	8.86e-05	1.20e-03	9.56e-02	4.38e-01	4.65e-01	1.38e-16	2.60e-25	3.27e-25
 5.09759e+22	1.72e-16	8.30e-12	1.57e-08	2.74e-06	9.88e-05	1.29e-03	9.99e-02	4.43e-01	4.56e-01	1.72e-16	3.24e-25	4.08e-25
 5.11762e+22	2.30e-16	1.07e-11	1.95e-08	3.29e-06	1.15e-04	1.43e-03	1.06e-01	4.50e-01	4.43e-01	2.30e-16	4.34e-25	5.47e-25
 5.13809e+22	2.91e-16	1.32e-11	2.33e-08	3.82e-06	1.29e-04	1.56e-03	1.11e-01	4.55e-01	4.33e-01	2.91e-16	5.50e-25	6.93e-25
 5.15911e+22	3.94e-16	1.71e-11	2.92e-08	4.61e-06	1.50e-04	1.73e-03	1.18e-01	4.61e-01	4.19e-01	3.94e-16	7.44e-25	9.37e-25
 5.18045e+22	5.02e-16	2.12e-11	3.50e-08	5.38e-06	1.70e-04	1.89e-03	1.24e-01	4.66e-01	4.08e-01	5.02e-16	9.49e-25	1.19e-24
 5.20222e+22	6.88e-16	2.78e-11	4.44e-08	6.56e-06	1.99e-04	2.11e-03	1.32e-01	4.72e-01	3.94e-01	6.88e-16	1.30e-24	1.64e-24
 5.22410e+22	8.74e-16	3.43e-11	5.31e-08	7.63e-06	2.24e-04	2.30e-03	1.38e-01	4.76e-01	3.83e-01	8.74e-16	1.65e-24	2.08e-24
 5.24225e+22	1.09e-15	4.14e-11	6.25e-08	8.75e-06	2.50e-04	2.48e-03	1.44e-01	4.80e-01	3.73e-01	1.09e-15	2.05e-24	2.58e-24
 5.26200e+22	1.44e-15	5.31e-11	7.74e-08	1.05e-05	2.90e-04	2.75e-03	1.52e-01	4.85e-01	3.60e-01	1.44e-15	2.73e-24	3.44e-24
 5.28167e+22	1.78e-15	6.38e-11	9.06e-08	1.20e-05	3.22e-04	2.96e-03	1.58e-01	4.88e-01	3.51e-01	1.78e-15	3.37e-24	4.24e-24
 5.30124e+22	2.36e-15	8.14e-11	1.12e-07	1.43e-05	3.73e-04	3.27e-03	1.67e-01	4.92e-01	3.38e-01	2.36e-15	4.46e-24	5.62e-24
 5.32106e+22	2.92e-15	9.82e-11	1.32e-07	1.64e-05	4.16e-04	3.54e-03	1.74e-01	4.94e-01	3.28e-01	2.92e-15	5.54e-24	6.97e-24
 5.34123e+22	3.89e-15	1.26e-10	1.63e-07	1.98e-05	4.84e-04	3.93e-03	1.84e-01	4.98e-01	3.14e-01	3.89e-15	7.38e-24	9.28e-24
 5.36164e+22	4.84e-15	1.53e-10	1.93e-07	2.27e-05	5.42e-04	4.25e-03	1.92e-01	5.00e-01	3.04e-01	4.84e-15	9.18e-24	1.15e-23
 5.38237e+22	6.45e-15	1.96e-10	2.40e-07	2.74e-05	6.31e-04	4.73e-03	2.02e-01	5.02e-01	2.91e-01	6.45e-15	1.22e-23	1.54e-23
 5.40350e+22	8.09e-15	2.39e-10	2.85e-07	3.18e-05	7.13e-04	5.15e-03	2.11e-01	5.03e-01	2.80e-01	8.09e-15	1.54e-23	1.93e-23
 5.42516e+22	1.08e-14	3.09e-10	3.57e-07	3.86e-05	8.36e-04	5.75e-03	2.24e-01	5.04e-01	2.66e-01	1.08e-14	2.06e-23	2.59e-23
 5.44725e+22	1.37e-14	3.78e-10	4.26e-07	4.50e-05	9.48e-04	6.28e-03	2.34e-01	5.04e-01	2.55e-01	1.37e-14	2.60e-23	3.27e-23
 5.46991e+22	1.84e-14	4.90e-10	5.36e-07	5.49e-05	1.12e-03	7.06e-03	2.47e-01	5.04e-01	2.40e-01	1.84e-14	3.50e-23	4.40e-23
 5.49275e+22	2.31e-14	5.98e-10	6.39e-07	6.40e-05	1.27e-03	7.72e-03	2.58e-01	5.03e-01	2.30e-01	2.31e-14	4.40e-23	5.53e-23
 5.51194e+22	2.83e-14	7.15e-10	7.49e-07	7.36e-05	1.43e-03	8.38e-03	2.69e-01	5.02e-01	2.20e-01	2.83e-14	5.39e-23	6.78e-23
 5.53271e+22	3.64e-14	8.93e-10	9.13e-07	8.77e-05	1.66e-03	9.30e-03	2.82e-01	4.99e-01	2.07e-01	3.64e-14	6.95e-23	8.73e-23
 5.55365e+22	4.44e-14	1.06e-09	1.07e-06	1.01e-04	1.86e-03	1.01e-02	2.93e-01	4.97e-01	1.98e-01	4.44e-14	8.46e-23	1.06e-22
 5.57415e+22	5.58e-14	1.30e-09	1.28e-06	1.19e-04	2.14e-03	1.11e-02	3.07e-01	4.93e-01	1.86e-01	5.58e-14	1.07e-22	1.34e-22
 5.59506e+22	6.77e-14	1.54e-09	1.50e-06	1.36e-04	2.41e-03	1.21e-02	3.19e-01	4.90e-01	1.77e-01	6.77e-14	1.29e-22	1.62e-22
 5.61555e+22	8.31e-14	1.85e-09	1.77e-06	1.59e-04	2.75e-03	1.33e-02	3.33e-01	4.85e-01	1.66e-01	8.31e-14	1.59e-22	2.00e-22
 5.63646e+22	1.00e-13	2.19e-09	2.07e-06	1.83e-04	3.11e-03	1.45e-02	3.46e-01	4.80e-01	1.57e-01	1.00e-13	1.92e-22	2.41e-22
 5.65714e+22	1.21e-13	2.58e-09	2.42e-06	2.11e-04	3.52e-03	1.59e-02	3.59e-01	4.74e-01	1.47e-01	1.21e-13	2.31e-22	2.90e-22
 5.67793e+22	1.43e-13	3.02e-09	2.80e-06	2.42e-04	3.97e-03	1.73e-02	3.72e-01	4.68e-01	1.39e-01	1.43e-13	2.75e-22	3.45e-22
 5.69848e+22	1.69e-13	3.51e-09	3.23e-06	2.77e-04	4.46e-03	1.89e-02	3.85e-01	4.61e-01	1.30e-01	1.69e-13	3.24e-22	4.07e-22
 5.71898e+22	1.98e-13	4.04e-09	3.70e-06	3.15e-04	5.00e-03	2.05e-02	3.98e-01	4.54e-01	1.22e-01	1.98e-13	3.80e-22	4.76e-22
 5.73952e+22	2.30e-13	4.64e-09	4.23e-06	3.58e-04	5.59e-03	2.23e-02	4.11e-01	4.46e-01	1.14e-01	2.30e-13	4.41e-22	5.54e-22
 5.76014e+22	2.65e-13	5.29e-09	4.81e-06	4.05e-04	6.24e-03	2.42e-02	4.24e-01	4.38e-01	1.07e-01	2.65e-13	5.09e-22	6.39e-22
 5.78087e+22	3.03e-13	6.01e-09	5.46e-06	4.58e-04	6.95e-03	2.62e-02	4.37e-01	4.29e-01	9.99e-02	3.03e-13	5.84e-22	7.32e-22
 5.80179e+22	3.46e-13	6.79e-09	6.18e-06	5.16e-04	7.73e-03	2.83e-02	4.50e-01	4.21e-01	9.31e-02	3.46e-13	6.66e-22	8.34e-22
 5.82296e+22	3.91e-13	7.64e-09	6.97e-06	5.81e-04	8.58e-03	3.06e-02	4.62e-01	4.11e-01	8.67e-02	3.91e-13	7.55e-22	9.46e-22
 5.84422e+22	4.40e-13	8.55e-09	7.83e-06	6.52e-04	9.50e-03	3.30e-02	4.74e-01	4.02e-01	8.07e-02	4.40e-13	8.50e-22	1.07e-21
 5.86584e+22	4.94e-13	9.56e-09	8.79e-06	7.32e-04	1.05e-02	3.57e-02	4.87e-01	3.92e-01	7.48e-02	4.94e-13	9.55e-22	1.20e-21
 5.88770e+22	5.51e-13	1.06e-08	9.83e-06	8.19e-04	1.16e-02	3.84e-02	4.98e-01	3.81e-01	6.94e-02	5.51e-13	1.07e-21	1.33e-21
 5.90998e+22	6.13e-13	1.18e-08	1.10e-05	9.19e-04	1.28e-02	4.15e-02	5.10e-01	3.71e-01	6.40e-02	6.13e-13	1.19e-21	1.49e-21
 5.93070e+22	6.67e-13	1.29e-08	1.21e-05	1.01e-03	1.39e-02	4.41e-02	5.19e-01	3.62e-01	6.00e-02	6.67e-13	1.29e-21	1.62e-21
 5.95202e+22	7.38e-13	1.43e-08	1.35e-05	1.13e-03	1.53e-02	4.76e-02	5.31e-01	3.50e-01	5.50e-02	7.38e-13	1.43e-21	1.79e-21
 5.97367e+22	8.01e-13	1.55e-08	1.48e-05	1.24e-03	1.66e-02	5.05e-02	5.39e-01	3.41e-01	5.14e-02	8.01e-13	1.56e-21	1.95e-21
 5.99584e+22	8.78e-13	1.71e-08	1.66e-05	1.39e-03	1.83e-02	5.45e-02	5.50e-01	3.29e-01	4.69e-02	8.78e-13	1.71e-21	2.14e-21
 6.01814e+22	9.53e-13	1.86e-08	1.81e-05	1.53e-03	1.97e-02	5.76e-02	5.58e-01	3.20e-01	4.37e-02	9.53e-13	1.86e-21	2.32e-21
 6.04062e+22	1.04e-12	2.05e-08	2.02e-05	1.71e-03	2.16e-02	6.20e-02	5.67e-01	3.08e-01	3.98e-02	1.04e-12	2.04e-21	2.55e-21
 6.06322e+22	1.13e-12	2.22e-08	2.21e-05	1.87e-03	2.32e-02	6.55e-02	5.74e-01	2.99e-01	3.71e-02	1.13e-12	2.20e-21	2.75e-21
 6.08598e+22	1.23e-12	2.44e-08	2.46e-05	2.09e-03	2.54e-02	7.02e-02	5.82e-01	2.87e-01	3.37e-02	1.23e-12	2.41e-21	3.00e-21
 6.10893e+22	1.32e-12	2.65e-08	2.69e-05	2.28e-03	2.72e-02	7.40e-02	5.88e-01	2.77e-01	3.13e-02	1.32e-12	2.59e-21	3.24e-21
 6.13212e+22	1.44e-12	2.91e-08	3.00e-05	2.55e-03	2.97e-02	7.92e-02	5.95e-01	2.66e-01	2.84e-02	1.44e-12	2.83e-21	3.53e-21
 6.15560e+22	1.55e-12	3.16e-08	3.27e-05	2.78e-03	3.18e-02	8.33e-02	5.99e-01	2.56e-01	2.62e-02	1.55e-12	3.05e-21	3.81e-21
 6.17946e+22	1.69e-12	3.48e-08	3.66e-05	3.11e-03	3.46e-02	8.90e-02	6.05e-01	2.45e-01	2.37e-02	1.69e-12	3.34e-21	4.16e-21
 6.20370e+22	1.82e-12	3.79e-08	4.01e-05	3.40e-03	3.70e-02	9.36e-02	6.09e-01	2.36e-01	2.19e-02	1.82e-12	3.60e-21	4.50e-21
 6.22844e+22	2.00e-12	4.20e-08	4.50e-05	3.81e-03	4.02e-02	9.98e-02	6.13e-01	2.24e-01	1.96e-02	2.00e-12	3.95e-21	4.93e-21
 6.25370e+22	2.16e-12	4.59e-08	4.95e-05	4.18e-03	4.30e-02	1.05e-01	6.15e-01	2.15e-01	1.80e-02	2.16e-12	4.29e-21	5.35e-21
 6.27964e+22	2.38e-12	5.12e-08	5.58e-05	4.69e-03	4.67e-02	1.12e-01	6.17e-01	2.03e-01	1.61e-02	2.38e-12	4.74e-21	5.90e-21
 6.30623e+22	2.60e-12	5.65e-08	6.18e-05	5.16e-03	4.99e-02	1.17e-01	6.18e-01	1.94e-01	1.47e-02	2.60e-12	5.19e-21	6.46e-21
 6.33367e+22	2.88e-12	6.35e-08	7.03e-05	5.83e-03	5.43e-02	1.25e-01	6.19e-01	1.83e-01	1.30e-02	2.88e-12	5.75e-21	7.17e-21
 6.35948e+22	3.14e-12	6.95e-08	7.70e-05	6.32e-03	5.73e-02	1.30e-01	6.19e-01	1.76e-01	1.20e-02	3.14e-12	6.28e-21	7.82e-21
 6.38315e+22	3.45e-12	7.75e-08	8.62e-05	7.00e-03	6.14e-02	1.37e-01	6.18e-01	1.66e-01	1.08e-02	3.45e-12	6.93e-21	8.63e-21
 6.40663e+22	3.75e-12	8.47e-08	9.42e-05	7.57e-03	6.46e-02	1.42e-01	6.16e-01	1.60e-01	9.97e-03	3.75e-12	7.55e-21	9.39e-21
 6.42988e+22	4.09e-12	9.40e-08	1.05e-04	8.36e-03	6.90e-02	1.49e-01	6.14e-01	1.51e-01	8.95e-03	4.09e-12	8.26e-21	1.03e-20
 6.45327e+22	4.48e-12	1.03e-07	1.15e-04	9.04e-03	7.25e-02	1.54e-01	6.11e-01	1.45e-01	8.26e-03	4.48e-12	9.06e-21	1.13e-20
 6.47683e+22	4.96e-12	1.16e-07	1.29e-04	9.98e-03	7.73e-02	1.61e-01	6.07e-01	1.37e-01	7.41e-03	4.96e-12	1.01e-20	1.25e-20
 6.50081e+22	5.46e-12	1.28e-07	1.42e-04	1.08e-02	8.13e-02	1.67e-01	6.04e-01	1.31e-01	6.81e-03	5.46e-12	1.11e-20	1.38e-20
 6.52534e+22	6.10e-12	1.45e-07	1.60e-04	1.20e-02	8.66e-02	1.74e-01	5.98e-01	1.23e-01	6.07e-03	6.10e-12	1.24e-20	1.55e-20
 6.55022e+22	6.75e-12	1.61e-07	1.77e-04	1.30e-02	9.10e-02	1.80e-01	5.94e-01	1.17e-01	5.55e-03	6.75e-12	1.38e-20	1.72e-20
 6.57554e+22	7.65e-12	1.84e-07	2.01e-04	1.44e-02	9.69e-02	1.87e-01	5.87e-01	1.09e-01	4.93e-03	7.65e-12	1.57e-20	1.95e-20
 6.60144e+22	8.59e-12	2.07e-07	2.23e-04	1.57e-02	1.02e-01	1.93e-01	5.80e-01	1.04e-01	4.49e-03	8.59e-12	1.77e-20	2.20e-20
 6.62808e+22	9.80e-12	2.38e-07	2.55e-04	1.74e-02	1.09e-01	2.02e-01	5.72e-01	9.66e-02	3.94e-03	9.80e-12	2.03e-20	2.52e-20
 6.65518e+22	1.11e-11	2.70e-07	2.85e-04	1.90e-02	1.14e-01	2.07e-01	5.64e-01	9.13e-02	3.57e-03	1.11e-11	2.31e-20	2.87e-20
 6.68288e+22	1.29e-11	3.16e-07	3.28e-04	2.12e-02	1.22e-01	2.16e-01	5.53e-01	8.45e-02	3.12e-03	1.29e-11	2.69e-20	3.33e-20
 6.71124e+22	1.48e-11	3.61e-07	3.69e-04	2.31e-02	1.28e-01	2.22e-01	5.44e-01	7.94e-02	2.80e-03	1.48e-11	3.09e-20	3.83e-20
 6.74045e+22	1.75e-11	4.28e-07	4.28e-04	2.59e-02	1.36e-01	2.30e-01	5.32e-01	7.30e-02	2.43e-03	1.75e-11	3.67e-20	4.55e-20
 6.76999e+22	2.02e-11	4.93e-07	4.83e-04	2.83e-02	1.43e-01	2.36e-01	5.21e-01	6.84e-02	2.17e-03	2.02e-11	4.27e-20	5.29e-20
 6.79996e+22	2.42e-11	5.90e-07	5.64e-04	3.16e-02	1.52e-01	2.44e-01	5.07e-01	6.25e-02	1.87e-03	2.42e-11	5.14e-20	6.36e-20
 6.83029e+22	2.83e-11	6.84e-07	6.38e-04	3.46e-02	1.60e-01	2.49e-01	4.96e-01	5.83e-02	1.66e-03	2.83e-11	6.04e-20	7.47e-20
 6.86109e+22	3.43e-11	8.26e-07	7.47e-04	3.87e-02	1.70e-01	2.57e-01	4.80e-01	5.29e-02	1.42e-03	3.43e-11	7.37e-20	9.11e-20
 6.89115e+22	4.00e-11	9.53e-07	8.38e-04	4.20e-02	1.77e-01	2.61e-01	4.68e-01	4.94e-02	1.27e-03	4.00e-11	8.65e-20	1.07e-19
 6.92022e+22	4.83e-11	1.14e-06	9.72e-04	4.65e-02	1.87e-01	2.68e-01	4.52e-01	4.50e-02	1.09e-03	4.83e-11	1.05e-19	1.30e-19
 6.95035e+22	5.74e-11	1.33e-06	1.10e-03	5.07e-02	1.95e-01	2.72e-01	4.39e-01	4.17e-02	9.61e-04	5.74e-11	1.26e-19	1.55e-19
 6.97609e+22	6.65e-11	1.53e-06	1.23e-03	5.46e-02	2.02e-01	2.75e-01	4.27e-01	3.88e-02	8.59e-04	6.65e-11	1.46e-19	1.80e-19
 7.00381e+22	8.03e-11	1.82e-06	1.41e-03	6.00e-02	2.12e-01	2.80e-01	4.11e-01	3.54e-02	7.40e-04	8.03e-11	1.78e-19	2.19e-19
 7.03155e+22	9.36e-11	2.08e-06	1.57e-03	6.45e-02	2.20e-01	2.83e-01	3.98e-01	3.29e-02	6.59e-04	9.36e-11	2.08e-19	2.57e-19
 7.05931e+22	1.14e-10	2.48e-06	1.80e-03	7.05e-02	2.29e-01	2.86e-01	3.83e-01	2.99e-02	5.70e-04	1.14e-10	2.55e-19	3.14e-19
 7.08817e+22	1.35e-10	2.89e-06	2.03e-03	7.62e-02	2.37e-01	2.88e-01	3.68e-01	2.74e-02	4.98e-04	1.35e-10	3.04e-19	3.74e-19
 7.11395e+22	1.59e-10	3.33e-06	2.26e-03	8.18e-02	2.45e-01	2.90e-01	3.55e-01	2.53e-02	4.41e-04	1.59e-10	3.61e-19	4.44e-19
 7.14294e+22	1.96e-10	3.98e-06	2.59e-03	8.94e-02	2.55e-01	2.91e-01	3.39e-01	2.29e-02	3.76e-04	1.96e-10	4.49e-19	5.51e-19
 7.17343e+22	2.37e-10	4.69e-06	2.94e-03	9.67e-02	2.64e-01	2.92e-01	3.24e-01	2.08e-02	3.25e-04	2.37e-10	5.46e-19	6.71e-19
 7.20115e+22	2.83e-10	5.47e-06	3.30e-03	1.04e-01	2.72e-01	2.92e-01	3.10e-01	1.90e-02	2.83e-04	2.83e-10	6.59e-19	8.09e-19
 7.23247e+22	3.56e-10	6.63e-06	3.81e-03	1.14e-01	2.82e-01	2.91e-01	2.92e-01	1.68e-02	2.37e-04	3.56e-10	8.38e-19	1.03e-18
 7.26472e+22	4.36e-10	7.84e-06	4.31e-03	1.23e-01	2.90e-01	2.90e-01	2.77e-01	1.52e-02	2.02e-04	4.36e-10	1.03e-18	1.27e-18
 7.29335e+22	5.27e-10	9.17e-06	4.84e-03	1.32e-01	2.98e-01	2.88e-01	2.63e-01	1.37e-02	1.74e-04	5.27e-10	1.26e-18	1.54e-18
 7.32578e+22	6.71e-10	1.12e-05	5.59e-03	1.43e-01	3.07e-01	2.86e-01	2.46e-01	1.20e-02	1.44e-04	6.71e-10	1.62e-18	1.99e-18
 7.35936e+22	8.31e-10	1.33e-05	6.34e-03	1.54e-01	3.15e-01	2.82e-01	2.31e-01	1.07e-02	1.21e-04	8.31e-10	2.03e-18	2.48e-18
 7.38948e+22	1.02e-09	1.56e-05	7.12e-03	1.65e-01	3.22e-01	2.79e-01	2.18e-01	9.57e-03	1.03e-04	1.02e-09	2.51e-18	3.07e-18
 7.42364e+22	1.32e-09	1.92e-05	8.25e-03	1.80e-01	3.30e-01	2.73e-01	2.01e-01	8.26e-03	8.34e-05	1.32e-09	3.31e-18	4.03e-18
 7.45887e+22	1.65e-09	2.28e-05	9.34e-03	1.92e-01	3.36e-01	2.68e-01	1.87e-01	7.27e-03	6.94e-05	1.65e-09	4.17e-18	5.09e-18
 7.49549e+22	2.18e-09	2.83e-05	1.09e-02	2.09e-01	3.43e-01	2.60e-01	1.70e-01	6.17e-03	5.49e-05	2.18e-09	5.61e-18	6.83e-18
 7.53251e+22	2.74e-09	3.38e-05	1.23e-02	2.24e-01	3.48e-01	2.53e-01	1.57e-01	5.37e-03	4.52e-05	2.74e-09	7.14e-18	8.69e-18
 7.56510e+22	3.42e-09	4.00e-05	1.38e-02	2.38e-01	3.52e-01	2.46e-01	1.45e-01	4.69e-03	3.73e-05	3.42e-09	9.05e-18	1.10e-17
 7.60251e+22	4.57e-09	4.98e-05	1.60e-02	2.57e-01	3.56e-01	2.37e-01	1.31e-01	3.92e-03	2.89e-05	4.57e-09	1.23e-17	1.49e-17
 7.64033e+22	5.76e-09	5.92e-05	1.80e-02	2.72e-01	3.58e-01	2.28e-01	1.19e-01	3.37e-03	2.35e-05	5.76e-09	1.57e-17	1.91e-17
 7.67866e+22	7.70e-09	7.33e-05	2.08e-02	2.92e-01	3.60e-01	2.17e-01	1.07e-01	2.79e-03	1.81e-05	7.70e-09	2.14e-17	2.60e-17
 7.71759e+22	9.78e-09	8.74e-05	2.34e-02	3.09e-01	3.60e-01	2.08e-01	9.66e-02	2.38e-03	1.45e-05	9.78e-09	2.77e-17	3.35e-17
 7.75728e+22	1.32e-08	1.09e-04	2.70e-02	3.31e-01	3.59e-01	1.96e-01	8.49e-02	1.93e-03	1.09e-05	1.32e-08	3.83e-17	4.63e-17
 7.79738e+22	1.68e-08	1.30e-04	3.02e-02	3.48e-01	3.57e-01	1.86e-01	7.64e-02	1.63e-03	8.64e-06	1.68e-08	4.96e-17	5.99e-17
 7.83798e+22	2.29e-08	1.61e-04	3.48e-02	3.70e-01	3.54e-01	1.74e-01	6.64e-02	1.31e-03	6.39e-06	2.29e-08	6.91e-17	8.34e-17
 7.87897e+22	2.92e-08	1.92e-04	3.88e-02	3.87e-01	3.50e-01	1.64e-01	5.93e-02	1.09e-03	5.02e-06	2.92e-08	8.97e-17	1.08e-16
 7.92044e+22	3.98e-08	2.38e-04	4.45e-02	4.09e-01	3.43e-01	1.51e-01	5.10e-02	8.64e-04	3.65e-06	3.98e-08	1.26e-16	1.51e-16
 7.96248e+22	5.09e-08	2.83e-04	4.95e-02	4.26e-01	3.37e-01	1.41e-01	4.51e-02	7.14e-04	2.82e-06	5.09e-08	1.64e-16	1.98e-16
 7.99893e+22	6.42e-08	3.33e-04	5.47e-02	4.41e-01	3.31e-01	1.32e-01	4.00e-02	5.94e-04	2.21e-06	6.42e-08	2.12e-16	2.54e-16
 8.04000e+22	8.67e-08	4.10e-04	6.20e-02	4.61e-01	3.21e-01	1.21e-01	3.41e-02	4.65e-04	1.59e-06	8.67e-08	2.94e-16	3.53e-16
 8.07918e+22	1.06e-07	4.71e-04	6.74e-02	4.74e-01	3.14e-01	1.13e-01	3.05e-02	3.93e-04	1.27e-06	1.06e-07	3.68e-16	4.42e-16
 8.11591e+22	1.39e-07	5.66e-04	7.51e-02	4.90e-01	3.04e-01	1.04e-01	2.62e-02	3.13e-04	9.39e-07	1.39e-07	4.95e-16	5.93e-16
 8.15260e+22	1.70e-07	6.49e-04	8.14e-02	5.02e-01	2.96e-01	9.65e-02	2.33e-02	2.63e-04	7.44e-07	1.70e-07	6.18e-16	7.40e-16
 8.18925e+22	2.19e-07	7.69e-04	8.98e-02	5.15e-01	2.86e-01	8.82e-02	2.01e-02	2.10e-04	5.55e-07	2.19e-07	8.18e-16	9.79e-16
 8.22728e+22	2.74e-07	8.95e-04	9.79e-02	5.26e-01	2.76e-01	8.11e-02	1.75e-02	1.72e-04	4.24e-07	2.74e-07	1.05e-15	1.26e-15
 8.26145e+22	3.36e-07	1.03e-03	1.06e-01	5.36e-01	2.67e-01	7.49e-02	1.54e-02	1.42e-04	3.31e-07	3.36e-07	1.32e-15	1.58e-15
 8.30021e+22	4.38e-07	1.22e-03	1.17e-01	5.47e-01	2.55e-01	6.73e-02	1.31e-02	1.11e-04	2.39e-07	4.38e-07	1.78e-15	2.12e-15
 8.33956e+22	5.44e-07	1.41e-03	1.26e-01	5.55e-01	2.44e-01	6.15e-02	1.13e-02	9.00e-05	1.82e-07	5.44e-07	2.27e-15	2.70e-15
 8.37444e+22	6.69e-07	1.62e-03	1.36e-01	5.62e-01	2.35e-01	5.63e-02	9.88e-03	7.35e-05	1.39e-07	6.69e-07	2.86e-15	3.41e-15
 8.41453e+22	8.73e-07	1.93e-03	1.49e-01	5.69e-01	2.22e-01	5.00e-02	8.25e-03	5.64e-05	0.00e+00	8.73e-07	3.87e-15	4.61e-15
 8.45168e+22	1.04e-06	2.17e-03	1.59e-01	5.73e-01	2.13e-01	4.60e-02	7.28e-03	4.70e-05	0.00e+00	1.04e-06	4.74e-15	5.64e-15
 8.48500e+22	1.29e-06	2.50e-03	1.71e-01	5.76e-01	2.03e-01	4.16e-02	6.26e-03	3.77e-05	0.00e+00	1.29e-06	6.05e-15	7.19e-15
 8.51911e+22	1.55e-06	2.81e-03	1.82e-01	5.78e-01	1.94e-01	3.81e-02	5.49e-03	3.12e-05	0.00e+00	1.55e-06	7.45e-15	8.84e-15
 8.54930e+22	1.83e-06	3.14e-03	1.92e-01	5.79e-01	1.85e-01	3.50e-02	4.85e-03	2.60e-05	0.00e+00	1.83e-06	9.05e-15	1.07e-14
 8.58361e+22	2.27e-06	3.61e-03	2.06e-01	5.80e-01	1.75e-01	3.14e-02	4.13e-03	2.06e-05	0.00e+00	2.27e-06	1.16e-14	1.37e-14
 8.61853e+22	2.71e-06	4.05e-03	2.18e-01	5.79e-01	1.67e-01	2.85e-02	3.60e-03	1.69e-05	0.00e+00	2.71e-06	1.43e-14	1.69e-14
 8.64928e+22	3.22e-06	4.53e-03	2.30e-01	5.77e-01	1.59e-01	2.60e-02	3.15e-03	1.39e-05	0.00e+00	3.22e-06	1.74e-14	2.06e-14
 8.68430e+22	3.98e-06	5.20e-03	2.46e-01	5.74e-01	1.49e-01	2.31e-02	2.66e-03	1.09e-05	0.00e+00	3.98e-06	2.23e-14	2.64e-14
 8.71990e+22	4.76e-06	5.83e-03	2.60e-01	5.71e-01	1.41e-01	2.09e-02	2.30e-03	8.84e-06	0.00e+00	4.76e-06	2.75e-14	3.25e-14
 8.75133e+22	5.63e-06	6.50e-03	2.73e-01	5.66e-01	1.33e-01	1.89e-02	2.00e-03	7.24e-06	0.00e+00	5.63e-06	3.35e-14	3.96e-14
 8.78727e+22	6.97e-06	7.46e-03	2.91e-01	5.59e-01	1.24e-01	1.66e-02	1.67e-03	5.59e-06	0.00e+00	6.97e-06	4.32e-14	5.09e-14
 8.82375e+22	8.32e-06	8.35e-03	3.06e-01	5.53e-01	1.16e-01	1.49e-02	1.43e-03	4.49e-06	0.00e+00	8.32e-06	5.31e-14	6.27e-14
 8.85602e+22	9.85e-06	9.30e-03	3.21e-01	5.45e-01	1.10e-01	1.34e-02	1.24e-03	3.63e-06	0.00e+00	9.85e-06	6.49e-14	7.66e-14
 8.89304e+22	1.22e-05	1.07e-02	3.41e-01	5.35e-01	1.01e-01	1.17e-02	1.02e-03	2.76e-06	0.00e+00	1.22e-05	8.39e-14	9.90e-14
 8.93067e+22	1.46e-05	1.19e-02	3.57e-01	5.25e-01	9.43e-02	1.04e-02	8.68e-04	2.19e-06	0.00e+00	1.46e-05	1.03e-13	1.22e-13
 8.96907e+22	1.80e-05	1.37e-02	3.78e-01	5.12e-01	8.65e-02	8.96e-03	7.11e-04	1.65e-06	0.00e+00	1.80e-05	1.34e-13	1.58e-13
 9.00829e+22	2.18e-05	1.54e-02	3.96e-01	5.00e-01	7.99e-02	7.86e-03	5.95e-04	1.28e-06	0.00e+00	2.18e-05	1.67e-13	1.98e-13
