#depth	Cl	Cl+	Cl+2	Cl+3	Cl+4	Cl+5	Cl+6	Cl+7	Cl+8	Cl+9	Cl+10	Cl+11	Cl+12	Cl+13	Cl+14	Cl+15	Cl+16	Cl+17
 4.62852e+21	0.00e+00	0.00e+00	0.00e+00	0.00e+00	0.00e+00	0.00e+00	0.00e+00	0.00e+00	1.44e-23	3.74e-20	4.50e-17	3.25e-14	1.36e-11	3.47e-09	9.81e-07	5.10e-04	3.90e-02	9.60e-01
 1.05351e+22	0.00e+00	0.00e+00	0.00e+00	0.00e+00	0.00e+00	0.00e+00	0.00e+00	8.46e-26	3.51e-22	6.28e-19	5.29e-16	2.72e-13	7.91e-11	1.42e-08	2.81e-06	1.03e-03	5.48e-02	9.44e-01
 1.26783e+22	0.00e+00	0.00e+00	0.00e+00	0.00e+00	0.00e+00	0.00e+00	8.35e-29	9.40e-25	3.03e-21	4.23e-18	2.79e-15	1.12e-12	2.56e-10	3.63e-08	5.67e-06	1.63e-03	6.86e-02	9.30e-01
 1.42353e+22	0.00e+00	0.00e+00	0.00e+00	0.00e+00	0.00e+00	0.00e+00	6.97e-28	6.40e-24	1.69e-20	1.93e-17	1.05e-14	3.45e-12	6.51e-10	7.63e-08	9.87e-06	2.35e-03	8.18e-02	9.16e-01
 1.51003e+22	0.00e+00	0.00e+00	0.00e+00	0.00e+00	0.00e+00	0.00e+00	1.18e-27	1.03e-23	2.59e-20	2.83e-17	1.46e-14	4.58e-12	8.22e-10	9.19e-08	1.13e-05	2.57e-03	8.54e-02	9.12e-01
 1.54423e+22	0.00e+00	0.00e+00	0.00e+00	0.00e+00	0.00e+00	0.00e+00	1.98e-27	1.65e-23	3.93e-20	4.09e-17	2.01e-14	6.02e-12	1.03e-09	1.10e-07	1.30e-05	2.81e-03	8.91e-02	9.08e-01
 1.58309e+22	0.00e+00	0.00e+00	0.00e+00	0.00e+00	0.00e+00	0.00e+00	3.80e-27	2.97e-23	6.66e-20	6.51e-17	3.01e-14	8.49e-12	1.37e-09	1.38e-07	1.54e-05	3.14e-03	9.39e-02	9.03e-01
 1.62263e+22	0.00e+00	0.00e+00	0.00e+00	0.00e+00	0.00e+00	0.00e+00	6.55e-27	4.85e-23	1.03e-19	9.61e-17	4.22e-14	1.13e-11	1.74e-09	1.67e-07	1.77e-05	3.45e-03	9.81e-02	8.98e-01
 1.65751e+22	0.00e+00	0.00e+00	0.00e+00	0.00e+00	0.00e+00	2.47e-30	1.11e-26	7.84e-23	1.59e-19	1.40e-16	5.87e-14	1.50e-11	2.19e-09	2.01e-07	2.03e-05	3.77e-03	1.02e-01	8.94e-01
 1.69172e+22	0.00e+00	0.00e+00	0.00e+00	0.00e+00	0.00e+00	4.35e-30	1.88e-26	1.26e-22	2.42e-19	2.04e-16	8.12e-14	1.98e-11	2.75e-09	2.41e-07	2.33e-05	4.12e-03	1.07e-01	8.89e-01
 1.73064e+22	0.00e+00	0.00e+00	0.00e+00	0.00e+00	0.00e+00	8.76e-30	3.57e-26	2.25e-22	4.07e-19	3.23e-16	1.21e-13	2.77e-11	3.65e-09	3.01e-07	2.74e-05	4.59e-03	1.12e-01	8.83e-01
 1.76751e+22	0.00e+00	0.00e+00	0.00e+00	0.00e+00	0.00e+00	1.49e-29	5.81e-26	3.49e-22	6.05e-19	4.57e-16	1.64e-13	3.59e-11	4.51e-09	3.57e-07	3.11e-05	4.99e-03	1.17e-01	8.78e-01
 1.79613e+22	0.00e+00	0.00e+00	0.00e+00	0.00e+00	0.00e+00	2.37e-29	8.94e-26	5.15e-22	8.56e-19	6.22e-16	2.14e-13	4.50e-11	5.44e-09	4.15e-07	3.48e-05	5.36e-03	1.21e-01	8.74e-01
 1.82774e+22	0.00e+00	0.00e+00	0.00e+00	0.00e+00	0.00e+00	4.10e-29	1.48e-25	8.13e-22	1.29e-18	8.91e-16	2.92e-13	5.87e-11	6.77e-09	4.93e-07	3.96e-05	5.84e-03	1.26e-01	8.69e-01
 1.86201e+22	0.00e+00	0.00e+00	0.00e+00	0.00e+00	0.00e+00	6.99e-29	2.42e-25	1.27e-21	1.91e-18	1.26e-15	3.96e-13	7.60e-11	8.39e-09	5.85e-07	4.49e-05	6.34e-03	1.30e-01	8.63e-01
 1.89400e+22	0.00e+00	0.00e+00	0.00e+00	0.00e+00	0.00e+00	1.18e-28	3.93e-25	1.96e-21	2.83e-18	1.79e-15	5.36e-13	9.81e-11	1.04e-08	6.92e-07	5.09e-05	6.87e-03	1.35e-01	8.58e-01
 1.92399e+22	0.00e+00	0.00e+00	0.00e+00	0.00e+00	0.00e+00	1.92e-28	6.12e-25	2.93e-21	4.06e-18	2.46e-15	7.06e-13	1.24e-10	1.26e-08	8.07e-07	5.70e-05	7.40e-03	1.40e-01	8.52e-01
 1.95715e+22	0.00e+00	0.00e+00	0.00e+00	0.00e+00	0.00e+00	3.40e-28	1.04e-24	4.72e-21	6.20e-18	3.57e-15	9.77e-13	1.63e-10	1.58e-08	9.66e-07	6.52e-05	8.07e-03	1.46e-01	8.46e-01
 1.99223e+22	0.00e+00	0.00e+00	0.00e+00	0.00e+00	0.00e+00	5.91e-28	1.73e-24	7.48e-21	9.37e-18	5.14e-15	1.34e-12	2.14e-10	1.97e-08	1.15e-06	7.43e-05	8.79e-03	1.52e-01	8.40e-01
 2.02319e+22	0.00e+00	0.00e+00	0.00e+00	0.00e+00	0.00e+00	9.72e-28	2.73e-24	1.13e-20	1.36e-17	7.13e-15	1.78e-12	2.72e-10	2.40e-08	1.35e-06	8.35e-05	9.48e-03	1.57e-01	8.34e-01
 2.05028e+22	0.00e+00	0.00e+00	0.00e+00	0.00e+00	0.00e+00	1.50e-27	4.07e-24	1.63e-20	1.88e-17	9.50e-15	2.29e-12	3.36e-10	2.86e-08	1.55e-06	9.25e-05	1.01e-02	1.62e-01	8.28e-01
 2.07509e+22	0.00e+00	0.00e+00	0.00e+00	0.00e+00	0.00e+00	2.23e-27	5.87e-24	2.26e-20	2.52e-17	1.23e-14	2.86e-12	4.07e-10	3.35e-08	1.76e-06	1.01e-04	1.08e-02	1.66e-01	8.23e-01
 2.10348e+22	0.00e+00	0.00e+00	0.00e+00	0.00e+00	8.18e-31	3.61e-27	9.14e-24	3.38e-20	3.60e-17	1.69e-14	3.76e-12	5.13e-10	4.05e-08	2.04e-06	1.13e-04	1.16e-02	1.71e-01	8.17e-01
 2.13425e+22	0.00e+00	0.00e+00	0.00e+00	0.00e+00	1.37e-30	5.84e-27	1.42e-23	5.04e-20	5.16e-17	2.31e-14	4.95e-12	6.47e-10	4.91e-08	2.38e-06	1.27e-04	1.24e-02	1.77e-01	8.10e-01
 2.16238e+22	0.00e+00	0.00e+00	0.00e+00	0.00e+00	2.24e-30	9.19e-27	2.16e-23	7.36e-20	7.23e-17	3.12e-14	6.42e-12	8.07e-10	5.89e-08	2.75e-06	1.41e-04	1.33e-02	1.83e-01	8.04e-01
 2.18899e+22	0.00e+00	0.00e+00	0.00e+00	0.00e+00	3.59e-30	1.42e-26	3.23e-23	1.06e-19	1.00e-16	4.15e-14	8.23e-12	9.96e-10	7.00e-08	3.15e-06	1.56e-04	1.42e-02	1.88e-01	7.98e-01
 2.21520e+22	0.00e+00	0.00e+00	0.00e+00	0.00e+00	5.67e-30	2.18e-26	4.78e-23	1.51e-19	1.37e-16	5.49e-14	1.05e-11	1.22e-09	8.30e-08	3.60e-06	1.72e-04	1.51e-02	1.93e-01	7.91e-01
 2.24517e+22	0.00e+00	0.00e+00	0.00e+00	0.00e+00	9.81e-30	3.63e-26	7.66e-23	2.31e-19	2.01e-16	7.67e-14	1.40e-11	1.56e-09	1.01e-07	4.23e-06	1.94e-04	1.63e-02	2.00e-01	7.84e-01
 2.27655e+22	0.00e+00	0.00e+00	0.00e+00	0.00e+00	1.67e-29	5.92e-26	1.20e-22	3.47e-19	2.89e-16	1.06e-13	1.85e-11	1.98e-09	1.23e-07	4.94e-06	2.17e-04	1.76e-02	2.06e-01	7.76e-01
 2.30369e+22	0.00e+00	0.00e+00	0.00e+00	0.00e+00	2.66e-29	9.14e-26	1.79e-22	4.99e-19	4.00e-16	1.41e-13	2.37e-11	2.44e-09	1.47e-07	5.66e-06	2.40e-04	1.87e-02	2.12e-01	7.69e-01
 2.33289e+22	0.00e+00	0.00e+00	0.00e+00	0.00e+00	4.58e-29	1.52e-25	2.86e-22	7.61e-19	5.83e-16	1.96e-13	3.16e-11	3.12e-09	1.79e-07	6.62e-06	2.70e-04	2.02e-02	2.19e-01	7.61e-01
 2.36188e+22	0.00e+00	0.00e+00	0.00e+00	0.00e+00	7.32e-29	2.34e-25	4.27e-22	1.09e-18	8.06e-16	2.61e-13	4.06e-11	3.85e-09	2.13e-07	7.60e-06	2.98e-04	2.15e-02	2.25e-01	7.54e-01
 2.38549e+22	0.00e+00	0.00e+00	0.00e+00	0.00e+00	1.10e-28	3.41e-25	6.03e-22	1.49e-18	1.06e-15	3.34e-13	5.02e-11	4.61e-09	2.47e-07	8.54e-06	3.25e-04	2.27e-02	2.30e-01	7.47e-01
 2.41110e+22	0.00e+00	0.00e+00	0.00e+00	0.00e+00	1.75e-28	5.27e-25	9.01e-22	2.15e-18	1.47e-15	4.45e-13	6.43e-11	5.68e-09	2.93e-07	9.78e-06	3.59e-04	2.42e-02	2.36e-01	7.39e-01
 2.43896e+22	0.00e+00	0.00e+00	0.00e+00	0.00e+00	1.38e-28	4.01e-25	6.62e-22	3.11e-18	2.05e-15	5.95e-13	8.27e-11	7.03e-09	3.50e-07	1.12e-05	3.97e-04	2.58e-02	2.42e-01	7.31e-01
 2.46452e+22	0.00e+00	0.00e+00	0.00e+00	0.00e+00	4.31e-28	1.22e-24	1.95e-21	4.32e-18	2.75e-15	7.71e-13	1.04e-10	8.51e-09	4.09e-07	1.27e-05	4.34e-04	2.73e-02	2.48e-01	7.24e-01
 2.49255e+22	0.00e+00	0.00e+00	0.00e+00	0.00e+00	3.53e-28	9.63e-25	1.48e-21	6.44e-18	3.92e-15	1.05e-12	1.36e-10	1.07e-08	4.93e-07	1.47e-05	4.84e-04	2.92e-02	2.55e-01	7.15e-01
 2.52112e+22	0.00e+00	0.00e+00	0.00e+00	0.00e+00	5.66e-28	1.49e-24	2.22e-21	9.26e-18	5.43e-15	1.41e-12	1.74e-10	1.32e-08	5.87e-07	1.69e-05	5.34e-04	3.11e-02	2.62e-01	7.07e-01
 2.54510e+22	0.00e+00	0.00e+00	0.00e+00	0.00e+00	8.52e-28	2.18e-24	3.15e-21	1.27e-17	7.21e-15	1.80e-12	2.16e-10	1.58e-08	6.81e-07	1.90e-05	5.82e-04	3.28e-02	2.67e-01	6.99e-01
 2.57095e+22	0.00e+00	0.00e+00	0.00e+00	0.00e+00	1.37e-27	3.40e-24	4.74e-21	1.84e-17	1.00e-14	2.41e-12	2.78e-10	1.96e-08	8.10e-07	2.18e-05	6.43e-04	3.49e-02	2.74e-01	6.90e-01
 2.59876e+22	0.00e+00	0.00e+00	0.00e+00	5.87e-31	2.19e-27	5.26e-24	7.08e-21	2.64e-17	1.39e-14	3.21e-12	3.56e-10	2.42e-08	9.63e-07	2.49e-05	7.09e-04	3.71e-02	2.81e-01	6.81e-01
 2.62406e+22	0.00e+00	0.00e+00	0.00e+00	9.23e-31	3.35e-27	7.79e-24	1.02e-20	3.67e-17	1.86e-14	4.15e-12	4.45e-10	2.92e-08	1.12e-06	2.81e-05	7.75e-04	3.92e-02	2.87e-01	6.73e-01
 2.64749e+22	0.00e+00	0.00e+00	0.00e+00	1.42e-30	5.02e-27	1.13e-23	1.44e-20	5.01e-17	2.46e-14	5.31e-12	5.51e-10	3.49e-08	1.30e-06	3.16e-05	8.42e-04	4.13e-02	2.93e-01	6.65e-01
 2.67010e+22	0.00e+00	0.00e+00	0.00e+00	2.14e-30	7.36e-27	1.62e-23	2.00e-20	6.75e-17	3.20e-14	6.70e-12	6.74e-10	4.14e-08	1.50e-06	3.52e-05	9.12e-04	4.34e-02	2.98e-01	6.57e-01
 2.69602e+22	0.00e+00	0.00e+00	0.00e+00	3.53e-30	1.17e-26	2.50e-23	2.98e-20	9.69e-17	4.42e-14	8.90e-12	8.61e-10	5.10e-08	1.77e-06	4.02e-05	1.00e-03	4.61e-02	3.05e-01	6.48e-01
 2.72356e+22	0.00e+00	0.00e+00	0.00e+00	5.76e-30	1.86e-26	3.82e-23	4.40e-20	1.38e-16	6.06e-14	1.18e-11	1.10e-09	6.25e-08	2.10e-06	4.59e-05	1.10e-03	4.89e-02	3.12e-01	6.38e-01
 2.74814e+22	0.00e+00	0.00e+00	0.00e+00	9.05e-30	2.83e-26	5.66e-23	6.32e-20	1.91e-16	8.12e-14	1.52e-11	1.37e-09	7.55e-08	2.45e-06	5.18e-05	1.20e-03	5.16e-02	3.18e-01	6.29e-01
 2.77501e+22	0.00e+00	0.00e+00	0.00e+00	1.53e-29	4.64e-26	8.97e-23	9.65e-20	2.81e-16	1.14e-13	2.05e-11	1.78e-09	9.39e-08	2.92e-06	5.95e-05	1.33e-03	5.48e-02	3.25e-01	6.19e-01
 2.80352e+22	0.00e+00	0.00e+00	0.00e+00	2.55e-29	7.48e-26	1.40e-22	1.45e-19	4.06e-16	1.59e-13	2.75e-11	2.29e-09	1.16e-07	3.48e-06	6.82e-05	1.47e-03	5.82e-02	3.32e-01	6.08e-01
 2.82767e+22	0.00e+00	0.00e+00	0.00e+00	3.92e-29	1.12e-25	2.03e-22	2.04e-19	5.53e-16	2.10e-13	3.51e-11	2.82e-09	1.39e-07	4.03e-06	7.64e-05	1.59e-03	6.12e-02	3.38e-01	5.99e-01
 2.85256e+22	0.00e+00	0.00e+00	0.00e+00	6.40e-29	1.76e-25	3.10e-22	3.02e-19	7.89e-16	2.88e-13	4.64e-11	3.59e-09	1.70e-07	4.76e-06	8.69e-05	1.75e-03	6.47e-02	3.45e-01	5.89e-01
 2.87913e+22	0.00e+00	0.00e+00	0.00e+00	1.02e-28	2.73e-25	4.66e-22	4.39e-19	1.11e-15	3.89e-13	6.06e-11	4.52e-09	2.07e-07	5.58e-06	9.84e-05	1.91e-03	6.83e-02	3.51e-01	5.78e-01
 2.90336e+22	0.00e+00	0.00e+00	0.00e+00	9.18e-29	2.39e-25	3.95e-22	6.24e-19	1.52e-15	5.17e-13	7.78e-11	5.62e-09	2.48e-07	6.48e-06	1.11e-04	2.08e-03	7.18e-02	3.57e-01	5.69e-01
 2.93035e+22	0.00e+00	0.00e+00	0.00e+00	1.56e-28	3.91e-25	6.25e-22	9.52e-19	2.23e-15	7.28e-13	1.05e-10	7.28e-09	3.09e-07	7.74e-06	1.27e-04	2.29e-03	7.62e-02	3.64e-01	5.57e-01
 2.95870e+22	0.00e+00	0.00e+00	0.00e+00	2.62e-28	6.36e-25	9.80e-22	1.44e-18	3.24e-15	1.02e-12	1.41e-10	9.42e-09	3.84e-07	9.25e-06	1.46e-04	2.53e-03	8.08e-02	3.71e-01	5.46e-01
 2.98212e+22	0.00e+00	0.00e+00	0.00e+00	3.91e-28	9.25e-25	1.39e-21	1.98e-18	4.33e-15	1.32e-12	1.77e-10	1.15e-08	4.53e-07	1.06e-05	1.62e-04	2.72e-03	8.45e-02	3.76e-01	5.37e-01
 3.00586e+22	0.00e+00	0.00e+00	0.00e+00	6.29e-28	1.44e-24	2.10e-21	2.88e-18	6.09e-15	1.79e-12	2.32e-10	1.45e-08	5.52e-07	1.24e-05	1.83e-04	2.97e-03	8.90e-02	3.82e-01	5.26e-01
 3.03139e+22	0.00e+00	0.00e+00	0.00e+00	9.89e-28	2.20e-24	3.10e-21	4.12e-18	8.43e-15	2.39e-12	3.00e-10	1.81e-08	6.66e-07	1.45e-05	2.06e-04	3.23e-03	9.36e-02	3.88e-01	5.15e-01
 3.05526e+22	0.00e+00	0.00e+00	2.09e-31	1.53e-27	3.31e-24	4.53e-21	5.83e-18	1.16e-14	3.17e-12	3.85e-10	2.24e-08	7.99e-07	1.68e-05	2.31e-04	3.51e-03	9.81e-02	3.93e-01	5.05e-01
 3.08230e+22	0.00e+00	0.00e+00	3.67e-31	2.61e-27	5.45e-24	7.20e-21	8.91e-18	1.70e-14	4.47e-12	5.21e-10	2.91e-08	9.96e-07	2.01e-05	2.66e-04	3.87e-03	1.04e-01	4.00e-01	4.92e-01
 3.11029e+22	0.00e+00	0.00e+00	6.36e-31	4.38e-27	8.81e-24	1.12e-20	1.33e-17	2.45e-14	6.22e-12	6.98e-10	3.75e-08	1.24e-06	2.40e-05	3.04e-04	4.25e-03	1.10e-01	4.06e-01	4.80e-01
 3.13297e+22	0.00e+00	0.00e+00	9.57e-31	6.44e-27	1.26e-23	1.57e-20	1.81e-17	3.24e-14	7.97e-12	8.68e-10	4.53e-08	1.45e-06	2.73e-05	3.36e-04	4.56e-03	1.14e-01	4.10e-01	4.71e-01
 3.15590e+22	0.00e+00	0.00e+00	1.59e-30	1.04e-26	1.97e-23	2.36e-20	2.63e-17	4.55e-14	1.08e-11	1.14e-09	5.73e-08	1.77e-06	3.20e-05	3.80e-04	4.97e-03	1.20e-01	4.15e-01	4.59e-01
 3.18033e+22	0.00e+00	0.00e+00	2.53e-30	1.61e-26	2.96e-23	3.44e-20	3.71e-17	6.22e-14	1.43e-11	1.46e-09	7.10e-08	2.12e-06	3.72e-05	4.26e-04	5.38e-03	1.26e-01	4.20e-01	4.49e-01
 3.20310e+22	0.00e+00	0.00e+00	3.97e-30	2.46e-26	4.39e-23	4.96e-20	5.17e-17	8.42e-14	1.88e-11	1.85e-09	8.75e-08	2.53e-06	4.29e-05	4.75e-04	5.81e-03	1.31e-01	4.24e-01	4.38e-01
 3.22910e+22	0.00e+00	0.00e+00	7.12e-30	4.25e-26	7.31e-23	7.93e-20	7.93e-17	1.24e-13	2.67e-11	2.52e-09	1.14e-07	3.17e-06	5.16e-05	5.48e-04	6.41e-03	1.39e-01	4.29e-01	4.25e-01
 3.25539e+22	0.00e+00	0.00e+00	1.16e-29	6.70e-26	1.12e-22	1.17e-19	1.13e-16	1.72e-13	3.57e-11	3.27e-09	1.43e-07	3.83e-06	6.02e-05	6.16e-04	6.95e-03	1.45e-01	4.33e-01	4.14e-01
 3.27741e+22	0.00e+00	0.00e+00	1.81e-29	1.02e-25	1.65e-22	1.68e-19	1.56e-16	2.32e-13	4.66e-11	4.14e-09	1.76e-07	4.56e-06	6.94e-05	6.86e-04	7.49e-03	1.52e-01	4.37e-01	4.03e-01
 3.29805e+22	0.00e+00	0.00e+00	2.73e-29	1.50e-25	2.36e-22	2.34e-19	2.11e-16	3.05e-13	5.97e-11	5.15e-09	2.12e-07	5.35e-06	7.91e-05	7.58e-04	8.02e-03	1.57e-01	4.40e-01	3.94e-01
 3.32152e+22	0.00e+00	0.00e+00	4.59e-29	2.45e-25	3.72e-22	3.55e-19	3.09e-16	4.31e-13	8.15e-11	6.79e-09	2.70e-07	6.56e-06	9.33e-05	8.59e-04	8.74e-03	1.65e-01	4.43e-01	3.82e-01
 3.34608e+22	0.00e+00	0.00e+00	7.41e-29	3.84e-25	5.64e-22	5.20e-19	4.36e-16	5.92e-13	1.08e-10	8.74e-09	3.36e-07	7.90e-06	1.09e-04	9.64e-04	9.46e-03	1.72e-01	4.46e-01	3.71e-01
 3.36800e+22	0.00e+00	0.00e+00	1.17e-28	5.88e-25	8.36e-22	7.46e-19	6.04e-16	7.99e-13	1.42e-10	1.11e-08	4.14e-07	9.44e-06	1.25e-04	1.07e-03	1.02e-02	1.79e-01	4.49e-01	3.60e-01
 3.39248e+22	0.00e+00	0.00e+00	2.05e-28	9.94e-25	1.36e-21	1.17e-18	9.05e-16	1.16e-12	1.98e-10	1.49e-08	5.35e-07	1.17e-05	1.50e-04	1.23e-03	1.12e-02	1.88e-01	4.52e-01	3.47e-01
 3.41659e+22	0.00e+00	0.00e+00	3.23e-28	1.52e-24	2.02e-21	1.67e-18	1.25e-15	1.56e-12	2.60e-10	1.90e-08	6.60e-07	1.40e-05	1.73e-04	1.37e-03	1.20e-02	1.96e-01	4.54e-01	3.37e-01
 3.43653e+22	0.00e+00	0.00e+00	4.85e-28	2.23e-24	2.87e-21	2.31e-18	1.68e-15	2.04e-12	3.31e-10	2.35e-08	7.94e-07	1.64e-05	1.97e-04	1.51e-03	1.28e-02	2.03e-01	4.55e-01	3.28e-01
 3.45875e+22	0.00e+00	0.00e+00	8.14e-28	3.62e-24	4.48e-21	3.48e-18	2.42e-15	2.86e-12	4.49e-10	3.08e-08	1.01e-06	2.00e-05	2.31e-04	1.70e-03	1.39e-02	2.12e-01	4.56e-01	3.16e-01
 3.48178e+22	0.00e+00	0.00e+00	1.29e-27	5.56e-24	6.66e-21	4.98e-18	3.34e-15	3.85e-12	5.88e-10	3.92e-08	1.24e-06	2.40e-05	2.68e-04	1.90e-03	1.50e-02	2.20e-01	4.57e-01	3.06e-01
 3.50224e+22	0.00e+00	1.41e-31	1.98e-27	8.29e-24	9.63e-21	6.99e-18	4.53e-15	5.09e-12	7.57e-10	4.91e-08	1.51e-06	2.83e-05	3.06e-04	2.10e-03	1.60e-02	2.28e-01	4.58e-01	2.96e-01
 3.52523e+22	0.00e+00	2.53e-31	3.41e-27	1.38e-23	1.54e-20	1.07e-17	6.64e-15	7.25e-12	1.04e-09	6.53e-08	1.93e-06	3.49e-05	3.63e-04	2.38e-03	1.74e-02	2.38e-01	4.58e-01	2.84e-01
 3.54807e+22	0.00e+00	4.11e-31	5.36e-27	2.10e-23	2.27e-20	1.52e-17	9.08e-15	9.70e-12	1.36e-09	8.26e-08	2.37e-06	4.16e-05	4.18e-04	2.65e-03	1.87e-02	2.46e-01	4.58e-01	2.74e-01
 3.56701e+22	0.00e+00	6.31e-31	8.00e-27	3.05e-23	3.20e-20	2.08e-17	1.20e-14	1.26e-11	1.72e-09	1.02e-07	2.84e-06	4.85e-05	4.74e-04	2.91e-03	1.98e-02	2.54e-01	4.58e-01	2.65e-01
 3.58791e+22	0.00e+00	1.07e-30	1.30e-26	4.82e-23	4.85e-20	3.04e-17	1.69e-14	1.72e-11	2.28e-09	1.31e-07	3.55e-06	5.86e-05	5.52e-04	3.26e-03	2.14e-02	2.63e-01	4.57e-01	2.55e-01
 3.60991e+22	0.00e+00	1.72e-30	2.04e-26	7.31e-23	7.12e-20	4.31e-17	2.30e-14	2.30e-11	2.96e-09	1.66e-07	4.35e-06	6.96e-05	6.34e-04	3.61e-03	2.29e-02	2.72e-01	4.55e-01	2.46e-01
 3.62991e+22	0.00e+00	2.78e-30	3.19e-26	1.11e-22	1.04e-19	6.08e-17	3.13e-14	3.05e-11	3.84e-09	2.09e-07	5.32e-06	8.27e-05	7.29e-04	4.00e-03	2.44e-02	2.81e-01	4.54e-01	2.36e-01
 3.64927e+22	0.00e+00	4.35e-30	4.85e-26	1.64e-22	1.49e-19	8.41e-17	4.18e-14	3.99e-11	4.90e-09	2.60e-07	6.43e-06	9.71e-05	8.30e-04	4.40e-03	2.60e-02	2.89e-01	4.52e-01	2.28e-01
 3.66818e+22	0.00e+00	6.76e-30	7.32e-26	2.40e-22	2.12e-19	1.16e-16	5.54e-14	5.20e-11	6.22e-09	3.21e-07	7.74e-06	1.14e-04	9.43e-04	4.83e-03	2.76e-02	2.97e-01	4.50e-01	2.19e-01
 3.68975e+22	0.00e+00	1.18e-29	1.23e-25	3.89e-22	3.29e-19	1.72e-16	7.91e-14	7.23e-11	8.41e-09	4.20e-07	9.78e-06	1.39e-04	1.11e-03	5.42e-03	2.97e-02	3.08e-01	4.47e-01	2.09e-01
 3.71171e+22	0.00e+00	1.91e-29	1.93e-25	5.91e-22	4.82e-19	2.44e-16	1.07e-13	9.63e-11	1.09e-08	5.31e-07	1.20e-05	1.65e-04	1.27e-03	6.00e-03	3.17e-02	3.17e-01	4.44e-01	2.00e-01
 3.73043e+22	0.00e+00	2.94e-29	2.88e-25	8.59e-22	6.78e-19	3.31e-16	1.41e-13	1.24e-10	1.38e-08	6.53e-07	1.43e-05	1.92e-04	1.44e-03	6.57e-03	3.36e-02	3.25e-01	4.41e-01	1.93e-01
 3.75099e+22	0.00e+00	5.05e-29	4.77e-25	1.37e-21	1.04e-18	4.87e-16	1.98e-13	1.71e-10	1.84e-08	8.47e-07	1.80e-05	2.33e-04	1.68e-03	7.34e-03	3.60e-02	3.35e-01	4.36e-01	1.83e-01
 3.77219e+22	0.00e+00	8.11e-29	7.41e-25	2.06e-21	1.51e-18	6.81e-16	2.67e-13	2.25e-10	2.37e-08	1.06e-06	2.19e-05	2.75e-04	1.92e-03	8.09e-03	3.83e-02	3.44e-01	4.32e-01	1.75e-01
 3.79100e+22	0.00e+00	1.28e-28	1.13e-24	3.05e-21	2.15e-18	9.37e-16	3.53e-13	2.94e-10	3.02e-08	1.32e-06	2.64e-05	3.23e-04	2.18e-03	8.87e-03	4.05e-02	3.53e-01	4.28e-01	1.68e-01
 3.81224e+22	0.00e+00	2.22e-28	1.89e-24	4.92e-21	3.33e-18	1.39e-15	5.00e-13	4.07e-10	4.06e-08	1.72e-06	3.33e-05	3.92e-04	2.55e-03	9.93e-03	4.34e-02	3.63e-01	4.22e-01	1.59e-01
 3.83372e+22	0.00e+00	3.58e-28	2.95e-24	7.42e-21	4.84e-18	1.94e-15	6.71e-13	5.36e-10	5.23e-08	2.16e-06	4.06e-05	4.64e-04	2.91e-03	1.09e-02	4.61e-02	3.72e-01	4.17e-01	1.51e-01
 3.85224e+22	0.00e+00	5.57e-28	4.45e-24	1.09e-20	6.84e-18	2.65e-15	8.82e-13	6.94e-10	6.62e-08	2.67e-06	4.88e-05	5.42e-04	3.30e-03	1.19e-02	4.86e-02	3.80e-01	4.12e-01	1.44e-01
 3.87304e+22	0.00e+00	9.66e-28	7.43e-24	1.75e-20	1.05e-17	3.90e-15	1.24e-12	9.55e-10	8.88e-08	3.47e-06	6.12e-05	6.57e-04	3.84e-03	1.33e-02	5.19e-02	3.89e-01	4.05e-01	1.36e-01
 3.89470e+22	0.00e+00	1.59e-27	1.18e-23	2.68e-20	1.55e-17	5.52e-15	1.68e-12	1.27e-09	1.16e-07	4.39e-06	7.52e-05	7.82e-04	4.41e-03	1.47e-02	5.51e-02	3.98e-01	3.98e-01	1.29e-01
 3.91412e+22	0.00e+00	2.51e-27	1.80e-23	3.97e-20	2.22e-17	7.60e-15	2.22e-12	1.66e-09	1.47e-07	5.45e-06	9.07e-05	9.15e-04	5.00e-03	1.60e-02	5.80e-02	4.06e-01	3.92e-01	1.22e-01
 3.93267e+22	0.00e+00	3.96e-27	2.76e-23	5.86e-20	3.15e-17	1.04e-14	2.92e-12	2.15e-09	1.87e-07	6.76e-06	1.09e-04	1.07e-03	5.67e-03	1.75e-02	6.11e-02	4.13e-01	3.85e-01	1.16e-01
 3.95032e+22	0.00e+00	6.00e-27	4.06e-23	8.38e-20	4.36e-17	1.39e-14	3.76e-12	2.73e-09	2.33e-07	8.23e-06	1.30e-04	1.24e-03	6.35e-03	1.90e-02	6.40e-02	4.20e-01	3.79e-01	1.11e-01
 3.97011e+22	0.00e+00	1.05e-26	6.79e-23	1.35e-19	6.68e-17	2.03e-14	5.22e-12	3.74e-09	3.11e-07	1.07e-05	1.63e-04	1.50e-03	7.38e-03	2.11e-02	6.80e-02	4.28e-01	3.70e-01	1.04e-01
 3.99002e+22	0.00e+00	1.64e-26	1.03e-22	1.97e-19	9.42e-17	2.75e-14	6.80e-12	4.81e-09	3.93e-07	1.32e-05	1.95e-04	1.75e-03	8.32e-03	2.29e-02	7.14e-02	4.35e-01	3.63e-01	9.81e-02
 4.00613e+22	0.00e+00	2.38e-26	1.45e-22	2.71e-19	1.26e-16	3.55e-14	8.48e-12	5.95e-09	4.78e-07	1.57e-05	2.27e-04	1.98e-03	9.20e-03	2.46e-02	7.42e-02	4.40e-01	3.56e-01	9.37e-02
 4.02004e+22	0.00e+00	3.37e-26	2.00e-22	3.64e-19	1.64e-16	4.48e-14	1.04e-11	7.22e-09	5.72e-07	1.85e-05	2.61e-04	2.23e-03	1.01e-02	2.62e-02	7.69e-02	4.44e-01	3.50e-01	8.96e-02
 4.03287e+22	0.00e+00	4.64e-26	2.70e-22	4.78e-19	2.09e-16	5.56e-14	1.25e-11	8.64e-09	6.75e-07	2.14e-05	2.97e-04	2.49e-03	1.10e-02	2.78e-02	7.95e-02	4.48e-01	3.45e-01	8.60e-02
 4.04735e+22	0.00e+00	6.92e-26	3.90e-22	6.72e-19	2.84e-16	7.28e-14	1.58e-11	1.08e-08	8.30e-07	2.58e-05	3.49e-04	2.85e-03	1.22e-02	2.99e-02	8.27e-02	4.53e-01	3.38e-01	8.16e-02
 4.06237e+22	0.00e+00	9.81e-26	5.39e-22	9.03e-19	3.70e-16	9.19e-14	1.93e-11	1.31e-08	9.94e-07	3.04e-05	4.02e-04	3.20e-03	1.34e-02	3.18e-02	8.56e-02	4.57e-01	3.31e-01	7.79e-02
 4.07527e+22	0.00e+00	1.36e-25	7.28e-22	1.19e-18	4.73e-16	1.14e-13	2.32e-11	1.57e-08	1.17e-06	3.53e-05	4.58e-04	3.57e-03	1.46e-02	3.37e-02	8.83e-02	4.60e-01	3.25e-01	7.46e-02
 4.08717e+22	0.00e+00	1.85e-25	9.67e-22	1.54e-18	5.96e-16	1.40e-13	2.76e-11	1.86e-08	1.37e-06	4.07e-05	5.17e-04	3.96e-03	1.58e-02	3.56e-02	9.09e-02	4.63e-01	3.19e-01	7.15e-02
 4.10059e+22	0.00e+00	2.68e-25	1.36e-21	2.11e-18	7.90e-16	1.79e-13	3.41e-11	2.28e-08	1.66e-06	4.83e-05	6.00e-04	4.48e-03	1.74e-02	3.80e-02	9.40e-02	4.66e-01	3.12e-01	6.78e-02
 4.11398e+22	0.00e+00	3.63e-25	1.81e-21	2.73e-18	9.94e-16	2.19e-13	4.05e-11	2.70e-08	1.94e-06	5.56e-05	6.77e-04	4.96e-03	1.88e-02	4.00e-02	9.66e-02	4.68e-01	3.06e-01	6.50e-02
 4.12534e+22	4.75e-32	4.92e-25	2.39e-21	3.52e-18	1.24e-15	2.66e-13	4.78e-11	3.18e-08	2.27e-06	6.39e-05	7.63e-04	5.48e-03	2.03e-02	4.22e-02	9.92e-02	4.70e-01	3.00e-01	6.22e-02
 4.13636e+22	6.49e-32	6.62e-25	3.14e-21	4.51e-18	1.55e-15	3.22e-13	5.63e-11	3.73e-08	2.63e-06	7.32e-05	8.58e-04	6.04e-03	2.19e-02	4.43e-02	1.02e-01	4.72e-01	2.94e-01	5.95e-02
 4.14891e+22	9.52e-32	9.51e-25	4.38e-21	6.12e-18	2.03e-15	4.08e-13	6.87e-11	4.53e-08	3.16e-06	8.63e-05	9.90e-04	6.80e-03	2.40e-02	4.71e-02	1.05e-01	4.73e-01	2.86e-01	5.64e-02
 4.16177e+22	1.34e-31	1.32e-24	5.92e-21	8.04e-18	2.59e-15	5.02e-13	8.19e-11	5.40e-08	3.73e-06	1.00e-04	1.12e-03	7.56e-03	2.60e-02	4.97e-02	1.08e-01	4.74e-01	2.80e-01	5.36e-02
 4.17285e+22	1.83e-31	1.77e-24	7.74e-21	1.02e-17	3.21e-15	6.05e-13	9.57e-11	6.30e-08	4.31e-06	1.14e-04	1.26e-03	8.31e-03	2.80e-02	5.22e-02	1.10e-01	4.75e-01	2.74e-01	5.13e-02
 4.18313e+22	2.44e-31	2.33e-24	9.99e-21	1.29e-17	3.93e-15	7.20e-13	1.11e-10	7.30e-08	4.95e-06	1.30e-04	1.40e-03	9.09e-03	3.00e-02	5.45e-02	1.13e-01	4.76e-01	2.68e-01	4.91e-02
 4.19299e+22	3.25e-31	3.06e-24	1.28e-20	1.62e-17	4.79e-15	8.54e-13	1.28e-10	8.42e-08	5.66e-06	1.46e-04	1.56e-03	9.91e-03	3.20e-02	5.70e-02	1.15e-01	4.76e-01	2.62e-01	4.70e-02
 4.20429e+22	4.67e-31	4.31e-24	1.75e-20	2.15e-17	6.15e-15	1.06e-12	1.53e-10	1.01e-07	6.71e-06	1.71e-04	1.78e-03	1.11e-02	3.48e-02	6.01e-02	1.18e-01	4.75e-01	2.55e-01	4.45e-02
 4.21577e+22	6.42e-31	5.84e-24	2.32e-20	2.76e-17	7.66e-15	1.28e-12	1.79e-10	1.18e-07	7.80e-06	1.96e-04	2.00e-03	1.22e-02	3.74e-02	6.30e-02	1.20e-01	4.75e-01	2.48e-01	4.23e-02
 4.22561e+22	8.54e-31	7.66e-24	2.97e-20	3.45e-17	9.31e-15	1.51e-12	2.05e-10	1.36e-07	8.90e-06	2.21e-04	2.22e-03	1.33e-02	3.99e-02	6.56e-02	1.22e-01	4.74e-01	2.42e-01	4.04e-02
 4.23650e+22	1.23e-30	1.08e-23	4.08e-20	4.59e-17	1.19e-14	1.86e-12	2.44e-10	1.62e-07	1.05e-05	2.57e-04	2.53e-03	1.48e-02	4.33e-02	6.91e-02	1.25e-01	4.72e-01	2.35e-01	3.81e-02
 4.24771e+22	1.69e-30	1.47e-23	5.39e-20	5.89e-17	1.48e-14	2.24e-12	2.84e-10	1.90e-07	1.22e-05	2.94e-04	2.84e-03	1.62e-02	4.65e-02	7.23e-02	1.27e-01	4.70e-01	2.28e-01	3.61e-02
 4.25760e+22	2.29e-30	1.96e-23	7.00e-20	7.44e-17	1.82e-14	2.66e-12	3.27e-10	2.19e-07	1.40e-05	3.34e-04	3.16e-03	1.77e-02	4.96e-02	7.54e-02	1.30e-01	4.68e-01	2.22e-01	3.43e-02
 4.26874e+22	3.39e-30	2.85e-23	9.85e-20	1.01e-16	2.37e-14	3.32e-12	3.92e-10	2.65e-07	1.68e-05	3.93e-04	3.63e-03	1.99e-02	5.41e-02	7.95e-02	1.32e-01	4.65e-01	2.13e-01	3.20e-02
 4.28001e+22	4.66e-30	3.86e-23	1.30e-19	1.29e-16	2.93e-14	3.97e-12	4.54e-10	3.08e-07	1.95e-05	4.49e-04	4.06e-03	2.18e-02	5.79e-02	8.29e-02	1.34e-01	4.62e-01	2.07e-01	3.03e-02
 4.28962e+22	6.22e-30	5.08e-23	1.67e-19	1.62e-16	3.56e-14	4.67e-12	5.18e-10	3.54e-07	2.22e-05	5.06e-04	4.50e-03	2.36e-02	6.15e-02	8.60e-02	1.36e-01	4.58e-01	2.01e-01	2.87e-02
 4.30030e+22	9.40e-30	7.55e-23	2.39e-19	2.21e-16	4.66e-14	5.83e-12	6.18e-10	4.28e-07	2.67e-05	5.99e-04	5.19e-03	2.66e-02	6.70e-02	9.06e-02	1.38e-01	4.53e-01	1.92e-01	2.66e-02
 4.31080e+22	1.24e-29	9.86e-23	3.04e-19	2.75e-16	5.61e-14	6.80e-12	7.01e-10	4.88e-07	3.03e-05	6.71e-04	5.72e-03	2.87e-02	7.09e-02	9.37e-02	1.40e-01	4.49e-01	1.86e-01	2.52e-02
 4.32104e+22	1.85e-29	1.44e-22	4.29e-19	3.72e-16	7.27e-14	8.40e-12	8.28e-10	5.85e-07	3.61e-05	7.89e-04	6.56e-03	3.20e-02	7.69e-02	9.83e-02	1.42e-01	4.43e-01	1.78e-01	2.34e-02
 4.33109e+22	2.42e-29	1.87e-22	5.42e-19	4.58e-16	8.68e-14	9.74e-12	9.33e-10	6.64e-07	4.08e-05	8.80e-04	7.19e-03	3.45e-02	8.11e-02	1.01e-01	1.43e-01	4.38e-01	1.72e-01	2.21e-02
 4.34088e+22	1.73e-33	2.72e-22	7.62e-19	6.17e-16	1.12e-13	1.19e-11	1.09e-09	7.91e-07	4.84e-05	1.03e-03	8.21e-03	3.83e-02	8.75e-02	1.06e-01	1.44e-01	4.30e-01	1.64e-01	2.04e-02
 4.35065e+22	0.00e+00	3.55e-22	9.68e-19	7.62e-16	1.34e-13	1.38e-11	1.23e-09	8.98e-07	5.47e-05	1.15e-03	9.01e-03	4.12e-02	9.23e-02	1.09e-01	1.45e-01	4.25e-01	1.58e-01	1.93e-02
 4.36040e+22	0.00e+00	5.20e-22	1.36e-18	1.03e-15	1.72e-13	1.69e-11	1.44e-09	1.07e-06	6.48e-05	1.34e-03	1.03e-02	4.58e-02	9.94e-02	1.14e-01	1.46e-01	4.16e-01	1.50e-01	1.77e-02
 4.37022e+22	0.00e+00	6.87e-22	1.75e-18	1.28e-15	2.07e-13	1.97e-11	1.62e-09	1.22e-06	7.35e-05	1.51e-03	1.13e-02	4.93e-02	1.05e-01	1.17e-01	1.47e-01	4.09e-01	1.44e-01	1.66e-02
 4.38014e+22	0.00e+00	1.02e-21	2.50e-18	1.74e-15	2.68e-13	2.41e-11	1.89e-09	1.45e-06	8.75e-05	1.77e-03	1.29e-02	5.47e-02	1.13e-01	1.22e-01	1.47e-01	3.98e-01	1.35e-01	1.51e-02
 4.39014e+22	0.00e+00	1.36e-21	3.23e-18	2.17e-15	3.23e-13	2.81e-11	2.13e-09	1.66e-06	9.92e-05	1.98e-03	1.42e-02	5.89e-02	1.19e-01	1.25e-01	1.47e-01	3.90e-01	1.30e-01	1.41e-02
 4.40024e+22	0.00e+00	2.00e-21	4.58e-18	2.94e-15	4.16e-13	3.44e-11	2.48e-09	1.97e-06	1.18e-04	2.31e-03	1.61e-02	6.50e-02	1.27e-01	1.29e-01	1.47e-01	3.79e-01	1.22e-01	1.28e-02
 4.41026e+22	0.00e+00	2.69e-21	5.96e-18	3.70e-15	5.03e-13	4.00e-11	2.79e-09	2.24e-06	1.33e-04	2.59e-03	1.77e-02	6.99e-02	1.33e-01	1.32e-01	1.47e-01	3.70e-01	1.16e-01	1.19e-02
 4.42018e+22	0.00e+00	3.96e-21	8.42e-18	4.98e-15	6.45e-13	4.86e-11	3.23e-09	2.65e-06	1.57e-04	3.00e-03	2.00e-02	7.67e-02	1.42e-01	1.36e-01	1.46e-01	3.57e-01	1.08e-01	1.07e-02
 4.43028e+22	4.08e-32	5.39e-21	1.11e-17	6.32e-15	7.86e-13	5.67e-11	3.63e-09	3.03e-06	1.79e-04	3.38e-03	2.21e-02	8.25e-02	1.49e-01	1.39e-01	1.45e-01	3.47e-01	1.02e-01	9.88e-03
 4.44062e+22	6.26e-32	8.09e-21	1.59e-17	8.62e-15	1.02e-12	6.93e-11	4.22e-09	3.59e-06	2.11e-04	3.93e-03	2.50e-02	9.04e-02	1.58e-01	1.43e-01	1.43e-01	3.33e-01	9.44e-02	8.83e-03
 4.45103e+22	8.71e-32	1.11e-20	2.10e-17	1.10e-14	1.24e-12	8.09e-11	4.74e-09	4.09e-06	2.40e-04	4.41e-03	2.74e-02	9.69e-02	1.66e-01	1.45e-01	1.42e-01	3.22e-01	8.87e-02	8.07e-03
 4.46151e+22	1.34e-31	1.67e-20	3.03e-17	1.50e-14	1.60e-12	9.88e-11	5.50e-09	4.83e-06	2.82e-04	5.11e-03	3.09e-02	1.06e-01	1.75e-01	1.48e-01	1.39e-01	3.07e-01	8.15e-02	7.15e-03
 4.47206e+22	1.87e-31	2.28e-20	4.01e-17	1.90e-14	1.95e-12	1.15e-10	6.17e-09	5.48e-06	3.19e-04	5.71e-03	3.38e-02	1.13e-01	1.82e-01	1.50e-01	1.37e-01	2.95e-01	7.62e-02	6.50e-03
 4.48122e+22	2.59e-31	3.11e-20	5.28e-17	2.40e-14	2.37e-12	1.34e-10	6.90e-09	6.19e-06	3.59e-04	6.36e-03	3.69e-02	1.20e-01	1.89e-01	1.52e-01	1.35e-01	2.83e-01	7.11e-02	5.90e-03
 4.49164e+22	3.98e-31	4.66e-20	7.57e-17	3.27e-14	3.04e-12	1.62e-10	7.96e-09	7.24e-06	4.18e-04	7.29e-03	4.12e-02	1.30e-01	1.98e-01	1.53e-01	1.32e-01	2.68e-01	6.48e-02	5.19e-03
 4.50195e+22	5.39e-31	6.20e-20	9.76e-17	4.06e-14	3.64e-12	1.87e-10	8.84e-09	8.08e-06	4.65e-04	8.02e-03	4.44e-02	1.37e-01	2.04e-01	1.54e-01	1.29e-01	2.57e-01	6.06e-02	4.72e-03
 4.51210e+22	8.03e-31	9.03e-20	1.36e-16	5.39e-14	4.60e-12	2.24e-10	1.01e-08	9.31e-06	5.33e-04	9.07e-03	4.90e-02	1.46e-01	2.12e-01	1.55e-01	1.25e-01	2.43e-01	5.52e-02	4.16e-03
 4.52257e+22	1.11e-30	1.23e-19	1.79e-16	6.80e-14	5.57e-12	2.60e-10	1.13e-08	1.04e-05	5.94e-04	1.00e-02	5.29e-02	1.54e-01	2.18e-01	1.55e-01	1.22e-01	2.31e-01	5.11e-02	3.74e-03
 4.53343e+22	1.68e-30	1.81e-19	2.53e-16	9.14e-14	7.10e-12	3.14e-10	1.30e-08	1.20e-05	6.81e-04	1.13e-02	5.82e-02	1.64e-01	2.25e-01	1.55e-01	1.18e-01	2.17e-01	4.62e-02	3.26e-03
 4.54450e+22	2.34e-30	2.47e-19	3.33e-16	1.15e-13	8.62e-12	3.64e-10	1.45e-08	1.34e-05	7.56e-04	1.24e-02	6.27e-02	1.73e-01	2.31e-01	1.55e-01	1.15e-01	2.06e-01	4.25e-02	2.92e-03
 4.55583e+22	3.57e-30	3.66e-19	4.73e-16	1.56e-13	1.10e-11	4.42e-10	1.68e-08	1.54e-05	8.63e-04	1.40e-02	6.87e-02	1.83e-01	2.37e-01	1.54e-01	1.10e-01	1.92e-01	3.81e-02	2.52e-03
 4.56739e+22	4.95e-30	4.97e-19	6.21e-16	1.96e-13	1.34e-11	5.14e-10	1.88e-08	1.72e-05	9.54e-04	1.53e-02	7.35e-02	1.91e-01	2.42e-01	1.53e-01	1.06e-01	1.81e-01	3.49e-02	2.24e-03
 4.57925e+22	7.55e-30	7.38e-19	8.83e-16	2.65e-13	1.71e-11	6.24e-10	2.18e-08	1.97e-05	1.08e-03	1.71e-02	8.01e-02	2.01e-01	2.47e-01	1.51e-01	1.02e-01	1.68e-01	3.11e-02	1.92e-03
 4.59132e+22	1.05e-29	1.00e-18	1.16e-15	3.34e-13	2.08e-11	7.27e-10	2.45e-08	2.18e-05	1.19e-03	1.86e-02	8.55e-02	2.09e-01	2.51e-01	1.49e-01	9.79e-02	1.58e-01	2.84e-02	1.70e-03
 4.60364e+22	1.59e-29	1.48e-18	1.64e-15	4.50e-13	2.67e-11	8.83e-10	2.84e-08	2.49e-05	1.35e-03	2.07e-02	9.27e-02	2.19e-01	2.55e-01	1.46e-01	9.30e-02	1.45e-01	2.52e-02	1.45e-03
 4.61603e+22	2.19e-29	1.99e-18	2.14e-15	5.65e-13	3.22e-11	1.03e-09	3.18e-08	2.74e-05	1.47e-03	2.24e-02	9.83e-02	2.27e-01	2.57e-01	1.44e-01	8.93e-02	1.36e-01	2.29e-02	1.29e-03
 4.62853e+22	3.31e-29	2.91e-18	3.01e-15	7.56e-13	4.10e-11	1.24e-09	3.68e-08	3.11e-05	1.65e-03	2.47e-02	1.06e-01	2.36e-01	2.60e-01	1.41e-01	8.45e-02	1.25e-01	2.03e-02	1.09e-03
 4.64063e+22	4.36e-29	3.76e-18	3.78e-15	9.19e-13	4.84e-11	1.42e-09	4.08e-08	3.38e-05	1.78e-03	2.64e-02	1.11e-01	2.43e-01	2.61e-01	1.38e-01	8.13e-02	1.18e-01	1.86e-02	9.80e-04
 4.65222e+22	6.30e-29	5.28e-18	5.12e-15	1.19e-12	6.02e-11	1.69e-09	4.66e-08	3.78e-05	1.96e-03	2.87e-02	1.18e-01	2.51e-01	2.62e-01	1.35e-01	7.71e-02	1.09e-01	1.66e-02	8.44e-04
 4.66412e+22	8.40e-29	6.87e-18	6.48e-15	1.46e-12	7.14e-11	1.93e-09	5.18e-08	4.12e-05	2.12e-03	3.07e-02	1.24e-01	2.57e-01	2.63e-01	1.32e-01	7.39e-02	1.02e-01	1.51e-02	7.50e-04
 4.67640e+22	1.23e-28	9.75e-18	8.86e-15	1.91e-12	8.93e-11	2.31e-09	5.95e-08	4.60e-05	2.34e-03	3.34e-02	1.32e-01	2.64e-01	2.63e-01	1.28e-01	6.96e-02	9.35e-02	1.34e-02	6.39e-04
 4.68884e+22	1.63e-28	1.26e-17	1.11e-14	2.33e-12	1.06e-10	2.65e-09	6.61e-08	5.00e-05	2.52e-03	3.55e-02	1.37e-01	2.70e-01	2.63e-01	1.25e-01	6.66e-02	8.76e-02	1.22e-02	5.68e-04
 4.70148e+22	2.35e-28	1.76e-17	1.51e-14	3.02e-12	1.31e-10	3.16e-09	7.58e-08	5.57e-05	2.76e-03	3.84e-02	1.45e-01	2.76e-01	2.62e-01	1.21e-01	6.27e-02	8.02e-02	1.08e-02	4.85e-04
 4.71401e+22	3.09e-28	2.26e-17	1.88e-14	3.66e-12	1.55e-10	3.60e-09	8.40e-08	6.03e-05	2.96e-03	4.07e-02	1.51e-01	2.81e-01	2.61e-01	1.18e-01	5.98e-02	7.50e-02	9.82e-03	4.30e-04
 4.72642e+22	4.43e-28	3.13e-17	2.52e-14	4.70e-12	1.91e-10	4.27e-09	9.59e-08	6.68e-05	3.23e-03	4.38e-02	1.59e-01	2.87e-01	2.59e-01	1.14e-01	5.62e-02	6.86e-02	8.67e-03	3.67e-04
 4.73895e+22	5.76e-28	3.97e-17	3.12e-14	5.66e-12	2.24e-10	4.86e-09	1.06e-07	7.22e-05	3.45e-03	4.62e-02	1.65e-01	2.91e-01	2.57e-01	1.11e-01	5.36e-02	6.41e-02	7.91e-03	3.26e-04
 4.75164e+22	8.20e-28	5.47e-17	4.16e-14	7.25e-12	2.76e-10	5.75e-09	1.21e-07	7.99e-05	3.76e-03	4.95e-02	1.73e-01	2.96e-01	2.55e-01	1.06e-01	5.03e-02	5.85e-02	6.97e-03	2.78e-04
 4.76457e+22	1.07e-27	6.96e-17	5.17e-14	8.75e-12	3.24e-10	6.56e-09	1.34e-07	8.64e-05	4.02e-03	5.22e-02	1.79e-01	3.00e-01	2.52e-01	1.03e-01	4.78e-02	5.45e-02	6.32e-03	2.45e-04
 4.77782e+22	1.53e-27	9.61e-17	6.91e-14	1.12e-11	4.01e-10	7.79e-09	1.54e-07	9.57e-05	4.37e-03	5.60e-02	1.88e-01	3.04e-01	2.49e-01	9.89e-02	4.46e-02	4.96e-02	5.54e-03	2.08e-04
 4.79131e+22	2.01e-27	1.22e-16	8.60e-14	1.36e-11	4.71e-10	8.90e-09	1.71e-07	1.04e-04	4.67e-03	5.89e-02	1.94e-01	3.07e-01	2.46e-01	9.55e-02	4.23e-02	4.60e-02	5.01e-03	1.83e-04
 4.80512e+22	5.09e-28	1.69e-16	1.15e-13	1.75e-11	5.83e-10	1.06e-08	1.96e-07	1.15e-04	5.08e-03	6.30e-02	2.03e-01	3.11e-01	2.42e-01	9.12e-02	3.93e-02	4.16e-02	4.37e-03	1.54e-04
 4.81918e+22	6.73e-28	2.16e-16	1.43e-13	2.11e-11	6.88e-10	1.21e-08	2.18e-07	1.24e-04	5.42e-03	6.63e-02	2.09e-01	3.13e-01	2.38e-01	8.78e-02	3.72e-02	3.85e-02	3.94e-03	1.35e-04
 4.83358e+22	9.73e-28	2.98e-16	1.92e-13	2.72e-11	8.53e-10	1.45e-08	2.51e-07	1.38e-04	5.90e-03	7.08e-02	2.18e-01	3.15e-01	2.33e-01	8.34e-02	3.44e-02	3.47e-02	3.42e-03	1.13e-04
 4.84766e+22	1.25e-27	3.70e-16	2.33e-13	3.23e-11	9.89e-10	1.64e-08	2.77e-07	1.49e-04	6.26e-03	7.41e-02	2.24e-01	3.17e-01	2.30e-01	8.05e-02	3.27e-02	3.23e-02	3.11e-03	1.00e-04
 4.86130e+22	1.77e-27	5.02e-16	3.07e-13	4.10e-11	1.21e-09	1.93e-08	3.16e-07	1.64e-04	6.76e-03	7.86e-02	2.33e-01	3.18e-01	2.25e-01	7.65e-02	3.03e-02	2.92e-02	2.71e-03	8.44e-05
 4.87517e+22	2.28e-27	6.24e-16	3.74e-13	4.87e-11	1.41e-09	2.19e-08	3.49e-07	1.77e-04	7.17e-03	8.21e-02	2.39e-01	3.19e-01	2.21e-01	7.36e-02	2.87e-02	2.71e-02	2.46e-03	7.46e-05
 4.88931e+22	3.20e-27	8.38e-16	4.88e-13	6.15e-11	1.72e-09	2.58e-08	3.98e-07	1.94e-04	7.74e-03	8.70e-02	2.47e-01	3.20e-01	2.15e-01	6.98e-02	2.66e-02	2.45e-02	2.14e-03	6.29e-05
 4.90390e+22	4.22e-27	1.06e-15	6.06e-13	7.42e-11	2.02e-09	2.95e-08	4.43e-07	2.11e-04	8.23e-03	9.11e-02	2.53e-01	3.20e-01	2.11e-01	6.68e-02	2.49e-02	2.25e-02	1.92e-03	5.48e-05
 4.91905e+22	5.96e-27	1.43e-15	7.93e-13	9.40e-11	2.47e-09	3.49e-08	5.07e-07	2.33e-04	8.90e-03	9.64e-02	2.61e-01	3.20e-01	2.05e-01	6.31e-02	2.30e-02	2.03e-02	1.66e-03	4.60e-05
 4.93470e+22	8.00e-27	1.84e-15	9.95e-13	1.15e-10	2.94e-09	4.02e-08	5.69e-07	2.53e-04	9.49e-03	1.01e-01	2.68e-01	3.20e-01	2.00e-01	6.00e-02	2.15e-02	1.85e-02	1.48e-03	3.96e-05
 4.95100e+22	1.15e-26	2.50e-15	1.32e-12	1.47e-10	3.63e-09	4.80e-08	6.55e-07	2.81e-04	1.03e-02	1.07e-01	2.77e-01	3.19e-01	1.93e-01	5.63e-02	1.97e-02	1.65e-02	1.27e-03	3.28e-05
 4.96774e+22	1.55e-26	3.24e-15	1.66e-12	1.80e-10	4.33e-09	5.56e-08	7.38e-07	3.07e-04	1.10e-02	1.12e-01	2.84e-01	3.17e-01	1.88e-01	5.34e-02	1.83e-02	1.50e-02	1.12e-03	2.80e-05
 4.98507e+22	2.25e-26	4.45e-15	2.22e-12	2.32e-10	5.40e-09	6.68e-08	8.55e-07	3.43e-04	1.19e-02	1.19e-01	2.92e-01	3.15e-01	1.81e-01	4.98e-02	1.67e-02	1.33e-02	9.53e-04	2.30e-05
 5.00296e+22	3.10e-26	5.82e-15	2.84e-12	2.88e-10	6.50e-09	7.80e-08	9.69e-07	3.76e-04	1.28e-02	1.25e-01	2.99e-01	3.13e-01	1.75e-01	4.69e-02	1.54e-02	1.20e-02	8.32e-04	1.95e-05
 5.02160e+22	4.57e-26	8.11e-15	3.83e-12	3.75e-10	8.18e-09	9.45e-08	1.13e-06	4.22e-04	1.39e-02	1.32e-01	3.07e-01	3.10e-01	1.67e-01	4.35e-02	1.39e-02	1.05e-02	7.01e-04	1.58e-05
 5.04074e+22	6.36e-26	1.07e-14	4.94e-12	4.68e-10	9.91e-09	1.11e-07	1.29e-06	4.64e-04	1.50e-02	1.39e-01	3.14e-01	3.07e-01	1.61e-01	4.08e-02	1.28e-02	9.39e-03	6.07e-04	1.32e-05
 5.05794e+22	8.68e-26	1.39e-14	6.27e-12	5.79e-10	1.19e-08	1.29e-07	1.46e-06	5.09e-04	1.60e-02	1.45e-01	3.20e-01	3.04e-01	1.55e-01	3.83e-02	1.17e-02	8.44e-03	5.28e-04	1.11e-05
 5.07770e+22	1.32e-25	1.99e-14	8.66e-12	7.68e-10	1.52e-08	1.59e-07	1.72e-06	5.75e-04	1.75e-02	1.54e-01	3.28e-01	2.99e-01	1.48e-01	3.51e-02	1.05e-02	7.30e-03	4.37e-04	8.80e-06
 5.09759e+22	1.80e-25	2.57e-14	1.10e-11	9.48e-10	1.83e-08	1.85e-07	1.95e-06	6.30e-04	1.87e-02	1.60e-01	3.34e-01	2.95e-01	1.42e-01	3.28e-02	9.62e-03	6.54e-03	3.79e-04	7.41e-06
 5.11762e+22	2.72e-25	3.64e-14	1.51e-11	1.25e-09	2.32e-08	2.26e-07	2.29e-06	7.09e-04	2.04e-02	1.70e-01	3.41e-01	2.89e-01	1.34e-01	3.00e-02	8.57e-03	5.64e-03	3.13e-04	5.86e-06
 5.13809e+22	3.78e-25	4.81e-14	1.94e-11	1.56e-09	2.82e-08	2.66e-07	2.61e-06	7.81e-04	2.18e-02	1.77e-01	3.47e-01	2.84e-01	1.28e-01	2.78e-02	7.79e-03	5.00e-03	2.68e-04	4.84e-06
 5.15911e+22	5.77e-25	6.87e-14	2.68e-11	2.08e-09	3.61e-08	3.27e-07	3.08e-06	8.82e-04	2.38e-02	1.87e-01	3.54e-01	2.77e-01	1.21e-01	2.53e-02	6.89e-03	4.28e-03	2.19e-04	3.79e-06
 5.18045e+22	8.12e-25	9.15e-14	3.48e-11	2.62e-09	4.40e-08	3.86e-07	3.53e-06	9.72e-04	2.55e-02	1.95e-01	3.59e-01	2.72e-01	1.15e-01	2.33e-02	6.22e-03	3.76e-03	1.86e-04	3.10e-06
 5.20222e+22	1.26e-24	1.33e-13	4.88e-11	3.52e-09	5.69e-08	4.78e-07	4.20e-06	1.10e-03	2.79e-02	2.06e-01	3.65e-01	2.64e-01	1.07e-01	2.10e-02	5.45e-03	3.18e-03	1.50e-04	2.38e-06
 5.22410e+22	1.77e-24	1.76e-13	6.32e-11	4.41e-09	6.93e-08	5.64e-07	4.80e-06	1.21e-03	2.98e-02	2.15e-01	3.69e-01	2.57e-01	1.01e-01	1.93e-02	4.91e-03	2.79e-03	1.27e-04	1.94e-06
 5.24225e+22	2.39e-24	2.27e-13	7.97e-11	5.41e-09	8.27e-08	6.54e-07	5.41e-06	1.32e-03	3.17e-02	2.22e-01	3.72e-01	2.51e-01	9.64e-02	1.79e-02	4.47e-03	2.47e-03	1.09e-04	1.61e-06
 5.26200e+22	3.57e-24	3.19e-13	1.08e-10	7.07e-09	1.04e-07	7.95e-07	6.33e-06	1.48e-03	3.42e-02	2.33e-01	3.76e-01	2.43e-01	9.00e-02	1.61e-02	3.93e-03	2.11e-03	8.83e-05	1.25e-06
 5.28167e+22	4.80e-24	4.09e-13	1.36e-10	8.63e-09	1.24e-07	9.19e-07	7.13e-06	1.61e-03	3.63e-02	2.41e-01	3.79e-01	2.37e-01	8.54e-02	1.49e-02	3.57e-03	1.87e-03	7.57e-05	1.04e-06
 5.30124e+22	7.11e-24	5.69e-13	1.83e-10	1.12e-08	1.56e-07	1.11e-06	8.33e-06	1.80e-03	3.91e-02	2.51e-01	3.82e-01	2.28e-01	7.95e-02	1.34e-02	3.14e-03	1.58e-03	6.14e-05	8.05e-07
 5.32106e+22	9.63e-24	7.35e-13	2.31e-10	1.38e-08	1.86e-07	1.29e-06	9.41e-06	1.96e-03	4.15e-02	2.60e-01	3.83e-01	2.22e-01	7.51e-02	1.23e-02	2.84e-03	1.39e-03	5.22e-05	6.60e-07
 5.34123e+22	1.44e-23	1.03e-12	3.15e-10	1.80e-08	2.36e-07	1.58e-06	1.11e-05	2.20e-03	4.48e-02	2.71e-01	3.85e-01	2.13e-01	6.94e-02	1.10e-02	2.47e-03	1.17e-03	4.17e-05	5.04e-07
 5.36164e+22	1.96e-23	1.34e-12	3.99e-10	2.22e-08	2.83e-07	1.84e-06	1.26e-05	2.41e-03	4.75e-02	2.80e-01	3.86e-01	2.06e-01	6.52e-02	1.00e-02	2.22e-03	1.02e-03	3.51e-05	4.09e-07
 5.38237e+22	2.95e-23	1.89e-12	5.44e-10	2.92e-08	3.61e-07	2.26e-06	1.48e-05	2.70e-03	5.13e-02	2.92e-01	3.87e-01	1.96e-01	5.98e-02	8.85e-03	1.92e-03	8.49e-04	2.78e-05	3.08e-07
 5.40350e+22	4.08e-23	2.48e-12	6.96e-10	3.63e-08	4.37e-07	2.66e-06	1.70e-05	2.97e-03	5.46e-02	3.01e-01	3.87e-01	1.88e-01	5.57e-02	8.00e-03	1.70e-03	7.31e-04	2.30e-05	2.45e-07
 5.42516e+22	6.20e-23	3.53e-12	9.59e-10	4.81e-08	5.61e-07	3.29e-06	2.02e-05	3.36e-03	5.91e-02	3.14e-01	3.86e-01	1.78e-01	5.07e-02	6.98e-03	1.45e-03	5.99e-04	1.79e-05	1.81e-07
 5.44725e+22	8.66e-23	4.66e-12	1.24e-09	6.02e-08	6.85e-07	3.90e-06	2.33e-05	3.70e-03	6.30e-02	3.24e-01	3.85e-01	1.70e-01	4.68e-02	6.25e-03	1.28e-03	5.09e-04	1.45e-05	1.41e-07
 5.46991e+22	1.33e-22	6.68e-12	1.72e-09	8.05e-08	8.89e-07	4.88e-06	2.81e-05	4.21e-03	6.84e-02	3.37e-01	3.82e-01	1.59e-01	4.20e-02	5.38e-03	1.07e-03	4.10e-04	1.11e-05	0.00e+00
 5.49275e+22	1.85e-22	8.81e-12	2.21e-09	1.01e-07	1.09e-06	5.81e-06	3.25e-05	4.66e-03	7.30e-02	3.47e-01	3.79e-01	1.51e-01	3.86e-02	4.78e-03	9.38e-04	3.45e-04	8.91e-06	0.00e+00
 5.51194e+22	2.50e-22	1.13e-11	2.77e-09	1.24e-07	1.31e-06	6.81e-06	3.72e-05	5.11e-03	7.73e-02	3.57e-01	3.76e-01	1.44e-01	3.56e-02	4.27e-03	8.26e-04	2.94e-04	7.28e-06	0.00e+00
 5.53271e+22	3.62e-22	1.54e-11	3.68e-09	1.60e-07	1.65e-06	8.33e-06	4.41e-05	5.75e-03	8.32e-02	3.69e-01	3.71e-01	1.34e-01	3.20e-02	3.69e-03	7.00e-04	2.39e-04	5.61e-06	0.00e+00
 5.55365e+22	4.87e-22	1.96e-11	4.60e-09	1.95e-07	1.99e-06	9.79e-06	5.06e-05	6.32e-03	8.82e-02	3.78e-01	3.67e-01	1.27e-01	2.93e-02	3.28e-03	6.13e-04	2.02e-04	4.55e-06	0.00e+00
 5.57415e+22	6.87e-22	2.60e-11	5.97e-09	2.48e-07	2.48e-06	1.19e-05	5.98e-05	7.08e-03	9.46e-02	3.89e-01	3.61e-01	1.18e-01	2.63e-02	2.83e-03	5.20e-04	1.64e-04	3.51e-06	0.00e+00
 5.59506e+22	9.22e-22	3.30e-11	7.47e-09	3.05e-07	3.00e-06	1.40e-05	6.91e-05	7.81e-03	1.00e-01	3.99e-01	3.55e-01	1.11e-01	2.39e-02	2.49e-03	4.50e-04	1.37e-04	2.80e-06	0.00e+00
 5.61555e+22	1.26e-21	4.26e-11	9.49e-09	3.81e-07	3.69e-06	1.69e-05	8.11e-05	8.72e-03	1.07e-01	4.09e-01	3.48e-01	1.03e-01	2.14e-02	2.15e-03	3.82e-04	1.12e-04	2.17e-06	0.00e+00
 5.63646e+22	1.69e-21	5.39e-11	1.18e-08	4.68e-07	4.48e-06	2.01e-05	9.44e-05	9.66e-03	1.14e-01	4.18e-01	3.40e-01	9.61e-02	1.92e-02	1.87e-03	3.27e-04	9.18e-05	1.70e-06	0.00e+00
 5.65714e+22	2.26e-21	6.80e-11	1.48e-08	5.77e-07	5.47e-06	2.40e-05	1.10e-04	1.07e-02	1.21e-01	4.27e-01	3.32e-01	8.90e-02	1.72e-02	1.61e-03	2.78e-04	7.49e-05	1.32e-06	0.00e+00
 5.67793e+22	2.99e-21	8.46e-11	1.82e-08	7.05e-07	6.62e-06	2.85e-05	1.29e-04	1.19e-02	1.29e-01	4.36e-01	3.24e-01	8.24e-02	1.54e-02	1.39e-03	2.37e-04	6.12e-05	1.03e-06	0.00e+00
 5.69848e+22	3.91e-21	1.04e-10	2.24e-08	8.57e-07	7.99e-06	3.37e-05	1.50e-04	1.32e-02	1.37e-01	4.44e-01	3.15e-01	7.62e-02	1.37e-02	1.20e-03	2.01e-04	5.00e-05	8.02e-07	0.00e+00
 5.71898e+22	5.07e-21	1.27e-10	2.72e-08	1.04e-06	9.61e-06	3.99e-05	1.74e-04	1.46e-02	1.45e-01	4.51e-01	3.06e-01	7.03e-02	1.22e-02	1.04e-03	1.71e-04	4.08e-05	6.24e-07	0.00e+00
 5.73952e+22	6.54e-21	1.54e-10	3.30e-08	1.25e-06	1.15e-05	4.71e-05	2.02e-04	1.61e-02	1.53e-01	4.58e-01	2.96e-01	6.47e-02	1.09e-02	8.91e-04	1.45e-04	3.32e-05	4.84e-07	0.00e+00
 5.76014e+22	8.37e-21	1.85e-10	3.98e-08	1.50e-06	1.38e-05	5.55e-05	2.35e-04	1.78e-02	1.62e-01	4.64e-01	2.86e-01	5.94e-02	9.66e-03	7.65e-04	1.23e-04	2.70e-05	3.75e-07	0.00e+00
 5.78087e+22	1.07e-20	2.21e-10	4.77e-08	1.80e-06	1.65e-05	6.53e-05	2.73e-04	1.97e-02	1.71e-01	4.69e-01	2.76e-01	5.44e-02	8.56e-03	6.56e-04	1.04e-04	2.19e-05	2.90e-07	0.00e+00
 5.80179e+22	1.35e-20	2.63e-10	5.71e-08	2.15e-06	1.97e-05	7.67e-05	3.17e-04	2.17e-02	1.81e-01	4.74e-01	2.65e-01	4.98e-02	7.57e-03	5.61e-04	8.73e-05	1.77e-05	2.24e-07	0.00e+00
 5.82296e+22	1.71e-20	3.10e-10	6.80e-08	2.57e-06	2.35e-05	9.02e-05	3.68e-04	2.40e-02	1.91e-01	4.77e-01	2.55e-01	4.54e-02	6.68e-03	4.79e-04	7.34e-05	1.43e-05	1.72e-07	0.00e+00
 5.84422e+22	2.14e-20	3.63e-10	8.07e-08	3.05e-06	2.78e-05	1.06e-04	4.27e-04	2.64e-02	2.01e-01	4.80e-01	2.44e-01	4.14e-02	5.90e-03	4.09e-04	6.17e-05	1.16e-05	1.32e-07	0.00e+00
