#depth	Si	Si+	Si+2	Si+3	Si+4	Si+5	Si+6	Si+7	Si+8	Si+9	Si+10	Si+11	Si+12	Si+13	Si+14
 4.62852e+21	0.00e+00	0.00e+00	0.00e+00	0.00e+00	0.00e+00	0.00e+00	3.46e-24	1.98e-20	4.89e-17	5.96e-14	4.53e-11	3.45e-08	6.18e-05	1.43e-02	9.86e-01
 1.05351e+22	0.00e+00	0.00e+00	0.00e+00	0.00e+00	0.00e+00	4.92e-27	5.94e-23	2.36e-19	4.13e-16	3.52e-13	1.87e-10	9.99e-08	1.26e-04	2.03e-02	9.80e-01
 1.26783e+22	0.00e+00	0.00e+00	0.00e+00	0.00e+00	1.34e-30	4.22e-26	4.00e-22	1.25e-18	1.72e-15	1.15e-12	4.83e-10	2.03e-07	2.01e-04	2.57e-02	9.74e-01
 1.42353e+22	0.00e+00	0.00e+00	0.00e+00	0.00e+00	9.06e-30	2.34e-25	1.83e-21	4.74e-18	5.35e-15	2.95e-12	1.03e-09	3.57e-07	2.93e-04	3.09e-02	9.69e-01
 1.51003e+22	0.00e+00	0.00e+00	0.00e+00	0.00e+00	1.46e-29	3.61e-25	2.69e-21	6.61e-18	7.11e-15	3.73e-12	1.24e-09	4.12e-07	3.22e-04	3.24e-02	9.67e-01
 1.54423e+22	0.00e+00	0.00e+00	0.00e+00	0.00e+00	2.33e-29	5.47e-25	3.89e-21	9.14e-18	9.37e-15	4.70e-12	1.49e-09	4.72e-07	3.53e-04	3.38e-02	9.66e-01
 1.58309e+22	0.00e+00	0.00e+00	0.00e+00	0.00e+00	4.17e-29	9.26e-25	6.20e-21	1.37e-17	1.33e-14	6.26e-12	1.88e-09	5.61e-07	3.95e-04	3.58e-02	9.64e-01
 1.62263e+22	0.00e+00	0.00e+00	0.00e+00	0.00e+00	6.81e-29	1.44e-24	9.17e-21	1.93e-17	1.77e-14	7.98e-12	2.28e-09	6.48e-07	4.35e-04	3.75e-02	9.62e-01
 1.65751e+22	0.00e+00	0.00e+00	0.00e+00	0.00e+00	1.10e-28	2.21e-24	1.34e-20	2.69e-17	2.36e-14	1.01e-11	2.75e-09	7.47e-07	4.78e-04	3.93e-02	9.60e-01
 1.69172e+22	0.00e+00	0.00e+00	0.00e+00	0.00e+00	1.76e-28	3.37e-24	1.95e-20	3.73e-17	3.12e-14	1.27e-11	3.31e-09	8.57e-07	5.24e-04	4.11e-02	9.58e-01
 1.73064e+22	0.00e+00	0.00e+00	0.00e+00	0.00e+00	3.13e-28	5.66e-24	3.09e-20	5.58e-17	4.39e-14	1.69e-11	4.16e-09	1.02e-06	5.86e-04	4.34e-02	9.56e-01
 1.76751e+22	0.00e+00	0.00e+00	0.00e+00	0.00e+00	4.86e-28	8.41e-24	4.40e-20	7.59e-17	5.71e-14	2.10e-11	4.94e-09	1.16e-06	6.39e-04	4.53e-02	9.54e-01
 1.79613e+22	0.00e+00	0.00e+00	0.00e+00	7.16e-33	7.15e-28	1.19e-23	5.98e-20	9.93e-17	7.18e-14	2.54e-11	5.76e-09	1.30e-06	6.89e-04	4.70e-02	9.52e-01
 1.82774e+22	0.00e+00	0.00e+00	0.00e+00	1.18e-32	1.12e-27	1.79e-23	8.59e-20	1.36e-16	9.39e-14	3.18e-11	6.88e-09	1.48e-06	7.53e-04	4.91e-02	9.50e-01
 1.86201e+22	0.00e+00	0.00e+00	0.00e+00	1.91e-32	1.75e-27	2.66e-23	1.22e-19	1.85e-16	1.22e-13	3.95e-11	8.19e-09	1.69e-06	8.20e-04	5.12e-02	9.48e-01
 1.89400e+22	0.00e+00	0.00e+00	0.00e+00	3.09e-32	2.71e-27	3.93e-23	1.73e-19	2.51e-16	1.58e-13	4.90e-11	9.72e-09	1.92e-06	8.93e-04	5.33e-02	9.46e-01
 1.92399e+22	0.00e+00	0.00e+00	0.00e+00	4.81e-32	4.04e-27	5.64e-23	2.38e-19	3.31e-16	2.01e-13	5.97e-11	1.14e-08	2.16e-06	9.66e-04	5.54e-02	9.44e-01
 1.95715e+22	0.00e+00	0.00e+00	0.00e+00	8.08e-32	6.47e-27	8.62e-23	3.47e-19	4.60e-16	2.65e-13	7.52e-11	1.37e-08	2.48e-06	1.06e-03	5.79e-02	9.41e-01
 1.99223e+22	0.00e+00	0.00e+00	0.00e+00	1.34e-31	1.03e-26	1.30e-22	5.02e-19	6.35e-16	3.49e-13	9.45e-11	1.64e-08	2.84e-06	1.16e-03	6.05e-02	9.38e-01
 2.02319e+22	0.00e+00	0.00e+00	0.00e+00	2.11e-31	1.55e-26	1.89e-22	6.97e-19	8.46e-16	4.46e-13	1.16e-10	1.93e-08	3.20e-06	1.25e-03	6.29e-02	9.36e-01
 2.05028e+22	0.00e+00	0.00e+00	0.00e+00	3.15e-31	2.23e-26	2.62e-22	9.31e-19	1.09e-15	5.54e-13	1.38e-10	2.23e-08	3.57e-06	1.35e-03	6.50e-02	9.34e-01
 2.07509e+22	0.00e+00	0.00e+00	0.00e+00	4.52e-31	3.10e-26	3.52e-22	1.21e-18	1.37e-15	6.72e-13	1.63e-10	2.54e-08	3.92e-06	1.43e-03	6.71e-02	9.31e-01
 2.10348e+22	0.00e+00	0.00e+00	0.00e+00	7.00e-31	4.61e-26	5.03e-22	1.66e-18	1.80e-15	8.51e-13	1.98e-10	2.96e-08	4.41e-06	1.55e-03	6.96e-02	9.29e-01
 2.13425e+22	0.00e+00	0.00e+00	0.00e+00	1.09e-30	6.88e-26	7.21e-22	2.29e-18	2.38e-15	1.08e-12	2.41e-10	3.47e-08	4.96e-06	1.67e-03	7.23e-02	9.26e-01
 2.16238e+22	0.00e+00	0.00e+00	0.00e+00	1.65e-30	1.00e-25	1.01e-21	3.09e-18	3.10e-15	1.35e-12	2.90e-10	4.03e-08	5.54e-06	1.80e-03	7.48e-02	9.23e-01
 2.18899e+22	0.00e+00	0.00e+00	0.00e+00	2.46e-30	1.44e-25	1.40e-21	4.13e-18	3.99e-15	1.68e-12	3.47e-10	4.64e-08	6.16e-06	1.93e-03	7.74e-02	9.21e-01
 2.21520e+22	0.00e+00	0.00e+00	0.00e+00	3.63e-30	2.06e-25	1.93e-21	5.48e-18	5.11e-15	2.07e-12	4.13e-10	5.34e-08	6.83e-06	2.07e-03	8.00e-02	9.18e-01
 2.24517e+22	0.00e+00	0.00e+00	0.00e+00	5.77e-30	3.14e-25	2.82e-21	7.67e-18	6.85e-15	2.66e-12	5.08e-10	6.30e-08	7.73e-06	2.24e-03	8.31e-02	9.15e-01
 2.27655e+22	0.00e+00	0.00e+00	0.00e+00	9.07e-30	4.73e-25	4.08e-21	1.07e-17	9.12e-15	3.39e-12	6.22e-10	7.40e-08	8.72e-06	2.43e-03	8.63e-02	9.11e-01
 2.30369e+22	0.00e+00	0.00e+00	0.00e+00	1.35e-29	6.79e-25	5.65e-21	1.42e-17	1.17e-14	4.20e-12	7.43e-10	8.53e-08	9.69e-06	2.60e-03	8.92e-02	9.08e-01
 2.33289e+22	0.00e+00	0.00e+00	0.00e+00	2.14e-29	1.03e-24	8.25e-21	1.99e-17	1.57e-14	5.40e-12	9.13e-10	1.01e-07	1.10e-05	2.82e-03	9.27e-02	9.04e-01
 2.36188e+22	0.00e+00	0.00e+00	0.00e+00	3.20e-29	1.49e-24	1.14e-20	2.66e-17	2.03e-14	6.70e-12	1.09e-09	1.16e-07	1.22e-05	3.02e-03	9.59e-02	9.01e-01
 2.38549e+22	0.00e+00	0.00e+00	0.00e+00	4.51e-29	2.04e-24	1.52e-20	3.41e-17	2.52e-14	8.07e-12	1.28e-09	1.31e-07	1.33e-05	3.21e-03	9.86e-02	8.98e-01
 2.41110e+22	0.00e+00	0.00e+00	0.00e+00	6.73e-29	2.93e-24	2.10e-20	4.56e-17	3.24e-14	1.00e-11	1.52e-09	1.51e-07	1.48e-05	3.44e-03	1.02e-01	8.95e-01
 2.43896e+22	0.00e+00	0.00e+00	3.48e-33	1.01e-28	4.24e-24	2.93e-20	6.13e-17	4.20e-14	1.25e-11	1.83e-09	1.75e-07	1.65e-05	3.69e-03	1.05e-01	8.91e-01
 2.46452e+22	0.00e+00	0.00e+00	5.16e-33	1.45e-28	5.90e-24	3.95e-20	7.98e-17	5.29e-14	1.52e-11	2.15e-09	1.99e-07	1.82e-05	3.93e-03	1.09e-01	8.88e-01
 2.49255e+22	0.00e+00	0.00e+00	8.29e-33	2.25e-28	8.79e-24	5.65e-20	1.10e-16	6.97e-14	1.92e-11	2.61e-09	2.33e-07	2.04e-05	4.24e-03	1.12e-01	8.83e-01
 2.52112e+22	0.00e+00	0.00e+00	1.28e-32	3.37e-28	1.27e-23	7.86e-20	1.47e-16	9.01e-14	2.39e-11	3.13e-09	2.69e-07	2.27e-05	4.55e-03	1.16e-01	8.79e-01
 2.54510e+22	0.00e+00	0.00e+00	1.88e-32	4.78e-28	1.74e-23	1.05e-19	1.90e-16	1.12e-13	2.89e-11	3.66e-09	3.04e-07	2.49e-05	4.84e-03	1.20e-01	8.76e-01
 2.57095e+22	0.00e+00	0.00e+00	2.91e-32	7.17e-28	2.52e-23	1.46e-19	2.54e-16	1.45e-13	3.59e-11	4.39e-09	3.52e-07	2.78e-05	5.19e-03	1.23e-01	8.71e-01
 2.59876e+22	0.00e+00	0.00e+00	4.51e-32	1.07e-27	3.64e-23	2.03e-19	3.41e-16	1.88e-13	4.47e-11	5.26e-09	4.06e-07	3.09e-05	5.56e-03	1.28e-01	8.67e-01
 2.62406e+22	0.00e+00	0.00e+00	6.68e-32	1.54e-27	5.07e-23	2.73e-19	4.44e-16	2.36e-13	5.43e-11	6.19e-09	4.62e-07	3.40e-05	5.92e-03	1.31e-01	8.63e-01
 2.64749e+22	0.00e+00	0.00e+00	9.72e-32	2.18e-27	6.95e-23	3.62e-19	5.71e-16	2.94e-13	6.55e-11	7.23e-09	5.23e-07	3.72e-05	6.28e-03	1.35e-01	8.59e-01
 2.67010e+22	0.00e+00	0.00e+00	1.39e-31	3.03e-27	9.36e-23	4.74e-19	7.25e-16	3.62e-13	7.82e-11	8.36e-09	5.87e-07	4.06e-05	6.64e-03	1.38e-01	8.55e-01
 2.69602e+22	0.00e+00	0.00e+00	2.14e-31	4.51e-27	1.35e-22	6.57e-19	9.69e-16	4.66e-13	9.71e-11	1.00e-08	6.77e-07	4.51e-05	7.11e-03	1.43e-01	8.50e-01
 2.72356e+22	0.00e+00	0.00e+00	3.28e-31	6.69e-27	1.93e-22	9.07e-19	1.29e-15	5.99e-13	1.20e-10	1.19e-08	7.79e-07	5.00e-05	7.61e-03	1.47e-01	8.45e-01
 2.74814e+22	0.00e+00	0.00e+00	4.87e-31	9.63e-27	2.69e-22	1.22e-18	1.68e-15	7.55e-13	1.46e-10	1.40e-08	8.86e-07	5.50e-05	8.10e-03	1.52e-01	8.40e-01
 2.77501e+22	0.00e+00	0.00e+00	7.68e-31	1.47e-26	3.95e-22	1.73e-18	2.28e-15	9.86e-13	1.84e-10	1.70e-08	1.03e-06	6.15e-05	8.70e-03	1.57e-01	8.35e-01
 2.80352e+22	0.00e+00	0.00e+00	1.20e-30	2.22e-26	5.75e-22	2.42e-18	3.09e-15	1.28e-12	2.30e-10	2.04e-08	1.19e-06	6.85e-05	9.34e-03	1.62e-01	8.29e-01
 2.82767e+22	0.00e+00	0.00e+00	1.75e-30	3.14e-26	7.89e-22	3.22e-18	3.97e-15	1.60e-12	2.77e-10	2.38e-08	1.35e-06	7.51e-05	9.90e-03	1.66e-01	8.24e-01
 2.85256e+22	0.00e+00	0.00e+00	2.68e-30	4.65e-26	1.13e-21	4.45e-18	5.29e-15	2.05e-12	3.43e-10	2.84e-08	1.55e-06	8.32e-05	1.06e-02	1.71e-01	8.18e-01
 2.87913e+22	0.00e+00	0.00e+00	4.05e-30	6.79e-26	1.60e-21	6.07e-18	6.97e-15	2.61e-12	4.21e-10	3.37e-08	1.78e-06	9.19e-05	1.13e-02	1.76e-01	8.13e-01
 2.90336e+22	0.00e+00	0.00e+00	5.96e-30	9.69e-26	2.21e-21	8.13e-18	9.03e-15	3.27e-12	5.11e-10	3.95e-08	2.02e-06	1.01e-04	1.20e-02	1.81e-01	8.07e-01
 2.93035e+22	0.00e+00	0.00e+00	9.45e-30	1.48e-25	3.26e-21	1.15e-17	1.23e-14	4.29e-12	6.44e-10	4.79e-08	2.34e-06	1.13e-04	1.29e-02	1.87e-01	8.00e-01
 2.95870e+22	0.00e+00	0.00e+00	1.50e-29	2.27e-25	4.79e-21	1.63e-17	1.68e-14	5.61e-12	8.11e-10	5.79e-08	2.73e-06	1.26e-04	1.38e-02	1.92e-01	7.94e-01
 2.98212e+22	0.00e+00	0.00e+00	2.12e-29	3.13e-25	6.43e-21	2.13e-17	2.12e-14	6.89e-12	9.65e-10	6.69e-08	3.06e-06	1.37e-04	1.46e-02	1.97e-01	7.88e-01
 3.00586e+22	0.00e+00	0.00e+00	3.23e-29	4.60e-25	9.15e-21	2.92e-17	2.81e-14	8.81e-12	1.19e-09	7.96e-08	3.51e-06	1.52e-04	1.56e-02	2.03e-01	7.82e-01
 3.03139e+22	0.00e+00	0.00e+00	4.81e-29	6.65e-25	1.28e-20	3.95e-17	3.67e-14	1.11e-11	1.45e-09	9.39e-08	3.99e-06	1.67e-04	1.66e-02	2.08e-01	7.75e-01
 3.05526e+22	0.00e+00	0.00e+00	7.09e-29	9.50e-25	1.77e-20	5.29e-17	4.77e-14	1.40e-11	1.76e-09	1.10e-07	4.53e-06	1.83e-04	1.76e-02	2.14e-01	7.69e-01
 3.08230e+22	0.00e+00	1.77e-33	1.14e-28	1.47e-24	2.63e-20	7.56e-17	6.54e-14	1.84e-11	2.23e-09	1.34e-07	5.29e-06	2.05e-04	1.89e-02	2.20e-01	7.61e-01
 3.11029e+22	0.00e+00	2.91e-33	1.80e-28	2.24e-24	3.87e-20	1.07e-16	8.91e-14	2.41e-11	2.81e-09	1.62e-07	6.15e-06	2.29e-04	2.03e-02	2.27e-01	7.53e-01
 3.13297e+22	0.00e+00	3.01e-33	1.82e-28	2.20e-24	5.16e-20	1.38e-16	1.12e-13	2.94e-11	3.34e-09	1.87e-07	6.87e-06	2.48e-04	2.13e-02	2.32e-01	7.47e-01
 3.15590e+22	0.00e+00	4.76e-33	2.79e-28	3.26e-24	7.37e-20	1.91e-16	1.49e-13	3.77e-11	4.13e-09	2.23e-07	7.89e-06	2.75e-04	2.27e-02	2.38e-01	7.39e-01
 3.18033e+22	0.00e+00	7.26e-33	4.13e-28	4.67e-24	1.02e-19	2.56e-16	1.94e-13	4.75e-11	5.02e-09	2.62e-07	8.97e-06	3.02e-04	2.41e-02	2.44e-01	7.32e-01
 3.20310e+22	0.00e+00	1.09e-32	6.05e-28	6.63e-24	1.41e-19	3.42e-16	2.50e-13	5.93e-11	6.07e-09	3.07e-07	1.01e-05	3.31e-04	2.55e-02	2.50e-01	7.24e-01
 3.22910e+22	0.00e+00	1.86e-32	9.89e-28	1.04e-23	2.13e-19	4.95e-16	3.47e-13	7.91e-11	7.77e-09	3.76e-07	1.19e-05	3.71e-04	2.75e-02	2.57e-01	7.15e-01
 3.25539e+22	0.00e+00	2.89e-32	1.49e-27	1.52e-23	3.00e-19	6.74e-16	4.57e-13	1.01e-10	9.54e-09	4.46e-07	1.36e-05	4.09e-04	2.92e-02	2.64e-01	7.07e-01
 3.27741e+22	0.00e+00	4.34e-32	2.18e-27	2.15e-23	4.12e-19	8.97e-16	5.89e-13	1.25e-10	1.15e-08	5.21e-07	1.54e-05	4.48e-04	3.09e-02	2.70e-01	6.99e-01
 3.29805e+22	0.00e+00	6.32e-32	3.09e-27	2.96e-23	5.52e-19	1.17e-15	7.44e-13	1.54e-10	1.37e-08	6.03e-07	1.72e-05	4.86e-04	3.25e-02	2.75e-01	6.92e-01
 3.32152e+22	0.00e+00	1.02e-31	4.82e-27	4.44e-23	8.00e-19	1.63e-15	1.00e-12	1.99e-10	1.71e-08	7.24e-07	1.99e-05	5.39e-04	3.47e-02	2.83e-01	6.82e-01
 3.34608e+22	0.00e+00	1.58e-31	7.25e-27	6.46e-23	1.13e-18	2.22e-15	1.32e-12	2.53e-10	2.10e-08	8.58e-07	2.27e-05	5.94e-04	3.68e-02	2.89e-01	6.73e-01
 3.36800e+22	0.00e+00	2.41e-31	1.07e-26	9.22e-23	1.56e-18	2.97e-15	1.71e-12	3.18e-10	2.56e-08	1.01e-06	2.58e-05	6.51e-04	3.90e-02	2.96e-01	6.65e-01
 3.39248e+22	0.00e+00	4.04e-31	1.73e-26	1.43e-22	2.33e-18	4.26e-15	2.35e-12	4.20e-10	3.25e-08	1.23e-06	3.01e-05	7.28e-04	4.18e-02	3.03e-01	6.54e-01
 3.41659e+22	0.00e+00	6.17e-31	2.56e-26	2.04e-22	3.23e-18	5.72e-15	3.05e-12	5.28e-10	3.95e-08	1.45e-06	3.41e-05	7.97e-04	4.42e-02	3.10e-01	6.45e-01
 3.43653e+22	0.00e+00	8.99e-31	3.63e-26	2.81e-22	4.32e-18	7.43e-15	3.85e-12	6.47e-10	4.70e-08	1.67e-06	3.82e-05	8.65e-04	4.64e-02	3.16e-01	6.37e-01
 3.45875e+22	0.00e+00	1.45e-30	5.66e-26	4.22e-22	6.26e-18	1.04e-14	5.18e-12	8.39e-10	5.87e-08	2.01e-06	4.41e-05	9.58e-04	4.95e-02	3.23e-01	6.27e-01
 3.48178e+22	0.00e+00	2.23e-30	8.42e-26	6.05e-22	8.72e-18	1.40e-14	6.75e-12	1.06e-09	7.17e-08	2.37e-06	5.01e-05	1.05e-03	5.23e-02	3.30e-01	6.17e-01
 3.50224e+22	0.00e+00	3.32e-30	1.22e-25	8.48e-22	1.19e-17	1.84e-14	8.63e-12	1.31e-09	8.62e-08	2.76e-06	5.63e-05	1.14e-03	5.51e-02	3.36e-01	6.08e-01
 3.52523e+22	0.00e+00	5.53e-30	1.95e-25	1.30e-21	1.76e-17	2.62e-14	1.18e-11	1.72e-09	1.09e-07	3.35e-06	6.55e-05	1.27e-03	5.88e-02	3.44e-01	5.96e-01
 3.54807e+22	0.00e+00	8.46e-30	2.89e-25	1.86e-21	2.44e-17	3.52e-14	1.53e-11	2.17e-09	1.33e-07	3.94e-06	7.43e-05	1.39e-03	6.21e-02	3.50e-01	5.86e-01
 3.56701e+22	0.00e+00	1.23e-29	4.08e-25	2.55e-21	3.25e-17	4.57e-14	1.93e-11	2.65e-09	1.58e-07	4.55e-06	8.30e-05	1.51e-03	6.51e-02	3.56e-01	5.78e-01
 3.58791e+22	0.00e+00	1.95e-29	6.24e-25	3.75e-21	4.63e-17	6.28e-14	2.56e-11	3.39e-09	1.95e-07	5.43e-06	9.50e-05	1.66e-03	6.90e-02	3.63e-01	5.67e-01
 3.60991e+22	0.00e+00	2.96e-29	9.20e-25	5.33e-21	6.40e-17	8.40e-14	3.32e-11	4.25e-09	2.37e-07	6.37e-06	1.08e-04	1.82e-03	7.27e-02	3.69e-01	5.57e-01
 3.62991e+22	0.00e+00	3.69e-29	1.11e-24	7.59e-21	8.84e-17	1.12e-13	4.30e-11	5.33e-09	2.87e-07	7.48e-06	1.22e-04	1.98e-03	7.66e-02	3.75e-01	5.46e-01
 3.64927e+22	0.00e+00	5.48e-29	1.60e-24	1.06e-20	1.20e-16	1.48e-13	5.47e-11	6.59e-09	3.45e-07	8.69e-06	1.37e-04	2.15e-03	8.04e-02	3.81e-01	5.37e-01
 3.66818e+22	0.00e+00	8.09e-29	2.29e-24	1.46e-20	1.61e-16	1.93e-13	6.95e-11	8.12e-09	4.12e-07	1.01e-05	1.53e-04	2.33e-03	8.43e-02	3.86e-01	5.27e-01
 3.68975e+22	0.00e+00	1.32e-28	3.60e-24	2.20e-20	2.35e-16	2.71e-13	9.38e-11	1.06e-08	5.17e-07	1.21e-05	1.77e-04	2.58e-03	8.95e-02	3.93e-01	5.15e-01
 3.71171e+22	0.00e+00	2.03e-28	5.34e-24	3.14e-20	3.26e-16	3.64e-13	1.22e-10	1.33e-08	6.29e-07	1.43e-05	2.00e-04	2.82e-03	9.42e-02	3.99e-01	5.04e-01
 3.73043e+22	0.00e+00	2.97e-28	7.59e-24	4.32e-20	4.36e-16	4.73e-13	1.54e-10	1.63e-08	7.49e-07	1.65e-05	2.23e-04	3.04e-03	9.85e-02	4.04e-01	4.94e-01
 3.75099e+22	0.00e+00	4.79e-28	1.18e-23	6.43e-20	6.28e-16	6.57e-13	2.06e-10	2.10e-08	9.33e-07	1.98e-05	2.57e-04	3.35e-03	1.04e-01	4.10e-01	4.82e-01
 3.77219e+22	0.00e+00	7.27e-28	1.73e-23	9.10e-20	8.65e-16	8.76e-13	2.66e-10	2.62e-08	1.13e-06	2.32e-05	2.90e-04	3.65e-03	1.09e-01	4.16e-01	4.71e-01
 3.79100e+22	0.00e+00	1.09e-27	2.51e-23	1.27e-19	1.17e-15	1.15e-12	3.40e-10	3.25e-08	1.36e-06	2.70e-05	3.25e-04	3.96e-03	1.15e-01	4.21e-01	4.61e-01
 3.81224e+22	0.00e+00	1.77e-27	3.94e-23	1.91e-19	1.71e-15	1.62e-12	4.58e-10	4.22e-08	1.70e-06	3.25e-05	3.74e-04	4.37e-03	1.21e-01	4.26e-01	4.48e-01
 3.83372e+22	0.00e+00	2.71e-27	5.81e-23	2.71e-19	2.36e-15	2.16e-12	5.93e-10	5.29e-08	2.06e-06	3.81e-05	4.22e-04	4.75e-03	1.27e-01	4.31e-01	4.37e-01
 3.85224e+22	0.00e+00	4.01e-27	8.35e-23	3.75e-19	3.18e-15	2.83e-12	7.54e-10	6.52e-08	2.47e-06	4.42e-05	4.73e-04	5.13e-03	1.33e-01	4.35e-01	4.26e-01
 3.87304e+22	0.00e+00	6.53e-27	1.31e-22	5.61e-19	4.61e-15	3.95e-12	1.01e-09	8.45e-08	3.09e-06	5.32e-05	5.43e-04	5.65e-03	1.40e-01	4.40e-01	4.13e-01
 3.89470e+22	0.00e+00	1.02e-26	1.96e-22	8.08e-19	6.45e-15	5.36e-12	1.33e-09	1.07e-07	3.79e-06	6.28e-05	6.17e-04	6.17e-03	1.47e-01	4.44e-01	4.02e-01
 3.91412e+22	5.01e-34	1.52e-26	2.85e-22	1.13e-18	8.77e-15	7.06e-12	1.70e-09	1.33e-07	4.55e-06	7.31e-05	6.91e-04	6.67e-03	1.54e-01	4.48e-01	3.91e-01
 3.93267e+22	7.84e-34	2.28e-26	4.12e-22	1.57e-18	1.19e-14	9.31e-12	2.17e-09	1.64e-07	5.47e-06	8.51e-05	7.75e-04	7.21e-03	1.60e-01	4.51e-01	3.80e-01
 3.95032e+22	1.18e-33	3.29e-26	5.78e-22	2.13e-18	1.58e-14	1.20e-11	2.72e-09	2.00e-07	6.48e-06	9.78e-05	8.60e-04	7.74e-03	1.67e-01	4.54e-01	3.71e-01
 3.97011e+22	2.04e-33	5.39e-26	9.07e-22	3.18e-18	2.29e-14	1.68e-11	3.66e-09	2.59e-07	8.11e-06	1.18e-04	9.88e-04	8.51e-03	1.75e-01	4.57e-01	3.58e-01
 3.99002e+22	3.16e-33	8.00e-26	1.30e-21	4.40e-18	3.08e-14	2.20e-11	4.65e-09	3.20e-07	9.71e-06	1.36e-04	1.10e-03	9.17e-03	1.82e-01	4.60e-01	3.47e-01
 4.00613e+22	4.56e-33	1.11e-25	1.76e-21	5.76e-18	3.96e-14	2.75e-11	5.69e-09	3.81e-07	1.13e-05	1.54e-04	1.21e-03	9.76e-03	1.89e-01	4.62e-01	3.39e-01
 4.02004e+22	6.42e-33	1.51e-25	2.34e-21	7.40e-18	4.99e-14	3.39e-11	6.85e-09	4.49e-07	1.30e-05	1.73e-04	1.32e-03	1.03e-02	1.94e-01	4.63e-01	3.31e-01
 4.03287e+22	8.79e-33	2.01e-25	3.03e-21	9.32e-18	6.18e-14	4.11e-11	8.13e-09	5.21e-07	1.48e-05	1.93e-04	1.43e-03	1.09e-02	2.00e-01	4.64e-01	3.23e-01
 4.04735e+22	1.30e-32	2.86e-25	4.18e-21	1.24e-17	8.07e-14	5.23e-11	1.01e-08	6.29e-07	1.74e-05	2.20e-04	1.58e-03	1.17e-02	2.07e-01	4.65e-01	3.14e-01
 4.06237e+22	1.83e-32	3.89e-25	5.53e-21	1.59e-17	1.02e-13	6.45e-11	1.21e-08	7.40e-07	2.00e-05	2.47e-04	1.72e-03	1.23e-02	2.13e-01	4.66e-01	3.06e-01
 4.07527e+22	2.53e-32	5.19e-25	7.19e-21	2.01e-17	1.26e-13	7.84e-11	1.44e-08	8.62e-07	2.28e-05	2.75e-04	1.86e-03	1.30e-02	2.19e-01	4.67e-01	2.99e-01
 4.08717e+22	3.41e-32	6.80e-25	9.19e-21	2.50e-17	1.54e-13	9.42e-11	1.70e-08	9.94e-07	2.58e-05	3.04e-04	2.01e-03	1.37e-02	2.25e-01	4.67e-01	2.92e-01
 4.10059e+22	4.92e-32	9.43e-25	1.24e-20	3.26e-17	1.98e-13	1.18e-10	2.07e-08	1.18e-06	2.99e-05	3.44e-04	2.20e-03	1.45e-02	2.32e-01	4.68e-01	2.84e-01
 4.11398e+22	6.63e-32	1.23e-24	1.58e-20	4.04e-17	2.42e-13	1.41e-10	2.44e-08	1.36e-06	3.38e-05	3.80e-04	2.37e-03	1.52e-02	2.37e-01	4.68e-01	2.77e-01
 4.12534e+22	8.93e-32	1.61e-24	2.01e-20	5.00e-17	2.95e-13	1.69e-10	2.86e-08	1.57e-06	3.82e-05	4.20e-04	2.55e-03	1.60e-02	2.43e-01	4.67e-01	2.70e-01
 4.13636e+22	1.19e-31	2.09e-24	2.55e-20	6.15e-17	3.58e-13	2.02e-10	3.35e-08	1.80e-06	4.30e-05	4.63e-04	2.74e-03	1.68e-02	2.49e-01	4.67e-01	2.64e-01
 4.14891e+22	1.70e-31	2.87e-24	3.40e-20	7.93e-17	4.53e-13	2.50e-10	4.06e-08	2.13e-06	4.98e-05	5.21e-04	2.99e-03	1.77e-02	2.56e-01	4.67e-01	2.56e-01
 4.16177e+22	2.35e-31	3.82e-24	4.40e-20	9.96e-17	5.61e-13	3.03e-10	4.82e-08	2.48e-06	5.67e-05	5.80e-04	3.23e-03	1.87e-02	2.62e-01	4.66e-01	2.49e-01
 4.17285e+22	3.12e-31	4.92e-24	5.54e-20	1.22e-16	6.77e-13	3.60e-10	5.62e-08	2.83e-06	6.37e-05	6.38e-04	3.47e-03	1.95e-02	2.68e-01	4.65e-01	2.43e-01
 4.18313e+22	4.10e-31	6.27e-24	6.90e-20	1.47e-16	8.10e-13	4.24e-10	6.51e-08	3.22e-06	7.12e-05	6.99e-04	3.71e-03	2.04e-02	2.74e-01	4.64e-01	2.37e-01
 4.19299e+22	5.34e-31	7.95e-24	8.53e-20	1.78e-16	9.66e-13	4.97e-10	7.51e-08	3.65e-06	7.93e-05	7.63e-04	3.96e-03	2.13e-02	2.79e-01	4.63e-01	2.32e-01
 4.20429e+22	7.47e-31	1.07e-23	1.12e-19	2.25e-16	1.20e-12	6.08e-10	8.99e-08	4.28e-06	9.09e-05	8.54e-04	4.29e-03	2.24e-02	2.86e-01	4.62e-01	2.25e-01
 4.21577e+22	1.00e-30	1.39e-23	1.41e-19	2.76e-16	1.46e-12	7.26e-10	1.05e-07	4.92e-06	1.03e-04	9.42e-04	4.62e-03	2.34e-02	2.92e-01	4.60e-01	2.18e-01
 4.22561e+22	1.31e-30	1.76e-23	1.75e-19	3.32e-16	1.74e-12	8.50e-10	1.21e-07	5.57e-06	1.14e-04	1.03e-03	4.92e-03	2.44e-02	2.98e-01	4.59e-01	2.13e-01
 4.23650e+22	1.83e-30	2.38e-23	2.29e-19	4.19e-16	2.17e-12	1.04e-09	1.46e-07	6.53e-06	1.31e-04	1.15e-03	5.34e-03	2.57e-02	3.05e-01	4.56e-01	2.06e-01
 4.24771e+22	2.47e-30	3.10e-23	2.89e-19	5.13e-16	2.63e-12	1.24e-09	1.71e-07	7.51e-06	1.48e-04	1.27e-03	5.74e-03	2.69e-02	3.11e-01	4.54e-01	2.00e-01
 4.25760e+22	3.26e-30	3.97e-23	3.61e-19	6.21e-16	3.15e-12	1.46e-09	1.98e-07	8.56e-06	1.66e-04	1.40e-03	6.14e-03	2.81e-02	3.17e-01	4.52e-01	1.95e-01
 4.26874e+22	4.69e-30	5.48e-23	4.81e-19	7.95e-16	3.99e-12	1.82e-09	2.41e-07	1.02e-05	1.93e-04	1.58e-03	6.71e-03	2.96e-02	3.25e-01	4.49e-01	1.88e-01
 4.28001e+22	6.30e-30	7.11e-23	6.06e-19	9.69e-16	4.82e-12	2.17e-09	2.82e-07	1.17e-05	2.17e-04	1.74e-03	7.20e-03	3.10e-02	3.32e-01	4.46e-01	1.82e-01
 4.28962e+22	8.22e-30	9.00e-23	7.47e-19	1.16e-15	5.72e-12	2.54e-09	3.26e-07	1.32e-05	2.42e-04	1.90e-03	7.68e-03	3.22e-02	3.37e-01	4.44e-01	1.77e-01
 4.30030e+22	1.20e-29	1.26e-22	1.00e-18	1.49e-15	7.29e-12	3.18e-09	3.99e-07	1.58e-05	2.83e-04	2.16e-03	8.42e-03	3.41e-02	3.45e-01	4.40e-01	1.70e-01
 4.31080e+22	1.56e-29	1.58e-22	1.23e-18	1.77e-15	8.61e-12	3.70e-09	4.58e-07	1.79e-05	3.15e-04	2.35e-03	8.96e-03	3.54e-02	3.51e-01	4.37e-01	1.65e-01
 4.32104e+22	2.25e-29	2.18e-22	1.63e-18	2.25e-15	1.09e-11	4.60e-09	5.58e-07	2.13e-05	3.66e-04	2.66e-03	9.78e-03	3.73e-02	3.59e-01	4.33e-01	1.58e-01
 4.33109e+22	2.89e-29	2.72e-22	1.98e-18	2.65e-15	1.27e-11	5.33e-09	6.38e-07	2.39e-05	4.05e-04	2.89e-03	1.04e-02	3.87e-02	3.64e-01	4.30e-01	1.54e-01
 4.34088e+22	5.15e-31	3.73e-22	2.61e-18	3.35e-15	1.60e-11	6.59e-09	7.75e-07	2.84e-05	4.71e-04	3.26e-03	1.13e-02	4.08e-02	3.72e-01	4.25e-01	1.47e-01
 4.35065e+22	6.67e-31	4.67e-22	3.18e-18	3.95e-15	1.88e-11	7.66e-09	8.89e-07	3.21e-05	5.23e-04	3.55e-03	1.20e-02	4.23e-02	3.77e-01	4.21e-01	1.43e-01
 4.36040e+22	9.64e-31	6.43e-22	4.19e-18	4.97e-15	2.36e-11	9.49e-09	1.08e-06	3.81e-05	6.07e-04	4.01e-03	1.31e-02	4.45e-02	3.85e-01	4.16e-01	1.37e-01
 4.37022e+22	1.26e-30	8.12e-22	5.15e-18	5.90e-15	2.79e-11	1.11e-08	1.25e-06	4.33e-05	6.78e-04	4.38e-03	1.40e-02	4.62e-02	3.90e-01	4.12e-01	1.32e-01
 4.38014e+22	1.85e-30	1.13e-21	6.82e-18	7.44e-15	3.52e-11	1.38e-08	1.53e-06	5.18e-05	7.92e-04	4.97e-03	1.53e-02	4.87e-02	3.98e-01	4.06e-01	1.26e-01
 4.39014e+22	2.43e-30	1.43e-21	8.39e-18	8.84e-15	4.18e-11	1.63e-08	1.77e-06	5.89e-05	8.86e-04	5.44e-03	1.63e-02	5.05e-02	4.03e-01	4.02e-01	1.22e-01
 4.40024e+22	3.54e-30	1.98e-21	1.11e-17	1.11e-14	5.26e-11	2.02e-08	2.17e-06	7.04e-05	1.03e-03	6.15e-03	1.78e-02	5.32e-02	4.11e-01	3.95e-01	1.16e-01
 4.41026e+22	4.69e-30	2.52e-21	1.37e-17	1.32e-14	6.26e-11	2.39e-08	2.52e-06	8.05e-05	1.16e-03	6.75e-03	1.91e-02	5.52e-02	4.16e-01	3.90e-01	1.11e-01
 4.42018e+22	6.78e-30	3.46e-21	1.80e-17	1.65e-14	7.85e-11	2.96e-08	3.08e-06	9.60e-05	1.35e-03	7.63e-03	2.08e-02	5.80e-02	4.23e-01	3.83e-01	1.06e-01
 4.43028e+22	9.11e-30	4.46e-21	2.23e-17	1.97e-14	9.41e-11	3.52e-08	3.62e-06	1.10e-04	1.52e-03	8.41e-03	2.23e-02	6.03e-02	4.28e-01	3.77e-01	1.02e-01
 4.44062e+22	1.34e-29	6.21e-21	2.95e-17	2.47e-14	1.19e-10	4.41e-08	4.46e-06	1.33e-04	1.79e-03	9.55e-03	2.44e-02	6.34e-02	4.35e-01	3.70e-01	9.59e-02
 4.45103e+22	1.80e-29	8.01e-21	3.67e-17	2.94e-14	1.43e-10	5.25e-08	5.24e-06	1.53e-04	2.02e-03	1.05e-02	2.61e-02	6.59e-02	4.40e-01	3.63e-01	9.18e-02
 4.46151e+22	2.64e-29	1.12e-20	4.85e-17	3.67e-14	1.80e-10	6.59e-08	6.47e-06	1.84e-04	2.37e-03	1.20e-02	2.85e-02	6.92e-02	4.46e-01	3.55e-01	8.64e-02
 4.47206e+22	3.55e-29	1.44e-20	6.01e-17	4.36e-14	2.16e-10	7.84e-08	7.61e-06	2.13e-04	2.67e-03	1.32e-02	3.05e-02	7.18e-02	4.51e-01	3.48e-01	8.24e-02
 4.48122e+22	4.74e-29	1.84e-20	7.40e-17	5.14e-14	2.57e-10	9.30e-08	8.92e-06	2.44e-04	3.01e-03	1.45e-02	3.26e-02	7.44e-02	4.55e-01	3.42e-01	7.86e-02
 4.49164e+22	6.91e-29	2.54e-20	9.69e-17	6.35e-14	3.23e-10	1.16e-07	1.10e-05	2.93e-04	3.52e-03	1.64e-02	3.56e-02	7.80e-02	4.60e-01	3.33e-01	7.38e-02
 4.50195e+22	9.01e-29	3.18e-20	1.17e-16	7.39e-14	3.80e-10	1.36e-07	1.27e-05	3.34e-04	3.92e-03	1.79e-02	3.78e-02	8.05e-02	4.63e-01	3.26e-01	7.05e-02
 4.51210e+22	1.28e-28	4.28e-20	1.50e-16	8.98e-14	4.70e-10	1.67e-07	1.54e-05	3.95e-04	4.52e-03	2.00e-02	4.09e-02	8.39e-02	4.67e-01	3.17e-01	6.62e-02
 4.52257e+22	1.69e-28	5.44e-20	1.84e-16	1.05e-13	5.57e-10	1.98e-07	1.80e-05	4.53e-04	5.08e-03	2.19e-02	4.35e-02	8.67e-02	4.69e-01	3.10e-01	6.29e-02
 4.53343e+22	2.42e-28	7.37e-20	2.37e-16	1.28e-13	6.92e-10	2.44e-07	2.19e-05	5.39e-04	5.88e-03	2.45e-02	4.71e-02	9.03e-02	4.72e-01	3.01e-01	5.88e-02
 4.54450e+22	3.21e-28	9.36e-20	2.89e-16	1.50e-13	8.20e-10	2.88e-07	2.56e-05	6.18e-04	6.59e-03	2.69e-02	5.01e-02	9.31e-02	4.74e-01	2.93e-01	5.56e-02
 4.55583e+22	4.60e-28	1.27e-19	3.72e-16	1.82e-13	1.02e-09	3.57e-07	3.13e-05	7.35e-04	7.62e-03	3.01e-02	5.41e-02	9.68e-02	4.76e-01	2.83e-01	5.17e-02
 4.56739e+22	6.09e-28	1.61e-19	4.52e-16	2.12e-13	1.20e-09	4.21e-07	3.65e-05	8.41e-04	8.52e-03	3.28e-02	5.74e-02	9.97e-02	4.77e-01	2.75e-01	4.88e-02
 4.57925e+22	8.70e-28	2.17e-19	5.81e-16	2.57e-13	1.49e-09	5.19e-07	4.44e-05	9.99e-04	9.83e-03	3.66e-02	6.19e-02	1.03e-01	4.77e-01	2.65e-01	4.53e-02
 4.59132e+22	1.15e-27	2.74e-19	7.05e-16	2.99e-13	1.76e-09	6.11e-07	5.17e-05	1.14e-03	1.10e-02	3.99e-02	6.55e-02	1.06e-01	4.77e-01	2.57e-01	4.26e-02
 4.60364e+22	1.63e-27	3.69e-19	9.02e-16	3.61e-13	2.17e-09	7.51e-07	6.27e-05	1.35e-03	1.26e-02	4.44e-02	7.03e-02	1.10e-01	4.76e-01	2.46e-01	3.93e-02
 4.61603e+22	2.13e-27	4.62e-19	1.09e-15	4.17e-13	2.55e-09	8.78e-07	7.25e-05	1.53e-03	1.40e-02	4.80e-02	7.41e-02	1.12e-01	4.74e-01	2.38e-01	3.70e-02
 4.62853e+22	3.00e-27	6.17e-19	1.38e-15	5.01e-13	3.12e-09	1.07e-06	8.73e-05	1.80e-03	1.60e-02	5.31e-02	7.92e-02	1.16e-01	4.72e-01	2.28e-01	3.40e-02
 4.64063e+22	3.79e-27	7.50e-19	1.62e-15	5.69e-13	3.58e-09	1.22e-06	9.89e-05	2.01e-03	1.74e-02	5.68e-02	8.27e-02	1.18e-01	4.70e-01	2.21e-01	3.22e-02
 4.65222e+22	5.14e-27	9.68e-19	2.01e-15	6.69e-13	4.28e-09	1.46e-06	1.16e-04	2.32e-03	1.95e-02	6.20e-02	8.75e-02	1.21e-01	4.66e-01	2.12e-01	2.98e-02
 4.66412e+22	6.54e-27	1.18e-18	2.37e-15	7.62e-13	4.92e-09	1.67e-06	1.32e-04	2.58e-03	2.14e-02	6.63e-02	9.13e-02	1.23e-01	4.63e-01	2.05e-01	2.80e-02
 4.67640e+22	8.96e-27	1.54e-18	2.94e-15	8.98e-13	5.90e-09	2.00e-06	1.56e-04	2.99e-03	2.40e-02	7.23e-02	9.65e-02	1.26e-01	4.58e-01	1.95e-01	2.58e-02
 4.68884e+22	1.13e-26	1.87e-18	3.47e-15	1.02e-12	6.76e-09	2.28e-06	1.76e-04	3.32e-03	2.61e-02	7.69e-02	1.00e-01	1.27e-01	4.53e-01	1.88e-01	2.42e-02
 4.70148e+22	1.54e-26	2.42e-18	4.29e-15	1.20e-12	8.05e-09	2.71e-06	2.07e-04	3.81e-03	2.91e-02	8.34e-02	1.05e-01	1.30e-01	4.47e-01	1.79e-01	2.22e-02
 4.71401e+22	1.94e-26	2.92e-18	5.03e-15	1.36e-12	9.17e-09	3.07e-06	2.32e-04	4.22e-03	3.16e-02	8.85e-02	1.09e-01	1.31e-01	4.42e-01	1.72e-01	2.08e-02
 4.72642e+22	2.60e-26	3.74e-18	6.16e-15	1.59e-12	1.08e-08	3.61e-06	2.70e-04	4.81e-03	3.50e-02	9.55e-02	1.14e-01	1.33e-01	4.34e-01	1.64e-01	1.91e-02
 4.73895e+22	3.25e-26	4.49e-18	7.19e-15	1.79e-12	1.23e-08	4.07e-06	3.02e-04	5.29e-03	3.77e-02	1.01e-01	1.18e-01	1.34e-01	4.29e-01	1.57e-01	1.79e-02
 4.75164e+22	4.36e-26	5.72e-18	8.78e-15	2.09e-12	1.44e-08	4.77e-06	3.49e-04	6.00e-03	4.16e-02	1.08e-01	1.23e-01	1.36e-01	4.20e-01	1.49e-01	1.64e-02
 4.76457e+22	5.47e-26	6.90e-18	1.03e-14	2.36e-12	1.63e-08	5.38e-06	3.90e-04	6.60e-03	4.48e-02	1.14e-01	1.27e-01	1.37e-01	4.13e-01	1.43e-01	1.53e-02
 4.77782e+22	7.36e-26	8.82e-18	1.26e-14	2.76e-12	1.91e-08	6.29e-06	4.51e-04	7.47e-03	4.93e-02	1.22e-01	1.31e-01	1.37e-01	4.04e-01	1.34e-01	1.39e-02
 4.79131e+22	9.26e-26	1.07e-17	1.48e-14	3.13e-12	2.17e-08	7.09e-06	5.03e-04	8.21e-03	5.30e-02	1.28e-01	1.35e-01	1.38e-01	3.96e-01	1.28e-01	1.29e-02
 4.80512e+22	2.24e-26	1.37e-17	1.82e-14	3.67e-12	2.54e-08	8.27e-06	5.80e-04	9.28e-03	5.82e-02	1.37e-01	1.40e-01	1.38e-01	3.85e-01	1.20e-01	1.17e-02
 4.81918e+22	2.84e-26	1.66e-17	2.14e-14	4.18e-12	2.88e-08	9.32e-06	6.47e-04	1.02e-02	6.24e-02	1.44e-01	1.43e-01	1.39e-01	3.76e-01	1.14e-01	1.08e-02
 4.83358e+22	3.88e-26	2.13e-17	2.64e-14	4.91e-12	3.38e-08	1.09e-05	7.45e-04	1.15e-02	6.83e-02	1.53e-01	1.47e-01	1.38e-01	3.64e-01	1.07e-01	9.72e-03
 4.84766e+22	4.81e-26	2.53e-17	3.06e-14	5.54e-12	3.79e-08	1.21e-05	8.20e-04	1.24e-02	7.26e-02	1.59e-01	1.50e-01	1.38e-01	3.56e-01	1.02e-01	9.05e-03
 4.86130e+22	6.45e-26	3.20e-17	3.72e-14	6.43e-12	4.37e-08	1.39e-05	9.32e-04	1.39e-02	7.87e-02	1.68e-01	1.54e-01	1.38e-01	3.44e-01	9.49e-02	8.15e-03
 4.87517e+22	8.03e-26	3.82e-17	4.33e-14	7.27e-12	4.90e-08	1.55e-05	1.02e-03	1.50e-02	8.34e-02	1.74e-01	1.56e-01	1.37e-01	3.35e-01	9.02e-02	7.56e-03
 4.88931e+22	1.07e-25	4.82e-17	5.27e-14	8.47e-12	5.65e-08	1.77e-05	1.16e-03	1.67e-02	9.01e-02	1.83e-01	1.59e-01	1.36e-01	3.23e-01	8.39e-02	6.80e-03
 4.90390e+22	1.36e-25	5.83e-17	6.19e-14	9.63e-12	6.36e-08	1.98e-05	1.28e-03	1.82e-02	9.57e-02	1.90e-01	1.62e-01	1.35e-01	3.13e-01	7.91e-02	6.23e-03
 4.91905e+22	1.83e-25	7.40e-17	7.59e-14	1.13e-11	7.37e-08	2.27e-05	1.45e-03	2.01e-02	1.03e-01	1.99e-01	1.64e-01	1.33e-01	3.00e-01	7.33e-02	5.57e-03
 4.93470e+22	2.36e-25	9.05e-17	9.01e-14	1.30e-11	8.33e-08	2.55e-05	1.61e-03	2.19e-02	1.10e-01	2.06e-01	1.66e-01	1.31e-01	2.89e-01	6.85e-02	5.06e-03
 4.95100e+22	3.22e-25	1.16e-16	1.12e-13	1.54e-11	9.70e-08	2.93e-05	1.82e-03	2.43e-02	1.18e-01	2.16e-01	1.68e-01	1.29e-01	2.76e-01	6.30e-02	4.49e-03
 4.96774e+22	4.19e-25	1.43e-16	1.33e-13	1.77e-11	1.10e-07	3.30e-05	2.02e-03	2.65e-02	1.25e-01	2.23e-01	1.69e-01	1.27e-01	2.64e-01	5.85e-02	4.04e-03
 4.98507e+22	5.79e-25	1.85e-16	1.66e-13	2.12e-11	1.29e-07	3.81e-05	2.30e-03	2.94e-02	1.34e-01	2.32e-01	1.70e-01	1.24e-01	2.50e-01	5.34e-02	3.55e-03
 5.00296e+22	7.63e-25	2.30e-16	2.01e-13	2.46e-11	1.47e-07	4.29e-05	2.55e-03	3.21e-02	1.42e-01	2.39e-01	1.71e-01	1.21e-01	2.39e-01	4.92e-02	3.17e-03
 5.02160e+22	1.07e-24	3.02e-16	2.54e-13	2.97e-11	1.72e-07	4.98e-05	2.91e-03	3.56e-02	1.53e-01	2.48e-01	1.71e-01	1.18e-01	2.24e-01	4.44e-02	2.75e-03
 5.04074e+22	1.43e-24	3.79e-16	3.08e-13	3.48e-11	1.97e-07	5.62e-05	3.23e-03	3.88e-02	1.61e-01	2.55e-01	1.71e-01	1.15e-01	2.12e-01	4.07e-02	2.43e-03
 5.05794e+22	1.87e-24	4.71e-16	3.73e-13	4.05e-11	2.25e-07	6.32e-05	3.57e-03	4.20e-02	1.70e-01	2.62e-01	1.71e-01	1.12e-01	2.01e-01	3.73e-02	2.16e-03
 5.07770e+22	2.68e-24	6.26e-16	4.76e-13	4.92e-11	2.64e-07	7.34e-05	4.07e-03	4.66e-02	1.82e-01	2.70e-01	1.69e-01	1.07e-01	1.86e-01	3.31e-02	1.84e-03
 5.09759e+22	3.52e-24	7.77e-16	5.74e-13	5.73e-11	3.01e-07	8.22e-05	4.49e-03	5.03e-02	1.90e-01	2.75e-01	1.68e-01	1.04e-01	1.76e-01	3.02e-02	1.63e-03
 5.11762e+22	5.02e-24	1.03e-15	7.31e-13	6.94e-11	3.52e-07	9.49e-05	5.08e-03	5.55e-02	2.02e-01	2.82e-01	1.66e-01	9.92e-02	1.62e-01	2.67e-02	1.38e-03
 5.13809e+22	6.68e-24	1.29e-15	8.88e-13	8.11e-11	4.01e-07	1.07e-04	5.60e-03	5.99e-02	2.12e-01	2.87e-01	1.63e-01	9.53e-02	1.52e-01	2.41e-02	1.20e-03
 5.15911e+22	9.62e-24	1.72e-15	1.14e-12	9.88e-11	4.71e-07	1.23e-04	6.34e-03	6.59e-02	2.24e-01	2.92e-01	1.60e-01	9.04e-02	1.39e-01	2.11e-02	1.00e-03
 5.18045e+22	1.29e-23	2.17e-15	1.39e-12	1.16e-10	5.34e-07	1.38e-04	6.99e-03	7.11e-02	2.34e-01	2.96e-01	1.57e-01	8.64e-02	1.29e-01	1.89e-02	8.65e-04
 5.20222e+22	1.88e-23	2.93e-15	1.79e-12	1.41e-10	6.26e-07	1.59e-04	7.90e-03	7.82e-02	2.47e-01	3.00e-01	1.53e-01	8.12e-02	1.17e-01	1.63e-02	7.11e-04
 5.22410e+22	2.51e-23	3.68e-15	2.17e-12	1.65e-10	7.08e-07	1.77e-04	8.66e-03	8.39e-02	2.56e-01	3.02e-01	1.49e-01	7.73e-02	1.08e-01	1.45e-02	6.10e-04
 5.24225e+22	3.26e-23	4.53e-15	2.59e-12	1.89e-10	7.88e-07	1.95e-04	9.40e-03	8.94e-02	2.65e-01	3.03e-01	1.46e-01	7.38e-02	1.00e-01	1.30e-02	5.30e-04
 5.26200e+22	4.58e-23	5.93e-15	3.24e-12	2.25e-10	9.01e-07	2.20e-04	1.04e-02	9.69e-02	2.76e-01	3.04e-01	1.41e-01	6.92e-02	9.06e-02	1.13e-02	4.38e-04
 5.28167e+22	5.91e-23	7.26e-15	3.84e-12	2.57e-10	9.98e-07	2.41e-04	1.13e-02	1.03e-01	2.84e-01	3.05e-01	1.37e-01	6.59e-02	8.39e-02	1.01e-02	3.80e-04
 5.30124e+22	8.28e-23	9.47e-15	4.79e-12	3.04e-10	1.13e-06	2.70e-04	1.24e-02	1.11e-01	2.94e-01	3.04e-01	1.32e-01	6.15e-02	7.56e-02	8.68e-03	3.13e-04
 5.32106e+22	1.08e-22	1.17e-14	5.70e-12	3.48e-10	1.26e-06	2.96e-04	1.34e-02	1.17e-01	3.02e-01	3.03e-01	1.27e-01	5.82e-02	6.96e-02	7.71e-03	2.68e-04
 5.34123e+22	1.52e-22	1.54e-14	7.15e-12	4.12e-10	1.42e-06	3.31e-04	1.48e-02	1.27e-01	3.12e-01	3.02e-01	1.22e-01	5.40e-02	6.21e-02	6.56e-03	2.18e-04
 5.36164e+22	1.99e-22	1.90e-14	8.54e-12	4.73e-10	1.57e-06	3.62e-04	1.60e-02	1.34e-01	3.20e-01	2.99e-01	1.17e-01	5.09e-02	5.68e-02	5.78e-03	1.85e-04
 5.38237e+22	2.84e-22	2.53e-14	1.08e-11	5.63e-10	1.79e-06	4.06e-04	1.76e-02	1.44e-01	3.29e-01	2.96e-01	1.11e-01	4.68e-02	5.02e-02	4.86e-03	1.48e-04
 5.40350e+22	3.78e-22	3.17e-14	1.30e-11	6.48e-10	1.98e-06	4.44e-04	1.90e-02	1.53e-01	3.36e-01	2.92e-01	1.06e-01	4.38e-02	4.54e-02	4.23e-03	1.24e-04
 5.42516e+22	5.48e-22	4.28e-14	1.65e-11	7.78e-10	2.25e-06	4.97e-04	2.09e-02	1.64e-01	3.45e-01	2.87e-01	9.94e-02	3.99e-02	3.97e-02	3.50e-03	9.72e-05
 5.44725e+22	7.40e-22	5.44e-14	2.00e-11	9.01e-10	2.49e-06	5.45e-04	2.26e-02	1.74e-01	3.51e-01	2.82e-01	9.43e-02	3.70e-02	3.55e-02	3.00e-03	7.99e-05
 5.46991e+22	1.10e-21	7.47e-14	2.58e-11	1.09e-09	2.85e-06	6.13e-04	2.50e-02	1.88e-01	3.59e-01	2.74e-01	8.75e-02	3.34e-02	3.06e-02	2.44e-03	6.14e-05
 5.49275e+22	1.49e-21	9.59e-14	3.16e-11	1.27e-09	3.16e-06	6.71e-04	2.70e-02	1.99e-01	3.64e-01	2.68e-01	8.24e-02	3.08e-02	2.71e-02	2.07e-03	4.99e-05
 5.51194e+22	1.98e-21	1.21e-13	3.80e-11	1.46e-09	3.48e-06	7.30e-04	2.89e-02	2.09e-01	3.68e-01	2.61e-01	7.77e-02	2.85e-02	2.43e-02	1.78e-03	4.11e-05
 5.53271e+22	2.84e-21	1.62e-13	4.81e-11	1.75e-09	3.94e-06	8.11e-04	3.15e-02	2.23e-01	3.72e-01	2.52e-01	7.19e-02	2.58e-02	2.10e-02	1.46e-03	3.20e-05
 5.55365e+22	3.81e-21	2.06e-13	5.82e-11	2.03e-09	4.36e-06	8.83e-04	3.38e-02	2.34e-01	3.75e-01	2.45e-01	6.73e-02	2.38e-02	1.86e-02	1.24e-03	2.61e-05
 5.57415e+22	5.42e-21	2.75e-13	7.33e-11	2.42e-09	4.93e-06	9.78e-04	3.67e-02	2.49e-01	3.78e-01	2.36e-01	6.20e-02	2.15e-02	1.61e-02	1.02e-03	2.03e-05
 5.59506e+22	7.38e-21	3.55e-13	8.98e-11	2.84e-09	5.51e-06	1.07e-03	3.94e-02	2.61e-01	3.79e-01	2.27e-01	5.76e-02	1.96e-02	1.41e-02	8.53e-04	1.63e-05
 5.61555e+22	1.04e-20	4.72e-13	1.13e-10	3.39e-09	6.24e-06	1.18e-03	4.26e-02	2.76e-01	3.80e-01	2.17e-01	5.28e-02	1.77e-02	1.22e-02	7.00e-04	1.27e-05
 5.63646e+22	1.44e-20	6.18e-13	1.40e-10	4.03e-09	7.03e-06	1.30e-03	4.59e-02	2.90e-01	3.79e-01	2.08e-01	4.86e-02	1.60e-02	1.06e-02	5.79e-04	1.00e-05
 5.65714e+22	2.01e-20	8.20e-13	1.76e-10	4.83e-09	7.99e-06	1.44e-03	4.95e-02	3.05e-01	3.78e-01	1.98e-01	4.44e-02	1.44e-02	9.10e-03	4.74e-04	7.83e-06
 5.67793e+22	2.81e-20	1.08e-12	2.20e-10	5.78e-09	9.08e-06	1.59e-03	5.33e-02	3.20e-01	3.76e-01	1.88e-01	4.05e-02	1.29e-02	7.84e-03	3.89e-04	6.12e-06
 5.69848e+22	3.91e-20	1.43e-12	2.76e-10	6.95e-09	1.04e-05	1.76e-03	5.73e-02	3.35e-01	3.73e-01	1.78e-01	3.68e-02	1.16e-02	6.73e-03	3.19e-04	4.78e-06
 5.71898e+22	5.44e-20	1.89e-12	3.46e-10	8.36e-09	1.18e-05	1.95e-03	6.16e-02	3.50e-01	3.69e-01	1.68e-01	3.34e-02	1.04e-02	5.77e-03	2.60e-04	3.72e-06
 5.73952e+22	7.58e-20	2.50e-12	4.35e-10	1.01e-08	1.35e-05	2.16e-03	6.62e-02	3.66e-01	3.64e-01	1.58e-01	3.02e-02	9.31e-03	4.94e-03	2.12e-04	2.89e-06
 5.76014e+22	1.06e-19	3.30e-12	5.47e-10	1.22e-08	1.56e-05	2.39e-03	7.10e-02	3.81e-01	3.58e-01	1.48e-01	2.73e-02	8.30e-03	4.21e-03	1.72e-04	2.24e-06
 5.78087e+22	1.47e-19	4.37e-12	6.89e-10	1.48e-08	1.79e-05	2.65e-03	7.62e-02	3.96e-01	3.51e-01	1.39e-01	2.45e-02	7.38e-03	3.58e-03	1.40e-04	1.73e-06
 5.80179e+22	2.05e-19	5.79e-12	8.69e-10	1.80e-08	2.07e-05	2.94e-03	8.17e-02	4.11e-01	3.44e-01	1.29e-01	2.20e-02	6.54e-03	3.04e-03	1.13e-04	1.33e-06
 5.82296e+22	2.87e-19	7.68e-12	1.10e-09	2.20e-08	2.39e-05	3.27e-03	8.76e-02	4.26e-01	3.35e-01	1.20e-01	1.96e-02	5.78e-03	2.56e-03	9.07e-05	1.02e-06
 5.84422e+22	4.00e-19	1.01e-11	1.39e-09	2.69e-08	2.77e-05	3.63e-03	9.37e-02	4.40e-01	3.26e-01	1.12e-01	1.75e-02	5.11e-03	2.16e-03	7.29e-05	7.82e-07
 5.86584e+22	5.62e-19	1.35e-11	1.76e-09	3.30e-08	3.22e-05	4.04e-03	1.00e-01	4.54e-01	3.17e-01	1.03e-01	1.55e-02	4.48e-03	1.81e-03	5.81e-05	5.93e-07
 5.88770e+22	7.82e-19	1.78e-11	2.23e-09	4.04e-08	3.74e-05	4.48e-03	1.07e-01	4.67e-01	3.07e-01	9.51e-02	1.38e-02	3.94e-03	1.52e-03	4.65e-05	4.52e-07
 5.90998e+22	1.10e-18	2.37e-11	2.84e-09	4.99e-08	4.36e-05	5.00e-03	1.15e-01	4.80e-01	2.96e-01	8.72e-02	1.21e-02	3.43e-03	1.26e-03	3.67e-05	3.39e-07
 5.93070e+22	1.46e-18	2.98e-11	3.45e-09	5.91e-08	4.95e-05	5.45e-03	1.21e-01	4.90e-01	2.87e-01	8.13e-02	1.09e-02	3.07e-03	1.09e-03	3.03e-05	2.68e-07
 5.95202e+22	2.07e-18	3.99e-11	4.44e-09	7.36e-08	5.82e-05	6.10e-03	1.29e-01	5.03e-01	2.75e-01	7.40e-02	9.54e-03	2.65e-03	8.94e-04	2.36e-05	1.98e-07
 5.97367e+22	2.74e-18	5.01e-11	5.40e-09	8.75e-08	6.60e-05	6.65e-03	1.36e-01	5.11e-01	2.66e-01	6.86e-02	8.56e-03	2.35e-03	7.65e-04	1.94e-05	1.56e-07
 5.99584e+22	3.17e-17	6.75e-11	6.98e-09	1.10e-07	7.80e-05	7.44e-03	1.45e-01	5.22e-01	2.53e-01	6.20e-02	7.40e-03	2.01e-03	6.21e-04	1.49e-05	1.14e-07
 6.01814e+22	4.80e-17	8.40e-11	8.45e-09	1.30e-07	8.83e-05	8.10e-03	1.53e-01	5.29e-01	2.44e-01	5.74e-02	6.64e-03	1.79e-03	5.32e-04	1.22e-05	0.00e+00
 6.04062e+22	8.23e-17	1.12e-10	1.09e-08	1.62e-07	1.04e-04	9.03e-03	1.62e-01	5.38e-01	2.31e-01	5.18e-02	5.74e-03	1.53e-03	4.32e-04	9.40e-06	0.00e+00
 6.06322e+22	1.31e-16	1.39e-10	1.31e-08	1.92e-07	1.18e-04	9.81e-03	1.70e-01	5.43e-01	2.22e-01	4.78e-02	5.14e-03	1.35e-03	3.69e-04	7.70e-06	0.00e+00
 6.08598e+22	2.47e-16	1.84e-10	1.68e-08	2.39e-07	1.38e-04	1.09e-02	1.80e-01	5.50e-01	2.10e-01	4.30e-02	4.43e-03	1.15e-03	2.99e-04	5.91e-06	0.00e+00
 6.10893e+22	4.22e-16	2.27e-10	2.02e-08	2.83e-07	1.56e-04	1.18e-02	1.89e-01	5.54e-01	2.01e-01	3.96e-02	3.96e-03	1.02e-03	2.55e-04	4.83e-06	0.00e+00
 6.13212e+22	7.39e-16	2.98e-10	2.58e-08	3.52e-07	1.83e-04	1.31e-02	1.99e-01	5.58e-01	1.89e-01	3.55e-02	3.41e-03	8.65e-04	2.06e-04	3.70e-06	0.00e+00
 6.15560e+22	1.04e-15	3.68e-10	3.11e-08	4.16e-07	2.07e-04	1.42e-02	2.08e-01	5.61e-01	1.80e-01	3.27e-02	3.03e-03	7.61e-04	1.75e-04	3.01e-06	0.00e+00
 6.17946e+22	1.44e-15	4.81e-10	3.96e-08	5.18e-07	2.43e-04	1.58e-02	2.19e-01	5.63e-01	1.69e-01	2.92e-02	2.60e-03	6.43e-04	1.41e-04	2.29e-06	0.00e+00
 6.20370e+22	1.80e-15	5.93e-10	4.79e-08	6.13e-07	2.75e-04	1.71e-02	2.28e-01	5.64e-01	1.60e-01	2.67e-02	2.31e-03	5.64e-04	1.19e-04	1.85e-06	0.00e+00
 6.22844e+22	2.40e-15	7.76e-10	6.11e-08	7.65e-07	3.22e-04	1.89e-02	2.40e-01	5.64e-01	1.50e-01	2.38e-02	1.97e-03	4.74e-04	9.49e-05	1.40e-06	0.00e+00
 6.25370e+22	2.98e-15	9.59e-10	7.40e-08	9.09e-07	3.65e-04	2.05e-02	2.50e-01	5.64e-01	1.42e-01	2.17e-02	1.74e-03	4.13e-04	7.96e-05	1.12e-06	0.00e+00
 6.27964e+22	3.96e-15	1.26e-09	9.48e-08	1.14e-06	4.30e-04	2.27e-02	2.63e-01	5.61e-01	1.31e-01	1.92e-02	1.47e-03	3.44e-04	6.31e-05	8.40e-07	0.00e+00
 6.30623e+22	4.92e-15	1.56e-09	1.15e-07	1.36e-06	4.89e-04	2.47e-02	2.73e-01	5.59e-01	1.24e-01	1.74e-02	1.29e-03	2.98e-04	5.25e-05	6.67e-07	0.00e+00
 6.33367e+22	6.57e-15	2.06e-09	1.49e-07	1.72e-06	5.79e-04	2.74e-02	2.87e-01	5.55e-01	1.14e-01	1.53e-02	1.09e-03	2.46e-04	4.11e-05	4.91e-07	0.00e+00
 6.35948e+22	7.88e-15	2.46e-09	1.76e-07	2.00e-06	6.44e-04	2.93e-02	2.95e-01	5.51e-01	1.08e-01	1.41e-02	9.75e-04	2.17e-04	3.52e-05	4.05e-07	0.00e+00
 6.38315e+22	1.00e-14	3.10e-09	2.18e-07	2.43e-06	7.42e-04	3.20e-02	3.07e-01	5.46e-01	1.01e-01	1.26e-02	8.41e-04	1.85e-04	2.86e-05	3.12e-07	0.00e+00
 6.40663e+22	1.19e-14	3.67e-09	2.55e-07	2.80e-06	8.22e-04	3.41e-02	3.16e-01	5.41e-01	9.55e-02	1.16e-02	7.55e-04	1.64e-04	2.46e-05	2.58e-07	0.00e+00
 6.42988e+22	1.49e-14	4.58e-09	3.14e-07	3.40e-06	9.43e-04	3.70e-02	3.27e-01	5.35e-01	8.87e-02	1.04e-02	6.51e-04	1.39e-04	2.00e-05	2.00e-07	0.00e+00
 6.45327e+22	1.78e-14	5.42e-09	3.67e-07	3.92e-06	1.04e-03	3.94e-02	3.36e-01	5.29e-01	8.40e-02	9.59e-03	5.85e-04	1.23e-04	1.72e-05	1.65e-07	0.00e+00
 6.47683e+22	2.22e-14	6.74e-09	4.50e-07	4.73e-06	1.19e-03	4.28e-02	3.47e-01	5.22e-01	7.79e-02	8.58e-03	5.05e-04	1.05e-04	1.40e-05	1.28e-07	0.00e+00
 6.50081e+22	2.65e-14	8.00e-09	5.28e-07	5.47e-06	1.32e-03	4.55e-02	3.56e-01	5.15e-01	7.36e-02	7.89e-03	4.52e-04	9.24e-05	1.19e-05	0.00e+00	0.00e+00
 6.52534e+22	3.32e-14	9.97e-09	6.50e-07	6.64e-06	1.52e-03	4.94e-02	3.67e-01	5.06e-01	6.79e-02	7.03e-03	3.88e-04	7.81e-05	9.66e-06	0.00e+00	0.00e+00
 6.55022e+22	3.97e-14	1.19e-08	7.65e-07	7.69e-06	1.68e-03	5.26e-02	3.76e-01	4.99e-01	6.39e-02	6.44e-03	3.45e-04	6.86e-05	8.21e-06	0.00e+00	0.00e+00
 6.57554e+22	4.99e-14	1.48e-08	9.43e-07	9.34e-06	1.93e-03	5.70e-02	3.88e-01	4.88e-01	5.88e-02	5.72e-03	2.96e-04	5.78e-05	6.62e-06	0.00e+00	0.00e+00
 6.60144e+22	6.01e-14	1.77e-08	1.11e-06	1.09e-05	2.14e-03	6.07e-02	3.97e-01	4.80e-01	5.51e-02	5.23e-03	2.63e-04	5.05e-05	5.59e-06	0.00e+00	0.00e+00
 6.62808e+22	7.61e-14	2.22e-08	1.38e-06	1.33e-05	2.47e-03	6.60e-02	4.08e-01	4.68e-01	5.04e-02	4.61e-03	2.23e-04	4.21e-05	4.45e-06	0.00e+00	0.00e+00
 6.65518e+22	9.21e-14	2.66e-08	1.64e-06	1.55e-05	2.75e-03	7.02e-02	4.17e-01	4.59e-01	4.70e-02	4.20e-03	1.97e-04	3.67e-05	3.74e-06	0.00e+00	0.00e+00
 6.68288e+22	1.17e-13	3.35e-08	2.05e-06	1.90e-05	3.18e-03	7.63e-02	4.28e-01	4.46e-01	4.28e-02	3.69e-03	1.66e-04	3.04e-05	2.96e-06	0.00e+00	0.00e+00
 6.71124e+22	1.43e-13	4.03e-08	2.44e-06	2.23e-05	3.55e-03	8.14e-02	4.37e-01	4.35e-01	3.97e-02	3.34e-03	1.46e-04	2.63e-05	2.46e-06	0.00e+00	0.00e+00
 6.74045e+22	1.84e-13	5.11e-08	3.06e-06	2.76e-05	4.11e-03	8.84e-02	4.48e-01	4.21e-01	3.59e-02	2.92e-03	1.22e-04	2.16e-05	1.93e-06	0.00e+00	0.00e+00
 6.76999e+22	2.25e-13	6.16e-08	3.65e-06	3.23e-05	4.59e-03	9.41e-02	4.56e-01	4.10e-01	3.32e-02	2.63e-03	1.07e-04	1.86e-05	1.60e-06	0.00e+00	0.00e+00
 6.79996e+22	2.89e-13	7.82e-08	4.59e-06	4.00e-05	5.31e-03	1.02e-01	4.66e-01	3.94e-01	2.99e-02	2.29e-03	8.90e-05	1.52e-05	1.25e-06	0.00e+00	0.00e+00
 6.83029e+22	3.56e-13	9.44e-08	5.48e-06	4.69e-05	5.92e-03	1.09e-01	4.73e-01	3.83e-01	2.75e-02	2.07e-03	7.76e-05	1.31e-05	1.03e-06	0.00e+00	0.00e+00
 6.86109e+22	4.60e-13	1.20e-07	6.90e-06	5.81e-05	6.86e-03	1.18e-01	4.82e-01	3.67e-01	2.46e-02	1.79e-03	6.44e-05	1.07e-05	7.97e-07	0.00e+00	0.00e+00
 6.89115e+22	5.60e-13	1.43e-07	8.14e-06	6.73e-05	7.58e-03	1.24e-01	4.88e-01	3.56e-01	2.28e-02	1.62e-03	5.66e-05	9.25e-06	6.67e-07	0.00e+00	0.00e+00
