#depth	H	H+	H2
 2.43152e+21	4.35e-04	1.00e+00	5.47e-21
 6.80824e+21	4.92e-04	1.00e+00	7.01e-21
 1.04041e+22	5.45e-04	9.99e-01	1.28e-20
 1.36841e+22	6.03e-04	9.99e-01	2.33e-20
 1.60331e+22	6.32e-04	9.99e-01	3.07e-20
 1.76879e+22	6.68e-04	9.99e-01	4.34e-20
 1.94412e+22	7.03e-04	9.99e-01	5.95e-20
 2.10631e+22	7.37e-04	9.99e-01	7.92e-20
 2.29120e+22	7.84e-04	9.99e-01	1.22e-19
 2.47732e+22	8.25e-04	9.99e-01	1.71e-19
 2.66504e+22	8.77e-04	9.99e-01	2.58e-19
 2.85545e+22	9.24e-04	9.99e-01	3.86e-19
 3.02365e+22	9.72e-04	9.99e-01	5.30e-19
 3.21660e+22	1.03e-03	9.99e-01	8.42e-19
 3.41174e+22	1.09e-03	9.99e-01	1.29e-18
 3.58360e+22	1.15e-03	9.99e-01	1.90e-18
 3.78094e+22	1.22e-03	9.99e-01	3.43e-18
 3.98150e+22	1.29e-03	9.99e-01	6.22e-18
 4.18624e+22	1.38e-03	9.99e-01	1.29e-17
 4.39334e+22	1.45e-03	9.99e-01	3.58e-17
 4.60349e+22	1.55e-03	9.98e-01	7.03e-17
 4.81740e+22	1.64e-03	9.98e-01	1.38e-16
 5.03620e+22	1.76e-03	9.98e-01	2.41e-16
 5.25956e+22	1.86e-03	9.98e-01	4.06e-16
 5.39173e+22	1.90e-03	9.98e-01	4.88e-16
 5.46643e+22	1.94e-03	9.98e-01	5.66e-16
 5.56353e+22	2.00e-03	9.98e-01	6.76e-16
 5.68977e+22	2.08e-03	9.98e-01	8.47e-16
 5.85388e+22	2.19e-03	9.98e-01	1.18e-15
 6.01915e+22	2.28e-03	9.98e-01	1.44e-15
 6.18594e+22	2.40e-03	9.98e-01	1.93e-15
 6.35629e+22	2.50e-03	9.98e-01	2.40e-15
 6.53130e+22	2.63e-03	9.97e-01	3.14e-15
 6.70985e+22	2.75e-03	9.97e-01	3.87e-15
 6.89301e+22	2.90e-03	9.97e-01	5.04e-15
 7.07816e+22	3.03e-03	9.97e-01	6.13e-15
 7.26591e+22	3.20e-03	9.97e-01	7.72e-15
 7.45819e+22	3.35e-03	9.97e-01	9.41e-15
 7.65635e+22	3.56e-03	9.96e-01	1.21e-14
 7.85374e+22	3.71e-03	9.96e-01	1.44e-14
 8.05013e+22	3.93e-03	9.96e-01	1.80e-14
 8.25353e+22	4.12e-03	9.96e-01	2.17e-14
 8.46604e+22	4.39e-03	9.96e-01	2.76e-14
 8.68026e+22	4.61e-03	9.95e-01	3.34e-14
 8.89674e+22	4.90e-03	9.95e-01	4.28e-14
 9.11554e+22	5.16e-03	9.95e-01	5.23e-14
 9.33738e+22	5.51e-03	9.94e-01	6.78e-14
 9.55770e+22	5.79e-03	9.94e-01	8.26e-14
 9.77605e+22	6.20e-03	9.94e-01	1.07e-13
 9.99432e+22	6.51e-03	9.93e-01	1.31e-13
 1.02125e+23	7.00e-03	9.93e-01	1.72e-13
 1.04296e+23	7.39e-03	9.93e-01	2.11e-13
 1.06454e+23	7.97e-03	9.92e-01	2.78e-13
 1.08600e+23	8.44e-03	9.92e-01	3.46e-13
 1.10733e+23	9.15e-03	9.91e-01	4.62e-13
 1.12859e+23	9.77e-03	9.90e-01	5.82e-13
 1.14974e+23	1.07e-02	9.89e-01	7.90e-13
 1.17089e+23	1.15e-02	9.89e-01	1.02e-12
 1.19205e+23	1.27e-02	9.87e-01	1.41e-12
 1.21331e+23	1.39e-02	9.86e-01	1.88e-12
 1.23170e+23	1.52e-02	9.85e-01	2.49e-12
 1.25260e+23	1.71e-02	9.83e-01	3.61e-12
 1.27383e+23	1.93e-02	9.81e-01	5.11e-12
 1.29000e+23	2.13e-02	9.79e-01	6.74e-12
 1.30555e+23	2.39e-02	9.76e-01	9.32e-12
 1.32234e+23	2.72e-02	9.73e-01	1.33e-11
 1.33783e+23	3.11e-02	9.69e-01	1.88e-11
 1.35257e+23	3.59e-02	9.64e-01	2.72e-11
 1.36659e+23	4.17e-02	9.58e-01	3.96e-11
 1.37970e+23	4.88e-02	9.51e-01	5.78e-11
 1.39195e+23	5.77e-02	9.42e-01	8.59e-11
 1.40332e+23	6.83e-02	9.32e-01	1.27e-10
 1.41382e+23	8.15e-02	9.18e-01	1.89e-10
 1.42340e+23	9.72e-02	9.03e-01	2.79e-10
 1.43185e+23	1.15e-01	8.85e-01	4.01e-10
 1.43939e+23	1.36e-01	8.64e-01	5.70e-10
 1.44622e+23	1.59e-01	8.41e-01	7.97e-10
 1.45239e+23	1.84e-01	8.16e-01	1.07e-09
 1.45814e+23	2.12e-01	7.88e-01	1.44e-09
 1.46358e+23	2.43e-01	7.57e-01	1.89e-09
 1.46858e+23	2.76e-01	7.24e-01	2.44e-09
 1.47322e+23	3.10e-01	6.90e-01	3.07e-09
 1.47745e+23	3.44e-01	6.56e-01	3.74e-09
 1.48111e+23	3.75e-01	6.25e-01	4.40e-09
 1.48428e+23	4.03e-01	5.97e-01	5.03e-09
 1.48691e+23	4.27e-01	5.73e-01	5.57e-09
 1.48915e+23	4.47e-01	5.53e-01	6.07e-09
 1.49153e+23	4.69e-01	5.31e-01	6.61e-09
 1.49420e+23	4.93e-01	5.07e-01	7.23e-09
 1.49696e+23	5.17e-01	4.83e-01	7.85e-09
 1.49950e+23	5.39e-01	4.61e-01	8.40e-09
 1.50143e+23	5.54e-01	4.46e-01	8.76e-09
 1.50277e+23	5.65e-01	4.35e-01	9.05e-09
 1.50412e+23	5.75e-01	4.25e-01	9.36e-09
 1.50568e+23	5.87e-01	4.13e-01	9.64e-09
 1.50744e+23	6.00e-01	4.00e-01	1.00e-08
 1.50924e+23	6.13e-01	3.87e-01	1.04e-08
 1.51092e+23	6.24e-01	3.76e-01	1.07e-08
 1.51259e+23	6.36e-01	3.64e-01	1.10e-08
 1.51437e+23	6.47e-01	3.53e-01	1.13e-08
 1.51625e+23	6.59e-01	3.41e-01	1.16e-08
 1.51814e+23	6.70e-01	3.30e-01	1.19e-08
 1.52007e+23	6.81e-01	3.19e-01	1.22e-08
 1.52205e+23	6.92e-01	3.08e-01	1.24e-08
 1.52406e+23	7.02e-01	2.98e-01	1.27e-08
 1.52612e+23	7.12e-01	2.88e-01	1.30e-08
 1.52827e+23	7.22e-01	2.78e-01	1.32e-08
 1.53050e+23	7.32e-01	2.68e-01	1.35e-08
 1.53277e+23	7.42e-01	2.58e-01	1.37e-08
 1.53513e+23	7.51e-01	2.49e-01	1.40e-08
 1.53758e+23	7.61e-01	2.39e-01	1.42e-08
 1.54008e+23	7.70e-01	2.30e-01	1.44e-08
 1.54261e+23	7.78e-01	2.22e-01	1.46e-08
 1.54526e+23	7.86e-01	2.14e-01	1.49e-08
 1.54807e+23	7.95e-01	2.05e-01	1.51e-08
 1.55096e+23	8.03e-01	1.97e-01	1.53e-08
 1.55393e+23	8.10e-01	1.90e-01	1.55e-08
 1.55703e+23	8.17e-01	1.83e-01	1.57e-08
 1.56026e+23	8.24e-01	1.76e-01	1.58e-08
 1.56354e+23	8.31e-01	1.69e-01	1.60e-08
 1.56689e+23	8.37e-01	1.63e-01	1.62e-08
 1.57040e+23	8.43e-01	1.57e-01	1.65e-08
 1.57412e+23	8.49e-01	1.51e-01	1.67e-08
 1.57798e+23	8.54e-01	1.46e-01	1.69e-08
 1.58191e+23	8.60e-01	1.40e-01	1.72e-08
 1.58602e+23	8.64e-01	1.36e-01	1.75e-08
 1.59041e+23	8.69e-01	1.31e-01	1.78e-08
 1.59505e+23	8.73e-01	1.27e-01	1.81e-08
 1.59990e+23	8.78e-01	1.22e-01	1.86e-08
 1.60501e+23	8.82e-01	1.18e-01	1.90e-08
 1.61050e+23	8.86e-01	1.14e-01	1.96e-08
 1.61633e+23	8.90e-01	1.10e-01	2.03e-08
 1.62234e+23	8.93e-01	1.07e-01	2.10e-08
 1.62817e+23	8.97e-01	1.03e-01	2.18e-08
 1.63377e+23	8.99e-01	1.01e-01	2.26e-08
 1.63928e+23	9.02e-01	9.79e-02	2.35e-08
 1.64469e+23	9.05e-01	9.53e-02	2.44e-08
 1.65000e+23	9.07e-01	9.29e-02	2.53e-08
 1.65512e+23	9.09e-01	9.06e-02	2.61e-08
 1.65999e+23	9.12e-01	8.84e-02	2.70e-08
 1.66453e+23	9.13e-01	8.65e-02	2.79e-08
 1.66894e+23	9.15e-01	8.47e-02	2.88e-08
 1.67334e+23	9.17e-01	8.28e-02	2.99e-08
 1.67761e+23	9.19e-01	8.10e-02	3.10e-08
 1.68171e+23	9.21e-01	7.93e-02	3.21e-08
 1.68566e+23	9.22e-01	7.77e-02	3.34e-08
 1.68948e+23	9.24e-01	7.62e-02	3.46e-08
 1.69317e+23	9.25e-01	7.47e-02	3.59e-08
 1.69673e+23	9.27e-01	7.32e-02	3.74e-08
 1.70016e+23	9.28e-01	7.19e-02	3.89e-08
 1.70346e+23	9.29e-01	7.05e-02	4.05e-08
 1.70665e+23	9.31e-01	6.92e-02	4.22e-08
 1.70973e+23	9.32e-01	6.80e-02	4.41e-08
 1.71265e+23	9.33e-01	6.69e-02	4.59e-08
 1.71552e+23	9.34e-01	6.57e-02	4.81e-08
 1.71831e+23	9.35e-01	6.45e-02	5.04e-08
 1.72084e+23	9.36e-01	6.35e-02	5.25e-08
 1.72315e+23	9.37e-01	6.27e-02	5.46e-08
 1.72525e+23	9.38e-01	6.19e-02	5.66e-08
 1.72716e+23	9.39e-01	6.12e-02	5.85e-08
 1.72890e+23	9.39e-01	6.05e-02	6.03e-08
 1.73049e+23	9.40e-01	6.00e-02	6.20e-08
 1.73193e+23	9.41e-01	5.94e-02	6.40e-08
 1.73324e+23	9.41e-01	5.91e-02	6.53e-08
 1.73467e+23	9.42e-01	5.84e-02	6.68e-08
 1.73654e+23	9.43e-01	5.75e-02	6.93e-08
 1.73856e+23	9.43e-01	5.66e-02	7.15e-08
 1.74039e+23	9.44e-01	5.58e-02	7.36e-08
 1.74206e+23	9.45e-01	5.52e-02	7.53e-08
 1.74358e+23	9.45e-01	5.47e-02	7.70e-08
 1.74496e+23	9.46e-01	5.42e-02	7.88e-08
 1.74622e+23	9.46e-01	5.38e-02	7.96e-08
 1.74760e+23	9.47e-01	5.34e-02	8.07e-08
 1.74939e+23	9.47e-01	5.26e-02	8.24e-08
 1.75132e+23	9.48e-01	5.19e-02	8.43e-08
 1.75308e+23	9.49e-01	5.12e-02	8.56e-08
 1.75468e+23	9.49e-01	5.09e-02	8.66e-08
 1.75644e+23	9.50e-01	5.02e-02	8.74e-08
 1.75833e+23	9.50e-01	4.95e-02	8.87e-08
 1.76006e+23	9.51e-01	4.89e-02	8.97e-08
 1.76163e+23	9.51e-01	4.87e-02	9.03e-08
 1.76335e+23	9.52e-01	4.81e-02	9.10e-08
 1.76520e+23	9.53e-01	4.75e-02	9.19e-08
 1.76689e+23	9.53e-01	4.69e-02	9.23e-08
 1.76843e+23	9.53e-01	4.65e-02	9.26e-08
 1.77011e+23	9.54e-01	4.61e-02	9.31e-08
 1.77193e+23	9.55e-01	4.55e-02	9.36e-08
 1.77393e+23	9.55e-01	4.48e-02	9.37e-08
 1.77608e+23	9.56e-01	4.40e-02	9.40e-08
 1.77804e+23	9.57e-01	4.35e-02	9.41e-08
 1.77982e+23	9.57e-01	4.30e-02	9.41e-08
 1.78144e+23	9.57e-01	4.26e-02	9.39e-08
 1.78291e+23	9.58e-01	4.23e-02	9.39e-08
 1.78453e+23	9.58e-01	4.18e-02	9.33e-08
 1.78628e+23	9.59e-01	4.12e-02	9.31e-08
 1.78786e+23	9.59e-01	4.08e-02	9.29e-08
 1.78931e+23	9.59e-01	4.05e-02	9.27e-08
 1.79089e+23	9.60e-01	4.01e-02	9.25e-08
 1.79260e+23	9.60e-01	3.96e-02	9.23e-08
 1.79448e+23	9.61e-01	3.91e-02	9.18e-08
 1.79650e+23	9.62e-01	3.84e-02	9.16e-08
 1.79834e+23	9.62e-01	3.80e-02	9.13e-08
 1.80001e+23	9.62e-01	3.77e-02	9.12e-08
 1.80185e+23	9.63e-01	3.72e-02	9.04e-08
 1.80383e+23	9.63e-01	3.68e-02	9.04e-08
 1.80563e+23	9.64e-01	3.64e-02	9.00e-08
 1.80761e+23	9.64e-01	3.59e-02	8.95e-08
 1.80974e+23	9.65e-01	3.54e-02	8.95e-08
 1.81168e+23	9.65e-01	3.50e-02	8.91e-08
 1.81345e+23	9.65e-01	3.48e-02	8.90e-08
 1.81539e+23	9.66e-01	3.44e-02	8.84e-08
 1.81748e+23	9.66e-01	3.39e-02	8.83e-08
 1.81938e+23	9.66e-01	3.36e-02	8.82e-08
 1.82146e+23	9.67e-01	3.32e-02	8.76e-08
 1.82371e+23	9.67e-01	3.27e-02	8.76e-08
 1.82576e+23	9.68e-01	3.23e-02	8.72e-08
 1.82762e+23	9.68e-01	3.21e-02	8.71e-08
 1.82966e+23	9.68e-01	3.17e-02	8.66e-08
 1.83187e+23	9.69e-01	3.12e-02	8.65e-08
 1.83387e+23	9.69e-01	3.10e-02	8.64e-08
 1.83607e+23	9.69e-01	3.06e-02	8.58e-08
 1.83844e+23	9.70e-01	3.01e-02	8.58e-08
 1.84060e+23	9.70e-01	2.97e-02	8.54e-08
 1.84257e+23	9.70e-01	2.95e-02	8.53e-08
 1.84472e+23	9.71e-01	2.92e-02	8.49e-08
 1.84704e+23	9.71e-01	2.88e-02	8.49e-08
 1.84916e+23	9.71e-01	2.85e-02	8.48e-08
 1.85148e+23	9.72e-01	2.81e-02	8.43e-08
 1.85398e+23	9.72e-01	2.77e-02	8.43e-08
 1.85625e+23	9.73e-01	2.74e-02	8.42e-08
 1.85875e+23	9.73e-01	2.70e-02	8.37e-08
 1.86144e+23	9.73e-01	2.66e-02	8.36e-08
 1.86389e+23	9.74e-01	2.63e-02	8.37e-08
 1.86658e+23	9.74e-01	2.59e-02	8.34e-08
 1.86948e+23	9.74e-01	2.55e-02	8.37e-08
 1.87212e+23	9.75e-01	2.52e-02	8.35e-08
 1.87452e+23	9.75e-01	2.50e-02	8.34e-08
 1.87715e+23	9.75e-01	2.46e-02	8.32e-08
 1.87999e+23	9.76e-01	2.42e-02	8.33e-08
 1.88258e+23	9.76e-01	2.40e-02	8.33e-08
 1.88541e+23	9.76e-01	2.36e-02	8.31e-08
 1.88847e+23	9.77e-01	2.32e-02	8.32e-08
 1.89125e+23	9.77e-01	2.30e-02	8.33e-08
 1.89430e+23	9.77e-01	2.26e-02	8.30e-08
 1.89759e+23	9.78e-01	2.22e-02	8.31e-08
 1.90059e+23	9.78e-01	2.20e-02	8.32e-08
 1.90387e+23	9.78e-01	2.16e-02	8.30e-08
 1.90741e+23	9.79e-01	2.12e-02	8.32e-08
 1.91064e+23	9.79e-01	2.09e-02	8.31e-08
 1.91357e+23	9.79e-01	2.07e-02	8.31e-08
 1.91679e+23	9.80e-01	2.04e-02	8.28e-08
 1.92026e+23	9.80e-01	2.00e-02	8.29e-08
 1.92342e+23	9.80e-01	1.98e-02	8.30e-08
 1.92688e+23	9.81e-01	1.95e-02	8.28e-08
 1.93062e+23	9.81e-01	1.91e-02	8.29e-08
 1.93402e+23	9.81e-01	1.89e-02	8.30e-08
 1.93775e+23	9.81e-01	1.85e-02	8.29e-08
 1.94177e+23	9.82e-01	1.82e-02	8.29e-08
 1.94543e+23	9.82e-01	1.80e-02	8.30e-08
 1.94945e+23	9.82e-01	1.76e-02	8.29e-08
 1.95378e+23	9.83e-01	1.73e-02	8.29e-08
 1.95772e+23	9.83e-01	1.70e-02	8.30e-08
 1.96204e+23	9.83e-01	1.67e-02	8.30e-08
 1.96670e+23	9.84e-01	1.64e-02	8.31e-08
 1.97095e+23	9.84e-01	1.61e-02	8.29e-08
 1.97481e+23	9.84e-01	1.59e-02	8.30e-08
 1.97904e+23	9.84e-01	1.56e-02	8.30e-08
 1.98361e+23	9.85e-01	1.53e-02	8.31e-08
 1.98776e+23	9.85e-01	1.51e-02	8.30e-08
 1.99155e+23	9.85e-01	1.49e-02	8.30e-08
 1.99569e+23	9.85e-01	1.46e-02	8.30e-08
 2.00017e+23	9.86e-01	1.43e-02	8.31e-08
 2.00424e+23	9.86e-01	1.41e-02	8.30e-08
 2.00870e+23	9.86e-01	1.39e-02	8.31e-08
 2.01352e+23	9.86e-01	1.36e-02	8.32e-08
 2.01790e+23	9.87e-01	1.34e-02	8.32e-08
 2.02271e+23	9.87e-01	1.31e-02	8.33e-08
 2.02789e+23	9.87e-01	1.29e-02	8.34e-08
 2.03261e+23	9.87e-01	1.27e-02	8.34e-08
 2.03778e+23	9.88e-01	1.24e-02	8.34e-08
 2.04337e+23	9.88e-01	1.22e-02	8.36e-08
 2.04845e+23	9.88e-01	1.19e-02	8.36e-08
 2.05307e+23	9.88e-01	1.18e-02	8.36e-08
 2.05814e+23	9.88e-01	1.15e-02	8.38e-08
 2.06472e+23	9.89e-01	1.12e-02	8.39e-08
 2.07205e+23	9.89e-01	1.09e-02	8.39e-08
 2.07943e+23	9.89e-01	1.06e-02	8.40e-08
 2.08704e+23	9.90e-01	1.03e-02	8.41e-08
 2.09477e+23	9.90e-01	1.01e-02	8.42e-08
 2.10260e+23	9.90e-01	9.78e-03	8.43e-08
 2.11050e+23	9.90e-01	9.51e-03	8.44e-08
 2.11848e+23	9.91e-01	9.24e-03	8.45e-08
 2.12655e+23	9.91e-01	8.98e-03	8.46e-08
 2.13467e+23	9.91e-01	8.73e-03	8.47e-08
 2.14286e+23	9.92e-01	8.48e-03	8.49e-08
 2.15116e+23	9.92e-01	8.24e-03	8.50e-08
 2.15952e+23	9.92e-01	8.00e-03	8.51e-08
 2.16796e+23	9.92e-01	7.77e-03	8.52e-08
 2.17647e+23	9.92e-01	7.55e-03	8.53e-08
 2.18503e+23	9.93e-01	7.33e-03	8.55e-08
 2.19366e+23	9.93e-01	7.11e-03	8.56e-08
 2.20234e+23	9.93e-01	6.91e-03	8.58e-08
 2.21108e+23	9.93e-01	6.70e-03	8.59e-08
 2.21990e+23	9.93e-01	6.50e-03	8.61e-08
 2.22879e+23	9.94e-01	6.31e-03	8.63e-08
 2.23775e+23	9.94e-01	6.12e-03	8.64e-08
 2.24676e+23	9.94e-01	5.94e-03	8.66e-08
 2.25585e+23	9.94e-01	5.76e-03	8.69e-08
 2.26512e+23	9.94e-01	5.59e-03	8.71e-08
 2.27458e+23	9.95e-01	5.41e-03	8.73e-08
 2.28415e+23	9.95e-01	5.24e-03	8.76e-08
 2.29385e+23	9.95e-01	5.08e-03	8.79e-08
 2.30364e+23	9.95e-01	4.92e-03	8.82e-08
 2.31354e+23	9.95e-01	4.76e-03	8.86e-08
 2.32355e+23	9.95e-01	4.61e-03	8.90e-08
 2.33368e+23	9.96e-01	4.46e-03	8.94e-08
 2.34398e+23	9.96e-01	4.32e-03	8.98e-08
 2.35445e+23	9.96e-01	4.17e-03	9.03e-08
 2.36518e+23	9.96e-01	4.03e-03	9.08e-08
 2.37618e+23	9.96e-01	3.90e-03	9.14e-08
 2.38737e+23	9.96e-01	3.76e-03	9.20e-08
 2.39877e+23	9.96e-01	3.63e-03	9.27e-08
 2.41036e+23	9.96e-01	3.50e-03	9.34e-08
 2.42217e+23	9.97e-01	3.38e-03	9.42e-08
 2.43421e+23	9.97e-01	3.25e-03	9.51e-08
 2.44650e+23	9.97e-01	3.13e-03	9.61e-08
 2.45910e+23	9.97e-01	3.01e-03	9.71e-08
 2.47201e+23	9.97e-01	2.90e-03	9.83e-08
 2.48521e+23	9.97e-01	2.79e-03	9.95e-08
 2.49872e+23	9.97e-01	2.67e-03	1.01e-07
 2.51255e+23	9.97e-01	2.57e-03	1.02e-07
 2.52671e+23	9.98e-01	2.46e-03	1.04e-07
 2.54129e+23	9.98e-01	2.36e-03	1.06e-07
 2.55620e+23	9.98e-01	2.26e-03	1.08e-07
 2.57124e+23	9.98e-01	2.16e-03	1.10e-07
 2.58639e+23	9.98e-01	2.07e-03	1.13e-07
 2.60169e+23	9.98e-01	1.98e-03	1.16e-07
 2.61719e+23	9.98e-01	1.89e-03	1.19e-07
 2.63284e+23	9.98e-01	1.81e-03	1.22e-07
 2.64864e+23	9.98e-01	1.73e-03	1.26e-07
 2.66461e+23	9.98e-01	1.65e-03	1.30e-07
 2.68076e+23	9.98e-01	1.58e-03	1.35e-07
 2.69708e+23	9.98e-01	1.51e-03	1.40e-07
 2.71351e+23	9.99e-01	1.44e-03	1.46e-07
 2.73009e+23	9.99e-01	1.37e-03	1.52e-07
 2.74690e+23	9.99e-01	1.31e-03	1.60e-07
 2.76381e+23	9.99e-01	1.25e-03	1.68e-07
 2.78089e+23	9.99e-01	1.19e-03	1.78e-07
 2.79810e+23	9.99e-01	1.13e-03	1.89e-07
 2.81549e+23	9.99e-01	1.07e-03	2.02e-07
 2.83282e+23	9.99e-01	1.02e-03	2.17e-07
 2.84933e+23	9.99e-01	9.78e-04	2.35e-07
 2.86467e+23	9.99e-01	9.37e-04	2.53e-07
 2.87899e+23	9.99e-01	9.00e-04	2.74e-07
 2.89260e+23	9.99e-01	8.66e-04	2.96e-07
 2.90564e+23	9.99e-01	8.35e-04	3.21e-07
 2.91807e+23	9.99e-01	8.06e-04	3.49e-07
 2.92985e+23	9.99e-01	7.80e-04	3.80e-07
 2.94099e+23	9.99e-01	7.56e-04	4.13e-07
 2.95154e+23	9.99e-01	7.31e-04	4.52e-07
 2.96150e+23	9.99e-01	7.10e-04	4.93e-07
 2.97093e+23	9.99e-01	6.92e-04	5.38e-07
 2.97998e+23	9.99e-01	6.74e-04	5.88e-07
 2.98868e+23	9.99e-01	6.57e-04	6.44e-07
 2.99697e+23	9.99e-01	6.42e-04	7.07e-07
 3.00484e+23	9.99e-01	6.27e-04	7.75e-07
 3.01231e+23	9.99e-01	6.14e-04	8.51e-07
 3.01944e+23	9.99e-01	6.01e-04	9.34e-07
 3.02628e+23	9.99e-01	5.89e-04	1.03e-06
 3.03286e+23	9.99e-01	5.78e-04	1.13e-06
 3.03917e+23	9.99e-01	5.67e-04	1.24e-06
 3.04524e+23	9.99e-01	5.57e-04	1.37e-06
 3.05106e+23	9.99e-01	5.47e-04	1.50e-06
 3.05666e+23	9.99e-01	5.38e-04	1.65e-06
 3.06207e+23	9.99e-01	5.30e-04	1.82e-06
 3.06733e+23	9.99e-01	5.22e-04	2.01e-06
 3.07242e+23	9.99e-01	5.14e-04	2.21e-06
 3.07737e+23	9.99e-01	5.06e-04	2.43e-06
 3.08218e+23	9.99e-01	4.99e-04	2.68e-06
 3.08512e+23	9.99e-01	4.98e-04	2.94e-06
