#depth	N	N+	N+2	N+3	N+4	N+5	N+6	N+7
 4.62852e+21	2.23e-18	2.28e-13	6.38e-10	1.76e-07	1.37e-05	7.51e-03	1.72e-01	8.20e-01
 1.02535e+22	6.06e-17	3.93e-12	6.96e-09	1.16e-06	5.15e-05	1.72e-02	2.46e-01	7.37e-01
 1.17383e+22	2.29e-16	1.24e-11	1.83e-08	2.50e-06	8.93e-05	2.42e-02	2.82e-01	6.93e-01
 1.24708e+22	4.28e-16	2.14e-11	2.89e-08	3.59e-06	1.16e-04	2.83e-02	3.01e-01	6.71e-01
 1.27878e+22	5.17e-16	2.52e-11	3.32e-08	4.01e-06	1.25e-04	2.97e-02	3.06e-01	6.64e-01
 1.29553e+22	6.52e-16	3.08e-11	3.93e-08	4.58e-06	1.38e-04	3.15e-02	3.13e-01	6.55e-01
 1.31418e+22	8.20e-16	3.75e-11	4.64e-08	5.24e-06	1.52e-04	3.34e-02	3.20e-01	6.46e-01
 1.33251e+22	1.03e-15	4.55e-11	5.46e-08	5.96e-06	1.66e-04	3.54e-02	3.27e-01	6.37e-01
 1.35356e+22	1.39e-15	5.91e-11	6.81e-08	7.11e-06	1.89e-04	3.82e-02	3.36e-01	6.25e-01
 1.37451e+22	1.72e-15	7.11e-11	7.96e-08	8.05e-06	2.06e-04	4.03e-02	3.43e-01	6.16e-01
 1.39535e+22	2.33e-15	9.25e-11	9.94e-08	9.61e-06	2.34e-04	4.35e-02	3.53e-01	6.04e-01
 1.41642e+22	2.92e-15	1.12e-10	1.17e-07	1.10e-05	2.57e-04	4.60e-02	3.60e-01	5.94e-01
 1.43421e+22	3.59e-15	1.35e-10	1.36e-07	1.24e-05	2.80e-04	4.84e-02	3.66e-01	5.85e-01
 1.45377e+22	4.77e-15	1.72e-10	1.68e-07	1.46e-05	3.16e-04	5.20e-02	3.75e-01	5.72e-01
 1.47312e+22	5.83e-15	2.05e-10	1.95e-07	1.65e-05	3.44e-04	5.47e-02	3.82e-01	5.63e-01
 1.49221e+22	7.67e-15	2.60e-10	2.38e-07	1.93e-05	3.86e-04	5.85e-02	3.90e-01	5.51e-01
 1.51162e+22	9.47e-15	3.12e-10	2.78e-07	2.19e-05	4.22e-04	6.17e-02	3.97e-01	5.41e-01
 1.53146e+22	1.26e-14	4.00e-10	3.43e-07	2.60e-05	4.76e-04	6.62e-02	4.06e-01	5.27e-01
 1.55153e+22	1.56e-14	4.83e-10	4.03e-07	2.95e-05	5.22e-04	6.99e-02	4.13e-01	5.17e-01
 1.57190e+22	2.08e-14	6.20e-10	4.99e-07	3.51e-05	5.91e-04	7.51e-02	4.22e-01	5.02e-01
 1.59266e+22	2.62e-14	7.58e-10	5.92e-07	4.04e-05	6.52e-04	7.95e-02	4.29e-01	4.91e-01
 1.61394e+22	3.54e-14	9.84e-10	7.40e-07	4.84e-05	7.43e-04	8.57e-02	4.38e-01	4.75e-01
 1.63560e+22	4.48e-14	1.21e-09	8.84e-07	5.60e-05	8.24e-04	9.10e-02	4.45e-01	4.63e-01
 1.65778e+22	6.08e-14	1.58e-09	1.11e-06	6.78e-05	9.45e-04	9.83e-02	4.54e-01	4.46e-01
 1.68020e+22	7.72e-14	1.95e-09	1.34e-06	7.87e-05	1.05e-03	1.04e-01	4.61e-01	4.33e-01
 1.69916e+22	9.58e-14	2.36e-09	1.58e-06	9.02e-05	1.16e-03	1.10e-01	4.67e-01	4.21e-01
 1.71985e+22	1.26e-13	3.01e-09	1.95e-06	1.08e-04	1.32e-03	1.18e-01	4.75e-01	4.05e-01
 1.74059e+22	1.56e-13	3.63e-09	2.29e-06	1.23e-04	1.46e-03	1.25e-01	4.80e-01	3.93e-01
 1.76086e+22	2.00e-13	4.55e-09	2.80e-06	1.46e-04	1.64e-03	1.34e-01	4.87e-01	3.78e-01
 1.78154e+22	2.48e-13	5.49e-09	3.30e-06	1.68e-04	1.82e-03	1.41e-01	4.92e-01	3.65e-01
 1.80183e+22	3.13e-13	6.78e-09	3.98e-06	1.97e-04	2.05e-03	1.50e-01	4.97e-01	3.50e-01
 1.82255e+22	3.86e-13	8.19e-09	4.72e-06	2.28e-04	2.28e-03	1.59e-01	5.01e-01	3.37e-01
 1.84292e+22	4.78e-13	9.95e-09	5.62e-06	2.66e-04	2.55e-03	1.69e-01	5.05e-01	3.23e-01
 1.86348e+22	5.85e-13	1.20e-08	6.63e-06	3.07e-04	2.83e-03	1.79e-01	5.08e-01	3.10e-01
 1.88377e+22	7.12e-13	1.43e-08	7.81e-06	3.55e-04	3.15e-03	1.89e-01	5.11e-01	2.97e-01
 1.90402e+22	8.59e-13	1.70e-08	9.15e-06	4.08e-04	3.50e-03	1.99e-01	5.13e-01	2.84e-01
 1.92430e+22	1.03e-12	2.01e-08	1.07e-05	4.70e-04	3.88e-03	2.10e-01	5.15e-01	2.71e-01
 1.94465e+22	1.23e-12	2.37e-08	1.25e-05	5.38e-04	4.30e-03	2.21e-01	5.16e-01	2.59e-01
 1.96507e+22	1.46e-12	2.78e-08	1.45e-05	6.16e-04	4.76e-03	2.32e-01	5.16e-01	2.47e-01
 1.98567e+22	1.72e-12	3.25e-08	1.67e-05	7.04e-04	5.26e-03	2.44e-01	5.16e-01	2.35e-01
 2.00647e+22	2.01e-12	3.78e-08	1.93e-05	8.04e-04	5.81e-03	2.56e-01	5.15e-01	2.23e-01
 2.02739e+22	2.35e-12	4.38e-08	2.22e-05	9.14e-04	6.40e-03	2.68e-01	5.13e-01	2.12e-01
 2.04863e+22	2.73e-12	5.07e-08	2.56e-05	1.04e-03	7.07e-03	2.81e-01	5.11e-01	2.00e-01
 2.07008e+22	3.20e-12	5.83e-08	2.93e-05	1.18e-03	7.78e-03	2.93e-01	5.08e-01	1.90e-01
 2.09197e+22	3.70e-12	6.72e-08	3.37e-05	1.34e-03	8.59e-03	3.07e-01	5.04e-01	1.79e-01
 2.11422e+22	4.25e-12	7.70e-08	3.84e-05	1.52e-03	9.44e-03	3.20e-01	5.00e-01	1.69e-01
 2.13460e+22	4.76e-12	8.61e-08	4.28e-05	1.68e-03	1.02e-02	3.32e-01	4.96e-01	1.60e-01
 2.15589e+22	5.47e-12	9.87e-08	4.91e-05	1.91e-03	1.13e-02	3.46e-01	4.90e-01	1.50e-01
 2.17751e+22	6.12e-12	1.10e-07	5.47e-05	2.12e-03	1.22e-02	3.58e-01	4.85e-01	1.43e-01
 2.19976e+22	7.03e-12	1.26e-07	6.26e-05	2.40e-03	1.34e-02	3.73e-01	4.78e-01	1.33e-01
 2.22207e+22	7.80e-12	1.40e-07	6.95e-05	2.65e-03	1.45e-02	3.85e-01	4.72e-01	1.26e-01
 2.24448e+22	8.88e-12	1.59e-07	7.92e-05	3.00e-03	1.60e-02	4.00e-01	4.64e-01	1.17e-01
 2.26695e+22	9.83e-12	1.76e-07	8.75e-05	3.28e-03	1.71e-02	4.11e-01	4.58e-01	1.11e-01
 2.28952e+22	1.11e-11	2.00e-07	9.93e-05	3.70e-03	1.88e-02	4.26e-01	4.49e-01	1.03e-01
 2.31233e+22	1.23e-11	2.20e-07	1.10e-04	4.05e-03	2.01e-02	4.37e-01	4.42e-01	9.69e-02
 2.33544e+22	1.39e-11	2.49e-07	1.24e-04	4.55e-03	2.20e-02	4.52e-01	4.32e-01	8.97e-02
 2.35886e+22	1.53e-11	2.75e-07	1.37e-04	4.97e-03	2.36e-02	4.63e-01	4.24e-01	8.43e-02
 2.38265e+22	1.73e-11	3.10e-07	1.55e-04	5.57e-03	2.58e-02	4.78e-01	4.13e-01	7.77e-02
 2.40688e+22	1.91e-11	3.43e-07	1.71e-04	6.09e-03	2.76e-02	4.89e-01	4.04e-01	7.28e-02
 2.43168e+22	2.16e-11	3.88e-07	1.94e-04	6.82e-03	3.02e-02	5.03e-01	3.93e-01	6.68e-02
 2.45702e+22	2.40e-11	4.29e-07	2.15e-04	7.46e-03	3.23e-02	5.14e-01	3.83e-01	6.23e-02
 2.48309e+22	2.72e-11	4.87e-07	2.45e-04	8.36e-03	3.53e-02	5.28e-01	3.71e-01	5.68e-02
 2.50968e+22	3.03e-11	5.42e-07	2.72e-04	9.14e-03	3.78e-02	5.39e-01	3.61e-01	5.28e-02
 2.53215e+22	3.32e-11	5.93e-07	2.98e-04	9.90e-03	4.01e-02	5.48e-01	3.52e-01	4.93e-02
 2.55655e+22	3.73e-11	6.67e-07	3.35e-04	1.09e-02	4.33e-02	5.60e-01	3.40e-01	4.52e-02
 2.58023e+22	4.07e-11	7.26e-07	3.65e-04	1.18e-02	4.57e-02	5.68e-01	3.32e-01	4.24e-02
 2.60295e+22	4.51e-11	8.06e-07	4.07e-04	1.29e-02	4.90e-02	5.78e-01	3.21e-01	3.89e-02
 2.62589e+22	4.96e-11	8.83e-07	4.44e-04	1.38e-02	5.16e-02	5.85e-01	3.12e-01	3.65e-02
 2.64913e+22	5.52e-11	9.83e-07	4.95e-04	1.51e-02	5.52e-02	5.94e-01	3.01e-01	3.35e-02
 2.67271e+22	6.08e-11	1.08e-06	5.41e-04	1.62e-02	5.81e-02	6.01e-01	2.93e-01	3.13e-02
 2.69673e+22	6.79e-11	1.21e-06	6.06e-04	1.77e-02	6.22e-02	6.09e-01	2.82e-01	2.85e-02
 2.72109e+22	7.53e-11	1.33e-06	6.64e-04	1.90e-02	6.54e-02	6.15e-01	2.73e-01	2.66e-02
 2.74592e+22	8.43e-11	1.49e-06	7.45e-04	2.08e-02	7.00e-02	6.23e-01	2.62e-01	2.42e-02
 2.77113e+22	9.40e-11	1.65e-06	8.18e-04	2.24e-02	7.35e-02	6.28e-01	2.53e-01	2.24e-02
 2.79686e+22	1.06e-10	1.85e-06	9.22e-04	2.45e-02	7.86e-02	6.34e-01	2.42e-01	2.03e-02
 2.82317e+22	1.19e-10	2.06e-06	1.02e-03	2.63e-02	8.26e-02	6.38e-01	2.33e-01	1.87e-02
 2.85022e+22	1.35e-10	2.34e-06	1.15e-03	2.89e-02	8.83e-02	6.43e-01	2.22e-01	1.68e-02
 2.87798e+22	1.52e-10	2.61e-06	1.28e-03	3.11e-02	9.29e-02	6.46e-01	2.13e-01	1.54e-02
 2.90666e+22	1.75e-10	3.00e-06	1.46e-03	3.42e-02	9.93e-02	6.50e-01	2.01e-01	1.37e-02
 2.93566e+22	1.98e-10	3.36e-06	1.62e-03	3.69e-02	1.04e-01	6.52e-01	1.93e-01	1.26e-02
 2.96509e+22	2.30e-10	3.87e-06	1.85e-03	4.05e-02	1.11e-01	6.53e-01	1.82e-01	1.11e-02
 2.99487e+22	2.63e-10	4.36e-06	2.07e-03	4.37e-02	1.17e-01	6.54e-01	1.73e-01	1.02e-02
 3.02509e+22	3.06e-10	5.05e-06	2.37e-03	4.80e-02	1.24e-01	6.54e-01	1.63e-01	8.95e-03
 3.05577e+22	3.52e-10	5.72e-06	2.65e-03	5.17e-02	1.30e-01	6.52e-01	1.55e-01	8.12e-03
 3.08283e+22	4.00e-10	6.43e-06	2.95e-03	5.56e-02	1.37e-01	6.51e-01	1.47e-01	7.34e-03
 3.11379e+22	4.73e-10	7.51e-06	3.39e-03	6.09e-02	1.45e-01	6.47e-01	1.37e-01	6.45e-03
 3.14530e+22	5.41e-10	8.49e-06	3.80e-03	6.56e-02	1.51e-01	6.44e-01	1.30e-01	5.78e-03
 3.17084e+22	6.11e-10	9.47e-06	4.18e-03	6.98e-02	1.57e-01	6.40e-01	1.23e-01	5.28e-03
 3.19735e+22	7.08e-10	1.08e-05	4.69e-03	7.51e-02	1.64e-01	6.35e-01	1.16e-01	4.73e-03
 3.22519e+22	8.05e-10	1.21e-05	5.19e-03	8.01e-02	1.70e-01	6.30e-01	1.10e-01	4.28e-03
 3.25075e+22	9.15e-10	1.36e-05	5.73e-03	8.52e-02	1.76e-01	6.24e-01	1.04e-01	3.88e-03
 3.27993e+22	1.08e-09	1.57e-05	6.49e-03	9.21e-02	1.84e-01	6.16e-01	9.74e-02	3.42e-03
 3.30985e+22	1.24e-09	1.77e-05	7.23e-03	9.84e-02	1.91e-01	6.08e-01	9.14e-02	3.05e-03
 3.33611e+22	1.41e-09	1.99e-05	7.99e-03	1.05e-01	1.98e-01	6.01e-01	8.63e-02	2.75e-03
 3.36563e+22	1.68e-09	2.31e-05	9.04e-03	1.13e-01	2.05e-01	5.90e-01	8.01e-02	2.42e-03
 3.39652e+22	1.94e-09	2.63e-05	1.01e-02	1.20e-01	2.13e-01	5.80e-01	7.46e-02	2.14e-03
 3.42444e+22	2.24e-09	2.97e-05	1.12e-02	1.28e-01	2.19e-01	5.70e-01	6.99e-02	1.91e-03
 3.45600e+22	2.69e-09	3.48e-05	1.27e-02	1.38e-01	2.27e-01	5.56e-01	6.42e-02	1.65e-03
 3.48853e+22	3.14e-09	3.98e-05	1.42e-02	1.47e-01	2.34e-01	5.43e-01	5.93e-02	1.44e-03
 3.51748e+22	3.66e-09	4.52e-05	1.58e-02	1.56e-01	2.41e-01	5.31e-01	5.51e-02	1.28e-03
 3.55027e+22	4.43e-09	5.32e-05	1.80e-02	1.68e-01	2.48e-01	5.15e-01	5.01e-02	1.09e-03
 3.58433e+22	5.24e-09	6.13e-05	2.02e-02	1.79e-01	2.55e-01	4.99e-01	4.59e-02	9.45e-04
 3.61501e+22	6.16e-09	7.01e-05	2.24e-02	1.89e-01	2.60e-01	4.85e-01	4.22e-02	8.24e-04
 3.64982e+22	7.57e-09	8.33e-05	2.57e-02	2.04e-01	2.67e-01	4.65e-01	3.78e-02	6.89e-04
 3.68557e+22	9.00e-09	9.62e-05	2.87e-02	2.16e-01	2.72e-01	4.48e-01	3.43e-02	5.91e-04
 3.71767e+22	1.07e-08	1.11e-04	3.20e-02	2.28e-01	2.77e-01	4.31e-01	3.12e-02	5.08e-04
 3.75456e+22	1.33e-08	1.33e-04	3.67e-02	2.45e-01	2.82e-01	4.08e-01	2.74e-02	4.15e-04
 3.79174e+22	1.59e-08	1.53e-04	4.09e-02	2.58e-01	2.86e-01	3.90e-01	2.47e-02	3.52e-04
 3.82929e+22	1.98e-08	1.83e-04	4.66e-02	2.75e-01	2.89e-01	3.68e-01	2.16e-02	2.87e-04
 3.86772e+22	2.40e-08	2.13e-04	5.21e-02	2.89e-01	2.91e-01	3.48e-01	1.92e-02	2.39e-04
 3.90158e+22	2.87e-08	2.45e-04	5.77e-02	3.03e-01	2.92e-01	3.30e-01	1.71e-02	2.01e-04
 3.93989e+22	3.61e-08	2.94e-04	6.56e-02	3.20e-01	2.92e-01	3.06e-01	1.47e-02	1.60e-04
 3.97909e+22	4.30e-08	3.41e-04	7.28e-02	3.35e-01	2.92e-01	2.87e-01	1.29e-02	1.31e-04
 4.01945e+22	5.48e-08	4.11e-04	8.26e-02	3.52e-01	2.90e-01	2.64e-01	1.09e-02	1.03e-04
 4.06046e+22	6.69e-08	4.78e-04	9.15e-02	3.66e-01	2.87e-01	2.45e-01	9.47e-03	8.33e-05
 4.10233e+22	8.62e-08	5.79e-04	1.04e-01	3.84e-01	2.82e-01	2.22e-01	7.86e-03	6.35e-05
 4.14443e+22	1.05e-07	6.72e-04	1.14e-01	3.96e-01	2.77e-01	2.05e-01	6.76e-03	5.11e-05
 4.18075e+22	1.27e-07	7.75e-04	1.25e-01	4.08e-01	2.72e-01	1.89e-01	5.82e-03	4.12e-05
 4.21550e+22	1.52e-07	8.84e-04	1.36e-01	4.18e-01	2.66e-01	1.74e-01	5.06e-03	3.37e-05
 4.24853e+22	1.81e-07	1.00e-03	1.47e-01	4.27e-01	2.60e-01	1.61e-01	4.39e-03	2.76e-05
 4.28574e+22	2.25e-07	1.18e-03	1.61e-01	4.38e-01	2.51e-01	1.45e-01	3.66e-03	2.13e-05
 4.32288e+22	2.68e-07	1.33e-03	1.74e-01	4.45e-01	2.44e-01	1.33e-01	3.16e-03	1.73e-05
 4.35994e+22	3.32e-07	1.56e-03	1.90e-01	4.53e-01	2.34e-01	1.19e-01	2.61e-03	1.33e-05
 4.39769e+22	3.97e-07	1.77e-03	2.04e-01	4.58e-01	2.26e-01	1.08e-01	2.22e-03	1.06e-05
 4.43634e+22	4.97e-07	2.07e-03	2.22e-01	4.64e-01	2.15e-01	9.59e-02	1.81e-03	7.97e-06
 4.47538e+22	5.94e-07	2.34e-03	2.37e-01	4.67e-01	2.06e-01	8.66e-02	1.53e-03	6.32e-06
 4.51491e+22	7.48e-07	2.75e-03	2.58e-01	4.69e-01	1.94e-01	7.56e-02	1.22e-03	4.63e-06
 4.55437e+22	8.89e-07	3.10e-03	2.74e-01	4.70e-01	1.84e-01	6.80e-02	1.03e-03	3.66e-06
 4.58763e+22	1.05e-06	3.46e-03	2.89e-01	4.69e-01	1.76e-01	6.14e-02	8.72e-04	2.92e-06
 4.61852e+22	1.22e-06	3.84e-03	3.04e-01	4.68e-01	1.68e-01	5.56e-02	7.44e-04	2.35e-06
 4.64778e+22	1.40e-06	4.22e-03	3.18e-01	4.66e-01	1.60e-01	5.08e-02	6.44e-04	1.93e-06
 4.68115e+22	1.67e-06	4.76e-03	3.36e-01	4.63e-01	1.51e-01	4.50e-02	5.30e-04	1.48e-06
 4.71524e+22	1.95e-06	5.28e-03	3.52e-01	4.59e-01	1.43e-01	4.05e-02	4.48e-04	1.18e-06
 4.74529e+22	2.25e-06	5.81e-03	3.67e-01	4.54e-01	1.36e-01	3.65e-02	3.80e-04	9.46e-07
 4.77938e+22	2.69e-06	6.55e-03	3.87e-01	4.48e-01	1.26e-01	3.20e-02	3.10e-04	7.16e-07
 4.81406e+22	3.12e-06	7.24e-03	4.03e-01	4.42e-01	1.19e-01	2.86e-02	2.59e-04	5.64e-07
 4.84467e+22	3.60e-06	7.95e-03	4.18e-01	4.36e-01	1.12e-01	2.57e-02	2.19e-04	4.49e-07
 4.87964e+22	4.31e-06	8.95e-03	4.38e-01	4.27e-01	1.04e-01	2.23e-02	1.76e-04	3.34e-07
 4.91515e+22	5.00e-06	9.86e-03	4.55e-01	4.18e-01	9.70e-02	1.98e-02	1.46e-04	2.61e-07
 4.94653e+22	5.77e-06	1.08e-02	4.71e-01	4.10e-01	9.08e-02	1.76e-02	1.22e-04	2.05e-07
 4.98252e+22	6.91e-06	1.22e-02	4.90e-01	3.99e-01	8.33e-02	1.51e-02	9.65e-05	1.50e-07
 5.01906e+22	8.02e-06	1.34e-02	5.07e-01	3.89e-01	7.74e-02	1.33e-02	7.93e-05	0.00e+00
 5.04596e+22	8.88e-06	1.43e-02	5.18e-01	3.82e-01	7.35e-02	1.22e-02	6.92e-05	0.00e+00
 5.07058e+22	9.99e-06	1.54e-02	5.31e-01	3.74e-01	6.91e-02	1.10e-02	5.90e-05	0.00e+00
 5.10258e+22	1.17e-05	1.70e-02	5.48e-01	3.62e-01	6.36e-02	9.58e-03	4.76e-05	0.00e+00
 5.13782e+22	1.35e-05	1.87e-02	5.63e-01	3.51e-01	5.86e-02	8.36e-03	3.87e-05	0.00e+00
 5.17728e+22	1.65e-05	2.12e-02	5.84e-01	3.36e-01	5.25e-02	6.97e-03	2.92e-05	0.00e+00
 5.21649e+22	1.90e-05	2.32e-02	5.98e-01	3.24e-01	4.82e-02	6.07e-03	2.37e-05	0.00e+00
 5.25536e+22	2.28e-05	2.60e-02	6.16e-01	3.10e-01	4.32e-02	5.09e-03	1.81e-05	0.00e+00
 5.29575e+22	2.67e-05	2.86e-02	6.31e-01	2.97e-01	3.92e-02	4.36e-03	1.43e-05	0.00e+00
 5.33253e+22	3.11e-05	3.15e-02	6.45e-01	2.84e-01	3.56e-02	3.74e-03	1.13e-05	0.00e+00
 5.37475e+22	3.79e-05	3.56e-02	6.62e-01	2.68e-01	3.14e-02	3.06e-03	8.32e-06	0.00e+00
 5.41148e+22	4.24e-05	3.81e-02	6.71e-01	2.59e-01	2.92e-02	2.72e-03	6.98e-06	0.00e+00
 5.44108e+22	4.85e-05	4.14e-02	6.82e-01	2.48e-01	2.67e-02	2.37e-03	5.63e-06	0.00e+00
 5.47180e+22	5.44e-05	4.44e-02	6.90e-01	2.39e-01	2.47e-02	2.09e-03	4.68e-06	0.00e+00
 5.50398e+22	6.29e-05	4.85e-02	7.00e-01	2.27e-01	2.23e-02	1.79e-03	3.69e-06	0.00e+00
 5.53630e+22	7.05e-05	5.20e-02	7.08e-01	2.18e-01	2.06e-02	1.58e-03	3.05e-06	0.00e+00
 5.56882e+22	8.15e-05	5.68e-02	7.16e-01	2.07e-01	1.86e-02	1.35e-03	2.40e-06	0.00e+00
 5.60176e+22	9.17e-05	6.10e-02	7.23e-01	1.98e-01	1.70e-02	1.18e-03	1.96e-06	0.00e+00
 5.63527e+22	1.06e-04	6.67e-02	7.30e-01	1.87e-01	1.53e-02	9.98e-04	1.52e-06	0.00e+00
 5.66919e+22	1.20e-04	7.16e-02	7.36e-01	1.78e-01	1.39e-02	8.69e-04	1.23e-06	0.00e+00
 5.70365e+22	1.39e-04	7.84e-02	7.41e-01	1.67e-01	1.24e-02	7.30e-04	9.48e-07	0.00e+00
 5.73865e+22	1.57e-04	8.43e-02	7.45e-01	1.58e-01	1.13e-02	6.31e-04	7.61e-07	0.00e+00
 5.77435e+22	1.84e-04	9.24e-02	7.49e-01	1.48e-01	1.00e-02	5.25e-04	5.76e-07	0.00e+00
 5.81068e+22	2.08e-04	9.94e-02	7.51e-01	1.39e-01	9.04e-03	4.50e-04	4.58e-07	0.00e+00
 5.84784e+22	2.44e-04	1.09e-01	7.53e-01	1.29e-01	7.94e-03	3.70e-04	3.41e-07	0.00e+00
 5.88580e+22	2.77e-04	1.18e-01	7.53e-01	1.21e-01	7.12e-03	3.15e-04	2.67e-07	0.00e+00
 5.92480e+22	3.27e-04	1.29e-01	7.52e-01	1.11e-01	6.20e-03	2.55e-04	1.95e-07	0.00e+00
 5.96447e+22	3.72e-04	1.40e-01	7.50e-01	1.04e-01	5.53e-03	2.15e-04	1.51e-07	0.00e+00
 6.00502e+22	4.40e-04	1.54e-01	7.46e-01	9.47e-02	4.77e-03	1.72e-04	0.00e+00	0.00e+00
 6.04612e+22	5.02e-04	1.66e-01	7.42e-01	8.77e-02	4.23e-03	1.44e-04	0.00e+00	0.00e+00
 6.08795e+22	5.93e-04	1.82e-01	7.34e-01	7.94e-02	3.63e-03	1.14e-04	0.00e+00	0.00e+00
 6.13083e+22	6.81e-04	1.97e-01	7.27e-01	7.28e-02	3.18e-03	9.35e-05	0.00e+00	0.00e+00
 6.17506e+22	8.15e-04	2.17e-01	7.14e-01	6.47e-02	2.68e-03	7.21e-05	0.00e+00	0.00e+00
 6.21922e+22	9.28e-04	2.33e-01	7.04e-01	5.92e-02	2.35e-03	5.94e-05	0.00e+00	0.00e+00
 6.26330e+22	1.10e-03	2.56e-01	6.89e-01	5.24e-02	1.98e-03	4.57e-05	0.00e+00	0.00e+00
 6.30892e+22	1.26e-03	2.75e-01	6.75e-01	4.72e-02	1.71e-03	3.67e-05	0.00e+00	0.00e+00
 6.35651e+22	1.52e-03	3.04e-01	6.53e-01	4.08e-02	1.41e-03	2.73e-05	0.00e+00	0.00e+00
 6.40466e+22	1.74e-03	3.25e-01	6.35e-01	3.65e-02	1.21e-03	2.17e-05	0.00e+00	0.00e+00
 6.45352e+22	2.10e-03	3.58e-01	6.08e-01	3.10e-02	9.81e-04	1.58e-05	0.00e+00	0.00e+00
 6.50407e+22	2.42e-03	3.84e-01	5.86e-01	2.72e-02	8.29e-04	1.22e-05	0.00e+00	0.00e+00
 6.55683e+22	2.95e-03	4.22e-01	5.52e-01	2.24e-02	6.54e-04	8.48e-06	0.00e+00	0.00e+00
 6.61112e+22	3.43e-03	4.52e-01	5.25e-01	1.92e-02	5.41e-04	6.33e-06	0.00e+00	0.00e+00
 6.66740e+22	4.20e-03	4.96e-01	4.84e-01	1.53e-02	4.15e-04	4.21e-06	0.00e+00	0.00e+00
 6.72608e+22	4.96e-03	5.32e-01	4.50e-01	1.26e-02	3.31e-04	2.97e-06	0.00e+00	0.00e+00
 6.78733e+22	6.13e-03	5.81e-01	4.03e-01	9.53e-03	2.43e-04	1.84e-06	0.00e+00	0.00e+00
 6.84949e+22	7.28e-03	6.20e-01	3.65e-01	7.54e-03	1.88e-04	1.24e-06	0.00e+00	0.00e+00
 6.89797e+22	8.29e-03	6.48e-01	3.37e-01	6.26e-03	1.54e-04	9.10e-07	0.00e+00	0.00e+00
 6.94558e+22	9.77e-03	6.86e-01	2.99e-01	4.83e-03	1.17e-04	5.92e-07	0.00e+00	0.00e+00
 6.99423e+22	1.12e-02	7.16e-01	2.69e-01	3.85e-03	9.21e-05	4.10e-07	0.00e+00	0.00e+00
 7.04424e+22	1.33e-02	7.53e-01	2.30e-01	2.82e-03	6.66e-05	2.49e-07	0.00e+00	0.00e+00
 7.09592e+22	1.56e-02	7.83e-01	1.99e-01	2.12e-03	4.95e-05	1.58e-07	0.00e+00	0.00e+00
 7.14978e+22	1.89e-02	8.18e-01	1.62e-01	1.43e-03	3.30e-05	0.00e+00	0.00e+00	0.00e+00
 7.19914e+22	2.18e-02	8.40e-01	1.37e-01	1.07e-03	2.44e-05	0.00e+00	0.00e+00	0.00e+00
 7.23526e+22	2.45e-02	8.57e-01	1.18e-01	8.17e-04	1.84e-05	0.00e+00	0.00e+00	0.00e+00
 7.27481e+22	2.86e-02	8.75e-01	9.59e-02	5.74e-04	1.26e-05	0.00e+00	0.00e+00	0.00e+00
 7.31723e+22	3.34e-02	8.90e-01	7.66e-02	3.97e-04	8.46e-06	0.00e+00	0.00e+00	0.00e+00
 7.35616e+22	3.90e-02	9.00e-01	6.04e-02	2.74e-04	5.58e-06	0.00e+00	0.00e+00	0.00e+00
 7.39274e+22	4.55e-02	9.07e-01	4.70e-02	1.89e-04	3.60e-06	0.00e+00	0.00e+00	0.00e+00
 7.42684e+22	5.32e-02	9.11e-01	3.61e-02	1.30e-04	2.28e-06	0.00e+00	0.00e+00	0.00e+00
 7.45822e+22	6.23e-02	9.10e-01	2.75e-02	9.08e-05	1.42e-06	0.00e+00	0.00e+00	0.00e+00
 7.48685e+22	7.30e-02	9.06e-01	2.08e-02	6.43e-05	8.83e-07	0.00e+00	0.00e+00	0.00e+00
 7.51283e+22	8.55e-02	8.99e-01	1.57e-02	4.65e-05	5.49e-07	0.00e+00	0.00e+00	0.00e+00
 7.53648e+22	1.00e-01	8.88e-01	1.18e-02	3.44e-05	3.42e-07	0.00e+00	0.00e+00	0.00e+00
 7.55809e+22	1.18e-01	8.73e-01	8.94e-03	2.60e-05	2.15e-07	0.00e+00	0.00e+00	0.00e+00
 7.57164e+22	1.30e-01	8.63e-01	7.57e-03	2.22e-05	1.64e-07	0.00e+00	0.00e+00	0.00e+00
 7.57662e+22	1.35e-01	8.58e-01	7.10e-03	2.09e-05	1.48e-07	0.00e+00	0.00e+00	0.00e+00
 7.58060e+22	1.40e-01	8.54e-01	6.69e-03	1.99e-05	1.34e-07	0.00e+00	0.00e+00	0.00e+00
 7.58576e+22	1.46e-01	8.48e-01	6.19e-03	1.85e-05	0.00e+00	0.00e+00	0.00e+00	0.00e+00
 7.59183e+22	1.54e-01	8.40e-01	5.64e-03	1.71e-05	0.00e+00	0.00e+00	0.00e+00	0.00e+00
 7.59788e+22	1.62e-01	8.33e-01	5.16e-03	1.59e-05	0.00e+00	0.00e+00	0.00e+00	0.00e+00
 7.60379e+22	1.71e-01	8.24e-01	4.71e-03	1.47e-05	0.00e+00	0.00e+00	0.00e+00	0.00e+00
 7.60977e+22	1.80e-01	8.15e-01	4.29e-03	1.36e-05	0.00e+00	0.00e+00	0.00e+00	0.00e+00
 7.61568e+22	1.90e-01	8.06e-01	3.91e-03	1.26e-05	0.00e+00	0.00e+00	0.00e+00	0.00e+00
 7.62166e+22	2.01e-01	7.95e-01	3.55e-03	1.17e-05	0.00e+00	0.00e+00	0.00e+00	0.00e+00
 7.62783e+22	2.13e-01	7.84e-01	3.21e-03	1.08e-05	0.00e+00	0.00e+00	0.00e+00	0.00e+00
 7.63414e+22	2.26e-01	7.71e-01	2.89e-03	1.00e-05	0.00e+00	0.00e+00	0.00e+00	0.00e+00
 7.64056e+22	2.39e-01	7.58e-01	2.60e-03	9.26e-06	0.00e+00	0.00e+00	0.00e+00	0.00e+00
 7.64712e+22	2.54e-01	7.43e-01	2.32e-03	8.54e-06	0.00e+00	0.00e+00	0.00e+00	0.00e+00
 7.65382e+22	2.71e-01	7.27e-01	2.07e-03	7.87e-06	0.00e+00	0.00e+00	0.00e+00	0.00e+00
 7.66074e+22	2.88e-01	7.10e-01	1.83e-03	7.24e-06	0.00e+00	0.00e+00	0.00e+00	0.00e+00
 7.66793e+22	3.07e-01	6.91e-01	1.61e-03	6.65e-06	0.00e+00	0.00e+00	0.00e+00	0.00e+00
 7.67539e+22	3.28e-01	6.71e-01	1.41e-03	6.09e-06	0.00e+00	0.00e+00	0.00e+00	0.00e+00
 7.68281e+22	3.49e-01	6.50e-01	1.24e-03	5.59e-06	0.00e+00	0.00e+00	0.00e+00	0.00e+00
 7.68860e+22	3.64e-01	6.35e-01	1.12e-03	5.25e-06	0.00e+00	0.00e+00	0.00e+00	0.00e+00
 7.69249e+22	3.75e-01	6.24e-01	1.05e-03	5.03e-06	0.00e+00	0.00e+00	0.00e+00	0.00e+00
 7.69623e+22	3.86e-01	6.13e-01	9.82e-04	4.83e-06	0.00e+00	0.00e+00	0.00e+00	0.00e+00
 7.70068e+22	4.00e-01	5.99e-01	9.04e-04	4.59e-06	0.00e+00	0.00e+00	0.00e+00	0.00e+00
 7.70558e+22	4.15e-01	5.85e-01	8.27e-04	4.35e-06	0.00e+00	0.00e+00	0.00e+00	0.00e+00
 7.71030e+22	4.28e-01	5.71e-01	7.62e-04	4.14e-06	0.00e+00	0.00e+00	0.00e+00	0.00e+00
 7.71492e+22	4.42e-01	5.57e-01	7.00e-04	3.94e-06	0.00e+00	0.00e+00	0.00e+00	0.00e+00
 7.71967e+22	4.56e-01	5.43e-01	6.43e-04	3.74e-06	0.00e+00	0.00e+00	0.00e+00	0.00e+00
 7.72449e+22	4.70e-01	5.29e-01	5.89e-04	3.56e-06	0.00e+00	0.00e+00	0.00e+00	0.00e+00
 7.72938e+22	4.85e-01	5.14e-01	5.39e-04	3.38e-06	0.00e+00	0.00e+00	0.00e+00	0.00e+00
 7.73427e+22	4.99e-01	5.01e-01	4.95e-04	3.22e-06	0.00e+00	0.00e+00	0.00e+00	0.00e+00
 7.73931e+22	5.13e-01	4.86e-01	4.52e-04	3.06e-06	0.00e+00	0.00e+00	0.00e+00	0.00e+00
 7.74461e+22	5.29e-01	4.71e-01	4.10e-04	2.90e-06	0.00e+00	0.00e+00	0.00e+00	0.00e+00
 7.74985e+22	5.43e-01	4.56e-01	3.75e-04	2.75e-06	0.00e+00	0.00e+00	0.00e+00	0.00e+00
 7.75513e+22	5.58e-01	4.42e-01	3.41e-04	2.62e-06	0.00e+00	0.00e+00	0.00e+00	0.00e+00
 7.76066e+22	5.72e-01	4.27e-01	3.10e-04	2.48e-06	0.00e+00	0.00e+00	0.00e+00	0.00e+00
 7.76641e+22	5.87e-01	4.12e-01	2.80e-04	2.35e-06	0.00e+00	0.00e+00	0.00e+00	0.00e+00
 7.77225e+22	6.02e-01	3.98e-01	2.53e-04	2.23e-06	0.00e+00	0.00e+00	0.00e+00	0.00e+00
 7.77812e+22	6.17e-01	3.83e-01	2.29e-04	2.11e-06	0.00e+00	0.00e+00	0.00e+00	0.00e+00
 7.78418e+22	6.31e-01	3.69e-01	2.07e-04	2.00e-06	0.00e+00	0.00e+00	0.00e+00	0.00e+00
 7.79050e+22	6.46e-01	3.54e-01	1.86e-04	1.89e-06	0.00e+00	0.00e+00	0.00e+00	0.00e+00
 7.79696e+22	6.60e-01	3.40e-01	1.68e-04	1.79e-06	0.00e+00	0.00e+00	0.00e+00	0.00e+00
 7.80355e+22	6.74e-01	3.26e-01	1.51e-04	1.69e-06	0.00e+00	0.00e+00	0.00e+00	0.00e+00
 7.81039e+22	6.88e-01	3.12e-01	1.35e-04	1.59e-06	0.00e+00	0.00e+00	0.00e+00	0.00e+00
 7.81746e+22	7.02e-01	2.98e-01	1.21e-04	1.50e-06	0.00e+00	0.00e+00	0.00e+00	0.00e+00
 7.82468e+22	7.16e-01	2.84e-01	1.08e-04	1.42e-06	0.00e+00	0.00e+00	0.00e+00	0.00e+00
 7.83206e+22	7.29e-01	2.70e-01	9.68e-05	1.34e-06	0.00e+00	0.00e+00	0.00e+00	0.00e+00
 7.83960e+22	7.42e-01	2.57e-01	8.67e-05	1.26e-06	0.00e+00	0.00e+00	0.00e+00	0.00e+00
 7.84734e+22	7.55e-01	2.45e-01	7.76e-05	1.19e-06	0.00e+00	0.00e+00	0.00e+00	0.00e+00
 7.85534e+22	7.67e-01	2.33e-01	6.96e-05	1.12e-06	0.00e+00	0.00e+00	0.00e+00	0.00e+00
 7.86343e+22	7.80e-01	2.20e-01	6.24e-05	1.05e-06	0.00e+00	0.00e+00	0.00e+00	0.00e+00
 7.87163e+22	7.91e-01	2.09e-01	5.61e-05	9.89e-07	0.00e+00	0.00e+00	0.00e+00	0.00e+00
 7.88011e+22	8.02e-01	1.98e-01	5.05e-05	9.31e-07	0.00e+00	0.00e+00	0.00e+00	0.00e+00
 7.88858e+22	8.13e-01	1.87e-01	4.57e-05	8.78e-07	0.00e+00	0.00e+00	0.00e+00	0.00e+00
 7.89703e+22	8.23e-01	1.77e-01	4.14e-05	8.28e-07	0.00e+00	0.00e+00	0.00e+00	0.00e+00
 7.90582e+22	8.33e-01	1.67e-01	3.77e-05	7.81e-07	0.00e+00	0.00e+00	0.00e+00	0.00e+00
 7.91475e+22	8.42e-01	1.58e-01	3.43e-05	7.36e-07	0.00e+00	0.00e+00	0.00e+00	0.00e+00
 7.92373e+22	8.51e-01	1.49e-01	3.15e-05	6.95e-07	0.00e+00	0.00e+00	0.00e+00	0.00e+00
 7.93294e+22	8.60e-01	1.40e-01	2.89e-05	6.55e-07	0.00e+00	0.00e+00	0.00e+00	0.00e+00
 7.94243e+22	8.68e-01	1.32e-01	2.65e-05	6.18e-07	0.00e+00	0.00e+00	0.00e+00	0.00e+00
 7.95206e+22	8.76e-01	1.24e-01	2.45e-05	5.83e-07	0.00e+00	0.00e+00	0.00e+00	0.00e+00
 7.96180e+22	8.84e-01	1.16e-01	2.27e-05	5.49e-07	0.00e+00	0.00e+00	0.00e+00	0.00e+00
 7.97183e+22	8.91e-01	1.09e-01	2.11e-05	5.18e-07	0.00e+00	0.00e+00	0.00e+00	0.00e+00
 7.98213e+22	8.99e-01	1.01e-01	1.96e-05	4.88e-07	0.00e+00	0.00e+00	0.00e+00	0.00e+00
 7.99226e+22	9.05e-01	9.49e-02	1.84e-05	4.61e-07	0.00e+00	0.00e+00	0.00e+00	0.00e+00
 8.00187e+22	9.11e-01	8.91e-02	1.74e-05	4.38e-07	0.00e+00	0.00e+00	0.00e+00	0.00e+00
 8.01072e+22	9.16e-01	8.41e-02	1.65e-05	4.19e-07	0.00e+00	0.00e+00	0.00e+00	0.00e+00
 8.01893e+22	9.21e-01	7.95e-02	1.58e-05	4.02e-07	0.00e+00	0.00e+00	0.00e+00	0.00e+00
 8.02653e+22	9.24e-01	7.56e-02	1.52e-05	3.87e-07	0.00e+00	0.00e+00	0.00e+00	0.00e+00
 8.03388e+22	9.28e-01	7.19e-02	1.47e-05	3.73e-07	0.00e+00	0.00e+00	0.00e+00	0.00e+00
 8.04125e+22	9.32e-01	6.85e-02	1.42e-05	3.60e-07	0.00e+00	0.00e+00	0.00e+00	0.00e+00
 8.04849e+22	9.35e-01	6.50e-02	1.37e-05	3.47e-07	0.00e+00	0.00e+00	0.00e+00	0.00e+00
 8.05526e+22	9.38e-01	6.21e-02	1.33e-05	3.37e-07	0.00e+00	0.00e+00	0.00e+00	0.00e+00
 8.06157e+22	9.40e-01	5.95e-02	1.30e-05	3.28e-07	0.00e+00	0.00e+00	0.00e+00	0.00e+00
 8.06791e+22	9.43e-01	5.69e-02	1.27e-05	3.19e-07	0.00e+00	0.00e+00	0.00e+00	0.00e+00
 8.07403e+22	9.45e-01	5.47e-02	1.24e-05	3.11e-07	0.00e+00	0.00e+00	0.00e+00	0.00e+00
 8.07981e+22	9.47e-01	5.26e-02	1.21e-05	3.04e-07	0.00e+00	0.00e+00	0.00e+00	0.00e+00
 8.08555e+22	9.49e-01	5.06e-02	1.19e-05	2.97e-07	0.00e+00	0.00e+00	0.00e+00	0.00e+00
 8.09105e+22	9.51e-01	4.88e-02	1.17e-05	2.92e-07	0.00e+00	0.00e+00	0.00e+00	0.00e+00
 8.09623e+22	9.53e-01	4.72e-02	1.15e-05	2.87e-07	0.00e+00	0.00e+00	0.00e+00	0.00e+00
 8.10129e+22	9.54e-01	4.57e-02	1.13e-05	2.83e-07	0.00e+00	0.00e+00	0.00e+00	0.00e+00
 8.10623e+22	9.56e-01	4.44e-02	1.11e-05	2.79e-07	0.00e+00	0.00e+00	0.00e+00	0.00e+00
 8.11087e+22	9.57e-01	4.32e-02	1.10e-05	2.76e-07	0.00e+00	0.00e+00	0.00e+00	0.00e+00
 8.11509e+22	9.58e-01	4.21e-02	1.09e-05	2.74e-07	0.00e+00	0.00e+00	0.00e+00	0.00e+00
 8.11894e+22	9.59e-01	4.13e-02	1.08e-05	2.72e-07	0.00e+00	0.00e+00	0.00e+00	0.00e+00
 8.12244e+22	9.59e-01	4.05e-02	1.07e-05	2.71e-07	0.00e+00	0.00e+00	0.00e+00	0.00e+00
 8.12562e+22	9.60e-01	3.99e-02	1.06e-05	2.71e-07	0.00e+00	0.00e+00	0.00e+00	0.00e+00
 8.12852e+22	9.61e-01	3.93e-02	1.05e-05	2.70e-07	0.00e+00	0.00e+00	0.00e+00	0.00e+00
 8.13115e+22	9.61e-01	3.88e-02	1.05e-05	2.70e-07	0.00e+00	0.00e+00	0.00e+00	0.00e+00
 8.13404e+22	9.62e-01	3.83e-02	1.04e-05	2.70e-07	0.00e+00	0.00e+00	0.00e+00	0.00e+00
 8.13716e+22	9.62e-01	3.77e-02	1.03e-05	2.70e-07	0.00e+00	0.00e+00	0.00e+00	0.00e+00
 8.14000e+22	9.63e-01	3.73e-02	1.02e-05	2.70e-07	0.00e+00	0.00e+00	0.00e+00	0.00e+00
 8.14258e+22	9.63e-01	3.69e-02	1.02e-05	2.71e-07	0.00e+00	0.00e+00	0.00e+00	0.00e+00
 8.14493e+22	9.63e-01	3.66e-02	1.01e-05	2.71e-07	0.00e+00	0.00e+00	0.00e+00	0.00e+00
 8.14751e+22	9.64e-01	3.62e-02	1.01e-05	2.71e-07	0.00e+00	0.00e+00	0.00e+00	0.00e+00
 8.15086e+22	9.64e-01	3.57e-02	9.99e-06	2.72e-07	0.00e+00	0.00e+00	0.00e+00	0.00e+00
 8.15447e+22	9.65e-01	3.52e-02	9.92e-06	2.72e-07	0.00e+00	0.00e+00	0.00e+00	0.00e+00
 8.15776e+22	9.65e-01	3.48e-02	9.86e-06	2.73e-07	0.00e+00	0.00e+00	0.00e+00	0.00e+00
 8.16075e+22	9.65e-01	3.45e-02	9.80e-06	2.73e-07	0.00e+00	0.00e+00	0.00e+00	0.00e+00
 8.16403e+22	9.66e-01	3.42e-02	9.73e-06	2.74e-07	0.00e+00	0.00e+00	0.00e+00	0.00e+00
 8.16757e+22	9.66e-01	3.38e-02	9.67e-06	2.74e-07	0.00e+00	0.00e+00	0.00e+00	0.00e+00
 8.17079e+22	9.66e-01	3.35e-02	9.61e-06	2.75e-07	0.00e+00	0.00e+00	0.00e+00	0.00e+00
 8.17373e+22	9.67e-01	3.33e-02	9.56e-06	2.77e-07	0.00e+00	0.00e+00	0.00e+00	0.00e+00
 8.17639e+22	9.67e-01	3.31e-02	9.52e-06	2.77e-07	0.00e+00	0.00e+00	0.00e+00	0.00e+00
 8.17932e+22	9.67e-01	3.28e-02	9.46e-06	2.77e-07	0.00e+00	0.00e+00	0.00e+00	0.00e+00
 8.18312e+22	9.68e-01	3.24e-02	9.39e-06	2.78e-07	0.00e+00	0.00e+00	0.00e+00	0.00e+00
 8.18722e+22	9.68e-01	3.21e-02	9.32e-06	2.79e-07	0.00e+00	0.00e+00	0.00e+00	0.00e+00
 8.19096e+22	9.68e-01	3.18e-02	9.26e-06	2.80e-07	0.00e+00	0.00e+00	0.00e+00	0.00e+00
 8.19435e+22	9.68e-01	3.16e-02	9.21e-06	2.81e-07	0.00e+00	0.00e+00	0.00e+00	0.00e+00
 8.19745e+22	9.69e-01	3.14e-02	9.16e-06	2.82e-07	0.00e+00	0.00e+00	0.00e+00	0.00e+00
 8.20026e+22	9.69e-01	3.12e-02	9.12e-06	2.83e-07	0.00e+00	0.00e+00	0.00e+00	0.00e+00
 8.20334e+22	9.69e-01	3.10e-02	9.08e-06	2.85e-07	0.00e+00	0.00e+00	0.00e+00	0.00e+00
 8.20667e+22	9.69e-01	3.08e-02	9.06e-06	2.87e-07	0.00e+00	0.00e+00	0.00e+00	0.00e+00
 8.20970e+22	9.69e-01	3.06e-02	9.04e-06	2.88e-07	0.00e+00	0.00e+00	0.00e+00	0.00e+00
 8.21246e+22	9.69e-01	3.05e-02	9.03e-06	2.91e-07	0.00e+00	0.00e+00	0.00e+00	0.00e+00
 8.21497e+22	9.70e-01	3.04e-02	9.01e-06	2.92e-07	0.00e+00	0.00e+00	0.00e+00	0.00e+00
 8.21771e+22	9.70e-01	3.02e-02	8.99e-06	2.93e-07	0.00e+00	0.00e+00	0.00e+00	0.00e+00
 8.22129e+22	9.70e-01	3.00e-02	8.96e-06	2.95e-07	0.00e+00	0.00e+00	0.00e+00	0.00e+00
 8.22515e+22	9.70e-01	2.97e-02	8.93e-06	2.97e-07	0.00e+00	0.00e+00	0.00e+00	0.00e+00
 8.22866e+22	9.70e-01	2.96e-02	8.91e-06	2.99e-07	0.00e+00	0.00e+00	0.00e+00	0.00e+00
 8.23185e+22	9.71e-01	2.94e-02	8.89e-06	3.00e-07	0.00e+00	0.00e+00	0.00e+00	0.00e+00
 8.23476e+22	9.71e-01	2.93e-02	8.87e-06	3.02e-07	0.00e+00	0.00e+00	0.00e+00	0.00e+00
 8.23740e+22	9.71e-01	2.91e-02	8.85e-06	3.03e-07	0.00e+00	0.00e+00	0.00e+00	0.00e+00
 8.24030e+22	9.71e-01	2.90e-02	8.84e-06	3.05e-07	0.00e+00	0.00e+00	0.00e+00	0.00e+00
 8.24343e+22	9.71e-01	2.88e-02	8.82e-06	3.07e-07	0.00e+00	0.00e+00	0.00e+00	0.00e+00
 8.24628e+22	9.71e-01	2.87e-02	8.80e-06	3.09e-07	0.00e+00	0.00e+00	0.00e+00	0.00e+00
 8.24940e+22	9.71e-01	2.85e-02	8.78e-06	3.10e-07	0.00e+00	0.00e+00	0.00e+00	0.00e+00
 8.25277e+22	9.72e-01	2.83e-02	8.76e-06	3.12e-07	0.00e+00	0.00e+00	0.00e+00	0.00e+00
 8.25584e+22	9.72e-01	2.82e-02	8.74e-06	3.13e-07	0.00e+00	0.00e+00	0.00e+00	0.00e+00
 8.25863e+22	9.72e-01	2.81e-02	8.73e-06	3.15e-07	0.00e+00	0.00e+00	0.00e+00	0.00e+00
 8.26117e+22	9.72e-01	2.79e-02	8.70e-06	3.14e-07	0.00e+00	0.00e+00	0.00e+00	0.00e+00
 8.26395e+22	9.72e-01	2.78e-02	8.67e-06	3.15e-07	0.00e+00	0.00e+00	0.00e+00	0.00e+00
 8.26756e+22	9.72e-01	2.76e-02	8.64e-06	3.16e-07	0.00e+00	0.00e+00	0.00e+00	0.00e+00
 8.27147e+22	9.73e-01	2.73e-02	8.61e-06	3.16e-07	0.00e+00	0.00e+00	0.00e+00	0.00e+00
 8.27502e+22	9.73e-01	2.72e-02	8.59e-06	3.17e-07	0.00e+00	0.00e+00	0.00e+00	0.00e+00
 8.27825e+22	9.73e-01	2.70e-02	8.56e-06	3.16e-07	0.00e+00	0.00e+00	0.00e+00	0.00e+00
 8.28180e+22	9.73e-01	2.68e-02	8.53e-06	3.17e-07	0.00e+00	0.00e+00	0.00e+00	0.00e+00
 8.28562e+22	9.73e-01	2.66e-02	8.50e-06	3.17e-07	0.00e+00	0.00e+00	0.00e+00	0.00e+00
 8.28910e+22	9.74e-01	2.64e-02	8.47e-06	3.17e-07	0.00e+00	0.00e+00	0.00e+00	0.00e+00
 8.29292e+22	9.74e-01	2.62e-02	8.44e-06	3.18e-07	0.00e+00	0.00e+00	0.00e+00	0.00e+00
 8.29704e+22	9.74e-01	2.60e-02	8.41e-06	3.18e-07	0.00e+00	0.00e+00	0.00e+00	0.00e+00
 8.30078e+22	9.74e-01	2.58e-02	8.38e-06	3.18e-07	0.00e+00	0.00e+00	0.00e+00	0.00e+00
 8.30489e+22	9.74e-01	2.55e-02	8.35e-06	3.18e-07	0.00e+00	0.00e+00	0.00e+00	0.00e+00
 8.30932e+22	9.75e-01	2.53e-02	8.32e-06	3.18e-07	0.00e+00	0.00e+00	0.00e+00	0.00e+00
 8.31336e+22	9.75e-01	2.51e-02	8.29e-06	3.18e-07	0.00e+00	0.00e+00	0.00e+00	0.00e+00
 8.31703e+22	9.75e-01	2.50e-02	8.27e-06	3.20e-07	0.00e+00	0.00e+00	0.00e+00	0.00e+00
 8.32037e+22	9.75e-01	2.48e-02	8.24e-06	3.19e-07	0.00e+00	0.00e+00	0.00e+00	0.00e+00
 8.32403e+22	9.75e-01	2.46e-02	8.21e-06	3.19e-07	0.00e+00	0.00e+00	0.00e+00	0.00e+00
 8.32798e+22	9.76e-01	2.44e-02	8.18e-06	3.18e-07	0.00e+00	0.00e+00	0.00e+00	0.00e+00
 8.33158e+22	9.76e-01	2.42e-02	8.15e-06	3.17e-07	0.00e+00	0.00e+00	0.00e+00	0.00e+00
 8.33552e+22	9.76e-01	2.40e-02	8.12e-06	3.18e-07	0.00e+00	0.00e+00	0.00e+00	0.00e+00
 8.33977e+22	9.76e-01	2.38e-02	8.09e-06	3.17e-07	0.00e+00	0.00e+00	0.00e+00	0.00e+00
 8.34364e+22	9.76e-01	2.36e-02	8.06e-06	3.18e-07	0.00e+00	0.00e+00	0.00e+00	0.00e+00
 8.34717e+22	9.77e-01	2.35e-02	8.03e-06	3.16e-07	0.00e+00	0.00e+00	0.00e+00	0.00e+00
 8.35103e+22	9.77e-01	2.33e-02	8.00e-06	3.16e-07	0.00e+00	0.00e+00	0.00e+00	0.00e+00
 8.35519e+22	9.77e-01	2.31e-02	7.97e-06	3.15e-07	0.00e+00	0.00e+00	0.00e+00	0.00e+00
 8.35899e+22	9.77e-01	2.29e-02	7.94e-06	3.14e-07	0.00e+00	0.00e+00	0.00e+00	0.00e+00
 8.36314e+22	9.77e-01	2.27e-02	7.91e-06	3.14e-07	0.00e+00	0.00e+00	0.00e+00	0.00e+00
 8.36763e+22	9.78e-01	2.25e-02	7.87e-06	3.13e-07	0.00e+00	0.00e+00	0.00e+00	0.00e+00
 8.37171e+22	9.78e-01	2.23e-02	7.84e-06	3.11e-07	0.00e+00	0.00e+00	0.00e+00	0.00e+00
 8.37619e+22	9.78e-01	2.21e-02	7.80e-06	3.11e-07	0.00e+00	0.00e+00	0.00e+00	0.00e+00
 8.38101e+22	9.78e-01	2.18e-02	7.77e-06	3.10e-07	0.00e+00	0.00e+00	0.00e+00	0.00e+00
 8.38541e+22	9.78e-01	2.16e-02	7.73e-06	3.08e-07	0.00e+00	0.00e+00	0.00e+00	0.00e+00
 8.39023e+22	9.79e-01	2.14e-02	7.70e-06	3.07e-07	0.00e+00	0.00e+00	0.00e+00	0.00e+00
 8.39543e+22	9.79e-01	2.11e-02	7.66e-06	3.05e-07	0.00e+00	0.00e+00	0.00e+00	0.00e+00
 8.40016e+22	9.79e-01	2.09e-02	7.62e-06	3.04e-07	0.00e+00	0.00e+00	0.00e+00	0.00e+00
 8.40534e+22	9.79e-01	2.07e-02	7.58e-06	3.02e-07	0.00e+00	0.00e+00	0.00e+00	0.00e+00
 8.41094e+22	9.80e-01	2.04e-02	7.53e-06	3.00e-07	0.00e+00	0.00e+00	0.00e+00	0.00e+00
 8.41603e+22	9.80e-01	2.02e-02	7.50e-06	2.98e-07	0.00e+00	0.00e+00	0.00e+00	0.00e+00
 8.42067e+22	9.80e-01	2.00e-02	7.46e-06	2.97e-07	0.00e+00	0.00e+00	0.00e+00	0.00e+00
 8.42575e+22	9.80e-01	1.98e-02	7.42e-06	2.95e-07	0.00e+00	0.00e+00	0.00e+00	0.00e+00
 8.43123e+22	9.80e-01	1.95e-02	7.38e-06	2.94e-07	0.00e+00	0.00e+00	0.00e+00	0.00e+00
 8.43622e+22	9.81e-01	1.93e-02	7.34e-06	2.91e-07	0.00e+00	0.00e+00	0.00e+00	0.00e+00
 8.44169e+22	9.81e-01	1.91e-02	7.30e-06	2.89e-07	0.00e+00	0.00e+00	0.00e+00	0.00e+00
 8.44759e+22	9.81e-01	1.88e-02	7.26e-06	2.87e-07	0.00e+00	0.00e+00	0.00e+00	0.00e+00
 8.45297e+22	9.81e-01	1.86e-02	7.21e-06	2.84e-07	0.00e+00	0.00e+00	0.00e+00	0.00e+00
 8.45885e+22	9.82e-01	1.84e-02	7.16e-06	2.81e-07	0.00e+00	0.00e+00	0.00e+00	0.00e+00
 8.46521e+22	9.82e-01	1.81e-02	7.11e-06	2.78e-07	0.00e+00	0.00e+00	0.00e+00	0.00e+00
 8.47099e+22	9.82e-01	1.79e-02	7.07e-06	2.76e-07	0.00e+00	0.00e+00	0.00e+00	0.00e+00
 8.47625e+22	9.82e-01	1.77e-02	7.04e-06	2.74e-07	0.00e+00	0.00e+00	0.00e+00	0.00e+00
 8.48202e+22	9.83e-01	1.74e-02	6.99e-06	2.71e-07	0.00e+00	0.00e+00	0.00e+00	0.00e+00
 8.48825e+22	9.83e-01	1.72e-02	6.95e-06	2.69e-07	0.00e+00	0.00e+00	0.00e+00	0.00e+00
 8.49391e+22	9.83e-01	1.70e-02	6.90e-06	2.66e-07	0.00e+00	0.00e+00	0.00e+00	0.00e+00
 8.50012e+22	9.83e-01	1.67e-02	6.85e-06	2.63e-07	0.00e+00	0.00e+00	0.00e+00	0.00e+00
 8.50682e+22	9.84e-01	1.65e-02	6.81e-06	2.60e-07	0.00e+00	0.00e+00	0.00e+00	0.00e+00
 8.51292e+22	9.84e-01	1.63e-02	6.76e-06	2.57e-07	0.00e+00	0.00e+00	0.00e+00	0.00e+00
 8.51960e+22	9.84e-01	1.60e-02	6.70e-06	2.53e-07	0.00e+00	0.00e+00	0.00e+00	0.00e+00
 8.52682e+22	9.84e-01	1.57e-02	6.65e-06	2.50e-07	0.00e+00	0.00e+00	0.00e+00	0.00e+00
 8.53338e+22	9.84e-01	1.55e-02	6.61e-06	2.47e-07	0.00e+00	0.00e+00	0.00e+00	0.00e+00
 8.53936e+22	9.85e-01	1.54e-02	6.57e-06	2.45e-07	0.00e+00	0.00e+00	0.00e+00	0.00e+00
 8.54590e+22	9.85e-01	1.51e-02	6.51e-06	2.41e-07	0.00e+00	0.00e+00	0.00e+00	0.00e+00
 8.55297e+22	9.85e-01	1.49e-02	6.47e-06	2.38e-07	0.00e+00	0.00e+00	0.00e+00	0.00e+00
 8.55940e+22	9.85e-01	1.47e-02	6.42e-06	2.35e-07	0.00e+00	0.00e+00	0.00e+00	0.00e+00
 8.56645e+22	9.86e-01	1.44e-02	6.36e-06	2.31e-07	0.00e+00	0.00e+00	0.00e+00	0.00e+00
 8.57406e+22	9.86e-01	1.42e-02	6.32e-06	2.28e-07	0.00e+00	0.00e+00	0.00e+00	0.00e+00
 8.58099e+22	9.86e-01	1.40e-02	6.27e-06	2.25e-07	0.00e+00	0.00e+00	0.00e+00	0.00e+00
 8.58857e+22	9.86e-01	1.37e-02	6.21e-06	2.20e-07	0.00e+00	0.00e+00	0.00e+00	0.00e+00
 8.59677e+22	9.87e-01	1.35e-02	6.15e-06	2.17e-07	0.00e+00	0.00e+00	0.00e+00	0.00e+00
 8.60422e+22	9.87e-01	1.33e-02	6.10e-06	2.14e-07	0.00e+00	0.00e+00	0.00e+00	0.00e+00
 8.61239e+22	9.87e-01	1.30e-02	6.04e-06	2.09e-07	0.00e+00	0.00e+00	0.00e+00	0.00e+00
 8.62121e+22	9.87e-01	1.27e-02	5.98e-06	2.05e-07	0.00e+00	0.00e+00	0.00e+00	0.00e+00
 8.62923e+22	9.87e-01	1.25e-02	5.92e-06	2.02e-07	0.00e+00	0.00e+00	0.00e+00	0.00e+00
 8.63802e+22	9.88e-01	1.23e-02	5.86e-06	1.97e-07	0.00e+00	0.00e+00	0.00e+00	0.00e+00
 8.64752e+22	9.88e-01	1.20e-02	5.79e-06	1.93e-07	0.00e+00	0.00e+00	0.00e+00	0.00e+00
 8.65616e+22	9.88e-01	1.18e-02	5.74e-06	1.89e-07	0.00e+00	0.00e+00	0.00e+00	0.00e+00
 8.66402e+22	9.88e-01	1.16e-02	5.69e-06	1.86e-07	0.00e+00	0.00e+00	0.00e+00	0.00e+00
 8.67263e+22	9.89e-01	1.14e-02	5.63e-06	1.82e-07	0.00e+00	0.00e+00	0.00e+00	0.00e+00
 8.68383e+22	9.89e-01	1.10e-02	5.54e-06	1.76e-07	0.00e+00	0.00e+00	0.00e+00	0.00e+00
 8.69634e+22	9.89e-01	1.07e-02	5.46e-06	1.71e-07	0.00e+00	0.00e+00	0.00e+00	0.00e+00
 8.70868e+22	9.90e-01	1.04e-02	5.39e-06	1.66e-07	0.00e+00	0.00e+00	0.00e+00	0.00e+00
 8.72113e+22	9.90e-01	1.02e-02	5.31e-06	1.61e-07	0.00e+00	0.00e+00	0.00e+00	0.00e+00
 8.73389e+22	9.90e-01	9.89e-03	5.23e-06	1.56e-07	0.00e+00	0.00e+00	0.00e+00	0.00e+00
 8.74686e+22	9.90e-01	9.62e-03	5.15e-06	1.51e-07	0.00e+00	0.00e+00	0.00e+00	0.00e+00
 8.75998e+22	9.91e-01	9.35e-03	5.07e-06	1.47e-07	0.00e+00	0.00e+00	0.00e+00	0.00e+00
 8.77324e+22	9.91e-01	9.09e-03	4.99e-06	1.42e-07	0.00e+00	0.00e+00	0.00e+00	0.00e+00
 8.78668e+22	9.91e-01	8.84e-03	4.91e-06	1.37e-07	0.00e+00	0.00e+00	0.00e+00	0.00e+00
 8.80028e+22	9.91e-01	8.59e-03	4.83e-06	1.33e-07	0.00e+00	0.00e+00	0.00e+00	0.00e+00
 8.81404e+22	9.92e-01	8.34e-03	4.75e-06	1.29e-07	0.00e+00	0.00e+00	0.00e+00	0.00e+00
 8.82796e+22	9.92e-01	8.11e-03	4.67e-06	0.00e+00	0.00e+00	0.00e+00	0.00e+00	0.00e+00
 8.84202e+22	9.92e-01	7.87e-03	4.60e-06	0.00e+00	0.00e+00	0.00e+00	0.00e+00	0.00e+00
 8.85623e+22	9.92e-01	7.65e-03	4.52e-06	0.00e+00	0.00e+00	0.00e+00	0.00e+00	0.00e+00
 8.87057e+22	9.93e-01	7.42e-03	4.44e-06	0.00e+00	0.00e+00	0.00e+00	0.00e+00	0.00e+00
 8.88505e+22	9.93e-01	7.21e-03	4.37e-06	0.00e+00	0.00e+00	0.00e+00	0.00e+00	0.00e+00
 8.89964e+22	9.93e-01	7.00e-03	4.29e-06	0.00e+00	0.00e+00	0.00e+00	0.00e+00	0.00e+00
 8.91437e+22	9.93e-01	6.80e-03	4.21e-06	0.00e+00	0.00e+00	0.00e+00	0.00e+00	0.00e+00
 8.92925e+22	9.93e-01	6.60e-03	4.14e-06	0.00e+00	0.00e+00	0.00e+00	0.00e+00	0.00e+00
 8.94427e+22	9.94e-01	6.40e-03	4.06e-06	0.00e+00	0.00e+00	0.00e+00	0.00e+00	0.00e+00
 8.95942e+22	9.94e-01	6.21e-03	3.99e-06	0.00e+00	0.00e+00	0.00e+00	0.00e+00	0.00e+00
 8.97469e+22	9.94e-01	6.03e-03	3.92e-06	0.00e+00	0.00e+00	0.00e+00	0.00e+00	0.00e+00
 8.99010e+22	9.94e-01	5.85e-03	3.84e-06	0.00e+00	0.00e+00	0.00e+00	0.00e+00	0.00e+00
 9.00565e+22	9.94e-01	5.68e-03	3.77e-06	0.00e+00	0.00e+00	0.00e+00	0.00e+00	0.00e+00
 9.02161e+22	9.94e-01	5.50e-03	3.70e-06	0.00e+00	0.00e+00	0.00e+00	0.00e+00	0.00e+00
 9.03794e+22	9.95e-01	5.33e-03	3.62e-06	0.00e+00	0.00e+00	0.00e+00	0.00e+00	0.00e+00
 9.05441e+22	9.95e-01	5.16e-03	3.55e-06	0.00e+00	0.00e+00	0.00e+00	0.00e+00	0.00e+00
 9.07107e+22	9.95e-01	5.00e-03	3.48e-06	0.00e+00	0.00e+00	0.00e+00	0.00e+00	0.00e+00
 9.08790e+22	9.95e-01	4.85e-03	3.40e-06	0.00e+00	0.00e+00	0.00e+00	0.00e+00	0.00e+00
 9.10493e+22	9.95e-01	4.70e-03	3.33e-06	0.00e+00	0.00e+00	0.00e+00	0.00e+00	0.00e+00
 9.12216e+22	9.95e-01	4.55e-03	3.26e-06	0.00e+00	0.00e+00	0.00e+00	0.00e+00	0.00e+00
 9.13962e+22	9.96e-01	4.40e-03	3.19e-06	0.00e+00	0.00e+00	0.00e+00	0.00e+00	0.00e+00
 9.15738e+22	9.96e-01	4.26e-03	3.12e-06	0.00e+00	0.00e+00	0.00e+00	0.00e+00	0.00e+00
 9.17546e+22	9.96e-01	4.12e-03	3.05e-06	0.00e+00	0.00e+00	0.00e+00	0.00e+00	0.00e+00
 9.19403e+22	9.96e-01	3.98e-03	2.97e-06	0.00e+00	0.00e+00	0.00e+00	0.00e+00	0.00e+00
 9.21306e+22	9.96e-01	3.85e-03	2.90e-06	0.00e+00	0.00e+00	0.00e+00	0.00e+00	0.00e+00
 9.23237e+22	9.96e-01	3.71e-03	2.83e-06	0.00e+00	0.00e+00	0.00e+00	0.00e+00	0.00e+00
 9.24957e+22	9.96e-01	3.64e-03	2.77e-06	0.00e+00	0.00e+00	0.00e+00	0.00e+00	0.00e+00
