#depth	N	N+	N+2	N+3	N+4	N+5	N+6	N+7
 1.54284e+22	4.07e-24	2.98e-18	6.11e-14	1.49e-10	1.17e-07	3.49e-04	4.00e-02	9.60e-01
 3.52147e+22	1.14e-22	4.90e-17	5.95e-13	8.40e-10	3.69e-07	7.84e-04	6.01e-02	9.39e-01
 4.17517e+22	9.67e-22	3.01e-16	2.64e-12	2.61e-09	7.85e-07	1.28e-03	7.60e-02	9.23e-01
 4.50202e+22	3.17e-21	8.29e-16	6.07e-12	4.92e-09	1.20e-06	1.66e-03	8.61e-02	9.12e-01
 4.63820e+22	4.31e-21	1.08e-15	7.53e-12	5.80e-09	1.34e-06	1.78e-03	8.89e-02	9.09e-01
 4.68792e+22	5.55e-21	1.34e-15	8.99e-12	6.64e-09	1.46e-06	1.88e-03	9.13e-02	9.07e-01
 4.73961e+22	7.69e-21	1.77e-15	1.13e-11	7.91e-09	1.64e-06	2.02e-03	9.44e-02	9.04e-01
 4.79036e+22	9.76e-21	2.17e-15	1.34e-11	8.99e-09	1.79e-06	2.13e-03	9.68e-02	9.01e-01
 4.83989e+22	1.33e-20	2.83e-15	1.67e-11	1.06e-08	2.00e-06	2.28e-03	9.99e-02	8.98e-01
 4.89014e+22	1.70e-20	3.47e-15	1.98e-11	1.21e-08	2.19e-06	2.41e-03	1.02e-01	8.95e-01
 4.94131e+22	2.33e-20	4.56e-15	2.47e-11	1.44e-08	2.45e-06	2.59e-03	1.06e-01	8.91e-01
 4.99320e+22	2.97e-20	5.61e-15	2.94e-11	1.64e-08	2.68e-06	2.73e-03	1.09e-01	8.89e-01
 5.04601e+22	4.10e-20	7.40e-15	3.69e-11	1.95e-08	3.01e-06	2.93e-03	1.12e-01	8.85e-01
 5.09969e+22	5.20e-20	9.06e-15	4.36e-11	2.22e-08	3.29e-06	3.10e-03	1.15e-01	8.82e-01
 5.15450e+22	7.16e-20	1.19e-14	5.48e-11	2.64e-08	3.70e-06	3.33e-03	1.19e-01	8.78e-01
 5.21074e+22	9.13e-20	1.47e-14	6.51e-11	3.01e-08	4.05e-06	3.52e-03	1.22e-01	8.74e-01
 5.26884e+22	1.26e-19	1.93e-14	8.17e-11	3.59e-08	4.56e-06	3.79e-03	1.26e-01	8.70e-01
 5.32812e+22	1.61e-19	2.39e-14	9.75e-11	4.11e-08	5.00e-06	4.01e-03	1.30e-01	8.66e-01
 5.38891e+22	2.21e-19	3.14e-14	1.22e-10	4.89e-08	5.63e-06	4.32e-03	1.34e-01	8.61e-01
 5.45015e+22	2.82e-19	3.86e-14	1.45e-10	5.59e-08	6.17e-06	4.57e-03	1.38e-01	8.58e-01
 5.51196e+22	3.83e-19	5.02e-14	1.81e-10	6.62e-08	6.93e-06	4.92e-03	1.42e-01	8.53e-01
 5.57536e+22	4.89e-19	6.19e-14	2.15e-10	7.57e-08	7.60e-06	5.21e-03	1.46e-01	8.49e-01
 5.63024e+22	6.09e-19	7.48e-14	2.52e-10	8.56e-08	8.27e-06	5.49e-03	1.50e-01	8.45e-01
 5.69101e+22	8.07e-19	9.53e-14	3.08e-10	1.00e-07	9.22e-06	5.87e-03	1.54e-01	8.40e-01
 5.75259e+22	1.01e-18	1.15e-13	3.61e-10	1.13e-07	1.00e-05	6.19e-03	1.58e-01	8.36e-01
 5.81521e+22	1.33e-18	1.47e-13	4.42e-10	1.32e-07	1.12e-05	6.63e-03	1.63e-01	8.31e-01
 5.87880e+22	1.65e-18	1.76e-13	5.15e-10	1.49e-07	1.22e-05	6.98e-03	1.67e-01	8.26e-01
 5.93452e+22	2.04e-18	2.11e-13	5.99e-10	1.68e-07	1.32e-05	7.35e-03	1.70e-01	8.22e-01
 5.99784e+22	2.68e-18	2.68e-13	7.30e-10	1.96e-07	1.47e-05	7.86e-03	1.76e-01	8.17e-01
 6.06092e+22	3.24e-18	3.15e-13	8.37e-10	2.18e-07	1.58e-05	8.24e-03	1.79e-01	8.12e-01
 6.12369e+22	4.21e-18	3.95e-13	1.01e-09	2.52e-07	1.76e-05	8.78e-03	1.84e-01	8.07e-01
 6.18768e+22	5.11e-18	4.66e-13	1.16e-09	2.82e-07	1.90e-05	9.22e-03	1.88e-01	8.02e-01
 6.25328e+22	6.64e-18	5.84e-13	1.40e-09	3.26e-07	2.10e-05	9.83e-03	1.94e-01	7.96e-01
 6.32012e+22	8.08e-18	6.92e-13	1.62e-09	3.65e-07	2.28e-05	1.03e-02	1.98e-01	7.92e-01
 6.38858e+22	1.05e-17	8.68e-13	1.96e-09	4.24e-07	2.53e-05	1.10e-02	2.04e-01	7.85e-01
 6.45830e+22	1.28e-17	1.03e-12	2.25e-09	4.74e-07	2.74e-05	1.16e-02	2.08e-01	7.80e-01
 6.52967e+22	1.67e-17	1.29e-12	2.73e-09	5.51e-07	3.04e-05	1.24e-02	2.14e-01	7.74e-01
 6.59944e+22	1.98e-17	1.50e-12	3.09e-09	6.08e-07	3.26e-05	1.29e-02	2.18e-01	7.69e-01
 6.66712e+22	2.54e-17	1.86e-12	3.71e-09	7.02e-07	3.61e-05	1.38e-02	2.24e-01	7.62e-01
 6.73583e+22	3.02e-17	2.16e-12	4.20e-09	7.75e-07	3.88e-05	1.44e-02	2.28e-01	7.57e-01
 6.80587e+22	3.84e-17	2.65e-12	5.00e-09	8.89e-07	4.27e-05	1.53e-02	2.34e-01	7.50e-01
 6.87808e+22	4.66e-17	3.13e-12	5.75e-09	9.93e-07	4.62e-05	1.61e-02	2.39e-01	7.45e-01
 6.95311e+22	5.91e-17	3.85e-12	6.83e-09	1.14e-06	5.10e-05	1.71e-02	2.45e-01	7.38e-01
 7.03056e+22	7.24e-17	4.58e-12	7.92e-09	1.28e-06	5.54e-05	1.80e-02	2.50e-01	7.32e-01
 7.11116e+22	9.26e-17	5.67e-12	9.47e-09	1.48e-06	6.13e-05	1.91e-02	2.57e-01	7.24e-01
 7.19391e+22	1.14e-16	6.78e-12	1.10e-08	1.66e-06	6.68e-05	2.02e-02	2.63e-01	7.17e-01
 7.27943e+22	1.47e-16	8.44e-12	1.32e-08	1.93e-06	7.42e-05	2.15e-02	2.70e-01	7.09e-01
 7.36770e+22	1.82e-16	1.02e-11	1.55e-08	2.18e-06	8.10e-05	2.27e-02	2.76e-01	7.02e-01
 7.45954e+22	2.36e-16	1.27e-11	1.87e-08	2.54e-06	9.04e-05	2.43e-02	2.83e-01	6.92e-01
 7.55436e+22	2.96e-16	1.55e-11	2.20e-08	2.89e-06	9.92e-05	2.58e-02	2.90e-01	6.85e-01
 7.63989e+22	3.65e-16	1.85e-11	2.56e-08	3.26e-06	1.08e-04	2.72e-02	2.96e-01	6.77e-01
 7.73791e+22	4.85e-16	2.37e-11	3.16e-08	3.85e-06	1.22e-04	2.92e-02	3.04e-01	6.66e-01
 7.83676e+22	5.98e-16	2.84e-11	3.67e-08	4.34e-06	1.33e-04	3.08e-02	3.10e-01	6.59e-01
 7.93667e+22	7.91e-16	3.61e-11	4.50e-08	5.11e-06	1.49e-04	3.31e-02	3.19e-01	6.48e-01
 8.03870e+22	9.91e-16	4.39e-11	5.30e-08	5.82e-06	1.64e-04	3.50e-02	3.26e-01	6.39e-01
 8.14350e+22	1.32e-15	5.61e-11	6.52e-08	6.86e-06	1.84e-04	3.76e-02	3.35e-01	6.28e-01
 8.25051e+22	1.67e-15	6.90e-11	7.76e-08	7.89e-06	2.03e-04	3.99e-02	3.42e-01	6.18e-01
 8.34567e+22	2.11e-15	8.43e-11	9.19e-08	9.03e-06	2.24e-04	4.23e-02	3.49e-01	6.08e-01
 8.45469e+22	2.86e-15	1.10e-10	1.15e-07	1.08e-05	2.54e-04	4.57e-02	3.59e-01	5.95e-01
 8.55827e+22	3.48e-15	1.30e-10	1.33e-07	1.21e-05	2.76e-04	4.80e-02	3.65e-01	5.87e-01
 8.65480e+22	4.60e-15	1.65e-10	1.62e-07	1.42e-05	3.10e-04	5.14e-02	3.74e-01	5.74e-01
 8.75153e+22	5.62e-15	1.97e-10	1.88e-07	1.60e-05	3.37e-04	5.41e-02	3.80e-01	5.65e-01
 8.84854e+22	7.35e-15	2.48e-10	2.29e-07	1.88e-05	3.77e-04	5.78e-02	3.89e-01	5.53e-01
 8.94780e+22	9.16e-15	3.01e-10	2.69e-07	2.14e-05	4.14e-04	6.10e-02	3.96e-01	5.43e-01
 9.04999e+22	1.22e-14	3.86e-10	3.33e-07	2.54e-05	4.68e-04	6.56e-02	4.05e-01	5.29e-01
 9.15275e+22	1.52e-14	4.66e-10	3.91e-07	2.88e-05	5.13e-04	6.92e-02	4.12e-01	5.19e-01
 9.25626e+22	2.02e-14	5.99e-10	4.84e-07	3.43e-05	5.80e-04	7.44e-02	4.21e-01	5.04e-01
 9.36173e+22	2.55e-14	7.31e-10	5.74e-07	3.94e-05	6.41e-04	7.87e-02	4.28e-01	4.93e-01
 9.46974e+22	3.43e-14	9.48e-10	7.17e-07	4.72e-05	7.29e-04	8.48e-02	4.37e-01	4.78e-01
 9.57986e+22	4.35e-14	1.17e-09	8.57e-07	5.46e-05	8.09e-04	9.00e-02	4.44e-01	4.65e-01
 9.69269e+22	5.91e-14	1.53e-09	1.08e-06	6.60e-05	9.28e-04	9.72e-02	4.53e-01	4.49e-01
 9.80693e+22	7.52e-14	1.88e-09	1.30e-06	7.67e-05	1.03e-03	1.03e-01	4.60e-01	4.36e-01
 9.90324e+22	9.33e-14	2.28e-09	1.53e-06	8.78e-05	1.14e-03	1.09e-01	4.66e-01	4.24e-01
 1.00087e+23	1.23e-13	2.91e-09	1.89e-06	1.05e-04	1.29e-03	1.17e-01	4.74e-01	4.08e-01
 1.01148e+23	1.52e-13	3.51e-09	2.22e-06	1.20e-04	1.43e-03	1.24e-01	4.79e-01	3.95e-01
 1.02183e+23	1.97e-13	4.40e-09	2.71e-06	1.42e-04	1.61e-03	1.32e-01	4.86e-01	3.80e-01
 1.03238e+23	2.44e-13	5.31e-09	3.21e-06	1.64e-04	1.79e-03	1.40e-01	4.91e-01	3.67e-01
 1.04276e+23	3.09e-13	6.57e-09	3.87e-06	1.93e-04	2.01e-03	1.49e-01	4.96e-01	3.53e-01
 1.05335e+23	3.82e-13	7.94e-09	4.59e-06	2.23e-04	2.24e-03	1.58e-01	5.00e-01	3.39e-01
 1.06374e+23	4.75e-13	9.64e-09	5.46e-06	2.59e-04	2.50e-03	1.67e-01	5.04e-01	3.25e-01
 1.07424e+23	5.83e-13	1.16e-08	6.46e-06	3.00e-04	2.78e-03	1.77e-01	5.08e-01	3.12e-01
 1.08461e+23	7.12e-13	1.39e-08	7.61e-06	3.47e-04	3.10e-03	1.87e-01	5.11e-01	2.99e-01
 1.09495e+23	8.61e-13	1.65e-08	8.92e-06	3.99e-04	3.44e-03	1.97e-01	5.13e-01	2.86e-01
 1.10532e+23	1.04e-12	1.96e-08	1.04e-05	4.59e-04	3.82e-03	2.08e-01	5.15e-01	2.73e-01
 1.11571e+23	1.24e-12	2.31e-08	1.21e-05	5.26e-04	4.23e-03	2.19e-01	5.16e-01	2.61e-01
 1.12614e+23	1.48e-12	2.71e-08	1.41e-05	6.03e-04	4.68e-03	2.30e-01	5.16e-01	2.49e-01
 1.13666e+23	1.75e-12	3.17e-08	1.63e-05	6.89e-04	5.17e-03	2.42e-01	5.16e-01	2.37e-01
 1.14728e+23	2.06e-12	3.69e-08	1.89e-05	7.86e-04	5.71e-03	2.54e-01	5.15e-01	2.25e-01
 1.15797e+23	2.41e-12	4.27e-08	2.17e-05	8.95e-04	6.30e-03	2.66e-01	5.13e-01	2.13e-01
 1.16882e+23	2.82e-12	4.95e-08	2.50e-05	1.02e-03	6.96e-03	2.79e-01	5.11e-01	2.02e-01
 1.17977e+23	3.27e-12	5.70e-08	2.87e-05	1.16e-03	7.66e-03	2.91e-01	5.08e-01	1.91e-01
 1.19096e+23	3.80e-12	6.57e-08	3.29e-05	1.31e-03	8.45e-03	3.05e-01	5.05e-01	1.81e-01
 1.20233e+23	4.38e-12	7.52e-08	3.76e-05	1.49e-03	9.29e-03	3.18e-01	5.01e-01	1.70e-01
 1.21274e+23	4.93e-12	8.41e-08	4.19e-05	1.65e-03	1.01e-02	3.29e-01	4.97e-01	1.62e-01
 1.22360e+23	5.69e-12	9.65e-08	4.80e-05	1.87e-03	1.11e-02	3.44e-01	4.91e-01	1.52e-01
 1.23464e+23	6.37e-12	1.08e-07	5.35e-05	2.07e-03	1.20e-02	3.55e-01	4.86e-01	1.44e-01
 1.24603e+23	7.34e-12	1.23e-07	6.13e-05	2.35e-03	1.32e-02	3.70e-01	4.79e-01	1.34e-01
 1.25747e+23	8.17e-12	1.37e-07	6.80e-05	2.60e-03	1.43e-02	3.82e-01	4.74e-01	1.27e-01
 1.26899e+23	9.31e-12	1.56e-07	7.76e-05	2.94e-03	1.57e-02	3.97e-01	4.66e-01	1.18e-01
 1.28054e+23	1.03e-11	1.73e-07	8.58e-05	3.22e-03	1.69e-02	4.09e-01	4.59e-01	1.12e-01
 1.29214e+23	1.17e-11	1.96e-07	9.74e-05	3.63e-03	1.85e-02	4.24e-01	4.50e-01	1.04e-01
 1.30386e+23	1.30e-11	2.16e-07	1.08e-04	3.98e-03	1.99e-02	4.35e-01	4.43e-01	9.81e-02
 1.31573e+23	1.46e-11	2.44e-07	1.22e-04	4.47e-03	2.17e-02	4.50e-01	4.33e-01	9.07e-02
 1.32776e+23	1.62e-11	2.70e-07	1.34e-04	4.88e-03	2.33e-02	4.61e-01	4.25e-01	8.53e-02
 1.33999e+23	1.83e-11	3.05e-07	1.52e-04	5.47e-03	2.55e-02	4.76e-01	4.15e-01	7.87e-02
 1.35243e+23	2.02e-11	3.36e-07	1.68e-04	5.99e-03	2.73e-02	4.87e-01	4.06e-01	7.37e-02
 1.36517e+23	2.28e-11	3.80e-07	1.91e-04	6.71e-03	2.98e-02	5.01e-01	3.94e-01	6.77e-02
 1.37819e+23	2.53e-11	4.21e-07	2.11e-04	7.34e-03	3.19e-02	5.12e-01	3.85e-01	6.31e-02
 1.39158e+23	2.86e-11	4.78e-07	2.40e-04	8.22e-03	3.49e-02	5.26e-01	3.73e-01	5.76e-02
 1.40526e+23	3.19e-11	5.31e-07	2.67e-04	9.00e-03	3.73e-02	5.37e-01	3.63e-01	5.35e-02
 1.41677e+23	3.49e-11	5.82e-07	2.92e-04	9.73e-03	3.96e-02	5.46e-01	3.54e-01	5.01e-02
 1.42918e+23	3.91e-11	6.53e-07	3.29e-04	1.08e-02	4.28e-02	5.58e-01	3.42e-01	4.59e-02
 1.44130e+23	4.27e-11	7.11e-07	3.58e-04	1.16e-02	4.51e-02	5.66e-01	3.34e-01	4.31e-02
 1.45302e+23	4.72e-11	7.90e-07	3.99e-04	1.27e-02	4.84e-02	5.76e-01	3.23e-01	3.96e-02
 1.46486e+23	5.19e-11	8.64e-07	4.35e-04	1.36e-02	5.10e-02	5.83e-01	3.14e-01	3.71e-02
 1.47685e+23	5.77e-11	9.63e-07	4.85e-04	1.49e-02	5.46e-02	5.93e-01	3.03e-01	3.40e-02
 1.48900e+23	6.35e-11	1.06e-06	5.30e-04	1.59e-02	5.75e-02	5.99e-01	2.95e-01	3.18e-02
 1.50138e+23	7.08e-11	1.18e-06	5.93e-04	1.75e-02	6.15e-02	6.08e-01	2.84e-01	2.90e-02
 1.51394e+23	7.83e-11	1.30e-06	6.50e-04	1.87e-02	6.47e-02	6.14e-01	2.75e-01	2.70e-02
 1.52674e+23	8.78e-11	1.46e-06	7.29e-04	2.05e-02	6.92e-02	6.21e-01	2.64e-01	2.46e-02
 1.53976e+23	9.77e-11	1.61e-06	8.02e-04	2.20e-02	7.27e-02	6.27e-01	2.55e-01	2.28e-02
 1.55306e+23	1.10e-10	1.81e-06	9.03e-04	2.41e-02	7.77e-02	6.33e-01	2.44e-01	2.06e-02
 1.56664e+23	1.23e-10	2.02e-06	9.96e-04	2.59e-02	8.17e-02	6.37e-01	2.35e-01	1.91e-02
 1.58057e+23	1.40e-10	2.28e-06	1.13e-03	2.84e-02	8.73e-02	6.42e-01	2.24e-01	1.71e-02
 1.59487e+23	1.57e-10	2.55e-06	1.25e-03	3.06e-02	9.19e-02	6.46e-01	2.15e-01	1.57e-02
 1.60965e+23	1.81e-10	2.92e-06	1.43e-03	3.37e-02	9.82e-02	6.49e-01	2.03e-01	1.40e-02
 1.62463e+23	2.05e-10	3.28e-06	1.59e-03	3.63e-02	1.03e-01	6.51e-01	1.95e-01	1.28e-02
 1.63987e+23	2.37e-10	3.77e-06	1.81e-03	3.99e-02	1.10e-01	6.53e-01	1.83e-01	1.14e-02
 1.65527e+23	2.70e-10	4.25e-06	2.02e-03	4.30e-02	1.16e-01	6.54e-01	1.75e-01	1.04e-02
 1.67088e+23	3.14e-10	4.92e-06	2.32e-03	4.72e-02	1.23e-01	6.54e-01	1.64e-01	9.14e-03
 1.68676e+23	3.60e-10	5.57e-06	2.59e-03	5.09e-02	1.29e-01	6.53e-01	1.56e-01	8.29e-03
 1.70071e+23	4.08e-10	6.26e-06	2.88e-03	5.47e-02	1.35e-01	6.51e-01	1.49e-01	7.50e-03
 1.71662e+23	4.81e-10	7.29e-06	3.31e-03	5.99e-02	1.43e-01	6.48e-01	1.39e-01	6.60e-03
 1.73284e+23	5.48e-10	8.23e-06	3.70e-03	6.45e-02	1.50e-01	6.45e-01	1.31e-01	5.93e-03
 1.74602e+23	6.19e-10	9.18e-06	4.07e-03	6.86e-02	1.56e-01	6.41e-01	1.25e-01	5.41e-03
 1.75970e+23	7.15e-10	1.05e-05	4.56e-03	7.38e-02	1.62e-01	6.36e-01	1.18e-01	4.86e-03
 1.77410e+23	8.12e-10	1.17e-05	5.05e-03	7.87e-02	1.69e-01	6.31e-01	1.12e-01	4.40e-03
 1.78731e+23	9.21e-10	1.31e-05	5.57e-03	8.38e-02	1.75e-01	6.26e-01	1.06e-01	3.99e-03
 1.80237e+23	1.08e-09	1.52e-05	6.30e-03	9.05e-02	1.83e-01	6.18e-01	9.90e-02	3.52e-03
 1.81783e+23	1.24e-09	1.71e-05	7.02e-03	9.67e-02	1.90e-01	6.11e-01	9.30e-02	3.15e-03
 1.83142e+23	1.41e-09	1.92e-05	7.75e-03	1.03e-01	1.96e-01	6.03e-01	8.78e-02	2.84e-03
 1.84666e+23	1.67e-09	2.22e-05	8.76e-03	1.11e-01	2.04e-01	5.93e-01	8.16e-02	2.50e-03
 1.86267e+23	1.93e-09	2.53e-05	9.79e-03	1.18e-01	2.11e-01	5.83e-01	7.61e-02	2.21e-03
 1.87718e+23	2.23e-09	2.86e-05	1.08e-02	1.26e-01	2.17e-01	5.73e-01	7.13e-02	1.97e-03
 1.89355e+23	2.67e-09	3.35e-05	1.23e-02	1.35e-01	2.25e-01	5.60e-01	6.55e-02	1.71e-03
 1.91044e+23	3.12e-09	3.83e-05	1.38e-02	1.45e-01	2.32e-01	5.47e-01	6.06e-02	1.50e-03
 1.92550e+23	3.62e-09	4.35e-05	1.53e-02	1.53e-01	2.39e-01	5.35e-01	5.64e-02	1.33e-03
 1.94252e+23	4.37e-09	5.11e-05	1.74e-02	1.65e-01	2.46e-01	5.19e-01	5.13e-02	1.13e-03
 1.96023e+23	5.16e-09	5.88e-05	1.95e-02	1.76e-01	2.53e-01	5.04e-01	4.70e-02	9.83e-04
 1.97616e+23	6.04e-09	6.72e-05	2.17e-02	1.86e-01	2.59e-01	4.89e-01	4.33e-02	8.59e-04
 1.99422e+23	7.41e-09	7.97e-05	2.48e-02	2.00e-01	2.66e-01	4.70e-01	3.88e-02	7.20e-04
 2.01284e+23	8.80e-09	9.21e-05	2.78e-02	2.12e-01	2.71e-01	4.53e-01	3.53e-02	6.17e-04
 2.02959e+23	1.04e-08	1.06e-04	3.10e-02	2.25e-01	2.76e-01	4.36e-01	3.21e-02	5.31e-04
 2.04880e+23	1.29e-08	1.27e-04	3.55e-02	2.41e-01	2.81e-01	4.14e-01	2.83e-02	4.36e-04
 2.06826e+23	1.54e-08	1.46e-04	3.96e-02	2.54e-01	2.85e-01	3.95e-01	2.54e-02	3.68e-04
 2.08547e+23	1.84e-08	1.69e-04	4.40e-02	2.67e-01	2.88e-01	3.77e-01	2.29e-02	3.13e-04
 2.10525e+23	2.31e-08	2.02e-04	5.03e-02	2.85e-01	2.91e-01	3.54e-01	1.99e-02	2.52e-04
 2.12529e+23	2.76e-08	2.34e-04	5.59e-02	2.99e-01	2.92e-01	3.35e-01	1.77e-02	2.11e-04
 2.14565e+23	3.48e-08	2.81e-04	6.35e-02	3.16e-01	2.93e-01	3.12e-01	1.52e-02	1.68e-04
 2.16644e+23	4.21e-08	3.26e-04	7.06e-02	3.31e-01	2.92e-01	2.92e-01	1.34e-02	1.39e-04
 2.18495e+23	5.08e-08	3.78e-04	7.82e-02	3.45e-01	2.91e-01	2.74e-01	1.17e-02	1.14e-04
 2.20617e+23	6.46e-08	4.55e-04	8.87e-02	3.62e-01	2.88e-01	2.51e-01	9.87e-03	8.86e-05
 2.22775e+23	7.86e-08	5.29e-04	9.80e-02	3.76e-01	2.84e-01	2.32e-01	8.55e-03	7.18e-05
 2.24978e+23	1.01e-07	6.40e-04	1.11e-01	3.93e-01	2.79e-01	2.10e-01	7.07e-03	5.45e-05
 2.27134e+23	1.21e-07	7.35e-04	1.21e-01	4.04e-01	2.74e-01	1.94e-01	6.13e-03	4.43e-05
 2.29227e+23	1.54e-07	8.77e-04	1.35e-01	4.18e-01	2.66e-01	1.75e-01	5.06e-03	3.38e-05
 2.31250e+23	1.82e-07	9.92e-04	1.46e-01	4.27e-01	2.60e-01	1.62e-01	4.42e-03	2.78e-05
 2.33181e+23	2.26e-07	1.16e-03	1.61e-01	4.38e-01	2.51e-01	1.45e-01	3.67e-03	2.14e-05
 2.35106e+23	2.66e-07	1.31e-03	1.72e-01	4.45e-01	2.44e-01	1.34e-01	3.19e-03	1.75e-05
 2.37024e+23	3.27e-07	1.52e-03	1.88e-01	4.53e-01	2.35e-01	1.20e-01	2.65e-03	1.36e-05
 2.39014e+23	3.93e-07	1.74e-03	2.02e-01	4.58e-01	2.26e-01	1.09e-01	2.25e-03	1.08e-05
 2.40799e+23	4.66e-07	1.96e-03	2.16e-01	4.63e-01	2.18e-01	9.93e-02	1.92e-03	8.63e-06
 2.42820e+23	5.79e-07	2.28e-03	2.35e-01	4.67e-01	2.07e-01	8.76e-02	1.56e-03	6.48e-06
 2.44878e+23	6.92e-07	2.59e-03	2.51e-01	4.69e-01	1.97e-01	7.87e-02	1.31e-03	5.08e-06
 2.46985e+23	8.60e-07	3.01e-03	2.71e-01	4.70e-01	1.86e-01	6.89e-02	1.05e-03	3.77e-06
 2.49036e+23	1.02e-06	3.38e-03	2.87e-01	4.70e-01	1.77e-01	6.19e-02	8.84e-04	2.97e-06
 2.50652e+23	1.18e-06	3.73e-03	3.02e-01	4.69e-01	1.69e-01	5.63e-02	7.59e-04	2.41e-06
 2.52389e+23	1.40e-06	4.20e-03	3.19e-01	4.66e-01	1.59e-01	5.01e-02	6.29e-04	1.87e-06
 2.54178e+23	1.63e-06	4.65e-03	3.35e-01	4.64e-01	1.51e-01	4.52e-02	5.33e-04	1.49e-06
 2.55785e+23	1.88e-06	5.13e-03	3.50e-01	4.60e-01	1.44e-01	4.08e-02	4.54e-04	1.20e-06
 2.57623e+23	2.25e-06	5.79e-03	3.69e-01	4.54e-01	1.34e-01	3.58e-02	3.69e-04	9.07e-07
 2.59479e+23	2.62e-06	6.39e-03	3.86e-01	4.49e-01	1.26e-01	3.20e-02	3.10e-04	7.15e-07
 2.61105e+23	3.02e-06	7.03e-03	4.02e-01	4.43e-01	1.19e-01	2.87e-02	2.61e-04	5.68e-07
 2.62963e+23	3.61e-06	7.90e-03	4.21e-01	4.35e-01	1.10e-01	2.50e-02	2.10e-04	4.25e-07
 2.64852e+23	4.20e-06	8.72e-03	4.38e-01	4.28e-01	1.03e-01	2.22e-02	1.75e-04	3.32e-07
 2.66518e+23	4.85e-06	9.58e-03	4.54e-01	4.20e-01	9.69e-02	1.98e-02	1.46e-04	2.60e-07
 2.68416e+23	5.80e-06	1.08e-02	4.74e-01	4.09e-01	8.91e-02	1.71e-02	1.16e-04	1.92e-07
 2.70346e+23	6.74e-06	1.18e-02	4.90e-01	4.00e-01	8.29e-02	1.51e-02	9.58e-05	1.48e-07
 2.72056e+23	7.79e-06	1.30e-02	5.06e-01	3.90e-01	7.71e-02	1.33e-02	7.91e-05	0.00e+00
 2.74016e+23	9.34e-06	1.46e-02	5.26e-01	3.78e-01	7.03e-02	1.14e-02	6.21e-05	0.00e+00
 2.76011e+23	1.09e-05	1.61e-02	5.42e-01	3.67e-01	6.49e-02	9.96e-03	5.06e-05	0.00e+00
 2.78050e+23	1.31e-05	1.81e-02	5.62e-01	3.53e-01	5.86e-02	8.42e-03	3.91e-05	0.00e+00
 2.80114e+23	1.53e-05	1.99e-02	5.78e-01	3.41e-01	5.38e-02	7.31e-03	3.15e-05	0.00e+00
 2.82208e+23	1.84e-05	2.24e-02	5.97e-01	3.26e-01	4.83e-02	6.13e-03	2.41e-05	0.00e+00
 2.84339e+23	2.15e-05	2.47e-02	6.12e-01	3.14e-01	4.40e-02	5.28e-03	1.91e-05	0.00e+00
 2.86226e+23	2.50e-05	2.71e-02	6.26e-01	3.02e-01	4.01e-02	4.56e-03	1.53e-05	0.00e+00
 2.88386e+23	3.02e-05	3.05e-02	6.44e-01	2.86e-01	3.57e-02	3.78e-03	1.15e-05	0.00e+00
 2.90602e+23	3.56e-05	3.37e-02	6.58e-01	2.73e-01	3.22e-02	3.22e-03	9.00e-06	0.00e+00
 2.92557e+23	4.13e-05	3.69e-02	6.70e-01	2.61e-01	2.92e-02	2.76e-03	7.15e-06	0.00e+00
 2.94229e+23	4.66e-05	3.97e-02	6.79e-01	2.52e-01	2.70e-02	2.45e-03	5.94e-06	0.00e+00
 2.95648e+23	5.17e-05	4.23e-02	6.87e-01	2.43e-01	2.52e-02	2.20e-03	5.05e-06	0.00e+00
 2.97267e+23	5.93e-05	4.60e-02	6.97e-01	2.32e-01	2.29e-02	1.90e-03	4.06e-06	0.00e+00
 2.98941e+23	6.70e-05	4.95e-02	7.05e-01	2.23e-01	2.11e-02	1.68e-03	3.35e-06	0.00e+00
 3.00443e+23	7.53e-05	5.31e-02	7.12e-01	2.14e-01	1.94e-02	1.48e-03	2.78e-06	0.00e+00
 3.02152e+23	8.74e-05	5.82e-02	7.20e-01	2.03e-01	1.75e-02	1.26e-03	2.18e-06	0.00e+00
 3.03872e+23	9.90e-05	6.27e-02	7.26e-01	1.94e-01	1.61e-02	1.11e-03	1.79e-06	0.00e+00
 3.05373e+23	1.12e-04	6.74e-02	7.32e-01	1.85e-01	1.48e-02	9.75e-04	1.48e-06	0.00e+00
 3.07092e+23	1.30e-04	7.39e-02	7.37e-01	1.75e-01	1.33e-02	8.29e-04	1.16e-06	0.00e+00
 3.08316e+23	1.39e-04	7.73e-02	7.38e-01	1.71e-01	1.28e-02	7.87e-04	1.07e-06	0.00e+00
