#depth	O	O+	O+2	O+3	O+4	O+5	O+6	O+7	O+8	O[1]	O[2]	O[3]
 1.54284e+22	1.70e-25	1.26e-19	3.40e-15	8.28e-12	5.15e-09	1.37e-06	1.50e-03	7.87e-02	9.20e-01	0.00e+00	0.00e+00	0.00e+00
 3.52147e+22	8.86e-24	3.90e-18	6.26e-14	9.15e-11	3.26e-08	4.91e-06	3.38e-03	1.15e-01	8.81e-01	0.00e+00	0.00e+00	0.00e+00
 4.17517e+22	1.01e-22	3.21e-17	3.76e-13	3.98e-10	9.94e-08	1.05e-05	5.42e-03	1.43e-01	8.51e-01	0.00e+00	0.00e+00	0.00e+00
 4.50202e+22	3.76e-22	1.01e-16	9.90e-13	8.80e-10	1.82e-07	1.58e-05	6.97e-03	1.60e-01	8.33e-01	0.00e+00	0.00e+00	0.00e+00
 4.63820e+22	5.27e-22	1.35e-16	1.27e-12	1.08e-09	2.12e-07	1.76e-05	7.43e-03	1.65e-01	8.27e-01	0.00e+00	0.00e+00	0.00e+00
 4.68792e+22	6.95e-22	1.71e-16	1.55e-12	1.27e-09	2.40e-07	1.92e-05	7.84e-03	1.69e-01	8.23e-01	0.00e+00	0.00e+00	0.00e+00
 4.73961e+22	9.91e-22	2.33e-16	2.02e-12	1.58e-09	2.83e-07	2.14e-05	8.39e-03	1.74e-01	8.17e-01	0.00e+00	0.00e+00	0.00e+00
 4.79036e+22	1.29e-21	2.92e-16	2.44e-12	1.84e-09	3.19e-07	2.32e-05	8.82e-03	1.78e-01	8.13e-01	0.00e+00	0.00e+00	0.00e+00
 4.83989e+22	1.80e-21	3.92e-16	3.13e-12	2.26e-09	3.72e-07	2.58e-05	9.41e-03	1.83e-01	8.07e-01	0.00e+00	0.00e+00	0.00e+00
 4.89014e+22	2.34e-21	4.91e-16	3.80e-12	2.65e-09	4.20e-07	2.80e-05	9.90e-03	1.87e-01	8.03e-01	0.00e+00	0.00e+00	0.00e+00
 4.94131e+22	3.30e-21	6.62e-16	4.89e-12	3.26e-09	4.92e-07	3.13e-05	1.06e-02	1.93e-01	7.96e-01	0.00e+00	0.00e+00	0.00e+00
 4.99320e+22	4.28e-21	8.29e-16	5.92e-12	3.82e-09	5.55e-07	3.40e-05	1.11e-02	1.97e-01	7.92e-01	0.00e+00	0.00e+00	0.00e+00
 5.04601e+22	6.06e-21	1.12e-15	7.64e-12	4.71e-09	6.52e-07	3.79e-05	1.19e-02	2.03e-01	7.85e-01	0.00e+00	0.00e+00	0.00e+00
 5.09969e+22	7.81e-21	1.40e-15	9.22e-12	5.49e-09	7.34e-07	4.11e-05	1.25e-02	2.08e-01	7.80e-01	0.00e+00	0.00e+00	0.00e+00
 5.15450e+22	1.10e-20	1.88e-15	1.19e-11	6.76e-09	8.61e-07	4.59e-05	1.34e-02	2.14e-01	7.73e-01	0.00e+00	0.00e+00	0.00e+00
 5.21074e+22	1.43e-20	2.36e-15	1.44e-11	7.92e-09	9.73e-07	5.00e-05	1.41e-02	2.18e-01	7.67e-01	0.00e+00	0.00e+00	0.00e+00
 5.26884e+22	2.01e-20	3.17e-15	1.85e-11	9.75e-09	1.14e-06	5.59e-05	1.51e-02	2.25e-01	7.60e-01	0.00e+00	0.00e+00	0.00e+00
 5.32812e+22	2.62e-20	3.98e-15	2.25e-11	1.15e-08	1.29e-06	6.09e-05	1.60e-02	2.30e-01	7.54e-01	0.00e+00	0.00e+00	0.00e+00
 5.38891e+22	3.68e-20	5.35e-15	2.89e-11	1.41e-08	1.52e-06	6.81e-05	1.71e-02	2.37e-01	7.46e-01	0.00e+00	0.00e+00	0.00e+00
 5.45015e+22	4.75e-20	6.68e-15	3.49e-11	1.65e-08	1.72e-06	7.41e-05	1.80e-02	2.42e-01	7.40e-01	0.00e+00	0.00e+00	0.00e+00
 5.51196e+22	6.58e-20	8.86e-15	4.44e-11	2.01e-08	2.01e-06	8.26e-05	1.93e-02	2.49e-01	7.32e-01	0.00e+00	0.00e+00	0.00e+00
 5.57536e+22	8.52e-20	1.11e-14	5.38e-11	2.36e-08	2.27e-06	9.01e-05	2.03e-02	2.54e-01	7.26e-01	0.00e+00	0.00e+00	0.00e+00
 5.63024e+22	1.08e-19	1.36e-14	6.40e-11	2.73e-08	2.54e-06	9.75e-05	2.13e-02	2.59e-01	7.20e-01	0.00e+00	0.00e+00	0.00e+00
 5.69101e+22	1.45e-19	1.76e-14	7.98e-11	3.28e-08	2.93e-06	1.08e-04	2.27e-02	2.66e-01	7.12e-01	0.00e+00	0.00e+00	0.00e+00
 5.75259e+22	1.83e-19	2.15e-14	9.48e-11	3.78e-08	3.28e-06	1.17e-04	2.38e-02	2.71e-01	7.05e-01	0.00e+00	0.00e+00	0.00e+00
 5.81521e+22	2.47e-19	2.79e-14	1.18e-10	4.55e-08	3.80e-06	1.29e-04	2.53e-02	2.78e-01	6.97e-01	0.00e+00	0.00e+00	0.00e+00
 5.87880e+22	3.09e-19	3.40e-14	1.40e-10	5.23e-08	4.24e-06	1.40e-04	2.66e-02	2.83e-01	6.90e-01	0.00e+00	0.00e+00	0.00e+00
 5.93452e+22	3.86e-19	4.11e-14	1.65e-10	6.00e-08	4.72e-06	1.51e-04	2.78e-02	2.88e-01	6.84e-01	0.00e+00	0.00e+00	0.00e+00
 5.99784e+22	5.15e-19	5.29e-14	2.04e-10	7.17e-08	5.44e-06	1.66e-04	2.96e-02	2.95e-01	6.75e-01	0.00e+00	0.00e+00	0.00e+00
 6.06092e+22	6.30e-19	6.30e-14	2.37e-10	8.13e-08	6.00e-06	1.78e-04	3.09e-02	3.00e-01	6.69e-01	0.00e+00	0.00e+00	0.00e+00
 6.12369e+22	8.30e-19	8.00e-14	2.91e-10	9.65e-08	6.88e-06	1.96e-04	3.27e-02	3.07e-01	6.60e-01	0.00e+00	0.00e+00	0.00e+00
 6.18768e+22	1.02e-18	9.55e-14	3.39e-10	1.10e-07	7.60e-06	2.11e-04	3.41e-02	3.12e-01	6.54e-01	0.00e+00	0.00e+00	0.00e+00
 6.25328e+22	1.34e-18	1.21e-13	4.16e-10	1.30e-07	8.71e-06	2.32e-04	3.62e-02	3.19e-01	6.45e-01	0.00e+00	0.00e+00	0.00e+00
 6.32012e+22	1.65e-18	1.45e-13	4.85e-10	1.48e-07	9.65e-06	2.49e-04	3.78e-02	3.24e-01	6.38e-01	0.00e+00	0.00e+00	0.00e+00
 6.38858e+22	2.17e-18	1.85e-13	5.96e-10	1.76e-07	1.11e-05	2.75e-04	4.01e-02	3.31e-01	6.29e-01	0.00e+00	0.00e+00	0.00e+00
 6.45830e+22	2.67e-18	2.21e-13	6.96e-10	2.00e-07	1.23e-05	2.96e-04	4.19e-02	3.36e-01	6.21e-01	0.00e+00	0.00e+00	0.00e+00
 6.52967e+22	3.52e-18	2.81e-13	8.56e-10	2.38e-07	1.41e-05	3.26e-04	4.44e-02	3.43e-01	6.12e-01	0.00e+00	0.00e+00	0.00e+00
 6.59944e+22	4.23e-18	3.30e-13	9.81e-10	2.67e-07	1.54e-05	3.48e-04	4.62e-02	3.48e-01	6.05e-01	0.00e+00	0.00e+00	0.00e+00
 6.66712e+22	5.49e-18	4.14e-13	1.19e-09	3.15e-07	1.76e-05	3.81e-04	4.88e-02	3.55e-01	5.96e-01	0.00e+00	0.00e+00	0.00e+00
 6.73583e+22	6.60e-18	4.85e-13	1.37e-09	3.53e-07	1.93e-05	4.07e-04	5.08e-02	3.60e-01	5.89e-01	0.00e+00	0.00e+00	0.00e+00
 6.80587e+22	8.48e-18	6.04e-13	1.65e-09	4.13e-07	2.19e-05	4.45e-04	5.36e-02	3.67e-01	5.79e-01	0.00e+00	0.00e+00	0.00e+00
 6.87808e+22	1.04e-17	7.20e-13	1.92e-09	4.70e-07	2.42e-05	4.78e-04	5.59e-02	3.72e-01	5.72e-01	0.00e+00	0.00e+00	0.00e+00
 6.95311e+22	1.33e-17	8.96e-13	2.32e-09	5.50e-07	2.75e-05	5.23e-04	5.89e-02	3.79e-01	5.62e-01	0.00e+00	0.00e+00	0.00e+00
 7.03056e+22	1.65e-17	1.08e-12	2.72e-09	6.28e-07	3.06e-05	5.64e-04	6.16e-02	3.84e-01	5.54e-01	0.00e+00	0.00e+00	0.00e+00
 7.11116e+22	2.14e-17	1.35e-12	3.30e-09	7.40e-07	3.48e-05	6.19e-04	6.51e-02	3.91e-01	5.43e-01	0.00e+00	0.00e+00	0.00e+00
 7.19391e+22	2.66e-17	1.63e-12	3.88e-09	8.49e-07	3.89e-05	6.68e-04	6.81e-02	3.97e-01	5.34e-01	2.66e-17	6.66e-28	7.08e-28
 7.27943e+22	3.47e-17	2.06e-12	4.74e-09	1.00e-06	4.44e-05	7.35e-04	7.20e-02	4.04e-01	5.24e-01	3.47e-17	6.44e-26	8.12e-26
 7.36770e+22	4.35e-17	2.51e-12	5.61e-09	1.16e-06	4.97e-05	7.96e-04	7.55e-02	4.09e-01	5.14e-01	4.35e-17	8.07e-26	1.02e-25
 7.45954e+22	5.74e-17	3.19e-12	6.91e-09	1.38e-06	5.71e-05	8.78e-04	7.99e-02	4.16e-01	5.03e-01	5.74e-17	1.06e-25	1.34e-25
 7.55436e+22	7.26e-17	3.92e-12	8.24e-09	1.60e-06	6.43e-05	9.55e-04	8.39e-02	4.22e-01	4.93e-01	7.26e-17	1.35e-25	1.70e-25
 7.63989e+22	9.05e-17	4.75e-12	9.71e-09	1.83e-06	7.18e-05	1.03e-03	8.77e-02	4.28e-01	4.83e-01	9.05e-17	1.68e-25	2.11e-25
 7.73791e+22	1.22e-16	6.17e-12	1.22e-08	2.21e-06	8.35e-05	1.15e-03	9.33e-02	4.35e-01	4.70e-01	1.22e-16	2.26e-25	2.85e-25
 7.83676e+22	1.52e-16	7.47e-12	1.43e-08	2.54e-06	9.31e-05	1.24e-03	9.75e-02	4.40e-01	4.61e-01	1.52e-16	2.82e-25	3.55e-25
 7.93667e+22	2.04e-16	9.64e-12	1.78e-08	3.05e-06	1.08e-04	1.37e-03	1.03e-01	4.47e-01	4.48e-01	2.04e-16	3.78e-25	4.76e-25
 8.03870e+22	2.58e-16	1.18e-11	2.13e-08	3.54e-06	1.21e-04	1.49e-03	1.08e-01	4.52e-01	4.38e-01	2.58e-16	4.78e-25	6.02e-25
 8.14350e+22	3.47e-16	1.53e-11	2.66e-08	4.26e-06	1.41e-04	1.66e-03	1.15e-01	4.58e-01	4.25e-01	3.47e-16	6.43e-25	8.10e-25
 8.25051e+22	4.45e-16	1.90e-11	3.20e-08	4.99e-06	1.60e-04	1.81e-03	1.21e-01	4.64e-01	4.14e-01	4.45e-16	8.24e-25	1.04e-24
 8.34567e+22	5.66e-16	2.35e-11	3.84e-08	5.80e-06	1.80e-04	1.97e-03	1.27e-01	4.68e-01	4.03e-01	5.66e-16	1.05e-24	1.32e-24
 8.45469e+22	7.74e-16	3.08e-11	4.85e-08	7.07e-06	2.11e-04	2.20e-03	1.35e-01	4.74e-01	3.89e-01	7.74e-16	1.43e-24	1.80e-24
 8.55827e+22	9.50e-16	3.69e-11	5.66e-08	8.05e-06	2.34e-04	2.37e-03	1.40e-01	4.78e-01	3.79e-01	9.50e-16	1.76e-24	2.21e-24
 8.65480e+22	1.26e-15	4.72e-11	7.00e-08	9.63e-06	2.71e-04	2.62e-03	1.48e-01	4.83e-01	3.66e-01	1.26e-15	2.33e-24	2.94e-24
 8.75153e+22	1.55e-15	5.65e-11	8.17e-08	1.10e-05	3.00e-04	2.82e-03	1.54e-01	4.86e-01	3.57e-01	1.55e-15	2.87e-24	3.61e-24
 8.84854e+22	2.03e-15	7.16e-11	1.00e-07	1.31e-05	3.46e-04	3.11e-03	1.62e-01	4.90e-01	3.44e-01	2.03e-15	3.77e-24	4.74e-24
 8.94780e+22	2.54e-15	8.70e-11	1.19e-07	1.51e-05	3.88e-04	3.37e-03	1.69e-01	4.93e-01	3.34e-01	2.54e-15	4.71e-24	5.92e-24
 9.04999e+22	3.39e-15	1.12e-10	1.48e-07	1.81e-05	4.51e-04	3.74e-03	1.79e-01	4.96e-01	3.21e-01	3.39e-15	6.28e-24	7.90e-24
 9.15275e+22	4.22e-15	1.35e-10	1.74e-07	2.08e-05	5.05e-04	4.05e-03	1.87e-01	4.98e-01	3.10e-01	4.22e-15	7.81e-24	9.82e-24
 9.25626e+22	5.61e-15	1.74e-10	2.16e-07	2.51e-05	5.87e-04	4.49e-03	1.97e-01	5.01e-01	2.97e-01	5.61e-15	1.04e-23	1.31e-23
 9.36173e+22	7.05e-15	2.12e-10	2.57e-07	2.91e-05	6.62e-04	4.89e-03	2.06e-01	5.02e-01	2.86e-01	7.05e-15	1.30e-23	1.64e-23
 9.46974e+22	9.43e-15	2.73e-10	3.21e-07	3.52e-05	7.75e-04	5.46e-03	2.18e-01	5.04e-01	2.72e-01	9.43e-15	1.75e-23	2.20e-23
 9.57986e+22	1.19e-14	3.35e-10	3.83e-07	4.10e-05	8.79e-04	5.96e-03	2.28e-01	5.04e-01	2.61e-01	1.19e-14	2.20e-23	2.77e-23
 9.69269e+22	1.60e-14	4.33e-10	4.81e-07	5.00e-05	1.04e-03	6.68e-03	2.41e-01	5.04e-01	2.47e-01	1.60e-14	2.96e-23	3.72e-23
 9.80693e+22	2.01e-14	5.30e-10	5.75e-07	5.84e-05	1.18e-03	7.31e-03	2.52e-01	5.04e-01	2.36e-01	2.01e-14	3.73e-23	4.68e-23
 9.90324e+22	2.47e-14	6.35e-10	6.74e-07	6.71e-05	1.32e-03	7.94e-03	2.62e-01	5.03e-01	2.26e-01	2.47e-14	4.58e-23	5.75e-23
 1.00087e+23	3.20e-14	7.98e-10	8.27e-07	8.03e-05	1.54e-03	8.82e-03	2.76e-01	5.01e-01	2.13e-01	3.20e-14	5.94e-23	7.46e-23
 1.01148e+23	3.91e-14	9.50e-10	9.67e-07	9.22e-05	1.73e-03	9.58e-03	2.86e-01	4.98e-01	2.04e-01	3.91e-14	7.24e-23	9.10e-23
 1.02183e+23	4.95e-14	1.17e-09	1.17e-06	1.09e-04	1.99e-03	1.06e-02	3.00e-01	4.95e-01	1.92e-01	4.95e-14	9.17e-23	1.15e-22
 1.03238e+23	6.01e-14	1.39e-09	1.36e-06	1.25e-04	2.24e-03	1.15e-02	3.12e-01	4.92e-01	1.83e-01	6.01e-14	1.11e-22	1.40e-22
 1.04276e+23	7.45e-14	1.68e-09	1.62e-06	1.47e-04	2.57e-03	1.27e-02	3.25e-01	4.87e-01	1.72e-01	7.45e-14	1.38e-22	1.73e-22
 1.05335e+23	9.00e-14	1.99e-09	1.89e-06	1.69e-04	2.90e-03	1.38e-02	3.38e-01	4.83e-01	1.62e-01	9.00e-14	1.67e-22	2.09e-22
 1.06374e+23	1.09e-13	2.36e-09	2.22e-06	1.95e-04	3.29e-03	1.51e-02	3.52e-01	4.77e-01	1.53e-01	1.09e-13	2.02e-22	2.53e-22
 1.07424e+23	1.30e-13	2.76e-09	2.58e-06	2.24e-04	3.71e-03	1.65e-02	3.65e-01	4.71e-01	1.44e-01	1.30e-13	2.41e-22	3.03e-22
 1.08461e+23	1.54e-13	3.22e-09	2.98e-06	2.57e-04	4.18e-03	1.80e-02	3.78e-01	4.65e-01	1.35e-01	1.54e-13	2.86e-22	3.58e-22
 1.09495e+23	1.81e-13	3.73e-09	3.42e-06	2.93e-04	4.68e-03	1.96e-02	3.91e-01	4.58e-01	1.27e-01	1.81e-13	3.36e-22	4.21e-22
 1.10532e+23	2.11e-13	4.29e-09	3.92e-06	3.33e-04	5.25e-03	2.13e-02	4.04e-01	4.50e-01	1.19e-01	2.11e-13	3.92e-22	4.91e-22
 1.11571e+23	2.44e-13	4.91e-09	4.47e-06	3.77e-04	5.86e-03	2.31e-02	4.17e-01	4.43e-01	1.11e-01	2.44e-13	4.54e-22	5.69e-22
 1.12614e+23	2.81e-13	5.59e-09	5.09e-06	4.27e-04	6.54e-03	2.50e-02	4.30e-01	4.34e-01	1.04e-01	2.81e-13	5.22e-22	6.54e-22
 1.13666e+23	3.21e-13	6.33e-09	5.76e-06	4.82e-04	7.28e-03	2.71e-02	4.43e-01	4.26e-01	9.69e-02	3.21e-13	5.96e-22	7.47e-22
 1.14728e+23	3.64e-13	7.14e-09	6.51e-06	5.43e-04	8.09e-03	2.93e-02	4.55e-01	4.17e-01	9.03e-02	3.64e-13	6.78e-22	8.49e-22
 1.15797e+23	4.11e-13	8.01e-09	7.32e-06	6.10e-04	8.96e-03	3.16e-02	4.68e-01	4.07e-01	8.41e-02	4.11e-13	7.65e-22	9.59e-22
 1.16882e+23	4.62e-13	8.97e-09	8.23e-06	6.86e-04	9.93e-03	3.42e-02	4.80e-01	3.97e-01	7.81e-02	4.62e-13	8.61e-22	1.08e-21
 1.17977e+23	5.17e-13	9.99e-09	9.22e-06	7.68e-04	1.10e-02	3.68e-02	4.92e-01	3.87e-01	7.25e-02	5.17e-13	9.63e-22	1.21e-21
 1.19096e+23	5.76e-13	1.11e-08	1.03e-05	8.62e-04	1.21e-02	3.98e-02	5.04e-01	3.77e-01	6.70e-02	5.76e-13	1.07e-21	1.35e-21
 1.20233e+23	6.39e-13	1.23e-08	1.15e-05	9.64e-04	1.34e-02	4.28e-02	5.15e-01	3.66e-01	6.19e-02	6.39e-13	1.19e-21	1.49e-21
 1.21274e+23	6.95e-13	1.34e-08	1.26e-05	1.06e-03	1.45e-02	4.55e-02	5.24e-01	3.57e-01	5.79e-02	6.95e-13	1.30e-21	1.62e-21
 1.22360e+23	7.67e-13	1.48e-08	1.41e-05	1.19e-03	1.60e-02	4.90e-02	5.35e-01	3.46e-01	5.31e-02	7.67e-13	1.43e-21	1.79e-21
 1.23464e+23	8.32e-13	1.61e-08	1.55e-05	1.30e-03	1.72e-02	5.20e-02	5.44e-01	3.36e-01	4.96e-02	8.32e-13	1.56e-21	1.95e-21
 1.24603e+23	9.18e-13	1.79e-08	1.74e-05	1.46e-03	1.90e-02	5.61e-02	5.54e-01	3.24e-01	4.52e-02	9.18e-13	1.72e-21	2.15e-21
 1.25747e+23	9.90e-13	1.94e-08	1.90e-05	1.60e-03	2.05e-02	5.94e-02	5.62e-01	3.15e-01	4.21e-02	9.90e-13	1.85e-21	2.32e-21
 1.26899e+23	1.08e-12	2.14e-08	2.12e-05	1.79e-03	2.25e-02	6.39e-02	5.71e-01	3.03e-01	3.83e-02	1.08e-12	2.03e-21	2.54e-21
 1.28054e+23	1.17e-12	2.31e-08	2.31e-05	1.96e-03	2.42e-02	6.75e-02	5.77e-01	2.93e-01	3.56e-02	1.17e-12	2.19e-21	2.74e-21
 1.29214e+23	1.27e-12	2.55e-08	2.58e-05	2.19e-03	2.64e-02	7.23e-02	5.85e-01	2.81e-01	3.24e-02	1.27e-12	2.39e-21	2.99e-21
 1.30386e+23	1.37e-12	2.76e-08	2.82e-05	2.39e-03	2.83e-02	7.62e-02	5.91e-01	2.72e-01	3.00e-02	1.37e-12	2.58e-21	3.22e-21
 1.31573e+23	1.49e-12	3.04e-08	3.14e-05	2.67e-03	3.08e-02	8.15e-02	5.97e-01	2.60e-01	2.72e-02	1.49e-12	2.81e-21	3.51e-21
 1.32776e+23	1.61e-12	3.29e-08	3.43e-05	2.92e-03	3.30e-02	8.57e-02	6.02e-01	2.51e-01	2.51e-02	1.61e-12	3.03e-21	3.78e-21
 1.33999e+23	1.76e-12	3.64e-08	3.84e-05	3.27e-03	3.59e-02	9.15e-02	6.07e-01	2.40e-01	2.27e-02	1.76e-12	3.31e-21	4.13e-21
 1.35243e+23	1.90e-12	3.96e-08	4.21e-05	3.57e-03	3.84e-02	9.62e-02	6.10e-01	2.31e-01	2.09e-02	1.90e-12	3.58e-21	4.47e-21
 1.36517e+23	2.08e-12	4.39e-08	4.73e-05	4.01e-03	4.17e-02	1.03e-01	6.14e-01	2.19e-01	1.87e-02	2.08e-12	3.93e-21	4.90e-21
 1.37819e+23	2.26e-12	4.81e-08	5.22e-05	4.40e-03	4.46e-02	1.08e-01	6.16e-01	2.10e-01	1.72e-02	2.26e-12	4.28e-21	5.33e-21
 1.39158e+23	2.49e-12	5.39e-08	5.90e-05	4.94e-03	4.84e-02	1.15e-01	6.18e-01	1.98e-01	1.53e-02	2.49e-12	4.72e-21	5.89e-21
 1.40526e+23	2.72e-12	5.95e-08	6.54e-05	5.44e-03	5.17e-02	1.21e-01	6.19e-01	1.89e-01	1.39e-02	2.72e-12	5.18e-21	6.45e-21
 1.41677e+23	2.94e-12	6.48e-08	7.16e-05	5.91e-03	5.48e-02	1.26e-01	6.19e-01	1.82e-01	1.28e-02	2.94e-12	5.60e-21	6.98e-21
 1.42918e+23	3.24e-12	7.23e-08	8.04e-05	6.58e-03	5.89e-02	1.33e-01	6.18e-01	1.72e-01	1.15e-02	3.24e-12	6.19e-21	7.70e-21
 1.44130e+23	3.51e-12	7.88e-08	8.77e-05	7.11e-03	6.20e-02	1.38e-01	6.17e-01	1.65e-01	1.06e-02	3.51e-12	6.70e-21	8.34e-21
 1.45302e+23	3.83e-12	8.73e-08	9.78e-05	7.84e-03	6.62e-02	1.44e-01	6.15e-01	1.56e-01	9.57e-03	3.83e-12	7.33e-21	9.12e-21
 1.46486e+23	4.19e-12	9.59e-08	1.07e-04	8.48e-03	6.97e-02	1.50e-01	6.13e-01	1.50e-01	8.83e-03	4.19e-12	8.03e-21	9.99e-21
 1.47685e+23	4.62e-12	1.07e-07	1.20e-04	9.37e-03	7.43e-02	1.57e-01	6.10e-01	1.42e-01	7.93e-03	4.62e-12	8.88e-21	1.10e-20
 1.48900e+23	5.08e-12	1.18e-07	1.32e-04	1.01e-02	7.81e-02	1.62e-01	6.07e-01	1.36e-01	7.29e-03	5.08e-12	9.77e-21	1.22e-20
 1.50138e+23	5.65e-12	1.33e-07	1.48e-04	1.12e-02	8.32e-02	1.69e-01	6.02e-01	1.28e-01	6.51e-03	5.65e-12	1.09e-20	1.36e-20
 1.51394e+23	6.26e-12	1.48e-07	1.64e-04	1.22e-02	8.75e-02	1.75e-01	5.97e-01	1.22e-01	5.97e-03	6.26e-12	1.21e-20	1.51e-20
 1.52674e+23	7.03e-12	1.68e-07	1.85e-04	1.35e-02	9.32e-02	1.83e-01	5.91e-01	1.14e-01	5.30e-03	7.03e-12	1.36e-20	1.70e-20
 1.53976e+23	7.88e-12	1.89e-07	2.06e-04	1.47e-02	9.80e-02	1.89e-01	5.85e-01	1.08e-01	4.84e-03	7.88e-12	1.53e-20	1.90e-20
 1.55306e+23	8.94e-12	2.17e-07	2.34e-04	1.63e-02	1.04e-01	1.97e-01	5.77e-01	1.01e-01	4.27e-03	8.94e-12	1.74e-20	2.16e-20
 1.56664e+23	1.01e-11	2.45e-07	2.61e-04	1.77e-02	1.10e-01	2.02e-01	5.70e-01	9.57e-02	3.88e-03	1.01e-11	1.98e-20	2.45e-20
 1.58057e+23	1.16e-11	2.85e-07	3.00e-04	1.97e-02	1.17e-01	2.11e-01	5.60e-01	8.87e-02	3.39e-03	1.16e-11	2.29e-20	2.83e-20
 1.59487e+23	1.33e-11	3.25e-07	3.37e-04	2.16e-02	1.23e-01	2.17e-01	5.52e-01	8.35e-02	3.05e-03	1.33e-11	2.62e-20	3.24e-20
 1.60965e+23	1.56e-11	3.84e-07	3.90e-04	2.41e-02	1.31e-01	2.25e-01	5.40e-01	7.69e-02	2.65e-03	1.56e-11	3.09e-20	3.83e-20
 1.62463e+23	1.81e-11	4.41e-07	4.40e-04	2.64e-02	1.38e-01	2.31e-01	5.30e-01	7.21e-02	2.37e-03	1.81e-11	3.58e-20	4.44e-20
 1.63987e+23	2.15e-11	5.26e-07	5.12e-04	2.95e-02	1.47e-01	2.39e-01	5.16e-01	6.60e-02	2.05e-03	2.15e-11	4.29e-20	5.31e-20
 1.65527e+23	2.51e-11	6.09e-07	5.79e-04	3.23e-02	1.54e-01	2.45e-01	5.05e-01	6.16e-02	1.82e-03	2.51e-11	5.02e-20	6.21e-20
 1.67088e+23	3.02e-11	7.33e-07	6.77e-04	3.61e-02	1.64e-01	2.53e-01	4.89e-01	5.61e-02	1.56e-03	3.02e-11	6.09e-20	7.53e-20
 1.68676e+23	3.57e-11	8.55e-07	7.68e-04	3.95e-02	1.72e-01	2.58e-01	4.77e-01	5.21e-02	1.38e-03	3.57e-11	7.21e-20	8.91e-20
 1.70071e+23	4.17e-11	9.91e-07	8.68e-04	4.30e-02	1.79e-01	2.63e-01	4.64e-01	4.83e-02	1.22e-03	4.17e-11	8.46e-20	1.05e-19
 1.71662e+23	5.12e-11	1.20e-06	1.02e-03	4.80e-02	1.90e-01	2.69e-01	4.47e-01	4.38e-02	1.04e-03	5.12e-11	1.05e-19	1.29e-19
 1.73284e+23	6.06e-11	1.41e-06	1.16e-03	5.24e-02	1.98e-01	2.74e-01	4.33e-01	4.03e-02	9.10e-04	6.06e-11	1.25e-19	1.54e-19
 1.74602e+23	7.05e-11	1.62e-06	1.29e-03	5.64e-02	2.06e-01	2.77e-01	4.21e-01	3.75e-02	8.13e-04	7.05e-11	1.46e-19	1.80e-19
 1.75970e+23	8.46e-11	1.90e-06	1.47e-03	6.16e-02	2.15e-01	2.81e-01	4.06e-01	3.44e-02	7.10e-04	8.46e-11	1.76e-19	2.17e-19
 1.77410e+23	9.96e-11	2.21e-06	1.65e-03	6.65e-02	2.23e-01	2.84e-01	3.93e-01	3.18e-02	6.27e-04	9.96e-11	2.08e-19	2.56e-19
 1.78731e+23	1.17e-10	2.55e-06	1.84e-03	7.16e-02	2.31e-01	2.86e-01	3.80e-01	2.94e-02	5.55e-04	1.17e-10	2.46e-19	3.03e-19
 1.80237e+23	1.44e-10	3.05e-06	2.12e-03	7.85e-02	2.41e-01	2.89e-01	3.63e-01	2.66e-02	4.75e-04	1.44e-10	3.05e-19	3.75e-19
 1.81783e+23	1.72e-10	3.58e-06	2.40e-03	8.49e-02	2.49e-01	2.90e-01	3.48e-01	2.43e-02	4.12e-04	1.72e-10	3.67e-19	4.51e-19
 1.83142e+23	2.04e-10	4.14e-06	2.68e-03	9.12e-02	2.57e-01	2.91e-01	3.35e-01	2.23e-02	3.62e-04	2.04e-10	4.38e-19	5.38e-19
 1.84666e+23	2.53e-10	4.97e-06	3.07e-03	9.95e-02	2.67e-01	2.92e-01	3.18e-01	2.00e-02	3.08e-04	2.53e-10	5.47e-19	6.72e-19
 1.86267e+23	3.08e-10	5.87e-06	3.49e-03	1.08e-01	2.76e-01	2.92e-01	3.03e-01	1.81e-02	2.64e-04	3.08e-10	6.69e-19	8.21e-19
 1.87718e+23	3.70e-10	6.85e-06	3.91e-03	1.16e-01	2.84e-01	2.91e-01	2.89e-01	1.65e-02	2.29e-04	3.70e-10	8.11e-19	9.94e-19
 1.89355e+23	4.68e-10	8.32e-06	4.51e-03	1.26e-01	2.93e-01	2.89e-01	2.72e-01	1.46e-02	1.91e-04	4.68e-10	1.04e-18	1.27e-18
 1.91044e+23	5.76e-10	9.87e-06	5.12e-03	1.36e-01	3.02e-01	2.87e-01	2.57e-01	1.30e-02	1.62e-04	5.76e-10	1.29e-18	1.57e-18
 1.92550e+23	7.00e-10	1.16e-05	5.75e-03	1.46e-01	3.09e-01	2.85e-01	2.43e-01	1.17e-02	1.39e-04	7.00e-10	1.58e-18	1.93e-18
 1.94252e+23	8.96e-10	1.41e-05	6.63e-03	1.58e-01	3.18e-01	2.81e-01	2.26e-01	1.03e-02	1.14e-04	8.96e-10	2.04e-18	2.49e-18
 1.96023e+23	1.12e-09	1.68e-05	7.53e-03	1.70e-01	3.25e-01	2.77e-01	2.11e-01	9.06e-03	9.53e-05	1.12e-09	2.57e-18	3.14e-18
 1.97616e+23	1.37e-09	1.98e-05	8.46e-03	1.82e-01	3.31e-01	2.72e-01	1.98e-01	8.05e-03	8.04e-05	1.37e-09	3.19e-18	3.90e-18
 1.99422e+23	1.80e-09	2.44e-05	9.81e-03	1.98e-01	3.39e-01	2.65e-01	1.81e-01	6.89e-03	6.44e-05	1.80e-09	4.23e-18	5.16e-18
 2.01284e+23	2.25e-09	2.91e-05	1.11e-02	2.12e-01	3.44e-01	2.59e-01	1.68e-01	6.03e-03	5.31e-05	2.25e-09	5.37e-18	6.54e-18
 2.02959e+23	2.81e-09	3.45e-05	1.25e-02	2.25e-01	3.49e-01	2.52e-01	1.56e-01	5.28e-03	4.40e-05	2.81e-09	6.78e-18	8.25e-18
 2.04880e+23	3.74e-09	4.28e-05	1.45e-02	2.44e-01	3.53e-01	2.43e-01	1.40e-01	4.43e-03	3.44e-05	3.74e-09	9.16e-18	1.11e-17
 2.06826e+23	4.72e-09	5.11e-05	1.63e-02	2.59e-01	3.56e-01	2.35e-01	1.29e-01	3.82e-03	2.79e-05	4.72e-09	1.17e-17	1.43e-17
 2.08547e+23	5.92e-09	6.04e-05	1.83e-02	2.75e-01	3.59e-01	2.27e-01	1.18e-01	3.30e-03	2.28e-05	5.92e-09	1.49e-17	1.81e-17
 2.10525e+23	7.94e-09	7.51e-05	2.12e-02	2.95e-01	3.60e-01	2.16e-01	1.05e-01	2.72e-03	1.75e-05	7.94e-09	2.04e-17	2.47e-17
 2.12529e+23	1.01e-08	8.93e-05	2.38e-02	3.12e-01	3.60e-01	2.07e-01	9.52e-02	2.32e-03	1.40e-05	1.01e-08	2.62e-17	3.17e-17
 2.14565e+23	1.35e-08	1.10e-04	2.73e-02	3.33e-01	3.59e-01	1.95e-01	8.40e-02	1.90e-03	1.06e-05	1.35e-08	3.59e-17	4.34e-17
 2.16644e+23	1.73e-08	1.32e-04	3.07e-02	3.50e-01	3.57e-01	1.85e-01	7.53e-02	1.60e-03	8.38e-06	1.73e-08	4.67e-17	5.65e-17
 2.18495e+23	2.20e-08	1.57e-04	3.43e-02	3.67e-01	3.54e-01	1.75e-01	6.75e-02	1.34e-03	6.61e-06	2.20e-08	6.05e-17	7.31e-17
 2.20617e+23	2.98e-08	1.94e-04	3.93e-02	3.89e-01	3.49e-01	1.63e-01	5.85e-02	1.07e-03	4.88e-06	2.98e-08	8.40e-17	1.01e-16
 2.22775e+23	3.81e-08	2.31e-04	4.39e-02	4.06e-01	3.44e-01	1.53e-01	5.19e-02	8.88e-04	3.79e-06	3.81e-08	1.10e-16	1.32e-16
 2.24978e+23	5.22e-08	2.88e-04	5.03e-02	4.28e-01	3.36e-01	1.40e-01	4.43e-02	6.95e-04	2.73e-06	5.22e-08	1.54e-16	1.86e-16
 2.27134e+23	6.56e-08	3.38e-04	5.54e-02	4.44e-01	3.30e-01	1.31e-01	3.93e-02	5.79e-04	2.13e-06	6.56e-08	1.98e-16	2.38e-16
 2.29227e+23	8.81e-08	4.14e-04	6.27e-02	4.63e-01	3.20e-01	1.20e-01	3.36e-02	4.55e-04	1.55e-06	8.81e-08	2.73e-16	3.28e-16
 2.31250e+23	1.08e-07	4.76e-04	6.82e-02	4.76e-01	3.13e-01	1.12e-01	3.00e-02	3.83e-04	1.23e-06	1.08e-07	3.42e-16	4.10e-16
 2.33181e+23	1.42e-07	5.72e-04	7.61e-02	4.92e-01	3.03e-01	1.02e-01	2.58e-02	3.05e-04	9.07e-07	1.42e-07	4.59e-16	5.51e-16
 2.35106e+23	1.73e-07	6.56e-04	8.25e-02	5.03e-01	2.95e-01	9.55e-02	2.29e-02	2.56e-04	7.18e-07	1.73e-07	5.73e-16	6.87e-16
 2.37024e+23	2.23e-07	7.77e-04	9.10e-02	5.17e-01	2.84e-01	8.71e-02	1.97e-02	2.04e-04	5.34e-07	2.23e-07	7.59e-16	9.09e-16
 2.39014e+23	2.78e-07	9.02e-04	9.92e-02	5.28e-01	2.74e-01	8.01e-02	1.72e-02	1.67e-04	4.09e-07	2.78e-07	9.69e-16	1.16e-15
 2.40799e+23	3.41e-07	1.03e-03	1.07e-01	5.37e-01	2.65e-01	7.39e-02	1.51e-02	1.38e-04	3.18e-07	3.41e-07	1.22e-15	1.46e-15
 2.42820e+23	4.44e-07	1.23e-03	1.18e-01	5.48e-01	2.53e-01	6.64e-02	1.28e-02	1.07e-04	2.29e-07	4.44e-07	1.64e-15	1.95e-15
 2.44878e+23	5.51e-07	1.42e-03	1.28e-01	5.56e-01	2.42e-01	6.06e-02	1.11e-02	8.70e-05	1.74e-07	5.51e-07	2.08e-15	2.49e-15
 2.46985e+23	7.15e-07	1.69e-03	1.41e-01	5.64e-01	2.30e-01	5.40e-02	9.29e-03	6.72e-05	1.24e-07	7.15e-07	2.80e-15	3.34e-15
 2.49036e+23	8.73e-07	1.93e-03	1.51e-01	5.70e-01	2.20e-01	4.93e-02	8.08e-03	5.47e-05	0.00e+00	8.73e-07	3.51e-15	4.18e-15
 2.50652e+23	1.04e-06	2.16e-03	1.61e-01	5.73e-01	2.11e-01	4.55e-02	7.15e-03	4.58e-05	0.00e+00	1.04e-06	4.26e-15	5.07e-15
 2.52389e+23	1.28e-06	2.47e-03	1.73e-01	5.77e-01	2.01e-01	4.11e-02	6.15e-03	3.68e-05	0.00e+00	1.28e-06	5.41e-15	6.44e-15
 2.54178e+23	1.53e-06	2.77e-03	1.84e-01	5.78e-01	1.92e-01	3.76e-02	5.39e-03	3.04e-05	0.00e+00	1.53e-06	6.63e-15	7.88e-15
 2.55785e+23	1.81e-06	3.10e-03	1.95e-01	5.79e-01	1.83e-01	3.44e-02	4.73e-03	2.51e-05	0.00e+00	1.81e-06	8.08e-15	9.59e-15
 2.57623e+23	2.25e-06	3.57e-03	2.09e-01	5.80e-01	1.73e-01	3.07e-02	4.01e-03	1.98e-05	0.00e+00	2.25e-06	1.04e-14	1.23e-14
 2.59479e+23	2.68e-06	3.99e-03	2.22e-01	5.79e-01	1.64e-01	2.79e-02	3.49e-03	1.62e-05	0.00e+00	2.68e-06	1.27e-14	1.51e-14
 2.61105e+23	3.17e-06	4.45e-03	2.34e-01	5.77e-01	1.56e-01	2.54e-02	3.04e-03	1.33e-05	0.00e+00	3.17e-06	1.54e-14	1.83e-14
 2.62963e+23	3.92e-06	5.10e-03	2.50e-01	5.73e-01	1.46e-01	2.25e-02	2.56e-03	1.04e-05	0.00e+00	3.92e-06	1.98e-14	2.34e-14
 2.64852e+23	4.68e-06	5.71e-03	2.65e-01	5.69e-01	1.38e-01	2.03e-02	2.21e-03	8.40e-06	0.00e+00	4.68e-06	2.43e-14	2.88e-14
 2.66518e+23	5.55e-06	6.37e-03	2.79e-01	5.64e-01	1.30e-01	1.84e-02	1.92e-03	6.84e-06	0.00e+00	5.55e-06	2.96e-14	3.51e-14
 2.68416e+23	6.85e-06	7.30e-03	2.97e-01	5.57e-01	1.21e-01	1.61e-02	1.60e-03	5.27e-06	0.00e+00	6.85e-06	3.80e-14	4.50e-14
 2.70346e+23	8.16e-06	8.16e-03	3.12e-01	5.50e-01	1.14e-01	1.44e-02	1.37e-03	4.23e-06	0.00e+00	8.16e-06	4.67e-14	5.53e-14
 2.72056e+23	9.68e-06	9.10e-03	3.28e-01	5.42e-01	1.07e-01	1.29e-02	1.18e-03	3.40e-06	0.00e+00	9.68e-06	5.71e-14	6.76e-14
 2.74016e+23	1.20e-05	1.04e-02	3.48e-01	5.31e-01	9.81e-02	1.12e-02	9.70e-04	2.58e-06	0.00e+00	1.20e-05	7.36e-14	8.71e-14
 2.76011e+23	1.43e-05	1.16e-02	3.65e-01	5.21e-01	9.13e-02	9.96e-03	8.22e-04	2.04e-06	0.00e+00	1.43e-05	9.07e-14	1.07e-13
 2.78050e+23	1.77e-05	1.34e-02	3.87e-01	5.07e-01	8.33e-02	8.56e-03	6.69e-04	1.52e-06	0.00e+00	1.77e-05	1.18e-13	1.39e-13
 2.80114e+23	2.12e-05	1.50e-02	4.05e-01	4.95e-01	7.69e-02	7.52e-03	5.61e-04	1.19e-06	0.00e+00	2.12e-05	1.46e-13	1.72e-13
 2.82208e+23	2.63e-05	1.72e-02	4.28e-01	4.78e-01	6.97e-02	6.40e-03	4.52e-04	8.74e-07	0.00e+00	2.63e-05	1.90e-13	2.24e-13
 2.84339e+23	3.15e-05	1.92e-02	4.47e-01	4.64e-01	6.39e-02	5.57e-03	3.75e-04	6.72e-07	0.00e+00	3.15e-05	2.36e-13	2.78e-13
 2.86226e+23	3.74e-05	2.14e-02	4.66e-01	4.49e-01	5.86e-02	4.86e-03	3.13e-04	5.20e-07	0.00e+00	3.74e-05	2.91e-13	3.44e-13
 2.88386e+23	4.65e-05	2.46e-02	4.89e-01	4.29e-01	5.24e-02	4.08e-03	2.48e-04	3.76e-07	0.00e+00	4.65e-05	3.80e-13	4.48e-13
 2.90602e+23	5.59e-05	2.76e-02	5.09e-01	4.12e-01	4.74e-02	3.49e-03	2.02e-04	2.82e-07	0.00e+00	5.59e-05	4.75e-13	5.61e-13
 2.92557e+23	6.62e-05	3.07e-02	5.28e-01	3.95e-01	4.31e-02	3.02e-03	1.67e-04	2.16e-07	0.00e+00	6.62e-05	5.86e-13	6.92e-13
 2.94229e+23	7.56e-05	3.34e-02	5.42e-01	3.82e-01	3.99e-02	2.68e-03	1.43e-04	1.74e-07	0.00e+00	7.56e-05	6.89e-13	8.14e-13
 2.95648e+23	8.50e-05	3.59e-02	5.54e-01	3.70e-01	3.72e-02	2.42e-03	1.25e-04	1.44e-07	0.00e+00	8.50e-05	7.97e-13	9.42e-13
 2.97267e+23	9.92e-05	3.96e-02	5.70e-01	3.54e-01	3.39e-02	2.10e-03	1.04e-04	0.00e+00	0.00e+00	9.92e-05	9.67e-13	1.14e-12
 2.98941e+23	1.13e-04	4.30e-02	5.84e-01	3.40e-01	3.12e-02	1.85e-03	8.87e-05	0.00e+00	0.00e+00	1.13e-04	1.14e-12	1.35e-12
 3.00443e+23	1.29e-04	4.67e-02	5.97e-01	3.26e-01	2.87e-02	1.64e-03	7.58e-05	0.00e+00	0.00e+00	1.29e-04	1.34e-12	1.59e-12
 3.02152e+23	1.52e-04	5.18e-02	6.12e-01	3.09e-01	2.58e-02	1.40e-03	6.18e-05	0.00e+00	0.00e+00	1.52e-04	1.65e-12	1.95e-12
 3.03872e+23	1.75e-04	5.65e-02	6.24e-01	2.94e-01	2.35e-02	1.22e-03	5.22e-05	0.00e+00	0.00e+00	1.75e-04	1.96e-12	2.31e-12
 3.05373e+23	1.99e-04	6.14e-02	6.35e-01	2.80e-01	2.15e-02	1.08e-03	4.43e-05	0.00e+00	0.00e+00	1.99e-04	2.31e-12	2.72e-12
 3.07092e+23	2.36e-04	6.83e-02	6.48e-01	2.63e-01	1.92e-02	9.12e-04	3.60e-05	0.00e+00	0.00e+00	2.36e-04	2.84e-12	3.35e-12
 3.08316e+23	2.56e-04	7.28e-02	6.50e-01	2.57e-01	1.84e-02	8.62e-04	3.35e-05	0.00e+00	0.00e+00	2.56e-04	3.12e-12	3.68e-12
