#depth	S	S+	S+2	S+3	S+4	S+5	S+6	S+7	S+8	S+9	S+10	S+11	S+12	S+13	S+14	S+15	S+16
 1.54284e+22	0.00e+00	2.52e-25	3.05e-21	3.74e-18	2.22e-15	8.44e-13	1.02e-09	1.31e-07	6.18e-06	1.11e-04	1.24e-03	6.52e-03	1.95e-02	6.18e-02	4.20e-01	3.81e-01	1.10e-01
 3.52147e+22	0.00e+00	3.43e-23	2.59e-19	1.92e-16	6.72e-14	1.46e-11	1.76e-08	1.91e-06	7.14e-05	9.21e-04	7.46e-03	2.70e-02	5.17e-02	1.04e-01	4.74e-01	2.82e-01	5.34e-02
 4.17517e+22	9.68e-34	5.23e-22	2.91e-18	1.52e-15	3.74e-13	5.70e-11	7.71e-08	8.00e-06	2.66e-04	2.82e-03	1.91e-02	5.57e-02	8.30e-02	1.27e-01	4.65e-01	2.16e-01	3.21e-02
 4.50202e+22	5.37e-33	2.17e-21	1.01e-17	4.36e-15	8.72e-13	1.09e-10	1.61e-07	1.64e-05	5.16e-04	4.92e-03	3.01e-02	7.87e-02	1.03e-01	1.36e-01	4.43e-01	1.80e-01	2.35e-02
 4.63820e+22	8.29e-33	3.11e-21	1.39e-17	5.68e-15	1.08e-12	1.28e-10	1.93e-07	1.97e-05	6.09e-04	5.64e-03	3.37e-02	8.56e-02	1.08e-01	1.38e-01	4.36e-01	1.71e-01	2.15e-02
 4.68792e+22	1.18e-32	4.16e-21	1.80e-17	7.03e-15	1.28e-12	1.46e-10	2.23e-07	2.27e-05	6.94e-04	6.29e-03	3.68e-02	9.14e-02	1.12e-01	1.39e-01	4.30e-01	1.64e-01	2.01e-02
 4.73961e+22	1.85e-32	6.07e-21	2.50e-17	9.24e-15	1.58e-12	1.72e-10	2.68e-07	2.73e-05	8.21e-04	7.23e-03	4.11e-02	9.93e-02	1.18e-01	1.41e-01	4.20e-01	1.54e-01	1.82e-02
 4.79036e+22	2.58e-32	8.00e-21	3.18e-17	1.13e-14	1.86e-12	1.94e-10	3.07e-07	3.12e-05	9.27e-04	7.98e-03	4.46e-02	1.05e-01	1.22e-01	1.41e-01	4.13e-01	1.48e-01	1.70e-02
 4.83989e+22	3.96e-32	1.14e-20	4.35e-17	1.46e-14	2.28e-12	2.25e-10	3.65e-07	3.70e-05	1.08e-03	9.07e-03	4.94e-02	1.14e-01	1.27e-01	1.42e-01	4.03e-01	1.39e-01	1.55e-02
 4.89014e+22	5.54e-32	1.51e-20	5.54e-17	1.79e-14	2.67e-12	2.54e-10	4.16e-07	4.22e-05	1.22e-03	9.99e-03	5.33e-02	1.20e-01	1.31e-01	1.43e-01	3.95e-01	1.32e-01	1.43e-02
 4.94131e+22	8.55e-32	2.17e-20	7.61e-17	2.32e-14	3.27e-12	2.96e-10	4.94e-07	5.00e-05	1.42e-03	1.13e-02	5.88e-02	1.29e-01	1.36e-01	1.43e-01	3.83e-01	1.24e-01	1.30e-02
 4.99320e+22	1.19e-31	2.87e-20	9.70e-17	2.84e-14	3.84e-12	3.34e-10	5.62e-07	5.68e-05	1.60e-03	1.24e-02	6.33e-02	1.36e-01	1.40e-01	1.43e-01	3.74e-01	1.18e-01	1.20e-02
 5.04601e+22	1.86e-31	4.15e-20	1.34e-16	3.70e-14	4.72e-12	3.89e-10	6.65e-07	6.70e-05	1.86e-03	1.40e-02	6.96e-02	1.45e-01	1.45e-01	1.42e-01	3.62e-01	1.10e-01	1.07e-02
 5.09969e+22	2.58e-31	5.46e-20	1.70e-16	4.53e-14	5.53e-12	4.39e-10	7.54e-07	7.59e-05	2.07e-03	1.53e-02	7.45e-02	1.53e-01	1.48e-01	1.42e-01	3.52e-01	1.04e-01	9.89e-03
 5.15450e+22	4.01e-31	7.88e-20	2.34e-16	5.89e-14	6.80e-12	5.12e-10	8.88e-07	8.91e-05	2.40e-03	1.72e-02	8.15e-02	1.62e-01	1.53e-01	1.41e-01	3.38e-01	9.61e-02	8.83e-03
 5.21074e+22	5.62e-31	1.05e-19	3.00e-16	7.24e-14	8.01e-12	5.80e-10	1.01e-06	1.01e-04	2.68e-03	1.88e-02	8.71e-02	1.70e-01	1.56e-01	1.40e-01	3.28e-01	9.04e-02	8.07e-03
 5.26884e+22	8.77e-31	1.51e-19	4.14e-16	9.46e-14	9.88e-12	6.79e-10	1.18e-06	1.18e-04	3.08e-03	2.10e-02	9.47e-02	1.80e-01	1.59e-01	1.38e-01	3.14e-01	8.33e-02	7.16e-03
 5.32812e+22	1.24e-30	2.02e-19	5.33e-16	1.17e-13	1.17e-11	7.71e-10	1.34e-06	1.33e-04	3.43e-03	2.29e-02	1.01e-01	1.88e-01	1.62e-01	1.36e-01	3.02e-01	7.79e-02	6.51e-03
 5.38891e+22	1.93e-30	2.92e-19	7.36e-16	1.53e-13	1.44e-11	9.06e-10	1.57e-06	1.56e-04	3.93e-03	2.54e-02	1.09e-01	1.97e-01	1.65e-01	1.34e-01	2.88e-01	7.14e-02	5.74e-03
 5.45015e+22	2.70e-30	3.88e-19	9.43e-16	1.88e-13	1.70e-11	1.03e-09	1.76e-06	1.75e-04	4.36e-03	2.75e-02	1.16e-01	2.05e-01	1.67e-01	1.32e-01	2.77e-01	6.66e-02	5.20e-03
 5.51196e+22	4.15e-30	5.55e-19	1.29e-15	2.44e-13	2.09e-11	1.20e-09	2.05e-06	2.02e-04	4.95e-03	3.04e-02	1.24e-01	2.14e-01	1.69e-01	1.29e-01	2.63e-01	6.08e-02	4.57e-03
 5.57536e+22	5.85e-30	7.39e-19	1.66e-15	3.01e-13	2.48e-11	1.37e-09	2.30e-06	2.26e-04	5.47e-03	3.28e-02	1.31e-01	2.21e-01	1.71e-01	1.26e-01	2.51e-01	5.65e-02	4.12e-03
 5.63024e+22	8.03e-30	9.59e-19	2.08e-15	3.64e-13	2.89e-11	1.54e-09	2.56e-06	2.51e-04	5.99e-03	3.51e-02	1.37e-01	2.28e-01	1.72e-01	1.24e-01	2.41e-01	5.27e-02	3.74e-03
 5.69101e+22	1.20e-29	1.34e-18	2.79e-15	4.65e-13	3.51e-11	1.79e-09	2.93e-06	2.85e-04	6.70e-03	3.83e-02	1.46e-01	2.36e-01	1.73e-01	1.21e-01	2.28e-01	4.81e-02	3.30e-03
 5.75259e+22	1.64e-29	1.73e-18	3.51e-15	5.63e-13	4.09e-11	2.02e-09	3.25e-06	3.15e-04	7.31e-03	4.08e-02	1.52e-01	2.42e-01	1.73e-01	1.18e-01	2.18e-01	4.47e-02	2.98e-03
 5.81521e+22	2.46e-29	2.42e-18	4.70e-15	7.20e-13	4.97e-11	2.35e-09	3.70e-06	3.58e-04	8.15e-03	4.43e-02	1.61e-01	2.49e-01	1.73e-01	1.15e-01	2.06e-01	4.06e-02	2.61e-03
 5.87880e+22	3.36e-29	3.12e-18	5.88e-15	8.70e-13	5.79e-11	2.64e-09	4.10e-06	3.94e-04	8.85e-03	4.71e-02	1.68e-01	2.55e-01	1.73e-01	1.12e-01	1.96e-01	3.77e-02	2.36e-03
 5.93452e+22	4.53e-29	4.00e-18	7.32e-15	1.05e-12	6.71e-11	2.97e-09	4.52e-06	4.32e-04	9.58e-03	5.00e-02	1.74e-01	2.60e-01	1.73e-01	1.09e-01	1.87e-01	3.50e-02	2.13e-03
 5.99784e+22	6.74e-29	5.53e-18	9.72e-15	1.33e-12	8.12e-11	3.44e-09	5.11e-06	4.86e-04	1.06e-02	5.38e-02	1.83e-01	2.66e-01	1.72e-01	1.05e-01	1.76e-01	3.17e-02	1.86e-03
 6.06092e+22	8.96e-29	6.96e-18	1.19e-14	1.58e-12	9.35e-11	3.84e-09	5.60e-06	5.29e-04	1.14e-02	5.67e-02	1.89e-01	2.70e-01	1.71e-01	1.02e-01	1.68e-01	2.95e-02	1.69e-03
 6.12369e+22	1.31e-28	9.49e-18	1.56e-14	1.98e-12	1.12e-10	4.43e-09	6.30e-06	5.91e-04	1.25e-02	6.08e-02	1.97e-01	2.76e-01	1.70e-01	9.85e-02	1.57e-01	2.67e-02	1.48e-03
 6.18768e+22	1.75e-28	1.20e-17	1.92e-14	2.36e-12	1.30e-10	4.96e-09	6.90e-06	6.43e-04	1.35e-02	6.40e-02	2.03e-01	2.79e-01	1.68e-01	9.56e-02	1.49e-01	2.47e-02	1.33e-03
 6.25328e+22	2.57e-28	1.63e-17	2.53e-14	2.97e-12	1.56e-10	5.74e-09	7.76e-06	7.18e-04	1.48e-02	6.83e-02	2.12e-01	2.84e-01	1.66e-01	9.18e-02	1.40e-01	2.23e-02	1.16e-03
 6.32012e+22	3.47e-28	2.07e-17	3.12e-14	3.55e-12	1.81e-10	6.44e-09	8.51e-06	7.81e-04	1.58e-02	7.18e-02	2.18e-01	2.87e-01	1.64e-01	8.88e-02	1.32e-01	2.06e-02	1.04e-03
 6.38858e+22	3.62e-29	2.83e-17	4.11e-14	4.49e-12	2.18e-10	7.47e-09	9.57e-06	8.71e-04	1.73e-02	7.66e-02	2.26e-01	2.90e-01	1.62e-01	8.49e-02	1.23e-01	1.84e-02	9.03e-04
 6.45830e+22	4.76e-29	3.60e-17	5.08e-14	5.37e-12	2.53e-10	8.40e-09	1.05e-05	9.47e-04	1.86e-02	8.04e-02	2.32e-01	2.93e-01	1.60e-01	8.19e-02	1.16e-01	1.69e-02	8.07e-04
 6.52967e+22	6.83e-29	4.93e-17	6.71e-14	6.80e-12	3.06e-10	9.77e-09	1.18e-05	1.06e-03	2.03e-02	8.55e-02	2.40e-01	2.95e-01	1.57e-01	7.80e-02	1.08e-01	1.51e-02	6.95e-04
 6.59944e+22	8.72e-29	6.10e-17	8.11e-14	8.00e-12	3.50e-10	1.09e-08	1.29e-05	1.14e-03	2.16e-02	8.92e-02	2.45e-01	2.97e-01	1.54e-01	7.53e-02	1.02e-01	1.40e-02	6.28e-04
 6.66712e+22	1.23e-28	8.21e-17	1.05e-13	9.99e-12	4.19e-10	1.25e-08	1.44e-05	1.26e-03	2.35e-02	9.42e-02	2.52e-01	2.98e-01	1.51e-01	7.17e-02	9.47e-02	1.25e-02	5.43e-04
 6.73583e+22	1.57e-28	1.02e-16	1.27e-13	1.18e-11	4.80e-10	1.40e-08	1.57e-05	1.36e-03	2.49e-02	9.81e-02	2.58e-01	2.99e-01	1.48e-01	6.91e-02	8.95e-02	1.16e-02	4.89e-04
 6.80587e+22	2.18e-28	1.35e-16	1.65e-13	1.46e-11	5.74e-10	1.61e-08	1.75e-05	1.49e-03	2.70e-02	1.03e-01	2.64e-01	3.00e-01	1.45e-01	6.56e-02	8.29e-02	1.04e-02	4.23e-04
 6.87808e+22	2.85e-28	1.71e-16	2.03e-13	1.75e-11	6.64e-10	1.81e-08	1.91e-05	1.62e-03	2.87e-02	1.08e-01	2.70e-01	3.00e-01	1.42e-01	6.29e-02	7.79e-02	9.45e-03	3.76e-04
 6.95311e+22	3.98e-28	2.29e-16	2.62e-13	2.18e-11	7.98e-10	2.10e-08	2.14e-05	1.79e-03	3.11e-02	1.14e-01	2.76e-01	3.00e-01	1.38e-01	5.95e-02	7.18e-02	8.42e-03	3.23e-04
 7.03056e+22	5.29e-28	2.93e-16	3.27e-13	2.63e-11	9.32e-10	2.38e-08	2.36e-05	1.94e-03	3.32e-02	1.18e-01	2.81e-01	2.99e-01	1.34e-01	5.68e-02	6.70e-02	7.63e-03	2.85e-04
 7.11116e+22	7.49e-28	3.96e-16	4.28e-13	3.32e-11	1.13e-09	2.78e-08	2.66e-05	2.15e-03	3.60e-02	1.25e-01	2.87e-01	2.98e-01	1.30e-01	5.34e-02	6.14e-02	6.74e-03	2.43e-04
 7.19391e+22	1.00e-27	5.10e-16	5.36e-13	4.03e-11	1.33e-09	3.16e-08	2.94e-05	2.34e-03	3.84e-02	1.30e-01	2.92e-01	2.96e-01	1.26e-01	5.07e-02	5.70e-02	6.07e-03	2.12e-04
 7.27943e+22	1.44e-27	6.96e-16	7.08e-13	5.12e-11	1.62e-09	3.71e-08	3.33e-05	2.60e-03	4.17e-02	1.37e-01	2.98e-01	2.94e-01	1.22e-01	4.75e-02	5.20e-02	5.33e-03	1.79e-04
 7.36770e+22	1.95e-27	9.06e-16	8.95e-13	6.27e-11	1.92e-09	4.26e-08	3.70e-05	2.84e-03	4.46e-02	1.43e-01	3.03e-01	2.92e-01	1.18e-01	4.48e-02	4.80e-02	4.76e-03	1.55e-04
 7.45954e+22	2.84e-27	1.25e-15	1.20e-12	8.06e-11	2.36e-09	5.04e-08	4.21e-05	3.17e-03	4.84e-02	1.50e-01	3.08e-01	2.89e-01	1.13e-01	4.17e-02	4.34e-02	4.14e-03	1.30e-04
 7.55436e+22	3.92e-27	1.65e-15	1.53e-12	9.98e-11	2.82e-09	5.83e-08	4.70e-05	3.47e-03	5.19e-02	1.56e-01	3.12e-01	2.85e-01	1.09e-01	3.91e-02	3.97e-02	3.67e-03	1.11e-04
 7.63989e+22	5.30e-27	2.14e-15	1.93e-12	1.22e-10	3.34e-09	6.69e-08	5.23e-05	3.79e-03	5.54e-02	1.62e-01	3.15e-01	2.82e-01	1.05e-01	3.68e-02	3.65e-02	3.27e-03	9.59e-05
 7.73791e+22	7.97e-27	3.04e-15	2.64e-12	1.60e-10	4.18e-09	8.01e-08	6.00e-05	4.24e-03	6.02e-02	1.70e-01	3.20e-01	2.77e-01	9.92e-02	3.39e-02	3.26e-02	2.79e-03	7.84e-05
 7.83676e+22	1.08e-26	3.93e-15	3.33e-12	1.96e-10	4.96e-09	9.21e-08	6.68e-05	4.62e-03	6.42e-02	1.77e-01	3.22e-01	2.73e-01	9.52e-02	3.17e-02	2.99e-02	2.48e-03	6.74e-05
 7.93667e+22	1.61e-26	5.55e-15	4.53e-12	2.55e-10	6.18e-09	1.10e-07	7.66e-05	5.16e-03	6.96e-02	1.85e-01	3.25e-01	2.67e-01	9.01e-02	2.91e-02	2.66e-02	2.11e-03	5.51e-05
 8.03870e+22	2.23e-26	7.32e-15	5.81e-12	3.16e-10	7.40e-09	1.27e-07	8.56e-05	5.65e-03	7.42e-02	1.92e-01	3.27e-01	2.62e-01	8.59e-02	2.71e-02	2.42e-02	1.85e-03	4.67e-05
 8.14350e+22	3.35e-26	1.04e-14	7.95e-12	4.15e-10	9.28e-09	1.53e-07	9.84e-05	6.31e-03	8.04e-02	2.00e-01	3.29e-01	2.55e-01	8.09e-02	2.47e-02	2.14e-02	1.57e-03	3.78e-05
 8.25051e+22	4.72e-26	1.39e-14	1.03e-11	5.20e-10	1.12e-08	1.79e-07	1.10e-04	6.92e-03	8.59e-02	2.07e-01	3.31e-01	2.49e-01	7.67e-02	2.28e-02	1.92e-02	1.36e-03	3.16e-05
 8.34567e+22	6.57e-26	1.85e-14	1.33e-11	6.48e-10	1.35e-08	2.07e-07	1.23e-04	7.56e-03	9.15e-02	2.14e-01	3.31e-01	2.44e-01	7.28e-02	2.11e-02	1.74e-02	1.18e-03	2.65e-05
 8.45469e+22	1.01e-25	2.69e-14	1.86e-11	8.63e-10	1.71e-08	2.51e-07	1.43e-04	8.47e-03	9.91e-02	2.22e-01	3.31e-01	2.36e-01	6.78e-02	1.91e-02	1.51e-02	9.83e-04	2.10e-05
 8.55827e+22	1.34e-25	3.44e-14	2.32e-11	1.04e-09	2.00e-08	2.86e-07	1.57e-04	9.15e-03	1.04e-01	2.28e-01	3.31e-01	2.30e-01	6.46e-02	1.78e-02	1.38e-02	8.69e-04	1.80e-05
 8.65480e+22	1.98e-25	4.83e-14	3.13e-11	1.35e-09	2.48e-08	3.40e-07	1.79e-04	1.01e-02	1.12e-01	2.36e-01	3.30e-01	2.23e-01	6.04e-02	1.61e-02	1.22e-02	7.32e-04	1.45e-05
 8.75153e+22	2.63e-25	6.20e-14	3.91e-11	1.64e-09	2.91e-08	3.87e-07	1.97e-04	1.09e-02	1.18e-01	2.41e-01	3.29e-01	2.17e-01	5.74e-02	1.50e-02	1.11e-02	6.44e-04	1.23e-05
 8.84854e+22	3.83e-25	8.63e-14	5.25e-11	2.11e-09	3.59e-08	4.59e-07	2.23e-04	1.20e-02	1.26e-01	2.49e-01	3.27e-01	2.09e-01	5.36e-02	1.36e-02	9.73e-03	5.42e-04	9.96e-06
 8.94780e+22	5.21e-25	1.13e-13	6.69e-11	2.60e-09	4.26e-08	5.28e-07	2.48e-04	1.30e-02	1.33e-01	2.54e-01	3.24e-01	2.03e-01	5.05e-02	1.26e-02	8.74e-03	4.70e-04	8.33e-06
 9.04999e+22	7.76e-25	1.62e-13	9.18e-11	3.40e-09	5.34e-08	6.34e-07	2.84e-04	1.44e-02	1.42e-01	2.61e-01	3.21e-01	1.95e-01	4.68e-02	1.13e-02	7.60e-03	3.89e-04	6.58e-06
 9.15275e+22	1.05e-24	2.12e-13	1.17e-10	4.19e-09	6.35e-08	7.31e-07	3.15e-04	1.56e-02	1.49e-01	2.67e-01	3.18e-01	1.89e-01	4.40e-02	1.04e-02	6.81e-03	3.37e-04	5.49e-06
 9.25626e+22	1.56e-24	3.04e-13	1.61e-10	5.51e-09	7.97e-08	8.81e-07	3.61e-04	1.73e-02	1.60e-01	2.73e-01	3.13e-01	1.80e-01	4.05e-02	9.27e-03	5.88e-03	2.77e-04	4.30e-06
 9.36173e+22	2.15e-24	4.06e-13	2.08e-10	6.88e-09	9.59e-08	1.02e-06	4.04e-04	1.88e-02	1.68e-01	2.78e-01	3.09e-01	1.73e-01	3.78e-02	8.46e-03	5.22e-03	2.36e-04	3.53e-06
 9.46974e+22	3.22e-24	5.91e-13	2.91e-10	9.17e-09	1.22e-07	1.25e-06	4.66e-04	2.09e-02	1.80e-01	2.85e-01	3.03e-01	1.65e-01	3.45e-02	7.49e-03	4.46e-03	1.91e-04	2.71e-06
 9.57986e+22	4.48e-24	8.00e-13	3.80e-10	1.16e-08	1.48e-07	1.47e-06	5.25e-04	2.28e-02	1.89e-01	2.89e-01	2.98e-01	1.58e-01	3.20e-02	6.78e-03	3.91e-03	1.61e-04	2.19e-06
 9.69269e+22	6.78e-24	1.19e-12	5.40e-10	1.57e-08	1.91e-07	1.81e-06	6.13e-04	2.56e-02	2.02e-01	2.94e-01	2.90e-01	1.49e-01	2.90e-02	5.95e-03	3.30e-03	1.28e-04	1.65e-06
 9.80693e+22	9.46e-24	1.62e-12	7.12e-10	1.99e-08	2.34e-07	2.15e-06	6.94e-04	2.80e-02	2.13e-01	2.98e-01	2.84e-01	1.41e-01	2.67e-02	5.34e-03	2.87e-03	1.07e-04	1.32e-06
 9.90324e+22	1.27e-23	2.14e-12	9.16e-10	2.48e-08	2.82e-07	2.51e-06	7.77e-04	3.04e-02	2.23e-01	3.01e-01	2.77e-01	1.35e-01	2.47e-02	4.84e-03	2.52e-03	9.03e-05	1.07e-06
 1.00087e+23	1.84e-23	3.09e-12	1.27e-09	3.30e-08	3.59e-07	3.08e-06	9.03e-04	3.39e-02	2.37e-01	3.04e-01	2.69e-01	1.27e-01	2.23e-02	4.24e-03	2.13e-03	7.22e-05	8.11e-07
 1.01148e+23	2.47e-23	4.09e-12	1.63e-09	4.12e-08	4.35e-07	3.62e-06	1.02e-03	3.68e-02	2.47e-01	3.06e-01	2.62e-01	1.20e-01	2.05e-02	3.82e-03	1.86e-03	6.05e-05	6.51e-07
 1.02183e+23	3.46e-23	5.76e-12	2.22e-09	5.40e-08	5.49e-07	4.42e-06	1.18e-03	4.09e-02	2.61e-01	3.08e-01	2.52e-01	1.13e-01	1.85e-02	3.35e-03	1.57e-03	4.85e-05	4.96e-07
 1.03238e+23	4.65e-23	7.69e-12	2.88e-09	6.80e-08	6.71e-07	5.24e-06	1.33e-03	4.47e-02	2.73e-01	3.09e-01	2.44e-01	1.06e-01	1.68e-02	2.99e-03	1.36e-03	4.01e-05	3.93e-07
 1.04276e+23	6.32e-23	1.06e-11	3.87e-09	8.85e-08	8.43e-07	6.39e-06	1.54e-03	4.95e-02	2.87e-01	3.09e-01	2.35e-01	9.92e-02	1.51e-02	2.62e-03	1.14e-03	3.21e-05	2.99e-07
 1.05335e+23	8.28e-23	1.43e-11	5.05e-09	1.12e-07	1.04e-06	7.66e-06	1.76e-03	5.43e-02	3.00e-01	3.09e-01	2.26e-01	9.28e-02	1.36e-02	2.31e-03	9.77e-04	2.61e-05	2.32e-07
 1.06374e+23	1.11e-22	1.92e-11	6.64e-09	1.44e-07	1.29e-06	9.27e-06	2.02e-03	5.98e-02	3.13e-01	3.08e-01	2.16e-01	8.62e-02	1.22e-02	2.02e-03	8.24e-04	2.10e-05	1.78e-07
 1.07424e+23	1.46e-22	2.56e-11	8.64e-09	1.83e-07	1.60e-06	1.12e-05	2.32e-03	6.57e-02	3.26e-01	3.06e-01	2.06e-01	8.01e-02	1.09e-02	1.77e-03	6.96e-04	1.69e-05	1.36e-07
 1.08461e+23	1.90e-22	3.39e-11	1.12e-08	2.32e-07	1.97e-06	1.35e-05	2.66e-03	7.21e-02	3.39e-01	3.03e-01	1.97e-01	7.41e-02	9.77e-03	1.54e-03	5.86e-04	1.36e-05	0.00e+00
 1.09495e+23	2.44e-22	4.44e-11	1.44e-08	2.93e-07	2.43e-06	1.62e-05	3.04e-03	7.91e-02	3.52e-01	3.00e-01	1.87e-01	6.84e-02	8.70e-03	1.35e-03	4.93e-04	1.09e-05	0.00e+00
 1.10532e+23	3.14e-22	5.78e-11	1.84e-08	3.70e-07	2.99e-06	1.95e-05	3.48e-03	8.66e-02	3.65e-01	2.96e-01	1.77e-01	6.29e-02	7.72e-03	1.17e-03	4.13e-04	8.67e-06	0.00e+00
 1.11571e+23	4.01e-22	7.46e-11	2.34e-08	4.63e-07	3.66e-06	2.34e-05	3.98e-03	9.47e-02	3.77e-01	2.91e-01	1.67e-01	5.77e-02	6.83e-03	1.01e-03	3.45e-04	6.91e-06	0.00e+00
 1.12614e+23	5.11e-22	9.57e-11	2.96e-08	5.80e-07	4.49e-06	2.81e-05	4.54e-03	1.03e-01	3.89e-01	2.86e-01	1.58e-01	5.27e-02	6.03e-03	8.70e-04	2.87e-04	5.48e-06	0.00e+00
 1.13666e+23	6.50e-22	1.22e-10	3.73e-08	7.23e-07	5.48e-06	3.37e-05	5.18e-03	1.13e-01	4.00e-01	2.80e-01	1.48e-01	4.80e-02	5.30e-03	7.48e-04	2.38e-04	4.33e-06	0.00e+00
 1.14728e+23	8.28e-22	1.54e-10	4.69e-08	8.99e-07	6.68e-06	4.04e-05	5.90e-03	1.23e-01	4.10e-01	2.73e-01	1.39e-01	4.36e-02	4.64e-03	6.40e-04	1.97e-04	3.41e-06	0.00e+00
 1.15797e+23	1.05e-21	1.93e-10	5.84e-08	1.11e-06	8.12e-06	4.83e-05	6.71e-03	1.33e-01	4.20e-01	2.66e-01	1.29e-01	3.95e-02	4.06e-03	5.46e-04	1.62e-04	2.68e-06	0.00e+00
 1.16882e+23	1.35e-21	2.41e-10	7.27e-08	1.38e-06	9.88e-06	5.79e-05	7.63e-03	1.45e-01	4.29e-01	2.59e-01	1.20e-01	3.55e-02	3.52e-03	4.63e-04	1.33e-04	2.09e-06	0.00e+00
 1.17977e+23	1.74e-21	2.98e-10	8.97e-08	1.69e-06	1.19e-05	6.89e-05	8.64e-03	1.56e-01	4.37e-01	2.51e-01	1.12e-01	3.19e-02	3.06e-03	3.92e-04	1.09e-04	1.63e-06	0.00e+00
 1.19096e+23	2.28e-21	3.70e-10	1.11e-07	2.09e-06	1.45e-05	8.26e-05	9.82e-03	1.69e-01	4.45e-01	2.42e-01	1.03e-01	2.85e-02	2.63e-03	3.29e-04	8.84e-05	1.26e-06	0.00e+00
 1.20233e+23	3.00e-21	4.52e-10	1.36e-07	2.56e-06	1.75e-05	9.83e-05	1.11e-02	1.82e-01	4.51e-01	2.33e-01	9.50e-02	2.54e-02	2.27e-03	2.77e-04	7.18e-05	9.72e-07	0.00e+00
 1.21274e+23	3.88e-21	5.33e-10	1.61e-07	3.03e-06	2.04e-05	1.14e-04	1.23e-02	1.93e-01	4.55e-01	2.25e-01	8.86e-02	2.31e-02	2.00e-03	2.38e-04	6.02e-05	7.82e-07	0.00e+00
 1.22360e+23	6.30e-19	6.51e-10	1.98e-07	3.73e-06	2.47e-05	1.36e-04	1.39e-02	2.08e-01	4.59e-01	2.16e-01	8.08e-02	2.03e-02	1.70e-03	1.97e-04	4.80e-05	5.91e-07	0.00e+00
 1.23464e+23	9.11e-19	7.62e-10	2.33e-07	4.39e-06	2.88e-05	1.57e-04	1.54e-02	2.20e-01	4.62e-01	2.08e-01	7.50e-02	1.83e-02	1.49e-03	1.69e-04	4.00e-05	4.72e-07	0.00e+00
 1.24603e+23	1.18e-18	9.27e-10	2.86e-07	5.40e-06	3.49e-05	1.88e-04	1.74e-02	2.36e-01	4.63e-01	1.97e-01	6.78e-02	1.60e-02	1.25e-03	1.38e-04	3.15e-05	3.52e-07	0.00e+00
 1.25747e+23	1.43e-18	1.08e-09	3.34e-07	6.33e-06	4.04e-05	2.16e-04	1.91e-02	2.49e-01	4.64e-01	1.89e-01	6.27e-02	1.43e-02	1.09e-03	1.17e-04	2.62e-05	2.81e-07	0.00e+00
 1.26899e+23	1.83e-18	1.29e-09	4.06e-07	7.73e-06	4.86e-05	2.59e-04	2.16e-02	2.66e-01	4.63e-01	1.79e-01	5.64e-02	1.25e-02	9.12e-04	9.54e-05	2.05e-05	2.08e-07	0.00e+00
 1.28054e+23	2.21e-18	1.49e-09	4.72e-07	8.99e-06	5.59e-05	2.95e-04	2.35e-02	2.79e-01	4.62e-01	1.71e-01	5.20e-02	1.12e-02	7.96e-04	8.13e-05	1.71e-05	1.66e-07	0.00e+00
 1.29214e+23	2.79e-18	1.77e-09	5.69e-07	1.09e-05	6.67e-05	3.50e-04	2.64e-02	2.96e-01	4.59e-01	1.61e-01	4.67e-02	9.67e-03	6.65e-04	6.59e-05	1.34e-05	1.23e-07	0.00e+00
 1.30386e+23	3.37e-18	2.02e-09	6.58e-07	1.26e-05	7.65e-05	3.98e-04	2.87e-02	3.09e-01	4.56e-01	1.54e-01	4.29e-02	8.64e-03	5.78e-04	5.60e-05	1.11e-05	0.00e+00	0.00e+00
 1.31573e+23	4.24e-18	2.39e-09	7.89e-07	1.52e-05	9.09e-05	4.70e-04	3.21e-02	3.26e-01	4.51e-01	1.44e-01	3.83e-02	7.45e-03	4.80e-04	4.51e-05	8.64e-06	0.00e+00	0.00e+00
 1.32776e+23	5.12e-18	2.73e-09	9.12e-07	1.76e-05	1.04e-04	5.34e-04	3.48e-02	3.39e-01	4.46e-01	1.37e-01	3.51e-02	6.62e-03	4.15e-04	3.81e-05	7.12e-06	0.00e+00	0.00e+00
 1.33999e+23	6.44e-18	3.21e-09	1.09e-06	2.12e-05	1.23e-04	6.30e-04	3.87e-02	3.56e-01	4.39e-01	1.28e-01	3.12e-02	5.68e-03	3.43e-04	3.06e-05	5.52e-06	0.00e+00	0.00e+00
 1.35243e+23	7.81e-18	3.66e-09	1.26e-06	2.45e-05	1.40e-04	7.15e-04	4.20e-02	3.70e-01	4.33e-01	1.21e-01	2.84e-02	5.02e-03	2.95e-04	2.56e-05	4.51e-06	0.00e+00	0.00e+00
 1.36517e+23	9.88e-18	4.30e-09	1.51e-06	2.94e-05	1.66e-04	8.42e-04	4.66e-02	3.87e-01	4.24e-01	1.12e-01	2.50e-02	4.27e-03	2.42e-04	2.04e-05	3.47e-06	0.00e+00	0.00e+00
 1.37819e+23	1.21e-17	4.93e-09	1.75e-06	3.41e-05	1.90e-04	9.56e-04	5.05e-02	4.01e-01	4.16e-01	1.05e-01	2.26e-02	3.75e-03	2.07e-04	1.69e-05	2.81e-06	0.00e+00	0.00e+00
 1.39158e+23	1.55e-17	5.81e-09	2.10e-06	4.11e-05	2.25e-04	1.13e-03	5.60e-02	4.18e-01	4.05e-01	9.68e-02	1.98e-02	3.16e-03	1.68e-04	1.33e-05	2.13e-06	0.00e+00	0.00e+00
 1.40526e+23	1.92e-17	6.68e-09	2.44e-06	4.77e-05	2.57e-04	1.28e-03	6.06e-02	4.31e-01	3.96e-01	9.06e-02	1.78e-02	2.76e-03	1.42e-04	1.10e-05	1.71e-06	0.00e+00	0.00e+00
 1.41677e+23	2.32e-17	7.53e-09	2.78e-06	5.43e-05	2.88e-04	1.43e-03	6.49e-02	4.42e-01	3.87e-01	8.53e-02	1.62e-02	2.44e-03	1.23e-04	9.26e-06	1.41e-06	0.00e+00	0.00e+00
 1.42918e+23	2.93e-17	8.75e-09	3.28e-06	6.40e-05	3.34e-04	1.65e-03	7.08e-02	4.56e-01	3.76e-01	7.87e-02	1.43e-02	2.09e-03	1.01e-04	7.41e-06	1.09e-06	0.00e+00	0.00e+00
 1.44130e+23	3.53e-17	9.81e-09	3.71e-06	7.21e-05	3.71e-04	1.82e-03	7.52e-02	4.66e-01	3.67e-01	7.43e-02	1.31e-02	1.86e-03	8.79e-05	6.31e-06	9.12e-07	0.00e+00	0.00e+00
 1.45302e+23	4.41e-17	1.12e-08	4.32e-06	8.39e-05	4.24e-04	2.08e-03	8.14e-02	4.79e-01	3.56e-01	6.87e-02	1.16e-02	1.60e-03	7.31e-05	5.11e-06	7.16e-07	0.00e+00	0.00e+00
 1.46486e+23	5.42e-17	1.27e-08	4.90e-06	9.46e-05	4.70e-04	2.29e-03	8.62e-02	4.87e-01	3.47e-01	6.47e-02	1.06e-02	1.42e-03	6.36e-05	4.35e-06	5.97e-07	0.00e+00	0.00e+00
 1.47685e+23	6.90e-17	1.46e-08	5.71e-06	1.10e-04	5.36e-04	2.61e-03	9.30e-02	4.99e-01	3.35e-01	5.96e-02	9.35e-03	1.22e-03	5.28e-05	3.51e-06	4.68e-07	0.00e+00	0.00e+00
 1.48900e+23	8.63e-17	1.65e-08	6.49e-06	1.24e-04	5.95e-04	2.88e-03	9.84e-02	5.07e-01	3.26e-01	5.60e-02	8.50e-03	1.08e-03	4.56e-05	2.97e-06	3.87e-07	0.00e+00	0.00e+00
 1.50138e+23	1.13e-16	1.92e-08	7.60e-06	1.45e-04	6.78e-04	3.27e-03	1.06e-01	5.17e-01	3.13e-01	5.14e-02	7.48e-03	9.21e-04	3.76e-05	2.38e-06	3.01e-07	0.00e+00	0.00e+00
 1.51394e+23	1.45e-16	2.18e-08	8.67e-06	1.63e-04	7.52e-04	3.60e-03	1.12e-01	5.24e-01	3.04e-01	4.81e-02	6.78e-03	8.13e-04	3.24e-05	2.01e-06	2.48e-07	0.00e+00	0.00e+00
 1.52674e+23	1.97e-16	2.55e-08	1.02e-05	1.91e-04	8.58e-04	4.09e-03	1.20e-01	5.33e-01	2.91e-01	4.39e-02	5.93e-03	6.89e-04	2.65e-05	1.60e-06	1.92e-07	0.00e+00	0.00e+00
 1.53976e+23	2.66e-16	2.93e-08	1.17e-05	2.16e-04	9.52e-04	4.50e-03	1.27e-01	5.39e-01	2.81e-01	4.09e-02	5.36e-03	6.06e-04	2.28e-05	1.34e-06	1.57e-07	0.00e+00	0.00e+00
 1.55306e+23	3.83e-16	3.44e-08	1.38e-05	2.53e-04	1.09e-03	5.12e-03	1.37e-01	5.47e-01	2.68e-01	3.71e-02	4.66e-03	5.09e-04	1.85e-05	1.06e-06	1.20e-07	0.00e+00	0.00e+00
 1.56664e+23	5.57e-16	3.99e-08	1.60e-05	2.88e-04	1.21e-03	5.64e-03	1.44e-01	5.52e-01	2.58e-01	3.45e-02	4.18e-03	4.45e-04	1.57e-05	8.81e-07	0.00e+00	0.00e+00	0.00e+00
 1.58057e+23	8.96e-16	4.74e-08	1.90e-05	3.39e-04	1.38e-03	6.42e-03	1.54e-01	5.58e-01	2.45e-01	3.11e-02	3.61e-03	3.71e-04	1.26e-05	6.88e-07	0.00e+00	0.00e+00	0.00e+00
 1.59487e+23	1.47e-15	5.54e-08	2.21e-05	3.87e-04	1.54e-03	7.09e-03	1.63e-01	5.62e-01	2.34e-01	2.86e-02	3.21e-03	3.21e-04	1.06e-05	5.66e-07	0.00e+00	0.00e+00	0.00e+00
 1.60965e+23	3.06e-15	6.72e-08	2.67e-05	4.59e-04	1.77e-03	8.08e-03	1.75e-01	5.66e-01	2.21e-01	2.57e-02	2.75e-03	2.65e-04	8.47e-06	4.37e-07	0.00e+00	0.00e+00	0.00e+00
 1.62463e+23	6.97e-15	7.93e-08	3.12e-05	5.27e-04	1.97e-03	8.91e-03	1.84e-01	5.68e-01	2.11e-01	2.36e-02	2.44e-03	2.29e-04	7.09e-06	3.57e-07	0.00e+00	0.00e+00	0.00e+00
 1.63987e+23	2.26e-14	9.70e-08	3.79e-05	6.26e-04	2.26e-03	1.01e-02	1.96e-01	5.69e-01	1.98e-01	2.10e-02	2.07e-03	1.88e-04	5.60e-06	2.74e-07	0.00e+00	0.00e+00	0.00e+00
 1.65527e+23	1.17e-16	1.15e-07	4.44e-05	7.19e-04	2.52e-03	1.12e-02	2.06e-01	5.70e-01	1.88e-01	1.92e-02	1.83e-03	1.61e-04	4.67e-06	2.23e-07	0.00e+00	0.00e+00	0.00e+00
 1.67088e+23	1.55e-16	1.43e-07	5.42e-05	8.56e-04	2.88e-03	1.27e-02	2.20e-01	5.69e-01	1.76e-01	1.70e-02	1.55e-03	1.31e-04	3.66e-06	1.70e-07	0.00e+00	0.00e+00	0.00e+00
 1.68676e+23	2.06e-16	1.71e-07	6.40e-05	9.85e-04	3.22e-03	1.40e-02	2.30e-01	5.68e-01	1.67e-01	1.55e-02	1.36e-03	1.12e-04	3.04e-06	1.38e-07	0.00e+00	0.00e+00	0.00e+00
 1.70071e+23	2.68e-16	2.04e-07	7.49e-05	1.13e-03	3.57e-03	1.54e-02	2.41e-01	5.66e-01	1.57e-01	1.41e-02	1.20e-03	9.56e-05	2.51e-06	0.00e+00	0.00e+00	0.00e+00	0.00e+00
 1.71662e+23	3.81e-16	2.56e-07	9.20e-05	1.34e-03	4.08e-03	1.73e-02	2.55e-01	5.62e-01	1.46e-01	1.25e-02	1.01e-03	7.80e-05	1.97e-06	0.00e+00	0.00e+00	0.00e+00	0.00e+00
 1.73284e+23	5.11e-16	3.07e-07	1.09e-04	1.55e-03	4.54e-03	1.91e-02	2.67e-01	5.58e-01	1.38e-01	1.12e-02	8.81e-04	6.58e-05	1.61e-06	0.00e+00	0.00e+00	0.00e+00	0.00e+00
 1.74602e+23	6.60e-16	3.62e-07	1.25e-04	1.75e-03	4.97e-03	2.06e-02	2.77e-01	5.54e-01	1.31e-01	1.03e-02	7.84e-04	5.71e-05	1.36e-06	0.00e+00	0.00e+00	0.00e+00	0.00e+00
 1.75970e+23	9.08e-16	4.40e-07	1.49e-04	2.01e-03	5.52e-03	2.26e-02	2.89e-01	5.48e-01	1.23e-01	9.28e-03	6.83e-04	4.82e-05	1.12e-06	0.00e+00	0.00e+00	0.00e+00	0.00e+00
 1.77410e+23	1.21e-15	5.25e-07	1.73e-04	2.29e-03	6.07e-03	2.46e-02	3.00e-01	5.43e-01	1.16e-01	8.44e-03	6.02e-04	4.14e-05	9.33e-07	0.00e+00	0.00e+00	0.00e+00	0.00e+00
 1.78731e+23	1.63e-15	6.23e-07	2.02e-04	2.59e-03	6.65e-03	2.66e-02	3.10e-01	5.36e-01	1.09e-01	7.69e-03	5.31e-04	3.56e-05	7.81e-07	0.00e+00	0.00e+00	0.00e+00	0.00e+00
 1.80237e+23	2.37e-15	7.77e-07	2.44e-04	3.03e-03	7.45e-03	2.93e-02	3.23e-01	5.28e-01	1.01e-01	6.84e-03	4.54e-04	2.94e-05	6.25e-07	0.00e+00	0.00e+00	0.00e+00	0.00e+00
 1.81783e+23	3.41e-15	9.39e-07	2.87e-04	3.46e-03	8.22e-03	3.20e-02	3.35e-01	5.20e-01	9.45e-02	6.14e-03	3.95e-04	2.48e-05	5.11e-07	0.00e+00	0.00e+00	0.00e+00	0.00e+00
 1.83142e+23	4.65e-15	1.12e-06	3.34e-04	3.92e-03	8.99e-03	3.45e-02	3.46e-01	5.12e-01	8.88e-02	5.57e-03	3.47e-04	2.13e-05	4.27e-07	0.00e+00	0.00e+00	0.00e+00	0.00e+00
 1.84666e+23	7.24e-15	1.41e-06	4.04e-04	4.57e-03	1.00e-02	3.78e-02	3.59e-01	5.01e-01	8.20e-02	4.94e-03	2.96e-04	1.76e-05	3.40e-07	0.00e+00	0.00e+00	0.00e+00	0.00e+00
 1.86267e+23	1.15e-14	1.72e-06	4.79e-04	5.25e-03	1.11e-02	4.12e-02	3.71e-01	4.91e-01	7.60e-02	4.40e-03	2.55e-04	1.47e-05	2.75e-07	0.00e+00	0.00e+00	0.00e+00	0.00e+00
 1.87718e+23	1.68e-14	2.08e-06	5.62e-04	5.97e-03	1.21e-02	4.44e-02	3.81e-01	4.81e-01	7.09e-02	3.96e-03	2.22e-04	1.24e-05	2.27e-07	0.00e+00	0.00e+00	0.00e+00	0.00e+00
 1.89355e+23	3.00e-14	2.66e-06	6.88e-04	7.01e-03	1.36e-02	4.88e-02	3.94e-01	4.67e-01	6.48e-02	3.46e-03	1.87e-04	1.01e-05	1.78e-07	0.00e+00	0.00e+00	0.00e+00	0.00e+00
 1.91044e+23	6.26e-14	3.28e-06	8.21e-04	8.07e-03	1.50e-02	5.30e-02	4.05e-01	4.55e-01	5.96e-02	3.06e-03	1.60e-04	8.36e-06	1.43e-07	0.00e+00	0.00e+00	0.00e+00	0.00e+00
 1.92550e+23	1.14e-13	4.01e-06	9.68e-04	9.20e-03	1.64e-02	5.70e-02	4.16e-01	4.43e-01	5.51e-02	2.73e-03	1.38e-04	7.01e-06	0.00e+00	0.00e+00	0.00e+00	0.00e+00	0.00e+00
 1.94252e+23	2.76e-13	5.15e-06	1.19e-03	1.08e-02	1.84e-02	6.25e-02	4.28e-01	4.27e-01	4.99e-02	2.37e-03	1.15e-04	5.62e-06	0.00e+00	0.00e+00	0.00e+00	0.00e+00	0.00e+00
 1.96023e+23	1.31e-12	6.44e-06	1.43e-03	1.25e-02	2.03e-02	6.77e-02	4.38e-01	4.13e-01	4.55e-02	2.07e-03	9.68e-05	4.60e-06	0.00e+00	0.00e+00	0.00e+00	0.00e+00	0.00e+00
 1.97616e+23	4.23e-12	7.95e-06	1.69e-03	1.43e-02	2.22e-02	7.28e-02	4.47e-01	3.99e-01	4.16e-02	1.83e-03	8.26e-05	3.81e-06	0.00e+00	0.00e+00	0.00e+00	0.00e+00	0.00e+00
 1.99422e+23	1.77e-11	1.04e-05	2.11e-03	1.69e-02	2.49e-02	7.96e-02	4.57e-01	3.81e-01	3.71e-02	1.56e-03	6.74e-05	2.99e-06	0.00e+00	0.00e+00	0.00e+00	0.00e+00	0.00e+00
 2.01284e+23	4.26e-11	1.31e-05	2.53e-03	1.95e-02	2.73e-02	8.58e-02	4.65e-01	3.65e-01	3.35e-02	1.36e-03	5.65e-05	2.42e-06	0.00e+00	0.00e+00	0.00e+00	0.00e+00	0.00e+00
 2.02959e+23	6.28e-11	1.63e-05	3.02e-03	2.23e-02	2.99e-02	9.20e-02	4.72e-01	3.49e-01	3.03e-02	1.18e-03	4.75e-05	1.98e-06	0.00e+00	0.00e+00	0.00e+00	0.00e+00	0.00e+00
 2.04880e+23	9.98e-11	2.16e-05	3.78e-03	2.65e-02	3.35e-02	1.00e-01	4.79e-01	3.29e-01	2.66e-02	9.91e-04	3.80e-05	1.52e-06	0.00e+00	0.00e+00	0.00e+00	0.00e+00	0.00e+00
 2.06826e+23	1.42e-10	2.71e-05	4.54e-03	3.04e-02	3.66e-02	1.08e-01	4.84e-01	3.13e-01	2.37e-02	8.52e-04	3.14e-05	1.22e-06	0.00e+00	0.00e+00	0.00e+00	0.00e+00	0.00e+00
 2.08547e+23	1.96e-10	3.39e-05	5.41e-03	3.47e-02	3.98e-02	1.15e-01	4.87e-01	2.97e-01	2.13e-02	7.38e-04	2.62e-05	9.83e-07	0.00e+00	0.00e+00	0.00e+00	0.00e+00	0.00e+00
 2.10525e+23	2.95e-10	4.52e-05	6.78e-03	4.11e-02	4.43e-02	1.24e-01	4.89e-01	2.76e-01	1.83e-02	6.08e-04	2.06e-05	7.42e-07	0.00e+00	0.00e+00	0.00e+00	0.00e+00	0.00e+00
 2.12529e+23	4.05e-10	5.67e-05	8.10e-03	4.69e-02	4.81e-02	1.32e-01	4.89e-01	2.59e-01	1.62e-02	5.19e-04	1.69e-05	5.88e-07	0.00e+00	0.00e+00	0.00e+00	0.00e+00	0.00e+00
 2.14565e+23	5.97e-10	7.54e-05	1.01e-02	5.52e-02	5.32e-02	1.42e-01	4.87e-01	2.38e-01	1.38e-02	4.25e-04	1.31e-05	4.41e-07	0.00e+00	0.00e+00	0.00e+00	0.00e+00	0.00e+00
 2.16644e+23	8.20e-10	9.54e-05	1.21e-02	6.30e-02	5.76e-02	1.50e-01	4.83e-01	2.21e-01	1.21e-02	3.57e-04	1.06e-05	3.44e-07	0.00e+00	0.00e+00	0.00e+00	0.00e+00	0.00e+00
 2.18495e+23	1.11e-09	1.20e-04	1.44e-02	7.15e-02	6.21e-02	1.58e-01	4.78e-01	2.05e-01	1.05e-02	3.01e-04	8.56e-06	2.69e-07	0.00e+00	0.00e+00	0.00e+00	0.00e+00	0.00e+00
 2.20617e+23	1.63e-09	1.60e-04	1.80e-02	8.36e-02	6.80e-02	1.67e-01	4.69e-01	1.85e-01	8.75e-03	2.41e-04	6.50e-06	1.96e-07	0.00e+00	0.00e+00	0.00e+00	0.00e+00	0.00e+00
 2.22775e+23	2.20e-09	2.01e-04	2.14e-02	9.45e-02	7.29e-02	1.75e-01	4.59e-01	1.69e-01	7.50e-03	2.00e-04	5.16e-06	1.51e-07	0.00e+00	0.00e+00	0.00e+00	0.00e+00	0.00e+00
 2.24978e+23	3.23e-09	2.68e-04	2.66e-02	1.10e-01	7.92e-02	1.84e-01	4.44e-01	1.50e-01	6.12e-03	1.56e-04	3.82e-06	0.00e+00	0.00e+00	0.00e+00	0.00e+00	0.00e+00	0.00e+00
 2.27134e+23	4.25e-09	3.30e-04	3.11e-02	1.22e-01	8.38e-02	1.90e-01	4.31e-01	1.36e-01	5.25e-03	1.30e-04	3.05e-06	0.00e+00	0.00e+00	0.00e+00	0.00e+00	0.00e+00	0.00e+00
 2.29227e+23	6.03e-09	4.30e-04	3.77e-02	1.39e-01	8.95e-02	1.97e-01	4.12e-01	1.20e-01	4.26e-03	1.02e-04	2.26e-06	0.00e+00	0.00e+00	0.00e+00	0.00e+00	0.00e+00	0.00e+00
 2.31250e+23	7.68e-09	5.16e-04	4.31e-02	1.52e-01	9.35e-02	2.01e-01	3.97e-01	1.09e-01	3.68e-03	8.58e-05	1.83e-06	0.00e+00	0.00e+00	0.00e+00	0.00e+00	0.00e+00	0.00e+00
 2.33181e+23	1.05e-08	6.51e-04	5.10e-02	1.70e-01	9.83e-02	2.05e-01	3.77e-01	9.54e-02	3.00e-03	6.79e-05	1.37e-06	0.00e+00	0.00e+00	0.00e+00	0.00e+00	0.00e+00	0.00e+00
 2.35106e+23	1.32e-08	7.75e-04	5.78e-02	1.84e-01	1.02e-01	2.07e-01	3.60e-01	8.59e-02	2.56e-03	5.66e-05	1.10e-06	0.00e+00	0.00e+00	0.00e+00	0.00e+00	0.00e+00	0.00e+00
 2.37024e+23	1.75e-08	9.58e-04	6.72e-02	2.02e-01	1.06e-01	2.09e-01	3.38e-01	7.49e-02	2.09e-03	4.49e-05	8.28e-07	0.00e+00	0.00e+00	0.00e+00	0.00e+00	0.00e+00	0.00e+00
 2.39014e+23	2.25e-08	1.15e-03	7.64e-02	2.18e-01	1.09e-01	2.09e-01	3.18e-01	6.59e-02	1.73e-03	3.63e-05	6.40e-07	0.00e+00	0.00e+00	0.00e+00	0.00e+00	0.00e+00	0.00e+00
 2.40799e+23	2.82e-08	1.36e-03	8.59e-02	2.34e-01	1.11e-01	2.09e-01	2.99e-01	5.82e-02	1.45e-03	2.97e-05	5.01e-07	0.00e+00	0.00e+00	0.00e+00	0.00e+00	0.00e+00	0.00e+00
 2.42820e+23	3.75e-08	1.68e-03	9.90e-02	2.54e-01	1.14e-01	2.07e-01	2.75e-01	4.93e-02	1.14e-03	2.28e-05	3.64e-07	0.00e+00	0.00e+00	0.00e+00	0.00e+00	0.00e+00	0.00e+00
 2.44878e+23	4.72e-08	1.99e-03	1.11e-01	2.70e-01	1.15e-01	2.04e-01	2.54e-01	4.26e-02	9.30e-04	1.82e-05	2.77e-07	0.00e+00	0.00e+00	0.00e+00	0.00e+00	0.00e+00	0.00e+00
 2.46985e+23	6.22e-08	2.43e-03	1.27e-01	2.89e-01	1.17e-01	1.99e-01	2.30e-01	3.55e-02	7.23e-04	1.38e-05	1.98e-07	0.00e+00	0.00e+00	0.00e+00	0.00e+00	0.00e+00	0.00e+00
 2.49036e+23	7.67e-08	2.82e-03	1.39e-01	3.04e-01	1.17e-01	1.94e-01	2.12e-01	3.06e-02	5.90e-04	1.10e-05	1.51e-07	0.00e+00	0.00e+00	0.00e+00	0.00e+00	0.00e+00	0.00e+00
 2.50652e+23	9.16e-08	3.20e-03	1.51e-01	3.15e-01	1.17e-01	1.90e-01	1.96e-01	2.68e-02	4.93e-04	9.06e-06	0.00e+00	0.00e+00	0.00e+00	0.00e+00	0.00e+00	0.00e+00	0.00e+00
 2.52389e+23	1.13e-07	3.72e-03	1.66e-01	3.29e-01	1.16e-01	1.83e-01	1.78e-01	2.27e-02	3.95e-04	7.11e-06	0.00e+00	0.00e+00	0.00e+00	0.00e+00	0.00e+00	0.00e+00	0.00e+00
 2.54178e+23	1.35e-07	4.21e-03	1.80e-01	3.40e-01	1.15e-01	1.78e-01	1.63e-01	1.96e-02	3.25e-04	5.75e-06	0.00e+00	0.00e+00	0.00e+00	0.00e+00	0.00e+00	0.00e+00	0.00e+00
 2.55785e+23	1.61e-07	4.75e-03	1.93e-01	3.50e-01	1.14e-01	1.71e-01	1.50e-01	1.69e-02	2.68e-04	4.67e-06	0.00e+00	0.00e+00	0.00e+00	0.00e+00	0.00e+00	0.00e+00	0.00e+00
 2.57623e+23	1.98e-07	5.50e-03	2.11e-01	3.61e-01	1.12e-01	1.63e-01	1.33e-01	1.40e-02	2.09e-04	3.57e-06	0.00e+00	0.00e+00	0.00e+00	0.00e+00	0.00e+00	0.00e+00	0.00e+00
 2.59479e+23	2.36e-07	6.18e-03	2.26e-01	3.69e-01	1.10e-01	1.56e-01	1.21e-01	1.19e-02	1.69e-04	2.85e-06	0.00e+00	0.00e+00	0.00e+00	0.00e+00	0.00e+00	0.00e+00	0.00e+00
 2.61105e+23	2.78e-07	6.91e-03	2.40e-01	3.76e-01	1.08e-01	1.49e-01	1.09e-01	1.02e-02	1.38e-04	2.28e-06	0.00e+00	0.00e+00	0.00e+00	0.00e+00	0.00e+00	0.00e+00	0.00e+00
 2.62963e+23	3.39e-07	7.91e-03	2.59e-01	3.83e-01	1.05e-01	1.40e-01	9.62e-02	8.31e-03	1.06e-04	1.73e-06	0.00e+00	0.00e+00	0.00e+00	0.00e+00	0.00e+00	0.00e+00	0.00e+00
 2.64852e+23	4.00e-07	8.84e-03	2.75e-01	3.88e-01	1.02e-01	1.33e-01	8.61e-02	6.98e-03	8.52e-05	1.36e-06	0.00e+00	0.00e+00	0.00e+00	0.00e+00	0.00e+00	0.00e+00	0.00e+00
 2.66518e+23	4.68e-07	9.81e-03	2.91e-01	3.91e-01	9.94e-02	1.25e-01	7.71e-02	5.88e-03	6.86e-05	1.08e-06	0.00e+00	0.00e+00	0.00e+00	0.00e+00	0.00e+00	0.00e+00	0.00e+00
 2.68416e+23	5.67e-07	1.11e-02	3.11e-01	3.94e-01	9.56e-02	1.16e-01	6.69e-02	4.73e-03	5.22e-05	8.03e-07	0.00e+00	0.00e+00	0.00e+00	0.00e+00	0.00e+00	0.00e+00	0.00e+00
 2.70346e+23	6.66e-07	1.24e-02	3.28e-01	3.95e-01	9.22e-02	1.09e-01	5.93e-02	3.92e-03	4.13e-05	6.25e-07	0.00e+00	0.00e+00	0.00e+00	0.00e+00	0.00e+00	0.00e+00	0.00e+00
 2.72056e+23	7.75e-07	1.37e-02	3.45e-01	3.95e-01	8.89e-02	1.02e-01	5.25e-02	3.26e-03	3.28e-05	4.89e-07	0.00e+00	0.00e+00	0.00e+00	0.00e+00	0.00e+00	0.00e+00	0.00e+00
 2.74016e+23	9.35e-07	1.54e-02	3.65e-01	3.94e-01	8.46e-02	9.32e-02	4.50e-02	2.58e-03	2.46e-05	3.58e-07	0.00e+00	0.00e+00	0.00e+00	0.00e+00	0.00e+00	0.00e+00	0.00e+00
 2.76011e+23	1.09e-06	1.70e-02	3.83e-01	3.92e-01	8.10e-02	8.63e-02	3.94e-02	2.11e-03	1.92e-05	2.75e-07	0.00e+00	0.00e+00	0.00e+00	0.00e+00	0.00e+00	0.00e+00	0.00e+00
 2.78050e+23	1.32e-06	1.92e-02	4.04e-01	3.87e-01	7.65e-02	7.82e-02	3.33e-02	1.64e-03	1.41e-05	1.98e-07	0.00e+00	0.00e+00	0.00e+00	0.00e+00	0.00e+00	0.00e+00	0.00e+00
 2.80114e+23	1.54e-06	2.11e-02	4.21e-01	3.83e-01	7.28e-02	7.18e-02	2.89e-02	1.33e-03	1.09e-05	1.50e-07	0.00e+00	0.00e+00	0.00e+00	0.00e+00	0.00e+00	0.00e+00	0.00e+00
 2.82208e+23	1.86e-06	2.37e-02	4.43e-01	3.75e-01	6.83e-02	6.44e-02	2.42e-02	1.02e-03	7.94e-06	0.00e+00	0.00e+00	0.00e+00	0.00e+00	0.00e+00	0.00e+00	0.00e+00	0.00e+00
 2.84339e+23	2.17e-06	2.61e-02	4.60e-01	3.69e-01	6.46e-02	5.87e-02	2.08e-02	8.14e-04	6.07e-06	0.00e+00	0.00e+00	0.00e+00	0.00e+00	0.00e+00	0.00e+00	0.00e+00	0.00e+00
 2.86226e+23	2.52e-06	2.86e-02	4.77e-01	3.61e-01	6.11e-02	5.34e-02	1.79e-02	6.53e-04	4.67e-06	0.00e+00	0.00e+00	0.00e+00	0.00e+00	0.00e+00	0.00e+00	0.00e+00	0.00e+00
 2.88386e+23	3.02e-06	3.19e-02	4.98e-01	3.51e-01	5.69e-02	4.74e-02	1.48e-02	4.95e-04	3.36e-06	0.00e+00	0.00e+00	0.00e+00	0.00e+00	0.00e+00	0.00e+00	0.00e+00	0.00e+00
 2.90602e+23	3.53e-06	3.50e-02	5.15e-01	3.41e-01	5.33e-02	4.26e-02	1.26e-02	3.88e-04	2.52e-06	0.00e+00	0.00e+00	0.00e+00	0.00e+00	0.00e+00	0.00e+00	0.00e+00	0.00e+00
 2.92557e+23	4.07e-06	3.81e-02	5.31e-01	3.32e-01	5.01e-02	3.85e-02	1.08e-02	3.10e-04	1.94e-06	0.00e+00	0.00e+00	0.00e+00	0.00e+00	0.00e+00	0.00e+00	0.00e+00	0.00e+00
 2.94229e+23	4.56e-06	4.08e-02	5.43e-01	3.24e-01	4.77e-02	3.54e-02	9.53e-03	2.59e-04	1.57e-06	0.00e+00	0.00e+00	0.00e+00	0.00e+00	0.00e+00	0.00e+00	0.00e+00	0.00e+00
 2.95648e+23	5.02e-06	4.31e-02	5.53e-01	3.16e-01	4.56e-02	3.29e-02	8.54e-03	2.20e-04	1.30e-06	0.00e+00	0.00e+00	0.00e+00	0.00e+00	0.00e+00	0.00e+00	0.00e+00	0.00e+00
 2.97267e+23	5.69e-06	4.65e-02	5.67e-01	3.07e-01	4.30e-02	2.98e-02	7.38e-03	1.78e-04	1.02e-06	0.00e+00	0.00e+00	0.00e+00	0.00e+00	0.00e+00	0.00e+00	0.00e+00	0.00e+00
 2.98941e+23	6.37e-06	4.96e-02	5.78e-01	2.98e-01	4.08e-02	2.73e-02	6.49e-03	1.48e-04	8.21e-07	0.00e+00	0.00e+00	0.00e+00	0.00e+00	0.00e+00	0.00e+00	0.00e+00	0.00e+00
 3.00443e+23	7.08e-06	5.27e-02	5.89e-01	2.89e-01	3.87e-02	2.51e-02	5.73e-03	1.24e-04	6.67e-07	0.00e+00	0.00e+00	0.00e+00	0.00e+00	0.00e+00	0.00e+00	0.00e+00	0.00e+00
 3.02152e+23	8.10e-06	5.69e-02	6.02e-01	2.78e-01	3.62e-02	2.24e-02	4.88e-03	9.79e-05	5.11e-07	0.00e+00	0.00e+00	0.00e+00	0.00e+00	0.00e+00	0.00e+00	0.00e+00	0.00e+00
 3.03872e+23	9.04e-06	6.06e-02	6.12e-01	2.68e-01	3.42e-02	2.04e-02	4.28e-03	8.10e-05	4.11e-07	0.00e+00	0.00e+00	0.00e+00	0.00e+00	0.00e+00	0.00e+00	0.00e+00	0.00e+00
 3.05373e+23	1.00e-05	6.43e-02	6.22e-01	2.59e-01	3.24e-02	1.87e-02	3.77e-03	6.74e-05	3.34e-07	0.00e+00	0.00e+00	0.00e+00	0.00e+00	0.00e+00	0.00e+00	0.00e+00	0.00e+00
 3.07092e+23	1.14e-05	6.91e-02	6.34e-01	2.47e-01	3.02e-02	1.66e-02	3.20e-03	5.34e-05	2.57e-07	0.00e+00	0.00e+00	0.00e+00	0.00e+00	0.00e+00	0.00e+00	0.00e+00	0.00e+00
 3.08316e+23	1.20e-05	7.11e-02	6.39e-01	2.41e-01	2.95e-02	1.60e-02	3.03e-03	4.94e-05	2.35e-07	0.00e+00	0.00e+00	0.00e+00	0.00e+00	0.00e+00	0.00e+00	0.00e+00	0.00e+00
