#depth	Ne	Ne+	Ne+2	Ne+3	Ne+4	Ne+5	Ne+6	Ne+7	Ne+8	Ne+9	Ne+10
 1.54284e+22	0.00e+00	0.00e+00	0.00e+00	2.19e-25	9.06e-21	9.21e-17	3.68e-13	9.19e-10	7.80e-06	5.56e-03	9.94e-01
 3.57489e+22	0.00e+00	0.00e+00	1.58e-29	2.09e-24	6.27e-20	4.63e-16	1.35e-12	2.44e-09	1.50e-05	7.69e-03	9.92e-01
 4.42406e+22	0.00e+00	0.00e+00	9.92e-29	1.05e-23	2.50e-19	1.47e-15	3.41e-12	4.93e-09	2.39e-05	9.70e-03	9.90e-01
 5.07198e+22	0.00e+00	0.00e+00	4.27e-28	3.76e-23	7.53e-19	3.69e-15	7.16e-12	8.62e-09	3.47e-05	1.17e-02	9.88e-01
 5.43193e+22	0.00e+00	0.00e+00	6.21e-28	5.22e-23	9.99e-19	4.68e-15	8.66e-12	9.94e-09	3.81e-05	1.22e-02	9.88e-01
 5.55736e+22	0.00e+00	0.00e+00	8.14e-28	6.61e-23	1.22e-18	5.54e-15	9.92e-12	1.10e-08	4.09e-05	1.27e-02	9.87e-01
 5.68028e+22	0.00e+00	2.03e-33	1.14e-27	8.90e-23	1.58e-18	6.87e-15	1.18e-11	1.26e-08	4.46e-05	1.32e-02	9.87e-01
 5.80835e+22	0.00e+00	2.84e-33	1.54e-27	1.16e-22	1.98e-18	8.29e-15	1.37e-11	1.41e-08	4.81e-05	1.37e-02	9.86e-01
 5.92172e+22	0.00e+00	3.88e-33	2.03e-27	1.48e-22	2.44e-18	9.87e-15	1.58e-11	1.57e-08	5.16e-05	1.42e-02	9.86e-01
 6.04771e+22	0.00e+00	5.72e-33	2.87e-27	2.00e-22	3.17e-18	1.23e-14	1.88e-11	1.79e-08	5.64e-05	1.49e-02	9.85e-01
 6.17673e+22	0.00e+00	8.01e-33	3.88e-27	2.60e-22	3.97e-18	1.48e-14	2.19e-11	2.00e-08	6.09e-05	1.55e-02	9.84e-01
 6.28967e+22	0.00e+00	1.11e-32	5.18e-27	3.35e-22	4.94e-18	1.78e-14	2.54e-11	2.24e-08	6.55e-05	1.60e-02	9.84e-01
 6.41650e+22	0.00e+00	1.64e-32	7.33e-27	4.55e-22	6.42e-18	2.22e-14	3.03e-11	2.56e-08	7.16e-05	1.67e-02	9.83e-01
 6.53913e+22	0.00e+00	2.23e-32	9.66e-27	5.80e-22	7.90e-18	2.64e-14	3.48e-11	2.84e-08	7.68e-05	1.73e-02	9.83e-01
 6.63755e+22	0.00e+00	2.93e-32	1.23e-26	7.17e-22	9.49e-18	3.07e-14	3.94e-11	3.12e-08	8.18e-05	1.79e-02	9.82e-01
 6.74673e+22	0.00e+00	4.06e-32	1.65e-26	9.25e-22	1.18e-17	3.69e-14	4.57e-11	3.49e-08	8.81e-05	1.86e-02	9.81e-01
 6.86403e+22	0.00e+00	5.57e-32	2.18e-26	1.18e-21	1.46e-17	4.41e-14	5.27e-11	3.89e-08	9.46e-05	1.92e-02	9.81e-01
 6.97210e+22	0.00e+00	7.48e-32	2.84e-26	1.49e-21	1.78e-17	5.20e-14	6.02e-11	4.30e-08	1.01e-04	1.99e-02	9.80e-01
 7.07503e+22	0.00e+00	9.99e-32	3.67e-26	1.87e-21	2.16e-17	6.12e-14	6.86e-11	4.75e-08	1.08e-04	2.05e-02	9.79e-01
 7.17548e+22	0.00e+00	1.32e-31	4.71e-26	2.33e-21	2.61e-17	7.17e-14	7.79e-11	5.22e-08	1.15e-04	2.12e-02	9.79e-01
 7.29049e+22	0.00e+00	1.85e-31	6.35e-26	3.02e-21	3.27e-17	8.66e-14	9.07e-11	5.86e-08	1.24e-04	2.20e-02	9.78e-01
 7.41112e+22	0.00e+00	2.57e-31	8.51e-26	3.91e-21	4.08e-17	1.04e-13	1.05e-10	6.56e-08	1.34e-04	2.28e-02	9.77e-01
 7.51632e+22	0.00e+00	3.45e-31	1.11e-25	4.93e-21	4.98e-17	1.23e-13	1.20e-10	7.25e-08	1.43e-04	2.36e-02	9.76e-01
 7.63033e+22	0.00e+00	4.84e-31	1.50e-25	6.42e-21	6.25e-17	1.49e-13	1.40e-10	8.15e-08	1.55e-04	2.45e-02	9.75e-01
 7.74558e+22	0.00e+00	6.60e-31	1.97e-25	8.17e-21	7.69e-17	1.77e-13	1.61e-10	9.05e-08	1.66e-04	2.54e-02	9.74e-01
 7.84171e+22	0.00e+00	8.60e-31	2.50e-25	1.01e-20	9.19e-17	2.06e-13	1.82e-10	9.91e-08	1.77e-04	2.62e-02	9.74e-01
 7.94596e+22	0.00e+00	1.17e-30	3.29e-25	1.28e-20	1.13e-16	2.45e-13	2.09e-10	1.10e-07	1.90e-04	2.71e-02	9.73e-01
 8.05893e+22	0.00e+00	1.61e-30	4.36e-25	1.64e-20	1.40e-16	2.92e-13	2.42e-10	1.23e-07	2.04e-04	2.81e-02	9.72e-01
 8.16226e+22	0.00e+00	2.13e-30	5.59e-25	2.04e-20	1.69e-16	3.42e-13	2.74e-10	1.35e-07	2.17e-04	2.90e-02	9.71e-01
 8.27562e+22	0.00e+00	2.97e-30	7.53e-25	2.65e-20	2.12e-16	4.13e-13	3.20e-10	1.52e-07	2.35e-04	3.01e-02	9.70e-01
 8.39262e+22	0.00e+00	4.09e-30	1.00e-24	3.40e-20	2.62e-16	4.95e-13	3.69e-10	1.69e-07	2.52e-04	3.12e-02	9.69e-01
 8.49105e+22	0.00e+00	5.38e-30	1.28e-24	4.21e-20	3.15e-16	5.77e-13	4.18e-10	1.86e-07	2.68e-04	3.22e-02	9.68e-01
 8.59568e+22	0.00e+00	7.35e-30	1.69e-24	5.38e-20	3.89e-16	6.88e-13	4.82e-10	2.07e-07	2.88e-04	3.33e-02	9.66e-01
 8.70799e+22	0.00e+00	1.00e-29	2.22e-24	6.85e-20	4.79e-16	8.19e-13	5.54e-10	2.30e-07	3.09e-04	3.45e-02	9.65e-01
 8.81096e+22	0.00e+00	1.34e-29	2.88e-24	8.60e-20	5.82e-16	9.65e-13	6.32e-10	2.54e-07	3.30e-04	3.56e-02	9.64e-01
 8.92550e+22	0.00e+00	1.89e-29	3.92e-24	1.13e-19	7.35e-16	1.17e-12	7.39e-10	2.85e-07	3.58e-04	3.70e-02	9.63e-01
 9.04568e+22	0.00e+00	2.69e-29	5.35e-24	1.48e-19	9.30e-16	1.43e-12	8.66e-10	3.21e-07	3.87e-04	3.85e-02	9.61e-01
 9.14470e+22	0.00e+00	3.49e-29	6.74e-24	1.81e-19	1.11e-15	1.65e-12	9.74e-10	3.51e-07	4.11e-04	3.96e-02	9.60e-01
 9.24495e+22	0.00e+00	4.78e-29	8.93e-24	2.32e-19	1.37e-15	1.97e-12	1.12e-09	3.91e-07	4.41e-04	4.10e-02	9.59e-01
 9.35304e+22	0.00e+00	6.47e-29	1.17e-23	2.93e-19	1.67e-15	2.34e-12	1.29e-09	4.33e-07	4.72e-04	4.24e-02	9.57e-01
 9.45448e+22	0.00e+00	8.69e-29	1.52e-23	3.69e-19	2.04e-15	2.76e-12	1.47e-09	4.78e-07	5.04e-04	4.38e-02	9.56e-01
 9.56949e+22	0.00e+00	1.24e-28	2.08e-23	4.88e-19	2.59e-15	3.37e-12	1.73e-09	5.40e-07	5.47e-04	4.56e-02	9.54e-01
 9.68472e+22	0.00e+00	1.74e-28	2.82e-23	6.35e-19	3.25e-15	4.07e-12	2.01e-09	6.05e-07	5.90e-04	4.73e-02	9.52e-01
 9.77647e+22	0.00e+00	2.25e-28	3.54e-23	7.76e-19	3.86e-15	4.70e-12	2.26e-09	6.60e-07	6.25e-04	4.87e-02	9.51e-01
 9.87196e+22	0.00e+00	3.09e-28	4.68e-23	9.92e-19	4.77e-15	5.61e-12	2.60e-09	7.33e-07	6.70e-04	5.04e-02	9.49e-01
 9.97574e+22	0.00e+00	4.15e-28	6.09e-23	1.25e-18	5.81e-15	6.62e-12	2.97e-09	8.10e-07	7.16e-04	5.20e-02	9.47e-01
 1.00753e+23	0.00e+00	5.66e-28	8.02e-23	1.59e-18	7.15e-15	7.87e-12	3.41e-09	8.98e-07	7.67e-04	5.38e-02	9.45e-01
 1.01734e+23	3.66e-34	7.70e-28	1.05e-22	2.02e-18	8.78e-15	9.35e-12	3.91e-09	9.94e-07	8.21e-04	5.56e-02	9.44e-01
 1.02847e+23	5.63e-34	1.13e-27	1.49e-22	2.72e-18	1.14e-14	1.16e-11	4.64e-09	1.13e-06	8.94e-04	5.79e-02	9.41e-01
 1.03934e+23	7.91e-34	1.54e-27	1.95e-22	3.45e-18	1.39e-14	1.37e-11	5.31e-09	1.25e-06	9.56e-04	5.98e-02	9.39e-01
 1.04822e+23	1.10e-33	2.06e-27	2.52e-22	4.33e-18	1.69e-14	1.62e-11	6.05e-09	1.38e-06	1.02e-03	6.17e-02	9.37e-01
 1.05814e+23	1.59e-33	2.88e-27	3.39e-22	5.61e-18	2.11e-14	1.95e-11	7.01e-09	1.54e-06	1.10e-03	6.39e-02	9.35e-01
 1.06871e+23	2.32e-33	4.03e-27	4.57e-22	7.29e-18	2.64e-14	2.35e-11	8.14e-09	1.72e-06	1.18e-03	6.62e-02	9.33e-01
 1.07816e+23	3.27e-33	5.48e-27	6.00e-22	9.24e-18	3.24e-14	2.78e-11	9.32e-09	1.90e-06	1.26e-03	6.84e-02	9.30e-01
 1.08686e+23	4.52e-33	7.33e-27	7.77e-22	1.16e-17	3.94e-14	3.27e-11	1.06e-08	2.09e-06	1.34e-03	7.05e-02	9.28e-01
 1.09653e+23	6.76e-33	1.05e-26	1.07e-21	1.53e-17	5.00e-14	3.99e-11	1.24e-08	2.34e-06	1.45e-03	7.31e-02	9.25e-01
 1.10640e+23	9.49e-33	1.42e-26	1.40e-21	1.94e-17	6.12e-14	4.73e-11	1.42e-08	2.59e-06	1.55e-03	7.55e-02	9.23e-01
 1.11515e+23	1.34e-32	1.93e-26	1.83e-21	2.45e-17	7.50e-14	5.60e-11	1.62e-08	2.86e-06	1.65e-03	7.78e-02	9.21e-01
 1.12382e+23	1.88e-32	2.62e-26	2.40e-21	3.10e-17	9.17e-14	6.62e-11	1.85e-08	3.15e-06	1.76e-03	8.03e-02	9.18e-01
 1.13378e+23	2.89e-32	3.86e-26	3.38e-21	4.19e-17	1.19e-13	8.20e-11	2.19e-08	3.57e-06	1.91e-03	8.35e-02	9.15e-01
 1.14386e+23	4.21e-32	5.40e-26	4.55e-21	5.42e-17	1.48e-13	9.87e-11	2.54e-08	3.97e-06	2.05e-03	8.63e-02	9.12e-01
 1.15232e+23	5.83e-32	7.23e-26	5.89e-21	6.80e-17	1.80e-13	1.16e-10	2.88e-08	4.36e-06	2.18e-03	8.89e-02	9.09e-01
 1.16150e+23	8.77e-32	1.04e-25	8.14e-21	9.01e-17	2.29e-13	1.42e-10	3.38e-08	4.90e-06	2.36e-03	9.22e-02	9.05e-01
 1.17095e+23	1.26e-31	1.44e-25	1.09e-20	1.16e-16	2.84e-13	1.70e-10	3.89e-08	5.43e-06	2.52e-03	9.52e-02	9.02e-01
 1.17925e+23	1.77e-31	1.95e-25	1.42e-20	1.46e-16	3.47e-13	2.00e-10	4.43e-08	5.97e-06	2.68e-03	9.80e-02	8.99e-01
 1.18853e+23	2.70e-31	2.85e-25	1.98e-20	1.96e-16	4.45e-13	2.47e-10	5.22e-08	6.73e-06	2.90e-03	1.02e-01	8.95e-01
 1.19810e+23	3.97e-31	4.02e-25	2.69e-20	2.56e-16	5.59e-13	2.98e-10	6.06e-08	7.50e-06	3.11e-03	1.05e-01	8.92e-01
 1.20622e+23	5.50e-31	5.39e-25	3.48e-20	3.20e-16	6.79e-13	3.51e-10	6.87e-08	8.23e-06	3.31e-03	1.08e-01	8.89e-01
 1.21495e+23	8.32e-31	7.80e-25	4.83e-20	4.26e-16	8.67e-13	4.30e-10	8.06e-08	9.24e-06	3.57e-03	1.12e-01	8.84e-01
 1.22402e+23	1.19e-30	1.07e-24	6.40e-20	5.45e-16	1.07e-12	5.12e-10	9.25e-08	1.02e-05	3.81e-03	1.15e-01	8.81e-01
 1.23215e+23	1.70e-30	1.48e-24	8.50e-20	6.98e-16	1.32e-12	6.11e-10	1.06e-07	1.13e-05	4.06e-03	1.19e-01	8.77e-01
 1.24006e+23	2.38e-30	2.00e-24	1.11e-19	8.82e-16	1.62e-12	7.21e-10	1.21e-07	1.24e-05	4.32e-03	1.22e-01	8.73e-01
 1.24907e+23	3.67e-30	2.94e-24	1.56e-19	1.19e-15	2.09e-12	8.91e-10	1.43e-07	1.40e-05	4.67e-03	1.27e-01	8.68e-01
 1.25831e+23	5.41e-30	4.17e-24	2.12e-19	1.55e-15	2.63e-12	1.08e-09	1.66e-07	1.56e-05	5.01e-03	1.31e-01	8.64e-01
 1.26637e+23	7.79e-30	5.77e-24	2.83e-19	2.00e-15	3.26e-12	1.29e-09	1.91e-07	1.73e-05	5.34e-03	1.35e-01	8.60e-01
 1.27411e+23	1.10e-29	7.86e-24	3.72e-19	2.53e-15	4.00e-12	1.53e-09	2.18e-07	1.90e-05	5.68e-03	1.39e-01	8.55e-01
 1.28295e+23	1.71e-29	1.17e-23	5.28e-19	3.44e-15	5.19e-12	1.90e-09	2.58e-07	2.15e-05	6.15e-03	1.44e-01	8.50e-01
 1.29205e+23	2.49e-29	1.63e-23	7.10e-19	4.45e-15	6.47e-12	2.28e-09	2.98e-07	2.38e-05	6.57e-03	1.48e-01	8.45e-01
 1.30151e+23	4.05e-29	2.52e-23	1.04e-18	6.22e-15	8.62e-12	2.89e-09	3.58e-07	2.72e-05	7.15e-03	1.54e-01	8.39e-01
 1.31105e+23	6.04e-29	3.61e-23	1.43e-18	8.19e-15	1.09e-11	3.52e-09	4.17e-07	3.04e-05	7.67e-03	1.59e-01	8.33e-01
 1.31887e+23	8.52e-29	4.91e-23	1.88e-18	1.04e-14	1.34e-11	4.16e-09	4.76e-07	3.34e-05	8.15e-03	1.63e-01	8.28e-01
 1.32723e+23	1.32e-28	7.27e-23	2.66e-18	1.40e-14	1.73e-11	5.16e-09	5.62e-07	3.76e-05	8.79e-03	1.69e-01	8.22e-01
 1.33579e+23	1.93e-28	1.02e-22	3.58e-18	1.82e-14	2.17e-11	6.20e-09	6.48e-07	4.17e-05	9.38e-03	1.74e-01	8.16e-01
 1.34275e+23	2.63e-28	1.34e-22	4.57e-18	2.26e-14	2.60e-11	7.22e-09	7.29e-07	4.53e-05	9.89e-03	1.78e-01	8.12e-01
 1.34996e+23	3.87e-28	1.90e-22	6.21e-18	2.94e-14	3.26e-11	8.71e-09	8.43e-07	5.03e-05	1.06e-02	1.83e-01	8.06e-01
 1.35686e+23	5.17e-28	2.47e-22	7.81e-18	3.60e-14	3.88e-11	1.00e-08	9.41e-07	5.44e-05	1.11e-02	1.88e-01	8.01e-01
 1.36242e+23	6.90e-28	3.19e-22	9.80e-18	4.38e-14	4.59e-11	1.15e-08	1.05e-06	5.88e-05	1.17e-02	1.92e-01	7.97e-01
 1.36786e+23	9.03e-28	4.06e-22	1.21e-17	5.27e-14	5.38e-11	1.32e-08	1.16e-06	6.32e-05	1.22e-02	1.95e-01	7.92e-01
 1.37319e+23	1.15e-27	5.06e-22	1.47e-17	6.24e-14	6.21e-11	1.48e-08	1.27e-06	6.75e-05	1.27e-02	1.99e-01	7.88e-01
 1.37921e+23	1.61e-27	6.82e-22	1.92e-17	7.85e-14	7.56e-11	1.74e-08	1.44e-06	7.38e-05	1.34e-02	2.04e-01	7.83e-01
 1.38526e+23	2.15e-27	8.85e-22	2.41e-17	9.58e-14	8.96e-11	2.01e-08	1.61e-06	7.97e-05	1.41e-02	2.08e-01	7.78e-01
 1.39037e+23	2.80e-27	1.12e-21	2.97e-17	1.15e-13	1.05e-10	2.28e-08	1.77e-06	8.55e-05	1.47e-02	2.12e-01	7.73e-01
 1.39515e+23	3.63e-27	1.41e-21	3.64e-17	1.37e-13	1.22e-10	2.59e-08	1.95e-06	9.15e-05	1.54e-02	2.16e-01	7.69e-01
 1.39977e+23	4.59e-27	1.74e-21	4.38e-17	1.61e-13	1.40e-10	2.90e-08	2.13e-06	9.74e-05	1.60e-02	2.19e-01	7.65e-01
 1.40503e+23	6.30e-27	2.31e-21	5.62e-17	2.00e-13	1.68e-10	3.37e-08	2.40e-06	1.06e-04	1.68e-02	2.24e-01	7.59e-01
 1.41040e+23	8.13e-27	2.91e-21	6.87e-17	2.38e-13	1.95e-10	3.82e-08	2.64e-06	1.13e-04	1.75e-02	2.28e-01	7.54e-01
 1.41590e+23	1.13e-26	3.89e-21	8.90e-17	2.98e-13	2.36e-10	4.47e-08	2.98e-06	1.23e-04	1.85e-02	2.33e-01	7.48e-01
 1.42145e+23	1.50e-26	5.04e-21	1.12e-16	3.63e-13	2.80e-10	5.13e-08	3.31e-06	1.33e-04	1.94e-02	2.38e-01	7.43e-01
 1.42589e+23	1.90e-26	6.20e-21	1.34e-16	4.26e-13	3.20e-10	5.74e-08	3.61e-06	1.41e-04	2.01e-02	2.42e-01	7.38e-01
 1.43050e+23	2.54e-26	8.04e-21	1.68e-16	5.19e-13	3.79e-10	6.60e-08	4.01e-06	1.52e-04	2.11e-02	2.46e-01	7.33e-01
 1.43526e+23	3.23e-26	9.97e-21	2.04e-16	6.12e-13	4.37e-10	7.41e-08	4.39e-06	1.62e-04	2.19e-02	2.50e-01	7.28e-01
 1.44022e+23	4.51e-26	1.35e-20	2.65e-16	7.69e-13	5.30e-10	8.70e-08	4.96e-06	1.76e-04	2.31e-02	2.56e-01	7.21e-01
 1.44509e+23	5.73e-26	1.67e-20	3.20e-16	9.05e-13	6.10e-10	9.76e-08	5.42e-06	1.88e-04	2.40e-02	2.60e-01	7.16e-01
 1.44985e+23	8.11e-26	2.28e-20	4.21e-16	1.15e-12	7.46e-10	1.15e-07	6.15e-06	2.05e-04	2.53e-02	2.65e-01	7.09e-01
 1.45453e+23	1.03e-25	2.82e-20	5.07e-16	1.35e-12	8.57e-10	1.29e-07	6.70e-06	2.18e-04	2.62e-02	2.69e-01	7.04e-01
 1.45912e+23	1.41e-25	3.74e-20	6.51e-16	1.67e-12	1.03e-09	1.50e-07	7.53e-06	2.36e-04	2.76e-02	2.74e-01	6.98e-01
 1.46387e+23	1.87e-25	4.80e-20	8.10e-16	2.02e-12	1.21e-09	1.72e-07	8.33e-06	2.53e-04	2.88e-02	2.79e-01	6.92e-01
 1.46800e+23	2.38e-25	5.96e-20	9.80e-16	2.39e-12	1.39e-09	1.93e-07	9.10e-06	2.69e-04	2.99e-02	2.83e-01	6.87e-01
 1.47251e+23	3.38e-25	8.17e-20	1.29e-15	3.03e-12	1.71e-09	2.28e-07	1.03e-05	2.94e-04	3.15e-02	2.89e-01	6.79e-01
 1.47697e+23	4.30e-25	1.01e-19	1.56e-15	3.57e-12	1.96e-09	2.55e-07	1.13e-05	3.13e-04	3.27e-02	2.93e-01	6.74e-01
 1.48137e+23	6.06e-25	1.38e-19	2.05e-15	4.50e-12	2.39e-09	3.01e-07	1.28e-05	3.41e-04	3.44e-02	2.99e-01	6.66e-01
 1.48570e+23	7.67e-25	1.70e-19	2.46e-15	5.28e-12	2.74e-09	3.36e-07	1.39e-05	3.62e-04	3.57e-02	3.03e-01	6.61e-01
 1.48993e+23	1.09e-24	2.32e-19	3.23e-15	6.68e-12	3.35e-09	3.96e-07	1.58e-05	3.94e-04	3.76e-02	3.09e-01	6.53e-01
 1.49414e+23	1.38e-24	2.88e-19	3.90e-15	7.87e-12	3.85e-09	4.45e-07	1.72e-05	4.19e-04	3.90e-02	3.14e-01	6.47e-01
 1.49833e+23	1.96e-24	3.94e-19	5.13e-15	9.97e-12	4.71e-09	5.25e-07	1.95e-05	4.57e-04	4.11e-02	3.20e-01	6.39e-01
 1.50254e+23	2.52e-24	4.95e-19	6.27e-15	1.18e-11	5.45e-09	5.92e-07	2.14e-05	4.87e-04	4.27e-02	3.24e-01	6.33e-01
 1.50679e+23	3.62e-24	6.84e-19	8.32e-15	1.51e-11	6.71e-09	7.03e-07	2.44e-05	5.33e-04	4.50e-02	3.31e-01	6.24e-01
 1.51107e+23	4.72e-24	8.66e-19	1.02e-14	1.81e-11	7.82e-09	7.98e-07	2.69e-05	5.69e-04	4.68e-02	3.35e-01	6.17e-01
 1.51540e+23	6.74e-24	1.19e-18	1.35e-14	2.30e-11	9.61e-09	9.45e-07	3.06e-05	6.22e-04	4.94e-02	3.42e-01	6.08e-01
 1.51968e+23	8.82e-24	1.52e-18	1.67e-14	2.76e-11	1.12e-08	1.07e-06	3.38e-05	6.65e-04	5.14e-02	3.46e-01	6.01e-01
 1.52392e+23	1.26e-23	2.08e-18	2.21e-14	3.51e-11	1.38e-08	1.27e-06	3.84e-05	7.27e-04	5.42e-02	3.53e-01	5.92e-01
 1.52821e+23	1.67e-23	2.68e-18	2.76e-14	4.24e-11	1.62e-08	1.46e-06	4.26e-05	7.81e-04	5.65e-02	3.58e-01	5.85e-01
 1.53259e+23	2.41e-23	3.73e-18	3.68e-14	5.45e-11	2.01e-08	1.74e-06	4.88e-05	8.56e-04	5.96e-02	3.65e-01	5.75e-01
 1.53703e+23	3.22e-23	4.84e-18	4.62e-14	6.62e-11	2.37e-08	2.00e-06	5.43e-05	9.21e-04	6.23e-02	3.70e-01	5.67e-01
 1.54153e+23	4.70e-23	6.80e-18	6.22e-14	8.56e-11	2.95e-08	2.40e-06	6.25e-05	1.01e-03	6.59e-02	3.77e-01	5.57e-01
 1.54606e+23	6.28e-23	8.81e-18	7.81e-14	1.04e-10	3.49e-08	2.76e-06	6.96e-05	1.09e-03	6.87e-02	3.82e-01	5.48e-01
 1.54995e+23	8.31e-23	1.13e-17	9.74e-14	1.26e-10	4.11e-08	3.16e-06	7.73e-05	1.17e-03	7.17e-02	3.87e-01	5.40e-01
 1.55436e+23	1.20e-22	1.58e-17	1.30e-13	1.62e-10	5.09e-08	3.78e-06	8.87e-05	1.29e-03	7.57e-02	3.93e-01	5.30e-01
 1.55876e+23	1.56e-22	2.00e-17	1.60e-13	1.93e-10	5.94e-08	4.30e-06	9.80e-05	1.38e-03	7.87e-02	3.98e-01	5.22e-01
 1.56315e+23	2.23e-22	2.75e-17	2.12e-13	2.46e-10	7.32e-08	5.12e-06	1.12e-04	1.51e-03	8.30e-02	4.04e-01	5.11e-01
 1.56760e+23	2.89e-22	3.47e-17	2.60e-13	2.94e-10	8.53e-08	5.82e-06	1.24e-04	1.62e-03	8.63e-02	4.09e-01	5.03e-01
 1.57211e+23	4.08e-22	4.73e-17	3.42e-13	3.72e-10	1.04e-07	6.90e-06	1.41e-04	1.77e-03	9.09e-02	4.15e-01	4.92e-01
 1.57675e+23	5.37e-22	6.07e-17	4.25e-13	4.49e-10	1.23e-07	7.91e-06	1.57e-04	1.90e-03	9.47e-02	4.20e-01	4.84e-01
 1.58155e+23	7.64e-22	8.33e-17	5.62e-13	5.72e-10	1.51e-07	9.43e-06	1.80e-04	2.09e-03	9.99e-02	4.26e-01	4.72e-01
 1.58644e+23	1.00e-21	1.06e-16	6.96e-13	6.88e-10	1.78e-07	1.08e-05	2.00e-04	2.24e-03	1.04e-01	4.30e-01	4.63e-01
 1.59144e+23	1.41e-21	1.45e-16	9.17e-13	8.74e-10	2.19e-07	1.29e-05	2.29e-04	2.46e-03	1.10e-01	4.36e-01	4.52e-01
 1.59660e+23	1.86e-21	1.86e-16	1.14e-12	1.06e-09	2.58e-07	1.48e-05	2.56e-04	2.65e-03	1.14e-01	4.40e-01	4.43e-01
 1.60121e+23	2.43e-21	2.36e-16	1.41e-12	1.27e-09	3.02e-07	1.69e-05	2.84e-04	2.84e-03	1.19e-01	4.44e-01	4.34e-01
 1.60646e+23	3.39e-21	3.20e-16	1.84e-12	1.60e-09	3.70e-07	2.00e-05	3.24e-04	3.11e-03	1.25e-01	4.49e-01	4.22e-01
 1.61180e+23	4.40e-21	4.04e-16	2.27e-12	1.92e-09	4.32e-07	2.29e-05	3.60e-04	3.34e-03	1.30e-01	4.53e-01	4.13e-01
 1.61724e+23	6.11e-21	5.44e-16	2.95e-12	2.41e-09	5.27e-07	2.70e-05	4.10e-04	3.65e-03	1.37e-01	4.58e-01	4.02e-01
 1.62253e+23	7.68e-21	6.70e-16	3.55e-12	2.82e-09	6.06e-07	3.04e-05	4.50e-04	3.88e-03	1.41e-01	4.61e-01	3.93e-01
 1.62762e+23	1.03e-20	8.76e-16	4.50e-12	3.47e-09	7.26e-07	3.54e-05	5.07e-04	4.21e-03	1.48e-01	4.65e-01	3.83e-01
 1.63280e+23	1.29e-20	1.07e-15	5.39e-12	4.06e-09	8.32e-07	3.98e-05	5.55e-04	4.48e-03	1.53e-01	4.67e-01	3.75e-01
 1.63810e+23	1.73e-20	1.40e-15	6.81e-12	4.98e-09	9.94e-07	4.62e-05	6.25e-04	4.85e-03	1.59e-01	4.71e-01	3.64e-01
 1.64354e+23	2.18e-20	1.73e-15	8.22e-12	5.87e-09	1.15e-06	5.21e-05	6.87e-04	5.17e-03	1.65e-01	4.73e-01	3.56e-01
 1.64916e+23	2.92e-20	2.25e-15	1.04e-11	7.21e-09	1.37e-06	6.07e-05	7.74e-04	5.61e-03	1.72e-01	4.76e-01	3.45e-01
 1.65468e+23	3.62e-20	2.73e-15	1.24e-11	8.38e-09	1.56e-06	6.78e-05	8.44e-04	5.95e-03	1.78e-01	4.78e-01	3.37e-01
 1.66006e+23	4.77e-20	3.51e-15	1.55e-11	1.02e-08	1.86e-06	7.84e-05	9.47e-04	6.42e-03	1.85e-01	4.80e-01	3.27e-01
 1.66550e+23	5.84e-20	4.22e-15	1.82e-11	1.17e-08	2.10e-06	8.71e-05	1.03e-03	6.78e-03	1.91e-01	4.82e-01	3.20e-01
 1.67101e+23	7.65e-20	5.40e-15	2.27e-11	1.42e-08	2.48e-06	1.00e-04	1.15e-03	7.31e-03	1.98e-01	4.83e-01	3.10e-01
 1.67663e+23	9.39e-20	6.51e-15	2.68e-11	1.64e-08	2.82e-06	1.12e-04	1.25e-03	7.74e-03	2.04e-01	4.84e-01	3.03e-01
 1.68239e+23	1.23e-19	8.32e-15	3.35e-11	1.99e-08	3.33e-06	1.29e-04	1.40e-03	8.34e-03	2.12e-01	4.85e-01	2.93e-01
 1.68826e+23	1.51e-19	1.00e-14	3.96e-11	2.31e-08	3.79e-06	1.43e-04	1.52e-03	8.82e-03	2.18e-01	4.86e-01	2.85e-01
 1.69426e+23	1.98e-19	1.29e-14	4.93e-11	2.80e-08	4.48e-06	1.65e-04	1.70e-03	9.51e-03	2.27e-01	4.87e-01	2.75e-01
 1.70038e+23	2.44e-19	1.55e-14	5.84e-11	3.24e-08	5.09e-06	1.84e-04	1.85e-03	1.01e-02	2.33e-01	4.87e-01	2.68e-01
 1.70575e+23	2.98e-19	1.86e-14	6.88e-11	3.74e-08	5.77e-06	2.05e-04	2.01e-03	1.06e-02	2.40e-01	4.87e-01	2.61e-01
 1.71182e+23	3.85e-19	2.36e-14	8.49e-11	4.49e-08	6.77e-06	2.34e-04	2.23e-03	1.14e-02	2.48e-01	4.86e-01	2.51e-01
 1.71790e+23	4.65e-19	2.80e-14	9.89e-11	5.13e-08	7.60e-06	2.58e-04	2.41e-03	1.20e-02	2.54e-01	4.86e-01	2.45e-01
 1.72399e+23	5.99e-19	3.53e-14	1.22e-10	6.15e-08	8.91e-06	2.95e-04	2.67e-03	1.29e-02	2.63e-01	4.85e-01	2.36e-01
 1.73017e+23	7.23e-19	4.19e-14	1.42e-10	7.03e-08	1.00e-05	3.25e-04	2.88e-03	1.35e-02	2.70e-01	4.84e-01	2.30e-01
 1.73647e+23	9.27e-19	5.26e-14	1.74e-10	8.40e-08	1.17e-05	3.70e-04	3.19e-03	1.45e-02	2.79e-01	4.83e-01	2.21e-01
 1.74297e+23	1.13e-18	6.33e-14	2.05e-10	9.70e-08	1.32e-05	4.11e-04	3.46e-03	1.53e-02	2.86e-01	4.81e-01	2.14e-01
 1.74974e+23	1.46e-18	7.96e-14	2.53e-10	1.16e-07	1.55e-05	4.69e-04	3.83e-03	1.63e-02	2.95e-01	4.79e-01	2.06e-01
 1.75675e+23	1.81e-18	9.69e-14	3.01e-10	1.35e-07	1.77e-05	5.24e-04	4.17e-03	1.73e-02	3.03e-01	4.77e-01	1.99e-01
 1.76407e+23	2.36e-18	1.23e-13	3.74e-10	1.63e-07	2.08e-05	6.00e-04	4.63e-03	1.85e-02	3.12e-01	4.74e-01	1.90e-01
 1.77161e+23	2.95e-18	1.51e-13	4.48e-10	1.91e-07	2.38e-05	6.73e-04	5.06e-03	1.96e-02	3.21e-01	4.71e-01	1.83e-01
 1.77944e+23	3.88e-18	1.94e-13	5.61e-10	2.33e-07	2.82e-05	7.74e-04	5.63e-03	2.10e-02	3.31e-01	4.67e-01	1.75e-01
 1.78755e+23	4.90e-18	2.41e-13	6.79e-10	2.75e-07	3.26e-05	8.72e-04	6.18e-03	2.23e-02	3.40e-01	4.63e-01	1.67e-01
 1.79490e+23	6.14e-18	2.96e-13	8.17e-10	3.22e-07	3.74e-05	9.77e-04	6.74e-03	2.36e-02	3.48e-01	4.60e-01	1.61e-01
 1.80333e+23	8.17e-18	3.83e-13	1.03e-09	3.95e-07	4.45e-05	1.13e-03	7.52e-03	2.53e-02	3.59e-01	4.54e-01	1.53e-01
 1.81193e+23	1.03e-17	4.75e-13	1.25e-09	4.66e-07	5.14e-05	1.27e-03	8.24e-03	2.68e-02	3.68e-01	4.50e-01	1.46e-01
 1.81961e+23	1.30e-17	5.84e-13	1.50e-09	5.47e-07	5.89e-05	1.42e-03	8.98e-03	2.83e-02	3.76e-01	4.45e-01	1.40e-01
 1.82843e+23	1.74e-17	7.65e-13	1.91e-09	6.76e-07	7.07e-05	1.66e-03	1.01e-02	3.05e-02	3.88e-01	4.38e-01	1.31e-01
 1.83732e+23	2.18e-17	9.40e-13	2.30e-09	7.93e-07	8.10e-05	1.85e-03	1.10e-02	3.22e-02	3.96e-01	4.33e-01	1.26e-01
 1.84630e+23	2.92e-17	1.23e-12	2.93e-09	9.78e-07	9.72e-05	2.16e-03	1.23e-02	3.47e-02	4.08e-01	4.25e-01	1.18e-01
 1.85540e+23	3.67e-17	1.52e-12	3.53e-09	1.15e-06	1.12e-04	2.42e-03	1.34e-02	3.66e-02	4.16e-01	4.19e-01	1.12e-01
 1.86464e+23	4.92e-17	1.98e-12	4.50e-09	1.42e-06	1.34e-04	2.82e-03	1.51e-02	3.93e-02	4.28e-01	4.10e-01	1.05e-01
 1.87346e+23	6.01e-17	2.38e-12	5.31e-09	1.64e-06	1.52e-04	3.12e-03	1.63e-02	4.12e-02	4.35e-01	4.04e-01	1.00e-01
 1.88175e+23	7.75e-17	3.02e-12	6.57e-09	1.98e-06	1.79e-04	3.57e-03	1.81e-02	4.40e-02	4.45e-01	3.96e-01	9.36e-02
 1.89006e+23	9.42e-17	3.61e-12	7.73e-09	2.28e-06	2.02e-04	3.95e-03	1.95e-02	4.62e-02	4.52e-01	3.89e-01	8.91e-02
 1.89840e+23	1.20e-16	4.54e-12	9.52e-09	2.73e-06	2.36e-04	4.51e-03	2.16e-02	4.91e-02	4.61e-01	3.80e-01	8.34e-02
 1.90692e+23	1.47e-16	5.46e-12	1.13e-08	3.16e-06	2.69e-04	5.02e-03	2.34e-02	5.16e-02	4.69e-01	3.72e-01	7.88e-02
 1.91568e+23	1.88e-16	6.89e-12	1.39e-08	3.82e-06	3.17e-04	5.77e-03	2.60e-02	5.51e-02	4.78e-01	3.62e-01	7.31e-02
 1.92449e+23	2.28e-16	8.25e-12	1.64e-08	4.41e-06	3.60e-04	6.41e-03	2.81e-02	5.78e-02	4.85e-01	3.54e-01	6.89e-02
 1.93336e+23	2.90e-16	1.03e-11	2.02e-08	5.30e-06	4.23e-04	7.35e-03	3.12e-02	6.16e-02	4.93e-01	3.43e-01	6.36e-02
 1.94239e+23	3.50e-16	1.24e-11	2.39e-08	6.13e-06	4.81e-04	8.20e-03	3.39e-02	6.48e-02	4.99e-01	3.34e-01	5.96e-02
 1.95165e+23	4.42e-16	1.54e-11	2.94e-08	7.38e-06	5.68e-04	9.43e-03	3.77e-02	6.92e-02	5.07e-01	3.22e-01	5.45e-02
 1.96106e+23	5.29e-16	1.84e-11	3.46e-08	8.54e-06	6.47e-04	1.05e-02	4.10e-02	7.28e-02	5.13e-01	3.12e-01	5.07e-02
 1.97067e+23	6.59e-16	2.28e-11	4.25e-08	1.03e-05	7.63e-04	1.21e-02	4.57e-02	7.77e-02	5.19e-01	2.99e-01	4.60e-02
 1.98048e+23	7.82e-16	2.70e-11	4.99e-08	1.19e-05	8.70e-04	1.36e-02	4.97e-02	8.18e-02	5.24e-01	2.88e-01	4.24e-02
 1.99021e+23	9.48e-16	3.27e-11	6.02e-08	1.41e-05	1.02e-03	1.55e-02	5.51e-02	8.70e-02	5.28e-01	2.75e-01	3.83e-02
 1.99945e+23	1.09e-15	3.75e-11	6.88e-08	1.59e-05	1.14e-03	1.71e-02	5.92e-02	9.08e-02	5.31e-01	2.65e-01	3.55e-02
 2.00840e+23	1.27e-15	4.42e-11	8.11e-08	1.85e-05	1.31e-03	1.94e-02	6.50e-02	9.60e-02	5.34e-01	2.53e-01	3.21e-02
 2.01753e+23	1.43e-15	5.02e-11	9.22e-08	2.09e-05	1.47e-03	2.13e-02	6.99e-02	1.00e-01	5.35e-01	2.43e-01	2.95e-02
 2.02646e+23	1.63e-15	5.78e-11	1.07e-07	2.39e-05	1.67e-03	2.39e-02	7.61e-02	1.06e-01	5.36e-01	2.30e-01	2.66e-02
 2.03557e+23	1.80e-15	6.49e-11	1.21e-07	2.69e-05	1.86e-03	2.63e-02	8.18e-02	1.10e-01	5.35e-01	2.20e-01	2.43e-02
 2.04446e+23	1.98e-15	7.29e-11	1.37e-07	3.04e-05	2.10e-03	2.92e-02	8.84e-02	1.15e-01	5.34e-01	2.09e-01	2.19e-02
 2.05354e+23	2.16e-15	8.11e-11	1.54e-07	3.41e-05	2.34e-03	3.21e-02	9.49e-02	1.20e-01	5.32e-01	1.98e-01	1.98e-02
 2.06255e+23	2.33e-15	8.96e-11	1.73e-07	3.82e-05	2.61e-03	3.53e-02	1.02e-01	1.25e-01	5.29e-01	1.87e-01	1.79e-02
 2.07159e+23	2.49e-15	9.82e-11	1.92e-07	4.26e-05	2.90e-03	3.87e-02	1.09e-01	1.31e-01	5.26e-01	1.77e-01	1.61e-02
 2.08053e+23	2.63e-15	1.07e-10	2.13e-07	4.73e-05	3.22e-03	4.24e-02	1.16e-01	1.36e-01	5.21e-01	1.67e-01	1.45e-02
 2.08946e+23	2.76e-15	1.16e-10	2.36e-07	5.24e-05	3.56e-03	4.62e-02	1.23e-01	1.41e-01	5.16e-01	1.58e-01	1.30e-02
 2.09840e+23	2.87e-15	1.25e-10	2.60e-07	5.80e-05	3.93e-03	5.03e-02	1.31e-01	1.45e-01	5.09e-01	1.48e-01	1.17e-02
 2.10738e+23	2.97e-15	1.34e-10	2.86e-07	6.41e-05	4.33e-03	5.46e-02	1.39e-01	1.50e-01	5.02e-01	1.39e-01	1.04e-02
 2.11642e+23	3.05e-15	1.43e-10	3.14e-07	7.08e-05	4.78e-03	5.93e-02	1.46e-01	1.55e-01	4.95e-01	1.31e-01	9.32e-03
 2.12554e+23	3.13e-15	1.53e-10	3.46e-07	7.83e-05	5.26e-03	6.42e-02	1.54e-01	1.60e-01	4.86e-01	1.22e-01	8.31e-03
 2.13477e+23	3.21e-15	1.64e-10	3.81e-07	8.67e-05	5.80e-03	6.95e-02	1.62e-01	1.64e-01	4.77e-01	1.14e-01	7.38e-03
 2.14405e+23	3.27e-15	1.75e-10	4.19e-07	9.60e-05	6.39e-03	7.50e-02	1.70e-01	1.68e-01	4.67e-01	1.06e-01	6.56e-03
 2.15349e+23	3.34e-15	1.88e-10	4.63e-07	1.07e-04	7.05e-03	8.11e-02	1.79e-01	1.73e-01	4.56e-01	9.88e-02	5.79e-03
 2.16303e+23	3.41e-15	2.01e-10	5.12e-07	1.19e-04	7.77e-03	8.74e-02	1.87e-01	1.77e-01	4.45e-01	9.17e-02	5.12e-03
 2.17277e+23	3.49e-15	2.17e-10	5.70e-07	1.33e-04	8.60e-03	9.43e-02	1.95e-01	1.80e-01	4.33e-01	8.47e-02	4.49e-03
 2.18183e+23	3.57e-15	2.31e-10	6.25e-07	1.46e-04	9.34e-03	1.00e-01	2.02e-01	1.83e-01	4.22e-01	7.93e-02	4.04e-03
 2.19115e+23	3.66e-15	2.51e-10	7.02e-07	1.64e-04	1.04e-02	1.08e-01	2.10e-01	1.86e-01	4.09e-01	7.27e-02	3.51e-03
 2.20064e+23	3.78e-15	2.71e-10	7.75e-07	1.82e-04	1.13e-02	1.15e-01	2.16e-01	1.89e-01	3.97e-01	6.77e-02	3.14e-03
 2.21036e+23	3.90e-15	2.97e-10	8.82e-07	2.07e-04	1.26e-02	1.24e-01	2.25e-01	1.92e-01	3.82e-01	6.16e-02	2.70e-03
 2.22014e+23	4.09e-15	3.23e-10	9.81e-07	2.29e-04	1.37e-02	1.32e-01	2.31e-01	1.93e-01	3.71e-01	5.73e-02	2.41e-03
 2.22998e+23	4.30e-15	3.60e-10	1.13e-06	2.62e-04	1.53e-02	1.42e-01	2.39e-01	1.95e-01	3.55e-01	5.20e-02	2.07e-03
 2.23987e+23	4.53e-15	3.95e-10	1.26e-06	2.92e-04	1.67e-02	1.50e-01	2.44e-01	1.96e-01	3.43e-01	4.82e-02	1.84e-03
 2.24985e+23	4.85e-15	4.45e-10	1.46e-06	3.35e-04	1.86e-02	1.61e-01	2.51e-01	1.96e-01	3.27e-01	4.35e-02	1.57e-03
 2.25991e+23	5.18e-15	4.93e-10	1.64e-06	3.74e-04	2.03e-02	1.70e-01	2.56e-01	1.97e-01	3.15e-01	4.01e-02	1.39e-03
 2.27008e+23	5.65e-15	5.65e-10	1.92e-06	4.31e-04	2.26e-02	1.82e-01	2.63e-01	1.96e-01	2.99e-01	3.61e-02	1.19e-03
 2.28038e+23	6.13e-15	6.33e-10	2.18e-06	4.83e-04	2.46e-02	1.91e-01	2.67e-01	1.96e-01	2.87e-01	3.31e-02	1.04e-03
 2.29085e+23	6.84e-15	7.37e-10	2.58e-06	5.61e-04	2.75e-02	2.04e-01	2.72e-01	1.94e-01	2.70e-01	2.96e-02	8.81e-04
 2.30150e+23	7.57e-15	8.38e-10	2.96e-06	6.31e-04	2.99e-02	2.15e-01	2.76e-01	1.93e-01	2.58e-01	2.70e-02	7.70e-04
 2.31238e+23	8.65e-15	9.93e-10	3.53e-06	7.36e-04	3.34e-02	2.29e-01	2.80e-01	1.90e-01	2.42e-01	2.39e-02	6.44e-04
 2.32349e+23	9.79e-15	1.15e-09	4.09e-06	8.32e-04	3.65e-02	2.41e-01	2.83e-01	1.88e-01	2.29e-01	2.16e-02	5.58e-04
 2.33490e+23	1.15e-14	1.39e-09	4.94e-06	9.76e-04	4.08e-02	2.56e-01	2.86e-01	1.84e-01	2.13e-01	1.90e-02	4.61e-04
 2.34659e+23	1.34e-14	1.63e-09	5.78e-06	1.11e-03	4.46e-02	2.69e-01	2.87e-01	1.81e-01	2.00e-01	1.70e-02	3.96e-04
 2.35643e+23	1.53e-14	1.88e-09	6.63e-06	1.24e-03	4.81e-02	2.80e-01	2.88e-01	1.77e-01	1.90e-01	1.55e-02	3.45e-04
 2.36699e+23	1.83e-14	2.27e-09	7.92e-06	1.43e-03	5.31e-02	2.94e-01	2.89e-01	1.73e-01	1.76e-01	1.36e-02	2.88e-04
 2.37773e+23	2.14e-14	2.65e-09	9.13e-06	1.60e-03	5.72e-02	3.06e-01	2.89e-01	1.68e-01	1.66e-01	1.23e-02	2.50e-04
 2.38705e+23	2.48e-14	3.08e-09	1.05e-05	1.79e-03	6.15e-02	3.16e-01	2.88e-01	1.64e-01	1.56e-01	1.11e-02	2.17e-04
 2.39751e+23	3.03e-14	3.74e-09	1.25e-05	2.05e-03	6.73e-02	3.30e-01	2.87e-01	1.59e-01	1.44e-01	9.76e-03	1.81e-04
 2.40794e+23	3.56e-14	4.35e-09	1.43e-05	2.27e-03	7.19e-02	3.41e-01	2.85e-01	1.55e-01	1.36e-01	8.85e-03	1.58e-04
 2.41832e+23	4.39e-14	5.31e-09	1.70e-05	2.60e-03	7.84e-02	3.54e-01	2.83e-01	1.49e-01	1.25e-01	7.74e-03	1.31e-04
 2.42883e+23	5.22e-14	6.22e-09	1.95e-05	2.88e-03	8.36e-02	3.64e-01	2.80e-01	1.44e-01	1.17e-01	6.97e-03	1.14e-04
 2.43952e+23	6.55e-14	7.64e-09	2.32e-05	3.29e-03	9.10e-02	3.78e-01	2.77e-01	1.38e-01	1.07e-01	6.06e-03	9.38e-05
 2.45041e+23	7.89e-14	9.01e-09	2.67e-05	3.65e-03	9.70e-02	3.87e-01	2.73e-01	1.33e-01	1.00e-01	5.43e-03	8.07e-05
 2.46157e+23	1.01e-13	1.12e-08	3.21e-05	4.18e-03	1.05e-01	4.00e-01	2.68e-01	1.26e-01	9.10e-02	4.67e-03	6.58e-05
 2.47289e+23	1.23e-13	1.33e-08	3.69e-05	4.63e-03	1.12e-01	4.10e-01	2.64e-01	1.21e-01	8.44e-02	4.15e-03	5.62e-05
 2.48443e+23	1.59e-13	1.67e-08	4.45e-05	5.31e-03	1.22e-01	4.21e-01	2.58e-01	1.14e-01	7.61e-02	3.54e-03	4.54e-05
 2.49625e+23	1.97e-13	2.00e-08	5.15e-05	5.90e-03	1.29e-01	4.30e-01	2.52e-01	1.09e-01	7.00e-02	3.12e-03	3.83e-05
 2.50843e+23	2.60e-13	2.53e-08	6.23e-05	6.76e-03	1.40e-01	4.41e-01	2.45e-01	1.02e-01	6.26e-02	2.64e-03	3.05e-05
 2.52093e+23	3.26e-13	3.06e-08	7.25e-05	7.52e-03	1.49e-01	4.49e-01	2.38e-01	9.67e-02	5.71e-02	2.30e-03	2.54e-05
 2.53384e+23	4.38e-13	3.92e-08	8.83e-05	8.64e-03	1.61e-01	4.58e-01	2.30e-01	8.98e-02	5.05e-02	1.91e-03	1.99e-05
 2.54688e+23	5.51e-13	4.73e-08	1.02e-04	9.58e-03	1.71e-01	4.64e-01	2.23e-01	8.46e-02	4.59e-02	1.66e-03	1.66e-05
 2.56007e+23	7.48e-13	6.09e-08	1.25e-04	1.10e-02	1.84e-01	4.72e-01	2.13e-01	7.80e-02	4.03e-02	1.37e-03	1.29e-05
 2.57339e+23	9.41e-13	7.36e-08	1.45e-04	1.22e-02	1.94e-01	4.76e-01	2.06e-01	7.32e-02	3.65e-02	1.19e-03	1.06e-05
 2.58690e+23	1.29e-12	9.49e-08	1.76e-04	1.39e-02	2.09e-01	4.81e-01	1.96e-01	6.70e-02	3.18e-02	9.70e-04	8.16e-06
 2.60004e+23	1.60e-12	1.13e-07	2.02e-04	1.52e-02	2.19e-01	4.84e-01	1.89e-01	6.28e-02	2.89e-02	8.43e-04	6.79e-06
 2.61271e+23	2.12e-12	1.42e-07	2.40e-04	1.71e-02	2.32e-01	4.86e-01	1.80e-01	5.78e-02	2.54e-02	7.01e-04	5.34e-06
 2.62608e+23	2.71e-12	1.74e-07	2.80e-04	1.89e-02	2.45e-01	4.87e-01	1.72e-01	5.35e-02	2.26e-02	5.94e-04	4.31e-06
 2.63739e+23	3.32e-12	2.04e-07	3.17e-04	2.06e-02	2.55e-01	4.88e-01	1.65e-01	5.02e-02	2.06e-02	5.18e-04	3.61e-06
 2.64913e+23	4.27e-12	2.50e-07	3.69e-04	2.27e-02	2.67e-01	4.87e-01	1.57e-01	4.63e-02	1.83e-02	4.37e-04	2.89e-06
 2.66129e+23	5.32e-12	2.98e-07	4.21e-04	2.48e-02	2.79e-01	4.86e-01	1.50e-01	4.31e-02	1.64e-02	3.76e-04	2.38e-06
 2.67225e+23	6.55e-12	3.52e-07	4.77e-04	2.69e-02	2.90e-01	4.84e-01	1.44e-01	4.01e-02	1.48e-02	3.25e-04	1.97e-06
 2.68477e+23	8.51e-12	4.33e-07	5.57e-04	2.97e-02	3.03e-01	4.81e-01	1.36e-01	3.67e-02	1.30e-02	2.70e-04	1.56e-06
 2.69775e+23	1.08e-11	5.23e-07	6.41e-04	3.25e-02	3.16e-01	4.77e-01	1.29e-01	3.38e-02	1.15e-02	2.28e-04	1.25e-06
 2.70930e+23	1.33e-11	6.18e-07	7.26e-04	3.51e-02	3.27e-01	4.73e-01	1.22e-01	3.13e-02	1.03e-02	1.96e-04	1.03e-06
 2.72229e+23	1.74e-11	7.62e-07	8.48e-04	3.87e-02	3.41e-01	4.68e-01	1.15e-01	2.84e-02	9.01e-03	1.62e-04	8.03e-07
 2.73593e+23	2.22e-11	9.25e-07	9.78e-04	4.24e-02	3.54e-01	4.61e-01	1.08e-01	2.59e-02	7.91e-03	1.35e-04	6.36e-07
 2.74827e+23	2.77e-11	1.10e-06	1.11e-03	4.59e-02	3.65e-01	4.55e-01	1.02e-01	2.38e-02	7.02e-03	1.14e-04	5.14e-07
 2.76219e+23	3.65e-11	1.37e-06	1.30e-03	5.06e-02	3.80e-01	4.47e-01	9.42e-02	2.14e-02	6.03e-03	9.24e-05	3.93e-07
 2.77657e+23	4.68e-11	1.66e-06	1.50e-03	5.51e-02	3.93e-01	4.38e-01	8.79e-02	1.94e-02	5.26e-03	7.64e-05	3.08e-07
 2.78937e+23	5.87e-11	1.98e-06	1.71e-03	5.96e-02	4.04e-01	4.30e-01	8.23e-02	1.77e-02	4.62e-03	6.40e-05	2.46e-07
 2.80386e+23	7.79e-11	2.47e-06	2.01e-03	6.57e-02	4.18e-01	4.19e-01	7.57e-02	1.58e-02	3.93e-03	5.11e-05	1.85e-07
 2.81890e+23	1.00e-10	3.01e-06	2.31e-03	7.15e-02	4.30e-01	4.08e-01	7.00e-02	1.42e-02	3.39e-03	4.17e-05	1.43e-07
 2.83242e+23	1.27e-10	3.62e-06	2.64e-03	7.72e-02	4.41e-01	3.98e-01	6.50e-02	1.28e-02	2.95e-03	3.45e-05	0.00e+00
 2.84774e+23	1.71e-10	4.56e-06	3.11e-03	8.50e-02	4.55e-01	3.84e-01	5.90e-02	1.13e-02	2.46e-03	2.70e-05	0.00e+00
 2.86358e+23	2.21e-10	5.55e-06	3.58e-03	9.22e-02	4.66e-01	3.72e-01	5.42e-02	1.01e-02	2.11e-03	2.18e-05	0.00e+00
 2.87789e+23	2.82e-10	6.70e-06	4.10e-03	9.96e-02	4.76e-01	3.60e-01	4.98e-02	9.00e-03	1.81e-03	1.77e-05	0.00e+00
 2.89430e+23	3.86e-10	8.54e-06	4.87e-03	1.10e-01	4.88e-01	3.44e-01	4.45e-02	7.79e-03	1.48e-03	1.35e-05	0.00e+00
 2.91085e+23	4.98e-10	1.04e-05	5.59e-03	1.18e-01	4.97e-01	3.31e-01	4.05e-02	6.92e-03	1.26e-03	1.08e-05	0.00e+00
 2.92759e+23	6.73e-10	1.31e-05	6.58e-03	1.30e-01	5.06e-01	3.14e-01	3.61e-02	5.98e-03	1.03e-03	8.24e-06	0.00e+00
 2.94470e+23	8.79e-10	1.60e-05	7.59e-03	1.40e-01	5.14e-01	3.00e-01	3.25e-02	5.25e-03	8.59e-04	6.47e-06	0.00e+00
 2.95974e+23	1.12e-09	1.93e-05	8.65e-03	1.50e-01	5.20e-01	2.87e-01	2.95e-02	4.65e-03	7.27e-04	5.17e-06	0.00e+00
 2.97672e+23	1.54e-09	2.45e-05	1.02e-02	1.64e-01	5.26e-01	2.70e-01	2.59e-02	3.97e-03	5.85e-04	3.86e-06	0.00e+00
 2.99413e+23	1.99e-09	2.99e-05	1.17e-02	1.76e-01	5.30e-01	2.55e-01	2.32e-02	3.47e-03	4.86e-04	3.01e-06	0.00e+00
 3.01211e+23	2.74e-09	3.80e-05	1.38e-02	1.91e-01	5.33e-01	2.38e-01	2.02e-02	2.93e-03	3.86e-04	2.21e-06	0.00e+00
 3.03037e+23	3.57e-09	4.64e-05	1.58e-02	2.05e-01	5.35e-01	2.24e-01	1.79e-02	2.54e-03	3.17e-04	1.70e-06	0.00e+00
 3.04655e+23	4.61e-09	5.63e-05	1.80e-02	2.18e-01	5.35e-01	2.11e-01	1.59e-02	2.21e-03	2.62e-04	1.32e-06	0.00e+00
 3.06511e+23	6.40e-09	7.20e-05	2.13e-02	2.36e-01	5.33e-01	1.94e-01	1.36e-02	1.83e-03	2.03e-04	9.43e-07	0.00e+00
 3.08064e+23	7.60e-09	8.19e-05	2.32e-02	2.46e-01	5.31e-01	1.85e-01	1.25e-02	1.66e-03	1.78e-04	7.88e-07	0.00e+00
