#depth	He	He+	He+2
 4.62852e+21	2.73e-08	1.41e-03	9.99e-01
 1.02909e+22	6.20e-08	2.15e-03	9.98e-01
 1.18416e+22	9.38e-08	2.64e-03	9.97e-01
 1.26170e+22	1.15e-07	2.92e-03	9.97e-01
 1.29825e+22	1.25e-07	3.04e-03	9.97e-01
 1.32287e+22	1.40e-07	3.20e-03	9.97e-01
 1.34787e+22	1.52e-07	3.34e-03	9.97e-01
 1.37336e+22	1.70e-07	3.52e-03	9.96e-01
 1.39781e+22	1.84e-07	3.66e-03	9.96e-01
 1.42091e+22	2.04e-07	3.85e-03	9.96e-01
 1.44434e+22	2.20e-07	3.99e-03	9.96e-01
 1.46820e+22	2.44e-07	4.20e-03	9.96e-01
 1.49230e+22	2.64e-07	4.37e-03	9.96e-01
 1.51672e+22	2.94e-07	4.60e-03	9.95e-01
 1.54156e+22	3.19e-07	4.78e-03	9.95e-01
 1.56696e+22	3.55e-07	5.04e-03	9.95e-01
 1.59287e+22	3.86e-07	5.25e-03	9.95e-01
 1.61945e+22	4.32e-07	5.55e-03	9.94e-01
 1.64652e+22	4.71e-07	5.79e-03	9.94e-01
 1.67421e+22	5.29e-07	6.13e-03	9.94e-01
 1.70213e+22	5.78e-07	6.40e-03	9.94e-01
 1.73035e+22	6.49e-07	6.77e-03	9.93e-01
 1.75892e+22	7.10e-07	7.08e-03	9.93e-01
 1.78795e+22	7.98e-07	7.49e-03	9.93e-01
 1.81750e+22	8.78e-07	7.85e-03	9.92e-01
 1.84773e+22	9.86e-07	8.32e-03	9.92e-01
 1.87882e+22	1.10e-06	8.76e-03	9.91e-01
 1.90553e+22	1.20e-06	9.15e-03	9.91e-01
 1.93475e+22	1.34e-06	9.67e-03	9.90e-01
 1.96585e+22	1.48e-06	1.02e-02	9.90e-01
 1.99209e+22	1.62e-06	1.06e-02	9.89e-01
 2.01503e+22	1.74e-06	1.10e-02	9.89e-01
 2.04104e+22	1.92e-06	1.15e-02	9.88e-01
 2.06850e+22	2.10e-06	1.21e-02	9.88e-01
 2.09387e+22	2.29e-06	1.26e-02	9.87e-01
 2.12287e+22	2.56e-06	1.33e-02	9.87e-01
 2.15224e+22	2.80e-06	1.39e-02	9.86e-01
 2.18212e+22	3.13e-06	1.47e-02	9.85e-01
 2.21249e+22	3.45e-06	1.54e-02	9.85e-01
 2.23905e+22	3.77e-06	1.61e-02	9.84e-01
 2.26912e+22	4.23e-06	1.70e-02	9.83e-01
 2.29995e+22	4.63e-06	1.78e-02	9.82e-01
 2.33178e+22	5.21e-06	1.89e-02	9.81e-01
 2.36426e+22	5.77e-06	1.98e-02	9.80e-01
 2.39284e+22	6.35e-06	2.08e-02	9.79e-01
 2.42526e+22	7.14e-06	2.20e-02	9.78e-01
 2.45879e+22	7.94e-06	2.32e-02	9.77e-01
 2.48869e+22	8.76e-06	2.44e-02	9.76e-01
 2.52251e+22	9.90e-06	2.59e-02	9.74e-01
 2.55714e+22	1.10e-05	2.73e-02	9.73e-01
 2.58769e+22	1.22e-05	2.87e-02	9.71e-01
 2.62225e+22	1.38e-05	3.05e-02	9.69e-01
 2.65783e+22	1.54e-05	3.22e-02	9.68e-01
 2.68949e+22	1.71e-05	3.39e-02	9.66e-01
 2.72536e+22	1.95e-05	3.61e-02	9.64e-01
 2.76224e+22	2.18e-05	3.82e-02	9.62e-01
 2.79515e+22	2.43e-05	4.02e-02	9.60e-01
 2.83264e+22	2.79e-05	4.30e-02	9.57e-01
 2.87082e+22	3.12e-05	4.54e-02	9.55e-01
 2.90992e+22	3.60e-05	4.87e-02	9.51e-01
 2.94853e+22	4.01e-05	5.13e-02	9.49e-01
 2.97983e+22	4.43e-05	5.38e-02	9.46e-01
 3.01385e+22	4.99e-05	5.71e-02	9.43e-01
 3.04864e+22	5.52e-05	5.99e-02	9.40e-01
 3.07921e+22	6.09e-05	6.28e-02	9.37e-01
 3.11374e+22	6.87e-05	6.66e-02	9.33e-01
 3.14931e+22	7.63e-05	7.01e-02	9.30e-01
 3.18111e+22	8.44e-05	7.35e-02	9.26e-01
 3.21733e+22	9.55e-05	7.80e-02	9.22e-01
 3.25391e+22	1.06e-04	8.21e-02	9.18e-01
 3.28571e+22	1.17e-04	8.61e-02	9.14e-01
 3.31436e+22	1.27e-04	8.94e-02	9.11e-01
 3.34413e+22	1.40e-04	9.38e-02	9.06e-01
 3.37448e+22	1.53e-04	9.77e-02	9.02e-01
 3.40105e+22	1.66e-04	1.01e-01	8.98e-01
 3.43107e+22	1.83e-04	1.07e-01	8.93e-01
 3.46161e+22	2.00e-04	1.11e-01	8.89e-01
 3.48870e+22	2.16e-04	1.15e-01	8.85e-01
 3.51978e+22	2.40e-04	1.21e-01	8.79e-01
 3.55102e+22	2.61e-04	1.26e-01	8.74e-01
 3.58246e+22	2.89e-04	1.32e-01	8.68e-01
 3.61437e+22	3.14e-04	1.37e-01	8.63e-01
 3.64688e+22	3.49e-04	1.44e-01	8.56e-01
 3.67975e+22	3.80e-04	1.50e-01	8.50e-01
 3.71309e+22	4.23e-04	1.57e-01	8.42e-01
 3.74685e+22	4.60e-04	1.64e-01	8.36e-01
 3.76549e+22	4.69e-04	1.65e-01	8.34e-01
 3.77406e+22	4.82e-04	1.67e-01	8.32e-01
 3.78521e+22	5.00e-04	1.70e-01	8.29e-01
 3.79970e+22	5.22e-04	1.74e-01	8.26e-01
 3.81853e+22	5.53e-04	1.78e-01	8.21e-01
 3.84302e+22	5.99e-04	1.85e-01	8.15e-01
 3.87485e+22	6.64e-04	1.94e-01	8.06e-01
 3.90882e+22	7.24e-04	2.01e-01	7.98e-01
 3.94556e+22	8.10e-04	2.12e-01	7.88e-01
 3.98330e+22	8.90e-04	2.21e-01	7.78e-01
 4.01231e+22	9.52e-04	2.27e-01	7.72e-01
 4.03998e+22	1.03e-03	2.36e-01	7.63e-01
 4.06834e+22	1.11e-03	2.43e-01	7.56e-01
 4.09760e+22	1.21e-03	2.52e-01	7.47e-01
 4.12701e+22	1.29e-03	2.60e-01	7.39e-01
 4.15663e+22	1.41e-03	2.69e-01	7.29e-01
 4.18669e+22	1.51e-03	2.77e-01	7.21e-01
 4.21730e+22	1.65e-03	2.88e-01	7.10e-01
 4.24832e+22	1.77e-03	2.97e-01	7.01e-01
 4.27987e+22	1.93e-03	3.08e-01	6.90e-01
 4.31003e+22	2.06e-03	3.16e-01	6.82e-01
 4.32999e+22	2.14e-03	3.22e-01	6.76e-01
 4.34752e+22	2.24e-03	3.28e-01	6.70e-01
 4.37030e+22	2.38e-03	3.36e-01	6.61e-01
 4.39992e+22	2.60e-03	3.48e-01	6.49e-01
 4.42520e+22	2.71e-03	3.54e-01	6.43e-01
 4.44485e+22	2.85e-03	3.62e-01	6.35e-01
 4.47040e+22	3.05e-03	3.72e-01	6.25e-01
 4.50362e+22	3.35e-03	3.86e-01	6.11e-01
 4.53432e+22	3.54e-03	3.94e-01	6.02e-01
 4.56176e+22	3.81e-03	4.06e-01	5.90e-01
 4.59744e+22	4.18e-03	4.21e-01	5.75e-01
 4.63456e+22	4.53e-03	4.34e-01	5.62e-01
 4.67355e+22	5.01e-03	4.51e-01	5.44e-01
 4.71296e+22	5.44e-03	4.65e-01	5.29e-01
 4.75290e+22	6.00e-03	4.83e-01	5.11e-01
 4.79386e+22	6.54e-03	4.98e-01	4.95e-01
 4.83613e+22	7.28e-03	5.18e-01	4.75e-01
 4.87861e+22	7.91e-03	5.34e-01	4.58e-01
 4.92135e+22	8.81e-03	5.54e-01	4.37e-01
 4.96499e+22	9.62e-03	5.71e-01	4.19e-01
 5.00978e+22	1.08e-02	5.93e-01	3.97e-01
 5.05520e+22	1.18e-02	6.11e-01	3.77e-01
 5.09050e+22	1.27e-02	6.25e-01	3.63e-01
 5.12543e+22	1.39e-02	6.42e-01	3.44e-01
 5.16017e+22	1.49e-02	6.55e-01	3.30e-01
 5.19467e+22	1.63e-02	6.72e-01	3.12e-01
 5.22963e+22	1.75e-02	6.86e-01	2.96e-01
 5.26518e+22	1.93e-02	7.03e-01	2.78e-01
 5.30116e+22	2.09e-02	7.17e-01	2.62e-01
 5.33241e+22	2.26e-02	7.30e-01	2.47e-01
 5.36777e+22	2.49e-02	7.46e-01	2.30e-01
 5.40424e+22	2.72e-02	7.59e-01	2.14e-01
 5.43630e+22	2.95e-02	7.71e-01	1.99e-01
 5.47212e+22	3.27e-02	7.84e-01	1.83e-01
 5.51003e+22	3.62e-02	7.96e-01	1.68e-01
 5.54229e+22	3.94e-02	8.05e-01	1.55e-01
 5.56946e+22	4.25e-02	8.12e-01	1.45e-01
 5.59836e+22	4.67e-02	8.19e-01	1.34e-01
 5.62844e+22	5.11e-02	8.25e-01	1.24e-01
 5.64659e+22	5.31e-02	8.27e-01	1.20e-01
 5.65359e+22	5.41e-02	8.28e-01	1.18e-01
 5.65941e+22	5.52e-02	8.29e-01	1.16e-01
 5.66674e+22	5.67e-02	8.30e-01	1.14e-01
 5.67456e+22	5.82e-02	8.30e-01	1.11e-01
 5.68174e+22	5.97e-02	8.31e-01	1.09e-01
 5.68861e+22	6.11e-02	8.32e-01	1.07e-01
 5.69545e+22	6.27e-02	8.32e-01	1.05e-01
 5.70220e+22	6.40e-02	8.32e-01	1.03e-01
 5.70914e+22	6.58e-02	8.33e-01	1.01e-01
 5.71604e+22	6.74e-02	8.33e-01	9.96e-02
 5.72249e+22	6.91e-02	8.33e-01	9.78e-02
 5.72865e+22	7.06e-02	8.33e-01	9.63e-02
 5.73483e+22	7.24e-02	8.33e-01	9.46e-02
 5.74108e+22	7.41e-02	8.33e-01	9.32e-02
 5.74736e+22	7.60e-02	8.32e-01	9.16e-02
 5.75354e+22	7.80e-02	8.32e-01	9.01e-02
 5.75929e+22	7.98e-02	8.31e-01	8.87e-02
 5.76491e+22	8.16e-02	8.31e-01	8.75e-02
 5.77088e+22	8.38e-02	8.30e-01	8.61e-02
 5.77679e+22	8.58e-02	8.29e-01	8.49e-02
 5.78240e+22	8.79e-02	8.28e-01	8.37e-02
 5.78799e+22	9.02e-02	8.27e-01	8.25e-02
 5.79338e+22	9.24e-02	8.26e-01	8.14e-02
 5.79868e+22	9.47e-02	8.25e-01	8.03e-02
 5.80404e+22	9.71e-02	8.24e-01	7.92e-02
 5.80941e+22	9.95e-02	8.22e-01	7.83e-02
 5.81477e+22	1.02e-01	8.21e-01	7.73e-02
 5.82010e+22	1.05e-01	8.19e-01	7.63e-02
 5.82540e+22	1.07e-01	8.17e-01	7.55e-02
 5.83079e+22	1.10e-01	8.15e-01	7.45e-02
 5.83609e+22	1.13e-01	8.13e-01	7.38e-02
 5.84129e+22	1.16e-01	8.11e-01	7.28e-02
 5.84647e+22	1.19e-01	8.09e-01	7.22e-02
 5.85167e+22	1.22e-01	8.06e-01	7.14e-02
 5.85702e+22	1.26e-01	8.03e-01	7.07e-02
 5.86236e+22	1.30e-01	8.01e-01	6.99e-02
 5.86757e+22	1.33e-01	7.98e-01	6.92e-02
 5.87271e+22	1.37e-01	7.94e-01	6.86e-02
 5.87796e+22	1.41e-01	7.91e-01	6.79e-02
 5.88331e+22	1.45e-01	7.87e-01	6.73e-02
 5.88869e+22	1.50e-01	7.84e-01	6.66e-02
 5.89409e+22	1.54e-01	7.80e-01	6.60e-02
 5.89953e+22	1.59e-01	7.75e-01	6.54e-02
 5.90504e+22	1.64e-01	7.71e-01	6.48e-02
 5.91064e+22	1.70e-01	7.66e-01	6.43e-02
 5.91634e+22	1.75e-01	7.61e-01	6.37e-02
 5.92215e+22	1.82e-01	7.55e-01	6.31e-02
 5.92806e+22	1.88e-01	7.50e-01	6.24e-02
 5.93410e+22	1.95e-01	7.43e-01	6.18e-02
 5.94024e+22	2.02e-01	7.37e-01	6.11e-02
 5.94651e+22	2.10e-01	7.30e-01	6.04e-02
 5.95227e+22	2.16e-01	7.24e-01	6.00e-02
 5.95730e+22	2.23e-01	7.17e-01	5.93e-02
 5.96228e+22	2.30e-01	7.11e-01	5.88e-02
 5.96766e+22	2.37e-01	7.04e-01	5.81e-02
 5.97336e+22	2.46e-01	6.97e-01	5.74e-02
 5.97894e+22	2.54e-01	6.89e-01	5.67e-02
 5.98449e+22	2.62e-01	6.82e-01	5.60e-02
 5.99030e+22	2.71e-01	6.74e-01	5.52e-02
 5.99631e+22	2.81e-01	6.65e-01	5.43e-02
 6.00227e+22	2.91e-01	6.56e-01	5.35e-02
 6.00828e+22	3.01e-01	6.47e-01	5.27e-02
 6.01452e+22	3.11e-01	6.37e-01	5.18e-02
 6.02097e+22	3.23e-01	6.26e-01	5.08e-02
 6.02747e+22	3.34e-01	6.16e-01	4.98e-02
 6.03400e+22	3.46e-01	6.05e-01	4.88e-02
 6.04073e+22	3.59e-01	5.94e-01	4.77e-02
 6.04768e+22	3.72e-01	5.82e-01	4.66e-02
 6.05476e+22	3.85e-01	5.70e-01	4.54e-02
 6.06193e+22	3.99e-01	5.57e-01	4.42e-02
 6.06927e+22	4.13e-01	5.44e-01	4.30e-02
 6.07683e+22	4.28e-01	5.31e-01	4.17e-02
 6.08460e+22	4.43e-01	5.17e-01	4.04e-02
 6.09254e+22	4.58e-01	5.03e-01	3.90e-02
 6.10067e+22	4.74e-01	4.88e-01	3.77e-02
 6.10905e+22	4.90e-01	4.73e-01	3.62e-02
 6.11772e+22	5.07e-01	4.58e-01	3.48e-02
 6.12660e+22	5.23e-01	4.43e-01	3.33e-02
 6.13560e+22	5.40e-01	4.28e-01	3.18e-02
 6.14476e+22	5.56e-01	4.13e-01	3.04e-02
 6.15410e+22	5.72e-01	3.99e-01	2.89e-02
 6.16364e+22	5.89e-01	3.84e-01	2.74e-02
 6.17358e+22	6.05e-01	3.69e-01	2.59e-02
 6.18393e+22	6.21e-01	3.54e-01	2.44e-02
 6.19431e+22	6.36e-01	3.41e-01	2.30e-02
 6.20470e+22	6.51e-01	3.28e-01	2.17e-02
 6.21561e+22	6.66e-01	3.14e-01	2.03e-02
 6.22715e+22	6.80e-01	3.01e-01	1.89e-02
 6.23897e+22	6.94e-01	2.89e-01	1.76e-02
 6.25099e+22	7.07e-01	2.77e-01	1.64e-02
 6.26344e+22	7.20e-01	2.65e-01	1.52e-02
 6.27628e+22	7.32e-01	2.54e-01	1.40e-02
 6.28881e+22	7.43e-01	2.44e-01	1.30e-02
 6.30068e+22	7.53e-01	2.35e-01	1.21e-02
 6.31209e+22	7.62e-01	2.26e-01	1.13e-02
 6.32310e+22	7.71e-01	2.19e-01	1.05e-02
 6.33373e+22	7.78e-01	2.12e-01	9.85e-03
 6.34399e+22	7.86e-01	2.05e-01	9.24e-03
 6.35381e+22	7.92e-01	1.99e-01	8.69e-03
 6.36312e+22	7.98e-01	1.94e-01	8.19e-03
 6.37201e+22	8.04e-01	1.88e-01	7.73e-03
 6.38035e+22	8.09e-01	1.84e-01	7.34e-03
 6.38842e+22	8.14e-01	1.79e-01	6.95e-03
 6.39647e+22	8.19e-01	1.75e-01	6.60e-03
 6.40424e+22	8.23e-01	1.71e-01	6.27e-03
 6.41172e+22	8.27e-01	1.67e-01	5.97e-03
 6.41891e+22	8.31e-01	1.63e-01	5.69e-03
 6.42586e+22	8.35e-01	1.59e-01	5.43e-03
 6.43257e+22	8.39e-01	1.56e-01	5.18e-03
 6.43905e+22	8.42e-01	1.53e-01	4.95e-03
 6.44530e+22	8.46e-01	1.50e-01	4.74e-03
 6.45132e+22	8.49e-01	1.47e-01	4.54e-03
 6.45713e+22	8.52e-01	1.44e-01	4.35e-03
 6.46275e+22	8.55e-01	1.41e-01	4.18e-03
 6.46817e+22	8.57e-01	1.39e-01	4.01e-03
 6.47326e+22	8.60e-01	1.36e-01	3.86e-03
 6.47788e+22	8.62e-01	1.34e-01	3.73e-03
 6.48209e+22	8.65e-01	1.32e-01	3.60e-03
 6.48593e+22	8.67e-01	1.30e-01	3.49e-03
 6.48941e+22	8.68e-01	1.28e-01	3.40e-03
 6.49259e+22	8.70e-01	1.27e-01	3.31e-03
 6.49547e+22	8.72e-01	1.25e-01	3.23e-03
 6.49864e+22	8.73e-01	1.23e-01	3.13e-03
 6.50205e+22	8.75e-01	1.22e-01	3.05e-03
 6.50516e+22	8.77e-01	1.21e-01	2.98e-03
 6.50799e+22	8.78e-01	1.19e-01	2.91e-03
 6.51057e+22	8.79e-01	1.18e-01	2.86e-03
 6.51339e+22	8.81e-01	1.17e-01	2.78e-03
 6.51705e+22	8.83e-01	1.15e-01	2.68e-03
 6.52101e+22	8.84e-01	1.13e-01	2.62e-03
 6.52462e+22	8.86e-01	1.12e-01	2.55e-03
 6.52789e+22	8.87e-01	1.11e-01	2.48e-03
 6.53149e+22	8.89e-01	1.09e-01	2.41e-03
 6.53536e+22	8.90e-01	1.07e-01	2.34e-03
 6.53889e+22	8.92e-01	1.06e-01	2.28e-03
 6.54211e+22	8.93e-01	1.05e-01	2.23e-03
 6.54503e+22	8.94e-01	1.04e-01	2.19e-03
 6.54823e+22	8.96e-01	1.02e-01	2.11e-03
 6.55239e+22	8.97e-01	1.01e-01	2.05e-03
 6.55689e+22	8.98e-01	9.95e-02	2.00e-03
 6.56098e+22	9.00e-01	9.79e-02	1.93e-03
 6.56470e+22	9.01e-01	9.66e-02	1.88e-03
 6.56809e+22	9.03e-01	9.54e-02	1.83e-03
 6.57117e+22	9.04e-01	9.42e-02	1.78e-03
 6.57397e+22	9.05e-01	9.31e-02	1.74e-03
 6.57705e+22	9.06e-01	9.18e-02	1.69e-03
 6.58037e+22	9.08e-01	9.07e-02	1.65e-03
 6.58339e+22	9.09e-01	8.97e-02	1.61e-03
 6.58613e+22	9.10e-01	8.89e-02	1.58e-03
 6.58914e+22	9.11e-01	8.76e-02	1.53e-03
 6.59239e+22	9.12e-01	8.65e-02	1.49e-03
 6.59535e+22	9.13e-01	8.56e-02	1.46e-03
 6.59859e+22	9.14e-01	8.44e-02	1.42e-03
 6.60209e+22	9.15e-01	8.33e-02	1.39e-03
 6.60528e+22	9.16e-01	8.24e-02	1.35e-03
 6.60877e+22	9.18e-01	8.12e-02	1.31e-03
 6.61253e+22	9.19e-01	8.01e-02	1.28e-03
 6.61596e+22	9.20e-01	7.91e-02	1.25e-03
 6.61908e+22	9.21e-01	7.81e-02	1.21e-03
 6.62192e+22	9.21e-01	7.74e-02	1.19e-03
 6.62503e+22	9.23e-01	7.61e-02	1.15e-03
 6.62839e+22	9.24e-01	7.53e-02	1.13e-03
 6.63145e+22	9.24e-01	7.45e-02	1.10e-03
 6.63479e+22	9.25e-01	7.35e-02	1.07e-03
 6.63841e+22	9.26e-01	7.27e-02	1.05e-03
 6.64237e+22	9.27e-01	7.16e-02	1.02e-03
 6.64665e+22	9.28e-01	7.07e-02	9.91e-04
 6.65054e+22	9.29e-01	6.96e-02	9.63e-04
 6.65408e+22	9.30e-01	6.90e-02	9.45e-04
 6.65796e+22	9.31e-01	6.77e-02	9.10e-04
 6.66215e+22	9.32e-01	6.70e-02	8.89e-04
 6.66596e+22	9.33e-01	6.61e-02	8.65e-04
 6.66943e+22	9.34e-01	6.52e-02	8.42e-04
 6.67259e+22	9.35e-01	6.46e-02	8.26e-04
 6.67605e+22	9.36e-01	6.36e-02	8.02e-04
 6.67979e+22	9.36e-01	6.29e-02	7.84e-04
 6.68388e+22	9.37e-01	6.19e-02	7.60e-04
 6.68830e+22	9.38e-01	6.12e-02	7.41e-04
 6.69232e+22	9.39e-01	6.04e-02	7.23e-04
 6.69673e+22	9.40e-01	5.93e-02	6.97e-04
 6.70148e+22	9.41e-01	5.85e-02	6.78e-04
 6.70581e+22	9.42e-01	5.76e-02	6.57e-04
 6.70975e+22	9.42e-01	5.69e-02	6.42e-04
 6.71407e+22	9.43e-01	5.60e-02	6.21e-04
 6.71873e+22	9.44e-01	5.52e-02	6.04e-04
 6.72297e+22	9.45e-01	5.45e-02	5.89e-04
 6.72761e+22	9.46e-01	5.35e-02	5.67e-04
 6.73263e+22	9.47e-01	5.27e-02	5.50e-04
 6.73720e+22	9.47e-01	5.20e-02	5.37e-04
 6.74220e+22	9.48e-01	5.10e-02	5.16e-04
 6.74760e+22	9.49e-01	5.03e-02	5.02e-04
 6.75251e+22	9.50e-01	4.95e-02	4.86e-04
 6.75698e+22	9.51e-01	4.88e-02	4.73e-04
 6.76189e+22	9.52e-01	4.79e-02	4.55e-04
 6.76718e+22	9.52e-01	4.73e-02	4.43e-04
 6.77199e+22	9.53e-01	4.65e-02	4.29e-04
 6.77727e+22	9.54e-01	4.56e-02	4.14e-04
 6.78296e+22	9.55e-01	4.49e-02	4.00e-04
 6.78814e+22	9.55e-01	4.43e-02	3.89e-04
 6.79382e+22	9.56e-01	4.34e-02	3.74e-04
 6.79995e+22	9.57e-01	4.27e-02	3.63e-04
 6.80553e+22	9.58e-01	4.20e-02	3.50e-04
 6.81061e+22	9.58e-01	4.14e-02	3.40e-04
 6.81618e+22	9.59e-01	4.05e-02	3.27e-04
 6.82218e+22	9.60e-01	3.99e-02	3.16e-04
 6.82765e+22	9.60e-01	3.93e-02	3.07e-04
 6.83364e+22	9.61e-01	3.85e-02	2.95e-04
 6.84010e+22	9.62e-01	3.78e-02	2.85e-04
 6.84599e+22	9.62e-01	3.72e-02	2.76e-04
 6.85244e+22	9.63e-01	3.64e-02	2.65e-04
 6.85940e+22	9.64e-01	3.58e-02	2.55e-04
 6.86573e+22	9.65e-01	3.52e-02	2.47e-04
 6.87267e+22	9.65e-01	3.44e-02	2.36e-04
 6.88017e+22	9.66e-01	3.37e-02	2.27e-04
 6.88698e+22	9.67e-01	3.31e-02	2.19e-04
 6.89319e+22	9.67e-01	3.25e-02	2.12e-04
 6.89999e+22	9.68e-01	3.18e-02	2.03e-04
 6.90733e+22	9.69e-01	3.12e-02	1.95e-04
 6.91401e+22	9.69e-01	3.07e-02	1.88e-04
 6.92133e+22	9.70e-01	3.00e-02	1.80e-04
 6.92924e+22	9.70e-01	2.94e-02	1.73e-04
 6.93643e+22	9.71e-01	2.89e-02	1.67e-04
 6.94431e+22	9.72e-01	2.82e-02	1.59e-04
 6.95282e+22	9.72e-01	2.76e-02	1.53e-04
 6.96056e+22	9.73e-01	2.70e-02	1.46e-04
 6.96760e+22	9.73e-01	2.65e-02	1.41e-04
 6.97532e+22	9.74e-01	2.59e-02	1.35e-04
 6.98366e+22	9.74e-01	2.54e-02	1.30e-04
 6.99124e+22	9.75e-01	2.49e-02	1.25e-04
 6.99955e+22	9.76e-01	2.43e-02	1.19e-04
 7.00853e+22	9.76e-01	2.38e-02	1.14e-04
 7.01669e+22	9.77e-01	2.33e-02	1.09e-04
 7.02564e+22	9.77e-01	2.27e-02	1.04e-04
 7.03530e+22	9.78e-01	2.22e-02	9.95e-05
 7.04409e+22	9.78e-01	2.17e-02	9.51e-05
 7.05209e+22	9.79e-01	2.13e-02	9.15e-05
 7.06085e+22	9.79e-01	2.08e-02	8.73e-05
 7.07031e+22	9.80e-01	2.03e-02	8.34e-05
 7.07892e+22	9.80e-01	1.99e-02	7.99e-05
 7.08836e+22	9.81e-01	1.94e-02	7.60e-05
 7.10063e+22	9.81e-01	1.87e-02	7.12e-05
 7.11419e+22	9.82e-01	1.81e-02	6.66e-05
 7.12766e+22	9.82e-01	1.75e-02	6.23e-05
 7.14149e+22	9.83e-01	1.69e-02	5.82e-05
 7.15557e+22	9.84e-01	1.63e-02	5.43e-05
 7.16982e+22	9.84e-01	1.58e-02	5.07e-05
 7.18421e+22	9.85e-01	1.52e-02	4.72e-05
 7.19873e+22	9.85e-01	1.47e-02	4.40e-05
 7.21341e+22	9.86e-01	1.41e-02	4.10e-05
 7.22823e+22	9.86e-01	1.36e-02	3.82e-05
 7.24319e+22	9.87e-01	1.32e-02	3.56e-05
 7.25828e+22	9.87e-01	1.27e-02	3.31e-05
 7.27349e+22	9.88e-01	1.22e-02	3.08e-05
 7.28883e+22	9.88e-01	1.18e-02	2.86e-05
 7.30429e+22	9.89e-01	1.13e-02	2.66e-05
 7.31984e+22	9.89e-01	1.09e-02	2.47e-05
 7.33549e+22	9.89e-01	1.05e-02	2.29e-05
 7.35124e+22	9.90e-01	1.01e-02	2.13e-05
 7.36712e+22	9.90e-01	9.76e-03	1.98e-05
 7.38312e+22	9.91e-01	9.40e-03	1.84e-05
 7.39922e+22	9.91e-01	9.05e-03	1.70e-05
 7.41543e+22	9.91e-01	8.70e-03	1.58e-05
 7.43175e+22	9.92e-01	8.38e-03	1.46e-05
 7.44817e+22	9.92e-01	8.06e-03	1.36e-05
 7.46496e+22	9.92e-01	7.75e-03	1.26e-05
 7.48208e+22	9.93e-01	7.44e-03	1.16e-05
 7.49934e+22	9.93e-01	7.15e-03	1.07e-05
 7.51679e+22	9.93e-01	6.87e-03	9.92e-06
 7.53440e+22	9.93e-01	6.60e-03	9.16e-06
 7.55217e+22	9.94e-01	6.33e-03	8.45e-06
 7.57013e+22	9.94e-01	6.08e-03	7.79e-06
 7.58830e+22	9.94e-01	5.83e-03	7.18e-06
 7.60675e+22	9.94e-01	5.59e-03	6.61e-06
 7.62547e+22	9.95e-01	5.36e-03	6.08e-06
 7.64466e+22	9.95e-01	5.13e-03	5.58e-06
 7.66428e+22	9.95e-01	4.91e-03	5.12e-06
 7.68417e+22	9.95e-01	4.69e-03	4.69e-06
 7.70439e+22	9.96e-01	4.49e-03	4.29e-06
 7.72491e+22	9.96e-01	4.29e-03	3.92e-06
 7.74579e+22	9.96e-01	4.09e-03	3.58e-06
 7.76702e+22	9.96e-01	3.90e-03	3.27e-06
 7.78867e+22	9.96e-01	3.72e-03	2.97e-06
 7.81082e+22	9.96e-01	3.55e-03	2.70e-06
 7.83344e+22	9.97e-01	3.38e-03	2.45e-06
 7.85652e+22	9.97e-01	3.21e-03	2.22e-06
 7.88007e+22	9.97e-01	3.05e-03	2.01e-06
 7.90412e+22	9.97e-01	2.90e-03	1.81e-06
 7.92847e+22	9.97e-01	2.75e-03	1.64e-06
 7.95303e+22	9.97e-01	2.61e-03	1.48e-06
 7.97782e+22	9.98e-01	2.47e-03	1.33e-06
 8.00273e+22	9.98e-01	2.35e-03	1.20e-06
 8.02779e+22	9.98e-01	2.22e-03	1.08e-06
 8.05309e+22	9.98e-01	2.11e-03	9.72e-07
 8.07856e+22	9.98e-01	2.00e-03	8.74e-07
 8.10418e+22	9.98e-01	1.89e-03	7.86e-07
 8.12996e+22	9.98e-01	1.79e-03	7.06e-07
 8.15593e+22	9.98e-01	1.70e-03	6.34e-07
 8.18199e+22	9.98e-01	1.61e-03	5.70e-07
 8.20812e+22	9.98e-01	1.52e-03	5.11e-07
 8.23448e+22	9.99e-01	1.44e-03	4.58e-07
 8.26109e+22	9.99e-01	1.36e-03	4.11e-07
 8.28784e+22	9.99e-01	1.28e-03	3.68e-07
 8.31472e+22	9.99e-01	1.21e-03	3.29e-07
 8.34174e+22	9.99e-01	1.15e-03	2.94e-07
 8.36888e+22	9.99e-01	1.08e-03	2.63e-07
 8.39615e+22	9.99e-01	1.02e-03	2.35e-07
 8.42354e+22	9.99e-01	9.63e-04	2.10e-07
 8.45104e+22	9.99e-01	9.09e-04	1.87e-07
 8.47863e+22	9.99e-01	8.57e-04	1.67e-07
 8.50630e+22	9.99e-01	8.07e-04	1.49e-07
 8.53404e+22	9.99e-01	7.61e-04	1.32e-07
 8.56182e+22	9.99e-01	7.17e-04	1.18e-07
 8.58964e+22	9.99e-01	6.75e-04	1.05e-07
 8.61745e+22	9.99e-01	6.37e-04	9.35e-08
 8.64453e+22	9.99e-01	6.01e-04	8.36e-08
 8.67148e+22	9.99e-01	5.67e-04	7.45e-08
 8.69915e+22	9.99e-01	5.33e-04	6.62e-08
 8.72706e+22	9.99e-01	5.02e-04	5.89e-08
 8.75439e+22	1.00e+00	4.73e-04	5.24e-08
 8.78128e+22	1.00e+00	4.45e-04	4.67e-08
 8.80810e+22	1.00e+00	4.20e-04	4.17e-08
 8.83416e+22	1.00e+00	3.96e-04	3.73e-08
 8.85945e+22	1.00e+00	3.75e-04	3.36e-08
 8.88370e+22	1.00e+00	3.56e-04	3.04e-08
 8.90688e+22	1.00e+00	3.38e-04	2.75e-08
 8.92888e+22	1.00e+00	3.22e-04	2.51e-08
 8.94896e+22	1.00e+00	3.08e-04	2.31e-08
 8.96703e+22	1.00e+00	2.96e-04	2.14e-08
 8.98349e+22	1.00e+00	2.86e-04	1.99e-08
 8.99863e+22	1.00e+00	2.76e-04	1.87e-08
 9.01271e+22	1.00e+00	2.68e-04	1.76e-08
 9.02593e+22	1.00e+00	2.60e-04	1.67e-08
 9.03849e+22	1.00e+00	2.53e-04	1.58e-08
 9.05057e+22	1.00e+00	2.46e-04	1.50e-08
 9.06227e+22	1.00e+00	2.40e-04	1.43e-08
 9.07371e+22	1.00e+00	2.34e-04	1.36e-08
 9.08504e+22	1.00e+00	2.28e-04	1.30e-08
 9.09622e+22	1.00e+00	2.23e-04	1.24e-08
 9.10744e+22	1.00e+00	2.18e-04	1.18e-08
 9.11888e+22	1.00e+00	2.12e-04	1.13e-08
 9.13057e+22	1.00e+00	2.07e-04	1.08e-08
 9.14262e+22	1.00e+00	2.02e-04	1.02e-08
 9.15499e+22	1.00e+00	1.96e-04	9.73e-09
 9.16782e+22	1.00e+00	1.91e-04	9.22e-09
 9.18130e+22	1.00e+00	1.86e-04	8.72e-09
 9.19551e+22	1.00e+00	1.80e-04	8.21e-09
 9.21057e+22	1.00e+00	1.74e-04	7.70e-09
 9.22656e+22	1.00e+00	1.68e-04	7.19e-09
 9.24348e+22	1.00e+00	1.62e-04	6.69e-09
 9.25460e+22	1.00e+00	1.60e-04	6.52e-09
