#depth	H	H+	H2
 6.94012e+21	3.65e-04	1.00e+00	1.78e-21
 1.70769e+22	4.74e-04	1.00e+00	5.03e-21
 2.18718e+22	5.40e-04	9.99e-01	1.02e-20
 2.47530e+22	5.98e-04	9.99e-01	1.82e-20
 2.66581e+22	6.29e-04	9.99e-01	2.42e-20
 2.78977e+22	6.61e-04	9.99e-01	3.22e-20
 2.93179e+22	7.03e-04	9.99e-01	4.61e-20
 3.07496e+22	7.39e-04	9.99e-01	6.19e-20
 3.21960e+22	7.86e-04	9.99e-01	9.17e-20
 3.36530e+22	8.28e-04	9.99e-01	1.30e-19
 3.49217e+22	8.70e-04	9.99e-01	1.77e-19
 3.63690e+22	9.27e-04	9.99e-01	2.86e-19
 3.78345e+22	9.73e-04	9.99e-01	3.97e-19
 3.93238e+22	1.04e-03	9.99e-01	6.40e-19
 4.08294e+22	1.09e-03	9.99e-01	9.87e-19
 4.21506e+22	1.15e-03	9.99e-01	1.44e-18
 4.36622e+22	1.23e-03	9.99e-01	2.76e-18
 4.51934e+22	1.29e-03	9.99e-01	4.13e-18
 4.67500e+22	1.38e-03	9.99e-01	7.85e-18
 4.83377e+22	1.45e-03	9.99e-01	1.51e-17
 4.99659e+22	1.55e-03	9.98e-01	3.14e-17
 5.16207e+22	1.64e-03	9.98e-01	6.36e-17
 5.33099e+22	1.76e-03	9.98e-01	1.15e-16
 5.50315e+22	1.86e-03	9.98e-01	2.01e-16
 5.65630e+22	1.97e-03	9.98e-01	2.91e-16
 5.83221e+22	2.11e-03	9.98e-01	4.69e-16
 5.95650e+22	2.15e-03	9.98e-01	5.26e-16
 5.99327e+22	2.17e-03	9.98e-01	5.52e-16
 6.02067e+22	2.20e-03	9.98e-01	6.03e-16
 6.05629e+22	2.22e-03	9.98e-01	6.46e-16
 6.10259e+22	2.26e-03	9.98e-01	7.13e-16
 6.16279e+22	2.32e-03	9.98e-01	8.25e-16
 6.24104e+22	2.40e-03	9.98e-01	1.00e-15
 6.34277e+22	2.49e-03	9.98e-01	1.29e-15
 6.47502e+22	2.64e-03	9.97e-01	1.89e-15
 6.60810e+22	2.74e-03	9.97e-01	2.38e-15
 6.74227e+22	2.89e-03	9.97e-01	3.32e-15
 6.87994e+22	3.02e-03	9.97e-01	4.25e-15
 7.02217e+22	3.19e-03	9.97e-01	5.68e-15
 7.16744e+22	3.34e-03	9.97e-01	7.11e-15
 7.31666e+22	3.53e-03	9.96e-01	9.46e-15
 7.46804e+22	3.70e-03	9.96e-01	1.19e-14
 7.62225e+22	3.92e-03	9.96e-01	1.54e-14
 7.78084e+22	4.12e-03	9.96e-01	1.91e-14
 7.94514e+22	4.37e-03	9.96e-01	2.48e-14
 8.11246e+22	4.60e-03	9.95e-01	3.05e-14
 8.28372e+22	4.91e-03	9.95e-01	3.94e-14
 8.45469e+22	5.16e-03	9.95e-01	4.81e-14
 8.62529e+22	5.51e-03	9.94e-01	6.22e-14
 8.79719e+22	5.79e-03	9.94e-01	7.61e-14
 8.97077e+22	6.19e-03	9.94e-01	9.89e-14
 9.14508e+22	6.52e-03	9.93e-01	1.21e-13
 9.32034e+22	7.00e-03	9.93e-01	1.59e-13
 9.49595e+22	7.38e-03	9.93e-01	1.97e-13
 9.67201e+22	7.95e-03	9.92e-01	2.61e-13
 9.84800e+22	8.41e-03	9.92e-01	3.24e-13
 1.00239e+23	9.13e-03	9.91e-01	4.37e-13
 1.01991e+23	9.70e-03	9.90e-01	5.50e-13
 1.03733e+23	1.06e-02	9.89e-01	7.48e-13
 1.05485e+23	1.13e-02	9.89e-01	9.63e-13
 1.07251e+23	1.25e-02	9.88e-01	1.35e-12
 1.09022e+23	1.36e-02	9.86e-01	1.79e-12
 1.10800e+23	1.51e-02	9.85e-01	2.58e-12
 1.12605e+23	1.67e-02	9.83e-01	3.57e-12
 1.14165e+23	1.86e-02	9.81e-01	4.94e-12
 1.15502e+23	2.03e-02	9.80e-01	6.39e-12
 1.16832e+23	2.27e-02	9.77e-01	8.94e-12
 1.18225e+23	2.55e-02	9.74e-01	1.24e-11
 1.19489e+23	2.88e-02	9.71e-01	1.73e-11
 1.20919e+23	3.37e-02	9.66e-01	2.67e-11
 1.22379e+23	4.00e-02	9.60e-01	4.13e-11
 1.23554e+23	4.70e-02	9.53e-01	6.14e-11
 1.24555e+23	5.46e-02	9.45e-01	8.82e-11
 1.25475e+23	6.39e-02	9.36e-01	1.28e-10
 1.26305e+23	7.46e-02	9.25e-01	1.83e-10
 1.27041e+23	8.68e-02	9.13e-01	2.58e-10
 1.27708e+23	1.01e-01	8.99e-01	3.59e-10
 1.28326e+23	1.17e-01	8.83e-01	4.97e-10
 1.28906e+23	1.36e-01	8.64e-01	6.86e-10
 1.29448e+23	1.57e-01	8.43e-01	9.42e-10
 1.29968e+23	1.82e-01	8.18e-01	1.27e-09
 1.30480e+23	2.12e-01	7.88e-01	1.74e-09
 1.30960e+23	2.44e-01	7.56e-01	2.34e-09
 1.31387e+23	2.78e-01	7.22e-01	3.02e-09
 1.31774e+23	3.12e-01	6.88e-01	3.81e-09
 1.32125e+23	3.46e-01	6.54e-01	4.63e-09
 1.32428e+23	3.77e-01	6.23e-01	5.47e-09
 1.32654e+23	4.01e-01	5.99e-01	6.12e-09
 1.32819e+23	4.18e-01	5.82e-01	6.61e-09
 1.32994e+23	4.37e-01	5.63e-01	7.21e-09
 1.33203e+23	4.61e-01	5.39e-01	7.95e-09
 1.33426e+23	4.85e-01	5.15e-01	8.71e-09
 1.33643e+23	5.07e-01	4.93e-01	9.42e-09
 1.33846e+23	5.29e-01	4.71e-01	1.01e-08
 1.34003e+23	5.44e-01	4.56e-01	1.06e-08
 1.34110e+23	5.55e-01	4.45e-01	1.10e-08
 1.34218e+23	5.66e-01	4.34e-01	1.14e-08
 1.34345e+23	5.77e-01	4.23e-01	1.17e-08
 1.34489e+23	5.91e-01	4.09e-01	1.22e-08
 1.34633e+23	6.04e-01	3.96e-01	1.27e-08
 1.34767e+23	6.15e-01	3.85e-01	1.31e-08
 1.34902e+23	6.27e-01	3.73e-01	1.35e-08
 1.35044e+23	6.38e-01	3.62e-01	1.39e-08
 1.35195e+23	6.50e-01	3.50e-01	1.43e-08
 1.35347e+23	6.61e-01	3.39e-01	1.47e-08
 1.35498e+23	6.72e-01	3.28e-01	1.51e-08
 1.35654e+23	6.83e-01	3.17e-01	1.54e-08
 1.35817e+23	6.94e-01	3.06e-01	1.58e-08
 1.35985e+23	7.05e-01	2.95e-01	1.62e-08
 1.36155e+23	7.15e-01	2.85e-01	1.65e-08
 1.36329e+23	7.25e-01	2.75e-01	1.69e-08
 1.36511e+23	7.34e-01	2.66e-01	1.72e-08
 1.36699e+23	7.44e-01	2.56e-01	1.76e-08
 1.36890e+23	7.53e-01	2.47e-01	1.79e-08
 1.37087e+23	7.62e-01	2.38e-01	1.82e-08
 1.37292e+23	7.71e-01	2.29e-01	1.85e-08
 1.37504e+23	7.80e-01	2.20e-01	1.88e-08
 1.37724e+23	7.88e-01	2.12e-01	1.91e-08
 1.37954e+23	7.97e-01	2.03e-01	1.94e-08
 1.38189e+23	8.04e-01	1.96e-01	1.97e-08
 1.38431e+23	8.12e-01	1.88e-01	2.00e-08
 1.38684e+23	8.19e-01	1.81e-01	2.03e-08
 1.38945e+23	8.26e-01	1.74e-01	2.06e-08
 1.39211e+23	8.33e-01	1.67e-01	2.09e-08
 1.39484e+23	8.39e-01	1.61e-01	2.12e-08
 1.39768e+23	8.45e-01	1.55e-01	2.15e-08
 1.40064e+23	8.51e-01	1.49e-01	2.18e-08
 1.40367e+23	8.56e-01	1.44e-01	2.22e-08
 1.40677e+23	8.62e-01	1.38e-01	2.25e-08
 1.41001e+23	8.66e-01	1.34e-01	2.30e-08
 1.41347e+23	8.71e-01	1.29e-01	2.34e-08
 1.41703e+23	8.75e-01	1.25e-01	2.39e-08
 1.42073e+23	8.80e-01	1.20e-01	2.44e-08
 1.42466e+23	8.84e-01	1.16e-01	2.51e-08
 1.42882e+23	8.88e-01	1.12e-01	2.58e-08
 1.43318e+23	8.92e-01	1.08e-01	2.67e-08
 1.43766e+23	8.95e-01	1.05e-01	2.76e-08
 1.44205e+23	8.99e-01	1.01e-01	2.86e-08
 1.44625e+23	9.01e-01	9.86e-02	2.97e-08
 1.45036e+23	9.04e-01	9.59e-02	3.08e-08
 1.45438e+23	9.07e-01	9.34e-02	3.20e-08
 1.45831e+23	9.09e-01	9.10e-02	3.31e-08
 1.46207e+23	9.11e-01	8.88e-02	3.41e-08
 1.46566e+23	9.13e-01	8.67e-02	3.53e-08
 1.46903e+23	9.15e-01	8.48e-02	3.64e-08
 1.47230e+23	9.17e-01	8.30e-02	3.76e-08
 1.47558e+23	9.19e-01	8.12e-02	3.89e-08
 1.47875e+23	9.21e-01	7.95e-02	4.03e-08
 1.48181e+23	9.22e-01	7.78e-02	4.18e-08
 1.48476e+23	9.24e-01	7.63e-02	4.34e-08
 1.48761e+23	9.25e-01	7.48e-02	4.50e-08
 1.49037e+23	9.27e-01	7.33e-02	4.66e-08
 1.49303e+23	9.28e-01	7.19e-02	4.84e-08
 1.49559e+23	9.29e-01	7.06e-02	5.03e-08
 1.49806e+23	9.31e-01	6.93e-02	5.24e-08
 1.50045e+23	9.32e-01	6.81e-02	5.46e-08
 1.50272e+23	9.33e-01	6.69e-02	5.68e-08
 1.50494e+23	9.34e-01	6.57e-02	5.93e-08
 1.50709e+23	9.35e-01	6.46e-02	6.19e-08
 1.50906e+23	9.36e-01	6.36e-02	6.43e-08
 1.51084e+23	9.37e-01	6.27e-02	6.67e-08
 1.51247e+23	9.38e-01	6.19e-02	6.91e-08
 1.51395e+23	9.39e-01	6.12e-02	7.13e-08
 1.51529e+23	9.39e-01	6.06e-02	7.34e-08
 1.51652e+23	9.40e-01	6.00e-02	7.53e-08
 1.51763e+23	9.41e-01	5.95e-02	7.71e-08
 1.51885e+23	9.41e-01	5.88e-02	7.95e-08
 1.52017e+23	9.42e-01	5.80e-02	8.18e-08
 1.52137e+23	9.43e-01	5.74e-02	8.37e-08
 1.52269e+23	9.43e-01	5.67e-02	8.62e-08
 1.52411e+23	9.44e-01	5.59e-02	8.86e-08
 1.52540e+23	9.45e-01	5.52e-02	9.07e-08
 1.52657e+23	9.45e-01	5.47e-02	9.31e-08
 1.52764e+23	9.46e-01	5.42e-02	9.44e-08
 1.52882e+23	9.46e-01	5.36e-02	9.62e-08
 1.53008e+23	9.47e-01	5.31e-02	9.79e-08
 1.53147e+23	9.48e-01	5.23e-02	9.96e-08
 1.53296e+23	9.48e-01	5.17e-02	1.01e-07
 1.53433e+23	9.49e-01	5.10e-02	1.03e-07
 1.53557e+23	9.49e-01	5.07e-02	1.04e-07
 1.53692e+23	9.50e-01	5.00e-02	1.05e-07
 1.53869e+23	9.51e-01	4.91e-02	1.07e-07
 1.54060e+23	9.52e-01	4.82e-02	1.09e-07
 1.54233e+23	9.53e-01	4.75e-02	1.10e-07
 1.54391e+23	9.53e-01	4.70e-02	1.10e-07
 1.54535e+23	9.54e-01	4.65e-02	1.11e-07
 1.54665e+23	9.54e-01	4.60e-02	1.11e-07
 1.54809e+23	9.55e-01	4.55e-02	1.11e-07
 1.54963e+23	9.55e-01	4.47e-02	1.12e-07
 1.55104e+23	9.56e-01	4.43e-02	1.12e-07
 1.55232e+23	9.56e-01	4.38e-02	1.12e-07
 1.55349e+23	9.57e-01	4.34e-02	1.12e-07
 1.55476e+23	9.57e-01	4.30e-02	1.11e-07
 1.55614e+23	9.58e-01	4.23e-02	1.11e-07
 1.55740e+23	9.58e-01	4.19e-02	1.11e-07
 1.55877e+23	9.59e-01	4.14e-02	1.11e-07
 1.56026e+23	9.59e-01	4.08e-02	1.11e-07
 1.56161e+23	9.60e-01	4.04e-02	1.11e-07
 1.56309e+23	9.60e-01	3.98e-02	1.10e-07
 1.56468e+23	9.61e-01	3.92e-02	1.10e-07
 1.56614e+23	9.61e-01	3.88e-02	1.09e-07
 1.56746e+23	9.62e-01	3.84e-02	1.09e-07
 1.56867e+23	9.62e-01	3.80e-02	1.08e-07
 1.56976e+23	9.62e-01	3.78e-02	1.08e-07
 1.57096e+23	9.63e-01	3.74e-02	1.07e-07
 1.57252e+23	9.63e-01	3.68e-02	1.07e-07
 1.57421e+23	9.64e-01	3.62e-02	1.07e-07
 1.57574e+23	9.64e-01	3.58e-02	1.06e-07
 1.57714e+23	9.65e-01	3.54e-02	1.06e-07
 1.57841e+23	9.65e-01	3.52e-02	1.06e-07
 1.57980e+23	9.65e-01	3.48e-02	1.05e-07
 1.58130e+23	9.66e-01	3.44e-02	1.05e-07
 1.58267e+23	9.66e-01	3.40e-02	1.05e-07
 1.58417e+23	9.66e-01	3.36e-02	1.04e-07
 1.58578e+23	9.67e-01	3.32e-02	1.04e-07
 1.58725e+23	9.67e-01	3.28e-02	1.04e-07
 1.58859e+23	9.67e-01	3.26e-02	1.03e-07
 1.59006e+23	9.68e-01	3.22e-02	1.03e-07
 1.59164e+23	9.68e-01	3.18e-02	1.03e-07
 1.59309e+23	9.68e-01	3.15e-02	1.03e-07
 1.59467e+23	9.69e-01	3.11e-02	1.02e-07
 1.59637e+23	9.69e-01	3.07e-02	1.02e-07
 1.59792e+23	9.70e-01	3.04e-02	1.02e-07
 1.59962e+23	9.70e-01	3.00e-02	1.01e-07
 1.60146e+23	9.70e-01	2.95e-02	1.01e-07
 1.60313e+23	9.71e-01	2.92e-02	1.01e-07
 1.60465e+23	9.71e-01	2.90e-02	1.01e-07
 1.60632e+23	9.71e-01	2.86e-02	1.00e-07
 1.60812e+23	9.72e-01	2.82e-02	1.00e-07
 1.60975e+23	9.72e-01	2.79e-02	9.98e-08
 1.61155e+23	9.72e-01	2.76e-02	9.92e-08
 1.61348e+23	9.73e-01	2.71e-02	9.93e-08
 1.61524e+23	9.73e-01	2.69e-02	9.91e-08
 1.61718e+23	9.74e-01	2.65e-02	9.86e-08
 1.61926e+23	9.74e-01	2.61e-02	9.89e-08
 1.62116e+23	9.74e-01	2.58e-02	9.88e-08
 1.62324e+23	9.75e-01	2.54e-02	9.85e-08
 1.62548e+23	9.75e-01	2.50e-02	9.87e-08
 1.62752e+23	9.75e-01	2.47e-02	9.87e-08
 1.62976e+23	9.76e-01	2.43e-02	9.83e-08
 1.63217e+23	9.76e-01	2.39e-02	9.87e-08
 1.63437e+23	9.76e-01	2.36e-02	9.84e-08
 1.63637e+23	9.77e-01	2.34e-02	9.84e-08
 1.63857e+23	9.77e-01	2.30e-02	9.80e-08
 1.64093e+23	9.77e-01	2.26e-02	9.81e-08
 1.64309e+23	9.78e-01	2.24e-02	9.82e-08
 1.64545e+23	9.78e-01	2.20e-02	9.80e-08
 1.64799e+23	9.78e-01	2.16e-02	9.81e-08
 1.65031e+23	9.79e-01	2.14e-02	9.81e-08
 1.65285e+23	9.79e-01	2.10e-02	9.79e-08
 1.65559e+23	9.79e-01	2.07e-02	9.82e-08
 1.65809e+23	9.80e-01	2.04e-02	9.80e-08
 1.66036e+23	9.80e-01	2.02e-02	9.80e-08
 1.66285e+23	9.80e-01	1.98e-02	9.77e-08
 1.66554e+23	9.81e-01	1.95e-02	9.78e-08
 1.66798e+23	9.81e-01	1.93e-02	9.79e-08
 1.67066e+23	9.81e-01	1.89e-02	9.77e-08
 1.67355e+23	9.81e-01	1.86e-02	9.78e-08
 1.67619e+23	9.82e-01	1.84e-02	9.79e-08
 1.67907e+23	9.82e-01	1.80e-02	9.77e-08
 1.68218e+23	9.82e-01	1.77e-02	9.78e-08
 1.68502e+23	9.83e-01	1.75e-02	9.79e-08
 1.68812e+23	9.83e-01	1.71e-02	9.77e-08
 1.69147e+23	9.83e-01	1.68e-02	9.78e-08
 1.69452e+23	9.83e-01	1.66e-02	9.79e-08
 1.69787e+23	9.84e-01	1.63e-02	9.79e-08
 1.70148e+23	9.84e-01	1.59e-02	9.80e-08
 1.70476e+23	9.84e-01	1.57e-02	9.78e-08
 1.70775e+23	9.85e-01	1.55e-02	9.79e-08
 1.71102e+23	9.85e-01	1.52e-02	9.79e-08
 1.71456e+23	9.85e-01	1.49e-02	9.80e-08
 1.71777e+23	9.85e-01	1.46e-02	9.79e-08
 1.72070e+23	9.86e-01	1.44e-02	9.79e-08
 1.72391e+23	9.86e-01	1.42e-02	9.79e-08
 1.72737e+23	9.86e-01	1.39e-02	9.81e-08
 1.73117e+23	9.86e-01	1.36e-02	9.80e-08
 1.73526e+23	9.87e-01	1.34e-02	9.82e-08
 1.73899e+23	9.87e-01	1.31e-02	9.82e-08
 1.74239e+23	9.87e-01	1.29e-02	9.82e-08
 1.74610e+23	9.87e-01	1.27e-02	9.84e-08
 1.75012e+23	9.88e-01	1.24e-02	9.84e-08
 1.75377e+23	9.88e-01	1.22e-02	9.84e-08
 1.75777e+23	9.88e-01	1.20e-02	9.86e-08
 1.76209e+23	9.88e-01	1.17e-02	9.86e-08
 1.76602e+23	9.88e-01	1.15e-02	9.86e-08
 1.77033e+23	9.89e-01	1.13e-02	9.88e-08
 1.77577e+23	9.89e-01	1.09e-02	9.88e-08
 1.78150e+23	9.89e-01	1.07e-02	9.90e-08
 1.78724e+23	9.90e-01	1.04e-02	9.91e-08
 1.79321e+23	9.90e-01	1.01e-02	9.92e-08
 1.79917e+23	9.90e-01	9.81e-03	9.93e-08
 1.80519e+23	9.90e-01	9.54e-03	9.94e-08
 1.81127e+23	9.91e-01	9.27e-03	9.95e-08
 1.81739e+23	9.91e-01	9.01e-03	9.96e-08
 1.82357e+23	9.91e-01	8.75e-03	9.97e-08
 1.82983e+23	9.91e-01	8.50e-03	9.99e-08
 1.83614e+23	9.92e-01	8.26e-03	1.00e-07
 1.84251e+23	9.92e-01	8.02e-03	1.00e-07
 1.84893e+23	9.92e-01	7.79e-03	1.00e-07
 1.85540e+23	9.92e-01	7.57e-03	1.00e-07
 1.86192e+23	9.93e-01	7.35e-03	1.01e-07
 1.86848e+23	9.93e-01	7.13e-03	1.01e-07
 1.87508e+23	9.93e-01	6.92e-03	1.01e-07
 1.88174e+23	9.93e-01	6.72e-03	1.01e-07
 1.88846e+23	9.93e-01	6.52e-03	1.01e-07
 1.89522e+23	9.94e-01	6.32e-03	1.01e-07
 1.90203e+23	9.94e-01	6.14e-03	1.02e-07
 1.90889e+23	9.94e-01	5.95e-03	1.02e-07
 1.91580e+23	9.94e-01	5.77e-03	1.02e-07
 1.92285e+23	9.94e-01	5.60e-03	1.02e-07
 1.93004e+23	9.95e-01	5.42e-03	1.02e-07
 1.93732e+23	9.95e-01	5.25e-03	1.03e-07
 1.94469e+23	9.95e-01	5.09e-03	1.03e-07
 1.95213e+23	9.95e-01	4.93e-03	1.03e-07
 1.95966e+23	9.95e-01	4.77e-03	1.04e-07
 1.96726e+23	9.95e-01	4.62e-03	1.04e-07
 1.97496e+23	9.96e-01	4.47e-03	1.05e-07
 1.98278e+23	9.96e-01	4.32e-03	1.05e-07
 1.99074e+23	9.96e-01	4.18e-03	1.06e-07
 1.99889e+23	9.96e-01	4.04e-03	1.06e-07
 2.00724e+23	9.96e-01	3.90e-03	1.07e-07
 2.01574e+23	9.96e-01	3.77e-03	1.08e-07
 2.02440e+23	9.96e-01	3.63e-03	1.08e-07
 2.03320e+23	9.96e-01	3.50e-03	1.09e-07
 2.04217e+23	9.97e-01	3.38e-03	1.10e-07
 2.05131e+23	9.97e-01	3.26e-03	1.11e-07
 2.06064e+23	9.97e-01	3.14e-03	1.12e-07
 2.07020e+23	9.97e-01	3.02e-03	1.13e-07
 2.08000e+23	9.97e-01	2.90e-03	1.15e-07
 2.09002e+23	9.97e-01	2.79e-03	1.16e-07
 2.10028e+23	9.97e-01	2.68e-03	1.18e-07
 2.11078e+23	9.97e-01	2.57e-03	1.19e-07
 2.12153e+23	9.98e-01	2.46e-03	1.21e-07
 2.13258e+23	9.98e-01	2.36e-03	1.23e-07
 2.14385e+23	9.98e-01	2.26e-03	1.26e-07
 2.15522e+23	9.98e-01	2.16e-03	1.28e-07
 2.16668e+23	9.98e-01	2.07e-03	1.31e-07
 2.17829e+23	9.98e-01	1.98e-03	1.34e-07
 2.19002e+23	9.98e-01	1.89e-03	1.38e-07
 2.20186e+23	9.98e-01	1.81e-03	1.42e-07
 2.21383e+23	9.98e-01	1.73e-03	1.46e-07
 2.22592e+23	9.98e-01	1.65e-03	1.50e-07
 2.23816e+23	9.98e-01	1.58e-03	1.56e-07
 2.25052e+23	9.98e-01	1.51e-03	1.62e-07
 2.26297e+23	9.99e-01	1.44e-03	1.68e-07
 2.27554e+23	9.99e-01	1.37e-03	1.76e-07
 2.28828e+23	9.99e-01	1.31e-03	1.84e-07
 2.30105e+23	9.99e-01	1.25e-03	1.94e-07
 2.31393e+23	9.99e-01	1.19e-03	2.04e-07
 2.32706e+23	9.99e-01	1.13e-03	2.17e-07
 2.34035e+23	9.99e-01	1.08e-03	2.32e-07
 2.35355e+23	9.99e-01	1.03e-03	2.49e-07
 2.36620e+23	9.99e-01	9.80e-04	2.68e-07
 2.37801e+23	9.99e-01	9.38e-04	2.90e-07
 2.38904e+23	9.99e-01	9.01e-04	3.13e-07
 2.39950e+23	9.99e-01	8.67e-04	3.39e-07
 2.40948e+23	9.99e-01	8.36e-04	3.67e-07
 2.41901e+23	9.99e-01	8.07e-04	3.98e-07
 2.42805e+23	9.99e-01	7.80e-04	4.33e-07
 2.43660e+23	9.99e-01	7.56e-04	4.72e-07
 2.44470e+23	9.99e-01	7.33e-04	5.14e-07
 2.45241e+23	9.99e-01	7.09e-04	5.62e-07
 2.45971e+23	9.99e-01	6.91e-04	6.15e-07
 2.46658e+23	9.99e-01	6.74e-04	6.71e-07
 2.47315e+23	9.99e-01	6.57e-04	7.34e-07
 2.47948e+23	9.99e-01	6.41e-04	8.04e-07
 2.48556e+23	9.99e-01	6.27e-04	8.83e-07
 2.49134e+23	9.99e-01	6.13e-04	9.69e-07
 2.49683e+23	9.99e-01	6.01e-04	1.06e-06
 2.50205e+23	9.99e-01	5.89e-04	1.17e-06
 2.50707e+23	9.99e-01	5.78e-04	1.28e-06
 2.51190e+23	9.99e-01	5.66e-04	1.41e-06
 2.51658e+23	9.99e-01	5.57e-04	1.55e-06
 2.52106e+23	9.99e-01	5.47e-04	1.71e-06
 2.52536e+23	9.99e-01	5.38e-04	1.88e-06
 2.52951e+23	9.99e-01	5.29e-04	2.07e-06
 2.53354e+23	9.99e-01	5.21e-04	2.28e-06
 2.53745e+23	9.99e-01	5.13e-04	2.51e-06
 2.54126e+23	9.99e-01	5.05e-04	2.76e-06
 2.54497e+23	9.99e-01	4.98e-04	3.04e-06
 2.54860e+23	1.00e+00	4.91e-04	3.35e-06
 2.55216e+23	1.00e+00	4.84e-04	3.69e-06
 2.55567e+23	1.00e+00	4.77e-04	4.05e-06
 2.55914e+23	1.00e+00	4.70e-04	4.46e-06
 2.56259e+23	1.00e+00	4.64e-04	4.90e-06
 2.56604e+23	1.00e+00	4.58e-04	5.39e-06
 2.56949e+23	1.00e+00	4.51e-04	5.92e-06
 2.57295e+23	1.00e+00	4.45e-04	6.49e-06
 2.57645e+23	1.00e+00	4.39e-04	7.12e-06
 2.57999e+23	1.00e+00	4.32e-04	7.80e-06
 2.58361e+23	1.00e+00	4.26e-04	8.55e-06
 2.58733e+23	1.00e+00	4.20e-04	9.35e-06
 2.59116e+23	1.00e+00	4.13e-04	1.02e-05
 2.59512e+23	1.00e+00	4.06e-04	1.12e-05
 2.59924e+23	1.00e+00	3.99e-04	1.22e-05
 2.60356e+23	1.00e+00	3.92e-04	1.33e-05
 2.60807e+23	1.00e+00	3.84e-04	1.45e-05
 2.61277e+23	1.00e+00	3.77e-04	1.58e-05
 2.61772e+23	1.00e+00	3.69e-04	1.71e-05
 2.62296e+23	1.00e+00	3.60e-04	1.86e-05
 2.62855e+23	1.00e+00	3.52e-04	2.02e-05
 2.63446e+23	1.00e+00	3.43e-04	2.19e-05
 2.64063e+23	1.00e+00	3.34e-04	2.37e-05
 2.64714e+23	1.00e+00	3.25e-04	2.56e-05
 2.65406e+23	1.00e+00	3.15e-04	2.76e-05
 2.66143e+23	1.00e+00	3.05e-04	2.98e-05
 2.66930e+23	1.00e+00	2.94e-04	3.21e-05
 2.67766e+23	1.00e+00	2.83e-04	3.45e-05
 2.68651e+23	1.00e+00	2.72e-04	3.69e-05
 2.69596e+23	1.00e+00	2.61e-04	3.95e-05
 2.70609e+23	1.00e+00	2.49e-04	4.22e-05
 2.71697e+23	1.00e+00	2.36e-04	4.49e-05
 2.72866e+23	1.00e+00	2.24e-04	4.77e-05
 2.74122e+23	1.00e+00	2.11e-04	5.04e-05
 2.75479e+23	1.00e+00	1.98e-04	5.31e-05
 2.76955e+23	1.00e+00	1.84e-04	5.57e-05
 2.78565e+23	1.00e+00	1.70e-04	5.82e-05
 2.80319e+23	1.00e+00	1.55e-04	6.06e-05
 2.82222e+23	1.00e+00	1.41e-04	6.28e-05
 2.84279e+23	1.00e+00	1.26e-04	6.49e-05
 2.86483e+23	1.00e+00	1.13e-04	6.69e-05
 2.88803e+23	1.00e+00	9.95e-05	6.91e-05
 2.91092e+23	1.00e+00	8.84e-05	7.17e-05
 2.93116e+23	1.00e+00	7.98e-05	7.48e-05
 2.94774e+23	1.00e+00	7.34e-05	7.82e-05
 2.96146e+23	1.00e+00	6.83e-05	8.20e-05
 2.97332e+23	1.00e+00	6.41e-05	8.63e-05
 2.98378e+23	1.00e+00	6.05e-05	9.13e-05
 2.99297e+23	1.00e+00	5.75e-05	9.72e-05
 3.00084e+23	1.00e+00	5.50e-05	1.04e-04
 3.00703e+23	1.00e+00	5.32e-05	1.11e-04
 3.01154e+23	1.00e+00	5.18e-05	1.16e-04
 3.01498e+23	1.00e+00	5.07e-05	1.22e-04
 3.01788e+23	1.00e+00	4.98e-05	1.26e-04
 3.02052e+23	1.00e+00	4.90e-05	1.31e-04
 3.02294e+23	1.00e+00	4.82e-05	1.36e-04
 3.02516e+23	1.00e+00	4.76e-05	1.41e-04
 3.02724e+23	1.00e+00	4.70e-05	1.46e-04
 3.02920e+23	1.00e+00	4.64e-05	1.51e-04
 3.03108e+23	1.00e+00	4.60e-05	1.55e-04
 3.03289e+23	1.00e+00	4.56e-05	1.60e-04
 3.03467e+23	1.00e+00	4.52e-05	1.65e-04
 3.03642e+23	1.00e+00	4.49e-05	1.69e-04
 3.03816e+23	1.00e+00	4.47e-05	1.73e-04
 3.03990e+23	1.00e+00	4.45e-05	1.77e-04
 3.04165e+23	1.00e+00	4.43e-05	1.80e-04
 3.04343e+23	1.00e+00	4.42e-05	1.83e-04
 3.04525e+23	1.00e+00	4.42e-05	1.85e-04
 3.04712e+23	1.00e+00	4.42e-05	1.86e-04
 3.04905e+23	1.00e+00	4.43e-05	1.86e-04
 3.05108e+23	1.00e+00	4.44e-05	1.85e-04
 3.05321e+23	1.00e+00	4.45e-05	1.83e-04
 3.05548e+23	1.00e+00	4.46e-05	1.80e-04
 3.05797e+23	1.00e+00	4.47e-05	1.77e-04
 3.06070e+23	1.00e+00	4.48e-05	1.73e-04
 3.06369e+23	1.00e+00	4.48e-05	1.69e-04
 3.06710e+23	1.00e+00	4.46e-05	1.66e-04
 3.07128e+23	1.00e+00	4.40e-05	1.64e-04
 3.07663e+23	1.00e+00	4.30e-05	1.64e-04
 3.08267e+23	1.00e+00	4.18e-05	1.66e-04
