#depth	He	He+	He+2
 4.62852e+21	1.92e-12	1.62e-06	1.00e+00
 1.05668e+22	3.99e-12	2.29e-06	1.00e+00
 1.27205e+22	6.60e-12	2.91e-06	1.00e+00
 1.42395e+22	1.02e-11	3.57e-06	1.00e+00
 1.50833e+22	1.14e-11	3.77e-06	1.00e+00
 1.53478e+22	1.21e-11	3.89e-06	1.00e+00
 1.55678e+22	1.33e-11	4.06e-06	1.00e+00
 1.57818e+22	1.40e-11	4.17e-06	1.00e+00
 1.59879e+22	1.52e-11	4.33e-06	1.00e+00
 1.62022e+22	1.63e-11	4.48e-06	1.00e+00
 1.63929e+22	1.74e-11	4.62e-06	1.00e+00
 1.66069e+22	1.89e-11	4.80e-06	1.00e+00
 1.68233e+22	2.03e-11	4.97e-06	1.00e+00
 1.70062e+22	2.16e-11	5.12e-06	1.00e+00
 1.72070e+22	2.34e-11	5.32e-06	1.00e+00
 1.74168e+22	2.51e-11	5.51e-06	1.00e+00
 1.76037e+22	2.69e-11	5.68e-06	1.00e+00
 1.78122e+22	2.92e-11	5.92e-06	1.00e+00
 1.80256e+22	3.15e-11	6.13e-06	1.00e+00
 1.82127e+22	3.38e-11	6.34e-06	1.00e+00
 1.83934e+22	3.61e-11	6.55e-06	1.00e+00
 1.85984e+22	3.93e-11	6.82e-06	1.00e+00
 1.88109e+22	4.23e-11	7.08e-06	1.00e+00
 1.90012e+22	4.55e-11	7.33e-06	1.00e+00
 1.92170e+22	4.99e-11	7.66e-06	1.00e+00
 1.94313e+22	5.38e-11	7.95e-06	1.00e+00
 1.96066e+22	5.75e-11	8.21e-06	1.00e+00
 1.97978e+22	6.25e-11	8.55e-06	1.00e+00
 1.99950e+22	6.73e-11	8.87e-06	1.00e+00
 2.01570e+22	7.15e-11	9.14e-06	1.00e+00
 2.03246e+22	7.71e-11	9.49e-06	1.00e+00
 2.04850e+22	8.16e-11	9.76e-06	1.00e+00
 2.06140e+22	8.64e-11	1.00e-05	1.00e+00
 2.07404e+22	9.11e-11	1.03e-05	1.00e+00
 2.08640e+22	9.57e-11	1.06e-05	1.00e+00
 2.10037e+22	1.02e-10	1.09e-05	1.00e+00
 2.11433e+22	1.08e-10	1.12e-05	1.00e+00
 2.12580e+22	1.14e-10	1.15e-05	1.00e+00
 2.13644e+22	1.19e-10	1.18e-05	1.00e+00
 2.14848e+22	1.26e-10	1.21e-05	1.00e+00
 2.16115e+22	1.33e-10	1.25e-05	1.00e+00
 2.17255e+22	1.40e-10	1.28e-05	1.00e+00
 2.18526e+22	1.50e-10	1.32e-05	1.00e+00
 2.19783e+22	1.58e-10	1.36e-05	1.00e+00
 2.20819e+22	1.66e-10	1.40e-05	1.00e+00
 2.21791e+22	1.74e-10	1.43e-05	1.00e+00
 2.22884e+22	1.84e-10	1.47e-05	1.00e+00
 2.24008e+22	1.95e-10	1.52e-05	1.00e+00
 2.24989e+22	2.04e-10	1.55e-05	1.00e+00
 2.26079e+22	2.18e-10	1.61e-05	1.00e+00
 2.27172e+22	2.29e-10	1.65e-05	1.00e+00
 2.28266e+22	2.45e-10	1.71e-05	1.00e+00
 2.29378e+22	2.59e-10	1.76e-05	1.00e+00
 2.30333e+22	2.72e-10	1.81e-05	1.00e+00
 2.31395e+22	2.92e-10	1.88e-05	1.00e+00
 2.32436e+22	3.07e-10	1.93e-05	1.00e+00
 2.33451e+22	3.29e-10	2.01e-05	1.00e+00
 2.34447e+22	3.45e-10	2.06e-05	1.00e+00
 2.35420e+22	3.71e-10	2.15e-05	1.00e+00
 2.36390e+22	3.89e-10	2.21e-05	1.00e+00
 2.37355e+22	4.18e-10	2.30e-05	1.00e+00
 2.38327e+22	4.41e-10	2.37e-05	1.00e+00
 2.39310e+22	4.75e-10	2.47e-05	1.00e+00
 2.40301e+22	5.01e-10	2.55e-05	1.00e+00
 2.41302e+22	5.40e-10	2.66e-05	1.00e+00
 2.42294e+22	5.71e-10	2.75e-05	1.00e+00
 2.43274e+22	6.15e-10	2.87e-05	1.00e+00
 2.44270e+22	6.52e-10	2.97e-05	1.00e+00
 2.45287e+22	7.04e-10	3.12e-05	1.00e+00
 2.46314e+22	7.48e-10	3.23e-05	1.00e+00
 2.47355e+22	8.09e-10	3.39e-05	1.00e+00
 2.48401e+22	8.59e-10	3.52e-05	1.00e+00
 2.49306e+22	9.11e-10	3.65e-05	1.00e+00
 2.50331e+22	9.82e-10	3.83e-05	1.00e+00
 2.51357e+22	1.04e-09	3.97e-05	1.00e+00
 2.52382e+22	1.12e-09	4.16e-05	1.00e+00
 2.53424e+22	1.18e-09	4.32e-05	1.00e+00
 2.54487e+22	1.27e-09	4.54e-05	1.00e+00
 2.55566e+22	1.34e-09	4.70e-05	1.00e+00
 2.56666e+22	1.44e-09	4.93e-05	1.00e+00
 2.57798e+22	1.53e-09	5.13e-05	1.00e+00
 2.58972e+22	1.64e-09	5.38e-05	1.00e+00
 2.60162e+22	1.73e-09	5.59e-05	1.00e+00
 2.61374e+22	1.86e-09	5.87e-05	1.00e+00
 2.62594e+22	1.96e-09	6.09e-05	1.00e+00
 2.63824e+22	2.09e-09	6.39e-05	1.00e+00
 2.65085e+22	2.20e-09	6.63e-05	1.00e+00
 2.66180e+22	2.31e-09	6.86e-05	1.00e+00
 2.67400e+22	2.45e-09	7.18e-05	1.00e+00
 2.68622e+22	2.56e-09	7.41e-05	1.00e+00
 2.69847e+22	2.72e-09	7.74e-05	1.00e+00
 2.71101e+22	2.84e-09	8.00e-05	1.00e+00
 2.72211e+22	2.97e-09	8.27e-05	1.00e+00
 2.73474e+22	3.14e-09	8.64e-05	1.00e+00
 2.74729e+22	3.27e-09	8.90e-05	1.00e+00
 2.75976e+22	3.45e-09	9.27e-05	1.00e+00
 2.77247e+22	3.59e-09	9.56e-05	1.00e+00
 2.78549e+22	3.78e-09	9.96e-05	1.00e+00
 2.79876e+22	3.93e-09	1.03e-04	1.00e+00
 2.81234e+22	4.13e-09	1.07e-04	1.00e+00
 2.82618e+22	4.30e-09	1.11e-04	1.00e+00
 2.84034e+22	4.53e-09	1.15e-04	1.00e+00
 2.85418e+22	4.70e-09	1.19e-04	1.00e+00
 2.86760e+22	4.93e-09	1.23e-04	1.00e+00
 2.88122e+22	5.12e-09	1.27e-04	1.00e+00
 2.89510e+22	5.36e-09	1.32e-04	1.00e+00
 2.90941e+22	5.58e-09	1.36e-04	1.00e+00
 2.92427e+22	5.85e-09	1.41e-04	1.00e+00
 2.93961e+22	6.10e-09	1.46e-04	1.00e+00
 2.95557e+22	6.41e-09	1.52e-04	1.00e+00
 2.97194e+22	6.69e-09	1.57e-04	1.00e+00
 2.98886e+22	7.04e-09	1.64e-04	1.00e+00
 3.00631e+22	7.36e-09	1.70e-04	1.00e+00
 3.02446e+22	7.77e-09	1.77e-04	1.00e+00
 3.04322e+22	8.14e-09	1.84e-04	1.00e+00
 3.06018e+22	8.52e-09	1.90e-04	1.00e+00
 3.07967e+22	9.02e-09	1.99e-04	1.00e+00
 3.09953e+22	9.45e-09	2.07e-04	1.00e+00
 3.11988e+22	1.00e-08	2.17e-04	1.00e+00
 3.14051e+22	1.05e-08	2.25e-04	1.00e+00
 3.16149e+22	1.11e-08	2.36e-04	1.00e+00
 3.18269e+22	1.17e-08	2.46e-04	1.00e+00
 3.20417e+22	1.24e-08	2.59e-04	1.00e+00
 3.22577e+22	1.29e-08	2.69e-04	1.00e+00
 3.24371e+22	1.35e-08	2.79e-04	1.00e+00
 3.26324e+22	1.42e-08	2.93e-04	1.00e+00
 3.28270e+22	1.47e-08	3.04e-04	1.00e+00
 3.30207e+22	1.54e-08	3.19e-04	1.00e+00
 3.32167e+22	1.60e-08	3.31e-04	1.00e+00
 3.34158e+22	1.67e-08	3.49e-04	1.00e+00
 3.36172e+22	1.73e-08	3.63e-04	1.00e+00
 3.38217e+22	1.81e-08	3.83e-04	1.00e+00
 3.40300e+22	1.87e-08	4.00e-04	1.00e+00
 3.42435e+22	1.94e-08	4.23e-04	1.00e+00
 3.44608e+22	2.00e-08	4.43e-04	1.00e+00
 3.46832e+22	2.07e-08	4.71e-04	1.00e+00
 3.49083e+22	2.12e-08	4.94e-04	1.00e+00
 3.50986e+22	2.16e-08	5.16e-04	9.99e-01
 3.53069e+22	2.21e-08	5.47e-04	9.99e-01
 3.55158e+22	2.25e-08	5.73e-04	9.99e-01
 3.57199e+22	2.28e-08	6.06e-04	9.99e-01
 3.59280e+22	2.31e-08	6.35e-04	9.99e-01
 3.61331e+22	2.33e-08	6.72e-04	9.99e-01
 3.63422e+22	2.34e-08	7.06e-04	9.99e-01
 3.65467e+22	2.35e-08	7.46e-04	9.99e-01
 3.67491e+22	2.36e-08	7.83e-04	9.99e-01
 3.69552e+22	2.36e-08	8.28e-04	9.99e-01
 3.71615e+22	2.38e-08	8.69e-04	9.99e-01
 3.73663e+22	2.38e-08	9.17e-04	9.99e-01
 3.75759e+22	2.40e-08	9.65e-04	9.99e-01
 3.77813e+22	2.41e-08	1.02e-03	9.99e-01
 3.79880e+22	2.44e-08	1.07e-03	9.99e-01
 3.81969e+22	2.47e-08	1.13e-03	9.99e-01
 3.84071e+22	2.52e-08	1.18e-03	9.99e-01
 3.86205e+22	2.58e-08	1.25e-03	9.99e-01
 3.88360e+22	2.66e-08	1.31e-03	9.99e-01
 3.90559e+22	2.76e-08	1.39e-03	9.99e-01
 3.92795e+22	2.88e-08	1.46e-03	9.99e-01
 3.94840e+22	3.00e-08	1.53e-03	9.98e-01
 3.96977e+22	3.17e-08	1.61e-03	9.98e-01
 3.99147e+22	3.34e-08	1.69e-03	9.98e-01
 4.01378e+22	3.58e-08	1.78e-03	9.98e-01
 4.03619e+22	3.80e-08	1.86e-03	9.98e-01
 4.05872e+22	4.12e-08	1.97e-03	9.98e-01
 4.08132e+22	4.40e-08	2.06e-03	9.98e-01
 4.10399e+22	4.81e-08	2.18e-03	9.98e-01
 4.12691e+22	5.16e-08	2.28e-03	9.98e-01
 4.15012e+22	5.68e-08	2.41e-03	9.98e-01
 4.17363e+22	6.14e-08	2.52e-03	9.97e-01
 4.19751e+22	6.80e-08	2.66e-03	9.97e-01
 4.22182e+22	7.37e-08	2.79e-03	9.97e-01
 4.24670e+22	8.22e-08	2.95e-03	9.97e-01
 4.27212e+22	8.96e-08	3.09e-03	9.97e-01
 4.29825e+22	1.01e-07	3.29e-03	9.97e-01
 4.32494e+22	1.10e-07	3.44e-03	9.97e-01
 4.34746e+22	1.20e-07	3.59e-03	9.96e-01
 4.37188e+22	1.33e-07	3.80e-03	9.96e-01
 4.39560e+22	1.43e-07	3.95e-03	9.96e-01
 4.41843e+22	1.59e-07	4.16e-03	9.96e-01
 4.44148e+22	1.71e-07	4.32e-03	9.96e-01
 4.46482e+22	1.90e-07	4.55e-03	9.95e-01
 4.48849e+22	2.05e-07	4.73e-03	9.95e-01
 4.51259e+22	2.28e-07	4.99e-03	9.95e-01
 4.53704e+22	2.46e-07	5.19e-03	9.95e-01
 4.56193e+22	2.74e-07	5.48e-03	9.95e-01
 4.58722e+22	2.98e-07	5.71e-03	9.94e-01
 4.61303e+22	3.32e-07	6.04e-03	9.94e-01
 4.63948e+22	3.62e-07	6.30e-03	9.94e-01
 4.66679e+22	4.06e-07	6.68e-03	9.93e-01
 4.69480e+22	4.45e-07	6.99e-03	9.93e-01
 4.72373e+22	5.01e-07	7.42e-03	9.93e-01
 4.75292e+22	5.49e-07	7.76e-03	9.92e-01
 4.78246e+22	6.20e-07	8.26e-03	9.92e-01
 4.81229e+22	6.80e-07	8.64e-03	9.91e-01
 4.84251e+22	7.69e-07	9.19e-03	9.91e-01
 4.87324e+22	8.45e-07	9.64e-03	9.90e-01
 4.90037e+22	9.30e-07	1.01e-02	9.90e-01
 4.93135e+22	1.05e-06	1.07e-02	9.89e-01
 4.96289e+22	1.16e-06	1.13e-02	9.89e-01
 4.98847e+22	1.26e-06	1.18e-02	9.88e-01
 5.01506e+22	1.39e-06	1.24e-02	9.88e-01
 5.04298e+22	1.52e-06	1.29e-02	9.87e-01
 5.06858e+22	1.66e-06	1.35e-02	9.86e-01
 5.09782e+22	1.85e-06	1.43e-02	9.86e-01
 5.12780e+22	2.05e-06	1.50e-02	9.85e-01
 5.15411e+22	2.23e-06	1.56e-02	9.84e-01
 5.18368e+22	2.49e-06	1.65e-02	9.83e-01
 5.21465e+22	2.75e-06	1.74e-02	9.83e-01
 5.24267e+22	3.02e-06	1.82e-02	9.82e-01
 5.27435e+22	3.39e-06	1.93e-02	9.81e-01
 5.30699e+22	3.77e-06	2.03e-02	9.80e-01
 5.33602e+22	4.14e-06	2.13e-02	9.79e-01
 5.36890e+22	4.67e-06	2.26e-02	9.77e-01
 5.40305e+22	5.20e-06	2.38e-02	9.76e-01
 5.43379e+22	5.76e-06	2.50e-02	9.75e-01
 5.46868e+22	6.55e-06	2.67e-02	9.73e-01
 5.50455e+22	7.31e-06	2.82e-02	9.72e-01
 5.53680e+22	8.13e-06	2.97e-02	9.70e-01
 5.57385e+22	9.32e-06	3.18e-02	9.68e-01
 5.61131e+22	1.04e-05	3.36e-02	9.66e-01
 5.64931e+22	1.20e-05	3.59e-02	9.64e-01
 5.68777e+22	1.34e-05	3.80e-02	9.62e-01
 5.72681e+22	1.55e-05	4.08e-02	9.59e-01
 5.76623e+22	1.74e-05	4.32e-02	9.57e-01
 5.80613e+22	2.02e-05	4.64e-02	9.54e-01
 5.84643e+22	2.27e-05	4.91e-02	9.51e-01
 5.88726e+22	2.63e-05	5.28e-02	9.47e-01
 5.92864e+22	2.97e-05	5.60e-02	9.44e-01
 5.97071e+22	3.46e-05	6.03e-02	9.40e-01
 6.01207e+22	3.88e-05	6.38e-02	9.36e-01
 6.04671e+22	4.32e-05	6.72e-02	9.33e-01
 6.08009e+22	4.80e-05	7.07e-02	9.29e-01
 6.11764e+22	5.48e-05	7.54e-02	9.25e-01
 6.15510e+22	6.10e-05	7.93e-02	9.21e-01
 6.19243e+22	6.95e-05	8.45e-02	9.15e-01
 6.23045e+22	7.75e-05	8.90e-02	9.11e-01
 6.26937e+22	8.88e-05	9.49e-02	9.05e-01
 6.30867e+22	9.89e-05	9.99e-02	9.00e-01
 6.34848e+22	1.14e-04	1.07e-01	8.93e-01
 6.38822e+22	1.27e-04	1.12e-01	8.87e-01
 6.42009e+22	1.39e-04	1.17e-01	8.83e-01
 6.45374e+22	1.55e-04	1.24e-01	8.76e-01
 6.48788e+22	1.71e-04	1.29e-01	8.71e-01
 6.51792e+22	1.87e-04	1.35e-01	8.65e-01
 6.55222e+22	2.09e-04	1.42e-01	8.58e-01
 6.58693e+22	2.30e-04	1.48e-01	8.52e-01
 6.61733e+22	2.51e-04	1.54e-01	8.45e-01
 6.65201e+22	2.82e-04	1.63e-01	8.37e-01
 6.68696e+22	3.08e-04	1.69e-01	8.30e-01
 6.72227e+22	3.45e-04	1.78e-01	8.21e-01
 6.75813e+22	3.79e-04	1.86e-01	8.13e-01
 6.78969e+22	4.15e-04	1.94e-01	8.06e-01
 6.82570e+22	4.64e-04	2.04e-01	7.96e-01
 6.86248e+22	5.10e-04	2.12e-01	7.87e-01
 6.89532e+22	5.58e-04	2.21e-01	7.79e-01
 6.93305e+22	6.27e-04	2.32e-01	7.67e-01
 6.97134e+22	6.89e-04	2.42e-01	7.57e-01
 7.01038e+22	7.72e-04	2.54e-01	7.45e-01
 7.05043e+22	8.55e-04	2.66e-01	7.34e-01
 7.08583e+22	9.39e-04	2.76e-01	7.23e-01
 7.12587e+22	1.06e-03	2.90e-01	7.09e-01
 7.16679e+22	1.16e-03	3.02e-01	6.97e-01
 7.20882e+22	1.31e-03	3.17e-01	6.82e-01
 7.24574e+22	1.41e-03	3.27e-01	6.72e-01
 7.27190e+22	1.50e-03	3.35e-01	6.64e-01
 7.30181e+22	1.63e-03	3.46e-01	6.52e-01
 7.33295e+22	1.75e-03	3.56e-01	6.42e-01
 7.36567e+22	1.92e-03	3.69e-01	6.29e-01
 7.39844e+22	2.06e-03	3.79e-01	6.19e-01
 7.43126e+22	2.25e-03	3.92e-01	6.06e-01
 7.46445e+22	2.42e-03	4.03e-01	5.95e-01
 7.49813e+22	2.64e-03	4.16e-01	5.81e-01
 7.53274e+22	2.85e-03	4.28e-01	5.70e-01
 7.56373e+22	3.06e-03	4.39e-01	5.58e-01
 7.59915e+22	3.36e-03	4.54e-01	5.43e-01
 7.63517e+22	3.61e-03	4.66e-01	5.31e-01
 7.67197e+22	3.96e-03	4.80e-01	5.16e-01
 7.70995e+22	4.29e-03	4.93e-01	5.02e-01
 7.74948e+22	4.73e-03	5.10e-01	4.85e-01
 7.78931e+22	5.12e-03	5.23e-01	4.72e-01
 7.82954e+22	5.64e-03	5.40e-01	4.55e-01
 7.87042e+22	6.10e-03	5.53e-01	4.41e-01
 7.91215e+22	6.74e-03	5.70e-01	4.23e-01
 7.95454e+22	7.30e-03	5.84e-01	4.09e-01
 7.99778e+22	8.07e-03	6.01e-01	3.91e-01
 8.04174e+22	8.74e-03	6.15e-01	3.76e-01
 8.08664e+22	9.68e-03	6.33e-01	3.58e-01
 8.13244e+22	1.05e-02	6.47e-01	3.42e-01
 8.17941e+22	1.17e-02	6.65e-01	3.24e-01
 8.22752e+22	1.27e-02	6.79e-01	3.08e-01
 8.27711e+22	1.42e-02	6.97e-01	2.89e-01
 8.32793e+22	1.55e-02	7.11e-01	2.73e-01
 8.38035e+22	1.74e-02	7.29e-01	2.53e-01
 8.43426e+22	1.91e-02	7.43e-01	2.38e-01
 8.49010e+22	2.16e-02	7.61e-01	2.17e-01
 8.54823e+22	2.39e-02	7.75e-01	2.01e-01
 8.60918e+22	2.73e-02	7.92e-01	1.81e-01
 8.67196e+22	3.04e-02	8.05e-01	1.64e-01
 8.72105e+22	3.30e-02	8.15e-01	1.53e-01
 8.76862e+22	3.66e-02	8.25e-01	1.39e-01
 8.81737e+22	4.00e-02	8.33e-01	1.27e-01
 8.86766e+22	4.47e-02	8.41e-01	1.14e-01
 8.91959e+22	4.94e-02	8.48e-01	1.03e-01
 8.97365e+22	5.61e-02	8.54e-01	9.02e-02
 9.02375e+22	6.13e-02	8.57e-01	8.18e-02
 9.06171e+22	6.66e-02	8.59e-01	7.48e-02
 9.10408e+22	7.41e-02	8.59e-01	6.69e-02
 9.14895e+22	8.21e-02	8.58e-01	6.00e-02
 9.18909e+22	9.06e-02	8.55e-01	5.43e-02
 9.22642e+22	1.00e-01	8.51e-01	4.94e-02
 9.25079e+22	1.05e-01	8.47e-01	4.75e-02
