#depth	Ar	Ar+	Ar+2	Ar+3	Ar+4	Ar+5	Ar+6	Ar+7	Ar+8	Ar+9	Ar+10	Ar+11	Ar+12	Ar+13	Ar+14	Ar+15	Ar+16	Ar+17	Ar+18
 4.62852e+21	0.00e+00	0.00e+00	0.00e+00	0.00e+00	0.00e+00	7.27e-23	5.46e-20	2.71e-17	1.99e-14	4.45e-12	5.04e-10	2.83e-08	1.10e-06	2.25e-05	3.05e-04	4.36e-03	1.08e-01	4.01e-01	4.86e-01
 1.05668e+22	0.00e+00	0.00e+00	0.00e+00	0.00e+00	2.01e-24	1.80e-21	9.56e-19	6.05e-16	6.55e-13	1.01e-10	7.85e-09	3.02e-07	8.05e-06	1.13e-04	1.05e-03	1.03e-02	1.76e-01	4.45e-01	3.68e-01
 1.27205e+22	0.00e+00	0.00e+00	0.00e+00	2.84e-26	5.00e-23	3.53e-20	1.47e-17	7.20e-15	6.28e-12	7.68e-10	4.71e-08	1.42e-06	2.97e-05	3.24e-04	2.31e-03	1.75e-02	2.33e-01	4.55e-01	2.91e-01
 1.42395e+22	0.00e+00	0.00e+00	2.07e-28	4.85e-25	6.99e-22	4.00e-19	1.34e-16	5.26e-14	3.91e-11	4.00e-09	2.03e-07	5.04e-06	8.65e-05	7.65e-04	4.36e-03	2.66e-02	2.87e-01	4.50e-01	2.32e-01
 1.50833e+22	0.00e+00	0.00e+00	4.50e-28	1.01e-24	1.37e-21	7.43e-19	2.36e-16	8.70e-14	6.22e-11	6.09e-09	2.95e-07	6.96e-06	1.14e-04	9.53e-04	5.13e-03	2.95e-02	3.01e-01	4.46e-01	2.17e-01
 1.53478e+22	0.00e+00	0.00e+00	6.98e-28	1.52e-24	2.01e-21	1.05e-18	3.24e-16	1.15e-13	8.09e-11	7.73e-09	3.65e-07	8.36e-06	1.33e-04	1.08e-03	5.62e-03	3.12e-02	3.09e-01	4.44e-01	2.09e-01
 1.55678e+22	0.00e+00	0.00e+00	1.28e-27	2.68e-24	3.40e-21	1.70e-18	4.99e-16	1.70e-13	1.16e-10	1.07e-08	4.88e-07	1.07e-05	1.64e-04	1.28e-03	6.36e-03	3.38e-02	3.20e-01	4.40e-01	1.98e-01
 1.57818e+22	0.00e+00	0.00e+00	1.86e-27	3.82e-24	4.72e-21	2.30e-18	6.57e-16	2.17e-13	1.45e-10	1.31e-08	5.84e-07	1.26e-05	1.87e-04	1.42e-03	6.86e-03	3.55e-02	3.27e-01	4.37e-01	1.92e-01
 1.59879e+22	0.00e+00	0.00e+00	3.15e-27	6.26e-24	7.46e-21	3.49e-18	9.57e-16	3.03e-13	1.98e-10	1.74e-08	7.52e-07	1.56e-05	2.25e-04	1.65e-03	7.64e-03	3.80e-02	3.37e-01	4.33e-01	1.83e-01
 1.62022e+22	0.00e+00	1.14e-32	5.07e-27	9.78e-24	1.12e-20	5.08e-18	1.34e-15	4.08e-13	2.62e-10	2.25e-08	9.43e-07	1.90e-05	2.66e-04	1.88e-03	8.41e-03	4.03e-02	3.46e-01	4.29e-01	1.75e-01
 1.63929e+22	0.00e+00	1.79e-32	7.79e-27	1.46e-23	1.63e-20	7.13e-18	1.82e-15	5.36e-13	3.37e-10	2.83e-08	1.16e-06	2.27e-05	3.09e-04	2.12e-03	9.17e-03	4.25e-02	3.54e-01	4.25e-01	1.68e-01
 1.66069e+22	0.00e+00	3.16e-32	1.33e-26	2.42e-23	2.59e-20	1.09e-17	2.66e-15	7.50e-13	4.61e-10	3.76e-08	1.49e-06	2.83e-05	3.72e-04	2.46e-03	1.02e-02	4.54e-02	3.63e-01	4.19e-01	1.59e-01
 1.68233e+22	0.00e+00	5.24e-32	2.15e-26	3.78e-23	3.91e-20	1.58e-17	3.73e-15	1.01e-12	6.09e-10	4.85e-08	1.87e-06	3.44e-05	4.39e-04	2.80e-03	1.12e-02	4.81e-02	3.72e-01	4.14e-01	1.51e-01
 1.70062e+22	0.00e+00	8.07e-32	3.23e-26	5.54e-23	5.57e-20	2.19e-17	4.99e-15	1.31e-12	7.74e-10	6.03e-08	2.27e-06	4.07e-05	5.06e-04	3.13e-03	1.21e-02	5.05e-02	3.79e-01	4.09e-01	1.45e-01
 1.72070e+22	0.00e+00	1.40e-31	5.46e-26	9.05e-23	8.76e-20	3.29e-17	7.20e-15	1.81e-12	1.05e-09	7.97e-08	2.91e-06	5.05e-05	6.07e-04	3.62e-03	1.35e-02	5.37e-02	3.88e-01	4.03e-01	1.37e-01
 1.74168e+22	0.00e+00	2.30e-31	8.71e-26	1.40e-22	1.31e-19	4.74e-17	9.98e-15	2.41e-12	1.37e-09	1.02e-07	3.63e-06	6.11e-05	7.13e-04	4.11e-03	1.47e-02	5.67e-02	3.96e-01	3.97e-01	1.31e-01
 1.76037e+22	0.00e+00	3.63e-31	1.34e-25	2.10e-22	1.90e-19	6.65e-17	1.35e-14	3.14e-12	1.76e-09	1.28e-07	4.45e-06	7.28e-05	8.27e-04	4.62e-03	1.60e-02	5.95e-02	4.04e-01	3.91e-01	1.25e-01
 1.78122e+22	0.00e+00	6.45e-31	2.31e-25	3.49e-22	3.03e-19	1.02e-16	1.97e-14	4.39e-12	2.41e-09	1.71e-07	5.75e-06	9.08e-05	9.96e-04	5.35e-03	1.78e-02	6.33e-02	4.12e-01	3.83e-01	1.17e-01
 1.80256e+22	0.00e+00	1.06e-30	3.70e-25	5.42e-22	4.54e-19	1.46e-16	2.74e-14	5.84e-12	3.16e-09	2.19e-07	7.18e-06	1.10e-04	1.17e-03	6.07e-03	1.94e-02	6.66e-02	4.20e-01	3.76e-01	1.11e-01
 1.82127e+22	0.00e+00	1.71e-30	5.80e-25	8.25e-22	6.67e-19	2.07e-16	3.73e-14	7.66e-12	4.08e-09	2.77e-07	8.86e-06	1.32e-04	1.36e-03	6.85e-03	2.11e-02	6.99e-02	4.26e-01	3.69e-01	1.05e-01
 1.83934e+22	0.00e+00	2.69e-30	8.92e-25	1.23e-21	9.64e-19	2.90e-16	5.02e-14	9.93e-12	5.22e-09	3.47e-07	1.08e-05	1.57e-04	1.58e-03	7.68e-03	2.29e-02	7.32e-02	4.32e-01	3.62e-01	1.00e-01
 1.85984e+22	0.00e+00	4.71e-30	1.52e-24	2.03e-21	1.52e-18	4.38e-16	7.26e-14	1.37e-11	7.08e-09	4.58e-07	1.39e-05	1.94e-04	1.89e-03	8.84e-03	2.52e-02	7.73e-02	4.40e-01	3.53e-01	9.37e-02
 1.88109e+22	0.00e+00	7.76e-30	2.44e-24	3.15e-21	2.28e-18	6.30e-16	1.00e-13	1.82e-11	9.25e-09	5.86e-07	1.73e-05	2.35e-04	2.21e-03	1.00e-02	2.75e-02	8.11e-02	4.46e-01	3.45e-01	8.82e-02
 1.90012e+22	0.00e+00	1.26e-29	3.86e-24	4.83e-21	3.37e-18	8.97e-16	1.37e-13	2.39e-11	1.20e-08	7.44e-07	2.14e-05	2.82e-04	2.58e-03	1.13e-02	2.98e-02	8.49e-02	4.51e-01	3.37e-01	8.32e-02
 1.92170e+22	0.00e+00	2.30e-29	6.82e-24	8.21e-21	5.48e-18	1.39e-15	2.02e-13	3.35e-11	1.65e-08	1.00e-06	2.79e-05	3.54e-04	3.12e-03	1.31e-02	3.30e-02	8.96e-02	4.57e-01	3.27e-01	7.72e-02
 1.94313e+22	0.00e+00	3.78e-29	1.09e-23	1.27e-20	8.18e-18	1.99e-15	2.78e-13	4.40e-11	2.15e-08	1.28e-06	3.47e-05	4.26e-04	3.65e-03	1.47e-02	3.58e-02	9.36e-02	4.61e-01	3.18e-01	7.24e-02
 1.96066e+22	0.00e+00	5.80e-29	1.64e-23	1.86e-20	1.16e-17	2.72e-15	3.66e-13	5.59e-11	2.70e-08	1.57e-06	4.18e-05	5.01e-04	4.18e-03	1.64e-02	3.84e-02	9.72e-02	4.65e-01	3.10e-01	6.84e-02
 1.97978e+22	0.00e+00	1.00e-28	2.76e-23	3.01e-20	1.79e-17	4.04e-15	5.18e-13	7.55e-11	3.60e-08	2.05e-06	5.31e-05	6.14e-04	4.95e-03	1.86e-02	4.19e-02	1.02e-01	4.68e-01	3.00e-01	6.36e-02
 1.99950e+22	0.00e+00	1.62e-28	4.34e-23	4.58e-20	2.63e-17	5.69e-15	7.00e-13	9.78e-11	4.62e-08	2.59e-06	6.52e-05	7.33e-04	5.74e-03	2.09e-02	4.52e-02	1.06e-01	4.71e-01	2.91e-01	5.95e-02
 2.01570e+22	0.00e+00	2.38e-28	6.27e-23	6.45e-20	3.59e-17	7.51e-15	8.93e-13	1.21e-10	5.66e-08	3.12e-06	7.71e-05	8.46e-04	6.47e-03	2.29e-02	4.81e-02	1.09e-01	4.73e-01	2.84e-01	5.64e-02
 2.03246e+22	0.00e+00	3.86e-28	9.93e-23	9.87e-20	5.29e-17	1.06e-14	1.21e-12	1.57e-10	7.28e-08	3.94e-06	9.50e-05	1.01e-03	7.50e-03	2.56e-02	5.18e-02	1.13e-01	4.74e-01	2.74e-01	5.26e-02
 2.04850e+22	0.00e+00	5.54e-28	1.40e-22	1.36e-19	7.05e-17	1.37e-14	1.51e-12	1.90e-10	8.77e-08	4.68e-06	1.11e-04	1.15e-03	8.37e-03	2.78e-02	5.47e-02	1.16e-01	4.75e-01	2.67e-01	4.99e-02
 2.06140e+22	0.00e+00	7.89e-28	1.96e-22	1.85e-19	9.34e-17	1.76e-14	1.88e-12	2.28e-10	1.05e-07	5.55e-06	1.29e-04	1.31e-03	9.32e-03	3.02e-02	5.77e-02	1.19e-01	4.75e-01	2.60e-01	4.73e-02
 2.07404e+22	0.00e+00	1.10e-27	2.68e-22	2.48e-19	1.22e-16	2.23e-14	2.31e-12	2.72e-10	1.25e-07	6.50e-06	1.49e-04	1.48e-03	1.03e-02	3.26e-02	6.06e-02	1.22e-01	4.75e-01	2.54e-01	4.49e-02
 2.08640e+22	0.00e+00	1.50e-27	3.61e-22	3.26e-19	1.56e-16	2.79e-14	2.81e-12	3.21e-10	1.46e-07	7.55e-06	1.70e-04	1.66e-03	1.13e-02	3.50e-02	6.34e-02	1.24e-01	4.74e-01	2.47e-01	4.28e-02
 2.10037e+22	0.00e+00	2.28e-27	5.35e-22	4.69e-19	2.17e-16	3.73e-14	3.62e-12	3.98e-10	1.81e-07	9.19e-06	2.03e-04	1.93e-03	1.28e-02	3.83e-02	6.73e-02	1.27e-01	4.73e-01	2.39e-01	4.01e-02
 2.11433e+22	0.00e+00	3.18e-27	7.35e-22	6.28e-19	2.83e-16	4.71e-14	4.43e-12	4.72e-10	2.14e-07	1.08e-05	2.33e-04	2.17e-03	1.41e-02	4.13e-02	7.05e-02	1.30e-01	4.71e-01	2.32e-01	3.80e-02
 2.12580e+22	0.00e+00	4.34e-27	9.90e-22	8.26e-19	3.62e-16	5.86e-14	5.34e-12	5.52e-10	2.50e-07	1.25e-05	2.66e-04	2.43e-03	1.55e-02	4.42e-02	7.36e-02	1.32e-01	4.70e-01	2.26e-01	3.61e-02
 2.13644e+22	0.00e+00	5.80e-27	1.30e-21	1.06e-18	4.54e-16	7.17e-14	6.35e-12	6.40e-10	2.89e-07	1.43e-05	3.00e-04	2.69e-03	1.68e-02	4.71e-02	7.65e-02	1.34e-01	4.68e-01	2.20e-01	3.44e-02
 2.14848e+22	0.00e+00	8.22e-27	1.82e-21	1.44e-18	5.98e-16	9.14e-14	7.84e-12	7.63e-10	3.45e-07	1.68e-05	3.47e-04	3.04e-03	1.86e-02	5.07e-02	8.02e-02	1.37e-01	4.65e-01	2.13e-01	3.24e-02
 2.16115e+22	0.00e+00	1.14e-26	2.47e-21	1.92e-18	7.73e-16	1.14e-13	9.51e-12	8.97e-10	4.05e-07	1.95e-05	3.98e-04	3.41e-03	2.05e-02	5.44e-02	8.36e-02	1.39e-01	4.62e-01	2.06e-01	3.06e-02
 2.17255e+22	3.53e-33	1.54e-26	3.30e-21	2.50e-18	9.81e-16	1.41e-13	1.14e-11	1.04e-09	4.71e-07	2.25e-05	4.51e-04	3.79e-03	2.23e-02	5.79e-02	8.69e-02	1.41e-01	4.59e-01	2.00e-01	2.90e-02
 2.18526e+22	5.41e-33	2.31e-26	4.86e-21	3.56e-18	1.35e-15	1.86e-13	1.44e-11	1.27e-09	5.74e-07	2.71e-05	5.33e-04	4.37e-03	2.50e-02	6.30e-02	9.15e-02	1.43e-01	4.54e-01	1.92e-01	2.69e-02
 2.19783e+22	7.43e-33	3.13e-26	6.47e-21	4.63e-18	1.70e-15	2.29e-13	1.72e-11	1.47e-09	6.65e-07	3.11e-05	6.03e-04	4.84e-03	2.72e-02	6.70e-02	9.48e-02	1.45e-01	4.50e-01	1.86e-01	2.54e-02
 2.20819e+22	1.01e-32	4.21e-26	8.59e-21	5.99e-18	2.14e-15	2.80e-13	2.04e-11	1.69e-09	7.66e-07	3.56e-05	6.80e-04	5.36e-03	2.96e-02	7.11e-02	9.82e-02	1.46e-01	4.45e-01	1.79e-01	2.40e-02
 2.21791e+22	1.35e-32	5.54e-26	1.12e-20	7.60e-18	2.65e-15	3.37e-13	2.38e-11	1.92e-09	8.74e-07	4.03e-05	7.60e-04	5.89e-03	3.19e-02	7.51e-02	1.01e-01	1.48e-01	4.41e-01	1.74e-01	2.28e-02
 2.22884e+22	1.94e-32	7.81e-26	1.55e-20	1.02e-17	3.46e-15	4.25e-13	2.90e-11	2.26e-09	1.03e-06	4.71e-05	8.73e-04	6.61e-03	3.51e-02	8.03e-02	1.05e-01	1.49e-01	4.35e-01	1.67e-01	2.13e-02
 2.24008e+22	2.68e-32	1.06e-25	2.08e-20	1.34e-17	4.39e-15	5.22e-13	3.45e-11	2.60e-09	1.19e-06	5.41e-05	9.87e-04	7.33e-03	3.81e-02	8.52e-02	1.09e-01	1.50e-01	4.29e-01	1.60e-01	2.00e-02
 2.24989e+22	3.55e-32	1.39e-25	2.68e-20	1.69e-17	5.40e-15	6.26e-13	4.01e-11	2.95e-09	1.35e-06	6.10e-05	1.10e-03	8.01e-03	4.09e-02	8.97e-02	1.12e-01	1.51e-01	4.23e-01	1.55e-01	1.89e-02
 2.26079e+22	5.27e-32	2.03e-25	3.84e-20	2.34e-17	7.20e-15	8.01e-13	4.93e-11	3.48e-09	1.61e-06	7.19e-05	1.27e-03	9.06e-03	4.52e-02	9.62e-02	1.16e-01	1.52e-01	4.15e-01	1.47e-01	1.75e-02
 2.27172e+22	7.12e-32	2.70e-25	5.05e-20	2.99e-17	8.96e-15	9.67e-13	5.77e-11	3.95e-09	1.84e-06	8.16e-05	1.43e-03	9.95e-03	4.87e-02	1.01e-01	1.20e-01	1.53e-01	4.08e-01	1.42e-01	1.64e-02
 2.28266e+22	1.05e-31	3.93e-25	7.22e-20	4.13e-17	1.19e-14	1.24e-12	7.06e-11	4.65e-09	2.18e-06	9.60e-05	1.65e-03	1.12e-02	5.36e-02	1.08e-01	1.24e-01	1.53e-01	3.99e-01	1.34e-01	1.51e-02
 2.29378e+22	1.45e-31	5.32e-25	9.64e-20	5.37e-17	1.50e-14	1.50e-12	8.31e-11	5.29e-09	2.50e-06	1.09e-04	1.85e-03	1.24e-02	5.79e-02	1.14e-01	1.27e-01	1.53e-01	3.91e-01	1.28e-01	1.41e-02
 2.30333e+22	1.94e-31	7.02e-25	1.26e-19	6.81e-17	1.85e-14	1.80e-12	9.64e-11	5.96e-09	2.84e-06	1.23e-04	2.06e-03	1.35e-02	6.20e-02	1.20e-01	1.30e-01	1.53e-01	3.83e-01	1.23e-01	1.32e-02
 2.31395e+22	2.92e-31	1.04e-24	1.83e-19	9.55e-17	2.48e-14	2.31e-12	1.18e-10	6.99e-09	3.37e-06	1.46e-04	2.39e-03	1.52e-02	6.84e-02	1.28e-01	1.34e-01	1.52e-01	3.72e-01	1.16e-01	1.20e-02
 2.32436e+22	3.87e-31	1.36e-24	2.36e-19	1.20e-16	3.04e-14	2.74e-12	1.36e-10	7.82e-09	3.80e-06	1.63e-04	2.64e-03	1.65e-02	7.29e-02	1.33e-01	1.37e-01	1.52e-01	3.64e-01	1.11e-01	1.13e-02
 2.33451e+22	5.74e-31	1.98e-24	3.39e-19	1.66e-16	4.02e-14	3.48e-12	1.64e-10	9.07e-09	4.47e-06	1.91e-04	3.03e-03	1.85e-02	7.97e-02	1.41e-01	1.41e-01	1.51e-01	3.52e-01	1.04e-01	1.02e-02
 2.34447e+22	7.51e-31	2.56e-24	4.32e-19	2.06e-16	4.87e-14	4.10e-12	1.88e-10	1.01e-08	5.00e-06	2.12e-04	3.33e-03	2.00e-02	8.45e-02	1.47e-01	1.43e-01	1.50e-01	3.44e-01	9.92e-02	9.58e-03
 2.35420e+22	1.11e-30	3.73e-24	6.19e-19	2.83e-16	6.41e-14	5.16e-12	2.26e-10	1.16e-08	5.84e-06	2.47e-04	3.81e-03	2.23e-02	9.20e-02	1.55e-01	1.46e-01	1.48e-01	3.31e-01	9.26e-02	8.67e-03
 2.36390e+22	1.46e-30	4.85e-24	7.96e-19	3.54e-16	7.80e-14	6.08e-12	2.58e-10	1.29e-08	6.53e-06	2.75e-04	4.18e-03	2.41e-02	9.75e-02	1.61e-01	1.48e-01	1.47e-01	3.22e-01	8.81e-02	8.07e-03
 2.37355e+22	2.17e-30	7.07e-24	1.14e-18	4.87e-16	1.03e-13	7.65e-12	3.09e-10	1.48e-08	7.62e-06	3.18e-04	4.77e-03	2.68e-02	1.06e-01	1.69e-01	1.51e-01	1.45e-01	3.09e-01	8.19e-02	7.27e-03
 2.38327e+22	2.89e-30	9.32e-24	1.48e-18	6.15e-16	1.26e-13	9.06e-12	3.54e-10	1.64e-08	8.53e-06	3.55e-04	5.25e-03	2.89e-02	1.12e-01	1.75e-01	1.52e-01	1.43e-01	2.99e-01	7.74e-02	6.72e-03
 2.39310e+22	4.34e-30	1.37e-23	2.15e-18	8.53e-16	1.66e-13	1.14e-11	4.26e-10	1.88e-08	9.95e-06	4.12e-04	5.98e-03	3.21e-02	1.21e-01	1.84e-01	1.54e-01	1.40e-01	2.85e-01	7.14e-02	5.99e-03
 2.40301e+22	5.84e-30	1.82e-23	2.82e-18	1.08e-15	2.04e-13	1.36e-11	4.88e-10	2.09e-08	1.11e-05	4.59e-04	6.58e-03	3.47e-02	1.28e-01	1.90e-01	1.56e-01	1.37e-01	2.75e-01	6.71e-02	5.50e-03
 2.41302e+22	8.74e-30	2.68e-23	4.07e-18	1.50e-15	2.70e-13	1.71e-11	5.85e-10	2.39e-08	1.29e-05	5.31e-04	7.46e-03	3.83e-02	1.38e-01	1.98e-01	1.57e-01	1.34e-01	2.60e-01	6.15e-02	4.88e-03
 2.42294e+22	1.18e-29	3.58e-23	5.36e-18	1.91e-15	3.32e-13	2.03e-11	6.70e-10	2.64e-08	1.45e-05	5.90e-04	8.19e-03	4.12e-02	1.46e-01	2.04e-01	1.57e-01	1.31e-01	2.50e-01	5.76e-02	4.45e-03
 2.43274e+22	1.76e-29	5.25e-23	7.72e-18	2.63e-15	4.37e-13	2.55e-11	7.99e-10	3.02e-08	1.67e-05	6.78e-04	9.23e-03	4.53e-02	1.56e-01	2.12e-01	1.58e-01	1.27e-01	2.36e-01	5.25e-02	3.93e-03
 2.44270e+22	2.42e-29	7.11e-23	1.03e-17	3.38e-15	5.43e-13	3.05e-11	9.19e-10	3.35e-08	1.87e-05	7.55e-04	1.01e-02	4.87e-02	1.64e-01	2.17e-01	1.58e-01	1.24e-01	2.25e-01	4.88e-02	3.56e-03
 2.45287e+22	3.67e-29	1.06e-22	1.51e-17	4.72e-15	7.21e-13	3.86e-11	1.10e-09	3.83e-08	2.16e-05	8.67e-04	1.14e-02	5.34e-02	1.75e-01	2.25e-01	1.58e-01	1.19e-01	2.11e-01	4.41e-02	3.10e-03
 2.46314e+22	5.08e-29	1.45e-22	2.03e-17	6.11e-15	8.99e-13	4.63e-11	1.27e-09	4.25e-08	2.41e-05	9.64e-04	1.25e-02	5.73e-02	1.84e-01	2.30e-01	1.57e-01	1.15e-01	2.00e-01	4.06e-02	2.78e-03
 2.47355e+22	7.79e-29	2.17e-22	2.99e-17	8.58e-15	1.20e-12	5.87e-11	1.53e-09	4.88e-08	2.77e-05	1.10e-03	1.41e-02	6.26e-02	1.96e-01	2.36e-01	1.56e-01	1.10e-01	1.86e-01	3.64e-02	2.41e-03
 2.48401e+22	1.08e-28	2.97e-22	4.03e-17	1.11e-14	1.50e-12	7.05e-11	1.76e-09	5.42e-08	3.09e-05	1.22e-03	1.53e-02	6.69e-02	2.04e-01	2.41e-01	1.54e-01	1.07e-01	1.75e-01	3.34e-02	2.15e-03
 2.49306e+22	1.49e-28	4.04e-22	5.39e-17	1.43e-14	1.86e-12	8.43e-11	2.03e-09	6.01e-08	3.42e-05	1.35e-03	1.67e-02	7.13e-02	2.13e-01	2.45e-01	1.53e-01	1.03e-01	1.65e-01	3.06e-02	1.91e-03
 2.50331e+22	2.25e-28	5.99e-22	7.84e-17	1.99e-14	2.46e-12	1.06e-10	2.42e-09	6.86e-08	3.90e-05	1.53e-03	1.85e-02	7.71e-02	2.24e-01	2.49e-01	1.50e-01	9.77e-02	1.53e-01	2.73e-02	1.65e-03
 2.51357e+22	3.08e-28	8.10e-22	1.04e-16	2.55e-14	3.04e-12	1.27e-10	2.78e-09	7.60e-08	4.30e-05	1.68e-03	2.00e-02	8.16e-02	2.33e-01	2.52e-01	1.48e-01	9.39e-02	1.44e-01	2.50e-02	1.47e-03
 2.52382e+22	4.63e-28	1.19e-21	1.51e-16	3.51e-14	4.00e-12	1.59e-10	3.32e-09	8.67e-08	4.87e-05	1.89e-03	2.20e-02	8.77e-02	2.43e-01	2.55e-01	1.45e-01	8.90e-02	1.32e-01	2.22e-02	1.26e-03
 2.53424e+22	6.37e-28	1.62e-21	2.01e-16	4.51e-14	4.96e-12	1.90e-10	3.82e-09	9.63e-08	5.36e-05	2.06e-03	2.37e-02	9.26e-02	2.51e-01	2.57e-01	1.42e-01	8.51e-02	1.24e-01	2.02e-02	1.12e-03
 2.54487e+22	9.64e-28	2.40e-21	2.93e-16	6.26e-14	6.56e-12	2.39e-10	4.58e-09	1.10e-07	6.06e-05	2.31e-03	2.61e-02	9.92e-02	2.62e-01	2.60e-01	1.39e-01	8.02e-02	1.14e-01	1.79e-02	9.49e-04
 2.55566e+22	1.32e-27	3.24e-21	3.89e-16	8.01e-14	8.11e-12	2.86e-10	5.27e-09	1.23e-07	6.66e-05	2.52e-03	2.80e-02	1.04e-01	2.69e-01	2.61e-01	1.36e-01	7.66e-02	1.06e-01	1.62e-02	8.39e-04
 2.56666e+22	1.99e-27	4.78e-21	5.62e-16	1.10e-13	1.07e-11	3.60e-10	6.33e-09	1.41e-07	7.50e-05	2.82e-03	3.06e-02	1.11e-01	2.79e-01	2.61e-01	1.32e-01	7.19e-02	9.69e-02	1.43e-02	7.12e-04
 2.57798e+22	2.76e-27	6.54e-21	7.55e-16	1.43e-13	1.34e-11	4.33e-10	7.34e-09	1.58e-07	8.25e-05	3.07e-03	3.28e-02	1.17e-01	2.86e-01	2.62e-01	1.28e-01	6.83e-02	8.99e-02	1.29e-02	6.23e-04
 2.58972e+22	4.21e-27	9.76e-21	1.10e-15	1.99e-13	1.77e-11	5.50e-10	8.88e-09	1.83e-07	9.31e-05	3.43e-03	3.58e-02	1.24e-01	2.95e-01	2.61e-01	1.24e-01	6.37e-02	8.16e-02	1.12e-02	5.23e-04
 2.60162e+22	5.84e-27	1.33e-20	1.48e-15	2.57e-13	2.21e-11	6.63e-10	1.03e-08	2.05e-07	1.02e-04	3.73e-03	3.82e-02	1.30e-01	3.02e-01	2.60e-01	1.20e-01	6.03e-02	7.55e-02	1.01e-02	4.56e-04
 2.61374e+22	8.86e-27	1.98e-20	2.14e-15	3.56e-13	2.93e-11	8.41e-10	1.25e-08	2.37e-07	1.15e-04	4.14e-03	4.15e-02	1.37e-01	3.10e-01	2.59e-01	1.15e-01	5.61e-02	6.82e-02	8.76e-03	3.82e-04
 2.62594e+22	1.22e-26	2.67e-20	2.84e-15	4.56e-13	3.64e-11	1.01e-09	1.45e-08	2.66e-07	1.26e-04	4.49e-03	4.42e-02	1.43e-01	3.16e-01	2.57e-01	1.12e-01	5.30e-02	6.31e-02	7.87e-03	3.33e-04
 2.63824e+22	1.83e-26	3.92e-20	4.07e-15	6.25e-13	4.78e-11	1.27e-09	1.75e-08	3.08e-07	1.42e-04	4.96e-03	4.77e-02	1.50e-01	3.23e-01	2.54e-01	1.07e-01	4.92e-02	5.70e-02	6.84e-03	2.79e-04
 2.65085e+22	2.52e-26	5.30e-20	5.41e-15	8.02e-13	5.95e-11	1.53e-09	2.03e-08	3.46e-07	1.55e-04	5.37e-03	5.06e-02	1.56e-01	3.28e-01	2.52e-01	1.03e-01	4.64e-02	5.25e-02	6.11e-03	2.42e-04
 2.66180e+22	3.38e-26	7.00e-20	7.03e-15	1.01e-12	7.27e-11	1.82e-09	2.33e-08	3.86e-07	1.69e-04	5.77e-03	5.35e-02	1.62e-01	3.32e-01	2.49e-01	9.95e-02	4.38e-02	4.86e-02	5.50e-03	2.12e-04
 2.67400e+22	4.97e-26	1.01e-19	9.88e-15	1.36e-12	9.43e-11	2.27e-09	2.79e-08	4.45e-07	1.88e-04	6.33e-03	5.73e-02	1.69e-01	3.37e-01	2.46e-01	9.50e-02	4.06e-02	4.38e-02	4.79e-03	1.78e-04
 2.68622e+22	6.58e-26	1.31e-19	1.26e-14	1.69e-12	1.14e-10	2.67e-09	3.20e-08	4.95e-07	2.04e-04	6.78e-03	6.02e-02	1.74e-01	3.41e-01	2.43e-01	9.16e-02	3.84e-02	4.06e-02	4.32e-03	1.56e-04
 2.69847e+22	9.52e-26	1.86e-19	1.75e-14	2.25e-12	1.47e-10	3.31e-09	3.81e-08	5.69e-07	2.27e-04	7.40e-03	6.42e-02	1.81e-01	3.45e-01	2.38e-01	8.73e-02	3.56e-02	3.67e-02	3.77e-03	1.32e-04
 2.71101e+22	1.27e-25	2.44e-19	2.25e-14	2.82e-12	1.78e-10	3.92e-09	4.38e-08	6.35e-07	2.47e-04	7.93e-03	6.75e-02	1.87e-01	3.48e-01	2.35e-01	8.40e-02	3.36e-02	3.39e-02	3.38e-03	1.15e-04
 2.72211e+22	1.68e-25	3.17e-19	2.88e-14	3.50e-12	2.16e-10	4.62e-09	5.01e-08	7.07e-07	2.68e-04	8.48e-03	7.08e-02	1.92e-01	3.51e-01	2.31e-01	8.08e-02	3.16e-02	3.13e-02	3.04e-03	1.01e-04
 2.73474e+22	2.43e-25	4.48e-19	3.97e-14	4.65e-12	2.77e-10	5.72e-09	5.98e-08	8.13e-07	2.97e-04	9.23e-03	7.53e-02	1.99e-01	3.53e-01	2.26e-01	7.66e-02	2.92e-02	2.82e-02	2.64e-03	8.43e-05
 2.74729e+22	3.15e-25	5.71e-19	4.98e-14	5.68e-12	3.30e-10	6.67e-09	6.79e-08	9.00e-07	3.21e-04	9.82e-03	7.86e-02	2.04e-01	3.55e-01	2.22e-01	7.37e-02	2.76e-02	2.61e-02	2.39e-03	7.43e-05
 2.75976e+22	4.47e-25	7.93e-19	6.76e-14	7.44e-12	4.19e-10	8.19e-09	8.04e-08	1.03e-06	3.55e-04	1.06e-02	8.32e-02	2.11e-01	3.57e-01	2.17e-01	6.99e-02	2.55e-02	2.35e-02	2.08e-03	6.25e-05
 2.77247e+22	5.82e-25	1.02e-18	8.49e-14	9.12e-12	5.02e-10	9.57e-09	9.15e-08	1.14e-06	3.84e-04	1.13e-02	8.68e-02	2.16e-01	3.58e-01	2.13e-01	6.71e-02	2.40e-02	2.18e-02	1.87e-03	5.49e-05
 2.78549e+22	8.28e-25	1.41e-18	1.15e-13	1.19e-11	6.37e-10	1.18e-08	1.09e-07	1.31e-06	4.25e-04	1.23e-02	9.17e-02	2.23e-01	3.59e-01	2.07e-01	6.34e-02	2.21e-02	1.95e-02	1.62e-03	4.60e-05
 2.79876e+22	1.08e-24	1.81e-18	1.45e-13	1.47e-11	7.65e-10	1.38e-08	1.24e-07	1.46e-06	4.61e-04	1.31e-02	9.57e-02	2.28e-01	3.60e-01	2.02e-01	6.06e-02	2.08e-02	1.80e-02	1.45e-03	4.01e-05
 2.81234e+22	1.55e-24	2.53e-18	1.98e-13	1.93e-11	9.74e-10	1.70e-08	1.48e-07	1.68e-06	5.11e-04	1.42e-02	1.01e-01	2.34e-01	3.60e-01	1.96e-01	5.71e-02	1.91e-02	1.61e-02	1.25e-03	3.34e-05
 2.82618e+22	2.03e-24	3.25e-18	2.50e-13	2.38e-11	1.17e-09	2.00e-08	1.69e-07	1.87e-06	5.54e-04	1.51e-02	1.05e-01	2.39e-01	3.60e-01	1.92e-01	5.44e-02	1.79e-02	1.48e-02	1.12e-03	2.91e-05
 2.84034e+22	2.90e-24	4.54e-18	3.39e-13	3.12e-11	1.49e-09	2.47e-08	2.02e-07	2.16e-06	6.16e-04	1.63e-02	1.11e-01	2.46e-01	3.59e-01	1.85e-01	5.11e-02	1.64e-02	1.32e-02	9.63e-04	2.41e-05
 2.85418e+22	3.70e-24	5.68e-18	4.18e-13	3.76e-11	1.76e-09	2.85e-08	2.28e-07	2.38e-06	6.64e-04	1.73e-02	1.15e-01	2.50e-01	3.58e-01	1.81e-01	4.88e-02	1.54e-02	1.22e-02	8.69e-04	2.12e-05
 2.86760e+22	5.18e-24	7.78e-18	5.57e-13	4.86e-11	2.22e-09	3.48e-08	2.69e-07	2.73e-06	7.33e-04	1.86e-02	1.21e-01	2.56e-01	3.57e-01	1.75e-01	4.59e-02	1.41e-02	1.09e-02	7.51e-04	1.77e-05
 2.88122e+22	6.60e-24	9.75e-18	6.86e-13	5.86e-11	2.62e-09	4.03e-08	3.04e-07	3.01e-06	7.90e-04	1.97e-02	1.25e-01	2.61e-01	3.56e-01	1.70e-01	4.38e-02	1.32e-02	1.01e-02	6.76e-04	1.55e-05
 2.89510e+22	9.18e-24	1.32e-17	9.08e-13	7.53e-11	3.27e-09	4.89e-08	3.58e-07	3.44e-06	8.72e-04	2.11e-02	1.31e-01	2.66e-01	3.53e-01	1.64e-01	4.10e-02	1.21e-02	8.99e-03	5.84e-04	1.30e-05
 2.90941e+22	1.20e-23	1.69e-17	1.14e-12	9.22e-11	3.92e-09	5.73e-08	4.09e-07	3.83e-06	9.45e-04	2.24e-02	1.36e-01	2.71e-01	3.51e-01	1.59e-01	3.89e-02	1.13e-02	8.21e-03	5.19e-04	1.12e-05
 2.92427e+22	1.67e-23	2.30e-17	1.51e-12	1.19e-10	4.92e-09	6.99e-08	4.83e-07	4.39e-06	1.04e-03	2.41e-02	1.43e-01	2.76e-01	3.48e-01	1.53e-01	3.64e-02	1.03e-02	7.32e-03	4.47e-04	9.35e-06
 2.93961e+22	2.21e-23	2.99e-17	1.92e-12	1.47e-10	5.95e-09	8.26e-08	5.56e-07	4.92e-06	1.14e-03	2.57e-02	1.48e-01	2.80e-01	3.45e-01	1.48e-01	3.43e-02	9.57e-03	6.64e-03	3.94e-04	8.00e-06
 2.95557e+22	3.13e-23	4.12e-17	2.57e-12	1.91e-10	7.53e-09	1.01e-07	6.61e-07	5.67e-06	1.26e-03	2.77e-02	1.55e-01	2.86e-01	3.42e-01	1.42e-01	3.19e-02	8.69e-03	5.87e-03	3.36e-04	6.59e-06
 2.97194e+22	4.18e-23	5.38e-17	3.28e-12	2.38e-10	9.16e-09	1.21e-07	7.64e-07	6.38e-06	1.38e-03	2.95e-02	1.61e-01	2.90e-01	3.38e-01	1.36e-01	2.99e-02	8.00e-03	5.30e-03	2.94e-04	5.59e-06
 2.98886e+22	5.97e-23	7.47e-17	4.43e-12	3.13e-10	1.17e-08	1.49e-07	9.14e-07	7.38e-06	1.54e-03	3.19e-02	1.69e-01	2.95e-01	3.33e-01	1.30e-01	2.77e-02	7.22e-03	4.66e-03	2.49e-04	4.56e-06
 3.00631e+22	8.08e-23	9.86e-17	5.71e-12	3.93e-10	1.43e-08	1.78e-07	1.06e-06	8.35e-06	1.68e-03	3.40e-02	1.75e-01	2.99e-01	3.29e-01	1.25e-01	2.58e-02	6.61e-03	4.17e-03	2.16e-04	3.83e-06
 3.02446e+22	1.17e-22	1.39e-16	7.80e-12	5.20e-10	1.84e-08	2.22e-07	1.28e-06	9.72e-06	1.89e-03	3.68e-02	1.84e-01	3.03e-01	3.23e-01	1.18e-01	2.37e-02	5.92e-03	3.63e-03	1.81e-04	3.09e-06
 3.04322e+22	1.61e-22	1.86e-16	1.02e-11	6.61e-10	2.28e-08	2.68e-07	1.50e-06	1.11e-05	2.08e-03	3.94e-02	1.91e-01	3.07e-01	3.17e-01	1.13e-01	2.20e-02	5.38e-03	3.22e-03	1.55e-04	2.56e-06
 3.06018e+22	2.19e-22	2.47e-16	1.31e-11	8.33e-10	2.81e-08	3.21e-07	1.75e-06	1.25e-05	2.28e-03	4.20e-02	1.98e-01	3.10e-01	3.12e-01	1.08e-01	2.04e-02	4.90e-03	2.87e-03	1.34e-04	2.14e-06
 3.07967e+22	3.22e-22	3.52e-16	1.81e-11	1.11e-09	3.64e-08	4.04e-07	2.12e-06	1.47e-05	2.56e-03	4.55e-02	2.07e-01	3.14e-01	3.04e-01	1.01e-01	1.86e-02	4.35e-03	2.47e-03	1.10e-04	1.70e-06
 3.09953e+22	4.44e-22	4.72e-16	2.37e-11	1.42e-09	4.52e-08	4.88e-07	2.48e-06	1.67e-05	2.82e-03	4.86e-02	2.15e-01	3.16e-01	2.98e-01	9.60e-02	1.71e-02	3.93e-03	2.18e-03	9.42e-05	1.40e-06
 3.11988e+22	6.61e-22	6.81e-16	3.30e-11	1.91e-09	5.91e-08	6.17e-07	3.03e-06	1.97e-05	3.17e-03	5.27e-02	2.24e-01	3.19e-01	2.90e-01	8.97e-02	1.55e-02	3.46e-03	1.86e-03	7.71e-05	1.09e-06
 3.14051e+22	9.16e-22	9.17e-16	4.32e-11	2.44e-09	7.35e-08	7.47e-07	3.56e-06	2.24e-05	3.49e-03	5.62e-02	2.32e-01	3.21e-01	2.83e-01	8.48e-02	1.42e-02	3.11e-03	1.64e-03	6.52e-05	8.95e-07
 3.16149e+22	1.38e-21	1.33e-15	6.07e-11	3.31e-09	9.68e-08	9.51e-07	4.36e-06	2.65e-05	3.95e-03	6.10e-02	2.42e-01	3.23e-01	2.74e-01	7.88e-02	1.27e-02	2.71e-03	1.38e-03	5.28e-05	6.92e-07
 3.18269e+22	1.91e-21	1.80e-15	7.94e-11	4.23e-09	1.20e-07	1.15e-06	5.12e-06	3.02e-05	4.34e-03	6.50e-02	2.50e-01	3.24e-01	2.66e-01	7.42e-02	1.17e-02	2.43e-03	1.21e-03	4.44e-05	5.62e-07
 3.20417e+22	2.91e-21	2.64e-15	1.12e-10	5.78e-09	1.60e-07	1.48e-06	6.31e-06	3.59e-05	4.92e-03	7.05e-02	2.61e-01	3.25e-01	2.57e-01	6.84e-02	1.04e-02	2.10e-03	1.01e-03	3.54e-05	4.28e-07
 3.22577e+22	4.01e-21	3.54e-15	1.46e-10	7.34e-09	1.98e-07	1.78e-06	7.40e-06	4.08e-05	5.40e-03	7.50e-02	2.69e-01	3.26e-01	2.49e-01	6.42e-02	9.45e-03	1.88e-03	8.81e-04	2.98e-05	3.47e-07
 3.24371e+22	5.36e-21	4.61e-15	1.86e-10	9.10e-09	2.40e-07	2.11e-06	8.54e-06	4.60e-05	5.88e-03	7.92e-02	2.76e-01	3.25e-01	2.42e-01	6.05e-02	8.68e-03	1.70e-03	7.76e-04	2.54e-05	2.86e-07
 3.26324e+22	7.82e-21	6.50e-15	2.53e-10	1.20e-08	3.09e-07	2.64e-06	1.03e-05	5.37e-05	6.57e-03	8.50e-02	2.85e-01	3.25e-01	2.33e-01	5.59e-02	7.74e-03	1.48e-03	6.55e-04	2.05e-05	2.21e-07
 3.28270e+22	1.04e-20	8.41e-15	3.19e-10	1.48e-08	3.73e-07	3.12e-06	1.19e-05	6.02e-05	7.14e-03	8.96e-02	2.92e-01	3.24e-01	2.25e-01	5.26e-02	7.10e-03	1.33e-03	5.76e-04	1.74e-05	1.82e-07
 3.30207e+22	1.50e-20	1.18e-14	4.32e-10	1.95e-08	4.79e-07	3.89e-06	1.43e-05	7.03e-05	7.96e-03	9.60e-02	3.01e-01	3.23e-01	2.16e-01	4.84e-02	6.31e-03	1.16e-03	4.85e-04	1.40e-05	1.40e-07
 3.32167e+22	2.00e-20	1.53e-14	5.45e-10	2.41e-08	5.80e-07	4.61e-06	1.65e-05	7.91e-05	8.66e-03	1.01e-01	3.08e-01	3.21e-01	2.09e-01	4.53e-02	5.75e-03	1.03e-03	4.23e-04	1.18e-05	0.00e+00
 3.34158e+22	2.92e-20	2.16e-14	7.40e-10	3.18e-08	7.48e-07	5.78e-06	2.00e-05	9.27e-05	9.69e-03	1.08e-01	3.16e-01	3.19e-01	1.99e-01	4.14e-02	5.06e-03	8.90e-04	3.52e-04	9.39e-06	0.00e+00
 3.36172e+22	3.90e-20	2.81e-14	9.36e-10	3.93e-08	9.09e-07	6.88e-06	2.32e-05	1.05e-04	1.06e-02	1.14e-01	3.23e-01	3.16e-01	1.91e-01	3.85e-02	4.59e-03	7.91e-04	3.05e-04	7.85e-06	0.00e+00
 3.38217e+22	5.70e-20	3.95e-14	1.27e-09	5.19e-08	1.17e-06	8.64e-06	2.81e-05	1.23e-04	1.18e-02	1.22e-01	3.32e-01	3.13e-01	1.82e-01	3.49e-02	4.01e-03	6.76e-04	2.51e-04	6.16e-06	0.00e+00
 3.40300e+22	7.70e-20	5.19e-14	1.62e-09	6.47e-08	1.44e-06	1.04e-05	3.28e-05	1.40e-04	1.29e-02	1.29e-01	3.38e-01	3.09e-01	1.74e-01	3.22e-02	3.59e-03	5.94e-04	2.15e-04	5.05e-06	0.00e+00
 3.42435e+22	1.13e-19	7.35e-14	2.20e-09	8.59e-08	1.87e-06	1.32e-05	4.02e-05	1.66e-04	1.46e-02	1.38e-01	3.46e-01	3.05e-01	1.63e-01	2.89e-02	3.10e-03	5.00e-04	1.74e-04	3.89e-06	0.00e+00
 3.44608e+22	1.54e-19	9.67e-14	2.80e-09	1.07e-07	2.31e-06	1.59e-05	4.72e-05	1.90e-04	1.60e-02	1.46e-01	3.53e-01	3.00e-01	1.55e-01	2.65e-02	2.75e-03	4.35e-04	1.47e-04	3.14e-06	0.00e+00
 3.46832e+22	2.27e-19	1.37e-13	3.81e-09	1.43e-07	3.02e-06	2.03e-05	5.83e-05	2.27e-04	1.81e-02	1.57e-01	3.60e-01	2.94e-01	1.45e-01	2.35e-02	2.34e-03	3.61e-04	1.17e-04	2.37e-06	0.00e+00
 3.49083e+22	3.08e-19	1.80e-13	4.84e-09	1.78e-07	3.72e-06	2.46e-05	6.87e-05	2.61e-04	1.99e-02	1.65e-01	3.66e-01	2.88e-01	1.37e-01	2.13e-02	2.05e-03	3.11e-04	9.74e-05	1.89e-06	0.00e+00
 3.50986e+22	4.05e-19	2.30e-13	5.98e-09	2.18e-07	4.51e-06	2.93e-05	7.98e-05	2.97e-04	2.17e-02	1.74e-01	3.70e-01	2.83e-01	1.29e-01	1.94e-02	1.82e-03	2.70e-04	8.22e-05	1.53e-06	0.00e+00
 3.53069e+22	5.72e-19	3.12e-13	7.81e-09	2.81e-07	5.75e-06	3.67e-05	9.68e-05	3.52e-04	2.43e-02	1.85e-01	3.76e-01	2.76e-01	1.20e-01	1.72e-02	1.54e-03	2.25e-04	6.56e-05	1.16e-06	0.00e+00
 3.55158e+22	7.44e-19	3.95e-13	9.55e-09	3.40e-07	6.93e-06	4.36e-05	1.12e-04	4.00e-04	2.66e-02	1.94e-01	3.79e-01	2.69e-01	1.13e-01	1.56e-02	1.36e-03	1.94e-04	5.50e-05	9.31e-07	0.00e+00
 3.57199e+22	1.02e-18	5.21e-13	1.21e-08	4.29e-07	8.69e-06	5.39e-05	1.35e-04	4.70e-04	2.96e-02	2.05e-01	3.83e-01	2.61e-01	1.05e-01	1.38e-02	1.16e-03	1.62e-04	4.40e-05	7.08e-07	0.00e+00
 3.59280e+22	1.33e-18	6.56e-13	1.48e-08	5.21e-07	1.05e-05	6.44e-05	1.58e-04	5.38e-04	3.24e-02	2.15e-01	3.86e-01	2.54e-01	9.80e-02	1.24e-02	1.01e-03	1.38e-04	3.64e-05	5.60e-07	0.00e+00
 3.61331e+22	1.78e-18	8.46e-13	1.83e-08	6.45e-07	1.30e-05	7.88e-05	1.88e-04	6.30e-04	3.60e-02	2.27e-01	3.88e-01	2.46e-01	9.03e-02	1.09e-02	8.52e-04	1.15e-04	2.91e-05	4.25e-07	0.00e+00
 3.63422e+22	2.30e-18	1.06e-12	2.22e-08	7.81e-07	1.58e-05	9.45e-05	2.20e-04	7.26e-04	3.95e-02	2.38e-01	3.89e-01	2.38e-01	8.37e-02	9.70e-03	7.32e-04	9.68e-05	2.37e-05	3.30e-07	0.00e+00
 3.65467e+22	2.98e-18	1.33e-12	2.68e-08	9.49e-07	1.92e-05	1.14e-04	2.60e-04	8.44e-04	4.36e-02	2.50e-01	3.90e-01	2.29e-01	7.69e-02	8.52e-03	6.20e-04	8.04e-05	1.89e-05	2.51e-07	0.00e+00
 3.67491e+22	3.79e-18	1.63e-12	3.18e-08	1.13e-06	2.30e-05	1.35e-04	3.01e-04	9.65e-04	4.76e-02	2.61e-01	3.90e-01	2.20e-01	7.11e-02	7.57e-03	5.34e-04	6.80e-05	1.55e-05	1.96e-07	0.00e+00
 3.69552e+22	4.89e-18	2.03e-12	3.80e-08	1.37e-06	2.80e-05	1.64e-04	3.56e-04	1.13e-03	5.27e-02	2.74e-01	3.89e-01	2.11e-01	6.47e-02	6.59e-03	4.47e-04	5.58e-05	1.22e-05	1.47e-07	0.00e+00
 3.71615e+22	6.13e-18	2.46e-12	4.46e-08	1.62e-06	3.33e-05	1.93e-04	4.11e-04	1.29e-03	5.74e-02	2.85e-01	3.87e-01	2.02e-01	5.95e-02	5.83e-03	3.83e-04	4.69e-05	9.92e-06	0.00e+00	0.00e+00
 3.73663e+22	7.78e-18	3.01e-12	5.25e-08	1.94e-06	4.01e-05	2.31e-04	4.81e-04	1.49e-03	6.31e-02	2.98e-01	3.85e-01	1.93e-01	5.41e-02	5.07e-03	3.21e-04	3.86e-05	7.85e-06	0.00e+00	0.00e+00
 3.75759e+22	9.70e-18	3.62e-12	6.11e-08	2.29e-06	4.77e-05	2.74e-04	5.57e-04	1.71e-03	6.89e-02	3.10e-01	3.81e-01	1.83e-01	4.92e-02	4.43e-03	2.71e-04	3.20e-05	6.28e-06	0.00e+00	0.00e+00
 3.77813e+22	1.21e-17	4.35e-12	7.07e-08	2.70e-06	5.66e-05	3.23e-04	6.44e-04	1.96e-03	7.52e-02	3.21e-01	3.77e-01	1.74e-01	4.47e-02	3.86e-03	2.29e-04	2.64e-05	5.00e-06	0.00e+00	0.00e+00
 3.79880e+22	1.49e-17	5.20e-12	8.15e-08	3.16e-06	6.69e-05	3.81e-04	7.42e-04	2.25e-03	8.18e-02	3.33e-01	3.73e-01	1.65e-01	4.05e-02	3.35e-03	1.92e-04	2.18e-05	3.98e-06	0.00e+00	0.00e+00
 3.81969e+22	1.85e-17	6.20e-12	9.38e-08	3.71e-06	7.91e-05	4.48e-04	8.54e-04	2.57e-03	8.90e-02	3.44e-01	3.67e-01	1.56e-01	3.65e-02	2.91e-03	1.61e-04	1.79e-05	3.16e-06	0.00e+00	0.00e+00
 3.84071e+22	2.27e-17	7.37e-12	1.08e-07	4.34e-06	9.32e-05	5.24e-04	9.78e-04	2.94e-03	9.66e-02	3.55e-01	3.61e-01	1.47e-01	3.29e-02	2.52e-03	1.35e-04	1.47e-05	2.50e-06	0.00e+00	0.00e+00
 3.86205e+22	2.81e-17	8.78e-12	1.24e-07	5.08e-06	1.10e-04	6.15e-04	1.12e-03	3.36e-03	1.05e-01	3.66e-01	3.54e-01	1.38e-01	2.95e-02	2.17e-03	1.12e-04	1.20e-05	1.97e-06	0.00e+00	0.00e+00
 3.88360e+22	3.46e-17	1.04e-11	1.42e-07	5.93e-06	1.29e-04	7.18e-04	1.28e-03	3.82e-03	1.13e-01	3.76e-01	3.46e-01	1.30e-01	2.65e-02	1.87e-03	9.38e-05	9.80e-06	1.56e-06	0.00e+00	0.00e+00
 3.90559e+22	4.30e-17	1.25e-11	1.63e-07	6.96e-06	1.52e-04	8.41e-04	1.46e-03	4.36e-03	1.23e-01	3.86e-01	3.37e-01	1.21e-01	2.36e-02	1.60e-03	7.74e-05	7.92e-06	1.21e-06	0.00e+00	0.00e+00
 3.92795e+22	5.32e-17	1.49e-11	1.87e-07	8.14e-06	1.78e-04	9.79e-04	1.66e-03	4.95e-03	1.32e-01	3.96e-01	3.29e-01	1.13e-01	2.10e-02	1.37e-03	6.42e-05	6.43e-06	9.51e-07	0.00e+00	0.00e+00
 3.94840e+22	6.37e-17	1.73e-11	2.11e-07	9.29e-06	2.04e-04	1.11e-03	1.85e-03	5.50e-03	1.41e-01	4.03e-01	3.21e-01	1.07e-01	1.90e-02	1.20e-03	5.48e-05	5.39e-06	7.74e-07	0.00e+00	0.00e+00
 3.96977e+22	8.01e-17	2.09e-11	2.44e-07	1.10e-05	2.41e-04	1.30e-03	2.11e-03	6.28e-03	1.52e-01	4.11e-01	3.10e-01	9.88e-02	1.68e-02	1.01e-03	4.47e-05	4.30e-06	5.95e-07	0.00e+00	0.00e+00
 3.99147e+22	9.68e-17	2.44e-11	2.77e-07	1.26e-05	2.76e-04	1.48e-03	2.34e-03	6.96e-03	1.61e-01	4.17e-01	3.02e-01	9.27e-02	1.51e-02	8.87e-04	3.80e-05	3.59e-06	4.82e-07	0.00e+00	0.00e+00
 4.01378e+22	1.24e-16	2.99e-11	3.26e-07	1.50e-05	3.27e-04	1.73e-03	2.66e-03	7.94e-03	1.73e-01	4.24e-01	2.91e-01	8.52e-02	1.32e-02	7.44e-04	3.08e-05	2.84e-06	3.67e-07	0.00e+00	0.00e+00
 4.03619e+22	1.50e-16	3.52e-11	3.71e-07	1.72e-05	3.73e-04	1.96e-03	2.94e-03	8.76e-03	1.83e-01	4.29e-01	2.82e-01	7.97e-02	1.19e-02	6.49e-04	2.62e-05	2.36e-06	2.97e-07	0.00e+00	0.00e+00
 4.05872e+22	1.93e-16	4.34e-11	4.38e-07	2.05e-05	4.42e-04	2.28e-03	3.33e-03	9.95e-03	1.96e-01	4.34e-01	2.70e-01	7.29e-02	1.04e-02	5.43e-04	2.11e-05	1.86e-06	2.26e-07	0.00e+00	0.00e+00
 4.08132e+22	2.37e-16	5.14e-11	5.03e-07	2.36e-05	5.03e-04	2.57e-03	3.65e-03	1.09e-02	2.06e-01	4.37e-01	2.61e-01	6.81e-02	9.33e-03	4.74e-04	1.80e-05	1.56e-06	1.83e-07	0.00e+00	0.00e+00
 4.10399e+22	3.07e-16	6.40e-11	6.00e-07	2.82e-05	5.95e-04	2.99e-03	4.11e-03	1.23e-02	2.20e-01	4.41e-01	2.49e-01	6.21e-02	8.11e-03	3.96e-04	1.45e-05	1.23e-06	1.39e-07	0.00e+00	0.00e+00
 4.12691e+22	3.79e-16	7.65e-11	6.94e-07	3.26e-05	6.78e-04	3.35e-03	4.50e-03	1.35e-02	2.30e-01	4.42e-01	2.40e-01	5.78e-02	7.27e-03	3.45e-04	1.23e-05	1.02e-06	0.00e+00	0.00e+00	0.00e+00
 4.15012e+22	4.99e-16	9.64e-11	8.38e-07	3.93e-05	8.02e-04	3.89e-03	5.05e-03	1.51e-02	2.44e-01	4.44e-01	2.28e-01	5.25e-02	6.29e-03	2.87e-04	9.89e-06	8.02e-07	0.00e+00	0.00e+00	0.00e+00
 4.17363e+22	6.23e-16	1.16e-10	9.79e-07	4.56e-05	9.16e-04	4.37e-03	5.51e-03	1.65e-02	2.55e-01	4.44e-01	2.19e-01	4.87e-02	5.62e-03	2.49e-04	8.35e-06	6.65e-07	0.00e+00	0.00e+00	0.00e+00
 4.19751e+22	8.33e-16	1.49e-10	1.20e-06	5.54e-05	1.09e-03	5.07e-03	6.17e-03	1.85e-02	2.69e-01	4.43e-01	2.07e-01	4.40e-02	4.84e-03	2.07e-04	6.69e-06	5.19e-07	0.00e+00	0.00e+00	0.00e+00
 4.22182e+22	1.06e-15	1.83e-10	1.42e-06	6.49e-05	1.25e-03	5.70e-03	6.73e-03	2.02e-02	2.81e-01	4.42e-01	1.98e-01	4.06e-02	4.30e-03	1.78e-04	5.62e-06	4.28e-07	0.00e+00	0.00e+00	0.00e+00
 4.24670e+22	1.44e-15	2.38e-10	1.77e-06	7.96e-05	1.48e-03	6.62e-03	7.52e-03	2.26e-02	2.96e-01	4.39e-01	1.86e-01	3.65e-02	3.67e-03	1.47e-04	4.46e-06	3.32e-07	0.00e+00	0.00e+00	0.00e+00
 4.27212e+22	1.86e-15	2.96e-10	2.12e-06	9.40e-05	1.71e-03	7.46e-03	8.20e-03	2.46e-02	3.07e-01	4.36e-01	1.77e-01	3.35e-02	3.24e-03	1.26e-04	3.72e-06	2.71e-07	0.00e+00	0.00e+00	0.00e+00
 4.29825e+22	2.60e-15	3.95e-10	2.70e-06	1.17e-04	2.05e-03	8.70e-03	9.17e-03	2.74e-02	3.23e-01	4.31e-01	1.66e-01	2.98e-02	2.74e-03	1.03e-04	2.92e-06	2.08e-07	0.00e+00	0.00e+00	0.00e+00
 4.32494e+22	3.42e-15	5.00e-10	3.29e-06	1.39e-04	2.38e-03	9.81e-03	1.00e-02	2.98e-02	3.35e-01	4.27e-01	1.57e-01	2.72e-02	2.41e-03	8.74e-05	2.42e-06	1.68e-07	0.00e+00	0.00e+00	0.00e+00
 4.34746e+22	4.36e-15	6.17e-10	3.92e-06	1.63e-04	2.70e-03	1.09e-02	1.08e-02	3.21e-02	3.45e-01	4.22e-01	1.49e-01	2.50e-02	2.14e-03	7.56e-05	2.04e-06	1.39e-07	0.00e+00	0.00e+00	0.00e+00
 4.37188e+22	6.01e-15	8.13e-10	4.95e-06	2.00e-04	3.20e-03	1.25e-02	1.19e-02	3.52e-02	3.58e-01	4.15e-01	1.39e-01	2.24e-02	1.83e-03	6.25e-05	1.63e-06	0.00e+00	0.00e+00	0.00e+00	0.00e+00
 4.39560e+22	7.58e-15	9.94e-10	5.86e-06	2.32e-04	3.61e-03	1.38e-02	1.27e-02	3.75e-02	3.67e-01	4.10e-01	1.33e-01	2.07e-02	1.63e-03	5.47e-05	1.39e-06	0.00e+00	0.00e+00	0.00e+00	0.00e+00
 4.41843e+22	1.03e-14	1.29e-09	7.30e-06	2.80e-04	4.21e-03	1.56e-02	1.39e-02	4.08e-02	3.79e-01	4.02e-01	1.24e-01	1.86e-02	1.41e-03	4.57e-05	1.12e-06	0.00e+00	0.00e+00	0.00e+00	0.00e+00
 4.44148e+22	1.30e-14	1.59e-09	8.70e-06	3.26e-04	4.75e-03	1.72e-02	1.48e-02	4.34e-02	3.88e-01	3.96e-01	1.18e-01	1.71e-02	1.26e-03	3.99e-05	9.59e-07	0.00e+00	0.00e+00	0.00e+00	0.00e+00
 4.46482e+22	1.78e-14	2.08e-09	1.09e-05	3.96e-04	5.56e-03	1.95e-02	1.61e-02	4.70e-02	3.99e-01	3.87e-01	1.10e-01	1.53e-02	1.08e-03	3.33e-05	7.74e-07	0.00e+00	0.00e+00	0.00e+00	0.00e+00
 4.48849e+22	2.28e-14	2.58e-09	1.31e-05	4.63e-04	6.29e-03	2.15e-02	1.72e-02	4.98e-02	4.06e-01	3.79e-01	1.04e-01	1.41e-02	9.59e-04	2.89e-05	6.56e-07	0.00e+00	0.00e+00	0.00e+00	0.00e+00
 4.51259e+22	3.15e-14	3.41e-09	1.66e-05	5.65e-04	7.37e-03	2.43e-02	1.88e-02	5.38e-02	4.16e-01	3.69e-01	9.63e-02	1.25e-02	8.18e-04	2.39e-05	5.26e-07	0.00e+00	0.00e+00	0.00e+00	0.00e+00
 4.53704e+22	4.06e-14	4.26e-09	2.01e-05	6.62e-04	8.35e-03	2.68e-02	2.00e-02	5.69e-02	4.23e-01	3.61e-01	9.07e-02	1.14e-02	7.24e-04	2.07e-05	4.44e-07	0.00e+00	0.00e+00	0.00e+00	0.00e+00
 4.56193e+22	5.68e-14	5.70e-09	2.57e-05	8.14e-04	9.82e-03	3.03e-02	2.17e-02	6.14e-02	4.32e-01	3.49e-01	8.36e-02	1.01e-02	6.12e-04	1.70e-05	3.52e-07	0.00e+00	0.00e+00	0.00e+00	0.00e+00
 4.58722e+22	7.39e-14	7.17e-09	3.12e-05	9.57e-04	1.11e-02	3.34e-02	2.32e-02	6.48e-02	4.38e-01	3.40e-01	7.84e-02	9.18e-03	5.38e-04	1.46e-05	2.95e-07	0.00e+00	0.00e+00	0.00e+00	0.00e+00
 4.61303e+22	1.04e-13	9.67e-09	4.02e-05	1.18e-03	1.31e-02	3.78e-02	2.51e-02	6.96e-02	4.45e-01	3.27e-01	7.18e-02	8.06e-03	4.52e-04	1.19e-05	2.33e-07	0.00e+00	0.00e+00	0.00e+00	0.00e+00
 4.63948e+22	1.38e-13	1.23e-08	4.93e-05	1.40e-03	1.50e-02	4.18e-02	2.68e-02	7.34e-02	4.50e-01	3.17e-01	6.68e-02	7.26e-03	3.94e-04	1.01e-05	1.93e-07	0.00e+00	0.00e+00	0.00e+00	0.00e+00
 4.66679e+22	1.98e-13	1.69e-08	6.44e-05	1.74e-03	1.77e-02	4.74e-02	2.90e-02	7.86e-02	4.55e-01	3.03e-01	6.06e-02	6.30e-03	3.27e-04	8.18e-06	1.50e-07	0.00e+00	0.00e+00	0.00e+00	0.00e+00
 4.69480e+22	2.66e-13	2.18e-08	7.98e-05	2.08e-03	2.03e-02	5.24e-02	3.09e-02	8.27e-02	4.58e-01	2.92e-01	5.60e-02	5.62e-03	2.81e-04	6.87e-06	1.22e-07	0.00e+00	0.00e+00	0.00e+00	0.00e+00
 4.72373e+22	3.89e-13	3.02e-08	1.05e-04	2.61e-03	2.41e-02	5.95e-02	3.35e-02	8.82e-02	4.60e-01	2.76e-01	5.03e-02	4.82e-03	2.30e-04	5.45e-06	0.00e+00	0.00e+00	0.00e+00	0.00e+00	0.00e+00
 4.75292e+22	5.21e-13	3.90e-08	1.31e-04	3.10e-03	2.76e-02	6.55e-02	3.56e-02	9.23e-02	4.61e-01	2.65e-01	4.62e-02	4.28e-03	1.97e-04	4.56e-06	0.00e+00	0.00e+00	0.00e+00	0.00e+00	0.00e+00
 4.78246e+22	7.65e-13	5.44e-08	1.73e-04	3.89e-03	3.27e-02	7.40e-02	3.83e-02	9.79e-02	4.60e-01	2.49e-01	4.11e-02	3.63e-03	1.60e-04	3.59e-06	0.00e+00	0.00e+00	0.00e+00	0.00e+00	0.00e+00
 4.81229e+22	1.03e-12	7.01e-08	2.14e-04	4.62e-03	3.72e-02	8.11e-02	4.04e-02	1.02e-01	4.57e-01	2.36e-01	3.75e-02	3.20e-03	1.36e-04	2.98e-06	0.00e+00	0.00e+00	0.00e+00	0.00e+00	0.00e+00
 4.84251e+22	1.51e-12	9.78e-08	2.83e-04	5.78e-03	4.39e-02	9.11e-02	4.33e-02	1.07e-01	4.52e-01	2.20e-01	3.30e-02	2.69e-03	1.09e-04	2.32e-06	0.00e+00	0.00e+00	0.00e+00	0.00e+00	0.00e+00
 4.87324e+22	2.04e-12	1.27e-07	3.51e-04	6.87e-03	4.99e-02	9.95e-02	4.55e-02	1.11e-01	4.47e-01	2.08e-01	2.98e-02	2.35e-03	9.17e-05	1.91e-06	0.00e+00	0.00e+00	0.00e+00	0.00e+00	0.00e+00
 4.90037e+22	2.74e-12	1.63e-07	4.35e-04	8.13e-03	5.65e-02	1.08e-01	4.77e-02	1.14e-01	4.40e-01	1.95e-01	2.69e-02	2.04e-03	7.68e-05	1.56e-06	0.00e+00	0.00e+00	0.00e+00	0.00e+00	0.00e+00
 4.93135e+22	3.99e-12	2.25e-07	5.69e-04	1.00e-02	6.60e-02	1.20e-01	5.04e-02	1.19e-01	4.30e-01	1.79e-01	2.34e-02	1.69e-03	6.11e-05	1.21e-06	0.00e+00	0.00e+00	0.00e+00	0.00e+00	0.00e+00
 4.96289e+22	5.41e-12	2.93e-07	7.07e-04	1.19e-02	7.46e-02	1.30e-01	5.26e-02	1.22e-01	4.19e-01	1.67e-01	2.08e-02	1.45e-03	5.03e-05	9.72e-07	0.00e+00	0.00e+00	0.00e+00	0.00e+00	0.00e+00
 4.98847e+22	6.97e-12	3.64e-07	8.47e-04	1.37e-02	8.24e-02	1.39e-01	5.43e-02	1.24e-01	4.10e-01	1.56e-01	1.88e-02	1.27e-03	4.27e-05	8.09e-07	0.00e+00	0.00e+00	0.00e+00	0.00e+00	0.00e+00
 5.01506e+22	9.38e-12	4.69e-07	1.04e-03	1.61e-02	9.25e-02	1.49e-01	5.62e-02	1.26e-01	3.97e-01	1.44e-01	1.66e-02	1.08e-03	3.51e-05	6.49e-07	0.00e+00	0.00e+00	0.00e+00	0.00e+00	0.00e+00
 5.04298e+22	1.22e-11	5.87e-07	1.26e-03	1.86e-02	1.02e-01	1.59e-01	5.77e-02	1.27e-01	3.85e-01	1.34e-01	1.48e-02	9.32e-04	2.93e-05	5.31e-07	0.00e+00	0.00e+00	0.00e+00	0.00e+00	0.00e+00
 5.06858e+22	1.58e-11	7.29e-07	1.50e-03	2.13e-02	1.12e-01	1.68e-01	5.91e-02	1.28e-01	3.71e-01	1.24e-01	1.31e-02	8.04e-04	2.44e-05	4.34e-07	0.00e+00	0.00e+00	0.00e+00	0.00e+00	0.00e+00
 5.09782e+22	2.17e-11	9.54e-07	1.87e-03	2.51e-02	1.26e-01	1.80e-01	6.06e-02	1.29e-01	3.54e-01	1.12e-01	1.13e-02	6.64e-04	1.94e-05	3.36e-07	0.00e+00	0.00e+00	0.00e+00	0.00e+00	0.00e+00
 5.12780e+22	2.85e-11	1.20e-06	2.26e-03	2.90e-02	1.38e-01	1.90e-01	6.17e-02	1.29e-01	3.38e-01	1.02e-01	9.84e-03	5.58e-04	1.57e-05	2.67e-07	0.00e+00	0.00e+00	0.00e+00	0.00e+00	0.00e+00
 5.15411e+22	3.65e-11	1.48e-06	2.67e-03	3.29e-02	1.50e-01	1.99e-01	6.25e-02	1.29e-01	3.22e-01	9.28e-02	8.66e-03	4.75e-04	1.30e-05	2.16e-07	0.00e+00	0.00e+00	0.00e+00	0.00e+00	0.00e+00
 5.18368e+22	4.95e-11	1.91e-06	3.28e-03	3.82e-02	1.66e-01	2.09e-01	6.32e-02	1.27e-01	3.02e-01	8.25e-02	7.34e-03	3.87e-04	1.02e-05	1.65e-07	0.00e+00	0.00e+00	0.00e+00	0.00e+00	0.00e+00
 5.21465e+22	6.50e-11	2.40e-06	3.95e-03	4.37e-02	1.81e-01	2.18e-01	6.35e-02	1.25e-01	2.84e-01	7.37e-02	6.27e-03	3.19e-04	8.10e-06	1.28e-07	0.00e+00	0.00e+00	0.00e+00	0.00e+00	0.00e+00
 5.24267e+22	8.33e-11	2.95e-06	4.65e-03	4.92e-02	1.95e-01	2.26e-01	6.35e-02	1.23e-01	2.67e-01	6.62e-02	5.40e-03	2.66e-04	6.54e-06	0.00e+00	0.00e+00	0.00e+00	0.00e+00	0.00e+00	0.00e+00
 5.27435e+22	1.13e-10	3.81e-06	5.69e-03	5.69e-02	2.13e-01	2.34e-01	6.32e-02	1.20e-01	2.45e-01	5.74e-02	4.46e-03	2.10e-04	4.96e-06	0.00e+00	0.00e+00	0.00e+00	0.00e+00	0.00e+00	0.00e+00
 5.30699e+22	1.48e-10	4.76e-06	6.79e-03	6.44e-02	2.29e-01	2.41e-01	6.26e-02	1.16e-01	2.26e-01	5.03e-02	3.73e-03	1.70e-04	3.86e-06	0.00e+00	0.00e+00	0.00e+00	0.00e+00	0.00e+00	0.00e+00
 5.33602e+22	1.89e-10	5.81e-06	7.93e-03	7.17e-02	2.43e-01	2.46e-01	6.17e-02	1.13e-01	2.09e-01	4.43e-02	3.16e-03	1.39e-04	3.05e-06	0.00e+00	0.00e+00	0.00e+00	0.00e+00	0.00e+00	0.00e+00
 5.36890e+22	2.55e-10	7.43e-06	9.59e-03	8.17e-02	2.61e-01	2.51e-01	6.04e-02	1.08e-01	1.88e-01	3.76e-02	2.54e-03	1.07e-04	2.26e-06	0.00e+00	0.00e+00	0.00e+00	0.00e+00	0.00e+00	0.00e+00
 5.40305e+22	3.31e-10	9.20e-06	1.13e-02	9.13e-02	2.77e-01	2.54e-01	5.89e-02	1.03e-01	1.70e-01	3.23e-02	2.08e-03	8.46e-05	1.72e-06	0.00e+00	0.00e+00	0.00e+00	0.00e+00	0.00e+00	0.00e+00
 5.43379e+22	4.22e-10	1.12e-05	1.31e-02	1.01e-01	2.91e-01	2.56e-01	5.72e-02	9.78e-02	1.55e-01	2.79e-02	1.72e-03	6.75e-05	1.32e-06	0.00e+00	0.00e+00	0.00e+00	0.00e+00	0.00e+00	0.00e+00
 5.46868e+22	5.72e-10	1.43e-05	1.58e-02	1.14e-01	3.08e-01	2.56e-01	5.49e-02	9.13e-02	1.36e-01	2.29e-02	1.34e-03	5.02e-05	9.43e-07	0.00e+00	0.00e+00	0.00e+00	0.00e+00	0.00e+00	0.00e+00
