#depth	N	N+	N+2	N+3	N+4	N+5	N+6	N+7
 4.62852e+21	4.07e-30	2.84e-23	5.09e-18	1.01e-13	6.79e-10	7.43e-06	5.15e-03	9.95e-01
 1.05668e+22	5.08e-29	2.44e-22	3.05e-17	4.27e-13	2.04e-09	1.58e-05	7.51e-03	9.92e-01
 1.27205e+22	2.75e-28	1.02e-21	9.86e-17	1.08e-12	4.06e-09	2.58e-05	9.71e-03	9.90e-01
 1.42395e+22	1.14e-27	3.33e-21	2.59e-16	2.31e-12	6.96e-09	3.85e-05	1.21e-02	9.88e-01
 1.50833e+22	1.65e-27	4.54e-21	3.32e-16	2.80e-12	7.97e-09	4.27e-05	1.28e-02	9.87e-01
 1.53478e+22	2.03e-27	5.41e-21	3.83e-16	3.12e-12	8.60e-09	4.53e-05	1.32e-02	9.87e-01
 1.55678e+22	2.72e-27	6.89e-21	4.65e-16	3.62e-12	9.53e-09	4.91e-05	1.38e-02	9.86e-01
 1.57818e+22	3.26e-27	8.00e-21	5.25e-16	3.98e-12	1.02e-08	5.16e-05	1.42e-02	9.86e-01
 1.59879e+22	4.21e-27	9.90e-21	6.23e-16	4.54e-12	1.12e-08	5.54e-05	1.47e-02	9.85e-01
 1.62022e+22	5.31e-27	1.20e-20	7.27e-16	5.10e-12	1.21e-08	5.90e-05	1.53e-02	9.85e-01
 1.63929e+22	6.54e-27	1.43e-20	8.36e-16	5.68e-12	1.30e-08	6.25e-05	1.58e-02	9.84e-01
 1.66069e+22	8.51e-27	1.77e-20	9.96e-16	6.49e-12	1.43e-08	6.71e-05	1.64e-02	9.84e-01
 1.68233e+22	1.08e-26	2.16e-20	1.16e-15	7.31e-12	1.55e-08	7.16e-05	1.70e-02	9.83e-01
 1.70062e+22	1.32e-26	2.55e-20	1.33e-15	8.11e-12	1.66e-08	7.57e-05	1.75e-02	9.82e-01
 1.72070e+22	1.71e-26	3.16e-20	1.58e-15	9.25e-12	1.82e-08	8.12e-05	1.82e-02	9.82e-01
 1.74168e+22	2.16e-26	3.84e-20	1.85e-15	1.04e-11	1.97e-08	8.65e-05	1.89e-02	9.81e-01
 1.76037e+22	2.68e-26	4.60e-20	2.14e-15	1.16e-11	2.12e-08	9.18e-05	1.95e-02	9.80e-01
 1.78122e+22	3.53e-26	5.77e-20	2.56e-15	1.33e-11	2.33e-08	9.89e-05	2.03e-02	9.80e-01
 1.80256e+22	4.48e-26	7.04e-20	3.01e-15	1.51e-11	2.52e-08	1.06e-04	2.11e-02	9.79e-01
 1.82127e+22	5.65e-26	8.52e-20	3.50e-15	1.69e-11	2.73e-08	1.12e-04	2.18e-02	9.78e-01
 1.83934e+22	7.04e-26	1.02e-19	4.06e-15	1.89e-11	2.94e-08	1.19e-04	2.25e-02	9.77e-01
 1.85984e+22	9.26e-26	1.28e-19	4.87e-15	2.17e-11	3.23e-08	1.28e-04	2.35e-02	9.76e-01
 1.88109e+22	1.19e-25	1.58e-19	5.74e-15	2.46e-11	3.51e-08	1.37e-04	2.43e-02	9.76e-01
 1.90012e+22	1.51e-25	1.92e-19	6.73e-15	2.78e-11	3.81e-08	1.46e-04	2.52e-02	9.75e-01
 1.92170e+22	2.04e-25	2.47e-19	8.23e-15	3.24e-11	4.22e-08	1.59e-04	2.63e-02	9.73e-01
 1.94313e+22	2.62e-25	3.04e-19	9.73e-15	3.67e-11	4.59e-08	1.70e-04	2.73e-02	9.73e-01
 1.96066e+22	3.26e-25	3.65e-19	1.13e-14	4.11e-11	4.95e-08	1.80e-04	2.82e-02	9.72e-01
 1.97978e+22	4.32e-25	4.61e-19	1.36e-14	4.74e-11	5.45e-08	1.94e-04	2.94e-02	9.70e-01
 1.99950e+22	5.54e-25	5.66e-19	1.60e-14	5.37e-11	5.92e-08	2.07e-04	3.04e-02	9.69e-01
 2.01570e+22	6.79e-25	6.71e-19	1.84e-14	5.95e-11	6.34e-08	2.19e-04	3.13e-02	9.68e-01
 2.03246e+22	8.76e-25	8.29e-19	2.18e-14	6.78e-11	6.92e-08	2.34e-04	3.24e-02	9.67e-01
 2.04850e+22	1.06e-24	9.74e-19	2.48e-14	7.48e-11	7.39e-08	2.46e-04	3.33e-02	9.66e-01
 2.06140e+22	1.29e-24	1.14e-18	2.82e-14	8.24e-11	7.88e-08	2.59e-04	3.42e-02	9.66e-01
 2.07404e+22	1.54e-24	1.33e-18	3.18e-14	9.04e-11	8.38e-08	2.71e-04	3.51e-02	9.65e-01
 2.08640e+22	1.83e-24	1.53e-18	3.57e-14	9.87e-11	8.88e-08	2.84e-04	3.59e-02	9.64e-01
 2.10037e+22	2.30e-24	1.85e-18	4.16e-14	1.11e-10	9.61e-08	3.01e-04	3.70e-02	9.63e-01
 2.11433e+22	2.77e-24	2.16e-18	4.72e-14	1.22e-10	1.02e-07	3.16e-04	3.80e-02	9.62e-01
 2.12580e+22	3.31e-24	2.51e-18	5.32e-14	1.34e-10	1.09e-07	3.30e-04	3.89e-02	9.61e-01
 2.13644e+22	3.90e-24	2.88e-18	5.94e-14	1.45e-10	1.15e-07	3.45e-04	3.97e-02	9.60e-01
 2.14848e+22	4.76e-24	3.40e-18	6.80e-14	1.61e-10	1.23e-07	3.63e-04	4.08e-02	9.59e-01
 2.16115e+22	5.75e-24	3.98e-18	7.73e-14	1.78e-10	1.31e-07	3.80e-04	4.18e-02	9.58e-01
 2.17255e+22	6.85e-24	4.61e-18	8.71e-14	1.94e-10	1.40e-07	3.98e-04	4.28e-02	9.57e-01
 2.18526e+22	8.74e-24	5.65e-18	1.03e-13	2.20e-10	1.52e-07	4.23e-04	4.41e-02	9.55e-01
 2.19783e+22	1.04e-23	6.56e-18	1.16e-13	2.42e-10	1.61e-07	4.42e-04	4.52e-02	9.54e-01
 2.20819e+22	1.25e-23	7.65e-18	1.31e-13	2.66e-10	1.72e-07	4.62e-04	4.62e-02	9.53e-01
 2.21791e+22	1.48e-23	8.81e-18	1.47e-13	2.90e-10	1.82e-07	4.82e-04	4.72e-02	9.52e-01
 2.22884e+22	1.83e-23	1.05e-17	1.70e-13	3.24e-10	1.96e-07	5.08e-04	4.84e-02	9.51e-01
 2.24008e+22	2.23e-23	1.24e-17	1.94e-13	3.58e-10	2.09e-07	5.33e-04	4.96e-02	9.50e-01
 2.24989e+22	2.64e-23	1.43e-17	2.18e-13	3.91e-10	2.22e-07	5.55e-04	5.07e-02	9.49e-01
 2.26079e+22	3.37e-23	1.75e-17	2.58e-13	4.44e-10	2.42e-07	5.89e-04	5.22e-02	9.47e-01
 2.27172e+22	4.06e-23	2.05e-17	2.93e-13	4.89e-10	2.58e-07	6.16e-04	5.33e-02	9.46e-01
 2.28266e+22	5.19e-23	2.53e-17	3.47e-13	5.57e-10	2.81e-07	6.53e-04	5.49e-02	9.44e-01
 2.29378e+22	6.36e-23	3.00e-17	3.99e-13	6.19e-10	3.02e-07	6.85e-04	5.62e-02	9.43e-01
 2.30333e+22	7.66e-23	3.51e-17	4.53e-13	6.83e-10	3.22e-07	7.16e-04	5.75e-02	9.42e-01
 2.31395e+22	1.01e-22	4.43e-17	5.48e-13	7.89e-10	3.54e-07	7.63e-04	5.93e-02	9.40e-01
 2.32436e+22	1.21e-22	5.17e-17	6.22e-13	8.68e-10	3.78e-07	7.97e-04	6.06e-02	9.39e-01
 2.33451e+22	1.58e-22	6.49e-17	7.49e-13	1.00e-09	4.15e-07	8.48e-04	6.24e-02	9.37e-01
 2.34447e+22	1.89e-22	7.55e-17	8.48e-13	1.10e-09	4.42e-07	8.84e-04	6.37e-02	9.35e-01
 2.35420e+22	2.50e-22	9.54e-17	1.03e-12	1.27e-09	4.86e-07	9.41e-04	6.56e-02	9.33e-01
 2.36390e+22	3.02e-22	1.12e-16	1.17e-12	1.41e-09	5.20e-07	9.83e-04	6.70e-02	9.32e-01
 2.37355e+22	4.00e-22	1.42e-16	1.42e-12	1.63e-09	5.74e-07	1.05e-03	6.91e-02	9.30e-01
 2.38327e+22	4.90e-22	1.69e-16	1.64e-12	1.82e-09	6.18e-07	1.10e-03	7.07e-02	9.28e-01
 2.39310e+22	6.60e-22	2.18e-16	2.02e-12	2.13e-09	6.85e-07	1.17e-03	7.29e-02	9.26e-01
 2.40301e+22	8.18e-22	2.61e-16	2.35e-12	2.39e-09	7.40e-07	1.23e-03	7.47e-02	9.24e-01
 2.41302e+22	1.10e-21	3.37e-16	2.89e-12	2.80e-09	8.22e-07	1.31e-03	7.71e-02	9.22e-01
 2.42294e+22	1.38e-21	4.08e-16	3.38e-12	3.15e-09	8.90e-07	1.38e-03	7.89e-02	9.20e-01
 2.43274e+22	1.86e-21	5.27e-16	4.17e-12	3.70e-09	9.91e-07	1.48e-03	8.14e-02	9.17e-01
 2.44270e+22	2.37e-21	6.46e-16	4.94e-12	4.21e-09	1.08e-06	1.56e-03	8.35e-02	9.15e-01
 2.45287e+22	3.25e-21	8.47e-16	6.17e-12	4.99e-09	1.21e-06	1.67e-03	8.63e-02	9.12e-01
 2.46314e+22	4.17e-21	1.05e-15	7.35e-12	5.70e-09	1.32e-06	1.76e-03	8.86e-02	9.10e-01
 2.47355e+22	5.80e-21	1.39e-15	9.27e-12	6.80e-09	1.49e-06	1.90e-03	9.17e-02	9.06e-01
 2.48401e+22	7.46e-21	1.72e-15	1.11e-11	7.78e-09	1.63e-06	2.01e-03	9.41e-02	9.04e-01
 2.49306e+22	9.57e-21	2.13e-15	1.32e-11	8.90e-09	1.78e-06	2.12e-03	9.66e-02	9.01e-01
 2.50331e+22	1.32e-20	2.80e-15	1.65e-11	1.06e-08	2.00e-06	2.28e-03	9.98e-02	8.98e-01
 2.51357e+22	1.68e-20	3.45e-15	1.96e-11	1.21e-08	2.18e-06	2.40e-03	1.02e-01	8.95e-01
 2.52382e+22	2.31e-20	4.52e-15	2.45e-11	1.43e-08	2.44e-06	2.58e-03	1.06e-01	8.92e-01
 2.53424e+22	2.95e-20	5.58e-15	2.92e-11	1.63e-08	2.67e-06	2.73e-03	1.09e-01	8.89e-01
 2.54487e+22	4.07e-20	7.35e-15	3.67e-11	1.94e-08	3.01e-06	2.93e-03	1.12e-01	8.85e-01
 2.55566e+22	5.18e-20	9.04e-15	4.36e-11	2.22e-08	3.29e-06	3.10e-03	1.15e-01	8.82e-01
 2.56666e+22	7.11e-20	1.18e-14	5.45e-11	2.63e-08	3.69e-06	3.33e-03	1.19e-01	8.78e-01
 2.57798e+22	9.15e-20	1.47e-14	6.52e-11	3.02e-08	4.05e-06	3.52e-03	1.22e-01	8.74e-01
 2.58972e+22	1.26e-19	1.94e-14	8.20e-11	3.60e-08	4.57e-06	3.80e-03	1.26e-01	8.70e-01
 2.60162e+22	1.62e-19	2.40e-14	9.79e-11	4.12e-08	5.01e-06	4.02e-03	1.30e-01	8.66e-01
 2.61374e+22	2.23e-19	3.15e-14	1.23e-10	4.91e-08	5.65e-06	4.33e-03	1.34e-01	8.61e-01
 2.62594e+22	2.83e-19	3.87e-14	1.46e-10	5.60e-08	6.18e-06	4.58e-03	1.38e-01	8.58e-01
 2.63824e+22	3.85e-19	5.04e-14	1.81e-10	6.64e-08	6.94e-06	4.92e-03	1.42e-01	8.53e-01
 2.65085e+22	4.90e-19	6.20e-14	2.15e-10	7.58e-08	7.61e-06	5.21e-03	1.46e-01	8.49e-01
 2.66180e+22	6.11e-19	7.51e-14	2.53e-10	8.57e-08	8.28e-06	5.50e-03	1.50e-01	8.45e-01
 2.67400e+22	8.18e-19	9.63e-14	3.11e-10	1.01e-07	9.26e-06	5.89e-03	1.54e-01	8.40e-01
 2.68622e+22	1.01e-18	1.15e-13	3.61e-10	1.13e-07	1.00e-05	6.19e-03	1.58e-01	8.36e-01
 2.69847e+22	1.33e-18	1.46e-13	4.40e-10	1.32e-07	1.12e-05	6.62e-03	1.63e-01	8.31e-01
 2.71101e+22	1.64e-18	1.76e-13	5.14e-10	1.49e-07	1.21e-05	6.98e-03	1.67e-01	8.26e-01
 2.72211e+22	2.03e-18	2.10e-13	5.97e-10	1.67e-07	1.32e-05	7.34e-03	1.70e-01	8.22e-01
 2.73474e+22	2.67e-18	2.67e-13	7.28e-10	1.95e-07	1.47e-05	7.85e-03	1.76e-01	8.17e-01
 2.74729e+22	3.23e-18	3.14e-13	8.34e-10	2.17e-07	1.58e-05	8.23e-03	1.79e-01	8.13e-01
 2.75976e+22	4.19e-18	3.93e-13	1.01e-09	2.52e-07	1.75e-05	8.77e-03	1.84e-01	8.07e-01
 2.77247e+22	5.08e-18	4.64e-13	1.16e-09	2.81e-07	1.89e-05	9.20e-03	1.88e-01	8.03e-01
 2.78549e+22	6.60e-18	5.81e-13	1.40e-09	3.25e-07	2.10e-05	9.82e-03	1.94e-01	7.97e-01
 2.79876e+22	8.02e-18	6.88e-13	1.61e-09	3.64e-07	2.27e-05	1.03e-02	1.98e-01	7.92e-01
 2.81234e+22	1.04e-17	8.63e-13	1.94e-09	4.22e-07	2.52e-05	1.10e-02	2.04e-01	7.85e-01
 2.82618e+22	1.27e-17	1.02e-12	2.24e-09	4.72e-07	2.73e-05	1.16e-02	2.08e-01	7.81e-01
 2.84034e+22	1.65e-17	1.28e-12	2.71e-09	5.48e-07	3.03e-05	1.24e-02	2.14e-01	7.74e-01
 2.85418e+22	1.96e-17	1.49e-12	3.07e-09	6.05e-07	3.25e-05	1.29e-02	2.18e-01	7.69e-01
 2.86760e+22	2.52e-17	1.84e-12	3.68e-09	6.98e-07	3.60e-05	1.37e-02	2.24e-01	7.62e-01
 2.88122e+22	2.99e-17	2.14e-12	4.17e-09	7.70e-07	3.86e-05	1.44e-02	2.28e-01	7.58e-01
 2.89510e+22	3.80e-17	2.63e-12	4.96e-09	8.84e-07	4.26e-05	1.53e-02	2.34e-01	7.51e-01
 2.90941e+22	4.60e-17	3.10e-12	5.70e-09	9.87e-07	4.60e-05	1.60e-02	2.39e-01	7.45e-01
 2.92427e+22	5.84e-17	3.81e-12	6.78e-09	1.13e-06	5.08e-05	1.70e-02	2.45e-01	7.38e-01
 2.93961e+22	7.15e-17	4.54e-12	7.85e-09	1.27e-06	5.51e-05	1.79e-02	2.50e-01	7.32e-01
 2.95557e+22	9.15e-17	5.61e-12	9.38e-09	1.47e-06	6.10e-05	1.91e-02	2.57e-01	7.24e-01
 2.97194e+22	1.12e-16	6.70e-12	1.09e-08	1.65e-06	6.64e-05	2.01e-02	2.62e-01	7.18e-01
 2.98886e+22	1.44e-16	8.34e-12	1.31e-08	1.91e-06	7.37e-05	2.15e-02	2.69e-01	7.09e-01
 3.00631e+22	1.79e-16	1.00e-11	1.53e-08	2.16e-06	8.05e-05	2.27e-02	2.75e-01	7.02e-01
 3.02446e+22	2.32e-16	1.26e-11	1.85e-08	2.52e-06	8.98e-05	2.42e-02	2.83e-01	6.93e-01
 3.04322e+22	2.91e-16	1.53e-11	2.18e-08	2.86e-06	9.85e-05	2.57e-02	2.89e-01	6.85e-01
 3.06018e+22	3.61e-16	1.84e-11	2.55e-08	3.24e-06	1.08e-04	2.71e-02	2.95e-01	6.77e-01
 3.07967e+22	4.73e-16	2.32e-11	3.10e-08	3.80e-06	1.21e-04	2.91e-02	3.04e-01	6.67e-01
 3.09953e+22	5.94e-16	2.83e-11	3.66e-08	4.33e-06	1.32e-04	3.08e-02	3.10e-01	6.59e-01
 3.11988e+22	7.86e-16	3.60e-11	4.49e-08	5.09e-06	1.49e-04	3.30e-02	3.19e-01	6.48e-01
 3.14051e+22	9.90e-16	4.39e-11	5.31e-08	5.82e-06	1.64e-04	3.50e-02	3.26e-01	6.39e-01
 3.16149e+22	1.32e-15	5.65e-11	6.56e-08	6.90e-06	1.85e-04	3.77e-02	3.35e-01	6.27e-01
 3.18269e+22	1.67e-15	6.90e-11	7.76e-08	7.89e-06	2.03e-04	3.99e-02	3.42e-01	6.18e-01
 3.20417e+22	2.26e-15	8.97e-11	9.69e-08	9.42e-06	2.31e-04	4.31e-02	3.52e-01	6.05e-01
 3.22577e+22	2.84e-15	1.09e-10	1.15e-07	1.08e-05	2.54e-04	4.56e-02	3.59e-01	5.95e-01
 3.24371e+22	3.51e-15	1.31e-10	1.34e-07	1.22e-05	2.77e-04	4.81e-02	3.65e-01	5.86e-01
 3.26324e+22	4.63e-15	1.67e-10	1.64e-07	1.43e-05	3.11e-04	5.16e-02	3.74e-01	5.74e-01
 3.28270e+22	5.68e-15	1.99e-10	1.90e-07	1.61e-05	3.39e-04	5.42e-02	3.81e-01	5.65e-01
 3.30207e+22	7.49e-15	2.53e-10	2.33e-07	1.90e-05	3.81e-04	5.81e-02	3.89e-01	5.52e-01
 3.32167e+22	9.25e-15	3.04e-10	2.72e-07	2.15e-05	4.16e-04	6.12e-02	3.96e-01	5.42e-01
 3.34158e+22	1.23e-14	3.89e-10	3.35e-07	2.55e-05	4.70e-04	6.57e-02	4.05e-01	5.29e-01
 3.36172e+22	1.53e-14	4.70e-10	3.93e-07	2.90e-05	5.15e-04	6.94e-02	4.12e-01	5.18e-01
 3.38217e+22	2.03e-14	6.03e-10	4.87e-07	3.44e-05	5.82e-04	7.45e-02	4.21e-01	5.04e-01
 3.40300e+22	2.56e-14	7.37e-10	5.78e-07	3.96e-05	6.43e-04	7.89e-02	4.28e-01	4.92e-01
 3.42435e+22	3.45e-14	9.56e-10	7.22e-07	4.74e-05	7.32e-04	8.50e-02	4.37e-01	4.77e-01
 3.44608e+22	4.36e-14	1.17e-09	8.62e-07	5.48e-05	8.12e-04	9.02e-02	4.44e-01	4.65e-01
 3.46832e+22	5.93e-14	1.54e-09	1.09e-06	6.63e-05	9.31e-04	9.74e-02	4.53e-01	4.48e-01
 3.49083e+22	7.53e-14	1.89e-09	1.30e-06	7.70e-05	1.04e-03	1.03e-01	4.60e-01	4.35e-01
 3.50986e+22	9.35e-14	2.29e-09	1.53e-06	8.83e-05	1.14e-03	1.09e-01	4.66e-01	4.23e-01
 3.53069e+22	1.23e-13	2.92e-09	1.90e-06	1.05e-04	1.30e-03	1.17e-01	4.74e-01	4.07e-01
 3.55158e+22	1.52e-13	3.52e-09	2.24e-06	1.21e-04	1.43e-03	1.24e-01	4.79e-01	3.95e-01
 3.57199e+22	1.97e-13	4.42e-09	2.73e-06	1.43e-04	1.62e-03	1.33e-01	4.86e-01	3.80e-01
 3.59280e+22	2.43e-13	5.34e-09	3.22e-06	1.65e-04	1.79e-03	1.40e-01	4.91e-01	3.67e-01
 3.61331e+22	3.09e-13	6.61e-09	3.90e-06	1.94e-04	2.02e-03	1.49e-01	4.96e-01	3.52e-01
 3.63422e+22	3.81e-13	7.99e-09	4.61e-06	2.24e-04	2.25e-03	1.58e-01	5.01e-01	3.39e-01
 3.65467e+22	4.74e-13	9.73e-09	5.51e-06	2.61e-04	2.52e-03	1.68e-01	5.05e-01	3.25e-01
 3.67491e+22	5.75e-13	1.16e-08	6.45e-06	3.00e-04	2.78e-03	1.77e-01	5.08e-01	3.12e-01
 3.69552e+22	7.10e-13	1.40e-08	7.69e-06	3.50e-04	3.12e-03	1.88e-01	5.11e-01	2.98e-01
 3.71615e+22	8.51e-13	1.66e-08	8.94e-06	4.00e-04	3.44e-03	1.97e-01	5.13e-01	2.86e-01
 3.73663e+22	1.03e-12	1.98e-08	1.05e-05	4.63e-04	3.84e-03	2.09e-01	5.15e-01	2.72e-01
 3.75759e+22	1.23e-12	2.33e-08	1.23e-05	5.31e-04	4.25e-03	2.20e-01	5.16e-01	2.60e-01
 3.77813e+22	1.46e-12	2.74e-08	1.42e-05	6.08e-04	4.71e-03	2.31e-01	5.16e-01	2.48e-01
 3.79880e+22	1.73e-12	3.20e-08	1.65e-05	6.94e-04	5.20e-03	2.43e-01	5.16e-01	2.36e-01
 3.81969e+22	2.03e-12	3.72e-08	1.91e-05	7.93e-04	5.75e-03	2.55e-01	5.15e-01	2.24e-01
 3.84071e+22	2.38e-12	4.31e-08	2.19e-05	9.02e-04	6.34e-03	2.67e-01	5.13e-01	2.13e-01
 3.86205e+22	2.77e-12	5.00e-08	2.52e-05	1.03e-03	7.00e-03	2.80e-01	5.11e-01	2.01e-01
 3.88360e+22	3.21e-12	5.75e-08	2.89e-05	1.16e-03	7.70e-03	2.92e-01	5.08e-01	1.91e-01
 3.90559e+22	3.80e-12	6.63e-08	3.32e-05	1.33e-03	8.50e-03	3.06e-01	5.05e-01	1.80e-01
 3.92795e+22	4.38e-12	7.59e-08	3.79e-05	1.50e-03	9.35e-03	3.19e-01	5.00e-01	1.70e-01
 3.94840e+22	4.92e-12	8.49e-08	4.23e-05	1.66e-03	1.01e-02	3.30e-01	4.97e-01	1.61e-01
 3.96977e+22	5.66e-12	9.74e-08	4.84e-05	1.89e-03	1.12e-02	3.45e-01	4.91e-01	1.51e-01
 3.99147e+22	6.34e-12	1.09e-07	5.39e-05	2.09e-03	1.21e-02	3.56e-01	4.86e-01	1.44e-01
 4.01378e+22	7.29e-12	1.25e-07	6.18e-05	2.37e-03	1.33e-02	3.71e-01	4.79e-01	1.34e-01
 4.03619e+22	8.10e-12	1.38e-07	6.85e-05	2.61e-03	1.44e-02	3.83e-01	4.73e-01	1.27e-01
 4.05872e+22	9.23e-12	1.57e-07	7.82e-05	2.96e-03	1.58e-02	3.98e-01	4.65e-01	1.18e-01
 4.08132e+22	1.02e-11	1.74e-07	8.64e-05	3.25e-03	1.70e-02	4.10e-01	4.59e-01	1.12e-01
 4.10399e+22	1.16e-11	1.97e-07	9.81e-05	3.65e-03	1.86e-02	4.24e-01	4.50e-01	1.04e-01
 4.12691e+22	1.28e-11	2.18e-07	1.08e-04	4.00e-03	2.00e-02	4.36e-01	4.43e-01	9.77e-02
 4.15012e+22	1.45e-11	2.46e-07	1.23e-04	4.49e-03	2.18e-02	4.51e-01	4.33e-01	9.04e-02
 4.17363e+22	1.60e-11	2.71e-07	1.35e-04	4.91e-03	2.34e-02	4.62e-01	4.25e-01	8.50e-02
 4.19751e+22	1.81e-11	3.07e-07	1.53e-04	5.51e-03	2.56e-02	4.76e-01	4.14e-01	7.84e-02
 4.22182e+22	2.00e-11	3.38e-07	1.69e-04	6.02e-03	2.74e-02	4.87e-01	4.05e-01	7.35e-02
 4.24670e+22	2.26e-11	3.83e-07	1.92e-04	6.74e-03	2.99e-02	5.02e-01	3.94e-01	6.74e-02
 4.27212e+22	2.50e-11	4.24e-07	2.12e-04	7.37e-03	3.20e-02	5.13e-01	3.85e-01	6.29e-02
 4.29825e+22	2.83e-11	4.81e-07	2.42e-04	8.26e-03	3.50e-02	5.27e-01	3.72e-01	5.73e-02
 4.32494e+22	3.16e-11	5.34e-07	2.68e-04	9.04e-03	3.74e-02	5.38e-01	3.62e-01	5.33e-02
 4.34746e+22	3.46e-11	5.85e-07	2.94e-04	9.78e-03	3.98e-02	5.47e-01	3.53e-01	4.98e-02
 4.37188e+22	3.88e-11	6.57e-07	3.31e-04	1.08e-02	4.29e-02	5.59e-01	3.42e-01	4.57e-02
 4.39560e+22	4.24e-11	7.16e-07	3.60e-04	1.16e-02	4.53e-02	5.67e-01	3.33e-01	4.29e-02
 4.41843e+22	4.69e-11	7.95e-07	4.01e-04	1.27e-02	4.86e-02	5.77e-01	3.22e-01	3.94e-02
 4.44148e+22	5.15e-11	8.70e-07	4.37e-04	1.36e-02	5.11e-02	5.84e-01	3.14e-01	3.69e-02
 4.46482e+22	5.73e-11	9.69e-07	4.88e-04	1.49e-02	5.48e-02	5.93e-01	3.03e-01	3.39e-02
 4.48849e+22	6.31e-11	1.06e-06	5.33e-04	1.60e-02	5.76e-02	6.00e-01	2.94e-01	3.16e-02
 4.51259e+22	7.05e-11	1.19e-06	5.97e-04	1.75e-02	6.17e-02	6.08e-01	2.83e-01	2.89e-02
 4.53704e+22	7.80e-11	1.31e-06	6.54e-04	1.88e-02	6.48e-02	6.14e-01	2.75e-01	2.69e-02
 4.56193e+22	8.73e-11	1.46e-06	7.33e-04	2.06e-02	6.94e-02	6.22e-01	2.63e-01	2.45e-02
 4.58722e+22	9.69e-11	1.62e-06	8.05e-04	2.21e-02	7.29e-02	6.27e-01	2.55e-01	2.27e-02
 4.61303e+22	1.10e-10	1.82e-06	9.07e-04	2.42e-02	7.79e-02	6.33e-01	2.43e-01	2.05e-02
 4.63948e+22	1.22e-10	2.02e-06	1.00e-03	2.60e-02	8.20e-02	6.38e-01	2.35e-01	1.90e-02
 4.66679e+22	1.39e-10	2.30e-06	1.14e-03	2.86e-02	8.76e-02	6.43e-01	2.23e-01	1.70e-02
 4.69480e+22	1.57e-10	2.57e-06	1.26e-03	3.08e-02	9.23e-02	6.46e-01	2.14e-01	1.56e-02
 4.72373e+22	1.81e-10	2.95e-06	1.44e-03	3.39e-02	9.86e-02	6.50e-01	2.03e-01	1.39e-02
 4.75292e+22	2.05e-10	3.31e-06	1.60e-03	3.65e-02	1.04e-01	6.52e-01	1.94e-01	1.27e-02
 4.78246e+22	2.37e-10	3.81e-06	1.83e-03	4.01e-02	1.11e-01	6.53e-01	1.83e-01	1.13e-02
 4.81229e+22	2.70e-10	4.29e-06	2.03e-03	4.32e-02	1.16e-01	6.54e-01	1.75e-01	1.03e-02
 4.84251e+22	3.15e-10	4.96e-06	2.33e-03	4.75e-02	1.23e-01	6.54e-01	1.64e-01	9.08e-03
 4.87324e+22	3.61e-10	5.62e-06	2.61e-03	5.11e-02	1.29e-01	6.53e-01	1.56e-01	8.24e-03
 4.90037e+22	4.09e-10	6.31e-06	2.90e-03	5.50e-02	1.36e-01	6.51e-01	1.48e-01	7.45e-03
 4.93135e+22	4.84e-10	7.36e-06	3.33e-03	6.02e-02	1.44e-01	6.48e-01	1.39e-01	6.55e-03
 4.96289e+22	5.52e-10	8.32e-06	3.73e-03	6.48e-02	1.50e-01	6.44e-01	1.31e-01	5.88e-03
 4.98847e+22	6.23e-10	9.27e-06	4.11e-03	6.90e-02	1.56e-01	6.41e-01	1.25e-01	5.37e-03
 5.01506e+22	7.21e-10	1.06e-05	4.60e-03	7.42e-02	1.63e-01	6.36e-01	1.18e-01	4.82e-03
 5.04298e+22	8.20e-10	1.19e-05	5.09e-03	7.91e-02	1.69e-01	6.31e-01	1.11e-01	4.36e-03
 5.06858e+22	9.31e-10	1.33e-05	5.62e-03	8.42e-02	1.75e-01	6.25e-01	1.06e-01	3.96e-03
 5.09782e+22	1.10e-09	1.53e-05	6.37e-03	9.10e-02	1.83e-01	6.17e-01	9.85e-02	3.49e-03
 5.12780e+22	1.25e-09	1.73e-05	7.09e-03	9.73e-02	1.90e-01	6.10e-01	9.25e-02	3.12e-03
 5.15411e+22	1.43e-09	1.95e-05	7.83e-03	1.03e-01	1.96e-01	6.02e-01	8.73e-02	2.81e-03
 5.18368e+22	1.70e-09	2.26e-05	8.86e-03	1.11e-01	2.04e-01	5.92e-01	8.11e-02	2.47e-03
 5.21465e+22	1.96e-09	2.56e-05	9.89e-03	1.19e-01	2.11e-01	5.82e-01	7.56e-02	2.19e-03
 5.24267e+22	2.26e-09	2.90e-05	1.10e-02	1.26e-01	2.18e-01	5.72e-01	7.08e-02	1.95e-03
 5.27435e+22	2.72e-09	3.40e-05	1.25e-02	1.36e-01	2.26e-01	5.59e-01	6.50e-02	1.69e-03
 5.30699e+22	3.16e-09	3.88e-05	1.40e-02	1.45e-01	2.33e-01	5.46e-01	6.02e-02	1.48e-03
 5.33602e+22	3.68e-09	4.41e-05	1.55e-02	1.54e-01	2.39e-01	5.34e-01	5.59e-02	1.31e-03
 5.36890e+22	4.45e-09	5.18e-05	1.76e-02	1.66e-01	2.47e-01	5.17e-01	5.09e-02	1.12e-03
 5.40305e+22	5.25e-09	5.97e-05	1.98e-02	1.77e-01	2.53e-01	5.02e-01	4.67e-02	9.71e-04
 5.43379e+22	6.16e-09	6.83e-05	2.20e-02	1.87e-01	2.59e-01	4.88e-01	4.29e-02	8.47e-04
 5.46868e+22	7.56e-09	8.11e-05	2.51e-02	2.01e-01	2.66e-01	4.68e-01	3.85e-02	7.09e-04
 5.50455e+22	8.98e-09	9.36e-05	2.81e-02	2.14e-01	2.71e-01	4.51e-01	3.50e-02	6.09e-04
 5.53680e+22	1.06e-08	1.08e-04	3.13e-02	2.26e-01	2.76e-01	4.34e-01	3.18e-02	5.23e-04
 5.57385e+22	1.32e-08	1.29e-04	3.59e-02	2.42e-01	2.81e-01	4.12e-01	2.80e-02	4.29e-04
 5.61131e+22	1.58e-08	1.49e-04	4.01e-02	2.55e-01	2.85e-01	3.94e-01	2.52e-02	3.63e-04
 5.64931e+22	1.98e-08	1.79e-04	4.58e-02	2.72e-01	2.89e-01	3.71e-01	2.20e-02	2.94e-04
 5.68777e+22	2.37e-08	2.07e-04	5.10e-02	2.87e-01	2.91e-01	3.52e-01	1.96e-02	2.47e-04
 5.72681e+22	2.99e-08	2.49e-04	5.83e-02	3.04e-01	2.92e-01	3.28e-01	1.69e-02	1.97e-04
 5.76623e+22	3.60e-08	2.88e-04	6.47e-02	3.19e-01	2.93e-01	3.09e-01	1.49e-02	1.63e-04
 5.80613e+22	4.57e-08	3.48e-04	7.37e-02	3.37e-01	2.92e-01	2.85e-01	1.27e-02	1.28e-04
 5.84643e+22	5.52e-08	4.03e-04	8.15e-02	3.51e-01	2.90e-01	2.66e-01	1.11e-02	1.05e-04
 5.88726e+22	7.04e-08	4.86e-04	9.25e-02	3.68e-01	2.86e-01	2.43e-01	9.32e-03	8.14e-05
 5.92864e+22	8.54e-08	5.64e-04	1.02e-01	3.81e-01	2.83e-01	2.25e-01	8.07e-03	6.60e-05
 5.97071e+22	1.10e-07	6.82e-04	1.15e-01	3.98e-01	2.77e-01	2.03e-01	6.67e-03	5.01e-05
 6.01207e+22	1.32e-07	7.83e-04	1.26e-01	4.09e-01	2.71e-01	1.88e-01	5.76e-03	4.06e-05
 6.04671e+22	1.58e-07	8.94e-04	1.37e-01	4.19e-01	2.65e-01	1.73e-01	5.00e-03	3.32e-05
 6.08009e+22	1.87e-07	1.02e-03	1.48e-01	4.28e-01	2.59e-01	1.60e-01	4.34e-03	2.71e-05
 6.11764e+22	2.33e-07	1.19e-03	1.62e-01	4.38e-01	2.50e-01	1.44e-01	3.61e-03	2.09e-05
 6.15510e+22	2.76e-07	1.35e-03	1.75e-01	4.46e-01	2.43e-01	1.32e-01	3.11e-03	1.69e-05
 6.19243e+22	3.43e-07	1.58e-03	1.91e-01	4.53e-01	2.33e-01	1.18e-01	2.57e-03	1.30e-05
 6.23045e+22	4.09e-07	1.79e-03	2.05e-01	4.59e-01	2.25e-01	1.07e-01	2.19e-03	1.04e-05
 6.26937e+22	5.10e-07	2.09e-03	2.23e-01	4.64e-01	2.14e-01	9.49e-02	1.78e-03	7.79e-06
 6.30867e+22	6.09e-07	2.37e-03	2.39e-01	4.67e-01	2.05e-01	8.57e-02	1.51e-03	6.17e-06
 6.34848e+22	7.65e-07	2.78e-03	2.59e-01	4.69e-01	1.93e-01	7.47e-02	1.20e-03	4.52e-06
 6.38822e+22	9.08e-07	3.14e-03	2.75e-01	4.70e-01	1.84e-01	6.72e-02	1.01e-03	3.57e-06
 6.42009e+22	1.05e-06	3.47e-03	2.90e-01	4.69e-01	1.76e-01	6.12e-02	8.68e-04	2.90e-06
 6.45374e+22	1.26e-06	3.93e-03	3.08e-01	4.67e-01	1.66e-01	5.44e-02	7.17e-04	2.24e-06
 6.48788e+22	1.47e-06	4.36e-03	3.23e-01	4.65e-01	1.58e-01	4.92e-02	6.11e-04	1.80e-06
 6.51792e+22	1.70e-06	4.81e-03	3.38e-01	4.62e-01	1.50e-01	4.45e-02	5.21e-04	1.45e-06
 6.55222e+22	2.03e-06	5.44e-03	3.57e-01	4.58e-01	1.41e-01	3.92e-02	4.26e-04	1.10e-06
 6.58693e+22	2.36e-06	6.01e-03	3.73e-01	4.53e-01	1.33e-01	3.52e-02	3.59e-04	8.76e-07
 6.61733e+22	2.73e-06	6.62e-03	3.88e-01	4.48e-01	1.26e-01	3.17e-02	3.04e-04	6.99e-07
 6.65201e+22	3.28e-06	7.47e-03	4.08e-01	4.40e-01	1.17e-01	2.76e-02	2.45e-04	5.22e-07
 6.68696e+22	3.78e-06	8.21e-03	4.24e-01	4.33e-01	1.10e-01	2.47e-02	2.06e-04	4.15e-07
 6.72227e+22	4.52e-06	9.24e-03	4.44e-01	4.24e-01	1.02e-01	2.15e-02	1.65e-04	3.08e-07
 6.75813e+22	5.26e-06	1.02e-02	4.60e-01	4.16e-01	9.49e-02	1.90e-02	1.37e-04	2.40e-07
 6.78969e+22	6.06e-06	1.12e-02	4.76e-01	4.07e-01	8.87e-02	1.69e-02	1.14e-04	1.88e-07
 6.82570e+22	7.24e-06	1.25e-02	4.96e-01	3.96e-01	8.14e-02	1.46e-02	9.08e-05	1.38e-07
 6.86248e+22	8.41e-06	1.38e-02	5.12e-01	3.86e-01	7.55e-02	1.28e-02	7.45e-05	0.00e+00
 6.89532e+22	9.71e-06	1.51e-02	5.28e-01	3.76e-01	7.01e-02	1.13e-02	6.13e-05	0.00e+00
 6.93305e+22	1.17e-05	1.70e-02	5.47e-01	3.62e-01	6.36e-02	9.59e-03	4.77e-05	0.00e+00
 6.97134e+22	1.36e-05	1.87e-02	5.63e-01	3.51e-01	5.86e-02	8.36e-03	3.86e-05	0.00e+00
 7.01038e+22	1.63e-05	2.10e-02	5.82e-01	3.37e-01	5.29e-02	7.06e-03	2.98e-05	0.00e+00
 7.05043e+22	1.91e-05	2.32e-02	5.98e-01	3.24e-01	4.82e-02	6.06e-03	2.36e-05	0.00e+00
 7.08583e+22	2.21e-05	2.55e-02	6.13e-01	3.12e-01	4.41e-02	5.25e-03	1.90e-05	0.00e+00
 7.12587e+22	2.68e-05	2.87e-02	6.31e-01	2.97e-01	3.93e-02	4.36e-03	1.43e-05	0.00e+00
 7.16679e+22	3.11e-05	3.14e-02	6.45e-01	2.84e-01	3.57e-02	3.75e-03	1.13e-05	0.00e+00
 7.20882e+22	3.76e-05	3.54e-02	6.61e-01	2.69e-01	3.16e-02	3.08e-03	8.42e-06	0.00e+00
 7.24574e+22	4.24e-05	3.81e-02	6.71e-01	2.59e-01	2.92e-02	2.73e-03	6.99e-06	0.00e+00
 7.27190e+22	4.69e-05	4.05e-02	6.79e-01	2.51e-01	2.73e-02	2.45e-03	5.95e-06	0.00e+00
 7.30181e+22	5.36e-05	4.40e-02	6.89e-01	2.40e-01	2.49e-02	2.13e-03	4.79e-06	0.00e+00
 7.33295e+22	6.02e-05	4.72e-02	6.97e-01	2.31e-01	2.30e-02	1.88e-03	3.97e-06	0.00e+00
 7.36567e+22	6.98e-05	5.17e-02	7.07e-01	2.19e-01	2.08e-02	1.60e-03	3.11e-06	0.00e+00
 7.39844e+22	7.83e-05	5.54e-02	7.14e-01	2.10e-01	1.91e-02	1.41e-03	2.57e-06	0.00e+00
 7.43126e+22	9.07e-05	6.06e-02	7.22e-01	1.99e-01	1.72e-02	1.20e-03	2.00e-06	0.00e+00
 7.46445e+22	1.02e-04	6.50e-02	7.28e-01	1.90e-01	1.58e-02	1.05e-03	1.64e-06	0.00e+00
 7.49813e+22	1.18e-04	7.09e-02	7.35e-01	1.79e-01	1.42e-02	8.89e-04	1.28e-06	0.00e+00
 7.53274e+22	1.33e-04	7.64e-02	7.40e-01	1.70e-01	1.29e-02	7.69e-04	1.03e-06	0.00e+00
 7.56373e+22	1.51e-04	8.21e-02	7.44e-01	1.62e-01	1.17e-02	6.68e-04	8.29e-07	0.00e+00
 7.59915e+22	1.75e-04	9.00e-02	7.48e-01	1.51e-01	1.04e-02	5.56e-04	6.29e-07	0.00e+00
 7.63517e+22	1.98e-04	9.67e-02	7.50e-01	1.43e-01	9.42e-03	4.79e-04	5.03e-07	0.00e+00
 7.67197e+22	2.31e-04	1.06e-01	7.52e-01	1.33e-01	8.32e-03	3.97e-04	3.79e-07	0.00e+00
 7.70995e+22	2.64e-04	1.14e-01	7.53e-01	1.24e-01	7.44e-03	3.36e-04	2.95e-07	0.00e+00
 7.74948e+22	3.11e-04	1.26e-01	7.52e-01	1.14e-01	6.47e-03	2.72e-04	2.15e-07	0.00e+00
 7.78931e+22	3.55e-04	1.36e-01	7.51e-01	1.07e-01	5.78e-03	2.29e-04	1.66e-07	0.00e+00
 7.82954e+22	4.20e-04	1.50e-01	7.47e-01	9.75e-02	5.00e-03	1.84e-04	0.00e+00	0.00e+00
 7.87042e+22	4.79e-04	1.61e-01	7.43e-01	9.04e-02	4.43e-03	1.54e-04	0.00e+00	0.00e+00
 7.91215e+22	5.66e-04	1.78e-01	7.36e-01	8.18e-02	3.80e-03	1.22e-04	0.00e+00	0.00e+00
 7.95454e+22	6.49e-04	1.91e-01	7.29e-01	7.53e-02	3.35e-03	1.01e-04	0.00e+00	0.00e+00
 7.99778e+22	7.70e-04	2.11e-01	7.18e-01	6.74e-02	2.84e-03	7.90e-05	0.00e+00	0.00e+00
 8.04174e+22	8.81e-04	2.27e-01	7.08e-01	6.16e-02	2.49e-03	6.47e-05	0.00e+00	0.00e+00
 8.08664e+22	1.05e-03	2.50e-01	6.93e-01	5.45e-02	2.09e-03	4.97e-05	0.00e+00	0.00e+00
 8.13244e+22	1.21e-03	2.69e-01	6.79e-01	4.91e-02	1.81e-03	3.99e-05	0.00e+00	0.00e+00
 8.17941e+22	1.44e-03	2.96e-01	6.58e-01	4.28e-02	1.50e-03	3.00e-05	0.00e+00	0.00e+00
 8.22752e+22	1.67e-03	3.18e-01	6.41e-01	3.81e-02	1.28e-03	2.37e-05	0.00e+00	0.00e+00
 8.27711e+22	2.01e-03	3.50e-01	6.14e-01	3.25e-02	1.04e-03	1.73e-05	0.00e+00	0.00e+00
 8.32793e+22	2.32e-03	3.76e-01	5.92e-01	2.85e-02	8.81e-04	1.34e-05	0.00e+00	0.00e+00
 8.38035e+22	2.82e-03	4.14e-01	5.59e-01	2.36e-02	6.98e-04	9.39e-06	0.00e+00	0.00e+00
 8.43426e+22	3.28e-03	4.44e-01	5.32e-01	2.03e-02	5.79e-04	7.05e-06	0.00e+00	0.00e+00
 8.49010e+22	4.00e-03	4.87e-01	4.93e-01	1.63e-02	4.46e-04	4.73e-06	0.00e+00	0.00e+00
 8.54823e+22	4.73e-03	5.22e-01	4.59e-01	1.34e-02	3.58e-04	3.36e-06	0.00e+00	0.00e+00
 8.60918e+22	5.83e-03	5.71e-01	4.13e-01	1.03e-02	2.64e-04	2.10e-06	0.00e+00	0.00e+00
 8.67196e+22	6.95e-03	6.10e-01	3.75e-01	8.12e-03	2.04e-04	1.41e-06	0.00e+00	0.00e+00
 8.72105e+22	7.91e-03	6.39e-01	3.46e-01	6.78e-03	1.68e-04	1.04e-06	0.00e+00	0.00e+00
 8.76862e+22	9.30e-03	6.76e-01	3.09e-01	5.27e-03	1.28e-04	6.87e-07	0.00e+00	0.00e+00
 8.81737e+22	1.07e-02	7.06e-01	2.79e-01	4.22e-03	1.01e-04	4.80e-07	0.00e+00	0.00e+00
 8.86766e+22	1.27e-02	7.44e-01	2.41e-01	3.12e-03	7.39e-05	2.95e-07	0.00e+00	0.00e+00
 8.91959e+22	1.48e-02	7.74e-01	2.09e-01	2.37e-03	5.55e-05	1.90e-07	0.00e+00	0.00e+00
 8.97365e+22	1.78e-02	8.09e-01	1.72e-01	1.62e-03	3.75e-05	0.00e+00	0.00e+00	0.00e+00
 9.02375e+22	2.06e-02	8.31e-01	1.47e-01	1.22e-03	2.79e-05	0.00e+00	0.00e+00	0.00e+00
 9.06171e+22	2.33e-02	8.50e-01	1.26e-01	9.26e-04	2.09e-05	0.00e+00	0.00e+00	0.00e+00
 9.10408e+22	2.73e-02	8.70e-01	1.02e-01	6.44e-04	1.42e-05	0.00e+00	0.00e+00	0.00e+00
 9.14895e+22	3.20e-02	8.86e-01	8.15e-02	4.44e-04	9.52e-06	0.00e+00	0.00e+00	0.00e+00
 9.18909e+22	3.74e-02	8.98e-01	6.46e-02	3.07e-04	6.32e-06	0.00e+00	0.00e+00	0.00e+00
 9.22642e+22	4.37e-02	9.06e-01	5.04e-02	2.11e-04	4.09e-06	0.00e+00	0.00e+00	0.00e+00
 9.25079e+22	4.80e-02	9.09e-01	4.29e-02	1.69e-04	3.13e-06	0.00e+00	0.00e+00	0.00e+00
