#depth	Cl	Cl+	Cl+2	Cl+3	Cl+4	Cl+5	Cl+6	Cl+7	Cl+8	Cl+9	Cl+10	Cl+11	Cl+12	Cl+13	Cl+14	Cl+15	Cl+16	Cl+17
 4.62852e+21	0.00e+00	0.00e+00	0.00e+00	0.00e+00	0.00e+00	1.04e-21	9.71e-19	1.21e-15	4.20e-13	6.48e-11	4.80e-09	2.17e-07	5.80e-06	1.02e-04	1.95e-03	6.93e-02	3.53e-01	5.76e-01
 1.05668e+22	0.00e+00	0.00e+00	0.00e+00	0.00e+00	1.78e-23	2.16e-20	2.42e-17	4.21e-14	1.01e-11	1.07e-09	5.43e-08	1.69e-06	3.09e-05	3.70e-04	4.87e-03	1.19e-01	4.14e-01	4.62e-01
 1.27205e+22	0.00e+00	0.00e+00	0.00e+00	2.40e-25	3.65e-22	3.49e-19	3.04e-16	4.25e-13	8.05e-11	6.71e-09	2.67e-07	6.51e-06	9.27e-05	8.55e-04	8.71e-03	1.65e-01	4.43e-01	3.82e-01
 1.42395e+22	0.00e+00	0.00e+00	7.81e-28	3.48e-24	4.33e-21	3.37e-18	2.35e-15	2.78e-12	4.38e-10	3.02e-08	9.88e-07	1.97e-05	2.29e-04	1.69e-03	1.38e-02	2.11e-01	4.56e-01	3.17e-01
 1.50833e+22	0.00e+00	1.15e-31	1.63e-27	6.92e-24	8.15e-21	6.00e-18	3.95e-15	4.49e-12	6.75e-10	4.44e-08	1.38e-06	2.62e-05	2.88e-04	2.01e-03	1.55e-02	2.24e-01	4.58e-01	3.00e-01
 1.53478e+22	0.00e+00	1.79e-31	2.47e-27	1.02e-23	1.17e-20	8.31e-18	5.29e-15	5.88e-12	8.62e-10	5.51e-08	1.67e-06	3.08e-05	3.28e-04	2.21e-03	1.66e-02	2.32e-01	4.58e-01	2.91e-01
 1.55678e+22	0.00e+00	3.31e-31	4.38e-27	1.74e-23	1.90e-20	1.30e-17	7.88e-15	8.51e-12	1.21e-09	7.44e-08	2.16e-06	3.85e-05	3.93e-04	2.53e-03	1.81e-02	2.42e-01	4.58e-01	2.78e-01
 1.57818e+22	0.00e+00	4.83e-31	6.24e-27	2.43e-23	2.59e-20	1.72e-17	1.01e-14	1.07e-11	1.49e-09	8.95e-08	2.54e-06	4.41e-05	4.39e-04	2.74e-03	1.91e-02	2.49e-01	4.58e-01	2.71e-01
 1.59879e+22	0.00e+00	8.25e-31	1.03e-26	3.86e-23	3.97e-20	2.53e-17	1.43e-14	1.48e-11	1.99e-09	1.16e-07	3.19e-06	5.35e-05	5.13e-04	3.08e-03	2.06e-02	2.59e-01	4.57e-01	2.60e-01
 1.62022e+22	0.00e+00	1.34e-30	1.61e-26	5.87e-23	5.82e-20	3.59e-17	1.95e-14	1.97e-11	2.58e-09	1.47e-07	3.91e-06	6.36e-05	5.90e-04	3.42e-03	2.21e-02	2.67e-01	4.56e-01	2.50e-01
 1.63929e+22	0.00e+00	2.06e-30	2.42e-26	8.57e-23	8.23e-20	4.92e-17	2.59e-14	2.56e-11	3.27e-09	1.81e-07	4.70e-06	7.43e-05	6.69e-04	3.75e-03	2.34e-02	2.75e-01	4.55e-01	2.42e-01
 1.66069e+22	0.00e+00	3.55e-30	4.01e-26	1.37e-22	1.27e-19	7.28e-17	3.67e-14	3.54e-11	4.39e-09	2.36e-07	5.91e-06	9.03e-05	7.83e-04	4.21e-03	2.53e-02	2.85e-01	4.53e-01	2.31e-01
 1.68233e+22	0.00e+00	5.76e-30	6.30e-26	2.09e-22	1.86e-19	1.03e-16	5.00e-14	4.73e-11	5.71e-09	2.98e-07	7.24e-06	1.07e-04	9.01e-04	4.67e-03	2.70e-02	2.94e-01	4.51e-01	2.22e-01
 1.70062e+22	0.00e+00	8.70e-30	9.26e-26	2.99e-22	2.59e-19	1.39e-16	6.54e-14	6.06e-11	7.15e-09	3.64e-07	8.62e-06	1.24e-04	1.01e-03	5.09e-03	2.86e-02	3.02e-01	4.49e-01	2.15e-01
 1.72070e+22	0.00e+00	1.48e-29	1.52e-25	4.75e-22	3.95e-19	2.03e-16	9.15e-14	8.29e-11	9.52e-09	4.70e-07	1.08e-05	1.51e-04	1.18e-03	5.69e-03	3.07e-02	3.12e-01	4.45e-01	2.05e-01
 1.74168e+22	0.00e+00	2.38e-29	2.37e-25	7.15e-22	5.74e-19	2.85e-16	1.23e-13	1.10e-10	1.23e-08	5.90e-07	1.31e-05	1.78e-04	1.35e-03	6.28e-03	3.27e-02	3.21e-01	4.42e-01	1.96e-01
 1.76037e+22	0.00e+00	3.69e-29	3.56e-25	1.04e-21	8.11e-19	3.90e-16	1.63e-13	1.42e-10	1.55e-08	7.28e-07	1.58e-05	2.08e-04	1.53e-03	6.88e-03	3.46e-02	3.29e-01	4.39e-01	1.89e-01
 1.78122e+22	0.00e+00	6.39e-29	5.94e-25	1.68e-21	1.25e-18	5.76e-16	2.30e-13	1.96e-10	2.09e-08	9.48e-07	1.98e-05	2.53e-04	1.79e-03	7.71e-03	3.71e-02	3.40e-01	4.34e-01	1.79e-01
 1.80256e+22	0.00e+00	1.03e-28	9.26e-25	2.54e-21	1.82e-18	8.08e-16	3.10e-13	2.60e-10	2.70e-08	1.19e-06	2.42e-05	2.99e-04	2.05e-03	8.50e-03	3.95e-02	3.49e-01	4.30e-01	1.71e-01
 1.82127e+22	0.00e+00	1.63e-28	1.42e-24	3.76e-21	2.61e-18	1.11e-15	4.12e-13	3.39e-10	3.44e-08	1.48e-06	2.93e-05	3.52e-04	2.34e-03	9.33e-03	4.18e-02	3.57e-01	4.25e-01	1.64e-01
 1.83934e+22	0.00e+00	2.52e-28	2.13e-24	5.48e-21	3.67e-18	1.52e-15	5.40e-13	4.37e-10	4.34e-08	1.83e-06	3.51e-05	4.10e-04	2.64e-03	1.02e-02	4.41e-02	3.65e-01	4.21e-01	1.57e-01
 1.85984e+22	0.00e+00	4.32e-28	3.51e-24	8.74e-21	5.62e-18	2.22e-15	7.56e-13	5.99e-10	5.79e-08	2.36e-06	4.39e-05	4.96e-04	3.07e-03	1.13e-02	4.71e-02	3.75e-01	4.15e-01	1.48e-01
 1.88109e+22	0.00e+00	6.97e-28	5.49e-24	1.32e-20	8.17e-18	3.11e-15	1.01e-12	7.91e-10	7.47e-08	2.97e-06	5.35e-05	5.86e-04	3.51e-03	1.25e-02	5.00e-02	3.84e-01	4.09e-01	1.41e-01
 1.90012e+22	0.00e+00	1.11e-27	8.45e-24	1.97e-20	1.17e-17	4.30e-15	1.35e-12	1.03e-09	9.55e-08	3.70e-06	6.48e-05	6.89e-04	3.99e-03	1.37e-02	5.28e-02	3.92e-01	4.03e-01	1.34e-01
 1.92170e+22	0.00e+00	1.98e-27	1.45e-23	3.24e-20	1.84e-17	6.44e-15	1.92e-12	1.45e-09	1.30e-07	4.87e-06	8.23e-05	8.43e-04	4.69e-03	1.53e-02	5.65e-02	4.02e-01	3.95e-01	1.26e-01
 1.94313e+22	0.00e+00	3.19e-27	2.25e-23	4.87e-20	2.67e-17	8.95e-15	2.56e-12	1.90e-09	1.67e-07	6.11e-06	1.00e-04	9.95e-04	5.34e-03	1.68e-02	5.97e-02	4.10e-01	3.88e-01	1.19e-01
 1.96066e+22	0.00e+00	4.82e-27	3.31e-23	6.94e-20	3.68e-17	1.19e-14	3.29e-12	2.41e-09	2.08e-07	7.42e-06	1.19e-04	1.15e-03	5.98e-03	1.82e-02	6.25e-02	4.16e-01	3.82e-01	1.14e-01
 1.97978e+22	0.00e+00	8.16e-27	5.39e-23	1.09e-19	5.53e-17	1.71e-14	4.51e-12	3.25e-09	2.74e-07	9.52e-06	1.47e-04	1.38e-03	6.90e-03	2.01e-02	6.62e-02	4.24e-01	3.74e-01	1.07e-01
 1.99950e+22	0.00e+00	1.29e-26	8.26e-23	1.61e-19	7.87e-17	2.34e-14	5.92e-12	4.22e-09	3.48e-07	1.18e-05	1.77e-04	1.61e-03	7.82e-03	2.19e-02	6.96e-02	4.31e-01	3.67e-01	1.01e-01
 2.01570e+22	0.00e+00	1.88e-26	1.17e-22	2.22e-19	1.05e-16	3.02e-14	7.39e-12	5.21e-09	4.23e-07	1.41e-05	2.06e-04	1.83e-03	8.64e-03	2.35e-02	7.24e-02	4.36e-01	3.60e-01	9.64e-02
 2.03246e+22	0.00e+00	3.00e-26	1.80e-22	3.30e-19	1.50e-16	4.15e-14	9.73e-12	6.78e-09	5.39e-07	1.75e-05	2.49e-04	2.15e-03	9.79e-03	2.57e-02	7.60e-02	4.43e-01	3.52e-01	9.10e-02
 2.04850e+22	0.00e+00	4.24e-26	2.48e-22	4.44e-19	1.96e-16	5.25e-14	1.19e-11	8.23e-09	6.45e-07	2.06e-05	2.87e-04	2.42e-03	1.07e-02	2.74e-02	7.88e-02	4.47e-01	3.46e-01	8.70e-02
 2.06140e+22	0.00e+00	5.97e-26	3.41e-22	5.93e-19	2.54e-16	6.60e-14	1.45e-11	9.95e-09	7.70e-07	2.41e-05	3.29e-04	2.71e-03	1.18e-02	2.91e-02	8.15e-02	4.51e-01	3.40e-01	8.32e-02
 2.07404e+22	0.00e+00	8.24e-26	4.59e-22	7.79e-19	3.24e-16	8.19e-14	1.75e-11	1.19e-08	9.09e-07	2.80e-05	3.75e-04	3.02e-03	1.28e-02	3.09e-02	8.42e-02	4.55e-01	3.34e-01	7.97e-02
 2.08640e+22	0.00e+00	1.12e-25	6.07e-22	1.01e-18	4.08e-16	1.00e-13	2.08e-11	1.41e-08	1.06e-06	3.23e-05	4.23e-04	3.35e-03	1.39e-02	3.26e-02	8.67e-02	4.58e-01	3.29e-01	7.66e-02
 2.10037e+22	0.00e+00	1.66e-25	8.79e-22	1.41e-18	5.52e-16	1.31e-13	2.61e-11	1.76e-08	1.31e-06	3.88e-05	4.97e-04	3.83e-03	1.54e-02	3.50e-02	9.00e-02	4.62e-01	3.21e-01	7.25e-02
 2.11433e+22	0.00e+00	2.30e-25	1.18e-21	1.86e-18	7.05e-16	1.62e-13	3.13e-11	2.10e-08	1.54e-06	4.51e-05	5.65e-04	4.26e-03	1.67e-02	3.70e-02	9.27e-02	4.65e-01	3.15e-01	6.93e-02
 2.12580e+22	0.00e+00	3.12e-25	1.57e-21	2.40e-18	8.84e-16	1.97e-13	3.71e-11	2.48e-08	1.80e-06	5.18e-05	6.38e-04	4.71e-03	1.81e-02	3.90e-02	9.53e-02	4.67e-01	3.09e-01	6.64e-02
 2.13644e+22	0.00e+00	4.12e-25	2.03e-21	3.03e-18	1.09e-15	2.37e-13	4.33e-11	2.88e-08	2.07e-06	5.89e-05	7.12e-04	5.17e-03	1.94e-02	4.09e-02	9.77e-02	4.69e-01	3.03e-01	6.38e-02
 2.14848e+22	0.00e+00	5.79e-25	2.78e-21	4.04e-18	1.41e-15	2.96e-13	5.23e-11	3.47e-08	2.46e-06	6.89e-05	8.15e-04	5.78e-03	2.12e-02	4.34e-02	1.01e-01	4.71e-01	2.96e-01	6.07e-02
 2.16115e+22	0.00e+00	7.95e-25	3.71e-21	5.26e-18	1.78e-15	3.63e-13	6.23e-11	4.12e-08	2.89e-06	7.96e-05	9.23e-04	6.42e-03	2.29e-02	4.57e-02	1.03e-01	4.73e-01	2.90e-01	5.79e-02
 2.17255e+22	0.00e+00	1.07e-24	4.87e-21	6.74e-18	2.22e-15	4.40e-13	7.33e-11	4.83e-08	3.36e-06	9.11e-05	1.04e-03	7.06e-03	2.47e-02	4.80e-02	1.06e-01	4.74e-01	2.84e-01	5.54e-02
 2.18526e+22	0.00e+00	1.59e-24	7.02e-21	9.38e-18	2.97e-15	5.66e-13	9.05e-11	5.96e-08	4.09e-06	1.09e-04	1.21e-03	8.03e-03	2.73e-02	5.13e-02	1.09e-01	4.75e-01	2.76e-01	5.21e-02
 2.19783e+22	0.00e+00	2.13e-24	9.19e-21	1.20e-17	3.69e-15	6.83e-13	1.06e-10	6.98e-08	4.74e-06	1.24e-04	1.36e-03	8.83e-03	2.93e-02	5.38e-02	1.12e-01	4.75e-01	2.70e-01	4.98e-02
 2.20819e+22	0.00e+00	2.85e-24	1.20e-20	1.52e-17	4.55e-15	8.17e-13	1.23e-10	8.12e-08	5.47e-06	1.42e-04	1.52e-03	9.69e-03	3.15e-02	5.63e-02	1.14e-01	4.76e-01	2.63e-01	4.75e-02
 2.21791e+22	0.00e+00	3.73e-24	1.54e-20	1.90e-17	5.54e-15	9.67e-13	1.42e-10	9.35e-08	6.25e-06	1.60e-04	1.68e-03	1.06e-02	3.36e-02	5.88e-02	1.17e-01	4.75e-01	2.58e-01	4.55e-02
 2.22884e+22	0.00e+00	5.22e-24	2.09e-20	2.52e-17	7.08e-15	1.19e-12	1.69e-10	1.12e-07	7.39e-06	1.86e-04	1.92e-03	1.18e-02	3.64e-02	6.19e-02	1.19e-01	4.75e-01	2.50e-01	4.31e-02
 2.24008e+22	0.00e+00	7.08e-24	2.76e-20	3.23e-17	8.80e-15	1.44e-12	1.97e-10	1.30e-07	8.57e-06	2.13e-04	2.15e-03	1.29e-02	3.92e-02	6.49e-02	1.22e-01	4.74e-01	2.44e-01	4.09e-02
 2.24989e+22	0.00e+00	9.21e-24	3.52e-20	4.02e-17	1.07e-14	1.69e-12	2.26e-10	1.50e-07	9.76e-06	2.40e-04	2.38e-03	1.40e-02	4.17e-02	6.75e-02	1.24e-01	4.73e-01	2.38e-01	3.91e-02
 2.26079e+22	0.00e+00	1.34e-23	4.94e-20	5.44e-17	1.39e-14	2.11e-12	2.71e-10	1.81e-07	1.17e-05	2.82e-04	2.74e-03	1.58e-02	4.55e-02	7.13e-02	1.27e-01	4.71e-01	2.30e-01	3.67e-02
 2.27172e+22	0.00e+00	1.77e-23	6.39e-20	6.86e-17	1.70e-14	2.51e-12	3.12e-10	2.09e-07	1.34e-05	3.20e-04	3.04e-03	1.72e-02	4.85e-02	7.43e-02	1.29e-01	4.69e-01	2.24e-01	3.49e-02
 2.28266e+22	0.00e+00	2.57e-23	8.96e-20	9.28e-17	2.20e-14	3.12e-12	3.73e-10	2.51e-07	1.60e-05	3.76e-04	3.50e-03	1.93e-02	5.28e-02	7.83e-02	1.32e-01	4.66e-01	2.16e-01	3.26e-02
 2.29378e+22	0.00e+00	3.47e-23	1.18e-19	1.18e-16	2.72e-14	3.73e-12	4.31e-10	2.92e-07	1.85e-05	4.29e-04	3.91e-03	2.11e-02	5.65e-02	8.17e-02	1.34e-01	4.63e-01	2.09e-01	3.09e-02
 2.30333e+22	0.00e+00	4.57e-23	1.51e-19	1.48e-16	3.31e-14	4.39e-12	4.93e-10	3.36e-07	2.11e-05	4.83e-04	4.33e-03	2.29e-02	6.01e-02	8.48e-02	1.35e-01	4.60e-01	2.03e-01	2.93e-02
 2.31395e+22	0.00e+00	6.77e-23	2.16e-19	2.03e-16	4.33e-14	5.48e-12	5.88e-10	4.06e-07	2.54e-05	5.72e-04	4.99e-03	2.57e-02	6.55e-02	8.93e-02	1.38e-01	4.55e-01	1.94e-01	2.72e-02
 2.32436e+22	0.00e+00	8.82e-23	2.75e-19	2.52e-16	5.21e-14	6.40e-12	6.67e-10	4.63e-07	2.88e-05	6.41e-04	5.50e-03	2.78e-02	6.93e-02	9.24e-02	1.39e-01	4.51e-01	1.88e-01	2.58e-02
 2.33451e+22	0.00e+00	1.29e-22	3.87e-19	3.40e-16	6.73e-14	7.89e-12	7.88e-10	5.55e-07	3.43e-05	7.52e-04	6.30e-03	3.10e-02	7.51e-02	9.69e-02	1.41e-01	4.45e-01	1.80e-01	2.39e-02
 2.34447e+22	0.00e+00	1.66e-22	4.88e-19	4.18e-16	8.03e-14	9.14e-12	8.87e-10	6.29e-07	3.87e-05	8.38e-04	6.90e-03	3.34e-02	7.92e-02	1.00e-01	1.42e-01	4.40e-01	1.75e-01	2.27e-02
 2.35420e+22	0.00e+00	2.42e-22	6.86e-19	5.63e-16	1.03e-13	1.12e-11	1.04e-09	7.50e-07	4.59e-05	9.81e-04	7.88e-03	3.71e-02	8.55e-02	1.05e-01	1.44e-01	4.33e-01	1.66e-01	2.09e-02
 2.36390e+22	0.00e+00	3.16e-22	8.70e-19	6.94e-16	1.24e-13	1.30e-11	1.17e-09	8.50e-07	5.18e-05	1.10e-03	8.65e-03	3.99e-02	9.02e-02	1.08e-01	1.45e-01	4.27e-01	1.61e-01	1.98e-02
 2.37355e+22	0.00e+00	4.61e-22	1.22e-18	9.34e-16	1.59e-13	1.59e-11	1.37e-09	1.01e-06	6.15e-05	1.28e-03	9.86e-03	4.43e-02	9.71e-02	1.12e-01	1.46e-01	4.19e-01	1.52e-01	1.82e-02
 2.38327e+22	0.00e+00	6.08e-22	1.57e-18	1.16e-15	1.91e-13	1.85e-11	1.54e-09	1.15e-06	6.97e-05	1.43e-03	1.08e-02	4.77e-02	1.02e-01	1.16e-01	1.47e-01	4.12e-01	1.46e-01	1.71e-02
 2.39310e+22	0.00e+00	8.99e-22	2.23e-18	1.58e-15	2.47e-13	2.26e-11	1.80e-09	1.37e-06	8.28e-05	1.68e-03	1.24e-02	5.29e-02	1.10e-01	1.20e-01	1.47e-01	4.02e-01	1.38e-01	1.56e-02
 2.40301e+22	0.00e+00	1.20e-21	2.88e-18	1.97e-15	2.98e-13	2.64e-11	2.03e-09	1.57e-06	9.40e-05	1.88e-03	1.36e-02	5.70e-02	1.16e-01	1.23e-01	1.47e-01	3.94e-01	1.32e-01	1.46e-02
 2.41302e+22	0.00e+00	1.76e-21	4.08e-18	2.67e-15	3.84e-13	3.22e-11	2.36e-09	1.86e-06	1.11e-04	2.20e-03	1.55e-02	6.30e-02	1.24e-01	1.28e-01	1.47e-01	3.83e-01	1.24e-01	1.32e-02
 2.42294e+22	0.00e+00	2.36e-21	5.30e-18	3.35e-15	4.63e-13	3.74e-11	2.65e-09	2.12e-06	1.26e-04	2.46e-03	1.70e-02	6.77e-02	1.31e-01	1.31e-01	1.47e-01	3.74e-01	1.18e-01	1.23e-02
 2.43274e+22	0.00e+00	3.47e-21	7.48e-18	4.50e-15	5.93e-13	4.55e-11	3.07e-09	2.51e-06	1.49e-04	2.86e-03	1.92e-02	7.43e-02	1.39e-01	1.35e-01	1.46e-01	3.62e-01	1.11e-01	1.11e-02
 2.44270e+22	0.00e+00	4.71e-21	9.83e-18	5.70e-15	7.21e-13	5.30e-11	3.45e-09	2.86e-06	1.69e-04	3.21e-03	2.12e-02	7.99e-02	1.46e-01	1.38e-01	1.45e-01	3.51e-01	1.05e-01	1.03e-02
 2.45287e+22	0.00e+00	7.03e-21	1.41e-17	7.75e-15	9.31e-13	6.47e-11	4.01e-09	3.39e-06	2.00e-04	3.73e-03	2.39e-02	8.77e-02	1.55e-01	1.42e-01	1.44e-01	3.38e-01	9.70e-02	9.18e-03
 2.46314e+22	0.00e+00	9.61e-21	1.86e-17	9.85e-15	1.13e-12	7.56e-11	4.51e-09	3.86e-06	2.27e-04	4.19e-03	2.63e-02	9.40e-02	1.62e-01	1.44e-01	1.43e-01	3.27e-01	9.12e-02	8.40e-03
 2.47355e+22	0.00e+00	1.45e-20	2.68e-17	1.35e-14	1.47e-12	9.24e-11	5.23e-09	4.57e-06	2.67e-04	4.86e-03	2.97e-02	1.03e-01	1.72e-01	1.47e-01	1.40e-01	3.12e-01	8.39e-02	7.45e-03
 2.48401e+22	0.00e+00	1.98e-20	3.54e-17	1.71e-14	1.79e-12	1.08e-10	5.87e-09	5.18e-06	3.02e-04	5.44e-03	3.25e-02	1.10e-01	1.79e-01	1.49e-01	1.38e-01	3.00e-01	7.85e-02	6.78e-03
 2.49306e+22	0.00e+00	2.70e-20	4.65e-17	2.16e-14	2.17e-12	1.25e-10	6.56e-09	5.86e-06	3.40e-04	6.05e-03	3.55e-02	1.17e-01	1.86e-01	1.51e-01	1.36e-01	2.89e-01	7.34e-02	6.17e-03
 2.50331e+22	0.00e+00	4.00e-20	6.60e-17	2.91e-14	2.77e-12	1.51e-10	7.55e-09	6.83e-06	3.95e-04	6.93e-03	3.95e-02	1.26e-01	1.95e-01	1.53e-01	1.33e-01	2.74e-01	6.72e-02	5.45e-03
 2.51357e+22	0.00e+00	5.40e-20	8.63e-17	3.66e-14	3.34e-12	1.75e-10	8.41e-09	7.67e-06	4.42e-04	7.67e-03	4.28e-02	1.34e-01	2.01e-01	1.54e-01	1.30e-01	2.62e-01	6.26e-02	4.94e-03
 2.52382e+22	0.00e+00	7.94e-20	1.22e-16	4.90e-14	4.25e-12	2.11e-10	9.66e-09	8.88e-06	5.09e-04	8.71e-03	4.74e-02	1.43e-01	2.09e-01	1.55e-01	1.27e-01	2.48e-01	5.70e-02	4.34e-03
 2.53424e+22	0.00e+00	1.07e-19	1.59e-16	6.16e-14	5.13e-12	2.44e-10	1.08e-08	9.94e-06	5.67e-04	9.60e-03	5.12e-02	1.51e-01	2.15e-01	1.55e-01	1.24e-01	2.36e-01	5.29e-02	3.92e-03
 2.54487e+22	0.00e+00	1.59e-19	2.26e-16	8.28e-14	6.55e-12	2.94e-10	1.24e-08	1.15e-05	6.51e-04	1.09e-02	5.64e-02	1.61e-01	2.23e-01	1.55e-01	1.20e-01	2.22e-01	4.78e-02	3.41e-03
 2.55566e+22	0.00e+00	2.14e-19	2.94e-16	1.04e-13	7.90e-12	3.41e-10	1.38e-08	1.28e-05	7.21e-04	1.19e-02	6.06e-02	1.69e-01	2.28e-01	1.55e-01	1.16e-01	2.11e-01	4.41e-02	3.07e-03
 2.56666e+22	0.00e+00	3.15e-19	4.14e-16	1.39e-13	1.01e-11	4.11e-10	1.59e-08	1.47e-05	8.22e-04	1.34e-02	6.64e-02	1.79e-01	2.35e-01	1.54e-01	1.12e-01	1.97e-01	3.97e-02	2.66e-03
 2.57798e+22	0.00e+00	4.30e-19	5.46e-16	1.76e-13	1.22e-11	4.79e-10	1.78e-08	1.63e-05	9.10e-04	1.46e-02	7.12e-02	1.87e-01	2.40e-01	1.53e-01	1.08e-01	1.86e-01	3.64e-02	2.37e-03
 2.58972e+22	0.00e+00	6.38e-19	7.76e-16	2.38e-13	1.57e-11	5.81e-10	2.07e-08	1.87e-05	1.03e-03	1.64e-02	7.77e-02	1.98e-01	2.45e-01	1.52e-01	1.03e-01	1.72e-01	3.25e-02	2.03e-03
 2.60162e+22	0.00e+00	8.67e-19	1.02e-15	3.00e-13	1.90e-11	6.77e-10	2.32e-08	2.08e-05	1.14e-03	1.79e-02	8.30e-02	2.06e-01	2.49e-01	1.50e-01	9.97e-02	1.62e-01	2.97e-02	1.80e-03
 2.61374e+22	2.59e-32	1.28e-18	1.44e-15	4.04e-13	2.43e-11	8.22e-10	2.69e-08	2.37e-05	1.29e-03	1.99e-02	9.00e-02	2.16e-01	2.53e-01	1.47e-01	9.48e-02	1.50e-01	2.63e-02	1.54e-03
 2.62594e+22	3.57e-32	1.72e-18	1.88e-15	5.06e-13	2.94e-11	9.55e-10	3.01e-08	2.62e-05	1.41e-03	2.16e-02	9.55e-02	2.23e-01	2.56e-01	1.45e-01	9.11e-02	1.40e-01	2.40e-02	1.36e-03
 2.63824e+22	5.38e-32	2.51e-18	2.64e-15	6.75e-13	3.74e-11	1.15e-09	3.48e-08	2.96e-05	1.58e-03	2.38e-02	1.03e-01	2.33e-01	2.59e-01	1.42e-01	8.63e-02	1.29e-01	2.12e-02	1.16e-03
 2.65085e+22	7.42e-32	3.38e-18	3.44e-15	8.48e-13	4.53e-11	1.34e-09	3.92e-08	3.27e-05	1.73e-03	2.57e-02	1.09e-01	2.40e-01	2.60e-01	1.39e-01	8.26e-02	1.21e-01	1.93e-02	1.02e-03
 2.66180e+22	1.00e-31	4.45e-18	4.39e-15	1.05e-12	5.40e-11	1.55e-09	4.36e-08	3.58e-05	1.87e-03	2.75e-02	1.15e-01	2.47e-01	2.62e-01	1.37e-01	7.92e-02	1.13e-01	1.76e-02	9.09e-04
 2.67400e+22	1.47e-31	6.36e-18	6.04e-15	1.38e-12	6.79e-11	1.86e-09	5.02e-08	4.01e-05	2.07e-03	3.01e-02	1.22e-01	2.55e-01	2.63e-01	1.33e-01	7.48e-02	1.04e-01	1.55e-02	7.76e-04
 2.68622e+22	1.95e-31	8.24e-18	7.62e-15	1.68e-12	8.03e-11	2.13e-09	5.58e-08	4.37e-05	2.23e-03	3.21e-02	1.28e-01	2.61e-01	2.63e-01	1.30e-01	7.16e-02	9.75e-02	1.42e-02	6.90e-04
 2.69847e+22	2.82e-31	1.16e-17	1.03e-14	2.18e-12	1.00e-10	2.54e-09	6.39e-08	4.87e-05	2.46e-03	3.48e-02	1.36e-01	2.68e-01	2.63e-01	1.26e-01	6.76e-02	8.94e-02	1.26e-02	5.90e-04
 2.71101e+22	3.77e-31	1.51e-17	1.31e-14	2.68e-12	1.19e-10	2.92e-09	7.12e-08	5.30e-05	2.65e-03	3.70e-02	1.42e-01	2.73e-01	2.62e-01	1.23e-01	6.44e-02	8.35e-02	1.14e-02	5.21e-04
 2.72211e+22	4.99e-31	1.96e-17	1.65e-14	3.27e-12	1.41e-10	3.34e-09	7.92e-08	5.76e-05	2.85e-03	3.93e-02	1.48e-01	2.78e-01	2.61e-01	1.20e-01	6.14e-02	7.79e-02	1.04e-02	4.61e-04
 2.73474e+22	7.20e-31	2.74e-17	2.24e-14	4.24e-12	1.75e-10	3.98e-09	9.08e-08	6.40e-05	3.12e-03	4.25e-02	1.56e-01	2.85e-01	2.60e-01	1.16e-01	5.77e-02	7.11e-02	9.12e-03	3.91e-04
 2.74729e+22	9.31e-31	3.47e-17	2.77e-14	5.10e-12	2.05e-10	4.52e-09	1.00e-07	6.92e-05	3.33e-03	4.48e-02	1.62e-01	2.89e-01	2.58e-01	1.12e-01	5.51e-02	6.66e-02	8.33e-03	3.48e-04
 2.75976e+22	1.32e-30	4.78e-17	3.69e-14	6.53e-12	2.53e-10	5.35e-09	1.14e-07	7.65e-05	3.63e-03	4.81e-02	1.70e-01	2.94e-01	2.56e-01	1.08e-01	5.16e-02	6.08e-02	7.35e-03	2.97e-04
 2.77247e+22	1.71e-30	6.07e-17	4.57e-14	7.87e-12	2.96e-10	6.10e-09	1.27e-07	8.28e-05	3.87e-03	5.07e-02	1.76e-01	2.98e-01	2.54e-01	1.05e-01	4.92e-02	5.67e-02	6.68e-03	2.63e-04
 2.78549e+22	2.43e-30	8.37e-17	6.10e-14	1.01e-11	3.66e-10	7.24e-09	1.45e-07	9.16e-05	4.22e-03	5.44e-02	1.84e-01	3.02e-01	2.50e-01	1.01e-01	4.59e-02	5.16e-02	5.86e-03	2.23e-04
 2.79876e+22	3.17e-30	1.07e-16	7.59e-14	1.22e-11	4.30e-10	8.26e-09	1.61e-07	9.92e-05	4.50e-03	5.73e-02	1.91e-01	3.05e-01	2.48e-01	9.74e-02	4.36e-02	4.80e-02	5.31e-03	1.97e-04
 2.81234e+22	1.16e-30	1.47e-16	1.01e-13	1.57e-11	5.33e-10	9.83e-09	1.85e-07	1.10e-04	4.90e-03	6.13e-02	1.99e-01	3.09e-01	2.44e-01	9.30e-02	4.06e-02	4.35e-02	4.63e-03	1.66e-04
 2.82618e+22	1.52e-30	1.88e-16	1.26e-13	1.90e-11	6.28e-10	1.12e-08	2.06e-07	1.19e-04	5.23e-03	6.45e-02	2.06e-01	3.12e-01	2.40e-01	8.97e-02	3.84e-02	4.02e-02	4.18e-03	1.45e-04
 2.84034e+22	2.16e-30	2.60e-16	1.69e-13	2.44e-11	7.78e-10	1.34e-08	2.36e-07	1.32e-04	5.69e-03	6.89e-02	2.15e-01	3.14e-01	2.35e-01	8.53e-02	3.56e-02	3.63e-02	3.63e-03	1.22e-04
 2.85418e+22	2.74e-30	3.22e-16	2.06e-13	2.90e-11	9.02e-10	1.52e-08	2.61e-07	1.42e-04	6.03e-03	7.20e-02	2.20e-01	3.16e-01	2.32e-01	8.23e-02	3.38e-02	3.38e-02	3.30e-03	1.08e-04
 2.86760e+22	3.82e-30	4.37e-16	2.70e-13	3.67e-11	1.10e-09	1.79e-08	2.97e-07	1.57e-04	6.52e-03	7.65e-02	2.29e-01	3.18e-01	2.27e-01	7.83e-02	3.14e-02	3.06e-02	2.88e-03	9.13e-05
 2.88122e+22	4.84e-30	5.42e-16	3.29e-13	4.37e-11	1.28e-09	2.02e-08	3.28e-07	1.69e-04	6.91e-03	7.99e-02	2.35e-01	3.19e-01	2.23e-01	7.54e-02	2.97e-02	2.84e-02	2.62e-03	8.08e-05
 2.89510e+22	6.68e-30	7.28e-16	4.29e-13	5.50e-11	1.56e-09	2.38e-08	3.74e-07	1.86e-04	7.46e-03	8.46e-02	2.43e-01	3.20e-01	2.18e-01	7.16e-02	2.75e-02	2.57e-02	2.29e-03	6.82e-05
 2.90941e+22	8.66e-30	9.23e-16	5.32e-13	6.64e-11	1.84e-09	2.72e-08	4.16e-07	2.01e-04	7.94e-03	8.86e-02	2.49e-01	3.20e-01	2.13e-01	6.85e-02	2.59e-02	2.37e-02	2.05e-03	5.95e-05
 2.92427e+22	1.20e-29	1.24e-15	6.96e-13	8.39e-11	2.25e-09	3.22e-08	4.75e-07	2.22e-04	8.57e-03	9.38e-02	2.58e-01	3.20e-01	2.08e-01	6.48e-02	2.39e-02	2.13e-02	1.78e-03	5.00e-05
 2.93961e+22	1.58e-29	1.59e-15	8.73e-13	1.02e-10	2.66e-09	3.71e-08	5.33e-07	2.41e-04	9.15e-03	9.83e-02	2.64e-01	3.20e-01	2.03e-01	6.17e-02	2.24e-02	1.95e-02	1.58e-03	4.31e-05
 2.95557e+22	2.21e-29	2.16e-15	1.15e-12	1.30e-10	3.29e-09	4.42e-08	6.13e-07	2.68e-04	9.91e-03	1.04e-01	2.73e-01	3.19e-01	1.96e-01	5.80e-02	2.05e-02	1.74e-02	1.36e-03	3.58e-05
 2.97194e+22	2.93e-29	2.79e-15	1.45e-12	1.60e-10	3.92e-09	5.11e-08	6.89e-07	2.92e-04	1.06e-02	1.09e-01	2.80e-01	3.18e-01	1.91e-01	5.51e-02	1.91e-02	1.58e-02	1.20e-03	3.07e-05
 2.98886e+22	4.15e-29	3.82e-15	1.93e-12	2.06e-10	4.87e-09	6.12e-08	7.97e-07	3.26e-04	1.15e-02	1.16e-01	2.88e-01	3.16e-01	1.84e-01	5.15e-02	1.74e-02	1.41e-02	1.03e-03	2.53e-05
 3.00631e+22	5.56e-29	4.99e-15	2.46e-12	2.54e-10	5.84e-09	7.13e-08	9.02e-07	3.57e-04	1.23e-02	1.21e-01	2.95e-01	3.15e-01	1.78e-01	4.86e-02	1.61e-02	1.27e-02	8.99e-04	2.14e-05
 3.02446e+22	7.99e-29	6.92e-15	3.31e-12	3.30e-10	7.33e-09	8.62e-08	1.05e-06	3.99e-04	1.34e-02	1.29e-01	3.03e-01	3.12e-01	1.71e-01	4.51e-02	1.46e-02	1.12e-02	7.61e-04	1.74e-05
 3.04322e+22	1.09e-28	9.13e-15	4.27e-12	4.12e-10	8.89e-09	1.01e-07	1.20e-06	4.40e-04	1.44e-02	1.35e-01	3.10e-01	3.09e-01	1.65e-01	4.23e-02	1.34e-02	1.00e-02	6.59e-04	1.46e-05
 3.06018e+22	1.46e-28	1.19e-14	5.45e-12	5.11e-10	1.07e-08	1.18e-07	1.36e-06	4.82e-04	1.54e-02	1.41e-01	3.17e-01	3.06e-01	1.59e-01	3.97e-02	1.23e-02	8.98e-03	5.72e-04	1.23e-05
 3.07967e+22	2.14e-28	1.67e-14	7.42e-12	6.71e-10	1.35e-08	1.44e-07	1.59e-06	5.43e-04	1.68e-02	1.50e-01	3.25e-01	3.01e-01	1.51e-01	3.66e-02	1.11e-02	7.82e-03	4.78e-04	9.84e-06
 3.09953e+22	2.91e-28	2.22e-14	9.57e-12	8.40e-10	1.65e-08	1.69e-07	1.81e-06	5.98e-04	1.80e-02	1.57e-01	3.31e-01	2.97e-01	1.45e-01	3.41e-02	1.01e-02	6.96e-03	4.11e-04	8.17e-06
 3.11988e+22	4.29e-28	3.14e-14	1.31e-11	1.11e-09	2.10e-08	2.08e-07	2.14e-06	6.74e-04	1.97e-02	1.66e-01	3.38e-01	2.92e-01	1.37e-01	3.12e-02	9.00e-03	6.01e-03	3.40e-04	6.47e-06
 3.14051e+22	5.88e-28	4.17e-14	1.70e-11	1.40e-09	2.55e-08	2.45e-07	2.44e-06	7.44e-04	2.11e-02	1.73e-01	3.44e-01	2.87e-01	1.31e-01	2.89e-02	8.18e-03	5.32e-03	2.90e-04	5.34e-06
 3.16149e+22	8.75e-28	5.97e-14	2.36e-11	1.86e-09	3.27e-08	3.01e-07	2.89e-06	8.41e-04	2.30e-02	1.83e-01	3.51e-01	2.80e-01	1.24e-01	2.63e-02	7.23e-03	4.55e-03	2.37e-04	4.17e-06
 3.18269e+22	1.20e-27	7.93e-14	3.06e-11	2.34e-09	3.99e-08	3.56e-07	3.30e-06	9.27e-04	2.47e-02	1.91e-01	3.56e-01	2.74e-01	1.18e-01	2.43e-02	6.54e-03	4.01e-03	2.02e-04	3.42e-06
 3.20417e+22	1.80e-27	1.15e-13	4.28e-11	3.14e-09	5.15e-08	4.40e-07	3.93e-06	1.05e-03	2.69e-02	2.02e-01	3.62e-01	2.67e-01	1.10e-01	2.18e-02	5.74e-03	3.39e-03	1.63e-04	2.63e-06
 3.22577e+22	2.45e-27	1.52e-13	5.53e-11	3.93e-09	6.27e-08	5.19e-07	4.48e-06	1.16e-03	2.88e-02	2.10e-01	3.67e-01	2.60e-01	1.04e-01	2.01e-02	5.18e-03	2.98e-03	1.38e-04	2.15e-06
 3.24371e+22	3.24e-27	1.96e-13	6.97e-11	4.82e-09	7.48e-08	6.02e-07	5.05e-06	1.26e-03	3.06e-02	2.18e-01	3.70e-01	2.55e-01	9.92e-02	1.87e-02	4.71e-03	2.65e-03	1.18e-04	1.79e-06
 3.26324e+22	4.67e-27	2.74e-13	9.45e-11	6.28e-09	9.42e-08	7.30e-07	5.91e-06	1.41e-03	3.31e-02	2.28e-01	3.74e-01	2.47e-01	9.28e-02	1.69e-02	4.16e-03	2.26e-03	9.67e-05	1.40e-06
 3.28270e+22	6.11e-27	3.52e-13	1.18e-10	7.67e-09	1.12e-07	8.44e-07	6.65e-06	1.53e-03	3.51e-02	2.36e-01	3.77e-01	2.41e-01	8.81e-02	1.56e-02	3.78e-03	2.01e-03	8.30e-05	1.16e-06
 3.30207e+22	8.72e-27	4.90e-13	1.60e-10	9.97e-09	1.41e-07	1.02e-06	7.77e-06	1.71e-03	3.78e-02	2.47e-01	3.80e-01	2.32e-01	8.21e-02	1.40e-02	3.33e-03	1.71e-03	6.75e-05	9.02e-07
 3.32167e+22	1.14e-26	6.32e-13	2.02e-10	1.22e-08	1.68e-07	1.19e-06	8.77e-06	1.87e-03	4.01e-02	2.55e-01	3.82e-01	2.26e-01	7.77e-02	1.29e-02	3.01e-03	1.50e-03	5.74e-05	7.42e-07
 3.34158e+22	1.64e-26	8.87e-13	2.74e-10	1.60e-08	2.13e-07	1.45e-06	1.03e-05	2.09e-03	4.33e-02	2.66e-01	3.85e-01	2.17e-01	7.19e-02	1.15e-02	2.63e-03	1.26e-03	4.61e-05	5.68e-07
 3.36172e+22	2.15e-26	1.15e-12	3.47e-10	1.96e-08	2.55e-07	1.68e-06	1.17e-05	2.29e-03	4.59e-02	2.75e-01	3.86e-01	2.10e-01	6.76e-02	1.06e-02	2.36e-03	1.11e-03	3.89e-05	4.62e-07
 3.38217e+22	3.06e-26	1.62e-12	4.72e-10	2.58e-08	3.23e-07	2.06e-06	1.38e-05	2.57e-03	4.96e-02	2.86e-01	3.87e-01	2.00e-01	6.22e-02	9.36e-03	2.05e-03	9.23e-04	3.09e-05	3.50e-07
 3.40300e+22	4.07e-26	2.12e-12	6.04e-10	3.20e-08	3.92e-07	2.42e-06	1.57e-05	2.82e-03	5.27e-02	2.96e-01	3.87e-01	1.93e-01	5.81e-02	8.47e-03	1.82e-03	7.97e-04	2.56e-05	2.79e-07
 3.42435e+22	5.83e-26	3.01e-12	8.31e-10	4.24e-08	5.02e-07	2.99e-06	1.87e-05	3.18e-03	5.71e-02	3.08e-01	3.87e-01	1.83e-01	5.29e-02	7.42e-03	1.56e-03	6.55e-04	2.00e-05	2.07e-07
 3.44608e+22	7.72e-26	3.98e-12	1.07e-09	5.30e-08	6.12e-07	3.54e-06	2.15e-05	3.50e-03	6.08e-02	3.18e-01	3.85e-01	1.75e-01	4.90e-02	6.66e-03	1.37e-03	5.58e-04	1.64e-05	1.62e-07
 3.46832e+22	1.10e-25	5.68e-12	1.48e-09	7.07e-08	7.92e-07	4.42e-06	2.58e-05	3.98e-03	6.60e-02	3.31e-01	3.83e-01	1.64e-01	4.41e-02	5.76e-03	1.16e-03	4.52e-04	1.25e-05	1.17e-07
 3.49083e+22	1.45e-25	7.50e-12	1.91e-09	8.85e-08	9.69e-07	5.25e-06	2.99e-05	4.40e-03	7.03e-02	3.41e-01	3.81e-01	1.56e-01	4.06e-02	5.12e-03	1.01e-03	3.81e-04	1.01e-05	0.00e+00
 3.50986e+22	1.85e-25	9.64e-12	2.40e-09	1.09e-07	1.17e-06	6.16e-06	3.41e-05	4.82e-03	7.45e-02	3.51e-01	3.78e-01	1.48e-01	3.74e-02	4.58e-03	8.95e-04	3.25e-04	8.27e-06	0.00e+00
 3.53069e+22	2.51e-25	1.32e-11	3.21e-09	1.41e-07	1.48e-06	7.57e-06	4.06e-05	5.44e-03	8.03e-02	3.63e-01	3.74e-01	1.39e-01	3.37e-02	3.96e-03	7.58e-04	2.64e-04	6.36e-06	0.00e+00
 3.55158e+22	3.16e-25	1.69e-11	4.01e-09	1.73e-07	1.78e-06	8.87e-06	4.65e-05	5.97e-03	8.51e-02	3.72e-01	3.70e-01	1.31e-01	3.09e-02	3.53e-03	6.65e-04	2.24e-04	5.17e-06	0.00e+00
 3.57199e+22	4.14e-25	2.26e-11	5.24e-09	2.20e-07	2.22e-06	1.08e-05	5.51e-05	6.69e-03	9.14e-02	3.84e-01	3.64e-01	1.23e-01	2.77e-02	3.05e-03	5.64e-04	1.82e-04	3.99e-06	0.00e+00
 3.59280e+22	5.17e-25	2.87e-11	6.55e-09	2.70e-07	2.68e-06	1.27e-05	6.35e-05	7.37e-03	9.70e-02	3.93e-01	3.59e-01	1.15e-01	2.53e-02	2.69e-03	4.90e-04	1.52e-04	3.20e-06	0.00e+00
 3.61331e+22	6.52e-25	3.75e-11	8.41e-09	3.40e-07	3.33e-06	1.54e-05	7.49e-05	8.25e-03	1.04e-01	4.04e-01	3.51e-01	1.07e-01	2.26e-02	2.31e-03	4.15e-04	1.24e-04	2.47e-06	0.00e+00
 3.63422e+22	7.97e-25	4.74e-11	1.05e-08	4.18e-07	4.04e-06	1.83e-05	8.69e-05	9.13e-03	1.10e-01	4.13e-01	3.45e-01	9.99e-02	2.04e-02	2.02e-03	3.56e-04	1.02e-04	1.95e-06	0.00e+00
 3.65467e+22	9.77e-25	6.02e-11	1.32e-08	5.18e-07	4.94e-06	2.19e-05	1.02e-04	1.02e-02	1.18e-01	4.23e-01	3.36e-01	9.25e-02	1.82e-02	1.74e-03	3.02e-04	8.30e-05	1.50e-06	0.00e+00
 3.67491e+22	1.17e-24	7.45e-11	1.61e-08	6.28e-07	5.93e-06	2.58e-05	1.18e-04	1.12e-02	1.25e-01	4.31e-01	3.29e-01	8.62e-02	1.64e-02	1.52e-03	2.60e-04	6.88e-05	1.19e-06	0.00e+00
 3.69552e+22	1.41e-24	9.35e-11	2.01e-08	7.76e-07	7.27e-06	3.10e-05	1.39e-04	1.25e-02	1.33e-01	4.40e-01	3.19e-01	7.92e-02	1.45e-02	1.29e-03	2.18e-04	5.53e-05	9.09e-07	0.00e+00
 3.71615e+22	1.65e-24	1.14e-10	2.44e-08	9.33e-07	8.68e-06	3.63e-05	1.60e-04	1.38e-02	1.40e-01	4.47e-01	3.11e-01	7.35e-02	1.30e-02	1.13e-03	1.87e-04	4.57e-05	7.17e-07	0.00e+00
 3.73663e+22	1.95e-24	1.40e-10	2.99e-08	1.14e-06	1.05e-05	4.33e-05	1.88e-04	1.53e-02	1.49e-01	4.54e-01	3.01e-01	6.75e-02	1.15e-02	9.62e-04	1.57e-04	3.68e-05	5.50e-07	0.00e+00
 3.75759e+22	2.27e-24	1.69e-10	3.62e-08	1.37e-06	1.26e-05	5.11e-05	2.18e-04	1.70e-02	1.58e-01	4.61e-01	2.91e-01	6.20e-02	1.03e-02	8.27e-04	1.33e-04	3.00e-05	4.27e-07	0.00e+00
 3.77813e+22	2.63e-24	2.02e-10	4.35e-08	1.64e-06	1.51e-05	6.01e-05	2.53e-04	1.87e-02	1.67e-01	4.66e-01	2.81e-01	5.69e-02	9.10e-03	7.09e-04	1.13e-04	2.43e-05	3.30e-07	0.00e+00
 3.79880e+22	3.04e-24	2.41e-10	5.21e-08	1.97e-06	1.80e-05	7.07e-05	2.94e-04	2.07e-02	1.76e-01	4.71e-01	2.71e-01	5.21e-02	8.06e-03	6.07e-04	9.52e-05	1.97e-05	2.55e-07	0.00e+00
 3.81969e+22	3.50e-24	2.85e-10	6.22e-08	2.35e-06	2.15e-05	8.31e-05	3.42e-04	2.28e-02	1.86e-01	4.76e-01	2.60e-01	4.76e-02	7.12e-03	5.19e-04	8.01e-05	1.59e-05	1.96e-07	0.00e+00
 3.84071e+22	4.02e-24	3.34e-10	7.38e-08	2.79e-06	2.55e-05	9.74e-05	3.96e-04	2.52e-02	1.95e-01	4.79e-01	2.50e-01	4.34e-02	6.29e-03	4.43e-04	6.75e-05	1.29e-05	1.51e-07	0.00e+00
 3.86205e+22	4.63e-24	3.92e-10	8.78e-08	3.33e-06	3.04e-05	1.14e-04	4.60e-04	2.78e-02	2.06e-01	4.82e-01	2.39e-01	3.95e-02	5.53e-03	3.77e-04	5.64e-05	1.04e-05	0.00e+00	0.00e+00
 3.88360e+22	5.33e-24	4.56e-10	1.04e-07	3.94e-06	3.60e-05	1.34e-04	5.33e-04	3.06e-02	2.16e-01	4.83e-01	2.28e-01	3.59e-02	4.87e-03	3.21e-04	4.74e-05	8.36e-06	0.00e+00	0.00e+00
 3.90559e+22	2.17e-23	5.31e-10	1.23e-07	4.69e-06	4.28e-05	1.57e-04	6.21e-04	3.38e-02	2.27e-01	4.84e-01	2.17e-01	3.24e-02	4.25e-03	2.71e-04	3.94e-05	6.66e-06	0.00e+00	0.00e+00
 3.92795e+22	2.53e-23	6.13e-10	1.45e-07	5.55e-06	5.06e-05	1.83e-04	7.19e-04	3.71e-02	2.38e-01	4.84e-01	2.07e-01	2.93e-02	3.73e-03	2.30e-04	3.29e-05	5.34e-06	0.00e+00	0.00e+00
 3.94840e+22	2.88e-23	6.91e-10	1.67e-07	6.38e-06	5.82e-05	2.09e-04	8.12e-04	4.02e-02	2.48e-01	4.83e-01	1.98e-01	2.69e-02	3.33e-03	2.00e-04	2.82e-05	4.43e-06	0.00e+00	0.00e+00
 3.96977e+22	3.40e-23	7.98e-10	1.98e-07	7.59e-06	6.94e-05	2.46e-04	9.49e-04	4.44e-02	2.60e-01	4.81e-01	1.87e-01	2.40e-02	2.89e-03	1.67e-04	2.32e-05	3.49e-06	0.00e+00	0.00e+00
 3.99147e+22	3.93e-23	8.99e-10	2.27e-07	8.74e-06	7.98e-05	2.79e-04	1.07e-03	4.80e-02	2.69e-01	4.79e-01	1.78e-01	2.20e-02	2.57e-03	1.45e-04	1.98e-05	2.88e-06	0.00e+00	0.00e+00
 4.01378e+22	4.75e-23	1.04e-09	2.71e-07	1.04e-05	9.53e-05	3.29e-04	1.25e-03	5.30e-02	2.82e-01	4.75e-01	1.67e-01	1.95e-02	2.21e-03	1.20e-04	1.62e-05	2.25e-06	0.00e+00	0.00e+00
 4.03619e+22	5.52e-23	1.17e-09	3.11e-07	1.20e-05	1.09e-04	3.72e-04	1.41e-03	5.72e-02	2.92e-01	4.71e-01	1.59e-01	1.78e-02	1.97e-03	1.04e-04	1.38e-05	1.86e-06	0.00e+00	0.00e+00
 4.05872e+22	6.71e-23	1.35e-09	3.71e-07	1.43e-05	1.30e-04	4.37e-04	1.65e-03	6.30e-02	3.04e-01	4.65e-01	1.48e-01	1.58e-02	1.69e-03	8.62e-05	1.12e-05	1.45e-06	0.00e+00	0.00e+00
 4.08132e+22	7.91e-23	1.51e-09	4.25e-07	1.63e-05	1.48e-04	4.93e-04	1.85e-03	6.77e-02	3.14e-01	4.60e-01	1.40e-01	1.44e-02	1.51e-03	7.48e-05	9.62e-06	1.20e-06	0.00e+00	0.00e+00
 4.10399e+22	9.73e-23	1.74e-09	5.07e-07	1.94e-05	1.76e-04	5.76e-04	2.14e-03	7.42e-02	3.26e-01	4.52e-01	1.31e-01	1.27e-02	1.29e-03	6.20e-05	7.84e-06	9.35e-07	0.00e+00	0.00e+00
 4.12691e+22	1.16e-22	1.96e-09	5.83e-07	2.23e-05	2.01e-04	6.48e-04	2.40e-03	7.96e-02	3.35e-01	4.46e-01	1.24e-01	1.16e-02	1.15e-03	5.36e-05	6.68e-06	7.72e-07	0.00e+00	0.00e+00
 4.15012e+22	1.44e-22	2.27e-09	6.96e-07	2.65e-05	2.37e-04	7.55e-04	2.78e-03	8.71e-02	3.47e-01	4.37e-01	1.14e-01	1.02e-02	9.82e-04	4.42e-05	5.42e-06	6.00e-07	0.00e+00	0.00e+00
 4.17363e+22	1.74e-22	2.56e-09	8.04e-07	3.04e-05	2.71e-04	8.50e-04	3.11e-03	9.32e-02	3.56e-01	4.29e-01	1.08e-01	9.20e-03	8.69e-04	3.81e-05	4.61e-06	4.93e-07	0.00e+00	0.00e+00
 4.19751e+22	2.20e-22	2.98e-09	9.67e-07	3.63e-05	3.21e-04	9.89e-04	3.59e-03	1.02e-01	3.67e-01	4.19e-01	9.92e-02	8.06e-03	7.40e-04	3.13e-05	3.72e-06	3.81e-07	0.00e+00	0.00e+00
 4.22182e+22	2.69e-22	3.39e-09	1.12e-06	4.18e-05	3.67e-04	1.11e-03	4.02e-03	1.09e-01	3.75e-01	4.10e-01	9.29e-02	7.26e-03	6.52e-04	2.69e-05	3.14e-06	3.11e-07	0.00e+00	0.00e+00
 4.24670e+22	3.49e-22	3.97e-09	1.36e-06	5.02e-05	4.35e-04	1.30e-03	4.64e-03	1.18e-01	3.86e-01	3.97e-01	8.50e-02	6.32e-03	5.51e-04	2.19e-05	2.52e-06	2.38e-07	0.00e+00	0.00e+00
 4.27212e+22	4.34e-22	4.57e-09	1.60e-06	5.82e-05	4.99e-04	1.46e-03	5.19e-03	1.26e-01	3.94e-01	3.87e-01	7.91e-02	5.66e-03	4.83e-04	1.86e-05	2.11e-06	1.93e-07	0.00e+00	0.00e+00
 4.29825e+22	5.75e-22	5.43e-09	1.96e-06	7.04e-05	5.95e-04	1.71e-03	6.00e-03	1.38e-01	4.03e-01	3.74e-01	7.18e-02	4.88e-03	4.05e-04	1.51e-05	1.67e-06	1.46e-07	0.00e+00	0.00e+00
 4.32494e+22	7.30e-22	6.33e-09	2.32e-06	8.22e-05	6.84e-04	1.93e-03	6.70e-03	1.47e-01	4.10e-01	3.63e-01	6.65e-02	4.34e-03	3.52e-04	1.27e-05	1.39e-06	0.00e+00	0.00e+00	0.00e+00
 4.34746e+22	9.02e-22	7.22e-09	2.69e-06	9.42e-05	7.74e-04	2.14e-03	7.40e-03	1.55e-01	4.16e-01	3.53e-01	6.20e-02	3.90e-03	3.11e-04	1.09e-05	1.18e-06	0.00e+00	0.00e+00	0.00e+00
 4.37188e+22	1.19e-21	8.57e-09	3.27e-06	1.12e-04	9.08e-04	2.46e-03	8.39e-03	1.67e-01	4.22e-01	3.39e-01	5.64e-02	3.40e-03	2.64e-04	8.97e-06	9.50e-07	0.00e+00	0.00e+00	0.00e+00
 4.39560e+22	1.46e-21	9.77e-09	3.77e-06	1.28e-04	1.02e-03	2.71e-03	9.16e-03	1.75e-01	4.27e-01	3.29e-01	5.27e-02	3.08e-03	2.34e-04	7.79e-06	8.15e-07	0.00e+00	0.00e+00	0.00e+00
 4.41843e+22	1.90e-21	1.15e-08	4.51e-06	1.51e-04	1.18e-03	3.07e-03	1.03e-02	1.86e-01	4.31e-01	3.16e-01	4.80e-02	2.69e-03	2.01e-04	6.46e-06	6.65e-07	0.00e+00	0.00e+00	0.00e+00
 4.44148e+22	2.37e-21	1.32e-08	5.23e-06	1.72e-04	1.32e-03	3.37e-03	1.12e-02	1.95e-01	4.35e-01	3.07e-01	4.48e-02	2.44e-03	1.78e-04	5.60e-06	5.70e-07	0.00e+00	0.00e+00	0.00e+00
 4.46482e+22	3.13e-21	1.57e-08	6.30e-06	2.03e-04	1.53e-03	3.82e-03	1.25e-02	2.07e-01	4.38e-01	2.94e-01	4.07e-02	2.12e-03	1.52e-04	4.63e-06	4.63e-07	0.00e+00	0.00e+00	0.00e+00
 4.48849e+22	3.95e-21	1.83e-08	7.34e-06	2.32e-04	1.71e-03	4.20e-03	1.36e-02	2.17e-01	4.40e-01	2.84e-01	3.78e-02	1.91e-03	1.34e-04	4.00e-06	3.95e-07	0.00e+00	0.00e+00	0.00e+00
 4.51259e+22	5.31e-21	2.20e-08	8.90e-06	2.76e-04	1.99e-03	4.76e-03	1.52e-02	2.30e-01	4.42e-01	2.70e-01	3.42e-02	1.66e-03	1.14e-04	3.28e-06	3.19e-07	0.00e+00	0.00e+00	0.00e+00
 4.53704e+22	6.81e-21	2.58e-08	1.04e-05	3.17e-04	2.23e-03	5.23e-03	1.65e-02	2.39e-01	4.43e-01	2.60e-01	3.16e-02	1.49e-03	1.00e-04	2.82e-06	2.71e-07	0.00e+00	0.00e+00	0.00e+00
 4.56193e+22	9.29e-21	3.14e-08	1.28e-05	3.79e-04	2.60e-03	5.93e-03	1.84e-02	2.53e-01	4.43e-01	2.47e-01	2.83e-02	1.28e-03	8.46e-05	2.30e-06	2.17e-07	0.00e+00	0.00e+00	0.00e+00
 4.58722e+22	1.21e-20	3.71e-08	1.50e-05	4.37e-04	2.92e-03	6.53e-03	1.99e-02	2.64e-01	4.43e-01	2.37e-01	2.61e-02	1.15e-03	7.41e-05	1.96e-06	1.83e-07	0.00e+00	0.00e+00	0.00e+00
 4.61303e+22	1.69e-20	4.59e-08	1.85e-05	5.25e-04	3.41e-03	7.39e-03	2.22e-02	2.78e-01	4.41e-01	2.23e-01	2.33e-02	9.84e-04	6.20e-05	1.59e-06	1.45e-07	0.00e+00	0.00e+00	0.00e+00
 4.63948e+22	2.24e-20	5.50e-08	2.21e-05	6.10e-04	3.86e-03	8.16e-03	2.41e-02	2.89e-01	4.39e-01	2.13e-01	2.13e-02	8.71e-04	5.38e-05	1.34e-06	1.21e-07	0.00e+00	0.00e+00	0.00e+00
 4.66679e+22	3.22e-20	6.92e-08	2.75e-05	7.40e-04	4.52e-03	9.27e-03	2.68e-02	3.04e-01	4.36e-01	1.99e-01	1.88e-02	7.40e-04	4.46e-05	1.07e-06	0.00e+00	0.00e+00	0.00e+00	0.00e+00
 4.69480e+22	4.37e-20	8.41e-08	3.31e-05	8.67e-04	5.13e-03	1.03e-02	2.91e-02	3.16e-01	4.32e-01	1.89e-01	1.70e-02	6.49e-04	3.83e-05	8.98e-07	0.00e+00	0.00e+00	0.00e+00	0.00e+00
 4.72373e+22	6.49e-20	1.08e-07	4.18e-05	1.06e-03	6.05e-03	1.17e-02	3.24e-02	3.31e-01	4.27e-01	1.76e-01	1.49e-02	5.45e-04	3.13e-05	7.09e-07	0.00e+00	0.00e+00	0.00e+00	0.00e+00
 4.75292e+22	8.95e-20	1.33e-07	5.05e-05	1.25e-03	6.87e-03	1.29e-02	3.50e-02	3.43e-01	4.21e-01	1.66e-01	1.34e-02	4.78e-04	2.69e-05	5.91e-07	0.00e+00	0.00e+00	0.00e+00	0.00e+00
 4.78246e+22	1.35e-19	1.71e-07	6.40e-05	1.53e-03	8.09e-03	1.47e-02	3.88e-02	3.58e-01	4.14e-01	1.53e-01	1.17e-02	3.98e-04	2.18e-05	4.62e-07	0.00e+00	0.00e+00	0.00e+00	0.00e+00
 4.81229e+22	1.90e-19	2.12e-07	7.74e-05	1.79e-03	9.18e-03	1.62e-02	4.18e-02	3.69e-01	4.07e-01	1.44e-01	1.05e-02	3.48e-04	1.86e-05	3.84e-07	0.00e+00	0.00e+00	0.00e+00	0.00e+00
 4.84251e+22	2.93e-19	2.77e-07	9.87e-05	2.21e-03	1.08e-02	1.84e-02	4.62e-02	3.84e-01	3.97e-01	1.32e-01	9.05e-03	2.88e-04	1.50e-05	2.99e-07	0.00e+00	0.00e+00	0.00e+00	0.00e+00
 4.87324e+22	4.20e-19	3.46e-07	1.20e-04	2.60e-03	1.23e-02	2.02e-02	4.97e-02	3.94e-01	3.89e-01	1.23e-01	8.07e-03	2.50e-04	1.27e-05	2.46e-07	0.00e+00	0.00e+00	0.00e+00	0.00e+00
 4.90037e+22	5.99e-19	4.28e-07	1.45e-04	3.05e-03	1.39e-02	2.22e-02	5.34e-02	4.05e-01	3.80e-01	1.15e-01	7.17e-03	2.16e-04	1.07e-05	2.01e-07	0.00e+00	0.00e+00	0.00e+00	0.00e+00
 4.93135e+22	9.53e-19	5.66e-07	1.85e-04	3.75e-03	1.63e-02	2.51e-02	5.84e-02	4.17e-01	3.68e-01	1.05e-01	6.15e-03	1.78e-04	8.60e-06	1.56e-07	0.00e+00	0.00e+00	0.00e+00	0.00e+00
 4.96289e+22	1.41e-18	7.09e-07	2.25e-04	4.43e-03	1.85e-02	2.76e-02	6.27e-02	4.27e-01	3.57e-01	9.68e-02	5.41e-03	1.52e-04	7.17e-06	1.26e-07	0.00e+00	0.00e+00	0.00e+00	0.00e+00
 4.98847e+22	1.97e-18	8.61e-07	2.67e-04	5.09e-03	2.06e-02	2.98e-02	6.64e-02	4.34e-01	3.48e-01	9.05e-02	4.85e-03	1.33e-04	6.15e-06	0.00e+00	0.00e+00	0.00e+00	0.00e+00	0.00e+00
 5.01506e+22	2.97e-18	1.09e-06	3.26e-04	6.01e-03	2.33e-02	3.27e-02	7.08e-02	4.42e-01	3.37e-01	8.34e-02	4.26e-03	1.14e-04	5.12e-06	0.00e+00	0.00e+00	0.00e+00	0.00e+00	0.00e+00
 5.04298e+22	4.32e-18	1.33e-06	3.88e-04	6.95e-03	2.60e-02	3.54e-02	7.50e-02	4.48e-01	3.27e-01	7.74e-02	3.79e-03	9.87e-05	4.34e-06	0.00e+00	0.00e+00	0.00e+00	0.00e+00	0.00e+00
 5.06858e+22	6.32e-18	1.63e-06	4.61e-04	8.02e-03	2.90e-02	3.83e-02	7.91e-02	4.54e-01	3.16e-01	7.17e-02	3.37e-03	8.56e-05	3.68e-06	0.00e+00	0.00e+00	0.00e+00	0.00e+00	0.00e+00
 5.09782e+22	1.03e-17	2.11e-06	5.72e-04	9.58e-03	3.30e-02	4.21e-02	8.44e-02	4.60e-01	3.03e-01	6.50e-02	2.90e-03	7.15e-05	2.99e-06	0.00e+00	0.00e+00	0.00e+00	0.00e+00	0.00e+00
 5.12780e+22	1.69e-17	2.63e-06	6.88e-04	1.12e-02	3.70e-02	4.57e-02	8.93e-02	4.64e-01	2.90e-01	5.95e-02	2.53e-03	6.08e-05	2.48e-06	0.00e+00	0.00e+00	0.00e+00	0.00e+00	0.00e+00
 5.15411e+22	2.51e-17	3.22e-06	8.16e-04	1.28e-02	4.09e-02	4.91e-02	9.36e-02	4.66e-01	2.79e-01	5.48e-02	2.23e-03	5.25e-05	2.09e-06	0.00e+00	0.00e+00	0.00e+00	0.00e+00	0.00e+00
 5.18368e+22	4.50e-17	4.15e-06	1.01e-03	1.52e-02	4.64e-02	5.35e-02	9.90e-02	4.69e-01	2.65e-01	4.93e-02	1.91e-03	4.36e-05	1.69e-06	0.00e+00	0.00e+00	0.00e+00	0.00e+00	0.00e+00
 5.21465e+22	8.98e-17	5.20e-06	1.22e-03	1.77e-02	5.18e-02	5.78e-02	1.04e-01	4.69e-01	2.52e-01	4.45e-02	1.64e-03	3.66e-05	1.38e-06	0.00e+00	0.00e+00	0.00e+00	0.00e+00	0.00e+00
 5.24267e+22	1.48e-16	6.43e-06	1.45e-03	2.04e-02	5.72e-02	6.19e-02	1.09e-01	4.69e-01	2.40e-01	4.05e-02	1.43e-03	3.12e-05	1.14e-06	0.00e+00	0.00e+00	0.00e+00	0.00e+00	0.00e+00
 5.27435e+22	3.36e-16	8.38e-06	1.80e-03	2.43e-02	6.47e-02	6.73e-02	1.14e-01	4.66e-01	2.25e-01	3.58e-02	1.20e-03	2.54e-05	9.03e-07	0.00e+00	0.00e+00	0.00e+00	0.00e+00	0.00e+00
 5.30699e+22	1.44e-15	1.06e-05	2.17e-03	2.82e-02	7.19e-02	7.22e-02	1.19e-01	4.62e-01	2.11e-01	3.20e-02	1.02e-03	2.10e-05	7.26e-07	0.00e+00	0.00e+00	0.00e+00	0.00e+00	0.00e+00
 5.33602e+22	3.46e-15	1.31e-05	2.58e-03	3.24e-02	7.91e-02	7.68e-02	1.23e-01	4.58e-01	1.99e-01	2.87e-02	8.75e-04	1.77e-05	5.95e-07	0.00e+00	0.00e+00	0.00e+00	0.00e+00	0.00e+00
 5.36890e+22	1.52e-14	1.70e-05	3.19e-03	3.83e-02	8.87e-02	8.27e-02	1.28e-01	4.50e-01	1.83e-01	2.50e-02	7.21e-04	1.42e-05	4.61e-07	0.00e+00	0.00e+00	0.00e+00	0.00e+00	0.00e+00
 5.40305e+22	3.46e-13	2.15e-05	3.85e-03	4.44e-02	9.79e-02	8.80e-02	1.32e-01	4.41e-01	1.70e-01	2.20e-02	6.03e-04	1.15e-05	3.65e-07	0.00e+00	0.00e+00	0.00e+00	0.00e+00	0.00e+00
 5.43379e+22	2.76e-12	2.67e-05	4.57e-03	5.07e-02	1.07e-01	9.30e-02	1.36e-01	4.31e-01	1.58e-01	1.94e-02	5.09e-04	9.52e-06	2.92e-07	0.00e+00	0.00e+00	0.00e+00	0.00e+00	0.00e+00
 5.46868e+22	3.46e-11	3.51e-05	5.67e-03	5.99e-02	1.19e-01	9.92e-02	1.40e-01	4.17e-01	1.43e-01	1.65e-02	4.07e-04	7.40e-06	2.19e-07	0.00e+00	0.00e+00	0.00e+00	0.00e+00	0.00e+00
 5.50455e+22	1.16e-10	4.41e-05	6.78e-03	6.86e-02	1.30e-01	1.04e-01	1.42e-01	4.03e-01	1.30e-01	1.42e-02	3.36e-04	5.96e-06	1.71e-07	0.00e+00	0.00e+00	0.00e+00	0.00e+00	0.00e+00
 5.53680e+22	1.79e-10	5.49e-05	8.03e-03	7.80e-02	1.41e-01	1.09e-01	1.44e-01	3.89e-01	1.19e-01	1.23e-02	2.77e-04	4.80e-06	1.33e-07	0.00e+00	0.00e+00	0.00e+00	0.00e+00	0.00e+00
 5.57385e+22	3.03e-10	7.22e-05	9.92e-03	9.13e-02	1.55e-01	1.14e-01	1.46e-01	3.68e-01	1.05e-01	1.02e-02	2.15e-04	3.62e-06	0.00e+00	0.00e+00	0.00e+00	0.00e+00	0.00e+00	0.00e+00
 5.61131e+22	4.57e-10	9.00e-05	1.17e-02	1.03e-01	1.67e-01	1.19e-01	1.46e-01	3.51e-01	9.37e-02	8.62e-03	1.74e-04	2.85e-06	0.00e+00	0.00e+00	0.00e+00	0.00e+00	0.00e+00	0.00e+00
 5.64931e+22	7.37e-10	1.18e-04	1.44e-02	1.20e-01	1.81e-01	1.23e-01	1.46e-01	3.27e-01	8.14e-02	7.00e-03	1.33e-04	2.12e-06	0.00e+00	0.00e+00	0.00e+00	0.00e+00	0.00e+00	0.00e+00
 5.68777e+22	1.09e-09	1.46e-04	1.69e-02	1.34e-01	1.93e-01	1.26e-01	1.45e-01	3.08e-01	7.20e-02	5.85e-03	1.06e-04	1.65e-06	0.00e+00	0.00e+00	0.00e+00	0.00e+00	0.00e+00	0.00e+00
 5.72681e+22	1.71e-09	1.90e-04	2.05e-02	1.54e-01	2.07e-01	1.29e-01	1.42e-01	2.82e-01	6.11e-02	4.64e-03	7.90e-05	1.19e-06	0.00e+00	0.00e+00	0.00e+00	0.00e+00	0.00e+00	0.00e+00
 5.76623e+22	2.45e-09	2.33e-04	2.38e-02	1.70e-01	2.17e-01	1.30e-01	1.39e-01	2.62e-01	5.33e-02	3.83e-03	6.21e-05	9.15e-07	0.00e+00	0.00e+00	0.00e+00	0.00e+00	0.00e+00	0.00e+00
 5.80613e+22	3.09e-10	3.01e-04	2.86e-02	1.92e-01	2.29e-01	1.31e-01	1.35e-01	2.36e-01	4.44e-02	2.97e-03	4.53e-05	6.47e-07	0.00e+00	0.00e+00	0.00e+00	0.00e+00	0.00e+00	0.00e+00
 5.84643e+22	3.84e-10	3.67e-04	3.29e-02	2.11e-01	2.38e-01	1.31e-01	1.30e-01	2.16e-01	3.82e-02	2.41e-03	3.51e-05	4.90e-07	0.00e+00	0.00e+00	0.00e+00	0.00e+00	0.00e+00	0.00e+00
 5.88726e+22	9.25e-10	4.70e-04	3.91e-02	2.35e-01	2.47e-01	1.30e-01	1.24e-01	1.91e-01	3.11e-02	1.83e-03	2.51e-05	3.39e-07	0.00e+00	0.00e+00	0.00e+00	0.00e+00	0.00e+00	0.00e+00
