#depth	He	He+	He+2
 4.62852e+21	2.79e-08	2.02e-04	1.00e+00
 1.02307e+22	5.30e-08	3.40e-04	1.00e+00
 1.16913e+22	6.90e-08	4.22e-04	1.00e+00
 1.24216e+22	7.83e-08	4.68e-04	1.00e+00
 1.27371e+22	8.13e-08	4.83e-04	1.00e+00
 1.29028e+22	8.51e-08	5.02e-04	9.99e-01
 1.31183e+22	9.04e-08	5.28e-04	9.99e-01
 1.33304e+22	9.44e-08	5.49e-04	9.99e-01
 1.35382e+22	9.99e-08	5.78e-04	9.99e-01
 1.37486e+22	1.04e-07	6.01e-04	9.99e-01
 1.39250e+22	1.09e-07	6.23e-04	9.99e-01
 1.41168e+22	1.14e-07	6.55e-04	9.99e-01
 1.43066e+22	1.18e-07	6.79e-04	9.99e-01
 1.44938e+22	1.24e-07	7.14e-04	9.99e-01
 1.46833e+22	1.28e-07	7.42e-04	9.99e-01
 1.48758e+22	1.34e-07	7.83e-04	9.99e-01
 1.50695e+22	1.38e-07	8.15e-04	9.99e-01
 1.52649e+22	1.43e-07	8.61e-04	9.99e-01
 1.54630e+22	1.47e-07	9.00e-04	9.99e-01
 1.56645e+22	1.52e-07	9.54e-04	9.99e-01
 1.58690e+22	1.56e-07	9.99e-04	9.99e-01
 1.60403e+22	1.59e-07	1.04e-03	9.99e-01
 1.62254e+22	1.62e-07	1.10e-03	9.99e-01
 1.64114e+22	1.64e-07	1.15e-03	9.99e-01
 1.65907e+22	1.65e-07	1.21e-03	9.99e-01
 1.67742e+22	1.66e-07	1.27e-03	9.99e-01
 1.69513e+22	1.67e-07	1.34e-03	9.99e-01
 1.71307e+22	1.67e-07	1.41e-03	9.99e-01
 1.73058e+22	1.67e-07	1.48e-03	9.99e-01
 1.74782e+22	1.67e-07	1.55e-03	9.98e-01
 1.76487e+22	1.66e-07	1.62e-03	9.98e-01
 1.78181e+22	1.66e-07	1.70e-03	9.98e-01
 1.79871e+22	1.66e-07	1.78e-03	9.98e-01
 1.81565e+22	1.66e-07	1.86e-03	9.98e-01
 1.83269e+22	1.67e-07	1.95e-03	9.98e-01
 1.84989e+22	1.68e-07	2.05e-03	9.98e-01
 1.86733e+22	1.71e-07	2.14e-03	9.98e-01
 1.88508e+22	1.74e-07	2.25e-03	9.98e-01
 1.90294e+22	1.77e-07	2.35e-03	9.98e-01
 1.92120e+22	1.83e-07	2.47e-03	9.98e-01
 1.93958e+22	1.89e-07	2.58e-03	9.97e-01
 1.95846e+22	1.98e-07	2.71e-03	9.97e-01
 1.97616e+22	2.07e-07	2.82e-03	9.97e-01
 1.99422e+22	2.19e-07	2.97e-03	9.97e-01
 2.01245e+22	2.30e-07	3.08e-03	9.97e-01
 2.03091e+22	2.46e-07	3.24e-03	9.97e-01
 2.04984e+22	2.61e-07	3.37e-03	9.97e-01
 2.06937e+22	2.83e-07	3.54e-03	9.96e-01
 2.08921e+22	3.02e-07	3.69e-03	9.96e-01
 2.10946e+22	3.30e-07	3.88e-03	9.96e-01
 2.12986e+22	3.53e-07	4.04e-03	9.96e-01
 2.15046e+22	3.88e-07	4.25e-03	9.96e-01
 2.17130e+22	4.17e-07	4.42e-03	9.96e-01
 2.19244e+22	4.59e-07	4.66e-03	9.95e-01
 2.21392e+22	4.96e-07	4.85e-03	9.95e-01
 2.23586e+22	5.49e-07	5.11e-03	9.95e-01
 2.25820e+22	5.94e-07	5.33e-03	9.95e-01
 2.28106e+22	6.61e-07	5.62e-03	9.94e-01
 2.30442e+22	7.18e-07	5.87e-03	9.94e-01
 2.32410e+22	7.73e-07	6.09e-03	9.94e-01
 2.34536e+22	8.54e-07	6.40e-03	9.94e-01
 2.36671e+22	9.18e-07	6.64e-03	9.93e-01
 2.38818e+22	1.01e-06	6.97e-03	9.93e-01
 2.40948e+22	1.09e-06	7.22e-03	9.93e-01
 2.43058e+22	1.20e-06	7.57e-03	9.92e-01
 2.45192e+22	1.29e-06	7.85e-03	9.92e-01
 2.47358e+22	1.41e-06	8.23e-03	9.92e-01
 2.49564e+22	1.53e-06	8.55e-03	9.91e-01
 2.51823e+22	1.68e-06	8.97e-03	9.91e-01
 2.54110e+22	1.82e-06	9.32e-03	9.91e-01
 2.56432e+22	2.01e-06	9.80e-03	9.90e-01
 2.58794e+22	2.17e-06	1.02e-02	9.90e-01
 2.61207e+22	2.41e-06	1.07e-02	9.89e-01
 2.63649e+22	2.61e-06	1.11e-02	9.89e-01
 2.66129e+22	2.90e-06	1.18e-02	9.88e-01
 2.68656e+22	3.14e-06	1.22e-02	9.88e-01
 2.71247e+22	3.51e-06	1.29e-02	9.87e-01
 2.73859e+22	3.81e-06	1.34e-02	9.87e-01
 2.76501e+22	4.25e-06	1.42e-02	9.86e-01
 2.79015e+22	4.59e-06	1.47e-02	9.85e-01
 2.81365e+22	5.03e-06	1.54e-02	9.85e-01
 2.83876e+22	5.48e-06	1.61e-02	9.84e-01
 2.86215e+22	5.94e-06	1.68e-02	9.83e-01
 2.88410e+22	6.41e-06	1.74e-02	9.83e-01
 2.90487e+22	6.90e-06	1.80e-02	9.82e-01
 2.92872e+22	7.58e-06	1.89e-02	9.81e-01
 2.95294e+22	8.17e-06	1.96e-02	9.80e-01
 2.97761e+22	8.98e-06	2.05e-02	9.79e-01
 3.00291e+22	9.75e-06	2.14e-02	9.79e-01
 3.02531e+22	1.05e-05	2.22e-02	9.78e-01
 3.05073e+22	1.16e-05	2.33e-02	9.77e-01
 3.07730e+22	1.26e-05	2.43e-02	9.76e-01
 3.10139e+22	1.37e-05	2.53e-02	9.75e-01
 3.12873e+22	1.52e-05	2.66e-02	9.73e-01
 3.15681e+22	1.66e-05	2.78e-02	9.72e-01
 3.18172e+22	1.81e-05	2.90e-02	9.71e-01
 3.21000e+22	2.01e-05	3.06e-02	9.69e-01
 3.23917e+22	2.21e-05	3.20e-02	9.68e-01
 3.26530e+22	2.41e-05	3.34e-02	9.67e-01
 3.29503e+22	2.69e-05	3.52e-02	9.65e-01
 3.32509e+22	2.95e-05	3.69e-02	9.63e-01
 3.35140e+22	3.22e-05	3.85e-02	9.61e-01
 3.38143e+22	3.59e-05	4.06e-02	9.59e-01
 3.41217e+22	3.95e-05	4.25e-02	9.57e-01
 3.43954e+22	4.32e-05	4.45e-02	9.55e-01
 3.47082e+22	4.84e-05	4.70e-02	9.53e-01
 3.50280e+22	5.33e-05	4.93e-02	9.51e-01
 3.53108e+22	5.85e-05	5.16e-02	9.48e-01
 3.55872e+22	6.39e-05	5.39e-02	9.46e-01
 3.59013e+22	7.15e-05	5.69e-02	9.43e-01
 3.62174e+22	7.85e-05	5.95e-02	9.40e-01
 3.64921e+22	8.57e-05	6.21e-02	9.38e-01
 3.68051e+22	9.57e-05	6.55e-02	9.34e-01
 3.71138e+22	1.04e-04	6.84e-02	9.32e-01
 3.73767e+22	1.14e-04	7.13e-02	9.29e-01
 3.76785e+22	1.26e-04	7.49e-02	9.25e-01
 3.79870e+22	1.38e-04	7.82e-02	9.22e-01
 3.82335e+22	1.48e-04	8.09e-02	9.19e-01
 3.84833e+22	1.61e-04	8.43e-02	9.15e-01
 3.87374e+22	1.73e-04	8.73e-02	9.13e-01
 3.89973e+22	1.89e-04	9.11e-02	9.09e-01
 3.92600e+22	2.03e-04	9.43e-02	9.05e-01
 3.94911e+22	2.18e-04	9.76e-02	9.02e-01
 3.97565e+22	2.38e-04	1.02e-01	8.98e-01
 4.00240e+22	2.56e-04	1.06e-01	8.94e-01
 4.02942e+22	2.79e-04	1.10e-01	8.90e-01
 4.05718e+22	3.02e-04	1.14e-01	8.85e-01
 4.08159e+22	3.23e-04	1.18e-01	8.81e-01
 4.10903e+22	3.54e-04	1.23e-01	8.76e-01
 4.13714e+22	3.81e-04	1.28e-01	8.72e-01
 4.16610e+22	4.19e-04	1.34e-01	8.66e-01
 4.19518e+22	4.51e-04	1.39e-01	8.61e-01
 4.22441e+22	4.95e-04	1.45e-01	8.55e-01
 4.25464e+22	5.37e-04	1.50e-01	8.49e-01
 4.28617e+22	5.96e-04	1.58e-01	8.41e-01
 4.31765e+22	6.44e-04	1.64e-01	8.36e-01
 4.34907e+22	7.11e-04	1.71e-01	8.28e-01
 4.37765e+22	7.59e-04	1.77e-01	8.22e-01
 4.40254e+22	8.18e-04	1.83e-01	8.16e-01
 4.42834e+22	8.73e-04	1.89e-01	8.11e-01
 4.45532e+22	9.49e-04	1.96e-01	8.03e-01
 4.48232e+22	1.01e-03	2.02e-01	7.97e-01
 4.50935e+22	1.10e-03	2.09e-01	7.89e-01
 4.53663e+22	1.17e-03	2.16e-01	7.83e-01
 4.56426e+22	1.28e-03	2.24e-01	7.75e-01
 4.59233e+22	1.37e-03	2.31e-01	7.68e-01
 4.62098e+22	1.48e-03	2.40e-01	7.59e-01
 4.65039e+22	1.59e-03	2.48e-01	7.51e-01
 4.68079e+22	1.74e-03	2.58e-01	7.40e-01
 4.71135e+22	1.87e-03	2.66e-01	7.32e-01
 4.73568e+22	1.98e-03	2.73e-01	7.25e-01
 4.75493e+22	2.07e-03	2.78e-01	7.20e-01
 4.77403e+22	2.18e-03	2.85e-01	7.13e-01
 4.79887e+22	2.34e-03	2.94e-01	7.04e-01
 4.82401e+22	2.48e-03	3.02e-01	6.96e-01
 4.84618e+22	2.62e-03	3.09e-01	6.88e-01
 4.86574e+22	2.74e-03	3.15e-01	6.82e-01
 4.88528e+22	2.89e-03	3.23e-01	6.75e-01
 4.91069e+22	3.10e-03	3.33e-01	6.64e-01
 4.93562e+22	3.27e-03	3.41e-01	6.56e-01
 4.95993e+22	3.50e-03	3.51e-01	6.46e-01
 4.98681e+22	3.74e-03	3.61e-01	6.35e-01
 5.01700e+22	4.06e-03	3.74e-01	6.22e-01
 5.05024e+22	4.41e-03	3.87e-01	6.08e-01
 5.08097e+22	4.74e-03	4.00e-01	5.96e-01
 5.11447e+22	5.22e-03	4.16e-01	5.79e-01
 5.14990e+22	5.66e-03	4.30e-01	5.64e-01
 5.18786e+22	6.31e-03	4.49e-01	5.44e-01
 5.22608e+22	6.87e-03	4.66e-01	5.28e-01
 5.26465e+22	7.67e-03	4.86e-01	5.06e-01
 5.30349e+22	8.41e-03	5.04e-01	4.88e-01
 5.34267e+22	9.45e-03	5.26e-01	4.65e-01
 5.37724e+22	1.01e-02	5.41e-01	4.49e-01
 5.40580e+22	1.10e-02	5.57e-01	4.32e-01
 5.43504e+22	1.19e-02	5.72e-01	4.16e-01
 5.46077e+22	1.28e-02	5.86e-01	4.01e-01
 5.48985e+22	1.41e-02	6.04e-01	3.82e-01
 5.51910e+22	1.52e-02	6.19e-01	3.66e-01
 5.54428e+22	1.64e-02	6.33e-01	3.50e-01
 5.57272e+22	1.81e-02	6.50e-01	3.31e-01
 5.60220e+22	1.98e-02	6.66e-01	3.14e-01
 5.62850e+22	2.16e-02	6.81e-01	2.98e-01
 5.65813e+22	2.41e-02	6.98e-01	2.78e-01
 5.68969e+22	2.68e-02	7.13e-01	2.60e-01
 5.71733e+22	2.96e-02	7.26e-01	2.44e-01
 5.74255e+22	3.27e-02	7.38e-01	2.29e-01
 5.76564e+22	3.55e-02	7.47e-01	2.17e-01
 5.78028e+22	3.72e-02	7.52e-01	2.11e-01
 5.78649e+22	3.82e-02	7.54e-01	2.08e-01
 5.79110e+22	3.88e-02	7.55e-01	2.06e-01
 5.79648e+22	3.97e-02	7.58e-01	2.03e-01
 5.80302e+22	4.09e-02	7.60e-01	1.99e-01
 5.80995e+22	4.22e-02	7.62e-01	1.96e-01
 5.81641e+22	4.33e-02	7.64e-01	1.92e-01
 5.82256e+22	4.45e-02	7.66e-01	1.89e-01
 5.82869e+22	4.58e-02	7.68e-01	1.86e-01
 5.83468e+22	4.71e-02	7.70e-01	1.83e-01
 5.84060e+22	4.83e-02	7.71e-01	1.81e-01
 5.84663e+22	4.98e-02	7.73e-01	1.77e-01
 5.85257e+22	5.13e-02	7.74e-01	1.75e-01
 5.85817e+22	5.27e-02	7.75e-01	1.72e-01
 5.86366e+22	5.41e-02	7.76e-01	1.70e-01
 5.86942e+22	5.58e-02	7.77e-01	1.67e-01
 5.87516e+22	5.73e-02	7.78e-01	1.65e-01
 5.88071e+22	5.91e-02	7.79e-01	1.62e-01
 5.88622e+22	6.09e-02	7.80e-01	1.60e-01
 5.89147e+22	6.26e-02	7.80e-01	1.57e-01
 5.89667e+22	6.42e-02	7.80e-01	1.55e-01
 5.90224e+22	6.63e-02	7.81e-01	1.53e-01
 5.90783e+22	6.85e-02	7.81e-01	1.51e-01
 5.91289e+22	7.05e-02	7.81e-01	1.49e-01
 5.91785e+22	7.23e-02	7.81e-01	1.47e-01
 5.92341e+22	7.47e-02	7.80e-01	1.45e-01
 5.92915e+22	7.73e-02	7.80e-01	1.43e-01
 5.93433e+22	7.98e-02	7.79e-01	1.41e-01
 5.93917e+22	8.19e-02	7.79e-01	1.40e-01
 5.94444e+22	8.47e-02	7.78e-01	1.38e-01
 5.95007e+22	8.78e-02	7.77e-01	1.36e-01
 5.95532e+22	9.08e-02	7.75e-01	1.34e-01
 5.96022e+22	9.32e-02	7.74e-01	1.33e-01
 5.96566e+22	9.67e-02	7.73e-01	1.31e-01
 5.97151e+22	1.00e-01	7.71e-01	1.29e-01
 5.97689e+22	1.04e-01	7.69e-01	1.27e-01
 5.98198e+22	1.07e-01	7.67e-01	1.26e-01
 5.98745e+22	1.11e-01	7.64e-01	1.25e-01
 5.99333e+22	1.16e-01	7.61e-01	1.23e-01
 5.99906e+22	1.20e-01	7.58e-01	1.21e-01
 6.00454e+22	1.25e-01	7.55e-01	1.20e-01
 6.00990e+22	1.29e-01	7.52e-01	1.19e-01
 6.01565e+22	1.35e-01	7.48e-01	1.17e-01
 6.02163e+22	1.40e-01	7.44e-01	1.16e-01
 6.02767e+22	1.46e-01	7.40e-01	1.14e-01
 6.03387e+22	1.52e-01	7.35e-01	1.12e-01
 6.04001e+22	1.59e-01	7.30e-01	1.11e-01
 6.04628e+22	1.66e-01	7.25e-01	1.09e-01
 6.05284e+22	1.73e-01	7.19e-01	1.08e-01
 6.05964e+22	1.81e-01	7.13e-01	1.06e-01
 6.06663e+22	1.90e-01	7.06e-01	1.04e-01
 6.07314e+22	1.98e-01	6.99e-01	1.03e-01
 6.07903e+22	2.06e-01	6.93e-01	1.01e-01
 6.08499e+22	2.14e-01	6.86e-01	9.97e-02
 6.09145e+22	2.23e-01	6.79e-01	9.79e-02
 6.09823e+22	2.33e-01	6.71e-01	9.60e-02
 6.10486e+22	2.43e-01	6.63e-01	9.43e-02
 6.11151e+22	2.53e-01	6.54e-01	9.25e-02
 6.11855e+22	2.64e-01	6.45e-01	9.04e-02
 6.12581e+22	2.76e-01	6.36e-01	8.86e-02
 6.13319e+22	2.88e-01	6.25e-01	8.64e-02
 6.14072e+22	3.00e-01	6.15e-01	8.44e-02
 6.14859e+22	3.14e-01	6.04e-01	8.21e-02
 6.15683e+22	3.28e-01	5.92e-01	7.97e-02
 6.16507e+22	3.42e-01	5.80e-01	7.74e-02
 6.17353e+22	3.57e-01	5.68e-01	7.49e-02
 6.18264e+22	3.74e-01	5.54e-01	7.22e-02
 6.19212e+22	3.90e-01	5.41e-01	6.96e-02
 6.20188e+22	4.07e-01	5.26e-01	6.68e-02
 6.21211e+22	4.24e-01	5.12e-01	6.40e-02
 6.22301e+22	4.43e-01	4.96e-01	6.10e-02
 6.23468e+22	4.62e-01	4.80e-01	5.79e-02
 6.24681e+22	4.81e-01	4.64e-01	5.48e-02
 6.25959e+22	5.01e-01	4.48e-01	5.16e-02
 6.27331e+22	5.20e-01	4.31e-01	4.83e-02
 6.28783e+22	5.40e-01	4.15e-01	4.51e-02
 6.30302e+22	5.59e-01	3.99e-01	4.20e-02
 6.31904e+22	5.77e-01	3.84e-01	3.89e-02
 6.33595e+22	5.95e-01	3.69e-01	3.59e-02
 6.35373e+22	6.13e-01	3.54e-01	3.30e-02
 6.37215e+22	6.29e-01	3.40e-01	3.02e-02
 6.39073e+22	6.45e-01	3.27e-01	2.78e-02
 6.40943e+22	6.60e-01	3.14e-01	2.54e-02
 6.42765e+22	6.74e-01	3.03e-01	2.33e-02
 6.44542e+22	6.86e-01	2.92e-01	2.15e-02
 6.46327e+22	6.98e-01	2.82e-01	1.98e-02
 6.48087e+22	7.10e-01	2.72e-01	1.82e-02
 6.49808e+22	7.20e-01	2.63e-01	1.69e-02
 6.51526e+22	7.31e-01	2.54e-01	1.55e-02
 6.53211e+22	7.40e-01	2.45e-01	1.44e-02
 6.54822e+22	7.49e-01	2.37e-01	1.33e-02
 6.56394e+22	7.58e-01	2.30e-01	1.24e-02
 6.57938e+22	7.66e-01	2.22e-01	1.15e-02
 6.59445e+22	7.74e-01	2.15e-01	1.07e-02
 6.60907e+22	7.81e-01	2.09e-01	9.96e-03
 6.62331e+22	7.88e-01	2.02e-01	9.29e-03
 6.63741e+22	7.95e-01	1.96e-01	8.67e-03
 6.65142e+22	8.02e-01	1.90e-01	8.08e-03
 6.66519e+22	8.09e-01	1.84e-01	7.53e-03
 6.67845e+22	8.15e-01	1.78e-01	7.05e-03
 6.69121e+22	8.20e-01	1.73e-01	6.60e-03
 6.70358e+22	8.26e-01	1.68e-01	6.20e-03
 6.71533e+22	8.31e-01	1.64e-01	5.83e-03
 6.72631e+22	8.35e-01	1.59e-01	5.50e-03
 6.73673e+22	8.40e-01	1.55e-01	5.20e-03
 6.74644e+22	8.43e-01	1.52e-01	4.94e-03
 6.75381e+22	8.46e-01	1.49e-01	4.76e-03
 6.75823e+22	8.48e-01	1.47e-01	4.65e-03
 6.76146e+22	8.50e-01	1.46e-01	4.54e-03
 6.76485e+22	8.51e-01	1.44e-01	4.44e-03
 6.76849e+22	8.53e-01	1.43e-01	4.36e-03
 6.77217e+22	8.54e-01	1.42e-01	4.27e-03
 6.77579e+22	8.55e-01	1.40e-01	4.18e-03
 6.77928e+22	8.57e-01	1.39e-01	4.10e-03
 6.78271e+22	8.58e-01	1.38e-01	4.02e-03
 6.78619e+22	8.59e-01	1.37e-01	3.94e-03
 6.78971e+22	8.61e-01	1.35e-01	3.86e-03
 6.79328e+22	8.62e-01	1.34e-01	3.79e-03
 6.79700e+22	8.64e-01	1.33e-01	3.71e-03
 6.80090e+22	8.65e-01	1.31e-01	3.62e-03
 6.80474e+22	8.66e-01	1.30e-01	3.55e-03
 6.80855e+22	8.68e-01	1.29e-01	3.47e-03
 6.81248e+22	8.69e-01	1.27e-01	3.39e-03
 6.81636e+22	8.71e-01	1.26e-01	3.32e-03
 6.82025e+22	8.72e-01	1.25e-01	3.24e-03
 6.82419e+22	8.73e-01	1.23e-01	3.17e-03
 6.82821e+22	8.75e-01	1.22e-01	3.09e-03
 6.83233e+22	8.76e-01	1.21e-01	3.02e-03
 6.83649e+22	8.78e-01	1.19e-01	2.94e-03
 6.84067e+22	8.79e-01	1.18e-01	2.87e-03
 6.84484e+22	8.81e-01	1.16e-01	2.80e-03
 6.84888e+22	8.82e-01	1.15e-01	2.74e-03
 6.85307e+22	8.84e-01	1.14e-01	2.66e-03
 6.85735e+22	8.85e-01	1.12e-01	2.60e-03
 6.86163e+22	8.87e-01	1.11e-01	2.51e-03
 6.86592e+22	8.88e-01	1.10e-01	2.47e-03
 6.87035e+22	8.90e-01	1.08e-01	2.39e-03
 6.87490e+22	8.91e-01	1.07e-01	2.33e-03
 6.87903e+22	8.92e-01	1.05e-01	2.26e-03
 6.88280e+22	8.93e-01	1.04e-01	2.22e-03
 6.88693e+22	8.95e-01	1.03e-01	2.15e-03
 6.89139e+22	8.96e-01	1.02e-01	2.10e-03
 6.89544e+22	8.98e-01	1.00e-01	2.04e-03
 6.89913e+22	8.99e-01	9.94e-02	2.00e-03
 6.90318e+22	9.00e-01	9.79e-02	1.94e-03
 6.90754e+22	9.01e-01	9.68e-02	1.90e-03
 6.91152e+22	9.03e-01	9.55e-02	1.84e-03
 6.91513e+22	9.03e-01	9.47e-02	1.81e-03
 6.91909e+22	9.05e-01	9.33e-02	1.75e-03
 6.92337e+22	9.06e-01	9.23e-02	1.72e-03
 6.92726e+22	9.07e-01	9.11e-02	1.67e-03
 6.93080e+22	9.08e-01	9.03e-02	1.64e-03
 6.93468e+22	9.09e-01	8.90e-02	1.59e-03
 6.93887e+22	9.10e-01	8.82e-02	1.56e-03
 6.94347e+22	9.12e-01	8.69e-02	1.51e-03
 6.94842e+22	9.13e-01	8.58e-02	1.47e-03
 6.95293e+22	9.14e-01	8.49e-02	1.44e-03
 6.95787e+22	9.15e-01	8.34e-02	1.39e-03
 6.96321e+22	9.16e-01	8.23e-02	1.35e-03
 6.96807e+22	9.18e-01	8.10e-02	1.31e-03
 6.97249e+22	9.19e-01	8.02e-02	1.28e-03
 6.97733e+22	9.20e-01	7.89e-02	1.24e-03
 6.98255e+22	9.21e-01	7.78e-02	1.21e-03
 6.98731e+22	9.22e-01	7.69e-02	1.18e-03
 6.99252e+22	9.23e-01	7.55e-02	1.13e-03
 6.99815e+22	9.25e-01	7.44e-02	1.10e-03
 7.00327e+22	9.26e-01	7.33e-02	1.07e-03
 7.00793e+22	9.27e-01	7.23e-02	1.04e-03
 7.01217e+22	9.28e-01	7.15e-02	1.01e-03
 7.01682e+22	9.29e-01	7.01e-02	9.73e-04
 7.02184e+22	9.30e-01	6.94e-02	9.53e-04
 7.02640e+22	9.31e-01	6.84e-02	9.26e-04
 7.03140e+22	9.32e-01	6.72e-02	8.94e-04
 7.03680e+22	9.33e-01	6.63e-02	8.68e-04
 7.04172e+22	9.34e-01	6.53e-02	8.43e-04
 7.04619e+22	9.35e-01	6.44e-02	8.18e-04
 7.05026e+22	9.35e-01	6.38e-02	8.02e-04
 7.05472e+22	9.37e-01	6.27e-02	7.76e-04
 7.05953e+22	9.37e-01	6.19e-02	7.56e-04
 7.06392e+22	9.38e-01	6.11e-02	7.35e-04
 7.06790e+22	9.39e-01	6.05e-02	7.21e-04
 7.07227e+22	9.40e-01	5.95e-02	6.98e-04
 7.07699e+22	9.41e-01	5.88e-02	6.80e-04
 7.08128e+22	9.41e-01	5.80e-02	6.62e-04
 7.08519e+22	9.42e-01	5.74e-02	6.50e-04
 7.08947e+22	9.43e-01	5.66e-02	6.30e-04
 7.09409e+22	9.43e-01	5.60e-02	6.18e-04
 7.09915e+22	9.44e-01	5.50e-02	5.96e-04
 7.10462e+22	9.45e-01	5.43e-02	5.80e-04
 7.10959e+22	9.46e-01	5.35e-02	5.63e-04
 7.11412e+22	9.47e-01	5.29e-02	5.51e-04
 7.11908e+22	9.47e-01	5.20e-02	5.33e-04
 7.12443e+22	9.48e-01	5.13e-02	5.19e-04
 7.13030e+22	9.49e-01	5.04e-02	5.00e-04
 7.13663e+22	9.50e-01	4.96e-02	4.83e-04
 7.14240e+22	9.51e-01	4.87e-02	4.67e-04
 7.14764e+22	9.51e-01	4.81e-02	4.56e-04
 7.15339e+22	9.52e-01	4.72e-02	4.39e-04
 7.15960e+22	9.53e-01	4.65e-02	4.25e-04
 7.16524e+22	9.54e-01	4.58e-02	4.14e-04
 7.17143e+22	9.55e-01	4.49e-02	3.97e-04
 7.17811e+22	9.55e-01	4.41e-02	3.84e-04
 7.18419e+22	9.56e-01	4.34e-02	3.72e-04
 7.18972e+22	9.57e-01	4.28e-02	3.62e-04
 7.19579e+22	9.58e-01	4.20e-02	3.48e-04
 7.20233e+22	9.58e-01	4.13e-02	3.36e-04
 7.20829e+22	9.59e-01	4.07e-02	3.27e-04
 7.21481e+22	9.60e-01	3.99e-02	3.13e-04
 7.22186e+22	9.61e-01	3.91e-02	3.02e-04
 7.22827e+22	9.61e-01	3.86e-02	2.93e-04
 7.23529e+22	9.62e-01	3.77e-02	2.81e-04
 7.24288e+22	9.63e-01	3.70e-02	2.70e-04
 7.24978e+22	9.63e-01	3.63e-02	2.61e-04
 7.25606e+22	9.64e-01	3.58e-02	2.53e-04
 7.26294e+22	9.65e-01	3.50e-02	2.43e-04
 7.27037e+22	9.65e-01	3.44e-02	2.34e-04
 7.27714e+22	9.66e-01	3.38e-02	2.27e-04
 7.28455e+22	9.67e-01	3.31e-02	2.17e-04
 7.29254e+22	9.67e-01	3.24e-02	2.09e-04
 7.29982e+22	9.68e-01	3.19e-02	2.02e-04
 7.30780e+22	9.69e-01	3.11e-02	1.93e-04
 7.31641e+22	9.69e-01	3.05e-02	1.85e-04
 7.32425e+22	9.70e-01	2.99e-02	1.78e-04
 7.33283e+22	9.71e-01	2.92e-02	1.70e-04
 7.34210e+22	9.71e-01	2.86e-02	1.62e-04
 7.35054e+22	9.72e-01	2.80e-02	1.56e-04
 7.35822e+22	9.72e-01	2.75e-02	1.51e-04
 7.36663e+22	9.73e-01	2.69e-02	1.44e-04
 7.37571e+22	9.74e-01	2.63e-02	1.38e-04
 7.38397e+22	9.74e-01	2.58e-02	1.33e-04
 7.39303e+22	9.75e-01	2.52e-02	1.27e-04
 7.40280e+22	9.75e-01	2.46e-02	1.21e-04
 7.41170e+22	9.76e-01	2.41e-02	1.16e-04
 7.41980e+22	9.76e-01	2.37e-02	1.12e-04
 7.42867e+22	9.77e-01	2.31e-02	1.07e-04
 7.43825e+22	9.77e-01	2.26e-02	1.03e-04
 7.44696e+22	9.78e-01	2.22e-02	9.87e-05
 7.45489e+22	9.78e-01	2.18e-02	9.53e-05
 7.46358e+22	9.79e-01	2.13e-02	9.13e-05
 7.47296e+22	9.79e-01	2.09e-02	8.76e-05
 7.48150e+22	9.79e-01	2.05e-02	8.43e-05
 7.49086e+22	9.80e-01	2.00e-02	8.05e-05
 7.50096e+22	9.80e-01	1.95e-02	7.70e-05
 7.51015e+22	9.81e-01	1.91e-02	7.40e-05
 7.52022e+22	9.81e-01	1.86e-02	7.03e-05
 7.53110e+22	9.82e-01	1.82e-02	6.72e-05
 7.54099e+22	9.82e-01	1.78e-02	6.43e-05
 7.54999e+22	9.82e-01	1.75e-02	6.19e-05
 7.55986e+22	9.83e-01	1.71e-02	5.91e-05
 7.57051e+22	9.83e-01	1.67e-02	5.64e-05
 7.58021e+22	9.84e-01	1.63e-02	5.42e-05
 7.59083e+22	9.84e-01	1.59e-02	5.16e-05
 7.60229e+22	9.84e-01	1.55e-02	4.92e-05
 7.61273e+22	9.85e-01	1.52e-02	4.71e-05
 7.62416e+22	9.85e-01	1.48e-02	4.46e-05
 7.63651e+22	9.86e-01	1.44e-02	4.24e-05
 7.64774e+22	9.86e-01	1.41e-02	4.05e-05
 7.66005e+22	9.86e-01	1.37e-02	3.83e-05
 7.67334e+22	9.87e-01	1.33e-02	3.62e-05
 7.68791e+22	9.87e-01	1.28e-02	3.38e-05
 7.70383e+22	9.88e-01	1.24e-02	3.17e-05
 7.71996e+22	9.88e-01	1.20e-02	2.96e-05
 7.73666e+22	9.88e-01	1.16e-02	2.76e-05
 7.75348e+22	9.89e-01	1.11e-02	2.57e-05
 7.77059e+22	9.89e-01	1.07e-02	2.40e-05
 7.78783e+22	9.90e-01	1.04e-02	2.23e-05
 7.80526e+22	9.90e-01	9.99e-03	2.08e-05
 7.82286e+22	9.90e-01	9.63e-03	1.93e-05
 7.84063e+22	9.91e-01	9.28e-03	1.80e-05
 7.85856e+22	9.91e-01	8.93e-03	1.67e-05
 7.87667e+22	9.91e-01	8.60e-03	1.55e-05
 7.89493e+22	9.92e-01	8.28e-03	1.44e-05
 7.91325e+22	9.92e-01	7.98e-03	1.34e-05
 7.93174e+22	9.92e-01	7.68e-03	1.24e-05
 7.95044e+22	9.93e-01	7.39e-03	1.15e-05
 7.96925e+22	9.93e-01	7.11e-03	1.07e-05
 7.98824e+22	9.93e-01	6.84e-03	9.91e-06
 8.00738e+22	9.93e-01	6.58e-03	9.19e-06
 8.02670e+22	9.94e-01	6.33e-03	8.51e-06
 8.04617e+22	9.94e-01	6.08e-03	7.88e-06
 8.06579e+22	9.94e-01	5.85e-03	7.30e-06
 8.08558e+22	9.94e-01	5.62e-03	6.75e-06
 8.10556e+22	9.95e-01	5.40e-03	6.25e-06
 8.12602e+22	9.95e-01	5.18e-03	5.76e-06
 8.14684e+22	9.95e-01	4.98e-03	5.32e-06
 8.16790e+22	9.95e-01	4.77e-03	4.90e-06
 8.18924e+22	9.95e-01	4.58e-03	4.52e-06
 8.21082e+22	9.96e-01	4.39e-03	4.16e-06
 8.23270e+22	9.96e-01	4.21e-03	3.83e-06
 8.25486e+22	9.96e-01	4.03e-03	3.52e-06
 8.27740e+22	9.96e-01	3.86e-03	3.23e-06
 8.30036e+22	9.96e-01	3.69e-03	2.96e-06
 8.32380e+22	9.96e-01	3.53e-03	2.71e-06
 8.34786e+22	9.97e-01	3.37e-03	2.48e-06
 8.37255e+22	9.97e-01	3.22e-03	2.26e-06
 8.39784e+22	9.97e-01	3.07e-03	2.06e-06
 8.42375e+22	9.97e-01	2.92e-03	1.87e-06
 8.45012e+22	9.97e-01	2.78e-03	1.70e-06
 8.47666e+22	9.97e-01	2.65e-03	1.55e-06
 8.50332e+22	9.97e-01	2.52e-03	1.40e-06
 8.53011e+22	9.98e-01	2.40e-03	1.28e-06
 8.55705e+22	9.98e-01	2.29e-03	1.16e-06
 8.58377e+22	9.98e-01	2.18e-03	1.06e-06
 8.61097e+22	9.98e-01	2.07e-03	9.61e-07
 8.63861e+22	9.98e-01	1.97e-03	8.74e-07
 8.66598e+22	9.98e-01	1.88e-03	7.96e-07
 8.69346e+22	9.98e-01	1.79e-03	7.25e-07
 8.72103e+22	9.98e-01	1.70e-03	6.60e-07
 8.74865e+22	9.98e-01	1.62e-03	6.02e-07
 8.77631e+22	9.98e-01	1.55e-03	5.49e-07
 8.80397e+22	9.99e-01	1.47e-03	5.01e-07
 8.83011e+22	9.99e-01	1.41e-03	4.62e-07
 8.85479e+22	9.99e-01	1.35e-03	4.25e-07
 8.88021e+22	9.99e-01	1.28e-03	3.89e-07
 8.90678e+22	9.99e-01	1.22e-03	3.54e-07
 8.93333e+22	9.99e-01	1.16e-03	3.22e-07
 8.95900e+22	9.99e-01	1.10e-03	2.93e-07
 8.98383e+22	9.99e-01	1.04e-03	2.67e-07
 9.00780e+22	9.99e-01	9.93e-04	2.43e-07
 9.03040e+22	9.99e-01	9.47e-04	2.23e-07
 9.05104e+22	9.99e-01	9.05e-04	2.05e-07
 9.06995e+22	9.99e-01	8.68e-04	1.90e-07
 9.08771e+22	9.99e-01	8.34e-04	1.77e-07
 9.10468e+22	9.99e-01	8.02e-04	1.65e-07
 9.12113e+22	9.99e-01	7.72e-04	1.54e-07
 9.13723e+22	9.99e-01	7.43e-04	1.43e-07
 9.15310e+22	9.99e-01	7.15e-04	1.34e-07
 9.16882e+22	9.99e-01	6.89e-04	1.25e-07
 9.18445e+22	9.99e-01	6.63e-04	1.17e-07
 9.19962e+22	9.99e-01	6.39e-04	1.09e-07
 9.21449e+22	9.99e-01	6.15e-04	1.02e-07
 9.22938e+22	9.99e-01	5.93e-04	9.54e-08
 9.24423e+22	9.99e-01	5.70e-04	8.91e-08
 9.25436e+22	9.99e-01	5.61e-04	8.67e-08
