#depth	N	N+	N+2	N+3	N+4	N+5	N+6	N+7
 4.62852e+21	7.20e-15	2.45e-10	2.27e-07	1.86e-05	3.75e-04	5.76e-02	3.88e-01	5.54e-01
 1.02591e+22	8.70e-14	2.18e-09	1.47e-06	8.53e-05	1.11e-03	1.08e-01	4.65e-01	4.26e-01
 1.17621e+22	2.74e-13	6.06e-09	3.61e-06	1.81e-04	1.93e-03	1.46e-01	4.94e-01	3.58e-01
 1.25136e+22	4.65e-13	9.77e-09	5.53e-06	2.62e-04	2.52e-03	1.68e-01	5.05e-01	3.24e-01
 1.28517e+22	5.53e-13	1.15e-08	6.39e-06	2.97e-04	2.76e-03	1.76e-01	5.08e-01	3.13e-01
 1.30437e+22	6.77e-13	1.38e-08	7.57e-06	3.45e-04	3.09e-03	1.87e-01	5.11e-01	2.99e-01
 1.32469e+22	8.14e-13	1.64e-08	8.85e-06	3.96e-04	3.42e-03	1.97e-01	5.13e-01	2.87e-01
 1.34475e+22	9.78e-13	1.94e-08	1.04e-05	4.56e-04	3.80e-03	2.08e-01	5.14e-01	2.74e-01
 1.36500e+22	1.17e-12	2.29e-08	1.20e-05	5.22e-04	4.20e-03	2.18e-01	5.15e-01	2.61e-01
 1.38531e+22	1.38e-12	2.69e-08	1.40e-05	5.99e-04	4.65e-03	2.30e-01	5.16e-01	2.49e-01
 1.40580e+22	1.63e-12	3.14e-08	1.62e-05	6.84e-04	5.14e-03	2.41e-01	5.16e-01	2.37e-01
 1.42650e+22	1.92e-12	3.66e-08	1.87e-05	7.81e-04	5.68e-03	2.53e-01	5.15e-01	2.25e-01
 1.44736e+22	2.24e-12	4.24e-08	2.16e-05	8.89e-04	6.27e-03	2.65e-01	5.13e-01	2.14e-01
 1.46851e+22	2.60e-12	4.91e-08	2.48e-05	1.01e-03	6.92e-03	2.78e-01	5.11e-01	2.03e-01
 1.48986e+22	3.01e-12	5.66e-08	2.84e-05	1.15e-03	7.62e-03	2.91e-01	5.09e-01	1.92e-01
 1.51162e+22	3.51e-12	6.52e-08	3.27e-05	1.31e-03	8.41e-03	3.04e-01	5.05e-01	1.81e-01
 1.53372e+22	4.03e-12	7.47e-08	3.73e-05	1.48e-03	9.24e-03	3.17e-01	5.01e-01	1.71e-01
 1.55397e+22	4.51e-12	8.35e-08	4.16e-05	1.64e-03	1.00e-02	3.29e-01	4.97e-01	1.63e-01
 1.57514e+22	5.19e-12	9.58e-08	4.77e-05	1.86e-03	1.10e-02	3.43e-01	4.92e-01	1.52e-01
 1.59661e+22	5.79e-12	1.07e-07	5.31e-05	2.06e-03	1.19e-02	3.55e-01	4.87e-01	1.45e-01
 1.61868e+22	6.65e-12	1.23e-07	6.08e-05	2.34e-03	1.32e-02	3.70e-01	4.80e-01	1.35e-01
 1.64087e+22	7.38e-12	1.36e-07	6.75e-05	2.58e-03	1.42e-02	3.81e-01	4.74e-01	1.28e-01
 1.66322e+22	8.40e-12	1.55e-07	7.70e-05	2.92e-03	1.56e-02	3.96e-01	4.66e-01	1.19e-01
 1.68563e+22	9.30e-12	1.71e-07	8.51e-05	3.20e-03	1.68e-02	4.08e-01	4.60e-01	1.12e-01
 1.70811e+22	1.05e-11	1.94e-07	9.66e-05	3.61e-03	1.84e-02	4.23e-01	4.51e-01	1.04e-01
 1.73081e+22	1.16e-11	2.15e-07	1.07e-04	3.95e-03	1.98e-02	4.34e-01	4.44e-01	9.85e-02
 1.75380e+22	1.31e-11	2.43e-07	1.21e-04	4.43e-03	2.16e-02	4.49e-01	4.34e-01	9.12e-02
 1.77709e+22	1.45e-11	2.67e-07	1.33e-04	4.85e-03	2.32e-02	4.60e-01	4.26e-01	8.58e-02
 1.80075e+22	1.63e-11	3.02e-07	1.51e-04	5.43e-03	2.53e-02	4.75e-01	4.15e-01	7.91e-02
 1.82482e+22	1.81e-11	3.34e-07	1.67e-04	5.94e-03	2.71e-02	4.86e-01	4.07e-01	7.42e-02
 1.84942e+22	2.04e-11	3.77e-07	1.89e-04	6.65e-03	2.96e-02	5.00e-01	3.95e-01	6.81e-02
 1.87457e+22	2.26e-11	4.17e-07	2.09e-04	7.27e-03	3.17e-02	5.11e-01	3.86e-01	6.36e-02
 1.90040e+22	2.56e-11	4.73e-07	2.38e-04	8.15e-03	3.46e-02	5.25e-01	3.74e-01	5.80e-02
 1.92681e+22	2.85e-11	5.26e-07	2.64e-04	8.92e-03	3.71e-02	5.36e-01	3.64e-01	5.39e-02
 1.94909e+22	3.12e-11	5.76e-07	2.89e-04	9.65e-03	3.94e-02	5.45e-01	3.55e-01	5.04e-02
 1.97319e+22	3.50e-11	6.47e-07	3.25e-04	1.07e-02	4.25e-02	5.57e-01	3.43e-01	4.62e-02
 1.99664e+22	3.82e-11	7.04e-07	3.54e-04	1.15e-02	4.48e-02	5.65e-01	3.35e-01	4.34e-02
 2.01927e+22	4.23e-11	7.82e-07	3.95e-04	1.26e-02	4.81e-02	5.75e-01	3.24e-01	3.99e-02
 2.04211e+22	4.64e-11	8.55e-07	4.30e-04	1.35e-02	5.06e-02	5.83e-01	3.16e-01	3.74e-02
 2.06523e+22	5.16e-11	9.53e-07	4.80e-04	1.47e-02	5.42e-02	5.92e-01	3.04e-01	3.43e-02
 2.08867e+22	5.68e-11	1.04e-06	5.24e-04	1.58e-02	5.71e-02	5.99e-01	2.96e-01	3.21e-02
 2.11252e+22	6.35e-11	1.17e-06	5.87e-04	1.73e-02	6.11e-02	6.07e-01	2.85e-01	2.93e-02
 2.13672e+22	7.02e-11	1.28e-06	6.43e-04	1.86e-02	6.42e-02	6.13e-01	2.76e-01	2.73e-02
 2.16137e+22	7.86e-11	1.44e-06	7.21e-04	2.03e-02	6.87e-02	6.21e-01	2.65e-01	2.48e-02
 2.18641e+22	8.75e-11	1.59e-06	7.92e-04	2.18e-02	7.22e-02	6.26e-01	2.56e-01	2.31e-02
 2.21196e+22	9.85e-11	1.79e-06	8.91e-04	2.39e-02	7.72e-02	6.32e-01	2.45e-01	2.08e-02
 2.23805e+22	1.10e-10	1.99e-06	9.83e-04	2.57e-02	8.11e-02	6.37e-01	2.36e-01	1.93e-02
 2.26482e+22	1.25e-10	2.25e-06	1.11e-03	2.81e-02	8.67e-02	6.42e-01	2.25e-01	1.73e-02
 2.29228e+22	1.41e-10	2.51e-06	1.23e-03	3.03e-02	9.13e-02	6.45e-01	2.16e-01	1.59e-02
 2.32063e+22	1.62e-10	2.88e-06	1.40e-03	3.33e-02	9.75e-02	6.49e-01	2.05e-01	1.42e-02
 2.34938e+22	1.83e-10	3.23e-06	1.56e-03	3.59e-02	1.03e-01	6.51e-01	1.96e-01	1.30e-02
 2.37865e+22	2.13e-10	3.72e-06	1.79e-03	3.95e-02	1.09e-01	6.53e-01	1.85e-01	1.15e-02
 2.40827e+22	2.42e-10	4.19e-06	1.99e-03	4.25e-02	1.15e-01	6.54e-01	1.76e-01	1.05e-02
 2.43832e+22	2.82e-10	4.84e-06	2.28e-03	4.67e-02	1.22e-01	6.54e-01	1.66e-01	9.27e-03
 2.46879e+22	3.24e-10	5.47e-06	2.55e-03	5.03e-02	1.28e-01	6.53e-01	1.58e-01	8.41e-03
 2.49555e+22	3.67e-10	6.15e-06	2.83e-03	5.41e-02	1.34e-01	6.51e-01	1.50e-01	7.62e-03
 2.52610e+22	4.34e-10	7.16e-06	3.25e-03	5.93e-02	1.42e-01	6.48e-01	1.40e-01	6.70e-03
 2.55719e+22	4.95e-10	8.08e-06	3.64e-03	6.38e-02	1.49e-01	6.45e-01	1.33e-01	6.02e-03
 2.58244e+22	5.59e-10	9.01e-06	4.00e-03	6.79e-02	1.55e-01	6.42e-01	1.26e-01	5.50e-03
 2.60874e+22	6.47e-10	1.03e-05	4.49e-03	7.30e-02	1.61e-01	6.37e-01	1.19e-01	4.94e-03
 2.63632e+22	7.35e-10	1.15e-05	4.96e-03	7.78e-02	1.67e-01	6.32e-01	1.13e-01	4.48e-03
 2.66159e+22	8.34e-10	1.29e-05	5.47e-03	8.28e-02	1.74e-01	6.27e-01	1.07e-01	4.06e-03
 2.69047e+22	9.83e-10	1.49e-05	6.20e-03	8.95e-02	1.81e-01	6.19e-01	1.00e-01	3.59e-03
 2.72006e+22	1.12e-09	1.68e-05	6.90e-03	9.56e-02	1.88e-01	6.12e-01	9.40e-02	3.21e-03
 2.74601e+22	1.28e-09	1.89e-05	7.62e-03	1.02e-01	1.95e-01	6.04e-01	8.87e-02	2.90e-03
 2.77518e+22	1.52e-09	2.18e-05	8.61e-03	1.09e-01	2.02e-01	5.94e-01	8.25e-02	2.55e-03
 2.80578e+22	1.76e-09	2.48e-05	9.61e-03	1.17e-01	2.10e-01	5.85e-01	7.70e-02	2.26e-03
 2.83354e+22	2.03e-09	2.81e-05	1.07e-02	1.24e-01	2.16e-01	5.75e-01	7.21e-02	2.02e-03
 2.86493e+22	2.44e-09	3.28e-05	1.21e-02	1.34e-01	2.24e-01	5.62e-01	6.63e-02	1.74e-03
 2.89726e+22	2.85e-09	3.75e-05	1.36e-02	1.43e-01	2.31e-01	5.49e-01	6.14e-02	1.53e-03
 2.92599e+22	3.31e-09	4.26e-05	1.51e-02	1.52e-01	2.38e-01	5.37e-01	5.71e-02	1.36e-03
 2.95854e+22	4.01e-09	5.01e-05	1.71e-02	1.63e-01	2.45e-01	5.21e-01	5.20e-02	1.16e-03
 2.99231e+22	4.73e-09	5.76e-05	1.92e-02	1.74e-01	2.52e-01	5.06e-01	4.77e-02	1.01e-03
 3.02267e+22	5.55e-09	6.59e-05	2.14e-02	1.84e-01	2.58e-01	4.92e-01	4.39e-02	8.79e-04
 3.05713e+22	6.82e-09	7.81e-05	2.44e-02	1.98e-01	2.65e-01	4.72e-01	3.94e-02	7.37e-04
 3.09261e+22	8.11e-09	9.02e-05	2.73e-02	2.10e-01	2.70e-01	4.55e-01	3.58e-02	6.33e-04
 3.12456e+22	9.61e-09	1.04e-04	3.05e-02	2.23e-01	2.75e-01	4.39e-01	3.26e-02	5.45e-04
 3.16125e+22	1.20e-08	1.24e-04	3.49e-02	2.39e-01	2.80e-01	4.17e-01	2.88e-02	4.47e-04
 3.19834e+22	1.43e-08	1.43e-04	3.90e-02	2.52e-01	2.84e-01	3.98e-01	2.59e-02	3.78e-04
 3.23595e+22	1.79e-08	1.72e-04	4.46e-02	2.69e-01	2.88e-01	3.75e-01	2.26e-02	3.08e-04
 3.27400e+22	2.16e-08	1.99e-04	4.97e-02	2.83e-01	2.90e-01	3.56e-01	2.02e-02	2.58e-04
 3.31263e+22	2.72e-08	2.40e-04	5.68e-02	3.01e-01	2.92e-01	3.33e-01	1.74e-02	2.06e-04
 3.35161e+22	3.28e-08	2.78e-04	6.30e-02	3.15e-01	2.93e-01	3.14e-01	1.54e-02	1.72e-04
 3.39106e+22	4.12e-08	3.35e-04	7.18e-02	3.33e-01	2.92e-01	2.90e-01	1.31e-02	1.35e-04
 3.43091e+22	4.98e-08	3.87e-04	7.94e-02	3.47e-01	2.90e-01	2.71e-01	1.15e-02	1.11e-04
 3.47131e+22	6.37e-08	4.68e-04	9.02e-02	3.64e-01	2.87e-01	2.48e-01	9.66e-03	8.59e-05
 3.51222e+22	7.74e-08	5.42e-04	9.94e-02	3.78e-01	2.84e-01	2.30e-01	8.38e-03	6.98e-05
 3.55383e+22	9.97e-08	6.55e-04	1.12e-01	3.94e-01	2.78e-01	2.08e-01	6.94e-03	5.30e-05
 3.59466e+22	1.20e-07	7.53e-04	1.23e-01	4.06e-01	2.73e-01	1.92e-01	6.01e-03	4.31e-05
 3.63448e+22	1.53e-07	8.99e-04	1.37e-01	4.19e-01	2.65e-01	1.73e-01	4.96e-03	3.28e-05
 3.67282e+22	1.81e-07	1.02e-03	1.48e-01	4.28e-01	2.59e-01	1.60e-01	4.33e-03	2.70e-05
 3.70925e+22	2.26e-07	1.19e-03	1.63e-01	4.38e-01	2.50e-01	1.44e-01	3.60e-03	2.08e-05
 3.74564e+22	2.67e-07	1.35e-03	1.74e-01	4.45e-01	2.43e-01	1.32e-01	3.12e-03	1.70e-05
 3.78201e+22	3.29e-07	1.56e-03	1.90e-01	4.53e-01	2.34e-01	1.19e-01	2.60e-03	1.32e-05
 3.81968e+22	3.97e-07	1.78e-03	2.05e-01	4.59e-01	2.25e-01	1.08e-01	2.20e-03	1.04e-05
 3.85345e+22	4.71e-07	2.01e-03	2.19e-01	4.63e-01	2.17e-01	9.80e-02	1.88e-03	8.38e-06
 3.89177e+22	5.88e-07	2.35e-03	2.37e-01	4.67e-01	2.05e-01	8.65e-02	1.53e-03	6.29e-06
 3.93068e+22	7.06e-07	2.66e-03	2.54e-01	4.69e-01	1.96e-01	7.77e-02	1.28e-03	4.93e-06
 3.96519e+22	8.41e-07	3.00e-03	2.69e-01	4.70e-01	1.87e-01	6.99e-02	1.08e-03	3.90e-06
 3.99864e+22	9.92e-07	3.36e-03	2.85e-01	4.69e-01	1.78e-01	6.31e-02	9.13e-04	3.11e-06
 4.02950e+22	1.15e-06	3.72e-03	3.00e-01	4.68e-01	1.70e-01	5.74e-02	7.82e-04	2.51e-06
 4.06323e+22	1.39e-06	4.22e-03	3.18e-01	4.66e-01	1.60e-01	5.07e-02	6.42e-04	1.92e-06
 4.09716e+22	1.61e-06	4.66e-03	3.33e-01	4.63e-01	1.53e-01	4.59e-02	5.48e-04	1.55e-06
 4.13134e+22	1.94e-06	5.27e-03	3.52e-01	4.59e-01	1.43e-01	4.05e-02	4.48e-04	1.18e-06
 4.16586e+22	2.26e-06	5.84e-03	3.68e-01	4.54e-01	1.35e-01	3.63e-02	3.77e-04	9.35e-07
 4.19587e+22	2.60e-06	6.42e-03	3.83e-01	4.49e-01	1.28e-01	3.28e-02	3.21e-04	7.51e-07
 4.22994e+22	3.11e-06	7.22e-03	4.03e-01	4.42e-01	1.19e-01	2.87e-02	2.60e-04	5.67e-07
 4.26469e+22	3.62e-06	7.97e-03	4.19e-01	4.35e-01	1.12e-01	2.56e-02	2.18e-04	4.45e-07
 4.29551e+22	4.17e-06	8.76e-03	4.35e-01	4.28e-01	1.05e-01	2.29e-02	1.83e-04	3.53e-07
 4.33079e+22	4.99e-06	9.86e-03	4.55e-01	4.19e-01	9.71e-02	1.98e-02	1.46e-04	2.61e-07
 4.36655e+22	5.80e-06	1.09e-02	4.71e-01	4.10e-01	9.06e-02	1.75e-02	1.21e-04	2.03e-07
 4.39813e+22	6.69e-06	1.19e-02	4.87e-01	4.01e-01	8.46e-02	1.56e-02	1.01e-04	1.58e-07
 4.43438e+22	8.01e-06	1.34e-02	5.07e-01	3.89e-01	7.74e-02	1.33e-02	7.94e-05	0.00e+00
 4.47122e+22	9.30e-06	1.47e-02	5.23e-01	3.79e-01	7.17e-02	1.17e-02	6.50e-05	0.00e+00
 4.50883e+22	1.11e-05	1.65e-02	5.42e-01	3.66e-01	6.52e-02	9.99e-03	5.08e-05	0.00e+00
 4.54724e+22	1.30e-05	1.83e-02	5.59e-01	3.54e-01	5.98e-02	8.66e-03	4.08e-05	0.00e+00
 4.58087e+22	1.50e-05	2.00e-02	5.74e-01	3.43e-01	5.52e-02	7.59e-03	3.33e-05	0.00e+00
 4.61875e+22	1.80e-05	2.24e-02	5.93e-01	3.29e-01	4.98e-02	6.40e-03	2.57e-05	0.00e+00
 4.65797e+22	2.10e-05	2.47e-02	6.08e-01	3.16e-01	4.55e-02	5.52e-03	2.05e-05	0.00e+00
 4.69893e+22	2.55e-05	2.78e-02	6.26e-01	3.01e-01	4.05e-02	4.57e-03	1.54e-05	0.00e+00
 4.72787e+22	2.68e-05	2.86e-02	6.31e-01	2.96e-01	3.91e-02	4.34e-03	1.42e-05	0.00e+00
 4.74118e+22	2.86e-05	2.98e-02	6.37e-01	2.91e-01	3.76e-02	4.07e-03	1.29e-05	0.00e+00
 4.75848e+22	3.10e-05	3.14e-02	6.45e-01	2.84e-01	3.57e-02	3.75e-03	1.13e-05	0.00e+00
 4.78098e+22	3.42e-05	3.33e-02	6.53e-01	2.76e-01	3.36e-02	3.39e-03	9.75e-06	0.00e+00
 4.81022e+22	3.95e-05	3.65e-02	6.65e-01	2.65e-01	3.05e-02	2.93e-03	7.79e-06	0.00e+00
 4.83957e+22	4.38e-05	3.89e-02	6.74e-01	2.56e-01	2.85e-02	2.63e-03	6.60e-06	0.00e+00
 4.86905e+22	5.03e-05	4.23e-02	6.84e-01	2.45e-01	2.60e-02	2.27e-03	5.31e-06	0.00e+00
 4.89954e+22	5.64e-05	4.53e-02	6.93e-01	2.36e-01	2.41e-02	2.01e-03	4.41e-06	0.00e+00
 4.93135e+22	6.51e-05	4.95e-02	7.03e-01	2.24e-01	2.18e-02	1.72e-03	3.48e-06	0.00e+00
 4.96351e+22	7.31e-05	5.31e-02	7.10e-01	2.15e-01	2.01e-02	1.52e-03	2.87e-06	0.00e+00
 4.99612e+22	8.43e-05	5.80e-02	7.18e-01	2.04e-01	1.81e-02	1.30e-03	2.26e-06	0.00e+00
 5.02939e+22	9.52e-05	6.24e-02	7.25e-01	1.95e-01	1.65e-02	1.13e-03	1.84e-06	0.00e+00
 5.05880e+22	1.07e-04	6.69e-02	7.31e-01	1.86e-01	1.52e-02	9.89e-04	1.50e-06	0.00e+00
 5.09233e+22	1.24e-04	7.30e-02	7.37e-01	1.75e-01	1.36e-02	8.39e-04	1.17e-06	0.00e+00
 5.12691e+22	1.40e-04	7.87e-02	7.42e-01	1.66e-01	1.24e-02	7.23e-04	9.35e-07	0.00e+00
 5.15790e+22	1.58e-04	8.45e-02	7.46e-01	1.58e-01	1.12e-02	6.27e-04	7.55e-07	0.00e+00
 5.19324e+22	1.84e-04	9.26e-02	7.49e-01	1.47e-01	9.97e-03	5.22e-04	5.72e-07	0.00e+00
 5.22930e+22	2.09e-04	9.96e-02	7.52e-01	1.39e-01	9.01e-03	4.48e-04	4.54e-07	0.00e+00
 5.26632e+22	2.43e-04	1.09e-01	7.53e-01	1.29e-01	7.95e-03	3.71e-04	3.42e-07	0.00e+00
 5.30464e+22	2.79e-04	1.18e-01	7.53e-01	1.21e-01	7.09e-03	3.12e-04	2.64e-07	0.00e+00
 5.33939e+22	3.17e-04	1.27e-01	7.53e-01	1.13e-01	6.35e-03	2.64e-04	2.06e-07	0.00e+00
 5.37931e+22	3.75e-04	1.40e-01	7.50e-01	1.03e-01	5.50e-03	2.13e-04	1.49e-07	0.00e+00
 5.41965e+22	4.28e-04	1.51e-01	7.47e-01	9.62e-02	4.89e-03	1.78e-04	0.00e+00	0.00e+00
 5.46054e+22	5.07e-04	1.67e-01	7.41e-01	8.73e-02	4.20e-03	1.42e-04	0.00e+00	0.00e+00
 5.50190e+22	5.77e-04	1.79e-01	7.36e-01	8.07e-02	3.72e-03	1.18e-04	0.00e+00	0.00e+00
 5.54384e+22	6.82e-04	1.97e-01	7.27e-01	7.27e-02	3.18e-03	9.33e-05	0.00e+00	0.00e+00
 5.58678e+22	7.81e-04	2.12e-01	7.18e-01	6.65e-02	2.79e-03	7.66e-05	0.00e+00	0.00e+00
 5.63100e+22	9.29e-04	2.33e-01	7.04e-01	5.91e-02	2.35e-03	5.91e-05	0.00e+00	0.00e+00
 5.67597e+22	1.06e-03	2.51e-01	6.92e-01	5.37e-02	2.04e-03	4.80e-05	0.00e+00	0.00e+00
 5.72193e+22	1.27e-03	2.76e-01	6.74e-01	4.69e-02	1.70e-03	3.63e-05	0.00e+00	0.00e+00
 5.76863e+22	1.46e-03	2.97e-01	6.58e-01	4.22e-02	1.47e-03	2.91e-05	0.00e+00	0.00e+00
 5.81630e+22	1.75e-03	3.26e-01	6.34e-01	3.63e-02	1.20e-03	2.15e-05	0.00e+00	0.00e+00
 5.86534e+22	2.02e-03	3.50e-01	6.15e-01	3.21e-02	1.02e-03	1.68e-05	0.00e+00	0.00e+00
 5.91615e+22	2.44e-03	3.85e-01	5.85e-01	2.69e-02	8.20e-04	1.20e-05	0.00e+00	0.00e+00
 5.96835e+22	2.83e-03	4.13e-01	5.60e-01	2.34e-02	6.87e-04	9.15e-06	0.00e+00	0.00e+00
 6.02236e+22	3.44e-03	4.53e-01	5.24e-01	1.90e-02	5.37e-04	6.26e-06	0.00e+00	0.00e+00
 6.07839e+22	4.03e-03	4.86e-01	4.93e-01	1.60e-02	4.37e-04	4.56e-06	0.00e+00	0.00e+00
 6.13703e+22	4.97e-03	5.33e-01	4.49e-01	1.25e-02	3.29e-04	2.94e-06	0.00e+00	0.00e+00
 6.19821e+22	5.91e-03	5.71e-01	4.12e-01	1.00e-02	2.57e-04	2.01e-06	0.00e+00	0.00e+00
 6.25422e+22	7.02e-03	6.11e-01	3.74e-01	7.92e-03	1.99e-04	1.35e-06	0.00e+00	0.00e+00
 6.30236e+22	7.97e-03	6.39e-01	3.46e-01	6.63e-03	1.64e-04	9.99e-07	0.00e+00	0.00e+00
 6.34876e+22	9.33e-03	6.76e-01	3.09e-01	5.18e-03	1.26e-04	6.64e-07	0.00e+00	0.00e+00
 6.39682e+22	1.08e-02	7.07e-01	2.78e-01	4.13e-03	9.92e-05	4.60e-07	0.00e+00	0.00e+00
 6.44704e+22	1.28e-02	7.45e-01	2.39e-01	3.03e-03	7.18e-05	2.80e-07	0.00e+00	0.00e+00
 6.49832e+22	1.49e-02	7.75e-01	2.08e-01	2.30e-03	5.41e-05	1.81e-07	0.00e+00	0.00e+00
 6.55097e+22	1.80e-02	8.10e-01	1.71e-01	1.58e-03	3.66e-05	0.00e+00	0.00e+00	0.00e+00
 6.59942e+22	2.07e-02	8.32e-01	1.46e-01	1.19e-03	2.74e-05	0.00e+00	0.00e+00	0.00e+00
 6.63529e+22	2.33e-02	8.49e-01	1.26e-01	9.18e-04	2.08e-05	0.00e+00	0.00e+00	0.00e+00
 6.67482e+22	2.70e-02	8.69e-01	1.04e-01	6.51e-04	1.45e-05	0.00e+00	0.00e+00	0.00e+00
 6.71743e+22	3.16e-02	8.85e-01	8.32e-02	4.54e-04	9.79e-06	0.00e+00	0.00e+00	0.00e+00
 6.75683e+22	3.68e-02	8.97e-01	6.61e-02	3.15e-04	6.52e-06	0.00e+00	0.00e+00	0.00e+00
 6.79418e+22	4.30e-02	9.05e-01	5.16e-02	2.16e-04	4.23e-06	0.00e+00	0.00e+00	0.00e+00
 6.82928e+22	5.03e-02	9.10e-01	3.97e-02	1.49e-04	2.69e-06	0.00e+00	0.00e+00	0.00e+00
 6.86155e+22	5.88e-02	9.11e-01	3.03e-02	1.03e-04	1.69e-06	0.00e+00	0.00e+00	0.00e+00
 6.89099e+22	6.89e-02	9.08e-01	2.30e-02	7.27e-05	1.05e-06	0.00e+00	0.00e+00	0.00e+00
 6.91781e+22	8.07e-02	9.02e-01	1.73e-02	5.22e-05	6.53e-07	0.00e+00	0.00e+00	0.00e+00
 6.94223e+22	9.47e-02	8.92e-01	1.31e-02	3.83e-05	4.05e-07	0.00e+00	0.00e+00	0.00e+00
 6.96448e+22	1.11e-01	8.79e-01	9.87e-03	2.87e-05	2.54e-07	0.00e+00	0.00e+00	0.00e+00
 6.97835e+22	1.22e-01	8.69e-01	8.36e-03	2.45e-05	1.93e-07	0.00e+00	0.00e+00	0.00e+00
 6.98335e+22	1.27e-01	8.65e-01	7.85e-03	2.30e-05	1.74e-07	0.00e+00	0.00e+00	0.00e+00
 6.98730e+22	1.31e-01	8.61e-01	7.41e-03	2.18e-05	1.59e-07	0.00e+00	0.00e+00	0.00e+00
 6.99241e+22	1.37e-01	8.56e-01	6.87e-03	2.04e-05	1.40e-07	0.00e+00	0.00e+00	0.00e+00
 6.99854e+22	1.45e-01	8.49e-01	6.27e-03	1.88e-05	0.00e+00	0.00e+00	0.00e+00	0.00e+00
 7.00472e+22	1.53e-01	8.42e-01	5.72e-03	1.74e-05	0.00e+00	0.00e+00	0.00e+00	0.00e+00
 7.01041e+22	1.60e-01	8.35e-01	5.27e-03	1.62e-05	0.00e+00	0.00e+00	0.00e+00	0.00e+00
 7.01618e+22	1.69e-01	8.26e-01	4.81e-03	1.50e-05	0.00e+00	0.00e+00	0.00e+00	0.00e+00
 7.02209e+22	1.78e-01	8.18e-01	4.40e-03	1.39e-05	0.00e+00	0.00e+00	0.00e+00	0.00e+00
 7.02812e+22	1.88e-01	8.08e-01	3.99e-03	1.29e-05	0.00e+00	0.00e+00	0.00e+00	0.00e+00
 7.03428e+22	1.99e-01	7.97e-01	3.61e-03	1.19e-05	0.00e+00	0.00e+00	0.00e+00	0.00e+00
 7.04027e+22	2.10e-01	7.87e-01	3.28e-03	1.11e-05	0.00e+00	0.00e+00	0.00e+00	0.00e+00
 7.04635e+22	2.22e-01	7.75e-01	2.96e-03	1.02e-05	0.00e+00	0.00e+00	0.00e+00	0.00e+00
 7.05269e+22	2.36e-01	7.61e-01	2.66e-03	9.46e-06	0.00e+00	0.00e+00	0.00e+00	0.00e+00
 7.05923e+22	2.51e-01	7.47e-01	2.38e-03	8.73e-06	0.00e+00	0.00e+00	0.00e+00	0.00e+00
 7.06596e+22	2.67e-01	7.31e-01	2.12e-03	8.04e-06	0.00e+00	0.00e+00	0.00e+00	0.00e+00
 7.07279e+22	2.84e-01	7.14e-01	1.88e-03	7.40e-06	0.00e+00	0.00e+00	0.00e+00	0.00e+00
 7.07980e+22	3.02e-01	6.96e-01	1.66e-03	6.80e-06	0.00e+00	0.00e+00	0.00e+00	0.00e+00
 7.08721e+22	3.23e-01	6.76e-01	1.45e-03	6.22e-06	0.00e+00	0.00e+00	0.00e+00	0.00e+00
 7.09471e+22	3.44e-01	6.55e-01	1.27e-03	5.71e-06	0.00e+00	0.00e+00	0.00e+00	0.00e+00
 7.10057e+22	3.59e-01	6.40e-01	1.16e-03	5.36e-06	0.00e+00	0.00e+00	0.00e+00	0.00e+00
 7.10448e+22	3.71e-01	6.28e-01	1.08e-03	5.13e-06	0.00e+00	0.00e+00	0.00e+00	0.00e+00
 7.10819e+22	3.82e-01	6.17e-01	1.01e-03	4.92e-06	0.00e+00	0.00e+00	0.00e+00	0.00e+00
 7.11253e+22	3.95e-01	6.04e-01	9.30e-04	4.68e-06	0.00e+00	0.00e+00	0.00e+00	0.00e+00
 7.11730e+22	4.09e-01	5.90e-01	8.51e-04	4.44e-06	0.00e+00	0.00e+00	0.00e+00	0.00e+00
 7.12194e+22	4.23e-01	5.77e-01	7.85e-04	4.22e-06	0.00e+00	0.00e+00	0.00e+00	0.00e+00
 7.12651e+22	4.37e-01	5.63e-01	7.22e-04	4.02e-06	0.00e+00	0.00e+00	0.00e+00	0.00e+00
 7.13122e+22	4.51e-01	5.49e-01	6.63e-04	3.82e-06	0.00e+00	0.00e+00	0.00e+00	0.00e+00
 7.13599e+22	4.65e-01	5.35e-01	6.08e-04	3.63e-06	0.00e+00	0.00e+00	0.00e+00	0.00e+00
 7.14081e+22	4.80e-01	5.20e-01	5.57e-04	3.45e-06	0.00e+00	0.00e+00	0.00e+00	0.00e+00
 7.14563e+22	4.93e-01	5.06e-01	5.12e-04	3.29e-06	0.00e+00	0.00e+00	0.00e+00	0.00e+00
 7.15061e+22	5.08e-01	4.92e-01	4.67e-04	3.12e-06	0.00e+00	0.00e+00	0.00e+00	0.00e+00
 7.15580e+22	5.23e-01	4.77e-01	4.25e-04	2.96e-06	0.00e+00	0.00e+00	0.00e+00	0.00e+00
 7.16098e+22	5.37e-01	4.62e-01	3.88e-04	2.82e-06	0.00e+00	0.00e+00	0.00e+00	0.00e+00
 7.16622e+22	5.52e-01	4.48e-01	3.54e-04	2.67e-06	0.00e+00	0.00e+00	0.00e+00	0.00e+00
 7.17165e+22	5.67e-01	4.33e-01	3.21e-04	2.54e-06	0.00e+00	0.00e+00	0.00e+00	0.00e+00
 7.17728e+22	5.82e-01	4.18e-01	2.91e-04	2.40e-06	0.00e+00	0.00e+00	0.00e+00	0.00e+00
 7.18300e+22	5.96e-01	4.04e-01	2.64e-04	2.28e-06	0.00e+00	0.00e+00	0.00e+00	0.00e+00
 7.18880e+22	6.11e-01	3.89e-01	2.39e-04	2.16e-06	0.00e+00	0.00e+00	0.00e+00	0.00e+00
 7.19482e+22	6.25e-01	3.74e-01	2.15e-04	2.04e-06	0.00e+00	0.00e+00	0.00e+00	0.00e+00
 7.20103e+22	6.40e-01	3.60e-01	1.94e-04	1.93e-06	0.00e+00	0.00e+00	0.00e+00	0.00e+00
 7.20737e+22	6.54e-01	3.45e-01	1.75e-04	1.83e-06	0.00e+00	0.00e+00	0.00e+00	0.00e+00
 7.21385e+22	6.69e-01	3.31e-01	1.57e-04	1.73e-06	0.00e+00	0.00e+00	0.00e+00	0.00e+00
 7.22053e+22	6.83e-01	3.17e-01	1.41e-04	1.63e-06	0.00e+00	0.00e+00	0.00e+00	0.00e+00
 7.22745e+22	6.97e-01	3.03e-01	1.26e-04	1.54e-06	0.00e+00	0.00e+00	0.00e+00	0.00e+00
 7.23456e+22	7.10e-01	2.90e-01	1.13e-04	1.45e-06	0.00e+00	0.00e+00	0.00e+00	0.00e+00
 7.24184e+22	7.24e-01	2.76e-01	1.01e-04	1.37e-06	0.00e+00	0.00e+00	0.00e+00	0.00e+00
 7.24932e+22	7.37e-01	2.63e-01	9.07e-05	1.29e-06	0.00e+00	0.00e+00	0.00e+00	0.00e+00
 7.25705e+22	7.50e-01	2.50e-01	8.11e-05	1.22e-06	0.00e+00	0.00e+00	0.00e+00	0.00e+00
 7.26498e+22	7.62e-01	2.37e-01	7.27e-05	1.14e-06	0.00e+00	0.00e+00	0.00e+00	0.00e+00
 7.27297e+22	7.75e-01	2.25e-01	6.52e-05	1.08e-06	0.00e+00	0.00e+00	0.00e+00	0.00e+00
 7.28109e+22	7.86e-01	2.14e-01	5.86e-05	1.01e-06	0.00e+00	0.00e+00	0.00e+00	0.00e+00
 7.28951e+22	7.98e-01	2.02e-01	5.26e-05	9.55e-07	0.00e+00	0.00e+00	0.00e+00	0.00e+00
 7.29798e+22	8.09e-01	1.91e-01	4.75e-05	8.99e-07	0.00e+00	0.00e+00	0.00e+00	0.00e+00
 7.30639e+22	8.19e-01	1.81e-01	4.31e-05	8.49e-07	0.00e+00	0.00e+00	0.00e+00	0.00e+00
 7.31500e+22	8.29e-01	1.71e-01	3.91e-05	8.00e-07	0.00e+00	0.00e+00	0.00e+00	0.00e+00
 7.32391e+22	8.39e-01	1.61e-01	3.56e-05	7.55e-07	0.00e+00	0.00e+00	0.00e+00	0.00e+00
 7.33289e+22	8.48e-01	1.52e-01	3.26e-05	7.12e-07	0.00e+00	0.00e+00	0.00e+00	0.00e+00
 7.34195e+22	8.56e-01	1.44e-01	2.99e-05	6.72e-07	0.00e+00	0.00e+00	0.00e+00	0.00e+00
 7.35129e+22	8.65e-01	1.35e-01	2.75e-05	6.34e-07	0.00e+00	0.00e+00	0.00e+00	0.00e+00
 7.36087e+22	8.73e-01	1.27e-01	2.53e-05	5.97e-07	0.00e+00	0.00e+00	0.00e+00	0.00e+00
 7.37057e+22	8.81e-01	1.19e-01	2.34e-05	5.63e-07	0.00e+00	0.00e+00	0.00e+00	0.00e+00
 7.38051e+22	8.88e-01	1.12e-01	2.17e-05	5.31e-07	0.00e+00	0.00e+00	0.00e+00	0.00e+00
 7.39069e+22	8.96e-01	1.04e-01	2.02e-05	5.00e-07	0.00e+00	0.00e+00	0.00e+00	0.00e+00
 7.40086e+22	9.02e-01	9.76e-02	1.89e-05	4.72e-07	0.00e+00	0.00e+00	0.00e+00	0.00e+00
 7.41068e+22	9.09e-01	9.14e-02	1.78e-05	4.48e-07	0.00e+00	0.00e+00	0.00e+00	0.00e+00
 7.41983e+22	9.14e-01	8.61e-02	1.69e-05	4.27e-07	0.00e+00	0.00e+00	0.00e+00	0.00e+00
 7.42829e+22	9.19e-01	8.14e-02	1.61e-05	4.09e-07	0.00e+00	0.00e+00	0.00e+00	0.00e+00
 7.43628e+22	9.23e-01	7.70e-02	1.55e-05	3.93e-07	0.00e+00	0.00e+00	0.00e+00	0.00e+00
 7.44369e+22	9.27e-01	7.34e-02	1.49e-05	3.79e-07	0.00e+00	0.00e+00	0.00e+00	0.00e+00
 7.45087e+22	9.30e-01	6.98e-02	1.44e-05	3.66e-07	0.00e+00	0.00e+00	0.00e+00	0.00e+00
 7.45809e+22	9.33e-01	6.65e-02	1.39e-05	3.53e-07	0.00e+00	0.00e+00	0.00e+00	0.00e+00
 7.46508e+22	9.37e-01	6.33e-02	1.35e-05	3.42e-07	0.00e+00	0.00e+00	0.00e+00	0.00e+00
 7.47165e+22	9.39e-01	6.06e-02	1.32e-05	3.32e-07	0.00e+00	0.00e+00	0.00e+00	0.00e+00
 7.47789e+22	9.42e-01	5.81e-02	1.28e-05	3.23e-07	0.00e+00	0.00e+00	0.00e+00	0.00e+00
 7.48414e+22	9.44e-01	5.56e-02	1.25e-05	3.14e-07	0.00e+00	0.00e+00	0.00e+00	0.00e+00
 7.49013e+22	9.47e-01	5.34e-02	1.23e-05	3.07e-07	0.00e+00	0.00e+00	0.00e+00	0.00e+00
 7.49577e+22	9.49e-01	5.15e-02	1.20e-05	3.00e-07	0.00e+00	0.00e+00	0.00e+00	0.00e+00
 7.50138e+22	9.50e-01	4.96e-02	1.18e-05	2.94e-07	0.00e+00	0.00e+00	0.00e+00	0.00e+00
 7.50677e+22	9.52e-01	4.79e-02	1.16e-05	2.89e-07	0.00e+00	0.00e+00	0.00e+00	0.00e+00
 7.51183e+22	9.54e-01	4.64e-02	1.14e-05	2.85e-07	0.00e+00	0.00e+00	0.00e+00	0.00e+00
 7.51678e+22	9.55e-01	4.50e-02	1.12e-05	2.81e-07	0.00e+00	0.00e+00	0.00e+00	0.00e+00
 7.52162e+22	9.56e-01	4.36e-02	1.11e-05	2.77e-07	0.00e+00	0.00e+00	0.00e+00	0.00e+00
 7.52616e+22	9.57e-01	4.25e-02	1.09e-05	2.75e-07	0.00e+00	0.00e+00	0.00e+00	0.00e+00
 7.53029e+22	9.58e-01	4.15e-02	1.08e-05	2.73e-07	0.00e+00	0.00e+00	0.00e+00	0.00e+00
 7.53405e+22	9.59e-01	4.07e-02	1.07e-05	2.72e-07	0.00e+00	0.00e+00	0.00e+00	0.00e+00
 7.53747e+22	9.60e-01	4.00e-02	1.06e-05	2.71e-07	0.00e+00	0.00e+00	0.00e+00	0.00e+00
 7.54059e+22	9.61e-01	3.94e-02	1.05e-05	2.70e-07	0.00e+00	0.00e+00	0.00e+00	0.00e+00
 7.54342e+22	9.61e-01	3.89e-02	1.05e-05	2.70e-07	0.00e+00	0.00e+00	0.00e+00	0.00e+00
 7.54600e+22	9.62e-01	3.84e-02	1.04e-05	2.70e-07	0.00e+00	0.00e+00	0.00e+00	0.00e+00
 7.54882e+22	9.62e-01	3.79e-02	1.03e-05	2.70e-07	0.00e+00	0.00e+00	0.00e+00	0.00e+00
 7.55187e+22	9.63e-01	3.74e-02	1.03e-05	2.70e-07	0.00e+00	0.00e+00	0.00e+00	0.00e+00
 7.55465e+22	9.63e-01	3.70e-02	1.02e-05	2.70e-07	0.00e+00	0.00e+00	0.00e+00	0.00e+00
 7.55718e+22	9.63e-01	3.66e-02	1.01e-05	2.72e-07	0.00e+00	0.00e+00	0.00e+00	0.00e+00
 7.55947e+22	9.64e-01	3.63e-02	1.01e-05	2.72e-07	0.00e+00	0.00e+00	0.00e+00	0.00e+00
 7.56199e+22	9.64e-01	3.59e-02	1.00e-05	2.72e-07	0.00e+00	0.00e+00	0.00e+00	0.00e+00
 7.56527e+22	9.65e-01	3.55e-02	9.96e-06	2.72e-07	0.00e+00	0.00e+00	0.00e+00	0.00e+00
 7.56880e+22	9.65e-01	3.50e-02	9.89e-06	2.73e-07	0.00e+00	0.00e+00	0.00e+00	0.00e+00
 7.57202e+22	9.65e-01	3.47e-02	9.83e-06	2.74e-07	0.00e+00	0.00e+00	0.00e+00	0.00e+00
 7.57495e+22	9.66e-01	3.44e-02	9.78e-06	2.74e-07	0.00e+00	0.00e+00	0.00e+00	0.00e+00
 7.57816e+22	9.66e-01	3.40e-02	9.71e-06	2.75e-07	0.00e+00	0.00e+00	0.00e+00	0.00e+00
 7.58162e+22	9.66e-01	3.37e-02	9.65e-06	2.75e-07	0.00e+00	0.00e+00	0.00e+00	0.00e+00
 7.58477e+22	9.67e-01	3.34e-02	9.59e-06	2.76e-07	0.00e+00	0.00e+00	0.00e+00	0.00e+00
 7.58764e+22	9.67e-01	3.32e-02	9.55e-06	2.77e-07	0.00e+00	0.00e+00	0.00e+00	0.00e+00
 7.59025e+22	9.67e-01	3.30e-02	9.50e-06	2.78e-07	0.00e+00	0.00e+00	0.00e+00	0.00e+00
 7.59311e+22	9.67e-01	3.27e-02	9.45e-06	2.78e-07	0.00e+00	0.00e+00	0.00e+00	0.00e+00
 7.59683e+22	9.68e-01	3.24e-02	9.38e-06	2.79e-07	0.00e+00	0.00e+00	0.00e+00	0.00e+00
 7.60084e+22	9.68e-01	3.20e-02	9.31e-06	2.80e-07	0.00e+00	0.00e+00	0.00e+00	0.00e+00
 7.60449e+22	9.68e-01	3.17e-02	9.25e-06	2.81e-07	0.00e+00	0.00e+00	0.00e+00	0.00e+00
 7.60782e+22	9.68e-01	3.15e-02	9.20e-06	2.81e-07	0.00e+00	0.00e+00	0.00e+00	0.00e+00
 7.61084e+22	9.69e-01	3.13e-02	9.16e-06	2.83e-07	0.00e+00	0.00e+00	0.00e+00	0.00e+00
 7.61360e+22	9.69e-01	3.12e-02	9.12e-06	2.85e-07	0.00e+00	0.00e+00	0.00e+00	0.00e+00
 7.61610e+22	9.69e-01	3.11e-02	9.10e-06	2.86e-07	0.00e+00	0.00e+00	0.00e+00	0.00e+00
 7.61884e+22	9.69e-01	3.09e-02	9.07e-06	2.87e-07	0.00e+00	0.00e+00	0.00e+00	0.00e+00
 7.62241e+22	9.69e-01	3.06e-02	9.04e-06	2.89e-07	0.00e+00	0.00e+00	0.00e+00	0.00e+00
 7.62626e+22	9.70e-01	3.04e-02	9.02e-06	2.91e-07	0.00e+00	0.00e+00	0.00e+00	0.00e+00
 7.62977e+22	9.70e-01	3.02e-02	8.99e-06	2.93e-07	0.00e+00	0.00e+00	0.00e+00	0.00e+00
 7.63296e+22	9.70e-01	3.00e-02	8.97e-06	2.94e-07	0.00e+00	0.00e+00	0.00e+00	0.00e+00
 7.63586e+22	9.70e-01	2.99e-02	8.95e-06	2.96e-07	0.00e+00	0.00e+00	0.00e+00	0.00e+00
 7.63850e+22	9.70e-01	2.97e-02	8.94e-06	2.97e-07	0.00e+00	0.00e+00	0.00e+00	0.00e+00
 7.64140e+22	9.70e-01	2.96e-02	8.92e-06	3.00e-07	0.00e+00	0.00e+00	0.00e+00	0.00e+00
 7.64452e+22	9.71e-01	2.94e-02	8.90e-06	3.01e-07	0.00e+00	0.00e+00	0.00e+00	0.00e+00
 7.64737e+22	9.71e-01	2.93e-02	8.88e-06	3.03e-07	0.00e+00	0.00e+00	0.00e+00	0.00e+00
 7.64996e+22	9.71e-01	2.92e-02	8.87e-06	3.06e-07	0.00e+00	0.00e+00	0.00e+00	0.00e+00
 7.65231e+22	9.71e-01	2.91e-02	8.85e-06	3.06e-07	0.00e+00	0.00e+00	0.00e+00	0.00e+00
 7.65489e+22	9.71e-01	2.89e-02	8.83e-06	3.07e-07	0.00e+00	0.00e+00	0.00e+00	0.00e+00
 7.65825e+22	9.71e-01	2.87e-02	8.81e-06	3.09e-07	0.00e+00	0.00e+00	0.00e+00	0.00e+00
 7.66187e+22	9.71e-01	2.85e-02	8.78e-06	3.11e-07	0.00e+00	0.00e+00	0.00e+00	0.00e+00
 7.66516e+22	9.72e-01	2.83e-02	8.76e-06	3.12e-07	0.00e+00	0.00e+00	0.00e+00	0.00e+00
 7.66816e+22	9.72e-01	2.82e-02	8.75e-06	3.15e-07	0.00e+00	0.00e+00	0.00e+00	0.00e+00
 7.67089e+22	9.72e-01	2.81e-02	8.73e-06	3.15e-07	0.00e+00	0.00e+00	0.00e+00	0.00e+00
 7.67388e+22	9.72e-01	2.79e-02	8.70e-06	3.15e-07	0.00e+00	0.00e+00	0.00e+00	0.00e+00
 7.67777e+22	9.72e-01	2.77e-02	8.66e-06	3.15e-07	0.00e+00	0.00e+00	0.00e+00	0.00e+00
 7.68197e+22	9.73e-01	2.74e-02	8.63e-06	3.15e-07	0.00e+00	0.00e+00	0.00e+00	0.00e+00
 7.68578e+22	9.73e-01	2.72e-02	8.60e-06	3.16e-07	0.00e+00	0.00e+00	0.00e+00	0.00e+00
 7.68926e+22	9.73e-01	2.70e-02	8.58e-06	3.18e-07	0.00e+00	0.00e+00	0.00e+00	0.00e+00
 7.69242e+22	9.73e-01	2.69e-02	8.56e-06	3.17e-07	0.00e+00	0.00e+00	0.00e+00	0.00e+00
 7.69589e+22	9.73e-01	2.67e-02	8.52e-06	3.17e-07	0.00e+00	0.00e+00	0.00e+00	0.00e+00
 7.69963e+22	9.74e-01	2.65e-02	8.50e-06	3.18e-07	0.00e+00	0.00e+00	0.00e+00	0.00e+00
 7.70304e+22	9.74e-01	2.63e-02	8.48e-06	3.20e-07	0.00e+00	0.00e+00	0.00e+00	0.00e+00
 7.70613e+22	9.74e-01	2.62e-02	8.45e-06	3.19e-07	0.00e+00	0.00e+00	0.00e+00	0.00e+00
 7.70953e+22	9.74e-01	2.60e-02	8.42e-06	3.19e-07	0.00e+00	0.00e+00	0.00e+00	0.00e+00
 7.71319e+22	9.74e-01	2.58e-02	8.39e-06	3.19e-07	0.00e+00	0.00e+00	0.00e+00	0.00e+00
 7.71653e+22	9.74e-01	2.57e-02	8.38e-06	3.21e-07	0.00e+00	0.00e+00	0.00e+00	0.00e+00
 7.71957e+22	9.74e-01	2.55e-02	8.35e-06	3.20e-07	0.00e+00	0.00e+00	0.00e+00	0.00e+00
 7.72289e+22	9.75e-01	2.53e-02	8.33e-06	3.21e-07	0.00e+00	0.00e+00	0.00e+00	0.00e+00
 7.72648e+22	9.75e-01	2.51e-02	8.29e-06	3.19e-07	0.00e+00	0.00e+00	0.00e+00	0.00e+00
 7.73042e+22	9.75e-01	2.49e-02	8.26e-06	3.19e-07	0.00e+00	0.00e+00	0.00e+00	0.00e+00
 7.73466e+22	9.75e-01	2.47e-02	8.23e-06	3.19e-07	0.00e+00	0.00e+00	0.00e+00	0.00e+00
 7.73853e+22	9.75e-01	2.45e-02	8.20e-06	3.20e-07	0.00e+00	0.00e+00	0.00e+00	0.00e+00
 7.74205e+22	9.76e-01	2.43e-02	8.17e-06	3.18e-07	0.00e+00	0.00e+00	0.00e+00	0.00e+00
 7.74590e+22	9.76e-01	2.41e-02	8.14e-06	3.18e-07	0.00e+00	0.00e+00	0.00e+00	0.00e+00
 7.75006e+22	9.76e-01	2.39e-02	8.11e-06	3.18e-07	0.00e+00	0.00e+00	0.00e+00	0.00e+00
 7.75385e+22	9.76e-01	2.37e-02	8.08e-06	3.17e-07	0.00e+00	0.00e+00	0.00e+00	0.00e+00
 7.75800e+22	9.76e-01	2.35e-02	8.04e-06	3.17e-07	0.00e+00	0.00e+00	0.00e+00	0.00e+00
 7.76248e+22	9.77e-01	2.33e-02	8.01e-06	3.16e-07	0.00e+00	0.00e+00	0.00e+00	0.00e+00
 7.76656e+22	9.77e-01	2.31e-02	7.99e-06	3.17e-07	0.00e+00	0.00e+00	0.00e+00	0.00e+00
 7.77027e+22	9.77e-01	2.29e-02	7.95e-06	3.15e-07	0.00e+00	0.00e+00	0.00e+00	0.00e+00
 7.77433e+22	9.77e-01	2.27e-02	7.92e-06	3.14e-07	0.00e+00	0.00e+00	0.00e+00	0.00e+00
 7.77872e+22	9.77e-01	2.25e-02	7.89e-06	3.13e-07	0.00e+00	0.00e+00	0.00e+00	0.00e+00
 7.78271e+22	9.78e-01	2.23e-02	7.86e-06	3.12e-07	0.00e+00	0.00e+00	0.00e+00	0.00e+00
 7.78709e+22	9.78e-01	2.21e-02	7.82e-06	3.12e-07	0.00e+00	0.00e+00	0.00e+00	0.00e+00
 7.79182e+22	9.78e-01	2.19e-02	7.79e-06	3.10e-07	0.00e+00	0.00e+00	0.00e+00	0.00e+00
 7.79611e+22	9.78e-01	2.17e-02	7.75e-06	3.09e-07	0.00e+00	0.00e+00	0.00e+00	0.00e+00
 7.80083e+22	9.79e-01	2.15e-02	7.71e-06	3.08e-07	0.00e+00	0.00e+00	0.00e+00	0.00e+00
 7.80591e+22	9.79e-01	2.12e-02	7.68e-06	3.06e-07	0.00e+00	0.00e+00	0.00e+00	0.00e+00
 7.81054e+22	9.79e-01	2.10e-02	7.64e-06	3.05e-07	0.00e+00	0.00e+00	0.00e+00	0.00e+00
 7.81561e+22	9.79e-01	2.08e-02	7.60e-06	3.03e-07	0.00e+00	0.00e+00	0.00e+00	0.00e+00
 7.82109e+22	9.79e-01	2.05e-02	7.55e-06	3.01e-07	0.00e+00	0.00e+00	0.00e+00	0.00e+00
 7.82607e+22	9.80e-01	2.03e-02	7.52e-06	2.99e-07	0.00e+00	0.00e+00	0.00e+00	0.00e+00
 7.83060e+22	9.80e-01	2.01e-02	7.49e-06	2.98e-07	0.00e+00	0.00e+00	0.00e+00	0.00e+00
 7.83557e+22	9.80e-01	1.99e-02	7.44e-06	2.96e-07	0.00e+00	0.00e+00	0.00e+00	0.00e+00
 7.84094e+22	9.80e-01	1.97e-02	7.41e-06	2.95e-07	0.00e+00	0.00e+00	0.00e+00	0.00e+00
 7.84582e+22	9.81e-01	1.95e-02	7.37e-06	2.92e-07	0.00e+00	0.00e+00	0.00e+00	0.00e+00
 7.85117e+22	9.81e-01	1.92e-02	7.32e-06	2.90e-07	0.00e+00	0.00e+00	0.00e+00	0.00e+00
 7.85694e+22	9.81e-01	1.90e-02	7.28e-06	2.88e-07	0.00e+00	0.00e+00	0.00e+00	0.00e+00
 7.86220e+22	9.81e-01	1.88e-02	7.24e-06	2.86e-07	0.00e+00	0.00e+00	0.00e+00	0.00e+00
 7.86795e+22	9.82e-01	1.85e-02	7.19e-06	2.83e-07	0.00e+00	0.00e+00	0.00e+00	0.00e+00
 7.87417e+22	9.82e-01	1.82e-02	7.14e-06	2.80e-07	0.00e+00	0.00e+00	0.00e+00	0.00e+00
 7.87983e+22	9.82e-01	1.80e-02	7.10e-06	2.78e-07	0.00e+00	0.00e+00	0.00e+00	0.00e+00
 7.88497e+22	9.82e-01	1.78e-02	7.07e-06	2.76e-07	0.00e+00	0.00e+00	0.00e+00	0.00e+00
 7.89062e+22	9.82e-01	1.76e-02	7.02e-06	2.73e-07	0.00e+00	0.00e+00	0.00e+00	0.00e+00
 7.89671e+22	9.83e-01	1.73e-02	6.98e-06	2.71e-07	0.00e+00	0.00e+00	0.00e+00	0.00e+00
 7.90225e+22	9.83e-01	1.72e-02	6.94e-06	2.68e-07	0.00e+00	0.00e+00	0.00e+00	0.00e+00
 7.90832e+22	9.83e-01	1.69e-02	6.88e-06	2.65e-07	0.00e+00	0.00e+00	0.00e+00	0.00e+00
 7.91488e+22	9.83e-01	1.66e-02	6.84e-06	2.62e-07	0.00e+00	0.00e+00	0.00e+00	0.00e+00
 7.92084e+22	9.84e-01	1.64e-02	6.80e-06	2.59e-07	0.00e+00	0.00e+00	0.00e+00	0.00e+00
 7.92738e+22	9.84e-01	1.62e-02	6.74e-06	2.56e-07	0.00e+00	0.00e+00	0.00e+00	0.00e+00
 7.93444e+22	9.84e-01	1.59e-02	6.69e-06	2.52e-07	0.00e+00	0.00e+00	0.00e+00	0.00e+00
 7.94086e+22	9.84e-01	1.57e-02	6.65e-06	2.50e-07	0.00e+00	0.00e+00	0.00e+00	0.00e+00
 7.94670e+22	9.84e-01	1.55e-02	6.61e-06	2.47e-07	0.00e+00	0.00e+00	0.00e+00	0.00e+00
 7.95311e+22	9.85e-01	1.53e-02	6.55e-06	2.44e-07	0.00e+00	0.00e+00	0.00e+00	0.00e+00
 7.96002e+22	9.85e-01	1.50e-02	6.51e-06	2.41e-07	0.00e+00	0.00e+00	0.00e+00	0.00e+00
 7.96631e+22	9.85e-01	1.49e-02	6.46e-06	2.38e-07	0.00e+00	0.00e+00	0.00e+00	0.00e+00
 7.97321e+22	9.85e-01	1.46e-02	6.41e-06	2.34e-07	0.00e+00	0.00e+00	0.00e+00	0.00e+00
 7.98065e+22	9.86e-01	1.43e-02	6.36e-06	2.31e-07	0.00e+00	0.00e+00	0.00e+00	0.00e+00
 7.98742e+22	9.86e-01	1.42e-02	6.31e-06	2.28e-07	0.00e+00	0.00e+00	0.00e+00	0.00e+00
 7.99484e+22	9.86e-01	1.39e-02	6.25e-06	2.23e-07	0.00e+00	0.00e+00	0.00e+00	0.00e+00
 8.00286e+22	9.86e-01	1.36e-02	6.20e-06	2.20e-07	0.00e+00	0.00e+00	0.00e+00	0.00e+00
 8.01015e+22	9.87e-01	1.34e-02	6.15e-06	2.17e-07	0.00e+00	0.00e+00	0.00e+00	0.00e+00
 8.01814e+22	9.87e-01	1.32e-02	6.08e-06	2.12e-07	0.00e+00	0.00e+00	0.00e+00	0.00e+00
 8.02676e+22	9.87e-01	1.29e-02	6.03e-06	2.08e-07	0.00e+00	0.00e+00	0.00e+00	0.00e+00
 8.03461e+22	9.87e-01	1.27e-02	5.97e-06	2.05e-07	0.00e+00	0.00e+00	0.00e+00	0.00e+00
 8.04322e+22	9.88e-01	1.24e-02	5.91e-06	2.00e-07	0.00e+00	0.00e+00	0.00e+00	0.00e+00
 8.05250e+22	9.88e-01	1.22e-02	5.85e-06	1.96e-07	0.00e+00	0.00e+00	0.00e+00	0.00e+00
 8.06095e+22	9.88e-01	1.20e-02	5.79e-06	1.93e-07	0.00e+00	0.00e+00	0.00e+00	0.00e+00
 8.06864e+22	9.88e-01	1.18e-02	5.74e-06	1.90e-07	0.00e+00	0.00e+00	0.00e+00	0.00e+00
 8.07707e+22	9.88e-01	1.16e-02	5.68e-06	1.85e-07	0.00e+00	0.00e+00	0.00e+00	0.00e+00
 8.08802e+22	9.89e-01	1.12e-02	5.60e-06	1.79e-07	0.00e+00	0.00e+00	0.00e+00	0.00e+00
 8.10035e+22	9.89e-01	1.09e-02	5.52e-06	1.74e-07	0.00e+00	0.00e+00	0.00e+00	0.00e+00
 8.11258e+22	9.89e-01	1.06e-02	5.44e-06	1.69e-07	0.00e+00	0.00e+00	0.00e+00	0.00e+00
 8.12491e+22	9.90e-01	1.03e-02	5.36e-06	1.64e-07	0.00e+00	0.00e+00	0.00e+00	0.00e+00
 8.13754e+22	9.90e-01	1.01e-02	5.28e-06	1.59e-07	0.00e+00	0.00e+00	0.00e+00	0.00e+00
 8.15039e+22	9.90e-01	9.78e-03	5.20e-06	1.54e-07	0.00e+00	0.00e+00	0.00e+00	0.00e+00
 8.16339e+22	9.90e-01	9.52e-03	5.12e-06	1.50e-07	0.00e+00	0.00e+00	0.00e+00	0.00e+00
 8.17653e+22	9.91e-01	9.25e-03	5.04e-06	1.45e-07	0.00e+00	0.00e+00	0.00e+00	0.00e+00
 8.18985e+22	9.91e-01	8.99e-03	4.96e-06	1.40e-07	0.00e+00	0.00e+00	0.00e+00	0.00e+00
 8.20333e+22	9.91e-01	8.74e-03	4.88e-06	1.36e-07	0.00e+00	0.00e+00	0.00e+00	0.00e+00
 8.21697e+22	9.92e-01	8.49e-03	4.81e-06	1.31e-07	0.00e+00	0.00e+00	0.00e+00	0.00e+00
 8.23076e+22	9.92e-01	8.25e-03	4.73e-06	1.27e-07	0.00e+00	0.00e+00	0.00e+00	0.00e+00
 8.24471e+22	9.92e-01	8.02e-03	4.65e-06	0.00e+00	0.00e+00	0.00e+00	0.00e+00	0.00e+00
 8.25880e+22	9.92e-01	7.79e-03	4.57e-06	0.00e+00	0.00e+00	0.00e+00	0.00e+00	0.00e+00
 8.27304e+22	9.92e-01	7.56e-03	4.49e-06	0.00e+00	0.00e+00	0.00e+00	0.00e+00	0.00e+00
 8.28741e+22	9.93e-01	7.34e-03	4.42e-06	0.00e+00	0.00e+00	0.00e+00	0.00e+00	0.00e+00
 8.30191e+22	9.93e-01	7.13e-03	4.34e-06	0.00e+00	0.00e+00	0.00e+00	0.00e+00	0.00e+00
 8.31653e+22	9.93e-01	6.92e-03	4.26e-06	0.00e+00	0.00e+00	0.00e+00	0.00e+00	0.00e+00
 8.33129e+22	9.93e-01	6.72e-03	4.19e-06	0.00e+00	0.00e+00	0.00e+00	0.00e+00	0.00e+00
 8.34620e+22	9.93e-01	6.52e-03	4.11e-06	0.00e+00	0.00e+00	0.00e+00	0.00e+00	0.00e+00
 8.36124e+22	9.94e-01	6.33e-03	4.04e-06	0.00e+00	0.00e+00	0.00e+00	0.00e+00	0.00e+00
 8.37641e+22	9.94e-01	6.14e-03	3.97e-06	0.00e+00	0.00e+00	0.00e+00	0.00e+00	0.00e+00
 8.39171e+22	9.94e-01	5.96e-03	3.89e-06	0.00e+00	0.00e+00	0.00e+00	0.00e+00	0.00e+00
 8.40715e+22	9.94e-01	5.78e-03	3.82e-06	0.00e+00	0.00e+00	0.00e+00	0.00e+00	0.00e+00
 8.42283e+22	9.94e-01	5.61e-03	3.75e-06	0.00e+00	0.00e+00	0.00e+00	0.00e+00	0.00e+00
 8.43890e+22	9.95e-01	5.43e-03	3.67e-06	0.00e+00	0.00e+00	0.00e+00	0.00e+00	0.00e+00
 8.45525e+22	9.95e-01	5.27e-03	3.60e-06	0.00e+00	0.00e+00	0.00e+00	0.00e+00	0.00e+00
 8.47176e+22	9.95e-01	5.10e-03	3.52e-06	0.00e+00	0.00e+00	0.00e+00	0.00e+00	0.00e+00
 8.48846e+22	9.95e-01	4.94e-03	3.45e-06	0.00e+00	0.00e+00	0.00e+00	0.00e+00	0.00e+00
 8.50534e+22	9.95e-01	4.79e-03	3.38e-06	0.00e+00	0.00e+00	0.00e+00	0.00e+00	0.00e+00
 8.52241e+22	9.95e-01	4.64e-03	3.31e-06	0.00e+00	0.00e+00	0.00e+00	0.00e+00	0.00e+00
 8.53969e+22	9.96e-01	4.49e-03	3.24e-06	0.00e+00	0.00e+00	0.00e+00	0.00e+00	0.00e+00
 8.55724e+22	9.96e-01	4.35e-03	3.16e-06	0.00e+00	0.00e+00	0.00e+00	0.00e+00	0.00e+00
 8.57509e+22	9.96e-01	4.21e-03	3.09e-06	0.00e+00	0.00e+00	0.00e+00	0.00e+00	0.00e+00
 8.59333e+22	9.96e-01	4.07e-03	3.02e-06	0.00e+00	0.00e+00	0.00e+00	0.00e+00	0.00e+00
 8.61206e+22	9.96e-01	3.93e-03	2.95e-06	0.00e+00	0.00e+00	0.00e+00	0.00e+00	0.00e+00
 8.63116e+22	9.96e-01	3.80e-03	2.87e-06	0.00e+00	0.00e+00	0.00e+00	0.00e+00	0.00e+00
 8.65057e+22	9.96e-01	3.66e-03	2.80e-06	0.00e+00	0.00e+00	0.00e+00	0.00e+00	0.00e+00
 8.67031e+22	9.96e-01	3.54e-03	2.73e-06	0.00e+00	0.00e+00	0.00e+00	0.00e+00	0.00e+00
 8.69040e+22	9.97e-01	3.41e-03	2.66e-06	0.00e+00	0.00e+00	0.00e+00	0.00e+00	0.00e+00
 8.71087e+22	9.97e-01	3.29e-03	2.59e-06	0.00e+00	0.00e+00	0.00e+00	0.00e+00	0.00e+00
 8.73174e+22	9.97e-01	3.17e-03	2.51e-06	0.00e+00	0.00e+00	0.00e+00	0.00e+00	0.00e+00
 8.75311e+22	9.97e-01	3.06e-03	2.44e-06	0.00e+00	0.00e+00	0.00e+00	0.00e+00	0.00e+00
 8.77501e+22	9.97e-01	2.94e-03	2.37e-06	0.00e+00	0.00e+00	0.00e+00	0.00e+00	0.00e+00
 8.79736e+22	9.97e-01	2.83e-03	2.30e-06	0.00e+00	0.00e+00	0.00e+00	0.00e+00	0.00e+00
 8.82023e+22	9.97e-01	2.72e-03	2.23e-06	0.00e+00	0.00e+00	0.00e+00	0.00e+00	0.00e+00
 8.84364e+22	9.97e-01	2.61e-03	2.15e-06	0.00e+00	0.00e+00	0.00e+00	0.00e+00	0.00e+00
 8.86761e+22	9.97e-01	2.51e-03	2.08e-06	0.00e+00	0.00e+00	0.00e+00	0.00e+00	0.00e+00
 8.89202e+22	9.98e-01	2.41e-03	2.01e-06	0.00e+00	0.00e+00	0.00e+00	0.00e+00	0.00e+00
 8.91667e+22	9.98e-01	2.31e-03	1.94e-06	0.00e+00	0.00e+00	0.00e+00	0.00e+00	0.00e+00
 8.94154e+22	9.98e-01	2.21e-03	1.88e-06	0.00e+00	0.00e+00	0.00e+00	0.00e+00	0.00e+00
 8.96671e+22	9.98e-01	2.12e-03	1.81e-06	0.00e+00	0.00e+00	0.00e+00	0.00e+00	0.00e+00
 8.99213e+22	9.98e-01	2.04e-03	1.74e-06	0.00e+00	0.00e+00	0.00e+00	0.00e+00	0.00e+00
 9.01779e+22	9.98e-01	1.95e-03	1.68e-06	0.00e+00	0.00e+00	0.00e+00	0.00e+00	0.00e+00
 9.04370e+22	9.98e-01	1.87e-03	1.62e-06	0.00e+00	0.00e+00	0.00e+00	0.00e+00	0.00e+00
 9.06987e+22	9.98e-01	1.79e-03	1.55e-06	0.00e+00	0.00e+00	0.00e+00	0.00e+00	0.00e+00
 9.09631e+22	9.98e-01	1.71e-03	1.49e-06	0.00e+00	0.00e+00	0.00e+00	0.00e+00	0.00e+00
 9.12305e+22	9.98e-01	1.64e-03	1.43e-06	0.00e+00	0.00e+00	0.00e+00	0.00e+00	0.00e+00
 9.15008e+22	9.98e-01	1.57e-03	1.38e-06	0.00e+00	0.00e+00	0.00e+00	0.00e+00	0.00e+00
 9.17731e+22	9.98e-01	1.50e-03	1.32e-06	0.00e+00	0.00e+00	0.00e+00	0.00e+00	0.00e+00
 9.20481e+22	9.99e-01	1.43e-03	1.26e-06	0.00e+00	0.00e+00	0.00e+00	0.00e+00	0.00e+00
 9.23261e+22	9.99e-01	1.37e-03	1.21e-06	0.00e+00	0.00e+00	0.00e+00	0.00e+00	0.00e+00
 9.25179e+22	9.99e-01	1.38e-03	1.19e-06	0.00e+00	0.00e+00	0.00e+00	0.00e+00	0.00e+00
