#depth	Ne	Ne+	Ne+2	Ne+3	Ne+4	Ne+5	Ne+6	Ne+7	Ne+8	Ne+9	Ne+10
 4.62852e+21	1.30e-16	4.87e-12	1.02e-08	2.90e-06	2.49e-04	4.71e-03	2.23e-02	5.01e-02	4.64e-01	3.77e-01	8.15e-02
 1.02591e+22	9.36e-16	3.24e-11	5.98e-08	1.40e-05	1.01e-03	1.55e-02	5.49e-02	8.68e-02	5.28e-01	2.75e-01	3.84e-02
 1.17621e+22	1.78e-15	6.43e-11	1.20e-07	2.68e-05	1.85e-03	2.62e-02	8.16e-02	1.10e-01	5.35e-01	2.21e-01	2.44e-02
 1.25136e+22	2.22e-15	8.40e-11	1.61e-07	3.57e-05	2.44e-03	3.33e-02	9.76e-02	1.22e-01	5.31e-01	1.94e-01	1.90e-02
 1.28517e+22	2.37e-15	9.16e-11	1.78e-07	3.93e-05	2.68e-03	3.62e-02	1.04e-01	1.27e-01	5.29e-01	1.85e-01	1.74e-02
 1.30437e+22	2.52e-15	1.00e-10	1.98e-07	4.39e-05	2.99e-03	3.97e-02	1.11e-01	1.32e-01	5.24e-01	1.74e-01	1.56e-02
 1.32469e+22	2.65e-15	1.09e-10	2.19e-07	4.86e-05	3.30e-03	4.33e-02	1.18e-01	1.37e-01	5.20e-01	1.65e-01	1.41e-02
 1.34475e+22	2.77e-15	1.17e-10	2.42e-07	5.38e-05	3.65e-03	4.72e-02	1.25e-01	1.42e-01	5.14e-01	1.55e-01	1.26e-02
 1.36500e+22	2.88e-15	1.26e-10	2.66e-07	5.94e-05	4.03e-03	5.14e-02	1.33e-01	1.47e-01	5.08e-01	1.46e-01	1.13e-02
 1.38531e+22	2.97e-15	1.36e-10	2.93e-07	6.57e-05	4.44e-03	5.58e-02	1.41e-01	1.51e-01	5.00e-01	1.37e-01	1.01e-02
 1.40580e+22	3.06e-15	1.45e-10	3.22e-07	7.26e-05	4.90e-03	6.05e-02	1.48e-01	1.56e-01	4.92e-01	1.28e-01	9.06e-03
 1.42650e+22	3.14e-15	1.55e-10	3.54e-07	8.03e-05	5.40e-03	6.55e-02	1.56e-01	1.61e-01	4.84e-01	1.20e-01	8.06e-03
 1.44736e+22	3.21e-15	1.66e-10	3.90e-07	8.89e-05	5.94e-03	7.08e-02	1.64e-01	1.65e-01	4.74e-01	1.12e-01	7.17e-03
 1.46851e+22	3.27e-15	1.78e-10	4.30e-07	9.87e-05	6.56e-03	7.66e-02	1.72e-01	1.70e-01	4.64e-01	1.04e-01	6.35e-03
 1.48986e+22	3.34e-15	1.90e-10	4.74e-07	1.09e-04	7.22e-03	8.25e-02	1.80e-01	1.74e-01	4.53e-01	9.70e-02	5.63e-03
 1.51162e+22	3.41e-15	2.04e-10	5.27e-07	1.22e-04	7.98e-03	8.92e-02	1.89e-01	1.78e-01	4.42e-01	8.98e-02	4.95e-03
 1.53372e+22	3.50e-15	2.20e-10	5.86e-07	1.36e-04	8.81e-03	9.60e-02	1.97e-01	1.81e-01	4.30e-01	8.31e-02	4.36e-03
 1.55397e+22	3.58e-15	2.35e-10	6.42e-07	1.50e-04	9.58e-03	1.02e-01	2.03e-01	1.84e-01	4.19e-01	7.77e-02	3.91e-03
 1.57514e+22	3.67e-15	2.55e-10	7.22e-07	1.69e-04	1.06e-02	1.10e-01	2.12e-01	1.87e-01	4.05e-01	7.12e-02	3.40e-03
 1.59661e+22	3.79e-15	2.75e-10	7.98e-07	1.87e-04	1.16e-02	1.17e-01	2.18e-01	1.89e-01	3.94e-01	6.64e-02	3.04e-03
 1.61868e+22	3.96e-15	3.04e-10	9.11e-07	2.13e-04	1.29e-02	1.26e-01	2.27e-01	1.92e-01	3.79e-01	6.04e-02	2.62e-03
 1.64087e+22	4.12e-15	3.30e-10	1.01e-06	2.36e-04	1.41e-02	1.34e-01	2.33e-01	1.93e-01	3.67e-01	5.61e-02	2.33e-03
 1.66322e+22	4.33e-15	3.68e-10	1.16e-06	2.71e-04	1.57e-02	1.44e-01	2.40e-01	1.95e-01	3.52e-01	5.08e-02	2.00e-03
 1.68563e+22	4.58e-15	4.04e-10	1.30e-06	3.01e-04	1.71e-02	1.52e-01	2.46e-01	1.96e-01	3.40e-01	4.71e-02	1.78e-03
 1.70811e+22	4.91e-15	4.57e-10	1.51e-06	3.46e-04	1.91e-02	1.63e-01	2.53e-01	1.97e-01	3.24e-01	4.25e-02	1.52e-03
 1.73081e+22	5.26e-15	5.07e-10	1.70e-06	3.86e-04	2.08e-02	1.72e-01	2.58e-01	1.97e-01	3.11e-01	3.92e-02	1.34e-03
 1.75380e+22	5.75e-15	5.81e-10	1.99e-06	4.46e-04	2.32e-02	1.85e-01	2.64e-01	1.96e-01	2.95e-01	3.52e-02	1.14e-03
 1.77709e+22	6.25e-15	6.53e-10	2.27e-06	5.00e-04	2.52e-02	1.94e-01	2.68e-01	1.95e-01	2.83e-01	3.23e-02	1.00e-03
 1.80075e+22	6.99e-15	7.61e-10	2.68e-06	5.80e-04	2.82e-02	2.08e-01	2.73e-01	1.94e-01	2.67e-01	2.88e-02	8.48e-04
 1.82482e+22	7.76e-15	8.67e-10	3.07e-06	6.53e-04	3.07e-02	2.18e-01	2.77e-01	1.92e-01	2.54e-01	2.63e-02	7.41e-04
 1.84942e+22	8.90e-15	1.03e-09	3.68e-06	7.62e-04	3.43e-02	2.33e-01	2.81e-01	1.90e-01	2.38e-01	2.32e-02	6.19e-04
 1.87457e+22	1.01e-14	1.19e-09	4.26e-06	8.62e-04	3.74e-02	2.44e-01	2.84e-01	1.87e-01	2.25e-01	2.10e-02	5.36e-04
 1.90040e+22	1.19e-14	1.44e-09	5.16e-06	1.01e-03	4.19e-02	2.60e-01	2.86e-01	1.83e-01	2.09e-01	1.84e-02	4.42e-04
 1.92681e+22	1.39e-14	1.70e-09	6.03e-06	1.15e-03	4.57e-02	2.72e-01	2.88e-01	1.79e-01	1.97e-01	1.65e-02	3.79e-04
 1.94909e+22	1.59e-14	1.96e-09	6.93e-06	1.29e-03	4.93e-02	2.83e-01	2.88e-01	1.76e-01	1.86e-01	1.50e-02	3.30e-04
 1.97319e+22	1.92e-14	2.38e-09	8.31e-06	1.49e-03	5.44e-02	2.98e-01	2.89e-01	1.71e-01	1.73e-01	1.32e-02	2.75e-04
 1.99664e+22	2.21e-14	2.75e-09	9.46e-06	1.65e-03	5.83e-02	3.08e-01	2.89e-01	1.67e-01	1.63e-01	1.20e-02	2.41e-04
 2.01927e+22	2.67e-14	3.31e-09	1.12e-05	1.89e-03	6.38e-02	3.22e-01	2.88e-01	1.62e-01	1.52e-01	1.06e-02	2.02e-04
 2.04211e+22	3.12e-14	3.84e-09	1.28e-05	2.09e-03	6.81e-02	3.32e-01	2.87e-01	1.58e-01	1.43e-01	9.60e-03	1.77e-04
 2.06523e+22	3.83e-14	4.67e-09	1.52e-05	2.39e-03	7.43e-02	3.46e-01	2.84e-01	1.53e-01	1.32e-01	8.41e-03	1.47e-04
 2.08867e+22	4.53e-14	5.46e-09	1.74e-05	2.65e-03	7.94e-02	3.56e-01	2.82e-01	1.48e-01	1.24e-01	7.59e-03	1.28e-04
 2.11252e+22	5.66e-14	6.70e-09	2.08e-05	3.03e-03	8.64e-02	3.69e-01	2.79e-01	1.42e-01	1.14e-01	6.61e-03	1.06e-04
 2.13672e+22	6.78e-14	7.88e-09	2.39e-05	3.36e-03	9.21e-02	3.79e-01	2.76e-01	1.37e-01	1.06e-01	5.93e-03	9.12e-05
 2.16137e+22	8.61e-14	9.76e-09	2.86e-05	3.85e-03	1.00e-01	3.92e-01	2.71e-01	1.31e-01	9.66e-02	5.12e-03	7.46e-05
 2.18641e+22	1.04e-13	1.15e-08	3.29e-05	4.26e-03	1.07e-01	4.02e-01	2.67e-01	1.25e-01	8.97e-02	4.57e-03	6.40e-05
 2.21196e+22	1.35e-13	1.44e-08	3.96e-05	4.88e-03	1.16e-01	4.14e-01	2.62e-01	1.19e-01	8.11e-02	3.91e-03	5.18e-05
 2.23805e+22	1.65e-13	1.72e-08	4.57e-05	5.41e-03	1.23e-01	4.23e-01	2.57e-01	1.13e-01	7.49e-02	3.46e-03	4.40e-05
 2.26482e+22	2.17e-13	2.17e-08	5.53e-05	6.20e-03	1.33e-01	4.34e-01	2.50e-01	1.07e-01	6.72e-02	2.93e-03	3.52e-05
 2.29228e+22	2.71e-13	2.62e-08	6.42e-05	6.90e-03	1.42e-01	4.42e-01	2.44e-01	1.01e-01	6.15e-02	2.57e-03	2.95e-05
 2.32063e+22	3.62e-13	3.34e-08	7.80e-05	7.92e-03	1.53e-01	4.52e-01	2.35e-01	9.42e-02	5.46e-02	2.15e-03	2.33e-05
 2.34938e+22	4.55e-13	4.04e-08	9.07e-05	8.80e-03	1.63e-01	4.59e-01	2.29e-01	8.89e-02	4.97e-02	1.87e-03	1.93e-05
 2.37865e+22	6.14e-13	5.18e-08	1.10e-04	1.01e-02	1.76e-01	4.67e-01	2.19e-01	8.22e-02	4.38e-02	1.55e-03	1.51e-05
 2.40827e+22	7.74e-13	6.27e-08	1.28e-04	1.12e-02	1.86e-01	4.72e-01	2.12e-01	7.72e-02	3.97e-02	1.34e-03	1.25e-05
 2.43832e+22	1.05e-12	8.08e-08	1.56e-04	1.28e-02	2.00e-01	4.78e-01	2.02e-01	7.08e-02	3.47e-02	1.10e-03	9.62e-06
 2.46879e+22	1.34e-12	9.79e-08	1.81e-04	1.41e-02	2.11e-01	4.82e-01	1.95e-01	6.61e-02	3.12e-02	9.44e-04	7.88e-06
 2.49555e+22	1.70e-12	1.19e-07	2.10e-04	1.56e-02	2.22e-01	4.85e-01	1.87e-01	6.17e-02	2.80e-02	8.09e-04	6.43e-06
 2.52610e+22	2.30e-12	1.52e-07	2.53e-04	1.77e-02	2.37e-01	4.87e-01	1.77e-01	5.63e-02	2.44e-02	6.62e-04	4.96e-06
 2.55719e+22	2.95e-12	1.86e-07	2.95e-04	1.96e-02	2.49e-01	4.88e-01	1.69e-01	5.21e-02	2.17e-02	5.60e-04	3.99e-06
 2.58244e+22	3.63e-12	2.20e-07	3.35e-04	2.13e-02	2.59e-01	4.88e-01	1.62e-01	4.87e-02	1.97e-02	4.87e-04	3.32e-06
 2.60874e+22	4.64e-12	2.67e-07	3.89e-04	2.35e-02	2.72e-01	4.87e-01	1.55e-01	4.50e-02	1.75e-02	4.12e-04	2.68e-06
 2.63632e+22	5.78e-12	3.19e-07	4.43e-04	2.56e-02	2.83e-01	4.85e-01	1.48e-01	4.18e-02	1.57e-02	3.54e-04	2.20e-06
 2.66159e+22	7.17e-12	3.78e-07	5.04e-04	2.78e-02	2.94e-01	4.83e-01	1.41e-01	3.89e-02	1.41e-02	3.04e-04	1.81e-06
 2.69047e+22	9.38e-12	4.68e-07	5.92e-04	3.09e-02	3.08e-01	4.79e-01	1.33e-01	3.54e-02	1.24e-02	2.52e-04	1.42e-06
 2.72006e+22	1.19e-11	5.66e-07	6.81e-04	3.38e-02	3.21e-01	4.75e-01	1.25e-01	3.25e-02	1.09e-02	2.12e-04	1.14e-06
 2.74601e+22	1.47e-11	6.70e-07	7.72e-04	3.65e-02	3.32e-01	4.71e-01	1.19e-01	3.01e-02	9.80e-03	1.82e-04	9.33e-07
 2.77518e+22	1.92e-11	8.26e-07	9.01e-04	4.03e-02	3.46e-01	4.65e-01	1.12e-01	2.73e-02	8.52e-03	1.50e-04	7.27e-07
 2.80578e+22	2.45e-11	9.99e-07	1.04e-03	4.39e-02	3.59e-01	4.59e-01	1.05e-01	2.49e-02	7.49e-03	1.25e-04	5.77e-07
 2.83354e+22	3.07e-11	1.19e-06	1.18e-03	4.76e-02	3.71e-01	4.52e-01	9.87e-02	2.29e-02	6.63e-03	1.05e-04	4.65e-07
 2.86493e+22	4.06e-11	1.49e-06	1.39e-03	5.26e-02	3.85e-01	4.43e-01	9.14e-02	2.05e-02	5.68e-03	8.50e-05	3.53e-07
 2.89726e+22	5.20e-11	1.80e-06	1.60e-03	5.73e-02	3.98e-01	4.34e-01	8.52e-02	1.86e-02	4.94e-03	7.02e-05	2.77e-07
 2.92599e+22	6.53e-11	2.16e-06	1.82e-03	6.19e-02	4.10e-01	4.26e-01	7.97e-02	1.69e-02	4.34e-03	5.87e-05	2.20e-07
 2.95854e+22	8.69e-11	2.69e-06	2.14e-03	6.82e-02	4.24e-01	4.14e-01	7.32e-02	1.50e-02	3.68e-03	4.68e-05	1.65e-07
 2.99231e+22	1.12e-10	3.28e-06	2.46e-03	7.42e-02	4.36e-01	4.03e-01	6.76e-02	1.35e-02	3.17e-03	3.81e-05	1.27e-07
 3.02267e+22	1.42e-10	3.94e-06	2.81e-03	8.01e-02	4.47e-01	3.93e-01	6.27e-02	1.22e-02	2.75e-03	3.14e-05	0.00e+00
 3.05713e+22	1.91e-10	4.97e-06	3.32e-03	8.83e-02	4.60e-01	3.79e-01	5.68e-02	1.07e-02	2.29e-03	2.45e-05	0.00e+00
 3.09261e+22	2.47e-10	6.05e-06	3.82e-03	9.56e-02	4.71e-01	3.66e-01	5.21e-02	9.55e-03	1.96e-03	1.98e-05	0.00e+00
 3.12456e+22	3.15e-10	7.31e-06	4.37e-03	1.03e-01	4.80e-01	3.54e-01	4.78e-02	8.54e-03	1.68e-03	1.60e-05	0.00e+00
 3.16125e+22	4.31e-10	9.30e-06	5.18e-03	1.14e-01	4.92e-01	3.38e-01	4.27e-02	7.38e-03	1.38e-03	1.22e-05	0.00e+00
 3.19834e+22	5.59e-10	1.13e-05	5.96e-03	1.23e-01	5.01e-01	3.24e-01	3.87e-02	6.54e-03	1.16e-03	9.72e-06	0.00e+00
 3.23595e+22	7.62e-10	1.44e-05	7.04e-03	1.34e-01	5.10e-01	3.08e-01	3.44e-02	5.62e-03	9.45e-04	7.35e-06	0.00e+00
 3.27400e+22	9.85e-10	1.75e-05	8.08e-03	1.45e-01	5.17e-01	2.94e-01	3.11e-02	4.95e-03	7.94e-04	5.81e-06	0.00e+00
 3.31263e+22	1.36e-09	2.24e-05	9.58e-03	1.58e-01	5.24e-01	2.76e-01	2.72e-02	4.21e-03	6.36e-04	4.31e-06	0.00e+00
 3.35161e+22	1.75e-09	2.71e-05	1.10e-02	1.70e-01	5.28e-01	2.62e-01	2.45e-02	3.70e-03	5.31e-04	3.39e-06	0.00e+00
 3.39106e+22	2.43e-09	3.47e-05	1.30e-02	1.85e-01	5.32e-01	2.45e-01	2.13e-02	3.12e-03	4.21e-04	2.48e-06	0.00e+00
 3.43091e+22	3.12e-09	4.20e-05	1.48e-02	1.98e-01	5.34e-01	2.31e-01	1.90e-02	2.72e-03	3.49e-04	1.94e-06	0.00e+00
 3.47131e+22	4.33e-09	5.38e-05	1.75e-02	2.15e-01	5.35e-01	2.14e-01	1.63e-02	2.28e-03	2.74e-04	1.40e-06	0.00e+00
 3.51222e+22	5.60e-09	6.52e-05	2.00e-02	2.29e-01	5.34e-01	2.00e-01	1.45e-02	1.97e-03	2.25e-04	1.08e-06	0.00e+00
 3.55383e+22	7.78e-09	8.34e-05	2.36e-02	2.48e-01	5.31e-01	1.84e-01	1.23e-02	1.63e-03	1.74e-04	7.66e-07	0.00e+00
 3.59466e+22	9.90e-09	9.98e-05	2.66e-02	2.62e-01	5.27e-01	1.72e-01	1.09e-02	1.42e-03	1.43e-04	5.93e-07	0.00e+00
 3.63448e+22	1.35e-08	1.26e-04	3.10e-02	2.81e-01	5.21e-01	1.57e-01	9.29e-03	1.18e-03	1.11e-04	4.25e-07	0.00e+00
 3.67282e+22	1.67e-08	1.47e-04	3.44e-02	2.94e-01	5.15e-01	1.47e-01	8.30e-03	1.03e-03	9.32e-05	3.37e-07	0.00e+00
 3.70925e+22	2.21e-08	1.81e-04	3.95e-02	3.11e-01	5.07e-01	1.34e-01	7.12e-03	8.68e-04	7.34e-05	2.46e-07	0.00e+00
 3.74564e+22	2.73e-08	2.12e-04	4.37e-02	3.25e-01	4.99e-01	1.25e-01	6.33e-03	7.58e-04	6.12e-05	1.93e-07	0.00e+00
 3.78201e+22	3.54e-08	2.57e-04	4.96e-02	3.41e-01	4.88e-01	1.14e-01	5.45e-03	6.39e-04	4.85e-05	1.43e-07	0.00e+00
 3.81968e+22	4.48e-08	3.05e-04	5.55e-02	3.56e-01	4.78e-01	1.05e-01	4.74e-03	5.46e-04	3.92e-05	0.00e+00	0.00e+00
 3.85345e+22	5.54e-08	3.56e-04	6.13e-02	3.70e-01	4.67e-01	9.68e-02	4.17e-03	4.73e-04	3.23e-05	0.00e+00	0.00e+00
 3.89177e+22	7.26e-08	4.34e-04	6.96e-02	3.87e-01	4.52e-01	8.70e-02	3.53e-03	3.90e-04	2.50e-05	0.00e+00	0.00e+00
 3.93068e+22	9.10e-08	5.11e-04	7.72e-02	4.01e-01	4.39e-01	7.93e-02	3.05e-03	3.32e-04	2.01e-05	0.00e+00	0.00e+00
 3.96519e+22	1.12e-07	5.96e-04	8.50e-02	4.14e-01	4.25e-01	7.25e-02	2.66e-03	2.84e-04	1.63e-05	0.00e+00	0.00e+00
 3.99864e+22	1.37e-07	6.88e-04	9.31e-02	4.25e-01	4.12e-01	6.63e-02	2.33e-03	2.44e-04	1.33e-05	0.00e+00	0.00e+00
 4.02950e+22	1.65e-07	7.85e-04	1.01e-01	4.35e-01	3.99e-01	6.10e-02	2.05e-03	2.12e-04	1.11e-05	0.00e+00	0.00e+00
 4.06323e+22	2.07e-07	9.24e-04	1.12e-01	4.48e-01	3.83e-01	5.48e-02	1.75e-03	1.78e-04	8.73e-06	0.00e+00	0.00e+00
 4.09716e+22	2.47e-07	1.05e-03	1.21e-01	4.56e-01	3.70e-01	5.02e-02	1.55e-03	1.54e-04	7.22e-06	0.00e+00	0.00e+00
 4.13134e+22	3.08e-07	1.23e-03	1.33e-01	4.67e-01	3.53e-01	4.49e-02	1.32e-03	1.28e-04	5.68e-06	0.00e+00	0.00e+00
 4.16586e+22	3.70e-07	1.40e-03	1.44e-01	4.75e-01	3.38e-01	4.08e-02	1.15e-03	1.10e-04	4.63e-06	0.00e+00	0.00e+00
 4.19587e+22	4.38e-07	1.58e-03	1.54e-01	4.81e-01	3.25e-01	3.72e-02	1.01e-03	9.45e-05	3.82e-06	0.00e+00	0.00e+00
 4.22994e+22	5.42e-07	1.83e-03	1.69e-01	4.88e-01	3.07e-01	3.30e-02	8.51e-04	7.82e-05	2.98e-06	0.00e+00	0.00e+00
 4.26469e+22	6.49e-07	2.08e-03	1.82e-01	4.93e-01	2.93e-01	2.97e-02	7.37e-04	6.64e-05	2.41e-06	0.00e+00	0.00e+00
 4.29551e+22	7.68e-07	2.33e-03	1.94e-01	4.97e-01	2.79e-01	2.68e-02	6.42e-04	5.66e-05	1.96e-06	0.00e+00	0.00e+00
 4.33079e+22	9.50e-07	2.71e-03	2.12e-01	5.01e-01	2.61e-01	2.35e-02	5.36e-04	4.61e-05	1.51e-06	0.00e+00	0.00e+00
 4.36655e+22	1.13e-06	3.06e-03	2.27e-01	5.03e-01	2.46e-01	2.10e-02	4.60e-04	3.87e-05	1.20e-06	0.00e+00	0.00e+00
 4.39813e+22	1.34e-06	3.43e-03	2.42e-01	5.03e-01	2.32e-01	1.87e-02	3.97e-04	3.26e-05	9.70e-07	0.00e+00	0.00e+00
 4.43438e+22	1.65e-06	3.96e-03	2.62e-01	5.03e-01	2.15e-01	1.62e-02	3.28e-04	2.62e-05	7.33e-07	0.00e+00	0.00e+00
 4.47122e+22	1.96e-06	4.46e-03	2.79e-01	5.01e-01	2.01e-01	1.43e-02	2.79e-04	2.17e-05	5.78e-07	0.00e+00	0.00e+00
 4.50883e+22	2.41e-06	5.12e-03	3.01e-01	4.97e-01	1.84e-01	1.22e-02	2.29e-04	1.72e-05	4.33e-07	0.00e+00	0.00e+00
 4.54724e+22	2.89e-06	5.79e-03	3.21e-01	4.92e-01	1.70e-01	1.06e-02	1.91e-04	1.40e-05	3.34e-07	0.00e+00	0.00e+00
 4.58087e+22	3.39e-06	6.45e-03	3.40e-01	4.86e-01	1.58e-01	9.33e-03	1.62e-04	1.15e-05	2.63e-07	0.00e+00	0.00e+00
 4.61875e+22	4.15e-06	7.39e-03	3.64e-01	4.78e-01	1.43e-01	7.87e-03	1.31e-04	8.97e-06	1.93e-07	0.00e+00	0.00e+00
 4.65797e+22	4.93e-06	8.28e-03	3.85e-01	4.69e-01	1.31e-01	6.77e-03	1.09e-04	7.21e-06	1.47e-07	0.00e+00	0.00e+00
 4.69893e+22	6.09e-06	9.51e-03	4.12e-01	4.56e-01	1.17e-01	5.59e-03	8.60e-05	5.46e-06	0.00e+00	0.00e+00	0.00e+00
 4.72787e+22	6.45e-06	9.89e-03	4.20e-01	4.52e-01	1.13e-01	5.29e-03	8.03e-05	5.04e-06	0.00e+00	0.00e+00	0.00e+00
 4.74118e+22	6.92e-06	1.04e-02	4.29e-01	4.48e-01	1.08e-01	4.95e-03	7.41e-05	4.58e-06	0.00e+00	0.00e+00	0.00e+00
 4.75848e+22	7.57e-06	1.10e-02	4.40e-01	4.41e-01	1.03e-01	4.54e-03	6.67e-05	4.04e-06	0.00e+00	0.00e+00	0.00e+00
 4.78098e+22	8.40e-06	1.17e-02	4.55e-01	4.33e-01	9.64e-02	4.09e-03	5.90e-05	3.49e-06	0.00e+00	0.00e+00	0.00e+00
 4.81022e+22	9.81e-06	1.30e-02	4.75e-01	4.21e-01	8.75e-02	3.50e-03	4.89e-05	2.79e-06	0.00e+00	0.00e+00	0.00e+00
 4.83957e+22	1.10e-05	1.39e-02	4.90e-01	4.11e-01	8.13e-02	3.12e-03	4.26e-05	2.36e-06	0.00e+00	0.00e+00	0.00e+00
 4.86905e+22	1.27e-05	1.52e-02	5.10e-01	3.98e-01	7.37e-02	2.68e-03	3.55e-05	1.90e-06	0.00e+00	0.00e+00	0.00e+00
 4.89954e+22	1.43e-05	1.64e-02	5.26e-01	3.87e-01	6.77e-02	2.35e-03	3.04e-05	1.58e-06	0.00e+00	0.00e+00	0.00e+00
 4.93135e+22	1.66e-05	1.80e-02	5.47e-01	3.72e-01	6.07e-02	1.98e-03	2.49e-05	1.24e-06	0.00e+00	0.00e+00	0.00e+00
 4.96351e+22	1.87e-05	1.94e-02	5.63e-01	3.60e-01	5.54e-02	1.73e-03	2.12e-05	1.02e-06	0.00e+00	0.00e+00	0.00e+00
 4.99612e+22	2.16e-05	2.13e-02	5.83e-01	3.45e-01	4.93e-02	1.45e-03	1.73e-05	7.99e-07	0.00e+00	0.00e+00	0.00e+00
 5.02939e+22	2.45e-05	2.29e-02	6.00e-01	3.32e-01	4.46e-02	1.25e-03	1.45e-05	6.45e-07	0.00e+00	0.00e+00	0.00e+00
 5.05880e+22	2.76e-05	2.46e-02	6.15e-01	3.19e-01	4.03e-02	1.08e-03	1.22e-05	5.24e-07	0.00e+00	0.00e+00	0.00e+00
 5.09233e+22	3.17e-05	2.68e-02	6.34e-01	3.03e-01	3.56e-02	8.95e-04	9.91e-06	4.05e-07	0.00e+00	0.00e+00	0.00e+00
 5.12691e+22	3.60e-05	2.90e-02	6.50e-01	2.89e-01	3.17e-02	7.58e-04	8.17e-06	3.20e-07	0.00e+00	0.00e+00	0.00e+00
 5.15790e+22	4.05e-05	3.11e-02	6.64e-01	2.76e-01	2.84e-02	6.46e-04	6.81e-06	2.56e-07	0.00e+00	0.00e+00	0.00e+00
 5.19324e+22	4.71e-05	3.39e-02	6.82e-01	2.59e-01	2.46e-02	5.25e-04	5.37e-06	1.92e-07	0.00e+00	0.00e+00	0.00e+00
 5.22930e+22	5.32e-05	3.64e-02	6.96e-01	2.45e-01	2.18e-02	4.42e-04	4.40e-06	1.50e-07	0.00e+00	0.00e+00	0.00e+00
 5.26632e+22	6.14e-05	3.96e-02	7.12e-01	2.29e-01	1.87e-02	3.57e-04	3.46e-06	0.00e+00	0.00e+00	0.00e+00	0.00e+00
 5.30464e+22	7.02e-05	4.27e-02	7.26e-01	2.15e-01	1.63e-02	2.94e-04	2.77e-06	0.00e+00	0.00e+00	0.00e+00	0.00e+00
 5.33939e+22	7.95e-05	4.58e-02	7.38e-01	2.01e-01	1.42e-02	2.43e-04	2.23e-06	0.00e+00	0.00e+00	0.00e+00	0.00e+00
 5.37931e+22	9.29e-05	5.01e-02	7.53e-01	1.85e-01	1.19e-02	1.90e-04	1.69e-06	0.00e+00	0.00e+00	0.00e+00	0.00e+00
 5.41965e+22	1.06e-04	5.37e-02	7.63e-01	1.73e-01	1.03e-02	1.56e-04	1.34e-06	0.00e+00	0.00e+00	0.00e+00	0.00e+00
 5.46054e+22	1.24e-04	5.87e-02	7.75e-01	1.57e-01	8.48e-03	1.20e-04	1.00e-06	0.00e+00	0.00e+00	0.00e+00	0.00e+00
 5.50190e+22	1.40e-04	6.28e-02	7.84e-01	1.46e-01	7.28e-03	9.81e-05	7.93e-07	0.00e+00	0.00e+00	0.00e+00	0.00e+00
 5.54384e+22	1.64e-04	6.84e-02	7.94e-01	1.32e-01	5.96e-03	7.53e-05	5.87e-07	0.00e+00	0.00e+00	0.00e+00	0.00e+00
 5.58678e+22	1.87e-04	7.33e-02	8.00e-01	1.21e-01	5.05e-03	6.04e-05	4.55e-07	0.00e+00	0.00e+00	0.00e+00	0.00e+00
 5.63100e+22	2.19e-04	7.99e-02	8.07e-01	1.08e-01	4.06e-03	4.55e-05	3.29e-07	0.00e+00	0.00e+00	0.00e+00	0.00e+00
 5.67597e+22	2.50e-04	8.57e-02	8.12e-01	9.89e-02	3.41e-03	3.62e-05	2.53e-07	0.00e+00	0.00e+00	0.00e+00	0.00e+00
 5.72193e+22	2.96e-04	9.35e-02	8.16e-01	8.74e-02	2.69e-03	2.68e-05	1.79e-07	0.00e+00	0.00e+00	0.00e+00	0.00e+00
 5.76863e+22	3.38e-04	1.00e-01	8.18e-01	7.90e-02	2.24e-03	2.11e-05	1.35e-07	0.00e+00	0.00e+00	0.00e+00	0.00e+00
 5.81630e+22	4.02e-04	1.10e-01	8.19e-01	6.90e-02	1.74e-03	1.54e-05	0.00e+00	0.00e+00	0.00e+00	0.00e+00	0.00e+00
 5.86534e+22	4.62e-04	1.18e-01	8.19e-01	6.18e-02	1.42e-03	1.19e-05	0.00e+00	0.00e+00	0.00e+00	0.00e+00	0.00e+00
 5.91615e+22	5.56e-04	1.29e-01	8.16e-01	5.30e-02	1.08e-03	8.48e-06	0.00e+00	0.00e+00	0.00e+00	0.00e+00	0.00e+00
 5.96835e+22	6.45e-04	1.39e-01	8.13e-01	4.67e-02	8.68e-04	6.45e-06	0.00e+00	0.00e+00	0.00e+00	0.00e+00	0.00e+00
 6.02236e+22	7.84e-04	1.53e-01	8.07e-01	3.94e-02	6.44e-04	4.47e-06	0.00e+00	0.00e+00	0.00e+00	0.00e+00	0.00e+00
 6.07839e+22	9.23e-04	1.65e-01	7.99e-01	3.40e-02	5.03e-04	3.29e-06	0.00e+00	0.00e+00	0.00e+00	0.00e+00	0.00e+00
 6.13703e+22	1.14e-03	1.83e-01	7.88e-01	2.78e-02	3.61e-04	2.19e-06	0.00e+00	0.00e+00	0.00e+00	0.00e+00	0.00e+00
 6.19821e+22	1.37e-03	1.99e-01	7.76e-01	2.34e-02	2.72e-04	1.55e-06	0.00e+00	0.00e+00	0.00e+00	0.00e+00	0.00e+00
 6.25422e+22	1.64e-03	2.16e-01	7.63e-01	1.95e-02	2.04e-04	1.08e-06	0.00e+00	0.00e+00	0.00e+00	0.00e+00	0.00e+00
 6.30236e+22	1.88e-03	2.30e-01	7.51e-01	1.70e-02	1.65e-04	8.33e-07	0.00e+00	0.00e+00	0.00e+00	0.00e+00	0.00e+00
 6.34876e+22	2.23e-03	2.47e-01	7.36e-01	1.41e-02	1.25e-04	5.90e-07	0.00e+00	0.00e+00	0.00e+00	0.00e+00	0.00e+00
 6.39682e+22	2.60e-03	2.64e-01	7.21e-01	1.19e-02	9.83e-05	4.33e-07	0.00e+00	0.00e+00	0.00e+00	0.00e+00	0.00e+00
 6.44704e+22	3.15e-03	2.86e-01	7.01e-01	9.57e-03	7.18e-05	2.88e-07	0.00e+00	0.00e+00	0.00e+00	0.00e+00	0.00e+00
 6.49832e+22	3.71e-03	3.06e-01	6.83e-01	7.87e-03	5.50e-05	2.03e-07	0.00e+00	0.00e+00	0.00e+00	0.00e+00	0.00e+00
 6.55097e+22	4.55e-03	3.31e-01	6.58e-01	6.06e-03	3.89e-05	1.27e-07	0.00e+00	0.00e+00	0.00e+00	0.00e+00	0.00e+00
 6.59942e+22	5.27e-03	3.50e-01	6.40e-01	4.97e-03	3.04e-05	0.00e+00	0.00e+00	0.00e+00	0.00e+00	0.00e+00	0.00e+00
 6.63529e+22	5.96e-03	3.66e-01	6.24e-01	4.16e-03	2.44e-05	0.00e+00	0.00e+00	0.00e+00	0.00e+00	0.00e+00	0.00e+00
 6.67482e+22	6.96e-03	3.86e-01	6.04e-01	3.29e-03	1.84e-05	0.00e+00	0.00e+00	0.00e+00	0.00e+00	0.00e+00	0.00e+00
 6.71743e+22	8.11e-03	4.06e-01	5.83e-01	2.56e-03	1.38e-05	0.00e+00	0.00e+00	0.00e+00	0.00e+00	0.00e+00	0.00e+00
 6.75683e+22	9.35e-03	4.24e-01	5.64e-01	1.99e-03	1.05e-05	0.00e+00	0.00e+00	0.00e+00	0.00e+00	0.00e+00	0.00e+00
 6.79418e+22	1.07e-02	4.41e-01	5.46e-01	1.53e-03	7.90e-06	0.00e+00	0.00e+00	0.00e+00	0.00e+00	0.00e+00	0.00e+00
 6.82928e+22	1.22e-02	4.57e-01	5.30e-01	1.18e-03	5.99e-06	0.00e+00	0.00e+00	0.00e+00	0.00e+00	0.00e+00	0.00e+00
 6.86155e+22	1.37e-02	4.70e-01	5.16e-01	9.02e-04	4.58e-06	0.00e+00	0.00e+00	0.00e+00	0.00e+00	0.00e+00	0.00e+00
 6.89099e+22	1.53e-02	4.81e-01	5.03e-01	6.94e-04	3.53e-06	0.00e+00	0.00e+00	0.00e+00	0.00e+00	0.00e+00	0.00e+00
 6.91781e+22	1.69e-02	4.89e-01	4.93e-01	5.38e-04	2.76e-06	0.00e+00	0.00e+00	0.00e+00	0.00e+00	0.00e+00	0.00e+00
 6.94223e+22	1.85e-02	4.96e-01	4.85e-01	4.21e-04	2.18e-06	0.00e+00	0.00e+00	0.00e+00	0.00e+00	0.00e+00	0.00e+00
 6.96448e+22	2.01e-02	5.00e-01	4.79e-01	3.33e-04	1.75e-06	0.00e+00	0.00e+00	0.00e+00	0.00e+00	0.00e+00	0.00e+00
 6.97835e+22	2.08e-02	5.00e-01	4.79e-01	2.94e-04	1.56e-06	0.00e+00	0.00e+00	0.00e+00	0.00e+00	0.00e+00	0.00e+00
 6.98335e+22	2.11e-02	5.00e-01	4.79e-01	2.80e-04	1.49e-06	0.00e+00	0.00e+00	0.00e+00	0.00e+00	0.00e+00	0.00e+00
 6.98730e+22	2.15e-02	5.01e-01	4.78e-01	2.68e-04	1.43e-06	0.00e+00	0.00e+00	0.00e+00	0.00e+00	0.00e+00	0.00e+00
 6.99241e+22	2.19e-02	5.01e-01	4.77e-01	2.53e-04	1.36e-06	0.00e+00	0.00e+00	0.00e+00	0.00e+00	0.00e+00	0.00e+00
 6.99854e+22	2.25e-02	5.02e-01	4.75e-01	2.37e-04	1.27e-06	0.00e+00	0.00e+00	0.00e+00	0.00e+00	0.00e+00	0.00e+00
 7.00472e+22	2.31e-02	5.03e-01	4.74e-01	2.21e-04	1.20e-06	0.00e+00	0.00e+00	0.00e+00	0.00e+00	0.00e+00	0.00e+00
 7.01041e+22	2.35e-02	5.02e-01	4.74e-01	2.09e-04	1.14e-06	0.00e+00	0.00e+00	0.00e+00	0.00e+00	0.00e+00	0.00e+00
 7.01618e+22	2.41e-02	5.03e-01	4.73e-01	1.96e-04	1.07e-06	0.00e+00	0.00e+00	0.00e+00	0.00e+00	0.00e+00	0.00e+00
 7.02209e+22	2.45e-02	5.02e-01	4.73e-01	1.85e-04	1.02e-06	0.00e+00	0.00e+00	0.00e+00	0.00e+00	0.00e+00	0.00e+00
 7.02812e+22	2.51e-02	5.03e-01	4.72e-01	1.73e-04	9.58e-07	0.00e+00	0.00e+00	0.00e+00	0.00e+00	0.00e+00	0.00e+00
 7.03428e+22	2.57e-02	5.02e-01	4.72e-01	1.63e-04	9.04e-07	0.00e+00	0.00e+00	0.00e+00	0.00e+00	0.00e+00	0.00e+00
 7.04027e+22	2.63e-02	5.02e-01	4.72e-01	1.53e-04	8.57e-07	0.00e+00	0.00e+00	0.00e+00	0.00e+00	0.00e+00	0.00e+00
 7.04635e+22	2.68e-02	5.01e-01	4.72e-01	1.44e-04	8.12e-07	0.00e+00	0.00e+00	0.00e+00	0.00e+00	0.00e+00	0.00e+00
 7.05269e+22	2.74e-02	5.00e-01	4.72e-01	1.36e-04	7.68e-07	0.00e+00	0.00e+00	0.00e+00	0.00e+00	0.00e+00	0.00e+00
 7.05923e+22	2.80e-02	4.99e-01	4.73e-01	1.28e-04	7.28e-07	0.00e+00	0.00e+00	0.00e+00	0.00e+00	0.00e+00	0.00e+00
 7.06596e+22	2.87e-02	4.98e-01	4.73e-01	1.20e-04	6.89e-07	0.00e+00	0.00e+00	0.00e+00	0.00e+00	0.00e+00	0.00e+00
 7.07279e+22	2.93e-02	4.97e-01	4.74e-01	1.13e-04	6.53e-07	0.00e+00	0.00e+00	0.00e+00	0.00e+00	0.00e+00	0.00e+00
 7.07980e+22	3.00e-02	4.95e-01	4.75e-01	1.06e-04	6.20e-07	0.00e+00	0.00e+00	0.00e+00	0.00e+00	0.00e+00	0.00e+00
 7.08721e+22	3.07e-02	4.93e-01	4.76e-01	9.99e-05	5.88e-07	0.00e+00	0.00e+00	0.00e+00	0.00e+00	0.00e+00	0.00e+00
 7.09471e+22	3.13e-02	4.91e-01	4.77e-01	9.43e-05	5.60e-07	0.00e+00	0.00e+00	0.00e+00	0.00e+00	0.00e+00	0.00e+00
 7.10057e+22	3.16e-02	4.89e-01	4.80e-01	9.07e-05	5.42e-07	0.00e+00	0.00e+00	0.00e+00	0.00e+00	0.00e+00	0.00e+00
 7.10448e+22	3.20e-02	4.88e-01	4.80e-01	8.83e-05	5.30e-07	0.00e+00	0.00e+00	0.00e+00	0.00e+00	0.00e+00	0.00e+00
 7.10819e+22	3.23e-02	4.87e-01	4.81e-01	8.59e-05	5.18e-07	0.00e+00	0.00e+00	0.00e+00	0.00e+00	0.00e+00	0.00e+00
 7.11253e+22	3.28e-02	4.86e-01	4.81e-01	8.32e-05	5.04e-07	0.00e+00	0.00e+00	0.00e+00	0.00e+00	0.00e+00	0.00e+00
 7.11730e+22	3.33e-02	4.85e-01	4.81e-01	8.04e-05	4.90e-07	0.00e+00	0.00e+00	0.00e+00	0.00e+00	0.00e+00	0.00e+00
 7.12194e+22	3.37e-02	4.84e-01	4.83e-01	7.81e-05	4.79e-07	0.00e+00	0.00e+00	0.00e+00	0.00e+00	0.00e+00	0.00e+00
 7.12651e+22	3.41e-02	4.83e-01	4.83e-01	7.58e-05	4.67e-07	0.00e+00	0.00e+00	0.00e+00	0.00e+00	0.00e+00	0.00e+00
 7.13122e+22	3.46e-02	4.82e-01	4.83e-01	7.36e-05	4.56e-07	0.00e+00	0.00e+00	0.00e+00	0.00e+00	0.00e+00	0.00e+00
 7.13599e+22	3.51e-02	4.81e-01	4.84e-01	7.14e-05	4.45e-07	0.00e+00	0.00e+00	0.00e+00	0.00e+00	0.00e+00	0.00e+00
 7.14081e+22	3.57e-02	4.80e-01	4.84e-01	6.93e-05	4.35e-07	0.00e+00	0.00e+00	0.00e+00	0.00e+00	0.00e+00	0.00e+00
 7.14563e+22	3.61e-02	4.79e-01	4.84e-01	6.75e-05	4.26e-07	0.00e+00	0.00e+00	0.00e+00	0.00e+00	0.00e+00	0.00e+00
 7.15061e+22	3.68e-02	4.79e-01	4.84e-01	6.55e-05	4.16e-07	0.00e+00	0.00e+00	0.00e+00	0.00e+00	0.00e+00	0.00e+00
 7.15580e+22	3.74e-02	4.78e-01	4.84e-01	6.36e-05	4.06e-07	0.00e+00	0.00e+00	0.00e+00	0.00e+00	0.00e+00	0.00e+00
 7.16098e+22	3.80e-02	4.78e-01	4.84e-01	6.18e-05	3.98e-07	0.00e+00	0.00e+00	0.00e+00	0.00e+00	0.00e+00	0.00e+00
 7.16622e+22	3.87e-02	4.78e-01	4.84e-01	6.01e-05	3.89e-07	0.00e+00	0.00e+00	0.00e+00	0.00e+00	0.00e+00	0.00e+00
 7.17165e+22	3.94e-02	4.77e-01	4.83e-01	5.84e-05	3.81e-07	0.00e+00	0.00e+00	0.00e+00	0.00e+00	0.00e+00	0.00e+00
 7.17728e+22	4.02e-02	4.77e-01	4.82e-01	5.67e-05	3.72e-07	0.00e+00	0.00e+00	0.00e+00	0.00e+00	0.00e+00	0.00e+00
 7.18300e+22	4.10e-02	4.77e-01	4.82e-01	5.51e-05	3.64e-07	0.00e+00	0.00e+00	0.00e+00	0.00e+00	0.00e+00	0.00e+00
 7.18880e+22	4.18e-02	4.78e-01	4.81e-01	5.35e-05	3.56e-07	0.00e+00	0.00e+00	0.00e+00	0.00e+00	0.00e+00	0.00e+00
 7.19482e+22	4.27e-02	4.78e-01	4.79e-01	5.19e-05	3.48e-07	0.00e+00	0.00e+00	0.00e+00	0.00e+00	0.00e+00	0.00e+00
 7.20103e+22	4.37e-02	4.79e-01	4.78e-01	5.03e-05	3.41e-07	0.00e+00	0.00e+00	0.00e+00	0.00e+00	0.00e+00	0.00e+00
 7.20737e+22	4.48e-02	4.79e-01	4.76e-01	4.88e-05	3.33e-07	0.00e+00	0.00e+00	0.00e+00	0.00e+00	0.00e+00	0.00e+00
 7.21385e+22	4.59e-02	4.80e-01	4.74e-01	4.74e-05	3.26e-07	0.00e+00	0.00e+00	0.00e+00	0.00e+00	0.00e+00	0.00e+00
 7.22053e+22	4.71e-02	4.82e-01	4.71e-01	4.59e-05	3.18e-07	0.00e+00	0.00e+00	0.00e+00	0.00e+00	0.00e+00	0.00e+00
 7.22745e+22	4.85e-02	4.83e-01	4.69e-01	4.44e-05	3.11e-07	0.00e+00	0.00e+00	0.00e+00	0.00e+00	0.00e+00	0.00e+00
 7.23456e+22	4.99e-02	4.84e-01	4.66e-01	4.30e-05	3.03e-07	0.00e+00	0.00e+00	0.00e+00	0.00e+00	0.00e+00	0.00e+00
 7.24184e+22	5.14e-02	4.86e-01	4.62e-01	4.16e-05	2.96e-07	0.00e+00	0.00e+00	0.00e+00	0.00e+00	0.00e+00	0.00e+00
 7.24932e+22	5.30e-02	4.88e-01	4.59e-01	4.02e-05	2.89e-07	0.00e+00	0.00e+00	0.00e+00	0.00e+00	0.00e+00	0.00e+00
 7.25705e+22	5.47e-02	4.90e-01	4.55e-01	3.89e-05	2.81e-07	0.00e+00	0.00e+00	0.00e+00	0.00e+00	0.00e+00	0.00e+00
 7.26498e+22	5.64e-02	4.92e-01	4.51e-01	3.75e-05	2.74e-07	0.00e+00	0.00e+00	0.00e+00	0.00e+00	0.00e+00	0.00e+00
 7.27297e+22	5.83e-02	4.95e-01	4.47e-01	3.63e-05	2.67e-07	0.00e+00	0.00e+00	0.00e+00	0.00e+00	0.00e+00	0.00e+00
 7.28109e+22	6.04e-02	4.98e-01	4.42e-01	3.50e-05	2.60e-07	0.00e+00	0.00e+00	0.00e+00	0.00e+00	0.00e+00	0.00e+00
 7.28951e+22	6.26e-02	5.00e-01	4.37e-01	3.37e-05	2.53e-07	0.00e+00	0.00e+00	0.00e+00	0.00e+00	0.00e+00	0.00e+00
 7.29798e+22	6.48e-02	5.03e-01	4.32e-01	3.25e-05	2.46e-07	0.00e+00	0.00e+00	0.00e+00	0.00e+00	0.00e+00	0.00e+00
 7.30639e+22	6.72e-02	5.06e-01	4.27e-01	3.14e-05	2.39e-07	0.00e+00	0.00e+00	0.00e+00	0.00e+00	0.00e+00	0.00e+00
 7.31500e+22	6.98e-02	5.09e-01	4.21e-01	3.03e-05	2.33e-07	0.00e+00	0.00e+00	0.00e+00	0.00e+00	0.00e+00	0.00e+00
 7.32391e+22	7.24e-02	5.12e-01	4.15e-01	2.91e-05	2.26e-07	0.00e+00	0.00e+00	0.00e+00	0.00e+00	0.00e+00	0.00e+00
 7.33289e+22	7.50e-02	5.16e-01	4.09e-01	2.81e-05	2.19e-07	0.00e+00	0.00e+00	0.00e+00	0.00e+00	0.00e+00	0.00e+00
 7.34195e+22	7.81e-02	5.19e-01	4.03e-01	2.70e-05	2.13e-07	0.00e+00	0.00e+00	0.00e+00	0.00e+00	0.00e+00	0.00e+00
 7.35129e+22	8.12e-02	5.22e-01	3.96e-01	2.60e-05	2.06e-07	0.00e+00	0.00e+00	0.00e+00	0.00e+00	0.00e+00	0.00e+00
 7.36087e+22	8.46e-02	5.26e-01	3.89e-01	2.50e-05	1.99e-07	0.00e+00	0.00e+00	0.00e+00	0.00e+00	0.00e+00	0.00e+00
 7.37057e+22	8.84e-02	5.30e-01	3.82e-01	2.39e-05	1.92e-07	0.00e+00	0.00e+00	0.00e+00	0.00e+00	0.00e+00	0.00e+00
 7.38051e+22	9.23e-02	5.33e-01	3.74e-01	2.30e-05	1.85e-07	0.00e+00	0.00e+00	0.00e+00	0.00e+00	0.00e+00	0.00e+00
 7.39069e+22	9.64e-02	5.37e-01	3.67e-01	2.20e-05	1.78e-07	0.00e+00	0.00e+00	0.00e+00	0.00e+00	0.00e+00	0.00e+00
 7.40086e+22	1.01e-01	5.40e-01	3.59e-01	2.11e-05	1.71e-07	0.00e+00	0.00e+00	0.00e+00	0.00e+00	0.00e+00	0.00e+00
 7.41068e+22	1.05e-01	5.44e-01	3.51e-01	2.01e-05	1.65e-07	0.00e+00	0.00e+00	0.00e+00	0.00e+00	0.00e+00	0.00e+00
 7.41983e+22	1.10e-01	5.47e-01	3.43e-01	1.91e-05	1.59e-07	0.00e+00	0.00e+00	0.00e+00	0.00e+00	0.00e+00	0.00e+00
 7.42829e+22	1.14e-01	5.50e-01	3.36e-01	1.81e-05	1.53e-07	0.00e+00	0.00e+00	0.00e+00	0.00e+00	0.00e+00	0.00e+00
 7.43628e+22	1.19e-01	5.52e-01	3.29e-01	1.73e-05	1.47e-07	0.00e+00	0.00e+00	0.00e+00	0.00e+00	0.00e+00	0.00e+00
 7.44369e+22	1.23e-01	5.55e-01	3.22e-01	1.66e-05	1.43e-07	0.00e+00	0.00e+00	0.00e+00	0.00e+00	0.00e+00	0.00e+00
 7.45087e+22	1.27e-01	5.57e-01	3.16e-01	1.58e-05	1.37e-07	0.00e+00	0.00e+00	0.00e+00	0.00e+00	0.00e+00	0.00e+00
 7.45809e+22	1.32e-01	5.59e-01	3.09e-01	1.51e-05	1.33e-07	0.00e+00	0.00e+00	0.00e+00	0.00e+00	0.00e+00	0.00e+00
 7.46508e+22	1.37e-01	5.61e-01	3.03e-01	1.45e-05	1.28e-07	0.00e+00	0.00e+00	0.00e+00	0.00e+00	0.00e+00	0.00e+00
 7.47165e+22	1.41e-01	5.62e-01	2.97e-01	1.39e-05	0.00e+00	0.00e+00	0.00e+00	0.00e+00	0.00e+00	0.00e+00	0.00e+00
 7.47789e+22	1.45e-01	5.64e-01	2.91e-01	1.33e-05	0.00e+00	0.00e+00	0.00e+00	0.00e+00	0.00e+00	0.00e+00	0.00e+00
 7.48414e+22	1.50e-01	5.65e-01	2.84e-01	1.28e-05	0.00e+00	0.00e+00	0.00e+00	0.00e+00	0.00e+00	0.00e+00	0.00e+00
 7.49013e+22	1.55e-01	5.67e-01	2.79e-01	1.23e-05	0.00e+00	0.00e+00	0.00e+00	0.00e+00	0.00e+00	0.00e+00	0.00e+00
 7.49577e+22	1.59e-01	5.68e-01	2.73e-01	1.18e-05	0.00e+00	0.00e+00	0.00e+00	0.00e+00	0.00e+00	0.00e+00	0.00e+00
 7.50138e+22	1.64e-01	5.69e-01	2.67e-01	1.14e-05	0.00e+00	0.00e+00	0.00e+00	0.00e+00	0.00e+00	0.00e+00	0.00e+00
 7.50677e+22	1.69e-01	5.69e-01	2.62e-01	1.09e-05	0.00e+00	0.00e+00	0.00e+00	0.00e+00	0.00e+00	0.00e+00	0.00e+00
 7.51183e+22	1.74e-01	5.70e-01	2.56e-01	1.05e-05	0.00e+00	0.00e+00	0.00e+00	0.00e+00	0.00e+00	0.00e+00	0.00e+00
 7.51678e+22	1.79e-01	5.71e-01	2.51e-01	1.02e-05	0.00e+00	0.00e+00	0.00e+00	0.00e+00	0.00e+00	0.00e+00	0.00e+00
 7.52162e+22	1.84e-01	5.71e-01	2.45e-01	9.79e-06	0.00e+00	0.00e+00	0.00e+00	0.00e+00	0.00e+00	0.00e+00	0.00e+00
 7.52616e+22	1.88e-01	5.71e-01	2.40e-01	9.46e-06	0.00e+00	0.00e+00	0.00e+00	0.00e+00	0.00e+00	0.00e+00	0.00e+00
 7.53029e+22	1.93e-01	5.71e-01	2.36e-01	9.15e-06	0.00e+00	0.00e+00	0.00e+00	0.00e+00	0.00e+00	0.00e+00	0.00e+00
 7.53405e+22	1.97e-01	5.71e-01	2.31e-01	8.88e-06	0.00e+00	0.00e+00	0.00e+00	0.00e+00	0.00e+00	0.00e+00	0.00e+00
 7.53747e+22	2.01e-01	5.71e-01	2.27e-01	8.64e-06	0.00e+00	0.00e+00	0.00e+00	0.00e+00	0.00e+00	0.00e+00	0.00e+00
 7.54059e+22	2.05e-01	5.71e-01	2.23e-01	8.41e-06	0.00e+00	0.00e+00	0.00e+00	0.00e+00	0.00e+00	0.00e+00	0.00e+00
 7.54342e+22	2.09e-01	5.71e-01	2.20e-01	8.21e-06	0.00e+00	0.00e+00	0.00e+00	0.00e+00	0.00e+00	0.00e+00	0.00e+00
 7.54600e+22	2.12e-01	5.71e-01	2.17e-01	8.03e-06	0.00e+00	0.00e+00	0.00e+00	0.00e+00	0.00e+00	0.00e+00	0.00e+00
 7.54882e+22	2.16e-01	5.71e-01	2.13e-01	7.82e-06	0.00e+00	0.00e+00	0.00e+00	0.00e+00	0.00e+00	0.00e+00	0.00e+00
 7.55187e+22	2.20e-01	5.70e-01	2.09e-01	7.62e-06	0.00e+00	0.00e+00	0.00e+00	0.00e+00	0.00e+00	0.00e+00	0.00e+00
 7.55465e+22	2.24e-01	5.70e-01	2.06e-01	7.44e-06	0.00e+00	0.00e+00	0.00e+00	0.00e+00	0.00e+00	0.00e+00	0.00e+00
 7.55718e+22	2.27e-01	5.69e-01	2.03e-01	7.28e-06	0.00e+00	0.00e+00	0.00e+00	0.00e+00	0.00e+00	0.00e+00	0.00e+00
 7.55947e+22	2.30e-01	5.69e-01	2.01e-01	7.15e-06	0.00e+00	0.00e+00	0.00e+00	0.00e+00	0.00e+00	0.00e+00	0.00e+00
 7.56199e+22	2.34e-01	5.68e-01	1.98e-01	6.97e-06	0.00e+00	0.00e+00	0.00e+00	0.00e+00	0.00e+00	0.00e+00	0.00e+00
 7.56527e+22	2.39e-01	5.68e-01	1.93e-01	6.75e-06	0.00e+00	0.00e+00	0.00e+00	0.00e+00	0.00e+00	0.00e+00	0.00e+00
 7.56880e+22	2.43e-01	5.67e-01	1.90e-01	6.55e-06	0.00e+00	0.00e+00	0.00e+00	0.00e+00	0.00e+00	0.00e+00	0.00e+00
 7.57202e+22	2.48e-01	5.66e-01	1.86e-01	6.37e-06	0.00e+00	0.00e+00	0.00e+00	0.00e+00	0.00e+00	0.00e+00	0.00e+00
 7.57495e+22	2.51e-01	5.65e-01	1.84e-01	6.22e-06	0.00e+00	0.00e+00	0.00e+00	0.00e+00	0.00e+00	0.00e+00	0.00e+00
 7.57816e+22	2.56e-01	5.64e-01	1.80e-01	6.04e-06	0.00e+00	0.00e+00	0.00e+00	0.00e+00	0.00e+00	0.00e+00	0.00e+00
 7.58162e+22	2.60e-01	5.63e-01	1.77e-01	5.87e-06	0.00e+00	0.00e+00	0.00e+00	0.00e+00	0.00e+00	0.00e+00	0.00e+00
 7.58477e+22	2.64e-01	5.62e-01	1.74e-01	5.72e-06	0.00e+00	0.00e+00	0.00e+00	0.00e+00	0.00e+00	0.00e+00	0.00e+00
 7.58764e+22	2.68e-01	5.61e-01	1.71e-01	5.58e-06	0.00e+00	0.00e+00	0.00e+00	0.00e+00	0.00e+00	0.00e+00	0.00e+00
 7.59025e+22	2.71e-01	5.60e-01	1.69e-01	5.47e-06	0.00e+00	0.00e+00	0.00e+00	0.00e+00	0.00e+00	0.00e+00	0.00e+00
 7.59311e+22	2.75e-01	5.59e-01	1.66e-01	5.31e-06	0.00e+00	0.00e+00	0.00e+00	0.00e+00	0.00e+00	0.00e+00	0.00e+00
 7.59683e+22	2.81e-01	5.57e-01	1.62e-01	5.12e-06	0.00e+00	0.00e+00	0.00e+00	0.00e+00	0.00e+00	0.00e+00	0.00e+00
 7.60084e+22	2.86e-01	5.56e-01	1.58e-01	4.96e-06	0.00e+00	0.00e+00	0.00e+00	0.00e+00	0.00e+00	0.00e+00	0.00e+00
 7.60449e+22	2.90e-01	5.54e-01	1.55e-01	4.81e-06	0.00e+00	0.00e+00	0.00e+00	0.00e+00	0.00e+00	0.00e+00	0.00e+00
 7.60782e+22	2.95e-01	5.53e-01	1.52e-01	4.68e-06	0.00e+00	0.00e+00	0.00e+00	0.00e+00	0.00e+00	0.00e+00	0.00e+00
 7.61084e+22	2.99e-01	5.52e-01	1.50e-01	4.56e-06	0.00e+00	0.00e+00	0.00e+00	0.00e+00	0.00e+00	0.00e+00	0.00e+00
 7.61360e+22	3.03e-01	5.50e-01	1.47e-01	4.44e-06	0.00e+00	0.00e+00	0.00e+00	0.00e+00	0.00e+00	0.00e+00	0.00e+00
 7.61610e+22	3.06e-01	5.49e-01	1.45e-01	4.35e-06	0.00e+00	0.00e+00	0.00e+00	0.00e+00	0.00e+00	0.00e+00	0.00e+00
 7.61884e+22	3.11e-01	5.47e-01	1.42e-01	4.23e-06	0.00e+00	0.00e+00	0.00e+00	0.00e+00	0.00e+00	0.00e+00	0.00e+00
 7.62241e+22	3.17e-01	5.45e-01	1.38e-01	4.08e-06	0.00e+00	0.00e+00	0.00e+00	0.00e+00	0.00e+00	0.00e+00	0.00e+00
 7.62626e+22	3.23e-01	5.42e-01	1.35e-01	3.93e-06	0.00e+00	0.00e+00	0.00e+00	0.00e+00	0.00e+00	0.00e+00	0.00e+00
 7.62977e+22	3.28e-01	5.40e-01	1.32e-01	3.82e-06	0.00e+00	0.00e+00	0.00e+00	0.00e+00	0.00e+00	0.00e+00	0.00e+00
 7.63296e+22	3.32e-01	5.38e-01	1.30e-01	3.71e-06	0.00e+00	0.00e+00	0.00e+00	0.00e+00	0.00e+00	0.00e+00	0.00e+00
 7.63586e+22	3.37e-01	5.36e-01	1.27e-01	3.61e-06	0.00e+00	0.00e+00	0.00e+00	0.00e+00	0.00e+00	0.00e+00	0.00e+00
 7.63850e+22	3.41e-01	5.34e-01	1.25e-01	3.52e-06	0.00e+00	0.00e+00	0.00e+00	0.00e+00	0.00e+00	0.00e+00	0.00e+00
 7.64140e+22	3.46e-01	5.32e-01	1.22e-01	3.41e-06	0.00e+00	0.00e+00	0.00e+00	0.00e+00	0.00e+00	0.00e+00	0.00e+00
 7.64452e+22	3.51e-01	5.30e-01	1.20e-01	3.32e-06	0.00e+00	0.00e+00	0.00e+00	0.00e+00	0.00e+00	0.00e+00	0.00e+00
 7.64737e+22	3.55e-01	5.28e-01	1.17e-01	3.23e-06	0.00e+00	0.00e+00	0.00e+00	0.00e+00	0.00e+00	0.00e+00	0.00e+00
 7.64996e+22	3.59e-01	5.26e-01	1.15e-01	3.15e-06	0.00e+00	0.00e+00	0.00e+00	0.00e+00	0.00e+00	0.00e+00	0.00e+00
 7.65231e+22	3.62e-01	5.24e-01	1.14e-01	3.09e-06	0.00e+00	0.00e+00	0.00e+00	0.00e+00	0.00e+00	0.00e+00	0.00e+00
 7.65489e+22	3.67e-01	5.22e-01	1.11e-01	3.01e-06	0.00e+00	0.00e+00	0.00e+00	0.00e+00	0.00e+00	0.00e+00	0.00e+00
 7.65825e+22	3.73e-01	5.19e-01	1.09e-01	2.90e-06	0.00e+00	0.00e+00	0.00e+00	0.00e+00	0.00e+00	0.00e+00	0.00e+00
 7.66187e+22	3.78e-01	5.16e-01	1.06e-01	2.81e-06	0.00e+00	0.00e+00	0.00e+00	0.00e+00	0.00e+00	0.00e+00	0.00e+00
 7.66516e+22	3.82e-01	5.13e-01	1.04e-01	2.73e-06	0.00e+00	0.00e+00	0.00e+00	0.00e+00	0.00e+00	0.00e+00	0.00e+00
 7.66816e+22	3.87e-01	5.11e-01	1.02e-01	2.65e-06	0.00e+00	0.00e+00	0.00e+00	0.00e+00	0.00e+00	0.00e+00	0.00e+00
 7.67089e+22	3.90e-01	5.09e-01	1.01e-01	2.60e-06	0.00e+00	0.00e+00	0.00e+00	0.00e+00	0.00e+00	0.00e+00	0.00e+00
 7.67388e+22	3.95e-01	5.06e-01	9.83e-02	2.52e-06	0.00e+00	0.00e+00	0.00e+00	0.00e+00	0.00e+00	0.00e+00	0.00e+00
 7.67777e+22	4.01e-01	5.03e-01	9.59e-02	2.43e-06	0.00e+00	0.00e+00	0.00e+00	0.00e+00	0.00e+00	0.00e+00	0.00e+00
 7.68197e+22	4.05e-01	5.01e-01	9.41e-02	2.36e-06	0.00e+00	0.00e+00	0.00e+00	0.00e+00	0.00e+00	0.00e+00	0.00e+00
 7.68578e+22	4.11e-01	4.98e-01	9.18e-02	2.28e-06	0.00e+00	0.00e+00	0.00e+00	0.00e+00	0.00e+00	0.00e+00	0.00e+00
 7.68926e+22	4.16e-01	4.95e-01	8.96e-02	2.21e-06	0.00e+00	0.00e+00	0.00e+00	0.00e+00	0.00e+00	0.00e+00	0.00e+00
 7.69242e+22	4.19e-01	4.93e-01	8.84e-02	2.16e-06	0.00e+00	0.00e+00	0.00e+00	0.00e+00	0.00e+00	0.00e+00	0.00e+00
 7.69589e+22	4.25e-01	4.89e-01	8.61e-02	2.08e-06	0.00e+00	0.00e+00	0.00e+00	0.00e+00	0.00e+00	0.00e+00	0.00e+00
 7.69963e+22	4.29e-01	4.86e-01	8.43e-02	2.02e-06	0.00e+00	0.00e+00	0.00e+00	0.00e+00	0.00e+00	0.00e+00	0.00e+00
 7.70304e+22	4.34e-01	4.83e-01	8.23e-02	1.96e-06	0.00e+00	0.00e+00	0.00e+00	0.00e+00	0.00e+00	0.00e+00	0.00e+00
 7.70613e+22	4.37e-01	4.81e-01	8.12e-02	1.91e-06	0.00e+00	0.00e+00	0.00e+00	0.00e+00	0.00e+00	0.00e+00	0.00e+00
 7.70953e+22	4.43e-01	4.78e-01	7.93e-02	1.85e-06	0.00e+00	0.00e+00	0.00e+00	0.00e+00	0.00e+00	0.00e+00	0.00e+00
 7.71319e+22	4.47e-01	4.75e-01	7.76e-02	1.80e-06	0.00e+00	0.00e+00	0.00e+00	0.00e+00	0.00e+00	0.00e+00	0.00e+00
 7.71653e+22	4.52e-01	4.72e-01	7.59e-02	1.74e-06	0.00e+00	0.00e+00	0.00e+00	0.00e+00	0.00e+00	0.00e+00	0.00e+00
 7.71957e+22	4.55e-01	4.70e-01	7.49e-02	1.71e-06	0.00e+00	0.00e+00	0.00e+00	0.00e+00	0.00e+00	0.00e+00	0.00e+00
 7.72289e+22	4.61e-01	4.66e-01	7.29e-02	1.65e-06	0.00e+00	0.00e+00	0.00e+00	0.00e+00	0.00e+00	0.00e+00	0.00e+00
 7.72648e+22	4.64e-01	4.64e-01	7.19e-02	1.61e-06	0.00e+00	0.00e+00	0.00e+00	0.00e+00	0.00e+00	0.00e+00	0.00e+00
 7.73042e+22	4.70e-01	4.60e-01	6.99e-02	1.55e-06	0.00e+00	0.00e+00	0.00e+00	0.00e+00	0.00e+00	0.00e+00	0.00e+00
 7.73466e+22	4.74e-01	4.57e-01	6.84e-02	1.50e-06	0.00e+00	0.00e+00	0.00e+00	0.00e+00	0.00e+00	0.00e+00	0.00e+00
 7.73853e+22	4.79e-01	4.54e-01	6.67e-02	1.45e-06	0.00e+00	0.00e+00	0.00e+00	0.00e+00	0.00e+00	0.00e+00	0.00e+00
 7.74205e+22	4.83e-01	4.52e-01	6.57e-02	1.41e-06	0.00e+00	0.00e+00	0.00e+00	0.00e+00	0.00e+00	0.00e+00	0.00e+00
 7.74590e+22	4.88e-01	4.48e-01	6.40e-02	1.36e-06	0.00e+00	0.00e+00	0.00e+00	0.00e+00	0.00e+00	0.00e+00	0.00e+00
 7.75006e+22	4.93e-01	4.45e-01	6.25e-02	1.32e-06	0.00e+00	0.00e+00	0.00e+00	0.00e+00	0.00e+00	0.00e+00	0.00e+00
 7.75385e+22	4.96e-01	4.42e-01	6.15e-02	1.29e-06	0.00e+00	0.00e+00	0.00e+00	0.00e+00	0.00e+00	0.00e+00	0.00e+00
 7.75800e+22	5.03e-01	4.38e-01	5.96e-02	1.23e-06	0.00e+00	0.00e+00	0.00e+00	0.00e+00	0.00e+00	0.00e+00	0.00e+00
 7.76248e+22	5.07e-01	4.34e-01	5.83e-02	1.19e-06	0.00e+00	0.00e+00	0.00e+00	0.00e+00	0.00e+00	0.00e+00	0.00e+00
 7.76656e+22	5.12e-01	4.31e-01	5.68e-02	1.15e-06	0.00e+00	0.00e+00	0.00e+00	0.00e+00	0.00e+00	0.00e+00	0.00e+00
 7.77027e+22	5.16e-01	4.28e-01	5.59e-02	1.13e-06	0.00e+00	0.00e+00	0.00e+00	0.00e+00	0.00e+00	0.00e+00	0.00e+00
 7.77433e+22	5.21e-01	4.24e-01	5.44e-02	1.08e-06	0.00e+00	0.00e+00	0.00e+00	0.00e+00	0.00e+00	0.00e+00	0.00e+00
 7.77872e+22	5.26e-01	4.21e-01	5.32e-02	1.05e-06	0.00e+00	0.00e+00	0.00e+00	0.00e+00	0.00e+00	0.00e+00	0.00e+00
 7.78271e+22	5.29e-01	4.18e-01	5.22e-02	1.02e-06	0.00e+00	0.00e+00	0.00e+00	0.00e+00	0.00e+00	0.00e+00	0.00e+00
 7.78709e+22	5.35e-01	4.14e-01	5.07e-02	9.80e-07	0.00e+00	0.00e+00	0.00e+00	0.00e+00	0.00e+00	0.00e+00	0.00e+00
 7.79182e+22	5.40e-01	4.11e-01	4.95e-02	9.48e-07	0.00e+00	0.00e+00	0.00e+00	0.00e+00	0.00e+00	0.00e+00	0.00e+00
 7.79611e+22	5.44e-01	4.08e-01	4.85e-02	9.20e-07	0.00e+00	0.00e+00	0.00e+00	0.00e+00	0.00e+00	0.00e+00	0.00e+00
 7.80083e+22	5.50e-01	4.03e-01	4.71e-02	8.82e-07	0.00e+00	0.00e+00	0.00e+00	0.00e+00	0.00e+00	0.00e+00	0.00e+00
 7.80591e+22	5.55e-01	4.00e-01	4.60e-02	8.51e-07	0.00e+00	0.00e+00	0.00e+00	0.00e+00	0.00e+00	0.00e+00	0.00e+00
 7.81054e+22	5.59e-01	3.96e-01	4.50e-02	8.24e-07	0.00e+00	0.00e+00	0.00e+00	0.00e+00	0.00e+00	0.00e+00	0.00e+00
 7.81561e+22	5.65e-01	3.92e-01	4.36e-02	7.90e-07	0.00e+00	0.00e+00	0.00e+00	0.00e+00	0.00e+00	0.00e+00	0.00e+00
 7.82109e+22	5.69e-01	3.88e-01	4.26e-02	7.62e-07	0.00e+00	0.00e+00	0.00e+00	0.00e+00	0.00e+00	0.00e+00	0.00e+00
 7.82607e+22	5.74e-01	3.84e-01	4.15e-02	7.34e-07	0.00e+00	0.00e+00	0.00e+00	0.00e+00	0.00e+00	0.00e+00	0.00e+00
 7.83060e+22	5.78e-01	3.81e-01	4.06e-02	7.11e-07	0.00e+00	0.00e+00	0.00e+00	0.00e+00	0.00e+00	0.00e+00	0.00e+00
 7.83557e+22	5.84e-01	3.77e-01	3.94e-02	6.82e-07	0.00e+00	0.00e+00	0.00e+00	0.00e+00	0.00e+00	0.00e+00	0.00e+00
 7.84094e+22	5.89e-01	3.73e-01	3.83e-02	6.57e-07	0.00e+00	0.00e+00	0.00e+00	0.00e+00	0.00e+00	0.00e+00	0.00e+00
 7.84582e+22	5.93e-01	3.70e-01	3.76e-02	6.37e-07	0.00e+00	0.00e+00	0.00e+00	0.00e+00	0.00e+00	0.00e+00	0.00e+00
 7.85117e+22	5.98e-01	3.65e-01	3.64e-02	6.10e-07	0.00e+00	0.00e+00	0.00e+00	0.00e+00	0.00e+00	0.00e+00	0.00e+00
 7.85694e+22	6.03e-01	3.61e-01	3.54e-02	5.86e-07	0.00e+00	0.00e+00	0.00e+00	0.00e+00	0.00e+00	0.00e+00	0.00e+00
 7.86220e+22	6.07e-01	3.58e-01	3.46e-02	5.67e-07	0.00e+00	0.00e+00	0.00e+00	0.00e+00	0.00e+00	0.00e+00	0.00e+00
 7.86795e+22	6.13e-01	3.53e-01	3.36e-02	5.42e-07	0.00e+00	0.00e+00	0.00e+00	0.00e+00	0.00e+00	0.00e+00	0.00e+00
