#depth	Si	Si+	Si+2	Si+3	Si+4	Si+5	Si+6	Si+7	Si+8	Si+9	Si+10	Si+11	Si+12	Si+13	Si+14
 1.54284e+22	0.00e+00	4.55e-22	3.11e-18	3.88e-15	1.85e-11	7.55e-09	8.76e-07	3.17e-05	5.17e-04	3.51e-03	1.20e-02	4.21e-02	3.77e-01	4.22e-01	1.43e-01
 3.47657e+22	3.98e-32	6.12e-20	2.03e-16	1.13e-13	6.05e-10	2.14e-07	1.94e-05	4.85e-04	5.38e-03	2.29e-02	4.49e-02	8.81e-02	4.71e-01	3.06e-01	6.13e-02
 4.02740e+22	2.99e-31	3.14e-19	7.89e-16	3.26e-13	1.94e-09	6.71e-07	5.64e-05	1.23e-03	1.17e-02	4.19e-02	6.77e-02	1.08e-01	4.77e-01	2.52e-01	4.11e-02
 4.26730e+22	7.31e-31	6.50e-19	1.44e-15	5.19e-13	3.24e-09	1.11e-06	9.03e-05	1.86e-03	1.63e-02	5.41e-02	8.02e-02	1.16e-01	4.71e-01	2.26e-01	3.35e-02
 4.36875e+22	9.25e-31	7.88e-19	1.69e-15	5.87e-13	3.71e-09	1.27e-06	1.02e-04	2.06e-03	1.78e-02	5.78e-02	8.37e-02	1.19e-01	4.69e-01	2.19e-01	3.17e-02
 4.41816e+22	1.23e-30	9.97e-19	2.06e-15	6.83e-13	4.37e-09	1.49e-06	1.19e-04	2.35e-03	1.98e-02	6.26e-02	8.80e-02	1.21e-01	4.66e-01	2.11e-01	2.95e-02
 4.47130e+22	1.59e-30	1.22e-18	2.44e-15	7.80e-13	5.04e-09	1.71e-06	1.35e-04	2.63e-03	2.17e-02	6.70e-02	9.19e-02	1.23e-01	4.62e-01	2.04e-01	2.77e-02
 4.52929e+22	2.21e-30	1.61e-18	3.05e-15	9.24e-13	6.08e-09	2.06e-06	1.60e-04	3.06e-03	2.45e-02	7.33e-02	9.73e-02	1.26e-01	4.57e-01	1.94e-01	2.54e-02
 4.58696e+22	2.81e-30	1.95e-18	3.60e-15	1.05e-12	6.96e-09	2.35e-06	1.81e-04	3.40e-03	2.66e-02	7.80e-02	1.01e-01	1.28e-01	4.52e-01	1.87e-01	2.38e-02
 4.64423e+22	3.84e-30	2.52e-18	4.44e-15	1.23e-12	8.28e-09	2.78e-06	2.12e-04	3.90e-03	2.97e-02	8.46e-02	1.06e-01	1.30e-01	4.46e-01	1.78e-01	2.19e-02
 4.70122e+22	4.83e-30	3.04e-18	5.20e-15	1.39e-12	9.42e-09	3.16e-06	2.38e-04	4.31e-03	3.21e-02	8.96e-02	1.10e-01	1.31e-01	4.41e-01	1.71e-01	2.05e-02
 4.75783e+22	6.51e-30	3.88e-18	6.36e-15	1.63e-12	1.11e-08	3.71e-06	2.77e-04	4.91e-03	3.56e-02	9.66e-02	1.15e-01	1.33e-01	4.33e-01	1.62e-01	1.88e-02
 4.81518e+22	8.16e-30	4.68e-18	7.43e-15	1.84e-12	1.26e-08	4.18e-06	3.09e-04	5.40e-03	3.83e-02	1.02e-01	1.19e-01	1.34e-01	4.27e-01	1.56e-01	1.76e-02
 4.87348e+22	1.10e-29	5.96e-18	9.09e-15	2.15e-12	1.48e-08	4.90e-06	3.58e-04	6.13e-03	4.23e-02	1.09e-01	1.24e-01	1.36e-01	4.19e-01	1.47e-01	1.61e-02
 4.93289e+22	1.38e-29	7.20e-18	1.07e-14	2.43e-12	1.68e-08	5.53e-06	4.00e-04	6.74e-03	4.56e-02	1.15e-01	1.27e-01	1.37e-01	4.12e-01	1.41e-01	1.50e-02
 4.99374e+22	1.86e-29	9.20e-18	1.31e-14	2.84e-12	1.97e-08	6.46e-06	4.62e-04	7.64e-03	5.02e-02	1.23e-01	1.32e-01	1.38e-01	4.02e-01	1.33e-01	1.37e-02
 5.05570e+22	1.02e-29	1.11e-17	1.53e-14	3.22e-12	2.23e-08	7.29e-06	5.16e-04	8.39e-03	5.39e-02	1.30e-01	1.36e-01	1.38e-01	3.94e-01	1.27e-01	1.27e-02
 5.11912e+22	1.38e-29	1.43e-17	1.89e-14	3.78e-12	2.62e-08	8.50e-06	5.95e-04	9.48e-03	5.92e-02	1.39e-01	1.41e-01	1.39e-01	3.83e-01	1.19e-01	1.15e-02
 5.18374e+22	1.74e-29	1.73e-17	2.22e-14	4.30e-12	2.97e-08	9.59e-06	6.64e-04	1.04e-02	6.35e-02	1.45e-01	1.44e-01	1.39e-01	3.74e-01	1.13e-01	1.06e-02
 5.24994e+22	2.35e-29	2.23e-17	2.74e-14	5.06e-12	3.48e-08	1.12e-05	7.64e-04	1.17e-02	6.95e-02	1.54e-01	1.48e-01	1.38e-01	3.62e-01	1.05e-01	9.53e-03
 5.31465e+22	2.90e-29	2.66e-17	3.19e-14	5.71e-12	3.90e-08	1.24e-05	8.41e-04	1.27e-02	7.38e-02	1.61e-01	1.51e-01	1.38e-01	3.54e-01	1.00e-01	8.86e-03
 5.37741e+22	3.85e-29	3.36e-17	3.87e-14	6.64e-12	4.51e-08	1.43e-05	9.57e-04	1.42e-02	8.00e-02	1.70e-01	1.55e-01	1.37e-01	3.42e-01	9.35e-02	7.98e-03
 5.44120e+22	4.76e-29	4.01e-17	4.51e-14	7.51e-12	5.05e-08	1.59e-05	1.05e-03	1.54e-02	8.48e-02	1.76e-01	1.57e-01	1.37e-01	3.33e-01	8.88e-02	7.39e-03
 5.50631e+22	6.28e-29	5.06e-17	5.49e-14	8.76e-12	5.83e-08	1.82e-05	1.19e-03	1.71e-02	9.15e-02	1.85e-01	1.60e-01	1.36e-01	3.20e-01	8.26e-02	6.64e-03
 5.57348e+22	7.89e-29	6.13e-17	6.46e-14	9.96e-12	6.56e-08	2.04e-05	1.32e-03	1.86e-02	9.73e-02	1.92e-01	1.62e-01	1.34e-01	3.10e-01	7.78e-02	6.08e-03
 5.64332e+22	1.05e-28	7.79e-17	7.92e-14	1.17e-11	7.60e-08	2.34e-05	1.49e-03	2.06e-02	1.05e-01	2.01e-01	1.65e-01	1.33e-01	2.97e-01	7.20e-02	5.44e-03
 5.71548e+22	1.33e-28	9.54e-17	9.42e-14	1.34e-11	8.60e-08	2.63e-05	1.65e-03	2.24e-02	1.11e-01	2.08e-01	1.67e-01	1.31e-01	2.86e-01	6.73e-02	4.93e-03
 5.79066e+22	1.80e-28	1.23e-16	1.17e-13	1.59e-11	1.00e-07	3.03e-05	1.87e-03	2.49e-02	1.20e-01	2.18e-01	1.68e-01	1.29e-01	2.73e-01	6.18e-02	4.37e-03
 5.86797e+22	2.31e-28	1.51e-16	1.40e-13	1.84e-11	1.14e-07	3.40e-05	2.08e-03	2.71e-02	1.27e-01	2.25e-01	1.70e-01	1.26e-01	2.61e-01	5.74e-02	3.93e-03
 5.94801e+22	3.15e-28	1.96e-16	1.75e-13	2.20e-11	1.33e-07	3.93e-05	2.36e-03	3.01e-02	1.36e-01	2.34e-01	1.71e-01	1.23e-01	2.47e-01	5.23e-02	3.45e-03
 6.03079e+22	4.09e-28	2.45e-16	2.11e-13	2.57e-11	1.52e-07	4.44e-05	2.63e-03	3.28e-02	1.45e-01	2.41e-01	1.71e-01	1.21e-01	2.35e-01	4.81e-02	3.07e-03
 6.11710e+22	5.66e-28	3.21e-16	2.68e-13	3.10e-11	1.79e-07	5.15e-05	2.99e-03	3.64e-02	1.55e-01	2.50e-01	1.71e-01	1.17e-01	2.21e-01	4.34e-02	2.66e-03
 6.20547e+22	7.42e-28	4.03e-16	3.25e-13	3.63e-11	2.05e-07	5.82e-05	3.33e-03	3.97e-02	1.64e-01	2.57e-01	1.71e-01	1.14e-01	2.09e-01	3.97e-02	2.35e-03
 6.28444e+22	9.60e-28	5.01e-16	3.93e-13	4.23e-11	2.33e-07	6.54e-05	3.68e-03	4.30e-02	1.72e-01	2.64e-01	1.70e-01	1.11e-01	1.98e-01	3.64e-02	2.09e-03
 6.37501e+22	1.35e-27	6.66e-16	5.01e-13	5.13e-11	2.74e-07	7.58e-05	4.19e-03	4.76e-02	1.84e-01	2.71e-01	1.69e-01	1.06e-01	1.83e-01	3.23e-02	1.77e-03
 6.46637e+22	1.74e-27	8.27e-16	6.06e-13	5.98e-11	3.12e-07	8.50e-05	4.61e-03	5.14e-02	1.93e-01	2.77e-01	1.67e-01	1.03e-01	1.73e-01	2.94e-02	1.57e-03
 6.55873e+22	2.44e-27	1.10e-15	7.72e-13	7.25e-11	3.66e-07	9.81e-05	5.22e-03	5.67e-02	2.05e-01	2.83e-01	1.65e-01	9.81e-02	1.59e-01	2.60e-02	1.32e-03
 6.65290e+22	3.20e-27	1.38e-15	9.38e-13	8.48e-11	4.15e-07	1.10e-04	5.76e-03	6.12e-02	2.15e-01	2.88e-01	1.63e-01	9.43e-02	1.49e-01	2.34e-02	1.15e-03
 6.74943e+22	4.50e-27	1.83e-15	1.20e-12	1.03e-10	4.87e-07	1.27e-04	6.51e-03	6.73e-02	2.27e-01	2.93e-01	1.59e-01	8.93e-02	1.36e-01	2.05e-02	9.63e-04
 6.84761e+22	5.93e-27	2.32e-15	1.47e-12	1.21e-10	5.54e-07	1.42e-04	7.18e-03	7.26e-02	2.37e-01	2.97e-01	1.56e-01	8.53e-02	1.26e-01	1.83e-02	8.29e-04
 6.94794e+22	8.44e-27	3.13e-15	1.89e-12	1.47e-10	6.48e-07	1.64e-04	8.11e-03	7.98e-02	2.49e-01	3.00e-01	1.52e-01	8.01e-02	1.14e-01	1.57e-02	6.80e-04
 7.04283e+22	1.07e-26	3.82e-15	2.24e-12	1.69e-10	7.22e-07	1.80e-04	8.79e-03	8.49e-02	2.58e-01	3.02e-01	1.48e-01	7.67e-02	1.06e-01	1.42e-02	5.96e-04
 7.13062e+22	1.45e-26	4.96e-15	2.79e-12	2.00e-10	8.23e-07	2.03e-04	9.73e-03	9.19e-02	2.69e-01	3.04e-01	1.44e-01	7.22e-02	9.67e-02	1.24e-02	4.96e-04
 7.21908e+22	1.82e-26	6.06e-15	3.31e-12	2.29e-10	9.15e-07	2.23e-04	1.05e-02	9.74e-02	2.77e-01	3.04e-01	1.40e-01	6.89e-02	8.99e-02	1.11e-02	4.33e-04
 7.30840e+22	2.48e-26	7.90e-15	4.12e-12	2.70e-10	1.04e-06	2.50e-04	1.16e-02	1.05e-01	2.87e-01	3.05e-01	1.35e-01	6.45e-02	8.12e-02	9.61e-03	3.57e-04
 7.39863e+22	3.14e-26	9.71e-15	4.90e-12	3.09e-10	1.15e-06	2.74e-04	1.26e-02	1.12e-01	2.95e-01	3.04e-01	1.31e-01	6.11e-02	7.49e-02	8.56e-03	3.07e-04
 7.49003e+22	4.28e-26	1.27e-14	6.12e-12	3.66e-10	1.30e-06	3.07e-04	1.39e-02	1.20e-01	3.06e-01	3.03e-01	1.25e-01	5.69e-02	6.71e-02	7.32e-03	2.51e-04
 7.58273e+22	5.43e-26	1.58e-14	7.31e-12	4.20e-10	1.44e-06	3.36e-04	1.49e-02	1.27e-01	3.13e-01	3.01e-01	1.21e-01	5.36e-02	6.15e-02	6.47e-03	2.14e-04
 7.67712e+22	7.44e-26	2.09e-14	9.19e-12	4.99e-10	1.64e-06	3.75e-04	1.65e-02	1.37e-01	3.23e-01	2.98e-01	1.15e-01	4.95e-02	5.45e-02	5.45e-03	1.72e-04
 7.77283e+22	9.48e-26	2.60e-14	1.10e-11	5.74e-10	1.81e-06	4.11e-04	1.78e-02	1.45e-01	3.30e-01	2.95e-01	1.10e-01	4.64e-02	4.96e-02	4.78e-03	1.45e-04
 7.87025e+22	1.30e-25	3.48e-14	1.40e-11	6.85e-10	2.06e-06	4.60e-04	1.96e-02	1.56e-01	3.39e-01	2.91e-01	1.04e-01	4.26e-02	4.36e-02	3.99e-03	1.15e-04
 7.96986e+22	1.68e-25	4.41e-14	1.69e-11	7.92e-10	2.28e-06	5.03e-04	2.11e-02	1.66e-01	3.46e-01	2.86e-01	9.88e-02	3.96e-02	3.91e-02	3.43e-03	9.48e-05
 8.07232e+22	2.33e-25	6.01e-14	2.17e-11	9.56e-10	2.60e-06	5.65e-04	2.33e-02	1.78e-01	3.54e-01	2.79e-01	9.21e-02	3.59e-02	3.39e-02	2.81e-03	7.36e-05
 8.17623e+22	3.02e-25	7.69e-14	2.65e-11	1.11e-09	2.88e-06	6.20e-04	2.52e-02	1.89e-01	3.59e-01	2.73e-01	8.69e-02	3.31e-02	3.02e-02	2.40e-03	5.99e-05
 8.27871e+22	4.12e-25	1.05e-13	3.38e-11	1.34e-09	3.28e-06	6.92e-04	2.77e-02	2.03e-01	3.65e-01	2.65e-01	8.06e-02	2.99e-02	2.60e-02	1.96e-03	4.63e-05
 8.37659e+22	5.19e-25	1.31e-13	4.05e-11	1.54e-09	3.61e-06	7.52e-04	2.96e-02	2.13e-01	3.69e-01	2.59e-01	7.61e-02	2.78e-02	2.33e-02	1.68e-03	3.83e-05
 8.47181e+22	6.97e-25	1.77e-13	5.14e-11	1.84e-09	4.09e-06	8.36e-04	3.23e-02	2.27e-01	3.73e-01	2.50e-01	7.02e-02	2.51e-02	2.01e-02	1.38e-03	2.97e-05
 8.56883e+22	8.84e-25	2.25e-13	6.24e-11	2.14e-09	4.53e-06	9.11e-04	3.46e-02	2.39e-01	3.76e-01	2.42e-01	6.57e-02	2.30e-02	1.78e-02	1.17e-03	2.42e-05
 8.66339e+22	1.17e-24	3.00e-13	7.86e-11	2.56e-09	5.13e-06	1.01e-03	3.76e-02	2.53e-01	3.78e-01	2.33e-01	6.05e-02	2.08e-02	1.54e-02	9.57e-04	1.88e-05
 8.75997e+22	1.48e-24	3.89e-13	9.67e-11	3.01e-09	5.73e-06	1.11e-03	4.04e-02	2.66e-01	3.79e-01	2.24e-01	5.60e-02	1.89e-02	1.35e-02	8.00e-04	1.50e-05
 8.85411e+22	1.92e-24	5.15e-13	1.21e-10	3.59e-09	6.49e-06	1.22e-03	4.37e-02	2.81e-01	3.80e-01	2.14e-01	5.14e-02	1.71e-02	1.16e-02	6.57e-04	1.18e-05
 8.95010e+22	2.45e-24	6.77e-13	1.51e-10	4.27e-09	7.33e-06	1.35e-03	4.70e-02	2.95e-01	3.79e-01	2.04e-01	4.72e-02	1.55e-02	1.01e-02	5.43e-04	9.26e-06
 9.04545e+22	3.15e-24	8.97e-13	1.89e-10	5.12e-09	8.33e-06	1.49e-03	5.07e-02	3.10e-01	3.77e-01	1.94e-01	4.31e-02	1.39e-02	8.67e-03	4.45e-04	7.23e-06
 9.14120e+22	4.04e-24	1.19e-12	2.37e-10	6.14e-09	9.48e-06	1.65e-03	5.46e-02	3.25e-01	3.75e-01	1.84e-01	3.92e-02	1.25e-02	7.46e-03	3.64e-04	5.64e-06
 9.23593e+22	5.16e-24	1.57e-12	2.97e-10	7.38e-09	1.08e-05	1.82e-03	5.87e-02	3.40e-01	3.71e-01	1.74e-01	3.57e-02	1.12e-02	6.40e-03	2.98e-04	4.40e-06
 9.33050e+22	6.59e-24	2.07e-12	3.73e-10	8.89e-09	1.24e-05	2.01e-03	6.31e-02	3.55e-01	3.67e-01	1.64e-01	3.23e-02	1.00e-02	5.49e-03	2.44e-04	3.43e-06
 9.42531e+22	8.42e-24	2.74e-12	4.68e-10	1.07e-08	1.42e-05	2.23e-03	6.77e-02	3.71e-01	3.62e-01	1.55e-01	2.92e-02	8.96e-03	4.69e-03	1.98e-04	2.66e-06
 9.52056e+22	1.08e-23	3.62e-12	5.89e-10	1.30e-08	1.63e-05	2.47e-03	7.27e-02	3.86e-01	3.56e-01	1.45e-01	2.63e-02	7.99e-03	3.99e-03	1.61e-04	2.06e-06
 9.61648e+22	1.38e-23	4.79e-12	7.43e-10	1.58e-08	1.88e-05	2.74e-03	7.80e-02	4.01e-01	3.49e-01	1.36e-01	2.37e-02	7.10e-03	3.39e-03	1.30e-04	1.59e-06
 9.71335e+22	1.77e-23	6.35e-12	9.38e-10	1.93e-08	2.17e-05	3.04e-03	8.36e-02	4.16e-01	3.41e-01	1.26e-01	2.12e-02	6.29e-03	2.87e-03	1.05e-04	1.22e-06
 9.81144e+22	2.29e-23	8.42e-12	1.19e-09	2.35e-08	2.51e-05	3.38e-03	8.96e-02	4.30e-01	3.32e-01	1.17e-01	1.89e-02	5.55e-03	2.42e-03	8.44e-05	9.34e-07
 9.91003e+22	2.96e-23	1.11e-11	1.50e-09	2.87e-08	2.91e-05	3.76e-03	9.58e-02	4.44e-01	3.23e-01	1.09e-01	1.68e-02	4.90e-03	2.04e-03	6.78e-05	7.15e-07
 1.00103e+23	3.86e-23	1.48e-11	1.90e-09	3.53e-08	3.38e-05	4.18e-03	1.03e-01	4.58e-01	3.13e-01	1.00e-01	1.49e-02	4.30e-03	1.71e-03	5.40e-05	5.42e-07
 1.01118e+23	5.04e-23	1.95e-11	2.41e-09	4.32e-08	3.93e-05	4.64e-03	1.10e-01	4.71e-01	3.03e-01	9.25e-02	1.32e-02	3.77e-03	1.43e-03	4.31e-05	4.12e-07
 1.02153e+23	9.03e-23	2.60e-11	3.07e-09	5.34e-08	4.59e-05	5.18e-03	1.17e-01	4.85e-01	2.92e-01	8.47e-02	1.16e-02	3.28e-03	1.19e-03	3.39e-05	3.08e-07
 1.03115e+23	1.14e-22	3.26e-11	3.73e-09	6.33e-08	5.20e-05	5.65e-03	1.23e-01	4.94e-01	2.83e-01	7.89e-02	1.05e-02	2.93e-03	1.02e-03	2.80e-05	2.44e-07
 1.04107e+23	1.54e-22	4.37e-11	4.80e-09	7.89e-08	6.12e-05	6.31e-03	1.32e-01	5.06e-01	2.71e-01	7.18e-02	9.13e-03	2.53e-03	8.40e-04	2.18e-05	1.80e-07
 1.05117e+23	1.97e-22	5.50e-11	5.85e-09	9.39e-08	6.96e-05	6.89e-03	1.39e-01	5.15e-01	2.62e-01	6.65e-02	8.18e-03	2.24e-03	7.17e-04	1.78e-05	1.41e-07
 1.06154e+23	2.71e-22	7.40e-11	7.57e-09	1.18e-07	8.22e-05	7.72e-03	1.48e-01	5.25e-01	2.49e-01	6.00e-02	7.07e-03	1.91e-03	5.82e-04	1.37e-05	0.00e+00
 1.07193e+23	3.47e-22	9.21e-11	9.16e-09	1.39e-07	9.31e-05	8.39e-03	1.56e-01	5.32e-01	2.40e-01	5.56e-02	6.34e-03	1.70e-03	4.98e-04	1.12e-05	0.00e+00
 1.08235e+23	4.78e-22	1.22e-10	1.17e-08	1.74e-07	1.10e-04	9.35e-03	1.66e-01	5.40e-01	2.27e-01	5.01e-02	5.48e-03	1.45e-03	4.04e-04	8.65e-06	0.00e+00
 1.09285e+23	6.15e-22	1.52e-10	1.42e-08	2.06e-07	1.24e-04	1.02e-02	1.73e-01	5.46e-01	2.18e-01	4.62e-02	4.90e-03	1.28e-03	3.45e-04	7.07e-06	0.00e+00
 1.10345e+23	8.51e-22	2.01e-10	1.82e-08	2.57e-07	1.46e-04	1.13e-02	1.84e-01	5.52e-01	2.06e-01	4.15e-02	4.22e-03	1.09e-03	2.79e-04	5.43e-06	0.00e+00
 1.11414e+23	1.10e-21	2.48e-10	2.19e-08	3.04e-07	1.65e-04	1.22e-02	1.92e-01	5.56e-01	1.97e-01	3.82e-02	3.77e-03	9.65e-04	2.38e-04	4.43e-06	0.00e+00
 1.12496e+23	1.52e-21	3.26e-10	2.79e-08	3.78e-07	1.93e-04	1.36e-02	2.03e-01	5.60e-01	1.85e-01	3.43e-02	3.24e-03	8.19e-04	1.92e-04	3.39e-06	0.00e+00
 1.13592e+23	1.97e-21	4.02e-10	3.37e-08	4.47e-07	2.18e-04	1.47e-02	2.12e-01	5.62e-01	1.76e-01	3.15e-02	2.88e-03	7.20e-04	1.63e-04	2.75e-06	0.00e+00
 1.14706e+23	2.75e-21	5.26e-10	4.29e-08	5.56e-07	2.56e-04	1.63e-02	2.23e-01	5.64e-01	1.65e-01	2.81e-02	2.47e-03	6.08e-04	1.31e-04	2.09e-06	0.00e+00
 1.15839e+23	3.59e-21	6.49e-10	5.19e-08	6.60e-07	2.90e-04	1.77e-02	2.32e-01	5.64e-01	1.57e-01	2.57e-02	2.19e-03	5.32e-04	1.10e-04	1.69e-06	0.00e+00
 1.16998e+23	5.05e-21	8.49e-10	6.63e-08	8.24e-07	3.40e-04	1.96e-02	2.45e-01	5.64e-01	1.46e-01	2.29e-02	1.87e-03	4.47e-04	8.80e-05	1.27e-06	0.00e+00
 1.18183e+23	6.66e-21	1.05e-09	8.04e-08	9.81e-07	3.86e-04	2.12e-02	2.54e-01	5.63e-01	1.38e-01	2.08e-02	1.65e-03	3.88e-04	7.37e-05	1.02e-06	0.00e+00
 1.19401e+23	9.48e-21	1.38e-09	1.03e-07	1.23e-06	4.55e-04	2.36e-02	2.67e-01	5.61e-01	1.28e-01	1.84e-02	1.39e-03	3.23e-04	5.83e-05	7.60e-07	0.00e+00
 1.20646e+23	1.26e-20	1.71e-09	1.26e-07	1.47e-06	5.17e-04	2.55e-02	2.78e-01	5.58e-01	1.21e-01	1.67e-02	1.22e-03	2.80e-04	4.84e-05	6.03e-07	0.00e+00
 1.21694e+23	1.62e-20	2.06e-09	1.49e-07	1.72e-06	5.79e-04	2.74e-02	2.87e-01	5.55e-01	1.14e-01	1.53e-02	1.09e-03	2.46e-04	4.11e-05	4.92e-07	0.00e+00
 1.22822e+23	2.23e-20	2.62e-09	1.86e-07	2.11e-06	6.70e-04	3.00e-02	2.99e-01	5.50e-01	1.06e-01	1.37e-02	9.36e-04	2.08e-04	3.32e-05	3.77e-07	0.00e+00
 1.23924e+23	2.82e-20	3.11e-09	2.18e-07	2.44e-06	7.43e-04	3.20e-02	3.07e-01	5.46e-01	1.01e-01	1.26e-02	8.39e-04	1.84e-04	2.85e-05	3.11e-07	0.00e+00
 1.24993e+23	3.80e-20	3.88e-09	2.68e-07	2.95e-06	8.52e-04	3.48e-02	3.19e-01	5.40e-01	9.36e-02	1.13e-02	7.26e-04	1.57e-04	2.33e-05	2.41e-07	0.00e+00
 1.26071e+23	4.82e-20	4.59e-09	3.14e-07	3.40e-06	9.43e-04	3.71e-02	3.27e-01	5.35e-01	8.87e-02	1.04e-02	6.52e-04	1.39e-04	2.00e-05	2.00e-07	0.00e+00
 1.27163e+23	6.54e-20	5.72e-09	3.86e-07	4.11e-06	1.08e-03	4.02e-02	3.39e-01	5.28e-01	8.24e-02	9.32e-03	5.63e-04	1.18e-04	1.63e-05	1.55e-07	0.00e+00
 1.28270e+23	8.36e-20	6.79e-09	4.52e-07	4.75e-06	1.20e-03	4.28e-02	3.47e-01	5.22e-01	7.78e-02	8.57e-03	5.04e-04	1.04e-04	1.39e-05	1.27e-07	0.00e+00
 1.29397e+23	1.14e-19	8.45e-09	5.57e-07	5.76e-06	1.37e-03	4.65e-02	3.59e-01	5.13e-01	7.20e-02	7.65e-03	4.34e-04	8.84e-05	1.13e-05	0.00e+00	0.00e+00
 1.30541e+23	1.48e-19	1.00e-08	6.54e-07	6.66e-06	1.52e-03	4.95e-02	3.68e-01	5.06e-01	6.79e-02	7.02e-03	3.87e-04	7.78e-05	9.62e-06	0.00e+00	0.00e+00
 1.31705e+23	2.04e-19	1.25e-08	8.07e-07	8.09e-06	1.74e-03	5.37e-02	3.79e-01	4.96e-01	6.25e-02	6.24e-03	3.32e-04	6.56e-05	7.76e-06	0.00e+00	0.00e+00
 1.32890e+23	2.67e-19	1.49e-08	9.50e-07	9.38e-06	1.94e-03	5.71e-02	3.88e-01	4.88e-01	5.87e-02	5.71e-03	2.95e-04	5.75e-05	6.58e-06	0.00e+00	0.00e+00
 1.34099e+23	3.74e-19	1.87e-08	1.18e-06	1.14e-05	2.23e-03	6.20e-02	4.00e-01	4.77e-01	5.38e-02	5.06e-03	2.52e-04	4.82e-05	5.27e-06	0.00e+00	0.00e+00
 1.35334e+23	4.99e-19	2.23e-08	1.39e-06	1.33e-05	2.47e-03	6.60e-02	4.08e-01	4.68e-01	5.04e-02	4.61e-03	2.23e-04	4.21e-05	4.44e-06	0.00e+00	0.00e+00
 1.36600e+23	7.15e-19	2.80e-08	1.73e-06	1.63e-05	2.85e-03	7.17e-02	4.20e-01	4.55e-01	4.59e-02	4.06e-03	1.89e-04	3.50e-05	3.53e-06	0.00e+00	0.00e+00
 1.37899e+23	9.79e-19	3.38e-08	2.06e-06	1.91e-05	3.19e-03	7.65e-02	4.29e-01	4.45e-01	4.27e-02	3.68e-03	1.65e-04	3.02e-05	2.94e-06	0.00e+00	0.00e+00
 1.39241e+23	1.46e-18	4.27e-08	2.58e-06	2.36e-05	3.69e-03	8.31e-02	4.40e-01	4.31e-01	3.87e-02	3.22e-03	1.39e-04	2.50e-05	2.31e-06	0.00e+00	0.00e+00
 1.40603e+23	2.06e-18	5.16e-08	3.08e-06	2.77e-05	4.12e-03	8.86e-02	4.48e-01	4.20e-01	3.58e-02	2.91e-03	1.22e-04	2.15e-05	1.92e-06	0.00e+00	0.00e+00
 1.41990e+23	3.21e-18	6.54e-08	3.87e-06	3.42e-05	4.77e-03	9.62e-02	4.58e-01	4.06e-01	3.23e-02	2.54e-03	1.02e-04	1.77e-05	1.50e-06	0.00e+00	0.00e+00
 1.43393e+23	4.82e-18	7.90e-08	4.63e-06	4.02e-05	5.33e-03	1.02e-01	4.66e-01	3.94e-01	2.98e-02	2.29e-03	8.87e-05	1.52e-05	1.24e-06	0.00e+00	0.00e+00
 1.44817e+23	7.87e-18	1.00e-07	5.82e-06	4.97e-05	6.17e-03	1.11e-01	4.75e-01	3.79e-01	2.67e-02	1.99e-03	7.37e-05	1.24e-05	9.61e-07	0.00e+00	0.00e+00
 1.46262e+23	1.29e-17	1.21e-07	6.97e-06	5.85e-05	6.89e-03	1.18e-01	4.82e-01	3.67e-01	2.46e-02	1.78e-03	6.40e-05	1.06e-05	7.91e-07	0.00e+00	0.00e+00
 1.47529e+23	1.90e-17	1.46e-07	8.30e-06	6.86e-05	7.68e-03	1.25e-01	4.88e-01	3.55e-01	2.26e-02	1.60e-03	5.56e-05	9.08e-06	6.52e-07	0.00e+00	0.00e+00
 1.48973e+23	2.14e-17	1.84e-07	1.04e-05	8.47e-05	8.85e-03	1.35e-01	4.96e-01	3.39e-01	2.01e-02	1.39e-03	4.61e-05	7.40e-06	5.04e-07	0.00e+00	0.00e+00
 1.50429e+23	9.24e-18	2.22e-07	1.24e-05	9.92e-05	9.85e-03	1.43e-01	5.01e-01	3.27e-01	1.84e-02	1.25e-03	4.00e-05	6.33e-06	4.15e-07	0.00e+00	0.00e+00
 1.51627e+23	9.49e-18	2.61e-07	1.44e-05	1.14e-04	1.08e-02	1.50e-01	5.04e-01	3.16e-01	1.71e-02	1.13e-03	3.52e-05	5.51e-06	3.49e-07	0.00e+00	0.00e+00
 1.52910e+23	1.30e-17	3.18e-07	1.75e-05	1.36e-04	1.22e-02	1.60e-01	5.09e-01	3.03e-01	1.54e-02	1.00e-03	3.00e-05	4.63e-06	2.80e-07	0.00e+00	0.00e+00
 1.54223e+23	1.77e-17	3.77e-07	2.05e-05	1.57e-04	1.34e-02	1.68e-01	5.12e-01	2.91e-01	1.42e-02	9.03e-04	2.62e-05	3.99e-06	2.33e-07	0.00e+00	0.00e+00
 1.55390e+23	2.38e-17	4.43e-07	2.39e-05	1.80e-04	1.47e-02	1.76e-01	5.14e-01	2.81e-01	1.30e-02	8.17e-04	2.29e-05	3.46e-06	1.95e-07	0.00e+00	0.00e+00
 1.56726e+23	3.49e-17	5.42e-07	2.90e-05	2.15e-04	1.65e-02	1.87e-01	5.16e-01	2.67e-01	1.17e-02	7.20e-04	1.94e-05	2.89e-06	1.56e-07	0.00e+00	0.00e+00
 1.58113e+23	9.17e-17	6.47e-07	3.44e-05	2.51e-04	1.83e-02	1.97e-01	5.18e-01	2.56e-01	1.06e-02	6.41e-04	1.67e-05	2.45e-06	1.27e-07	0.00e+00	0.00e+00
 1.59352e+23	9.44e-17	7.64e-07	4.02e-05	2.90e-04	2.01e-02	2.06e-01	5.18e-01	2.45e-01	9.75e-03	5.77e-04	1.45e-05	2.12e-06	0.00e+00	0.00e+00	0.00e+00
 1.60745e+23	2.88e-16	9.39e-07	4.88e-05	3.45e-04	2.25e-02	2.18e-01	5.18e-01	2.32e-01	8.71e-03	5.06e-04	1.22e-05	1.75e-06	0.00e+00	0.00e+00	0.00e+00
 1.62203e+23	5.50e-16	1.13e-06	5.82e-05	4.06e-04	2.50e-02	2.29e-01	5.17e-01	2.20e-01	7.83e-03	4.47e-04	1.04e-05	1.47e-06	0.00e+00	0.00e+00	0.00e+00
 1.63518e+23	5.87e-16	1.34e-06	6.84e-05	4.69e-04	2.75e-02	2.39e-01	5.16e-01	2.10e-01	7.11e-03	3.99e-04	8.95e-06	1.26e-06	0.00e+00	0.00e+00	0.00e+00
 1.65002e+23	8.46e-16	1.66e-06	8.37e-05	5.63e-04	3.09e-02	2.52e-01	5.13e-01	1.97e-01	6.28e-03	3.46e-04	7.42e-06	1.03e-06	0.00e+00	0.00e+00	0.00e+00
 1.66536e+23	1.65e-15	2.00e-06	1.00e-04	6.63e-04	3.43e-02	2.65e-01	5.09e-01	1.85e-01	5.60e-03	3.04e-04	6.25e-06	8.58e-07	0.00e+00	0.00e+00	0.00e+00
 1.67902e+23	2.46e-15	2.38e-06	1.18e-04	7.68e-04	3.76e-02	2.76e-01	5.05e-01	1.75e-01	5.04e-03	2.69e-04	5.34e-06	7.27e-07	0.00e+00	0.00e+00	0.00e+00
 1.69448e+23	4.42e-15	2.96e-06	1.45e-04	9.23e-04	4.22e-02	2.90e-01	4.99e-01	1.63e-01	4.41e-03	2.32e-04	4.38e-06	5.89e-07	0.00e+00	0.00e+00	0.00e+00
 1.71054e+23	8.37e-15	3.58e-06	1.73e-04	1.09e-03	4.68e-02	3.03e-01	4.92e-01	1.53e-01	3.90e-03	2.02e-04	3.65e-06	4.86e-07	0.00e+00	0.00e+00	0.00e+00
 1.72500e+23	1.22e-14	4.29e-06	2.05e-04	1.27e-03	5.14e-02	3.15e-01	4.86e-01	1.43e-01	3.47e-03	1.77e-04	3.08e-06	4.07e-07	0.00e+00	0.00e+00	0.00e+00
 1.74138e+23	1.97e-14	5.38e-06	2.54e-04	1.54e-03	5.79e-02	3.30e-01	4.76e-01	1.31e-01	2.99e-03	1.50e-04	2.47e-06	3.23e-07	0.00e+00	0.00e+00	0.00e+00
 1.75829e+23	3.01e-14	6.53e-06	3.04e-04	1.81e-03	6.39e-02	3.43e-01	4.67e-01	1.22e-01	2.62e-03	1.29e-04	2.05e-06	2.65e-07	0.00e+00	0.00e+00	0.00e+00
 1.77353e+23	4.21e-14	7.87e-06	3.62e-04	2.12e-03	7.03e-02	3.55e-01	4.57e-01	1.13e-01	2.31e-03	1.12e-04	1.70e-06	2.18e-07	0.00e+00	0.00e+00	0.00e+00
 1.79100e+23	6.58e-14	9.97e-06	4.52e-04	2.58e-03	7.91e-02	3.70e-01	4.43e-01	1.03e-01	1.95e-03	9.34e-05	1.34e-06	1.70e-07	0.00e+00	0.00e+00	0.00e+00
 1.80870e+23	9.49e-14	1.21e-05	5.41e-04	3.05e-03	8.72e-02	3.82e-01	4.31e-01	9.41e-02	1.69e-03	7.99e-05	1.09e-06	1.37e-07	0.00e+00	0.00e+00	0.00e+00
 1.82434e+23	1.31e-13	1.46e-05	6.43e-04	3.55e-03	9.54e-02	3.93e-01	4.19e-01	8.66e-02	1.48e-03	6.88e-05	9.00e-07	0.00e+00	0.00e+00	0.00e+00	0.00e+00
 1.84232e+23	2.04e-13	1.85e-05	8.03e-04	4.34e-03	1.07e-01	4.07e-01	4.02e-01	7.74e-02	1.23e-03	5.64e-05	6.96e-07	0.00e+00	0.00e+00	0.00e+00	0.00e+00
 1.86052e+23	2.83e-13	2.24e-05	9.57e-04	5.10e-03	1.17e-01	4.18e-01	3.87e-01	7.04e-02	1.06e-03	4.79e-05	5.63e-07	0.00e+00	0.00e+00	0.00e+00	0.00e+00
 1.87901e+23	4.17e-13	2.85e-05	1.19e-03	6.19e-03	1.31e-01	4.29e-01	3.69e-01	6.25e-02	8.76e-04	3.90e-05	4.33e-07	0.00e+00	0.00e+00	0.00e+00	0.00e+00
 1.89788e+23	5.73e-13	3.48e-05	1.43e-03	7.28e-03	1.43e-01	4.38e-01	3.53e-01	5.62e-02	7.44e-04	3.27e-05	3.45e-07	0.00e+00	0.00e+00	0.00e+00	0.00e+00
 1.91468e+23	7.72e-13	4.21e-05	1.70e-03	8.53e-03	1.56e-01	4.46e-01	3.37e-01	5.06e-02	6.32e-04	2.75e-05	2.76e-07	0.00e+00	0.00e+00	0.00e+00	0.00e+00
 1.93395e+23	1.14e-12	5.40e-05	2.13e-03	1.04e-02	1.73e-01	4.54e-01	3.16e-01	4.40e-02	5.13e-04	2.19e-05	2.07e-07	0.00e+00	0.00e+00	0.00e+00	0.00e+00
 1.95355e+23	1.57e-12	6.59e-05	2.54e-03	1.21e-02	1.88e-01	4.59e-01	2.99e-01	3.92e-02	4.31e-04	1.82e-05	1.63e-07	0.00e+00	0.00e+00	0.00e+00	0.00e+00
 1.97355e+23	2.37e-12	8.49e-05	3.19e-03	1.48e-02	2.08e-01	4.63e-01	2.77e-01	3.35e-02	3.43e-04	1.42e-05	1.20e-07	0.00e+00	0.00e+00	0.00e+00	0.00e+00
 1.99308e+23	3.25e-12	1.02e-04	3.75e-03	1.71e-02	2.23e-01	4.64e-01	2.61e-01	2.98e-02	2.90e-04	1.19e-05	0.00e+00	0.00e+00	0.00e+00	0.00e+00	0.00e+00
 2.01201e+23	4.83e-12	1.29e-04	4.61e-03	2.05e-02	2.44e-01	4.64e-01	2.41e-01	2.55e-02	2.32e-04	9.33e-06	0.00e+00	0.00e+00	0.00e+00	0.00e+00	0.00e+00
 2.03068e+23	6.63e-12	1.55e-04	5.38e-03	2.34e-02	2.60e-01	4.63e-01	2.26e-01	2.26e-02	1.96e-04	7.79e-06	0.00e+00	0.00e+00	0.00e+00	0.00e+00	0.00e+00
 2.04647e+23	9.05e-12	1.84e-04	6.23e-03	2.65e-02	2.75e-01	4.60e-01	2.11e-01	2.01e-02	1.66e-04	6.52e-06	0.00e+00	0.00e+00	0.00e+00	0.00e+00	0.00e+00
 2.06444e+23	1.35e-11	2.29e-04	7.52e-03	3.13e-02	2.97e-01	4.54e-01	1.93e-01	1.71e-02	1.33e-04	5.12e-06	0.00e+00	0.00e+00	0.00e+00	0.00e+00	0.00e+00
 2.08228e+23	1.86e-11	2.71e-04	8.67e-03	3.52e-02	3.12e-01	4.49e-01	1.80e-01	1.51e-02	1.12e-04	4.26e-06	0.00e+00	0.00e+00	0.00e+00	0.00e+00	0.00e+00
 2.09997e+23	2.86e-11	3.35e-04	1.04e-02	4.09e-02	3.33e-01	4.40e-01	1.63e-01	1.28e-02	9.00e-05	3.36e-06	0.00e+00	0.00e+00	0.00e+00	0.00e+00	0.00e+00
 2.11817e+23	4.29e-11	4.01e-04	1.20e-02	4.63e-02	3.50e-01	4.31e-01	1.50e-01	1.11e-02	7.44e-05	2.74e-06	0.00e+00	0.00e+00	0.00e+00	0.00e+00	0.00e+00
 2.13455e+23	6.30e-11	4.77e-04	1.38e-02	5.20e-02	3.66e-01	4.21e-01	1.37e-01	9.62e-03	6.17e-05	2.23e-06	0.00e+00	0.00e+00	0.00e+00	0.00e+00	0.00e+00
 2.15339e+23	1.16e-10	5.96e-04	1.66e-02	6.04e-02	3.87e-01	4.06e-01	1.22e-01	7.96e-03	4.81e-05	1.71e-06	0.00e+00	0.00e+00	0.00e+00	0.00e+00	0.00e+00
 2.17237e+23	2.03e-10	7.11e-04	1.91e-02	6.77e-02	4.02e-01	3.93e-01	1.11e-01	6.81e-03	3.94e-05	1.37e-06	0.00e+00	0.00e+00	0.00e+00	0.00e+00	0.00e+00
 2.19153e+23	4.46e-10	8.88e-04	2.28e-02	7.79e-02	4.21e-01	3.75e-01	9.71e-02	5.56e-03	3.04e-05	1.04e-06	0.00e+00	0.00e+00	0.00e+00	0.00e+00	0.00e+00
 2.20925e+23	7.89e-10	1.03e-03	2.56e-02	8.54e-02	4.33e-01	3.62e-01	8.86e-02	4.83e-03	2.54e-05	8.54e-07	0.00e+00	0.00e+00	0.00e+00	0.00e+00	0.00e+00
 2.22510e+23	1.57e-09	1.23e-03	2.94e-02	9.50e-02	4.46e-01	3.46e-01	7.91e-02	4.07e-03	2.05e-05	6.76e-07	0.00e+00	0.00e+00	0.00e+00	0.00e+00	0.00e+00
 2.24141e+23	2.92e-09	1.43e-03	3.30e-02	1.04e-01	4.56e-01	3.31e-01	7.14e-02	3.49e-03	1.70e-05	5.49e-07	0.00e+00	0.00e+00	0.00e+00	0.00e+00	0.00e+00
 2.25597e+23	4.53e-09	1.65e-03	3.68e-02	1.13e-01	4.64e-01	3.17e-01	6.46e-02	3.01e-03	1.41e-05	4.50e-07	0.00e+00	0.00e+00	0.00e+00	0.00e+00	0.00e+00
 2.27255e+23	7.66e-09	1.98e-03	4.22e-02	1.25e-01	4.74e-01	2.98e-01	5.66e-02	2.49e-03	1.12e-05	3.48e-07	0.00e+00	0.00e+00	0.00e+00	0.00e+00	0.00e+00
 2.28940e+23	1.11e-08	2.30e-03	4.72e-02	1.35e-01	4.80e-01	2.82e-01	5.05e-02	2.11e-03	9.14e-06	2.79e-07	0.00e+00	0.00e+00	0.00e+00	0.00e+00	0.00e+00
 2.30425e+23	1.49e-08	2.65e-03	5.24e-02	1.46e-01	4.85e-01	2.67e-01	4.50e-02	1.79e-03	7.50e-06	2.25e-07	0.00e+00	0.00e+00	0.00e+00	0.00e+00	0.00e+00
 2.32123e+23	2.13e-08	3.17e-03	5.98e-02	1.60e-01	4.89e-01	2.48e-01	3.88e-02	1.45e-03	5.84e-06	1.71e-07	0.00e+00	0.00e+00	0.00e+00	0.00e+00	0.00e+00
 2.33847e+23	2.79e-08	3.67e-03	6.64e-02	1.72e-01	4.91e-01	2.32e-01	3.41e-02	1.21e-03	4.71e-06	1.35e-07	0.00e+00	0.00e+00	0.00e+00	0.00e+00	0.00e+00
 2.35371e+23	3.56e-08	4.23e-03	7.34e-02	1.84e-01	4.91e-01	2.17e-01	2.99e-02	1.01e-03	3.81e-06	0.00e+00	0.00e+00	0.00e+00	0.00e+00	0.00e+00	0.00e+00
 2.37116e+23	4.76e-08	5.04e-03	8.31e-02	1.99e-01	4.89e-01	1.98e-01	2.53e-02	8.07e-04	2.92e-06	0.00e+00	0.00e+00	0.00e+00	0.00e+00	0.00e+00	0.00e+00
 2.38883e+23	5.99e-08	5.83e-03	9.16e-02	2.12e-01	4.85e-01	1.83e-01	2.19e-02	6.64e-04	2.32e-06	0.00e+00	0.00e+00	0.00e+00	0.00e+00	0.00e+00	0.00e+00
 2.40442e+23	7.42e-08	6.70e-03	1.01e-01	2.25e-01	4.80e-01	1.68e-01	1.90e-02	5.46e-04	1.85e-06	0.00e+00	0.00e+00	0.00e+00	0.00e+00	0.00e+00	0.00e+00
 2.42231e+23	9.60e-08	7.95e-03	1.13e-01	2.41e-01	4.71e-01	1.51e-01	1.57e-02	4.26e-04	1.39e-06	0.00e+00	0.00e+00	0.00e+00	0.00e+00	0.00e+00	0.00e+00
 2.44052e+23	1.18e-07	9.16e-03	1.24e-01	2.54e-01	4.62e-01	1.37e-01	1.34e-02	3.44e-04	1.08e-06	0.00e+00	0.00e+00	0.00e+00	0.00e+00	0.00e+00	0.00e+00
 2.45914e+23	1.52e-07	1.09e-02	1.38e-01	2.70e-01	4.49e-01	1.21e-01	1.09e-02	2.62e-04	7.96e-07	0.00e+00	0.00e+00	0.00e+00	0.00e+00	0.00e+00	0.00e+00
 2.47798e+23	1.86e-07	1.25e-02	1.51e-01	2.83e-01	4.36e-01	1.09e-01	9.10e-03	2.08e-04	6.12e-07	0.00e+00	0.00e+00	0.00e+00	0.00e+00	0.00e+00	0.00e+00
 2.49711e+23	2.36e-07	1.48e-02	1.67e-01	2.97e-01	4.18e-01	9.46e-02	7.27e-03	1.56e-04	4.42e-07	0.00e+00	0.00e+00	0.00e+00	0.00e+00	0.00e+00	0.00e+00
 2.51660e+23	2.87e-07	1.71e-02	1.82e-01	3.09e-01	4.03e-01	8.38e-02	5.99e-03	1.22e-04	3.33e-07	0.00e+00	0.00e+00	0.00e+00	0.00e+00	0.00e+00	0.00e+00
 2.53396e+23	3.46e-07	1.95e-02	1.96e-01	3.19e-01	3.86e-01	7.40e-02	4.93e-03	9.54e-05	2.53e-07	0.00e+00	0.00e+00	0.00e+00	0.00e+00	0.00e+00	0.00e+00
 2.55392e+23	4.35e-07	2.29e-02	2.15e-01	3.31e-01	3.64e-01	6.29e-02	3.84e-03	6.96e-05	1.78e-07	0.00e+00	0.00e+00	0.00e+00	0.00e+00	0.00e+00	0.00e+00
 2.57437e+23	5.28e-07	2.63e-02	2.31e-01	3.39e-01	3.45e-01	5.46e-02	3.08e-03	5.30e-05	1.31e-07	0.00e+00	0.00e+00	0.00e+00	0.00e+00	0.00e+00	0.00e+00
 2.59260e+23	6.33e-07	3.00e-02	2.48e-01	3.47e-01	3.26e-01	4.73e-02	2.48e-03	4.05e-05	0.00e+00	0.00e+00	0.00e+00	0.00e+00	0.00e+00	0.00e+00	0.00e+00
 2.60828e+23	7.20e-07	3.28e-02	2.59e-01	3.51e-01	3.12e-01	4.26e-02	2.12e-03	3.33e-05	0.00e+00	0.00e+00	0.00e+00	0.00e+00	0.00e+00	0.00e+00	0.00e+00
 2.62353e+23	8.48e-07	3.68e-02	2.75e-01	3.55e-01	2.94e-01	3.70e-02	1.72e-03	2.58e-05	0.00e+00	0.00e+00	0.00e+00	0.00e+00	0.00e+00	0.00e+00	0.00e+00
 2.63903e+23	9.69e-07	4.05e-02	2.87e-01	3.58e-01	2.80e-01	3.29e-02	1.44e-03	2.08e-05	0.00e+00	0.00e+00	0.00e+00	0.00e+00	0.00e+00	0.00e+00	0.00e+00
 2.65484e+23	1.14e-06	4.54e-02	3.03e-01	3.60e-01	2.62e-01	2.83e-02	1.16e-03	1.59e-05	0.00e+00	0.00e+00	0.00e+00	0.00e+00	0.00e+00	0.00e+00	0.00e+00
 2.67083e+23	1.30e-06	4.97e-02	3.16e-01	3.61e-01	2.48e-01	2.50e-02	9.62e-04	1.28e-05	0.00e+00	0.00e+00	0.00e+00	0.00e+00	0.00e+00	0.00e+00	0.00e+00
 2.68706e+23	1.53e-06	5.57e-02	3.32e-01	3.61e-01	2.30e-01	2.12e-02	7.60e-04	9.61e-06	0.00e+00	0.00e+00	0.00e+00	0.00e+00	0.00e+00	0.00e+00	0.00e+00
 2.70341e+23	1.75e-06	6.08e-02	3.44e-01	3.60e-01	2.16e-01	1.86e-02	6.29e-04	7.66e-06	0.00e+00	0.00e+00	0.00e+00	0.00e+00	0.00e+00	0.00e+00	0.00e+00
 2.71991e+23	2.05e-06	6.79e-02	3.59e-01	3.58e-01	1.99e-01	1.57e-02	4.94e-04	5.74e-06	0.00e+00	0.00e+00	0.00e+00	0.00e+00	0.00e+00	0.00e+00	0.00e+00
 2.73675e+23	2.34e-06	7.43e-02	3.71e-01	3.55e-01	1.86e-01	1.36e-02	4.02e-04	4.50e-06	0.00e+00	0.00e+00	0.00e+00	0.00e+00	0.00e+00	0.00e+00	0.00e+00
 2.75403e+23	2.76e-06	8.31e-02	3.86e-01	3.50e-01	1.69e-01	1.13e-02	3.09e-04	3.29e-06	0.00e+00	0.00e+00	0.00e+00	0.00e+00	0.00e+00	0.00e+00	0.00e+00
 2.77140e+23	3.13e-06	9.03e-02	3.97e-01	3.45e-01	1.58e-01	9.78e-03	2.52e-04	2.59e-06	0.00e+00	0.00e+00	0.00e+00	0.00e+00	0.00e+00	0.00e+00	0.00e+00
 2.78889e+23	3.68e-06	1.01e-01	4.10e-01	3.38e-01	1.43e-01	8.05e-03	1.92e-04	1.88e-06	0.00e+00	0.00e+00	0.00e+00	0.00e+00	0.00e+00	0.00e+00	0.00e+00
 2.80678e+23	4.21e-06	1.10e-01	4.20e-01	3.32e-01	1.31e-01	6.84e-03	1.53e-04	1.44e-06	0.00e+00	0.00e+00	0.00e+00	0.00e+00	0.00e+00	0.00e+00	0.00e+00
 2.82519e+23	4.97e-06	1.23e-01	4.32e-01	3.22e-01	1.17e-01	5.53e-03	1.14e-04	1.02e-06	0.00e+00	0.00e+00	0.00e+00	0.00e+00	0.00e+00	0.00e+00	0.00e+00
 2.84382e+23	5.68e-06	1.34e-01	4.40e-01	3.14e-01	1.07e-01	4.66e-03	9.05e-05	7.80e-07	0.00e+00	0.00e+00	0.00e+00	0.00e+00	0.00e+00	0.00e+00	0.00e+00
 2.86273e+23	6.68e-06	1.48e-01	4.50e-01	3.02e-01	9.52e-02	3.74e-03	6.70e-05	5.50e-07	0.00e+00	0.00e+00	0.00e+00	0.00e+00	0.00e+00	0.00e+00	0.00e+00
 2.88191e+23	7.65e-06	1.62e-01	4.56e-01	2.93e-01	8.62e-02	3.11e-03	5.23e-05	4.13e-07	0.00e+00	0.00e+00	0.00e+00	0.00e+00	0.00e+00	0.00e+00	0.00e+00
 2.90145e+23	9.01e-06	1.79e-01	4.63e-01	2.79e-01	7.56e-02	2.46e-03	3.81e-05	2.86e-07	0.00e+00	0.00e+00	0.00e+00	0.00e+00	0.00e+00	0.00e+00	0.00e+00
 2.92097e+23	1.03e-05	1.95e-01	4.66e-01	2.69e-01	6.81e-02	2.03e-03	2.96e-05	2.14e-07	0.00e+00	0.00e+00	0.00e+00	0.00e+00	0.00e+00	0.00e+00	0.00e+00
 2.94049e+23	1.21e-05	2.15e-01	4.70e-01	2.54e-01	5.92e-02	1.59e-03	2.13e-05	1.47e-07	0.00e+00	0.00e+00	0.00e+00	0.00e+00	0.00e+00	0.00e+00	0.00e+00
 2.96005e+23	1.38e-05	2.33e-01	4.70e-01	2.43e-01	5.29e-02	1.31e-03	1.65e-05	0.00e+00	0.00e+00	0.00e+00	0.00e+00	0.00e+00	0.00e+00	0.00e+00	0.00e+00
 2.97965e+23	1.62e-05	2.57e-01	4.68e-01	2.28e-01	4.55e-02	1.01e-03	1.18e-05	0.00e+00	0.00e+00	0.00e+00	0.00e+00	0.00e+00	0.00e+00	0.00e+00	0.00e+00
 2.99925e+23	1.84e-05	2.78e-01	4.65e-01	2.16e-01	4.03e-02	8.20e-04	8.99e-06	0.00e+00	0.00e+00	0.00e+00	0.00e+00	0.00e+00	0.00e+00	0.00e+00	0.00e+00
 3.01883e+23	2.16e-05	3.05e-01	4.59e-01	2.01e-01	3.43e-02	6.25e-04	6.34e-06	0.00e+00	0.00e+00	0.00e+00	0.00e+00	0.00e+00	0.00e+00	0.00e+00	0.00e+00
 3.03838e+23	2.45e-05	3.30e-01	4.51e-01	1.89e-01	3.00e-02	5.03e-04	4.79e-06	0.00e+00	0.00e+00	0.00e+00	0.00e+00	0.00e+00	0.00e+00	0.00e+00	0.00e+00
 3.05518e+23	2.77e-05	3.54e-01	4.42e-01	1.78e-01	2.62e-02	4.03e-04	3.62e-06	0.00e+00	0.00e+00	0.00e+00	0.00e+00	0.00e+00	0.00e+00	0.00e+00	0.00e+00
 3.07182e+23	3.12e-05	3.80e-01	4.30e-01	1.66e-01	2.27e-02	3.22e-04	2.71e-06	0.00e+00	0.00e+00	0.00e+00	0.00e+00	0.00e+00	0.00e+00	0.00e+00	0.00e+00
 3.08290e+23	3.29e-05	3.93e-01	4.24e-01	1.61e-01	2.14e-02	2.94e-04	2.42e-06	0.00e+00	0.00e+00	0.00e+00	0.00e+00	0.00e+00	0.00e+00	0.00e+00	0.00e+00
