#depth	Cl	Cl+	Cl+2	Cl+3	Cl+4	Cl+5	Cl+6	Cl+7	Cl+8	Cl+9	Cl+10	Cl+11	Cl+12	Cl+13	Cl+14	Cl+15	Cl+16	Cl+17
 1.54284e+22	0.00e+00	3.43e-22	9.39e-19	7.41e-16	1.30e-13	1.35e-11	1.21e-09	8.88e-07	5.41e-05	1.14e-03	8.92e-03	4.09e-02	9.18e-02	1.09e-01	1.45e-01	4.25e-01	1.58e-01	1.94e-02
 3.47657e+22	0.00e+00	1.43e-19	2.05e-16	7.65e-14	6.15e-12	2.81e-10	1.19e-08	1.10e-05	6.26e-04	1.05e-02	5.49e-02	1.58e-01	2.21e-01	1.55e-01	1.21e-01	2.26e-01	4.92e-02	3.55e-03
 4.02740e+22	3.19e-32	1.20e-18	1.36e-15	3.83e-13	2.33e-11	7.95e-10	2.62e-08	2.32e-05	1.26e-03	1.95e-02	8.87e-02	2.14e-01	2.53e-01	1.48e-01	9.56e-02	1.52e-01	2.69e-02	1.59e-03
 4.26730e+22	9.03e-32	3.12e-18	3.20e-15	7.97e-13	4.30e-11	1.29e-09	3.79e-08	3.18e-05	1.69e-03	2.52e-02	1.07e-01	2.38e-01	2.60e-01	1.40e-01	8.36e-02	1.23e-01	1.98e-02	1.06e-03
 4.36875e+22	1.19e-31	4.02e-18	4.01e-15	9.68e-13	5.05e-11	1.47e-09	4.19e-08	3.46e-05	1.82e-03	2.68e-02	1.12e-01	2.44e-01	2.61e-01	1.38e-01	8.04e-02	1.16e-01	1.82e-02	9.51e-04
 4.41816e+22	1.67e-31	5.48e-18	5.29e-15	1.23e-12	6.17e-11	1.72e-09	4.74e-08	3.83e-05	1.99e-03	2.90e-02	1.19e-01	2.51e-01	2.62e-01	1.35e-01	7.66e-02	1.08e-01	1.64e-02	8.29e-04
 4.47130e+22	2.23e-31	7.16e-18	6.72e-15	1.51e-12	7.35e-11	1.98e-09	5.28e-08	4.18e-05	2.15e-03	3.10e-02	1.25e-01	2.58e-01	2.63e-01	1.32e-01	7.33e-02	1.01e-01	1.49e-02	7.35e-04
 4.52929e+22	3.31e-31	1.03e-17	9.31e-15	1.99e-12	9.27e-11	2.38e-09	6.09e-08	4.68e-05	2.38e-03	3.38e-02	1.33e-01	2.65e-01	2.63e-01	1.28e-01	6.89e-02	9.21e-02	1.31e-02	6.23e-04
 4.58696e+22	4.38e-31	1.33e-17	1.17e-14	2.43e-12	1.10e-10	2.73e-09	6.77e-08	5.09e-05	2.56e-03	3.60e-02	1.39e-01	2.71e-01	2.62e-01	1.25e-01	6.59e-02	8.63e-02	1.19e-02	5.53e-04
 4.64423e+22	6.31e-31	1.86e-17	1.58e-14	3.15e-12	1.36e-10	3.25e-09	7.75e-08	5.67e-05	2.81e-03	3.89e-02	1.47e-01	2.78e-01	2.62e-01	1.20e-01	6.20e-02	7.90e-02	1.06e-02	4.72e-04
 4.70122e+22	8.26e-31	2.38e-17	1.97e-14	3.81e-12	1.60e-10	3.71e-09	8.59e-08	6.14e-05	3.01e-03	4.12e-02	1.53e-01	2.82e-01	2.60e-01	1.17e-01	5.92e-02	7.39e-02	9.62e-03	4.19e-04
 4.75783e+22	1.18e-30	3.30e-17	2.64e-14	4.89e-12	1.98e-10	4.39e-09	9.80e-08	6.79e-05	3.28e-03	4.43e-02	1.61e-01	2.88e-01	2.59e-01	1.13e-01	5.56e-02	6.76e-02	8.50e-03	3.57e-04
 4.81518e+22	1.53e-30	4.19e-17	3.27e-14	5.90e-12	2.32e-10	5.00e-09	1.09e-07	7.35e-05	3.51e-03	4.67e-02	1.67e-01	2.92e-01	2.57e-01	1.10e-01	5.30e-02	6.32e-02	7.74e-03	3.17e-04
 4.87348e+22	2.17e-30	5.77e-17	4.37e-14	7.55e-12	2.86e-10	5.92e-09	1.24e-07	8.13e-05	3.82e-03	5.01e-02	1.75e-01	2.97e-01	2.54e-01	1.06e-01	4.97e-02	5.76e-02	6.82e-03	2.70e-04
 4.93289e+22	2.83e-30	7.35e-17	5.43e-14	9.13e-12	3.36e-10	6.76e-09	1.38e-07	8.80e-05	4.08e-03	5.29e-02	1.81e-01	3.01e-01	2.52e-01	1.02e-01	4.72e-02	5.36e-02	6.18e-03	2.38e-04
 4.99374e+22	4.02e-30	1.01e-16	7.25e-14	1.17e-11	4.16e-10	8.03e-09	1.57e-07	9.74e-05	4.44e-03	5.66e-02	1.89e-01	3.05e-01	2.48e-01	9.81e-02	4.41e-02	4.87e-02	5.42e-03	2.02e-04
 5.05570e+22	1.28e-30	1.29e-16	9.04e-14	1.42e-11	4.89e-10	9.18e-09	1.75e-07	1.06e-04	4.74e-03	5.97e-02	1.96e-01	3.08e-01	2.45e-01	9.48e-02	4.17e-02	4.52e-02	4.89e-03	1.77e-04
 5.11912e+22	1.82e-30	1.79e-16	1.21e-13	1.82e-11	6.06e-10	1.09e-08	2.01e-07	1.17e-04	5.16e-03	6.38e-02	2.04e-01	3.11e-01	2.41e-01	9.04e-02	3.88e-02	4.09e-02	4.27e-03	1.49e-04
 5.18374e+22	2.37e-30	2.28e-16	1.51e-13	2.21e-11	7.15e-10	1.25e-08	2.24e-07	1.27e-04	5.51e-03	6.71e-02	2.11e-01	3.13e-01	2.37e-01	8.70e-02	3.67e-02	3.78e-02	3.84e-03	1.31e-04
 5.24994e+22	3.38e-30	3.16e-16	2.02e-13	2.85e-11	8.88e-10	1.49e-08	2.58e-07	1.41e-04	5.99e-03	7.17e-02	2.20e-01	3.16e-01	2.32e-01	8.26e-02	3.39e-02	3.40e-02	3.33e-03	1.09e-04
 5.31465e+22	4.30e-30	3.93e-16	2.46e-13	3.39e-11	1.03e-09	1.69e-08	2.84e-07	1.52e-04	6.36e-03	7.50e-02	2.26e-01	3.17e-01	2.29e-01	7.97e-02	3.22e-02	3.17e-02	3.02e-03	9.69e-05
 5.37741e+22	6.00e-30	5.33e-16	3.24e-13	4.30e-11	1.26e-09	2.00e-08	3.24e-07	1.67e-04	6.87e-03	7.96e-02	2.34e-01	3.19e-01	2.24e-01	7.57e-02	2.98e-02	2.86e-02	2.64e-03	8.16e-05
 5.44120e+22	7.63e-30	6.63e-16	3.95e-13	5.11e-11	1.47e-09	2.26e-08	3.59e-07	1.80e-04	7.29e-03	8.31e-02	2.40e-01	3.20e-01	2.20e-01	7.28e-02	2.82e-02	2.65e-02	2.39e-03	7.20e-05
 5.50631e+22	1.05e-29	8.91e-16	5.16e-13	6.45e-11	1.79e-09	2.67e-08	4.09e-07	1.99e-04	7.86e-03	8.80e-02	2.48e-01	3.20e-01	2.14e-01	6.90e-02	2.61e-02	2.40e-02	2.08e-03	6.07e-05
 5.57348e+22	1.37e-29	1.13e-15	6.41e-13	7.80e-11	2.11e-09	3.06e-08	4.56e-07	2.15e-04	8.37e-03	9.22e-02	2.55e-01	3.20e-01	2.09e-01	6.60e-02	2.45e-02	2.20e-02	1.86e-03	5.27e-05
 5.64332e+22	1.90e-29	1.52e-15	8.39e-13	9.88e-11	2.58e-09	3.62e-08	5.22e-07	2.38e-04	9.05e-03	9.76e-02	2.63e-01	3.20e-01	2.03e-01	6.23e-02	2.26e-02	1.98e-02	1.61e-03	4.42e-05
 5.71548e+22	2.51e-29	1.96e-15	1.05e-12	1.21e-10	3.07e-09	4.18e-08	5.86e-07	2.59e-04	9.66e-03	1.02e-01	2.70e-01	3.20e-01	1.98e-01	5.92e-02	2.11e-02	1.80e-02	1.43e-03	3.80e-05
 5.79066e+22	3.54e-29	2.67e-15	1.40e-12	1.55e-10	3.80e-09	4.99e-08	6.76e-07	2.88e-04	1.05e-02	1.08e-01	2.78e-01	3.18e-01	1.92e-01	5.56e-02	1.93e-02	1.61e-02	1.23e-03	3.15e-05
 5.86797e+22	4.71e-29	3.47e-15	1.77e-12	1.90e-10	4.55e-09	5.79e-08	7.62e-07	3.15e-04	1.12e-02	1.14e-01	2.85e-01	3.17e-01	1.86e-01	5.26e-02	1.79e-02	1.46e-02	1.08e-03	2.68e-05
 5.94801e+22	6.72e-29	4.77e-15	2.36e-12	2.45e-10	5.67e-09	6.95e-08	8.84e-07	3.51e-04	1.22e-02	1.20e-01	2.94e-01	3.15e-01	1.79e-01	4.91e-02	1.63e-02	1.29e-02	9.19e-04	2.20e-05
 6.03079e+22	9.07e-29	6.26e-15	3.03e-12	3.05e-10	6.84e-09	8.13e-08	1.00e-06	3.86e-04	1.30e-02	1.26e-01	3.01e-01	3.13e-01	1.73e-01	4.62e-02	1.51e-02	1.16e-02	8.01e-04	1.86e-05
 6.11710e+22	1.31e-28	8.73e-15	4.10e-12	3.98e-10	8.62e-09	9.87e-08	1.17e-06	4.33e-04	1.42e-02	1.34e-01	3.09e-01	3.09e-01	1.66e-01	4.28e-02	1.36e-02	1.02e-02	6.74e-04	1.50e-05
 6.20547e+22	1.79e-28	1.15e-14	5.28e-12	4.98e-10	1.05e-08	1.16e-07	1.34e-06	4.77e-04	1.53e-02	1.40e-01	3.16e-01	3.06e-01	1.60e-01	4.00e-02	1.25e-02	9.11e-03	5.82e-04	1.25e-05
 6.28444e+22	2.40e-28	1.50e-14	6.71e-12	6.15e-10	1.26e-08	1.35e-07	1.51e-06	5.23e-04	1.63e-02	1.47e-01	3.22e-01	3.03e-01	1.54e-01	3.76e-02	1.15e-02	8.18e-03	5.07e-04	1.06e-05
 6.37501e+22	3.55e-28	2.14e-14	9.25e-12	8.15e-10	1.60e-08	1.66e-07	1.78e-06	5.90e-04	1.78e-02	1.56e-01	3.30e-01	2.98e-01	1.46e-01	3.44e-02	1.02e-02	7.07e-03	4.19e-04	8.37e-06
 6.46637e+22	4.76e-28	2.77e-14	1.18e-11	1.01e-09	1.93e-08	1.93e-07	2.02e-06	6.47e-04	1.91e-02	1.62e-01	3.36e-01	2.94e-01	1.40e-01	3.22e-02	9.37e-03	6.33e-03	3.63e-04	7.03e-06
 6.55873e+22	7.02e-28	3.93e-14	1.61e-11	1.33e-09	2.45e-08	2.37e-07	2.38e-06	7.29e-04	2.08e-02	1.72e-01	3.43e-01	2.88e-01	1.32e-01	2.94e-02	8.34e-03	5.45e-03	3.00e-04	5.55e-06
 6.65290e+22	9.57e-28	5.20e-14	2.08e-11	1.66e-09	2.98e-08	2.78e-07	2.71e-06	8.02e-04	2.23e-02	1.79e-01	3.49e-01	2.83e-01	1.26e-01	2.73e-02	7.58e-03	4.83e-03	2.56e-04	4.59e-06
 6.74943e+22	1.42e-27	7.42e-14	2.88e-11	2.21e-09	3.81e-08	3.42e-07	3.20e-06	9.06e-04	2.43e-02	1.89e-01	3.55e-01	2.76e-01	1.19e-01	2.47e-02	6.70e-03	4.13e-03	2.09e-04	3.58e-06
 6.84761e+22	1.95e-27	9.90e-14	3.74e-11	2.79e-09	4.65e-08	4.04e-07	3.66e-06	9.99e-04	2.60e-02	1.98e-01	3.60e-01	2.70e-01	1.13e-01	2.28e-02	6.05e-03	3.63e-03	1.77e-04	2.92e-06
 6.94794e+22	2.95e-27	1.44e-13	5.25e-11	3.75e-09	6.02e-08	5.02e-07	4.36e-06	1.13e-03	2.84e-02	2.08e-01	3.66e-01	2.62e-01	1.05e-01	2.05e-02	5.29e-03	3.06e-03	1.43e-04	2.24e-06
 7.04283e+22	3.86e-27	1.84e-13	6.56e-11	4.57e-09	7.14e-08	5.79e-07	4.90e-06	1.23e-03	3.01e-02	2.16e-01	3.69e-01	2.56e-01	1.01e-01	1.90e-02	4.83e-03	2.73e-03	1.23e-04	1.88e-06
 7.13062e+22	5.52e-27	2.55e-13	8.83e-11	5.92e-09	8.95e-08	6.99e-07	5.71e-06	1.37e-03	3.25e-02	2.26e-01	3.74e-01	2.49e-01	9.42e-02	1.72e-02	4.28e-03	2.34e-03	1.01e-04	1.47e-06
 7.21908e+22	7.20e-27	3.26e-13	1.10e-10	7.21e-09	1.06e-07	8.07e-07	6.41e-06	1.50e-03	3.44e-02	2.34e-01	3.76e-01	2.43e-01	8.96e-02	1.60e-02	3.90e-03	2.08e-03	8.70e-05	1.23e-06
 7.30840e+22	1.03e-26	4.54e-13	1.49e-10	9.38e-09	1.34e-07	9.78e-07	7.49e-06	1.67e-03	3.72e-02	2.44e-01	3.80e-01	2.34e-01	8.35e-02	1.44e-02	3.43e-03	1.77e-03	7.08e-05	9.56e-07
 7.39863e+22	1.36e-26	5.85e-13	1.88e-10	1.15e-08	1.59e-07	1.13e-06	8.46e-06	1.82e-03	3.94e-02	2.52e-01	3.82e-01	2.28e-01	7.90e-02	1.33e-02	3.10e-03	1.56e-03	6.03e-05	7.87e-07
 7.49003e+22	1.94e-26	8.19e-13	2.55e-10	1.50e-08	2.01e-07	1.38e-06	9.92e-06	2.04e-03	4.25e-02	2.63e-01	3.84e-01	2.19e-01	7.32e-02	1.19e-02	2.71e-03	1.32e-03	4.85e-05	6.05e-07
 7.58273e+22	2.56e-26	1.06e-12	3.23e-10	1.85e-08	2.41e-07	1.61e-06	1.12e-05	2.23e-03	4.51e-02	2.72e-01	3.85e-01	2.12e-01	6.89e-02	1.08e-02	2.44e-03	1.15e-03	4.09e-05	4.92e-07
 7.67712e+22	3.67e-26	1.50e-12	4.41e-10	2.43e-08	3.07e-07	1.97e-06	1.33e-05	2.50e-03	4.87e-02	2.84e-01	3.87e-01	2.02e-01	6.34e-02	9.61e-03	2.11e-03	9.60e-04	3.25e-05	3.72e-07
 7.77283e+22	4.83e-26	1.95e-12	5.61e-10	3.00e-08	3.70e-07	2.31e-06	1.51e-05	2.74e-03	5.17e-02	2.93e-01	3.87e-01	1.95e-01	5.93e-02	8.73e-03	1.89e-03	8.33e-04	2.71e-05	2.99e-07
 7.87025e+22	6.91e-26	2.76e-12	7.68e-10	3.96e-08	4.72e-07	2.84e-06	1.79e-05	3.09e-03	5.60e-02	3.05e-01	3.87e-01	1.85e-01	5.41e-02	7.67e-03	1.62e-03	6.87e-04	2.13e-05	2.23e-07
 7.96986e+22	9.19e-26	3.65e-12	9.89e-10	4.94e-08	5.76e-07	3.36e-06	2.06e-05	3.40e-03	5.96e-02	3.15e-01	3.86e-01	1.77e-01	5.02e-02	6.89e-03	1.43e-03	5.87e-04	1.74e-05	1.75e-07
 8.07232e+22	1.31e-25	5.21e-12	1.37e-09	6.59e-08	7.44e-07	4.18e-06	2.47e-05	3.86e-03	6.47e-02	3.28e-01	3.84e-01	1.67e-01	4.53e-02	5.97e-03	1.21e-03	4.76e-04	1.34e-05	1.27e-07
 8.17623e+22	1.74e-25	6.89e-12	1.76e-09	8.26e-08	9.11e-07	4.98e-06	2.86e-05	4.26e-03	6.90e-02	3.38e-01	3.82e-01	1.58e-01	4.16e-02	5.31e-03	1.06e-03	4.01e-04	1.08e-05	0.00e+00
 8.27871e+22	2.42e-25	9.65e-12	2.40e-09	1.09e-07	1.17e-06	6.17e-06	3.42e-05	4.83e-03	7.46e-02	3.51e-01	3.78e-01	1.48e-01	3.74e-02	4.58e-03	8.94e-04	3.25e-04	8.25e-06	0.00e+00
 8.37659e+22	3.06e-25	1.23e-11	2.99e-09	1.33e-07	1.40e-06	7.20e-06	3.90e-05	5.28e-03	7.89e-02	3.60e-01	3.75e-01	1.41e-01	3.45e-02	4.10e-03	7.89e-04	2.77e-04	6.78e-06	0.00e+00
 8.47181e+22	4.10e-25	1.67e-11	3.98e-09	1.71e-07	1.77e-06	8.83e-06	4.64e-05	5.95e-03	8.50e-02	3.72e-01	3.70e-01	1.32e-01	3.10e-02	3.54e-03	6.67e-04	2.25e-04	5.20e-06	0.00e+00
 8.56883e+22	5.17e-25	2.13e-11	4.97e-09	2.10e-07	2.13e-06	1.04e-05	5.33e-05	6.54e-03	9.01e-02	3.81e-01	3.65e-01	1.24e-01	2.83e-02	3.14e-03	5.83e-04	1.89e-04	4.20e-06	0.00e+00
 8.66339e+22	6.68e-25	2.82e-11	6.45e-09	2.66e-07	2.65e-06	1.26e-05	6.29e-05	7.33e-03	9.66e-02	3.93e-01	3.59e-01	1.16e-01	2.54e-02	2.71e-03	4.95e-04	1.54e-04	3.25e-06	0.00e+00
 8.75997e+22	8.26e-25	3.58e-11	8.06e-09	3.27e-07	3.21e-06	1.49e-05	7.28e-05	8.09e-03	1.03e-01	4.02e-01	3.53e-01	1.08e-01	2.30e-02	2.38e-03	4.27e-04	1.28e-04	2.58e-06	0.00e+00
 8.85411e+22	1.03e-24	4.60e-11	1.02e-08	4.07e-07	3.94e-06	1.79e-05	8.53e-05	9.02e-03	1.09e-01	4.12e-01	3.45e-01	1.01e-01	2.06e-02	2.05e-03	3.63e-04	1.05e-04	2.00e-06	0.00e+00
 8.95010e+22	1.26e-24	5.80e-11	1.27e-08	5.00e-07	4.78e-06	2.13e-05	9.93e-05	9.99e-03	1.16e-01	4.21e-01	3.38e-01	9.38e-02	1.85e-02	1.78e-03	3.11e-04	8.60e-05	1.57e-06	0.00e+00
 9.04545e+22	1.52e-24	7.29e-11	1.58e-08	6.16e-07	5.82e-06	2.54e-05	1.16e-04	1.11e-02	1.24e-01	4.30e-01	3.30e-01	8.68e-02	1.66e-02	1.54e-03	2.64e-04	7.01e-05	1.22e-06	0.00e+00
 9.14120e+22	1.83e-24	9.05e-11	1.95e-08	7.51e-07	7.05e-06	3.01e-05	1.35e-04	1.23e-02	1.31e-01	4.38e-01	3.21e-01	8.03e-02	1.48e-02	1.33e-03	2.24e-04	5.73e-05	9.49e-07	0.00e+00
 9.23593e+22	2.17e-24	1.11e-10	2.38e-08	9.12e-07	8.50e-06	3.57e-05	1.57e-04	1.36e-02	1.39e-01	4.46e-01	3.12e-01	7.42e-02	1.32e-02	1.15e-03	1.91e-04	4.67e-05	7.38e-07	0.00e+00
 9.33050e+22	2.55e-24	1.35e-10	2.90e-08	1.10e-06	1.02e-05	4.21e-05	1.83e-04	1.51e-02	1.48e-01	4.53e-01	3.02e-01	6.84e-02	1.18e-02	9.86e-04	1.62e-04	3.81e-05	5.74e-07	0.00e+00
 9.42531e+22	2.98e-24	1.64e-10	3.50e-08	1.33e-06	1.22e-05	4.97e-05	2.13e-04	1.67e-02	1.56e-01	4.60e-01	2.93e-01	6.29e-02	1.05e-02	8.48e-04	1.37e-04	3.10e-05	4.45e-07	0.00e+00
 9.52056e+22	3.46e-24	1.96e-10	4.22e-08	1.60e-06	1.46e-05	5.85e-05	2.47e-04	1.84e-02	1.65e-01	4.66e-01	2.83e-01	5.77e-02	9.28e-03	7.28e-04	1.16e-04	2.52e-05	3.45e-07	0.00e+00
 9.61648e+22	4.01e-24	2.34e-10	5.05e-08	1.91e-06	1.75e-05	6.88e-05	2.87e-04	2.03e-02	1.74e-01	4.71e-01	2.72e-01	5.29e-02	8.22e-03	6.23e-04	9.79e-05	2.04e-05	2.66e-07	0.00e+00
 9.71335e+22	4.64e-24	2.77e-10	6.03e-08	2.28e-06	2.09e-05	8.09e-05	3.33e-04	2.25e-02	1.84e-01	4.75e-01	2.62e-01	4.83e-02	7.27e-03	5.33e-04	8.25e-05	1.65e-05	2.05e-07	0.00e+00
 9.81144e+22	5.36e-24	3.26e-10	7.19e-08	2.72e-06	2.48e-05	9.50e-05	3.87e-04	2.48e-02	1.94e-01	4.78e-01	2.51e-01	4.41e-02	6.41e-03	4.54e-04	6.93e-05	1.33e-05	1.58e-07	0.00e+00
 9.91003e+22	6.18e-24	3.81e-10	8.52e-08	3.23e-06	2.95e-05	1.11e-04	4.48e-04	2.73e-02	2.04e-01	4.81e-01	2.41e-01	4.01e-02	5.66e-03	3.88e-04	5.83e-05	1.08e-05	1.21e-07	0.00e+00
 1.00103e+23	7.16e-24	4.45e-10	1.01e-07	3.84e-06	3.50e-05	1.31e-04	5.21e-04	3.01e-02	2.15e-01	4.83e-01	2.30e-01	3.64e-02	4.96e-03	3.29e-04	4.87e-05	8.63e-06	0.00e+00	0.00e+00
 1.01118e+23	8.34e-24	5.16e-10	1.19e-07	4.54e-06	4.15e-05	1.53e-04	6.03e-04	3.32e-02	2.25e-01	4.84e-01	2.19e-01	3.30e-02	4.36e-03	2.80e-04	4.07e-05	6.94e-06	0.00e+00	0.00e+00
 1.02153e+23	4.11e-23	5.98e-10	1.41e-07	5.40e-06	4.93e-05	1.79e-04	7.03e-04	3.66e-02	2.37e-01	4.84e-01	2.08e-01	2.97e-02	3.80e-03	2.35e-04	3.38e-05	5.52e-06	0.00e+00	0.00e+00
 1.03115e+23	4.74e-23	6.75e-10	1.62e-07	6.21e-06	5.67e-05	2.04e-04	7.93e-04	3.96e-02	2.46e-01	4.83e-01	1.99e-01	2.73e-02	3.41e-03	2.05e-04	2.91e-05	4.60e-06	0.00e+00	0.00e+00
 1.04107e+23	5.64e-23	7.81e-10	1.93e-07	7.40e-06	6.76e-05	2.40e-04	9.27e-04	4.38e-02	2.58e-01	4.81e-01	1.88e-01	2.44e-02	2.95e-03	1.72e-04	2.39e-05	3.61e-06	0.00e+00	0.00e+00
 1.05117e+23	6.58e-23	8.80e-10	2.22e-07	8.51e-06	7.77e-05	2.73e-04	1.05e-03	4.73e-02	2.68e-01	4.79e-01	1.79e-01	2.24e-02	2.63e-03	1.49e-04	2.04e-05	2.99e-06	0.00e+00	0.00e+00
 1.06154e+23	7.96e-23	1.01e-09	2.64e-07	1.02e-05	9.29e-05	3.21e-04	1.23e-03	5.24e-02	2.80e-01	4.75e-01	1.68e-01	1.98e-02	2.26e-03	1.23e-04	1.66e-05	2.33e-06	0.00e+00	0.00e+00
 1.07193e+23	9.41e-23	1.14e-09	3.03e-07	1.17e-05	1.06e-04	3.64e-04	1.38e-03	5.64e-02	2.90e-01	4.72e-01	1.60e-01	1.81e-02	2.02e-03	1.07e-04	1.43e-05	1.93e-06	0.00e+00	0.00e+00
 1.08235e+23	1.16e-22	1.32e-09	3.60e-07	1.39e-05	1.26e-04	4.26e-04	1.61e-03	6.21e-02	3.02e-01	4.66e-01	1.50e-01	1.61e-02	1.73e-03	8.88e-05	1.16e-05	1.51e-06	0.00e+00	0.00e+00
 1.09285e+23	1.38e-22	1.48e-09	4.14e-07	1.59e-05	1.44e-04	4.81e-04	1.81e-03	6.67e-02	3.12e-01	4.61e-01	1.42e-01	1.47e-02	1.54e-03	7.69e-05	9.93e-06	1.25e-06	0.00e+00	0.00e+00
 1.10345e+23	1.72e-22	1.71e-09	4.93e-07	1.89e-05	1.71e-04	5.62e-04	2.10e-03	7.32e-02	3.24e-01	4.54e-01	1.32e-01	1.30e-02	1.32e-03	6.37e-05	8.08e-06	9.71e-07	0.00e+00	0.00e+00
 1.11414e+23	2.07e-22	1.92e-09	5.67e-07	2.17e-05	1.96e-04	6.34e-04	2.35e-03	7.85e-02	3.33e-01	4.47e-01	1.25e-01	1.18e-02	1.17e-03	5.51e-05	6.89e-06	8.01e-07	0.00e+00	0.00e+00
 1.12496e+23	2.62e-22	2.22e-09	6.78e-07	2.58e-05	2.31e-04	7.38e-04	2.72e-03	8.59e-02	3.45e-01	4.38e-01	1.16e-01	1.04e-02	1.01e-03	4.55e-05	5.59e-06	6.23e-07	0.00e+00	0.00e+00
 1.13592e+23	3.19e-22	2.50e-09	7.83e-07	2.96e-05	2.64e-04	8.31e-04	3.04e-03	9.20e-02	3.54e-01	4.31e-01	1.09e-01	9.38e-03	8.89e-04	3.92e-05	4.75e-06	5.12e-07	0.00e+00	0.00e+00
 1.14706e+23	4.12e-22	2.91e-09	9.40e-07	3.53e-05	3.13e-04	9.67e-04	3.52e-03	1.00e-01	3.65e-01	4.20e-01	1.00e-01	8.22e-03	7.58e-04	3.22e-05	3.84e-06	3.95e-07	0.00e+00	0.00e+00
 1.15839e+23	5.11e-22	3.31e-09	1.09e-06	4.08e-05	3.58e-04	1.09e-03	3.93e-03	1.07e-01	3.74e-01	4.11e-01	9.40e-02	7.40e-03	6.67e-04	2.76e-05	3.24e-06	3.23e-07	0.00e+00	0.00e+00
 1.16998e+23	6.75e-22	3.88e-09	1.32e-06	4.89e-05	4.24e-04	1.27e-03	4.55e-03	1.17e-01	3.84e-01	3.99e-01	8.61e-02	6.44e-03	5.65e-04	2.26e-05	2.60e-06	2.48e-07	0.00e+00	0.00e+00
 1.18183e+23	8.56e-22	4.45e-09	1.55e-06	5.67e-05	4.87e-04	1.43e-03	5.09e-03	1.25e-01	3.92e-01	3.89e-01	8.02e-02	5.77e-03	4.95e-04	1.92e-05	2.18e-06	2.00e-07	0.00e+00	0.00e+00
 1.19401e+23	1.16e-21	5.29e-09	1.90e-06	6.85e-05	5.80e-04	1.67e-03	5.88e-03	1.36e-01	4.02e-01	3.76e-01	7.28e-02	4.98e-03	4.15e-04	1.55e-05	1.73e-06	1.52e-07	0.00e+00	0.00e+00
 1.20646e+23	1.51e-21	6.16e-09	2.25e-06	8.00e-05	6.68e-04	1.89e-03	6.58e-03	1.45e-01	4.09e-01	3.65e-01	6.74e-02	4.43e-03	3.61e-04	1.31e-05	1.44e-06	1.22e-07	0.00e+00	0.00e+00
 1.21694e+23	1.90e-21	7.02e-09	2.61e-06	9.16e-05	7.55e-04	2.10e-03	7.25e-03	1.53e-01	4.15e-01	3.55e-01	6.29e-02	3.99e-03	3.19e-04	1.13e-05	1.22e-06	0.00e+00	0.00e+00	0.00e+00
 1.22822e+23	2.57e-21	8.32e-09	3.16e-06	1.09e-04	8.83e-04	2.40e-03	8.22e-03	1.65e-01	4.21e-01	3.41e-01	5.73e-02	3.48e-03	2.71e-04	9.28e-06	9.86e-07	0.00e+00	0.00e+00	0.00e+00
 1.23924e+23	3.24e-21	9.48e-09	3.64e-06	1.24e-04	9.90e-04	2.65e-03	8.97e-03	1.73e-01	4.26e-01	3.32e-01	5.35e-02	3.15e-03	2.41e-04	8.05e-06	8.45e-07	0.00e+00	0.00e+00	0.00e+00
 1.24993e+23	4.33e-21	1.11e-08	4.36e-06	1.46e-04	1.15e-03	3.00e-03	1.01e-02	1.84e-01	4.31e-01	3.19e-01	4.88e-02	2.76e-03	2.06e-04	6.68e-06	6.89e-07	0.00e+00	0.00e+00	0.00e+00
 1.26071e+23	5.56e-21	1.28e-08	5.05e-06	1.67e-04	1.28e-03	3.30e-03	1.10e-02	1.93e-01	4.34e-01	3.09e-01	4.56e-02	2.49e-03	1.83e-04	5.79e-06	5.91e-07	0.00e+00	0.00e+00	0.00e+00
 1.27163e+23	7.60e-21	1.52e-08	6.09e-06	1.97e-04	1.49e-03	3.73e-03	1.23e-02	2.05e-01	4.38e-01	2.96e-01	4.14e-02	2.18e-03	1.56e-04	4.79e-06	4.80e-07	0.00e+00	0.00e+00	0.00e+00
 1.28270e+23	9.92e-21	1.77e-08	7.09e-06	2.25e-04	1.67e-03	4.11e-03	1.33e-02	2.14e-01	4.40e-01	2.86e-01	3.84e-02	1.96e-03	1.38e-04	4.13e-06	4.09e-07	0.00e+00	0.00e+00	0.00e+00
 1.29397e+23	1.39e-20	2.12e-08	8.60e-06	2.68e-04	1.94e-03	4.65e-03	1.49e-02	2.27e-01	4.42e-01	2.73e-01	3.48e-02	1.70e-03	1.17e-04	3.40e-06	3.31e-07	0.00e+00	0.00e+00	0.00e+00
 1.30541e+23	1.85e-20	2.49e-08	1.01e-05	3.08e-04	2.18e-03	5.12e-03	1.62e-02	2.37e-01	4.43e-01	2.62e-01	3.21e-02	1.53e-03	1.03e-04	2.92e-06	2.80e-07	0.00e+00	0.00e+00	0.00e+00
 1.31705e+23	2.66e-20	3.03e-08	1.23e-05	3.67e-04	2.53e-03	5.80e-03	1.80e-02	2.51e-01	4.43e-01	2.49e-01	2.89e-02	1.32e-03	8.71e-05	2.38e-06	2.25e-07	0.00e+00	0.00e+00	0.00e+00
 1.32890e+23	3.65e-20	3.59e-08	1.45e-05	4.24e-04	2.85e-03	6.39e-03	1.96e-02	2.61e-01	4.43e-01	2.39e-01	2.66e-02	1.18e-03	7.63e-05	2.03e-06	1.90e-07	0.00e+00	0.00e+00	0.00e+00
 1.34099e+23	5.42e-20	4.42e-08	1.79e-05	5.09e-04	3.32e-03	7.24e-03	2.18e-02	2.76e-01	4.42e-01	2.25e-01	2.37e-02	1.01e-03	6.38e-05	1.64e-06	1.51e-07	0.00e+00	0.00e+00	0.00e+00
 1.35334e+23	7.70e-20	5.30e-08	2.13e-05	5.91e-04	3.75e-03	7.99e-03	2.36e-02	2.86e-01	4.40e-01	2.15e-01	2.17e-02	8.95e-04	5.56e-05	1.40e-06	1.26e-07	0.00e+00	0.00e+00	0.00e+00
 1.36600e+23	1.19e-19	6.63e-08	2.64e-05	7.15e-04	4.39e-03	9.07e-03	2.63e-02	3.01e-01	4.36e-01	2.02e-01	1.92e-02	7.61e-04	4.60e-05	1.12e-06	0.00e+00	0.00e+00	0.00e+00	0.00e+00
 1.37899e+23	1.76e-19	8.04e-08	3.17e-05	8.36e-04	4.99e-03	1.00e-02	2.85e-02	3.13e-01	4.33e-01	1.91e-01	1.74e-02	6.69e-04	3.97e-05	9.36e-07	0.00e+00	0.00e+00	0.00e+00	0.00e+00
 1.39241e+23	2.91e-19	1.03e-07	4.00e-05	1.02e-03	5.86e-03	1.14e-02	3.17e-02	3.28e-01	4.28e-01	1.78e-01	1.53e-02	5.63e-04	3.25e-05	7.41e-07	0.00e+00	0.00e+00	0.00e+00	0.00e+00
 1.40603e+23	4.51e-19	1.26e-07	4.82e-05	1.20e-03	6.67e-03	1.26e-02	3.44e-02	3.40e-01	4.23e-01	1.68e-01	1.38e-02	4.93e-04	2.78e-05	6.17e-07	0.00e+00	0.00e+00	0.00e+00	0.00e+00
 1.41990e+23	7.96e-19	1.63e-07	6.12e-05	1.47e-03	7.85e-03	1.43e-02	3.81e-02	3.55e-01	4.15e-01	1.55e-01	1.20e-02	4.12e-04	2.26e-05	4.84e-07	0.00e+00	0.00e+00	0.00e+00	0.00e+00
 1.43393e+23	1.35e-18	2.02e-07	7.41e-05	1.73e-03	8.92e-03	1.58e-02	4.11e-02	3.67e-01	4.09e-01	1.46e-01	1.08e-02	3.59e-04	1.93e-05	4.01e-07	0.00e+00	0.00e+00	0.00e+00	0.00e+00
 1.44817e+23	2.54e-18	2.64e-07	9.45e-05	2.13e-03	1.05e-02	1.80e-02	4.54e-02	3.81e-01	3.99e-01	1.34e-01	9.28e-03	2.98e-04	1.56e-05	3.12e-07	0.00e+00	0.00e+00	0.00e+00	0.00e+00
 1.46262e+23	4.83e-18	3.29e-07	1.15e-04	2.51e-03	1.19e-02	1.98e-02	4.89e-02	3.92e-01	3.91e-01	1.25e-01	8.28e-03	2.58e-04	1.32e-05	2.57e-07	0.00e+00	0.00e+00	0.00e+00	0.00e+00
 1.47529e+23	7.98e-18	4.07e-07	1.39e-04	2.94e-03	1.35e-02	2.17e-02	5.25e-02	4.02e-01	3.82e-01	1.17e-01	7.38e-03	2.24e-04	1.12e-05	2.11e-07	0.00e+00	0.00e+00	0.00e+00	0.00e+00
 1.48973e+23	9.38e-18	5.36e-07	1.77e-04	3.61e-03	1.58e-02	2.45e-02	5.75e-02	4.15e-01	3.70e-01	1.07e-01	6.32e-03	1.84e-04	8.94e-06	1.63e-07	0.00e+00	0.00e+00	0.00e+00	0.00e+00
 1.50429e+23	7.59e-19	6.68e-07	2.14e-04	4.24e-03	1.79e-02	2.69e-02	6.15e-02	4.24e-01	3.60e-01	9.90e-02	5.61e-03	1.59e-04	7.54e-06	1.34e-07	0.00e+00	0.00e+00	0.00e+00	0.00e+00
 1.51627e+23	8.17e-19	8.08e-07	2.53e-04	4.87e-03	1.99e-02	2.91e-02	6.51e-02	4.32e-01	3.51e-01	9.27e-02	5.04e-03	1.40e-04	6.48e-06	0.00e+00	0.00e+00	0.00e+00	0.00e+00	0.00e+00
 1.52910e+23	1.22e-18	1.03e-06	3.11e-04	5.78e-03	2.27e-02	3.20e-02	6.97e-02	4.40e-01	3.40e-01	8.51e-02	4.40e-03	1.18e-04	5.35e-06	0.00e+00	0.00e+00	0.00e+00	0.00e+00	0.00e+00
 1.54223e+23	1.82e-18	1.26e-06	3.70e-04	6.69e-03	2.53e-02	3.47e-02	7.39e-02	4.47e-01	3.29e-01	7.90e-02	3.91e-03	1.03e-04	4.54e-06	0.00e+00	0.00e+00	0.00e+00	0.00e+00	0.00e+00
 1.55390e+23	2.65e-18	1.53e-06	4.37e-04	7.68e-03	2.80e-02	3.74e-02	7.79e-02	4.52e-01	3.19e-01	7.34e-02	3.49e-03	8.94e-05	3.87e-06	0.00e+00	0.00e+00	0.00e+00	0.00e+00	0.00e+00
 1.56726e+23	4.29e-18	1.97e-06	5.39e-04	9.13e-03	3.19e-02	4.11e-02	8.30e-02	4.58e-01	3.06e-01	6.68e-02	3.02e-03	7.51e-05	3.16e-06	0.00e+00	0.00e+00	0.00e+00	0.00e+00	0.00e+00
 1.58113e+23	1.31e-17	2.45e-06	6.48e-04	1.06e-02	3.57e-02	4.45e-02	8.78e-02	4.63e-01	2.94e-01	6.12e-02	2.64e-03	6.40e-05	2.63e-06	0.00e+00	0.00e+00	0.00e+00	0.00e+00	0.00e+00
 1.59352e+23	1.43e-17	3.00e-06	7.68e-04	1.22e-02	3.95e-02	4.79e-02	9.21e-02	4.66e-01	2.83e-01	5.64e-02	2.33e-03	5.53e-05	2.22e-06	0.00e+00	0.00e+00	0.00e+00	0.00e+00	0.00e+00
 1.60745e+23	2.88e-16	3.86e-06	9.49e-04	1.45e-02	4.48e-02	5.23e-02	9.75e-02	4.68e-01	2.69e-01	5.08e-02	1.99e-03	4.59e-05	1.79e-06	0.00e+00	0.00e+00	0.00e+00	0.00e+00	0.00e+00
 1.62203e+23	1.07e-16	4.85e-06	1.15e-03	1.69e-02	5.01e-02	5.65e-02	1.03e-01	4.69e-01	2.56e-01	4.59e-02	1.72e-03	3.86e-05	1.47e-06	0.00e+00	0.00e+00	0.00e+00	0.00e+00	0.00e+00
 1.63518e+23	1.23e-16	5.98e-06	1.36e-03	1.95e-02	5.53e-02	6.05e-02	1.07e-01	4.69e-01	2.44e-01	4.18e-02	1.50e-03	3.29e-05	1.22e-06	0.00e+00	0.00e+00	0.00e+00	0.00e+00	0.00e+00
 1.65002e+23	1.97e-16	7.78e-06	1.69e-03	2.32e-02	6.26e-02	6.58e-02	1.13e-01	4.67e-01	2.29e-01	3.71e-02	1.26e-03	2.69e-05	9.64e-07	0.00e+00	0.00e+00	0.00e+00	0.00e+00	0.00e+00
 1.66536e+23	4.36e-16	9.80e-06	2.04e-03	2.69e-02	6.96e-02	7.07e-02	1.18e-01	4.64e-01	2.15e-01	3.31e-02	1.07e-03	2.23e-05	7.77e-07	0.00e+00	0.00e+00	0.00e+00	0.00e+00	0.00e+00
 1.67902e+23	7.19e-16	1.21e-05	2.43e-03	3.09e-02	7.66e-02	7.53e-02	1.22e-01	4.59e-01	2.03e-01	2.98e-02	9.22e-04	1.88e-05	6.37e-07	0.00e+00	0.00e+00	0.00e+00	0.00e+00	0.00e+00
 1.69448e+23	1.47e-15	1.58e-05	3.00e-03	3.66e-02	8.59e-02	8.11e-02	1.27e-01	4.52e-01	1.88e-01	2.60e-02	7.62e-04	1.51e-05	4.95e-07	0.00e+00	0.00e+00	0.00e+00	0.00e+00	0.00e+00
 1.71054e+23	3.27e-15	2.00e-05	3.62e-03	4.24e-02	9.50e-02	8.64e-02	1.31e-01	4.44e-01	1.74e-01	2.29e-02	6.38e-04	1.23e-05	3.93e-07	0.00e+00	0.00e+00	0.00e+00	0.00e+00	0.00e+00
 1.72500e+23	5.37e-15	2.48e-05	4.30e-03	4.85e-02	1.04e-01	9.13e-02	1.35e-01	4.35e-01	1.62e-01	2.03e-02	5.40e-04	1.02e-05	3.15e-07	0.00e+00	0.00e+00	0.00e+00	0.00e+00	0.00e+00
 1.74138e+23	1.04e-14	3.25e-05	5.34e-03	5.72e-02	1.16e-01	9.75e-02	1.39e-01	4.21e-01	1.47e-01	1.72e-02	4.33e-04	7.94e-06	2.37e-07	0.00e+00	0.00e+00	0.00e+00	0.00e+00	0.00e+00
 1.75829e+23	1.93e-14	4.09e-05	6.39e-03	6.57e-02	1.26e-01	1.03e-01	1.41e-01	4.08e-01	1.34e-01	1.49e-02	3.58e-04	6.39e-06	1.85e-07	0.00e+00	0.00e+00	0.00e+00	0.00e+00	0.00e+00
 1.77353e+23	3.17e-14	5.09e-05	7.57e-03	7.47e-02	1.37e-01	1.07e-01	1.44e-01	3.94e-01	1.23e-01	1.30e-02	2.96e-04	5.17e-06	1.45e-07	0.00e+00	0.00e+00	0.00e+00	0.00e+00	0.00e+00
 1.79100e+23	6.41e-14	6.70e-05	9.36e-03	8.76e-02	1.51e-01	1.13e-01	1.45e-01	3.74e-01	1.08e-01	1.07e-02	2.31e-04	3.91e-06	0.00e+00	0.00e+00	0.00e+00	0.00e+00	0.00e+00	0.00e+00
 1.80870e+23	1.28e-13	8.36e-05	1.11e-02	9.93e-02	1.63e-01	1.17e-01	1.46e-01	3.57e-01	9.72e-02	9.10e-03	1.86e-04	3.08e-06	0.00e+00	0.00e+00	0.00e+00	0.00e+00	0.00e+00	0.00e+00
 1.82434e+23	2.20e-13	1.03e-04	1.30e-02	1.12e-01	1.74e-01	1.21e-01	1.46e-01	3.39e-01	8.73e-02	7.75e-03	1.52e-04	2.45e-06	0.00e+00	0.00e+00	0.00e+00	0.00e+00	0.00e+00	0.00e+00
 1.84232e+23	6.37e-13	1.35e-04	1.59e-02	1.29e-01	1.89e-01	1.25e-01	1.45e-01	3.15e-01	7.53e-02	6.24e-03	1.15e-04	1.80e-06	0.00e+00	0.00e+00	0.00e+00	0.00e+00	0.00e+00	0.00e+00
 1.86052e+23	1.94e-12	1.66e-04	1.86e-02	1.44e-01	2.00e-01	1.28e-01	1.44e-01	2.95e-01	6.63e-02	5.21e-03	9.13e-05	1.40e-06	0.00e+00	0.00e+00	0.00e+00	0.00e+00	0.00e+00	0.00e+00
 1.87901e+23	6.40e-12	2.14e-04	2.24e-02	1.63e-01	2.13e-01	1.30e-01	1.41e-01	2.70e-01	5.63e-02	4.13e-03	6.83e-05	1.02e-06	0.00e+00	0.00e+00	0.00e+00	0.00e+00	0.00e+00	0.00e+00
 1.89788e+23	3.64e-11	2.64e-04	2.60e-02	1.81e-01	2.23e-01	1.31e-01	1.37e-01	2.49e-01	4.87e-02	3.38e-03	5.31e-05	7.71e-07	0.00e+00	0.00e+00	0.00e+00	0.00e+00	0.00e+00	0.00e+00
 1.91468e+23	3.68e-10	3.22e-04	3.00e-02	1.99e-01	2.33e-01	1.31e-01	1.33e-01	2.29e-01	4.20e-02	2.75e-03	4.13e-05	5.85e-07	0.00e+00	0.00e+00	0.00e+00	0.00e+00	0.00e+00	0.00e+00
 1.93395e+23	1.32e-09	4.13e-04	3.57e-02	2.22e-01	2.43e-01	1.31e-01	1.28e-01	2.04e-01	3.46e-02	2.11e-03	2.99e-05	4.10e-07	0.00e+00	0.00e+00	0.00e+00	0.00e+00	0.00e+00	0.00e+00
 1.95355e+23	2.31e-09	5.02e-04	4.09e-02	2.42e-01	2.50e-01	1.30e-01	1.22e-01	1.84e-01	2.93e-02	1.69e-03	2.27e-05	3.04e-07	0.00e+00	0.00e+00	0.00e+00	0.00e+00	0.00e+00	0.00e+00
 1.97355e+23	4.06e-09	6.40e-04	4.83e-02	2.67e-01	2.57e-01	1.27e-01	1.15e-01	1.61e-01	2.35e-02	1.26e-03	1.60e-05	2.07e-07	0.00e+00	0.00e+00	0.00e+00	0.00e+00	0.00e+00	0.00e+00
 1.99308e+23	5.94e-09	7.60e-04	5.43e-02	2.86e-01	2.61e-01	1.24e-01	1.09e-01	1.44e-01	1.99e-02	1.01e-03	1.23e-05	1.55e-07	0.00e+00	0.00e+00	0.00e+00	0.00e+00	0.00e+00	0.00e+00
 2.01201e+23	9.45e-09	9.45e-04	6.26e-02	3.09e-01	2.64e-01	1.20e-01	1.01e-01	1.25e-01	1.59e-02	7.54e-04	8.66e-06	0.00e+00	0.00e+00	0.00e+00	0.00e+00	0.00e+00	0.00e+00	0.00e+00
 2.03068e+23	1.31e-08	1.11e-03	6.94e-02	3.26e-01	2.65e-01	1.17e-01	9.57e-02	1.12e-01	1.34e-02	6.05e-04	6.67e-06	0.00e+00	0.00e+00	0.00e+00	0.00e+00	0.00e+00	0.00e+00	0.00e+00
 2.04647e+23	1.78e-08	1.28e-03	7.64e-02	3.42e-01	2.65e-01	1.13e-01	9.01e-02	1.00e-01	1.14e-02	4.87e-04	5.17e-06	0.00e+00	0.00e+00	0.00e+00	0.00e+00	0.00e+00	0.00e+00	0.00e+00
 2.06444e+23	2.62e-08	1.55e-03	8.62e-02	3.63e-01	2.63e-01	1.08e-01	8.29e-02	8.62e-02	9.04e-03	3.64e-04	3.66e-06	0.00e+00	0.00e+00	0.00e+00	0.00e+00	0.00e+00	0.00e+00	0.00e+00
 2.08228e+23	3.46e-08	1.79e-03	9.41e-02	3.77e-01	2.61e-01	1.04e-01	7.75e-02	7.66e-02	7.59e-03	2.91e-04	2.82e-06	0.00e+00	0.00e+00	0.00e+00	0.00e+00	0.00e+00	0.00e+00	0.00e+00
 2.09997e+23	4.88e-08	2.13e-03	1.05e-01	3.95e-01	2.57e-01	9.84e-02	7.09e-02	6.57e-02	6.05e-03	2.19e-04	2.02e-06	0.00e+00	0.00e+00	0.00e+00	0.00e+00	0.00e+00	0.00e+00	0.00e+00
 2.11817e+23	6.49e-08	2.46e-03	1.14e-01	4.09e-01	2.52e-01	9.37e-02	6.55e-02	5.75e-02	4.98e-03	1.71e-04	1.52e-06	0.00e+00	0.00e+00	0.00e+00	0.00e+00	0.00e+00	0.00e+00	0.00e+00
 2.13455e+23	8.40e-08	2.83e-03	1.24e-01	4.22e-01	2.47e-01	8.91e-02	6.05e-02	5.03e-02	4.10e-03	1.34e-04	1.15e-06	0.00e+00	0.00e+00	0.00e+00	0.00e+00	0.00e+00	0.00e+00	0.00e+00
 2.15339e+23	1.17e-07	3.37e-03	1.37e-01	4.36e-01	2.40e-01	8.30e-02	5.44e-02	4.22e-02	3.18e-03	9.76e-05	7.95e-07	0.00e+00	0.00e+00	0.00e+00	0.00e+00	0.00e+00	0.00e+00	0.00e+00
 2.17237e+23	1.51e-07	3.86e-03	1.48e-01	4.47e-01	2.33e-01	7.83e-02	4.98e-02	3.65e-02	2.59e-03	7.56e-05	5.92e-07	0.00e+00	0.00e+00	0.00e+00	0.00e+00	0.00e+00	0.00e+00	0.00e+00
 2.19153e+23	2.07e-07	4.57e-03	1.63e-01	4.59e-01	2.24e-01	7.24e-02	4.44e-02	3.04e-02	1.98e-03	5.45e-05	4.07e-07	0.00e+00	0.00e+00	0.00e+00	0.00e+00	0.00e+00	0.00e+00	0.00e+00
 2.20925e+23	2.54e-07	5.10e-03	1.74e-01	4.65e-01	2.18e-01	6.86e-02	4.10e-02	2.67e-02	1.66e-03	4.36e-05	3.16e-07	0.00e+00	0.00e+00	0.00e+00	0.00e+00	0.00e+00	0.00e+00	0.00e+00
 2.22510e+23	3.22e-07	5.81e-03	1.86e-01	4.72e-01	2.10e-01	6.41e-02	3.72e-02	2.29e-02	1.33e-03	3.35e-05	2.33e-07	0.00e+00	0.00e+00	0.00e+00	0.00e+00	0.00e+00	0.00e+00	0.00e+00
 2.24141e+23	3.93e-07	6.49e-03	1.98e-01	4.77e-01	2.03e-01	6.03e-02	3.41e-02	2.00e-02	1.10e-03	2.65e-05	1.79e-07	0.00e+00	0.00e+00	0.00e+00	0.00e+00	0.00e+00	0.00e+00	0.00e+00
 2.25597e+23	4.74e-07	7.19e-03	2.09e-01	4.81e-01	1.96e-01	5.69e-02	3.14e-02	1.76e-02	9.17e-04	2.12e-05	1.39e-07	0.00e+00	0.00e+00	0.00e+00	0.00e+00	0.00e+00	0.00e+00	0.00e+00
 2.27255e+23	5.95e-07	8.18e-03	2.23e-01	4.85e-01	1.87e-01	5.27e-02	2.82e-02	1.49e-02	7.27e-04	1.60e-05	0.00e+00	0.00e+00	0.00e+00	0.00e+00	0.00e+00	0.00e+00	0.00e+00	0.00e+00
 2.28940e+23	7.18e-07	9.10e-03	2.36e-01	4.87e-01	1.80e-01	4.93e-02	2.57e-02	1.29e-02	5.96e-04	1.26e-05	0.00e+00	0.00e+00	0.00e+00	0.00e+00	0.00e+00	0.00e+00	0.00e+00	0.00e+00
 2.30425e+23	8.58e-07	1.01e-02	2.48e-01	4.88e-01	1.72e-01	4.62e-02	2.35e-02	1.13e-02	4.91e-04	9.98e-06	0.00e+00	0.00e+00	0.00e+00	0.00e+00	0.00e+00	0.00e+00	0.00e+00	0.00e+00
 2.32123e+23	1.06e-06	1.14e-02	2.64e-01	4.88e-01	1.63e-01	4.25e-02	2.09e-02	9.45e-03	3.85e-04	7.46e-06	0.00e+00	0.00e+00	0.00e+00	0.00e+00	0.00e+00	0.00e+00	0.00e+00	0.00e+00
 2.33847e+23	1.27e-06	1.26e-02	2.77e-01	4.88e-01	1.56e-01	3.95e-02	1.89e-02	8.15e-03	3.14e-04	5.83e-06	0.00e+00	0.00e+00	0.00e+00	0.00e+00	0.00e+00	0.00e+00	0.00e+00	0.00e+00
 2.35371e+23	1.51e-06	1.39e-02	2.91e-01	4.86e-01	1.48e-01	3.68e-02	1.72e-02	7.04e-03	2.56e-04	4.58e-06	0.00e+00	0.00e+00	0.00e+00	0.00e+00	0.00e+00	0.00e+00	0.00e+00	0.00e+00
 2.37116e+23	1.85e-06	1.57e-02	3.08e-01	4.82e-01	1.39e-01	3.36e-02	1.52e-02	5.86e-03	1.99e-04	3.39e-06	0.00e+00	0.00e+00	0.00e+00	0.00e+00	0.00e+00	0.00e+00	0.00e+00	0.00e+00
 2.38883e+23	2.19e-06	1.74e-02	3.22e-01	4.78e-01	1.32e-01	3.11e-02	1.37e-02	5.02e-03	1.61e-04	2.63e-06	0.00e+00	0.00e+00	0.00e+00	0.00e+00	0.00e+00	0.00e+00	0.00e+00	0.00e+00
 2.40442e+23	2.57e-06	1.91e-02	3.37e-01	4.74e-01	1.25e-01	2.88e-02	1.23e-02	4.31e-03	1.31e-04	2.06e-06	0.00e+00	0.00e+00	0.00e+00	0.00e+00	0.00e+00	0.00e+00	0.00e+00	0.00e+00
 2.42231e+23	3.13e-06	2.15e-02	3.55e-01	4.67e-01	1.17e-01	2.61e-02	1.08e-02	3.56e-03	1.00e-04	1.51e-06	0.00e+00	0.00e+00	0.00e+00	0.00e+00	0.00e+00	0.00e+00	0.00e+00	0.00e+00
 2.44052e+23	3.68e-06	2.37e-02	3.70e-01	4.60e-01	1.10e-01	2.40e-02	9.67e-03	3.03e-03	8.04e-05	1.16e-06	0.00e+00	0.00e+00	0.00e+00	0.00e+00	0.00e+00	0.00e+00	0.00e+00	0.00e+00
 2.45914e+23	4.46e-06	2.67e-02	3.89e-01	4.50e-01	1.02e-01	2.16e-02	8.40e-03	2.47e-03	6.10e-05	8.43e-07	0.00e+00	0.00e+00	0.00e+00	0.00e+00	0.00e+00	0.00e+00	0.00e+00	0.00e+00
 2.47798e+23	5.23e-06	2.94e-02	4.04e-01	4.42e-01	9.52e-02	1.97e-02	7.46e-03	2.08e-03	4.84e-05	6.43e-07	0.00e+00	0.00e+00	0.00e+00	0.00e+00	0.00e+00	0.00e+00	0.00e+00	0.00e+00
 2.49711e+23	6.32e-06	3.29e-02	4.23e-01	4.30e-01	8.77e-02	1.77e-02	6.44e-03	1.69e-03	3.64e-05	4.62e-07	0.00e+00	0.00e+00	0.00e+00	0.00e+00	0.00e+00	0.00e+00	0.00e+00	0.00e+00
 2.51660e+23	7.39e-06	3.63e-02	4.39e-01	4.20e-01	8.16e-02	1.60e-02	5.68e-03	1.42e-03	2.86e-05	3.49e-07	0.00e+00	0.00e+00	0.00e+00	0.00e+00	0.00e+00	0.00e+00	0.00e+00	0.00e+00
 2.53396e+23	8.58e-06	3.97e-02	4.54e-01	4.09e-01	7.60e-02	1.46e-02	5.02e-03	1.19e-03	2.26e-05	2.66e-07	0.00e+00	0.00e+00	0.00e+00	0.00e+00	0.00e+00	0.00e+00	0.00e+00	0.00e+00
 2.55392e+23	1.03e-05	4.44e-02	4.73e-01	3.95e-01	6.93e-02	1.29e-02	4.28e-03	9.57e-04	1.68e-05	1.89e-07	0.00e+00	0.00e+00	0.00e+00	0.00e+00	0.00e+00	0.00e+00	0.00e+00	0.00e+00
 2.57437e+23	1.20e-05	4.88e-02	4.89e-01	3.82e-01	6.39e-02	1.16e-02	3.73e-03	7.93e-04	1.31e-05	1.41e-07	0.00e+00	0.00e+00	0.00e+00	0.00e+00	0.00e+00	0.00e+00	0.00e+00	0.00e+00
 2.59260e+23	1.38e-05	5.33e-02	5.04e-01	3.69e-01	5.90e-02	1.05e-02	3.27e-03	6.61e-04	1.02e-05	0.00e+00	0.00e+00	0.00e+00	0.00e+00	0.00e+00	0.00e+00	0.00e+00	0.00e+00	0.00e+00
 2.60828e+23	1.53e-05	5.67e-02	5.14e-01	3.60e-01	5.57e-02	9.72e-03	2.96e-03	5.80e-04	8.56e-06	0.00e+00	0.00e+00	0.00e+00	0.00e+00	0.00e+00	0.00e+00	0.00e+00	0.00e+00	0.00e+00
 2.62353e+23	1.74e-05	6.14e-02	5.27e-01	3.48e-01	5.16e-02	8.82e-03	2.61e-03	4.89e-04	6.82e-06	0.00e+00	0.00e+00	0.00e+00	0.00e+00	0.00e+00	0.00e+00	0.00e+00	0.00e+00	0.00e+00
 2.63903e+23	1.93e-05	6.55e-02	5.37e-01	3.38e-01	4.84e-02	8.12e-03	2.35e-03	4.25e-04	5.64e-06	0.00e+00	0.00e+00	0.00e+00	0.00e+00	0.00e+00	0.00e+00	0.00e+00	0.00e+00	0.00e+00
 2.65484e+23	2.19e-05	7.09e-02	5.50e-01	3.25e-01	4.47e-02	7.33e-03	2.06e-03	3.57e-04	4.46e-06	0.00e+00	0.00e+00	0.00e+00	0.00e+00	0.00e+00	0.00e+00	0.00e+00	0.00e+00	0.00e+00
 2.67083e+23	2.43e-05	7.56e-02	5.59e-01	3.14e-01	4.18e-02	6.73e-03	1.85e-03	3.10e-04	3.68e-06	0.00e+00	0.00e+00	0.00e+00	0.00e+00	0.00e+00	0.00e+00	0.00e+00	0.00e+00	0.00e+00
 2.68706e+23	2.76e-05	8.17e-02	5.71e-01	3.01e-01	3.83e-02	6.04e-03	1.61e-03	2.59e-04	2.89e-06	0.00e+00	0.00e+00	0.00e+00	0.00e+00	0.00e+00	0.00e+00	0.00e+00	0.00e+00	0.00e+00
 2.70341e+23	3.04e-05	8.69e-02	5.80e-01	2.90e-01	3.57e-02	5.53e-03	1.44e-03	2.24e-04	2.38e-06	0.00e+00	0.00e+00	0.00e+00	0.00e+00	0.00e+00	0.00e+00	0.00e+00	0.00e+00	0.00e+00
 2.71991e+23	3.44e-05	9.37e-02	5.91e-01	2.77e-01	3.27e-02	4.95e-03	1.25e-03	1.88e-04	1.87e-06	0.00e+00	0.00e+00	0.00e+00	0.00e+00	0.00e+00	0.00e+00	0.00e+00	0.00e+00	0.00e+00
 2.73675e+23	3.80e-05	9.99e-02	5.99e-01	2.65e-01	3.04e-02	4.50e-03	1.11e-03	1.61e-04	1.53e-06	0.00e+00	0.00e+00	0.00e+00	0.00e+00	0.00e+00	0.00e+00	0.00e+00	0.00e+00	0.00e+00
 2.75403e+23	4.31e-05	1.08e-01	6.08e-01	2.51e-01	2.76e-02	3.99e-03	9.48e-04	1.34e-04	1.18e-06	0.00e+00	0.00e+00	0.00e+00	0.00e+00	0.00e+00	0.00e+00	0.00e+00	0.00e+00	0.00e+00
 2.77140e+23	4.73e-05	1.14e-01	6.15e-01	2.41e-01	2.56e-02	3.63e-03	8.41e-04	1.16e-04	9.68e-07	0.00e+00	0.00e+00	0.00e+00	0.00e+00	0.00e+00	0.00e+00	0.00e+00	0.00e+00	0.00e+00
 2.78889e+23	5.34e-05	1.23e-01	6.23e-01	2.27e-01	2.32e-02	3.21e-03	7.20e-04	9.58e-05	7.49e-07	0.00e+00	0.00e+00	0.00e+00	0.00e+00	0.00e+00	0.00e+00	0.00e+00	0.00e+00	0.00e+00
 2.80678e+23	5.90e-05	1.31e-01	6.29e-01	2.15e-01	2.13e-02	2.88e-03	6.31e-04	8.19e-05	6.04e-07	0.00e+00	0.00e+00	0.00e+00	0.00e+00	0.00e+00	0.00e+00	0.00e+00	0.00e+00	0.00e+00
 2.82519e+23	6.68e-05	1.41e-01	6.35e-01	2.01e-01	1.91e-02	2.52e-03	5.32e-04	6.72e-05	4.60e-07	0.00e+00	0.00e+00	0.00e+00	0.00e+00	0.00e+00	0.00e+00	0.00e+00	0.00e+00	0.00e+00
 2.84382e+23	7.35e-05	1.50e-01	6.39e-01	1.90e-01	1.75e-02	2.26e-03	4.65e-04	5.76e-05	3.71e-07	0.00e+00	0.00e+00	0.00e+00	0.00e+00	0.00e+00	0.00e+00	0.00e+00	0.00e+00	0.00e+00
 2.86273e+23	8.26e-05	1.62e-01	6.44e-01	1.76e-01	1.57e-02	1.97e-03	3.90e-04	4.73e-05	2.82e-07	0.00e+00	0.00e+00	0.00e+00	0.00e+00	0.00e+00	0.00e+00	0.00e+00	0.00e+00	0.00e+00
 2.88191e+23	9.10e-05	1.72e-01	6.46e-01	1.65e-01	1.43e-02	1.75e-03	3.38e-04	4.03e-05	2.25e-07	0.00e+00	0.00e+00	0.00e+00	0.00e+00	0.00e+00	0.00e+00	0.00e+00	0.00e+00	0.00e+00
 2.90145e+23	1.02e-04	1.85e-01	6.49e-01	1.52e-01	1.27e-02	1.52e-03	2.81e-04	3.30e-05	1.70e-07	0.00e+00	0.00e+00	0.00e+00	0.00e+00	0.00e+00	0.00e+00	0.00e+00	0.00e+00	0.00e+00
 2.92097e+23	1.13e-04	1.96e-01	6.49e-01	1.42e-01	1.15e-02	1.34e-03	2.42e-04	2.81e-05	1.35e-07	0.00e+00	0.00e+00	0.00e+00	0.00e+00	0.00e+00	0.00e+00	0.00e+00	0.00e+00	0.00e+00
 2.94049e+23	1.26e-04	2.10e-01	6.49e-01	1.29e-01	1.02e-02	1.15e-03	2.00e-04	2.31e-05	0.00e+00	0.00e+00	0.00e+00	0.00e+00	0.00e+00	0.00e+00	0.00e+00	0.00e+00	0.00e+00	0.00e+00
 2.96005e+23	1.38e-04	2.22e-01	6.48e-01	1.20e-01	9.23e-03	1.02e-03	1.71e-04	1.97e-05	0.00e+00	0.00e+00	0.00e+00	0.00e+00	0.00e+00	0.00e+00	0.00e+00	0.00e+00	0.00e+00	0.00e+00
 2.97965e+23	1.55e-04	2.38e-01	6.45e-01	1.08e-01	8.13e-03	8.71e-04	1.41e-04	1.61e-05	0.00e+00	0.00e+00	0.00e+00	0.00e+00	0.00e+00	0.00e+00	0.00e+00	0.00e+00	0.00e+00	0.00e+00
 2.99925e+23	1.70e-04	2.52e-01	6.41e-01	9.89e-02	7.33e-03	7.65e-04	1.20e-04	1.38e-05	0.00e+00	0.00e+00	0.00e+00	0.00e+00	0.00e+00	0.00e+00	0.00e+00	0.00e+00	0.00e+00	0.00e+00
 3.01883e+23	1.89e-04	2.69e-01	6.35e-01	8.83e-02	6.43e-03	6.49e-04	9.74e-05	1.13e-05	0.00e+00	0.00e+00	0.00e+00	0.00e+00	0.00e+00	0.00e+00	0.00e+00	0.00e+00	0.00e+00	0.00e+00
 3.03838e+23	2.07e-04	2.84e-01	6.29e-01	8.00e-02	5.77e-03	5.67e-04	8.24e-05	9.60e-06	0.00e+00	0.00e+00	0.00e+00	0.00e+00	0.00e+00	0.00e+00	0.00e+00	0.00e+00	0.00e+00	0.00e+00
 3.05518e+23	2.26e-04	2.99e-01	6.22e-01	7.24e-02	5.18e-03	4.96e-04	6.97e-05	8.21e-06	0.00e+00	0.00e+00	0.00e+00	0.00e+00	0.00e+00	0.00e+00	0.00e+00	0.00e+00	0.00e+00	0.00e+00
 3.07182e+23	2.47e-04	3.15e-01	6.14e-01	6.51e-02	4.65e-03	4.32e-04	5.87e-05	7.00e-06	0.00e+00	0.00e+00	0.00e+00	0.00e+00	0.00e+00	0.00e+00	0.00e+00	0.00e+00	0.00e+00	0.00e+00
 3.08290e+23	2.57e-04	3.23e-01	6.11e-01	6.15e-02	4.44e-03	4.07e-04	5.45e-05	6.56e-06	0.00e+00	0.00e+00	0.00e+00	0.00e+00	0.00e+00	0.00e+00	0.00e+00	0.00e+00	0.00e+00	0.00e+00
