#depth	Ar	Ar+	Ar+2	Ar+3	Ar+4	Ar+5	Ar+6	Ar+7	Ar+8	Ar+9	Ar+10	Ar+11	Ar+12	Ar+13	Ar+14	Ar+15	Ar+16	Ar+17	Ar+18
 1.54284e+22	1.60e-30	5.28e-24	8.62e-19	3.80e-16	8.28e-14	6.39e-12	2.68e-10	1.33e-08	6.79e-06	2.85e-04	4.32e-03	2.47e-02	9.94e-02	1.63e-01	1.49e-01	1.46e-01	3.19e-01	8.66e-02	7.87e-03
 3.47657e+22	8.61e-28	2.16e-21	2.65e-16	5.73e-14	6.09e-12	2.25e-10	4.38e-09	1.06e-07	5.85e-05	2.24e-03	2.54e-02	9.73e-02	2.59e-01	2.59e-01	1.40e-01	8.16e-02	1.16e-01	1.85e-02	9.94e-04
 4.02740e+22	8.24e-27	1.84e-20	2.01e-15	3.36e-13	2.79e-11	8.07e-10	1.21e-08	2.31e-07	1.13e-04	4.07e-03	4.09e-02	1.36e-01	3.08e-01	2.59e-01	1.16e-01	5.68e-02	6.95e-02	8.98e-03	3.94e-04
 4.26730e+22	2.30e-26	4.88e-20	5.00e-15	7.49e-13	5.60e-11	1.46e-09	1.95e-08	3.35e-07	1.51e-04	5.26e-03	4.98e-02	1.54e-01	3.26e-01	2.53e-01	1.04e-01	4.71e-02	5.37e-02	6.30e-03	2.52e-04
 4.36875e+22	3.03e-26	6.31e-20	6.37e-15	9.26e-13	6.74e-11	1.70e-09	2.21e-08	3.71e-07	1.64e-04	5.62e-03	5.24e-02	1.60e-01	3.30e-01	2.50e-01	1.01e-01	4.48e-02	5.00e-02	5.72e-03	2.23e-04
 4.41816e+22	4.23e-26	8.65e-20	8.56e-15	1.20e-12	8.46e-11	2.07e-09	2.59e-08	4.20e-07	1.80e-04	6.10e-03	5.57e-02	1.66e-01	3.35e-01	2.47e-01	9.68e-02	4.19e-02	4.58e-02	5.08e-03	1.92e-04
 4.47130e+22	5.66e-26	1.14e-19	1.11e-14	1.51e-12	1.03e-10	2.45e-09	2.98e-08	4.68e-07	1.96e-04	6.54e-03	5.87e-02	1.71e-01	3.39e-01	2.44e-01	9.34e-02	3.96e-02	4.23e-02	4.57e-03	1.68e-04
 4.52929e+22	8.38e-26	1.65e-19	1.56e-14	2.04e-12	1.34e-10	3.07e-09	3.58e-08	5.42e-07	2.19e-04	7.18e-03	6.28e-02	1.79e-01	3.44e-01	2.40e-01	8.88e-02	3.66e-02	3.80e-02	3.95e-03	1.40e-04
 4.58696e+22	1.11e-25	2.14e-19	2.00e-14	2.53e-12	1.62e-10	3.62e-09	4.10e-08	6.03e-07	2.37e-04	7.68e-03	6.59e-02	1.84e-01	3.47e-01	2.36e-01	8.56e-02	3.45e-02	3.52e-02	3.56e-03	1.23e-04
 4.64423e+22	1.59e-25	3.02e-19	2.75e-14	3.36e-12	2.08e-10	4.47e-09	4.88e-08	6.92e-07	2.63e-04	8.37e-03	7.02e-02	1.91e-01	3.50e-01	2.32e-01	8.14e-02	3.20e-02	3.18e-02	3.10e-03	1.03e-04
 4.70122e+22	2.09e-25	3.88e-19	3.48e-14	4.13e-12	2.50e-10	5.24e-09	5.56e-08	7.68e-07	2.85e-04	8.91e-03	7.34e-02	1.96e-01	3.52e-01	2.28e-01	7.83e-02	3.02e-02	2.94e-02	2.80e-03	9.07e-05
 4.75783e+22	2.97e-25	5.41e-19	4.74e-14	5.43e-12	3.18e-10	6.44e-09	6.59e-08	8.79e-07	3.15e-04	9.68e-03	7.78e-02	2.03e-01	3.55e-01	2.23e-01	7.43e-02	2.79e-02	2.65e-02	2.44e-03	7.64e-05
 4.81518e+22	3.87e-25	6.93e-19	5.96e-14	6.66e-12	3.80e-10	7.52e-09	7.50e-08	9.75e-07	3.41e-04	1.03e-02	8.13e-02	2.08e-01	3.56e-01	2.19e-01	7.14e-02	2.64e-02	2.46e-02	2.20e-03	6.72e-05
 4.87348e+22	5.50e-25	9.62e-19	8.09e-14	8.72e-12	4.82e-10	9.24e-09	8.89e-08	1.12e-06	3.77e-04	1.12e-02	8.60e-02	2.15e-01	3.58e-01	2.14e-01	6.77e-02	2.43e-02	2.21e-02	1.91e-03	5.64e-05
 4.93289e+22	7.19e-25	1.24e-18	1.02e-13	1.07e-11	5.79e-10	1.08e-08	1.01e-07	1.24e-06	4.08e-04	1.19e-02	8.97e-02	2.20e-01	3.59e-01	2.09e-01	6.48e-02	2.29e-02	2.04e-02	1.72e-03	4.94e-05
 4.99374e+22	1.02e-24	1.72e-18	1.39e-13	1.41e-11	7.36e-10	1.33e-08	1.21e-07	1.43e-06	4.53e-04	1.29e-02	9.48e-02	2.27e-01	3.60e-01	2.03e-01	6.12e-02	2.11e-02	1.83e-02	1.49e-03	4.13e-05
 5.05570e+22	1.34e-24	2.21e-18	1.75e-13	1.73e-11	8.85e-10	1.56e-08	1.38e-07	1.59e-06	4.91e-04	1.37e-02	9.89e-02	2.32e-01	3.60e-01	1.99e-01	5.85e-02	1.98e-02	1.68e-02	1.33e-03	3.60e-05
 5.11912e+22	1.92e-24	3.09e-18	2.38e-13	2.27e-11	1.13e-09	1.93e-08	1.64e-07	1.83e-06	5.45e-04	1.49e-02	1.04e-01	2.38e-01	3.60e-01	1.93e-01	5.50e-02	1.81e-02	1.50e-02	1.15e-03	2.99e-05
 5.18374e+22	2.52e-24	3.98e-18	3.01e-13	2.80e-11	1.36e-09	2.27e-08	1.88e-07	2.04e-06	5.91e-04	1.58e-02	1.09e-01	2.43e-01	3.59e-01	1.88e-01	5.24e-02	1.69e-02	1.38e-02	1.02e-03	2.59e-05
 5.24994e+22	3.61e-24	5.56e-18	4.09e-13	3.69e-11	1.73e-09	2.81e-08	2.25e-07	2.36e-06	6.58e-04	1.71e-02	1.15e-01	2.50e-01	3.58e-01	1.81e-01	4.90e-02	1.55e-02	1.23e-02	8.77e-04	2.15e-05
 5.31465e+22	4.61e-24	6.98e-18	5.04e-13	4.45e-11	2.05e-09	3.25e-08	2.54e-07	2.60e-06	7.09e-04	1.81e-02	1.19e-01	2.54e-01	3.57e-01	1.77e-01	4.69e-02	1.45e-02	1.13e-02	7.90e-04	1.89e-05
 5.37741e+22	6.46e-24	9.56e-18	6.74e-13	5.76e-11	2.58e-09	3.97e-08	3.00e-07	2.98e-06	7.84e-04	1.95e-02	1.25e-01	2.60e-01	3.56e-01	1.71e-01	4.39e-02	1.33e-02	1.01e-02	6.81e-04	1.57e-05
 5.44120e+22	8.27e-24	1.20e-17	8.31e-13	6.96e-11	3.05e-09	4.60e-08	3.40e-07	3.30e-06	8.45e-04	2.07e-02	1.29e-01	2.64e-01	3.54e-01	1.66e-01	4.19e-02	1.25e-02	9.32e-03	6.12e-04	1.38e-05
 5.50631e+22	1.15e-23	1.63e-17	1.10e-12	8.95e-11	3.82e-09	5.60e-08	4.01e-07	3.77e-06	9.33e-04	2.22e-02	1.36e-01	2.70e-01	3.52e-01	1.60e-01	3.92e-02	1.14e-02	8.32e-03	5.28e-04	1.15e-05
 5.57348e+22	1.51e-23	2.09e-17	1.38e-12	1.10e-10	4.59e-09	6.57e-08	4.59e-07	4.21e-06	1.01e-03	2.36e-02	1.41e-01	2.74e-01	3.49e-01	1.55e-01	3.71e-02	1.06e-02	7.59e-03	4.68e-04	9.90e-06
 5.64332e+22	2.11e-23	2.86e-17	1.84e-12	1.42e-10	5.76e-09	8.02e-08	5.42e-07	4.82e-06	1.12e-03	2.54e-02	1.47e-01	2.80e-01	3.46e-01	1.49e-01	3.46e-02	9.70e-03	6.75e-03	4.02e-04	8.22e-06
 5.71548e+22	2.80e-23	3.72e-17	2.34e-12	1.76e-10	6.99e-09	9.51e-08	6.26e-07	5.42e-06	1.22e-03	2.70e-02	1.53e-01	2.84e-01	3.43e-01	1.44e-01	3.26e-02	8.96e-03	6.11e-03	3.53e-04	7.00e-06
 5.79066e+22	3.98e-23	5.14e-17	3.15e-12	2.30e-10	8.86e-09	1.17e-07	7.45e-07	6.25e-06	1.36e-03	2.92e-02	1.60e-01	2.89e-01	3.39e-01	1.37e-01	3.02e-02	8.11e-03	5.39e-03	3.01e-04	5.75e-06
 5.86797e+22	5.34e-23	6.74e-17	4.03e-12	2.87e-10	1.08e-08	1.39e-07	8.64e-07	7.05e-06	1.49e-03	3.11e-02	1.67e-01	2.93e-01	3.35e-01	1.32e-01	2.83e-02	7.46e-03	4.85e-03	2.62e-04	4.86e-06
 5.94801e+22	7.68e-23	9.41e-17	5.47e-12	3.78e-10	1.38e-08	1.73e-07	1.04e-06	8.18e-06	1.66e-03	3.36e-02	1.74e-01	2.98e-01	3.29e-01	1.26e-01	2.61e-02	6.71e-03	4.25e-03	2.21e-04	3.95e-06
 6.03079e+22	1.05e-22	1.25e-16	7.09e-12	4.77e-10	1.71e-08	2.08e-07	1.21e-06	9.27e-06	1.82e-03	3.59e-02	1.81e-01	3.02e-01	3.24e-01	1.20e-01	2.43e-02	6.12e-03	3.79e-03	1.91e-04	3.30e-06
 6.11710e+22	1.53e-22	1.78e-16	9.75e-12	6.36e-10	2.21e-08	2.60e-07	1.46e-06	1.08e-05	2.04e-03	3.89e-02	1.90e-01	3.06e-01	3.18e-01	1.14e-01	2.23e-02	5.46e-03	3.29e-03	1.59e-04	2.64e-06
 6.20547e+22	2.10e-22	2.38e-16	1.27e-11	8.09e-10	2.73e-08	3.14e-07	1.71e-06	1.23e-05	2.25e-03	4.16e-02	1.97e-01	3.10e-01	3.12e-01	1.08e-01	2.06e-02	4.96e-03	2.91e-03	1.36e-04	2.19e-06
 6.28444e+22	2.84e-22	3.14e-16	1.63e-11	1.01e-09	3.35e-08	3.75e-07	1.99e-06	1.39e-05	2.46e-03	4.43e-02	2.04e-01	3.13e-01	3.07e-01	1.03e-01	1.92e-02	4.52e-03	2.60e-03	1.18e-04	1.83e-06
 6.37501e+22	4.25e-22	4.54e-16	2.29e-11	1.37e-09	4.39e-08	4.76e-07	2.43e-06	1.64e-05	2.78e-03	4.81e-02	2.14e-01	3.16e-01	2.99e-01	9.66e-02	1.73e-02	3.98e-03	2.22e-03	9.62e-05	1.43e-06
 6.46637e+22	5.75e-22	5.99e-16	2.94e-11	1.72e-09	5.38e-08	5.68e-07	2.82e-06	1.86e-05	3.04e-03	5.12e-02	2.21e-01	3.18e-01	2.93e-01	9.19e-02	1.61e-02	3.62e-03	1.97e-03	8.27e-05	1.19e-06
 6.55873e+22	8.56e-22	8.62e-16	4.09e-11	2.32e-09	7.03e-08	7.18e-07	3.44e-06	2.18e-05	3.42e-03	5.55e-02	2.31e-01	3.21e-01	2.84e-01	8.58e-02	1.45e-02	3.18e-03	1.68e-03	6.75e-05	9.32e-07
 6.65290e+22	1.18e-21	1.15e-15	5.33e-11	2.95e-09	8.71e-08	8.67e-07	4.03e-06	2.48e-05	3.76e-03	5.91e-02	2.38e-01	3.22e-01	2.77e-01	8.11e-02	1.33e-02	2.86e-03	1.48e-03	5.73e-05	7.64e-07
 6.74943e+22	1.77e-21	1.67e-15	7.45e-11	3.99e-09	1.14e-07	1.10e-06	4.93e-06	2.93e-05	4.25e-03	6.40e-02	2.48e-01	3.24e-01	2.68e-01	7.52e-02	1.19e-02	2.50e-03	1.25e-03	4.63e-05	5.90e-07
 6.84761e+22	2.46e-21	2.26e-15	9.78e-11	5.10e-09	1.43e-07	1.34e-06	5.80e-06	3.35e-05	4.68e-03	6.82e-02	2.57e-01	3.25e-01	2.61e-01	7.07e-02	1.09e-02	2.23e-03	1.09e-03	3.88e-05	4.77e-07
 6.94794e+22	3.75e-21	3.33e-15	1.39e-10	6.98e-09	1.89e-07	1.71e-06	7.16e-06	3.98e-05	5.30e-03	7.40e-02	2.67e-01	3.26e-01	2.51e-01	6.50e-02	9.63e-03	1.92e-03	9.05e-04	3.08e-05	3.61e-07
 7.04283e+22	4.97e-21	4.30e-15	1.75e-10	8.60e-09	2.28e-07	2.02e-06	8.23e-06	4.46e-05	5.75e-03	7.81e-02	2.74e-01	3.26e-01	2.44e-01	6.15e-02	8.87e-03	1.74e-03	8.02e-04	2.65e-05	3.00e-07
 7.13062e+22	7.18e-21	6.02e-15	2.36e-10	1.13e-08	2.92e-07	2.51e-06	9.89e-06	5.19e-05	6.41e-03	8.37e-02	2.83e-01	3.25e-01	2.35e-01	5.69e-02	7.94e-03	1.52e-03	6.80e-04	2.15e-05	2.34e-07
 7.21908e+22	9.50e-21	7.77e-15	2.97e-10	1.39e-08	3.52e-07	2.96e-06	1.14e-05	5.81e-05	6.96e-03	8.82e-02	2.90e-01	3.24e-01	2.28e-01	5.36e-02	7.29e-03	1.37e-03	6.00e-04	1.83e-05	1.93e-07
 7.30840e+22	1.38e-20	1.09e-14	4.03e-10	1.83e-08	4.52e-07	3.70e-06	1.37e-05	6.78e-05	7.77e-03	9.45e-02	2.99e-01	3.23e-01	2.18e-01	4.93e-02	6.48e-03	1.19e-03	5.04e-04	1.47e-05	1.49e-07
 7.39863e+22	1.84e-20	1.42e-14	5.09e-10	2.26e-08	5.48e-07	4.38e-06	1.58e-05	7.63e-05	8.45e-03	9.96e-02	3.06e-01	3.22e-01	2.11e-01	4.62e-02	5.91e-03	1.07e-03	4.41e-04	1.25e-05	0.00e+00
 7.49003e+22	2.67e-20	1.99e-14	6.89e-10	2.98e-08	7.05e-07	5.48e-06	1.91e-05	8.93e-05	9.44e-03	1.07e-01	3.14e-01	3.19e-01	2.01e-01	4.23e-02	5.22e-03	9.22e-04	3.68e-04	9.91e-06	0.00e+00
 7.58273e+22	3.57e-20	2.59e-14	8.73e-10	3.69e-08	8.57e-07	6.53e-06	2.22e-05	1.01e-04	1.03e-02	1.12e-01	3.21e-01	3.17e-01	1.94e-01	3.94e-02	4.73e-03	8.20e-04	3.19e-04	8.28e-06	0.00e+00
 7.67712e+22	5.23e-20	3.66e-14	1.19e-09	4.88e-08	1.11e-06	8.22e-06	2.70e-05	1.19e-04	1.15e-02	1.20e-01	3.30e-01	3.14e-01	1.84e-01	3.57e-02	4.13e-03	6.99e-04	2.62e-04	6.49e-06	0.00e+00
 7.77283e+22	7.03e-20	4.78e-14	1.50e-09	6.06e-08	1.35e-06	9.82e-06	3.13e-05	1.35e-04	1.26e-02	1.27e-01	3.36e-01	3.10e-01	1.76e-01	3.30e-02	3.71e-03	6.17e-04	2.25e-04	5.37e-06	0.00e+00
 7.87025e+22	1.03e-19	6.74e-14	2.04e-09	8.01e-08	1.75e-06	1.24e-05	3.83e-05	1.59e-04	1.41e-02	1.36e-01	3.44e-01	3.06e-01	1.66e-01	2.97e-02	3.21e-03	5.22e-04	1.83e-04	4.15e-06	0.00e+00
 7.96986e+22	1.40e-19	8.88e-14	2.60e-09	1.00e-07	2.16e-06	1.50e-05	4.49e-05	1.82e-04	1.55e-02	1.44e-01	3.51e-01	3.02e-01	1.58e-01	2.72e-02	2.85e-03	4.54e-04	1.55e-04	3.36e-06	0.00e+00
 8.07232e+22	2.07e-19	1.26e-13	3.54e-09	1.33e-07	2.83e-06	1.91e-05	5.53e-05	2.18e-04	1.75e-02	1.54e-01	3.58e-01	2.95e-01	1.47e-01	2.42e-02	2.43e-03	3.78e-04	1.24e-04	2.54e-06	0.00e+00
 8.17623e+22	2.81e-19	1.66e-13	4.50e-09	1.67e-07	3.49e-06	2.32e-05	6.53e-05	2.50e-04	1.93e-02	1.63e-01	3.64e-01	2.90e-01	1.39e-01	2.20e-02	2.14e-03	3.25e-04	1.03e-04	2.03e-06	0.00e+00
 8.27871e+22	4.05e-19	2.30e-13	5.98e-09	2.18e-07	4.51e-06	2.93e-05	7.99e-05	2.98e-04	2.17e-02	1.74e-01	3.70e-01	2.83e-01	1.29e-01	1.94e-02	1.81e-03	2.70e-04	8.20e-05	1.53e-06	0.00e+00
 8.37659e+22	5.28e-19	2.91e-13	7.34e-09	2.65e-07	5.43e-06	3.48e-05	9.25e-05	3.38e-04	2.37e-02	1.82e-01	3.74e-01	2.77e-01	1.22e-01	1.77e-02	1.61e-03	2.35e-04	6.93e-05	1.24e-06	0.00e+00
 8.47181e+22	7.37e-19	3.91e-13	9.49e-09	3.38e-07	6.89e-06	4.34e-05	1.12e-04	3.99e-04	2.65e-02	1.94e-01	3.79e-01	2.70e-01	1.13e-01	1.57e-02	1.36e-03	1.95e-04	5.53e-05	9.37e-07	0.00e+00
 8.56883e+22	9.60e-19	4.94e-13	1.16e-08	4.11e-07	8.32e-06	5.17e-05	1.30e-04	4.55e-04	2.90e-02	2.03e-01	3.82e-01	2.63e-01	1.06e-01	1.41e-02	1.19e-03	1.68e-04	4.60e-05	7.48e-07	0.00e+00
 8.66339e+22	1.30e-18	6.45e-13	1.46e-08	5.13e-07	1.04e-05	6.36e-05	1.56e-04	5.34e-04	3.22e-02	2.15e-01	3.86e-01	2.55e-01	9.85e-02	1.25e-02	1.01e-03	1.40e-04	3.68e-05	5.69e-07	0.00e+00
 8.75997e+22	1.69e-18	8.11e-13	1.77e-08	6.23e-07	1.26e-05	7.62e-05	1.82e-04	6.13e-04	3.53e-02	2.25e-01	3.88e-01	2.47e-01	9.16e-02	1.12e-02	8.77e-04	1.19e-04	3.02e-05	4.45e-07	0.00e+00
 8.85411e+22	2.22e-18	1.03e-12	2.16e-08	7.62e-07	1.54e-05	9.23e-05	2.16e-04	7.13e-04	3.90e-02	2.37e-01	3.89e-01	2.39e-01	8.45e-02	9.85e-03	7.46e-04	9.89e-05	2.43e-05	3.41e-07	0.00e+00
 8.95010e+22	2.87e-18	1.28e-12	2.60e-08	9.21e-07	1.86e-05	1.11e-04	2.53e-04	8.23e-04	4.29e-02	2.48e-01	3.90e-01	2.30e-01	7.80e-02	8.72e-03	6.38e-04	8.30e-05	1.97e-05	2.63e-07	0.00e+00
 9.04545e+22	3.70e-18	1.60e-12	3.13e-08	1.11e-06	2.26e-05	1.33e-04	2.97e-04	9.52e-04	4.72e-02	2.60e-01	3.90e-01	2.21e-01	7.16e-02	7.67e-03	5.42e-04	6.91e-05	1.58e-05	2.01e-07	0.00e+00
 9.14120e+22	4.72e-18	1.97e-12	3.71e-08	1.33e-06	2.72e-05	1.59e-04	3.47e-04	1.10e-03	5.18e-02	2.72e-01	3.89e-01	2.12e-01	6.57e-02	6.74e-03	4.60e-04	5.76e-05	1.27e-05	1.54e-07	0.00e+00
 9.23593e+22	5.96e-18	2.40e-12	4.37e-08	1.59e-06	3.26e-05	1.90e-04	4.04e-04	1.27e-03	5.68e-02	2.84e-01	3.88e-01	2.03e-01	6.01e-02	5.92e-03	3.90e-04	4.79e-05	1.02e-05	1.18e-07	0.00e+00
 9.33050e+22	7.48e-18	2.91e-12	5.12e-08	1.88e-06	3.89e-05	2.25e-04	4.69e-04	1.46e-03	6.21e-02	2.96e-01	3.85e-01	1.94e-01	5.49e-02	5.18e-03	3.30e-04	3.98e-05	8.15e-06	0.00e+00	0.00e+00
 9.42531e+22	9.35e-18	3.51e-12	5.96e-08	2.23e-06	4.63e-05	2.66e-04	5.44e-04	1.67e-03	6.79e-02	3.08e-01	3.82e-01	1.85e-01	5.00e-02	4.53e-03	2.79e-04	3.30e-05	6.51e-06	0.00e+00	0.00e+00
 9.52056e+22	1.16e-17	4.22e-12	6.90e-08	2.62e-06	5.50e-05	3.14e-04	6.28e-04	1.92e-03	7.41e-02	3.19e-01	3.78e-01	1.76e-01	4.54e-02	3.95e-03	2.35e-04	2.73e-05	5.20e-06	0.00e+00	0.00e+00
 9.61648e+22	1.44e-17	5.04e-12	7.96e-08	3.08e-06	6.51e-05	3.70e-04	7.25e-04	2.20e-03	8.07e-02	3.31e-01	3.73e-01	1.67e-01	4.11e-02	3.43e-03	1.98e-04	2.25e-05	4.14e-06	0.00e+00	0.00e+00
 9.71335e+22	1.78e-17	6.02e-12	9.16e-08	3.61e-06	7.69e-05	4.36e-04	8.34e-04	2.51e-03	8.78e-02	3.42e-01	3.68e-01	1.58e-01	3.72e-02	2.98e-03	1.66e-04	1.85e-05	3.28e-06	0.00e+00	0.00e+00
 9.81144e+22	2.20e-17	7.17e-12	1.05e-07	4.23e-06	9.08e-05	5.12e-04	9.58e-04	2.88e-03	9.54e-02	3.54e-01	3.62e-01	1.49e-01	3.34e-02	2.57e-03	1.39e-04	1.52e-05	2.59e-06	0.00e+00	0.00e+00
 9.91003e+22	2.71e-17	8.52e-12	1.21e-07	4.94e-06	1.07e-04	5.98e-04	1.10e-03	3.28e-03	1.03e-01	3.64e-01	3.55e-01	1.40e-01	3.01e-02	2.22e-03	1.16e-04	1.24e-05	2.05e-06	0.00e+00	0.00e+00
 1.00103e+23	3.35e-17	1.02e-11	1.39e-07	5.79e-06	1.26e-04	7.01e-04	1.25e-03	3.75e-03	1.12e-01	3.75e-01	3.47e-01	1.31e-01	2.69e-02	1.91e-03	9.63e-05	1.01e-05	1.61e-06	0.00e+00	0.00e+00
 1.01118e+23	4.13e-17	1.21e-11	1.59e-07	6.76e-06	1.48e-04	8.17e-04	1.43e-03	4.26e-03	1.21e-01	3.85e-01	3.39e-01	1.23e-01	2.41e-02	1.64e-03	8.02e-05	8.24e-06	1.27e-06	0.00e+00	0.00e+00
 1.02153e+23	5.13e-17	1.44e-11	1.83e-07	7.94e-06	1.74e-04	9.57e-04	1.63e-03	4.86e-03	1.31e-01	3.94e-01	3.30e-01	1.15e-01	2.14e-02	1.40e-03	6.60e-05	6.63e-06	9.85e-07	0.00e+00	0.00e+00
 1.03115e+23	6.15e-17	1.68e-11	2.06e-07	9.05e-06	1.99e-04	1.08e-03	1.81e-03	5.39e-03	1.39e-01	4.01e-01	3.22e-01	1.08e-01	1.94e-02	1.23e-03	5.66e-05	5.58e-06	8.06e-07	0.00e+00	0.00e+00
 1.04107e+23	7.73e-17	2.03e-11	2.39e-07	1.07e-05	2.35e-04	1.27e-03	2.07e-03	6.16e-03	1.50e-01	4.10e-01	3.12e-01	9.99e-02	1.71e-02	1.04e-03	4.61e-05	4.45e-06	6.19e-07	0.00e+00	0.00e+00
 1.05117e+23	9.34e-17	2.37e-11	2.71e-07	1.23e-05	2.69e-04	1.44e-03	2.29e-03	6.83e-03	1.59e-01	4.16e-01	3.03e-01	9.38e-02	1.54e-02	9.10e-04	3.92e-05	3.71e-06	5.02e-07	0.00e+00	0.00e+00
 1.06154e+23	1.19e-16	2.89e-11	3.16e-07	1.46e-05	3.19e-04	1.69e-03	2.62e-03	7.81e-03	1.72e-01	4.23e-01	2.92e-01	8.61e-02	1.35e-02	7.61e-04	3.17e-05	2.93e-06	3.80e-07	0.00e+00	0.00e+00
 1.07193e+23	1.45e-16	3.41e-11	3.61e-07	1.67e-05	3.64e-04	1.91e-03	2.88e-03	8.60e-03	1.81e-01	4.28e-01	2.83e-01	8.07e-02	1.22e-02	6.67e-04	2.70e-05	2.45e-06	3.10e-07	0.00e+00	0.00e+00
 1.08235e+23	1.86e-16	4.19e-11	4.27e-07	1.99e-05	4.30e-04	2.23e-03	3.26e-03	9.75e-03	1.94e-01	4.33e-01	2.72e-01	7.40e-02	1.06e-02	5.58e-04	2.18e-05	1.93e-06	2.36e-07	0.00e+00	0.00e+00
 1.09285e+23	2.27e-16	4.97e-11	4.89e-07	2.29e-05	4.91e-04	2.51e-03	3.59e-03	1.07e-02	2.04e-01	4.37e-01	2.63e-01	6.91e-02	9.53e-03	4.87e-04	1.85e-05	1.61e-06	1.91e-07	0.00e+00	0.00e+00
 1.10345e+23	2.95e-16	6.18e-11	5.83e-07	2.75e-05	5.80e-04	2.92e-03	4.04e-03	1.21e-02	2.17e-01	4.40e-01	2.51e-01	6.30e-02	8.28e-03	4.07e-04	1.50e-05	1.27e-06	1.45e-07	0.00e+00	0.00e+00
 1.11414e+23	3.64e-16	7.39e-11	6.75e-07	3.17e-05	6.61e-04	3.28e-03	4.42e-03	1.32e-02	2.28e-01	4.42e-01	2.42e-01	5.87e-02	7.43e-03	3.54e-04	1.27e-05	1.06e-06	0.00e+00	0.00e+00	0.00e+00
 1.12496e+23	4.78e-16	9.30e-11	8.14e-07	3.82e-05	7.82e-04	3.81e-03	4.96e-03	1.49e-02	2.42e-01	4.44e-01	2.30e-01	5.33e-02	6.43e-03	2.95e-04	1.02e-05	8.31e-07	0.00e+00	0.00e+00	0.00e+00
 1.13592e+23	5.97e-16	1.12e-10	9.51e-07	4.44e-05	8.93e-04	4.28e-03	5.42e-03	1.63e-02	2.53e-01	4.44e-01	2.21e-01	4.94e-02	5.74e-03	2.56e-04	8.62e-06	6.89e-07	0.00e+00	0.00e+00	0.00e+00
 1.14706e+23	7.97e-16	1.44e-10	1.16e-06	5.38e-05	1.06e-03	4.96e-03	6.07e-03	1.82e-02	2.67e-01	4.43e-01	2.09e-01	4.47e-02	4.94e-03	2.12e-04	6.91e-06	5.38e-07	0.00e+00	0.00e+00	0.00e+00
 1.15839e+23	1.01e-15	1.76e-10	1.38e-06	6.30e-05	1.21e-03	5.58e-03	6.62e-03	1.99e-02	2.79e-01	4.42e-01	2.00e-01	4.12e-02	4.39e-03	1.83e-04	5.80e-06	4.43e-07	0.00e+00	0.00e+00	0.00e+00
 1.16998e+23	1.38e-15	2.29e-10	1.71e-06	7.72e-05	1.45e-03	6.48e-03	7.40e-03	2.22e-02	2.94e-01	4.40e-01	1.88e-01	3.71e-02	3.76e-03	1.51e-04	4.61e-06	3.44e-07	0.00e+00	0.00e+00	0.00e+00
 1.18183e+23	1.78e-15	2.85e-10	2.05e-06	9.12e-05	1.67e-03	7.31e-03	8.08e-03	2.42e-02	3.05e-01	4.37e-01	1.79e-01	3.40e-02	3.31e-03	1.29e-04	3.84e-06	2.81e-07	0.00e+00	0.00e+00	0.00e+00
 1.19401e+23	2.48e-15	3.79e-10	2.60e-06	1.13e-04	2.00e-03	8.51e-03	9.02e-03	2.70e-02	3.21e-01	4.32e-01	1.67e-01	3.03e-02	2.81e-03	1.06e-04	3.02e-06	2.16e-07	0.00e+00	0.00e+00	0.00e+00
 1.20646e+23	3.26e-15	4.79e-10	3.18e-06	1.35e-04	2.32e-03	9.61e-03	9.85e-03	2.94e-02	3.33e-01	4.28e-01	1.58e-01	2.76e-02	2.46e-03	8.98e-05	2.50e-06	1.75e-07	0.00e+00	0.00e+00	0.00e+00
 1.21694e+23	4.15e-15	5.91e-10	3.78e-06	1.58e-04	2.63e-03	1.07e-02	1.06e-02	3.16e-02	3.43e-01	4.23e-01	1.51e-01	2.54e-02	2.19e-03	7.79e-05	2.11e-06	1.45e-07	0.00e+00	0.00e+00	0.00e+00
 1.22822e+23	5.68e-15	7.75e-10	4.75e-06	1.93e-04	3.11e-03	1.22e-02	1.17e-02	3.47e-02	3.56e-01	4.16e-01	1.41e-01	2.28e-02	1.88e-03	6.46e-05	1.69e-06	1.14e-07	0.00e+00	0.00e+00	0.00e+00
 1.23924e+23	7.17e-15	9.48e-10	5.63e-06	2.24e-04	3.51e-03	1.35e-02	1.25e-02	3.70e-02	3.65e-01	4.11e-01	1.34e-01	2.11e-02	1.68e-03	5.64e-05	1.44e-06	0.00e+00	0.00e+00	0.00e+00	0.00e+00
 1.24993e+23	9.70e-15	1.23e-09	7.01e-06	2.71e-04	4.09e-03	1.53e-02	1.37e-02	4.02e-02	3.77e-01	4.03e-01	1.26e-01	1.89e-02	1.45e-03	4.72e-05	1.17e-06	0.00e+00	0.00e+00	0.00e+00	0.00e+00
 1.26071e+23	1.23e-14	1.51e-09	8.36e-06	3.15e-04	4.62e-03	1.68e-02	1.46e-02	4.28e-02	3.86e-01	3.97e-01	1.19e-01	1.74e-02	1.29e-03	4.12e-05	9.96e-07	0.00e+00	0.00e+00	0.00e+00	0.00e+00
 1.27163e+23	1.68e-14	1.98e-09	1.05e-05	3.83e-04	5.40e-03	1.91e-02	1.59e-02	4.63e-02	3.97e-01	3.88e-01	1.11e-01	1.56e-02	1.11e-03	3.43e-05	8.04e-07	0.00e+00	0.00e+00	0.00e+00	0.00e+00
 1.28270e+23	2.15e-14	2.46e-09	1.26e-05	4.47e-04	6.12e-03	2.10e-02	1.70e-02	4.92e-02	4.05e-01	3.81e-01	1.05e-01	1.43e-02	9.85e-04	2.98e-05	6.81e-07	0.00e+00	0.00e+00	0.00e+00	0.00e+00
 1.29397e+23	2.97e-14	3.25e-09	1.59e-05	5.46e-04	7.17e-03	2.38e-02	1.85e-02	5.31e-02	4.15e-01	3.71e-01	9.76e-02	1.28e-02	8.41e-04	2.47e-05	5.46e-07	0.00e+00	0.00e+00	0.00e+00	0.00e+00
 1.30541e+23	3.84e-14	4.06e-09	1.92e-05	6.40e-04	8.13e-03	2.62e-02	1.97e-02	5.62e-02	4.22e-01	3.63e-01	9.19e-02	1.17e-02	7.43e-04	2.14e-05	4.61e-07	0.00e+00	0.00e+00	0.00e+00	0.00e+00
 1.31705e+23	5.35e-14	5.42e-09	2.46e-05	7.86e-04	9.55e-03	2.97e-02	2.14e-02	6.06e-02	4.31e-01	3.51e-01	8.48e-02	1.03e-02	6.30e-04	1.76e-05	3.66e-07	0.00e+00	0.00e+00	0.00e+00	0.00e+00
 1.32890e+23	6.98e-14	6.82e-09	2.99e-05	9.24e-04	1.08e-02	3.27e-02	2.29e-02	6.40e-02	4.37e-01	3.42e-01	7.95e-02	9.38e-03	5.54e-04	1.51e-05	3.07e-07	0.00e+00	0.00e+00	0.00e+00	0.00e+00
 1.34099e+23	9.85e-14	9.20e-09	3.85e-05	1.14e-03	1.28e-02	3.71e-02	2.48e-02	6.88e-02	4.44e-01	3.30e-01	7.28e-02	8.23e-03	4.65e-04	1.23e-05	2.42e-07	0.00e+00	0.00e+00	0.00e+00	0.00e+00
 1.35334e+23	1.30e-13	1.17e-08	4.72e-05	1.35e-03	1.46e-02	4.09e-02	2.64e-02	7.25e-02	4.49e-01	3.19e-01	6.79e-02	7.43e-03	4.06e-04	1.05e-05	2.01e-07	0.00e+00	0.00e+00	0.00e+00	0.00e+00
 1.36600e+23	1.86e-13	1.60e-08	6.14e-05	1.68e-03	1.72e-02	4.64e-02	2.86e-02	7.77e-02	4.54e-01	3.06e-01	6.17e-02	6.46e-03	3.37e-04	8.49e-06	1.56e-07	0.00e+00	0.00e+00	0.00e+00	0.00e+00
 1.37899e+23	2.48e-13	2.05e-08	7.60e-05	2.00e-03	1.97e-02	5.12e-02	3.05e-02	8.18e-02	4.57e-01	2.94e-01	5.70e-02	5.77e-03	2.91e-04	7.15e-06	1.28e-07	0.00e+00	0.00e+00	0.00e+00	0.00e+00
 1.39241e+23	3.61e-13	2.84e-08	1.00e-04	2.50e-03	2.34e-02	5.81e-02	3.30e-02	8.72e-02	4.60e-01	2.79e-01	5.13e-02	4.96e-03	2.39e-04	5.69e-06	0.00e+00	0.00e+00	0.00e+00	0.00e+00	0.00e+00
 1.40603e+23	4.86e-13	3.67e-08	1.24e-04	2.98e-03	2.67e-02	6.40e-02	3.51e-02	9.14e-02	4.61e-01	2.67e-01	4.71e-02	4.40e-03	2.04e-04	4.76e-06	0.00e+00	0.00e+00	0.00e+00	0.00e+00	0.00e+00
 1.41990e+23	7.12e-13	5.11e-08	1.64e-04	3.73e-03	3.17e-02	7.24e-02	3.78e-02	9.69e-02	4.60e-01	2.52e-01	4.20e-02	3.74e-03	1.66e-04	3.75e-06	0.00e+00	0.00e+00	0.00e+00	0.00e+00	0.00e+00
 1.43393e+23	9.58e-13	6.61e-08	2.04e-04	4.44e-03	3.61e-02	7.94e-02	4.00e-02	1.01e-01	4.58e-01	2.39e-01	3.83e-02	3.30e-03	1.41e-04	3.11e-06	0.00e+00	0.00e+00	0.00e+00	0.00e+00	0.00e+00
 1.44817e+23	1.41e-12	9.22e-08	2.70e-04	5.56e-03	4.27e-02	8.93e-02	4.28e-02	1.06e-01	4.53e-01	2.23e-01	3.38e-02	2.77e-03	1.13e-04	2.43e-06	0.00e+00	0.00e+00	0.00e+00	0.00e+00	0.00e+00
 1.46262e+23	1.90e-12	1.19e-07	3.35e-04	6.61e-03	4.85e-02	9.76e-02	4.50e-02	1.10e-01	4.48e-01	2.10e-01	3.05e-02	2.42e-03	9.53e-05	1.99e-06	0.00e+00	0.00e+00	0.00e+00	0.00e+00	0.00e+00
 1.47529e+23	2.55e-12	1.54e-07	4.13e-04	7.81e-03	5.49e-02	1.06e-01	4.72e-02	1.14e-01	4.42e-01	1.98e-01	2.76e-02	2.11e-03	8.02e-05	1.64e-06	0.00e+00	0.00e+00	0.00e+00	0.00e+00	0.00e+00
 1.48973e+23	3.72e-12	2.13e-07	5.42e-04	9.67e-03	6.42e-02	1.18e-01	4.99e-02	1.18e-01	4.32e-01	1.82e-01	2.40e-02	1.75e-03	6.36e-05	1.26e-06	0.00e+00	0.00e+00	0.00e+00	0.00e+00	0.00e+00
 1.50429e+23	4.97e-12	2.73e-07	6.66e-04	1.14e-02	7.22e-02	1.27e-01	5.20e-02	1.21e-01	4.22e-01	1.70e-01	2.15e-02	1.51e-03	5.31e-05	1.03e-06	0.00e+00	0.00e+00	0.00e+00	0.00e+00	0.00e+00
 1.51627e+23	6.39e-12	3.38e-07	7.97e-04	1.31e-02	7.97e-02	1.36e-01	5.37e-02	1.23e-01	4.13e-01	1.60e-01	1.94e-02	1.33e-03	4.52e-05	8.60e-07	0.00e+00	0.00e+00	0.00e+00	0.00e+00	0.00e+00
 1.52910e+23	8.74e-12	4.41e-07	9.94e-04	1.55e-02	9.01e-02	1.47e-01	5.58e-02	1.25e-01	4.00e-01	1.47e-01	1.71e-02	1.12e-03	3.67e-05	6.83e-07	0.00e+00	0.00e+00	0.00e+00	0.00e+00	0.00e+00
 1.54223e+23	1.14e-11	5.52e-07	1.19e-03	1.79e-02	9.95e-02	1.56e-01	5.73e-02	1.27e-01	3.88e-01	1.36e-01	1.52e-02	9.70e-04	3.07e-05	5.60e-07	0.00e+00	0.00e+00	0.00e+00	0.00e+00	0.00e+00
 1.55390e+23	1.46e-11	6.82e-07	1.42e-03	2.04e-02	1.09e-01	1.66e-01	5.87e-02	1.28e-01	3.75e-01	1.27e-01	1.36e-02	8.40e-04	2.58e-05	4.61e-07	0.00e+00	0.00e+00	0.00e+00	0.00e+00	0.00e+00
 1.56726e+23	1.99e-11	8.86e-07	1.76e-03	2.40e-02	1.22e-01	1.77e-01	6.03e-02	1.29e-01	3.59e-01	1.15e-01	1.18e-02	6.99e-04	2.07e-05	3.60e-07	0.00e+00	0.00e+00	0.00e+00	0.00e+00	0.00e+00
 1.58113e+23	2.61e-11	1.12e-06	2.13e-03	2.77e-02	1.34e-01	1.87e-01	6.14e-02	1.29e-01	3.43e-01	1.05e-01	1.03e-02	5.89e-04	1.68e-05	2.87e-07	0.00e+00	0.00e+00	0.00e+00	0.00e+00	0.00e+00
 1.59352e+23	3.35e-11	1.38e-06	2.52e-03	3.15e-02	1.46e-01	1.96e-01	6.22e-02	1.29e-01	3.28e-01	9.58e-02	9.06e-03	5.03e-04	1.39e-05	2.33e-07	0.00e+00	0.00e+00	0.00e+00	0.00e+00	0.00e+00
 1.60745e+23	4.54e-11	1.78e-06	3.10e-03	3.67e-02	1.62e-01	2.06e-01	6.30e-02	1.28e-01	3.08e-01	8.54e-02	7.69e-03	4.10e-04	1.09e-05	1.78e-07	0.00e+00	0.00e+00	0.00e+00	0.00e+00	0.00e+00
 1.62203e+23	5.98e-11	2.24e-06	3.73e-03	4.20e-02	1.76e-01	2.16e-01	6.34e-02	1.26e-01	2.90e-01	7.63e-02	6.58e-03	3.39e-04	8.68e-06	1.39e-07	0.00e+00	0.00e+00	0.00e+00	0.00e+00	0.00e+00
 1.63518e+23	7.65e-11	2.75e-06	4.40e-03	4.73e-02	1.90e-01	2.23e-01	6.35e-02	1.24e-01	2.73e-01	6.87e-02	5.68e-03	2.83e-04	7.03e-06	0.00e+00	0.00e+00	0.00e+00	0.00e+00	0.00e+00	0.00e+00
 1.65002e+23	1.04e-10	3.55e-06	5.39e-03	5.47e-02	2.08e-01	2.32e-01	6.33e-02	1.21e-01	2.51e-01	5.97e-02	4.70e-03	2.25e-04	5.36e-06	0.00e+00	0.00e+00	0.00e+00	0.00e+00	0.00e+00	0.00e+00
 1.66536e+23	1.36e-10	4.44e-06	6.43e-03	6.20e-02	2.24e-01	2.39e-01	6.28e-02	1.18e-01	2.32e-01	5.24e-02	3.94e-03	1.82e-04	4.17e-06	0.00e+00	0.00e+00	0.00e+00	0.00e+00	0.00e+00	0.00e+00
 1.67902e+23	1.74e-10	5.42e-06	7.51e-03	6.91e-02	2.38e-01	2.44e-01	6.20e-02	1.14e-01	2.15e-01	4.63e-02	3.34e-03	1.49e-04	3.31e-06	0.00e+00	0.00e+00	0.00e+00	0.00e+00	0.00e+00	0.00e+00
 1.69448e+23	2.34e-10	6.93e-06	9.09e-03	7.88e-02	2.56e-01	2.50e-01	6.08e-02	1.09e-01	1.94e-01	3.94e-02	2.70e-03	1.15e-04	2.46e-06	0.00e+00	0.00e+00	0.00e+00	0.00e+00	0.00e+00	0.00e+00
 1.71054e+23	3.05e-10	8.60e-06	1.07e-02	8.82e-02	2.72e-01	2.53e-01	5.94e-02	1.04e-01	1.76e-01	3.39e-02	2.22e-03	9.12e-05	1.87e-06	0.00e+00	0.00e+00	0.00e+00	0.00e+00	0.00e+00	0.00e+00
 1.72500e+23	3.88e-10	1.05e-05	1.25e-02	9.75e-02	2.86e-01	2.55e-01	5.78e-02	9.95e-02	1.60e-01	2.93e-02	1.84e-03	7.29e-05	1.45e-06	0.00e+00	0.00e+00	0.00e+00	0.00e+00	0.00e+00	0.00e+00
 1.74138e+23	5.25e-10	1.34e-05	1.50e-02	1.10e-01	3.04e-01	2.56e-01	5.56e-02	9.31e-02	1.41e-01	2.42e-02	1.43e-03	5.45e-05	1.04e-06	0.00e+00	0.00e+00	0.00e+00	0.00e+00	0.00e+00	0.00e+00
 1.75829e+23	6.77e-10	1.64e-05	1.75e-02	1.21e-01	3.17e-01	2.55e-01	5.34e-02	8.76e-02	1.25e-01	2.04e-02	1.16e-03	4.23e-05	7.75e-07	0.00e+00	0.00e+00	0.00e+00	0.00e+00	0.00e+00	0.00e+00
 1.77353e+23	8.60e-10	1.99e-05	2.02e-02	1.33e-01	3.30e-01	2.54e-01	5.12e-02	8.21e-02	1.12e-01	1.73e-02	9.34e-04	3.30e-05	5.82e-07	0.00e+00	0.00e+00	0.00e+00	0.00e+00	0.00e+00	0.00e+00
 1.79100e+23	1.16e-09	2.52e-05	2.42e-02	1.48e-01	3.44e-01	2.50e-01	4.83e-02	7.52e-02	9.59e-02	1.38e-02	7.06e-04	2.38e-05	4.02e-07	0.00e+00	0.00e+00	0.00e+00	0.00e+00	0.00e+00	0.00e+00
 1.80870e+23	1.49e-09	3.07e-05	2.79e-02	1.61e-01	3.54e-01	2.45e-01	4.57e-02	6.96e-02	8.39e-02	1.14e-02	5.57e-04	1.81e-05	2.93e-07	0.00e+00	0.00e+00	0.00e+00	0.00e+00	0.00e+00	0.00e+00
 1.82434e+23	1.87e-09	3.68e-05	3.18e-02	1.74e-01	3.63e-01	2.40e-01	4.33e-02	6.43e-02	7.37e-02	9.52e-03	4.43e-04	1.39e-05	2.17e-07	0.00e+00	0.00e+00	0.00e+00	0.00e+00	0.00e+00	0.00e+00
 1.84232e+23	2.52e-09	4.63e-05	3.75e-02	1.91e-01	3.72e-01	2.32e-01	4.00e-02	5.77e-02	6.18e-02	7.44e-03	3.27e-04	9.77e-06	1.46e-07	0.00e+00	0.00e+00	0.00e+00	0.00e+00	0.00e+00	0.00e+00
 1.86052e+23	3.18e-09	5.55e-05	4.27e-02	2.05e-01	3.77e-01	2.25e-01	3.74e-02	5.27e-02	5.34e-02	6.07e-03	2.54e-04	7.33e-06	0.00e+00	0.00e+00	0.00e+00	0.00e+00	0.00e+00	0.00e+00	0.00e+00
 1.87901e+23	4.22e-09	6.91e-05	4.98e-02	2.23e-01	3.82e-01	2.15e-01	3.43e-02	4.68e-02	4.44e-02	4.69e-03	1.86e-04	5.11e-06	0.00e+00	0.00e+00	0.00e+00	0.00e+00	0.00e+00	0.00e+00	0.00e+00
 1.89788e+23	5.34e-09	8.28e-05	5.65e-02	2.38e-01	3.84e-01	2.06e-01	3.17e-02	4.21e-02	3.78e-02	3.76e-03	1.42e-04	3.75e-06	0.00e+00	0.00e+00	0.00e+00	0.00e+00	0.00e+00	0.00e+00	0.00e+00
 1.91468e+23	6.70e-09	9.85e-05	6.36e-02	2.52e-01	3.85e-01	1.96e-01	2.93e-02	3.79e-02	3.21e-02	3.02e-03	1.09e-04	2.77e-06	0.00e+00	0.00e+00	0.00e+00	0.00e+00	0.00e+00	0.00e+00	0.00e+00
 1.93395e+23	8.88e-09	1.22e-04	7.35e-02	2.70e-01	3.84e-01	1.84e-01	2.64e-02	3.30e-02	2.61e-02	2.28e-03	7.72e-05	1.87e-06	0.00e+00	0.00e+00	0.00e+00	0.00e+00	0.00e+00	0.00e+00	0.00e+00
 1.95355e+23	1.11e-08	1.45e-04	8.24e-02	2.85e-01	3.81e-01	1.74e-01	2.41e-02	2.94e-02	2.19e-02	1.80e-03	5.81e-05	1.36e-06	0.00e+00	0.00e+00	0.00e+00	0.00e+00	0.00e+00	0.00e+00	0.00e+00
 1.97355e+23	1.48e-08	1.79e-04	9.48e-02	3.03e-01	3.75e-01	1.62e-01	2.15e-02	2.52e-02	1.75e-02	1.33e-03	4.03e-05	8.97e-07	0.00e+00	0.00e+00	0.00e+00	0.00e+00	0.00e+00	0.00e+00	0.00e+00
 1.99308e+23	1.81e-08	2.08e-04	1.05e-01	3.15e-01	3.69e-01	1.52e-01	1.96e-02	2.24e-02	1.48e-02	1.06e-03	3.08e-05	6.61e-07	0.00e+00	0.00e+00	0.00e+00	0.00e+00	0.00e+00	0.00e+00	0.00e+00
 2.01201e+23	2.35e-08	2.52e-04	1.18e-01	3.31e-01	3.61e-01	1.41e-01	1.74e-02	1.93e-02	1.18e-02	7.87e-04	2.17e-05	4.44e-07	0.00e+00	0.00e+00	0.00e+00	0.00e+00	0.00e+00	0.00e+00	0.00e+00
 2.03068e+23	2.84e-08	2.89e-04	1.29e-01	3.41e-01	3.53e-01	1.32e-01	1.59e-02	1.71e-02	1.00e-02	6.31e-04	1.67e-05	3.30e-07	0.00e+00	0.00e+00	0.00e+00	0.00e+00	0.00e+00	0.00e+00	0.00e+00
 2.04647e+23	3.40e-08	3.30e-04	1.40e-01	3.51e-01	3.45e-01	1.24e-01	1.46e-02	1.53e-02	8.53e-03	5.08e-04	1.29e-05	2.47e-07	0.00e+00	0.00e+00	0.00e+00	0.00e+00	0.00e+00	0.00e+00	0.00e+00
 2.06444e+23	4.30e-08	3.92e-04	1.56e-01	3.63e-01	3.33e-01	1.14e-01	1.29e-02	1.31e-02	6.86e-03	3.80e-04	9.17e-06	1.68e-07	0.00e+00	0.00e+00	0.00e+00	0.00e+00	0.00e+00	0.00e+00	0.00e+00
 2.08228e+23	5.11e-08	4.43e-04	1.68e-01	3.71e-01	3.24e-01	1.07e-01	1.18e-02	1.16e-02	5.81e-03	3.06e-04	7.10e-06	1.26e-07	0.00e+00	0.00e+00	0.00e+00	0.00e+00	0.00e+00	0.00e+00	0.00e+00
 2.09997e+23	6.35e-08	5.18e-04	1.85e-01	3.81e-01	3.11e-01	9.78e-02	1.05e-02	1.00e-02	4.71e-03	2.31e-04	5.11e-06	0.00e+00	0.00e+00	0.00e+00	0.00e+00	0.00e+00	0.00e+00	0.00e+00	0.00e+00
 2.11817e+23	7.60e-08	5.89e-04	1.99e-01	3.88e-01	3.00e-01	9.07e-02	9.44e-03	8.78e-03	3.92e-03	1.82e-04	3.87e-06	0.00e+00	0.00e+00	0.00e+00	0.00e+00	0.00e+00	0.00e+00	0.00e+00	0.00e+00
 2.13455e+23	9.04e-08	6.66e-04	2.14e-01	3.93e-01	2.89e-01	8.40e-02	8.52e-03	7.71e-03	3.28e-03	1.44e-04	2.94e-06	0.00e+00	0.00e+00	0.00e+00	0.00e+00	0.00e+00	0.00e+00	0.00e+00	0.00e+00
 2.15339e+23	1.13e-07	7.78e-04	2.34e-01	3.99e-01	2.74e-01	7.60e-02	7.46e-03	6.51e-03	2.60e-03	1.06e-04	2.06e-06	0.00e+00	0.00e+00	0.00e+00	0.00e+00	0.00e+00	0.00e+00	0.00e+00	0.00e+00
 2.17237e+23	1.34e-07	8.76e-04	2.50e-01	4.03e-01	2.62e-01	7.00e-02	6.69e-03	5.68e-03	2.16e-03	8.31e-05	1.56e-06	0.00e+00	0.00e+00	0.00e+00	0.00e+00	0.00e+00	0.00e+00	0.00e+00	0.00e+00
 2.19153e+23	1.66e-07	1.02e-03	2.71e-01	4.07e-01	2.46e-01	6.29e-02	5.82e-03	4.77e-03	1.70e-03	6.09e-05	1.09e-06	0.00e+00	0.00e+00	0.00e+00	0.00e+00	0.00e+00	0.00e+00	0.00e+00	0.00e+00
 2.20925e+23	1.92e-07	1.12e-03	2.85e-01	4.08e-01	2.36e-01	5.84e-02	5.30e-03	4.23e-03	1.45e-03	4.93e-05	8.52e-07	0.00e+00	0.00e+00	0.00e+00	0.00e+00	0.00e+00	0.00e+00	0.00e+00	0.00e+00
 2.22510e+23	2.27e-07	1.26e-03	3.03e-01	4.09e-01	2.24e-01	5.35e-02	4.73e-03	3.67e-03	1.20e-03	3.84e-05	6.38e-07	0.00e+00	0.00e+00	0.00e+00	0.00e+00	0.00e+00	0.00e+00	0.00e+00	0.00e+00
 2.24141e+23	2.62e-07	1.38e-03	3.18e-01	4.09e-01	2.13e-01	4.94e-02	4.28e-03	3.24e-03	1.01e-03	3.08e-05	4.96e-07	0.00e+00	0.00e+00	0.00e+00	0.00e+00	0.00e+00	0.00e+00	0.00e+00	0.00e+00
 2.25597e+23	2.99e-07	1.51e-03	3.33e-01	4.08e-01	2.04e-01	4.59e-02	3.89e-03	2.87e-03	8.63e-04	2.50e-05	3.91e-07	0.00e+00	0.00e+00	0.00e+00	0.00e+00	0.00e+00	0.00e+00	0.00e+00	0.00e+00
 2.27255e+23	3.54e-07	1.69e-03	3.53e-01	4.06e-01	1.92e-01	4.16e-02	3.44e-03	2.47e-03	7.04e-04	1.92e-05	2.89e-07	0.00e+00	0.00e+00	0.00e+00	0.00e+00	0.00e+00	0.00e+00	0.00e+00	0.00e+00
 2.28940e+23	4.07e-07	1.86e-03	3.69e-01	4.04e-01	1.82e-01	3.83e-02	3.10e-03	2.17e-03	5.93e-04	1.53e-05	2.24e-07	0.00e+00	0.00e+00	0.00e+00	0.00e+00	0.00e+00	0.00e+00	0.00e+00	0.00e+00
 2.30425e+23	4.65e-07	2.03e-03	3.84e-01	4.01e-01	1.72e-01	3.54e-02	2.81e-03	1.91e-03	5.02e-04	1.23e-05	1.75e-07	0.00e+00	0.00e+00	0.00e+00	0.00e+00	0.00e+00	0.00e+00	0.00e+00	0.00e+00
 2.32123e+23	5.48e-07	2.26e-03	4.04e-01	3.96e-01	1.61e-01	3.20e-02	2.47e-03	1.63e-03	4.08e-04	9.41e-06	1.29e-07	0.00e+00	0.00e+00	0.00e+00	0.00e+00	0.00e+00	0.00e+00	0.00e+00	0.00e+00
 2.33847e+23	6.27e-07	2.46e-03	4.20e-01	3.92e-01	1.52e-01	2.93e-02	2.22e-03	1.43e-03	3.42e-04	7.49e-06	0.00e+00	0.00e+00	0.00e+00	0.00e+00	0.00e+00	0.00e+00	0.00e+00	0.00e+00	0.00e+00
 2.35371e+23	7.16e-07	2.68e-03	4.37e-01	3.87e-01	1.43e-01	2.69e-02	2.00e-03	1.26e-03	2.88e-04	5.99e-06	0.00e+00	0.00e+00	0.00e+00	0.00e+00	0.00e+00	0.00e+00	0.00e+00	0.00e+00	0.00e+00
 2.37116e+23	8.44e-07	2.98e-03	4.58e-01	3.80e-01	1.33e-01	2.42e-02	1.75e-03	1.07e-03	2.32e-04	4.53e-06	0.00e+00	0.00e+00	0.00e+00	0.00e+00	0.00e+00	0.00e+00	0.00e+00	0.00e+00	0.00e+00
 2.38883e+23	9.65e-07	3.25e-03	4.74e-01	3.73e-01	1.24e-01	2.21e-02	1.56e-03	9.31e-04	1.94e-04	3.59e-06	0.00e+00	0.00e+00	0.00e+00	0.00e+00	0.00e+00	0.00e+00	0.00e+00	0.00e+00	0.00e+00
 2.40442e+23	1.10e-06	3.52e-03	4.91e-01	3.66e-01	1.17e-01	2.02e-02	1.40e-03	8.14e-04	1.63e-04	2.86e-06	0.00e+00	0.00e+00	0.00e+00	0.00e+00	0.00e+00	0.00e+00	0.00e+00	0.00e+00	0.00e+00
 2.42231e+23	1.29e-06	3.90e-03	5.12e-01	3.57e-01	1.08e-01	1.80e-02	1.22e-03	6.89e-04	1.31e-04	2.15e-06	0.00e+00	0.00e+00	0.00e+00	0.00e+00	0.00e+00	0.00e+00	0.00e+00	0.00e+00	0.00e+00
 2.44052e+23	1.48e-06	4.24e-03	5.28e-01	3.49e-01	1.00e-01	1.64e-02	1.09e-03	5.99e-04	1.09e-04	1.69e-06	0.00e+00	0.00e+00	0.00e+00	0.00e+00	0.00e+00	0.00e+00	0.00e+00	0.00e+00	0.00e+00
 2.45914e+23	1.74e-06	4.69e-03	5.49e-01	3.38e-01	9.17e-02	1.45e-02	9.42e-04	5.03e-04	8.63e-05	1.25e-06	0.00e+00	0.00e+00	0.00e+00	0.00e+00	0.00e+00	0.00e+00	0.00e+00	0.00e+00	0.00e+00
 2.47798e+23	1.99e-06	5.09e-03	5.66e-01	3.29e-01	8.51e-02	1.32e-02	8.35e-04	4.35e-04	7.12e-05	9.79e-07	0.00e+00	0.00e+00	0.00e+00	0.00e+00	0.00e+00	0.00e+00	0.00e+00	0.00e+00	0.00e+00
 2.49711e+23	2.34e-06	5.62e-03	5.87e-01	3.17e-01	7.75e-02	1.16e-02	7.20e-04	3.65e-04	5.64e-05	7.23e-07	0.00e+00	0.00e+00	0.00e+00	0.00e+00	0.00e+00	0.00e+00	0.00e+00	0.00e+00	0.00e+00
 2.51660e+23	2.68e-06	6.10e-03	6.04e-01	3.07e-01	7.15e-02	1.05e-02	6.35e-04	3.14e-04	4.62e-05	5.60e-07	0.00e+00	0.00e+00	0.00e+00	0.00e+00	0.00e+00	0.00e+00	0.00e+00	0.00e+00	0.00e+00
 2.53396e+23	3.05e-06	6.59e-03	6.19e-01	2.97e-01	6.61e-02	9.47e-03	5.62e-04	2.72e-04	3.81e-05	4.36e-07	0.00e+00	0.00e+00	0.00e+00	0.00e+00	0.00e+00	0.00e+00	0.00e+00	0.00e+00	0.00e+00
 2.55392e+23	3.59e-06	7.27e-03	6.39e-01	2.84e-01	5.98e-02	8.33e-03	4.81e-04	2.27e-04	2.99e-05	3.19e-07	0.00e+00	0.00e+00	0.00e+00	0.00e+00	0.00e+00	0.00e+00	0.00e+00	0.00e+00	0.00e+00
 2.57437e+23	4.12e-06	7.88e-03	6.55e-01	2.74e-01	5.48e-02	7.46e-03	4.22e-04	1.95e-04	2.43e-05	2.44e-07	0.00e+00	0.00e+00	0.00e+00	0.00e+00	0.00e+00	0.00e+00	0.00e+00	0.00e+00	0.00e+00
 2.59260e+23	4.70e-06	8.51e-03	6.70e-01	2.64e-01	5.03e-02	6.70e-03	3.71e-04	1.68e-04	1.99e-05	1.89e-07	0.00e+00	0.00e+00	0.00e+00	0.00e+00	0.00e+00	0.00e+00	0.00e+00	0.00e+00	0.00e+00
 2.60828e+23	5.16e-06	8.98e-03	6.81e-01	2.56e-01	4.73e-02	6.20e-03	3.38e-04	1.51e-04	1.72e-05	1.57e-07	0.00e+00	0.00e+00	0.00e+00	0.00e+00	0.00e+00	0.00e+00	0.00e+00	0.00e+00	0.00e+00
 2.62353e+23	5.82e-06	9.63e-03	6.94e-01	2.46e-01	4.36e-02	5.61e-03	3.00e-04	1.32e-04	1.43e-05	0.00e+00	0.00e+00	0.00e+00	0.00e+00	0.00e+00	0.00e+00	0.00e+00	0.00e+00	0.00e+00	0.00e+00
 2.63903e+23	6.42e-06	1.02e-02	7.05e-01	2.39e-01	4.08e-02	5.17e-03	2.72e-04	1.18e-04	1.23e-05	0.00e+00	0.00e+00	0.00e+00	0.00e+00	0.00e+00	0.00e+00	0.00e+00	0.00e+00	0.00e+00	0.00e+00
 2.65484e+23	7.25e-06	1.09e-02	7.18e-01	2.29e-01	3.76e-02	4.66e-03	2.41e-04	1.03e-04	1.02e-05	0.00e+00	0.00e+00	0.00e+00	0.00e+00	0.00e+00	0.00e+00	0.00e+00	0.00e+00	0.00e+00	0.00e+00
 2.67083e+23	8.01e-06	1.16e-02	7.28e-01	2.21e-01	3.51e-02	4.28e-03	2.18e-04	9.23e-05	8.69e-06	0.00e+00	0.00e+00	0.00e+00	0.00e+00	0.00e+00	0.00e+00	0.00e+00	0.00e+00	0.00e+00	0.00e+00
 2.68706e+23	9.07e-06	1.24e-02	7.41e-01	2.11e-01	3.21e-02	3.85e-03	1.92e-04	8.03e-05	7.13e-06	0.00e+00	0.00e+00	0.00e+00	0.00e+00	0.00e+00	0.00e+00	0.00e+00	0.00e+00	0.00e+00	0.00e+00
 2.70341e+23	1.00e-05	1.31e-02	7.50e-01	2.03e-01	2.99e-02	3.53e-03	1.74e-04	7.19e-05	6.10e-06	0.00e+00	0.00e+00	0.00e+00	0.00e+00	0.00e+00	0.00e+00	0.00e+00	0.00e+00	0.00e+00	0.00e+00
 2.71991e+23	1.13e-05	1.40e-02	7.62e-01	1.93e-01	2.74e-02	3.17e-03	1.53e-04	6.27e-05	5.01e-06	0.00e+00	0.00e+00	0.00e+00	0.00e+00	0.00e+00	0.00e+00	0.00e+00	0.00e+00	0.00e+00	0.00e+00
 2.73675e+23	1.25e-05	1.49e-02	7.71e-01	1.86e-01	2.54e-02	2.90e-03	1.37e-04	5.60e-05	4.24e-06	0.00e+00	0.00e+00	0.00e+00	0.00e+00	0.00e+00	0.00e+00	0.00e+00	0.00e+00	0.00e+00	0.00e+00
 2.75403e+23	1.43e-05	1.60e-02	7.83e-01	1.76e-01	2.31e-02	2.59e-03	1.20e-04	4.85e-05	3.44e-06	0.00e+00	0.00e+00	0.00e+00	0.00e+00	0.00e+00	0.00e+00	0.00e+00	0.00e+00	0.00e+00	0.00e+00
 2.77140e+23	1.57e-05	1.68e-02	7.91e-01	1.68e-01	2.15e-02	2.37e-03	1.08e-04	4.35e-05	2.93e-06	0.00e+00	0.00e+00	0.00e+00	0.00e+00	0.00e+00	0.00e+00	0.00e+00	0.00e+00	0.00e+00	0.00e+00
 2.78889e+23	1.79e-05	1.81e-02	8.01e-01	1.59e-01	1.95e-02	2.11e-03	9.46e-05	3.78e-05	2.37e-06	0.00e+00	0.00e+00	0.00e+00	0.00e+00	0.00e+00	0.00e+00	0.00e+00	0.00e+00	0.00e+00	0.00e+00
 2.80678e+23	1.99e-05	1.91e-02	8.10e-01	1.51e-01	1.80e-02	1.92e-03	8.45e-05	3.37e-05	1.99e-06	0.00e+00	0.00e+00	0.00e+00	0.00e+00	0.00e+00	0.00e+00	0.00e+00	0.00e+00	0.00e+00	0.00e+00
 2.82519e+23	2.28e-05	2.06e-02	8.20e-01	1.41e-01	1.62e-02	1.70e-03	7.32e-05	2.91e-05	1.59e-06	0.00e+00	0.00e+00	0.00e+00	0.00e+00	0.00e+00	0.00e+00	0.00e+00	0.00e+00	0.00e+00	0.00e+00
 2.84382e+23	2.54e-05	2.18e-02	8.27e-01	1.34e-01	1.50e-02	1.54e-03	6.52e-05	2.60e-05	1.34e-06	0.00e+00	0.00e+00	0.00e+00	0.00e+00	0.00e+00	0.00e+00	0.00e+00	0.00e+00	0.00e+00	0.00e+00
 2.86273e+23	2.91e-05	2.35e-02	8.37e-01	1.25e-01	1.35e-02	1.36e-03	5.65e-05	2.25e-05	1.07e-06	0.00e+00	0.00e+00	0.00e+00	0.00e+00	0.00e+00	0.00e+00	0.00e+00	0.00e+00	0.00e+00	0.00e+00
 2.88191e+23	3.26e-05	2.49e-02	8.44e-01	1.17e-01	1.24e-02	1.23e-03	5.01e-05	2.00e-05	8.87e-07	0.00e+00	0.00e+00	0.00e+00	0.00e+00	0.00e+00	0.00e+00	0.00e+00	0.00e+00	0.00e+00	0.00e+00
 2.90145e+23	3.75e-05	2.68e-02	8.53e-01	1.08e-01	1.11e-02	1.08e-03	4.30e-05	1.73e-05	7.01e-07	0.00e+00	0.00e+00	0.00e+00	0.00e+00	0.00e+00	0.00e+00	0.00e+00	0.00e+00	0.00e+00	0.00e+00
 2.92097e+23	4.21e-05	2.85e-02	8.59e-01	1.01e-01	1.02e-02	9.73e-04	3.81e-05	1.54e-05	5.82e-07	0.00e+00	0.00e+00	0.00e+00	0.00e+00	0.00e+00	0.00e+00	0.00e+00	0.00e+00	0.00e+00	0.00e+00
 2.94049e+23	4.85e-05	3.07e-02	8.67e-01	9.23e-02	9.10e-03	8.53e-04	3.27e-05	1.33e-05	4.59e-07	0.00e+00	0.00e+00	0.00e+00	0.00e+00	0.00e+00	0.00e+00	0.00e+00	0.00e+00	0.00e+00	0.00e+00
 2.96005e+23	5.46e-05	3.26e-02	8.73e-01	8.56e-02	8.32e-03	7.68e-04	2.89e-05	1.19e-05	3.79e-07	0.00e+00	0.00e+00	0.00e+00	0.00e+00	0.00e+00	0.00e+00	0.00e+00	0.00e+00	0.00e+00	0.00e+00
 2.97965e+23	6.32e-05	3.52e-02	8.79e-01	7.73e-02	7.44e-03	6.71e-04	2.47e-05	1.03e-05	2.98e-07	0.00e+00	0.00e+00	0.00e+00	0.00e+00	0.00e+00	0.00e+00	0.00e+00	0.00e+00	0.00e+00	0.00e+00
 2.99925e+23	7.15e-05	3.74e-02	8.84e-01	7.09e-02	6.79e-03	6.02e-04	2.17e-05	9.17e-06	2.45e-07	0.00e+00	0.00e+00	0.00e+00	0.00e+00	0.00e+00	0.00e+00	0.00e+00	0.00e+00	0.00e+00	0.00e+00
 3.01883e+23	8.32e-05	4.04e-02	8.90e-01	6.31e-02	6.06e-03	5.25e-04	1.85e-05	7.92e-06	1.91e-07	0.00e+00	0.00e+00	0.00e+00	0.00e+00	0.00e+00	0.00e+00	0.00e+00	0.00e+00	0.00e+00	0.00e+00
 3.03838e+23	9.47e-05	4.31e-02	8.94e-01	5.69e-02	5.52e-03	4.70e-04	1.62e-05	7.05e-06	1.57e-07	0.00e+00	0.00e+00	0.00e+00	0.00e+00	0.00e+00	0.00e+00	0.00e+00	0.00e+00	0.00e+00	0.00e+00
 3.05518e+23	1.08e-04	4.59e-02	8.97e-01	5.11e-02	5.04e-03	4.21e-04	1.43e-05	6.29e-06	1.28e-07	0.00e+00	0.00e+00	0.00e+00	0.00e+00	0.00e+00	0.00e+00	0.00e+00	0.00e+00	0.00e+00	0.00e+00
 3.07182e+23	1.23e-04	4.89e-02	9.01e-01	4.55e-02	4.59e-03	3.76e-04	1.25e-05	5.60e-06	0.00e+00	0.00e+00	0.00e+00	0.00e+00	0.00e+00	0.00e+00	0.00e+00	0.00e+00	0.00e+00	0.00e+00	0.00e+00
 3.08290e+23	1.31e-04	5.05e-02	9.03e-01	4.20e-02	4.42e-03	3.58e-04	1.18e-05	5.33e-06	0.00e+00	0.00e+00	0.00e+00	0.00e+00	0.00e+00	0.00e+00	0.00e+00	0.00e+00	0.00e+00	0.00e+00	0.00e+00
