#depth	S	S+	S+2	S+3	S+4	S+5	S+6	S+7	S+8	S+9	S+10	S+11	S+12	S+13	S+14	S+15	S+16
 1.54284e+22	0.00e+00	1.33e-22	8.66e-19	5.42e-16	1.60e-13	2.94e-11	3.74e-08	3.95e-06	1.39e-04	1.62e-03	1.20e-02	3.90e-02	6.60e-02	1.16e-01	4.74e-01	2.49e-01	4.19e-02
 3.47657e+22	2.41e-32	3.73e-20	1.22e-16	3.44e-14	4.46e-12	3.73e-10	6.32e-07	6.38e-05	1.77e-03	1.35e-02	6.77e-02	1.43e-01	1.43e-01	1.42e-01	3.65e-01	1.12e-01	1.11e-02
 4.02740e+22	2.47e-31	2.76e-19	7.00e-16	1.47e-13	1.40e-11	8.84e-10	1.53e-06	1.52e-04	3.85e-03	2.50e-02	1.08e-01	1.96e-01	1.65e-01	1.34e-01	2.90e-01	7.24e-02	5.86e-03
 4.26730e+22	7.03e-31	6.86e-19	1.55e-15	2.85e-13	2.37e-11	1.33e-09	2.23e-06	2.20e-04	5.33e-03	3.22e-02	1.29e-01	2.20e-01	1.70e-01	1.27e-01	2.54e-01	5.76e-02	4.24e-03
 4.36875e+22	9.27e-31	8.73e-19	1.92e-15	3.40e-13	2.73e-11	1.48e-09	2.47e-06	2.42e-04	5.80e-03	3.43e-02	1.35e-01	2.26e-01	1.71e-01	1.25e-01	2.45e-01	5.40e-02	3.87e-03
 4.41816e+22	1.30e-30	1.17e-18	2.49e-15	4.23e-13	3.25e-11	1.69e-09	2.78e-06	2.71e-04	6.41e-03	3.70e-02	1.43e-01	2.33e-01	1.72e-01	1.22e-01	2.33e-01	4.99e-02	3.47e-03
 4.47130e+22	1.75e-30	1.52e-18	3.12e-15	5.12e-13	3.79e-11	1.90e-09	3.09e-06	3.00e-04	6.99e-03	3.95e-02	1.49e-01	2.39e-01	1.73e-01	1.19e-01	2.23e-01	4.64e-02	3.14e-03
 4.52929e+22	2.60e-30	2.15e-18	4.23e-15	6.60e-13	4.63e-11	2.22e-09	3.53e-06	3.42e-04	7.84e-03	4.31e-02	1.58e-01	2.47e-01	1.73e-01	1.16e-01	2.10e-01	4.21e-02	2.74e-03
 4.58696e+22	3.45e-30	2.75e-18	5.26e-15	7.92e-13	5.37e-11	2.49e-09	3.90e-06	3.76e-04	8.50e-03	4.57e-02	1.64e-01	2.52e-01	1.73e-01	1.13e-01	2.01e-01	3.91e-02	2.48e-03
 4.64423e+22	4.99e-30	3.80e-18	6.99e-15	1.00e-12	6.50e-11	2.89e-09	4.42e-06	4.23e-04	9.42e-03	4.94e-02	1.73e-01	2.59e-01	1.73e-01	1.09e-01	1.89e-01	3.55e-02	2.18e-03
 4.70122e+22	6.54e-30	4.82e-18	8.61e-15	1.20e-12	7.50e-11	3.23e-09	4.86e-06	4.62e-04	1.02e-02	5.22e-02	1.79e-01	2.64e-01	1.72e-01	1.07e-01	1.80e-01	3.31e-02	1.97e-03
 4.75783e+22	9.35e-30	6.59e-18	1.13e-14	1.51e-12	9.02e-11	3.73e-09	5.47e-06	5.18e-04	1.12e-02	5.60e-02	1.87e-01	2.69e-01	1.71e-01	1.03e-01	1.70e-01	3.00e-02	1.73e-03
 4.81518e+22	1.22e-29	8.30e-18	1.39e-14	1.80e-12	1.04e-10	4.17e-09	6.00e-06	5.64e-04	1.20e-02	5.90e-02	1.94e-01	2.73e-01	1.70e-01	1.00e-01	1.62e-01	2.79e-02	1.57e-03
 4.87348e+22	1.73e-29	1.13e-17	1.83e-14	2.26e-12	1.25e-10	4.82e-09	6.74e-06	6.30e-04	1.32e-02	6.32e-02	2.02e-01	2.78e-01	1.69e-01	9.64e-02	1.51e-01	2.52e-02	1.37e-03
 4.93289e+22	2.26e-29	1.43e-17	2.25e-14	2.70e-12	1.44e-10	5.40e-09	7.39e-06	6.86e-04	1.42e-02	6.65e-02	2.08e-01	2.82e-01	1.67e-01	9.34e-02	1.44e-01	2.33e-02	1.23e-03
 4.99374e+22	3.23e-29	1.96e-17	2.96e-14	3.40e-12	1.74e-10	6.25e-09	8.31e-06	7.65e-04	1.56e-02	7.09e-02	2.16e-01	2.86e-01	1.65e-01	8.95e-02	1.34e-01	2.10e-02	1.07e-03
 5.05570e+22	1.03e-29	2.48e-17	3.66e-14	4.07e-12	2.01e-10	7.02e-09	9.12e-06	8.32e-04	1.67e-02	7.45e-02	2.22e-01	2.89e-01	1.63e-01	8.65e-02	1.27e-01	1.93e-02	9.60e-04
 5.11912e+22	1.47e-29	3.39e-17	4.82e-14	5.14e-12	2.43e-10	8.15e-09	1.03e-05	9.27e-04	1.83e-02	7.94e-02	2.30e-01	2.92e-01	1.60e-01	8.26e-02	1.18e-01	1.73e-02	8.30e-04
 5.18374e+22	1.92e-29	4.31e-17	5.96e-14	6.16e-12	2.82e-10	9.17e-09	1.13e-05	1.01e-03	1.96e-02	8.33e-02	2.37e-01	2.94e-01	1.58e-01	7.96e-02	1.11e-01	1.59e-02	7.41e-04
 5.24994e+22	2.75e-29	5.91e-17	7.88e-14	7.80e-12	3.42e-10	1.07e-08	1.27e-05	1.12e-03	2.14e-02	8.86e-02	2.44e-01	2.96e-01	1.55e-01	7.57e-02	1.03e-01	1.42e-02	6.37e-04
 5.31465e+22	3.49e-29	7.32e-17	9.53e-14	9.19e-12	3.92e-10	1.19e-08	1.38e-05	1.21e-03	2.28e-02	9.23e-02	2.50e-01	2.98e-01	1.52e-01	7.31e-02	9.75e-02	1.31e-02	5.74e-04
 5.37741e+22	4.89e-29	9.85e-17	1.24e-13	1.15e-11	4.70e-10	1.37e-08	1.54e-05	1.34e-03	2.47e-02	9.75e-02	2.57e-01	2.99e-01	1.49e-01	6.95e-02	9.03e-02	1.17e-02	4.96e-04
 5.44120e+22	6.23e-29	1.22e-16	1.50e-13	1.35e-11	5.39e-10	1.53e-08	1.68e-05	1.44e-03	2.62e-02	1.02e-01	2.62e-01	2.99e-01	1.46e-01	6.69e-02	8.53e-02	1.08e-02	4.46e-04
 5.50631e+22	8.64e-29	1.63e-16	1.94e-13	1.68e-11	6.45e-10	1.77e-08	1.88e-05	1.59e-03	2.84e-02	1.07e-01	2.69e-01	3.00e-01	1.42e-01	6.34e-02	7.89e-02	9.63e-03	3.85e-04
 5.57348e+22	1.13e-28	2.06e-16	2.39e-13	2.02e-11	7.47e-10	1.99e-08	2.06e-05	1.73e-03	3.02e-02	1.12e-01	2.74e-01	3.00e-01	1.39e-01	6.07e-02	7.39e-02	8.78e-03	3.41e-04
 5.64332e+22	1.57e-28	2.77e-16	3.11e-13	2.52e-11	8.99e-10	2.31e-08	2.31e-05	1.91e-03	3.27e-02	1.17e-01	2.80e-01	2.99e-01	1.35e-01	5.74e-02	6.81e-02	7.81e-03	2.93e-04
 5.71548e+22	2.07e-28	3.55e-16	3.88e-13	3.05e-11	1.05e-09	2.62e-08	2.55e-05	2.07e-03	3.49e-02	1.22e-01	2.85e-01	2.98e-01	1.32e-01	5.46e-02	6.34e-02	7.06e-03	2.57e-04
 5.79066e+22	2.92e-28	4.81e-16	5.09e-13	3.85e-11	1.28e-09	3.07e-08	2.87e-05	2.30e-03	3.79e-02	1.29e-01	2.91e-01	2.97e-01	1.27e-01	5.13e-02	5.81e-02	6.22e-03	2.19e-04
 5.86797e+22	3.91e-28	6.22e-16	6.39e-13	4.69e-11	1.50e-09	3.50e-08	3.18e-05	2.50e-03	4.05e-02	1.34e-01	2.96e-01	2.95e-01	1.23e-01	4.86e-02	5.38e-02	5.59e-03	1.91e-04
 5.94801e+22	5.58e-28	8.52e-16	8.47e-13	5.98e-11	1.84e-09	4.12e-08	3.61e-05	2.78e-03	4.39e-02	1.41e-01	3.01e-01	2.93e-01	1.19e-01	4.54e-02	4.89e-02	4.89e-03	1.61e-04
 6.03079e+22	7.55e-28	1.11e-15	1.08e-12	7.36e-11	2.19e-09	4.74e-08	4.02e-05	3.04e-03	4.70e-02	1.47e-01	3.06e-01	2.90e-01	1.15e-01	4.28e-02	4.50e-02	4.36e-03	1.38e-04
 6.11710e+22	1.10e-27	1.55e-15	1.45e-12	9.50e-11	2.71e-09	5.64e-08	4.59e-05	3.40e-03	5.11e-02	1.55e-01	3.11e-01	2.86e-01	1.10e-01	3.97e-02	4.06e-02	3.77e-03	1.15e-04
 6.20547e+22	1.50e-27	2.04e-15	1.85e-12	1.18e-10	3.24e-09	6.52e-08	5.13e-05	3.72e-03	5.47e-02	1.61e-01	3.15e-01	2.83e-01	1.05e-01	3.72e-02	3.71e-02	3.33e-03	9.84e-05
 6.28444e+22	2.01e-27	2.65e-15	2.34e-12	1.44e-10	3.84e-09	7.49e-08	5.70e-05	4.06e-03	5.83e-02	1.67e-01	3.18e-01	2.79e-01	1.01e-01	3.50e-02	3.41e-02	2.97e-03	8.48e-05
 6.37501e+22	2.99e-27	3.76e-15	3.20e-12	1.89e-10	4.81e-09	8.98e-08	6.55e-05	4.55e-03	6.34e-02	1.76e-01	3.22e-01	2.74e-01	9.59e-02	3.21e-02	3.03e-02	2.53e-03	6.92e-05
 6.46637e+22	4.02e-27	4.88e-15	4.04e-12	2.31e-10	5.70e-09	1.03e-07	7.29e-05	4.96e-03	6.76e-02	1.82e-01	3.24e-01	2.69e-01	9.19e-02	3.01e-02	2.78e-02	2.24e-03	5.94e-05
 6.55873e+22	5.95e-27	6.92e-15	5.52e-12	3.03e-10	7.13e-09	1.24e-07	8.36e-05	5.54e-03	7.33e-02	1.90e-01	3.27e-01	2.63e-01	8.68e-02	2.75e-02	2.46e-02	1.90e-03	4.83e-05
 6.65290e+22	8.14e-27	9.14e-15	7.08e-12	3.75e-10	8.54e-09	1.43e-07	9.34e-05	6.06e-03	7.81e-02	1.97e-01	3.29e-01	2.58e-01	8.27e-02	2.56e-02	2.24e-02	1.67e-03	4.08e-05
 6.74943e+22	1.21e-26	1.30e-14	9.74e-12	4.94e-10	1.07e-08	1.72e-07	1.08e-04	6.78e-03	8.46e-02	2.05e-01	3.30e-01	2.51e-01	7.76e-02	2.33e-02	1.97e-02	1.40e-03	3.29e-05
 6.84761e+22	1.68e-26	1.74e-14	1.26e-11	6.18e-10	1.29e-08	2.01e-07	1.21e-04	7.42e-03	9.02e-02	2.12e-01	3.31e-01	2.45e-01	7.36e-02	2.15e-02	1.77e-02	1.22e-03	2.75e-05
 6.94794e+22	2.55e-26	2.54e-14	1.76e-11	8.25e-10	1.64e-08	2.44e-07	1.39e-04	8.32e-03	9.78e-02	2.21e-01	3.31e-01	2.37e-01	6.86e-02	1.94e-02	1.55e-02	1.01e-03	2.18e-05
 7.04283e+22	3.35e-26	3.25e-14	2.20e-11	9.99e-10	1.93e-08	2.77e-07	1.54e-04	8.99e-03	1.03e-01	2.27e-01	3.31e-01	2.31e-01	6.53e-02	1.81e-02	1.41e-02	8.94e-04	1.86e-05
 7.13062e+22	4.84e-26	4.54e-14	2.96e-11	1.29e-09	2.38e-08	3.29e-07	1.74e-04	9.92e-03	1.10e-01	2.34e-01	3.30e-01	2.24e-01	6.12e-02	1.64e-02	1.25e-02	7.55e-04	1.51e-05
 7.21908e+22	6.36e-26	5.82e-14	3.70e-11	1.56e-09	2.80e-08	3.75e-07	1.92e-04	1.07e-02	1.16e-01	2.40e-01	3.29e-01	2.18e-01	5.81e-02	1.53e-02	1.13e-02	6.65e-04	1.29e-05
 7.30840e+22	9.22e-26	8.18e-14	5.01e-11	2.02e-09	3.46e-08	4.46e-07	2.19e-04	1.18e-02	1.24e-01	2.47e-01	3.27e-01	2.11e-01	5.42e-02	1.38e-02	9.93e-03	5.57e-04	1.03e-05
 7.39863e+22	1.22e-25	1.06e-13	6.32e-11	2.47e-09	4.09e-08	5.11e-07	2.42e-04	1.28e-02	1.31e-01	2.53e-01	3.25e-01	2.05e-01	5.12e-02	1.28e-02	8.97e-03	4.86e-04	8.69e-06
 7.49003e+22	1.78e-25	1.51e-13	8.62e-11	3.22e-09	5.10e-08	6.12e-07	2.76e-04	1.41e-02	1.40e-01	2.60e-01	3.22e-01	1.97e-01	4.75e-02	1.15e-02	7.81e-03	4.04e-04	6.90e-06
 7.58273e+22	2.37e-25	1.97e-13	1.10e-10	3.97e-09	6.06e-08	7.04e-07	3.06e-04	1.53e-02	1.47e-01	2.65e-01	3.19e-01	1.90e-01	4.47e-02	1.06e-02	7.01e-03	3.50e-04	5.76e-06
 7.67712e+22	3.47e-25	2.84e-13	1.51e-10	5.23e-09	7.63e-08	8.50e-07	3.52e-04	1.70e-02	1.58e-01	2.72e-01	3.14e-01	1.82e-01	4.12e-02	9.48e-03	6.05e-03	2.87e-04	4.50e-06
 7.77283e+22	4.64e-25	3.75e-13	1.94e-10	6.48e-09	9.12e-08	9.84e-07	3.92e-04	1.84e-02	1.66e-01	2.77e-01	3.10e-01	1.75e-01	3.85e-02	8.67e-03	5.39e-03	2.46e-04	3.72e-06
 7.87025e+22	6.79e-25	5.45e-13	2.70e-10	8.61e-09	1.16e-07	1.20e-06	4.52e-04	2.05e-02	1.77e-01	2.83e-01	3.04e-01	1.67e-01	3.52e-02	7.70e-03	4.61e-03	2.00e-04	2.87e-06
 7.96986e+22	9.23e-25	7.36e-13	3.53e-10	1.08e-08	1.40e-07	1.40e-06	5.08e-04	2.23e-02	1.87e-01	2.88e-01	2.99e-01	1.60e-01	3.27e-02	6.97e-03	4.06e-03	1.69e-04	2.33e-06
 8.07232e+22	1.36e-24	1.09e-12	5.00e-10	1.47e-08	1.81e-07	1.73e-06	5.92e-04	2.50e-02	1.99e-01	2.93e-01	2.92e-01	1.51e-01	2.96e-02	6.12e-03	3.42e-03	1.35e-04	1.76e-06
 8.17623e+22	1.86e-24	1.48e-12	6.59e-10	1.86e-08	2.21e-07	2.05e-06	6.70e-04	2.73e-02	2.10e-01	2.97e-01	2.85e-01	1.43e-01	2.73e-02	5.51e-03	2.98e-03	1.13e-04	1.40e-06
 8.27871e+22	2.68e-24	2.17e-12	9.26e-10	2.50e-08	2.84e-07	2.53e-06	7.81e-04	3.05e-02	2.24e-01	3.01e-01	2.77e-01	1.35e-01	2.46e-02	4.82e-03	2.51e-03	8.96e-05	1.06e-06
 8.37659e+22	3.49e-24	2.86e-12	1.18e-09	3.10e-08	3.41e-07	2.95e-06	8.74e-04	3.31e-02	2.34e-01	3.04e-01	2.71e-01	1.29e-01	2.28e-02	4.36e-03	2.21e-03	7.58e-05	8.60e-07
 8.47181e+22	4.89e-24	4.09e-12	1.63e-09	4.12e-08	4.35e-07	3.62e-06	1.02e-03	3.68e-02	2.47e-01	3.06e-01	2.62e-01	1.20e-01	2.05e-02	3.82e-03	1.86e-03	6.05e-05	6.51e-07
 8.56883e+22	6.38e-24	5.44e-12	2.11e-09	5.16e-08	5.28e-07	4.27e-06	1.15e-03	4.02e-02	2.59e-01	3.08e-01	2.54e-01	1.14e-01	1.88e-02	3.43e-03	1.62e-03	5.04e-05	5.20e-07
 8.66339e+22	8.62e-24	7.60e-12	2.85e-09	6.74e-08	6.65e-07	5.21e-06	1.33e-03	4.45e-02	2.72e-01	3.09e-01	2.45e-01	1.07e-01	1.69e-02	3.01e-03	1.37e-03	4.04e-05	3.96e-07
 8.75997e+22	1.11e-23	1.02e-11	3.71e-09	8.53e-08	8.17e-07	6.22e-06	1.51e-03	4.87e-02	2.85e-01	3.09e-01	2.36e-01	1.00e-01	1.53e-02	2.67e-03	1.17e-03	3.31e-05	3.11e-07
 8.85411e+22	1.45e-23	1.39e-11	4.92e-09	1.10e-07	1.02e-06	7.53e-06	1.74e-03	5.38e-02	2.98e-01	3.09e-01	2.27e-01	9.34e-02	1.38e-02	2.34e-03	9.91e-04	2.67e-05	2.38e-07
 8.95010e+22	1.85e-23	1.86e-11	6.42e-09	1.40e-07	1.26e-06	9.06e-06	1.99e-03	5.91e-02	3.11e-01	3.08e-01	2.17e-01	8.70e-02	1.24e-02	2.06e-03	8.41e-04	2.16e-05	1.84e-07
 9.04545e+22	2.36e-23	2.49e-11	8.40e-09	1.79e-07	1.56e-06	1.10e-05	2.29e-03	6.50e-02	3.25e-01	3.06e-01	2.07e-01	8.07e-02	1.11e-02	1.80e-03	7.09e-04	1.73e-05	1.40e-07
 9.14120e+22	2.96e-23	3.29e-11	1.09e-08	2.27e-07	1.93e-06	1.32e-05	2.62e-03	7.14e-02	3.38e-01	3.04e-01	1.98e-01	7.47e-02	9.89e-03	1.57e-03	5.97e-04	1.39e-05	0.00e+00
 9.23593e+22	3.68e-23	4.32e-11	1.40e-08	2.87e-07	2.38e-06	1.59e-05	3.00e-03	7.83e-02	3.51e-01	3.00e-01	1.88e-01	6.90e-02	8.80e-03	1.36e-03	5.02e-04	1.11e-05	0.00e+00
 9.33050e+22	4.54e-23	5.63e-11	1.79e-08	3.61e-07	2.92e-06	1.91e-05	3.43e-03	8.58e-02	3.63e-01	2.96e-01	1.78e-01	6.35e-02	7.82e-03	1.18e-03	4.21e-04	8.88e-06	0.00e+00
 9.42531e+22	5.55e-23	7.27e-11	2.28e-08	4.53e-07	3.59e-06	2.30e-05	3.92e-03	9.38e-02	3.76e-01	2.92e-01	1.68e-01	5.82e-02	6.92e-03	1.02e-03	3.51e-04	7.07e-06	0.00e+00
 9.52056e+22	6.74e-23	9.33e-11	2.89e-08	5.66e-07	4.39e-06	2.76e-05	4.48e-03	1.02e-01	3.87e-01	2.87e-01	1.59e-01	5.32e-02	6.11e-03	8.84e-04	2.93e-04	5.62e-06	0.00e+00
 9.61648e+22	8.13e-23	1.19e-10	3.65e-08	7.06e-07	5.37e-06	3.31e-05	5.11e-03	1.12e-01	3.99e-01	2.81e-01	1.49e-01	4.85e-02	5.37e-03	7.60e-04	2.43e-04	4.44e-06	0.00e+00
 9.71335e+22	9.78e-23	1.50e-10	4.58e-08	8.79e-07	6.55e-06	3.97e-05	5.82e-03	1.22e-01	4.09e-01	2.74e-01	1.40e-01	4.40e-02	4.71e-03	6.50e-04	2.01e-04	3.50e-06	0.00e+00
 9.81144e+22	1.17e-22	1.89e-10	5.72e-08	1.09e-06	7.98e-06	4.75e-05	6.63e-03	1.32e-01	4.19e-01	2.67e-01	1.30e-01	3.98e-02	4.11e-03	5.54e-04	1.65e-04	2.74e-06	0.00e+00
 9.91003e+22	1.40e-22	2.36e-10	7.09e-08	1.35e-06	9.67e-06	5.67e-05	7.52e-03	1.43e-01	4.28e-01	2.59e-01	1.21e-01	3.59e-02	3.58e-03	4.72e-04	1.36e-04	2.15e-06	0.00e+00
 1.00103e+23	1.67e-22	2.93e-10	8.81e-08	1.66e-06	1.18e-05	6.79e-05	8.55e-03	1.55e-01	4.37e-01	2.51e-01	1.12e-01	3.22e-02	3.10e-03	3.98e-04	1.11e-04	1.67e-06	0.00e+00
 1.01118e+23	1.99e-22	3.60e-10	1.08e-07	2.04e-06	1.42e-05	8.09e-05	9.67e-03	1.68e-01	4.44e-01	2.43e-01	1.04e-01	2.89e-02	2.68e-03	3.36e-04	9.06e-05	1.30e-06	0.00e+00
 1.02153e+23	1.00e-21	4.44e-10	1.34e-07	2.52e-06	1.72e-05	9.70e-05	1.10e-02	1.81e-01	4.50e-01	2.34e-01	9.57e-02	2.57e-02	2.30e-03	2.81e-04	7.31e-05	9.93e-07	0.00e+00
 1.03115e+23	1.17e-21	5.23e-10	1.58e-07	2.97e-06	2.00e-05	1.12e-04	1.21e-02	1.92e-01	4.54e-01	2.26e-01	8.93e-02	2.33e-02	2.03e-03	2.43e-04	6.15e-05	8.02e-07	0.00e+00
 1.04107e+23	1.42e-21	6.40e-10	1.94e-07	3.66e-06	2.43e-05	1.34e-04	1.38e-02	2.07e-01	4.59e-01	2.16e-01	8.14e-02	2.05e-02	1.72e-03	2.00e-04	4.89e-05	6.05e-07	0.00e+00
 1.05117e+23	1.67e-21	7.50e-10	2.29e-07	4.32e-06	2.83e-05	1.55e-04	1.52e-02	2.19e-01	4.61e-01	2.08e-01	7.56e-02	1.85e-02	1.51e-03	1.71e-04	4.08e-05	4.84e-07	0.00e+00
 1.06154e+23	2.02e-21	9.10e-10	2.81e-07	5.32e-06	3.44e-05	1.86e-04	1.73e-02	2.35e-01	4.63e-01	1.98e-01	6.83e-02	1.61e-02	1.26e-03	1.40e-04	3.21e-05	3.60e-07	0.00e+00
 1.07193e+23	2.39e-21	1.06e-09	3.28e-07	6.22e-06	3.97e-05	2.13e-04	1.89e-02	2.48e-01	4.64e-01	1.90e-01	6.33e-02	1.45e-02	1.11e-03	1.20e-04	2.68e-05	2.88e-07	0.00e+00
 1.08235e+23	2.91e-21	1.27e-09	3.99e-07	7.58e-06	4.78e-05	2.54e-04	2.13e-02	2.64e-01	4.63e-01	1.80e-01	5.70e-02	1.26e-02	9.28e-04	9.74e-05	2.10e-05	2.15e-07	0.00e+00
 1.09285e+23	3.43e-21	1.46e-09	4.63e-07	8.82e-06	5.49e-05	2.90e-04	2.33e-02	2.77e-01	4.62e-01	1.72e-01	5.26e-02	1.13e-02	8.09e-04	8.30e-05	1.75e-05	1.71e-07	0.00e+00
 1.10345e+23	4.20e-21	1.74e-09	5.58e-07	1.07e-05	6.56e-05	3.44e-04	2.61e-02	2.94e-01	4.59e-01	1.62e-01	4.72e-02	9.81e-03	6.76e-04	6.73e-05	1.37e-05	1.27e-07	0.00e+00
 1.11414e+23	4.97e-21	1.99e-09	6.46e-07	1.24e-05	7.52e-05	3.92e-04	2.84e-02	3.07e-01	4.57e-01	1.55e-01	4.34e-02	8.77e-03	5.88e-04	5.71e-05	1.13e-05	0.00e+00	0.00e+00
 1.12496e+23	6.10e-21	2.35e-09	7.75e-07	1.49e-05	8.94e-05	4.63e-04	3.17e-02	3.24e-01	4.52e-01	1.45e-01	3.88e-02	7.56e-03	4.89e-04	4.61e-05	8.85e-06	0.00e+00	0.00e+00
 1.13592e+23	7.25e-21	2.68e-09	8.95e-07	1.73e-05	1.02e-04	5.26e-04	3.45e-02	3.38e-01	4.47e-01	1.38e-01	3.55e-02	6.72e-03	4.23e-04	3.89e-05	7.29e-06	0.00e+00	0.00e+00
 1.14706e+23	8.97e-21	3.15e-09	1.07e-06	2.08e-05	1.21e-04	6.20e-04	3.83e-02	3.55e-01	4.40e-01	1.28e-01	3.15e-02	5.76e-03	3.50e-04	3.12e-05	5.66e-06	0.00e+00	0.00e+00
 1.15839e+23	1.07e-20	3.60e-09	1.24e-06	2.41e-05	1.38e-04	7.04e-04	4.16e-02	3.68e-01	4.34e-01	1.21e-01	2.87e-02	5.10e-03	3.01e-04	2.62e-05	4.63e-06	0.00e+00	0.00e+00
 1.16998e+23	1.34e-20	4.23e-09	1.48e-06	2.89e-05	1.64e-04	8.29e-04	4.62e-02	3.86e-01	4.25e-01	1.13e-01	2.53e-02	4.34e-03	2.47e-04	2.08e-05	3.56e-06	0.00e+00	0.00e+00
 1.18183e+23	1.63e-20	4.85e-09	1.72e-06	3.35e-05	1.87e-04	9.41e-04	5.00e-02	3.99e-01	4.17e-01	1.06e-01	2.29e-02	3.81e-03	2.11e-04	1.73e-05	2.88e-06	0.00e+00	0.00e+00
 1.19401e+23	2.07e-20	5.71e-09	2.06e-06	4.03e-05	2.21e-04	1.11e-03	5.54e-02	4.16e-01	4.06e-01	9.76e-02	2.01e-02	3.22e-03	1.71e-04	1.36e-05	2.19e-06	0.00e+00	0.00e+00
 1.20646e+23	2.54e-20	6.57e-09	2.40e-06	4.68e-05	2.53e-04	1.26e-03	6.00e-02	4.29e-01	3.97e-01	9.14e-02	1.81e-02	2.81e-03	1.45e-04	1.12e-05	1.76e-06	0.00e+00	0.00e+00
 1.21694e+23	3.04e-20	7.40e-09	2.73e-06	5.33e-05	2.83e-04	1.41e-03	6.42e-02	4.40e-01	3.88e-01	8.61e-02	1.64e-02	2.49e-03	1.25e-04	9.49e-06	1.45e-06	0.00e+00	0.00e+00
 1.22822e+23	3.81e-20	8.59e-09	3.22e-06	6.28e-05	3.28e-04	1.62e-03	7.01e-02	4.55e-01	3.77e-01	7.95e-02	1.45e-02	2.12e-03	1.03e-04	7.60e-06	1.13e-06	0.00e+00	0.00e+00
 1.23924e+23	4.55e-20	9.63e-09	3.64e-06	7.08e-05	3.65e-04	1.80e-03	7.45e-02	4.65e-01	3.69e-01	7.50e-02	1.33e-02	1.89e-03	8.99e-05	6.48e-06	9.39e-07	0.00e+00	0.00e+00
 1.24993e+23	5.63e-20	1.10e-08	4.23e-06	8.23e-05	4.17e-04	2.05e-03	8.06e-02	4.77e-01	3.57e-01	6.93e-02	1.18e-02	1.63e-03	7.48e-05	5.24e-06	7.38e-07	0.00e+00	0.00e+00
 1.26071e+23	6.83e-20	1.24e-08	4.80e-06	9.28e-05	4.62e-04	2.26e-03	8.54e-02	4.86e-01	3.48e-01	6.53e-02	1.07e-02	1.45e-03	6.51e-05	4.47e-06	6.15e-07	0.00e+00	0.00e+00
 1.27163e+23	8.59e-20	1.43e-08	5.60e-06	1.08e-04	5.28e-04	2.57e-03	9.21e-02	4.97e-01	3.36e-01	6.02e-02	9.50e-03	1.24e-03	5.40e-05	3.60e-06	4.82e-07	0.00e+00	0.00e+00
 1.28270e+23	1.05e-19	1.62e-08	6.36e-06	1.22e-04	5.85e-04	2.83e-03	9.75e-02	5.06e-01	3.27e-01	5.66e-02	8.64e-03	1.10e-03	4.67e-05	3.05e-06	3.99e-07	0.00e+00	0.00e+00
 1.29397e+23	1.35e-19	1.88e-08	7.45e-06	1.42e-04	6.67e-04	3.22e-03	1.05e-01	5.16e-01	3.15e-01	5.19e-02	7.60e-03	9.39e-04	3.85e-05	2.45e-06	3.11e-07	0.00e+00	0.00e+00
 1.30541e+23	1.69e-19	2.14e-08	8.49e-06	1.60e-04	7.40e-04	3.54e-03	1.11e-01	5.23e-01	3.05e-01	4.86e-02	6.89e-03	8.30e-04	3.32e-05	2.07e-06	2.56e-07	0.00e+00	0.00e+00
 1.31705e+23	2.20e-19	2.49e-08	9.99e-06	1.87e-04	8.44e-04	4.03e-03	1.19e-01	5.32e-01	2.92e-01	4.44e-02	6.03e-03	7.03e-04	2.72e-05	1.64e-06	1.98e-07	0.00e+00	0.00e+00
 1.32890e+23	2.83e-19	2.86e-08	1.15e-05	2.12e-04	9.36e-04	4.43e-03	1.26e-01	5.38e-01	2.83e-01	4.14e-02	5.45e-03	6.19e-04	2.33e-05	1.38e-06	1.62e-07	0.00e+00	0.00e+00
 1.34099e+23	3.78e-19	3.36e-08	1.35e-05	2.48e-04	1.07e-03	5.04e-03	1.35e-01	5.46e-01	2.69e-01	3.76e-02	4.74e-03	5.21e-04	1.90e-05	1.09e-06	1.24e-07	0.00e+00	0.00e+00
 1.35334e+23	5.00e-19	3.90e-08	1.56e-05	2.82e-04	1.19e-03	5.55e-03	1.43e-01	5.51e-01	2.60e-01	3.49e-02	4.25e-03	4.55e-04	1.61e-05	9.08e-07	0.00e+00	0.00e+00	0.00e+00
 1.36600e+23	6.95e-19	4.63e-08	1.86e-05	3.32e-04	1.36e-03	6.32e-03	1.53e-01	5.57e-01	2.46e-01	3.15e-02	3.67e-03	3.80e-04	1.30e-05	7.10e-07	0.00e+00	0.00e+00	0.00e+00
 1.37899e+23	9.49e-19	5.40e-08	2.16e-05	3.79e-04	1.51e-03	6.98e-03	1.62e-01	5.61e-01	2.36e-01	2.90e-02	3.27e-03	3.29e-04	1.09e-05	5.84e-07	0.00e+00	0.00e+00	0.00e+00
 1.39241e+23	1.41e-18	6.55e-08	2.61e-05	4.49e-04	1.74e-03	7.95e-03	1.73e-01	5.65e-01	2.23e-01	2.60e-02	2.80e-03	2.72e-04	8.72e-06	4.51e-07	0.00e+00	0.00e+00	0.00e+00
 1.40603e+23	2.02e-18	7.71e-08	3.04e-05	5.15e-04	1.93e-03	8.77e-03	1.82e-01	5.67e-01	2.13e-01	2.39e-02	2.49e-03	2.34e-04	7.30e-06	3.69e-07	0.00e+00	0.00e+00	0.00e+00
 1.41990e+23	3.19e-18	9.44e-08	3.69e-05	6.12e-04	2.22e-03	9.98e-03	1.95e-01	5.69e-01	1.99e-01	2.13e-02	2.12e-03	1.92e-04	5.77e-06	2.83e-07	0.00e+00	0.00e+00	0.00e+00
 1.43393e+23	5.01e-18	1.12e-07	4.33e-05	7.03e-04	2.47e-03	1.10e-02	2.05e-01	5.70e-01	1.90e-01	1.95e-02	1.87e-03	1.65e-04	4.81e-06	2.31e-07	0.00e+00	0.00e+00	0.00e+00
 1.44817e+23	8.47e-18	1.39e-07	5.29e-05	8.37e-04	2.84e-03	1.25e-02	2.18e-01	5.69e-01	1.77e-01	1.73e-02	1.58e-03	1.35e-04	3.78e-06	1.76e-07	0.00e+00	0.00e+00	0.00e+00
 1.46262e+23	1.49e-17	1.67e-07	6.23e-05	9.64e-04	3.16e-03	1.37e-02	2.29e-01	5.68e-01	1.68e-01	1.57e-02	1.39e-03	1.15e-04	3.13e-06	1.42e-07	0.00e+00	0.00e+00	0.00e+00
 1.47529e+23	2.29e-17	1.98e-07	7.31e-05	1.10e-03	3.51e-03	1.51e-02	2.39e-01	5.66e-01	1.59e-01	1.43e-02	1.23e-03	9.84e-05	2.60e-06	1.16e-07	0.00e+00	0.00e+00	0.00e+00
 1.48973e+23	2.43e-17	2.47e-07	8.94e-05	1.31e-03	4.01e-03	1.71e-02	2.54e-01	5.62e-01	1.48e-01	1.26e-02	1.03e-03	7.99e-05	2.03e-06	0.00e+00	0.00e+00	0.00e+00	0.00e+00
 1.50429e+23	1.83e-18	2.98e-07	1.05e-04	1.51e-03	4.45e-03	1.87e-02	2.65e-01	5.59e-01	1.39e-01	1.15e-02	9.07e-04	6.81e-05	1.68e-06	0.00e+00	0.00e+00	0.00e+00	0.00e+00
 1.51627e+23	1.85e-18	3.49e-07	1.21e-04	1.70e-03	4.86e-03	2.02e-02	2.75e-01	5.55e-01	1.32e-01	1.05e-02	8.08e-04	5.92e-05	1.42e-06	0.00e+00	0.00e+00	0.00e+00	0.00e+00
 1.52910e+23	2.58e-18	4.28e-07	1.45e-04	1.97e-03	5.43e-03	2.23e-02	2.87e-01	5.49e-01	1.24e-01	9.44e-03	6.98e-04	4.95e-05	1.15e-06	0.00e+00	0.00e+00	0.00e+00	0.00e+00
 1.54223e+23	3.60e-18	5.08e-07	1.69e-04	2.23e-03	5.97e-03	2.42e-02	2.98e-01	5.44e-01	1.17e-01	8.59e-03	6.16e-04	4.26e-05	9.64e-07	0.00e+00	0.00e+00	0.00e+00	0.00e+00
 1.55390e+23	4.95e-18	6.01e-07	1.95e-04	2.52e-03	6.52e-03	2.61e-02	3.08e-01	5.38e-01	1.10e-01	7.85e-03	5.46e-04	3.67e-05	8.11e-07	0.00e+00	0.00e+00	0.00e+00	0.00e+00
 1.56726e+23	7.50e-18	7.44e-07	2.35e-04	2.93e-03	7.29e-03	2.88e-02	3.21e-01	5.30e-01	1.03e-01	7.00e-03	4.69e-04	3.06e-05	6.53e-07	0.00e+00	0.00e+00	0.00e+00	0.00e+00
 1.58113e+23	2.14e-17	8.98e-07	2.76e-04	3.36e-03	8.04e-03	3.14e-02	3.33e-01	5.22e-01	9.60e-02	6.29e-03	4.08e-04	2.58e-05	5.35e-07	0.00e+00	0.00e+00	0.00e+00	0.00e+00
 1.59352e+23	2.23e-17	1.07e-06	3.21e-04	3.80e-03	8.79e-03	3.38e-02	3.43e-01	5.14e-01	9.02e-02	5.71e-03	3.59e-04	2.21e-05	4.47e-07	0.00e+00	0.00e+00	0.00e+00	0.00e+00
 1.60745e+23	4.23e-16	1.34e-06	3.89e-04	4.43e-03	9.83e-03	3.71e-02	3.56e-01	5.03e-01	8.34e-02	5.06e-03	3.06e-04	1.83e-05	3.56e-07	0.00e+00	0.00e+00	0.00e+00	0.00e+00
 1.62203e+23	1.49e-16	1.64e-06	4.61e-04	5.09e-03	1.08e-02	4.05e-02	3.68e-01	4.93e-01	7.73e-02	4.51e-03	2.63e-04	1.52e-05	2.88e-07	0.00e+00	0.00e+00	0.00e+00	0.00e+00
 1.63518e+23	1.64e-16	1.99e-06	5.41e-04	5.79e-03	1.19e-02	4.36e-02	3.79e-01	4.83e-01	7.21e-02	4.06e-03	2.30e-04	1.29e-05	2.38e-07	0.00e+00	0.00e+00	0.00e+00	0.00e+00
 1.65002e+23	2.49e-16	2.53e-06	6.62e-04	6.80e-03	1.33e-02	4.79e-02	3.92e-01	4.70e-01	6.59e-02	3.55e-03	1.93e-04	1.05e-05	1.87e-07	0.00e+00	0.00e+00	0.00e+00	0.00e+00
 1.66536e+23	5.25e-16	3.13e-06	7.89e-04	7.82e-03	1.47e-02	5.21e-02	4.03e-01	4.58e-01	6.06e-02	3.14e-03	1.65e-04	8.69e-06	1.49e-07	0.00e+00	0.00e+00	0.00e+00	0.00e+00
 1.67902e+23	8.35e-16	3.81e-06	9.29e-04	8.91e-03	1.61e-02	5.61e-02	4.13e-01	4.46e-01	5.62e-02	2.81e-03	1.43e-04	7.31e-06	1.22e-07	0.00e+00	0.00e+00	0.00e+00	0.00e+00
 1.69448e+23	1.64e-15	4.90e-06	1.14e-03	1.05e-02	1.80e-02	6.13e-02	4.25e-01	4.30e-01	5.09e-02	2.44e-03	1.19e-04	5.87e-06	0.00e+00	0.00e+00	0.00e+00	0.00e+00	0.00e+00
 1.71054e+23	3.52e-15	6.13e-06	1.37e-03	1.21e-02	1.98e-02	6.65e-02	4.36e-01	4.16e-01	4.64e-02	2.14e-03	1.01e-04	4.81e-06	0.00e+00	0.00e+00	0.00e+00	0.00e+00	0.00e+00
 1.72500e+23	5.62e-15	7.55e-06	1.63e-03	1.38e-02	2.17e-02	7.15e-02	4.45e-01	4.02e-01	4.25e-02	1.89e-03	8.59e-05	3.99e-06	0.00e+00	0.00e+00	0.00e+00	0.00e+00	0.00e+00
 1.74138e+23	1.06e-14	9.87e-06	2.02e-03	1.63e-02	2.43e-02	7.83e-02	4.55e-01	3.84e-01	3.79e-02	1.61e-03	7.01e-05	3.13e-06	0.00e+00	0.00e+00	0.00e+00	0.00e+00	0.00e+00
 1.75829e+23	1.92e-14	1.24e-05	2.43e-03	1.88e-02	2.67e-02	8.44e-02	4.63e-01	3.69e-01	3.43e-02	1.40e-03	5.88e-05	2.54e-06	0.00e+00	0.00e+00	0.00e+00	0.00e+00	0.00e+00
 1.77353e+23	3.10e-14	1.54e-05	2.89e-03	2.16e-02	2.93e-02	9.05e-02	4.70e-01	3.53e-01	3.11e-02	1.22e-03	4.95e-05	2.08e-06	0.00e+00	0.00e+00	0.00e+00	0.00e+00	0.00e+00
 1.79100e+23	6.17e-14	2.05e-05	3.62e-03	2.56e-02	3.28e-02	9.88e-02	4.78e-01	3.33e-01	2.73e-02	1.03e-03	3.96e-05	1.60e-06	0.00e+00	0.00e+00	0.00e+00	0.00e+00	0.00e+00
 1.80870e+23	1.21e-13	2.57e-05	4.35e-03	2.94e-02	3.58e-02	1.06e-01	4.83e-01	3.16e-01	2.43e-02	8.82e-04	3.28e-05	1.28e-06	0.00e+00	0.00e+00	0.00e+00	0.00e+00	0.00e+00
 1.82434e+23	2.09e-13	3.21e-05	5.19e-03	3.36e-02	3.90e-02	1.13e-01	4.86e-01	3.00e-01	2.18e-02	7.64e-04	2.74e-05	1.04e-06	0.00e+00	0.00e+00	0.00e+00	0.00e+00	0.00e+00
 1.84232e+23	6.05e-13	4.28e-05	6.50e-03	3.98e-02	4.35e-02	1.22e-01	4.89e-01	2.80e-01	1.89e-02	6.31e-04	2.15e-05	7.82e-07	0.00e+00	0.00e+00	0.00e+00	0.00e+00	0.00e+00
 1.86052e+23	1.85e-12	5.37e-05	7.77e-03	4.54e-02	4.72e-02	1.30e-01	4.89e-01	2.63e-01	1.67e-02	5.38e-04	1.77e-05	6.21e-07	0.00e+00	0.00e+00	0.00e+00	0.00e+00	0.00e+00
 1.87901e+23	6.16e-12	7.14e-05	9.69e-03	5.35e-02	5.22e-02	1.40e-01	4.88e-01	2.42e-01	1.43e-02	4.41e-04	1.38e-05	4.66e-07	0.00e+00	0.00e+00	0.00e+00	0.00e+00	0.00e+00
 1.89788e+23	3.47e-11	9.04e-05	1.16e-02	6.11e-02	5.66e-02	1.48e-01	4.85e-01	2.25e-01	1.24e-02	3.72e-04	1.11e-05	3.64e-07	0.00e+00	0.00e+00	0.00e+00	0.00e+00	0.00e+00
 1.91468e+23	2.95e-10	1.13e-04	1.39e-02	6.94e-02	6.10e-02	1.56e-01	4.80e-01	2.09e-01	1.08e-02	3.13e-04	9.01e-06	2.85e-07	0.00e+00	0.00e+00	0.00e+00	0.00e+00	0.00e+00
 1.93395e+23	8.28e-10	1.51e-04	1.73e-02	8.12e-02	6.69e-02	1.66e-01	4.71e-01	1.89e-01	9.06e-03	2.51e-04	6.85e-06	2.08e-07	0.00e+00	0.00e+00	0.00e+00	0.00e+00	0.00e+00
 1.95355e+23	1.30e-09	1.90e-04	2.05e-02	9.18e-02	7.17e-02	1.73e-01	4.62e-01	1.73e-01	7.78e-03	2.09e-04	5.45e-06	1.60e-07	0.00e+00	0.00e+00	0.00e+00	0.00e+00	0.00e+00
 1.97355e+23	2.10e-09	2.54e-04	2.55e-02	1.07e-01	7.80e-02	1.82e-01	4.47e-01	1.53e-01	6.37e-03	1.64e-04	4.04e-06	0.00e+00	0.00e+00	0.00e+00	0.00e+00	0.00e+00	0.00e+00
 1.99308e+23	2.92e-09	3.13e-04	2.98e-02	1.19e-01	8.26e-02	1.89e-01	4.34e-01	1.40e-01	5.46e-03	1.37e-04	3.23e-06	0.00e+00	0.00e+00	0.00e+00	0.00e+00	0.00e+00	0.00e+00
 2.01201e+23	4.36e-09	4.07e-04	3.62e-02	1.36e-01	8.83e-02	1.96e-01	4.16e-01	1.23e-01	4.46e-03	1.08e-04	2.41e-06	0.00e+00	0.00e+00	0.00e+00	0.00e+00	0.00e+00	0.00e+00
 2.03068e+23	5.81e-09	4.93e-04	4.17e-02	1.49e-01	9.25e-02	2.00e-01	4.01e-01	1.12e-01	3.82e-03	8.97e-05	1.93e-06	0.00e+00	0.00e+00	0.00e+00	0.00e+00	0.00e+00	0.00e+00
 2.04647e+23	7.60e-09	5.92e-04	4.77e-02	1.63e-01	9.64e-02	2.03e-01	3.85e-01	1.01e-01	3.27e-03	7.49e-05	1.55e-06	0.00e+00	0.00e+00	0.00e+00	0.00e+00	0.00e+00	0.00e+00
 2.06444e+23	1.07e-08	7.49e-04	5.64e-02	1.81e-01	1.01e-01	2.07e-01	3.63e-01	8.77e-02	2.64e-03	5.87e-05	1.15e-06	0.00e+00	0.00e+00	0.00e+00	0.00e+00	0.00e+00	0.00e+00
 2.08228e+23	1.37e-08	8.90e-04	6.38e-02	1.96e-01	1.04e-01	2.08e-01	3.46e-01	7.87e-02	2.24e-03	4.87e-05	9.15e-07	0.00e+00	0.00e+00	0.00e+00	0.00e+00	0.00e+00	0.00e+00
 2.09997e+23	1.86e-08	1.10e-03	7.42e-02	2.14e-01	1.08e-01	2.09e-01	3.23e-01	6.80e-02	1.81e-03	3.83e-05	6.82e-07	0.00e+00	0.00e+00	0.00e+00	0.00e+00	0.00e+00	0.00e+00
 2.11817e+23	2.40e-08	1.31e-03	8.38e-02	2.31e-01	1.11e-01	2.09e-01	3.03e-01	5.98e-02	1.50e-03	3.10e-05	5.28e-07	0.00e+00	0.00e+00	0.00e+00	0.00e+00	0.00e+00	0.00e+00
 2.13455e+23	3.05e-08	1.56e-03	9.40e-02	2.46e-01	1.13e-01	2.08e-01	2.84e-01	5.24e-02	1.25e-03	2.52e-05	4.10e-07	0.00e+00	0.00e+00	0.00e+00	0.00e+00	0.00e+00	0.00e+00
 2.15339e+23	4.12e-08	1.92e-03	1.08e-01	2.67e-01	1.15e-01	2.04e-01	2.59e-01	4.39e-02	9.72e-04	1.91e-05	2.93e-07	0.00e+00	0.00e+00	0.00e+00	0.00e+00	0.00e+00	0.00e+00
 2.17237e+23	5.20e-08	2.26e-03	1.21e-01	2.82e-01	1.16e-01	2.01e-01	2.39e-01	3.80e-02	7.93e-04	1.52e-05	2.24e-07	0.00e+00	0.00e+00	0.00e+00	0.00e+00	0.00e+00	0.00e+00
 2.19153e+23	6.94e-08	2.76e-03	1.38e-01	3.01e-01	1.17e-01	1.95e-01	2.14e-01	3.13e-02	6.08e-04	1.14e-05	1.57e-07	0.00e+00	0.00e+00	0.00e+00	0.00e+00	0.00e+00	0.00e+00
 2.20925e+23	8.37e-08	3.14e-03	1.49e-01	3.14e-01	1.17e-01	1.91e-01	1.99e-01	2.74e-02	5.07e-04	9.34e-06	0.00e+00	0.00e+00	0.00e+00	0.00e+00	0.00e+00	0.00e+00	0.00e+00
 2.22510e+23	1.04e-07	3.65e-03	1.64e-01	3.27e-01	1.16e-01	1.84e-01	1.80e-01	2.32e-02	4.06e-04	7.33e-06	0.00e+00	0.00e+00	0.00e+00	0.00e+00	0.00e+00	0.00e+00	0.00e+00
 2.24141e+23	1.26e-07	4.15e-03	1.78e-01	3.38e-01	1.16e-01	1.78e-01	1.65e-01	2.00e-02	3.33e-04	5.92e-06	0.00e+00	0.00e+00	0.00e+00	0.00e+00	0.00e+00	0.00e+00	0.00e+00
 2.25597e+23	1.49e-07	4.66e-03	1.91e-01	3.48e-01	1.14e-01	1.72e-01	1.52e-01	1.73e-02	2.76e-04	4.82e-06	0.00e+00	0.00e+00	0.00e+00	0.00e+00	0.00e+00	0.00e+00	0.00e+00
 2.27255e+23	1.85e-07	5.39e-03	2.08e-01	3.59e-01	1.13e-01	1.64e-01	1.35e-01	1.44e-02	2.16e-04	3.70e-06	0.00e+00	0.00e+00	0.00e+00	0.00e+00	0.00e+00	0.00e+00	0.00e+00
 2.28940e+23	2.20e-07	6.07e-03	2.23e-01	3.68e-01	1.11e-01	1.57e-01	1.23e-01	1.23e-02	1.75e-04	2.95e-06	0.00e+00	0.00e+00	0.00e+00	0.00e+00	0.00e+00	0.00e+00	0.00e+00
 2.30425e+23	2.60e-07	6.79e-03	2.38e-01	3.75e-01	1.08e-01	1.50e-01	1.11e-01	1.05e-02	1.43e-04	2.37e-06	0.00e+00	0.00e+00	0.00e+00	0.00e+00	0.00e+00	0.00e+00	0.00e+00
 2.32123e+23	3.19e-07	7.77e-03	2.57e-01	3.82e-01	1.05e-01	1.41e-01	9.77e-02	8.53e-03	1.10e-04	1.79e-06	0.00e+00	0.00e+00	0.00e+00	0.00e+00	0.00e+00	0.00e+00	0.00e+00
 2.33847e+23	3.78e-07	8.68e-03	2.73e-01	3.87e-01	1.03e-01	1.34e-01	8.75e-02	7.17e-03	8.81e-05	1.41e-06	0.00e+00	0.00e+00	0.00e+00	0.00e+00	0.00e+00	0.00e+00	0.00e+00
 2.35371e+23	4.44e-07	9.65e-03	2.89e-01	3.91e-01	9.98e-02	1.26e-01	7.84e-02	6.03e-03	7.08e-05	1.11e-06	0.00e+00	0.00e+00	0.00e+00	0.00e+00	0.00e+00	0.00e+00	0.00e+00
 2.37116e+23	5.40e-07	1.10e-02	3.09e-01	3.94e-01	9.60e-02	1.17e-01	6.79e-02	4.84e-03	5.37e-05	8.28e-07	0.00e+00	0.00e+00	0.00e+00	0.00e+00	0.00e+00	0.00e+00	0.00e+00
 2.38883e+23	6.35e-07	1.22e-02	3.26e-01	3.96e-01	9.27e-02	1.10e-01	6.02e-02	4.02e-03	4.25e-05	6.45e-07	0.00e+00	0.00e+00	0.00e+00	0.00e+00	0.00e+00	0.00e+00	0.00e+00
 2.40442e+23	7.42e-07	1.35e-02	3.42e-01	3.96e-01	8.93e-02	1.03e-01	5.33e-02	3.34e-03	3.38e-05	5.04e-07	0.00e+00	0.00e+00	0.00e+00	0.00e+00	0.00e+00	0.00e+00	0.00e+00
 2.42231e+23	8.97e-07	1.52e-02	3.63e-01	3.95e-01	8.51e-02	9.40e-02	4.57e-02	2.64e-03	2.53e-05	3.69e-07	0.00e+00	0.00e+00	0.00e+00	0.00e+00	0.00e+00	0.00e+00	0.00e+00
 2.44052e+23	1.05e-06	1.68e-02	3.80e-01	3.93e-01	8.14e-02	8.71e-02	4.00e-02	2.16e-03	1.98e-05	2.83e-07	0.00e+00	0.00e+00	0.00e+00	0.00e+00	0.00e+00	0.00e+00	0.00e+00
 2.45914e+23	1.27e-06	1.89e-02	4.01e-01	3.88e-01	7.70e-02	7.89e-02	3.38e-02	1.68e-03	1.45e-05	2.04e-07	0.00e+00	0.00e+00	0.00e+00	0.00e+00	0.00e+00	0.00e+00	0.00e+00
 2.47798e+23	1.49e-06	2.08e-02	4.19e-01	3.84e-01	7.32e-02	7.25e-02	2.93e-02	1.36e-03	1.12e-05	1.54e-07	0.00e+00	0.00e+00	0.00e+00	0.00e+00	0.00e+00	0.00e+00	0.00e+00
 2.49711e+23	1.79e-06	2.34e-02	4.40e-01	3.77e-01	6.87e-02	6.51e-02	2.46e-02	1.04e-03	8.16e-06	0.00e+00	0.00e+00	0.00e+00	0.00e+00	0.00e+00	0.00e+00	0.00e+00	0.00e+00
 2.51660e+23	2.10e-06	2.57e-02	4.57e-01	3.71e-01	6.50e-02	5.93e-02	2.11e-02	8.32e-04	6.23e-06	0.00e+00	0.00e+00	0.00e+00	0.00e+00	0.00e+00	0.00e+00	0.00e+00	0.00e+00
 2.53396e+23	2.44e-06	2.82e-02	4.74e-01	3.63e-01	6.15e-02	5.40e-02	1.82e-02	6.67e-04	4.78e-06	0.00e+00	0.00e+00	0.00e+00	0.00e+00	0.00e+00	0.00e+00	0.00e+00	0.00e+00
 2.55392e+23	2.93e-06	3.15e-02	4.95e-01	3.53e-01	5.71e-02	4.78e-02	1.50e-02	5.03e-04	3.43e-06	0.00e+00	0.00e+00	0.00e+00	0.00e+00	0.00e+00	0.00e+00	0.00e+00	0.00e+00
 2.57437e+23	3.43e-06	3.46e-02	5.12e-01	3.44e-01	5.36e-02	4.30e-02	1.27e-02	3.95e-04	2.57e-06	0.00e+00	0.00e+00	0.00e+00	0.00e+00	0.00e+00	0.00e+00	0.00e+00	0.00e+00
 2.59260e+23	3.98e-06	3.78e-02	5.28e-01	3.34e-01	5.03e-02	3.87e-02	1.09e-02	3.12e-04	1.95e-06	0.00e+00	0.00e+00	0.00e+00	0.00e+00	0.00e+00	0.00e+00	0.00e+00	0.00e+00
 2.60828e+23	4.42e-06	4.02e-02	5.39e-01	3.27e-01	4.79e-02	3.58e-02	9.65e-03	2.63e-04	1.60e-06	0.00e+00	0.00e+00	0.00e+00	0.00e+00	0.00e+00	0.00e+00	0.00e+00	0.00e+00
 2.62353e+23	5.06e-06	4.35e-02	5.53e-01	3.17e-01	4.51e-02	3.23e-02	8.29e-03	2.10e-04	1.23e-06	0.00e+00	0.00e+00	0.00e+00	0.00e+00	0.00e+00	0.00e+00	0.00e+00	0.00e+00
 2.63903e+23	5.66e-06	4.64e-02	5.64e-01	3.09e-01	4.28e-02	2.97e-02	7.31e-03	1.75e-04	9.96e-07	0.00e+00	0.00e+00	0.00e+00	0.00e+00	0.00e+00	0.00e+00	0.00e+00	0.00e+00
 2.65484e+23	6.48e-06	5.02e-02	5.78e-01	2.99e-01	4.01e-02	2.67e-02	6.24e-03	1.39e-04	7.64e-07	0.00e+00	0.00e+00	0.00e+00	0.00e+00	0.00e+00	0.00e+00	0.00e+00	0.00e+00
 2.67083e+23	7.24e-06	5.35e-02	5.89e-01	2.90e-01	3.80e-02	2.44e-02	5.48e-03	1.15e-04	6.14e-07	0.00e+00	0.00e+00	0.00e+00	0.00e+00	0.00e+00	0.00e+00	0.00e+00	0.00e+00
 2.68706e+23	8.31e-06	5.78e-02	6.02e-01	2.79e-01	3.54e-02	2.17e-02	4.64e-03	9.06e-05	4.67e-07	0.00e+00	0.00e+00	0.00e+00	0.00e+00	0.00e+00	0.00e+00	0.00e+00	0.00e+00
 2.70341e+23	9.27e-06	6.15e-02	6.12e-01	2.70e-01	3.34e-02	1.98e-02	4.07e-03	7.48e-05	3.75e-07	0.00e+00	0.00e+00	0.00e+00	0.00e+00	0.00e+00	0.00e+00	0.00e+00	0.00e+00
 2.71991e+23	1.06e-05	6.63e-02	6.24e-01	2.58e-01	3.11e-02	1.76e-02	3.44e-03	5.87e-05	2.85e-07	0.00e+00	0.00e+00	0.00e+00	0.00e+00	0.00e+00	0.00e+00	0.00e+00	0.00e+00
 2.73675e+23	1.19e-05	7.06e-02	6.33e-01	2.48e-01	2.92e-02	1.59e-02	2.99e-03	4.79e-05	2.26e-07	0.00e+00	0.00e+00	0.00e+00	0.00e+00	0.00e+00	0.00e+00	0.00e+00	0.00e+00
 2.75403e+23	1.37e-05	7.63e-02	6.44e-01	2.36e-01	2.70e-02	1.40e-02	2.49e-03	3.70e-05	1.69e-07	0.00e+00	0.00e+00	0.00e+00	0.00e+00	0.00e+00	0.00e+00	0.00e+00	0.00e+00
 2.77140e+23	1.52e-05	8.09e-02	6.52e-01	2.27e-01	2.54e-02	1.26e-02	2.17e-03	3.03e-05	1.35e-07	0.00e+00	0.00e+00	0.00e+00	0.00e+00	0.00e+00	0.00e+00	0.00e+00	0.00e+00
 2.78889e+23	1.75e-05	8.72e-02	6.62e-01	2.15e-01	2.34e-02	1.10e-02	1.81e-03	2.33e-05	0.00e+00	0.00e+00	0.00e+00	0.00e+00	0.00e+00	0.00e+00	0.00e+00	0.00e+00	0.00e+00
 2.80678e+23	1.97e-05	9.29e-02	6.69e-01	2.05e-01	2.18e-02	9.87e-03	1.56e-03	1.88e-05	0.00e+00	0.00e+00	0.00e+00	0.00e+00	0.00e+00	0.00e+00	0.00e+00	0.00e+00	0.00e+00
 2.82519e+23	2.27e-05	1.00e-01	6.78e-01	1.92e-01	2.00e-02	8.53e-03	1.28e-03	1.42e-05	0.00e+00	0.00e+00	0.00e+00	0.00e+00	0.00e+00	0.00e+00	0.00e+00	0.00e+00	0.00e+00
 2.84382e+23	2.55e-05	1.07e-01	6.84e-01	1.82e-01	1.86e-02	7.59e-03	1.10e-03	1.14e-05	0.00e+00	0.00e+00	0.00e+00	0.00e+00	0.00e+00	0.00e+00	0.00e+00	0.00e+00	0.00e+00
 2.86273e+23	2.93e-05	1.15e-01	6.91e-01	1.70e-01	1.70e-02	6.52e-03	9.00e-04	8.61e-06	0.00e+00	0.00e+00	0.00e+00	0.00e+00	0.00e+00	0.00e+00	0.00e+00	0.00e+00	0.00e+00
 2.88191e+23	3.30e-05	1.22e-01	6.96e-01	1.60e-01	1.57e-02	5.76e-03	7.65e-04	6.84e-06	0.00e+00	0.00e+00	0.00e+00	0.00e+00	0.00e+00	0.00e+00	0.00e+00	0.00e+00	0.00e+00
 2.90145e+23	3.81e-05	1.31e-01	7.01e-01	1.48e-01	1.42e-02	4.90e-03	6.21e-04	5.10e-06	0.00e+00	0.00e+00	0.00e+00	0.00e+00	0.00e+00	0.00e+00	0.00e+00	0.00e+00	0.00e+00
 2.92097e+23	4.28e-05	1.39e-01	7.04e-01	1.38e-01	1.32e-02	4.31e-03	5.27e-04	4.05e-06	0.00e+00	0.00e+00	0.00e+00	0.00e+00	0.00e+00	0.00e+00	0.00e+00	0.00e+00	0.00e+00
 2.94049e+23	4.93e-05	1.50e-01	7.07e-01	1.27e-01	1.19e-02	3.65e-03	4.26e-04	3.01e-06	0.00e+00	0.00e+00	0.00e+00	0.00e+00	0.00e+00	0.00e+00	0.00e+00	0.00e+00	0.00e+00
 2.96005e+23	5.53e-05	1.59e-01	7.09e-01	1.18e-01	1.10e-02	3.19e-03	3.60e-04	2.38e-06	0.00e+00	0.00e+00	0.00e+00	0.00e+00	0.00e+00	0.00e+00	0.00e+00	0.00e+00	0.00e+00
 2.97965e+23	6.37e-05	1.71e-01	7.10e-01	1.07e-01	9.86e-03	2.68e-03	2.90e-04	1.76e-06	0.00e+00	0.00e+00	0.00e+00	0.00e+00	0.00e+00	0.00e+00	0.00e+00	0.00e+00	0.00e+00
 2.99925e+23	7.15e-05	1.80e-01	7.09e-01	9.86e-02	9.05e-03	2.33e-03	2.44e-04	1.38e-06	0.00e+00	0.00e+00	0.00e+00	0.00e+00	0.00e+00	0.00e+00	0.00e+00	0.00e+00	0.00e+00
 3.01883e+23	8.23e-05	1.93e-01	7.08e-01	8.86e-02	8.11e-03	1.95e-03	1.95e-04	1.02e-06	0.00e+00	0.00e+00	0.00e+00	0.00e+00	0.00e+00	0.00e+00	0.00e+00	0.00e+00	0.00e+00
 3.03838e+23	9.23e-05	2.04e-01	7.06e-01	8.08e-02	7.42e-03	1.68e-03	1.63e-04	7.94e-07	0.00e+00	0.00e+00	0.00e+00	0.00e+00	0.00e+00	0.00e+00	0.00e+00	0.00e+00	0.00e+00
 3.05518e+23	1.03e-04	2.16e-01	7.02e-01	7.35e-02	6.79e-03	1.45e-03	1.36e-04	6.22e-07	0.00e+00	0.00e+00	0.00e+00	0.00e+00	0.00e+00	0.00e+00	0.00e+00	0.00e+00	0.00e+00
 3.07182e+23	1.15e-04	2.27e-01	6.99e-01	6.66e-02	6.20e-03	1.25e-03	1.13e-04	4.85e-07	0.00e+00	0.00e+00	0.00e+00	0.00e+00	0.00e+00	0.00e+00	0.00e+00	0.00e+00	0.00e+00
 3.08290e+23	1.21e-04	2.32e-01	6.97e-01	6.33e-02	5.98e-03	1.17e-03	1.05e-04	4.39e-07	0.00e+00	0.00e+00	0.00e+00	0.00e+00	0.00e+00	0.00e+00	0.00e+00	0.00e+00	0.00e+00
