#depth	O	O+	O+2	O+3	O+4	O+5	O+6	O+7	O+8	O[1]	O[2]	O[3]
 1.54284e+22	2.94e-23	1.10e-17	1.51e-13	1.89e-10	5.65e-08	7.16e-06	4.28e-03	1.29e-01	8.67e-01	0.00e+00	0.00e+00	0.00e+00
 3.47657e+22	5.45e-21	1.02e-15	7.08e-12	4.42e-09	6.21e-07	3.67e-05	1.17e-02	2.01e-01	7.87e-01	0.00e+00	0.00e+00	0.00e+00
 4.02740e+22	3.48e-20	5.10e-15	2.78e-11	1.36e-08	1.48e-06	6.69e-05	1.69e-02	2.36e-01	7.48e-01	0.00e+00	0.00e+00	0.00e+00
 4.26730e+22	7.96e-20	1.05e-14	5.11e-11	2.26e-08	2.20e-06	8.81e-05	2.00e-02	2.53e-01	7.27e-01	0.00e+00	0.00e+00	0.00e+00
 4.36875e+22	9.90e-20	1.26e-14	6.01e-11	2.59e-08	2.44e-06	9.48e-05	2.10e-02	2.57e-01	7.22e-01	0.00e+00	0.00e+00	0.00e+00
 4.41816e+22	1.29e-19	1.59e-14	7.32e-11	3.05e-08	2.77e-06	1.04e-04	2.21e-02	2.63e-01	7.15e-01	0.00e+00	0.00e+00	0.00e+00
 4.47130e+22	1.62e-19	1.94e-14	8.67e-11	3.51e-08	3.10e-06	1.12e-04	2.32e-02	2.68e-01	7.09e-01	0.00e+00	0.00e+00	0.00e+00
 4.52929e+22	2.22e-19	2.55e-14	1.09e-10	4.26e-08	3.61e-06	1.25e-04	2.48e-02	2.75e-01	7.00e-01	0.00e+00	0.00e+00	0.00e+00
 4.58696e+22	2.77e-19	3.08e-14	1.29e-10	4.88e-08	4.01e-06	1.34e-04	2.59e-02	2.80e-01	6.94e-01	0.00e+00	0.00e+00	0.00e+00
 4.64423e+22	3.69e-19	3.95e-14	1.59e-10	5.83e-08	4.62e-06	1.48e-04	2.76e-02	2.87e-01	6.85e-01	0.00e+00	0.00e+00	0.00e+00
 4.70122e+22	4.55e-19	4.74e-14	1.86e-10	6.64e-08	5.12e-06	1.59e-04	2.88e-02	2.92e-01	6.79e-01	0.00e+00	0.00e+00	0.00e+00
 4.75783e+22	6.01e-19	6.05e-14	2.29e-10	7.90e-08	5.87e-06	1.75e-04	3.05e-02	2.99e-01	6.71e-01	0.00e+00	0.00e+00	0.00e+00
 4.81518e+22	7.37e-19	7.21e-14	2.67e-10	8.96e-08	6.48e-06	1.88e-04	3.19e-02	3.04e-01	6.64e-01	0.00e+00	0.00e+00	0.00e+00
 4.87348e+22	9.70e-19	9.16e-14	3.27e-10	1.06e-07	7.42e-06	2.07e-04	3.38e-02	3.10e-01	6.56e-01	0.00e+00	0.00e+00	0.00e+00
 4.93289e+22	1.19e-18	1.10e-13	3.81e-10	1.21e-07	8.22e-06	2.23e-04	3.53e-02	3.16e-01	6.49e-01	0.00e+00	0.00e+00	0.00e+00
 4.99374e+22	1.57e-18	1.39e-13	4.68e-10	1.44e-07	9.42e-06	2.45e-04	3.74e-02	3.23e-01	6.40e-01	0.00e+00	0.00e+00	0.00e+00
 5.05570e+22	1.93e-18	1.67e-13	5.46e-10	1.63e-07	1.04e-05	2.64e-04	3.91e-02	3.28e-01	6.33e-01	0.00e+00	0.00e+00	0.00e+00
 5.11912e+22	2.54e-18	2.12e-13	6.71e-10	1.94e-07	1.20e-05	2.90e-04	4.15e-02	3.35e-01	6.23e-01	0.00e+00	0.00e+00	0.00e+00
 5.18374e+22	3.13e-18	2.54e-13	7.84e-10	2.21e-07	1.33e-05	3.13e-04	4.33e-02	3.40e-01	6.16e-01	0.00e+00	0.00e+00	0.00e+00
 5.24994e+22	4.13e-18	3.23e-13	9.64e-10	2.63e-07	1.53e-05	3.45e-04	4.60e-02	3.48e-01	6.06e-01	0.00e+00	0.00e+00	0.00e+00
 5.31465e+22	4.96e-18	3.79e-13	1.11e-09	2.95e-07	1.67e-05	3.68e-04	4.78e-02	3.52e-01	5.99e-01	0.00e+00	0.00e+00	0.00e+00
 5.37741e+22	6.44e-18	4.75e-13	1.34e-09	3.48e-07	1.91e-05	4.04e-04	5.05e-02	3.59e-01	5.90e-01	0.00e+00	0.00e+00	0.00e+00
 5.44120e+22	7.74e-18	5.58e-13	1.54e-09	3.90e-07	2.09e-05	4.31e-04	5.25e-02	3.64e-01	5.83e-01	0.00e+00	0.00e+00	0.00e+00
 5.50631e+22	9.96e-18	6.95e-13	1.86e-09	4.57e-07	2.37e-05	4.71e-04	5.54e-02	3.71e-01	5.73e-01	0.00e+00	0.00e+00	0.00e+00
 5.57348e+22	1.22e-17	8.29e-13	2.17e-09	5.20e-07	2.63e-05	5.07e-04	5.78e-02	3.76e-01	5.65e-01	0.00e+00	0.00e+00	0.00e+00
 5.64332e+22	1.57e-17	1.03e-12	2.62e-09	6.09e-07	2.98e-05	5.54e-04	6.10e-02	3.83e-01	5.56e-01	0.00e+00	0.00e+00	0.00e+00
 5.71548e+22	1.95e-17	1.24e-12	3.07e-09	6.97e-07	3.32e-05	5.98e-04	6.38e-02	3.89e-01	5.47e-01	0.00e+00	0.00e+00	0.00e+00
 5.79066e+22	2.53e-17	1.56e-12	3.74e-09	8.22e-07	3.79e-05	6.56e-04	6.74e-02	3.95e-01	5.36e-01	2.53e-17	6.36e-28	6.76e-28
 5.86797e+22	3.15e-17	1.89e-12	4.41e-09	9.44e-07	4.23e-05	7.10e-04	7.06e-02	4.01e-01	5.28e-01	3.15e-17	5.90e-26	7.43e-26
 5.94801e+22	4.12e-17	2.40e-12	5.39e-09	1.12e-06	4.84e-05	7.81e-04	7.47e-02	4.08e-01	5.16e-01	4.12e-17	7.72e-26	9.73e-26
 6.03079e+22	5.19e-17	2.93e-12	6.40e-09	1.29e-06	5.43e-05	8.48e-04	7.83e-02	4.14e-01	5.07e-01	5.19e-17	9.71e-26	1.22e-25
 6.11710e+22	6.88e-17	3.74e-12	7.91e-09	1.54e-06	6.26e-05	9.37e-04	8.30e-02	4.21e-01	4.95e-01	6.88e-17	1.29e-25	1.62e-25
 6.20547e+22	8.71e-17	4.59e-12	9.44e-09	1.79e-06	7.04e-05	1.02e-03	8.71e-02	4.27e-01	4.85e-01	8.71e-17	1.63e-25	2.05e-25
 6.28444e+22	1.09e-16	5.57e-12	1.11e-08	2.05e-06	7.86e-05	1.10e-03	9.11e-02	4.32e-01	4.76e-01	1.09e-16	2.03e-25	2.56e-25
 6.37501e+22	1.47e-16	7.23e-12	1.39e-08	2.48e-06	9.15e-05	1.22e-03	9.68e-02	4.39e-01	4.63e-01	1.47e-16	2.74e-25	3.45e-25
 6.46637e+22	1.83e-16	8.77e-12	1.65e-08	2.85e-06	1.02e-04	1.32e-03	1.01e-01	4.44e-01	4.53e-01	1.83e-16	3.42e-25	4.31e-25
 6.55873e+22	2.46e-16	1.13e-11	2.05e-08	3.43e-06	1.18e-04	1.47e-03	1.07e-01	4.51e-01	4.40e-01	2.46e-16	4.60e-25	5.79e-25
 6.65290e+22	3.11e-16	1.39e-11	2.45e-08	3.98e-06	1.33e-04	1.60e-03	1.13e-01	4.56e-01	4.30e-01	3.11e-16	5.82e-25	7.32e-25
 6.74943e+22	4.20e-16	1.81e-11	3.07e-08	4.81e-06	1.55e-04	1.77e-03	1.19e-01	4.62e-01	4.16e-01	4.20e-16	7.87e-25	9.90e-25
 6.84761e+22	5.37e-16	2.24e-11	3.69e-08	5.61e-06	1.75e-04	1.93e-03	1.25e-01	4.67e-01	4.05e-01	5.37e-16	1.00e-24	1.26e-24
 6.94794e+22	7.36e-16	2.95e-11	4.67e-08	6.85e-06	2.06e-04	2.16e-03	1.33e-01	4.73e-01	3.91e-01	7.36e-16	1.38e-24	1.73e-24
 7.04283e+22	9.06e-16	3.54e-11	5.46e-08	7.81e-06	2.29e-04	2.33e-03	1.39e-01	4.77e-01	3.82e-01	9.06e-16	1.69e-24	2.13e-24
 7.13062e+22	1.20e-15	4.51e-11	6.73e-08	9.32e-06	2.63e-04	2.57e-03	1.47e-01	4.82e-01	3.69e-01	1.20e-15	2.24e-24	2.81e-24
 7.21908e+22	1.47e-15	5.40e-11	7.86e-08	1.06e-05	2.92e-04	2.76e-03	1.52e-01	4.85e-01	3.59e-01	1.47e-15	2.75e-24	3.46e-24
 7.30840e+22	1.95e-15	6.89e-11	9.71e-08	1.27e-05	3.38e-04	3.06e-03	1.61e-01	4.89e-01	3.46e-01	1.95e-15	3.64e-24	4.58e-24
 7.39863e+22	2.41e-15	8.31e-11	1.14e-07	1.46e-05	3.77e-04	3.30e-03	1.68e-01	4.92e-01	3.37e-01	2.41e-15	4.51e-24	5.67e-24
 7.49003e+22	3.20e-15	1.06e-10	1.41e-07	1.75e-05	4.37e-04	3.66e-03	1.77e-01	4.95e-01	3.23e-01	3.20e-15	5.99e-24	7.53e-24
 7.58273e+22	3.98e-15	1.29e-10	1.67e-07	2.01e-05	4.90e-04	3.96e-03	1.85e-01	4.98e-01	3.13e-01	3.98e-15	7.45e-24	9.36e-24
 7.67712e+22	5.31e-15	1.66e-10	2.07e-07	2.42e-05	5.71e-04	4.41e-03	1.95e-01	5.00e-01	2.99e-01	5.31e-15	9.94e-24	1.25e-23
 7.77283e+22	6.63e-15	2.01e-10	2.45e-07	2.79e-05	6.41e-04	4.78e-03	2.04e-01	5.02e-01	2.89e-01	6.63e-15	1.24e-23	1.56e-23
 7.87025e+22	8.86e-15	2.59e-10	3.06e-07	3.38e-05	7.49e-04	5.33e-03	2.15e-01	5.03e-01	2.75e-01	8.86e-15	1.66e-23	2.08e-23
 7.96986e+22	1.12e-14	3.16e-10	3.65e-07	3.93e-05	8.49e-04	5.82e-03	2.25e-01	5.04e-01	2.64e-01	1.12e-14	2.09e-23	2.62e-23
 8.07232e+22	1.50e-14	4.10e-10	4.58e-07	4.79e-05	9.99e-04	6.52e-03	2.38e-01	5.04e-01	2.50e-01	1.50e-14	2.81e-23	3.53e-23
 8.17623e+22	1.89e-14	5.01e-10	5.47e-07	5.59e-05	1.14e-03	7.13e-03	2.49e-01	5.04e-01	2.39e-01	1.89e-14	3.53e-23	4.44e-23
 8.27871e+22	2.49e-14	6.39e-10	6.79e-07	6.75e-05	1.33e-03	7.96e-03	2.62e-01	5.03e-01	2.26e-01	2.49e-14	4.66e-23	5.86e-23
 8.37659e+22	3.04e-14	7.61e-10	7.92e-07	7.73e-05	1.49e-03	8.62e-03	2.73e-01	5.01e-01	2.16e-01	3.04e-14	5.68e-23	7.14e-23
 8.47181e+22	3.91e-14	9.49e-10	9.66e-07	9.22e-05	1.73e-03	9.58e-03	2.86e-01	4.98e-01	2.04e-01	3.91e-14	7.31e-23	9.19e-23
 8.56883e+22	4.76e-14	1.13e-09	1.13e-06	1.06e-04	1.94e-03	1.04e-02	2.98e-01	4.96e-01	1.94e-01	4.76e-14	8.90e-23	1.12e-22
 8.66339e+22	5.96e-14	1.38e-09	1.35e-06	1.25e-04	2.23e-03	1.15e-02	3.11e-01	4.92e-01	1.83e-01	5.96e-14	1.12e-22	1.40e-22
 8.75997e+22	7.23e-14	1.64e-09	1.58e-06	1.43e-04	2.52e-03	1.25e-02	3.24e-01	4.88e-01	1.73e-01	7.23e-14	1.35e-22	1.70e-22
 8.85411e+22	8.83e-14	1.96e-09	1.87e-06	1.67e-04	2.87e-03	1.37e-02	3.37e-01	4.83e-01	1.63e-01	8.83e-14	1.66e-22	2.08e-22
 8.95010e+22	1.06e-13	2.31e-09	2.18e-06	1.92e-04	3.24e-03	1.50e-02	3.50e-01	4.78e-01	1.54e-01	1.06e-13	1.99e-22	2.50e-22
 9.04545e+22	1.28e-13	2.72e-09	2.54e-06	2.21e-04	3.66e-03	1.64e-02	3.63e-01	4.72e-01	1.45e-01	1.28e-13	2.39e-22	3.00e-22
 9.14120e+22	1.51e-13	3.17e-09	2.93e-06	2.53e-04	4.12e-03	1.78e-02	3.77e-01	4.65e-01	1.36e-01	1.51e-13	2.84e-22	3.56e-22
 9.23593e+22	1.78e-13	3.67e-09	3.38e-06	2.89e-04	4.63e-03	1.94e-02	3.90e-01	4.59e-01	1.27e-01	1.78e-13	3.34e-22	4.19e-22
 9.33050e+22	2.08e-13	4.23e-09	3.87e-06	3.28e-04	5.19e-03	2.11e-02	4.03e-01	4.51e-01	1.19e-01	2.08e-13	3.90e-22	4.89e-22
 9.42531e+22	2.41e-13	4.84e-09	4.41e-06	3.73e-04	5.80e-03	2.29e-02	4.16e-01	4.43e-01	1.12e-01	2.41e-13	4.52e-22	5.66e-22
 9.52056e+22	2.77e-13	5.51e-09	5.02e-06	4.22e-04	6.47e-03	2.48e-02	4.29e-01	4.35e-01	1.05e-01	2.77e-13	5.20e-22	6.52e-22
 9.61648e+22	3.16e-13	6.25e-09	5.69e-06	4.76e-04	7.20e-03	2.69e-02	4.41e-01	4.27e-01	9.76e-02	3.16e-13	5.95e-22	7.45e-22
 9.71335e+22	3.60e-13	7.05e-09	6.43e-06	5.36e-04	8.00e-03	2.91e-02	4.54e-01	4.17e-01	9.10e-02	3.60e-13	6.76e-22	8.47e-22
 9.81144e+22	4.07e-13	7.92e-09	7.24e-06	6.04e-04	8.88e-03	3.14e-02	4.66e-01	4.08e-01	8.47e-02	4.07e-13	7.65e-22	9.59e-22
 9.91003e+22	4.57e-13	8.86e-09	8.13e-06	6.77e-04	9.82e-03	3.39e-02	4.78e-01	3.98e-01	7.87e-02	4.57e-13	8.60e-22	1.08e-21
 1.00103e+23	5.12e-13	9.89e-09	9.13e-06	7.60e-04	1.09e-02	3.66e-02	4.91e-01	3.88e-01	7.29e-02	5.12e-13	9.64e-22	1.21e-21
 1.01118e+23	5.69e-13	1.10e-08	1.02e-05	8.50e-04	1.20e-02	3.94e-02	5.02e-01	3.78e-01	6.76e-02	5.69e-13	1.07e-21	1.34e-21
 1.02153e+23	6.32e-13	1.22e-08	1.14e-05	9.54e-04	1.32e-02	4.25e-02	5.14e-01	3.67e-01	6.23e-02	6.32e-13	1.19e-21	1.49e-21
 1.03115e+23	6.88e-13	1.33e-08	1.25e-05	1.05e-03	1.43e-02	4.51e-02	5.23e-01	3.58e-01	5.84e-02	6.88e-13	1.30e-21	1.63e-21
 1.04107e+23	7.60e-13	1.47e-08	1.40e-05	1.17e-03	1.58e-02	4.87e-02	5.34e-01	3.47e-01	5.35e-02	7.60e-13	1.44e-21	1.80e-21
 1.05117e+23	8.25e-13	1.60e-08	1.53e-05	1.29e-03	1.71e-02	5.17e-02	5.43e-01	3.37e-01	4.99e-02	8.25e-13	1.56e-21	1.95e-21
 1.06154e+23	9.05e-13	1.77e-08	1.72e-05	1.45e-03	1.89e-02	5.58e-02	5.53e-01	3.25e-01	4.55e-02	9.05e-13	1.71e-21	2.14e-21
 1.07193e+23	9.82e-13	1.92e-08	1.88e-05	1.58e-03	2.03e-02	5.90e-02	5.61e-01	3.16e-01	4.24e-02	9.82e-13	1.86e-21	2.32e-21
 1.08235e+23	1.07e-12	2.12e-08	2.10e-05	1.77e-03	2.23e-02	6.35e-02	5.70e-01	3.04e-01	3.86e-02	1.07e-12	2.04e-21	2.54e-21
 1.09285e+23	1.16e-12	2.29e-08	2.29e-05	1.94e-03	2.39e-02	6.70e-02	5.77e-01	2.95e-01	3.59e-02	1.16e-12	2.20e-21	2.74e-21
 1.10345e+23	1.26e-12	2.52e-08	2.55e-05	2.17e-03	2.62e-02	7.18e-02	5.85e-01	2.83e-01	3.26e-02	1.26e-12	2.40e-21	3.00e-21
 1.11414e+23	1.36e-12	2.73e-08	2.79e-05	2.37e-03	2.80e-02	7.57e-02	5.90e-01	2.73e-01	3.03e-02	1.36e-12	2.59e-21	3.23e-21
 1.12496e+23	1.48e-12	3.01e-08	3.11e-05	2.64e-03	3.06e-02	8.10e-02	5.97e-01	2.62e-01	2.74e-02	1.48e-12	2.82e-21	3.52e-21
 1.13592e+23	1.59e-12	3.26e-08	3.40e-05	2.89e-03	3.27e-02	8.52e-02	6.01e-01	2.53e-01	2.54e-02	1.59e-12	3.04e-21	3.79e-21
 1.14706e+23	1.74e-12	3.60e-08	3.80e-05	3.23e-03	3.56e-02	9.10e-02	6.07e-01	2.41e-01	2.29e-02	1.74e-12	3.32e-21	4.14e-21
 1.15839e+23	1.88e-12	3.92e-08	4.17e-05	3.53e-03	3.80e-02	9.56e-02	6.10e-01	2.32e-01	2.11e-02	1.88e-12	3.59e-21	4.48e-21
 1.16998e+23	2.06e-12	4.35e-08	4.68e-05	3.96e-03	4.14e-02	1.02e-01	6.14e-01	2.20e-01	1.89e-02	2.06e-12	3.94e-21	4.91e-21
 1.18183e+23	2.23e-12	4.76e-08	5.16e-05	4.34e-03	4.42e-02	1.07e-01	6.16e-01	2.11e-01	1.73e-02	2.23e-12	4.28e-21	5.34e-21
 1.19401e+23	2.46e-12	5.32e-08	5.83e-05	4.89e-03	4.80e-02	1.14e-01	6.18e-01	1.99e-01	1.55e-02	2.46e-12	4.73e-21	5.89e-21
 1.20646e+23	2.69e-12	5.88e-08	6.46e-05	5.38e-03	5.13e-02	1.20e-01	6.19e-01	1.91e-01	1.41e-02	2.69e-12	5.19e-21	6.46e-21
 1.21694e+23	2.91e-12	6.40e-08	7.07e-05	5.84e-03	5.43e-02	1.25e-01	6.19e-01	1.83e-01	1.30e-02	2.91e-12	5.61e-21	6.99e-21
 1.22822e+23	3.20e-12	7.14e-08	7.93e-05	6.50e-03	5.84e-02	1.32e-01	6.18e-01	1.73e-01	1.16e-02	3.20e-12	6.19e-21	7.70e-21
 1.23924e+23	3.46e-12	7.77e-08	8.65e-05	7.02e-03	6.15e-02	1.37e-01	6.17e-01	1.66e-01	1.08e-02	3.46e-12	6.69e-21	8.33e-21
 1.24993e+23	3.78e-12	8.61e-08	9.64e-05	7.75e-03	6.57e-02	1.44e-01	6.16e-01	1.57e-01	9.69e-03	3.78e-12	7.33e-21	9.12e-21
 1.26071e+23	4.13e-12	9.45e-08	1.06e-04	8.38e-03	6.91e-02	1.49e-01	6.14e-01	1.51e-01	8.95e-03	4.13e-12	8.02e-21	9.98e-21
 1.27163e+23	4.56e-12	1.06e-07	1.18e-04	9.26e-03	7.37e-02	1.56e-01	6.10e-01	1.43e-01	8.04e-03	4.56e-12	8.87e-21	1.10e-20
 1.28270e+23	5.00e-12	1.17e-07	1.30e-04	1.00e-02	7.75e-02	1.61e-01	6.07e-01	1.37e-01	7.39e-03	5.00e-12	9.75e-21	1.21e-20
 1.29397e+23	5.57e-12	1.31e-07	1.46e-04	1.11e-02	8.26e-02	1.69e-01	6.02e-01	1.29e-01	6.61e-03	5.57e-12	1.09e-20	1.35e-20
 1.30541e+23	6.17e-12	1.46e-07	1.61e-04	1.20e-02	8.68e-02	1.74e-01	5.98e-01	1.23e-01	6.05e-03	6.17e-12	1.21e-20	1.50e-20
 1.31705e+23	6.92e-12	1.66e-07	1.83e-04	1.33e-02	9.25e-02	1.82e-01	5.92e-01	1.15e-01	5.38e-03	6.92e-12	1.36e-20	1.69e-20
 1.32890e+23	7.75e-12	1.86e-07	2.02e-04	1.45e-02	9.73e-02	1.88e-01	5.86e-01	1.09e-01	4.91e-03	7.75e-12	1.53e-20	1.89e-20
 1.34099e+23	8.78e-12	2.13e-07	2.30e-04	1.61e-02	1.04e-01	1.96e-01	5.78e-01	1.02e-01	4.34e-03	8.78e-12	1.73e-20	2.15e-20
 1.35334e+23	9.93e-12	2.40e-07	2.57e-04	1.75e-02	1.09e-01	2.01e-01	5.71e-01	9.65e-02	3.94e-03	9.93e-12	1.97e-20	2.44e-20
 1.36600e+23	1.14e-11	2.79e-07	2.95e-04	1.95e-02	1.16e-01	2.10e-01	5.62e-01	8.96e-02	3.45e-03	1.14e-11	2.27e-20	2.81e-20
 1.37899e+23	1.30e-11	3.18e-07	3.31e-04	2.13e-02	1.22e-01	2.16e-01	5.53e-01	8.43e-02	3.11e-03	1.30e-11	2.59e-20	3.22e-20
 1.39241e+23	1.53e-11	3.75e-07	3.83e-04	2.38e-02	1.30e-01	2.24e-01	5.41e-01	7.77e-02	2.70e-03	1.53e-11	3.06e-20	3.80e-20
 1.40603e+23	1.76e-11	4.31e-07	4.31e-04	2.60e-02	1.37e-01	2.30e-01	5.31e-01	7.28e-02	2.42e-03	1.76e-11	3.54e-20	4.39e-20
 1.41990e+23	2.10e-11	5.14e-07	5.02e-04	2.91e-02	1.45e-01	2.38e-01	5.18e-01	6.68e-02	2.08e-03	2.10e-11	4.24e-20	5.25e-20
 1.43393e+23	2.45e-11	5.95e-07	5.68e-04	3.18e-02	1.53e-01	2.44e-01	5.07e-01	6.23e-02	1.86e-03	2.45e-11	4.97e-20	6.14e-20
 1.44817e+23	2.95e-11	7.15e-07	6.64e-04	3.56e-02	1.62e-01	2.52e-01	4.91e-01	5.68e-02	1.59e-03	2.95e-11	6.01e-20	7.44e-20
 1.46262e+23	3.48e-11	8.34e-07	7.53e-04	3.89e-02	1.70e-01	2.57e-01	4.79e-01	5.28e-02	1.41e-03	3.48e-11	7.12e-20	8.80e-20
 1.47529e+23	4.07e-11	9.68e-07	8.51e-04	4.24e-02	1.78e-01	2.62e-01	4.66e-01	4.90e-02	1.25e-03	4.07e-11	8.38e-20	1.03e-19
 1.48973e+23	4.97e-11	1.17e-06	9.96e-04	4.73e-02	1.88e-01	2.69e-01	4.49e-01	4.43e-02	1.06e-03	4.97e-11	1.03e-19	1.27e-19
 1.50429e+23	5.89e-11	1.37e-06	1.13e-03	5.15e-02	1.97e-01	2.73e-01	4.36e-01	4.10e-02	9.36e-04	5.89e-11	1.23e-19	1.51e-19
 1.51627e+23	6.82e-11	1.57e-06	1.26e-03	5.54e-02	2.04e-01	2.76e-01	4.24e-01	3.82e-02	8.37e-04	6.82e-11	1.43e-19	1.76e-19
 1.52910e+23	8.23e-11	1.86e-06	1.44e-03	6.07e-02	2.13e-01	2.80e-01	4.09e-01	3.49e-02	7.26e-04	8.23e-11	1.73e-19	2.14e-19
 1.54223e+23	9.66e-11	2.15e-06	1.61e-03	6.55e-02	2.21e-01	2.83e-01	3.95e-01	3.23e-02	6.42e-04	9.66e-11	2.04e-19	2.52e-19
 1.55390e+23	1.13e-10	2.47e-06	1.80e-03	7.05e-02	2.29e-01	2.86e-01	3.83e-01	2.99e-02	5.69e-04	1.13e-10	2.41e-19	2.96e-19
 1.56726e+23	1.38e-10	2.95e-06	2.06e-03	7.71e-02	2.39e-01	2.88e-01	3.66e-01	2.71e-02	4.89e-04	1.38e-10	2.96e-19	3.65e-19
 1.58113e+23	1.65e-10	3.45e-06	2.33e-03	8.34e-02	2.47e-01	2.90e-01	3.52e-01	2.48e-02	4.26e-04	1.65e-10	3.56e-19	4.38e-19
 1.59352e+23	1.96e-10	3.99e-06	2.60e-03	8.96e-02	2.55e-01	2.91e-01	3.38e-01	2.28e-02	3.74e-04	1.96e-10	4.25e-19	5.22e-19
 1.60745e+23	2.43e-10	4.80e-06	2.99e-03	9.78e-02	2.65e-01	2.92e-01	3.22e-01	2.05e-02	3.18e-04	2.43e-10	5.31e-19	6.53e-19
 1.62203e+23	2.95e-10	5.66e-06	3.39e-03	1.06e-01	2.74e-01	2.92e-01	3.06e-01	1.85e-02	2.73e-04	2.95e-10	6.49e-19	7.97e-19
 1.63518e+23	3.54e-10	6.60e-06	3.80e-03	1.14e-01	2.82e-01	2.91e-01	2.92e-01	1.69e-02	2.37e-04	3.54e-10	7.86e-19	9.64e-19
 1.65002e+23	4.47e-10	8.01e-06	4.39e-03	1.24e-01	2.92e-01	2.90e-01	2.75e-01	1.49e-02	1.98e-04	4.47e-10	1.00e-18	1.23e-18
 1.66536e+23	5.49e-10	9.50e-06	4.98e-03	1.34e-01	3.00e-01	2.88e-01	2.60e-01	1.34e-02	1.68e-04	5.49e-10	1.24e-18	1.52e-18
 1.67902e+23	6.67e-10	1.11e-05	5.59e-03	1.43e-01	3.07e-01	2.86e-01	2.46e-01	1.20e-02	1.44e-04	6.67e-10	1.52e-18	1.86e-18
 1.69448e+23	8.53e-10	1.36e-05	6.45e-03	1.56e-01	3.16e-01	2.82e-01	2.29e-01	1.05e-02	1.19e-04	8.53e-10	1.97e-18	2.41e-18
 1.71054e+23	1.06e-09	1.62e-05	7.32e-03	1.68e-01	3.23e-01	2.78e-01	2.14e-01	9.32e-03	9.92e-05	1.06e-09	2.48e-18	3.02e-18
 1.72500e+23	1.31e-09	1.90e-05	8.22e-03	1.79e-01	3.30e-01	2.73e-01	2.01e-01	8.29e-03	8.38e-05	1.31e-09	3.08e-18	3.76e-18
 1.74138e+23	1.70e-09	2.34e-05	9.53e-03	1.95e-01	3.37e-01	2.67e-01	1.85e-01	7.11e-03	6.73e-05	1.70e-09	4.07e-18	4.96e-18
 1.75829e+23	2.14e-09	2.79e-05	1.08e-02	2.08e-01	3.43e-01	2.61e-01	1.71e-01	6.22e-03	5.56e-05	2.14e-09	5.17e-18	6.30e-18
 1.77353e+23	2.67e-09	3.31e-05	1.21e-02	2.22e-01	3.48e-01	2.54e-01	1.59e-01	5.45e-03	4.61e-05	2.67e-09	6.52e-18	7.94e-18
 1.79100e+23	3.54e-09	4.11e-05	1.41e-02	2.40e-01	3.53e-01	2.45e-01	1.43e-01	4.58e-03	3.61e-05	3.54e-09	8.81e-18	1.07e-17
 1.80870e+23	4.47e-09	4.90e-05	1.59e-02	2.56e-01	3.56e-01	2.37e-01	1.31e-01	3.95e-03	2.93e-05	4.47e-09	1.13e-17	1.37e-17
 1.82434e+23	5.60e-09	5.80e-05	1.78e-02	2.71e-01	3.58e-01	2.29e-01	1.21e-01	3.42e-03	2.40e-05	5.60e-09	1.43e-17	1.74e-17
 1.84232e+23	7.51e-09	7.21e-05	2.06e-02	2.91e-01	3.60e-01	2.18e-01	1.07e-01	2.83e-03	1.84e-05	7.51e-09	1.96e-17	2.38e-17
 1.86052e+23	9.51e-09	8.57e-05	2.31e-02	3.08e-01	3.60e-01	2.09e-01	9.74e-02	2.41e-03	1.48e-05	9.51e-09	2.52e-17	3.06e-17
 1.87901e+23	1.28e-08	1.06e-04	2.66e-02	3.29e-01	3.59e-01	1.97e-01	8.61e-02	1.97e-03	1.12e-05	1.28e-08	3.46e-17	4.19e-17
 1.89788e+23	1.63e-08	1.27e-04	2.99e-02	3.46e-01	3.58e-01	1.87e-01	7.73e-02	1.66e-03	8.86e-06	1.63e-08	4.51e-17	5.45e-17
 1.91468e+23	2.07e-08	1.50e-04	3.34e-02	3.63e-01	3.55e-01	1.78e-01	6.93e-02	1.40e-03	7.00e-06	2.07e-08	5.84e-17	7.06e-17
 1.93395e+23	2.81e-08	1.87e-04	3.83e-02	3.85e-01	3.50e-01	1.65e-01	6.01e-02	1.12e-03	5.17e-06	2.81e-08	8.13e-17	9.82e-17
 1.95355e+23	3.60e-08	2.22e-04	4.27e-02	4.02e-01	3.45e-01	1.55e-01	5.34e-02	9.28e-04	4.02e-06	3.60e-08	1.06e-16	1.28e-16
 1.97355e+23	4.92e-08	2.77e-04	4.90e-02	4.24e-01	3.38e-01	1.42e-01	4.56e-02	7.28e-04	2.90e-06	4.92e-08	1.50e-16	1.81e-16
 1.99308e+23	6.18e-08	3.24e-04	5.40e-02	4.40e-01	3.31e-01	1.33e-01	4.06e-02	6.08e-04	2.28e-06	6.18e-08	1.92e-16	2.32e-16
 2.01201e+23	8.29e-08	3.97e-04	6.11e-02	4.59e-01	3.22e-01	1.22e-01	3.47e-02	4.79e-04	1.65e-06	8.29e-08	2.66e-16	3.20e-16
 2.03068e+23	1.03e-07	4.60e-04	6.68e-02	4.73e-01	3.15e-01	1.14e-01	3.08e-02	4.00e-04	1.30e-06	1.03e-07	3.37e-16	4.05e-16
 2.04647e+23	1.27e-07	5.30e-04	7.27e-02	4.85e-01	3.07e-01	1.06e-01	2.74e-02	3.36e-04	1.03e-06	1.27e-07	4.25e-16	5.10e-16
 2.06444e+23	1.67e-07	6.39e-04	8.12e-02	5.01e-01	2.96e-01	9.68e-02	2.34e-02	2.65e-04	7.52e-07	1.67e-07	5.75e-16	6.91e-16
 2.08228e+23	2.04e-07	7.33e-04	8.79e-02	5.12e-01	2.88e-01	9.00e-02	2.08e-02	2.21e-04	5.93e-07	2.04e-07	7.20e-16	8.65e-16
 2.09997e+23	2.64e-07	8.71e-04	9.71e-02	5.25e-01	2.77e-01	8.17e-02	1.78e-02	1.75e-04	4.36e-07	2.64e-07	9.60e-16	1.15e-15
 2.11817e+23	3.27e-07	1.01e-03	1.05e-01	5.35e-01	2.67e-01	7.52e-02	1.55e-02	1.44e-04	3.36e-07	3.27e-07	1.22e-15	1.46e-15
 2.13455e+23	4.03e-07	1.16e-03	1.14e-01	5.44e-01	2.57e-01	6.91e-02	1.36e-02	1.18e-04	2.59e-07	4.03e-07	1.54e-15	1.85e-15
 2.15339e+23	5.27e-07	1.38e-03	1.26e-01	5.55e-01	2.45e-01	6.17e-02	1.14e-02	9.10e-05	1.84e-07	5.27e-07	2.08e-15	2.49e-15
 2.17237e+23	6.50e-07	1.59e-03	1.36e-01	5.62e-01	2.34e-01	5.63e-02	9.91e-03	7.39e-05	1.40e-07	6.50e-07	2.64e-15	3.15e-15
 2.19153e+23	8.49e-07	1.89e-03	1.50e-01	5.69e-01	2.21e-01	5.00e-02	8.25e-03	5.65e-05	0.00e+00	8.49e-07	3.57e-15	4.26e-15
 2.20925e+23	1.01e-06	2.12e-03	1.59e-01	5.73e-01	2.13e-01	4.60e-02	7.29e-03	4.71e-05	0.00e+00	1.01e-06	4.34e-15	5.18e-15
 2.22510e+23	1.25e-06	2.43e-03	1.71e-01	5.76e-01	2.02e-01	4.16e-02	6.27e-03	3.78e-05	0.00e+00	1.25e-06	5.52e-15	6.58e-15
 2.24141e+23	1.49e-06	2.73e-03	1.82e-01	5.78e-01	1.93e-01	3.81e-02	5.49e-03	3.12e-05	0.00e+00	1.49e-06	6.77e-15	8.06e-15
 2.25597e+23	1.76e-06	3.05e-03	1.93e-01	5.79e-01	1.85e-01	3.49e-02	4.83e-03	2.59e-05	0.00e+00	1.76e-06	8.21e-15	9.77e-15
 2.27255e+23	2.18e-06	3.50e-03	2.07e-01	5.80e-01	1.74e-01	3.12e-02	4.10e-03	2.04e-05	0.00e+00	2.18e-06	1.05e-14	1.25e-14
 2.28940e+23	2.60e-06	3.92e-03	2.20e-01	5.79e-01	1.66e-01	2.84e-02	3.57e-03	1.67e-05	0.00e+00	2.60e-06	1.29e-14	1.53e-14
 2.30425e+23	3.08e-06	4.37e-03	2.32e-01	5.77e-01	1.57e-01	2.58e-02	3.11e-03	1.37e-05	0.00e+00	3.08e-06	1.56e-14	1.86e-14
 2.32123e+23	3.81e-06	5.00e-03	2.48e-01	5.74e-01	1.47e-01	2.29e-02	2.62e-03	1.07e-05	0.00e+00	3.81e-06	2.00e-14	2.37e-14
 2.33847e+23	4.53e-06	5.59e-03	2.62e-01	5.70e-01	1.39e-01	2.06e-02	2.26e-03	8.67e-06	0.00e+00	4.53e-06	2.45e-14	2.90e-14
 2.35371e+23	5.37e-06	6.23e-03	2.76e-01	5.65e-01	1.31e-01	1.86e-02	1.96e-03	7.05e-06	0.00e+00	5.37e-06	2.99e-14	3.54e-14
 2.37116e+23	6.65e-06	7.14e-03	2.95e-01	5.58e-01	1.22e-01	1.64e-02	1.63e-03	5.42e-06	0.00e+00	6.65e-06	3.84e-14	4.55e-14
 2.38883e+23	7.91e-06	7.98e-03	3.10e-01	5.51e-01	1.15e-01	1.46e-02	1.40e-03	4.35e-06	0.00e+00	7.91e-06	4.71e-14	5.58e-14
 2.40442e+23	9.37e-06	8.89e-03	3.26e-01	5.43e-01	1.07e-01	1.31e-02	1.20e-03	3.49e-06	0.00e+00	9.37e-06	5.75e-14	6.81e-14
 2.42231e+23	1.16e-05	1.02e-02	3.46e-01	5.33e-01	9.90e-02	1.14e-02	9.89e-04	2.65e-06	0.00e+00	1.16e-05	7.40e-14	8.76e-14
 2.44052e+23	1.38e-05	1.13e-02	3.63e-01	5.22e-01	9.21e-02	1.01e-02	8.38e-04	2.10e-06	0.00e+00	1.38e-05	9.10e-14	1.08e-13
 2.45914e+23	1.71e-05	1.30e-02	3.85e-01	5.09e-01	8.41e-02	8.68e-03	6.82e-04	1.56e-06	0.00e+00	1.71e-05	1.18e-13	1.40e-13
 2.47798e+23	2.04e-05	1.45e-02	4.03e-01	4.96e-01	7.77e-02	7.63e-03	5.72e-04	1.22e-06	0.00e+00	2.04e-05	1.45e-13	1.72e-13
 2.49711e+23	2.53e-05	1.67e-02	4.26e-01	4.80e-01	7.04e-02	6.49e-03	4.60e-04	8.97e-07	0.00e+00	2.53e-05	1.89e-13	2.24e-13
 2.51660e+23	3.02e-05	1.86e-02	4.45e-01	4.66e-01	6.45e-02	5.65e-03	3.82e-04	6.89e-07	0.00e+00	3.02e-05	2.34e-13	2.77e-13
 2.53396e+23	3.59e-05	2.07e-02	4.64e-01	4.51e-01	5.91e-02	4.92e-03	3.18e-04	5.32e-07	0.00e+00	3.59e-05	2.89e-13	3.41e-13
 2.55392e+23	4.45e-05	2.37e-02	4.88e-01	4.31e-01	5.28e-02	4.12e-03	2.52e-04	3.83e-07	0.00e+00	4.45e-05	3.76e-13	4.45e-13
 2.57437e+23	5.32e-05	2.65e-02	5.08e-01	4.14e-01	4.78e-02	3.53e-03	2.05e-04	2.88e-07	0.00e+00	5.32e-05	4.68e-13	5.54e-13
 2.59260e+23	6.31e-05	2.94e-02	5.27e-01	3.97e-01	4.33e-02	3.03e-03	1.68e-04	2.18e-07	0.00e+00	6.31e-05	5.79e-13	6.85e-13
 2.60828e+23	7.12e-05	3.17e-02	5.41e-01	3.84e-01	4.02e-02	2.71e-03	1.45e-04	1.77e-07	0.00e+00	7.12e-05	6.73e-13	7.95e-13
 2.62353e+23	8.35e-05	3.49e-02	5.59e-01	3.67e-01	3.66e-02	2.34e-03	1.20e-04	1.36e-07	0.00e+00	8.35e-05	8.20e-13	9.70e-13
 2.63903e+23	9.46e-05	3.77e-02	5.73e-01	3.54e-01	3.37e-02	2.07e-03	1.03e-04	0.00e+00	0.00e+00	9.46e-05	9.60e-13	1.13e-12
 2.65484e+23	1.11e-04	4.16e-02	5.90e-01	3.36e-01	3.04e-02	1.78e-03	8.40e-05	0.00e+00	0.00e+00	1.11e-04	1.17e-12	1.39e-12
 2.67083e+23	1.26e-04	4.49e-02	6.04e-01	3.22e-01	2.78e-02	1.56e-03	7.11e-05	0.00e+00	0.00e+00	1.26e-04	1.37e-12	1.62e-12
 2.68706e+23	1.48e-04	4.95e-02	6.20e-01	3.04e-01	2.49e-02	1.32e-03	5.76e-05	0.00e+00	0.00e+00	1.48e-04	1.69e-12	1.99e-12
 2.70341e+23	1.67e-04	5.33e-02	6.33e-01	2.90e-01	2.27e-02	1.16e-03	4.85e-05	0.00e+00	0.00e+00	1.67e-04	1.97e-12	2.33e-12
 2.71991e+23	1.96e-04	5.87e-02	6.48e-01	2.72e-01	2.02e-02	9.75e-04	3.90e-05	0.00e+00	0.00e+00	1.96e-04	2.42e-12	2.86e-12
 2.73675e+23	2.23e-04	6.33e-02	6.60e-01	2.58e-01	1.82e-02	8.42e-04	3.24e-05	0.00e+00	0.00e+00	2.23e-04	2.85e-12	3.36e-12
 2.75403e+23	2.63e-04	7.00e-02	6.74e-01	2.39e-01	1.60e-02	6.98e-04	2.56e-05	0.00e+00	0.00e+00	2.63e-04	3.53e-12	4.16e-12
 2.77140e+23	2.97e-04	7.52e-02	6.84e-01	2.25e-01	1.44e-02	6.02e-04	2.12e-05	0.00e+00	0.00e+00	2.97e-04	4.12e-12	4.87e-12
 2.78889e+23	3.49e-04	8.30e-02	6.96e-01	2.08e-01	1.26e-02	4.95e-04	1.67e-05	0.00e+00	0.00e+00	3.49e-04	5.10e-12	6.01e-12
 2.80678e+23	3.98e-04	8.96e-02	7.05e-01	1.94e-01	1.11e-02	4.19e-04	1.35e-05	0.00e+00	0.00e+00	3.98e-04	6.03e-12	7.12e-12
 2.82519e+23	4.72e-04	9.92e-02	7.14e-01	1.76e-01	9.58e-03	3.38e-04	1.04e-05	0.00e+00	0.00e+00	4.72e-04	7.54e-12	8.90e-12
 2.84382e+23	5.37e-04	1.07e-01	7.21e-01	1.63e-01	8.44e-03	2.84e-04	8.36e-06	0.00e+00	0.00e+00	5.37e-04	8.93e-12	1.05e-11
 2.86273e+23	6.37e-04	1.18e-01	7.26e-01	1.47e-01	7.20e-03	2.27e-04	6.35e-06	0.00e+00	0.00e+00	6.37e-04	1.12e-11	1.32e-11
 2.88191e+23	7.28e-04	1.28e-01	7.30e-01	1.34e-01	6.27e-03	1.88e-04	5.04e-06	0.00e+00	0.00e+00	7.28e-04	1.33e-11	1.56e-11
 2.90145e+23	8.69e-04	1.42e-01	7.32e-01	1.19e-01	5.27e-03	1.47e-04	3.75e-06	0.00e+00	0.00e+00	8.69e-04	1.67e-11	1.97e-11
 2.92097e+23	9.95e-04	1.54e-01	7.32e-01	1.08e-01	4.55e-03	1.20e-04	2.95e-06	0.00e+00	0.00e+00	9.95e-04	1.98e-11	2.34e-11
 2.94049e+23	1.19e-03	1.71e-01	7.29e-01	9.48e-02	3.79e-03	9.30e-05	2.17e-06	0.00e+00	0.00e+00	1.19e-03	2.49e-11	2.95e-11
 2.96005e+23	1.37e-03	1.86e-01	7.25e-01	8.48e-02	3.25e-03	7.53e-05	1.69e-06	0.00e+00	0.00e+00	1.37e-03	2.98e-11	3.52e-11
 2.97965e+23	1.64e-03	2.06e-01	7.16e-01	7.32e-02	2.68e-03	5.72e-05	1.23e-06	0.00e+00	0.00e+00	1.64e-03	3.77e-11	4.46e-11
 2.99925e+23	1.90e-03	2.25e-01	7.06e-01	6.45e-02	2.28e-03	4.55e-05	9.46e-07	0.00e+00	0.00e+00	1.90e-03	4.53e-11	5.36e-11
 3.01883e+23	2.29e-03	2.51e-01	6.90e-01	5.46e-02	1.86e-03	3.39e-05	6.77e-07	0.00e+00	0.00e+00	2.29e-03	5.76e-11	6.82e-11
 3.03838e+23	2.68e-03	2.75e-01	6.74e-01	4.72e-02	1.56e-03	2.64e-05	5.13e-07	0.00e+00	0.00e+00	2.68e-03	6.99e-11	8.28e-11
 3.05518e+23	3.13e-03	3.01e-01	6.54e-01	4.07e-02	1.31e-03	2.06e-05	3.90e-07	0.00e+00	0.00e+00	3.13e-03	8.49e-11	1.01e-10
 3.07182e+23	3.68e-03	3.30e-01	6.31e-01	3.47e-02	1.10e-03	1.58e-05	2.93e-07	0.00e+00	0.00e+00	3.68e-03	1.04e-10	1.23e-10
 3.08290e+23	4.02e-03	3.50e-01	6.13e-01	3.19e-02	1.01e-03	1.40e-05	2.58e-07	0.00e+00	0.00e+00	4.02e-03	1.14e-10	1.36e-10
