#depth	He	He+	He+2
 1.54284e+22	4.38e-06	2.20e-02	9.78e-01
 3.56821e+22	8.12e-06	2.98e-02	9.70e-01
 4.29200e+22	1.10e-05	3.46e-02	9.65e-01
 4.72499e+22	1.39e-05	3.88e-02	9.61e-01
 5.00038e+22	1.55e-05	4.09e-02	9.59e-01
 5.19281e+22	1.77e-05	4.36e-02	9.56e-01
 5.39669e+22	1.99e-05	4.61e-02	9.54e-01
 5.61545e+22	2.31e-05	4.96e-02	9.50e-01
 5.83673e+22	2.60e-05	5.26e-02	9.47e-01
 6.06130e+22	3.03e-05	5.67e-02	9.43e-01
 6.28816e+22	3.42e-05	6.01e-02	9.40e-01
 6.48500e+22	3.84e-05	6.35e-02	9.36e-01
 6.67387e+22	4.28e-05	6.70e-02	9.33e-01
 6.85436e+22	4.76e-05	7.05e-02	9.29e-01
 7.05796e+22	5.44e-05	7.51e-02	9.25e-01
 7.26064e+22	6.05e-05	7.90e-02	9.21e-01
 7.46212e+22	6.90e-05	8.42e-02	9.16e-01
 7.66782e+22	7.69e-05	8.86e-02	9.11e-01
 7.87901e+22	8.81e-05	9.46e-02	9.05e-01
 8.09247e+22	9.82e-05	9.96e-02	9.00e-01
 8.30887e+22	1.13e-04	1.07e-01	8.93e-01
 8.52542e+22	1.26e-04	1.12e-01	8.88e-01
 8.69968e+22	1.38e-04	1.17e-01	8.83e-01
 8.88375e+22	1.54e-04	1.23e-01	8.77e-01
 9.07039e+22	1.69e-04	1.29e-01	8.71e-01
 9.23489e+22	1.86e-04	1.34e-01	8.66e-01
 9.42325e+22	2.08e-04	1.41e-01	8.58e-01
 9.61410e+22	2.28e-04	1.48e-01	8.52e-01
 9.78204e+22	2.50e-04	1.54e-01	8.46e-01
 9.97420e+22	2.79e-04	1.62e-01	8.37e-01
 1.01685e+23	3.07e-04	1.69e-01	8.30e-01
 1.03391e+23	3.36e-04	1.76e-01	8.23e-01
 1.05342e+23	3.76e-04	1.86e-01	8.14e-01
 1.07327e+23	4.13e-04	1.94e-01	8.06e-01
 1.09088e+23	4.53e-04	2.02e-01	7.98e-01
 1.10356e+23	4.72e-04	2.05e-01	7.94e-01
 1.11253e+23	4.96e-04	2.10e-01	7.89e-01
 1.12419e+23	5.29e-04	2.16e-01	7.83e-01
 1.13935e+23	5.78e-04	2.25e-01	7.75e-01
 1.15905e+23	6.47e-04	2.36e-01	7.63e-01
 1.17950e+23	7.07e-04	2.45e-01	7.54e-01
 1.20092e+23	7.98e-04	2.58e-01	7.41e-01
 1.22258e+23	8.77e-04	2.69e-01	7.30e-01
 1.24456e+23	9.85e-04	2.83e-01	7.16e-01
 1.26728e+23	1.09e-03	2.95e-01	7.04e-01
 1.28782e+23	1.20e-03	3.07e-01	6.92e-01
 1.31139e+23	1.35e-03	3.23e-01	6.76e-01
 1.33206e+23	1.46e-03	3.33e-01	6.65e-01
 1.34897e+23	1.58e-03	3.45e-01	6.54e-01
 1.36667e+23	1.70e-03	3.55e-01	6.43e-01
 1.38541e+23	1.87e-03	3.69e-01	6.29e-01
 1.40410e+23	2.01e-03	3.80e-01	6.18e-01
 1.42274e+23	2.20e-03	3.94e-01	6.04e-01
 1.44176e+23	2.38e-03	4.06e-01	5.91e-01
 1.46129e+23	2.61e-03	4.21e-01	5.76e-01
 1.48107e+23	2.82e-03	4.35e-01	5.62e-01
 1.50118e+23	3.11e-03	4.52e-01	5.45e-01
 1.52144e+23	3.35e-03	4.65e-01	5.31e-01
 1.54190e+23	3.68e-03	4.82e-01	5.14e-01
 1.56288e+23	4.00e-03	4.98e-01	4.98e-01
 1.58454e+23	4.42e-03	5.17e-01	4.78e-01
 1.60639e+23	4.79e-03	5.34e-01	4.62e-01
 1.62849e+23	5.30e-03	5.54e-01	4.41e-01
 1.65085e+23	5.77e-03	5.71e-01	4.23e-01
 1.67356e+23	6.41e-03	5.93e-01	4.01e-01
 1.69612e+23	6.96e-03	6.11e-01	3.82e-01
 1.71849e+23	7.73e-03	6.33e-01	3.60e-01
 1.74087e+23	8.39e-03	6.51e-01	3.41e-01
 1.76327e+23	9.34e-03	6.73e-01	3.17e-01
 1.78558e+23	1.02e-02	6.92e-01	2.98e-01
 1.80778e+23	1.13e-02	7.14e-01	2.75e-01
 1.82989e+23	1.23e-02	7.32e-01	2.56e-01
 1.85188e+23	1.37e-02	7.53e-01	2.33e-01
 1.87376e+23	1.50e-02	7.70e-01	2.15e-01
 1.89549e+23	1.67e-02	7.89e-01	1.94e-01
 1.91727e+23	1.82e-02	8.05e-01	1.77e-01
 1.93913e+23	2.03e-02	8.22e-01	1.58e-01
 1.96109e+23	2.23e-02	8.36e-01	1.41e-01
 1.98013e+23	2.44e-02	8.48e-01	1.28e-01
 2.00182e+23	2.74e-02	8.60e-01	1.12e-01
 2.02377e+23	3.02e-02	8.70e-01	9.94e-02
 2.04049e+23	3.26e-02	8.77e-01	9.06e-02
 2.05664e+23	3.57e-02	8.83e-01	8.16e-02
 2.07391e+23	3.91e-02	8.87e-01	7.35e-02
 2.08982e+23	4.27e-02	8.91e-01	6.67e-02
 2.10521e+23	4.68e-02	8.93e-01	6.05e-02
 2.12001e+23	5.14e-02	8.93e-01	5.52e-02
 2.13388e+23	5.63e-02	8.93e-01	5.07e-02
 2.14673e+23	6.17e-02	8.91e-01	4.69e-02
 2.15861e+23	6.77e-02	8.89e-01	4.36e-02
 2.16956e+23	7.42e-02	8.85e-01	4.10e-02
 2.17962e+23	8.13e-02	8.80e-01	3.87e-02
 2.18865e+23	8.87e-02	8.74e-01	3.70e-02
 2.19656e+23	9.63e-02	8.68e-01	3.56e-02
 2.20374e+23	1.05e-01	8.61e-01	3.44e-02
 2.21034e+23	1.13e-01	8.54e-01	3.35e-02
 2.21644e+23	1.22e-01	8.45e-01	3.27e-02
 2.22213e+23	1.32e-01	8.36e-01	3.22e-02
 2.22733e+23	1.41e-01	8.27e-01	3.18e-02
 2.23217e+23	1.51e-01	8.17e-01	3.16e-02
 2.23663e+23	1.61e-01	8.07e-01	3.15e-02
 2.24053e+23	1.71e-01	7.98e-01	3.15e-02
 2.24390e+23	1.80e-01	7.89e-01	3.16e-02
 2.24663e+23	1.87e-01	7.81e-01	3.18e-02
 2.24889e+23	1.94e-01	7.75e-01	3.18e-02
 2.25129e+23	2.01e-01	7.67e-01	3.19e-02
 2.25405e+23	2.10e-01	7.58e-01	3.19e-02
 2.25695e+23	2.20e-01	7.48e-01	3.21e-02
 2.25963e+23	2.29e-01	7.39e-01	3.23e-02
 2.26163e+23	2.35e-01	7.32e-01	3.25e-02
 2.26300e+23	2.41e-01	7.27e-01	3.26e-02
 2.26438e+23	2.46e-01	7.21e-01	3.26e-02
 2.26604e+23	2.53e-01	7.14e-01	3.26e-02
 2.26784e+23	2.61e-01	7.07e-01	3.26e-02
 2.26958e+23	2.67e-01	7.00e-01	3.27e-02
 2.27130e+23	2.75e-01	6.92e-01	3.26e-02
 2.27310e+23	2.83e-01	6.84e-01	3.26e-02
 2.27491e+23	2.91e-01	6.76e-01	3.25e-02
 2.27675e+23	3.00e-01	6.68e-01	3.25e-02
 2.27870e+23	3.09e-01	6.59e-01	3.24e-02
 2.28070e+23	3.19e-01	6.49e-01	3.22e-02
 2.28270e+23	3.29e-01	6.39e-01	3.21e-02
 2.28473e+23	3.39e-01	6.29e-01	3.19e-02
 2.28686e+23	3.50e-01	6.18e-01	3.17e-02
 2.28908e+23	3.61e-01	6.07e-01	3.14e-02
 2.29133e+23	3.73e-01	5.96e-01	3.12e-02
 2.29362e+23	3.85e-01	5.84e-01	3.09e-02
 2.29600e+23	3.98e-01	5.71e-01	3.05e-02
 2.29848e+23	4.12e-01	5.58e-01	3.01e-02
 2.30103e+23	4.26e-01	5.45e-01	2.96e-02
 2.30363e+23	4.40e-01	5.31e-01	2.91e-02
 2.30634e+23	4.55e-01	5.17e-01	2.86e-02
 2.30916e+23	4.70e-01	5.02e-01	2.80e-02
 2.31209e+23	4.86e-01	4.87e-01	2.73e-02
 2.31511e+23	5.02e-01	4.71e-01	2.66e-02
 2.31825e+23	5.19e-01	4.56e-01	2.59e-02
 2.32151e+23	5.35e-01	4.40e-01	2.51e-02
 2.32485e+23	5.52e-01	4.24e-01	2.42e-02
 2.32828e+23	5.68e-01	4.08e-01	2.34e-02
 2.33182e+23	5.85e-01	3.92e-01	2.25e-02
 2.33552e+23	6.02e-01	3.77e-01	2.16e-02
 2.33940e+23	6.18e-01	3.61e-01	2.06e-02
 2.34337e+23	6.34e-01	3.46e-01	1.97e-02
 2.34751e+23	6.50e-01	3.31e-01	1.87e-02
 2.35188e+23	6.65e-01	3.17e-01	1.77e-02
 2.35652e+23	6.80e-01	3.03e-01	1.67e-02
 2.36136e+23	6.94e-01	2.90e-01	1.58e-02
 2.36645e+23	7.08e-01	2.77e-01	1.48e-02
 2.37190e+23	7.22e-01	2.65e-01	1.38e-02
 2.37771e+23	7.34e-01	2.53e-01	1.29e-02
 2.38378e+23	7.47e-01	2.41e-01	1.20e-02
 2.38981e+23	7.57e-01	2.32e-01	1.12e-02
 2.39561e+23	7.67e-01	2.23e-01	1.04e-02
 2.40129e+23	7.75e-01	2.15e-01	9.75e-03
 2.40686e+23	7.83e-01	2.08e-01	9.14e-03
 2.41231e+23	7.90e-01	2.01e-01	8.59e-03
 2.41762e+23	7.97e-01	1.95e-01	8.08e-03
 2.42270e+23	8.03e-01	1.90e-01	7.63e-03
 2.42739e+23	8.08e-01	1.85e-01	7.23e-03
 2.43195e+23	8.13e-01	1.80e-01	6.84e-03
 2.43650e+23	8.18e-01	1.75e-01	6.49e-03
 2.44091e+23	8.23e-01	1.71e-01	6.17e-03
 2.44515e+23	8.27e-01	1.67e-01	5.87e-03
 2.44924e+23	8.31e-01	1.63e-01	5.59e-03
 2.45320e+23	8.35e-01	1.60e-01	5.33e-03
 2.45701e+23	8.39e-01	1.56e-01	5.09e-03
 2.46070e+23	8.42e-01	1.53e-01	4.87e-03
 2.46426e+23	8.45e-01	1.50e-01	4.66e-03
 2.46769e+23	8.49e-01	1.47e-01	4.46e-03
 2.47099e+23	8.52e-01	1.44e-01	4.28e-03
 2.47419e+23	8.55e-01	1.41e-01	4.10e-03
 2.47721e+23	8.57e-01	1.39e-01	3.95e-03
 2.48018e+23	8.60e-01	1.36e-01	3.79e-03
 2.48306e+23	8.63e-01	1.34e-01	3.65e-03
 2.48569e+23	8.65e-01	1.32e-01	3.52e-03
 2.48808e+23	8.67e-01	1.29e-01	3.40e-03
 2.49025e+23	8.69e-01	1.28e-01	3.30e-03
 2.49223e+23	8.71e-01	1.26e-01	3.20e-03
 2.49402e+23	8.73e-01	1.24e-01	3.12e-03
 2.49566e+23	8.74e-01	1.23e-01	3.04e-03
 2.49715e+23	8.76e-01	1.21e-01	2.97e-03
 2.49851e+23	8.77e-01	1.20e-01	2.92e-03
 2.49999e+23	8.78e-01	1.19e-01	2.84e-03
 2.50193e+23	8.80e-01	1.17e-01	2.76e-03
 2.50401e+23	8.81e-01	1.16e-01	2.70e-03
 2.50591e+23	8.83e-01	1.14e-01	2.62e-03
 2.50763e+23	8.84e-01	1.13e-01	2.56e-03
 2.50921e+23	8.86e-01	1.12e-01	2.50e-03
 2.51064e+23	8.87e-01	1.11e-01	2.44e-03
 2.51194e+23	8.88e-01	1.10e-01	2.40e-03
 2.51336e+23	8.89e-01	1.08e-01	2.34e-03
 2.51522e+23	8.91e-01	1.07e-01	2.28e-03
 2.51722e+23	8.92e-01	1.06e-01	2.23e-03
 2.51904e+23	8.93e-01	1.05e-01	2.17e-03
 2.52070e+23	8.94e-01	1.04e-01	2.14e-03
 2.52251e+23	8.96e-01	1.02e-01	2.07e-03
 2.52447e+23	8.97e-01	1.01e-01	2.02e-03
 2.52626e+23	8.98e-01	9.97e-02	1.97e-03
 2.52788e+23	8.99e-01	9.89e-02	1.94e-03
 2.52966e+23	9.01e-01	9.75e-02	1.88e-03
 2.53158e+23	9.02e-01	9.64e-02	1.84e-03
 2.53333e+23	9.03e-01	9.52e-02	1.79e-03
 2.53492e+23	9.04e-01	9.44e-02	1.76e-03
 2.53666e+23	9.05e-01	9.31e-02	1.71e-03
 2.53854e+23	9.06e-01	9.20e-02	1.67e-03
 2.54025e+23	9.07e-01	9.10e-02	1.63e-03
 2.54213e+23	9.09e-01	8.97e-02	1.58e-03
 2.54415e+23	9.10e-01	8.86e-02	1.54e-03
 2.54600e+23	9.11e-01	8.75e-02	1.51e-03
 2.54767e+23	9.12e-01	8.65e-02	1.47e-03
 2.54920e+23	9.13e-01	8.56e-02	1.44e-03
 2.55087e+23	9.14e-01	8.44e-02	1.40e-03
 2.55268e+23	9.15e-01	8.34e-02	1.36e-03
 2.55432e+23	9.16e-01	8.24e-02	1.33e-03
 2.55582e+23	9.17e-01	8.17e-02	1.31e-03
 2.55745e+23	9.18e-01	8.07e-02	1.28e-03
 2.55922e+23	9.19e-01	7.98e-02	1.25e-03
 2.56116e+23	9.20e-01	7.86e-02	1.21e-03
 2.56325e+23	9.21e-01	7.77e-02	1.18e-03
 2.56516e+23	9.22e-01	7.68e-02	1.15e-03
 2.56724e+23	9.23e-01	7.55e-02	1.12e-03
 2.56950e+23	9.24e-01	7.45e-02	1.08e-03
 2.57155e+23	9.25e-01	7.36e-02	1.06e-03
 2.57341e+23	9.26e-01	7.26e-02	1.03e-03
 2.57511e+23	9.27e-01	7.19e-02	1.01e-03
 2.57697e+23	9.28e-01	7.09e-02	9.81e-04
 2.57939e+23	9.29e-01	6.99e-02	9.52e-04
 2.58200e+23	9.30e-01	6.90e-02	9.28e-04
 2.58437e+23	9.31e-01	6.80e-02	9.01e-04
 2.58654e+23	9.32e-01	6.70e-02	8.74e-04
 2.58850e+23	9.33e-01	6.63e-02	8.57e-04
 2.59066e+23	9.34e-01	6.52e-02	8.27e-04
 2.59299e+23	9.35e-01	6.44e-02	8.09e-04
 2.59510e+23	9.36e-01	6.36e-02	7.88e-04
 2.59703e+23	9.36e-01	6.29e-02	7.71e-04
 2.59914e+23	9.37e-01	6.19e-02	7.46e-04
 2.60142e+23	9.38e-01	6.12e-02	7.29e-04
 2.60350e+23	9.39e-01	6.05e-02	7.13e-04
 2.60577e+23	9.40e-01	5.95e-02	6.89e-04
 2.60822e+23	9.41e-01	5.88e-02	6.72e-04
 2.61046e+23	9.41e-01	5.81e-02	6.57e-04
 2.61291e+23	9.42e-01	5.71e-02	6.33e-04
 2.61555e+23	9.43e-01	5.63e-02	6.17e-04
 2.61795e+23	9.44e-01	5.56e-02	6.01e-04
 2.62059e+23	9.45e-01	5.46e-02	5.79e-04
 2.62343e+23	9.46e-01	5.39e-02	5.64e-04
 2.62602e+23	9.46e-01	5.30e-02	5.46e-04
 2.62837e+23	9.47e-01	5.22e-02	5.30e-04
 2.63052e+23	9.48e-01	5.17e-02	5.19e-04
 2.63287e+23	9.49e-01	5.08e-02	5.02e-04
 2.63540e+23	9.49e-01	5.02e-02	4.90e-04
 2.63771e+23	9.50e-01	4.96e-02	4.79e-04
 2.64024e+23	9.51e-01	4.88e-02	4.62e-04
 2.64297e+23	9.51e-01	4.81e-02	4.50e-04
 2.64545e+23	9.52e-01	4.75e-02	4.39e-04
 2.64817e+23	9.53e-01	4.67e-02	4.23e-04
 2.65111e+23	9.54e-01	4.60e-02	4.11e-04
 2.65379e+23	9.54e-01	4.54e-02	4.00e-04
 2.65672e+23	9.55e-01	4.46e-02	3.86e-04
 2.65988e+23	9.56e-01	4.38e-02	3.74e-04
 2.66276e+23	9.56e-01	4.33e-02	3.64e-04
 2.66591e+23	9.57e-01	4.24e-02	3.49e-04
 2.66932e+23	9.58e-01	4.17e-02	3.38e-04
 2.67242e+23	9.59e-01	4.11e-02	3.28e-04
 2.67582e+23	9.59e-01	4.03e-02	3.15e-04
 2.67948e+23	9.60e-01	3.96e-02	3.05e-04
 2.68282e+23	9.61e-01	3.89e-02	2.94e-04
 2.68585e+23	9.61e-01	3.83e-02	2.85e-04
 2.68918e+23	9.62e-01	3.76e-02	2.74e-04
 2.69277e+23	9.63e-01	3.69e-02	2.65e-04
 2.69604e+23	9.63e-01	3.64e-02	2.57e-04
 2.69962e+23	9.64e-01	3.56e-02	2.47e-04
 2.70349e+23	9.65e-01	3.50e-02	2.38e-04
 2.70701e+23	9.65e-01	3.44e-02	2.30e-04
 2.71086e+23	9.66e-01	3.37e-02	2.20e-04
 2.71503e+23	9.67e-01	3.30e-02	2.12e-04
 2.71881e+23	9.67e-01	3.25e-02	2.05e-04
 2.72296e+23	9.68e-01	3.17e-02	1.95e-04
 2.72744e+23	9.69e-01	3.10e-02	1.87e-04
 2.73152e+23	9.69e-01	3.05e-02	1.81e-04
 2.73599e+23	9.70e-01	2.98e-02	1.73e-04
 2.74081e+23	9.71e-01	2.92e-02	1.65e-04
 2.74520e+23	9.71e-01	2.85e-02	1.58e-04
 2.74920e+23	9.72e-01	2.80e-02	1.53e-04
 2.75358e+23	9.72e-01	2.74e-02	1.46e-04
 2.75830e+23	9.73e-01	2.68e-02	1.40e-04
 2.76260e+23	9.74e-01	2.63e-02	1.34e-04
 2.76652e+23	9.74e-01	2.58e-02	1.30e-04
 2.77080e+23	9.75e-01	2.53e-02	1.24e-04
 2.77543e+23	9.75e-01	2.48e-02	1.19e-04
 2.77965e+23	9.76e-01	2.43e-02	1.15e-04
 2.78426e+23	9.76e-01	2.38e-02	1.10e-04
 2.78925e+23	9.77e-01	2.33e-02	1.05e-04
 2.79378e+23	9.77e-01	2.28e-02	1.01e-04
 2.79875e+23	9.78e-01	2.23e-02	9.64e-05
 2.80412e+23	9.78e-01	2.18e-02	9.22e-05
 2.80900e+23	9.79e-01	2.13e-02	8.84e-05
 2.81435e+23	9.79e-01	2.08e-02	8.39e-05
 2.82012e+23	9.80e-01	2.03e-02	8.00e-05
 2.82538e+23	9.80e-01	1.98e-02	7.64e-05
 2.83016e+23	9.81e-01	1.94e-02	7.35e-05
 2.83540e+23	9.81e-01	1.89e-02	6.98e-05
 2.84205e+23	9.82e-01	1.84e-02	6.57e-05
 2.84954e+23	9.82e-01	1.78e-02	6.15e-05
 2.85722e+23	9.83e-01	1.72e-02	5.76e-05
 2.86505e+23	9.83e-01	1.66e-02	5.38e-05
 2.87300e+23	9.84e-01	1.61e-02	5.03e-05
 2.88105e+23	9.84e-01	1.55e-02	4.69e-05
 2.88917e+23	9.85e-01	1.50e-02	4.38e-05
 2.89738e+23	9.85e-01	1.45e-02	4.09e-05
 2.90564e+23	9.86e-01	1.40e-02	3.81e-05
 2.91399e+23	9.86e-01	1.35e-02	3.55e-05
 2.92244e+23	9.87e-01	1.30e-02	3.31e-05
 2.93096e+23	9.87e-01	1.26e-02	3.08e-05
 2.93956e+23	9.88e-01	1.21e-02	2.87e-05
 2.94823e+23	9.88e-01	1.17e-02	2.67e-05
 2.95696e+23	9.89e-01	1.13e-02	2.49e-05
 2.96575e+23	9.89e-01	1.09e-02	2.31e-05
 2.97460e+23	9.89e-01	1.05e-02	2.15e-05
 2.98351e+23	9.90e-01	1.01e-02	2.00e-05
 2.99250e+23	9.90e-01	9.76e-03	1.86e-05
 3.00156e+23	9.91e-01	9.41e-03	1.73e-05
 3.01068e+23	9.91e-01	9.06e-03	1.61e-05
 3.01988e+23	9.91e-01	8.73e-03	1.49e-05
 3.02914e+23	9.92e-01	8.42e-03	1.39e-05
 3.03849e+23	9.92e-01	8.11e-03	1.29e-05
 3.04807e+23	9.92e-01	7.80e-03	1.19e-05
 3.05783e+23	9.92e-01	7.51e-03	1.10e-05
 3.06768e+23	9.93e-01	7.22e-03	1.02e-05
 3.07764e+23	9.93e-01	6.95e-03	9.44e-06
 3.08416e+23	9.93e-01	6.86e-03	9.22e-06
