#depth	Ar	Ar+	Ar+2	Ar+3	Ar+4	Ar+5	Ar+6	Ar+7	Ar+8	Ar+9	Ar+10	Ar+11	Ar+12	Ar+13	Ar+14	Ar+15	Ar+16	Ar+17	Ar+18
 1.54284e+22	1.26e-25	2.42e-19	2.24e-14	2.80e-12	1.77e-10	3.89e-09	4.35e-08	6.33e-07	2.47e-04	7.94e-03	6.76e-02	1.87e-01	3.48e-01	2.35e-01	8.40e-02	3.36e-02	3.39e-02	3.38e-03	1.15e-04
 3.43084e+22	6.88e-24	1.01e-17	7.12e-13	6.06e-11	2.70e-09	4.14e-08	3.11e-07	3.06e-06	7.97e-04	1.98e-02	1.26e-01	2.61e-01	3.55e-01	1.70e-01	4.34e-02	1.31e-02	9.92e-03	6.64e-04	1.52e-05
 3.94858e+22	3.64e-23	4.74e-17	2.92e-12	2.15e-10	8.35e-09	1.11e-07	7.14e-07	6.03e-06	1.32e-03	2.86e-02	1.58e-01	2.88e-01	3.40e-01	1.39e-01	3.08e-02	8.32e-03	5.56e-03	3.13e-04	6.04e-06
 4.20745e+22	8.03e-23	9.81e-17	5.68e-12	3.91e-10	1.43e-08	1.78e-07	1.06e-06	8.33e-06	1.68e-03	3.40e-02	1.75e-01	2.99e-01	3.29e-01	1.25e-01	2.59e-02	6.62e-03	4.18e-03	2.16e-04	3.84e-06
 4.32205e+22	1.04e-22	1.25e-16	7.08e-12	4.77e-10	1.70e-08	2.08e-07	1.21e-06	9.27e-06	1.82e-03	3.59e-02	1.81e-01	3.02e-01	3.25e-01	1.20e-01	2.43e-02	6.13e-03	3.79e-03	1.91e-04	3.30e-06
 4.38717e+22	1.43e-22	1.67e-16	9.22e-12	6.05e-10	2.11e-08	2.50e-07	1.41e-06	1.05e-05	2.00e-03	3.84e-02	1.88e-01	3.06e-01	3.19e-01	1.15e-01	2.26e-02	5.57e-03	3.37e-03	1.64e-04	2.74e-06
 4.46070e+22	1.97e-22	2.24e-16	1.21e-11	7.71e-10	2.62e-08	3.02e-07	1.66e-06	1.20e-05	2.21e-03	4.11e-02	1.96e-01	3.09e-01	3.14e-01	1.09e-01	2.09e-02	5.06e-03	2.98e-03	1.41e-04	2.27e-06
 4.53366e+22	2.68e-22	2.97e-16	1.56e-11	9.71e-10	3.22e-08	3.62e-07	1.93e-06	1.36e-05	2.42e-03	4.38e-02	2.03e-01	3.12e-01	3.08e-01	1.04e-01	1.94e-02	4.60e-03	2.65e-03	1.21e-04	1.89e-06
 4.61701e+22	4.02e-22	4.31e-16	2.18e-11	1.32e-09	4.23e-08	4.60e-07	2.36e-06	1.61e-05	2.73e-03	4.76e-02	2.12e-01	3.16e-01	3.00e-01	9.76e-02	1.76e-02	4.05e-03	2.27e-03	9.90e-05	1.48e-06
 4.70051e+22	5.45e-22	5.70e-16	2.81e-11	1.66e-09	5.19e-08	5.51e-07	2.75e-06	1.82e-05	2.99e-03	5.06e-02	2.20e-01	3.18e-01	2.94e-01	9.27e-02	1.63e-02	3.68e-03	2.01e-03	8.50e-05	1.23e-06
 4.78423e+22	8.17e-22	8.26e-16	3.93e-11	2.24e-09	6.81e-08	6.99e-07	3.36e-06	2.14e-05	3.38e-03	5.49e-02	2.30e-01	3.21e-01	2.85e-01	8.65e-02	1.47e-02	3.23e-03	1.71e-03	6.91e-05	9.59e-07
 4.86902e+22	1.11e-21	1.09e-15	5.07e-11	2.82e-09	8.37e-08	8.37e-07	3.91e-06	2.42e-05	3.70e-03	5.84e-02	2.37e-01	3.22e-01	2.79e-01	8.19e-02	1.35e-02	2.92e-03	1.51e-03	5.91e-05	7.94e-07
 4.95522e+22	1.67e-21	1.59e-15	7.12e-11	3.83e-09	1.10e-07	1.07e-06	4.80e-06	2.86e-05	4.18e-03	6.33e-02	2.47e-01	3.24e-01	2.70e-01	7.60e-02	1.21e-02	2.54e-03	1.28e-03	4.76e-05	6.11e-07
 5.04251e+22	2.30e-21	2.13e-15	9.25e-11	4.85e-09	1.36e-07	1.28e-06	5.61e-06	3.26e-05	4.59e-03	6.73e-02	2.55e-01	3.25e-01	2.62e-01	7.16e-02	1.11e-02	2.28e-03	1.12e-03	4.03e-05	4.99e-07
 5.13120e+22	3.47e-21	3.10e-15	1.30e-10	6.59e-09	1.80e-07	1.64e-06	6.89e-06	3.85e-05	5.18e-03	7.29e-02	2.65e-01	3.25e-01	2.52e-01	6.61e-02	9.84e-03	1.98e-03	9.36e-04	3.22e-05	3.80e-07
 5.21587e+22	4.59e-21	4.00e-15	1.64e-10	8.11e-09	2.17e-07	1.93e-06	7.91e-06	4.31e-05	5.62e-03	7.69e-02	2.72e-01	3.26e-01	2.46e-01	6.25e-02	9.08e-03	1.79e-03	8.31e-04	2.77e-05	3.17e-07
 5.29531e+22	6.65e-21	5.62e-15	2.22e-10	1.07e-08	2.78e-07	2.40e-06	9.52e-06	5.03e-05	6.27e-03	8.25e-02	2.81e-01	3.25e-01	2.37e-01	5.78e-02	8.12e-03	1.57e-03	7.03e-04	2.24e-05	2.46e-07
 5.37506e+22	8.79e-21	7.24e-15	2.79e-10	1.31e-08	3.34e-07	2.83e-06	1.09e-05	5.63e-05	6.80e-03	8.69e-02	2.88e-01	3.25e-01	2.30e-01	5.45e-02	7.47e-03	1.41e-03	6.21e-04	1.92e-05	2.04e-07
 5.45522e+22	1.27e-20	1.01e-14	3.76e-10	1.72e-08	4.28e-07	3.52e-06	1.31e-05	6.55e-05	7.58e-03	9.30e-02	2.97e-01	3.23e-01	2.20e-01	5.03e-02	6.65e-03	1.23e-03	5.24e-04	1.55e-05	1.57e-07
 5.53655e+22	1.69e-20	1.31e-14	4.76e-10	2.13e-08	5.19e-07	4.18e-06	1.52e-05	7.38e-05	8.25e-03	9.81e-02	3.04e-01	3.22e-01	2.13e-01	4.71e-02	6.07e-03	1.10e-03	4.58e-04	1.31e-05	1.29e-07
 5.61941e+22	2.46e-20	1.85e-14	6.46e-10	2.81e-08	6.68e-07	5.23e-06	1.84e-05	8.64e-05	9.22e-03	1.05e-01	3.13e-01	3.20e-01	2.03e-01	4.31e-02	5.36e-03	9.52e-04	3.82e-04	1.04e-05	0.00e+00
 5.70324e+22	3.30e-20	2.41e-14	8.18e-10	3.48e-08	8.12e-07	6.22e-06	2.13e-05	9.75e-05	1.00e-02	1.11e-01	3.19e-01	3.18e-01	1.96e-01	4.02e-02	4.86e-03	8.47e-04	3.32e-04	8.71e-06	0.00e+00
 5.78834e+22	4.82e-20	3.40e-14	1.11e-09	4.60e-08	1.05e-06	7.83e-06	2.59e-05	1.15e-04	1.13e-02	1.19e-01	3.28e-01	3.14e-01	1.86e-01	3.65e-02	4.25e-03	7.23e-04	2.73e-04	6.83e-06	0.00e+00
 5.87462e+22	6.47e-20	4.43e-14	1.41e-09	5.70e-08	1.28e-06	9.34e-06	3.00e-05	1.30e-04	1.23e-02	1.25e-01	3.34e-01	3.11e-01	1.78e-01	3.38e-02	3.83e-03	6.40e-04	2.35e-04	5.67e-06	0.00e+00
 5.96241e+22	9.49e-20	6.26e-14	1.91e-09	7.54e-08	1.66e-06	1.18e-05	3.66e-05	1.54e-04	1.38e-02	1.34e-01	3.43e-01	3.07e-01	1.68e-01	3.04e-02	3.32e-03	5.41e-04	1.92e-04	4.39e-06	0.00e+00
 6.05205e+22	1.29e-19	8.24e-14	2.43e-09	9.43e-08	2.04e-06	1.42e-05	4.30e-05	1.76e-04	1.51e-02	1.41e-01	3.49e-01	3.03e-01	1.60e-01	2.79e-02	2.95e-03	4.72e-04	1.62e-04	3.56e-06	0.00e+00
 6.14409e+22	1.90e-19	1.17e-13	3.31e-09	1.25e-07	2.67e-06	1.81e-05	5.29e-05	2.09e-04	1.71e-02	1.52e-01	3.57e-01	2.97e-01	1.50e-01	2.48e-02	2.52e-03	3.93e-04	1.30e-04	2.70e-06	0.00e+00
 6.23807e+22	2.59e-19	1.54e-13	4.22e-09	1.57e-07	3.30e-06	2.20e-05	6.25e-05	2.41e-04	1.88e-02	1.60e-01	3.62e-01	2.92e-01	1.41e-01	2.25e-02	2.21e-03	3.39e-04	1.08e-04	2.15e-06	0.00e+00
 6.33139e+22	3.75e-19	2.15e-13	5.63e-09	2.06e-07	4.27e-06	2.79e-05	7.65e-05	2.87e-04	2.12e-02	1.71e-01	3.69e-01	2.85e-01	1.31e-01	2.00e-02	1.88e-03	2.81e-04	8.61e-05	1.62e-06	0.00e+00
 6.42002e+22	4.88e-19	2.71e-13	6.92e-09	2.50e-07	5.14e-06	3.31e-05	8.85e-05	3.25e-04	2.31e-02	1.80e-01	3.73e-01	2.79e-01	1.24e-01	1.82e-02	1.67e-03	2.45e-04	7.29e-05	1.32e-06	0.00e+00
 6.50574e+22	6.82e-19	3.65e-13	8.94e-09	3.20e-07	6.52e-06	4.12e-05	1.07e-04	3.84e-04	2.58e-02	1.91e-01	3.78e-01	2.72e-01	1.16e-01	1.61e-02	1.42e-03	2.04e-04	5.83e-05	1.00e-06	0.00e+00
 6.59311e+22	8.89e-19	4.61e-13	1.09e-08	3.88e-07	7.87e-06	4.91e-05	1.25e-04	4.38e-04	2.82e-02	2.00e-01	3.81e-01	2.65e-01	1.09e-01	1.46e-02	1.24e-03	1.76e-04	4.86e-05	8.00e-07	0.00e+00
 6.67878e+22	1.21e-18	6.05e-13	1.38e-08	4.86e-07	9.83e-06	6.05e-05	1.49e-04	5.13e-04	3.14e-02	2.12e-01	3.85e-01	2.57e-01	1.00e-01	1.29e-02	1.06e-03	1.46e-04	3.89e-05	6.08e-07	0.00e+00
 6.76621e+22	1.57e-18	7.60e-13	1.68e-08	5.90e-07	1.19e-05	7.24e-05	1.74e-04	5.89e-04	3.44e-02	2.22e-01	3.87e-01	2.49e-01	9.35e-02	1.15e-02	9.14e-04	1.24e-04	3.20e-05	4.78e-07	0.00e+00
 6.85147e+22	2.07e-18	9.68e-13	2.06e-08	7.24e-07	1.46e-05	8.79e-05	2.07e-04	6.86e-04	3.80e-02	2.34e-01	3.89e-01	2.41e-01	8.63e-02	1.02e-02	7.78e-04	1.04e-04	2.57e-05	3.65e-07	0.00e+00
 6.93852e+22	2.68e-18	1.21e-12	2.48e-08	8.76e-07	1.77e-05	1.06e-04	2.42e-04	7.92e-04	4.18e-02	2.45e-01	3.90e-01	2.32e-01	7.97e-02	9.01e-03	6.66e-04	8.70e-05	2.08e-05	2.82e-07	0.00e+00
 7.02476e+22	3.47e-18	1.51e-12	2.98e-08	1.06e-06	2.15e-05	1.27e-04	2.85e-04	9.17e-04	4.61e-02	2.57e-01	3.90e-01	2.24e-01	7.33e-02	7.93e-03	5.65e-04	7.25e-05	1.67e-05	2.16e-07	0.00e+00
 7.11144e+22	4.43e-18	1.86e-12	3.55e-08	1.27e-06	2.59e-05	1.52e-04	3.33e-04	1.06e-03	5.06e-02	2.69e-01	3.90e-01	2.15e-01	6.72e-02	6.97e-03	4.80e-04	6.05e-05	1.34e-05	1.65e-07	0.00e+00
 7.19714e+22	5.61e-18	2.28e-12	4.19e-08	1.52e-06	3.11e-05	1.81e-04	3.88e-04	1.22e-03	5.55e-02	2.81e-01	3.88e-01	2.06e-01	6.16e-02	6.12e-03	4.08e-04	5.03e-05	1.08e-05	1.26e-07	0.00e+00
 7.28270e+22	7.05e-18	2.77e-12	4.91e-08	1.80e-06	3.71e-05	2.15e-04	4.51e-04	1.40e-03	6.07e-02	2.93e-01	3.86e-01	1.97e-01	5.63e-02	5.37e-03	3.45e-04	4.18e-05	8.64e-06	0.00e+00	0.00e+00
 7.36842e+22	8.82e-18	3.34e-12	5.72e-08	2.13e-06	4.43e-05	2.55e-04	5.23e-04	1.61e-03	6.63e-02	3.05e-01	3.83e-01	1.87e-01	5.13e-02	4.69e-03	2.92e-04	3.47e-05	6.91e-06	0.00e+00	0.00e+00
 7.45449e+22	1.10e-17	4.02e-12	6.64e-08	2.51e-06	5.26e-05	3.01e-04	6.05e-04	1.85e-03	7.24e-02	3.16e-01	3.79e-01	1.78e-01	4.66e-02	4.09e-03	2.46e-04	2.87e-05	5.52e-06	0.00e+00	0.00e+00
 7.54109e+22	1.36e-17	4.81e-12	7.67e-08	2.95e-06	6.23e-05	3.55e-04	6.98e-04	2.12e-03	7.89e-02	3.28e-01	3.75e-01	1.69e-01	4.22e-02	3.56e-03	2.07e-04	2.37e-05	4.39e-06	0.00e+00	0.00e+00
 7.62849e+22	1.68e-17	5.74e-12	8.83e-08	3.46e-06	7.36e-05	4.17e-04	8.04e-04	2.43e-03	8.59e-02	3.39e-01	3.69e-01	1.60e-01	3.82e-02	3.09e-03	1.74e-04	1.95e-05	3.49e-06	0.00e+00	0.00e+00
 7.71694e+22	2.08e-17	6.85e-12	1.02e-07	4.06e-06	8.70e-05	4.90e-04	9.24e-04	2.78e-03	9.33e-02	3.51e-01	3.63e-01	1.51e-01	3.44e-02	2.68e-03	1.45e-04	1.60e-05	2.76e-06	0.00e+00	0.00e+00
 7.80586e+22	2.56e-17	8.14e-12	1.16e-07	4.74e-06	1.02e-04	5.74e-04	1.06e-03	3.17e-03	1.01e-01	3.61e-01	3.57e-01	1.42e-01	3.10e-02	2.31e-03	1.22e-04	1.31e-05	2.19e-06	0.00e+00	0.00e+00
 7.89623e+22	3.17e-17	9.70e-12	1.34e-07	5.56e-06	1.21e-04	6.73e-04	1.21e-03	3.62e-03	1.10e-01	3.72e-01	3.49e-01	1.34e-01	2.77e-02	1.99e-03	1.01e-04	1.07e-05	1.72e-06	0.00e+00	0.00e+00
 7.98767e+22	3.90e-17	1.15e-11	1.53e-07	6.48e-06	1.41e-04	7.84e-04	1.38e-03	4.11e-03	1.19e-01	3.82e-01	3.41e-01	1.25e-01	2.48e-02	1.71e-03	8.43e-05	8.71e-06	1.35e-06	0.00e+00	0.00e+00
 8.08090e+22	4.85e-17	1.38e-11	1.76e-07	7.61e-06	1.67e-04	9.18e-04	1.58e-03	4.70e-03	1.28e-01	3.92e-01	3.32e-01	1.17e-01	2.21e-02	1.46e-03	6.95e-05	7.03e-06	1.05e-06	0.00e+00	0.00e+00
 8.16765e+22	5.80e-17	1.60e-11	1.98e-07	8.68e-06	1.90e-04	1.04e-03	1.75e-03	5.21e-03	1.36e-01	3.99e-01	3.25e-01	1.10e-01	2.00e-02	1.28e-03	5.95e-05	5.90e-06	8.61e-07	0.00e+00	0.00e+00
 8.25685e+22	7.28e-17	1.93e-11	2.30e-07	1.02e-05	2.25e-04	1.22e-03	2.00e-03	5.96e-03	1.47e-01	4.08e-01	3.15e-01	1.02e-01	1.77e-02	1.09e-03	4.86e-05	4.71e-06	6.62e-07	0.00e+00	0.00e+00
 8.34756e+22	8.79e-17	2.25e-11	2.60e-07	1.17e-05	2.57e-04	1.38e-03	2.22e-03	6.60e-03	1.56e-01	4.14e-01	3.06e-01	9.58e-02	1.60e-02	9.51e-04	4.14e-05	3.94e-06	5.37e-07	0.00e+00	0.00e+00
 8.44066e+22	1.12e-16	2.74e-11	3.03e-07	1.39e-05	3.05e-04	1.62e-03	2.53e-03	7.55e-03	1.68e-01	4.22e-01	2.95e-01	8.81e-02	1.39e-02	7.97e-04	3.34e-05	3.11e-06	4.08e-07	0.00e+00	0.00e+00
 8.53424e+22	1.36e-16	3.23e-11	3.46e-07	1.60e-05	3.48e-04	1.83e-03	2.79e-03	8.32e-03	1.78e-01	4.27e-01	2.86e-01	8.26e-02	1.26e-02	6.98e-04	2.85e-05	2.60e-06	3.32e-07	0.00e+00	0.00e+00
 8.62847e+22	1.74e-16	3.97e-11	4.08e-07	1.90e-05	4.12e-04	2.14e-03	3.16e-03	9.45e-03	1.91e-01	4.32e-01	2.75e-01	7.57e-02	1.10e-02	5.84e-04	2.31e-05	2.05e-06	2.53e-07	0.00e+00	0.00e+00
 8.72328e+22	2.13e-16	4.70e-11	4.68e-07	2.19e-05	4.70e-04	2.41e-03	3.48e-03	1.04e-02	2.01e-01	4.36e-01	2.66e-01	7.07e-02	9.88e-03	5.10e-04	1.96e-05	1.71e-06	2.05e-07	0.00e+00	0.00e+00
 8.81884e+22	2.75e-16	5.83e-11	5.57e-07	2.62e-05	5.55e-04	2.81e-03	3.92e-03	1.17e-02	2.14e-01	4.39e-01	2.54e-01	6.45e-02	8.59e-03	4.26e-04	1.58e-05	1.35e-06	1.56e-07	0.00e+00	0.00e+00
 8.91521e+22	3.39e-16	6.96e-11	6.43e-07	3.02e-05	6.33e-04	3.16e-03	4.29e-03	1.28e-02	2.24e-01	4.42e-01	2.45e-01	6.01e-02	7.70e-03	3.71e-04	1.34e-05	1.13e-06	1.26e-07	0.00e+00	0.00e+00
 9.01264e+22	4.45e-16	8.75e-11	7.74e-07	3.64e-05	7.48e-04	3.66e-03	4.82e-03	1.44e-02	2.38e-01	4.43e-01	2.33e-01	5.47e-02	6.67e-03	3.10e-04	1.08e-05	8.85e-07	0.00e+00	0.00e+00	0.00e+00
 9.11131e+22	5.55e-16	1.05e-10	9.03e-07	4.22e-05	8.55e-04	4.12e-03	5.27e-03	1.58e-02	2.49e-01	4.44e-01	2.24e-01	5.07e-02	5.96e-03	2.69e-04	9.13e-06	7.34e-07	0.00e+00	0.00e+00	0.00e+00
 9.21159e+22	7.39e-16	1.35e-10	1.10e-06	5.11e-05	1.01e-03	4.78e-03	5.89e-03	1.77e-02	2.64e-01	4.44e-01	2.12e-01	4.59e-02	5.14e-03	2.23e-04	7.32e-06	5.74e-07	0.00e+00	0.00e+00	0.00e+00
 9.31355e+22	9.35e-16	1.64e-10	1.30e-06	5.98e-05	1.16e-03	5.37e-03	6.43e-03	1.93e-02	2.75e-01	4.43e-01	2.03e-01	4.24e-02	4.57e-03	1.93e-04	6.15e-06	4.73e-07	0.00e+00	0.00e+00	0.00e+00
 9.41767e+22	1.27e-15	2.13e-10	1.61e-06	7.32e-05	1.38e-03	6.23e-03	7.19e-03	2.16e-02	2.90e-01	4.41e-01	1.91e-01	3.81e-02	3.91e-03	1.59e-04	4.89e-06	3.67e-07	0.00e+00	0.00e+00	0.00e+00
 9.52400e+22	1.63e-15	2.65e-10	1.93e-06	8.63e-05	1.59e-03	7.02e-03	7.85e-03	2.35e-02	3.01e-01	4.38e-01	1.82e-01	3.50e-02	3.46e-03	1.36e-04	4.08e-06	3.01e-07	0.00e+00	0.00e+00	0.00e+00
 9.63319e+22	2.27e-15	3.51e-10	2.44e-06	1.07e-04	1.91e-03	8.17e-03	8.77e-03	2.62e-02	3.17e-01	4.34e-01	1.70e-01	3.12e-02	2.93e-03	1.11e-04	3.22e-06	2.31e-07	0.00e+00	0.00e+00	0.00e+00
 9.74514e+22	2.98e-15	4.44e-10	2.98e-06	1.27e-04	2.21e-03	9.23e-03	9.57e-03	2.86e-02	3.29e-01	4.29e-01	1.61e-01	2.85e-02	2.57e-03	9.48e-05	2.66e-06	1.87e-07	0.00e+00	0.00e+00	0.00e+00
 9.86068e+22	4.24e-15	6.02e-10	3.84e-06	1.60e-04	2.67e-03	1.08e-02	1.07e-02	3.19e-02	3.44e-01	4.23e-01	1.50e-01	2.52e-02	2.16e-03	7.66e-05	2.07e-06	1.42e-07	0.00e+00	0.00e+00	0.00e+00
 9.96948e+22	5.39e-15	7.40e-10	4.57e-06	1.87e-04	3.02e-03	1.20e-02	1.15e-02	3.41e-02	3.54e-01	4.18e-01	1.43e-01	2.32e-02	1.93e-03	6.67e-05	1.76e-06	1.19e-07	0.00e+00	0.00e+00	0.00e+00
 1.00695e+23	7.35e-15	9.68e-10	5.73e-06	2.27e-04	3.55e-03	1.36e-02	1.26e-02	3.73e-02	3.66e-01	4.10e-01	1.33e-01	2.09e-02	1.66e-03	5.55e-05	1.42e-06	0.00e+00	0.00e+00	0.00e+00	0.00e+00
 1.01687e+23	9.32e-15	1.19e-09	6.82e-06	2.64e-04	4.01e-03	1.50e-02	1.35e-02	3.97e-02	3.75e-01	4.05e-01	1.27e-01	1.92e-02	1.48e-03	4.85e-05	1.21e-06	0.00e+00	0.00e+00	0.00e+00	0.00e+00
 1.02666e+23	1.27e-14	1.55e-09	8.53e-06	3.21e-04	4.69e-03	1.70e-02	1.47e-02	4.31e-02	3.87e-01	3.96e-01	1.18e-01	1.73e-02	1.27e-03	4.04e-05	9.73e-07	0.00e+00	0.00e+00	0.00e+00	0.00e+00
 1.03652e+23	1.61e-14	1.91e-09	1.02e-05	3.73e-04	5.30e-03	1.88e-02	1.57e-02	4.58e-02	3.95e-01	3.90e-01	1.12e-01	1.59e-02	1.13e-03	3.52e-05	8.29e-07	0.00e+00	0.00e+00	0.00e+00	0.00e+00
 1.04646e+23	2.21e-14	2.51e-09	1.28e-05	4.54e-04	6.19e-03	2.12e-02	1.71e-02	4.95e-02	4.06e-01	3.80e-01	1.04e-01	1.42e-02	9.71e-04	2.93e-05	6.68e-07	0.00e+00	0.00e+00	0.00e+00	0.00e+00
 1.05658e+23	2.84e-14	3.12e-09	1.54e-05	5.31e-04	7.01e-03	2.34e-02	1.83e-02	5.25e-02	4.13e-01	3.72e-01	9.87e-02	1.30e-02	8.61e-04	2.54e-05	5.65e-07	0.00e+00	0.00e+00	0.00e+00	0.00e+00
 1.06694e+23	3.94e-14	4.15e-09	1.96e-05	6.50e-04	8.23e-03	2.65e-02	1.99e-02	5.67e-02	4.23e-01	3.62e-01	9.13e-02	1.15e-02	7.32e-04	2.10e-05	4.51e-07	0.00e+00	0.00e+00	0.00e+00	0.00e+00
 1.07743e+23	5.11e-14	5.20e-09	2.38e-05	7.63e-04	9.34e-03	2.92e-02	2.12e-02	5.99e-02	4.30e-01	3.53e-01	8.58e-02	1.05e-02	6.46e-04	1.81e-05	3.79e-07	0.00e+00	0.00e+00	0.00e+00	0.00e+00
 1.08811e+23	7.16e-14	6.97e-09	3.04e-05	9.39e-04	1.10e-02	3.30e-02	2.30e-02	6.45e-02	4.38e-01	3.41e-01	7.89e-02	9.28e-03	5.46e-04	1.49e-05	3.01e-07	0.00e+00	0.00e+00	0.00e+00	0.00e+00
 1.09901e+23	9.38e-14	8.81e-09	3.71e-05	1.11e-03	1.25e-02	3.64e-02	2.45e-02	6.80e-02	4.43e-01	3.32e-01	7.38e-02	8.40e-03	4.78e-04	1.27e-05	2.51e-07	0.00e+00	0.00e+00	0.00e+00	0.00e+00
 1.11022e+23	1.34e-13	1.20e-08	4.82e-05	1.37e-03	1.48e-02	4.13e-02	2.66e-02	7.30e-02	4.50e-01	3.18e-01	6.73e-02	7.34e-03	3.99e-04	1.03e-05	1.96e-07	0.00e+00	0.00e+00	0.00e+00	0.00e+00
 1.12166e+23	1.77e-13	1.53e-08	5.92e-05	1.63e-03	1.68e-02	4.56e-02	2.83e-02	7.69e-02	4.54e-01	3.08e-01	6.26e-02	6.59e-03	3.47e-04	8.76e-06	1.62e-07	0.00e+00	0.00e+00	0.00e+00	0.00e+00
 1.13340e+23	2.55e-13	2.10e-08	7.75e-05	2.03e-03	1.99e-02	5.17e-02	3.07e-02	8.22e-02	4.58e-01	2.93e-01	5.66e-02	5.70e-03	2.87e-04	7.02e-06	1.25e-07	0.00e+00	0.00e+00	0.00e+00	0.00e+00
 1.14540e+23	3.42e-13	2.71e-08	9.61e-05	2.42e-03	2.28e-02	5.70e-02	3.27e-02	8.64e-02	4.60e-01	2.82e-01	5.21e-02	5.07e-03	2.46e-04	5.89e-06	0.00e+00	0.00e+00	0.00e+00	0.00e+00	0.00e+00
 1.15774e+23	5.00e-13	3.77e-08	1.27e-04	3.03e-03	2.71e-02	6.46e-02	3.53e-02	9.19e-02	4.61e-01	2.66e-01	4.67e-02	4.34e-03	2.01e-04	4.67e-06	0.00e+00	0.00e+00	0.00e+00	0.00e+00	0.00e+00
 1.17023e+23	6.72e-13	4.86e-08	1.57e-04	3.61e-03	3.09e-02	7.11e-02	3.74e-02	9.60e-02	4.60e-01	2.54e-01	4.27e-02	3.84e-03	1.72e-04	3.89e-06	0.00e+00	0.00e+00	0.00e+00	0.00e+00	0.00e+00
 1.18293e+23	9.89e-13	6.79e-08	2.08e-04	4.53e-03	3.66e-02	8.02e-02	4.02e-02	1.01e-01	4.58e-01	2.38e-01	3.79e-02	3.25e-03	1.38e-04	3.05e-06	0.00e+00	0.00e+00	0.00e+00	0.00e+00	0.00e+00
 1.19576e+23	1.33e-12	8.77e-08	2.58e-04	5.38e-03	4.17e-02	8.78e-02	4.24e-02	1.05e-01	4.54e-01	2.26e-01	3.44e-02	2.85e-03	1.17e-04	2.52e-06	0.00e+00	0.00e+00	0.00e+00	0.00e+00	0.00e+00
 1.20877e+23	1.96e-12	1.22e-07	3.42e-04	6.72e-03	4.91e-02	9.84e-02	4.52e-02	1.10e-01	4.48e-01	2.09e-01	3.02e-02	2.39e-03	9.37e-05	1.96e-06	0.00e+00	0.00e+00	0.00e+00	0.00e+00	0.00e+00
 1.22150e+23	2.58e-12	1.55e-07	4.16e-04	7.86e-03	5.52e-02	1.07e-01	4.73e-02	1.14e-01	4.42e-01	1.98e-01	2.75e-02	2.10e-03	7.97e-05	1.63e-06	0.00e+00	0.00e+00	0.00e+00	0.00e+00	0.00e+00
 1.23387e+23	3.69e-12	2.11e-07	5.39e-04	9.63e-03	6.39e-02	1.18e-01	4.99e-02	1.18e-01	4.32e-01	1.83e-01	2.41e-02	1.76e-03	6.40e-05	1.27e-06	0.00e+00	0.00e+00	0.00e+00	0.00e+00	0.00e+00
 1.24668e+23	4.93e-12	2.70e-07	6.62e-04	1.13e-02	7.19e-02	1.27e-01	5.20e-02	1.21e-01	4.23e-01	1.71e-01	2.16e-02	1.52e-03	5.34e-05	1.04e-06	0.00e+00	0.00e+00	0.00e+00	0.00e+00	0.00e+00
 1.25761e+23	6.35e-12	3.36e-07	7.93e-04	1.30e-02	7.95e-02	1.36e-01	5.37e-02	1.23e-01	4.13e-01	1.60e-01	1.95e-02	1.33e-03	4.54e-05	8.65e-07	0.00e+00	0.00e+00	0.00e+00	0.00e+00	0.00e+00
 1.26933e+23	8.76e-12	4.42e-07	9.95e-04	1.55e-02	9.01e-02	1.47e-01	5.58e-02	1.25e-01	4.00e-01	1.47e-01	1.70e-02	1.12e-03	3.67e-05	6.82e-07	0.00e+00	0.00e+00	0.00e+00	0.00e+00	0.00e+00
 1.28114e+23	1.13e-11	5.48e-07	1.19e-03	1.78e-02	9.92e-02	1.56e-01	5.73e-02	1.27e-01	3.88e-01	1.37e-01	1.53e-02	9.74e-04	3.09e-05	5.63e-07	0.00e+00	0.00e+00	0.00e+00	0.00e+00	0.00e+00
 1.29308e+23	1.54e-11	7.15e-07	1.48e-03	2.10e-02	1.11e-01	1.68e-01	5.90e-02	1.28e-01	3.73e-01	1.25e-01	1.33e-02	8.14e-04	2.48e-05	4.42e-07	0.00e+00	0.00e+00	0.00e+00	0.00e+00	0.00e+00
 1.30538e+23	2.02e-11	9.00e-07	1.78e-03	2.43e-02	1.23e-01	1.78e-01	6.03e-02	1.29e-01	3.58e-01	1.14e-01	1.17e-02	6.91e-04	2.04e-05	3.55e-07	0.00e+00	0.00e+00	0.00e+00	0.00e+00	0.00e+00
 1.31626e+23	2.58e-11	1.11e-06	2.11e-03	2.76e-02	1.34e-01	1.86e-01	6.14e-02	1.29e-01	3.43e-01	1.05e-01	1.03e-02	5.94e-04	1.70e-05	2.90e-07	0.00e+00	0.00e+00	0.00e+00	0.00e+00	0.00e+00
 1.32854e+23	3.50e-11	1.43e-06	2.60e-03	3.22e-02	1.48e-01	1.97e-01	6.24e-02	1.29e-01	3.25e-01	9.43e-02	8.85e-03	4.89e-04	1.34e-05	2.24e-07	0.00e+00	0.00e+00	0.00e+00	0.00e+00	0.00e+00
 1.34149e+23	4.60e-11	1.80e-06	3.13e-03	3.69e-02	1.62e-01	2.07e-01	6.30e-02	1.28e-01	3.07e-01	8.49e-02	7.63e-03	4.06e-04	1.08e-05	1.76e-07	0.00e+00	0.00e+00	0.00e+00	0.00e+00	0.00e+00
 1.35327e+23	5.92e-11	2.22e-06	3.71e-03	4.18e-02	1.76e-01	2.15e-01	6.34e-02	1.26e-01	2.90e-01	7.67e-02	6.62e-03	3.41e-04	8.76e-06	1.40e-07	0.00e+00	0.00e+00	0.00e+00	0.00e+00	0.00e+00
 1.36656e+23	8.07e-11	2.88e-06	4.56e-03	4.85e-02	1.93e-01	2.25e-01	6.35e-02	1.24e-01	2.69e-01	6.71e-02	5.51e-03	2.72e-04	6.72e-06	0.00e+00	0.00e+00	0.00e+00	0.00e+00	0.00e+00	0.00e+00
 1.38026e+23	1.06e-10	3.60e-06	5.44e-03	5.51e-02	2.09e-01	2.33e-01	6.33e-02	1.21e-01	2.50e-01	5.93e-02	4.66e-03	2.22e-04	5.28e-06	0.00e+00	0.00e+00	0.00e+00	0.00e+00	0.00e+00	0.00e+00
 1.39243e+23	1.35e-10	4.41e-06	6.39e-03	6.17e-02	2.23e-01	2.39e-01	6.28e-02	1.18e-01	2.33e-01	5.27e-02	3.97e-03	1.83e-04	4.21e-06	0.00e+00	0.00e+00	0.00e+00	0.00e+00	0.00e+00	0.00e+00
 1.40619e+23	1.83e-10	5.65e-06	7.76e-03	7.07e-02	2.41e-01	2.45e-01	6.19e-02	1.13e-01	2.11e-01	4.51e-02	3.23e-03	1.43e-04	3.15e-06	0.00e+00	0.00e+00	0.00e+00	0.00e+00	0.00e+00	0.00e+00
 1.42047e+23	2.38e-10	7.02e-06	9.19e-03	7.94e-02	2.57e-01	2.50e-01	6.07e-02	1.09e-01	1.93e-01	3.91e-02	2.67e-03	1.14e-04	2.42e-06	0.00e+00	0.00e+00	0.00e+00	0.00e+00	0.00e+00	0.00e+00
 1.43329e+23	3.03e-10	8.56e-06	1.07e-02	8.80e-02	2.72e-01	2.53e-01	5.94e-02	1.04e-01	1.76e-01	3.40e-02	2.23e-03	9.17e-05	1.89e-06	0.00e+00	0.00e+00	0.00e+00	0.00e+00	0.00e+00	0.00e+00
 1.44782e+23	4.11e-10	1.10e-05	1.29e-02	9.98e-02	2.90e-01	2.55e-01	5.74e-02	9.83e-02	1.56e-01	2.83e-02	1.76e-03	6.92e-05	1.36e-06	0.00e+00	0.00e+00	0.00e+00	0.00e+00	0.00e+00	0.00e+00
 1.46283e+23	5.29e-10	1.34e-05	1.51e-02	1.10e-01	3.04e-01	2.56e-01	5.55e-02	9.29e-02	1.40e-01	2.41e-02	1.43e-03	5.41e-05	1.03e-06	0.00e+00	0.00e+00	0.00e+00	0.00e+00	0.00e+00	0.00e+00
 1.47847e+23	7.22e-10	1.73e-05	1.82e-02	1.24e-01	3.21e-01	2.55e-01	5.29e-02	8.61e-02	1.22e-01	1.95e-02	1.09e-03	3.96e-05	7.17e-07	0.00e+00	0.00e+00	0.00e+00	0.00e+00	0.00e+00	0.00e+00
 1.49426e+23	9.27e-10	2.11e-05	2.12e-02	1.37e-01	3.33e-01	2.53e-01	5.05e-02	8.04e-02	1.08e-01	1.64e-02	8.73e-04	3.05e-05	5.32e-07	0.00e+00	0.00e+00	0.00e+00	0.00e+00	0.00e+00	0.00e+00
 1.50813e+23	1.17e-09	2.54e-05	2.43e-02	1.49e-01	3.44e-01	2.50e-01	4.82e-02	7.50e-02	9.56e-02	1.38e-02	7.02e-04	2.37e-05	3.99e-07	0.00e+00	0.00e+00	0.00e+00	0.00e+00	0.00e+00	0.00e+00
 1.52402e+23	1.59e-09	3.23e-05	2.90e-02	1.65e-01	3.57e-01	2.44e-01	4.50e-02	6.80e-02	8.09e-02	1.09e-02	5.22e-04	1.68e-05	2.70e-07	0.00e+00	0.00e+00	0.00e+00	0.00e+00	0.00e+00	0.00e+00
 1.54008e+23	2.01e-09	3.88e-05	3.31e-02	1.78e-01	3.65e-01	2.38e-01	4.25e-02	6.27e-02	7.08e-02	8.99e-03	4.13e-04	1.28e-05	1.98e-07	0.00e+00	0.00e+00	0.00e+00	0.00e+00	0.00e+00	0.00e+00
 1.55637e+23	2.68e-09	4.86e-05	3.89e-02	1.95e-01	3.73e-01	2.30e-01	3.93e-02	5.63e-02	5.95e-02	7.05e-03	3.06e-04	9.05e-06	1.34e-07	0.00e+00	0.00e+00	0.00e+00	0.00e+00	0.00e+00	0.00e+00
 1.57296e+23	3.39e-09	5.84e-05	4.42e-02	2.09e-01	3.79e-01	2.22e-01	3.67e-02	5.13e-02	5.13e-02	5.73e-03	2.37e-04	6.76e-06	0.00e+00	0.00e+00	0.00e+00	0.00e+00	0.00e+00	0.00e+00	0.00e+00
 1.58993e+23	4.57e-09	7.35e-05	5.20e-02	2.28e-01	3.83e-01	2.12e-01	3.34e-02	4.52e-02	4.21e-02	4.36e-03	1.70e-04	4.61e-06	0.00e+00	0.00e+00	0.00e+00	0.00e+00	0.00e+00	0.00e+00	0.00e+00
 1.60702e+23	5.72e-09	8.73e-05	5.85e-02	2.42e-01	3.85e-01	2.03e-01	3.10e-02	4.08e-02	3.60e-02	3.52e-03	1.31e-04	3.43e-06	0.00e+00	0.00e+00	0.00e+00	0.00e+00	0.00e+00	0.00e+00	0.00e+00
 1.62426e+23	7.62e-09	1.09e-04	6.80e-02	2.61e-01	3.85e-01	1.91e-01	2.80e-02	3.56e-02	2.93e-02	2.66e-03	9.30e-05	2.32e-06	0.00e+00	0.00e+00	0.00e+00	0.00e+00	0.00e+00	0.00e+00	0.00e+00
 1.64172e+23	9.52e-09	1.29e-04	7.62e-02	2.75e-01	3.83e-01	1.81e-01	2.57e-02	3.19e-02	2.48e-02	2.12e-03	7.08e-05	1.70e-06	0.00e+00	0.00e+00	0.00e+00	0.00e+00	0.00e+00	0.00e+00	0.00e+00
 1.65947e+23	1.26e-08	1.59e-04	8.78e-02	2.93e-01	3.79e-01	1.69e-01	2.29e-02	2.75e-02	1.99e-02	1.57e-03	4.95e-05	1.13e-06	0.00e+00	0.00e+00	0.00e+00	0.00e+00	0.00e+00	0.00e+00	0.00e+00
 1.67747e+23	1.58e-08	1.88e-04	9.79e-02	3.07e-01	3.73e-01	1.59e-01	2.09e-02	2.43e-02	1.66e-02	1.24e-03	3.71e-05	8.16e-07	0.00e+00	0.00e+00	0.00e+00	0.00e+00	0.00e+00	0.00e+00	0.00e+00
 1.69310e+23	1.94e-08	2.19e-04	1.08e-01	3.19e-01	3.67e-01	1.49e-01	1.90e-02	2.16e-02	1.39e-02	9.79e-04	2.81e-05	5.95e-07	0.00e+00	0.00e+00	0.00e+00	0.00e+00	0.00e+00	0.00e+00	0.00e+00
 1.71075e+23	2.53e-08	2.67e-04	1.23e-01	3.35e-01	3.58e-01	1.37e-01	1.68e-02	1.84e-02	1.11e-02	7.21e-04	1.95e-05	3.94e-07	0.00e+00	0.00e+00	0.00e+00	0.00e+00	0.00e+00	0.00e+00	0.00e+00
 1.72759e+23	3.03e-08	3.04e-04	1.33e-01	3.45e-01	3.50e-01	1.29e-01	1.54e-02	1.64e-02	9.46e-03	5.83e-04	1.52e-05	2.97e-07	0.00e+00	0.00e+00	0.00e+00	0.00e+00	0.00e+00	0.00e+00	0.00e+00
 1.74338e+23	3.81e-08	3.59e-04	1.48e-01	3.57e-01	3.39e-01	1.19e-01	1.38e-02	1.42e-02	7.69e-03	4.42e-04	1.10e-05	2.05e-07	0.00e+00	0.00e+00	0.00e+00	0.00e+00	0.00e+00	0.00e+00	0.00e+00
 1.75923e+23	4.53e-08	4.07e-04	1.60e-01	3.66e-01	3.30e-01	1.12e-01	1.26e-02	1.26e-02	6.53e-03	3.56e-04	8.49e-06	1.54e-07	0.00e+00	0.00e+00	0.00e+00	0.00e+00	0.00e+00	0.00e+00	0.00e+00
 1.77516e+23	5.66e-08	4.78e-04	1.76e-01	3.76e-01	3.18e-01	1.03e-01	1.12e-02	1.09e-02	5.27e-03	2.68e-04	6.09e-06	0.00e+00	0.00e+00	0.00e+00	0.00e+00	0.00e+00	0.00e+00	0.00e+00	0.00e+00
 1.79145e+23	6.77e-08	5.42e-04	1.90e-01	3.83e-01	3.07e-01	9.53e-02	1.01e-02	9.56e-03	4.41e-03	2.13e-04	4.64e-06	0.00e+00	0.00e+00	0.00e+00	0.00e+00	0.00e+00	0.00e+00	0.00e+00	0.00e+00
 1.80823e+23	8.46e-08	6.35e-04	2.08e-01	3.91e-01	2.93e-01	8.66e-02	8.88e-03	8.12e-03	3.53e-03	1.58e-04	3.28e-06	0.00e+00	0.00e+00	0.00e+00	0.00e+00	0.00e+00	0.00e+00	0.00e+00	0.00e+00
 1.82520e+23	1.01e-07	7.20e-04	2.24e-01	3.96e-01	2.81e-01	7.99e-02	7.98e-03	7.09e-03	2.93e-03	1.24e-04	2.47e-06	0.00e+00	0.00e+00	0.00e+00	0.00e+00	0.00e+00	0.00e+00	0.00e+00	0.00e+00
 1.84016e+23	1.20e-07	8.12e-04	2.39e-01	4.01e-01	2.69e-01	7.38e-02	7.18e-03	6.21e-03	2.44e-03	9.74e-05	1.87e-06	0.00e+00	0.00e+00	0.00e+00	0.00e+00	0.00e+00	0.00e+00	0.00e+00	0.00e+00
 1.85734e+23	1.49e-07	9.43e-04	2.60e-01	4.05e-01	2.54e-01	6.65e-02	6.26e-03	5.23e-03	1.93e-03	7.16e-05	1.31e-06	0.00e+00	0.00e+00	0.00e+00	0.00e+00	0.00e+00	0.00e+00	0.00e+00	0.00e+00
 1.87398e+23	1.74e-07	1.05e-03	2.76e-01	4.07e-01	2.43e-01	6.14e-02	5.65e-03	4.59e-03	1.62e-03	5.70e-05	1.01e-06	0.00e+00	0.00e+00	0.00e+00	0.00e+00	0.00e+00	0.00e+00	0.00e+00	0.00e+00
 1.88726e+23	2.01e-07	1.16e-03	2.90e-01	4.08e-01	2.33e-01	5.71e-02	5.14e-03	4.08e-03	1.38e-03	4.62e-05	7.91e-07	0.00e+00	0.00e+00	0.00e+00	0.00e+00	0.00e+00	0.00e+00	0.00e+00	0.00e+00
 1.90186e+23	2.38e-07	1.30e-03	3.08e-01	4.08e-01	2.20e-01	5.21e-02	4.58e-03	3.52e-03	1.13e-03	3.57e-05	5.88e-07	0.00e+00	0.00e+00	0.00e+00	0.00e+00	0.00e+00	0.00e+00	0.00e+00	0.00e+00
 1.91672e+23	2.74e-07	1.43e-03	3.24e-01	4.08e-01	2.10e-01	4.82e-02	4.14e-03	3.11e-03	9.60e-04	2.87e-05	4.58e-07	0.00e+00	0.00e+00	0.00e+00	0.00e+00	0.00e+00	0.00e+00	0.00e+00	0.00e+00
 1.92988e+23	3.14e-07	1.57e-03	3.39e-01	4.07e-01	2.00e-01	4.46e-02	3.76e-03	2.75e-03	8.15e-04	2.32e-05	3.59e-07	0.00e+00	0.00e+00	0.00e+00	0.00e+00	0.00e+00	0.00e+00	0.00e+00	0.00e+00
 1.94494e+23	3.72e-07	1.75e-03	3.59e-01	4.05e-01	1.88e-01	4.05e-02	3.32e-03	2.36e-03	6.64e-04	1.78e-05	2.65e-07	0.00e+00	0.00e+00	0.00e+00	0.00e+00	0.00e+00	0.00e+00	0.00e+00	0.00e+00
 1.96018e+23	4.27e-07	1.92e-03	3.75e-01	4.02e-01	1.78e-01	3.73e-02	3.00e-03	2.07e-03	5.59e-04	1.42e-05	2.05e-07	0.00e+00	0.00e+00	0.00e+00	0.00e+00	0.00e+00	0.00e+00	0.00e+00	0.00e+00
 1.97358e+23	4.88e-07	2.09e-03	3.90e-01	3.99e-01	1.69e-01	3.44e-02	2.71e-03	1.83e-03	4.73e-04	1.14e-05	1.60e-07	0.00e+00	0.00e+00	0.00e+00	0.00e+00	0.00e+00	0.00e+00	0.00e+00	0.00e+00
 1.98891e+23	5.75e-07	2.33e-03	4.10e-01	3.94e-01	1.58e-01	3.10e-02	2.38e-03	1.56e-03	3.84e-04	8.72e-06	0.00e+00	0.00e+00	0.00e+00	0.00e+00	0.00e+00	0.00e+00	0.00e+00	0.00e+00	0.00e+00
 2.00449e+23	6.57e-07	2.54e-03	4.26e-01	3.90e-01	1.49e-01	2.85e-02	2.14e-03	1.37e-03	3.22e-04	6.93e-06	0.00e+00	0.00e+00	0.00e+00	0.00e+00	0.00e+00	0.00e+00	0.00e+00	0.00e+00	0.00e+00
 2.01832e+23	7.51e-07	2.77e-03	4.43e-01	3.85e-01	1.40e-01	2.61e-02	1.92e-03	1.20e-03	2.71e-04	5.54e-06	0.00e+00	0.00e+00	0.00e+00	0.00e+00	0.00e+00	0.00e+00	0.00e+00	0.00e+00	0.00e+00
 2.03421e+23	8.85e-07	3.07e-03	4.64e-01	3.77e-01	1.30e-01	2.34e-02	1.68e-03	1.02e-03	2.18e-04	4.18e-06	0.00e+00	0.00e+00	0.00e+00	0.00e+00	0.00e+00	0.00e+00	0.00e+00	0.00e+00	0.00e+00
 2.05024e+23	1.01e-06	3.35e-03	4.80e-01	3.71e-01	1.22e-01	2.14e-02	1.50e-03	8.87e-04	1.82e-04	3.30e-06	0.00e+00	0.00e+00	0.00e+00	0.00e+00	0.00e+00	0.00e+00	0.00e+00	0.00e+00	0.00e+00
 2.06434e+23	1.15e-06	3.63e-03	4.97e-01	3.64e-01	1.14e-01	1.95e-02	1.35e-03	7.76e-04	1.53e-04	2.63e-06	0.00e+00	0.00e+00	0.00e+00	0.00e+00	0.00e+00	0.00e+00	0.00e+00	0.00e+00	0.00e+00
 2.08053e+23	1.35e-06	4.02e-03	5.18e-01	3.54e-01	1.05e-01	1.74e-02	1.17e-03	6.56e-04	1.22e-04	1.98e-06	0.00e+00	0.00e+00	0.00e+00	0.00e+00	0.00e+00	0.00e+00	0.00e+00	0.00e+00	0.00e+00
 2.09702e+23	1.55e-06	4.36e-03	5.34e-01	3.46e-01	9.78e-02	1.58e-02	1.04e-03	5.69e-04	1.02e-04	1.55e-06	0.00e+00	0.00e+00	0.00e+00	0.00e+00	0.00e+00	0.00e+00	0.00e+00	0.00e+00	0.00e+00
 2.11389e+23	1.82e-06	4.82e-03	5.55e-01	3.35e-01	8.94e-02	1.41e-02	9.04e-04	4.78e-04	8.07e-05	1.15e-06	0.00e+00	0.00e+00	0.00e+00	0.00e+00	0.00e+00	0.00e+00	0.00e+00	0.00e+00	0.00e+00
 2.13097e+23	2.08e-06	5.24e-03	5.72e-01	3.26e-01	8.29e-02	1.27e-02	8.00e-04	4.13e-04	6.66e-05	8.97e-07	0.00e+00	0.00e+00	0.00e+00	0.00e+00	0.00e+00	0.00e+00	0.00e+00	0.00e+00	0.00e+00
 2.14833e+23	2.45e-06	5.78e-03	5.93e-01	3.14e-01	7.54e-02	1.12e-02	6.90e-04	3.46e-04	5.26e-05	6.62e-07	0.00e+00	0.00e+00	0.00e+00	0.00e+00	0.00e+00	0.00e+00	0.00e+00	0.00e+00	0.00e+00
 2.16602e+23	2.81e-06	6.27e-03	6.09e-01	3.04e-01	6.96e-02	1.01e-02	6.08e-04	2.98e-04	4.31e-05	5.11e-07	0.00e+00	0.00e+00	0.00e+00	0.00e+00	0.00e+00	0.00e+00	0.00e+00	0.00e+00	0.00e+00
 2.18180e+23	3.20e-06	6.78e-03	6.25e-01	2.94e-01	6.42e-02	9.13e-03	5.37e-04	2.58e-04	3.55e-05	3.98e-07	0.00e+00	0.00e+00	0.00e+00	0.00e+00	0.00e+00	0.00e+00	0.00e+00	0.00e+00	0.00e+00
 2.19995e+23	3.77e-06	7.47e-03	6.45e-01	2.81e-01	5.80e-02	8.02e-03	4.60e-04	2.15e-04	2.78e-05	2.90e-07	0.00e+00	0.00e+00	0.00e+00	0.00e+00	0.00e+00	0.00e+00	0.00e+00	0.00e+00	0.00e+00
 2.21853e+23	4.32e-06	8.10e-03	6.60e-01	2.71e-01	5.32e-02	7.17e-03	4.03e-04	1.84e-04	2.26e-05	2.22e-07	0.00e+00	0.00e+00	0.00e+00	0.00e+00	0.00e+00	0.00e+00	0.00e+00	0.00e+00	0.00e+00
 2.23270e+23	4.75e-06	8.56e-03	6.71e-01	2.63e-01	5.00e-02	6.64e-03	3.67e-04	1.66e-04	1.95e-05	1.84e-07	0.00e+00	0.00e+00	0.00e+00	0.00e+00	0.00e+00	0.00e+00	0.00e+00	0.00e+00	0.00e+00
 2.24615e+23	5.35e-06	9.17e-03	6.84e-01	2.54e-01	4.62e-02	6.02e-03	3.26e-04	1.45e-04	1.63e-05	1.46e-07	0.00e+00	0.00e+00	0.00e+00	0.00e+00	0.00e+00	0.00e+00	0.00e+00	0.00e+00	0.00e+00
 2.25990e+23	5.87e-06	9.67e-03	6.94e-01	2.46e-01	4.34e-02	5.57e-03	2.98e-04	1.30e-04	1.41e-05	0.00e+00	0.00e+00	0.00e+00	0.00e+00	0.00e+00	0.00e+00	0.00e+00	0.00e+00	0.00e+00	0.00e+00
 2.27403e+23	6.63e-06	1.04e-02	7.08e-01	2.36e-01	4.00e-02	5.02e-03	2.63e-04	1.14e-04	1.16e-05	0.00e+00	0.00e+00	0.00e+00	0.00e+00	0.00e+00	0.00e+00	0.00e+00	0.00e+00	0.00e+00	0.00e+00
 2.28832e+23	7.32e-06	1.10e-02	7.18e-01	2.29e-01	3.73e-02	4.62e-03	2.38e-04	1.02e-04	9.95e-06	0.00e+00	0.00e+00	0.00e+00	0.00e+00	0.00e+00	0.00e+00	0.00e+00	0.00e+00	0.00e+00	0.00e+00
 2.30283e+23	8.24e-06	1.17e-02	7.30e-01	2.19e-01	3.43e-02	4.17e-03	2.11e-04	8.89e-05	8.23e-06	0.00e+00	0.00e+00	0.00e+00	0.00e+00	0.00e+00	0.00e+00	0.00e+00	0.00e+00	0.00e+00	0.00e+00
 2.31764e+23	9.14e-06	1.24e-02	7.40e-01	2.12e-01	3.19e-02	3.82e-03	1.90e-04	7.92e-05	6.99e-06	0.00e+00	0.00e+00	0.00e+00	0.00e+00	0.00e+00	0.00e+00	0.00e+00	0.00e+00	0.00e+00	0.00e+00
 2.33287e+23	1.04e-05	1.34e-02	7.52e-01	2.01e-01	2.92e-02	3.42e-03	1.67e-04	6.87e-05	5.70e-06	0.00e+00	0.00e+00	0.00e+00	0.00e+00	0.00e+00	0.00e+00	0.00e+00	0.00e+00	0.00e+00	0.00e+00
 2.34814e+23	1.15e-05	1.41e-02	7.61e-01	1.94e-01	2.71e-02	3.13e-03	1.50e-04	6.14e-05	4.85e-06	0.00e+00	0.00e+00	0.00e+00	0.00e+00	0.00e+00	0.00e+00	0.00e+00	0.00e+00	0.00e+00	0.00e+00
 2.36348e+23	1.30e-05	1.52e-02	7.73e-01	1.84e-01	2.47e-02	2.80e-03	1.32e-04	5.33e-05	3.95e-06	0.00e+00	0.00e+00	0.00e+00	0.00e+00	0.00e+00	0.00e+00	0.00e+00	0.00e+00	0.00e+00	0.00e+00
 2.37901e+23	1.44e-05	1.60e-02	7.81e-01	1.77e-01	2.30e-02	2.56e-03	1.19e-04	4.77e-05	3.36e-06	0.00e+00	0.00e+00	0.00e+00	0.00e+00	0.00e+00	0.00e+00	0.00e+00	0.00e+00	0.00e+00	0.00e+00
 2.39478e+23	1.63e-05	1.71e-02	7.92e-01	1.68e-01	2.09e-02	2.30e-03	1.04e-04	4.16e-05	2.74e-06	0.00e+00	0.00e+00	0.00e+00	0.00e+00	0.00e+00	0.00e+00	0.00e+00	0.00e+00	0.00e+00	0.00e+00
 2.41109e+23	1.81e-05	1.81e-02	8.00e-01	1.61e-01	1.93e-02	2.08e-03	9.31e-05	3.70e-05	2.29e-06	0.00e+00	0.00e+00	0.00e+00	0.00e+00	0.00e+00	0.00e+00	0.00e+00	0.00e+00	0.00e+00	0.00e+00
 2.42810e+23	2.07e-05	1.95e-02	8.10e-01	1.51e-01	1.74e-02	1.84e-03	8.07e-05	3.19e-05	1.83e-06	0.00e+00	0.00e+00	0.00e+00	0.00e+00	0.00e+00	0.00e+00	0.00e+00	0.00e+00	0.00e+00	0.00e+00
 2.44522e+23	2.31e-05	2.07e-02	8.18e-01	1.44e-01	1.60e-02	1.67e-03	7.20e-05	2.84e-05	1.53e-06	0.00e+00	0.00e+00	0.00e+00	0.00e+00	0.00e+00	0.00e+00	0.00e+00	0.00e+00	0.00e+00	0.00e+00
 2.46248e+23	2.63e-05	2.22e-02	8.27e-01	1.35e-01	1.45e-02	1.48e-03	6.24e-05	2.46e-05	1.22e-06	0.00e+00	0.00e+00	0.00e+00	0.00e+00	0.00e+00	0.00e+00	0.00e+00	0.00e+00	0.00e+00	0.00e+00
 2.48016e+23	2.95e-05	2.36e-02	8.34e-01	1.28e-01	1.32e-02	1.34e-03	5.52e-05	2.18e-05	1.01e-06	0.00e+00	0.00e+00	0.00e+00	0.00e+00	0.00e+00	0.00e+00	0.00e+00	0.00e+00	0.00e+00	0.00e+00
 2.49838e+23	3.41e-05	2.54e-02	8.43e-01	1.18e-01	1.18e-02	1.17e-03	4.74e-05	1.87e-05	7.95e-07	0.00e+00	0.00e+00	0.00e+00	0.00e+00	0.00e+00	0.00e+00	0.00e+00	0.00e+00	0.00e+00	0.00e+00
 2.51656e+23	3.81e-05	2.70e-02	8.49e-01	1.12e-01	1.09e-02	1.06e-03	4.21e-05	1.67e-05	6.59e-07	0.00e+00	0.00e+00	0.00e+00	0.00e+00	0.00e+00	0.00e+00	0.00e+00	0.00e+00	0.00e+00	0.00e+00
 2.53467e+23	4.39e-05	2.91e-02	8.57e-01	1.03e-01	9.71e-03	9.27e-04	3.61e-05	1.44e-05	5.18e-07	0.00e+00	0.00e+00	0.00e+00	0.00e+00	0.00e+00	0.00e+00	0.00e+00	0.00e+00	0.00e+00	0.00e+00
 2.55292e+23	4.92e-05	3.08e-02	8.63e-01	9.68e-02	8.88e-03	8.36e-04	3.20e-05	1.28e-05	4.29e-07	0.00e+00	0.00e+00	0.00e+00	0.00e+00	0.00e+00	0.00e+00	0.00e+00	0.00e+00	0.00e+00	0.00e+00
 2.57132e+23	5.69e-05	3.32e-02	8.70e-01	8.83e-02	7.91e-03	7.30e-04	2.73e-05	1.11e-05	3.35e-07	0.00e+00	0.00e+00	0.00e+00	0.00e+00	0.00e+00	0.00e+00	0.00e+00	0.00e+00	0.00e+00	0.00e+00
 2.58982e+23	6.39e-05	3.53e-02	8.74e-01	8.24e-02	7.23e-03	6.57e-04	2.41e-05	9.86e-06	2.76e-07	0.00e+00	0.00e+00	0.00e+00	0.00e+00	0.00e+00	0.00e+00	0.00e+00	0.00e+00	0.00e+00	0.00e+00
 2.60843e+23	7.45e-05	3.81e-02	8.81e-01	7.42e-02	6.41e-03	5.71e-04	2.05e-05	8.47e-06	2.13e-07	0.00e+00	0.00e+00	0.00e+00	0.00e+00	0.00e+00	0.00e+00	0.00e+00	0.00e+00	0.00e+00	0.00e+00
 2.62701e+23	8.39e-05	4.05e-02	8.84e-01	6.87e-02	5.85e-03	5.13e-04	1.81e-05	7.56e-06	1.75e-07	0.00e+00	0.00e+00	0.00e+00	0.00e+00	0.00e+00	0.00e+00	0.00e+00	0.00e+00	0.00e+00	0.00e+00
 2.64555e+23	9.81e-05	4.38e-02	8.89e-01	6.12e-02	5.19e-03	4.44e-04	1.53e-05	6.49e-06	1.35e-07	0.00e+00	0.00e+00	0.00e+00	0.00e+00	0.00e+00	0.00e+00	0.00e+00	0.00e+00	0.00e+00	0.00e+00
 2.66414e+23	1.11e-04	4.66e-02	8.92e-01	5.59e-02	4.72e-03	3.98e-04	1.35e-05	5.78e-06	0.00e+00	0.00e+00	0.00e+00	0.00e+00	0.00e+00	0.00e+00	0.00e+00	0.00e+00	0.00e+00	0.00e+00	0.00e+00
 2.68279e+23	1.31e-04	5.05e-02	8.96e-01	4.91e-02	4.16e-03	3.43e-04	1.14e-05	4.94e-06	0.00e+00	0.00e+00	0.00e+00	0.00e+00	0.00e+00	0.00e+00	0.00e+00	0.00e+00	0.00e+00	0.00e+00	0.00e+00
 2.70149e+23	1.50e-04	5.39e-02	8.98e-01	4.42e-02	3.78e-03	3.06e-04	9.97e-06	4.38e-06	0.00e+00	0.00e+00	0.00e+00	0.00e+00	0.00e+00	0.00e+00	0.00e+00	0.00e+00	0.00e+00	0.00e+00	0.00e+00
 2.72023e+23	1.77e-04	5.84e-02	9.00e-01	3.82e-02	3.32e-03	2.63e-04	8.40e-06	3.73e-06	0.00e+00	0.00e+00	0.00e+00	0.00e+00	0.00e+00	0.00e+00	0.00e+00	0.00e+00	0.00e+00	0.00e+00	0.00e+00
 2.73915e+23	2.06e-04	6.27e-02	9.00e-01	3.37e-02	2.99e-03	2.32e-04	7.29e-06	3.27e-06	0.00e+00	0.00e+00	0.00e+00	0.00e+00	0.00e+00	0.00e+00	0.00e+00	0.00e+00	0.00e+00	0.00e+00	0.00e+00
 2.75832e+23	2.47e-04	6.82e-02	9.00e-01	2.84e-02	2.60e-03	1.98e-04	6.09e-06	2.75e-06	0.00e+00	0.00e+00	0.00e+00	0.00e+00	0.00e+00	0.00e+00	0.00e+00	0.00e+00	0.00e+00	0.00e+00	0.00e+00
 2.77769e+23	2.91e-04	7.35e-02	8.99e-01	2.45e-02	2.31e-03	1.72e-04	5.24e-06	2.38e-06	0.00e+00	0.00e+00	0.00e+00	0.00e+00	0.00e+00	0.00e+00	0.00e+00	0.00e+00	0.00e+00	0.00e+00	0.00e+00
 2.79471e+23	3.43e-04	7.91e-02	8.97e-01	2.09e-02	2.05e-03	1.50e-04	4.51e-06	2.04e-06	0.00e+00	0.00e+00	0.00e+00	0.00e+00	0.00e+00	0.00e+00	0.00e+00	0.00e+00	0.00e+00	0.00e+00	0.00e+00
 2.81159e+23	4.06e-04	8.51e-02	8.95e-01	1.78e-02	1.81e-03	1.30e-04	3.88e-06	1.75e-06	0.00e+00	0.00e+00	0.00e+00	0.00e+00	0.00e+00	0.00e+00	0.00e+00	0.00e+00	0.00e+00	0.00e+00	0.00e+00
 2.82640e+23	4.68e-04	9.04e-02	8.92e-01	1.54e-02	1.64e-03	1.15e-04	3.43e-06	1.54e-06	0.00e+00	0.00e+00	0.00e+00	0.00e+00	0.00e+00	0.00e+00	0.00e+00	0.00e+00	0.00e+00	0.00e+00	0.00e+00
 2.84115e+23	5.55e-04	9.71e-02	8.88e-01	1.29e-02	1.43e-03	9.93e-05	2.95e-06	1.30e-06	0.00e+00	0.00e+00	0.00e+00	0.00e+00	0.00e+00	0.00e+00	0.00e+00	0.00e+00	0.00e+00	0.00e+00	0.00e+00
 2.85652e+23	6.57e-04	1.04e-01	8.83e-01	1.09e-02	1.26e-03	8.58e-05	2.56e-06	1.11e-06	0.00e+00	0.00e+00	0.00e+00	0.00e+00	0.00e+00	0.00e+00	0.00e+00	0.00e+00	0.00e+00	0.00e+00	0.00e+00
 2.87028e+23	7.75e-04	1.11e-01	8.78e-01	9.10e-03	1.11e-03	7.41e-05	2.22e-06	9.41e-07	0.00e+00	0.00e+00	0.00e+00	0.00e+00	0.00e+00	0.00e+00	0.00e+00	0.00e+00	0.00e+00	0.00e+00	0.00e+00
 2.88575e+23	9.62e-04	1.21e-01	8.70e-01	7.20e-03	9.25e-04	6.09e-05	1.85e-06	7.58e-07	0.00e+00	0.00e+00	0.00e+00	0.00e+00	0.00e+00	0.00e+00	0.00e+00	0.00e+00	0.00e+00	0.00e+00	0.00e+00
 2.90144e+23	1.19e-03	1.30e-01	8.62e-01	5.68e-03	7.73e-04	5.01e-05	1.55e-06	6.10e-07	0.00e+00	0.00e+00	0.00e+00	0.00e+00	0.00e+00	0.00e+00	0.00e+00	0.00e+00	0.00e+00	0.00e+00	0.00e+00
 2.91390e+23	1.44e-03	1.39e-01	8.54e-01	4.59e-03	6.56e-04	4.20e-05	1.33e-06	5.03e-07	0.00e+00	0.00e+00	0.00e+00	0.00e+00	0.00e+00	0.00e+00	0.00e+00	0.00e+00	0.00e+00	0.00e+00	0.00e+00
 2.92452e+23	1.72e-03	1.48e-01	8.46e-01	3.74e-03	5.58e-04	3.54e-05	1.14e-06	4.17e-07	0.00e+00	0.00e+00	0.00e+00	0.00e+00	0.00e+00	0.00e+00	0.00e+00	0.00e+00	0.00e+00	0.00e+00	0.00e+00
 2.93473e+23	2.09e-03	1.57e-01	8.37e-01	3.00e-03	4.66e-04	2.93e-05	9.65e-07	3.41e-07	0.00e+00	0.00e+00	0.00e+00	0.00e+00	0.00e+00	0.00e+00	0.00e+00	0.00e+00	0.00e+00	0.00e+00	0.00e+00
 2.94453e+23	2.55e-03	1.67e-01	8.28e-01	2.39e-03	3.87e-04	2.41e-05	8.15e-07	2.77e-07	0.00e+00	0.00e+00	0.00e+00	0.00e+00	0.00e+00	0.00e+00	0.00e+00	0.00e+00	0.00e+00	0.00e+00	0.00e+00
 2.95354e+23	3.14e-03	1.77e-01	8.17e-01	1.89e-03	3.18e-04	1.97e-05	6.83e-07	2.24e-07	0.00e+00	0.00e+00	0.00e+00	0.00e+00	0.00e+00	0.00e+00	0.00e+00	0.00e+00	0.00e+00	0.00e+00	0.00e+00
 2.96155e+23	3.85e-03	1.88e-01	8.07e-01	1.51e-03	2.62e-04	1.62e-05	5.75e-07	1.82e-07	0.00e+00	0.00e+00	0.00e+00	0.00e+00	0.00e+00	0.00e+00	0.00e+00	0.00e+00	0.00e+00	0.00e+00	0.00e+00
 2.96855e+23	4.71e-03	1.98e-01	7.96e-01	1.22e-03	2.17e-04	1.35e-05	4.86e-07	1.50e-07	0.00e+00	0.00e+00	0.00e+00	0.00e+00	0.00e+00	0.00e+00	0.00e+00	0.00e+00	0.00e+00	0.00e+00	0.00e+00
 2.97479e+23	5.71e-03	2.07e-01	7.86e-01	9.92e-04	1.82e-04	1.13e-05	4.14e-07	0.00e+00	0.00e+00	0.00e+00	0.00e+00	0.00e+00	0.00e+00	0.00e+00	0.00e+00	0.00e+00	0.00e+00	0.00e+00	0.00e+00
 2.98051e+23	6.90e-03	2.17e-01	7.75e-01	8.18e-04	1.54e-04	9.51e-06	3.56e-07	0.00e+00	0.00e+00	0.00e+00	0.00e+00	0.00e+00	0.00e+00	0.00e+00	0.00e+00	0.00e+00	0.00e+00	0.00e+00	0.00e+00
 2.98593e+23	8.42e-03	2.27e-01	7.64e-01	6.75e-04	1.29e-04	8.02e-06	3.05e-07	0.00e+00	0.00e+00	0.00e+00	0.00e+00	0.00e+00	0.00e+00	0.00e+00	0.00e+00	0.00e+00	0.00e+00	0.00e+00	0.00e+00
 2.99101e+23	1.03e-02	2.37e-01	7.52e-01	5.60e-04	1.10e-04	6.79e-06	2.62e-07	0.00e+00	0.00e+00	0.00e+00	0.00e+00	0.00e+00	0.00e+00	0.00e+00	0.00e+00	0.00e+00	0.00e+00	0.00e+00	0.00e+00
 2.99560e+23	1.25e-02	2.46e-01	7.40e-01	4.73e-04	9.40e-05	5.83e-06	2.28e-07	0.00e+00	0.00e+00	0.00e+00	0.00e+00	0.00e+00	0.00e+00	0.00e+00	0.00e+00	0.00e+00	0.00e+00	0.00e+00	0.00e+00
 2.99977e+23	1.50e-02	2.56e-01	7.29e-01	4.05e-04	8.18e-05	5.08e-06	2.01e-07	0.00e+00	0.00e+00	0.00e+00	0.00e+00	0.00e+00	0.00e+00	0.00e+00	0.00e+00	0.00e+00	0.00e+00	0.00e+00	0.00e+00
 3.00349e+23	1.78e-02	2.64e-01	7.18e-01	3.53e-04	7.23e-05	4.49e-06	1.79e-07	0.00e+00	0.00e+00	0.00e+00	0.00e+00	0.00e+00	0.00e+00	0.00e+00	0.00e+00	0.00e+00	0.00e+00	0.00e+00	0.00e+00
 3.00672e+23	2.06e-02	2.72e-01	7.07e-01	3.14e-04	6.52e-05	4.04e-06	1.63e-07	0.00e+00	0.00e+00	0.00e+00	0.00e+00	0.00e+00	0.00e+00	0.00e+00	0.00e+00	0.00e+00	0.00e+00	0.00e+00	0.00e+00
 3.00918e+23	2.31e-02	2.77e-01	6.99e-01	2.89e-04	6.04e-05	3.75e-06	1.52e-07	0.00e+00	0.00e+00	0.00e+00	0.00e+00	0.00e+00	0.00e+00	0.00e+00	0.00e+00	0.00e+00	0.00e+00	0.00e+00	0.00e+00
 3.01103e+23	2.52e-02	2.82e-01	6.92e-01	2.71e-04	5.70e-05	3.53e-06	1.44e-07	0.00e+00	0.00e+00	0.00e+00	0.00e+00	0.00e+00	0.00e+00	0.00e+00	0.00e+00	0.00e+00	0.00e+00	0.00e+00	0.00e+00
 3.01291e+23	2.77e-02	2.88e-01	6.85e-01	2.53e-04	5.38e-05	3.33e-06	1.36e-07	0.00e+00	0.00e+00	0.00e+00	0.00e+00	0.00e+00	0.00e+00	0.00e+00	0.00e+00	0.00e+00	0.00e+00	0.00e+00	0.00e+00
 3.01506e+23	3.07e-02	2.94e-01	6.75e-01	2.36e-04	5.03e-05	3.11e-06	1.28e-07	0.00e+00	0.00e+00	0.00e+00	0.00e+00	0.00e+00	0.00e+00	0.00e+00	0.00e+00	0.00e+00	0.00e+00	0.00e+00	0.00e+00
 3.01744e+23	3.44e-02	3.00e-01	6.65e-01	2.18e-04	4.69e-05	2.89e-06	1.20e-07	0.00e+00	0.00e+00	0.00e+00	0.00e+00	0.00e+00	0.00e+00	0.00e+00	0.00e+00	0.00e+00	0.00e+00	0.00e+00	0.00e+00
 3.01987e+23	3.85e-02	3.07e-01	6.55e-01	2.02e-04	4.38e-05	2.70e-06	1.12e-07	0.00e+00	0.00e+00	0.00e+00	0.00e+00	0.00e+00	0.00e+00	0.00e+00	0.00e+00	0.00e+00	0.00e+00	0.00e+00	0.00e+00
