#depth	N	N+	N+2	N+3	N+4	N+5	N+6	N+7
 1.54284e+22	1.64e-18	1.76e-13	5.13e-10	1.49e-07	1.21e-05	6.98e-03	1.67e-01	8.26e-01
 3.43084e+22	3.08e-17	2.19e-12	4.26e-09	7.84e-07	3.91e-05	1.45e-02	2.29e-01	7.57e-01
 3.94858e+22	1.02e-16	6.16e-12	1.02e-08	1.56e-06	6.38e-05	1.96e-02	2.60e-01	7.21e-01
 4.20745e+22	1.78e-16	9.99e-12	1.52e-08	2.16e-06	8.04e-05	2.26e-02	2.75e-01	7.02e-01
 4.32205e+22	2.14e-16	1.17e-11	1.75e-08	2.40e-06	8.69e-05	2.37e-02	2.80e-01	6.96e-01
 4.38717e+22	2.67e-16	1.42e-11	2.05e-08	2.73e-06	9.52e-05	2.51e-02	2.87e-01	6.88e-01
 4.46070e+22	3.35e-16	1.73e-11	2.42e-08	3.11e-06	1.05e-04	2.66e-02	2.93e-01	6.80e-01
 4.53366e+22	4.16e-16	2.08e-11	2.83e-08	3.52e-06	1.14e-04	2.81e-02	3.00e-01	6.72e-01
 4.61701e+22	5.52e-16	2.66e-11	3.48e-08	4.16e-06	1.29e-04	3.02e-02	3.08e-01	6.61e-01
 4.70051e+22	6.83e-16	3.19e-11	4.05e-08	4.70e-06	1.40e-04	3.19e-02	3.15e-01	6.53e-01
 4.78423e+22	9.13e-16	4.10e-11	5.01e-08	5.57e-06	1.58e-04	3.43e-02	3.23e-01	6.42e-01
 4.86902e+22	1.13e-15	4.93e-11	5.85e-08	6.30e-06	1.73e-04	3.62e-02	3.30e-01	6.34e-01
 4.95522e+22	1.52e-15	6.37e-11	7.26e-08	7.48e-06	1.96e-04	3.90e-02	3.39e-01	6.22e-01
 5.04251e+22	1.90e-15	7.73e-11	8.55e-08	8.52e-06	2.15e-04	4.13e-02	3.46e-01	6.12e-01
 5.13120e+22	2.56e-15	1.00e-10	1.06e-07	1.01e-05	2.43e-04	4.45e-02	3.56e-01	6.00e-01
 5.21587e+22	3.12e-15	1.19e-10	1.23e-07	1.14e-05	2.64e-04	4.68e-02	3.62e-01	5.91e-01
 5.29531e+22	4.11e-15	1.51e-10	1.50e-07	1.34e-05	2.96e-04	5.01e-02	3.71e-01	5.79e-01
 5.37506e+22	5.02e-15	1.79e-10	1.74e-07	1.50e-05	3.22e-04	5.26e-02	3.77e-01	5.70e-01
 5.45522e+22	6.60e-15	2.27e-10	2.12e-07	1.77e-05	3.61e-04	5.63e-02	3.86e-01	5.58e-01
 5.53655e+22	8.15e-15	2.73e-10	2.48e-07	2.00e-05	3.95e-04	5.94e-02	3.92e-01	5.48e-01
 5.61941e+22	1.08e-14	3.49e-10	3.05e-07	2.36e-05	4.45e-04	6.37e-02	4.01e-01	5.35e-01
 5.70324e+22	1.34e-14	4.20e-10	3.58e-07	2.69e-05	4.88e-04	6.72e-02	4.08e-01	5.24e-01
 5.78834e+22	1.79e-14	5.41e-10	4.44e-07	3.20e-05	5.53e-04	7.23e-02	4.17e-01	5.10e-01
 5.87462e+22	2.23e-14	6.55e-10	5.23e-07	3.65e-05	6.07e-04	7.63e-02	4.24e-01	4.99e-01
 5.96241e+22	3.00e-14	8.48e-10	6.52e-07	4.37e-05	6.90e-04	8.21e-02	4.33e-01	4.84e-01
 6.05205e+22	3.79e-14	1.04e-09	7.77e-07	5.04e-05	7.64e-04	8.71e-02	4.40e-01	4.72e-01
 6.14409e+22	5.13e-14	1.36e-09	9.76e-07	6.07e-05	8.74e-04	9.40e-02	4.49e-01	4.56e-01
 6.23807e+22	6.54e-14	1.68e-09	1.17e-06	7.06e-05	9.74e-04	1.00e-01	4.56e-01	4.43e-01
 6.33139e+22	8.77e-14	2.17e-09	1.47e-06	8.50e-05	1.11e-03	1.08e-01	4.65e-01	4.26e-01
 6.42002e+22	1.08e-13	2.61e-09	1.72e-06	9.70e-05	1.22e-03	1.14e-01	4.70e-01	4.15e-01
 6.50574e+22	1.42e-13	3.31e-09	2.12e-06	1.16e-04	1.39e-03	1.22e-01	4.78e-01	3.99e-01
 6.59311e+22	1.75e-13	4.00e-09	2.50e-06	1.33e-04	1.53e-03	1.29e-01	4.83e-01	3.87e-01
 6.67878e+22	2.25e-13	5.00e-09	3.04e-06	1.57e-04	1.73e-03	1.37e-01	4.89e-01	3.72e-01
 6.76621e+22	2.78e-13	6.04e-09	3.60e-06	1.81e-04	1.92e-03	1.45e-01	4.94e-01	3.58e-01
 6.85147e+22	3.49e-13	7.41e-09	4.32e-06	2.12e-04	2.15e-03	1.55e-01	4.99e-01	3.44e-01
 6.93852e+22	4.31e-13	8.96e-09	5.11e-06	2.45e-04	2.40e-03	1.64e-01	5.03e-01	3.31e-01
 7.02476e+22	5.32e-13	1.08e-08	6.07e-06	2.84e-04	2.68e-03	1.73e-01	5.07e-01	3.17e-01
 7.11144e+22	6.49e-13	1.30e-08	7.16e-06	3.29e-04	2.98e-03	1.83e-01	5.10e-01	3.04e-01
 7.19714e+22	7.87e-13	1.55e-08	8.41e-06	3.79e-04	3.31e-03	1.94e-01	5.12e-01	2.91e-01
 7.28270e+22	9.48e-13	1.84e-08	9.85e-06	4.36e-04	3.67e-03	2.04e-01	5.14e-01	2.78e-01
 7.36842e+22	1.13e-12	2.17e-08	1.15e-05	5.01e-04	4.07e-03	2.15e-01	5.15e-01	2.65e-01
 7.45449e+22	1.35e-12	2.55e-08	1.34e-05	5.73e-04	4.51e-03	2.26e-01	5.16e-01	2.53e-01
 7.54109e+22	1.60e-12	2.99e-08	1.55e-05	6.56e-04	4.98e-03	2.38e-01	5.16e-01	2.41e-01
 7.62849e+22	1.88e-12	3.49e-08	1.79e-05	7.49e-04	5.51e-03	2.49e-01	5.15e-01	2.29e-01
 7.71694e+22	2.20e-12	4.05e-08	2.07e-05	8.54e-04	6.08e-03	2.62e-01	5.14e-01	2.18e-01
 7.80586e+22	2.56e-12	4.69e-08	2.37e-05	9.71e-04	6.70e-03	2.74e-01	5.12e-01	2.06e-01
 7.89623e+22	2.98e-12	5.42e-08	2.73e-05	1.11e-03	7.40e-03	2.87e-01	5.09e-01	1.95e-01
 7.98767e+22	3.44e-12	6.23e-08	3.12e-05	1.25e-03	8.14e-03	3.00e-01	5.06e-01	1.85e-01
 8.08090e+22	4.06e-12	7.17e-08	3.58e-05	1.42e-03	8.98e-03	3.13e-01	5.02e-01	1.74e-01
 8.16765e+22	4.56e-12	8.01e-08	4.00e-05	1.58e-03	9.71e-03	3.24e-01	4.99e-01	1.66e-01
 8.25685e+22	5.25e-12	9.20e-08	4.58e-05	1.79e-03	1.07e-02	3.39e-01	4.93e-01	1.55e-01
 8.34756e+22	5.88e-12	1.03e-07	5.10e-05	1.98e-03	1.16e-02	3.50e-01	4.89e-01	1.47e-01
 8.44066e+22	6.74e-12	1.18e-07	5.85e-05	2.26e-03	1.28e-02	3.66e-01	4.82e-01	1.38e-01
 8.53424e+22	7.52e-12	1.31e-07	6.49e-05	2.49e-03	1.38e-02	3.77e-01	4.76e-01	1.30e-01
 8.62847e+22	8.58e-12	1.49e-07	7.40e-05	2.81e-03	1.52e-02	3.92e-01	4.69e-01	1.21e-01
 8.72328e+22	9.51e-12	1.65e-07	8.19e-05	3.09e-03	1.63e-02	4.03e-01	4.62e-01	1.15e-01
 8.81884e+22	1.08e-11	1.87e-07	9.31e-05	3.48e-03	1.79e-02	4.18e-01	4.53e-01	1.07e-01
 8.91521e+22	1.19e-11	2.07e-07	1.03e-04	3.81e-03	1.92e-02	4.30e-01	4.46e-01	1.01e-01
 9.01264e+22	1.35e-11	2.34e-07	1.16e-04	4.29e-03	2.11e-02	4.44e-01	4.37e-01	9.33e-02
 9.11131e+22	1.49e-11	2.58e-07	1.28e-04	4.69e-03	2.26e-02	4.56e-01	4.29e-01	8.78e-02
 9.21159e+22	1.68e-11	2.91e-07	1.46e-04	5.26e-03	2.47e-02	4.70e-01	4.18e-01	8.10e-02
 9.31355e+22	1.86e-11	3.22e-07	1.61e-04	5.75e-03	2.64e-02	4.82e-01	4.10e-01	7.60e-02
 9.41767e+22	2.10e-11	3.64e-07	1.82e-04	6.44e-03	2.89e-02	4.96e-01	3.99e-01	6.98e-02
 9.52400e+22	2.33e-11	4.02e-07	2.02e-04	7.04e-03	3.09e-02	5.07e-01	3.89e-01	6.52e-02
 9.63319e+22	2.64e-11	4.56e-07	2.29e-04	7.89e-03	3.38e-02	5.21e-01	3.77e-01	5.95e-02
 9.74514e+22	2.93e-11	5.07e-07	2.54e-04	8.64e-03	3.62e-02	5.32e-01	3.67e-01	5.53e-02
 9.86068e+22	3.33e-11	5.76e-07	2.91e-04	9.70e-03	3.96e-02	5.46e-01	3.54e-01	5.01e-02
 9.96948e+22	3.66e-11	6.32e-07	3.18e-04	1.05e-02	4.18e-02	5.55e-01	3.46e-01	4.70e-02
 1.00695e+23	4.10e-11	7.07e-07	3.56e-04	1.15e-02	4.50e-02	5.66e-01	3.34e-01	4.32e-02
 1.01687e+23	4.49e-11	7.72e-07	3.88e-04	1.24e-02	4.75e-02	5.73e-01	3.26e-01	4.05e-02
 1.02666e+23	4.97e-11	8.57e-07	4.33e-04	1.35e-02	5.09e-02	5.83e-01	3.15e-01	3.71e-02
 1.03652e+23	5.46e-11	9.38e-07	4.72e-04	1.45e-02	5.36e-02	5.90e-01	3.06e-01	3.48e-02
 1.04646e+23	6.08e-11	1.05e-06	5.27e-04	1.59e-02	5.73e-02	5.99e-01	2.95e-01	3.19e-02
 1.05658e+23	6.71e-11	1.15e-06	5.76e-04	1.70e-02	6.03e-02	6.06e-01	2.87e-01	2.98e-02
 1.06694e+23	7.50e-11	1.28e-06	6.46e-04	1.87e-02	6.46e-02	6.14e-01	2.75e-01	2.71e-02
 1.07743e+23	8.31e-11	1.42e-06	7.08e-04	2.00e-02	6.79e-02	6.19e-01	2.67e-01	2.52e-02
 1.08811e+23	9.34e-11	1.59e-06	7.95e-04	2.19e-02	7.26e-02	6.26e-01	2.56e-01	2.29e-02
 1.09901e+23	1.04e-10	1.76e-06	8.76e-04	2.35e-02	7.63e-02	6.31e-01	2.47e-01	2.12e-02
 1.11022e+23	1.18e-10	1.99e-06	9.88e-04	2.58e-02	8.16e-02	6.37e-01	2.35e-01	1.91e-02
 1.12166e+23	1.32e-10	2.22e-06	1.09e-03	2.78e-02	8.57e-02	6.41e-01	2.27e-01	1.76e-02
 1.13340e+23	1.51e-10	2.52e-06	1.24e-03	3.05e-02	9.17e-02	6.46e-01	2.15e-01	1.58e-02
 1.14540e+23	1.70e-10	2.82e-06	1.38e-03	3.28e-02	9.64e-02	6.48e-01	2.06e-01	1.45e-02
 1.15774e+23	1.96e-10	3.24e-06	1.57e-03	3.61e-02	1.03e-01	6.51e-01	1.95e-01	1.29e-02
 1.17023e+23	2.23e-10	3.65e-06	1.75e-03	3.89e-02	1.08e-01	6.53e-01	1.87e-01	1.18e-02
 1.18293e+23	2.59e-10	4.20e-06	2.00e-03	4.28e-02	1.15e-01	6.54e-01	1.76e-01	1.04e-02
 1.19576e+23	2.96e-10	4.74e-06	2.23e-03	4.61e-02	1.21e-01	6.54e-01	1.67e-01	9.47e-03
 1.20877e+23	3.46e-10	5.49e-06	2.56e-03	5.06e-02	1.29e-01	6.53e-01	1.57e-01	8.33e-03
 1.22150e+23	3.94e-10	6.17e-06	2.84e-03	5.42e-02	1.34e-01	6.51e-01	1.50e-01	7.61e-03
 1.23387e+23	4.57e-10	7.10e-06	3.24e-03	5.91e-02	1.42e-01	6.49e-01	1.40e-01	6.73e-03
 1.24668e+23	5.28e-10	8.06e-06	3.61e-03	6.35e-02	1.48e-01	6.45e-01	1.33e-01	6.09e-03
 1.25761e+23	5.77e-10	8.96e-06	3.97e-03	6.75e-02	1.54e-01	6.42e-01	1.27e-01	5.56e-03
 1.26933e+23	6.70e-10	1.03e-05	4.48e-03	7.30e-02	1.61e-01	6.37e-01	1.19e-01	4.94e-03
 1.28114e+23	7.60e-10	1.15e-05	4.94e-03	7.77e-02	1.67e-01	6.32e-01	1.13e-01	4.50e-03
 1.29308e+23	8.86e-10	1.31e-05	5.57e-03	8.38e-02	1.75e-01	6.26e-01	1.06e-01	3.99e-03
 1.30538e+23	1.01e-09	1.48e-05	6.19e-03	8.94e-02	1.82e-01	6.19e-01	1.00e-01	3.58e-03
 1.31626e+23	1.15e-09	1.66e-05	6.82e-03	9.50e-02	1.88e-01	6.13e-01	9.46e-02	3.25e-03
 1.32854e+23	1.38e-09	1.91e-05	7.70e-03	1.02e-01	1.95e-01	6.04e-01	8.82e-02	2.87e-03
 1.34149e+23	1.60e-09	2.17e-05	8.59e-03	1.09e-01	2.02e-01	5.95e-01	8.25e-02	2.55e-03
 1.35327e+23	1.84e-09	2.45e-05	9.52e-03	1.16e-01	2.09e-01	5.85e-01	7.75e-02	2.28e-03
 1.36656e+23	2.20e-09	2.86e-05	1.08e-02	1.26e-01	2.17e-01	5.73e-01	7.14e-02	1.98e-03
 1.38026e+23	2.51e-09	3.27e-05	1.21e-02	1.34e-01	2.24e-01	5.62e-01	6.63e-02	1.75e-03
 1.39243e+23	2.90e-09	3.70e-05	1.34e-02	1.42e-01	2.31e-01	5.50e-01	6.18e-02	1.55e-03
 1.40619e+23	3.49e-09	4.34e-05	1.53e-02	1.53e-01	2.38e-01	5.35e-01	5.65e-02	1.33e-03
 1.42047e+23	4.11e-09	4.98e-05	1.71e-02	1.63e-01	2.45e-01	5.21e-01	5.20e-02	1.16e-03
 1.43329e+23	4.80e-09	5.68e-05	1.90e-02	1.73e-01	2.51e-01	5.07e-01	4.81e-02	1.02e-03
 1.44782e+23	5.86e-09	6.72e-05	2.17e-02	1.86e-01	2.59e-01	4.89e-01	4.33e-02	8.60e-04
 1.46283e+23	6.95e-09	7.74e-05	2.43e-02	1.98e-01	2.65e-01	4.73e-01	3.96e-02	7.42e-04
 1.47847e+23	8.63e-09	9.25e-05	2.79e-02	2.13e-01	2.71e-01	4.52e-01	3.52e-02	6.15e-04
 1.49426e+23	1.03e-08	1.07e-04	3.12e-02	2.26e-01	2.76e-01	4.35e-01	3.19e-02	5.25e-04
 1.50813e+23	1.22e-08	1.23e-04	3.47e-02	2.38e-01	2.80e-01	4.18e-01	2.89e-02	4.51e-04
 1.52402e+23	1.52e-08	1.47e-04	3.98e-02	2.55e-01	2.85e-01	3.95e-01	2.53e-02	3.66e-04
 1.54008e+23	1.82e-08	1.70e-04	4.42e-02	2.68e-01	2.88e-01	3.76e-01	2.27e-02	3.10e-04
 1.55637e+23	2.28e-08	2.04e-04	5.05e-02	2.85e-01	2.91e-01	3.53e-01	1.98e-02	2.51e-04
 1.57296e+23	2.75e-08	2.36e-04	5.62e-02	3.00e-01	2.92e-01	3.34e-01	1.76e-02	2.10e-04
 1.58993e+23	3.49e-08	2.85e-04	6.42e-02	3.18e-01	2.93e-01	3.10e-01	1.50e-02	1.65e-04
 1.60702e+23	4.21e-08	3.30e-04	7.11e-02	3.32e-01	2.92e-01	2.91e-01	1.32e-02	1.37e-04
 1.62426e+23	5.36e-08	3.97e-04	8.09e-02	3.50e-01	2.90e-01	2.68e-01	1.12e-02	1.07e-04
 1.64172e+23	6.50e-08	4.60e-04	8.93e-02	3.63e-01	2.88e-01	2.49e-01	9.77e-03	8.73e-05
 1.65947e+23	8.33e-08	5.56e-04	1.01e-01	3.81e-01	2.83e-01	2.26e-01	8.14e-03	6.69e-05
 1.67747e+23	1.02e-07	6.45e-04	1.11e-01	3.93e-01	2.78e-01	2.09e-01	7.01e-03	5.39e-05
 1.69310e+23	1.23e-07	7.43e-04	1.22e-01	4.05e-01	2.73e-01	1.93e-01	6.06e-03	4.37e-05
 1.71075e+23	1.57e-07	8.91e-04	1.37e-01	4.19e-01	2.65e-01	1.73e-01	4.98e-03	3.30e-05
 1.72759e+23	1.85e-07	1.01e-03	1.47e-01	4.28e-01	2.59e-01	1.60e-01	4.35e-03	2.72e-05
 1.74338e+23	2.30e-07	1.18e-03	1.62e-01	4.38e-01	2.51e-01	1.44e-01	3.62e-03	2.10e-05
 1.75923e+23	2.72e-07	1.33e-03	1.74e-01	4.46e-01	2.43e-01	1.33e-01	3.14e-03	1.72e-05
 1.77516e+23	3.37e-07	1.55e-03	1.90e-01	4.53e-01	2.34e-01	1.19e-01	2.59e-03	1.31e-05
 1.79145e+23	4.01e-07	1.76e-03	2.04e-01	4.59e-01	2.25e-01	1.08e-01	2.21e-03	1.05e-05
 1.80823e+23	5.00e-07	2.06e-03	2.22e-01	4.64e-01	2.14e-01	9.55e-02	1.80e-03	7.89e-06
 1.82520e+23	5.97e-07	2.34e-03	2.38e-01	4.67e-01	2.05e-01	8.61e-02	1.51e-03	6.22e-06
 1.84016e+23	7.10e-07	2.64e-03	2.53e-01	4.69e-01	1.96e-01	7.76e-02	1.28e-03	4.92e-06
 1.85734e+23	8.86e-07	3.08e-03	2.74e-01	4.70e-01	1.84e-01	6.77e-02	1.02e-03	3.63e-06
 1.87398e+23	1.04e-06	3.43e-03	2.90e-01	4.70e-01	1.75e-01	6.11e-02	8.65e-04	2.88e-06
 1.88726e+23	1.21e-06	3.80e-03	3.04e-01	4.68e-01	1.68e-01	5.55e-02	7.41e-04	2.33e-06
 1.90186e+23	1.44e-06	4.29e-03	3.22e-01	4.66e-01	1.58e-01	4.92e-02	6.10e-04	1.79e-06
 1.91672e+23	1.67e-06	4.75e-03	3.38e-01	4.63e-01	1.50e-01	4.43e-02	5.18e-04	1.43e-06
 1.92988e+23	1.94e-06	5.23e-03	3.53e-01	4.59e-01	1.42e-01	4.00e-02	4.40e-04	1.15e-06
 1.94494e+23	2.32e-06	5.90e-03	3.72e-01	4.53e-01	1.33e-01	3.51e-02	3.58e-04	8.69e-07
 1.96018e+23	2.69e-06	6.51e-03	3.89e-01	4.48e-01	1.25e-01	3.14e-02	3.00e-04	6.86e-07
 1.97358e+23	3.11e-06	7.16e-03	4.05e-01	4.42e-01	1.18e-01	2.81e-02	2.53e-04	5.44e-07
 1.98891e+23	3.71e-06	8.05e-03	4.24e-01	4.34e-01	1.09e-01	2.45e-02	2.03e-04	4.06e-07
 2.00449e+23	4.30e-06	8.86e-03	4.41e-01	4.26e-01	1.02e-01	2.17e-02	1.69e-04	3.16e-07
 2.01832e+23	4.98e-06	9.74e-03	4.57e-01	4.18e-01	9.56e-02	1.93e-02	1.40e-04	2.47e-07
 2.03421e+23	5.97e-06	1.10e-02	4.78e-01	4.07e-01	8.77e-02	1.66e-02	1.11e-04	1.81e-07
 2.05024e+23	6.93e-06	1.21e-02	4.94e-01	3.97e-01	8.15e-02	1.46e-02	9.15e-05	1.40e-07
 2.06434e+23	8.01e-06	1.32e-02	5.10e-01	3.88e-01	7.58e-02	1.29e-02	7.55e-05	0.00e+00
 2.08053e+23	9.60e-06	1.49e-02	5.30e-01	3.75e-01	6.90e-02	1.10e-02	5.92e-05	0.00e+00
 2.09702e+23	1.12e-05	1.63e-02	5.46e-01	3.64e-01	6.36e-02	9.64e-03	4.81e-05	0.00e+00
 2.11389e+23	1.34e-05	1.84e-02	5.66e-01	3.50e-01	5.74e-02	8.13e-03	3.71e-05	0.00e+00
 2.13097e+23	1.56e-05	2.02e-02	5.82e-01	3.38e-01	5.26e-02	7.05e-03	2.98e-05	0.00e+00
 2.14833e+23	1.89e-05	2.27e-02	6.01e-01	3.23e-01	4.72e-02	5.90e-03	2.27e-05	0.00e+00
 2.16602e+23	2.20e-05	2.50e-02	6.16e-01	3.11e-01	4.29e-02	5.07e-03	1.80e-05	0.00e+00
 2.18180e+23	2.56e-05	2.74e-02	6.31e-01	2.98e-01	3.91e-02	4.36e-03	1.43e-05	0.00e+00
 2.19995e+23	3.10e-05	3.09e-02	6.48e-01	2.82e-01	3.46e-02	3.60e-03	1.07e-05	0.00e+00
 2.21853e+23	3.63e-05	3.40e-02	6.62e-01	2.69e-01	3.12e-02	3.06e-03	8.34e-06	0.00e+00
 2.23270e+23	4.05e-05	3.63e-02	6.72e-01	2.60e-01	2.89e-02	2.72e-03	6.99e-06	0.00e+00
 2.24615e+23	4.66e-05	3.95e-02	6.83e-01	2.49e-01	2.63e-02	2.35e-03	5.59e-06	0.00e+00
 2.25990e+23	5.19e-05	4.22e-02	6.92e-01	2.40e-01	2.44e-02	2.09e-03	4.67e-06	0.00e+00
 2.27403e+23	5.99e-05	4.60e-02	7.02e-01	2.28e-01	2.20e-02	1.79e-03	3.69e-06	0.00e+00
 2.28832e+23	6.73e-05	4.93e-02	7.10e-01	2.19e-01	2.02e-02	1.57e-03	3.04e-06	0.00e+00
 2.30283e+23	7.76e-05	5.37e-02	7.19e-01	2.07e-01	1.83e-02	1.34e-03	2.39e-06	0.00e+00
 2.31764e+23	8.75e-05	5.76e-02	7.27e-01	1.98e-01	1.67e-02	1.17e-03	1.94e-06	0.00e+00
 2.33287e+23	1.02e-04	6.31e-02	7.35e-01	1.86e-01	1.49e-02	9.82e-04	1.49e-06	0.00e+00
 2.34814e+23	1.14e-04	6.75e-02	7.41e-01	1.77e-01	1.35e-02	8.55e-04	1.21e-06	0.00e+00
 2.36348e+23	1.33e-04	7.39e-02	7.47e-01	1.66e-01	1.20e-02	7.15e-04	9.25e-07	0.00e+00
 2.37901e+23	1.50e-04	7.90e-02	7.52e-01	1.57e-01	1.09e-02	6.19e-04	7.45e-07	0.00e+00
 2.39478e+23	1.74e-04	8.62e-02	7.57e-01	1.47e-01	9.69e-03	5.17e-04	5.68e-07	0.00e+00
 2.41109e+23	1.97e-04	9.27e-02	7.60e-01	1.38e-01	8.70e-03	4.41e-04	4.47e-07	0.00e+00
 2.42810e+23	2.32e-04	1.02e-01	7.63e-01	1.27e-01	7.59e-03	3.59e-04	3.30e-07	0.00e+00
 2.44522e+23	2.63e-04	1.09e-01	7.64e-01	1.19e-01	6.79e-03	3.05e-04	2.58e-07	0.00e+00
 2.46248e+23	3.09e-04	1.20e-01	7.64e-01	1.09e-01	5.91e-03	2.47e-04	1.89e-07	0.00e+00
 2.48016e+23	3.53e-04	1.29e-01	7.64e-01	1.01e-01	5.24e-03	2.07e-04	1.45e-07	0.00e+00
 2.49838e+23	4.20e-04	1.43e-01	7.60e-01	9.16e-02	4.49e-03	1.64e-04	0.00e+00	0.00e+00
 2.51656e+23	4.79e-04	1.53e-01	7.57e-01	8.46e-02	3.98e-03	1.37e-04	0.00e+00	0.00e+00
 2.53467e+23	5.69e-04	1.69e-01	7.51e-01	7.59e-02	3.40e-03	1.08e-04	0.00e+00	0.00e+00
 2.55292e+23	6.51e-04	1.82e-01	7.45e-01	6.95e-02	2.99e-03	8.94e-05	0.00e+00	0.00e+00
 2.57132e+23	7.76e-04	2.01e-01	7.34e-01	6.16e-02	2.54e-03	6.95e-05	0.00e+00	0.00e+00
 2.58982e+23	8.91e-04	2.16e-01	7.25e-01	5.59e-02	2.22e-03	5.68e-05	0.00e+00	0.00e+00
 2.60843e+23	1.07e-03	2.40e-01	7.09e-01	4.88e-02	1.86e-03	4.33e-05	0.00e+00	0.00e+00
 2.62701e+23	1.23e-03	2.58e-01	6.96e-01	4.38e-02	1.63e-03	3.50e-05	0.00e+00	0.00e+00
 2.64555e+23	1.49e-03	2.86e-01	6.74e-01	3.76e-02	1.35e-03	2.62e-05	0.00e+00	0.00e+00
 2.66414e+23	1.73e-03	3.08e-01	6.56e-01	3.32e-02	1.17e-03	2.08e-05	0.00e+00	0.00e+00
 2.68279e+23	2.11e-03	3.41e-01	6.28e-01	2.80e-02	9.57e-04	1.51e-05	0.00e+00	0.00e+00
 2.70149e+23	2.46e-03	3.69e-01	6.04e-01	2.42e-02	8.16e-04	1.17e-05	0.00e+00	0.00e+00
 2.72023e+23	3.00e-03	4.07e-01	5.69e-01	1.99e-02	6.59e-04	8.29e-06	0.00e+00	0.00e+00
 2.73915e+23	3.55e-03	4.41e-01	5.38e-01	1.67e-02	5.49e-04	6.14e-06	0.00e+00	0.00e+00
 2.75832e+23	4.38e-03	4.87e-01	4.95e-01	1.32e-02	4.31e-04	4.13e-06	0.00e+00	0.00e+00
 2.77769e+23	5.25e-03	5.27e-01	4.57e-01	1.06e-02	3.47e-04	2.89e-06	0.00e+00	0.00e+00
 2.79471e+23	6.27e-03	5.68e-01	4.17e-01	8.49e-03	2.77e-04	1.99e-06	0.00e+00	0.00e+00
 2.81159e+23	7.48e-03	6.10e-01	3.75e-01	6.65e-03	2.18e-04	1.34e-06	0.00e+00	0.00e+00
 2.82640e+23	8.65e-03	6.44e-01	3.41e-01	5.37e-03	1.77e-04	9.58e-07	0.00e+00	0.00e+00
 2.84115e+23	1.03e-02	6.85e-01	3.00e-01	4.09e-03	1.35e-04	6.21e-07	0.00e+00	0.00e+00
 2.85652e+23	1.21e-02	7.23e-01	2.62e-01	3.10e-03	1.03e-04	4.02e-07	0.00e+00	0.00e+00
 2.87028e+23	1.41e-02	7.57e-01	2.26e-01	2.33e-03	7.77e-05	2.58e-07	0.00e+00	0.00e+00
 2.88575e+23	1.72e-02	7.97e-01	1.85e-01	1.60e-03	5.29e-05	1.43e-07	0.00e+00	0.00e+00
 2.90144e+23	2.08e-02	8.30e-01	1.48e-01	1.08e-03	3.55e-05	0.00e+00	0.00e+00	0.00e+00
 2.91390e+23	2.44e-02	8.54e-01	1.20e-01	7.63e-04	2.46e-05	0.00e+00	0.00e+00	0.00e+00
 2.92452e+23	2.84e-02	8.73e-01	9.79e-02	5.47e-04	1.70e-05	0.00e+00	0.00e+00	0.00e+00
 2.93473e+23	3.33e-02	8.89e-01	7.77e-02	3.84e-04	1.14e-05	0.00e+00	0.00e+00	0.00e+00
 2.94453e+23	3.90e-02	9.00e-01	6.08e-02	2.69e-04	7.45e-06	0.00e+00	0.00e+00	0.00e+00
 2.95354e+23	4.60e-02	9.07e-01	4.70e-02	1.89e-04	4.78e-06	0.00e+00	0.00e+00	0.00e+00
 2.96155e+23	5.40e-02	9.10e-01	3.63e-02	1.37e-04	3.08e-06	0.00e+00	0.00e+00	0.00e+00
 2.96855e+23	6.31e-02	9.09e-01	2.82e-02	1.01e-04	2.02e-06	0.00e+00	0.00e+00	0.00e+00
 2.97479e+23	7.33e-02	9.04e-01	2.21e-02	7.75e-05	1.34e-06	0.00e+00	0.00e+00	0.00e+00
 2.98051e+23	8.49e-02	8.98e-01	1.74e-02	6.05e-05	9.01e-07	0.00e+00	0.00e+00	0.00e+00
 2.98593e+23	9.88e-02	8.88e-01	1.36e-02	4.77e-05	6.02e-07	0.00e+00	0.00e+00	0.00e+00
 2.99101e+23	1.15e-01	8.74e-01	1.06e-02	3.82e-05	4.06e-07	0.00e+00	0.00e+00	0.00e+00
 2.99560e+23	1.33e-01	8.58e-01	8.41e-03	3.14e-05	2.80e-07	0.00e+00	0.00e+00	0.00e+00
 2.99977e+23	1.52e-01	8.41e-01	6.73e-03	2.62e-05	1.98e-07	0.00e+00	0.00e+00	0.00e+00
 3.00349e+23	1.73e-01	8.22e-01	5.47e-03	2.25e-05	1.45e-07	0.00e+00	0.00e+00	0.00e+00
 3.00672e+23	1.92e-01	8.03e-01	4.56e-03	1.97e-05	0.00e+00	0.00e+00	0.00e+00	0.00e+00
 3.00918e+23	2.08e-01	7.88e-01	3.97e-03	1.79e-05	0.00e+00	0.00e+00	0.00e+00	0.00e+00
 3.01103e+23	2.22e-01	7.75e-01	3.56e-03	1.66e-05	0.00e+00	0.00e+00	0.00e+00	0.00e+00
 3.01291e+23	2.36e-01	7.61e-01	3.18e-03	1.54e-05	0.00e+00	0.00e+00	0.00e+00	0.00e+00
 3.01506e+23	2.53e-01	7.44e-01	2.79e-03	1.42e-05	0.00e+00	0.00e+00	0.00e+00	0.00e+00
 3.01744e+23	2.73e-01	7.25e-01	2.41e-03	1.30e-05	0.00e+00	0.00e+00	0.00e+00	0.00e+00
 3.01987e+23	2.94e-01	7.04e-01	2.08e-03	1.19e-05	0.00e+00	0.00e+00	0.00e+00	0.00e+00
 3.02214e+23	3.14e-01	6.84e-01	1.82e-03	1.10e-05	0.00e+00	0.00e+00	0.00e+00	0.00e+00
 3.02387e+23	3.28e-01	6.70e-01	1.65e-03	1.04e-05	0.00e+00	0.00e+00	0.00e+00	0.00e+00
 3.02506e+23	3.39e-01	6.60e-01	1.54e-03	9.96e-06	0.00e+00	0.00e+00	0.00e+00	0.00e+00
 3.02624e+23	3.50e-01	6.49e-01	1.43e-03	9.58e-06	0.00e+00	0.00e+00	0.00e+00	0.00e+00
 3.02765e+23	3.63e-01	6.36e-01	1.31e-03	9.14e-06	0.00e+00	0.00e+00	0.00e+00	0.00e+00
 3.02920e+23	3.78e-01	6.21e-01	1.20e-03	8.69e-06	0.00e+00	0.00e+00	0.00e+00	0.00e+00
 3.03069e+23	3.91e-01	6.08e-01	1.10e-03	8.29e-06	0.00e+00	0.00e+00	0.00e+00	0.00e+00
 3.03216e+23	4.05e-01	5.94e-01	1.00e-03	7.92e-06	0.00e+00	0.00e+00	0.00e+00	0.00e+00
 3.03368e+23	4.19e-01	5.80e-01	9.17e-04	7.55e-06	0.00e+00	0.00e+00	0.00e+00	0.00e+00
 3.03523e+23	4.33e-01	5.66e-01	8.37e-04	7.21e-06	0.00e+00	0.00e+00	0.00e+00	0.00e+00
 3.03681e+23	4.48e-01	5.52e-01	7.63e-04	6.88e-06	0.00e+00	0.00e+00	0.00e+00	0.00e+00
 3.03845e+23	4.62e-01	5.37e-01	6.94e-04	6.55e-06	0.00e+00	0.00e+00	0.00e+00	0.00e+00
 3.04013e+23	4.77e-01	5.22e-01	6.30e-04	6.24e-06	0.00e+00	0.00e+00	0.00e+00	0.00e+00
 3.04185e+23	4.93e-01	5.07e-01	5.70e-04	5.94e-06	0.00e+00	0.00e+00	0.00e+00	0.00e+00
 3.04360e+23	5.08e-01	4.92e-01	5.17e-04	5.66e-06	0.00e+00	0.00e+00	0.00e+00	0.00e+00
 3.04538e+23	5.23e-01	4.76e-01	4.68e-04	5.39e-06	0.00e+00	0.00e+00	0.00e+00	0.00e+00
 3.04724e+23	5.39e-01	4.61e-01	4.22e-04	5.13e-06	0.00e+00	0.00e+00	0.00e+00	0.00e+00
 3.04916e+23	5.54e-01	4.45e-01	3.80e-04	4.87e-06	0.00e+00	0.00e+00	0.00e+00	0.00e+00
 3.05112e+23	5.70e-01	4.30e-01	3.42e-04	4.63e-06	0.00e+00	0.00e+00	0.00e+00	0.00e+00
 3.05312e+23	5.85e-01	4.14e-01	3.08e-04	4.40e-06	0.00e+00	0.00e+00	0.00e+00	0.00e+00
 3.05520e+23	6.01e-01	3.99e-01	2.76e-04	4.17e-06	0.00e+00	0.00e+00	0.00e+00	0.00e+00
 3.05735e+23	6.16e-01	3.83e-01	2.48e-04	3.95e-06	0.00e+00	0.00e+00	0.00e+00	0.00e+00
 3.05955e+23	6.32e-01	3.68e-01	2.22e-04	3.75e-06	0.00e+00	0.00e+00	0.00e+00	0.00e+00
 3.06180e+23	6.47e-01	3.53e-01	2.00e-04	3.55e-06	0.00e+00	0.00e+00	0.00e+00	0.00e+00
 3.06415e+23	6.62e-01	3.38e-01	1.79e-04	3.36e-06	0.00e+00	0.00e+00	0.00e+00	0.00e+00
 3.06659e+23	6.76e-01	3.23e-01	1.61e-04	3.18e-06	0.00e+00	0.00e+00	0.00e+00	0.00e+00
 3.06910e+23	6.91e-01	3.09e-01	1.44e-04	3.01e-06	0.00e+00	0.00e+00	0.00e+00	0.00e+00
 3.07168e+23	7.05e-01	2.95e-01	1.29e-04	2.84e-06	0.00e+00	0.00e+00	0.00e+00	0.00e+00
 3.07435e+23	7.19e-01	2.81e-01	1.17e-04	2.69e-06	0.00e+00	0.00e+00	0.00e+00	0.00e+00
 3.07710e+23	7.32e-01	2.67e-01	1.05e-04	2.54e-06	0.00e+00	0.00e+00	0.00e+00	0.00e+00
 3.07990e+23	7.45e-01	2.55e-01	9.54e-05	2.40e-06	0.00e+00	0.00e+00	0.00e+00	0.00e+00
 3.08274e+23	7.57e-01	2.43e-01	8.68e-05	2.27e-06	0.00e+00	0.00e+00	0.00e+00	0.00e+00
 3.08492e+23	7.66e-01	2.33e-01	8.12e-05	2.18e-06	0.00e+00	0.00e+00	0.00e+00	0.00e+00
