#depth	He	He+	He+2
 1.54284e+22	2.80e-09	8.00e-05	1.00e+00
 3.43084e+22	5.08e-09	1.27e-04	1.00e+00
 3.94858e+22	6.38e-09	1.55e-04	1.00e+00
 4.20745e+22	7.17e-09	1.70e-04	1.00e+00
 4.32205e+22	7.45e-09	1.75e-04	1.00e+00
 4.38717e+22	7.80e-09	1.81e-04	1.00e+00
 4.46070e+22	8.18e-09	1.88e-04	1.00e+00
 4.53366e+22	8.56e-09	1.95e-04	1.00e+00
 4.61701e+22	9.08e-09	2.04e-04	1.00e+00
 4.70051e+22	9.51e-09	2.12e-04	1.00e+00
 4.78423e+22	1.01e-08	2.22e-04	1.00e+00
 4.86902e+22	1.05e-08	2.30e-04	1.00e+00
 4.95522e+22	1.12e-08	2.42e-04	1.00e+00
 5.04251e+22	1.17e-08	2.51e-04	1.00e+00
 5.13120e+22	1.24e-08	2.65e-04	1.00e+00
 5.21587e+22	1.29e-08	2.74e-04	1.00e+00
 5.29531e+22	1.35e-08	2.87e-04	1.00e+00
 5.37506e+22	1.41e-08	2.97e-04	1.00e+00
 5.45522e+22	1.47e-08	3.12e-04	1.00e+00
 5.53655e+22	1.53e-08	3.24e-04	1.00e+00
 5.61941e+22	1.60e-08	3.41e-04	1.00e+00
 5.70324e+22	1.66e-08	3.55e-04	1.00e+00
 5.78834e+22	1.73e-08	3.74e-04	1.00e+00
 5.87462e+22	1.79e-08	3.90e-04	1.00e+00
 5.96241e+22	1.86e-08	4.12e-04	1.00e+00
 6.05205e+22	1.92e-08	4.31e-04	1.00e+00
 6.14409e+22	1.98e-08	4.58e-04	1.00e+00
 6.23807e+22	2.04e-08	4.80e-04	1.00e+00
 6.33139e+22	2.09e-08	5.10e-04	9.99e-01
 6.42002e+22	2.13e-08	5.32e-04	9.99e-01
 6.50574e+22	2.17e-08	5.64e-04	9.99e-01
 6.59311e+22	2.20e-08	5.91e-04	9.99e-01
 6.67878e+22	2.22e-08	6.25e-04	9.99e-01
 6.76621e+22	2.24e-08	6.56e-04	9.99e-01
 6.85147e+22	2.25e-08	6.92e-04	9.99e-01
 6.93852e+22	2.26e-08	7.29e-04	9.99e-01
 7.02476e+22	2.27e-08	7.68e-04	9.99e-01
 7.11144e+22	2.27e-08	8.09e-04	9.99e-01
 7.19714e+22	2.27e-08	8.52e-04	9.99e-01
 7.28270e+22	2.27e-08	8.96e-04	9.99e-01
 7.36842e+22	2.28e-08	9.44e-04	9.99e-01
 7.45449e+22	2.29e-08	9.93e-04	9.99e-01
 7.54109e+22	2.30e-08	1.05e-03	9.99e-01
 7.62849e+22	2.33e-08	1.10e-03	9.99e-01
 7.71694e+22	2.36e-08	1.16e-03	9.99e-01
 7.80586e+22	2.41e-08	1.22e-03	9.99e-01
 7.89623e+22	2.47e-08	1.29e-03	9.99e-01
 7.98767e+22	2.55e-08	1.35e-03	9.99e-01
 8.08090e+22	2.65e-08	1.43e-03	9.99e-01
 8.16765e+22	2.76e-08	1.49e-03	9.99e-01
 8.25685e+22	2.91e-08	1.58e-03	9.98e-01
 8.34756e+22	3.05e-08	1.65e-03	9.98e-01
 8.44066e+22	3.27e-08	1.75e-03	9.98e-01
 8.53424e+22	3.46e-08	1.82e-03	9.98e-01
 8.62847e+22	3.75e-08	1.93e-03	9.98e-01
 8.72328e+22	4.00e-08	2.01e-03	9.98e-01
 8.81884e+22	4.37e-08	2.13e-03	9.98e-01
 8.91521e+22	4.69e-08	2.22e-03	9.98e-01
 9.01264e+22	5.17e-08	2.35e-03	9.98e-01
 9.11131e+22	5.58e-08	2.46e-03	9.98e-01
 9.21159e+22	6.19e-08	2.60e-03	9.97e-01
 9.31355e+22	6.72e-08	2.72e-03	9.97e-01
 9.41767e+22	7.49e-08	2.88e-03	9.97e-01
 9.52400e+22	8.18e-08	3.02e-03	9.97e-01
 9.63319e+22	9.18e-08	3.21e-03	9.97e-01
 9.74514e+22	1.01e-07	3.36e-03	9.97e-01
 9.86068e+22	1.14e-07	3.58e-03	9.96e-01
 9.96948e+22	1.23e-07	3.73e-03	9.96e-01
 1.00695e+23	1.37e-07	3.93e-03	9.96e-01
 1.01687e+23	1.48e-07	4.09e-03	9.96e-01
 1.02666e+23	1.64e-07	4.31e-03	9.96e-01
 1.03652e+23	1.77e-07	4.48e-03	9.96e-01
 1.04646e+23	1.97e-07	4.71e-03	9.95e-01
 1.05658e+23	2.13e-07	4.90e-03	9.95e-01
 1.06694e+23	2.37e-07	5.17e-03	9.95e-01
 1.07743e+23	2.58e-07	5.39e-03	9.95e-01
 1.08811e+23	2.87e-07	5.69e-03	9.94e-01
 1.09901e+23	3.12e-07	5.93e-03	9.94e-01
 1.11022e+23	3.50e-07	6.28e-03	9.94e-01
 1.12166e+23	3.82e-07	6.55e-03	9.93e-01
 1.13340e+23	4.30e-07	6.95e-03	9.93e-01
 1.14540e+23	4.71e-07	7.27e-03	9.93e-01
 1.15774e+23	5.32e-07	7.72e-03	9.92e-01
 1.17023e+23	5.83e-07	8.08e-03	9.92e-01
 1.18293e+23	6.60e-07	8.60e-03	9.91e-01
 1.19576e+23	7.25e-07	9.00e-03	9.91e-01
 1.20877e+23	8.22e-07	9.58e-03	9.90e-01
 1.22150e+23	8.97e-07	1.00e-02	9.90e-01
 1.23387e+23	1.01e-06	1.06e-02	9.89e-01
 1.24668e+23	1.11e-06	1.11e-02	9.89e-01
 1.25761e+23	1.21e-06	1.16e-02	9.88e-01
 1.26933e+23	1.34e-06	1.22e-02	9.88e-01
 1.28114e+23	1.46e-06	1.28e-02	9.87e-01
 1.29308e+23	1.63e-06	1.35e-02	9.87e-01
 1.30538e+23	1.79e-06	1.41e-02	9.86e-01
 1.31626e+23	1.95e-06	1.47e-02	9.85e-01
 1.32854e+23	2.17e-06	1.55e-02	9.84e-01
 1.34149e+23	2.40e-06	1.63e-02	9.84e-01
 1.35327e+23	2.63e-06	1.71e-02	9.83e-01
 1.36656e+23	2.95e-06	1.81e-02	9.82e-01
 1.38026e+23	3.27e-06	1.90e-02	9.81e-01
 1.39243e+23	3.60e-06	1.99e-02	9.80e-01
 1.40619e+23	4.05e-06	2.11e-02	9.79e-01
 1.42047e+23	4.51e-06	2.23e-02	9.78e-01
 1.43329e+23	4.97e-06	2.34e-02	9.77e-01
 1.44782e+23	5.65e-06	2.49e-02	9.75e-01
 1.46283e+23	6.29e-06	2.62e-02	9.74e-01
 1.47847e+23	7.20e-06	2.80e-02	9.72e-01
 1.49426e+23	8.05e-06	2.96e-02	9.70e-01
 1.50813e+23	8.94e-06	3.12e-02	9.69e-01
 1.52402e+23	1.03e-05	3.34e-02	9.67e-01
 1.54008e+23	1.15e-05	3.53e-02	9.65e-01
 1.55637e+23	1.32e-05	3.78e-02	9.62e-01
 1.57296e+23	1.48e-05	4.00e-02	9.60e-01
 1.58993e+23	1.72e-05	4.30e-02	9.57e-01
 1.60702e+23	1.93e-05	4.54e-02	9.55e-01
 1.62426e+23	2.24e-05	4.89e-02	9.51e-01
 1.64172e+23	2.51e-05	5.17e-02	9.48e-01
 1.65947e+23	2.93e-05	5.57e-02	9.44e-01
 1.67747e+23	3.30e-05	5.90e-02	9.41e-01
 1.69310e+23	3.70e-05	6.24e-02	9.38e-01
 1.71075e+23	4.30e-05	6.71e-02	9.33e-01
 1.72759e+23	4.76e-05	7.04e-02	9.30e-01
 1.74338e+23	5.43e-05	7.51e-02	9.25e-01
 1.75923e+23	6.01e-05	7.88e-02	9.21e-01
 1.77516e+23	6.87e-05	8.40e-02	9.16e-01
 1.79145e+23	7.64e-05	8.84e-02	9.12e-01
 1.80823e+23	8.75e-05	9.43e-02	9.06e-01
 1.82520e+23	9.77e-05	9.93e-02	9.01e-01
 1.84016e+23	1.09e-04	1.04e-01	8.95e-01
 1.85734e+23	1.25e-04	1.11e-01	8.88e-01
 1.87398e+23	1.38e-04	1.17e-01	8.83e-01
 1.88726e+23	1.51e-04	1.22e-01	8.78e-01
 1.90186e+23	1.69e-04	1.28e-01	8.71e-01
 1.91672e+23	1.85e-04	1.34e-01	8.66e-01
 1.92988e+23	2.03e-04	1.40e-01	8.60e-01
 1.94494e+23	2.27e-04	1.47e-01	8.52e-01
 1.96018e+23	2.49e-04	1.54e-01	8.46e-01
 1.97358e+23	2.73e-04	1.60e-01	8.39e-01
 1.98891e+23	3.05e-04	1.69e-01	8.31e-01
 2.00449e+23	3.35e-04	1.76e-01	8.23e-01
 2.01832e+23	3.67e-04	1.84e-01	8.16e-01
 2.03421e+23	4.12e-04	1.93e-01	8.06e-01
 2.05024e+23	4.52e-04	2.02e-01	7.98e-01
 2.06434e+23	4.96e-04	2.10e-01	7.90e-01
 2.08053e+23	5.56e-04	2.21e-01	7.79e-01
 2.09702e+23	6.11e-04	2.30e-01	7.69e-01
 2.11389e+23	6.87e-04	2.42e-01	7.57e-01
 2.13097e+23	7.57e-04	2.52e-01	7.47e-01
 2.14833e+23	8.51e-04	2.65e-01	7.34e-01
 2.16602e+23	9.39e-04	2.77e-01	7.22e-01
 2.18180e+23	1.03e-03	2.88e-01	7.11e-01
 2.19995e+23	1.16e-03	3.03e-01	6.96e-01
 2.21853e+23	1.29e-03	3.15e-01	6.83e-01
 2.23270e+23	1.38e-03	3.25e-01	6.74e-01
 2.24615e+23	1.51e-03	3.36e-01	6.62e-01
 2.25990e+23	1.61e-03	3.46e-01	6.53e-01
 2.27403e+23	1.76e-03	3.58e-01	6.40e-01
 2.28832e+23	1.90e-03	3.69e-01	6.29e-01
 2.30283e+23	2.07e-03	3.82e-01	6.16e-01
 2.31764e+23	2.23e-03	3.94e-01	6.04e-01
 2.33287e+23	2.45e-03	4.08e-01	5.89e-01
 2.34814e+23	2.64e-03	4.20e-01	5.77e-01
 2.36348e+23	2.90e-03	4.36e-01	5.61e-01
 2.37901e+23	3.12e-03	4.48e-01	5.49e-01
 2.39478e+23	3.42e-03	4.64e-01	5.33e-01
 2.41109e+23	3.70e-03	4.78e-01	5.19e-01
 2.42810e+23	4.08e-03	4.95e-01	5.01e-01
 2.44522e+23	4.42e-03	5.10e-01	4.85e-01
 2.46248e+23	4.87e-03	5.28e-01	4.67e-01
 2.48016e+23	5.30e-03	5.44e-01	4.50e-01
 2.49838e+23	5.88e-03	5.64e-01	4.30e-01
 2.51656e+23	6.37e-03	5.81e-01	4.13e-01
 2.53467e+23	7.06e-03	6.01e-01	3.92e-01
 2.55292e+23	7.67e-03	6.18e-01	3.74e-01
 2.57132e+23	8.51e-03	6.39e-01	3.53e-01
 2.58982e+23	9.25e-03	6.56e-01	3.34e-01
 2.60843e+23	1.03e-02	6.78e-01	3.12e-01
 2.62701e+23	1.12e-02	6.95e-01	2.94e-01
 2.64555e+23	1.25e-02	7.16e-01	2.71e-01
 2.66414e+23	1.36e-02	7.33e-01	2.53e-01
 2.68279e+23	1.52e-02	7.54e-01	2.31e-01
 2.70149e+23	1.66e-02	7.71e-01	2.13e-01
 2.72023e+23	1.85e-02	7.89e-01	1.92e-01
 2.73915e+23	2.04e-02	8.05e-01	1.75e-01
 2.75832e+23	2.29e-02	8.22e-01	1.55e-01
 2.77769e+23	2.53e-02	8.36e-01	1.39e-01
 2.79471e+23	2.79e-02	8.47e-01	1.25e-01
 2.81159e+23	3.07e-02	8.58e-01	1.11e-01
 2.82640e+23	3.32e-02	8.65e-01	1.01e-01
 2.84115e+23	3.66e-02	8.73e-01	9.08e-02
 2.85652e+23	4.01e-02	8.78e-01	8.15e-02
 2.87028e+23	4.39e-02	8.82e-01	7.37e-02
 2.88575e+23	4.93e-02	8.86e-01	6.51e-02
 2.90144e+23	5.49e-02	8.87e-01	5.82e-02
 2.91390e+23	6.02e-02	8.87e-01	5.32e-02
 2.92452e+23	6.57e-02	8.85e-01	4.92e-02
 2.93473e+23	7.21e-02	8.82e-01	4.56e-02
 2.94453e+23	7.91e-02	8.78e-01	4.26e-02
 2.95354e+23	8.68e-02	8.73e-01	4.00e-02
 2.96155e+23	9.48e-02	8.67e-01	3.80e-02
 2.96855e+23	1.03e-01	8.61e-01	3.64e-02
 2.97479e+23	1.12e-01	8.53e-01	3.51e-02
 2.98051e+23	1.20e-01	8.45e-01	3.41e-02
 2.98593e+23	1.30e-01	8.37e-01	3.33e-02
 2.99101e+23	1.40e-01	8.27e-01	3.26e-02
 2.99560e+23	1.50e-01	8.17e-01	3.22e-02
 2.99977e+23	1.61e-01	8.07e-01	3.20e-02
 3.00349e+23	1.71e-01	7.97e-01	3.18e-02
 3.00672e+23	1.80e-01	7.88e-01	3.19e-02
 3.00918e+23	1.87e-01	7.81e-01	3.20e-02
 3.01103e+23	1.93e-01	7.75e-01	3.20e-02
 3.01291e+23	1.99e-01	7.69e-01	3.20e-02
 3.01506e+23	2.07e-01	7.61e-01	3.20e-02
 3.01744e+23	2.16e-01	7.52e-01	3.20e-02
 3.01987e+23	2.25e-01	7.43e-01	3.22e-02
 3.02214e+23	2.34e-01	7.34e-01	3.23e-02
 3.02387e+23	2.40e-01	7.27e-01	3.25e-02
 3.02506e+23	2.45e-01	7.22e-01	3.25e-02
 3.02624e+23	2.51e-01	7.17e-01	3.26e-02
 3.02765e+23	2.57e-01	7.10e-01	3.25e-02
 3.02920e+23	2.65e-01	7.03e-01	3.25e-02
 3.03069e+23	2.71e-01	6.96e-01	3.26e-02
 3.03216e+23	2.78e-01	6.89e-01	3.25e-02
 3.03368e+23	2.86e-01	6.81e-01	3.24e-02
 3.03523e+23	2.94e-01	6.74e-01	3.24e-02
 3.03681e+23	3.02e-01	6.65e-01	3.23e-02
 3.03845e+23	3.11e-01	6.57e-01	3.22e-02
 3.04013e+23	3.20e-01	6.48e-01	3.21e-02
 3.04185e+23	3.30e-01	6.38e-01	3.19e-02
 3.04360e+23	3.40e-01	6.28e-01	3.17e-02
 3.04538e+23	3.50e-01	6.18e-01	3.15e-02
 3.04724e+23	3.61e-01	6.08e-01	3.12e-02
 3.04916e+23	3.73e-01	5.96e-01	3.09e-02
 3.05112e+23	3.84e-01	5.85e-01	3.06e-02
 3.05312e+23	3.97e-01	5.73e-01	3.03e-02
 3.05520e+23	4.10e-01	5.61e-01	2.98e-02
 3.05735e+23	4.23e-01	5.48e-01	2.94e-02
 3.05955e+23	4.37e-01	5.34e-01	2.89e-02
 3.06180e+23	4.51e-01	5.21e-01	2.84e-02
 3.06415e+23	4.66e-01	5.07e-01	2.78e-02
 3.06659e+23	4.81e-01	4.92e-01	2.71e-02
 3.06910e+23	4.96e-01	4.77e-01	2.65e-02
 3.07168e+23	5.12e-01	4.62e-01	2.58e-02
 3.07435e+23	5.28e-01	4.47e-01	2.50e-02
 3.07710e+23	5.44e-01	4.32e-01	2.42e-02
 3.07990e+23	5.60e-01	4.17e-01	2.35e-02
 3.08274e+23	5.75e-01	4.02e-01	2.27e-02
 3.08492e+23	5.86e-01	3.92e-01	2.22e-02
