#depth	N	N+	N+2	N+3	N+4	N+5	N+6	N+7
 4.62852e+21	1.17e-11	2.18e-07	1.09e-04	4.01e-03	2.00e-02	4.36e-01	4.42e-01	9.74e-02
 1.02766e+22	2.93e-11	5.54e-07	2.78e-04	9.34e-03	3.84e-02	5.42e-01	3.58e-01	5.18e-02
 1.18059e+22	4.56e-11	8.58e-07	4.32e-04	1.35e-02	5.08e-02	5.83e-01	3.15e-01	3.73e-02
 1.25706e+22	5.67e-11	1.07e-06	5.36e-04	1.61e-02	5.79e-02	6.00e-01	2.94e-01	3.15e-02
 1.29195e+22	6.17e-11	1.16e-06	5.81e-04	1.71e-02	6.06e-02	6.06e-01	2.86e-01	2.96e-02
 1.31358e+22	6.86e-11	1.28e-06	6.44e-04	1.86e-02	6.43e-02	6.13e-01	2.76e-01	2.72e-02
 1.33692e+22	7.56e-11	1.41e-06	7.06e-04	2.00e-02	6.78e-02	6.19e-01	2.67e-01	2.53e-02
 1.36250e+22	8.58e-11	1.59e-06	7.94e-04	2.18e-02	7.23e-02	6.26e-01	2.56e-01	2.30e-02
 1.38897e+22	9.54e-11	1.77e-06	8.80e-04	2.36e-02	7.66e-02	6.32e-01	2.46e-01	2.11e-02
 1.41235e+22	1.06e-10	1.95e-06	9.68e-04	2.54e-02	8.05e-02	6.36e-01	2.38e-01	1.95e-02
 1.43846e+22	1.20e-10	2.21e-06	1.09e-03	2.78e-02	8.59e-02	6.41e-01	2.26e-01	1.76e-02
 1.46558e+22	1.34e-10	2.46e-06	1.21e-03	2.99e-02	9.06e-02	6.45e-01	2.17e-01	1.61e-02
 1.49400e+22	1.56e-10	2.83e-06	1.38e-03	3.29e-02	9.65e-02	6.48e-01	2.06e-01	1.44e-02
 1.52310e+22	1.76e-10	3.18e-06	1.54e-03	3.56e-02	1.02e-01	6.51e-01	1.97e-01	1.31e-02
 1.54898e+22	1.97e-10	3.54e-06	1.71e-03	3.83e-02	1.07e-01	6.53e-01	1.88e-01	1.20e-02
 1.57854e+22	2.31e-10	4.11e-06	1.96e-03	4.21e-02	1.14e-01	6.54e-01	1.78e-01	1.06e-02
 1.60869e+22	2.62e-10	4.62e-06	2.19e-03	4.54e-02	1.20e-01	6.54e-01	1.69e-01	9.62e-03
 1.63962e+22	3.11e-10	5.40e-06	2.52e-03	5.00e-02	1.28e-01	6.53e-01	1.58e-01	8.48e-03
 1.66988e+22	3.53e-10	6.07e-06	2.80e-03	5.36e-02	1.33e-01	6.52e-01	1.51e-01	7.71e-03
 1.69927e+22	4.13e-10	7.02e-06	3.20e-03	5.86e-02	1.41e-01	6.49e-01	1.41e-01	6.80e-03
 1.72944e+22	4.77e-10	7.96e-06	3.57e-03	6.30e-02	1.47e-01	6.46e-01	1.34e-01	6.16e-03
 1.75485e+22	5.33e-10	8.83e-06	3.92e-03	6.70e-02	1.53e-01	6.43e-01	1.28e-01	5.62e-03
 1.78210e+22	6.21e-10	1.01e-05	4.43e-03	7.24e-02	1.60e-01	6.38e-01	1.20e-01	5.01e-03
 1.80975e+22	7.03e-10	1.13e-05	4.89e-03	7.71e-02	1.67e-01	6.33e-01	1.14e-01	4.54e-03
 1.83414e+22	7.95e-10	1.26e-05	5.38e-03	8.20e-02	1.73e-01	6.28e-01	1.08e-01	4.13e-03
 1.86205e+22	9.31e-10	1.45e-05	6.07e-03	8.84e-02	1.80e-01	6.21e-01	1.01e-01	3.66e-03
 1.89105e+22	1.07e-09	1.64e-05	6.75e-03	9.44e-02	1.87e-01	6.13e-01	9.51e-02	3.28e-03
 1.91699e+22	1.22e-09	1.84e-05	7.46e-03	1.00e-01	1.93e-01	6.06e-01	8.99e-02	2.96e-03
 1.94623e+22	1.44e-09	2.13e-05	8.44e-03	1.08e-01	2.01e-01	5.96e-01	8.35e-02	2.60e-03
 1.97675e+22	1.67e-09	2.42e-05	9.42e-03	1.16e-01	2.08e-01	5.86e-01	7.79e-02	2.31e-03
 2.00426e+22	1.92e-09	2.74e-05	1.04e-02	1.23e-01	2.15e-01	5.77e-01	7.31e-02	2.06e-03
 2.03535e+22	2.31e-09	3.20e-05	1.19e-02	1.32e-01	2.23e-01	5.64e-01	6.72e-02	1.79e-03
 2.06742e+22	2.69e-09	3.65e-05	1.33e-02	1.41e-01	2.30e-01	5.52e-01	6.23e-02	1.57e-03
 2.09599e+22	3.12e-09	4.15e-05	1.47e-02	1.50e-01	2.36e-01	5.40e-01	5.80e-02	1.39e-03
 2.12833e+22	3.78e-09	4.87e-05	1.68e-02	1.61e-01	2.44e-01	5.24e-01	5.28e-02	1.19e-03
 2.16189e+22	4.45e-09	5.60e-05	1.88e-02	1.72e-01	2.51e-01	5.09e-01	4.85e-02	1.03e-03
 2.19202e+22	5.22e-09	6.40e-05	2.09e-02	1.82e-01	2.57e-01	4.95e-01	4.47e-02	9.04e-04
 2.22619e+22	6.41e-09	7.57e-05	2.38e-02	1.96e-01	2.63e-01	4.76e-01	4.02e-02	7.62e-04
 2.26164e+22	7.63e-09	8.76e-05	2.68e-02	2.08e-01	2.69e-01	4.59e-01	3.64e-02	6.50e-04
 2.29340e+22	9.05e-09	1.01e-04	2.98e-02	2.20e-01	2.74e-01	4.42e-01	3.33e-02	5.62e-04
 2.32931e+22	1.12e-08	1.20e-04	3.41e-02	2.36e-01	2.80e-01	4.21e-01	2.94e-02	4.64e-04
 2.36592e+22	1.34e-08	1.39e-04	3.80e-02	2.49e-01	2.84e-01	4.02e-01	2.65e-02	3.93e-04
 2.40347e+22	1.68e-08	1.66e-04	4.35e-02	2.66e-01	2.87e-01	3.80e-01	2.32e-02	3.20e-04
 2.44139e+22	2.02e-08	1.93e-04	4.85e-02	2.80e-01	2.90e-01	3.61e-01	2.07e-02	2.69e-04
 2.47982e+22	2.56e-08	2.32e-04	5.54e-02	2.98e-01	2.92e-01	3.37e-01	1.79e-02	2.15e-04
 2.51859e+22	3.08e-08	2.69e-04	6.15e-02	3.12e-01	2.92e-01	3.18e-01	1.58e-02	1.79e-04
 2.55781e+22	3.87e-08	3.24e-04	7.02e-02	3.30e-01	2.92e-01	2.94e-01	1.35e-02	1.41e-04
 2.59744e+22	4.68e-08	3.75e-04	7.76e-02	3.44e-01	2.91e-01	2.75e-01	1.19e-02	1.16e-04
 2.63760e+22	5.98e-08	4.52e-04	8.81e-02	3.61e-01	2.88e-01	2.52e-01	9.98e-03	9.00e-05
 2.67830e+22	7.27e-08	5.24e-04	9.72e-02	3.75e-01	2.85e-01	2.34e-01	8.66e-03	7.32e-05
 2.71967e+22	9.37e-08	6.34e-04	1.10e-01	3.91e-01	2.79e-01	2.12e-01	7.18e-03	5.58e-05
 2.76021e+22	1.13e-07	7.27e-04	1.20e-01	4.03e-01	2.74e-01	1.96e-01	6.23e-03	4.54e-05
 2.79965e+22	1.44e-07	8.68e-04	1.34e-01	4.17e-01	2.67e-01	1.76e-01	5.15e-03	3.46e-05
 2.83777e+22	1.71e-07	9.84e-04	1.45e-01	4.26e-01	2.61e-01	1.63e-01	4.49e-03	2.85e-05
 2.87417e+22	2.11e-07	1.15e-03	1.59e-01	4.36e-01	2.52e-01	1.48e-01	3.77e-03	2.22e-05
 2.91103e+22	2.52e-07	1.31e-03	1.71e-01	4.44e-01	2.45e-01	1.35e-01	3.24e-03	1.79e-05
 2.94340e+22	2.99e-07	1.47e-03	1.84e-01	4.50e-01	2.38e-01	1.24e-01	2.80e-03	1.46e-05
 2.98039e+22	3.73e-07	1.72e-03	2.01e-01	4.57e-01	2.27e-01	1.11e-01	2.30e-03	1.11e-05
 3.01810e+22	4.46e-07	1.95e-03	2.15e-01	4.62e-01	2.19e-01	1.00e-01	1.95e-03	8.86e-06
 3.05674e+22	5.56e-07	2.27e-03	2.33e-01	4.66e-01	2.08e-01	8.88e-02	1.59e-03	6.68e-06
 3.09610e+22	6.72e-07	2.59e-03	2.50e-01	4.68e-01	1.98e-01	7.96e-02	1.33e-03	5.21e-06
 3.13049e+22	8.00e-07	2.92e-03	2.66e-01	4.69e-01	1.89e-01	7.17e-02	1.12e-03	4.12e-06
 3.16344e+22	9.43e-07	3.26e-03	2.81e-01	4.70e-01	1.80e-01	6.48e-02	9.53e-04	3.29e-06
 3.19415e+22	1.10e-06	3.62e-03	2.95e-01	4.69e-01	1.72e-01	5.89e-02	8.16e-04	2.67e-06
 3.22339e+22	1.27e-06	3.99e-03	3.10e-01	4.67e-01	1.65e-01	5.37e-02	7.03e-04	2.17e-06
 3.25697e+22	1.52e-06	4.51e-03	3.28e-01	4.64e-01	1.55e-01	4.75e-02	5.78e-04	1.67e-06
 3.29104e+22	1.78e-06	5.00e-03	3.44e-01	4.61e-01	1.47e-01	4.28e-02	4.89e-04	1.33e-06
 3.32080e+22	2.06e-06	5.51e-03	3.59e-01	4.57e-01	1.40e-01	3.87e-02	4.17e-04	1.07e-06
 3.35453e+22	2.47e-06	6.21e-03	3.78e-01	4.51e-01	1.31e-01	3.40e-02	3.40e-04	8.12e-07
 3.38891e+22	2.87e-06	6.86e-03	3.94e-01	4.45e-01	1.23e-01	3.04e-02	2.85e-04	6.41e-07
 3.41934e+22	3.31e-06	7.54e-03	4.10e-01	4.39e-01	1.16e-01	2.73e-02	2.41e-04	5.11e-07
 3.45408e+22	3.97e-06	8.49e-03	4.29e-01	4.31e-01	1.07e-01	2.37e-02	1.94e-04	3.81e-07
 3.48931e+22	4.62e-06	9.36e-03	4.46e-01	4.23e-01	1.01e-01	2.11e-02	1.61e-04	2.98e-07
 3.52039e+22	5.32e-06	1.03e-02	4.62e-01	4.15e-01	9.43e-02	1.88e-02	1.35e-04	2.34e-07
 3.55600e+22	6.38e-06	1.16e-02	4.82e-01	4.04e-01	8.66e-02	1.62e-02	1.07e-04	1.72e-07
 3.59218e+22	7.40e-06	1.27e-02	4.98e-01	3.94e-01	8.05e-02	1.43e-02	8.81e-05	1.33e-07
 3.62427e+22	8.54e-06	1.39e-02	5.14e-01	3.85e-01	7.49e-02	1.26e-02	7.28e-05	0.00e+00
 3.66115e+22	1.03e-05	1.57e-02	5.34e-01	3.72e-01	6.82e-02	1.08e-02	5.69e-05	0.00e+00
 3.69863e+22	1.19e-05	1.72e-02	5.50e-01	3.61e-01	6.29e-02	9.41e-03	4.63e-05	0.00e+00
 3.73688e+22	1.43e-05	1.93e-02	5.69e-01	3.47e-01	5.69e-02	7.97e-03	3.59e-05	0.00e+00
 3.77605e+22	1.67e-05	2.14e-02	5.85e-01	3.35e-01	5.20e-02	6.86e-03	2.86e-05	0.00e+00
 3.81054e+22	1.94e-05	2.34e-02	6.00e-01	3.23e-01	4.77e-02	5.97e-03	2.31e-05	0.00e+00
 3.84953e+22	2.33e-05	2.63e-02	6.18e-01	3.08e-01	4.28e-02	5.00e-03	1.76e-05	0.00e+00
 3.88988e+22	2.72e-05	2.90e-02	6.33e-01	2.95e-01	3.88e-02	4.28e-03	1.39e-05	0.00e+00
 3.93199e+22	3.32e-05	3.28e-02	6.51e-01	2.79e-01	3.42e-02	3.50e-03	1.02e-05	0.00e+00
 3.97419e+22	3.87e-05	3.60e-02	6.64e-01	2.66e-01	3.10e-02	2.99e-03	8.06e-06	0.00e+00
 3.99911e+22	4.08e-05	3.72e-02	6.68e-01	2.62e-01	2.99e-02	2.83e-03	7.40e-06	0.00e+00
 4.01410e+22	4.40e-05	3.89e-02	6.74e-01	2.56e-01	2.84e-02	2.62e-03	6.56e-06	0.00e+00
 4.03357e+22	4.79e-05	4.11e-02	6.81e-01	2.49e-01	2.68e-02	2.39e-03	5.72e-06	0.00e+00
 4.05890e+22	5.36e-05	4.40e-02	6.89e-01	2.40e-01	2.49e-02	2.12e-03	4.77e-06	0.00e+00
 4.09182e+22	6.28e-05	4.85e-02	7.00e-01	2.27e-01	2.23e-02	1.79e-03	3.70e-06	0.00e+00
 4.12384e+22	6.99e-05	5.17e-02	7.07e-01	2.19e-01	2.07e-02	1.59e-03	3.09e-06	0.00e+00
 4.15468e+22	8.05e-05	5.63e-02	7.16e-01	2.08e-01	1.87e-02	1.37e-03	2.45e-06	0.00e+00
 4.18649e+22	9.04e-05	6.04e-02	7.22e-01	1.99e-01	1.72e-02	1.20e-03	2.01e-06	0.00e+00
 4.21954e+22	1.05e-04	6.60e-02	7.30e-01	1.88e-01	1.54e-02	1.02e-03	1.56e-06	0.00e+00
 4.25315e+22	1.18e-04	7.09e-02	7.35e-01	1.79e-01	1.41e-02	8.86e-04	1.27e-06	0.00e+00
 4.28746e+22	1.37e-04	7.76e-02	7.41e-01	1.68e-01	1.26e-02	7.43e-04	9.75e-07	0.00e+00
 4.32223e+22	1.55e-04	8.34e-02	7.45e-01	1.59e-01	1.14e-02	6.44e-04	7.84e-07	0.00e+00
 4.35759e+22	1.80e-04	9.12e-02	7.49e-01	1.49e-01	1.02e-02	5.38e-04	5.98e-07	0.00e+00
 4.39394e+22	2.05e-04	9.84e-02	7.51e-01	1.41e-01	9.16e-03	4.59e-04	4.72e-07	0.00e+00
 4.43159e+22	2.40e-04	1.08e-01	7.53e-01	1.30e-01	8.03e-03	3.76e-04	3.50e-07	0.00e+00
 4.46961e+22	2.74e-04	1.17e-01	7.54e-01	1.22e-01	7.20e-03	3.20e-04	2.74e-07	0.00e+00
 4.50813e+22	3.22e-04	1.28e-01	7.53e-01	1.12e-01	6.28e-03	2.60e-04	2.00e-07	0.00e+00
 4.54744e+22	3.67e-04	1.38e-01	7.51e-01	1.05e-01	5.60e-03	2.19e-04	1.55e-07	0.00e+00
 4.58777e+22	4.33e-04	1.52e-01	7.47e-01	9.55e-02	4.83e-03	1.75e-04	0.00e+00	0.00e+00
 4.62866e+22	4.95e-04	1.64e-01	7.43e-01	8.85e-02	4.28e-03	1.46e-04	0.00e+00	0.00e+00
 4.67029e+22	5.85e-04	1.81e-01	7.35e-01	7.99e-02	3.67e-03	1.16e-04	0.00e+00	0.00e+00
 4.71254e+22	6.70e-04	1.95e-01	7.28e-01	7.35e-02	3.23e-03	9.57e-05	0.00e+00	0.00e+00
 4.75562e+22	7.95e-04	2.14e-01	7.16e-01	6.58e-02	2.74e-03	7.46e-05	0.00e+00	0.00e+00
 4.79947e+22	9.11e-04	2.31e-01	7.06e-01	6.00e-02	2.39e-03	6.09e-05	0.00e+00	0.00e+00
 4.83610e+22	1.03e-03	2.46e-01	6.96e-01	5.51e-02	2.12e-03	5.09e-05	0.00e+00	0.00e+00
 4.86864e+22	1.14e-03	2.60e-01	6.86e-01	5.10e-02	1.90e-03	4.32e-05	0.00e+00	0.00e+00
 4.90406e+22	1.30e-03	2.79e-01	6.72e-01	4.62e-02	1.66e-03	3.50e-05	0.00e+00	0.00e+00
 4.95011e+22	1.55e-03	3.07e-01	6.50e-01	4.01e-02	1.37e-03	2.62e-05	0.00e+00	0.00e+00
 4.99766e+22	1.79e-03	3.30e-01	6.32e-01	3.56e-02	1.17e-03	2.07e-05	0.00e+00	0.00e+00
 5.04715e+22	2.16e-03	3.63e-01	6.04e-01	3.02e-02	9.46e-04	1.49e-05	0.00e+00	0.00e+00
 5.09794e+22	2.49e-03	3.89e-01	5.82e-01	2.64e-02	8.00e-04	1.15e-05	0.00e+00	0.00e+00
 5.15043e+22	3.03e-03	4.27e-01	5.47e-01	2.18e-02	6.31e-04	8.03e-06	0.00e+00	0.00e+00
 5.20465e+22	3.53e-03	4.58e-01	5.19e-01	1.85e-02	5.20e-04	5.97e-06	0.00e+00	0.00e+00
 5.26113e+22	4.32e-03	5.02e-01	4.78e-01	1.47e-02	3.98e-04	3.94e-06	0.00e+00	0.00e+00
 5.31998e+22	5.11e-03	5.39e-01	4.44e-01	1.21e-02	3.17e-04	2.77e-06	0.00e+00	0.00e+00
 5.38116e+22	6.32e-03	5.88e-01	3.97e-01	9.13e-03	2.32e-04	1.71e-06	0.00e+00	0.00e+00
 5.44301e+22	7.52e-03	6.27e-01	3.59e-01	7.19e-03	1.79e-04	1.14e-06	0.00e+00	0.00e+00
 5.49104e+22	8.53e-03	6.55e-01	3.31e-01	5.98e-03	1.47e-04	8.42e-07	0.00e+00	0.00e+00
 5.53802e+22	1.00e-02	6.92e-01	2.93e-01	4.61e-03	1.11e-04	5.50e-07	0.00e+00	0.00e+00
 5.58654e+22	1.16e-02	7.23e-01	2.62e-01	3.64e-03	8.70e-05	3.75e-07	0.00e+00	0.00e+00
 5.63705e+22	1.38e-02	7.60e-01	2.23e-01	2.64e-03	6.23e-05	2.25e-07	0.00e+00	0.00e+00
 5.68910e+22	1.62e-02	7.90e-01	1.92e-01	1.96e-03	4.59e-05	1.41e-07	0.00e+00	0.00e+00
 5.73497e+22	1.88e-02	8.16e-01	1.63e-01	1.46e-03	3.37e-05	0.00e+00	0.00e+00	0.00e+00
 5.77600e+22	2.14e-02	8.37e-01	1.40e-01	1.10e-03	2.53e-05	0.00e+00	0.00e+00	0.00e+00
 5.81292e+22	2.43e-02	8.55e-01	1.19e-01	8.32e-04	1.88e-05	0.00e+00	0.00e+00	0.00e+00
 5.85492e+22	2.86e-02	8.75e-01	9.57e-02	5.71e-04	1.26e-05	0.00e+00	0.00e+00	0.00e+00
 5.89866e+22	3.36e-02	8.90e-01	7.61e-02	3.93e-04	8.36e-06	0.00e+00	0.00e+00	0.00e+00
 5.93696e+22	3.91e-02	9.01e-01	6.01e-02	2.73e-04	5.54e-06	0.00e+00	0.00e+00	0.00e+00
 5.97273e+22	4.56e-02	9.07e-01	4.68e-02	1.88e-04	3.58e-06	0.00e+00	0.00e+00	0.00e+00
 6.00634e+22	5.32e-02	9.11e-01	3.60e-02	1.30e-04	2.28e-06	0.00e+00	0.00e+00	0.00e+00
 6.03751e+22	6.23e-02	9.10e-01	2.74e-02	9.06e-05	1.42e-06	0.00e+00	0.00e+00	0.00e+00
 6.06612e+22	7.31e-02	9.06e-01	2.07e-02	6.41e-05	8.79e-07	0.00e+00	0.00e+00	0.00e+00
 6.09197e+22	8.57e-02	8.99e-01	1.56e-02	4.63e-05	5.45e-07	0.00e+00	0.00e+00	0.00e+00
 6.11537e+22	1.01e-01	8.88e-01	1.18e-02	3.43e-05	3.40e-07	0.00e+00	0.00e+00	0.00e+00
 6.13669e+22	1.18e-01	8.73e-01	8.90e-03	2.60e-05	2.14e-07	0.00e+00	0.00e+00	0.00e+00
 6.15009e+22	1.30e-01	8.62e-01	7.54e-03	2.22e-05	1.64e-07	0.00e+00	0.00e+00	0.00e+00
 6.15503e+22	1.35e-01	8.58e-01	7.07e-03	2.09e-05	1.47e-07	0.00e+00	0.00e+00	0.00e+00
 6.15899e+22	1.40e-01	8.54e-01	6.66e-03	1.98e-05	1.34e-07	0.00e+00	0.00e+00	0.00e+00
 6.16412e+22	1.46e-01	8.48e-01	6.16e-03	1.85e-05	0.00e+00	0.00e+00	0.00e+00	0.00e+00
 6.17015e+22	1.54e-01	8.40e-01	5.61e-03	1.71e-05	0.00e+00	0.00e+00	0.00e+00	0.00e+00
 6.17616e+22	1.62e-01	8.32e-01	5.14e-03	1.59e-05	0.00e+00	0.00e+00	0.00e+00	0.00e+00
 6.18202e+22	1.71e-01	8.24e-01	4.69e-03	1.47e-05	0.00e+00	0.00e+00	0.00e+00	0.00e+00
 6.18795e+22	1.81e-01	8.15e-01	4.27e-03	1.36e-05	0.00e+00	0.00e+00	0.00e+00	0.00e+00
 6.19382e+22	1.91e-01	8.05e-01	3.89e-03	1.26e-05	0.00e+00	0.00e+00	0.00e+00	0.00e+00
 6.19976e+22	2.01e-01	7.95e-01	3.53e-03	1.17e-05	0.00e+00	0.00e+00	0.00e+00	0.00e+00
 6.20588e+22	2.13e-01	7.84e-01	3.19e-03	1.08e-05	0.00e+00	0.00e+00	0.00e+00	0.00e+00
 6.21214e+22	2.26e-01	7.71e-01	2.88e-03	1.00e-05	0.00e+00	0.00e+00	0.00e+00	0.00e+00
 6.21853e+22	2.40e-01	7.57e-01	2.58e-03	9.26e-06	0.00e+00	0.00e+00	0.00e+00	0.00e+00
 6.22504e+22	2.55e-01	7.43e-01	2.31e-03	8.54e-06	0.00e+00	0.00e+00	0.00e+00	0.00e+00
 6.23170e+22	2.71e-01	7.27e-01	2.05e-03	7.87e-06	0.00e+00	0.00e+00	0.00e+00	0.00e+00
 6.23856e+22	2.89e-01	7.09e-01	1.82e-03	7.24e-06	0.00e+00	0.00e+00	0.00e+00	0.00e+00
 6.24571e+22	3.08e-01	6.91e-01	1.60e-03	6.64e-06	0.00e+00	0.00e+00	0.00e+00	0.00e+00
 6.25310e+22	3.28e-01	6.70e-01	1.40e-03	6.08e-06	0.00e+00	0.00e+00	0.00e+00	0.00e+00
 6.26044e+22	3.49e-01	6.50e-01	1.23e-03	5.59e-06	0.00e+00	0.00e+00	0.00e+00	0.00e+00
 6.26617e+22	3.65e-01	6.34e-01	1.12e-03	5.25e-06	0.00e+00	0.00e+00	0.00e+00	0.00e+00
 6.27003e+22	3.76e-01	6.23e-01	1.04e-03	5.03e-06	0.00e+00	0.00e+00	0.00e+00	0.00e+00
 6.27374e+22	3.87e-01	6.12e-01	9.76e-04	4.83e-06	0.00e+00	0.00e+00	0.00e+00	0.00e+00
 6.27816e+22	4.01e-01	5.99e-01	8.99e-04	4.59e-06	0.00e+00	0.00e+00	0.00e+00	0.00e+00
 6.28301e+22	4.15e-01	5.84e-01	8.22e-04	4.35e-06	0.00e+00	0.00e+00	0.00e+00	0.00e+00
 6.28769e+22	4.29e-01	5.71e-01	7.57e-04	4.14e-06	0.00e+00	0.00e+00	0.00e+00	0.00e+00
 6.29228e+22	4.43e-01	5.57e-01	6.96e-04	3.94e-06	0.00e+00	0.00e+00	0.00e+00	0.00e+00
 6.29699e+22	4.57e-01	5.43e-01	6.39e-04	3.74e-06	0.00e+00	0.00e+00	0.00e+00	0.00e+00
 6.30178e+22	4.71e-01	5.28e-01	5.86e-04	3.56e-06	0.00e+00	0.00e+00	0.00e+00	0.00e+00
 6.30662e+22	4.86e-01	5.14e-01	5.36e-04	3.38e-06	0.00e+00	0.00e+00	0.00e+00	0.00e+00
 6.31147e+22	4.99e-01	5.00e-01	4.92e-04	3.22e-06	0.00e+00	0.00e+00	0.00e+00	0.00e+00
 6.31648e+22	5.14e-01	4.85e-01	4.49e-04	3.06e-06	0.00e+00	0.00e+00	0.00e+00	0.00e+00
 6.32174e+22	5.29e-01	4.70e-01	4.08e-04	2.90e-06	0.00e+00	0.00e+00	0.00e+00	0.00e+00
 6.32699e+22	5.44e-01	4.55e-01	3.72e-04	2.75e-06	0.00e+00	0.00e+00	0.00e+00	0.00e+00
 6.33223e+22	5.58e-01	4.41e-01	3.39e-04	2.62e-06	0.00e+00	0.00e+00	0.00e+00	0.00e+00
 6.33769e+22	5.73e-01	4.27e-01	3.08e-04	2.48e-06	0.00e+00	0.00e+00	0.00e+00	0.00e+00
 6.34340e+22	5.88e-01	4.11e-01	2.78e-04	2.35e-06	0.00e+00	0.00e+00	0.00e+00	0.00e+00
 6.34913e+22	6.03e-01	3.97e-01	2.52e-04	2.23e-06	0.00e+00	0.00e+00	0.00e+00	0.00e+00
 6.35495e+22	6.17e-01	3.83e-01	2.28e-04	2.11e-06	0.00e+00	0.00e+00	0.00e+00	0.00e+00
 6.36102e+22	6.32e-01	3.68e-01	2.06e-04	2.00e-06	0.00e+00	0.00e+00	0.00e+00	0.00e+00
 6.36731e+22	6.46e-01	3.53e-01	1.85e-04	1.89e-06	0.00e+00	0.00e+00	0.00e+00	0.00e+00
 6.37370e+22	6.61e-01	3.39e-01	1.67e-04	1.79e-06	0.00e+00	0.00e+00	0.00e+00	0.00e+00
 6.38023e+22	6.75e-01	3.25e-01	1.50e-04	1.69e-06	0.00e+00	0.00e+00	0.00e+00	0.00e+00
 6.38702e+22	6.89e-01	3.11e-01	1.34e-04	1.59e-06	0.00e+00	0.00e+00	0.00e+00	0.00e+00
 6.39401e+22	7.03e-01	2.97e-01	1.20e-04	1.50e-06	0.00e+00	0.00e+00	0.00e+00	0.00e+00
 6.40119e+22	7.16e-01	2.84e-01	1.08e-04	1.42e-06	0.00e+00	0.00e+00	0.00e+00	0.00e+00
 6.40861e+22	7.30e-01	2.70e-01	9.64e-05	1.34e-06	0.00e+00	0.00e+00	0.00e+00	0.00e+00
 6.41620e+22	7.43e-01	2.57e-01	8.62e-05	1.26e-06	0.00e+00	0.00e+00	0.00e+00	0.00e+00
 6.42399e+22	7.56e-01	2.44e-01	7.72e-05	1.18e-06	0.00e+00	0.00e+00	0.00e+00	0.00e+00
 6.43195e+22	7.68e-01	2.32e-01	6.91e-05	1.11e-06	0.00e+00	0.00e+00	0.00e+00	0.00e+00
 6.44007e+22	7.80e-01	2.20e-01	6.20e-05	1.05e-06	0.00e+00	0.00e+00	0.00e+00	0.00e+00
 6.44837e+22	7.92e-01	2.08e-01	5.57e-05	9.87e-07	0.00e+00	0.00e+00	0.00e+00	0.00e+00
 6.45673e+22	8.03e-01	1.97e-01	5.02e-05	9.30e-07	0.00e+00	0.00e+00	0.00e+00	0.00e+00
 6.46507e+22	8.14e-01	1.86e-01	4.54e-05	8.77e-07	0.00e+00	0.00e+00	0.00e+00	0.00e+00
 6.47357e+22	8.24e-01	1.76e-01	4.12e-05	8.27e-07	0.00e+00	0.00e+00	0.00e+00	0.00e+00
 6.48235e+22	8.34e-01	1.66e-01	3.75e-05	7.80e-07	0.00e+00	0.00e+00	0.00e+00	0.00e+00
 6.49124e+22	8.43e-01	1.57e-01	3.42e-05	7.35e-07	0.00e+00	0.00e+00	0.00e+00	0.00e+00
 6.50018e+22	8.52e-01	1.48e-01	3.13e-05	6.94e-07	0.00e+00	0.00e+00	0.00e+00	0.00e+00
 6.50939e+22	8.60e-01	1.40e-01	2.87e-05	6.55e-07	0.00e+00	0.00e+00	0.00e+00	0.00e+00
 6.51888e+22	8.69e-01	1.31e-01	2.64e-05	6.17e-07	0.00e+00	0.00e+00	0.00e+00	0.00e+00
 6.52848e+22	8.77e-01	1.23e-01	2.44e-05	5.82e-07	0.00e+00	0.00e+00	0.00e+00	0.00e+00
 6.53820e+22	8.84e-01	1.16e-01	2.26e-05	5.49e-07	0.00e+00	0.00e+00	0.00e+00	0.00e+00
 6.54822e+22	8.92e-01	1.08e-01	2.10e-05	5.17e-07	0.00e+00	0.00e+00	0.00e+00	0.00e+00
 6.55851e+22	8.99e-01	1.01e-01	1.96e-05	4.87e-07	0.00e+00	0.00e+00	0.00e+00	0.00e+00
 6.56861e+22	9.05e-01	9.46e-02	1.83e-05	4.61e-07	0.00e+00	0.00e+00	0.00e+00	0.00e+00
 6.57813e+22	9.11e-01	8.88e-02	1.73e-05	4.38e-07	0.00e+00	0.00e+00	0.00e+00	0.00e+00
 6.58691e+22	9.16e-01	8.38e-02	1.65e-05	4.19e-07	0.00e+00	0.00e+00	0.00e+00	0.00e+00
 6.59506e+22	9.21e-01	7.92e-02	1.58e-05	4.02e-07	0.00e+00	0.00e+00	0.00e+00	0.00e+00
 6.60260e+22	9.25e-01	7.54e-02	1.52e-05	3.87e-07	0.00e+00	0.00e+00	0.00e+00	0.00e+00
 6.60989e+22	9.28e-01	7.17e-02	1.47e-05	3.73e-07	0.00e+00	0.00e+00	0.00e+00	0.00e+00
 6.61722e+22	9.32e-01	6.83e-02	1.42e-05	3.60e-07	0.00e+00	0.00e+00	0.00e+00	0.00e+00
 6.62442e+22	9.35e-01	6.48e-02	1.37e-05	3.48e-07	0.00e+00	0.00e+00	0.00e+00	0.00e+00
 6.63115e+22	9.38e-01	6.20e-02	1.34e-05	3.37e-07	0.00e+00	0.00e+00	0.00e+00	0.00e+00
 6.63742e+22	9.41e-01	5.94e-02	1.30e-05	3.28e-07	0.00e+00	0.00e+00	0.00e+00	0.00e+00
 6.64373e+22	9.43e-01	5.68e-02	1.27e-05	3.19e-07	0.00e+00	0.00e+00	0.00e+00	0.00e+00
 6.64981e+22	9.45e-01	5.45e-02	1.24e-05	3.11e-07	0.00e+00	0.00e+00	0.00e+00	0.00e+00
 6.65555e+22	9.47e-01	5.25e-02	1.22e-05	3.04e-07	0.00e+00	0.00e+00	0.00e+00	0.00e+00
 6.66125e+22	9.49e-01	5.05e-02	1.19e-05	2.98e-07	0.00e+00	0.00e+00	0.00e+00	0.00e+00
 6.66672e+22	9.51e-01	4.87e-02	1.17e-05	2.92e-07	0.00e+00	0.00e+00	0.00e+00	0.00e+00
 6.67186e+22	9.53e-01	4.72e-02	1.15e-05	2.87e-07	0.00e+00	0.00e+00	0.00e+00	0.00e+00
 6.67690e+22	9.54e-01	4.57e-02	1.13e-05	2.83e-07	0.00e+00	0.00e+00	0.00e+00	0.00e+00
 6.68180e+22	9.56e-01	4.43e-02	1.12e-05	2.79e-07	0.00e+00	0.00e+00	0.00e+00	0.00e+00
 6.68642e+22	9.57e-01	4.31e-02	1.10e-05	2.77e-07	0.00e+00	0.00e+00	0.00e+00	0.00e+00
 6.69062e+22	9.58e-01	4.21e-02	1.09e-05	2.75e-07	0.00e+00	0.00e+00	0.00e+00	0.00e+00
 6.69444e+22	9.59e-01	4.12e-02	1.08e-05	2.73e-07	0.00e+00	0.00e+00	0.00e+00	0.00e+00
 6.69792e+22	9.60e-01	4.05e-02	1.07e-05	2.72e-07	0.00e+00	0.00e+00	0.00e+00	0.00e+00
 6.70108e+22	9.60e-01	3.98e-02	1.06e-05	2.71e-07	0.00e+00	0.00e+00	0.00e+00	0.00e+00
 6.70396e+22	9.61e-01	3.93e-02	1.05e-05	2.71e-07	0.00e+00	0.00e+00	0.00e+00	0.00e+00
 6.70658e+22	9.61e-01	3.88e-02	1.05e-05	2.71e-07	0.00e+00	0.00e+00	0.00e+00	0.00e+00
 6.70945e+22	9.62e-01	3.82e-02	1.04e-05	2.71e-07	0.00e+00	0.00e+00	0.00e+00	0.00e+00
 6.71255e+22	9.62e-01	3.77e-02	1.03e-05	2.70e-07	0.00e+00	0.00e+00	0.00e+00	0.00e+00
 6.71537e+22	9.63e-01	3.73e-02	1.03e-05	2.71e-07	0.00e+00	0.00e+00	0.00e+00	0.00e+00
 6.71794e+22	9.63e-01	3.69e-02	1.02e-05	2.72e-07	0.00e+00	0.00e+00	0.00e+00	0.00e+00
 6.72028e+22	9.63e-01	3.66e-02	1.02e-05	2.72e-07	0.00e+00	0.00e+00	0.00e+00	0.00e+00
 6.72284e+22	9.64e-01	3.62e-02	1.01e-05	2.72e-07	0.00e+00	0.00e+00	0.00e+00	0.00e+00
 6.72616e+22	9.64e-01	3.57e-02	1.00e-05	2.72e-07	0.00e+00	0.00e+00	0.00e+00	0.00e+00
 6.72976e+22	9.65e-01	3.52e-02	9.94e-06	2.73e-07	0.00e+00	0.00e+00	0.00e+00	0.00e+00
 6.73303e+22	9.65e-01	3.48e-02	9.88e-06	2.74e-07	0.00e+00	0.00e+00	0.00e+00	0.00e+00
 6.73600e+22	9.65e-01	3.45e-02	9.82e-06	2.74e-07	0.00e+00	0.00e+00	0.00e+00	0.00e+00
 6.73926e+22	9.66e-01	3.42e-02	9.75e-06	2.75e-07	0.00e+00	0.00e+00	0.00e+00	0.00e+00
 6.74278e+22	9.66e-01	3.38e-02	9.69e-06	2.75e-07	0.00e+00	0.00e+00	0.00e+00	0.00e+00
 6.74598e+22	9.66e-01	3.35e-02	9.63e-06	2.76e-07	0.00e+00	0.00e+00	0.00e+00	0.00e+00
 6.74890e+22	9.67e-01	3.33e-02	9.58e-06	2.77e-07	0.00e+00	0.00e+00	0.00e+00	0.00e+00
 6.75155e+22	9.67e-01	3.31e-02	9.54e-06	2.78e-07	0.00e+00	0.00e+00	0.00e+00	0.00e+00
 6.75446e+22	9.67e-01	3.28e-02	9.48e-06	2.78e-07	0.00e+00	0.00e+00	0.00e+00	0.00e+00
 6.75824e+22	9.68e-01	3.24e-02	9.41e-06	2.79e-07	0.00e+00	0.00e+00	0.00e+00	0.00e+00
 6.76231e+22	9.68e-01	3.21e-02	9.34e-06	2.80e-07	0.00e+00	0.00e+00	0.00e+00	0.00e+00
 6.76603e+22	9.68e-01	3.18e-02	9.28e-06	2.81e-07	0.00e+00	0.00e+00	0.00e+00	0.00e+00
 6.76940e+22	9.68e-01	3.16e-02	9.23e-06	2.81e-07	0.00e+00	0.00e+00	0.00e+00	0.00e+00
 6.77248e+22	9.69e-01	3.14e-02	9.18e-06	2.83e-07	0.00e+00	0.00e+00	0.00e+00	0.00e+00
 6.77527e+22	9.69e-01	3.12e-02	9.14e-06	2.84e-07	0.00e+00	0.00e+00	0.00e+00	0.00e+00
 6.77834e+22	9.69e-01	3.10e-02	9.10e-06	2.86e-07	0.00e+00	0.00e+00	0.00e+00	0.00e+00
 6.78165e+22	9.69e-01	3.08e-02	9.08e-06	2.88e-07	0.00e+00	0.00e+00	0.00e+00	0.00e+00
 6.78466e+22	9.69e-01	3.07e-02	9.06e-06	2.89e-07	0.00e+00	0.00e+00	0.00e+00	0.00e+00
 6.78740e+22	9.69e-01	3.05e-02	9.05e-06	2.92e-07	0.00e+00	0.00e+00	0.00e+00	0.00e+00
 6.78989e+22	9.70e-01	3.04e-02	9.03e-06	2.93e-07	0.00e+00	0.00e+00	0.00e+00	0.00e+00
 6.79263e+22	9.70e-01	3.02e-02	9.00e-06	2.94e-07	0.00e+00	0.00e+00	0.00e+00	0.00e+00
 6.79618e+22	9.70e-01	3.00e-02	8.98e-06	2.96e-07	0.00e+00	0.00e+00	0.00e+00	0.00e+00
 6.80001e+22	9.70e-01	2.98e-02	8.95e-06	2.98e-07	0.00e+00	0.00e+00	0.00e+00	0.00e+00
 6.80350e+22	9.70e-01	2.96e-02	8.93e-06	3.00e-07	0.00e+00	0.00e+00	0.00e+00	0.00e+00
 6.80668e+22	9.71e-01	2.94e-02	8.91e-06	3.01e-07	0.00e+00	0.00e+00	0.00e+00	0.00e+00
 6.80957e+22	9.71e-01	2.93e-02	8.89e-06	3.03e-07	0.00e+00	0.00e+00	0.00e+00	0.00e+00
 6.81220e+22	9.71e-01	2.92e-02	8.87e-06	3.04e-07	0.00e+00	0.00e+00	0.00e+00	0.00e+00
 6.81508e+22	9.71e-01	2.90e-02	8.86e-06	3.06e-07	0.00e+00	0.00e+00	0.00e+00	0.00e+00
 6.81819e+22	9.71e-01	2.89e-02	8.84e-06	3.08e-07	0.00e+00	0.00e+00	0.00e+00	0.00e+00
 6.82102e+22	9.71e-01	2.87e-02	8.82e-06	3.09e-07	0.00e+00	0.00e+00	0.00e+00	0.00e+00
 6.82412e+22	9.71e-01	2.85e-02	8.80e-06	3.11e-07	0.00e+00	0.00e+00	0.00e+00	0.00e+00
 6.82747e+22	9.72e-01	2.84e-02	8.78e-06	3.13e-07	0.00e+00	0.00e+00	0.00e+00	0.00e+00
 6.83052e+22	9.72e-01	2.82e-02	8.76e-06	3.14e-07	0.00e+00	0.00e+00	0.00e+00	0.00e+00
 6.83329e+22	9.72e-01	2.81e-02	8.75e-06	3.16e-07	0.00e+00	0.00e+00	0.00e+00	0.00e+00
 6.83582e+22	9.72e-01	2.80e-02	8.72e-06	3.15e-07	0.00e+00	0.00e+00	0.00e+00	0.00e+00
 6.83858e+22	9.72e-01	2.78e-02	8.69e-06	3.16e-07	0.00e+00	0.00e+00	0.00e+00	0.00e+00
 6.84218e+22	9.72e-01	2.76e-02	8.66e-06	3.17e-07	0.00e+00	0.00e+00	0.00e+00	0.00e+00
 6.84606e+22	9.73e-01	2.74e-02	8.63e-06	3.17e-07	0.00e+00	0.00e+00	0.00e+00	0.00e+00
 6.84959e+22	9.73e-01	2.72e-02	8.61e-06	3.18e-07	0.00e+00	0.00e+00	0.00e+00	0.00e+00
 6.85280e+22	9.73e-01	2.70e-02	8.58e-06	3.17e-07	0.00e+00	0.00e+00	0.00e+00	0.00e+00
 6.85633e+22	9.73e-01	2.68e-02	8.55e-06	3.18e-07	0.00e+00	0.00e+00	0.00e+00	0.00e+00
 6.86013e+22	9.73e-01	2.66e-02	8.52e-06	3.18e-07	0.00e+00	0.00e+00	0.00e+00	0.00e+00
 6.86359e+22	9.74e-01	2.64e-02	8.49e-06	3.18e-07	0.00e+00	0.00e+00	0.00e+00	0.00e+00
 6.86738e+22	9.74e-01	2.62e-02	8.46e-06	3.19e-07	0.00e+00	0.00e+00	0.00e+00	0.00e+00
 6.87147e+22	9.74e-01	2.60e-02	8.43e-06	3.19e-07	0.00e+00	0.00e+00	0.00e+00	0.00e+00
 6.87520e+22	9.74e-01	2.58e-02	8.41e-06	3.21e-07	0.00e+00	0.00e+00	0.00e+00	0.00e+00
 6.87859e+22	9.74e-01	2.56e-02	8.38e-06	3.19e-07	0.00e+00	0.00e+00	0.00e+00	0.00e+00
 6.88230e+22	9.75e-01	2.54e-02	8.35e-06	3.20e-07	0.00e+00	0.00e+00	0.00e+00	0.00e+00
 6.88631e+22	9.75e-01	2.52e-02	8.32e-06	3.20e-07	0.00e+00	0.00e+00	0.00e+00	0.00e+00
 6.88996e+22	9.75e-01	2.51e-02	8.30e-06	3.21e-07	0.00e+00	0.00e+00	0.00e+00	0.00e+00
 6.89328e+22	9.75e-01	2.49e-02	8.27e-06	3.20e-07	0.00e+00	0.00e+00	0.00e+00	0.00e+00
 6.89692e+22	9.75e-01	2.47e-02	8.23e-06	3.20e-07	0.00e+00	0.00e+00	0.00e+00	0.00e+00
 6.90085e+22	9.75e-01	2.45e-02	8.21e-06	3.19e-07	0.00e+00	0.00e+00	0.00e+00	0.00e+00
 6.90442e+22	9.76e-01	2.43e-02	8.18e-06	3.18e-07	0.00e+00	0.00e+00	0.00e+00	0.00e+00
 6.90834e+22	9.76e-01	2.41e-02	8.15e-06	3.19e-07	0.00e+00	0.00e+00	0.00e+00	0.00e+00
 6.91257e+22	9.76e-01	2.39e-02	8.12e-06	3.18e-07	0.00e+00	0.00e+00	0.00e+00	0.00e+00
 6.91642e+22	9.76e-01	2.37e-02	8.09e-06	3.19e-07	0.00e+00	0.00e+00	0.00e+00	0.00e+00
 6.91992e+22	9.76e-01	2.36e-02	8.06e-06	3.18e-07	0.00e+00	0.00e+00	0.00e+00	0.00e+00
 6.92376e+22	9.77e-01	2.34e-02	8.03e-06	3.17e-07	0.00e+00	0.00e+00	0.00e+00	0.00e+00
 6.92790e+22	9.77e-01	2.32e-02	8.00e-06	3.16e-07	0.00e+00	0.00e+00	0.00e+00	0.00e+00
 6.93167e+22	9.77e-01	2.30e-02	7.97e-06	3.15e-07	0.00e+00	0.00e+00	0.00e+00	0.00e+00
 6.93580e+22	9.77e-01	2.28e-02	7.93e-06	3.15e-07	0.00e+00	0.00e+00	0.00e+00	0.00e+00
 6.94026e+22	9.77e-01	2.26e-02	7.90e-06	3.14e-07	0.00e+00	0.00e+00	0.00e+00	0.00e+00
 6.94432e+22	9.78e-01	2.24e-02	7.87e-06	3.13e-07	0.00e+00	0.00e+00	0.00e+00	0.00e+00
 6.94876e+22	9.78e-01	2.21e-02	7.83e-06	3.12e-07	0.00e+00	0.00e+00	0.00e+00	0.00e+00
 6.95357e+22	9.78e-01	2.19e-02	7.80e-06	3.11e-07	0.00e+00	0.00e+00	0.00e+00	0.00e+00
 6.95794e+22	9.78e-01	2.17e-02	7.76e-06	3.09e-07	0.00e+00	0.00e+00	0.00e+00	0.00e+00
 6.96272e+22	9.79e-01	2.15e-02	7.72e-06	3.08e-07	0.00e+00	0.00e+00	0.00e+00	0.00e+00
 6.96789e+22	9.79e-01	2.12e-02	7.69e-06	3.07e-07	0.00e+00	0.00e+00	0.00e+00	0.00e+00
 6.97259e+22	9.79e-01	2.10e-02	7.65e-06	3.05e-07	0.00e+00	0.00e+00	0.00e+00	0.00e+00
 6.97775e+22	9.79e-01	2.08e-02	7.60e-06	3.03e-07	0.00e+00	0.00e+00	0.00e+00	0.00e+00
 6.98331e+22	9.80e-01	2.05e-02	7.56e-06	3.01e-07	0.00e+00	0.00e+00	0.00e+00	0.00e+00
 6.98838e+22	9.80e-01	2.03e-02	7.53e-06	3.00e-07	0.00e+00	0.00e+00	0.00e+00	0.00e+00
 6.99298e+22	9.80e-01	2.01e-02	7.49e-06	2.98e-07	0.00e+00	0.00e+00	0.00e+00	0.00e+00
 6.99803e+22	9.80e-01	1.99e-02	7.45e-06	2.96e-07	0.00e+00	0.00e+00	0.00e+00	0.00e+00
 7.00348e+22	9.80e-01	1.96e-02	7.41e-06	2.95e-07	0.00e+00	0.00e+00	0.00e+00	0.00e+00
 7.00844e+22	9.81e-01	1.94e-02	7.37e-06	2.92e-07	0.00e+00	0.00e+00	0.00e+00	0.00e+00
 7.01388e+22	9.81e-01	1.92e-02	7.32e-06	2.90e-07	0.00e+00	0.00e+00	0.00e+00	0.00e+00
 7.01975e+22	9.81e-01	1.89e-02	7.28e-06	2.87e-07	0.00e+00	0.00e+00	0.00e+00	0.00e+00
 7.02509e+22	9.81e-01	1.87e-02	7.24e-06	2.86e-07	0.00e+00	0.00e+00	0.00e+00	0.00e+00
 7.02995e+22	9.81e-01	1.85e-02	7.21e-06	2.84e-07	0.00e+00	0.00e+00	0.00e+00	0.00e+00
 7.03527e+22	9.82e-01	1.83e-02	7.16e-06	2.81e-07	0.00e+00	0.00e+00	0.00e+00	0.00e+00
 7.04102e+22	9.82e-01	1.81e-02	7.12e-06	2.79e-07	0.00e+00	0.00e+00	0.00e+00	0.00e+00
 7.04625e+22	9.82e-01	1.79e-02	7.08e-06	2.77e-07	0.00e+00	0.00e+00	0.00e+00	0.00e+00
 7.05198e+22	9.82e-01	1.76e-02	7.03e-06	2.74e-07	0.00e+00	0.00e+00	0.00e+00	0.00e+00
 7.05817e+22	9.83e-01	1.74e-02	6.99e-06	2.71e-07	0.00e+00	0.00e+00	0.00e+00	0.00e+00
 7.06380e+22	9.83e-01	1.72e-02	6.95e-06	2.69e-07	0.00e+00	0.00e+00	0.00e+00	0.00e+00
 7.06997e+22	9.83e-01	1.69e-02	6.89e-06	2.65e-07	0.00e+00	0.00e+00	0.00e+00	0.00e+00
 7.07664e+22	9.83e-01	1.66e-02	6.85e-06	2.63e-07	0.00e+00	0.00e+00	0.00e+00	0.00e+00
 7.08270e+22	9.84e-01	1.64e-02	6.80e-06	2.60e-07	0.00e+00	0.00e+00	0.00e+00	0.00e+00
 7.08934e+22	9.84e-01	1.62e-02	6.75e-06	2.56e-07	0.00e+00	0.00e+00	0.00e+00	0.00e+00
 7.09651e+22	9.84e-01	1.59e-02	6.70e-06	2.52e-07	0.00e+00	0.00e+00	0.00e+00	0.00e+00
 7.10304e+22	9.84e-01	1.57e-02	6.65e-06	2.50e-07	0.00e+00	0.00e+00	0.00e+00	0.00e+00
 7.10898e+22	9.84e-01	1.55e-02	6.61e-06	2.47e-07	0.00e+00	0.00e+00	0.00e+00	0.00e+00
 7.11549e+22	9.85e-01	1.52e-02	6.56e-06	2.44e-07	0.00e+00	0.00e+00	0.00e+00	0.00e+00
 7.12251e+22	9.85e-01	1.50e-02	6.51e-06	2.41e-07	0.00e+00	0.00e+00	0.00e+00	0.00e+00
 7.12891e+22	9.85e-01	1.48e-02	6.46e-06	2.38e-07	0.00e+00	0.00e+00	0.00e+00	0.00e+00
 7.13591e+22	9.85e-01	1.45e-02	6.41e-06	2.34e-07	0.00e+00	0.00e+00	0.00e+00	0.00e+00
 7.14348e+22	9.86e-01	1.43e-02	6.36e-06	2.31e-07	0.00e+00	0.00e+00	0.00e+00	0.00e+00
 7.15036e+22	9.86e-01	1.41e-02	6.31e-06	2.27e-07	0.00e+00	0.00e+00	0.00e+00	0.00e+00
 7.15790e+22	9.86e-01	1.38e-02	6.25e-06	2.23e-07	0.00e+00	0.00e+00	0.00e+00	0.00e+00
 7.16604e+22	9.86e-01	1.36e-02	6.19e-06	2.19e-07	0.00e+00	0.00e+00	0.00e+00	0.00e+00
 7.17345e+22	9.87e-01	1.34e-02	6.14e-06	2.16e-07	0.00e+00	0.00e+00	0.00e+00	0.00e+00
 7.18157e+22	9.87e-01	1.31e-02	6.08e-06	2.11e-07	0.00e+00	0.00e+00	0.00e+00	0.00e+00
 7.19034e+22	9.87e-01	1.29e-02	6.02e-06	2.07e-07	0.00e+00	0.00e+00	0.00e+00	0.00e+00
 7.19831e+22	9.87e-01	1.27e-02	5.96e-06	2.04e-07	0.00e+00	0.00e+00	0.00e+00	0.00e+00
 7.20557e+22	9.88e-01	1.25e-02	5.92e-06	2.01e-07	0.00e+00	0.00e+00	0.00e+00	0.00e+00
 7.21353e+22	9.88e-01	1.22e-02	5.85e-06	1.97e-07	0.00e+00	0.00e+00	0.00e+00	0.00e+00
 7.22211e+22	9.88e-01	1.20e-02	5.80e-06	1.93e-07	0.00e+00	0.00e+00	0.00e+00	0.00e+00
 7.22993e+22	9.88e-01	1.18e-02	5.75e-06	1.90e-07	0.00e+00	0.00e+00	0.00e+00	0.00e+00
 7.23849e+22	9.88e-01	1.16e-02	5.68e-06	1.85e-07	0.00e+00	0.00e+00	0.00e+00	0.00e+00
 7.24962e+22	9.89e-01	1.12e-02	5.60e-06	1.79e-07	0.00e+00	0.00e+00	0.00e+00	0.00e+00
 7.26219e+22	9.89e-01	1.09e-02	5.52e-06	1.74e-07	0.00e+00	0.00e+00	0.00e+00	0.00e+00
 7.27456e+22	9.89e-01	1.06e-02	5.44e-06	1.69e-07	0.00e+00	0.00e+00	0.00e+00	0.00e+00
 7.28687e+22	9.90e-01	1.03e-02	5.36e-06	1.64e-07	0.00e+00	0.00e+00	0.00e+00	0.00e+00
 7.29946e+22	9.90e-01	1.00e-02	5.28e-06	1.59e-07	0.00e+00	0.00e+00	0.00e+00	0.00e+00
 7.31229e+22	9.90e-01	9.77e-03	5.20e-06	1.54e-07	0.00e+00	0.00e+00	0.00e+00	0.00e+00
 7.32527e+22	9.90e-01	9.50e-03	5.12e-06	1.50e-07	0.00e+00	0.00e+00	0.00e+00	0.00e+00
 7.33840e+22	9.91e-01	9.24e-03	5.04e-06	1.45e-07	0.00e+00	0.00e+00	0.00e+00	0.00e+00
 7.35169e+22	9.91e-01	8.98e-03	4.96e-06	1.40e-07	0.00e+00	0.00e+00	0.00e+00	0.00e+00
 7.36515e+22	9.91e-01	8.73e-03	4.88e-06	1.36e-07	0.00e+00	0.00e+00	0.00e+00	0.00e+00
 7.37876e+22	9.92e-01	8.48e-03	4.81e-06	1.31e-07	0.00e+00	0.00e+00	0.00e+00	0.00e+00
 7.39254e+22	9.92e-01	8.24e-03	4.73e-06	1.27e-07	0.00e+00	0.00e+00	0.00e+00	0.00e+00
 7.40645e+22	9.92e-01	8.01e-03	4.65e-06	0.00e+00	0.00e+00	0.00e+00	0.00e+00	0.00e+00
 7.42052e+22	9.92e-01	7.78e-03	4.57e-06	0.00e+00	0.00e+00	0.00e+00	0.00e+00	0.00e+00
 7.43474e+22	9.92e-01	7.55e-03	4.49e-06	0.00e+00	0.00e+00	0.00e+00	0.00e+00	0.00e+00
 7.44908e+22	9.93e-01	7.33e-03	4.42e-06	0.00e+00	0.00e+00	0.00e+00	0.00e+00	0.00e+00
 7.46355e+22	9.93e-01	7.12e-03	4.34e-06	0.00e+00	0.00e+00	0.00e+00	0.00e+00	0.00e+00
 7.47814e+22	9.93e-01	6.91e-03	4.26e-06	0.00e+00	0.00e+00	0.00e+00	0.00e+00	0.00e+00
 7.49287e+22	9.93e-01	6.71e-03	4.19e-06	0.00e+00	0.00e+00	0.00e+00	0.00e+00	0.00e+00
 7.50776e+22	9.93e-01	6.51e-03	4.11e-06	0.00e+00	0.00e+00	0.00e+00	0.00e+00	0.00e+00
 7.52277e+22	9.94e-01	6.32e-03	4.04e-06	0.00e+00	0.00e+00	0.00e+00	0.00e+00	0.00e+00
 7.53791e+22	9.94e-01	6.13e-03	3.97e-06	0.00e+00	0.00e+00	0.00e+00	0.00e+00	0.00e+00
 7.55318e+22	9.94e-01	5.95e-03	3.89e-06	0.00e+00	0.00e+00	0.00e+00	0.00e+00	0.00e+00
 7.56859e+22	9.94e-01	5.78e-03	3.82e-06	0.00e+00	0.00e+00	0.00e+00	0.00e+00	0.00e+00
 7.58426e+22	9.94e-01	5.60e-03	3.75e-06	0.00e+00	0.00e+00	0.00e+00	0.00e+00	0.00e+00
 7.60031e+22	9.95e-01	5.43e-03	3.67e-06	0.00e+00	0.00e+00	0.00e+00	0.00e+00	0.00e+00
 7.61662e+22	9.95e-01	5.26e-03	3.60e-06	0.00e+00	0.00e+00	0.00e+00	0.00e+00	0.00e+00
 7.63311e+22	9.95e-01	5.10e-03	3.52e-06	0.00e+00	0.00e+00	0.00e+00	0.00e+00	0.00e+00
 7.64977e+22	9.95e-01	4.94e-03	3.45e-06	0.00e+00	0.00e+00	0.00e+00	0.00e+00	0.00e+00
 7.66662e+22	9.95e-01	4.78e-03	3.38e-06	0.00e+00	0.00e+00	0.00e+00	0.00e+00	0.00e+00
 7.68366e+22	9.95e-01	4.63e-03	3.31e-06	0.00e+00	0.00e+00	0.00e+00	0.00e+00	0.00e+00
 7.70091e+22	9.96e-01	4.48e-03	3.23e-06	0.00e+00	0.00e+00	0.00e+00	0.00e+00	0.00e+00
 7.71844e+22	9.96e-01	4.34e-03	3.16e-06	0.00e+00	0.00e+00	0.00e+00	0.00e+00	0.00e+00
 7.73626e+22	9.96e-01	4.20e-03	3.09e-06	0.00e+00	0.00e+00	0.00e+00	0.00e+00	0.00e+00
 7.75448e+22	9.96e-01	4.06e-03	3.02e-06	0.00e+00	0.00e+00	0.00e+00	0.00e+00	0.00e+00
 7.77319e+22	9.96e-01	3.92e-03	2.95e-06	0.00e+00	0.00e+00	0.00e+00	0.00e+00	0.00e+00
 7.79226e+22	9.96e-01	3.79e-03	2.87e-06	0.00e+00	0.00e+00	0.00e+00	0.00e+00	0.00e+00
 7.81164e+22	9.96e-01	3.66e-03	2.80e-06	0.00e+00	0.00e+00	0.00e+00	0.00e+00	0.00e+00
 7.83135e+22	9.96e-01	3.53e-03	2.73e-06	0.00e+00	0.00e+00	0.00e+00	0.00e+00	0.00e+00
 7.85142e+22	9.97e-01	3.41e-03	2.66e-06	0.00e+00	0.00e+00	0.00e+00	0.00e+00	0.00e+00
 7.87186e+22	9.97e-01	3.29e-03	2.58e-06	0.00e+00	0.00e+00	0.00e+00	0.00e+00	0.00e+00
 7.89269e+22	9.97e-01	3.17e-03	2.51e-06	0.00e+00	0.00e+00	0.00e+00	0.00e+00	0.00e+00
 7.91404e+22	9.97e-01	3.05e-03	2.44e-06	0.00e+00	0.00e+00	0.00e+00	0.00e+00	0.00e+00
 7.93592e+22	9.97e-01	2.93e-03	2.37e-06	0.00e+00	0.00e+00	0.00e+00	0.00e+00	0.00e+00
 7.95825e+22	9.97e-01	2.82e-03	2.30e-06	0.00e+00	0.00e+00	0.00e+00	0.00e+00	0.00e+00
 7.98109e+22	9.97e-01	2.71e-03	2.22e-06	0.00e+00	0.00e+00	0.00e+00	0.00e+00	0.00e+00
 8.00448e+22	9.97e-01	2.61e-03	2.15e-06	0.00e+00	0.00e+00	0.00e+00	0.00e+00	0.00e+00
 8.02842e+22	9.97e-01	2.50e-03	2.08e-06	0.00e+00	0.00e+00	0.00e+00	0.00e+00	0.00e+00
 8.05279e+22	9.98e-01	2.40e-03	2.01e-06	0.00e+00	0.00e+00	0.00e+00	0.00e+00	0.00e+00
 8.07739e+22	9.98e-01	2.30e-03	1.94e-06	0.00e+00	0.00e+00	0.00e+00	0.00e+00	0.00e+00
 8.10222e+22	9.98e-01	2.21e-03	1.87e-06	0.00e+00	0.00e+00	0.00e+00	0.00e+00	0.00e+00
 8.12734e+22	9.98e-01	2.12e-03	1.81e-06	0.00e+00	0.00e+00	0.00e+00	0.00e+00	0.00e+00
 8.15271e+22	9.98e-01	2.03e-03	1.74e-06	0.00e+00	0.00e+00	0.00e+00	0.00e+00	0.00e+00
 8.17832e+22	9.98e-01	1.95e-03	1.68e-06	0.00e+00	0.00e+00	0.00e+00	0.00e+00	0.00e+00
 8.20418e+22	9.98e-01	1.87e-03	1.61e-06	0.00e+00	0.00e+00	0.00e+00	0.00e+00	0.00e+00
 8.23030e+22	9.98e-01	1.79e-03	1.55e-06	0.00e+00	0.00e+00	0.00e+00	0.00e+00	0.00e+00
 8.25669e+22	9.98e-01	1.71e-03	1.49e-06	0.00e+00	0.00e+00	0.00e+00	0.00e+00	0.00e+00
 8.28338e+22	9.98e-01	1.64e-03	1.43e-06	0.00e+00	0.00e+00	0.00e+00	0.00e+00	0.00e+00
 8.31036e+22	9.98e-01	1.56e-03	1.37e-06	0.00e+00	0.00e+00	0.00e+00	0.00e+00	0.00e+00
 8.33754e+22	9.99e-01	1.50e-03	1.32e-06	0.00e+00	0.00e+00	0.00e+00	0.00e+00	0.00e+00
 8.36500e+22	9.99e-01	1.43e-03	1.26e-06	0.00e+00	0.00e+00	0.00e+00	0.00e+00	0.00e+00
 8.39274e+22	9.99e-01	1.37e-03	1.21e-06	0.00e+00	0.00e+00	0.00e+00	0.00e+00	0.00e+00
 8.42079e+22	9.99e-01	1.30e-03	1.15e-06	0.00e+00	0.00e+00	0.00e+00	0.00e+00	0.00e+00
 8.44923e+22	9.99e-01	1.24e-03	1.10e-06	0.00e+00	0.00e+00	0.00e+00	0.00e+00	0.00e+00
 8.47800e+22	9.99e-01	1.18e-03	1.05e-06	0.00e+00	0.00e+00	0.00e+00	0.00e+00	0.00e+00
 8.50710e+22	9.99e-01	1.13e-03	1.00e-06	0.00e+00	0.00e+00	0.00e+00	0.00e+00	0.00e+00
 8.53653e+22	9.99e-01	1.07e-03	9.56e-07	0.00e+00	0.00e+00	0.00e+00	0.00e+00	0.00e+00
 8.56596e+22	9.99e-01	1.02e-03	9.11e-07	0.00e+00	0.00e+00	0.00e+00	0.00e+00	0.00e+00
 8.59437e+22	9.99e-01	9.75e-04	8.70e-07	0.00e+00	0.00e+00	0.00e+00	0.00e+00	0.00e+00
 8.62090e+22	9.99e-01	9.36e-04	8.32e-07	0.00e+00	0.00e+00	0.00e+00	0.00e+00	0.00e+00
 8.64555e+22	9.99e-01	9.00e-04	7.99e-07	0.00e+00	0.00e+00	0.00e+00	0.00e+00	0.00e+00
 8.66882e+22	9.99e-01	8.66e-04	7.68e-07	0.00e+00	0.00e+00	0.00e+00	0.00e+00	0.00e+00
 8.69104e+22	9.99e-01	8.35e-04	7.39e-07	0.00e+00	0.00e+00	0.00e+00	0.00e+00	0.00e+00
 8.71231e+22	9.99e-01	8.06e-04	7.13e-07	0.00e+00	0.00e+00	0.00e+00	0.00e+00	0.00e+00
 8.73251e+22	9.99e-01	7.80e-04	6.88e-07	0.00e+00	0.00e+00	0.00e+00	0.00e+00	0.00e+00
 8.75163e+22	9.99e-01	7.56e-04	6.66e-07	0.00e+00	0.00e+00	0.00e+00	0.00e+00	0.00e+00
 8.76972e+22	9.99e-01	7.33e-04	6.45e-07	0.00e+00	0.00e+00	0.00e+00	0.00e+00	0.00e+00
 8.78694e+22	9.99e-01	7.13e-04	6.26e-07	0.00e+00	0.00e+00	0.00e+00	0.00e+00	0.00e+00
 8.80338e+22	9.99e-01	6.94e-04	6.08e-07	0.00e+00	0.00e+00	0.00e+00	0.00e+00	0.00e+00
 8.81891e+22	9.99e-01	6.76e-04	5.91e-07	0.00e+00	0.00e+00	0.00e+00	0.00e+00	0.00e+00
 8.83359e+22	9.99e-01	6.60e-04	5.75e-07	0.00e+00	0.00e+00	0.00e+00	0.00e+00	0.00e+00
 8.84767e+22	9.99e-01	6.44e-04	5.61e-07	0.00e+00	0.00e+00	0.00e+00	0.00e+00	0.00e+00
 8.86130e+22	9.99e-01	6.29e-04	5.47e-07	0.00e+00	0.00e+00	0.00e+00	0.00e+00	0.00e+00
 8.87440e+22	9.99e-01	6.15e-04	5.34e-07	0.00e+00	0.00e+00	0.00e+00	0.00e+00	0.00e+00
 8.88691e+22	9.99e-01	6.02e-04	5.22e-07	0.00e+00	0.00e+00	0.00e+00	0.00e+00	0.00e+00
 8.89882e+22	9.99e-01	5.90e-04	5.10e-07	0.00e+00	0.00e+00	0.00e+00	0.00e+00	0.00e+00
 8.91024e+22	9.99e-01	5.78e-04	4.99e-07	0.00e+00	0.00e+00	0.00e+00	0.00e+00	0.00e+00
 8.92126e+22	9.99e-01	5.67e-04	4.89e-07	0.00e+00	0.00e+00	0.00e+00	0.00e+00	0.00e+00
 8.93194e+22	9.99e-01	5.56e-04	4.79e-07	0.00e+00	0.00e+00	0.00e+00	0.00e+00	0.00e+00
 8.94232e+22	9.99e-01	5.46e-04	4.70e-07	0.00e+00	0.00e+00	0.00e+00	0.00e+00	0.00e+00
 8.95239e+22	9.99e-01	5.37e-04	4.61e-07	0.00e+00	0.00e+00	0.00e+00	0.00e+00	0.00e+00
 8.96211e+22	9.99e-01	5.27e-04	4.52e-07	0.00e+00	0.00e+00	0.00e+00	0.00e+00	0.00e+00
 8.97152e+22	9.99e-01	5.18e-04	4.44e-07	0.00e+00	0.00e+00	0.00e+00	0.00e+00	0.00e+00
 8.98071e+22	9.99e-01	5.10e-04	4.36e-07	0.00e+00	0.00e+00	0.00e+00	0.00e+00	0.00e+00
 8.98976e+22	9.99e-01	5.01e-04	4.29e-07	0.00e+00	0.00e+00	0.00e+00	0.00e+00	0.00e+00
 8.99869e+22	1.00e+00	4.93e-04	4.21e-07	0.00e+00	0.00e+00	0.00e+00	0.00e+00	0.00e+00
 9.00751e+22	1.00e+00	4.85e-04	4.14e-07	0.00e+00	0.00e+00	0.00e+00	0.00e+00	0.00e+00
 9.01624e+22	1.00e+00	4.77e-04	4.07e-07	0.00e+00	0.00e+00	0.00e+00	0.00e+00	0.00e+00
 9.02489e+22	1.00e+00	4.69e-04	4.00e-07	0.00e+00	0.00e+00	0.00e+00	0.00e+00	0.00e+00
 9.03355e+22	1.00e+00	4.61e-04	3.93e-07	0.00e+00	0.00e+00	0.00e+00	0.00e+00	0.00e+00
 9.04226e+22	1.00e+00	4.53e-04	3.86e-07	0.00e+00	0.00e+00	0.00e+00	0.00e+00	0.00e+00
 9.05104e+22	1.00e+00	4.45e-04	3.79e-07	0.00e+00	0.00e+00	0.00e+00	0.00e+00	0.00e+00
 9.05995e+22	1.00e+00	4.36e-04	3.73e-07	0.00e+00	0.00e+00	0.00e+00	0.00e+00	0.00e+00
 9.06908e+22	1.00e+00	4.28e-04	3.66e-07	0.00e+00	0.00e+00	0.00e+00	0.00e+00	0.00e+00
 9.07846e+22	1.00e+00	4.20e-04	3.59e-07	0.00e+00	0.00e+00	0.00e+00	0.00e+00	0.00e+00
 9.08810e+22	1.00e+00	4.11e-04	3.51e-07	0.00e+00	0.00e+00	0.00e+00	0.00e+00	0.00e+00
 9.09806e+22	1.00e+00	4.02e-04	3.44e-07	0.00e+00	0.00e+00	0.00e+00	0.00e+00	0.00e+00
 9.10844e+22	1.00e+00	3.93e-04	3.37e-07	0.00e+00	0.00e+00	0.00e+00	0.00e+00	0.00e+00
 9.11932e+22	1.00e+00	3.84e-04	3.29e-07	0.00e+00	0.00e+00	0.00e+00	0.00e+00	0.00e+00
 9.13078e+22	1.00e+00	3.74e-04	3.21e-07	0.00e+00	0.00e+00	0.00e+00	0.00e+00	0.00e+00
 9.14285e+22	1.00e+00	3.64e-04	3.13e-07	0.00e+00	0.00e+00	0.00e+00	0.00e+00	0.00e+00
 9.15566e+22	1.00e+00	3.54e-04	3.04e-07	0.00e+00	0.00e+00	0.00e+00	0.00e+00	0.00e+00
 9.16936e+22	1.00e+00	3.43e-04	2.95e-07	0.00e+00	0.00e+00	0.00e+00	0.00e+00	0.00e+00
 9.18396e+22	1.00e+00	3.32e-04	2.86e-07	0.00e+00	0.00e+00	0.00e+00	0.00e+00	0.00e+00
 9.19944e+22	1.00e+00	3.21e-04	2.76e-07	0.00e+00	0.00e+00	0.00e+00	0.00e+00	0.00e+00
 9.21598e+22	1.00e+00	3.09e-04	2.66e-07	0.00e+00	0.00e+00	0.00e+00	0.00e+00	0.00e+00
 9.23380e+22	1.00e+00	2.96e-04	2.56e-07	0.00e+00	0.00e+00	0.00e+00	0.00e+00	0.00e+00
 9.25004e+22	1.00e+00	2.89e-04	2.48e-07	0.00e+00	0.00e+00	0.00e+00	0.00e+00	0.00e+00
