#depth	Ne	Ne+	Ne+2	Ne+3	Ne+4	Ne+5	Ne+6	Ne+7	Ne+8	Ne+9	Ne+10
 4.62852e+21	5.33e-15	5.17e-10	1.74e-06	3.94e-04	2.11e-02	1.74e-01	2.59e-01	1.97e-01	3.09e-01	3.86e-02	1.31e-03
 1.02766e+22	1.50e-14	1.85e-09	6.54e-06	1.23e-03	4.78e-02	2.79e-01	2.88e-01	1.78e-01	1.91e-01	1.56e-02	3.49e-04
 1.18059e+22	3.14e-14	3.87e-09	1.29e-05	2.10e-03	6.84e-02	3.33e-01	2.86e-01	1.58e-01	1.42e-01	9.54e-03	1.75e-04
 1.25706e+22	4.73e-14	5.69e-09	1.81e-05	2.72e-03	8.07e-02	3.59e-01	2.82e-01	1.47e-01	1.22e-01	7.39e-03	1.23e-04
 1.29195e+22	5.54e-14	6.57e-09	2.05e-05	2.99e-03	8.57e-02	3.68e-01	2.79e-01	1.42e-01	1.15e-01	6.71e-03	1.08e-04
 1.31358e+22	6.81e-14	7.91e-09	2.40e-05	3.37e-03	9.23e-02	3.80e-01	2.76e-01	1.37e-01	1.06e-01	5.91e-03	9.07e-05
 1.33692e+22	8.24e-14	9.38e-09	2.77e-05	3.75e-03	9.86e-02	3.90e-01	2.72e-01	1.32e-01	9.83e-02	5.27e-03	7.75e-05
 1.36250e+22	1.05e-13	1.16e-08	3.30e-05	4.27e-03	1.07e-01	4.02e-01	2.67e-01	1.25e-01	8.96e-02	4.56e-03	6.37e-05
 1.38897e+22	1.31e-13	1.41e-08	3.88e-05	4.80e-03	1.15e-01	4.13e-01	2.62e-01	1.19e-01	8.21e-02	3.98e-03	5.31e-05
 1.41235e+22	1.60e-13	1.67e-08	4.47e-05	5.33e-03	1.22e-01	4.22e-01	2.57e-01	1.14e-01	7.58e-02	3.53e-03	4.51e-05
 1.43846e+22	2.09e-13	2.10e-08	5.38e-05	6.09e-03	1.32e-01	4.33e-01	2.51e-01	1.07e-01	6.82e-02	3.00e-03	3.63e-05
 1.46558e+22	2.61e-13	2.54e-08	6.28e-05	6.79e-03	1.41e-01	4.41e-01	2.44e-01	1.02e-01	6.23e-02	2.62e-03	3.03e-05
 1.49400e+22	3.47e-13	3.22e-08	7.58e-05	7.76e-03	1.52e-01	4.51e-01	2.37e-01	9.51e-02	5.56e-02	2.21e-03	2.41e-05
 1.52310e+22	4.41e-13	3.94e-08	8.89e-05	8.68e-03	1.62e-01	4.58e-01	2.29e-01	8.95e-02	5.03e-02	1.90e-03	1.98e-05
 1.54898e+22	5.58e-13	4.79e-08	1.04e-04	9.67e-03	1.72e-01	4.65e-01	2.22e-01	8.43e-02	4.56e-02	1.64e-03	1.63e-05
 1.57854e+22	7.51e-13	6.12e-08	1.26e-04	1.10e-02	1.84e-01	4.72e-01	2.13e-01	7.78e-02	4.02e-02	1.36e-03	1.28e-05
 1.60869e+22	9.62e-13	7.49e-08	1.47e-04	1.23e-02	1.96e-01	4.77e-01	2.05e-01	7.27e-02	3.61e-02	1.17e-03	1.04e-05
 1.63962e+22	1.31e-12	9.63e-08	1.79e-04	1.40e-02	2.10e-01	4.82e-01	1.95e-01	6.66e-02	3.15e-02	9.57e-04	8.02e-06
 1.66988e+22	1.65e-12	1.16e-07	2.06e-04	1.55e-02	2.21e-01	4.84e-01	1.88e-01	6.22e-02	2.84e-02	8.24e-04	6.59e-06
 1.69927e+22	2.22e-12	1.48e-07	2.48e-04	1.75e-02	2.35e-01	4.87e-01	1.78e-01	5.69e-02	2.48e-02	6.78e-04	5.11e-06
 1.72944e+22	2.80e-12	1.78e-07	2.86e-04	1.92e-02	2.46e-01	4.87e-01	1.71e-01	5.29e-02	2.23e-02	5.80e-04	4.17e-06
 1.75485e+22	3.46e-12	2.11e-07	3.26e-04	2.09e-02	2.57e-01	4.88e-01	1.64e-01	4.95e-02	2.01e-02	5.03e-04	3.47e-06
 1.78210e+22	4.50e-12	2.61e-07	3.82e-04	2.32e-02	2.70e-01	4.87e-01	1.56e-01	4.54e-02	1.78e-02	4.20e-04	2.75e-06
 1.80975e+22	5.61e-12	3.11e-07	4.35e-04	2.53e-02	2.82e-01	4.85e-01	1.49e-01	4.22e-02	1.60e-02	3.61e-04	2.26e-06
 1.83414e+22	6.91e-12	3.67e-07	4.94e-04	2.75e-02	2.92e-01	4.83e-01	1.42e-01	3.94e-02	1.44e-02	3.12e-04	1.87e-06
 1.86205e+22	8.98e-12	4.52e-07	5.76e-04	3.03e-02	3.06e-01	4.80e-01	1.34e-01	3.60e-02	1.26e-02	2.60e-04	1.48e-06
 1.89105e+22	1.14e-11	5.45e-07	6.63e-04	3.32e-02	3.19e-01	4.76e-01	1.27e-01	3.31e-02	1.12e-02	2.19e-04	1.19e-06
 1.91699e+22	1.41e-11	6.46e-07	7.52e-04	3.59e-02	3.30e-01	4.72e-01	1.21e-01	3.06e-02	1.00e-02	1.88e-04	9.74e-07
 1.94623e+22	1.84e-11	7.98e-07	8.78e-04	3.96e-02	3.44e-01	4.66e-01	1.13e-01	2.78e-02	8.72e-03	1.54e-04	7.58e-07
 1.97675e+22	2.35e-11	9.68e-07	1.01e-03	4.33e-02	3.57e-01	4.60e-01	1.06e-01	2.53e-02	7.65e-03	1.29e-04	6.00e-07
 2.00426e+22	2.93e-11	1.15e-06	1.15e-03	4.69e-02	3.69e-01	4.53e-01	9.99e-02	2.33e-02	6.79e-03	1.09e-04	4.85e-07
 2.03535e+22	3.87e-11	1.43e-06	1.35e-03	5.17e-02	3.83e-01	4.45e-01	9.26e-02	2.09e-02	5.83e-03	8.81e-05	3.70e-07
 2.06742e+22	4.98e-11	1.74e-06	1.56e-03	5.64e-02	3.96e-01	4.36e-01	8.63e-02	1.89e-02	5.07e-03	7.26e-05	2.89e-07
 2.09599e+22	6.24e-11	2.08e-06	1.77e-03	6.09e-02	4.07e-01	4.27e-01	8.08e-02	1.73e-02	4.46e-03	6.09e-05	2.31e-07
 2.12833e+22	8.27e-11	2.59e-06	2.08e-03	6.71e-02	4.21e-01	4.16e-01	7.42e-02	1.53e-02	3.79e-03	4.86e-05	1.74e-07
 2.16189e+22	1.07e-10	3.17e-06	2.40e-03	7.31e-02	4.34e-01	4.05e-01	6.86e-02	1.38e-02	3.26e-03	3.95e-05	1.33e-07
 2.19202e+22	1.35e-10	3.79e-06	2.74e-03	7.89e-02	4.44e-01	3.95e-01	6.37e-02	1.25e-02	2.84e-03	3.27e-05	0.00e+00
 2.22619e+22	1.81e-10	4.76e-06	3.22e-03	8.67e-02	4.57e-01	3.81e-01	5.79e-02	1.10e-02	2.38e-03	2.57e-05	0.00e+00
 2.26164e+22	2.36e-10	5.85e-06	3.73e-03	9.43e-02	4.69e-01	3.69e-01	5.28e-02	9.74e-03	2.02e-03	2.05e-05	0.00e+00
 2.29340e+22	2.99e-10	7.02e-06	4.25e-03	1.02e-01	4.78e-01	3.57e-01	4.87e-02	8.75e-03	1.74e-03	1.68e-05	0.00e+00
 2.32931e+22	4.07e-10	8.90e-06	5.02e-03	1.12e-01	4.90e-01	3.41e-01	4.36e-02	7.59e-03	1.43e-03	1.28e-05	0.00e+00
 2.36592e+22	5.27e-10	1.08e-05	5.78e-03	1.21e-01	4.99e-01	3.27e-01	3.96e-02	6.72e-03	1.21e-03	1.02e-05	0.00e+00
 2.40347e+22	7.20e-10	1.38e-05	6.83e-03	1.32e-01	5.08e-01	3.11e-01	3.52e-02	5.78e-03	9.82e-04	7.74e-06	0.00e+00
 2.44139e+22	9.31e-10	1.68e-05	7.84e-03	1.42e-01	5.15e-01	2.97e-01	3.18e-02	5.10e-03	8.25e-04	6.13e-06	0.00e+00
 2.47982e+22	1.28e-09	2.14e-05	9.29e-03	1.56e-01	5.22e-01	2.79e-01	2.79e-02	4.34e-03	6.62e-04	4.55e-06	0.00e+00
 2.51859e+22	1.65e-09	2.60e-05	1.06e-02	1.67e-01	5.27e-01	2.65e-01	2.51e-02	3.81e-03	5.54e-04	3.58e-06	0.00e+00
 2.55781e+22	2.29e-09	3.32e-05	1.26e-02	1.83e-01	5.32e-01	2.48e-01	2.18e-02	3.22e-03	4.39e-04	2.62e-06	0.00e+00
 2.59744e+22	2.95e-09	4.02e-05	1.44e-02	1.95e-01	5.34e-01	2.34e-01	1.95e-02	2.81e-03	3.65e-04	2.05e-06	0.00e+00
 2.63760e+22	4.08e-09	5.14e-05	1.70e-02	2.12e-01	5.35e-01	2.17e-01	1.68e-02	2.35e-03	2.86e-04	1.48e-06	0.00e+00
 2.67830e+22	5.28e-09	6.24e-05	1.94e-02	2.26e-01	5.34e-01	2.03e-01	1.49e-02	2.04e-03	2.35e-04	1.14e-06	0.00e+00
 2.71967e+22	7.33e-09	7.98e-05	2.29e-02	2.44e-01	5.32e-01	1.86e-01	1.27e-02	1.69e-03	1.82e-04	8.14e-07	0.00e+00
 2.76021e+22	9.32e-09	9.54e-05	2.58e-02	2.58e-01	5.28e-01	1.75e-01	1.12e-02	1.47e-03	1.50e-04	6.33e-07	0.00e+00
 2.79965e+22	1.27e-08	1.20e-04	3.01e-02	2.77e-01	5.22e-01	1.59e-01	9.58e-03	1.22e-03	1.17e-04	4.53e-07	0.00e+00
 2.83777e+22	1.58e-08	1.41e-04	3.35e-02	2.90e-01	5.17e-01	1.49e-01	8.55e-03	1.07e-03	9.76e-05	3.58e-07	0.00e+00
 2.87417e+22	2.06e-08	1.72e-04	3.82e-02	3.07e-01	5.09e-01	1.37e-01	7.39e-03	9.06e-04	7.78e-05	2.65e-07	0.00e+00
 2.91103e+22	2.58e-08	2.04e-04	4.26e-02	3.21e-01	5.01e-01	1.27e-01	6.52e-03	7.85e-04	6.41e-05	2.06e-07	0.00e+00
 2.94340e+22	3.19e-08	2.38e-04	4.72e-02	3.35e-01	4.93e-01	1.18e-01	5.79e-03	6.84e-04	5.33e-05	1.61e-07	0.00e+00
 2.98039e+22	4.20e-08	2.91e-04	5.38e-02	3.52e-01	4.81e-01	1.07e-01	4.93e-03	5.70e-04	4.16e-05	0.00e+00	0.00e+00
 3.01810e+22	5.25e-08	3.42e-04	5.98e-02	3.67e-01	4.70e-01	9.88e-02	4.31e-03	4.90e-04	3.39e-05	0.00e+00	0.00e+00
 3.05674e+22	6.86e-08	4.16e-04	6.78e-02	3.83e-01	4.55e-01	8.90e-02	3.66e-03	4.06e-04	2.64e-05	0.00e+00	0.00e+00
 3.09610e+22	8.65e-08	4.93e-04	7.54e-02	3.98e-01	4.42e-01	8.10e-02	3.16e-03	3.44e-04	2.11e-05	0.00e+00	0.00e+00
 3.13049e+22	1.07e-07	5.74e-04	8.31e-02	4.11e-01	4.29e-01	7.41e-02	2.75e-03	2.95e-04	1.72e-05	0.00e+00	0.00e+00
 3.16344e+22	1.30e-07	6.63e-04	9.10e-02	4.22e-01	4.16e-01	6.79e-02	2.41e-03	2.54e-04	1.41e-05	0.00e+00	0.00e+00
 3.19415e+22	1.57e-07	7.57e-04	9.88e-02	4.33e-01	4.03e-01	6.24e-02	2.13e-03	2.21e-04	1.16e-05	0.00e+00	0.00e+00
 3.22339e+22	1.86e-07	8.58e-04	1.07e-01	4.42e-01	3.91e-01	5.76e-02	1.89e-03	1.93e-04	9.74e-06	0.00e+00	0.00e+00
 3.25697e+22	2.32e-07	1.00e-03	1.18e-01	4.53e-01	3.74e-01	5.18e-02	1.62e-03	1.62e-04	7.71e-06	0.00e+00	0.00e+00
 3.29104e+22	2.80e-07	1.15e-03	1.27e-01	4.62e-01	3.60e-01	4.72e-02	1.41e-03	1.39e-04	6.31e-06	0.00e+00	0.00e+00
 3.32080e+22	3.33e-07	1.30e-03	1.37e-01	4.70e-01	3.47e-01	4.31e-02	1.24e-03	1.20e-04	5.21e-06	0.00e+00	0.00e+00
 3.35453e+22	4.13e-07	1.51e-03	1.51e-01	4.79e-01	3.30e-01	3.84e-02	1.05e-03	9.97e-05	4.09e-06	0.00e+00	0.00e+00
 3.38891e+22	4.95e-07	1.72e-03	1.62e-01	4.85e-01	3.15e-01	3.48e-02	9.16e-04	8.50e-05	3.32e-06	0.00e+00	0.00e+00
 3.41934e+22	5.86e-07	1.93e-03	1.74e-01	4.90e-01	3.01e-01	3.16e-02	8.01e-04	7.29e-05	2.72e-06	0.00e+00	0.00e+00
 3.45408e+22	7.26e-07	2.25e-03	1.90e-01	4.96e-01	2.83e-01	2.78e-02	6.72e-04	5.97e-05	2.10e-06	0.00e+00	0.00e+00
 3.48931e+22	8.67e-07	2.54e-03	2.04e-01	4.99e-01	2.68e-01	2.49e-02	5.80e-04	5.04e-05	1.69e-06	0.00e+00	0.00e+00
 3.52039e+22	1.02e-06	2.85e-03	2.18e-01	5.02e-01	2.54e-01	2.24e-02	5.02e-04	4.28e-05	1.37e-06	0.00e+00	0.00e+00
 3.55600e+22	1.26e-06	3.30e-03	2.37e-01	5.03e-01	2.37e-01	1.95e-02	4.17e-04	3.46e-05	1.04e-06	0.00e+00	0.00e+00
 3.59218e+22	1.51e-06	3.72e-03	2.53e-01	5.03e-01	2.22e-01	1.73e-02	3.57e-04	2.88e-05	8.29e-07	0.00e+00	0.00e+00
 3.62427e+22	1.78e-06	4.17e-03	2.69e-01	5.02e-01	2.09e-01	1.54e-02	3.06e-04	2.41e-05	6.62e-07	0.00e+00	0.00e+00
 3.66115e+22	2.19e-06	4.81e-03	2.91e-01	4.99e-01	1.92e-01	1.32e-02	2.51e-04	1.92e-05	4.95e-07	0.00e+00	0.00e+00
 3.69863e+22	2.60e-06	5.40e-03	3.10e-01	4.95e-01	1.78e-01	1.15e-02	2.12e-04	1.58e-05	3.88e-07	0.00e+00	0.00e+00
 3.73688e+22	3.19e-06	6.20e-03	3.33e-01	4.88e-01	1.63e-01	9.80e-03	1.72e-04	1.24e-05	2.87e-07	0.00e+00	0.00e+00
 3.77605e+22	3.83e-06	6.99e-03	3.54e-01	4.81e-01	1.49e-01	8.44e-03	1.43e-04	9.94e-06	2.19e-07	0.00e+00	0.00e+00
 3.81054e+22	4.50e-06	7.80e-03	3.74e-01	4.74e-01	1.37e-01	7.34e-03	1.20e-04	8.10e-06	1.70e-07	0.00e+00	0.00e+00
 3.84953e+22	5.51e-06	8.91e-03	3.99e-01	4.62e-01	1.23e-01	6.12e-03	9.62e-05	6.23e-06	1.23e-07	0.00e+00	0.00e+00
 3.88988e+22	6.56e-06	9.98e-03	4.21e-01	4.51e-01	1.12e-01	5.21e-03	7.90e-05	4.94e-06	0.00e+00	0.00e+00	0.00e+00
 3.93199e+22	8.14e-06	1.15e-02	4.50e-01	4.36e-01	9.84e-02	4.23e-03	6.14e-05	3.66e-06	0.00e+00	0.00e+00	0.00e+00
 3.97419e+22	9.59e-06	1.28e-02	4.72e-01	4.23e-01	8.88e-02	3.59e-03	5.03e-05	2.89e-06	0.00e+00	0.00e+00	0.00e+00
 3.99911e+22	1.02e-05	1.33e-02	4.80e-01	4.18e-01	8.55e-02	3.38e-03	4.68e-05	2.65e-06	0.00e+00	0.00e+00	0.00e+00
 4.01410e+22	1.10e-05	1.40e-02	4.91e-01	4.11e-01	8.11e-02	3.11e-03	4.23e-05	2.35e-06	0.00e+00	0.00e+00	0.00e+00
 4.03357e+22	1.21e-05	1.48e-02	5.03e-01	4.03e-01	7.62e-02	2.82e-03	3.78e-05	2.05e-06	0.00e+00	0.00e+00	0.00e+00
 4.05890e+22	1.35e-05	1.59e-02	5.19e-01	3.92e-01	7.02e-02	2.48e-03	3.25e-05	1.71e-06	0.00e+00	0.00e+00	0.00e+00
 4.09182e+22	1.60e-05	1.76e-02	5.42e-01	3.76e-01	6.24e-02	2.07e-03	2.62e-05	1.32e-06	0.00e+00	0.00e+00	0.00e+00
 4.12384e+22	1.79e-05	1.89e-02	5.57e-01	3.65e-01	5.73e-02	1.82e-03	2.26e-05	1.10e-06	0.00e+00	0.00e+00	0.00e+00
 4.15468e+22	2.06e-05	2.06e-02	5.77e-01	3.50e-01	5.13e-02	1.54e-03	1.85e-05	8.67e-07	0.00e+00	0.00e+00	0.00e+00
 4.18649e+22	2.32e-05	2.22e-02	5.92e-01	3.37e-01	4.66e-02	1.33e-03	1.57e-05	7.08e-07	0.00e+00	0.00e+00	0.00e+00
 4.21954e+22	2.69e-05	2.43e-02	6.12e-01	3.21e-01	4.12e-02	1.11e-03	1.27e-05	5.47e-07	0.00e+00	0.00e+00	0.00e+00
 4.25315e+22	3.03e-05	2.61e-02	6.28e-01	3.08e-01	3.71e-02	9.51e-04	1.06e-05	4.41e-07	0.00e+00	0.00e+00	0.00e+00
 4.28746e+22	3.52e-05	2.86e-02	6.47e-01	2.91e-01	3.24e-02	7.82e-04	8.47e-06	3.35e-07	0.00e+00	0.00e+00	0.00e+00
 4.32223e+22	3.97e-05	3.07e-02	6.62e-01	2.78e-01	2.90e-02	6.65e-04	7.03e-06	2.67e-07	0.00e+00	0.00e+00	0.00e+00
 4.35759e+22	4.59e-05	3.34e-02	6.79e-01	2.61e-01	2.52e-02	5.43e-04	5.59e-06	2.01e-07	0.00e+00	0.00e+00	0.00e+00
 4.39394e+22	5.21e-05	3.60e-02	6.94e-01	2.47e-01	2.22e-02	4.55e-04	4.55e-06	1.57e-07	0.00e+00	0.00e+00	0.00e+00
 4.43159e+22	6.08e-05	3.93e-02	7.11e-01	2.30e-01	1.89e-02	3.63e-04	3.52e-06	0.00e+00	0.00e+00	0.00e+00	0.00e+00
 4.46961e+22	6.90e-05	4.23e-02	7.24e-01	2.17e-01	1.66e-02	3.01e-04	2.85e-06	0.00e+00	0.00e+00	0.00e+00	0.00e+00
 4.50813e+22	8.05e-05	4.62e-02	7.39e-01	2.00e-01	1.40e-02	2.38e-04	2.18e-06	0.00e+00	0.00e+00	0.00e+00	0.00e+00
 4.54744e+22	9.13e-05	4.96e-02	7.51e-01	1.87e-01	1.21e-02	1.96e-04	1.75e-06	0.00e+00	0.00e+00	0.00e+00	0.00e+00
 4.58777e+22	1.07e-04	5.41e-02	7.64e-01	1.71e-01	1.01e-02	1.53e-04	1.32e-06	0.00e+00	0.00e+00	0.00e+00	0.00e+00
 4.62866e+22	1.21e-04	5.80e-02	7.74e-01	1.59e-01	8.69e-03	1.24e-04	1.04e-06	0.00e+00	0.00e+00	0.00e+00	0.00e+00
 4.67029e+22	1.42e-04	6.32e-02	7.85e-01	1.45e-01	7.15e-03	9.59e-05	7.73e-07	0.00e+00	0.00e+00	0.00e+00	0.00e+00
 4.71254e+22	1.61e-04	6.78e-02	7.93e-01	1.33e-01	6.08e-03	7.73e-05	6.04e-07	0.00e+00	0.00e+00	0.00e+00	0.00e+00
 4.75562e+22	1.89e-04	7.39e-02	8.01e-01	1.20e-01	4.94e-03	5.88e-05	4.42e-07	0.00e+00	0.00e+00	0.00e+00	0.00e+00
 4.79947e+22	2.16e-04	7.93e-02	8.07e-01	1.10e-01	4.16e-03	4.69e-05	3.41e-07	0.00e+00	0.00e+00	0.00e+00	0.00e+00
 4.83610e+22	2.42e-04	8.42e-02	8.11e-01	1.01e-01	3.57e-03	3.85e-05	2.71e-07	0.00e+00	0.00e+00	0.00e+00	0.00e+00
 4.86864e+22	2.68e-04	8.88e-02	8.14e-01	9.42e-02	3.11e-03	3.22e-05	2.20e-07	0.00e+00	0.00e+00	0.00e+00	0.00e+00
 4.90406e+22	3.02e-04	9.47e-02	8.16e-01	8.59e-02	2.61e-03	2.58e-05	1.70e-07	0.00e+00	0.00e+00	0.00e+00	0.00e+00
 4.95011e+22	3.58e-04	1.03e-01	8.19e-01	7.55e-02	2.05e-03	1.90e-05	1.20e-07	0.00e+00	0.00e+00	0.00e+00	0.00e+00
 4.99766e+22	4.12e-04	1.11e-01	8.19e-01	6.78e-02	1.68e-03	1.48e-05	0.00e+00	0.00e+00	0.00e+00	0.00e+00	0.00e+00
 5.04715e+22	4.94e-04	1.22e-01	8.18e-01	5.85e-02	1.29e-03	1.06e-05	0.00e+00	0.00e+00	0.00e+00	0.00e+00	0.00e+00
 5.09794e+22	5.69e-04	1.31e-01	8.16e-01	5.20e-02	1.05e-03	8.14e-06	0.00e+00	0.00e+00	0.00e+00	0.00e+00	0.00e+00
 5.15043e+22	6.89e-04	1.43e-01	8.11e-01	4.41e-02	7.83e-04	5.69e-06	0.00e+00	0.00e+00	0.00e+00	0.00e+00	0.00e+00
 5.20465e+22	8.06e-04	1.55e-01	8.05e-01	3.84e-02	6.19e-04	4.25e-06	0.00e+00	0.00e+00	0.00e+00	0.00e+00	0.00e+00
 5.26113e+22	9.89e-04	1.71e-01	7.96e-01	3.19e-02	4.50e-04	2.88e-06	0.00e+00	0.00e+00	0.00e+00	0.00e+00	0.00e+00
 5.31998e+22	1.18e-03	1.85e-01	7.86e-01	2.70e-02	3.44e-04	2.07e-06	0.00e+00	0.00e+00	0.00e+00	0.00e+00	0.00e+00
 5.38116e+22	1.47e-03	2.05e-01	7.71e-01	2.18e-02	2.42e-04	1.34e-06	0.00e+00	0.00e+00	0.00e+00	0.00e+00	0.00e+00
 5.44301e+22	1.77e-03	2.23e-01	7.57e-01	1.81e-02	1.82e-04	9.39e-07	0.00e+00	0.00e+00	0.00e+00	0.00e+00	0.00e+00
 5.49104e+22	2.03e-03	2.37e-01	7.45e-01	1.57e-02	1.47e-04	7.19e-07	0.00e+00	0.00e+00	0.00e+00	0.00e+00	0.00e+00
 5.53802e+22	2.41e-03	2.56e-01	7.29e-01	1.30e-02	1.11e-04	5.04e-07	0.00e+00	0.00e+00	0.00e+00	0.00e+00	0.00e+00
 5.58654e+22	2.82e-03	2.73e-01	7.13e-01	1.09e-02	8.62e-05	3.66e-07	0.00e+00	0.00e+00	0.00e+00	0.00e+00	0.00e+00
 5.63705e+22	3.41e-03	2.96e-01	6.92e-01	8.68e-03	6.28e-05	2.42e-07	0.00e+00	0.00e+00	0.00e+00	0.00e+00	0.00e+00
 5.68910e+22	4.05e-03	3.16e-01	6.72e-01	7.04e-03	4.74e-05	1.67e-07	0.00e+00	0.00e+00	0.00e+00	0.00e+00	0.00e+00
 5.73497e+22	4.75e-03	3.36e-01	6.53e-01	5.71e-03	3.62e-05	0.00e+00	0.00e+00	0.00e+00	0.00e+00	0.00e+00	0.00e+00
 5.77600e+22	5.45e-03	3.54e-01	6.36e-01	4.72e-03	2.85e-05	0.00e+00	0.00e+00	0.00e+00	0.00e+00	0.00e+00	0.00e+00
 5.81292e+22	6.24e-03	3.72e-01	6.18e-01	3.89e-03	2.25e-05	0.00e+00	0.00e+00	0.00e+00	0.00e+00	0.00e+00	0.00e+00
 5.85492e+22	7.37e-03	3.94e-01	5.96e-01	3.00e-03	1.66e-05	0.00e+00	0.00e+00	0.00e+00	0.00e+00	0.00e+00	0.00e+00
 5.89866e+22	8.59e-03	4.13e-01	5.76e-01	2.32e-03	1.24e-05	0.00e+00	0.00e+00	0.00e+00	0.00e+00	0.00e+00	0.00e+00
 5.93696e+22	9.86e-03	4.31e-01	5.57e-01	1.80e-03	9.39e-06	0.00e+00	0.00e+00	0.00e+00	0.00e+00	0.00e+00	0.00e+00
 5.97273e+22	1.13e-02	4.48e-01	5.40e-01	1.39e-03	7.12e-06	0.00e+00	0.00e+00	0.00e+00	0.00e+00	0.00e+00	0.00e+00
 6.00634e+22	1.27e-02	4.62e-01	5.25e-01	1.07e-03	5.43e-06	0.00e+00	0.00e+00	0.00e+00	0.00e+00	0.00e+00	0.00e+00
 6.03751e+22	1.43e-02	4.74e-01	5.11e-01	8.18e-04	4.16e-06	0.00e+00	0.00e+00	0.00e+00	0.00e+00	0.00e+00	0.00e+00
 6.06612e+22	1.59e-02	4.84e-01	4.99e-01	6.30e-04	3.21e-06	0.00e+00	0.00e+00	0.00e+00	0.00e+00	0.00e+00	0.00e+00
 6.09197e+22	1.75e-02	4.92e-01	4.90e-01	4.89e-04	2.52e-06	0.00e+00	0.00e+00	0.00e+00	0.00e+00	0.00e+00	0.00e+00
 6.11537e+22	1.91e-02	4.97e-01	4.83e-01	3.85e-04	2.01e-06	0.00e+00	0.00e+00	0.00e+00	0.00e+00	0.00e+00	0.00e+00
 6.13669e+22	2.07e-02	5.01e-01	4.78e-01	3.07e-04	1.62e-06	0.00e+00	0.00e+00	0.00e+00	0.00e+00	0.00e+00	0.00e+00
 6.15009e+22	2.14e-02	5.01e-01	4.78e-01	2.72e-04	1.45e-06	0.00e+00	0.00e+00	0.00e+00	0.00e+00	0.00e+00	0.00e+00
 6.15503e+22	2.17e-02	5.01e-01	4.77e-01	2.59e-04	1.39e-06	0.00e+00	0.00e+00	0.00e+00	0.00e+00	0.00e+00	0.00e+00
 6.15899e+22	2.21e-02	5.01e-01	4.77e-01	2.48e-04	1.33e-06	0.00e+00	0.00e+00	0.00e+00	0.00e+00	0.00e+00	0.00e+00
 6.16412e+22	2.26e-02	5.02e-01	4.75e-01	2.34e-04	1.26e-06	0.00e+00	0.00e+00	0.00e+00	0.00e+00	0.00e+00	0.00e+00
 6.17015e+22	2.32e-02	5.03e-01	4.74e-01	2.19e-04	1.18e-06	0.00e+00	0.00e+00	0.00e+00	0.00e+00	0.00e+00	0.00e+00
 6.17616e+22	2.36e-02	5.02e-01	4.74e-01	2.06e-04	1.12e-06	0.00e+00	0.00e+00	0.00e+00	0.00e+00	0.00e+00	0.00e+00
 6.18202e+22	2.42e-02	5.03e-01	4.73e-01	1.93e-04	1.06e-06	0.00e+00	0.00e+00	0.00e+00	0.00e+00	0.00e+00	0.00e+00
 6.18795e+22	2.47e-02	5.03e-01	4.72e-01	1.81e-04	9.98e-07	0.00e+00	0.00e+00	0.00e+00	0.00e+00	0.00e+00	0.00e+00
 6.19382e+22	2.53e-02	5.02e-01	4.72e-01	1.71e-04	9.45e-07	0.00e+00	0.00e+00	0.00e+00	0.00e+00	0.00e+00	0.00e+00
 6.19976e+22	2.58e-02	5.02e-01	4.72e-01	1.61e-04	8.94e-07	0.00e+00	0.00e+00	0.00e+00	0.00e+00	0.00e+00	0.00e+00
 6.20588e+22	2.64e-02	5.02e-01	4.72e-01	1.51e-04	8.46e-07	0.00e+00	0.00e+00	0.00e+00	0.00e+00	0.00e+00	0.00e+00
 6.21214e+22	2.70e-02	5.01e-01	4.72e-01	1.42e-04	8.00e-07	0.00e+00	0.00e+00	0.00e+00	0.00e+00	0.00e+00	0.00e+00
 6.21853e+22	2.76e-02	5.00e-01	4.72e-01	1.33e-04	7.58e-07	0.00e+00	0.00e+00	0.00e+00	0.00e+00	0.00e+00	0.00e+00
 6.22504e+22	2.82e-02	4.99e-01	4.73e-01	1.26e-04	7.18e-07	0.00e+00	0.00e+00	0.00e+00	0.00e+00	0.00e+00	0.00e+00
 6.23170e+22	2.88e-02	4.98e-01	4.73e-01	1.18e-04	6.80e-07	0.00e+00	0.00e+00	0.00e+00	0.00e+00	0.00e+00	0.00e+00
 6.23856e+22	2.95e-02	4.96e-01	4.74e-01	1.11e-04	6.45e-07	0.00e+00	0.00e+00	0.00e+00	0.00e+00	0.00e+00	0.00e+00
 6.24571e+22	3.02e-02	4.95e-01	4.75e-01	1.05e-04	6.12e-07	0.00e+00	0.00e+00	0.00e+00	0.00e+00	0.00e+00	0.00e+00
 6.25310e+22	3.08e-02	4.93e-01	4.76e-01	9.84e-05	5.81e-07	0.00e+00	0.00e+00	0.00e+00	0.00e+00	0.00e+00	0.00e+00
 6.26044e+22	3.15e-02	4.91e-01	4.78e-01	9.30e-05	5.53e-07	0.00e+00	0.00e+00	0.00e+00	0.00e+00	0.00e+00	0.00e+00
 6.26617e+22	3.18e-02	4.88e-01	4.80e-01	8.95e-05	5.36e-07	0.00e+00	0.00e+00	0.00e+00	0.00e+00	0.00e+00	0.00e+00
 6.27003e+22	3.22e-02	4.87e-01	4.80e-01	8.72e-05	5.24e-07	0.00e+00	0.00e+00	0.00e+00	0.00e+00	0.00e+00	0.00e+00
 6.27374e+22	3.25e-02	4.86e-01	4.81e-01	8.49e-05	5.13e-07	0.00e+00	0.00e+00	0.00e+00	0.00e+00	0.00e+00	0.00e+00
 6.27816e+22	3.30e-02	4.86e-01	4.81e-01	8.22e-05	4.99e-07	0.00e+00	0.00e+00	0.00e+00	0.00e+00	0.00e+00	0.00e+00
 6.28301e+22	3.35e-02	4.85e-01	4.82e-01	7.95e-05	4.86e-07	0.00e+00	0.00e+00	0.00e+00	0.00e+00	0.00e+00	0.00e+00
 6.28769e+22	3.38e-02	4.83e-01	4.83e-01	7.72e-05	4.75e-07	0.00e+00	0.00e+00	0.00e+00	0.00e+00	0.00e+00	0.00e+00
 6.29228e+22	3.43e-02	4.82e-01	4.83e-01	7.49e-05	4.63e-07	0.00e+00	0.00e+00	0.00e+00	0.00e+00	0.00e+00	0.00e+00
 6.29699e+22	3.48e-02	4.81e-01	4.84e-01	7.27e-05	4.52e-07	0.00e+00	0.00e+00	0.00e+00	0.00e+00	0.00e+00	0.00e+00
 6.30178e+22	3.53e-02	4.80e-01	4.84e-01	7.06e-05	4.42e-07	0.00e+00	0.00e+00	0.00e+00	0.00e+00	0.00e+00	0.00e+00
 6.30662e+22	3.59e-02	4.80e-01	4.84e-01	6.85e-05	4.31e-07	0.00e+00	0.00e+00	0.00e+00	0.00e+00	0.00e+00	0.00e+00
 6.31147e+22	3.63e-02	4.79e-01	4.85e-01	6.67e-05	4.22e-07	0.00e+00	0.00e+00	0.00e+00	0.00e+00	0.00e+00	0.00e+00
 6.31648e+22	3.70e-02	4.78e-01	4.85e-01	6.48e-05	4.13e-07	0.00e+00	0.00e+00	0.00e+00	0.00e+00	0.00e+00	0.00e+00
 6.32174e+22	3.76e-02	4.78e-01	4.85e-01	6.29e-05	4.03e-07	0.00e+00	0.00e+00	0.00e+00	0.00e+00	0.00e+00	0.00e+00
 6.32699e+22	3.83e-02	4.78e-01	4.84e-01	6.11e-05	3.94e-07	0.00e+00	0.00e+00	0.00e+00	0.00e+00	0.00e+00	0.00e+00
 6.33223e+22	3.89e-02	4.77e-01	4.84e-01	5.94e-05	3.86e-07	0.00e+00	0.00e+00	0.00e+00	0.00e+00	0.00e+00	0.00e+00
 6.33769e+22	3.97e-02	4.77e-01	4.83e-01	5.77e-05	3.78e-07	0.00e+00	0.00e+00	0.00e+00	0.00e+00	0.00e+00	0.00e+00
 6.34340e+22	4.05e-02	4.77e-01	4.82e-01	5.60e-05	3.69e-07	0.00e+00	0.00e+00	0.00e+00	0.00e+00	0.00e+00	0.00e+00
 6.34913e+22	4.13e-02	4.77e-01	4.81e-01	5.44e-05	3.61e-07	0.00e+00	0.00e+00	0.00e+00	0.00e+00	0.00e+00	0.00e+00
 6.35495e+22	4.22e-02	4.78e-01	4.80e-01	5.29e-05	3.54e-07	0.00e+00	0.00e+00	0.00e+00	0.00e+00	0.00e+00	0.00e+00
 6.36102e+22	4.31e-02	4.78e-01	4.79e-01	5.13e-05	3.46e-07	0.00e+00	0.00e+00	0.00e+00	0.00e+00	0.00e+00	0.00e+00
 6.36731e+22	4.42e-02	4.79e-01	4.77e-01	4.97e-05	3.38e-07	0.00e+00	0.00e+00	0.00e+00	0.00e+00	0.00e+00	0.00e+00
 6.37370e+22	4.52e-02	4.80e-01	4.75e-01	4.82e-05	3.30e-07	0.00e+00	0.00e+00	0.00e+00	0.00e+00	0.00e+00	0.00e+00
 6.38023e+22	4.64e-02	4.81e-01	4.73e-01	4.68e-05	3.23e-07	0.00e+00	0.00e+00	0.00e+00	0.00e+00	0.00e+00	0.00e+00
 6.38702e+22	4.77e-02	4.82e-01	4.70e-01	4.53e-05	3.15e-07	0.00e+00	0.00e+00	0.00e+00	0.00e+00	0.00e+00	0.00e+00
 6.39401e+22	4.90e-02	4.83e-01	4.68e-01	4.39e-05	3.08e-07	0.00e+00	0.00e+00	0.00e+00	0.00e+00	0.00e+00	0.00e+00
 6.40119e+22	5.04e-02	4.85e-01	4.65e-01	4.24e-05	3.01e-07	0.00e+00	0.00e+00	0.00e+00	0.00e+00	0.00e+00	0.00e+00
 6.40861e+22	5.20e-02	4.87e-01	4.61e-01	4.10e-05	2.93e-07	0.00e+00	0.00e+00	0.00e+00	0.00e+00	0.00e+00	0.00e+00
 6.41620e+22	5.36e-02	4.89e-01	4.58e-01	3.97e-05	2.86e-07	0.00e+00	0.00e+00	0.00e+00	0.00e+00	0.00e+00	0.00e+00
 6.42399e+22	5.53e-02	4.91e-01	4.54e-01	3.83e-05	2.79e-07	0.00e+00	0.00e+00	0.00e+00	0.00e+00	0.00e+00	0.00e+00
 6.43195e+22	5.73e-02	4.93e-01	4.49e-01	3.70e-05	2.71e-07	0.00e+00	0.00e+00	0.00e+00	0.00e+00	0.00e+00	0.00e+00
 6.44007e+22	5.93e-02	4.96e-01	4.45e-01	3.57e-05	2.64e-07	0.00e+00	0.00e+00	0.00e+00	0.00e+00	0.00e+00	0.00e+00
 6.44837e+22	6.14e-02	4.99e-01	4.40e-01	3.44e-05	2.57e-07	0.00e+00	0.00e+00	0.00e+00	0.00e+00	0.00e+00	0.00e+00
 6.45673e+22	6.36e-02	5.02e-01	4.35e-01	3.32e-05	2.50e-07	0.00e+00	0.00e+00	0.00e+00	0.00e+00	0.00e+00	0.00e+00
 6.46507e+22	6.59e-02	5.04e-01	4.30e-01	3.20e-05	2.44e-07	0.00e+00	0.00e+00	0.00e+00	0.00e+00	0.00e+00	0.00e+00
 6.47357e+22	6.84e-02	5.08e-01	4.24e-01	3.09e-05	2.37e-07	0.00e+00	0.00e+00	0.00e+00	0.00e+00	0.00e+00	0.00e+00
 6.48235e+22	7.09e-02	5.11e-01	4.18e-01	2.98e-05	2.30e-07	0.00e+00	0.00e+00	0.00e+00	0.00e+00	0.00e+00	0.00e+00
 6.49124e+22	7.36e-02	5.14e-01	4.12e-01	2.87e-05	2.23e-07	0.00e+00	0.00e+00	0.00e+00	0.00e+00	0.00e+00	0.00e+00
 6.50018e+22	7.64e-02	5.17e-01	4.07e-01	2.76e-05	2.17e-07	0.00e+00	0.00e+00	0.00e+00	0.00e+00	0.00e+00	0.00e+00
 6.50939e+22	7.95e-02	5.21e-01	4.00e-01	2.65e-05	2.10e-07	0.00e+00	0.00e+00	0.00e+00	0.00e+00	0.00e+00	0.00e+00
 6.51888e+22	8.28e-02	5.24e-01	3.93e-01	2.55e-05	2.03e-07	0.00e+00	0.00e+00	0.00e+00	0.00e+00	0.00e+00	0.00e+00
 6.52848e+22	8.62e-02	5.28e-01	3.86e-01	2.45e-05	1.96e-07	0.00e+00	0.00e+00	0.00e+00	0.00e+00	0.00e+00	0.00e+00
 6.53820e+22	9.01e-02	5.31e-01	3.79e-01	2.35e-05	1.89e-07	0.00e+00	0.00e+00	0.00e+00	0.00e+00	0.00e+00	0.00e+00
 6.54822e+22	9.42e-02	5.35e-01	3.71e-01	2.25e-05	1.82e-07	0.00e+00	0.00e+00	0.00e+00	0.00e+00	0.00e+00	0.00e+00
 6.55851e+22	9.85e-02	5.39e-01	3.63e-01	2.16e-05	1.75e-07	0.00e+00	0.00e+00	0.00e+00	0.00e+00	0.00e+00	0.00e+00
 6.56861e+22	1.03e-01	5.42e-01	3.55e-01	2.07e-05	1.68e-07	0.00e+00	0.00e+00	0.00e+00	0.00e+00	0.00e+00	0.00e+00
 6.57813e+22	1.07e-01	5.45e-01	3.47e-01	1.96e-05	1.62e-07	0.00e+00	0.00e+00	0.00e+00	0.00e+00	0.00e+00	0.00e+00
 6.58691e+22	1.12e-01	5.48e-01	3.40e-01	1.86e-05	1.56e-07	0.00e+00	0.00e+00	0.00e+00	0.00e+00	0.00e+00	0.00e+00
 6.59506e+22	1.16e-01	5.51e-01	3.33e-01	1.77e-05	1.50e-07	0.00e+00	0.00e+00	0.00e+00	0.00e+00	0.00e+00	0.00e+00
 6.60260e+22	1.20e-01	5.53e-01	3.26e-01	1.70e-05	1.45e-07	0.00e+00	0.00e+00	0.00e+00	0.00e+00	0.00e+00	0.00e+00
 6.60989e+22	1.25e-01	5.56e-01	3.19e-01	1.62e-05	1.40e-07	0.00e+00	0.00e+00	0.00e+00	0.00e+00	0.00e+00	0.00e+00
 6.61722e+22	1.29e-01	5.58e-01	3.13e-01	1.55e-05	1.36e-07	0.00e+00	0.00e+00	0.00e+00	0.00e+00	0.00e+00	0.00e+00
 6.62442e+22	1.34e-01	5.60e-01	3.06e-01	1.48e-05	1.30e-07	0.00e+00	0.00e+00	0.00e+00	0.00e+00	0.00e+00	0.00e+00
 6.63115e+22	1.38e-01	5.62e-01	3.00e-01	1.42e-05	1.26e-07	0.00e+00	0.00e+00	0.00e+00	0.00e+00	0.00e+00	0.00e+00
 6.63742e+22	1.43e-01	5.63e-01	2.94e-01	1.36e-05	0.00e+00	0.00e+00	0.00e+00	0.00e+00	0.00e+00	0.00e+00	0.00e+00
 6.64373e+22	1.48e-01	5.65e-01	2.88e-01	1.31e-05	0.00e+00	0.00e+00	0.00e+00	0.00e+00	0.00e+00	0.00e+00	0.00e+00
 6.64981e+22	1.52e-01	5.66e-01	2.82e-01	1.26e-05	0.00e+00	0.00e+00	0.00e+00	0.00e+00	0.00e+00	0.00e+00	0.00e+00
 6.65555e+22	1.57e-01	5.67e-01	2.76e-01	1.21e-05	0.00e+00	0.00e+00	0.00e+00	0.00e+00	0.00e+00	0.00e+00	0.00e+00
 6.66125e+22	1.62e-01	5.68e-01	2.70e-01	1.16e-05	0.00e+00	0.00e+00	0.00e+00	0.00e+00	0.00e+00	0.00e+00	0.00e+00
 6.66672e+22	1.67e-01	5.69e-01	2.64e-01	1.12e-05	0.00e+00	0.00e+00	0.00e+00	0.00e+00	0.00e+00	0.00e+00	0.00e+00
 6.67186e+22	1.71e-01	5.70e-01	2.59e-01	1.08e-05	0.00e+00	0.00e+00	0.00e+00	0.00e+00	0.00e+00	0.00e+00	0.00e+00
 6.67690e+22	1.76e-01	5.70e-01	2.54e-01	1.04e-05	0.00e+00	0.00e+00	0.00e+00	0.00e+00	0.00e+00	0.00e+00	0.00e+00
 6.68180e+22	1.81e-01	5.71e-01	2.48e-01	9.99e-06	0.00e+00	0.00e+00	0.00e+00	0.00e+00	0.00e+00	0.00e+00	0.00e+00
 6.68642e+22	1.86e-01	5.71e-01	2.43e-01	9.64e-06	0.00e+00	0.00e+00	0.00e+00	0.00e+00	0.00e+00	0.00e+00	0.00e+00
 6.69062e+22	1.90e-01	5.71e-01	2.38e-01	9.33e-06	0.00e+00	0.00e+00	0.00e+00	0.00e+00	0.00e+00	0.00e+00	0.00e+00
 6.69444e+22	1.95e-01	5.71e-01	2.34e-01	9.05e-06	0.00e+00	0.00e+00	0.00e+00	0.00e+00	0.00e+00	0.00e+00	0.00e+00
 6.69792e+22	1.99e-01	5.71e-01	2.30e-01	8.80e-06	0.00e+00	0.00e+00	0.00e+00	0.00e+00	0.00e+00	0.00e+00	0.00e+00
 6.70108e+22	2.03e-01	5.71e-01	2.26e-01	8.57e-06	0.00e+00	0.00e+00	0.00e+00	0.00e+00	0.00e+00	0.00e+00	0.00e+00
 6.70396e+22	2.06e-01	5.71e-01	2.22e-01	8.36e-06	0.00e+00	0.00e+00	0.00e+00	0.00e+00	0.00e+00	0.00e+00	0.00e+00
 6.70658e+22	2.10e-01	5.71e-01	2.19e-01	8.18e-06	0.00e+00	0.00e+00	0.00e+00	0.00e+00	0.00e+00	0.00e+00	0.00e+00
 6.70945e+22	2.14e-01	5.71e-01	2.15e-01	7.96e-06	0.00e+00	0.00e+00	0.00e+00	0.00e+00	0.00e+00	0.00e+00	0.00e+00
 6.71255e+22	2.18e-01	5.70e-01	2.12e-01	7.75e-06	0.00e+00	0.00e+00	0.00e+00	0.00e+00	0.00e+00	0.00e+00	0.00e+00
 6.71537e+22	2.21e-01	5.70e-01	2.09e-01	7.57e-06	0.00e+00	0.00e+00	0.00e+00	0.00e+00	0.00e+00	0.00e+00	0.00e+00
 6.71794e+22	2.25e-01	5.70e-01	2.05e-01	7.40e-06	0.00e+00	0.00e+00	0.00e+00	0.00e+00	0.00e+00	0.00e+00	0.00e+00
 6.72028e+22	2.27e-01	5.69e-01	2.03e-01	7.27e-06	0.00e+00	0.00e+00	0.00e+00	0.00e+00	0.00e+00	0.00e+00	0.00e+00
 6.72284e+22	2.32e-01	5.69e-01	2.00e-01	7.08e-06	0.00e+00	0.00e+00	0.00e+00	0.00e+00	0.00e+00	0.00e+00	0.00e+00
 6.72616e+22	2.37e-01	5.68e-01	1.95e-01	6.85e-06	0.00e+00	0.00e+00	0.00e+00	0.00e+00	0.00e+00	0.00e+00	0.00e+00
 6.72976e+22	2.41e-01	5.67e-01	1.92e-01	6.65e-06	0.00e+00	0.00e+00	0.00e+00	0.00e+00	0.00e+00	0.00e+00	0.00e+00
 6.73303e+22	2.46e-01	5.66e-01	1.88e-01	6.46e-06	0.00e+00	0.00e+00	0.00e+00	0.00e+00	0.00e+00	0.00e+00	0.00e+00
 6.73600e+22	2.49e-01	5.66e-01	1.85e-01	6.30e-06	0.00e+00	0.00e+00	0.00e+00	0.00e+00	0.00e+00	0.00e+00	0.00e+00
 6.73926e+22	2.54e-01	5.65e-01	1.81e-01	6.11e-06	0.00e+00	0.00e+00	0.00e+00	0.00e+00	0.00e+00	0.00e+00	0.00e+00
 6.74278e+22	2.58e-01	5.64e-01	1.78e-01	5.94e-06	0.00e+00	0.00e+00	0.00e+00	0.00e+00	0.00e+00	0.00e+00	0.00e+00
 6.74598e+22	2.62e-01	5.63e-01	1.75e-01	5.79e-06	0.00e+00	0.00e+00	0.00e+00	0.00e+00	0.00e+00	0.00e+00	0.00e+00
 6.74890e+22	2.66e-01	5.62e-01	1.72e-01	5.64e-06	0.00e+00	0.00e+00	0.00e+00	0.00e+00	0.00e+00	0.00e+00	0.00e+00
 6.75155e+22	2.69e-01	5.61e-01	1.70e-01	5.53e-06	0.00e+00	0.00e+00	0.00e+00	0.00e+00	0.00e+00	0.00e+00	0.00e+00
 6.75446e+22	2.74e-01	5.60e-01	1.67e-01	5.37e-06	0.00e+00	0.00e+00	0.00e+00	0.00e+00	0.00e+00	0.00e+00	0.00e+00
 6.75824e+22	2.79e-01	5.58e-01	1.63e-01	5.18e-06	0.00e+00	0.00e+00	0.00e+00	0.00e+00	0.00e+00	0.00e+00	0.00e+00
 6.76231e+22	2.84e-01	5.56e-01	1.59e-01	5.01e-06	0.00e+00	0.00e+00	0.00e+00	0.00e+00	0.00e+00	0.00e+00	0.00e+00
 6.76603e+22	2.89e-01	5.55e-01	1.56e-01	4.86e-06	0.00e+00	0.00e+00	0.00e+00	0.00e+00	0.00e+00	0.00e+00	0.00e+00
 6.76940e+22	2.93e-01	5.53e-01	1.53e-01	4.72e-06	0.00e+00	0.00e+00	0.00e+00	0.00e+00	0.00e+00	0.00e+00	0.00e+00
 6.77248e+22	2.98e-01	5.52e-01	1.50e-01	4.60e-06	0.00e+00	0.00e+00	0.00e+00	0.00e+00	0.00e+00	0.00e+00	0.00e+00
 6.77527e+22	3.02e-01	5.51e-01	1.48e-01	4.49e-06	0.00e+00	0.00e+00	0.00e+00	0.00e+00	0.00e+00	0.00e+00	0.00e+00
 6.77834e+22	3.07e-01	5.49e-01	1.45e-01	4.34e-06	0.00e+00	0.00e+00	0.00e+00	0.00e+00	0.00e+00	0.00e+00	0.00e+00
 6.78165e+22	3.12e-01	5.47e-01	1.42e-01	4.21e-06	0.00e+00	0.00e+00	0.00e+00	0.00e+00	0.00e+00	0.00e+00	0.00e+00
 6.78466e+22	3.16e-01	5.45e-01	1.39e-01	4.10e-06	0.00e+00	0.00e+00	0.00e+00	0.00e+00	0.00e+00	0.00e+00	0.00e+00
 6.78740e+22	3.21e-01	5.43e-01	1.36e-01	3.99e-06	0.00e+00	0.00e+00	0.00e+00	0.00e+00	0.00e+00	0.00e+00	0.00e+00
 6.78989e+22	3.24e-01	5.42e-01	1.34e-01	3.91e-06	0.00e+00	0.00e+00	0.00e+00	0.00e+00	0.00e+00	0.00e+00	0.00e+00
 6.79263e+22	3.29e-01	5.40e-01	1.32e-01	3.80e-06	0.00e+00	0.00e+00	0.00e+00	0.00e+00	0.00e+00	0.00e+00	0.00e+00
 6.79618e+22	3.35e-01	5.37e-01	1.28e-01	3.66e-06	0.00e+00	0.00e+00	0.00e+00	0.00e+00	0.00e+00	0.00e+00	0.00e+00
 6.80001e+22	3.40e-01	5.35e-01	1.25e-01	3.54e-06	0.00e+00	0.00e+00	0.00e+00	0.00e+00	0.00e+00	0.00e+00	0.00e+00
 6.80350e+22	3.45e-01	5.32e-01	1.23e-01	3.43e-06	0.00e+00	0.00e+00	0.00e+00	0.00e+00	0.00e+00	0.00e+00	0.00e+00
 6.80668e+22	3.50e-01	5.30e-01	1.20e-01	3.34e-06	0.00e+00	0.00e+00	0.00e+00	0.00e+00	0.00e+00	0.00e+00	0.00e+00
 6.80957e+22	3.54e-01	5.28e-01	1.18e-01	3.25e-06	0.00e+00	0.00e+00	0.00e+00	0.00e+00	0.00e+00	0.00e+00	0.00e+00
 6.81220e+22	3.58e-01	5.26e-01	1.16e-01	3.17e-06	0.00e+00	0.00e+00	0.00e+00	0.00e+00	0.00e+00	0.00e+00	0.00e+00
 6.81508e+22	3.64e-01	5.23e-01	1.13e-01	3.07e-06	0.00e+00	0.00e+00	0.00e+00	0.00e+00	0.00e+00	0.00e+00	0.00e+00
 6.81819e+22	3.68e-01	5.21e-01	1.11e-01	2.98e-06	0.00e+00	0.00e+00	0.00e+00	0.00e+00	0.00e+00	0.00e+00	0.00e+00
 6.82102e+22	3.72e-01	5.19e-01	1.09e-01	2.91e-06	0.00e+00	0.00e+00	0.00e+00	0.00e+00	0.00e+00	0.00e+00	0.00e+00
 6.82412e+22	3.78e-01	5.16e-01	1.06e-01	2.81e-06	0.00e+00	0.00e+00	0.00e+00	0.00e+00	0.00e+00	0.00e+00	0.00e+00
 6.82747e+22	3.83e-01	5.13e-01	1.04e-01	2.73e-06	0.00e+00	0.00e+00	0.00e+00	0.00e+00	0.00e+00	0.00e+00	0.00e+00
 6.83052e+22	3.87e-01	5.11e-01	1.02e-01	2.66e-06	0.00e+00	0.00e+00	0.00e+00	0.00e+00	0.00e+00	0.00e+00	0.00e+00
 6.83329e+22	3.91e-01	5.09e-01	1.00e-01	2.58e-06	0.00e+00	0.00e+00	0.00e+00	0.00e+00	0.00e+00	0.00e+00	0.00e+00
 6.83582e+22	3.94e-01	5.07e-01	9.89e-02	2.54e-06	0.00e+00	0.00e+00	0.00e+00	0.00e+00	0.00e+00	0.00e+00	0.00e+00
 6.83858e+22	3.99e-01	5.05e-01	9.69e-02	2.47e-06	0.00e+00	0.00e+00	0.00e+00	0.00e+00	0.00e+00	0.00e+00	0.00e+00
 6.84218e+22	4.04e-01	5.02e-01	9.46e-02	2.39e-06	0.00e+00	0.00e+00	0.00e+00	0.00e+00	0.00e+00	0.00e+00	0.00e+00
 6.84606e+22	4.08e-01	4.99e-01	9.27e-02	2.31e-06	0.00e+00	0.00e+00	0.00e+00	0.00e+00	0.00e+00	0.00e+00	0.00e+00
 6.84959e+22	4.13e-01	4.96e-01	9.06e-02	2.24e-06	0.00e+00	0.00e+00	0.00e+00	0.00e+00	0.00e+00	0.00e+00	0.00e+00
 6.85280e+22	4.17e-01	4.94e-01	8.93e-02	2.19e-06	0.00e+00	0.00e+00	0.00e+00	0.00e+00	0.00e+00	0.00e+00	0.00e+00
 6.85633e+22	4.22e-01	4.91e-01	8.70e-02	2.11e-06	0.00e+00	0.00e+00	0.00e+00	0.00e+00	0.00e+00	0.00e+00	0.00e+00
 6.86013e+22	4.27e-01	4.88e-01	8.53e-02	2.05e-06	0.00e+00	0.00e+00	0.00e+00	0.00e+00	0.00e+00	0.00e+00	0.00e+00
 6.86359e+22	4.31e-01	4.85e-01	8.36e-02	1.99e-06	0.00e+00	0.00e+00	0.00e+00	0.00e+00	0.00e+00	0.00e+00	0.00e+00
 6.86738e+22	4.37e-01	4.82e-01	8.14e-02	1.92e-06	0.00e+00	0.00e+00	0.00e+00	0.00e+00	0.00e+00	0.00e+00	0.00e+00
 6.87147e+22	4.42e-01	4.79e-01	7.96e-02	1.86e-06	0.00e+00	0.00e+00	0.00e+00	0.00e+00	0.00e+00	0.00e+00	0.00e+00
 6.87520e+22	4.47e-01	4.75e-01	7.76e-02	1.80e-06	0.00e+00	0.00e+00	0.00e+00	0.00e+00	0.00e+00	0.00e+00	0.00e+00
 6.87859e+22	4.51e-01	4.73e-01	7.64e-02	1.75e-06	0.00e+00	0.00e+00	0.00e+00	0.00e+00	0.00e+00	0.00e+00	0.00e+00
 6.88230e+22	4.56e-01	4.69e-01	7.44e-02	1.69e-06	0.00e+00	0.00e+00	0.00e+00	0.00e+00	0.00e+00	0.00e+00	0.00e+00
 6.88631e+22	4.61e-01	4.66e-01	7.28e-02	1.64e-06	0.00e+00	0.00e+00	0.00e+00	0.00e+00	0.00e+00	0.00e+00	0.00e+00
 6.88996e+22	4.66e-01	4.63e-01	7.10e-02	1.58e-06	0.00e+00	0.00e+00	0.00e+00	0.00e+00	0.00e+00	0.00e+00	0.00e+00
 6.89328e+22	4.69e-01	4.61e-01	7.00e-02	1.55e-06	0.00e+00	0.00e+00	0.00e+00	0.00e+00	0.00e+00	0.00e+00	0.00e+00
 6.89692e+22	4.75e-01	4.57e-01	6.83e-02	1.50e-06	0.00e+00	0.00e+00	0.00e+00	0.00e+00	0.00e+00	0.00e+00	0.00e+00
 6.90085e+22	4.79e-01	4.54e-01	6.68e-02	1.45e-06	0.00e+00	0.00e+00	0.00e+00	0.00e+00	0.00e+00	0.00e+00	0.00e+00
 6.90442e+22	4.83e-01	4.52e-01	6.57e-02	1.41e-06	0.00e+00	0.00e+00	0.00e+00	0.00e+00	0.00e+00	0.00e+00	0.00e+00
 6.90834e+22	4.89e-01	4.47e-01	6.38e-02	1.36e-06	0.00e+00	0.00e+00	0.00e+00	0.00e+00	0.00e+00	0.00e+00	0.00e+00
 6.91257e+22	4.93e-01	4.44e-01	6.24e-02	1.32e-06	0.00e+00	0.00e+00	0.00e+00	0.00e+00	0.00e+00	0.00e+00	0.00e+00
 6.91642e+22	4.98e-01	4.41e-01	6.09e-02	1.27e-06	0.00e+00	0.00e+00	0.00e+00	0.00e+00	0.00e+00	0.00e+00	0.00e+00
 6.91992e+22	5.02e-01	4.38e-01	6.00e-02	1.24e-06	0.00e+00	0.00e+00	0.00e+00	0.00e+00	0.00e+00	0.00e+00	0.00e+00
 6.92376e+22	5.07e-01	4.35e-01	5.84e-02	1.20e-06	0.00e+00	0.00e+00	0.00e+00	0.00e+00	0.00e+00	0.00e+00	0.00e+00
 6.92790e+22	5.11e-01	4.32e-01	5.72e-02	1.16e-06	0.00e+00	0.00e+00	0.00e+00	0.00e+00	0.00e+00	0.00e+00	0.00e+00
 6.93167e+22	5.15e-01	4.29e-01	5.62e-02	1.13e-06	0.00e+00	0.00e+00	0.00e+00	0.00e+00	0.00e+00	0.00e+00	0.00e+00
 6.93580e+22	5.21e-01	4.25e-01	5.46e-02	1.09e-06	0.00e+00	0.00e+00	0.00e+00	0.00e+00	0.00e+00	0.00e+00	0.00e+00
 6.94026e+22	5.25e-01	4.21e-01	5.34e-02	1.05e-06	0.00e+00	0.00e+00	0.00e+00	0.00e+00	0.00e+00	0.00e+00	0.00e+00
 6.94432e+22	5.29e-01	4.19e-01	5.24e-02	1.02e-06	0.00e+00	0.00e+00	0.00e+00	0.00e+00	0.00e+00	0.00e+00	0.00e+00
 6.94876e+22	5.35e-01	4.14e-01	5.08e-02	9.83e-07	0.00e+00	0.00e+00	0.00e+00	0.00e+00	0.00e+00	0.00e+00	0.00e+00
 6.95357e+22	5.40e-01	4.11e-01	4.96e-02	9.50e-07	0.00e+00	0.00e+00	0.00e+00	0.00e+00	0.00e+00	0.00e+00	0.00e+00
 6.95794e+22	5.44e-01	4.08e-01	4.86e-02	9.21e-07	0.00e+00	0.00e+00	0.00e+00	0.00e+00	0.00e+00	0.00e+00	0.00e+00
 6.96272e+22	5.50e-01	4.03e-01	4.71e-02	8.83e-07	0.00e+00	0.00e+00	0.00e+00	0.00e+00	0.00e+00	0.00e+00	0.00e+00
 6.96789e+22	5.55e-01	4.00e-01	4.60e-02	8.52e-07	0.00e+00	0.00e+00	0.00e+00	0.00e+00	0.00e+00	0.00e+00	0.00e+00
 6.97259e+22	5.59e-01	3.96e-01	4.50e-02	8.24e-07	0.00e+00	0.00e+00	0.00e+00	0.00e+00	0.00e+00	0.00e+00	0.00e+00
 6.97775e+22	5.65e-01	3.92e-01	4.36e-02	7.89e-07	0.00e+00	0.00e+00	0.00e+00	0.00e+00	0.00e+00	0.00e+00	0.00e+00
 6.98331e+22	5.69e-01	3.88e-01	4.25e-02	7.61e-07	0.00e+00	0.00e+00	0.00e+00	0.00e+00	0.00e+00	0.00e+00	0.00e+00
 6.98838e+22	5.75e-01	3.84e-01	4.14e-02	7.32e-07	0.00e+00	0.00e+00	0.00e+00	0.00e+00	0.00e+00	0.00e+00	0.00e+00
 6.99298e+22	5.79e-01	3.81e-01	4.05e-02	7.09e-07	0.00e+00	0.00e+00	0.00e+00	0.00e+00	0.00e+00	0.00e+00	0.00e+00
 6.99803e+22	5.85e-01	3.76e-01	3.93e-02	6.80e-07	0.00e+00	0.00e+00	0.00e+00	0.00e+00	0.00e+00	0.00e+00	0.00e+00
 7.00348e+22	5.90e-01	3.72e-01	3.82e-02	6.54e-07	0.00e+00	0.00e+00	0.00e+00	0.00e+00	0.00e+00	0.00e+00	0.00e+00
 7.00844e+22	5.93e-01	3.69e-01	3.74e-02	6.34e-07	0.00e+00	0.00e+00	0.00e+00	0.00e+00	0.00e+00	0.00e+00	0.00e+00
 7.01388e+22	5.99e-01	3.65e-01	3.63e-02	6.07e-07	0.00e+00	0.00e+00	0.00e+00	0.00e+00	0.00e+00	0.00e+00	0.00e+00
 7.01975e+22	6.04e-01	3.61e-01	3.54e-02	5.85e-07	0.00e+00	0.00e+00	0.00e+00	0.00e+00	0.00e+00	0.00e+00	0.00e+00
 7.02509e+22	6.08e-01	3.57e-01	3.45e-02	5.63e-07	0.00e+00	0.00e+00	0.00e+00	0.00e+00	0.00e+00	0.00e+00	0.00e+00
 7.02995e+22	6.12e-01	3.54e-01	3.37e-02	5.45e-07	0.00e+00	0.00e+00	0.00e+00	0.00e+00	0.00e+00	0.00e+00	0.00e+00
 7.03527e+22	6.18e-01	3.49e-01	3.27e-02	5.23e-07	0.00e+00	0.00e+00	0.00e+00	0.00e+00	0.00e+00	0.00e+00	0.00e+00
 7.04102e+22	6.23e-01	3.46e-01	3.18e-02	5.03e-07	0.00e+00	0.00e+00	0.00e+00	0.00e+00	0.00e+00	0.00e+00	0.00e+00
 7.04625e+22	6.26e-01	3.42e-01	3.11e-02	4.87e-07	0.00e+00	0.00e+00	0.00e+00	0.00e+00	0.00e+00	0.00e+00	0.00e+00
 7.05198e+22	6.32e-01	3.38e-01	3.02e-02	4.66e-07	0.00e+00	0.00e+00	0.00e+00	0.00e+00	0.00e+00	0.00e+00	0.00e+00
 7.05817e+22	6.37e-01	3.34e-01	2.94e-02	4.48e-07	0.00e+00	0.00e+00	0.00e+00	0.00e+00	0.00e+00	0.00e+00	0.00e+00
 7.06380e+22	6.41e-01	3.31e-01	2.87e-02	4.33e-07	0.00e+00	0.00e+00	0.00e+00	0.00e+00	0.00e+00	0.00e+00	0.00e+00
 7.06997e+22	6.46e-01	3.26e-01	2.78e-02	4.13e-07	0.00e+00	0.00e+00	0.00e+00	0.00e+00	0.00e+00	0.00e+00	0.00e+00
 7.07664e+22	6.51e-01	3.22e-01	2.70e-02	3.96e-07	0.00e+00	0.00e+00	0.00e+00	0.00e+00	0.00e+00	0.00e+00	0.00e+00
 7.08270e+22	6.55e-01	3.18e-01	2.63e-02	3.82e-07	0.00e+00	0.00e+00	0.00e+00	0.00e+00	0.00e+00	0.00e+00	0.00e+00
 7.08934e+22	6.61e-01	3.13e-01	2.54e-02	3.64e-07	0.00e+00	0.00e+00	0.00e+00	0.00e+00	0.00e+00	0.00e+00	0.00e+00
 7.09651e+22	6.66e-01	3.10e-01	2.47e-02	3.49e-07	0.00e+00	0.00e+00	0.00e+00	0.00e+00	0.00e+00	0.00e+00	0.00e+00
 7.10304e+22	6.71e-01	3.05e-01	2.40e-02	3.35e-07	0.00e+00	0.00e+00	0.00e+00	0.00e+00	0.00e+00	0.00e+00	0.00e+00
 7.10898e+22	6.75e-01	3.02e-01	2.34e-02	3.23e-07	0.00e+00	0.00e+00	0.00e+00	0.00e+00	0.00e+00	0.00e+00	0.00e+00
 7.11549e+22	6.80e-01	2.97e-01	2.26e-02	3.08e-07	0.00e+00	0.00e+00	0.00e+00	0.00e+00	0.00e+00	0.00e+00	0.00e+00
 7.12251e+22	6.85e-01	2.93e-01	2.20e-02	2.95e-07	0.00e+00	0.00e+00	0.00e+00	0.00e+00	0.00e+00	0.00e+00	0.00e+00
 7.12891e+22	6.89e-01	2.90e-01	2.14e-02	2.84e-07	0.00e+00	0.00e+00	0.00e+00	0.00e+00	0.00e+00	0.00e+00	0.00e+00
 7.13591e+22	6.94e-01	2.85e-01	2.07e-02	2.71e-07	0.00e+00	0.00e+00	0.00e+00	0.00e+00	0.00e+00	0.00e+00	0.00e+00
 7.14348e+22	6.99e-01	2.81e-01	2.01e-02	2.59e-07	0.00e+00	0.00e+00	0.00e+00	0.00e+00	0.00e+00	0.00e+00	0.00e+00
 7.15036e+22	7.03e-01	2.77e-01	1.95e-02	2.49e-07	0.00e+00	0.00e+00	0.00e+00	0.00e+00	0.00e+00	0.00e+00	0.00e+00
 7.15790e+22	7.09e-01	2.73e-01	1.88e-02	2.37e-07	0.00e+00	0.00e+00	0.00e+00	0.00e+00	0.00e+00	0.00e+00	0.00e+00
 7.16604e+22	7.13e-01	2.69e-01	1.83e-02	2.27e-07	0.00e+00	0.00e+00	0.00e+00	0.00e+00	0.00e+00	0.00e+00	0.00e+00
 7.17345e+22	7.18e-01	2.65e-01	1.77e-02	2.17e-07	0.00e+00	0.00e+00	0.00e+00	0.00e+00	0.00e+00	0.00e+00	0.00e+00
 7.18157e+22	7.23e-01	2.60e-01	1.71e-02	2.06e-07	0.00e+00	0.00e+00	0.00e+00	0.00e+00	0.00e+00	0.00e+00	0.00e+00
 7.19034e+22	7.28e-01	2.56e-01	1.65e-02	1.96e-07	0.00e+00	0.00e+00	0.00e+00	0.00e+00	0.00e+00	0.00e+00	0.00e+00
 7.19831e+22	7.32e-01	2.52e-01	1.60e-02	1.88e-07	0.00e+00	0.00e+00	0.00e+00	0.00e+00	0.00e+00	0.00e+00	0.00e+00
 7.20557e+22	7.36e-01	2.48e-01	1.55e-02	1.80e-07	0.00e+00	0.00e+00	0.00e+00	0.00e+00	0.00e+00	0.00e+00	0.00e+00
 7.21353e+22	7.42e-01	2.43e-01	1.50e-02	1.71e-07	0.00e+00	0.00e+00	0.00e+00	0.00e+00	0.00e+00	0.00e+00	0.00e+00
 7.22211e+22	7.46e-01	2.40e-01	1.45e-02	1.64e-07	0.00e+00	0.00e+00	0.00e+00	0.00e+00	0.00e+00	0.00e+00	0.00e+00
 7.22993e+22	7.50e-01	2.36e-01	1.41e-02	1.57e-07	0.00e+00	0.00e+00	0.00e+00	0.00e+00	0.00e+00	0.00e+00	0.00e+00
 7.23849e+22	7.55e-01	2.31e-01	1.36e-02	1.49e-07	0.00e+00	0.00e+00	0.00e+00	0.00e+00	0.00e+00	0.00e+00	0.00e+00
 7.24962e+22	7.61e-01	2.26e-01	1.30e-02	1.39e-07	0.00e+00	0.00e+00	0.00e+00	0.00e+00	0.00e+00	0.00e+00	0.00e+00
 7.26219e+22	7.67e-01	2.20e-01	1.23e-02	1.30e-07	0.00e+00	0.00e+00	0.00e+00	0.00e+00	0.00e+00	0.00e+00	0.00e+00
 7.27456e+22	7.74e-01	2.15e-01	1.18e-02	0.00e+00	0.00e+00	0.00e+00	0.00e+00	0.00e+00	0.00e+00	0.00e+00	0.00e+00
 7.28687e+22	7.80e-01	2.09e-01	1.12e-02	0.00e+00	0.00e+00	0.00e+00	0.00e+00	0.00e+00	0.00e+00	0.00e+00	0.00e+00
 7.29946e+22	7.86e-01	2.04e-01	1.07e-02	0.00e+00	0.00e+00	0.00e+00	0.00e+00	0.00e+00	0.00e+00	0.00e+00	0.00e+00
 7.31229e+22	7.92e-01	1.98e-01	1.01e-02	0.00e+00	0.00e+00	0.00e+00	0.00e+00	0.00e+00	0.00e+00	0.00e+00	0.00e+00
 7.32527e+22	7.98e-01	1.93e-01	9.64e-03	0.00e+00	0.00e+00	0.00e+00	0.00e+00	0.00e+00	0.00e+00	0.00e+00	0.00e+00
 7.33840e+22	8.04e-01	1.87e-01	9.17e-03	0.00e+00	0.00e+00	0.00e+00	0.00e+00	0.00e+00	0.00e+00	0.00e+00	0.00e+00
 7.35169e+22	8.09e-01	1.82e-01	8.71e-03	0.00e+00	0.00e+00	0.00e+00	0.00e+00	0.00e+00	0.00e+00	0.00e+00	0.00e+00
