#depth	H	H+	H2
 4.62852e+21	9.30e-06	1.00e+00	8.10e-29
 1.02766e+22	1.47e-05	1.00e+00	5.44e-28
 1.18059e+22	1.83e-05	1.00e+00	1.39e-27
 1.25706e+22	2.03e-05	1.00e+00	2.19e-27
 1.29195e+22	2.11e-05	1.00e+00	2.62e-27
 1.31358e+22	2.21e-05	1.00e+00	3.26e-27
 1.33692e+22	2.31e-05	1.00e+00	3.98e-27
 1.36250e+22	2.44e-05	1.00e+00	5.09e-27
 1.38897e+22	2.57e-05	1.00e+00	6.36e-27
 1.41235e+22	2.69e-05	1.00e+00	7.76e-27
 1.43846e+22	2.85e-05	1.00e+00	1.01e-26
 1.46558e+22	2.99e-05	1.00e+00	1.25e-26
 1.49400e+22	3.17e-05	1.00e+00	1.64e-26
 1.52310e+22	3.33e-05	1.00e+00	2.07e-26
 1.54898e+22	3.50e-05	1.00e+00	2.58e-26
 1.57854e+22	3.73e-05	1.00e+00	3.42e-26
 1.60869e+22	3.92e-05	1.00e+00	4.32e-26
 1.63962e+22	4.18e-05	1.00e+00	5.79e-26
 1.66988e+22	4.38e-05	1.00e+00	7.20e-26
 1.69927e+22	4.66e-05	1.00e+00	9.52e-26
 1.72944e+22	4.89e-05	1.00e+00	1.19e-25
 1.75485e+22	5.11e-05	1.00e+00	1.45e-25
 1.78210e+22	5.39e-05	1.00e+00	1.87e-25
 1.80975e+22	5.64e-05	1.00e+00	2.30e-25
 1.83414e+22	5.90e-05	1.00e+00	2.82e-25
 1.86205e+22	6.23e-05	1.00e+00	3.62e-25
 1.89105e+22	6.54e-05	1.00e+00	4.54e-25
 1.91699e+22	6.84e-05	1.00e+00	5.59e-25
 1.94623e+22	7.24e-05	1.00e+00	7.26e-25
 1.97675e+22	7.63e-05	1.00e+00	9.21e-25
 2.00426e+22	7.99e-05	1.00e+00	1.15e-24
 2.03535e+22	8.48e-05	1.00e+00	1.51e-24
 2.06742e+22	8.95e-05	1.00e+00	1.93e-24
 2.09599e+22	9.40e-05	1.00e+00	2.43e-24
 2.12833e+22	9.99e-05	1.00e+00	3.23e-24
 2.16189e+22	1.06e-04	1.00e+00	4.18e-24
 2.19202e+22	1.11e-04	1.00e+00	5.30e-24
 2.22619e+22	1.19e-04	1.00e+00	7.17e-24
 2.26164e+22	1.26e-04	1.00e+00	9.39e-24
 2.29340e+22	1.33e-04	1.00e+00	1.20e-23
 2.32931e+22	1.42e-04	1.00e+00	1.66e-23
 2.36592e+22	1.51e-04	1.00e+00	2.17e-23
 2.40347e+22	1.62e-04	1.00e+00	3.04e-23
 2.44139e+22	1.72e-04	1.00e+00	3.99e-23
 2.47982e+22	1.85e-04	1.00e+00	5.65e-23
 2.51859e+22	1.96e-04	1.00e+00	7.43e-23
 2.55781e+22	2.12e-04	1.00e+00	1.03e-22
 2.59744e+22	2.25e-04	1.00e+00	1.37e-22
 2.63760e+22	2.43e-04	1.00e+00	1.97e-22
 2.67830e+22	2.59e-04	1.00e+00	2.63e-22
 2.71967e+22	2.80e-04	1.00e+00	3.85e-22
 2.76021e+22	2.97e-04	1.00e+00	5.08e-22
 2.79965e+22	3.21e-04	1.00e+00	7.34e-22
 2.83777e+22	3.38e-04	1.00e+00	9.51e-22
 2.87417e+22	3.62e-04	1.00e+00	1.32e-21
 2.91103e+22	3.83e-04	1.00e+00	1.74e-21
 2.94340e+22	4.04e-04	1.00e+00	2.28e-21
 2.98039e+22	4.34e-04	1.00e+00	3.26e-21
 3.01810e+22	4.60e-04	1.00e+00	4.37e-21
 3.05674e+22	4.93e-04	1.00e+00	6.31e-21
 3.09610e+22	5.24e-04	9.99e-01	8.77e-21
 3.13049e+22	5.54e-04	9.99e-01	1.20e-20
 3.16344e+22	5.85e-04	9.99e-01	1.62e-20
 3.19415e+22	6.15e-04	9.99e-01	2.11e-20
 3.22339e+22	6.44e-04	9.99e-01	2.81e-20
 3.25697e+22	6.85e-04	9.99e-01	4.01e-20
 3.29104e+22	7.21e-04	9.99e-01	5.54e-20
 3.32080e+22	7.57e-04	9.99e-01	7.43e-20
 3.35453e+22	8.04e-04	9.99e-01	1.10e-19
 3.38891e+22	8.47e-04	9.99e-01	1.54e-19
 3.41934e+22	8.89e-04	9.99e-01	2.15e-19
 3.45408e+22	9.46e-04	9.99e-01	3.37e-19
 3.48931e+22	9.97e-04	9.99e-01	4.83e-19
 3.52039e+22	1.05e-03	9.99e-01	7.00e-19
 3.55600e+22	1.12e-03	9.99e-01	1.17e-18
 3.59218e+22	1.18e-03	9.99e-01	1.77e-18
 3.62427e+22	1.24e-03	9.99e-01	2.79e-18
 3.66115e+22	1.32e-03	9.99e-01	5.53e-18
 3.69863e+22	1.39e-03	9.99e-01	9.85e-18
 3.73688e+22	1.49e-03	9.99e-01	2.02e-17
 3.77605e+22	1.58e-03	9.98e-01	4.30e-17
 3.81054e+22	1.66e-03	9.98e-01	1.00e-16
 3.84953e+22	1.78e-03	9.98e-01	2.08e-16
 3.88988e+22	1.89e-03	9.98e-01	3.32e-16
 3.93199e+22	2.03e-03	9.98e-01	6.06e-16
 3.97419e+22	2.15e-03	9.98e-01	8.53e-16
 3.99911e+22	2.19e-03	9.98e-01	1.00e-15
 4.01410e+22	2.26e-03	9.98e-01	1.17e-15
 4.03357e+22	2.33e-03	9.98e-01	1.39e-15
 4.05890e+22	2.43e-03	9.98e-01	1.72e-15
 4.09182e+22	2.58e-03	9.97e-01	2.31e-15
 4.12384e+22	2.68e-03	9.97e-01	2.80e-15
 4.15468e+22	2.83e-03	9.97e-01	3.57e-15
 4.18649e+22	2.96e-03	9.97e-01	4.37e-15
 4.21954e+22	3.12e-03	9.97e-01	5.60e-15
 4.25315e+22	3.27e-03	9.97e-01	6.82e-15
 4.28746e+22	3.46e-03	9.97e-01	8.72e-15
 4.32223e+22	3.63e-03	9.96e-01	1.06e-14
 4.35759e+22	3.84e-03	9.96e-01	1.35e-14
 4.39394e+22	4.04e-03	9.96e-01	1.65e-14
 4.43159e+22	4.30e-03	9.96e-01	2.13e-14
 4.46961e+22	4.53e-03	9.95e-01	2.61e-14
 4.50813e+22	4.82e-03	9.95e-01	3.36e-14
 4.54744e+22	5.08e-03	9.95e-01	4.15e-14
 4.58777e+22	5.42e-03	9.95e-01	5.45e-14
 4.62866e+22	5.72e-03	9.94e-01	6.75e-14
 4.67029e+22	6.12e-03	9.94e-01	8.80e-14
 4.71254e+22	6.46e-03	9.94e-01	1.09e-13
 4.75562e+22	6.92e-03	9.93e-01	1.43e-13
 4.79947e+22	7.32e-03	9.93e-01	1.79e-13
 4.83610e+22	7.69e-03	9.92e-01	2.16e-13
 4.86864e+22	8.03e-03	9.92e-01	2.57e-13
 4.90406e+22	8.48e-03	9.92e-01	3.20e-13
 4.95011e+22	9.16e-03	9.91e-01	4.29e-13
 4.99766e+22	9.72e-03	9.90e-01	5.44e-13
 5.04715e+22	1.06e-02	9.89e-01	7.51e-13
 5.09794e+22	1.12e-02	9.89e-01	9.60e-13
 5.15043e+22	1.23e-02	9.88e-01	1.35e-12
 5.20465e+22	1.32e-02	9.87e-01	1.78e-12
 5.26113e+22	1.45e-02	9.85e-01	2.58e-12
 5.31998e+22	1.57e-02	9.84e-01	3.52e-12
 5.38116e+22	1.76e-02	9.82e-01	5.32e-12
 5.44301e+22	1.93e-02	9.81e-01	7.46e-12
 5.49104e+22	2.06e-02	9.79e-01	9.57e-12
 5.53802e+22	2.27e-02	9.77e-01	1.34e-11
 5.58654e+22	2.48e-02	9.75e-01	1.82e-11
 5.63705e+22	2.78e-02	9.72e-01	2.69e-11
 5.68910e+22	3.10e-02	9.69e-01	3.84e-11
 5.73497e+22	3.46e-02	9.65e-01	5.44e-11
 5.77600e+22	3.84e-02	9.62e-01	7.47e-11
 5.81292e+22	4.29e-02	9.57e-01	1.03e-10
 5.85492e+22	4.96e-02	9.50e-01	1.57e-10
 5.89866e+22	5.77e-02	9.42e-01	2.38e-10
 5.93696e+22	6.73e-02	9.33e-01	3.56e-10
 5.97273e+22	7.93e-02	9.21e-01	5.40e-10
 6.00634e+22	9.39e-02	9.06e-01	8.16e-10
 6.03751e+22	1.12e-01	8.88e-01	1.24e-09
 6.06612e+22	1.34e-01	8.66e-01	1.87e-09
 6.09197e+22	1.60e-01	8.40e-01	2.76e-09
 6.11537e+22	1.90e-01	8.10e-01	4.01e-09
 6.13669e+22	2.23e-01	7.77e-01	5.71e-09
 6.15009e+22	2.47e-01	7.53e-01	6.95e-09
 6.15503e+22	2.56e-01	7.44e-01	7.50e-09
 6.15899e+22	2.64e-01	7.36e-01	8.03e-09
 6.16412e+22	2.76e-01	7.24e-01	8.78e-09
 6.17015e+22	2.90e-01	7.10e-01	9.77e-09
 6.17616e+22	3.03e-01	6.97e-01	1.07e-08
 6.18202e+22	3.17e-01	6.83e-01	1.18e-08
 6.18795e+22	3.33e-01	6.67e-01	1.31e-08
 6.19382e+22	3.48e-01	6.52e-01	1.43e-08
 6.19976e+22	3.64e-01	6.36e-01	1.57e-08
 6.20588e+22	3.81e-01	6.19e-01	1.73e-08
 6.21214e+22	3.99e-01	6.01e-01	1.90e-08
 6.21853e+22	4.17e-01	5.83e-01	2.09e-08
 6.22504e+22	4.36e-01	5.64e-01	2.29e-08
 6.23170e+22	4.56e-01	5.44e-01	2.51e-08
 6.23856e+22	4.77e-01	5.23e-01	2.75e-08
 6.24571e+22	4.99e-01	5.01e-01	3.01e-08
 6.25310e+22	5.21e-01	4.79e-01	3.29e-08
 6.26044e+22	5.43e-01	4.57e-01	3.57e-08
 6.26617e+22	5.59e-01	4.41e-01	3.77e-08
 6.27003e+22	5.70e-01	4.30e-01	3.91e-08
 6.27374e+22	5.80e-01	4.20e-01	4.05e-08
 6.27816e+22	5.92e-01	4.08e-01	4.23e-08
 6.28301e+22	6.06e-01	3.94e-01	4.42e-08
 6.28769e+22	6.17e-01	3.83e-01	4.58e-08
 6.29228e+22	6.29e-01	3.71e-01	4.76e-08
 6.29699e+22	6.41e-01	3.59e-01	4.94e-08
 6.30178e+22	6.53e-01	3.47e-01	5.11e-08
 6.30662e+22	6.64e-01	3.36e-01	5.31e-08
 6.31147e+22	6.75e-01	3.25e-01	5.46e-08
 6.31648e+22	6.86e-01	3.14e-01	5.65e-08
 6.32174e+22	6.97e-01	3.03e-01	5.84e-08
 6.32699e+22	7.08e-01	2.92e-01	6.02e-08
 6.33223e+22	7.17e-01	2.83e-01	6.18e-08
 6.33769e+22	7.27e-01	2.73e-01	6.37e-08
 6.34340e+22	7.38e-01	2.62e-01	6.56e-08
 6.34913e+22	7.47e-01	2.53e-01	6.74e-08
 6.35495e+22	7.56e-01	2.44e-01	6.91e-08
 6.36102e+22	7.65e-01	2.35e-01	7.10e-08
 6.36731e+22	7.74e-01	2.26e-01	7.29e-08
 6.37370e+22	7.83e-01	2.17e-01	7.47e-08
 6.38023e+22	7.91e-01	2.09e-01	7.65e-08
 6.38702e+22	7.99e-01	2.01e-01	7.85e-08
 6.39401e+22	8.07e-01	1.93e-01	8.04e-08
 6.40119e+22	8.15e-01	1.85e-01	8.23e-08
 6.40861e+22	8.22e-01	1.78e-01	8.44e-08
 6.41620e+22	8.29e-01	1.71e-01	8.64e-08
 6.42399e+22	8.36e-01	1.64e-01	8.84e-08
 6.43195e+22	8.43e-01	1.57e-01	9.06e-08
 6.44007e+22	8.49e-01	1.51e-01	9.28e-08
 6.44837e+22	8.55e-01	1.45e-01	9.51e-08
 6.45673e+22	8.61e-01	1.39e-01	9.75e-08
 6.46507e+22	8.66e-01	1.34e-01	9.98e-08
 6.47357e+22	8.71e-01	1.29e-01	1.02e-07
 6.48235e+22	8.76e-01	1.24e-01	1.05e-07
 6.49124e+22	8.81e-01	1.19e-01	1.08e-07
 6.50018e+22	8.85e-01	1.15e-01	1.10e-07
 6.50939e+22	8.90e-01	1.10e-01	1.14e-07
 6.51888e+22	8.94e-01	1.06e-01	1.17e-07
 6.52848e+22	8.98e-01	1.02e-01	1.20e-07
 6.53820e+22	9.02e-01	9.85e-02	1.24e-07
 6.54822e+22	9.05e-01	9.48e-02	1.29e-07
 6.55851e+22	9.09e-01	9.13e-02	1.34e-07
 6.56861e+22	9.12e-01	8.81e-02	1.39e-07
 6.57813e+22	9.15e-01	8.52e-02	1.43e-07
 6.58691e+22	9.17e-01	8.28e-02	1.47e-07
 6.59506e+22	9.19e-01	8.05e-02	1.51e-07
 6.60260e+22	9.21e-01	7.86e-02	1.55e-07
 6.60989e+22	9.23e-01	7.67e-02	1.59e-07
 6.61722e+22	9.25e-01	7.50e-02	1.64e-07
 6.62442e+22	9.27e-01	7.30e-02	1.69e-07
 6.63115e+22	9.29e-01	7.14e-02	1.74e-07
 6.63742e+22	9.30e-01	7.00e-02	1.79e-07
 6.64373e+22	9.32e-01	6.85e-02	1.84e-07
 6.64981e+22	9.33e-01	6.70e-02	1.90e-07
 6.65555e+22	9.34e-01	6.58e-02	1.95e-07
 6.66125e+22	9.36e-01	6.44e-02	2.01e-07
 6.66672e+22	9.37e-01	6.32e-02	2.07e-07
 6.67186e+22	9.38e-01	6.21e-02	2.13e-07
 6.67690e+22	9.39e-01	6.09e-02	2.19e-07
 6.68180e+22	9.40e-01	5.98e-02	2.25e-07
 6.68642e+22	9.41e-01	5.88e-02	2.32e-07
 6.69062e+22	9.42e-01	5.79e-02	2.38e-07
 6.69444e+22	9.43e-01	5.71e-02	2.43e-07
 6.69792e+22	9.44e-01	5.64e-02	2.48e-07
 6.70108e+22	9.44e-01	5.57e-02	2.53e-07
 6.70396e+22	9.45e-01	5.51e-02	2.57e-07
 6.70658e+22	9.45e-01	5.46e-02	2.61e-07
 6.70945e+22	9.46e-01	5.39e-02	2.66e-07
 6.71255e+22	9.47e-01	5.33e-02	2.70e-07
 6.71537e+22	9.47e-01	5.27e-02	2.74e-07
 6.71794e+22	9.48e-01	5.22e-02	2.78e-07
 6.72028e+22	9.48e-01	5.18e-02	2.81e-07
 6.72284e+22	9.49e-01	5.12e-02	2.84e-07
 6.72616e+22	9.50e-01	5.04e-02	2.88e-07
 6.72976e+22	9.50e-01	4.96e-02	2.92e-07
 6.73303e+22	9.51e-01	4.89e-02	2.95e-07
 6.73600e+22	9.52e-01	4.84e-02	2.98e-07
 6.73926e+22	9.52e-01	4.77e-02	3.00e-07
 6.74278e+22	9.53e-01	4.71e-02	3.02e-07
 6.74598e+22	9.53e-01	4.66e-02	3.04e-07
 6.74890e+22	9.54e-01	4.61e-02	3.06e-07
 6.75155e+22	9.54e-01	4.58e-02	3.08e-07
 6.75446e+22	9.55e-01	4.52e-02	3.07e-07
 6.75824e+22	9.56e-01	4.44e-02	3.08e-07
 6.76231e+22	9.56e-01	4.37e-02	3.09e-07
 6.76603e+22	9.57e-01	4.31e-02	3.10e-07
 6.76940e+22	9.57e-01	4.26e-02	3.10e-07
 6.77248e+22	9.58e-01	4.22e-02	3.10e-07
 6.77527e+22	9.58e-01	4.18e-02	3.10e-07
 6.77834e+22	9.59e-01	4.13e-02	3.09e-07
 6.78165e+22	9.59e-01	4.07e-02	3.08e-07
 6.78466e+22	9.60e-01	4.03e-02	3.07e-07
 6.78740e+22	9.60e-01	3.99e-02	3.07e-07
 6.78989e+22	9.60e-01	3.96e-02	3.06e-07
 6.79263e+22	9.61e-01	3.91e-02	3.04e-07
 6.79618e+22	9.61e-01	3.85e-02	3.03e-07
 6.80001e+22	9.62e-01	3.78e-02	3.01e-07
 6.80350e+22	9.63e-01	3.74e-02	3.00e-07
 6.80668e+22	9.63e-01	3.70e-02	2.99e-07
 6.80957e+22	9.63e-01	3.66e-02	2.98e-07
 6.81220e+22	9.64e-01	3.63e-02	2.96e-07
 6.81508e+22	9.64e-01	3.58e-02	2.94e-07
 6.81819e+22	9.65e-01	3.54e-02	2.92e-07
 6.82102e+22	9.65e-01	3.51e-02	2.91e-07
 6.82412e+22	9.65e-01	3.46e-02	2.89e-07
 6.82747e+22	9.66e-01	3.42e-02	2.88e-07
 6.83052e+22	9.66e-01	3.38e-02	2.87e-07
 6.83329e+22	9.67e-01	3.35e-02	2.85e-07
 6.83582e+22	9.67e-01	3.33e-02	2.85e-07
 6.83858e+22	9.67e-01	3.29e-02	2.83e-07
 6.84218e+22	9.67e-01	3.25e-02	2.82e-07
 6.84606e+22	9.68e-01	3.21e-02	2.81e-07
 6.84959e+22	9.68e-01	3.16e-02	2.80e-07
 6.85280e+22	9.69e-01	3.14e-02	2.79e-07
 6.85633e+22	9.69e-01	3.10e-02	2.77e-07
 6.86013e+22	9.69e-01	3.06e-02	2.77e-07
 6.86359e+22	9.70e-01	3.02e-02	2.75e-07
 6.86738e+22	9.70e-01	2.99e-02	2.74e-07
 6.87147e+22	9.71e-01	2.94e-02	2.73e-07
 6.87520e+22	9.71e-01	2.90e-02	2.71e-07
 6.87859e+22	9.71e-01	2.88e-02	2.71e-07
 6.88230e+22	9.72e-01	2.85e-02	2.69e-07
 6.88631e+22	9.72e-01	2.81e-02	2.68e-07
 6.88996e+22	9.72e-01	2.77e-02	2.67e-07
 6.89328e+22	9.72e-01	2.76e-02	2.67e-07
 6.89692e+22	9.73e-01	2.72e-02	2.65e-07
 6.90085e+22	9.73e-01	2.69e-02	2.64e-07
 6.90442e+22	9.73e-01	2.66e-02	2.64e-07
 6.90834e+22	9.74e-01	2.63e-02	2.62e-07
 6.91257e+22	9.74e-01	2.59e-02	2.62e-07
 6.91642e+22	9.74e-01	2.56e-02	2.60e-07
 6.91992e+22	9.75e-01	2.54e-02	2.60e-07
 6.92376e+22	9.75e-01	2.51e-02	2.59e-07
 6.92790e+22	9.75e-01	2.48e-02	2.58e-07
 6.93167e+22	9.75e-01	2.45e-02	2.58e-07
 6.93580e+22	9.76e-01	2.42e-02	2.57e-07
 6.94026e+22	9.76e-01	2.38e-02	2.57e-07
 6.94432e+22	9.76e-01	2.36e-02	2.57e-07
 6.94876e+22	9.77e-01	2.33e-02	2.56e-07
 6.95357e+22	9.77e-01	2.29e-02	2.56e-07
 6.95794e+22	9.77e-01	2.27e-02	2.56e-07
 6.96272e+22	9.78e-01	2.23e-02	2.55e-07
 6.96789e+22	9.78e-01	2.20e-02	2.55e-07
 6.97259e+22	9.78e-01	2.17e-02	2.55e-07
 6.97775e+22	9.79e-01	2.14e-02	2.54e-07
 6.98331e+22	9.79e-01	2.11e-02	2.54e-07
 6.98838e+22	9.79e-01	2.08e-02	2.53e-07
 6.99298e+22	9.79e-01	2.06e-02	2.53e-07
 6.99803e+22	9.80e-01	2.03e-02	2.52e-07
 7.00348e+22	9.80e-01	1.99e-02	2.52e-07
 7.00844e+22	9.80e-01	1.97e-02	2.52e-07
 7.01388e+22	9.81e-01	1.94e-02	2.51e-07
 7.01975e+22	9.81e-01	1.91e-02	2.51e-07
 7.02509e+22	9.81e-01	1.89e-02	2.51e-07
 7.02995e+22	9.81e-01	1.87e-02	2.50e-07
 7.03527e+22	9.82e-01	1.84e-02	2.49e-07
 7.04102e+22	9.82e-01	1.81e-02	2.49e-07
 7.04625e+22	9.82e-01	1.79e-02	2.49e-07
 7.05198e+22	9.82e-01	1.77e-02	2.49e-07
 7.05817e+22	9.83e-01	1.73e-02	2.49e-07
 7.06380e+22	9.83e-01	1.71e-02	2.49e-07
 7.06997e+22	9.83e-01	1.69e-02	2.48e-07
 7.07664e+22	9.83e-01	1.65e-02	2.48e-07
 7.08270e+22	9.84e-01	1.63e-02	2.48e-07
 7.08934e+22	9.84e-01	1.61e-02	2.47e-07
 7.09651e+22	9.84e-01	1.58e-02	2.48e-07
 7.10304e+22	9.84e-01	1.55e-02	2.47e-07
 7.10898e+22	9.85e-01	1.54e-02	2.47e-07
 7.11549e+22	9.85e-01	1.51e-02	2.46e-07
 7.12251e+22	9.85e-01	1.48e-02	2.47e-07
 7.12891e+22	9.85e-01	1.46e-02	2.46e-07
 7.13591e+22	9.86e-01	1.44e-02	2.46e-07
 7.14348e+22	9.86e-01	1.41e-02	2.46e-07
 7.15036e+22	9.86e-01	1.39e-02	2.46e-07
 7.15790e+22	9.86e-01	1.37e-02	2.46e-07
 7.16604e+22	9.87e-01	1.34e-02	2.46e-07
 7.17345e+22	9.87e-01	1.32e-02	2.46e-07
 7.18157e+22	9.87e-01	1.30e-02	2.46e-07
 7.19034e+22	9.87e-01	1.27e-02	2.46e-07
 7.19831e+22	9.87e-01	1.25e-02	2.46e-07
 7.20557e+22	9.88e-01	1.23e-02	2.46e-07
 7.21353e+22	9.88e-01	1.21e-02	2.45e-07
 7.22211e+22	9.88e-01	1.19e-02	2.46e-07
 7.22993e+22	9.88e-01	1.17e-02	2.46e-07
 7.23849e+22	9.89e-01	1.15e-02	2.46e-07
 7.24962e+22	9.89e-01	1.12e-02	2.46e-07
 7.26219e+22	9.89e-01	1.09e-02	2.47e-07
 7.27456e+22	9.89e-01	1.06e-02	2.47e-07
 7.28687e+22	9.90e-01	1.03e-02	2.47e-07
 7.29946e+22	9.90e-01	1.00e-02	2.47e-07
 7.31229e+22	9.90e-01	9.78e-03	2.47e-07
 7.32527e+22	9.90e-01	9.52e-03	2.47e-07
 7.33840e+22	9.91e-01	9.27e-03	2.47e-07
 7.35169e+22	9.91e-01	9.02e-03	2.47e-07
 7.36515e+22	9.91e-01	8.78e-03	2.47e-07
 7.37876e+22	9.91e-01	8.54e-03	2.47e-07
 7.39254e+22	9.92e-01	8.30e-03	2.47e-07
 7.40645e+22	9.92e-01	8.07e-03	2.48e-07
 7.42052e+22	9.92e-01	7.84e-03	2.48e-07
 7.43474e+22	9.92e-01	7.62e-03	2.48e-07
 7.44908e+22	9.93e-01	7.41e-03	2.48e-07
 7.46355e+22	9.93e-01	7.19e-03	2.48e-07
 7.47814e+22	9.93e-01	6.99e-03	2.49e-07
 7.49287e+22	9.93e-01	6.79e-03	2.49e-07
 7.50776e+22	9.93e-01	6.59e-03	2.49e-07
 7.52277e+22	9.94e-01	6.40e-03	2.50e-07
 7.53791e+22	9.94e-01	6.21e-03	2.50e-07
 7.55318e+22	9.94e-01	6.02e-03	2.50e-07
 7.56859e+22	9.94e-01	5.84e-03	2.51e-07
 7.58426e+22	9.94e-01	5.67e-03	2.51e-07
 7.60031e+22	9.95e-01	5.49e-03	2.52e-07
 7.61662e+22	9.95e-01	5.32e-03	2.52e-07
 7.63311e+22	9.95e-01	5.15e-03	2.53e-07
 7.64977e+22	9.95e-01	4.99e-03	2.54e-07
 7.66662e+22	9.95e-01	4.83e-03	2.55e-07
 7.68366e+22	9.95e-01	4.68e-03	2.56e-07
 7.70091e+22	9.95e-01	4.53e-03	2.57e-07
 7.71844e+22	9.96e-01	4.38e-03	2.58e-07
 7.73626e+22	9.96e-01	4.23e-03	2.59e-07
 7.75448e+22	9.96e-01	4.09e-03	2.60e-07
 7.77319e+22	9.96e-01	3.95e-03	2.61e-07
 7.79226e+22	9.96e-01	3.81e-03	2.63e-07
 7.81164e+22	9.96e-01	3.68e-03	2.65e-07
 7.83135e+22	9.96e-01	3.55e-03	2.67e-07
 7.85142e+22	9.97e-01	3.42e-03	2.69e-07
 7.87186e+22	9.97e-01	3.29e-03	2.71e-07
 7.89269e+22	9.97e-01	3.17e-03	2.73e-07
 7.91404e+22	9.97e-01	3.05e-03	2.76e-07
 7.93592e+22	9.97e-01	2.93e-03	2.79e-07
 7.95825e+22	9.97e-01	2.82e-03	2.82e-07
 7.98109e+22	9.97e-01	2.70e-03	2.85e-07
 8.00448e+22	9.97e-01	2.59e-03	2.89e-07
 8.02842e+22	9.98e-01	2.49e-03	2.94e-07
 8.05279e+22	9.98e-01	2.38e-03	2.98e-07
 8.07739e+22	9.98e-01	2.28e-03	3.04e-07
 8.10222e+22	9.98e-01	2.19e-03	3.09e-07
 8.12734e+22	9.98e-01	2.09e-03	3.15e-07
 8.15271e+22	9.98e-01	2.00e-03	3.22e-07
 8.17832e+22	9.98e-01	1.92e-03	3.30e-07
 8.20418e+22	9.98e-01	1.83e-03	3.38e-07
 8.23030e+22	9.98e-01	1.75e-03	3.47e-07
 8.25669e+22	9.98e-01	1.68e-03	3.58e-07
 8.28338e+22	9.98e-01	1.60e-03	3.69e-07
 8.31036e+22	9.98e-01	1.53e-03	3.82e-07
 8.33754e+22	9.99e-01	1.46e-03	3.96e-07
 8.36500e+22	9.99e-01	1.40e-03	4.12e-07
 8.39274e+22	9.99e-01	1.33e-03	4.30e-07
 8.42079e+22	9.99e-01	1.27e-03	4.50e-07
 8.44923e+22	9.99e-01	1.21e-03	4.73e-07
 8.47800e+22	9.99e-01	1.15e-03	5.00e-07
 8.50710e+22	9.99e-01	1.10e-03	5.31e-07
 8.53653e+22	9.99e-01	1.05e-03	5.66e-07
 8.56596e+22	9.99e-01	9.97e-04	6.08e-07
 8.59437e+22	9.99e-01	9.52e-04	6.57e-07
 8.62090e+22	9.99e-01	9.12e-04	7.10e-07
 8.64555e+22	9.99e-01	8.76e-04	7.67e-07
 8.66882e+22	9.99e-01	8.43e-04	8.30e-07
 8.69104e+22	9.99e-01	8.13e-04	8.99e-07
 8.71231e+22	9.99e-01	7.85e-04	9.77e-07
 8.73251e+22	9.99e-01	7.60e-04	1.06e-06
 8.75163e+22	9.99e-01	7.36e-04	1.16e-06
 8.76972e+22	9.99e-01	7.14e-04	1.26e-06
 8.78694e+22	9.99e-01	6.94e-04	1.38e-06
 8.80338e+22	9.99e-01	6.73e-04	1.51e-06
 8.81891e+22	9.99e-01	6.56e-04	1.65e-06
 8.83359e+22	9.99e-01	6.41e-04	1.80e-06
 8.84767e+22	9.99e-01	6.26e-04	1.97e-06
 8.86130e+22	9.99e-01	6.12e-04	2.16e-06
 8.87440e+22	9.99e-01	5.98e-04	2.37e-06
 8.88691e+22	9.99e-01	5.86e-04	2.61e-06
 8.89882e+22	9.99e-01	5.75e-04	2.86e-06
 8.91024e+22	9.99e-01	5.64e-04	3.14e-06
 8.92126e+22	9.99e-01	5.53e-04	3.45e-06
 8.93194e+22	9.99e-01	5.43e-04	3.79e-06
 8.94232e+22	9.99e-01	5.33e-04	4.17e-06
 8.95239e+22	9.99e-01	5.24e-04	4.59e-06
 8.96211e+22	9.99e-01	5.16e-04	5.05e-06
 8.97152e+22	9.99e-01	5.08e-04	5.55e-06
 8.98071e+22	9.99e-01	5.00e-04	6.10e-06
 8.98976e+22	9.99e-01	4.92e-04	6.70e-06
 8.99869e+22	1.00e+00	4.85e-04	7.36e-06
 9.00751e+22	1.00e+00	4.77e-04	8.09e-06
 9.01624e+22	1.00e+00	4.70e-04	8.89e-06
 9.02489e+22	1.00e+00	4.63e-04	9.76e-06
 9.03355e+22	1.00e+00	4.56e-04	1.07e-05
 9.04226e+22	1.00e+00	4.49e-04	1.17e-05
 9.05104e+22	1.00e+00	4.42e-04	1.28e-05
 9.05995e+22	1.00e+00	4.35e-04	1.41e-05
 9.06908e+22	1.00e+00	4.28e-04	1.54e-05
 9.07846e+22	1.00e+00	4.21e-04	1.68e-05
 9.08810e+22	1.00e+00	4.14e-04	1.83e-05
 9.09806e+22	1.00e+00	4.06e-04	2.00e-05
 9.10844e+22	1.00e+00	3.98e-04	2.18e-05
 9.11932e+22	1.00e+00	3.90e-04	2.37e-05
 9.13078e+22	1.00e+00	3.82e-04	2.58e-05
 9.14285e+22	1.00e+00	3.74e-04	2.79e-05
 9.15566e+22	1.00e+00	3.65e-04	3.02e-05
 9.16936e+22	1.00e+00	3.56e-04	3.28e-05
 9.18396e+22	1.00e+00	3.46e-04	3.54e-05
 9.19944e+22	1.00e+00	3.36e-04	3.82e-05
 9.21598e+22	1.00e+00	3.26e-04	4.11e-05
 9.23380e+22	1.00e+00	3.15e-04	4.42e-05
 9.25004e+22	1.00e+00	3.07e-04	4.74e-05
