#depth	H	H+	H2
 4.62852e+21	3.62e-05	1.00e+00	2.86e-26
 1.03211e+22	5.38e-05	1.00e+00	1.76e-25
 1.19171e+22	6.51e-05	1.00e+00	4.25e-25
 1.27596e+22	7.27e-05	1.00e+00	7.04e-25
 1.31916e+22	7.60e-05	1.00e+00	8.64e-25
 1.34708e+22	8.03e-05	1.00e+00	1.11e-24
 1.37716e+22	8.44e-05	1.00e+00	1.40e-24
 1.41004e+22	8.99e-05	1.00e+00	1.88e-24
 1.44344e+22	9.49e-05	1.00e+00	2.42e-24
 1.47238e+22	9.97e-05	1.00e+00	3.05e-24
 1.50487e+22	1.06e-04	1.00e+00	4.10e-24
 1.53856e+22	1.12e-04	1.00e+00	5.27e-24
 1.57379e+22	1.20e-04	1.00e+00	7.24e-24
 1.60963e+22	1.27e-04	1.00e+00	9.42e-24
 1.64138e+22	1.34e-04	1.00e+00	1.22e-23
 1.67778e+22	1.44e-04	1.00e+00	1.69e-23
 1.71466e+22	1.53e-04	1.00e+00	2.21e-23
 1.75216e+22	1.64e-04	1.00e+00	3.09e-23
 1.79007e+22	1.74e-04	1.00e+00	4.07e-23
 1.82850e+22	1.87e-04	1.00e+00	5.77e-23
 1.86729e+22	1.99e-04	1.00e+00	7.40e-23
 1.90654e+22	2.15e-04	1.00e+00	1.06e-22
 1.94620e+22	2.28e-04	1.00e+00	1.41e-22
 1.98639e+22	2.46e-04	1.00e+00	2.03e-22
 2.02711e+22	2.62e-04	1.00e+00	2.72e-22
 2.06851e+22	2.84e-04	1.00e+00	3.98e-22
 2.10914e+22	3.01e-04	1.00e+00	5.26e-22
 2.14875e+22	3.25e-04	1.00e+00	7.62e-22
 2.18690e+22	3.43e-04	1.00e+00	9.83e-22
 2.22314e+22	3.68e-04	1.00e+00	1.39e-21
 2.25936e+22	3.88e-04	1.00e+00	1.80e-21
 2.29554e+22	4.15e-04	1.00e+00	2.52e-21
 2.33302e+22	4.41e-04	1.00e+00	3.41e-21
 2.36662e+22	4.66e-04	1.00e+00	4.52e-21
 2.40475e+22	5.00e-04	1.00e+00	6.59e-21
 2.44347e+22	5.31e-04	9.99e-01	9.07e-21
 2.47781e+22	5.61e-04	9.99e-01	1.23e-20
 2.51109e+22	5.92e-04	9.99e-01	1.68e-20
 2.54181e+22	6.23e-04	9.99e-01	2.20e-20
 2.57100e+22	6.53e-04	9.99e-01	2.93e-20
 2.60458e+22	6.94e-04	9.99e-01	4.18e-20
 2.63863e+22	7.30e-04	9.99e-01	5.78e-20
 2.66837e+22	7.67e-04	9.99e-01	7.75e-20
 2.70209e+22	8.15e-04	9.99e-01	1.15e-19
 2.73646e+22	8.58e-04	9.99e-01	1.61e-19
 2.76688e+22	9.01e-04	9.99e-01	2.26e-19
 2.80161e+22	9.59e-04	9.99e-01	3.55e-19
 2.83684e+22	1.01e-03	9.99e-01	5.12e-19
 2.86792e+22	1.06e-03	9.99e-01	7.47e-19
 2.90355e+22	1.13e-03	9.99e-01	1.26e-18
 2.93975e+22	1.19e-03	9.99e-01	1.92e-18
 2.97667e+22	1.27e-03	9.99e-01	3.27e-18
 3.01434e+22	1.34e-03	9.99e-01	5.81e-18
 3.04717e+22	1.41e-03	9.99e-01	1.20e-17
 3.08408e+22	1.51e-03	9.98e-01	2.71e-17
 3.12227e+22	1.60e-03	9.98e-01	5.21e-17
 3.16214e+22	1.71e-03	9.98e-01	1.43e-16
 3.20228e+22	1.81e-03	9.98e-01	2.24e-16
 3.24276e+22	1.94e-03	9.98e-01	3.83e-16
 3.28441e+22	2.06e-03	9.98e-01	5.91e-16
 3.32175e+22	2.18e-03	9.98e-01	8.49e-16
 3.34567e+22	2.21e-03	9.98e-01	9.84e-16
 3.35501e+22	2.24e-03	9.98e-01	1.05e-15
 3.36422e+22	2.28e-03	9.98e-01	1.16e-15
 3.37618e+22	2.32e-03	9.98e-01	1.28e-15
 3.39174e+22	2.39e-03	9.98e-01	1.49e-15
 3.41197e+22	2.47e-03	9.98e-01	1.78e-15
 3.43826e+22	2.59e-03	9.97e-01	2.23e-15
 3.46751e+22	2.71e-03	9.97e-01	2.79e-15
 3.49595e+22	2.83e-03	9.97e-01	3.42e-15
 3.52826e+22	2.98e-03	9.97e-01	4.38e-15
 3.56117e+22	3.12e-03	9.97e-01	5.36e-15
 3.59486e+22	3.31e-03	9.97e-01	6.89e-15
 3.62897e+22	3.46e-03	9.97e-01	8.43e-15
 3.66363e+22	3.67e-03	9.96e-01	1.08e-14
 3.69873e+22	3.85e-03	9.96e-01	1.31e-14
 3.73440e+22	4.08e-03	9.96e-01	1.68e-14
 3.77105e+22	4.29e-03	9.96e-01	2.06e-14
 3.80897e+22	4.57e-03	9.95e-01	2.66e-14
 3.84767e+22	4.81e-03	9.95e-01	3.27e-14
 3.88740e+22	5.14e-03	9.95e-01	4.26e-14
 3.92761e+22	5.41e-03	9.95e-01	5.29e-14
 3.96844e+22	5.79e-03	9.94e-01	6.96e-14
 4.00991e+22	6.10e-03	9.94e-01	8.62e-14
 4.05219e+22	6.52e-03	9.93e-01	1.13e-13
 4.09559e+22	6.90e-03	9.93e-01	1.41e-13
 4.14046e+22	7.44e-03	9.93e-01	1.88e-13
 4.18536e+22	7.85e-03	9.92e-01	2.33e-13
 4.22283e+22	8.26e-03	9.92e-01	2.85e-13
 4.26410e+22	8.83e-03	9.91e-01	3.70e-13
 4.30924e+22	9.39e-03	9.91e-01	4.72e-13
 4.35944e+22	1.02e-02	9.90e-01	6.53e-13
 4.41013e+22	1.09e-02	9.89e-01	8.32e-13
 4.46149e+22	1.19e-02	9.88e-01	1.17e-12
 4.51459e+22	1.27e-02	9.87e-01	1.51e-12
 4.56995e+22	1.40e-02	9.86e-01	2.19e-12
 4.62730e+22	1.51e-02	9.85e-01	2.96e-12
 4.68725e+22	1.68e-02	9.83e-01	4.43e-12
 4.74918e+22	1.84e-02	9.82e-01	6.21e-12
 4.79719e+22	1.96e-02	9.80e-01	7.94e-12
 4.84314e+22	2.14e-02	9.79e-01	1.10e-11
 4.89066e+22	2.33e-02	9.77e-01	1.47e-11
 4.94023e+22	2.60e-02	9.74e-01	2.15e-11
 4.99084e+22	2.87e-02	9.71e-01	2.98e-11
 5.04279e+22	3.29e-02	9.67e-01	4.61e-11
 5.09069e+22	3.65e-02	9.63e-01	6.37e-11
 5.12631e+22	4.02e-02	9.60e-01	8.52e-11
 5.16561e+22	4.58e-02	9.54e-01	1.24e-10
 5.20788e+22	5.27e-02	9.47e-01	1.85e-10
 5.24691e+22	6.11e-02	9.39e-01	2.75e-10
 5.28433e+22	7.16e-02	9.28e-01	4.16e-10
 5.31992e+22	8.48e-02	9.15e-01	6.34e-10
 5.35273e+22	1.01e-01	8.99e-01	9.65e-10
 5.38262e+22	1.20e-01	8.80e-01	1.46e-09
 5.40982e+22	1.44e-01	8.56e-01	2.18e-09
 5.43459e+22	1.71e-01	8.29e-01	3.20e-09
 5.45716e+22	2.03e-01	7.97e-01	4.62e-09
 5.47770e+22	2.38e-01	7.62e-01	6.49e-09
 5.49066e+22	2.62e-01	7.38e-01	7.86e-09
 5.49559e+22	2.72e-01	7.28e-01	8.51e-09
 5.49952e+22	2.81e-01	7.19e-01	9.10e-09
 5.50451e+22	2.92e-01	7.08e-01	9.90e-09
 5.51056e+22	3.07e-01	6.93e-01	1.10e-08
 5.51674e+22	3.22e-01	6.78e-01	1.21e-08
 5.52262e+22	3.37e-01	6.63e-01	1.34e-08
 5.52850e+22	3.53e-01	6.47e-01	1.47e-08
 5.53440e+22	3.69e-01	6.31e-01	1.61e-08
 5.54047e+22	3.86e-01	6.14e-01	1.77e-08
 5.54675e+22	4.04e-01	5.96e-01	1.95e-08
 5.55321e+22	4.23e-01	5.77e-01	2.15e-08
 5.55974e+22	4.42e-01	5.58e-01	2.35e-08
 5.56638e+22	4.62e-01	5.38e-01	2.57e-08
 5.57333e+22	4.83e-01	5.17e-01	2.82e-08
 5.58062e+22	5.06e-01	4.94e-01	3.09e-08
 5.58795e+22	5.28e-01	4.72e-01	3.36e-08
 5.59366e+22	5.43e-01	4.57e-01	3.54e-08
 5.59751e+22	5.54e-01	4.46e-01	3.69e-08
 5.60124e+22	5.65e-01	4.35e-01	3.83e-08
 5.60557e+22	5.78e-01	4.22e-01	4.00e-08
 5.61027e+22	5.91e-01	4.09e-01	4.20e-08
 5.61483e+22	6.03e-01	3.97e-01	4.35e-08
 5.61932e+22	6.15e-01	3.85e-01	4.53e-08
 5.62397e+22	6.27e-01	3.73e-01	4.71e-08
 5.62866e+22	6.39e-01	3.61e-01	4.89e-08
 5.63339e+22	6.50e-01	3.50e-01	5.08e-08
 5.63812e+22	6.61e-01	3.39e-01	5.24e-08
 5.64300e+22	6.72e-01	3.28e-01	5.42e-08
 5.64809e+22	6.84e-01	3.16e-01	5.61e-08
 5.65317e+22	6.94e-01	3.06e-01	5.78e-08
 5.65829e+22	7.05e-01	2.95e-01	5.96e-08
 5.66361e+22	7.15e-01	2.85e-01	6.14e-08
 5.66911e+22	7.25e-01	2.75e-01	6.32e-08
 5.67469e+22	7.35e-01	2.65e-01	6.50e-08
 5.68035e+22	7.45e-01	2.55e-01	6.68e-08
 5.68622e+22	7.54e-01	2.46e-01	6.86e-08
 5.69227e+22	7.63e-01	2.37e-01	7.04e-08
 5.69846e+22	7.72e-01	2.28e-01	7.23e-08
 5.70477e+22	7.81e-01	2.19e-01	7.41e-08
 5.71128e+22	7.89e-01	2.11e-01	7.60e-08
 5.71802e+22	7.97e-01	2.03e-01	7.79e-08
 5.72494e+22	8.05e-01	1.95e-01	7.98e-08
 5.73202e+22	8.13e-01	1.87e-01	8.18e-08
 5.73930e+22	8.20e-01	1.80e-01	8.38e-08
 5.74682e+22	8.28e-01	1.72e-01	8.58e-08
 5.75457e+22	8.35e-01	1.65e-01	8.79e-08
 5.76249e+22	8.41e-01	1.59e-01	8.99e-08
 5.77044e+22	8.48e-01	1.52e-01	9.21e-08
 5.77854e+22	8.54e-01	1.46e-01	9.43e-08
 5.78696e+22	8.60e-01	1.40e-01	9.67e-08
 5.79543e+22	8.65e-01	1.35e-01	9.90e-08
 5.80377e+22	8.70e-01	1.30e-01	1.01e-07
 5.81234e+22	8.75e-01	1.25e-01	1.04e-07
 5.82123e+22	8.80e-01	1.20e-01	1.07e-07
 5.83020e+22	8.84e-01	1.16e-01	1.09e-07
 5.83932e+22	8.89e-01	1.11e-01	1.12e-07
 5.84867e+22	8.93e-01	1.07e-01	1.16e-07
 5.85821e+22	8.97e-01	1.03e-01	1.19e-07
 5.86789e+22	9.01e-01	9.94e-02	1.23e-07
 5.87783e+22	9.04e-01	9.57e-02	1.27e-07
 5.88802e+22	9.08e-01	9.22e-02	1.32e-07
 5.89811e+22	9.11e-01	8.89e-02	1.37e-07
 5.90776e+22	9.14e-01	8.59e-02	1.41e-07
 5.91668e+22	9.17e-01	8.34e-02	1.45e-07
 5.92495e+22	9.19e-01	8.11e-02	1.49e-07
 5.93258e+22	9.21e-01	7.91e-02	1.53e-07
 5.93993e+22	9.23e-01	7.72e-02	1.58e-07
 5.94730e+22	9.25e-01	7.54e-02	1.62e-07
 5.95455e+22	9.27e-01	7.35e-02	1.68e-07
 5.96132e+22	9.28e-01	7.18e-02	1.72e-07
 5.96764e+22	9.30e-01	7.04e-02	1.77e-07
 5.97399e+22	9.31e-01	6.88e-02	1.83e-07
 5.98011e+22	9.33e-01	6.74e-02	1.88e-07
 5.98590e+22	9.34e-01	6.61e-02	1.93e-07
 5.99164e+22	9.35e-01	6.48e-02	1.99e-07
 5.99714e+22	9.36e-01	6.35e-02	2.05e-07
 6.00232e+22	9.38e-01	6.24e-02	2.11e-07
 6.00739e+22	9.39e-01	6.12e-02	2.17e-07
 6.01232e+22	9.40e-01	6.01e-02	2.23e-07
 6.01697e+22	9.41e-01	5.91e-02	2.30e-07
 6.02119e+22	9.42e-01	5.82e-02	2.35e-07
 6.02504e+22	9.43e-01	5.74e-02	2.41e-07
 6.02853e+22	9.43e-01	5.66e-02	2.46e-07
 6.03172e+22	9.44e-01	5.60e-02	2.51e-07
 6.03461e+22	9.45e-01	5.54e-02	2.55e-07
 6.03725e+22	9.45e-01	5.49e-02	2.59e-07
 6.04014e+22	9.46e-01	5.42e-02	2.64e-07
 6.04326e+22	9.47e-01	5.35e-02	2.68e-07
 6.04609e+22	9.47e-01	5.29e-02	2.72e-07
 6.04868e+22	9.48e-01	5.24e-02	2.77e-07
 6.05103e+22	9.48e-01	5.20e-02	2.80e-07
 6.05360e+22	9.49e-01	5.14e-02	2.82e-07
 6.05695e+22	9.49e-01	5.06e-02	2.87e-07
 6.06056e+22	9.50e-01	4.98e-02	2.91e-07
 6.06385e+22	9.51e-01	4.90e-02	2.94e-07
 6.06685e+22	9.51e-01	4.85e-02	2.96e-07
 6.06957e+22	9.52e-01	4.80e-02	2.99e-07
 6.07205e+22	9.52e-01	4.77e-02	3.00e-07
 6.07476e+22	9.53e-01	4.71e-02	3.01e-07
 6.07769e+22	9.53e-01	4.67e-02	3.03e-07
 6.08091e+22	9.54e-01	4.60e-02	3.05e-07
 6.08438e+22	9.55e-01	4.54e-02	3.06e-07
 6.08753e+22	9.55e-01	4.49e-02	3.07e-07
 6.09040e+22	9.56e-01	4.44e-02	3.08e-07
 6.09302e+22	9.56e-01	4.42e-02	3.09e-07
 6.09588e+22	9.56e-01	4.36e-02	3.09e-07
 6.09961e+22	9.57e-01	4.29e-02	3.09e-07
 6.10363e+22	9.58e-01	4.22e-02	3.09e-07
 6.10728e+22	9.58e-01	4.16e-02	3.09e-07
 6.11061e+22	9.59e-01	4.11e-02	3.09e-07
 6.11364e+22	9.59e-01	4.07e-02	3.08e-07
 6.11640e+22	9.60e-01	4.03e-02	3.07e-07
 6.11891e+22	9.60e-01	3.99e-02	3.06e-07
 6.12119e+22	9.60e-01	3.97e-02	3.05e-07
 6.12369e+22	9.61e-01	3.92e-02	3.04e-07
 6.12694e+22	9.61e-01	3.86e-02	3.02e-07
 6.13045e+22	9.62e-01	3.81e-02	3.02e-07
 6.13365e+22	9.62e-01	3.76e-02	3.00e-07
 6.13655e+22	9.63e-01	3.72e-02	2.99e-07
 6.13920e+22	9.63e-01	3.69e-02	2.98e-07
 6.14210e+22	9.64e-01	3.65e-02	2.96e-07
 6.14523e+22	9.64e-01	3.60e-02	2.94e-07
 6.14807e+22	9.64e-01	3.56e-02	2.93e-07
 6.15067e+22	9.65e-01	3.53e-02	2.91e-07
 6.15302e+22	9.65e-01	3.50e-02	2.90e-07
 6.15561e+22	9.65e-01	3.47e-02	2.88e-07
 6.15840e+22	9.66e-01	3.43e-02	2.87e-07
 6.16145e+22	9.66e-01	3.39e-02	2.86e-07
 6.16476e+22	9.67e-01	3.35e-02	2.84e-07
 6.16776e+22	9.67e-01	3.32e-02	2.84e-07
 6.17105e+22	9.67e-01	3.28e-02	2.82e-07
 6.17460e+22	9.68e-01	3.24e-02	2.82e-07
 6.17784e+22	9.68e-01	3.20e-02	2.80e-07
 6.18078e+22	9.68e-01	3.18e-02	2.80e-07
 6.18400e+22	9.69e-01	3.14e-02	2.78e-07
 6.18748e+22	9.69e-01	3.10e-02	2.77e-07
 6.19065e+22	9.69e-01	3.07e-02	2.75e-07
 6.19353e+22	9.70e-01	3.05e-02	2.75e-07
 6.19669e+22	9.70e-01	3.01e-02	2.73e-07
 6.20010e+22	9.70e-01	2.98e-02	2.73e-07
 6.20384e+22	9.71e-01	2.94e-02	2.71e-07
 6.20787e+22	9.71e-01	2.90e-02	2.71e-07
 6.21154e+22	9.71e-01	2.86e-02	2.69e-07
 6.21488e+22	9.72e-01	2.84e-02	2.69e-07
 6.21854e+22	9.72e-01	2.81e-02	2.67e-07
 6.22249e+22	9.72e-01	2.77e-02	2.66e-07
 6.22609e+22	9.73e-01	2.74e-02	2.66e-07
 6.23003e+22	9.73e-01	2.70e-02	2.64e-07
 6.23428e+22	9.73e-01	2.67e-02	2.64e-07
 6.23816e+22	9.74e-01	2.63e-02	2.62e-07
 6.24168e+22	9.74e-01	2.61e-02	2.62e-07
 6.24554e+22	9.74e-01	2.58e-02	2.60e-07
 6.24971e+22	9.75e-01	2.55e-02	2.60e-07
 6.25350e+22	9.75e-01	2.52e-02	2.59e-07
 6.25765e+22	9.75e-01	2.49e-02	2.58e-07
 6.26214e+22	9.75e-01	2.45e-02	2.58e-07
 6.26622e+22	9.76e-01	2.42e-02	2.57e-07
 6.26994e+22	9.76e-01	2.40e-02	2.57e-07
 6.27401e+22	9.76e-01	2.37e-02	2.56e-07
 6.27840e+22	9.77e-01	2.34e-02	2.56e-07
 6.28240e+22	9.77e-01	2.32e-02	2.56e-07
 6.28679e+22	9.77e-01	2.28e-02	2.55e-07
 6.29152e+22	9.78e-01	2.25e-02	2.55e-07
 6.29582e+22	9.78e-01	2.23e-02	2.54e-07
 6.30054e+22	9.78e-01	2.20e-02	2.53e-07
 6.30563e+22	9.78e-01	2.16e-02	2.54e-07
 6.31027e+22	9.79e-01	2.14e-02	2.53e-07
 6.31535e+22	9.79e-01	2.11e-02	2.52e-07
 6.32083e+22	9.79e-01	2.07e-02	2.53e-07
 6.32582e+22	9.80e-01	2.04e-02	2.52e-07
 6.33036e+22	9.80e-01	2.03e-02	2.52e-07
 6.33534e+22	9.80e-01	2.00e-02	2.51e-07
 6.34071e+22	9.80e-01	1.96e-02	2.51e-07
 6.34560e+22	9.81e-01	1.94e-02	2.51e-07
 6.35095e+22	9.81e-01	1.92e-02	2.50e-07
 6.35674e+22	9.81e-01	1.88e-02	2.50e-07
 6.36200e+22	9.81e-01	1.86e-02	2.50e-07
 6.36777e+22	9.82e-01	1.83e-02	2.49e-07
 6.37399e+22	9.82e-01	1.80e-02	2.49e-07
 6.37966e+22	9.82e-01	1.78e-02	2.49e-07
 6.38586e+22	9.83e-01	1.75e-02	2.48e-07
 6.39257e+22	9.83e-01	1.72e-02	2.49e-07
 6.39866e+22	9.83e-01	1.69e-02	2.48e-07
 6.40421e+22	9.83e-01	1.68e-02	2.48e-07
 6.41030e+22	9.84e-01	1.65e-02	2.47e-07
 6.41686e+22	9.84e-01	1.62e-02	2.47e-07
 6.42284e+22	9.84e-01	1.60e-02	2.47e-07
 6.42938e+22	9.84e-01	1.57e-02	2.46e-07
 6.43645e+22	9.85e-01	1.54e-02	2.47e-07
 6.44288e+22	9.85e-01	1.52e-02	2.47e-07
 6.44993e+22	9.85e-01	1.50e-02	2.46e-07
 6.45754e+22	9.85e-01	1.47e-02	2.47e-07
 6.46446e+22	9.86e-01	1.45e-02	2.46e-07
 6.47076e+22	9.86e-01	1.43e-02	2.46e-07
 6.47767e+22	9.86e-01	1.41e-02	2.45e-07
 6.48512e+22	9.86e-01	1.38e-02	2.46e-07
 6.49190e+22	9.86e-01	1.36e-02	2.45e-07
 6.49934e+22	9.87e-01	1.34e-02	2.45e-07
 6.50736e+22	9.87e-01	1.31e-02	2.45e-07
 6.51466e+22	9.87e-01	1.29e-02	2.45e-07
 6.52266e+22	9.87e-01	1.27e-02	2.45e-07
 6.53130e+22	9.88e-01	1.24e-02	2.46e-07
 6.53916e+22	9.88e-01	1.22e-02	2.45e-07
 6.54778e+22	9.88e-01	1.20e-02	2.45e-07
 6.55708e+22	9.88e-01	1.18e-02	2.46e-07
 6.56554e+22	9.88e-01	1.16e-02	2.46e-07
 6.57324e+22	9.89e-01	1.14e-02	2.45e-07
 6.58168e+22	9.89e-01	1.12e-02	2.45e-07
 6.59265e+22	9.89e-01	1.09e-02	2.46e-07
 6.60504e+22	9.89e-01	1.06e-02	2.46e-07
 6.61737e+22	9.90e-01	1.03e-02	2.46e-07
 6.62984e+22	9.90e-01	1.01e-02	2.46e-07
 6.64261e+22	9.90e-01	9.79e-03	2.47e-07
 6.65557e+22	9.90e-01	9.53e-03	2.47e-07
 6.66867e+22	9.91e-01	9.27e-03	2.47e-07
 6.68193e+22	9.91e-01	9.02e-03	2.47e-07
 6.69536e+22	9.91e-01	8.78e-03	2.47e-07
 6.70895e+22	9.91e-01	8.54e-03	2.47e-07
 6.72269e+22	9.92e-01	8.30e-03	2.47e-07
 6.73658e+22	9.92e-01	8.07e-03	2.47e-07
 6.75062e+22	9.92e-01	7.85e-03	2.47e-07
 6.76480e+22	9.92e-01	7.63e-03	2.48e-07
 6.77912e+22	9.93e-01	7.41e-03	2.48e-07
 6.79355e+22	9.93e-01	7.20e-03	2.48e-07
 6.80811e+22	9.93e-01	6.99e-03	2.48e-07
 6.82281e+22	9.93e-01	6.79e-03	2.49e-07
 6.83767e+22	9.93e-01	6.59e-03	2.49e-07
 6.85265e+22	9.94e-01	6.40e-03	2.49e-07
 6.86776e+22	9.94e-01	6.21e-03	2.50e-07
 6.88299e+22	9.94e-01	6.02e-03	2.50e-07
 6.89836e+22	9.94e-01	5.85e-03	2.50e-07
 6.91400e+22	9.94e-01	5.67e-03	2.51e-07
 6.93001e+22	9.95e-01	5.49e-03	2.51e-07
 6.94629e+22	9.95e-01	5.32e-03	2.52e-07
 6.96274e+22	9.95e-01	5.16e-03	2.53e-07
 6.97937e+22	9.95e-01	4.99e-03	2.53e-07
 6.99618e+22	9.95e-01	4.83e-03	2.54e-07
 7.01318e+22	9.95e-01	4.68e-03	2.55e-07
 7.03039e+22	9.95e-01	4.53e-03	2.56e-07
 7.04788e+22	9.96e-01	4.38e-03	2.57e-07
 7.06565e+22	9.96e-01	4.24e-03	2.58e-07
 7.08384e+22	9.96e-01	4.09e-03	2.60e-07
 7.10250e+22	9.96e-01	3.95e-03	2.61e-07
 7.12152e+22	9.96e-01	3.81e-03	2.63e-07
 7.14086e+22	9.96e-01	3.68e-03	2.64e-07
 7.16053e+22	9.96e-01	3.55e-03	2.66e-07
 7.18055e+22	9.97e-01	3.42e-03	2.68e-07
 7.20094e+22	9.97e-01	3.29e-03	2.70e-07
 7.22173e+22	9.97e-01	3.17e-03	2.73e-07
 7.24302e+22	9.97e-01	3.05e-03	2.75e-07
 7.26485e+22	9.97e-01	2.93e-03	2.78e-07
 7.28713e+22	9.97e-01	2.82e-03	2.81e-07
 7.30991e+22	9.97e-01	2.70e-03	2.85e-07
 7.33324e+22	9.97e-01	2.59e-03	2.89e-07
 7.35712e+22	9.98e-01	2.49e-03	2.93e-07
 7.38144e+22	9.98e-01	2.38e-03	2.98e-07
 7.40599e+22	9.98e-01	2.28e-03	3.03e-07
 7.43076e+22	9.98e-01	2.19e-03	3.09e-07
 7.45583e+22	9.98e-01	2.09e-03	3.15e-07
 7.48114e+22	9.98e-01	2.00e-03	3.22e-07
 7.50669e+22	9.98e-01	1.92e-03	3.29e-07
 7.53250e+22	9.98e-01	1.83e-03	3.38e-07
 7.55856e+22	9.98e-01	1.76e-03	3.47e-07
 7.58489e+22	9.98e-01	1.68e-03	3.57e-07
 7.61152e+22	9.98e-01	1.60e-03	3.68e-07
 7.63845e+22	9.98e-01	1.53e-03	3.81e-07
 7.66557e+22	9.99e-01	1.46e-03	3.95e-07
 7.69296e+22	9.99e-01	1.40e-03	4.11e-07
 7.72065e+22	9.99e-01	1.33e-03	4.29e-07
 7.74864e+22	9.99e-01	1.27e-03	4.49e-07
 7.77702e+22	9.99e-01	1.21e-03	4.72e-07
 7.80572e+22	9.99e-01	1.16e-03	4.99e-07
 7.83476e+22	9.99e-01	1.10e-03	5.29e-07
 7.86412e+22	9.99e-01	1.05e-03	5.65e-07
 7.89350e+22	9.99e-01	9.98e-04	6.07e-07
 7.92188e+22	9.99e-01	9.53e-04	6.55e-07
 7.94838e+22	9.99e-01	9.12e-04	7.08e-07
 7.97301e+22	9.99e-01	8.77e-04	7.65e-07
 7.99624e+22	9.99e-01	8.44e-04	8.27e-07
 8.01843e+22	9.99e-01	8.13e-04	8.97e-07
 8.03966e+22	9.99e-01	7.86e-04	9.74e-07
 8.05985e+22	9.99e-01	7.60e-04	1.06e-06
 8.07894e+22	9.99e-01	7.36e-04	1.15e-06
 8.09700e+22	9.99e-01	7.14e-04	1.26e-06
 8.11420e+22	9.99e-01	6.95e-04	1.37e-06
 8.13062e+22	9.99e-01	6.73e-04	1.50e-06
 8.14613e+22	9.99e-01	6.57e-04	1.65e-06
 8.16078e+22	9.99e-01	6.41e-04	1.80e-06
 8.17485e+22	9.99e-01	6.26e-04	1.97e-06
 8.18846e+22	9.99e-01	6.12e-04	2.16e-06
 8.20154e+22	9.99e-01	5.99e-04	2.37e-06
 8.21403e+22	9.99e-01	5.86e-04	2.60e-06
 8.22592e+22	9.99e-01	5.75e-04	2.86e-06
 8.23733e+22	9.99e-01	5.64e-04	3.14e-06
 8.24833e+22	9.99e-01	5.53e-04	3.44e-06
 8.25899e+22	9.99e-01	5.43e-04	3.78e-06
 8.26935e+22	9.99e-01	5.34e-04	4.16e-06
 8.27940e+22	9.99e-01	5.25e-04	4.58e-06
 8.28910e+22	9.99e-01	5.16e-04	5.03e-06
 8.29850e+22	9.99e-01	5.08e-04	5.53e-06
 8.30768e+22	9.99e-01	5.00e-04	6.08e-06
 8.31670e+22	9.99e-01	4.92e-04	6.68e-06
 8.32562e+22	1.00e+00	4.85e-04	7.34e-06
 8.33442e+22	1.00e+00	4.77e-04	8.07e-06
 8.34312e+22	1.00e+00	4.70e-04	8.86e-06
 8.35176e+22	1.00e+00	4.63e-04	9.73e-06
 8.36040e+22	1.00e+00	4.56e-04	1.07e-05
 8.36908e+22	1.00e+00	4.50e-04	1.17e-05
 8.37784e+22	1.00e+00	4.42e-04	1.28e-05
 8.38673e+22	1.00e+00	4.35e-04	1.40e-05
 8.39583e+22	1.00e+00	4.28e-04	1.53e-05
 8.40518e+22	1.00e+00	4.21e-04	1.68e-05
 8.41480e+22	1.00e+00	4.14e-04	1.83e-05
 8.42473e+22	1.00e+00	4.06e-04	2.00e-05
 8.43507e+22	1.00e+00	3.98e-04	2.17e-05
 8.44592e+22	1.00e+00	3.90e-04	2.36e-05
 8.45734e+22	1.00e+00	3.83e-04	2.57e-05
 8.46936e+22	1.00e+00	3.74e-04	2.79e-05
 8.48213e+22	1.00e+00	3.65e-04	3.02e-05
 8.49580e+22	1.00e+00	3.56e-04	3.27e-05
 8.51033e+22	1.00e+00	3.47e-04	3.53e-05
 8.52574e+22	1.00e+00	3.37e-04	3.81e-05
 8.54222e+22	1.00e+00	3.26e-04	4.10e-05
 8.55998e+22	1.00e+00	3.15e-04	4.41e-05
 8.57911e+22	1.00e+00	3.04e-04	4.73e-05
 8.59964e+22	1.00e+00	2.92e-04	5.06e-05
 8.62167e+22	1.00e+00	2.80e-04	5.40e-05
 8.64537e+22	1.00e+00	2.67e-04	5.75e-05
 8.67102e+22	1.00e+00	2.54e-04	6.11e-05
 8.69872e+22	1.00e+00	2.40e-04	6.47e-05
 8.72866e+22	1.00e+00	2.26e-04	6.82e-05
 8.76124e+22	1.00e+00	2.12e-04	7.16e-05
 8.79674e+22	1.00e+00	1.96e-04	7.50e-05
 8.83519e+22	1.00e+00	1.81e-04	7.81e-05
 8.87679e+22	1.00e+00	1.66e-04	8.11e-05
 8.92186e+22	1.00e+00	1.50e-04	8.38e-05
 8.97030e+22	1.00e+00	1.35e-04	8.64e-05
 9.02161e+22	1.00e+00	1.20e-04	8.90e-05
 9.07489e+22	1.00e+00	1.06e-04	9.17e-05
 9.12889e+22	1.00e+00	9.38e-05	9.49e-05
 9.18197e+22	1.00e+00	8.28e-05	9.90e-05
 9.23230e+22	1.00e+00	7.34e-05	1.04e-04
 9.25679e+22	1.00e+00	7.24e-05	1.09e-04
