#depth	Fe	Fe+	Fe+2	Fe+3	Fe+4	Fe+5	Fe+6	Fe+7	Fe+8	Fe+9	Fe+10	Fe+11	Fe+12	Fe+13	Fe+14	Fe+15	Fe+16	Fe+17	Fe+18	Fe+19	Fe+20	Fe+21	Fe+22	Fe+23	Fe+24	Fe+25	Fe+26
 4.62852e+21	0.00e+00	0.00e+00	0.00e+00	0.00e+00	0.00e+00	0.00e+00	0.00e+00	0.00e+00	0.00e+00	0.00e+00	9.49e-24	8.85e-22	8.16e-20	5.13e-18	2.60e-16	4.26e-14	5.22e-11	5.56e-09	2.97e-07	7.52e-06	1.12e-04	9.31e-04	5.81e-03	3.34e-02	2.85e-01	4.35e-01	2.40e-01
 1.05627e+22	0.00e+00	0.00e+00	0.00e+00	0.00e+00	0.00e+00	0.00e+00	0.00e+00	0.00e+00	0.00e+00	1.64e-24	1.55e-22	1.47e-20	1.58e-18	1.34e-16	1.26e-14	1.44e-12	1.19e-09	8.71e-08	3.22e-06	5.67e-05	5.91e-04	3.44e-03	1.51e-02	6.12e-02	3.71e-01	3.96e-01	1.52e-01
 1.27607e+22	0.00e+00	0.00e+00	0.00e+00	0.00e+00	0.00e+00	0.00e+00	0.00e+00	0.00e+00	6.77e-25	7.02e-23	5.22e-21	3.92e-19	3.31e-17	2.21e-15	1.65e-13	1.49e-11	9.45e-09	5.32e-07	1.53e-05	2.11e-04	1.72e-03	7.87e-03	2.71e-02	8.69e-02	4.20e-01	3.51e-01	1.06e-01
 1.43669e+22	0.00e+00	0.00e+00	0.00e+00	0.00e+00	0.00e+00	0.00e+00	0.00e+00	4.85e-26	1.25e-23	1.07e-21	8.46e-20	5.24e-18	3.66e-16	2.02e-14	1.24e-12	9.25e-11	4.76e-08	2.18e-06	5.12e-05	5.80e-04	3.90e-03	1.47e-02	4.17e-02	1.11e-01	4.47e-01	3.06e-01	7.57e-02
 1.52592e+22	0.00e+00	0.00e+00	0.00e+00	0.00e+00	0.00e+00	0.00e+00	2.32e-28	9.33e-26	2.30e-23	2.26e-21	1.70e-19	1.00e-17	6.67e-16	3.51e-14	2.06e-12	1.46e-10	7.11e-08	3.10e-06	6.91e-05	7.44e-04	4.76e-03	1.70e-02	4.62e-02	1.17e-01	4.51e-01	2.94e-01	6.92e-02
 1.55494e+22	0.00e+00	0.00e+00	0.00e+00	0.00e+00	0.00e+00	2.61e-31	4.02e-28	1.57e-25	3.76e-23	3.59e-21	2.61e-19	1.50e-17	9.67e-16	4.94e-14	2.81e-12	1.93e-10	9.12e-08	3.85e-06	8.31e-05	8.68e-04	5.38e-03	1.87e-02	4.92e-02	1.21e-01	4.53e-01	2.87e-01	6.54e-02
 1.58064e+22	0.00e+00	0.00e+00	0.00e+00	0.00e+00	0.00e+00	5.43e-31	8.05e-28	3.04e-25	7.00e-23	6.44e-21	4.52e-19	2.49e-17	1.55e-15	7.62e-14	4.17e-12	2.77e-10	1.25e-07	5.05e-06	1.05e-04	1.05e-03	6.28e-03	2.10e-02	5.31e-02	1.26e-01	4.55e-01	2.77e-01	6.07e-02
 1.60754e+22	0.00e+00	0.00e+00	0.00e+00	0.00e+00	0.00e+00	1.04e-30	1.49e-27	5.42e-25	1.21e-22	1.08e-20	7.30e-19	3.90e-17	2.34e-15	1.11e-13	5.89e-12	3.77e-10	1.65e-07	6.42e-06	1.29e-04	1.25e-03	7.19e-03	2.32e-02	5.68e-02	1.30e-01	4.56e-01	2.68e-01	5.68e-02
 1.63225e+22	0.00e+00	0.00e+00	0.00e+00	0.00e+00	0.00e+00	1.99e-30	2.76e-27	9.75e-25	2.10e-22	1.81e-20	1.18e-18	6.11e-17	3.54e-15	1.63e-13	8.32e-12	5.15e-10	2.17e-07	8.17e-06	1.58e-04	1.48e-03	8.23e-03	2.57e-02	6.07e-02	1.34e-01	4.57e-01	2.59e-01	5.31e-02
 1.65563e+22	0.00e+00	0.00e+00	0.00e+00	0.00e+00	0.00e+00	3.60e-30	4.85e-27	1.66e-24	3.48e-22	2.90e-20	1.84e-18	9.20e-17	5.18e-15	2.30e-13	1.14e-11	6.84e-10	2.79e-07	1.02e-05	1.90e-04	1.73e-03	9.30e-03	2.81e-02	6.44e-02	1.38e-01	4.57e-01	2.51e-01	4.98e-02
 1.68104e+22	0.00e+00	0.00e+00	0.00e+00	0.00e+00	2.51e-33	7.27e-30	9.45e-27	3.12e-24	6.31e-22	5.07e-20	3.10e-18	1.49e-16	8.10e-15	3.47e-13	1.66e-11	9.58e-10	3.75e-07	1.31e-05	2.37e-04	2.07e-03	1.07e-02	3.12e-02	6.90e-02	1.43e-01	4.57e-01	2.42e-01	4.61e-02
 1.70758e+22	0.00e+00	0.00e+00	0.00e+00	0.00e+00	4.61e-33	1.29e-29	1.62e-26	5.19e-24	1.10e-21	8.51e-20	5.03e-18	2.34e-16	1.23e-14	5.08e-13	2.34e-11	1.31e-09	4.93e-07	1.67e-05	2.90e-04	2.44e-03	1.22e-02	3.44e-02	7.34e-02	1.47e-01	4.55e-01	2.33e-01	4.28e-02
 1.73117e+22	0.00e+00	0.00e+00	0.00e+00	0.00e+00	8.64e-33	2.35e-29	2.86e-26	8.88e-24	1.82e-21	1.37e-19	7.83e-18	3.53e-16	1.79e-14	7.18e-13	3.21e-11	1.73e-09	6.33e-07	2.07e-05	3.48e-04	2.84e-03	1.38e-02	3.76e-02	7.76e-02	1.50e-01	4.53e-01	2.24e-01	4.00e-02
 1.75740e+22	0.00e+00	0.00e+00	0.00e+00	0.00e+00	1.83e-32	4.79e-29	5.63e-26	1.69e-23	3.33e-21	2.41e-19	1.33e-17	5.77e-16	2.82e-14	1.09e-12	4.68e-11	2.43e-09	8.53e-07	2.68e-05	4.33e-04	3.40e-03	1.59e-02	4.16e-02	8.28e-02	1.54e-01	4.50e-01	2.14e-01	3.67e-02
 1.78516e+22	0.00e+00	0.00e+00	0.00e+00	0.00e+00	3.88e-32	9.81e-29	1.11e-25	3.21e-23	6.09e-21	4.25e-19	2.25e-17	9.41e-16	4.42e-14	1.64e-12	6.79e-11	3.39e-09	1.15e-06	3.47e-05	5.39e-04	4.07e-03	1.83e-02	4.61e-02	8.82e-02	1.58e-01	4.47e-01	2.04e-01	3.37e-02
 1.80956e+22	0.00e+00	0.00e+00	0.00e+00	0.00e+00	7.26e-32	1.78e-28	1.96e-25	5.48e-23	1.01e-20	6.82e-19	3.51e-17	1.42e-15	6.45e-14	2.32e-12	9.29e-11	4.50e-09	1.47e-06	4.29e-05	6.45e-04	4.72e-03	2.05e-02	5.00e-02	9.27e-02	1.62e-01	4.43e-01	1.96e-01	3.13e-02
 1.83234e+22	0.00e+00	0.00e+00	0.00e+00	0.00e+00	1.34e-31	3.19e-28	3.40e-25	9.25e-23	1.65e-20	1.08e-18	5.39e-17	2.11e-15	9.31e-14	3.24e-12	1.26e-10	5.90e-09	1.86e-06	5.28e-05	7.69e-04	5.44e-03	2.29e-02	5.42e-02	9.73e-02	1.64e-01	4.38e-01	1.88e-01	2.90e-02
 1.85839e+22	0.00e+00	0.00e+00	0.00e+00	0.00e+00	2.83e-31	6.50e-28	6.69e-25	1.75e-22	3.02e-20	1.90e-18	9.12e-17	3.44e-15	1.46e-13	4.88e-12	1.82e-10	8.22e-09	2.50e-06	6.80e-05	9.51e-04	6.47e-03	2.62e-02	5.96e-02	1.03e-01	1.68e-01	4.32e-01	1.78e-01	2.64e-02
 1.88540e+22	0.00e+00	0.00e+00	0.00e+00	0.00e+00	5.84e-31	1.29e-27	1.29e-24	3.25e-22	5.39e-20	3.28e-18	1.51e-16	5.48e-15	2.24e-13	7.22e-12	2.60e-10	1.13e-08	3.30e-06	8.65e-05	1.17e-03	7.64e-03	2.98e-02	6.53e-02	1.09e-01	1.70e-01	4.25e-01	1.68e-01	2.41e-02
 1.90855e+22	0.00e+00	0.00e+00	0.00e+00	0.00e+00	1.08e-30	2.32e-27	2.24e-24	5.49e-22	8.83e-20	5.20e-18	2.32e-16	8.16e-15	3.22e-13	1.01e-11	3.50e-10	1.47e-08	4.18e-06	1.06e-04	1.39e-03	8.79e-03	3.32e-02	7.03e-02	1.13e-01	1.72e-01	4.18e-01	1.60e-01	2.22e-02
 1.93353e+22	0.00e+00	0.00e+00	0.00e+00	0.00e+00	2.20e-30	4.56e-27	4.24e-24	1.03e-21	1.60e-19	9.08e-18	3.90e-16	1.32e-14	5.01e-13	1.50e-11	5.02e-10	2.03e-08	5.55e-06	1.36e-04	1.70e-03	1.04e-02	3.77e-02	7.68e-02	1.19e-01	1.74e-01	4.09e-01	1.51e-01	2.01e-02
 1.95880e+22	0.00e+00	0.00e+00	0.00e+00	0.00e+00	4.10e-30	8.26e-27	7.44e-24	1.76e-21	2.64e-19	1.45e-17	6.02e-16	1.97e-14	7.23e-13	2.10e-11	6.79e-10	2.65e-08	7.03e-06	1.66e-04	2.02e-03	1.19e-02	4.19e-02	8.26e-02	1.24e-01	1.76e-01	4.00e-01	1.43e-01	1.84e-02
 1.98076e+22	0.00e+00	0.00e+00	0.00e+00	1.23e-33	7.54e-30	1.47e-26	1.29e-23	2.96e-21	4.30e-19	2.28e-17	9.18e-16	2.90e-14	1.03e-12	2.90e-11	9.08e-10	3.43e-08	8.83e-06	2.03e-04	2.39e-03	1.36e-02	4.63e-02	8.84e-02	1.29e-01	1.77e-01	3.92e-01	1.35e-01	1.69e-02
 2.00564e+22	0.00e+00	0.00e+00	0.00e+00	2.61e-33	1.54e-29	2.91e-26	2.45e-23	5.43e-21	7.62e-19	3.89e-17	1.51e-15	4.59e-14	1.57e-12	4.25e-11	1.28e-09	4.66e-08	1.15e-05	2.55e-04	2.89e-03	1.59e-02	5.20e-02	9.56e-02	1.34e-01	1.77e-01	3.81e-01	1.27e-01	1.52e-02
 2.03175e+22	0.00e+00	0.00e+00	0.00e+00	5.50e-33	3.14e-29	5.73e-26	4.66e-23	9.96e-21	1.35e-18	6.62e-17	2.47e-15	7.22e-14	2.38e-12	6.18e-11	1.79e-09	6.25e-08	1.50e-05	3.20e-04	3.50e-03	1.85e-02	5.83e-02	1.03e-01	1.39e-01	1.77e-01	3.69e-01	1.18e-01	1.36e-02
 2.05437e+22	0.00e+00	0.00e+00	0.00e+00	1.02e-32	5.67e-29	1.00e-25	7.92e-23	1.64e-20	2.16e-18	1.03e-16	3.71e-15	1.05e-13	3.35e-12	8.44e-11	2.36e-09	8.01e-08	1.86e-05	3.86e-04	4.08e-03	2.09e-02	6.39e-02	1.09e-01	1.43e-01	1.77e-01	3.58e-01	1.11e-01	1.24e-02
 2.07869e+22	0.00e+00	0.00e+00	0.00e+00	2.22e-32	1.19e-28	2.03e-25	1.54e-22	3.08e-20	3.89e-18	1.78e-16	6.17e-15	1.68e-13	5.14e-12	1.24e-10	3.34e-09	1.09e-07	2.44e-05	4.86e-04	4.95e-03	2.44e-02	7.15e-02	1.18e-01	1.48e-01	1.76e-01	3.44e-01	1.03e-01	1.10e-02
 2.10329e+22	0.00e+00	0.00e+00	0.00e+00	4.32e-32	2.25e-28	3.72e-25	2.74e-22	5.30e-20	6.46e-18	2.85e-16	9.54e-15	2.51e-13	7.40e-12	1.72e-10	4.47e-09	1.40e-07	3.06e-05	5.91e-04	5.83e-03	2.78e-02	7.85e-02	1.25e-01	1.51e-01	1.74e-01	3.32e-01	9.54e-02	9.90e-03
 2.12433e+22	0.00e+00	0.00e+00	0.00e+00	7.75e-32	3.93e-28	6.32e-25	4.52e-22	8.49e-20	1.01e-17	4.31e-16	1.40e-14	3.56e-13	1.02e-11	2.30e-10	5.78e-09	1.76e-07	3.73e-05	7.01e-04	6.72e-03	3.10e-02	8.51e-02	1.31e-01	1.54e-01	1.72e-01	3.20e-01	8.94e-02	8.99e-03
 2.14776e+22	0.00e+00	0.00e+00	0.00e+00	1.63e-31	8.00e-28	1.24e-24	8.57e-22	1.55e-19	1.77e-17	7.28e-16	2.27e-14	5.55e-13	1.52e-11	3.31e-10	7.98e-09	2.33e-07	4.79e-05	8.69e-04	8.02e-03	3.56e-02	9.40e-02	1.39e-01	1.58e-01	1.69e-01	3.05e-01	8.19e-02	7.92e-03
 2.17208e+22	0.00e+00	0.00e+00	0.00e+00	3.21e-31	1.52e-27	2.29e-24	1.53e-21	2.68e-19	2.94e-17	1.17e-15	3.51e-14	8.28e-13	2.19e-11	4.58e-10	1.07e-08	3.00e-07	5.99e-05	1.05e-03	9.39e-03	4.03e-02	1.03e-01	1.47e-01	1.60e-01	1.66e-01	2.91e-01	7.54e-02	7.04e-03
 2.19365e+22	0.00e+00	0.00e+00	0.00e+00	6.00e-31	2.77e-27	4.04e-24	2.64e-21	4.48e-19	4.76e-17	1.83e-15	5.31e-14	1.21e-12	3.09e-11	6.23e-10	1.40e-08	3.80e-07	7.38e-05	1.26e-03	1.09e-02	4.51e-02	1.11e-01	1.54e-01	1.62e-01	1.63e-01	2.77e-01	6.94e-02	6.27e-03
 2.21777e+22	0.00e+00	0.00e+00	0.00e+00	1.32e-30	5.88e-27	8.28e-24	5.20e-21	8.46e-19	8.63e-17	3.17e-15	8.82e-14	1.92e-12	4.70e-11	9.07e-10	1.95e-08	5.07e-07	9.52e-05	1.56e-03	1.30e-02	5.17e-02	1.22e-01	1.62e-01	1.64e-01	1.58e-01	2.60e-01	6.24e-02	5.40e-03
 2.24243e+22	0.00e+00	0.00e+00	0.00e+00	2.59e-30	1.12e-26	1.52e-23	9.22e-21	1.45e-18	1.43e-16	5.07e-15	1.36e-13	2.85e-12	6.70e-11	1.25e-09	2.58e-08	6.46e-07	1.18e-04	1.88e-03	1.51e-02	5.79e-02	1.32e-01	1.68e-01	1.65e-01	1.53e-01	2.45e-01	5.68e-02	4.74e-03
 2.26333e+22	0.00e+00	0.00e+00	0.00e+00	4.80e-30	2.01e-26	2.65e-23	1.56e-20	2.38e-18	2.27e-16	7.77e-15	2.01e-13	4.07e-12	9.25e-11	1.66e-09	3.31e-08	8.03e-07	1.43e-04	2.21e-03	1.73e-02	6.41e-02	1.41e-01	1.74e-01	1.65e-01	1.49e-01	2.32e-01	5.19e-02	4.19e-03
 2.28300e+22	0.00e+00	0.00e+00	0.00e+00	8.50e-30	3.46e-26	4.46e-23	2.54e-20	3.76e-18	3.48e-16	1.15e-14	2.89e-13	5.67e-12	1.25e-10	2.17e-09	4.19e-08	9.82e-07	1.71e-04	2.57e-03	1.95e-02	7.02e-02	1.50e-01	1.79e-01	1.64e-01	1.44e-01	2.19e-01	4.75e-02	3.72e-03
 2.30551e+22	0.00e+00	0.00e+00	0.00e+00	1.76e-29	6.93e-26	8.61e-23	4.74e-20	6.75e-18	6.00e-16	1.91e-14	4.59e-13	8.64e-12	1.82e-10	3.04e-09	5.62e-08	1.26e-06	2.13e-04	3.10e-03	2.27e-02	7.85e-02	1.61e-01	1.85e-01	1.63e-01	1.38e-01	2.03e-01	4.23e-02	3.19e-03
 2.32882e+22	0.00e+00	0.00e+00	1.36e-33	3.40e-29	1.30e-25	1.56e-22	8.29e-20	1.14e-17	9.78e-16	3.00e-14	6.94e-13	1.26e-11	2.55e-10	4.10e-09	7.29e-08	1.58e-06	2.59e-04	3.66e-03	2.59e-02	8.66e-02	1.71e-01	1.90e-01	1.62e-01	1.31e-01	1.89e-01	3.80e-02	2.76e-03
 2.34935e+22	0.00e+00	0.00e+00	2.61e-33	6.32e-29	2.34e-25	2.73e-22	1.40e-19	1.87e-17	1.55e-15	4.58e-14	1.02e-12	1.79e-11	3.50e-10	5.41e-09	9.29e-08	1.94e-06	3.11e-04	4.27e-03	2.93e-02	9.47e-02	1.81e-01	1.94e-01	1.59e-01	1.25e-01	1.76e-01	3.41e-02	2.40e-03
 2.37224e+22	0.00e+00	0.00e+00	5.81e-33	1.35e-28	4.82e-25	5.42e-22	2.68e-19	3.43e-17	2.72e-15	7.71e-14	1.65e-12	2.75e-11	5.15e-10	7.60e-09	1.25e-07	2.49e-06	3.87e-04	5.14e-03	3.39e-02	1.05e-01	1.92e-01	1.98e-01	1.56e-01	1.18e-01	1.60e-01	2.98e-02	2.00e-03
 2.39500e+22	0.00e+00	0.00e+00	1.10e-32	2.48e-28	8.60e-25	9.38e-22	4.49e-19	5.56e-17	4.26e-15	1.17e-13	2.40e-12	3.88e-11	7.00e-10	9.97e-09	1.58e-07	3.04e-06	4.61e-04	5.94e-03	3.80e-02	1.14e-01	2.01e-01	2.00e-01	1.53e-01	1.12e-01	1.47e-01	2.66e-02	1.73e-03
 2.41428e+22	0.00e+00	0.00e+00	2.06e-32	4.52e-28	1.52e-24	1.61e-21	7.45e-19	8.93e-17	6.62e-15	1.75e-13	3.48e-12	5.41e-11	9.41e-10	1.29e-08	1.97e-07	3.67e-06	5.44e-04	6.82e-03	4.24e-02	1.23e-01	2.10e-01	2.02e-01	1.49e-01	1.05e-01	1.36e-01	2.37e-02	1.49e-03
 2.43311e+22	0.00e+00	0.00e+00	3.62e-32	7.72e-28	2.53e-24	2.62e-21	1.18e-18	1.37e-16	9.86e-15	2.52e-13	4.86e-12	7.32e-11	1.23e-09	1.64e-08	2.42e-07	4.37e-06	6.32e-04	7.73e-03	4.67e-02	1.31e-01	2.18e-01	2.03e-01	1.45e-01	9.97e-02	1.26e-01	2.12e-02	1.30e-03
 2.45467e+22	0.00e+00	0.00e+00	7.72e-32	1.59e-27	5.01e-24	5.00e-21	2.16e-18	2.42e-16	1.67e-14	4.10e-13	7.56e-12	1.09e-10	1.76e-09	2.24e-08	3.16e-07	5.46e-06	7.67e-04	9.07e-03	5.29e-02	1.43e-01	2.27e-01	2.03e-01	1.40e-01	9.22e-02	1.13e-01	1.83e-02	1.07e-03
 2.47679e+22	0.00e+00	0.00e+00	1.50e-31	2.98e-27	9.13e-24	8.83e-21	3.69e-18	3.99e-16	2.65e-14	6.26e-13	1.11e-11	1.54e-10	2.39e-09	2.93e-08	3.97e-07	6.60e-06	9.05e-04	1.04e-02	5.88e-02	1.53e-01	2.35e-01	2.03e-01	1.34e-01	8.57e-02	1.02e-01	1.60e-02	9.05e-04
 2.49619e+22	0.00e+00	0.00e+00	2.75e-31	5.31e-27	1.58e-23	1.48e-20	6.01e-18	6.29e-16	4.04e-14	9.22e-13	1.58e-11	2.12e-10	3.17e-09	3.74e-08	4.90e-07	7.86e-06	1.05e-03	1.18e-02	6.46e-02	1.63e-01	2.41e-01	2.01e-01	1.29e-01	7.98e-02	9.30e-02	1.41e-02	7.71e-04
 2.51492e+22	0.00e+00	0.00e+00	4.99e-31	9.35e-27	2.70e-23	2.47e-20	9.68e-18	9.82e-16	6.11e-14	1.35e-12	2.23e-11	2.88e-10	4.16e-09	4.75e-08	6.00e-07	9.30e-06	1.22e-03	1.33e-02	7.06e-02	1.72e-01	2.47e-01	2.00e-01	1.24e-01	7.42e-02	8.45e-02	1.24e-02	6.57e-04
 2.53627e+22	0.00e+00	0.00e+00	1.05e-30	1.90e-26	5.29e-23	4.66e-20	1.76e-17	1.71e-15	1.02e-13	2.16e-12	3.42e-11	4.23e-10	5.84e-09	6.38e-08	7.71e-07	1.14e-05	1.45e-03	1.53e-02	7.86e-02	1.84e-01	2.54e-01	1.96e-01	1.17e-01	6.75e-02	7.46e-02	1.05e-02	5.34e-04
 2.55805e+22	0.00e+00	0.00e+00	2.01e-30	3.52e-26	9.50e-23	8.10e-20	2.95e-17	2.78e-15	1.60e-13	3.25e-12	4.95e-11	5.90e-10	7.83e-09	8.22e-08	9.55e-07	1.36e-05	1.69e-03	1.73e-02	8.61e-02	1.95e-01	2.58e-01	1.93e-01	1.11e-01	6.18e-02	6.66e-02	9.04e-03	4.44e-04
 2.57668e+22	0.00e+00	0.00e+00	3.58e-30	6.08e-26	1.60e-22	1.32e-19	4.68e-17	4.27e-15	2.38e-13	4.67e-12	6.87e-11	7.91e-10	1.01e-08	1.03e-07	1.15e-06	1.59e-05	1.93e-03	1.92e-02	9.30e-02	2.04e-01	2.62e-01	1.89e-01	1.06e-01	5.70e-02	6.01e-02	7.90e-03	3.76e-04
 2.59721e+22	0.00e+00	0.00e+00	7.40e-30	1.21e-25	3.07e-22	2.45e-19	8.34e-17	7.32e-15	3.91e-13	7.35e-12	1.04e-10	1.14e-09	1.40e-08	1.36e-07	1.46e-06	1.93e-05	2.27e-03	2.19e-02	1.02e-01	2.15e-01	2.65e-01	1.84e-01	9.86e-02	5.12e-02	5.25e-02	6.63e-03	3.03e-04
 2.61832e+22	0.00e+00	0.00e+00	1.39e-29	2.20e-25	5.41e-22	4.19e-19	1.38e-16	1.17e-14	6.01e-13	1.09e-11	1.48e-10	1.57e-09	1.85e-08	1.73e-07	1.79e-06	2.27e-05	2.60e-03	2.45e-02	1.11e-01	2.25e-01	2.67e-01	1.79e-01	9.26e-02	4.65e-02	4.65e-02	5.67e-03	2.50e-04
 2.63704e+22	0.00e+00	0.00e+00	2.54e-29	3.91e-25	9.31e-22	7.00e-19	2.23e-16	1.83e-14	9.07e-13	1.59e-11	2.08e-10	2.12e-09	2.42e-08	2.17e-07	2.16e-06	2.65e-05	2.97e-03	2.71e-02	1.19e-01	2.34e-01	2.68e-01	1.74e-01	8.69e-02	4.22e-02	4.13e-02	4.87e-03	2.08e-04
 2.65820e+22	0.00e+00	5.38e-34	5.30e-29	7.84e-25	1.80e-21	1.31e-18	3.99e-16	3.15e-14	1.50e-12	2.51e-11	3.14e-10	3.07e-09	3.34e-08	2.87e-07	2.72e-06	3.19e-05	3.47e-03	3.06e-02	1.29e-01	2.44e-01	2.68e-01	1.67e-01	8.00e-02	3.74e-02	3.56e-02	4.02e-03	1.65e-04
 2.67963e+22	0.00e+00	1.05e-33	9.99e-29	1.43e-24	3.18e-21	2.24e-18	6.60e-16	5.02e-14	2.30e-12	3.71e-11	4.47e-10	4.20e-09	4.39e-08	3.63e-07	3.31e-06	3.73e-05	3.95e-03	3.39e-02	1.39e-01	2.53e-01	2.68e-01	1.60e-01	7.43e-02	3.36e-02	3.12e-02	3.40e-03	1.34e-04
 2.69811e+22	0.00e+00	1.96e-33	1.80e-28	2.50e-24	5.40e-21	3.68e-18	1.05e-15	7.75e-14	3.43e-12	5.34e-11	6.20e-10	5.62e-09	5.66e-08	4.51e-07	3.97e-06	4.31e-05	4.45e-03	3.72e-02	1.48e-01	2.60e-01	2.66e-01	1.54e-01	6.91e-02	3.03e-02	2.75e-02	2.90e-03	1.11e-04
 2.71886e+22	0.00e+00	4.22e-33	3.73e-28	4.98e-24	1.04e-20	6.82e-18	1.87e-15	1.32e-13	5.61e-12	8.35e-11	9.28e-10	8.04e-09	7.74e-08	5.90e-07	4.95e-06	5.15e-05	5.15e-03	4.16e-02	1.59e-01	2.69e-01	2.63e-01	1.46e-01	6.30e-02	2.65e-02	2.35e-02	2.37e-03	8.68e-05
 2.74048e+22	0.00e+00	8.51e-33	7.24e-28	9.33e-24	1.88e-20	1.19e-17	3.16e-15	2.15e-13	8.77e-12	1.25e-10	1.34e-09	1.11e-08	1.03e-07	7.50e-07	6.03e-06	6.02e-05	5.86e-03	4.59e-02	1.70e-01	2.76e-01	2.60e-01	1.39e-01	5.77e-02	2.34e-02	2.02e-02	1.97e-03	6.93e-05
 2.75987e+22	0.00e+00	1.60e-32	1.32e-27	1.64e-23	3.21e-20	1.98e-17	5.07e-15	3.34e-13	1.31e-11	1.81e-10	1.86e-09	1.49e-08	1.32e-07	9.32e-07	7.22e-06	6.94e-05	6.57e-03	5.00e-02	1.80e-01	2.82e-01	2.56e-01	1.32e-01	5.31e-02	2.09e-02	1.76e-02	1.65e-03	5.64e-05
 2.77838e+22	0.00e+00	3.04e-32	2.41e-27	2.91e-23	5.51e-20	3.29e-17	8.16e-15	5.19e-13	1.97e-11	2.61e-10	2.58e-09	1.99e-08	1.71e-07	1.15e-06	8.61e-06	7.97e-05	7.35e-03	5.44e-02	1.90e-01	2.87e-01	2.52e-01	1.25e-01	4.87e-02	1.85e-02	1.53e-02	1.39e-03	4.57e-05
 2.79597e+22	0.00e+00	5.41e-32	4.16e-27	4.88e-23	8.97e-20	5.21e-17	1.25e-14	7.74e-13	2.84e-11	3.64e-10	3.48e-09	2.60e-08	2.15e-07	1.40e-06	1.01e-05	9.04e-05	8.13e-03	5.87e-02	1.99e-01	2.92e-01	2.47e-01	1.19e-01	4.49e-02	1.66e-02	1.34e-02	1.18e-03	3.76e-05
 2.81568e+22	0.00e+00	1.17e-31	8.64e-27	9.75e-23	1.72e-19	9.64e-17	2.23e-14	1.32e-12	4.62e-11	5.67e-10	5.18e-09	3.69e-08	2.91e-07	1.82e-06	1.25e-05	1.06e-04	9.27e-03	6.46e-02	2.11e-01	2.97e-01	2.41e-01	1.11e-01	4.02e-02	1.43e-02	1.13e-02	9.47e-04	2.89e-05
 2.83551e+22	0.00e+00	2.19e-31	1.55e-26	1.70e-22	2.91e-19	1.58e-16	3.53e-14	2.02e-12	6.83e-11	8.08e-10	7.11e-09	4.88e-08	3.71e-07	2.23e-06	1.47e-05	1.21e-04	1.03e-02	6.97e-02	2.21e-01	3.00e-01	2.35e-01	1.05e-01	3.66e-02	1.26e-02	9.73e-03	7.91e-04	2.34e-05
 2.85157e+22	0.00e+00	3.68e-31	2.54e-26	2.70e-22	4.51e-19	2.39e-16	5.19e-14	2.89e-12	9.47e-11	1.09e-09	9.27e-09	6.17e-08	4.55e-07	2.65e-06	1.69e-05	1.35e-04	1.12e-02	7.41e-02	2.29e-01	3.02e-01	2.29e-01	9.95e-02	3.39e-02	1.13e-02	8.61e-03	6.79e-04	1.95e-05
 2.86543e+22	0.00e+00	5.97e-31	4.01e-26	4.16e-22	6.77e-19	3.50e-16	7.41e-14	4.02e-12	1.28e-10	1.43e-09	1.19e-08	7.66e-08	5.48e-07	3.10e-06	1.92e-05	1.49e-04	1.21e-02	7.84e-02	2.37e-01	3.04e-01	2.24e-01	9.47e-02	3.14e-02	1.03e-02	7.66e-03	5.89e-04	1.64e-05
 2.87821e+22	0.00e+00	9.32e-31	6.10e-26	6.19e-22	9.84e-19	4.97e-16	1.03e-13	5.45e-12	1.69e-10	1.84e-09	1.49e-08	9.35e-08	6.51e-07	3.58e-06	2.16e-05	1.63e-04	1.30e-02	8.25e-02	2.43e-01	3.05e-01	2.19e-01	9.04e-02	2.93e-02	9.36e-03	6.88e-03	5.15e-04	1.40e-05
 2.89264e+22	0.00e+00	1.61e-30	1.02e-25	1.01e-21	1.56e-18	7.66e-16	1.54e-13	7.92e-12	2.38e-10	2.51e-09	1.96e-08	1.19e-07	8.03e-07	4.27e-06	2.50e-05	1.82e-04	1.41e-02	8.76e-02	2.52e-01	3.06e-01	2.13e-01	8.52e-02	2.68e-02	8.34e-03	6.02e-03	4.37e-04	1.16e-05
 2.90706e+22	0.00e+00	2.57e-30	1.59e-25	1.53e-21	2.30e-18	1.11e-15	2.17e-13	1.09e-11	3.18e-10	3.26e-09	2.48e-08	1.47e-07	9.60e-07	4.96e-06	2.82e-05	2.00e-04	1.52e-02	9.22e-02	2.59e-01	3.07e-01	2.08e-01	8.09e-02	2.48e-02	7.54e-03	5.36e-03	3.79e-04	9.77e-06
 2.91912e+22	0.00e+00	3.91e-30	2.36e-25	2.22e-21	3.28e-18	1.54e-15	2.96e-13	1.45e-11	4.14e-10	4.13e-09	3.06e-08	1.77e-07	1.13e-06	5.68e-06	3.14e-05	2.17e-04	1.62e-02	9.64e-02	2.65e-01	3.07e-01	2.03e-01	7.71e-02	2.32e-02	6.88e-03	4.82e-03	3.33e-04	8.38e-06
 2.93245e+22	0.00e+00	6.57e-30	3.85e-25	3.52e-21	5.05e-18	2.32e-15	4.32e-13	2.06e-11	5.71e-10	5.53e-09	3.97e-08	2.22e-07	1.37e-06	6.70e-06	3.59e-05	2.40e-04	1.75e-02	1.02e-01	2.73e-01	3.06e-01	1.97e-01	7.26e-02	2.12e-02	6.14e-03	4.23e-03	2.84e-04	6.93e-06
 2.94625e+22	0.00e+00	1.04e-29	5.94e-25	5.30e-21	7.43e-18	3.33e-15	6.06e-13	2.81e-11	7.59e-10	7.16e-09	5.00e-08	2.72e-07	1.64e-06	7.76e-06	4.03e-05	2.63e-04	1.87e-02	1.07e-01	2.80e-01	3.06e-01	1.91e-01	6.87e-02	1.96e-02	5.54e-03	3.76e-03	2.46e-04	5.85e-06
 2.95794e+22	0.00e+00	1.57e-29	8.73e-25	7.62e-21	1.05e-17	4.59e-15	8.17e-13	3.72e-11	9.78e-10	9.00e-09	6.13e-08	3.26e-07	1.91e-06	8.83e-06	4.47e-05	2.84e-04	1.99e-02	1.11e-01	2.86e-01	3.05e-01	1.86e-01	6.54e-02	1.82e-02	5.05e-03	3.38e-03	2.16e-04	5.02e-06
 2.96878e+22	0.00e+00	2.36e-29	1.28e-24	1.10e-20	1.47e-17	6.32e-15	1.10e-12	4.90e-11	1.26e-09	1.13e-08	7.52e-08	3.90e-07	2.23e-06	1.00e-05	4.96e-05	3.07e-04	2.11e-02	1.16e-01	2.91e-01	3.04e-01	1.81e-01	6.22e-02	1.70e-02	4.60e-03	3.04e-03	1.90e-04	4.31e-06
 2.98122e+22	0.00e+00	3.93e-29	2.07e-24	1.72e-20	2.25e-17	9.42e-15	1.60e-12	6.91e-11	1.72e-09	1.50e-08	9.69e-08	4.87e-07	2.69e-06	1.18e-05	5.63e-05	3.38e-04	2.26e-02	1.21e-01	2.98e-01	3.02e-01	1.74e-01	5.83e-02	1.55e-02	4.09e-03	2.66e-03	1.61e-04	3.56e-06
 2.99383e+22	0.00e+00	5.96e-29	3.07e-24	2.49e-20	3.18e-17	1.30e-14	2.16e-12	9.14e-11	2.22e-09	1.89e-08	1.19e-07	5.84e-07	3.15e-06	1.34e-05	6.24e-05	3.66e-04	2.40e-02	1.26e-01	3.04e-01	3.01e-01	1.69e-01	5.52e-02	1.44e-02	3.71e-03	2.38e-03	1.41e-04	3.04e-06
 3.00499e+22	0.00e+00	8.99e-29	4.51e-24	3.58e-20	4.47e-17	1.80e-14	2.92e-12	1.21e-10	2.86e-09	2.38e-08	1.46e-07	6.98e-07	3.67e-06	1.52e-05	6.91e-05	3.95e-04	2.54e-02	1.31e-01	3.09e-01	2.99e-01	1.64e-01	5.23e-02	1.33e-02	3.37e-03	2.13e-03	1.23e-04	2.60e-06
 3.01781e+22	0.00e+00	1.52e-28	7.41e-24	5.71e-20	6.93e-17	2.71e-14	4.28e-12	1.72e-10	3.95e-09	3.19e-08	1.89e-07	8.78e-07	4.47e-06	1.80e-05	7.88e-05	4.36e-04	2.73e-02	1.37e-01	3.16e-01	2.96e-01	1.57e-01	4.88e-02	1.21e-02	2.98e-03	1.85e-03	1.04e-04	2.12e-06
 3.03002e+22	0.00e+00	2.24e-28	1.06e-23	8.02e-20	9.53e-17	3.65e-14	5.65e-12	2.23e-10	5.00e-09	3.94e-08	2.29e-07	1.04e-06	5.15e-06	2.02e-05	8.66e-05	4.68e-04	2.87e-02	1.42e-01	3.20e-01	2.94e-01	1.53e-01	4.63e-02	1.12e-02	2.71e-03	1.67e-03	9.13e-05	1.83e-06
 3.03986e+22	0.00e+00	3.31e-28	1.54e-23	1.13e-19	1.32e-16	4.95e-14	7.50e-12	2.89e-10	6.35e-09	4.89e-08	2.77e-07	1.23e-06	5.95e-06	2.28e-05	9.51e-05	5.02e-04	3.02e-02	1.47e-01	3.25e-01	2.91e-01	1.48e-01	4.38e-02	1.04e-02	2.47e-03	1.50e-03	8.02e-05	1.57e-06
 3.04952e+22	0.00e+00	4.80e-28	2.18e-23	1.57e-19	1.79e-16	6.60e-14	9.81e-12	3.71e-10	7.96e-09	6.00e-08	3.33e-07	1.44e-06	6.83e-06	2.55e-05	1.04e-04	5.37e-04	3.17e-02	1.51e-01	3.29e-01	2.89e-01	1.43e-01	4.16e-02	9.70e-03	2.25e-03	1.35e-03	7.08e-05	1.36e-06
 3.06055e+22	0.00e+00	7.65e-28	3.37e-23	2.37e-19	2.63e-16	9.47e-14	1.37e-11	5.06e-10	1.06e-08	7.76e-08	4.19e-07	1.76e-06	8.11e-06	2.95e-05	1.17e-04	5.84e-04	3.37e-02	1.57e-01	3.34e-01	2.86e-01	1.37e-01	3.89e-02	8.85e-03	2.01e-03	1.19e-03	6.05e-05	1.13e-06
 3.07186e+22	0.00e+00	1.17e-27	5.01e-23	3.44e-19	3.72e-16	1.31e-13	1.86e-11	6.71e-10	1.37e-08	9.78e-08	5.14e-07	2.11e-06	9.46e-06	3.35e-05	1.29e-04	6.29e-04	3.55e-02	1.62e-01	3.39e-01	2.82e-01	1.32e-01	3.66e-02	8.15e-03	1.81e-03	1.05e-03	5.25e-05	9.55e-07
 3.08167e+22	0.00e+00	1.67e-27	7.01e-23	4.71e-19	5.00e-16	1.73e-13	2.41e-11	8.52e-10	1.70e-08	1.19e-07	6.13e-07	2.46e-06	1.08e-05	3.74e-05	1.41e-04	6.71e-04	3.72e-02	1.67e-01	3.42e-01	2.79e-01	1.28e-01	3.47e-02	7.58e-03	1.65e-03	9.53e-04	4.64e-05	8.27e-07
 3.09255e+22	0.00e+00	2.80e-27	1.14e-22	7.44e-19	7.65e-16	2.58e-13	3.49e-11	1.20e-09	2.32e-08	1.58e-07	7.90e-07	3.07e-06	1.30e-05	4.37e-05	1.59e-04	7.34e-04	3.96e-02	1.74e-01	3.47e-01	2.75e-01	1.22e-01	3.21e-02	6.83e-03	1.45e-03	8.22e-04	3.88e-05	6.71e-07
 3.10337e+22	0.00e+00	3.99e-27	1.59e-22	1.01e-18	1.02e-15	3.38e-13	4.50e-11	1.52e-09	2.88e-08	1.92e-07	9.39e-07	3.57e-06	1.48e-05	4.86e-05	1.73e-04	7.81e-04	4.13e-02	1.78e-01	3.51e-01	2.72e-01	1.18e-01	3.04e-02	6.35e-03	1.32e-03	7.42e-04	3.43e-05	5.81e-07
 3.11411e+22	0.00e+00	6.73e-27	2.59e-22	1.60e-18	1.56e-15	5.04e-13	6.53e-11	2.15e-09	3.95e-08	2.55e-07	1.21e-06	4.47e-06	1.80e-05	5.69e-05	1.96e-04	8.55e-04	4.40e-02	1.85e-01	3.55e-01	2.67e-01	1.12e-01	2.81e-02	5.70e-03	1.16e-03	6.38e-04	2.86e-05	4.70e-07
 3.12452e+22	0.00e+00	9.52e-27	3.58e-22	2.17e-18	2.08e-15	6.58e-13	8.37e-11	2.71e-09	4.87e-08	3.09e-07	1.43e-06	5.18e-06	2.04e-05	6.32e-05	2.12e-04	9.08e-04	4.58e-02	1.90e-01	3.58e-01	2.63e-01	1.08e-01	2.66e-02	5.30e-03	1.06e-03	5.76e-04	2.53e-05	4.07e-07
 3.13449e+22	0.00e+00	1.52e-26	5.54e-22	3.26e-18	3.04e-15	9.39e-13	1.17e-10	3.69e-09	6.45e-08	3.99e-07	1.80e-06	6.32e-06	2.42e-05	7.27e-05	2.37e-04	9.84e-04	4.84e-02	1.96e-01	3.61e-01	2.59e-01	1.03e-01	2.47e-02	4.81e-03	9.35e-04	5.02e-04	2.14e-05	3.35e-07
 3.14478e+22	0.00e+00	2.24e-26	7.98e-22	4.59e-18	4.17e-15	1.26e-12	1.54e-10	4.77e-09	8.16e-08	4.94e-07	2.18e-06	7.47e-06	2.79e-05	8.18e-05	2.60e-04	1.05e-03	5.06e-02	2.01e-01	3.64e-01	2.55e-01	9.89e-02	2.32e-02	4.42e-03	8.43e-04	4.47e-04	1.86e-05	2.85e-07
 3.15551e+22	0.00e+00	3.78e-26	1.30e-21	7.23e-18	6.36e-15	1.88e-12	2.23e-10	6.73e-09	1.12e-07	6.56e-07	2.81e-06	9.34e-06	3.37e-05	9.57e-05	2.94e-04	1.15e-03	5.37e-02	2.09e-01	3.67e-01	2.49e-01	9.35e-02	2.13e-02	3.95e-03	7.32e-04	3.82e-04	1.54e-05	2.28e-07
 3.16585e+22	0.00e+00	5.38e-26	1.80e-21	9.84e-18	8.47e-15	2.46e-12	2.87e-10	8.51e-09	1.38e-07	7.96e-07	3.34e-06	1.09e-05	3.83e-05	1.06e-04	3.19e-04	1.22e-03	5.59e-02	2.13e-01	3.70e-01	2.45e-01	8.99e-02	2.00e-02	3.65e-03	6.65e-04	3.43e-04	1.35e-05	1.96e-07
 3.17569e+22	0.00e+00	8.82e-26	2.86e-21	1.51e-17	1.26e-14	3.57e-12	4.07e-10	1.18e-08	1.86e-07	1.04e-06	4.25e-06	1.34e-05	4.59e-05	1.23e-04	3.58e-04	1.33e-03	5.90e-02	2.20e-01	3.72e-01	2.39e-01	8.50e-02	1.84e-02	3.27e-03	5.81e-04	2.94e-04	1.13e-05	1.59e-07
 3.18550e+22	0.00e+00	1.25e-25	3.97e-21	2.05e-17	1.68e-14	4.65e-12	5.22e-10	1.49e-08	2.30e-07	1.27e-06	5.04e-06	1.56e-05	5.22e-05	1.37e-04	3.89e-04	1.41e-03	6.13e-02	2.25e-01	3.74e-01	2.35e-01	8.16e-02	1.73e-02	3.02e-03	5.26e-04	2.64e-04	9.89e-06	1.36e-07
 3.19527e+22	0.00e+00	2.03e-25	6.21e-21	3.11e-17	2.46e-14	6.68e-12	7.33e-10	2.04e-08	3.07e-07	1.65e-06	6.38e-06	1.92e-05	6.22e-05	1.59e-04	4.35e-04	1.53e-03	6.46e-02	2.31e-01	3.76e-01	2.29e-01	7.70e-02	1.59e-02	2.71e-03	4.60e-04	2.27e-04	8.24e-06	0.00e+00
 3.20520e+22	0.00e+00	2.97e-25	8.86e-21	4.33e-17	3.34e-14	8.89e-12	9.60e-10	2.63e-08	3.87e-07	2.03e-06	7.70e-06	2.26e-05	7.15e-05	1.78e-04	4.76e-04	1.63e-03	6.73e-02	2.37e-01	3.77e-01	2.25e-01	7.35e-02	1.49e-02	2.48e-03	4.12e-04	2.01e-04	7.12e-06	0.00e+00
 3.21534e+22	0.00e+00	4.98e-25	1.43e-20	6.74e-17	5.04e-14	1.31e-11	1.38e-09	3.69e-08	5.28e-07	2.70e-06	9.92e-06	2.83e-05	8.65e-05	2.08e-04	5.37e-04	1.78e-03	7.11e-02	2.44e-01	3.79e-01	2.18e-01	6.89e-02	1.35e-02	2.19e-03	3.55e-04	1.70e-04	5.83e-06	0.00e+00
 3.22542e+22	0.00e+00	7.17e-25	2.01e-20	9.25e-17	6.75e-14	1.72e-11	1.79e-09	4.71e-08	6.60e-07	3.30e-06	1.19e-05	3.31e-05	9.90e-05	2.32e-04	5.85e-04	1.90e-03	7.39e-02	2.49e-01	3.80e-01	2.14e-01	6.57e-02	1.26e-02	2.01e-03	3.19e-04	1.51e-04	5.05e-06	0.00e+00
 3.23542e+22	0.00e+00	1.17e-24	3.16e-20	1.41e-16	9.95e-14	2.48e-11	2.52e-09	6.51e-08	8.87e-07	4.33e-06	1.51e-05	4.10e-05	1.19e-04	2.70e-04	6.57e-04	2.06e-03	7.78e-02	2.56e-01	3.81e-01	2.07e-01	6.16e-02	1.15e-02	1.78e-03	2.76e-04	1.28e-04	4.15e-06	0.00e+00
 3.24533e+22	0.00e+00	1.68e-24	4.43e-20	1.92e-16	1.33e-13	3.25e-11	3.26e-09	8.28e-08	1.11e-06	5.30e-06	1.82e-05	4.80e-05	1.36e-04	3.02e-04	7.16e-04	2.19e-03	8.08e-02	2.61e-01	3.81e-01	2.03e-01	5.87e-02	1.07e-02	1.63e-03	2.47e-04	1.13e-04	3.58e-06	0.00e+00
 3.25512e+22	0.00e+00	2.72e-24	6.89e-20	2.90e-16	1.94e-13	4.63e-11	4.56e-09	1.14e-07	1.48e-06	6.93e-06	2.31e-05	5.93e-05	1.62e-04	3.49e-04	8.02e-04	2.38e-03	8.50e-02	2.67e-01	3.81e-01	1.96e-01	5.49e-02	9.73e-03	1.44e-03	2.13e-04	9.61e-05	2.94e-06	0.00e+00
 3.26506e+22	0.00e+00	3.95e-24	9.74e-20	3.99e-16	2.60e-13	6.11e-11	5.93e-09	1.46e-07	1.87e-06	8.56e-06	2.79e-05	7.00e-05	1.87e-04	3.92e-04	8.77e-04	2.54e-03	8.83e-02	2.72e-01	3.81e-01	1.91e-01	5.20e-02	9.01e-03	1.31e-03	1.89e-04	8.43e-05	2.51e-06	0.00e+00
 3.27519e+22	0.00e+00	6.42e-24	1.53e-19	6.03e-16	3.81e-13	8.74e-11	8.35e-09	2.02e-07	2.52e-06	1.13e-05	3.56e-05	8.69e-05	2.25e-04	4.56e-04	9.86e-04	2.76e-03	9.28e-02	2.79e-01	3.81e-01	1.85e-01	4.84e-02	8.14e-03	1.15e-03	1.62e-04	7.09e-05	2.04e-06	0.00e+00
 3.28545e+22	0.00e+00	9.37e-24	2.16e-19	8.32e-16	5.12e-13	1.16e-10	1.09e-08	2.61e-07	3.18e-06	1.40e-05	4.32e-05	1.03e-04	2.60e-04	5.14e-04	1.08e-03	2.95e-03	9.65e-02	2.84e-01	3.81e-01	1.80e-01	4.57e-02	7.51e-03	1.04e-03	1.43e-04	6.18e-05	1.73e-06	0.00e+00
 3.29587e+22	0.00e+00	1.53e-23	3.39e-19	1.26e-15	7.49e-13	1.65e-10	1.54e-08	3.62e-07	4.31e-06	1.85e-05	5.55e-05	1.28e-04	3.13e-04	6.00e-04	1.22e-03	3.22e-03	1.02e-01	2.91e-01	3.79e-01	1.73e-01	4.23e-02	6.74e-03	9.09e-04	1.22e-04	5.16e-05	1.39e-06	0.00e+00
 3.30635e+22	0.00e+00	2.21e-23	4.75e-19	1.72e-15	9.98e-13	2.17e-10	1.99e-08	4.65e-07	5.43e-06	2.28e-05	6.72e-05	1.52e-04	3.61e-04	6.75e-04	1.33e-03	3.44e-03	1.05e-01	2.96e-01	3.78e-01	1.68e-01	3.98e-02	6.20e-03	8.19e-04	1.08e-04	4.48e-05	1.18e-06	0.00e+00
 3.31538e+22	0.00e+00	3.15e-23	6.59e-19	2.32e-15	1.32e-12	2.82e-10	2.56e-08	5.93e-07	6.79e-06	2.81e-05	8.09e-05	1.79e-04	4.15e-04	7.56e-04	1.46e-03	3.66e-03	1.09e-01	3.00e-01	3.77e-01	1.63e-01	3.75e-02	5.71e-03	7.39e-04	9.51e-05	3.91e-05	9.98e-07	0.00e+00
 3.32560e+22	0.00e+00	4.98e-23	1.00e-18	3.41e-15	1.87e-12	3.94e-10	3.55e-08	8.11e-07	9.08e-06	3.67e-05	1.03e-04	2.21e-04	4.98e-04	8.78e-04	1.63e-03	3.98e-03	1.15e-01	3.07e-01	3.75e-01	1.56e-01	3.47e-02	5.12e-03	6.45e-04	8.08e-05	3.26e-05	8.03e-07	0.00e+00
 3.33581e+22	0.00e+00	6.93e-23	1.36e-18	4.50e-15	2.42e-12	5.02e-10	4.49e-08	1.02e-06	1.12e-05	4.46e-05	1.23e-04	2.58e-04	5.67e-04	9.78e-04	1.78e-03	4.23e-03	1.19e-01	3.11e-01	3.73e-01	1.51e-01	3.27e-02	4.72e-03	5.84e-04	7.17e-05	2.85e-05	6.84e-07	0.00e+00
 3.34601e+22	2.62e-34	1.07e-22	2.02e-18	6.48e-15	3.38e-12	6.90e-10	6.12e-08	1.38e-06	1.48e-05	5.79e-05	1.55e-04	3.17e-04	6.76e-04	1.13e-03	1.99e-03	4.59e-03	1.24e-01	3.17e-01	3.70e-01	1.45e-01	3.01e-02	4.23e-03	5.10e-04	6.10e-05	2.38e-05	5.51e-07	0.00e+00
 3.35631e+22	3.79e-34	1.47e-22	2.71e-18	8.48e-15	4.33e-12	8.72e-10	7.70e-08	1.72e-06	1.83e-05	7.02e-05	1.84e-04	3.70e-04	7.69e-04	1.26e-03	2.16e-03	4.88e-03	1.29e-01	3.21e-01	3.68e-01	1.40e-01	2.84e-02	3.89e-03	4.61e-04	5.41e-05	2.08e-05	4.69e-07	0.00e+00
 3.36674e+22	6.17e-34	2.25e-22	3.98e-18	1.20e-14	5.98e-12	1.19e-09	1.04e-07	2.32e-06	2.41e-05	9.07e-05	2.32e-04	4.53e-04	9.15e-04	1.45e-03	2.41e-03	5.29e-03	1.35e-01	3.26e-01	3.64e-01	1.34e-01	2.61e-02	3.48e-03	4.01e-04	4.59e-05	1.73e-05	3.76e-07	0.00e+00
 3.37735e+22	8.89e-34	3.08e-22	5.31e-18	1.57e-14	7.63e-12	1.50e-09	1.31e-07	2.90e-06	2.97e-05	1.10e-04	2.76e-04	5.28e-04	1.04e-03	1.61e-03	2.62e-03	5.62e-03	1.39e-01	3.30e-01	3.61e-01	1.29e-01	2.45e-02	3.19e-03	3.61e-04	4.05e-05	1.51e-05	3.19e-07	0.00e+00
 3.38820e+22	1.42e-33	4.62e-22	7.67e-18	2.20e-14	1.04e-11	2.01e-09	1.75e-07	3.87e-06	3.88e-05	1.41e-04	3.46e-04	6.44e-04	1.23e-03	1.85e-03	2.92e-03	6.09e-03	1.45e-01	3.35e-01	3.57e-01	1.23e-01	2.25e-02	2.84e-03	3.14e-04	3.44e-05	1.25e-05	2.56e-07	0.00e+00
 3.39942e+22	2.08e-33	6.40e-22	1.03e-17	2.88e-14	1.34e-11	2.56e-09	2.23e-07	4.89e-06	4.83e-05	1.73e-04	4.16e-04	7.56e-04	1.41e-03	2.08e-03	3.18e-03	6.49e-03	1.51e-01	3.39e-01	3.53e-01	1.19e-01	2.09e-02	2.59e-03	2.80e-04	3.00e-05	1.08e-05	2.14e-07	0.00e+00
 3.41111e+22	3.34e-33	9.63e-22	1.50e-17	4.05e-14	1.83e-11	3.46e-09	3.00e-07	6.58e-06	6.37e-05	2.24e-04	5.24e-04	9.27e-04	1.68e-03	2.39e-03	3.56e-03	7.05e-03	1.57e-01	3.44e-01	3.48e-01	1.12e-01	1.91e-02	2.29e-03	2.41e-04	2.52e-05	8.87e-06	1.69e-07	0.00e+00
 3.42307e+22	4.86e-33	1.33e-21	2.00e-17	5.29e-14	2.34e-11	4.38e-09	3.80e-07	8.32e-06	7.93e-05	2.75e-04	6.30e-04	1.09e-03	1.93e-03	2.68e-03	3.88e-03	7.53e-03	1.63e-01	3.48e-01	3.43e-01	1.08e-01	1.77e-02	2.07e-03	2.14e-04	2.19e-05	7.60e-06	1.41e-07	0.00e+00
 3.43371e+22	6.95e-33	1.81e-21	2.65e-17	6.83e-14	2.96e-11	5.50e-09	4.78e-07	1.04e-05	9.80e-05	3.34e-04	7.51e-04	1.27e-03	2.20e-03	2.99e-03	4.22e-03	8.01e-03	1.69e-01	3.51e-01	3.39e-01	1.03e-01	1.65e-02	1.88e-03	1.91e-04	1.91e-05	6.52e-06	0.00e+00	0.00e+00
 3.44588e+22	1.09e-32	2.66e-21	3.77e-17	9.41e-14	3.98e-11	7.32e-09	6.37e-07	1.39e-05	1.28e-04	4.29e-04	9.41e-04	1.55e-03	2.60e-03	3.43e-03	4.70e-03	8.68e-03	1.76e-01	3.55e-01	3.32e-01	9.76e-02	1.50e-02	1.66e-03	1.64e-04	1.60e-05	5.36e-06	0.00e+00	0.00e+00
 3.45821e+22	1.55e-32	3.59e-21	4.95e-17	1.21e-13	5.01e-11	9.14e-09	7.97e-07	1.74e-05	1.58e-04	5.20e-04	1.12e-03	1.81e-03	2.95e-03	3.81e-03	5.10e-03	9.23e-03	1.82e-01	3.57e-01	3.27e-01	9.33e-02	1.39e-02	1.50e-03	1.45e-04	1.40e-05	4.59e-06	0.00e+00	0.00e+00
 3.47076e+22	2.40e-32	5.23e-21	6.96e-17	1.65e-13	6.68e-11	1.21e-08	1.06e-06	2.31e-05	2.05e-04	6.65e-04	1.40e-03	2.19e-03	3.48e-03	4.36e-03	5.67e-03	9.99e-03	1.90e-01	3.60e-01	3.20e-01	8.79e-02	1.26e-02	1.32e-03	1.25e-04	1.17e-05	3.76e-06	0.00e+00	0.00e+00
 3.48296e+22	3.27e-32	6.80e-21	8.84e-17	2.05e-13	8.19e-11	1.47e-08	1.29e-06	2.81e-05	2.47e-04	7.90e-04	1.63e-03	2.51e-03	3.90e-03	4.79e-03	6.09e-03	1.06e-02	1.95e-01	3.62e-01	3.15e-01	8.42e-02	1.17e-02	1.21e-03	1.12e-04	1.03e-05	3.27e-06	0.00e+00	0.00e+00
 3.49468e+22	4.85e-32	9.51e-21	1.20e-16	2.71e-13	1.06e-10	1.89e-08	1.66e-06	3.63e-05	3.14e-04	9.87e-04	1.99e-03	2.98e-03	4.51e-03	5.40e-03	6.69e-03	1.13e-02	2.02e-01	3.64e-01	3.07e-01	7.95e-02	1.07e-02	1.07e-03	9.68e-05	8.72e-06	2.72e-06	0.00e+00	0.00e+00
 3.50662e+22	6.57e-32	1.23e-20	1.52e-16	3.36e-13	1.30e-10	2.30e-08	2.03e-06	4.42e-05	3.77e-04	1.17e-03	2.31e-03	3.41e-03	5.05e-03	5.92e-03	7.19e-03	1.19e-02	2.08e-01	3.66e-01	3.02e-01	7.60e-02	9.92e-03	9.72e-04	8.66e-05	7.67e-06	2.36e-06	0.00e+00	0.00e+00
 3.51886e+22	9.73e-32	1.72e-20	2.05e-16	4.43e-13	1.67e-10	2.95e-08	2.62e-06	5.73e-05	4.80e-04	1.46e-03	2.83e-03	4.06e-03	5.85e-03	6.68e-03	7.89e-03	1.28e-02	2.16e-01	3.67e-01	2.94e-01	7.14e-02	8.99e-03	8.56e-04	7.45e-05	6.44e-06	1.94e-06	0.00e+00	0.00e+00
 3.53127e+22	1.31e-31	2.22e-20	2.59e-16	5.49e-13	2.04e-10	3.58e-08	3.19e-06	6.96e-05	5.74e-04	1.73e-03	3.28e-03	4.62e-03	6.52e-03	7.30e-03	8.45e-03	1.35e-02	2.21e-01	3.68e-01	2.88e-01	6.81e-02	8.34e-03	7.78e-04	6.66e-05	5.67e-06	1.68e-06	0.00e+00	0.00e+00
 3.54390e+22	1.93e-31	3.09e-20	3.49e-16	7.20e-13	2.63e-10	4.58e-08	4.11e-06	9.00e-05	7.30e-04	2.16e-03	4.00e-03	5.49e-03	7.53e-03	8.21e-03	9.26e-03	1.45e-02	2.29e-01	3.68e-01	2.79e-01	6.38e-02	7.53e-03	6.83e-04	5.70e-05	4.75e-06	1.38e-06	0.00e+00	0.00e+00
 3.55631e+22	2.55e-31	3.91e-20	4.33e-16	8.77e-13	3.16e-10	5.48e-08	4.92e-06	1.08e-04	8.62e-04	2.52e-03	4.59e-03	6.18e-03	8.31e-03	8.90e-03	9.85e-03	1.52e-02	2.34e-01	3.68e-01	2.73e-01	6.09e-02	7.01e-03	6.24e-04	5.13e-05	4.20e-06	1.21e-06	0.00e+00	0.00e+00
 3.56845e+22	3.64e-31	5.29e-20	5.69e-16	1.13e-12	4.00e-10	6.89e-08	6.24e-06	1.37e-04	1.08e-03	3.09e-03	5.51e-03	7.24e-03	9.49e-03	9.91e-03	1.07e-02	1.61e-02	2.41e-01	3.67e-01	2.65e-01	5.70e-02	6.34e-03	5.49e-04	4.42e-05	3.55e-06	1.00e-06	0.00e+00	0.00e+00
 3.58082e+22	4.81e-31	6.71e-20	7.07e-16	1.37e-12	4.81e-10	8.26e-08	7.50e-06	1.64e-04	1.27e-03	3.61e-03	6.32e-03	8.15e-03	1.05e-02	1.07e-02	1.14e-02	1.69e-02	2.46e-01	3.66e-01	2.58e-01	5.42e-02	5.88e-03	4.99e-04	3.95e-05	3.12e-06	8.69e-07	0.00e+00	0.00e+00
 3.59352e+22	6.88e-31	9.10e-20	9.30e-16	1.77e-12	6.09e-10	1.04e-07	9.52e-06	2.09e-04	1.59e-03	4.43e-03	7.58e-03	9.54e-03	1.19e-02	1.19e-02	1.23e-02	1.80e-02	2.53e-01	3.64e-01	2.49e-01	5.05e-02	5.29e-03	4.38e-04	3.39e-05	2.62e-06	7.16e-07	0.00e+00	0.00e+00
 3.60646e+22	9.12e-31	1.16e-19	1.16e-15	2.16e-12	7.35e-10	1.25e-07	1.15e-05	2.51e-04	1.89e-03	5.19e-03	8.71e-03	1.07e-02	1.32e-02	1.29e-02	1.31e-02	1.88e-02	2.58e-01	3.62e-01	2.42e-01	4.79e-02	4.88e-03	3.96e-04	3.01e-05	2.29e-06	6.17e-07	0.00e+00	0.00e+00
 3.61971e+22	1.31e-30	1.57e-19	1.53e-15	2.79e-12	9.32e-10	1.58e-07	1.46e-05	3.20e-04	2.36e-03	6.37e-03	1.04e-02	1.26e-02	1.50e-02	1.43e-02	1.42e-02	1.99e-02	2.64e-01	3.59e-01	2.32e-01	4.44e-02	4.37e-03	3.45e-04	2.57e-05	1.91e-06	5.05e-07	0.00e+00	0.00e+00
 3.63320e+22	4.93e-31	2.00e-19	1.90e-15	3.41e-12	1.13e-09	1.90e-07	1.76e-05	3.85e-04	2.79e-03	7.44e-03	1.20e-02	1.41e-02	1.65e-02	1.55e-02	1.50e-02	2.08e-02	2.69e-01	3.56e-01	2.25e-01	4.18e-02	4.01e-03	3.10e-04	2.27e-05	1.66e-06	4.33e-07	0.00e+00	0.00e+00
 3.64699e+22	7.04e-31	2.71e-19	2.51e-15	4.40e-12	1.43e-09	2.40e-07	2.24e-05	4.91e-04	3.49e-03	9.13e-03	1.43e-02	1.64e-02	1.87e-02	1.71e-02	1.62e-02	2.19e-02	2.74e-01	3.51e-01	2.14e-01	3.85e-02	3.56e-03	2.68e-04	1.92e-05	1.38e-06	3.51e-07	0.00e+00	0.00e+00
 3.66105e+22	9.32e-31	3.46e-19	3.13e-15	5.40e-12	1.73e-09	2.89e-07	2.71e-05	5.92e-04	4.14e-03	1.07e-02	1.64e-02	1.85e-02	2.05e-02	1.84e-02	1.71e-02	2.28e-02	2.78e-01	3.47e-01	2.06e-01	3.61e-02	3.25e-03	2.40e-04	1.69e-05	1.19e-06	2.99e-07	0.00e+00	0.00e+00
 3.67544e+22	1.33e-30	4.71e-19	4.14e-15	6.97e-12	2.20e-09	3.66e-07	3.46e-05	7.54e-04	5.17e-03	1.31e-02	1.96e-02	2.14e-02	2.32e-02	2.02e-02	1.83e-02	2.40e-02	2.82e-01	3.40e-01	1.96e-01	3.30e-02	2.87e-03	2.06e-04	1.42e-05	9.77e-07	2.41e-07	0.00e+00	0.00e+00
 3.68950e+22	1.73e-30	5.90e-19	5.09e-15	8.43e-12	2.63e-09	4.34e-07	4.10e-05	8.92e-04	6.01e-03	1.50e-02	2.21e-02	2.37e-02	2.51e-02	2.16e-02	1.92e-02	2.48e-02	2.85e-01	3.35e-01	1.88e-01	3.10e-02	2.63e-03	1.86e-04	1.26e-05	8.54e-07	2.08e-07	0.00e+00	0.00e+00
 3.70314e+22	2.40e-30	7.80e-19	6.56e-15	1.06e-11	3.28e-09	5.39e-07	5.13e-05	1.12e-03	7.37e-03	1.80e-02	2.59e-02	2.71e-02	2.80e-02	2.34e-02	2.04e-02	2.59e-02	2.87e-01	3.27e-01	1.78e-01	2.83e-02	2.32e-03	1.60e-04	1.06e-05	7.04e-07	1.68e-07	0.00e+00	0.00e+00
 3.71700e+22	3.11e-30	9.78e-19	8.07e-15	1.29e-11	3.92e-09	6.40e-07	6.09e-05	1.32e-03	8.56e-03	2.06e-02	2.91e-02	2.98e-02	3.02e-02	2.49e-02	2.12e-02	2.66e-02	2.89e-01	3.20e-01	1.70e-01	2.65e-02	2.12e-03	1.43e-04	9.32e-06	6.12e-07	1.44e-07	0.00e+00	0.00e+00
 3.73115e+22	4.32e-30	1.30e-18	1.04e-14	1.63e-11	4.89e-09	7.93e-07	7.59e-05	1.64e-03	1.04e-02	2.46e-02	3.39e-02	3.39e-02	3.34e-02	2.68e-02	2.24e-02	2.75e-02	2.89e-01	3.10e-01	1.60e-01	2.40e-02	1.86e-03	1.23e-04	7.82e-06	5.03e-07	0.00e+00	0.00e+00	0.00e+00
 3.74573e+22	5.65e-30	1.64e-18	1.29e-14	1.98e-11	5.86e-09	9.47e-07	9.09e-05	1.95e-03	1.22e-02	2.83e-02	3.82e-02	3.74e-02	3.61e-02	2.84e-02	2.33e-02	2.82e-02	2.89e-01	3.02e-01	1.51e-01	2.22e-02	1.67e-03	1.08e-04	6.76e-06	4.28e-07	0.00e+00	0.00e+00	0.00e+00
 3.76089e+22	7.92e-30	2.19e-18	1.68e-14	2.52e-11	7.37e-09	1.18e-06	1.14e-04	2.42e-03	1.48e-02	3.37e-02	4.43e-02	4.22e-02	3.97e-02	3.05e-02	2.44e-02	2.90e-02	2.87e-01	2.90e-01	1.41e-01	1.99e-02	1.46e-03	9.15e-05	5.62e-06	3.48e-07	0.00e+00	0.00e+00	0.00e+00
 3.77655e+22	1.05e-29	2.79e-18	2.09e-14	3.09e-11	8.91e-09	1.42e-06	1.37e-04	2.90e-03	1.74e-02	3.88e-02	5.00e-02	4.65e-02	4.28e-02	3.21e-02	2.52e-02	2.96e-02	2.84e-01	2.79e-01	1.32e-01	1.81e-02	1.29e-03	7.92e-05	4.78e-06	2.91e-07	0.00e+00	0.00e+00	0.00e+00
 3.79286e+22	1.49e-29	3.77e-18	2.75e-14	3.98e-11	1.13e-08	1.78e-06	1.72e-04	3.61e-03	2.11e-02	4.61e-02	5.77e-02	5.22e-02	4.67e-02	3.42e-02	2.61e-02	3.01e-02	2.80e-01	2.64e-01	1.21e-01	1.60e-02	1.10e-03	6.60e-05	3.89e-06	2.32e-07	0.00e+00	0.00e+00	0.00e+00
 3.80962e+22	1.99e-29	4.84e-18	3.45e-14	4.89e-11	1.37e-08	2.15e-06	2.07e-04	4.32e-03	2.47e-02	5.29e-02	6.48e-02	5.72e-02	4.99e-02	3.58e-02	2.68e-02	3.04e-02	2.74e-01	2.52e-01	1.12e-01	1.44e-02	9.60e-04	5.63e-05	3.26e-06	1.91e-07	0.00e+00	0.00e+00	0.00e+00
 3.82697e+22	2.84e-29	6.57e-18	4.55e-14	6.31e-11	1.74e-08	2.69e-06	2.59e-04	5.36e-03	2.98e-02	6.24e-02	7.42e-02	6.36e-02	5.39e-02	3.76e-02	2.74e-02	3.05e-02	2.66e-01	2.35e-01	1.01e-01	1.25e-02	8.06e-04	4.60e-05	2.60e-06	1.49e-07	0.00e+00	0.00e+00	0.00e+00
 3.84490e+22	3.83e-29	8.48e-18	5.74e-14	7.80e-11	2.11e-08	3.25e-06	3.13e-04	6.40e-03	3.48e-02	7.14e-02	8.28e-02	6.92e-02	5.72e-02	3.90e-02	2.78e-02	3.04e-02	2.57e-01	2.20e-01	9.14e-02	1.10e-02	6.89e-04	3.85e-05	2.13e-06	1.20e-07	0.00e+00	0.00e+00	0.00e+00
 3.86359e+22	5.54e-29	1.16e-17	7.62e-14	1.01e-10	2.69e-08	4.09e-06	3.92e-04	7.93e-03	4.19e-02	8.35e-02	9.40e-02	7.61e-02	6.10e-02	4.04e-02	2.80e-02	3.00e-02	2.45e-01	2.01e-01	8.05e-02	9.31e-03	5.63e-04	3.06e-05	1.65e-06	0.00e+00	0.00e+00	0.00e+00	0.00e+00
 3.88274e+22	7.47e-29	1.50e-17	9.59e-14	1.25e-10	3.27e-08	4.92e-06	4.70e-04	9.41e-03	4.85e-02	9.46e-02	1.04e-01	8.17e-02	6.38e-02	4.12e-02	2.80e-02	2.95e-02	2.33e-01	1.86e-01	7.18e-02	8.04e-03	4.72e-04	2.50e-05	1.32e-06	0.00e+00	0.00e+00	0.00e+00	0.00e+00
 3.89992e+22	9.98e-29	1.91e-17	1.20e-13	1.53e-10	3.94e-08	5.87e-06	5.58e-04	1.10e-02	5.55e-02	1.06e-01	1.13e-01	8.69e-02	6.62e-02	4.18e-02	2.78e-02	2.88e-02	2.21e-01	1.70e-01	6.39e-02	6.94e-03	3.96e-04	2.05e-05	1.07e-06	0.00e+00	0.00e+00	0.00e+00	0.00e+00
 3.91965e+22	1.43e-28	2.58e-17	1.57e-13	1.95e-10	4.93e-08	7.26e-06	6.90e-04	1.35e-02	6.56e-02	1.22e-01	1.26e-01	9.33e-02	6.88e-02	4.21e-02	2.72e-02	2.76e-02	2.03e-01	1.50e-01	5.41e-02	5.63e-03	3.09e-04	1.55e-05	7.85e-07	0.00e+00	0.00e+00	0.00e+00	0.00e+00
 3.93951e+22	1.88e-28	3.26e-17	1.94e-13	2.36e-10	5.88e-08	8.56e-06	8.08e-04	1.55e-02	7.39e-02	1.34e-01	1.35e-01	9.76e-02	7.02e-02	4.20e-02	2.66e-02	2.65e-02	1.90e-01	1.36e-01	4.74e-02	4.78e-03	2.56e-04	1.26e-05	6.23e-07	0.00e+00	0.00e+00	0.00e+00	0.00e+00
 3.95952e+22	2.64e-28	4.32e-17	2.49e-13	2.96e-10	7.25e-08	1.04e-05	9.81e-04	1.86e-02	8.55e-02	1.51e-01	1.47e-01	1.03e-01	7.13e-02	4.14e-02	2.55e-02	2.49e-02	1.71e-01	1.17e-01	3.93e-02	3.81e-03	1.96e-04	9.36e-06	4.52e-07	0.00e+00	0.00e+00	0.00e+00	0.00e+00
 3.97996e+22	3.46e-28	5.41e-17	3.04e-13	3.54e-10	8.54e-08	1.22e-05	1.14e-03	2.13e-02	9.55e-02	1.64e-01	1.56e-01	1.06e-01	7.17e-02	4.06e-02	2.44e-02	2.35e-02	1.56e-01	1.03e-01	3.35e-02	3.14e-03	1.57e-04	7.31e-06	3.46e-07	0.00e+00	0.00e+00	0.00e+00	0.00e+00
 4.00095e+22	4.82e-28	7.11e-17	3.87e-13	4.39e-10	1.04e-07	1.46e-05	1.37e-03	2.51e-02	1.09e-01	1.81e-01	1.66e-01	1.09e-01	7.13e-02	3.91e-02	2.29e-02	2.16e-02	1.37e-01	8.70e-02	2.70e-02	2.42e-03	1.16e-04	5.27e-06	2.42e-07	0.00e+00	0.00e+00	0.00e+00	0.00e+00
