#depth	Si	Si+	Si+2	Si+3	Si+4	Si+5	Si+6	Si+7	Si+8	Si+9	Si+10	Si+11	Si+12	Si+13	Si+14
 4.62852e+21	1.61e-28	1.09e-15	7.67e-13	7.22e-11	3.64e-07	9.78e-05	5.21e-03	5.66e-02	2.05e-01	2.83e-01	1.65e-01	9.82e-02	1.60e-01	2.60e-02	1.33e-03
 1.02482e+22	1.36e-27	1.26e-14	6.08e-12	3.65e-10	1.30e-06	3.06e-04	1.38e-02	1.20e-01	3.05e-01	3.03e-01	1.26e-01	5.70e-02	6.74e-02	7.37e-03	2.53e-04
 1.17350e+22	5.19e-27	4.25e-14	1.64e-11	7.75e-10	2.24e-06	4.96e-04	2.09e-02	1.64e-01	3.45e-01	2.87e-01	9.96e-02	4.00e-02	3.98e-02	3.51e-03	9.77e-05
 1.24784e+22	9.88e-27	7.90e-14	2.70e-11	1.13e-09	2.92e-06	6.25e-04	2.54e-02	1.90e-01	3.60e-01	2.73e-01	8.64e-02	3.28e-02	2.98e-02	2.35e-03	5.86e-05
 1.28150e+22	1.24e-26	9.90e-14	3.24e-11	1.30e-09	3.21e-06	6.79e-04	2.72e-02	2.00e-01	3.64e-01	2.67e-01	8.17e-02	3.05e-02	2.67e-02	2.03e-03	4.85e-05
 1.30193e+22	1.67e-26	1.33e-13	4.10e-11	1.55e-09	3.63e-06	7.55e-04	2.97e-02	2.14e-01	3.69e-01	2.58e-01	7.57e-02	2.76e-02	2.31e-02	1.67e-03	3.78e-05
 1.32255e+22	2.10e-26	1.68e-13	4.94e-11	1.79e-09	4.00e-06	8.21e-04	3.18e-02	2.24e-01	3.73e-01	2.51e-01	7.12e-02	2.55e-02	2.06e-02	1.43e-03	3.11e-05
 1.34294e+22	2.78e-26	2.25e-13	6.25e-11	2.14e-09	4.53e-06	9.12e-04	3.47e-02	2.39e-01	3.76e-01	2.42e-01	6.56e-02	2.30e-02	1.78e-02	1.17e-03	2.41e-05
 1.36370e+22	3.52e-26	2.89e-13	7.62e-11	2.50e-09	5.04e-06	9.96e-04	3.72e-02	2.51e-01	3.78e-01	2.34e-01	6.12e-02	2.11e-02	1.57e-02	9.83e-04	1.95e-05
 1.38394e+22	4.56e-26	3.85e-13	9.59e-11	2.99e-09	5.71e-06	1.10e-03	4.03e-02	2.66e-01	3.79e-01	2.24e-01	5.62e-02	1.90e-02	1.35e-02	8.05e-04	1.52e-05
 1.40460e+22	5.79e-26	5.02e-13	1.19e-10	3.53e-09	6.41e-06	1.21e-03	4.33e-02	2.79e-01	3.80e-01	2.15e-01	5.18e-02	1.73e-02	1.18e-02	6.70e-04	1.20e-05
 1.42488e+22	7.40e-26	6.67e-13	1.49e-10	4.23e-09	7.27e-06	1.34e-03	4.68e-02	2.94e-01	3.79e-01	2.05e-01	4.74e-02	1.55e-02	1.01e-02	5.48e-04	9.38e-06
 1.44522e+22	9.33e-26	8.72e-13	1.85e-10	5.03e-09	8.22e-06	1.47e-03	5.03e-02	3.08e-01	3.78e-01	1.95e-01	4.35e-02	1.40e-02	8.80e-03	4.54e-04	7.41e-06
 1.46564e+22	1.19e-25	1.16e-12	2.33e-10	6.06e-09	9.39e-06	1.63e-03	5.43e-02	3.24e-01	3.75e-01	1.85e-01	3.95e-02	1.26e-02	7.53e-03	3.70e-04	5.74e-06
 1.48626e+22	1.51e-25	1.54e-12	2.92e-10	7.29e-09	1.07e-05	1.81e-03	5.84e-02	3.39e-01	3.72e-01	1.75e-01	3.59e-02	1.13e-02	6.47e-03	3.02e-04	4.48e-06
 1.50650e+22	1.91e-25	2.03e-12	3.67e-10	8.78e-09	1.22e-05	2.00e-03	6.28e-02	3.54e-01	3.67e-01	1.65e-01	3.26e-02	1.01e-02	5.54e-03	2.47e-04	3.49e-06
 1.52677e+22	2.41e-25	2.68e-12	4.61e-10	1.06e-08	1.40e-05	2.21e-03	6.74e-02	3.70e-01	3.62e-01	1.55e-01	2.94e-02	9.04e-03	4.74e-03	2.01e-04	2.71e-06
 1.54713e+22	3.04e-25	3.55e-12	5.80e-10	1.28e-08	1.61e-05	2.45e-03	7.23e-02	3.85e-01	3.56e-01	1.46e-01	2.65e-02	8.05e-03	4.04e-03	1.63e-04	2.10e-06
 1.56763e+22	3.85e-25	4.70e-12	7.31e-10	1.56e-08	1.86e-05	2.72e-03	7.76e-02	4.00e-01	3.49e-01	1.36e-01	2.38e-02	7.16e-03	3.43e-03	1.32e-04	1.62e-06
 1.58831e+22	4.89e-25	6.23e-12	9.24e-10	1.90e-08	2.15e-05	3.02e-03	8.32e-02	4.15e-01	3.41e-01	1.27e-01	2.13e-02	6.34e-03	2.91e-03	1.07e-04	1.24e-06
 1.60926e+22	6.24e-25	8.26e-12	1.17e-09	2.32e-08	2.49e-05	3.36e-03	8.92e-02	4.29e-01	3.33e-01	1.18e-01	1.90e-02	5.60e-03	2.45e-03	8.57e-05	9.51e-07
 1.63030e+22	7.95e-25	1.09e-11	1.47e-09	2.83e-08	2.88e-05	3.73e-03	9.54e-02	4.43e-01	3.24e-01	1.09e-01	1.70e-02	4.94e-03	2.07e-03	6.88e-05	7.28e-07
 1.65170e+22	1.03e-24	1.45e-11	1.87e-09	3.48e-08	3.35e-05	4.15e-03	1.02e-01	4.57e-01	3.14e-01	1.01e-01	1.50e-02	4.33e-03	1.73e-03	5.48e-05	5.52e-07
 1.67335e+22	1.34e-24	1.91e-11	2.37e-09	4.26e-08	3.89e-05	4.61e-03	1.09e-01	4.71e-01	3.04e-01	9.31e-02	1.33e-02	3.80e-03	1.45e-03	4.38e-05	4.20e-07
 1.69543e+22	1.75e-24	2.55e-11	3.02e-09	5.26e-08	4.54e-05	5.14e-03	1.17e-01	4.84e-01	2.93e-01	8.53e-02	1.17e-02	3.31e-03	1.21e-03	3.45e-05	3.14e-07
 1.71597e+22	2.19e-24	3.20e-11	3.67e-09	6.24e-08	5.15e-05	5.61e-03	1.23e-01	4.93e-01	2.84e-01	7.94e-02	1.06e-02	2.96e-03	1.04e-03	2.85e-05	2.49e-07
 1.73717e+22	2.92e-24	4.30e-11	4.73e-09	7.79e-08	6.06e-05	6.27e-03	1.32e-01	5.05e-01	2.72e-01	7.22e-02	9.20e-03	2.55e-03	8.49e-04	2.21e-05	1.83e-07
 1.75872e+22	3.70e-24	5.40e-11	5.76e-09	9.26e-08	6.89e-05	6.84e-03	1.38e-01	5.14e-01	2.62e-01	6.69e-02	8.26e-03	2.26e-03	7.26e-04	1.81e-05	1.44e-07
 1.78072e+22	5.03e-24	7.27e-11	7.45e-09	1.16e-07	8.14e-05	7.66e-03	1.48e-01	5.25e-01	2.50e-01	6.04e-02	7.14e-03	1.93e-03	5.90e-04	1.39e-05	0.00e+00
 1.80281e+22	6.38e-24	9.04e-11	9.01e-09	1.37e-07	9.21e-05	8.33e-03	1.55e-01	5.32e-01	2.40e-01	5.59e-02	6.40e-03	1.72e-03	5.05e-04	1.14e-05	0.00e+00
 1.82501e+22	8.71e-24	1.20e-10	1.16e-08	1.72e-07	1.08e-04	9.29e-03	1.65e-01	5.40e-01	2.28e-01	5.04e-02	5.53e-03	1.47e-03	4.10e-04	8.79e-06	0.00e+00
 1.84734e+22	1.11e-23	1.49e-10	1.40e-08	2.03e-07	1.23e-04	1.01e-02	1.73e-01	5.45e-01	2.19e-01	4.65e-02	4.95e-03	1.30e-03	3.50e-04	7.20e-06	0.00e+00
 1.86985e+22	1.53e-23	1.97e-10	1.79e-08	2.53e-07	1.44e-04	1.12e-02	1.83e-01	5.51e-01	2.07e-01	4.18e-02	4.27e-03	1.11e-03	2.83e-04	5.53e-06	0.00e+00
 1.89256e+22	1.95e-23	2.43e-10	2.15e-08	2.99e-07	1.63e-04	1.22e-02	1.91e-01	5.55e-01	1.98e-01	3.85e-02	3.81e-03	9.76e-04	2.41e-04	4.51e-06	0.00e+00
 1.91552e+22	2.69e-23	3.20e-10	2.75e-08	3.72e-07	1.91e-04	1.35e-02	2.02e-01	5.59e-01	1.86e-01	3.45e-02	3.28e-03	8.28e-04	1.95e-04	3.45e-06	0.00e+00
 1.93878e+22	3.46e-23	3.94e-10	3.31e-08	4.40e-07	2.16e-04	1.46e-02	2.11e-01	5.62e-01	1.77e-01	3.17e-02	2.92e-03	7.29e-04	1.65e-04	2.80e-06	0.00e+00
 1.96241e+22	4.78e-23	5.16e-10	4.22e-08	5.47e-07	2.53e-04	1.62e-02	2.22e-01	5.64e-01	1.66e-01	2.83e-02	2.50e-03	6.16e-04	1.33e-04	2.13e-06	0.00e+00
 1.98644e+22	6.18e-23	6.35e-10	5.09e-08	6.49e-07	2.86e-04	1.75e-02	2.31e-01	5.64e-01	1.58e-01	2.59e-02	2.22e-03	5.39e-04	1.12e-04	1.72e-06	0.00e+00
 2.01100e+22	8.61e-23	8.32e-10	6.50e-08	8.10e-07	3.36e-04	1.94e-02	2.44e-01	5.64e-01	1.47e-01	2.31e-02	1.89e-03	4.53e-04	8.96e-05	1.30e-06	0.00e+00
 2.03608e+22	1.12e-22	1.03e-09	7.88e-08	9.63e-07	3.81e-04	2.11e-02	2.53e-01	5.63e-01	1.39e-01	2.10e-02	1.67e-03	3.94e-04	7.50e-05	1.04e-06	0.00e+00
 2.06184e+22	1.57e-22	1.35e-09	1.01e-07	1.21e-06	4.49e-04	2.34e-02	2.66e-01	5.61e-01	1.29e-01	1.86e-02	1.41e-03	3.28e-04	5.94e-05	7.79e-07	0.00e+00
 2.08821e+22	2.06e-22	1.67e-09	1.23e-07	1.44e-06	5.10e-04	2.53e-02	2.76e-01	5.58e-01	1.21e-01	1.69e-02	1.24e-03	2.84e-04	4.94e-05	6.19e-07	0.00e+00
 2.11044e+22	2.61e-22	2.01e-09	1.46e-07	1.69e-06	5.71e-04	2.72e-02	2.86e-01	5.55e-01	1.15e-01	1.55e-02	1.10e-03	2.50e-04	4.20e-05	5.04e-07	0.00e+00
 2.13443e+22	3.54e-22	2.56e-09	1.83e-07	2.07e-06	6.61e-04	2.98e-02	2.98e-01	5.50e-01	1.07e-01	1.38e-02	9.49e-04	2.11e-04	3.39e-05	3.86e-07	0.00e+00
 2.15876e+22	4.50e-22	3.09e-09	2.17e-07	2.43e-06	7.41e-04	3.19e-02	3.07e-01	5.46e-01	1.01e-01	1.26e-02	8.42e-04	1.85e-04	2.87e-05	3.13e-07	0.00e+00
 2.17981e+22	5.63e-22	3.69e-09	2.56e-07	2.82e-06	8.25e-04	3.41e-02	3.16e-01	5.41e-01	9.53e-02	1.16e-02	7.52e-04	1.63e-04	2.44e-05	2.56e-07	0.00e+00
 2.20342e+22	7.50e-22	4.63e-09	3.17e-07	3.43e-06	9.49e-04	3.72e-02	3.28e-01	5.35e-01	8.84e-02	1.03e-02	6.47e-04	1.38e-04	1.98e-05	1.97e-07	0.00e+00
 2.22692e+22	9.33e-22	5.48e-09	3.70e-07	3.95e-06	1.05e-03	3.96e-02	3.36e-01	5.29e-01	8.37e-02	9.53e-03	5.81e-04	1.22e-04	1.70e-05	1.63e-07	0.00e+00
 2.25027e+22	1.23e-21	6.82e-09	4.55e-07	4.78e-06	1.20e-03	4.29e-02	3.48e-01	5.21e-01	7.76e-02	8.53e-03	5.01e-04	1.04e-04	1.38e-05	1.26e-07	0.00e+00
 2.27397e+22	1.54e-21	8.09e-09	5.33e-07	5.53e-06	1.33e-03	4.57e-02	3.57e-01	5.15e-01	7.32e-02	7.84e-03	4.48e-04	9.16e-05	1.18e-05	0.00e+00	0.00e+00
 2.29812e+22	2.03e-21	1.01e-08	6.56e-07	6.70e-06	1.53e-03	4.96e-02	3.68e-01	5.06e-01	6.77e-02	6.99e-03	3.85e-04	7.75e-05	9.56e-06	0.00e+00	0.00e+00
 2.32267e+22	2.55e-21	1.20e-08	7.71e-07	7.75e-06	1.69e-03	5.27e-02	3.77e-01	4.98e-01	6.37e-02	6.41e-03	3.44e-04	6.81e-05	8.14e-06	0.00e+00	0.00e+00
 2.34778e+22	3.38e-21	1.50e-08	9.54e-07	9.44e-06	1.94e-03	5.73e-02	3.88e-01	4.88e-01	5.85e-02	5.69e-03	2.93e-04	5.72e-05	6.53e-06	0.00e+00	0.00e+00
 2.37327e+22	4.25e-21	1.78e-08	1.12e-06	1.09e-05	2.16e-03	6.09e-02	3.97e-01	4.79e-01	5.49e-02	5.20e-03	2.61e-04	5.01e-05	5.54e-06	0.00e+00	0.00e+00
 2.39926e+22	5.65e-21	2.23e-08	1.39e-06	1.34e-05	2.48e-03	6.62e-02	4.09e-01	4.68e-01	5.02e-02	4.60e-03	2.22e-04	4.19e-05	4.42e-06	0.00e+00	0.00e+00
 2.42589e+22	7.17e-21	2.68e-08	1.65e-06	1.56e-05	2.76e-03	7.04e-02	4.17e-01	4.58e-01	4.69e-02	4.18e-03	1.96e-04	3.65e-05	3.71e-06	0.00e+00	0.00e+00
 2.45333e+22	9.63e-21	3.37e-08	2.06e-06	1.92e-05	3.19e-03	7.66e-02	4.29e-01	4.45e-01	4.26e-02	3.67e-03	1.65e-04	3.02e-05	2.93e-06	0.00e+00	0.00e+00
 2.48136e+22	1.23e-20	4.06e-08	2.46e-06	2.25e-05	3.57e-03	8.16e-02	4.37e-01	4.34e-01	3.95e-02	3.32e-03	1.45e-04	2.61e-05	2.44e-06	0.00e+00	0.00e+00
 2.51018e+22	1.66e-20	5.15e-08	3.09e-06	2.78e-05	4.13e-03	8.87e-02	4.48e-01	4.20e-01	3.57e-02	2.90e-03	1.21e-04	2.15e-05	1.91e-06	0.00e+00	0.00e+00
 2.53934e+22	2.13e-20	6.22e-08	3.68e-06	3.26e-05	4.61e-03	9.44e-02	4.56e-01	4.09e-01	3.31e-02	2.62e-03	1.06e-04	1.85e-05	1.59e-06	0.00e+00	0.00e+00
 2.56894e+22	2.89e-20	7.89e-08	4.63e-06	4.03e-05	5.34e-03	1.02e-01	4.66e-01	3.94e-01	2.97e-02	2.28e-03	8.84e-05	1.51e-05	1.23e-06	0.00e+00	0.00e+00
 2.59890e+22	3.71e-20	9.53e-08	5.53e-06	4.73e-05	5.96e-03	1.09e-01	4.73e-01	3.82e-01	2.74e-02	2.06e-03	7.70e-05	1.30e-05	1.02e-06	0.00e+00	0.00e+00
 2.62933e+22	5.04e-20	1.21e-07	6.96e-06	5.86e-05	6.90e-03	1.18e-01	4.82e-01	3.66e-01	2.45e-02	1.78e-03	6.39e-05	1.06e-05	7.89e-07	0.00e+00	0.00e+00
 2.65902e+22	6.37e-20	1.44e-07	8.21e-06	6.79e-05	7.62e-03	1.25e-01	4.88e-01	3.55e-01	2.27e-02	1.61e-03	5.61e-05	9.17e-06	6.61e-07	0.00e+00	0.00e+00
 2.68774e+22	8.46e-20	1.80e-07	1.02e-05	8.28e-05	8.72e-03	1.34e-01	4.95e-01	3.40e-01	2.04e-02	1.41e-03	4.70e-05	7.56e-06	5.18e-07	0.00e+00	0.00e+00
 2.71752e+22	1.09e-19	2.17e-07	1.21e-05	9.67e-05	9.69e-03	1.42e-01	5.00e-01	3.28e-01	1.87e-02	1.27e-03	4.09e-05	6.48e-06	4.27e-07	0.00e+00	0.00e+00
 2.74296e+22	1.34e-19	2.55e-07	1.41e-05	1.11e-04	1.06e-02	1.49e-01	5.04e-01	3.18e-01	1.73e-02	1.15e-03	3.60e-05	5.64e-06	3.59e-07	0.00e+00	0.00e+00
 2.77033e+22	1.75e-19	3.13e-07	1.72e-05	1.34e-04	1.20e-02	1.59e-01	5.08e-01	3.04e-01	1.56e-02	1.01e-03	3.04e-05	4.70e-06	2.86e-07	0.00e+00	0.00e+00
 2.79772e+22	2.16e-19	3.67e-07	2.00e-05	1.53e-04	1.32e-02	1.67e-01	5.11e-01	2.93e-01	1.44e-02	9.18e-04	2.67e-05	4.08e-06	2.40e-07	0.00e+00	0.00e+00
 2.82513e+22	2.80e-19	4.48e-07	2.42e-05	1.82e-04	1.48e-02	1.77e-01	5.14e-01	2.80e-01	1.30e-02	8.12e-04	2.27e-05	3.43e-06	1.93e-07	0.00e+00	0.00e+00
 2.85364e+22	3.51e-19	5.33e-07	2.86e-05	2.13e-04	1.64e-02	1.86e-01	5.16e-01	2.68e-01	1.18e-02	7.25e-04	1.96e-05	2.92e-06	1.57e-07	0.00e+00	0.00e+00
 2.87910e+22	4.37e-19	6.28e-07	3.33e-05	2.44e-04	1.80e-02	1.95e-01	5.18e-01	2.58e-01	1.08e-02	6.55e-04	1.72e-05	2.53e-06	1.32e-07	0.00e+00	0.00e+00
 2.90775e+22	5.72e-19	7.69e-07	4.04e-05	2.91e-04	2.01e-02	2.06e-01	5.18e-01	2.45e-01	9.73e-03	5.76e-04	1.45e-05	2.11e-06	0.00e+00	0.00e+00	0.00e+00
 2.93785e+22	7.28e-19	9.24e-07	4.81e-05	3.41e-04	2.23e-02	2.17e-01	5.18e-01	2.33e-01	8.78e-03	5.11e-04	1.24e-05	1.78e-06	0.00e+00	0.00e+00	0.00e+00
 2.96522e+22	9.14e-19	1.10e-06	5.65e-05	3.94e-04	2.46e-02	2.27e-01	5.17e-01	2.22e-01	7.98e-03	4.57e-04	1.07e-05	1.52e-06	0.00e+00	0.00e+00	0.00e+00
 2.99613e+22	1.22e-18	1.36e-06	6.93e-05	4.74e-04	2.76e-02	2.40e-01	5.15e-01	2.09e-01	7.06e-03	3.96e-04	8.87e-06	1.25e-06	0.00e+00	0.00e+00	0.00e+00
 3.02796e+22	1.55e-18	1.63e-06	8.26e-05	5.56e-04	3.06e-02	2.52e-01	5.13e-01	1.98e-01	6.33e-03	3.49e-04	7.51e-06	1.04e-06	0.00e+00	0.00e+00	0.00e+00
 3.05624e+22	1.96e-18	1.94e-06	9.72e-05	6.44e-04	3.36e-02	2.62e-01	5.10e-01	1.87e-01	5.72e-03	3.11e-04	6.45e-06	8.87e-07	0.00e+00	0.00e+00	0.00e+00
 3.08825e+22	2.62e-18	2.42e-06	1.20e-04	7.78e-04	3.79e-02	2.77e-01	5.05e-01	1.75e-01	5.00e-03	2.67e-04	5.27e-06	7.16e-07	0.00e+00	0.00e+00	0.00e+00
 3.12117e+22	3.35e-18	2.91e-06	1.42e-04	9.11e-04	4.19e-02	2.89e-01	4.99e-01	1.64e-01	4.46e-03	2.34e-04	4.45e-06	5.98e-07	0.00e+00	0.00e+00	0.00e+00
 3.15527e+22	4.55e-18	3.66e-06	1.77e-04	1.11e-03	4.73e-02	3.04e-01	4.92e-01	1.52e-01	3.85e-03	1.99e-04	3.59e-06	4.77e-07	0.00e+00	0.00e+00	0.00e+00
 3.18996e+22	5.90e-18	4.43e-06	2.11e-04	1.29e-03	5.21e-02	3.16e-01	4.85e-01	1.42e-01	3.42e-03	1.74e-04	3.01e-06	3.96e-07	0.00e+00	0.00e+00	0.00e+00
 3.22542e+22	8.06e-18	5.60e-06	2.64e-04	1.59e-03	5.91e-02	3.33e-01	4.74e-01	1.29e-01	2.90e-03	1.45e-04	2.38e-06	3.09e-07	0.00e+00	0.00e+00	0.00e+00
 3.26130e+22	1.04e-17	6.77e-06	3.14e-04	1.86e-03	6.50e-02	3.45e-01	4.65e-01	1.20e-01	2.57e-03	1.26e-04	1.98e-06	2.56e-07	0.00e+00	0.00e+00	0.00e+00
 3.29772e+22	1.44e-17	8.59e-06	3.93e-04	2.28e-03	7.34e-02	3.60e-01	4.52e-01	1.09e-01	2.17e-03	1.05e-04	1.56e-06	1.99e-07	0.00e+00	0.00e+00	0.00e+00
 3.33447e+22	1.86e-17	1.04e-05	4.69e-04	2.67e-03	8.07e-02	3.73e-01	4.41e-01	1.01e-01	1.90e-03	9.06e-05	1.29e-06	1.63e-07	0.00e+00	0.00e+00	0.00e+00
 3.37165e+22	2.57e-17	1.32e-05	5.85e-04	3.26e-03	9.07e-02	3.87e-01	4.26e-01	9.08e-02	1.59e-03	7.49e-05	1.00e-06	1.26e-07	0.00e+00	0.00e+00	0.00e+00
 3.40931e+22	3.34e-17	1.60e-05	7.00e-04	3.83e-03	9.96e-02	3.99e-01	4.13e-01	8.31e-02	1.38e-03	6.39e-05	8.18e-07	0.00e+00	0.00e+00	0.00e+00	0.00e+00
 3.44760e+22	4.66e-17	2.04e-05	8.76e-04	4.68e-03	1.12e-01	4.12e-01	3.95e-01	7.40e-02	1.14e-03	5.22e-05	6.29e-07	0.00e+00	0.00e+00	0.00e+00	0.00e+00
 3.48619e+22	6.06e-17	2.47e-05	1.04e-03	5.49e-03	1.22e-01	4.22e-01	3.81e-01	6.73e-02	9.84e-04	4.43e-05	5.09e-07	0.00e+00	0.00e+00	0.00e+00	0.00e+00
 3.52518e+22	8.49e-17	3.15e-05	1.31e-03	6.70e-03	1.37e-01	4.34e-01	3.61e-01	5.94e-02	8.09e-04	3.58e-05	3.88e-07	0.00e+00	0.00e+00	0.00e+00	0.00e+00
 3.56471e+22	1.09e-16	3.83e-05	1.56e-03	7.85e-03	1.49e-01	4.42e-01	3.45e-01	5.35e-02	6.89e-04	3.01e-05	3.10e-07	0.00e+00	0.00e+00	0.00e+00	0.00e+00
 3.60492e+22	1.55e-16	4.91e-05	1.95e-03	9.60e-03	1.66e-01	4.51e-01	3.25e-01	4.66e-02	5.58e-04	2.40e-05	2.32e-07	0.00e+00	0.00e+00	0.00e+00	0.00e+00
 3.64553e+22	2.03e-16	5.97e-05	2.33e-03	1.12e-02	1.80e-01	4.56e-01	3.08e-01	4.16e-02	4.71e-04	2.00e-05	1.84e-07	0.00e+00	0.00e+00	0.00e+00	0.00e+00
 3.68664e+22	2.90e-16	7.68e-05	2.91e-03	1.37e-02	2.00e-01	4.61e-01	2.86e-01	3.58e-02	3.77e-04	1.58e-05	1.36e-07	0.00e+00	0.00e+00	0.00e+00	0.00e+00
 3.72832e+22	3.84e-16	9.37e-05	3.47e-03	1.59e-02	2.16e-01	4.64e-01	2.69e-01	3.16e-02	3.15e-04	1.30e-05	0.00e+00	0.00e+00	0.00e+00	0.00e+00	0.00e+00
 3.76460e+22	5.03e-16	1.13e-04	4.10e-03	1.85e-02	2.32e-01	4.65e-01	2.52e-01	2.79e-02	2.64e-04	1.07e-05	0.00e+00	0.00e+00	0.00e+00	0.00e+00	0.00e+00
 3.79927e+22	6.57e-16	1.36e-04	4.80e-03	2.11e-02	2.48e-01	4.64e-01	2.37e-01	2.48e-02	2.24e-04	8.97e-06	0.00e+00	0.00e+00	0.00e+00	0.00e+00	0.00e+00
 3.83224e+22	8.41e-16	1.61e-04	5.57e-03	2.40e-02	2.63e-01	4.62e-01	2.23e-01	2.21e-02	1.89e-04	7.50e-06	0.00e+00	0.00e+00	0.00e+00	0.00e+00	0.00e+00
 3.86938e+22	1.16e-15	2.00e-04	6.71e-03	2.82e-02	2.83e-01	4.58e-01	2.04e-01	1.89e-02	1.53e-04	5.96e-06	0.00e+00	0.00e+00	0.00e+00	0.00e+00	0.00e+00
 3.90644e+22	1.51e-15	2.38e-04	7.76e-03	3.19e-02	2.99e-01	4.53e-01	1.90e-01	1.67e-02	1.29e-04	4.95e-06	0.00e+00	0.00e+00	0.00e+00	0.00e+00	0.00e+00
 3.94339e+22	2.10e-15	2.95e-04	9.31e-03	3.72e-02	3.20e-01	4.46e-01	1.73e-01	1.42e-02	1.04e-04	3.91e-06	0.00e+00	0.00e+00	0.00e+00	0.00e+00	0.00e+00
 3.98105e+22	2.77e-15	3.52e-04	1.08e-02	4.21e-02	3.37e-01	4.38e-01	1.60e-01	1.24e-02	8.61e-05	3.20e-06	0.00e+00	0.00e+00	0.00e+00	0.00e+00	0.00e+00
 4.01963e+22	3.94e-15	4.39e-04	1.30e-02	4.90e-02	3.58e-01	4.26e-01	1.44e-01	1.04e-02	6.81e-05	2.48e-06	0.00e+00	0.00e+00	0.00e+00	0.00e+00	0.00e+00
 4.05859e+22	5.30e-15	5.25e-04	1.50e-02	5.52e-02	3.74e-01	4.15e-01	1.31e-01	8.93e-03	5.60e-05	2.01e-06	0.00e+00	0.00e+00	0.00e+00	0.00e+00	0.00e+00
 4.09287e+22	7.10e-15	6.25e-04	1.72e-02	6.19e-02	3.90e-01	4.03e-01	1.19e-01	7.69e-03	4.61e-05	1.63e-06	0.00e+00	0.00e+00	0.00e+00	0.00e+00	0.00e+00
 4.13226e+22	1.04e-14	7.80e-04	2.06e-02	7.14e-02	4.09e-01	3.86e-01	1.05e-01	6.32e-03	3.58e-05	1.24e-06	0.00e+00	0.00e+00	0.00e+00	0.00e+00	0.00e+00
 4.17040e+22	1.42e-14	9.17e-04	2.34e-02	7.90e-02	4.23e-01	3.73e-01	9.58e-02	5.45e-03	2.97e-05	1.01e-06	0.00e+00	0.00e+00	0.00e+00	0.00e+00	0.00e+00
 4.20076e+22	1.85e-14	1.06e-03	2.63e-02	8.64e-02	4.34e-01	3.60e-01	8.75e-02	4.74e-03	2.49e-05	8.33e-07	0.00e+00	0.00e+00	0.00e+00	0.00e+00	0.00e+00
 4.23411e+22	2.57e-14	1.27e-03	3.02e-02	9.63e-02	4.47e-01	3.43e-01	7.79e-02	3.98e-03	2.00e-05	6.56e-07	0.00e+00	0.00e+00	0.00e+00	0.00e+00	0.00e+00
 4.26803e+22	3.41e-14	1.48e-03	3.39e-02	1.05e-01	4.57e-01	3.29e-01	7.03e-02	3.42e-03	1.66e-05	5.34e-07	0.00e+00	0.00e+00	0.00e+00	0.00e+00	0.00e+00
 4.29797e+22	4.55e-14	1.70e-03	3.78e-02	1.14e-01	4.65e-01	3.15e-01	6.36e-02	2.95e-03	1.38e-05	4.38e-07	0.00e+00	0.00e+00	0.00e+00	0.00e+00	0.00e+00
 4.33213e+22	6.57e-14	2.04e-03	4.34e-02	1.26e-01	4.74e-01	2.96e-01	5.58e-02	2.44e-03	1.09e-05	3.39e-07	0.00e+00	0.00e+00	0.00e+00	0.00e+00	0.00e+00
 4.36671e+22	9.04e-14	2.37e-03	4.84e-02	1.36e-01	4.81e-01	2.80e-01	4.98e-02	2.07e-03	8.96e-06	2.72e-07	0.00e+00	0.00e+00	0.00e+00	0.00e+00	0.00e+00
 4.39702e+22	1.20e-13	2.73e-03	5.37e-02	1.47e-01	4.85e-01	2.65e-01	4.44e-02	1.76e-03	7.38e-06	2.20e-07	0.00e+00	0.00e+00	0.00e+00	0.00e+00	0.00e+00
 4.43164e+22	1.85e-13	3.26e-03	6.12e-02	1.61e-01	4.89e-01	2.46e-01	3.82e-02	1.42e-03	5.72e-06	1.66e-07	0.00e+00	0.00e+00	0.00e+00	0.00e+00	0.00e+00
 4.46654e+22	2.47e-13	3.75e-03	6.77e-02	1.72e-01	4.90e-01	2.31e-01	3.38e-02	1.20e-03	4.68e-06	1.33e-07	0.00e+00	0.00e+00	0.00e+00	0.00e+00	0.00e+00
 4.50183e+22	3.83e-13	4.47e-03	7.67e-02	1.87e-01	4.90e-01	2.12e-01	2.88e-02	9.62e-04	3.60e-06	0.00e+00	0.00e+00	0.00e+00	0.00e+00	0.00e+00	0.00e+00
 4.53768e+22	5.78e-13	5.17e-03	8.48e-02	2.00e-01	4.88e-01	1.96e-01	2.50e-02	7.95e-04	2.88e-06	0.00e+00	0.00e+00	0.00e+00	0.00e+00	0.00e+00	0.00e+00
 4.56926e+22	8.33e-13	5.92e-03	9.31e-02	2.12e-01	4.84e-01	1.82e-01	2.18e-02	6.61e-04	2.32e-06	0.00e+00	0.00e+00	0.00e+00	0.00e+00	0.00e+00	0.00e+00
 4.60533e+22	1.47e-12	7.02e-03	1.05e-01	2.28e-01	4.77e-01	1.64e-01	1.83e-02	5.20e-04	1.76e-06	0.00e+00	0.00e+00	0.00e+00	0.00e+00	0.00e+00	0.00e+00
 4.64218e+22	2.40e-12	8.08e-03	1.15e-01	2.41e-01	4.70e-01	1.50e-01	1.56e-02	4.23e-04	1.38e-06	0.00e+00	0.00e+00	0.00e+00	0.00e+00	0.00e+00	0.00e+00
 4.68005e+22	4.55e-12	9.56e-03	1.28e-01	2.57e-01	4.59e-01	1.34e-01	1.28e-02	3.27e-04	1.03e-06	0.00e+00	0.00e+00	0.00e+00	0.00e+00	0.00e+00	0.00e+00
 4.71866e+22	9.50e-12	1.11e-02	1.41e-01	2.70e-01	4.47e-01	1.20e-01	1.07e-02	2.59e-04	7.90e-07	0.00e+00	0.00e+00	0.00e+00	0.00e+00	0.00e+00	0.00e+00
 4.74425e+22	4.12e-11	1.18e-02	1.47e-01	2.76e-01	4.41e-01	1.14e-01	9.89e-03	2.33e-04	7.00e-07	0.00e+00	0.00e+00	0.00e+00	0.00e+00	0.00e+00	0.00e+00
 4.76353e+22	6.38e-11	1.30e-02	1.55e-01	2.84e-01	4.32e-01	1.06e-01	8.79e-03	2.00e-04	5.87e-07	0.00e+00	0.00e+00	0.00e+00	0.00e+00	0.00e+00	0.00e+00
 4.78858e+22	1.03e-10	1.44e-02	1.65e-01	2.93e-01	4.22e-01	9.75e-02	7.66e-03	1.67e-04	4.82e-07	0.00e+00	0.00e+00	0.00e+00	0.00e+00	0.00e+00	0.00e+00
 4.82116e+22	2.23e-10	1.65e-02	1.80e-01	3.05e-01	4.06e-01	8.64e-02	6.31e-03	1.31e-04	3.65e-07	0.00e+00	0.00e+00	0.00e+00	0.00e+00	0.00e+00	0.00e+00
 4.85779e+22	4.04e-10	1.88e-02	1.94e-01	3.16e-01	3.89e-01	7.63e-02	5.19e-03	1.02e-04	2.76e-07	0.00e+00	0.00e+00	0.00e+00	0.00e+00	0.00e+00	0.00e+00
 4.89969e+22	1.10e-09	2.25e-02	2.15e-01	3.28e-01	3.66e-01	6.43e-02	3.97e-03	7.30e-05	1.89e-07	0.00e+00	0.00e+00	0.00e+00	0.00e+00	0.00e+00	0.00e+00
 4.94117e+22	1.77e-09	2.54e-02	2.30e-01	3.37e-01	3.49e-01	5.63e-02	3.25e-03	5.68e-05	1.43e-07	0.00e+00	0.00e+00	0.00e+00	0.00e+00	0.00e+00	0.00e+00
 4.98208e+22	3.49e-09	2.97e-02	2.50e-01	3.45e-01	3.25e-01	4.74e-02	2.49e-03	4.10e-05	0.00e+00	0.00e+00	0.00e+00	0.00e+00	0.00e+00	0.00e+00	0.00e+00
 5.01836e+22	5.86e-09	3.28e-02	2.62e-01	3.50e-01	3.11e-01	4.23e-02	2.11e-03	3.32e-05	0.00e+00	0.00e+00	0.00e+00	0.00e+00	0.00e+00	0.00e+00	0.00e+00
 5.04463e+22	1.12e-08	3.55e-02	2.73e-01	3.53e-01	2.98e-01	3.83e-02	1.81e-03	2.76e-05	0.00e+00	0.00e+00	0.00e+00	0.00e+00	0.00e+00	0.00e+00	0.00e+00
 5.07476e+22	1.71e-08	3.95e-02	2.88e-01	3.56e-01	2.81e-01	3.34e-02	1.48e-03	2.16e-05	0.00e+00	0.00e+00	0.00e+00	0.00e+00	0.00e+00	0.00e+00	0.00e+00
 5.10606e+22	2.64e-08	4.33e-02	3.01e-01	3.59e-01	2.67e-01	2.96e-02	1.24e-03	1.74e-05	0.00e+00	0.00e+00	0.00e+00	0.00e+00	0.00e+00	0.00e+00	0.00e+00
 5.13890e+22	4.12e-08	4.84e-02	3.16e-01	3.60e-01	2.49e-01	2.54e-02	9.88e-04	1.33e-05	0.00e+00	0.00e+00	0.00e+00	0.00e+00	0.00e+00	0.00e+00	0.00e+00
 5.17217e+22	6.56e-08	5.31e-02	3.29e-01	3.60e-01	2.34e-01	2.22e-02	8.14e-04	1.05e-05	0.00e+00	0.00e+00	0.00e+00	0.00e+00	0.00e+00	0.00e+00	0.00e+00
 5.20121e+22	1.14e-07	5.80e-02	3.41e-01	3.60e-01	2.20e-01	1.95e-02	6.75e-04	8.38e-06	0.00e+00	0.00e+00	0.00e+00	0.00e+00	0.00e+00	0.00e+00	0.00e+00
 5.23412e+22	3.19e-07	6.46e-02	3.57e-01	3.58e-01	2.04e-01	1.65e-02	5.30e-04	6.29e-06	0.00e+00	0.00e+00	0.00e+00	0.00e+00	0.00e+00	0.00e+00	0.00e+00
 5.26763e+22	4.22e-07	7.04e-02	3.68e-01	3.56e-01	1.91e-01	1.44e-02	4.36e-04	4.98e-06	0.00e+00	0.00e+00	0.00e+00	0.00e+00	0.00e+00	0.00e+00	0.00e+00
 5.30195e+22	6.24e-07	7.84e-02	3.83e-01	3.52e-01	1.75e-01	1.20e-02	3.38e-04	3.68e-06	0.00e+00	0.00e+00	0.00e+00	0.00e+00	0.00e+00	0.00e+00	0.00e+00
 5.33696e+22	8.48e-07	8.54e-02	3.94e-01	3.47e-01	1.62e-01	1.03e-02	2.74e-04	2.87e-06	0.00e+00	0.00e+00	0.00e+00	0.00e+00	0.00e+00	0.00e+00	0.00e+00
 5.37290e+22	1.17e-06	9.51e-02	4.08e-01	3.41e-01	1.47e-01	8.53e-03	2.09e-04	2.08e-06	0.00e+00	0.00e+00	0.00e+00	0.00e+00	0.00e+00	0.00e+00	0.00e+00
 5.40950e+22	1.52e-06	1.04e-01	4.18e-01	3.35e-01	1.35e-01	7.26e-03	1.67e-04	1.60e-06	0.00e+00	0.00e+00	0.00e+00	0.00e+00	0.00e+00	0.00e+00	0.00e+00
 5.44695e+22	2.02e-06	1.15e-01	4.31e-01	3.26e-01	1.22e-01	5.89e-03	1.25e-04	1.14e-06	0.00e+00	0.00e+00	0.00e+00	0.00e+00	0.00e+00	0.00e+00	0.00e+00
 5.48518e+22	2.54e-06	1.26e-01	4.40e-01	3.19e-01	1.11e-01	4.96e-03	9.83e-05	8.64e-07	0.00e+00	0.00e+00	0.00e+00	0.00e+00	0.00e+00	0.00e+00	0.00e+00
 5.52444e+22	3.32e-06	1.40e-01	4.50e-01	3.08e-01	9.86e-02	3.96e-03	7.23e-05	6.05e-07	0.00e+00	0.00e+00	0.00e+00	0.00e+00	0.00e+00	0.00e+00	0.00e+00
 5.56434e+22	4.10e-06	1.52e-01	4.57e-01	2.99e-01	8.94e-02	3.30e-03	5.63e-05	4.52e-07	0.00e+00	0.00e+00	0.00e+00	0.00e+00	0.00e+00	0.00e+00	0.00e+00
 5.60507e+22	5.17e-06	1.68e-01	4.64e-01	2.87e-01	7.88e-02	2.61e-03	4.11e-05	3.14e-07	0.00e+00	0.00e+00	0.00e+00	0.00e+00	0.00e+00	0.00e+00	0.00e+00
 5.64676e+22	6.30e-06	1.83e-01	4.69e-01	2.76e-01	7.06e-02	2.14e-03	3.14e-05	2.30e-07	0.00e+00	0.00e+00	0.00e+00	0.00e+00	0.00e+00	0.00e+00	0.00e+00
 5.68969e+22	7.87e-06	2.02e-01	4.73e-01	2.62e-01	6.13e-02	1.66e-03	2.24e-05	1.56e-07	0.00e+00	0.00e+00	0.00e+00	0.00e+00	0.00e+00	0.00e+00	0.00e+00
 5.73321e+22	9.46e-06	2.20e-01	4.74e-01	2.50e-01	5.45e-02	1.34e-03	1.70e-05	0.00e+00	0.00e+00	0.00e+00	0.00e+00	0.00e+00	0.00e+00	0.00e+00	0.00e+00
 5.77749e+22	1.18e-05	2.43e-01	4.74e-01	2.35e-01	4.66e-02	1.02e-03	1.18e-05	0.00e+00	0.00e+00	0.00e+00	0.00e+00	0.00e+00	0.00e+00	0.00e+00	0.00e+00
 5.82184e+22	1.38e-05	2.62e-01	4.73e-01	2.23e-01	4.13e-02	8.30e-04	9.00e-06	0.00e+00	0.00e+00	0.00e+00	0.00e+00	0.00e+00	0.00e+00	0.00e+00	0.00e+00
 5.86628e+22	1.68e-05	2.88e-01	4.68e-01	2.08e-01	3.51e-02	6.27e-04	6.25e-06	0.00e+00	0.00e+00	0.00e+00	0.00e+00	0.00e+00	0.00e+00	0.00e+00	0.00e+00
 5.91197e+22	1.96e-05	3.09e-01	4.63e-01	1.96e-01	3.07e-02	5.02e-04	4.69e-06	0.00e+00	0.00e+00	0.00e+00	0.00e+00	0.00e+00	0.00e+00	0.00e+00	0.00e+00
 5.95927e+22	2.37e-05	3.39e-01	4.54e-01	1.81e-01	2.56e-02	3.72e-04	3.18e-06	0.00e+00	0.00e+00	0.00e+00	0.00e+00	0.00e+00	0.00e+00	0.00e+00	0.00e+00
 6.00771e+22	2.76e-05	3.64e-01	4.44e-01	1.69e-01	2.21e-02	2.92e-04	2.34e-06	0.00e+00	0.00e+00	0.00e+00	0.00e+00	0.00e+00	0.00e+00	0.00e+00	0.00e+00
 6.05762e+22	3.35e-05	4.00e-01	4.29e-01	1.53e-01	1.80e-02	2.11e-04	1.54e-06	0.00e+00	0.00e+00	0.00e+00	0.00e+00	0.00e+00	0.00e+00	0.00e+00	0.00e+00
 6.10891e+22	3.87e-05	4.27e-01	4.16e-01	1.42e-01	1.54e-02	1.64e-04	1.12e-06	0.00e+00	0.00e+00	0.00e+00	0.00e+00	0.00e+00	0.00e+00	0.00e+00	0.00e+00
 6.16199e+22	4.68e-05	4.66e-01	3.95e-01	1.27e-01	1.22e-02	1.16e-04	7.16e-07	0.00e+00	0.00e+00	0.00e+00	0.00e+00	0.00e+00	0.00e+00	0.00e+00	0.00e+00
 6.21685e+22	5.43e-05	4.98e-01	3.77e-01	1.15e-01	1.01e-02	8.75e-05	5.00e-07	0.00e+00	0.00e+00	0.00e+00	0.00e+00	0.00e+00	0.00e+00	0.00e+00	0.00e+00
 6.27404e+22	6.55e-05	5.40e-01	3.51e-01	1.01e-01	7.83e-03	6.01e-05	3.09e-07	0.00e+00	0.00e+00	0.00e+00	0.00e+00	0.00e+00	0.00e+00	0.00e+00	0.00e+00
 6.33370e+22	7.64e-05	5.77e-01	3.27e-01	9.03e-02	6.28e-03	4.40e-05	2.06e-07	0.00e+00	0.00e+00	0.00e+00	0.00e+00	0.00e+00	0.00e+00	0.00e+00	0.00e+00
 6.39543e+22	9.19e-05	6.22e-01	2.96e-01	7.76e-02	4.67e-03	2.96e-05	1.21e-07	0.00e+00	0.00e+00	0.00e+00	0.00e+00	0.00e+00	0.00e+00	0.00e+00	0.00e+00
 6.44893e+22	1.02e-04	6.48e-01	2.77e-01	7.13e-02	3.96e-03	2.39e-05	0.00e+00	0.00e+00	0.00e+00	0.00e+00	0.00e+00	0.00e+00	0.00e+00	0.00e+00	0.00e+00
 6.49289e+22	1.15e-04	6.79e-01	2.55e-01	6.35e-02	3.16e-03	1.80e-05	0.00e+00	0.00e+00	0.00e+00	0.00e+00	0.00e+00	0.00e+00	0.00e+00	0.00e+00	0.00e+00
 6.53940e+22	1.29e-04	7.07e-01	2.33e-01	5.71e-02	2.56e-03	1.39e-05	0.00e+00	0.00e+00	0.00e+00	0.00e+00	0.00e+00	0.00e+00	0.00e+00	0.00e+00	0.00e+00
 6.58924e+22	1.48e-04	7.42e-01	2.07e-01	4.95e-02	1.94e-03	1.00e-05	0.00e+00	0.00e+00	0.00e+00	0.00e+00	0.00e+00	0.00e+00	0.00e+00	0.00e+00	0.00e+00
 6.63993e+22	1.64e-04	7.69e-01	1.85e-01	4.39e-02	1.53e-03	7.72e-06	0.00e+00	0.00e+00	0.00e+00	0.00e+00	0.00e+00	0.00e+00	0.00e+00	0.00e+00	0.00e+00
 6.69174e+22	1.87e-04	8.02e-01	1.59e-01	3.74e-02	1.11e-03	5.50e-06	0.00e+00	0.00e+00	0.00e+00	0.00e+00	0.00e+00	0.00e+00	0.00e+00	0.00e+00	0.00e+00
 6.74556e+22	2.08e-04	8.29e-01	1.37e-01	3.24e-02	8.34e-04	4.11e-06	0.00e+00	0.00e+00	0.00e+00	0.00e+00	0.00e+00	0.00e+00	0.00e+00	0.00e+00	0.00e+00
 6.78835e+22	2.24e-04	8.48e-01	1.22e-01	2.88e-02	6.61e-04	3.27e-06	0.00e+00	0.00e+00	0.00e+00	0.00e+00	0.00e+00	0.00e+00	0.00e+00	0.00e+00	0.00e+00
 6.82475e+22	2.41e-04	8.67e-01	1.07e-01	2.55e-02	5.21e-04	2.61e-06	0.00e+00	0.00e+00	0.00e+00	0.00e+00	0.00e+00	0.00e+00	0.00e+00	0.00e+00	0.00e+00
 6.86651e+22	2.63e-04	8.86e-01	9.12e-02	2.17e-02	3.85e-04	1.97e-06	0.00e+00	0.00e+00	0.00e+00	0.00e+00	0.00e+00	0.00e+00	0.00e+00	0.00e+00	0.00e+00
 6.91042e+22	2.81e-04	9.03e-01	7.75e-02	1.85e-02	2.85e-04	1.51e-06	0.00e+00	0.00e+00	0.00e+00	0.00e+00	0.00e+00	0.00e+00	0.00e+00	0.00e+00	0.00e+00
 6.94889e+22	2.96e-04	9.17e-01	6.65e-02	1.59e-02	2.14e-04	1.17e-06	0.00e+00	0.00e+00	0.00e+00	0.00e+00	0.00e+00	0.00e+00	0.00e+00	0.00e+00	0.00e+00
 6.98411e+22	3.09e-04	9.29e-01	5.70e-02	1.35e-02	1.61e-04	9.12e-07	0.00e+00	0.00e+00	0.00e+00	0.00e+00	0.00e+00	0.00e+00	0.00e+00	0.00e+00	0.00e+00
 7.01710e+22	3.18e-04	9.39e-01	4.90e-02	1.14e-02	1.22e-04	7.14e-07	0.00e+00	0.00e+00	0.00e+00	0.00e+00	0.00e+00	0.00e+00	0.00e+00	0.00e+00	0.00e+00
 7.04774e+22	3.25e-04	9.48e-01	4.20e-02	9.64e-03	9.19e-05	5.60e-07	0.00e+00	0.00e+00	0.00e+00	0.00e+00	0.00e+00	0.00e+00	0.00e+00	0.00e+00	0.00e+00
 7.07574e+22	3.28e-04	9.55e-01	3.60e-02	8.11e-03	6.99e-05	4.42e-07	0.00e+00	0.00e+00	0.00e+00	0.00e+00	0.00e+00	0.00e+00	0.00e+00	0.00e+00	0.00e+00
 7.10101e+22	3.28e-04	9.62e-01	3.11e-02	6.85e-03	5.41e-05	3.54e-07	0.00e+00	0.00e+00	0.00e+00	0.00e+00	0.00e+00	0.00e+00	0.00e+00	0.00e+00	0.00e+00
 7.12398e+22	3.25e-04	9.67e-01	2.65e-02	5.79e-03	4.22e-05	2.85e-07	0.00e+00	0.00e+00	0.00e+00	0.00e+00	0.00e+00	0.00e+00	0.00e+00	0.00e+00	0.00e+00
 7.14503e+22	3.19e-04	9.72e-01	2.26e-02	4.92e-03	3.35e-05	2.33e-07	0.00e+00	0.00e+00	0.00e+00	0.00e+00	0.00e+00	0.00e+00	0.00e+00	0.00e+00	0.00e+00
 7.15828e+22	3.12e-04	9.75e-01	2.05e-02	4.49e-03	2.94e-05	2.08e-07	0.00e+00	0.00e+00	0.00e+00	0.00e+00	0.00e+00	0.00e+00	0.00e+00	0.00e+00	0.00e+00
 7.16322e+22	3.09e-04	9.76e-01	1.97e-02	4.33e-03	2.79e-05	1.99e-07	0.00e+00	0.00e+00	0.00e+00	0.00e+00	0.00e+00	0.00e+00	0.00e+00	0.00e+00	0.00e+00
 7.16719e+22	3.08e-04	9.76e-01	1.90e-02	4.19e-03	2.66e-05	1.91e-07	0.00e+00	0.00e+00	0.00e+00	0.00e+00	0.00e+00	0.00e+00	0.00e+00	0.00e+00	0.00e+00
 7.17232e+22	3.05e-04	9.77e-01	1.82e-02	4.01e-03	2.51e-05	1.82e-07	0.00e+00	0.00e+00	0.00e+00	0.00e+00	0.00e+00	0.00e+00	0.00e+00	0.00e+00	0.00e+00
 7.17847e+22	3.03e-04	9.79e-01	1.71e-02	3.81e-03	2.34e-05	1.71e-07	0.00e+00	0.00e+00	0.00e+00	0.00e+00	0.00e+00	0.00e+00	0.00e+00	0.00e+00	0.00e+00
 7.18471e+22	3.00e-04	9.80e-01	1.60e-02	3.62e-03	2.19e-05	1.61e-07	0.00e+00	0.00e+00	0.00e+00	0.00e+00	0.00e+00	0.00e+00	0.00e+00	0.00e+00	0.00e+00
 7.19048e+22	2.95e-04	9.81e-01	1.52e-02	3.46e-03	2.06e-05	1.53e-07	0.00e+00	0.00e+00	0.00e+00	0.00e+00	0.00e+00	0.00e+00	0.00e+00	0.00e+00	0.00e+00
 7.19636e+22	2.92e-04	9.82e-01	1.42e-02	3.29e-03	1.93e-05	1.44e-07	0.00e+00	0.00e+00	0.00e+00	0.00e+00	0.00e+00	0.00e+00	0.00e+00	0.00e+00	0.00e+00
 7.20243e+22	2.87e-04	9.83e-01	1.35e-02	3.13e-03	1.81e-05	1.37e-07	0.00e+00	0.00e+00	0.00e+00	0.00e+00	0.00e+00	0.00e+00	0.00e+00	0.00e+00	0.00e+00
 7.20866e+22	2.83e-04	9.84e-01	1.25e-02	2.98e-03	1.70e-05	1.29e-07	0.00e+00	0.00e+00	0.00e+00	0.00e+00	0.00e+00	0.00e+00	0.00e+00	0.00e+00	0.00e+00
 7.21512e+22	2.79e-04	9.85e-01	1.16e-02	2.82e-03	1.59e-05	0.00e+00	0.00e+00	0.00e+00	0.00e+00	0.00e+00	0.00e+00	0.00e+00	0.00e+00	0.00e+00	0.00e+00
 7.22135e+22	2.73e-04	9.86e-01	1.08e-02	2.69e-03	1.49e-05	0.00e+00	0.00e+00	0.00e+00	0.00e+00	0.00e+00	0.00e+00	0.00e+00	0.00e+00	0.00e+00	0.00e+00
 7.22765e+22	2.68e-04	9.87e-01	1.01e-02	2.56e-03	1.40e-05	0.00e+00	0.00e+00	0.00e+00	0.00e+00	0.00e+00	0.00e+00	0.00e+00	0.00e+00	0.00e+00	0.00e+00
 7.23437e+22	2.62e-04	9.88e-01	9.34e-03	2.43e-03	1.32e-05	0.00e+00	0.00e+00	0.00e+00	0.00e+00	0.00e+00	0.00e+00	0.00e+00	0.00e+00	0.00e+00	0.00e+00
 7.24139e+22	2.55e-04	9.89e-01	8.62e-03	2.31e-03	1.23e-05	0.00e+00	0.00e+00	0.00e+00	0.00e+00	0.00e+00	0.00e+00	0.00e+00	0.00e+00	0.00e+00	0.00e+00
 7.24873e+22	2.48e-04	9.90e-01	7.88e-03	2.19e-03	1.16e-05	0.00e+00	0.00e+00	0.00e+00	0.00e+00	0.00e+00	0.00e+00	0.00e+00	0.00e+00	0.00e+00	0.00e+00
 7.25631e+22	2.42e-04	9.91e-01	7.17e-03	2.07e-03	1.08e-05	0.00e+00	0.00e+00	0.00e+00	0.00e+00	0.00e+00	0.00e+00	0.00e+00	0.00e+00	0.00e+00	0.00e+00
 7.26381e+22	2.34e-04	9.91e-01	6.56e-03	1.97e-03	1.02e-05	0.00e+00	0.00e+00	0.00e+00	0.00e+00	0.00e+00	0.00e+00	0.00e+00	0.00e+00	0.00e+00	0.00e+00
 7.26967e+22	2.28e-04	9.92e-01	6.19e-03	1.91e-03	9.82e-06	0.00e+00	0.00e+00	0.00e+00	0.00e+00	0.00e+00	0.00e+00	0.00e+00	0.00e+00	0.00e+00	0.00e+00
 7.27361e+22	2.24e-04	9.92e-01	5.90e-03	1.86e-03	9.55e-06	0.00e+00	0.00e+00	0.00e+00	0.00e+00	0.00e+00	0.00e+00	0.00e+00	0.00e+00	0.00e+00	0.00e+00
 7.27739e+22	2.21e-04	9.92e-01	5.64e-03	1.82e-03	9.30e-06	0.00e+00	0.00e+00	0.00e+00	0.00e+00	0.00e+00	0.00e+00	0.00e+00	0.00e+00	0.00e+00	0.00e+00
 7.28178e+22	2.17e-04	9.93e-01	5.34e-03	1.77e-03	9.01e-06	0.00e+00	0.00e+00	0.00e+00	0.00e+00	0.00e+00	0.00e+00	0.00e+00	0.00e+00	0.00e+00	0.00e+00
 7.28659e+22	2.13e-04	9.93e-01	5.01e-03	1.72e-03	8.72e-06	0.00e+00	0.00e+00	0.00e+00	0.00e+00	0.00e+00	0.00e+00	0.00e+00	0.00e+00	0.00e+00	0.00e+00
 7.29125e+22	2.08e-04	9.93e-01	4.79e-03	1.67e-03	8.48e-06	0.00e+00	0.00e+00	0.00e+00	0.00e+00	0.00e+00	0.00e+00	0.00e+00	0.00e+00	0.00e+00	0.00e+00
 7.29586e+22	2.04e-04	9.94e-01	4.51e-03	1.63e-03	8.24e-06	0.00e+00	0.00e+00	0.00e+00	0.00e+00	0.00e+00	0.00e+00	0.00e+00	0.00e+00	0.00e+00	0.00e+00
 7.30063e+22	2.00e-04	9.94e-01	4.26e-03	1.59e-03	8.00e-06	0.00e+00	0.00e+00	0.00e+00	0.00e+00	0.00e+00	0.00e+00	0.00e+00	0.00e+00	0.00e+00	0.00e+00
 7.30544e+22	1.96e-04	9.94e-01	4.03e-03	1.55e-03	7.79e-06	0.00e+00	0.00e+00	0.00e+00	0.00e+00	0.00e+00	0.00e+00	0.00e+00	0.00e+00	0.00e+00	0.00e+00
 7.31031e+22	1.92e-04	9.95e-01	3.78e-03	1.51e-03	7.58e-06	0.00e+00	0.00e+00	0.00e+00	0.00e+00	0.00e+00	0.00e+00	0.00e+00	0.00e+00	0.00e+00	0.00e+00
 7.31519e+22	1.88e-04	9.95e-01	3.60e-03	1.47e-03	7.39e-06	0.00e+00	0.00e+00	0.00e+00	0.00e+00	0.00e+00	0.00e+00	0.00e+00	0.00e+00	0.00e+00	0.00e+00
 7.32022e+22	1.85e-04	9.95e-01	3.38e-03	1.44e-03	7.20e-06	0.00e+00	0.00e+00	0.00e+00	0.00e+00	0.00e+00	0.00e+00	0.00e+00	0.00e+00	0.00e+00	0.00e+00
 7.32548e+22	1.81e-04	9.95e-01	3.17e-03	1.40e-03	7.02e-06	0.00e+00	0.00e+00	0.00e+00	0.00e+00	0.00e+00	0.00e+00	0.00e+00	0.00e+00	0.00e+00	0.00e+00
 7.33073e+22	1.77e-04	9.95e-01	2.99e-03	1.37e-03	6.85e-06	0.00e+00	0.00e+00	0.00e+00	0.00e+00	0.00e+00	0.00e+00	0.00e+00	0.00e+00	0.00e+00	0.00e+00
 7.33603e+22	1.74e-04	9.96e-01	2.81e-03	1.34e-03	6.69e-06	0.00e+00	0.00e+00	0.00e+00	0.00e+00	0.00e+00	0.00e+00	0.00e+00	0.00e+00	0.00e+00	0.00e+00
 7.34154e+22	1.70e-04	9.96e-01	2.64e-03	1.31e-03	6.53e-06	0.00e+00	0.00e+00	0.00e+00	0.00e+00	0.00e+00	0.00e+00	0.00e+00	0.00e+00	0.00e+00	0.00e+00
 7.34725e+22	1.67e-04	9.96e-01	2.47e-03	1.28e-03	6.38e-06	0.00e+00	0.00e+00	0.00e+00	0.00e+00	0.00e+00	0.00e+00	0.00e+00	0.00e+00	0.00e+00	0.00e+00
 7.35304e+22	1.63e-04	9.96e-01	2.32e-03	1.25e-03	6.23e-06	0.00e+00	0.00e+00	0.00e+00	0.00e+00	0.00e+00	0.00e+00	0.00e+00	0.00e+00	0.00e+00	0.00e+00
 7.35893e+22	1.60e-04	9.96e-01	2.17e-03	1.22e-03	6.10e-06	0.00e+00	0.00e+00	0.00e+00	0.00e+00	0.00e+00	0.00e+00	0.00e+00	0.00e+00	0.00e+00	0.00e+00
 7.36504e+22	1.57e-04	9.97e-01	2.03e-03	1.19e-03	5.96e-06	0.00e+00	0.00e+00	0.00e+00	0.00e+00	0.00e+00	0.00e+00	0.00e+00	0.00e+00	0.00e+00	0.00e+00
 7.37134e+22	1.53e-04	9.97e-01	1.89e-03	1.16e-03	5.83e-06	0.00e+00	0.00e+00	0.00e+00	0.00e+00	0.00e+00	0.00e+00	0.00e+00	0.00e+00	0.00e+00	0.00e+00
 7.37777e+22	1.50e-04	9.97e-01	1.75e-03	1.14e-03	5.71e-06	0.00e+00	0.00e+00	0.00e+00	0.00e+00	0.00e+00	0.00e+00	0.00e+00	0.00e+00	0.00e+00	0.00e+00
 7.38434e+22	1.48e-04	9.97e-01	1.63e-03	1.11e-03	5.59e-06	0.00e+00	0.00e+00	0.00e+00	0.00e+00	0.00e+00	0.00e+00	0.00e+00	0.00e+00	0.00e+00	0.00e+00
 7.39112e+22	1.45e-04	9.97e-01	1.51e-03	1.09e-03	5.48e-06	0.00e+00	0.00e+00	0.00e+00	0.00e+00	0.00e+00	0.00e+00	0.00e+00	0.00e+00	0.00e+00	0.00e+00
 7.39814e+22	1.42e-04	9.97e-01	1.39e-03	1.06e-03	5.36e-06	0.00e+00	0.00e+00	0.00e+00	0.00e+00	0.00e+00	0.00e+00	0.00e+00	0.00e+00	0.00e+00	0.00e+00
 7.40535e+22	1.39e-04	9.98e-01	1.28e-03	1.04e-03	5.26e-06	0.00e+00	0.00e+00	0.00e+00	0.00e+00	0.00e+00	0.00e+00	0.00e+00	0.00e+00	0.00e+00	0.00e+00
 7.41273e+22	1.37e-04	9.98e-01	1.18e-03	1.01e-03	5.15e-06	0.00e+00	0.00e+00	0.00e+00	0.00e+00	0.00e+00	0.00e+00	0.00e+00	0.00e+00	0.00e+00	0.00e+00
 7.42031e+22	1.35e-04	9.98e-01	1.08e-03	9.89e-04	5.05e-06	0.00e+00	0.00e+00	0.00e+00	0.00e+00	0.00e+00	0.00e+00	0.00e+00	0.00e+00	0.00e+00	0.00e+00
 7.42813e+22	1.32e-04	9.98e-01	9.89e-04	9.67e-04	4.95e-06	0.00e+00	0.00e+00	0.00e+00	0.00e+00	0.00e+00	0.00e+00	0.00e+00	0.00e+00	0.00e+00	0.00e+00
 7.43608e+22	1.30e-04	9.98e-01	9.06e-04	9.45e-04	4.86e-06	0.00e+00	0.00e+00	0.00e+00	0.00e+00	0.00e+00	0.00e+00	0.00e+00	0.00e+00	0.00e+00	0.00e+00
 7.44409e+22	1.29e-04	9.98e-01	8.22e-04	9.24e-04	4.77e-06	0.00e+00	0.00e+00	0.00e+00	0.00e+00	0.00e+00	0.00e+00	0.00e+00	0.00e+00	0.00e+00	0.00e+00
 7.45235e+22	1.27e-04	9.98e-01	7.45e-04	9.04e-04	4.68e-06	0.00e+00	0.00e+00	0.00e+00	0.00e+00	0.00e+00	0.00e+00	0.00e+00	0.00e+00	0.00e+00	0.00e+00
 7.46088e+22	1.25e-04	9.98e-01	6.72e-04	8.83e-04	4.59e-06	0.00e+00	0.00e+00	0.00e+00	0.00e+00	0.00e+00	0.00e+00	0.00e+00	0.00e+00	0.00e+00	0.00e+00
 7.46932e+22	1.24e-04	9.98e-01	6.04e-04	8.65e-04	4.51e-06	0.00e+00	0.00e+00	0.00e+00	0.00e+00	0.00e+00	0.00e+00	0.00e+00	0.00e+00	0.00e+00	0.00e+00
 7.47773e+22	1.23e-04	9.98e-01	5.43e-04	8.47e-04	4.44e-06	0.00e+00	0.00e+00	0.00e+00	0.00e+00	0.00e+00	0.00e+00	0.00e+00	0.00e+00	0.00e+00	0.00e+00
 7.48651e+22	1.22e-04	9.99e-01	4.87e-04	8.28e-04	4.36e-06	0.00e+00	0.00e+00	0.00e+00	0.00e+00	0.00e+00	0.00e+00	0.00e+00	0.00e+00	0.00e+00	0.00e+00
 7.49546e+22	1.21e-04	9.99e-01	4.35e-04	8.11e-04	4.29e-06	0.00e+00	0.00e+00	0.00e+00	0.00e+00	0.00e+00	0.00e+00	0.00e+00	0.00e+00	0.00e+00	0.00e+00
 7.50444e+22	1.21e-04	9.99e-01	3.91e-04	7.94e-04	4.22e-06	0.00e+00	0.00e+00	0.00e+00	0.00e+00	0.00e+00	0.00e+00	0.00e+00	0.00e+00	0.00e+00	0.00e+00
 7.51364e+22	1.20e-04	9.99e-01	3.47e-04	7.78e-04	4.15e-06	0.00e+00	0.00e+00	0.00e+00	0.00e+00	0.00e+00	0.00e+00	0.00e+00	0.00e+00	0.00e+00	0.00e+00
 7.52312e+22	1.20e-04	9.99e-01	3.07e-04	7.61e-04	4.08e-06	0.00e+00	0.00e+00	0.00e+00	0.00e+00	0.00e+00	0.00e+00	0.00e+00	0.00e+00	0.00e+00	0.00e+00
 7.53275e+22	1.21e-04	9.99e-01	2.71e-04	7.45e-04	4.01e-06	0.00e+00	0.00e+00	0.00e+00	0.00e+00	0.00e+00	0.00e+00	0.00e+00	0.00e+00	0.00e+00	0.00e+00
 7.54248e+22	1.21e-04	9.99e-01	2.39e-04	7.30e-04	3.94e-06	0.00e+00	0.00e+00	0.00e+00	0.00e+00	0.00e+00	0.00e+00	0.00e+00	0.00e+00	0.00e+00	0.00e+00
 7.55251e+22	1.22e-04	9.99e-01	2.10e-04	7.15e-04	3.88e-06	0.00e+00	0.00e+00	0.00e+00	0.00e+00	0.00e+00	0.00e+00	0.00e+00	0.00e+00	0.00e+00	0.00e+00
 7.56280e+22	1.23e-04	9.99e-01	1.85e-04	7.00e-04	3.81e-06	0.00e+00	0.00e+00	0.00e+00	0.00e+00	0.00e+00	0.00e+00	0.00e+00	0.00e+00	0.00e+00	0.00e+00
 7.57292e+22	1.24e-04	9.99e-01	1.64e-04	6.86e-04	3.75e-06	0.00e+00	0.00e+00	0.00e+00	0.00e+00	0.00e+00	0.00e+00	0.00e+00	0.00e+00	0.00e+00	0.00e+00
 7.58250e+22	1.25e-04	9.99e-01	1.46e-04	6.73e-04	3.70e-06	0.00e+00	0.00e+00	0.00e+00	0.00e+00	0.00e+00	0.00e+00	0.00e+00	0.00e+00	0.00e+00	0.00e+00
 7.59133e+22	1.27e-04	9.99e-01	1.32e-04	6.62e-04	3.65e-06	0.00e+00	0.00e+00	0.00e+00	0.00e+00	0.00e+00	0.00e+00	0.00e+00	0.00e+00	0.00e+00	0.00e+00
 7.59952e+22	1.29e-04	9.99e-01	1.21e-04	6.53e-04	3.61e-06	0.00e+00	0.00e+00	0.00e+00	0.00e+00	0.00e+00	0.00e+00	0.00e+00	0.00e+00	0.00e+00	0.00e+00
 7.60709e+22	1.31e-04	9.99e-01	1.13e-04	6.44e-04	3.57e-06	0.00e+00	0.00e+00	0.00e+00	0.00e+00	0.00e+00	0.00e+00	0.00e+00	0.00e+00	0.00e+00	0.00e+00
 7.61442e+22	1.33e-04	9.99e-01	1.05e-04	6.35e-04	3.53e-06	0.00e+00	0.00e+00	0.00e+00	0.00e+00	0.00e+00	0.00e+00	0.00e+00	0.00e+00	0.00e+00	0.00e+00
 7.62178e+22	1.35e-04	9.99e-01	9.90e-05	6.26e-04	3.49e-06	0.00e+00	0.00e+00	0.00e+00	0.00e+00	0.00e+00	0.00e+00	0.00e+00	0.00e+00	0.00e+00	0.00e+00
 7.62900e+22	1.37e-04	9.99e-01	9.34e-05	6.18e-04	3.45e-06	0.00e+00	0.00e+00	0.00e+00	0.00e+00	0.00e+00	0.00e+00	0.00e+00	0.00e+00	0.00e+00	0.00e+00
 7.63576e+22	1.39e-04	9.99e-01	8.94e-05	6.11e-04	3.42e-06	0.00e+00	0.00e+00	0.00e+00	0.00e+00	0.00e+00	0.00e+00	0.00e+00	0.00e+00	0.00e+00	0.00e+00
 7.64206e+22	1.41e-04	9.99e-01	8.61e-05	6.04e-04	3.39e-06	0.00e+00	0.00e+00	0.00e+00	0.00e+00	0.00e+00	0.00e+00	0.00e+00	0.00e+00	0.00e+00	0.00e+00
 7.64839e+22	1.44e-04	9.99e-01	8.31e-05	5.97e-04	3.35e-06	0.00e+00	0.00e+00	0.00e+00	0.00e+00	0.00e+00	0.00e+00	0.00e+00	0.00e+00	0.00e+00	0.00e+00
 7.65450e+22	1.46e-04	9.99e-01	8.08e-05	5.91e-04	3.33e-06	0.00e+00	0.00e+00	0.00e+00	0.00e+00	0.00e+00	0.00e+00	0.00e+00	0.00e+00	0.00e+00	0.00e+00
 7.66027e+22	1.49e-04	9.99e-01	7.89e-05	5.85e-04	3.30e-06	0.00e+00	0.00e+00	0.00e+00	0.00e+00	0.00e+00	0.00e+00	0.00e+00	0.00e+00	0.00e+00	0.00e+00
 7.66600e+22	1.51e-04	9.99e-01	7.71e-05	5.79e-04	3.27e-06	0.00e+00	0.00e+00	0.00e+00	0.00e+00	0.00e+00	0.00e+00	0.00e+00	0.00e+00	0.00e+00	0.00e+00
 7.67148e+22	1.54e-04	9.99e-01	7.58e-05	5.73e-04	3.25e-06	0.00e+00	0.00e+00	0.00e+00	0.00e+00	0.00e+00	0.00e+00	0.00e+00	0.00e+00	0.00e+00	0.00e+00
 7.67665e+22	1.57e-04	9.99e-01	7.46e-05	5.68e-04	3.22e-06	0.00e+00	0.00e+00	0.00e+00	0.00e+00	0.00e+00	0.00e+00	0.00e+00	0.00e+00	0.00e+00	0.00e+00
 7.68170e+22	1.59e-04	9.99e-01	7.36e-05	5.63e-04	3.20e-06	0.00e+00	0.00e+00	0.00e+00	0.00e+00	0.00e+00	0.00e+00	0.00e+00	0.00e+00	0.00e+00	0.00e+00
 7.68663e+22	1.62e-04	9.99e-01	7.27e-05	5.58e-04	3.18e-06	0.00e+00	0.00e+00	0.00e+00	0.00e+00	0.00e+00	0.00e+00	0.00e+00	0.00e+00	0.00e+00	0.00e+00
 7.69126e+22	1.65e-04	9.99e-01	7.19e-05	5.54e-04	3.16e-06	0.00e+00	0.00e+00	0.00e+00	0.00e+00	0.00e+00	0.00e+00	0.00e+00	0.00e+00	0.00e+00	0.00e+00
 7.69548e+22	1.67e-04	9.99e-01	7.13e-05	5.50e-04	3.14e-06	0.00e+00	0.00e+00	0.00e+00	0.00e+00	0.00e+00	0.00e+00	0.00e+00	0.00e+00	0.00e+00	0.00e+00
 7.69932e+22	1.70e-04	9.99e-01	7.07e-05	5.46e-04	3.13e-06	0.00e+00	0.00e+00	0.00e+00	0.00e+00	0.00e+00	0.00e+00	0.00e+00	0.00e+00	0.00e+00	0.00e+00
 7.70281e+22	1.72e-04	9.99e-01	7.03e-05	5.43e-04	3.12e-06	0.00e+00	0.00e+00	0.00e+00	0.00e+00	0.00e+00	0.00e+00	0.00e+00	0.00e+00	0.00e+00	0.00e+00
