#depth	Cl	Cl+	Cl+2	Cl+3	Cl+4	Cl+5	Cl+6	Cl+7	Cl+8	Cl+9	Cl+10	Cl+11	Cl+12	Cl+13	Cl+14	Cl+15	Cl+16	Cl+17
 1.54284e+22	0.00e+00	0.00e+00	0.00e+00	0.00e+00	0.00e+00	0.00e+00	8.79e-26	5.07e-22	8.44e-19	6.12e-16	2.11e-13	4.45e-11	5.39e-09	4.11e-07	3.46e-05	5.35e-03	1.21e-01	8.74e-01
 3.57801e+22	0.00e+00	0.00e+00	0.00e+00	0.00e+00	0.00e+00	1.21e-27	3.35e-24	1.36e-20	1.60e-17	8.25e-15	2.02e-12	3.03e-10	2.63e-08	1.45e-06	8.79e-05	9.80e-03	1.59e-01	8.31e-01
 4.43266e+22	0.00e+00	0.00e+00	0.00e+00	0.00e+00	0.00e+00	2.06e-26	4.55e-23	1.44e-19	1.32e-16	5.30e-14	1.02e-11	1.19e-09	8.12e-08	3.54e-06	1.70e-04	1.50e-02	1.92e-01	7.92e-01
 5.08483e+22	0.00e+00	0.00e+00	0.00e+00	0.00e+00	6.03e-29	1.96e-25	3.62e-22	9.41e-19	7.05e-16	2.32e-13	3.66e-11	3.53e-09	1.98e-07	7.18e-06	2.86e-04	2.09e-02	2.22e-01	7.57e-01
 5.44715e+22	0.00e+00	0.00e+00	0.00e+00	0.00e+00	1.12e-28	3.48e-25	6.15e-22	1.52e-18	1.08e-15	3.39e-13	5.08e-11	4.65e-09	2.49e-07	8.59e-06	3.26e-04	2.28e-02	2.30e-01	7.47e-01
 5.56772e+22	0.00e+00	0.00e+00	0.00e+00	0.00e+00	1.67e-28	5.05e-25	8.66e-22	2.07e-18	1.43e-15	4.32e-13	6.27e-11	5.56e-09	2.88e-07	9.65e-06	3.55e-04	2.40e-02	2.35e-01	7.40e-01
 5.67837e+22	0.00e+00	0.00e+00	0.00e+00	0.00e+00	1.36e-28	3.96e-25	6.55e-22	3.07e-18	2.03e-15	5.89e-13	8.19e-11	6.97e-09	3.47e-07	1.12e-05	3.95e-04	2.57e-02	2.42e-01	7.32e-01
 5.79484e+22	0.00e+00	0.00e+00	0.00e+00	0.00e+00	4.35e-28	1.23e-24	1.97e-21	4.35e-18	2.76e-15	7.74e-13	1.04e-10	8.52e-09	4.09e-07	1.27e-05	4.35e-04	2.73e-02	2.48e-01	7.24e-01
 5.90176e+22	0.00e+00	0.00e+00	0.00e+00	0.00e+00	3.32e-28	9.08e-25	1.41e-21	6.13e-18	3.76e-15	1.02e-12	1.31e-10	1.04e-08	4.82e-07	1.45e-05	4.78e-04	2.90e-02	2.54e-01	7.16e-01
 6.00392e+22	0.00e+00	0.00e+00	0.00e+00	0.00e+00	5.04e-28	1.34e-24	2.01e-21	8.46e-18	5.01e-15	1.31e-12	1.64e-10	1.25e-08	5.62e-07	1.63e-05	5.21e-04	3.06e-02	2.60e-01	7.09e-01
 6.11697e+22	0.00e+00	0.00e+00	0.00e+00	0.00e+00	8.33e-28	2.14e-24	3.09e-21	1.25e-17	7.10e-15	1.78e-12	2.13e-10	1.57e-08	6.75e-07	1.89e-05	5.79e-04	3.27e-02	2.67e-01	7.00e-01
 6.23450e+22	0.00e+00	0.00e+00	0.00e+00	0.00e+00	1.30e-27	3.24e-24	4.54e-21	1.77e-17	9.68e-15	2.34e-12	2.71e-10	1.92e-08	7.96e-07	2.15e-05	6.36e-04	3.47e-02	2.73e-01	6.91e-01
 6.33942e+22	0.00e+00	0.00e+00	0.00e+00	5.35e-31	2.01e-27	4.84e-24	6.56e-21	2.47e-17	1.30e-14	3.04e-12	3.40e-10	2.32e-08	9.32e-07	2.43e-05	6.96e-04	3.67e-02	2.80e-01	6.83e-01
 6.45737e+22	0.00e+00	0.00e+00	0.00e+00	9.26e-31	3.36e-27	7.82e-24	1.02e-20	3.68e-17	1.86e-14	4.16e-12	4.45e-10	2.92e-08	1.12e-06	2.81e-05	7.75e-04	3.92e-02	2.87e-01	6.73e-01
 6.58058e+22	0.00e+00	0.00e+00	0.00e+00	1.56e-30	5.46e-27	1.23e-23	1.54e-20	5.35e-17	2.60e-14	5.58e-12	5.75e-10	3.62e-08	1.34e-06	3.23e-05	8.57e-04	4.18e-02	2.94e-01	6.63e-01
 6.68312e+22	0.00e+00	0.00e+00	0.00e+00	2.41e-30	8.21e-27	1.79e-23	2.19e-20	7.34e-17	3.45e-14	7.17e-12	7.14e-10	4.35e-08	1.56e-06	3.64e-05	9.33e-04	4.40e-02	3.00e-01	6.55e-01
 6.77489e+22	0.00e+00	0.00e+00	0.00e+00	3.62e-30	1.20e-26	2.55e-23	3.03e-20	9.85e-17	4.49e-14	9.03e-12	8.72e-10	5.15e-08	1.79e-06	4.05e-05	1.01e-03	4.62e-02	3.06e-01	6.47e-01
 6.88017e+22	0.00e+00	0.00e+00	0.00e+00	5.88e-30	1.89e-26	3.90e-23	4.48e-20	1.40e-16	6.15e-14	1.19e-11	1.11e-09	6.30e-08	2.11e-06	4.61e-05	1.11e-03	4.90e-02	3.12e-01	6.38e-01
 6.99468e+22	0.00e+00	0.00e+00	0.00e+00	9.49e-30	2.96e-26	5.90e-23	6.56e-20	1.98e-16	8.37e-14	1.56e-11	1.40e-09	7.69e-08	2.49e-06	5.24e-05	1.21e-03	5.18e-02	3.19e-01	6.28e-01
 7.10173e+22	0.00e+00	0.00e+00	0.00e+00	1.51e-29	4.56e-26	8.82e-23	9.51e-20	2.77e-16	1.13e-13	2.04e-11	1.76e-09	9.33e-08	2.91e-06	5.93e-05	1.33e-03	5.47e-02	3.25e-01	6.19e-01
 7.20256e+22	0.00e+00	0.00e+00	0.00e+00	2.35e-29	6.91e-26	1.30e-22	1.35e-19	3.81e-16	1.50e-13	2.62e-11	2.19e-09	1.12e-07	3.38e-06	6.67e-05	1.44e-03	5.76e-02	3.31e-01	6.10e-01
 7.29773e+22	0.00e+00	0.00e+00	0.00e+00	3.53e-29	1.01e-25	1.85e-22	1.88e-19	5.12e-16	1.96e-13	3.30e-11	2.68e-09	1.33e-07	3.89e-06	7.43e-05	1.56e-03	6.04e-02	3.37e-01	6.01e-01
 7.40444e+22	0.00e+00	0.00e+00	0.00e+00	5.77e-29	1.60e-25	2.83e-22	2.78e-19	7.31e-16	2.69e-13	4.37e-11	3.41e-09	1.63e-07	4.59e-06	8.45e-05	1.71e-03	6.40e-02	3.43e-01	5.91e-01
 7.51775e+22	0.00e+00	0.00e+00	0.00e+00	9.41e-29	2.53e-25	4.33e-22	4.10e-19	1.04e-15	3.69e-13	5.77e-11	4.34e-09	2.00e-07	5.42e-06	9.63e-05	1.88e-03	6.77e-02	3.50e-01	5.80e-01
 7.61787e+22	0.00e+00	0.00e+00	0.00e+00	8.29e-29	2.17e-25	3.61e-22	5.75e-19	1.41e-15	4.84e-13	7.34e-11	5.34e-09	2.38e-07	6.25e-06	1.08e-04	2.04e-03	7.10e-02	3.56e-01	5.71e-01
 7.72625e+22	0.00e+00	0.00e+00	0.00e+00	2.38e-28	6.01e-25	9.68e-22	8.62e-19	2.04e-15	6.71e-13	9.79e-11	6.85e-09	2.94e-07	7.42e-06	1.23e-04	2.24e-03	7.52e-02	3.62e-01	5.60e-01
 7.84221e+22	0.00e+00	0.00e+00	0.00e+00	2.27e-28	5.56e-25	8.66e-22	1.28e-18	2.92e-15	9.27e-13	1.30e-10	8.77e-09	3.62e-07	8.80e-06	1.40e-04	2.46e-03	7.95e-02	3.69e-01	5.49e-01
 7.94194e+22	0.00e+00	0.00e+00	0.00e+00	3.44e-28	8.18e-25	1.24e-21	1.78e-18	3.94e-15	1.21e-12	1.65e-10	1.07e-08	4.29e-07	1.01e-05	1.56e-04	2.66e-03	8.33e-02	3.74e-01	5.39e-01
 8.04546e+22	0.00e+00	0.00e+00	0.00e+00	5.58e-28	1.29e-24	1.89e-21	2.62e-18	5.58e-15	1.65e-12	2.17e-10	1.36e-08	5.25e-07	1.19e-05	1.77e-04	2.91e-03	8.79e-02	3.81e-01	5.28e-01
 8.15565e+22	0.00e+00	0.00e+00	0.00e+00	8.89e-28	1.99e-24	2.83e-21	3.79e-18	7.80e-15	2.23e-12	2.82e-10	1.71e-08	6.37e-07	1.40e-05	2.01e-04	3.17e-03	9.25e-02	3.86e-01	5.18e-01
 8.25561e+22	0.00e+00	0.00e+00	0.00e+00	1.37e-27	2.98e-24	4.12e-21	5.34e-18	1.07e-14	2.95e-12	3.61e-10	2.12e-08	7.63e-07	1.62e-05	2.25e-04	3.43e-03	9.70e-02	3.92e-01	5.08e-01
 8.36669e+22	0.00e+00	0.00e+00	3.29e-31	2.35e-27	4.93e-24	6.56e-21	8.18e-18	1.57e-14	4.17e-12	4.90e-10	2.76e-08	9.54e-07	1.94e-05	2.59e-04	3.79e-03	1.03e-01	3.98e-01	4.95e-01
 8.48088e+22	0.00e+00	0.00e+00	5.42e-31	3.76e-27	7.64e-24	9.83e-21	1.18e-17	2.20e-14	5.64e-12	6.40e-10	3.48e-08	1.16e-06	2.28e-05	2.92e-04	4.13e-03	1.08e-01	4.04e-01	4.84e-01
 8.57703e+22	0.00e+00	0.00e+00	8.42e-31	5.69e-27	1.12e-23	1.41e-20	1.64e-17	2.96e-14	7.36e-12	8.09e-10	4.27e-08	1.38e-06	2.62e-05	3.25e-04	4.46e-03	1.13e-01	4.08e-01	4.74e-01
 8.67995e+22	0.00e+00	0.00e+00	1.43e-30	9.35e-27	1.79e-23	2.16e-20	2.42e-17	4.22e-14	1.01e-11	1.07e-09	5.44e-08	1.69e-06	3.09e-05	3.70e-04	4.88e-03	1.19e-01	4.14e-01	4.62e-01
 8.78721e+22	0.00e+00	0.00e+00	2.29e-30	1.46e-26	2.71e-23	3.17e-20	3.44e-17	5.81e-14	1.35e-11	1.38e-09	6.78e-08	2.04e-06	3.60e-05	4.16e-04	5.29e-03	1.25e-01	4.19e-01	4.51e-01
 8.88335e+22	0.00e+00	0.00e+00	3.59e-30	2.23e-26	4.01e-23	4.56e-20	4.79e-17	7.86e-14	1.77e-11	1.75e-09	8.34e-08	2.43e-06	4.15e-05	4.64e-04	5.71e-03	1.30e-01	4.23e-01	4.41e-01
 8.99157e+22	0.00e+00	0.00e+00	6.24e-30	3.75e-26	6.50e-23	7.12e-20	7.19e-17	1.14e-13	2.46e-11	2.35e-09	1.08e-07	3.01e-06	4.95e-05	5.30e-04	6.27e-03	1.37e-01	4.28e-01	4.28e-01
 9.10379e+22	0.00e+00	0.00e+00	1.04e-29	6.07e-26	1.02e-22	1.08e-19	1.05e-16	1.60e-13	3.35e-11	3.09e-09	1.36e-07	3.68e-06	5.82e-05	6.00e-04	6.83e-03	1.44e-01	4.32e-01	4.16e-01
 9.19787e+22	0.00e+00	0.00e+00	1.62e-29	9.18e-26	1.49e-22	1.53e-19	1.44e-16	2.15e-13	4.36e-11	3.90e-09	1.67e-07	4.36e-06	6.70e-05	6.68e-04	7.35e-03	1.50e-01	4.36e-01	4.06e-01
 9.28356e+22	0.00e+00	0.00e+00	2.46e-29	1.36e-25	2.15e-22	2.15e-19	1.96e-16	2.84e-13	5.60e-11	4.87e-09	2.02e-07	5.14e-06	7.65e-05	7.39e-04	7.88e-03	1.56e-01	4.39e-01	3.96e-01
 9.38170e+22	0.00e+00	0.00e+00	4.14e-29	2.22e-25	3.39e-22	3.26e-19	2.86e-16	4.02e-13	7.65e-11	6.42e-09	2.57e-07	6.30e-06	9.03e-05	8.38e-04	8.59e-03	1.64e-01	4.43e-01	3.84e-01
 9.48417e+22	0.00e+00	0.00e+00	6.52e-29	3.40e-25	5.03e-22	4.68e-19	3.97e-16	5.43e-13	1.00e-10	8.15e-09	3.16e-07	7.51e-06	1.04e-04	9.34e-04	9.26e-03	1.70e-01	4.46e-01	3.74e-01
 9.59228e+22	0.00e+00	0.00e+00	1.16e-28	5.86e-25	8.33e-22	7.45e-19	6.04e-16	7.97e-13	1.42e-10	1.11e-08	4.13e-07	9.41e-06	1.25e-04	1.07e-03	1.02e-02	1.79e-01	4.49e-01	3.60e-01
 9.70050e+22	0.00e+00	0.00e+00	1.91e-28	9.30e-25	1.28e-21	1.10e-18	8.59e-16	1.10e-12	1.90e-10	1.44e-08	5.18e-07	1.14e-05	1.46e-04	1.21e-03	1.10e-02	1.87e-01	4.51e-01	3.49e-01
 9.78783e+22	0.00e+00	0.00e+00	2.92e-28	1.38e-24	1.84e-21	1.54e-18	1.16e-15	1.46e-12	2.44e-10	1.80e-08	6.29e-07	1.35e-05	1.67e-04	1.34e-03	1.18e-02	1.94e-01	4.53e-01	3.39e-01
 9.88033e+22	0.00e+00	0.00e+00	4.75e-28	2.18e-24	2.81e-21	2.27e-18	1.65e-15	2.01e-12	3.26e-10	2.32e-08	7.86e-07	1.63e-05	1.95e-04	1.50e-03	1.28e-02	2.02e-01	4.55e-01	3.28e-01
 9.97868e+22	0.00e+00	0.00e+00	7.60e-28	3.39e-24	4.22e-21	3.29e-18	2.30e-15	2.73e-12	4.30e-10	2.97e-08	9.74e-07	1.95e-05	2.26e-04	1.68e-03	1.38e-02	2.11e-01	4.56e-01	3.18e-01
 1.00673e+23	0.00e+00	0.00e+00	1.17e-27	5.08e-24	6.12e-21	4.62e-18	3.12e-15	3.62e-12	5.55e-10	3.73e-08	1.19e-06	2.31e-05	2.59e-04	1.86e-03	1.47e-02	2.18e-01	4.57e-01	3.08e-01
 1.01652e+23	0.00e+00	1.47e-31	2.04e-27	8.54e-24	9.88e-21	7.14e-18	4.62e-15	5.19e-12	7.70e-10	4.99e-08	1.53e-06	2.86e-05	3.09e-04	2.12e-03	1.61e-02	2.28e-01	4.58e-01	2.95e-01
 1.02638e+23	0.00e+00	2.35e-31	3.18e-27	1.29e-23	1.45e-20	1.01e-17	6.31e-15	6.93e-12	9.99e-10	6.29e-08	1.87e-06	3.40e-05	3.55e-04	2.35e-03	1.72e-02	2.36e-01	4.58e-01	2.86e-01
 1.03482e+23	0.00e+00	3.73e-31	4.90e-27	1.93e-23	2.09e-20	1.42e-17	8.52e-15	9.14e-12	1.29e-09	7.87e-08	2.27e-06	4.01e-05	4.06e-04	2.59e-03	1.84e-02	2.44e-01	4.58e-01	2.76e-01
 1.04296e+23	0.00e+00	5.72e-31	7.30e-27	2.80e-23	2.95e-20	1.94e-17	1.13e-14	1.19e-11	1.63e-09	9.70e-08	2.73e-06	4.68e-05	4.60e-04	2.84e-03	1.96e-02	2.52e-01	4.58e-01	2.67e-01
 1.05220e+23	0.00e+00	9.93e-31	1.22e-26	4.53e-23	4.59e-20	2.89e-17	1.61e-14	1.65e-11	2.20e-09	1.27e-07	3.45e-06	5.71e-05	5.41e-04	3.20e-03	2.12e-02	2.62e-01	4.57e-01	2.56e-01
 1.06167e+23	0.00e+00	1.62e-30	1.93e-26	6.92e-23	6.76e-20	4.11e-17	2.21e-14	2.21e-11	2.86e-09	1.61e-07	4.23e-06	6.80e-05	6.23e-04	3.56e-03	2.27e-02	2.71e-01	4.56e-01	2.47e-01
 1.06993e+23	0.00e+00	2.55e-30	2.95e-26	1.03e-22	9.71e-20	5.71e-17	2.96e-14	2.90e-11	3.66e-09	2.00e-07	5.13e-06	8.01e-05	7.11e-04	3.92e-03	2.41e-02	2.79e-01	4.54e-01	2.38e-01
 1.07915e+23	0.00e+00	4.52e-30	5.02e-26	1.69e-22	1.53e-19	8.62e-17	4.26e-14	4.08e-11	4.99e-09	2.64e-07	6.53e-06	9.84e-05	8.39e-04	4.43e-03	2.61e-02	2.90e-01	4.52e-01	2.27e-01
 1.08827e+23	0.00e+00	7.03e-30	7.59e-26	2.48e-22	2.18e-19	1.19e-16	5.67e-14	5.31e-11	6.35e-09	3.27e-07	7.86e-06	1.15e-04	9.53e-04	4.86e-03	2.77e-02	2.98e-01	4.50e-01	2.19e-01
 1.09726e+23	0.00e+00	1.23e-29	1.28e-25	4.02e-22	3.38e-19	1.77e-16	8.07e-14	7.38e-11	8.57e-09	4.28e-07	9.94e-06	1.41e-04	1.12e-03	5.47e-03	2.99e-02	3.08e-01	4.47e-01	2.08e-01
 1.10641e+23	0.00e+00	1.95e-29	1.96e-25	6.00e-22	4.89e-19	2.47e-16	1.09e-13	9.72e-11	1.10e-08	5.35e-07	1.21e-05	1.66e-04	1.28e-03	6.02e-03	3.18e-02	3.17e-01	4.44e-01	2.00e-01
 1.11438e+23	0.00e+00	3.06e-29	2.98e-25	8.85e-22	6.96e-19	3.39e-16	1.44e-13	1.27e-10	1.40e-08	6.64e-07	1.46e-05	1.94e-04	1.45e-03	6.61e-03	3.37e-02	3.26e-01	4.40e-01	1.92e-01
 1.12340e+23	0.00e+00	5.30e-29	4.98e-25	1.43e-21	1.08e-18	5.03e-16	2.04e-13	1.75e-10	1.88e-08	8.65e-07	1.83e-05	2.36e-04	1.70e-03	7.41e-03	3.62e-02	3.36e-01	4.36e-01	1.82e-01
 1.13260e+23	0.00e+00	8.51e-29	7.75e-25	2.15e-21	1.56e-18	7.03e-16	2.74e-13	2.31e-10	2.43e-08	1.09e-06	2.23e-05	2.79e-04	1.94e-03	8.17e-03	3.85e-02	3.45e-01	4.32e-01	1.74e-01
 1.14067e+23	0.00e+00	1.34e-28	1.19e-24	3.18e-21	2.24e-18	9.71e-16	3.64e-13	3.02e-10	3.10e-08	1.35e-06	2.70e-05	3.28e-04	2.21e-03	8.96e-03	4.08e-02	3.54e-01	4.27e-01	1.67e-01
 1.14977e+23	0.00e+00	2.34e-28	1.99e-24	5.15e-21	3.47e-18	1.44e-15	5.16e-13	4.19e-10	4.18e-08	1.76e-06	3.40e-05	4.00e-04	2.59e-03	1.00e-02	4.37e-02	3.64e-01	4.22e-01	1.58e-01
 1.15897e+23	0.00e+00	3.78e-28	3.11e-24	7.78e-21	5.05e-18	2.02e-15	6.94e-13	5.53e-10	5.39e-08	2.22e-06	4.15e-05	4.73e-04	2.96e-03	1.10e-02	4.64e-02	3.73e-01	4.16e-01	1.50e-01
 1.16687e+23	0.00e+00	5.90e-28	4.70e-24	1.14e-20	7.15e-18	2.75e-15	9.13e-13	7.16e-10	6.82e-08	2.74e-06	4.99e-05	5.53e-04	3.35e-03	1.21e-02	4.89e-02	3.81e-01	4.11e-01	1.43e-01
 1.17572e+23	0.00e+00	1.02e-27	7.83e-24	1.83e-20	1.10e-17	4.05e-15	1.28e-12	9.86e-10	9.14e-08	3.56e-06	6.26e-05	6.69e-04	3.90e-03	1.35e-02	5.23e-02	3.90e-01	4.04e-01	1.35e-01
 1.18496e+23	0.00e+00	1.69e-27	1.25e-23	2.82e-20	1.62e-17	5.74e-15	1.74e-12	1.32e-09	1.19e-07	4.51e-06	7.70e-05	7.97e-04	4.48e-03	1.49e-02	5.54e-02	3.99e-01	3.97e-01	1.28e-01
 1.19325e+23	0.00e+00	2.66e-27	1.91e-23	4.17e-20	2.32e-17	7.91e-15	2.30e-12	1.71e-09	1.52e-07	5.60e-06	9.29e-05	9.34e-04	5.08e-03	1.62e-02	5.84e-02	4.07e-01	3.91e-01	1.22e-01
 1.20116e+23	0.00e+00	4.21e-27	2.91e-23	6.17e-20	3.30e-17	1.08e-14	3.02e-12	2.22e-09	1.93e-07	6.95e-06	1.12e-04	1.09e-03	5.76e-03	1.77e-02	6.15e-02	4.14e-01	3.84e-01	1.15e-01
 1.20868e+23	0.00e+00	6.38e-27	4.29e-23	8.81e-20	4.56e-17	1.45e-14	3.89e-12	2.82e-09	2.40e-07	8.46e-06	1.33e-04	1.26e-03	6.45e-03	1.92e-02	6.44e-02	4.21e-01	3.78e-01	1.10e-01
 1.21710e+23	0.00e+00	1.11e-26	7.17e-23	1.41e-19	6.99e-17	2.11e-14	5.41e-12	3.86e-09	3.21e-07	1.10e-05	1.67e-04	1.53e-03	7.50e-03	2.13e-02	6.85e-02	4.29e-01	3.69e-01	1.03e-01
 1.22559e+23	0.00e+00	1.74e-26	1.09e-22	2.07e-19	9.86e-17	2.86e-14	7.05e-12	4.98e-09	4.05e-07	1.36e-05	2.00e-04	1.78e-03	8.46e-03	2.32e-02	7.18e-02	4.35e-01	3.62e-01	9.74e-02
 1.23246e+23	0.00e+00	2.53e-26	1.54e-22	2.85e-19	1.31e-16	3.69e-14	8.78e-12	6.15e-09	4.93e-07	1.61e-05	2.33e-04	2.02e-03	9.35e-03	2.49e-02	7.47e-02	4.40e-01	3.55e-01	9.30e-02
 1.23838e+23	0.00e+00	3.58e-26	2.12e-22	3.83e-19	1.71e-16	4.66e-14	1.07e-11	7.46e-09	5.90e-07	1.90e-05	2.68e-04	2.28e-03	1.03e-02	2.65e-02	7.74e-02	4.45e-01	3.49e-01	8.89e-02
 1.24384e+23	0.00e+00	4.93e-26	2.85e-22	5.03e-19	2.19e-16	5.79e-14	1.30e-11	8.93e-09	6.96e-07	2.20e-05	3.05e-04	2.54e-03	1.12e-02	2.81e-02	8.00e-02	4.49e-01	3.44e-01	8.53e-02
 1.25002e+23	0.00e+00	7.31e-26	4.11e-22	7.03e-19	2.95e-16	7.55e-14	1.63e-11	1.11e-08	8.54e-07	2.65e-05	3.57e-04	2.90e-03	1.24e-02	3.02e-02	8.32e-02	4.53e-01	3.37e-01	8.10e-02
 1.25620e+23	0.00e+00	1.02e-25	5.57e-22	9.30e-19	3.79e-16	9.41e-14	1.97e-11	1.34e-08	1.01e-06	3.09e-05	4.07e-04	3.24e-03	1.35e-02	3.20e-02	8.59e-02	4.57e-01	3.30e-01	7.76e-02
 1.26142e+23	0.00e+00	1.40e-25	7.48e-22	1.22e-18	4.82e-16	1.16e-13	2.36e-11	1.59e-08	1.19e-06	3.58e-05	4.63e-04	3.61e-03	1.47e-02	3.39e-02	8.85e-02	4.60e-01	3.24e-01	7.43e-02
 1.26646e+23	0.00e+00	1.90e-25	9.91e-22	1.58e-18	6.07e-16	1.42e-13	2.80e-11	1.88e-08	1.39e-06	4.12e-05	5.23e-04	3.99e-03	1.59e-02	3.58e-02	9.11e-02	4.63e-01	3.19e-01	7.12e-02
 1.27222e+23	0.00e+00	2.78e-25	1.41e-21	2.18e-18	8.11e-16	1.83e-13	3.48e-11	2.33e-08	1.69e-06	4.91e-05	6.09e-04	4.54e-03	1.75e-02	3.82e-02	9.43e-02	4.66e-01	3.11e-01	6.75e-02
 1.27788e+23	0.00e+00	3.78e-25	1.87e-21	2.81e-18	1.02e-15	2.24e-13	4.12e-11	2.75e-08	1.98e-06	5.65e-05	6.87e-04	5.02e-03	1.90e-02	4.03e-02	9.70e-02	4.68e-01	3.05e-01	6.46e-02
 1.28262e+23	4.92e-32	5.10e-25	2.47e-21	3.62e-18	1.27e-15	2.71e-13	4.86e-11	3.23e-08	2.30e-06	6.48e-05	7.74e-04	5.54e-03	2.05e-02	4.24e-02	9.95e-02	4.70e-01	2.99e-01	6.19e-02
 1.28724e+23	6.66e-32	6.79e-25	3.21e-21	4.60e-18	1.58e-15	3.27e-13	5.69e-11	3.77e-08	2.66e-06	7.40e-05	8.66e-04	6.09e-03	2.20e-02	4.45e-02	1.02e-01	4.72e-01	2.93e-01	5.93e-02
 1.29253e+23	9.77e-32	9.79e-25	4.50e-21	6.25e-18	2.07e-15	4.13e-13	6.94e-11	4.59e-08	3.20e-06	8.73e-05	1.00e-03	6.86e-03	2.41e-02	4.73e-02	1.05e-01	4.73e-01	2.86e-01	5.62e-02
 1.29794e+23	1.35e-31	1.33e-24	5.96e-21	8.07e-18	2.60e-15	5.04e-13	8.20e-11	5.41e-08	3.73e-06	1.00e-04	1.13e-03	7.58e-03	2.61e-02	4.98e-02	1.08e-01	4.74e-01	2.80e-01	5.36e-02
 1.30276e+23	1.84e-31	1.79e-24	7.83e-21	1.03e-17	3.23e-15	6.10e-13	9.65e-11	6.35e-08	4.34e-06	1.15e-04	1.26e-03	8.34e-03	2.80e-02	5.22e-02	1.10e-01	4.75e-01	2.73e-01	5.12e-02
 1.30734e+23	2.51e-31	2.40e-24	1.02e-20	1.32e-17	4.00e-15	7.32e-13	1.12e-10	7.40e-08	5.01e-06	1.31e-04	1.42e-03	9.16e-03	3.01e-02	5.48e-02	1.13e-01	4.76e-01	2.67e-01	4.89e-02
 1.31156e+23	3.33e-31	3.14e-24	1.31e-20	1.65e-17	4.87e-15	8.66e-13	1.29e-10	8.52e-08	5.73e-06	1.48e-04	1.57e-03	9.99e-03	3.22e-02	5.72e-02	1.15e-01	4.76e-01	2.61e-01	4.68e-02
 1.31627e+23	4.74e-31	4.39e-24	1.78e-20	2.18e-17	6.22e-15	1.07e-12	1.54e-10	1.02e-07	6.77e-06	1.72e-04	1.79e-03	1.11e-02	3.49e-02	6.03e-02	1.18e-01	4.75e-01	2.54e-01	4.43e-02
 1.32110e+23	6.50e-31	5.94e-24	2.35e-20	2.79e-17	7.74e-15	1.29e-12	1.80e-10	1.19e-07	7.85e-06	1.97e-04	2.01e-03	1.22e-02	3.75e-02	6.31e-02	1.20e-01	4.75e-01	2.48e-01	4.22e-02
 1.32532e+23	8.59e-31	7.74e-24	3.00e-20	3.48e-17	9.38e-15	1.52e-12	2.06e-10	1.37e-07	8.95e-06	2.22e-04	2.22e-03	1.33e-02	4.00e-02	6.57e-02	1.22e-01	4.74e-01	2.42e-01	4.03e-02
 1.33000e+23	1.25e-30	1.11e-23	4.17e-20	4.67e-17	1.21e-14	1.89e-12	2.47e-10	1.64e-07	1.07e-05	2.60e-04	2.55e-03	1.49e-02	4.35e-02	6.94e-02	1.25e-01	4.72e-01	2.34e-01	3.79e-02
 1.33474e+23	1.70e-30	1.49e-23	5.44e-20	5.94e-17	1.49e-14	2.25e-12	2.86e-10	1.90e-07	1.23e-05	2.96e-04	2.85e-03	1.63e-02	4.66e-02	7.24e-02	1.28e-01	4.70e-01	2.28e-01	3.60e-02
 1.33955e+23	2.52e-30	2.16e-23	7.66e-20	8.06e-17	1.95e-14	2.81e-12	3.43e-10	2.30e-07	1.47e-05	3.48e-04	3.27e-03	1.83e-02	5.08e-02	7.64e-02	1.30e-01	4.67e-01	2.20e-01	3.37e-02
 1.34438e+23	3.44e-30	2.92e-23	1.01e-19	1.03e-16	2.41e-14	3.36e-12	3.96e-10	2.68e-07	1.70e-05	3.97e-04	3.66e-03	2.00e-02	5.43e-02	7.97e-02	1.32e-01	4.65e-01	2.13e-01	3.19e-02
 1.34848e+23	4.57e-30	3.83e-23	1.29e-19	1.28e-16	2.91e-14	3.95e-12	4.52e-10	3.07e-07	1.94e-05	4.47e-04	4.05e-03	2.17e-02	5.77e-02	8.27e-02	1.34e-01	4.62e-01	2.07e-01	3.03e-02
 1.35302e+23	6.86e-30	5.64e-23	1.83e-19	1.75e-16	3.80e-14	4.92e-12	5.40e-10	3.70e-07	2.32e-05	5.28e-04	4.67e-03	2.44e-02	6.29e-02	8.72e-02	1.37e-01	4.57e-01	1.98e-01	2.82e-02
 1.35747e+23	8.98e-30	7.31e-23	2.32e-19	2.16e-16	4.56e-14	5.74e-12	6.11e-10	4.22e-07	2.63e-05	5.90e-04	5.13e-03	2.63e-02	6.65e-02	9.02e-02	1.38e-01	4.54e-01	1.93e-01	2.68e-02
 1.36182e+23	1.33e-29	1.07e-22	3.26e-19	2.92e-16	5.90e-14	7.08e-12	7.23e-10	5.05e-07	3.13e-05	6.93e-04	5.88e-03	2.93e-02	7.21e-02	9.46e-02	1.40e-01	4.48e-01	1.84e-01	2.48e-02
 1.36623e+23	1.78e-29	1.41e-22	4.21e-19	3.66e-16	7.16e-14	8.31e-12	8.22e-10	5.80e-07	3.58e-05	7.81e-04	6.50e-03	3.18e-02	7.65e-02	9.80e-02	1.42e-01	4.43e-01	1.78e-01	2.35e-02
 1.37073e+23	2.68e-29	2.09e-22	6.00e-19	5.00e-16	9.33e-14	1.03e-11	9.75e-10	6.98e-07	4.28e-05	9.21e-04	7.48e-03	3.56e-02	8.30e-02	1.03e-01	1.43e-01	4.36e-01	1.70e-01	2.16e-02
 1.37511e+23	3.55e-29	2.74e-22	7.66e-19	6.19e-16	1.12e-13	1.20e-11	1.10e-09	7.94e-07	4.85e-05	1.03e-03	8.22e-03	3.84e-02	8.76e-02	1.06e-01	1.44e-01	4.30e-01	1.64e-01	2.04e-02
 1.37932e+23	5.28e-29	4.01e-22	1.08e-18	8.36e-16	1.44e-13	1.47e-11	1.29e-09	9.47e-07	5.76e-05	1.21e-03	9.39e-03	4.26e-02	9.45e-02	1.11e-01	1.46e-01	4.22e-01	1.55e-01	1.88e-02
 1.38353e+23	6.99e-29	5.26e-22	1.38e-18	1.04e-15	1.73e-13	1.71e-11	1.45e-09	1.08e-06	6.52e-05	1.35e-03	1.03e-02	4.59e-02	9.96e-02	1.14e-01	1.46e-01	4.16e-01	1.50e-01	1.77e-02
 1.38775e+23	1.05e-28	7.77e-22	1.96e-18	1.40e-15	2.24e-13	2.09e-11	1.69e-09	1.28e-06	7.75e-05	1.58e-03	1.18e-02	5.09e-02	1.07e-01	1.18e-01	1.47e-01	4.06e-01	1.41e-01	1.61e-02
 1.39199e+23	1.41e-28	1.04e-21	2.53e-18	1.76e-15	2.70e-13	2.44e-11	1.91e-09	1.46e-06	8.81e-05	1.78e-03	1.30e-02	5.49e-02	1.13e-01	1.22e-01	1.47e-01	3.98e-01	1.35e-01	1.51e-02
 1.39627e+23	2.08e-28	1.51e-21	3.56e-18	2.37e-15	3.47e-13	2.97e-11	2.22e-09	1.74e-06	1.04e-04	2.07e-03	1.47e-02	6.05e-02	1.21e-01	1.26e-01	1.47e-01	3.87e-01	1.27e-01	1.38e-02
 1.40053e+23	2.83e-28	2.03e-21	4.64e-18	2.98e-15	4.20e-13	3.46e-11	2.50e-09	1.98e-06	1.18e-04	2.32e-03	1.62e-02	6.52e-02	1.27e-01	1.29e-01	1.47e-01	3.79e-01	1.21e-01	1.28e-02
 1.40477e+23	4.19e-28	2.98e-21	6.54e-18	4.01e-15	5.37e-13	4.21e-11	2.90e-09	2.34e-06	1.39e-04	2.69e-03	1.83e-02	7.16e-02	1.36e-01	1.33e-01	1.47e-01	3.66e-01	1.14e-01	1.16e-02
 1.40906e+23	5.74e-28	4.04e-21	8.58e-18	5.06e-15	6.53e-13	4.91e-11	3.26e-09	2.67e-06	1.58e-04	3.03e-03	2.02e-02	7.71e-02	1.42e-01	1.36e-01	1.46e-01	3.57e-01	1.08e-01	1.07e-02
 1.41341e+23	8.61e-28	6.02e-21	1.22e-17	6.87e-15	8.41e-13	5.98e-11	3.78e-09	3.17e-06	1.87e-04	3.52e-03	2.28e-02	8.45e-02	1.51e-01	1.40e-01	1.45e-01	3.43e-01	9.99e-02	9.59e-03
 1.41783e+23	1.19e-27	8.24e-21	1.62e-17	8.74e-15	1.03e-12	6.99e-11	4.25e-09	3.61e-06	2.13e-04	3.95e-03	2.51e-02	9.08e-02	1.59e-01	1.43e-01	1.43e-01	3.32e-01	9.41e-02	8.78e-03
 1.42232e+23	1.81e-27	1.24e-20	2.33e-17	1.20e-14	1.33e-12	8.55e-11	4.94e-09	4.28e-06	2.51e-04	4.59e-03	2.84e-02	9.94e-02	1.68e-01	1.46e-01	1.41e-01	3.17e-01	8.66e-02	7.80e-03
 1.42683e+23	2.50e-27	1.70e-20	3.09e-17	1.52e-14	1.62e-12	9.98e-11	5.55e-09	4.87e-06	2.84e-04	5.14e-03	3.11e-02	1.06e-01	1.75e-01	1.48e-01	1.39e-01	3.06e-01	8.12e-02	7.11e-03
 1.43136e+23	3.79e-27	2.57e-20	4.46e-17	2.08e-14	2.10e-12	1.22e-10	6.43e-09	5.74e-06	3.34e-04	5.95e-03	3.50e-02	1.16e-01	1.85e-01	1.51e-01	1.36e-01	2.91e-01	7.42e-02	6.27e-03
 1.43578e+23	5.66e-27	3.44e-20	5.78e-17	2.59e-14	2.52e-12	1.40e-10	7.15e-09	6.44e-06	3.73e-04	6.58e-03	3.79e-02	1.22e-01	1.91e-01	1.52e-01	1.34e-01	2.80e-01	6.95e-02	5.72e-03
 1.44007e+23	8.40e-27	5.03e-20	8.09e-17	3.46e-14	3.19e-12	1.69e-10	8.19e-09	7.45e-06	4.30e-04	7.48e-03	4.20e-02	1.32e-01	2.00e-01	1.54e-01	1.31e-01	2.65e-01	6.37e-02	5.06e-03
 1.44444e+23	1.15e-26	6.81e-20	1.06e-16	4.35e-14	3.85e-12	1.95e-10	9.13e-09	8.37e-06	4.81e-04	8.27e-03	4.55e-02	1.39e-01	2.06e-01	1.55e-01	1.28e-01	2.54e-01	5.92e-02	4.58e-03
 1.44893e+23	1.73e-26	1.00e-19	1.50e-16	5.84e-14	4.91e-12	2.35e-10	1.05e-08	9.67e-06	5.53e-04	9.38e-03	5.03e-02	1.49e-01	2.14e-01	1.55e-01	1.24e-01	2.39e-01	5.38e-02	4.01e-03
 1.45349e+23	2.37e-26	1.36e-19	1.96e-16	7.34e-14	5.93e-12	2.73e-10	1.17e-08	1.08e-05	6.16e-04	1.03e-02	5.42e-02	1.57e-01	2.20e-01	1.55e-01	1.21e-01	2.28e-01	4.98e-02	3.61e-03
 1.45813e+23	3.56e-26	2.01e-19	2.78e-16	9.88e-14	7.57e-12	3.29e-10	1.35e-08	1.25e-05	7.05e-04	1.17e-02	5.97e-02	1.67e-01	2.27e-01	1.55e-01	1.17e-01	2.13e-01	4.49e-02	3.14e-03
 1.46286e+23	4.86e-26	2.71e-19	3.63e-16	1.24e-13	9.14e-12	3.81e-10	1.50e-08	1.39e-05	7.81e-04	1.28e-02	6.41e-02	1.75e-01	2.32e-01	1.55e-01	1.14e-01	2.02e-01	4.14e-02	2.82e-03
 1.46768e+23	4.87e-26	4.02e-19	5.14e-16	1.67e-13	1.17e-11	4.61e-10	1.74e-08	1.59e-05	8.89e-04	1.43e-02	7.01e-02	1.85e-01	2.39e-01	1.54e-01	1.09e-01	1.88e-01	3.72e-02	2.43e-03
 1.47264e+23	6.67e-26	5.44e-19	6.74e-16	2.10e-13	1.41e-11	5.37e-10	1.95e-08	1.77e-05	9.82e-04	1.57e-02	7.50e-02	1.93e-01	2.43e-01	1.52e-01	1.05e-01	1.78e-01	3.41e-02	2.17e-03
 1.47775e+23	1.00e-25	8.07e-19	9.57e-16	2.84e-13	1.81e-11	6.52e-10	2.25e-08	2.03e-05	1.11e-03	1.75e-02	8.17e-02	2.04e-01	2.48e-01	1.50e-01	1.01e-01	1.65e-01	3.03e-02	1.86e-03
 1.48287e+23	1.36e-25	1.08e-18	1.24e-15	3.55e-13	2.19e-11	7.55e-10	2.52e-08	2.24e-05	1.22e-03	1.90e-02	8.69e-02	2.11e-01	2.51e-01	1.49e-01	9.69e-02	1.55e-01	2.77e-02	1.65e-03
 1.48798e+23	7.92e-29	1.58e-18	1.74e-15	4.72e-13	2.77e-11	9.11e-10	2.91e-08	2.54e-05	1.37e-03	2.10e-02	9.38e-02	2.21e-01	2.55e-01	1.46e-01	9.22e-02	1.43e-01	2.47e-02	1.42e-03
 1.49324e+23	1.09e-28	2.13e-18	2.27e-15	5.94e-13	3.36e-11	1.06e-09	3.26e-08	2.80e-05	1.50e-03	2.28e-02	9.96e-02	2.29e-01	2.58e-01	1.44e-01	8.85e-02	1.34e-01	2.24e-02	1.25e-03
 1.49868e+23	1.66e-28	3.13e-18	3.21e-15	7.98e-13	4.29e-11	1.29e-09	3.78e-08	3.18e-05	1.68e-03	2.52e-02	1.07e-01	2.38e-01	2.60e-01	1.40e-01	8.36e-02	1.23e-01	1.98e-02	1.06e-03
 1.50394e+23	2.19e-28	4.04e-18	4.03e-15	9.71e-13	5.07e-11	1.47e-09	4.19e-08	3.46e-05	1.82e-03	2.69e-02	1.13e-01	2.44e-01	2.61e-01	1.38e-01	8.04e-02	1.16e-01	1.82e-02	9.50e-04
 1.50893e+23	3.18e-28	5.71e-18	5.48e-15	1.26e-12	6.31e-11	1.75e-09	4.79e-08	3.86e-05	2.01e-03	2.93e-02	1.20e-01	2.52e-01	2.62e-01	1.34e-01	7.62e-02	1.07e-01	1.62e-02	8.16e-04
 1.51404e+23	4.19e-28	7.37e-18	6.89e-15	1.54e-12	7.45e-11	2.00e-09	5.32e-08	4.21e-05	2.16e-03	3.12e-02	1.25e-01	2.58e-01	2.63e-01	1.31e-01	7.30e-02	1.00e-01	1.48e-02	7.27e-04
 1.51928e+23	6.11e-28	1.04e-17	9.39e-15	2.01e-12	9.31e-11	2.39e-09	6.10e-08	4.69e-05	2.38e-03	3.39e-02	1.33e-01	2.66e-01	2.63e-01	1.28e-01	6.89e-02	9.20e-02	1.31e-02	6.21e-04
 1.52462e+23	8.09e-28	1.35e-17	1.18e-14	2.45e-12	1.10e-10	2.74e-09	6.79e-08	5.10e-05	2.56e-03	3.60e-02	1.39e-01	2.71e-01	2.62e-01	1.25e-01	6.58e-02	8.61e-02	1.19e-02	5.51e-04
 1.53008e+23	1.18e-27	1.90e-17	1.61e-14	3.19e-12	1.38e-10	3.28e-09	7.80e-08	5.69e-05	2.82e-03	3.90e-02	1.47e-01	2.78e-01	2.61e-01	1.20e-01	6.18e-02	7.86e-02	1.05e-02	4.68e-04
 1.53546e+23	1.53e-27	2.41e-17	1.99e-14	3.84e-12	1.61e-10	3.72e-09	8.61e-08	6.15e-05	3.01e-03	4.12e-02	1.53e-01	2.82e-01	2.60e-01	1.17e-01	5.91e-02	7.37e-02	9.59e-03	4.17e-04
 1.54070e+23	2.18e-27	3.32e-17	2.66e-14	4.91e-12	1.98e-10	4.40e-09	9.81e-08	6.80e-05	3.28e-03	4.43e-02	1.61e-01	2.88e-01	2.59e-01	1.13e-01	5.56e-02	6.75e-02	8.49e-03	3.57e-04
 1.54605e+23	2.83e-27	4.21e-17	3.29e-14	5.92e-12	2.32e-10	5.00e-09	1.09e-07	7.35e-05	3.51e-03	4.68e-02	1.67e-01	2.92e-01	2.57e-01	1.10e-01	5.30e-02	6.31e-02	7.73e-03	3.17e-04
 1.55155e+23	4.03e-27	5.80e-17	4.39e-14	7.58e-12	2.87e-10	5.93e-09	1.24e-07	8.13e-05	3.82e-03	5.02e-02	1.75e-01	2.97e-01	2.54e-01	1.06e-01	4.97e-02	5.76e-02	6.81e-03	2.70e-04
 1.55714e+23	5.28e-27	7.40e-17	5.46e-14	9.16e-12	3.37e-10	6.77e-09	1.38e-07	8.81e-05	4.08e-03	5.29e-02	1.81e-01	3.01e-01	2.52e-01	1.02e-01	4.72e-02	5.36e-02	6.17e-03	2.38e-04
 1.56288e+23	7.55e-27	1.02e-16	7.30e-14	1.18e-11	4.16e-10	8.04e-09	1.58e-07	9.75e-05	4.44e-03	5.67e-02	1.89e-01	3.05e-01	2.48e-01	9.81e-02	4.40e-02	4.87e-02	5.41e-03	2.01e-04
 1.56871e+23	9.90e-27	1.30e-16	9.09e-14	1.42e-11	4.90e-10	9.19e-09	1.75e-07	1.06e-04	4.74e-03	5.97e-02	1.96e-01	3.08e-01	2.45e-01	9.47e-02	4.17e-02	4.52e-02	4.89e-03	1.77e-04
 1.57468e+23	1.42e-26	1.80e-16	1.22e-13	1.83e-11	6.07e-10	1.09e-08	2.01e-07	1.17e-04	5.16e-03	6.38e-02	2.04e-01	3.11e-01	2.41e-01	9.03e-02	3.88e-02	4.09e-02	4.26e-03	1.49e-04
 1.58076e+23	1.87e-26	2.30e-16	1.52e-13	2.22e-11	7.16e-10	1.25e-08	2.24e-07	1.27e-04	5.51e-03	6.72e-02	2.11e-01	3.13e-01	2.37e-01	8.70e-02	3.66e-02	3.78e-02	3.83e-03	1.31e-04
 1.58700e+23	6.61e-27	3.18e-16	2.03e-13	2.86e-11	8.89e-10	1.50e-08	2.58e-07	1.41e-04	5.99e-03	7.17e-02	2.20e-01	3.16e-01	2.32e-01	8.26e-02	3.39e-02	3.40e-02	3.33e-03	1.09e-04
 1.59309e+23	8.46e-27	3.95e-16	2.47e-13	3.40e-11	1.03e-09	1.69e-08	2.85e-07	1.52e-04	6.36e-03	7.50e-02	2.26e-01	3.17e-01	2.29e-01	7.97e-02	3.22e-02	3.17e-02	3.02e-03	9.67e-05
 1.59900e+23	1.19e-26	5.36e-16	3.25e-13	4.31e-11	1.26e-09	2.00e-08	3.25e-07	1.67e-04	6.87e-03	7.96e-02	2.34e-01	3.19e-01	2.24e-01	7.57e-02	2.98e-02	2.86e-02	2.63e-03	8.15e-05
 1.60500e+23	1.53e-26	6.67e-16	3.97e-13	5.13e-11	1.47e-09	2.27e-08	3.59e-07	1.80e-04	7.29e-03	8.32e-02	2.40e-01	3.20e-01	2.20e-01	7.28e-02	2.82e-02	2.65e-02	2.38e-03	7.19e-05
 1.61113e+23	2.14e-26	8.96e-16	5.18e-13	6.48e-11	1.79e-09	2.67e-08	4.10e-07	1.99e-04	7.87e-03	8.81e-02	2.49e-01	3.20e-01	2.14e-01	6.90e-02	2.61e-02	2.39e-02	2.08e-03	6.06e-05
 1.61745e+23	2.81e-26	1.14e-15	6.44e-13	7.83e-11	2.11e-09	3.06e-08	4.56e-07	2.15e-04	8.37e-03	9.22e-02	2.55e-01	3.20e-01	2.09e-01	6.59e-02	2.45e-02	2.20e-02	1.86e-03	5.27e-05
 1.62403e+23	3.95e-26	1.53e-15	8.44e-13	9.91e-11	2.59e-09	3.62e-08	5.23e-07	2.38e-04	9.05e-03	9.76e-02	2.63e-01	3.20e-01	2.03e-01	6.22e-02	2.26e-02	1.98e-02	1.61e-03	4.42e-05
 1.63082e+23	5.27e-26	1.97e-15	1.06e-12	1.21e-10	3.08e-09	4.18e-08	5.87e-07	2.59e-04	9.66e-03	1.02e-01	2.70e-01	3.20e-01	1.98e-01	5.92e-02	2.11e-02	1.80e-02	1.43e-03	3.80e-05
 1.63790e+23	7.52e-26	2.69e-15	1.40e-12	1.55e-10	3.81e-09	4.99e-08	6.76e-07	2.88e-04	1.05e-02	1.08e-01	2.79e-01	3.18e-01	1.92e-01	5.55e-02	1.93e-02	1.61e-02	1.23e-03	3.15e-05
 1.64517e+23	1.01e-25	3.49e-15	1.78e-12	1.91e-10	4.55e-09	5.79e-08	7.63e-07	3.15e-04	1.12e-02	1.14e-01	2.85e-01	3.17e-01	1.86e-01	5.26e-02	1.79e-02	1.46e-02	1.08e-03	2.68e-05
 1.65271e+23	1.47e-25	4.80e-15	2.38e-12	2.46e-10	5.68e-09	6.96e-08	8.84e-07	3.52e-04	1.22e-02	1.20e-01	2.94e-01	3.15e-01	1.79e-01	4.90e-02	1.63e-02	1.29e-02	9.19e-04	2.20e-05
 1.66050e+23	2.01e-25	6.30e-15	3.04e-12	3.06e-10	6.85e-09	8.14e-08	1.00e-06	3.86e-04	1.31e-02	1.26e-01	3.01e-01	3.13e-01	1.73e-01	4.61e-02	1.50e-02	1.16e-02	8.00e-04	1.85e-05
 1.66862e+23	2.95e-25	8.79e-15	4.12e-12	3.99e-10	8.63e-09	9.88e-08	1.17e-06	4.33e-04	1.42e-02	1.34e-01	3.09e-01	3.09e-01	1.66e-01	4.27e-02	1.36e-02	1.02e-02	6.73e-04	1.50e-05
 1.67694e+23	4.08e-25	1.16e-14	5.31e-12	4.99e-10	1.05e-08	1.16e-07	1.34e-06	4.77e-04	1.53e-02	1.40e-01	3.16e-01	3.06e-01	1.60e-01	4.00e-02	1.25e-02	9.10e-03	5.82e-04	1.25e-05
 1.68437e+23	5.53e-25	1.51e-14	6.75e-12	6.17e-10	1.26e-08	1.35e-07	1.51e-06	5.23e-04	1.63e-02	1.47e-01	3.22e-01	3.03e-01	1.54e-01	3.75e-02	1.15e-02	8.18e-03	5.06e-04	1.06e-05
 1.69290e+23	8.34e-25	2.15e-14	9.31e-12	8.18e-10	1.61e-08	1.66e-07	1.78e-06	5.90e-04	1.78e-02	1.56e-01	3.30e-01	2.98e-01	1.46e-01	3.44e-02	1.02e-02	7.06e-03	4.19e-04	8.36e-06
 1.70150e+23	1.13e-24	2.79e-14	1.18e-11	1.01e-09	1.93e-08	1.94e-07	2.02e-06	6.47e-04	1.91e-02	1.63e-01	3.36e-01	2.94e-01	1.40e-01	3.22e-02	9.37e-03	6.33e-03	3.63e-04	7.02e-06
 1.71019e+23	1.70e-24	3.96e-14	1.62e-11	1.34e-09	2.46e-08	2.37e-07	2.38e-06	7.29e-04	2.08e-02	1.72e-01	3.43e-01	2.88e-01	1.32e-01	2.94e-02	8.33e-03	5.45e-03	2.99e-04	5.54e-06
 1.71905e+23	2.35e-24	5.23e-14	2.09e-11	1.67e-09	2.98e-08	2.79e-07	2.71e-06	8.03e-04	2.23e-02	1.79e-01	3.49e-01	2.83e-01	1.26e-01	2.72e-02	7.58e-03	4.83e-03	2.56e-04	4.58e-06
 1.72814e+23	3.57e-24	7.46e-14	2.89e-11	2.22e-09	3.81e-08	3.42e-07	3.20e-06	9.06e-04	2.43e-02	1.89e-01	3.55e-01	2.76e-01	1.19e-01	2.47e-02	6.69e-03	4.13e-03	2.09e-04	3.58e-06
 1.73737e+23	5.00e-24	9.96e-14	3.76e-11	2.80e-09	4.66e-08	4.05e-07	3.67e-06	1.00e-03	2.60e-02	1.98e-01	3.60e-01	2.70e-01	1.13e-01	2.28e-02	6.04e-03	3.63e-03	1.77e-04	2.92e-06
 1.74681e+23	7.72e-24	1.45e-13	5.28e-11	3.76e-09	6.03e-08	5.02e-07	4.37e-06	1.13e-03	2.84e-02	2.09e-01	3.66e-01	2.62e-01	1.05e-01	2.05e-02	5.28e-03	3.06e-03	1.42e-04	2.24e-06
 1.75574e+23	1.03e-23	1.85e-13	6.60e-11	4.58e-09	7.15e-08	5.80e-07	4.90e-06	1.23e-03	3.02e-02	2.16e-01	3.69e-01	2.56e-01	1.00e-01	1.90e-02	4.83e-03	2.73e-03	1.23e-04	1.87e-06
 1.76400e+23	1.51e-23	2.56e-13	8.88e-11	5.94e-09	8.96e-08	7.00e-07	5.71e-06	1.38e-03	3.25e-02	2.26e-01	3.74e-01	2.48e-01	9.42e-02	1.72e-02	4.27e-03	2.34e-03	1.01e-04	1.47e-06
 1.77232e+23	2.01e-23	3.28e-13	1.11e-10	7.23e-09	1.06e-07	8.08e-07	6.42e-06	1.50e-03	3.45e-02	2.34e-01	3.76e-01	2.43e-01	8.95e-02	1.60e-02	3.89e-03	2.08e-03	8.70e-05	1.23e-06
 1.78073e+23	2.97e-23	4.57e-13	1.50e-10	9.41e-09	1.34e-07	9.79e-07	7.50e-06	1.67e-03	3.72e-02	2.44e-01	3.80e-01	2.34e-01	8.35e-02	1.44e-02	3.43e-03	1.77e-03	7.07e-05	9.54e-07
 1.78922e+23	4.00e-23	5.89e-13	1.89e-10	1.15e-08	1.60e-07	1.14e-06	8.46e-06	1.82e-03	3.94e-02	2.52e-01	3.82e-01	2.28e-01	7.90e-02	1.32e-02	3.10e-03	1.56e-03	6.02e-05	7.86e-07
 1.79781e+23	5.92e-23	8.24e-13	2.56e-10	1.50e-08	2.01e-07	1.38e-06	9.93e-06	2.04e-03	4.25e-02	2.63e-01	3.84e-01	2.19e-01	7.32e-02	1.18e-02	2.71e-03	1.32e-03	4.85e-05	6.04e-07
 1.80653e+23	8.04e-23	1.07e-12	3.24e-10	1.85e-08	2.42e-07	1.61e-06	1.12e-05	2.23e-03	4.51e-02	2.72e-01	3.85e-01	2.12e-01	6.89e-02	1.08e-02	2.44e-03	1.15e-03	4.09e-05	4.92e-07
 1.81541e+23	1.20e-22	1.51e-12	4.43e-10	2.43e-08	3.07e-07	1.97e-06	1.33e-05	2.50e-03	4.88e-02	2.84e-01	3.87e-01	2.02e-01	6.33e-02	9.60e-03	2.11e-03	9.59e-04	3.24e-05	3.71e-07
 1.82441e+23	1.64e-22	1.96e-12	5.63e-10	3.01e-08	3.70e-07	2.31e-06	1.51e-05	2.74e-03	5.18e-02	2.93e-01	3.87e-01	1.95e-01	5.93e-02	8.73e-03	1.89e-03	8.33e-04	2.71e-05	2.99e-07
 1.83357e+23	2.47e-22	2.78e-12	7.72e-10	3.97e-08	4.73e-07	2.84e-06	1.79e-05	3.09e-03	5.60e-02	3.05e-01	3.87e-01	1.85e-01	5.41e-02	7.66e-03	1.62e-03	6.87e-04	2.12e-05	2.23e-07
 1.84294e+23	3.43e-22	3.67e-12	9.94e-10	4.96e-08	5.76e-07	3.36e-06	2.06e-05	3.40e-03	5.96e-02	3.15e-01	3.86e-01	1.77e-01	5.02e-02	6.88e-03	1.43e-03	5.86e-04	1.74e-05	1.75e-07
 1.85257e+23	5.24e-22	5.24e-12	1.37e-09	6.60e-08	7.44e-07	4.19e-06	2.47e-05	3.86e-03	6.47e-02	3.28e-01	3.84e-01	1.67e-01	4.53e-02	5.96e-03	1.21e-03	4.75e-04	1.33e-05	1.27e-07
 1.86234e+23	7.30e-22	6.93e-12	1.77e-09	8.28e-08	9.11e-07	4.98e-06	2.86e-05	4.27e-03	6.90e-02	3.38e-01	3.82e-01	1.58e-01	4.16e-02	5.31e-03	1.06e-03	4.01e-04	1.08e-05	0.00e+00
 1.87198e+23	1.09e-21	9.70e-12	2.41e-09	1.09e-07	1.17e-06	6.17e-06	3.42e-05	4.83e-03	7.46e-02	3.51e-01	3.78e-01	1.48e-01	3.74e-02	4.58e-03	8.93e-04	3.24e-04	8.25e-06	0.00e+00
 1.88119e+23	1.46e-21	1.24e-11	3.01e-09	1.33e-07	1.40e-06	7.21e-06	3.90e-05	5.28e-03	7.89e-02	3.60e-01	3.75e-01	1.41e-01	3.45e-02	4.10e-03	7.89e-04	2.77e-04	6.77e-06	0.00e+00
 1.89014e+23	2.12e-21	1.68e-11	4.00e-09	1.72e-07	1.77e-06	8.84e-06	4.64e-05	5.95e-03	8.50e-02	3.72e-01	3.70e-01	1.32e-01	3.10e-02	3.54e-03	6.67e-04	2.25e-04	5.20e-06	0.00e+00
 1.89927e+23	2.85e-21	2.14e-11	5.00e-09	2.10e-07	2.13e-06	1.04e-05	5.33e-05	6.54e-03	9.01e-02	3.82e-01	3.65e-01	1.24e-01	2.83e-02	3.14e-03	5.83e-04	1.89e-04	4.20e-06	0.00e+00
 1.90816e+23	4.03e-21	2.83e-11	6.47e-09	2.67e-07	2.65e-06	1.26e-05	6.29e-05	7.33e-03	9.66e-02	3.93e-01	3.59e-01	1.16e-01	2.54e-02	2.71e-03	4.94e-04	1.54e-04	3.25e-06	0.00e+00
 1.91724e+23	5.42e-21	3.60e-11	8.10e-09	3.28e-07	3.21e-06	1.49e-05	7.28e-05	8.10e-03	1.03e-01	4.02e-01	3.53e-01	1.08e-01	2.30e-02	2.37e-03	4.27e-04	1.28e-04	2.58e-06	0.00e+00
 1.92610e+23	7.42e-21	4.62e-11	1.02e-08	4.08e-07	3.94e-06	1.79e-05	8.53e-05	9.02e-03	1.09e-01	4.12e-01	3.45e-01	1.01e-01	2.06e-02	2.05e-03	3.63e-04	1.05e-04	2.00e-06	0.00e+00
 1.93512e+23	9.97e-21	5.83e-11	1.28e-08	5.01e-07	4.78e-06	2.13e-05	9.93e-05	1.00e-02	1.16e-01	4.21e-01	3.38e-01	9.38e-02	1.85e-02	1.78e-03	3.11e-04	8.59e-05	1.57e-06	0.00e+00
 1.94409e+23	1.34e-20	7.33e-11	1.59e-08	6.17e-07	5.82e-06	2.54e-05	1.16e-04	1.11e-02	1.24e-01	4.30e-01	3.30e-01	8.68e-02	1.66e-02	1.54e-03	2.64e-04	7.01e-05	1.22e-06	0.00e+00
 1.95309e+23	1.79e-20	9.09e-11	1.96e-08	7.53e-07	7.05e-06	3.01e-05	1.35e-04	1.23e-02	1.31e-01	4.38e-01	3.21e-01	8.03e-02	1.48e-02	1.33e-03	2.24e-04	5.72e-05	9.49e-07	0.00e+00
 1.96200e+23	2.36e-20	1.12e-10	2.39e-08	9.14e-07	8.50e-06	3.57e-05	1.57e-04	1.36e-02	1.39e-01	4.46e-01	3.12e-01	7.42e-02	1.32e-02	1.14e-03	1.91e-04	4.67e-05	7.38e-07	0.00e+00
 1.97089e+23	3.10e-20	1.36e-10	2.91e-08	1.11e-06	1.02e-05	4.21e-05	1.83e-04	1.51e-02	1.48e-01	4.53e-01	3.02e-01	6.84e-02	1.18e-02	9.86e-04	1.62e-04	3.81e-05	5.74e-07	0.00e+00
 1.97981e+23	4.06e-20	1.64e-10	3.52e-08	1.33e-06	1.23e-05	4.97e-05	2.13e-04	1.67e-02	1.56e-01	4.60e-01	2.93e-01	6.29e-02	1.05e-02	8.47e-04	1.37e-04	3.10e-05	4.45e-07	0.00e+00
 1.98877e+23	5.30e-20	1.97e-10	4.23e-08	1.60e-06	1.47e-05	5.85e-05	2.47e-04	1.84e-02	1.65e-01	4.66e-01	2.83e-01	5.77e-02	9.28e-03	7.27e-04	1.16e-04	2.52e-05	3.44e-07	0.00e+00
 1.99778e+23	6.92e-20	2.35e-10	5.07e-08	1.91e-06	1.75e-05	6.89e-05	2.87e-04	2.03e-02	1.74e-01	4.71e-01	2.72e-01	5.29e-02	8.22e-03	6.23e-04	9.79e-05	2.04e-05	2.66e-07	0.00e+00
 2.00689e+23	9.04e-20	2.78e-10	6.06e-08	2.28e-06	2.09e-05	8.09e-05	3.33e-04	2.25e-02	1.84e-01	4.75e-01	2.62e-01	4.83e-02	7.27e-03	5.33e-04	8.24e-05	1.65e-05	2.05e-07	0.00e+00
 2.01612e+23	1.18e-19	3.28e-10	7.22e-08	2.72e-06	2.48e-05	9.51e-05	3.87e-04	2.48e-02	1.94e-01	4.78e-01	2.51e-01	4.41e-02	6.41e-03	4.54e-04	6.93e-05	1.33e-05	1.58e-07	0.00e+00
 2.02539e+23	1.55e-19	3.83e-10	8.55e-08	3.23e-06	2.95e-05	1.11e-04	4.48e-04	2.73e-02	2.04e-01	4.81e-01	2.41e-01	4.01e-02	5.65e-03	3.88e-04	5.82e-05	1.08e-05	1.21e-07	0.00e+00
 2.03481e+23	2.06e-19	4.47e-10	1.01e-07	3.85e-06	3.51e-05	1.31e-04	5.21e-04	3.01e-02	2.15e-01	4.83e-01	2.30e-01	3.64e-02	4.96e-03	3.29e-04	4.86e-05	8.63e-06	0.00e+00	0.00e+00
 2.04435e+23	2.75e-19	5.19e-10	1.20e-07	4.55e-06	4.15e-05	1.53e-04	6.04e-04	3.32e-02	2.25e-01	4.84e-01	2.19e-01	3.30e-02	4.36e-03	2.79e-04	4.07e-05	6.94e-06	0.00e+00	0.00e+00
 2.05409e+23	3.75e-19	6.01e-10	1.42e-07	5.41e-06	4.94e-05	1.79e-04	7.04e-04	3.66e-02	2.37e-01	4.84e-01	2.08e-01	2.97e-02	3.80e-03	2.35e-04	3.37e-05	5.51e-06	0.00e+00	0.00e+00
 2.06313e+23	4.93e-19	6.78e-10	1.63e-07	6.22e-06	5.67e-05	2.04e-04	7.93e-04	3.96e-02	2.46e-01	4.83e-01	1.99e-01	2.73e-02	3.41e-03	2.05e-04	2.91e-05	4.59e-06	0.00e+00	0.00e+00
 2.07244e+23	7.09e-19	7.84e-10	1.93e-07	7.41e-06	6.76e-05	2.40e-04	9.28e-04	4.38e-02	2.58e-01	4.81e-01	1.88e-01	2.44e-02	2.95e-03	1.72e-04	2.39e-05	3.61e-06	0.00e+00	0.00e+00
 2.08194e+23	9.87e-19	8.84e-10	2.22e-07	8.53e-06	7.77e-05	2.73e-04	1.05e-03	4.73e-02	2.68e-01	4.79e-01	1.79e-01	2.24e-02	2.63e-03	1.49e-04	2.04e-05	2.99e-06	0.00e+00	0.00e+00
 2.09169e+23	1.56e-18	1.02e-09	2.65e-07	1.02e-05	9.29e-05	3.21e-04	1.23e-03	5.24e-02	2.80e-01	4.75e-01	1.68e-01	1.98e-02	2.26e-03	1.23e-04	1.66e-05	2.33e-06	0.00e+00	0.00e+00
 2.10145e+23	8.31e-18	1.15e-09	3.04e-07	1.17e-05	1.06e-04	3.64e-04	1.38e-03	5.64e-02	2.90e-01	4.72e-01	1.60e-01	1.81e-02	2.02e-03	1.07e-04	1.42e-05	1.93e-06	0.00e+00	0.00e+00
 2.11125e+23	8.10e-16	1.32e-09	3.62e-07	1.39e-05	1.26e-04	4.26e-04	1.61e-03	6.21e-02	3.02e-01	4.66e-01	1.50e-01	1.61e-02	1.73e-03	8.88e-05	1.16e-05	1.51e-06	0.00e+00	0.00e+00
 2.12112e+23	1.03e-15	1.49e-09	4.15e-07	1.59e-05	1.44e-04	4.81e-04	1.81e-03	6.67e-02	3.12e-01	4.61e-01	1.42e-01	1.47e-02	1.54e-03	7.69e-05	9.93e-06	1.25e-06	0.00e+00	0.00e+00
 2.13107e+23	1.37e-15	1.71e-09	4.95e-07	1.89e-05	1.71e-04	5.62e-04	2.10e-03	7.32e-02	3.24e-01	4.54e-01	1.32e-01	1.30e-02	1.32e-03	6.37e-05	8.08e-06	9.71e-07	0.00e+00	0.00e+00
 2.14112e+23	1.71e-15	1.93e-09	5.69e-07	2.17e-05	1.96e-04	6.34e-04	2.35e-03	7.85e-02	3.33e-01	4.47e-01	1.25e-01	1.18e-02	1.17e-03	5.51e-05	6.89e-06	8.01e-07	0.00e+00	0.00e+00
 2.15129e+23	2.23e-15	2.23e-09	6.80e-07	2.58e-05	2.31e-04	7.38e-04	2.72e-03	8.59e-02	3.45e-01	4.38e-01	1.16e-01	1.04e-02	1.01e-03	4.55e-05	5.59e-06	6.23e-07	0.00e+00	0.00e+00
 2.16158e+23	2.77e-15	2.51e-09	7.86e-07	2.97e-05	2.64e-04	8.31e-04	3.04e-03	9.20e-02	3.54e-01	4.31e-01	1.09e-01	9.38e-03	8.90e-04	3.92e-05	4.75e-06	5.12e-07	0.00e+00	0.00e+00
 2.17205e+23	3.60e-15	2.92e-09	9.43e-07	3.54e-05	3.13e-04	9.67e-04	3.52e-03	1.00e-01	3.65e-01	4.20e-01	1.00e-01	8.22e-03	7.58e-04	3.22e-05	3.84e-06	3.96e-07	0.00e+00	0.00e+00
 2.18270e+23	4.47e-15	3.32e-09	1.10e-06	4.08e-05	3.58e-04	1.09e-03	3.93e-03	1.07e-01	3.74e-01	4.11e-01	9.40e-02	7.40e-03	6.68e-04	2.76e-05	3.24e-06	3.23e-07	0.00e+00	0.00e+00
 2.19359e+23	5.82e-15	3.89e-09	1.33e-06	4.89e-05	4.24e-04	1.27e-03	4.55e-03	1.17e-01	3.84e-01	3.99e-01	8.61e-02	6.45e-03	5.65e-04	2.26e-05	2.60e-06	2.48e-07	0.00e+00	0.00e+00
 2.20472e+23	7.24e-15	4.47e-09	1.56e-06	5.67e-05	4.87e-04	1.43e-03	5.08e-03	1.25e-01	3.92e-01	3.89e-01	8.02e-02	5.77e-03	4.95e-04	1.92e-05	2.18e-06	2.00e-07	0.00e+00	0.00e+00
 2.21616e+23	9.51e-15	5.31e-09	1.91e-06	6.86e-05	5.80e-04	1.67e-03	5.88e-03	1.36e-01	4.02e-01	3.76e-01	7.28e-02	4.98e-03	4.15e-04	1.55e-05	1.73e-06	1.52e-07	0.00e+00	0.00e+00
 2.22786e+23	1.20e-14	6.18e-09	2.26e-06	8.01e-05	6.68e-04	1.89e-03	6.57e-03	1.45e-01	4.09e-01	3.65e-01	6.74e-02	4.43e-03	3.61e-04	1.31e-05	1.44e-06	1.22e-07	0.00e+00	0.00e+00
 2.23771e+23	1.46e-14	7.05e-09	2.62e-06	9.17e-05	7.55e-04	2.10e-03	7.25e-03	1.53e-01	4.15e-01	3.55e-01	6.29e-02	3.99e-03	3.19e-04	1.13e-05	1.22e-06	0.00e+00	0.00e+00	0.00e+00
 2.24832e+23	1.87e-14	8.35e-09	3.17e-06	1.09e-04	8.83e-04	2.40e-03	8.22e-03	1.65e-01	4.21e-01	3.41e-01	5.73e-02	3.48e-03	2.71e-04	9.28e-06	9.86e-07	0.00e+00	0.00e+00	0.00e+00
 2.25868e+23	2.26e-14	9.51e-09	3.65e-06	1.24e-04	9.90e-04	2.65e-03	8.97e-03	1.73e-01	4.26e-01	3.32e-01	5.35e-02	3.15e-03	2.41e-04	8.05e-06	8.45e-07	0.00e+00	0.00e+00	0.00e+00
 2.26871e+23	2.85e-14	1.12e-08	4.37e-06	1.46e-04	1.15e-03	3.00e-03	1.01e-02	1.84e-01	4.31e-01	3.19e-01	4.88e-02	2.76e-03	2.06e-04	6.68e-06	6.90e-07	0.00e+00	0.00e+00	0.00e+00
 2.27884e+23	3.47e-14	1.29e-08	5.07e-06	1.67e-04	1.28e-03	3.30e-03	1.10e-02	1.93e-01	4.34e-01	3.09e-01	4.56e-02	2.49e-03	1.83e-04	5.79e-06	5.91e-07	0.00e+00	0.00e+00	0.00e+00
 2.28910e+23	4.43e-14	1.53e-08	6.10e-06	1.97e-04	1.49e-03	3.73e-03	1.23e-02	2.05e-01	4.38e-01	2.96e-01	4.14e-02	2.18e-03	1.56e-04	4.79e-06	4.81e-07	0.00e+00	0.00e+00	0.00e+00
 2.29950e+23	5.42e-14	1.77e-08	7.11e-06	2.26e-04	1.67e-03	4.11e-03	1.33e-02	2.14e-01	4.40e-01	2.86e-01	3.85e-02	1.96e-03	1.38e-04	4.13e-06	4.09e-07	0.00e+00	0.00e+00	0.00e+00
 2.31008e+23	6.98e-14	2.13e-08	8.63e-06	2.68e-04	1.94e-03	4.65e-03	1.49e-02	2.27e-01	4.42e-01	2.73e-01	3.48e-02	1.70e-03	1.17e-04	3.40e-06	3.31e-07	0.00e+00	0.00e+00	0.00e+00
