#depth	Si	Si+	Si+2	Si+3	Si+4	Si+5	Si+6	Si+7	Si+8	Si+9	Si+10	Si+11	Si+12	Si+13	Si+14
 1.54284e+22	0.00e+00	0.00e+00	0.00e+00	0.00e+00	7.05e-28	1.18e-23	5.92e-20	9.78e-17	7.08e-14	2.51e-11	5.71e-09	1.29e-06	6.87e-04	4.69e-02	9.52e-01
 3.57801e+22	0.00e+00	0.00e+00	0.00e+00	2.59e-31	1.87e-26	2.23e-22	8.08e-19	9.62e-16	4.98e-13	1.27e-10	2.08e-08	3.38e-06	1.30e-03	6.39e-02	9.35e-01
 4.43266e+22	0.00e+00	0.00e+00	0.00e+00	3.45e-30	1.96e-25	1.85e-21	5.28e-18	4.95e-15	2.01e-12	4.04e-10	5.24e-08	6.74e-06	2.05e-03	7.96e-02	9.18e-01
 5.08483e+22	0.00e+00	0.00e+00	0.00e+00	2.71e-29	1.28e-24	1.00e-20	2.36e-17	1.83e-14	6.13e-12	1.02e-09	1.09e-07	1.17e-05	2.94e-03	9.45e-02	9.03e-01
 5.44715e+22	0.00e+00	0.00e+00	0.00e+00	4.60e-29	2.07e-24	1.54e-20	3.46e-17	2.55e-14	8.15e-12	1.29e-09	1.32e-07	1.34e-05	3.22e-03	9.88e-02	8.98e-01
 5.56772e+22	0.00e+00	0.00e+00	0.00e+00	6.47e-29	2.83e-24	2.04e-20	4.43e-17	3.16e-14	9.80e-12	1.50e-09	1.49e-07	1.47e-05	3.42e-03	1.02e-01	8.95e-01
 5.67837e+22	0.00e+00	0.00e+00	3.42e-33	9.96e-29	4.18e-24	2.89e-20	6.06e-17	4.16e-14	1.23e-11	1.81e-09	1.74e-07	1.64e-05	3.68e-03	1.05e-01	8.91e-01
 5.79484e+22	0.00e+00	0.00e+00	5.19e-33	1.46e-28	5.93e-24	3.96e-20	8.01e-17	5.30e-14	1.52e-11	2.15e-09	1.99e-07	1.82e-05	3.94e-03	1.09e-01	8.87e-01
 5.90176e+22	0.00e+00	0.00e+00	7.85e-33	2.14e-28	8.38e-24	5.41e-20	1.06e-16	6.75e-14	1.87e-11	2.56e-09	2.28e-07	2.02e-05	4.21e-03	1.12e-01	8.84e-01
 6.00392e+22	0.00e+00	0.00e+00	1.15e-32	3.05e-28	1.16e-23	7.24e-20	1.37e-16	8.46e-14	2.27e-11	3.00e-09	2.59e-07	2.21e-05	4.48e-03	1.15e-01	8.80e-01
 6.11697e+22	0.00e+00	0.00e+00	1.84e-32	4.69e-28	1.71e-23	1.03e-19	1.87e-16	1.11e-13	2.85e-11	3.63e-09	3.02e-07	2.48e-05	4.82e-03	1.19e-01	8.76e-01
 6.23450e+22	0.00e+00	0.00e+00	2.79e-32	6.88e-28	2.43e-23	1.41e-19	2.47e-16	1.42e-13	3.51e-11	4.31e-09	3.46e-07	2.74e-05	5.15e-03	1.23e-01	8.72e-01
 6.33942e+22	0.00e+00	0.00e+00	4.16e-32	9.96e-28	3.40e-23	1.91e-19	3.23e-16	1.79e-13	4.29e-11	5.09e-09	3.95e-07	3.03e-05	5.49e-03	1.27e-01	8.68e-01
 6.45737e+22	0.00e+00	0.00e+00	6.69e-32	1.55e-27	5.07e-23	2.73e-19	4.44e-16	2.36e-13	5.44e-11	6.19e-09	4.62e-07	3.40e-05	5.92e-03	1.31e-01	8.63e-01
 6.58058e+22	0.00e+00	0.00e+00	1.05e-31	2.34e-27	7.41e-23	3.84e-19	6.01e-16	3.08e-13	6.81e-11	7.46e-09	5.36e-07	3.79e-05	6.36e-03	1.36e-01	8.58e-01
 6.68312e+22	0.00e+00	0.00e+00	1.54e-31	3.33e-27	1.02e-22	5.12e-19	7.76e-16	3.85e-13	8.24e-11	8.73e-09	6.07e-07	4.16e-05	6.75e-03	1.39e-01	8.54e-01
 6.77489e+22	0.00e+00	0.00e+00	2.19e-31	4.61e-27	1.37e-22	6.69e-19	9.84e-16	4.73e-13	9.82e-11	1.01e-08	6.82e-07	4.53e-05	7.14e-03	1.43e-01	8.50e-01
 6.88017e+22	0.00e+00	0.00e+00	3.34e-31	6.80e-27	1.96e-22	9.19e-19	1.30e-15	6.05e-13	1.21e-10	1.20e-08	7.83e-07	5.02e-05	7.63e-03	1.47e-01	8.45e-01
 6.99468e+22	0.00e+00	0.00e+00	5.07e-31	9.99e-27	2.78e-22	1.26e-18	1.73e-15	7.72e-13	1.49e-10	1.43e-08	8.98e-07	5.56e-05	8.15e-03	1.52e-01	8.40e-01
 7.10173e+22	0.00e+00	0.00e+00	7.59e-31	1.45e-26	3.90e-22	1.71e-18	2.26e-15	9.78e-13	1.83e-10	1.69e-08	1.03e-06	6.13e-05	8.69e-03	1.56e-01	8.35e-01
 7.20256e+22	0.00e+00	0.00e+00	1.12e-30	2.07e-26	5.41e-22	2.29e-18	2.94e-15	1.23e-12	2.22e-10	1.98e-08	1.16e-06	6.73e-05	9.23e-03	1.61e-01	8.30e-01
 7.29773e+22	0.00e+00	0.00e+00	1.60e-30	2.88e-26	7.29e-22	3.00e-18	3.73e-15	1.51e-12	2.65e-10	2.29e-08	1.31e-06	7.34e-05	9.76e-03	1.65e-01	8.25e-01
 7.40444e+22	0.00e+00	0.00e+00	2.45e-30	4.27e-26	1.05e-21	4.15e-18	4.97e-15	1.94e-12	3.28e-10	2.74e-08	1.51e-06	8.14e-05	1.04e-02	1.70e-01	8.20e-01
 7.51775e+22	0.00e+00	0.00e+00	3.77e-30	6.35e-26	1.50e-21	5.74e-18	6.64e-15	2.50e-12	4.06e-10	3.27e-08	1.73e-06	9.03e-05	1.12e-02	1.75e-01	8.14e-01
 7.61787e+22	0.00e+00	0.00e+00	5.45e-30	8.92e-26	2.05e-21	7.59e-18	8.50e-15	3.10e-12	4.89e-10	3.81e-08	1.96e-06	9.87e-05	1.18e-02	1.80e-01	8.08e-01
 7.72625e+22	0.00e+00	0.00e+00	8.49e-30	1.34e-25	2.97e-21	1.06e-17	1.14e-14	4.02e-12	6.10e-10	4.57e-08	2.26e-06	1.10e-04	1.27e-02	1.85e-01	8.02e-01
 7.84221e+22	0.00e+00	0.00e+00	1.32e-29	2.02e-25	4.30e-21	1.48e-17	1.54e-14	5.21e-12	7.60e-10	5.49e-08	2.61e-06	1.22e-04	1.36e-02	1.91e-01	7.96e-01
 7.94194e+22	0.00e+00	0.00e+00	1.90e-29	2.82e-25	5.84e-21	1.95e-17	1.96e-14	6.44e-12	9.12e-10	6.38e-08	2.94e-06	1.33e-04	1.43e-02	1.96e-01	7.90e-01
 8.04546e+22	0.00e+00	0.00e+00	2.90e-29	4.17e-25	8.36e-21	2.69e-17	2.62e-14	8.27e-12	1.13e-09	7.61e-08	3.38e-06	1.48e-04	1.53e-02	2.01e-01	7.83e-01
 8.15565e+22	0.00e+00	0.00e+00	4.38e-29	6.09e-25	1.18e-20	3.67e-17	3.45e-14	1.05e-11	1.39e-09	9.03e-08	3.87e-06	1.63e-04	1.63e-02	2.07e-01	7.77e-01
 8.25561e+22	0.00e+00	0.00e+00	6.44e-29	8.68e-25	1.63e-20	4.91e-17	4.46e-14	1.32e-11	1.68e-09	1.06e-07	4.39e-06	1.79e-04	1.73e-02	2.12e-01	7.70e-01
 8.36669e+22	0.00e+00	1.61e-33	1.04e-28	1.35e-24	2.43e-20	7.04e-17	6.14e-14	1.74e-11	2.13e-09	1.29e-07	5.13e-06	2.01e-04	1.86e-02	2.19e-01	7.62e-01
 8.48088e+22	0.00e+00	2.51e-33	1.57e-28	1.97e-24	3.46e-20	9.65e-17	8.13e-14	2.22e-11	2.63e-09	1.53e-07	5.88e-06	2.22e-04	1.98e-02	2.25e-01	7.55e-01
 8.57703e+22	0.00e+00	2.68e-33	1.64e-28	1.99e-24	4.71e-20	1.27e-16	1.04e-13	2.76e-11	3.16e-09	1.78e-07	6.63e-06	2.42e-04	2.10e-02	2.30e-01	7.49e-01
 8.67995e+22	0.00e+00	4.32e-33	2.54e-28	2.99e-24	6.82e-20	1.78e-16	1.40e-13	3.57e-11	3.94e-09	2.14e-07	7.66e-06	2.69e-04	2.24e-02	2.37e-01	7.41e-01
 8.78721e+22	0.00e+00	6.64e-33	3.80e-28	4.33e-24	9.54e-20	2.41e-16	1.83e-13	4.52e-11	4.81e-09	2.53e-07	8.72e-06	2.96e-04	2.38e-02	2.43e-01	7.33e-01
 8.88335e+22	0.00e+00	9.96e-33	5.54e-28	6.12e-24	1.31e-19	3.20e-16	2.36e-13	5.63e-11	5.81e-09	2.96e-07	9.86e-06	3.24e-04	2.52e-02	2.48e-01	7.26e-01
 8.99157e+22	0.00e+00	1.64e-32	8.84e-28	9.39e-24	1.94e-19	4.54e-16	3.22e-13	7.40e-11	7.34e-09	3.59e-07	1.15e-05	3.62e-04	2.70e-02	2.56e-01	7.17e-01
 9.10379e+22	0.00e+00	2.63e-32	1.36e-27	1.40e-23	2.78e-19	6.30e-16	4.30e-13	9.54e-11	9.12e-09	4.29e-07	1.32e-05	4.01e-04	2.88e-02	2.62e-01	7.08e-01
 9.19787e+22	0.00e+00	3.92e-32	1.98e-27	1.97e-23	3.80e-19	8.35e-16	5.52e-13	1.19e-10	1.10e-08	5.01e-07	1.49e-05	4.38e-04	3.05e-02	2.68e-01	7.01e-01
 9.28356e+22	0.00e+00	5.76e-32	2.83e-27	2.73e-23	5.13e-19	1.09e-15	7.01e-13	1.46e-10	1.31e-08	5.81e-07	1.67e-05	4.76e-04	3.21e-02	2.74e-01	6.93e-01
 9.38170e+22	0.00e+00	9.28e-32	4.41e-27	4.10e-23	7.43e-19	1.52e-15	9.43e-13	1.89e-10	1.64e-08	6.98e-07	1.93e-05	5.28e-04	3.43e-02	2.81e-01	6.84e-01
 9.48417e+22	0.00e+00	1.41e-31	6.49e-27	5.83e-23	1.03e-18	2.04e-15	1.22e-12	2.37e-10	1.99e-08	8.19e-07	2.19e-05	5.79e-04	3.62e-02	2.87e-01	6.76e-01
 9.59228e+22	0.00e+00	2.40e-31	1.07e-26	9.18e-23	1.55e-18	2.96e-15	1.70e-12	3.17e-10	2.55e-08	1.01e-06	2.57e-05	6.50e-04	3.89e-02	2.95e-01	6.65e-01
 9.70050e+22	0.00e+00	3.78e-31	1.63e-26	1.35e-22	2.21e-18	4.07e-15	2.25e-12	4.05e-10	3.15e-08	1.20e-06	2.95e-05	7.17e-04	4.14e-02	3.02e-01	6.55e-01
 9.78783e+22	0.00e+00	5.61e-31	2.34e-26	1.88e-22	3.00e-18	5.34e-15	2.87e-12	5.01e-10	3.78e-08	1.39e-06	3.32e-05	7.81e-04	4.36e-02	3.08e-01	6.47e-01
 9.88033e+22	0.00e+00	8.80e-31	3.56e-26	2.76e-22	4.25e-18	7.32e-15	3.80e-12	6.39e-10	4.65e-08	1.66e-06	3.79e-05	8.61e-04	4.63e-02	3.15e-01	6.37e-01
 9.97868e+22	0.00e+00	1.36e-30	5.33e-26	3.99e-22	5.95e-18	9.92e-15	4.97e-12	8.10e-10	5.70e-08	1.96e-06	4.32e-05	9.45e-04	4.90e-02	3.22e-01	6.28e-01
 1.00673e+23	0.00e+00	2.04e-30	7.74e-26	5.61e-22	8.13e-18	1.31e-14	6.38e-12	1.01e-09	6.87e-08	2.29e-06	4.87e-05	1.03e-03	5.17e-02	3.28e-01	6.19e-01
 1.01652e+23	0.00e+00	3.43e-30	1.25e-25	8.69e-22	1.21e-17	1.88e-14	8.79e-12	1.33e-09	8.73e-08	2.79e-06	5.68e-05	1.15e-03	5.53e-02	3.36e-01	6.07e-01
 1.02638e+23	0.00e+00	5.18e-30	1.83e-25	1.23e-21	1.67e-17	2.51e-14	1.13e-11	1.66e-09	1.06e-07	3.27e-06	6.42e-05	1.26e-03	5.83e-02	3.43e-01	5.98e-01
 1.03482e+23	0.00e+00	7.76e-30	2.66e-25	1.73e-21	2.28e-17	3.32e-14	1.45e-11	2.07e-09	1.27e-07	3.81e-06	7.24e-05	1.37e-03	6.14e-02	3.49e-01	5.88e-01
 1.04296e+23	0.00e+00	1.13e-29	3.77e-25	2.37e-21	3.04e-17	4.30e-14	1.83e-11	2.53e-09	1.51e-07	4.40e-06	8.09e-05	1.48e-03	6.44e-02	3.54e-01	5.80e-01
 1.05220e+23	0.00e+00	1.83e-29	5.89e-25	3.55e-21	4.41e-17	6.01e-14	2.46e-11	3.28e-09	1.89e-07	5.29e-06	9.32e-05	1.64e-03	6.84e-02	3.62e-01	5.68e-01
 1.06167e+23	0.00e+00	2.80e-29	8.74e-25	5.09e-21	6.12e-17	8.08e-14	3.20e-11	4.13e-09	2.31e-07	6.23e-06	1.06e-04	1.79e-03	7.22e-02	3.68e-01	5.58e-01
 1.06993e+23	0.00e+00	3.42e-29	1.03e-24	7.11e-21	8.33e-17	1.07e-13	4.10e-11	5.11e-09	2.77e-07	7.26e-06	1.19e-04	1.95e-03	7.59e-02	3.74e-01	5.48e-01
 1.07915e+23	0.00e+00	5.67e-29	1.65e-24	1.08e-20	1.23e-16	1.51e-13	5.58e-11	6.70e-09	3.50e-07	8.80e-06	1.38e-04	2.17e-03	8.07e-02	3.81e-01	5.36e-01
 1.08827e+23	0.00e+00	8.36e-29	2.36e-24	1.50e-20	1.65e-16	1.97e-13	7.08e-11	8.25e-09	4.19e-07	1.02e-05	1.55e-04	2.35e-03	8.47e-02	3.87e-01	5.26e-01
 1.09726e+23	0.00e+00	1.37e-28	3.72e-24	2.26e-20	2.41e-16	2.77e-13	9.58e-11	1.07e-08	5.25e-07	1.23e-05	1.78e-04	2.60e-03	8.98e-02	3.94e-01	5.14e-01
 1.10641e+23	0.00e+00	2.06e-28	5.41e-24	3.18e-20	3.29e-16	3.67e-13	1.23e-10	1.34e-08	6.33e-07	1.44e-05	2.01e-04	2.82e-03	9.43e-02	3.99e-01	5.03e-01
 1.11438e+23	0.00e+00	3.06e-28	7.81e-24	4.43e-20	4.46e-16	4.83e-13	1.57e-10	1.65e-08	7.60e-07	1.67e-05	2.25e-04	3.06e-03	9.89e-02	4.04e-01	4.93e-01
 1.12340e+23	0.00e+00	4.98e-28	1.22e-23	6.64e-20	6.47e-16	6.75e-13	2.11e-10	2.14e-08	9.50e-07	2.01e-05	2.59e-04	3.38e-03	1.05e-01	4.11e-01	4.81e-01
 1.13260e+23	0.00e+00	7.58e-28	1.80e-23	9.41e-20	8.91e-16	9.00e-13	2.73e-10	2.68e-08	1.15e-06	2.36e-05	2.93e-04	3.68e-03	1.10e-01	4.16e-01	4.70e-01
 1.14067e+23	0.00e+00	1.14e-27	2.61e-23	1.32e-19	1.21e-15	1.19e-12	3.49e-10	3.33e-08	1.39e-06	2.75e-05	3.29e-04	3.99e-03	1.15e-01	4.21e-01	4.59e-01
 1.14977e+23	0.00e+00	1.86e-27	4.12e-23	1.98e-19	1.77e-15	1.67e-12	4.71e-10	4.33e-08	1.74e-06	3.31e-05	3.79e-04	4.41e-03	1.22e-01	4.27e-01	4.47e-01
 1.15897e+23	0.00e+00	2.84e-27	6.08e-23	2.82e-19	2.44e-15	2.23e-12	6.10e-10	5.42e-08	2.11e-06	3.88e-05	4.28e-04	4.80e-03	1.28e-01	4.32e-01	4.35e-01
 1.16687e+23	0.00e+00	4.21e-27	8.74e-23	3.90e-19	3.30e-15	2.93e-12	7.76e-10	6.69e-08	2.53e-06	4.51e-05	4.80e-04	5.19e-03	1.34e-01	4.36e-01	4.25e-01
 1.17572e+23	0.00e+00	6.86e-27	1.37e-22	5.84e-19	4.78e-15	4.09e-12	1.04e-09	8.67e-08	3.16e-06	5.41e-05	5.51e-04	5.71e-03	1.41e-01	4.41e-01	4.12e-01
 1.18496e+23	0.00e+00	1.07e-26	2.06e-22	8.42e-19	6.70e-15	5.54e-12	1.37e-09	1.10e-07	3.87e-06	6.40e-05	6.26e-04	6.23e-03	1.48e-01	4.45e-01	4.00e-01
 1.19325e+23	5.30e-34	1.60e-26	2.98e-22	1.18e-18	9.11e-15	7.31e-12	1.75e-09	1.36e-07	4.66e-06	7.45e-05	7.01e-04	6.73e-03	1.54e-01	4.48e-01	3.90e-01
 1.20116e+23	8.31e-34	2.40e-26	4.33e-22	1.64e-18	1.24e-14	9.64e-12	2.24e-09	1.69e-07	5.60e-06	8.68e-05	7.87e-04	7.28e-03	1.61e-01	4.52e-01	3.79e-01
 1.20868e+23	1.25e-33	3.47e-26	6.07e-22	2.22e-18	1.64e-14	1.24e-11	2.80e-09	2.05e-07	6.63e-06	9.97e-05	8.73e-04	7.82e-03	1.67e-01	4.54e-01	3.69e-01
 1.21710e+23	2.15e-33	5.67e-26	9.51e-22	3.32e-18	2.38e-14	1.74e-11	3.77e-09	2.66e-07	8.30e-06	1.20e-04	1.00e-03	8.59e-03	1.76e-01	4.58e-01	3.56e-01
 1.22559e+23	3.35e-33	8.44e-26	1.37e-21	4.59e-18	3.21e-14	2.27e-11	4.80e-09	3.29e-07	9.95e-06	1.39e-04	1.12e-03	9.26e-03	1.83e-01	4.60e-01	3.46e-01
 1.23246e+23	4.84e-33	1.17e-25	1.85e-21	6.02e-18	4.12e-14	2.85e-11	5.87e-09	3.92e-07	1.16e-05	1.58e-04	1.23e-03	9.86e-03	1.90e-01	4.62e-01	3.37e-01
 1.23838e+23	6.81e-33	1.60e-25	2.45e-21	7.72e-18	5.19e-14	3.51e-11	7.07e-09	4.61e-07	1.33e-05	1.77e-04	1.34e-03	1.04e-02	1.95e-01	4.63e-01	3.29e-01
 1.24384e+23	9.32e-33	2.12e-25	3.18e-21	9.72e-18	6.43e-14	4.26e-11	8.39e-09	5.36e-07	1.52e-05	1.97e-04	1.45e-03	1.10e-02	2.01e-01	4.64e-01	3.22e-01
 1.25002e+23	1.37e-32	3.00e-25	4.36e-21	1.29e-17	8.35e-14	5.40e-11	1.04e-08	6.44e-07	1.78e-05	2.24e-04	1.60e-03	1.18e-02	2.08e-01	4.66e-01	3.13e-01
 1.25620e+23	1.90e-32	4.01e-25	5.69e-21	1.63e-17	1.04e-13	6.58e-11	1.24e-08	7.52e-07	2.03e-05	2.50e-04	1.73e-03	1.24e-02	2.14e-01	4.66e-01	3.05e-01
 1.26142e+23	2.59e-32	5.32e-25	7.35e-21	2.05e-17	1.28e-13	7.96e-11	1.46e-08	8.72e-07	2.30e-05	2.77e-04	1.88e-03	1.31e-02	2.20e-01	4.67e-01	2.98e-01
 1.26646e+23	3.50e-32	6.95e-25	9.39e-21	2.54e-17	1.57e-13	9.56e-11	1.72e-08	1.01e-06	2.61e-05	3.07e-04	2.02e-03	1.37e-02	2.25e-01	4.67e-01	2.91e-01
 1.27222e+23	5.10e-32	9.74e-25	1.28e-20	3.34e-17	2.02e-13	1.20e-10	2.11e-08	1.20e-06	3.04e-05	3.48e-04	2.22e-03	1.46e-02	2.32e-01	4.68e-01	2.83e-01
 1.27788e+23	6.88e-32	1.27e-24	1.63e-20	4.14e-17	2.47e-13	1.44e-10	2.48e-08	1.39e-06	3.43e-05	3.85e-04	2.39e-03	1.53e-02	2.38e-01	4.68e-01	2.76e-01
 1.28262e+23	9.23e-32	1.66e-24	2.07e-20	5.11e-17	3.01e-13	1.72e-10	2.91e-08	1.59e-06	3.87e-05	4.25e-04	2.57e-03	1.61e-02	2.44e-01	4.67e-01	2.70e-01
 1.28724e+23	1.22e-31	2.13e-24	2.60e-20	6.25e-17	3.63e-13	2.04e-10	3.39e-08	1.82e-06	4.35e-05	4.66e-04	2.76e-03	1.68e-02	2.49e-01	4.67e-01	2.63e-01
 1.29253e+23	1.75e-31	2.93e-24	3.47e-20	8.07e-17	4.60e-13	2.53e-10	4.11e-08	2.15e-06	5.03e-05	5.26e-04	3.01e-03	1.78e-02	2.56e-01	4.67e-01	2.56e-01
 1.29794e+23	2.36e-31	3.84e-24	4.42e-20	9.99e-17	5.62e-13	3.04e-10	4.83e-08	2.48e-06	5.68e-05	5.81e-04	3.24e-03	1.87e-02	2.62e-01	4.66e-01	2.49e-01
 1.30276e+23	3.15e-31	4.97e-24	5.59e-20	1.23e-16	6.82e-13	3.62e-10	5.65e-08	2.85e-06	6.40e-05	6.40e-04	3.48e-03	1.96e-02	2.68e-01	4.65e-01	2.43e-01
 1.30734e+23	4.20e-31	6.42e-24	7.04e-20	1.50e-16	8.24e-13	4.30e-10	6.59e-08	3.26e-06	7.19e-05	7.04e-04	3.73e-03	2.05e-02	2.74e-01	4.64e-01	2.37e-01
 1.31156e+23	5.47e-31	8.12e-24	8.70e-20	1.81e-16	9.80e-13	5.04e-10	7.60e-08	3.69e-06	8.01e-05	7.69e-04	3.98e-03	2.13e-02	2.80e-01	4.63e-01	2.31e-01
 1.31627e+23	7.59e-31	1.09e-23	1.13e-19	2.27e-16	1.22e-12	6.13e-10	9.06e-08	4.31e-06	9.15e-05	8.58e-04	4.31e-03	2.24e-02	2.87e-01	4.62e-01	2.24e-01
 1.32110e+23	1.02e-30	1.41e-23	1.43e-19	2.79e-16	1.47e-12	7.31e-10	1.06e-07	4.95e-06	1.03e-04	9.47e-04	4.63e-03	2.35e-02	2.93e-01	4.60e-01	2.18e-01
 1.32532e+23	1.32e-30	1.78e-23	1.76e-19	3.34e-16	1.75e-12	8.55e-10	1.22e-07	5.59e-06	1.15e-04	1.03e-03	4.93e-03	2.44e-02	2.98e-01	4.58e-01	2.13e-01
 1.33000e+23	1.88e-30	2.43e-23	2.33e-19	4.25e-16	2.20e-12	1.05e-09	1.47e-07	6.59e-06	1.32e-04	1.16e-03	5.37e-03	2.58e-02	3.06e-01	4.56e-01	2.06e-01
 1.33474e+23	2.49e-30	3.13e-23	2.91e-19	5.16e-16	2.64e-12	1.25e-09	1.72e-07	7.54e-06	1.49e-04	1.28e-03	5.76e-03	2.69e-02	3.12e-01	4.54e-01	2.00e-01
 1.33955e+23	3.59e-30	4.31e-23	3.89e-19	6.62e-16	3.35e-12	1.55e-09	2.08e-07	8.95e-06	1.73e-04	1.44e-03	6.28e-03	2.85e-02	3.19e-01	4.51e-01	1.93e-01
 1.34438e+23	4.80e-30	5.58e-23	4.89e-19	8.06e-16	4.04e-12	1.84e-09	2.44e-07	1.03e-05	1.94e-04	1.59e-03	6.74e-03	2.97e-02	3.26e-01	4.49e-01	1.87e-01
 1.34848e+23	6.24e-30	7.04e-23	6.02e-19	9.64e-16	4.79e-12	2.15e-09	2.81e-07	1.16e-05	2.16e-04	1.73e-03	7.18e-03	3.09e-02	3.31e-01	4.47e-01	1.82e-01
 1.35302e+23	9.09e-30	9.81e-23	8.05e-19	1.24e-15	6.08e-12	2.69e-09	3.43e-07	1.39e-05	2.52e-04	1.96e-03	7.87e-03	3.27e-02	3.39e-01	4.43e-01	1.75e-01
 1.35747e+23	1.17e-29	1.22e-22	9.81e-19	1.46e-15	7.15e-12	3.12e-09	3.92e-07	1.56e-05	2.79e-04	2.13e-03	8.35e-03	3.39e-02	3.45e-01	4.40e-01	1.70e-01
 1.36182e+23	1.68e-29	1.69e-22	1.30e-18	1.86e-15	9.00e-12	3.86e-09	4.76e-07	1.85e-05	3.24e-04	2.41e-03	9.12e-03	3.58e-02	3.53e-01	4.36e-01	1.64e-01
 1.36623e+23	2.20e-29	2.14e-22	1.61e-18	2.22e-15	1.07e-11	4.54e-09	5.51e-07	2.10e-05	3.63e-04	2.64e-03	9.73e-03	3.72e-02	3.58e-01	4.33e-01	1.59e-01
 1.37073e+23	3.22e-29	2.98e-22	2.15e-18	2.84e-15	1.36e-11	5.66e-09	6.75e-07	2.52e-05	4.23e-04	2.99e-03	1.07e-02	3.93e-02	3.66e-01	4.28e-01	1.52e-01
 1.37511e+23	4.17e-29	3.75e-22	2.62e-18	3.36e-15	1.60e-11	6.60e-09	7.76e-07	2.85e-05	4.71e-04	3.26e-03	1.13e-02	4.08e-02	3.72e-01	4.25e-01	1.47e-01
 1.37932e+23	6.01e-29	5.16e-22	3.47e-18	4.24e-15	2.01e-11	8.19e-09	9.44e-07	3.38e-05	5.48e-04	3.69e-03	1.24e-02	4.30e-02	3.80e-01	4.20e-01	1.41e-01
 1.38353e+23	7.80e-29	6.49e-22	4.23e-18	5.02e-15	2.38e-11	9.55e-09	1.09e-06	3.83e-05	6.10e-04	4.02e-03	1.32e-02	4.46e-02	3.85e-01	4.16e-01	1.37e-01
 1.38775e+23	1.13e-28	8.98e-22	5.60e-18	6.32e-15	2.99e-11	1.19e-08	1.33e-06	4.57e-05	7.11e-04	4.55e-03	1.44e-02	4.69e-02	3.93e-01	4.10e-01	1.30e-01
 1.39199e+23	1.49e-28	1.14e-21	6.91e-18	7.52e-15	3.55e-11	1.40e-08	1.54e-06	5.21e-05	7.96e-04	4.99e-03	1.54e-02	4.88e-02	3.98e-01	4.06e-01	1.26e-01
 1.39627e+23	2.14e-28	1.57e-21	9.08e-18	9.43e-15	4.46e-11	1.73e-08	1.87e-06	6.19e-05	9.25e-04	5.63e-03	1.67e-02	5.13e-02	4.06e-01	4.00e-01	1.20e-01
 1.40053e+23	2.83e-28	2.00e-21	1.12e-17	1.12e-14	5.30e-11	2.04e-08	2.18e-06	7.08e-05	1.04e-03	6.18e-03	1.79e-02	5.33e-02	4.11e-01	3.95e-01	1.16e-01
 1.40477e+23	4.07e-28	2.74e-21	1.47e-17	1.40e-14	6.65e-11	2.53e-08	2.66e-06	8.43e-05	1.21e-03	6.98e-03	1.95e-02	5.60e-02	4.18e-01	3.88e-01	1.10e-01
 1.40906e+23	5.43e-28	3.52e-21	1.82e-17	1.67e-14	7.94e-11	3.00e-08	3.11e-06	9.68e-05	1.36e-03	7.68e-03	2.09e-02	5.82e-02	4.23e-01	3.83e-01	1.06e-01
 1.41341e+23	7.89e-28	4.88e-21	2.40e-17	2.09e-14	1.00e-10	3.74e-08	3.82e-06	1.16e-04	1.59e-03	8.70e-03	2.28e-02	6.11e-02	4.30e-01	3.75e-01	1.00e-01
 1.41783e+23	1.06e-27	6.30e-21	2.99e-17	2.49e-14	1.20e-10	4.45e-08	4.49e-06	1.34e-04	1.80e-03	9.60e-03	2.44e-02	6.35e-02	4.35e-01	3.69e-01	9.57e-02
 1.42232e+23	1.56e-27	8.79e-21	3.97e-17	3.12e-14	1.52e-10	5.59e-08	5.55e-06	1.61e-04	2.11e-03	1.09e-02	2.68e-02	6.68e-02	4.42e-01	3.61e-01	9.02e-02
 1.42683e+23	2.09e-27	1.13e-20	4.92e-17	3.71e-14	1.82e-10	6.66e-08	6.53e-06	1.86e-04	2.38e-03	1.20e-02	2.87e-02	6.94e-02	4.47e-01	3.55e-01	8.62e-02
 1.43136e+23	3.07e-27	1.58e-20	6.50e-17	4.63e-14	2.31e-10	8.36e-08	8.08e-06	2.24e-04	2.80e-03	1.37e-02	3.13e-02	7.28e-02	4.52e-01	3.46e-01	8.10e-02
 1.43578e+23	4.02e-27	1.99e-20	7.91e-17	5.42e-14	2.72e-10	9.82e-08	9.38e-06	2.56e-04	3.13e-03	1.49e-02	3.33e-02	7.53e-02	4.56e-01	3.40e-01	7.74e-02
 1.44007e+23	5.70e-27	2.69e-20	1.02e-16	6.62e-14	3.37e-10	1.21e-07	1.14e-05	3.03e-04	3.62e-03	1.68e-02	3.61e-02	7.86e-02	4.61e-01	3.31e-01	7.29e-02
 1.44444e+23	7.54e-27	3.42e-20	1.25e-16	7.76e-14	4.00e-10	1.43e-07	1.33e-05	3.48e-04	4.06e-03	1.84e-02	3.85e-02	8.13e-02	4.64e-01	3.24e-01	6.94e-02
 1.44893e+23	1.08e-26	4.64e-20	1.61e-16	9.47e-14	4.97e-10	1.77e-07	1.62e-05	4.14e-04	4.71e-03	2.06e-02	4.17e-02	8.48e-02	4.68e-01	3.15e-01	6.51e-02
 1.45349e+23	1.42e-26	5.88e-20	1.96e-16	1.11e-13	5.89e-10	2.08e-07	1.89e-05	4.73e-04	5.27e-03	2.25e-02	4.44e-02	8.76e-02	4.70e-01	3.08e-01	6.18e-02
 1.45813e+23	2.02e-26	7.98e-20	2.53e-16	1.35e-13	7.31e-10	2.58e-07	2.31e-05	5.64e-04	6.11e-03	2.53e-02	4.81e-02	9.12e-02	4.73e-01	2.98e-01	5.77e-02
 1.46286e+23	2.65e-26	1.01e-19	3.07e-16	1.57e-13	8.63e-10	3.03e-07	2.69e-05	6.44e-04	6.82e-03	2.76e-02	5.10e-02	9.40e-02	4.75e-01	2.90e-01	5.47e-02
 1.46768e+23	3.76e-26	1.36e-19	3.94e-16	1.90e-13	1.07e-09	3.74e-07	3.27e-05	7.65e-04	7.88e-03	3.09e-02	5.51e-02	9.77e-02	4.76e-01	2.81e-01	5.09e-02
 1.47264e+23	4.94e-26	1.72e-19	4.79e-16	2.21e-13	1.26e-09	4.41e-07	3.81e-05	8.74e-04	8.80e-03	3.36e-02	5.84e-02	1.01e-01	4.77e-01	2.73e-01	4.80e-02
 1.47775e+23	7.02e-26	2.32e-19	6.14e-16	2.68e-13	1.56e-09	5.44e-07	4.64e-05	1.04e-03	1.01e-02	3.76e-02	6.29e-02	1.04e-01	4.77e-01	2.62e-01	4.45e-02
 1.48287e+23	9.12e-26	2.91e-19	7.41e-16	3.10e-13	1.84e-09	6.36e-07	5.37e-05	1.18e-03	1.13e-02	4.07e-02	6.64e-02	1.07e-01	4.77e-01	2.55e-01	4.19e-02
 1.48798e+23	7.63e-27	3.87e-19	9.38e-16	3.72e-13	2.24e-09	7.75e-07	6.46e-05	1.38e-03	1.29e-02	4.51e-02	7.11e-02	1.10e-01	4.76e-01	2.45e-01	3.88e-02
 1.49324e+23	1.00e-26	4.86e-19	1.13e-15	4.31e-13	2.64e-09	9.08e-07	7.48e-05	1.57e-03	1.43e-02	4.89e-02	7.50e-02	1.13e-01	4.74e-01	2.37e-01	3.65e-02
 1.49868e+23	1.41e-26	6.50e-19	1.44e-15	5.18e-13	3.24e-09	1.11e-06	9.03e-05	1.86e-03	1.63e-02	5.41e-02	8.02e-02	1.16e-01	4.71e-01	2.26e-01	3.35e-02
 1.50394e+23	1.79e-26	7.91e-19	1.70e-15	5.89e-13	3.72e-09	1.27e-06	1.02e-04	2.07e-03	1.78e-02	5.78e-02	8.37e-02	1.19e-01	4.69e-01	2.19e-01	3.17e-02
 1.50893e+23	2.43e-26	1.02e-18	2.10e-15	6.92e-13	4.45e-09	1.52e-06	1.21e-04	2.39e-03	2.00e-02	6.32e-02	8.86e-02	1.21e-01	4.65e-01	2.10e-01	2.93e-02
 1.51404e+23	3.07e-26	1.25e-18	2.48e-15	7.87e-13	5.10e-09	1.73e-06	1.37e-04	2.66e-03	2.18e-02	6.74e-02	9.23e-02	1.23e-01	4.62e-01	2.03e-01	2.76e-02
 1.51928e+23	4.18e-26	1.61e-18	3.07e-15	9.26e-13	6.10e-09	2.07e-06	1.61e-04	3.07e-03	2.45e-02	7.34e-02	9.74e-02	1.26e-01	4.57e-01	1.93e-01	2.54e-02
 1.52462e+23	5.30e-26	1.97e-18	3.62e-15	1.05e-12	6.99e-09	2.36e-06	1.82e-04	3.41e-03	2.67e-02	7.82e-02	1.01e-01	1.28e-01	4.52e-01	1.86e-01	2.38e-02
 1.53008e+23	7.24e-26	2.55e-18	4.48e-15	1.24e-12	8.34e-09	2.81e-06	2.14e-04	3.93e-03	2.98e-02	8.49e-02	1.07e-01	1.30e-01	4.46e-01	1.77e-01	2.18e-02
 1.53546e+23	9.00e-26	3.06e-18	5.23e-15	1.40e-12	9.46e-09	3.17e-06	2.39e-04	4.32e-03	3.22e-02	8.98e-02	1.10e-01	1.32e-01	4.41e-01	1.71e-01	2.05e-02
 1.54070e+23	1.20e-25	3.90e-18	6.38e-15	1.63e-12	1.11e-08	3.71e-06	2.77e-04	4.91e-03	3.56e-02	9.67e-02	1.15e-01	1.33e-01	4.33e-01	1.62e-01	1.88e-02
 1.54605e+23	1.50e-25	4.69e-18	7.45e-15	1.84e-12	1.26e-08	4.19e-06	3.10e-04	5.41e-03	3.84e-02	1.02e-01	1.19e-01	1.34e-01	4.27e-01	1.56e-01	1.76e-02
 1.55155e+23	2.01e-25	5.98e-18	9.11e-15	2.15e-12	1.48e-08	4.90e-06	3.58e-04	6.13e-03	4.23e-02	1.10e-01	1.24e-01	1.36e-01	4.19e-01	1.47e-01	1.61e-02
 1.55714e+23	2.53e-25	7.22e-18	1.07e-14	2.43e-12	1.68e-08	5.54e-06	4.01e-04	6.75e-03	4.56e-02	1.15e-01	1.27e-01	1.37e-01	4.12e-01	1.41e-01	1.50e-02
 1.56288e+23	3.40e-25	9.24e-18	1.31e-14	2.85e-12	1.97e-08	6.47e-06	4.63e-04	7.65e-03	5.02e-02	1.24e-01	1.32e-01	1.38e-01	4.02e-01	1.33e-01	1.36e-02
 1.56871e+23	4.27e-25	1.12e-17	1.54e-14	3.23e-12	2.24e-08	7.30e-06	5.17e-04	8.40e-03	5.39e-02	1.30e-01	1.36e-01	1.38e-01	3.94e-01	1.27e-01	1.27e-02
 1.57468e+23	5.77e-25	1.43e-17	1.89e-14	3.79e-12	2.62e-08	8.52e-06	5.96e-04	9.49e-03	5.92e-02	1.39e-01	1.41e-01	1.39e-01	3.83e-01	1.19e-01	1.15e-02
 1.58076e+23	7.28e-25	1.74e-17	2.23e-14	4.31e-12	2.97e-08	9.60e-06	6.64e-04	1.04e-02	6.35e-02	1.45e-01	1.44e-01	1.39e-01	3.74e-01	1.13e-01	1.06e-02
 1.58700e+23	2.56e-25	2.23e-17	2.75e-14	5.07e-12	3.48e-08	1.12e-05	7.65e-04	1.17e-02	6.95e-02	1.55e-01	1.48e-01	1.38e-01	3.62e-01	1.05e-01	9.52e-03
 1.59309e+23	3.17e-25	2.66e-17	3.20e-14	5.73e-12	3.91e-08	1.25e-05	8.42e-04	1.27e-02	7.38e-02	1.61e-01	1.51e-01	1.38e-01	3.54e-01	1.00e-01	8.86e-03
 1.59900e+23	4.23e-25	3.37e-17	3.88e-14	6.65e-12	4.51e-08	1.43e-05	9.58e-04	1.42e-02	8.01e-02	1.70e-01	1.55e-01	1.37e-01	3.41e-01	9.35e-02	7.97e-03
 1.60500e+23	5.24e-25	4.02e-17	4.53e-14	7.53e-12	5.06e-08	1.59e-05	1.05e-03	1.54e-02	8.49e-02	1.76e-01	1.57e-01	1.37e-01	3.33e-01	8.88e-02	7.38e-03
 1.61113e+23	6.97e-25	5.08e-17	5.51e-14	8.77e-12	5.84e-08	1.82e-05	1.19e-03	1.71e-02	9.16e-02	1.85e-01	1.60e-01	1.36e-01	3.20e-01	8.26e-02	6.64e-03
 1.61745e+23	8.81e-25	6.15e-17	6.48e-14	9.98e-12	6.57e-08	2.04e-05	1.32e-03	1.86e-02	9.73e-02	1.92e-01	1.62e-01	1.34e-01	3.10e-01	7.78e-02	6.08e-03
 1.62403e+23	1.18e-24	7.81e-17	7.95e-14	1.17e-11	7.61e-08	2.34e-05	1.49e-03	2.06e-02	1.05e-01	2.01e-01	1.65e-01	1.33e-01	2.97e-01	7.20e-02	5.43e-03
 1.63082e+23	1.51e-24	9.57e-17	9.45e-14	1.35e-11	8.61e-08	2.63e-05	1.65e-03	2.25e-02	1.11e-01	2.08e-01	1.67e-01	1.31e-01	2.86e-01	6.73e-02	4.93e-03
 1.63790e+23	2.05e-24	1.23e-16	1.17e-13	1.60e-11	1.00e-07	3.03e-05	1.88e-03	2.49e-02	1.20e-01	2.18e-01	1.68e-01	1.29e-01	2.73e-01	6.18e-02	4.36e-03
 1.64517e+23	2.66e-24	1.52e-16	1.40e-13	1.85e-11	1.14e-07	3.41e-05	2.08e-03	2.71e-02	1.27e-01	2.25e-01	1.70e-01	1.26e-01	2.61e-01	5.73e-02	3.93e-03
 1.65271e+23	3.66e-24	1.97e-16	1.75e-13	2.21e-11	1.33e-07	3.94e-05	2.36e-03	3.01e-02	1.36e-01	2.34e-01	1.71e-01	1.23e-01	2.47e-01	5.22e-02	3.44e-03
 1.66050e+23	4.79e-24	2.45e-16	2.12e-13	2.57e-11	1.52e-07	4.44e-05	2.63e-03	3.28e-02	1.45e-01	2.42e-01	1.71e-01	1.21e-01	2.35e-01	4.81e-02	3.07e-03
 1.66862e+23	6.70e-24	3.22e-16	2.68e-13	3.11e-11	1.79e-07	5.15e-05	2.99e-03	3.65e-02	1.55e-01	2.50e-01	1.71e-01	1.17e-01	2.21e-01	4.34e-02	2.66e-03
 1.67694e+23	8.86e-24	4.04e-16	3.26e-13	3.64e-11	2.05e-07	5.82e-05	3.33e-03	3.97e-02	1.64e-01	2.57e-01	1.71e-01	1.14e-01	2.09e-01	3.96e-02	2.35e-03
 1.68437e+23	1.16e-23	5.02e-16	3.94e-13	4.24e-11	2.33e-07	6.54e-05	3.68e-03	4.30e-02	1.72e-01	2.64e-01	1.70e-01	1.11e-01	1.98e-01	3.64e-02	2.09e-03
 1.69290e+23	1.64e-23	6.68e-16	5.03e-13	5.14e-11	2.74e-07	7.59e-05	4.19e-03	4.77e-02	1.84e-01	2.71e-01	1.69e-01	1.06e-01	1.83e-01	3.22e-02	1.77e-03
 1.70150e+23	2.14e-23	8.29e-16	6.07e-13	6.00e-11	3.12e-07	8.50e-05	4.62e-03	5.14e-02	1.93e-01	2.77e-01	1.67e-01	1.03e-01	1.73e-01	2.94e-02	1.57e-03
 1.71019e+23	3.04e-23	1.10e-15	7.74e-13	7.27e-11	3.66e-07	9.82e-05	5.23e-03	5.67e-02	2.05e-01	2.83e-01	1.65e-01	9.80e-02	1.59e-01	2.59e-02	1.32e-03
 1.71905e+23	4.02e-23	1.38e-15	9.40e-13	8.49e-11	4.16e-07	1.10e-04	5.76e-03	6.12e-02	2.15e-01	2.88e-01	1.63e-01	9.42e-02	1.49e-01	2.34e-02	1.15e-03
 1.72814e+23	5.74e-23	1.84e-15	1.20e-12	1.03e-10	4.88e-07	1.27e-04	6.52e-03	6.74e-02	2.27e-01	2.93e-01	1.59e-01	8.93e-02	1.36e-01	2.04e-02	9.62e-04
 1.73737e+23	7.67e-23	2.32e-15	1.47e-12	1.21e-10	5.54e-07	1.42e-04	7.18e-03	7.26e-02	2.37e-01	2.97e-01	1.56e-01	8.53e-02	1.26e-01	1.83e-02	8.28e-04
 1.74681e+23	1.11e-22	3.14e-15	1.89e-12	1.48e-10	6.49e-07	1.64e-04	8.11e-03	7.99e-02	2.49e-01	3.00e-01	1.52e-01	8.01e-02	1.14e-01	1.57e-02	6.79e-04
 1.75574e+23	1.42e-22	3.83e-15	2.25e-12	1.69e-10	7.23e-07	1.80e-04	8.79e-03	8.49e-02	2.58e-01	3.02e-01	1.48e-01	7.67e-02	1.06e-01	1.42e-02	5.95e-04
 1.76400e+23	1.97e-22	4.97e-15	2.80e-12	2.00e-10	8.24e-07	2.03e-04	9.74e-03	9.19e-02	2.69e-01	3.04e-01	1.44e-01	7.22e-02	9.67e-02	1.24e-02	4.96e-04
 1.77232e+23	2.52e-22	6.07e-15	3.32e-12	2.29e-10	9.15e-07	2.23e-04	1.05e-02	9.75e-02	2.77e-01	3.04e-01	1.40e-01	6.88e-02	8.99e-02	1.11e-02	4.32e-04
 1.78073e+23	3.51e-22	7.92e-15	4.13e-12	2.71e-10	1.04e-06	2.50e-04	1.16e-02	1.05e-01	2.87e-01	3.05e-01	1.35e-01	6.44e-02	8.11e-02	9.60e-03	3.56e-04
 1.78922e+23	4.53e-22	9.74e-15	4.91e-12	3.10e-10	1.15e-06	2.74e-04	1.26e-02	1.12e-01	2.95e-01	3.04e-01	1.31e-01	6.11e-02	7.48e-02	8.56e-03	3.07e-04
 1.79781e+23	6.33e-22	1.28e-14	6.14e-12	3.67e-10	1.31e-06	3.07e-04	1.39e-02	1.20e-01	3.06e-01	3.03e-01	1.25e-01	5.68e-02	6.70e-02	7.31e-03	2.50e-04
 1.80653e+23	8.24e-22	1.58e-14	7.33e-12	4.21e-10	1.45e-06	3.36e-04	1.50e-02	1.27e-01	3.13e-01	3.01e-01	1.21e-01	5.36e-02	6.14e-02	6.46e-03	2.13e-04
 1.81541e+23	1.17e-21	2.09e-14	9.21e-12	5.00e-10	1.64e-06	3.76e-04	1.65e-02	1.37e-01	3.23e-01	2.98e-01	1.15e-01	4.95e-02	5.45e-02	5.45e-03	1.71e-04
 1.82441e+23	1.53e-21	2.61e-14	1.10e-11	5.75e-10	1.81e-06	4.11e-04	1.78e-02	1.45e-01	3.30e-01	2.95e-01	1.10e-01	4.64e-02	4.95e-02	4.77e-03	1.45e-04
 1.83357e+23	2.20e-21	3.49e-14	1.40e-11	6.86e-10	2.06e-06	4.60e-04	1.96e-02	1.56e-01	3.39e-01	2.91e-01	1.04e-01	4.25e-02	4.35e-02	3.98e-03	1.15e-04
 1.84294e+23	2.94e-21	4.42e-14	1.69e-11	7.93e-10	2.28e-06	5.04e-04	2.12e-02	1.66e-01	3.46e-01	2.86e-01	9.88e-02	3.96e-02	3.91e-02	3.43e-03	9.47e-05
 1.85257e+23	4.30e-21	6.02e-14	2.17e-11	9.57e-10	2.60e-06	5.65e-04	2.33e-02	1.78e-01	3.54e-01	2.79e-01	9.21e-02	3.59e-02	3.39e-02	2.81e-03	7.35e-05
 1.86234e+23	5.83e-21	7.71e-14	2.65e-11	1.11e-09	2.88e-06	6.20e-04	2.52e-02	1.89e-01	3.59e-01	2.73e-01	8.69e-02	3.31e-02	3.01e-02	2.39e-03	5.99e-05
 1.87198e+23	8.50e-21	1.05e-13	3.39e-11	1.34e-09	3.28e-06	6.93e-04	2.77e-02	2.03e-01	3.65e-01	2.65e-01	8.06e-02	2.99e-02	2.60e-02	1.95e-03	4.63e-05
 1.88119e+23	1.12e-20	1.31e-13	4.06e-11	1.54e-09	3.61e-06	7.52e-04	2.96e-02	2.13e-01	3.69e-01	2.59e-01	7.60e-02	2.77e-02	2.33e-02	1.68e-03	3.83e-05
 1.89014e+23	1.62e-20	1.77e-13	5.15e-11	1.85e-09	4.09e-06	8.36e-04	3.23e-02	2.27e-01	3.73e-01	2.50e-01	7.02e-02	2.50e-02	2.01e-02	1.37e-03	2.97e-05
 1.89927e+23	2.17e-20	2.25e-13	6.25e-11	2.14e-09	4.53e-06	9.11e-04	3.46e-02	2.39e-01	3.76e-01	2.42e-01	6.57e-02	2.30e-02	1.78e-02	1.17e-03	2.41e-05
 1.90816e+23	3.09e-20	3.01e-13	7.88e-11	2.56e-09	5.13e-06	1.01e-03	3.76e-02	2.53e-01	3.78e-01	2.33e-01	6.04e-02	2.08e-02	1.54e-02	9.56e-04	1.88e-05
 1.91724e+23	4.24e-20	3.89e-13	9.68e-11	3.01e-09	5.73e-06	1.11e-03	4.04e-02	2.66e-01	3.79e-01	2.24e-01	5.60e-02	1.89e-02	1.35e-02	8.00e-04	1.50e-05
 1.92610e+23	5.97e-20	5.16e-13	1.21e-10	3.59e-09	6.49e-06	1.22e-03	4.37e-02	2.81e-01	3.80e-01	2.14e-01	5.14e-02	1.71e-02	1.16e-02	6.57e-04	1.18e-05
 1.93512e+23	8.32e-20	6.78e-13	1.51e-10	4.27e-09	7.33e-06	1.35e-03	4.70e-02	2.95e-01	3.79e-01	2.04e-01	4.72e-02	1.55e-02	1.01e-02	5.43e-04	9.26e-06
 1.94409e+23	1.17e-19	8.99e-13	1.89e-10	5.13e-09	8.33e-06	1.49e-03	5.07e-02	3.10e-01	3.77e-01	1.94e-01	4.31e-02	1.39e-02	8.66e-03	4.45e-04	7.22e-06
 1.95309e+23	1.65e-19	1.19e-12	2.37e-10	6.15e-09	9.48e-06	1.65e-03	5.46e-02	3.25e-01	3.75e-01	1.84e-01	3.92e-02	1.25e-02	7.45e-03	3.64e-04	5.64e-06
 1.96200e+23	2.33e-19	1.57e-12	2.97e-10	7.39e-09	1.08e-05	1.82e-03	5.87e-02	3.40e-01	3.71e-01	1.74e-01	3.57e-02	1.12e-02	6.40e-03	2.98e-04	4.40e-06
 1.97089e+23	3.28e-19	2.07e-12	3.73e-10	8.90e-09	1.24e-05	2.01e-03	6.31e-02	3.55e-01	3.67e-01	1.64e-01	3.23e-02	1.00e-02	5.48e-03	2.43e-04	3.43e-06
 1.97981e+23	4.65e-19	2.74e-12	4.69e-10	1.08e-08	1.42e-05	2.23e-03	6.77e-02	3.71e-01	3.62e-01	1.55e-01	2.92e-02	8.96e-03	4.69e-03	1.98e-04	2.66e-06
 1.98877e+23	6.60e-19	3.63e-12	5.90e-10	1.30e-08	1.63e-05	2.47e-03	7.27e-02	3.86e-01	3.56e-01	1.45e-01	2.63e-02	7.99e-03	3.99e-03	1.61e-04	2.06e-06
 1.99778e+23	9.38e-19	4.80e-12	7.44e-10	1.58e-08	1.88e-05	2.74e-03	7.80e-02	4.01e-01	3.49e-01	1.36e-01	2.36e-02	7.09e-03	3.39e-03	1.30e-04	1.59e-06
 2.00689e+23	1.35e-18	6.36e-12	9.40e-10	1.93e-08	2.17e-05	3.05e-03	8.36e-02	4.16e-01	3.41e-01	1.26e-01	2.12e-02	6.29e-03	2.87e-03	1.05e-04	1.22e-06
 2.01612e+23	1.94e-18	8.44e-12	1.19e-09	2.35e-08	2.51e-05	3.38e-03	8.96e-02	4.30e-01	3.32e-01	1.17e-01	1.89e-02	5.55e-03	2.42e-03	8.44e-05	9.33e-07
 2.02539e+23	2.81e-18	1.11e-11	1.50e-09	2.87e-08	2.91e-05	3.76e-03	9.58e-02	4.44e-01	3.23e-01	1.09e-01	1.68e-02	4.90e-03	2.04e-03	6.78e-05	7.15e-07
 2.03481e+23	4.14e-18	1.48e-11	1.91e-09	3.53e-08	3.38e-05	4.18e-03	1.03e-01	4.58e-01	3.13e-01	1.00e-01	1.49e-02	4.30e-03	1.71e-03	5.39e-05	5.41e-07
 2.04435e+23	6.11e-18	1.95e-11	2.41e-09	4.32e-08	3.93e-05	4.64e-03	1.10e-01	4.71e-01	3.03e-01	9.25e-02	1.32e-02	3.77e-03	1.43e-03	4.31e-05	4.12e-07
 2.05409e+23	9.28e-18	2.61e-11	3.08e-09	5.35e-08	4.60e-05	5.18e-03	1.17e-01	4.85e-01	2.92e-01	8.47e-02	1.16e-02	3.28e-03	1.19e-03	3.39e-05	3.08e-07
 2.06313e+23	1.31e-17	3.27e-11	3.74e-09	6.33e-08	5.20e-05	5.65e-03	1.23e-01	4.94e-01	2.83e-01	7.89e-02	1.05e-02	2.93e-03	1.02e-03	2.80e-05	2.44e-07
 2.07244e+23	2.09e-17	4.38e-11	4.81e-09	7.89e-08	6.12e-05	6.31e-03	1.32e-01	5.06e-01	2.71e-01	7.18e-02	9.13e-03	2.53e-03	8.39e-04	2.18e-05	1.80e-07
 2.08194e+23	3.10e-17	5.51e-11	5.86e-09	9.39e-08	6.96e-05	6.89e-03	1.39e-01	5.15e-01	2.62e-01	6.65e-02	8.18e-03	2.24e-03	7.17e-04	1.78e-05	1.41e-07
 2.09169e+23	5.31e-17	7.41e-11	7.58e-09	1.18e-07	8.23e-05	7.72e-03	1.49e-01	5.25e-01	2.49e-01	6.00e-02	7.07e-03	1.91e-03	5.82e-04	1.37e-05	0.00e+00
 2.10145e+23	1.81e-16	9.23e-11	9.17e-09	1.40e-07	9.31e-05	8.39e-03	1.56e-01	5.32e-01	2.40e-01	5.55e-02	6.34e-03	1.70e-03	4.98e-04	1.12e-05	0.00e+00
 2.11125e+23	4.67e-16	1.23e-10	1.18e-08	1.74e-07	1.10e-04	9.35e-03	1.66e-01	5.40e-01	2.27e-01	5.01e-02	5.48e-03	1.45e-03	4.04e-04	8.65e-06	0.00e+00
 2.12112e+23	5.87e-16	1.52e-10	1.42e-08	2.06e-07	1.24e-04	1.02e-02	1.73e-01	5.46e-01	2.18e-01	4.62e-02	4.90e-03	1.28e-03	3.45e-04	7.07e-06	0.00e+00
 2.13107e+23	7.87e-16	2.01e-10	1.82e-08	2.57e-07	1.46e-04	1.13e-02	1.84e-01	5.52e-01	2.06e-01	4.15e-02	4.22e-03	1.09e-03	2.79e-04	5.43e-06	0.00e+00
 2.14112e+23	9.82e-16	2.48e-10	2.19e-08	3.04e-07	1.65e-04	1.22e-02	1.92e-01	5.56e-01	1.97e-01	3.82e-02	3.77e-03	9.65e-04	2.38e-04	4.43e-06	0.00e+00
 2.15129e+23	1.31e-15	3.26e-10	2.80e-08	3.78e-07	1.93e-04	1.36e-02	2.03e-01	5.60e-01	1.85e-01	3.43e-02	3.24e-03	8.19e-04	1.92e-04	3.39e-06	0.00e+00
 2.16158e+23	1.63e-15	4.02e-10	3.37e-08	4.47e-07	2.18e-04	1.47e-02	2.12e-01	5.62e-01	1.76e-01	3.15e-02	2.88e-03	7.20e-04	1.63e-04	2.75e-06	0.00e+00
 2.17205e+23	2.14e-15	5.26e-10	4.30e-08	5.57e-07	2.56e-04	1.63e-02	2.23e-01	5.64e-01	1.65e-01	2.81e-02	2.47e-03	6.08e-04	1.31e-04	2.09e-06	0.00e+00
 2.18270e+23	2.66e-15	6.50e-10	5.19e-08	6.60e-07	2.90e-04	1.77e-02	2.32e-01	5.64e-01	1.57e-01	2.57e-02	2.19e-03	5.32e-04	1.10e-04	1.69e-06	0.00e+00
 2.19359e+23	3.53e-15	8.50e-10	6.63e-08	8.24e-07	3.40e-04	1.96e-02	2.45e-01	5.64e-01	1.46e-01	2.29e-02	1.87e-03	4.47e-04	8.80e-05	1.27e-06	0.00e+00
 2.20472e+23	4.40e-15	1.05e-09	8.04e-08	9.81e-07	3.86e-04	2.12e-02	2.54e-01	5.63e-01	1.38e-01	2.08e-02	1.65e-03	3.89e-04	7.37e-05	1.02e-06	0.00e+00
 2.21616e+23	5.84e-15	1.38e-09	1.03e-07	1.23e-06	4.55e-04	2.36e-02	2.67e-01	5.61e-01	1.28e-01	1.84e-02	1.39e-03	3.23e-04	5.83e-05	7.61e-07	0.00e+00
 2.22786e+23	7.30e-15	1.71e-09	1.26e-07	1.47e-06	5.17e-04	2.55e-02	2.78e-01	5.58e-01	1.21e-01	1.67e-02	1.22e-03	2.80e-04	4.85e-05	6.04e-07	0.00e+00
 2.23771e+23	8.87e-15	2.06e-09	1.49e-07	1.72e-06	5.79e-04	2.74e-02	2.87e-01	5.55e-01	1.14e-01	1.53e-02	1.09e-03	2.46e-04	4.11e-05	4.92e-07	0.00e+00
 2.24832e+23	1.14e-14	2.62e-09	1.86e-07	2.11e-06	6.70e-04	3.00e-02	2.99e-01	5.50e-01	1.06e-01	1.37e-02	9.36e-04	2.08e-04	3.32e-05	3.77e-07	0.00e+00
 2.25868e+23	1.36e-14	3.11e-09	2.18e-07	2.44e-06	7.43e-04	3.20e-02	3.07e-01	5.46e-01	1.01e-01	1.26e-02	8.39e-04	1.84e-04	2.85e-05	3.11e-07	0.00e+00
 2.26871e+23	1.70e-14	3.88e-09	2.69e-07	2.95e-06	8.52e-04	3.48e-02	3.19e-01	5.40e-01	9.36e-02	1.13e-02	7.26e-04	1.57e-04	2.33e-05	2.41e-07	0.00e+00
 2.27884e+23	2.04e-14	4.60e-09	3.14e-07	3.40e-06	9.43e-04	3.71e-02	3.27e-01	5.35e-01	8.87e-02	1.04e-02	6.52e-04	1.39e-04	2.00e-05	2.00e-07	0.00e+00
 2.28910e+23	2.55e-14	5.72e-09	3.86e-07	4.11e-06	1.08e-03	4.02e-02	3.39e-01	5.28e-01	8.24e-02	9.32e-03	5.63e-04	1.18e-04	1.63e-05	1.55e-07	0.00e+00
 2.29950e+23	3.05e-14	6.79e-09	4.53e-07	4.75e-06	1.20e-03	4.28e-02	3.47e-01	5.22e-01	7.78e-02	8.57e-03	5.04e-04	1.04e-04	1.39e-05	1.27e-07	0.00e+00
 2.31008e+23	3.82e-14	8.46e-09	5.57e-07	5.76e-06	1.37e-03	4.65e-02	3.59e-01	5.13e-01	7.20e-02	7.65e-03	4.34e-04	8.84e-05	1.13e-05	0.00e+00	0.00e+00
 2.32082e+23	4.58e-14	1.00e-08	6.54e-07	6.66e-06	1.52e-03	4.95e-02	3.68e-01	5.06e-01	6.79e-02	7.02e-03	3.87e-04	7.79e-05	9.63e-06	0.00e+00	0.00e+00
 2.33175e+23	5.75e-14	1.25e-08	8.07e-07	8.10e-06	1.74e-03	5.37e-02	3.79e-01	4.96e-01	6.25e-02	6.24e-03	3.32e-04	6.56e-05	7.76e-06	0.00e+00	0.00e+00
 2.34285e+23	6.91e-14	1.49e-08	9.50e-07	9.38e-06	1.94e-03	5.71e-02	3.88e-01	4.88e-01	5.87e-02	5.71e-03	2.95e-04	5.75e-05	6.58e-06	0.00e+00	0.00e+00
 2.35417e+23	8.69e-14	1.86e-08	1.17e-06	1.14e-05	2.22e-03	6.20e-02	4.00e-01	4.77e-01	5.39e-02	5.06e-03	2.52e-04	4.83e-05	5.28e-06	0.00e+00	0.00e+00
 2.36576e+23	1.05e-13	2.23e-08	1.39e-06	1.33e-05	2.47e-03	6.60e-02	4.08e-01	4.68e-01	5.04e-02	4.61e-03	2.23e-04	4.21e-05	4.45e-06	0.00e+00	0.00e+00
 2.37772e+23	1.33e-13	2.81e-08	1.73e-06	1.63e-05	2.85e-03	7.18e-02	4.20e-01	4.55e-01	4.59e-02	4.06e-03	1.88e-04	3.50e-05	3.52e-06	0.00e+00	0.00e+00
 2.38994e+23	1.62e-13	3.38e-08	2.06e-06	1.91e-05	3.19e-03	7.65e-02	4.29e-01	4.45e-01	4.27e-02	3.68e-03	1.65e-04	3.03e-05	2.94e-06	0.00e+00	0.00e+00
 2.40253e+23	2.07e-13	4.28e-08	2.58e-06	2.36e-05	3.69e-03	8.31e-02	4.40e-01	4.31e-01	3.87e-02	3.22e-03	1.39e-04	2.50e-05	2.31e-06	0.00e+00	0.00e+00
 2.41530e+23	2.53e-13	5.16e-08	3.08e-06	2.77e-05	4.12e-03	8.86e-02	4.48e-01	4.20e-01	3.58e-02	2.91e-03	1.22e-04	2.15e-05	1.92e-06	0.00e+00	0.00e+00
 2.42831e+23	3.23e-13	6.54e-08	3.87e-06	3.42e-05	4.77e-03	9.62e-02	4.58e-01	4.06e-01	3.23e-02	2.54e-03	1.02e-04	1.77e-05	1.50e-06	0.00e+00	0.00e+00
 2.44146e+23	3.94e-13	7.90e-08	4.62e-06	4.01e-05	5.32e-03	1.02e-01	4.66e-01	3.94e-01	2.98e-02	2.29e-03	8.88e-05	1.52e-05	1.24e-06	0.00e+00	0.00e+00
 2.45479e+23	5.06e-13	1.00e-07	5.81e-06	4.97e-05	6.16e-03	1.11e-01	4.75e-01	3.79e-01	2.67e-02	1.99e-03	7.39e-05	1.24e-05	9.63e-07	0.00e+00	0.00e+00
 2.46833e+23	6.21e-13	1.21e-07	6.96e-06	5.84e-05	6.88e-03	1.18e-01	4.82e-01	3.67e-01	2.46e-02	1.79e-03	6.41e-05	1.06e-05	7.93e-07	0.00e+00	0.00e+00
 2.48023e+23	7.56e-13	1.46e-07	8.29e-06	6.85e-05	7.67e-03	1.25e-01	4.88e-01	3.55e-01	2.26e-02	1.61e-03	5.57e-05	9.10e-06	6.54e-07	0.00e+00	0.00e+00
 2.49378e+23	9.66e-13	1.84e-07	1.04e-05	8.45e-05	8.84e-03	1.35e-01	4.96e-01	3.39e-01	2.01e-02	1.39e-03	4.62e-05	7.41e-06	5.05e-07	0.00e+00	0.00e+00
 2.50745e+23	1.18e-12	2.22e-07	1.24e-05	9.90e-05	9.84e-03	1.43e-01	5.01e-01	3.27e-01	1.85e-02	1.25e-03	4.00e-05	6.34e-06	4.16e-07	0.00e+00	0.00e+00
 2.51869e+23	1.40e-12	2.60e-07	1.44e-05	1.14e-04	1.08e-02	1.50e-01	5.04e-01	3.16e-01	1.71e-02	1.13e-03	3.53e-05	5.52e-06	3.50e-07	0.00e+00	0.00e+00
 2.53074e+23	1.74e-12	3.18e-07	1.74e-05	1.35e-04	1.21e-02	1.60e-01	5.09e-01	3.03e-01	1.55e-02	1.00e-03	3.01e-05	4.64e-06	2.81e-07	0.00e+00	0.00e+00
 2.54306e+23	2.08e-12	3.76e-07	2.05e-05	1.57e-04	1.34e-02	1.68e-01	5.12e-01	2.92e-01	1.42e-02	9.04e-04	2.62e-05	4.00e-06	2.34e-07	0.00e+00	0.00e+00
 2.55402e+23	2.47e-12	4.42e-07	2.39e-05	1.80e-04	1.47e-02	1.76e-01	5.14e-01	2.81e-01	1.31e-02	8.18e-04	2.30e-05	3.47e-06	1.95e-07	0.00e+00	0.00e+00
 2.56655e+23	3.08e-12	5.41e-07	2.89e-05	2.14e-04	1.65e-02	1.87e-01	5.16e-01	2.68e-01	1.18e-02	7.21e-04	1.95e-05	2.90e-06	1.56e-07	0.00e+00	0.00e+00
 2.57957e+23	3.72e-12	6.46e-07	3.43e-05	2.51e-04	1.83e-02	1.97e-01	5.18e-01	2.56e-01	1.07e-02	6.42e-04	1.67e-05	2.46e-06	1.27e-07	0.00e+00	0.00e+00
 2.59119e+23	4.44e-12	7.62e-07	4.01e-05	2.89e-04	2.01e-02	2.06e-01	5.18e-01	2.45e-01	9.76e-03	5.78e-04	1.46e-05	2.12e-06	0.00e+00	0.00e+00	0.00e+00
 2.60428e+23	5.56e-12	9.37e-07	4.87e-05	3.44e-04	2.25e-02	2.18e-01	5.18e-01	2.32e-01	8.72e-03	5.07e-04	1.22e-05	1.76e-06	0.00e+00	0.00e+00	0.00e+00
 2.61795e+23	6.75e-12	1.13e-06	5.81e-05	4.05e-04	2.50e-02	2.29e-01	5.17e-01	2.20e-01	7.84e-03	4.48e-04	1.04e-05	1.48e-06	0.00e+00	0.00e+00	0.00e+00
 2.63029e+23	8.13e-12	1.34e-06	6.83e-05	4.68e-04	2.74e-02	2.39e-01	5.16e-01	2.10e-01	7.11e-03	4.00e-04	8.97e-06	1.26e-06	0.00e+00	0.00e+00	0.00e+00
 2.64422e+23	1.03e-11	1.66e-06	8.36e-05	5.62e-04	3.08e-02	2.52e-01	5.13e-01	1.97e-01	6.29e-03	3.47e-04	7.44e-06	1.03e-06	0.00e+00	0.00e+00	0.00e+00
 2.65861e+23	1.25e-11	1.99e-06	9.98e-05	6.62e-04	3.42e-02	2.65e-01	5.09e-01	1.86e-01	5.60e-03	3.04e-04	6.26e-06	8.60e-07	0.00e+00	0.00e+00	0.00e+00
 2.67144e+23	1.51e-11	2.37e-06	1.18e-04	7.67e-04	3.76e-02	2.76e-01	5.05e-01	1.76e-01	5.05e-03	2.70e-04	5.35e-06	7.29e-07	0.00e+00	0.00e+00	0.00e+00
 2.68594e+23	1.91e-11	2.95e-06	1.44e-04	9.22e-04	4.22e-02	2.90e-01	4.99e-01	1.63e-01	4.42e-03	2.32e-04	4.39e-06	5.90e-07	0.00e+00	0.00e+00	0.00e+00
 2.70102e+23	2.34e-11	3.58e-06	1.73e-04	1.09e-03	4.67e-02	3.03e-01	4.93e-01	1.53e-01	3.91e-03	2.02e-04	3.66e-06	4.87e-07	0.00e+00	0.00e+00	0.00e+00
 2.71458e+23	2.84e-11	4.28e-06	2.05e-04	1.27e-03	5.14e-02	3.15e-01	4.86e-01	1.43e-01	3.48e-03	1.77e-04	3.09e-06	4.07e-07	0.00e+00	0.00e+00	0.00e+00
 2.72995e+23	3.63e-11	5.38e-06	2.54e-04	1.53e-03	5.78e-02	3.30e-01	4.76e-01	1.32e-01	2.99e-03	1.50e-04	2.48e-06	3.23e-07	0.00e+00	0.00e+00	0.00e+00
 2.74581e+23	4.46e-11	6.52e-06	3.04e-04	1.81e-03	6.39e-02	3.42e-01	4.67e-01	1.22e-01	2.63e-03	1.30e-04	2.05e-06	2.65e-07	0.00e+00	0.00e+00	0.00e+00
 2.76011e+23	5.44e-11	7.86e-06	3.62e-04	2.11e-03	7.02e-02	3.55e-01	4.57e-01	1.13e-01	2.31e-03	1.13e-04	1.70e-06	2.18e-07	0.00e+00	0.00e+00	0.00e+00
 2.77650e+23	7.01e-11	9.96e-06	4.52e-04	2.58e-03	7.91e-02	3.70e-01	4.43e-01	1.03e-01	1.95e-03	9.35e-05	1.34e-06	1.70e-07	0.00e+00	0.00e+00	0.00e+00
 2.79311e+23	8.54e-11	1.21e-05	5.40e-04	3.04e-03	8.71e-02	3.82e-01	4.31e-01	9.42e-02	1.69e-03	8.00e-05	1.09e-06	1.38e-07	0.00e+00	0.00e+00	0.00e+00
 2.80778e+23	1.05e-10	1.46e-05	6.42e-04	3.55e-03	9.53e-02	3.93e-01	4.19e-01	8.67e-02	1.48e-03	6.89e-05	9.02e-07	0.00e+00	0.00e+00	0.00e+00	0.00e+00
 2.82465e+23	1.35e-10	1.85e-05	8.02e-04	4.33e-03	1.07e-01	4.07e-01	4.02e-01	7.75e-02	1.23e-03	5.65e-05	6.97e-07	0.00e+00	0.00e+00	0.00e+00	0.00e+00
 2.84171e+23	1.65e-10	2.24e-05	9.56e-04	5.09e-03	1.17e-01	4.18e-01	3.88e-01	7.05e-02	1.06e-03	4.80e-05	5.64e-07	0.00e+00	0.00e+00	0.00e+00	0.00e+00
 2.85905e+23	2.14e-10	2.85e-05	1.19e-03	6.18e-03	1.31e-01	4.29e-01	3.69e-01	6.25e-02	8.77e-04	3.91e-05	4.34e-07	0.00e+00	0.00e+00	0.00e+00	0.00e+00
 2.87674e+23	2.64e-10	3.48e-05	1.43e-03	7.27e-03	1.43e-01	4.38e-01	3.53e-01	5.63e-02	7.45e-04	3.28e-05	3.46e-07	0.00e+00	0.00e+00	0.00e+00	0.00e+00
