#depth	Cl	Cl+	Cl+2	Cl+3	Cl+4	Cl+5	Cl+6	Cl+7	Cl+8	Cl+9	Cl+10	Cl+11	Cl+12	Cl+13	Cl+14	Cl+15	Cl+16	Cl+17
 1.54284e+22	0.00e+00	0.00e+00	1.06e-26	4.11e-23	4.37e-20	2.90e-17	1.02e-14	1.09e-11	1.50e-09	9.04e-08	2.56e-06	4.44e-05	4.41e-04	2.76e-03	1.92e-02	2.49e-01	4.58e-01	2.70e-01
 3.54355e+22	0.00e+00	1.06e-28	9.48e-25	2.59e-21	1.86e-18	8.23e-16	3.14e-13	2.62e-10	2.72e-08	1.20e-06	2.44e-05	3.02e-04	2.07e-03	8.54e-03	3.96e-02	3.49e-01	4.30e-01	1.71e-01
 4.23035e+22	0.00e+00	1.53e-27	1.14e-23	2.60e-20	1.51e-17	5.40e-15	1.65e-12	1.25e-09	1.14e-07	4.32e-06	7.41e-05	7.72e-04	4.37e-03	1.46e-02	5.48e-02	3.97e-01	3.99e-01	1.29e-01
 4.57375e+22	0.00e+00	6.06e-27	4.09e-23	8.44e-20	4.39e-17	1.39e-14	3.77e-12	2.74e-09	2.34e-07	8.27e-06	1.30e-04	1.24e-03	6.37e-03	1.90e-02	6.41e-02	4.20e-01	3.79e-01	1.11e-01
 4.71775e+22	0.00e+00	8.88e-27	5.83e-23	1.17e-19	5.89e-17	1.81e-14	4.73e-12	3.40e-09	2.86e-07	9.89e-06	1.52e-04	1.42e-03	7.06e-03	2.05e-02	6.68e-02	4.26e-01	3.73e-01	1.06e-01
 4.78568e+22	0.00e+00	1.36e-26	8.68e-23	1.69e-19	8.22e-17	2.44e-14	6.14e-12	4.36e-09	3.58e-07	1.21e-05	1.81e-04	1.64e-03	7.93e-03	2.22e-02	7.00e-02	4.32e-01	3.66e-01	1.00e-01
 4.85806e+22	0.00e+00	2.08e-26	1.28e-22	2.42e-19	1.13e-16	3.24e-14	7.85e-12	5.52e-09	4.46e-07	1.48e-05	2.15e-04	1.90e-03	8.88e-03	2.40e-02	7.32e-02	4.38e-01	3.59e-01	9.52e-02
 4.92285e+22	0.00e+00	3.01e-26	1.81e-22	3.32e-19	1.51e-16	4.17e-14	9.75e-12	6.79e-09	5.40e-07	1.75e-05	2.50e-04	2.15e-03	9.81e-03	2.57e-02	7.61e-02	4.43e-01	3.52e-01	9.09e-02
 4.98130e+22	0.00e+00	4.26e-26	2.49e-22	4.45e-19	1.96e-16	5.26e-14	1.19e-11	8.25e-09	6.47e-07	2.06e-05	2.88e-04	2.42e-03	1.08e-02	2.74e-02	7.88e-02	4.47e-01	3.46e-01	8.69e-02
 5.03575e+22	0.00e+00	5.94e-26	3.39e-22	5.90e-19	2.53e-16	6.58e-14	1.44e-11	9.92e-09	7.68e-07	2.41e-05	3.29e-04	2.71e-03	1.17e-02	2.91e-02	8.15e-02	4.51e-01	3.40e-01	8.33e-02
 5.09739e+22	0.00e+00	9.03e-26	4.99e-22	8.41e-19	3.47e-16	8.69e-14	1.84e-11	1.25e-08	9.53e-07	2.92e-05	3.89e-04	3.12e-03	1.31e-02	3.14e-02	8.49e-02	4.56e-01	3.33e-01	7.88e-02
 5.15736e+22	0.00e+00	1.24e-25	6.72e-22	1.10e-18	4.43e-16	1.08e-13	2.21e-11	1.50e-08	1.12e-06	3.39e-05	4.42e-04	3.47e-03	1.43e-02	3.32e-02	8.76e-02	4.59e-01	3.27e-01	7.54e-02
 5.20700e+22	0.00e+00	1.69e-25	8.92e-22	1.43e-18	5.59e-16	1.32e-13	2.63e-11	1.77e-08	1.32e-06	3.91e-05	5.00e-04	3.85e-03	1.54e-02	3.51e-02	9.02e-02	4.62e-01	3.21e-01	7.23e-02
 5.26339e+22	0.00e+00	2.48e-25	1.27e-21	1.98e-18	7.45e-16	1.70e-13	3.26e-11	2.19e-08	1.60e-06	4.66e-05	5.82e-04	4.37e-03	1.70e-02	3.75e-02	9.34e-02	4.65e-01	3.13e-01	6.86e-02
 5.31898e+22	0.00e+00	3.37e-25	1.68e-21	2.56e-18	9.37e-16	2.08e-13	3.87e-11	2.58e-08	1.87e-06	5.37e-05	6.58e-04	4.84e-03	1.84e-02	3.95e-02	9.60e-02	4.68e-01	3.07e-01	6.57e-02
 5.36529e+22	0.00e+00	4.53e-25	2.21e-21	3.28e-18	1.17e-15	2.52e-13	4.57e-11	3.04e-08	2.17e-06	6.16e-05	7.40e-04	5.34e-03	1.99e-02	4.16e-02	9.85e-02	4.70e-01	3.01e-01	6.29e-02
 5.41041e+22	0.00e+00	6.04e-25	2.88e-21	4.18e-18	1.45e-15	3.04e-13	5.35e-11	3.55e-08	2.51e-06	7.02e-05	8.28e-04	5.86e-03	2.14e-02	4.37e-02	1.01e-01	4.71e-01	2.96e-01	6.03e-02
 5.46217e+22	0.00e+00	8.67e-25	4.02e-21	5.66e-18	1.90e-15	3.84e-13	6.52e-11	4.31e-08	3.02e-06	8.28e-05	9.55e-04	6.60e-03	2.34e-02	4.64e-02	1.04e-01	4.73e-01	2.88e-01	5.72e-02
 5.51523e+22	0.00e+00	1.18e-24	5.35e-21	7.33e-18	2.39e-15	4.68e-13	7.72e-11	5.09e-08	3.53e-06	9.53e-05	1.08e-03	7.30e-03	2.53e-02	4.89e-02	1.07e-01	4.74e-01	2.82e-01	5.45e-02
 5.56228e+22	0.00e+00	1.58e-24	7.01e-21	9.38e-18	2.97e-15	5.66e-13	9.07e-11	5.97e-08	4.09e-06	1.09e-04	1.21e-03	8.03e-03	2.72e-02	5.13e-02	1.09e-01	4.75e-01	2.76e-01	5.21e-02
 5.60674e+22	0.00e+00	2.12e-24	9.16e-21	1.19e-17	3.67e-15	6.79e-13	1.06e-10	6.95e-08	4.73e-06	1.24e-04	1.35e-03	8.82e-03	2.93e-02	5.37e-02	1.12e-01	4.75e-01	2.70e-01	4.98e-02
 5.64798e+22	0.00e+00	2.78e-24	1.18e-20	1.50e-17	4.47e-15	8.05e-13	1.22e-10	8.02e-08	5.41e-06	1.40e-04	1.50e-03	9.63e-03	3.13e-02	5.61e-02	1.14e-01	4.76e-01	2.64e-01	4.77e-02
 5.69400e+22	0.00e+00	3.88e-24	1.59e-20	1.97e-17	5.70e-15	9.92e-13	1.45e-10	9.55e-08	6.38e-06	1.63e-04	1.71e-03	1.07e-02	3.39e-02	5.91e-02	1.17e-01	4.75e-01	2.57e-01	4.52e-02
 5.74148e+22	0.00e+00	5.25e-24	2.10e-20	2.53e-17	7.10e-15	1.20e-12	1.69e-10	1.12e-07	7.41e-06	1.87e-04	1.92e-03	1.18e-02	3.65e-02	6.20e-02	1.19e-01	4.75e-01	2.50e-01	4.30e-02
 5.78284e+22	0.00e+00	6.89e-24	2.70e-20	3.16e-17	8.64e-15	1.41e-12	1.95e-10	1.29e-07	8.46e-06	2.11e-04	2.13e-03	1.28e-02	3.89e-02	6.46e-02	1.22e-01	4.74e-01	2.44e-01	4.11e-02
 5.82863e+22	0.00e+00	9.75e-24	3.71e-20	4.21e-17	1.11e-14	1.75e-12	2.32e-10	1.54e-07	1.00e-05	2.46e-04	2.43e-03	1.43e-02	4.23e-02	6.81e-02	1.24e-01	4.73e-01	2.37e-01	3.87e-02
 5.87557e+22	0.00e+00	1.32e-23	4.90e-20	5.41e-17	1.38e-14	2.10e-12	2.70e-10	1.80e-07	1.16e-05	2.81e-04	2.73e-03	1.57e-02	4.54e-02	7.12e-02	1.27e-01	4.71e-01	2.30e-01	3.67e-02
 5.91673e+22	0.00e+00	1.76e-23	6.34e-20	6.82e-17	1.69e-14	2.49e-12	3.11e-10	2.08e-07	1.33e-05	3.19e-04	3.03e-03	1.72e-02	4.84e-02	7.42e-02	1.29e-01	4.69e-01	2.24e-01	3.49e-02
 5.96298e+22	0.00e+00	2.55e-23	8.90e-20	9.23e-17	2.19e-14	3.11e-12	3.72e-10	2.51e-07	1.60e-05	3.75e-04	3.49e-03	1.92e-02	5.27e-02	7.83e-02	1.31e-01	4.66e-01	2.16e-01	3.27e-02
 6.00988e+22	0.00e+00	3.45e-23	1.17e-19	1.18e-16	2.71e-14	3.72e-12	4.30e-10	2.91e-07	1.85e-05	4.28e-04	3.90e-03	2.11e-02	5.65e-02	8.16e-02	1.34e-01	4.63e-01	2.09e-01	3.09e-02
 6.04994e+22	0.00e+00	4.53e-23	1.50e-19	1.47e-16	3.29e-14	4.37e-12	4.91e-10	3.34e-07	2.10e-05	4.82e-04	4.32e-03	2.29e-02	6.00e-02	8.47e-02	1.35e-01	4.60e-01	2.03e-01	2.93e-02
 6.09436e+22	0.00e+00	6.70e-23	2.14e-19	2.01e-16	4.30e-14	5.45e-12	5.85e-10	4.04e-07	2.53e-05	5.70e-04	4.98e-03	2.57e-02	6.54e-02	8.92e-02	1.38e-01	4.55e-01	1.95e-01	2.72e-02
 6.13805e+22	0.00e+00	8.75e-23	2.73e-19	2.50e-16	5.18e-14	6.36e-12	6.64e-10	4.61e-07	2.87e-05	6.39e-04	5.48e-03	2.77e-02	6.92e-02	9.23e-02	1.39e-01	4.51e-01	1.89e-01	2.58e-02
 6.18081e+22	0.00e+00	1.28e-22	3.84e-19	3.38e-16	6.69e-14	7.85e-12	7.85e-10	5.52e-07	3.42e-05	7.50e-04	6.28e-03	3.09e-02	7.50e-02	9.68e-02	1.41e-01	4.45e-01	1.80e-01	2.39e-02
 6.22283e+22	0.00e+00	1.65e-22	4.84e-19	4.15e-16	7.99e-14	9.10e-12	8.84e-10	6.26e-07	3.85e-05	8.35e-04	6.88e-03	3.33e-02	7.90e-02	9.99e-02	1.42e-01	4.40e-01	1.75e-01	2.27e-02
 6.26387e+22	0.00e+00	2.41e-22	6.83e-19	5.60e-16	1.03e-13	1.12e-11	1.04e-09	7.48e-07	4.58e-05	9.80e-04	7.87e-03	3.71e-02	8.55e-02	1.04e-01	1.44e-01	4.33e-01	1.66e-01	2.10e-02
 6.30454e+22	0.00e+00	3.12e-22	8.61e-19	6.87e-16	1.23e-13	1.29e-11	1.17e-09	8.46e-07	5.16e-05	1.09e-03	8.61e-03	3.98e-02	8.99e-02	1.08e-01	1.45e-01	4.27e-01	1.61e-01	1.98e-02
 6.34473e+22	0.00e+00	4.56e-22	1.21e-18	9.25e-16	1.57e-13	1.58e-11	1.36e-09	1.01e-06	6.11e-05	1.27e-03	9.82e-03	4.42e-02	9.69e-02	1.12e-01	1.46e-01	4.19e-01	1.53e-01	1.82e-02
 6.38522e+22	0.00e+00	5.99e-22	1.55e-18	1.15e-15	1.89e-13	1.83e-11	1.53e-09	1.14e-06	6.92e-05	1.43e-03	1.08e-02	4.76e-02	1.02e-01	1.15e-01	1.47e-01	4.12e-01	1.47e-01	1.71e-02
 6.42610e+22	0.00e+00	8.81e-22	2.19e-18	1.55e-15	2.43e-13	2.24e-11	1.79e-09	1.36e-06	8.21e-05	1.67e-03	1.23e-02	5.27e-02	1.10e-01	1.20e-01	1.47e-01	4.02e-01	1.39e-01	1.57e-02
 6.46756e+22	0.00e+00	1.17e-21	2.84e-18	1.95e-15	2.94e-13	2.61e-11	2.01e-09	1.55e-06	9.32e-05	1.87e-03	1.35e-02	5.68e-02	1.16e-01	1.23e-01	1.47e-01	3.94e-01	1.32e-01	1.46e-02
 6.50978e+22	0.00e+00	1.73e-21	4.02e-18	2.63e-15	3.79e-13	3.19e-11	2.35e-09	1.85e-06	1.10e-04	2.18e-03	1.54e-02	6.27e-02	1.24e-01	1.28e-01	1.47e-01	3.83e-01	1.24e-01	1.33e-02
 6.55159e+22	0.00e+00	2.32e-21	5.22e-18	3.30e-15	4.58e-13	3.71e-11	2.63e-09	2.10e-06	1.25e-04	2.45e-03	1.69e-02	6.74e-02	1.30e-01	1.31e-01	1.47e-01	3.74e-01	1.19e-01	1.23e-02
 6.59288e+22	0.00e+00	3.41e-21	7.36e-18	4.44e-15	5.86e-13	4.51e-11	3.05e-09	2.49e-06	1.48e-04	2.84e-03	1.91e-02	7.40e-02	1.39e-01	1.35e-01	1.46e-01	3.62e-01	1.11e-01	1.12e-02
 6.63484e+22	0.00e+00	4.63e-21	9.68e-18	5.62e-15	7.13e-13	5.26e-11	3.43e-09	2.84e-06	1.68e-04	3.19e-03	2.11e-02	7.96e-02	1.46e-01	1.38e-01	1.46e-01	3.52e-01	1.05e-01	1.03e-02
 6.67769e+22	0.00e+00	6.91e-21	1.38e-17	7.65e-15	9.20e-13	6.42e-11	3.99e-09	3.36e-06	1.98e-04	3.71e-03	2.38e-02	8.73e-02	1.55e-01	1.41e-01	1.44e-01	3.38e-01	9.73e-02	9.22e-03
 6.72099e+22	0.00e+00	9.46e-21	1.83e-17	9.73e-15	1.12e-12	7.50e-11	4.48e-09	3.83e-06	2.25e-04	4.17e-03	2.62e-02	9.37e-02	1.62e-01	1.44e-01	1.43e-01	3.27e-01	9.15e-02	8.44e-03
 6.76485e+22	0.00e+00	1.43e-20	2.64e-17	1.33e-14	1.45e-12	9.16e-11	5.20e-09	4.53e-06	2.65e-04	4.83e-03	2.96e-02	1.02e-01	1.71e-01	1.47e-01	1.40e-01	3.12e-01	8.42e-02	7.49e-03
 6.80896e+22	0.00e+00	1.95e-20	3.49e-17	1.69e-14	1.77e-12	1.07e-10	5.84e-09	5.15e-06	3.00e-04	5.41e-03	3.24e-02	1.09e-01	1.79e-01	1.49e-01	1.38e-01	3.01e-01	7.87e-02	6.81e-03
 6.84700e+22	0.00e+00	2.65e-20	4.59e-17	2.13e-14	2.15e-12	1.24e-10	6.52e-09	5.82e-06	3.38e-04	6.02e-03	3.53e-02	1.16e-01	1.86e-01	1.51e-01	1.36e-01	2.89e-01	7.37e-02	6.20e-03
 6.89004e+22	0.00e+00	3.92e-20	6.50e-17	2.87e-14	2.74e-12	1.50e-10	7.50e-09	6.79e-06	3.93e-04	6.89e-03	3.93e-02	1.26e-01	1.94e-01	1.53e-01	1.33e-01	2.74e-01	6.74e-02	5.48e-03
 6.93318e+22	0.00e+00	5.31e-20	8.50e-17	3.61e-14	3.31e-12	1.73e-10	8.36e-09	7.62e-06	4.39e-04	7.63e-03	4.27e-02	1.33e-01	2.01e-01	1.54e-01	1.30e-01	2.63e-01	6.28e-02	4.97e-03
 6.97644e+22	0.00e+00	7.87e-20	1.21e-16	4.86e-14	4.22e-12	2.09e-10	9.61e-09	8.84e-06	5.07e-04	8.68e-03	4.73e-02	1.43e-01	2.09e-01	1.55e-01	1.27e-01	2.48e-01	5.71e-02	4.36e-03
 7.02006e+22	0.00e+00	1.05e-19	1.56e-16	6.06e-14	5.07e-12	2.41e-10	1.07e-08	9.86e-06	5.63e-04	9.53e-03	5.09e-02	1.50e-01	2.15e-01	1.55e-01	1.24e-01	2.37e-01	5.31e-02	3.95e-03
 7.06417e+22	0.00e+00	1.55e-19	2.21e-16	8.13e-14	6.45e-12	2.91e-10	1.23e-08	1.14e-05	6.45e-04	1.08e-02	5.61e-02	1.60e-01	2.23e-01	1.55e-01	1.20e-01	2.23e-01	4.81e-02	3.44e-03
 7.10914e+22	0.00e+00	2.09e-19	2.87e-16	1.02e-13	7.77e-12	3.36e-10	1.37e-08	1.27e-05	7.15e-04	1.18e-02	6.03e-02	1.68e-01	2.28e-01	1.55e-01	1.17e-01	2.12e-01	4.45e-02	3.10e-03
 7.15522e+22	0.00e+00	3.08e-19	4.06e-16	1.37e-13	9.90e-12	4.06e-10	1.58e-08	1.45e-05	8.15e-04	1.33e-02	6.60e-02	1.79e-01	2.35e-01	1.54e-01	1.12e-01	1.98e-01	4.00e-02	2.68e-03
 7.20246e+22	0.00e+00	4.16e-19	5.30e-16	1.72e-13	1.20e-11	4.71e-10	1.76e-08	1.62e-05	9.01e-04	1.45e-02	7.07e-02	1.86e-01	2.39e-01	1.53e-01	1.09e-01	1.87e-01	3.67e-02	2.40e-03
 7.25121e+22	0.00e+00	6.15e-19	7.51e-16	2.31e-13	1.53e-11	5.71e-10	2.04e-08	1.85e-05	1.02e-03	1.62e-02	7.71e-02	1.97e-01	2.45e-01	1.52e-01	1.04e-01	1.74e-01	3.28e-02	2.06e-03
 7.30095e+22	2.97e-32	8.35e-19	9.86e-16	2.91e-13	1.86e-11	6.65e-10	2.29e-08	2.05e-05	1.13e-03	1.77e-02	8.23e-02	2.05e-01	2.49e-01	1.50e-01	1.00e-01	1.63e-01	3.00e-02	1.83e-03
 7.35199e+22	4.55e-32	1.23e-18	1.40e-15	3.92e-13	2.38e-11	8.07e-10	2.65e-08	2.34e-05	1.27e-03	1.97e-02	8.93e-02	2.15e-01	2.53e-01	1.48e-01	9.52e-02	1.51e-01	2.66e-02	1.56e-03
 7.40339e+22	6.30e-32	1.66e-18	1.82e-15	4.92e-13	2.87e-11	9.37e-10	2.97e-08	2.59e-05	1.40e-03	2.13e-02	9.49e-02	2.23e-01	2.56e-01	1.46e-01	9.15e-02	1.41e-01	2.43e-02	1.38e-03
 7.45526e+22	9.51e-32	2.42e-18	2.55e-15	6.57e-13	3.65e-11	1.13e-09	3.43e-08	2.93e-05	1.56e-03	2.36e-02	1.02e-01	2.32e-01	2.59e-01	1.42e-01	8.68e-02	1.30e-01	2.15e-02	1.18e-03
 7.50846e+22	1.32e-31	3.27e-18	3.34e-15	8.27e-13	4.43e-11	1.32e-09	3.86e-08	3.23e-05	1.71e-03	2.55e-02	1.08e-01	2.39e-01	2.60e-01	1.40e-01	8.30e-02	1.22e-01	1.95e-02	1.04e-03
 7.55453e+22	1.78e-31	4.30e-18	4.26e-15	1.02e-12	5.28e-11	1.52e-09	4.30e-08	3.54e-05	1.85e-03	2.73e-02	1.14e-01	2.46e-01	2.62e-01	1.37e-01	7.96e-02	1.14e-01	1.78e-02	9.23e-04
 7.60554e+22	2.60e-31	6.08e-18	5.81e-15	1.33e-12	6.60e-11	1.82e-09	4.94e-08	3.96e-05	2.05e-03	2.98e-02	1.21e-01	2.54e-01	2.63e-01	1.34e-01	7.53e-02	1.05e-01	1.58e-02	7.91e-04
 7.65722e+22	3.50e-31	7.98e-18	7.41e-15	1.64e-12	7.87e-11	2.09e-09	5.50e-08	4.32e-05	2.21e-03	3.18e-02	1.27e-01	2.60e-01	2.63e-01	1.31e-01	7.20e-02	9.82e-02	1.44e-02	7.00e-04
 7.70977e+22	5.11e-31	1.13e-17	1.01e-14	2.14e-12	9.85e-11	2.50e-09	6.32e-08	4.83e-05	2.44e-03	3.46e-02	1.35e-01	2.67e-01	2.63e-01	1.27e-01	6.78e-02	9.00e-02	1.27e-02	5.97e-04
 7.76312e+22	6.84e-31	1.47e-17	1.28e-14	2.63e-12	1.17e-10	2.88e-09	7.05e-08	5.26e-05	2.63e-03	3.68e-02	1.41e-01	2.73e-01	2.62e-01	1.23e-01	6.47e-02	8.40e-02	1.15e-02	5.27e-04
 7.80990e+22	9.08e-31	1.91e-17	1.62e-14	3.21e-12	1.39e-10	3.29e-09	7.83e-08	5.71e-05	2.83e-03	3.91e-02	1.47e-01	2.78e-01	2.61e-01	1.20e-01	6.17e-02	7.85e-02	1.05e-02	4.66e-04
 7.86309e+22	1.31e-30	2.67e-17	2.18e-14	4.15e-12	1.72e-10	3.93e-09	8.98e-08	6.35e-05	3.10e-03	4.22e-02	1.55e-01	2.84e-01	2.60e-01	1.16e-01	5.80e-02	7.16e-02	9.21e-03	3.96e-04
 7.91605e+22	1.70e-30	3.38e-17	2.70e-14	5.00e-12	2.02e-10	4.46e-09	9.93e-08	6.86e-05	3.31e-03	4.46e-02	1.61e-01	2.88e-01	2.58e-01	1.13e-01	5.53e-02	6.71e-02	8.41e-03	3.53e-04
 7.96870e+22	2.42e-30	4.66e-17	3.60e-14	6.40e-12	2.49e-10	5.28e-09	1.13e-07	7.59e-05	3.60e-03	4.78e-02	1.69e-01	2.94e-01	2.56e-01	1.09e-01	5.19e-02	6.13e-02	7.42e-03	3.01e-04
 8.02238e+22	3.16e-30	5.93e-17	4.48e-14	7.72e-12	2.92e-10	6.02e-09	1.26e-07	8.21e-05	3.85e-03	5.05e-02	1.75e-01	2.97e-01	2.54e-01	1.05e-01	4.94e-02	5.71e-02	6.74e-03	2.66e-04
 8.07740e+22	4.50e-30	8.17e-17	5.97e-14	9.90e-12	3.60e-10	7.14e-09	1.44e-07	9.09e-05	4.19e-03	5.41e-02	1.84e-01	3.02e-01	2.51e-01	1.01e-01	4.62e-02	5.20e-02	5.92e-03	2.26e-04
 8.13346e+22	5.89e-30	1.04e-16	7.44e-14	1.20e-11	4.24e-10	8.16e-09	1.60e-07	9.84e-05	4.48e-03	5.70e-02	1.90e-01	3.05e-01	2.48e-01	9.77e-02	4.38e-02	4.83e-02	5.36e-03	1.99e-04
 8.19087e+22	8.41e-30	1.44e-16	9.94e-14	1.54e-11	5.24e-10	9.71e-09	1.83e-07	1.09e-04	4.87e-03	6.10e-02	1.99e-01	3.09e-01	2.44e-01	9.33e-02	4.08e-02	4.38e-02	4.68e-03	1.68e-04
 8.24934e+22	2.40e-30	1.84e-16	1.24e-13	1.87e-11	6.18e-10	1.11e-08	2.04e-07	1.18e-04	5.20e-03	6.42e-02	2.05e-01	3.11e-01	2.41e-01	9.00e-02	3.86e-02	4.05e-02	4.22e-03	1.47e-04
 8.30918e+22	3.41e-30	2.54e-16	1.66e-13	2.40e-11	7.67e-10	1.33e-08	2.34e-07	1.31e-04	5.66e-03	6.86e-02	2.14e-01	3.14e-01	2.36e-01	8.56e-02	3.58e-02	3.66e-02	3.67e-03	1.23e-04
 8.36767e+22	4.33e-30	3.15e-16	2.02e-13	2.85e-11	8.89e-10	1.50e-08	2.58e-07	1.41e-04	6.00e-03	7.17e-02	2.20e-01	3.16e-01	2.32e-01	8.26e-02	3.39e-02	3.41e-02	3.33e-03	1.09e-04
 8.42442e+22	6.05e-30	4.28e-16	2.65e-13	3.61e-11	1.09e-09	1.77e-08	2.94e-07	1.55e-04	6.48e-03	7.62e-02	2.28e-01	3.18e-01	2.27e-01	7.86e-02	3.15e-02	3.08e-02	2.91e-03	9.23e-05
 8.48201e+22	7.69e-30	5.31e-16	3.23e-13	4.30e-11	1.26e-09	2.00e-08	3.25e-07	1.67e-04	6.88e-03	7.96e-02	2.34e-01	3.19e-01	2.24e-01	7.57e-02	2.98e-02	2.86e-02	2.64e-03	8.17e-05
 8.54070e+22	1.06e-29	7.13e-16	4.22e-13	5.41e-11	1.54e-09	2.35e-08	3.70e-07	1.84e-04	7.42e-03	8.43e-02	2.42e-01	3.20e-01	2.18e-01	7.19e-02	2.77e-02	2.59e-02	2.31e-03	6.90e-05
 8.60120e+22	1.38e-29	9.05e-16	5.23e-13	6.53e-11	1.81e-09	2.69e-08	4.12e-07	2.00e-04	7.89e-03	8.83e-02	2.49e-01	3.20e-01	2.14e-01	6.88e-02	2.60e-02	2.38e-02	2.07e-03	6.01e-05
 8.66405e+22	1.91e-29	1.22e-15	6.83e-13	8.26e-11	2.21e-09	3.18e-08	4.71e-07	2.20e-04	8.53e-03	9.35e-02	2.57e-01	3.20e-01	2.08e-01	6.51e-02	2.41e-02	2.15e-02	1.80e-03	5.06e-05
 8.72892e+22	2.52e-29	1.56e-15	8.57e-13	1.01e-10	2.63e-09	3.67e-08	5.28e-07	2.40e-04	9.10e-03	9.80e-02	2.64e-01	3.20e-01	2.03e-01	6.20e-02	2.25e-02	1.96e-02	1.60e-03	4.36e-05
 8.79642e+22	3.53e-29	2.12e-15	1.13e-12	1.28e-10	3.24e-09	4.37e-08	6.07e-07	2.66e-04	9.86e-03	1.04e-01	2.72e-01	3.19e-01	1.97e-01	5.83e-02	2.06e-02	1.75e-02	1.38e-03	3.63e-05
 8.86568e+22	4.69e-29	2.74e-15	1.43e-12	1.58e-10	3.87e-09	5.06e-08	6.83e-07	2.90e-04	1.05e-02	1.09e-01	2.79e-01	3.18e-01	1.91e-01	5.53e-02	1.92e-02	1.59e-02	1.21e-03	3.10e-05
 8.93725e+22	6.66e-29	3.75e-15	1.90e-12	2.02e-10	4.80e-09	6.06e-08	7.90e-07	3.23e-04	1.14e-02	1.15e-01	2.87e-01	3.17e-01	1.84e-01	5.17e-02	1.75e-02	1.42e-02	1.04e-03	2.56e-05
 9.01108e+22	8.95e-29	4.89e-15	2.42e-12	2.50e-10	5.77e-09	7.06e-08	8.94e-07	3.54e-04	1.22e-02	1.21e-01	2.94e-01	3.15e-01	1.79e-01	4.88e-02	1.62e-02	1.28e-02	9.07e-04	2.17e-05
 9.08786e+22	1.29e-28	6.78e-15	3.26e-12	3.25e-10	7.23e-09	8.53e-08	1.04e-06	3.97e-04	1.33e-02	1.28e-01	3.03e-01	3.12e-01	1.71e-01	4.53e-02	1.47e-02	1.13e-02	7.68e-04	1.76e-05
 9.16725e+22	1.76e-28	8.96e-15	4.20e-12	4.06e-10	8.77e-09	1.00e-07	1.19e-06	4.37e-04	1.43e-02	1.34e-01	3.10e-01	3.09e-01	1.65e-01	4.25e-02	1.35e-02	1.01e-02	6.65e-04	1.48e-05
 9.23901e+22	2.37e-28	1.17e-14	5.36e-12	5.04e-10	1.06e-08	1.17e-07	1.34e-06	4.79e-04	1.53e-02	1.41e-01	3.16e-01	3.06e-01	1.59e-01	3.99e-02	1.24e-02	9.05e-03	5.78e-04	1.24e-05
 9.32128e+22	3.46e-28	1.64e-14	7.28e-12	6.61e-10	1.34e-08	1.42e-07	1.58e-06	5.39e-04	1.67e-02	1.49e-01	3.24e-01	3.02e-01	1.52e-01	3.67e-02	1.11e-02	7.89e-03	4.83e-04	9.97e-06
 9.40530e+22	4.73e-28	2.17e-14	9.41e-12	8.27e-10	1.62e-08	1.68e-07	1.80e-06	5.94e-04	1.79e-02	1.56e-01	3.31e-01	2.98e-01	1.45e-01	3.42e-02	1.02e-02	7.02e-03	4.15e-04	8.28e-06
 9.48028e+22	6.38e-28	2.84e-14	1.20e-11	1.03e-09	1.96e-08	1.96e-07	2.04e-06	6.52e-04	1.92e-02	1.63e-01	3.36e-01	2.93e-01	1.40e-01	3.20e-02	9.30e-03	6.27e-03	3.59e-04	6.93e-06
 9.56643e+22	9.54e-28	4.07e-14	1.66e-11	1.37e-09	2.51e-08	2.41e-07	2.41e-06	7.36e-04	2.09e-02	1.73e-01	3.44e-01	2.87e-01	1.32e-01	2.91e-02	8.25e-03	5.38e-03	2.94e-04	5.43e-06
 9.65322e+22	1.28e-27	5.30e-14	2.12e-11	1.69e-09	3.02e-08	2.82e-07	2.74e-06	8.08e-04	2.24e-02	1.80e-01	3.49e-01	2.82e-01	1.26e-01	2.71e-02	7.53e-03	4.79e-03	2.54e-04	4.53e-06
 9.74082e+22	1.92e-27	7.61e-14	2.95e-11	2.26e-09	3.88e-08	3.47e-07	3.24e-06	9.13e-04	2.44e-02	1.90e-01	3.56e-01	2.75e-01	1.18e-01	2.45e-02	6.64e-03	4.08e-03	2.06e-04	3.52e-06
 9.82953e+22	2.61e-27	1.00e-13	3.79e-11	2.82e-09	4.70e-08	4.08e-07	3.69e-06	1.00e-03	2.61e-02	1.98e-01	3.60e-01	2.70e-01	1.13e-01	2.27e-02	6.02e-03	3.61e-03	1.76e-04	2.90e-06
 9.91967e+22	3.91e-27	1.44e-13	5.27e-11	3.77e-09	6.04e-08	5.03e-07	4.37e-06	1.14e-03	2.85e-02	2.09e-01	3.66e-01	2.62e-01	1.05e-01	2.04e-02	5.28e-03	3.05e-03	1.42e-04	2.23e-06
 1.00058e+23	5.14e-27	1.85e-13	6.61e-11	4.59e-09	7.18e-08	5.81e-07	4.91e-06	1.24e-03	3.02e-02	2.16e-01	3.69e-01	2.56e-01	1.00e-01	1.90e-02	4.82e-03	2.72e-03	1.23e-04	1.87e-06
 1.00868e+23	7.36e-27	2.57e-13	8.89e-11	5.96e-09	9.00e-08	7.02e-07	5.73e-06	1.38e-03	3.26e-02	2.26e-01	3.74e-01	2.48e-01	9.41e-02	1.72e-02	4.26e-03	2.33e-03	1.01e-04	1.47e-06
 1.01684e+23	9.66e-27	3.29e-13	1.11e-10	7.26e-09	1.07e-07	8.11e-07	6.44e-06	1.50e-03	3.45e-02	2.34e-01	3.76e-01	2.42e-01	8.94e-02	1.59e-02	3.88e-03	2.07e-03	8.65e-05	1.22e-06
 1.02507e+23	1.38e-26	4.58e-13	1.50e-10	9.45e-09	1.34e-07	9.83e-07	7.53e-06	1.68e-03	3.72e-02	2.44e-01	3.80e-01	2.34e-01	8.33e-02	1.43e-02	3.42e-03	1.76e-03	7.04e-05	9.49e-07
 1.03338e+23	1.82e-26	5.91e-13	1.90e-10	1.16e-08	1.60e-07	1.14e-06	8.49e-06	1.83e-03	3.95e-02	2.53e-01	3.82e-01	2.27e-01	7.88e-02	1.32e-02	3.09e-03	1.55e-03	5.99e-05	7.81e-07
 1.04180e+23	2.62e-26	8.27e-13	2.57e-10	1.51e-08	2.03e-07	1.39e-06	9.97e-06	2.04e-03	4.26e-02	2.64e-01	3.84e-01	2.19e-01	7.30e-02	1.18e-02	2.70e-03	1.31e-03	4.82e-05	6.00e-07
 1.05033e+23	3.46e-26	1.07e-12	3.26e-10	1.86e-08	2.43e-07	1.62e-06	1.13e-05	2.23e-03	4.52e-02	2.72e-01	3.85e-01	2.12e-01	6.87e-02	1.08e-02	2.43e-03	1.15e-03	4.07e-05	4.88e-07
 1.05901e+23	4.97e-26	1.51e-12	4.45e-10	2.45e-08	3.09e-07	1.98e-06	1.33e-05	2.51e-03	4.88e-02	2.84e-01	3.87e-01	2.02e-01	6.32e-02	9.57e-03	2.10e-03	9.55e-04	3.22e-05	3.69e-07
 1.06780e+23	6.57e-26	1.97e-12	5.66e-10	3.02e-08	3.72e-07	2.32e-06	1.52e-05	2.75e-03	5.19e-02	2.93e-01	3.87e-01	1.95e-01	5.91e-02	8.70e-03	1.88e-03	8.29e-04	2.69e-05	2.97e-07
 1.07675e+23	9.40e-26	2.79e-12	7.75e-10	3.99e-08	4.76e-07	2.86e-06	1.80e-05	3.10e-03	5.61e-02	3.05e-01	3.87e-01	1.85e-01	5.40e-02	7.64e-03	1.61e-03	6.83e-04	2.11e-05	2.21e-07
 1.08591e+23	1.26e-25	3.68e-12	9.98e-10	4.98e-08	5.80e-07	3.38e-06	2.07e-05	3.41e-03	5.97e-02	3.15e-01	3.86e-01	1.77e-01	5.00e-02	6.86e-03	1.42e-03	5.83e-04	1.73e-05	1.74e-07
 1.09533e+23	1.80e-25	5.26e-12	1.38e-09	6.64e-08	7.49e-07	4.21e-06	2.48e-05	3.87e-03	6.48e-02	3.28e-01	3.84e-01	1.66e-01	4.52e-02	5.94e-03	1.20e-03	4.73e-04	1.33e-05	1.26e-07
 1.10488e+23	2.39e-25	6.96e-12	1.78e-09	8.33e-08	9.17e-07	5.01e-06	2.87e-05	4.28e-03	6.91e-02	3.39e-01	3.82e-01	1.58e-01	4.15e-02	5.29e-03	1.05e-03	3.99e-04	1.07e-05	0.00e+00
 1.11429e+23	3.32e-25	9.74e-12	2.42e-09	1.10e-07	1.18e-06	6.20e-06	3.44e-05	4.84e-03	7.47e-02	3.51e-01	3.78e-01	1.48e-01	3.73e-02	4.56e-03	8.89e-04	3.23e-04	8.19e-06	0.00e+00
 1.12329e+23	4.23e-25	1.24e-11	3.02e-09	1.34e-07	1.41e-06	7.25e-06	3.92e-05	5.30e-03	7.91e-02	3.60e-01	3.75e-01	1.41e-01	3.44e-02	4.09e-03	7.85e-04	2.76e-04	6.73e-06	0.00e+00
 1.13204e+23	5.67e-25	1.69e-11	4.01e-09	1.73e-07	1.78e-06	8.89e-06	4.66e-05	5.97e-03	8.52e-02	3.72e-01	3.70e-01	1.31e-01	3.09e-02	3.52e-03	6.64e-04	2.23e-04	5.16e-06	0.00e+00
 1.14096e+23	7.18e-25	2.15e-11	5.02e-09	2.12e-07	2.14e-06	1.05e-05	5.35e-05	6.57e-03	9.03e-02	3.82e-01	3.65e-01	1.24e-01	2.82e-02	3.12e-03	5.80e-04	1.88e-04	4.17e-06	0.00e+00
 1.14964e+23	9.28e-25	2.84e-11	6.50e-09	2.68e-07	2.67e-06	1.27e-05	6.32e-05	7.35e-03	9.68e-02	3.93e-01	3.59e-01	1.16e-01	2.53e-02	2.70e-03	4.92e-04	1.53e-04	3.22e-06	0.00e+00
 1.15851e+23	1.15e-24	3.61e-11	8.13e-09	3.30e-07	3.23e-06	1.50e-05	7.32e-05	8.12e-03	1.03e-01	4.02e-01	3.53e-01	1.08e-01	2.29e-02	2.36e-03	4.25e-04	1.27e-04	2.56e-06	0.00e+00
 1.16716e+23	1.44e-24	4.64e-11	1.03e-08	4.10e-07	3.96e-06	1.80e-05	8.58e-05	9.05e-03	1.10e-01	4.12e-01	3.45e-01	1.01e-01	2.06e-02	2.04e-03	3.61e-04	1.04e-04	1.99e-06	0.00e+00
 1.17598e+23	1.76e-24	5.85e-11	1.28e-08	5.04e-07	4.81e-06	2.14e-05	9.98e-05	1.00e-02	1.17e-01	4.21e-01	3.38e-01	9.35e-02	1.85e-02	1.77e-03	3.09e-04	8.54e-05	1.56e-06	0.00e+00
 1.18474e+23	2.14e-24	7.35e-11	1.59e-08	6.20e-07	5.86e-06	2.55e-05	1.17e-04	1.11e-02	1.24e-01	4.30e-01	3.29e-01	8.66e-02	1.65e-02	1.53e-03	2.62e-04	6.96e-05	1.21e-06	0.00e+00
 1.19353e+23	2.58e-24	9.12e-11	1.96e-08	7.56e-07	7.09e-06	3.03e-05	1.36e-04	1.24e-02	1.32e-01	4.39e-01	3.21e-01	8.01e-02	1.47e-02	1.32e-03	2.23e-04	5.69e-05	9.41e-07	0.00e+00
 1.20224e+23	3.07e-24	1.12e-10	2.40e-08	9.18e-07	8.55e-06	3.59e-05	1.58e-04	1.37e-02	1.40e-01	4.46e-01	3.12e-01	7.40e-02	1.32e-02	1.14e-03	1.90e-04	4.64e-05	7.32e-07	0.00e+00
 1.21092e+23	3.63e-24	1.36e-10	2.92e-08	1.11e-06	1.03e-05	4.24e-05	1.84e-04	1.51e-02	1.48e-01	4.53e-01	3.02e-01	6.82e-02	1.17e-02	9.81e-04	1.61e-04	3.78e-05	5.69e-07	0.00e+00
 1.21963e+23	4.25e-24	1.65e-10	3.53e-08	1.34e-06	1.23e-05	5.00e-05	2.14e-04	1.67e-02	1.56e-01	4.60e-01	2.92e-01	6.27e-02	1.04e-02	8.43e-04	1.36e-04	3.08e-05	4.41e-07	0.00e+00
 1.22838e+23	4.96e-24	1.97e-10	4.24e-08	1.61e-06	1.47e-05	5.88e-05	2.48e-04	1.85e-02	1.65e-01	4.66e-01	2.82e-01	5.76e-02	9.25e-03	7.24e-04	1.15e-04	2.50e-05	3.42e-07	0.00e+00
 1.23720e+23	5.77e-24	2.35e-10	5.08e-08	1.92e-06	1.76e-05	6.92e-05	2.88e-04	2.04e-02	1.75e-01	4.71e-01	2.72e-01	5.27e-02	8.19e-03	6.20e-04	9.73e-05	2.03e-05	2.64e-07	0.00e+00
 1.24610e+23	6.70e-24	2.78e-10	6.07e-08	2.29e-06	2.10e-05	8.14e-05	3.35e-04	2.25e-02	1.84e-01	4.75e-01	2.62e-01	4.82e-02	7.24e-03	5.30e-04	8.20e-05	1.64e-05	2.03e-07	0.00e+00
 1.25511e+23	7.78e-24	3.28e-10	7.23e-08	2.74e-06	2.50e-05	9.56e-05	3.89e-04	2.49e-02	1.94e-01	4.79e-01	2.51e-01	4.39e-02	6.38e-03	4.52e-04	6.89e-05	1.32e-05	1.56e-07	0.00e+00
 1.26417e+23	9.02e-24	3.83e-10	8.57e-08	3.25e-06	2.96e-05	1.12e-04	4.51e-04	2.74e-02	2.04e-01	4.81e-01	2.40e-01	4.00e-02	5.63e-03	3.86e-04	5.79e-05	1.07e-05	1.20e-07	0.00e+00
 1.27338e+23	1.05e-23	4.48e-10	1.02e-07	3.86e-06	3.53e-05	1.31e-04	5.24e-04	3.02e-02	2.15e-01	4.83e-01	2.30e-01	3.63e-02	4.94e-03	3.27e-04	4.84e-05	8.57e-06	0.00e+00	0.00e+00
 1.28271e+23	1.22e-23	5.19e-10	1.20e-07	4.57e-06	4.17e-05	1.53e-04	6.07e-04	3.33e-02	2.26e-01	4.84e-01	2.19e-01	3.29e-02	4.34e-03	2.78e-04	4.05e-05	6.89e-06	0.00e+00	0.00e+00
 1.29222e+23	8.24e-23	6.01e-10	1.42e-07	5.43e-06	4.96e-05	1.80e-04	7.07e-04	3.67e-02	2.37e-01	4.84e-01	2.08e-01	2.96e-02	3.78e-03	2.34e-04	3.35e-05	5.47e-06	0.00e+00	0.00e+00
 1.30107e+23	9.86e-23	6.78e-10	1.63e-07	6.24e-06	5.70e-05	2.05e-04	7.97e-04	3.97e-02	2.46e-01	4.83e-01	1.99e-01	2.72e-02	3.39e-03	2.04e-04	2.89e-05	4.56e-06	0.00e+00	0.00e+00
 1.31018e+23	1.21e-22	7.85e-10	1.94e-07	7.44e-06	6.80e-05	2.41e-04	9.32e-04	4.39e-02	2.58e-01	4.81e-01	1.88e-01	2.44e-02	2.93e-03	1.70e-04	2.37e-05	3.59e-06	0.00e+00	0.00e+00
 1.31946e+23	1.44e-22	8.84e-10	2.23e-07	8.56e-06	7.82e-05	2.74e-04	1.05e-03	4.75e-02	2.68e-01	4.79e-01	1.79e-01	2.23e-02	2.62e-03	1.48e-04	2.03e-05	2.96e-06	0.00e+00	0.00e+00
 1.32899e+23	1.80e-22	1.02e-09	2.65e-07	1.02e-05	9.34e-05	3.23e-04	1.24e-03	5.25e-02	2.81e-01	4.75e-01	1.68e-01	1.98e-02	2.25e-03	1.22e-04	1.65e-05	2.31e-06	0.00e+00	0.00e+00
 1.33853e+23	2.20e-22	1.15e-09	3.05e-07	1.17e-05	1.07e-04	3.66e-04	1.39e-03	5.65e-02	2.90e-01	4.71e-01	1.60e-01	1.81e-02	2.01e-03	1.06e-04	1.42e-05	1.91e-06	0.00e+00	0.00e+00
 1.34810e+23	2.81e-22	1.32e-09	3.63e-07	1.40e-05	1.27e-04	4.28e-04	1.62e-03	6.23e-02	3.03e-01	4.66e-01	1.49e-01	1.60e-02	1.72e-03	8.83e-05	1.15e-05	1.49e-06	0.00e+00	0.00e+00
 1.35774e+23	3.46e-22	1.49e-09	4.16e-07	1.60e-05	1.45e-04	4.84e-04	1.81e-03	6.69e-02	3.12e-01	4.61e-01	1.42e-01	1.46e-02	1.53e-03	7.65e-05	9.86e-06	1.24e-06	0.00e+00	0.00e+00
 1.36747e+23	4.53e-22	1.71e-09	4.96e-07	1.90e-05	1.72e-04	5.65e-04	2.11e-03	7.34e-02	3.24e-01	4.53e-01	1.32e-01	1.29e-02	1.32e-03	6.34e-05	8.03e-06	9.63e-07	0.00e+00	0.00e+00
 1.37729e+23	5.70e-22	1.93e-09	5.71e-07	2.18e-05	1.97e-04	6.37e-04	2.36e-03	7.88e-02	3.34e-01	4.47e-01	1.25e-01	1.17e-02	1.17e-03	5.48e-05	6.85e-06	7.95e-07	0.00e+00	0.00e+00
 1.38722e+23	7.65e-22	2.23e-09	6.82e-07	2.59e-05	2.33e-04	7.42e-04	2.73e-03	8.62e-02	3.45e-01	4.38e-01	1.15e-01	1.03e-02	1.00e-03	4.52e-05	5.56e-06	6.18e-07	0.00e+00	0.00e+00
 1.39728e+23	9.89e-22	2.51e-09	7.87e-07	2.98e-05	2.66e-04	8.35e-04	3.06e-03	9.23e-02	3.54e-01	4.30e-01	1.09e-01	9.34e-03	8.85e-04	3.90e-05	4.72e-06	5.07e-07	0.00e+00	0.00e+00
 1.40751e+23	1.38e-21	2.92e-09	9.46e-07	3.55e-05	3.14e-04	9.72e-04	3.53e-03	1.01e-01	3.66e-01	4.20e-01	1.00e-01	8.19e-03	7.54e-04	3.20e-05	3.81e-06	3.92e-07	0.00e+00	0.00e+00
 1.41792e+23	1.85e-21	3.32e-09	1.10e-06	4.10e-05	3.60e-04	1.09e-03	3.95e-03	1.08e-01	3.74e-01	4.11e-01	9.38e-02	7.37e-03	6.64e-04	2.75e-05	3.22e-06	3.20e-07	0.00e+00	0.00e+00
 1.42857e+23	2.70e-21	3.90e-09	1.33e-06	4.91e-05	4.27e-04	1.27e-03	4.57e-03	1.17e-01	3.85e-01	3.99e-01	8.59e-02	6.42e-03	5.62e-04	2.24e-05	2.58e-06	2.45e-07	0.00e+00	0.00e+00
 1.43945e+23	3.82e-21	4.48e-09	1.56e-06	5.70e-05	4.90e-04	1.44e-03	5.11e-03	1.25e-01	3.93e-01	3.89e-01	7.99e-02	5.74e-03	4.92e-04	1.91e-05	2.16e-06	1.99e-07	0.00e+00	0.00e+00
 1.45064e+23	5.99e-21	5.32e-09	1.91e-06	6.89e-05	5.83e-04	1.68e-03	5.91e-03	1.36e-01	4.02e-01	3.75e-01	7.26e-02	4.96e-03	4.13e-04	1.54e-05	1.71e-06	1.50e-07	0.00e+00	0.00e+00
 1.46208e+23	9.18e-21	6.19e-09	2.27e-06	8.05e-05	6.72e-04	1.89e-03	6.60e-03	1.45e-01	4.09e-01	3.64e-01	6.72e-02	4.41e-03	3.59e-04	1.30e-05	1.43e-06	0.00e+00	0.00e+00	0.00e+00
 1.47170e+23	1.37e-20	7.07e-09	2.63e-06	9.22e-05	7.59e-04	2.11e-03	7.28e-03	1.54e-01	4.15e-01	3.54e-01	6.27e-02	3.97e-03	3.17e-04	1.12e-05	1.21e-06	0.00e+00	0.00e+00	0.00e+00
 1.48208e+23	2.30e-20	8.37e-09	3.18e-06	1.10e-04	8.89e-04	2.41e-03	8.26e-03	1.65e-01	4.22e-01	3.41e-01	5.71e-02	3.46e-03	2.69e-04	9.21e-06	9.78e-07	0.00e+00	0.00e+00	0.00e+00
 1.49221e+23	3.68e-20	9.54e-09	3.67e-06	1.25e-04	9.96e-04	2.66e-03	9.02e-03	1.73e-01	4.26e-01	3.31e-01	5.34e-02	3.13e-03	2.40e-04	7.99e-06	8.38e-07	0.00e+00	0.00e+00	0.00e+00
 1.50202e+23	6.27e-20	1.12e-08	4.39e-06	1.47e-04	1.15e-03	3.01e-03	1.01e-02	1.85e-01	4.31e-01	3.18e-01	4.87e-02	2.74e-03	2.05e-04	6.63e-06	6.84e-07	0.00e+00	0.00e+00	0.00e+00
 1.51192e+23	1.11e-19	1.29e-08	5.09e-06	1.68e-04	1.29e-03	3.32e-03	1.10e-02	1.94e-01	4.34e-01	3.09e-01	4.54e-02	2.48e-03	1.82e-04	5.75e-06	5.86e-07	0.00e+00	0.00e+00	0.00e+00
 1.52194e+23	1.99e-19	1.53e-08	6.13e-06	1.98e-04	1.50e-03	3.75e-03	1.23e-02	2.06e-01	4.38e-01	2.95e-01	4.13e-02	2.16e-03	1.55e-04	4.75e-06	4.77e-07	0.00e+00	0.00e+00	0.00e+00
 1.53210e+23	3.51e-19	1.78e-08	7.15e-06	2.27e-04	1.68e-03	4.13e-03	1.34e-02	2.15e-01	4.40e-01	2.85e-01	3.83e-02	1.95e-03	1.37e-04	4.10e-06	4.06e-07	0.00e+00	0.00e+00	0.00e+00
 1.54245e+23	6.00e-19	2.14e-08	8.67e-06	2.70e-04	1.95e-03	4.68e-03	1.50e-02	2.28e-01	4.42e-01	2.72e-01	3.46e-02	1.69e-03	1.17e-04	3.37e-06	3.28e-07	0.00e+00	0.00e+00	0.00e+00
 1.55294e+23	9.59e-19	2.51e-08	1.02e-05	3.10e-04	2.19e-03	5.15e-03	1.62e-02	2.38e-01	4.43e-01	2.62e-01	3.20e-02	1.52e-03	1.03e-04	2.90e-06	2.78e-07	0.00e+00	0.00e+00	0.00e+00
 1.56363e+23	1.54e-18	3.05e-08	1.24e-05	3.70e-04	2.54e-03	5.83e-03	1.81e-02	2.51e-01	4.43e-01	2.48e-01	2.88e-02	1.31e-03	8.65e-05	2.36e-06	2.23e-07	0.00e+00	0.00e+00	0.00e+00
 1.57450e+23	2.32e-18	3.62e-08	1.46e-05	4.27e-04	2.87e-03	6.42e-03	1.96e-02	2.62e-01	4.43e-01	2.38e-01	2.65e-02	1.17e-03	7.58e-05	2.02e-06	1.88e-07	0.00e+00	0.00e+00	0.00e+00
 1.58561e+23	3.66e-18	4.45e-08	1.80e-05	5.13e-04	3.34e-03	7.28e-03	2.19e-02	2.76e-01	4.41e-01	2.25e-01	2.36e-02	1.00e-03	6.34e-05	1.63e-06	1.49e-07	0.00e+00	0.00e+00	0.00e+00
 1.59695e+23	5.43e-18	5.34e-08	2.14e-05	5.95e-04	3.78e-03	8.03e-03	2.37e-02	2.87e-01	4.40e-01	2.15e-01	2.16e-02	8.90e-04	5.52e-05	1.38e-06	1.25e-07	0.00e+00	0.00e+00	0.00e+00
 1.60857e+23	8.61e-18	6.69e-08	2.67e-05	7.20e-04	4.42e-03	9.11e-03	2.64e-02	3.02e-01	4.36e-01	2.01e-01	1.91e-02	7.56e-04	4.57e-05	1.11e-06	0.00e+00	0.00e+00	0.00e+00	0.00e+00
 1.62050e+23	1.28e-17	8.12e-08	3.20e-05	8.42e-04	5.02e-03	1.01e-02	2.86e-02	3.14e-01	4.33e-01	1.91e-01	1.73e-02	6.65e-04	3.94e-05	9.28e-07	0.00e+00	0.00e+00	0.00e+00	0.00e+00
 1.63283e+23	2.10e-17	1.04e-07	4.04e-05	1.03e-03	5.90e-03	1.15e-02	3.18e-02	3.29e-01	4.27e-01	1.78e-01	1.52e-02	5.60e-04	3.23e-05	7.34e-07	0.00e+00	0.00e+00	0.00e+00	0.00e+00
 1.64533e+23	3.16e-17	1.27e-07	4.87e-05	1.21e-03	6.71e-03	1.27e-02	3.45e-02	3.41e-01	4.22e-01	1.68e-01	1.37e-02	4.90e-04	2.76e-05	6.11e-07	0.00e+00	0.00e+00	0.00e+00	0.00e+00
 1.65806e+23	5.32e-17	1.65e-07	6.18e-05	1.48e-03	7.90e-03	1.44e-02	3.82e-02	3.56e-01	4.15e-01	1.55e-01	1.19e-02	4.09e-04	2.25e-05	4.79e-07	0.00e+00	0.00e+00	0.00e+00	0.00e+00
 1.67093e+23	8.28e-17	2.04e-07	7.48e-05	1.74e-03	8.97e-03	1.59e-02	4.12e-02	3.67e-01	4.08e-01	1.46e-01	1.07e-02	3.57e-04	1.92e-05	3.97e-07	0.00e+00	0.00e+00	0.00e+00	0.00e+00
 1.68400e+23	1.44e-16	2.66e-07	9.53e-05	2.14e-03	1.06e-02	1.80e-02	4.56e-02	3.82e-01	3.99e-01	1.34e-01	9.23e-03	2.96e-04	1.54e-05	3.09e-07	0.00e+00	0.00e+00	0.00e+00	0.00e+00
 1.69726e+23	2.36e-16	3.32e-07	1.16e-04	2.53e-03	1.20e-02	1.99e-02	4.90e-02	3.93e-01	3.90e-01	1.25e-01	8.24e-03	2.56e-04	1.31e-05	2.54e-07	0.00e+00	0.00e+00	0.00e+00	0.00e+00
 1.70890e+23	3.90e-16	4.12e-07	1.40e-04	2.96e-03	1.36e-02	2.18e-02	5.26e-02	4.03e-01	3.82e-01	1.17e-01	7.34e-03	2.22e-04	1.11e-05	2.09e-07	0.00e+00	0.00e+00	0.00e+00	0.00e+00
 1.72216e+23	7.54e-16	5.42e-07	1.78e-04	3.64e-03	1.59e-02	2.46e-02	5.77e-02	4.16e-01	3.70e-01	1.06e-01	6.28e-03	1.83e-04	8.86e-06	1.62e-07	0.00e+00	0.00e+00	0.00e+00	0.00e+00
 1.73554e+23	2.75e-17	6.76e-07	2.16e-04	4.27e-03	1.80e-02	2.70e-02	6.17e-02	4.25e-01	3.60e-01	9.86e-02	5.57e-03	1.58e-04	7.47e-06	1.33e-07	0.00e+00	0.00e+00	0.00e+00	0.00e+00
 1.74654e+23	2.86e-17	8.18e-07	2.55e-04	4.91e-03	2.00e-02	2.92e-02	6.53e-02	4.32e-01	3.51e-01	9.23e-02	5.01e-03	1.38e-04	6.42e-06	0.00e+00	0.00e+00	0.00e+00	0.00e+00	0.00e+00
 1.75832e+23	4.29e-17	1.04e-06	3.14e-04	5.83e-03	2.28e-02	3.22e-02	7.00e-02	4.41e-01	3.39e-01	8.47e-02	4.37e-03	1.17e-04	5.30e-06	0.00e+00	0.00e+00	0.00e+00	0.00e+00	0.00e+00
 1.77037e+23	6.62e-17	1.28e-06	3.74e-04	6.74e-03	2.54e-02	3.49e-02	7.41e-02	4.47e-01	3.29e-01	7.86e-02	3.88e-03	1.02e-04	4.49e-06	0.00e+00	0.00e+00	0.00e+00	0.00e+00	0.00e+00
 1.78109e+23	9.87e-17	1.55e-06	4.42e-04	7.75e-03	2.82e-02	3.76e-02	7.81e-02	4.53e-01	3.19e-01	7.31e-02	3.46e-03	8.86e-05	3.83e-06	0.00e+00	0.00e+00	0.00e+00	0.00e+00	0.00e+00
 1.79335e+23	1.60e-16	1.99e-06	5.45e-04	9.21e-03	3.21e-02	4.12e-02	8.33e-02	4.58e-01	3.06e-01	6.65e-02	2.99e-03	7.44e-05	3.13e-06	0.00e+00	0.00e+00	0.00e+00	0.00e+00	0.00e+00
 1.80609e+23	2.57e-16	2.48e-06	6.55e-04	1.07e-02	3.59e-02	4.47e-02	8.80e-02	4.63e-01	2.94e-01	6.09e-02	2.62e-03	6.34e-05	2.60e-06	0.00e+00	0.00e+00	0.00e+00	0.00e+00	0.00e+00
 1.81746e+23	3.68e-16	3.04e-06	7.77e-04	1.23e-02	3.98e-02	4.81e-02	9.24e-02	4.66e-01	2.82e-01	5.61e-02	2.31e-03	5.47e-05	2.19e-06	0.00e+00	0.00e+00	0.00e+00	0.00e+00	0.00e+00
 1.83026e+23	2.20e-15	3.91e-06	9.60e-04	1.46e-02	4.51e-02	5.25e-02	9.78e-02	4.68e-01	2.68e-01	5.05e-02	1.98e-03	4.55e-05	1.77e-06	0.00e+00	0.00e+00	0.00e+00	0.00e+00	0.00e+00
 1.84364e+23	1.01e-15	4.91e-06	1.16e-03	1.71e-02	5.04e-02	5.68e-02	1.03e-01	4.69e-01	2.55e-01	4.57e-02	1.70e-03	3.82e-05	1.45e-06	0.00e+00	0.00e+00	0.00e+00	0.00e+00	0.00e+00
 1.85570e+23	1.37e-15	6.06e-06	1.38e-03	1.96e-02	5.57e-02	6.08e-02	1.07e-01	4.69e-01	2.43e-01	4.16e-02	1.49e-03	3.26e-05	1.20e-06	0.00e+00	0.00e+00	0.00e+00	0.00e+00	0.00e+00
 1.86932e+23	2.22e-15	7.89e-06	1.71e-03	2.34e-02	6.30e-02	6.61e-02	1.13e-01	4.67e-01	2.28e-01	3.68e-02	1.25e-03	2.66e-05	9.52e-07	0.00e+00	0.00e+00	0.00e+00	0.00e+00	0.00e+00
 1.88339e+23	3.55e-15	9.94e-06	2.07e-03	2.72e-02	7.00e-02	7.10e-02	1.18e-01	4.63e-01	2.14e-01	3.29e-02	1.06e-03	2.20e-05	7.67e-07	0.00e+00	0.00e+00	0.00e+00	0.00e+00	0.00e+00
 1.89593e+23	5.20e-15	1.23e-05	2.45e-03	3.12e-02	7.70e-02	7.56e-02	1.22e-01	4.59e-01	2.02e-01	2.96e-02	9.13e-04	1.85e-05	6.29e-07	0.00e+00	0.00e+00	0.00e+00	0.00e+00	0.00e+00
 1.91011e+23	8.75e-15	1.60e-05	3.04e-03	3.69e-02	8.65e-02	8.14e-02	1.27e-01	4.52e-01	1.87e-01	2.58e-02	7.54e-04	1.49e-05	4.89e-07	0.00e+00	0.00e+00	0.00e+00	0.00e+00	0.00e+00
 1.92485e+23	1.46e-14	2.02e-05	3.66e-03	4.27e-02	9.55e-02	8.67e-02	1.31e-01	4.43e-01	1.73e-01	2.27e-02	6.31e-04	1.22e-05	3.87e-07	0.00e+00	0.00e+00	0.00e+00	0.00e+00	0.00e+00
 1.93812e+23	2.26e-14	2.51e-05	4.35e-03	4.89e-02	1.04e-01	9.16e-02	1.35e-01	4.34e-01	1.61e-01	2.01e-02	5.34e-04	1.00e-05	3.11e-07	0.00e+00	0.00e+00	0.00e+00	0.00e+00	0.00e+00
 1.95315e+23	4.16e-14	3.30e-05	5.40e-03	5.77e-02	1.16e-01	9.78e-02	1.39e-01	4.20e-01	1.46e-01	1.71e-02	4.28e-04	7.83e-06	2.34e-07	0.00e+00	0.00e+00	0.00e+00	0.00e+00	0.00e+00
 1.96866e+23	7.66e-14	4.15e-05	6.46e-03	6.62e-02	1.27e-01	1.03e-01	1.42e-01	4.07e-01	1.33e-01	1.48e-02	3.53e-04	6.31e-06	1.82e-07	0.00e+00	0.00e+00	0.00e+00	0.00e+00	0.00e+00
 1.98264e+23	1.31e-13	5.16e-05	7.65e-03	7.53e-02	1.38e-01	1.08e-01	1.44e-01	3.93e-01	1.22e-01	1.28e-02	2.92e-04	5.10e-06	1.43e-07	0.00e+00	0.00e+00	0.00e+00	0.00e+00	0.00e+00
 1.99866e+23	3.01e-13	6.79e-05	9.46e-03	8.83e-02	1.52e-01	1.13e-01	1.45e-01	3.73e-01	1.08e-01	1.06e-02	2.28e-04	3.85e-06	0.00e+00	0.00e+00	0.00e+00	0.00e+00	0.00e+00	0.00e+00
 2.01489e+23	8.27e-13	8.48e-05	1.12e-02	1.00e-01	1.64e-01	1.18e-01	1.46e-01	3.55e-01	9.65e-02	9.00e-03	1.84e-04	3.04e-06	0.00e+00	0.00e+00	0.00e+00	0.00e+00	0.00e+00	0.00e+00
 2.02923e+23	1.84e-12	1.05e-04	1.31e-02	1.12e-01	1.75e-01	1.21e-01	1.46e-01	3.38e-01	8.67e-02	7.67e-03	1.50e-04	2.41e-06	0.00e+00	0.00e+00	0.00e+00	0.00e+00	0.00e+00	0.00e+00
 2.04572e+23	1.19e-11	1.37e-04	1.61e-02	1.30e-01	1.89e-01	1.25e-01	1.45e-01	3.14e-01	7.47e-02	6.18e-03	1.13e-04	1.78e-06	0.00e+00	0.00e+00	0.00e+00	0.00e+00	0.00e+00	0.00e+00
 2.06241e+23	9.58e-11	1.68e-04	1.87e-02	1.45e-01	2.00e-01	1.28e-01	1.44e-01	2.94e-01	6.58e-02	5.15e-03	9.00e-05	1.38e-06	0.00e+00	0.00e+00	0.00e+00	0.00e+00	0.00e+00	0.00e+00
 2.07935e+23	4.05e-10	2.17e-04	2.26e-02	1.65e-01	2.14e-01	1.30e-01	1.40e-01	2.69e-01	5.58e-02	4.08e-03	6.73e-05	1.00e-06	0.00e+00	0.00e+00	0.00e+00	0.00e+00	0.00e+00	0.00e+00
 2.09666e+23	8.52e-10	2.68e-04	2.63e-02	1.82e-01	2.24e-01	1.31e-01	1.37e-01	2.48e-01	4.83e-02	3.33e-03	5.23e-05	7.58e-07	0.00e+00	0.00e+00	0.00e+00	0.00e+00	0.00e+00	0.00e+00
 2.11206e+23	1.39e-09	3.27e-04	3.03e-02	2.00e-01	2.33e-01	1.31e-01	1.33e-01	2.27e-01	4.16e-02	2.72e-03	4.07e-05	5.74e-07	0.00e+00	0.00e+00	0.00e+00	0.00e+00	0.00e+00	0.00e+00
 2.12975e+23	2.38e-09	4.18e-04	3.61e-02	2.24e-01	2.43e-01	1.31e-01	1.27e-01	2.02e-01	3.43e-02	2.08e-03	2.94e-05	4.02e-07	0.00e+00	0.00e+00	0.00e+00	0.00e+00	0.00e+00	0.00e+00
 2.14771e+23	3.60e-09	5.08e-04	4.13e-02	2.43e-01	2.50e-01	1.30e-01	1.22e-01	1.83e-01	2.90e-02	1.66e-03	2.24e-05	2.99e-07	0.00e+00	0.00e+00	0.00e+00	0.00e+00	0.00e+00	0.00e+00
 2.16605e+23	5.93e-09	6.48e-04	4.87e-02	2.68e-01	2.57e-01	1.27e-01	1.14e-01	1.59e-01	2.32e-02	1.24e-03	1.57e-05	2.03e-07	0.00e+00	0.00e+00	0.00e+00	0.00e+00	0.00e+00	0.00e+00
 2.18396e+23	8.38e-09	7.70e-04	5.47e-02	2.87e-01	2.61e-01	1.24e-01	1.09e-01	1.43e-01	1.97e-02	9.94e-04	1.20e-05	1.52e-07	0.00e+00	0.00e+00	0.00e+00	0.00e+00	0.00e+00	0.00e+00
 2.20132e+23	1.29e-08	9.57e-04	6.32e-02	3.10e-01	2.64e-01	1.20e-01	1.01e-01	1.24e-01	1.57e-02	7.42e-04	8.49e-06	0.00e+00	0.00e+00	0.00e+00	0.00e+00	0.00e+00	0.00e+00	0.00e+00
 2.21812e+23	1.72e-08	1.11e-03	6.97e-02	3.27e-01	2.65e-01	1.17e-01	9.55e-02	1.12e-01	1.34e-02	6.01e-04	6.62e-06	0.00e+00	0.00e+00	0.00e+00	0.00e+00	0.00e+00	0.00e+00	0.00e+00
 2.23419e+23	2.47e-08	1.34e-03	7.86e-02	3.47e-01	2.64e-01	1.12e-01	8.84e-02	9.69e-02	1.08e-02	4.56e-04	4.77e-06	0.00e+00	0.00e+00	0.00e+00	0.00e+00	0.00e+00	0.00e+00	0.00e+00
 2.25048e+23	3.28e-08	1.56e-03	8.63e-02	3.63e-01	2.63e-01	1.08e-01	8.28e-02	8.61e-02	9.03e-03	3.63e-04	3.66e-06	0.00e+00	0.00e+00	0.00e+00	0.00e+00	0.00e+00	0.00e+00	0.00e+00
 2.26706e+23	4.62e-08	1.87e-03	9.67e-02	3.82e-01	2.60e-01	1.03e-01	7.59e-02	7.38e-02	7.18e-03	2.72e-04	2.60e-06	0.00e+00	0.00e+00	0.00e+00	0.00e+00	0.00e+00	0.00e+00	0.00e+00
 2.28382e+23	6.08e-08	2.16e-03	1.06e-01	3.96e-01	2.56e-01	9.80e-02	7.04e-02	6.49e-02	5.94e-03	2.13e-04	1.97e-06	0.00e+00	0.00e+00	0.00e+00	0.00e+00	0.00e+00	0.00e+00	0.00e+00
 2.30083e+23	8.45e-08	2.59e-03	1.18e-01	4.13e-01	2.51e-01	9.21e-02	6.38e-02	5.49e-02	4.66e-03	1.57e-04	1.38e-06	0.00e+00	0.00e+00	0.00e+00	0.00e+00	0.00e+00	0.00e+00	0.00e+00
 2.31802e+23	1.10e-07	2.98e-03	1.28e-01	4.26e-01	2.45e-01	8.73e-02	5.87e-02	4.78e-02	3.81e-03	1.22e-04	1.03e-06	0.00e+00	0.00e+00	0.00e+00	0.00e+00	0.00e+00	0.00e+00	0.00e+00
 2.33316e+23	1.40e-07	3.41e-03	1.38e-01	4.37e-01	2.39e-01	8.26e-02	5.39e-02	4.16e-02	3.12e-03	9.53e-05	7.74e-07	0.00e+00	0.00e+00	0.00e+00	0.00e+00	0.00e+00	0.00e+00	0.00e+00
 2.35055e+23	1.90e-07	4.05e-03	1.53e-01	4.50e-01	2.31e-01	7.67e-02	4.83e-02	3.48e-02	2.41e-03	6.91e-05	5.35e-07	0.00e+00	0.00e+00	0.00e+00	0.00e+00	0.00e+00	0.00e+00	0.00e+00
 2.36822e+23	2.43e-07	4.64e-03	1.65e-01	4.60e-01	2.23e-01	7.19e-02	4.39e-02	2.98e-02	1.93e-03	5.28e-05	3.93e-07	0.00e+00	0.00e+00	0.00e+00	0.00e+00	0.00e+00	0.00e+00	0.00e+00
 2.38240e+23	2.96e-07	5.19e-03	1.75e-01	4.66e-01	2.17e-01	6.80e-02	4.05e-02	2.63e-02	1.62e-03	4.23e-05	3.05e-07	0.00e+00	0.00e+00	0.00e+00	0.00e+00	0.00e+00	0.00e+00	0.00e+00
 2.39700e+23	3.71e-07	5.90e-03	1.88e-01	4.73e-01	2.09e-01	6.36e-02	3.68e-02	2.25e-02	1.30e-03	3.25e-05	2.25e-07	0.00e+00	0.00e+00	0.00e+00	0.00e+00	0.00e+00	0.00e+00	0.00e+00
 2.41204e+23	4.49e-07	6.59e-03	1.99e-01	4.78e-01	2.02e-01	5.99e-02	3.37e-02	1.97e-02	1.08e-03	2.57e-05	1.73e-07	0.00e+00	0.00e+00	0.00e+00	0.00e+00	0.00e+00	0.00e+00	0.00e+00
 2.42552e+23	5.40e-07	7.32e-03	2.11e-01	4.82e-01	1.95e-01	5.64e-02	3.10e-02	1.73e-02	8.93e-04	2.05e-05	1.34e-07	0.00e+00	0.00e+00	0.00e+00	0.00e+00	0.00e+00	0.00e+00	0.00e+00
 2.44090e+23	6.74e-07	8.33e-03	2.26e-01	4.85e-01	1.86e-01	5.22e-02	2.78e-02	1.46e-02	7.05e-04	1.54e-05	0.00e+00	0.00e+00	0.00e+00	0.00e+00	0.00e+00	0.00e+00	0.00e+00	0.00e+00
 2.45640e+23	8.09e-07	9.27e-03	2.38e-01	4.87e-01	1.78e-01	4.88e-02	2.53e-02	1.26e-02	5.78e-04	1.21e-05	0.00e+00	0.00e+00	0.00e+00	0.00e+00	0.00e+00	0.00e+00	0.00e+00	0.00e+00
 2.46994e+23	9.62e-07	1.03e-02	2.50e-01	4.88e-01	1.71e-01	4.57e-02	2.31e-02	1.10e-02	4.76e-04	9.62e-06	0.00e+00	0.00e+00	0.00e+00	0.00e+00	0.00e+00	0.00e+00	0.00e+00	0.00e+00
 2.48541e+23	1.18e-06	1.16e-02	2.66e-01	4.88e-01	1.62e-01	4.20e-02	2.06e-02	9.25e-03	3.74e-04	7.20e-06	0.00e+00	0.00e+00	0.00e+00	0.00e+00	0.00e+00	0.00e+00	0.00e+00	0.00e+00
 2.50116e+23	1.40e-06	1.28e-02	2.80e-01	4.87e-01	1.54e-01	3.91e-02	1.87e-02	7.97e-03	3.04e-04	5.63e-06	0.00e+00	0.00e+00	0.00e+00	0.00e+00	0.00e+00	0.00e+00	0.00e+00	0.00e+00
