#depth	N	N+	N+2	N+3	N+4	N+5	N+6	N+7
 1.54284e+22	3.29e-27	8.07e-21	5.29e-16	4.00e-12	1.02e-08	5.18e-05	1.42e-02	9.86e-01
 3.54355e+22	4.53e-26	7.09e-20	3.03e-15	1.51e-11	2.53e-08	1.06e-04	2.11e-02	9.79e-01
 4.23035e+22	1.78e-25	2.21e-19	7.53e-15	3.03e-11	4.04e-08	1.53e-04	2.58e-02	9.74e-01
 4.57375e+22	3.69e-25	4.04e-19	1.22e-14	4.37e-11	5.16e-08	1.86e-04	2.87e-02	9.71e-01
 4.71775e+22	4.53e-25	4.79e-19	1.40e-14	4.84e-11	5.53e-08	1.96e-04	2.95e-02	9.70e-01
 4.78568e+22	5.69e-25	5.80e-19	1.63e-14	5.45e-11	5.99e-08	2.09e-04	3.05e-02	9.69e-01
 4.85806e+22	7.18e-25	7.02e-19	1.91e-14	6.13e-11	6.47e-08	2.22e-04	3.15e-02	9.68e-01
 4.92285e+22	8.80e-25	8.32e-19	2.18e-14	6.79e-11	6.93e-08	2.34e-04	3.25e-02	9.67e-01
 4.98130e+22	1.07e-24	9.77e-19	2.48e-14	7.49e-11	7.39e-08	2.46e-04	3.33e-02	9.66e-01
 5.03575e+22	1.28e-24	1.14e-18	2.81e-14	8.23e-11	7.87e-08	2.58e-04	3.42e-02	9.66e-01
 5.09739e+22	1.63e-24	1.39e-18	3.30e-14	9.28e-11	8.53e-08	2.75e-04	3.53e-02	9.64e-01
 5.15736e+22	1.95e-24	1.61e-18	3.73e-14	1.02e-10	9.07e-08	2.88e-04	3.62e-02	9.63e-01
 5.20700e+22	2.32e-24	1.87e-18	4.19e-14	1.11e-10	9.63e-08	3.02e-04	3.71e-02	9.63e-01
 5.26339e+22	2.89e-24	2.24e-18	4.86e-14	1.25e-10	1.04e-07	3.19e-04	3.82e-02	9.61e-01
 5.31898e+22	3.46e-24	2.60e-18	5.48e-14	1.37e-10	1.10e-07	3.34e-04	3.91e-02	9.61e-01
 5.36529e+22	4.12e-24	3.02e-18	6.17e-14	1.50e-10	1.17e-07	3.49e-04	4.00e-02	9.60e-01
 5.41041e+22	4.89e-24	3.47e-18	6.92e-14	1.63e-10	1.24e-07	3.65e-04	4.09e-02	9.59e-01
 5.46217e+22	6.06e-24	4.16e-18	8.01e-14	1.82e-10	1.34e-07	3.85e-04	4.21e-02	9.58e-01
 5.51523e+22	7.30e-24	4.86e-18	9.09e-14	2.01e-10	1.43e-07	4.04e-04	4.31e-02	9.56e-01
 5.56228e+22	8.72e-24	5.64e-18	1.03e-13	2.20e-10	1.52e-07	4.23e-04	4.41e-02	9.55e-01
 5.60674e+22	1.04e-23	6.57e-18	1.16e-13	2.42e-10	1.61e-07	4.42e-04	4.52e-02	9.54e-01
 5.64798e+22	1.24e-23	7.57e-18	1.30e-13	2.64e-10	1.71e-07	4.61e-04	4.61e-02	9.53e-01
 5.69400e+22	1.52e-23	9.00e-18	1.50e-13	2.94e-10	1.84e-07	4.85e-04	4.73e-02	9.52e-01
 5.74148e+22	1.84e-23	1.06e-17	1.71e-13	3.24e-10	1.96e-07	5.09e-04	4.85e-02	9.51e-01
 5.78284e+22	2.19e-23	1.22e-17	1.92e-13	3.55e-10	2.08e-07	5.31e-04	4.95e-02	9.50e-01
 5.82863e+22	2.74e-23	1.48e-17	2.24e-13	3.99e-10	2.25e-07	5.60e-04	5.09e-02	9.49e-01
 5.87557e+22	3.35e-23	1.75e-17	2.57e-13	4.43e-10	2.41e-07	5.88e-04	5.21e-02	9.47e-01
 5.91673e+22	4.04e-23	2.04e-17	2.92e-13	4.88e-10	2.57e-07	6.15e-04	5.33e-02	9.46e-01
 5.96298e+22	5.17e-23	2.52e-17	3.46e-13	5.56e-10	2.81e-07	6.52e-04	5.49e-02	9.44e-01
 6.00988e+22	6.34e-23	2.99e-17	3.98e-13	6.18e-10	3.01e-07	6.85e-04	5.62e-02	9.43e-01
 6.04994e+22	7.63e-23	3.50e-17	4.52e-13	6.81e-10	3.21e-07	7.16e-04	5.74e-02	9.42e-01
 6.09436e+22	1.00e-22	4.41e-17	5.46e-13	7.86e-10	3.53e-07	7.62e-04	5.93e-02	9.40e-01
 6.13805e+22	1.20e-22	5.14e-17	6.20e-13	8.66e-10	3.77e-07	7.96e-04	6.05e-02	9.39e-01
 6.18081e+22	1.58e-22	6.46e-17	7.46e-13	9.97e-10	4.14e-07	8.46e-04	6.24e-02	9.37e-01
 6.22283e+22	1.88e-22	7.51e-17	8.44e-13	1.10e-09	4.41e-07	8.83e-04	6.36e-02	9.35e-01
 6.26387e+22	2.49e-22	9.52e-17	1.03e-12	1.27e-09	4.86e-07	9.40e-04	6.56e-02	9.33e-01
 6.30454e+22	2.99e-22	1.11e-16	1.16e-12	1.40e-09	5.19e-07	9.81e-04	6.70e-02	9.32e-01
 6.34473e+22	3.97e-22	1.41e-16	1.42e-12	1.63e-09	5.73e-07	1.04e-03	6.91e-02	9.30e-01
 6.38522e+22	4.85e-22	1.68e-16	1.63e-12	1.81e-09	6.15e-07	1.09e-03	7.06e-02	9.28e-01
 6.42610e+22	6.50e-22	2.15e-16	2.00e-12	2.11e-09	6.82e-07	1.17e-03	7.28e-02	9.26e-01
 6.46756e+22	8.07e-22	2.58e-16	2.33e-12	2.37e-09	7.36e-07	1.23e-03	7.45e-02	9.24e-01
 6.50978e+22	1.09e-21	3.33e-16	2.86e-12	2.78e-09	8.18e-07	1.31e-03	7.69e-02	9.22e-01
 6.55159e+22	1.36e-21	4.03e-16	3.35e-12	3.13e-09	8.86e-07	1.38e-03	7.88e-02	9.20e-01
 6.59288e+22	1.84e-21	5.21e-16	4.13e-12	3.68e-09	9.86e-07	1.47e-03	8.13e-02	9.17e-01
 6.63484e+22	2.34e-21	6.39e-16	4.89e-12	4.18e-09	1.07e-06	1.55e-03	8.34e-02	9.15e-01
 6.67769e+22	3.21e-21	8.37e-16	6.11e-12	4.95e-09	1.20e-06	1.67e-03	8.62e-02	9.12e-01
 6.72099e+22	4.12e-21	1.04e-15	7.29e-12	5.66e-09	1.31e-06	1.76e-03	8.85e-02	9.10e-01
 6.76485e+22	5.73e-21	1.37e-15	9.19e-12	6.75e-09	1.48e-06	1.89e-03	9.16e-02	9.07e-01
 6.80896e+22	7.37e-21	1.70e-15	1.10e-11	7.73e-09	1.62e-06	2.00e-03	9.40e-02	9.04e-01
 6.84700e+22	9.45e-21	2.11e-15	1.31e-11	8.84e-09	1.77e-06	2.11e-03	9.64e-02	9.01e-01
 6.89004e+22	1.30e-20	2.76e-15	1.64e-11	1.05e-08	1.99e-06	2.27e-03	9.97e-02	8.98e-01
 6.93318e+22	1.66e-20	3.41e-15	1.95e-11	1.20e-08	2.17e-06	2.40e-03	1.02e-01	8.95e-01
 6.97644e+22	2.29e-20	4.49e-15	2.44e-11	1.42e-08	2.44e-06	2.57e-03	1.06e-01	8.92e-01
 7.02006e+22	2.90e-20	5.50e-15	2.89e-11	1.62e-08	2.66e-06	2.72e-03	1.08e-01	8.89e-01
 7.06417e+22	4.00e-20	7.23e-15	3.62e-11	1.92e-08	2.99e-06	2.92e-03	1.12e-01	8.85e-01
 7.10914e+22	5.07e-20	8.87e-15	4.29e-11	2.19e-08	3.26e-06	3.08e-03	1.15e-01	8.82e-01
 7.15522e+22	6.99e-20	1.17e-14	5.39e-11	2.61e-08	3.67e-06	3.31e-03	1.19e-01	8.78e-01
 7.20246e+22	8.91e-20	1.44e-14	6.40e-11	2.98e-08	4.01e-06	3.50e-03	1.22e-01	8.75e-01
 7.25121e+22	1.23e-19	1.89e-14	8.03e-11	3.54e-08	4.52e-06	3.77e-03	1.26e-01	8.70e-01
 7.30095e+22	1.57e-19	2.34e-14	9.58e-11	4.06e-08	4.95e-06	3.99e-03	1.29e-01	8.67e-01
 7.35199e+22	2.16e-19	3.07e-14	1.20e-10	4.83e-08	5.58e-06	4.30e-03	1.34e-01	8.62e-01
 7.40339e+22	2.75e-19	3.78e-14	1.43e-10	5.51e-08	6.11e-06	4.55e-03	1.37e-01	8.58e-01
 7.45526e+22	3.74e-19	4.92e-14	1.78e-10	6.53e-08	6.87e-06	4.89e-03	1.42e-01	8.53e-01
 7.50846e+22	4.77e-19	6.06e-14	2.11e-10	7.47e-08	7.53e-06	5.18e-03	1.46e-01	8.49e-01
 7.55453e+22	5.94e-19	7.33e-14	2.48e-10	8.44e-08	8.19e-06	5.46e-03	1.49e-01	8.45e-01
 7.60554e+22	7.88e-19	9.33e-14	3.03e-10	9.87e-08	9.13e-06	5.84e-03	1.54e-01	8.40e-01
 7.65722e+22	9.81e-19	1.13e-13	3.55e-10	1.12e-07	9.94e-06	6.16e-03	1.58e-01	8.36e-01
 7.70977e+22	1.30e-18	1.44e-13	4.34e-10	1.31e-07	1.11e-05	6.59e-03	1.62e-01	8.31e-01
 7.76312e+22	1.61e-18	1.73e-13	5.06e-10	1.47e-07	1.20e-05	6.94e-03	1.66e-01	8.27e-01
 7.80990e+22	1.99e-18	2.07e-13	5.88e-10	1.65e-07	1.31e-05	7.30e-03	1.70e-01	8.23e-01
 7.86309e+22	2.61e-18	2.62e-13	7.17e-10	1.93e-07	1.45e-05	7.81e-03	1.75e-01	8.17e-01
 7.91605e+22	3.16e-18	3.08e-13	8.22e-10	2.15e-07	1.57e-05	8.19e-03	1.79e-01	8.13e-01
 7.96870e+22	4.11e-18	3.86e-13	9.92e-10	2.49e-07	1.74e-05	8.73e-03	1.84e-01	8.07e-01
 8.02238e+22	4.98e-18	4.56e-13	1.14e-09	2.78e-07	1.88e-05	9.16e-03	1.88e-01	8.03e-01
 8.07740e+22	6.47e-18	5.72e-13	1.38e-09	3.22e-07	2.08e-05	9.77e-03	1.93e-01	7.97e-01
 8.13346e+22	7.87e-18	6.77e-13	1.59e-09	3.60e-07	2.25e-05	1.03e-02	1.97e-01	7.92e-01
 8.19087e+22	1.02e-17	8.49e-13	1.92e-09	4.18e-07	2.50e-05	1.10e-02	2.03e-01	7.86e-01
 8.24934e+22	1.25e-17	1.01e-12	2.21e-09	4.67e-07	2.71e-05	1.15e-02	2.07e-01	7.81e-01
 8.30918e+22	1.62e-17	1.26e-12	2.68e-09	5.43e-07	3.01e-05	1.23e-02	2.13e-01	7.74e-01
 8.36767e+22	1.93e-17	1.46e-12	3.03e-09	5.99e-07	3.23e-05	1.29e-02	2.18e-01	7.70e-01
 8.42442e+22	2.48e-17	1.82e-12	3.64e-09	6.91e-07	3.57e-05	1.37e-02	2.23e-01	7.63e-01
 8.48201e+22	2.94e-17	2.11e-12	4.12e-09	7.63e-07	3.83e-05	1.43e-02	2.28e-01	7.58e-01
 8.54070e+22	3.74e-17	2.59e-12	4.90e-09	8.76e-07	4.23e-05	1.52e-02	2.34e-01	7.51e-01
 8.60120e+22	4.53e-17	3.06e-12	5.64e-09	9.78e-07	4.57e-05	1.60e-02	2.38e-01	7.46e-01
 8.66405e+22	5.75e-17	3.76e-12	6.70e-09	1.12e-06	5.04e-05	1.70e-02	2.44e-01	7.39e-01
 8.72892e+22	7.04e-17	4.48e-12	7.76e-09	1.26e-06	5.48e-05	1.79e-02	2.50e-01	7.32e-01
 8.79642e+22	9.01e-17	5.54e-12	9.28e-09	1.45e-06	6.06e-05	1.90e-02	2.56e-01	7.25e-01
 8.86568e+22	1.11e-16	6.62e-12	1.08e-08	1.64e-06	6.60e-05	2.00e-02	2.62e-01	7.18e-01
 8.93725e+22	1.42e-16	8.23e-12	1.30e-08	1.89e-06	7.33e-05	2.14e-02	2.69e-01	7.10e-01
 9.01108e+22	1.76e-16	9.90e-12	1.51e-08	2.14e-06	8.01e-05	2.26e-02	2.75e-01	7.03e-01
 9.08786e+22	2.29e-16	1.24e-11	1.83e-08	2.49e-06	8.92e-05	2.41e-02	2.82e-01	6.93e-01
 9.16725e+22	2.87e-16	1.51e-11	2.15e-08	2.84e-06	9.79e-05	2.56e-02	2.89e-01	6.86e-01
 9.23901e+22	3.55e-16	1.81e-11	2.52e-08	3.22e-06	1.07e-04	2.70e-02	2.95e-01	6.78e-01
 9.32128e+22	4.66e-16	2.29e-11	3.07e-08	3.76e-06	1.20e-04	2.89e-02	3.03e-01	6.68e-01
 9.40530e+22	5.85e-16	2.79e-11	3.62e-08	4.29e-06	1.32e-04	3.06e-02	3.10e-01	6.59e-01
 9.48028e+22	7.24e-16	3.35e-11	4.22e-08	4.85e-06	1.44e-04	3.23e-02	3.16e-01	6.51e-01
 9.56643e+22	9.72e-16	4.32e-11	5.23e-08	5.76e-06	1.62e-04	3.48e-02	3.25e-01	6.40e-01
 9.65322e+22	1.20e-15	5.19e-11	6.11e-08	6.52e-06	1.77e-04	3.68e-02	3.32e-01	6.31e-01
 9.74082e+22	1.62e-15	6.71e-11	7.58e-08	7.75e-06	2.01e-04	3.96e-02	3.41e-01	6.19e-01
 9.82953e+22	2.02e-15	8.15e-11	8.93e-08	8.82e-06	2.20e-04	4.19e-02	3.48e-01	6.10e-01
 9.91967e+22	2.73e-15	1.06e-10	1.11e-07	1.05e-05	2.50e-04	4.52e-02	3.57e-01	5.97e-01
 1.00058e+23	3.34e-15	1.26e-10	1.29e-07	1.18e-05	2.72e-04	4.75e-02	3.64e-01	5.88e-01
 1.00868e+23	4.39e-15	1.59e-10	1.57e-07	1.39e-05	3.04e-04	5.08e-02	3.72e-01	5.76e-01
 1.01684e+23	5.37e-15	1.90e-10	1.82e-07	1.56e-05	3.31e-04	5.35e-02	3.79e-01	5.67e-01
 1.02507e+23	7.09e-15	2.41e-10	2.23e-07	1.84e-05	3.72e-04	5.73e-02	3.88e-01	5.55e-01
 1.03338e+23	8.75e-15	2.89e-10	2.61e-07	2.08e-05	4.07e-04	6.04e-02	3.94e-01	5.45e-01
 1.04180e+23	1.16e-14	3.70e-10	3.21e-07	2.46e-05	4.58e-04	6.48e-02	4.03e-01	5.31e-01
 1.05033e+23	1.44e-14	4.46e-10	3.77e-07	2.80e-05	5.02e-04	6.84e-02	4.10e-01	5.21e-01
 1.05901e+23	1.93e-14	5.76e-10	4.68e-07	3.34e-05	5.70e-04	7.35e-02	4.19e-01	5.07e-01
 1.06780e+23	2.41e-14	6.98e-10	5.52e-07	3.81e-05	6.26e-04	7.77e-02	4.26e-01	4.96e-01
 1.07675e+23	3.24e-14	9.03e-10	6.88e-07	4.56e-05	7.12e-04	8.36e-02	4.35e-01	4.80e-01
 1.08591e+23	4.10e-14	1.11e-09	8.21e-07	5.27e-05	7.89e-04	8.87e-02	4.42e-01	4.68e-01
 1.09533e+23	5.56e-14	1.45e-09	1.03e-06	6.37e-05	9.04e-04	9.58e-02	4.51e-01	4.52e-01
 1.10488e+23	7.07e-14	1.79e-09	1.24e-06	7.39e-05	1.01e-03	1.02e-01	4.58e-01	4.39e-01
 1.11429e+23	9.46e-14	2.31e-09	1.55e-06	8.88e-05	1.15e-03	1.10e-01	4.67e-01	4.23e-01
 1.12329e+23	1.17e-13	2.78e-09	1.82e-06	1.01e-04	1.26e-03	1.16e-01	4.72e-01	4.11e-01
 1.13204e+23	1.53e-13	3.53e-09	2.24e-06	1.21e-04	1.44e-03	1.24e-01	4.79e-01	3.95e-01
 1.14096e+23	1.89e-13	4.26e-09	2.64e-06	1.39e-04	1.59e-03	1.31e-01	4.85e-01	3.82e-01
 1.14964e+23	2.42e-13	5.31e-09	3.21e-06	1.64e-04	1.79e-03	1.40e-01	4.91e-01	3.67e-01
 1.15851e+23	3.00e-13	6.42e-09	3.80e-06	1.89e-04	1.99e-03	1.48e-01	4.96e-01	3.54e-01
 1.16716e+23	3.76e-13	7.85e-09	4.54e-06	2.21e-04	2.22e-03	1.57e-01	5.00e-01	3.40e-01
 1.17598e+23	4.63e-13	9.48e-09	5.38e-06	2.56e-04	2.48e-03	1.66e-01	5.04e-01	3.27e-01
 1.18474e+23	5.71e-13	1.14e-08	6.38e-06	2.97e-04	2.76e-03	1.76e-01	5.08e-01	3.13e-01
 1.19353e+23	6.97e-13	1.37e-08	7.52e-06	3.43e-04	3.07e-03	1.86e-01	5.11e-01	3.00e-01
 1.20224e+23	8.44e-13	1.63e-08	8.82e-06	3.95e-04	3.41e-03	1.97e-01	5.13e-01	2.87e-01
 1.21092e+23	1.02e-12	1.93e-08	1.03e-05	4.54e-04	3.79e-03	2.07e-01	5.14e-01	2.74e-01
 1.21963e+23	1.22e-12	2.28e-08	1.20e-05	5.21e-04	4.20e-03	2.18e-01	5.15e-01	2.62e-01
 1.22838e+23	1.45e-12	2.68e-08	1.40e-05	5.97e-04	4.64e-03	2.29e-01	5.16e-01	2.49e-01
 1.23720e+23	1.71e-12	3.13e-08	1.62e-05	6.82e-04	5.14e-03	2.41e-01	5.16e-01	2.37e-01
 1.24610e+23	2.01e-12	3.65e-08	1.87e-05	7.79e-04	5.67e-03	2.53e-01	5.15e-01	2.26e-01
 1.25511e+23	2.36e-12	4.24e-08	2.16e-05	8.88e-04	6.27e-03	2.65e-01	5.13e-01	2.14e-01
 1.26417e+23	2.75e-12	4.89e-08	2.47e-05	1.01e-03	6.90e-03	2.78e-01	5.11e-01	2.03e-01
 1.27338e+23	3.20e-12	5.65e-08	2.84e-05	1.15e-03	7.62e-03	2.91e-01	5.09e-01	1.92e-01
 1.28271e+23	3.70e-12	6.49e-08	3.25e-05	1.30e-03	8.38e-03	3.04e-01	5.05e-01	1.81e-01
 1.29222e+23	4.34e-12	7.46e-08	3.73e-05	1.48e-03	9.25e-03	3.17e-01	5.01e-01	1.71e-01
 1.30107e+23	4.88e-12	8.34e-08	4.16e-05	1.64e-03	9.99e-03	3.28e-01	4.97e-01	1.63e-01
 1.31018e+23	5.63e-12	9.58e-08	4.77e-05	1.86e-03	1.10e-02	3.43e-01	4.92e-01	1.52e-01
 1.31946e+23	6.30e-12	1.07e-07	5.31e-05	2.06e-03	1.19e-02	3.55e-01	4.87e-01	1.45e-01
 1.32899e+23	7.23e-12	1.22e-07	6.09e-05	2.34e-03	1.32e-02	3.70e-01	4.80e-01	1.35e-01
 1.33853e+23	8.07e-12	1.36e-07	6.75e-05	2.58e-03	1.42e-02	3.81e-01	4.74e-01	1.28e-01
 1.34810e+23	9.20e-12	1.55e-07	7.69e-05	2.91e-03	1.56e-02	3.96e-01	4.66e-01	1.19e-01
 1.35774e+23	1.02e-11	1.71e-07	8.50e-05	3.20e-03	1.68e-02	4.08e-01	4.60e-01	1.12e-01
 1.36747e+23	1.16e-11	1.94e-07	9.66e-05	3.60e-03	1.84e-02	4.23e-01	4.51e-01	1.04e-01
 1.37729e+23	1.28e-11	2.14e-07	1.07e-04	3.95e-03	1.98e-02	4.34e-01	4.44e-01	9.85e-02
 1.38722e+23	1.45e-11	2.42e-07	1.21e-04	4.43e-03	2.16e-02	4.49e-01	4.34e-01	9.12e-02
 1.39728e+23	1.60e-11	2.67e-07	1.33e-04	4.85e-03	2.32e-02	4.60e-01	4.26e-01	8.58e-02
 1.40751e+23	1.81e-11	3.02e-07	1.51e-04	5.43e-03	2.53e-02	4.75e-01	4.15e-01	7.91e-02
 1.41792e+23	2.00e-11	3.34e-07	1.67e-04	5.94e-03	2.71e-02	4.86e-01	4.07e-01	7.42e-02
 1.42857e+23	2.26e-11	3.77e-07	1.89e-04	6.66e-03	2.96e-02	5.00e-01	3.95e-01	6.81e-02
 1.43945e+23	2.50e-11	4.18e-07	2.09e-04	7.28e-03	3.17e-02	5.11e-01	3.86e-01	6.35e-02
 1.45064e+23	2.83e-11	4.74e-07	2.38e-04	8.16e-03	3.47e-02	5.26e-01	3.73e-01	5.79e-02
 1.46208e+23	3.15e-11	5.27e-07	2.64e-04	8.93e-03	3.71e-02	5.36e-01	3.64e-01	5.38e-02
 1.47170e+23	3.46e-11	5.77e-07	2.90e-04	9.66e-03	3.94e-02	5.46e-01	3.55e-01	5.04e-02
 1.48208e+23	3.87e-11	6.47e-07	3.25e-04	1.07e-02	4.25e-02	5.57e-01	3.43e-01	4.62e-02
 1.49221e+23	4.22e-11	7.05e-07	3.54e-04	1.15e-02	4.49e-02	5.65e-01	3.35e-01	4.34e-02
 1.50202e+23	4.68e-11	7.82e-07	3.95e-04	1.26e-02	4.81e-02	5.75e-01	3.24e-01	3.98e-02
 1.51192e+23	5.14e-11	8.56e-07	4.31e-04	1.35e-02	5.07e-02	5.83e-01	3.15e-01	3.74e-02
 1.52194e+23	5.71e-11	9.53e-07	4.81e-04	1.47e-02	5.43e-02	5.92e-01	3.04e-01	3.43e-02
 1.53210e+23	6.28e-11	1.05e-06	5.25e-04	1.58e-02	5.71e-02	5.99e-01	2.96e-01	3.20e-02
 1.54245e+23	7.01e-11	1.17e-06	5.87e-04	1.73e-02	6.11e-02	6.07e-01	2.85e-01	2.92e-02
 1.55294e+23	7.75e-11	1.28e-06	6.44e-04	1.86e-02	6.43e-02	6.13e-01	2.76e-01	2.73e-02
 1.56363e+23	8.68e-11	1.44e-06	7.22e-04	2.03e-02	6.88e-02	6.21e-01	2.65e-01	2.48e-02
 1.57450e+23	9.66e-11	1.59e-06	7.93e-04	2.18e-02	7.23e-02	6.26e-01	2.56e-01	2.30e-02
 1.58561e+23	1.09e-10	1.79e-06	8.93e-04	2.39e-02	7.73e-02	6.32e-01	2.45e-01	2.08e-02
 1.59695e+23	1.22e-10	1.99e-06	9.85e-04	2.57e-02	8.12e-02	6.37e-01	2.36e-01	1.92e-02
 1.60857e+23	1.38e-10	2.26e-06	1.11e-03	2.82e-02	8.68e-02	6.42e-01	2.25e-01	1.73e-02
 1.62050e+23	1.55e-10	2.52e-06	1.24e-03	3.04e-02	9.14e-02	6.45e-01	2.16e-01	1.59e-02
 1.63283e+23	1.78e-10	2.89e-06	1.41e-03	3.34e-02	9.77e-02	6.49e-01	2.04e-01	1.42e-02
 1.64533e+23	2.02e-10	3.24e-06	1.57e-03	3.60e-02	1.03e-01	6.51e-01	1.96e-01	1.30e-02
 1.65806e+23	2.33e-10	3.73e-06	1.79e-03	3.96e-02	1.10e-01	6.53e-01	1.84e-01	1.15e-02
 1.67093e+23	2.66e-10	4.20e-06	1.99e-03	4.26e-02	1.15e-01	6.54e-01	1.76e-01	1.05e-02
 1.68400e+23	3.09e-10	4.85e-06	2.29e-03	4.68e-02	1.22e-01	6.54e-01	1.65e-01	9.24e-03
 1.69726e+23	3.55e-10	5.49e-06	2.56e-03	5.05e-02	1.28e-01	6.53e-01	1.57e-01	8.38e-03
 1.70890e+23	4.03e-10	6.18e-06	2.84e-03	5.42e-02	1.34e-01	6.51e-01	1.50e-01	7.60e-03
 1.72216e+23	4.72e-10	7.17e-06	3.26e-03	5.94e-02	1.42e-01	6.48e-01	1.40e-01	6.67e-03
 1.73554e+23	5.41e-10	8.11e-06	3.64e-03	6.38e-02	1.49e-01	6.45e-01	1.33e-01	6.03e-03
 1.74654e+23	6.08e-10	9.02e-06	4.00e-03	6.79e-02	1.54e-01	6.42e-01	1.26e-01	5.51e-03
 1.75832e+23	7.06e-10	1.03e-05	4.51e-03	7.33e-02	1.62e-01	6.37e-01	1.19e-01	4.92e-03
 1.77037e+23	7.99e-10	1.16e-05	4.98e-03	7.81e-02	1.68e-01	6.32e-01	1.13e-01	4.46e-03
 1.78109e+23	9.03e-10	1.29e-05	5.49e-03	8.30e-02	1.74e-01	6.27e-01	1.07e-01	4.05e-03
 1.79335e+23	1.06e-09	1.48e-05	6.19e-03	8.95e-02	1.81e-01	6.19e-01	1.00e-01	3.59e-03
 1.80609e+23	1.21e-09	1.68e-05	6.89e-03	9.56e-02	1.88e-01	6.12e-01	9.40e-02	3.21e-03
 1.81746e+23	1.38e-09	1.88e-05	7.61e-03	1.02e-01	1.95e-01	6.05e-01	8.88e-02	2.90e-03
 1.83026e+23	1.63e-09	2.18e-05	8.61e-03	1.09e-01	2.02e-01	5.94e-01	8.25e-02	2.55e-03
 1.84364e+23	1.89e-09	2.48e-05	9.62e-03	1.17e-01	2.10e-01	5.85e-01	7.69e-02	2.25e-03
 1.85570e+23	2.17e-09	2.80e-05	1.07e-02	1.24e-01	2.16e-01	5.75e-01	7.21e-02	2.01e-03
 1.86932e+23	2.60e-09	3.27e-05	1.21e-02	1.34e-01	2.24e-01	5.62e-01	6.63e-02	1.75e-03
 1.88339e+23	3.03e-09	3.74e-05	1.35e-02	1.43e-01	2.31e-01	5.49e-01	6.14e-02	1.53e-03
 1.89593e+23	3.52e-09	4.25e-05	1.50e-02	1.52e-01	2.38e-01	5.37e-01	5.71e-02	1.36e-03
 1.91011e+23	4.25e-09	4.99e-05	1.71e-02	1.63e-01	2.45e-01	5.21e-01	5.20e-02	1.16e-03
 1.92485e+23	5.02e-09	5.75e-05	1.92e-02	1.74e-01	2.52e-01	5.06e-01	4.77e-02	1.01e-03
 1.93812e+23	5.87e-09	6.56e-05	2.13e-02	1.84e-01	2.58e-01	4.92e-01	4.40e-02	8.80e-04
 1.95315e+23	7.19e-09	7.78e-05	2.44e-02	1.98e-01	2.65e-01	4.73e-01	3.94e-02	7.39e-04
 1.96866e+23	8.55e-09	8.98e-05	2.73e-02	2.10e-01	2.70e-01	4.56e-01	3.59e-02	6.34e-04
 1.98264e+23	1.01e-08	1.03e-04	3.04e-02	2.22e-01	2.75e-01	4.39e-01	3.26e-02	5.46e-04
 1.99866e+23	1.26e-08	1.24e-04	3.48e-02	2.38e-01	2.80e-01	4.17e-01	2.88e-02	4.48e-04
 2.01489e+23	1.50e-08	1.43e-04	3.89e-02	2.52e-01	2.84e-01	3.98e-01	2.59e-02	3.79e-04
 2.02923e+23	1.78e-08	1.65e-04	4.32e-02	2.65e-01	2.87e-01	3.81e-01	2.33e-02	3.23e-04
 2.04572e+23	2.24e-08	1.97e-04	4.94e-02	2.82e-01	2.90e-01	3.57e-01	2.03e-02	2.60e-04
 2.06241e+23	2.67e-08	2.28e-04	5.49e-02	2.96e-01	2.92e-01	3.38e-01	1.80e-02	2.18e-04
 2.07935e+23	3.37e-08	2.74e-04	6.24e-02	3.14e-01	2.93e-01	3.15e-01	1.55e-02	1.74e-04
 2.09666e+23	4.08e-08	3.18e-04	6.94e-02	3.29e-01	2.92e-01	2.96e-01	1.37e-02	1.43e-04
 2.11206e+23	4.91e-08	3.68e-04	7.68e-02	3.43e-01	2.91e-01	2.77e-01	1.20e-02	1.18e-04
 2.12975e+23	6.26e-08	4.44e-04	8.72e-02	3.60e-01	2.88e-01	2.54e-01	1.01e-02	9.18e-05
 2.14771e+23	7.60e-08	5.16e-04	9.63e-02	3.74e-01	2.85e-01	2.35e-01	8.76e-03	7.45e-05
 2.16605e+23	9.76e-08	6.24e-04	1.09e-01	3.91e-01	2.80e-01	2.13e-01	7.26e-03	5.66e-05
 2.18396e+23	1.17e-07	7.16e-04	1.19e-01	4.02e-01	2.75e-01	1.97e-01	6.30e-03	4.62e-05
 2.20132e+23	1.48e-07	8.54e-04	1.33e-01	4.16e-01	2.67e-01	1.77e-01	5.22e-03	3.52e-05
 2.21812e+23	1.75e-07	9.67e-04	1.44e-01	4.25e-01	2.61e-01	1.64e-01	4.55e-03	2.90e-05
 2.23419e+23	2.18e-07	1.13e-03	1.58e-01	4.36e-01	2.53e-01	1.48e-01	3.80e-03	2.25e-05
 2.25048e+23	2.58e-07	1.28e-03	1.70e-01	4.43e-01	2.46e-01	1.36e-01	3.28e-03	1.82e-05
 2.26706e+23	3.21e-07	1.50e-03	1.86e-01	4.52e-01	2.36e-01	1.22e-01	2.70e-03	1.39e-05
 2.28382e+23	3.83e-07	1.71e-03	2.00e-01	4.58e-01	2.28e-01	1.11e-01	2.30e-03	1.11e-05
 2.30083e+23	4.78e-07	2.00e-03	2.18e-01	4.63e-01	2.17e-01	9.79e-02	1.88e-03	8.37e-06
 2.31802e+23	5.71e-07	2.26e-03	2.34e-01	4.67e-01	2.08e-01	8.84e-02	1.58e-03	6.61e-06
 2.33316e+23	6.79e-07	2.56e-03	2.49e-01	4.69e-01	1.98e-01	7.97e-02	1.34e-03	5.23e-06
 2.35055e+23	8.47e-07	2.98e-03	2.70e-01	4.70e-01	1.87e-01	6.97e-02	1.07e-03	3.86e-06
 2.36822e+23	1.02e-06	3.38e-03	2.87e-01	4.70e-01	1.77e-01	6.21e-02	8.88e-04	2.99e-06
 2.38240e+23	1.18e-06	3.74e-03	3.02e-01	4.69e-01	1.69e-01	5.64e-02	7.61e-04	2.42e-06
 2.39700e+23	1.40e-06	4.21e-03	3.19e-01	4.66e-01	1.59e-01	5.02e-02	6.30e-04	1.87e-06
 2.41204e+23	1.63e-06	4.66e-03	3.35e-01	4.63e-01	1.51e-01	4.52e-02	5.35e-04	1.50e-06
 2.42552e+23	1.88e-06	5.14e-03	3.50e-01	4.60e-01	1.44e-01	4.08e-02	4.54e-04	1.20e-06
 2.44090e+23	2.26e-06	5.80e-03	3.69e-01	4.54e-01	1.34e-01	3.58e-02	3.69e-04	9.08e-07
 2.45640e+23	2.62e-06	6.41e-03	3.86e-01	4.49e-01	1.26e-01	3.20e-02	3.10e-04	7.16e-07
 2.46994e+23	3.03e-06	7.04e-03	4.02e-01	4.43e-01	1.19e-01	2.87e-02	2.61e-04	5.69e-07
 2.48541e+23	3.62e-06	7.92e-03	4.21e-01	4.35e-01	1.11e-01	2.50e-02	2.10e-04	4.26e-07
 2.50116e+23	4.19e-06	8.72e-03	4.38e-01	4.27e-01	1.04e-01	2.22e-02	1.75e-04	3.32e-07
 2.51514e+23	4.85e-06	9.58e-03	4.54e-01	4.19e-01	9.69e-02	1.98e-02	1.46e-04	2.60e-07
 2.53119e+23	5.82e-06	1.08e-02	4.74e-01	4.09e-01	8.90e-02	1.70e-02	1.16e-04	1.91e-07
 2.54739e+23	6.75e-06	1.19e-02	4.91e-01	3.99e-01	8.28e-02	1.50e-02	9.53e-05	1.47e-07
 2.56164e+23	7.80e-06	1.30e-02	5.07e-01	3.90e-01	7.70e-02	1.33e-02	7.87e-05	0.00e+00
 2.57800e+23	9.35e-06	1.46e-02	5.27e-01	3.77e-01	7.01e-02	1.13e-02	6.17e-05	0.00e+00
 2.59465e+23	1.09e-05	1.61e-02	5.43e-01	3.66e-01	6.47e-02	9.92e-03	5.02e-05	0.00e+00
 2.61170e+23	1.31e-05	1.81e-02	5.63e-01	3.52e-01	5.85e-02	8.38e-03	3.88e-05	0.00e+00
 2.62894e+23	1.52e-05	1.99e-02	5.79e-01	3.41e-01	5.36e-02	7.27e-03	3.12e-05	0.00e+00
 2.64645e+23	1.84e-05	2.24e-02	5.98e-01	3.26e-01	4.81e-02	6.09e-03	2.38e-05	0.00e+00
 2.66429e+23	2.15e-05	2.46e-02	6.13e-01	3.13e-01	4.38e-02	5.24e-03	1.89e-05	0.00e+00
 2.68016e+23	2.50e-05	2.71e-02	6.27e-01	3.01e-01	3.99e-02	4.52e-03	1.51e-05	0.00e+00
 2.69837e+23	3.02e-05	3.04e-02	6.45e-01	2.85e-01	3.55e-02	3.74e-03	1.13e-05	0.00e+00
 2.71703e+23	3.54e-05	3.35e-02	6.59e-01	2.72e-01	3.20e-02	3.18e-03	8.84e-06	0.00e+00
 2.73366e+23	4.13e-05	3.68e-02	6.72e-01	2.60e-01	2.89e-02	2.71e-03	6.95e-06	0.00e+00
 2.74795e+23	4.60e-05	3.93e-02	6.81e-01	2.51e-01	2.68e-02	2.42e-03	5.83e-06	0.00e+00
 2.76182e+23	5.31e-05	4.29e-02	6.91e-01	2.39e-01	2.43e-02	2.08e-03	4.64e-06	0.00e+00
 2.77593e+23	5.96e-05	4.60e-02	7.00e-01	2.30e-01	2.24e-02	1.84e-03	3.84e-06	0.00e+00
 2.79032e+23	6.88e-05	5.02e-02	7.10e-01	2.18e-01	2.03e-02	1.57e-03	3.03e-06	0.00e+00
 2.80489e+23	7.74e-05	5.38e-02	7.17e-01	2.09e-01	1.86e-02	1.38e-03	2.49e-06	0.00e+00
 2.81967e+23	8.99e-05	5.89e-02	7.26e-01	1.98e-01	1.67e-02	1.17e-03	1.94e-06	0.00e+00
 2.83451e+23	1.01e-04	6.30e-02	7.32e-01	1.89e-01	1.53e-02	1.02e-03	1.59e-06	0.00e+00
 2.84944e+23	1.17e-04	6.89e-02	7.39e-01	1.78e-01	1.37e-02	8.63e-04	1.23e-06	0.00e+00
 2.86457e+23	1.32e-04	7.39e-02	7.44e-01	1.69e-01	1.25e-02	7.52e-04	9.99e-07	0.00e+00
 2.87997e+23	1.53e-04	8.07e-02	7.49e-01	1.58e-01	1.11e-02	6.33e-04	7.70e-07	0.00e+00
 2.89584e+23	1.74e-04	8.70e-02	7.53e-01	1.50e-01	1.00e-02	5.43e-04	6.12e-07	0.00e+00
 2.91017e+23	1.97e-04	9.36e-02	7.56e-01	1.41e-01	9.06e-03	4.67e-04	4.88e-07	0.00e+00
 2.92664e+23	2.31e-04	1.03e-01	7.58e-01	1.31e-01	7.97e-03	3.85e-04	3.66e-07	0.00e+00
 2.94342e+23	2.65e-04	1.11e-01	7.59e-01	1.22e-01	7.13e-03	3.27e-04	2.86e-07	0.00e+00
 2.96060e+23	3.14e-04	1.23e-01	7.58e-01	1.12e-01	6.19e-03	2.64e-04	2.09e-07	0.00e+00
 2.97775e+23	3.59e-04	1.33e-01	7.57e-01	1.04e-01	5.53e-03	2.24e-04	1.63e-07	0.00e+00
 2.99489e+23	4.26e-04	1.46e-01	7.53e-01	9.51e-02	4.78e-03	1.80e-04	0.00e+00	0.00e+00
 3.01211e+23	4.91e-04	1.58e-01	7.49e-01	8.80e-02	4.25e-03	1.51e-04	0.00e+00	0.00e+00
 3.02944e+23	5.84e-04	1.75e-01	7.41e-01	7.95e-02	3.66e-03	1.21e-04	0.00e+00	0.00e+00
 3.04687e+23	6.79e-04	1.91e-01	7.33e-01	7.27e-02	3.22e-03	9.98e-05	0.00e+00	0.00e+00
 3.06182e+23	7.85e-04	2.07e-01	7.23e-01	6.66e-02	2.85e-03	8.30e-05	0.00e+00	0.00e+00
 3.07741e+23	9.22e-04	2.26e-01	7.10e-01	6.01e-02	2.48e-03	6.73e-05	0.00e+00	0.00e+00
