#depth	Ne	Ne+	Ne+2	Ne+3	Ne+4	Ne+5	Ne+6	Ne+7	Ne+8	Ne+9	Ne+10
 4.62852e+21	5.41e-27	2.02e-21	5.01e-17	1.81e-13	1.54e-10	3.15e-08	2.27e-06	1.02e-04	1.64e-02	2.22e-01	7.61e-01
 1.03784e+22	2.34e-24	4.62e-19	5.94e-15	1.13e-11	5.24e-09	5.73e-07	2.09e-05	4.79e-04	4.22e-02	3.23e-01	6.34e-01
 1.19680e+22	4.69e-23	6.78e-18	6.24e-14	8.58e-11	2.96e-08	2.40e-06	6.26e-05	1.02e-03	6.59e-02	3.77e-01	5.56e-01
 1.26704e+22	2.03e-22	2.53e-17	1.98e-13	2.32e-10	6.96e-08	4.91e-06	1.09e-04	1.48e-03	8.20e-02	4.03e-01	5.14e-01
 1.29631e+22	2.87e-22	3.46e-17	2.61e-13	2.94e-10	8.54e-08	5.82e-06	1.24e-04	1.62e-03	8.63e-02	4.09e-01	5.03e-01
 1.30686e+22	3.82e-22	4.46e-17	3.26e-13	3.57e-10	1.01e-07	6.70e-06	1.38e-04	1.74e-03	9.01e-02	4.14e-01	4.94e-01
 1.31743e+22	5.33e-22	6.03e-17	4.25e-13	4.49e-10	1.23e-07	7.91e-06	1.57e-04	1.90e-03	9.47e-02	4.20e-01	4.84e-01
 1.32825e+22	7.05e-22	7.75e-17	5.30e-13	5.44e-10	1.45e-07	9.09e-06	1.75e-04	2.05e-03	9.88e-02	4.24e-01	4.75e-01
 1.33951e+22	1.00e-21	1.06e-16	7.00e-13	6.92e-10	1.79e-07	1.08e-05	2.01e-04	2.25e-03	1.04e-01	4.30e-01	4.63e-01
 1.35093e+22	1.31e-21	1.35e-16	8.66e-13	8.31e-10	2.09e-07	1.24e-05	2.23e-04	2.41e-03	1.08e-01	4.35e-01	4.54e-01
 1.36267e+22	1.84e-21	1.85e-16	1.14e-12	1.05e-09	2.57e-07	1.47e-05	2.55e-04	2.65e-03	1.14e-01	4.40e-01	4.43e-01
 1.37441e+22	2.39e-21	2.33e-16	1.40e-12	1.26e-09	3.00e-07	1.68e-05	2.83e-04	2.83e-03	1.19e-01	4.44e-01	4.34e-01
 1.38617e+22	3.32e-21	3.14e-16	1.82e-12	1.58e-09	3.67e-07	1.99e-05	3.23e-04	3.10e-03	1.25e-01	4.49e-01	4.23e-01
 1.39817e+22	4.27e-21	3.94e-16	2.23e-12	1.89e-09	4.27e-07	2.26e-05	3.57e-04	3.32e-03	1.30e-01	4.53e-01	4.14e-01
 1.41050e+22	5.95e-21	5.32e-16	2.91e-12	2.37e-09	5.21e-07	2.68e-05	4.07e-04	3.63e-03	1.36e-01	4.58e-01	4.02e-01
 1.42244e+22	7.39e-21	6.47e-16	3.46e-12	2.76e-09	5.94e-07	2.99e-05	4.44e-04	3.85e-03	1.41e-01	4.60e-01	3.95e-01
 1.43387e+22	9.88e-21	8.42e-16	4.37e-12	3.38e-09	7.09e-07	3.47e-05	4.99e-04	4.17e-03	1.47e-01	4.64e-01	3.84e-01
 1.44563e+22	1.24e-20	1.03e-15	5.24e-12	3.96e-09	8.14e-07	3.90e-05	5.47e-04	4.43e-03	1.52e-01	4.67e-01	3.76e-01
 1.45782e+22	1.67e-20	1.35e-15	6.66e-12	4.89e-09	9.77e-07	4.56e-05	6.18e-04	4.82e-03	1.59e-01	4.70e-01	3.65e-01
 1.47016e+22	2.08e-20	1.65e-15	7.95e-12	5.70e-09	1.12e-06	5.10e-05	6.75e-04	5.11e-03	1.64e-01	4.73e-01	3.57e-01
 1.48270e+22	2.77e-20	2.14e-15	1.00e-11	6.97e-09	1.33e-06	5.92e-05	7.59e-04	5.53e-03	1.71e-01	4.76e-01	3.47e-01
 1.49513e+22	3.42e-20	2.60e-15	1.19e-11	8.09e-09	1.52e-06	6.61e-05	8.28e-04	5.86e-03	1.76e-01	4.77e-01	3.39e-01
 1.50743e+22	4.51e-20	3.34e-15	1.49e-11	9.84e-09	1.80e-06	7.64e-05	9.27e-04	6.33e-03	1.84e-01	4.80e-01	3.29e-01
 1.51986e+22	5.52e-20	4.02e-15	1.75e-11	1.13e-08	2.04e-06	8.49e-05	1.01e-03	6.69e-03	1.89e-01	4.81e-01	3.22e-01
 1.53244e+22	7.23e-20	5.13e-15	2.18e-11	1.37e-08	2.41e-06	9.78e-05	1.13e-03	7.21e-03	1.97e-01	4.83e-01	3.12e-01
 1.54527e+22	8.87e-20	6.18e-15	2.58e-11	1.59e-08	2.73e-06	1.09e-04	1.22e-03	7.63e-03	2.03e-01	4.84e-01	3.04e-01
 1.55841e+22	1.16e-19	7.91e-15	3.21e-11	1.92e-08	3.23e-06	1.25e-04	1.37e-03	8.22e-03	2.11e-01	4.85e-01	2.94e-01
 1.57179e+22	1.43e-19	9.54e-15	3.80e-11	2.22e-08	3.67e-06	1.40e-04	1.49e-03	8.70e-03	2.17e-01	4.86e-01	2.87e-01
 1.58548e+22	1.87e-19	1.22e-14	4.73e-11	2.70e-08	4.34e-06	1.61e-04	1.66e-03	9.38e-03	2.25e-01	4.87e-01	2.77e-01
 1.59944e+22	2.30e-19	1.47e-14	5.60e-11	3.12e-08	4.93e-06	1.79e-04	1.81e-03	9.92e-03	2.32e-01	4.87e-01	2.70e-01
 1.61372e+22	3.01e-19	1.89e-14	6.98e-11	3.79e-08	5.84e-06	2.07e-04	2.02e-03	1.07e-02	2.40e-01	4.87e-01	2.60e-01
 1.62768e+22	3.62e-19	2.23e-14	8.11e-11	4.31e-08	6.54e-06	2.27e-04	2.18e-03	1.12e-02	2.46e-01	4.87e-01	2.54e-01
 1.64122e+22	4.66e-19	2.81e-14	9.98e-11	5.17e-08	7.66e-06	2.60e-04	2.42e-03	1.20e-02	2.55e-01	4.86e-01	2.44e-01
 1.65498e+22	5.61e-19	3.32e-14	1.16e-10	5.89e-08	8.58e-06	2.86e-04	2.60e-03	1.26e-02	2.61e-01	4.85e-01	2.38e-01
 1.66901e+22	7.18e-19	4.16e-14	1.42e-10	7.03e-08	1.00e-05	3.25e-04	2.88e-03	1.35e-02	2.70e-01	4.84e-01	2.29e-01
 1.68349e+22	8.76e-19	5.00e-14	1.67e-10	8.11e-08	1.13e-05	3.61e-04	3.12e-03	1.43e-02	2.77e-01	4.83e-01	2.23e-01
 1.69853e+22	1.12e-18	6.28e-14	2.05e-10	9.69e-08	1.32e-05	4.11e-04	3.46e-03	1.52e-02	2.86e-01	4.81e-01	2.14e-01
 1.71407e+22	1.39e-18	7.61e-14	2.44e-10	1.13e-07	1.51e-05	4.58e-04	3.76e-03	1.61e-02	2.93e-01	4.79e-01	2.07e-01
 1.73025e+22	1.80e-18	9.65e-14	3.01e-10	1.35e-07	1.77e-05	5.24e-04	4.17e-03	1.73e-02	3.03e-01	4.77e-01	1.99e-01
 1.74688e+22	2.24e-18	1.18e-13	3.60e-10	1.58e-07	2.02e-05	5.86e-04	4.55e-03	1.83e-02	3.11e-01	4.74e-01	1.92e-01
 1.76409e+22	2.93e-18	1.50e-13	4.48e-10	1.91e-07	2.38e-05	6.72e-04	5.06e-03	1.96e-02	3.21e-01	4.71e-01	1.83e-01
 1.78188e+22	3.67e-18	1.85e-13	5.39e-10	2.25e-07	2.74e-05	7.55e-04	5.53e-03	2.07e-02	3.29e-01	4.68e-01	1.76e-01
 1.80041e+22	4.86e-18	2.39e-13	6.78e-10	2.74e-07	3.25e-05	8.70e-04	6.17e-03	2.23e-02	3.40e-01	4.63e-01	1.68e-01
 1.81941e+22	6.14e-18	2.96e-13	8.21e-10	3.24e-07	3.75e-05	9.80e-04	6.76e-03	2.36e-02	3.48e-01	4.60e-01	1.61e-01
 1.83646e+22	7.69e-18	3.63e-13	9.85e-10	3.79e-07	4.30e-05	1.10e-03	7.36e-03	2.49e-02	3.57e-01	4.56e-01	1.54e-01
 1.85606e+22	1.03e-17	4.74e-13	1.25e-09	4.68e-07	5.15e-05	1.28e-03	8.26e-03	2.69e-02	3.68e-01	4.50e-01	1.46e-01
 1.87577e+22	1.29e-17	5.81e-13	1.50e-09	5.47e-07	5.89e-05	1.42e-03	8.98e-03	2.84e-02	3.76e-01	4.45e-01	1.40e-01
 1.89564e+22	1.72e-17	7.56e-13	1.90e-09	6.72e-07	7.04e-05	1.65e-03	1.00e-02	3.05e-02	3.88e-01	4.39e-01	1.32e-01
 1.91593e+22	2.17e-17	9.35e-13	2.30e-09	7.93e-07	8.11e-05	1.86e-03	1.10e-02	3.22e-02	3.96e-01	4.33e-01	1.26e-01
 1.93676e+22	2.91e-17	1.22e-12	2.93e-09	9.78e-07	9.72e-05	2.16e-03	1.23e-02	3.46e-02	4.08e-01	4.25e-01	1.18e-01
 1.95792e+22	3.68e-17	1.52e-12	3.56e-09	1.16e-06	1.12e-04	2.43e-03	1.35e-02	3.67e-02	4.17e-01	4.19e-01	1.12e-01
 1.97950e+22	4.96e-17	2.00e-12	4.56e-09	1.44e-06	1.35e-04	2.84e-03	1.52e-02	3.95e-02	4.28e-01	4.10e-01	1.04e-01
 1.99990e+22	6.05e-17	2.40e-12	5.37e-09	1.66e-06	1.53e-04	3.14e-03	1.64e-02	4.14e-02	4.36e-01	4.04e-01	9.96e-02
 2.01876e+22	7.79e-17	3.03e-12	6.64e-09	1.99e-06	1.80e-04	3.60e-03	1.82e-02	4.42e-02	4.45e-01	3.95e-01	9.33e-02
 2.03778e+22	9.49e-17	3.64e-12	7.82e-09	2.30e-06	2.03e-04	3.98e-03	1.96e-02	4.63e-02	4.52e-01	3.89e-01	8.89e-02
 2.05700e+22	1.22e-16	4.59e-12	9.66e-09	2.77e-06	2.39e-04	4.56e-03	2.17e-02	4.94e-02	4.62e-01	3.79e-01	8.29e-02
 2.07640e+22	1.48e-16	5.49e-12	1.14e-08	3.19e-06	2.71e-04	5.05e-03	2.35e-02	5.18e-02	4.69e-01	3.72e-01	7.85e-02
 2.09603e+22	1.89e-16	6.90e-12	1.40e-08	3.84e-06	3.19e-04	5.79e-03	2.61e-02	5.52e-02	4.78e-01	3.62e-01	7.29e-02
 2.11592e+22	2.28e-16	8.26e-12	1.65e-08	4.43e-06	3.61e-04	6.43e-03	2.82e-02	5.79e-02	4.85e-01	3.54e-01	6.88e-02
 2.13618e+22	2.90e-16	1.04e-11	2.04e-08	5.33e-06	4.26e-04	7.40e-03	3.14e-02	6.18e-02	4.93e-01	3.42e-01	6.34e-02
 2.15670e+22	3.50e-16	1.24e-11	2.40e-08	6.15e-06	4.83e-04	8.22e-03	3.40e-02	6.49e-02	4.99e-01	3.34e-01	5.95e-02
 2.17758e+22	4.40e-16	1.54e-11	2.95e-08	7.39e-06	5.69e-04	9.44e-03	3.77e-02	6.92e-02	5.07e-01	3.22e-01	5.45e-02
 2.19890e+22	5.27e-16	1.83e-11	3.47e-08	8.55e-06	6.48e-04	1.05e-02	4.10e-02	7.28e-02	5.13e-01	3.12e-01	5.07e-02
 2.22082e+22	6.57e-16	2.27e-11	4.25e-08	1.03e-05	7.64e-04	1.22e-02	4.57e-02	7.77e-02	5.19e-01	2.99e-01	4.59e-02
 2.24316e+22	7.78e-16	2.69e-11	4.99e-08	1.19e-05	8.71e-04	1.36e-02	4.97e-02	8.18e-02	5.24e-01	2.88e-01	4.24e-02
 2.26535e+22	9.44e-16	3.26e-11	6.03e-08	1.41e-05	1.02e-03	1.56e-02	5.51e-02	8.70e-02	5.28e-01	2.75e-01	3.83e-02
 2.28643e+22	1.08e-15	3.74e-11	6.89e-08	1.59e-05	1.14e-03	1.71e-02	5.92e-02	9.08e-02	5.31e-01	2.65e-01	3.55e-02
 2.30679e+22	1.26e-15	4.41e-11	8.12e-08	1.85e-05	1.31e-03	1.94e-02	6.50e-02	9.61e-02	5.34e-01	2.53e-01	3.20e-02
 2.32754e+22	1.42e-15	5.00e-11	9.23e-08	2.09e-05	1.47e-03	2.13e-02	6.99e-02	1.00e-01	5.35e-01	2.43e-01	2.95e-02
 2.34790e+22	1.62e-15	5.76e-11	1.07e-07	2.40e-05	1.67e-03	2.39e-02	7.62e-02	1.06e-01	5.36e-01	2.30e-01	2.66e-02
 2.36868e+22	1.79e-15	6.47e-11	1.21e-07	2.69e-05	1.87e-03	2.63e-02	8.19e-02	1.10e-01	5.35e-01	2.20e-01	2.43e-02
 2.38892e+22	1.98e-15	7.27e-11	1.37e-07	3.05e-05	2.10e-03	2.92e-02	8.85e-02	1.15e-01	5.34e-01	2.09e-01	2.19e-02
 2.40959e+22	2.15e-15	8.08e-11	1.54e-07	3.41e-05	2.34e-03	3.21e-02	9.49e-02	1.20e-01	5.32e-01	1.98e-01	1.98e-02
 2.43005e+22	2.32e-15	8.93e-11	1.73e-07	3.82e-05	2.61e-03	3.54e-02	1.02e-01	1.26e-01	5.29e-01	1.87e-01	1.79e-02
 2.45062e+22	2.48e-15	9.78e-11	1.93e-07	4.26e-05	2.91e-03	3.88e-02	1.09e-01	1.31e-01	5.26e-01	1.77e-01	1.61e-02
 2.47095e+22	2.62e-15	1.06e-10	2.13e-07	4.73e-05	3.22e-03	4.24e-02	1.16e-01	1.36e-01	5.21e-01	1.67e-01	1.45e-02
 2.49125e+22	2.74e-15	1.15e-10	2.36e-07	5.24e-05	3.56e-03	4.62e-02	1.23e-01	1.41e-01	5.16e-01	1.58e-01	1.30e-02
 2.51158e+22	2.85e-15	1.24e-10	2.60e-07	5.80e-05	3.93e-03	5.03e-02	1.31e-01	1.45e-01	5.09e-01	1.48e-01	1.17e-02
 2.53200e+22	2.95e-15	1.33e-10	2.86e-07	6.41e-05	4.34e-03	5.47e-02	1.39e-01	1.50e-01	5.02e-01	1.39e-01	1.04e-02
 2.55254e+22	3.04e-15	1.43e-10	3.15e-07	7.09e-05	4.78e-03	5.93e-02	1.46e-01	1.55e-01	4.94e-01	1.31e-01	9.31e-03
 2.57328e+22	3.12e-15	1.53e-10	3.46e-07	7.84e-05	5.27e-03	6.42e-02	1.54e-01	1.60e-01	4.86e-01	1.22e-01	8.30e-03
 2.59426e+22	3.19e-15	1.63e-10	3.81e-07	8.68e-05	5.81e-03	6.95e-02	1.62e-01	1.64e-01	4.77e-01	1.14e-01	7.38e-03
 2.61534e+22	3.26e-15	1.75e-10	4.19e-07	9.61e-05	6.40e-03	7.51e-02	1.70e-01	1.68e-01	4.67e-01	1.06e-01	6.55e-03
 2.63677e+22	3.33e-15	1.87e-10	4.64e-07	1.07e-04	7.06e-03	8.11e-02	1.79e-01	1.73e-01	4.56e-01	9.87e-02	5.79e-03
 2.65845e+22	3.40e-15	2.01e-10	5.13e-07	1.19e-04	7.78e-03	8.74e-02	1.87e-01	1.77e-01	4.45e-01	9.16e-02	5.12e-03
 2.68055e+22	3.47e-15	2.16e-10	5.71e-07	1.33e-04	8.61e-03	9.44e-02	1.95e-01	1.80e-01	4.32e-01	8.46e-02	4.49e-03
 2.70112e+22	3.55e-15	2.31e-10	6.25e-07	1.46e-04	9.35e-03	1.00e-01	2.02e-01	1.83e-01	4.22e-01	7.92e-02	4.03e-03
 2.72231e+22	3.64e-15	2.51e-10	7.03e-07	1.65e-04	1.04e-02	1.08e-01	2.10e-01	1.87e-01	4.08e-01	7.26e-02	3.50e-03
 2.74384e+22	3.76e-15	2.70e-10	7.76e-07	1.82e-04	1.13e-02	1.15e-01	2.17e-01	1.89e-01	3.97e-01	6.77e-02	3.13e-03
 2.76585e+22	3.88e-15	2.96e-10	8.83e-07	2.07e-04	1.26e-02	1.24e-01	2.25e-01	1.92e-01	3.82e-01	6.16e-02	2.70e-03
 2.78795e+22	4.07e-15	3.22e-10	9.82e-07	2.29e-04	1.37e-02	1.32e-01	2.31e-01	1.93e-01	3.71e-01	5.73e-02	2.41e-03
 2.81020e+22	4.28e-15	3.59e-10	1.13e-06	2.62e-04	1.53e-02	1.42e-01	2.39e-01	1.95e-01	3.55e-01	5.20e-02	2.07e-03
 2.83258e+22	4.51e-15	3.93e-10	1.26e-06	2.92e-04	1.67e-02	1.50e-01	2.44e-01	1.96e-01	3.43e-01	4.82e-02	1.84e-03
 2.85514e+22	4.82e-15	4.44e-10	1.46e-06	3.35e-04	1.86e-02	1.61e-01	2.51e-01	1.96e-01	3.27e-01	4.35e-02	1.57e-03
 2.87788e+22	5.16e-15	4.92e-10	1.64e-06	3.74e-04	2.02e-02	1.70e-01	2.56e-01	1.97e-01	3.15e-01	4.01e-02	1.39e-03
 2.90088e+22	5.62e-15	5.62e-10	1.92e-06	4.31e-04	2.26e-02	1.82e-01	2.63e-01	1.96e-01	2.99e-01	3.61e-02	1.19e-03
 2.92416e+22	6.10e-15	6.31e-10	2.18e-06	4.83e-04	2.46e-02	1.91e-01	2.67e-01	1.96e-01	2.87e-01	3.31e-02	1.04e-03
 2.94782e+22	6.80e-15	7.34e-10	2.58e-06	5.60e-04	2.75e-02	2.04e-01	2.72e-01	1.94e-01	2.70e-01	2.96e-02	8.82e-04
 2.97187e+22	7.53e-15	8.34e-10	2.95e-06	6.30e-04	2.99e-02	2.15e-01	2.76e-01	1.93e-01	2.58e-01	2.70e-02	7.71e-04
 2.99644e+22	8.60e-15	9.88e-10	3.53e-06	7.35e-04	3.34e-02	2.29e-01	2.80e-01	1.90e-01	2.42e-01	2.39e-02	6.45e-04
 3.02152e+22	9.73e-15	1.14e-09	4.08e-06	8.31e-04	3.65e-02	2.41e-01	2.83e-01	1.88e-01	2.29e-01	2.17e-02	5.59e-04
 3.04726e+22	1.15e-14	1.38e-09	4.94e-06	9.75e-04	4.08e-02	2.56e-01	2.86e-01	1.84e-01	2.13e-01	1.90e-02	4.62e-04
 3.07364e+22	1.33e-14	1.62e-09	5.76e-06	1.11e-03	4.45e-02	2.69e-01	2.87e-01	1.81e-01	2.01e-01	1.71e-02	3.97e-04
 3.09588e+22	1.52e-14	1.87e-09	6.61e-06	1.24e-03	4.81e-02	2.80e-01	2.88e-01	1.77e-01	1.90e-01	1.55e-02	3.46e-04
 3.11982e+22	1.82e-14	2.26e-09	7.91e-06	1.43e-03	5.30e-02	2.94e-01	2.89e-01	1.73e-01	1.76e-01	1.36e-02	2.89e-04
 3.14412e+22	2.12e-14	2.64e-09	9.12e-06	1.60e-03	5.72e-02	3.05e-01	2.89e-01	1.69e-01	1.66e-01	1.23e-02	2.50e-04
 3.16513e+22	2.47e-14	3.06e-09	1.04e-05	1.78e-03	6.14e-02	3.16e-01	2.88e-01	1.65e-01	1.57e-01	1.12e-02	2.18e-04
 3.18871e+22	3.01e-14	3.72e-09	1.25e-05	2.05e-03	6.72e-02	3.30e-01	2.87e-01	1.59e-01	1.45e-01	9.78e-03	1.81e-04
 3.21221e+22	3.53e-14	4.33e-09	1.42e-05	2.27e-03	7.18e-02	3.41e-01	2.85e-01	1.55e-01	1.36e-01	8.87e-03	1.58e-04
 3.23559e+22	4.36e-14	5.28e-09	1.70e-05	2.59e-03	7.83e-02	3.54e-01	2.83e-01	1.49e-01	1.25e-01	7.76e-03	1.32e-04
 3.25930e+22	5.18e-14	6.18e-09	1.94e-05	2.87e-03	8.35e-02	3.64e-01	2.80e-01	1.44e-01	1.18e-01	6.99e-03	1.14e-04
 3.28344e+22	6.51e-14	7.60e-09	2.32e-05	3.29e-03	9.09e-02	3.77e-01	2.77e-01	1.38e-01	1.08e-01	6.07e-03	9.41e-05
 3.30799e+22	7.83e-14	8.96e-09	2.66e-05	3.64e-03	9.68e-02	3.87e-01	2.73e-01	1.33e-01	1.00e-01	5.44e-03	8.10e-05
 3.33308e+22	1.00e-13	1.11e-08	3.20e-05	4.17e-03	1.05e-01	4.00e-01	2.68e-01	1.27e-01	9.11e-02	4.68e-03	6.60e-05
 3.35856e+22	1.22e-13	1.32e-08	3.68e-05	4.62e-03	1.12e-01	4.09e-01	2.64e-01	1.21e-01	8.45e-02	4.17e-03	5.64e-05
 3.38452e+22	1.58e-13	1.66e-08	4.43e-05	5.29e-03	1.21e-01	4.21e-01	2.58e-01	1.15e-01	7.62e-02	3.55e-03	4.56e-05
 3.41110e+22	1.95e-13	1.98e-08	5.13e-05	5.88e-03	1.29e-01	4.30e-01	2.52e-01	1.09e-01	7.01e-02	3.13e-03	3.85e-05
 3.43848e+22	2.57e-13	2.51e-08	6.21e-05	6.74e-03	1.40e-01	4.41e-01	2.45e-01	1.02e-01	6.27e-02	2.65e-03	3.07e-05
 3.46658e+22	3.23e-13	3.03e-08	7.22e-05	7.50e-03	1.49e-01	4.49e-01	2.39e-01	9.69e-02	5.72e-02	2.31e-03	2.56e-05
 3.49561e+22	4.34e-13	3.89e-08	8.79e-05	8.61e-03	1.61e-01	4.58e-01	2.30e-01	9.00e-02	5.07e-02	1.92e-03	2.01e-05
 3.52489e+22	5.44e-13	4.69e-08	1.02e-04	9.55e-03	1.70e-01	4.64e-01	2.23e-01	8.48e-02	4.61e-02	1.67e-03	1.67e-05
 3.55451e+22	7.39e-13	6.04e-08	1.24e-04	1.10e-02	1.84e-01	4.71e-01	2.14e-01	7.82e-02	4.04e-02	1.38e-03	1.29e-05
 3.58441e+22	9.30e-13	7.29e-08	1.44e-04	1.21e-02	1.94e-01	4.76e-01	2.07e-01	7.33e-02	3.66e-02	1.19e-03	1.07e-05
 3.61470e+22	1.27e-12	9.40e-08	1.75e-04	1.38e-02	2.08e-01	4.81e-01	1.96e-01	6.72e-02	3.19e-02	9.76e-04	8.22e-06
 3.64548e+22	1.61e-12	1.14e-07	2.03e-04	1.53e-02	2.19e-01	4.84e-01	1.89e-01	6.26e-02	2.87e-02	8.37e-04	6.73e-06
 3.67692e+22	2.22e-12	1.48e-07	2.48e-04	1.75e-02	2.35e-01	4.87e-01	1.78e-01	5.69e-02	2.48e-02	6.78e-04	5.12e-06
 3.70806e+22	2.78e-12	1.77e-07	2.85e-04	1.92e-02	2.46e-01	4.87e-01	1.71e-01	5.30e-02	2.23e-02	5.82e-04	4.20e-06
 3.73335e+22	3.44e-12	2.10e-07	3.24e-04	2.09e-02	2.57e-01	4.88e-01	1.64e-01	4.96e-02	2.02e-02	5.05e-04	3.49e-06
 3.76080e+22	4.48e-12	2.60e-07	3.80e-04	2.32e-02	2.70e-01	4.87e-01	1.56e-01	4.55e-02	1.78e-02	4.22e-04	2.77e-06
 3.78862e+22	5.55e-12	3.08e-07	4.33e-04	2.52e-02	2.81e-01	4.86e-01	1.49e-01	4.24e-02	1.60e-02	3.64e-04	2.28e-06
 3.81692e+22	7.29e-12	3.83e-07	5.09e-04	2.80e-02	2.95e-01	4.83e-01	1.40e-01	3.87e-02	1.40e-02	3.01e-04	1.79e-06
 3.84556e+22	9.05e-12	4.55e-07	5.79e-04	3.04e-02	3.07e-01	4.80e-01	1.34e-01	3.58e-02	1.26e-02	2.58e-04	1.47e-06
 3.87465e+22	1.19e-11	5.66e-07	6.82e-04	3.38e-02	3.21e-01	4.75e-01	1.25e-01	3.25e-02	1.09e-02	2.12e-04	1.14e-06
 3.90439e+22	1.50e-11	6.78e-07	7.79e-04	3.67e-02	3.33e-01	4.71e-01	1.19e-01	3.00e-02	9.72e-03	1.80e-04	9.19e-07
 3.93497e+22	1.98e-11	8.44e-07	9.16e-04	4.07e-02	3.48e-01	4.64e-01	1.11e-01	2.70e-02	8.40e-03	1.46e-04	7.08e-07
 3.96636e+22	2.53e-11	1.03e-06	1.06e-03	4.45e-02	3.61e-01	4.58e-01	1.04e-01	2.46e-02	7.35e-03	1.22e-04	5.59e-07
 3.99406e+22	3.16e-11	1.22e-06	1.20e-03	4.81e-02	3.72e-01	4.51e-01	9.79e-02	2.26e-02	6.52e-03	1.03e-04	4.51e-07
 4.02532e+22	4.17e-11	1.52e-06	1.41e-03	5.30e-02	3.87e-01	4.42e-01	9.08e-02	2.03e-02	5.60e-03	8.33e-05	3.44e-07
 4.05771e+22	5.34e-11	1.84e-06	1.62e-03	5.78e-02	3.99e-01	4.33e-01	8.46e-02	1.84e-02	4.87e-03	6.88e-05	2.70e-07
 4.08671e+22	6.71e-11	2.20e-06	1.85e-03	6.25e-02	4.11e-01	4.25e-01	7.91e-02	1.67e-02	4.27e-03	5.74e-05	2.14e-07
 4.11955e+22	8.98e-11	2.76e-06	2.18e-03	6.89e-02	4.25e-01	4.13e-01	7.24e-02	1.48e-02	3.61e-03	4.55e-05	1.60e-07
 4.15333e+22	1.15e-10	3.35e-06	2.50e-03	7.48e-02	4.37e-01	4.02e-01	6.71e-02	1.34e-02	3.12e-03	3.73e-05	1.24e-07
 4.18831e+22	1.56e-10	4.24e-06	2.96e-03	8.26e-02	4.51e-01	3.88e-01	6.08e-02	1.17e-02	2.60e-03	2.91e-05	0.00e+00
 4.22397e+22	2.01e-10	5.15e-06	3.41e-03	8.96e-02	4.62e-01	3.77e-01	5.59e-02	1.05e-02	2.23e-03	2.35e-05	0.00e+00
 4.25573e+22	2.56e-10	6.23e-06	3.90e-03	9.67e-02	4.72e-01	3.65e-01	5.14e-02	9.39e-03	1.92e-03	1.91e-05	0.00e+00
 4.29226e+22	3.50e-10	7.92e-06	4.62e-03	1.07e-01	4.84e-01	3.49e-01	4.60e-02	8.14e-03	1.57e-03	1.46e-05	0.00e+00
 4.32921e+22	4.53e-10	9.65e-06	5.32e-03	1.15e-01	4.94e-01	3.35e-01	4.19e-02	7.22e-03	1.33e-03	1.17e-05	0.00e+00
 4.36673e+22	6.18e-10	1.23e-05	6.29e-03	1.26e-01	5.04e-01	3.19e-01	3.73e-02	6.22e-03	1.09e-03	8.88e-06	0.00e+00
 4.40462e+22	7.98e-10	1.49e-05	7.22e-03	1.36e-01	5.11e-01	3.05e-01	3.38e-02	5.50e-03	9.16e-04	7.05e-06	0.00e+00
 4.44301e+22	1.10e-09	1.90e-05	8.56e-03	1.49e-01	5.19e-01	2.88e-01	2.97e-02	4.69e-03	7.36e-04	5.26e-06	0.00e+00
 4.48173e+22	1.42e-09	2.31e-05	9.79e-03	1.60e-01	5.24e-01	2.74e-01	2.68e-02	4.13e-03	6.18e-04	4.15e-06	0.00e+00
 4.52088e+22	1.95e-09	2.95e-05	1.16e-02	1.75e-01	5.30e-01	2.56e-01	2.34e-02	3.50e-03	4.92e-04	3.06e-06	0.00e+00
 4.56055e+22	2.52e-09	3.58e-05	1.32e-02	1.87e-01	5.33e-01	2.43e-01	2.09e-02	3.05e-03	4.09e-04	2.39e-06	0.00e+00
 4.60093e+22	3.50e-09	4.58e-05	1.57e-02	2.04e-01	5.35e-01	2.25e-01	1.80e-02	2.56e-03	3.21e-04	1.73e-06	0.00e+00
 4.64169e+22	4.52e-09	5.55e-05	1.79e-02	2.17e-01	5.35e-01	2.11e-01	1.60e-02	2.22e-03	2.65e-04	1.34e-06	0.00e+00
 4.68297e+22	6.27e-09	7.10e-05	2.11e-02	2.35e-01	5.33e-01	1.94e-01	1.37e-02	1.85e-03	2.06e-04	9.58e-07	0.00e+00
 4.72480e+22	8.12e-09	8.61e-05	2.41e-02	2.50e-01	5.30e-01	1.81e-01	1.21e-02	1.59e-03	1.68e-04	7.32e-07	0.00e+00
 4.76124e+22	1.04e-08	1.04e-04	2.73e-02	2.65e-01	5.26e-01	1.69e-01	1.06e-02	1.38e-03	1.37e-04	5.61e-07	0.00e+00
 4.79605e+22	1.31e-08	1.23e-04	3.05e-02	2.79e-01	5.22e-01	1.58e-01	9.45e-03	1.20e-03	1.14e-04	4.40e-07	0.00e+00
 4.82915e+22	1.63e-08	1.45e-04	3.41e-02	2.92e-01	5.16e-01	1.48e-01	8.40e-03	1.05e-03	9.50e-05	3.45e-07	0.00e+00
 4.86642e+22	2.15e-08	1.78e-04	3.90e-02	3.10e-01	5.08e-01	1.35e-01	7.22e-03	8.82e-04	7.50e-05	2.53e-07	0.00e+00
 4.90363e+22	2.68e-08	2.09e-04	4.34e-02	3.24e-01	5.00e-01	1.26e-01	6.39e-03	7.66e-04	6.20e-05	1.97e-07	0.00e+00
 4.94076e+22	3.52e-08	2.56e-04	4.95e-02	3.41e-01	4.89e-01	1.14e-01	5.47e-03	6.42e-04	4.88e-05	1.44e-07	0.00e+00
 4.97858e+22	4.40e-08	3.01e-04	5.50e-02	3.55e-01	4.79e-01	1.06e-01	4.79e-03	5.53e-04	3.99e-05	0.00e+00	0.00e+00
 5.01730e+22	5.80e-08	3.68e-04	6.27e-02	3.73e-01	4.64e-01	9.50e-02	4.06e-03	4.57e-04	3.09e-05	0.00e+00	0.00e+00
 5.05641e+22	7.25e-08	4.34e-04	6.95e-02	3.87e-01	4.52e-01	8.70e-02	3.53e-03	3.91e-04	2.50e-05	0.00e+00	0.00e+00
 5.09083e+22	9.00e-08	5.07e-04	7.68e-02	4.00e-01	4.39e-01	7.96e-02	3.08e-03	3.35e-04	2.03e-05	0.00e+00	0.00e+00
 5.13038e+22	1.18e-07	6.18e-04	8.71e-02	4.17e-01	4.22e-01	7.09e-02	2.57e-03	2.73e-04	1.55e-05	0.00e+00	0.00e+00
 5.16866e+22	1.44e-07	7.14e-04	9.52e-02	4.28e-01	4.09e-01	6.48e-02	2.25e-03	2.35e-04	1.27e-05	0.00e+00	0.00e+00
 5.19914e+22	1.73e-07	8.13e-04	1.03e-01	4.38e-01	3.96e-01	5.97e-02	1.99e-03	2.04e-04	1.05e-05	0.00e+00	0.00e+00
 5.23260e+22	2.15e-07	9.51e-04	1.14e-01	4.50e-01	3.80e-01	5.37e-02	1.71e-03	1.72e-04	8.36e-06	0.00e+00	0.00e+00
 5.26665e+22	2.59e-07	1.08e-03	1.23e-01	4.59e-01	3.66e-01	4.91e-02	1.49e-03	1.48e-04	6.86e-06	0.00e+00	0.00e+00
 5.29669e+22	3.08e-07	1.23e-03	1.33e-01	4.67e-01	3.53e-01	4.49e-02	1.32e-03	1.28e-04	5.68e-06	0.00e+00	0.00e+00
 5.33098e+22	3.83e-07	1.43e-03	1.46e-01	4.76e-01	3.36e-01	4.00e-02	1.12e-03	1.06e-04	4.45e-06	0.00e+00	0.00e+00
 5.36569e+22	4.59e-07	1.63e-03	1.57e-01	4.83e-01	3.21e-01	3.63e-02	9.71e-04	9.08e-05	3.62e-06	0.00e+00	0.00e+00
 5.39611e+22	5.45e-07	1.84e-03	1.69e-01	4.88e-01	3.07e-01	3.29e-02	8.48e-04	7.79e-05	2.96e-06	0.00e+00	0.00e+00
 5.43085e+22	6.78e-07	2.14e-03	1.85e-01	4.94e-01	2.89e-01	2.89e-02	7.11e-04	6.37e-05	2.28e-06	0.00e+00	0.00e+00
 5.46589e+22	8.02e-07	2.41e-03	1.98e-01	4.98e-01	2.75e-01	2.61e-02	6.19e-04	5.43e-05	1.86e-06	0.00e+00	0.00e+00
 5.50131e+22	9.91e-07	2.79e-03	2.15e-01	5.01e-01	2.57e-01	2.29e-02	5.17e-04	4.42e-05	1.43e-06	0.00e+00	0.00e+00
 5.53729e+22	1.18e-06	3.15e-03	2.31e-01	5.03e-01	2.42e-01	2.04e-02	4.43e-04	3.70e-05	1.14e-06	0.00e+00	0.00e+00
 5.56900e+22	1.40e-06	3.53e-03	2.46e-01	5.03e-01	2.29e-01	1.82e-02	3.82e-04	3.12e-05	9.16e-07	0.00e+00	0.00e+00
 5.60521e+22	1.72e-06	4.07e-03	2.66e-01	5.02e-01	2.12e-01	1.57e-02	3.16e-04	2.51e-05	6.94e-07	0.00e+00	0.00e+00
 5.64221e+22	2.04e-06	4.58e-03	2.84e-01	5.00e-01	1.98e-01	1.39e-02	2.68e-04	2.07e-05	5.47e-07	0.00e+00	0.00e+00
 5.68023e+22	2.51e-06	5.27e-03	3.06e-01	4.96e-01	1.81e-01	1.19e-02	2.20e-04	1.64e-05	4.09e-07	0.00e+00	0.00e+00
 5.71901e+22	3.01e-06	5.95e-03	3.26e-01	4.91e-01	1.67e-01	1.03e-02	1.83e-04	1.33e-05	3.14e-07	0.00e+00	0.00e+00
 5.75283e+22	3.54e-06	6.64e-03	3.45e-01	4.85e-01	1.55e-01	9.01e-03	1.55e-04	1.09e-05	2.47e-07	0.00e+00	0.00e+00
 5.79088e+22	4.32e-06	7.59e-03	3.69e-01	4.76e-01	1.40e-01	7.60e-03	1.26e-04	8.53e-06	1.81e-07	0.00e+00	0.00e+00
 5.83036e+22	5.14e-06	8.51e-03	3.90e-01	4.66e-01	1.28e-01	6.53e-03	1.04e-04	6.84e-06	1.38e-07	0.00e+00	0.00e+00
 5.87171e+22	6.38e-06	9.80e-03	4.18e-01	4.53e-01	1.14e-01	5.35e-03	8.15e-05	5.13e-06	0.00e+00	0.00e+00	0.00e+00
 5.91313e+22	7.51e-06	1.09e-02	4.39e-01	4.42e-01	1.03e-01	4.58e-03	6.74e-05	4.09e-06	0.00e+00	0.00e+00	0.00e+00
 5.95464e+22	9.21e-06	1.24e-02	4.67e-01	4.26e-01	9.10e-02	3.74e-03	5.28e-05	3.06e-06	0.00e+00	0.00e+00	0.00e+00
 5.99119e+22	1.05e-05	1.35e-02	4.84e-01	4.15e-01	8.39e-02	3.28e-03	4.52e-05	2.54e-06	0.00e+00	0.00e+00	0.00e+00
 6.01727e+22	1.17e-05	1.45e-02	4.99e-01	4.06e-01	7.80e-02	2.93e-03	3.95e-05	2.16e-06	0.00e+00	0.00e+00	0.00e+00
 6.04713e+22	1.34e-05	1.58e-02	5.18e-01	3.93e-01	7.08e-02	2.52e-03	3.30e-05	1.74e-06	0.00e+00	0.00e+00	0.00e+00
 6.07818e+22	1.51e-05	1.71e-02	5.34e-01	3.81e-01	6.49e-02	2.20e-03	2.81e-05	1.44e-06	0.00e+00	0.00e+00	0.00e+00
 6.11080e+22	1.76e-05	1.88e-02	5.55e-01	3.66e-01	5.79e-02	1.85e-03	2.29e-05	1.12e-06	0.00e+00	0.00e+00	0.00e+00
 6.14344e+22	1.99e-05	2.02e-02	5.72e-01	3.54e-01	5.28e-02	1.61e-03	1.95e-05	9.22e-07	0.00e+00	0.00e+00	0.00e+00
 6.17611e+22	2.31e-05	2.21e-02	5.92e-01	3.38e-01	4.68e-02	1.34e-03	1.58e-05	7.15e-07	0.00e+00	0.00e+00	0.00e+00
 6.20909e+22	2.60e-05	2.38e-02	6.07e-01	3.25e-01	4.24e-02	1.16e-03	1.34e-05	5.83e-07	0.00e+00	0.00e+00	0.00e+00
 6.24245e+22	2.99e-05	2.59e-02	6.26e-01	3.09e-01	3.75e-02	9.67e-04	1.08e-05	4.51e-07	0.00e+00	0.00e+00	0.00e+00
 6.27684e+22	3.39e-05	2.79e-02	6.42e-01	2.96e-01	3.36e-02	8.23e-04	8.99e-06	3.59e-07	0.00e+00	0.00e+00	0.00e+00
 6.30772e+22	3.82e-05	3.00e-02	6.57e-01	2.82e-01	3.01e-02	7.01e-04	7.48e-06	2.87e-07	0.00e+00	0.00e+00	0.00e+00
 6.34304e+22	4.44e-05	3.27e-02	6.75e-01	2.65e-01	2.61e-02	5.71e-04	5.91e-06	2.15e-07	0.00e+00	0.00e+00	0.00e+00
 6.37885e+22	5.00e-05	3.51e-02	6.89e-01	2.52e-01	2.32e-02	4.83e-04	4.88e-06	1.70e-07	0.00e+00	0.00e+00	0.00e+00
 6.41531e+22	5.78e-05	3.82e-02	7.06e-01	2.36e-01	2.00e-02	3.91e-04	3.84e-06	1.27e-07	0.00e+00	0.00e+00	0.00e+00
 6.45305e+22	6.57e-05	4.11e-02	7.19e-01	2.22e-01	1.75e-02	3.24e-04	3.09e-06	0.00e+00	0.00e+00	0.00e+00	0.00e+00
 6.49248e+22	7.69e-05	4.50e-02	7.35e-01	2.05e-01	1.47e-02	2.55e-04	2.36e-06	0.00e+00	0.00e+00	0.00e+00	0.00e+00
 6.53220e+22	8.74e-05	4.83e-02	7.47e-01	1.92e-01	1.28e-02	2.10e-04	1.89e-06	0.00e+00	0.00e+00	0.00e+00	0.00e+00
 6.57229e+22	1.02e-04	5.28e-02	7.61e-01	1.76e-01	1.07e-02	1.64e-04	1.43e-06	0.00e+00	0.00e+00	0.00e+00	0.00e+00
 6.61305e+22	1.16e-04	5.66e-02	7.70e-01	1.63e-01	9.18e-03	1.34e-04	1.13e-06	0.00e+00	0.00e+00	0.00e+00	0.00e+00
 6.65465e+22	1.36e-04	6.17e-02	7.82e-01	1.49e-01	7.56e-03	1.03e-04	8.41e-07	0.00e+00	0.00e+00	0.00e+00	0.00e+00
 6.69691e+22	1.54e-04	6.62e-02	7.90e-01	1.37e-01	6.45e-03	8.36e-05	6.60e-07	0.00e+00	0.00e+00	0.00e+00	0.00e+00
 6.74002e+22	1.80e-04	7.19e-02	7.99e-01	1.24e-01	5.27e-03	6.40e-05	4.87e-07	0.00e+00	0.00e+00	0.00e+00	0.00e+00
 6.78432e+22	2.06e-04	7.73e-02	8.05e-01	1.13e-01	4.42e-03	5.08e-05	3.73e-07	0.00e+00	0.00e+00	0.00e+00	0.00e+00
 6.83018e+22	2.44e-04	8.46e-02	8.11e-01	1.01e-01	3.51e-03	3.77e-05	2.65e-07	0.00e+00	0.00e+00	0.00e+00	0.00e+00
 6.87606e+22	2.78e-04	9.06e-02	8.15e-01	9.16e-02	2.94e-03	3.00e-05	2.03e-07	0.00e+00	0.00e+00	0.00e+00	0.00e+00
 6.92197e+22	3.29e-04	9.87e-02	8.18e-01	8.08e-02	2.33e-03	2.23e-05	1.44e-07	0.00e+00	0.00e+00	0.00e+00	0.00e+00
 6.96936e+22	3.77e-04	1.06e-01	8.19e-01	7.28e-02	1.92e-03	1.74e-05	0.00e+00	0.00e+00	0.00e+00	0.00e+00	0.00e+00
 7.01866e+22	4.51e-04	1.16e-01	8.19e-01	6.31e-02	1.48e-03	1.25e-05	0.00e+00	0.00e+00	0.00e+00	0.00e+00	0.00e+00
 7.06908e+22	5.19e-04	1.25e-01	8.18e-01	5.63e-02	1.20e-03	9.69e-06	0.00e+00	0.00e+00	0.00e+00	0.00e+00	0.00e+00
 7.12096e+22	6.26e-04	1.37e-01	8.14e-01	4.80e-02	9.08e-04	6.82e-06	0.00e+00	0.00e+00	0.00e+00	0.00e+00	0.00e+00
 7.17447e+22	7.29e-04	1.47e-01	8.09e-01	4.21e-02	7.22e-04	5.15e-06	0.00e+00	0.00e+00	0.00e+00	0.00e+00	0.00e+00
 7.23011e+22	8.91e-04	1.62e-01	8.01e-01	3.51e-02	5.30e-04	3.52e-06	0.00e+00	0.00e+00	0.00e+00	0.00e+00	0.00e+00
 7.28793e+22	1.06e-03	1.76e-01	7.93e-01	3.01e-02	4.10e-04	2.56e-06	0.00e+00	0.00e+00	0.00e+00	0.00e+00	0.00e+00
 7.34860e+22	1.31e-03	1.95e-01	7.79e-01	2.43e-02	2.90e-04	1.67e-06	0.00e+00	0.00e+00	0.00e+00	0.00e+00	0.00e+00
 7.41084e+22	1.58e-03	2.12e-01	7.66e-01	2.03e-02	2.18e-04	1.18e-06	0.00e+00	0.00e+00	0.00e+00	0.00e+00	0.00e+00
 7.45926e+22	1.81e-03	2.25e-01	7.55e-01	1.77e-02	1.76e-04	9.05e-07	0.00e+00	0.00e+00	0.00e+00	0.00e+00	0.00e+00
 7.50636e+22	2.14e-03	2.43e-01	7.40e-01	1.48e-02	1.34e-04	6.40e-07	0.00e+00	0.00e+00	0.00e+00	0.00e+00	0.00e+00
 7.55483e+22	2.50e-03	2.59e-01	7.25e-01	1.25e-02	1.05e-04	4.72e-07	0.00e+00	0.00e+00	0.00e+00	0.00e+00	0.00e+00
 7.60505e+22	3.02e-03	2.81e-01	7.06e-01	1.01e-02	7.70e-05	3.16e-07	0.00e+00	0.00e+00	0.00e+00	0.00e+00	0.00e+00
 7.65632e+22	3.55e-03	3.00e-01	6.88e-01	8.32e-03	5.92e-05	2.24e-07	0.00e+00	0.00e+00	0.00e+00	0.00e+00	0.00e+00
 7.70893e+22	4.35e-03	3.25e-01	6.64e-01	6.44e-03	4.20e-05	1.42e-07	0.00e+00	0.00e+00	0.00e+00	0.00e+00	0.00e+00
 7.75753e+22	5.02e-03	3.43e-01	6.46e-01	5.32e-03	3.30e-05	0.00e+00	0.00e+00	0.00e+00	0.00e+00	0.00e+00	0.00e+00
 7.79409e+22	5.70e-03	3.60e-01	6.30e-01	4.44e-03	2.64e-05	0.00e+00	0.00e+00	0.00e+00	0.00e+00	0.00e+00	0.00e+00
 7.83483e+22	6.69e-03	3.81e-01	6.09e-01	3.50e-03	1.98e-05	0.00e+00	0.00e+00	0.00e+00	0.00e+00	0.00e+00	0.00e+00
 7.87808e+22	7.77e-03	4.00e-01	5.89e-01	2.75e-03	1.50e-05	0.00e+00	0.00e+00	0.00e+00	0.00e+00	0.00e+00	0.00e+00
 7.91758e+22	8.96e-03	4.19e-01	5.70e-01	2.15e-03	1.14e-05	0.00e+00	0.00e+00	0.00e+00	0.00e+00	0.00e+00	0.00e+00
 7.95564e+22	1.03e-02	4.37e-01	5.51e-01	1.66e-03	8.57e-06	0.00e+00	0.00e+00	0.00e+00	0.00e+00	0.00e+00	0.00e+00
 7.99189e+22	1.17e-02	4.52e-01	5.35e-01	1.27e-03	6.48e-06	0.00e+00	0.00e+00	0.00e+00	0.00e+00	0.00e+00	0.00e+00
 8.02533e+22	1.33e-02	4.66e-01	5.20e-01	9.73e-04	4.94e-06	0.00e+00	0.00e+00	0.00e+00	0.00e+00	0.00e+00	0.00e+00
 8.05583e+22	1.48e-02	4.78e-01	5.07e-01	7.47e-04	3.79e-06	0.00e+00	0.00e+00	0.00e+00	0.00e+00	0.00e+00	0.00e+00
 8.08356e+22	1.64e-02	4.87e-01	4.96e-01	5.78e-04	2.95e-06	0.00e+00	0.00e+00	0.00e+00	0.00e+00	0.00e+00	0.00e+00
 8.10880e+22	1.80e-02	4.94e-01	4.87e-01	4.50e-04	2.32e-06	0.00e+00	0.00e+00	0.00e+00	0.00e+00	0.00e+00	0.00e+00
 8.13181e+22	1.96e-02	4.99e-01	4.81e-01	3.55e-04	1.86e-06	0.00e+00	0.00e+00	0.00e+00	0.00e+00	0.00e+00	0.00e+00
 8.15275e+22	2.12e-02	5.03e-01	4.76e-01	2.85e-04	1.51e-06	0.00e+00	0.00e+00	0.00e+00	0.00e+00	0.00e+00	0.00e+00
 8.16593e+22	2.19e-02	5.02e-01	4.76e-01	2.53e-04	1.35e-06	0.00e+00	0.00e+00	0.00e+00	0.00e+00	0.00e+00	0.00e+00
 8.17089e+22	2.22e-02	5.01e-01	4.76e-01	2.41e-04	1.29e-06	0.00e+00	0.00e+00	0.00e+00	0.00e+00	0.00e+00	0.00e+00
 8.17492e+22	2.26e-02	5.02e-01	4.75e-01	2.30e-04	1.24e-06	0.00e+00	0.00e+00	0.00e+00	0.00e+00	0.00e+00	0.00e+00
 8.18015e+22	2.30e-02	5.02e-01	4.75e-01	2.17e-04	1.18e-06	0.00e+00	0.00e+00	0.00e+00	0.00e+00	0.00e+00	0.00e+00
 8.18637e+22	2.36e-02	5.03e-01	4.73e-01	2.03e-04	1.11e-06	0.00e+00	0.00e+00	0.00e+00	0.00e+00	0.00e+00	0.00e+00
 8.19264e+22	2.42e-02	5.03e-01	4.73e-01	1.90e-04	1.04e-06	0.00e+00	0.00e+00	0.00e+00	0.00e+00	0.00e+00	0.00e+00
 8.19844e+22	2.47e-02	5.02e-01	4.73e-01	1.80e-04	9.89e-07	0.00e+00	0.00e+00	0.00e+00	0.00e+00	0.00e+00	0.00e+00
 8.20436e+22	2.53e-02	5.03e-01	4.72e-01	1.69e-04	9.33e-07	0.00e+00	0.00e+00	0.00e+00	0.00e+00	0.00e+00	0.00e+00
 8.21048e+22	2.57e-02	5.02e-01	4.72e-01	1.59e-04	8.85e-07	0.00e+00	0.00e+00	0.00e+00	0.00e+00	0.00e+00	0.00e+00
 8.21677e+22	2.64e-02	5.01e-01	4.72e-01	1.49e-04	8.36e-07	0.00e+00	0.00e+00	0.00e+00	0.00e+00	0.00e+00	0.00e+00
 8.22329e+22	2.70e-02	5.01e-01	4.72e-01	1.40e-04	7.88e-07	0.00e+00	0.00e+00	0.00e+00	0.00e+00	0.00e+00	0.00e+00
 8.22957e+22	2.76e-02	5.00e-01	4.72e-01	1.32e-04	7.48e-07	0.00e+00	0.00e+00	0.00e+00	0.00e+00	0.00e+00	0.00e+00
 8.23595e+22	2.82e-02	4.99e-01	4.73e-01	1.24e-04	7.10e-07	0.00e+00	0.00e+00	0.00e+00	0.00e+00	0.00e+00	0.00e+00
 8.24275e+22	2.88e-02	4.98e-01	4.73e-01	1.17e-04	6.72e-07	0.00e+00	0.00e+00	0.00e+00	0.00e+00	0.00e+00	0.00e+00
 8.24986e+22	2.94e-02	4.96e-01	4.75e-01	1.10e-04	6.38e-07	0.00e+00	0.00e+00	0.00e+00	0.00e+00	0.00e+00	0.00e+00
 8.25725e+22	3.01e-02	4.94e-01	4.75e-01	1.03e-04	6.04e-07	0.00e+00	0.00e+00	0.00e+00	0.00e+00	0.00e+00	0.00e+00
 8.26482e+22	3.09e-02	4.93e-01	4.76e-01	9.71e-05	5.73e-07	0.00e+00	0.00e+00	0.00e+00	0.00e+00	0.00e+00	0.00e+00
 8.27228e+22	3.16e-02	4.91e-01	4.78e-01	9.17e-05	5.46e-07	0.00e+00	0.00e+00	0.00e+00	0.00e+00	0.00e+00	0.00e+00
 8.27815e+22	3.18e-02	4.88e-01	4.80e-01	8.84e-05	5.30e-07	0.00e+00	0.00e+00	0.00e+00	0.00e+00	0.00e+00	0.00e+00
 8.28213e+22	3.22e-02	4.87e-01	4.81e-01	8.60e-05	5.18e-07	0.00e+00	0.00e+00	0.00e+00	0.00e+00	0.00e+00	0.00e+00
 8.28597e+22	3.26e-02	4.86e-01	4.81e-01	8.37e-05	5.06e-07	0.00e+00	0.00e+00	0.00e+00	0.00e+00	0.00e+00	0.00e+00
 8.29040e+22	3.30e-02	4.85e-01	4.81e-01	8.11e-05	4.93e-07	0.00e+00	0.00e+00	0.00e+00	0.00e+00	0.00e+00	0.00e+00
 8.29524e+22	3.36e-02	4.85e-01	4.82e-01	7.84e-05	4.79e-07	0.00e+00	0.00e+00	0.00e+00	0.00e+00	0.00e+00	0.00e+00
 8.29995e+22	3.39e-02	4.83e-01	4.83e-01	7.62e-05	4.69e-07	0.00e+00	0.00e+00	0.00e+00	0.00e+00	0.00e+00	0.00e+00
 8.30461e+22	3.44e-02	4.82e-01	4.83e-01	7.39e-05	4.57e-07	0.00e+00	0.00e+00	0.00e+00	0.00e+00	0.00e+00	0.00e+00
 8.30944e+22	3.49e-02	4.82e-01	4.84e-01	7.17e-05	4.47e-07	0.00e+00	0.00e+00	0.00e+00	0.00e+00	0.00e+00	0.00e+00
 8.31431e+22	3.54e-02	4.81e-01	4.84e-01	6.97e-05	4.36e-07	0.00e+00	0.00e+00	0.00e+00	0.00e+00	0.00e+00	0.00e+00
 8.31924e+22	3.61e-02	4.80e-01	4.84e-01	6.76e-05	4.26e-07	0.00e+00	0.00e+00	0.00e+00	0.00e+00	0.00e+00	0.00e+00
 8.32417e+22	3.65e-02	4.79e-01	4.84e-01	6.58e-05	4.17e-07	0.00e+00	0.00e+00	0.00e+00	0.00e+00	0.00e+00	0.00e+00
 8.32928e+22	3.71e-02	4.79e-01	4.84e-01	6.39e-05	4.08e-07	0.00e+00	0.00e+00	0.00e+00	0.00e+00	0.00e+00	0.00e+00
 8.33463e+22	3.78e-02	4.78e-01	4.84e-01	6.20e-05	3.98e-07	0.00e+00	0.00e+00	0.00e+00	0.00e+00	0.00e+00	0.00e+00
 8.34000e+22	3.85e-02	4.78e-01	4.83e-01	6.02e-05	3.89e-07	0.00e+00	0.00e+00	0.00e+00	0.00e+00	0.00e+00	0.00e+00
 8.34534e+22	3.91e-02	4.78e-01	4.83e-01	5.86e-05	3.81e-07	0.00e+00	0.00e+00	0.00e+00	0.00e+00	0.00e+00	0.00e+00
 8.35090e+22	3.99e-02	4.78e-01	4.82e-01	5.69e-05	3.73e-07	0.00e+00	0.00e+00	0.00e+00	0.00e+00	0.00e+00	0.00e+00
 8.35672e+22	4.08e-02	4.78e-01	4.81e-01	5.52e-05	3.64e-07	0.00e+00	0.00e+00	0.00e+00	0.00e+00	0.00e+00	0.00e+00
 8.36258e+22	4.16e-02	4.78e-01	4.80e-01	5.36e-05	3.57e-07	0.00e+00	0.00e+00	0.00e+00	0.00e+00	0.00e+00	0.00e+00
 8.36853e+22	4.25e-02	4.79e-01	4.79e-01	5.21e-05	3.49e-07	0.00e+00	0.00e+00	0.00e+00	0.00e+00	0.00e+00	0.00e+00
 8.37471e+22	4.35e-02	4.79e-01	4.77e-01	5.05e-05	3.41e-07	0.00e+00	0.00e+00	0.00e+00	0.00e+00	0.00e+00	0.00e+00
 8.38111e+22	4.46e-02	4.80e-01	4.75e-01	4.90e-05	3.33e-07	0.00e+00	0.00e+00	0.00e+00	0.00e+00	0.00e+00	0.00e+00
 8.38764e+22	4.57e-02	4.81e-01	4.73e-01	4.75e-05	3.26e-07	0.00e+00	0.00e+00	0.00e+00	0.00e+00	0.00e+00	0.00e+00
 8.39432e+22	4.69e-02	4.82e-01	4.71e-01	4.60e-05	3.18e-07	0.00e+00	0.00e+00	0.00e+00	0.00e+00	0.00e+00	0.00e+00
 8.40123e+22	4.82e-02	4.83e-01	4.68e-01	4.46e-05	3.11e-07	0.00e+00	0.00e+00	0.00e+00	0.00e+00	0.00e+00	0.00e+00
 8.40832e+22	4.96e-02	4.85e-01	4.65e-01	4.31e-05	3.03e-07	0.00e+00	0.00e+00	0.00e+00	0.00e+00	0.00e+00	0.00e+00
 8.41558e+22	5.11e-02	4.86e-01	4.62e-01	4.18e-05	2.96e-07	0.00e+00	0.00e+00	0.00e+00	0.00e+00	0.00e+00	0.00e+00
 8.42306e+22	5.27e-02	4.88e-01	4.59e-01	4.04e-05	2.89e-07	0.00e+00	0.00e+00	0.00e+00	0.00e+00	0.00e+00	0.00e+00
 8.43081e+22	5.44e-02	4.90e-01	4.55e-01	3.90e-05	2.82e-07	0.00e+00	0.00e+00	0.00e+00	0.00e+00	0.00e+00	0.00e+00
 8.43876e+22	5.61e-02	4.92e-01	4.51e-01	3.77e-05	2.75e-07	0.00e+00	0.00e+00	0.00e+00	0.00e+00	0.00e+00	0.00e+00
 8.44675e+22	5.80e-02	4.95e-01	4.47e-01	3.64e-05	2.67e-07	0.00e+00	0.00e+00	0.00e+00	0.00e+00	0.00e+00	0.00e+00
 8.45486e+22	6.01e-02	4.98e-01	4.42e-01	3.51e-05	2.60e-07	0.00e+00	0.00e+00	0.00e+00	0.00e+00	0.00e+00	0.00e+00
 8.46327e+22	6.23e-02	5.00e-01	4.37e-01	3.39e-05	2.53e-07	0.00e+00	0.00e+00	0.00e+00	0.00e+00	0.00e+00	0.00e+00
 8.47174e+22	6.45e-02	5.03e-01	4.32e-01	3.27e-05	2.47e-07	0.00e+00	0.00e+00	0.00e+00	0.00e+00	0.00e+00	0.00e+00
 8.48015e+22	6.68e-02	5.06e-01	4.27e-01	3.15e-05	2.40e-07	0.00e+00	0.00e+00	0.00e+00	0.00e+00	0.00e+00	0.00e+00
 8.48875e+22	6.94e-02	5.09e-01	4.21e-01	3.04e-05	2.33e-07	0.00e+00	0.00e+00	0.00e+00	0.00e+00	0.00e+00	0.00e+00
 8.49763e+22	7.20e-02	5.12e-01	4.16e-01	2.93e-05	2.26e-07	0.00e+00	0.00e+00	0.00e+00	0.00e+00	0.00e+00	0.00e+00
 8.50660e+22	7.46e-02	5.15e-01	4.10e-01	2.82e-05	2.20e-07	0.00e+00	0.00e+00	0.00e+00	0.00e+00	0.00e+00	0.00e+00
 8.51564e+22	7.75e-02	5.19e-01	4.04e-01	2.72e-05	2.13e-07	0.00e+00	0.00e+00	0.00e+00	0.00e+00	0.00e+00	0.00e+00
 8.52496e+22	8.07e-02	5.22e-01	3.97e-01	2.61e-05	2.06e-07	0.00e+00	0.00e+00	0.00e+00	0.00e+00	0.00e+00	0.00e+00
 8.53450e+22	8.40e-02	5.26e-01	3.90e-01	2.51e-05	2.00e-07	0.00e+00	0.00e+00	0.00e+00	0.00e+00	0.00e+00	0.00e+00
 8.54417e+22	8.76e-02	5.29e-01	3.83e-01	2.41e-05	1.93e-07	0.00e+00	0.00e+00	0.00e+00	0.00e+00	0.00e+00	0.00e+00
 8.55399e+22	9.15e-02	5.33e-01	3.76e-01	2.31e-05	1.86e-07	0.00e+00	0.00e+00	0.00e+00	0.00e+00	0.00e+00	0.00e+00
 8.56412e+22	9.56e-02	5.36e-01	3.68e-01	2.22e-05	1.79e-07	0.00e+00	0.00e+00	0.00e+00	0.00e+00	0.00e+00	0.00e+00
 8.57443e+22	1.00e-01	5.40e-01	3.60e-01	2.12e-05	1.72e-07	0.00e+00	0.00e+00	0.00e+00	0.00e+00	0.00e+00	0.00e+00
 8.58443e+22	1.04e-01	5.43e-01	3.52e-01	2.03e-05	1.65e-07	0.00e+00	0.00e+00	0.00e+00	0.00e+00	0.00e+00	0.00e+00
 8.59376e+22	1.09e-01	5.46e-01	3.45e-01	1.92e-05	1.59e-07	0.00e+00	0.00e+00	0.00e+00	0.00e+00	0.00e+00	0.00e+00
 8.60237e+22	1.13e-01	5.49e-01	3.37e-01	1.83e-05	1.54e-07	0.00e+00	0.00e+00	0.00e+00	0.00e+00	0.00e+00	0.00e+00
 8.61045e+22	1.18e-01	5.52e-01	3.30e-01	1.74e-05	1.48e-07	0.00e+00	0.00e+00	0.00e+00	0.00e+00	0.00e+00	0.00e+00
 8.61794e+22	1.22e-01	5.54e-01	3.24e-01	1.67e-05	1.43e-07	0.00e+00	0.00e+00	0.00e+00	0.00e+00	0.00e+00	0.00e+00
 8.62519e+22	1.27e-01	5.57e-01	3.17e-01	1.59e-05	1.38e-07	0.00e+00	0.00e+00	0.00e+00	0.00e+00	0.00e+00	0.00e+00
 8.63248e+22	1.31e-01	5.59e-01	3.10e-01	1.53e-05	1.33e-07	0.00e+00	0.00e+00	0.00e+00	0.00e+00	0.00e+00	0.00e+00
 8.63954e+22	1.36e-01	5.61e-01	3.04e-01	1.46e-05	1.29e-07	0.00e+00	0.00e+00	0.00e+00	0.00e+00	0.00e+00	0.00e+00
 8.64618e+22	1.40e-01	5.62e-01	2.98e-01	1.40e-05	1.24e-07	0.00e+00	0.00e+00	0.00e+00	0.00e+00	0.00e+00	0.00e+00
 8.65248e+22	1.45e-01	5.64e-01	2.92e-01	1.34e-05	0.00e+00	0.00e+00	0.00e+00	0.00e+00	0.00e+00	0.00e+00	0.00e+00
 8.65880e+22	1.49e-01	5.65e-01	2.85e-01	1.29e-05	0.00e+00	0.00e+00	0.00e+00	0.00e+00	0.00e+00	0.00e+00	0.00e+00
 8.66485e+22	1.54e-01	5.66e-01	2.80e-01	1.24e-05	0.00e+00	0.00e+00	0.00e+00	0.00e+00	0.00e+00	0.00e+00	0.00e+00
 8.67056e+22	1.59e-01	5.67e-01	2.74e-01	1.19e-05	0.00e+00	0.00e+00	0.00e+00	0.00e+00	0.00e+00	0.00e+00	0.00e+00
 8.67622e+22	1.63e-01	5.68e-01	2.68e-01	1.14e-05	0.00e+00	0.00e+00	0.00e+00	0.00e+00	0.00e+00	0.00e+00	0.00e+00
 8.68166e+22	1.68e-01	5.69e-01	2.63e-01	1.10e-05	0.00e+00	0.00e+00	0.00e+00	0.00e+00	0.00e+00	0.00e+00	0.00e+00
 8.68677e+22	1.73e-01	5.70e-01	2.57e-01	1.06e-05	0.00e+00	0.00e+00	0.00e+00	0.00e+00	0.00e+00	0.00e+00	0.00e+00
 8.69178e+22	1.78e-01	5.71e-01	2.52e-01	1.02e-05	0.00e+00	0.00e+00	0.00e+00	0.00e+00	0.00e+00	0.00e+00	0.00e+00
 8.69666e+22	1.83e-01	5.71e-01	2.46e-01	9.85e-06	0.00e+00	0.00e+00	0.00e+00	0.00e+00	0.00e+00	0.00e+00	0.00e+00
 8.70126e+22	1.87e-01	5.71e-01	2.41e-01	9.51e-06	0.00e+00	0.00e+00	0.00e+00	0.00e+00	0.00e+00	0.00e+00	0.00e+00
 8.70544e+22	1.92e-01	5.71e-01	2.37e-01	9.21e-06	0.00e+00	0.00e+00	0.00e+00	0.00e+00	0.00e+00	0.00e+00	0.00e+00
 8.70924e+22	1.96e-01	5.71e-01	2.32e-01	8.93e-06	0.00e+00	0.00e+00	0.00e+00	0.00e+00	0.00e+00	0.00e+00	0.00e+00
 8.71270e+22	2.01e-01	5.71e-01	2.28e-01	8.69e-06	0.00e+00	0.00e+00	0.00e+00	0.00e+00	0.00e+00	0.00e+00	0.00e+00
 8.71585e+22	2.04e-01	5.71e-01	2.24e-01	8.46e-06	0.00e+00	0.00e+00	0.00e+00	0.00e+00	0.00e+00	0.00e+00	0.00e+00
 8.71872e+22	2.08e-01	5.71e-01	2.21e-01	8.26e-06	0.00e+00	0.00e+00	0.00e+00	0.00e+00	0.00e+00	0.00e+00	0.00e+00
 8.72133e+22	2.11e-01	5.71e-01	2.18e-01	8.08e-06	0.00e+00	0.00e+00	0.00e+00	0.00e+00	0.00e+00	0.00e+00	0.00e+00
 8.72418e+22	2.15e-01	5.71e-01	2.14e-01	7.86e-06	0.00e+00	0.00e+00	0.00e+00	0.00e+00	0.00e+00	0.00e+00	0.00e+00
 8.72727e+22	2.19e-01	5.70e-01	2.10e-01	7.66e-06	0.00e+00	0.00e+00	0.00e+00	0.00e+00	0.00e+00	0.00e+00	0.00e+00
 8.73008e+22	2.23e-01	5.70e-01	2.07e-01	7.48e-06	0.00e+00	0.00e+00	0.00e+00	0.00e+00	0.00e+00	0.00e+00	0.00e+00
 8.73263e+22	2.27e-01	5.70e-01	2.04e-01	7.31e-06	0.00e+00	0.00e+00	0.00e+00	0.00e+00	0.00e+00	0.00e+00	0.00e+00
 8.73496e+22	2.29e-01	5.69e-01	2.02e-01	7.18e-06	0.00e+00	0.00e+00	0.00e+00	0.00e+00	0.00e+00	0.00e+00	0.00e+00
 8.73751e+22	2.33e-01	5.69e-01	1.98e-01	7.00e-06	0.00e+00	0.00e+00	0.00e+00	0.00e+00	0.00e+00	0.00e+00	0.00e+00
 8.74082e+22	2.38e-01	5.68e-01	1.94e-01	6.78e-06	0.00e+00	0.00e+00	0.00e+00	0.00e+00	0.00e+00	0.00e+00	0.00e+00
 8.74439e+22	2.43e-01	5.67e-01	1.90e-01	6.58e-06	0.00e+00	0.00e+00	0.00e+00	0.00e+00	0.00e+00	0.00e+00	0.00e+00
 8.74765e+22	2.47e-01	5.66e-01	1.87e-01	6.40e-06	0.00e+00	0.00e+00	0.00e+00	0.00e+00	0.00e+00	0.00e+00	0.00e+00
 8.75061e+22	2.51e-01	5.65e-01	1.84e-01	6.24e-06	0.00e+00	0.00e+00	0.00e+00	0.00e+00	0.00e+00	0.00e+00	0.00e+00
 8.75385e+22	2.55e-01	5.64e-01	1.80e-01	6.06e-06	0.00e+00	0.00e+00	0.00e+00	0.00e+00	0.00e+00	0.00e+00	0.00e+00
 8.75736e+22	2.60e-01	5.63e-01	1.77e-01	5.88e-06	0.00e+00	0.00e+00	0.00e+00	0.00e+00	0.00e+00	0.00e+00	0.00e+00
 8.76055e+22	2.63e-01	5.62e-01	1.74e-01	5.74e-06	0.00e+00	0.00e+00	0.00e+00	0.00e+00	0.00e+00	0.00e+00	0.00e+00
 8.76345e+22	2.67e-01	5.61e-01	1.71e-01	5.59e-06	0.00e+00	0.00e+00	0.00e+00	0.00e+00	0.00e+00	0.00e+00	0.00e+00
 8.76609e+22	2.70e-01	5.61e-01	1.69e-01	5.48e-06	0.00e+00	0.00e+00	0.00e+00	0.00e+00	0.00e+00	0.00e+00	0.00e+00
 8.76898e+22	2.75e-01	5.59e-01	1.66e-01	5.33e-06	0.00e+00	0.00e+00	0.00e+00	0.00e+00	0.00e+00	0.00e+00	0.00e+00
 8.77274e+22	2.81e-01	5.58e-01	1.62e-01	5.14e-06	0.00e+00	0.00e+00	0.00e+00	0.00e+00	0.00e+00	0.00e+00	0.00e+00
 8.77680e+22	2.85e-01	5.56e-01	1.58e-01	4.97e-06	0.00e+00	0.00e+00	0.00e+00	0.00e+00	0.00e+00	0.00e+00	0.00e+00
 8.78049e+22	2.90e-01	5.55e-01	1.55e-01	4.82e-06	0.00e+00	0.00e+00	0.00e+00	0.00e+00	0.00e+00	0.00e+00	0.00e+00
 8.78386e+22	2.94e-01	5.53e-01	1.53e-01	4.69e-06	0.00e+00	0.00e+00	0.00e+00	0.00e+00	0.00e+00	0.00e+00	0.00e+00
 8.78692e+22	2.98e-01	5.52e-01	1.50e-01	4.57e-06	0.00e+00	0.00e+00	0.00e+00	0.00e+00	0.00e+00	0.00e+00	0.00e+00
 8.78970e+22	3.03e-01	5.50e-01	1.47e-01	4.45e-06	0.00e+00	0.00e+00	0.00e+00	0.00e+00	0.00e+00	0.00e+00	0.00e+00
 8.79223e+22	3.06e-01	5.49e-01	1.45e-01	4.36e-06	0.00e+00	0.00e+00	0.00e+00	0.00e+00	0.00e+00	0.00e+00	0.00e+00
 8.79501e+22	3.11e-01	5.47e-01	1.42e-01	4.23e-06	0.00e+00	0.00e+00	0.00e+00	0.00e+00	0.00e+00	0.00e+00	0.00e+00
