#depth	O	O+	O+2	O+3	O+4	O+5	O+6	O+7	O+8	O[1]	O[2]	O[3]
 4.62852e+21	2.09e-25	1.51e-19	3.95e-15	9.38e-12	5.68e-09	1.47e-06	1.56e-03	8.03e-02	9.18e-01	0.00e+00	0.00e+00	0.00e+00
 1.03784e+22	4.12e-23	1.48e-17	1.94e-13	2.32e-10	6.60e-08	7.96e-06	4.56e-03	1.33e-01	8.63e-01	0.00e+00	0.00e+00	0.00e+00
 1.19680e+22	6.76e-22	1.67e-16	1.52e-12	1.25e-09	2.37e-07	1.90e-05	7.79e-03	1.69e-01	8.24e-01	0.00e+00	0.00e+00	0.00e+00
 1.26704e+22	2.78e-21	5.69e-16	4.30e-12	2.94e-09	4.54e-07	2.96e-05	1.02e-02	1.90e-01	8.00e-01	0.00e+00	0.00e+00	0.00e+00
 1.29631e+22	3.88e-21	7.62e-16	5.51e-12	3.60e-09	5.31e-07	3.29e-05	1.09e-02	1.96e-01	7.93e-01	0.00e+00	0.00e+00	0.00e+00
 1.30686e+22	5.13e-21	9.70e-16	6.76e-12	4.26e-09	6.03e-07	3.60e-05	1.15e-02	2.00e-01	7.88e-01	0.00e+00	0.00e+00	0.00e+00
 1.31743e+22	7.11e-21	1.29e-15	8.60e-12	5.19e-09	7.03e-07	3.99e-05	1.23e-02	2.06e-01	7.82e-01	0.00e+00	0.00e+00	0.00e+00
 1.32825e+22	9.35e-21	1.63e-15	1.05e-11	6.12e-09	7.98e-07	4.36e-05	1.30e-02	2.11e-01	7.76e-01	0.00e+00	0.00e+00	0.00e+00
 1.33951e+22	1.32e-20	2.20e-15	1.36e-11	7.56e-09	9.38e-07	4.87e-05	1.39e-02	2.17e-01	7.69e-01	0.00e+00	0.00e+00	0.00e+00
 1.35093e+22	1.72e-20	2.76e-15	1.65e-11	8.86e-09	1.06e-06	5.31e-05	1.47e-02	2.22e-01	7.63e-01	0.00e+00	0.00e+00	0.00e+00
 1.36267e+22	2.42e-20	3.72e-15	2.12e-11	1.09e-08	1.25e-06	5.93e-05	1.57e-02	2.28e-01	7.56e-01	0.00e+00	0.00e+00	0.00e+00
 1.37441e+22	3.12e-20	4.63e-15	2.56e-11	1.27e-08	1.41e-06	6.45e-05	1.65e-02	2.33e-01	7.50e-01	0.00e+00	0.00e+00	0.00e+00
 1.38617e+22	4.34e-20	6.17e-15	3.26e-11	1.56e-08	1.64e-06	7.19e-05	1.77e-02	2.40e-01	7.42e-01	0.00e+00	0.00e+00	0.00e+00
 1.39817e+22	5.56e-20	7.65e-15	3.92e-11	1.82e-08	1.85e-06	7.81e-05	1.86e-02	2.45e-01	7.36e-01	0.00e+00	0.00e+00	0.00e+00
 1.41050e+22	7.74e-20	1.02e-14	5.01e-11	2.22e-08	2.17e-06	8.72e-05	1.99e-02	2.52e-01	7.28e-01	0.00e+00	0.00e+00	0.00e+00
 1.42244e+22	9.59e-20	1.23e-14	5.87e-11	2.54e-08	2.40e-06	9.37e-05	2.08e-02	2.57e-01	7.23e-01	0.00e+00	0.00e+00	0.00e+00
 1.43387e+22	1.28e-19	1.58e-14	7.28e-11	3.03e-08	2.76e-06	1.03e-04	2.21e-02	2.63e-01	7.15e-01	0.00e+00	0.00e+00	0.00e+00
 1.44563e+22	1.61e-19	1.92e-14	8.60e-11	3.49e-08	3.08e-06	1.12e-04	2.32e-02	2.68e-01	7.09e-01	0.00e+00	0.00e+00	0.00e+00
 1.45782e+22	2.17e-19	2.50e-14	1.08e-10	4.20e-08	3.57e-06	1.24e-04	2.47e-02	2.75e-01	7.01e-01	0.00e+00	0.00e+00	0.00e+00
 1.47016e+22	2.70e-19	3.01e-14	1.26e-10	4.80e-08	3.96e-06	1.33e-04	2.58e-02	2.80e-01	6.94e-01	0.00e+00	0.00e+00	0.00e+00
 1.48270e+22	3.60e-19	3.87e-14	1.56e-10	5.74e-08	4.56e-06	1.47e-04	2.74e-02	2.86e-01	6.86e-01	0.00e+00	0.00e+00	0.00e+00
 1.49513e+22	4.45e-19	4.66e-14	1.83e-10	6.55e-08	5.06e-06	1.58e-04	2.87e-02	2.91e-01	6.80e-01	0.00e+00	0.00e+00	0.00e+00
 1.50743e+22	5.90e-19	5.94e-14	2.26e-10	7.80e-08	5.81e-06	1.74e-04	3.04e-02	2.98e-01	6.71e-01	0.00e+00	0.00e+00	0.00e+00
 1.51986e+22	7.21e-19	7.08e-14	2.62e-10	8.84e-08	6.41e-06	1.87e-04	3.17e-02	3.03e-01	6.65e-01	0.00e+00	0.00e+00	0.00e+00
 1.53244e+22	9.49e-19	8.99e-14	3.22e-10	1.05e-07	7.35e-06	2.06e-04	3.36e-02	3.10e-01	6.56e-01	0.00e+00	0.00e+00	0.00e+00
 1.54527e+22	1.16e-18	1.07e-13	3.75e-10	1.19e-07	8.13e-06	2.21e-04	3.51e-02	3.15e-01	6.50e-01	0.00e+00	0.00e+00	0.00e+00
 1.55841e+22	1.53e-18	1.36e-13	4.60e-10	1.42e-07	9.31e-06	2.43e-04	3.72e-02	3.22e-01	6.40e-01	0.00e+00	0.00e+00	0.00e+00
 1.57179e+22	1.88e-18	1.63e-13	5.36e-10	1.61e-07	1.03e-05	2.61e-04	3.89e-02	3.27e-01	6.34e-01	0.00e+00	0.00e+00	0.00e+00
 1.58548e+22	2.48e-18	2.07e-13	6.59e-10	1.91e-07	1.18e-05	2.88e-04	4.13e-02	3.34e-01	6.24e-01	0.00e+00	0.00e+00	0.00e+00
 1.59944e+22	3.06e-18	2.48e-13	7.69e-10	2.18e-07	1.31e-05	3.10e-04	4.31e-02	3.40e-01	6.17e-01	0.00e+00	0.00e+00	0.00e+00
 1.61372e+22	4.03e-18	3.16e-13	9.46e-10	2.59e-07	1.51e-05	3.42e-04	4.57e-02	3.47e-01	6.07e-01	0.00e+00	0.00e+00	0.00e+00
 1.62768e+22	4.83e-18	3.70e-13	1.08e-09	2.90e-07	1.65e-05	3.65e-04	4.75e-02	3.52e-01	6.00e-01	0.00e+00	0.00e+00	0.00e+00
 1.64122e+22	6.27e-18	4.64e-13	1.32e-09	3.42e-07	1.88e-05	4.00e-04	5.02e-02	3.59e-01	5.91e-01	0.00e+00	0.00e+00	0.00e+00
 1.65498e+22	7.53e-18	5.45e-13	1.51e-09	3.84e-07	2.06e-05	4.27e-04	5.22e-02	3.63e-01	5.84e-01	0.00e+00	0.00e+00	0.00e+00
 1.66901e+22	9.69e-18	6.78e-13	1.82e-09	4.50e-07	2.34e-05	4.67e-04	5.51e-02	3.70e-01	5.74e-01	0.00e+00	0.00e+00	0.00e+00
 1.68349e+22	1.19e-17	8.09e-13	2.12e-09	5.11e-07	2.59e-05	5.02e-04	5.75e-02	3.75e-01	5.66e-01	0.00e+00	0.00e+00	0.00e+00
 1.69853e+22	1.53e-17	1.01e-12	2.56e-09	5.98e-07	2.94e-05	5.49e-04	6.06e-02	3.82e-01	5.57e-01	0.00e+00	0.00e+00	0.00e+00
 1.71407e+22	1.89e-17	1.21e-12	3.00e-09	6.84e-07	3.27e-05	5.92e-04	6.34e-02	3.88e-01	5.48e-01	0.00e+00	0.00e+00	0.00e+00
 1.73025e+22	2.45e-17	1.52e-12	3.65e-09	8.06e-07	3.73e-05	6.49e-04	6.70e-02	3.95e-01	5.38e-01	2.45e-17	6.31e-28	6.71e-28
 1.74688e+22	3.05e-17	1.84e-12	4.30e-09	9.25e-07	4.16e-05	7.02e-04	7.01e-02	4.00e-01	5.29e-01	3.05e-17	5.87e-26	7.39e-26
 1.76409e+22	3.99e-17	2.33e-12	5.26e-09	1.10e-06	4.76e-05	7.72e-04	7.42e-02	4.07e-01	5.18e-01	3.99e-17	7.68e-26	9.68e-26
 1.78188e+22	5.02e-17	2.84e-12	6.24e-09	1.26e-06	5.34e-05	8.37e-04	7.77e-02	4.13e-01	5.08e-01	5.02e-17	9.65e-26	1.22e-25
 1.80041e+22	6.64e-17	3.63e-12	7.70e-09	1.51e-06	6.15e-05	9.25e-04	8.24e-02	4.20e-01	4.97e-01	6.64e-17	1.28e-25	1.61e-25
 1.81941e+22	8.40e-17	4.45e-12	9.19e-09	1.75e-06	6.92e-05	1.01e-03	8.64e-02	4.26e-01	4.87e-01	8.40e-17	1.62e-25	2.04e-25
 1.83646e+22	1.05e-16	5.40e-12	1.08e-08	2.01e-06	7.73e-05	1.09e-03	9.04e-02	4.31e-01	4.77e-01	1.05e-16	2.02e-25	2.54e-25
 1.85606e+22	1.42e-16	7.02e-12	1.36e-08	2.43e-06	8.99e-05	1.21e-03	9.61e-02	4.39e-01	4.64e-01	1.42e-16	2.73e-25	3.44e-25
 1.87577e+22	1.77e-16	8.51e-12	1.60e-08	2.79e-06	1.00e-04	1.31e-03	1.00e-01	4.44e-01	4.55e-01	1.77e-16	3.40e-25	4.28e-25
 1.89564e+22	2.37e-16	1.10e-11	2.00e-08	3.35e-06	1.16e-04	1.45e-03	1.07e-01	4.50e-01	4.42e-01	2.37e-16	4.57e-25	5.75e-25
 1.91593e+22	3.00e-16	1.35e-11	2.38e-08	3.89e-06	1.31e-04	1.58e-03	1.12e-01	4.55e-01	4.31e-01	3.00e-16	5.78e-25	7.28e-25
 1.93676e+22	4.06e-16	1.76e-11	2.99e-08	4.70e-06	1.52e-04	1.75e-03	1.19e-01	4.62e-01	4.18e-01	4.06e-16	7.83e-25	9.85e-25
 1.95792e+22	5.17e-16	2.17e-11	3.59e-08	5.48e-06	1.72e-04	1.91e-03	1.24e-01	4.67e-01	4.07e-01	5.17e-16	9.98e-25	1.26e-24
 1.97950e+22	7.09e-16	2.86e-11	4.54e-08	6.69e-06	2.02e-04	2.13e-03	1.32e-01	4.73e-01	3.93e-01	7.09e-16	1.37e-24	1.72e-24
 1.99990e+22	8.72e-16	3.42e-11	5.30e-08	7.62e-06	2.24e-04	2.30e-03	1.38e-01	4.76e-01	3.83e-01	8.72e-16	1.68e-24	2.12e-24
 2.01876e+22	1.15e-15	4.35e-11	6.53e-08	9.08e-06	2.58e-04	2.53e-03	1.45e-01	4.81e-01	3.71e-01	1.15e-15	2.22e-24	2.79e-24
 2.03778e+22	1.41e-15	5.21e-11	7.62e-08	1.03e-05	2.86e-04	2.72e-03	1.51e-01	4.84e-01	3.61e-01	1.41e-15	2.73e-24	3.43e-24
 2.05700e+22	1.87e-15	6.66e-11	9.41e-08	1.24e-05	3.31e-04	3.01e-03	1.60e-01	4.89e-01	3.48e-01	1.87e-15	3.62e-24	4.55e-24
 2.07640e+22	2.31e-15	8.02e-11	1.11e-07	1.42e-05	3.69e-04	3.25e-03	1.66e-01	4.92e-01	3.38e-01	2.31e-15	4.48e-24	5.63e-24
 2.09603e+22	3.07e-15	1.03e-10	1.37e-07	1.70e-05	4.28e-04	3.60e-03	1.76e-01	4.95e-01	3.25e-01	3.07e-15	5.94e-24	7.47e-24
 2.11592e+22	3.81e-15	1.24e-10	1.61e-07	1.95e-05	4.79e-04	3.90e-03	1.83e-01	4.97e-01	3.15e-01	3.81e-15	7.39e-24	9.29e-24
 2.13618e+22	5.09e-15	1.59e-10	2.01e-07	2.35e-05	5.58e-04	4.34e-03	1.94e-01	5.00e-01	3.02e-01	5.09e-15	9.86e-24	1.24e-23
 2.15670e+22	6.34e-15	1.93e-10	2.37e-07	2.71e-05	6.26e-04	4.70e-03	2.02e-01	5.02e-01	2.91e-01	6.34e-15	1.23e-23	1.55e-23
 2.17758e+22	8.47e-15	2.49e-10	2.95e-07	3.28e-05	7.31e-04	5.24e-03	2.13e-01	5.03e-01	2.78e-01	8.47e-15	1.64e-23	2.06e-23
 2.19890e+22	1.07e-14	3.04e-10	3.52e-07	3.81e-05	8.28e-04	5.71e-03	2.23e-01	5.04e-01	2.67e-01	1.07e-14	2.07e-23	2.60e-23
 2.22082e+22	1.43e-14	3.93e-10	4.42e-07	4.64e-05	9.73e-04	6.40e-03	2.36e-01	5.04e-01	2.53e-01	1.43e-14	2.78e-23	3.49e-23
 2.24316e+22	1.81e-14	4.82e-10	5.28e-07	5.42e-05	1.11e-03	7.00e-03	2.47e-01	5.04e-01	2.41e-01	1.81e-14	3.51e-23	4.41e-23
 2.26535e+22	2.39e-14	6.16e-10	6.57e-07	6.56e-05	1.30e-03	7.83e-03	2.60e-01	5.03e-01	2.28e-01	2.39e-14	4.64e-23	5.83e-23
 2.28643e+22	2.91e-14	7.32e-10	7.66e-07	7.50e-05	1.45e-03	8.47e-03	2.70e-01	5.01e-01	2.18e-01	2.91e-14	5.66e-23	7.11e-23
 2.30679e+22	3.74e-14	9.14e-10	9.34e-07	8.94e-05	1.69e-03	9.41e-03	2.84e-01	4.99e-01	2.06e-01	3.74e-14	7.29e-23	9.16e-23
 2.32754e+22	4.56e-14	1.09e-09	1.09e-06	1.03e-04	1.89e-03	1.02e-02	2.95e-01	4.96e-01	1.96e-01	4.56e-14	8.88e-23	1.11e-22
 2.34790e+22	5.73e-14	1.33e-09	1.31e-06	1.21e-04	2.18e-03	1.13e-02	3.09e-01	4.93e-01	1.85e-01	5.73e-14	1.12e-22	1.40e-22
 2.36868e+22	6.95e-14	1.58e-09	1.53e-06	1.39e-04	2.46e-03	1.23e-02	3.21e-01	4.89e-01	1.75e-01	6.95e-14	1.36e-22	1.70e-22
 2.38892e+22	8.52e-14	1.89e-09	1.81e-06	1.62e-04	2.80e-03	1.35e-02	3.34e-01	4.84e-01	1.65e-01	8.52e-14	1.66e-22	2.09e-22
 2.40959e+22	1.03e-13	2.24e-09	2.11e-06	1.87e-04	3.16e-03	1.47e-02	3.47e-01	4.79e-01	1.56e-01	1.03e-13	2.01e-22	2.52e-22
 2.43005e+22	1.23e-13	2.64e-09	2.46e-06	2.15e-04	3.58e-03	1.61e-02	3.61e-01	4.73e-01	1.46e-01	1.23e-13	2.41e-22	3.03e-22
 2.45062e+22	1.47e-13	3.08e-09	2.85e-06	2.46e-04	4.03e-03	1.75e-02	3.74e-01	4.67e-01	1.37e-01	1.47e-13	2.87e-22	3.60e-22
 2.47095e+22	1.73e-13	3.57e-09	3.29e-06	2.81e-04	4.53e-03	1.91e-02	3.87e-01	4.60e-01	1.29e-01	1.73e-13	3.38e-22	4.24e-22
 2.49125e+22	2.02e-13	4.12e-09	3.77e-06	3.20e-04	5.07e-03	2.07e-02	4.00e-01	4.53e-01	1.21e-01	2.02e-13	3.95e-22	4.96e-22
 2.51158e+22	2.34e-13	4.72e-09	4.30e-06	3.64e-04	5.67e-03	2.25e-02	4.13e-01	4.45e-01	1.13e-01	2.34e-13	4.59e-22	5.76e-22
 2.53200e+22	2.70e-13	5.38e-09	4.90e-06	4.12e-04	6.33e-03	2.44e-02	4.26e-01	4.37e-01	1.06e-01	2.70e-13	5.29e-22	6.64e-22
 2.55254e+22	3.09e-13	6.10e-09	5.55e-06	4.65e-04	7.05e-03	2.64e-02	4.39e-01	4.28e-01	9.90e-02	3.09e-13	6.06e-22	7.60e-22
 2.57328e+22	3.51e-13	6.89e-09	6.28e-06	5.24e-04	7.84e-03	2.86e-02	4.51e-01	4.19e-01	9.23e-02	3.51e-13	6.91e-22	8.66e-22
 2.59426e+22	3.97e-13	7.75e-09	7.08e-06	5.90e-04	8.70e-03	3.09e-02	4.64e-01	4.10e-01	8.59e-02	3.97e-13	7.83e-22	9.81e-22
 2.61534e+22	4.47e-13	8.67e-09	7.95e-06	6.62e-04	9.63e-03	3.34e-02	4.76e-01	4.00e-01	7.99e-02	4.47e-13	8.81e-22	1.10e-21
 2.63677e+22	5.01e-13	9.69e-09	8.93e-06	7.44e-04	1.07e-02	3.61e-02	4.88e-01	3.90e-01	7.40e-02	5.01e-13	9.89e-22	1.24e-21
 2.65845e+22	5.58e-13	1.08e-08	9.99e-06	8.32e-04	1.18e-02	3.88e-02	5.00e-01	3.80e-01	6.86e-02	5.58e-13	1.10e-21	1.38e-21
 2.68055e+22	6.21e-13	1.20e-08	1.12e-05	9.34e-04	1.30e-02	4.19e-02	5.12e-01	3.69e-01	6.33e-02	6.21e-13	1.23e-21	1.54e-21
 2.70112e+22	6.75e-13	1.30e-08	1.23e-05	1.02e-03	1.41e-02	4.45e-02	5.21e-01	3.60e-01	5.93e-02	6.75e-13	1.34e-21	1.67e-21
 2.72231e+22	7.47e-13	1.45e-08	1.37e-05	1.15e-03	1.55e-02	4.81e-02	5.32e-01	3.49e-01	5.44e-02	7.47e-13	1.48e-21	1.85e-21
 2.74384e+22	8.10e-13	1.57e-08	1.50e-05	1.26e-03	1.68e-02	5.10e-02	5.41e-01	3.39e-01	5.08e-02	8.10e-13	1.61e-21	2.01e-21
 2.76585e+22	8.89e-13	1.73e-08	1.68e-05	1.42e-03	1.85e-02	5.51e-02	5.51e-01	3.27e-01	4.63e-02	8.89e-13	1.77e-21	2.21e-21
 2.78795e+22	9.64e-13	1.88e-08	1.84e-05	1.55e-03	2.00e-02	5.82e-02	5.59e-01	3.18e-01	4.32e-02	9.64e-13	1.92e-21	2.40e-21
 2.81020e+22	1.06e-12	2.08e-08	2.05e-05	1.74e-03	2.19e-02	6.26e-02	5.68e-01	3.06e-01	3.93e-02	1.06e-12	2.11e-21	2.63e-21
 2.83258e+22	1.14e-12	2.25e-08	2.24e-05	1.90e-03	2.35e-02	6.61e-02	5.75e-01	2.97e-01	3.66e-02	1.14e-12	2.27e-21	2.84e-21
 2.85514e+22	1.24e-12	2.47e-08	2.50e-05	2.12e-03	2.57e-02	7.09e-02	5.83e-01	2.85e-01	3.33e-02	1.24e-12	2.48e-21	3.10e-21
 2.87788e+22	1.34e-12	2.68e-08	2.73e-05	2.31e-03	2.76e-02	7.47e-02	5.89e-01	2.76e-01	3.09e-02	1.34e-12	2.68e-21	3.34e-21
 2.90088e+22	1.46e-12	2.95e-08	3.04e-05	2.59e-03	3.01e-02	7.99e-02	5.95e-01	2.64e-01	2.80e-02	1.46e-12	2.92e-21	3.65e-21
 2.92416e+22	1.57e-12	3.20e-08	3.32e-05	2.82e-03	3.22e-02	8.41e-02	6.00e-01	2.55e-01	2.59e-02	1.57e-12	3.15e-21	3.93e-21
 2.94782e+22	1.71e-12	3.53e-08	3.71e-05	3.16e-03	3.50e-02	8.98e-02	6.06e-01	2.43e-01	2.34e-02	1.71e-12	3.44e-21	4.30e-21
 2.97187e+22	1.84e-12	3.84e-08	4.07e-05	3.45e-03	3.74e-02	9.44e-02	6.09e-01	2.34e-01	2.15e-02	1.84e-12	3.72e-21	4.64e-21
 2.99644e+22	2.02e-12	4.25e-08	4.57e-05	3.87e-03	4.07e-02	1.01e-01	6.13e-01	2.22e-01	1.93e-02	2.02e-12	4.08e-21	5.09e-21
 3.02152e+22	2.19e-12	4.65e-08	5.03e-05	4.24e-03	4.34e-02	1.06e-01	6.15e-01	2.13e-01	1.78e-02	2.19e-12	4.44e-21	5.53e-21
 3.04726e+22	2.41e-12	5.20e-08	5.68e-05	4.77e-03	4.72e-02	1.13e-01	6.18e-01	2.02e-01	1.58e-02	2.41e-12	4.90e-21	6.10e-21
 3.07364e+22	2.64e-12	5.73e-08	6.29e-05	5.24e-03	5.04e-02	1.18e-01	6.19e-01	1.93e-01	1.44e-02	2.64e-12	5.37e-21	6.69e-21
 3.09588e+22	2.84e-12	6.24e-08	6.88e-05	5.69e-03	5.34e-02	1.23e-01	6.19e-01	1.85e-01	1.33e-02	2.84e-12	5.80e-21	7.23e-21
 3.11982e+22	3.13e-12	6.95e-08	7.71e-05	6.33e-03	5.74e-02	1.30e-01	6.19e-01	1.75e-01	1.19e-02	3.13e-12	6.40e-21	7.97e-21
 3.14412e+22	3.39e-12	7.61e-08	8.47e-05	6.89e-03	6.07e-02	1.36e-01	6.18e-01	1.68e-01	1.10e-02	3.39e-12	6.96e-21	8.66e-21
 3.16513e+22	3.67e-12	8.30e-08	9.25e-05	7.46e-03	6.40e-02	1.41e-01	6.16e-01	1.61e-01	1.01e-02	3.67e-12	7.54e-21	9.39e-21
 3.18871e+22	4.04e-12	9.26e-08	1.04e-04	8.26e-03	6.85e-02	1.48e-01	6.14e-01	1.52e-01	9.06e-03	4.04e-12	8.32e-21	1.04e-20
 3.21221e+22	4.43e-12	1.02e-07	1.14e-04	8.93e-03	7.20e-02	1.53e-01	6.12e-01	1.46e-01	8.36e-03	4.43e-12	9.13e-21	1.14e-20
 3.23559e+22	4.89e-12	1.14e-07	1.27e-04	9.87e-03	7.67e-02	1.60e-01	6.08e-01	1.38e-01	7.50e-03	4.89e-12	1.01e-20	1.26e-20
 3.25930e+22	5.38e-12	1.26e-07	1.40e-04	1.07e-02	8.07e-02	1.66e-01	6.04e-01	1.31e-01	6.89e-03	5.38e-12	1.12e-20	1.39e-20
 3.28344e+22	6.01e-12	1.42e-07	1.58e-04	1.18e-02	8.59e-02	1.73e-01	5.99e-01	1.24e-01	6.15e-03	6.01e-12	1.25e-20	1.56e-20
 3.30799e+22	6.68e-12	1.59e-07	1.75e-04	1.28e-02	9.04e-02	1.79e-01	5.94e-01	1.18e-01	5.63e-03	6.68e-12	1.40e-20	1.73e-20
 3.33308e+22	7.52e-12	1.81e-07	1.98e-04	1.42e-02	9.62e-02	1.87e-01	5.87e-01	1.10e-01	4.99e-03	7.52e-12	1.58e-20	1.96e-20
 3.35856e+22	8.44e-12	2.03e-07	2.20e-04	1.55e-02	1.01e-01	1.92e-01	5.81e-01	1.05e-01	4.55e-03	8.44e-12	1.77e-20	2.20e-20
 3.38452e+22	9.61e-12	2.34e-07	2.51e-04	1.72e-02	1.08e-01	2.00e-01	5.73e-01	9.76e-02	4.01e-03	9.61e-12	2.03e-20	2.52e-20
 3.41110e+22	1.09e-11	2.64e-07	2.80e-04	1.87e-02	1.13e-01	2.07e-01	5.65e-01	9.22e-02	3.63e-03	1.09e-11	2.30e-20	2.85e-20
 3.43848e+22	1.26e-11	3.09e-07	3.22e-04	2.09e-02	1.21e-01	2.15e-01	5.55e-01	8.54e-02	3.18e-03	1.26e-11	2.69e-20	3.33e-20
 3.46658e+22	1.44e-11	3.53e-07	3.62e-04	2.28e-02	1.27e-01	2.21e-01	5.46e-01	8.02e-02	2.85e-03	1.44e-11	3.08e-20	3.82e-20
 3.49561e+22	1.71e-11	4.19e-07	4.21e-04	2.55e-02	1.35e-01	2.29e-01	5.33e-01	7.37e-02	2.47e-03	1.71e-11	3.67e-20	4.54e-20
 3.52489e+22	1.98e-11	4.83e-07	4.75e-04	2.79e-02	1.42e-01	2.35e-01	5.23e-01	6.91e-02	2.21e-03	1.98e-11	4.27e-20	5.29e-20
 3.55451e+22	2.36e-11	5.77e-07	5.53e-04	3.12e-02	1.51e-01	2.43e-01	5.09e-01	6.31e-02	1.90e-03	2.36e-11	5.12e-20	6.33e-20
 3.58441e+22	2.77e-11	6.69e-07	6.26e-04	3.41e-02	1.59e-01	2.49e-01	4.97e-01	5.89e-02	1.69e-03	2.77e-11	6.03e-20	7.46e-20
 3.61470e+22	3.34e-11	8.06e-07	7.32e-04	3.82e-02	1.68e-01	2.56e-01	4.82e-01	5.36e-02	1.44e-03	3.34e-11	7.32e-20	9.05e-20
 3.64548e+22	3.96e-11	9.41e-07	8.31e-04	4.17e-02	1.77e-01	2.61e-01	4.69e-01	4.97e-02	1.28e-03	3.96e-11	8.73e-20	1.08e-19
 3.67692e+22	4.85e-11	1.15e-06	9.77e-04	4.67e-02	1.87e-01	2.68e-01	4.52e-01	4.49e-02	1.08e-03	4.85e-11	1.08e-19	1.33e-19
 3.70806e+22	5.75e-11	1.34e-06	1.10e-03	5.08e-02	1.95e-01	2.72e-01	4.38e-01	4.16e-02	9.58e-04	5.75e-11	1.28e-19	1.59e-19
 3.73335e+22	6.64e-11	1.53e-06	1.23e-03	5.47e-02	2.03e-01	2.76e-01	4.26e-01	3.87e-02	8.55e-04	6.64e-11	1.49e-19	1.84e-19
 3.76080e+22	8.04e-11	1.82e-06	1.41e-03	6.00e-02	2.12e-01	2.80e-01	4.11e-01	3.53e-02	7.40e-04	8.04e-11	1.82e-19	2.24e-19
 3.78862e+22	9.45e-11	2.10e-06	1.58e-03	6.47e-02	2.20e-01	2.83e-01	3.98e-01	3.28e-02	6.56e-04	9.45e-11	2.15e-19	2.65e-19
 3.81692e+22	1.15e-10	2.51e-06	1.82e-03	7.10e-02	2.30e-01	2.86e-01	3.81e-01	2.97e-02	5.62e-04	1.15e-10	2.64e-19	3.26e-19
 3.84556e+22	1.36e-10	2.91e-06	2.04e-03	7.65e-02	2.38e-01	2.88e-01	3.68e-01	2.74e-02	4.96e-04	1.36e-10	3.15e-19	3.87e-19
 3.87465e+22	1.68e-10	3.50e-06	2.35e-03	8.39e-02	2.48e-01	2.90e-01	3.51e-01	2.46e-02	4.22e-04	1.68e-10	3.92e-19	4.82e-19
 3.90439e+22	2.01e-10	4.08e-06	2.65e-03	9.05e-02	2.56e-01	2.91e-01	3.36e-01	2.25e-02	3.68e-04	2.01e-10	4.71e-19	5.79e-19
 3.93497e+22	2.52e-10	4.94e-06	3.06e-03	9.91e-02	2.67e-01	2.92e-01	3.19e-01	2.01e-02	3.10e-04	2.52e-10	5.95e-19	7.31e-19
 3.96636e+22	3.05e-10	5.84e-06	3.47e-03	1.07e-01	2.75e-01	2.92e-01	3.04e-01	1.82e-02	2.66e-04	3.05e-10	7.28e-19	8.94e-19
 3.99406e+22	3.67e-10	6.81e-06	3.89e-03	1.15e-01	2.83e-01	2.91e-01	2.90e-01	1.66e-02	2.31e-04	3.67e-10	8.84e-19	1.08e-18
 4.02532e+22	4.64e-10	8.26e-06	4.48e-03	1.26e-01	2.93e-01	2.90e-01	2.73e-01	1.47e-02	1.93e-04	4.64e-10	1.13e-18	1.38e-18
 4.05771e+22	5.70e-10	9.79e-06	5.08e-03	1.35e-01	3.01e-01	2.88e-01	2.57e-01	1.31e-02	1.64e-04	5.70e-10	1.40e-18	1.71e-18
 4.08671e+22	6.93e-10	1.15e-05	5.71e-03	1.45e-01	3.09e-01	2.85e-01	2.44e-01	1.18e-02	1.40e-04	6.93e-10	1.72e-18	2.10e-18
 4.11955e+22	8.92e-10	1.41e-05	6.61e-03	1.58e-01	3.18e-01	2.81e-01	2.26e-01	1.03e-02	1.15e-04	8.92e-10	2.24e-18	2.74e-18
 4.15333e+22	1.10e-09	1.67e-05	7.47e-03	1.70e-01	3.25e-01	2.77e-01	2.12e-01	9.13e-03	9.64e-05	1.10e-09	2.80e-18	3.42e-18
 4.18831e+22	1.44e-09	2.06e-05	8.69e-03	1.85e-01	3.33e-01	2.71e-01	1.95e-01	7.84e-03	7.73e-05	1.44e-09	3.73e-18	4.54e-18
 4.22397e+22	1.81e-09	2.45e-05	9.83e-03	1.98e-01	3.39e-01	2.65e-01	1.81e-01	6.88e-03	6.41e-05	1.81e-09	4.72e-18	5.76e-18
 4.25573e+22	2.25e-09	2.91e-05	1.11e-02	2.11e-01	3.44e-01	2.59e-01	1.68e-01	6.04e-03	5.33e-05	2.25e-09	5.96e-18	7.26e-18
 4.29226e+22	2.99e-09	3.61e-05	1.29e-02	2.29e-01	3.50e-01	2.51e-01	1.52e-01	5.09e-03	4.19e-05	2.99e-09	8.06e-18	9.80e-18
 4.32921e+22	3.77e-09	4.31e-05	1.45e-02	2.44e-01	3.53e-01	2.43e-01	1.40e-01	4.41e-03	3.42e-05	3.77e-09	1.03e-17	1.25e-17
 4.36673e+22	5.02e-09	5.34e-05	1.68e-02	2.63e-01	3.57e-01	2.33e-01	1.26e-01	3.68e-03	2.66e-05	5.02e-09	1.41e-17	1.71e-17
 4.40462e+22	6.36e-09	6.37e-05	1.89e-02	2.79e-01	3.59e-01	2.25e-01	1.15e-01	3.16e-03	2.15e-05	6.36e-09	1.81e-17	2.20e-17
 4.44301e+22	8.56e-09	7.93e-05	2.19e-02	3.00e-01	3.60e-01	2.13e-01	1.02e-01	2.60e-03	1.64e-05	8.56e-09	2.50e-17	3.03e-17
 4.48173e+22	1.08e-08	9.42e-05	2.46e-02	3.17e-01	3.60e-01	2.04e-01	9.25e-02	2.22e-03	1.31e-05	1.08e-08	3.23e-17	3.91e-17
 4.52088e+22	1.46e-08	1.17e-04	2.83e-02	3.38e-01	3.59e-01	1.92e-01	8.12e-02	1.80e-03	9.88e-06	1.46e-08	4.49e-17	5.43e-17
 4.56055e+22	1.86e-08	1.39e-04	3.17e-02	3.55e-01	3.56e-01	1.82e-01	7.30e-02	1.52e-03	7.82e-06	1.86e-08	5.85e-17	7.08e-17
 4.60093e+22	2.54e-08	1.74e-04	3.65e-02	3.77e-01	3.52e-01	1.70e-01	6.33e-02	1.21e-03	5.76e-06	2.54e-08	8.24e-17	9.97e-17
 4.64169e+22	3.23e-08	2.06e-04	4.06e-02	3.94e-01	3.48e-01	1.60e-01	5.64e-02	1.01e-03	4.51e-06	3.23e-08	1.08e-16	1.31e-16
 4.68297e+22	4.41e-08	2.56e-04	4.66e-02	4.16e-01	3.41e-01	1.47e-01	4.84e-02	7.97e-04	3.28e-06	4.41e-08	1.53e-16	1.85e-16
 4.72480e+22	5.64e-08	3.04e-04	5.18e-02	4.33e-01	3.34e-01	1.37e-01	4.27e-02	6.57e-04	2.53e-06	5.64e-08	2.02e-16	2.44e-16
 4.76124e+22	7.16e-08	3.59e-04	5.73e-02	4.49e-01	3.27e-01	1.28e-01	3.77e-02	5.43e-04	1.96e-06	7.16e-08	2.65e-16	3.20e-16
 4.79605e+22	8.90e-08	4.17e-04	6.27e-02	4.63e-01	3.20e-01	1.20e-01	3.36e-02	4.55e-04	1.55e-06	8.90e-08	3.39e-16	4.09e-16
 4.82915e+22	1.10e-07	4.82e-04	6.84e-02	4.76e-01	3.13e-01	1.12e-01	2.99e-02	3.81e-04	1.22e-06	1.10e-07	4.32e-16	5.21e-16
 4.86642e+22	1.44e-07	5.78e-04	7.61e-02	4.92e-01	3.03e-01	1.02e-01	2.57e-02	3.04e-04	9.04e-07	1.44e-07	5.85e-16	7.06e-16
 4.90363e+22	1.77e-07	6.67e-04	8.27e-02	5.04e-01	2.95e-01	9.51e-02	2.28e-02	2.53e-04	7.09e-07	1.77e-07	7.42e-16	8.95e-16
 4.94076e+22	2.30e-07	7.96e-04	9.16e-02	5.18e-01	2.84e-01	8.65e-02	1.95e-02	2.01e-04	5.21e-07	2.30e-07	1.00e-15	1.21e-15
 4.97858e+22	2.86e-07	9.19e-04	9.95e-02	5.28e-01	2.74e-01	7.98e-02	1.71e-02	1.65e-04	4.03e-07	2.86e-07	1.28e-15	1.54e-15
 5.01730e+22	3.73e-07	1.10e-03	1.10e-01	5.40e-01	2.62e-01	7.18e-02	1.45e-02	1.29e-04	2.91e-07	3.73e-07	1.73e-15	2.08e-15
 5.05641e+22	4.63e-07	1.27e-03	1.19e-01	5.49e-01	2.52e-01	6.58e-02	1.26e-02	1.05e-04	2.22e-07	4.63e-07	2.20e-15	2.65e-15
 5.09083e+22	5.71e-07	1.46e-03	1.29e-01	5.57e-01	2.42e-01	6.02e-02	1.10e-02	8.57e-05	1.71e-07	5.71e-07	2.80e-15	3.36e-15
 5.13038e+22	7.46e-07	1.74e-03	1.41e-01	5.65e-01	2.29e-01	5.36e-02	9.18e-03	6.60e-05	1.21e-07	7.46e-07	3.78e-15	4.54e-15
 5.16866e+22	9.05e-07	1.98e-03	1.51e-01	5.70e-01	2.20e-01	4.91e-02	8.03e-03	5.43e-05	0.00e+00	9.05e-07	4.71e-15	5.65e-15
 5.19914e+22	1.08e-06	2.22e-03	1.61e-01	5.73e-01	2.11e-01	4.53e-02	7.10e-03	4.53e-05	0.00e+00	1.08e-06	5.75e-15	6.89e-15
 5.23260e+22	1.34e-06	2.56e-03	1.73e-01	5.77e-01	2.01e-01	4.08e-02	6.09e-03	3.62e-05	0.00e+00	1.34e-06	7.35e-15	8.80e-15
 5.26665e+22	1.60e-06	2.88e-03	1.84e-01	5.79e-01	1.92e-01	3.74e-02	5.34e-03	2.99e-05	0.00e+00	1.60e-06	9.02e-15	1.08e-14
 5.29669e+22	1.90e-06	3.22e-03	1.95e-01	5.80e-01	1.84e-01	3.43e-02	4.70e-03	2.49e-05	0.00e+00	1.90e-06	1.10e-14	1.31e-14
 5.33098e+22	2.36e-06	3.70e-03	2.09e-01	5.80e-01	1.73e-01	3.07e-02	4.00e-03	1.96e-05	0.00e+00	2.36e-06	1.41e-14	1.68e-14
 5.36569e+22	2.82e-06	4.16e-03	2.21e-01	5.79e-01	1.65e-01	2.79e-02	3.48e-03	1.61e-05	0.00e+00	2.82e-06	1.72e-14	2.05e-14
 5.39611e+22	3.35e-06	4.64e-03	2.33e-01	5.77e-01	1.57e-01	2.54e-02	3.04e-03	1.33e-05	0.00e+00	3.35e-06	2.10e-14	2.50e-14
 5.43085e+22	4.16e-06	5.34e-03	2.50e-01	5.73e-01	1.47e-01	2.25e-02	2.56e-03	1.03e-05	0.00e+00	4.16e-06	2.70e-14	3.21e-14
 5.46589e+22	4.92e-06	5.95e-03	2.63e-01	5.70e-01	1.39e-01	2.04e-02	2.23e-03	8.45e-06	0.00e+00	4.92e-06	3.28e-14	3.90e-14
 5.50131e+22	6.09e-06	6.83e-03	2.80e-01	5.64e-01	1.30e-01	1.80e-02	1.86e-03	6.55e-06	0.00e+00	6.09e-06	4.20e-14	4.99e-14
 5.53729e+22	7.27e-06	7.65e-03	2.95e-01	5.58e-01	1.22e-01	1.62e-02	1.60e-03	5.27e-06	0.00e+00	7.27e-06	5.16e-14	6.12e-14
 5.56900e+22	8.60e-06	8.51e-03	3.10e-01	5.51e-01	1.15e-01	1.45e-02	1.38e-03	4.27e-06	0.00e+00	8.60e-06	6.27e-14	7.45e-14
 5.60521e+22	1.06e-05	9.74e-03	3.29e-01	5.42e-01	1.06e-01	1.27e-02	1.15e-03	3.27e-06	0.00e+00	1.06e-05	8.04e-14	9.54e-14
 5.64221e+22	1.27e-05	1.09e-02	3.45e-01	5.33e-01	9.93e-02	1.13e-02	9.78e-04	2.60e-06	0.00e+00	1.27e-05	9.87e-14	1.17e-13
 5.68023e+22	1.57e-05	1.25e-02	3.65e-01	5.20e-01	9.12e-02	9.81e-03	8.04e-04	1.97e-06	0.00e+00	1.57e-05	1.27e-13	1.51e-13
 5.71901e+22	1.88e-05	1.40e-02	3.83e-01	5.09e-01	8.44e-02	8.61e-03	6.74e-04	1.53e-06	0.00e+00	1.88e-05	1.58e-13	1.87e-13
 5.75283e+22	2.22e-05	1.56e-02	4.00e-01	4.98e-01	7.85e-02	7.63e-03	5.72e-04	1.21e-06	0.00e+00	2.22e-05	1.93e-13	2.28e-13
 5.79088e+22	2.74e-05	1.77e-02	4.22e-01	4.82e-01	7.15e-02	6.54e-03	4.65e-04	9.03e-07	0.00e+00	2.74e-05	2.48e-13	2.94e-13
 5.83036e+22	3.28e-05	1.98e-02	4.40e-01	4.68e-01	6.57e-02	5.71e-03	3.87e-04	6.96e-07	0.00e+00	3.28e-05	3.06e-13	3.63e-13
 5.87171e+22	4.11e-05	2.28e-02	4.64e-01	4.49e-01	5.88e-02	4.77e-03	3.05e-04	4.98e-07	0.00e+00	4.11e-05	4.03e-13	4.78e-13
 5.91313e+22	4.87e-05	2.54e-02	4.82e-01	4.34e-01	5.39e-02	4.15e-03	2.53e-04	3.83e-07	0.00e+00	4.87e-05	4.95e-13	5.87e-13
 5.95464e+22	6.06e-05	2.91e-02	5.05e-01	4.14e-01	4.80e-02	3.46e-03	2.00e-04	2.73e-07	0.00e+00	6.06e-05	6.47e-13	7.66e-13
 5.99119e+22	6.92e-05	3.15e-02	5.20e-01	4.01e-01	4.46e-02	3.08e-03	1.71e-04	2.21e-07	0.00e+00	6.92e-05	7.60e-13	8.99e-13
 6.01727e+22	7.76e-05	3.38e-02	5.32e-01	3.90e-01	4.18e-02	2.79e-03	1.50e-04	1.83e-07	0.00e+00	7.76e-05	8.76e-13	1.04e-12
 6.04713e+22	9.04e-05	3.72e-02	5.47e-01	3.74e-01	3.83e-02	2.43e-03	1.26e-04	1.43e-07	0.00e+00	9.04e-05	1.06e-12	1.25e-12
 6.07818e+22	1.03e-04	4.03e-02	5.61e-01	3.61e-01	3.55e-02	2.16e-03	1.08e-04	0.00e+00	0.00e+00	1.03e-04	1.24e-12	1.47e-12
 6.11080e+22	1.21e-04	4.46e-02	5.77e-01	3.44e-01	3.21e-02	1.85e-03	8.85e-05	0.00e+00	0.00e+00	1.21e-04	1.53e-12	1.80e-12
 6.14344e+22	1.38e-04	4.82e-02	5.90e-01	3.31e-01	2.95e-02	1.63e-03	7.54e-05	0.00e+00	0.00e+00	1.38e-04	1.79e-12	2.11e-12
 6.17611e+22	1.63e-04	5.33e-02	6.05e-01	3.13e-01	2.66e-02	1.39e-03	6.14e-05	0.00e+00	0.00e+00	1.63e-04	2.20e-12	2.59e-12
 6.20909e+22	1.84e-04	5.75e-02	6.17e-01	3.00e-01	2.44e-02	1.22e-03	5.21e-05	0.00e+00	0.00e+00	1.84e-04	2.58e-12	3.04e-12
 6.24245e+22	2.16e-04	6.33e-02	6.30e-01	2.83e-01	2.19e-02	1.04e-03	4.24e-05	0.00e+00	0.00e+00	2.16e-04	3.15e-12	3.71e-12
 6.27684e+22	2.47e-04	6.86e-02	6.42e-01	2.69e-01	1.99e-02	8.99e-04	3.53e-05	0.00e+00	0.00e+00	2.47e-04	3.74e-12	4.39e-12
 6.30772e+22	2.81e-04	7.42e-02	6.52e-01	2.55e-01	1.80e-02	7.80e-04	2.95e-05	0.00e+00	0.00e+00	2.81e-04	4.42e-12	5.18e-12
 6.34304e+22	3.33e-04	8.20e-02	6.64e-01	2.37e-01	1.59e-02	6.48e-04	2.33e-05	0.00e+00	0.00e+00	3.33e-04	5.48e-12	6.41e-12
 6.37885e+22	3.78e-04	8.84e-02	6.72e-01	2.24e-01	1.44e-02	5.58e-04	1.93e-05	0.00e+00	0.00e+00	3.78e-04	6.47e-12	7.56e-12
 6.41531e+22	4.44e-04	9.74e-02	6.82e-01	2.07e-01	1.26e-02	4.61e-04	1.52e-05	0.00e+00	0.00e+00	4.44e-04	8.00e-12	9.32e-12
 6.45305e+22	5.10e-04	1.06e-01	6.89e-01	1.93e-01	1.12e-02	3.88e-04	1.23e-05	0.00e+00	0.00e+00	5.10e-04	9.59e-12	1.11e-11
 6.49248e+22	6.08e-04	1.17e-01	6.96e-01	1.76e-01	9.65e-03	3.12e-04	9.42e-06	0.00e+00	0.00e+00	6.08e-04	1.21e-11	1.40e-11
 6.53220e+22	6.96e-04	1.26e-01	7.01e-01	1.63e-01	8.52e-03	2.61e-04	7.56e-06	0.00e+00	0.00e+00	6.96e-04	1.44e-11	1.67e-11
 6.57229e+22	8.27e-04	1.40e-01	7.04e-01	1.48e-01	7.28e-03	2.08e-04	5.72e-06	0.00e+00	0.00e+00	8.27e-04	1.82e-11	2.10e-11
 6.61305e+22	9.44e-04	1.51e-01	7.06e-01	1.36e-01	6.38e-03	1.72e-04	4.55e-06	0.00e+00	0.00e+00	9.44e-04	2.17e-11	2.50e-11
 6.65465e+22	1.12e-03	1.66e-01	7.06e-01	1.21e-01	5.39e-03	1.35e-04	3.38e-06	0.00e+00	0.00e+00	1.12e-03	2.74e-11	3.15e-11
 6.69691e+22	1.28e-03	1.79e-01	7.04e-01	1.10e-01	4.68e-03	1.10e-04	2.66e-06	0.00e+00	0.00e+00	1.28e-03	3.27e-11	3.75e-11
 6.74002e+22	1.52e-03	1.97e-01	7.00e-01	9.77e-02	3.92e-03	8.55e-05	1.96e-06	0.00e+00	0.00e+00	1.52e-03	4.11e-11	4.70e-11
 6.78432e+22	1.74e-03	2.12e-01	6.95e-01	8.77e-02	3.36e-03	6.85e-05	1.50e-06	0.00e+00	0.00e+00	1.74e-03	4.96e-11	5.65e-11
 6.83018e+22	2.09e-03	2.34e-01	6.85e-01	7.58e-02	2.74e-03	5.12e-05	1.07e-06	0.00e+00	0.00e+00	2.09e-03	6.34e-11	7.20e-11
 6.87606e+22	2.37e-03	2.51e-01	6.77e-01	6.77e-02	2.35e-03	4.09e-05	8.20e-07	0.00e+00	0.00e+00	2.37e-03	7.57e-11	8.57e-11
 6.92197e+22	2.83e-03	2.76e-01	6.62e-01	5.79e-02	1.91e-03	3.03e-05	5.79e-07	0.00e+00	0.00e+00	2.83e-03	9.61e-11	1.09e-10
 6.96936e+22	3.23e-03	2.95e-01	6.49e-01	5.08e-02	1.61e-03	2.36e-05	4.35e-07	0.00e+00	0.00e+00	3.23e-03	1.16e-10	1.30e-10
 7.01866e+22	3.88e-03	3.25e-01	6.27e-01	4.23e-02	1.28e-03	1.68e-05	2.96e-07	0.00e+00	0.00e+00	3.88e-03	1.49e-10	1.68e-10
 7.06908e+22	4.43e-03	3.48e-01	6.10e-01	3.65e-02	1.07e-03	1.29e-05	2.19e-07	0.00e+00	0.00e+00	4.43e-03	1.80e-10	2.02e-10
 7.12096e+22	5.35e-03	3.82e-01	5.82e-01	2.96e-02	8.30e-04	8.86e-06	1.45e-07	0.00e+00	0.00e+00	5.35e-03	2.33e-10	2.62e-10
 7.17447e+22	6.15e-03	4.09e-01	5.59e-01	2.49e-02	6.78e-04	6.54e-06	0.00e+00	0.00e+00	0.00e+00	6.15e-03	2.85e-10	3.19e-10
 7.23011e+22	7.48e-03	4.49e-01	5.23e-01	1.94e-02	5.16e-04	4.29e-06	0.00e+00	0.00e+00	0.00e+00	7.48e-03	3.74e-10	4.18e-10
 7.28793e+22	8.70e-03	4.82e-01	4.93e-01	1.57e-02	4.10e-04	3.00e-06	0.00e+00	0.00e+00	0.00e+00	8.70e-03	4.65e-10	5.18e-10
 7.34860e+22	1.07e-02	5.29e-01	4.49e-01	1.16e-02	3.01e-04	1.83e-06	0.00e+00	0.00e+00	0.00e+00	1.07e-02	6.22e-10	6.94e-10
 7.41084e+22	1.26e-02	5.65e-01	4.13e-01	8.94e-03	2.33e-04	1.21e-06	0.00e+00	0.00e+00	0.00e+00	1.26e-02	7.81e-10	8.70e-10
 7.45926e+22	1.41e-02	5.93e-01	3.86e-01	7.31e-03	1.93e-04	8.86e-07	0.00e+00	0.00e+00	0.00e+00	1.41e-02	9.21e-10	1.03e-09
 7.50636e+22	1.65e-02	6.29e-01	3.48e-01	5.55e-03	1.50e-04	5.78e-07	0.00e+00	0.00e+00	0.00e+00	1.65e-02	1.15e-09	1.28e-09
 7.55483e+22	1.89e-02	6.60e-01	3.17e-01	4.32e-03	1.20e-04	3.96e-07	0.00e+00	0.00e+00	0.00e+00	1.89e-02	1.38e-09	1.54e-09
 7.60505e+22	2.25e-02	6.98e-01	2.76e-01	3.08e-03	8.96e-05	2.38e-07	0.00e+00	0.00e+00	0.00e+00	2.25e-02	1.76e-09	1.96e-09
 7.65632e+22	2.60e-02	7.28e-01	2.43e-01	2.28e-03	6.98e-05	1.53e-07	0.00e+00	0.00e+00	0.00e+00	2.60e-02	2.15e-09	2.39e-09
 7.70893e+22	3.15e-02	7.64e-01	2.03e-01	1.51e-03	5.00e-05	0.00e+00	0.00e+00	0.00e+00	0.00e+00	3.15e-02	2.79e-09	3.10e-09
 7.75753e+22	3.61e-02	7.87e-01	1.76e-01	1.11e-03	3.94e-05	0.00e+00	0.00e+00	0.00e+00	0.00e+00	3.61e-02	3.33e-09	3.68e-09
 7.79409e+22	4.10e-02	8.05e-01	1.53e-01	8.25e-04	3.13e-05	0.00e+00	0.00e+00	0.00e+00	0.00e+00	4.10e-02	3.93e-09	4.34e-09
 7.83483e+22	4.83e-02	8.25e-01	1.26e-01	5.59e-04	2.32e-05	0.00e+00	0.00e+00	0.00e+00	0.00e+00	4.83e-02	4.89e-09	5.37e-09
 7.87808e+22	5.71e-02	8.40e-01	1.03e-01	3.75e-04	1.71e-05	0.00e+00	0.00e+00	0.00e+00	0.00e+00	5.71e-02	6.04e-09	6.63e-09
 7.91758e+22	6.76e-02	8.50e-01	8.26e-02	2.50e-04	1.25e-05	0.00e+00	0.00e+00	0.00e+00	0.00e+00	6.76e-02	7.47e-09	8.18e-09
 7.95564e+22	8.06e-02	8.54e-01	6.48e-02	1.63e-04	8.95e-06	0.00e+00	0.00e+00	0.00e+00	0.00e+00	8.06e-02	9.31e-09	1.02e-08
 7.99189e+22	9.68e-02	8.53e-01	5.00e-02	1.05e-04	6.31e-06	0.00e+00	0.00e+00	0.00e+00	0.00e+00	9.68e-02	1.16e-08	1.27e-08
 8.02533e+22	1.16e-01	8.46e-01	3.80e-02	6.86e-05	4.40e-06	0.00e+00	0.00e+00	0.00e+00	0.00e+00	1.16e-01	1.44e-08	1.58e-08
 8.05583e+22	1.40e-01	8.32e-01	2.86e-02	4.51e-05	3.04e-06	0.00e+00	0.00e+00	0.00e+00	0.00e+00	1.40e-01	1.78e-08	1.96e-08
 8.08356e+22	1.67e-01	8.11e-01	2.14e-02	3.02e-05	2.09e-06	0.00e+00	0.00e+00	0.00e+00	0.00e+00	1.67e-01	2.17e-08	2.40e-08
 8.10880e+22	1.99e-01	7.85e-01	1.59e-02	2.07e-05	1.42e-06	0.00e+00	0.00e+00	0.00e+00	0.00e+00	1.99e-01	2.61e-08	2.89e-08
 8.13181e+22	2.35e-01	7.53e-01	1.18e-02	1.45e-05	9.64e-07	0.00e+00	0.00e+00	0.00e+00	0.00e+00	2.35e-01	3.09e-08	3.41e-08
 8.15275e+22	2.75e-01	7.16e-01	8.75e-03	1.04e-05	6.55e-07	0.00e+00	0.00e+00	0.00e+00	0.00e+00	2.75e-01	3.59e-08	3.96e-08
 8.16593e+22	3.02e-01	6.91e-01	7.30e-03	8.58e-06	5.21e-07	0.00e+00	0.00e+00	0.00e+00	0.00e+00	3.02e-01	3.89e-08	4.28e-08
 8.17089e+22	3.13e-01	6.80e-01	6.79e-03	7.97e-06	4.75e-07	0.00e+00	0.00e+00	0.00e+00	0.00e+00	3.13e-01	4.00e-08	4.41e-08
 8.17492e+22	3.22e-01	6.71e-01	6.36e-03	7.45e-06	4.36e-07	0.00e+00	0.00e+00	0.00e+00	0.00e+00	3.22e-01	4.11e-08	4.53e-08
 8.18015e+22	3.35e-01	6.59e-01	5.84e-03	6.84e-06	3.89e-07	0.00e+00	0.00e+00	0.00e+00	0.00e+00	3.35e-01	4.26e-08	4.69e-08
 8.18637e+22	3.51e-01	6.43e-01	5.26e-03	6.17e-06	3.40e-07	0.00e+00	0.00e+00	0.00e+00	0.00e+00	3.51e-01	4.43e-08	4.87e-08
 8.19264e+22	3.68e-01	6.27e-01	4.74e-03	5.58e-06	2.97e-07	0.00e+00	0.00e+00	0.00e+00	0.00e+00	3.68e-01	4.59e-08	5.05e-08
 8.19844e+22	3.83e-01	6.13e-01	4.31e-03	5.10e-06	2.63e-07	0.00e+00	0.00e+00	0.00e+00	0.00e+00	3.83e-01	4.74e-08	5.21e-08
 8.20436e+22	4.00e-01	5.96e-01	3.88e-03	4.62e-06	2.29e-07	0.00e+00	0.00e+00	0.00e+00	0.00e+00	4.00e-01	4.90e-08	5.38e-08
 8.21048e+22	4.17e-01	5.80e-01	3.50e-03	4.20e-06	2.01e-07	0.00e+00	0.00e+00	0.00e+00	0.00e+00	4.17e-01	5.04e-08	5.54e-08
 8.21677e+22	4.35e-01	5.62e-01	3.13e-03	3.79e-06	1.73e-07	0.00e+00	0.00e+00	0.00e+00	0.00e+00	4.35e-01	5.20e-08	5.71e-08
 8.22329e+22	4.55e-01	5.42e-01	2.78e-03	3.41e-06	1.49e-07	0.00e+00	0.00e+00	0.00e+00	0.00e+00	4.55e-01	5.34e-08	5.87e-08
 8.22957e+22	4.73e-01	5.24e-01	2.49e-03	3.09e-06	1.29e-07	0.00e+00	0.00e+00	0.00e+00	0.00e+00	4.73e-01	5.47e-08	6.01e-08
 8.23595e+22	4.93e-01	5.05e-01	2.21e-03	2.79e-06	0.00e+00	0.00e+00	0.00e+00	0.00e+00	0.00e+00	4.93e-01	5.60e-08	6.14e-08
 8.24275e+22	5.13e-01	4.85e-01	1.95e-03	2.51e-06	0.00e+00	0.00e+00	0.00e+00	0.00e+00	0.00e+00	5.13e-01	5.72e-08	6.27e-08
 8.24986e+22	5.34e-01	4.64e-01	1.71e-03	2.25e-06	0.00e+00	0.00e+00	0.00e+00	0.00e+00	0.00e+00	5.34e-01	5.83e-08	6.39e-08
 8.25725e+22	5.56e-01	4.42e-01	1.49e-03	2.01e-06	0.00e+00	0.00e+00	0.00e+00	0.00e+00	0.00e+00	5.56e-01	5.93e-08	6.49e-08
 8.26482e+22	5.79e-01	4.20e-01	1.29e-03	1.79e-06	0.00e+00	0.00e+00	0.00e+00	0.00e+00	0.00e+00	5.79e-01	6.01e-08	6.57e-08
 8.27228e+22	6.00e-01	3.99e-01	1.12e-03	1.60e-06	0.00e+00	0.00e+00	0.00e+00	0.00e+00	0.00e+00	6.00e-01	6.07e-08	6.63e-08
 8.27815e+22	6.15e-01	3.84e-01	1.02e-03	1.48e-06	0.00e+00	0.00e+00	0.00e+00	0.00e+00	0.00e+00	6.15e-01	6.09e-08	6.66e-08
 8.28213e+22	6.26e-01	3.73e-01	9.45e-04	1.40e-06	0.00e+00	0.00e+00	0.00e+00	0.00e+00	0.00e+00	6.26e-01	6.11e-08	6.67e-08
 8.28597e+22	6.36e-01	3.63e-01	8.80e-04	1.32e-06	0.00e+00	0.00e+00	0.00e+00	0.00e+00	0.00e+00	6.36e-01	6.12e-08	6.69e-08
 8.29040e+22	6.48e-01	3.51e-01	8.10e-04	1.24e-06	0.00e+00	0.00e+00	0.00e+00	0.00e+00	0.00e+00	6.48e-01	6.14e-08	6.70e-08
 8.29524e+22	6.60e-01	3.39e-01	7.40e-04	1.16e-06	0.00e+00	0.00e+00	0.00e+00	0.00e+00	0.00e+00	6.60e-01	6.14e-08	6.70e-08
 8.29995e+22	6.71e-01	3.28e-01	6.81e-04	1.09e-06	0.00e+00	0.00e+00	0.00e+00	0.00e+00	0.00e+00	6.71e-01	6.14e-08	6.70e-08
 8.30461e+22	6.82e-01	3.17e-01	6.26e-04	1.03e-06	0.00e+00	0.00e+00	0.00e+00	0.00e+00	0.00e+00	6.82e-01	6.14e-08	6.69e-08
 8.30944e+22	6.93e-01	3.06e-01	5.75e-04	9.63e-07	0.00e+00	0.00e+00	0.00e+00	0.00e+00	0.00e+00	6.93e-01	6.13e-08	6.68e-08
 8.31431e+22	7.04e-01	2.95e-01	5.27e-04	9.04e-07	0.00e+00	0.00e+00	0.00e+00	0.00e+00	0.00e+00	7.04e-01	6.11e-08	6.66e-08
 8.31924e+22	7.15e-01	2.85e-01	4.83e-04	8.48e-07	0.00e+00	0.00e+00	0.00e+00	0.00e+00	0.00e+00	7.15e-01	6.09e-08	6.64e-08
 8.32417e+22	7.24e-01	2.75e-01	4.44e-04	8.00e-07	0.00e+00	0.00e+00	0.00e+00	0.00e+00	0.00e+00	7.24e-01	6.08e-08	6.61e-08
 8.32928e+22	7.34e-01	2.65e-01	4.06e-04	7.51e-07	0.00e+00	0.00e+00	0.00e+00	0.00e+00	0.00e+00	7.34e-01	6.05e-08	6.59e-08
 8.33463e+22	7.44e-01	2.55e-01	3.71e-04	7.05e-07	0.00e+00	0.00e+00	0.00e+00	0.00e+00	0.00e+00	7.44e-01	6.02e-08	6.55e-08
 8.34000e+22	7.54e-01	2.46e-01	3.39e-04	6.62e-07	0.00e+00	0.00e+00	0.00e+00	0.00e+00	0.00e+00	7.54e-01	5.99e-08	6.51e-08
 8.34534e+22	7.63e-01	2.37e-01	3.11e-04	6.24e-07	0.00e+00	0.00e+00	0.00e+00	0.00e+00	0.00e+00	7.63e-01	5.96e-08	6.48e-08
 8.35090e+22	7.72e-01	2.28e-01	2.84e-04	5.86e-07	0.00e+00	0.00e+00	0.00e+00	0.00e+00	0.00e+00	7.72e-01	5.93e-08	6.44e-08
 8.35672e+22	7.81e-01	2.19e-01	2.58e-04	5.50e-07	0.00e+00	0.00e+00	0.00e+00	0.00e+00	0.00e+00	7.81e-01	5.89e-08	6.39e-08
 8.36258e+22	7.89e-01	2.11e-01	2.35e-04	5.17e-07	0.00e+00	0.00e+00	0.00e+00	0.00e+00	0.00e+00	7.89e-01	5.85e-08	6.35e-08
 8.36853e+22	7.97e-01	2.02e-01	2.15e-04	4.87e-07	0.00e+00	0.00e+00	0.00e+00	0.00e+00	0.00e+00	7.97e-01	5.82e-08	6.30e-08
 8.37471e+22	8.05e-01	1.94e-01	1.95e-04	4.57e-07	0.00e+00	0.00e+00	0.00e+00	0.00e+00	0.00e+00	8.05e-01	5.78e-08	6.26e-08
 8.38111e+22	8.13e-01	1.87e-01	1.77e-04	4.29e-07	0.00e+00	0.00e+00	0.00e+00	0.00e+00	0.00e+00	8.13e-01	5.74e-08	6.21e-08
 8.38764e+22	8.21e-01	1.79e-01	1.61e-04	4.04e-07	0.00e+00	0.00e+00	0.00e+00	0.00e+00	0.00e+00	8.21e-01	5.69e-08	6.15e-08
 8.39432e+22	8.28e-01	1.72e-01	1.47e-04	3.79e-07	0.00e+00	0.00e+00	0.00e+00	0.00e+00	0.00e+00	8.28e-01	5.65e-08	6.08e-08
 8.40123e+22	8.35e-01	1.65e-01	1.33e-04	3.56e-07	0.00e+00	0.00e+00	0.00e+00	0.00e+00	0.00e+00	8.35e-01	5.60e-08	6.01e-08
 8.40832e+22	8.42e-01	1.58e-01	1.21e-04	3.35e-07	0.00e+00	0.00e+00	0.00e+00	0.00e+00	0.00e+00	8.42e-01	5.55e-08	5.94e-08
 8.41558e+22	8.48e-01	1.52e-01	1.10e-04	3.15e-07	0.00e+00	0.00e+00	0.00e+00	0.00e+00	0.00e+00	8.48e-01	5.50e-08	5.88e-08
 8.42306e+22	8.55e-01	1.45e-01	9.95e-05	2.96e-07	0.00e+00	0.00e+00	0.00e+00	0.00e+00	0.00e+00	8.55e-01	5.46e-08	5.81e-08
 8.43081e+22	8.61e-01	1.39e-01	9.02e-05	2.78e-07	0.00e+00	0.00e+00	0.00e+00	0.00e+00	0.00e+00	8.61e-01	5.41e-08	5.74e-08
 8.43876e+22	8.67e-01	1.33e-01	8.20e-05	2.61e-07	0.00e+00	0.00e+00	0.00e+00	0.00e+00	0.00e+00	8.67e-01	5.37e-08	5.68e-08
 8.44675e+22	8.72e-01	1.28e-01	7.46e-05	2.45e-07	0.00e+00	0.00e+00	0.00e+00	0.00e+00	0.00e+00	8.72e-01	5.33e-08	5.61e-08
 8.45486e+22	8.78e-01	1.22e-01	6.81e-05	2.31e-07	0.00e+00	0.00e+00	0.00e+00	0.00e+00	0.00e+00	8.78e-01	5.29e-08	5.55e-08
 8.46327e+22	8.83e-01	1.17e-01	6.21e-05	2.17e-07	0.00e+00	0.00e+00	0.00e+00	0.00e+00	0.00e+00	8.83e-01	5.25e-08	5.48e-08
 8.47174e+22	8.87e-01	1.12e-01	5.69e-05	2.04e-07	0.00e+00	0.00e+00	0.00e+00	0.00e+00	0.00e+00	8.87e-01	5.21e-08	5.42e-08
 8.48015e+22	8.92e-01	1.08e-01	5.24e-05	1.93e-07	0.00e+00	0.00e+00	0.00e+00	0.00e+00	0.00e+00	8.92e-01	5.17e-08	5.37e-08
 8.48875e+22	8.96e-01	1.04e-01	4.83e-05	1.82e-07	0.00e+00	0.00e+00	0.00e+00	0.00e+00	0.00e+00	8.96e-01	5.14e-08	5.31e-08
 8.49763e+22	9.00e-01	9.96e-02	4.46e-05	1.72e-07	0.00e+00	0.00e+00	0.00e+00	0.00e+00	0.00e+00	9.00e-01	5.11e-08	5.26e-08
 8.50660e+22	9.04e-01	9.58e-02	4.14e-05	1.63e-07	0.00e+00	0.00e+00	0.00e+00	0.00e+00	0.00e+00	9.04e-01	5.09e-08	5.22e-08
 8.51564e+22	9.08e-01	9.20e-02	3.85e-05	1.54e-07	0.00e+00	0.00e+00	0.00e+00	0.00e+00	0.00e+00	9.08e-01	5.06e-08	5.17e-08
 8.52496e+22	9.12e-01	8.84e-02	3.59e-05	1.45e-07	0.00e+00	0.00e+00	0.00e+00	0.00e+00	0.00e+00	9.12e-01	5.04e-08	5.12e-08
 8.53450e+22	9.15e-01	8.50e-02	3.35e-05	1.37e-07	0.00e+00	0.00e+00	0.00e+00	0.00e+00	0.00e+00	9.15e-01	5.02e-08	5.08e-08
 8.54417e+22	9.18e-01	8.17e-02	3.14e-05	1.30e-07	0.00e+00	0.00e+00	0.00e+00	0.00e+00	0.00e+00	9.18e-01	5.00e-08	5.04e-08
 8.55399e+22	9.21e-01	7.85e-02	2.96e-05	1.23e-07	0.00e+00	0.00e+00	0.00e+00	0.00e+00	0.00e+00	9.21e-01	4.98e-08	4.99e-08
 8.56412e+22	9.25e-01	7.54e-02	2.79e-05	0.00e+00	0.00e+00	0.00e+00	0.00e+00	0.00e+00	0.00e+00	9.25e-01	4.97e-08	4.96e-08
 8.57443e+22	9.27e-01	7.25e-02	2.64e-05	0.00e+00	0.00e+00	0.00e+00	0.00e+00	0.00e+00	0.00e+00	9.27e-01	4.95e-08	4.92e-08
 8.58443e+22	9.30e-01	6.98e-02	2.51e-05	0.00e+00	0.00e+00	0.00e+00	0.00e+00	0.00e+00	0.00e+00	9.30e-01	4.94e-08	4.88e-08
 8.59376e+22	9.32e-01	6.75e-02	2.41e-05	0.00e+00	0.00e+00	0.00e+00	0.00e+00	0.00e+00	0.00e+00	9.32e-01	4.92e-08	4.85e-08
 8.60237e+22	9.34e-01	6.55e-02	2.33e-05	0.00e+00	0.00e+00	0.00e+00	0.00e+00	0.00e+00	0.00e+00	9.34e-01	4.91e-08	4.82e-08
 8.61045e+22	9.36e-01	6.36e-02	2.26e-05	0.00e+00	0.00e+00	0.00e+00	0.00e+00	0.00e+00	0.00e+00	9.36e-01	4.89e-08	4.79e-08
 8.61794e+22	9.38e-01	6.20e-02	2.20e-05	0.00e+00	0.00e+00	0.00e+00	0.00e+00	0.00e+00	0.00e+00	9.38e-01	4.88e-08	4.77e-08
 8.62519e+22	9.40e-01	6.04e-02	2.15e-05	0.00e+00	0.00e+00	0.00e+00	0.00e+00	0.00e+00	0.00e+00	9.40e-01	4.88e-08	4.75e-08
 8.63248e+22	9.41e-01	5.89e-02	2.10e-05	0.00e+00	0.00e+00	0.00e+00	0.00e+00	0.00e+00	0.00e+00	9.41e-01	4.87e-08	4.72e-08
 8.63954e+22	9.43e-01	5.74e-02	2.05e-05	0.00e+00	0.00e+00	0.00e+00	0.00e+00	0.00e+00	0.00e+00	9.43e-01	4.86e-08	4.70e-08
 8.64618e+22	9.44e-01	5.60e-02	2.01e-05	0.00e+00	0.00e+00	0.00e+00	0.00e+00	0.00e+00	0.00e+00	9.44e-01	4.85e-08	4.68e-08
 8.65248e+22	9.45e-01	5.48e-02	1.98e-05	0.00e+00	0.00e+00	0.00e+00	0.00e+00	0.00e+00	0.00e+00	9.45e-01	4.84e-08	4.66e-08
 8.65880e+22	9.47e-01	5.35e-02	1.94e-05	0.00e+00	0.00e+00	0.00e+00	0.00e+00	0.00e+00	0.00e+00	9.47e-01	4.84e-08	4.64e-08
 8.66485e+22	9.48e-01	5.23e-02	1.91e-05	0.00e+00	0.00e+00	0.00e+00	0.00e+00	0.00e+00	0.00e+00	9.48e-01	4.83e-08	4.63e-08
 8.67056e+22	9.49e-01	5.12e-02	1.88e-05	0.00e+00	0.00e+00	0.00e+00	0.00e+00	0.00e+00	0.00e+00	9.49e-01	4.82e-08	4.61e-08
 8.67622e+22	9.50e-01	5.01e-02	1.86e-05	0.00e+00	0.00e+00	0.00e+00	0.00e+00	0.00e+00	0.00e+00	9.50e-01	4.81e-08	4.59e-08
 8.68166e+22	9.51e-01	4.90e-02	1.84e-05	0.00e+00	0.00e+00	0.00e+00	0.00e+00	0.00e+00	0.00e+00	9.51e-01	4.81e-08	4.58e-08
 8.68677e+22	9.52e-01	4.80e-02	1.81e-05	0.00e+00	0.00e+00	0.00e+00	0.00e+00	0.00e+00	0.00e+00	9.52e-01	4.80e-08	4.56e-08
 8.69178e+22	9.53e-01	4.71e-02	1.79e-05	0.00e+00	0.00e+00	0.00e+00	0.00e+00	0.00e+00	0.00e+00	9.53e-01	4.79e-08	4.55e-08
 8.69666e+22	9.54e-01	4.61e-02	1.78e-05	0.00e+00	0.00e+00	0.00e+00	0.00e+00	0.00e+00	0.00e+00	9.54e-01	4.78e-08	4.53e-08
 8.70126e+22	9.55e-01	4.53e-02	1.76e-05	0.00e+00	0.00e+00	0.00e+00	0.00e+00	0.00e+00	0.00e+00	9.55e-01	4.78e-08	4.51e-08
 8.70544e+22	9.56e-01	4.45e-02	1.74e-05	0.00e+00	0.00e+00	0.00e+00	0.00e+00	0.00e+00	0.00e+00	9.56e-01	4.77e-08	4.50e-08
 8.70924e+22	9.56e-01	4.38e-02	1.73e-05	0.00e+00	0.00e+00	0.00e+00	0.00e+00	0.00e+00	0.00e+00	9.56e-01	4.76e-08	4.48e-08
 8.71270e+22	9.57e-01	4.31e-02	1.72e-05	0.00e+00	0.00e+00	0.00e+00	0.00e+00	0.00e+00	0.00e+00	9.57e-01	4.75e-08	4.47e-08
 8.71585e+22	9.57e-01	4.26e-02	1.71e-05	0.00e+00	0.00e+00	0.00e+00	0.00e+00	0.00e+00	0.00e+00	9.57e-01	4.74e-08	4.45e-08
