#depth	C	C+	C+2	C+3	C+4	C+5	C+6	C[1]	C[2]	C[3]	C+[1]	C+[2]	CO
 4.62852e+21	0.00e+00	0.00e+00	1.03e-23	2.49e-17	8.70e-11	1.66e-05	1.00e+00	0.00e+00	0.00e+00	0.00e+00	0.00e+00	0.00e+00	8.07e-191
 1.05207e+22	0.00e+00	2.86e-30	4.40e-23	7.45e-17	1.80e-10	2.39e-05	1.00e+00	0.00e+00	0.00e+00	0.00e+00	0.00e+00	0.00e+00	1.42e-191
 1.26186e+22	0.00e+00	9.01e-30	1.09e-22	1.53e-16	2.90e-10	3.03e-05	1.00e+00	0.00e+00	0.00e+00	0.00e+00	0.00e+00	0.00e+00	7.57e-192
 1.41203e+22	0.00e+00	2.33e-29	2.34e-22	2.71e-16	4.25e-10	3.66e-05	1.00e+00	0.00e+00	0.00e+00	0.00e+00	0.00e+00	0.00e+00	8.18e-133
 1.50843e+22	0.00e+00	3.49e-29	3.23e-22	3.46e-16	4.99e-10	3.96e-05	1.00e+00	0.00e+00	0.00e+00	0.00e+00	0.00e+00	0.00e+00	3.39e-130
 1.57665e+22	0.00e+00	6.16e-29	5.11e-22	4.89e-16	6.28e-10	4.44e-05	1.00e+00	0.00e+00	0.00e+00	0.00e+00	0.00e+00	0.00e+00	2.41e-129
 1.64639e+22	0.00e+00	9.60e-29	7.29e-22	6.39e-16	7.51e-10	4.85e-05	1.00e+00	0.00e+00	0.00e+00	0.00e+00	0.00e+00	0.00e+00	3.24e-129
 1.71809e+22	0.00e+00	1.70e-28	1.16e-21	9.06e-16	9.46e-10	5.43e-05	1.00e+00	0.00e+00	0.00e+00	0.00e+00	0.00e+00	0.00e+00	9.59e-123
 1.79108e+22	0.00e+00	2.71e-28	1.68e-21	1.20e-15	1.14e-09	5.95e-05	1.00e+00	0.00e+00	0.00e+00	0.00e+00	0.00e+00	0.00e+00	1.16e-122
 1.84642e+22	0.00e+00	3.67e-28	2.14e-21	1.44e-15	1.29e-09	6.32e-05	1.00e+00	0.00e+00	0.00e+00	0.00e+00	0.00e+00	0.00e+00	2.36e-121
 1.89907e+22	0.00e+00	5.70e-28	3.05e-21	1.89e-15	1.54e-09	6.90e-05	1.00e+00	0.00e+00	0.00e+00	0.00e+00	0.00e+00	0.00e+00	2.78e-121
 1.95138e+22	0.00e+00	7.70e-28	3.89e-21	2.27e-15	1.74e-09	7.33e-05	1.00e+00	0.00e+00	0.00e+00	0.00e+00	0.00e+00	0.00e+00	3.11e-121
 2.00327e+22	0.00e+00	1.16e-27	5.41e-21	2.91e-15	2.05e-09	7.95e-05	1.00e+00	0.00e+00	0.00e+00	0.00e+00	0.00e+00	0.00e+00	1.18e-119
 2.05670e+22	0.00e+00	1.65e-27	7.17e-21	3.60e-15	2.36e-09	8.52e-05	1.00e+00	0.00e+00	0.00e+00	0.00e+00	0.00e+00	0.00e+00	1.34e-119
 2.10408e+22	0.00e+00	2.29e-27	9.36e-21	4.41e-15	2.70e-09	9.09e-05	1.00e+00	0.00e+00	0.00e+00	0.00e+00	0.00e+00	0.00e+00	1.52e-119
 2.15762e+22	0.00e+00	3.47e-27	1.31e-20	5.69e-15	3.19e-09	9.87e-05	1.00e+00	0.00e+00	0.00e+00	0.00e+00	0.00e+00	0.00e+00	1.80e-119
 2.21259e+22	0.00e+00	4.97e-27	1.74e-20	7.07e-15	3.68e-09	1.06e-04	1.00e+00	0.00e+00	0.00e+00	0.00e+00	0.00e+00	0.00e+00	2.12e-119
 2.26062e+22	0.00e+00	6.92e-27	2.28e-20	8.67e-15	4.21e-09	1.13e-04	1.00e+00	0.00e+00	0.00e+00	0.00e+00	0.00e+00	0.00e+00	2.40e-119
 2.31425e+22	0.00e+00	1.07e-26	3.25e-20	1.14e-14	5.03e-09	1.23e-04	1.00e+00	0.00e+00	0.00e+00	0.00e+00	0.00e+00	0.00e+00	2.84e-116
 2.36784e+22	0.00e+00	1.46e-26	4.16e-20	1.37e-14	5.70e-09	1.31e-04	1.00e+00	0.00e+00	0.00e+00	0.00e+00	0.00e+00	0.00e+00	3.09e-116
 2.42137e+22	0.00e+00	2.28e-26	5.97e-20	1.80e-14	6.82e-09	1.43e-04	1.00e+00	0.00e+00	0.00e+00	0.00e+00	0.00e+00	0.00e+00	3.80e-116
 2.47437e+22	0.00e+00	3.08e-26	7.61e-20	2.17e-14	7.71e-09	1.52e-04	1.00e+00	0.00e+00	0.00e+00	0.00e+00	0.00e+00	0.00e+00	4.33e-116
 2.51783e+22	0.00e+00	4.13e-26	9.64e-20	2.60e-14	8.68e-09	1.61e-04	1.00e+00	0.00e+00	0.00e+00	0.00e+00	0.00e+00	0.00e+00	2.01e-113
 2.55853e+22	0.00e+00	5.49e-26	1.21e-19	3.10e-14	9.74e-09	1.70e-04	1.00e+00	0.00e+00	0.00e+00	0.00e+00	0.00e+00	0.00e+00	3.11e-113
 2.59842e+22	0.00e+00	7.25e-26	1.52e-19	3.68e-14	1.09e-08	1.80e-04	1.00e+00	0.00e+00	0.00e+00	0.00e+00	0.00e+00	0.00e+00	2.99e-95
 2.64419e+22	0.00e+00	1.04e-25	2.03e-19	4.60e-14	1.26e-08	1.93e-04	1.00e+00	0.00e+00	0.00e+00	0.00e+00	0.00e+00	0.00e+00	5.58e-94
 2.68980e+22	0.00e+00	1.37e-25	2.55e-19	5.47e-14	1.42e-08	2.04e-04	1.00e+00	0.00e+00	0.00e+00	0.00e+00	0.00e+00	0.00e+00	2.76e-93
 2.73521e+22	0.00e+00	1.96e-25	3.40e-19	6.82e-14	1.64e-08	2.18e-04	1.00e+00	0.00e+00	0.00e+00	0.00e+00	0.00e+00	0.00e+00	3.11e-93
 2.78133e+22	0.00e+00	2.61e-25	4.29e-19	8.14e-14	1.84e-08	2.31e-04	1.00e+00	0.00e+00	0.00e+00	0.00e+00	0.00e+00	0.00e+00	2.72e-92
 2.82154e+22	0.00e+00	3.45e-25	5.37e-19	9.68e-14	2.06e-08	2.44e-04	1.00e+00	0.00e+00	0.00e+00	0.00e+00	0.00e+00	0.00e+00	6.51e-92
 2.86698e+22	2.98e-33	4.91e-25	7.16e-19	1.21e-13	2.38e-08	2.62e-04	1.00e+00	0.00e+00	0.00e+00	0.00e+00	0.00e+00	0.00e+00	4.94e-92
 2.91301e+22	4.19e-33	6.54e-25	9.02e-19	1.44e-13	2.67e-08	2.77e-04	1.00e+00	0.00e+00	0.00e+00	0.00e+00	0.00e+00	0.00e+00	1.13e-91
 2.95984e+22	6.45e-33	9.41e-25	1.21e-18	1.81e-13	3.10e-08	2.97e-04	1.00e+00	0.00e+00	0.00e+00	0.00e+00	0.00e+00	0.00e+00	3.20e-91
 3.00297e+22	8.69e-33	1.21e-24	1.48e-18	2.11e-13	3.44e-08	3.12e-04	1.00e+00	0.00e+00	0.00e+00	0.00e+00	0.00e+00	0.00e+00	1.45e-90
 3.03559e+22	1.14e-32	1.52e-24	1.78e-18	2.43e-13	3.77e-08	3.26e-04	1.00e+00	0.00e+00	0.00e+00	0.00e+00	0.00e+00	0.00e+00	5.05e-90
 3.07228e+22	1.57e-32	1.99e-24	2.23e-18	2.89e-13	4.22e-08	3.44e-04	1.00e+00	0.00e+00	0.00e+00	0.00e+00	0.00e+00	0.00e+00	8.85e-90
 3.11113e+22	2.13e-32	2.56e-24	2.74e-18	3.38e-13	4.68e-08	3.62e-04	1.00e+00	0.00e+00	0.00e+00	0.00e+00	0.00e+00	0.00e+00	4.93e-90
 3.14619e+22	2.82e-32	3.25e-24	3.32e-18	3.93e-13	5.16e-08	3.79e-04	1.00e+00	0.00e+00	0.00e+00	0.00e+00	0.00e+00	0.00e+00	4.55e-90
 3.18513e+22	3.97e-32	4.33e-24	4.20e-18	4.71e-13	5.81e-08	4.01e-04	1.00e+00	0.00e+00	0.00e+00	0.00e+00	0.00e+00	0.00e+00	2.02e-89
 3.22572e+22	5.46e-32	5.66e-24	5.22e-18	5.56e-13	6.49e-08	4.23e-04	1.00e+00	0.00e+00	0.00e+00	0.00e+00	0.00e+00	0.00e+00	4.38e-89
 3.26044e+22	7.22e-32	7.16e-24	6.32e-18	6.45e-13	7.14e-08	4.43e-04	1.00e+00	0.00e+00	0.00e+00	0.00e+00	0.00e+00	0.00e+00	3.77e-88
 3.29760e+22	1.00e-31	9.43e-24	7.90e-18	7.67e-13	8.00e-08	4.67e-04	1.00e+00	0.00e+00	0.00e+00	0.00e+00	0.00e+00	0.00e+00	8.12e-88
 3.33402e+22	1.31e-31	1.19e-23	9.51e-18	8.84e-13	8.79e-08	4.89e-04	1.00e+00	0.00e+00	0.00e+00	0.00e+00	0.00e+00	0.00e+00	2.24e-87
 3.36315e+22	1.66e-31	1.44e-23	1.12e-17	1.00e-12	9.53e-08	5.08e-04	9.99e-01	0.00e+00	0.00e+00	0.00e+00	0.00e+00	0.00e+00	1.14e-87
 3.39467e+22	2.18e-31	1.81e-23	1.35e-17	1.16e-12	1.05e-07	5.31e-04	9.99e-01	0.00e+00	0.00e+00	0.00e+00	0.00e+00	0.00e+00	7.79e-87
 3.42897e+22	2.85e-31	2.27e-23	1.62e-17	1.33e-12	1.15e-07	5.55e-04	9.99e-01	0.00e+00	0.00e+00	0.00e+00	0.00e+00	0.00e+00	5.53e-87
 3.46103e+22	3.70e-31	2.83e-23	1.93e-17	1.53e-12	1.26e-07	5.80e-04	9.99e-01	0.00e+00	0.00e+00	0.00e+00	0.00e+00	0.00e+00	5.88e-87
 3.49105e+22	4.70e-31	3.47e-23	2.28e-17	1.74e-12	1.37e-07	6.03e-04	9.99e-01	0.00e+00	0.00e+00	0.00e+00	0.00e+00	0.00e+00	5.25e-86
 3.52421e+22	6.25e-31	4.41e-23	2.77e-17	2.02e-12	1.51e-07	6.32e-04	9.99e-01	0.00e+00	0.00e+00	0.00e+00	0.00e+00	0.00e+00	8.88e-86
 3.55930e+22	8.24e-31	5.55e-23	3.34e-17	2.34e-12	1.66e-07	6.61e-04	9.99e-01	0.00e+00	0.00e+00	0.00e+00	0.00e+00	0.00e+00	2.39e-85
 3.59039e+22	1.06e-30	6.85e-23	3.96e-17	2.67e-12	1.81e-07	6.89e-04	9.99e-01	0.00e+00	0.00e+00	0.00e+00	0.00e+00	0.00e+00	3.75e-85
 3.61766e+22	1.31e-30	8.21e-23	4.59e-17	2.99e-12	1.96e-07	7.15e-04	9.99e-01	0.00e+00	0.00e+00	0.00e+00	0.00e+00	0.00e+00	2.24e-85
 3.64264e+22	1.60e-30	9.71e-23	5.27e-17	3.33e-12	2.10e-07	7.39e-04	9.99e-01	0.00e+00	0.00e+00	0.00e+00	0.00e+00	0.00e+00	8.02e-85
 3.67127e+22	2.04e-30	1.19e-22	6.21e-17	3.79e-12	2.28e-07	7.68e-04	9.99e-01	0.00e+00	0.00e+00	0.00e+00	0.00e+00	0.00e+00	6.18e-85
 3.70229e+22	2.60e-30	1.46e-22	7.33e-17	4.30e-12	2.48e-07	8.00e-04	9.99e-01	0.00e+00	0.00e+00	0.00e+00	0.00e+00	0.00e+00	2.26e-84
 3.73055e+22	3.26e-30	1.76e-22	8.55e-17	4.84e-12	2.69e-07	8.31e-04	9.99e-01	0.00e+00	0.00e+00	0.00e+00	0.00e+00	0.00e+00	1.69e-84
 3.75726e+22	4.06e-30	2.12e-22	9.94e-17	5.44e-12	2.90e-07	8.62e-04	9.99e-01	0.00e+00	0.00e+00	0.00e+00	0.00e+00	0.00e+00	8.97e-84
 3.78358e+22	5.01e-30	2.54e-22	1.15e-16	6.09e-12	3.13e-07	8.92e-04	9.99e-01	0.00e+00	0.00e+00	0.00e+00	0.00e+00	0.00e+00	1.54e-83
 3.81356e+22	6.47e-30	3.14e-22	1.37e-16	6.99e-12	3.42e-07	9.31e-04	9.99e-01	0.00e+00	0.00e+00	0.00e+00	0.00e+00	0.00e+00	2.16e-83
 3.84498e+22	8.26e-30	3.86e-22	1.62e-16	7.94e-12	3.72e-07	9.70e-04	9.99e-01	0.00e+00	0.00e+00	0.00e+00	0.00e+00	0.00e+00	5.33e-83
 3.87228e+22	1.03e-29	4.63e-22	1.88e-16	8.91e-12	4.02e-07	1.01e-03	9.99e-01	0.00e+00	0.00e+00	0.00e+00	0.00e+00	0.00e+00	3.63e-83
 3.90179e+22	1.33e-29	5.74e-22	2.24e-16	1.02e-11	4.40e-07	1.05e-03	9.99e-01	0.00e+00	0.00e+00	0.00e+00	0.00e+00	0.00e+00	1.42e-82
 3.93105e+22	1.65e-29	6.91e-22	2.59e-16	1.14e-11	4.74e-07	1.09e-03	9.99e-01	0.00e+00	0.00e+00	0.00e+00	0.00e+00	0.00e+00	7.65e-83
 3.95475e+22	1.99e-29	8.08e-22	2.95e-16	1.26e-11	5.07e-07	1.12e-03	9.99e-01	0.00e+00	0.00e+00	0.00e+00	0.00e+00	0.00e+00	6.72e-82
 3.98033e+22	2.48e-29	9.70e-22	3.42e-16	1.42e-11	5.47e-07	1.16e-03	9.99e-01	0.00e+00	0.00e+00	0.00e+00	0.00e+00	0.00e+00	1.30e-81
 4.00820e+22	3.07e-29	1.16e-21	3.96e-16	1.59e-11	5.90e-07	1.21e-03	9.99e-01	0.00e+00	0.00e+00	0.00e+00	0.00e+00	0.00e+00	1.01e-81
 4.03434e+22	3.80e-29	1.39e-21	4.57e-16	1.78e-11	6.35e-07	1.25e-03	9.99e-01	0.00e+00	0.00e+00	0.00e+00	0.00e+00	0.00e+00	1.57e-81
 4.05940e+22	4.63e-29	1.64e-21	5.24e-16	1.98e-11	6.82e-07	1.29e-03	9.99e-01	0.00e+00	0.00e+00	0.00e+00	0.00e+00	0.00e+00	4.44e-81
 4.08388e+22	5.64e-29	1.93e-21	5.98e-16	2.19e-11	7.30e-07	1.34e-03	9.99e-01	0.00e+00	0.00e+00	0.00e+00	0.00e+00	0.00e+00	1.88e-80
 4.11182e+22	7.13e-29	2.36e-21	7.03e-16	2.49e-11	7.94e-07	1.39e-03	9.99e-01	0.00e+00	0.00e+00	0.00e+00	0.00e+00	0.00e+00	3.37e-80
 4.14089e+22	8.94e-29	2.84e-21	8.18e-16	2.80e-11	8.58e-07	1.44e-03	9.99e-01	0.00e+00	0.00e+00	0.00e+00	0.00e+00	0.00e+00	5.90e-80
 4.16579e+22	1.09e-28	3.35e-21	9.36e-16	3.10e-11	9.20e-07	1.49e-03	9.99e-01	0.00e+00	0.00e+00	0.00e+00	0.00e+00	0.00e+00	9.61e-80
 4.19253e+22	1.37e-28	4.07e-21	1.09e-15	3.51e-11	9.98e-07	1.55e-03	9.98e-01	0.00e+00	0.00e+00	0.00e+00	0.00e+00	0.00e+00	1.70e-79
 4.21963e+22	1.68e-28	4.82e-21	1.26e-15	3.90e-11	1.07e-06	1.61e-03	9.98e-01	0.00e+00	0.00e+00	0.00e+00	0.00e+00	0.00e+00	2.82e-79
 4.24258e+22	2.01e-28	5.61e-21	1.42e-15	4.29e-11	1.14e-06	1.66e-03	9.98e-01	0.00e+00	0.00e+00	0.00e+00	0.00e+00	0.00e+00	4.43e-79
 4.26778e+22	2.49e-28	6.71e-21	1.64e-15	4.81e-11	1.23e-06	1.72e-03	9.98e-01	0.00e+00	0.00e+00	0.00e+00	0.00e+00	0.00e+00	7.54e-79
 4.29492e+22	3.07e-28	7.99e-21	1.89e-15	5.36e-11	1.33e-06	1.78e-03	9.98e-01	0.00e+00	0.00e+00	0.00e+00	0.00e+00	0.00e+00	1.27e-78
 4.31982e+22	3.75e-28	9.42e-21	2.16e-15	5.94e-11	1.42e-06	1.84e-03	9.98e-01	0.00e+00	0.00e+00	0.00e+00	0.00e+00	0.00e+00	2.08e-78
 4.34742e+22	4.74e-28	1.15e-20	2.53e-15	6.73e-11	1.55e-06	1.92e-03	9.98e-01	0.00e+00	0.00e+00	0.00e+00	0.00e+00	0.00e+00	3.73e-78
 4.37636e+22	5.93e-28	1.38e-20	2.94e-15	7.55e-11	1.67e-06	1.99e-03	9.98e-01	0.00e+00	0.00e+00	0.00e+00	0.00e+00	0.00e+00	6.53e-78
 4.40053e+22	7.17e-28	1.62e-20	3.34e-15	8.32e-11	1.78e-06	2.06e-03	9.98e-01	0.00e+00	0.00e+00	0.00e+00	0.00e+00	0.00e+00	1.04e-77
 4.42215e+22	8.54e-28	1.87e-20	3.76e-15	9.12e-11	1.90e-06	2.12e-03	9.98e-01	0.00e+00	0.00e+00	0.00e+00	0.00e+00	0.00e+00	1.62e-77
 4.44698e+22	1.06e-27	2.24e-20	4.34e-15	1.02e-10	2.05e-06	2.20e-03	9.98e-01	0.00e+00	0.00e+00	0.00e+00	0.00e+00	0.00e+00	2.76e-77
 4.47368e+22	1.29e-27	2.64e-20	4.96e-15	1.13e-10	2.20e-06	2.28e-03	9.98e-01	0.00e+00	0.00e+00	0.00e+00	0.00e+00	0.00e+00	4.56e-77
 4.49875e+22	1.58e-27	3.12e-20	5.67e-15	1.25e-10	2.36e-06	2.36e-03	9.98e-01	0.00e+00	0.00e+00	0.00e+00	0.00e+00	0.00e+00	7.55e-77
 4.52346e+22	1.93e-27	3.69e-20	6.48e-15	1.39e-10	2.53e-06	2.44e-03	9.98e-01	0.00e+00	0.00e+00	0.00e+00	0.00e+00	0.00e+00	1.25e-76
 4.54700e+22	2.33e-27	4.30e-20	7.33e-15	1.53e-10	2.70e-06	2.52e-03	9.97e-01	0.00e+00	0.00e+00	0.00e+00	0.00e+00	0.00e+00	1.99e-76
 4.57282e+22	2.90e-27	5.16e-20	8.49e-15	1.71e-10	2.91e-06	2.62e-03	9.97e-01	0.00e+00	0.00e+00	0.00e+00	0.00e+00	0.00e+00	3.44e-76
 4.59987e+22	3.58e-27	6.15e-20	9.75e-15	1.90e-10	3.13e-06	2.72e-03	9.97e-01	0.00e+00	0.00e+00	0.00e+00	0.00e+00	0.00e+00	5.85e-76
 4.62356e+22	4.34e-27	7.19e-20	1.11e-14	2.09e-10	3.34e-06	2.81e-03	9.97e-01	0.00e+00	0.00e+00	0.00e+00	0.00e+00	0.00e+00	9.47e-76
 4.64940e+22	5.49e-27	8.72e-20	1.29e-14	2.35e-10	3.63e-06	2.93e-03	9.97e-01	0.00e+00	0.00e+00	0.00e+00	0.00e+00	0.00e+00	1.70e-75
 4.67612e+22	6.70e-27	1.03e-19	1.47e-14	2.59e-10	3.88e-06	3.03e-03	9.97e-01	0.00e+00	0.00e+00	0.00e+00	0.00e+00	0.00e+00	2.82e-75
 4.69918e+22	8.07e-27	1.20e-19	1.66e-14	2.84e-10	4.14e-06	3.13e-03	9.97e-01	0.00e+00	0.00e+00	0.00e+00	0.00e+00	0.00e+00	4.51e-75
 4.72095e+22	9.65e-27	1.39e-19	1.86e-14	3.10e-10	4.40e-06	3.23e-03	9.97e-01	0.00e+00	0.00e+00	0.00e+00	0.00e+00	0.00e+00	7.08e-75
 4.74586e+22	1.21e-26	1.67e-19	2.15e-14	3.46e-10	4.75e-06	3.37e-03	9.97e-01	0.00e+00	0.00e+00	0.00e+00	0.00e+00	0.00e+00	1.26e-74
 4.77147e+22	1.47e-26	1.95e-19	2.43e-14	3.79e-10	5.07e-06	3.48e-03	9.97e-01	0.00e+00	0.00e+00	0.00e+00	0.00e+00	0.00e+00	2.04e-74
 4.79798e+22	1.86e-26	2.36e-19	2.82e-14	4.24e-10	5.49e-06	3.63e-03	9.96e-01	0.00e+00	0.00e+00	0.00e+00	0.00e+00	0.00e+00	3.72e-74
 4.82511e+22	2.31e-26	2.82e-19	3.24e-14	4.69e-10	5.90e-06	3.78e-03	9.96e-01	0.00e+00	0.00e+00	0.00e+00	0.00e+00	0.00e+00	6.45e-74
 4.84724e+22	2.77e-26	3.26e-19	3.63e-14	5.10e-10	6.27e-06	3.90e-03	9.96e-01	0.00e+00	0.00e+00	0.00e+00	0.00e+00	0.00e+00	1.02e-73
 4.86719e+22	3.25e-26	3.72e-19	4.02e-14	5.51e-10	6.62e-06	4.02e-03	9.96e-01	0.00e+00	0.00e+00	0.00e+00	0.00e+00	0.00e+00	1.54e-73
 4.89010e+22	4.02e-26	4.41e-19	4.59e-14	6.06e-10	7.10e-06	4.18e-03	9.96e-01	0.00e+00	0.00e+00	0.00e+00	0.00e+00	0.00e+00	2.66e-73
 4.91424e+22	4.88e-26	5.16e-19	5.18e-14	6.61e-10	7.56e-06	4.33e-03	9.96e-01	0.00e+00	0.00e+00	0.00e+00	0.00e+00	0.00e+00	4.38e-73
 4.93625e+22	5.89e-26	6.00e-19	5.81e-14	7.19e-10	8.04e-06	4.48e-03	9.96e-01	0.00e+00	0.00e+00	0.00e+00	0.00e+00	0.00e+00	7.10e-73
 4.96110e+22	7.41e-26	7.21e-19	6.69e-14	7.96e-10	8.66e-06	4.67e-03	9.95e-01	0.00e+00	0.00e+00	0.00e+00	0.00e+00	0.00e+00	1.29e-72
 4.98571e+22	9.05e-26	8.46e-19	7.55e-14	8.66e-10	9.23e-06	4.85e-03	9.95e-01	0.00e+00	0.00e+00	0.00e+00	0.00e+00	0.00e+00	2.15e-72
 5.00564e+22	1.07e-25	9.69e-19	8.38e-14	9.33e-10	9.75e-06	5.01e-03	9.95e-01	0.00e+00	0.00e+00	0.00e+00	0.00e+00	0.00e+00	3.34e-72
 5.02718e+22	1.32e-25	1.14e-18	9.47e-14	1.02e-09	1.04e-05	5.20e-03	9.95e-01	0.00e+00	0.00e+00	0.00e+00	0.00e+00	0.00e+00	5.70e-72
 5.05004e+22	1.59e-25	1.32e-18	1.06e-13	1.10e-09	1.11e-05	5.39e-03	9.95e-01	0.00e+00	0.00e+00	0.00e+00	0.00e+00	0.00e+00	9.27e-72
 5.07116e+22	1.93e-25	1.54e-18	1.19e-13	1.19e-09	1.17e-05	5.59e-03	9.94e-01	0.00e+00	0.00e+00	0.00e+00	0.00e+00	0.00e+00	1.54e-71
 5.09153e+22	2.29e-25	1.77e-18	1.32e-13	1.28e-09	1.24e-05	5.77e-03	9.94e-01	0.00e+00	0.00e+00	0.00e+00	0.00e+00	0.00e+00	2.43e-71
 5.11435e+22	2.86e-25	2.11e-18	1.51e-13	1.41e-09	1.33e-05	6.02e-03	9.94e-01	0.00e+00	0.00e+00	0.00e+00	0.00e+00	0.00e+00	4.35e-71
 5.13735e+22	3.47e-25	2.45e-18	1.68e-13	1.51e-09	1.41e-05	6.24e-03	9.94e-01	0.00e+00	0.00e+00	0.00e+00	0.00e+00	0.00e+00	7.24e-71
 5.15661e+22	4.11e-25	2.80e-18	1.86e-13	1.62e-09	1.49e-05	6.44e-03	9.94e-01	0.00e+00	0.00e+00	0.00e+00	0.00e+00	0.00e+00	1.12e-70
 5.17768e+22	5.06e-25	3.30e-18	2.10e-13	1.76e-09	1.59e-05	6.70e-03	9.93e-01	0.00e+00	0.00e+00	0.00e+00	0.00e+00	0.00e+00	1.95e-70
 5.19974e+22	6.11e-25	3.82e-18	2.34e-13	1.89e-09	1.68e-05	6.95e-03	9.93e-01	0.00e+00	0.00e+00	0.00e+00	0.00e+00	0.00e+00	3.23e-70
 5.21963e+22	7.31e-25	4.40e-18	2.60e-13	2.03e-09	1.78e-05	7.19e-03	9.93e-01	0.00e+00	0.00e+00	0.00e+00	0.00e+00	0.00e+00	5.19e-70
 5.23868e+22	8.68e-25	5.03e-18	2.87e-13	2.17e-09	1.87e-05	7.43e-03	9.93e-01	0.00e+00	0.00e+00	0.00e+00	0.00e+00	0.00e+00	8.19e-70
 5.26011e+22	1.08e-24	5.96e-18	3.24e-13	2.36e-09	2.00e-05	7.75e-03	9.92e-01	0.00e+00	0.00e+00	0.00e+00	0.00e+00	0.00e+00	1.46e-69
 5.28196e+22	1.30e-24	6.89e-18	3.61e-13	2.53e-09	2.12e-05	8.03e-03	9.92e-01	0.00e+00	0.00e+00	0.00e+00	0.00e+00	0.00e+00	2.42e-69
 5.30068e+22	1.54e-24	7.86e-18	3.98e-13	2.70e-09	2.23e-05	8.30e-03	9.92e-01	0.00e+00	0.00e+00	0.00e+00	0.00e+00	0.00e+00	3.81e-69
 5.32135e+22	1.90e-24	9.27e-18	4.48e-13	2.92e-09	2.38e-05	8.65e-03	9.91e-01	0.00e+00	0.00e+00	0.00e+00	0.00e+00	0.00e+00	6.75e-69
 5.34266e+22	2.29e-24	1.07e-17	4.98e-13	3.12e-09	2.51e-05	8.96e-03	9.91e-01	0.00e+00	0.00e+00	0.00e+00	0.00e+00	0.00e+00	1.12e-68
 5.36156e+22	2.74e-24	1.23e-17	5.50e-13	3.33e-09	2.65e-05	9.28e-03	9.91e-01	0.00e+00	0.00e+00	0.00e+00	0.00e+00	0.00e+00	1.81e-68
 5.38287e+22	3.41e-24	1.45e-17	6.22e-13	3.60e-09	2.83e-05	9.68e-03	9.90e-01	0.00e+00	0.00e+00	0.00e+00	0.00e+00	0.00e+00	3.28e-68
 5.40440e+22	4.11e-24	1.68e-17	6.91e-13	3.85e-09	3.00e-05	1.00e-02	9.90e-01	0.00e+00	0.00e+00	0.00e+00	0.00e+00	0.00e+00	5.46e-68
 5.42294e+22	4.90e-24	1.93e-17	7.61e-13	4.10e-09	3.16e-05	1.04e-02	9.90e-01	0.00e+00	0.00e+00	0.00e+00	0.00e+00	0.00e+00	8.82e-68
 5.44376e+22	6.09e-24	2.28e-17	8.60e-13	4.43e-09	3.37e-05	1.08e-02	9.89e-01	0.00e+00	0.00e+00	0.00e+00	0.00e+00	0.00e+00	1.60e-67
 5.46544e+22	7.43e-24	2.65e-17	9.60e-13	4.74e-09	3.58e-05	1.13e-02	9.89e-01	0.00e+00	0.00e+00	0.00e+00	0.00e+00	0.00e+00	2.76e-67
 5.48487e+22	8.90e-24	3.05e-17	1.06e-12	5.06e-09	3.78e-05	1.17e-02	9.88e-01	0.00e+00	0.00e+00	0.00e+00	0.00e+00	0.00e+00	4.53e-67
 5.50386e+22	1.08e-23	3.53e-17	1.18e-12	5.39e-09	4.00e-05	1.21e-02	9.88e-01	0.00e+00	0.00e+00	0.00e+00	0.00e+00	0.00e+00	7.67e-67
 5.52194e+22	1.27e-23	4.02e-17	1.29e-12	5.72e-09	4.20e-05	1.25e-02	9.87e-01	0.00e+00	0.00e+00	0.00e+00	0.00e+00	0.00e+00	1.21e-66
 5.54173e+22	1.58e-23	4.75e-17	1.46e-12	6.15e-09	4.48e-05	1.30e-02	9.87e-01	0.00e+00	0.00e+00	0.00e+00	4.75e-17	5.12e-26	2.22e-66
 5.56189e+22	1.91e-23	5.49e-17	1.61e-12	6.55e-09	4.74e-05	1.35e-02	9.86e-01	0.00e+00	0.00e+00	0.00e+00	5.49e-17	6.56e-24	3.76e-66
 5.57808e+22	2.22e-23	6.16e-17	1.75e-12	6.88e-09	4.95e-05	1.39e-02	9.86e-01	0.00e+00	0.00e+00	0.00e+00	6.16e-17	7.36e-24	5.70e-66
 5.59470e+22	2.68e-23	7.11e-17	1.94e-12	7.32e-09	5.24e-05	1.44e-02	9.86e-01	0.00e+00	0.00e+00	0.00e+00	7.11e-17	8.50e-24	9.60e-66
 5.61074e+22	3.09e-23	7.93e-17	2.10e-12	7.67e-09	5.46e-05	1.48e-02	9.85e-01	0.00e+00	0.00e+00	0.00e+00	7.93e-17	9.48e-24	1.43e-65
 5.62385e+22	3.55e-23	8.81e-17	2.26e-12	8.01e-09	5.69e-05	1.52e-02	9.85e-01	0.00e+00	0.00e+00	0.00e+00	8.81e-17	1.05e-23	2.09e-65
 5.63871e+22	4.22e-23	1.01e-16	2.48e-12	8.48e-09	5.99e-05	1.58e-02	9.84e-01	0.00e+00	0.00e+00	0.00e+00	1.01e-16	1.20e-23	3.39e-65
 5.65319e+22	4.83e-23	1.11e-16	2.67e-12	8.85e-09	6.23e-05	1.62e-02	9.84e-01	0.00e+00	0.00e+00	0.00e+00	1.11e-16	1.33e-23	4.93e-65
 5.66522e+22	5.51e-23	1.23e-16	2.87e-12	9.23e-09	6.48e-05	1.66e-02	9.83e-01	0.00e+00	0.00e+00	0.00e+00	1.23e-16	1.48e-23	7.14e-65
 5.67888e+22	6.49e-23	1.40e-16	3.14e-12	9.73e-09	6.79e-05	1.71e-02	9.83e-01	0.00e+00	0.00e+00	0.00e+00	1.40e-16	1.67e-23	1.12e-64
 5.69230e+22	7.39e-23	1.54e-16	3.36e-12	1.01e-08	7.06e-05	1.75e-02	9.82e-01	0.00e+00	0.00e+00	0.00e+00	1.54e-16	1.85e-23	1.61e-64
 5.70345e+22	8.40e-23	1.70e-16	3.60e-12	1.05e-08	7.33e-05	1.79e-02	9.82e-01	0.00e+00	0.00e+00	0.00e+00	1.70e-16	2.04e-23	2.31e-64
 5.71435e+22	9.50e-23	1.87e-16	3.85e-12	1.10e-08	7.60e-05	1.84e-02	9.82e-01	0.00e+00	0.00e+00	0.00e+00	1.87e-16	2.24e-23	3.25e-64
 5.72682e+22	1.11e-22	2.11e-16	4.20e-12	1.15e-08	7.96e-05	1.89e-02	9.81e-01	0.00e+00	0.00e+00	0.00e+00	2.11e-16	2.53e-23	5.05e-64
 5.73959e+22	1.27e-22	2.34e-16	4.52e-12	1.20e-08	8.28e-05	1.94e-02	9.81e-01	0.00e+00	0.00e+00	0.00e+00	2.34e-16	2.80e-23	7.33e-64
 5.75095e+22	1.45e-22	2.59e-16	4.85e-12	1.25e-08	8.60e-05	1.99e-02	9.80e-01	0.00e+00	0.00e+00	0.00e+00	2.59e-16	3.10e-23	1.05e-63
 5.76171e+22	1.65e-22	2.86e-16	5.20e-12	1.30e-08	8.93e-05	2.03e-02	9.80e-01	0.00e+00	0.00e+00	0.00e+00	2.86e-16	3.43e-23	1.51e-63
 5.77165e+22	1.86e-22	3.14e-16	5.56e-12	1.35e-08	9.25e-05	2.08e-02	9.79e-01	0.00e+00	0.00e+00	0.00e+00	3.14e-16	3.76e-23	2.11e-63
 5.78273e+22	2.17e-22	3.52e-16	6.04e-12	1.42e-08	9.67e-05	2.14e-02	9.79e-01	0.00e+00	0.00e+00	0.00e+00	3.52e-16	4.23e-23	3.20e-63
 5.79410e+22	2.49e-22	3.92e-16	6.51e-12	1.48e-08	1.01e-04	2.19e-02	9.78e-01	0.00e+00	0.00e+00	0.00e+00	3.92e-16	4.70e-23	4.68e-63
 5.80402e+22	2.81e-22	4.30e-16	6.96e-12	1.54e-08	1.04e-04	2.24e-02	9.78e-01	0.00e+00	0.00e+00	0.00e+00	4.30e-16	5.16e-23	6.51e-63
 5.81506e+22	3.33e-22	4.91e-16	7.64e-12	1.63e-08	1.09e-04	2.30e-02	9.77e-01	0.00e+00	0.00e+00	0.00e+00	4.91e-16	5.89e-23	1.04e-62
 5.82617e+22	3.82e-22	5.45e-16	8.24e-12	1.70e-08	1.14e-04	2.36e-02	9.76e-01	0.00e+00	0.00e+00	0.00e+00	5.45e-16	6.54e-23	1.51e-62
 5.83735e+22	4.56e-22	6.25e-16	9.08e-12	1.79e-08	1.20e-04	2.43e-02	9.76e-01	0.00e+00	0.00e+00	0.00e+00	6.25e-16	7.50e-23	2.43e-62
 5.84871e+22	5.29e-22	7.02e-16	9.86e-12	1.88e-08	1.25e-04	2.49e-02	9.75e-01	0.00e+00	0.00e+00	0.00e+00	7.02e-16	8.42e-23	3.63e-62
 5.85833e+22	6.06e-22	7.80e-16	1.06e-11	1.97e-08	1.30e-04	2.55e-02	9.74e-01	0.00e+00	0.00e+00	0.00e+00	7.80e-16	9.37e-23	5.23e-62
 5.86886e+22	7.27e-22	8.99e-16	1.18e-11	2.09e-08	1.37e-04	2.63e-02	9.74e-01	0.00e+00	0.00e+00	0.00e+00	8.99e-16	1.08e-22	8.51e-62
 5.87948e+22	8.42e-22	1.01e-15	1.28e-11	2.19e-08	1.43e-04	2.69e-02	9.73e-01	0.00e+00	0.00e+00	0.00e+00	1.01e-15	1.21e-22	1.26e-61
 5.89019e+22	1.03e-21	1.18e-15	1.44e-11	2.34e-08	1.51e-04	2.78e-02	9.72e-01	0.00e+00	0.00e+00	0.00e+00	1.18e-15	1.42e-22	2.14e-61
 5.90091e+22	1.20e-21	1.33e-15	1.57e-11	2.46e-08	1.58e-04	2.85e-02	9.71e-01	0.00e+00	0.00e+00	0.00e+00	1.33e-15	1.60e-22	3.17e-61
 5.91022e+22	1.41e-21	1.51e-15	1.72e-11	2.60e-08	1.65e-04	2.92e-02	9.71e-01	0.00e+00	0.00e+00	0.00e+00	1.51e-15	1.81e-22	4.81e-61
 5.91937e+22	1.65e-21	1.71e-15	1.88e-11	2.74e-08	1.72e-04	2.99e-02	9.70e-01	0.00e+00	0.00e+00	0.00e+00	1.71e-15	2.06e-22	7.25e-61
 5.92972e+22	2.05e-21	2.03e-15	2.14e-11	2.96e-08	1.83e-04	3.09e-02	9.69e-01	0.00e+00	0.00e+00	0.00e+00	2.03e-15	2.44e-22	1.27e-60
 5.93993e+22	2.40e-21	2.31e-15	2.35e-11	3.13e-08	1.91e-04	3.17e-02	9.68e-01	0.00e+00	0.00e+00	0.00e+00	2.31e-15	2.77e-22	1.90e-60
 5.94995e+22	2.99e-21	2.75e-15	2.67e-11	3.39e-08	2.03e-04	3.27e-02	9.67e-01	0.00e+00	0.00e+00	0.00e+00	2.75e-15	3.31e-22	3.31e-60
 5.96011e+22	3.58e-21	3.17e-15	2.97e-11	3.62e-08	2.14e-04	3.36e-02	9.66e-01	0.00e+00	0.00e+00	0.00e+00	3.17e-15	3.82e-22	5.19e-60
 5.97043e+22	4.53e-21	3.83e-15	3.42e-11	3.95e-08	2.28e-04	3.47e-02	9.65e-01	0.00e+00	0.00e+00	0.00e+00	3.83e-15	4.62e-22	9.31e-60
 5.98055e+22	5.40e-21	4.41e-15	3.81e-11	4.22e-08	2.39e-04	3.56e-02	9.64e-01	0.00e+00	0.00e+00	0.00e+00	4.41e-15	5.32e-22	1.43e-59
 5.99039e+22	6.85e-21	5.35e-15	4.40e-11	4.61e-08	2.55e-04	3.68e-02	9.63e-01	0.00e+00	0.00e+00	0.00e+00	5.35e-15	6.45e-22	2.56e-59
 6.00038e+22	8.29e-21	6.24e-15	4.94e-11	4.96e-08	2.69e-04	3.78e-02	9.62e-01	0.00e+00	0.00e+00	0.00e+00	6.24e-15	7.52e-22	4.07e-59
 6.01057e+22	1.07e-20	7.68e-15	5.79e-11	5.48e-08	2.88e-04	3.91e-02	9.61e-01	0.00e+00	0.00e+00	0.00e+00	7.68e-15	9.26e-22	7.53e-59
 6.02089e+22	1.31e-20	9.06e-15	6.57e-11	5.94e-08	3.04e-04	4.02e-02	9.60e-01	0.00e+00	0.00e+00	0.00e+00	9.06e-15	1.09e-21	1.23e-58
 6.03141e+22	1.73e-20	1.13e-14	7.78e-11	6.63e-08	3.27e-04	4.17e-02	9.58e-01	0.00e+00	0.00e+00	0.00e+00	1.13e-14	1.37e-21	2.34e-58
 6.04196e+22	2.13e-20	1.34e-14	8.88e-11	7.21e-08	3.46e-04	4.29e-02	9.57e-01	0.00e+00	0.00e+00	0.00e+00	1.34e-14	1.62e-21	3.85e-58
 6.05258e+22	2.83e-20	1.69e-14	1.06e-10	8.09e-08	3.73e-04	4.45e-02	9.55e-01	0.00e+00	0.00e+00	0.00e+00	1.69e-14	2.05e-21	7.45e-58
 6.06293e+22	3.45e-20	2.00e-14	1.20e-10	8.78e-08	3.93e-04	4.57e-02	9.54e-01	0.00e+00	0.00e+00	0.00e+00	2.00e-14	2.41e-21	1.19e-57
 6.07296e+22	4.54e-20	2.50e-14	1.43e-10	9.83e-08	4.23e-04	4.73e-02	9.52e-01	0.00e+00	0.00e+00	0.00e+00	2.50e-14	3.03e-21	2.24e-57
 6.08308e+22	5.53e-20	2.94e-14	1.62e-10	1.07e-07	4.46e-04	4.85e-02	9.51e-01	0.00e+00	0.00e+00	0.00e+00	2.94e-14	3.56e-21	3.53e-57
 6.09330e+22	7.25e-20	3.68e-14	1.93e-10	1.20e-07	4.79e-04	5.02e-02	9.49e-01	0.00e+00	0.00e+00	0.00e+00	3.68e-14	4.45e-21	6.56e-57
 6.10378e+22	8.98e-20	4.38e-14	2.21e-10	1.31e-07	5.07e-04	5.16e-02	9.48e-01	0.00e+00	0.00e+00	0.00e+00	4.38e-14	5.30e-21	1.07e-56
 6.11460e+22	1.19e-19	5.54e-14	2.65e-10	1.48e-07	5.47e-04	5.36e-02	9.46e-01	0.00e+00	0.00e+00	0.00e+00	5.54e-14	6.71e-21	2.04e-56
 6.12560e+22	1.47e-19	6.60e-14	3.04e-10	1.62e-07	5.78e-04	5.51e-02	9.44e-01	0.00e+00	0.00e+00	0.00e+00	6.60e-14	7.99e-21	3.30e-56
 6.13683e+22	1.96e-19	8.35e-14	3.65e-10	1.82e-07	6.24e-04	5.71e-02	9.42e-01	0.00e+00	0.00e+00	0.00e+00	8.35e-14	1.01e-20	6.28e-56
 6.14835e+22	2.43e-19	1.00e-13	4.20e-10	2.01e-07	6.62e-04	5.87e-02	9.41e-01	0.00e+00	0.00e+00	0.00e+00	1.00e-13	1.21e-20	1.03e-55
 6.16025e+22	3.24e-19	1.27e-13	5.06e-10	2.27e-07	7.15e-04	6.10e-02	9.38e-01	0.00e+00	0.00e+00	0.00e+00	1.27e-13	1.54e-20	1.96e-55
 6.17237e+22	4.04e-19	1.52e-13	5.84e-10	2.50e-07	7.59e-04	6.27e-02	9.37e-01	0.00e+00	0.00e+00	0.00e+00	1.52e-13	1.85e-20	3.23e-55
 6.18477e+22	5.39e-19	1.93e-13	7.03e-10	2.83e-07	8.21e-04	6.51e-02	9.34e-01	0.00e+00	0.00e+00	0.00e+00	1.93e-13	2.34e-20	6.15e-55
 6.19725e+22	6.68e-19	2.31e-13	8.09e-10	3.12e-07	8.71e-04	6.70e-02	9.32e-01	0.00e+00	0.00e+00	0.00e+00	2.31e-13	2.81e-20	9.98e-55
 6.20984e+22	8.86e-19	2.92e-13	9.73e-10	3.53e-07	9.41e-04	6.95e-02	9.30e-01	0.00e+00	0.00e+00	0.00e+00	2.92e-13	3.55e-20	1.88e-54
 6.22203e+22	1.07e-18	3.41e-13	1.10e-09	3.83e-07	9.91e-04	7.12e-02	9.28e-01	0.00e+00	0.00e+00	0.00e+00	3.41e-13	4.14e-20	2.84e-54
 6.23370e+22	1.37e-18	4.20e-13	1.29e-09	4.28e-07	1.06e-03	7.36e-02	9.25e-01	0.00e+00	0.00e+00	0.00e+00	4.20e-13	5.10e-20	4.98e-54
 6.24567e+22	1.66e-18	4.92e-13	1.47e-09	4.67e-07	1.12e-03	7.55e-02	9.23e-01	0.00e+00	0.00e+00	0.00e+00	4.92e-13	5.99e-20	7.66e-54
 6.25803e+22	2.15e-18	6.12e-13	1.74e-09	5.24e-07	1.20e-03	7.82e-02	9.21e-01	0.00e+00	0.00e+00	0.00e+00	6.12e-13	7.45e-20	1.37e-53
 6.27055e+22	2.59e-18	7.14e-13	1.97e-09	5.70e-07	1.27e-03	8.01e-02	9.19e-01	0.00e+00	0.00e+00	0.00e+00	7.14e-13	8.70e-20	2.08e-53
 6.28327e+22	3.32e-18	8.79e-13	2.32e-09	6.38e-07	1.36e-03	8.28e-02	9.16e-01	0.00e+00	0.00e+00	0.00e+00	8.79e-13	1.07e-19	3.62e-53
 6.29589e+22	3.99e-18	1.03e-12	2.62e-09	6.94e-07	1.44e-03	8.49e-02	9.14e-01	0.00e+00	0.00e+00	0.00e+00	1.03e-12	1.25e-19	5.47e-53
 6.30838e+22	5.10e-18	1.26e-12	3.07e-09	7.75e-07	1.54e-03	8.77e-02	9.11e-01	0.00e+00	0.00e+00	0.00e+00	1.26e-12	1.53e-19	9.43e-53
 6.32099e+22	6.07e-18	1.45e-12	3.45e-09	8.39e-07	1.62e-03	8.98e-02	9.09e-01	0.00e+00	0.00e+00	0.00e+00	1.45e-12	1.78e-19	1.39e-52
 6.33377e+22	7.72e-18	1.78e-12	4.04e-09	9.36e-07	1.73e-03	9.28e-02	9.05e-01	0.00e+00	0.00e+00	0.00e+00	1.78e-12	2.17e-19	2.38e-52
 6.34679e+22	9.22e-18	2.06e-12	4.55e-09	1.02e-06	1.82e-03	9.51e-02	9.03e-01	0.00e+00	0.00e+00	0.00e+00	2.06e-12	2.52e-19	3.54e-52
 6.36012e+22	1.17e-17	2.52e-12	5.34e-09	1.14e-06	1.96e-03	9.82e-02	9.00e-01	0.00e+00	0.00e+00	0.00e+00	2.52e-12	3.09e-19	6.05e-52
 6.37371e+22	1.40e-17	2.93e-12	6.01e-09	1.23e-06	2.06e-03	1.01e-01	8.97e-01	0.00e+00	0.00e+00	0.00e+00	2.93e-12	3.59e-19	9.05e-52
 6.38761e+22	1.79e-17	3.60e-12	7.06e-09	1.38e-06	2.21e-03	1.04e-01	8.94e-01	0.00e+00	0.00e+00	0.00e+00	3.60e-12	4.40e-19	1.55e-51
 6.40177e+22	2.14e-17	4.18e-12	7.97e-09	1.50e-06	2.33e-03	1.07e-01	8.91e-01	0.00e+00	0.00e+00	0.00e+00	4.18e-12	5.13e-19	2.33e-51
 6.41627e+22	2.74e-17	5.13e-12	9.37e-09	1.68e-06	2.50e-03	1.10e-01	8.87e-01	0.00e+00	0.00e+00	0.00e+00	5.13e-12	6.29e-19	4.01e-51
 6.43044e+22	3.20e-17	5.86e-12	1.04e-08	1.81e-06	2.63e-03	1.13e-01	8.85e-01	0.00e+00	0.00e+00	0.00e+00	5.86e-12	7.19e-19	5.72e-51
 6.44418e+22	3.67e-17	7.12e-12	1.22e-08	2.02e-06	2.81e-03	1.16e-01	8.81e-01	0.00e+00	0.00e+00	0.00e+00	7.12e-12	8.74e-19	8.78e-51
 6.45814e+22	4.31e-17	8.13e-12	1.35e-08	2.18e-06	2.95e-03	1.19e-01	8.78e-01	0.00e+00	0.00e+00	0.00e+00	8.13e-12	9.99e-19	1.26e-50
 6.47239e+22	5.38e-17	9.80e-12	1.57e-08	2.42e-06	3.15e-03	1.23e-01	8.74e-01	5.38e-17	3.45e-23	8.29e-24	9.80e-12	1.21e-18	2.07e-50
 6.48708e+22	6.44e-17	1.14e-11	1.77e-08	2.63e-06	3.32e-03	1.26e-01	8.71e-01	6.44e-17	2.21e-21	3.41e-22	1.14e-11	1.40e-18	3.08e-50
 6.50234e+22	8.04e-17	1.37e-11	2.05e-08	2.92e-06	3.55e-03	1.30e-01	8.67e-01	8.04e-17	2.76e-21	4.26e-22	1.37e-11	1.69e-18	5.07e-50
 6.51811e+22	9.72e-17	1.60e-11	2.33e-08	3.19e-06	3.76e-03	1.33e-01	8.63e-01	9.72e-17	3.34e-21	5.15e-22	1.60e-11	1.98e-18	7.73e-50
 6.53453e+22	1.22e-16	1.95e-11	2.71e-08	3.56e-06	4.02e-03	1.37e-01	8.59e-01	1.22e-16	4.21e-21	6.49e-22	1.95e-11	2.40e-18	1.30e-49
 6.55141e+22	1.49e-16	2.29e-11	3.09e-08	3.90e-06	4.27e-03	1.41e-01	8.55e-01	1.49e-16	5.11e-21	7.89e-22	2.29e-11	2.83e-18	2.00e-49
 6.56887e+22	1.89e-16	2.79e-11	3.62e-08	4.37e-06	4.58e-03	1.46e-01	8.50e-01	1.89e-16	6.49e-21	1.00e-21	2.79e-11	3.45e-18	3.42e-49
 6.58691e+22	2.31e-16	3.30e-11	4.14e-08	4.81e-06	4.87e-03	1.50e-01	8.45e-01	2.31e-16	7.96e-21	1.23e-21	3.30e-11	4.09e-18	5.38e-49
 6.60572e+22	2.97e-16	4.06e-11	4.89e-08	5.42e-06	5.25e-03	1.55e-01	8.40e-01	2.97e-16	1.02e-20	1.58e-21	4.06e-11	5.04e-18	9.41e-49
 6.62500e+22	3.67e-16	4.83e-11	5.62e-08	5.99e-06	5.60e-03	1.59e-01	8.35e-01	3.67e-16	1.26e-20	1.95e-21	4.83e-11	6.01e-18	1.50e-48
 6.64231e+22	4.46e-16	5.69e-11	6.41e-08	6.57e-06	5.94e-03	1.64e-01	8.30e-01	4.46e-16	1.54e-20	2.38e-21	5.69e-11	7.07e-18	2.34e-48
 6.66220e+22	1.27e-17	7.14e-11	7.68e-08	7.48e-06	6.44e-03	1.70e-01	8.24e-01	0.00e+00	0.00e+00	0.00e+00	7.14e-11	8.89e-18	5.23e-49
 6.68221e+22	1.56e-17	8.38e-11	8.75e-08	8.21e-06	6.84e-03	1.74e-01	8.19e-01	0.00e+00	0.00e+00	0.00e+00	8.38e-11	1.05e-17	8.10e-49
 6.70238e+22	2.09e-17	1.05e-10	1.04e-07	9.32e-06	7.41e-03	1.81e-01	8.12e-01	0.00e+00	0.00e+00	0.00e+00	1.05e-10	1.31e-17	1.46e-48
 6.72297e+22	2.63e-17	1.25e-10	1.21e-07	1.03e-05	7.90e-03	1.86e-01	8.06e-01	0.00e+00	0.00e+00	0.00e+00	1.25e-10	1.56e-17	2.35e-48
 6.74413e+22	3.54e-17	1.57e-10	1.45e-07	1.18e-05	8.58e-03	1.93e-01	7.99e-01	0.00e+00	0.00e+00	0.00e+00	1.57e-10	1.97e-17	4.33e-48
 6.76561e+22	4.52e-17	1.89e-10	1.68e-07	1.31e-05	9.17e-03	1.98e-01	7.92e-01	4.52e-17	1.56e-21	2.43e-22	1.89e-10	2.38e-17	7.08e-48
 6.78751e+22	6.23e-17	2.41e-10	2.04e-07	1.51e-05	1.00e-02	2.06e-01	7.84e-01	6.23e-17	2.16e-21	3.35e-22	2.41e-10	3.04e-17	1.35e-47
 6.80822e+22	7.70e-17	2.83e-10	2.32e-07	1.65e-05	1.06e-02	2.11e-01	7.78e-01	7.69e-17	2.67e-21	4.14e-22	2.83e-10	3.57e-17	2.05e-47
 6.82736e+22	1.03e-16	3.52e-10	2.77e-07	1.87e-05	1.15e-02	2.19e-01	7.70e-01	1.03e-16	3.56e-21	5.53e-22	3.52e-10	4.45e-17	3.63e-47
 6.84667e+22	1.28e-16	4.13e-10	3.14e-07	2.05e-05	1.21e-02	2.24e-01	7.64e-01	1.28e-16	4.43e-21	6.87e-22	4.13e-10	5.23e-17	5.54e-47
 6.86618e+22	1.73e-16	5.18e-10	3.77e-07	2.33e-05	1.31e-02	2.32e-01	7.55e-01	1.73e-16	6.01e-21	9.33e-22	5.18e-10	6.57e-17	9.95e-47
 6.88588e+22	2.18e-16	6.14e-10	4.32e-07	2.57e-05	1.40e-02	2.38e-01	7.48e-01	2.18e-16	7.57e-21	1.18e-21	6.14e-10	7.80e-17	1.55e-46
 6.90581e+22	3.00e-16	7.75e-10	5.22e-07	2.94e-05	1.52e-02	2.46e-01	7.39e-01	3.00e-16	1.04e-20	1.62e-21	7.75e-10	9.88e-17	2.83e-46
 6.92602e+22	2.74e-16	9.26e-10	6.01e-07	3.25e-05	1.62e-02	2.53e-01	7.31e-01	2.74e-16	9.54e-21	1.48e-21	9.26e-10	1.18e-16	4.19e-46
 6.94657e+22	3.85e-16	1.18e-09	7.32e-07	3.74e-05	1.76e-02	2.62e-01	7.21e-01	3.85e-16	1.34e-20	2.09e-21	1.18e-09	1.51e-16	7.79e-46
 6.96740e+22	5.00e-16	1.42e-09	8.49e-07	4.15e-05	1.88e-02	2.69e-01	7.12e-01	5.00e-16	1.74e-20	2.72e-21	1.42e-09	1.82e-16	1.25e-45
 6.98859e+22	7.19e-16	1.83e-09	1.04e-06	4.80e-05	2.05e-02	2.78e-01	7.01e-01	7.19e-16	2.51e-20	3.91e-21	1.83e-09	2.35e-16	2.35e-45
 7.01023e+22	9.73e-16	2.23e-09	1.22e-06	5.38e-05	2.20e-02	2.86e-01	6.91e-01	9.73e-16	3.40e-20	5.31e-21	2.23e-09	2.88e-16	3.90e-45
 7.03247e+22	1.48e-15	2.91e-09	1.51e-06	6.27e-05	2.42e-02	2.97e-01	6.79e-01	1.48e-15	5.18e-20	8.09e-21	2.91e-09	3.77e-16	7.60e-45
 7.05515e+22	2.11e-15	3.60e-09	1.80e-06	7.09e-05	2.61e-02	3.06e-01	6.68e-01	2.11e-15	7.40e-20	1.16e-20	3.60e-09	4.67e-16	1.30e-44
 7.07768e+22	3.44e-15	4.68e-09	2.22e-06	8.26e-05	2.86e-02	3.17e-01	6.54e-01	3.44e-15	1.21e-19	1.89e-20	4.68e-09	6.09e-16	2.54e-44
 7.09908e+22	5.06e-15	5.64e-09	2.59e-06	9.20e-05	3.05e-02	3.25e-01	6.44e-01	5.06e-15	1.78e-19	2.78e-20	5.64e-09	7.35e-16	4.16e-44
 7.11975e+22	9.27e-15	7.22e-09	3.17e-06	1.06e-04	3.33e-02	3.36e-01	6.31e-01	9.27e-15	3.26e-19	5.10e-20	7.22e-09	9.46e-16	8.25e-44
 7.14080e+22	1.65e-14	8.78e-09	3.72e-06	1.19e-04	3.57e-02	3.44e-01	6.20e-01	1.65e-14	5.82e-19	9.11e-20	8.78e-09	1.15e-15	1.50e-43
 7.16148e+22	3.75e-14	1.11e-08	4.51e-06	1.37e-04	3.89e-02	3.55e-01	6.06e-01	3.75e-14	1.32e-18	2.07e-19	1.11e-08	1.47e-15	3.42e-43
 7.18258e+22	7.67e-14	1.36e-08	5.33e-06	1.55e-04	4.18e-02	3.64e-01	5.94e-01	7.67e-14	2.71e-18	4.25e-19	1.36e-08	1.80e-15	7.37e-43
 7.20314e+22	1.46e-13	1.70e-08	6.41e-06	1.77e-04	4.52e-02	3.74e-01	5.80e-01	1.46e-13	5.15e-18	8.09e-19	1.70e-08	2.26e-15	1.60e-42
 7.22413e+22	2.35e-13	2.09e-08	7.61e-06	2.01e-04	4.87e-02	3.84e-01	5.67e-01	2.35e-13	8.31e-18	1.30e-18	2.09e-08	2.78e-15	3.04e-42
 7.24490e+22	3.57e-13	2.58e-08	9.07e-06	2.29e-04	5.26e-02	3.94e-01	5.53e-01	3.57e-13	1.26e-17	1.99e-18	2.58e-08	3.45e-15	5.56e-42
 7.26578e+22	5.09e-13	3.16e-08	1.08e-05	2.59e-04	5.66e-02	4.04e-01	5.40e-01	5.09e-13	1.81e-17	2.84e-18	3.16e-08	4.25e-15	9.54e-42
 7.28643e+22	7.02e-13	3.86e-08	1.28e-05	2.94e-04	6.09e-02	4.13e-01	5.26e-01	7.02e-13	2.50e-17	3.93e-18	3.86e-08	5.21e-15	1.58e-41
 7.30704e+22	9.42e-13	4.70e-08	1.51e-05	3.33e-04	6.54e-02	4.22e-01	5.12e-01	9.42e-13	3.36e-17	5.29e-18	4.70e-08	6.37e-15	2.53e-41
 7.32768e+22	1.24e-12	5.70e-08	1.78e-05	3.76e-04	7.02e-02	4.31e-01	4.98e-01	1.24e-12	4.43e-17	6.99e-18	5.70e-08	7.76e-15	3.96e-41
 7.34841e+22	1.61e-12	6.89e-08	2.09e-05	4.25e-04	7.53e-02	4.40e-01	4.84e-01	1.61e-12	5.76e-17	9.09e-18	6.89e-08	9.42e-15	6.06e-41
 7.36927e+22	2.07e-12	8.31e-08	2.46e-05	4.79e-04	8.08e-02	4.49e-01	4.70e-01	2.07e-12	7.40e-17	1.17e-17	8.31e-08	1.14e-14	9.15e-41
 7.39031e+22	2.98e-12	9.99e-08	2.89e-05	5.41e-04	8.65e-02	4.57e-01	4.56e-01	2.98e-12	1.07e-16	1.69e-17	9.99e-08	1.38e-14	1.52e-40
 7.41161e+22	3.69e-12	1.20e-07	3.39e-05	6.10e-04	9.26e-02	4.65e-01	4.41e-01	3.69e-12	1.33e-16	2.10e-17	1.20e-07	1.66e-14	2.20e-40
 7.43302e+22	4.52e-12	1.43e-07	3.96e-05	6.87e-04	9.90e-02	4.73e-01	4.27e-01	4.52e-12	1.63e-16	2.58e-17	1.43e-07	2.00e-14	3.13e-40
 7.45477e+22	5.55e-12	1.71e-07	4.64e-05	7.75e-04	1.06e-01	4.81e-01	4.12e-01	5.55e-12	2.00e-16	3.18e-17	1.71e-07	2.40e-14	4.45e-40
 7.47677e+22	6.74e-12	2.03e-07	5.41e-05	8.71e-04	1.13e-01	4.88e-01	3.98e-01	6.74e-12	2.44e-16	3.87e-17	2.03e-07	2.87e-14	6.23e-40
 7.49921e+22	8.23e-12	2.42e-07	6.34e-05	9.84e-04	1.21e-01	4.95e-01	3.83e-01	8.23e-12	2.98e-16	4.75e-17	2.42e-07	3.44e-14	8.77e-40
 7.52008e+22	9.63e-12	2.79e-07	7.19e-05	1.08e-03	1.27e-01	5.00e-01	3.72e-01	9.63e-12	3.50e-16	5.57e-17	2.79e-07	3.98e-14	1.15e-39
 7.54158e+22	1.17e-11	3.32e-07	8.45e-05	1.23e-03	1.36e-01	5.06e-01	3.56e-01	1.17e-11	4.27e-16	6.81e-17	3.32e-07	4.79e-14	1.61e-39
 7.56343e+22	1.37e-11	3.81e-07	9.57e-05	1.35e-03	1.43e-01	5.11e-01	3.45e-01	1.37e-11	4.99e-16	7.96e-17	3.81e-07	5.52e-14	2.09e-39
 7.58576e+22	1.66e-11	4.54e-07	1.13e-04	1.53e-03	1.53e-01	5.16e-01	3.29e-01	1.66e-11	6.07e-16	9.70e-17	4.54e-07	6.63e-14	2.90e-39
 7.60822e+22	1.92e-11	5.18e-07	1.27e-04	1.68e-03	1.61e-01	5.19e-01	3.18e-01	1.92e-11	7.04e-16	1.13e-16	5.18e-07	7.61e-14	3.75e-39
 7.63083e+22	2.31e-11	6.12e-07	1.48e-04	1.90e-03	1.72e-01	5.23e-01	3.03e-01	2.31e-11	8.49e-16	1.36e-16	6.12e-07	9.08e-14	5.14e-39
 7.65356e+22	2.65e-11	6.94e-07	1.67e-04	2.08e-03	1.80e-01	5.26e-01	2.92e-01	2.65e-11	9.78e-16	1.57e-16	6.94e-07	1.04e-13	6.57e-39
 7.67646e+22	3.16e-11	8.16e-07	1.94e-04	2.34e-03	1.91e-01	5.28e-01	2.78e-01	3.16e-11	1.17e-15	1.88e-16	8.16e-07	1.23e-13	8.90e-39
 7.69955e+22	3.61e-11	9.22e-07	2.18e-04	2.55e-03	2.00e-01	5.30e-01	2.67e-01	3.61e-11	1.34e-15	2.16e-16	9.22e-07	1.40e-13	1.13e-38
 7.72290e+22	4.28e-11	1.08e-06	2.52e-04	2.87e-03	2.12e-01	5.31e-01	2.53e-01	4.28e-11	1.59e-15	2.57e-16	1.08e-06	1.65e-13	1.52e-38
 7.74653e+22	4.87e-11	1.22e-06	2.83e-04	3.13e-03	2.22e-01	5.32e-01	2.43e-01	4.87e-11	1.82e-15	2.94e-16	1.22e-06	1.88e-13	1.93e-38
 7.77055e+22	5.74e-11	1.42e-06	3.27e-04	3.51e-03	2.35e-01	5.32e-01	2.30e-01	5.74e-11	2.16e-15	3.49e-16	1.42e-06	2.22e-13	2.60e-38
 7.79496e+22	6.53e-11	1.60e-06	3.66e-04	3.84e-03	2.45e-01	5.31e-01	2.20e-01	6.53e-11	2.46e-15	3.99e-16	1.60e-06	2.52e-13	3.30e-38
 7.81988e+22	7.67e-11	1.86e-06	4.24e-04	4.30e-03	2.59e-01	5.29e-01	2.07e-01	7.67e-11	2.91e-15	4.71e-16	1.86e-06	2.97e-13	4.45e-38
 7.84533e+22	8.73e-11	2.09e-06	4.75e-04	4.70e-03	2.70e-01	5.28e-01	1.97e-01	8.73e-11	3.32e-15	5.39e-16	2.09e-06	3.38e-13	5.70e-38
 7.87145e+22	1.02e-10	2.43e-06	5.49e-04	5.27e-03	2.85e-01	5.24e-01	1.85e-01	1.02e-10	3.91e-15	6.37e-16	2.43e-06	3.99e-13	7.73e-38
 7.89823e+22	1.17e-10	2.75e-06	6.16e-04	5.76e-03	2.97e-01	5.21e-01	1.75e-01	1.17e-10	4.48e-15	7.30e-16	2.75e-06	4.55e-13	1.00e-37
 7.92078e+22	1.30e-10	3.05e-06	6.81e-04	6.23e-03	3.08e-01	5.18e-01	1.67e-01	1.30e-10	5.02e-15	8.20e-16	3.05e-06	5.10e-13	1.25e-37
 7.94506e+22	1.50e-10	3.48e-06	7.74e-04	6.89e-03	3.22e-01	5.13e-01	1.57e-01	1.50e-10	5.80e-15	9.50e-16	3.48e-06	5.90e-13	1.66e-37
 7.96970e+22	1.67e-10	3.86e-06	8.55e-04	7.45e-03	3.33e-01	5.09e-01	1.49e-01	1.67e-10	6.50e-15	1.07e-15	3.86e-06	6.62e-13	2.08e-37
 7.99102e+22	1.85e-10	4.25e-06	9.39e-04	8.02e-03	3.44e-01	5.05e-01	1.42e-01	1.85e-10	7.24e-15	1.19e-15	4.25e-06	7.38e-13	2.58e-37
 8.01495e+22	2.11e-10	4.80e-06	1.06e-03	8.81e-03	3.59e-01	4.98e-01	1.33e-01	2.11e-10	8.27e-15	1.36e-15	4.80e-06	8.47e-13	3.39e-37
 8.03880e+22	2.33e-10	5.28e-06	1.16e-03	9.43e-03	3.69e-01	4.94e-01	1.27e-01	2.33e-10	9.20e-15	1.52e-15	5.28e-06	9.42e-13	4.25e-37
 8.06254e+22	2.63e-10	5.94e-06	1.30e-03	1.03e-02	3.83e-01	4.86e-01	1.19e-01	2.63e-10	1.05e-14	1.73e-15	5.94e-06	1.08e-12	5.56e-37
 8.08661e+22	2.92e-10	6.53e-06	1.42e-03	1.11e-02	3.94e-01	4.81e-01	1.13e-01	2.92e-10	1.16e-14	1.93e-15	6.53e-06	1.20e-12	7.03e-37
 8.11111e+22	3.30e-10	7.35e-06	1.59e-03	1.21e-02	4.09e-01	4.72e-01	1.05e-01	3.30e-10	1.32e-14	2.20e-15	7.35e-06	1.37e-12	9.32e-37
 8.13603e+22	3.67e-10	8.10e-06	1.74e-03	1.29e-02	4.20e-01	4.66e-01	9.96e-02	3.67e-10	1.48e-14	2.46e-15	8.10e-06	1.53e-12	1.20e-36
 8.16149e+22	4.14e-10	9.11e-06	1.96e-03	1.42e-02	4.35e-01	4.57e-01	9.24e-02	4.14e-10	1.68e-14	2.81e-15	9.11e-06	1.75e-12	1.60e-36
 8.18734e+22	4.60e-10	1.00e-05	2.14e-03	1.52e-02	4.46e-01	4.49e-01	8.73e-02	4.60e-10	1.88e-14	3.15e-15	1.00e-05	1.96e-12	2.07e-36
 8.21367e+22	5.20e-10	1.13e-05	2.40e-03	1.66e-02	4.61e-01	4.39e-01	8.07e-02	5.20e-10	2.14e-14	3.59e-15	1.13e-05	2.26e-12	2.82e-36
 8.24064e+22	5.79e-10	1.25e-05	2.63e-03	1.78e-02	4.73e-01	4.31e-01	7.58e-02	5.79e-10	2.40e-14	4.04e-15	1.25e-05	2.53e-12	3.69e-36
 8.26841e+22	6.59e-10	1.42e-05	2.96e-03	1.95e-02	4.88e-01	4.20e-01	6.96e-02	6.59e-10	2.76e-14	4.65e-15	1.42e-05	2.93e-12	5.17e-36
 8.29692e+22	7.36e-10	1.57e-05	3.26e-03	2.09e-02	5.00e-01	4.10e-01	6.50e-02	7.35e-10	3.10e-14	5.25e-15	1.57e-05	3.31e-12	6.91e-36
 8.32640e+22	8.42e-10	1.78e-05	3.68e-03	2.30e-02	5.16e-01	3.98e-01	5.94e-02	8.42e-10	3.58e-14	6.09e-15	1.78e-05	3.86e-12	9.95e-36
 8.35613e+22	9.44e-10	1.98e-05	4.04e-03	2.46e-02	5.28e-01	3.88e-01	5.53e-02	9.44e-10	4.05e-14	6.90e-15	1.98e-05	4.37e-12	1.35e-35
 8.38618e+22	1.08e-09	2.25e-05	4.55e-03	2.70e-02	5.43e-01	3.75e-01	5.02e-02	1.08e-09	4.67e-14	7.99e-15	2.25e-05	5.09e-12	1.96e-35
 8.41657e+22	1.21e-09	2.50e-05	4.99e-03	2.88e-02	5.54e-01	3.65e-01	4.67e-02	1.21e-09	5.30e-14	9.08e-15	2.50e-05	5.78e-12	2.70e-35
 8.44739e+22	1.38e-09	2.85e-05	5.62e-03	3.15e-02	5.69e-01	3.52e-01	4.22e-02	1.38e-09	6.13e-14	1.06e-14	2.85e-05	6.76e-12	4.00e-35
 8.47875e+22	1.56e-09	3.18e-05	6.18e-03	3.37e-02	5.80e-01	3.41e-01	3.90e-02	1.56e-09	6.99e-14	1.21e-14	3.18e-05	7.71e-12	5.61e-35
 8.50659e+22	1.74e-09	3.52e-05	6.78e-03	3.61e-02	5.91e-01	3.31e-01	3.60e-02	1.74e-09	7.86e-14	1.36e-14	3.52e-05	8.74e-12	7.73e-35
 8.53856e+22	2.01e-09	4.02e-05	7.62e-03	3.94e-02	6.04e-01	3.17e-01	3.24e-02	2.01e-09	9.21e-14	1.60e-14	4.02e-05	1.03e-11	1.19e-34
 8.57102e+22	2.24e-09	4.46e-05	8.37e-03	4.22e-02	6.14e-01	3.06e-01	2.96e-02	2.24e-09	1.04e-13	1.81e-14	4.46e-05	1.17e-11	1.66e-34
 8.59726e+22	2.48e-09	4.90e-05	9.06e-03	4.46e-02	6.22e-01	2.96e-01	2.75e-02	2.48e-09	1.16e-13	2.03e-14	4.90e-05	1.32e-11	2.24e-34
 8.62452e+22	2.80e-09	5.48e-05	9.95e-03	4.77e-02	6.31e-01	2.86e-01	2.52e-02	2.80e-09	1.33e-13	2.34e-14	5.48e-05	1.51e-11	3.23e-34
 8.65313e+22	3.11e-09	6.03e-05	1.08e-02	5.06e-02	6.39e-01	2.76e-01	2.33e-02	3.11e-09	1.49e-13	2.63e-14	6.03e-05	1.70e-11	4.46e-34
 8.67937e+22	3.45e-09	6.64e-05	1.17e-02	5.35e-02	6.47e-01	2.67e-01	2.15e-02	3.45e-09	1.67e-13	2.96e-14	6.64e-05	1.92e-11	6.13e-34
