#depth	H	H+	H2
 4.62852e+21	1.12e-05	1.00e+00	1.67e-28
 1.02754e+22	1.75e-05	1.00e+00	1.13e-27
 1.18029e+22	2.16e-05	1.00e+00	2.86e-27
 1.25666e+22	2.39e-05	1.00e+00	4.51e-27
 1.29229e+22	2.49e-05	1.00e+00	5.40e-27
 1.31566e+22	2.62e-05	1.00e+00	6.83e-27
 1.34088e+22	2.75e-05	1.00e+00	8.44e-27
 1.36847e+22	2.91e-05	1.00e+00	1.10e-26
 1.39686e+22	3.07e-05	1.00e+00	1.39e-26
 1.42213e+22	3.21e-05	1.00e+00	1.72e-26
 1.45086e+22	3.42e-05	1.00e+00	2.28e-26
 1.47999e+22	3.59e-05	1.00e+00	2.85e-26
 1.50963e+22	3.82e-05	1.00e+00	3.79e-26
 1.53966e+22	4.01e-05	1.00e+00	4.74e-26
 1.57021e+22	4.28e-05	1.00e+00	6.37e-26
 1.60000e+22	4.48e-05	1.00e+00	7.86e-26
 1.62880e+22	4.75e-05	1.00e+00	1.03e-25
 1.65904e+22	5.00e-05	1.00e+00	1.31e-25
 1.68462e+22	5.22e-05	1.00e+00	1.59e-25
 1.71135e+22	5.50e-05	1.00e+00	2.03e-25
 1.73890e+22	5.77e-05	1.00e+00	2.51e-25
 1.76354e+22	6.02e-05	1.00e+00	3.06e-25
 1.79157e+22	6.36e-05	1.00e+00	3.94e-25
 1.82081e+22	6.68e-05	1.00e+00	4.95e-25
 1.84715e+22	7.00e-05	1.00e+00	6.13e-25
 1.87695e+22	7.41e-05	1.00e+00	8.01e-25
 1.90783e+22	7.81e-05	1.00e+00	1.02e-24
 1.93542e+22	8.19e-05	1.00e+00	1.27e-24
 1.96662e+22	8.69e-05	1.00e+00	1.67e-24
 1.99888e+22	9.16e-05	1.00e+00	2.14e-24
 2.02769e+22	9.63e-05	1.00e+00	2.69e-24
 2.06034e+22	1.03e-04	1.00e+00	3.61e-24
 2.09395e+22	1.08e-04	1.00e+00	4.63e-24
 2.12881e+22	1.16e-04	1.00e+00	6.33e-24
 2.16435e+22	1.22e-04	1.00e+00	8.22e-24
 2.19598e+22	1.29e-04	1.00e+00	1.06e-23
 2.23230e+22	1.39e-04	1.00e+00	1.47e-23
 2.26905e+22	1.47e-04	1.00e+00	1.92e-23
 2.30638e+22	1.58e-04	1.00e+00	2.67e-23
 2.34408e+22	1.67e-04	1.00e+00	3.51e-23
 2.38229e+22	1.80e-04	1.00e+00	4.95e-23
 2.42083e+22	1.91e-04	1.00e+00	6.51e-23
 2.45980e+22	2.06e-04	1.00e+00	9.28e-23
 2.49923e+22	2.19e-04	1.00e+00	1.19e-22
 2.53926e+22	2.37e-04	1.00e+00	1.72e-22
 2.57976e+22	2.52e-04	1.00e+00	2.29e-22
 2.62087e+22	2.72e-04	1.00e+00	3.35e-22
 2.66253e+22	2.90e-04	1.00e+00	4.50e-22
 2.69884e+22	3.09e-04	1.00e+00	6.03e-22
 2.73352e+22	3.26e-04	1.00e+00	7.91e-22
 2.76644e+22	3.45e-04	1.00e+00	1.03e-21
 2.80352e+22	3.70e-04	1.00e+00	1.45e-21
 2.84058e+22	3.91e-04	1.00e+00	1.91e-21
 2.87761e+22	4.19e-04	1.00e+00	2.71e-21
 2.91530e+22	4.44e-04	1.00e+00	3.63e-21
 2.95382e+22	4.77e-04	1.00e+00	5.26e-21
 2.99265e+22	5.05e-04	9.99e-01	7.15e-21
 3.03186e+22	5.45e-04	9.99e-01	1.07e-20
 3.07111e+22	5.77e-04	9.99e-01	1.46e-20
 3.10269e+22	6.06e-04	9.99e-01	1.94e-20
 3.13600e+22	6.43e-04	9.99e-01	2.75e-20
 3.16980e+22	6.77e-04	9.99e-01	3.72e-20
 3.19953e+22	7.10e-04	9.99e-01	4.94e-20
 3.23348e+22	7.55e-04	9.99e-01	7.27e-20
 3.26784e+22	7.95e-04	9.99e-01	1.02e-19
 3.29795e+22	8.35e-04	9.99e-01	1.39e-19
 3.33228e+22	8.89e-04	9.99e-01	2.23e-19
 3.36689e+22	9.34e-04	9.99e-01	3.07e-19
 3.40186e+22	9.94e-04	9.99e-01	4.82e-19
 3.43737e+22	1.05e-03	9.99e-01	7.27e-19
 3.46862e+22	1.10e-03	9.99e-01	1.04e-18
 3.50429e+22	1.17e-03	9.99e-01	1.76e-18
 3.54073e+22	1.24e-03	9.99e-01	2.76e-18
 3.57327e+22	1.30e-03	9.99e-01	4.55e-18
 3.61066e+22	1.39e-03	9.99e-01	9.71e-18
 3.64861e+22	1.47e-03	9.99e-01	1.83e-17
 3.68730e+22	1.57e-03	9.98e-01	3.90e-17
 3.72700e+22	1.66e-03	9.98e-01	9.40e-17
 3.76211e+22	1.76e-03	9.98e-01	2.00e-16
 3.80186e+22	1.88e-03	9.98e-01	3.26e-16
 3.84290e+22	1.99e-03	9.98e-01	5.04e-16
 3.88004e+22	2.11e-03	9.98e-01	7.27e-16
 3.90415e+22	2.15e-03	9.98e-01	8.58e-16
 3.91368e+22	2.17e-03	9.98e-01	9.20e-16
 3.92286e+22	2.21e-03	9.98e-01	1.01e-15
 3.93479e+22	2.25e-03	9.98e-01	1.12e-15
 3.95029e+22	2.32e-03	9.98e-01	1.31e-15
 3.97045e+22	2.40e-03	9.98e-01	1.57e-15
 3.99666e+22	2.50e-03	9.97e-01	1.96e-15
 4.02593e+22	2.62e-03	9.97e-01	2.46e-15
 4.05436e+22	2.74e-03	9.97e-01	3.01e-15
 4.08650e+22	2.89e-03	9.97e-01	3.87e-15
 4.11912e+22	3.02e-03	9.97e-01	4.74e-15
 4.15237e+22	3.20e-03	9.97e-01	6.08e-15
 4.18613e+22	3.35e-03	9.97e-01	7.44e-15
 4.22053e+22	3.55e-03	9.96e-01	9.50e-15
 4.25532e+22	3.72e-03	9.96e-01	1.16e-14
 4.29060e+22	3.94e-03	9.96e-01	1.47e-14
 4.32683e+22	4.14e-03	9.96e-01	1.80e-14
 4.36429e+22	4.40e-03	9.96e-01	2.31e-14
 4.40248e+22	4.63e-03	9.95e-01	2.85e-14
 4.44165e+22	4.95e-03	9.95e-01	3.69e-14
 4.48117e+22	5.20e-03	9.95e-01	4.54e-14
 4.52115e+22	5.54e-03	9.94e-01	5.91e-14
 4.56242e+22	5.86e-03	9.94e-01	7.39e-14
 4.60536e+22	6.27e-03	9.94e-01	9.72e-14
 4.64883e+22	6.64e-03	9.93e-01	1.22e-13
 4.69301e+22	7.14e-03	9.93e-01	1.61e-13
 4.73751e+22	7.53e-03	9.92e-01	2.00e-13
 4.77396e+22	7.92e-03	9.92e-01	2.43e-13
 4.80769e+22	8.29e-03	9.92e-01	2.91e-13
 4.84635e+22	8.83e-03	9.91e-01	3.71e-13
 4.89661e+22	9.61e-03	9.90e-01	5.15e-13
 4.94665e+22	1.02e-02	9.90e-01	6.50e-13
 4.99643e+22	1.11e-02	9.89e-01	8.99e-13
 5.04795e+22	1.18e-02	9.88e-01	1.16e-12
 5.10173e+22	1.29e-02	9.87e-01	1.65e-12
 5.15729e+22	1.39e-02	9.86e-01	2.19e-12
 5.21515e+22	1.54e-02	9.85e-01	3.21e-12
 5.27564e+22	1.68e-02	9.83e-01	4.45e-12
 5.33122e+22	1.83e-02	9.82e-01	6.23e-12
 5.37888e+22	1.96e-02	9.80e-01	7.95e-12
 5.42458e+22	2.14e-02	9.79e-01	1.09e-11
 5.47200e+22	2.32e-02	9.77e-01	1.46e-11
 5.52164e+22	2.60e-02	9.74e-01	2.14e-11
 5.57230e+22	2.87e-02	9.71e-01	2.97e-11
 5.62427e+22	3.28e-02	9.67e-01	4.58e-11
 5.67235e+22	3.64e-02	9.64e-01	6.31e-11
 5.70833e+22	4.01e-02	9.60e-01	8.49e-11
 5.74808e+22	4.57e-02	9.54e-01	1.25e-10
 5.79049e+22	5.26e-02	9.47e-01	1.84e-10
 5.82949e+22	6.09e-02	9.39e-01	2.74e-10
 5.86703e+22	7.14e-02	9.29e-01	4.15e-10
 5.90271e+22	8.46e-02	9.15e-01	6.32e-10
 5.93561e+22	1.01e-01	8.99e-01	9.61e-10
 5.96560e+22	1.20e-01	8.80e-01	1.45e-09
 5.99289e+22	1.43e-01	8.57e-01	2.17e-09
 6.01775e+22	1.71e-01	8.29e-01	3.19e-09
 6.04041e+22	2.02e-01	7.98e-01	4.60e-09
 6.06101e+22	2.37e-01	7.63e-01	6.48e-09
 6.07402e+22	2.62e-01	7.38e-01	7.86e-09
 6.07894e+22	2.72e-01	7.28e-01	8.48e-09
 6.08290e+22	2.80e-01	7.20e-01	9.08e-09
 6.08802e+22	2.92e-01	7.08e-01	9.89e-09
 6.09414e+22	3.07e-01	6.93e-01	1.10e-08
 6.10035e+22	3.22e-01	6.78e-01	1.22e-08
 6.10611e+22	3.36e-01	6.64e-01	1.33e-08
 6.11199e+22	3.52e-01	6.48e-01	1.47e-08
 6.11815e+22	3.69e-01	6.31e-01	1.62e-08
 6.12422e+22	3.86e-01	6.14e-01	1.78e-08
 6.13035e+22	4.03e-01	5.97e-01	1.95e-08
 6.13673e+22	4.22e-01	5.78e-01	2.14e-08
 6.14334e+22	4.42e-01	5.58e-01	2.35e-08
 6.15018e+22	4.63e-01	5.37e-01	2.58e-08
 6.15713e+22	4.84e-01	5.16e-01	2.83e-08
 6.16424e+22	5.05e-01	4.95e-01	3.09e-08
 6.17162e+22	5.27e-01	4.73e-01	3.36e-08
 6.17754e+22	5.44e-01	4.56e-01	3.57e-08
 6.18142e+22	5.55e-01	4.45e-01	3.71e-08
 6.18504e+22	5.65e-01	4.35e-01	3.85e-08
 6.18935e+22	5.78e-01	4.22e-01	4.02e-08
 6.19412e+22	5.91e-01	4.09e-01	4.21e-08
 6.19876e+22	6.03e-01	3.97e-01	4.39e-08
 6.20323e+22	6.15e-01	3.85e-01	4.54e-08
 6.20782e+22	6.27e-01	3.73e-01	4.73e-08
 6.21257e+22	6.39e-01	3.61e-01	4.91e-08
 6.21729e+22	6.50e-01	3.50e-01	5.09e-08
 6.22204e+22	6.62e-01	3.38e-01	5.26e-08
 6.22695e+22	6.73e-01	3.27e-01	5.44e-08
 6.23200e+22	6.84e-01	3.16e-01	5.61e-08
 6.23716e+22	6.95e-01	3.05e-01	5.80e-08
 6.24239e+22	7.05e-01	2.95e-01	5.98e-08
 6.24766e+22	7.15e-01	2.85e-01	6.16e-08
 6.25305e+22	7.25e-01	2.75e-01	6.33e-08
 6.25866e+22	7.35e-01	2.65e-01	6.51e-08
 6.26443e+22	7.45e-01	2.55e-01	6.70e-08
 6.27029e+22	7.54e-01	2.46e-01	6.88e-08
 6.27627e+22	7.63e-01	2.37e-01	7.06e-08
 6.28249e+22	7.72e-01	2.28e-01	7.25e-08
 6.28886e+22	7.81e-01	2.19e-01	7.43e-08
 6.29539e+22	7.89e-01	2.11e-01	7.61e-08
 6.30214e+22	7.98e-01	2.02e-01	7.82e-08
 6.30902e+22	8.05e-01	1.95e-01	7.99e-08
 6.31616e+22	8.13e-01	1.87e-01	8.18e-08
 6.32366e+22	8.21e-01	1.79e-01	8.38e-08
 6.33131e+22	8.28e-01	1.72e-01	8.60e-08
 6.33897e+22	8.35e-01	1.65e-01	8.80e-08
 6.34668e+22	8.41e-01	1.59e-01	9.01e-08
 6.35468e+22	8.48e-01	1.52e-01	9.23e-08
 6.36294e+22	8.54e-01	1.46e-01	9.46e-08
 6.37130e+22	8.60e-01	1.40e-01	9.69e-08
 6.37965e+22	8.65e-01	1.35e-01	9.93e-08
 6.38811e+22	8.70e-01	1.30e-01	1.02e-07
 6.39683e+22	8.75e-01	1.25e-01	1.04e-07
 6.40566e+22	8.80e-01	1.20e-01	1.07e-07
 6.41457e+22	8.84e-01	1.16e-01	1.10e-07
 6.42374e+22	8.89e-01	1.11e-01	1.13e-07
 6.43318e+22	8.93e-01	1.07e-01	1.16e-07
 6.44274e+22	8.97e-01	1.03e-01	1.20e-07
 6.45242e+22	9.01e-01	9.93e-02	1.23e-07
 6.46239e+22	9.04e-01	9.56e-02	1.28e-07
 6.47263e+22	9.08e-01	9.21e-02	1.32e-07
 6.48275e+22	9.11e-01	8.88e-02	1.37e-07
 6.49241e+22	9.14e-01	8.58e-02	1.42e-07
 6.50133e+22	9.17e-01	8.33e-02	1.46e-07
 6.50961e+22	9.19e-01	8.10e-02	1.50e-07
 6.51724e+22	9.21e-01	7.91e-02	1.54e-07
 6.52461e+22	9.23e-01	7.72e-02	1.58e-07
 6.53199e+22	9.25e-01	7.54e-02	1.63e-07
 6.53924e+22	9.27e-01	7.34e-02	1.68e-07
 6.54603e+22	9.28e-01	7.18e-02	1.73e-07
 6.55235e+22	9.30e-01	7.03e-02	1.78e-07
 6.55871e+22	9.31e-01	6.88e-02	1.83e-07
 6.56484e+22	9.33e-01	6.74e-02	1.88e-07
 6.57064e+22	9.34e-01	6.61e-02	1.93e-07
 6.57638e+22	9.35e-01	6.47e-02	1.99e-07
 6.58189e+22	9.37e-01	6.35e-02	2.05e-07
 6.58708e+22	9.38e-01	6.23e-02	2.11e-07
 6.59215e+22	9.39e-01	6.12e-02	2.17e-07
 6.59709e+22	9.40e-01	6.01e-02	2.24e-07
 6.60174e+22	9.41e-01	5.91e-02	2.30e-07
 6.60597e+22	9.42e-01	5.82e-02	2.36e-07
 6.60982e+22	9.43e-01	5.74e-02	2.41e-07
 6.61332e+22	9.43e-01	5.66e-02	2.47e-07
 6.61651e+22	9.44e-01	5.60e-02	2.51e-07
 6.61941e+22	9.45e-01	5.54e-02	2.56e-07
 6.62205e+22	9.45e-01	5.49e-02	2.59e-07
 6.62494e+22	9.46e-01	5.42e-02	2.64e-07
 6.62806e+22	9.47e-01	5.34e-02	2.69e-07
 6.63090e+22	9.47e-01	5.29e-02	2.73e-07
 6.63349e+22	9.48e-01	5.23e-02	2.77e-07
 6.63584e+22	9.48e-01	5.20e-02	2.80e-07
 6.63842e+22	9.49e-01	5.13e-02	2.83e-07
 6.64177e+22	9.49e-01	5.06e-02	2.87e-07
 6.64539e+22	9.50e-01	4.97e-02	2.92e-07
 6.64868e+22	9.51e-01	4.90e-02	2.95e-07
 6.65168e+22	9.52e-01	4.85e-02	2.97e-07
 6.65440e+22	9.52e-01	4.80e-02	3.00e-07
 6.65688e+22	9.52e-01	4.77e-02	3.01e-07
 6.65960e+22	9.53e-01	4.71e-02	3.02e-07
 6.66254e+22	9.53e-01	4.67e-02	3.04e-07
 6.66576e+22	9.54e-01	4.60e-02	3.05e-07
 6.66923e+22	9.55e-01	4.54e-02	3.07e-07
 6.67239e+22	9.55e-01	4.49e-02	3.08e-07
 6.67526e+22	9.56e-01	4.44e-02	3.09e-07
 6.67788e+22	9.56e-01	4.41e-02	3.10e-07
 6.68075e+22	9.56e-01	4.36e-02	3.09e-07
 6.68448e+22	9.57e-01	4.29e-02	3.09e-07
 6.68850e+22	9.58e-01	4.21e-02	3.10e-07
 6.69216e+22	9.58e-01	4.16e-02	3.10e-07
 6.69549e+22	9.59e-01	4.11e-02	3.09e-07
 6.69853e+22	9.59e-01	4.07e-02	3.09e-07
 6.70129e+22	9.60e-01	4.03e-02	3.07e-07
 6.70380e+22	9.60e-01	3.99e-02	3.06e-07
 6.70608e+22	9.60e-01	3.97e-02	3.06e-07
 6.70859e+22	9.61e-01	3.92e-02	3.04e-07
 6.71184e+22	9.61e-01	3.86e-02	3.02e-07
 6.71536e+22	9.62e-01	3.81e-02	3.02e-07
 6.71856e+22	9.62e-01	3.76e-02	3.01e-07
 6.72147e+22	9.63e-01	3.72e-02	3.00e-07
 6.72412e+22	9.63e-01	3.69e-02	2.98e-07
 6.72702e+22	9.64e-01	3.65e-02	2.96e-07
 6.73015e+22	9.64e-01	3.60e-02	2.95e-07
 6.73300e+22	9.64e-01	3.56e-02	2.93e-07
 6.73560e+22	9.65e-01	3.53e-02	2.91e-07
 6.73796e+22	9.65e-01	3.50e-02	2.91e-07
 6.74055e+22	9.65e-01	3.47e-02	2.89e-07
 6.74334e+22	9.66e-01	3.43e-02	2.88e-07
 6.74640e+22	9.66e-01	3.39e-02	2.86e-07
 6.74970e+22	9.67e-01	3.35e-02	2.85e-07
 6.75271e+22	9.67e-01	3.32e-02	2.84e-07
 6.75601e+22	9.67e-01	3.28e-02	2.83e-07
 6.75956e+22	9.68e-01	3.24e-02	2.82e-07
 6.76280e+22	9.68e-01	3.20e-02	2.80e-07
 6.76575e+22	9.68e-01	3.18e-02	2.80e-07
 6.76897e+22	9.69e-01	3.14e-02	2.78e-07
 6.77246e+22	9.69e-01	3.10e-02	2.77e-07
 6.77563e+22	9.69e-01	3.07e-02	2.76e-07
 6.77851e+22	9.70e-01	3.05e-02	2.76e-07
 6.78168e+22	9.70e-01	3.01e-02	2.73e-07
 6.78509e+22	9.70e-01	2.98e-02	2.74e-07
 6.78883e+22	9.71e-01	2.94e-02	2.72e-07
 6.79287e+22	9.71e-01	2.90e-02	2.71e-07
 6.79655e+22	9.71e-01	2.86e-02	2.70e-07
 6.79989e+22	9.72e-01	2.84e-02	2.69e-07
 6.80355e+22	9.72e-01	2.81e-02	2.68e-07
 6.80751e+22	9.72e-01	2.77e-02	2.67e-07
 6.81111e+22	9.73e-01	2.74e-02	2.66e-07
 6.81506e+22	9.73e-01	2.70e-02	2.65e-07
 6.81932e+22	9.73e-01	2.67e-02	2.64e-07
 6.82319e+22	9.74e-01	2.63e-02	2.63e-07
 6.82672e+22	9.74e-01	2.61e-02	2.62e-07
 6.83058e+22	9.74e-01	2.58e-02	2.61e-07
 6.83476e+22	9.75e-01	2.55e-02	2.60e-07
 6.83855e+22	9.75e-01	2.52e-02	2.60e-07
 6.84271e+22	9.75e-01	2.49e-02	2.58e-07
 6.84720e+22	9.75e-01	2.45e-02	2.58e-07
 6.85129e+22	9.76e-01	2.42e-02	2.57e-07
 6.85501e+22	9.76e-01	2.40e-02	2.57e-07
 6.85909e+22	9.76e-01	2.37e-02	2.56e-07
 6.86349e+22	9.77e-01	2.34e-02	2.56e-07
 6.86749e+22	9.77e-01	2.32e-02	2.56e-07
 6.87188e+22	9.77e-01	2.28e-02	2.55e-07
 6.87662e+22	9.77e-01	2.25e-02	2.55e-07
 6.88093e+22	9.78e-01	2.23e-02	2.55e-07
 6.88565e+22	9.78e-01	2.20e-02	2.54e-07
 6.89075e+22	9.78e-01	2.16e-02	2.54e-07
 6.89539e+22	9.79e-01	2.14e-02	2.54e-07
 6.90048e+22	9.79e-01	2.11e-02	2.53e-07
 6.90597e+22	9.79e-01	2.07e-02	2.53e-07
 6.91096e+22	9.80e-01	2.04e-02	2.53e-07
 6.91551e+22	9.80e-01	2.03e-02	2.52e-07
 6.92049e+22	9.80e-01	2.00e-02	2.51e-07
 6.92587e+22	9.80e-01	1.96e-02	2.51e-07
 6.93076e+22	9.81e-01	1.94e-02	2.51e-07
 6.93613e+22	9.81e-01	1.92e-02	2.50e-07
 6.94191e+22	9.81e-01	1.88e-02	2.50e-07
 6.94718e+22	9.81e-01	1.86e-02	2.50e-07
 6.95296e+22	9.82e-01	1.83e-02	2.49e-07
 6.95919e+22	9.82e-01	1.80e-02	2.50e-07
 6.96486e+22	9.82e-01	1.78e-02	2.49e-07
 6.97108e+22	9.82e-01	1.75e-02	2.49e-07
 6.97779e+22	9.83e-01	1.72e-02	2.49e-07
 6.98389e+22	9.83e-01	1.69e-02	2.49e-07
 6.98945e+22	9.83e-01	1.68e-02	2.48e-07
 6.99554e+22	9.84e-01	1.65e-02	2.47e-07
 7.00211e+22	9.84e-01	1.62e-02	2.48e-07
 7.00809e+22	9.84e-01	1.60e-02	2.48e-07
 7.01465e+22	9.84e-01	1.57e-02	2.47e-07
 7.02172e+22	9.85e-01	1.54e-02	2.47e-07
 7.02816e+22	9.85e-01	1.52e-02	2.47e-07
 7.03522e+22	9.85e-01	1.50e-02	2.46e-07
 7.04284e+22	9.85e-01	1.47e-02	2.47e-07
 7.04977e+22	9.86e-01	1.45e-02	2.46e-07
 7.05608e+22	9.86e-01	1.43e-02	2.46e-07
 7.06299e+22	9.86e-01	1.41e-02	2.45e-07
 7.07045e+22	9.86e-01	1.38e-02	2.46e-07
 7.07724e+22	9.86e-01	1.36e-02	2.46e-07
 7.08468e+22	9.87e-01	1.34e-02	2.45e-07
 7.09272e+22	9.87e-01	1.31e-02	2.46e-07
 7.10003e+22	9.87e-01	1.29e-02	2.46e-07
 7.10804e+22	9.87e-01	1.27e-02	2.45e-07
 7.11669e+22	9.88e-01	1.24e-02	2.46e-07
 7.12456e+22	9.88e-01	1.22e-02	2.46e-07
 7.13318e+22	9.88e-01	1.20e-02	2.46e-07
 7.14249e+22	9.88e-01	1.18e-02	2.46e-07
 7.15097e+22	9.88e-01	1.16e-02	2.46e-07
 7.15868e+22	9.89e-01	1.14e-02	2.46e-07
 7.16712e+22	9.89e-01	1.12e-02	2.46e-07
 7.17811e+22	9.89e-01	1.09e-02	2.46e-07
 7.19052e+22	9.89e-01	1.06e-02	2.47e-07
 7.20287e+22	9.90e-01	1.03e-02	2.47e-07
 7.21535e+22	9.90e-01	1.01e-02	2.47e-07
 7.22814e+22	9.90e-01	9.79e-03	2.47e-07
 7.24112e+22	9.90e-01	9.53e-03	2.47e-07
 7.25424e+22	9.91e-01	9.28e-03	2.47e-07
 7.26752e+22	9.91e-01	9.03e-03	2.47e-07
 7.28097e+22	9.91e-01	8.78e-03	2.47e-07
 7.29457e+22	9.91e-01	8.54e-03	2.47e-07
 7.30834e+22	9.92e-01	8.31e-03	2.47e-07
 7.32224e+22	9.92e-01	8.08e-03	2.48e-07
 7.33631e+22	9.92e-01	7.85e-03	2.48e-07
 7.35052e+22	9.92e-01	7.63e-03	2.48e-07
 7.36485e+22	9.93e-01	7.41e-03	2.48e-07
 7.37931e+22	9.93e-01	7.20e-03	2.48e-07
 7.39389e+22	9.93e-01	7.00e-03	2.49e-07
 7.40862e+22	9.93e-01	6.79e-03	2.49e-07
 7.42349e+22	9.93e-01	6.59e-03	2.49e-07
 7.43850e+22	9.94e-01	6.40e-03	2.49e-07
 7.45363e+22	9.94e-01	6.21e-03	2.50e-07
 7.46889e+22	9.94e-01	6.03e-03	2.50e-07
 7.48428e+22	9.94e-01	5.85e-03	2.51e-07
 7.49994e+22	9.94e-01	5.67e-03	2.51e-07
 7.51598e+22	9.95e-01	5.50e-03	2.52e-07
 7.53228e+22	9.95e-01	5.33e-03	2.52e-07
 7.54875e+22	9.95e-01	5.16e-03	2.53e-07
 7.56541e+22	9.95e-01	5.00e-03	2.54e-07
 7.58225e+22	9.95e-01	4.84e-03	2.55e-07
 7.59928e+22	9.95e-01	4.68e-03	2.55e-07
 7.61651e+22	9.95e-01	4.53e-03	2.56e-07
 7.63402e+22	9.96e-01	4.38e-03	2.58e-07
 7.65183e+22	9.96e-01	4.24e-03	2.59e-07
 7.67004e+22	9.96e-01	4.09e-03	2.60e-07
 7.68872e+22	9.96e-01	3.95e-03	2.61e-07
 7.70778e+22	9.96e-01	3.82e-03	2.63e-07
 7.72714e+22	9.96e-01	3.68e-03	2.65e-07
 7.74684e+22	9.96e-01	3.55e-03	2.66e-07
 7.76689e+22	9.97e-01	3.42e-03	2.68e-07
 7.78731e+22	9.97e-01	3.30e-03	2.71e-07
 7.80813e+22	9.97e-01	3.17e-03	2.73e-07
 7.82945e+22	9.97e-01	3.05e-03	2.76e-07
 7.85131e+22	9.97e-01	2.93e-03	2.79e-07
 7.87362e+22	9.97e-01	2.82e-03	2.82e-07
 7.89643e+22	9.97e-01	2.71e-03	2.85e-07
 7.91980e+22	9.97e-01	2.60e-03	2.89e-07
 7.94371e+22	9.98e-01	2.49e-03	2.93e-07
 7.96807e+22	9.98e-01	2.38e-03	2.98e-07
 7.99265e+22	9.98e-01	2.28e-03	3.03e-07
 8.01747e+22	9.98e-01	2.19e-03	3.09e-07
 8.04257e+22	9.98e-01	2.10e-03	3.15e-07
 8.06793e+22	9.98e-01	2.01e-03	3.22e-07
 8.09352e+22	9.98e-01	1.92e-03	3.30e-07
 8.11937e+22	9.98e-01	1.84e-03	3.38e-07
 8.14547e+22	9.98e-01	1.76e-03	3.47e-07
 8.17185e+22	9.98e-01	1.68e-03	3.57e-07
 8.19852e+22	9.98e-01	1.61e-03	3.68e-07
 8.22549e+22	9.98e-01	1.53e-03	3.81e-07
 8.25265e+22	9.99e-01	1.46e-03	3.95e-07
 8.28009e+22	9.99e-01	1.40e-03	4.11e-07
 8.30781e+22	9.99e-01	1.33e-03	4.29e-07
 8.33585e+22	9.99e-01	1.27e-03	4.49e-07
 8.36427e+22	9.99e-01	1.21e-03	4.72e-07
 8.39302e+22	9.99e-01	1.16e-03	4.99e-07
 8.42210e+22	9.99e-01	1.10e-03	5.29e-07
 8.45152e+22	9.99e-01	1.05e-03	5.65e-07
 8.48095e+22	9.99e-01	9.99e-04	6.07e-07
 8.50942e+22	9.99e-01	9.53e-04	6.55e-07
 8.53600e+22	9.99e-01	9.13e-04	7.08e-07
 8.56070e+22	9.99e-01	8.77e-04	7.65e-07
 8.58399e+22	9.99e-01	8.44e-04	8.27e-07
 8.60624e+22	9.99e-01	8.14e-04	8.97e-07
 8.62753e+22	9.99e-01	7.86e-04	9.74e-07
 8.64777e+22	9.99e-01	7.60e-04	1.06e-06
 8.66691e+22	9.99e-01	7.37e-04	1.15e-06
 8.68503e+22	9.99e-01	7.15e-04	1.26e-06
 8.70227e+22	9.99e-01	6.95e-04	1.37e-06
 8.71873e+22	9.99e-01	6.74e-04	1.50e-06
 8.73429e+22	9.99e-01	6.57e-04	1.64e-06
 8.74898e+22	9.99e-01	6.41e-04	1.80e-06
 8.76308e+22	9.99e-01	6.26e-04	1.97e-06
 8.77672e+22	9.99e-01	6.12e-04	2.16e-06
 8.78984e+22	9.99e-01	5.99e-04	2.37e-06
 8.80236e+22	9.99e-01	5.87e-04	2.60e-06
 8.81429e+22	9.99e-01	5.75e-04	2.85e-06
 8.82572e+22	9.99e-01	5.64e-04	3.13e-06
 8.83675e+22	9.99e-01	5.54e-04	3.44e-06
 8.84744e+22	9.99e-01	5.43e-04	3.78e-06
 8.85782e+22	9.99e-01	5.34e-04	4.16e-06
 8.86790e+22	9.99e-01	5.25e-04	4.58e-06
 8.87763e+22	9.99e-01	5.16e-04	5.03e-06
 8.88705e+22	9.99e-01	5.08e-04	5.53e-06
 8.89624e+22	9.99e-01	5.00e-04	6.08e-06
 8.90529e+22	9.99e-01	4.92e-04	6.68e-06
 8.91422e+22	1.00e+00	4.85e-04	7.34e-06
 8.92304e+22	1.00e+00	4.77e-04	8.07e-06
 8.93177e+22	1.00e+00	4.70e-04	8.86e-06
 8.94042e+22	1.00e+00	4.63e-04	9.72e-06
 8.94907e+22	1.00e+00	4.56e-04	1.07e-05
 8.95778e+22	1.00e+00	4.50e-04	1.17e-05
 8.96655e+22	1.00e+00	4.42e-04	1.28e-05
 8.97545e+22	1.00e+00	4.35e-04	1.40e-05
 8.98457e+22	1.00e+00	4.28e-04	1.53e-05
 8.99394e+22	1.00e+00	4.21e-04	1.68e-05
 9.00357e+22	1.00e+00	4.14e-04	1.83e-05
 9.01352e+22	1.00e+00	4.06e-04	1.99e-05
 9.02388e+22	1.00e+00	3.98e-04	2.17e-05
 9.03474e+22	1.00e+00	3.91e-04	2.37e-05
 9.04612e+22	1.00e+00	3.82e-04	2.57e-05
 9.05816e+22	1.00e+00	3.74e-04	2.78e-05
 9.07103e+22	1.00e+00	3.65e-04	3.02e-05
 9.08476e+22	1.00e+00	3.56e-04	3.27e-05
 9.09927e+22	1.00e+00	3.47e-04	3.53e-05
 9.11463e+22	1.00e+00	3.37e-04	3.81e-05
 9.13112e+22	1.00e+00	3.26e-04	4.10e-05
 9.14894e+22	1.00e+00	3.16e-04	4.41e-05
 9.16808e+22	1.00e+00	3.04e-04	4.73e-05
 9.18861e+22	1.00e+00	2.92e-04	5.06e-05
 9.21070e+22	1.00e+00	2.80e-04	5.40e-05
 9.23447e+22	1.00e+00	2.67e-04	5.76e-05
 9.25192e+22	1.00e+00	2.62e-04	6.13e-05
