#depth	He	He+	He+2
 1.54284e+22	1.44e-06	1.27e-02	9.87e-01
 3.49065e+22	2.88e-06	1.79e-02	9.82e-01
 4.09811e+22	4.02e-06	2.11e-02	9.79e-01
 4.44272e+22	5.07e-06	2.37e-02	9.76e-01
 4.64181e+22	5.57e-06	2.48e-02	9.75e-01
 4.77283e+22	6.28e-06	2.63e-02	9.74e-01
 4.91421e+22	6.98e-06	2.77e-02	9.72e-01
 5.06908e+22	8.03e-06	2.96e-02	9.70e-01
 5.22490e+22	8.98e-06	3.13e-02	9.69e-01
 5.36060e+22	1.00e-05	3.30e-02	9.67e-01
 5.51566e+22	1.15e-05	3.54e-02	9.65e-01
 5.67319e+22	1.29e-05	3.74e-02	9.63e-01
 5.83393e+22	1.48e-05	4.00e-02	9.60e-01
 5.99739e+22	1.67e-05	4.24e-02	9.58e-01
 6.16438e+22	1.94e-05	4.56e-02	9.54e-01
 6.33233e+22	2.18e-05	4.83e-02	9.52e-01
 6.50154e+22	2.53e-05	5.19e-02	9.48e-01
 6.67310e+22	2.85e-05	5.51e-02	9.45e-01
 6.84772e+22	3.31e-05	5.92e-02	9.41e-01
 7.02086e+22	3.73e-05	6.26e-02	9.37e-01
 7.19207e+22	4.33e-05	6.73e-02	9.33e-01
 7.35533e+22	4.79e-05	7.07e-02	9.29e-01
 7.50825e+22	5.48e-05	7.54e-02	9.25e-01
 7.66146e+22	6.06e-05	7.91e-02	9.21e-01
 7.81507e+22	6.88e-05	8.41e-02	9.16e-01
 7.97404e+22	7.72e-05	8.88e-02	9.11e-01
 8.11630e+22	8.56e-05	9.33e-02	9.07e-01
 8.27757e+22	9.78e-05	9.94e-02	9.01e-01
 8.44190e+22	1.09e-04	1.05e-01	8.95e-01
 8.58817e+22	1.22e-04	1.10e-01	8.90e-01
 8.72995e+22	1.34e-04	1.15e-01	8.84e-01
 8.86085e+22	1.47e-04	1.21e-01	8.79e-01
 9.00395e+22	1.65e-04	1.27e-01	8.73e-01
 9.14884e+22	1.81e-04	1.33e-01	8.67e-01
 9.27556e+22	1.98e-04	1.38e-01	8.61e-01
 9.41983e+22	2.22e-04	1.46e-01	8.54e-01
 9.56674e+22	2.43e-04	1.52e-01	8.48e-01
 9.69678e+22	2.66e-04	1.59e-01	8.41e-01
 9.84555e+22	2.98e-04	1.67e-01	8.33e-01
 9.99654e+22	3.27e-04	1.74e-01	8.25e-01
 1.01302e+23	3.59e-04	1.82e-01	8.18e-01
 1.02836e+23	4.02e-04	1.91e-01	8.08e-01
 1.04385e+23	4.42e-04	1.99e-01	8.00e-01
 1.05749e+23	4.84e-04	2.08e-01	7.92e-01
 1.07316e+23	5.42e-04	2.18e-01	7.81e-01
 1.08911e+23	5.96e-04	2.28e-01	7.72e-01
 1.10542e+23	6.70e-04	2.40e-01	7.60e-01
 1.12192e+23	7.38e-04	2.50e-01	7.49e-01
 1.13869e+23	8.30e-04	2.63e-01	7.36e-01
 1.15578e+23	9.16e-04	2.74e-01	7.25e-01
 1.16551e+23	9.42e-04	2.77e-01	7.22e-01
 1.17039e+23	9.71e-04	2.81e-01	7.18e-01
 1.17673e+23	1.02e-03	2.86e-01	7.13e-01
 1.18498e+23	1.07e-03	2.92e-01	7.06e-01
 1.19569e+23	1.16e-03	3.02e-01	6.97e-01
 1.20962e+23	1.28e-03	3.15e-01	6.84e-01
 1.22324e+23	1.37e-03	3.24e-01	6.75e-01
 1.23645e+23	1.49e-03	3.35e-01	6.63e-01
 1.24996e+23	1.60e-03	3.45e-01	6.53e-01
 1.26387e+23	1.75e-03	3.58e-01	6.40e-01
 1.27799e+23	1.89e-03	3.69e-01	6.29e-01
 1.29045e+23	2.03e-03	3.80e-01	6.18e-01
 1.30475e+23	2.22e-03	3.93e-01	6.04e-01
 1.31933e+23	2.39e-03	4.05e-01	5.93e-01
 1.33431e+23	2.63e-03	4.20e-01	5.77e-01
 1.34931e+23	2.83e-03	4.33e-01	5.65e-01
 1.36435e+23	3.10e-03	4.48e-01	5.49e-01
 1.37982e+23	3.36e-03	4.61e-01	5.35e-01
 1.39587e+23	3.69e-03	4.78e-01	5.18e-01
 1.41220e+23	4.00e-03	4.93e-01	5.03e-01
 1.42892e+23	4.43e-03	5.11e-01	4.84e-01
 1.44580e+23	4.80e-03	5.27e-01	4.69e-01
 1.46291e+23	5.30e-03	5.46e-01	4.49e-01
 1.48021e+23	5.76e-03	5.62e-01	4.32e-01
 1.49776e+23	6.38e-03	5.82e-01	4.11e-01
 1.51542e+23	6.92e-03	5.99e-01	3.94e-01
 1.53321e+23	7.66e-03	6.19e-01	3.73e-01
 1.55118e+23	8.34e-03	6.37e-01	3.54e-01
 1.56937e+23	9.28e-03	6.59e-01	3.32e-01
 1.58747e+23	1.01e-02	6.77e-01	3.13e-01
 1.60546e+23	1.12e-02	6.98e-01	2.91e-01
 1.62346e+23	1.22e-02	7.16e-01	2.72e-01
 1.64148e+23	1.37e-02	7.37e-01	2.50e-01
 1.65951e+23	1.49e-02	7.54e-01	2.31e-01
 1.67755e+23	1.67e-02	7.74e-01	2.09e-01
 1.69555e+23	1.82e-02	7.90e-01	1.92e-01
 1.71351e+23	2.04e-02	8.07e-01	1.72e-01
 1.73168e+23	2.24e-02	8.22e-01	1.55e-01
 1.75013e+23	2.53e-02	8.37e-01	1.37e-01
 1.76882e+23	2.80e-02	8.50e-01	1.22e-01
 1.78482e+23	3.08e-02	8.60e-01	1.09e-01
 1.79856e+23	3.32e-02	8.67e-01	9.96e-02
 1.81234e+23	3.66e-02	8.74e-01	8.93e-02
 1.82677e+23	4.01e-02	8.80e-01	8.04e-02
 1.83984e+23	4.38e-02	8.83e-01	7.28e-02
 1.85464e+23	4.92e-02	8.86e-01	6.43e-02
 1.86961e+23	5.48e-02	8.88e-01	5.75e-02
 1.88147e+23	6.02e-02	8.87e-01	5.27e-02
 1.89156e+23	6.57e-02	8.86e-01	4.88e-02
 1.90079e+23	7.15e-02	8.83e-01	4.55e-02
 1.90900e+23	7.76e-02	8.80e-01	4.29e-02
 1.91633e+23	8.38e-02	8.76e-01	4.07e-02
 1.92305e+23	9.05e-02	8.71e-01	3.88e-02
 1.92928e+23	9.76e-02	8.65e-01	3.72e-02
 1.93507e+23	1.05e-01	8.59e-01	3.59e-02
 1.94055e+23	1.13e-01	8.52e-01	3.48e-02
 1.94591e+23	1.22e-01	8.44e-01	3.38e-02
 1.95111e+23	1.32e-01	8.35e-01	3.30e-02
 1.95588e+23	1.43e-01	8.25e-01	3.24e-02
 1.96015e+23	1.53e-01	8.15e-01	3.20e-02
 1.96403e+23	1.63e-01	8.05e-01	3.18e-02
 1.96750e+23	1.73e-01	7.95e-01	3.17e-02
 1.97049e+23	1.82e-01	7.86e-01	3.17e-02
 1.97280e+23	1.89e-01	7.79e-01	3.19e-02
 1.97459e+23	1.95e-01	7.73e-01	3.19e-02
 1.97647e+23	2.02e-01	7.66e-01	3.19e-02
 1.97861e+23	2.10e-01	7.58e-01	3.19e-02
 1.98092e+23	2.20e-01	7.48e-01	3.20e-02
 1.98324e+23	2.29e-01	7.39e-01	3.22e-02
 1.98537e+23	2.38e-01	7.30e-01	3.23e-02
 1.98696e+23	2.44e-01	7.23e-01	3.25e-02
 1.98805e+23	2.49e-01	7.18e-01	3.25e-02
 1.98917e+23	2.55e-01	7.13e-01	3.25e-02
 1.99052e+23	2.61e-01	7.07e-01	3.25e-02
 1.99202e+23	2.68e-01	6.99e-01	3.25e-02
 1.99352e+23	2.76e-01	6.92e-01	3.25e-02
 1.99494e+23	2.83e-01	6.84e-01	3.25e-02
 1.99636e+23	2.91e-01	6.77e-01	3.24e-02
 1.99782e+23	2.99e-01	6.69e-01	3.24e-02
 1.99937e+23	3.08e-01	6.60e-01	3.23e-02
 2.00095e+23	3.16e-01	6.51e-01	3.22e-02
 2.00257e+23	3.26e-01	6.42e-01	3.21e-02
 2.00424e+23	3.36e-01	6.32e-01	3.19e-02
 2.00592e+23	3.46e-01	6.22e-01	3.17e-02
 2.00764e+23	3.56e-01	6.12e-01	3.15e-02
 2.00943e+23	3.68e-01	6.01e-01	3.12e-02
 2.01129e+23	3.79e-01	5.90e-01	3.09e-02
 2.01319e+23	3.91e-01	5.78e-01	3.05e-02
 2.01514e+23	4.04e-01	5.66e-01	3.02e-02
 2.01714e+23	4.17e-01	5.53e-01	2.97e-02
 2.01923e+23	4.31e-01	5.40e-01	2.93e-02
 2.02139e+23	4.45e-01	5.27e-01	2.87e-02
 2.02361e+23	4.59e-01	5.13e-01	2.82e-02
 2.02590e+23	4.74e-01	4.98e-01	2.76e-02
 2.02828e+23	4.89e-01	4.84e-01	2.69e-02
 2.03076e+23	5.05e-01	4.69e-01	2.62e-02
 2.03333e+23	5.21e-01	4.53e-01	2.54e-02
 2.03598e+23	5.38e-01	4.38e-01	2.46e-02
 2.03868e+23	5.54e-01	4.22e-01	2.38e-02
 2.04143e+23	5.70e-01	4.07e-01	2.30e-02
 2.04428e+23	5.86e-01	3.92e-01	2.21e-02
 2.04728e+23	6.03e-01	3.76e-01	2.12e-02
 2.05039e+23	6.19e-01	3.61e-01	2.02e-02
 2.05354e+23	6.34e-01	3.47e-01	1.93e-02
 2.05680e+23	6.49e-01	3.32e-01	1.84e-02
 2.06024e+23	6.65e-01	3.18e-01	1.74e-02
 2.06387e+23	6.79e-01	3.05e-01	1.65e-02
 2.06761e+23	6.93e-01	2.91e-01	1.55e-02
 2.07152e+23	7.07e-01	2.79e-01	1.46e-02
 2.07568e+23	7.20e-01	2.66e-01	1.37e-02
 2.08008e+23	7.33e-01	2.55e-01	1.28e-02
 2.08465e+23	7.45e-01	2.43e-01	1.19e-02
 2.08917e+23	7.56e-01	2.33e-01	1.11e-02
 2.09349e+23	7.65e-01	2.24e-01	1.04e-02
 2.09771e+23	7.74e-01	2.16e-01	9.71e-03
 2.10182e+23	7.82e-01	2.09e-01	9.12e-03
 2.10584e+23	7.89e-01	2.03e-01	8.57e-03
 2.10971e+23	7.95e-01	1.96e-01	8.08e-03
 2.11341e+23	8.02e-01	1.91e-01	7.64e-03
 2.11687e+23	8.07e-01	1.86e-01	7.25e-03
 2.12022e+23	8.12e-01	1.81e-01	6.87e-03
 2.12358e+23	8.17e-01	1.77e-01	6.53e-03
 2.12684e+23	8.21e-01	1.72e-01	6.21e-03
 2.12998e+23	8.26e-01	1.68e-01	5.91e-03
 2.13300e+23	8.30e-01	1.65e-01	5.64e-03
 2.13593e+23	8.34e-01	1.61e-01	5.38e-03
 2.13876e+23	8.37e-01	1.57e-01	5.14e-03
 2.14149e+23	8.41e-01	1.54e-01	4.92e-03
 2.14413e+23	8.44e-01	1.51e-01	4.71e-03
 2.14667e+23	8.47e-01	1.48e-01	4.52e-03
 2.14912e+23	8.50e-01	1.45e-01	4.33e-03
 2.15145e+23	8.53e-01	1.43e-01	4.17e-03
 2.15373e+23	8.56e-01	1.40e-01	4.00e-03
 2.15595e+23	8.59e-01	1.37e-01	3.85e-03
 2.15797e+23	8.61e-01	1.35e-01	3.71e-03
 2.15981e+23	8.63e-01	1.33e-01	3.59e-03
 2.16149e+23	8.66e-01	1.31e-01	3.48e-03
 2.16301e+23	8.67e-01	1.29e-01	3.38e-03
 2.16440e+23	8.69e-01	1.28e-01	3.29e-03
 2.16566e+23	8.71e-01	1.26e-01	3.21e-03
 2.16681e+23	8.72e-01	1.25e-01	3.13e-03
 2.16807e+23	8.74e-01	1.23e-01	3.05e-03
 2.16943e+23	8.75e-01	1.22e-01	2.97e-03
 2.17067e+23	8.77e-01	1.20e-01	2.91e-03
 2.17202e+23	8.78e-01	1.19e-01	2.83e-03
 2.17349e+23	8.80e-01	1.17e-01	2.75e-03
 2.17482e+23	8.81e-01	1.16e-01	2.69e-03
 2.17603e+23	8.83e-01	1.15e-01	2.63e-03
 2.17736e+23	8.84e-01	1.13e-01	2.55e-03
 2.17879e+23	8.86e-01	1.12e-01	2.49e-03
 2.18010e+23	8.87e-01	1.11e-01	2.43e-03
 2.18152e+23	8.89e-01	1.09e-01	2.37e-03
 2.18307e+23	8.90e-01	1.08e-01	2.31e-03
 2.18447e+23	8.91e-01	1.06e-01	2.25e-03
 2.18575e+23	8.92e-01	1.05e-01	2.21e-03
 2.18715e+23	8.94e-01	1.04e-01	2.14e-03
 2.18866e+23	8.95e-01	1.03e-01	2.09e-03
 2.19004e+23	8.96e-01	1.02e-01	2.04e-03
 2.19155e+23	8.98e-01	1.00e-01	1.98e-03
 2.19317e+23	8.99e-01	9.88e-02	1.93e-03
 2.19465e+23	9.00e-01	9.76e-02	1.88e-03
 2.19628e+23	9.02e-01	9.61e-02	1.82e-03
 2.19803e+23	9.03e-01	9.48e-02	1.77e-03
 2.19962e+23	9.05e-01	9.35e-02	1.72e-03
 2.20107e+23	9.06e-01	9.23e-02	1.68e-03
 2.20239e+23	9.07e-01	9.12e-02	1.64e-03
 2.20360e+23	9.08e-01	9.01e-02	1.60e-03
 2.20491e+23	9.10e-01	8.88e-02	1.55e-03
 2.20633e+23	9.11e-01	8.77e-02	1.51e-03
 2.20763e+23	9.12e-01	8.68e-02	1.48e-03
 2.20904e+23	9.13e-01	8.55e-02	1.44e-03
 2.21057e+23	9.14e-01	8.45e-02	1.40e-03
 2.21197e+23	9.15e-01	8.35e-02	1.37e-03
 2.21323e+23	9.16e-01	8.25e-02	1.33e-03
 2.21439e+23	9.17e-01	8.18e-02	1.31e-03
 2.21565e+23	9.18e-01	8.05e-02	1.27e-03
 2.21729e+23	9.19e-01	7.94e-02	1.23e-03
 2.21907e+23	9.20e-01	7.84e-02	1.20e-03
 2.22068e+23	9.22e-01	7.72e-02	1.17e-03
 2.22215e+23	9.23e-01	7.63e-02	1.14e-03
 2.22348e+23	9.24e-01	7.54e-02	1.11e-03
 2.22495e+23	9.25e-01	7.43e-02	1.08e-03
 2.22653e+23	9.26e-01	7.34e-02	1.05e-03
 2.22797e+23	9.26e-01	7.25e-02	1.03e-03
 2.22928e+23	9.27e-01	7.19e-02	1.01e-03
 2.23071e+23	9.28e-01	7.09e-02	9.80e-04
 2.23226e+23	9.29e-01	7.01e-02	9.58e-04
 2.23367e+23	9.30e-01	6.93e-02	9.38e-04
 2.23521e+23	9.31e-01	6.83e-02	9.10e-04
 2.23688e+23	9.32e-01	6.75e-02	8.89e-04
 2.23840e+23	9.32e-01	6.66e-02	8.66e-04
 2.23978e+23	9.33e-01	6.60e-02	8.50e-04
 2.24129e+23	9.34e-01	6.51e-02	8.25e-04
 2.24292e+23	9.35e-01	6.43e-02	8.06e-04
 2.24441e+23	9.36e-01	6.37e-02	7.90e-04
 2.24604e+23	9.37e-01	6.26e-02	7.64e-04
 2.24780e+23	9.37e-01	6.19e-02	7.46e-04
 2.24940e+23	9.38e-01	6.12e-02	7.30e-04
 2.25115e+23	9.39e-01	6.02e-02	7.05e-04
 2.25304e+23	9.40e-01	5.94e-02	6.87e-04
 2.25477e+23	9.41e-01	5.86e-02	6.68e-04
 2.25633e+23	9.41e-01	5.80e-02	6.54e-04
 2.25805e+23	9.42e-01	5.71e-02	6.33e-04
 2.25991e+23	9.43e-01	5.64e-02	6.18e-04
 2.26159e+23	9.44e-01	5.57e-02	6.04e-04
 2.26344e+23	9.45e-01	5.48e-02	5.83e-04
 2.26544e+23	9.45e-01	5.41e-02	5.68e-04
 2.26725e+23	9.46e-01	5.34e-02	5.54e-04
 2.26924e+23	9.47e-01	5.24e-02	5.34e-04
 2.27139e+23	9.48e-01	5.17e-02	5.20e-04
 2.27335e+23	9.48e-01	5.10e-02	5.06e-04
 2.27549e+23	9.49e-01	5.01e-02	4.87e-04
 2.27781e+23	9.50e-01	4.94e-02	4.74e-04
 2.27991e+23	9.51e-01	4.86e-02	4.59e-04
 2.28183e+23	9.52e-01	4.79e-02	4.47e-04
 2.28393e+23	9.53e-01	4.71e-02	4.31e-04
 2.28619e+23	9.53e-01	4.64e-02	4.18e-04
 2.28825e+23	9.54e-01	4.58e-02	4.07e-04
 2.29051e+23	9.55e-01	4.49e-02	3.92e-04
 2.29295e+23	9.55e-01	4.42e-02	3.80e-04
 2.29517e+23	9.56e-01	4.36e-02	3.70e-04
 2.29761e+23	9.57e-01	4.27e-02	3.55e-04
 2.30023e+23	9.58e-01	4.20e-02	3.43e-04
 2.30262e+23	9.58e-01	4.14e-02	3.33e-04
 2.30524e+23	9.59e-01	4.05e-02	3.20e-04
 2.30807e+23	9.60e-01	3.99e-02	3.09e-04
 2.31064e+23	9.61e-01	3.92e-02	2.98e-04
 2.31298e+23	9.61e-01	3.86e-02	2.90e-04
 2.31555e+23	9.62e-01	3.78e-02	2.78e-04
 2.31832e+23	9.63e-01	3.72e-02	2.69e-04
 2.32084e+23	9.63e-01	3.66e-02	2.61e-04
 2.32360e+23	9.64e-01	3.59e-02	2.50e-04
 2.32658e+23	9.65e-01	3.52e-02	2.41e-04
 2.32930e+23	9.65e-01	3.46e-02	2.33e-04
 2.33227e+23	9.66e-01	3.39e-02	2.23e-04
 2.33548e+23	9.67e-01	3.32e-02	2.15e-04
 2.33840e+23	9.67e-01	3.26e-02	2.07e-04
 2.34160e+23	9.68e-01	3.19e-02	1.98e-04
 2.34506e+23	9.69e-01	3.13e-02	1.90e-04
 2.34820e+23	9.69e-01	3.07e-02	1.83e-04
 2.35106e+23	9.70e-01	3.01e-02	1.77e-04
 2.35420e+23	9.70e-01	2.95e-02	1.69e-04
 2.35758e+23	9.71e-01	2.89e-02	1.62e-04
 2.36067e+23	9.71e-01	2.84e-02	1.57e-04
 2.36404e+23	9.72e-01	2.77e-02	1.50e-04
 2.36769e+23	9.73e-01	2.72e-02	1.44e-04
 2.37100e+23	9.73e-01	2.66e-02	1.38e-04
 2.37402e+23	9.74e-01	2.61e-02	1.33e-04
 2.37733e+23	9.74e-01	2.56e-02	1.27e-04
 2.38090e+23	9.75e-01	2.51e-02	1.22e-04
 2.38415e+23	9.75e-01	2.46e-02	1.18e-04
 2.38771e+23	9.76e-01	2.40e-02	1.13e-04
 2.39155e+23	9.76e-01	2.35e-02	1.08e-04
 2.39505e+23	9.77e-01	2.31e-02	1.04e-04
 2.39888e+23	9.77e-01	2.25e-02	9.85e-05
 2.40302e+23	9.78e-01	2.20e-02	9.42e-05
 2.40678e+23	9.78e-01	2.15e-02	9.03e-05
 2.41091e+23	9.79e-01	2.10e-02	8.56e-05
 2.41536e+23	9.79e-01	2.05e-02	8.16e-05
 2.41942e+23	9.80e-01	2.00e-02	7.80e-05
 2.42386e+23	9.80e-01	1.94e-02	7.37e-05
 2.42932e+23	9.81e-01	1.88e-02	6.91e-05
 2.43522e+23	9.82e-01	1.82e-02	6.47e-05
 2.44114e+23	9.82e-01	1.76e-02	6.05e-05
 2.44712e+23	9.83e-01	1.70e-02	5.65e-05
 2.45319e+23	9.84e-01	1.64e-02	5.28e-05
 2.45931e+23	9.84e-01	1.59e-02	4.93e-05
 2.46550e+23	9.85e-01	1.53e-02	4.60e-05
 2.47173e+23	9.85e-01	1.48e-02	4.29e-05
 2.47803e+23	9.86e-01	1.43e-02	4.00e-05
 2.48440e+23	9.86e-01	1.38e-02	3.73e-05
 2.49083e+23	9.87e-01	1.33e-02	3.47e-05
 2.49731e+23	9.87e-01	1.29e-02	3.24e-05
 2.50385e+23	9.88e-01	1.24e-02	3.01e-05
 2.51044e+23	9.88e-01	1.20e-02	2.80e-05
 2.51708e+23	9.88e-01	1.15e-02	2.61e-05
 2.52377e+23	9.89e-01	1.11e-02	2.43e-05
 2.53049e+23	9.89e-01	1.07e-02	2.26e-05
 2.53728e+23	9.90e-01	1.04e-02	2.10e-05
 2.54412e+23	9.90e-01	9.98e-03	1.95e-05
 2.55100e+23	9.90e-01	9.62e-03	1.81e-05
 2.55794e+23	9.91e-01	9.27e-03	1.68e-05
 2.56493e+23	9.91e-01	8.93e-03	1.56e-05
 2.57197e+23	9.91e-01	8.60e-03	1.45e-05
 2.57912e+23	9.92e-01	8.28e-03	1.35e-05
 2.58644e+23	9.92e-01	7.97e-03	1.25e-05
 2.59385e+23	9.92e-01	7.67e-03	1.15e-05
 2.60135e+23	9.93e-01	7.38e-03	1.07e-05
 2.60893e+23	9.93e-01	7.09e-03	9.87e-06
 2.61659e+23	9.93e-01	6.82e-03	9.12e-06
 2.62433e+23	9.93e-01	6.55e-03	8.42e-06
 2.63216e+23	9.94e-01	6.29e-03	7.77e-06
 2.64012e+23	9.94e-01	6.04e-03	7.17e-06
 2.64821e+23	9.94e-01	5.80e-03	6.61e-06
 2.65649e+23	9.94e-01	5.56e-03	6.08e-06
 2.66497e+23	9.95e-01	5.33e-03	5.58e-06
 2.67362e+23	9.95e-01	5.11e-03	5.12e-06
 2.68242e+23	9.95e-01	4.89e-03	4.69e-06
 2.69137e+23	9.95e-01	4.68e-03	4.30e-06
 2.70049e+23	9.96e-01	4.47e-03	3.93e-06
 2.70979e+23	9.96e-01	4.28e-03	3.59e-06
 2.71927e+23	9.96e-01	4.08e-03	3.27e-06
 2.72898e+23	9.96e-01	3.90e-03	2.98e-06
 2.73894e+23	9.96e-01	3.71e-03	2.71e-06
 2.74913e+23	9.96e-01	3.54e-03	2.46e-06
 2.75955e+23	9.97e-01	3.37e-03	2.23e-06
 2.77022e+23	9.97e-01	3.20e-03	2.01e-06
 2.78114e+23	9.97e-01	3.04e-03	1.82e-06
 2.79237e+23	9.97e-01	2.89e-03	1.64e-06
 2.80385e+23	9.97e-01	2.74e-03	1.47e-06
 2.81542e+23	9.97e-01	2.60e-03	1.32e-06
 2.82709e+23	9.98e-01	2.46e-03	1.19e-06
 2.83890e+23	9.98e-01	2.33e-03	1.07e-06
 2.85084e+23	9.98e-01	2.21e-03	9.59e-07
 2.86290e+23	9.98e-01	2.10e-03	8.60e-07
 2.87508e+23	9.98e-01	1.98e-03	7.71e-07
 2.88739e+23	9.98e-01	1.88e-03	6.91e-07
 2.89984e+23	9.98e-01	1.78e-03	6.18e-07
 2.91243e+23	9.98e-01	1.68e-03	5.53e-07
 2.92510e+23	9.98e-01	1.59e-03	4.95e-07
 2.93789e+23	9.98e-01	1.50e-03	4.42e-07
 2.95087e+23	9.99e-01	1.42e-03	3.95e-07
 2.96386e+23	9.99e-01	1.34e-03	3.53e-07
 2.97697e+23	9.99e-01	1.27e-03	3.14e-07
 2.99035e+23	9.99e-01	1.20e-03	2.80e-07
 3.00388e+23	9.99e-01	1.13e-03	2.49e-07
 3.01738e+23	9.99e-01	1.06e-03	2.21e-07
 3.03040e+23	9.99e-01	1.01e-03	1.98e-07
 3.04258e+23	9.99e-01	9.57e-04	1.79e-07
 3.05395e+23	9.99e-01	9.12e-04	1.63e-07
 3.06468e+23	9.99e-01	8.72e-04	1.48e-07
 3.07493e+23	9.99e-01	8.35e-04	1.36e-07
 3.08281e+23	9.99e-01	8.12e-04	1.29e-07
