#depth	S	S+	S+2	S+3	S+4	S+5	S+6	S+7	S+8	S+9	S+10	S+11	S+12	S+13	S+14	S+15	S+16
 4.62852e+21	0.00e+00	0.00e+00	0.00e+00	0.00e+00	0.00e+00	0.00e+00	0.00e+00	0.00e+00	0.00e+00	2.21e-23	1.40e-19	4.40e-16	9.06e-13	1.96e-09	8.45e-06	5.17e-03	9.95e-01
 1.05220e+22	0.00e+00	0.00e+00	0.00e+00	0.00e+00	0.00e+00	0.00e+00	0.00e+00	0.00e+00	3.64e-26	2.66e-22	1.17e-18	2.69e-15	3.85e-12	5.80e-09	1.74e-05	7.41e-03	9.93e-01
 1.26226e+22	0.00e+00	0.00e+00	0.00e+00	0.00e+00	0.00e+00	0.00e+00	0.00e+00	1.68e-29	2.37e-25	1.37e-21	4.84e-18	8.75e-15	9.89e-12	1.18e-08	2.79e-05	9.37e-03	9.91e-01
 1.41268e+22	0.00e+00	0.00e+00	0.00e+00	0.00e+00	0.00e+00	0.00e+00	0.00e+00	9.23e-29	1.07e-24	5.12e-21	1.50e-17	2.24e-14	2.10e-11	2.07e-08	4.06e-05	1.13e-02	9.89e-01
 1.50939e+22	0.00e+00	0.00e+00	0.00e+00	0.00e+00	0.00e+00	0.00e+00	0.00e+00	1.94e-28	2.08e-24	9.11e-21	2.45e-17	3.38e-14	2.92e-11	2.65e-08	4.78e-05	1.23e-02	9.88e-01
 1.56341e+22	0.00e+00	0.00e+00	0.00e+00	0.00e+00	0.00e+00	0.00e+00	0.00e+00	3.61e-28	3.61e-24	1.48e-20	3.71e-17	4.76e-14	3.84e-11	3.25e-08	5.48e-05	1.31e-02	9.87e-01
 1.61154e+22	0.00e+00	0.00e+00	0.00e+00	0.00e+00	0.00e+00	0.00e+00	0.00e+00	6.57e-28	6.14e-24	2.35e-20	5.52e-17	6.63e-14	5.00e-11	3.97e-08	6.25e-05	1.40e-02	9.86e-01
 1.66663e+22	0.00e+00	0.00e+00	0.00e+00	0.00e+00	0.00e+00	0.00e+00	0.00e+00	1.48e-27	1.26e-23	4.39e-20	9.42e-17	1.03e-13	7.14e-11	5.18e-08	7.47e-05	1.53e-02	9.85e-01
 1.72075e+22	0.00e+00	0.00e+00	0.00e+00	0.00e+00	0.00e+00	0.00e+00	1.25e-31	2.56e-27	2.05e-23	6.73e-20	1.36e-16	1.40e-13	9.10e-11	6.21e-08	8.43e-05	1.63e-02	9.84e-01
 1.77360e+22	0.00e+00	0.00e+00	0.00e+00	0.00e+00	0.00e+00	0.00e+00	3.02e-31	5.63e-27	4.12e-23	1.24e-19	2.29e-16	2.16e-13	1.29e-10	8.06e-08	1.00e-04	1.77e-02	9.82e-01
 1.82604e+22	0.00e+00	0.00e+00	0.00e+00	0.00e+00	0.00e+00	0.00e+00	5.51e-31	9.67e-27	6.67e-23	1.89e-19	3.28e-16	2.92e-13	1.64e-10	9.64e-08	1.13e-04	1.88e-02	9.81e-01
 1.87792e+22	0.00e+00	0.00e+00	0.00e+00	0.00e+00	0.00e+00	0.00e+00	1.27e-30	2.05e-26	1.30e-22	3.38e-19	5.38e-16	4.41e-13	2.27e-10	1.23e-07	1.33e-04	2.04e-02	9.79e-01
 1.93049e+22	0.00e+00	0.00e+00	0.00e+00	0.00e+00	0.00e+00	0.00e+00	2.36e-30	3.57e-26	2.12e-22	5.23e-19	7.82e-16	6.02e-13	2.92e-10	1.49e-07	1.51e-04	2.17e-02	9.78e-01
 1.98395e+22	0.00e+00	0.00e+00	0.00e+00	0.00e+00	0.00e+00	0.00e+00	5.77e-30	7.96e-26	4.32e-22	9.72e-19	1.33e-15	9.34e-13	4.15e-10	1.94e-07	1.80e-04	2.36e-02	9.76e-01
 2.03683e+22	0.00e+00	0.00e+00	0.00e+00	0.00e+00	0.00e+00	0.00e+00	1.05e-29	1.37e-25	6.98e-22	1.48e-18	1.90e-15	1.26e-12	5.26e-10	2.31e-07	2.02e-04	2.51e-02	9.75e-01
 2.08893e+22	0.00e+00	0.00e+00	0.00e+00	0.00e+00	0.00e+00	0.00e+00	2.43e-29	2.90e-25	1.36e-21	2.64e-18	3.12e-15	1.90e-12	7.31e-10	2.96e-07	2.38e-04	2.72e-02	9.73e-01
 2.14199e+22	0.00e+00	0.00e+00	0.00e+00	0.00e+00	0.00e+00	0.00e+00	4.70e-29	5.23e-25	2.29e-21	4.18e-18	4.61e-15	2.63e-12	9.48e-10	3.60e-07	2.71e-04	2.90e-02	9.71e-01
 2.19629e+22	0.00e+00	0.00e+00	0.00e+00	0.00e+00	0.00e+00	0.00e+00	1.14e-28	1.15e-24	4.63e-21	7.70e-18	7.78e-15	4.06e-12	1.34e-09	4.66e-07	3.22e-04	3.15e-02	9.68e-01
 2.24545e+22	0.00e+00	0.00e+00	0.00e+00	0.00e+00	0.00e+00	0.00e+00	1.89e-28	1.82e-24	6.94e-21	1.10e-17	1.05e-14	5.21e-12	1.64e-09	5.42e-07	3.56e-04	3.31e-02	9.67e-01
 2.28794e+22	0.00e+00	0.00e+00	0.00e+00	0.00e+00	0.00e+00	0.00e+00	3.61e-28	3.26e-24	1.16e-20	1.72e-17	1.54e-14	7.16e-12	2.11e-09	6.55e-07	4.04e-04	3.52e-02	9.64e-01
 2.33307e+22	0.00e+00	0.00e+00	0.00e+00	0.00e+00	0.00e+00	0.00e+00	6.47e-28	5.50e-24	1.85e-20	2.58e-17	2.18e-14	9.54e-12	2.66e-09	7.78e-07	4.52e-04	3.72e-02	9.62e-01
 2.37431e+22	0.00e+00	0.00e+00	0.00e+00	0.00e+00	0.00e+00	3.64e-32	1.13e-27	9.10e-24	2.88e-20	3.80e-17	3.04e-14	1.26e-11	3.31e-09	9.17e-07	5.04e-04	3.93e-02	9.60e-01
 2.42061e+22	0.00e+00	0.00e+00	0.00e+00	0.00e+00	0.00e+00	8.07e-32	2.33e-27	1.74e-23	5.11e-20	6.26e-17	4.65e-14	1.79e-11	4.39e-09	1.13e-06	5.80e-04	4.21e-02	9.57e-01
 2.46705e+22	0.00e+00	0.00e+00	0.00e+00	0.00e+00	0.00e+00	1.51e-31	4.12e-27	2.89e-23	8.03e-20	9.28e-17	6.50e-14	2.36e-11	5.48e-09	1.34e-06	6.48e-04	4.44e-02	9.55e-01
 2.50724e+22	0.00e+00	0.00e+00	0.00e+00	0.00e+00	0.00e+00	2.79e-31	7.18e-27	4.76e-23	1.25e-19	1.36e-16	9.03e-14	3.10e-11	6.81e-09	1.57e-06	7.22e-04	4.68e-02	9.52e-01
 2.55301e+22	0.00e+00	0.00e+00	0.00e+00	0.00e+00	0.00e+00	6.06e-31	1.45e-26	8.93e-23	2.18e-19	2.22e-16	1.37e-13	4.37e-11	8.96e-09	1.93e-06	8.27e-04	5.00e-02	9.49e-01
 2.59949e+22	0.00e+00	0.00e+00	0.00e+00	0.00e+00	0.00e+00	1.14e-30	2.58e-26	1.50e-22	3.45e-19	3.31e-16	1.92e-13	5.80e-11	1.12e-08	2.29e-06	9.25e-04	5.28e-02	9.46e-01
 2.63647e+22	0.00e+00	0.00e+00	0.00e+00	0.00e+00	0.00e+00	1.95e-30	4.17e-26	2.31e-22	5.06e-19	4.62e-16	2.55e-13	7.34e-11	1.36e-08	2.63e-06	1.01e-03	5.53e-02	9.44e-01
 2.66900e+22	0.00e+00	0.00e+00	0.00e+00	0.00e+00	0.00e+00	3.22e-30	6.58e-26	3.47e-22	7.26e-19	6.33e-16	3.34e-13	9.17e-11	1.62e-08	3.01e-06	1.11e-03	5.77e-02	9.41e-01
 2.70616e+22	0.00e+00	0.00e+00	0.00e+00	0.00e+00	0.00e+00	5.95e-30	1.15e-25	5.71e-22	1.13e-18	9.29e-16	4.63e-13	1.20e-10	2.01e-08	3.53e-06	1.23e-03	6.07e-02	9.38e-01
 2.74530e+22	0.00e+00	0.00e+00	0.00e+00	0.00e+00	0.00e+00	1.03e-29	1.89e-25	8.92e-22	1.67e-18	1.31e-15	6.21e-13	1.53e-10	2.44e-08	4.08e-06	1.36e-03	6.36e-02	9.35e-01
 2.78051e+22	0.00e+00	0.00e+00	0.00e+00	0.00e+00	0.00e+00	1.76e-29	3.06e-25	1.38e-21	2.46e-18	1.83e-15	8.25e-13	1.94e-10	2.95e-08	4.70e-06	1.49e-03	6.65e-02	9.32e-01
 2.81428e+22	0.00e+00	0.00e+00	0.00e+00	0.00e+00	0.00e+00	2.93e-29	4.85e-25	2.08e-21	3.54e-18	2.52e-15	1.08e-12	2.43e-10	3.52e-08	5.37e-06	1.63e-03	6.94e-02	9.29e-01
 2.85271e+22	0.00e+00	0.00e+00	0.00e+00	0.00e+00	0.00e+00	5.40e-29	8.44e-25	3.41e-21	5.49e-18	3.68e-15	1.50e-12	3.17e-10	4.36e-08	6.30e-06	1.81e-03	7.30e-02	9.25e-01
 2.89334e+22	0.00e+00	0.00e+00	0.00e+00	0.00e+00	0.00e+00	9.76e-29	1.44e-24	5.52e-21	8.40e-18	5.34e-15	2.05e-12	4.13e-10	5.38e-08	7.37e-06	2.00e-03	7.67e-02	9.21e-01
 2.92857e+22	0.00e+00	0.00e+00	0.00e+00	0.00e+00	1.72e-32	1.64e-28	2.31e-24	8.44e-21	1.22e-17	7.40e-15	2.71e-12	5.19e-10	6.46e-08	8.45e-06	2.19e-03	8.01e-02	9.18e-01
 2.96610e+22	0.00e+00	0.00e+00	0.00e+00	0.00e+00	3.32e-32	3.02e-28	4.01e-24	1.38e-20	1.89e-17	1.08e-14	3.74e-12	6.78e-10	7.98e-08	9.89e-06	2.43e-03	8.42e-02	9.13e-01
 3.00268e+22	0.00e+00	0.00e+00	0.00e+00	0.00e+00	5.77e-32	5.02e-28	6.35e-24	2.08e-20	2.72e-17	1.49e-14	4.91e-12	8.49e-10	9.55e-08	1.13e-05	2.65e-03	8.78e-02	9.10e-01
 3.03154e+22	0.00e+00	0.00e+00	0.00e+00	0.00e+00	9.14e-32	7.67e-28	9.33e-24	2.94e-20	3.69e-17	1.94e-14	6.14e-12	1.02e-09	1.11e-07	1.26e-05	2.85e-03	9.09e-02	9.06e-01
 3.06259e+22	0.00e+00	0.00e+00	0.00e+00	0.00e+00	1.56e-31	1.26e-27	1.46e-23	4.39e-20	5.26e-17	2.64e-14	7.98e-12	1.27e-09	1.32e-07	1.44e-05	3.10e-03	9.46e-02	9.02e-01
 3.09657e+22	0.00e+00	0.00e+00	0.00e+00	0.00e+00	2.65e-31	2.05e-27	2.27e-23	6.52e-20	7.45e-17	3.57e-14	1.03e-11	1.57e-09	1.56e-07	1.63e-05	3.37e-03	9.84e-02	8.98e-01
 3.12875e+22	0.00e+00	0.00e+00	0.00e+00	0.00e+00	4.45e-31	3.30e-27	3.49e-23	9.61e-20	1.05e-16	4.82e-14	1.33e-11	1.94e-09	1.85e-07	1.85e-05	3.66e-03	1.02e-01	8.94e-01
 3.15927e+22	0.00e+00	0.00e+00	0.00e+00	0.00e+00	7.32e-31	5.21e-27	5.29e-23	1.39e-19	1.46e-16	6.41e-14	1.70e-11	2.37e-09	2.17e-07	2.08e-05	3.96e-03	1.06e-01	8.90e-01
 3.18876e+22	0.00e+00	0.00e+00	0.00e+00	0.00e+00	1.18e-30	8.11e-27	7.89e-23	1.99e-19	2.00e-16	8.44e-14	2.15e-11	2.88e-09	2.53e-07	2.33e-05	4.27e-03	1.10e-01	8.86e-01
 3.22260e+22	0.00e+00	0.00e+00	0.00e+00	0.00e+00	2.11e-30	1.39e-26	1.28e-22	3.07e-19	2.94e-16	1.18e-13	2.85e-11	3.63e-09	3.04e-07	2.68e-05	4.67e-03	1.15e-01	8.81e-01
 3.25818e+22	0.00e+00	0.00e+00	0.00e+00	0.00e+00	3.69e-30	2.31e-26	2.04e-22	4.67e-19	4.25e-16	1.62e-13	3.75e-11	4.55e-09	3.64e-07	3.06e-05	5.10e-03	1.19e-01	8.75e-01
 3.28872e+22	0.00e+00	0.00e+00	0.00e+00	0.00e+00	6.01e-30	3.63e-26	3.07e-22	6.72e-19	5.87e-16	2.15e-13	4.76e-11	5.55e-09	4.26e-07	3.44e-05	5.50e-03	1.24e-01	8.71e-01
 3.31516e+22	0.00e+00	0.00e+00	0.00e+00	0.00e+00	9.19e-30	5.37e-26	4.37e-22	9.23e-19	7.77e-16	2.75e-13	5.85e-11	6.59e-09	4.88e-07	3.81e-05	5.88e-03	1.28e-01	8.67e-01
 3.34353e+22	0.00e+00	0.00e+00	0.00e+00	0.00e+00	1.48e-29	8.36e-26	6.52e-22	1.32e-18	1.07e-15	3.62e-13	7.39e-11	7.98e-09	5.69e-07	4.26e-05	6.33e-03	1.32e-01	8.62e-01
 3.37435e+22	0.00e+00	0.00e+00	0.00e+00	0.00e+00	2.40e-29	1.30e-25	9.74e-22	1.89e-18	1.46e-15	4.77e-13	9.34e-11	9.69e-09	6.64e-07	4.78e-05	6.82e-03	1.37e-01	8.57e-01
 3.40267e+22	0.00e+00	0.00e+00	0.00e+00	0.00e+00	3.75e-29	1.96e-25	1.42e-21	2.64e-18	1.97e-15	6.17e-13	1.16e-10	1.16e-08	7.66e-07	5.31e-05	7.30e-03	1.41e-01	8.52e-01
 3.43380e+22	0.00e+00	0.00e+00	0.00e+00	0.00e+00	6.42e-29	3.22e-25	2.22e-21	3.95e-18	2.81e-15	8.38e-13	1.51e-10	1.44e-08	9.08e-07	6.03e-05	7.93e-03	1.46e-01	8.46e-01
 3.46533e+22	0.00e+00	0.00e+00	0.00e+00	1.12e-32	1.04e-28	5.04e-25	3.32e-21	5.68e-18	3.87e-15	1.11e-12	1.92e-10	1.75e-08	1.06e-06	6.77e-05	8.55e-03	1.52e-01	8.40e-01
 3.49151e+22	0.00e+00	0.00e+00	0.00e+00	1.75e-32	1.58e-28	7.40e-25	4.71e-21	7.76e-18	5.10e-15	1.41e-12	2.35e-10	2.07e-08	1.21e-06	7.47e-05	9.11e-03	1.56e-01	8.35e-01
 3.51963e+22	0.00e+00	0.00e+00	0.00e+00	2.95e-32	2.57e-28	1.16e-24	7.06e-21	1.11e-17	7.02e-15	1.86e-12	2.97e-10	2.51e-08	1.42e-06	8.37e-05	9.81e-03	1.61e-01	8.29e-01
 3.55002e+22	0.00e+00	0.00e+00	0.00e+00	4.89e-32	4.11e-28	1.78e-24	1.05e-20	1.58e-17	9.58e-15	2.44e-12	3.74e-10	3.04e-08	1.64e-06	9.35e-05	1.05e-02	1.67e-01	8.23e-01
 3.57624e+22	0.00e+00	0.00e+00	0.00e+00	7.49e-32	6.10e-28	2.57e-24	1.46e-20	2.13e-17	1.25e-14	3.06e-12	4.53e-10	3.57e-08	1.87e-06	1.03e-04	1.12e-02	1.71e-01	8.18e-01
 3.59952e+22	0.00e+00	0.00e+00	0.00e+00	1.13e-31	8.97e-28	3.66e-24	2.01e-20	2.84e-17	1.61e-14	3.82e-12	5.47e-10	4.16e-08	2.11e-06	1.12e-04	1.19e-02	1.76e-01	8.12e-01
 3.62613e+22	0.00e+00	0.00e+00	0.00e+00	1.83e-31	1.40e-27	5.53e-24	2.92e-20	3.97e-17	2.16e-14	4.93e-12	6.79e-10	4.97e-08	2.43e-06	1.25e-04	1.27e-02	1.81e-01	8.06e-01
 3.65467e+22	0.00e+00	0.00e+00	0.00e+00	2.94e-31	2.18e-27	8.31e-24	4.22e-20	5.53e-17	2.89e-14	6.37e-12	8.43e-10	5.94e-08	2.80e-06	1.38e-04	1.36e-02	1.86e-01	8.00e-01
 3.68030e+22	0.00e+00	0.00e+00	0.00e+00	2.44e-31	1.75e-27	6.48e-24	5.93e-20	7.49e-17	3.78e-14	8.04e-12	1.03e-09	7.00e-08	3.19e-06	1.52e-04	1.44e-02	1.91e-01	7.94e-01
 3.70822e+22	0.00e+00	0.00e+00	0.00e+00	7.62e-31	5.29e-27	1.88e-23	8.86e-20	1.07e-16	5.19e-14	1.06e-11	1.30e-09	8.47e-08	3.71e-06	1.70e-04	1.55e-02	1.98e-01	7.87e-01
 3.73750e+22	0.00e+00	0.00e+00	0.00e+00	6.65e-31	4.46e-27	1.53e-23	1.29e-19	1.51e-16	7.01e-14	1.37e-11	1.62e-09	1.02e-07	4.28e-06	1.89e-04	1.66e-02	2.03e-01	7.80e-01
 3.76240e+22	0.00e+00	0.00e+00	0.00e+00	1.01e-30	6.60e-27	2.20e-23	1.79e-19	2.02e-16	9.07e-14	1.72e-11	1.96e-09	1.19e-07	4.85e-06	2.07e-04	1.76e-02	2.09e-01	7.74e-01
 3.78863e+22	0.00e+00	0.00e+00	0.00e+00	1.64e-30	1.03e-26	3.32e-23	2.61e-19	2.82e-16	1.22e-13	2.22e-11	2.43e-09	1.42e-07	5.58e-06	2.30e-04	1.88e-02	2.15e-01	7.66e-01
 3.81663e+22	0.00e+00	0.00e+00	0.00e+00	2.61e-30	1.59e-26	4.95e-23	3.74e-19	3.90e-16	1.62e-13	2.85e-11	3.01e-09	1.69e-07	6.40e-06	2.54e-04	2.00e-02	2.21e-01	7.59e-01
 3.84196e+22	0.00e+00	0.00e+00	0.00e+00	4.00e-30	2.37e-26	7.15e-23	5.22e-19	5.25e-16	2.11e-13	3.58e-11	3.65e-09	1.98e-07	7.26e-06	2.79e-04	2.13e-02	2.26e-01	7.52e-01
 3.86989e+22	0.00e+00	0.00e+00	0.00e+00	6.67e-30	3.82e-26	1.11e-22	7.77e-19	7.50e-16	2.89e-13	4.70e-11	4.59e-09	2.40e-07	8.43e-06	3.11e-04	2.28e-02	2.33e-01	7.44e-01
 3.89777e+22	0.00e+00	0.00e+00	0.00e+00	1.05e-29	5.80e-26	1.63e-22	1.10e-18	1.03e-15	3.81e-13	5.99e-11	5.64e-09	2.84e-07	9.63e-06	3.43e-04	2.42e-02	2.39e-01	7.36e-01
 3.92060e+22	0.00e+00	0.00e+00	0.00e+00	1.54e-29	8.33e-26	2.28e-22	1.49e-18	1.34e-15	4.84e-13	7.37e-11	6.72e-09	3.28e-07	1.08e-05	3.73e-04	2.55e-02	2.44e-01	7.30e-01
 3.94527e+22	0.00e+00	0.00e+00	0.00e+00	2.42e-29	1.27e-25	3.35e-22	2.12e-18	1.84e-15	6.38e-13	9.36e-11	8.23e-09	3.87e-07	1.23e-05	4.10e-04	2.71e-02	2.50e-01	7.22e-01
 3.97213e+22	0.00e+00	0.00e+00	4.12e-33	3.80e-29	1.93e-25	4.94e-22	3.01e-18	2.52e-15	8.44e-13	1.19e-10	1.01e-08	4.59e-07	1.40e-05	4.52e-04	2.89e-02	2.57e-01	7.14e-01
 3.99702e+22	0.00e+00	0.00e+00	6.41e-33	5.75e-29	2.84e-25	7.06e-22	4.16e-18	3.36e-15	1.09e-12	1.49e-10	1.22e-08	5.35e-07	1.59e-05	4.94e-04	3.05e-02	2.63e-01	7.06e-01
 4.02454e+22	0.00e+00	0.00e+00	1.09e-32	9.50e-29	4.53e-25	1.09e-21	6.15e-18	4.77e-15	1.48e-12	1.95e-10	1.53e-08	6.44e-07	1.84e-05	5.49e-04	3.26e-02	2.70e-01	6.97e-01
 4.05209e+22	0.00e+00	0.00e+00	1.76e-32	1.49e-28	6.87e-25	1.59e-21	8.70e-18	6.52e-15	1.95e-12	2.47e-10	1.87e-08	7.61e-07	2.09e-05	6.04e-04	3.46e-02	2.76e-01	6.89e-01
 4.07468e+22	0.00e+00	0.00e+00	2.66e-32	2.18e-28	9.83e-25	2.22e-21	1.17e-17	8.53e-15	2.48e-12	3.04e-10	2.23e-08	8.79e-07	2.34e-05	6.55e-04	3.64e-02	2.82e-01	6.81e-01
 4.09905e+22	0.00e+00	0.00e+00	4.26e-32	3.40e-28	1.49e-24	3.25e-21	1.66e-17	1.16e-14	3.26e-12	3.85e-10	2.73e-08	1.04e-06	2.66e-05	7.20e-04	3.86e-02	2.88e-01	6.72e-01
 4.12556e+22	0.00e+00	0.00e+00	6.80e-32	5.28e-28	2.24e-24	4.74e-21	2.34e-17	1.58e-14	4.27e-12	4.87e-10	3.33e-08	1.22e-06	3.03e-05	7.90e-04	4.09e-02	2.95e-01	6.63e-01
 4.15032e+22	0.00e+00	0.00e+00	1.07e-31	8.06e-28	3.32e-24	6.80e-21	3.25e-17	2.12e-14	5.54e-12	6.10e-10	4.03e-08	1.43e-06	3.43e-05	8.64e-04	4.33e-02	3.01e-01	6.55e-01
 4.17798e+22	0.00e+00	0.00e+00	1.83e-31	1.34e-27	5.32e-24	1.05e-20	4.82e-17	3.02e-14	7.56e-12	8.00e-10	5.07e-08	1.72e-06	3.97e-05	9.60e-04	4.62e-02	3.09e-01	6.44e-01
 4.20679e+22	0.00e+00	0.00e+00	1.91e-31	1.36e-27	5.21e-24	1.58e-20	7.00e-17	4.21e-14	1.02e-11	1.03e-09	6.30e-08	2.06e-06	4.56e-05	1.06e-03	4.92e-02	3.16e-01	6.34e-01
 4.23065e+22	0.00e+00	0.00e+00	2.94e-31	2.03e-27	7.59e-24	2.23e-20	9.57e-17	5.58e-14	1.30e-11	1.28e-09	7.57e-08	2.39e-06	5.13e-05	1.16e-03	5.18e-02	3.22e-01	6.25e-01
 4.25203e+22	0.00e+00	0.00e+00	4.39e-31	2.96e-27	1.08e-23	3.08e-20	1.28e-16	7.25e-14	1.64e-11	1.57e-09	8.97e-08	2.75e-06	5.72e-05	1.25e-03	5.43e-02	3.28e-01	6.17e-01
 4.27659e+22	0.00e+00	0.00e+00	7.11e-31	4.65e-27	1.64e-23	4.54e-20	1.82e-16	9.93e-14	2.17e-11	2.00e-09	1.10e-07	3.25e-06	6.52e-05	1.37e-03	5.75e-02	3.34e-01	6.07e-01
 4.30314e+22	0.00e+00	0.00e+00	1.15e-30	7.31e-27	2.50e-23	6.66e-20	2.58e-16	1.36e-13	2.86e-11	2.54e-09	1.35e-07	3.85e-06	7.44e-05	1.51e-03	6.09e-02	3.41e-01	5.96e-01
 4.32741e+22	0.00e+00	0.00e+00	1.77e-30	1.10e-26	3.64e-23	9.41e-20	3.54e-16	1.80e-13	3.67e-11	3.15e-09	1.62e-07	4.47e-06	8.36e-05	1.64e-03	6.41e-02	3.47e-01	5.87e-01
 4.35011e+22	0.00e+00	0.00e+00	2.71e-30	1.63e-26	5.28e-23	1.32e-19	4.82e-16	2.38e-13	4.69e-11	3.90e-09	1.94e-07	5.19e-06	9.38e-05	1.78e-03	6.74e-02	3.53e-01	5.78e-01
 4.37203e+22	0.00e+00	0.00e+00	4.07e-30	2.39e-26	7.50e-23	1.82e-19	6.46e-16	3.09e-13	5.92e-11	4.77e-09	2.31e-07	5.97e-06	1.05e-04	1.93e-03	7.06e-02	3.59e-01	5.69e-01
 4.39695e+22	0.00e+00	0.00e+00	6.77e-30	3.85e-26	1.17e-22	2.73e-19	9.35e-16	4.31e-13	7.94e-11	6.16e-09	2.87e-07	7.13e-06	1.20e-04	2.12e-03	7.49e-02	3.66e-01	5.57e-01
 4.42267e+22	0.00e+00	0.00e+00	1.07e-29	5.89e-26	1.74e-22	3.92e-19	1.30e-15	5.79e-13	1.03e-10	7.73e-09	3.48e-07	8.36e-06	1.36e-04	2.32e-03	7.89e-02	3.72e-01	5.47e-01
 4.44540e+22	0.00e+00	0.00e+00	1.64e-29	8.83e-26	2.53e-22	5.52e-19	1.78e-15	7.66e-13	1.32e-10	9.60e-09	4.18e-07	9.72e-06	1.53e-04	2.52e-03	8.29e-02	3.77e-01	5.37e-01
 4.47092e+22	0.00e+00	0.00e+00	2.84e-29	1.47e-25	4.06e-22	8.50e-19	2.63e-15	1.09e-12	1.81e-10	1.26e-08	5.27e-07	1.18e-05	1.77e-04	2.80e-03	8.82e-02	3.85e-01	5.24e-01
 4.49689e+22	0.00e+00	0.00e+00	4.44e-29	2.24e-25	5.98e-22	1.21e-18	3.64e-15	1.46e-12	2.34e-10	1.58e-08	6.37e-07	1.37e-05	1.99e-04	3.04e-03	9.27e-02	3.90e-01	5.14e-01
 4.51912e+22	0.00e+00	0.00e+00	6.76e-29	3.32e-25	8.60e-22	1.68e-18	4.92e-15	1.92e-12	2.98e-10	1.94e-08	7.62e-07	1.59e-05	2.23e-04	3.30e-03	9.72e-02	3.96e-01	5.04e-01
 4.54034e+22	0.00e+00	2.02e-33	1.02e-28	4.87e-25	1.23e-21	2.33e-18	6.61e-15	2.50e-12	3.77e-10	2.39e-08	9.07e-07	1.84e-05	2.49e-04	3.56e-03	1.02e-01	4.01e-01	4.94e-01
 4.56455e+22	0.00e+00	3.48e-33	1.69e-28	7.81e-25	1.90e-21	3.46e-18	9.51e-15	3.47e-12	5.04e-10	3.07e-08	1.12e-06	2.19e-05	2.85e-04	3.92e-03	1.07e-01	4.07e-01	4.81e-01
 4.58959e+22	0.00e+00	5.68e-33	2.67e-28	1.19e-24	2.81e-21	4.93e-18	1.32e-14	4.64e-12	6.53e-10	3.85e-08	1.36e-06	2.57e-05	3.22e-04	4.27e-03	1.13e-01	4.12e-01	4.70e-01
 4.61165e+22	0.00e+00	8.99e-33	4.09e-28	1.78e-24	4.06e-21	6.89e-18	1.79e-14	6.12e-12	8.34e-10	4.76e-08	1.63e-06	2.98e-05	3.61e-04	4.62e-03	1.18e-01	4.17e-01	4.60e-01
 4.63630e+22	0.00e+00	1.60e-32	6.99e-28	2.93e-24	6.44e-21	1.05e-17	2.62e-14	8.64e-12	1.13e-09	6.22e-08	2.05e-06	3.59e-05	4.17e-04	5.10e-03	1.25e-01	4.23e-01	4.47e-01
 4.66053e+22	0.00e+00	2.55e-32	1.08e-27	4.38e-24	9.32e-21	1.46e-17	3.57e-14	1.14e-11	1.45e-09	7.70e-08	2.46e-06	4.17e-05	4.67e-04	5.53e-03	1.31e-01	4.27e-01	4.36e-01
 4.68052e+22	0.00e+00	3.92e-32	1.61e-27	6.37e-24	1.31e-20	1.99e-17	4.74e-14	1.47e-11	1.82e-09	9.40e-08	2.92e-06	4.79e-05	5.20e-04	5.95e-03	1.36e-01	4.31e-01	4.26e-01
 4.70286e+22	0.00e+00	6.68e-32	2.64e-27	1.01e-23	2.01e-20	2.92e-17	6.73e-14	2.02e-11	2.41e-09	1.20e-07	3.60e-06	5.69e-05	5.93e-04	6.52e-03	1.44e-01	4.36e-01	4.14e-01
 4.72595e+22	0.00e+00	1.05e-31	4.01e-27	1.49e-23	2.87e-20	4.03e-17	9.07e-14	2.64e-11	3.06e-09	1.48e-07	4.30e-06	6.58e-05	6.62e-04	7.03e-03	1.50e-01	4.39e-01	4.03e-01
 4.75003e+22	0.00e+00	1.87e-31	6.86e-27	2.45e-23	4.54e-20	6.09e-17	1.33e-13	3.73e-11	4.15e-09	1.93e-07	5.40e-06	7.93e-05	7.62e-04	7.75e-03	1.58e-01	4.44e-01	3.90e-01
 4.77415e+22	0.00e+00	3.05e-31	1.08e-26	3.73e-23	6.66e-20	8.60e-17	1.82e-13	4.97e-11	5.37e-09	2.41e-07	6.54e-06	9.28e-05	8.59e-04	8.41e-03	1.65e-01	4.47e-01	3.79e-01
 4.79393e+22	0.00e+00	4.62e-31	1.59e-26	5.34e-23	9.25e-20	1.15e-16	2.39e-13	6.36e-11	6.68e-09	2.92e-07	7.69e-06	1.06e-04	9.50e-04	9.01e-03	1.72e-01	4.49e-01	3.69e-01
 4.81527e+22	0.00e+00	7.76e-31	2.57e-26	8.34e-23	1.39e-19	1.67e-16	3.36e-13	8.63e-11	8.77e-09	3.70e-07	9.43e-06	1.25e-04	1.08e-03	9.81e-03	1.80e-01	4.52e-01	3.57e-01
 4.83729e+22	0.00e+00	1.23e-30	3.92e-26	1.23e-22	1.99e-19	2.29e-16	4.52e-13	1.13e-10	1.11e-08	4.56e-07	1.13e-05	1.45e-04	1.20e-03	1.06e-02	1.87e-01	4.55e-01	3.46e-01
 4.85681e+22	0.00e+00	1.88e-30	5.83e-26	1.78e-22	2.79e-19	3.10e-16	5.97e-13	1.45e-10	1.39e-08	5.54e-07	1.33e-05	1.66e-04	1.33e-03	1.13e-02	1.94e-01	4.56e-01	3.37e-01
 4.87880e+22	0.00e+00	3.23e-30	9.61e-26	2.83e-22	4.25e-19	4.52e-16	8.47e-13	1.99e-10	1.85e-08	7.09e-07	1.64e-05	1.98e-04	1.52e-03	1.24e-02	2.03e-01	4.58e-01	3.24e-01
 4.90137e+22	0.00e+00	5.20e-30	1.49e-25	4.24e-22	6.15e-19	6.29e-16	1.15e-12	2.63e-10	2.37e-08	8.80e-07	1.98e-05	2.30e-04	1.70e-03	1.33e-02	2.11e-01	4.60e-01	3.14e-01
 4.92048e+22	0.00e+00	7.85e-30	2.19e-25	6.04e-22	8.49e-19	8.39e-16	1.50e-12	3.35e-10	2.94e-08	1.06e-06	2.33e-05	2.62e-04	1.88e-03	1.42e-02	2.19e-01	4.61e-01	3.04e-01
 4.94112e+22	0.00e+00	1.32e-29	3.53e-25	9.40e-22	1.27e-18	1.20e-15	2.10e-12	4.54e-10	3.85e-08	1.34e-06	2.85e-05	3.09e-04	2.12e-03	1.55e-02	2.28e-01	4.61e-01	2.93e-01
 4.96249e+22	0.00e+00	2.04e-29	5.29e-25	1.37e-21	1.79e-18	1.63e-15	2.78e-12	5.86e-10	4.84e-08	1.64e-06	3.37e-05	3.55e-04	2.35e-03	1.66e-02	2.36e-01	4.61e-01	2.83e-01
 4.98170e+22	0.00e+00	3.18e-29	7.97e-25	1.99e-21	2.52e-18	2.21e-15	3.69e-12	7.59e-10	6.10e-08	2.00e-06	4.01e-05	4.09e-04	2.61e-03	1.77e-02	2.45e-01	4.61e-01	2.73e-01
 5.00041e+22	0.00e+00	4.83e-29	1.17e-24	2.84e-21	3.48e-18	2.95e-15	4.83e-12	9.68e-10	7.58e-08	2.42e-06	4.71e-05	4.66e-04	2.88e-03	1.89e-02	2.52e-01	4.61e-01	2.64e-01
 5.02160e+22	0.00e+00	8.18e-29	1.91e-24	4.45e-21	5.24e-18	4.23e-15	6.77e-12	1.32e-09	9.96e-08	3.07e-06	5.78e-05	5.50e-04	3.26e-03	2.05e-02	2.63e-01	4.60e-01	2.53e-01
 5.04337e+22	0.00e+00	1.31e-28	2.94e-24	6.63e-21	7.51e-18	5.83e-15	9.13e-12	1.73e-09	1.27e-07	3.80e-06	6.93e-05	6.38e-04	3.63e-03	2.20e-02	2.72e-01	4.59e-01	2.43e-01
 5.06196e+22	0.00e+00	2.00e-28	4.35e-24	9.49e-21	1.04e-17	7.76e-15	1.19e-11	2.20e-09	1.58e-07	4.60e-06	8.16e-05	7.29e-04	4.01e-03	2.34e-02	2.80e-01	4.57e-01	2.35e-01
 5.08218e+22	0.00e+00	3.36e-28	7.01e-24	1.47e-20	1.55e-17	1.10e-14	1.66e-11	2.97e-09	2.07e-07	5.81e-06	9.96e-05	8.58e-04	4.52e-03	2.53e-02	2.91e-01	4.55e-01	2.24e-01
 5.10312e+22	0.00e+00	5.19e-28	1.05e-23	2.13e-20	2.16e-17	1.48e-14	2.19e-11	3.83e-09	2.59e-07	7.06e-06	1.18e-04	9.82e-04	4.99e-03	2.70e-02	2.99e-01	4.52e-01	2.15e-01
 5.12500e+22	0.00e+00	8.97e-28	1.73e-23	3.39e-20	3.29e-17	2.15e-14	3.10e-11	5.26e-09	3.44e-07	9.04e-06	1.45e-04	1.16e-03	5.65e-03	2.92e-02	3.10e-01	4.49e-01	2.05e-01
 5.14739e+22	0.00e+00	1.46e-27	2.72e-23	5.12e-20	4.78e-17	2.98e-14	4.22e-11	6.96e-09	4.43e-07	1.13e-05	1.75e-04	1.36e-03	6.32e-03	3.13e-02	3.20e-01	4.45e-01	1.95e-01
 5.16612e+22	0.00e+00	2.20e-27	3.96e-23	7.21e-20	6.51e-17	3.91e-14	5.45e-11	8.80e-09	5.46e-07	1.35e-05	2.05e-04	1.54e-03	6.93e-03	3.32e-02	3.29e-01	4.42e-01	1.87e-01
 5.18612e+22	0.00e+00	3.69e-27	6.38e-23	1.12e-19	9.64e-17	5.53e-14	7.55e-11	1.18e-08	7.13e-07	1.70e-05	2.50e-04	1.80e-03	7.78e-03	3.57e-02	3.39e-01	4.37e-01	1.78e-01
 5.20636e+22	0.00e+00	5.69e-27	9.49e-23	1.60e-19	1.34e-16	7.36e-14	9.89e-11	1.52e-08	8.90e-07	2.07e-05	2.95e-04	2.06e-03	8.57e-03	3.79e-02	3.48e-01	4.33e-01	1.70e-01
 5.22399e+22	7.37e-34	8.49e-27	1.37e-22	2.25e-19	1.81e-16	9.61e-14	1.27e-10	1.91e-08	1.09e-06	2.47e-05	3.43e-04	2.33e-03	9.36e-03	4.00e-02	3.56e-01	4.29e-01	1.63e-01
 5.24056e+22	1.13e-33	1.25e-26	1.95e-22	3.10e-19	2.41e-16	1.23e-13	1.61e-10	2.38e-08	1.33e-06	2.93e-05	3.98e-04	2.62e-03	1.02e-02	4.21e-02	3.64e-01	4.24e-01	1.56e-01
 5.25586e+22	1.67e-33	1.78e-26	2.71e-22	4.17e-19	3.15e-16	1.56e-13	2.01e-10	2.91e-08	1.60e-06	3.44e-05	4.55e-04	2.93e-03	1.10e-02	4.41e-02	3.71e-01	4.20e-01	1.50e-01
 5.26990e+22	2.39e-33	2.47e-26	3.65e-22	5.47e-19	4.01e-16	1.92e-13	2.46e-10	3.50e-08	1.89e-06	3.97e-05	5.15e-04	3.23e-03	1.18e-02	4.61e-02	3.77e-01	4.16e-01	1.45e-01
 5.28300e+22	3.38e-33	3.39e-26	4.87e-22	7.11e-19	5.07e-16	2.35e-13	2.99e-10	4.19e-08	2.22e-06	4.57e-05	5.80e-04	3.56e-03	1.27e-02	4.80e-02	3.83e-01	4.12e-01	1.40e-01
 5.29792e+22	5.27e-33	5.07e-26	7.05e-22	9.93e-19	6.83e-16	3.04e-13	3.82e-10	5.26e-08	2.72e-06	5.46e-05	6.76e-04	4.02e-03	1.38e-02	5.06e-02	3.91e-01	4.06e-01	1.34e-01
 5.31236e+22	7.35e-33	6.85e-26	9.28e-22	1.28e-18	8.54e-16	3.69e-13	4.60e-10	6.23e-08	3.17e-06	6.24e-05	7.57e-04	4.40e-03	1.48e-02	5.25e-02	3.97e-01	4.02e-01	1.29e-01
 5.32429e+22	1.01e-32	9.16e-26	1.21e-21	1.62e-18	1.06e-15	4.45e-13	5.49e-10	7.35e-08	3.68e-06	7.09e-05	8.45e-04	4.80e-03	1.57e-02	5.45e-02	4.02e-01	3.98e-01	1.24e-01
 5.33792e+22	1.51e-32	1.32e-25	1.69e-21	2.19e-18	1.38e-15	5.60e-13	6.86e-10	9.02e-08	4.43e-06	8.32e-05	9.68e-04	5.36e-03	1.70e-02	5.70e-02	4.08e-01	3.92e-01	1.19e-01
 5.35189e+22	2.12e-32	1.79e-25	2.23e-21	2.82e-18	1.73e-15	6.80e-13	8.26e-10	1.07e-07	5.17e-06	9.52e-05	1.09e-03	5.87e-03	1.81e-02	5.92e-02	4.14e-01	3.87e-01	1.15e-01
 5.36382e+22	2.92e-32	2.39e-25	2.91e-21	3.58e-18	2.13e-15	8.13e-13	9.83e-10	1.26e-07	5.98e-06	1.08e-04	1.21e-03	6.40e-03	1.92e-02	6.13e-02	4.19e-01	3.82e-01	1.11e-01
 5.37493e+22	3.99e-32	3.17e-25	3.76e-21	4.50e-18	2.61e-15	9.67e-13	1.16e-09	1.47e-07	6.90e-06	1.22e-04	1.34e-03	6.96e-03	2.04e-02	6.34e-02	4.24e-01	3.78e-01	1.07e-01
 5.38745e+22	5.93e-32	4.53e-25	5.20e-21	6.03e-18	3.38e-15	1.20e-12	1.44e-09	1.80e-07	8.26e-06	1.43e-04	1.54e-03	7.74e-03	2.20e-02	6.61e-02	4.29e-01	3.71e-01	1.02e-01
 5.40003e+22	8.06e-32	5.97e-25	6.70e-21	7.57e-18	4.13e-15	1.43e-12	1.70e-09	2.10e-07	9.50e-06	1.61e-04	1.70e-03	8.41e-03	2.33e-02	6.83e-02	4.34e-01	3.66e-01	9.81e-02
 5.41266e+22	1.19e-31	8.50e-25	9.22e-21	1.01e-17	5.31e-15	1.77e-12	2.10e-09	2.55e-07	1.13e-05	1.88e-04	1.94e-03	9.32e-03	2.50e-02	7.11e-02	4.39e-01	3.60e-01	9.36e-02
 5.42553e+22	1.67e-31	1.16e-24	1.22e-20	1.29e-17	6.60e-15	2.13e-12	2.52e-09	3.03e-07	1.32e-05	2.15e-04	2.18e-03	1.02e-02	2.67e-02	7.36e-02	4.43e-01	3.54e-01	8.97e-02
 5.43600e+22	2.22e-31	1.49e-24	1.54e-20	1.59e-17	7.90e-15	2.48e-12	2.92e-09	3.48e-07	1.50e-05	2.40e-04	2.39e-03	1.10e-02	2.81e-02	7.57e-02	4.47e-01	3.49e-01	8.66e-02
 5.44692e+22	3.15e-31	2.04e-24	2.05e-20	2.05e-17	9.87e-15	2.99e-12	3.52e-09	4.14e-07	1.76e-05	2.76e-04	2.69e-03	1.21e-02	2.99e-02	7.84e-02	4.51e-01	3.43e-01	8.28e-02
 5.45814e+22	4.21e-31	2.65e-24	2.59e-20	2.53e-17	1.19e-14	3.49e-12	4.11e-09	4.79e-07	2.01e-05	3.09e-04	2.96e-03	1.30e-02	3.15e-02	8.06e-02	4.54e-01	3.38e-01	7.98e-02
 5.46975e+22	6.27e-31	3.79e-24	3.58e-20	3.37e-17	1.52e-14	4.29e-12	5.05e-09	5.82e-07	2.40e-05	3.60e-04	3.37e-03	1.44e-02	3.39e-02	8.37e-02	4.58e-01	3.30e-01	7.57e-02
 5.48113e+22	8.43e-31	4.95e-24	4.55e-20	4.17e-17	1.82e-14	5.00e-12	5.89e-09	6.73e-07	2.74e-05	4.04e-04	3.71e-03	1.56e-02	3.57e-02	8.61e-02	4.61e-01	3.25e-01	7.28e-02
 5.49222e+22	1.24e-30	6.99e-24	6.21e-20	5.48e-17	2.31e-14	6.08e-12	7.18e-09	8.11e-07	3.25e-05	4.68e-04	4.21e-03	1.72e-02	3.82e-02	8.91e-02	4.64e-01	3.17e-01	6.90e-02
 5.50341e+22	1.68e-30	9.17e-24	7.93e-20	6.80e-17	2.78e-14	7.09e-12	8.39e-09	9.40e-07	3.72e-05	5.26e-04	4.64e-03	1.86e-02	4.03e-02	9.16e-02	4.67e-01	3.12e-01	6.62e-02
 5.51473e+22	2.50e-30	1.31e-23	1.10e-19	9.02e-17	3.54e-14	8.65e-12	1.03e-08	1.14e-06	4.45e-05	6.13e-04	5.29e-03	2.06e-02	4.31e-02	9.48e-02	4.69e-01	3.04e-01	6.26e-02
 5.52609e+22	3.43e-30	1.74e-23	1.41e-19	1.13e-16	4.28e-14	1.01e-11	1.21e-08	1.33e-06	5.11e-05	6.91e-04	5.85e-03	2.23e-02	4.55e-02	9.74e-02	4.71e-01	2.97e-01	5.98e-02
 5.53572e+22	4.58e-30	2.26e-23	1.78e-19	1.38e-16	5.09e-14	1.17e-11	1.40e-08	1.53e-06	5.81e-05	7.71e-04	6.42e-03	2.40e-02	4.78e-02	9.97e-02	4.73e-01	2.91e-01	5.73e-02
 5.54649e+22	6.95e-30	3.28e-23	2.48e-19	1.84e-16	6.48e-14	1.42e-11	1.72e-08	1.86e-06	6.98e-05	9.02e-04	7.33e-03	2.66e-02	5.13e-02	1.03e-01	4.74e-01	2.83e-01	5.38e-02
 5.55704e+22	9.18e-30	4.21e-23	3.11e-19	2.24e-16	7.65e-14	1.62e-11	1.98e-08	2.13e-06	7.89e-05	1.00e-03	8.01e-03	2.85e-02	5.37e-02	1.05e-01	4.75e-01	2.77e-01	5.16e-02
 5.56730e+22	1.37e-29	6.01e-23	4.27e-19	2.95e-16	9.61e-14	1.95e-11	2.40e-08	2.57e-06	9.38e-05	1.16e-03	9.08e-03	3.14e-02	5.73e-02	1.09e-01	4.75e-01	2.69e-01	4.85e-02
 5.57737e+22	1.79e-29	7.62e-23	5.29e-19	3.55e-16	1.13e-13	2.22e-11	2.75e-08	2.93e-06	1.05e-04	1.28e-03	9.87e-03	3.35e-02	5.97e-02	1.11e-01	4.75e-01	2.63e-01	4.65e-02
 5.58720e+22	2.66e-29	1.09e-22	7.24e-19	4.65e-16	1.41e-13	2.64e-11	3.32e-08	3.52e-06	1.25e-04	1.49e-03	1.12e-02	3.69e-02	6.37e-02	1.14e-01	4.75e-01	2.54e-01	4.36e-02
 5.59696e+22	3.51e-29	1.39e-22	9.02e-19	5.61e-16	1.65e-13	3.00e-11	3.81e-08	4.01e-06	1.41e-04	1.65e-03	1.22e-02	3.94e-02	6.64e-02	1.16e-01	4.74e-01	2.48e-01	4.16e-02
 5.60666e+22	5.22e-29	1.98e-22	1.23e-18	7.32e-16	2.05e-13	3.56e-11	4.59e-08	4.82e-06	1.67e-04	1.90e-03	1.37e-02	4.33e-02	7.06e-02	1.19e-01	4.73e-01	2.40e-01	3.89e-02
 5.61647e+22	6.99e-29	2.57e-22	1.55e-18	8.93e-16	2.41e-13	4.05e-11	5.29e-08	5.53e-06	1.90e-04	2.12e-03	1.50e-02	4.63e-02	7.38e-02	1.21e-01	4.71e-01	2.33e-01	3.70e-02
 5.62641e+22	1.06e-28	3.71e-22	2.15e-18	1.17e-15	3.01e-13	4.82e-11	6.41e-08	6.68e-06	2.26e-04	2.46e-03	1.70e-02	5.09e-02	7.84e-02	1.24e-01	4.68e-01	2.24e-01	3.44e-02
 5.63644e+22	1.42e-28	4.84e-22	2.72e-18	1.44e-15	3.56e-13	5.49e-11	7.39e-08	7.68e-06	2.56e-04	2.73e-03	1.86e-02	5.45e-02	8.19e-02	1.26e-01	4.66e-01	2.18e-01	3.26e-02
 5.64659e+22	2.15e-28	6.98e-22	3.75e-18	1.89e-15	4.44e-13	6.51e-11	8.95e-08	9.25e-06	3.04e-04	3.16e-03	2.09e-02	5.98e-02	8.68e-02	1.29e-01	4.61e-01	2.08e-01	3.02e-02
 5.65666e+22	2.93e-28	9.18e-22	4.78e-18	2.31e-15	5.23e-13	7.40e-11	1.03e-07	1.06e-05	3.46e-04	3.52e-03	2.29e-02	6.40e-02	9.05e-02	1.31e-01	4.58e-01	2.02e-01	2.85e-02
 5.66662e+22	4.40e-28	1.32e-21	6.56e-18	3.02e-15	6.49e-13	8.73e-11	1.24e-07	1.28e-05	4.10e-04	4.06e-03	2.57e-02	6.99e-02	9.56e-02	1.33e-01	4.52e-01	1.93e-01	2.63e-02
 5.67677e+22	6.09e-28	1.76e-21	8.46e-18	3.74e-15	7.70e-13	9.95e-11	1.44e-07	1.48e-05	4.68e-04	4.54e-03	2.82e-02	7.49e-02	9.97e-02	1.35e-01	4.47e-01	1.85e-01	2.46e-02
 5.68716e+22	9.33e-28	2.57e-21	1.18e-17	4.93e-15	9.61e-13	1.18e-10	1.75e-07	1.79e-05	5.57e-04	5.24e-03	3.17e-02	8.18e-02	1.05e-01	1.37e-01	4.40e-01	1.76e-01	2.26e-02
 5.69761e+22	1.30e-27	3.44e-21	1.52e-17	6.11e-15	1.14e-12	1.34e-10	2.02e-07	2.06e-05	6.36e-04	5.85e-03	3.47e-02	8.75e-02	1.09e-01	1.38e-01	4.34e-01	1.68e-01	2.10e-02
 5.70813e+22	2.00e-27	5.05e-21	2.13e-17	8.07e-15	1.42e-12	1.58e-10	2.44e-07	2.49e-05	7.55e-04	6.74e-03	3.89e-02	9.53e-02	1.15e-01	1.40e-01	4.25e-01	1.59e-01	1.91e-02
 5.71873e+22	2.78e-27	6.77e-21	2.75e-17	9.99e-15	1.68e-12	1.80e-10	2.82e-07	2.87e-05	8.60e-04	7.50e-03	4.24e-02	1.02e-01	1.19e-01	1.41e-01	4.18e-01	1.52e-01	1.78e-02
 5.72793e+22	3.86e-27	9.03e-21	3.54e-17	1.23e-14	1.98e-12	2.03e-10	3.25e-07	3.30e-05	9.75e-04	8.32e-03	4.61e-02	1.08e-01	1.24e-01	1.42e-01	4.10e-01	1.45e-01	1.65e-02
 5.73839e+22	5.92e-27	1.32e-20	4.92e-17	1.62e-14	2.46e-12	2.39e-10	3.89e-07	3.95e-05	1.15e-03	9.51e-03	5.13e-02	1.17e-01	1.29e-01	1.42e-01	3.99e-01	1.36e-01	1.49e-02
 5.74874e+22	7.99e-27	1.72e-20	6.22e-17	1.97e-14	2.87e-12	2.68e-10	4.42e-07	4.48e-05	1.29e-03	1.04e-02	5.52e-02	1.23e-01	1.33e-01	1.43e-01	3.91e-01	1.30e-01	1.39e-02
 5.75895e+22	1.20e-26	2.47e-20	8.51e-17	2.55e-14	3.51e-12	3.12e-10	5.23e-07	5.28e-05	1.50e-03	1.18e-02	6.08e-02	1.32e-01	1.38e-01	1.43e-01	3.79e-01	1.21e-01	1.25e-02
 5.76936e+22	1.63e-26	3.25e-20	1.08e-16	3.11e-14	4.11e-12	3.51e-10	5.94e-07	5.99e-05	1.68e-03	1.29e-02	6.53e-02	1.39e-01	1.42e-01	1.43e-01	3.70e-01	1.15e-01	1.16e-02
 5.78005e+22	2.46e-26	4.67e-20	1.48e-16	4.03e-14	5.04e-12	4.09e-10	7.01e-07	7.06e-05	1.94e-03	1.46e-02	7.16e-02	1.48e-01	1.46e-01	1.42e-01	3.58e-01	1.07e-01	1.04e-02
 5.79099e+22	3.39e-26	6.19e-20	1.90e-16	4.95e-14	5.93e-12	4.62e-10	7.97e-07	8.01e-05	2.18e-03	1.59e-02	7.68e-02	1.56e-01	1.50e-01	1.41e-01	3.47e-01	1.01e-01	9.53e-03
 5.80228e+22	5.14e-26	8.97e-20	2.62e-16	6.47e-14	7.31e-12	5.41e-10	9.38e-07	9.41e-05	2.52e-03	1.79e-02	8.39e-02	1.66e-01	1.54e-01	1.40e-01	3.34e-01	9.36e-02	8.49e-03
 5.81381e+22	7.09e-26	1.19e-19	3.37e-16	7.96e-14	8.62e-12	6.13e-10	1.07e-06	1.07e-04	2.81e-03	1.95e-02	8.96e-02	1.73e-01	1.57e-01	1.39e-01	3.23e-01	8.79e-02	7.75e-03
 5.82568e+22	1.08e-25	1.73e-19	4.65e-16	1.04e-13	1.06e-11	7.19e-10	1.25e-06	1.25e-04	3.23e-03	2.18e-02	9.74e-02	1.83e-01	1.61e-01	1.37e-01	3.09e-01	8.09e-02	6.87e-03
 5.83776e+22	1.49e-25	2.31e-19	5.99e-16	1.29e-13	1.26e-11	8.16e-10	1.42e-06	1.41e-04	3.60e-03	2.37e-02	1.04e-01	1.91e-01	1.63e-01	1.35e-01	2.97e-01	7.56e-02	6.23e-03
 5.85013e+22	2.26e-25	3.35e-19	8.29e-16	1.68e-13	1.56e-11	9.60e-10	1.66e-06	1.64e-04	4.12e-03	2.64e-02	1.12e-01	2.01e-01	1.66e-01	1.33e-01	2.83e-01	6.92e-02	5.49e-03
 5.86257e+22	3.10e-25	4.43e-19	1.06e-15	2.07e-13	1.83e-11	1.09e-09	1.86e-06	1.84e-04	4.56e-03	2.85e-02	1.19e-01	2.08e-01	1.68e-01	1.31e-01	2.72e-01	6.45e-02	4.97e-03
 5.87511e+22	4.66e-25	6.37e-19	1.46e-15	2.69e-13	2.26e-11	1.28e-09	2.16e-06	2.13e-04	5.18e-03	3.15e-02	1.27e-01	2.18e-01	1.70e-01	1.28e-01	2.57e-01	5.88e-02	4.36e-03
 5.88726e+22	6.14e-25	8.14e-19	1.81e-15	3.23e-13	2.61e-11	1.43e-09	2.39e-06	2.35e-04	5.65e-03	3.36e-02	1.33e-01	2.24e-01	1.71e-01	1.26e-01	2.48e-01	5.51e-02	3.99e-03
 5.89893e+22	8.84e-25	1.13e-18	2.40e-15	4.09e-13	3.16e-11	1.65e-09	2.73e-06	2.66e-04	6.31e-03	3.66e-02	1.41e-01	2.32e-01	1.72e-01	1.23e-01	2.35e-01	5.05e-02	3.53e-03
 5.91088e+22	1.17e-24	1.45e-18	3.00e-15	4.93e-13	3.67e-11	1.85e-09	3.02e-06	2.94e-04	6.87e-03	3.90e-02	1.48e-01	2.38e-01	1.73e-01	1.20e-01	2.25e-01	4.71e-02	3.20e-03
 5.92321e+22	1.70e-24	2.03e-18	4.02e-15	6.30e-13	4.46e-11	2.15e-09	3.44e-06	3.33e-04	7.67e-03	4.24e-02	1.56e-01	2.45e-01	1.73e-01	1.17e-01	2.13e-01	4.29e-02	2.81e-03
 5.93569e+22	2.24e-24	2.59e-18	4.99e-15	7.56e-13	5.17e-11	2.42e-09	3.80e-06	3.66e-04	8.32e-03	4.50e-02	1.63e-01	2.51e-01	1.73e-01	1.14e-01	2.03e-01	3.99e-02	2.55e-03
 5.94836e+22	3.21e-24	3.58e-18	6.63e-15	9.61e-13	6.26e-11	2.81e-09	4.32e-06	4.13e-04	9.23e-03	4.86e-02	1.71e-01	2.58e-01	1.73e-01	1.10e-01	1.91e-01	3.63e-02	2.24e-03
 5.96094e+22	4.20e-24	4.55e-18	8.19e-15	1.15e-12	7.23e-11	3.14e-09	4.74e-06	4.52e-04	9.96e-03	5.14e-02	1.78e-01	2.62e-01	1.72e-01	1.07e-01	1.83e-01	3.37e-02	2.03e-03
 5.97338e+22	5.97e-24	6.23e-18	1.08e-14	1.45e-12	8.70e-11	3.63e-09	5.34e-06	5.06e-04	1.10e-02	5.52e-02	1.86e-01	2.68e-01	1.71e-01	1.04e-01	1.72e-01	3.06e-02	1.77e-03
 5.98595e+22	7.71e-24	7.84e-18	1.32e-14	1.72e-12	1.00e-10	4.05e-09	5.85e-06	5.51e-04	1.18e-02	5.82e-02	1.92e-01	2.72e-01	1.71e-01	1.01e-01	1.64e-01	2.84e-02	1.61e-03
 5.99868e+22	1.09e-23	1.07e-17	1.74e-14	2.16e-12	1.20e-10	4.68e-09	6.58e-06	6.15e-04	1.30e-02	6.23e-02	2.00e-01	2.77e-01	1.69e-01	9.71e-02	1.53e-01	2.57e-02	1.41e-03
 6.01166e+22	1.41e-23	1.35e-17	2.14e-14	2.58e-12	1.39e-10	5.24e-09	7.21e-06	6.70e-04	1.39e-02	6.55e-02	2.06e-01	2.81e-01	1.68e-01	9.42e-02	1.46e-01	2.38e-02	1.27e-03
 6.02495e+22	2.00e-23	1.84e-17	2.81e-14	3.25e-12	1.67e-10	6.06e-09	8.11e-06	7.47e-04	1.53e-02	7.00e-02	2.15e-01	2.85e-01	1.65e-01	9.04e-02	1.36e-01	2.14e-02	1.10e-03
 6.03849e+22	2.60e-23	2.33e-17	3.47e-14	3.88e-12	1.93e-10	6.80e-09	8.89e-06	8.13e-04	1.64e-02	7.35e-02	2.21e-01	2.88e-01	1.64e-01	8.74e-02	1.29e-01	1.98e-02	9.90e-04
 6.05234e+22	1.70e-25	3.19e-17	4.57e-14	4.90e-12	2.34e-10	7.89e-09	1.00e-05	9.06e-04	1.79e-02	7.83e-02	2.29e-01	2.91e-01	1.61e-01	8.35e-02	1.20e-01	1.77e-02	8.56e-04
 6.06645e+22	2.24e-25	4.05e-17	5.64e-14	5.87e-12	2.71e-10	8.88e-09	1.10e-05	9.85e-04	1.92e-02	8.22e-02	2.35e-01	2.94e-01	1.59e-01	8.05e-02	1.13e-01	1.63e-02	7.65e-04
 6.08089e+22	3.23e-25	5.55e-17	7.46e-14	7.43e-12	3.28e-10	1.03e-08	1.24e-05	1.10e-03	2.10e-02	8.74e-02	2.43e-01	2.96e-01	1.55e-01	7.66e-02	1.05e-01	1.45e-02	6.58e-04
 6.09501e+22	4.13e-25	6.86e-17	9.01e-14	8.74e-12	3.76e-10	1.15e-08	1.35e-05	1.18e-03	2.23e-02	9.11e-02	2.48e-01	2.97e-01	1.53e-01	7.39e-02	9.92e-02	1.34e-02	5.94e-04
 6.10870e+22	5.83e-25	9.23e-17	1.17e-13	1.09e-11	4.50e-10	1.33e-08	1.50e-05	1.31e-03	2.42e-02	9.62e-02	2.55e-01	2.99e-01	1.50e-01	7.03e-02	9.19e-02	1.20e-02	5.14e-04
 6.12260e+22	7.47e-25	1.14e-16	1.42e-13	1.29e-11	5.15e-10	1.48e-08	1.64e-05	1.41e-03	2.57e-02	1.00e-01	2.60e-01	2.99e-01	1.47e-01	6.77e-02	8.69e-02	1.11e-02	4.62e-04
 6.13679e+22	1.05e-24	1.53e-16	1.83e-13	1.60e-11	6.16e-10	1.71e-08	1.83e-05	1.55e-03	2.78e-02	1.06e-01	2.67e-01	3.00e-01	1.43e-01	6.43e-02	8.04e-02	9.91e-03	3.99e-04
 6.15142e+22	1.00e-24	1.93e-16	2.25e-13	1.91e-11	7.13e-10	1.92e-08	2.00e-05	1.68e-03	2.96e-02	1.10e-01	2.72e-01	3.00e-01	1.40e-01	6.16e-02	7.55e-02	9.04e-03	3.54e-04
 6.16662e+22	1.41e-24	2.58e-16	2.92e-13	2.39e-11	8.58e-10	2.23e-08	2.24e-05	1.86e-03	3.21e-02	1.16e-01	2.78e-01	2.99e-01	1.36e-01	5.82e-02	6.96e-02	8.05e-03	3.05e-04
 6.18231e+22	1.88e-24	3.30e-16	3.64e-13	2.88e-11	1.00e-09	2.52e-08	2.47e-05	2.02e-03	3.42e-02	1.21e-01	2.84e-01	2.99e-01	1.33e-01	5.55e-02	6.49e-02	7.28e-03	2.68e-04
 6.19865e+22	2.69e-24	4.47e-16	4.77e-13	3.64e-11	1.22e-09	2.95e-08	2.79e-05	2.24e-03	3.71e-02	1.27e-01	2.90e-01	2.97e-01	1.28e-01	5.22e-02	5.94e-02	6.43e-03	2.28e-04
 6.21544e+22	3.62e-24	5.77e-16	5.98e-13	4.42e-11	1.43e-09	3.36e-08	3.08e-05	2.44e-03	3.96e-02	1.33e-01	2.94e-01	2.96e-01	1.25e-01	4.95e-02	5.51e-02	5.78e-03	1.99e-04
 6.23281e+22	5.22e-24	7.89e-16	7.91e-13	5.63e-11	1.75e-09	3.95e-08	3.49e-05	2.71e-03	4.30e-02	1.39e-01	3.00e-01	2.93e-01	1.20e-01	4.63e-02	5.01e-02	5.07e-03	1.68e-04
 6.25075e+22	7.13e-24	1.03e-15	1.00e-12	6.91e-11	2.07e-09	4.54e-08	3.88e-05	2.96e-03	4.60e-02	1.45e-01	3.05e-01	2.91e-01	1.16e-01	4.36e-02	4.62e-02	4.52e-03	1.45e-04
 6.26943e+22	1.05e-23	1.43e-15	1.34e-12	8.90e-11	2.56e-09	5.39e-08	4.43e-05	3.30e-03	5.00e-02	1.53e-01	3.10e-01	2.87e-01	1.11e-01	4.05e-02	4.17e-02	3.92e-03	1.21e-04
 6.28863e+22	1.45e-23	1.88e-15	1.72e-12	1.10e-10	3.06e-09	6.22e-08	4.95e-05	3.62e-03	5.35e-02	1.59e-01	3.14e-01	2.84e-01	1.07e-01	3.80e-02	3.82e-02	3.47e-03	1.04e-04
 6.30588e+22	1.97e-23	2.44e-15	2.17e-12	1.35e-10	3.63e-09	7.15e-08	5.51e-05	3.95e-03	5.71e-02	1.65e-01	3.17e-01	2.80e-01	1.03e-01	3.57e-02	3.51e-02	3.09e-03	8.93e-05
 6.32571e+22	2.98e-23	3.47e-15	2.98e-12	1.77e-10	4.54e-09	8.57e-08	6.32e-05	4.42e-03	6.21e-02	1.73e-01	3.21e-01	2.75e-01	9.73e-02	3.28e-02	3.12e-02	2.63e-03	7.28e-05
 6.34566e+22	4.04e-23	4.49e-15	3.75e-12	2.17e-10	5.38e-09	9.85e-08	7.03e-05	4.82e-03	6.61e-02	1.80e-01	3.24e-01	2.71e-01	9.33e-02	3.07e-02	2.86e-02	2.34e-03	6.26e-05
 6.36576e+22	6.06e-23	6.34e-15	5.11e-12	2.83e-10	6.72e-09	1.18e-07	8.06e-05	5.38e-03	7.17e-02	1.88e-01	3.26e-01	2.65e-01	8.81e-02	2.82e-02	2.54e-02	1.99e-03	5.10e-05
 6.38629e+22	8.42e-23	8.38e-15	6.56e-12	3.51e-10	8.04e-09	1.36e-07	9.01e-05	5.88e-03	7.65e-02	1.95e-01	3.28e-01	2.60e-01	8.40e-02	2.62e-02	2.31e-02	1.74e-03	4.32e-05
 6.40738e+22	1.28e-22	1.20e-14	9.01e-12	4.62e-10	1.01e-08	1.64e-07	1.04e-04	6.58e-03	8.29e-02	2.03e-01	3.30e-01	2.53e-01	7.89e-02	2.38e-02	2.04e-02	1.47e-03	3.48e-05
 6.42880e+22	1.80e-22	1.59e-14	1.17e-11	5.76e-10	1.22e-08	1.91e-07	1.16e-04	7.20e-03	8.84e-02	2.10e-01	3.31e-01	2.47e-01	7.49e-02	2.21e-02	1.84e-02	1.28e-03	2.92e-05
 6.45065e+22	2.79e-22	2.32e-14	1.63e-11	7.68e-10	1.55e-08	2.32e-07	1.34e-04	8.08e-03	9.58e-02	2.19e-01	3.31e-01	2.39e-01	6.99e-02	1.99e-02	1.60e-02	1.06e-03	2.31e-05
 6.47260e+22	3.91e-22	3.08e-14	2.10e-11	9.57e-10	1.86e-08	2.69e-07	1.50e-04	8.82e-03	1.02e-01	2.26e-01	3.31e-01	2.33e-01	6.61e-02	1.84e-02	1.44e-02	9.21e-04	1.94e-05
 6.49081e+22	5.30e-22	3.99e-14	2.65e-11	1.17e-09	2.19e-08	3.08e-07	1.66e-04	9.54e-03	1.08e-01	2.31e-01	3.31e-01	2.27e-01	6.28e-02	1.71e-02	1.31e-02	8.08e-04	1.64e-05
 6.51063e+22	7.94e-22	5.63e-14	3.59e-11	1.52e-09	2.72e-08	3.67e-07	1.89e-04	1.06e-02	1.15e-01	2.39e-01	3.29e-01	2.19e-01	5.86e-02	1.55e-02	1.15e-02	6.78e-04	1.32e-05
 6.53037e+22	1.07e-21	7.26e-14	4.50e-11	1.85e-09	3.20e-08	4.19e-07	2.09e-04	1.14e-02	1.21e-01	2.45e-01	3.28e-01	2.14e-01	5.56e-02	1.44e-02	1.04e-02	5.95e-04	1.12e-05
 6.55001e+22	1.60e-21	1.02e-13	6.10e-11	2.39e-09	3.97e-08	4.99e-07	2.38e-04	1.26e-02	1.30e-01	2.52e-01	3.25e-01	2.06e-01	5.17e-02	1.30e-02	9.13e-03	4.98e-04	8.96e-06
 6.56991e+22	2.18e-21	1.33e-13	7.72e-11	2.93e-09	4.70e-08	5.72e-07	2.63e-04	1.36e-02	1.37e-01	2.57e-01	3.23e-01	2.00e-01	4.88e-02	1.20e-02	8.23e-03	4.33e-04	7.53e-06
 6.59014e+22	3.31e-21	1.90e-13	1.06e-10	3.84e-09	5.88e-08	6.87e-07	3.01e-04	1.51e-02	1.46e-01	2.64e-01	3.19e-01	1.91e-01	4.52e-02	1.08e-02	7.14e-03	3.59e-04	5.94e-06
 6.61061e+22	4.57e-21	2.49e-13	1.35e-10	4.73e-09	7.00e-08	7.92e-07	3.34e-04	1.63e-02	1.54e-01	2.70e-01	3.16e-01	1.85e-01	4.25e-02	9.89e-03	6.40e-03	3.10e-04	4.95e-06
 6.63141e+22	7.01e-21	3.58e-13	1.86e-10	6.24e-09	8.82e-08	9.57e-07	3.84e-04	1.81e-02	1.64e-01	2.76e-01	3.11e-01	1.76e-01	3.90e-02	8.82e-03	5.51e-03	2.54e-04	3.86e-06
 6.65261e+22	9.86e-21	4.79e-13	2.41e-10	7.79e-09	1.06e-07	1.11e-06	4.29e-04	1.97e-02	1.73e-01	2.81e-01	3.07e-01	1.70e-01	3.64e-02	8.04e-03	4.88e-03	2.16e-04	3.16e-06
 6.67433e+22	1.55e-20	7.00e-13	3.38e-10	1.04e-08	1.35e-07	1.36e-06	4.97e-04	2.20e-02	1.85e-01	2.87e-01	3.00e-01	1.61e-01	3.32e-02	7.10e-03	4.16e-03	1.74e-04	2.42e-06
 6.69649e+22	2.22e-20	9.49e-13	4.43e-10	1.32e-08	1.65e-07	1.60e-06	5.60e-04	2.40e-02	1.95e-01	2.91e-01	2.95e-01	1.54e-01	3.07e-02	6.42e-03	3.64e-03	1.47e-04	1.95e-06
 6.71922e+22	3.56e-20	1.41e-12	6.32e-10	1.79e-08	2.14e-07	1.99e-06	6.56e-04	2.69e-02	2.08e-01	2.97e-01	2.87e-01	1.45e-01	2.77e-02	5.61e-03	3.06e-03	1.16e-04	1.46e-06
 6.74214e+22	5.16e-20	1.93e-12	8.33e-10	2.28e-08	2.62e-07	2.36e-06	7.43e-04	2.94e-02	2.19e-01	3.00e-01	2.80e-01	1.38e-01	2.55e-02	5.04e-03	2.66e-03	9.66e-05	1.16e-06
 6.76140e+22	7.25e-20	2.55e-12	1.07e-09	2.84e-08	3.16e-07	2.76e-06	8.33e-04	3.20e-02	2.29e-01	3.03e-01	2.73e-01	1.31e-01	2.35e-02	4.55e-03	2.33e-03	8.14e-05	9.41e-07
 6.78227e+22	1.12e-19	3.65e-12	1.48e-09	3.76e-08	4.01e-07	3.38e-06	9.66e-04	3.56e-02	2.43e-01	3.06e-01	2.65e-01	1.23e-01	2.12e-02	4.00e-03	1.97e-03	6.52e-05	7.15e-07
 6.80331e+22	1.59e-19	4.85e-12	1.90e-09	4.70e-08	4.86e-07	3.98e-06	1.09e-03	3.87e-02	2.54e-01	3.07e-01	2.57e-01	1.17e-01	1.95e-02	3.59e-03	1.72e-03	5.45e-05	5.72e-07
 6.82389e+22	2.42e-19	6.80e-12	2.58e-09	6.15e-08	6.13e-07	4.86e-06	1.26e-03	4.29e-02	2.68e-01	3.09e-01	2.48e-01	1.09e-01	1.75e-02	3.15e-03	1.45e-03	4.37e-05	4.36e-07
 6.84489e+22	3.50e-19	9.08e-12	3.35e-09	7.77e-08	7.50e-07	5.78e-06	1.43e-03	4.70e-02	2.80e-01	3.09e-01	2.40e-01	1.03e-01	1.60e-02	2.80e-03	1.25e-03	3.60e-05	3.44e-07
