#depth	H	H+	H2
 4.62852e+21	4.32e-08	1.00e+00	2.54e-35
 1.03784e+22	8.28e-08	1.00e+00	3.04e-34
 1.19680e+22	1.18e-07	1.00e+00	9.93e-34
 1.26704e+22	1.42e-07	1.00e+00	1.79e-33
 1.29631e+22	1.49e-07	1.00e+00	2.07e-33
 1.30686e+22	1.54e-07	1.00e+00	2.33e-33
 1.31743e+22	1.61e-07	1.00e+00	2.67e-33
 1.32825e+22	1.67e-07	1.00e+00	3.00e-33
 1.33951e+22	1.75e-07	1.00e+00	3.48e-33
 1.35093e+22	1.82e-07	1.00e+00	3.90e-33
 1.36267e+22	1.91e-07	1.00e+00	4.52e-33
 1.37442e+22	1.98e-07	1.00e+00	5.06e-33
 1.38618e+22	2.07e-07	1.00e+00	5.85e-33
 1.39818e+22	2.14e-07	1.00e+00	6.53e-33
 1.41051e+22	2.25e-07	1.00e+00	7.57e-33
 1.42245e+22	2.32e-07	1.00e+00	8.35e-33
 1.43388e+22	2.42e-07	1.00e+00	9.52e-33
 1.44564e+22	2.49e-07	1.00e+00	1.06e-32
 1.45783e+22	2.61e-07	1.00e+00	1.21e-32
 1.47016e+22	2.69e-07	1.00e+00	1.34e-32
 1.48270e+22	2.81e-07	1.00e+00	1.53e-32
 1.49513e+22	2.89e-07	1.00e+00	1.69e-32
 1.50744e+22	3.02e-07	1.00e+00	1.93e-32
 1.51986e+22	3.11e-07	1.00e+00	2.13e-32
 1.53244e+22	3.24e-07	1.00e+00	2.43e-32
 1.54527e+22	3.34e-07	1.00e+00	2.68e-32
 1.55841e+22	3.48e-07	1.00e+00	3.06e-32
 1.57179e+22	3.59e-07	1.00e+00	1.66e-32
 1.58549e+22	3.74e-07	1.00e+00	1.90e-32
 1.59944e+22	3.86e-07	1.00e+00	2.11e-32
 1.61372e+22	4.03e-07	1.00e+00	2.42e-32
 1.62768e+22	4.14e-07	1.00e+00	2.66e-32
 1.64122e+22	4.31e-07	1.00e+00	3.03e-32
 1.65498e+22	4.43e-07	1.00e+00	3.33e-32
 1.66901e+22	4.60e-07	1.00e+00	3.79e-32
 1.68349e+22	4.75e-07	1.00e+00	4.20e-32
 1.69853e+22	4.94e-07	1.00e+00	4.78e-32
 1.71407e+22	5.10e-07	1.00e+00	5.34e-32
 1.73025e+22	5.31e-07	1.00e+00	6.13e-32
 1.74688e+22	5.49e-07	1.00e+00	6.88e-32
 1.76409e+22	5.72e-07	1.00e+00	7.95e-32
 1.78187e+22	5.93e-07	1.00e+00	8.98e-32
 1.80041e+22	6.19e-07	1.00e+00	1.05e-31
 1.81941e+22	6.41e-07	1.00e+00	1.19e-31
 1.83646e+22	6.63e-07	1.00e+00	1.34e-31
 1.85605e+22	6.96e-07	1.00e+00	1.59e-31
 1.87576e+22	7.20e-07	1.00e+00	1.79e-31
 1.89563e+22	7.54e-07	1.00e+00	2.11e-31
 1.91592e+22	7.83e-07	1.00e+00	2.29e-31
 1.93676e+22	8.22e-07	1.00e+00	2.68e-31
 1.95792e+22	8.55e-07	1.00e+00	3.07e-31
 1.97950e+22	9.01e-07	1.00e+00	3.66e-31
 1.99989e+22	9.31e-07	1.00e+00	4.11e-31
 2.01876e+22	9.77e-07	1.00e+00	4.80e-31
 2.03777e+22	1.01e-06	1.00e+00	5.38e-31
 2.05699e+22	1.06e-06	1.00e+00	6.29e-31
 2.07639e+22	1.10e-06	1.00e+00	7.08e-31
 2.09602e+22	1.16e-06	1.00e+00	8.28e-31
 2.11592e+22	1.21e-06	1.00e+00	9.33e-31
 2.13617e+22	1.28e-06	1.00e+00	1.09e-30
 2.15669e+22	1.34e-06	1.00e+00	1.23e-30
 2.17757e+22	1.42e-06	1.00e+00	1.44e-30
 2.19890e+22	1.48e-06	1.00e+00	1.64e-30
 2.22081e+22	1.58e-06	1.00e+00	1.92e-30
 2.24315e+22	1.67e-06	1.00e+00	2.19e-30
 2.26534e+22	1.78e-06	1.00e+00	2.54e-30
 2.28642e+22	1.86e-06	1.00e+00	2.83e-30
 2.30678e+22	1.98e-06	1.00e+00	3.24e-30
 2.32753e+22	2.09e-06	1.00e+00	3.62e-30
 2.34789e+22	2.22e-06	1.00e+00	4.10e-30
 2.36867e+22	2.34e-06	1.00e+00	4.56e-30
 2.38892e+22	2.49e-06	1.00e+00	5.06e-30
 2.40958e+22	2.63e-06	1.00e+00	5.60e-30
 2.43005e+22	2.79e-06	1.00e+00	6.19e-30
 2.45062e+22	2.96e-06	1.00e+00	6.83e-30
 2.47096e+22	3.14e-06	1.00e+00	7.52e-30
 2.49125e+22	3.32e-06	1.00e+00	8.27e-30
 2.51159e+22	3.52e-06	1.00e+00	9.11e-30
 2.53201e+22	3.73e-06	1.00e+00	1.00e-29
 2.55255e+22	3.95e-06	1.00e+00	1.11e-29
 2.57328e+22	4.18e-06	1.00e+00	1.23e-29
 2.59426e+22	4.44e-06	1.00e+00	1.37e-29
 2.61534e+22	4.70e-06	1.00e+00	1.54e-29
 2.63677e+22	4.98e-06	1.00e+00	1.74e-29
 2.65845e+22	5.27e-06	1.00e+00	2.02e-29
 2.68055e+22	5.60e-06	1.00e+00	2.33e-29
 2.70112e+22	5.87e-06	1.00e+00	2.63e-29
 2.72230e+22	6.25e-06	1.00e+00	3.10e-29
 2.74383e+22	6.56e-06	1.00e+00	3.56e-29
 2.76584e+22	6.99e-06	1.00e+00	4.29e-29
 2.78795e+22	7.32e-06	1.00e+00	4.98e-29
 2.81018e+22	7.79e-06	1.00e+00	6.09e-29
 2.83256e+22	8.16e-06	1.00e+00	7.16e-29
 2.85512e+22	8.68e-06	1.00e+00	8.88e-29
 2.87786e+22	9.09e-06	1.00e+00	1.05e-28
 2.90086e+22	9.66e-06	1.00e+00	1.32e-28
 2.92414e+22	1.01e-05	1.00e+00	1.58e-28
 2.94780e+22	1.08e-05	1.00e+00	2.01e-28
 2.97185e+22	1.13e-05	1.00e+00	2.43e-28
 2.99641e+22	1.20e-05	1.00e+00	3.13e-28
 3.02149e+22	1.26e-05	1.00e+00	3.83e-28
 3.04723e+22	1.35e-05	1.00e+00	4.99e-28
 3.07361e+22	1.41e-05	1.00e+00	6.17e-28
 3.09584e+22	1.48e-05	1.00e+00	7.45e-28
 3.11978e+22	1.57e-05	1.00e+00	9.52e-28
 3.14406e+22	1.64e-05	1.00e+00	1.15e-27
 3.16507e+22	1.71e-05	1.00e+00	1.39e-27
 3.18865e+22	1.81e-05	1.00e+00	1.76e-27
 3.21215e+22	1.88e-05	1.00e+00	2.11e-27
 3.23554e+22	1.99e-05	1.00e+00	2.67e-27
 3.25925e+22	2.07e-05	1.00e+00	3.21e-27
 3.28339e+22	2.19e-05	1.00e+00	4.09e-27
 3.30794e+22	2.29e-05	1.00e+00	4.93e-27
 3.33304e+22	2.42e-05	1.00e+00	6.34e-27
 3.35851e+22	2.53e-05	1.00e+00	7.69e-27
 3.38447e+22	2.68e-05	1.00e+00	9.93e-27
 3.41105e+22	2.80e-05	1.00e+00	1.22e-26
 3.43843e+22	2.98e-05	1.00e+00	1.59e-26
 3.46652e+22	3.12e-05	1.00e+00	1.97e-26
 3.49555e+22	3.32e-05	1.00e+00	2.60e-26
 3.52483e+22	3.49e-05	1.00e+00	3.22e-26
 3.55444e+22	3.71e-05	1.00e+00	4.27e-26
 3.58446e+22	3.89e-05	1.00e+00	5.33e-26
 3.61500e+22	4.16e-05	1.00e+00	7.12e-26
 3.64470e+22	4.35e-05	1.00e+00	8.74e-26
 3.67331e+22	4.61e-05	1.00e+00	1.14e-25
 3.70321e+22	4.85e-05	1.00e+00	1.43e-25
 3.72853e+22	5.06e-05	1.00e+00	1.74e-25
 3.75518e+22	5.33e-05	1.00e+00	2.21e-25
 3.78261e+22	5.58e-05	1.00e+00	2.72e-25
 3.80707e+22	5.82e-05	1.00e+00	3.31e-25
 3.83488e+22	6.14e-05	1.00e+00	4.24e-25
 3.86388e+22	6.45e-05	1.00e+00	5.29e-25
 3.88999e+22	6.75e-05	1.00e+00	6.52e-25
 3.91951e+22	7.15e-05	1.00e+00	8.46e-25
 3.95022e+22	7.52e-05	1.00e+00	1.07e-24
 3.97779e+22	7.89e-05	1.00e+00	1.33e-24
 4.00896e+22	8.37e-05	1.00e+00	1.75e-24
 4.04113e+22	8.83e-05	1.00e+00	2.23e-24
 4.06982e+22	9.27e-05	1.00e+00	2.80e-24
 4.10232e+22	9.86e-05	1.00e+00	3.72e-24
 4.13599e+22	1.04e-04	1.00e+00	4.79e-24
 4.16619e+22	1.10e-04	1.00e+00	6.08e-24
 4.20047e+22	1.17e-04	1.00e+00	8.24e-24
 4.23586e+22	1.24e-04	1.00e+00	1.07e-23
 4.26783e+22	1.31e-04	1.00e+00	1.38e-23
 4.30454e+22	1.41e-04	1.00e+00	1.91e-23
 4.34150e+22	1.49e-04	1.00e+00	2.49e-23
 4.37877e+22	1.59e-04	1.00e+00	3.44e-23
 4.41688e+22	1.69e-04	1.00e+00	4.55e-23
 4.45042e+22	1.79e-04	1.00e+00	5.92e-23
 4.48837e+22	1.93e-04	1.00e+00	8.33e-23
 4.52721e+22	2.05e-04	1.00e+00	1.10e-22
 4.56719e+22	2.21e-04	1.00e+00	1.52e-22
 4.60780e+22	2.35e-04	1.00e+00	2.04e-22
 4.64382e+22	2.50e-04	1.00e+00	2.73e-22
 4.68520e+22	2.71e-04	1.00e+00	3.98e-22
 4.72717e+22	2.88e-04	1.00e+00	5.36e-22
 4.76365e+22	3.07e-04	1.00e+00	7.18e-22
 4.79844e+22	3.24e-04	1.00e+00	9.44e-22
 4.83155e+22	3.43e-04	1.00e+00	1.23e-21
 4.86884e+22	3.67e-04	1.00e+00	1.74e-21
 4.90609e+22	3.88e-04	1.00e+00	2.30e-21
 4.94328e+22	4.16e-04	1.00e+00	3.27e-21
 4.98115e+22	4.41e-04	1.00e+00	4.41e-21
 5.01989e+22	4.74e-04	1.00e+00	6.42e-21
 5.05902e+22	5.02e-04	9.99e-01	8.84e-21
 5.09866e+22	5.42e-04	9.99e-01	1.34e-20
 5.13823e+22	5.73e-04	9.99e-01	1.83e-20
 5.16997e+22	6.02e-04	9.99e-01	2.43e-20
 5.20349e+22	6.39e-04	9.99e-01	3.42e-20
 5.23749e+22	6.72e-04	9.99e-01	4.59e-20
 5.26740e+22	7.06e-04	9.99e-01	6.04e-20
 5.30156e+22	7.50e-04	9.99e-01	8.70e-20
 5.33613e+22	7.90e-04	9.99e-01	1.19e-19
 5.36641e+22	8.30e-04	9.99e-01	1.59e-19
 5.40094e+22	8.84e-04	9.99e-01	2.44e-19
 5.43575e+22	9.28e-04	9.99e-01	3.28e-19
 5.47092e+22	9.87e-04	9.99e-01	5.06e-19
 5.50663e+22	1.04e-03	9.99e-01	7.56e-19
 5.53805e+22	1.09e-03	9.99e-01	1.08e-18
 5.56843e+22	1.15e-03	9.99e-01	1.60e-18
 5.60246e+22	1.22e-03	9.99e-01	2.82e-18
 5.63840e+22	1.28e-03	9.99e-01	5.13e-18
 5.67177e+22	1.35e-03	9.99e-01	8.92e-18
 5.71008e+22	1.45e-03	9.99e-01	2.55e-17
 5.74853e+22	1.53e-03	9.98e-01	5.17e-17
 5.78717e+22	1.63e-03	9.98e-01	1.34e-16
 5.82687e+22	1.73e-03	9.98e-01	2.75e-16
 5.86796e+22	1.85e-03	9.98e-01	4.92e-16
 5.90980e+22	1.97e-03	9.98e-01	7.50e-16
 5.95261e+22	2.11e-03	9.98e-01	1.15e-15
 5.98983e+22	2.21e-03	9.98e-01	1.48e-15
 6.01579e+22	2.29e-03	9.98e-01	1.88e-15
 6.04552e+22	2.41e-03	9.98e-01	2.36e-15
 6.07647e+22	2.52e-03	9.97e-01	2.88e-15
 6.10900e+22	2.66e-03	9.97e-01	3.72e-15
 6.14140e+22	2.78e-03	9.97e-01	4.42e-15
 6.17363e+22	2.93e-03	9.97e-01	5.42e-15
 6.20689e+22	3.07e-03	9.97e-01	6.49e-15
 6.23663e+22	3.21e-03	9.97e-01	7.68e-15
 6.27045e+22	3.39e-03	9.97e-01	9.48e-15
 6.30528e+22	3.56e-03	9.96e-01	1.14e-14
 6.33668e+22	3.73e-03	9.96e-01	1.36e-14
 6.37279e+22	3.96e-03	9.96e-01	1.71e-14
 6.40947e+22	4.16e-03	9.96e-01	2.05e-14
 6.44690e+22	4.42e-03	9.96e-01	2.59e-14
 6.48516e+22	4.65e-03	9.95e-01	3.15e-14
 6.52451e+22	4.95e-03	9.95e-01	4.00e-14
 6.56489e+22	5.23e-03	9.95e-01	4.92e-14
 6.60663e+22	5.59e-03	9.94e-01	6.35e-14
 6.64886e+22	5.91e-03	9.94e-01	7.85e-14
 6.69173e+22	6.32e-03	9.94e-01	1.02e-13
 6.73528e+22	6.69e-03	9.93e-01	1.28e-13
 6.77972e+22	7.19e-03	9.93e-01	1.69e-13
 6.82456e+22	7.59e-03	9.92e-01	2.10e-13
 6.86994e+22	8.18e-03	9.92e-01	2.80e-13
 6.91619e+22	8.66e-03	9.91e-01	3.51e-13
 6.96359e+22	9.35e-03	9.91e-01	4.73e-13
 7.01235e+22	9.93e-03	9.90e-01	6.02e-13
 7.06289e+22	1.08e-02	9.89e-01	8.35e-13
 7.11464e+22	1.15e-02	9.88e-01	1.07e-12
 7.16798e+22	1.26e-02	9.87e-01	1.51e-12
 7.22315e+22	1.35e-02	9.86e-01	2.00e-12
 7.28070e+22	1.50e-02	9.85e-01	2.91e-12
 7.34075e+22	1.62e-02	9.84e-01	3.99e-12
 7.40278e+22	1.82e-02	9.82e-01	6.04e-12
 7.45654e+22	1.93e-02	9.81e-01	7.58e-12
 7.50084e+22	2.10e-02	9.79e-01	1.03e-11
 7.54769e+22	2.28e-02	9.77e-01	1.37e-11
 7.59786e+22	2.54e-02	9.75e-01	2.00e-11
 7.64890e+22	2.79e-02	9.72e-01	2.76e-11
 7.70107e+22	3.19e-02	9.68e-01	4.23e-11
 7.75530e+22	3.62e-02	9.64e-01	6.27e-11
 7.79834e+22	4.04e-02	9.60e-01	8.68e-11
 7.83446e+22	4.49e-02	9.55e-01	1.19e-10
 7.87546e+22	5.20e-02	9.48e-01	1.80e-10
 7.91894e+22	6.09e-02	9.39e-01	2.75e-10
 7.95746e+22	7.14e-02	9.29e-01	4.16e-10
 7.99269e+22	8.42e-02	9.16e-01	6.29e-10
 8.02557e+22	9.99e-02	9.00e-01	9.51e-10
 8.05608e+22	1.19e-01	8.81e-01	1.44e-09
 8.08398e+22	1.43e-01	8.57e-01	2.16e-09
 8.10920e+22	1.70e-01	8.30e-01	3.18e-09
 8.13208e+22	2.01e-01	7.99e-01	4.59e-09
 8.15292e+22	2.36e-01	7.64e-01	6.46e-09
 8.16608e+22	2.60e-01	7.40e-01	7.83e-09
 8.17105e+22	2.70e-01	7.30e-01	8.45e-09
 8.17507e+22	2.79e-01	7.21e-01	9.06e-09
 8.18025e+22	2.91e-01	7.09e-01	9.87e-09
 8.18646e+22	3.06e-01	6.94e-01	1.10e-08
 8.19273e+22	3.21e-01	6.79e-01	1.22e-08
 8.19853e+22	3.35e-01	6.65e-01	1.33e-08
 8.20445e+22	3.51e-01	6.49e-01	1.47e-08
 8.21056e+22	3.67e-01	6.33e-01	1.60e-08
 8.21686e+22	3.84e-01	6.16e-01	1.77e-08
 8.22344e+22	4.03e-01	5.97e-01	1.95e-08
 8.22991e+22	4.22e-01	5.78e-01	2.15e-08
 8.23633e+22	4.41e-01	5.59e-01	2.35e-08
 8.24291e+22	4.60e-01	5.40e-01	2.56e-08
 8.25002e+22	4.81e-01	5.19e-01	2.81e-08
 8.25758e+22	5.04e-01	4.96e-01	3.09e-08
 8.26509e+22	5.27e-01	4.73e-01	3.38e-08
 8.27095e+22	5.43e-01	4.57e-01	3.57e-08
 8.27481e+22	5.54e-01	4.46e-01	3.71e-08
 8.27852e+22	5.65e-01	4.35e-01	3.86e-08
 8.28285e+22	5.77e-01	4.23e-01	4.04e-08
 8.28756e+22	5.90e-01	4.10e-01	4.22e-08
 8.29222e+22	6.02e-01	3.98e-01	4.40e-08
 8.29677e+22	6.14e-01	3.86e-01	4.57e-08
 8.30137e+22	6.26e-01	3.74e-01	4.74e-08
 8.30610e+22	6.38e-01	3.62e-01	4.92e-08
 8.31095e+22	6.50e-01	3.50e-01	5.11e-08
 8.31580e+22	6.60e-01	3.40e-01	5.27e-08
 8.32075e+22	6.72e-01	3.28e-01	5.45e-08
 8.32590e+22	6.83e-01	3.17e-01	5.64e-08
 8.33105e+22	6.94e-01	3.06e-01	5.83e-08
 8.33620e+22	7.04e-01	2.96e-01	5.99e-08
 8.34154e+22	7.14e-01	2.86e-01	6.18e-08
 8.34713e+22	7.25e-01	2.75e-01	6.37e-08
 8.35274e+22	7.35e-01	2.65e-01	6.55e-08
 8.35842e+22	7.44e-01	2.56e-01	6.72e-08
 8.36433e+22	7.53e-01	2.47e-01	6.91e-08
 8.37046e+22	7.63e-01	2.37e-01	7.10e-08
 8.37669e+22	7.72e-01	2.28e-01	7.28e-08
 8.38305e+22	7.80e-01	2.20e-01	7.46e-08
 8.38966e+22	7.89e-01	2.11e-01	7.67e-08
 8.39641e+22	7.97e-01	2.03e-01	7.84e-08
 8.40341e+22	8.05e-01	1.95e-01	8.03e-08
 8.41074e+22	8.13e-01	1.87e-01	8.23e-08
 8.41818e+22	8.20e-01	1.80e-01	8.43e-08
 8.42575e+22	8.27e-01	1.73e-01	8.63e-08
 8.43355e+22	8.34e-01	1.66e-01	8.86e-08
 8.44152e+22	8.41e-01	1.59e-01	9.07e-08
 8.44957e+22	8.47e-01	1.53e-01	9.29e-08
 8.45778e+22	8.53e-01	1.47e-01	9.51e-08
 8.46619e+22	8.59e-01	1.41e-01	9.75e-08
 8.47464e+22	8.65e-01	1.35e-01	9.99e-08
 8.48317e+22	8.70e-01	1.30e-01	1.02e-07
 8.49192e+22	8.75e-01	1.25e-01	1.05e-07
 8.50079e+22	8.80e-01	1.20e-01	1.08e-07
 8.50975e+22	8.84e-01	1.16e-01	1.10e-07
 8.51898e+22	8.88e-01	1.12e-01	1.13e-07
 8.52846e+22	8.93e-01	1.07e-01	1.17e-07
 8.53807e+22	8.97e-01	1.03e-01	1.20e-07
 8.54779e+22	9.00e-01	9.95e-02	1.24e-07
 8.55782e+22	9.04e-01	9.58e-02	1.29e-07
 8.56810e+22	9.08e-01	9.22e-02	1.33e-07
 8.57828e+22	9.11e-01	8.89e-02	1.38e-07
 8.58803e+22	9.14e-01	8.60e-02	1.43e-07
 8.59707e+22	9.17e-01	8.34e-02	1.47e-07
 8.60544e+22	9.19e-01	8.11e-02	1.51e-07
 8.61314e+22	9.21e-01	7.91e-02	1.55e-07
 8.62057e+22	9.23e-01	7.72e-02	1.59e-07
 8.62801e+22	9.25e-01	7.54e-02	1.64e-07
 8.63533e+22	9.26e-01	7.35e-02	1.69e-07
 8.64232e+22	9.28e-01	7.18e-02	1.74e-07
 8.64871e+22	9.30e-01	7.03e-02	1.79e-07
 8.65496e+22	9.31e-01	6.88e-02	1.84e-07
 8.66112e+22	9.33e-01	6.74e-02	1.89e-07
 8.66697e+22	9.34e-01	6.61e-02	1.95e-07
 8.67276e+22	9.35e-01	6.48e-02	2.01e-07
 8.67832e+22	9.36e-01	6.35e-02	2.06e-07
 8.68355e+22	9.38e-01	6.24e-02	2.12e-07
 8.68877e+22	9.39e-01	6.12e-02	2.19e-07
 8.69379e+22	9.40e-01	6.01e-02	2.25e-07
 8.69833e+22	9.41e-01	5.91e-02	2.31e-07
 8.70246e+22	9.42e-01	5.83e-02	2.37e-07
 8.70622e+22	9.43e-01	5.74e-02	2.43e-07
 8.70964e+22	9.43e-01	5.67e-02	2.48e-07
 8.71275e+22	9.44e-01	5.61e-02	2.52e-07
 8.71559e+22	9.44e-01	5.55e-02	2.56e-07
 8.71816e+22	9.45e-01	5.50e-02	2.61e-07
 8.72051e+22	9.45e-01	5.46e-02	2.64e-07
 8.72308e+22	9.46e-01	5.40e-02	2.67e-07
 8.72642e+22	9.47e-01	5.32e-02	2.73e-07
 8.73003e+22	9.48e-01	5.23e-02	2.78e-07
 8.73331e+22	9.48e-01	5.16e-02	2.82e-07
 8.73630e+22	9.49e-01	5.10e-02	2.86e-07
 8.73902e+22	9.50e-01	5.05e-02	2.89e-07
 8.74149e+22	9.50e-01	5.00e-02	2.92e-07
 8.74421e+22	9.51e-01	4.94e-02	2.94e-07
 8.74713e+22	9.51e-01	4.88e-02	2.97e-07
 8.74980e+22	9.52e-01	4.83e-02	2.99e-07
 8.75272e+22	9.52e-01	4.78e-02	3.02e-07
 8.75587e+22	9.53e-01	4.72e-02	3.04e-07
 8.75873e+22	9.53e-01	4.67e-02	3.05e-07
 8.76134e+22	9.54e-01	4.64e-02	3.07e-07
 8.76420e+22	9.54e-01	4.59e-02	3.08e-07
 8.76792e+22	9.55e-01	4.51e-02	3.09e-07
 8.77193e+22	9.56e-01	4.44e-02	3.11e-07
 8.77558e+22	9.56e-01	4.38e-02	3.12e-07
 8.77891e+22	9.57e-01	4.33e-02	3.12e-07
 8.78193e+22	9.57e-01	4.29e-02	3.12e-07
 8.78468e+22	9.58e-01	4.24e-02	3.12e-07
 8.78719e+22	9.58e-01	4.22e-02	3.12e-07
 8.78993e+22	9.58e-01	4.17e-02	3.11e-07
 8.79289e+22	9.59e-01	4.12e-02	3.10e-07
 8.79559e+22	9.59e-01	4.08e-02	3.09e-07
 8.79804e+22	9.60e-01	4.04e-02	3.08e-07
 8.80027e+22	9.60e-01	4.01e-02	3.08e-07
 8.80272e+22	9.60e-01	3.97e-02	3.07e-07
 8.80536e+22	9.61e-01	3.93e-02	3.06e-07
 8.80776e+22	9.61e-01	3.90e-02	3.06e-07
 8.81040e+22	9.61e-01	3.85e-02	3.04e-07
 8.81324e+22	9.62e-01	3.81e-02	3.03e-07
 8.81583e+22	9.62e-01	3.77e-02	3.01e-07
 8.81818e+22	9.63e-01	3.74e-02	3.01e-07
 8.82076e+22	9.63e-01	3.71e-02	3.00e-07
 8.82355e+22	9.63e-01	3.67e-02	2.98e-07
 8.82660e+22	9.64e-01	3.62e-02	2.96e-07
 8.82989e+22	9.64e-01	3.57e-02	2.95e-07
 8.83289e+22	9.65e-01	3.53e-02	2.94e-07
 8.83562e+22	9.65e-01	3.50e-02	2.93e-07
 8.83810e+22	9.65e-01	3.48e-02	2.92e-07
 8.84082e+22	9.66e-01	3.44e-02	2.90e-07
 8.84436e+22	9.66e-01	3.38e-02	2.88e-07
 8.84818e+22	9.67e-01	3.34e-02	2.87e-07
 8.85165e+22	9.67e-01	3.30e-02	2.86e-07
 8.85546e+22	9.67e-01	3.25e-02	2.85e-07
 8.85957e+22	9.68e-01	3.20e-02	2.84e-07
 8.86331e+22	9.68e-01	3.17e-02	2.82e-07
 8.86672e+22	9.69e-01	3.13e-02	2.81e-07
 8.86981e+22	9.69e-01	3.11e-02	2.81e-07
 8.87321e+22	9.69e-01	3.07e-02	2.78e-07
 8.87762e+22	9.70e-01	3.02e-02	2.77e-07
 8.88238e+22	9.70e-01	2.97e-02	2.76e-07
 8.88672e+22	9.71e-01	2.93e-02	2.75e-07
 8.89066e+22	9.71e-01	2.89e-02	2.74e-07
 8.89425e+22	9.71e-01	2.87e-02	2.72e-07
 8.89819e+22	9.72e-01	2.83e-02	2.71e-07
 8.90244e+22	9.72e-01	2.79e-02	2.70e-07
 8.90630e+22	9.72e-01	2.75e-02	2.68e-07
 8.90982e+22	9.73e-01	2.73e-02	2.68e-07
 8.91367e+22	9.73e-01	2.70e-02	2.66e-07
 8.91783e+22	9.73e-01	2.66e-02	2.65e-07
 8.92162e+22	9.74e-01	2.64e-02	2.65e-07
 8.92577e+22	9.74e-01	2.60e-02	2.63e-07
 8.93024e+22	9.74e-01	2.56e-02	2.63e-07
 8.93432e+22	9.75e-01	2.53e-02	2.61e-07
 8.93803e+22	9.75e-01	2.51e-02	2.61e-07
 8.94209e+22	9.75e-01	2.48e-02	2.60e-07
 8.94648e+22	9.76e-01	2.44e-02	2.60e-07
 8.95047e+22	9.76e-01	2.42e-02	2.59e-07
 8.95485e+22	9.76e-01	2.39e-02	2.58e-07
 8.95957e+22	9.76e-01	2.35e-02	2.58e-07
 8.96387e+22	9.77e-01	2.32e-02	2.57e-07
 8.96778e+22	9.77e-01	2.30e-02	2.57e-07
 8.97207e+22	9.77e-01	2.27e-02	2.56e-07
 8.97669e+22	9.78e-01	2.24e-02	2.56e-07
 8.98091e+22	9.78e-01	2.22e-02	2.56e-07
 8.98552e+22	9.78e-01	2.19e-02	2.55e-07
 8.99050e+22	9.78e-01	2.16e-02	2.55e-07
 8.99503e+22	9.79e-01	2.13e-02	2.55e-07
 9.00000e+22	9.79e-01	2.10e-02	2.54e-07
 9.00536e+22	9.79e-01	2.07e-02	2.54e-07
 9.01024e+22	9.80e-01	2.04e-02	2.54e-07
 9.01559e+22	9.80e-01	2.01e-02	2.53e-07
 9.02136e+22	9.80e-01	1.98e-02	2.54e-07
 9.02662e+22	9.80e-01	1.95e-02	2.53e-07
 9.03140e+22	9.81e-01	1.94e-02	2.52e-07
 9.03664e+22	9.81e-01	1.91e-02	2.51e-07
 9.04229e+22	9.81e-01	1.88e-02	2.51e-07
 9.04744e+22	9.81e-01	1.86e-02	2.51e-07
 9.05308e+22	9.82e-01	1.83e-02	2.51e-07
 9.05917e+22	9.82e-01	1.80e-02	2.51e-07
 9.06471e+22	9.82e-01	1.78e-02	2.51e-07
 9.07078e+22	9.83e-01	1.75e-02	2.50e-07
 9.07733e+22	9.83e-01	1.71e-02	2.50e-07
 9.08330e+22	9.83e-01	1.69e-02	2.50e-07
 9.08983e+22	9.83e-01	1.67e-02	2.49e-07
 9.09689e+22	9.84e-01	1.64e-02	2.50e-07
 9.10331e+22	9.84e-01	1.61e-02	2.49e-07
 9.10915e+22	9.84e-01	1.59e-02	2.49e-07
 9.11555e+22	9.84e-01	1.57e-02	2.48e-07
 9.12247e+22	9.85e-01	1.54e-02	2.48e-07
 9.12876e+22	9.85e-01	1.52e-02	2.48e-07
 9.13565e+22	9.85e-01	1.50e-02	2.47e-07
 9.14309e+22	9.85e-01	1.47e-02	2.48e-07
 9.14986e+22	9.86e-01	1.45e-02	2.48e-07
 9.15728e+22	9.86e-01	1.42e-02	2.47e-07
 9.16529e+22	9.86e-01	1.39e-02	2.48e-07
 9.17258e+22	9.86e-01	1.37e-02	2.47e-07
 9.17921e+22	9.86e-01	1.35e-02	2.47e-07
 9.18648e+22	9.87e-01	1.33e-02	2.47e-07
 9.19433e+22	9.87e-01	1.31e-02	2.47e-07
 9.20147e+22	9.87e-01	1.29e-02	2.47e-07
 9.20930e+22	9.87e-01	1.27e-02	2.47e-07
 9.21775e+22	9.88e-01	1.24e-02	2.47e-07
 9.22543e+22	9.88e-01	1.22e-02	2.47e-07
 9.23386e+22	9.88e-01	1.20e-02	2.47e-07
 9.24295e+22	9.88e-01	1.18e-02	2.47e-07
 9.25123e+22	9.88e-01	1.16e-02	2.47e-07
 9.25610e+22	9.88e-01	1.15e-02	2.47e-07
