#depth	S	S+	S+2	S+3	S+4	S+5	S+6	S+7	S+8	S+9	S+10	S+11	S+12	S+13	S+14	S+15	S+16
 4.62852e+21	0.00e+00	3.32e-25	3.92e-21	4.69e-18	2.71e-15	1.00e-12	1.20e-09	1.52e-07	7.09e-06	1.25e-04	1.37e-03	7.07e-03	2.06e-02	6.38e-02	4.24e-01	3.77e-01	1.06e-01
 1.03784e+22	0.00e+00	1.96e-22	1.22e-18	7.28e-16	2.04e-13	3.55e-11	4.58e-08	4.81e-06	1.67e-04	1.90e-03	1.37e-02	4.32e-02	7.05e-02	1.19e-01	4.73e-01	2.40e-01	3.90e-02
 1.19680e+22	0.00e+00	4.05e-21	1.75e-17	6.88e-15	1.25e-12	1.44e-10	2.20e-07	2.24e-05	6.85e-04	6.22e-03	3.65e-02	9.08e-02	1.12e-01	1.39e-01	4.30e-01	1.64e-01	2.02e-02
 1.26704e+22	3.70e-34	1.81e-20	6.49e-17	2.04e-14	2.96e-12	2.74e-10	4.54e-07	4.59e-05	1.32e-03	1.06e-02	5.60e-02	1.25e-01	1.34e-01	1.43e-01	3.89e-01	1.28e-01	1.36e-02
 1.29631e+22	5.69e-34	2.59e-20	8.88e-17	2.65e-14	3.63e-12	3.20e-10	5.37e-07	5.42e-05	1.53e-03	1.20e-02	6.17e-02	1.33e-01	1.39e-01	1.43e-01	3.78e-01	1.20e-01	1.23e-02
 1.30686e+22	8.08e-34	3.48e-20	1.15e-16	3.27e-14	4.29e-12	3.62e-10	6.15e-07	6.20e-05	1.73e-03	1.33e-02	6.66e-02	1.41e-01	1.43e-01	1.43e-01	3.68e-01	1.13e-01	1.13e-02
 1.31743e+22	1.23e-33	4.94e-20	1.56e-16	4.21e-14	5.23e-12	4.21e-10	7.22e-07	7.26e-05	1.99e-03	1.49e-02	7.27e-02	1.50e-01	1.47e-01	1.42e-01	3.55e-01	1.06e-01	1.02e-02
 1.32825e+22	1.74e-33	6.63e-20	2.01e-16	5.21e-14	6.18e-12	4.77e-10	8.23e-07	8.27e-05	2.24e-03	1.63e-02	7.81e-02	1.58e-01	1.51e-01	1.41e-01	3.45e-01	9.97e-02	9.32e-03
 1.33951e+22	2.70e-33	9.60e-20	2.78e-16	6.80e-14	7.62e-12	5.58e-10	9.69e-07	9.72e-05	2.59e-03	1.83e-02	8.53e-02	1.68e-01	1.55e-01	1.40e-01	3.31e-01	9.21e-02	8.30e-03
 1.35093e+22	3.78e-33	1.28e-19	3.57e-16	8.37e-14	8.98e-12	6.32e-10	1.10e-06	1.10e-04	2.89e-03	2.00e-02	9.11e-02	1.75e-01	1.58e-01	1.39e-01	3.20e-01	8.65e-02	7.57e-03
 1.36267e+22	5.85e-33	1.85e-19	4.93e-16	1.10e-13	1.11e-11	7.42e-10	1.29e-06	1.29e-04	3.32e-03	2.23e-02	9.90e-02	1.85e-01	1.61e-01	1.37e-01	3.06e-01	7.95e-02	6.70e-03
 1.37442e+22	8.12e-33	2.44e-19	6.29e-16	1.34e-13	1.30e-11	8.39e-10	1.45e-06	1.45e-04	3.68e-03	2.42e-02	1.05e-01	1.93e-01	1.64e-01	1.35e-01	2.95e-01	7.45e-02	6.10e-03
 1.38618e+22	1.24e-32	3.50e-19	8.62e-16	1.74e-13	1.60e-11	9.80e-10	1.69e-06	1.68e-04	4.20e-03	2.68e-02	1.13e-01	2.02e-01	1.66e-01	1.33e-01	2.81e-01	6.83e-02	5.39e-03
 1.39818e+22	1.71e-32	4.61e-19	1.10e-15	2.13e-13	1.88e-11	1.11e-09	1.90e-06	1.87e-04	4.64e-03	2.89e-02	1.20e-01	2.09e-01	1.68e-01	1.30e-01	2.70e-01	6.38e-02	4.89e-03
 1.41051e+22	2.62e-32	6.64e-19	1.51e-15	2.78e-13	2.32e-11	1.30e-09	2.20e-06	2.17e-04	5.27e-03	3.19e-02	1.28e-01	2.19e-01	1.70e-01	1.27e-01	2.56e-01	5.81e-02	4.29e-03
 1.42245e+22	3.47e-32	8.43e-19	1.86e-15	3.32e-13	2.68e-11	1.45e-09	2.43e-06	2.38e-04	5.73e-03	3.40e-02	1.34e-01	2.25e-01	1.71e-01	1.25e-01	2.46e-01	5.45e-02	3.93e-03
 1.43388e+22	5.06e-32	1.16e-18	2.47e-15	4.20e-13	3.23e-11	1.68e-09	2.77e-06	2.70e-04	6.39e-03	3.69e-02	1.42e-01	2.33e-01	1.72e-01	1.22e-01	2.34e-01	5.00e-02	3.48e-03
 1.44564e+22	6.79e-32	1.50e-18	3.08e-15	5.06e-13	3.75e-11	1.89e-09	3.07e-06	2.98e-04	6.96e-03	3.94e-02	1.49e-01	2.39e-01	1.73e-01	1.20e-01	2.24e-01	4.66e-02	3.16e-03
 1.45783e+22	1.00e-31	2.09e-18	4.14e-15	6.46e-13	4.56e-11	2.19e-09	3.49e-06	3.38e-04	7.77e-03	4.28e-02	1.57e-01	2.46e-01	1.73e-01	1.16e-01	2.11e-01	4.24e-02	2.77e-03
 1.47016e+22	1.34e-31	2.68e-18	5.14e-15	7.76e-13	5.29e-11	2.46e-09	3.86e-06	3.72e-04	8.42e-03	4.54e-02	1.64e-01	2.52e-01	1.73e-01	1.13e-01	2.02e-01	3.95e-02	2.51e-03
 1.48270e+22	1.94e-31	3.70e-18	6.83e-15	9.86e-13	6.41e-11	2.86e-09	4.38e-06	4.19e-04	9.34e-03	4.91e-02	1.72e-01	2.58e-01	1.73e-01	1.10e-01	1.90e-01	3.58e-02	2.20e-03
 1.49513e+22	2.57e-31	4.70e-18	8.44e-15	1.18e-12	7.40e-11	3.20e-09	4.81e-06	4.58e-04	1.01e-02	5.19e-02	1.79e-01	2.63e-01	1.72e-01	1.07e-01	1.81e-01	3.33e-02	1.99e-03
 1.50744e+22	3.71e-31	6.44e-18	1.11e-14	1.49e-12	8.90e-11	3.69e-09	5.42e-06	5.14e-04	1.11e-02	5.57e-02	1.87e-01	2.69e-01	1.71e-01	1.03e-01	1.70e-01	3.02e-02	1.75e-03
 1.51986e+22	4.83e-31	8.11e-18	1.36e-14	1.77e-12	1.02e-10	4.13e-09	5.94e-06	5.59e-04	1.19e-02	5.87e-02	1.93e-01	2.73e-01	1.70e-01	1.00e-01	1.62e-01	2.81e-02	1.58e-03
 1.53244e+22	6.92e-31	1.10e-17	1.79e-14	2.22e-12	1.23e-10	4.76e-09	6.68e-06	6.24e-04	1.31e-02	6.28e-02	2.01e-01	2.78e-01	1.69e-01	9.67e-02	1.52e-01	2.54e-02	1.38e-03
 1.54527e+22	9.06e-31	1.40e-17	2.20e-14	2.65e-12	1.42e-10	5.33e-09	7.32e-06	6.79e-04	1.41e-02	6.61e-02	2.07e-01	2.81e-01	1.67e-01	9.37e-02	1.45e-01	2.35e-02	1.25e-03
 1.55841e+22	1.30e-30	1.91e-17	2.90e-14	3.33e-12	1.71e-10	6.18e-09	8.23e-06	7.58e-04	1.54e-02	7.06e-02	2.16e-01	2.86e-01	1.65e-01	8.99e-02	1.35e-01	2.11e-02	1.08e-03
 1.57179e+22	8.35e-31	2.41e-17	3.57e-14	3.98e-12	1.98e-10	6.93e-09	9.03e-06	8.24e-04	1.66e-02	7.41e-02	2.22e-01	2.88e-01	1.63e-01	8.69e-02	1.28e-01	1.95e-02	9.72e-04
 1.58549e+22	1.20e-30	3.30e-17	4.71e-14	5.03e-12	2.39e-10	8.04e-09	1.02e-05	9.19e-04	1.81e-02	7.90e-02	2.30e-01	2.92e-01	1.61e-01	8.30e-02	1.19e-01	1.75e-02	8.40e-04
 1.59944e+22	1.57e-30	4.19e-17	5.82e-14	6.03e-12	2.78e-10	9.05e-09	1.11e-05	9.99e-04	1.94e-02	8.28e-02	2.36e-01	2.94e-01	1.58e-01	8.00e-02	1.12e-01	1.60e-02	7.51e-04
 1.61372e+22	2.26e-30	5.75e-17	7.69e-14	7.64e-12	3.36e-10	1.05e-08	1.25e-05	1.11e-03	2.12e-02	8.81e-02	2.44e-01	2.96e-01	1.55e-01	7.61e-02	1.04e-01	1.43e-02	6.46e-04
 1.62768e+22	2.89e-30	7.10e-17	9.29e-14	8.98e-12	3.85e-10	1.17e-08	1.37e-05	1.20e-03	2.26e-02	9.18e-02	2.49e-01	2.97e-01	1.53e-01	7.34e-02	9.82e-02	1.32e-02	5.83e-04
 1.64122e+22	4.06e-30	9.56e-17	1.21e-13	1.12e-11	4.61e-10	1.35e-08	1.52e-05	1.33e-03	2.45e-02	9.70e-02	2.56e-01	2.99e-01	1.49e-01	6.98e-02	9.10e-02	1.18e-02	5.03e-04
 1.65498e+22	5.19e-30	1.18e-16	1.46e-13	1.32e-11	5.28e-10	1.51e-08	1.66e-05	1.43e-03	2.60e-02	1.01e-01	2.61e-01	2.99e-01	1.46e-01	6.72e-02	8.60e-02	1.09e-02	4.53e-04
 1.66901e+22	7.22e-30	1.58e-16	1.89e-13	1.64e-11	6.32e-10	1.74e-08	1.86e-05	1.58e-03	2.81e-02	1.06e-01	2.68e-01	3.00e-01	1.43e-01	6.38e-02	7.96e-02	9.75e-03	3.91e-04
 1.68349e+22	9.43e-30	2.00e-16	2.32e-13	1.97e-11	7.32e-10	1.96e-08	2.03e-05	1.71e-03	3.00e-02	1.11e-01	2.73e-01	3.00e-01	1.40e-01	6.11e-02	7.46e-02	8.89e-03	3.47e-04
 1.69853e+22	1.32e-29	2.68e-16	3.01e-13	2.46e-11	8.80e-10	2.27e-08	2.28e-05	1.88e-03	3.24e-02	1.17e-01	2.79e-01	2.99e-01	1.36e-01	5.78e-02	6.88e-02	7.91e-03	2.98e-04
 1.71407e+22	1.75e-29	3.43e-16	3.76e-13	2.97e-11	1.03e-09	2.58e-08	2.51e-05	2.05e-03	3.46e-02	1.22e-01	2.84e-01	2.99e-01	1.32e-01	5.50e-02	6.41e-02	7.16e-03	2.62e-04
 1.73025e+22	2.47e-29	4.64e-16	4.93e-13	3.75e-11	1.25e-09	3.01e-08	2.83e-05	2.27e-03	3.75e-02	1.28e-01	2.90e-01	2.97e-01	1.28e-01	5.17e-02	5.87e-02	6.32e-03	2.23e-04
 1.74688e+22	3.31e-29	5.99e-16	6.19e-13	4.56e-11	1.47e-09	3.44e-08	3.13e-05	2.47e-03	4.01e-02	1.33e-01	2.95e-01	2.95e-01	1.24e-01	4.90e-02	5.44e-02	5.68e-03	1.94e-04
 1.76409e+22	4.74e-29	8.20e-16	8.19e-13	5.81e-11	1.80e-09	4.04e-08	3.55e-05	2.75e-03	4.35e-02	1.40e-01	3.01e-01	2.93e-01	1.19e-01	4.58e-02	4.95e-02	4.97e-03	1.64e-04
 1.78187e+22	6.43e-29	1.07e-15	1.04e-12	7.13e-11	2.13e-09	4.65e-08	3.95e-05	3.00e-03	4.65e-02	1.46e-01	3.05e-01	2.90e-01	1.15e-01	4.32e-02	4.56e-02	4.43e-03	1.42e-04
 1.80041e+22	9.37e-29	1.49e-15	1.39e-12	9.20e-11	2.64e-09	5.52e-08	4.51e-05	3.35e-03	5.06e-02	1.54e-01	3.10e-01	2.87e-01	1.10e-01	4.01e-02	4.11e-02	3.84e-03	1.18e-04
 1.81941e+22	1.28e-28	1.96e-15	1.78e-12	1.14e-10	3.15e-09	6.37e-08	5.04e-05	3.67e-03	5.41e-02	1.60e-01	3.14e-01	2.83e-01	1.06e-01	3.76e-02	3.76e-02	3.40e-03	1.01e-04
 1.83646e+22	1.73e-28	2.54e-15	2.25e-12	1.40e-10	3.74e-09	7.33e-08	5.61e-05	4.01e-03	5.78e-02	1.66e-01	3.18e-01	2.79e-01	1.02e-01	3.53e-02	3.45e-02	3.02e-03	8.69e-05
 1.85605e+22	2.59e-28	3.62e-15	3.09e-12	1.83e-10	4.68e-09	8.79e-08	6.44e-05	4.49e-03	6.28e-02	1.75e-01	3.21e-01	2.74e-01	9.65e-02	3.24e-02	3.07e-02	2.57e-03	7.08e-05
 1.87576e+22	3.48e-28	4.68e-15	3.90e-12	2.24e-10	5.55e-09	1.01e-07	7.17e-05	4.89e-03	6.69e-02	1.81e-01	3.24e-01	2.70e-01	9.25e-02	3.04e-02	2.82e-02	2.28e-03	6.08e-05
 1.89563e+22	5.17e-28	6.62e-15	5.31e-12	2.93e-10	6.93e-09	1.21e-07	8.22e-05	5.47e-03	7.25e-02	1.89e-01	3.27e-01	2.64e-01	8.74e-02	2.78e-02	2.50e-02	1.94e-03	4.96e-05
 1.91592e+22	7.10e-28	8.75e-15	6.81e-12	3.63e-10	8.30e-09	1.40e-07	9.19e-05	5.98e-03	7.73e-02	1.96e-01	3.29e-01	2.59e-01	8.33e-02	2.59e-02	2.27e-02	1.70e-03	4.19e-05
 1.93676e+22	1.06e-27	1.25e-14	9.37e-12	4.78e-10	1.04e-08	1.69e-07	1.06e-04	6.69e-03	8.38e-02	2.04e-01	3.30e-01	2.52e-01	7.82e-02	2.35e-02	2.00e-02	1.43e-03	3.38e-05
 1.95792e+22	1.47e-27	1.67e-14	1.21e-11	5.97e-10	1.26e-08	1.96e-07	1.18e-04	7.32e-03	8.94e-02	2.11e-01	3.31e-01	2.46e-01	7.42e-02	2.18e-02	1.80e-02	1.25e-03	2.83e-05
 1.97950e+22	2.25e-27	2.43e-14	1.69e-11	7.97e-10	1.60e-08	2.38e-07	1.37e-04	8.21e-03	9.69e-02	2.20e-01	3.31e-01	2.38e-01	6.92e-02	1.96e-02	1.57e-02	1.03e-03	2.24e-05
 1.99989e+22	2.96e-27	3.10e-14	2.11e-11	9.64e-10	1.87e-08	2.71e-07	1.51e-04	8.86e-03	1.02e-01	2.26e-01	3.31e-01	2.32e-01	6.59e-02	1.83e-02	1.44e-02	9.15e-04	1.92e-05
 2.01876e+22	4.29e-27	4.32e-14	2.84e-11	1.24e-09	2.31e-08	3.21e-07	1.71e-04	9.78e-03	1.09e-01	2.33e-01	3.30e-01	2.25e-01	6.18e-02	1.67e-02	1.27e-02	7.74e-04	1.56e-05
 2.03777e+22	5.64e-27	5.54e-14	3.54e-11	1.50e-09	2.71e-08	3.66e-07	1.89e-04	1.05e-02	1.15e-01	2.39e-01	3.29e-01	2.19e-01	5.87e-02	1.55e-02	1.15e-02	6.82e-04	1.33e-05
 2.05699e+22	8.21e-27	7.79e-14	4.79e-11	1.95e-09	3.36e-08	4.35e-07	2.15e-04	1.17e-02	1.23e-01	2.46e-01	3.27e-01	2.12e-01	5.47e-02	1.40e-02	1.01e-02	5.72e-04	1.07e-05
 2.07639e+22	1.09e-26	1.01e-13	6.04e-11	2.38e-09	3.96e-08	4.98e-07	2.37e-04	1.26e-02	1.30e-01	2.52e-01	3.25e-01	2.06e-01	5.18e-02	1.30e-02	9.15e-03	5.00e-04	8.99e-06
 2.09602e+22	1.59e-26	1.43e-13	8.23e-11	3.10e-09	4.94e-08	5.95e-07	2.71e-04	1.39e-02	1.39e-01	2.59e-01	3.22e-01	1.98e-01	4.80e-02	1.17e-02	7.98e-03	4.16e-04	7.15e-06
 2.11592e+22	2.12e-26	1.87e-13	1.04e-10	3.81e-09	5.86e-08	6.85e-07	3.00e-04	1.51e-02	1.46e-01	2.64e-01	3.19e-01	1.91e-01	4.52e-02	1.08e-02	7.16e-03	3.60e-04	5.97e-06
 2.13617e+22	3.12e-26	2.69e-13	1.44e-10	5.01e-09	7.37e-08	8.26e-07	3.44e-04	1.67e-02	1.56e-01	2.71e-01	3.15e-01	1.83e-01	4.17e-02	9.64e-03	6.19e-03	2.96e-04	4.68e-06
 2.15669e+22	4.17e-26	3.54e-13	1.84e-10	6.20e-09	8.79e-08	9.55e-07	3.83e-04	1.81e-02	1.64e-01	2.76e-01	3.11e-01	1.77e-01	3.91e-02	8.83e-03	5.52e-03	2.54e-04	3.87e-06
 2.17757e+22	6.14e-26	5.14e-13	2.57e-10	8.23e-09	1.11e-07	1.16e-06	4.42e-04	2.01e-02	1.75e-01	2.82e-01	3.05e-01	1.68e-01	3.57e-02	7.84e-03	4.73e-03	2.07e-04	3.00e-06
 2.19890e+22	8.35e-26	6.92e-13	3.34e-10	1.03e-08	1.35e-07	1.36e-06	4.96e-04	2.19e-02	1.85e-01	2.87e-01	3.00e-01	1.61e-01	3.32e-02	7.12e-03	4.17e-03	1.75e-04	2.43e-06
 2.22081e+22	1.24e-25	1.02e-12	4.73e-10	1.40e-08	1.74e-07	1.67e-06	5.78e-04	2.45e-02	1.97e-01	2.93e-01	2.93e-01	1.52e-01	3.01e-02	6.25e-03	3.52e-03	1.40e-04	1.84e-06
 2.24315e+22	1.69e-25	1.40e-12	6.24e-10	1.78e-08	2.13e-07	1.98e-06	6.54e-04	2.68e-02	2.08e-01	2.96e-01	2.87e-01	1.45e-01	2.77e-02	5.62e-03	3.07e-03	1.17e-04	1.47e-06
 2.26534e+22	2.46e-25	2.05e-12	8.78e-10	2.39e-08	2.73e-07	2.45e-06	7.63e-04	3.00e-02	2.21e-01	3.01e-01	2.78e-01	1.36e-01	2.50e-02	4.92e-03	2.58e-03	9.29e-05	1.11e-06
 2.28642e+22	3.20e-25	2.69e-12	1.12e-09	2.96e-08	3.28e-07	2.85e-06	8.53e-04	3.25e-02	2.31e-01	3.03e-01	2.72e-01	1.30e-01	2.32e-02	4.46e-03	2.27e-03	7.87e-05	9.01e-07
 2.30678e+22	4.50e-25	3.85e-12	1.55e-09	3.92e-08	4.17e-07	3.49e-06	9.90e-04	3.62e-02	2.45e-01	3.06e-01	2.63e-01	1.22e-01	2.09e-02	3.91e-03	1.92e-03	6.29e-05	6.84e-07
 2.32753e+22	5.87e-25	5.10e-12	1.99e-09	4.90e-08	5.05e-07	4.12e-06	1.12e-03	3.94e-02	2.56e-01	3.08e-01	2.56e-01	1.15e-01	1.92e-02	3.51e-03	1.67e-03	5.25e-05	5.47e-07
 2.34789e+22	7.98e-25	7.16e-12	2.71e-09	6.43e-08	6.39e-07	5.03e-06	1.29e-03	4.37e-02	2.70e-01	3.09e-01	2.46e-01	1.08e-01	1.72e-02	3.08e-03	1.41e-03	4.20e-05	4.16e-07
 2.36867e+22	1.03e-24	9.57e-12	3.51e-09	8.12e-08	7.82e-07	5.99e-06	1.47e-03	4.78e-02	2.82e-01	3.09e-01	2.38e-01	1.02e-01	1.57e-02	2.74e-03	1.21e-03	3.46e-05	3.27e-07
 2.38892e+22	1.35e-24	1.31e-11	4.67e-09	1.05e-07	9.78e-07	7.27e-06	1.69e-03	5.28e-02	2.96e-01	3.09e-01	2.28e-01	9.46e-02	1.41e-02	2.40e-03	1.02e-03	2.78e-05	2.50e-07
 2.40958e+22	1.72e-24	1.75e-11	6.10e-09	1.33e-07	1.21e-06	8.74e-06	1.94e-03	5.80e-02	3.09e-01	3.08e-01	2.19e-01	8.83e-02	1.27e-02	2.11e-03	8.69e-04	2.25e-05	1.93e-07
 2.43005e+22	2.20e-24	2.35e-11	7.99e-09	1.71e-07	1.50e-06	1.06e-05	2.23e-03	6.39e-02	3.22e-01	3.07e-01	2.09e-01	8.19e-02	1.13e-02	1.84e-03	7.32e-04	1.80e-05	1.48e-07
 2.45062e+22	2.76e-24	3.12e-11	1.04e-08	2.17e-07	1.85e-06	1.27e-05	2.55e-03	7.02e-02	3.35e-01	3.04e-01	2.00e-01	7.59e-02	1.01e-02	1.61e-03	6.17e-04	1.45e-05	0.00e+00
 2.47096e+22	3.43e-24	4.10e-11	1.34e-08	2.74e-07	2.29e-06	1.53e-05	2.92e-03	7.70e-02	3.48e-01	3.01e-01	1.90e-01	7.01e-02	9.01e-03	1.40e-03	5.19e-04	1.16e-05	0.00e+00
 2.49125e+22	4.21e-24	5.35e-11	1.71e-08	3.45e-07	2.81e-06	1.84e-05	3.35e-03	8.43e-02	3.61e-01	2.97e-01	1.80e-01	6.45e-02	8.00e-03	1.22e-03	4.35e-04	9.28e-06	0.00e+00
 2.51159e+22	5.14e-24	6.93e-11	2.18e-08	4.33e-07	3.45e-06	2.22e-05	3.82e-03	9.22e-02	3.73e-01	2.93e-01	1.70e-01	5.92e-02	7.09e-03	1.05e-03	3.64e-04	7.40e-06	0.00e+00
 2.53201e+22	6.21e-24	8.89e-11	2.76e-08	5.42e-07	4.22e-06	2.66e-05	4.37e-03	1.01e-01	3.85e-01	2.88e-01	1.60e-01	5.42e-02	6.26e-03	9.10e-04	3.03e-04	5.88e-06	0.00e+00
 2.55255e+22	7.47e-24	1.13e-10	3.49e-08	6.77e-07	5.16e-06	3.19e-05	4.98e-03	1.10e-01	3.96e-01	2.82e-01	1.51e-01	4.94e-02	5.51e-03	7.83e-04	2.52e-04	4.65e-06	0.00e+00
 2.57328e+22	8.93e-24	1.44e-10	4.38e-08	8.43e-07	6.30e-06	3.83e-05	5.68e-03	1.20e-01	4.07e-01	2.75e-01	1.41e-01	4.49e-02	4.83e-03	6.70e-04	2.09e-04	3.67e-06	0.00e+00
 2.59426e+22	1.06e-23	1.81e-10	5.48e-08	1.05e-06	7.68e-06	4.59e-05	6.47e-03	1.30e-01	4.17e-01	2.68e-01	1.32e-01	4.06e-02	4.22e-03	5.72e-04	1.72e-04	2.87e-06	0.00e+00
 2.61534e+22	1.26e-23	2.26e-10	6.80e-08	1.29e-06	9.31e-06	5.48e-05	7.34e-03	1.41e-01	4.27e-01	2.61e-01	1.23e-01	3.67e-02	3.68e-03	4.87e-04	1.41e-04	2.26e-06	0.00e+00
 2.63677e+22	1.50e-23	2.81e-10	8.45e-08	1.60e-06	1.13e-05	6.56e-05	8.35e-03	1.53e-01	4.35e-01	2.53e-01	1.14e-01	3.29e-02	3.18e-03	4.11e-04	1.15e-04	1.75e-06	0.00e+00
 2.65845e+22	2.03e-23	3.46e-10	1.04e-07	1.96e-06	1.37e-05	7.82e-05	9.44e-03	1.65e-01	4.42e-01	2.45e-01	1.06e-01	2.95e-02	2.76e-03	3.48e-04	9.44e-05	1.36e-06	0.00e+00
 2.68055e+22	2.42e-23	4.27e-10	1.28e-07	2.42e-06	1.66e-05	9.36e-05	1.07e-02	1.78e-01	4.49e-01	2.36e-01	9.73e-02	2.63e-02	2.37e-03	2.91e-04	7.62e-05	1.05e-06	0.00e+00
 2.70112e+22	2.80e-23	5.04e-10	1.52e-07	2.86e-06	1.93e-05	1.08e-04	1.18e-02	1.89e-01	4.53e-01	2.28e-01	9.08e-02	2.39e-02	2.09e-03	2.51e-04	6.41e-05	8.44e-07	0.00e+00
 2.72230e+22	3.35e-23	6.17e-10	1.87e-07	3.53e-06	2.35e-05	1.30e-04	1.35e-02	2.04e-01	4.58e-01	2.18e-01	8.28e-02	2.10e-02	1.77e-03	2.07e-04	5.10e-05	6.37e-07	0.00e+00
 2.74383e+22	3.90e-23	7.23e-10	2.20e-07	4.15e-06	2.73e-05	1.50e-04	1.48e-02	2.16e-01	4.61e-01	2.10e-01	7.69e-02	1.90e-02	1.55e-03	1.78e-04	4.26e-05	5.10e-07	0.00e+00
 2.76584e+22	4.69e-23	8.77e-10	2.70e-07	5.12e-06	3.32e-05	1.80e-04	1.69e-02	2.32e-01	4.63e-01	2.00e-01	6.96e-02	1.65e-02	1.31e-03	1.45e-04	3.35e-05	3.80e-07	0.00e+00
 2.78795e+22	5.49e-23	1.02e-09	3.16e-07	5.98e-06	3.83e-05	2.06e-04	1.85e-02	2.45e-01	4.64e-01	1.92e-01	6.45e-02	1.49e-02	1.14e-03	1.24e-04	2.80e-05	3.05e-07	0.00e+00
 2.81018e+22	6.65e-23	1.23e-09	3.84e-07	7.30e-06	4.61e-05	2.46e-04	2.08e-02	2.61e-01	4.64e-01	1.82e-01	5.82e-02	1.30e-02	9.60e-04	1.01e-04	2.20e-05	2.27e-07	0.00e+00
 2.83256e+22	7.78e-23	1.41e-09	4.46e-07	8.50e-06	5.30e-05	2.81e-04	2.28e-02	2.74e-01	4.63e-01	1.74e-01	5.37e-02	1.16e-02	8.38e-04	8.64e-05	1.83e-05	1.81e-07	0.00e+00
 2.85512e+22	9.45e-23	1.68e-09	5.39e-07	1.03e-05	6.34e-05	3.33e-04	2.55e-02	2.91e-01	4.60e-01	1.64e-01	4.82e-02	1.01e-02	7.00e-04	7.01e-05	1.44e-05	1.34e-07	0.00e+00
 2.87786e+22	1.11e-22	1.92e-09	6.23e-07	1.19e-05	7.26e-05	3.79e-04	2.78e-02	3.04e-01	4.57e-01	1.57e-01	4.43e-02	9.02e-03	6.09e-04	5.96e-05	1.19e-05	0.00e+00	0.00e+00
 2.90086e+22	1.35e-22	2.27e-09	7.48e-07	1.44e-05	8.64e-05	4.48e-04	3.11e-02	3.21e-01	4.53e-01	1.47e-01	3.96e-02	7.78e-03	5.07e-04	4.81e-05	9.30e-06	0.00e+00	0.00e+00
 2.92414e+22	1.59e-22	2.59e-09	8.63e-07	1.67e-05	9.87e-05	5.09e-04	3.37e-02	3.34e-01	4.48e-01	1.40e-01	3.63e-02	6.93e-03	4.39e-04	4.07e-05	7.67e-06	0.00e+00	0.00e+00
 2.94780e+22	1.94e-22	3.05e-09	1.03e-06	2.00e-05	1.17e-04	6.00e-04	3.75e-02	3.51e-01	4.41e-01	1.30e-01	3.23e-02	5.94e-03	3.63e-04	3.26e-05	5.95e-06	0.00e+00	0.00e+00
 2.97185e+22	2.29e-22	3.48e-09	1.19e-06	2.32e-05	1.34e-04	6.80e-04	4.07e-02	3.65e-01	4.35e-01	1.23e-01	2.94e-02	5.27e-03	3.13e-04	2.74e-05	4.88e-06	0.00e+00	0.00e+00
 2.99641e+22	2.82e-22	4.09e-09	1.43e-06	2.79e-05	1.58e-04	8.02e-04	4.52e-02	3.82e-01	4.27e-01	1.14e-01	2.60e-02	4.48e-03	2.57e-04	2.18e-05	3.75e-06	0.00e+00	0.00e+00
 3.02149e+22	3.36e-22	4.68e-09	1.65e-06	3.22e-05	1.80e-04	9.09e-04	4.90e-02	3.95e-01	4.19e-01	1.08e-01	2.36e-02	3.95e-03	2.20e-04	1.82e-05	3.05e-06	0.00e+00	0.00e+00
 3.04723e+22	4.16e-22	5.52e-09	1.98e-06	3.88e-05	2.13e-04	1.07e-03	5.43e-02	4.13e-01	4.08e-01	9.93e-02	2.07e-02	3.33e-03	1.79e-04	1.43e-05	2.32e-06	0.00e+00	0.00e+00
 3.07361e+22	5.00e-22	6.34e-09	2.31e-06	4.50e-05	2.44e-04	1.22e-03	5.87e-02	4.26e-01	3.99e-01	9.30e-02	1.86e-02	2.91e-03	1.52e-04	1.18e-05	1.87e-06	0.00e+00	0.00e+00
 3.09584e+22	5.86e-22	7.14e-09	2.63e-06	5.12e-05	2.74e-04	1.36e-03	6.29e-02	4.37e-01	3.91e-01	8.77e-02	1.69e-02	2.58e-03	1.31e-04	1.00e-05	1.54e-06	0.00e+00	0.00e+00
 3.11978e+22	7.15e-22	8.29e-09	3.10e-06	6.04e-05	3.17e-04	1.57e-03	6.86e-02	4.51e-01	3.80e-01	8.10e-02	1.50e-02	2.21e-03	1.08e-04	8.02e-06	1.20e-06	0.00e+00	0.00e+00
 3.14406e+22	8.41e-22	9.36e-09	3.53e-06	6.87e-05	3.55e-04	1.75e-03	7.34e-02	4.62e-01	3.71e-01	7.61e-02	1.36e-02	1.95e-03	9.30e-05	6.73e-06	9.81e-07	0.00e+00	0.00e+00
 3.16507e+22	9.81e-22	1.05e-08	4.00e-06	7.77e-05	3.96e-04	1.94e-03	7.81e-02	4.72e-01	3.62e-01	7.16e-02	1.23e-02	1.73e-03	8.05e-05	5.70e-06	8.12e-07	0.00e+00	0.00e+00
 3.18865e+22	1.19e-21	1.21e-08	4.68e-06	9.08e-05	4.54e-04	2.22e-03	8.46e-02	4.85e-01	3.50e-01	6.60e-02	1.09e-02	1.48e-03	6.66e-05	4.58e-06	6.33e-07	0.00e+00	0.00e+00
 3.21215e+22	1.40e-21	1.37e-08	5.31e-06	1.02e-04	5.03e-04	2.45e-03	8.96e-02	4.93e-01	3.41e-01	6.21e-02	9.95e-03	1.32e-03	5.79e-05	3.90e-06	5.28e-07	0.00e+00	0.00e+00
 3.23554e+22	1.69e-21	1.58e-08	6.19e-06	1.19e-04	5.74e-04	2.79e-03	9.66e-02	5.04e-01	3.29e-01	5.72e-02	8.78e-03	1.13e-03	4.79e-05	3.14e-06	4.13e-07	0.00e+00	0.00e+00
 3.25925e+22	2.00e-21	1.79e-08	7.04e-06	1.34e-04	6.36e-04	3.07e-03	1.02e-01	5.12e-01	3.19e-01	5.36e-02	7.98e-03	9.98e-04	4.14e-05	2.66e-06	3.42e-07	0.00e+00	0.00e+00
 3.28339e+22	2.45e-21	2.07e-08	8.25e-06	1.56e-04	7.25e-04	3.48e-03	1.10e-01	5.22e-01	3.07e-01	4.92e-02	7.02e-03	8.49e-04	3.41e-05	2.13e-06	2.66e-07	0.00e+00	0.00e+00
 3.30794e+22	2.93e-21	2.37e-08	9.43e-06	1.77e-04	8.03e-04	3.83e-03	1.16e-01	5.29e-01	2.97e-01	4.60e-02	6.35e-03	7.50e-04	2.94e-05	1.80e-06	2.19e-07	0.00e+00	0.00e+00
 3.33304e+22	3.60e-21	2.77e-08	1.11e-05	2.07e-04	9.17e-04	4.36e-03	1.25e-01	5.37e-01	2.84e-01	4.19e-02	5.54e-03	6.33e-04	2.40e-05	1.42e-06	1.68e-07	0.00e+00	0.00e+00
 3.35851e+22	4.35e-21	3.18e-08	1.27e-05	2.34e-04	1.02e-03	4.80e-03	1.32e-01	5.43e-01	2.75e-01	3.90e-02	5.00e-03	5.57e-04	2.05e-05	1.19e-06	1.38e-07	0.00e+00	0.00e+00
 3.38447e+22	5.41e-21	3.75e-08	1.51e-05	2.74e-04	1.16e-03	5.45e-03	1.41e-01	5.50e-01	2.61e-01	3.54e-02	4.34e-03	4.67e-04	1.67e-05	9.41e-07	0.00e+00	0.00e+00	0.00e+00
 3.41105e+22	6.58e-21	4.35e-08	1.74e-05	3.12e-04	1.29e-03	6.01e-03	1.49e-01	5.55e-01	2.51e-01	3.28e-02	3.89e-03	4.07e-04	1.41e-05	7.80e-07	0.00e+00	0.00e+00	0.00e+00
 3.43843e+22	8.39e-21	5.21e-08	2.09e-05	3.68e-04	1.48e-03	6.84e-03	1.60e-01	5.60e-01	2.38e-01	2.95e-02	3.35e-03	3.39e-04	1.13e-05	6.08e-07	0.00e+00	0.00e+00	0.00e+00
 3.46652e+22	1.04e-20	6.10e-08	2.43e-05	4.22e-04	1.65e-03	7.56e-03	1.69e-01	5.64e-01	2.28e-01	2.71e-02	2.98e-03	2.93e-04	9.51e-06	4.98e-07	0.00e+00	0.00e+00	0.00e+00
 3.49555e+22	1.35e-20	7.44e-08	2.94e-05	5.01e-04	1.89e-03	8.62e-03	1.81e-01	5.67e-01	2.14e-01	2.43e-02	2.54e-03	2.41e-04	7.55e-06	3.84e-07	0.00e+00	0.00e+00	0.00e+00
 3.52483e+22	1.68e-20	8.77e-08	3.44e-05	5.74e-04	2.11e-03	9.51e-03	1.90e-01	5.69e-01	2.04e-01	2.22e-02	2.25e-03	2.07e-04	6.31e-06	3.13e-07	0.00e+00	0.00e+00	0.00e+00
 3.55444e+22	2.21e-20	1.08e-07	4.19e-05	6.83e-04	2.42e-03	1.08e-02	2.03e-01	5.70e-01	1.92e-01	1.98e-02	1.91e-03	1.70e-04	4.98e-06	2.40e-07	0.00e+00	0.00e+00	0.00e+00
 3.58446e+22	2.80e-20	1.29e-07	4.92e-05	7.85e-04	2.69e-03	1.19e-02	2.13e-01	5.70e-01	1.82e-01	1.81e-02	1.69e-03	1.46e-04	4.15e-06	1.95e-07	0.00e+00	0.00e+00	0.00e+00
 3.61500e+22	3.73e-20	1.60e-07	6.02e-05	9.36e-04	3.09e-03	1.35e-02	2.27e-01	5.69e-01	1.70e-01	1.60e-02	1.43e-03	1.19e-04	3.24e-06	1.48e-07	0.00e+00	0.00e+00	0.00e+00
 3.64470e+22	4.68e-20	1.89e-07	7.00e-05	1.06e-03	3.41e-03	1.47e-02	2.36e-01	5.67e-01	1.61e-01	1.47e-02	1.27e-03	1.03e-04	2.73e-06	1.22e-07	0.00e+00	0.00e+00	0.00e+00
 3.67331e+22	6.19e-20	2.33e-07	8.47e-05	1.25e-03	3.86e-03	1.65e-02	2.50e-01	5.64e-01	1.51e-01	1.31e-02	1.08e-03	8.47e-05	2.18e-06	0.00e+00	0.00e+00	0.00e+00	0.00e+00
 3.70321e+22	7.93e-20	2.80e-07	9.98e-05	1.44e-03	4.30e-03	1.81e-02	2.61e-01	5.60e-01	1.42e-01	1.18e-02	9.48e-04	7.19e-05	1.79e-06	0.00e+00	0.00e+00	0.00e+00	0.00e+00
 3.72853e+22	9.78e-20	3.28e-07	1.15e-04	1.62e-03	4.69e-03	1.96e-02	2.71e-01	5.56e-01	1.35e-01	1.09e-02	8.46e-04	6.26e-05	1.52e-06	0.00e+00	0.00e+00	0.00e+00	0.00e+00
 3.75518e+22	1.28e-19	4.00e-07	1.37e-04	1.88e-03	5.24e-03	2.16e-02	2.83e-01	5.51e-01	1.27e-01	9.79e-03	7.33e-04	5.26e-05	1.24e-06	0.00e+00	0.00e+00	0.00e+00	0.00e+00
 3.78261e+22	1.60e-19	4.74e-07	1.59e-04	2.13e-03	5.75e-03	2.35e-02	2.94e-01	5.46e-01	1.19e-01	8.91e-03	6.46e-04	4.51e-05	1.03e-06	0.00e+00	0.00e+00	0.00e+00	0.00e+00
 3.80707e+22	2.01e-19	5.59e-07	1.83e-04	2.40e-03	6.28e-03	2.53e-02	3.04e-01	5.40e-01	1.13e-01	8.15e-03	5.74e-04	3.91e-05	8.73e-07	0.00e+00	0.00e+00	0.00e+00	0.00e+00
 3.83488e+22	2.67e-19	6.91e-07	2.20e-04	2.78e-03	7.01e-03	2.78e-02	3.16e-01	5.33e-01	1.05e-01	7.29e-03	4.95e-04	3.26e-05	7.05e-07	0.00e+00	0.00e+00	0.00e+00	0.00e+00
 3.86388e+22	3.44e-19	8.33e-07	2.59e-04	3.18e-03	7.73e-03	3.03e-02	3.28e-01	5.25e-01	9.87e-02	6.57e-03	4.31e-04	2.77e-05	5.80e-07	0.00e+00	0.00e+00	0.00e+00	0.00e+00
 3.88999e+22	4.38e-19	9.95e-07	3.01e-04	3.60e-03	8.46e-03	3.27e-02	3.38e-01	5.17e-01	9.28e-02	5.96e-03	3.80e-04	2.37e-05	4.84e-07	0.00e+00	0.00e+00	0.00e+00	0.00e+00
 3.91951e+22	5.97e-19	1.25e-06	3.65e-04	4.21e-03	9.47e-03	3.60e-02	3.52e-01	5.07e-01	8.57e-02	5.27e-03	3.23e-04	1.95e-05	3.85e-07	0.00e+00	0.00e+00	0.00e+00	0.00e+00
 3.95022e+22	7.86e-19	1.53e-06	4.33e-04	4.83e-03	1.04e-02	3.91e-02	3.63e-01	4.97e-01	7.96e-02	4.72e-03	2.79e-04	1.63e-05	3.13e-07	0.00e+00	0.00e+00	0.00e+00	0.00e+00
 3.97779e+22	1.02e-18	1.84e-06	5.07e-04	5.49e-03	1.14e-02	4.23e-02	3.74e-01	4.87e-01	7.43e-02	4.25e-03	2.44e-04	1.39e-05	2.58e-07	0.00e+00	0.00e+00	0.00e+00	0.00e+00
 4.00896e+22	1.42e-18	2.34e-06	6.20e-04	6.45e-03	1.28e-02	4.64e-02	3.87e-01	4.74e-01	6.80e-02	3.72e-03	2.05e-04	1.13e-05	2.02e-07	0.00e+00	0.00e+00	0.00e+00	0.00e+00
 4.04113e+22	1.90e-18	2.89e-06	7.38e-04	7.42e-03	1.41e-02	5.04e-02	3.99e-01	4.62e-01	6.27e-02	3.30e-03	1.76e-04	9.36e-06	1.63e-07	0.00e+00	0.00e+00	0.00e+00	0.00e+00
 4.06982e+22	2.50e-18	3.52e-06	8.70e-04	8.45e-03	1.55e-02	5.43e-02	4.09e-01	4.51e-01	5.80e-02	2.95e-03	1.52e-04	7.87e-06	1.33e-07	0.00e+00	0.00e+00	0.00e+00	0.00e+00
 4.10232e+22	3.55e-18	4.53e-06	1.07e-03	9.94e-03	1.73e-02	5.96e-02	4.21e-01	4.36e-01	5.26e-02	2.55e-03	1.26e-04	6.32e-06	0.00e+00	0.00e+00	0.00e+00	0.00e+00	0.00e+00
 4.13599e+22	4.85e-18	5.64e-06	1.28e-03	1.15e-02	1.91e-02	6.45e-02	4.32e-01	4.21e-01	4.81e-02	2.24e-03	1.07e-04	5.18e-06	0.00e+00	0.00e+00	0.00e+00	0.00e+00	0.00e+00
 4.16619e+22	6.52e-18	6.95e-06	1.52e-03	1.31e-02	2.09e-02	6.94e-02	4.41e-01	4.08e-01	4.41e-02	1.99e-03	9.16e-05	4.31e-06	0.00e+00	0.00e+00	0.00e+00	0.00e+00	0.00e+00
 4.20047e+22	9.53e-18	9.07e-06	1.89e-03	1.55e-02	2.35e-02	7.60e-02	4.52e-01	3.90e-01	3.94e-02	1.70e-03	7.49e-05	3.39e-06	0.00e+00	0.00e+00	0.00e+00	0.00e+00	0.00e+00
 4.23586e+22	1.32e-17	1.14e-05	2.26e-03	1.79e-02	2.58e-02	8.20e-02	4.60e-01	3.75e-01	3.57e-02	1.48e-03	6.29e-05	2.76e-06	0.00e+00	0.00e+00	0.00e+00	0.00e+00	0.00e+00
 4.26783e+22	1.82e-17	1.42e-05	2.70e-03	2.05e-02	2.83e-02	8.80e-02	4.68e-01	3.59e-01	3.23e-02	1.29e-03	5.30e-05	2.25e-06	0.00e+00	0.00e+00	0.00e+00	0.00e+00	0.00e+00
 4.30454e+22	2.76e-17	1.88e-05	3.40e-03	2.44e-02	3.17e-02	9.63e-02	4.76e-01	3.39e-01	2.84e-02	1.08e-03	4.24e-05	1.73e-06	0.00e+00	0.00e+00	0.00e+00	0.00e+00	0.00e+00
 4.34150e+22	3.84e-17	2.36e-05	4.06e-03	2.79e-02	3.46e-02	1.03e-01	4.81e-01	3.23e-01	2.54e-02	9.35e-04	3.53e-05	1.39e-06	0.00e+00	0.00e+00	0.00e+00	0.00e+00	0.00e+00
 4.37877e+22	5.81e-17	3.12e-05	5.06e-03	3.30e-02	3.86e-02	1.12e-01	4.86e-01	3.03e-01	2.22e-02	7.82e-04	2.82e-05	1.07e-06	0.00e+00	0.00e+00	0.00e+00	0.00e+00	0.00e+00
 4.41688e+22	8.35e-17	3.96e-05	6.11e-03	3.80e-02	4.22e-02	1.20e-01	4.88e-01	2.85e-01	1.97e-02	6.66e-04	2.31e-05	8.48e-07	0.00e+00	0.00e+00	0.00e+00	0.00e+00	0.00e+00
 4.45042e+22	1.17e-16	4.93e-05	7.27e-03	4.32e-02	4.58e-02	1.27e-01	4.89e-01	2.69e-01	1.75e-02	5.73e-04	1.91e-05	6.80e-07	0.00e+00	0.00e+00	0.00e+00	0.00e+00	0.00e+00
 4.48837e+22	1.82e-16	6.55e-05	9.06e-03	5.09e-02	5.06e-02	1.37e-01	4.88e-01	2.49e-01	1.50e-02	4.70e-04	1.49e-05	5.11e-07	0.00e+00	0.00e+00	0.00e+00	0.00e+00	0.00e+00
 4.52721e+22	2.61e-16	8.25e-05	1.08e-02	5.80e-02	5.48e-02	1.45e-01	4.86e-01	2.32e-01	1.31e-02	3.98e-04	1.21e-05	4.01e-07	0.00e+00	0.00e+00	0.00e+00	0.00e+00	0.00e+00
 4.56719e+22	3.22e-16	1.10e-04	1.35e-02	6.81e-02	6.04e-02	1.55e-01	4.80e-01	2.11e-01	1.11e-02	3.22e-04	9.32e-06	2.96e-07	0.00e+00	0.00e+00	0.00e+00	0.00e+00	0.00e+00
 4.60780e+22	4.71e-16	1.39e-04	1.62e-02	7.75e-02	6.51e-02	1.63e-01	4.74e-01	1.95e-01	9.57e-03	2.68e-04	7.44e-06	2.29e-07	0.00e+00	0.00e+00	0.00e+00	0.00e+00	0.00e+00
 4.64382e+22	6.84e-16	1.74e-04	1.92e-02	8.76e-02	6.98e-02	1.70e-01	4.65e-01	1.79e-01	8.26e-03	2.24e-04	5.96e-06	1.78e-07	0.00e+00	0.00e+00	0.00e+00	0.00e+00	0.00e+00
 4.68520e+22	1.11e-15	2.33e-04	2.39e-02	1.02e-01	7.60e-02	1.80e-01	4.52e-01	1.59e-01	6.80e-03	1.77e-04	4.45e-06	1.27e-07	0.00e+00	0.00e+00	0.00e+00	0.00e+00	0.00e+00
 4.72717e+22	1.64e-15	2.92e-04	2.83e-02	1.15e-01	8.10e-02	1.86e-01	4.39e-01	1.45e-01	5.78e-03	1.46e-04	3.51e-06	0.00e+00	0.00e+00	0.00e+00	0.00e+00	0.00e+00	0.00e+00
 4.76365e+22	2.41e-15	3.61e-04	3.32e-02	1.28e-01	8.56e-02	1.92e-01	4.25e-01	1.31e-01	4.91e-03	1.20e-04	2.77e-06	0.00e+00	0.00e+00	0.00e+00	0.00e+00	0.00e+00	0.00e+00
 4.79844e+22	3.46e-15	4.39e-04	3.83e-02	1.41e-01	8.99e-02	1.97e-01	4.11e-01	1.19e-01	4.22e-03	1.01e-04	2.23e-06	0.00e+00	0.00e+00	0.00e+00	0.00e+00	0.00e+00	0.00e+00
 4.83155e+22	4.95e-15	5.29e-04	4.39e-02	1.54e-01	9.39e-02	2.01e-01	3.95e-01	1.08e-01	3.61e-03	8.41e-05	1.78e-06	0.00e+00	0.00e+00	0.00e+00	0.00e+00	0.00e+00	0.00e+00
 4.86884e+22	7.85e-15	6.66e-04	5.19e-02	1.71e-01	9.87e-02	2.05e-01	3.75e-01	9.44e-02	2.96e-03	6.67e-05	1.34e-06	0.00e+00	0.00e+00	0.00e+00	0.00e+00	0.00e+00	0.00e+00
 4.90609e+22	1.15e-14	7.98e-04	5.91e-02	1.86e-01	1.02e-01	2.07e-01	3.57e-01	8.46e-02	2.51e-03	5.52e-05	1.07e-06	0.00e+00	0.00e+00	0.00e+00	0.00e+00	0.00e+00	0.00e+00
 4.94328e+22	1.89e-14	9.94e-04	6.90e-02	2.05e-01	1.06e-01	2.09e-01	3.35e-01	7.33e-02	2.02e-03	4.33e-05	7.94e-07	0.00e+00	0.00e+00	0.00e+00	0.00e+00	0.00e+00	0.00e+00
 4.98115e+22	3.02e-14	1.19e-03	7.81e-02	2.21e-01	1.09e-01	2.09e-01	3.15e-01	6.48e-02	1.69e-03	3.53e-05	6.19e-07	0.00e+00	0.00e+00	0.00e+00	0.00e+00	0.00e+00	0.00e+00
 5.01989e+22	5.32e-14	1.47e-03	9.07e-02	2.41e-01	1.12e-01	2.08e-01	2.91e-01	5.50e-02	1.34e-03	2.72e-05	4.50e-07	0.00e+00	0.00e+00	0.00e+00	0.00e+00	0.00e+00	0.00e+00
 5.05902e+22	1.01e-13	1.74e-03	1.02e-01	2.57e-01	1.14e-01	2.06e-01	2.71e-01	4.80e-02	1.10e-03	2.19e-05	3.47e-07	0.00e+00	0.00e+00	0.00e+00	0.00e+00	0.00e+00	0.00e+00
 5.09866e+22	2.37e-13	2.16e-03	1.17e-01	2.77e-01	1.16e-01	2.02e-01	2.45e-01	3.98e-02	8.49e-04	1.64e-05	2.45e-07	0.00e+00	0.00e+00	0.00e+00	0.00e+00	0.00e+00	0.00e+00
 5.13823e+22	4.19e-13	2.52e-03	1.30e-01	2.92e-01	1.17e-01	1.98e-01	2.26e-01	3.44e-02	6.94e-04	1.32e-05	1.88e-07	0.00e+00	0.00e+00	0.00e+00	0.00e+00	0.00e+00	0.00e+00
 5.16997e+22	8.59e-13	2.88e-03	1.41e-01	3.04e-01	1.17e-01	1.94e-01	2.10e-01	3.02e-02	5.81e-04	1.08e-05	1.48e-07	0.00e+00	0.00e+00	0.00e+00	0.00e+00	0.00e+00	0.00e+00
 5.20349e+22	2.26e-12	3.37e-03	1.56e-01	3.19e-01	1.17e-01	1.88e-01	1.91e-01	2.56e-02	4.65e-04	8.47e-06	0.00e+00	0.00e+00	0.00e+00	0.00e+00	0.00e+00	0.00e+00	0.00e+00
 5.23749e+22	7.30e-12	3.82e-03	1.69e-01	3.30e-01	1.16e-01	1.82e-01	1.76e-01	2.22e-02	3.84e-04	6.88e-06	0.00e+00	0.00e+00	0.00e+00	0.00e+00	0.00e+00	0.00e+00	0.00e+00
 5.26740e+22	2.13e-11	4.31e-03	1.83e-01	3.40e-01	1.15e-01	1.76e-01	1.62e-01	1.93e-02	3.18e-04	5.61e-06	0.00e+00	0.00e+00	0.00e+00	0.00e+00	0.00e+00	0.00e+00	0.00e+00
 5.30156e+22	1.09e-10	5.00e-03	2.00e-01	3.52e-01	1.14e-01	1.69e-01	1.45e-01	1.61e-02	2.50e-04	4.33e-06	0.00e+00	0.00e+00	0.00e+00	0.00e+00	0.00e+00	0.00e+00	0.00e+00
 5.33613e+22	4.68e-10	5.64e-03	2.14e-01	3.61e-01	1.12e-01	1.62e-01	1.32e-01	1.37e-02	2.04e-04	3.47e-06	0.00e+00	0.00e+00	0.00e+00	0.00e+00	0.00e+00	0.00e+00	0.00e+00
 5.36641e+22	1.85e-09	6.31e-03	2.29e-01	3.68e-01	1.10e-01	1.55e-01	1.20e-01	1.18e-02	1.67e-04	2.80e-06	0.00e+00	0.00e+00	0.00e+00	0.00e+00	0.00e+00	0.00e+00	0.00e+00
 5.40094e+22	1.95e-08	7.26e-03	2.48e-01	3.76e-01	1.07e-01	1.46e-01	1.05e-01	9.63e-03	1.29e-04	2.11e-06	0.00e+00	0.00e+00	0.00e+00	0.00e+00	0.00e+00	0.00e+00	0.00e+00
 5.43575e+22	6.35e-08	8.08e-03	2.63e-01	3.82e-01	1.05e-01	1.39e-01	9.51e-02	8.19e-03	1.05e-04	1.69e-06	0.00e+00	0.00e+00	0.00e+00	0.00e+00	0.00e+00	0.00e+00	0.00e+00
 5.47092e+22	1.48e-07	9.21e-03	2.83e-01	3.87e-01	1.01e-01	1.30e-01	8.32e-02	6.64e-03	8.05e-05	1.27e-06	0.00e+00	0.00e+00	0.00e+00	0.00e+00	0.00e+00	0.00e+00	0.00e+00
 5.50663e+22	2.11e-07	1.03e-02	3.00e-01	3.90e-01	9.84e-02	1.22e-01	7.41e-02	5.55e-03	6.41e-05	9.98e-07	0.00e+00	0.00e+00	0.00e+00	0.00e+00	0.00e+00	0.00e+00	0.00e+00
 5.53805e+22	2.76e-07	1.13e-02	3.16e-01	3.92e-01	9.53e-02	1.15e-01	6.62e-02	4.67e-03	5.16e-05	7.90e-07	0.00e+00	0.00e+00	0.00e+00	0.00e+00	0.00e+00	0.00e+00	0.00e+00
 5.56843e+22	3.39e-07	1.25e-02	3.31e-01	3.93e-01	9.23e-02	1.08e-01	5.93e-02	3.94e-03	4.18e-05	6.30e-07	0.00e+00	0.00e+00	0.00e+00	0.00e+00	0.00e+00	0.00e+00	0.00e+00
 5.60246e+22	4.15e-07	1.40e-02	3.50e-01	3.92e-01	8.85e-02	1.00e-01	5.15e-02	3.18e-03	3.20e-05	4.74e-07	0.00e+00	0.00e+00	0.00e+00	0.00e+00	0.00e+00	0.00e+00	0.00e+00
 5.63840e+22	5.08e-07	1.54e-02	3.67e-01	3.91e-01	8.50e-02	9.32e-02	4.53e-02	2.62e-03	2.52e-05	3.66e-07	0.00e+00	0.00e+00	0.00e+00	0.00e+00	0.00e+00	0.00e+00	0.00e+00
 5.67177e+22	6.40e-07	1.70e-02	3.84e-01	3.89e-01	8.14e-02	8.65e-02	3.98e-02	2.16e-03	1.99e-05	2.83e-07	0.00e+00	0.00e+00	0.00e+00	0.00e+00	0.00e+00	0.00e+00	0.00e+00
 5.71008e+22	7.76e-07	1.92e-02	4.06e-01	3.84e-01	7.69e-02	7.82e-02	3.35e-02	1.67e-03	1.45e-05	2.02e-07	0.00e+00	0.00e+00	0.00e+00	0.00e+00	0.00e+00	0.00e+00	0.00e+00
 5.74853e+22	9.74e-07	2.10e-02	4.23e-01	3.80e-01	7.33e-02	7.20e-02	2.93e-02	1.36e-03	1.13e-05	1.55e-07	0.00e+00	0.00e+00	0.00e+00	0.00e+00	0.00e+00	0.00e+00	0.00e+00
 5.78717e+22	1.17e-06	2.36e-02	4.44e-01	3.73e-01	6.89e-02	6.48e-02	2.46e-02	1.05e-03	8.29e-06	0.00e+00	0.00e+00	0.00e+00	0.00e+00	0.00e+00	0.00e+00	0.00e+00	0.00e+00
 5.82687e+22	1.40e-06	2.59e-02	4.61e-01	3.66e-01	6.52e-02	5.90e-02	2.11e-02	8.37e-04	6.33e-06	0.00e+00	0.00e+00	0.00e+00	0.00e+00	0.00e+00	0.00e+00	0.00e+00	0.00e+00
 5.86796e+22	1.74e-06	2.90e-02	4.83e-01	3.57e-01	6.07e-02	5.23e-02	1.75e-02	6.32e-04	4.54e-06	0.00e+00	0.00e+00	0.00e+00	0.00e+00	0.00e+00	0.00e+00	0.00e+00	0.00e+00
 5.90980e+22	2.08e-06	3.18e-02	5.00e-01	3.48e-01	5.71e-02	4.72e-02	1.49e-02	4.99e-04	3.42e-06	0.00e+00	0.00e+00	0.00e+00	0.00e+00	0.00e+00	0.00e+00	0.00e+00	0.00e+00
 5.95261e+22	2.57e-06	3.56e-02	5.21e-01	3.37e-01	5.28e-02	4.14e-02	1.21e-02	3.70e-04	2.41e-06	0.00e+00	0.00e+00	0.00e+00	0.00e+00	0.00e+00	0.00e+00	0.00e+00	0.00e+00
 5.98983e+22	3.00e-06	3.82e-02	5.33e-01	3.29e-01	5.03e-02	3.81e-02	1.07e-02	3.09e-04	1.95e-06	0.00e+00	0.00e+00	0.00e+00	0.00e+00	0.00e+00	0.00e+00	0.00e+00	0.00e+00
 6.01579e+22	3.23e-06	4.04e-02	5.44e-01	3.22e-01	4.82e-02	3.55e-02	9.63e-03	2.64e-04	1.62e-06	0.00e+00	0.00e+00	0.00e+00	0.00e+00	0.00e+00	0.00e+00	0.00e+00	0.00e+00
 6.04552e+22	3.84e-06	4.35e-02	5.57e-01	3.13e-01	4.55e-02	3.23e-02	8.34e-03	2.14e-04	1.27e-06	0.00e+00	0.00e+00	0.00e+00	0.00e+00	0.00e+00	0.00e+00	0.00e+00	0.00e+00
 6.07647e+22	4.32e-06	4.63e-02	5.68e-01	3.05e-01	4.32e-02	2.96e-02	7.36e-03	1.78e-04	1.03e-06	0.00e+00	0.00e+00	0.00e+00	0.00e+00	0.00e+00	0.00e+00	0.00e+00	0.00e+00
 6.10900e+22	4.95e-06	5.02e-02	5.82e-01	2.94e-01	4.04e-02	2.65e-02	6.25e-03	1.40e-04	7.82e-07	0.00e+00	0.00e+00	0.00e+00	0.00e+00	0.00e+00	0.00e+00	0.00e+00	0.00e+00
 6.14140e+22	5.62e-06	5.33e-02	5.93e-01	2.86e-01	3.84e-02	2.43e-02	5.51e-03	1.17e-04	6.34e-07	0.00e+00	0.00e+00	0.00e+00	0.00e+00	0.00e+00	0.00e+00	0.00e+00	0.00e+00
 6.17363e+22	6.63e-06	5.73e-02	6.05e-01	2.75e-01	3.60e-02	2.18e-02	4.71e-03	9.32e-05	4.89e-07	0.00e+00	0.00e+00	0.00e+00	0.00e+00	0.00e+00	0.00e+00	0.00e+00	0.00e+00
 6.20689e+22	7.53e-06	6.12e-02	6.16e-01	2.65e-01	3.39e-02	1.98e-02	4.10e-03	7.61e-05	3.88e-07	0.00e+00	0.00e+00	0.00e+00	0.00e+00	0.00e+00	0.00e+00	0.00e+00	0.00e+00
 6.23663e+22	8.36e-06	6.49e-02	6.25e-01	2.56e-01	3.20e-02	1.80e-02	3.59e-03	6.28e-05	3.12e-07	0.00e+00	0.00e+00	0.00e+00	0.00e+00	0.00e+00	0.00e+00	0.00e+00	0.00e+00
 6.27045e+22	9.79e-06	6.98e-02	6.36e-01	2.45e-01	2.98e-02	1.60e-02	3.03e-03	4.94e-05	2.38e-07	0.00e+00	0.00e+00	0.00e+00	0.00e+00	0.00e+00	0.00e+00	0.00e+00	0.00e+00
 6.30528e+22	1.11e-05	7.43e-02	6.45e-01	2.35e-01	2.80e-02	1.44e-02	2.62e-03	4.00e-05	1.88e-07	0.00e+00	0.00e+00	0.00e+00	0.00e+00	0.00e+00	0.00e+00	0.00e+00	0.00e+00
 6.33668e+22	1.25e-05	7.90e-02	6.54e-01	2.26e-01	2.63e-02	1.29e-02	2.27e-03	3.25e-05	1.49e-07	0.00e+00	0.00e+00	0.00e+00	0.00e+00	0.00e+00	0.00e+00	0.00e+00	0.00e+00
 6.37279e+22	1.44e-05	8.52e-02	6.64e-01	2.14e-01	2.42e-02	1.13e-02	1.89e-03	2.50e-05	0.00e+00	0.00e+00	0.00e+00	0.00e+00	0.00e+00	0.00e+00	0.00e+00	0.00e+00	0.00e+00
 6.40947e+22	1.64e-05	9.05e-02	6.71e-01	2.04e-01	2.27e-02	1.01e-02	1.63e-03	2.01e-05	0.00e+00	0.00e+00	0.00e+00	0.00e+00	0.00e+00	0.00e+00	0.00e+00	0.00e+00	0.00e+00
 6.44690e+22	1.89e-05	9.76e-02	6.80e-01	1.92e-01	2.08e-02	8.77e-03	1.34e-03	1.53e-05	0.00e+00	0.00e+00	0.00e+00	0.00e+00	0.00e+00	0.00e+00	0.00e+00	0.00e+00	0.00e+00
 6.48516e+22	2.14e-05	1.04e-01	6.86e-01	1.82e-01	1.93e-02	7.78e-03	1.14e-03	1.22e-05	0.00e+00	0.00e+00	0.00e+00	0.00e+00	0.00e+00	0.00e+00	0.00e+00	0.00e+00	0.00e+00
 6.52451e+22	2.51e-05	1.12e-01	6.93e-01	1.70e-01	1.77e-02	6.70e-03	9.39e-04	9.19e-06	0.00e+00	0.00e+00	0.00e+00	0.00e+00	0.00e+00	0.00e+00	0.00e+00	0.00e+00	0.00e+00
 6.56489e+22	2.86e-05	1.19e-01	6.98e-01	1.60e-01	1.63e-02	5.88e-03	7.91e-04	7.21e-06	0.00e+00	0.00e+00	0.00e+00	0.00e+00	0.00e+00	0.00e+00	0.00e+00	0.00e+00	0.00e+00
 6.60663e+22	3.34e-05	1.28e-01	7.03e-01	1.48e-01	1.48e-02	4.99e-03	6.40e-04	5.34e-06	0.00e+00	0.00e+00	0.00e+00	0.00e+00	0.00e+00	0.00e+00	0.00e+00	0.00e+00	0.00e+00
 6.64886e+22	3.80e-05	1.37e-01	7.06e-01	1.39e-01	1.36e-02	4.36e-03	5.37e-04	4.16e-06	0.00e+00	0.00e+00	0.00e+00	0.00e+00	0.00e+00	0.00e+00	0.00e+00	0.00e+00	0.00e+00
 6.69173e+22	4.44e-05	1.47e-01	7.09e-01	1.28e-01	1.22e-02	3.67e-03	4.32e-04	3.06e-06	0.00e+00	0.00e+00	0.00e+00	0.00e+00	0.00e+00	0.00e+00	0.00e+00	0.00e+00	0.00e+00
 6.73528e+22	5.06e-05	1.57e-01	7.10e-01	1.19e-01	1.12e-02	3.19e-03	3.60e-04	2.37e-06	0.00e+00	0.00e+00	0.00e+00	0.00e+00	0.00e+00	0.00e+00	0.00e+00	0.00e+00	0.00e+00
 6.77972e+22	5.94e-05	1.69e-01	7.10e-01	1.08e-01	1.00e-02	2.65e-03	2.86e-04	1.72e-06	0.00e+00	0.00e+00	0.00e+00	0.00e+00	0.00e+00	0.00e+00	0.00e+00	0.00e+00	0.00e+00
 6.82456e+22	6.72e-05	1.79e-01	7.09e-01	1.00e-01	9.14e-03	2.30e-03	2.39e-04	1.34e-06	0.00e+00	0.00e+00	0.00e+00	0.00e+00	0.00e+00	0.00e+00	0.00e+00	0.00e+00	0.00e+00
 6.86994e+22	7.89e-05	1.92e-01	7.07e-01	9.04e-02	8.11e-03	1.90e-03	1.89e-04	9.60e-07	0.00e+00	0.00e+00	0.00e+00	0.00e+00	0.00e+00	0.00e+00	0.00e+00	0.00e+00	0.00e+00
 6.91619e+22	8.94e-05	2.04e-01	7.04e-01	8.32e-02	7.37e-03	1.63e-03	1.56e-04	7.41e-07	0.00e+00	0.00e+00	0.00e+00	0.00e+00	0.00e+00	0.00e+00	0.00e+00	0.00e+00	0.00e+00
 6.96359e+22	1.05e-04	2.19e-01	6.99e-01	7.42e-02	6.49e-03	1.34e-03	1.22e-04	5.27e-07	0.00e+00	0.00e+00	0.00e+00	0.00e+00	0.00e+00	0.00e+00	0.00e+00	0.00e+00	0.00e+00
 7.01235e+22	1.19e-04	2.32e-01	6.93e-01	6.76e-02	5.84e-03	1.14e-03	1.00e-04	4.01e-07	0.00e+00	0.00e+00	0.00e+00	0.00e+00	0.00e+00	0.00e+00	0.00e+00	0.00e+00	0.00e+00
 7.06289e+22	1.41e-04	2.50e-01	6.84e-01	5.92e-02	5.06e-03	9.12e-04	7.67e-05	2.77e-07	0.00e+00	0.00e+00	0.00e+00	0.00e+00	0.00e+00	0.00e+00	0.00e+00	0.00e+00	0.00e+00
 7.11464e+22	1.60e-04	2.65e-01	6.77e-01	5.34e-02	4.53e-03	7.71e-04	6.26e-05	2.09e-07	0.00e+00	0.00e+00	0.00e+00	0.00e+00	0.00e+00	0.00e+00	0.00e+00	0.00e+00	0.00e+00
 7.16798e+22	1.90e-04	2.85e-01	6.64e-01	4.60e-02	3.87e-03	6.10e-04	4.72e-05	1.42e-07	0.00e+00	0.00e+00	0.00e+00	0.00e+00	0.00e+00	0.00e+00	0.00e+00	0.00e+00	0.00e+00
 7.22315e+22	2.18e-04	3.02e-01	6.53e-01	4.07e-02	3.41e-03	5.05e-04	3.77e-05	0.00e+00	0.00e+00	0.00e+00	0.00e+00	0.00e+00	0.00e+00	0.00e+00	0.00e+00	0.00e+00	0.00e+00
 7.28070e+22	2.61e-04	3.26e-01	6.36e-01	3.43e-02	2.86e-03	3.91e-04	2.79e-05	0.00e+00	0.00e+00	0.00e+00	0.00e+00	0.00e+00	0.00e+00	0.00e+00	0.00e+00	0.00e+00	0.00e+00
 7.34075e+22	3.02e-04	3.46e-01	6.21e-01	2.96e-02	2.46e-03	3.16e-04	2.17e-05	0.00e+00	0.00e+00	0.00e+00	0.00e+00	0.00e+00	0.00e+00	0.00e+00	0.00e+00	0.00e+00	0.00e+00
 7.40278e+22	3.63e-04	3.73e-01	6.00e-01	2.43e-02	2.02e-03	2.39e-04	1.57e-05	0.00e+00	0.00e+00	0.00e+00	0.00e+00	0.00e+00	0.00e+00	0.00e+00	0.00e+00	0.00e+00	0.00e+00
 7.45654e+22	4.03e-04	3.88e-01	5.87e-01	2.17e-02	1.81e-03	2.06e-04	1.32e-05	0.00e+00	0.00e+00	0.00e+00	0.00e+00	0.00e+00	0.00e+00	0.00e+00	0.00e+00	0.00e+00	0.00e+00
 7.50084e+22	4.58e-04	4.09e-01	5.70e-01	1.86e-02	1.56e-03	1.67e-04	1.05e-05	0.00e+00	0.00e+00	0.00e+00	0.00e+00	0.00e+00	0.00e+00	0.00e+00	0.00e+00	0.00e+00	0.00e+00
 7.54769e+22	5.16e-04	4.28e-01	5.54e-01	1.61e-02	1.35e-03	1.38e-04	8.47e-06	0.00e+00	0.00e+00	0.00e+00	0.00e+00	0.00e+00	0.00e+00	0.00e+00	0.00e+00	0.00e+00	0.00e+00
 7.59786e+22	5.99e-04	4.53e-01	5.32e-01	1.33e-02	1.12e-03	1.08e-04	6.42e-06	0.00e+00	0.00e+00	0.00e+00	0.00e+00	0.00e+00	0.00e+00	0.00e+00	0.00e+00	0.00e+00	0.00e+00
 7.64890e+22	6.75e-04	4.74e-01	5.13e-01	1.13e-02	9.57e-04	8.75e-05	5.11e-06	0.00e+00	0.00e+00	0.00e+00	0.00e+00	0.00e+00	0.00e+00	0.00e+00	0.00e+00	0.00e+00	0.00e+00
 7.70107e+22	7.87e-04	5.02e-01	4.88e-01	9.05e-03	7.70e-04	6.61e-05	3.78e-06	0.00e+00	0.00e+00	0.00e+00	0.00e+00	0.00e+00	0.00e+00	0.00e+00	0.00e+00	0.00e+00	0.00e+00
 7.75530e+22	8.97e-04	5.26e-01	4.65e-01	7.37e-03	6.30e-04	5.12e-05	2.89e-06	0.00e+00	0.00e+00	0.00e+00	0.00e+00	0.00e+00	0.00e+00	0.00e+00	0.00e+00	0.00e+00	0.00e+00
 7.79834e+22	9.92e-04	5.46e-01	4.46e-01	6.22e-03	5.33e-04	4.15e-05	2.33e-06	0.00e+00	0.00e+00	0.00e+00	0.00e+00	0.00e+00	0.00e+00	0.00e+00	0.00e+00	0.00e+00	0.00e+00
 7.83446e+22	1.09e-03	5.65e-01	4.28e-01	5.27e-03	4.52e-04	3.39e-05	1.89e-06	0.00e+00	0.00e+00	0.00e+00	0.00e+00	0.00e+00	0.00e+00	0.00e+00	0.00e+00	0.00e+00	0.00e+00
 7.87546e+22	1.22e-03	5.90e-01	4.04e-01	4.22e-03	3.61e-04	2.58e-05	1.44e-06	0.00e+00	0.00e+00	0.00e+00	0.00e+00	0.00e+00	0.00e+00	0.00e+00	0.00e+00	0.00e+00	0.00e+00
 7.91894e+22	1.35e-03	6.14e-01	3.81e-01	3.36e-03	2.87e-04	1.96e-05	1.10e-06	0.00e+00	0.00e+00	0.00e+00	0.00e+00	0.00e+00	0.00e+00	0.00e+00	0.00e+00	0.00e+00	0.00e+00
 7.95746e+22	1.47e-03	6.37e-01	3.59e-01	2.69e-03	2.28e-04	1.49e-05	8.46e-07	0.00e+00	0.00e+00	0.00e+00	0.00e+00	0.00e+00	0.00e+00	0.00e+00	0.00e+00	0.00e+00	0.00e+00
 7.99269e+22	1.59e-03	6.59e-01	3.37e-01	2.15e-03	1.81e-04	1.14e-05	6.52e-07	0.00e+00	0.00e+00	0.00e+00	0.00e+00	0.00e+00	0.00e+00	0.00e+00	0.00e+00	0.00e+00	0.00e+00
