#depth	O	O+	O+2	O+3	O+4	O+5	O+6	O+7	O+8	O[1]	O[2]	O[3]
 1.54284e+22	3.42e-19	3.70e-14	1.51e-10	5.56e-08	4.45e-06	1.44e-04	2.71e-02	2.85e-01	6.87e-01	0.00e+00	0.00e+00	0.00e+00
 3.43703e+22	6.02e-18	4.48e-13	1.28e-09	3.33e-07	1.84e-05	3.94e-04	4.98e-02	3.57e-01	5.92e-01	0.00e+00	0.00e+00	0.00e+00
 3.96406e+22	1.96e-17	1.25e-12	3.09e-09	7.00e-07	3.33e-05	6.00e-04	6.39e-02	3.89e-01	5.47e-01	0.00e+00	0.00e+00	0.00e+00
 4.22758e+22	3.41e-17	2.03e-12	4.68e-09	9.92e-07	4.40e-05	7.30e-04	7.18e-02	4.03e-01	5.24e-01	3.41e-17	8.92e-28	9.48e-28
 4.34585e+22	4.13e-17	2.40e-12	5.40e-09	1.12e-06	4.85e-05	7.82e-04	7.47e-02	4.08e-01	5.16e-01	4.13e-17	7.81e-26	9.83e-26
 4.41585e+22	5.22e-17	2.94e-12	6.43e-09	1.30e-06	5.45e-05	8.49e-04	7.84e-02	4.14e-01	5.07e-01	5.22e-17	9.88e-26	1.24e-25
 4.49478e+22	6.59e-17	3.61e-12	7.66e-09	1.50e-06	6.13e-05	9.23e-04	8.23e-02	4.20e-01	4.97e-01	6.59e-17	1.25e-25	1.57e-25
 4.57345e+22	8.27e-17	4.39e-12	9.08e-09	1.73e-06	6.86e-05	1.00e-03	8.62e-02	4.26e-01	4.87e-01	8.27e-17	1.56e-25	1.97e-25
 4.66387e+22	1.11e-16	5.69e-12	1.14e-08	2.09e-06	7.97e-05	1.11e-03	9.16e-02	4.33e-01	4.74e-01	1.11e-16	2.11e-25	2.65e-25
 4.75436e+22	1.39e-16	6.91e-12	1.34e-08	2.40e-06	8.90e-05	1.20e-03	9.58e-02	4.38e-01	4.65e-01	1.39e-16	2.63e-25	3.31e-25
 4.84497e+22	1.88e-16	8.97e-12	1.68e-08	2.90e-06	1.04e-04	1.34e-03	1.02e-01	4.45e-01	4.52e-01	1.88e-16	3.55e-25	4.47e-25
 4.93679e+22	2.34e-16	1.09e-11	1.98e-08	3.33e-06	1.16e-04	1.44e-03	1.06e-01	4.50e-01	4.42e-01	2.34e-16	4.43e-25	5.58e-25
 5.03021e+22	3.16e-16	1.41e-11	2.48e-08	4.02e-06	1.34e-04	1.60e-03	1.13e-01	4.57e-01	4.29e-01	3.16e-16	5.97e-25	7.52e-25
 5.12552e+22	4.02e-16	1.74e-11	2.97e-08	4.68e-06	1.52e-04	1.75e-03	1.18e-01	4.62e-01	4.18e-01	4.02e-16	7.59e-25	9.56e-25
 5.22330e+22	5.45e-16	2.27e-11	3.73e-08	5.67e-06	1.77e-04	1.95e-03	1.26e-01	4.68e-01	4.04e-01	5.45e-16	1.03e-24	1.30e-24
 5.32245e+22	6.98e-16	2.82e-11	4.49e-08	6.62e-06	2.00e-04	2.12e-03	1.32e-01	4.72e-01	3.93e-01	6.98e-16	1.32e-24	1.66e-24
 5.40493e+22	8.65e-16	3.40e-11	5.27e-08	7.58e-06	2.23e-04	2.29e-03	1.38e-01	4.76e-01	3.84e-01	8.65e-16	1.63e-24	2.06e-24
 5.49369e+22	1.14e-15	4.34e-11	6.51e-08	9.06e-06	2.58e-04	2.53e-03	1.45e-01	4.81e-01	3.71e-01	1.14e-15	2.16e-24	2.72e-24
 5.58253e+22	1.41e-15	5.21e-11	7.62e-08	1.03e-05	2.87e-04	2.73e-03	1.51e-01	4.84e-01	3.61e-01	1.41e-15	2.67e-24	3.36e-24
 5.67146e+22	1.87e-15	6.64e-11	9.40e-08	1.24e-05	3.31e-04	3.01e-03	1.60e-01	4.89e-01	3.48e-01	1.87e-15	3.53e-24	4.44e-24
 5.76139e+22	2.31e-15	8.01e-11	1.11e-07	1.42e-05	3.69e-04	3.25e-03	1.66e-01	4.92e-01	3.38e-01	2.31e-15	4.37e-24	5.50e-24
 5.85260e+22	3.07e-15	1.03e-10	1.37e-07	1.70e-05	4.28e-04	3.61e-03	1.76e-01	4.95e-01	3.25e-01	3.07e-15	5.81e-24	7.30e-24
 5.94487e+22	3.82e-15	1.24e-10	1.62e-07	1.96e-05	4.79e-04	3.90e-03	1.83e-01	4.97e-01	3.15e-01	3.82e-15	7.22e-24	9.08e-24
 6.03850e+22	5.10e-15	1.60e-10	2.01e-07	2.36e-05	5.58e-04	4.34e-03	1.94e-01	5.00e-01	3.01e-01	5.10e-15	9.63e-24	1.21e-23
 6.13344e+22	6.36e-15	1.94e-10	2.38e-07	2.72e-05	6.27e-04	4.71e-03	2.02e-01	5.02e-01	2.91e-01	6.36e-15	1.20e-23	1.51e-23
 6.23009e+22	8.49e-15	2.49e-10	2.96e-07	3.29e-05	7.32e-04	5.25e-03	2.13e-01	5.03e-01	2.77e-01	8.49e-15	1.60e-23	2.02e-23
 6.32883e+22	1.07e-14	3.05e-10	3.53e-07	3.82e-05	8.30e-04	5.72e-03	2.23e-01	5.04e-01	2.66e-01	1.07e-14	2.02e-23	2.54e-23
 6.43030e+22	1.44e-14	3.94e-10	4.43e-07	4.65e-05	9.76e-04	6.41e-03	2.36e-01	5.04e-01	2.52e-01	1.44e-14	2.71e-23	3.41e-23
 6.53382e+22	1.81e-14	4.84e-10	5.30e-07	5.44e-05	1.11e-03	7.02e-03	2.47e-01	5.04e-01	2.41e-01	1.81e-14	3.43e-23	4.31e-23
 6.63629e+22	2.40e-14	6.18e-10	6.58e-07	6.57e-05	1.30e-03	7.84e-03	2.60e-01	5.03e-01	2.28e-01	2.40e-14	4.53e-23	5.69e-23
 6.73366e+22	2.92e-14	7.35e-10	7.68e-07	7.52e-05	1.46e-03	8.49e-03	2.70e-01	5.01e-01	2.18e-01	2.92e-14	5.52e-23	6.94e-23
 6.82808e+22	3.76e-14	9.18e-10	9.37e-07	8.97e-05	1.69e-03	9.43e-03	2.84e-01	4.99e-01	2.06e-01	3.76e-14	7.11e-23	8.93e-23
 6.92429e+22	4.58e-14	1.09e-09	1.10e-06	1.03e-04	1.90e-03	1.02e-02	2.95e-01	4.96e-01	1.96e-01	4.58e-14	8.66e-23	1.09e-22
 7.01844e+22	5.75e-14	1.34e-09	1.32e-06	1.21e-04	2.19e-03	1.13e-02	3.09e-01	4.93e-01	1.85e-01	5.75e-14	1.09e-22	1.37e-22
 7.11454e+22	6.98e-14	1.59e-09	1.54e-06	1.40e-04	2.46e-03	1.23e-02	3.21e-01	4.89e-01	1.75e-01	6.98e-14	1.32e-22	1.66e-22
 7.20827e+22	8.55e-14	1.90e-09	1.82e-06	1.63e-04	2.81e-03	1.35e-02	3.35e-01	4.84e-01	1.65e-01	8.55e-14	1.62e-22	2.03e-22
 7.30391e+22	1.03e-13	2.24e-09	2.12e-06	1.87e-04	3.17e-03	1.48e-02	3.48e-01	4.79e-01	1.55e-01	1.03e-13	1.95e-22	2.45e-22
 7.39872e+22	1.24e-13	2.64e-09	2.47e-06	2.16e-04	3.59e-03	1.61e-02	3.61e-01	4.73e-01	1.46e-01	1.24e-13	2.34e-22	2.94e-22
 7.49400e+22	1.47e-13	3.09e-09	2.86e-06	2.47e-04	4.04e-03	1.76e-02	3.74e-01	4.67e-01	1.37e-01	1.47e-13	2.79e-22	3.49e-22
 7.58823e+22	1.73e-13	3.58e-09	3.30e-06	2.82e-04	4.54e-03	1.91e-02	3.87e-01	4.60e-01	1.29e-01	1.73e-13	3.28e-22	4.12e-22
 7.68230e+22	2.02e-13	4.13e-09	3.78e-06	3.21e-04	5.09e-03	2.08e-02	4.00e-01	4.53e-01	1.21e-01	2.02e-13	3.84e-22	4.81e-22
 7.77657e+22	2.35e-13	4.73e-09	4.32e-06	3.65e-04	5.69e-03	2.26e-02	4.13e-01	4.45e-01	1.13e-01	2.35e-13	4.45e-22	5.58e-22
 7.87125e+22	2.70e-13	5.39e-09	4.91e-06	4.13e-04	6.34e-03	2.45e-02	4.26e-01	4.37e-01	1.06e-01	2.70e-13	5.13e-22	6.43e-22
 7.96654e+22	3.09e-13	6.11e-09	5.57e-06	4.66e-04	7.07e-03	2.65e-02	4.39e-01	4.28e-01	9.88e-02	3.09e-13	5.87e-22	7.36e-22
 8.06273e+22	3.52e-13	6.90e-09	6.29e-06	5.25e-04	7.85e-03	2.87e-02	4.52e-01	4.19e-01	9.21e-02	3.52e-13	6.68e-22	8.37e-22
 8.16010e+22	3.98e-13	7.77e-09	7.09e-06	5.91e-04	8.72e-03	3.10e-02	4.64e-01	4.10e-01	8.57e-02	3.98e-13	7.57e-22	9.48e-22
 8.25798e+22	4.48e-13	8.69e-09	7.97e-06	6.64e-04	9.65e-03	3.34e-02	4.76e-01	4.00e-01	7.97e-02	4.48e-13	8.51e-22	1.07e-21
 8.35748e+22	5.02e-13	9.71e-09	8.95e-06	7.45e-04	1.07e-02	3.61e-02	4.89e-01	3.90e-01	7.39e-02	5.02e-13	9.55e-22	1.20e-21
 8.45818e+22	5.59e-13	1.08e-08	1.00e-05	8.34e-04	1.18e-02	3.89e-02	5.00e-01	3.80e-01	6.85e-02	5.59e-13	1.06e-21	1.33e-21
 8.56087e+22	6.21e-13	1.20e-08	1.12e-05	9.35e-04	1.30e-02	4.20e-02	5.12e-01	3.69e-01	6.32e-02	6.21e-13	1.18e-21	1.48e-21
 8.65644e+22	6.76e-13	1.31e-08	1.23e-05	1.03e-03	1.41e-02	4.46e-02	5.21e-01	3.60e-01	5.92e-02	6.76e-13	1.29e-21	1.61e-21
 8.75482e+22	7.48e-13	1.45e-08	1.37e-05	1.15e-03	1.56e-02	4.81e-02	5.32e-01	3.48e-01	5.43e-02	7.48e-13	1.43e-21	1.79e-21
 8.85491e+22	8.11e-13	1.57e-08	1.51e-05	1.26e-03	1.68e-02	5.11e-02	5.41e-01	3.39e-01	5.07e-02	8.11e-13	1.55e-21	1.94e-21
 8.95753e+22	8.90e-13	1.74e-08	1.68e-05	1.42e-03	1.86e-02	5.51e-02	5.52e-01	3.27e-01	4.62e-02	8.90e-13	1.70e-21	2.13e-21
 9.06064e+22	9.66e-13	1.89e-08	1.84e-05	1.55e-03	2.00e-02	5.83e-02	5.59e-01	3.18e-01	4.31e-02	9.66e-13	1.85e-21	2.31e-21
 9.16437e+22	1.06e-12	2.08e-08	2.06e-05	1.74e-03	2.20e-02	6.27e-02	5.68e-01	3.06e-01	3.93e-02	1.06e-12	2.03e-21	2.53e-21
 9.26875e+22	1.14e-12	2.25e-08	2.25e-05	1.90e-03	2.36e-02	6.62e-02	5.75e-01	2.97e-01	3.65e-02	1.14e-12	2.19e-21	2.73e-21
 9.37398e+22	1.24e-12	2.48e-08	2.50e-05	2.13e-03	2.58e-02	7.10e-02	5.83e-01	2.85e-01	3.32e-02	1.24e-12	2.39e-21	2.98e-21
 9.48013e+22	1.34e-12	2.68e-08	2.73e-05	2.32e-03	2.76e-02	7.48e-02	5.89e-01	2.75e-01	3.08e-02	1.34e-12	2.57e-21	3.21e-21
 9.58747e+22	1.46e-12	2.96e-08	3.05e-05	2.60e-03	3.01e-02	8.01e-02	5.96e-01	2.64e-01	2.79e-02	1.46e-12	2.81e-21	3.50e-21
 9.69620e+22	1.57e-12	3.20e-08	3.33e-05	2.83e-03	3.22e-02	8.43e-02	6.00e-01	2.54e-01	2.58e-02	1.57e-12	3.02e-21	3.77e-21
 9.80672e+22	1.71e-12	3.54e-08	3.73e-05	3.17e-03	3.51e-02	9.00e-02	6.06e-01	2.43e-01	2.33e-02	1.71e-12	3.30e-21	4.12e-21
 9.91911e+22	1.85e-12	3.85e-08	4.09e-05	3.47e-03	3.75e-02	9.46e-02	6.09e-01	2.34e-01	2.15e-02	1.85e-12	3.57e-21	4.45e-21
 1.00339e+23	2.02e-12	4.27e-08	4.59e-05	3.89e-03	4.08e-02	1.01e-01	6.13e-01	2.22e-01	1.93e-02	2.02e-12	3.91e-21	4.88e-21
 1.01512e+23	2.20e-12	4.67e-08	5.05e-05	4.26e-03	4.36e-02	1.06e-01	6.15e-01	2.13e-01	1.77e-02	2.20e-12	4.25e-21	5.30e-21
 1.02717e+23	2.42e-12	5.22e-08	5.70e-05	4.79e-03	4.74e-02	1.13e-01	6.18e-01	2.01e-01	1.58e-02	2.42e-12	4.69e-21	5.85e-21
 1.03952e+23	2.65e-12	5.76e-08	6.32e-05	5.27e-03	5.06e-02	1.19e-01	6.19e-01	1.92e-01	1.44e-02	2.65e-12	5.14e-21	6.41e-21
 1.04990e+23	2.86e-12	6.27e-08	6.91e-05	5.72e-03	5.36e-02	1.24e-01	6.19e-01	1.85e-01	1.32e-02	2.86e-12	5.56e-21	6.92e-21
 1.06104e+23	3.14e-12	6.98e-08	7.75e-05	6.36e-03	5.76e-02	1.30e-01	6.19e-01	1.75e-01	1.19e-02	3.14e-12	6.12e-21	7.63e-21
 1.07238e+23	3.41e-12	7.65e-08	8.51e-05	6.92e-03	6.09e-02	1.36e-01	6.18e-01	1.68e-01	1.09e-02	3.41e-12	6.66e-21	8.30e-21
 1.08221e+23	3.69e-12	8.34e-08	9.30e-05	7.49e-03	6.42e-02	1.41e-01	6.16e-01	1.61e-01	1.01e-02	3.69e-12	7.21e-21	8.98e-21
 1.09323e+23	4.05e-12	9.30e-08	1.04e-04	8.30e-03	6.86e-02	1.48e-01	6.14e-01	1.52e-01	9.02e-03	4.05e-12	7.95e-21	9.89e-21
 1.10422e+23	4.44e-12	1.02e-07	1.14e-04	8.97e-03	7.22e-02	1.53e-01	6.11e-01	1.45e-01	8.32e-03	4.44e-12	8.72e-21	1.09e-20
 1.11518e+23	4.91e-12	1.15e-07	1.28e-04	9.92e-03	7.70e-02	1.61e-01	6.08e-01	1.37e-01	7.46e-03	4.91e-12	9.67e-21	1.20e-20
 1.12630e+23	5.40e-12	1.27e-07	1.41e-04	1.07e-02	8.10e-02	1.66e-01	6.04e-01	1.31e-01	6.85e-03	5.40e-12	1.07e-20	1.33e-20
 1.13763e+23	6.04e-12	1.43e-07	1.59e-04	1.19e-02	8.62e-02	1.74e-01	5.99e-01	1.23e-01	6.12e-03	6.04e-12	1.19e-20	1.49e-20
 1.14915e+23	6.72e-12	1.60e-07	1.76e-04	1.29e-02	9.07e-02	1.79e-01	5.94e-01	1.17e-01	5.60e-03	6.72e-12	1.33e-20	1.66e-20
 1.16093e+23	7.56e-12	1.82e-07	1.99e-04	1.43e-02	9.66e-02	1.87e-01	5.87e-01	1.10e-01	4.96e-03	7.56e-12	1.50e-20	1.87e-20
 1.17288e+23	8.49e-12	2.04e-07	2.21e-04	1.55e-02	1.02e-01	1.93e-01	5.81e-01	1.04e-01	4.52e-03	8.49e-12	1.69e-20	2.10e-20
 1.18508e+23	9.67e-12	2.35e-07	2.53e-04	1.73e-02	1.08e-01	2.01e-01	5.72e-01	9.72e-02	3.98e-03	9.67e-12	1.94e-20	2.40e-20
 1.19757e+23	1.09e-11	2.66e-07	2.82e-04	1.88e-02	1.14e-01	2.07e-01	5.65e-01	9.18e-02	3.60e-03	1.09e-11	2.20e-20	2.72e-20
 1.21044e+23	1.27e-11	3.11e-07	3.25e-04	2.10e-02	1.21e-01	2.15e-01	5.54e-01	8.50e-02	3.15e-03	1.27e-11	2.56e-20	3.18e-20
 1.22364e+23	1.46e-11	3.56e-07	3.65e-04	2.30e-02	1.27e-01	2.21e-01	5.45e-01	7.98e-02	2.83e-03	1.46e-11	2.94e-20	3.65e-20
 1.23727e+23	1.72e-11	4.23e-07	4.25e-04	2.57e-02	1.36e-01	2.30e-01	5.33e-01	7.34e-02	2.45e-03	1.72e-11	3.50e-20	4.33e-20
 1.25103e+23	2.00e-11	4.87e-07	4.79e-04	2.81e-02	1.43e-01	2.36e-01	5.22e-01	6.87e-02	2.19e-03	2.00e-11	4.07e-20	5.04e-20
 1.26496e+23	2.38e-11	5.83e-07	5.59e-04	3.14e-02	1.52e-01	2.44e-01	5.08e-01	6.28e-02	1.88e-03	2.38e-11	4.88e-20	6.04e-20
 1.27905e+23	2.79e-11	6.76e-07	6.32e-04	3.44e-02	1.59e-01	2.49e-01	4.96e-01	5.86e-02	1.67e-03	2.79e-11	5.74e-20	7.10e-20
 1.29333e+23	3.38e-11	8.15e-07	7.40e-04	3.84e-02	1.69e-01	2.57e-01	4.81e-01	5.32e-02	1.43e-03	3.38e-11	6.99e-20	8.65e-20
 1.30728e+23	3.95e-11	9.41e-07	8.31e-04	4.17e-02	1.77e-01	2.61e-01	4.69e-01	4.97e-02	1.28e-03	3.95e-11	8.21e-20	1.01e-19
 1.32080e+23	4.76e-11	1.13e-06	9.64e-04	4.63e-02	1.86e-01	2.67e-01	4.53e-01	4.52e-02	1.10e-03	4.76e-11	9.95e-20	1.23e-19
 1.33478e+23	5.65e-11	1.31e-06	1.09e-03	5.04e-02	1.95e-01	2.71e-01	4.40e-01	4.19e-02	9.70e-04	5.65e-11	1.19e-19	1.46e-19
 1.34671e+23	6.52e-11	1.50e-06	1.22e-03	5.42e-02	2.02e-01	2.75e-01	4.28e-01	3.90e-02	8.66e-04	6.52e-11	1.38e-19	1.70e-19
 1.35958e+23	7.88e-11	1.78e-06	1.39e-03	5.95e-02	2.11e-01	2.79e-01	4.12e-01	3.57e-02	7.50e-04	7.88e-11	1.67e-19	2.06e-19
 1.37265e+23	9.24e-11	2.06e-06	1.56e-03	6.42e-02	2.19e-01	2.82e-01	3.99e-01	3.30e-02	6.64e-04	9.24e-11	1.97e-19	2.43e-19
 1.38416e+23	1.08e-10	2.37e-06	1.74e-03	6.90e-02	2.27e-01	2.85e-01	3.86e-01	3.06e-02	5.90e-04	1.08e-10	2.32e-19	2.85e-19
 1.39729e+23	1.32e-10	2.82e-06	1.99e-03	7.54e-02	2.36e-01	2.88e-01	3.70e-01	2.78e-02	5.08e-04	1.32e-10	2.84e-19	3.50e-19
 1.41097e+23	1.57e-10	3.30e-06	2.25e-03	8.15e-02	2.45e-01	2.90e-01	3.56e-01	2.54e-02	4.43e-04	1.57e-10	3.41e-19	4.20e-19
 1.42323e+23	1.86e-10	3.82e-06	2.52e-03	8.76e-02	2.53e-01	2.91e-01	3.43e-01	2.34e-02	3.90e-04	1.86e-10	4.06e-19	4.99e-19
 1.43704e+23	2.30e-10	4.58e-06	2.89e-03	9.57e-02	2.63e-01	2.92e-01	3.26e-01	2.10e-02	3.32e-04	2.30e-10	5.08e-19	6.24e-19
 1.45148e+23	2.79e-10	5.41e-06	3.28e-03	1.03e-01	2.71e-01	2.92e-01	3.11e-01	1.90e-02	2.85e-04	2.79e-10	6.20e-19	7.61e-19
 1.46451e+23	3.35e-10	6.30e-06	3.67e-03	1.11e-01	2.79e-01	2.92e-01	2.97e-01	1.73e-02	2.48e-04	3.35e-10	7.49e-19	9.19e-19
 1.47922e+23	4.22e-10	7.64e-06	4.24e-03	1.21e-01	2.89e-01	2.90e-01	2.79e-01	1.54e-02	2.07e-04	4.22e-10	9.55e-19	1.17e-18
 1.49441e+23	5.18e-10	9.05e-06	4.80e-03	1.31e-01	2.98e-01	2.89e-01	2.64e-01	1.38e-02	1.76e-04	5.18e-10	1.18e-18	1.45e-18
 1.50796e+23	6.29e-10	1.06e-05	5.39e-03	1.40e-01	3.05e-01	2.86e-01	2.50e-01	1.24e-02	1.51e-04	6.29e-10	1.45e-18	1.77e-18
 1.52329e+23	8.03e-10	1.29e-05	6.23e-03	1.53e-01	3.14e-01	2.83e-01	2.33e-01	1.09e-02	1.25e-04	8.03e-10	1.87e-18	2.29e-18
 1.53921e+23	9.99e-10	1.54e-05	7.07e-03	1.64e-01	3.21e-01	2.79e-01	2.18e-01	9.63e-03	1.04e-04	9.99e-10	2.35e-18	2.87e-18
 1.55350e+23	1.23e-09	1.81e-05	7.94e-03	1.76e-01	3.28e-01	2.75e-01	2.05e-01	8.59e-03	8.82e-05	1.23e-09	2.91e-18	3.56e-18
 1.56967e+23	1.60e-09	2.23e-05	9.19e-03	1.91e-01	3.36e-01	2.68e-01	1.88e-01	7.38e-03	7.10e-05	1.60e-09	3.85e-18	4.69e-18
 1.58641e+23	2.00e-09	2.66e-05	1.04e-02	2.04e-01	3.41e-01	2.62e-01	1.75e-01	6.47e-03	5.87e-05	2.00e-09	4.88e-18	5.95e-18
 1.60155e+23	2.49e-09	3.15e-05	1.17e-02	2.18e-01	3.46e-01	2.56e-01	1.62e-01	5.67e-03	4.87e-05	2.49e-09	6.17e-18	7.51e-18
 1.61890e+23	3.32e-09	3.91e-05	1.36e-02	2.36e-01	3.52e-01	2.47e-01	1.47e-01	4.76e-03	3.81e-05	3.32e-09	8.35e-18	1.02e-17
 1.63640e+23	4.17e-09	4.66e-05	1.53e-02	2.51e-01	3.55e-01	2.40e-01	1.35e-01	4.13e-03	3.11e-05	4.17e-09	1.06e-17	1.29e-17
 1.65411e+23	5.54e-09	5.74e-05	1.77e-02	2.70e-01	3.58e-01	2.29e-01	1.21e-01	3.45e-03	2.43e-05	5.54e-09	1.44e-17	1.75e-17
 1.67222e+23	7.07e-09	6.89e-05	2.00e-02	2.87e-01	3.60e-01	2.20e-01	1.10e-01	2.94e-03	1.94e-05	7.07e-09	1.87e-17	2.27e-17
 1.68813e+23	8.87e-09	8.15e-05	2.24e-02	3.03e-01	3.60e-01	2.12e-01	1.00e-01	2.53e-03	1.58e-05	8.87e-09	2.39e-17	2.90e-17
 1.70610e+23	1.19e-08	1.01e-04	2.57e-02	3.23e-01	3.60e-01	2.00e-01	8.87e-02	2.07e-03	1.20e-05	1.19e-08	3.28e-17	3.97e-17
 1.72453e+23	1.51e-08	1.20e-04	2.89e-02	3.41e-01	3.58e-01	1.90e-01	7.98e-02	1.75e-03	9.51e-06	1.51e-08	4.27e-17	5.16e-17
 1.74356e+23	2.05e-08	1.49e-04	3.32e-02	3.62e-01	3.55e-01	1.78e-01	6.98e-02	1.41e-03	7.10e-06	2.05e-08	5.93e-17	7.17e-17
 1.76290e+23	2.62e-08	1.78e-04	3.71e-02	3.80e-01	3.51e-01	1.68e-01	6.21e-02	1.18e-03	5.54e-06	2.62e-08	7.79e-17	9.42e-17
 1.78001e+23	3.34e-08	2.11e-04	4.14e-02	3.97e-01	3.47e-01	1.58e-01	5.53e-02	9.82e-04	4.34e-06	3.34e-08	1.02e-16	1.23e-16
 1.79966e+23	4.56e-08	2.62e-04	4.74e-02	4.19e-01	3.40e-01	1.45e-01	4.74e-02	7.73e-04	3.14e-06	4.56e-08	1.44e-16	1.74e-16
 1.81959e+23	5.83e-08	3.11e-04	5.27e-02	4.36e-01	3.33e-01	1.36e-01	4.18e-02	6.37e-04	2.42e-06	5.83e-08	1.89e-16	2.28e-16
 1.83697e+23	7.38e-08	3.66e-04	5.82e-02	4.51e-01	3.26e-01	1.26e-01	3.69e-02	5.27e-04	1.88e-06	7.38e-08	2.46e-16	2.97e-16
 1.85364e+23	9.21e-08	4.27e-04	6.39e-02	4.66e-01	3.19e-01	1.18e-01	3.28e-02	4.39e-04	1.47e-06	9.21e-08	3.16e-16	3.81e-16
 1.86954e+23	1.14e-07	4.93e-04	6.97e-02	4.79e-01	3.11e-01	1.10e-01	2.91e-02	3.67e-04	1.16e-06	1.14e-07	4.00e-16	4.83e-16
 1.88747e+23	1.49e-07	5.92e-04	7.76e-02	4.95e-01	3.01e-01	1.01e-01	2.50e-02	2.92e-04	8.56e-07	1.49e-07	5.42e-16	6.53e-16
 1.90533e+23	1.84e-07	6.83e-04	8.44e-02	5.07e-01	2.92e-01	9.35e-02	2.21e-02	2.43e-04	6.70e-07	1.84e-07	6.86e-16	8.26e-16
 1.92311e+23	2.39e-07	8.14e-04	9.35e-02	5.20e-01	2.81e-01	8.49e-02	1.89e-02	1.92e-04	4.92e-07	2.39e-07	9.20e-16	1.11e-15
 1.94124e+23	2.96e-07	9.40e-04	1.02e-01	5.31e-01	2.72e-01	7.82e-02	1.66e-02	1.58e-04	3.79e-07	2.96e-07	1.17e-15	1.41e-15
 1.95983e+23	3.87e-07	1.12e-03	1.12e-01	5.43e-01	2.59e-01	7.03e-02	1.40e-02	1.23e-04	2.73e-07	3.87e-07	1.58e-15	1.90e-15
 1.97856e+23	4.79e-07	1.30e-03	1.22e-01	5.51e-01	2.49e-01	6.43e-02	1.22e-02	9.99e-05	2.08e-07	4.79e-07	2.01e-15	2.42e-15
 1.99749e+23	6.25e-07	1.55e-03	1.34e-01	5.60e-01	2.36e-01	5.74e-02	1.02e-02	7.69e-05	1.48e-07	6.25e-07	2.72e-15	3.26e-15
 2.01664e+23	7.74e-07	1.78e-03	1.45e-01	5.67e-01	2.26e-01	5.21e-02	8.79e-03	6.20e-05	0.00e+00	7.74e-07	3.46e-15	4.14e-15
 2.03201e+23	9.21e-07	1.99e-03	1.54e-01	5.71e-01	2.17e-01	4.81e-02	7.78e-03	5.18e-05	0.00e+00	9.21e-07	4.21e-15	5.04e-15
 2.04788e+23	1.14e-06	2.29e-03	1.66e-01	5.75e-01	2.07e-01	4.35e-02	6.69e-03	4.15e-05	0.00e+00	1.14e-06	5.36e-15	6.41e-15
 2.06412e+23	1.36e-06	2.57e-03	1.77e-01	5.77e-01	1.98e-01	3.98e-02	5.87e-03	3.44e-05	0.00e+00	1.36e-06	6.55e-15	7.83e-15
 2.07859e+23	1.61e-06	2.88e-03	1.87e-01	5.79e-01	1.89e-01	3.65e-02	5.16e-03	2.85e-05	0.00e+00	1.61e-06	7.96e-15	9.52e-15
 2.09515e+23	2.00e-06	3.31e-03	2.01e-01	5.80e-01	1.79e-01	3.27e-02	4.39e-03	2.25e-05	0.00e+00	2.00e-06	1.02e-14	1.22e-14
 2.11191e+23	2.39e-06	3.70e-03	2.14e-01	5.79e-01	1.70e-01	2.97e-02	3.82e-03	1.84e-05	0.00e+00	2.39e-06	1.24e-14	1.49e-14
 2.12661e+23	2.83e-06	4.13e-03	2.26e-01	5.78e-01	1.62e-01	2.71e-02	3.34e-03	1.52e-05	0.00e+00	2.83e-06	1.51e-14	1.80e-14
 2.14341e+23	3.49e-06	4.73e-03	2.42e-01	5.75e-01	1.52e-01	2.40e-02	2.81e-03	1.19e-05	0.00e+00	3.49e-06	1.93e-14	2.30e-14
 2.16050e+23	4.15e-06	5.28e-03	2.55e-01	5.72e-01	1.43e-01	2.17e-02	2.43e-03	9.61e-06	0.00e+00	4.15e-06	2.36e-14	2.81e-14
 2.17565e+23	4.93e-06	5.89e-03	2.69e-01	5.68e-01	1.35e-01	1.96e-02	2.11e-03	7.82e-06	0.00e+00	4.93e-06	2.87e-14	3.42e-14
 2.19305e+23	6.10e-06	6.76e-03	2.87e-01	5.61e-01	1.26e-01	1.72e-02	1.75e-03	6.02e-06	0.00e+00	6.10e-06	3.69e-14	4.39e-14
 2.21061e+23	7.26e-06	7.55e-03	3.03e-01	5.55e-01	1.18e-01	1.54e-02	1.50e-03	4.83e-06	0.00e+00	7.26e-06	4.52e-14	5.37e-14
 2.22603e+23	8.60e-06	8.41e-03	3.18e-01	5.47e-01	1.11e-01	1.39e-02	1.29e-03	3.89e-06	0.00e+00	8.60e-06	5.51e-14	6.55e-14
 2.24374e+23	1.06e-05	9.62e-03	3.38e-01	5.37e-01	1.02e-01	1.21e-02	1.07e-03	2.96e-06	0.00e+00	1.06e-05	7.07e-14	8.40e-14
 2.26176e+23	1.26e-05	1.07e-02	3.55e-01	5.27e-01	9.53e-02	1.07e-02	9.07e-04	2.35e-06	0.00e+00	1.26e-05	8.67e-14	1.03e-13
 2.28020e+23	1.57e-05	1.23e-02	3.76e-01	5.14e-01	8.72e-02	9.21e-03	7.39e-04	1.75e-06	0.00e+00	1.57e-05	1.12e-13	1.33e-13
 2.29884e+23	1.87e-05	1.37e-02	3.95e-01	5.02e-01	8.07e-02	8.11e-03	6.22e-04	1.37e-06	0.00e+00	1.87e-05	1.38e-13	1.64e-13
 2.31775e+23	2.32e-05	1.57e-02	4.17e-01	4.87e-01	7.32e-02	6.92e-03	5.02e-04	1.01e-06	0.00e+00	2.32e-05	1.79e-13	2.12e-13
 2.33700e+23	2.76e-05	1.76e-02	4.36e-01	4.73e-01	6.72e-02	6.04e-03	4.18e-04	7.82e-07	0.00e+00	2.76e-05	2.20e-13	2.61e-13
 2.35670e+23	3.44e-05	2.01e-02	4.60e-01	4.54e-01	6.04e-02	5.08e-03	3.32e-04	5.65e-07	0.00e+00	3.44e-05	2.88e-13	3.41e-13
 2.37673e+23	4.10e-05	2.25e-02	4.80e-01	4.38e-01	5.49e-02	4.39e-03	2.73e-04	4.29e-07	0.00e+00	4.10e-05	3.56e-13	4.22e-13
 2.39719e+23	5.11e-05	2.58e-02	5.04e-01	4.17e-01	4.88e-02	3.64e-03	2.14e-04	3.05e-07	0.00e+00	5.11e-05	4.67e-13	5.53e-13
 2.41793e+23	6.09e-05	2.87e-02	5.24e-01	3.99e-01	4.40e-02	3.11e-03	1.74e-04	2.28e-07	0.00e+00	6.09e-05	5.79e-13	6.86e-13
 2.43363e+23	6.88e-05	3.09e-02	5.39e-01	3.87e-01	4.08e-02	2.78e-03	1.50e-04	1.85e-07	0.00e+00	6.88e-05	6.73e-13	7.97e-13
 2.44861e+23	8.05e-05	3.41e-02	5.56e-01	3.70e-01	3.71e-02	2.40e-03	1.24e-04	1.42e-07	0.00e+00	8.05e-05	8.17e-13	9.68e-13
 2.46390e+23	9.08e-05	3.66e-02	5.70e-01	3.57e-01	3.43e-02	2.14e-03	1.07e-04	0.00e+00	0.00e+00	9.08e-05	9.50e-13	1.13e-12
 2.47960e+23	1.07e-04	4.04e-02	5.87e-01	3.40e-01	3.10e-02	1.83e-03	8.73e-05	0.00e+00	0.00e+00	1.07e-04	1.16e-12	1.37e-12
 2.49548e+23	1.20e-04	4.35e-02	6.01e-01	3.26e-01	2.84e-02	1.61e-03	7.40e-05	0.00e+00	0.00e+00	1.20e-04	1.35e-12	1.60e-12
 2.51160e+23	1.41e-04	4.80e-02	6.17e-01	3.08e-01	2.55e-02	1.37e-03	6.01e-05	0.00e+00	0.00e+00	1.41e-04	1.66e-12	1.96e-12
 2.52793e+23	1.60e-04	5.16e-02	6.30e-01	2.93e-01	2.32e-02	1.19e-03	5.05e-05	0.00e+00	0.00e+00	1.60e-04	1.94e-12	2.29e-12
 2.54451e+23	1.87e-04	5.68e-02	6.46e-01	2.76e-01	2.07e-02	1.01e-03	4.07e-05	0.00e+00	0.00e+00	1.87e-04	2.37e-12	2.80e-12
 2.56148e+23	2.13e-04	6.12e-02	6.58e-01	2.61e-01	1.86e-02	8.69e-04	3.37e-05	0.00e+00	0.00e+00	2.13e-04	2.79e-12	3.30e-12
 2.57895e+23	2.51e-04	6.76e-02	6.73e-01	2.42e-01	1.63e-02	7.20e-04	2.66e-05	0.00e+00	0.00e+00	2.51e-04	3.45e-12	4.08e-12
 2.59651e+23	2.84e-04	7.27e-02	6.84e-01	2.28e-01	1.46e-02	6.16e-04	2.19e-05	0.00e+00	0.00e+00	2.84e-04	4.05e-12	4.79e-12
 2.61419e+23	3.33e-04	8.00e-02	6.96e-01	2.11e-01	1.28e-02	5.08e-04	1.72e-05	0.00e+00	0.00e+00	3.33e-04	4.98e-12	5.89e-12
 2.63238e+23	3.79e-04	8.63e-02	7.06e-01	1.96e-01	1.13e-02	4.29e-04	1.39e-05	0.00e+00	0.00e+00	3.79e-04	5.91e-12	6.98e-12
 2.65122e+23	4.50e-04	9.55e-02	7.16e-01	1.78e-01	9.71e-03	3.45e-04	1.06e-05	0.00e+00	0.00e+00	4.50e-04	7.38e-12	8.73e-12
 2.67020e+23	5.11e-04	1.03e-01	7.23e-01	1.65e-01	8.53e-03	2.88e-04	8.51e-06	0.00e+00	0.00e+00	5.11e-04	8.73e-12	1.03e-11
 2.68936e+23	6.07e-04	1.14e-01	7.30e-01	1.48e-01	7.25e-03	2.29e-04	6.44e-06	0.00e+00	0.00e+00	6.07e-04	1.09e-11	1.29e-11
 2.70874e+23	6.90e-04	1.22e-01	7.35e-01	1.36e-01	6.32e-03	1.90e-04	5.11e-06	0.00e+00	0.00e+00	6.90e-04	1.29e-11	1.52e-11
 2.72841e+23	8.20e-04	1.35e-01	7.38e-01	1.21e-01	5.31e-03	1.49e-04	3.80e-06	0.00e+00	0.00e+00	8.20e-04	1.62e-11	1.91e-11
 2.74816e+23	9.34e-04	1.46e-01	7.39e-01	1.09e-01	4.59e-03	1.22e-04	2.98e-06	0.00e+00	0.00e+00	9.34e-04	1.91e-11	2.26e-11
 2.76802e+23	1.11e-03	1.62e-01	7.38e-01	9.57e-02	3.82e-03	9.39e-05	2.19e-06	0.00e+00	0.00e+00	1.11e-03	2.40e-11	2.84e-11
 2.78796e+23	1.27e-03	1.74e-01	7.35e-01	8.58e-02	3.28e-03	7.61e-05	1.71e-06	0.00e+00	0.00e+00	1.27e-03	2.85e-11	3.37e-11
 2.80798e+23	1.52e-03	1.93e-01	7.29e-01	7.40e-02	2.69e-03	5.76e-05	1.24e-06	0.00e+00	0.00e+00	1.52e-03	3.60e-11	4.26e-11
 2.82804e+23	1.74e-03	2.09e-01	7.22e-01	6.53e-02	2.29e-03	4.59e-05	9.51e-07	0.00e+00	0.00e+00	1.74e-03	4.30e-11	5.09e-11
 2.84815e+23	2.10e-03	2.32e-01	7.09e-01	5.54e-02	1.87e-03	3.41e-05	6.79e-07	0.00e+00	0.00e+00	2.10e-03	5.45e-11	6.46e-11
 2.86830e+23	2.42e-03	2.51e-01	6.97e-01	4.81e-02	1.58e-03	2.68e-05	5.17e-07	0.00e+00	0.00e+00	2.42e-03	6.54e-11	7.75e-11
 2.88848e+23	2.94e-03	2.80e-01	6.76e-01	3.98e-02	1.27e-03	1.93e-05	3.61e-07	0.00e+00	0.00e+00	2.94e-03	8.38e-11	9.93e-11
 2.90864e+23	3.40e-03	3.03e-01	6.58e-01	3.40e-02	1.06e-03	1.49e-05	2.72e-07	0.00e+00	0.00e+00	3.40e-03	1.01e-10	1.20e-10
 2.92875e+23	4.14e-03	3.37e-01	6.30e-01	2.75e-02	8.50e-04	1.05e-05	1.88e-07	0.00e+00	0.00e+00	4.14e-03	1.30e-10	1.54e-10
 2.94904e+23	4.87e-03	3.67e-01	6.05e-01	2.27e-02	7.02e-04	7.77e-06	1.38e-07	0.00e+00	0.00e+00	4.87e-03	1.59e-10	1.88e-10
 2.96955e+23	5.99e-03	4.08e-01	5.68e-01	1.77e-02	5.54e-04	5.25e-06	0.00e+00	0.00e+00	0.00e+00	5.99e-03	2.06e-10	2.44e-10
 2.99022e+23	7.12e-03	4.44e-01	5.34e-01	1.41e-02	4.51e-04	3.72e-06	0.00e+00	0.00e+00	0.00e+00	7.12e-03	2.55e-10	3.03e-10
 3.00826e+23	8.46e-03	4.81e-01	4.99e-01	1.12e-02	3.68e-04	2.62e-06	0.00e+00	0.00e+00	0.00e+00	8.46e-03	3.15e-10	3.75e-10
 3.02885e+23	1.06e-02	5.31e-01	4.50e-01	8.15e-03	2.84e-04	1.64e-06	0.00e+00	0.00e+00	0.00e+00	1.06e-02	4.15e-10	4.94e-10
 3.04984e+23	1.30e-02	5.77e-01	4.03e-01	5.98e-03	2.23e-04	1.05e-06	0.00e+00	0.00e+00	0.00e+00	1.30e-02	5.30e-10	6.30e-10
 3.06570e+23	1.52e-02	6.14e-01	3.66e-01	4.65e-03	1.84e-04	7.36e-07	0.00e+00	0.00e+00	0.00e+00	1.52e-02	6.39e-10	7.59e-10
 3.07862e+23	1.76e-02	6.48e-01	3.31e-01	3.64e-03	1.54e-04	5.24e-07	0.00e+00	0.00e+00	0.00e+00	1.76e-02	7.61e-10	9.04e-10
 3.08535e+23	1.89e-02	6.68e-01	3.09e-01	3.26e-03	1.41e-04	4.55e-07	0.00e+00	0.00e+00	0.00e+00	1.89e-02	8.14e-10	9.68e-10
