#depth	S	S+	S+2	S+3	S+4	S+5	S+6	S+7	S+8	S+9	S+10	S+11	S+12	S+13	S+14	S+15	S+16
 4.62852e+21	0.00e+00	0.00e+00	0.00e+00	0.00e+00	8.45e-31	1.35e-26	1.11e-22	2.65e-19	2.73e-16	1.14e-13	2.58e-11	3.45e-09	4.58e-07	4.58e-05	6.62e-03	1.30e-01	8.63e-01
 1.02115e+22	0.00e+00	0.00e+00	0.00e+00	3.07e-31	4.20e-27	2.89e-23	1.11e-19	1.21e-16	5.60e-14	1.07e-11	1.10e-09	6.69e-08	3.94e-06	1.91e-04	1.83e-02	2.15e-01	7.67e-01
 1.15258e+22	0.00e+00	0.00e+00	3.89e-34	7.15e-30	7.12e-26	3.56e-22	1.53e-18	1.24e-15	4.28e-13	6.12e-11	4.75e-09	2.18e-07	9.46e-06	3.51e-04	2.71e-02	2.54e-01	7.19e-01
 1.20654e+22	0.00e+00	0.00e+00	2.63e-33	4.15e-29	3.52e-25	1.49e-21	5.62e-18	3.95e-15	1.18e-12	1.46e-10	9.92e-09	3.95e-07	1.48e-05	4.80e-04	3.29e-02	2.75e-01	6.92e-01
 1.22952e+22	0.00e+00	0.00e+00	3.19e-33	4.81e-29	3.90e-25	2.22e-21	8.03e-18	5.43e-15	1.56e-12	1.86e-10	1.22e-08	4.66e-07	1.67e-05	5.24e-04	3.47e-02	2.81e-01	6.84e-01
 1.24052e+22	0.00e+00	0.00e+00	5.94e-33	8.52e-29	6.56e-25	3.53e-21	1.23e-17	7.91e-15	2.17e-12	2.47e-10	1.55e-08	5.68e-07	1.94e-05	5.81e-04	3.70e-02	2.88e-01	6.75e-01
 1.25255e+22	0.00e+00	0.00e+00	1.14e-32	1.55e-28	1.13e-24	5.74e-21	1.91e-17	1.17e-14	3.06e-12	3.33e-10	1.99e-08	6.97e-07	2.26e-05	6.48e-04	3.95e-02	2.95e-01	6.65e-01
 1.26417e+22	0.00e+00	0.00e+00	2.06e-32	2.67e-28	1.85e-24	8.90e-21	2.84e-17	1.67e-14	4.18e-12	4.36e-10	2.50e-08	8.40e-07	2.60e-05	7.16e-04	4.19e-02	3.02e-01	6.55e-01
 1.27553e+22	0.00e+00	0.00e+00	3.79e-32	4.66e-28	3.06e-24	1.40e-20	4.27e-17	2.41e-14	5.75e-12	5.74e-10	3.15e-08	1.02e-06	3.01e-05	7.93e-04	4.46e-02	3.09e-01	6.46e-01
 1.28708e+22	0.00e+00	0.00e+00	6.94e-32	8.11e-28	5.05e-24	2.19e-20	6.42e-17	3.46e-14	7.91e-12	7.56e-10	3.99e-08	1.23e-06	3.47e-05	8.79e-04	4.74e-02	3.16e-01	6.36e-01
 1.29858e+22	0.00e+00	0.00e+00	1.27e-31	1.41e-27	8.31e-24	3.40e-20	9.60e-17	4.95e-14	1.08e-11	9.92e-10	5.02e-08	1.49e-06	4.01e-05	9.73e-04	5.04e-02	3.23e-01	6.26e-01
 1.30999e+22	0.00e+00	0.00e+00	2.29e-31	2.42e-27	1.36e-23	5.26e-20	1.43e-16	7.04e-14	1.48e-11	1.30e-09	6.31e-08	1.80e-06	4.62e-05	1.08e-03	5.35e-02	3.30e-01	6.16e-01
 1.32136e+22	0.00e+00	0.00e+00	4.12e-31	4.14e-27	2.20e-23	8.10e-20	2.11e-16	9.99e-14	2.01e-11	1.69e-09	7.92e-08	2.17e-06	5.32e-05	1.19e-03	5.67e-02	3.37e-01	6.05e-01
 1.33269e+22	0.00e+00	0.00e+00	7.37e-31	7.04e-27	3.56e-23	1.24e-19	3.11e-16	1.41e-13	2.72e-11	2.20e-09	9.91e-08	2.61e-06	6.11e-05	1.31e-03	6.01e-02	3.44e-01	5.95e-01
 1.34400e+22	0.00e+00	0.00e+00	1.31e-30	1.19e-26	5.71e-23	1.89e-19	4.56e-16	1.99e-13	3.67e-11	2.86e-09	1.24e-07	3.14e-06	7.02e-05	1.45e-03	6.37e-02	3.50e-01	5.84e-01
 1.35530e+22	0.00e+00	0.00e+00	2.33e-30	2.01e-26	9.13e-23	2.86e-19	6.66e-16	2.78e-13	4.94e-11	3.70e-09	1.54e-07	3.76e-06	8.05e-05	1.60e-03	6.75e-02	3.57e-01	5.74e-01
 1.36660e+22	0.00e+00	9.66e-35	4.10e-30	3.36e-26	1.45e-22	4.31e-19	9.68e-16	3.89e-13	6.63e-11	4.77e-09	1.92e-07	4.51e-06	9.23e-05	1.77e-03	7.14e-02	3.64e-01	5.63e-01
 1.37793e+22	0.00e+00	0.00e+00	7.19e-30	5.60e-26	2.30e-22	6.46e-19	1.40e-15	5.40e-13	8.86e-11	6.14e-09	2.39e-07	5.40e-06	1.06e-04	1.95e-03	7.55e-02	3.70e-01	5.52e-01
 1.38931e+22	0.00e+00	3.24e-34	1.25e-29	9.29e-26	3.62e-22	9.64e-19	2.02e-15	7.49e-13	1.18e-10	7.88e-09	2.96e-07	6.46e-06	1.21e-04	2.14e-03	7.98e-02	3.77e-01	5.41e-01
 1.40077e+22	0.00e+00	5.91e-34	2.18e-29	1.53e-25	5.67e-22	1.43e-18	2.90e-15	1.03e-12	1.57e-10	1.01e-08	3.67e-07	7.71e-06	1.38e-04	2.36e-03	8.43e-02	3.83e-01	5.30e-01
 1.41234e+22	0.00e+00	1.07e-33	3.77e-29	2.53e-25	8.86e-22	2.12e-18	4.15e-15	1.43e-12	2.08e-10	1.29e-08	4.54e-07	9.21e-06	1.58e-04	2.60e-03	8.90e-02	3.89e-01	5.19e-01
 1.42404e+22	0.00e+00	1.94e-33	6.50e-29	4.14e-25	1.38e-21	3.13e-18	5.92e-15	1.96e-12	2.76e-10	1.65e-08	5.61e-07	1.10e-05	1.81e-04	2.86e-03	9.40e-02	3.95e-01	5.08e-01
 1.43589e+22	0.00e+00	3.49e-33	1.12e-28	6.77e-25	2.14e-21	4.60e-18	8.42e-15	2.69e-12	3.65e-10	2.11e-08	6.92e-07	1.31e-05	2.06e-04	3.14e-03	9.91e-02	4.01e-01	4.96e-01
 1.44794e+22	0.00e+00	0.00e+00	1.92e-28	1.10e-24	3.31e-21	6.75e-18	1.20e-14	3.68e-12	4.82e-10	2.69e-08	8.54e-07	1.56e-05	2.35e-04	3.45e-03	1.05e-01	4.07e-01	4.85e-01
 1.46021e+22	0.00e+00	1.12e-32	3.28e-28	1.80e-24	5.11e-21	9.88e-18	1.69e-14	5.03e-12	6.36e-10	3.43e-08	1.05e-06	1.86e-05	2.69e-04	3.79e-03	1.10e-01	4.13e-01	4.73e-01
 1.47276e+22	0.00e+00	2.01e-32	5.62e-28	2.92e-24	7.88e-21	1.44e-17	2.40e-14	6.87e-12	8.38e-10	4.36e-08	1.30e-06	2.22e-05	3.07e-04	4.17e-03	1.16e-01	4.18e-01	4.61e-01
 1.48504e+22	0.00e+00	3.43e-32	9.16e-28	4.55e-24	1.17e-20	2.04e-17	3.29e-14	9.14e-12	1.08e-09	5.45e-08	1.58e-06	2.61e-05	3.47e-04	4.54e-03	1.22e-01	4.23e-01	4.50e-01
 1.49769e+22	0.00e+00	6.15e-32	1.57e-27	7.40e-24	1.81e-20	2.97e-17	4.66e-14	1.25e-11	1.42e-09	6.95e-08	1.95e-06	3.12e-05	3.96e-04	4.99e-03	1.28e-01	4.28e-01	4.38e-01
 1.51053e+22	0.00e+00	1.04e-31	2.53e-27	1.14e-23	2.66e-20	4.16e-17	6.36e-14	1.65e-11	1.83e-09	8.64e-08	2.36e-06	3.66e-05	4.47e-04	5.43e-03	1.35e-01	4.32e-01	4.27e-01
 1.52380e+22	0.00e+00	1.87e-31	4.36e-27	1.86e-23	4.11e-20	6.09e-17	9.03e-14	2.26e-11	2.42e-09	1.11e-07	2.93e-06	4.39e-05	5.12e-04	5.97e-03	1.42e-01	4.37e-01	4.15e-01
 1.53729e+22	0.00e+00	3.11e-31	6.98e-27	2.85e-23	6.00e-20	8.48e-17	1.22e-13	2.98e-11	3.09e-09	1.37e-07	3.54e-06	5.14e-05	5.76e-04	6.49e-03	1.48e-01	4.41e-01	4.04e-01
 1.55127e+22	0.00e+00	5.65e-31	1.21e-26	4.68e-23	9.33e-20	1.24e-16	1.75e-13	4.11e-11	4.11e-09	1.76e-07	4.40e-06	6.18e-05	6.61e-04	7.15e-03	1.56e-01	4.45e-01	3.91e-01
 1.56551e+22	0.00e+00	9.37e-31	1.92e-26	7.13e-23	1.36e-19	1.72e-16	2.36e-13	5.39e-11	5.24e-09	2.19e-07	5.31e-06	7.24e-05	7.44e-04	7.76e-03	1.63e-01	4.48e-01	3.80e-01
 1.58030e+22	0.00e+00	1.71e-30	3.35e-26	1.18e-22	2.12e-19	2.55e-16	3.39e-13	7.48e-11	7.01e-09	2.82e-07	6.65e-06	8.74e-05	8.56e-04	8.55e-03	1.72e-01	4.52e-01	3.67e-01
 1.59500e+22	0.00e+00	2.76e-30	5.20e-26	1.75e-22	3.02e-19	3.46e-16	4.50e-13	9.67e-11	8.83e-09	3.46e-07	7.94e-06	1.01e-04	9.57e-04	9.23e-03	1.79e-01	4.54e-01	3.56e-01
 1.61008e+22	0.00e+00	5.03e-30	9.05e-26	2.89e-22	4.72e-19	5.10e-16	6.45e-13	1.34e-10	1.18e-08	4.47e-07	9.95e-06	1.23e-04	1.10e-03	1.02e-02	1.88e-01	4.57e-01	3.43e-01
 1.62542e+22	0.00e+00	8.06e-30	1.40e-25	4.29e-22	6.71e-19	6.91e-16	8.56e-13	1.73e-10	1.49e-08	5.48e-07	1.19e-05	1.42e-04	1.23e-03	1.10e-02	1.96e-01	4.59e-01	3.33e-01
 1.64109e+22	0.00e+00	1.47e-29	2.43e-25	7.06e-22	1.05e-18	1.02e-15	1.23e-12	2.40e-10	1.99e-08	7.09e-07	1.49e-05	1.72e-04	1.42e-03	1.21e-02	2.06e-01	4.61e-01	3.20e-01
 1.65681e+22	0.00e+00	2.31e-29	3.69e-25	1.03e-21	1.47e-18	1.36e-15	1.61e-12	3.08e-10	2.49e-08	8.62e-07	1.77e-05	1.98e-04	1.58e-03	1.30e-02	2.14e-01	4.62e-01	3.10e-01
 1.67259e+22	0.00e+00	4.15e-29	6.33e-25	1.68e-21	2.26e-18	1.99e-15	2.29e-12	4.24e-10	3.31e-08	1.11e-06	2.21e-05	2.39e-04	1.81e-03	1.42e-02	2.24e-01	4.63e-01	2.97e-01
 1.68867e+22	0.00e+00	6.51e-29	9.60e-25	2.45e-21	3.17e-18	2.66e-15	3.01e-12	5.43e-10	4.14e-08	1.35e-06	2.62e-05	2.75e-04	2.01e-03	1.53e-02	2.32e-01	4.63e-01	2.87e-01
 1.70514e+22	0.00e+00	1.18e-28	1.67e-24	4.04e-21	4.94e-18	3.91e-15	4.30e-12	7.53e-10	5.56e-08	1.75e-06	3.29e-05	3.33e-04	2.31e-03	1.68e-02	2.43e-01	4.63e-01	2.74e-01
 1.72148e+22	0.00e+00	1.80e-28	2.46e-24	5.75e-21	6.77e-18	5.14e-15	5.56e-12	9.52e-10	6.86e-08	2.11e-06	3.87e-05	3.81e-04	2.55e-03	1.79e-02	2.51e-01	4.63e-01	2.65e-01
 1.73765e+22	0.00e+00	3.20e-28	4.17e-24	9.26e-21	1.03e-17	7.41e-15	7.84e-12	1.30e-09	9.10e-08	2.70e-06	4.81e-05	4.56e-04	2.92e-03	1.95e-02	2.62e-01	4.62e-01	2.53e-01
 1.75406e+22	0.00e+00	4.90e-28	6.19e-24	1.33e-20	1.42e-17	9.78e-15	1.02e-11	1.65e-09	1.13e-07	3.26e-06	5.67e-05	5.23e-04	3.22e-03	2.08e-02	2.70e-01	4.61e-01	2.44e-01
 1.77076e+22	0.00e+00	8.65e-28	1.05e-23	2.13e-20	2.17e-17	1.41e-14	1.43e-11	2.26e-09	1.49e-07	4.19e-06	7.05e-05	6.26e-04	3.68e-03	2.27e-02	2.82e-01	4.58e-01	2.33e-01
 1.78769e+22	0.00e+00	1.35e-27	1.57e-23	3.08e-20	3.01e-17	1.87e-14	1.87e-11	2.89e-09	1.86e-07	5.08e-06	8.35e-05	7.20e-04	4.08e-03	2.43e-02	2.91e-01	4.56e-01	2.24e-01
 1.80490e+22	0.00e+00	2.40e-27	2.68e-23	4.99e-20	4.62e-17	2.70e-14	2.65e-11	3.97e-09	2.48e-07	6.55e-06	1.04e-04	8.65e-04	4.66e-03	2.64e-02	3.02e-01	4.53e-01	2.12e-01
 1.82241e+22	0.00e+00	3.77e-27	4.07e-23	7.28e-20	6.46e-17	3.61e-14	3.48e-11	5.11e-09	3.11e-07	7.99e-06	1.24e-04	9.99e-04	5.17e-03	2.83e-02	3.12e-01	4.50e-01	2.03e-01
 1.84031e+22	0.00e+00	6.83e-27	7.04e-23	1.19e-19	1.00e-16	5.26e-14	4.97e-11	7.09e-09	4.19e-07	1.04e-05	1.56e-04	1.21e-03	5.93e-03	3.08e-02	3.24e-01	4.46e-01	1.92e-01
 1.85836e+22	0.00e+00	1.08e-26	1.08e-22	1.75e-19	1.40e-16	7.04e-14	6.56e-11	9.14e-09	5.27e-07	1.27e-05	1.86e-04	1.39e-03	6.59e-03	3.29e-02	3.33e-01	4.42e-01	1.84e-01
 1.87338e+22	0.00e+00	1.63e-26	1.57e-22	2.46e-19	1.90e-16	9.11e-14	8.38e-11	1.15e-08	6.48e-07	1.52e-05	2.18e-04	1.59e-03	7.23e-03	3.49e-02	3.42e-01	4.38e-01	1.76e-01
 1.88964e+22	0.00e+00	2.79e-26	2.58e-22	3.84e-19	2.81e-16	1.27e-13	1.15e-10	1.54e-08	8.47e-07	1.93e-05	2.68e-04	1.88e-03	8.17e-03	3.76e-02	3.53e-01	4.33e-01	1.67e-01
 1.90579e+22	0.00e+00	4.19e-26	3.74e-22	5.36e-19	3.78e-16	1.64e-13	1.47e-10	1.93e-08	1.04e-06	2.30e-05	3.12e-04	2.13e-03	8.95e-03	3.98e-02	3.61e-01	4.28e-01	1.59e-01
 1.92181e+22	0.00e+00	7.13e-26	6.09e-22	8.30e-19	5.55e-16	2.27e-13	2.01e-10	2.58e-08	1.35e-06	2.91e-05	3.83e-04	2.52e-03	1.01e-02	4.28e-02	3.72e-01	4.22e-01	1.50e-01
 1.93675e+22	0.00e+00	9.94e-26	8.28e-22	1.09e-18	7.07e-16	2.80e-13	2.45e-10	3.10e-08	1.60e-06	3.37e-05	4.35e-04	2.79e-03	1.09e-02	4.47e-02	3.78e-01	4.18e-01	1.45e-01
 1.94811e+22	0.00e+00	1.39e-25	1.12e-21	1.44e-18	8.97e-16	3.42e-13	2.98e-10	3.71e-08	1.88e-06	3.90e-05	4.94e-04	3.10e-03	1.17e-02	4.67e-02	3.85e-01	4.13e-01	1.40e-01
 1.95868e+22	0.00e+00	1.88e-25	1.48e-21	1.84e-18	1.11e-15	4.10e-13	3.55e-10	4.38e-08	2.19e-06	4.45e-05	5.54e-04	3.41e-03	1.25e-02	4.86e-02	3.91e-01	4.09e-01	1.35e-01
 1.97039e+22	0.00e+00	2.78e-25	2.12e-21	2.53e-18	1.47e-15	5.19e-13	4.47e-10	5.42e-08	2.66e-06	5.28e-05	6.44e-04	3.85e-03	1.36e-02	5.12e-02	3.98e-01	4.04e-01	1.29e-01
 1.98183e+22	0.00e+00	3.72e-25	2.77e-21	3.21e-18	1.81e-15	6.17e-13	5.28e-10	6.34e-08	3.07e-06	5.99e-05	7.18e-04	4.20e-03	1.45e-02	5.31e-02	4.04e-01	3.99e-01	1.24e-01
 1.99291e+22	0.00e+00	5.49e-25	3.95e-21	4.39e-18	2.37e-15	7.74e-13	6.60e-10	7.82e-08	3.72e-06	7.09e-05	8.33e-04	4.74e-03	1.58e-02	5.58e-02	4.11e-01	3.93e-01	1.19e-01
 2.00382e+22	0.00e+00	7.17e-25	5.04e-21	5.46e-18	2.87e-15	9.10e-13	7.72e-10	9.05e-08	4.25e-06	7.97e-05	9.21e-04	5.15e-03	1.68e-02	5.77e-02	4.16e-01	3.89e-01	1.15e-01
 2.01453e+22	0.00e+00	1.05e-24	7.16e-21	7.44e-18	3.75e-15	1.13e-12	9.60e-10	1.11e-07	5.14e-06	9.41e-05	1.07e-03	5.79e-03	1.82e-02	6.05e-02	4.22e-01	3.83e-01	1.09e-01
 2.02488e+22	0.00e+00	1.36e-24	9.03e-21	9.14e-18	4.48e-15	1.32e-12	1.11e-09	1.28e-07	5.83e-06	1.05e-04	1.17e-03	6.26e-03	1.92e-02	6.24e-02	4.27e-01	3.78e-01	1.06e-01
 2.03476e+22	0.00e+00	1.92e-24	1.24e-20	1.21e-17	5.69e-15	1.60e-12	1.35e-09	1.54e-07	6.92e-06	1.22e-04	1.34e-03	6.95e-03	2.07e-02	6.50e-02	4.32e-01	3.72e-01	1.01e-01
 2.04484e+22	0.00e+00	2.55e-24	1.60e-20	1.51e-17	6.91e-15	1.88e-12	1.59e-09	1.79e-07	7.96e-06	1.38e-04	1.49e-03	7.58e-03	2.20e-02	6.72e-02	4.37e-01	3.67e-01	9.75e-02
 2.05521e+22	0.00e+00	3.75e-24	2.26e-20	2.05e-17	8.94e-15	2.33e-12	1.96e-09	2.19e-07	9.60e-06	1.63e-04	1.72e-03	8.50e-03	2.38e-02	7.03e-02	4.43e-01	3.60e-01	9.26e-02
 2.06541e+22	0.00e+00	4.89e-24	2.88e-20	2.54e-17	1.07e-14	2.71e-12	2.28e-09	2.53e-07	1.10e-05	1.83e-04	1.90e-03	9.21e-03	2.52e-02	7.25e-02	4.47e-01	3.55e-01	8.93e-02
 2.07396e+22	0.00e+00	6.44e-24	3.70e-20	3.15e-17	1.29e-14	3.15e-12	2.66e-09	2.93e-07	1.25e-05	2.06e-04	2.10e-03	1.00e-02	2.67e-02	7.47e-02	4.50e-01	3.50e-01	8.60e-02
 2.08220e+22	0.00e+00	8.29e-24	4.65e-20	3.85e-17	1.53e-14	3.62e-12	3.06e-09	3.35e-07	1.42e-05	2.29e-04	2.31e-03	1.08e-02	2.81e-02	7.69e-02	4.54e-01	3.45e-01	8.29e-02
 2.09147e+22	0.00e+00	1.20e-23	6.47e-20	5.12e-17	1.94e-14	4.39e-12	3.74e-09	4.06e-07	1.70e-05	2.68e-04	2.64e-03	1.20e-02	3.03e-02	8.00e-02	4.58e-01	3.38e-01	7.87e-02
 2.10043e+22	0.00e+00	1.52e-23	8.02e-20	6.18e-17	2.28e-14	4.99e-12	4.26e-09	4.60e-07	1.91e-05	2.97e-04	2.89e-03	1.29e-02	3.18e-02	8.21e-02	4.61e-01	3.33e-01	7.60e-02
 2.10900e+22	0.00e+00	2.15e-23	1.09e-19	8.05e-17	2.84e-14	5.95e-12	5.12e-09	5.50e-07	2.25e-05	3.44e-04	3.27e-03	1.43e-02	3.41e-02	8.51e-02	4.65e-01	3.26e-01	7.23e-02
 2.11767e+22	0.00e+00	2.75e-23	1.36e-19	9.77e-17	3.35e-14	6.79e-12	5.87e-09	6.27e-07	2.54e-05	3.82e-04	3.59e-03	1.53e-02	3.58e-02	8.73e-02	4.67e-01	3.21e-01	6.97e-02
 2.12648e+22	0.00e+00	3.95e-23	1.89e-19	1.29e-16	4.21e-14	8.14e-12	7.11e-09	7.56e-07	3.03e-05	4.45e-04	4.09e-03	1.71e-02	3.85e-02	9.05e-02	4.71e-01	3.13e-01	6.59e-02
 2.13529e+22	0.00e+00	5.12e-23	2.38e-19	1.57e-16	4.97e-14	9.30e-12	8.18e-09	8.66e-07	3.43e-05	4.96e-04	4.49e-03	1.84e-02	4.05e-02	9.28e-02	4.73e-01	3.07e-01	6.33e-02
 2.14410e+22	0.00e+00	7.33e-23	3.28e-19	2.07e-16	6.22e-14	1.11e-11	9.88e-09	1.04e-06	4.08e-05	5.77e-04	5.12e-03	2.04e-02	4.34e-02	9.61e-02	4.75e-01	2.99e-01	5.99e-02
 2.15309e+22	0.00e+00	9.83e-23	4.25e-19	2.58e-16	7.46e-14	1.28e-11	1.15e-08	1.21e-06	4.70e-05	6.52e-04	5.68e-03	2.21e-02	4.59e-02	9.87e-02	4.77e-01	2.93e-01	5.71e-02
 2.16092e+22	0.00e+00	1.31e-22	5.47e-19	3.20e-16	8.89e-14	1.47e-11	1.34e-08	1.40e-06	5.39e-05	7.34e-04	6.29e-03	2.40e-02	4.85e-02	1.01e-01	4.78e-01	2.86e-01	5.45e-02
 2.16973e+22	0.00e+00	1.90e-22	7.63e-19	4.23e-16	1.12e-13	1.75e-11	1.62e-08	1.70e-06	6.44e-05	8.57e-04	7.18e-03	2.66e-02	5.20e-02	1.05e-01	4.79e-01	2.78e-01	5.12e-02
 2.17851e+22	2.30e-35	2.54e-22	9.85e-19	5.25e-16	1.33e-13	2.00e-11	1.88e-08	1.97e-06	7.40e-05	9.65e-04	7.95e-03	2.89e-02	5.48e-02	1.07e-01	4.80e-01	2.71e-01	4.88e-02
 2.18726e+22	3.69e-35	3.73e-22	1.38e-18	6.98e-16	1.67e-13	2.38e-11	2.29e-08	2.39e-06	8.88e-05	1.13e-03	9.09e-03	3.21e-02	5.88e-02	1.11e-01	4.80e-01	2.62e-01	4.56e-02
 2.19572e+22	5.17e-35	4.91e-22	1.76e-18	8.54e-16	1.96e-13	2.69e-11	2.63e-08	2.74e-06	1.01e-04	1.26e-03	9.99e-03	3.45e-02	6.18e-02	1.13e-01	4.80e-01	2.56e-01	4.34e-02
 2.20378e+22	8.12e-35	7.09e-22	2.43e-18	1.12e-15	2.42e-13	3.16e-11	3.15e-08	3.29e-06	1.20e-04	1.46e-03	1.13e-02	3.81e-02	6.59e-02	1.16e-01	4.79e-01	2.47e-01	4.07e-02
 2.21188e+22	1.15e-34	9.42e-22	3.11e-18	1.37e-15	2.86e-13	3.57e-11	3.63e-08	3.79e-06	1.37e-04	1.64e-03	1.25e-02	4.11e-02	6.92e-02	1.19e-01	4.78e-01	2.40e-01	3.86e-02
 2.22003e+22	1.82e-34	1.37e-21	4.31e-18	1.80e-15	3.53e-13	4.18e-11	4.37e-08	4.56e-06	1.63e-04	1.90e-03	1.41e-02	4.53e-02	7.37e-02	1.22e-01	4.76e-01	2.31e-01	3.59e-02
 2.22828e+22	2.59e-34	1.82e-21	5.54e-18	2.21e-15	4.16e-13	4.73e-11	5.03e-08	5.26e-06	1.86e-04	2.13e-03	1.55e-02	4.88e-02	7.73e-02	1.24e-01	4.73e-01	2.24e-01	3.40e-02
 2.23666e+22	4.12e-34	2.66e-21	7.70e-18	2.90e-15	5.14e-13	5.53e-11	6.05e-08	6.33e-06	2.21e-04	2.47e-03	1.76e-02	5.37e-02	8.22e-02	1.27e-01	4.70e-01	2.15e-01	3.15e-02
 2.24525e+22	5.98e-34	3.61e-21	1.00e-17	3.61e-15	6.09e-13	6.28e-11	7.02e-08	7.35e-06	2.54e-04	2.77e-03	1.94e-02	5.79e-02	8.63e-02	1.29e-01	4.67e-01	2.08e-01	2.96e-02
 2.25286e+22	8.62e-34	4.88e-21	1.30e-17	4.47e-15	7.19e-13	7.09e-11	8.11e-08	8.50e-06	2.91e-04	3.11e-03	2.13e-02	6.23e-02	9.04e-02	1.32e-01	4.63e-01	2.00e-01	2.78e-02
 2.26125e+22	1.35e-33	7.05e-21	1.79e-17	5.80e-15	8.80e-13	8.22e-11	9.66e-08	1.01e-05	3.43e-04	3.57e-03	2.39e-02	6.80e-02	9.55e-02	1.34e-01	4.57e-01	1.92e-01	2.57e-02
 2.26973e+22	1.95e-33	9.55e-21	2.33e-17	7.19e-15	1.04e-12	9.28e-11	1.12e-07	1.17e-05	3.93e-04	4.00e-03	2.63e-02	7.31e-02	9.98e-02	1.36e-01	4.52e-01	1.84e-01	2.41e-02
 2.27821e+22	3.04e-33	1.37e-20	3.20e-17	9.29e-15	1.26e-12	1.07e-10	1.32e-07	1.39e-05	4.60e-04	4.57e-03	2.93e-02	7.94e-02	1.05e-01	1.38e-01	4.46e-01	1.75e-01	2.22e-02
 2.28684e+22	4.44e-33	1.88e-20	4.19e-17	1.16e-14	1.50e-12	1.21e-10	1.53e-07	1.61e-05	5.27e-04	5.11e-03	3.21e-02	8.52e-02	1.10e-01	1.39e-01	4.39e-01	1.68e-01	2.06e-02
 2.29547e+22	6.85e-33	2.68e-20	5.70e-17	1.49e-14	1.81e-12	1.39e-10	1.80e-07	1.90e-05	6.14e-04	5.80e-03	3.56e-02	9.21e-02	1.15e-01	1.41e-01	4.32e-01	1.60e-01	1.90e-02
 2.30423e+22	1.00e-32	3.68e-20	7.49e-17	1.86e-14	2.15e-12	1.58e-10	2.07e-07	2.19e-05	7.01e-04	6.47e-03	3.89e-02	9.85e-02	1.19e-01	1.42e-01	4.24e-01	1.52e-01	1.75e-02
 2.31304e+22	1.53e-32	5.21e-20	1.01e-16	2.37e-14	2.58e-12	1.80e-10	2.42e-07	2.56e-05	8.10e-04	7.28e-03	4.29e-02	1.06e-01	1.25e-01	1.43e-01	4.15e-01	1.44e-01	1.61e-02
 2.32182e+22	2.19e-32	7.05e-20	1.31e-16	2.92e-14	3.04e-12	2.03e-10	2.77e-07	2.93e-05	9.16e-04	8.06e-03	4.65e-02	1.12e-01	1.29e-01	1.44e-01	4.07e-01	1.37e-01	1.49e-02
 2.33086e+22	3.37e-32	1.01e-19	1.78e-16	3.75e-14	3.68e-12	2.34e-10	3.23e-07	3.43e-05	1.06e-03	9.06e-03	5.10e-02	1.20e-01	1.34e-01	1.45e-01	3.97e-01	1.29e-01	1.36e-02
 2.34002e+22	4.81e-32	1.36e-19	2.31e-16	4.63e-14	4.32e-12	2.63e-10	3.67e-07	3.90e-05	1.19e-03	9.98e-03	5.51e-02	1.27e-01	1.38e-01	1.45e-01	3.88e-01	1.23e-01	1.25e-02
 2.34938e+22	7.35e-32	1.94e-19	3.13e-16	5.94e-14	5.22e-12	3.03e-10	4.27e-07	4.54e-05	1.37e-03	1.12e-02	6.02e-02	1.36e-01	1.43e-01	1.45e-01	3.77e-01	1.15e-01	1.14e-02
 2.35899e+22	1.06e-31	2.63e-19	4.08e-16	7.35e-14	6.16e-12	3.42e-10	4.85e-07	5.16e-05	1.54e-03	1.23e-02	6.48e-02	1.43e-01	1.47e-01	1.45e-01	3.67e-01	1.09e-01	1.04e-02
 2.36888e+22	1.61e-31	3.75e-19	5.54e-16	9.44e-14	7.47e-12	3.95e-10	5.61e-07	5.98e-05	1.75e-03	1.37e-02	7.04e-02	1.52e-01	1.52e-01	1.44e-01	3.55e-01	1.02e-01	9.44e-03
 2.37907e+22	2.32e-31	5.11e-19	7.23e-16	1.17e-13	8.84e-12	4.48e-10	6.37e-07	6.79e-05	1.97e-03	1.50e-02	7.55e-02	1.60e-01	1.55e-01	1.44e-01	3.44e-01	9.58e-02	8.62e-03
 2.38964e+22	3.56e-31	7.34e-19	9.90e-16	1.52e-13	1.08e-11	5.20e-10	7.37e-07	7.86e-05	2.24e-03	1.66e-02	8.19e-02	1.69e-01	1.59e-01	1.42e-01	3.32e-01	8.90e-02	7.73e-03
 2.40052e+22	5.13e-31	1.00e-18	1.30e-15	1.89e-13	1.28e-11	5.92e-10	8.35e-07	8.90e-05	2.51e-03	1.82e-02	8.75e-02	1.77e-01	1.63e-01	1.41e-01	3.20e-01	8.34e-02	7.02e-03
 2.41182e+22	7.86e-31	1.44e-18	1.78e-15	2.46e-13	1.57e-11	6.91e-10	9.65e-07	1.03e-04	2.85e-03	2.01e-02	9.44e-02	1.86e-01	1.66e-01	1.40e-01	3.07e-01	7.71e-02	6.26e-03
 2.42344e+22	1.13e-30	1.97e-18	2.33e-15	3.07e-13	1.87e-11	7.90e-10	1.09e-06	1.16e-04	3.18e-03	2.19e-02	1.01e-01	1.94e-01	1.69e-01	1.38e-01	2.96e-01	7.19e-02	5.66e-03
 2.43576e+22	1.77e-30	2.88e-18	3.25e-15	4.04e-13	2.32e-11	9.34e-10	1.27e-06	1.34e-04	3.63e-03	2.42e-02	1.08e-01	2.04e-01	1.72e-01	1.35e-01	2.81e-01	6.58e-02	4.99e-03
 2.44815e+22	2.50e-30	3.89e-18	4.21e-15	5.01e-13	2.75e-11	1.06e-09	1.42e-06	1.51e-04	4.01e-03	2.62e-02	1.15e-01	2.12e-01	1.74e-01	1.33e-01	2.70e-01	6.13e-02	4.51e-03
 2.46077e+22	3.88e-30	5.67e-18	5.86e-15	6.58e-13	3.41e-11	1.26e-09	1.65e-06	1.73e-04	4.55e-03	2.89e-02	1.23e-01	2.21e-01	1.76e-01	1.30e-01	2.56e-01	5.59e-02	3.96e-03
 2.47368e+22	5.49e-30	7.65e-18	7.60e-15	8.17e-13	4.05e-11	1.44e-09	1.85e-06	1.94e-04	5.02e-03	3.12e-02	1.29e-01	2.28e-01	1.78e-01	1.28e-01	2.45e-01	5.18e-02	3.56e-03
 2.48485e+22	7.52e-30	1.00e-17	9.64e-15	9.96e-13	4.74e-11	1.63e-09	2.05e-06	2.14e-04	5.48e-03	3.33e-02	1.36e-01	2.35e-01	1.79e-01	1.25e-01	2.35e-01	4.83e-02	3.22e-03
 2.49725e+22	1.13e-29	1.42e-17	1.31e-14	1.28e-12	5.80e-11	1.90e-09	2.34e-06	2.44e-04	6.13e-03	3.63e-02	1.44e-01	2.43e-01	1.79e-01	1.22e-01	2.22e-01	4.40e-02	2.83e-03
 2.50978e+22	1.53e-29	1.86e-17	1.65e-14	1.56e-12	6.77e-11	2.15e-09	2.59e-06	2.68e-04	6.66e-03	3.86e-02	1.50e-01	2.49e-01	1.80e-01	1.20e-01	2.12e-01	4.09e-02	2.56e-03
 2.52246e+22	2.26e-29	2.61e-17	2.22e-14	2.00e-12	8.26e-11	2.51e-09	2.94e-06	3.03e-04	7.41e-03	4.18e-02	1.58e-01	2.56e-01	1.80e-01	1.16e-01	2.00e-01	3.72e-02	2.25e-03
 2.53541e+22	3.08e-29	3.42e-17	2.81e-14	2.43e-12	9.67e-11	2.85e-09	3.25e-06	3.34e-04	8.05e-03	4.45e-02	1.65e-01	2.62e-01	1.80e-01	1.13e-01	1.91e-01	3.45e-02	2.02e-03
 2.54677e+22	4.14e-29	4.41e-17	3.51e-14	2.93e-12	1.12e-10	3.21e-09	3.58e-06	3.65e-04	8.70e-03	4.72e-02	1.71e-01	2.67e-01	1.79e-01	1.10e-01	1.82e-01	3.20e-02	1.83e-03
 2.55960e+22	6.04e-29	6.14e-17	4.69e-14	3.73e-12	1.36e-10	3.74e-09	4.05e-06	4.10e-04	9.61e-03	5.07e-02	1.79e-01	2.73e-01	1.79e-01	1.07e-01	1.71e-01	2.90e-02	1.60e-03
 2.57243e+22	7.91e-29	7.77e-17	5.78e-14	4.45e-12	1.57e-10	4.19e-09	4.44e-06	4.47e-04	1.03e-02	5.35e-02	1.85e-01	2.78e-01	1.78e-01	1.04e-01	1.63e-01	2.70e-02	1.45e-03
 2.58528e+22	1.14e-28	1.07e-16	7.65e-14	5.63e-12	1.90e-10	4.87e-09	4.99e-06	4.99e-04	1.13e-02	5.72e-02	1.93e-01	2.83e-01	1.76e-01	1.00e-01	1.53e-01	2.44e-02	1.27e-03
 2.59833e+22	1.50e-28	1.36e-16	9.44e-14	6.73e-12	2.20e-10	5.47e-09	5.48e-06	5.43e-04	1.22e-02	6.02e-02	1.99e-01	2.87e-01	1.75e-01	9.72e-02	1.46e-01	2.26e-02	1.14e-03
 2.61163e+22	2.16e-28	1.87e-16	1.25e-13	8.52e-12	2.66e-10	6.37e-09	6.17e-06	6.05e-04	1.34e-02	6.43e-02	2.07e-01	2.91e-01	1.73e-01	9.34e-02	1.36e-01	2.04e-02	9.95e-04
 2.62516e+22	2.85e-28	2.38e-16	1.55e-13	1.02e-11	3.08e-10	7.17e-09	6.77e-06	6.59e-04	1.43e-02	6.76e-02	2.13e-01	2.94e-01	1.71e-01	9.04e-02	1.29e-01	1.88e-02	8.95e-04
 2.63899e+22	4.10e-28	3.29e-16	2.05e-13	1.29e-11	3.74e-10	8.36e-09	7.63e-06	7.35e-04	1.57e-02	7.21e-02	2.20e-01	2.98e-01	1.69e-01	8.65e-02	1.20e-01	1.69e-02	7.75e-04
 2.65308e+22	5.39e-28	4.19e-16	2.54e-13	1.55e-11	4.34e-10	9.44e-09	8.39e-06	7.99e-04	1.68e-02	7.57e-02	2.26e-01	3.01e-01	1.66e-01	8.35e-02	1.14e-01	1.55e-02	6.93e-04
 2.66540e+22	7.04e-28	5.31e-16	3.13e-13	1.85e-11	5.02e-10	1.06e-08	9.19e-06	8.67e-04	1.80e-02	7.92e-02	2.32e-01	3.03e-01	1.64e-01	8.07e-02	1.07e-01	1.43e-02	6.22e-04
 2.67935e+22	9.96e-28	7.22e-16	4.11e-13	2.33e-11	6.05e-10	1.23e-08	1.03e-05	9.62e-04	1.96e-02	8.40e-02	2.39e-01	3.05e-01	1.61e-01	7.70e-02	9.98e-02	1.28e-02	5.38e-04
 2.69326e+22	1.27e-27	8.95e-16	4.98e-13	2.75e-11	6.95e-10	1.38e-08	1.13e-05	1.04e-03	2.08e-02	8.75e-02	2.45e-01	3.06e-01	1.58e-01	7.43e-02	9.46e-02	1.19e-02	4.86e-04
 2.70712e+22	1.79e-27	1.21e-15	6.50e-13	3.44e-11	8.35e-10	1.60e-08	1.26e-05	1.15e-03	2.26e-02	9.25e-02	2.51e-01	3.08e-01	1.55e-01	7.08e-02	8.77e-02	1.06e-02	4.20e-04
 2.72117e+22	2.28e-27	1.50e-15	7.88e-13	4.07e-11	9.60e-10	1.80e-08	1.38e-05	1.24e-03	2.40e-02	9.63e-02	2.57e-01	3.08e-01	1.52e-01	6.82e-02	8.29e-02	9.78e-03	3.78e-04
 2.73547e+22	3.17e-27	2.01e-15	1.02e-12	5.07e-11	1.15e-09	2.08e-08	1.55e-05	1.37e-03	2.59e-02	1.01e-01	2.63e-01	3.09e-01	1.49e-01	6.48e-02	7.69e-02	8.77e-03	3.27e-04
 2.75025e+22	4.12e-27	2.54e-15	1.26e-12	6.06e-11	1.34e-09	2.35e-08	1.71e-05	1.48e-03	2.77e-02	1.06e-01	2.68e-01	3.09e-01	1.45e-01	6.21e-02	7.22e-02	8.01e-03	2.91e-04
 2.76567e+22	5.85e-27	3.45e-15	1.65e-12	7.66e-11	1.62e-09	2.76e-08	1.93e-05	1.65e-03	3.00e-02	1.12e-01	2.74e-01	3.09e-01	1.41e-01	5.87e-02	6.64e-02	7.11e-03	2.49e-04
 2.78133e+22	7.61e-27	4.35e-15	2.03e-12	9.17e-11	1.89e-09	3.12e-08	2.12e-05	1.78e-03	3.20e-02	1.16e-01	2.79e-01	3.08e-01	1.38e-01	5.61e-02	6.22e-02	6.48e-03	2.21e-04
 2.79730e+22	1.07e-26	5.90e-15	2.67e-12	1.16e-10	2.29e-09	3.66e-08	2.40e-05	1.98e-03	3.46e-02	1.22e-01	2.85e-01	3.07e-01	1.33e-01	5.28e-02	5.71e-02	5.73e-03	1.89e-04
 2.81382e+22	1.42e-26	7.54e-15	3.33e-12	1.40e-10	2.69e-09	4.18e-08	2.66e-05	2.16e-03	3.70e-02	1.27e-01	2.90e-01	3.05e-01	1.30e-01	5.02e-02	5.31e-02	5.18e-03	1.66e-04
 2.83105e+22	2.04e-26	1.04e-14	4.42e-12	1.79e-10	3.31e-09	4.95e-08	3.03e-05	2.40e-03	4.01e-02	1.34e-01	2.96e-01	3.03e-01	1.25e-01	4.70e-02	4.84e-02	4.54e-03	1.40e-04
 2.84884e+22	2.73e-26	1.34e-14	5.58e-12	2.19e-10	3.92e-09	5.70e-08	3.39e-05	2.63e-03	4.29e-02	1.40e-01	3.00e-01	3.01e-01	1.21e-01	4.45e-02	4.47e-02	4.07e-03	1.21e-04
 2.86734e+22	4.01e-26	1.88e-14	7.54e-12	2.85e-10	4.87e-09	6.82e-08	3.89e-05	2.94e-03	4.67e-02	1.47e-01	3.05e-01	2.97e-01	1.15e-01	4.13e-02	4.03e-02	3.52e-03	1.01e-04
 2.88590e+22	5.34e-26	2.42e-14	9.47e-12	3.47e-10	5.76e-09	7.83e-08	4.34e-05	3.21e-03	4.99e-02	1.53e-01	3.09e-01	2.94e-01	1.11e-01	3.90e-02	3.72e-02	3.15e-03	8.77e-05
 2.90453e+22	7.76e-26	3.36e-14	1.27e-11	4.48e-10	7.14e-09	9.35e-08	4.97e-05	3.59e-03	5.41e-02	1.60e-01	3.14e-01	2.90e-01	1.06e-01	3.61e-02	3.35e-02	2.73e-03	7.29e-05
 2.92395e+22	1.06e-25	4.41e-14	1.63e-11	5.55e-10	8.56e-09	1.09e-07	5.59e-05	3.94e-03	5.79e-02	1.66e-01	3.17e-01	2.86e-01	1.02e-01	3.38e-02	3.07e-02	2.41e-03	6.24e-05
 2.94442e+22	1.61e-25	6.39e-14	2.26e-11	7.38e-10	1.09e-08	1.32e-07	6.50e-05	4.44e-03	6.32e-02	1.75e-01	3.21e-01	2.80e-01	9.64e-02	3.10e-02	2.72e-02	2.04e-03	5.05e-05
 2.96488e+22	2.17e-25	8.34e-14	2.88e-11	9.10e-10	1.30e-08	1.53e-07	7.28e-05	4.86e-03	6.74e-02	1.81e-01	3.23e-01	2.75e-01	9.22e-02	2.90e-02	2.48e-02	1.81e-03	4.32e-05
 2.98533e+22	3.28e-25	1.21e-13	4.00e-11	1.21e-09	1.64e-08	1.86e-07	8.45e-05	5.47e-03	7.34e-02	1.90e-01	3.26e-01	2.69e-01	8.69e-02	2.64e-02	2.19e-02	1.52e-03	3.48e-05
 3.00608e+22	4.49e-25	1.60e-13	5.15e-11	1.50e-09	1.97e-08	2.17e-07	9.50e-05	6.00e-03	7.83e-02	1.96e-01	3.27e-01	2.63e-01	8.27e-02	2.46e-02	1.99e-02	1.33e-03	2.94e-05
 3.02357e+22	5.99e-25	2.07e-13	6.48e-11	1.83e-09	2.33e-08	2.49e-07	1.06e-04	6.52e-03	8.29e-02	2.03e-01	3.28e-01	2.58e-01	7.91e-02	2.30e-02	1.82e-02	1.18e-03	2.52e-05
 3.04266e+22	8.78e-25	2.93e-13	8.82e-11	2.38e-09	2.91e-08	2.99e-07	1.21e-04	7.26e-03	8.94e-02	2.10e-01	3.29e-01	2.51e-01	7.44e-02	2.10e-02	1.61e-02	1.00e-03	2.04e-05
 3.06167e+22	1.16e-24	3.79e-13	1.11e-10	2.90e-09	3.43e-08	3.43e-07	1.35e-04	7.88e-03	9.45e-02	2.16e-01	3.29e-01	2.46e-01	7.09e-02	1.96e-02	1.47e-02	8.83e-04	1.75e-05
 3.08057e+22	1.70e-24	5.38e-13	1.51e-10	3.78e-09	4.27e-08	4.11e-07	1.54e-04	8.76e-03	1.02e-01	2.24e-01	3.29e-01	2.39e-01	6.65e-02	1.78e-02	1.30e-02	7.45e-04	1.41e-05
 3.09963e+22	2.46e-24	7.02e-13	1.91e-10	4.63e-09	5.07e-08	4.74e-07	1.72e-04	9.51e-03	1.07e-01	2.30e-01	3.28e-01	2.33e-01	6.31e-02	1.66e-02	1.18e-02	6.54e-04	1.20e-05
 3.11888e+22	3.62e-24	1.01e-12	2.63e-10	6.07e-09	6.36e-08	5.73e-07	1.98e-04	1.06e-02	1.15e-01	2.37e-01	3.26e-01	2.25e-01	5.89e-02	1.50e-02	1.03e-02	5.46e-04	9.55e-06
 3.13824e+22	4.83e-24	1.33e-12	3.35e-10	7.47e-09	7.58e-08	6.63e-07	2.21e-04	1.15e-02	1.22e-01	2.43e-01	3.25e-01	2.19e-01	5.57e-02	1.39e-02	9.28e-03	4.75e-04	8.03e-06
 3.15775e+22	7.11e-24	1.94e-12	4.63e-10	9.87e-09	9.57e-08	8.07e-07	2.56e-04	1.29e-02	1.31e-01	2.51e-01	3.22e-01	2.11e-01	5.16e-02	1.25e-02	8.07e-03	3.94e-04	6.34e-06
 3.17751e+22	9.61e-24	2.60e-12	5.98e-10	1.23e-08	1.15e-07	9.44e-07	2.88e-04	1.41e-02	1.39e-01	2.56e-01	3.19e-01	2.04e-01	4.85e-02	1.15e-02	7.22e-03	3.39e-04	5.25e-06
 3.19758e+22	1.42e-23	3.86e-12	8.41e-10	1.65e-08	1.48e-07	1.16e-06	3.37e-04	1.58e-02	1.49e-01	2.63e-01	3.15e-01	1.95e-01	4.47e-02	1.03e-02	6.21e-03	2.77e-04	4.07e-06
 3.21785e+22	1.93e-23	5.24e-12	1.10e-09	2.07e-08	1.79e-07	1.37e-06	3.81e-04	1.73e-02	1.58e-01	2.69e-01	3.11e-01	1.88e-01	4.17e-02	9.37e-03	5.50e-03	2.36e-04	3.33e-06
 3.23828e+22	2.84e-23	7.85e-12	1.55e-09	2.79e-08	2.31e-07	1.71e-06	4.49e-04	1.96e-02	1.69e-01	2.75e-01	3.05e-01	1.79e-01	3.81e-02	8.30e-03	4.69e-03	1.90e-04	2.55e-06
 3.25766e+22	3.68e-23	1.03e-11	1.96e-09	3.42e-08	2.76e-07	1.99e-06	5.02e-04	2.13e-02	1.78e-01	2.79e-01	3.01e-01	1.73e-01	3.57e-02	7.63e-03	4.20e-03	1.64e-04	2.12e-06
 3.27580e+22	5.16e-23	1.49e-11	2.68e-09	4.49e-08	3.49e-07	2.44e-06	5.85e-04	2.38e-02	1.89e-01	2.84e-01	2.95e-01	1.64e-01	3.27e-02	6.81e-03	3.61e-03	1.34e-04	1.65e-06
 3.29431e+22	6.71e-23	1.98e-11	3.44e-09	5.57e-08	4.21e-07	2.87e-06	6.61e-04	2.60e-02	1.99e-01	2.88e-01	2.89e-01	1.57e-01	3.05e-02	6.20e-03	3.19e-03	1.14e-04	1.35e-06
 3.31242e+22	9.08e-23	2.81e-11	4.63e-09	7.25e-08	5.31e-07	3.52e-06	7.69e-04	2.90e-02	2.11e-01	2.92e-01	2.82e-01	1.49e-01	2.78e-02	5.53e-03	2.74e-03	9.32e-05	1.05e-06
 3.33096e+22	1.17e-22	3.80e-11	6.00e-09	9.13e-08	6.50e-07	4.21e-06	8.79e-04	3.20e-02	2.22e-01	2.95e-01	2.75e-01	1.42e-01	2.56e-02	4.98e-03	2.39e-03	7.78e-05	8.40e-07
 3.34870e+22	1.52e-22	5.19e-11	7.84e-09	1.16e-07	8.05e-07	5.09e-06	1.01e-03	3.54e-02	2.34e-01	2.97e-01	2.67e-01	1.34e-01	2.34e-02	4.45e-03	2.07e-03	6.43e-05	6.63e-07
 3.36662e+22	1.94e-22	7.00e-11	1.02e-08	1.47e-07	9.92e-07	6.14e-06	1.17e-03	3.92e-02	2.47e-01	2.99e-01	2.59e-01	1.27e-01	2.14e-02	3.98e-03	1.79e-03	5.31e-05	5.24e-07
 3.38415e+22	2.44e-22	9.35e-11	1.30e-08	1.84e-07	1.22e-06	7.40e-06	1.34e-03	4.32e-02	2.59e-01	3.01e-01	2.51e-01	1.20e-01	1.96e-02	3.55e-03	1.54e-03	4.39e-05	4.14e-07
 3.40142e+22	3.03e-22	1.24e-10	1.66e-08	2.31e-07	1.49e-06	8.89e-06	1.53e-03	4.76e-02	2.71e-01	3.01e-01	2.43e-01	1.13e-01	1.78e-02	3.17e-03	1.33e-03	3.63e-05	3.28e-07
 3.41852e+22	3.72e-22	1.62e-10	2.10e-08	2.87e-07	1.82e-06	1.07e-05	1.76e-03	5.24e-02	2.83e-01	3.02e-01	2.34e-01	1.06e-01	1.62e-02	2.82e-03	1.15e-03	2.99e-05	2.59e-07
 3.43553e+22	4.52e-22	2.10e-10	2.64e-08	3.56e-07	2.22e-06	1.28e-05	2.01e-03	5.76e-02	2.96e-01	3.01e-01	2.25e-01	9.97e-02	1.47e-02	2.51e-03	9.87e-04	2.46e-05	2.04e-07
 3.45253e+22	5.44e-22	2.71e-10	3.30e-08	4.41e-07	2.70e-06	1.54e-05	2.30e-03	6.33e-02	3.08e-01	3.00e-01	2.16e-01	9.32e-02	1.33e-02	2.22e-03	8.47e-04	2.02e-05	1.61e-07
 3.46957e+22	6.51e-22	3.46e-10	4.10e-08	5.43e-07	3.28e-06	1.84e-05	2.63e-03	6.94e-02	3.21e-01	2.98e-01	2.07e-01	8.69e-02	1.20e-02	1.96e-03	7.25e-04	1.66e-05	1.26e-07
 3.48672e+22	7.77e-22	4.39e-10	5.07e-08	6.68e-07	3.98e-06	2.20e-05	3.00e-03	7.60e-02	3.33e-01	2.96e-01	1.98e-01	8.08e-02	1.08e-02	1.73e-03	6.19e-04	1.35e-05	0.00e+00
 3.50409e+22	9.21e-22	5.54e-10	6.25e-08	8.20e-07	4.81e-06	2.64e-05	3.43e-03	8.32e-02	3.45e-01	2.93e-01	1.89e-01	7.48e-02	9.71e-03	1.52e-03	5.26e-04	1.10e-05	0.00e+00
 3.52172e+22	1.09e-21	6.94e-10	7.68e-08	1.01e-06	5.83e-06	3.16e-05	3.91e-03	9.09e-02	3.57e-01	2.90e-01	1.79e-01	6.91e-02	8.68e-03	1.32e-03	4.45e-04	8.91e-06	0.00e+00
 3.53967e+22	1.29e-21	8.64e-10	9.40e-08	1.23e-06	7.05e-06	3.79e-05	4.46e-03	9.92e-02	3.68e-01	2.86e-01	1.70e-01	6.36e-02	7.73e-03	1.15e-03	3.75e-04	7.18e-06	0.00e+00
 3.55768e+22	1.51e-21	1.06e-09	1.14e-07	1.50e-06	8.46e-06	4.51e-05	5.06e-03	1.08e-01	3.79e-01	2.81e-01	1.61e-01	5.84e-02	6.88e-03	1.00e-03	3.17e-04	5.80e-06	0.00e+00
 3.57612e+22	1.75e-21	1.31e-09	1.39e-07	1.83e-06	1.02e-05	5.41e-05	5.77e-03	1.17e-01	3.89e-01	2.76e-01	1.51e-01	5.33e-02	6.08e-03	8.63e-04	2.64e-04	4.62e-06	0.00e+00
 3.59469e+22	2.06e-21	1.59e-09	1.67e-07	2.20e-06	1.22e-05	6.42e-05	6.52e-03	1.27e-01	3.99e-01	2.70e-01	1.42e-01	4.88e-02	5.39e-03	7.47e-04	2.22e-04	3.72e-06	0.00e+00
 3.61379e+22	2.45e-21	1.94e-09	2.03e-07	2.69e-06	1.48e-05	7.71e-05	7.43e-03	1.38e-01	4.08e-01	2.63e-01	1.33e-01	4.41e-02	4.72e-03	6.37e-04	1.84e-04	2.93e-06	0.00e+00
 3.63172e+22	2.81e-21	2.26e-09	2.36e-07	3.14e-06	1.71e-05	8.88e-05	8.21e-03	1.47e-01	4.15e-01	2.58e-01	1.26e-01	4.07e-02	4.24e-03	5.61e-04	1.58e-04	2.42e-06	0.00e+00
 3.64995e+22	3.34e-21	2.73e-09	2.85e-07	3.83e-06	2.06e-05	1.07e-04	9.35e-03	1.59e-01	4.23e-01	2.50e-01	1.17e-01	3.66e-02	3.69e-03	4.74e-04	1.29e-04	1.89e-06	0.00e+00
 3.66840e+22	3.87e-21	3.17e-09	3.30e-07	4.44e-06	2.37e-05	1.22e-04	1.03e-02	1.68e-01	4.29e-01	2.44e-01	1.10e-01	3.37e-02	3.31e-03	4.17e-04	1.11e-04	1.57e-06	0.00e+00
 3.68713e+22	4.63e-21	3.79e-09	3.97e-07	5.39e-06	2.85e-05	1.46e-04	1.16e-02	1.81e-01	4.35e-01	2.36e-01	1.02e-01	3.02e-02	2.86e-03	3.51e-04	9.04e-05	1.22e-06	0.00e+00
 3.70632e+22	5.39e-21	4.38e-09	4.59e-07	6.26e-06	3.28e-05	1.68e-04	1.28e-02	1.92e-01	4.39e-01	2.30e-01	9.59e-02	2.76e-02	2.55e-03	3.06e-04	7.70e-05	9.96e-07	0.00e+00
 3.72611e+22	6.50e-21	5.22e-09	5.52e-07	7.60e-06	3.95e-05	2.01e-04	1.45e-02	2.06e-01	4.44e-01	2.21e-01	8.80e-02	2.45e-02	2.19e-03	2.55e-04	6.20e-05	7.63e-07	0.00e+00
 3.74615e+22	7.61e-21	6.01e-09	6.38e-07	8.81e-06	4.53e-05	2.30e-04	1.59e-02	2.17e-01	4.46e-01	2.14e-01	8.24e-02	2.23e-02	1.94e-03	2.21e-04	5.26e-05	6.23e-07	0.00e+00
 3.76652e+22	9.21e-21	7.12e-09	7.64e-07	1.07e-05	5.42e-05	2.75e-04	1.79e-02	2.32e-01	4.49e-01	2.04e-01	7.52e-02	1.97e-02	1.66e-03	1.83e-04	4.22e-05	4.75e-07	0.00e+00
 3.78708e+22	1.08e-20	8.15e-09	8.80e-07	1.23e-05	6.20e-05	3.13e-04	1.96e-02	2.43e-01	4.50e-01	1.97e-01	7.01e-02	1.79e-02	1.47e-03	1.58e-04	3.57e-05	3.86e-07	0.00e+00
 3.80786e+22	1.31e-20	9.60e-09	1.05e-06	1.48e-05	7.39e-05	3.73e-04	2.20e-02	2.59e-01	4.50e-01	1.88e-01	6.38e-02	1.57e-02	1.24e-03	1.30e-04	2.85e-05	2.93e-07	0.00e+00
 3.82889e+22	1.54e-20	1.10e-08	1.21e-06	1.71e-05	8.44e-05	4.24e-04	2.39e-02	2.71e-01	4.49e-01	1.81e-01	5.93e-02	1.42e-02	1.10e-03	1.12e-04	2.40e-05	2.37e-07	0.00e+00
 3.85022e+22	1.88e-20	1.29e-08	1.44e-06	2.05e-05	1.00e-04	5.02e-04	2.68e-02	2.86e-01	4.47e-01	1.71e-01	5.37e-02	1.24e-02	9.28e-04	9.23e-05	1.91e-05	1.79e-07	0.00e+00
 3.87191e+22	2.21e-20	1.47e-08	1.66e-06	2.37e-05	1.14e-04	5.71e-04	2.91e-02	2.99e-01	4.45e-01	1.64e-01	4.97e-02	1.12e-02	8.13e-04	7.90e-05	1.60e-05	1.44e-07	0.00e+00
 3.89406e+22	2.72e-20	1.73e-08	1.99e-06	2.85e-05	1.35e-04	6.76e-04	3.25e-02	3.15e-01	4.42e-01	1.55e-01	4.47e-02	9.73e-03	6.83e-04	6.44e-05	1.26e-05	0.00e+00	0.00e+00
 3.91666e+22	3.22e-20	1.98e-08	2.29e-06	3.29e-05	1.55e-04	7.69e-04	3.53e-02	3.27e-01	4.38e-01	1.48e-01	4.12e-02	8.70e-03	5.95e-04	5.47e-05	1.05e-05	0.00e+00	0.00e+00
 3.93981e+22	3.99e-20	2.34e-08	2.75e-06	3.96e-05	1.83e-04	9.11e-04	3.93e-02	3.44e-01	4.32e-01	1.39e-01	3.68e-02	7.50e-03	4.95e-04	4.42e-05	8.17e-06	0.00e+00	0.00e+00
 3.96349e+22	4.78e-20	2.70e-08	3.19e-06	4.59e-05	2.10e-04	1.04e-03	4.27e-02	3.57e-01	4.27e-01	1.32e-01	3.37e-02	6.67e-03	4.28e-04	3.72e-05	6.72e-06	0.00e+00	0.00e+00
 3.98345e+22	5.60e-20	3.05e-08	3.64e-06	5.23e-05	2.36e-04	1.16e-03	4.59e-02	3.68e-01	4.21e-01	1.26e-01	3.11e-02	6.00e-03	3.76e-04	3.20e-05	5.65e-06	0.00e+00	0.00e+00
 4.00500e+22	6.85e-20	3.55e-08	4.29e-06	6.17e-05	2.74e-04	1.35e-03	5.03e-02	3.83e-01	4.14e-01	1.18e-01	2.80e-02	5.23e-03	3.17e-04	2.62e-05	4.50e-06	0.00e+00	0.00e+00
 4.02678e+22	8.04e-20	4.02e-08	4.90e-06	7.03e-05	3.07e-04	1.51e-03	5.40e-02	3.94e-01	4.08e-01	1.12e-01	2.57e-02	4.69e-03	2.77e-04	2.24e-05	3.76e-06	0.00e+00	0.00e+00
 4.04586e+22	9.42e-20	4.53e-08	5.57e-06	7.98e-05	3.44e-04	1.69e-03	5.78e-02	4.04e-01	4.01e-01	1.07e-01	2.37e-02	4.20e-03	2.42e-04	1.92e-05	3.15e-06	0.00e+00	0.00e+00
 4.06766e+22	1.15e-19	5.29e-08	6.57e-06	9.39e-05	3.98e-04	1.95e-03	6.30e-02	4.18e-01	3.92e-01	9.96e-02	2.12e-02	3.64e-03	2.04e-04	1.57e-05	2.50e-06	0.00e+00	0.00e+00
 4.08934e+22	1.37e-19	6.02e-08	7.49e-06	1.06e-04	4.43e-04	2.15e-03	6.70e-02	4.27e-01	3.85e-01	9.49e-02	1.96e-02	3.29e-03	1.79e-04	1.36e-05	2.12e-06	0.00e+00	0.00e+00
 4.11087e+22	1.66e-19	6.97e-08	8.79e-06	1.24e-04	5.10e-04	2.48e-03	7.28e-02	4.40e-01	3.75e-01	8.84e-02	1.75e-02	2.84e-03	1.50e-04	1.11e-05	1.68e-06	0.00e+00	0.00e+00
 4.13248e+22	1.98e-19	7.96e-08	1.00e-05	1.40e-04	5.66e-04	2.73e-03	7.72e-02	4.49e-01	3.68e-01	8.39e-02	1.61e-02	2.56e-03	1.32e-04	9.55e-06	1.42e-06	0.00e+00	0.00e+00
 4.15422e+22	2.42e-19	9.27e-08	1.18e-05	1.64e-04	6.49e-04	3.13e-03	8.36e-02	4.61e-01	3.57e-01	7.80e-02	1.44e-02	2.21e-03	1.11e-04	7.78e-06	1.12e-06	0.00e+00	0.00e+00
 4.17632e+22	2.91e-19	1.06e-07	1.35e-05	1.86e-04	7.22e-04	3.46e-03	8.86e-02	4.69e-01	3.49e-01	7.38e-02	1.32e-02	1.98e-03	9.67e-05	6.67e-06	9.40e-07	0.00e+00	0.00e+00
 4.19892e+22	3.60e-19	1.25e-07	1.60e-05	2.19e-04	8.30e-04	3.97e-03	9.59e-02	4.80e-01	3.37e-01	6.83e-02	1.17e-02	1.70e-03	8.03e-05	5.39e-06	7.37e-07	0.00e+00	0.00e+00
 4.22185e+22	4.38e-19	1.45e-07	1.84e-05	2.49e-04	9.24e-04	4.38e-03	1.01e-01	4.87e-01	3.29e-01	6.44e-02	1.07e-02	1.51e-03	6.98e-05	4.59e-06	6.14e-07	0.00e+00	0.00e+00
 4.24523e+22	5.48e-19	1.71e-07	2.19e-05	2.93e-04	1.06e-03	5.02e-03	1.10e-01	4.97e-01	3.17e-01	5.92e-02	9.44e-03	1.29e-03	5.76e-05	3.69e-06	4.78e-07	0.00e+00	0.00e+00
 4.26905e+22	6.74e-19	2.00e-07	2.54e-05	3.35e-04	1.19e-03	5.56e-03	1.16e-01	5.04e-01	3.08e-01	5.56e-02	8.58e-03	1.14e-03	4.97e-05	3.12e-06	3.95e-07	0.00e+00	0.00e+00
 4.29344e+22	8.58e-19	2.40e-07	3.04e-05	3.96e-04	1.37e-03	6.38e-03	1.25e-01	5.12e-01	2.95e-01	5.08e-02	7.51e-03	9.66e-04	4.06e-05	2.48e-06	3.04e-07	0.00e+00	0.00e+00
 4.31838e+22	1.07e-18	2.82e-07	3.55e-05	4.55e-04	1.53e-03	7.07e-03	1.33e-01	5.18e-01	2.85e-01	4.75e-02	6.79e-03	8.49e-04	3.48e-05	2.08e-06	2.49e-07	0.00e+00	0.00e+00
 4.34403e+22	1.39e-18	3.43e-07	4.31e-05	5.42e-04	1.77e-03	8.14e-03	1.43e-01	5.25e-01	2.72e-01	4.31e-02	5.89e-03	7.11e-04	2.81e-05	1.63e-06	1.89e-07	0.00e+00	0.00e+00
 4.36996e+22	1.75e-18	4.07e-07	5.05e-05	6.23e-04	1.98e-03	9.01e-03	1.51e-01	5.29e-01	2.62e-01	4.01e-02	5.30e-03	6.22e-04	2.39e-05	1.36e-06	1.53e-07	0.00e+00	0.00e+00
 4.39626e+22	2.31e-18	5.01e-07	6.16e-05	7.46e-04	2.30e-03	1.04e-02	1.62e-01	5.34e-01	2.48e-01	3.62e-02	4.58e-03	5.18e-04	1.92e-05	1.06e-06	0.00e+00	0.00e+00	0.00e+00
 4.42289e+22	2.95e-18	5.98e-07	7.25e-05	8.59e-04	2.57e-03	1.15e-02	1.71e-01	5.37e-01	2.38e-01	3.35e-02	4.10e-03	4.51e-04	1.63e-05	8.81e-07	0.00e+00	0.00e+00	0.00e+00
 4.44571e+22	3.66e-18	7.02e-07	8.43e-05	9.80e-04	2.86e-03	1.27e-02	1.80e-01	5.39e-01	2.29e-01	3.11e-02	3.68e-03	3.94e-04	1.39e-05	7.34e-07	0.00e+00	0.00e+00	0.00e+00
 4.47114e+22	4.87e-18	8.65e-07	1.02e-04	1.16e-03	3.28e-03	1.43e-02	1.92e-01	5.41e-01	2.17e-01	2.82e-02	3.19e-03	3.30e-04	1.12e-05	5.80e-07	0.00e+00	0.00e+00	0.00e+00
 4.49684e+22	6.15e-18	1.03e-06	1.20e-04	1.33e-03	3.65e-03	1.58e-02	2.01e-01	5.41e-01	2.07e-01	2.60e-02	2.85e-03	2.87e-04	9.50e-06	4.80e-07	0.00e+00	0.00e+00	0.00e+00
 4.51829e+22	6.49e-18	1.20e-06	1.38e-04	1.50e-03	4.02e-03	1.73e-02	2.10e-01	5.41e-01	1.99e-01	2.41e-02	2.57e-03	2.52e-04	8.16e-06	4.05e-07	0.00e+00	0.00e+00	0.00e+00
 4.54156e+22	8.41e-18	1.45e-06	1.64e-04	1.75e-03	4.52e-03	1.92e-02	2.21e-01	5.40e-01	1.89e-01	2.20e-02	2.26e-03	2.16e-04	6.77e-06	3.28e-07	0.00e+00	0.00e+00	0.00e+00
 4.56550e+22	1.06e-17	1.72e-06	1.91e-04	1.99e-03	5.00e-03	2.10e-02	2.31e-01	5.38e-01	1.80e-01	2.03e-02	2.03e-03	1.88e-04	5.76e-06	2.74e-07	0.00e+00	0.00e+00	0.00e+00
 4.58687e+22	1.32e-17	2.02e-06	2.20e-04	2.25e-03	5.51e-03	2.29e-02	2.40e-01	5.36e-01	1.72e-01	1.88e-02	1.82e-03	1.64e-04	4.91e-06	2.29e-07	0.00e+00	0.00e+00	0.00e+00
 4.61121e+22	1.77e-17	2.48e-06	2.65e-04	2.63e-03	6.21e-03	2.54e-02	2.52e-01	5.32e-01	1.62e-01	1.70e-02	1.59e-03	1.39e-04	4.03e-06	1.84e-07	0.00e+00	0.00e+00	0.00e+00
 4.63628e+22	2.28e-17	2.97e-06	3.11e-04	3.00e-03	6.89e-03	2.79e-02	2.63e-01	5.28e-01	1.54e-01	1.56e-02	1.41e-03	1.20e-04	3.39e-06	1.51e-07	0.00e+00	0.00e+00	0.00e+00
 4.65858e+22	2.88e-17	3.52e-06	3.61e-04	3.41e-03	7.60e-03	3.04e-02	2.73e-01	5.24e-01	1.46e-01	1.43e-02	1.25e-03	1.04e-04	2.86e-06	1.25e-07	0.00e+00	0.00e+00	0.00e+00
 4.68385e+22	3.93e-17	4.38e-06	4.37e-04	4.00e-03	8.58e-03	3.37e-02	2.86e-01	5.17e-01	1.37e-01	1.29e-02	1.08e-03	8.72e-05	2.33e-06	0.00e+00	0.00e+00	0.00e+00	0.00e+00
 4.71014e+22	5.21e-17	5.31e-06	5.17e-04	4.59e-03	9.54e-03	3.70e-02	2.97e-01	5.10e-01	1.28e-01	1.17e-02	9.51e-04	7.43e-05	1.93e-06	0.00e+00	0.00e+00	0.00e+00	0.00e+00
 4.73383e+22	6.72e-17	6.37e-06	6.06e-04	5.25e-03	1.05e-02	4.03e-02	3.08e-01	5.03e-01	1.21e-01	1.06e-02	8.38e-04	6.37e-05	1.61e-06	0.00e+00	0.00e+00	0.00e+00	0.00e+00
 4.76072e+22	9.49e-17	8.06e-06	7.42e-04	6.19e-03	1.20e-02	4.48e-02	3.21e-01	4.93e-01	1.12e-01	9.43e-03	7.15e-04	5.25e-05	1.29e-06	0.00e+00	0.00e+00	0.00e+00	0.00e+00
 4.78849e+22	1.29e-16	9.87e-06	8.84e-04	7.15e-03	1.33e-02	4.91e-02	3.33e-01	4.83e-01	1.04e-01	8.47e-03	6.20e-04	4.42e-05	1.05e-06	0.00e+00	0.00e+00	0.00e+00	0.00e+00
 4.81330e+22	1.72e-16	1.20e-05	1.04e-03	8.19e-03	1.47e-02	5.34e-02	3.43e-01	4.73e-01	9.76e-02	7.64e-03	5.42e-04	3.75e-05	8.69e-07	0.00e+00	0.00e+00	0.00e+00	0.00e+00
 4.84143e+22	2.48e-16	1.53e-05	1.29e-03	9.71e-03	1.67e-02	5.93e-02	3.56e-01	4.60e-01	8.94e-02	6.70e-03	4.56e-04	3.05e-05	6.82e-07	0.00e+00	0.00e+00	0.00e+00	0.00e+00
 4.87040e+22	3.49e-16	1.89e-05	1.54e-03	1.12e-02	1.86e-02	6.48e-02	3.67e-01	4.47e-01	8.26e-02	5.96e-03	3.92e-04	2.53e-05	5.51e-07	0.00e+00	0.00e+00	0.00e+00	0.00e+00
 4.89626e+22	4.74e-16	2.32e-05	1.83e-03	1.29e-02	2.06e-02	7.03e-02	3.77e-01	4.35e-01	7.65e-02	5.32e-03	3.38e-04	2.13e-05	4.49e-07	0.00e+00	0.00e+00	0.00e+00	0.00e+00
 4.92567e+22	7.09e-16	2.99e-05	2.26e-03	1.53e-02	2.33e-02	7.78e-02	3.89e-01	4.18e-01	6.92e-02	4.60e-03	2.81e-04	1.70e-05	3.47e-07	0.00e+00	0.00e+00	0.00e+00	0.00e+00
 4.95551e+22	1.03e-15	3.70e-05	2.71e-03	1.77e-02	2.59e-02	8.45e-02	3.98e-01	4.03e-01	6.33e-02	4.06e-03	2.39e-04	1.40e-05	2.78e-07	0.00e+00	0.00e+00	0.00e+00	0.00e+00
 4.98173e+22	1.43e-15	4.54e-05	3.21e-03	2.02e-02	2.85e-02	9.12e-02	4.06e-01	3.89e-01	5.81e-02	3.59e-03	2.04e-04	1.16e-05	2.24e-07	0.00e+00	0.00e+00	0.00e+00	0.00e+00
 5.01167e+22	2.21e-15	5.87e-05	3.98e-03	2.39e-02	3.22e-02	1.00e-01	4.15e-01	3.70e-01	5.19e-02	3.07e-03	1.67e-04	9.18e-06	1.71e-07	0.00e+00	0.00e+00	0.00e+00	0.00e+00
