#depth	Si	Si+	Si+2	Si+3	Si+4	Si+5	Si+6	Si+7	Si+8	Si+9	Si+10	Si+11	Si+12	Si+13	Si+14
 4.62852e+21	0.00e+00	0.00e+00	0.00e+00	1.90e-32	1.57e-27	2.66e-23	1.52e-19	2.74e-16	2.15e-13	9.05e-11	3.25e-08	7.45e-06	1.85e-03	6.68e-02	9.31e-01
 1.02115e+22	0.00e+00	0.00e+00	1.01e-33	4.13e-29	1.56e-24	1.14e-20	2.83e-17	2.25e-14	7.85e-12	1.44e-09	2.25e-07	2.53e-05	4.94e-03	1.18e-01	8.77e-01
 1.15258e+22	0.00e+00	0.00e+00	2.74e-32	8.17e-28	2.31e-23	1.23e-19	2.23e-16	1.30e-13	3.32e-11	4.48e-09	5.06e-07	4.30e-05	7.32e-03	1.44e-01	8.49e-01
 1.20654e+22	0.00e+00	0.00e+00	1.47e-31	3.73e-27	9.12e-23	4.16e-19	6.40e-16	3.19e-13	7.02e-11	8.11e-09	7.78e-07	5.74e-05	8.95e-03	1.59e-01	8.32e-01
 1.22952e+22	0.00e+00	0.00e+00	2.34e-31	5.68e-27	1.34e-22	5.83e-19	8.59e-16	4.11e-13	8.66e-11	9.58e-09	8.80e-07	6.23e-05	9.47e-03	1.63e-01	8.27e-01
 1.24052e+22	0.00e+00	0.00e+00	4.08e-31	9.37e-27	2.10e-22	8.71e-19	1.22e-15	5.55e-13	1.11e-10	1.17e-08	1.02e-06	6.89e-05	1.01e-02	1.69e-01	8.21e-01
 1.25255e+22	0.00e+00	0.00e+00	7.32e-31	1.59e-26	3.40e-22	1.33e-18	1.76e-15	7.61e-13	1.45e-10	1.45e-08	1.19e-06	7.65e-05	1.09e-02	1.74e-01	8.15e-01
 1.26417e+22	0.00e+00	0.00e+00	1.25e-30	2.57e-26	5.25e-22	1.96e-18	2.47e-15	1.01e-12	1.84e-10	1.75e-08	1.37e-06	8.43e-05	1.16e-02	1.79e-01	8.09e-01
 1.27553e+22	0.00e+00	0.00e+00	2.15e-30	4.22e-26	8.23e-22	2.92e-18	3.50e-15	1.37e-12	2.36e-10	2.14e-08	1.59e-06	9.34e-05	1.24e-02	1.85e-01	8.02e-01
 1.28708e+22	0.00e+00	5.07e-35	3.73e-30	6.93e-26	1.29e-21	4.35e-18	4.95e-15	1.84e-12	3.04e-10	2.62e-08	1.84e-06	1.03e-04	1.33e-02	1.91e-01	7.96e-01
 1.29858e+22	0.00e+00	7.43e-35	5.22e-30	9.19e-26	2.02e-21	6.48e-18	7.01e-15	2.48e-12	3.90e-10	3.21e-08	2.14e-06	1.15e-04	1.42e-02	1.96e-01	7.89e-01
 1.30999e+22	0.00e+00	1.34e-34	8.98e-30	1.50e-25	3.15e-21	9.61e-18	9.89e-15	3.34e-12	5.00e-10	3.92e-08	2.49e-06	1.27e-04	1.51e-02	2.02e-01	7.82e-01
 1.32136e+22	0.00e+00	2.41e-34	1.54e-29	2.45e-25	4.91e-21	1.42e-17	1.40e-14	4.49e-12	6.41e-10	4.80e-08	2.89e-06	1.41e-04	1.62e-02	2.08e-01	7.75e-01
 1.33269e+22	0.00e+00	4.33e-34	2.64e-29	3.97e-25	7.63e-21	2.11e-17	1.96e-14	6.02e-12	8.22e-10	5.86e-08	3.35e-06	1.57e-04	1.73e-02	2.14e-01	7.68e-01
 1.34400e+22	0.00e+00	7.76e-34	4.51e-29	6.44e-25	1.18e-20	3.11e-17	2.76e-14	8.08e-12	1.05e-09	7.17e-08	3.89e-06	1.74e-04	1.85e-02	2.20e-01	7.61e-01
 1.35530e+22	0.00e+00	0.00e+00	7.68e-29	1.04e-24	1.83e-20	4.58e-17	3.87e-14	1.08e-11	1.35e-09	8.75e-08	4.52e-06	1.94e-04	1.97e-02	2.27e-01	7.54e-01
 1.36660e+22	0.00e+00	2.46e-33	1.30e-28	1.68e-24	2.82e-20	6.73e-17	5.42e-14	1.45e-11	1.72e-09	1.07e-07	5.24e-06	2.15e-04	2.10e-02	2.33e-01	7.46e-01
 1.37793e+22	0.00e+00	4.37e-33	2.21e-28	2.70e-24	4.35e-20	9.88e-17	7.58e-14	1.93e-11	2.19e-09	1.30e-07	6.09e-06	2.39e-04	2.24e-02	2.39e-01	7.38e-01
 1.38931e+22	0.00e+00	7.72e-33	3.72e-28	4.32e-24	6.67e-20	1.44e-16	1.06e-13	2.57e-11	2.80e-09	1.59e-07	7.06e-06	2.66e-04	2.39e-02	2.46e-01	7.30e-01
 1.40077e+22	0.00e+00	1.36e-32	6.27e-28	6.91e-24	1.02e-19	2.11e-16	1.47e-13	3.42e-11	3.57e-09	1.94e-07	8.19e-06	2.95e-04	2.55e-02	2.52e-01	7.22e-01
 1.41234e+22	0.00e+00	2.40e-32	1.05e-27	1.10e-23	1.56e-19	3.08e-16	2.05e-13	4.55e-11	4.54e-09	2.36e-07	9.51e-06	3.28e-04	2.72e-02	2.59e-01	7.14e-01
 1.42404e+22	0.00e+00	4.21e-32	1.77e-27	1.76e-23	2.39e-19	4.49e-16	2.85e-13	6.05e-11	5.78e-09	2.88e-07	1.10e-05	3.65e-04	2.90e-02	2.66e-01	7.05e-01
 1.43589e+22	0.00e+00	7.38e-32	2.96e-27	2.79e-23	3.64e-19	6.53e-16	3.95e-13	8.04e-11	7.36e-09	3.51e-07	1.28e-05	4.06e-04	3.09e-02	2.73e-01	6.96e-01
 1.44794e+22	0.00e+00	1.29e-31	4.94e-27	4.43e-23	5.54e-19	9.49e-16	5.48e-13	1.07e-10	9.37e-09	4.28e-07	1.49e-05	4.51e-04	3.30e-02	2.79e-01	6.87e-01
 1.46021e+22	0.00e+00	2.26e-31	8.26e-27	7.03e-23	8.42e-19	1.38e-15	7.60e-13	1.42e-10	1.19e-08	5.22e-07	1.72e-05	5.02e-04	3.52e-02	2.86e-01	6.78e-01
 1.47276e+22	0.00e+00	3.95e-31	1.38e-26	1.11e-22	1.28e-18	2.00e-15	1.05e-12	1.88e-10	1.52e-08	6.37e-07	2.00e-05	5.59e-04	3.75e-02	2.94e-01	6.68e-01
 1.48504e+22	0.00e+00	6.58e-31	2.20e-26	1.70e-22	1.88e-18	2.81e-15	1.42e-12	2.43e-10	1.89e-08	7.64e-07	2.30e-05	6.16e-04	3.98e-02	3.00e-01	6.59e-01
 1.49769e+22	0.00e+00	1.15e-30	3.68e-26	2.69e-22	2.86e-18	4.09e-15	1.97e-12	3.24e-10	2.41e-08	9.34e-07	2.67e-05	6.87e-04	4.25e-02	3.08e-01	6.49e-01
 1.51053e+22	0.00e+00	1.90e-30	5.83e-26	4.06e-22	4.17e-18	5.72e-15	2.65e-12	4.18e-10	3.00e-08	1.12e-06	3.06e-05	7.57e-04	4.50e-02	3.14e-01	6.40e-01
 1.52380e+22	0.00e+00	2.87e-30	8.41e-26	6.48e-22	6.38e-18	8.35e-15	3.69e-12	5.57e-10	3.84e-08	1.37e-06	3.57e-05	8.45e-04	4.80e-02	3.22e-01	6.29e-01
 1.53729e+22	0.00e+00	4.70e-30	1.32e-25	9.71e-22	9.23e-18	1.16e-14	4.93e-12	7.16e-10	4.76e-08	1.64e-06	4.08e-05	9.31e-04	5.09e-02	3.28e-01	6.20e-01
 1.55127e+22	0.00e+00	8.34e-30	2.24e-25	1.56e-21	1.42e-17	1.70e-14	6.90e-12	9.60e-10	6.12e-08	2.02e-06	4.78e-05	1.04e-03	5.44e-02	3.36e-01	6.08e-01
 1.56551e+22	0.00e+00	1.36e-29	3.50e-25	2.32e-21	2.04e-17	2.36e-14	9.19e-12	1.23e-09	7.58e-08	2.41e-06	5.46e-05	1.15e-03	5.75e-02	3.43e-01	5.98e-01
 1.58030e+22	0.00e+00	2.43e-29	5.97e-25	3.74e-21	3.16e-17	3.49e-14	1.29e-11	1.66e-09	9.80e-08	2.98e-06	6.41e-05	1.28e-03	6.15e-02	3.51e-01	5.86e-01
 1.59500e+22	0.00e+00	3.83e-29	9.09e-25	5.46e-21	4.47e-17	4.74e-14	1.70e-11	2.10e-09	1.20e-07	3.52e-06	7.28e-05	1.41e-03	6.49e-02	3.57e-01	5.77e-01
 1.61008e+22	0.00e+00	6.83e-29	1.55e-24	8.78e-21	6.90e-17	6.99e-14	2.39e-11	2.83e-09	1.55e-07	4.35e-06	8.54e-05	1.58e-03	6.94e-02	3.65e-01	5.64e-01
 1.62542e+22	0.00e+00	1.07e-28	2.35e-24	1.28e-20	9.71e-17	9.49e-14	3.12e-11	3.57e-09	1.89e-07	5.14e-06	9.69e-05	1.72e-03	7.31e-02	3.71e-01	5.54e-01
 1.64109e+22	0.00e+00	1.91e-28	3.98e-24	2.05e-20	1.50e-16	1.40e-13	4.39e-11	4.81e-09	2.45e-07	6.36e-06	1.14e-04	1.93e-03	7.81e-02	3.79e-01	5.41e-01
 1.65681e+22	0.00e+00	2.95e-28	5.95e-24	2.93e-20	2.08e-16	1.88e-13	5.69e-11	6.03e-09	2.97e-07	7.48e-06	1.29e-04	2.11e-03	8.21e-02	3.85e-01	5.31e-01
 1.67259e+22	0.00e+00	5.18e-28	9.98e-24	4.65e-20	3.18e-16	2.74e-13	7.94e-11	8.07e-09	3.82e-07	9.21e-06	1.50e-04	2.35e-03	8.76e-02	3.92e-01	5.18e-01
 1.68867e+22	0.00e+00	7.98e-28	1.49e-23	6.65e-20	4.41e-16	3.67e-13	1.03e-10	1.01e-08	4.64e-07	1.08e-05	1.70e-04	2.57e-03	9.20e-02	3.98e-01	5.07e-01
 1.70514e+22	0.00e+00	1.42e-27	2.52e-23	1.07e-19	6.80e-16	5.41e-13	1.45e-10	1.36e-08	6.00e-07	1.34e-05	1.99e-04	2.87e-03	9.82e-02	4.05e-01	4.93e-01
 1.72148e+22	0.00e+00	2.12e-27	3.65e-23	1.49e-19	9.23e-16	7.11e-13	1.84e-10	1.68e-08	7.19e-07	1.56e-05	2.23e-04	3.11e-03	1.03e-01	4.10e-01	4.84e-01
 1.73765e+22	0.00e+00	3.66e-27	6.05e-23	2.33e-19	1.40e-15	1.03e-12	2.55e-10	2.24e-08	9.20e-07	1.91e-05	2.61e-04	3.47e-03	1.09e-01	4.17e-01	4.70e-01
 1.75406e+22	0.00e+00	5.51e-27	8.81e-23	3.27e-19	1.90e-15	1.36e-12	3.26e-10	2.77e-08	1.11e-06	2.23e-05	2.92e-04	3.76e-03	1.14e-01	4.22e-01	4.60e-01
 1.77076e+22	0.00e+00	9.48e-27	1.45e-22	5.11e-19	2.87e-15	1.96e-12	4.52e-10	3.68e-08	1.41e-06	2.73e-05	3.41e-04	4.18e-03	1.21e-01	4.28e-01	4.46e-01
 1.78769e+22	0.00e+00	1.45e-26	2.14e-22	7.23e-19	3.95e-15	2.61e-12	5.81e-10	4.59e-08	1.71e-06	3.20e-05	3.84e-04	4.54e-03	1.27e-01	4.32e-01	4.35e-01
 1.80490e+22	0.00e+00	2.51e-26	3.56e-22	1.14e-18	5.99e-15	3.80e-12	8.09e-10	6.12e-08	2.20e-06	3.93e-05	4.48e-04	5.06e-03	1.35e-01	4.38e-01	4.21e-01
 1.82241e+22	0.00e+00	3.87e-26	5.30e-22	1.62e-18	8.31e-15	5.09e-12	1.05e-09	7.68e-08	2.67e-06	4.63e-05	5.06e-04	5.50e-03	1.41e-01	4.42e-01	4.10e-01
 1.84031e+22	0.00e+00	6.81e-26	8.93e-22	2.58e-18	1.27e-14	7.48e-12	1.47e-09	1.03e-07	3.46e-06	5.72e-05	5.94e-04	6.14e-03	1.50e-01	4.47e-01	3.96e-01
 1.85836e+22	0.00e+00	1.06e-25	1.34e-21	3.69e-18	1.77e-14	1.01e-11	1.91e-09	1.30e-07	4.21e-06	6.75e-05	6.71e-04	6.68e-03	1.57e-01	4.51e-01	3.84e-01
 1.87338e+22	0.00e+00	1.56e-25	1.91e-21	5.08e-18	2.38e-14	1.31e-11	2.42e-09	1.60e-07	5.03e-06	7.81e-05	7.49e-04	7.20e-03	1.64e-01	4.54e-01	3.74e-01
 1.88964e+22	0.00e+00	2.60e-25	3.06e-21	7.70e-18	3.50e-14	1.85e-11	3.28e-09	2.09e-07	6.35e-06	9.47e-05	8.65e-04	7.93e-03	1.72e-01	4.58e-01	3.61e-01
 1.90579e+22	0.00e+00	3.82e-25	4.35e-21	1.05e-17	4.67e-14	2.40e-11	4.13e-09	2.55e-07	7.56e-06	1.09e-04	9.63e-04	8.53e-03	1.79e-01	4.60e-01	3.51e-01
 1.92181e+22	0.00e+00	6.33e-25	6.90e-21	1.58e-17	6.82e-14	3.37e-11	5.59e-09	3.32e-07	9.50e-06	1.32e-04	1.11e-03	9.38e-03	1.89e-01	4.63e-01	3.38e-01
 1.93675e+22	0.00e+00	8.67e-25	9.22e-21	2.05e-17	8.65e-14	4.18e-11	6.75e-09	3.92e-07	1.10e-05	1.49e-04	1.21e-03	9.96e-03	1.94e-01	4.64e-01	3.30e-01
 1.94811e+22	0.00e+00	1.19e-24	1.23e-20	2.64e-17	1.10e-13	5.17e-11	8.15e-09	4.63e-07	1.27e-05	1.68e-04	1.32e-03	1.06e-02	2.01e-01	4.65e-01	3.22e-01
 1.95868e+22	0.00e+00	1.58e-24	1.60e-20	3.32e-17	1.36e-13	6.26e-11	9.66e-09	5.37e-07	1.44e-05	1.87e-04	1.43e-03	1.11e-02	2.06e-01	4.66e-01	3.15e-01
 1.97039e+22	0.00e+00	2.29e-24	2.24e-20	4.47e-17	1.79e-13	8.02e-11	1.20e-08	6.52e-07	1.71e-05	2.15e-04	1.59e-03	1.19e-02	2.13e-01	4.67e-01	3.05e-01
 1.98183e+22	0.00e+00	3.01e-24	2.87e-20	5.56e-17	2.19e-13	9.64e-11	1.42e-08	7.52e-07	1.93e-05	2.38e-04	1.71e-03	1.25e-02	2.19e-01	4.68e-01	2.99e-01
 1.99291e+22	0.00e+00	4.35e-24	4.01e-20	7.44e-17	2.87e-13	1.23e-10	1.76e-08	9.10e-07	2.28e-05	2.73e-04	1.90e-03	1.34e-02	2.27e-01	4.68e-01	2.89e-01
 2.00382e+22	0.00e+00	5.59e-24	5.03e-20	9.10e-17	3.46e-13	1.46e-10	2.05e-08	1.04e-06	2.56e-05	3.00e-04	2.03e-03	1.40e-02	2.32e-01	4.69e-01	2.83e-01
 2.01453e+22	0.00e+00	8.03e-24	6.98e-20	1.21e-16	4.51e-13	1.85e-10	2.54e-08	1.25e-06	3.02e-05	3.44e-04	2.25e-03	1.50e-02	2.40e-01	4.69e-01	2.74e-01
 2.02488e+22	0.00e+00	1.02e-23	8.68e-20	1.46e-16	5.38e-13	2.18e-10	2.93e-08	1.42e-06	3.37e-05	3.77e-04	2.40e-03	1.57e-02	2.45e-01	4.68e-01	2.68e-01
 2.03476e+22	0.00e+00	1.41e-23	1.16e-19	1.89e-16	6.83e-13	2.70e-10	3.55e-08	1.68e-06	3.91e-05	4.26e-04	2.63e-03	1.66e-02	2.52e-01	4.68e-01	2.60e-01
 2.04484e+22	0.00e+00	1.84e-23	1.48e-19	2.32e-16	8.30e-13	3.22e-10	4.15e-08	1.93e-06	4.41e-05	4.71e-04	2.83e-03	1.74e-02	2.58e-01	4.67e-01	2.54e-01
 2.05521e+22	0.00e+00	2.63e-23	2.03e-19	3.06e-16	1.08e-12	4.07e-10	5.13e-08	2.33e-06	5.19e-05	5.38e-04	3.12e-03	1.86e-02	2.66e-01	4.66e-01	2.45e-01
 2.06541e+22	0.00e+00	3.36e-23	2.54e-19	3.72e-16	1.29e-12	4.81e-10	5.95e-08	2.65e-06	5.81e-05	5.91e-04	3.34e-03	1.94e-02	2.71e-01	4.66e-01	2.40e-01
 2.07396e+22	0.00e+00	4.34e-23	3.20e-19	4.53e-16	1.55e-12	5.69e-10	6.92e-08	3.03e-06	6.53e-05	6.51e-04	3.58e-03	2.03e-02	2.77e-01	4.64e-01	2.34e-01
 2.08220e+22	0.00e+00	5.49e-23	3.95e-19	5.43e-16	1.84e-12	6.65e-10	7.95e-08	3.43e-06	7.27e-05	7.11e-04	3.82e-03	2.11e-02	2.83e-01	4.63e-01	2.28e-01
 2.09147e+22	0.00e+00	7.72e-23	5.34e-19	7.03e-16	2.35e-12	8.31e-10	9.72e-08	4.10e-06	8.51e-05	8.10e-04	4.20e-03	2.24e-02	2.91e-01	4.62e-01	2.20e-01
 2.10043e+22	0.00e+00	9.61e-23	6.50e-19	8.32e-16	2.76e-12	9.62e-10	1.11e-07	4.60e-06	9.41e-05	8.80e-04	4.46e-03	2.33e-02	2.96e-01	4.60e-01	2.15e-01
 2.10900e+22	0.00e+00	1.32e-22	8.60e-19	1.05e-15	3.45e-12	1.18e-09	1.34e-07	5.42e-06	1.09e-04	9.92e-04	4.87e-03	2.46e-02	3.03e-01	4.58e-01	2.08e-01
 2.11767e+22	0.00e+00	1.65e-22	1.05e-18	1.25e-15	4.07e-12	1.37e-09	1.53e-07	6.12e-06	1.21e-04	1.08e-03	5.18e-03	2.56e-02	3.09e-01	4.56e-01	2.03e-01
 2.12648e+22	1.40e-35	2.30e-22	1.41e-18	1.60e-15	5.15e-12	1.71e-09	1.86e-07	7.28e-06	1.41e-04	1.23e-03	5.68e-03	2.71e-02	3.17e-01	4.53e-01	1.96e-01
 2.13529e+22	1.89e-35	2.92e-22	1.74e-18	1.91e-15	6.10e-12	1.99e-09	2.14e-07	8.24e-06	1.57e-04	1.34e-03	6.06e-03	2.82e-02	3.23e-01	4.51e-01	1.90e-01
 2.14410e+22	2.85e-35	4.04e-22	2.32e-18	2.44e-15	7.68e-12	2.47e-09	2.60e-07	9.79e-06	1.83e-04	1.52e-03	6.64e-03	2.98e-02	3.30e-01	4.48e-01	1.83e-01
 2.15309e+22	3.98e-35	5.26e-22	2.92e-18	2.96e-15	9.26e-12	2.94e-09	3.05e-07	1.13e-05	2.07e-04	1.68e-03	7.14e-03	3.12e-02	3.37e-01	4.45e-01	1.78e-01
 2.16092e+22	5.50e-35	6.80e-22	3.65e-18	3.56e-15	1.11e-11	3.48e-09	3.55e-07	1.29e-05	2.33e-04	1.86e-03	7.66e-03	3.26e-02	3.43e-01	4.42e-01	1.72e-01
 2.16973e+22	8.44e-35	9.52e-22	4.90e-18	4.55e-15	1.41e-11	4.34e-09	4.35e-07	1.54e-05	2.73e-04	2.11e-03	8.42e-03	3.45e-02	3.51e-01	4.38e-01	1.65e-01
 2.17851e+22	1.17e-34	1.23e-21	6.14e-18	5.47e-15	1.69e-11	5.14e-09	5.08e-07	1.77e-05	3.08e-04	2.34e-03	9.04e-03	3.60e-02	3.58e-01	4.35e-01	1.60e-01
 2.18726e+22	1.81e-34	1.74e-21	8.26e-18	6.98e-15	2.14e-11	6.43e-09	6.25e-07	2.13e-05	3.62e-04	2.67e-03	9.94e-03	3.81e-02	3.66e-01	4.30e-01	1.53e-01
 2.19572e+22	2.47e-34	2.21e-21	1.02e-17	8.28e-15	2.53e-11	7.54e-09	7.23e-07	2.43e-05	4.06e-04	2.93e-03	1.06e-02	3.96e-02	3.72e-01	4.26e-01	1.48e-01
 2.20378e+22	3.73e-34	3.06e-21	1.34e-17	1.04e-14	3.17e-11	9.32e-09	8.80e-07	2.89e-05	4.74e-04	3.32e-03	1.16e-02	4.18e-02	3.80e-01	4.21e-01	1.42e-01
 2.21188e+22	5.13e-34	3.92e-21	1.66e-17	1.23e-14	3.77e-11	1.10e-08	1.02e-06	3.31e-05	5.33e-04	3.66e-03	1.25e-02	4.36e-02	3.86e-01	4.17e-01	1.37e-01
 2.22003e+22	7.79e-34	5.43e-21	2.19e-17	1.54e-14	4.72e-11	1.36e-08	1.25e-06	3.95e-05	6.23e-04	4.15e-03	1.37e-02	4.59e-02	3.94e-01	4.11e-01	1.30e-01
 2.22828e+22	1.07e-33	6.98e-21	2.71e-17	1.83e-14	5.61e-11	1.61e-08	1.46e-06	4.53e-05	7.02e-04	4.58e-03	1.46e-02	4.78e-02	4.00e-01	4.07e-01	1.26e-01
 2.23666e+22	1.62e-33	9.67e-21	3.58e-17	2.28e-14	7.03e-11	2.00e-08	1.79e-06	5.42e-05	8.22e-04	5.20e-03	1.60e-02	5.04e-02	4.07e-01	4.00e-01	1.20e-01
 2.24525e+22	2.27e-33	1.26e-20	4.47e-17	2.72e-14	8.43e-11	2.38e-08	2.10e-06	6.26e-05	9.32e-04	5.76e-03	1.73e-02	5.25e-02	4.13e-01	3.95e-01	1.15e-01
 2.25286e+22	3.15e-33	1.62e-20	5.55e-17	3.23e-14	1.01e-10	2.82e-08	2.47e-06	7.22e-05	1.05e-03	6.37e-03	1.85e-02	5.47e-02	4.19e-01	3.90e-01	1.10e-01
 2.26125e+22	4.69e-33	2.22e-20	7.22e-17	3.97e-14	1.25e-10	3.48e-08	3.00e-06	8.59e-05	1.23e-03	7.20e-03	2.02e-02	5.75e-02	4.26e-01	3.83e-01	1.05e-01
 2.26973e+22	6.51e-33	2.87e-20	8.96e-17	4.69e-14	1.49e-10	4.13e-08	3.53e-06	9.92e-05	1.39e-03	7.96e-03	2.17e-02	5.99e-02	4.32e-01	3.77e-01	1.00e-01
 2.27821e+22	9.61e-33	3.89e-20	1.16e-16	5.72e-14	1.84e-10	5.08e-08	4.28e-06	1.18e-04	1.61e-03	8.96e-03	2.36e-02	6.28e-02	4.38e-01	3.70e-01	9.53e-02
 2.28684e+22	1.34e-32	5.05e-20	1.43e-16	6.76e-14	2.20e-10	6.05e-08	5.05e-06	1.36e-04	1.83e-03	9.92e-03	2.54e-02	6.53e-02	4.43e-01	3.63e-01	9.10e-02
 2.29547e+22	1.95e-32	6.77e-20	1.83e-16	8.16e-14	2.69e-10	7.39e-08	6.10e-06	1.61e-04	2.11e-03	1.11e-02	2.76e-02	6.83e-02	4.49e-01	3.56e-01	8.62e-02
 2.30423e+22	2.72e-32	8.78e-20	2.27e-16	9.62e-14	3.22e-10	8.82e-08	7.20e-06	1.87e-04	2.40e-03	1.23e-02	2.96e-02	7.11e-02	4.54e-01	3.49e-01	8.20e-02
 2.31304e+22	3.89e-32	1.16e-19	2.87e-16	1.15e-13	3.92e-10	1.07e-07	8.64e-06	2.19e-04	2.75e-03	1.38e-02	3.20e-02	7.41e-02	4.58e-01	3.41e-01	7.76e-02
 2.32182e+22	5.31e-32	1.48e-19	3.50e-16	1.34e-13	4.63e-10	1.26e-07	1.01e-05	2.52e-04	3.10e-03	1.51e-02	3.42e-02	7.69e-02	4.62e-01	3.34e-01	7.39e-02
 2.33086e+22	7.63e-32	1.98e-19	4.43e-16	1.60e-13	5.64e-10	1.54e-07	1.22e-05	2.97e-04	3.56e-03	1.69e-02	3.70e-02	8.01e-02	4.67e-01	3.26e-01	6.97e-02
 2.34002e+22	1.03e-31	2.51e-19	5.39e-16	1.86e-13	6.65e-10	1.81e-07	1.42e-05	3.41e-04	4.00e-03	1.85e-02	3.95e-02	8.29e-02	4.70e-01	3.19e-01	6.63e-02
 2.34938e+22	1.47e-31	3.31e-19	6.77e-16	2.20e-13	8.07e-10	2.20e-07	1.70e-05	4.00e-04	4.58e-03	2.06e-02	4.26e-02	8.63e-02	4.73e-01	3.10e-01	6.23e-02
 2.35899e+22	1.99e-31	4.21e-19	8.23e-16	2.55e-13	9.52e-10	2.59e-07	1.99e-05	4.59e-04	5.14e-03	2.26e-02	4.54e-02	8.92e-02	4.76e-01	3.02e-01	5.90e-02
 2.36888e+22	2.82e-31	5.54e-19	1.03e-15	3.03e-13	1.15e-09	3.13e-07	2.38e-05	5.38e-04	5.88e-03	2.51e-02	4.88e-02	9.26e-02	4.78e-01	2.94e-01	5.54e-02
 2.37907e+22	3.81e-31	7.04e-19	1.25e-15	3.50e-13	1.36e-09	3.69e-07	2.79e-05	6.17e-04	6.59e-03	2.75e-02	5.19e-02	9.56e-02	4.80e-01	2.86e-01	5.23e-02
 2.38964e+22	5.41e-31	9.29e-19	1.58e-15	4.16e-13	1.65e-09	4.47e-07	3.34e-05	7.24e-04	7.53e-03	3.05e-02	5.58e-02	9.91e-02	4.81e-01	2.76e-01	4.88e-02
 2.40052e+22	7.30e-31	1.18e-18	1.92e-15	4.81e-13	1.94e-09	5.27e-07	3.90e-05	8.31e-04	8.44e-03	3.33e-02	5.93e-02	1.02e-01	4.82e-01	2.68e-01	4.60e-02
 2.41182e+22	1.03e-30	1.56e-18	2.41e-15	5.71e-13	2.35e-09	6.38e-07	4.67e-05	9.73e-04	9.62e-03	3.69e-02	6.35e-02	1.06e-01	4.82e-01	2.59e-01	4.28e-02
 2.42344e+22	1.39e-30	1.97e-18	2.92e-15	6.62e-13	2.77e-09	7.50e-07	5.44e-05	1.11e-03	1.07e-02	4.02e-02	6.73e-02	1.09e-01	4.81e-01	2.50e-01	4.01e-02
 2.43576e+22	2.00e-30	2.64e-18	3.72e-15	7.93e-13	3.38e-09	9.15e-07	6.56e-05	1.31e-03	1.23e-02	4.46e-02	7.22e-02	1.12e-01	4.80e-01	2.40e-01	3.70e-02
 2.44815e+22	2.65e-30	3.32e-18	4.48e-15	9.13e-13	3.95e-09	1.07e-06	7.58e-05	1.49e-03	1.36e-02	4.83e-02	7.61e-02	1.15e-01	4.79e-01	2.32e-01	3.47e-02
 2.46077e+22	3.78e-30	4.43e-18	5.68e-15	1.09e-12	4.80e-09	1.29e-06	9.10e-05	1.75e-03	1.55e-02	5.34e-02	8.13e-02	1.19e-01	4.76e-01	2.22e-01	3.19e-02
 2.47368e+22	5.00e-30	5.56e-18	6.86e-15	1.26e-12	5.59e-09	1.51e-06	1.05e-04	1.99e-03	1.72e-02	5.77e-02	8.55e-02	1.21e-01	4.73e-01	2.14e-01	2.98e-02
 2.48485e+22	6.46e-30	6.84e-18	8.14e-15	1.43e-12	6.43e-09	1.73e-06	1.20e-04	2.23e-03	1.89e-02	6.18e-02	8.94e-02	1.24e-01	4.70e-01	2.06e-01	2.80e-02
 2.49725e+22	8.96e-30	8.93e-18	1.01e-14	1.69e-12	7.67e-09	2.06e-06	1.41e-04	2.57e-03	2.12e-02	6.75e-02	9.46e-02	1.26e-01	4.65e-01	1.97e-01	2.58e-02
 2.50978e+22	1.15e-29	1.10e-17	1.20e-14	1.93e-12	8.79e-09	2.36e-06	1.60e-04	2.87e-03	2.31e-02	7.21e-02	9.86e-02	1.29e-01	4.61e-01	1.90e-01	2.42e-02
 2.52246e+22	1.58e-29	1.42e-17	1.49e-14	2.27e-12	1.04e-08	2.79e-06	1.87e-04	3.30e-03	2.59e-02	7.83e-02	1.04e-01	1.31e-01	4.55e-01	1.80e-01	2.22e-02
 2.53541e+22	2.04e-29	1.75e-17	1.77e-14	2.59e-12	1.19e-08	3.19e-06	2.12e-04	3.68e-03	2.82e-02	8.35e-02	1.08e-01	1.33e-01	4.50e-01	1.73e-01	2.07e-02
 2.54677e+22	2.59e-29	2.13e-17	2.09e-14	2.94e-12	1.36e-08	3.61e-06	2.39e-04	4.08e-03	3.06e-02	8.87e-02	1.12e-01	1.35e-01	4.44e-01	1.66e-01	1.93e-02
 2.55960e+22	3.53e-29	2.75e-17	2.58e-14	3.46e-12	1.60e-08	4.24e-06	2.77e-04	4.66e-03	3.39e-02	9.56e-02	1.17e-01	1.37e-01	4.36e-01	1.58e-01	1.77e-02
 2.57243e+22	4.42e-29	3.32e-17	3.02e-14	3.91e-12	1.80e-08	4.77e-06	3.09e-04	5.12e-03	3.65e-02	1.01e-01	1.21e-01	1.38e-01	4.30e-01	1.52e-01	1.66e-02
 2.58528e+22	5.97e-29	4.26e-17	3.72e-14	4.58e-12	2.11e-08	5.56e-06	3.57e-04	5.81e-03	4.03e-02	1.08e-01	1.26e-01	1.39e-01	4.22e-01	1.43e-01	1.51e-02
 2.59833e+22	7.50e-29	5.15e-17	4.36e-14	5.19e-12	2.38e-08	6.25e-06	3.98e-04	6.38e-03	4.33e-02	1.14e-01	1.30e-01	1.40e-01	4.15e-01	1.37e-01	1.41e-02
 2.61163e+22	1.01e-28	6.62e-17	5.38e-14	6.10e-12	2.77e-08	7.27e-06	4.58e-04	7.21e-03	4.76e-02	1.22e-01	1.34e-01	1.41e-01	4.05e-01	1.29e-01	1.28e-02
 2.62516e+22	1.28e-28	8.03e-17	6.33e-14	6.93e-12	3.13e-08	8.17e-06	5.10e-04	7.92e-03	5.11e-02	1.28e-01	1.38e-01	1.42e-01	3.97e-01	1.23e-01	1.19e-02
 2.63899e+22	1.73e-28	1.03e-16	7.83e-14	8.17e-12	3.65e-08	9.49e-06	5.87e-04	8.94e-03	5.61e-02	1.37e-01	1.43e-01	1.42e-01	3.86e-01	1.16e-01	1.08e-02
 2.65308e+22	2.18e-28	1.26e-16	9.25e-14	9.32e-12	4.12e-08	1.07e-05	6.53e-04	9.79e-03	6.01e-02	1.43e-01	1.46e-01	1.43e-01	3.78e-01	1.10e-01	9.98e-03
 2.66540e+22	2.73e-28	1.52e-16	1.09e-13	1.06e-11	4.62e-08	1.19e-05	7.23e-04	1.07e-02	6.42e-02	1.50e-01	1.49e-01	1.43e-01	3.69e-01	1.05e-01	9.24e-03
 2.67935e+22	3.65e-28	1.95e-16	1.34e-13	1.24e-11	5.35e-08	1.37e-05	8.24e-04	1.20e-02	6.98e-02	1.58e-01	1.53e-01	1.42e-01	3.57e-01	9.78e-02	8.34e-03
 2.69326e+22	4.50e-28	2.33e-16	1.56e-13	1.41e-11	5.98e-08	1.52e-05	9.06e-04	1.30e-02	7.40e-02	1.65e-01	1.56e-01	1.42e-01	3.49e-01	9.31e-02	7.75e-03
 2.70712e+22	5.99e-28	2.96e-16	1.91e-13	1.65e-11	6.89e-08	1.74e-05	1.03e-03	1.44e-02	8.01e-02	1.73e-01	1.59e-01	1.41e-01	3.37e-01	8.68e-02	6.97e-03
 2.72117e+22	7.40e-28	3.55e-16	2.24e-13	1.87e-11	7.70e-08	1.93e-05	1.13e-03	1.56e-02	8.48e-02	1.80e-01	1.62e-01	1.40e-01	3.28e-01	8.24e-02	6.45e-03
 2.73547e+22	9.78e-28	4.49e-16	2.74e-13	2.20e-11	8.85e-08	2.21e-05	1.27e-03	1.73e-02	9.13e-02	1.88e-01	1.65e-01	1.39e-01	3.15e-01	7.67e-02	5.81e-03
 2.75025e+22	1.23e-27	5.45e-16	3.24e-13	2.52e-11	9.96e-08	2.46e-05	1.40e-03	1.88e-02	9.68e-02	1.95e-01	1.67e-01	1.38e-01	3.05e-01	7.22e-02	5.33e-03
 2.76567e+22	1.65e-27	7.01e-16	4.02e-13	2.98e-11	1.15e-07	2.83e-05	1.59e-03	2.09e-02	1.04e-01	2.04e-01	1.69e-01	1.36e-01	2.92e-01	6.66e-02	4.74e-03
 2.78133e+22	2.08e-27	8.51e-16	4.76e-13	3.43e-11	1.30e-07	3.15e-05	1.75e-03	2.26e-02	1.10e-01	2.11e-01	1.71e-01	1.34e-01	2.82e-01	6.26e-02	4.33e-03
 2.79730e+22	2.79e-27	1.09e-15	5.91e-13	4.07e-11	1.50e-07	3.61e-05	1.97e-03	2.50e-02	1.18e-01	2.20e-01	1.72e-01	1.32e-01	2.69e-01	5.75e-02	3.84e-03
 2.81382e+22	3.56e-27	1.34e-15	7.09e-13	4.72e-11	1.70e-07	4.04e-05	2.18e-03	2.71e-02	1.25e-01	2.27e-01	1.73e-01	1.30e-01	2.58e-01	5.36e-02	3.47e-03
 2.83105e+22	4.86e-27	1.75e-15	8.90e-13	5.67e-11	1.98e-07	4.65e-05	2.47e-03	3.01e-02	1.34e-01	2.36e-01	1.74e-01	1.27e-01	2.44e-01	4.88e-02	3.04e-03
 2.84884e+22	6.27e-27	2.17e-15	1.08e-12	6.63e-11	2.26e-07	5.23e-05	2.74e-03	3.27e-02	1.42e-01	2.43e-01	1.75e-01	1.24e-01	2.33e-01	4.51e-02	2.73e-03
 2.86734e+22	8.72e-27	2.87e-15	1.37e-12	8.06e-11	2.65e-07	6.06e-05	3.11e-03	3.63e-02	1.52e-01	2.52e-01	1.75e-01	1.20e-01	2.18e-01	4.06e-02	2.36e-03
 2.88590e+22	1.12e-26	3.55e-15	1.65e-12	9.39e-11	3.01e-07	6.78e-05	3.43e-03	3.93e-02	1.60e-01	2.58e-01	1.74e-01	1.17e-01	2.08e-01	3.74e-02	2.11e-03
 2.90453e+22	1.54e-26	4.65e-15	2.10e-12	1.14e-10	3.51e-07	7.81e-05	3.88e-03	4.34e-02	1.71e-01	2.66e-01	1.73e-01	1.13e-01	1.94e-01	3.36e-02	1.82e-03
 2.92395e+22	2.02e-26	5.85e-15	2.57e-12	1.34e-10	4.02e-07	8.81e-05	4.30e-03	4.70e-02	1.80e-01	2.72e-01	1.72e-01	1.10e-01	1.83e-01	3.06e-02	1.60e-03
 2.94442e+22	2.88e-26	7.91e-15	3.33e-12	1.65e-10	4.75e-07	1.02e-04	4.90e-03	5.23e-02	1.92e-01	2.80e-01	1.70e-01	1.05e-01	1.68e-01	2.69e-02	1.35e-03
 2.96488e+22	3.74e-26	9.87e-15	4.05e-12	1.94e-10	5.40e-07	1.15e-04	5.40e-03	5.63e-02	2.01e-01	2.84e-01	1.68e-01	1.01e-01	1.58e-01	2.45e-02	1.19e-03
 2.98533e+22	5.30e-26	1.33e-14	5.23e-12	2.37e-10	6.34e-07	1.32e-04	6.12e-03	6.23e-02	2.13e-01	2.90e-01	1.65e-01	9.63e-02	1.45e-01	2.14e-02	9.91e-04
 3.00608e+22	6.93e-26	1.68e-14	6.39e-12	2.79e-10	7.20e-07	1.48e-04	6.74e-03	6.71e-02	2.22e-01	2.94e-01	1.62e-01	9.24e-02	1.35e-01	1.93e-02	8.61e-04
 3.02357e+22	8.84e-26	2.07e-14	7.66e-12	3.22e-10	8.05e-07	1.64e-04	7.34e-03	7.18e-02	2.31e-01	2.97e-01	1.59e-01	8.87e-02	1.26e-01	1.74e-02	7.55e-04
 3.04266e+22	1.22e-25	2.73e-14	9.68e-12	3.87e-10	9.27e-07	1.86e-04	8.20e-03	7.83e-02	2.42e-01	3.01e-01	1.55e-01	8.40e-02	1.15e-01	1.52e-02	6.32e-04
 3.06167e+22	1.54e-25	3.35e-14	1.16e-11	4.45e-10	1.03e-06	2.05e-04	8.89e-03	8.34e-02	2.51e-01	3.03e-01	1.52e-01	8.05e-02	1.08e-01	1.38e-02	5.52e-04
 3.08057e+22	2.10e-25	4.42e-14	1.46e-11	5.32e-10	1.18e-06	2.31e-04	9.88e-03	9.07e-02	2.62e-01	3.05e-01	1.47e-01	7.58e-02	9.77e-02	1.20e-02	4.59e-04
 3.09963e+22	2.69e-25	5.47e-14	1.74e-11	6.13e-10	1.31e-06	2.54e-04	1.07e-02	9.65e-02	2.70e-01	3.05e-01	1.43e-01	7.23e-02	9.06e-02	1.07e-02	3.97e-04
 3.11888e+22	3.69e-25	7.29e-14	2.21e-11	7.34e-10	1.50e-06	2.86e-04	1.19e-02	1.05e-01	2.81e-01	3.06e-01	1.38e-01	6.76e-02	8.15e-02	9.20e-03	3.26e-04
 3.13824e+22	4.68e-25	9.08e-14	2.65e-11	8.46e-10	1.66e-06	3.13e-04	1.29e-02	1.11e-01	2.89e-01	3.05e-01	1.33e-01	6.41e-02	7.51e-02	8.17e-03	2.79e-04
 3.15775e+22	6.42e-25	1.22e-13	3.36e-11	1.02e-09	1.90e-06	3.52e-04	1.42e-02	1.21e-01	3.00e-01	3.04e-01	1.27e-01	5.96e-02	6.70e-02	6.95e-03	2.26e-04
 3.17751e+22	8.21e-25	1.54e-13	4.07e-11	1.17e-09	2.11e-06	3.86e-04	1.54e-02	1.28e-01	3.08e-01	3.02e-01	1.23e-01	5.62e-02	6.11e-02	6.10e-03	1.91e-04
 3.19758e+22	1.13e-24	2.10e-13	5.22e-11	1.42e-09	2.41e-06	4.35e-04	1.71e-02	1.39e-01	3.18e-01	2.98e-01	1.16e-01	5.18e-02	5.39e-02	5.11e-03	1.52e-04
 3.21785e+22	1.45e-24	2.69e-13	6.36e-11	1.65e-09	2.68e-06	4.78e-04	1.85e-02	1.48e-01	3.25e-01	2.95e-01	1.11e-01	4.85e-02	4.87e-02	4.43e-03	1.27e-04
 3.23828e+22	2.00e-24	3.73e-13	8.24e-11	2.01e-09	3.07e-06	5.38e-04	2.05e-02	1.61e-01	3.34e-01	2.89e-01	1.04e-01	4.43e-02	4.25e-02	3.66e-03	9.94e-05
 3.25766e+22	2.49e-24	4.66e-13	9.84e-11	2.31e-09	3.38e-06	5.84e-04	2.20e-02	1.69e-01	3.40e-01	2.85e-01	9.93e-02	4.16e-02	3.87e-02	3.21e-03	8.40e-05
 3.27580e+22	3.32e-24	6.31e-13	1.25e-10	2.77e-09	3.83e-06	6.51e-04	2.40e-02	1.82e-01	3.47e-01	2.78e-01	9.30e-02	3.82e-02	3.40e-02	2.68e-03	6.67e-05
 3.29431e+22	4.17e-24	8.05e-13	1.51e-10	3.22e-09	4.24e-06	7.10e-04	2.59e-02	1.92e-01	3.52e-01	2.73e-01	8.80e-02	3.56e-02	3.06e-02	2.32e-03	5.54e-05
 3.31242e+22	5.45e-24	1.09e-12	1.92e-10	3.87e-09	4.82e-06	7.90e-04	2.82e-02	2.05e-01	3.58e-01	2.65e-01	8.20e-02	3.26e-02	2.67e-02	1.93e-03	4.40e-05
 3.33096e+22	6.89e-24	1.43e-12	2.36e-10	4.56e-09	5.41e-06	8.68e-04	3.05e-02	2.17e-01	3.62e-01	2.57e-01	7.68e-02	3.00e-02	2.37e-02	1.64e-03	3.58e-05
 3.34870e+22	8.80e-24	1.90e-12	2.95e-10	5.45e-09	6.12e-06	9.60e-04	3.30e-02	2.31e-01	3.65e-01	2.49e-01	7.15e-02	2.75e-02	2.09e-02	1.38e-03	2.87e-05
 3.36662e+22	1.12e-23	2.52e-12	3.69e-10	6.51e-09	6.93e-06	1.06e-03	3.57e-02	2.44e-01	3.68e-01	2.40e-01	6.64e-02	2.52e-02	1.84e-02	1.16e-03	2.31e-05
 3.38415e+22	1.41e-23	3.34e-12	4.60e-10	7.79e-09	7.87e-06	1.17e-03	3.85e-02	2.58e-01	3.69e-01	2.31e-01	6.16e-02	2.31e-02	1.61e-02	9.72e-04	1.85e-05
 3.40142e+22	1.78e-23	4.43e-12	5.73e-10	9.33e-09	8.94e-06	1.30e-03	4.16e-02	2.72e-01	3.70e-01	2.22e-01	5.70e-02	2.11e-02	1.42e-02	8.16e-04	1.49e-05
 3.41852e+22	2.23e-23	5.86e-12	7.14e-10	1.12e-08	1.02e-05	1.43e-03	4.48e-02	2.86e-01	3.70e-01	2.13e-01	5.26e-02	1.93e-02	1.24e-02	6.84e-04	1.20e-05
 3.43553e+22	2.80e-23	7.76e-12	8.91e-10	1.35e-08	1.16e-05	1.58e-03	4.83e-02	3.00e-01	3.69e-01	2.03e-01	4.84e-02	1.76e-02	1.08e-02	5.73e-04	9.59e-06
 3.45253e+22	3.51e-23	1.03e-11	1.11e-09	1.63e-08	1.33e-05	1.75e-03	5.19e-02	3.15e-01	3.67e-01	1.94e-01	4.44e-02	1.60e-02	9.46e-03	4.78e-04	7.66e-06
 3.46957e+22	4.41e-23	1.36e-11	1.39e-09	1.97e-08	1.53e-05	1.94e-03	5.59e-02	3.30e-01	3.65e-01	1.84e-01	4.07e-02	1.45e-02	8.23e-03	3.98e-04	6.11e-06
 3.48672e+22	5.57e-23	1.81e-11	1.75e-09	2.39e-08	1.76e-05	2.15e-03	6.01e-02	3.45e-01	3.61e-01	1.74e-01	3.72e-02	1.31e-02	7.14e-03	3.31e-04	4.86e-06
 3.50409e+22	7.05e-23	2.40e-11	2.19e-09	2.91e-08	2.03e-05	2.39e-03	6.46e-02	3.60e-01	3.57e-01	1.65e-01	3.38e-02	1.18e-02	6.18e-03	2.74e-04	3.85e-06
 3.52172e+22	8.96e-23	3.19e-11	2.76e-09	3.56e-08	2.34e-05	2.66e-03	6.94e-02	3.74e-01	3.51e-01	1.55e-01	3.07e-02	1.06e-02	5.32e-03	2.25e-04	3.03e-06
 3.53967e+22	1.15e-22	4.25e-11	3.48e-09	4.37e-08	2.72e-05	2.96e-03	7.45e-02	3.89e-01	3.45e-01	1.46e-01	2.77e-02	9.53e-03	4.57e-03	1.85e-04	2.38e-06
 3.55768e+22	1.47e-22	5.61e-11	4.37e-09	5.34e-08	3.14e-05	3.28e-03	7.98e-02	4.04e-01	3.39e-01	1.37e-01	2.51e-02	8.54e-03	3.93e-03	1.52e-04	1.87e-06
 3.57612e+22	1.68e-22	7.50e-11	5.54e-09	6.59e-08	3.66e-05	3.65e-03	8.57e-02	4.18e-01	3.31e-01	1.28e-01	2.25e-02	7.60e-03	3.34e-03	1.24e-04	1.46e-06
 3.59469e+22	2.17e-22	9.84e-11	6.94e-09	8.05e-08	4.24e-05	4.05e-03	9.15e-02	4.32e-01	3.23e-01	1.19e-01	2.03e-02	6.79e-03	2.86e-03	1.01e-04	1.14e-06
 3.61379e+22	2.87e-22	1.32e-10	8.85e-09	1.00e-07	4.96e-05	4.52e-03	9.81e-02	4.46e-01	3.14e-01	1.10e-01	1.81e-02	5.99e-03	2.42e-03	8.15e-05	8.76e-07
 3.63172e+22	3.59e-22	1.66e-10	1.07e-08	1.19e-07	5.62e-05	4.92e-03	1.04e-01	4.57e-01	3.07e-01	1.04e-01	1.65e-02	5.42e-03	2.11e-03	6.85e-05	7.10e-07
 3.64995e+22	4.81e-22	2.22e-10	1.37e-08	1.49e-07	6.60e-05	5.50e-03	1.11e-01	4.70e-01	2.97e-01	9.58e-02	1.46e-02	4.75e-03	1.77e-03	5.46e-05	5.39e-07
 3.66840e+22	6.03e-22	2.76e-10	1.65e-08	1.75e-07	7.44e-05	5.97e-03	1.17e-01	4.79e-01	2.89e-01	9.01e-02	1.33e-02	4.29e-03	1.54e-03	4.60e-05	4.38e-07
 3.68713e+22	8.16e-22	3.68e-10	2.10e-08	2.19e-07	8.73e-05	6.66e-03	1.25e-01	4.91e-01	2.78e-01	8.28e-02	1.18e-02	3.75e-03	1.29e-03	3.65e-05	3.31e-07
 3.70632e+22	1.04e-21	4.59e-10	2.54e-08	2.60e-07	9.88e-05	7.24e-03	1.31e-01	4.99e-01	2.70e-01	7.74e-02	1.07e-02	3.37e-03	1.12e-03	3.05e-05	2.66e-07
 3.72611e+22	1.43e-21	6.15e-10	3.27e-08	3.28e-07	1.16e-04	8.08e-03	1.40e-01	5.10e-01	2.58e-01	7.07e-02	9.36e-03	2.91e-03	9.23e-04	2.39e-05	1.99e-07
 3.74615e+22	1.82e-21	7.64e-10	3.95e-08	3.89e-07	1.32e-04	8.78e-03	1.46e-01	5.17e-01	2.50e-01	6.60e-02	8.47e-03	2.61e-03	7.98e-04	1.99e-05	1.59e-07
 3.76652e+22	2.50e-21	1.01e-09	5.06e-08	4.88e-07	1.55e-04	9.78e-03	1.56e-01	5.26e-01	2.38e-01	6.00e-02	7.40e-03	2.25e-03	6.57e-04	1.56e-05	1.18e-07
 3.78708e+22	3.20e-21	1.25e-09	6.09e-08	5.79e-07	1.75e-04	1.06e-02	1.63e-01	5.32e-01	2.30e-01	5.59e-02	6.69e-03	2.01e-03	5.67e-04	1.29e-05	0.00e+00
 3.80786e+22	4.40e-21	1.65e-09	7.77e-08	7.25e-07	2.06e-04	1.18e-02	1.73e-01	5.38e-01	2.18e-01	5.07e-02	5.83e-03	1.73e-03	4.65e-04	1.01e-05	0.00e+00
 3.82889e+22	5.63e-21	2.04e-09	9.34e-08	8.59e-07	2.33e-04	1.28e-02	1.80e-01	5.43e-01	2.10e-01	4.71e-02	5.25e-03	1.54e-03	4.00e-04	8.34e-06	0.00e+00
 3.85022e+22	7.75e-21	2.67e-09	1.19e-07	1.08e-06	2.73e-04	1.42e-02	1.90e-01	5.48e-01	1.99e-01	4.26e-02	4.57e-03	1.32e-03	3.27e-04	6.48e-06	0.00e+00
 3.87191e+22	9.96e-21	3.29e-09	1.44e-07	1.28e-06	3.09e-04	1.53e-02	1.99e-01	5.50e-01	1.90e-01	3.94e-02	4.10e-03	1.17e-03	2.80e-04	5.33e-06	0.00e+00
 3.89406e+22	1.38e-20	4.32e-09	1.83e-07	1.60e-06	3.63e-04	1.70e-02	2.09e-01	5.53e-01	1.80e-01	3.56e-02	3.56e-03	9.95e-04	2.28e-04	4.11e-06	0.00e+00
 3.91666e+22	1.78e-20	5.33e-09	2.22e-07	1.91e-06	4.11e-04	1.84e-02	2.18e-01	5.55e-01	1.71e-01	3.28e-02	3.18e-03	8.78e-04	1.94e-04	3.36e-06	0.00e+00
 3.93981e+22	2.48e-20	7.01e-09	2.85e-07	2.41e-06	4.85e-04	2.04e-02	2.30e-01	5.56e-01	1.61e-01	2.94e-02	2.74e-03	7.43e-04	1.57e-04	2.57e-06	0.00e+00
 3.96349e+22	3.22e-20	8.68e-09	3.46e-07	2.89e-06	5.51e-04	2.21e-02	2.39e-01	5.55e-01	1.53e-01	2.70e-02	2.44e-03	6.51e-04	1.32e-04	2.08e-06	0.00e+00
 3.98345e+22	4.05e-20	1.05e-08	4.11e-07	3.39e-06	6.16e-04	2.38e-02	2.47e-01	5.55e-01	1.46e-01	2.50e-02	2.19e-03	5.79e-04	1.14e-04	1.72e-06	0.00e+00
 4.00500e+22	5.46e-20	1.33e-08	5.14e-07	4.18e-06	7.14e-04	2.60e-02	2.58e-01	5.53e-01	1.37e-01	2.26e-02	1.91e-03	4.96e-04	9.36e-05	1.35e-06	0.00e+00
 4.02678e+22	6.86e-20	1.61e-08	6.12e-07	4.92e-06	8.00e-04	2.79e-02	2.67e-01	5.51e-01	1.31e-01	2.09e-02	1.72e-03	4.40e-04	8.03e-05	1.11e-06	0.00e+00
 4.04586e+22	8.60e-20	1.93e-08	7.26e-07	5.76e-06	8.94e-04	2.99e-02	2.75e-01	5.48e-01	1.24e-01	1.93e-02	1.55e-03	3.91e-04	6.91e-05	9.20e-07	0.00e+00
 4.06766e+22	1.15e-19	2.44e-08	9.05e-07	7.09e-06	1.03e-03	3.27e-02	2.86e-01	5.44e-01	1.17e-01	1.74e-02	1.35e-03	3.34e-04	5.66e-05	7.18e-07	0.00e+00
 4.08934e+22	1.43e-19	2.90e-08	1.06e-06	8.21e-06	1.14e-03	3.48e-02	2.94e-01	5.41e-01	1.11e-01	1.62e-02	1.22e-03	2.99e-04	4.92e-05	6.02e-07	0.00e+00
 4.11087e+22	1.89e-19	3.65e-08	1.32e-06	1.01e-05	1.32e-03	3.79e-02	3.05e-01	5.36e-01	1.04e-01	1.46e-02	1.06e-03	2.56e-04	4.03e-05	4.69e-07	0.00e+00
 4.13248e+22	2.35e-19	4.33e-08	1.55e-06	1.17e-05	1.46e-03	4.03e-02	3.13e-01	5.31e-01	9.91e-02	1.35e-02	9.62e-04	2.28e-04	3.50e-05	3.93e-07	0.00e+00
 4.15422e+22	3.10e-19	5.43e-08	1.92e-06	1.43e-05	1.68e-03	4.39e-02	3.24e-01	5.25e-01	9.24e-02	1.22e-02	8.37e-04	1.95e-04	2.87e-05	3.06e-07	0.00e+00
 4.17632e+22	3.87e-19	6.46e-08	2.26e-06	1.66e-05	1.87e-03	4.67e-02	3.32e-01	5.19e-01	8.78e-02	1.13e-02	7.55e-04	1.74e-04	2.47e-05	2.55e-07	0.00e+00
 4.19892e+22	5.13e-19	8.13e-08	2.81e-06	2.05e-05	2.15e-03	5.08e-02	3.44e-01	5.11e-01	8.15e-02	1.01e-02	6.53e-04	1.48e-04	2.02e-05	1.97e-07	0.00e+00
 4.22185e+22	6.43e-19	9.70e-08	3.33e-06	2.39e-05	2.39e-03	5.40e-02	3.52e-01	5.04e-01	7.72e-02	9.34e-03	5.87e-04	1.31e-04	1.73e-05	1.63e-07	0.00e+00
 4.24523e+22	8.57e-19	1.22e-07	4.16e-06	2.95e-05	2.76e-03	5.88e-02	3.63e-01	4.95e-01	7.14e-02	8.34e-03	5.06e-04	1.11e-04	1.40e-05	1.25e-07	0.00e+00
 4.26905e+22	1.08e-18	1.47e-07	4.94e-06	3.46e-05	3.08e-03	6.26e-02	3.71e-01	4.87e-01	6.74e-02	7.66e-03	4.53e-04	9.74e-05	1.20e-05	0.00e+00	0.00e+00
 4.29344e+22	1.45e-18	1.86e-07	6.21e-06	4.30e-05	3.57e-03	6.82e-02	3.83e-01	4.76e-01	6.20e-02	6.81e-03	3.88e-04	8.18e-05	9.60e-06	0.00e+00	0.00e+00
 4.31838e+22	1.85e-18	2.25e-07	7.42e-06	5.07e-05	3.99e-03	7.27e-02	3.91e-01	4.68e-01	5.82e-02	6.23e-03	3.45e-04	7.16e-05	8.13e-06	0.00e+00	0.00e+00
 4.34403e+22	2.51e-18	2.87e-07	9.41e-06	6.35e-05	4.65e-03	7.92e-02	4.02e-01	4.55e-01	5.32e-02	5.50e-03	2.93e-04	5.96e-05	6.46e-06	0.00e+00	0.00e+00
 4.36996e+22	3.21e-18	3.47e-07	1.13e-05	7.49e-05	5.20e-03	8.44e-02	4.10e-01	4.45e-01	4.98e-02	5.02e-03	2.60e-04	5.20e-05	5.44e-06	0.00e+00	0.00e+00
 4.39626e+22	4.37e-18	4.44e-07	1.43e-05	9.40e-05	6.06e-03	9.19e-02	4.20e-01	4.32e-01	4.53e-02	4.42e-03	2.20e-04	4.31e-05	4.30e-06	0.00e+00	0.00e+00
 4.42289e+22	5.61e-18	5.38e-07	1.72e-05	1.11e-04	6.78e-03	9.78e-02	4.28e-01	4.21e-01	4.23e-02	4.01e-03	1.94e-04	3.74e-05	3.61e-06	0.00e+00	0.00e+00
 4.44571e+22	7.05e-18	6.45e-07	2.05e-05	1.31e-04	7.56e-03	1.04e-01	4.34e-01	4.11e-01	3.94e-02	3.65e-03	1.72e-04	3.26e-05	3.04e-06	0.00e+00	0.00e+00
 4.47114e+22	9.46e-18	8.12e-07	2.56e-05	1.62e-04	8.69e-03	1.12e-01	4.43e-01	3.97e-01	3.60e-02	3.24e-03	1.47e-04	2.74e-05	2.44e-06	0.00e+00	0.00e+00
 4.49684e+22	1.20e-17	9.77e-07	3.06e-05	1.91e-04	9.71e-03	1.19e-01	4.49e-01	3.86e-01	3.34e-02	2.93e-03	1.29e-04	2.37e-05	2.04e-06	0.00e+00	0.00e+00
 4.51829e+22	1.45e-17	1.15e-06	3.58e-05	2.21e-04	1.07e-02	1.25e-01	4.54e-01	3.76e-01	3.12e-02	2.69e-03	1.15e-04	2.09e-05	1.74e-06	0.00e+00	0.00e+00
 4.54156e+22	1.88e-17	1.41e-06	4.36e-05	2.66e-04	1.21e-02	1.33e-01	4.60e-01	3.63e-01	2.87e-02	2.41e-03	1.00e-04	1.78e-05	1.43e-06	0.00e+00	0.00e+00
 4.56550e+22	2.35e-17	1.68e-06	5.16e-05	3.11e-04	1.34e-02	1.41e-01	4.64e-01	3.52e-01	2.67e-02	2.19e-03	8.86e-05	1.55e-05	1.20e-06	0.00e+00	0.00e+00
 4.58687e+22	2.91e-17	1.99e-06	6.06e-05	3.62e-04	1.48e-02	1.48e-01	4.68e-01	3.42e-01	2.48e-02	2.00e-03	7.86e-05	1.36e-05	1.02e-06	0.00e+00	0.00e+00
 4.61121e+22	3.84e-17	2.45e-06	7.41e-05	4.36e-04	1.67e-02	1.58e-01	4.72e-01	3.28e-01	2.27e-02	1.78e-03	6.78e-05	1.15e-05	8.29e-07	0.00e+00	0.00e+00
 4.63628e+22	4.87e-17	2.94e-06	8.82e-05	5.13e-04	1.85e-02	1.66e-01	4.75e-01	3.17e-01	2.09e-02	1.61e-03	5.94e-05	9.95e-06	6.91e-07	0.00e+00	0.00e+00
 4.65858e+22	6.06e-17	3.48e-06	1.04e-04	5.98e-04	2.05e-02	1.75e-01	4.78e-01	3.05e-01	1.93e-02	1.46e-03	5.24e-05	8.65e-06	5.80e-07	0.00e+00	0.00e+00
 4.68385e+22	8.09e-17	4.32e-06	1.28e-04	7.24e-04	2.32e-02	1.86e-01	4.80e-01	2.92e-01	1.75e-02	1.29e-03	4.48e-05	7.27e-06	4.67e-07	0.00e+00	0.00e+00
 4.71014e+22	1.04e-16	5.22e-06	1.53e-04	8.57e-04	2.58e-02	1.96e-01	4.81e-01	2.79e-01	1.60e-02	1.16e-03	3.89e-05	6.21e-06	3.84e-07	0.00e+00	0.00e+00
 4.73383e+22	1.31e-16	6.24e-06	1.82e-04	1.01e-03	2.86e-02	2.05e-01	4.82e-01	2.68e-01	1.47e-02	1.04e-03	3.39e-05	5.34e-06	3.18e-07	0.00e+00	0.00e+00
 4.76072e+22	1.79e-16	7.82e-06	2.25e-04	1.23e-03	3.24e-02	2.18e-01	4.81e-01	2.53e-01	1.32e-02	9.11e-04	2.86e-05	4.42e-06	2.52e-07	0.00e+00	0.00e+00
 4.78849e+22	2.34e-16	9.51e-06	2.71e-04	1.46e-03	3.62e-02	2.29e-01	4.80e-01	2.41e-01	1.19e-02	8.08e-04	2.46e-05	3.74e-06	2.04e-07	0.00e+00	0.00e+00
 4.81330e+22	3.00e-16	1.14e-05	3.23e-04	1.72e-03	4.00e-02	2.40e-01	4.78e-01	2.29e-01	1.08e-02	7.22e-04	2.12e-05	3.19e-06	1.68e-07	0.00e+00	0.00e+00
 4.84143e+22	4.13e-16	1.44e-05	4.03e-04	2.11e-03	4.55e-02	2.53e-01	4.74e-01	2.15e-01	9.59e-03	6.25e-04	1.77e-05	2.60e-06	1.30e-07	0.00e+00	0.00e+00
 4.87040e+22	5.51e-16	1.76e-05	4.86e-04	2.51e-03	5.07e-02	2.66e-01	4.69e-01	2.02e-01	8.60e-03	5.50e-04	1.50e-05	2.18e-06	0.00e+00	0.00e+00	0.00e+00
 4.89626e+22	7.16e-16	2.13e-05	5.81e-04	2.96e-03	5.61e-02	2.77e-01	4.64e-01	1.91e-01	7.75e-03	4.86e-04	1.28e-05	1.83e-06	0.00e+00	0.00e+00	0.00e+00
 4.92567e+22	1.01e-15	2.70e-05	7.27e-04	3.65e-03	6.37e-02	2.91e-01	4.57e-01	1.77e-01	6.77e-03	4.16e-04	1.05e-05	1.48e-06	0.00e+00	0.00e+00	0.00e+00
 4.95551e+22	1.37e-15	3.29e-05	8.75e-04	4.33e-03	7.07e-02	3.03e-01	4.49e-01	1.65e-01	6.02e-03	3.63e-04	8.88e-06	1.22e-06	0.00e+00	0.00e+00	0.00e+00
 4.98173e+22	1.81e-15	3.97e-05	1.04e-03	5.10e-03	7.79e-02	3.15e-01	4.41e-01	1.55e-01	5.38e-03	3.19e-04	7.54e-06	1.02e-06	0.00e+00	0.00e+00	0.00e+00
 5.01167e+22	2.59e-15	5.04e-05	1.30e-03	6.25e-03	8.79e-02	3.29e-01	4.30e-01	1.42e-01	4.65e-03	2.70e-04	6.11e-06	8.15e-07	0.00e+00	0.00e+00	0.00e+00
 5.04224e+22	3.67e-15	6.15e-05	1.57e-03	7.42e-03	9.72e-02	3.40e-01	4.19e-01	1.31e-01	4.09e-03	2.33e-04	5.09e-06	6.68e-07	0.00e+00	0.00e+00	0.00e+00
 5.06940e+22	4.94e-15	7.45e-05	1.87e-03	8.72e-03	1.07e-01	3.50e-01	4.07e-01	1.21e-01	3.61e-03	2.03e-04	4.26e-06	5.51e-07	0.00e+00	0.00e+00	0.00e+00
 5.10047e+22	7.37e-15	9.49e-05	2.33e-03	1.07e-02	1.20e-01	3.63e-01	3.92e-01	1.09e-01	3.07e-03	1.69e-04	3.40e-06	4.31e-07	0.00e+00	0.00e+00	0.00e+00
 5.13220e+22	1.11e-14	1.16e-04	2.80e-03	1.27e-02	1.32e-01	3.72e-01	3.78e-01	9.96e-02	2.66e-03	1.44e-04	2.78e-06	3.47e-07	0.00e+00	0.00e+00	0.00e+00
 5.16035e+22	1.54e-14	1.41e-04	3.33e-03	1.49e-02	1.44e-01	3.80e-01	3.63e-01	9.10e-02	2.32e-03	1.23e-04	2.30e-06	2.82e-07	0.00e+00	0.00e+00	0.00e+00
 5.19247e+22	2.39e-14	1.80e-04	4.14e-03	1.81e-02	1.61e-01	3.89e-01	3.45e-01	8.07e-02	1.94e-03	1.01e-04	1.80e-06	2.16e-07	0.00e+00	0.00e+00	0.00e+00
 5.22434e+22	3.92e-14	2.17e-04	4.90e-03	2.12e-02	1.75e-01	3.95e-01	3.29e-01	7.30e-02	1.67e-03	8.58e-05	1.47e-06	1.74e-07	0.00e+00	0.00e+00	0.00e+00
 5.25154e+22	5.66e-14	2.60e-04	5.75e-03	2.45e-02	1.89e-01	3.99e-01	3.13e-01	6.60e-02	1.44e-03	7.31e-05	1.20e-06	1.41e-07	0.00e+00	0.00e+00	0.00e+00
 5.28254e+22	9.28e-14	3.26e-04	7.02e-03	2.93e-02	2.08e-01	4.03e-01	2.93e-01	5.80e-02	1.20e-03	5.96e-05	9.38e-07	0.00e+00	0.00e+00	0.00e+00	0.00e+00
 5.31414e+22	1.55e-13	3.93e-04	8.24e-03	3.40e-02	2.23e-01	4.05e-01	2.76e-01	5.17e-02	1.02e-03	4.99e-05	7.56e-07	0.00e+00	0.00e+00	0.00e+00	0.00e+00
 5.34225e+22	2.72e-13	4.71e-04	9.63e-03	3.91e-02	2.40e-01	4.05e-01	2.60e-01	4.61e-02	8.68e-04	4.18e-05	6.10e-07	0.00e+00	0.00e+00	0.00e+00	0.00e+00
 5.36952e+22	4.52e-13	5.59e-04	1.11e-02	4.46e-02	2.55e-01	4.03e-01	2.44e-01	4.11e-02	7.40e-04	3.52e-05	4.95e-07	0.00e+00	0.00e+00	0.00e+00	0.00e+00
 5.39994e+22	1.30e-12	6.91e-04	1.33e-02	5.23e-02	2.75e-01	3.99e-01	2.24e-01	3.53e-02	6.04e-04	2.82e-05	3.79e-07	0.00e+00	0.00e+00	0.00e+00	0.00e+00
 5.43063e+22	2.47e-12	8.17e-04	1.53e-02	5.91e-02	2.90e-01	3.94e-01	2.08e-01	3.13e-02	5.12e-04	2.36e-05	3.05e-07	0.00e+00	0.00e+00	0.00e+00	0.00e+00
 5.46166e+22	7.59e-12	1.01e-03	1.82e-02	6.90e-02	3.10e-01	3.86e-01	1.89e-01	2.65e-02	4.12e-04	1.86e-05	2.30e-07	0.00e+00	0.00e+00	0.00e+00	0.00e+00
 5.49000e+22	2.54e-11	1.15e-03	2.03e-02	7.57e-02	3.22e-01	3.80e-01	1.77e-01	2.38e-02	3.58e-04	1.59e-05	1.92e-07	0.00e+00	0.00e+00	0.00e+00	0.00e+00
 5.51487e+22	8.33e-11	1.35e-03	2.32e-02	8.50e-02	3.37e-01	3.71e-01	1.62e-01	2.07e-02	2.98e-04	1.31e-05	1.51e-07	0.00e+00	0.00e+00	0.00e+00	0.00e+00
 5.54024e+22	2.30e-10	1.55e-03	2.58e-02	9.32e-02	3.49e-01	3.62e-01	1.50e-01	1.83e-02	2.55e-04	1.11e-05	1.24e-07	0.00e+00	0.00e+00	0.00e+00	0.00e+00
 5.56287e+22	9.09e-10	1.76e-03	2.85e-02	1.02e-01	3.59e-01	3.53e-01	1.39e-01	1.63e-02	2.19e-04	9.40e-06	0.00e+00	0.00e+00	0.00e+00	0.00e+00	0.00e+00
 5.58886e+22	4.50e-09	2.07e-03	3.24e-02	1.13e-01	3.72e-01	3.40e-01	1.26e-01	1.39e-02	1.79e-04	7.56e-06	0.00e+00	0.00e+00	0.00e+00	0.00e+00	0.00e+00
 5.61510e+22	7.62e-09	2.35e-03	3.57e-02	1.23e-01	3.82e-01	3.29e-01	1.15e-01	1.22e-02	1.52e-04	6.34e-06	0.00e+00	0.00e+00	0.00e+00	0.00e+00	0.00e+00
 5.64165e+22	1.10e-08	2.75e-03	4.04e-02	1.36e-01	3.93e-01	3.14e-01	1.03e-01	1.03e-02	1.23e-04	5.04e-06	0.00e+00	0.00e+00	0.00e+00	0.00e+00	0.00e+00
 5.66852e+22	1.45e-08	3.13e-03	4.45e-02	1.48e-01	4.01e-01	3.02e-01	9.35e-02	8.96e-03	1.03e-04	4.17e-06	0.00e+00	0.00e+00	0.00e+00	0.00e+00	0.00e+00
 5.69583e+22	1.94e-08	3.66e-03	5.00e-02	1.63e-01	4.09e-01	2.85e-01	8.24e-02	7.46e-03	8.25e-05	3.27e-06	0.00e+00	0.00e+00	0.00e+00	0.00e+00	0.00e+00
 5.72344e+22	2.50e-08	4.15e-03	5.48e-02	1.75e-01	4.14e-01	2.71e-01	7.42e-02	6.40e-03	6.85e-05	2.67e-06	0.00e+00	0.00e+00	0.00e+00	0.00e+00	0.00e+00
 5.75144e+22	3.31e-08	4.85e-03	6.13e-02	1.91e-01	4.19e-01	2.54e-01	6.46e-02	5.25e-03	5.39e-05	2.06e-06	0.00e+00	0.00e+00	0.00e+00	0.00e+00	0.00e+00
 5.77979e+22	4.22e-08	5.49e-03	6.69e-02	2.05e-01	4.21e-01	2.40e-01	5.76e-02	4.47e-03	4.43e-05	1.67e-06	0.00e+00	0.00e+00	0.00e+00	0.00e+00	0.00e+00
 5.80858e+22	5.57e-08	6.39e-03	7.43e-02	2.22e-01	4.23e-01	2.22e-01	4.95e-02	3.61e-03	3.44e-05	1.27e-06	0.00e+00	0.00e+00	0.00e+00	0.00e+00	0.00e+00
 5.83782e+22	7.10e-08	7.22e-03	8.08e-02	2.36e-01	4.22e-01	2.07e-01	4.36e-02	3.03e-03	2.78e-05	1.01e-06	0.00e+00	0.00e+00	0.00e+00	0.00e+00	0.00e+00
