#depth	H	H+	H2
 1.54284e+22	7.10e-05	1.00e+00	1.05e-24
 3.54894e+22	9.79e-05	1.00e+00	4.52e-24
 4.24383e+22	1.15e-04	1.00e+00	9.25e-24
 4.65777e+22	1.29e-04	1.00e+00	1.61e-23
 4.91517e+22	1.36e-04	1.00e+00	2.05e-23
 5.08789e+22	1.45e-04	1.00e+00	2.77e-23
 5.27115e+22	1.53e-04	1.00e+00	3.60e-23
 5.46813e+22	1.65e-04	1.00e+00	5.06e-23
 5.66665e+22	1.75e-04	1.00e+00	6.65e-23
 5.86716e+22	1.89e-04	1.00e+00	9.43e-23
 6.07029e+22	2.00e-04	1.00e+00	1.25e-22
 6.27683e+22	2.16e-04	1.00e+00	1.79e-22
 6.48571e+22	2.30e-04	1.00e+00	2.39e-22
 6.69762e+22	2.48e-04	1.00e+00	3.47e-22
 6.91221e+22	2.64e-04	1.00e+00	4.66e-22
 7.13028e+22	2.86e-04	1.00e+00	6.84e-22
 7.34451e+22	3.04e-04	1.00e+00	8.84e-22
 7.52356e+22	3.21e-04	1.00e+00	1.15e-21
 7.69634e+22	3.40e-04	1.00e+00	1.51e-21
 7.89113e+22	3.64e-04	1.00e+00	2.12e-21
 8.08545e+22	3.85e-04	1.00e+00	2.78e-21
 8.27916e+22	4.13e-04	1.00e+00	3.89e-21
 8.47675e+22	4.37e-04	1.00e+00	5.14e-21
 8.65290e+22	4.63e-04	1.00e+00	6.76e-21
 8.85542e+22	4.97e-04	1.00e+00	9.66e-21
 9.06049e+22	5.28e-04	9.99e-01	1.30e-20
 9.24131e+22	5.58e-04	9.99e-01	1.73e-20
 9.41641e+22	5.89e-04	9.99e-01	2.28e-20
 9.57836e+22	6.19e-04	9.99e-01	2.93e-20
 9.73240e+22	6.49e-04	9.99e-01	3.78e-20
 9.90937e+22	6.89e-04	9.99e-01	5.30e-20
 1.00896e+23	7.26e-04	9.99e-01	7.07e-20
 1.02472e+23	7.62e-04	9.99e-01	9.28e-20
 1.04252e+23	8.10e-04	9.99e-01	1.34e-19
 1.06070e+23	8.53e-04	9.99e-01	1.83e-19
 1.07677e+23	8.95e-04	9.99e-01	2.53e-19
 1.09507e+23	9.52e-04	9.99e-01	3.89e-19
 1.11368e+23	1.00e-03	9.99e-01	5.55e-19
 1.13010e+23	1.05e-03	9.99e-01	8.12e-19
 1.14888e+23	1.12e-03	9.99e-01	1.40e-18
 1.16800e+23	1.18e-03	9.99e-01	2.21e-18
 1.18497e+23	1.25e-03	9.99e-01	3.69e-18
 1.20442e+23	1.33e-03	9.99e-01	8.19e-18
 1.22423e+23	1.40e-03	9.99e-01	1.64e-17
 1.24453e+23	1.50e-03	9.99e-01	4.68e-17
 1.26509e+23	1.59e-03	9.98e-01	1.22e-16
 1.28327e+23	1.67e-03	9.98e-01	2.26e-16
 1.30415e+23	1.79e-03	9.98e-01	4.27e-16
 1.32564e+23	1.90e-03	9.98e-01	6.34e-16
 1.34496e+23	2.01e-03	9.98e-01	9.01e-16
 1.36712e+23	2.16e-03	9.98e-01	1.37e-15
 1.38654e+23	2.26e-03	9.98e-01	1.78e-15
 1.40241e+23	2.37e-03	9.98e-01	2.34e-15
 1.41886e+23	2.48e-03	9.98e-01	2.82e-15
 1.43381e+23	2.58e-03	9.97e-01	3.34e-15
 1.45097e+23	2.73e-03	9.97e-01	4.12e-15
 1.46832e+23	2.85e-03	9.97e-01	4.88e-15
 1.48594e+23	3.02e-03	9.97e-01	6.04e-15
 1.50371e+23	3.16e-03	9.97e-01	7.16e-15
 1.52167e+23	3.34e-03	9.97e-01	8.84e-15
 1.54007e+23	3.50e-03	9.96e-01	1.06e-14
 1.55641e+23	3.67e-03	9.96e-01	1.26e-14
 1.57503e+23	3.88e-03	9.96e-01	1.57e-14
 1.59435e+23	4.09e-03	9.96e-01	1.90e-14
 1.61176e+23	4.30e-03	9.96e-01	2.28e-14
 1.63160e+23	4.57e-03	9.95e-01	2.89e-14
 1.65202e+23	4.81e-03	9.95e-01	3.51e-14
 1.67318e+23	5.14e-03	9.95e-01	4.50e-14
 1.69462e+23	5.42e-03	9.95e-01	5.50e-14
 1.71642e+23	5.78e-03	9.94e-01	7.06e-14
 1.73876e+23	6.12e-03	9.94e-01	8.74e-14
 1.75874e+23	6.47e-03	9.94e-01	1.08e-13
 1.78167e+23	6.94e-03	9.93e-01	1.42e-13
 1.80500e+23	7.34e-03	9.93e-01	1.76e-13
 1.82884e+23	7.88e-03	9.92e-01	2.32e-13
 1.85333e+23	8.37e-03	9.92e-01	2.93e-13
 1.87869e+23	9.04e-03	9.91e-01	3.95e-13
 1.90455e+23	9.60e-03	9.90e-01	5.01e-13
 1.93108e+23	1.04e-02	9.90e-01	6.85e-13
 1.95858e+23	1.11e-02	9.89e-01	8.82e-13
 1.98733e+23	1.21e-02	9.88e-01	1.24e-12
 2.01719e+23	1.30e-02	9.87e-01	1.62e-12
 2.04849e+23	1.43e-02	9.86e-01	2.36e-12
 2.08137e+23	1.55e-02	9.85e-01	3.21e-12
 2.11522e+23	1.71e-02	9.83e-01	4.73e-12
 2.15015e+23	1.87e-02	9.81e-01	6.60e-12
 2.17843e+23	1.99e-02	9.80e-01	8.43e-12
 2.20606e+23	2.18e-02	9.78e-01	1.18e-11
 2.23448e+23	2.33e-02	9.77e-01	1.54e-11
 2.26392e+23	2.58e-02	9.74e-01	2.22e-11
 2.29452e+23	2.81e-02	9.72e-01	3.04e-11
 2.32660e+23	3.15e-02	9.68e-01	4.58e-11
 2.35614e+23	3.40e-02	9.66e-01	6.01e-11
 2.37877e+23	3.69e-02	9.63e-01	7.90e-11
 2.40460e+23	4.11e-02	9.59e-01	1.13e-10
 2.43140e+23	4.55e-02	9.54e-01	1.58e-10
 2.45506e+23	5.05e-02	9.50e-01	2.18e-10
 2.48142e+23	5.77e-02	9.42e-01	3.28e-10
 2.50924e+23	6.67e-02	9.33e-01	4.97e-10
 2.53395e+23	7.69e-02	9.23e-01	7.38e-10
 2.55727e+23	8.97e-02	9.10e-01	1.11e-09
 2.57983e+23	1.06e-01	8.94e-01	1.70e-09
 2.60092e+23	1.25e-01	8.75e-01	2.56e-09
 2.62042e+23	1.49e-01	8.51e-01	3.88e-09
 2.63850e+23	1.78e-01	8.22e-01	5.81e-09
 2.64957e+23	1.97e-01	8.03e-01	7.16e-09
 2.65317e+23	2.05e-01	7.95e-01	7.73e-09
 2.65591e+23	2.11e-01	7.89e-01	8.28e-09
 2.65943e+23	2.19e-01	7.81e-01	9.05e-09
 2.66353e+23	2.30e-01	7.70e-01	1.01e-08
 2.66751e+23	2.40e-01	7.60e-01	1.10e-08
 2.67145e+23	2.51e-01	7.49e-01	1.22e-08
 2.67547e+23	2.62e-01	7.38e-01	1.33e-08
 2.67946e+23	2.74e-01	7.26e-01	1.47e-08
 2.68345e+23	2.86e-01	7.14e-01	1.63e-08
 2.68728e+23	2.99e-01	7.01e-01	1.78e-08
 2.69111e+23	3.12e-01	6.88e-01	1.96e-08
 2.69505e+23	3.26e-01	6.74e-01	2.15e-08
 2.69904e+23	3.40e-01	6.60e-01	2.37e-08
 2.70307e+23	3.56e-01	6.44e-01	2.61e-08
 2.70710e+23	3.72e-01	6.28e-01	2.87e-08
 2.71111e+23	3.88e-01	6.12e-01	3.14e-08
 2.71520e+23	4.05e-01	5.95e-01	3.45e-08
 2.71939e+23	4.22e-01	5.78e-01	3.78e-08
 2.72365e+23	4.41e-01	5.59e-01	4.15e-08
 2.72801e+23	4.60e-01	5.40e-01	4.55e-08
 2.73247e+23	4.79e-01	5.21e-01	4.98e-08
 2.73705e+23	5.00e-01	5.00e-01	5.45e-08
 2.74177e+23	5.21e-01	4.79e-01	5.96e-08
 2.74661e+23	5.42e-01	4.58e-01	6.50e-08
 2.75054e+23	5.58e-01	4.42e-01	6.87e-08
 2.75324e+23	5.69e-01	4.31e-01	7.17e-08
 2.75580e+23	5.80e-01	4.20e-01	7.47e-08
 2.75872e+23	5.92e-01	4.08e-01	7.83e-08
 2.76187e+23	6.05e-01	3.95e-01	8.22e-08
 2.76496e+23	6.17e-01	3.83e-01	8.60e-08
 2.76794e+23	6.29e-01	3.71e-01	8.93e-08
 2.77099e+23	6.41e-01	3.59e-01	9.32e-08
 2.77415e+23	6.53e-01	3.47e-01	9.73e-08
 2.77729e+23	6.64e-01	3.36e-01	1.01e-07
 2.78043e+23	6.75e-01	3.25e-01	1.05e-07
 2.78367e+23	6.86e-01	3.14e-01	1.09e-07
 2.78698e+23	6.96e-01	3.04e-01	1.13e-07
 2.79036e+23	7.07e-01	2.93e-01	1.17e-07
 2.79377e+23	7.18e-01	2.82e-01	1.21e-07
 2.79718e+23	7.28e-01	2.72e-01	1.25e-07
 2.80066e+23	7.37e-01	2.63e-01	1.29e-07
 2.80427e+23	7.47e-01	2.53e-01	1.33e-07
 2.80798e+23	7.57e-01	2.43e-01	1.37e-07
 2.81171e+23	7.66e-01	2.34e-01	1.42e-07
 2.81550e+23	7.74e-01	2.26e-01	1.46e-07
 2.81944e+23	7.83e-01	2.17e-01	1.50e-07
 2.82349e+23	7.91e-01	2.09e-01	1.55e-07
 2.82765e+23	8.00e-01	2.00e-01	1.59e-07
 2.83189e+23	8.08e-01	1.92e-01	1.64e-07
 2.83613e+23	8.15e-01	1.85e-01	1.69e-07
 2.84050e+23	8.22e-01	1.78e-01	1.74e-07
 2.84508e+23	8.29e-01	1.71e-01	1.79e-07
 2.84977e+23	8.36e-01	1.64e-01	1.84e-07
 2.85451e+23	8.43e-01	1.57e-01	1.89e-07
 2.85935e+23	8.50e-01	1.50e-01	1.95e-07
 2.86428e+23	8.56e-01	1.44e-01	2.01e-07
 2.86925e+23	8.62e-01	1.38e-01	2.06e-07
 2.87426e+23	8.67e-01	1.33e-01	2.12e-07
 2.87931e+23	8.72e-01	1.28e-01	2.18e-07
 2.88442e+23	8.77e-01	1.23e-01	2.25e-07
 2.88961e+23	8.82e-01	1.18e-01	2.31e-07
 2.89489e+23	8.87e-01	1.13e-01	2.38e-07
 2.90028e+23	8.91e-01	1.09e-01	2.45e-07
 2.90567e+23	8.95e-01	1.05e-01	2.53e-07
 2.91103e+23	8.99e-01	1.01e-01	2.61e-07
 2.91649e+23	9.03e-01	9.66e-02	2.70e-07
 2.92211e+23	9.07e-01	9.28e-02	2.79e-07
 2.92779e+23	9.11e-01	8.92e-02	2.89e-07
 2.93343e+23	9.14e-01	8.58e-02	2.98e-07
 2.93894e+23	9.17e-01	8.27e-02	3.07e-07
 2.94413e+23	9.20e-01	7.99e-02	3.15e-07
 2.94896e+23	9.23e-01	7.75e-02	3.24e-07
 2.95356e+23	9.25e-01	7.52e-02	3.33e-07
 2.95794e+23	9.27e-01	7.31e-02	3.42e-07
 2.96213e+23	9.29e-01	7.12e-02	3.51e-07
 2.96613e+23	9.31e-01	6.93e-02	3.61e-07
 2.96988e+23	9.32e-01	6.77e-02	3.70e-07
 2.97344e+23	9.34e-01	6.61e-02	3.79e-07
 2.97695e+23	9.35e-01	6.46e-02	3.88e-07
 2.98035e+23	9.37e-01	6.32e-02	3.97e-07
 2.98360e+23	9.38e-01	6.18e-02	4.06e-07
 2.98673e+23	9.39e-01	6.05e-02	4.16e-07
 2.98974e+23	9.41e-01	5.93e-02	4.25e-07
 2.99264e+23	9.42e-01	5.81e-02	4.35e-07
 2.99544e+23	9.43e-01	5.70e-02	4.44e-07
 2.99805e+23	9.44e-01	5.59e-02	4.53e-07
 3.00044e+23	9.45e-01	5.50e-02	4.62e-07
 3.00261e+23	9.46e-01	5.42e-02	4.70e-07
 3.00458e+23	9.47e-01	5.34e-02	4.77e-07
 3.00638e+23	9.47e-01	5.27e-02	4.83e-07
 3.00801e+23	9.48e-01	5.21e-02	4.88e-07
 3.00950e+23	9.48e-01	5.16e-02	4.93e-07
 3.01085e+23	9.49e-01	5.10e-02	4.99e-07
 3.01208e+23	9.49e-01	5.07e-02	5.02e-07
 3.01343e+23	9.50e-01	5.02e-02	5.07e-07
 3.01519e+23	9.51e-01	4.94e-02	5.12e-07
 3.01708e+23	9.51e-01	4.87e-02	5.17e-07
 3.01881e+23	9.52e-01	4.80e-02	5.21e-07
 3.02037e+23	9.53e-01	4.74e-02	5.24e-07
 3.02180e+23	9.53e-01	4.70e-02	5.27e-07
 3.02337e+23	9.54e-01	4.63e-02	5.30e-07
 3.02505e+23	9.54e-01	4.57e-02	5.33e-07
 3.02659e+23	9.55e-01	4.52e-02	5.35e-07
 3.02827e+23	9.55e-01	4.47e-02	5.37e-07
 3.03009e+23	9.56e-01	4.41e-02	5.38e-07
 3.03175e+23	9.56e-01	4.36e-02	5.39e-07
 3.03356e+23	9.57e-01	4.31e-02	5.41e-07
 3.03552e+23	9.58e-01	4.24e-02	5.41e-07
 3.03730e+23	9.58e-01	4.19e-02	5.42e-07
 3.03892e+23	9.59e-01	4.15e-02	5.42e-07
 3.04039e+23	9.59e-01	4.12e-02	5.43e-07
 3.04201e+23	9.59e-01	4.07e-02	5.41e-07
 3.04411e+23	9.60e-01	3.99e-02	5.39e-07
 3.04638e+23	9.61e-01	3.93e-02	5.38e-07
 3.04844e+23	9.61e-01	3.87e-02	5.37e-07
 3.05032e+23	9.62e-01	3.83e-02	5.36e-07
 3.05203e+23	9.62e-01	3.78e-02	5.34e-07
 3.05358e+23	9.63e-01	3.74e-02	5.31e-07
 3.05500e+23	9.63e-01	3.70e-02	5.29e-07
 3.05629e+23	9.63e-01	3.68e-02	5.28e-07
 3.05770e+23	9.64e-01	3.64e-02	5.25e-07
 3.05953e+23	9.64e-01	3.59e-02	5.22e-07
 3.06151e+23	9.65e-01	3.53e-02	5.19e-07
 3.06332e+23	9.65e-01	3.48e-02	5.16e-07
 3.06496e+23	9.66e-01	3.45e-02	5.14e-07
 3.06645e+23	9.66e-01	3.41e-02	5.12e-07
 3.06808e+23	9.66e-01	3.37e-02	5.08e-07
 3.06985e+23	9.67e-01	3.33e-02	5.05e-07
 3.07146e+23	9.67e-01	3.29e-02	5.02e-07
 3.07292e+23	9.67e-01	3.26e-02	4.99e-07
 3.07425e+23	9.68e-01	3.24e-02	4.98e-07
 3.07571e+23	9.68e-01	3.20e-02	4.94e-07
 3.07728e+23	9.68e-01	3.16e-02	4.91e-07
 3.07871e+23	9.69e-01	3.14e-02	4.90e-07
 3.08028e+23	9.69e-01	3.10e-02	4.88e-07
 3.08232e+23	9.69e-01	3.06e-02	4.85e-07
 3.08453e+23	9.70e-01	3.01e-02	4.84e-07
 3.08563e+23	9.70e-01	2.95e-02	4.90e-07
