#depth	H	H+	H2
 1.54284e+22	1.45e-05	1.00e+00	6.20e-28
 3.44988e+22	2.11e-05	1.00e+00	3.07e-27
 3.99618e+22	2.52e-05	1.00e+00	6.59e-27
 4.26933e+22	2.74e-05	1.00e+00	9.53e-27
 4.40786e+22	2.87e-05	1.00e+00	1.17e-26
 4.51706e+22	3.03e-05	1.00e+00	1.50e-26
 4.63231e+22	3.18e-05	1.00e+00	1.87e-26
 4.75543e+22	3.39e-05	1.00e+00	2.46e-26
 4.88024e+22	3.56e-05	1.00e+00	3.01e-26
 4.99066e+22	3.74e-05	1.00e+00	3.77e-26
 5.11764e+22	3.99e-05	1.00e+00	5.02e-26
 5.24621e+22	4.19e-05	1.00e+00	6.29e-26
 5.35793e+22	4.40e-05	1.00e+00	7.81e-26
 5.48424e+22	4.68e-05	1.00e+00	1.04e-25
 5.61281e+22	4.92e-05	1.00e+00	1.30e-25
 5.71865e+22	5.14e-05	1.00e+00	1.57e-25
 5.83057e+22	5.41e-05	1.00e+00	2.00e-25
 5.94644e+22	5.67e-05	1.00e+00	2.45e-25
 6.05061e+22	5.92e-05	1.00e+00	3.00e-25
 6.16919e+22	6.25e-05	1.00e+00	3.85e-25
 6.29205e+22	6.58e-05	1.00e+00	4.82e-25
 6.40130e+22	6.88e-05	1.00e+00	5.91e-25
 6.52417e+22	7.27e-05	1.00e+00	7.85e-25
 6.65283e+22	7.66e-05	1.00e+00	9.66e-25
 6.76909e+22	8.03e-05	1.00e+00	1.20e-24
 6.90029e+22	8.52e-05	1.00e+00	1.58e-24
 7.03581e+22	9.00e-05	1.00e+00	2.01e-24
 7.15650e+22	9.45e-05	1.00e+00	2.51e-24
 7.29296e+22	1.00e-04	1.00e+00	3.33e-24
 7.43486e+22	1.06e-04	1.00e+00	4.29e-24
 7.56253e+22	1.12e-04	1.00e+00	5.43e-24
 7.70721e+22	1.19e-04	1.00e+00	7.36e-24
 7.85651e+22	1.26e-04	1.00e+00	9.53e-24
 7.99115e+22	1.33e-04	1.00e+00	1.23e-23
 8.14549e+22	1.43e-04	1.00e+00	1.70e-23
 8.30181e+22	1.52e-04	1.00e+00	2.22e-23
 8.43993e+22	1.60e-04	1.00e+00	2.87e-23
 8.59875e+22	1.73e-04	1.00e+00	4.04e-23
 8.75945e+22	1.83e-04	1.00e+00	5.30e-23
 8.92261e+22	1.97e-04	1.00e+00	7.50e-23
 9.08917e+22	2.09e-04	1.00e+00	1.00e-22
 9.23751e+22	2.22e-04	1.00e+00	1.34e-22
 9.40774e+22	2.40e-04	1.00e+00	1.94e-22
 9.58071e+22	2.56e-04	1.00e+00	2.64e-22
 9.75724e+22	2.77e-04	1.00e+00	3.94e-22
 9.93551e+22	2.95e-04	1.00e+00	5.42e-22
 1.00906e+23	3.14e-04	1.00e+00	7.40e-22
 1.02356e+23	3.31e-04	1.00e+00	9.82e-22
 1.03932e+23	3.55e-04	1.00e+00	1.41e-21
 1.05520e+23	3.76e-04	1.00e+00	1.89e-21
 1.06901e+23	3.97e-04	1.00e+00	2.51e-21
 1.08476e+23	4.26e-04	1.00e+00	3.65e-21
 1.10078e+23	4.50e-04	1.00e+00	4.92e-21
 1.11718e+23	4.84e-04	1.00e+00	7.29e-21
 1.13375e+23	5.13e-04	9.99e-01	1.02e-20
 1.15056e+23	5.52e-04	9.99e-01	1.52e-20
 1.16759e+23	5.86e-04	9.99e-01	2.17e-20
 1.18125e+23	6.15e-04	9.99e-01	2.90e-20
 1.19534e+23	6.53e-04	9.99e-01	4.11e-20
 1.20976e+23	6.87e-04	9.99e-01	5.64e-20
 1.22261e+23	7.21e-04	9.99e-01	7.53e-20
 1.23732e+23	7.67e-04	9.99e-01	1.11e-19
 1.25220e+23	8.07e-04	9.99e-01	1.55e-19
 1.26526e+23	8.48e-04	9.99e-01	2.09e-19
 1.28018e+23	9.02e-04	9.99e-01	3.14e-19
 1.29536e+23	9.50e-04	9.99e-01	4.50e-19
 1.30883e+23	9.99e-04	9.99e-01	6.25e-19
 1.32429e+23	1.06e-03	9.99e-01	1.02e-18
 1.33990e+23	1.12e-03	9.99e-01	1.61e-18
 1.35361e+23	1.18e-03	9.99e-01	2.44e-18
 1.36937e+23	1.26e-03	9.99e-01	4.70e-18
 1.38540e+23	1.33e-03	9.99e-01	9.34e-18
 1.39535e+23	1.36e-03	9.99e-01	1.79e-17
 1.40183e+23	1.39e-03	9.99e-01	3.17e-17
 1.41026e+23	1.44e-03	9.99e-01	5.09e-17
 1.42122e+23	1.50e-03	9.98e-01	8.54e-17
 1.43546e+23	1.60e-03	9.98e-01	1.88e-16
 1.45093e+23	1.68e-03	9.98e-01	2.64e-16
 1.46798e+23	1.81e-03	9.98e-01	4.83e-16
 1.48507e+23	1.90e-03	9.98e-01	6.59e-16
 1.50221e+23	2.03e-03	9.98e-01	9.63e-16
 1.52013e+23	2.16e-03	9.98e-01	1.34e-15
 1.53416e+23	2.25e-03	9.98e-01	1.71e-15
 1.54750e+23	2.37e-03	9.98e-01	2.18e-15
 1.56112e+23	2.47e-03	9.98e-01	2.70e-15
 1.57511e+23	2.60e-03	9.97e-01	3.42e-15
 1.58927e+23	2.72e-03	9.97e-01	4.13e-15
 1.60367e+23	2.87e-03	9.97e-01	5.15e-15
 1.61834e+23	3.00e-03	9.97e-01	6.19e-15
 1.63336e+23	3.17e-03	9.97e-01	7.73e-15
 1.64846e+23	3.32e-03	9.97e-01	9.20e-15
 1.66366e+23	3.51e-03	9.96e-01	1.14e-14
 1.67926e+23	3.68e-03	9.96e-01	1.37e-14
 1.69539e+23	3.91e-03	9.96e-01	1.74e-14
 1.71152e+23	4.09e-03	9.96e-01	2.08e-14
 1.72766e+23	4.35e-03	9.96e-01	2.62e-14
 1.74427e+23	4.56e-03	9.95e-01	3.16e-14
 1.76147e+23	4.86e-03	9.95e-01	4.03e-14
 1.77892e+23	5.10e-03	9.95e-01	4.92e-14
 1.79668e+23	5.45e-03	9.95e-01	6.37e-14
 1.81449e+23	5.73e-03	9.94e-01	7.80e-14
 1.83237e+23	6.13e-03	9.94e-01	1.01e-13
 1.85034e+23	6.45e-03	9.94e-01	1.25e-13
 1.86841e+23	6.92e-03	9.93e-01	1.63e-13
 1.88655e+23	7.30e-03	9.93e-01	2.02e-13
 1.90476e+23	7.86e-03	9.92e-01	2.67e-13
 1.92298e+23	8.32e-03	9.92e-01	3.32e-13
 1.94122e+23	9.00e-03	9.91e-01	4.44e-13
 1.95946e+23	9.56e-03	9.90e-01	5.58e-13
 1.97772e+23	1.04e-02	9.90e-01	7.62e-13
 1.99595e+23	1.12e-02	9.89e-01	9.73e-13
 2.01415e+23	1.23e-02	9.88e-01	1.35e-12
 2.03253e+23	1.33e-02	9.87e-01	1.77e-12
 2.05115e+23	1.48e-02	9.85e-01	2.54e-12
 2.06999e+23	1.64e-02	9.84e-01	3.48e-12
 2.08631e+23	1.82e-02	9.82e-01	4.80e-12
 2.10038e+23	1.98e-02	9.80e-01	6.24e-12
 2.11433e+23	2.21e-02	9.78e-01	8.62e-12
 2.12900e+23	2.48e-02	9.75e-01	1.20e-11
 2.14223e+23	2.79e-02	9.72e-01	1.65e-11
 2.15707e+23	3.26e-02	9.67e-01	2.52e-11
 2.17236e+23	3.85e-02	9.61e-01	3.88e-11
 2.18486e+23	4.51e-02	9.55e-01	5.75e-11
 2.19560e+23	5.25e-02	9.48e-01	8.30e-11
 2.20545e+23	6.14e-02	9.39e-01	1.21e-10
 2.21485e+23	7.24e-02	9.28e-01	1.77e-10
 2.22409e+23	8.68e-02	9.13e-01	2.67e-10
 2.23254e+23	1.04e-01	8.96e-01	3.99e-10
 2.23986e+23	1.24e-01	8.76e-01	5.80e-10
 2.24628e+23	1.45e-01	8.55e-01	8.22e-10
 2.25211e+23	1.70e-01	8.30e-01	1.14e-09
 2.25750e+23	1.97e-01	8.03e-01	1.55e-09
 2.26252e+23	2.28e-01	7.72e-01	2.08e-09
 2.26719e+23	2.61e-01	7.39e-01	2.74e-09
 2.27147e+23	2.95e-01	7.05e-01	3.50e-09
 2.27535e+23	3.30e-01	6.70e-01	4.35e-09
 2.27873e+23	3.62e-01	6.38e-01	5.20e-09
 2.28119e+23	3.86e-01	6.14e-01	5.86e-09
 2.28286e+23	4.03e-01	5.97e-01	6.35e-09
 2.28457e+23	4.21e-01	5.79e-01	6.89e-09
 2.28664e+23	4.42e-01	5.58e-01	7.58e-09
 2.28892e+23	4.67e-01	5.33e-01	8.37e-09
 2.29120e+23	4.90e-01	5.10e-01	9.15e-09
 2.29342e+23	5.13e-01	4.87e-01	9.90e-09
 2.29554e+23	5.34e-01	4.66e-01	1.06e-08
 2.29722e+23	5.50e-01	4.50e-01	1.11e-08
 2.29838e+23	5.60e-01	4.40e-01	1.15e-08
 2.29953e+23	5.71e-01	4.29e-01	1.19e-08
 2.30087e+23	5.83e-01	4.17e-01	1.23e-08
 2.30235e+23	5.96e-01	4.04e-01	1.28e-08
 2.30384e+23	6.09e-01	3.91e-01	1.32e-08
 2.30525e+23	6.20e-01	3.80e-01	1.36e-08
 2.30667e+23	6.32e-01	3.68e-01	1.41e-08
 2.30818e+23	6.43e-01	3.57e-01	1.45e-08
 2.30975e+23	6.55e-01	3.45e-01	1.49e-08
 2.31134e+23	6.66e-01	3.34e-01	1.53e-08
 2.31293e+23	6.77e-01	3.23e-01	1.57e-08
 2.31458e+23	6.88e-01	3.12e-01	1.61e-08
 2.31630e+23	6.99e-01	3.01e-01	1.65e-08
 2.31805e+23	7.09e-01	2.91e-01	1.69e-08
 2.31984e+23	7.19e-01	2.81e-01	1.72e-08
 2.32169e+23	7.29e-01	2.71e-01	1.76e-08
 2.32360e+23	7.39e-01	2.61e-01	1.79e-08
 2.32556e+23	7.48e-01	2.52e-01	1.83e-08
 2.32757e+23	7.57e-01	2.43e-01	1.86e-08
 2.32966e+23	7.66e-01	2.34e-01	1.89e-08
 2.33182e+23	7.75e-01	2.25e-01	1.93e-08
 2.33403e+23	7.84e-01	2.16e-01	1.96e-08
 2.33632e+23	7.92e-01	2.08e-01	1.99e-08
 2.33870e+23	8.00e-01	2.00e-01	2.02e-08
 2.34118e+23	8.08e-01	1.92e-01	2.05e-08
 2.34375e+23	8.15e-01	1.85e-01	2.08e-08
 2.34639e+23	8.23e-01	1.77e-01	2.11e-08
 2.34910e+23	8.29e-01	1.71e-01	2.14e-08
 2.35188e+23	8.36e-01	1.64e-01	2.17e-08
 2.35473e+23	8.42e-01	1.58e-01	2.20e-08
 2.35769e+23	8.48e-01	1.52e-01	2.24e-08
 2.36079e+23	8.53e-01	1.47e-01	2.27e-08
 2.36394e+23	8.59e-01	1.41e-01	2.31e-08
 2.36720e+23	8.64e-01	1.36e-01	2.35e-08
 2.37061e+23	8.69e-01	1.31e-01	2.39e-08
 2.37421e+23	8.73e-01	1.27e-01	2.44e-08
 2.37793e+23	8.77e-01	1.23e-01	2.49e-08
 2.38182e+23	8.81e-01	1.19e-01	2.55e-08
 2.38594e+23	8.86e-01	1.14e-01	2.62e-08
 2.39028e+23	8.90e-01	1.10e-01	2.70e-08
 2.39483e+23	8.93e-01	1.07e-01	2.80e-08
 2.39940e+23	8.97e-01	1.03e-01	2.89e-08
 2.40382e+23	9.00e-01	1.00e-01	3.00e-08
 2.40813e+23	9.03e-01	9.73e-02	3.11e-08
 2.41232e+23	9.05e-01	9.47e-02	3.23e-08
 2.41641e+23	9.08e-01	9.22e-02	3.36e-08
 2.42037e+23	9.10e-01	8.99e-02	3.46e-08
 2.42416e+23	9.12e-01	8.77e-02	3.57e-08
 2.42768e+23	9.14e-01	8.58e-02	3.68e-08
 2.43110e+23	9.16e-01	8.40e-02	3.81e-08
 2.43453e+23	9.18e-01	8.21e-02	3.94e-08
 2.43785e+23	9.20e-01	8.03e-02	4.08e-08
 2.44105e+23	9.21e-01	7.87e-02	4.22e-08
 2.44414e+23	9.23e-01	7.71e-02	4.38e-08
 2.44712e+23	9.24e-01	7.55e-02	4.54e-08
 2.45002e+23	9.26e-01	7.40e-02	4.71e-08
 2.45281e+23	9.27e-01	7.26e-02	4.89e-08
 2.45550e+23	9.29e-01	7.13e-02	5.08e-08
 2.45809e+23	9.30e-01	7.00e-02	5.28e-08
 2.46060e+23	9.31e-01	6.87e-02	5.50e-08
 2.46297e+23	9.32e-01	6.75e-02	5.71e-08
 2.46530e+23	9.34e-01	6.63e-02	5.97e-08
 2.46757e+23	9.35e-01	6.51e-02	6.22e-08
 2.46963e+23	9.36e-01	6.41e-02	6.47e-08
 2.47152e+23	9.37e-01	6.32e-02	6.71e-08
 2.47323e+23	9.38e-01	6.24e-02	6.95e-08
 2.47479e+23	9.38e-01	6.17e-02	7.18e-08
 2.47621e+23	9.39e-01	6.10e-02	7.39e-08
 2.47750e+23	9.40e-01	6.04e-02	7.59e-08
 2.47867e+23	9.40e-01	5.99e-02	7.78e-08
 2.47996e+23	9.41e-01	5.92e-02	8.03e-08
 2.48135e+23	9.42e-01	5.84e-02	8.26e-08
 2.48262e+23	9.42e-01	5.78e-02	8.47e-08
 2.48377e+23	9.43e-01	5.73e-02	8.70e-08
 2.48481e+23	9.43e-01	5.69e-02	8.87e-08
 2.48596e+23	9.44e-01	5.62e-02	9.03e-08
 2.48745e+23	9.45e-01	5.53e-02	9.33e-08
 2.48906e+23	9.46e-01	5.45e-02	9.58e-08
 2.49053e+23	9.46e-01	5.36e-02	9.80e-08
 2.49186e+23	9.47e-01	5.31e-02	9.98e-08
 2.49308e+23	9.47e-01	5.25e-02	1.02e-07
 2.49418e+23	9.48e-01	5.23e-02	1.02e-07
 2.49539e+23	9.48e-01	5.17e-02	1.04e-07
 2.49670e+23	9.49e-01	5.12e-02	1.05e-07
 2.49813e+23	9.49e-01	5.05e-02	1.07e-07
 2.49968e+23	9.50e-01	4.99e-02	1.08e-07
 2.50108e+23	9.51e-01	4.92e-02	1.10e-07
 2.50236e+23	9.51e-01	4.89e-02	1.11e-07
 2.50377e+23	9.52e-01	4.82e-02	1.11e-07
 2.50559e+23	9.53e-01	4.74e-02	1.12e-07
 2.50756e+23	9.53e-01	4.65e-02	1.14e-07
 2.50935e+23	9.54e-01	4.58e-02	1.14e-07
 2.51098e+23	9.55e-01	4.53e-02	1.15e-07
 2.51246e+23	9.55e-01	4.48e-02	1.15e-07
 2.51381e+23	9.56e-01	4.43e-02	1.15e-07
 2.51504e+23	9.56e-01	4.39e-02	1.15e-07
 2.51639e+23	9.57e-01	4.34e-02	1.14e-07
 2.51784e+23	9.57e-01	4.28e-02	1.14e-07
 2.51916e+23	9.58e-01	4.24e-02	1.14e-07
 2.52061e+23	9.58e-01	4.18e-02	1.14e-07
 2.52218e+23	9.59e-01	4.12e-02	1.14e-07
 2.52360e+23	9.59e-01	4.07e-02	1.14e-07
 2.52490e+23	9.60e-01	4.03e-02	1.13e-07
 2.52608e+23	9.60e-01	4.00e-02	1.13e-07
 2.52737e+23	9.60e-01	3.96e-02	1.12e-07
 2.52876e+23	9.61e-01	3.90e-02	1.12e-07
 2.53003e+23	9.61e-01	3.86e-02	1.11e-07
 2.53119e+23	9.62e-01	3.83e-02	1.11e-07
 2.53245e+23	9.62e-01	3.80e-02	1.11e-07
 2.53382e+23	9.63e-01	3.75e-02	1.10e-07
 2.53532e+23	9.63e-01	3.70e-02	1.10e-07
 2.53693e+23	9.64e-01	3.64e-02	1.09e-07
 2.53840e+23	9.64e-01	3.60e-02	1.09e-07
 2.53974e+23	9.64e-01	3.58e-02	1.09e-07
 2.54121e+23	9.65e-01	3.54e-02	1.08e-07
 2.54279e+23	9.65e-01	3.49e-02	1.08e-07
 2.54423e+23	9.65e-01	3.46e-02	1.08e-07
 2.54581e+23	9.66e-01	3.41e-02	1.07e-07
 2.54752e+23	9.66e-01	3.37e-02	1.07e-07
 2.54907e+23	9.67e-01	3.33e-02	1.07e-07
 2.55048e+23	9.67e-01	3.31e-02	1.07e-07
 2.55203e+23	9.67e-01	3.27e-02	1.06e-07
 2.55370e+23	9.68e-01	3.22e-02	1.06e-07
 2.55521e+23	9.68e-01	3.19e-02	1.06e-07
 2.55688e+23	9.69e-01	3.15e-02	1.05e-07
 2.55868e+23	9.69e-01	3.10e-02	1.05e-07
 2.56031e+23	9.69e-01	3.07e-02	1.04e-07
 2.56180e+23	9.70e-01	3.05e-02	1.04e-07
 2.56343e+23	9.70e-01	3.01e-02	1.04e-07
 2.56519e+23	9.70e-01	2.97e-02	1.04e-07
 2.56680e+23	9.71e-01	2.94e-02	1.03e-07
 2.56855e+23	9.71e-01	2.90e-02	1.03e-07
 2.57045e+23	9.71e-01	2.86e-02	1.03e-07
 2.57217e+23	9.72e-01	2.83e-02	1.03e-07
 2.57407e+23	9.72e-01	2.79e-02	1.02e-07
 2.57611e+23	9.73e-01	2.75e-02	1.02e-07
 2.57796e+23	9.73e-01	2.72e-02	1.02e-07
 2.58000e+23	9.73e-01	2.68e-02	1.01e-07
 2.58220e+23	9.74e-01	2.64e-02	1.01e-07
 2.58420e+23	9.74e-01	2.61e-02	1.01e-07
 2.58639e+23	9.74e-01	2.57e-02	1.01e-07
 2.58875e+23	9.75e-01	2.53e-02	1.01e-07
 2.59090e+23	9.75e-01	2.49e-02	1.01e-07
 2.59286e+23	9.75e-01	2.46e-02	1.01e-07
 2.59465e+23	9.76e-01	2.44e-02	1.01e-07
 2.59660e+23	9.76e-01	2.41e-02	1.00e-07
 2.59871e+23	9.76e-01	2.39e-02	1.01e-07
 2.60063e+23	9.76e-01	2.35e-02	1.01e-07
 2.60273e+23	9.77e-01	2.32e-02	1.00e-07
 2.60500e+23	9.77e-01	2.28e-02	1.00e-07
 2.60706e+23	9.77e-01	2.26e-02	1.01e-07
 2.60933e+23	9.78e-01	2.23e-02	1.00e-07
 2.61177e+23	9.78e-01	2.19e-02	1.00e-07
 2.61400e+23	9.78e-01	2.17e-02	1.00e-07
 2.61643e+23	9.79e-01	2.13e-02	1.00e-07
 2.61906e+23	9.79e-01	2.09e-02	1.00e-07
 2.62146e+23	9.79e-01	2.07e-02	1.00e-07
 2.62408e+23	9.80e-01	2.04e-02	1.00e-07
 2.62691e+23	9.80e-01	2.00e-02	1.00e-07
 2.62949e+23	9.80e-01	1.98e-02	1.00e-07
 2.63231e+23	9.81e-01	1.94e-02	1.00e-07
 2.63536e+23	9.81e-01	1.91e-02	1.00e-07
 2.63814e+23	9.81e-01	1.88e-02	1.00e-07
 2.64118e+23	9.82e-01	1.85e-02	9.99e-08
 2.64446e+23	9.82e-01	1.81e-02	1.00e-07
 2.64745e+23	9.82e-01	1.79e-02	1.00e-07
 2.65017e+23	9.82e-01	1.76e-02	1.00e-07
 2.65314e+23	9.83e-01	1.73e-02	9.98e-08
 2.65636e+23	9.83e-01	1.70e-02	9.99e-08
 2.65928e+23	9.83e-01	1.68e-02	1.00e-07
 2.66249e+23	9.84e-01	1.65e-02	9.98e-08
 2.66595e+23	9.84e-01	1.62e-02	9.99e-08
 2.66910e+23	9.84e-01	1.59e-02	1.00e-07
 2.67255e+23	9.84e-01	1.56e-02	1.00e-07
 2.67628e+23	9.85e-01	1.53e-02	1.00e-07
 2.67967e+23	9.85e-01	1.51e-02	9.99e-08
 2.68276e+23	9.85e-01	1.49e-02	1.00e-07
 2.68614e+23	9.85e-01	1.46e-02	1.00e-07
 2.68979e+23	9.86e-01	1.43e-02	1.00e-07
 2.69311e+23	9.86e-01	1.41e-02	1.00e-07
 2.69675e+23	9.86e-01	1.38e-02	1.00e-07
 2.70068e+23	9.86e-01	1.36e-02	1.00e-07
 2.70426e+23	9.87e-01	1.33e-02	1.00e-07
 2.70818e+23	9.87e-01	1.31e-02	1.00e-07
 2.71241e+23	9.87e-01	1.28e-02	1.00e-07
 2.71626e+23	9.87e-01	1.26e-02	1.00e-07
 2.71976e+23	9.88e-01	1.24e-02	1.00e-07
 2.72360e+23	9.88e-01	1.22e-02	1.01e-07
 2.72774e+23	9.88e-01	1.19e-02	1.01e-07
 2.73151e+23	9.88e-01	1.17e-02	1.01e-07
 2.73565e+23	9.89e-01	1.15e-02	1.01e-07
 2.74102e+23	9.89e-01	1.12e-02	1.01e-07
 2.74684e+23	9.89e-01	1.09e-02	1.01e-07
 2.75268e+23	9.89e-01	1.06e-02	1.01e-07
 2.75877e+23	9.90e-01	1.03e-02	1.01e-07
 2.76485e+23	9.90e-01	1.00e-02	1.01e-07
 2.77100e+23	9.90e-01	9.73e-03	1.01e-07
 2.77721e+23	9.91e-01	9.46e-03	1.01e-07
 2.78349e+23	9.91e-01	9.19e-03	1.02e-07
 2.78980e+23	9.91e-01	8.93e-03	1.02e-07
 2.79619e+23	9.91e-01	8.68e-03	1.02e-07
 2.80264e+23	9.92e-01	8.43e-03	1.02e-07
 2.80916e+23	9.92e-01	8.19e-03	1.02e-07
 2.81572e+23	9.92e-01	7.95e-03	1.02e-07
 2.82235e+23	9.92e-01	7.72e-03	1.02e-07
 2.82902e+23	9.93e-01	7.50e-03	1.02e-07
 2.83575e+23	9.93e-01	7.28e-03	1.03e-07
 2.84251e+23	9.93e-01	7.07e-03	1.03e-07
 2.84933e+23	9.93e-01	6.86e-03	1.03e-07
 2.85620e+23	9.93e-01	6.66e-03	1.03e-07
 2.86312e+23	9.94e-01	6.46e-03	1.03e-07
 2.87010e+23	9.94e-01	6.27e-03	1.03e-07
 2.87712e+23	9.94e-01	6.08e-03	1.04e-07
 2.88420e+23	9.94e-01	5.90e-03	1.04e-07
 2.89132e+23	9.94e-01	5.72e-03	1.04e-07
 2.89862e+23	9.94e-01	5.54e-03	1.04e-07
 2.90608e+23	9.95e-01	5.37e-03	1.05e-07
 2.91359e+23	9.95e-01	5.20e-03	1.05e-07
 2.92120e+23	9.95e-01	5.04e-03	1.05e-07
 2.92888e+23	9.95e-01	4.88e-03	1.06e-07
 2.93665e+23	9.95e-01	4.72e-03	1.06e-07
 2.94451e+23	9.95e-01	4.57e-03	1.06e-07
 2.95247e+23	9.96e-01	4.42e-03	1.07e-07
 2.96056e+23	9.96e-01	4.28e-03	1.07e-07
 2.96878e+23	9.96e-01	4.14e-03	1.08e-07
 2.97724e+23	9.96e-01	4.00e-03	1.09e-07
 2.98589e+23	9.96e-01	3.86e-03	1.09e-07
 2.99469e+23	9.96e-01	3.73e-03	1.10e-07
 3.00364e+23	9.96e-01	3.59e-03	1.11e-07
 3.01275e+23	9.97e-01	3.47e-03	1.12e-07
 3.02203e+23	9.97e-01	3.34e-03	1.13e-07
 3.03149e+23	9.97e-01	3.22e-03	1.14e-07
 3.04116e+23	9.97e-01	3.10e-03	1.15e-07
 3.05108e+23	9.97e-01	2.98e-03	1.16e-07
 3.06123e+23	9.97e-01	2.87e-03	1.17e-07
 3.07161e+23	9.97e-01	2.75e-03	1.19e-07
 3.08127e+23	9.97e-01	2.66e-03	1.20e-07
