#depth	H	H+	H2
 4.62852e+21	7.63e-05	1.00e+00	7.41e-25
 1.03696e+22	1.13e-04	1.00e+00	4.59e-24
 1.20384e+22	1.37e-04	1.00e+00	1.13e-23
 1.29501e+22	1.55e-04	1.00e+00	1.97e-23
 1.34539e+22	1.63e-04	1.00e+00	2.50e-23
 1.37951e+22	1.75e-04	1.00e+00	3.43e-23
 1.41572e+22	1.85e-04	1.00e+00	4.52e-23
 1.45466e+22	2.00e-04	1.00e+00	6.43e-23
 1.49418e+22	2.12e-04	1.00e+00	8.62e-23
 1.52910e+22	2.25e-04	1.00e+00	1.14e-22
 1.56913e+22	2.44e-04	1.00e+00	1.66e-22
 1.60968e+22	2.59e-04	1.00e+00	2.22e-22
 1.65093e+22	2.81e-04	1.00e+00	3.25e-22
 1.69135e+22	2.98e-04	1.00e+00	4.30e-22
 1.73070e+22	3.22e-04	1.00e+00	6.22e-22
 1.76870e+22	3.39e-04	1.00e+00	8.07e-22
 1.80494e+22	3.63e-04	1.00e+00	1.12e-21
 1.84159e+22	3.84e-04	1.00e+00	1.48e-21
 1.87379e+22	4.05e-04	1.00e+00	1.95e-21
 1.91067e+22	4.35e-04	1.00e+00	2.76e-21
 1.94833e+22	4.61e-04	1.00e+00	3.71e-21
 1.98702e+22	4.95e-04	1.00e+00	5.40e-21
 2.02600e+22	5.24e-04	9.99e-01	7.37e-21
 2.06538e+22	5.66e-04	9.99e-01	1.11e-20
 2.10311e+22	5.96e-04	9.99e-01	1.48e-20
 2.13307e+22	6.27e-04	9.99e-01	1.94e-20
 2.16635e+22	6.66e-04	9.99e-01	2.77e-20
 2.20021e+22	6.99e-04	9.99e-01	3.66e-20
 2.23027e+22	7.35e-04	9.99e-01	4.90e-20
 2.26479e+22	7.82e-04	9.99e-01	7.21e-20
 2.29945e+22	8.23e-04	9.99e-01	1.01e-19
 2.32949e+22	8.65e-04	9.99e-01	1.37e-19
 2.36376e+22	9.21e-04	9.99e-01	2.18e-19
 2.39842e+22	9.67e-04	9.99e-01	2.99e-19
 2.43357e+22	1.03e-03	9.99e-01	4.73e-19
 2.46922e+22	1.09e-03	9.99e-01	7.27e-19
 2.50057e+22	1.14e-03	9.99e-01	1.06e-18
 2.53637e+22	1.22e-03	9.99e-01	1.83e-18
 2.57296e+22	1.28e-03	9.99e-01	2.87e-18
 2.61056e+22	1.37e-03	9.99e-01	5.06e-18
 2.64891e+22	1.45e-03	9.99e-01	9.27e-18
 2.68237e+22	1.53e-03	9.98e-01	1.94e-17
 2.72002e+22	1.63e-03	9.98e-01	4.18e-17
 2.75905e+22	1.72e-03	9.98e-01	7.43e-17
 2.79988e+22	1.85e-03	9.98e-01	1.63e-16
 2.84083e+22	1.96e-03	9.98e-01	2.45e-16
 2.88192e+22	2.10e-03	9.98e-01	4.07e-16
 2.91811e+22	2.20e-03	9.98e-01	5.43e-16
 2.94390e+22	2.28e-03	9.98e-01	6.72e-16
 2.95994e+22	2.30e-03	9.98e-01	6.96e-16
 2.96511e+22	2.32e-03	9.98e-01	7.19e-16
 2.96960e+22	2.34e-03	9.98e-01	7.59e-16
 2.97545e+22	2.36e-03	9.98e-01	7.95e-16
 2.98305e+22	2.39e-03	9.98e-01	8.53e-16
 2.99293e+22	2.43e-03	9.98e-01	9.34e-16
 3.00578e+22	2.48e-03	9.98e-01	1.06e-15
 3.02248e+22	2.55e-03	9.97e-01	1.24e-15
 3.04418e+22	2.65e-03	9.97e-01	1.53e-15
 3.07241e+22	2.79e-03	9.97e-01	2.01e-15
 3.10250e+22	2.91e-03	9.97e-01	2.57e-15
 3.13502e+22	3.08e-03	9.97e-01	3.49e-15
 3.16790e+22	3.22e-03	9.97e-01	4.39e-15
 3.20124e+22	3.41e-03	9.97e-01	5.86e-15
 3.23535e+22	3.57e-03	9.96e-01	7.37e-15
 3.27047e+22	3.78e-03	9.96e-01	9.68e-15
 3.30653e+22	3.97e-03	9.96e-01	1.22e-14
 3.33894e+22	4.17e-03	9.96e-01	1.52e-14
 3.37618e+22	4.44e-03	9.96e-01	1.99e-14
 3.41409e+22	4.67e-03	9.95e-01	2.47e-14
 3.45286e+22	4.97e-03	9.95e-01	3.28e-14
 3.49239e+22	5.24e-03	9.95e-01	4.14e-14
 3.53289e+22	5.60e-03	9.94e-01	5.47e-14
 3.57400e+22	5.91e-03	9.94e-01	6.88e-14
 3.61590e+22	6.32e-03	9.94e-01	9.10e-14
 3.65844e+22	6.67e-03	9.93e-01	1.16e-13
 3.70179e+22	7.17e-03	9.93e-01	1.52e-13
 3.74596e+22	7.57e-03	9.92e-01	1.92e-13
 3.79119e+22	8.16e-03	9.92e-01	2.54e-13
 3.83712e+22	8.63e-03	9.91e-01	3.19e-13
 3.87236e+22	9.00e-03	9.91e-01	3.76e-13
 3.90656e+22	9.52e-03	9.90e-01	4.73e-13
 3.95103e+22	1.02e-02	9.90e-01	6.20e-13
 3.99819e+22	1.09e-02	9.89e-01	7.94e-13
 4.04887e+22	1.19e-02	9.88e-01	1.10e-12
 4.10184e+22	1.27e-02	9.87e-01	1.45e-12
 4.15779e+22	1.40e-02	9.86e-01	2.11e-12
 4.21570e+22	1.51e-02	9.85e-01	2.86e-12
 4.27608e+22	1.69e-02	9.83e-01	4.32e-12
 4.33778e+22	1.84e-02	9.82e-01	6.07e-12
 4.38525e+22	1.97e-02	9.80e-01	7.78e-12
 4.43096e+22	2.15e-02	9.78e-01	1.08e-11
 4.47824e+22	2.34e-02	9.77e-01	1.45e-11
 4.52754e+22	2.62e-02	9.74e-01	2.12e-11
 4.57791e+22	2.89e-02	9.71e-01	2.96e-11
 4.62967e+22	3.30e-02	9.67e-01	4.58e-11
 4.67743e+22	3.67e-02	9.63e-01	6.32e-11
 4.71297e+22	4.05e-02	9.60e-01	8.51e-11
 4.75218e+22	4.60e-02	9.54e-01	1.25e-10
 4.79423e+22	5.31e-02	9.47e-01	1.86e-10
 4.83293e+22	6.14e-02	9.39e-01	2.76e-10
 4.87008e+22	7.21e-02	9.28e-01	4.18e-10
 4.90551e+22	8.53e-02	9.15e-01	6.38e-10
 4.93815e+22	1.02e-01	8.98e-01	9.72e-10
 4.96785e+22	1.21e-01	8.79e-01	1.47e-09
 4.99487e+22	1.45e-01	8.55e-01	2.19e-09
 5.01949e+22	1.72e-01	8.28e-01	3.22e-09
 5.04193e+22	2.04e-01	7.96e-01	4.65e-09
 5.06235e+22	2.39e-01	7.61e-01	6.54e-09
 5.07523e+22	2.64e-01	7.36e-01	7.91e-09
 5.08014e+22	2.74e-01	7.26e-01	8.56e-09
 5.08406e+22	2.82e-01	7.18e-01	9.16e-09
 5.08904e+22	2.94e-01	7.06e-01	9.96e-09
 5.09508e+22	3.09e-01	6.91e-01	1.11e-08
 5.10124e+22	3.24e-01	6.76e-01	1.22e-08
 5.10710e+22	3.39e-01	6.61e-01	1.35e-08
 5.11285e+22	3.54e-01	6.46e-01	1.47e-08
 5.11891e+22	3.70e-01	6.30e-01	1.62e-08
 5.12539e+22	3.89e-01	6.11e-01	1.79e-08
 5.13170e+22	4.07e-01	5.93e-01	1.97e-08
 5.13788e+22	4.26e-01	5.74e-01	2.16e-08
 5.14421e+22	4.44e-01	5.56e-01	2.35e-08
 5.15103e+22	4.65e-01	5.35e-01	2.59e-08
 5.15826e+22	4.87e-01	5.13e-01	2.86e-08
 5.16536e+22	5.09e-01	4.91e-01	3.12e-08
 5.17235e+22	5.30e-01	4.70e-01	3.38e-08
 5.17802e+22	5.46e-01	4.54e-01	3.56e-08
 5.18197e+22	5.57e-01	4.43e-01	3.71e-08
 5.18571e+22	5.68e-01	4.32e-01	3.86e-08
 5.18995e+22	5.80e-01	4.20e-01	4.03e-08
 5.19458e+22	5.93e-01	4.07e-01	4.21e-08
 5.19919e+22	6.05e-01	3.95e-01	4.39e-08
 5.20370e+22	6.17e-01	3.83e-01	4.56e-08
 5.20825e+22	6.29e-01	3.71e-01	4.73e-08
 5.21293e+22	6.41e-01	3.59e-01	4.91e-08
 5.21772e+22	6.52e-01	3.48e-01	5.09e-08
 5.22253e+22	6.63e-01	3.37e-01	5.26e-08
 5.22743e+22	6.75e-01	3.25e-01	5.44e-08
 5.23250e+22	6.86e-01	3.14e-01	5.63e-08
 5.23757e+22	6.96e-01	3.04e-01	5.80e-08
 5.24270e+22	7.07e-01	2.93e-01	5.97e-08
 5.24803e+22	7.17e-01	2.83e-01	6.15e-08
 5.25353e+22	7.27e-01	2.73e-01	6.34e-08
 5.25913e+22	7.37e-01	2.63e-01	6.51e-08
 5.26482e+22	7.46e-01	2.54e-01	6.69e-08
 5.27068e+22	7.56e-01	2.44e-01	6.87e-08
 5.27675e+22	7.65e-01	2.35e-01	7.06e-08
 5.28293e+22	7.74e-01	2.26e-01	7.23e-08
 5.28933e+22	7.82e-01	2.18e-01	7.41e-08
 5.29600e+22	7.91e-01	2.09e-01	7.60e-08
 5.30279e+22	7.99e-01	2.01e-01	7.79e-08
 5.30972e+22	8.07e-01	1.93e-01	7.98e-08
 5.31683e+22	8.14e-01	1.86e-01	8.18e-08
 5.32416e+22	8.22e-01	1.78e-01	8.38e-08
 5.33174e+22	8.29e-01	1.71e-01	8.58e-08
 5.33953e+22	8.36e-01	1.64e-01	8.80e-08
 5.34743e+22	8.43e-01	1.57e-01	9.01e-08
 5.35542e+22	8.49e-01	1.51e-01	9.23e-08
 5.36358e+22	8.55e-01	1.45e-01	9.45e-08
 5.37193e+22	8.61e-01	1.39e-01	9.69e-08
 5.38032e+22	8.66e-01	1.34e-01	9.93e-08
 5.38878e+22	8.71e-01	1.29e-01	1.02e-07
 5.39747e+22	8.76e-01	1.24e-01	1.04e-07
 5.40631e+22	8.81e-01	1.19e-01	1.07e-07
 5.41524e+22	8.85e-01	1.15e-01	1.10e-07
 5.42442e+22	8.89e-01	1.11e-01	1.13e-07
 5.43385e+22	8.94e-01	1.06e-01	1.16e-07
 5.44341e+22	8.97e-01	1.03e-01	1.20e-07
 5.45310e+22	9.01e-01	9.86e-02	1.24e-07
 5.46308e+22	9.05e-01	9.50e-02	1.28e-07
 5.47333e+22	9.09e-01	9.14e-02	1.33e-07
 5.48339e+22	9.12e-01	8.82e-02	1.38e-07
 5.49291e+22	9.15e-01	8.53e-02	1.42e-07
 5.50168e+22	9.17e-01	8.29e-02	1.46e-07
 5.50982e+22	9.19e-01	8.06e-02	1.50e-07
 5.51735e+22	9.21e-01	7.87e-02	1.54e-07
 5.52463e+22	9.23e-01	7.68e-02	1.58e-07
 5.53194e+22	9.25e-01	7.51e-02	1.63e-07
 5.53913e+22	9.27e-01	7.31e-02	1.68e-07
 5.54585e+22	9.29e-01	7.15e-02	1.73e-07
 5.55210e+22	9.30e-01	7.00e-02	1.78e-07
 5.55840e+22	9.31e-01	6.85e-02	1.83e-07
 5.56447e+22	9.33e-01	6.71e-02	1.88e-07
 5.57021e+22	9.34e-01	6.58e-02	1.94e-07
 5.57590e+22	9.36e-01	6.45e-02	2.00e-07
 5.58135e+22	9.37e-01	6.33e-02	2.06e-07
 5.58649e+22	9.38e-01	6.21e-02	2.12e-07
 5.59151e+22	9.39e-01	6.10e-02	2.18e-07
 5.59641e+22	9.40e-01	5.99e-02	2.24e-07
 5.60102e+22	9.41e-01	5.89e-02	2.30e-07
 5.60521e+22	9.42e-01	5.80e-02	2.36e-07
 5.60902e+22	9.43e-01	5.72e-02	2.42e-07
 5.61249e+22	9.44e-01	5.64e-02	2.47e-07
 5.61565e+22	9.44e-01	5.58e-02	2.52e-07
 5.61852e+22	9.45e-01	5.52e-02	2.56e-07
 5.62114e+22	9.45e-01	5.47e-02	2.60e-07
 5.62400e+22	9.46e-01	5.40e-02	2.64e-07
 5.62710e+22	9.47e-01	5.33e-02	2.69e-07
 5.62991e+22	9.47e-01	5.27e-02	2.73e-07
 5.63248e+22	9.48e-01	5.22e-02	2.77e-07
 5.63481e+22	9.48e-01	5.19e-02	2.80e-07
 5.63736e+22	9.49e-01	5.12e-02	2.82e-07
 5.64068e+22	9.50e-01	5.04e-02	2.87e-07
 5.64427e+22	9.50e-01	4.96e-02	2.91e-07
 5.64753e+22	9.51e-01	4.89e-02	2.94e-07
 5.65050e+22	9.52e-01	4.84e-02	2.96e-07
 5.65376e+22	9.52e-01	4.78e-02	2.99e-07
 5.65727e+22	9.53e-01	4.71e-02	3.01e-07
 5.66046e+22	9.53e-01	4.66e-02	3.03e-07
 5.66337e+22	9.54e-01	4.61e-02	3.05e-07
 5.66602e+22	9.54e-01	4.58e-02	3.06e-07
 5.66892e+22	9.55e-01	4.52e-02	3.06e-07
 5.67269e+22	9.56e-01	4.45e-02	3.07e-07
 5.67676e+22	9.56e-01	4.37e-02	3.08e-07
 5.68047e+22	9.57e-01	4.31e-02	3.09e-07
 5.68384e+22	9.57e-01	4.27e-02	3.09e-07
 5.68691e+22	9.58e-01	4.22e-02	3.09e-07
 5.68970e+22	9.58e-01	4.18e-02	3.08e-07
 5.69276e+22	9.59e-01	4.13e-02	3.08e-07
 5.69606e+22	9.59e-01	4.07e-02	3.07e-07
 5.69906e+22	9.60e-01	4.03e-02	3.06e-07
 5.70180e+22	9.60e-01	3.99e-02	3.05e-07
 5.70429e+22	9.60e-01	3.96e-02	3.05e-07
 5.70701e+22	9.61e-01	3.91e-02	3.03e-07
 5.71056e+22	9.61e-01	3.85e-02	3.02e-07
 5.71439e+22	9.62e-01	3.79e-02	3.00e-07
 5.71787e+22	9.63e-01	3.74e-02	2.99e-07
 5.72104e+22	9.63e-01	3.70e-02	2.98e-07
 5.72392e+22	9.63e-01	3.66e-02	2.97e-07
 5.72655e+22	9.64e-01	3.63e-02	2.95e-07
 5.72942e+22	9.64e-01	3.58e-02	2.93e-07
 5.73253e+22	9.65e-01	3.54e-02	2.91e-07
 5.73535e+22	9.65e-01	3.51e-02	2.90e-07
 5.73845e+22	9.65e-01	3.46e-02	2.88e-07
 5.74179e+22	9.66e-01	3.42e-02	2.87e-07
 5.74483e+22	9.66e-01	3.38e-02	2.85e-07
 5.74760e+22	9.67e-01	3.35e-02	2.84e-07
 5.75012e+22	9.67e-01	3.33e-02	2.83e-07
 5.75288e+22	9.67e-01	3.30e-02	2.82e-07
 5.75647e+22	9.67e-01	3.25e-02	2.80e-07
 5.76034e+22	9.68e-01	3.21e-02	2.80e-07
 5.76387e+22	9.68e-01	3.16e-02	2.78e-07
 5.76707e+22	9.69e-01	3.14e-02	2.78e-07
 5.77059e+22	9.69e-01	3.10e-02	2.76e-07
 5.77438e+22	9.69e-01	3.06e-02	2.76e-07
 5.77784e+22	9.70e-01	3.03e-02	2.74e-07
 5.78162e+22	9.70e-01	2.99e-02	2.73e-07
 5.78571e+22	9.71e-01	2.94e-02	2.72e-07
 5.78942e+22	9.71e-01	2.91e-02	2.71e-07
 5.79350e+22	9.71e-01	2.87e-02	2.69e-07
 5.79790e+22	9.72e-01	2.83e-02	2.69e-07
 5.80190e+22	9.72e-01	2.79e-02	2.68e-07
 5.80554e+22	9.72e-01	2.76e-02	2.66e-07
 5.80885e+22	9.73e-01	2.74e-02	2.65e-07
 5.81248e+22	9.73e-01	2.71e-02	2.64e-07
 5.81641e+22	9.73e-01	2.67e-02	2.63e-07
 5.81997e+22	9.73e-01	2.65e-02	2.63e-07
 5.82388e+22	9.74e-01	2.62e-02	2.61e-07
 5.82810e+22	9.74e-01	2.58e-02	2.60e-07
 5.83194e+22	9.75e-01	2.55e-02	2.59e-07
 5.83544e+22	9.75e-01	2.53e-02	2.59e-07
 5.83927e+22	9.75e-01	2.50e-02	2.57e-07
 5.84340e+22	9.75e-01	2.46e-02	2.57e-07
 5.84717e+22	9.76e-01	2.44e-02	2.57e-07
 5.85129e+22	9.76e-01	2.41e-02	2.56e-07
 5.85574e+22	9.76e-01	2.37e-02	2.56e-07
 5.85979e+22	9.76e-01	2.35e-02	2.56e-07
 5.86423e+22	9.77e-01	2.32e-02	2.55e-07
 5.86902e+22	9.77e-01	2.28e-02	2.55e-07
 5.87338e+22	9.77e-01	2.26e-02	2.55e-07
 5.87816e+22	9.78e-01	2.23e-02	2.54e-07
 5.88332e+22	9.78e-01	2.19e-02	2.54e-07
 5.88801e+22	9.78e-01	2.17e-02	2.54e-07
 5.89316e+22	9.79e-01	2.13e-02	2.52e-07
 5.89871e+22	9.79e-01	2.10e-02	2.53e-07
 5.90376e+22	9.79e-01	2.07e-02	2.52e-07
 5.90836e+22	9.80e-01	2.05e-02	2.52e-07
 5.91340e+22	9.80e-01	2.02e-02	2.51e-07
 5.91884e+22	9.80e-01	1.99e-02	2.51e-07
 5.92379e+22	9.80e-01	1.97e-02	2.51e-07
 5.92922e+22	9.81e-01	1.94e-02	2.50e-07
 5.93507e+22	9.81e-01	1.90e-02	2.50e-07
 5.94040e+22	9.81e-01	1.88e-02	2.50e-07
 5.94624e+22	9.81e-01	1.85e-02	2.49e-07
 5.95255e+22	9.82e-01	1.82e-02	2.50e-07
 5.95828e+22	9.82e-01	1.79e-02	2.49e-07
 5.96350e+22	9.82e-01	1.78e-02	2.48e-07
 5.96922e+22	9.83e-01	1.75e-02	2.48e-07
 5.97540e+22	9.83e-01	1.72e-02	2.48e-07
 5.98102e+22	9.83e-01	1.70e-02	2.48e-07
 5.98718e+22	9.83e-01	1.67e-02	2.47e-07
 5.99383e+22	9.84e-01	1.64e-02	2.47e-07
 5.99988e+22	9.84e-01	1.62e-02	2.47e-07
 6.00651e+22	9.84e-01	1.59e-02	2.46e-07
 6.01367e+22	9.84e-01	1.56e-02	2.47e-07
 6.02018e+22	9.85e-01	1.54e-02	2.46e-07
 6.02611e+22	9.85e-01	1.52e-02	2.46e-07
 6.03260e+22	9.85e-01	1.50e-02	2.45e-07
 6.03962e+22	9.85e-01	1.47e-02	2.46e-07
 6.04600e+22	9.85e-01	1.45e-02	2.45e-07
 6.05299e+22	9.86e-01	1.43e-02	2.45e-07
 6.06054e+22	9.86e-01	1.40e-02	2.45e-07
 6.06741e+22	9.86e-01	1.38e-02	2.45e-07
 6.07494e+22	9.86e-01	1.36e-02	2.45e-07
 6.08306e+22	9.87e-01	1.33e-02	2.45e-07
 6.09046e+22	9.87e-01	1.31e-02	2.45e-07
 6.09856e+22	9.87e-01	1.29e-02	2.45e-07
 6.10731e+22	9.87e-01	1.26e-02	2.46e-07
 6.11527e+22	9.88e-01	1.24e-02	2.45e-07
 6.12399e+22	9.88e-01	1.22e-02	2.45e-07
 6.13341e+22	9.88e-01	1.19e-02	2.46e-07
 6.14198e+22	9.88e-01	1.17e-02	2.45e-07
 6.14978e+22	9.88e-01	1.15e-02	2.45e-07
 6.15833e+22	9.89e-01	1.13e-02	2.45e-07
 6.16944e+22	9.89e-01	1.10e-02	2.46e-07
 6.18185e+22	9.89e-01	1.07e-02	2.46e-07
 6.19410e+22	9.90e-01	1.04e-02	2.46e-07
 6.20646e+22	9.90e-01	1.02e-02	2.46e-07
 6.21912e+22	9.90e-01	9.91e-03	2.46e-07
 6.23200e+22	9.90e-01	9.64e-03	2.46e-07
 6.24502e+22	9.91e-01	9.39e-03	2.46e-07
 6.25819e+22	9.91e-01	9.14e-03	2.46e-07
 6.27153e+22	9.91e-01	8.89e-03	2.46e-07
 6.28503e+22	9.91e-01	8.65e-03	2.47e-07
 6.29868e+22	9.92e-01	8.41e-03	2.47e-07
 6.31250e+22	9.92e-01	8.18e-03	2.47e-07
 6.32645e+22	9.92e-01	7.95e-03	2.47e-07
 6.34056e+22	9.92e-01	7.72e-03	2.47e-07
 6.35480e+22	9.92e-01	7.51e-03	2.47e-07
 6.36916e+22	9.93e-01	7.29e-03	2.48e-07
 6.38365e+22	9.93e-01	7.08e-03	2.48e-07
 6.39826e+22	9.93e-01	6.88e-03	2.48e-07
 6.41303e+22	9.93e-01	6.68e-03	2.48e-07
 6.42794e+22	9.94e-01	6.48e-03	2.49e-07
 6.44297e+22	9.94e-01	6.29e-03	2.49e-07
 6.45813e+22	9.94e-01	6.11e-03	2.49e-07
 6.47342e+22	9.94e-01	5.92e-03	2.50e-07
 6.48885e+22	9.94e-01	5.75e-03	2.50e-07
 6.50469e+22	9.94e-01	5.57e-03	2.51e-07
 6.52089e+22	9.95e-01	5.40e-03	2.51e-07
 6.53723e+22	9.95e-01	5.23e-03	2.52e-07
 6.55376e+22	9.95e-01	5.07e-03	2.53e-07
 6.57047e+22	9.95e-01	4.91e-03	2.54e-07
 6.58737e+22	9.95e-01	4.75e-03	2.54e-07
 6.60446e+22	9.95e-01	4.60e-03	2.55e-07
 6.62179e+22	9.96e-01	4.45e-03	2.56e-07
 6.63941e+22	9.96e-01	4.30e-03	2.58e-07
 6.65735e+22	9.96e-01	4.16e-03	2.59e-07
 6.67578e+22	9.96e-01	4.01e-03	2.60e-07
 6.69466e+22	9.96e-01	3.87e-03	2.62e-07
 6.71382e+22	9.96e-01	3.74e-03	2.63e-07
 6.73331e+22	9.96e-01	3.61e-03	2.65e-07
 6.75315e+22	9.97e-01	3.48e-03	2.67e-07
 6.77334e+22	9.97e-01	3.35e-03	2.69e-07
 6.79393e+22	9.97e-01	3.23e-03	2.71e-07
 6.81496e+22	9.97e-01	3.10e-03	2.74e-07
 6.83652e+22	9.97e-01	2.99e-03	2.77e-07
 6.85858e+22	9.97e-01	2.87e-03	2.80e-07
 6.88110e+22	9.97e-01	2.75e-03	2.83e-07
 6.90414e+22	9.97e-01	2.64e-03	2.87e-07
 6.92775e+22	9.97e-01	2.53e-03	2.91e-07
 6.95184e+22	9.98e-01	2.43e-03	2.95e-07
 6.97624e+22	9.98e-01	2.33e-03	3.00e-07
 7.00088e+22	9.98e-01	2.23e-03	3.06e-07
 7.02581e+22	9.98e-01	2.13e-03	3.12e-07
 7.05098e+22	9.98e-01	2.04e-03	3.18e-07
 7.07639e+22	9.98e-01	1.96e-03	3.25e-07
 7.10205e+22	9.98e-01	1.87e-03	3.33e-07
 7.12796e+22	9.98e-01	1.79e-03	3.42e-07
 7.15414e+22	9.98e-01	1.71e-03	3.52e-07
 7.18060e+22	9.98e-01	1.64e-03	3.63e-07
 7.20736e+22	9.98e-01	1.56e-03	3.75e-07
 7.23432e+22	9.99e-01	1.49e-03	3.88e-07
 7.26155e+22	9.99e-01	1.43e-03	4.03e-07
 7.28907e+22	9.99e-01	1.36e-03	4.20e-07
 7.31689e+22	9.99e-01	1.30e-03	4.39e-07
 7.34510e+22	9.99e-01	1.24e-03	4.61e-07
 7.37363e+22	9.99e-01	1.18e-03	4.86e-07
 7.40247e+22	9.99e-01	1.13e-03	5.14e-07
 7.43165e+22	9.99e-01	1.07e-03	5.48e-07
 7.46117e+22	9.99e-01	1.02e-03	5.87e-07
 7.49024e+22	9.99e-01	9.72e-04	6.32e-07
 7.51761e+22	9.99e-01	9.29e-04	6.83e-07
 7.54294e+22	9.99e-01	8.92e-04	7.38e-07
 7.56666e+22	9.99e-01	8.58e-04	7.98e-07
 7.58926e+22	9.99e-01	8.27e-04	8.64e-07
 7.61092e+22	9.99e-01	7.98e-04	9.38e-07
 7.63157e+22	9.99e-01	7.71e-04	1.02e-06
 7.65112e+22	9.99e-01	7.47e-04	1.11e-06
 7.66959e+22	9.99e-01	7.24e-04	1.21e-06
 7.68716e+22	9.99e-01	7.03e-04	1.32e-06
 7.70389e+22	9.99e-01	6.84e-04	1.44e-06
 7.71981e+22	9.99e-01	6.64e-04	1.58e-06
 7.73488e+22	9.99e-01	6.47e-04	1.73e-06
 7.74914e+22	9.99e-01	6.32e-04	1.89e-06
 7.76285e+22	9.99e-01	6.18e-04	2.07e-06
 7.77612e+22	9.99e-01	6.04e-04	2.27e-06
 7.78888e+22	9.99e-01	5.92e-04	2.49e-06
 7.80105e+22	9.99e-01	5.80e-04	2.74e-06
 7.81267e+22	9.99e-01	5.69e-04	3.00e-06
 7.82382e+22	9.99e-01	5.58e-04	3.30e-06
 7.83459e+22	9.99e-01	5.47e-04	3.62e-06
 7.84507e+22	9.99e-01	5.38e-04	3.98e-06
 7.85523e+22	9.99e-01	5.28e-04	4.38e-06
 7.86504e+22	9.99e-01	5.20e-04	4.82e-06
 7.87457e+22	9.99e-01	5.11e-04	5.30e-06
 7.88385e+22	9.99e-01	5.03e-04	5.82e-06
 7.89295e+22	9.99e-01	4.95e-04	6.40e-06
 7.90189e+22	9.99e-01	4.88e-04	7.04e-06
 7.91071e+22	1.00e+00	4.80e-04	7.73e-06
 7.91943e+22	1.00e+00	4.73e-04	8.49e-06
 7.92808e+22	1.00e+00	4.66e-04	9.32e-06
 7.93671e+22	1.00e+00	4.59e-04	1.02e-05
 7.94536e+22	1.00e+00	4.52e-04	1.12e-05
 7.95408e+22	1.00e+00	4.46e-04	1.23e-05
 7.96288e+22	1.00e+00	4.38e-04	1.35e-05
 7.97183e+22	1.00e+00	4.32e-04	1.47e-05
 7.98102e+22	1.00e+00	4.24e-04	1.61e-05
 7.99049e+22	1.00e+00	4.17e-04	1.76e-05
 8.00030e+22	1.00e+00	4.10e-04	1.92e-05
 8.01049e+22	1.00e+00	4.01e-04	2.09e-05
 8.02109e+22	1.00e+00	3.94e-04	2.28e-05
 8.03217e+22	1.00e+00	3.86e-04	2.47e-05
 8.04388e+22	1.00e+00	3.78e-04	2.68e-05
 8.05635e+22	1.00e+00	3.69e-04	2.91e-05
 8.06962e+22	1.00e+00	3.60e-04	3.15e-05
 8.08366e+22	1.00e+00	3.51e-04	3.41e-05
 8.09855e+22	1.00e+00	3.41e-04	3.68e-05
 8.11452e+22	1.00e+00	3.31e-04	3.96e-05
 8.13174e+22	1.00e+00	3.20e-04	4.26e-05
 8.15027e+22	1.00e+00	3.09e-04	4.58e-05
 8.17011e+22	1.00e+00	2.98e-04	4.91e-05
 8.19135e+22	1.00e+00	2.86e-04	5.25e-05
 8.21415e+22	1.00e+00	2.73e-04	5.59e-05
 8.23877e+22	1.00e+00	2.60e-04	5.95e-05
 8.26550e+22	1.00e+00	2.47e-04	6.30e-05
 8.29450e+22	1.00e+00	2.33e-04	6.66e-05
 8.32588e+22	1.00e+00	2.18e-04	7.01e-05
 8.35988e+22	1.00e+00	2.03e-04	7.35e-05
 8.39678e+22	1.00e+00	1.88e-04	7.67e-05
 8.43691e+22	1.00e+00	1.73e-04	7.97e-05
 8.48046e+22	1.00e+00	1.57e-04	8.26e-05
 8.52737e+22	1.00e+00	1.42e-04	8.52e-05
 8.57731e+22	1.00e+00	1.27e-04	8.78e-05
 8.62970e+22	1.00e+00	1.12e-04	9.05e-05
 8.68345e+22	1.00e+00	9.94e-05	9.34e-05
 8.73705e+22	1.00e+00	8.77e-05	9.70e-05
 8.78872e+22	1.00e+00	7.76e-05	1.02e-04
 8.83671e+22	1.00e+00	6.92e-05	1.08e-04
 8.87953e+22	1.00e+00	6.24e-05	1.15e-04
 8.91509e+22	1.00e+00	5.73e-05	1.24e-04
 8.94235e+22	1.00e+00	5.37e-05	1.33e-04
 8.96305e+22	1.00e+00	5.10e-05	1.42e-04
 8.97964e+22	1.00e+00	4.88e-05	1.50e-04
 8.99377e+22	1.00e+00	4.70e-05	1.59e-04
 9.00612e+22	1.00e+00	4.54e-05	1.68e-04
 9.01702e+22	1.00e+00	4.41e-05	1.77e-04
 9.02685e+22	1.00e+00	4.29e-05	1.86e-04
 9.03592e+22	1.00e+00	4.18e-05	1.96e-04
 9.04445e+22	1.00e+00	4.08e-05	2.06e-04
 9.05255e+22	1.00e+00	3.99e-05	2.17e-04
 9.06026e+22	1.00e+00	3.91e-05	2.29e-04
 9.06768e+22	9.99e-01	3.83e-05	2.42e-04
 9.07491e+22	9.99e-01	3.76e-05	2.55e-04
 9.08203e+22	9.99e-01	3.70e-05	2.70e-04
 9.08907e+22	9.99e-01	3.64e-05	2.85e-04
 9.09607e+22	9.99e-01	3.58e-05	3.01e-04
 9.10308e+22	9.99e-01	3.53e-05	3.17e-04
 9.11014e+22	9.99e-01	3.49e-05	3.34e-04
 9.11729e+22	9.99e-01	3.45e-05	3.49e-04
 9.12456e+22	9.99e-01	3.41e-05	3.65e-04
 9.13201e+22	9.99e-01	3.37e-05	3.81e-04
 9.13971e+22	9.99e-01	3.34e-05	3.94e-04
 9.14765e+22	9.99e-01	3.31e-05	4.06e-04
 9.15592e+22	9.99e-01	3.28e-05	4.15e-04
 9.16468e+22	9.99e-01	3.25e-05	4.21e-04
 9.17383e+22	9.99e-01	3.22e-05	4.25e-04
 9.18329e+22	9.99e-01	3.19e-05	4.28e-04
 9.19332e+22	9.99e-01	3.14e-05	4.32e-04
 9.20440e+22	9.99e-01	3.09e-05	4.39e-04
 9.21710e+22	9.99e-01	3.02e-05	4.51e-04
 9.23228e+22	9.99e-01	2.92e-05	4.76e-04
 9.24883e+22	9.99e-01	2.81e-05	5.14e-04
