#depth	O	O+	O+2	O+3	O+4	O+5	O+6	O+7	O+8	O[1]	O[2]	O[3]
 4.62852e+21	3.70e-14	3.45e-10	2.15e-07	1.69e-05	2.98e-04	2.21e-03	1.13e-01	4.57e-01	4.28e-01	3.70e-14	2.28e-23	2.40e-23
 1.02335e+22	4.43e-13	3.05e-09	1.41e-06	8.32e-05	1.10e-03	5.56e-03	1.87e-01	4.97e-01	3.09e-01	4.43e-13	3.93e-22	4.18e-22
 1.16982e+22	1.44e-12	8.50e-09	3.47e-06	1.84e-04	2.14e-03	8.98e-03	2.39e-01	5.02e-01	2.48e-01	1.44e-12	1.44e-21	1.52e-21
 1.24305e+22	2.47e-12	1.36e-08	5.31e-06	2.70e-04	3.00e-03	1.15e-02	2.69e-01	4.99e-01	2.18e-01	2.47e-12	2.63e-21	2.77e-21
 1.27471e+22	2.88e-12	1.55e-08	5.99e-06	3.02e-04	3.31e-03	1.23e-02	2.78e-01	4.97e-01	2.09e-01	2.88e-12	3.11e-21	3.28e-21
 1.29089e+22	3.44e-12	1.82e-08	6.93e-06	3.46e-04	3.73e-03	1.35e-02	2.90e-01	4.94e-01	1.98e-01	3.44e-12	3.80e-21	4.01e-21
 1.30860e+22	4.07e-12	2.10e-08	7.96e-06	3.95e-04	4.19e-03	1.47e-02	3.02e-01	4.91e-01	1.88e-01	4.07e-12	4.59e-21	4.84e-21
 1.32601e+22	4.77e-12	2.41e-08	9.07e-06	4.48e-04	4.70e-03	1.60e-02	3.13e-01	4.87e-01	1.78e-01	4.77e-12	5.49e-21	5.77e-21
 1.34311e+22	5.52e-12	2.75e-08	1.03e-05	5.05e-04	5.24e-03	1.74e-02	3.25e-01	4.83e-01	1.69e-01	5.52e-12	6.48e-21	6.82e-21
 1.36007e+22	6.34e-12	3.10e-08	1.16e-05	5.68e-04	5.83e-03	1.89e-02	3.37e-01	4.78e-01	1.60e-01	6.34e-12	7.60e-21	7.98e-21
 1.37699e+22	7.22e-12	3.49e-08	1.30e-05	6.38e-04	6.48e-03	2.04e-02	3.48e-01	4.73e-01	1.52e-01	7.22e-12	8.83e-21	9.27e-21
 1.39387e+22	8.16e-12	3.89e-08	1.46e-05	7.13e-04	7.18e-03	2.21e-02	3.60e-01	4.67e-01	1.43e-01	8.16e-12	1.02e-20	1.07e-20
 1.41081e+22	9.15e-12	4.32e-08	1.62e-05	7.96e-04	7.94e-03	2.39e-02	3.72e-01	4.61e-01	1.35e-01	9.15e-12	1.17e-20	1.22e-20
 1.42788e+22	1.02e-11	4.78e-08	1.81e-05	8.86e-04	8.77e-03	2.58e-02	3.83e-01	4.54e-01	1.27e-01	1.02e-11	1.33e-20	1.39e-20
 1.44514e+22	1.13e-11	5.26e-08	2.00e-05	9.86e-04	9.67e-03	2.79e-02	3.95e-01	4.47e-01	1.20e-01	1.13e-11	1.51e-20	1.58e-20
 1.46267e+22	1.25e-11	5.78e-08	2.22e-05	1.10e-03	1.06e-02	3.01e-02	4.07e-01	4.39e-01	1.13e-01	1.25e-11	1.70e-20	1.78e-20
 1.48051e+22	1.38e-11	6.33e-08	2.45e-05	1.22e-03	1.17e-02	3.25e-02	4.18e-01	4.31e-01	1.05e-01	1.38e-11	1.91e-20	2.00e-20
 1.49842e+22	1.50e-11	6.89e-08	2.69e-05	1.35e-03	1.28e-02	3.50e-02	4.29e-01	4.22e-01	9.89e-02	1.50e-11	2.13e-20	2.23e-20
 1.51675e+22	1.64e-11	7.51e-08	2.97e-05	1.49e-03	1.41e-02	3.77e-02	4.41e-01	4.13e-01	9.23e-02	1.64e-11	2.38e-20	2.49e-20
 1.53522e+22	1.78e-11	8.14e-08	3.26e-05	1.65e-03	1.54e-02	4.05e-02	4.52e-01	4.04e-01	8.64e-02	1.78e-11	2.64e-20	2.76e-20
 1.55422e+22	1.93e-11	8.86e-08	3.59e-05	1.83e-03	1.69e-02	4.36e-02	4.63e-01	3.94e-01	8.02e-02	1.93e-11	2.94e-20	3.07e-20
 1.57205e+22	2.06e-11	9.47e-08	3.88e-05	1.99e-03	1.82e-02	4.63e-02	4.72e-01	3.86e-01	7.56e-02	2.06e-11	3.20e-20	3.34e-20
 1.59018e+22	2.23e-11	1.03e-07	4.27e-05	2.20e-03	1.99e-02	4.99e-02	4.82e-01	3.76e-01	7.00e-02	2.23e-11	3.55e-20	3.70e-20
 1.60857e+22	2.39e-11	1.10e-07	4.63e-05	2.39e-03	2.13e-02	5.27e-02	4.90e-01	3.67e-01	6.59e-02	2.39e-11	3.88e-20	4.05e-20
 1.62728e+22	2.57e-11	1.19e-07	5.09e-05	2.65e-03	2.33e-02	5.67e-02	5.00e-01	3.56e-01	6.07e-02	2.57e-11	4.29e-20	4.47e-20
 1.64640e+22	2.76e-11	1.28e-07	5.52e-05	2.88e-03	2.50e-02	5.99e-02	5.08e-01	3.47e-01	5.70e-02	2.76e-11	4.70e-20	4.90e-20
 1.66602e+22	2.98e-11	1.39e-07	6.11e-05	3.21e-03	2.73e-02	6.44e-02	5.17e-01	3.36e-01	5.23e-02	2.98e-11	5.22e-20	5.44e-20
 1.68593e+22	3.19e-11	1.50e-07	6.63e-05	3.48e-03	2.92e-02	6.80e-02	5.24e-01	3.27e-01	4.89e-02	3.19e-11	5.73e-20	5.97e-20
 1.70622e+22	3.46e-11	1.63e-07	7.34e-05	3.88e-03	3.18e-02	7.30e-02	5.32e-01	3.14e-01	4.47e-02	3.46e-11	6.37e-20	6.65e-20
 1.72667e+22	3.72e-11	1.76e-07	7.98e-05	4.21e-03	3.40e-02	7.69e-02	5.38e-01	3.05e-01	4.17e-02	3.72e-11	6.98e-20	7.30e-20
 1.74734e+22	4.03e-11	1.92e-07	8.85e-05	4.68e-03	3.69e-02	8.23e-02	5.45e-01	2.93e-01	3.80e-02	4.03e-11	7.79e-20	8.16e-20
 1.76824e+22	4.35e-11	2.08e-07	9.64e-05	5.09e-03	3.94e-02	8.65e-02	5.50e-01	2.84e-01	3.54e-02	4.35e-11	8.59e-20	9.01e-20
 1.78947e+22	4.75e-11	2.29e-07	1.07e-04	5.67e-03	4.27e-02	9.24e-02	5.55e-01	2.72e-01	3.21e-02	4.75e-11	9.65e-20	1.01e-19
 1.81105e+22	5.15e-11	2.49e-07	1.17e-04	6.17e-03	4.55e-02	9.70e-02	5.59e-01	2.62e-01	2.98e-02	5.15e-11	1.07e-19	1.13e-19
 1.83309e+22	5.67e-11	2.75e-07	1.31e-04	6.88e-03	4.93e-02	1.03e-01	5.63e-01	2.50e-01	2.69e-02	5.67e-11	1.22e-19	1.28e-19
 1.85557e+22	6.19e-11	3.01e-07	1.44e-04	7.50e-03	5.25e-02	1.09e-01	5.66e-01	2.41e-01	2.48e-02	6.19e-11	1.36e-19	1.43e-19
 1.87861e+22	6.89e-11	3.36e-07	1.62e-04	8.39e-03	5.69e-02	1.16e-01	5.68e-01	2.28e-01	2.22e-02	6.89e-11	1.56e-19	1.65e-19
 1.90218e+22	7.59e-11	3.71e-07	1.79e-04	9.18e-03	6.06e-02	1.21e-01	5.70e-01	2.19e-01	2.04e-02	7.59e-11	1.77e-19	1.87e-19
 1.92204e+22	8.28e-11	4.04e-07	1.96e-04	9.93e-03	6.40e-02	1.26e-01	5.70e-01	2.10e-01	1.89e-02	8.28e-11	1.97e-19	2.09e-19
 1.94349e+22	9.26e-11	4.52e-07	2.20e-04	1.10e-02	6.86e-02	1.33e-01	5.70e-01	2.00e-01	1.70e-02	9.26e-11	2.27e-19	2.41e-19
 1.96519e+22	1.02e-10	4.95e-07	2.40e-04	1.19e-02	7.24e-02	1.39e-01	5.70e-01	1.91e-01	1.57e-02	1.02e-10	2.55e-19	2.71e-19
 1.98418e+22	1.11e-10	5.42e-07	2.63e-04	1.29e-02	7.63e-02	1.44e-01	5.68e-01	1.84e-01	1.45e-02	1.11e-10	2.87e-19	3.05e-19
 2.00585e+22	1.26e-10	6.10e-07	2.95e-04	1.42e-02	8.16e-02	1.51e-01	5.66e-01	1.73e-01	1.30e-02	1.26e-10	3.34e-19	3.56e-19
 2.02740e+22	1.40e-10	6.75e-07	3.24e-04	1.53e-02	8.57e-02	1.57e-01	5.64e-01	1.66e-01	1.20e-02	1.40e-10	3.81e-19	4.07e-19
 2.04881e+22	1.58e-10	7.58e-07	3.64e-04	1.69e-02	9.13e-02	1.64e-01	5.60e-01	1.57e-01	1.07e-02	1.58e-10	4.43e-19	4.73e-19
 2.07030e+22	1.77e-10	8.42e-07	3.99e-04	1.82e-02	9.58e-02	1.69e-01	5.56e-01	1.50e-01	9.92e-03	1.77e-10	5.09e-19	5.44e-19
 2.09193e+22	2.02e-10	9.53e-07	4.49e-04	2.00e-02	1.02e-01	1.77e-01	5.51e-01	1.41e-01	8.86e-03	2.02e-10	5.99e-19	6.42e-19
 2.11392e+22	2.29e-10	1.07e-06	4.96e-04	2.16e-02	1.07e-01	1.82e-01	5.46e-01	1.34e-01	8.13e-03	2.29e-10	6.95e-19	7.45e-19
 2.13640e+22	2.65e-10	1.22e-06	5.61e-04	2.39e-02	1.14e-01	1.90e-01	5.39e-01	1.26e-01	7.21e-03	2.65e-10	8.32e-19	8.93e-19
 2.15922e+22	3.02e-10	1.37e-06	6.21e-04	2.58e-02	1.19e-01	1.95e-01	5.33e-01	1.19e-01	6.58e-03	3.02e-10	9.75e-19	1.05e-18
 2.18249e+22	3.55e-10	1.58e-06	7.07e-04	2.85e-02	1.26e-01	2.03e-01	5.24e-01	1.11e-01	5.80e-03	3.55e-10	1.19e-18	1.28e-18
 2.20620e+22	4.10e-10	1.80e-06	7.87e-04	3.08e-02	1.33e-01	2.09e-01	5.17e-01	1.05e-01	5.26e-03	4.10e-10	1.41e-18	1.52e-18
 2.23048e+22	4.90e-10	2.10e-06	9.01e-04	3.41e-02	1.41e-01	2.17e-01	5.06e-01	9.70e-02	4.59e-03	4.90e-10	1.74e-18	1.88e-18
 2.25531e+22	5.73e-10	2.40e-06	1.01e-03	3.70e-02	1.48e-01	2.22e-01	4.97e-01	9.11e-02	4.14e-03	5.73e-10	2.10e-18	2.27e-18
 2.28085e+22	6.98e-10	2.84e-06	1.16e-03	4.11e-02	1.57e-01	2.30e-01	4.84e-01	8.35e-02	3.57e-03	6.98e-10	2.65e-18	2.87e-18
 2.30666e+22	8.24e-10	3.27e-06	1.30e-03	4.46e-02	1.64e-01	2.35e-01	4.74e-01	7.81e-02	3.20e-03	8.24e-10	3.23e-18	3.50e-18
 2.33281e+22	1.02e-09	3.91e-06	1.51e-03	4.94e-02	1.74e-01	2.42e-01	4.59e-01	7.12e-02	2.74e-03	1.02e-09	4.15e-18	4.49e-18
 2.35929e+22	1.21e-09	4.52e-06	1.70e-03	5.36e-02	1.82e-01	2.47e-01	4.47e-01	6.62e-02	2.44e-03	1.21e-09	5.10e-18	5.53e-18
 2.38202e+22	1.43e-09	5.18e-06	1.90e-03	5.77e-02	1.90e-01	2.51e-01	4.36e-01	6.16e-02	2.17e-03	1.43e-09	6.19e-18	6.72e-18
 2.40736e+22	1.77e-09	6.17e-06	2.18e-03	6.35e-02	1.99e-01	2.57e-01	4.20e-01	5.61e-02	1.87e-03	1.77e-09	7.96e-18	8.66e-18
 2.43298e+22	2.11e-09	7.12e-06	2.44e-03	6.84e-02	2.07e-01	2.61e-01	4.07e-01	5.19e-02	1.65e-03	2.11e-09	9.78e-18	1.06e-17
 2.45434e+22	2.47e-09	8.10e-06	2.70e-03	7.31e-02	2.15e-01	2.64e-01	3.96e-01	4.83e-02	1.48e-03	2.47e-09	1.18e-17	1.28e-17
 2.47748e+22	3.01e-09	9.51e-06	3.05e-03	7.93e-02	2.24e-01	2.67e-01	3.81e-01	4.42e-02	1.29e-03	3.01e-09	1.49e-17	1.62e-17
 2.50130e+22	3.58e-09	1.09e-05	3.40e-03	8.49e-02	2.32e-01	2.70e-01	3.69e-01	4.08e-02	1.14e-03	3.58e-09	1.82e-17	1.98e-17
 2.52257e+22	4.23e-09	1.25e-05	3.76e-03	9.06e-02	2.39e-01	2.72e-01	3.56e-01	3.78e-02	1.01e-03	4.23e-09	2.21e-17	2.41e-17
 2.54679e+22	5.23e-09	1.48e-05	4.27e-03	9.82e-02	2.48e-01	2.74e-01	3.40e-01	3.42e-02	8.66e-04	5.23e-09	2.83e-17	3.10e-17
 2.57175e+22	6.28e-09	1.71e-05	4.77e-03	1.05e-01	2.57e-01	2.75e-01	3.27e-01	3.13e-02	7.57e-04	6.28e-09	3.51e-17	3.84e-17
 2.59395e+22	7.50e-09	1.96e-05	5.29e-03	1.12e-01	2.64e-01	2.76e-01	3.14e-01	2.87e-02	6.64e-04	7.50e-09	4.32e-17	4.73e-17
 2.61911e+22	9.38e-09	2.34e-05	6.02e-03	1.21e-01	2.74e-01	2.76e-01	2.97e-01	2.57e-02	5.63e-04	9.38e-09	5.61e-17	6.15e-17
 2.64529e+22	1.14e-08	2.73e-05	6.74e-03	1.30e-01	2.82e-01	2.75e-01	2.83e-01	2.32e-02	4.85e-04	1.14e-08	7.06e-17	7.75e-17
 2.66889e+22	1.38e-08	3.16e-05	7.50e-03	1.38e-01	2.89e-01	2.74e-01	2.69e-01	2.11e-02	4.19e-04	1.38e-08	8.80e-17	9.67e-17
 2.69567e+22	1.75e-08	3.80e-05	8.57e-03	1.49e-01	2.98e-01	2.72e-01	2.52e-01	1.86e-02	3.49e-04	1.75e-08	1.16e-16	1.28e-16
 2.72332e+22	2.16e-08	4.46e-05	9.61e-03	1.60e-01	3.06e-01	2.70e-01	2.38e-01	1.66e-02	2.96e-04	2.16e-08	1.48e-16	1.63e-16
 2.74800e+22	2.63e-08	5.19e-05	1.07e-02	1.70e-01	3.13e-01	2.67e-01	2.25e-01	1.49e-02	2.52e-04	2.63e-08	1.87e-16	2.06e-16
 2.77599e+22	3.37e-08	6.28e-05	1.22e-02	1.83e-01	3.21e-01	2.63e-01	2.08e-01	1.29e-02	2.06e-04	3.37e-08	2.50e-16	2.76e-16
 2.80482e+22	4.18e-08	7.41e-05	1.37e-02	1.94e-01	3.27e-01	2.58e-01	1.95e-01	1.14e-02	1.72e-04	4.18e-08	3.22e-16	3.55e-16
 2.83056e+22	5.13e-08	8.65e-05	1.53e-02	2.06e-01	3.33e-01	2.54e-01	1.82e-01	1.01e-02	1.45e-04	5.13e-08	4.09e-16	4.51e-16
 2.85984e+22	6.65e-08	1.05e-04	1.75e-02	2.21e-01	3.39e-01	2.47e-01	1.66e-01	8.64e-03	1.16e-04	6.65e-08	5.54e-16	6.13e-16
 2.88953e+22	8.27e-08	1.24e-04	1.96e-02	2.34e-01	3.44e-01	2.41e-01	1.54e-01	7.53e-03	9.54e-05	8.27e-08	7.14e-16	7.90e-16
 2.91560e+22	1.01e-07	1.45e-04	2.17e-02	2.46e-01	3.48e-01	2.34e-01	1.43e-01	6.61e-03	7.94e-05	1.01e-07	9.07e-16	1.00e-15
 2.94532e+22	1.32e-07	1.76e-04	2.48e-02	2.63e-01	3.52e-01	2.26e-01	1.29e-01	5.56e-03	6.23e-05	1.32e-07	1.24e-15	1.37e-15
 2.97551e+22	1.63e-07	2.07e-04	2.75e-02	2.76e-01	3.54e-01	2.18e-01	1.19e-01	4.82e-03	5.11e-05	1.63e-07	1.58e-15	1.76e-15
 3.00631e+22	2.12e-07	2.52e-04	3.14e-02	2.93e-01	3.57e-01	2.08e-01	1.06e-01	4.02e-03	3.97e-05	2.12e-07	2.17e-15	2.41e-15
 3.03764e+22	2.65e-07	2.97e-04	3.49e-02	3.07e-01	3.57e-01	2.00e-01	9.66e-02	3.43e-03	3.18e-05	2.65e-07	2.81e-15	3.13e-15
 3.06533e+22	3.28e-07	3.48e-04	3.87e-02	3.21e-01	3.57e-01	1.92e-01	8.79e-02	2.94e-03	2.57e-05	3.28e-07	3.61e-15	4.01e-15
 3.09700e+22	4.28e-07	4.24e-04	4.39e-02	3.39e-01	3.56e-01	1.81e-01	7.77e-02	2.40e-03	1.96e-05	4.28e-07	4.95e-15	5.51e-15
 3.12938e+22	5.36e-07	5.01e-04	4.87e-02	3.53e-01	3.54e-01	1.71e-01	6.98e-02	2.02e-03	1.54e-05	5.36e-07	6.44e-15	7.19e-15
 3.15708e+22	6.54e-07	5.80e-04	5.35e-02	3.66e-01	3.52e-01	1.63e-01	6.33e-02	1.72e-03	1.24e-05	6.54e-07	8.16e-15	9.11e-15
 3.18751e+22	8.40e-07	6.97e-04	5.99e-02	3.82e-01	3.48e-01	1.53e-01	5.57e-02	1.41e-03	9.46e-06	8.40e-07	1.10e-14	1.23e-14
 3.21858e+22	1.03e-06	8.11e-04	6.58e-02	3.94e-01	3.44e-01	1.44e-01	5.00e-02	1.19e-03	7.49e-06	1.03e-06	1.40e-14	1.57e-14
 3.24626e+22	1.26e-06	9.40e-04	7.20e-02	4.06e-01	3.39e-01	1.36e-01	4.48e-02	9.98e-04	5.94e-06	1.26e-06	1.78e-14	1.99e-14
 3.27805e+22	1.63e-06	1.13e-03	8.05e-02	4.21e-01	3.33e-01	1.25e-01	3.89e-02	8.00e-04	4.41e-06	1.63e-06	2.41e-14	2.70e-14
 3.30923e+22	1.97e-06	1.30e-03	8.76e-02	4.32e-01	3.26e-01	1.17e-01	3.48e-02	6.72e-04	3.49e-06	1.97e-06	3.03e-14	3.40e-14
 3.33562e+22	2.38e-06	1.49e-03	9.50e-02	4.42e-01	3.20e-01	1.10e-01	3.11e-02	5.66e-04	2.77e-06	2.38e-06	3.80e-14	4.26e-14
 3.36591e+22	3.00e-06	1.77e-03	1.05e-01	4.53e-01	3.12e-01	1.01e-01	2.70e-02	4.55e-04	2.07e-06	3.00e-06	5.02e-14	5.64e-14
 3.39686e+22	3.64e-06	2.03e-03	1.14e-01	4.62e-01	3.04e-01	9.40e-02	2.39e-02	3.78e-04	1.62e-06	3.64e-06	6.31e-14	7.10e-14
 3.42159e+22	4.23e-06	2.27e-03	1.21e-01	4.68e-01	2.98e-01	8.85e-02	2.17e-02	3.26e-04	1.33e-06	4.23e-06	7.55e-14	8.50e-14
 3.44663e+22	5.11e-06	2.60e-03	1.31e-01	4.76e-01	2.89e-01	8.19e-02	1.92e-02	2.70e-04	1.04e-06	5.11e-06	9.49e-14	1.07e-13
 3.47211e+22	5.94e-06	2.90e-03	1.39e-01	4.81e-01	2.82e-01	7.68e-02	1.73e-02	2.31e-04	8.42e-07	5.94e-06	1.14e-13	1.28e-13
 3.49815e+22	7.18e-06	3.32e-03	1.50e-01	4.87e-01	2.73e-01	7.06e-02	1.52e-02	1.90e-04	6.48e-07	7.18e-06	1.43e-13	1.62e-13
 3.52449e+22	8.36e-06	3.71e-03	1.60e-01	4.91e-01	2.65e-01	6.58e-02	1.37e-02	1.61e-04	5.22e-07	8.36e-06	1.72e-13	1.94e-13
 3.54769e+22	9.70e-06	4.12e-03	1.70e-01	4.95e-01	2.58e-01	6.13e-02	1.23e-02	1.37e-04	4.21e-07	9.70e-06	2.07e-13	2.33e-13
 3.57434e+22	1.17e-05	4.73e-03	1.83e-01	4.98e-01	2.48e-01	5.59e-02	1.07e-02	1.11e-04	3.19e-07	1.17e-05	2.61e-13	2.94e-13
 3.60120e+22	1.36e-05	5.25e-03	1.94e-01	5.00e-01	2.40e-01	5.18e-02	9.53e-03	9.40e-05	2.56e-07	1.36e-05	3.12e-13	3.52e-13
 3.62835e+22	1.65e-05	6.02e-03	2.08e-01	5.01e-01	2.29e-01	4.69e-02	8.23e-03	7.55e-05	1.92e-07	1.65e-05	3.94e-13	4.45e-13
 3.65566e+22	1.90e-05	6.66e-03	2.20e-01	5.02e-01	2.21e-01	4.33e-02	7.33e-03	6.35e-05	1.53e-07	1.90e-05	4.70e-13	5.31e-13
 3.68318e+22	2.29e-05	7.60e-03	2.36e-01	5.01e-01	2.10e-01	3.90e-02	6.30e-03	5.08e-05	0.00e+00	2.29e-05	5.92e-13	6.69e-13
 3.71030e+22	2.61e-05	8.35e-03	2.48e-01	5.00e-01	2.02e-01	3.60e-02	5.62e-03	4.29e-05	0.00e+00	2.61e-05	6.99e-13	7.89e-13
 3.73688e+22	3.12e-05	9.46e-03	2.64e-01	4.97e-01	1.92e-01	3.24e-02	4.84e-03	3.44e-05	0.00e+00	3.12e-05	8.69e-13	9.82e-13
 3.76485e+22	3.62e-05	1.05e-02	2.78e-01	4.94e-01	1.83e-01	2.95e-02	4.25e-03	2.84e-05	0.00e+00	3.62e-05	1.05e-12	1.18e-12
 3.79463e+22	4.40e-05	1.21e-02	2.97e-01	4.88e-01	1.73e-01	2.61e-02	3.59e-03	2.22e-05	0.00e+00	4.40e-05	1.33e-12	1.51e-12
 3.82473e+22	5.12e-05	1.34e-02	3.13e-01	4.83e-01	1.64e-01	2.36e-02	3.13e-03	1.81e-05	0.00e+00	5.12e-05	1.61e-12	1.82e-12
 3.85528e+22	6.22e-05	1.54e-02	3.33e-01	4.75e-01	1.53e-01	2.07e-02	2.62e-03	1.39e-05	0.00e+00	6.22e-05	2.06e-12	2.32e-12
 3.88635e+22	7.24e-05	1.71e-02	3.50e-01	4.67e-01	1.44e-01	1.85e-02	2.26e-03	1.12e-05	0.00e+00	7.24e-05	2.50e-12	2.81e-12
 3.91811e+22	8.83e-05	1.97e-02	3.72e-01	4.57e-01	1.33e-01	1.61e-02	1.87e-03	8.52e-06	0.00e+00	8.83e-05	3.22e-12	3.60e-12
 3.95050e+22	1.03e-04	2.18e-02	3.90e-01	4.47e-01	1.25e-01	1.43e-02	1.60e-03	6.80e-06	0.00e+00	1.03e-04	3.91e-12	4.37e-12
 3.97628e+22	1.15e-04	2.36e-02	4.04e-01	4.39e-01	1.19e-01	1.31e-02	1.42e-03	5.72e-06	0.00e+00	1.15e-04	4.53e-12	5.05e-12
 4.00235e+22	1.34e-04	2.63e-02	4.22e-01	4.28e-01	1.11e-01	1.15e-02	1.21e-03	4.54e-06	0.00e+00	1.34e-04	5.53e-12	6.14e-12
 4.02846e+22	1.50e-04	2.84e-02	4.36e-01	4.19e-01	1.05e-01	1.05e-02	1.07e-03	3.79e-06	0.00e+00	1.50e-04	6.41e-12	7.10e-12
 4.05464e+22	1.75e-04	3.15e-02	4.54e-01	4.06e-01	9.74e-02	9.24e-03	9.05e-04	3.00e-06	0.00e+00	1.75e-04	7.81e-12	8.61e-12
 4.08120e+22	1.96e-04	3.41e-02	4.69e-01	3.96e-01	9.16e-02	8.33e-03	7.93e-04	2.48e-06	0.00e+00	1.96e-04	9.09e-12	9.98e-12
 4.10826e+22	2.28e-04	3.77e-02	4.87e-01	3.83e-01	8.48e-02	7.30e-03	6.70e-04	1.95e-06	0.00e+00	2.28e-04	1.11e-11	1.21e-11
 4.13594e+22	2.56e-04	4.09e-02	5.01e-01	3.71e-01	7.91e-02	6.52e-03	5.81e-04	1.59e-06	0.00e+00	2.56e-04	1.30e-11	1.41e-11
 4.16441e+22	3.00e-04	4.54e-02	5.20e-01	3.56e-01	7.25e-02	5.63e-03	4.83e-04	1.22e-06	0.00e+00	3.00e-04	1.60e-11	1.72e-11
 4.19298e+22	3.34e-04	4.89e-02	5.34e-01	3.44e-01	6.76e-02	5.03e-03	4.19e-04	9.96e-07	0.00e+00	3.34e-04	1.86e-11	1.99e-11
 4.22165e+22	3.88e-04	5.40e-02	5.51e-01	3.28e-01	6.17e-02	4.33e-03	3.48e-04	7.66e-07	0.00e+00	3.88e-04	2.28e-11	2.41e-11
 4.25116e+22	4.35e-04	5.83e-02	5.65e-01	3.15e-01	5.70e-02	3.82e-03	2.97e-04	6.13e-07	0.00e+00	4.35e-04	2.68e-11	2.81e-11
 4.28175e+22	5.09e-04	6.46e-02	5.82e-01	2.98e-01	5.14e-02	3.24e-03	2.42e-04	4.59e-07	0.00e+00	5.09e-04	3.33e-11	3.45e-11
 4.30901e+22	5.49e-04	6.79e-02	5.92e-01	2.89e-01	4.83e-02	2.94e-03	2.15e-04	3.89e-07	0.00e+00	5.49e-04	3.72e-11	3.83e-11
 4.32775e+22	5.87e-04	7.10e-02	5.99e-01	2.80e-01	4.59e-02	2.71e-03	1.95e-04	3.39e-07	0.00e+00	5.87e-04	4.10e-11	4.19e-11
 4.34792e+22	6.50e-04	7.59e-02	6.09e-01	2.69e-01	4.26e-02	2.42e-03	1.70e-04	2.78e-07	0.00e+00	6.50e-04	4.74e-11	4.79e-11
 4.37414e+22	7.37e-04	8.24e-02	6.21e-01	2.55e-01	3.89e-02	2.09e-03	1.42e-04	2.16e-07	0.00e+00	7.37e-04	5.68e-11	5.66e-11
 4.39914e+22	7.93e-04	8.63e-02	6.29e-01	2.45e-01	3.64e-02	1.89e-03	1.26e-04	1.83e-07	0.00e+00	7.93e-04	6.34e-11	6.27e-11
 4.41807e+22	8.49e-04	9.02e-02	6.36e-01	2.37e-01	3.43e-02	1.73e-03	1.13e-04	1.57e-07	0.00e+00	8.49e-04	7.02e-11	6.88e-11
 4.43821e+22	9.32e-04	9.58e-02	6.43e-01	2.26e-01	3.19e-02	1.54e-03	9.83e-05	1.30e-07	0.00e+00	9.32e-04	8.06e-11	7.80e-11
 4.46439e+22	1.05e-03	1.04e-01	6.52e-01	2.13e-01	2.89e-02	1.32e-03	8.20e-05	0.00e+00	0.00e+00	1.05e-03	9.62e-11	9.16e-11
 4.48921e+22	1.13e-03	1.08e-01	6.59e-01	2.04e-01	2.70e-02	1.20e-03	7.24e-05	0.00e+00	0.00e+00	1.13e-03	1.07e-10	1.01e-10
 4.51227e+22	1.25e-03	1.16e-01	6.65e-01	1.93e-01	2.47e-02	1.04e-03	6.16e-05	0.00e+00	0.00e+00	1.25e-03	1.25e-10	1.16e-10
 4.53714e+22	1.36e-03	1.22e-01	6.70e-01	1.83e-01	2.27e-02	9.20e-04	5.31e-05	0.00e+00	0.00e+00	1.36e-03	1.43e-10	1.31e-10
 4.55898e+22	1.46e-03	1.27e-01	6.75e-01	1.74e-01	2.12e-02	8.28e-04	4.68e-05	0.00e+00	0.00e+00	1.46e-03	1.60e-10	1.45e-10
 4.58199e+22	1.62e-03	1.36e-01	6.79e-01	1.64e-01	1.93e-02	7.18e-04	3.97e-05	0.00e+00	0.00e+00	1.62e-03	1.86e-10	1.66e-10
 4.61191e+22	1.85e-03	1.47e-01	6.83e-01	1.50e-01	1.71e-02	5.95e-04	3.19e-05	0.00e+00	0.00e+00	1.85e-03	2.28e-10	1.99e-10
 4.64403e+22	2.07e-03	1.58e-01	6.86e-01	1.38e-01	1.52e-02	5.01e-04	2.61e-05	0.00e+00	0.00e+00	2.07e-03	2.71e-10	2.32e-10
 4.67903e+22	2.41e-03	1.73e-01	6.87e-01	1.24e-01	1.31e-02	3.99e-04	2.01e-05	0.00e+00	0.00e+00	2.41e-03	3.42e-10	2.85e-10
 4.71547e+22	2.71e-03	1.86e-01	6.87e-01	1.13e-01	1.15e-02	3.28e-04	1.61e-05	0.00e+00	0.00e+00	2.71e-03	4.11e-10	3.35e-10
 4.75378e+22	3.21e-03	2.06e-01	6.83e-01	9.86e-02	9.72e-03	2.52e-04	1.19e-05	0.00e+00	0.00e+00	3.21e-03	5.33e-10	4.23e-10
 4.79201e+22	3.61e-03	2.20e-01	6.79e-01	8.87e-02	8.49e-03	2.05e-04	9.48e-06	0.00e+00	0.00e+00	3.61e-03	6.41e-10	4.97e-10
 4.83013e+22	4.30e-03	2.43e-01	6.69e-01	7.63e-02	7.11e-03	1.55e-04	6.97e-06	0.00e+00	0.00e+00	4.30e-03	8.31e-10	6.28e-10
 4.86862e+22	4.89e-03	2.62e-01	6.60e-01	6.73e-02	6.15e-03	1.24e-04	5.44e-06	0.00e+00	0.00e+00	4.89e-03	1.01e-09	7.49e-10
 4.90758e+22	5.88e-03	2.91e-01	6.42e-01	5.65e-02	5.08e-03	9.07e-05	3.91e-06	0.00e+00	0.00e+00	5.88e-03	1.33e-09	9.58e-10
 4.94675e+22	6.80e-03	3.14e-01	6.26e-01	4.86e-02	4.33e-03	7.01e-05	2.98e-06	0.00e+00	0.00e+00	6.80e-03	1.65e-09	1.16e-09
 4.97642e+22	7.52e-03	3.32e-01	6.13e-01	4.34e-02	3.86e-03	5.81e-05	2.46e-06	0.00e+00	0.00e+00	7.52e-03	1.91e-09	1.33e-09
 5.00520e+22	8.81e-03	3.61e-01	5.90e-01	3.68e-02	3.29e-03	4.43e-05	1.86e-06	0.00e+00	0.00e+00	8.81e-03	2.38e-09	1.63e-09
 5.03389e+22	9.89e-03	3.83e-01	5.72e-01	3.23e-02	2.90e-03	3.58e-05	1.50e-06	0.00e+00	0.00e+00	9.89e-03	2.80e-09	1.89e-09
 5.06244e+22	1.16e-02	4.15e-01	5.44e-01	2.69e-02	2.46e-03	2.68e-05	1.13e-06	0.00e+00	0.00e+00	1.16e-02	3.49e-09	2.32e-09
 5.09155e+22	1.33e-02	4.42e-01	5.19e-01	2.28e-02	2.12e-03	2.07e-05	8.79e-07	0.00e+00	0.00e+00	1.33e-02	4.20e-09	2.75e-09
 5.11704e+22	1.53e-02	4.72e-01	4.92e-01	1.91e-02	1.83e-03	1.59e-05	6.81e-07	0.00e+00	0.00e+00	1.53e-02	5.06e-09	3.27e-09
 5.14584e+22	1.83e-02	5.10e-01	4.55e-01	1.52e-02	1.51e-03	1.12e-05	4.89e-07	0.00e+00	0.00e+00	1.83e-02	6.39e-09	4.08e-09
 5.17551e+22	2.16e-02	5.46e-01	4.19e-01	1.21e-02	1.26e-03	8.08e-06	3.59e-07	0.00e+00	0.00e+00	2.16e-02	7.89e-09	4.98e-09
 5.20151e+22	2.52e-02	5.80e-01	3.84e-01	9.67e-03	1.06e-03	5.84e-06	2.66e-07	0.00e+00	0.00e+00	2.52e-02	9.61e-09	6.01e-09
 5.23052e+22	3.07e-02	6.23e-01	3.39e-01	7.15e-03	8.36e-04	3.79e-06	1.79e-07	0.00e+00	0.00e+00	3.07e-02	1.23e-08	7.64e-09
 5.26164e+22	3.76e-02	6.63e-01	2.93e-01	5.16e-03	6.52e-04	2.40e-06	1.17e-07	0.00e+00	0.00e+00	3.76e-02	1.58e-08	9.70e-09
 5.28941e+22	4.55e-02	6.98e-01	2.52e-01	3.74e-03	5.12e-04	1.54e-06	0.00e+00	0.00e+00	0.00e+00	4.55e-02	1.98e-08	1.21e-08
 5.31500e+22	5.47e-02	7.28e-01	2.14e-01	2.70e-03	3.99e-04	9.79e-07	0.00e+00	0.00e+00	0.00e+00	5.47e-02	2.46e-08	1.49e-08
 5.33945e+22	6.55e-02	7.53e-01	1.79e-01	1.92e-03	3.07e-04	6.16e-07	0.00e+00	0.00e+00	0.00e+00	6.55e-02	3.04e-08	1.84e-08
 5.35541e+22	7.24e-02	7.64e-01	1.62e-01	1.60e-03	2.68e-04	4.80e-07	0.00e+00	0.00e+00	0.00e+00	7.24e-02	3.39e-08	2.04e-08
 5.36183e+22	7.60e-02	7.68e-01	1.54e-01	1.46e-03	2.49e-04	4.23e-07	0.00e+00	0.00e+00	0.00e+00	7.60e-02	3.58e-08	2.15e-08
 5.36672e+22	7.90e-02	7.72e-01	1.47e-01	1.35e-03	2.34e-04	3.81e-07	0.00e+00	0.00e+00	0.00e+00	7.90e-02	3.74e-08	2.25e-08
 5.37250e+22	8.26e-02	7.76e-01	1.40e-01	1.24e-03	2.18e-04	3.36e-07	0.00e+00	0.00e+00	0.00e+00	8.26e-02	3.94e-08	2.37e-08
 5.37953e+22	8.74e-02	7.80e-01	1.31e-01	1.11e-03	1.99e-04	2.87e-07	0.00e+00	0.00e+00	0.00e+00	8.74e-02	4.20e-08	2.52e-08
 5.38674e+22	9.25e-02	7.84e-01	1.23e-01	9.89e-04	1.81e-04	2.45e-07	0.00e+00	0.00e+00	0.00e+00	9.25e-02	4.47e-08	2.68e-08
 5.39333e+22	9.75e-02	7.86e-01	1.15e-01	8.90e-04	1.66e-04	2.12e-07	0.00e+00	0.00e+00	0.00e+00	9.75e-02	4.74e-08	2.84e-08
 5.39947e+22	1.02e-01	7.88e-01	1.08e-01	8.08e-04	1.53e-04	1.85e-07	0.00e+00	0.00e+00	0.00e+00	1.02e-01	5.00e-08	2.99e-08
 5.40569e+22	1.08e-01	7.90e-01	1.02e-01	7.27e-04	1.39e-04	1.59e-07	0.00e+00	0.00e+00	0.00e+00	1.08e-01	5.30e-08	3.17e-08
 5.41187e+22	1.13e-01	7.91e-01	9.53e-02	6.58e-04	1.28e-04	1.38e-07	0.00e+00	0.00e+00	0.00e+00	1.13e-01	5.58e-08	3.34e-08
 5.41787e+22	1.19e-01	7.91e-01	8.93e-02	5.95e-04	1.17e-04	1.19e-07	0.00e+00	0.00e+00	0.00e+00	1.19e-01	5.90e-08	3.52e-08
 5.42382e+22	1.25e-01	7.91e-01	8.36e-02	5.38e-04	1.07e-04	0.00e+00	0.00e+00	0.00e+00	0.00e+00	1.25e-01	6.21e-08	3.71e-08
 5.42969e+22	1.31e-01	7.90e-01	7.82e-02	4.87e-04	9.76e-05	0.00e+00	0.00e+00	0.00e+00	0.00e+00	1.31e-01	6.55e-08	3.91e-08
 5.43554e+22	1.37e-01	7.89e-01	7.31e-02	4.41e-04	8.90e-05	0.00e+00	0.00e+00	0.00e+00	0.00e+00	1.37e-01	6.89e-08	4.11e-08
 5.44122e+22	1.44e-01	7.87e-01	6.82e-02	3.99e-04	8.11e-05	0.00e+00	0.00e+00	0.00e+00	0.00e+00	1.44e-01	7.25e-08	4.33e-08
 5.44676e+22	1.51e-01	7.85e-01	6.39e-02	3.65e-04	7.43e-05	0.00e+00	0.00e+00	0.00e+00	0.00e+00	1.51e-01	7.60e-08	4.53e-08
 5.45249e+22	1.58e-01	7.82e-01	5.94e-02	3.29e-04	6.73e-05	0.00e+00	0.00e+00	0.00e+00	0.00e+00	1.58e-01	8.00e-08	4.77e-08
 5.45820e+22	1.66e-01	7.79e-01	5.54e-02	2.99e-04	6.12e-05	0.00e+00	0.00e+00	0.00e+00	0.00e+00	1.66e-01	8.39e-08	4.99e-08
 5.46372e+22	1.74e-01	7.75e-01	5.15e-02	2.71e-04	5.54e-05	0.00e+00	0.00e+00	0.00e+00	0.00e+00	1.74e-01	8.81e-08	5.24e-08
 5.46910e+22	1.81e-01	7.71e-01	4.80e-02	2.48e-04	5.06e-05	0.00e+00	0.00e+00	0.00e+00	0.00e+00	1.81e-01	9.21e-08	5.47e-08
 5.47446e+22	1.90e-01	7.66e-01	4.46e-02	2.26e-04	4.58e-05	0.00e+00	0.00e+00	0.00e+00	0.00e+00	1.90e-01	9.64e-08	5.73e-08
 5.47995e+22	1.98e-01	7.60e-01	4.14e-02	2.05e-04	4.13e-05	0.00e+00	0.00e+00	0.00e+00	0.00e+00	1.98e-01	1.01e-07	6.00e-08
 5.48520e+22	2.07e-01	7.54e-01	3.85e-02	1.88e-04	3.75e-05	0.00e+00	0.00e+00	0.00e+00	0.00e+00	2.07e-01	1.05e-07	6.26e-08
 5.49032e+22	2.15e-01	7.48e-01	3.59e-02	1.73e-04	3.42e-05	0.00e+00	0.00e+00	0.00e+00	0.00e+00	2.15e-01	1.10e-07	6.50e-08
 5.49583e+22	2.26e-01	7.41e-01	3.31e-02	1.57e-04	3.06e-05	0.00e+00	0.00e+00	0.00e+00	0.00e+00	2.26e-01	1.15e-07	6.81e-08
 5.50139e+22	2.36e-01	7.33e-01	3.05e-02	1.43e-04	2.74e-05	0.00e+00	0.00e+00	0.00e+00	0.00e+00	2.36e-01	1.20e-07	7.11e-08
 5.50642e+22	2.46e-01	7.26e-01	2.83e-02	1.31e-04	2.49e-05	0.00e+00	0.00e+00	0.00e+00	0.00e+00	2.46e-01	1.24e-07	7.38e-08
 5.51135e+22	2.55e-01	7.18e-01	2.64e-02	1.21e-04	2.27e-05	0.00e+00	0.00e+00	0.00e+00	0.00e+00	2.55e-01	1.29e-07	7.64e-08
 5.51686e+22	2.67e-01	7.09e-01	2.42e-02	1.10e-04	2.02e-05	0.00e+00	0.00e+00	0.00e+00	0.00e+00	2.67e-01	1.34e-07	7.96e-08
 5.52256e+22	2.79e-01	6.99e-01	2.22e-02	1.01e-04	1.79e-05	0.00e+00	0.00e+00	0.00e+00	0.00e+00	2.79e-01	1.40e-07	8.29e-08
 5.52770e+22	2.90e-01	6.89e-01	2.05e-02	9.24e-05	1.61e-05	0.00e+00	0.00e+00	0.00e+00	0.00e+00	2.90e-01	1.45e-07	8.59e-08
 5.53253e+22	3.00e-01	6.81e-01	1.90e-02	8.58e-05	1.46e-05	0.00e+00	0.00e+00	0.00e+00	0.00e+00	3.00e-01	1.49e-07	8.85e-08
 5.53782e+22	3.13e-01	6.70e-01	1.74e-02	7.86e-05	1.30e-05	0.00e+00	0.00e+00	0.00e+00	0.00e+00	3.13e-01	1.55e-07	9.17e-08
 5.54350e+22	3.26e-01	6.58e-01	1.59e-02	7.18e-05	1.15e-05	0.00e+00	0.00e+00	0.00e+00	0.00e+00	3.26e-01	1.61e-07	9.50e-08
 5.54877e+22	3.39e-01	6.46e-01	1.46e-02	6.60e-05	1.03e-05	0.00e+00	0.00e+00	0.00e+00	0.00e+00	3.39e-01	1.66e-07	9.81e-08
 5.55367e+22	3.50e-01	6.37e-01	1.35e-02	6.15e-05	9.32e-06	0.00e+00	0.00e+00	0.00e+00	0.00e+00	3.50e-01	1.70e-07	1.01e-07
 5.55903e+22	3.63e-01	6.24e-01	1.23e-02	5.65e-05	8.26e-06	0.00e+00	0.00e+00	0.00e+00	0.00e+00	3.63e-01	1.76e-07	1.04e-07
 5.56485e+22	3.78e-01	6.11e-01	1.12e-02	5.18e-05	7.28e-06	0.00e+00	0.00e+00	0.00e+00	0.00e+00	3.78e-01	1.81e-07	1.07e-07
 5.57040e+22	3.92e-01	5.98e-01	1.02e-02	4.76e-05	6.44e-06	0.00e+00	0.00e+00	0.00e+00	0.00e+00	3.92e-01	1.86e-07	1.10e-07
 5.57568e+22	4.05e-01	5.86e-01	9.36e-03	4.42e-05	5.76e-06	0.00e+00	0.00e+00	0.00e+00	0.00e+00	4.05e-01	1.91e-07	1.13e-07
 5.58119e+22	4.19e-01	5.73e-01	8.52e-03	4.07e-05	5.09e-06	0.00e+00	0.00e+00	0.00e+00	0.00e+00	4.19e-01	1.96e-07	1.15e-07
 5.58698e+22	4.34e-01	5.59e-01	7.72e-03	3.75e-05	4.48e-06	0.00e+00	0.00e+00	0.00e+00	0.00e+00	4.34e-01	2.00e-07	1.18e-07
 5.59260e+22	4.48e-01	5.45e-01	7.02e-03	3.47e-05	3.96e-06	0.00e+00	0.00e+00	0.00e+00	0.00e+00	4.48e-01	2.05e-07	1.21e-07
 5.59819e+22	4.61e-01	5.32e-01	6.39e-03	3.22e-05	3.51e-06	0.00e+00	0.00e+00	0.00e+00	0.00e+00	4.61e-01	2.09e-07	1.23e-07
 5.60420e+22	4.77e-01	5.18e-01	5.77e-03	2.96e-05	3.08e-06	0.00e+00	0.00e+00	0.00e+00	0.00e+00	4.77e-01	2.13e-07	1.25e-07
 5.61038e+22	4.92e-01	5.03e-01	5.19e-03	2.73e-05	2.69e-06	0.00e+00	0.00e+00	0.00e+00	0.00e+00	4.92e-01	2.17e-07	1.28e-07
 5.61634e+22	5.06e-01	4.89e-01	4.70e-03	2.53e-05	2.38e-06	0.00e+00	0.00e+00	0.00e+00	0.00e+00	5.06e-01	2.20e-07	1.30e-07
 5.62251e+22	5.21e-01	4.75e-01	4.23e-03	2.34e-05	2.08e-06	0.00e+00	0.00e+00	0.00e+00	0.00e+00	5.21e-01	2.24e-07	1.32e-07
 5.62889e+22	5.36e-01	4.61e-01	3.81e-03	2.16e-05	1.82e-06	0.00e+00	0.00e+00	0.00e+00	0.00e+00	5.36e-01	2.27e-07	1.33e-07
 5.63544e+22	5.51e-01	4.46e-01	3.41e-03	2.00e-05	1.58e-06	0.00e+00	0.00e+00	0.00e+00	0.00e+00	5.51e-01	2.30e-07	1.35e-07
 5.64227e+22	5.66e-01	4.31e-01	3.04e-03	1.84e-05	1.37e-06	0.00e+00	0.00e+00	0.00e+00	0.00e+00	5.66e-01	2.32e-07	1.37e-07
 5.64904e+22	5.80e-01	4.17e-01	2.73e-03	1.70e-05	1.20e-06	0.00e+00	0.00e+00	0.00e+00	0.00e+00	5.80e-01	2.35e-07	1.38e-07
 5.65536e+22	5.93e-01	4.05e-01	2.47e-03	1.59e-05	1.06e-06	0.00e+00	0.00e+00	0.00e+00	0.00e+00	5.93e-01	2.37e-07	1.39e-07
 5.66130e+22	6.05e-01	3.93e-01	2.25e-03	1.49e-05	9.43e-07	0.00e+00	0.00e+00	0.00e+00	0.00e+00	6.05e-01	2.38e-07	1.40e-07
 5.66734e+22	6.16e-01	3.82e-01	2.05e-03	1.40e-05	8.40e-07	0.00e+00	0.00e+00	0.00e+00	0.00e+00	6.16e-01	2.40e-07	1.41e-07
 5.67374e+22	6.29e-01	3.69e-01	1.85e-03	1.31e-05	7.41e-07	0.00e+00	0.00e+00	0.00e+00	0.00e+00	6.29e-01	2.41e-07	1.41e-07
 5.68034e+22	6.40e-01	3.58e-01	1.67e-03	1.23e-05	6.57e-07	0.00e+00	0.00e+00	0.00e+00	0.00e+00	6.40e-01	2.42e-07	1.42e-07
 5.68707e+22	6.52e-01	3.46e-01	1.51e-03	1.15e-05	5.79e-07	0.00e+00	0.00e+00	0.00e+00	0.00e+00	6.52e-01	2.43e-07	1.42e-07
 5.69397e+22	6.64e-01	3.35e-01	1.36e-03	1.07e-05	5.11e-07	0.00e+00	0.00e+00	0.00e+00	0.00e+00	6.64e-01	2.44e-07	1.43e-07
 5.70080e+22	6.75e-01	3.24e-01	1.23e-03	1.01e-05	4.53e-07	0.00e+00	0.00e+00	0.00e+00	0.00e+00	6.75e-01	2.44e-07	1.43e-07
 5.70777e+22	6.85e-01	3.14e-01	1.12e-03	9.45e-06	4.02e-07	0.00e+00	0.00e+00	0.00e+00	0.00e+00	6.85e-01	2.45e-07	1.43e-07
 5.71523e+22	6.96e-01	3.03e-01	1.01e-03	8.82e-06	3.53e-07	0.00e+00	0.00e+00	0.00e+00	0.00e+00	6.96e-01	2.45e-07	1.43e-07
 5.72287e+22	7.07e-01	2.92e-01	9.07e-04	8.27e-06	3.12e-07	0.00e+00	0.00e+00	0.00e+00	0.00e+00	7.07e-01	2.45e-07	1.44e-07
 5.73061e+22	7.17e-01	2.82e-01	8.19e-04	7.74e-06	2.76e-07	0.00e+00	0.00e+00	0.00e+00	0.00e+00	7.17e-01	2.45e-07	1.44e-07
 5.73856e+22	7.27e-01	2.73e-01	7.41e-04	7.27e-06	2.44e-07	0.00e+00	0.00e+00	0.00e+00	0.00e+00	7.27e-01	2.46e-07	1.44e-07
 5.74694e+22	7.37e-01	2.63e-01	6.68e-04	6.80e-06	2.15e-07	0.00e+00	0.00e+00	0.00e+00	0.00e+00	7.37e-01	2.46e-07	1.43e-07
 5.75575e+22	7.47e-01	2.53e-01	6.02e-04	6.35e-06	1.90e-07	0.00e+00	0.00e+00	0.00e+00	0.00e+00	7.47e-01	2.45e-07	1.43e-07
 5.76457e+22	7.56e-01	2.44e-01	5.46e-04	5.96e-06	1.68e-07	0.00e+00	0.00e+00	0.00e+00	0.00e+00	7.56e-01	2.45e-07	1.43e-07
 5.77369e+22	7.64e-01	2.35e-01	4.96e-04	5.59e-06	1.49e-07	0.00e+00	0.00e+00	0.00e+00	0.00e+00	7.64e-01	2.45e-07	1.43e-07
 5.78353e+22	7.73e-01	2.26e-01	4.49e-04	5.23e-06	1.32e-07	0.00e+00	0.00e+00	0.00e+00	0.00e+00	7.73e-01	2.45e-07	1.43e-07
 5.79393e+22	7.82e-01	2.18e-01	4.07e-04	4.88e-06	0.00e+00	0.00e+00	0.00e+00	0.00e+00	0.00e+00	7.82e-01	2.45e-07	1.43e-07
 5.80463e+22	7.90e-01	2.10e-01	3.70e-04	4.57e-06	0.00e+00	0.00e+00	0.00e+00	0.00e+00	0.00e+00	7.90e-01	2.46e-07	1.43e-07
 5.81591e+22	7.98e-01	2.02e-01	3.37e-04	4.27e-06	0.00e+00	0.00e+00	0.00e+00	0.00e+00	0.00e+00	7.98e-01	2.46e-07	1.43e-07
 5.82807e+22	8.06e-01	1.94e-01	3.08e-04	3.99e-06	0.00e+00	0.00e+00	0.00e+00	0.00e+00	0.00e+00	8.06e-01	2.46e-07	1.43e-07
 5.84098e+22	8.13e-01	1.87e-01	2.82e-04	3.73e-06	0.00e+00	0.00e+00	0.00e+00	0.00e+00	0.00e+00	8.13e-01	2.47e-07	1.43e-07
 5.85447e+22	8.20e-01	1.80e-01	2.59e-04	3.48e-06	0.00e+00	0.00e+00	0.00e+00	0.00e+00	0.00e+00	8.20e-01	2.48e-07	1.44e-07
 5.86869e+22	8.26e-01	1.73e-01	2.38e-04	3.26e-06	0.00e+00	0.00e+00	0.00e+00	0.00e+00	0.00e+00	8.26e-01	2.49e-07	1.44e-07
 5.88391e+22	8.33e-01	1.67e-01	2.20e-04	3.04e-06	0.00e+00	0.00e+00	0.00e+00	0.00e+00	0.00e+00	8.33e-01	2.50e-07	1.45e-07
 5.89995e+22	8.39e-01	1.61e-01	2.04e-04	2.84e-06	0.00e+00	0.00e+00	0.00e+00	0.00e+00	0.00e+00	8.39e-01	2.52e-07	1.46e-07
 5.91676e+22	8.45e-01	1.55e-01	1.90e-04	2.65e-06	0.00e+00	0.00e+00	0.00e+00	0.00e+00	0.00e+00	8.45e-01	2.54e-07	1.47e-07
 5.93446e+22	8.50e-01	1.50e-01	1.77e-04	2.47e-06	0.00e+00	0.00e+00	0.00e+00	0.00e+00	0.00e+00	8.50e-01	2.57e-07	1.48e-07
 5.95280e+22	8.56e-01	1.44e-01	1.66e-04	2.31e-06	0.00e+00	0.00e+00	0.00e+00	0.00e+00	0.00e+00	8.56e-01	2.59e-07	1.49e-07
 5.97134e+22	8.60e-01	1.39e-01	1.56e-04	2.16e-06	0.00e+00	0.00e+00	0.00e+00	0.00e+00	0.00e+00	8.60e-01	2.62e-07	1.51e-07
 5.99001e+22	8.65e-01	1.34e-01	1.47e-04	2.02e-06	0.00e+00	0.00e+00	0.00e+00	0.00e+00	0.00e+00	8.65e-01	2.65e-07	1.52e-07
 6.00823e+22	8.70e-01	1.30e-01	1.39e-04	1.89e-06	0.00e+00	0.00e+00	0.00e+00	0.00e+00	0.00e+00	8.70e-01	2.67e-07	1.53e-07
 6.02602e+22	8.74e-01	1.26e-01	1.33e-04	1.78e-06	0.00e+00	0.00e+00	0.00e+00	0.00e+00	0.00e+00	8.74e-01	2.70e-07	1.55e-07
 6.04388e+22	8.78e-01	1.22e-01	1.27e-04	1.67e-06	0.00e+00	0.00e+00	0.00e+00	0.00e+00	0.00e+00	8.78e-01	2.73e-07	1.56e-07
 6.06149e+22	8.82e-01	1.18e-01	1.21e-04	1.58e-06	0.00e+00	0.00e+00	0.00e+00	0.00e+00	0.00e+00	8.82e-01	2.75e-07	1.57e-07
 6.07872e+22	8.85e-01	1.15e-01	1.16e-04	1.49e-06	0.00e+00	0.00e+00	0.00e+00	0.00e+00	0.00e+00	8.85e-01	2.77e-07	1.57e-07
 6.09592e+22	8.89e-01	1.11e-01	1.12e-04	1.40e-06	0.00e+00	0.00e+00	0.00e+00	0.00e+00	0.00e+00	8.89e-01	2.79e-07	1.57e-07
 6.11278e+22	8.92e-01	1.08e-01	1.08e-04	1.33e-06	0.00e+00	0.00e+00	0.00e+00	0.00e+00	0.00e+00	8.92e-01	2.81e-07	1.57e-07
 6.12890e+22	8.95e-01	1.05e-01	1.05e-04	1.26e-06	0.00e+00	0.00e+00	0.00e+00	0.00e+00	0.00e+00	8.95e-01	2.83e-07	1.57e-07
 6.14464e+22	8.98e-01	1.02e-01	1.02e-04	1.19e-06	0.00e+00	0.00e+00	0.00e+00	0.00e+00	0.00e+00	8.98e-01	2.85e-07	1.57e-07
 6.16010e+22	9.01e-01	9.87e-02	9.87e-05	1.13e-06	0.00e+00	0.00e+00	0.00e+00	0.00e+00	0.00e+00	9.01e-01	2.87e-07	1.57e-07
 6.17520e+22	9.04e-01	9.58e-02	9.61e-05	1.07e-06	0.00e+00	0.00e+00	0.00e+00	0.00e+00	0.00e+00	9.04e-01	2.88e-07	1.57e-07
 6.18985e+22	9.07e-01	9.31e-02	9.38e-05	1.02e-06	0.00e+00	0.00e+00	0.00e+00	0.00e+00	0.00e+00	9.07e-01	2.90e-07	1.57e-07
 6.20410e+22	9.09e-01	9.05e-02	9.17e-05	9.68e-07	0.00e+00	0.00e+00	0.00e+00	0.00e+00	0.00e+00	9.09e-01	2.92e-07	1.57e-07
 6.21820e+22	9.12e-01	8.80e-02	8.97e-05	9.21e-07	0.00e+00	0.00e+00	0.00e+00	0.00e+00	0.00e+00	9.12e-01	2.93e-07	1.56e-07
 6.23221e+22	9.14e-01	8.55e-02	8.79e-05	8.77e-07	0.00e+00	0.00e+00	0.00e+00	0.00e+00	0.00e+00	9.14e-01	2.95e-07	1.56e-07
 6.24600e+22	9.17e-01	8.30e-02	8.63e-05	8.34e-07	0.00e+00	0.00e+00	0.00e+00	0.00e+00	0.00e+00	9.17e-01	2.96e-07	1.56e-07
 6.25927e+22	9.19e-01	8.07e-02	8.48e-05	7.95e-07	0.00e+00	0.00e+00	0.00e+00	0.00e+00	0.00e+00	9.19e-01	2.98e-07	1.56e-07
 6.27207e+22	9.21e-01	7.85e-02	8.35e-05	7.60e-07	0.00e+00	0.00e+00	0.00e+00	0.00e+00	0.00e+00	9.21e-01	2.99e-07	1.56e-07
 6.28450e+22	9.24e-01	7.64e-02	8.23e-05	7.26e-07	0.00e+00	0.00e+00	0.00e+00	0.00e+00	0.00e+00	9.24e-01	3.01e-07	1.55e-07
 6.29631e+22	9.26e-01	7.44e-02	8.13e-05	6.96e-07	0.00e+00	0.00e+00	0.00e+00	0.00e+00	0.00e+00	9.26e-01	3.01e-07	1.55e-07
 6.30736e+22	9.27e-01	7.26e-02	8.04e-05	6.68e-07	0.00e+00	0.00e+00	0.00e+00	0.00e+00	0.00e+00	9.27e-01	3.02e-07	1.54e-07
 6.31782e+22	9.29e-01	7.08e-02	7.96e-05	6.42e-07	0.00e+00	0.00e+00	0.00e+00	0.00e+00	0.00e+00	9.29e-01	3.03e-07	1.54e-07
 6.32756e+22	9.31e-01	6.92e-02	7.90e-05	6.20e-07	0.00e+00	0.00e+00	0.00e+00	0.00e+00	0.00e+00	9.31e-01	3.04e-07	1.54e-07
 6.33495e+22	9.32e-01	6.81e-02	7.87e-05	6.05e-07	0.00e+00	0.00e+00	0.00e+00	0.00e+00	0.00e+00	9.32e-01	3.04e-07	1.53e-07
 6.33939e+22	9.32e-01	6.78e-02	7.85e-05	6.00e-07	0.00e+00	0.00e+00	0.00e+00	0.00e+00	0.00e+00	9.32e-01	3.04e-07	1.53e-07
 6.34263e+22	9.32e-01	6.75e-02	7.83e-05	5.95e-07	0.00e+00	0.00e+00	0.00e+00	0.00e+00	0.00e+00	9.32e-01	3.05e-07	1.53e-07
 6.34602e+22	9.33e-01	6.71e-02	7.82e-05	5.89e-07	0.00e+00	0.00e+00	0.00e+00	0.00e+00	0.00e+00	9.33e-01	3.05e-07	1.53e-07
 6.34972e+22	9.33e-01	6.64e-02	7.79e-05	5.80e-07	0.00e+00	0.00e+00	0.00e+00	0.00e+00	0.00e+00	9.33e-01	3.06e-07	1.53e-07
 6.35344e+22	9.34e-01	6.57e-02	7.77e-05	5.70e-07	0.00e+00	0.00e+00	0.00e+00	0.00e+00	0.00e+00	9.34e-01	3.06e-07	1.53e-07
 6.35690e+22	9.35e-01	6.52e-02	7.75e-05	5.64e-07	0.00e+00	0.00e+00	0.00e+00	0.00e+00	0.00e+00	9.35e-01	3.06e-07	1.53e-07
 6.36027e+22	9.35e-01	6.47e-02	7.73e-05	5.56e-07	0.00e+00	0.00e+00	0.00e+00	0.00e+00	0.00e+00	9.35e-01	3.06e-07	1.53e-07
 6.36383e+22	9.36e-01	6.41e-02	7.71e-05	5.48e-07	0.00e+00	0.00e+00	0.00e+00	0.00e+00	0.00e+00	9.36e-01	3.07e-07	1.52e-07
 6.36743e+22	9.36e-01	6.34e-02	7.69e-05	5.40e-07	0.00e+00	0.00e+00	0.00e+00	0.00e+00	0.00e+00	9.36e-01	3.07e-07	1.52e-07
 6.37096e+22	9.37e-01	6.28e-02	7.67e-05	5.33e-07	0.00e+00	0.00e+00	0.00e+00	0.00e+00	0.00e+00	9.37e-01	3.07e-07	1.52e-07
 6.37442e+22	9.38e-01	6.23e-02	7.65e-05	5.26e-07	0.00e+00	0.00e+00	0.00e+00	0.00e+00	0.00e+00	9.38e-01	3.07e-07	1.52e-07
 6.37804e+22	9.38e-01	6.17e-02	7.63e-05	5.18e-07	0.00e+00	0.00e+00	0.00e+00	0.00e+00	0.00e+00	9.38e-01	3.08e-07	1.52e-07
 6.38192e+22	9.39e-01	6.09e-02	7.61e-05	5.09e-07	0.00e+00	0.00e+00	0.00e+00	0.00e+00	0.00e+00	9.39e-01	3.08e-07	1.52e-07
 6.38581e+22	9.40e-01	6.03e-02	7.58e-05	5.01e-07	0.00e+00	0.00e+00	0.00e+00	0.00e+00	0.00e+00	9.40e-01	3.08e-07	1.52e-07
 6.38964e+22	9.40e-01	5.97e-02	7.56e-05	4.93e-07	0.00e+00	0.00e+00	0.00e+00	0.00e+00	0.00e+00	9.40e-01	3.09e-07	1.52e-07
 6.39354e+22	9.41e-01	5.89e-02	7.55e-05	4.85e-07	0.00e+00	0.00e+00	0.00e+00	0.00e+00	0.00e+00	9.41e-01	3.09e-07	1.51e-07
 6.39738e+22	9.42e-01	5.84e-02	7.52e-05	4.78e-07	0.00e+00	0.00e+00	0.00e+00	0.00e+00	0.00e+00	9.42e-01	3.09e-07	1.51e-07
 6.40125e+22	9.42e-01	5.78e-02	7.50e-05	4.70e-07	0.00e+00	0.00e+00	0.00e+00	0.00e+00	0.00e+00	9.42e-01	3.10e-07	1.51e-07
 6.40529e+22	9.43e-01	5.70e-02	7.48e-05	4.62e-07	0.00e+00	0.00e+00	0.00e+00	0.00e+00	0.00e+00	9.43e-01	3.10e-07	1.51e-07
 6.40928e+22	9.43e-01	5.64e-02	7.46e-05	4.55e-07	0.00e+00	0.00e+00	0.00e+00	0.00e+00	0.00e+00	9.43e-01	3.10e-07	1.51e-07
 6.41327e+22	9.44e-01	5.57e-02	7.44e-05	4.47e-07	0.00e+00	0.00e+00	0.00e+00	0.00e+00	0.00e+00	9.44e-01	3.10e-07	1.51e-07
 6.41733e+22	9.45e-01	5.51e-02	7.42e-05	4.40e-07	0.00e+00	0.00e+00	0.00e+00	0.00e+00	0.00e+00	9.45e-01	3.11e-07	1.51e-07
 6.42152e+22	9.46e-01	5.43e-02	7.40e-05	4.31e-07	0.00e+00	0.00e+00	0.00e+00	0.00e+00	0.00e+00	9.46e-01	3.11e-07	1.50e-07
 6.42583e+22	9.46e-01	5.36e-02	7.38e-05	4.23e-07	0.00e+00	0.00e+00	0.00e+00	0.00e+00	0.00e+00	9.46e-01	3.11e-07	1.50e-07
 6.42985e+22	9.47e-01	5.29e-02	7.37e-05	4.16e-07	0.00e+00	0.00e+00	0.00e+00	0.00e+00	0.00e+00	9.47e-01	3.11e-07	1.50e-07
 6.43344e+22	9.47e-01	5.26e-02	7.35e-05	4.11e-07	0.00e+00	0.00e+00	0.00e+00	0.00e+00	0.00e+00	9.47e-01	3.12e-07	1.50e-07
 6.43737e+22	9.48e-01	5.19e-02	7.32e-05	4.04e-07	0.00e+00	0.00e+00	0.00e+00	0.00e+00	0.00e+00	9.48e-01	3.13e-07	1.50e-07
 6.44161e+22	9.49e-01	5.11e-02	7.30e-05	3.96e-07	0.00e+00	0.00e+00	0.00e+00	0.00e+00	0.00e+00	9.49e-01	3.13e-07	1.50e-07
 6.44548e+22	9.49e-01	5.06e-02	7.28e-05	3.90e-07	0.00e+00	0.00e+00	0.00e+00	0.00e+00	0.00e+00	9.49e-01	3.13e-07	1.50e-07
 6.44962e+22	9.50e-01	4.99e-02	7.26e-05	3.83e-07	0.00e+00	0.00e+00	0.00e+00	0.00e+00	0.00e+00	9.50e-01	3.13e-07	1.50e-07
 6.45402e+22	9.51e-01	4.91e-02	7.23e-05	3.75e-07	0.00e+00	0.00e+00	0.00e+00	0.00e+00	0.00e+00	9.51e-01	3.14e-07	1.49e-07
 6.45803e+22	9.51e-01	4.85e-02	7.22e-05	3.69e-07	0.00e+00	0.00e+00	0.00e+00	0.00e+00	0.00e+00	9.51e-01	3.14e-07	1.49e-07
 6.46167e+22	9.52e-01	4.81e-02	7.19e-05	3.64e-07	0.00e+00	0.00e+00	0.00e+00	0.00e+00	0.00e+00	9.52e-01	3.15e-07	1.49e-07
 6.46567e+22	9.52e-01	4.75e-02	7.17e-05	3.57e-07	0.00e+00	0.00e+00	0.00e+00	0.00e+00	0.00e+00	9.52e-01	3.15e-07	1.49e-07
 6.46998e+22	9.53e-01	4.67e-02	7.14e-05	3.50e-07	0.00e+00	0.00e+00	0.00e+00	0.00e+00	0.00e+00	9.53e-01	3.15e-07	1.49e-07
 6.47390e+22	9.54e-01	4.61e-02	7.12e-05	3.44e-07	0.00e+00	0.00e+00	0.00e+00	0.00e+00	0.00e+00	9.54e-01	3.14e-07	1.49e-07
 6.47748e+22	9.54e-01	4.58e-02	7.09e-05	3.40e-07	0.00e+00	0.00e+00	0.00e+00	0.00e+00	0.00e+00	9.54e-01	3.14e-07	1.49e-07
 6.48139e+22	9.55e-01	4.51e-02	7.07e-05	3.34e-07	0.00e+00	0.00e+00	0.00e+00	0.00e+00	0.00e+00	9.55e-01	3.13e-07	1.48e-07
 6.48561e+22	9.55e-01	4.44e-02	7.04e-05	3.28e-07	0.00e+00	0.00e+00	0.00e+00	0.00e+00	0.00e+00	9.55e-01	3.13e-07	1.48e-07
 6.48946e+22	9.56e-01	4.38e-02	7.01e-05	3.22e-07	0.00e+00	0.00e+00	0.00e+00	0.00e+00	0.00e+00	9.56e-01	3.12e-07	1.48e-07
 6.49296e+22	9.56e-01	4.35e-02	6.99e-05	3.18e-07	0.00e+00	0.00e+00	0.00e+00	0.00e+00	0.00e+00	9.56e-01	3.13e-07	1.48e-07
 6.49679e+22	9.57e-01	4.29e-02	6.95e-05	3.13e-07	0.00e+00	0.00e+00	0.00e+00	0.00e+00	0.00e+00	9.57e-01	3.12e-07	1.48e-07
 6.50093e+22	9.58e-01	4.23e-02	6.92e-05	3.07e-07	0.00e+00	0.00e+00	0.00e+00	0.00e+00	0.00e+00	9.58e-01	3.12e-07	1.48e-07
 6.50469e+22	9.58e-01	4.17e-02	6.90e-05	3.02e-07	0.00e+00	0.00e+00	0.00e+00	0.00e+00	0.00e+00	9.58e-01	3.11e-07	1.48e-07
 6.50812e+22	9.59e-01	4.14e-02	6.87e-05	2.98e-07	0.00e+00	0.00e+00	0.00e+00	0.00e+00	0.00e+00	9.59e-01	3.12e-07	1.48e-07
 6.51188e+22	9.59e-01	4.08e-02	6.83e-05	2.93e-07	0.00e+00	0.00e+00	0.00e+00	0.00e+00	0.00e+00	9.59e-01	3.12e-07	1.48e-07
 6.51593e+22	9.60e-01	4.03e-02	6.79e-05	2.88e-07	0.00e+00	0.00e+00	0.00e+00	0.00e+00	0.00e+00	9.60e-01	3.12e-07	1.48e-07
 6.52037e+22	9.60e-01	3.97e-02	6.75e-05	2.82e-07	0.00e+00	0.00e+00	0.00e+00	0.00e+00	0.00e+00	9.60e-01	3.12e-07	1.48e-07
 6.52517e+22	9.61e-01	3.91e-02	6.70e-05	2.76e-07	0.00e+00	0.00e+00	0.00e+00	0.00e+00	0.00e+00	9.61e-01	3.12e-07	1.48e-07
 6.52954e+22	9.61e-01	3.87e-02	6.67e-05	2.73e-07	0.00e+00	0.00e+00	0.00e+00	0.00e+00	0.00e+00	9.61e-01	3.12e-07	1.48e-07
 6.53351e+22	9.62e-01	3.82e-02	6.62e-05	2.68e-07	0.00e+00	0.00e+00	0.00e+00	0.00e+00	0.00e+00	9.62e-01	3.13e-07	1.48e-07
 6.53786e+22	9.62e-01	3.77e-02	6.57e-05	2.63e-07	0.00e+00	0.00e+00	0.00e+00	0.00e+00	0.00e+00	9.62e-01	3.13e-07	1.48e-07
 6.54256e+22	9.63e-01	3.70e-02	6.53e-05	2.58e-07	0.00e+00	0.00e+00	0.00e+00	0.00e+00	0.00e+00	9.63e-01	3.13e-07	1.48e-07
 6.54683e+22	9.63e-01	3.67e-02	6.49e-05	2.54e-07	0.00e+00	0.00e+00	0.00e+00	0.00e+00	0.00e+00	9.63e-01	3.14e-07	1.48e-07
 6.55152e+22	9.64e-01	3.60e-02	6.43e-05	2.48e-07	0.00e+00	0.00e+00	0.00e+00	0.00e+00	0.00e+00	9.64e-01	3.14e-07	1.48e-07
 6.55658e+22	9.64e-01	3.55e-02	6.38e-05	2.43e-07	0.00e+00	0.00e+00	0.00e+00	0.00e+00	0.00e+00	9.64e-01	3.15e-07	1.48e-07
 6.56118e+22	9.65e-01	3.50e-02	6.33e-05	2.39e-07	0.00e+00	0.00e+00	0.00e+00	0.00e+00	0.00e+00	9.65e-01	3.16e-07	1.48e-07
