#depth	Cl	Cl+	Cl+2	Cl+3	Cl+4	Cl+5	Cl+6	Cl+7	Cl+8	Cl+9	Cl+10	Cl+11	Cl+12	Cl+13	Cl+14	Cl+15	Cl+16	Cl+17
 1.54284e+22	2.65e-26	9.92e-15	4.60e-12	4.40e-10	9.39e-09	1.06e-07	1.24e-06	4.54e-04	1.47e-02	1.37e-01	3.12e-01	3.08e-01	1.63e-01	4.14e-02	1.30e-02	9.66e-03	6.29e-04	1.38e-05
 3.46106e+22	1.08e-26	1.02e-13	3.85e-11	2.86e-09	4.76e-08	4.13e-07	3.72e-06	1.01e-03	2.62e-02	1.98e-01	3.60e-01	2.69e-01	1.12e-01	2.26e-02	5.99e-03	3.59e-03	1.75e-04	2.87e-06
 4.02414e+22	3.88e-26	3.05e-13	1.04e-10	6.84e-09	1.01e-07	7.77e-07	6.21e-06	1.46e-03	3.39e-02	2.31e-01	3.76e-01	2.44e-01	9.08e-02	1.63e-02	4.00e-03	2.15e-03	9.07e-05	1.29e-06
 4.30568e+22	7.37e-26	5.27e-13	1.71e-10	1.06e-08	1.48e-07	1.07e-06	8.04e-06	1.76e-03	3.85e-02	2.49e-01	3.81e-01	2.30e-01	8.09e-02	1.37e-02	3.23e-03	1.65e-03	6.45e-05	8.54e-07
 4.44079e+22	9.77e-26	6.70e-13	2.13e-10	1.28e-08	1.75e-07	1.23e-06	9.01e-06	1.90e-03	4.06e-02	2.57e-01	3.83e-01	2.24e-01	7.67e-02	1.27e-02	2.94e-03	1.46e-03	5.53e-05	7.09e-07
 4.53570e+22	1.39e-25	9.10e-13	2.80e-10	1.63e-08	2.16e-07	1.47e-06	1.04e-05	2.11e-03	4.35e-02	2.67e-01	3.85e-01	2.16e-01	7.15e-02	1.14e-02	2.60e-03	1.25e-03	4.54e-05	5.58e-07
 4.63664e+22	1.89e-25	1.19e-12	3.59e-10	2.02e-08	2.62e-07	1.72e-06	1.19e-05	2.31e-03	4.63e-02	2.76e-01	3.86e-01	2.09e-01	6.70e-02	1.04e-02	2.33e-03	1.09e-03	3.79e-05	4.49e-07
 4.74542e+22	2.82e-25	1.68e-12	4.90e-10	2.66e-08	3.33e-07	2.11e-06	1.40e-05	2.60e-03	5.00e-02	2.88e-01	3.87e-01	1.99e-01	6.16e-02	9.22e-03	2.01e-03	9.03e-04	3.01e-05	3.39e-07
 4.85574e+22	3.88e-25	2.22e-12	6.31e-10	3.33e-08	4.05e-07	2.49e-06	1.61e-05	2.86e-03	5.33e-02	2.97e-01	3.87e-01	1.91e-01	5.73e-02	8.32e-03	1.78e-03	7.76e-04	2.48e-05	2.68e-07
 4.96804e+22	5.79e-25	3.17e-12	8.70e-10	4.41e-08	5.20e-07	3.09e-06	1.92e-05	3.24e-03	5.77e-02	3.10e-01	3.86e-01	1.81e-01	5.22e-02	7.28e-03	1.52e-03	6.36e-04	1.93e-05	1.98e-07
 5.08207e+22	7.99e-25	4.19e-12	1.12e-09	5.53e-08	6.35e-07	3.66e-06	2.21e-05	3.57e-03	6.15e-02	3.20e-01	3.85e-01	1.73e-01	4.83e-02	6.52e-03	1.34e-03	5.42e-04	1.57e-05	1.55e-07
 5.19834e+22	1.19e-24	6.00e-12	1.55e-09	7.38e-08	8.23e-07	4.56e-06	2.66e-05	4.05e-03	6.68e-02	3.33e-01	3.83e-01	1.63e-01	4.34e-02	5.63e-03	1.13e-03	4.37e-04	1.20e-05	0.00e+00
 5.31588e+22	1.64e-24	7.92e-12	2.00e-09	9.25e-08	1.01e-06	5.43e-06	3.07e-05	4.49e-03	7.12e-02	3.43e-01	3.80e-01	1.54e-01	3.99e-02	5.00e-03	9.88e-04	3.68e-04	9.68e-06	0.00e+00
 5.41503e+22	2.18e-24	1.02e-11	2.52e-09	1.14e-07	1.21e-06	6.37e-06	3.51e-05	4.92e-03	7.55e-02	3.53e-01	3.77e-01	1.47e-01	3.68e-02	4.48e-03	8.71e-04	3.14e-04	7.92e-06	0.00e+00
 5.52306e+22	3.10e-24	1.39e-11	3.36e-09	1.47e-07	1.53e-06	7.81e-06	4.18e-05	5.54e-03	8.13e-02	3.65e-01	3.73e-01	1.37e-01	3.31e-02	3.87e-03	7.38e-04	2.55e-04	6.10e-06	0.00e+00
 5.63171e+22	4.11e-24	1.78e-11	4.20e-09	1.80e-07	1.85e-06	9.18e-06	4.79e-05	6.09e-03	8.62e-02	3.74e-01	3.69e-01	1.30e-01	3.03e-02	3.44e-03	6.46e-04	2.16e-04	4.95e-06	0.00e+00
 5.73772e+22	5.66e-24	2.37e-11	5.47e-09	2.29e-07	2.30e-06	1.11e-05	5.66e-05	6.82e-03	9.24e-02	3.86e-01	3.63e-01	1.21e-01	2.72e-02	2.98e-03	5.49e-04	1.76e-04	3.83e-06	0.00e+00
 5.84589e+22	7.50e-24	3.01e-11	6.85e-09	2.81e-07	2.79e-06	1.32e-05	6.53e-05	7.52e-03	9.81e-02	3.95e-01	3.57e-01	1.14e-01	2.48e-02	2.62e-03	4.76e-04	1.47e-04	3.06e-06	0.00e+00
 5.95204e+22	9.99e-24	3.91e-11	8.74e-09	3.53e-07	3.44e-06	1.59e-05	7.68e-05	8.40e-03	1.05e-01	4.05e-01	3.50e-01	1.06e-01	2.22e-02	2.26e-03	4.04e-04	1.20e-04	2.37e-06	0.00e+00
 6.06039e+22	1.30e-23	4.94e-11	1.09e-08	4.34e-07	4.18e-06	1.89e-05	8.93e-05	9.30e-03	1.12e-01	4.15e-01	3.43e-01	9.87e-02	2.00e-02	1.97e-03	3.47e-04	9.86e-05	1.86e-06	0.00e+00
 6.16718e+22	1.72e-23	6.26e-11	1.37e-08	5.36e-07	5.10e-06	2.25e-05	1.04e-04	1.03e-02	1.19e-01	4.24e-01	3.35e-01	9.15e-02	1.79e-02	1.70e-03	2.95e-04	8.05e-05	1.45e-06	0.00e+00
 6.27486e+22	2.24e-23	7.82e-11	1.69e-08	6.56e-07	6.18e-06	2.68e-05	1.22e-04	1.15e-02	1.26e-01	4.33e-01	3.27e-01	8.48e-02	1.60e-02	1.47e-03	2.51e-04	6.58e-05	1.13e-06	0.00e+00
 6.38126e+22	2.91e-23	9.67e-11	2.08e-08	7.99e-07	7.47e-06	3.17e-05	1.42e-04	1.27e-02	1.34e-01	4.41e-01	3.18e-01	7.84e-02	1.43e-02	1.27e-03	2.13e-04	5.38e-05	8.78e-07	0.00e+00
 6.48747e+22	3.77e-23	1.18e-10	2.54e-08	9.68e-07	9.00e-06	3.75e-05	1.65e-04	1.41e-02	1.42e-01	4.48e-01	3.09e-01	7.24e-02	1.27e-02	1.09e-03	1.81e-04	4.39e-05	6.83e-07	0.00e+00
 6.59382e+22	4.91e-23	1.44e-10	3.08e-08	1.17e-06	1.08e-05	4.44e-05	1.92e-04	1.56e-02	1.50e-01	4.55e-01	2.99e-01	6.66e-02	1.13e-02	9.41e-04	1.54e-04	3.57e-05	5.30e-07	0.00e+00
 6.70053e+22	6.42e-23	1.73e-10	3.72e-08	1.41e-06	1.29e-05	5.23e-05	2.23e-04	1.72e-02	1.59e-01	4.62e-01	2.90e-01	6.13e-02	1.01e-02	8.09e-04	1.30e-04	2.91e-05	4.11e-07	0.00e+00
 6.80773e+22	8.47e-23	2.08e-10	4.47e-08	1.69e-06	1.55e-05	6.16e-05	2.59e-04	1.90e-02	1.68e-01	4.67e-01	2.80e-01	5.62e-02	8.94e-03	6.94e-04	1.10e-04	2.36e-05	3.18e-07	0.00e+00
 6.91587e+22	1.13e-22	2.47e-10	5.35e-08	2.02e-06	1.85e-05	7.24e-05	3.00e-04	2.10e-02	1.77e-01	4.72e-01	2.69e-01	5.14e-02	7.92e-03	5.94e-04	9.29e-05	1.91e-05	2.46e-07	0.00e+00
 7.02514e+22	1.53e-22	2.92e-10	6.38e-08	2.41e-06	2.20e-05	8.51e-05	3.49e-04	2.32e-02	1.87e-01	4.76e-01	2.59e-01	4.70e-02	6.99e-03	5.07e-04	7.82e-05	1.55e-05	1.89e-07	0.00e+00
 7.13503e+22	2.11e-22	3.42e-10	7.57e-08	2.87e-06	2.62e-05	9.97e-05	4.04e-04	2.55e-02	1.97e-01	4.79e-01	2.48e-01	4.29e-02	6.18e-03	4.33e-04	6.58e-05	1.25e-05	1.46e-07	0.00e+00
 7.24668e+22	2.97e-22	4.01e-10	9.00e-08	3.41e-06	3.11e-05	1.17e-04	4.70e-04	2.82e-02	2.07e-01	4.82e-01	2.37e-01	3.89e-02	5.43e-03	3.68e-04	5.50e-05	1.00e-05	0.00e+00	0.00e+00
 7.35948e+22	4.24e-22	4.66e-10	1.06e-07	4.04e-06	3.68e-05	1.37e-04	5.44e-04	3.10e-02	2.18e-01	4.83e-01	2.27e-01	3.54e-02	4.78e-03	3.13e-04	4.62e-05	8.10e-06	0.00e+00	0.00e+00
 7.47457e+22	6.20e-22	5.42e-10	1.26e-07	4.81e-06	4.38e-05	1.61e-04	6.34e-04	3.42e-02	2.29e-01	4.84e-01	2.16e-01	3.19e-02	4.17e-03	2.65e-04	3.84e-05	6.46e-06	0.00e+00	0.00e+00
 7.59167e+22	9.11e-22	6.26e-10	1.49e-07	5.68e-06	5.19e-05	1.88e-04	7.34e-04	3.76e-02	2.40e-01	4.84e-01	2.05e-01	2.89e-02	3.66e-03	2.24e-04	3.20e-05	5.17e-06	0.00e+00	0.00e+00
 7.69894e+22	2.89e-21	7.06e-10	1.71e-07	6.54e-06	5.97e-05	2.13e-04	8.30e-04	4.07e-02	2.49e-01	4.83e-01	1.96e-01	2.65e-02	3.27e-03	1.95e-04	2.75e-05	4.29e-06	0.00e+00	0.00e+00
 7.81093e+22	4.53e-20	8.15e-10	2.03e-07	7.78e-06	7.10e-05	2.51e-04	9.69e-04	4.50e-02	2.61e-01	4.81e-01	1.85e-01	2.37e-02	2.83e-03	1.63e-04	2.26e-05	3.38e-06	0.00e+00	0.00e+00
 7.92484e+22	5.54e-20	9.19e-10	2.33e-07	8.96e-06	8.17e-05	2.85e-04	1.10e-03	4.87e-02	2.71e-01	4.78e-01	1.76e-01	2.16e-02	2.52e-03	1.41e-04	1.93e-05	2.79e-06	0.00e+00	0.00e+00
 8.04241e+22	7.11e-20	1.07e-09	2.78e-07	1.07e-05	9.77e-05	3.36e-04	1.28e-03	5.38e-02	2.84e-01	4.74e-01	1.65e-01	1.92e-02	2.17e-03	1.17e-04	1.57e-05	2.18e-06	0.00e+00	0.00e+00
 8.16029e+22	8.66e-20	1.20e-09	3.20e-07	1.23e-05	1.12e-04	3.81e-04	1.44e-03	5.80e-02	2.93e-01	4.70e-01	1.57e-01	1.75e-02	1.93e-03	1.01e-04	1.34e-05	1.79e-06	0.00e+00	0.00e+00
 8.27858e+22	1.11e-19	1.38e-09	3.80e-07	1.46e-05	1.33e-04	4.47e-04	1.68e-03	6.39e-02	3.06e-01	4.64e-01	1.47e-01	1.55e-02	1.66e-03	8.40e-05	1.09e-05	1.40e-06	0.00e+00	0.00e+00
 8.39733e+22	1.36e-19	1.55e-09	4.37e-07	1.68e-05	1.52e-04	5.04e-04	1.89e-03	6.86e-02	3.15e-01	4.59e-01	1.39e-01	1.41e-02	1.47e-03	7.27e-05	9.34e-06	1.16e-06	0.00e+00	0.00e+00
 8.51669e+22	1.74e-19	1.78e-09	5.21e-07	1.99e-05	1.80e-04	5.89e-04	2.19e-03	7.52e-02	3.28e-01	4.51e-01	1.29e-01	1.25e-02	1.26e-03	6.03e-05	7.60e-06	9.02e-07	0.00e+00	0.00e+00
 8.63733e+22	2.14e-19	2.01e-09	5.99e-07	2.29e-05	2.06e-04	6.64e-04	2.45e-03	8.07e-02	3.37e-01	4.45e-01	1.22e-01	1.13e-02	1.12e-03	5.21e-05	6.48e-06	7.43e-07	0.00e+00	0.00e+00
 8.75962e+22	2.78e-19	2.32e-09	7.17e-07	2.72e-05	2.44e-04	7.73e-04	2.84e-03	8.83e-02	3.48e-01	4.35e-01	1.13e-01	9.97e-03	9.59e-04	4.30e-05	5.25e-06	5.77e-07	0.00e+00	0.00e+00
 8.88355e+22	3.46e-19	2.62e-09	8.29e-07	3.13e-05	2.78e-04	8.70e-04	3.18e-03	9.45e-02	3.57e-01	4.28e-01	1.06e-01	9.02e-03	8.48e-04	3.70e-05	4.46e-06	4.74e-07	0.00e+00	0.00e+00
 9.00961e+22	4.56e-19	3.05e-09	9.97e-07	3.73e-05	3.29e-04	1.01e-03	3.67e-03	1.03e-01	3.69e-01	4.17e-01	9.79e-02	7.90e-03	7.22e-04	3.04e-05	3.59e-06	3.66e-07	0.00e+00	0.00e+00
 9.13802e+22	5.78e-19	3.48e-09	1.16e-06	4.31e-05	3.77e-04	1.14e-03	4.11e-03	1.10e-01	3.77e-01	4.08e-01	9.16e-02	7.10e-03	6.35e-04	2.60e-05	3.03e-06	2.98e-07	0.00e+00	0.00e+00
 9.26948e+22	7.77e-19	4.09e-09	1.41e-06	5.17e-05	4.47e-04	1.33e-03	4.75e-03	1.20e-01	3.87e-01	3.95e-01	8.38e-02	6.17e-03	5.37e-04	2.12e-05	2.43e-06	2.28e-07	0.00e+00	0.00e+00
 9.40396e+22	1.01e-18	4.71e-09	1.65e-06	6.01e-05	5.14e-04	1.50e-03	5.31e-03	1.28e-01	3.95e-01	3.85e-01	7.79e-02	5.52e-03	4.69e-04	1.80e-05	2.03e-06	1.84e-07	0.00e+00	0.00e+00
 9.54238e+22	1.40e-18	5.61e-09	2.03e-06	7.27e-05	6.13e-04	1.75e-03	6.14e-03	1.40e-01	4.05e-01	3.71e-01	7.07e-02	4.76e-03	3.93e-04	1.45e-05	1.61e-06	1.39e-07	0.00e+00	0.00e+00
 9.68353e+22	1.87e-18	6.55e-09	2.41e-06	8.50e-05	7.05e-04	1.98e-03	6.86e-03	1.49e-01	4.11e-01	3.60e-01	6.54e-02	4.23e-03	3.42e-04	1.23e-05	1.34e-06	0.00e+00	0.00e+00	0.00e+00
 9.80253e+22	2.40e-18	7.47e-09	2.80e-06	9.75e-05	7.99e-04	2.20e-03	7.58e-03	1.57e-01	4.17e-01	3.50e-01	6.08e-02	3.80e-03	3.01e-04	1.05e-05	1.13e-06	0.00e+00	0.00e+00	0.00e+00
 9.93153e+22	3.34e-18	8.88e-09	3.40e-06	1.16e-04	9.36e-04	2.52e-03	8.60e-03	1.69e-01	4.24e-01	3.36e-01	5.53e-02	3.31e-03	2.55e-04	8.63e-06	9.11e-07	0.00e+00	0.00e+00	0.00e+00
 1.00569e+23	4.33e-18	1.01e-08	3.92e-06	1.32e-04	1.05e-03	2.78e-03	9.39e-03	1.77e-01	4.28e-01	3.27e-01	5.17e-02	2.99e-03	2.27e-04	7.49e-06	7.81e-07	0.00e+00	0.00e+00	0.00e+00
 1.01776e+23	5.98e-18	1.19e-08	4.69e-06	1.56e-04	1.21e-03	3.15e-03	1.05e-02	1.89e-01	4.32e-01	3.14e-01	4.71e-02	2.62e-03	1.94e-04	6.20e-06	6.37e-07	0.00e+00	0.00e+00	0.00e+00
 1.02995e+23	8.00e-18	1.38e-08	5.45e-06	1.78e-04	1.36e-03	3.47e-03	1.15e-02	1.98e-01	4.35e-01	3.04e-01	4.39e-02	2.36e-03	1.72e-04	5.38e-06	5.45e-07	0.00e+00	0.00e+00	0.00e+00
 1.04230e+23	1.15e-17	1.64e-08	6.57e-06	2.11e-04	1.58e-03	3.92e-03	1.28e-02	2.10e-01	4.39e-01	2.91e-01	3.99e-02	2.06e-03	1.47e-04	4.44e-06	4.43e-07	0.00e+00	0.00e+00	0.00e+00
 1.05484e+23	1.59e-17	1.91e-08	7.67e-06	2.41e-04	1.77e-03	4.32e-03	1.39e-02	2.19e-01	4.41e-01	2.81e-01	3.70e-02	1.86e-03	1.30e-04	3.83e-06	3.77e-07	0.00e+00	0.00e+00	0.00e+00
 1.06761e+23	2.43e-17	2.30e-08	9.31e-06	2.87e-04	2.05e-03	4.89e-03	1.55e-02	2.32e-01	4.42e-01	2.67e-01	3.34e-02	1.61e-03	1.10e-04	3.14e-06	3.04e-07	0.00e+00	0.00e+00	0.00e+00
 1.08057e+23	3.60e-17	2.70e-08	1.09e-05	3.30e-04	2.31e-03	5.38e-03	1.69e-02	2.42e-01	4.43e-01	2.57e-01	3.08e-02	1.44e-03	9.67e-05	2.70e-06	2.58e-07	0.00e+00	0.00e+00	0.00e+00
 1.09376e+23	5.97e-17	3.29e-08	1.34e-05	3.94e-04	2.69e-03	6.09e-03	1.88e-02	2.56e-01	4.43e-01	2.44e-01	2.77e-02	1.24e-03	8.14e-05	2.20e-06	2.06e-07	0.00e+00	0.00e+00	0.00e+00
 1.10720e+23	9.99e-17	3.91e-08	1.58e-05	4.56e-04	3.03e-03	6.71e-03	2.04e-02	2.67e-01	4.42e-01	2.34e-01	2.54e-02	1.11e-03	7.13e-05	1.87e-06	1.74e-07	0.00e+00	0.00e+00	0.00e+00
 1.12095e+23	1.96e-16	4.83e-08	1.95e-05	5.48e-04	3.53e-03	7.61e-03	2.27e-02	2.81e-01	4.41e-01	2.20e-01	2.27e-02	9.49e-04	5.95e-05	1.51e-06	1.38e-07	0.00e+00	0.00e+00	0.00e+00
 1.13499e+23	4.31e-16	5.81e-08	2.32e-05	6.38e-04	4.00e-03	8.40e-03	2.46e-02	2.92e-01	4.39e-01	2.10e-01	2.07e-02	8.41e-04	5.17e-05	1.28e-06	0.00e+00	0.00e+00	0.00e+00	0.00e+00
 1.14942e+23	1.20e-15	7.29e-08	2.89e-05	7.73e-04	4.68e-03	9.54e-03	2.74e-02	3.07e-01	4.35e-01	1.96e-01	1.83e-02	7.13e-04	4.27e-05	1.02e-06	0.00e+00	0.00e+00	0.00e+00	0.00e+00
 1.16423e+23	3.82e-15	8.88e-08	3.48e-05	9.05e-04	5.32e-03	1.06e-02	2.98e-02	3.19e-01	4.31e-01	1.86e-01	1.65e-02	6.25e-04	3.67e-05	8.54e-07	0.00e+00	0.00e+00	0.00e+00	0.00e+00
 1.17955e+23	1.53e-14	1.14e-07	4.40e-05	1.11e-03	6.26e-03	1.20e-02	3.31e-02	3.34e-01	4.25e-01	1.73e-01	1.45e-02	5.26e-04	3.00e-05	6.74e-07	0.00e+00	0.00e+00	0.00e+00	0.00e+00
 1.19503e+23	3.86e-14	1.40e-07	5.32e-05	1.30e-03	7.12e-03	1.33e-02	3.58e-02	3.46e-01	4.20e-01	1.63e-01	1.30e-02	4.59e-04	2.57e-05	5.60e-07	0.00e+00	0.00e+00	0.00e+00	0.00e+00
 1.21074e+23	7.80e-14	1.82e-07	6.75e-05	1.60e-03	8.38e-03	1.51e-02	3.96e-02	3.61e-01	4.12e-01	1.50e-01	1.13e-02	3.83e-04	2.08e-05	4.39e-07	0.00e+00	0.00e+00	0.00e+00	0.00e+00
 1.22664e+23	1.26e-13	2.25e-07	8.18e-05	1.88e-03	9.53e-03	1.66e-02	4.27e-02	3.72e-01	4.05e-01	1.41e-01	1.02e-02	3.34e-04	1.77e-05	3.63e-07	0.00e+00	0.00e+00	0.00e+00	0.00e+00
 1.24279e+23	2.13e-13	2.95e-07	1.04e-04	2.31e-03	1.12e-02	1.89e-02	4.72e-02	3.87e-01	3.95e-01	1.30e-01	8.75e-03	2.76e-04	1.43e-05	2.82e-07	0.00e+00	0.00e+00	0.00e+00	0.00e+00
 1.25920e+23	3.25e-13	3.69e-07	1.27e-04	2.73e-03	1.28e-02	2.08e-02	5.08e-02	3.98e-01	3.86e-01	1.21e-01	7.79e-03	2.39e-04	1.21e-05	2.32e-07	0.00e+00	0.00e+00	0.00e+00	0.00e+00
 1.27366e+23	4.77e-13	4.58e-07	1.54e-04	3.21e-03	1.45e-02	2.29e-02	5.46e-02	4.08e-01	3.77e-01	1.13e-01	6.91e-03	2.06e-04	1.02e-05	1.90e-07	0.00e+00	0.00e+00	0.00e+00	0.00e+00
 1.29018e+23	7.74e-13	6.06e-07	1.97e-04	3.94e-03	1.69e-02	2.58e-02	5.96e-02	4.20e-01	3.65e-01	1.02e-01	5.93e-03	1.70e-04	8.15e-06	1.47e-07	0.00e+00	0.00e+00	0.00e+00	0.00e+00
 1.30705e+23	1.14e-12	7.61e-07	2.40e-04	4.66e-03	1.92e-02	2.84e-02	6.40e-02	4.30e-01	3.54e-01	9.45e-02	5.20e-03	1.45e-04	6.77e-06	1.18e-07	0.00e+00	0.00e+00	0.00e+00	0.00e+00
 1.32072e+23	1.57e-12	9.26e-07	2.84e-04	5.37e-03	2.14e-02	3.07e-02	6.78e-02	4.37e-01	3.45e-01	8.83e-02	4.66e-03	1.27e-04	5.81e-06	0.00e+00	0.00e+00	0.00e+00	0.00e+00	0.00e+00
 1.33485e+23	2.28e-12	1.17e-06	3.46e-04	6.32e-03	2.42e-02	3.36e-02	7.22e-02	4.44e-01	3.33e-01	8.13e-02	4.09e-03	1.08e-04	4.84e-06	0.00e+00	0.00e+00	0.00e+00	0.00e+00	0.00e+00
 1.34975e+23	3.19e-12	1.44e-06	4.13e-04	7.33e-03	2.71e-02	3.65e-02	7.65e-02	4.50e-01	3.23e-01	7.53e-02	3.63e-03	9.38e-05	4.09e-06	0.00e+00	0.00e+00	0.00e+00	0.00e+00	0.00e+00
 1.36345e+23	4.40e-12	1.76e-06	4.91e-04	8.45e-03	3.01e-02	3.94e-02	8.07e-02	4.56e-01	3.12e-01	6.97e-02	3.22e-03	8.12e-05	3.46e-06	0.00e+00	0.00e+00	0.00e+00	0.00e+00	0.00e+00
 1.37905e+23	6.52e-12	2.27e-06	6.09e-04	1.01e-02	3.43e-02	4.33e-02	8.60e-02	4.61e-01	2.99e-01	6.32e-02	2.77e-03	6.78e-05	2.81e-06	0.00e+00	0.00e+00	0.00e+00	0.00e+00	0.00e+00
 1.39509e+23	9.27e-12	2.84e-06	7.35e-04	1.18e-02	3.84e-02	4.70e-02	9.09e-02	4.65e-01	2.86e-01	5.76e-02	2.41e-03	5.75e-05	2.32e-06	0.00e+00	0.00e+00	0.00e+00	0.00e+00	0.00e+00
 1.40918e+23	1.27e-11	3.48e-06	8.71e-04	1.35e-02	4.26e-02	5.04e-02	9.53e-02	4.67e-01	2.75e-01	5.30e-02	2.13e-03	4.95e-05	1.96e-06	0.00e+00	0.00e+00	0.00e+00	0.00e+00	0.00e+00
 1.42500e+23	1.85e-11	4.49e-06	1.08e-03	1.60e-02	4.82e-02	5.50e-02	1.01e-01	4.69e-01	2.61e-01	4.76e-02	1.81e-03	4.11e-05	1.58e-06	0.00e+00	0.00e+00	0.00e+00	0.00e+00	0.00e+00
 1.44157e+23	2.62e-11	5.64e-06	1.30e-03	1.87e-02	5.38e-02	5.94e-02	1.06e-01	4.69e-01	2.47e-01	4.30e-02	1.56e-03	3.44e-05	1.29e-06	0.00e+00	0.00e+00	0.00e+00	0.00e+00	0.00e+00
 1.45654e+23	3.58e-11	6.96e-06	1.54e-03	2.15e-02	5.94e-02	6.35e-02	1.10e-01	4.68e-01	2.35e-01	3.91e-02	1.36e-03	2.93e-05	1.07e-06	0.00e+00	0.00e+00	0.00e+00	0.00e+00	0.00e+00
 1.47344e+23	5.27e-11	9.07e-06	1.92e-03	2.56e-02	6.71e-02	6.90e-02	1.16e-01	4.65e-01	2.20e-01	3.45e-02	1.14e-03	2.38e-05	8.40e-07	0.00e+00	0.00e+00	0.00e+00	0.00e+00	0.00e+00
 1.49090e+23	7.45e-11	1.14e-05	2.31e-03	2.97e-02	7.45e-02	7.39e-02	1.21e-01	4.61e-01	2.07e-01	3.08e-02	9.64e-04	1.97e-05	6.76e-07	0.00e+00	0.00e+00	0.00e+00	0.00e+00	0.00e+00
 1.50647e+23	1.01e-10	1.42e-05	2.75e-03	3.41e-02	8.19e-02	7.86e-02	1.25e-01	4.55e-01	1.94e-01	2.76e-02	8.27e-04	1.65e-05	5.52e-07	0.00e+00	0.00e+00	0.00e+00	0.00e+00	0.00e+00
 1.52409e+23	1.49e-10	1.85e-05	3.40e-03	4.03e-02	9.18e-02	8.45e-02	1.30e-01	4.47e-01	1.79e-01	2.39e-02	6.79e-04	1.32e-05	4.26e-07	0.00e+00	0.00e+00	0.00e+00	0.00e+00	0.00e+00
 1.54242e+23	2.11e-10	2.33e-05	4.10e-03	4.67e-02	1.01e-01	8.99e-02	1.34e-01	4.37e-01	1.65e-01	2.10e-02	5.67e-04	1.08e-05	3.36e-07	0.00e+00	0.00e+00	0.00e+00	0.00e+00	0.00e+00
 1.55893e+23	2.88e-10	2.90e-05	4.87e-03	5.33e-02	1.11e-01	9.48e-02	1.37e-01	4.27e-01	1.53e-01	1.85e-02	4.77e-04	8.85e-06	2.69e-07	0.00e+00	0.00e+00	0.00e+00	0.00e+00	0.00e+00
 1.57765e+23	4.29e-10	3.81e-05	6.04e-03	6.29e-02	1.23e-01	1.01e-01	1.40e-01	4.12e-01	1.38e-01	1.57e-02	3.81e-04	6.86e-06	2.01e-07	0.00e+00	0.00e+00	0.00e+00	0.00e+00	0.00e+00
 1.59689e+23	5.94e-10	4.78e-05	7.22e-03	7.20e-02	1.34e-01	1.06e-01	1.43e-01	3.98e-01	1.26e-01	1.35e-02	3.13e-04	5.51e-06	1.56e-07	0.00e+00	0.00e+00	0.00e+00	0.00e+00	0.00e+00
 1.61415e+23	8.08e-10	5.94e-05	8.54e-03	8.16e-02	1.45e-01	1.11e-01	1.45e-01	3.83e-01	1.15e-01	1.17e-02	2.58e-04	4.44e-06	0.00e+00	0.00e+00	0.00e+00	0.00e+00	0.00e+00	0.00e+00
 1.63395e+23	1.20e-09	7.82e-05	1.05e-02	9.55e-02	1.59e-01	1.16e-01	1.46e-01	3.62e-01	1.01e-01	9.60e-03	2.00e-04	3.33e-06	0.00e+00	0.00e+00	0.00e+00	0.00e+00	0.00e+00	0.00e+00
 1.65396e+23	1.64e-09	9.71e-05	1.24e-02	1.08e-01	1.71e-01	1.20e-01	1.46e-01	3.44e-01	9.02e-02	8.14e-03	1.61e-04	2.63e-06	0.00e+00	0.00e+00	0.00e+00	0.00e+00	0.00e+00	0.00e+00
 1.67425e+23	2.39e-09	1.26e-04	1.52e-02	1.24e-01	1.85e-01	1.24e-01	1.46e-01	3.21e-01	7.82e-02	6.60e-03	1.23e-04	1.95e-06	0.00e+00	0.00e+00	0.00e+00	0.00e+00	0.00e+00	0.00e+00
 1.69487e+23	3.26e-09	1.57e-04	1.78e-02	1.39e-01	1.96e-01	1.27e-01	1.44e-01	3.01e-01	6.89e-02	5.50e-03	9.79e-05	1.51e-06	0.00e+00	0.00e+00	0.00e+00	0.00e+00	0.00e+00	0.00e+00
 1.71316e+23	4.35e-09	1.92e-04	2.07e-02	1.55e-01	2.07e-01	1.29e-01	1.42e-01	2.81e-01	6.06e-02	4.59e-03	7.79e-05	1.17e-06	0.00e+00	0.00e+00	0.00e+00	0.00e+00	0.00e+00	0.00e+00
 1.73417e+23	6.28e-09	2.49e-04	2.49e-02	1.76e-01	2.20e-01	1.31e-01	1.38e-01	2.55e-01	5.10e-02	3.59e-03	5.75e-05	8.40e-07	0.00e+00	0.00e+00	0.00e+00	0.00e+00	0.00e+00	0.00e+00
 1.75547e+23	8.39e-09	3.04e-04	2.88e-02	1.93e-01	2.30e-01	1.31e-01	1.35e-01	2.35e-01	4.40e-02	2.93e-03	4.46e-05	6.37e-07	0.00e+00	0.00e+00	0.00e+00	0.00e+00	0.00e+00	0.00e+00
 1.77715e+23	1.19e-08	3.89e-04	3.43e-02	2.16e-01	2.40e-01	1.31e-01	1.29e-01	2.10e-01	3.64e-02	2.26e-03	3.25e-05	4.50e-07	0.00e+00	0.00e+00	0.00e+00	0.00e+00	0.00e+00	0.00e+00
 1.79927e+23	1.59e-08	4.76e-04	3.95e-02	2.36e-01	2.48e-01	1.30e-01	1.24e-01	1.90e-01	3.08e-02	1.81e-03	2.47e-05	3.33e-07	0.00e+00	0.00e+00	0.00e+00	0.00e+00	0.00e+00	0.00e+00
 1.81898e+23	2.09e-08	5.76e-04	4.50e-02	2.56e-01	2.54e-01	1.28e-01	1.18e-01	1.71e-01	2.60e-02	1.44e-03	1.88e-05	2.47e-07	0.00e+00	0.00e+00	0.00e+00	0.00e+00	0.00e+00	0.00e+00
 1.84161e+23	2.94e-08	7.30e-04	5.28e-02	2.81e-01	2.60e-01	1.25e-01	1.11e-01	1.49e-01	2.08e-02	1.07e-03	1.32e-05	1.68e-07	0.00e+00	0.00e+00	0.00e+00	0.00e+00	0.00e+00	0.00e+00
 1.86399e+23	2.18e-08	8.71e-04	5.94e-02	3.00e-01	2.63e-01	1.22e-01	1.04e-01	1.33e-01	1.74e-02	8.50e-04	9.99e-06	1.24e-07	0.00e+00	0.00e+00	0.00e+00	0.00e+00	0.00e+00	0.00e+00
 1.88264e+23	2.85e-08	1.02e-03	6.60e-02	3.17e-01	2.64e-01	1.19e-01	9.87e-02	1.19e-01	1.48e-02	6.84e-04	7.72e-06	0.00e+00	0.00e+00	0.00e+00	0.00e+00	0.00e+00	0.00e+00	0.00e+00
 1.90049e+23	3.68e-08	1.19e-03	7.28e-02	3.33e-01	2.65e-01	1.15e-01	9.31e-02	1.07e-01	1.25e-02	5.49e-04	5.95e-06	0.00e+00	0.00e+00	0.00e+00	0.00e+00	0.00e+00	0.00e+00	0.00e+00
 1.92070e+23	5.03e-08	1.44e-03	8.22e-02	3.54e-01	2.64e-01	1.10e-01	8.60e-02	9.22e-02	1.00e-02	4.15e-04	4.28e-06	0.00e+00	0.00e+00	0.00e+00	0.00e+00	0.00e+00	0.00e+00	0.00e+00
 1.94090e+23	6.42e-08	1.67e-03	9.01e-02	3.69e-01	2.62e-01	1.06e-01	8.04e-02	8.18e-02	8.37e-03	3.30e-04	3.27e-06	0.00e+00	0.00e+00	0.00e+00	0.00e+00	0.00e+00	0.00e+00	0.00e+00
 1.96107e+23	8.61e-08	1.99e-03	1.01e-01	3.87e-01	2.58e-01	1.01e-01	7.36e-02	7.02e-02	6.67e-03	2.47e-04	2.34e-06	0.00e+00	0.00e+00	0.00e+00	0.00e+00	0.00e+00	0.00e+00	0.00e+00
 1.98161e+23	1.09e-07	2.30e-03	1.10e-01	4.02e-01	2.55e-01	9.61e-02	6.82e-02	6.16e-02	5.51e-03	1.94e-04	1.76e-06	0.00e+00	0.00e+00	0.00e+00	0.00e+00	0.00e+00	0.00e+00	0.00e+00
 1.99990e+23	1.37e-07	2.65e-03	1.19e-01	4.15e-01	2.50e-01	9.15e-02	6.31e-02	5.40e-02	4.55e-03	1.53e-04	1.34e-06	0.00e+00	0.00e+00	0.00e+00	0.00e+00	0.00e+00	0.00e+00	0.00e+00
 2.02092e+23	1.82e-07	3.15e-03	1.32e-01	4.30e-01	2.43e-01	8.56e-02	5.69e-02	4.55e-02	3.55e-03	1.12e-04	9.35e-07	0.00e+00	0.00e+00	0.00e+00	0.00e+00	0.00e+00	0.00e+00	0.00e+00
 2.04222e+23	2.29e-07	3.63e-03	1.44e-01	4.41e-01	2.37e-01	8.08e-02	5.21e-02	3.94e-02	2.88e-03	8.65e-05	6.93e-07	0.00e+00	0.00e+00	0.00e+00	0.00e+00	0.00e+00	0.00e+00	0.00e+00
 2.06100e+23	2.83e-07	4.14e-03	1.55e-01	4.50e-01	2.30e-01	7.62e-02	4.78e-02	3.42e-02	2.36e-03	6.75e-05	5.21e-07	0.00e+00	0.00e+00	0.00e+00	0.00e+00	0.00e+00	0.00e+00	0.00e+00
 2.07918e+23	3.44e-07	4.67e-03	1.66e-01	4.59e-01	2.23e-01	7.20e-02	4.39e-02	2.99e-02	1.94e-03	5.32e-05	3.96e-07	0.00e+00	0.00e+00	0.00e+00	0.00e+00	0.00e+00	0.00e+00	0.00e+00
 2.09598e+23	4.12e-07	5.23e-03	1.76e-01	4.65e-01	2.17e-01	6.81e-02	4.05e-02	2.63e-02	1.62e-03	4.26e-05	3.07e-07	0.00e+00	0.00e+00	0.00e+00	0.00e+00	0.00e+00	0.00e+00	0.00e+00
 2.11196e+23	4.86e-07	5.80e-03	1.87e-01	4.70e-01	2.10e-01	6.45e-02	3.75e-02	2.33e-02	1.36e-03	3.44e-05	2.41e-07	0.00e+00	0.00e+00	0.00e+00	0.00e+00	0.00e+00	0.00e+00	0.00e+00
 2.13032e+23	5.98e-07	6.62e-03	2.00e-01	4.76e-01	2.02e-01	6.01e-02	3.38e-02	1.98e-02	1.09e-03	2.62e-05	1.76e-07	0.00e+00	0.00e+00	0.00e+00	0.00e+00	0.00e+00	0.00e+00	0.00e+00
 2.14897e+23	7.13e-07	7.39e-03	2.12e-01	4.80e-01	1.95e-01	5.64e-02	3.10e-02	1.73e-02	8.97e-04	2.07e-05	1.35e-07	0.00e+00	0.00e+00	0.00e+00	0.00e+00	0.00e+00	0.00e+00	0.00e+00
 2.16528e+23	8.39e-07	8.19e-03	2.24e-01	4.83e-01	1.88e-01	5.31e-02	2.84e-02	1.52e-02	7.45e-04	1.65e-05	0.00e+00	0.00e+00	0.00e+00	0.00e+00	0.00e+00	0.00e+00	0.00e+00	0.00e+00
 2.18375e+23	1.03e-06	9.32e-03	2.39e-01	4.85e-01	1.79e-01	4.91e-02	2.54e-02	1.28e-02	5.88e-04	1.24e-05	0.00e+00	0.00e+00	0.00e+00	0.00e+00	0.00e+00	0.00e+00	0.00e+00	0.00e+00
 2.20244e+23	1.20e-06	1.03e-02	2.52e-01	4.85e-01	1.71e-01	4.60e-02	2.32e-02	1.12e-02	4.86e-04	9.88e-06	0.00e+00	0.00e+00	0.00e+00	0.00e+00	0.00e+00	0.00e+00	0.00e+00	0.00e+00
 2.22144e+23	1.46e-06	1.17e-02	2.68e-01	4.85e-01	1.62e-01	4.23e-02	2.07e-02	9.37e-03	3.82e-04	7.39e-06	0.00e+00	0.00e+00	0.00e+00	0.00e+00	0.00e+00	0.00e+00	0.00e+00	0.00e+00
 2.24069e+23	1.72e-06	1.29e-02	2.82e-01	4.84e-01	1.55e-01	3.94e-02	1.88e-02	8.08e-03	3.11e-04	5.78e-06	0.00e+00	0.00e+00	0.00e+00	0.00e+00	0.00e+00	0.00e+00	0.00e+00	0.00e+00
 2.25753e+23	1.99e-06	1.42e-02	2.95e-01	4.82e-01	1.48e-01	3.67e-02	1.71e-02	7.02e-03	2.56e-04	4.59e-06	0.00e+00	0.00e+00	0.00e+00	0.00e+00	0.00e+00	0.00e+00	0.00e+00	0.00e+00
 2.27668e+23	2.39e-06	1.60e-02	3.12e-01	4.78e-01	1.39e-01	3.36e-02	1.51e-02	5.87e-03	2.00e-04	3.42e-06	0.00e+00	0.00e+00	0.00e+00	0.00e+00	0.00e+00	0.00e+00	0.00e+00	0.00e+00
 2.29631e+23	2.79e-06	1.77e-02	3.27e-01	4.74e-01	1.32e-01	3.11e-02	1.36e-02	5.03e-03	1.62e-04	2.66e-06	0.00e+00	0.00e+00	0.00e+00	0.00e+00	0.00e+00	0.00e+00	0.00e+00	0.00e+00
 2.31382e+23	3.23e-06	1.94e-02	3.41e-01	4.69e-01	1.25e-01	2.89e-02	1.23e-02	4.33e-03	1.32e-04	2.09e-06	0.00e+00	0.00e+00	0.00e+00	0.00e+00	0.00e+00	0.00e+00	0.00e+00	0.00e+00
 2.33384e+23	3.88e-06	2.19e-02	3.59e-01	4.62e-01	1.17e-01	2.62e-02	1.08e-02	3.58e-03	1.01e-04	1.54e-06	0.00e+00	0.00e+00	0.00e+00	0.00e+00	0.00e+00	0.00e+00	0.00e+00	0.00e+00
 2.35419e+23	4.50e-06	2.41e-02	3.75e-01	4.55e-01	1.10e-01	2.41e-02	9.67e-03	3.04e-03	8.13e-05	1.19e-06	0.00e+00	0.00e+00	0.00e+00	0.00e+00	0.00e+00	0.00e+00	0.00e+00	0.00e+00
 2.37226e+23	5.19e-06	2.64e-02	3.89e-01	4.47e-01	1.04e-01	2.22e-02	8.66e-03	2.60e-03	6.56e-05	9.22e-07	0.00e+00	0.00e+00	0.00e+00	0.00e+00	0.00e+00	0.00e+00	0.00e+00	0.00e+00
 2.39304e+23	6.19e-06	2.96e-02	4.08e-01	4.37e-01	9.58e-02	2.00e-02	7.52e-03	2.13e-03	4.99e-05	6.69e-07	0.00e+00	0.00e+00	0.00e+00	0.00e+00	0.00e+00	0.00e+00	0.00e+00	0.00e+00
 2.41426e+23	7.17e-06	3.25e-02	4.24e-01	4.27e-01	8.96e-02	1.82e-02	6.67e-03	1.79e-03	3.95e-05	5.11e-07	0.00e+00	0.00e+00	0.00e+00	0.00e+00	0.00e+00	0.00e+00	0.00e+00	0.00e+00
 2.43607e+23	8.55e-06	3.65e-02	4.43e-01	4.15e-01	8.23e-02	1.62e-02	5.73e-03	1.45e-03	2.96e-05	3.65e-07	0.00e+00	0.00e+00	0.00e+00	0.00e+00	0.00e+00	0.00e+00	0.00e+00	0.00e+00
 2.45824e+23	9.91e-06	4.01e-02	4.59e-01	4.03e-01	7.64e-02	1.47e-02	5.04e-03	1.21e-03	2.32e-05	2.75e-07	0.00e+00	0.00e+00	0.00e+00	0.00e+00	0.00e+00	0.00e+00	0.00e+00	0.00e+00
 2.47777e+23	1.14e-05	4.38e-02	4.74e-01	3.92e-01	7.11e-02	1.34e-02	4.45e-03	1.02e-03	1.84e-05	2.10e-07	0.00e+00	0.00e+00	0.00e+00	0.00e+00	0.00e+00	0.00e+00	0.00e+00	0.00e+00
 2.50006e+23	1.35e-05	4.88e-02	4.93e-01	3.77e-01	6.48e-02	1.19e-02	3.80e-03	8.17e-04	1.37e-05	1.50e-07	0.00e+00	0.00e+00	0.00e+00	0.00e+00	0.00e+00	0.00e+00	0.00e+00	0.00e+00
 2.52310e+23	1.55e-05	5.36e-02	5.08e-01	3.64e-01	5.98e-02	1.07e-02	3.30e-03	6.76e-04	1.06e-05	0.00e+00	0.00e+00	0.00e+00	0.00e+00	0.00e+00	0.00e+00	0.00e+00	0.00e+00	0.00e+00
 2.54074e+23	1.72e-05	5.71e-02	5.19e-01	3.54e-01	5.63e-02	9.86e-03	2.99e-03	5.91e-04	8.84e-06	0.00e+00	0.00e+00	0.00e+00	0.00e+00	0.00e+00	0.00e+00	0.00e+00	0.00e+00	0.00e+00
 2.55731e+23	1.93e-05	6.16e-02	5.31e-01	3.43e-01	5.24e-02	8.98e-03	2.65e-03	5.02e-04	7.10e-06	0.00e+00	0.00e+00	0.00e+00	0.00e+00	0.00e+00	0.00e+00	0.00e+00	0.00e+00	0.00e+00
 2.57439e+23	2.13e-05	6.57e-02	5.42e-01	3.32e-01	4.92e-02	8.29e-03	2.39e-03	4.37e-04	5.89e-06	0.00e+00	0.00e+00	0.00e+00	0.00e+00	0.00e+00	0.00e+00	0.00e+00	0.00e+00	0.00e+00
 2.59215e+23	2.41e-05	7.10e-02	5.54e-01	3.20e-01	4.55e-02	7.48e-03	2.09e-03	3.67e-04	4.66e-06	0.00e+00	0.00e+00	0.00e+00	0.00e+00	0.00e+00	0.00e+00	0.00e+00	0.00e+00	0.00e+00
 2.61006e+23	2.66e-05	7.56e-02	5.64e-01	3.09e-01	4.26e-02	6.87e-03	1.87e-03	3.18e-04	3.85e-06	0.00e+00	0.00e+00	0.00e+00	0.00e+00	0.00e+00	0.00e+00	0.00e+00	0.00e+00	0.00e+00
 2.62817e+23	3.00e-05	8.17e-02	5.75e-01	2.96e-01	3.92e-02	6.18e-03	1.63e-03	2.67e-04	3.03e-06	0.00e+00	0.00e+00	0.00e+00	0.00e+00	0.00e+00	0.00e+00	0.00e+00	0.00e+00	0.00e+00
 2.64646e+23	3.32e-05	8.69e-02	5.84e-01	2.85e-01	3.65e-02	5.65e-03	1.46e-03	2.30e-04	2.48e-06	0.00e+00	0.00e+00	0.00e+00	0.00e+00	0.00e+00	0.00e+00	0.00e+00	0.00e+00	0.00e+00
 2.66256e+23	3.64e-05	9.23e-02	5.92e-01	2.74e-01	3.41e-02	5.18e-03	1.30e-03	2.00e-04	2.05e-06	0.00e+00	0.00e+00	0.00e+00	0.00e+00	0.00e+00	0.00e+00	0.00e+00	0.00e+00	0.00e+00
 2.68108e+23	4.08e-05	9.92e-02	6.02e-01	2.61e-01	3.13e-02	4.64e-03	1.13e-03	1.67e-04	1.61e-06	0.00e+00	0.00e+00	0.00e+00	0.00e+00	0.00e+00	0.00e+00	0.00e+00	0.00e+00	0.00e+00
 2.70011e+23	4.51e-05	1.06e-01	6.10e-01	2.50e-01	2.90e-02	4.21e-03	9.99e-04	1.44e-04	1.31e-06	0.00e+00	0.00e+00	0.00e+00	0.00e+00	0.00e+00	0.00e+00	0.00e+00	0.00e+00	0.00e+00
 2.71714e+23	4.96e-05	1.12e-01	6.17e-01	2.39e-01	2.69e-02	3.83e-03	8.85e-04	1.24e-04	1.07e-06	0.00e+00	0.00e+00	0.00e+00	0.00e+00	0.00e+00	0.00e+00	0.00e+00	0.00e+00	0.00e+00
 2.73660e+23	5.57e-05	1.21e-01	6.25e-01	2.26e-01	2.44e-02	3.39e-03	7.58e-04	1.02e-04	8.28e-07	0.00e+00	0.00e+00	0.00e+00	0.00e+00	0.00e+00	0.00e+00	0.00e+00	0.00e+00	0.00e+00
 2.75650e+23	6.13e-05	1.28e-01	6.31e-01	2.15e-01	2.25e-02	3.06e-03	6.65e-04	8.77e-05	6.70e-07	0.00e+00	0.00e+00	0.00e+00	0.00e+00	0.00e+00	0.00e+00	0.00e+00	0.00e+00	0.00e+00
 2.77695e+23	6.89e-05	1.38e-01	6.37e-01	2.01e-01	2.03e-02	2.69e-03	5.64e-04	7.22e-05	5.13e-07	0.00e+00	0.00e+00	0.00e+00	0.00e+00	0.00e+00	0.00e+00	0.00e+00	0.00e+00	0.00e+00
 2.79783e+23	7.60e-05	1.47e-01	6.42e-01	1.90e-01	1.86e-02	2.41e-03	4.90e-04	6.14e-05	4.10e-07	0.00e+00	0.00e+00	0.00e+00	0.00e+00	0.00e+00	0.00e+00	0.00e+00	0.00e+00	0.00e+00
 2.81926e+23	8.51e-05	1.58e-01	6.46e-01	1.77e-01	1.67e-02	2.10e-03	4.12e-04	5.05e-05	3.12e-07	0.00e+00	0.00e+00	0.00e+00	0.00e+00	0.00e+00	0.00e+00	0.00e+00	0.00e+00	0.00e+00
 2.84121e+23	9.41e-05	1.68e-01	6.49e-01	1.66e-01	1.52e-02	1.86e-03	3.54e-04	4.26e-05	2.46e-07	0.00e+00	0.00e+00	0.00e+00	0.00e+00	0.00e+00	0.00e+00	0.00e+00	0.00e+00	0.00e+00
 2.86060e+23	1.03e-04	1.78e-01	6.51e-01	1.56e-01	1.39e-02	1.67e-03	3.07e-04	3.64e-05	1.97e-07	0.00e+00	0.00e+00	0.00e+00	0.00e+00	0.00e+00	0.00e+00	0.00e+00	0.00e+00	0.00e+00
 2.88257e+23	1.15e-04	1.90e-01	6.52e-01	1.44e-01	1.24e-02	1.44e-03	2.56e-04	2.99e-05	1.49e-07	0.00e+00	0.00e+00	0.00e+00	0.00e+00	0.00e+00	0.00e+00	0.00e+00	0.00e+00	0.00e+00
 2.90532e+23	1.26e-04	2.02e-01	6.52e-01	1.34e-01	1.12e-02	1.27e-03	2.19e-04	2.53e-05	0.00e+00	0.00e+00	0.00e+00	0.00e+00	0.00e+00	0.00e+00	0.00e+00	0.00e+00	0.00e+00	0.00e+00
 2.92587e+23	1.38e-04	2.13e-01	6.51e-01	1.25e-01	1.01e-02	1.12e-03	1.87e-04	2.14e-05	0.00e+00	0.00e+00	0.00e+00	0.00e+00	0.00e+00	0.00e+00	0.00e+00	0.00e+00	0.00e+00	0.00e+00
 2.94939e+23	1.55e-04	2.29e-01	6.48e-01	1.13e-01	8.90e-03	9.58e-04	1.53e-04	1.74e-05	0.00e+00	0.00e+00	0.00e+00	0.00e+00	0.00e+00	0.00e+00	0.00e+00	0.00e+00	0.00e+00	0.00e+00
 2.97329e+23	1.69e-04	2.42e-01	6.45e-01	1.05e-01	8.02e-03	8.42e-04	1.30e-04	1.48e-05	0.00e+00	0.00e+00	0.00e+00	0.00e+00	0.00e+00	0.00e+00	0.00e+00	0.00e+00	0.00e+00	0.00e+00
 2.99767e+23	1.89e-04	2.58e-01	6.39e-01	9.44e-02	7.01e-03	7.13e-04	1.05e-04	1.20e-05	0.00e+00	0.00e+00	0.00e+00	0.00e+00	0.00e+00	0.00e+00	0.00e+00	0.00e+00	0.00e+00	0.00e+00
 3.02271e+23	2.07e-04	2.73e-01	6.34e-01	8.62e-02	6.25e-03	6.19e-04	8.80e-05	1.01e-05	0.00e+00	0.00e+00	0.00e+00	0.00e+00	0.00e+00	0.00e+00	0.00e+00	0.00e+00	0.00e+00	0.00e+00
 3.04862e+23	2.31e-04	2.92e-01	6.25e-01	7.66e-02	5.39e-03	5.16e-04	7.01e-05	8.15e-06	0.00e+00	0.00e+00	0.00e+00	0.00e+00	0.00e+00	0.00e+00	0.00e+00	0.00e+00	0.00e+00	0.00e+00
 3.07447e+23	2.52e-04	3.08e-01	6.17e-01	6.95e-02	4.80e-03	4.47e-04	5.86e-05	6.89e-06	0.00e+00	0.00e+00	0.00e+00	0.00e+00	0.00e+00	0.00e+00	0.00e+00	0.00e+00	0.00e+00	0.00e+00
