#depth	H	H+	H2
 4.62852e+21	1.60e-06	1.00e+00	3.97e-30
 1.02809e+22	2.83e-06	1.00e+00	5.35e-30
 1.17764e+22	3.71e-06	1.00e+00	8.39e-30
 1.24839e+22	4.24e-06	1.00e+00	1.05e-29
 1.28112e+22	4.46e-06	1.00e+00	1.17e-29
 1.30096e+22	4.72e-06	1.00e+00	1.31e-29
 1.32225e+22	5.00e-06	1.00e+00	1.49e-29
 1.34417e+22	5.31e-06	1.00e+00	1.73e-29
 1.36624e+22	5.62e-06	1.00e+00	1.99e-29
 1.38628e+22	5.90e-06	1.00e+00	2.26e-29
 1.40736e+22	6.28e-06	1.00e+00	2.65e-29
 1.42870e+22	6.58e-06	1.00e+00	3.05e-29
 1.45068e+22	7.01e-06	1.00e+00	3.68e-29
 1.47282e+22	7.35e-06	1.00e+00	4.30e-29
 1.49515e+22	7.83e-06	1.00e+00	5.27e-29
 1.51753e+22	8.20e-06	1.00e+00	6.21e-29
 1.53996e+22	8.72e-06	1.00e+00	7.71e-29
 1.56260e+22	9.14e-06	1.00e+00	9.18e-29
 1.58554e+22	9.71e-06	1.00e+00	1.15e-28
 1.60876e+22	1.02e-05	1.00e+00	1.39e-28
 1.63235e+22	1.08e-05	1.00e+00	1.76e-28
 1.65633e+22	1.14e-05	1.00e+00	2.14e-28
 1.68083e+22	1.21e-05	1.00e+00	2.76e-28
 1.70585e+22	1.27e-05	1.00e+00	3.38e-28
 1.73156e+22	1.35e-05	1.00e+00	4.42e-28
 1.75787e+22	1.42e-05	1.00e+00	5.48e-28
 1.78005e+22	1.49e-05	1.00e+00	6.62e-28
 1.80398e+22	1.58e-05	1.00e+00	8.49e-28
 1.82825e+22	1.65e-05	1.00e+00	1.03e-27
 1.84930e+22	1.72e-05	1.00e+00	1.24e-27
 1.86990e+22	1.80e-05	1.00e+00	1.50e-27
 1.89355e+22	1.90e-05	1.00e+00	1.90e-27
 1.91735e+22	1.98e-05	1.00e+00	2.30e-27
 1.94133e+22	2.09e-05	1.00e+00	2.93e-27
 1.96554e+22	2.18e-05	1.00e+00	3.54e-27
 1.99007e+22	2.31e-05	1.00e+00	4.52e-27
 2.01502e+22	2.41e-05	1.00e+00	5.49e-27
 2.04052e+22	2.55e-05	1.00e+00	7.08e-27
 2.06648e+22	2.67e-05	1.00e+00	8.64e-27
 2.09304e+22	2.83e-05	1.00e+00	1.12e-26
 2.12027e+22	2.97e-05	1.00e+00	1.39e-26
 2.14838e+22	3.15e-05	1.00e+00	1.82e-26
 2.17694e+22	3.31e-05	1.00e+00	2.26e-26
 2.20611e+22	3.52e-05	1.00e+00	2.99e-26
 2.23561e+22	3.69e-05	1.00e+00	3.72e-26
 2.26554e+22	3.94e-05	1.00e+00	4.97e-26
 2.29586e+22	4.13e-05	1.00e+00	6.20e-26
 2.32241e+22	4.34e-05	1.00e+00	7.73e-26
 2.35265e+22	4.62e-05	1.00e+00	1.03e-25
 2.38307e+22	4.85e-05	1.00e+00	1.28e-25
 2.40814e+22	5.06e-05	1.00e+00	1.56e-25
 2.43513e+22	5.34e-05	1.00e+00	2.00e-25
 2.46263e+22	5.59e-05	1.00e+00	2.45e-25
 2.48702e+22	5.84e-05	1.00e+00	3.00e-25
 2.51495e+22	6.16e-05	1.00e+00	3.85e-25
 2.54393e+22	6.48e-05	1.00e+00	4.81e-25
 2.56978e+22	6.77e-05	1.00e+00	5.92e-25
 2.59891e+22	7.16e-05	1.00e+00	7.66e-25
 2.62937e+22	7.54e-05	1.00e+00	9.71e-25
 2.65688e+22	7.91e-05	1.00e+00	1.21e-24
 2.68797e+22	8.39e-05	1.00e+00	1.59e-24
 2.72003e+22	8.85e-05	1.00e+00	2.03e-24
 2.74856e+22	9.29e-05	1.00e+00	2.54e-24
 2.78085e+22	9.88e-05	1.00e+00	3.38e-24
 2.81436e+22	1.04e-04	1.00e+00	4.35e-24
 2.84447e+22	1.10e-04	1.00e+00	5.52e-24
 2.87862e+22	1.17e-04	1.00e+00	7.49e-24
 2.91388e+22	1.24e-04	1.00e+00	9.71e-24
 2.94572e+22	1.31e-04	1.00e+00	1.25e-23
 2.98229e+22	1.41e-04	1.00e+00	1.74e-23
 3.01909e+22	1.49e-04	1.00e+00	2.26e-23
 3.05622e+22	1.60e-04	1.00e+00	3.13e-23
 3.09418e+22	1.70e-04	1.00e+00	4.14e-23
 3.12760e+22	1.80e-04	1.00e+00	5.38e-23
 3.16541e+22	1.93e-04	1.00e+00	7.58e-23
 3.20410e+22	2.05e-04	1.00e+00	9.74e-23
 3.24393e+22	2.21e-04	1.00e+00	1.39e-22
 3.28439e+22	2.36e-04	1.00e+00	1.86e-22
 3.32027e+22	2.51e-04	1.00e+00	2.49e-22
 3.36150e+22	2.71e-04	1.00e+00	3.62e-22
 3.40331e+22	2.89e-04	1.00e+00	4.88e-22
 3.43966e+22	3.07e-04	1.00e+00	6.53e-22
 3.47433e+22	3.25e-04	1.00e+00	8.57e-22
 3.50731e+22	3.43e-04	1.00e+00	1.12e-21
 3.54446e+22	3.68e-04	1.00e+00	1.58e-21
 3.58157e+22	3.90e-04	1.00e+00	2.08e-21
 3.61864e+22	4.17e-04	1.00e+00	2.93e-21
 3.65654e+22	4.42e-04	1.00e+00	3.96e-21
 3.69009e+22	4.68e-04	1.00e+00	5.30e-21
 3.72826e+22	5.02e-04	9.99e-01	7.72e-21
 3.76712e+22	5.33e-04	9.99e-01	1.07e-20
 3.80168e+22	5.64e-04	9.99e-01	1.46e-20
 3.83515e+22	5.95e-04	9.99e-01	2.02e-20
 3.86600e+22	6.26e-04	9.99e-01	2.65e-20
 3.89972e+22	6.66e-04	9.99e-01	3.89e-20
 3.93364e+22	6.99e-04	9.99e-01	5.18e-20
 3.96782e+22	7.43e-04	9.99e-01	7.60e-20
 4.00234e+22	7.83e-04	9.99e-01	1.07e-19
 4.03235e+22	8.21e-04	9.99e-01	1.50e-19
 4.06642e+22	8.72e-04	9.99e-01	2.17e-19
 4.10116e+22	9.19e-04	9.99e-01	2.99e-19
 4.13199e+22	9.65e-04	9.99e-01	4.17e-19
 4.16727e+22	1.03e-03	9.99e-01	6.58e-19
 4.20303e+22	1.08e-03	9.99e-01	9.57e-19
 4.23462e+22	1.14e-03	9.99e-01	1.43e-18
 4.27088e+22	1.21e-03	9.99e-01	2.59e-18
 4.30774e+22	1.28e-03	9.99e-01	4.28e-18
 4.34536e+22	1.37e-03	9.99e-01	8.16e-18
 4.38378e+22	1.45e-03	9.99e-01	1.68e-17
 4.41742e+22	1.52e-03	9.98e-01	3.66e-17
 4.45533e+22	1.63e-03	9.98e-01	1.06e-16
 4.48248e+22	1.66e-03	9.98e-01	2.30e-16
 4.49566e+22	1.70e-03	9.98e-01	2.86e-16
 4.51280e+22	1.75e-03	9.98e-01	3.58e-16
 4.53507e+22	1.81e-03	9.98e-01	4.52e-16
 4.56402e+22	1.91e-03	9.98e-01	6.53e-16
 4.60167e+22	2.04e-03	9.98e-01	9.28e-16
 4.63991e+22	2.15e-03	9.98e-01	1.22e-15
 4.67035e+22	2.25e-03	9.98e-01	1.56e-15
 4.69724e+22	2.34e-03	9.98e-01	1.93e-15
 4.72809e+22	2.46e-03	9.98e-01	2.42e-15
 4.76000e+22	2.57e-03	9.97e-01	2.97e-15
 4.78855e+22	2.69e-03	9.97e-01	3.59e-15
 4.82092e+22	2.84e-03	9.97e-01	4.48e-15
 4.85396e+22	2.97e-03	9.97e-01	5.39e-15
 4.88331e+22	3.11e-03	9.97e-01	6.45e-15
 4.91692e+22	3.28e-03	9.97e-01	8.06e-15
 4.95140e+22	3.45e-03	9.97e-01	9.86e-15
 4.98209e+22	3.61e-03	9.96e-01	1.18e-14
 5.01705e+22	3.82e-03	9.96e-01	1.48e-14
 5.05283e+22	4.01e-03	9.96e-01	1.78e-14
 5.08969e+22	4.27e-03	9.96e-01	2.25e-14
 5.12725e+22	4.48e-03	9.96e-01	2.71e-14
 5.16572e+22	4.77e-03	9.95e-01	3.46e-14
 5.20501e+22	5.03e-03	9.95e-01	4.22e-14
 5.24535e+22	5.37e-03	9.95e-01	5.42e-14
 5.28623e+22	5.66e-03	9.94e-01	6.65e-14
 5.32782e+22	6.07e-03	9.94e-01	8.64e-14
 5.36985e+22	6.39e-03	9.94e-01	1.06e-13
 5.41246e+22	6.84e-03	9.93e-01	1.39e-13
 5.45607e+22	7.24e-03	9.93e-01	1.73e-13
 5.50097e+22	7.78e-03	9.92e-01	2.29e-13
 5.54683e+22	8.24e-03	9.92e-01	2.89e-13
 5.59391e+22	8.90e-03	9.91e-01	3.88e-13
 5.64196e+22	9.44e-03	9.91e-01	4.92e-13
 5.69128e+22	1.03e-02	9.90e-01	6.75e-13
 5.74169e+22	1.09e-02	9.89e-01	8.62e-13
 5.79354e+22	1.19e-02	9.88e-01	1.21e-12
 5.84707e+22	1.27e-02	9.87e-01	1.58e-12
 5.90279e+22	1.40e-02	9.86e-01	2.27e-12
 5.96069e+22	1.51e-02	9.85e-01	3.07e-12
 6.02137e+22	1.69e-02	9.83e-01	4.61e-12
 6.08340e+22	1.84e-02	9.82e-01	6.42e-12
 6.13160e+22	1.97e-02	9.80e-01	8.22e-12
 6.17858e+22	2.16e-02	9.78e-01	1.14e-11
 6.22693e+22	2.35e-02	9.76e-01	1.53e-11
 6.27708e+22	2.63e-02	9.74e-01	2.25e-11
 6.32829e+22	2.91e-02	9.71e-01	3.13e-11
 6.38088e+22	3.34e-02	9.67e-01	4.86e-11
 6.42931e+22	3.71e-02	9.63e-01	6.74e-11
 6.46526e+22	4.10e-02	9.59e-01	9.05e-11
 6.50494e+22	4.67e-02	9.53e-01	1.33e-10
 6.54763e+22	5.39e-02	9.46e-01	1.98e-10
 6.58705e+22	6.27e-02	9.37e-01	2.97e-10
 6.62454e+22	7.37e-02	9.26e-01	4.50e-10
 6.65983e+22	8.72e-02	9.13e-01	6.84e-10
 6.69230e+22	1.04e-01	8.96e-01	1.04e-09
 6.72193e+22	1.24e-01	8.76e-01	1.57e-09
 6.74890e+22	1.48e-01	8.52e-01	2.34e-09
 6.77346e+22	1.76e-01	8.24e-01	3.43e-09
 6.79582e+22	2.08e-01	7.92e-01	4.92e-09
 6.81617e+22	2.44e-01	7.56e-01	6.89e-09
 6.82905e+22	2.69e-01	7.31e-01	8.32e-09
 6.83401e+22	2.79e-01	7.21e-01	9.01e-09
 6.83799e+22	2.88e-01	7.12e-01	9.64e-09
 6.84304e+22	3.00e-01	7.00e-01	1.05e-08
 6.84916e+22	3.15e-01	6.85e-01	1.17e-08
 6.85539e+22	3.30e-01	6.70e-01	1.28e-08
 6.86137e+22	3.46e-01	6.54e-01	1.42e-08
 6.86734e+22	3.62e-01	6.38e-01	1.56e-08
 6.87329e+22	3.78e-01	6.22e-01	1.71e-08
 6.87944e+22	3.96e-01	6.04e-01	1.88e-08
 6.88583e+22	4.14e-01	5.86e-01	2.06e-08
 6.89239e+22	4.33e-01	5.67e-01	2.26e-08
 6.89912e+22	4.54e-01	5.46e-01	2.49e-08
 6.90597e+22	4.74e-01	5.26e-01	2.72e-08
 6.91304e+22	4.95e-01	5.05e-01	2.97e-08
 6.92047e+22	5.18e-01	4.82e-01	3.25e-08
 6.92796e+22	5.40e-01	4.60e-01	3.53e-08
 6.93380e+22	5.56e-01	4.44e-01	3.72e-08
 6.93770e+22	5.67e-01	4.33e-01	3.87e-08
 6.94141e+22	5.77e-01	4.23e-01	4.02e-08
 6.94574e+22	5.90e-01	4.10e-01	4.20e-08
 6.95048e+22	6.02e-01	3.98e-01	4.38e-08
 6.95518e+22	6.15e-01	3.85e-01	4.56e-08
 6.95977e+22	6.26e-01	3.74e-01	4.73e-08
 6.96442e+22	6.38e-01	3.62e-01	4.90e-08
 6.96921e+22	6.50e-01	3.50e-01	5.08e-08
 6.97412e+22	6.61e-01	3.39e-01	5.28e-08
 6.97903e+22	6.72e-01	3.28e-01	5.43e-08
 6.98407e+22	6.83e-01	3.17e-01	5.62e-08
 6.98932e+22	6.94e-01	3.06e-01	5.80e-08
 6.99455e+22	7.05e-01	2.95e-01	5.99e-08
 6.99978e+22	7.15e-01	2.85e-01	6.15e-08
 7.00525e+22	7.25e-01	2.75e-01	6.33e-08
 7.01099e+22	7.35e-01	2.65e-01	6.53e-08
 7.01677e+22	7.45e-01	2.55e-01	6.71e-08
 7.02253e+22	7.54e-01	2.46e-01	6.88e-08
 7.02855e+22	7.63e-01	2.37e-01	7.07e-08
 7.03488e+22	7.72e-01	2.28e-01	7.26e-08
 7.04124e+22	7.81e-01	2.19e-01	7.44e-08
 7.04770e+22	7.89e-01	2.11e-01	7.63e-08
 7.05446e+22	7.97e-01	2.03e-01	7.83e-08
 7.06141e+22	8.05e-01	1.95e-01	8.01e-08
 7.06855e+22	8.13e-01	1.87e-01	8.21e-08
 7.07595e+22	8.20e-01	1.80e-01	8.41e-08
 7.08356e+22	8.27e-01	1.73e-01	8.60e-08
 7.09138e+22	8.35e-01	1.65e-01	8.83e-08
 7.09931e+22	8.41e-01	1.59e-01	9.03e-08
 7.10722e+22	8.47e-01	1.53e-01	9.25e-08
 7.11530e+22	8.53e-01	1.47e-01	9.47e-08
 7.12368e+22	8.59e-01	1.41e-01	9.71e-08
 7.13211e+22	8.65e-01	1.35e-01	9.95e-08
 7.14061e+22	8.70e-01	1.30e-01	1.02e-07
 7.14930e+22	8.75e-01	1.25e-01	1.04e-07
 7.15812e+22	8.80e-01	1.20e-01	1.07e-07
 7.16705e+22	8.84e-01	1.16e-01	1.10e-07
 7.17624e+22	8.88e-01	1.12e-01	1.13e-07
 7.18567e+22	8.93e-01	1.07e-01	1.16e-07
 7.19522e+22	8.97e-01	1.03e-01	1.20e-07
 7.20491e+22	9.00e-01	9.95e-02	1.24e-07
 7.21489e+22	9.04e-01	9.58e-02	1.28e-07
 7.22513e+22	9.08e-01	9.22e-02	1.33e-07
 7.23526e+22	9.11e-01	8.89e-02	1.38e-07
 7.24496e+22	9.14e-01	8.60e-02	1.42e-07
 7.25395e+22	9.17e-01	8.34e-02	1.46e-07
 7.26227e+22	9.19e-01	8.11e-02	1.50e-07
 7.26994e+22	9.21e-01	7.91e-02	1.54e-07
 7.27733e+22	9.23e-01	7.72e-02	1.58e-07
 7.28474e+22	9.25e-01	7.55e-02	1.63e-07
 7.29202e+22	9.27e-01	7.35e-02	1.68e-07
 7.29883e+22	9.28e-01	7.19e-02	1.73e-07
 7.30518e+22	9.30e-01	7.04e-02	1.78e-07
 7.31156e+22	9.31e-01	6.88e-02	1.83e-07
 7.31772e+22	9.33e-01	6.74e-02	1.89e-07
 7.32353e+22	9.34e-01	6.61e-02	1.94e-07
 7.32930e+22	9.35e-01	6.48e-02	2.00e-07
 7.33483e+22	9.36e-01	6.35e-02	2.06e-07
 7.34004e+22	9.38e-01	6.24e-02	2.12e-07
 7.34513e+22	9.39e-01	6.12e-02	2.18e-07
 7.35009e+22	9.40e-01	6.01e-02	2.24e-07
 7.35475e+22	9.41e-01	5.91e-02	2.31e-07
 7.35900e+22	9.42e-01	5.82e-02	2.36e-07
 7.36286e+22	9.43e-01	5.74e-02	2.42e-07
 7.36638e+22	9.43e-01	5.66e-02	2.47e-07
 7.36958e+22	9.44e-01	5.60e-02	2.52e-07
 7.37249e+22	9.45e-01	5.54e-02	2.56e-07
 7.37514e+22	9.45e-01	5.49e-02	2.60e-07
 7.37804e+22	9.46e-01	5.42e-02	2.65e-07
 7.38117e+22	9.47e-01	5.35e-02	2.69e-07
 7.38402e+22	9.47e-01	5.29e-02	2.73e-07
 7.38662e+22	9.48e-01	5.24e-02	2.78e-07
 7.38898e+22	9.48e-01	5.20e-02	2.81e-07
 7.39157e+22	9.49e-01	5.14e-02	2.83e-07
 7.39493e+22	9.49e-01	5.06e-02	2.88e-07
 7.39856e+22	9.50e-01	4.98e-02	2.92e-07
 7.40187e+22	9.51e-01	4.90e-02	2.95e-07
 7.40488e+22	9.51e-01	4.85e-02	2.98e-07
 7.40761e+22	9.52e-01	4.80e-02	3.00e-07
 7.41010e+22	9.52e-01	4.77e-02	3.02e-07
 7.41283e+22	9.53e-01	4.71e-02	3.03e-07
 7.41578e+22	9.53e-01	4.67e-02	3.05e-07
 7.41901e+22	9.54e-01	4.60e-02	3.06e-07
 7.42249e+22	9.55e-01	4.54e-02	3.08e-07
 7.42566e+22	9.55e-01	4.49e-02	3.09e-07
 7.42855e+22	9.56e-01	4.44e-02	3.10e-07
 7.43118e+22	9.56e-01	4.41e-02	3.11e-07
 7.43405e+22	9.56e-01	4.36e-02	3.10e-07
 7.43779e+22	9.57e-01	4.29e-02	3.10e-07
 7.44183e+22	9.58e-01	4.21e-02	3.11e-07
 7.44551e+22	9.58e-01	4.16e-02	3.11e-07
 7.44885e+22	9.59e-01	4.11e-02	3.10e-07
 7.45190e+22	9.59e-01	4.07e-02	3.09e-07
 7.45467e+22	9.60e-01	4.03e-02	3.08e-07
 7.45719e+22	9.60e-01	3.99e-02	3.07e-07
 7.45948e+22	9.60e-01	3.97e-02	3.07e-07
 7.46200e+22	9.61e-01	3.92e-02	3.05e-07
 7.46526e+22	9.61e-01	3.86e-02	3.03e-07
 7.46879e+22	9.62e-01	3.81e-02	3.03e-07
 7.47200e+22	9.62e-01	3.76e-02	3.02e-07
 7.47492e+22	9.63e-01	3.72e-02	3.01e-07
 7.47758e+22	9.63e-01	3.69e-02	2.99e-07
 7.48049e+22	9.64e-01	3.65e-02	2.97e-07
 7.48364e+22	9.64e-01	3.60e-02	2.95e-07
 7.48650e+22	9.64e-01	3.56e-02	2.94e-07
 7.48910e+22	9.65e-01	3.53e-02	2.92e-07
 7.49147e+22	9.65e-01	3.50e-02	2.91e-07
 7.49407e+22	9.65e-01	3.47e-02	2.90e-07
 7.49687e+22	9.66e-01	3.43e-02	2.89e-07
 7.49995e+22	9.66e-01	3.39e-02	2.87e-07
 7.50326e+22	9.67e-01	3.35e-02	2.86e-07
 7.50628e+22	9.67e-01	3.32e-02	2.85e-07
 7.50959e+22	9.67e-01	3.28e-02	2.83e-07
 7.51316e+22	9.68e-01	3.24e-02	2.83e-07
 7.51641e+22	9.68e-01	3.20e-02	2.81e-07
 7.51936e+22	9.68e-01	3.18e-02	2.81e-07
 7.52260e+22	9.69e-01	3.14e-02	2.79e-07
 7.52610e+22	9.69e-01	3.10e-02	2.78e-07
 7.52928e+22	9.69e-01	3.07e-02	2.77e-07
 7.53218e+22	9.70e-01	3.05e-02	2.76e-07
 7.53535e+22	9.70e-01	3.01e-02	2.74e-07
 7.53878e+22	9.70e-01	2.98e-02	2.74e-07
 7.54253e+22	9.71e-01	2.94e-02	2.72e-07
 7.54659e+22	9.71e-01	2.90e-02	2.72e-07
 7.55028e+22	9.71e-01	2.86e-02	2.70e-07
 7.55363e+22	9.72e-01	2.84e-02	2.70e-07
 7.55731e+22	9.72e-01	2.80e-02	2.68e-07
 7.56128e+22	9.72e-01	2.77e-02	2.68e-07
 7.56489e+22	9.73e-01	2.74e-02	2.67e-07
 7.56885e+22	9.73e-01	2.70e-02	2.65e-07
 7.57313e+22	9.73e-01	2.66e-02	2.65e-07
 7.57702e+22	9.74e-01	2.63e-02	2.63e-07
 7.58056e+22	9.74e-01	2.61e-02	2.63e-07
 7.58444e+22	9.74e-01	2.58e-02	2.61e-07
 7.58863e+22	9.75e-01	2.54e-02	2.61e-07
 7.59244e+22	9.75e-01	2.52e-02	2.61e-07
 7.59661e+22	9.75e-01	2.48e-02	2.59e-07
 7.60112e+22	9.76e-01	2.45e-02	2.59e-07
 7.60522e+22	9.76e-01	2.42e-02	2.58e-07
 7.60896e+22	9.76e-01	2.40e-02	2.58e-07
 7.61305e+22	9.76e-01	2.37e-02	2.57e-07
 7.61746e+22	9.77e-01	2.34e-02	2.57e-07
 7.62148e+22	9.77e-01	2.31e-02	2.57e-07
 7.62589e+22	9.77e-01	2.28e-02	2.56e-07
 7.63064e+22	9.78e-01	2.25e-02	2.56e-07
 7.63497e+22	9.78e-01	2.23e-02	2.55e-07
 7.63971e+22	9.78e-01	2.19e-02	2.54e-07
 7.64483e+22	9.78e-01	2.16e-02	2.55e-07
 7.64948e+22	9.79e-01	2.14e-02	2.54e-07
 7.65459e+22	9.79e-01	2.10e-02	2.53e-07
 7.66010e+22	9.79e-01	2.07e-02	2.54e-07
 7.66511e+22	9.80e-01	2.04e-02	2.53e-07
 7.66968e+22	9.80e-01	2.02e-02	2.53e-07
 7.67468e+22	9.80e-01	2.00e-02	2.52e-07
 7.68007e+22	9.80e-01	1.96e-02	2.52e-07
 7.68499e+22	9.81e-01	1.94e-02	2.52e-07
 7.69037e+22	9.81e-01	1.91e-02	2.51e-07
 7.69618e+22	9.81e-01	1.88e-02	2.51e-07
 7.70147e+22	9.81e-01	1.86e-02	2.51e-07
 7.70726e+22	9.82e-01	1.83e-02	2.50e-07
 7.71352e+22	9.82e-01	1.80e-02	2.50e-07
 7.71921e+22	9.82e-01	1.78e-02	2.50e-07
 7.72545e+22	9.83e-01	1.75e-02	2.49e-07
 7.73218e+22	9.83e-01	1.72e-02	2.50e-07
 7.73831e+22	9.83e-01	1.69e-02	2.49e-07
 7.74389e+22	9.83e-01	1.67e-02	2.49e-07
 7.75000e+22	9.84e-01	1.65e-02	2.48e-07
 7.75659e+22	9.84e-01	1.62e-02	2.48e-07
 7.76260e+22	9.84e-01	1.60e-02	2.48e-07
 7.76918e+22	9.84e-01	1.57e-02	2.47e-07
 7.77628e+22	9.85e-01	1.54e-02	2.48e-07
 7.78274e+22	9.85e-01	1.52e-02	2.48e-07
 7.78982e+22	9.85e-01	1.50e-02	2.47e-07
 7.79747e+22	9.85e-01	1.47e-02	2.48e-07
 7.80443e+22	9.86e-01	1.45e-02	2.47e-07
 7.81076e+22	9.86e-01	1.43e-02	2.47e-07
 7.81770e+22	9.86e-01	1.40e-02	2.46e-07
 7.82519e+22	9.86e-01	1.38e-02	2.47e-07
 7.83200e+22	9.86e-01	1.36e-02	2.46e-07
 7.83947e+22	9.87e-01	1.34e-02	2.46e-07
 7.84753e+22	9.87e-01	1.31e-02	2.46e-07
 7.85487e+22	9.87e-01	1.29e-02	2.46e-07
 7.86291e+22	9.87e-01	1.27e-02	2.46e-07
 7.87159e+22	9.88e-01	1.24e-02	2.47e-07
 7.87949e+22	9.88e-01	1.22e-02	2.46e-07
 7.88815e+22	9.88e-01	1.20e-02	2.46e-07
 7.89749e+22	9.88e-01	1.18e-02	2.47e-07
 7.90600e+22	9.88e-01	1.16e-02	2.46e-07
 7.91373e+22	9.89e-01	1.14e-02	2.46e-07
 7.92221e+22	9.89e-01	1.12e-02	2.46e-07
 7.93324e+22	9.89e-01	1.09e-02	2.47e-07
 7.94569e+22	9.89e-01	1.06e-02	2.47e-07
 7.95807e+22	9.90e-01	1.03e-02	2.47e-07
 7.97059e+22	9.90e-01	1.00e-02	2.47e-07
 7.98342e+22	9.90e-01	9.78e-03	2.47e-07
 7.99644e+22	9.90e-01	9.52e-03	2.47e-07
 8.00959e+22	9.91e-01	9.27e-03	2.47e-07
 8.02291e+22	9.91e-01	9.02e-03	2.47e-07
 8.03639e+22	9.91e-01	8.77e-03	2.48e-07
 8.05004e+22	9.91e-01	8.53e-03	2.48e-07
 8.06384e+22	9.92e-01	8.30e-03	2.48e-07
 8.07778e+22	9.92e-01	8.07e-03	2.48e-07
 8.09188e+22	9.92e-01	7.84e-03	2.48e-07
 8.10613e+22	9.92e-01	7.62e-03	2.48e-07
 8.12050e+22	9.93e-01	7.40e-03	2.49e-07
 8.13500e+22	9.93e-01	7.19e-03	2.49e-07
 8.14962e+22	9.93e-01	6.99e-03	2.49e-07
 8.16438e+22	9.93e-01	6.78e-03	2.49e-07
 8.17930e+22	9.93e-01	6.59e-03	2.50e-07
 8.19435e+22	9.94e-01	6.39e-03	2.50e-07
 8.20952e+22	9.94e-01	6.20e-03	2.50e-07
 8.22482e+22	9.94e-01	6.02e-03	2.51e-07
 8.24026e+22	9.94e-01	5.84e-03	2.51e-07
 8.25597e+22	9.94e-01	5.66e-03	2.52e-07
 8.27206e+22	9.95e-01	5.49e-03	2.52e-07
 8.28841e+22	9.95e-01	5.32e-03	2.53e-07
 8.30493e+22	9.95e-01	5.15e-03	2.53e-07
 8.32163e+22	9.95e-01	4.99e-03	2.54e-07
 8.33851e+22	9.95e-01	4.83e-03	2.55e-07
 8.35559e+22	9.95e-01	4.68e-03	2.56e-07
 8.37288e+22	9.95e-01	4.52e-03	2.57e-07
 8.39045e+22	9.96e-01	4.38e-03	2.58e-07
 8.40831e+22	9.96e-01	4.23e-03	2.59e-07
 8.42658e+22	9.96e-01	4.09e-03	2.60e-07
 8.44533e+22	9.96e-01	3.95e-03	2.62e-07
 8.46444e+22	9.96e-01	3.81e-03	2.63e-07
 8.48387e+22	9.96e-01	3.68e-03	2.65e-07
 8.50363e+22	9.96e-01	3.54e-03	2.67e-07
 8.52374e+22	9.97e-01	3.42e-03	2.69e-07
 8.54423e+22	9.97e-01	3.29e-03	2.71e-07
 8.56511e+22	9.97e-01	3.17e-03	2.74e-07
 8.58651e+22	9.97e-01	3.05e-03	2.76e-07
 8.60845e+22	9.97e-01	2.93e-03	2.79e-07
 8.63083e+22	9.97e-01	2.81e-03	2.82e-07
 8.65372e+22	9.97e-01	2.70e-03	2.86e-07
 8.67717e+22	9.97e-01	2.59e-03	2.90e-07
 8.70116e+22	9.98e-01	2.48e-03	2.94e-07
 8.72554e+22	9.98e-01	2.38e-03	2.99e-07
 8.75019e+22	9.98e-01	2.28e-03	3.04e-07
 8.77513e+22	9.98e-01	2.18e-03	3.10e-07
 8.80031e+22	9.98e-01	2.09e-03	3.16e-07
 8.82573e+22	9.98e-01	2.00e-03	3.23e-07
 8.85139e+22	9.98e-01	1.92e-03	3.31e-07
 8.87731e+22	9.98e-01	1.83e-03	3.39e-07
 8.90349e+22	9.98e-01	1.75e-03	3.48e-07
 8.92994e+22	9.98e-01	1.68e-03	3.58e-07
 8.95668e+22	9.98e-01	1.60e-03	3.70e-07
 8.98372e+22	9.98e-01	1.53e-03	3.82e-07
 9.01096e+22	9.99e-01	1.46e-03	3.97e-07
 9.03847e+22	9.99e-01	1.40e-03	4.13e-07
 9.06628e+22	9.99e-01	1.33e-03	4.31e-07
 9.09439e+22	9.99e-01	1.27e-03	4.51e-07
 9.12289e+22	9.99e-01	1.21e-03	4.74e-07
 9.15172e+22	9.99e-01	1.15e-03	5.01e-07
 9.18088e+22	9.99e-01	1.10e-03	5.32e-07
 9.21037e+22	9.99e-01	1.05e-03	5.68e-07
 9.23985e+22	9.99e-01	9.96e-04	6.10e-07
 9.25576e+22	9.99e-01	9.92e-04	6.50e-07
