#depth	Ne	Ne+	Ne+2	Ne+3	Ne+4	Ne+5	Ne+6	Ne+7	Ne+8	Ne+9	Ne+10
 1.54284e+22	1.95e-15	7.13e-11	1.34e-07	2.97e-05	2.05e-03	2.85e-02	8.69e-02	1.14e-01	5.35e-01	2.11e-01	2.24e-02
 3.46167e+22	3.10e-15	1.51e-10	3.42e-07	7.75e-05	5.22e-03	6.38e-02	1.54e-01	1.59e-01	4.87e-01	1.23e-01	8.39e-03
 4.02104e+22	3.40e-15	2.01e-10	5.15e-07	1.19e-04	7.81e-03	8.77e-02	1.87e-01	1.77e-01	4.44e-01	9.13e-02	5.09e-03
 4.29611e+22	3.56e-15	2.34e-10	6.38e-07	1.49e-04	9.53e-03	1.02e-01	2.03e-01	1.84e-01	4.20e-01	7.80e-02	3.94e-03
 4.42250e+22	3.65e-15	2.49e-10	6.94e-07	1.62e-04	1.03e-02	1.07e-01	2.09e-01	1.86e-01	4.10e-01	7.34e-02	3.57e-03
 4.50232e+22	3.76e-15	2.69e-10	7.75e-07	1.81e-04	1.13e-02	1.15e-01	2.16e-01	1.89e-01	3.97e-01	6.78e-02	3.14e-03
 4.58872e+22	3.89e-15	2.91e-10	8.59e-07	2.01e-04	1.23e-02	1.22e-01	2.23e-01	1.91e-01	3.86e-01	6.30e-02	2.80e-03
 4.68350e+22	4.03e-15	3.21e-10	9.83e-07	2.30e-04	1.38e-02	1.32e-01	2.31e-01	1.93e-01	3.70e-01	5.71e-02	2.39e-03
 4.77754e+22	4.25e-15	3.52e-10	1.10e-06	2.55e-04	1.50e-02	1.40e-01	2.37e-01	1.94e-01	3.58e-01	5.30e-02	2.14e-03
 4.87080e+22	4.49e-15	3.93e-10	1.26e-06	2.92e-04	1.67e-02	1.50e-01	2.44e-01	1.96e-01	3.43e-01	4.80e-02	1.83e-03
 4.96486e+22	4.77e-15	4.33e-10	1.42e-06	3.26e-04	1.82e-02	1.59e-01	2.50e-01	1.96e-01	3.31e-01	4.44e-02	1.63e-03
 5.05997e+22	5.14e-15	4.92e-10	1.65e-06	3.75e-04	2.03e-02	1.70e-01	2.57e-01	1.97e-01	3.15e-01	4.00e-02	1.39e-03
 5.15614e+22	5.53e-15	5.48e-10	1.86e-06	4.19e-04	2.21e-02	1.79e-01	2.61e-01	1.96e-01	3.02e-01	3.69e-02	1.23e-03
 5.25369e+22	6.09e-15	6.31e-10	2.19e-06	4.85e-04	2.47e-02	1.92e-01	2.67e-01	1.96e-01	2.86e-01	3.30e-02	1.04e-03
 5.35263e+22	6.67e-15	7.13e-10	2.50e-06	5.44e-04	2.69e-02	2.02e-01	2.71e-01	1.95e-01	2.74e-01	3.02e-02	9.12e-04
 5.45337e+22	7.52e-15	8.36e-10	2.96e-06	6.33e-04	3.00e-02	2.15e-01	2.76e-01	1.93e-01	2.58e-01	2.69e-02	7.67e-04
 5.55605e+22	8.40e-15	9.57e-10	3.41e-06	7.14e-04	3.27e-02	2.26e-01	2.79e-01	1.91e-01	2.45e-01	2.45e-02	6.68e-04
 5.66125e+22	9.73e-15	1.14e-09	4.10e-06	8.34e-04	3.66e-02	2.41e-01	2.83e-01	1.88e-01	2.29e-01	2.16e-02	5.56e-04
 5.76897e+22	1.11e-14	1.33e-09	4.76e-06	9.46e-04	3.99e-02	2.53e-01	2.85e-01	1.85e-01	2.16e-01	1.95e-02	4.79e-04
 5.87998e+22	1.33e-14	1.63e-09	5.80e-06	1.11e-03	4.47e-02	2.69e-01	2.87e-01	1.80e-01	2.00e-01	1.70e-02	3.94e-04
 5.99279e+22	1.56e-14	1.92e-09	6.79e-06	1.26e-03	4.88e-02	2.82e-01	2.88e-01	1.77e-01	1.88e-01	1.52e-02	3.37e-04
 6.08818e+22	1.81e-14	2.24e-09	7.84e-06	1.42e-03	5.27e-02	2.93e-01	2.89e-01	1.73e-01	1.77e-01	1.37e-02	2.92e-04
 6.19244e+22	2.20e-14	2.74e-09	9.44e-06	1.65e-03	5.82e-02	3.08e-01	2.89e-01	1.68e-01	1.64e-01	1.20e-02	2.41e-04
 6.29312e+22	2.55e-14	3.16e-09	1.08e-05	1.83e-03	6.24e-02	3.19e-01	2.88e-01	1.64e-01	1.54e-01	1.09e-02	2.11e-04
 6.38915e+22	3.10e-14	3.83e-09	1.28e-05	2.09e-03	6.81e-02	3.32e-01	2.87e-01	1.58e-01	1.43e-01	9.60e-03	1.77e-04
 6.48625e+22	3.64e-14	4.45e-09	1.46e-05	2.31e-03	7.27e-02	3.43e-01	2.85e-01	1.54e-01	1.35e-01	8.70e-03	1.54e-04
 6.58476e+22	4.50e-14	5.43e-09	1.74e-05	2.65e-03	7.93e-02	3.56e-01	2.82e-01	1.48e-01	1.24e-01	7.61e-03	1.28e-04
 6.68481e+22	5.36e-14	6.37e-09	1.99e-05	2.93e-03	8.46e-02	3.66e-01	2.80e-01	1.43e-01	1.16e-01	6.85e-03	1.11e-04
 6.78687e+22	6.74e-14	7.85e-09	2.39e-05	3.36e-03	9.21e-02	3.79e-01	2.76e-01	1.37e-01	1.06e-01	5.94e-03	9.12e-05
 6.89039e+22	8.12e-14	9.26e-09	2.74e-05	3.72e-03	9.81e-02	3.89e-01	2.73e-01	1.32e-01	9.89e-02	5.32e-03	7.85e-05
 6.99580e+22	1.04e-13	1.15e-08	3.29e-05	4.26e-03	1.07e-01	4.02e-01	2.67e-01	1.26e-01	8.98e-02	4.58e-03	6.40e-05
 7.10333e+22	1.27e-13	1.37e-08	3.79e-05	4.72e-03	1.13e-01	4.11e-01	2.63e-01	1.20e-01	8.32e-02	4.07e-03	5.46e-05
 7.21364e+22	1.65e-13	1.72e-08	4.57e-05	5.41e-03	1.23e-01	4.23e-01	2.57e-01	1.13e-01	7.49e-02	3.46e-03	4.40e-05
 7.32631e+22	2.03e-13	2.05e-08	5.28e-05	6.00e-03	1.31e-01	4.32e-01	2.51e-01	1.08e-01	6.90e-02	3.05e-03	3.72e-05
 7.44205e+22	2.69e-13	2.61e-08	6.41e-05	6.89e-03	1.42e-01	4.42e-01	2.44e-01	1.01e-01	6.16e-02	2.57e-03	2.95e-05
 7.56044e+22	3.37e-13	3.15e-08	7.44e-05	7.66e-03	1.51e-01	4.50e-01	2.37e-01	9.58e-02	5.62e-02	2.24e-03	2.46e-05
 7.68226e+22	4.53e-13	4.03e-08	9.06e-05	8.79e-03	1.63e-01	4.59e-01	2.29e-01	8.89e-02	4.97e-02	1.87e-03	1.93e-05
 7.80553e+22	5.70e-13	4.87e-08	1.05e-04	9.76e-03	1.72e-01	4.65e-01	2.22e-01	8.37e-02	4.52e-02	1.62e-03	1.60e-05
 7.93069e+22	7.74e-13	6.27e-08	1.28e-04	1.12e-02	1.86e-01	4.72e-01	2.12e-01	7.72e-02	3.96e-02	1.34e-03	1.24e-05
 8.05725e+22	9.77e-13	7.59e-08	1.49e-04	1.24e-02	1.96e-01	4.77e-01	2.05e-01	7.23e-02	3.58e-02	1.15e-03	1.02e-05
 8.18564e+22	1.33e-12	9.78e-08	1.81e-04	1.41e-02	2.11e-01	4.82e-01	1.95e-01	6.62e-02	3.12e-02	9.45e-04	7.89e-06
 8.31113e+22	1.66e-12	1.17e-07	2.07e-04	1.55e-02	2.21e-01	4.84e-01	1.88e-01	6.21e-02	2.83e-02	8.20e-04	6.55e-06
 8.43283e+22	2.22e-12	1.48e-07	2.48e-04	1.75e-02	2.35e-01	4.87e-01	1.78e-01	5.69e-02	2.48e-02	6.77e-04	5.10e-06
 8.55903e+22	2.80e-12	1.78e-07	2.86e-04	1.92e-02	2.47e-01	4.87e-01	1.71e-01	5.29e-02	2.22e-02	5.79e-04	4.17e-06
 8.66668e+22	3.46e-12	2.11e-07	3.25e-04	2.09e-02	2.57e-01	4.88e-01	1.64e-01	4.95e-02	2.01e-02	5.03e-04	3.47e-06
 8.78225e+22	4.52e-12	2.62e-07	3.83e-04	2.33e-02	2.71e-01	4.87e-01	1.55e-01	4.54e-02	1.77e-02	4.19e-04	2.74e-06
 8.89869e+22	5.57e-12	3.09e-07	4.34e-04	2.53e-02	2.81e-01	4.85e-01	1.49e-01	4.23e-02	1.60e-02	3.63e-04	2.27e-06
 9.01626e+22	7.25e-12	3.81e-07	5.08e-04	2.80e-02	2.95e-01	4.83e-01	1.41e-01	3.87e-02	1.41e-02	3.02e-04	1.79e-06
 9.13736e+22	9.15e-12	4.59e-07	5.83e-04	3.06e-02	3.07e-01	4.80e-01	1.33e-01	3.57e-02	1.25e-02	2.56e-04	1.45e-06
 9.24463e+22	1.13e-11	5.42e-07	6.60e-04	3.31e-02	3.18e-01	4.76e-01	1.27e-01	3.32e-02	1.12e-02	2.21e-04	1.20e-06
 9.36566e+22	1.46e-11	6.66e-07	7.69e-04	3.64e-02	3.32e-01	4.71e-01	1.19e-01	3.02e-02	9.83e-03	1.82e-04	9.38e-07
 9.49328e+22	1.86e-11	8.06e-07	8.86e-04	3.98e-02	3.45e-01	4.66e-01	1.12e-01	2.76e-02	8.66e-03	1.53e-04	7.47e-07
 9.60949e+22	2.33e-11	9.61e-07	1.01e-03	4.32e-02	3.56e-01	4.60e-01	1.06e-01	2.54e-02	7.69e-03	1.29e-04	6.04e-07
 9.74059e+22	3.08e-11	1.20e-06	1.18e-03	4.77e-02	3.71e-01	4.52e-01	9.86e-02	2.28e-02	6.61e-03	1.05e-04	4.62e-07
 9.87572e+22	3.93e-11	1.45e-06	1.36e-03	5.20e-02	3.84e-01	4.44e-01	9.22e-02	2.07e-02	5.77e-03	8.70e-05	3.64e-07
 9.99574e+22	4.93e-11	1.73e-06	1.55e-03	5.63e-02	3.95e-01	4.36e-01	8.65e-02	1.90e-02	5.09e-03	7.30e-05	2.91e-07
 1.01314e+23	6.54e-11	2.16e-06	1.82e-03	6.20e-02	4.10e-01	4.26e-01	7.97e-02	1.69e-02	4.34e-03	5.86e-05	2.20e-07
 1.02722e+23	8.41e-11	2.63e-06	2.10e-03	6.75e-02	4.22e-01	4.15e-01	7.39e-02	1.52e-02	3.75e-03	4.80e-05	1.70e-07
 1.03986e+23	1.06e-10	3.15e-06	2.39e-03	7.29e-02	4.33e-01	4.06e-01	6.87e-02	1.38e-02	3.27e-03	3.97e-05	1.34e-07
 1.05418e+23	1.43e-10	3.96e-06	2.82e-03	8.03e-02	4.47e-01	3.92e-01	6.25e-02	1.22e-02	2.74e-03	3.12e-05	0.00e+00
 1.06898e+23	1.83e-10	4.81e-06	3.25e-03	8.71e-02	4.58e-01	3.81e-01	5.75e-02	1.09e-02	2.35e-03	2.53e-05	0.00e+00
 1.08438e+23	2.51e-10	6.12e-06	3.85e-03	9.61e-02	4.71e-01	3.66e-01	5.18e-02	9.47e-03	1.94e-03	1.95e-05	0.00e+00
 1.09996e+23	3.23e-10	7.45e-06	4.43e-03	1.04e-01	4.81e-01	3.53e-01	4.73e-02	8.44e-03	1.65e-03	1.57e-05	0.00e+00
 1.11364e+23	4.11e-10	8.97e-06	5.05e-03	1.12e-01	4.90e-01	3.40e-01	4.34e-02	7.54e-03	1.42e-03	1.27e-05	0.00e+00
 1.12932e+23	5.68e-10	1.15e-05	6.02e-03	1.23e-01	5.01e-01	3.23e-01	3.85e-02	6.48e-03	1.15e-03	9.55e-06	0.00e+00
 1.14517e+23	7.28e-10	1.39e-05	6.88e-03	1.33e-01	5.09e-01	3.10e-01	3.50e-02	5.75e-03	9.73e-04	7.65e-06	0.00e+00
 1.16125e+23	9.93e-10	1.76e-05	8.12e-03	1.45e-01	5.17e-01	2.93e-01	3.09e-02	4.93e-03	7.88e-04	5.76e-06	0.00e+00
 1.17761e+23	1.29e-09	2.15e-05	9.32e-03	1.56e-01	5.23e-01	2.79e-01	2.78e-02	4.33e-03	6.59e-04	4.53e-06	0.00e+00
 1.19216e+23	1.66e-09	2.60e-05	1.07e-02	1.67e-01	5.27e-01	2.65e-01	2.50e-02	3.80e-03	5.52e-04	3.57e-06	0.00e+00
 1.20889e+23	2.28e-09	3.31e-05	1.26e-02	1.82e-01	5.32e-01	2.48e-01	2.18e-02	3.22e-03	4.39e-04	2.63e-06	0.00e+00
 1.22589e+23	2.95e-09	4.03e-05	1.44e-02	1.95e-01	5.34e-01	2.34e-01	1.95e-02	2.80e-03	3.64e-04	2.04e-06	0.00e+00
 1.24323e+23	4.10e-09	5.16e-05	1.70e-02	2.12e-01	5.35e-01	2.16e-01	1.67e-02	2.35e-03	2.85e-04	1.47e-06	0.00e+00
 1.26074e+23	5.30e-09	6.26e-05	1.94e-02	2.26e-01	5.34e-01	2.03e-01	1.48e-02	2.03e-03	2.34e-04	1.14e-06	0.00e+00
 1.27848e+23	7.36e-09	8.01e-05	2.30e-02	2.45e-01	5.32e-01	1.86e-01	1.26e-02	1.68e-03	1.81e-04	8.09e-07	0.00e+00
 1.29587e+23	9.36e-09	9.59e-05	2.59e-02	2.59e-01	5.28e-01	1.74e-01	1.12e-02	1.46e-03	1.50e-04	6.28e-07	0.00e+00
 1.31280e+23	1.28e-08	1.21e-04	3.02e-02	2.77e-01	5.22e-01	1.59e-01	9.55e-03	1.22e-03	1.16e-04	4.50e-07	0.00e+00
 1.32918e+23	1.58e-08	1.42e-04	3.36e-02	2.91e-01	5.17e-01	1.49e-01	8.52e-03	1.07e-03	9.73e-05	3.56e-07	0.00e+00
 1.34483e+23	2.09e-08	1.74e-04	3.85e-02	3.08e-01	5.09e-01	1.36e-01	7.33e-03	8.98e-04	7.69e-05	2.61e-07	0.00e+00
 1.36048e+23	2.58e-08	2.03e-04	4.27e-02	3.21e-01	5.01e-01	1.27e-01	6.52e-03	7.85e-04	6.40e-05	2.06e-07	0.00e+00
 1.37614e+23	3.39e-08	2.49e-04	4.87e-02	3.39e-01	4.90e-01	1.16e-01	5.57e-03	6.57e-04	5.03e-05	1.50e-07	0.00e+00
 1.39218e+23	4.23e-08	2.93e-04	5.41e-02	3.53e-01	4.80e-01	1.07e-01	4.89e-03	5.67e-04	4.12e-05	0.00e+00	0.00e+00
 1.40871e+23	5.58e-08	3.59e-04	6.17e-02	3.71e-01	4.66e-01	9.63e-02	4.14e-03	4.69e-04	3.19e-05	0.00e+00	0.00e+00
 1.42543e+23	6.96e-08	4.22e-04	6.85e-02	3.85e-01	4.54e-01	8.82e-02	3.61e-03	4.01e-04	2.59e-05	0.00e+00	0.00e+00
 1.44240e+23	9.27e-08	5.19e-04	7.81e-02	4.02e-01	4.37e-01	7.85e-02	3.01e-03	3.27e-04	1.96e-05	0.00e+00	0.00e+00
 1.45938e+23	1.15e-07	6.06e-04	8.61e-02	4.15e-01	4.24e-01	7.16e-02	2.61e-03	2.79e-04	1.59e-05	0.00e+00	0.00e+00
 1.47373e+23	1.40e-07	7.01e-04	9.43e-02	4.27e-01	4.10e-01	6.55e-02	2.29e-03	2.40e-04	1.30e-05	0.00e+00	0.00e+00
 1.48705e+23	1.68e-07	8.00e-04	1.02e-01	4.37e-01	3.97e-01	6.02e-02	2.01e-03	2.08e-04	1.08e-05	0.00e+00	0.00e+00
 1.49977e+23	2.01e-07	9.08e-04	1.11e-01	4.46e-01	3.85e-01	5.54e-02	1.78e-03	1.81e-04	8.94e-06	0.00e+00	0.00e+00
 1.51439e+23	2.52e-07	1.07e-03	1.22e-01	4.58e-01	3.68e-01	4.95e-02	1.51e-03	1.50e-04	7.01e-06	0.00e+00	0.00e+00
 1.52909e+23	3.00e-07	1.21e-03	1.32e-01	4.66e-01	3.54e-01	4.53e-02	1.33e-03	1.30e-04	5.78e-06	0.00e+00	0.00e+00
 1.54390e+23	3.74e-07	1.42e-03	1.45e-01	4.75e-01	3.37e-01	4.03e-02	1.13e-03	1.08e-04	4.52e-06	0.00e+00	0.00e+00
 1.55890e+23	4.49e-07	1.61e-03	1.57e-01	4.82e-01	3.22e-01	3.64e-02	9.76e-04	9.18e-05	3.66e-06	0.00e+00	0.00e+00
 1.57206e+23	5.33e-07	1.82e-03	1.69e-01	4.88e-01	3.08e-01	3.30e-02	8.52e-04	7.86e-05	3.00e-06	0.00e+00	0.00e+00
 1.58707e+23	6.60e-07	2.12e-03	1.84e-01	4.94e-01	2.90e-01	2.91e-02	7.17e-04	6.46e-05	2.32e-06	0.00e+00	0.00e+00
 1.60239e+23	7.89e-07	2.40e-03	1.98e-01	4.98e-01	2.75e-01	2.61e-02	6.17e-04	5.45e-05	1.86e-06	0.00e+00	0.00e+00
 1.61604e+23	9.38e-07	2.71e-03	2.12e-01	5.01e-01	2.60e-01	2.34e-02	5.32e-04	4.60e-05	1.50e-06	0.00e+00	0.00e+00
 1.62841e+23	1.08e-06	3.00e-03	2.25e-01	5.02e-01	2.48e-01	2.13e-02	4.69e-04	3.98e-05	1.25e-06	0.00e+00	0.00e+00
 1.64116e+23	1.28e-06	3.37e-03	2.40e-01	5.03e-01	2.34e-01	1.90e-02	4.05e-04	3.36e-05	1.00e-06	0.00e+00	0.00e+00
 1.65774e+23	1.62e-06	3.95e-03	2.62e-01	5.02e-01	2.15e-01	1.62e-02	3.28e-04	2.64e-05	7.38e-07	0.00e+00	0.00e+00
 1.67393e+23	1.90e-06	4.42e-03	2.79e-01	5.00e-01	2.02e-01	1.44e-02	2.81e-04	2.20e-05	5.89e-07	0.00e+00	0.00e+00
 1.68960e+23	2.33e-06	5.08e-03	3.00e-01	4.96e-01	1.85e-01	1.23e-02	2.31e-04	1.75e-05	4.42e-07	0.00e+00	0.00e+00
 1.70576e+23	2.78e-06	5.72e-03	3.20e-01	4.92e-01	1.72e-01	1.08e-02	1.94e-04	1.43e-05	3.44e-07	0.00e+00	0.00e+00
 1.72256e+23	3.43e-06	6.59e-03	3.44e-01	4.84e-01	1.56e-01	9.08e-03	1.56e-04	1.12e-05	2.52e-07	0.00e+00	0.00e+00
 1.73963e+23	4.09e-06	7.41e-03	3.65e-01	4.77e-01	1.43e-01	7.83e-03	1.30e-04	9.00e-06	1.93e-07	0.00e+00	0.00e+00
 1.75705e+23	5.05e-06	8.52e-03	3.92e-01	4.65e-01	1.28e-01	6.51e-03	1.03e-04	6.87e-06	1.39e-07	0.00e+00	0.00e+00
 1.77478e+23	6.03e-06	9.58e-03	4.14e-01	4.54e-01	1.16e-01	5.53e-03	8.46e-05	5.44e-06	0.00e+00	0.00e+00	0.00e+00
 1.79048e+23	7.10e-06	1.07e-02	4.36e-01	4.43e-01	1.05e-01	4.73e-03	7.00e-05	4.35e-06	0.00e+00	0.00e+00	0.00e+00
 1.80847e+23	8.73e-06	1.22e-02	4.64e-01	4.27e-01	9.29e-02	3.86e-03	5.48e-05	3.25e-06	0.00e+00	0.00e+00	0.00e+00
 1.82690e+23	1.04e-05	1.37e-02	4.88e-01	4.13e-01	8.30e-02	3.23e-03	4.42e-05	2.52e-06	0.00e+00	0.00e+00	0.00e+00
 1.84101e+23	1.17e-05	1.48e-02	5.04e-01	4.02e-01	7.64e-02	2.84e-03	3.79e-05	2.10e-06	0.00e+00	0.00e+00	0.00e+00
 1.85446e+23	1.36e-05	1.62e-02	5.25e-01	3.88e-01	6.88e-02	2.41e-03	3.13e-05	1.67e-06	0.00e+00	0.00e+00	0.00e+00
 1.86819e+23	1.53e-05	1.75e-02	5.42e-01	3.76e-01	6.31e-02	2.11e-03	2.67e-05	1.38e-06	0.00e+00	0.00e+00	0.00e+00
 1.88230e+23	1.78e-05	1.93e-02	5.62e-01	3.60e-01	5.62e-02	1.77e-03	2.18e-05	1.08e-06	0.00e+00	0.00e+00	0.00e+00
 1.89657e+23	2.02e-05	2.08e-02	5.79e-01	3.47e-01	5.11e-02	1.53e-03	1.84e-05	8.81e-07	0.00e+00	0.00e+00	0.00e+00
 1.91105e+23	2.35e-05	2.29e-02	6.00e-01	3.31e-01	4.51e-02	1.27e-03	1.48e-05	6.81e-07	0.00e+00	0.00e+00	0.00e+00
 1.92572e+23	2.65e-05	2.47e-02	6.16e-01	3.17e-01	4.07e-02	1.09e-03	1.24e-05	5.49e-07	0.00e+00	0.00e+00	0.00e+00
 1.94063e+23	3.08e-05	2.71e-02	6.36e-01	3.00e-01	3.56e-02	8.99e-04	9.92e-06	4.19e-07	0.00e+00	0.00e+00	0.00e+00
 1.95575e+23	3.49e-05	2.92e-02	6.52e-01	2.86e-01	3.18e-02	7.64e-04	8.23e-06	3.34e-07	0.00e+00	0.00e+00	0.00e+00
 1.97116e+23	4.06e-05	3.20e-02	6.71e-01	2.69e-01	2.76e-02	6.22e-04	6.50e-06	2.51e-07	0.00e+00	0.00e+00	0.00e+00
 1.98682e+23	4.59e-05	3.45e-02	6.86e-01	2.55e-01	2.44e-02	5.23e-04	5.34e-06	1.97e-07	0.00e+00	0.00e+00	0.00e+00
 2.00282e+23	5.36e-05	3.78e-02	7.04e-01	2.37e-01	2.09e-02	4.20e-04	4.16e-06	1.46e-07	0.00e+00	0.00e+00	0.00e+00
 2.01912e+23	6.10e-05	4.08e-02	7.17e-01	2.23e-01	1.83e-02	3.49e-04	3.36e-06	0.00e+00	0.00e+00	0.00e+00	0.00e+00
 2.03582e+23	7.15e-05	4.48e-02	7.34e-01	2.06e-01	1.54e-02	2.75e-04	2.56e-06	0.00e+00	0.00e+00	0.00e+00	0.00e+00
 2.05273e+23	8.13e-05	4.84e-02	7.46e-01	1.92e-01	1.34e-02	2.27e-04	2.06e-06	0.00e+00	0.00e+00	0.00e+00	0.00e+00
 2.06993e+23	9.52e-05	5.30e-02	7.60e-01	1.76e-01	1.11e-02	1.77e-04	1.56e-06	0.00e+00	0.00e+00	0.00e+00	0.00e+00
 2.08746e+23	1.09e-04	5.72e-02	7.70e-01	1.63e-01	9.55e-03	1.44e-04	1.23e-06	0.00e+00	0.00e+00	0.00e+00	0.00e+00
 2.10541e+23	1.28e-04	6.28e-02	7.82e-01	1.47e-01	7.83e-03	1.11e-04	9.11e-07	0.00e+00	0.00e+00	0.00e+00	0.00e+00
 2.12341e+23	1.46e-04	6.78e-02	7.90e-01	1.35e-01	6.65e-03	8.92e-05	7.12e-07	0.00e+00	0.00e+00	0.00e+00	0.00e+00
 2.14149e+23	1.73e-04	7.43e-02	7.99e-01	1.21e-01	5.39e-03	6.78e-05	5.22e-07	0.00e+00	0.00e+00	0.00e+00	0.00e+00
 2.15965e+23	1.98e-04	8.01e-02	8.05e-01	1.10e-01	4.54e-03	5.43e-05	4.05e-07	0.00e+00	0.00e+00	0.00e+00	0.00e+00
 2.17791e+23	2.34e-04	8.78e-02	8.11e-01	9.77e-02	3.63e-03	4.08e-05	2.92e-07	0.00e+00	0.00e+00	0.00e+00	0.00e+00
 2.19623e+23	2.69e-04	9.48e-02	8.14e-01	8.83e-02	3.02e-03	3.24e-05	2.24e-07	0.00e+00	0.00e+00	0.00e+00	0.00e+00
 2.21463e+23	3.20e-04	1.04e-01	8.16e-01	7.74e-02	2.39e-03	2.40e-05	1.59e-07	0.00e+00	0.00e+00	0.00e+00	0.00e+00
 2.23305e+23	3.70e-04	1.12e-01	8.16e-01	6.92e-02	1.97e-03	1.89e-05	0.00e+00	0.00e+00	0.00e+00	0.00e+00	0.00e+00
 2.25150e+23	4.41e-04	1.23e-01	8.16e-01	5.99e-02	1.53e-03	1.38e-05	0.00e+00	0.00e+00	0.00e+00	0.00e+00	0.00e+00
 2.26996e+23	5.11e-04	1.32e-01	8.13e-01	5.30e-02	1.25e-03	1.08e-05	0.00e+00	0.00e+00	0.00e+00	0.00e+00	0.00e+00
 2.28844e+23	6.15e-04	1.45e-01	8.08e-01	4.51e-02	9.51e-04	7.73e-06	0.00e+00	0.00e+00	0.00e+00	0.00e+00	0.00e+00
 2.30691e+23	7.14e-04	1.56e-01	8.03e-01	3.94e-02	7.65e-04	5.93e-06	0.00e+00	0.00e+00	0.00e+00	0.00e+00	0.00e+00
 2.32537e+23	8.64e-04	1.71e-01	7.95e-01	3.29e-02	5.74e-04	4.18e-06	0.00e+00	0.00e+00	0.00e+00	0.00e+00	0.00e+00
 2.34396e+23	1.01e-03	1.84e-01	7.86e-01	2.82e-02	4.52e-04	3.12e-06	0.00e+00	0.00e+00	0.00e+00	0.00e+00	0.00e+00
 2.36272e+23	1.23e-03	2.01e-01	7.74e-01	2.30e-02	3.32e-04	2.14e-06	0.00e+00	0.00e+00	0.00e+00	0.00e+00	0.00e+00
 2.38179e+23	1.46e-03	2.18e-01	7.62e-01	1.91e-02	2.53e-04	1.53e-06	0.00e+00	0.00e+00	0.00e+00	0.00e+00	0.00e+00
 2.39837e+23	1.72e-03	2.34e-01	7.48e-01	1.59e-02	1.94e-04	1.10e-06	0.00e+00	0.00e+00	0.00e+00	0.00e+00	0.00e+00
 2.41264e+23	1.95e-03	2.47e-01	7.37e-01	1.36e-02	1.56e-04	8.32e-07	0.00e+00	0.00e+00	0.00e+00	0.00e+00	0.00e+00
 2.42682e+23	2.27e-03	2.63e-01	7.24e-01	1.12e-02	1.20e-04	5.92e-07	0.00e+00	0.00e+00	0.00e+00	0.00e+00	0.00e+00
 2.44172e+23	2.62e-03	2.79e-01	7.10e-01	9.21e-03	9.30e-05	4.22e-07	0.00e+00	0.00e+00	0.00e+00	0.00e+00	0.00e+00
 2.45516e+23	3.00e-03	2.94e-01	6.96e-01	7.57e-03	7.25e-05	3.01e-07	0.00e+00	0.00e+00	0.00e+00	0.00e+00	0.00e+00
 2.47025e+23	3.56e-03	3.13e-01	6.78e-01	5.86e-03	5.29e-05	1.93e-07	0.00e+00	0.00e+00	0.00e+00	0.00e+00	0.00e+00
 2.48573e+23	4.16e-03	3.30e-01	6.61e-01	4.51e-03	3.90e-05	0.00e+00	0.00e+00	0.00e+00	0.00e+00	0.00e+00	0.00e+00
 2.49832e+23	4.76e-03	3.45e-01	6.47e-01	3.56e-03	2.99e-05	0.00e+00	0.00e+00	0.00e+00	0.00e+00	0.00e+00	0.00e+00
 2.50909e+23	5.34e-03	3.57e-01	6.35e-01	2.85e-03	2.34e-05	0.00e+00	0.00e+00	0.00e+00	0.00e+00	0.00e+00	0.00e+00
 2.51898e+23	6.00e-03	3.69e-01	6.23e-01	2.27e-03	1.84e-05	0.00e+00	0.00e+00	0.00e+00	0.00e+00	0.00e+00	0.00e+00
 2.52843e+23	6.69e-03	3.80e-01	6.12e-01	1.79e-03	1.44e-05	0.00e+00	0.00e+00	0.00e+00	0.00e+00	0.00e+00	0.00e+00
 2.53768e+23	7.53e-03	3.90e-01	6.01e-01	1.39e-03	1.12e-05	0.00e+00	0.00e+00	0.00e+00	0.00e+00	0.00e+00	0.00e+00
 2.54615e+23	8.36e-03	3.99e-01	5.92e-01	1.09e-03	8.80e-06	0.00e+00	0.00e+00	0.00e+00	0.00e+00	0.00e+00	0.00e+00
 2.55349e+23	9.20e-03	4.06e-01	5.84e-01	8.69e-04	7.05e-06	0.00e+00	0.00e+00	0.00e+00	0.00e+00	0.00e+00	0.00e+00
 2.55997e+23	1.01e-02	4.12e-01	5.78e-01	7.01e-04	5.73e-06	0.00e+00	0.00e+00	0.00e+00	0.00e+00	0.00e+00	0.00e+00
 2.56583e+23	1.09e-02	4.16e-01	5.72e-01	5.73e-04	4.73e-06	0.00e+00	0.00e+00	0.00e+00	0.00e+00	0.00e+00	0.00e+00
 2.57121e+23	1.18e-02	4.19e-01	5.69e-01	4.74e-04	3.96e-06	0.00e+00	0.00e+00	0.00e+00	0.00e+00	0.00e+00	0.00e+00
 2.57625e+23	1.27e-02	4.21e-01	5.65e-01	3.95e-04	3.34e-06	0.00e+00	0.00e+00	0.00e+00	0.00e+00	0.00e+00	0.00e+00
 2.58095e+23	1.36e-02	4.23e-01	5.63e-01	3.33e-04	2.85e-06	0.00e+00	0.00e+00	0.00e+00	0.00e+00	0.00e+00	0.00e+00
 2.58528e+23	1.45e-02	4.24e-01	5.62e-01	2.85e-04	2.47e-06	0.00e+00	0.00e+00	0.00e+00	0.00e+00	0.00e+00	0.00e+00
 2.58917e+23	1.53e-02	4.23e-01	5.61e-01	2.48e-04	2.18e-06	0.00e+00	0.00e+00	0.00e+00	0.00e+00	0.00e+00	0.00e+00
 2.59253e+23	1.60e-02	4.22e-01	5.62e-01	2.22e-04	1.97e-06	0.00e+00	0.00e+00	0.00e+00	0.00e+00	0.00e+00	0.00e+00
 2.59500e+23	1.64e-02	4.21e-01	5.63e-01	2.05e-04	1.84e-06	0.00e+00	0.00e+00	0.00e+00	0.00e+00	0.00e+00	0.00e+00
 2.59673e+23	1.69e-02	4.20e-01	5.63e-01	1.94e-04	1.75e-06	0.00e+00	0.00e+00	0.00e+00	0.00e+00	0.00e+00	0.00e+00
 2.59847e+23	1.73e-02	4.20e-01	5.62e-01	1.84e-04	1.67e-06	0.00e+00	0.00e+00	0.00e+00	0.00e+00	0.00e+00	0.00e+00
 2.60050e+23	1.78e-02	4.20e-01	5.62e-01	1.72e-04	1.57e-06	0.00e+00	0.00e+00	0.00e+00	0.00e+00	0.00e+00	0.00e+00
 2.60277e+23	1.84e-02	4.19e-01	5.63e-01	1.61e-04	1.49e-06	0.00e+00	0.00e+00	0.00e+00	0.00e+00	0.00e+00	0.00e+00
 2.60513e+23	1.89e-02	4.17e-01	5.63e-01	1.51e-04	1.40e-06	0.00e+00	0.00e+00	0.00e+00	0.00e+00	0.00e+00	0.00e+00
 2.60743e+23	1.95e-02	4.16e-01	5.64e-01	1.42e-04	1.33e-06	0.00e+00	0.00e+00	0.00e+00	0.00e+00	0.00e+00	0.00e+00
 2.60959e+23	1.99e-02	4.15e-01	5.65e-01	1.35e-04	1.27e-06	0.00e+00	0.00e+00	0.00e+00	0.00e+00	0.00e+00	0.00e+00
 2.61128e+23	2.03e-02	4.14e-01	5.66e-01	1.30e-04	1.23e-06	0.00e+00	0.00e+00	0.00e+00	0.00e+00	0.00e+00	0.00e+00
 2.61247e+23	2.06e-02	4.13e-01	5.66e-01	1.26e-04	1.21e-06	0.00e+00	0.00e+00	0.00e+00	0.00e+00	0.00e+00	0.00e+00
 2.61361e+23	2.10e-02	4.13e-01	5.65e-01	1.23e-04	1.18e-06	0.00e+00	0.00e+00	0.00e+00	0.00e+00	0.00e+00	0.00e+00
 2.61495e+23	2.13e-02	4.13e-01	5.66e-01	1.19e-04	1.15e-06	0.00e+00	0.00e+00	0.00e+00	0.00e+00	0.00e+00	0.00e+00
 2.61647e+23	2.17e-02	4.13e-01	5.65e-01	1.15e-04	1.12e-06	0.00e+00	0.00e+00	0.00e+00	0.00e+00	0.00e+00	0.00e+00
 2.61802e+23	2.22e-02	4.13e-01	5.65e-01	1.12e-04	1.09e-06	0.00e+00	0.00e+00	0.00e+00	0.00e+00	0.00e+00	0.00e+00
 2.61947e+23	2.26e-02	4.13e-01	5.65e-01	1.08e-04	1.07e-06	0.00e+00	0.00e+00	0.00e+00	0.00e+00	0.00e+00	0.00e+00
 2.62091e+23	2.31e-02	4.13e-01	5.64e-01	1.05e-04	1.04e-06	0.00e+00	0.00e+00	0.00e+00	0.00e+00	0.00e+00	0.00e+00
 2.62244e+23	2.36e-02	4.13e-01	5.64e-01	1.02e-04	1.02e-06	0.00e+00	0.00e+00	0.00e+00	0.00e+00	0.00e+00	0.00e+00
 2.62405e+23	2.41e-02	4.13e-01	5.63e-01	9.91e-05	9.93e-07	0.00e+00	0.00e+00	0.00e+00	0.00e+00	0.00e+00	0.00e+00
 2.62568e+23	2.46e-02	4.13e-01	5.62e-01	9.63e-05	9.71e-07	0.00e+00	0.00e+00	0.00e+00	0.00e+00	0.00e+00	0.00e+00
 2.62732e+23	2.52e-02	4.14e-01	5.61e-01	9.35e-05	9.49e-07	0.00e+00	0.00e+00	0.00e+00	0.00e+00	0.00e+00	0.00e+00
 2.62902e+23	2.59e-02	4.15e-01	5.59e-01	9.07e-05	9.27e-07	0.00e+00	0.00e+00	0.00e+00	0.00e+00	0.00e+00	0.00e+00
 2.63074e+23	2.65e-02	4.16e-01	5.58e-01	8.81e-05	9.07e-07	0.00e+00	0.00e+00	0.00e+00	0.00e+00	0.00e+00	0.00e+00
 2.63251e+23	2.72e-02	4.17e-01	5.56e-01	8.56e-05	8.87e-07	0.00e+00	0.00e+00	0.00e+00	0.00e+00	0.00e+00	0.00e+00
 2.63435e+23	2.80e-02	4.18e-01	5.54e-01	8.30e-05	8.67e-07	0.00e+00	0.00e+00	0.00e+00	0.00e+00	0.00e+00	0.00e+00
 2.63625e+23	2.88e-02	4.19e-01	5.52e-01	8.06e-05	8.48e-07	0.00e+00	0.00e+00	0.00e+00	0.00e+00	0.00e+00	0.00e+00
 2.63819e+23	2.95e-02	4.21e-01	5.50e-01	7.82e-05	8.30e-07	0.00e+00	0.00e+00	0.00e+00	0.00e+00	0.00e+00	0.00e+00
 2.64020e+23	3.05e-02	4.22e-01	5.47e-01	7.58e-05	8.11e-07	0.00e+00	0.00e+00	0.00e+00	0.00e+00	0.00e+00	0.00e+00
 2.64230e+23	3.14e-02	4.24e-01	5.44e-01	7.35e-05	7.93e-07	0.00e+00	0.00e+00	0.00e+00	0.00e+00	0.00e+00	0.00e+00
 2.64443e+23	3.24e-02	4.27e-01	5.41e-01	7.13e-05	7.75e-07	0.00e+00	0.00e+00	0.00e+00	0.00e+00	0.00e+00	0.00e+00
 2.64658e+23	3.35e-02	4.29e-01	5.38e-01	6.92e-05	7.58e-07	0.00e+00	0.00e+00	0.00e+00	0.00e+00	0.00e+00	0.00e+00
 2.64882e+23	3.46e-02	4.31e-01	5.34e-01	6.70e-05	7.41e-07	0.00e+00	0.00e+00	0.00e+00	0.00e+00	0.00e+00	0.00e+00
 2.65121e+23	3.58e-02	4.34e-01	5.30e-01	6.48e-05	7.24e-07	0.00e+00	0.00e+00	0.00e+00	0.00e+00	0.00e+00	0.00e+00
 2.65368e+23	3.71e-02	4.37e-01	5.26e-01	6.27e-05	7.07e-07	0.00e+00	0.00e+00	0.00e+00	0.00e+00	0.00e+00	0.00e+00
 2.65617e+23	3.83e-02	4.39e-01	5.22e-01	6.07e-05	6.91e-07	0.00e+00	0.00e+00	0.00e+00	0.00e+00	0.00e+00	0.00e+00
 2.65873e+23	3.97e-02	4.42e-01	5.18e-01	5.88e-05	6.75e-07	0.00e+00	0.00e+00	0.00e+00	0.00e+00	0.00e+00	0.00e+00
 2.66142e+23	4.12e-02	4.46e-01	5.13e-01	5.68e-05	6.59e-07	0.00e+00	0.00e+00	0.00e+00	0.00e+00	0.00e+00	0.00e+00
 2.66422e+23	4.27e-02	4.49e-01	5.08e-01	5.49e-05	6.43e-07	0.00e+00	0.00e+00	0.00e+00	0.00e+00	0.00e+00	0.00e+00
 2.66704e+23	4.43e-02	4.52e-01	5.03e-01	5.31e-05	6.28e-07	0.00e+00	0.00e+00	0.00e+00	0.00e+00	0.00e+00	0.00e+00
 2.66990e+23	4.61e-02	4.56e-01	4.97e-01	5.12e-05	6.13e-07	0.00e+00	0.00e+00	0.00e+00	0.00e+00	0.00e+00	0.00e+00
 2.67294e+23	4.79e-02	4.60e-01	4.92e-01	4.94e-05	5.98e-07	0.00e+00	0.00e+00	0.00e+00	0.00e+00	0.00e+00	0.00e+00
 2.67612e+23	4.99e-02	4.64e-01	4.86e-01	4.77e-05	5.83e-07	0.00e+00	0.00e+00	0.00e+00	0.00e+00	0.00e+00	0.00e+00
 2.67933e+23	5.18e-02	4.68e-01	4.80e-01	4.60e-05	5.68e-07	0.00e+00	0.00e+00	0.00e+00	0.00e+00	0.00e+00	0.00e+00
 2.68263e+23	5.40e-02	4.73e-01	4.73e-01	4.44e-05	5.53e-07	0.00e+00	0.00e+00	0.00e+00	0.00e+00	0.00e+00	0.00e+00
 2.68611e+23	5.63e-02	4.77e-01	4.66e-01	4.27e-05	5.38e-07	0.00e+00	0.00e+00	0.00e+00	0.00e+00	0.00e+00	0.00e+00
 2.68979e+23	5.86e-02	4.82e-01	4.60e-01	4.10e-05	5.23e-07	0.00e+00	0.00e+00	0.00e+00	0.00e+00	0.00e+00	0.00e+00
 2.69359e+23	6.13e-02	4.86e-01	4.52e-01	3.94e-05	5.08e-07	0.00e+00	0.00e+00	0.00e+00	0.00e+00	0.00e+00	0.00e+00
 2.69755e+23	6.41e-02	4.91e-01	4.44e-01	3.78e-05	4.92e-07	0.00e+00	0.00e+00	0.00e+00	0.00e+00	0.00e+00	0.00e+00
 2.70175e+23	6.73e-02	4.96e-01	4.36e-01	3.62e-05	4.76e-07	0.00e+00	0.00e+00	0.00e+00	0.00e+00	0.00e+00	0.00e+00
 2.70620e+23	7.06e-02	5.02e-01	4.28e-01	3.45e-05	4.59e-07	0.00e+00	0.00e+00	0.00e+00	0.00e+00	0.00e+00	0.00e+00
 2.71084e+23	7.45e-02	5.07e-01	4.18e-01	3.29e-05	4.41e-07	0.00e+00	0.00e+00	0.00e+00	0.00e+00	0.00e+00	0.00e+00
 2.71545e+23	7.82e-02	5.12e-01	4.09e-01	3.14e-05	4.25e-07	0.00e+00	0.00e+00	0.00e+00	0.00e+00	0.00e+00	0.00e+00
 2.71986e+23	8.21e-02	5.17e-01	4.01e-01	3.00e-05	4.10e-07	0.00e+00	0.00e+00	0.00e+00	0.00e+00	0.00e+00	0.00e+00
 2.72416e+23	8.60e-02	5.22e-01	3.92e-01	2.87e-05	3.95e-07	0.00e+00	0.00e+00	0.00e+00	0.00e+00	0.00e+00	0.00e+00
 2.72835e+23	9.00e-02	5.26e-01	3.84e-01	2.75e-05	3.80e-07	0.00e+00	0.00e+00	0.00e+00	0.00e+00	0.00e+00	0.00e+00
 2.73244e+23	9.41e-02	5.30e-01	3.76e-01	2.62e-05	3.66e-07	0.00e+00	0.00e+00	0.00e+00	0.00e+00	0.00e+00	0.00e+00
 2.73638e+23	9.82e-02	5.34e-01	3.68e-01	2.49e-05	3.53e-07	0.00e+00	0.00e+00	0.00e+00	0.00e+00	0.00e+00	0.00e+00
 2.74015e+23	1.02e-01	5.38e-01	3.60e-01	2.36e-05	3.40e-07	0.00e+00	0.00e+00	0.00e+00	0.00e+00	0.00e+00	0.00e+00
 2.74368e+23	1.06e-01	5.41e-01	3.53e-01	2.25e-05	3.29e-07	0.00e+00	0.00e+00	0.00e+00	0.00e+00	0.00e+00	0.00e+00
 2.74709e+23	1.11e-01	5.44e-01	3.45e-01	2.14e-05	3.17e-07	0.00e+00	0.00e+00	0.00e+00	0.00e+00	0.00e+00	0.00e+00
 2.75052e+23	1.15e-01	5.47e-01	3.38e-01	2.04e-05	3.06e-07	0.00e+00	0.00e+00	0.00e+00	0.00e+00	0.00e+00	0.00e+00
 2.75384e+23	1.19e-01	5.50e-01	3.31e-01	1.95e-05	2.95e-07	0.00e+00	0.00e+00	0.00e+00	0.00e+00	0.00e+00	0.00e+00
 2.75704e+23	1.24e-01	5.52e-01	3.24e-01	1.86e-05	2.85e-07	0.00e+00	0.00e+00	0.00e+00	0.00e+00	0.00e+00	0.00e+00
 2.76012e+23	1.28e-01	5.55e-01	3.17e-01	1.78e-05	2.75e-07	0.00e+00	0.00e+00	0.00e+00	0.00e+00	0.00e+00	0.00e+00
 2.76310e+23	1.33e-01	5.57e-01	3.11e-01	1.70e-05	2.65e-07	0.00e+00	0.00e+00	0.00e+00	0.00e+00	0.00e+00	0.00e+00
 2.76599e+23	1.37e-01	5.59e-01	3.04e-01	1.63e-05	2.56e-07	0.00e+00	0.00e+00	0.00e+00	0.00e+00	0.00e+00	0.00e+00
 2.76878e+23	1.42e-01	5.61e-01	2.98e-01	1.56e-05	2.47e-07	0.00e+00	0.00e+00	0.00e+00	0.00e+00	0.00e+00	0.00e+00
 2.77146e+23	1.46e-01	5.62e-01	2.92e-01	1.50e-05	2.39e-07	0.00e+00	0.00e+00	0.00e+00	0.00e+00	0.00e+00	0.00e+00
 2.77406e+23	1.51e-01	5.64e-01	2.85e-01	1.44e-05	2.30e-07	0.00e+00	0.00e+00	0.00e+00	0.00e+00	0.00e+00	0.00e+00
 2.77656e+23	1.56e-01	5.65e-01	2.79e-01	1.38e-05	2.23e-07	0.00e+00	0.00e+00	0.00e+00	0.00e+00	0.00e+00	0.00e+00
 2.77893e+23	1.60e-01	5.66e-01	2.74e-01	1.33e-05	2.15e-07	0.00e+00	0.00e+00	0.00e+00	0.00e+00	0.00e+00	0.00e+00
 2.78126e+23	1.65e-01	5.67e-01	2.68e-01	1.28e-05	2.08e-07	0.00e+00	0.00e+00	0.00e+00	0.00e+00	0.00e+00	0.00e+00
 2.78352e+23	1.70e-01	5.68e-01	2.62e-01	1.23e-05	2.01e-07	0.00e+00	0.00e+00	0.00e+00	0.00e+00	0.00e+00	0.00e+00
 2.78559e+23	1.75e-01	5.69e-01	2.57e-01	1.19e-05	1.95e-07	0.00e+00	0.00e+00	0.00e+00	0.00e+00	0.00e+00	0.00e+00
 2.78747e+23	1.79e-01	5.69e-01	2.52e-01	1.15e-05	1.89e-07	0.00e+00	0.00e+00	0.00e+00	0.00e+00	0.00e+00	0.00e+00
 2.78918e+23	1.83e-01	5.70e-01	2.47e-01	1.11e-05	1.84e-07	0.00e+00	0.00e+00	0.00e+00	0.00e+00	0.00e+00	0.00e+00
 2.79073e+23	1.87e-01	5.70e-01	2.43e-01	1.08e-05	1.80e-07	0.00e+00	0.00e+00	0.00e+00	0.00e+00	0.00e+00	0.00e+00
 2.79215e+23	1.91e-01	5.70e-01	2.39e-01	1.06e-05	1.75e-07	0.00e+00	0.00e+00	0.00e+00	0.00e+00	0.00e+00	0.00e+00
 2.79344e+23	1.94e-01	5.70e-01	2.35e-01	1.03e-05	1.72e-07	0.00e+00	0.00e+00	0.00e+00	0.00e+00	0.00e+00	0.00e+00
 2.79461e+23	1.98e-01	5.70e-01	2.32e-01	1.01e-05	1.68e-07	0.00e+00	0.00e+00	0.00e+00	0.00e+00	0.00e+00	0.00e+00
 2.79589e+23	2.02e-01	5.70e-01	2.28e-01	9.80e-06	1.64e-07	0.00e+00	0.00e+00	0.00e+00	0.00e+00	0.00e+00	0.00e+00
 2.79728e+23	2.05e-01	5.70e-01	2.24e-01	9.56e-06	1.60e-07	0.00e+00	0.00e+00	0.00e+00	0.00e+00	0.00e+00	0.00e+00
 2.79854e+23	2.09e-01	5.70e-01	2.21e-01	9.34e-06	1.57e-07	0.00e+00	0.00e+00	0.00e+00	0.00e+00	0.00e+00	0.00e+00
 2.79993e+23	2.13e-01	5.70e-01	2.17e-01	9.07e-06	1.53e-07	0.00e+00	0.00e+00	0.00e+00	0.00e+00	0.00e+00	0.00e+00
 2.80142e+23	2.17e-01	5.69e-01	2.13e-01	8.82e-06	1.49e-07	0.00e+00	0.00e+00	0.00e+00	0.00e+00	0.00e+00	0.00e+00
 2.80278e+23	2.21e-01	5.69e-01	2.10e-01	8.60e-06	1.46e-07	0.00e+00	0.00e+00	0.00e+00	0.00e+00	0.00e+00	0.00e+00
 2.80402e+23	2.24e-01	5.69e-01	2.07e-01	8.41e-06	1.43e-07	0.00e+00	0.00e+00	0.00e+00	0.00e+00	0.00e+00	0.00e+00
 2.80537e+23	2.29e-01	5.68e-01	2.03e-01	8.15e-06	1.39e-07	0.00e+00	0.00e+00	0.00e+00	0.00e+00	0.00e+00	0.00e+00
 2.80683e+23	2.33e-01	5.68e-01	1.99e-01	7.94e-06	1.36e-07	0.00e+00	0.00e+00	0.00e+00	0.00e+00	0.00e+00	0.00e+00
 2.80816e+23	2.37e-01	5.67e-01	1.96e-01	7.75e-06	1.33e-07	0.00e+00	0.00e+00	0.00e+00	0.00e+00	0.00e+00	0.00e+00
 2.80962e+23	2.41e-01	5.66e-01	1.92e-01	7.52e-06	1.30e-07	0.00e+00	0.00e+00	0.00e+00	0.00e+00	0.00e+00	0.00e+00
 2.81120e+23	2.45e-01	5.66e-01	1.89e-01	7.31e-06	1.27e-07	0.00e+00	0.00e+00	0.00e+00	0.00e+00	0.00e+00	0.00e+00
 2.81263e+23	2.50e-01	5.65e-01	1.85e-01	7.11e-06	0.00e+00	0.00e+00	0.00e+00	0.00e+00	0.00e+00	0.00e+00	0.00e+00
 2.81394e+23	2.53e-01	5.64e-01	1.83e-01	6.97e-06	0.00e+00	0.00e+00	0.00e+00	0.00e+00	0.00e+00	0.00e+00	0.00e+00
 2.81536e+23	2.57e-01	5.63e-01	1.79e-01	6.75e-06	0.00e+00	0.00e+00	0.00e+00	0.00e+00	0.00e+00	0.00e+00	0.00e+00
 2.81691e+23	2.62e-01	5.62e-01	1.76e-01	6.57e-06	0.00e+00	0.00e+00	0.00e+00	0.00e+00	0.00e+00	0.00e+00	0.00e+00
 2.81831e+23	2.66e-01	5.61e-01	1.73e-01	6.38e-06	0.00e+00	0.00e+00	0.00e+00	0.00e+00	0.00e+00	0.00e+00	0.00e+00
 2.81959e+23	2.69e-01	5.60e-01	1.71e-01	6.26e-06	0.00e+00	0.00e+00	0.00e+00	0.00e+00	0.00e+00	0.00e+00	0.00e+00
 2.82099e+23	2.74e-01	5.59e-01	1.67e-01	6.07e-06	0.00e+00	0.00e+00	0.00e+00	0.00e+00	0.00e+00	0.00e+00	0.00e+00
 2.82250e+23	2.78e-01	5.58e-01	1.64e-01	5.90e-06	0.00e+00	0.00e+00	0.00e+00	0.00e+00	0.00e+00	0.00e+00	0.00e+00
 2.82388e+23	2.83e-01	5.56e-01	1.61e-01	5.74e-06	0.00e+00	0.00e+00	0.00e+00	0.00e+00	0.00e+00	0.00e+00	0.00e+00
 2.82513e+23	2.86e-01	5.55e-01	1.59e-01	5.63e-06	0.00e+00	0.00e+00	0.00e+00	0.00e+00	0.00e+00	0.00e+00	0.00e+00
 2.82650e+23	2.91e-01	5.54e-01	1.56e-01	5.46e-06	0.00e+00	0.00e+00	0.00e+00	0.00e+00	0.00e+00	0.00e+00	0.00e+00
 2.82798e+23	2.95e-01	5.52e-01	1.53e-01	5.30e-06	0.00e+00	0.00e+00	0.00e+00	0.00e+00	0.00e+00	0.00e+00	0.00e+00
 2.82933e+23	2.99e-01	5.51e-01	1.50e-01	5.17e-06	0.00e+00	0.00e+00	0.00e+00	0.00e+00	0.00e+00	0.00e+00	0.00e+00
 2.83055e+23	3.04e-01	5.49e-01	1.47e-01	5.04e-06	0.00e+00	0.00e+00	0.00e+00	0.00e+00	0.00e+00	0.00e+00	0.00e+00
 2.83167e+23	3.07e-01	5.48e-01	1.45e-01	4.94e-06	0.00e+00	0.00e+00	0.00e+00	0.00e+00	0.00e+00	0.00e+00	0.00e+00
 2.83289e+23	3.12e-01	5.46e-01	1.42e-01	4.80e-06	0.00e+00	0.00e+00	0.00e+00	0.00e+00	0.00e+00	0.00e+00	0.00e+00
 2.83448e+23	3.17e-01	5.44e-01	1.39e-01	4.64e-06	0.00e+00	0.00e+00	0.00e+00	0.00e+00	0.00e+00	0.00e+00	0.00e+00
 2.83620e+23	3.22e-01	5.42e-01	1.36e-01	4.50e-06	0.00e+00	0.00e+00	0.00e+00	0.00e+00	0.00e+00	0.00e+00	0.00e+00
 2.83776e+23	3.27e-01	5.39e-01	1.33e-01	4.36e-06	0.00e+00	0.00e+00	0.00e+00	0.00e+00	0.00e+00	0.00e+00	0.00e+00
 2.83918e+23	3.31e-01	5.38e-01	1.31e-01	4.25e-06	0.00e+00	0.00e+00	0.00e+00	0.00e+00	0.00e+00	0.00e+00	0.00e+00
 2.84047e+23	3.36e-01	5.36e-01	1.28e-01	4.14e-06	0.00e+00	0.00e+00	0.00e+00	0.00e+00	0.00e+00	0.00e+00	0.00e+00
 2.84165e+23	3.40e-01	5.34e-01	1.26e-01	4.04e-06	0.00e+00	0.00e+00	0.00e+00	0.00e+00	0.00e+00	0.00e+00	0.00e+00
 2.84294e+23	3.45e-01	5.31e-01	1.23e-01	3.92e-06	0.00e+00	0.00e+00	0.00e+00	0.00e+00	0.00e+00	0.00e+00	0.00e+00
 2.84433e+23	3.50e-01	5.29e-01	1.21e-01	3.81e-06	0.00e+00	0.00e+00	0.00e+00	0.00e+00	0.00e+00	0.00e+00	0.00e+00
 2.84560e+23	3.55e-01	5.27e-01	1.18e-01	3.71e-06	0.00e+00	0.00e+00	0.00e+00	0.00e+00	0.00e+00	0.00e+00	0.00e+00
 2.84675e+23	3.58e-01	5.25e-01	1.17e-01	3.64e-06	0.00e+00	0.00e+00	0.00e+00	0.00e+00	0.00e+00	0.00e+00	0.00e+00
 2.84801e+23	3.63e-01	5.23e-01	1.14e-01	3.54e-06	0.00e+00	0.00e+00	0.00e+00	0.00e+00	0.00e+00	0.00e+00	0.00e+00
 2.84938e+23	3.67e-01	5.21e-01	1.12e-01	3.45e-06	0.00e+00	0.00e+00	0.00e+00	0.00e+00	0.00e+00	0.00e+00	0.00e+00
 2.85062e+23	3.71e-01	5.18e-01	1.10e-01	3.36e-06	0.00e+00	0.00e+00	0.00e+00	0.00e+00	0.00e+00	0.00e+00	0.00e+00
 2.85175e+23	3.74e-01	5.17e-01	1.09e-01	3.29e-06	0.00e+00	0.00e+00	0.00e+00	0.00e+00	0.00e+00	0.00e+00	0.00e+00
 2.85299e+23	3.79e-01	5.14e-01	1.07e-01	3.21e-06	0.00e+00	0.00e+00	0.00e+00	0.00e+00	0.00e+00	0.00e+00	0.00e+00
 2.85432e+23	3.82e-01	5.13e-01	1.05e-01	3.14e-06	0.00e+00	0.00e+00	0.00e+00	0.00e+00	0.00e+00	0.00e+00	0.00e+00
 2.85579e+23	3.87e-01	5.10e-01	1.03e-01	3.04e-06	0.00e+00	0.00e+00	0.00e+00	0.00e+00	0.00e+00	0.00e+00	0.00e+00
 2.85737e+23	3.91e-01	5.08e-01	1.01e-01	2.96e-06	0.00e+00	0.00e+00	0.00e+00	0.00e+00	0.00e+00	0.00e+00	0.00e+00
 2.85910e+23	3.97e-01	5.05e-01	9.85e-02	2.86e-06	0.00e+00	0.00e+00	0.00e+00	0.00e+00	0.00e+00	0.00e+00	0.00e+00
 2.86097e+23	4.02e-01	5.02e-01	9.64e-02	2.78e-06	0.00e+00	0.00e+00	0.00e+00	0.00e+00	0.00e+00	0.00e+00	0.00e+00
 2.86267e+23	4.07e-01	4.99e-01	9.42e-02	2.69e-06	0.00e+00	0.00e+00	0.00e+00	0.00e+00	0.00e+00	0.00e+00	0.00e+00
 2.86422e+23	4.10e-01	4.97e-01	9.28e-02	2.63e-06	0.00e+00	0.00e+00	0.00e+00	0.00e+00	0.00e+00	0.00e+00	0.00e+00
 2.86591e+23	4.17e-01	4.93e-01	9.01e-02	2.53e-06	0.00e+00	0.00e+00	0.00e+00	0.00e+00	0.00e+00	0.00e+00	0.00e+00
 2.86775e+23	4.21e-01	4.90e-01	8.85e-02	2.46e-06	0.00e+00	0.00e+00	0.00e+00	0.00e+00	0.00e+00	0.00e+00	0.00e+00
 2.86941e+23	4.26e-01	4.87e-01	8.65e-02	2.38e-06	0.00e+00	0.00e+00	0.00e+00	0.00e+00	0.00e+00	0.00e+00	0.00e+00
 2.87093e+23	4.31e-01	4.84e-01	8.46e-02	2.32e-06	0.00e+00	0.00e+00	0.00e+00	0.00e+00	0.00e+00	0.00e+00	0.00e+00
 2.87231e+23	4.34e-01	4.82e-01	8.34e-02	2.27e-06	0.00e+00	0.00e+00	0.00e+00	0.00e+00	0.00e+00	0.00e+00	0.00e+00
 2.87382e+23	4.40e-01	4.79e-01	8.12e-02	2.19e-06	0.00e+00	0.00e+00	0.00e+00	0.00e+00	0.00e+00	0.00e+00	0.00e+00
 2.87545e+23	4.43e-01	4.77e-01	8.00e-02	2.14e-06	0.00e+00	0.00e+00	0.00e+00	0.00e+00	0.00e+00	0.00e+00	0.00e+00
 2.87724e+23	4.49e-01	4.73e-01	7.79e-02	2.07e-06	0.00e+00	0.00e+00	0.00e+00	0.00e+00	0.00e+00	0.00e+00	0.00e+00
 2.87917e+23	4.54e-01	4.70e-01	7.63e-02	2.00e-06	0.00e+00	0.00e+00	0.00e+00	0.00e+00	0.00e+00	0.00e+00	0.00e+00
 2.88093e+23	4.58e-01	4.67e-01	7.49e-02	1.95e-06	0.00e+00	0.00e+00	0.00e+00	0.00e+00	0.00e+00	0.00e+00	0.00e+00
 2.88286e+23	4.64e-01	4.63e-01	7.27e-02	1.87e-06	0.00e+00	0.00e+00	0.00e+00	0.00e+00	0.00e+00	0.00e+00	0.00e+00
 2.88494e+23	4.69e-01	4.60e-01	7.10e-02	1.81e-06	0.00e+00	0.00e+00	0.00e+00	0.00e+00	0.00e+00	0.00e+00	0.00e+00
 2.88683e+23	4.75e-01	4.56e-01	6.92e-02	1.75e-06	0.00e+00	0.00e+00	0.00e+00	0.00e+00	0.00e+00	0.00e+00	0.00e+00
 2.88855e+23	4.78e-01	4.54e-01	6.81e-02	1.71e-06	0.00e+00	0.00e+00	0.00e+00	0.00e+00	0.00e+00	0.00e+00	0.00e+00
 2.89044e+23	4.84e-01	4.49e-01	6.62e-02	1.65e-06	0.00e+00	0.00e+00	0.00e+00	0.00e+00	0.00e+00	0.00e+00	0.00e+00
 2.89248e+23	4.89e-01	4.46e-01	6.47e-02	1.60e-06	0.00e+00	0.00e+00	0.00e+00	0.00e+00	0.00e+00	0.00e+00	0.00e+00
 2.89433e+23	4.93e-01	4.43e-01	6.35e-02	1.55e-06	0.00e+00	0.00e+00	0.00e+00	0.00e+00	0.00e+00	0.00e+00	0.00e+00
 2.89636e+23	5.00e-01	4.39e-01	6.16e-02	1.49e-06	0.00e+00	0.00e+00	0.00e+00	0.00e+00	0.00e+00	0.00e+00	0.00e+00
 2.89855e+23	5.05e-01	4.35e-01	6.01e-02	1.44e-06	0.00e+00	0.00e+00	0.00e+00	0.00e+00	0.00e+00	0.00e+00	0.00e+00
 2.90055e+23	5.09e-01	4.32e-01	5.89e-02	1.40e-06	0.00e+00	0.00e+00	0.00e+00	0.00e+00	0.00e+00	0.00e+00	0.00e+00
 2.90274e+23	5.15e-01	4.27e-01	5.71e-02	1.34e-06	0.00e+00	0.00e+00	0.00e+00	0.00e+00	0.00e+00	0.00e+00	0.00e+00
 2.90510e+23	5.20e-01	4.24e-01	5.59e-02	1.30e-06	0.00e+00	0.00e+00	0.00e+00	0.00e+00	0.00e+00	0.00e+00	0.00e+00
 2.90725e+23	5.25e-01	4.20e-01	5.44e-02	1.26e-06	0.00e+00	0.00e+00	0.00e+00	0.00e+00	0.00e+00	0.00e+00	0.00e+00
 2.90920e+23	5.31e-01	4.16e-01	5.30e-02	1.22e-06	0.00e+00	0.00e+00	0.00e+00	0.00e+00	0.00e+00	0.00e+00	0.00e+00
 2.91098e+23	5.34e-01	4.14e-01	5.22e-02	1.19e-06	0.00e+00	0.00e+00	0.00e+00	0.00e+00	0.00e+00	0.00e+00	0.00e+00
 2.91293e+23	5.40e-01	4.10e-01	5.07e-02	1.14e-06	0.00e+00	0.00e+00	0.00e+00	0.00e+00	0.00e+00	0.00e+00	0.00e+00
 2.91503e+23	5.43e-01	4.07e-01	5.00e-02	1.12e-06	0.00e+00	0.00e+00	0.00e+00	0.00e+00	0.00e+00	0.00e+00	0.00e+00
 2.91695e+23	5.48e-01	4.03e-01	4.87e-02	1.08e-06	0.00e+00	0.00e+00	0.00e+00	0.00e+00	0.00e+00	0.00e+00	0.00e+00
 2.91905e+23	5.53e-01	3.99e-01	4.74e-02	1.04e-06	0.00e+00	0.00e+00	0.00e+00	0.00e+00	0.00e+00	0.00e+00	0.00e+00
 2.92131e+23	5.58e-01	3.95e-01	4.63e-02	1.01e-06	0.00e+00	0.00e+00	0.00e+00	0.00e+00	0.00e+00	0.00e+00	0.00e+00
 2.92338e+23	5.62e-01	3.93e-01	4.54e-02	9.81e-07	0.00e+00	0.00e+00	0.00e+00	0.00e+00	0.00e+00	0.00e+00	0.00e+00
 2.92564e+23	5.67e-01	3.88e-01	4.42e-02	9.44e-07	0.00e+00	0.00e+00	0.00e+00	0.00e+00	0.00e+00	0.00e+00	0.00e+00
 2.92807e+23	5.73e-01	3.84e-01	4.30e-02	9.11e-07	0.00e+00	0.00e+00	0.00e+00	0.00e+00	0.00e+00	0.00e+00	0.00e+00
 2.93029e+23	5.76e-01	3.81e-01	4.22e-02	8.85e-07	0.00e+00	0.00e+00	0.00e+00	0.00e+00	0.00e+00	0.00e+00	0.00e+00
 2.93273e+23	5.82e-01	3.77e-01	4.09e-02	8.50e-07	0.00e+00	0.00e+00	0.00e+00	0.00e+00	0.00e+00	0.00e+00	0.00e+00
 2.93535e+23	5.88e-01	3.73e-01	3.98e-02	8.19e-07	0.00e+00	0.00e+00	0.00e+00	0.00e+00	0.00e+00	0.00e+00	0.00e+00
 2.93774e+23	5.92e-01	3.69e-01	3.90e-02	7.95e-07	0.00e+00	0.00e+00	0.00e+00	0.00e+00	0.00e+00	0.00e+00	0.00e+00
 2.94036e+23	5.98e-01	3.64e-01	3.78e-02	7.61e-07	0.00e+00	0.00e+00	0.00e+00	0.00e+00	0.00e+00	0.00e+00	0.00e+00
 2.94319e+23	6.03e-01	3.60e-01	3.67e-02	7.33e-07	0.00e+00	0.00e+00	0.00e+00	0.00e+00	0.00e+00	0.00e+00	0.00e+00
 2.94576e+23	6.07e-01	3.57e-01	3.59e-02	7.09e-07	0.00e+00	0.00e+00	0.00e+00	0.00e+00	0.00e+00	0.00e+00	0.00e+00
 2.94858e+23	6.14e-01	3.52e-01	3.47e-02	6.79e-07	0.00e+00	0.00e+00	0.00e+00	0.00e+00	0.00e+00	0.00e+00	0.00e+00
 2.95162e+23	6.19e-01	3.47e-01	3.37e-02	6.52e-07	0.00e+00	0.00e+00	0.00e+00	0.00e+00	0.00e+00	0.00e+00	0.00e+00
 2.95439e+23	6.24e-01	3.44e-01	3.29e-02	6.30e-07	0.00e+00	0.00e+00	0.00e+00	0.00e+00	0.00e+00	0.00e+00	0.00e+00
 2.95742e+23	6.30e-01	3.38e-01	3.18e-02	6.02e-07	0.00e+00	0.00e+00	0.00e+00	0.00e+00	0.00e+00	0.00e+00	0.00e+00
 2.96070e+23	6.35e-01	3.34e-01	3.09e-02	5.78e-07	0.00e+00	0.00e+00	0.00e+00	0.00e+00	0.00e+00	0.00e+00	0.00e+00
 2.96368e+23	6.40e-01	3.30e-01	3.00e-02	5.56e-07	0.00e+00	0.00e+00	0.00e+00	0.00e+00	0.00e+00	0.00e+00	0.00e+00
 2.96639e+23	6.45e-01	3.26e-01	2.93e-02	5.38e-07	0.00e+00	0.00e+00	0.00e+00	0.00e+00	0.00e+00	0.00e+00	0.00e+00
 2.96937e+23	6.51e-01	3.21e-01	2.84e-02	5.14e-07	0.00e+00	0.00e+00	0.00e+00	0.00e+00	0.00e+00	0.00e+00	0.00e+00
 2.97258e+23	6.56e-01	3.17e-01	2.75e-02	4.94e-07	0.00e+00	0.00e+00	0.00e+00	0.00e+00	0.00e+00	0.00e+00	0.00e+00
 2.97550e+23	6.60e-01	3.13e-01	2.69e-02	4.77e-07	0.00e+00	0.00e+00	0.00e+00	0.00e+00	0.00e+00	0.00e+00	0.00e+00
 2.97870e+23	6.66e-01	3.08e-01	2.60e-02	4.56e-07	0.00e+00	0.00e+00	0.00e+00	0.00e+00	0.00e+00	0.00e+00	0.00e+00
 2.98215e+23	6.71e-01	3.03e-01	2.52e-02	4.37e-07	0.00e+00	0.00e+00	0.00e+00	0.00e+00	0.00e+00	0.00e+00	0.00e+00
 2.98530e+23	6.76e-01	3.00e-01	2.46e-02	4.22e-07	0.00e+00	0.00e+00	0.00e+00	0.00e+00	0.00e+00	0.00e+00	0.00e+00
 2.98874e+23	6.82e-01	2.95e-01	2.37e-02	4.03e-07	0.00e+00	0.00e+00	0.00e+00	0.00e+00	0.00e+00	0.00e+00	0.00e+00
 2.99246e+23	6.87e-01	2.90e-01	2.30e-02	3.86e-07	0.00e+00	0.00e+00	0.00e+00	0.00e+00	0.00e+00	0.00e+00	0.00e+00
 2.99584e+23	6.92e-01	2.86e-01	2.23e-02	3.70e-07	0.00e+00	0.00e+00	0.00e+00	0.00e+00	0.00e+00	0.00e+00	0.00e+00
 2.99892e+23	6.96e-01	2.82e-01	2.17e-02	3.57e-07	0.00e+00	0.00e+00	0.00e+00	0.00e+00	0.00e+00	0.00e+00	0.00e+00
 3.00230e+23	7.02e-01	2.77e-01	2.10e-02	3.42e-07	0.00e+00	0.00e+00	0.00e+00	0.00e+00	0.00e+00	0.00e+00	0.00e+00
 3.00594e+23	7.06e-01	2.73e-01	2.04e-02	3.28e-07	0.00e+00	0.00e+00	0.00e+00	0.00e+00	0.00e+00	0.00e+00	0.00e+00
 3.00926e+23	7.11e-01	2.69e-01	1.98e-02	3.15e-07	0.00e+00	0.00e+00	0.00e+00	0.00e+00	0.00e+00	0.00e+00	0.00e+00
 3.01289e+23	7.17e-01	2.64e-01	1.92e-02	3.01e-07	0.00e+00	0.00e+00	0.00e+00	0.00e+00	0.00e+00	0.00e+00	0.00e+00
 3.01681e+23	7.21e-01	2.60e-01	1.86e-02	2.89e-07	0.00e+00	0.00e+00	0.00e+00	0.00e+00	0.00e+00	0.00e+00	0.00e+00
 3.02038e+23	7.26e-01	2.56e-01	1.81e-02	2.77e-07	0.00e+00	0.00e+00	0.00e+00	0.00e+00	0.00e+00	0.00e+00	0.00e+00
