#depth	O	O+	O+2	O+3	O+4	O+5	O+6	O+7	O+8	O[1]	O[2]	O[3]
 1.54284e+22	8.18e-14	1.83e-09	1.75e-06	1.57e-04	2.72e-03	1.32e-02	3.32e-01	4.85e-01	1.67e-01	8.18e-14	1.62e-22	2.04e-22
 3.46167e+22	3.46e-13	6.80e-09	6.20e-06	5.18e-04	7.77e-03	2.84e-02	4.50e-01	4.20e-01	9.29e-02	3.46e-13	6.72e-22	8.42e-22
 4.02104e+22	5.60e-13	1.08e-08	1.00e-05	8.36e-04	1.18e-02	3.90e-02	5.00e-01	3.80e-01	6.84e-02	5.60e-13	1.10e-21	1.37e-21
 4.29611e+22	6.87e-13	1.33e-08	1.25e-05	1.04e-03	1.43e-02	4.51e-02	5.23e-01	3.58e-01	5.84e-02	6.87e-13	1.35e-21	1.69e-21
 4.42250e+22	7.40e-13	1.43e-08	1.36e-05	1.13e-03	1.54e-02	4.76e-02	5.31e-01	3.50e-01	5.50e-02	7.40e-13	1.45e-21	1.82e-21
 4.50232e+22	8.09e-13	1.57e-08	1.50e-05	1.26e-03	1.68e-02	5.09e-02	5.41e-01	3.40e-01	5.08e-02	8.09e-13	1.59e-21	1.99e-21
 4.58872e+22	8.77e-13	1.70e-08	1.64e-05	1.38e-03	1.81e-02	5.41e-02	5.49e-01	3.30e-01	4.73e-02	8.77e-13	1.72e-21	2.15e-21
 4.68350e+22	9.59e-13	1.88e-08	1.84e-05	1.55e-03	2.00e-02	5.84e-02	5.59e-01	3.18e-01	4.30e-02	9.59e-13	1.89e-21	2.36e-21
 4.77754e+22	1.04e-12	2.04e-08	2.01e-05	1.70e-03	2.15e-02	6.17e-02	5.66e-01	3.09e-01	4.01e-02	1.04e-12	2.05e-21	2.56e-21
 4.87080e+22	1.13e-12	2.24e-08	2.24e-05	1.90e-03	2.36e-02	6.62e-02	5.75e-01	2.97e-01	3.65e-02	1.13e-12	2.23e-21	2.79e-21
 4.96486e+22	1.22e-12	2.43e-08	2.45e-05	2.07e-03	2.53e-02	6.99e-02	5.81e-01	2.87e-01	3.39e-02	1.22e-12	2.41e-21	3.01e-21
 5.05997e+22	1.33e-12	2.68e-08	2.73e-05	2.32e-03	2.76e-02	7.48e-02	5.89e-01	2.75e-01	3.08e-02	1.33e-12	2.63e-21	3.29e-21
 5.15614e+22	1.43e-12	2.90e-08	2.98e-05	2.53e-03	2.96e-02	7.88e-02	5.94e-01	2.66e-01	2.85e-02	1.43e-12	2.84e-21	3.54e-21
 5.25369e+22	1.56e-12	3.19e-08	3.33e-05	2.83e-03	3.22e-02	8.43e-02	6.00e-01	2.55e-01	2.58e-02	1.56e-12	3.10e-21	3.86e-21
 5.35263e+22	1.68e-12	3.47e-08	3.64e-05	3.09e-03	3.44e-02	8.86e-02	6.05e-01	2.45e-01	2.39e-02	1.68e-12	3.34e-21	4.17e-21
 5.45337e+22	1.84e-12	3.83e-08	4.07e-05	3.46e-03	3.75e-02	9.46e-02	6.09e-01	2.34e-01	2.15e-02	1.84e-12	3.65e-21	4.56e-21
 5.55605e+22	1.99e-12	4.18e-08	4.47e-05	3.79e-03	4.00e-02	9.94e-02	6.12e-01	2.25e-01	1.98e-02	1.99e-12	3.96e-21	4.93e-21
 5.66125e+22	2.18e-12	4.65e-08	5.03e-05	4.25e-03	4.35e-02	1.06e-01	6.15e-01	2.13e-01	1.77e-02	2.18e-12	4.35e-21	5.42e-21
 5.76897e+22	2.38e-12	5.10e-08	5.56e-05	4.67e-03	4.65e-02	1.11e-01	6.17e-01	2.04e-01	1.62e-02	2.38e-12	4.74e-21	5.91e-21
 5.87998e+22	2.62e-12	5.72e-08	6.30e-05	5.26e-03	5.06e-02	1.19e-01	6.19e-01	1.92e-01	1.44e-02	2.62e-12	5.25e-21	6.54e-21
 5.99279e+22	2.89e-12	6.35e-08	7.00e-05	5.79e-03	5.40e-02	1.24e-01	6.19e-01	1.84e-01	1.31e-02	2.89e-12	5.80e-21	7.22e-21
 6.08818e+22	3.12e-12	6.92e-08	7.67e-05	6.30e-03	5.72e-02	1.30e-01	6.19e-01	1.76e-01	1.20e-02	3.12e-12	6.26e-21	7.79e-21
 6.19244e+22	3.45e-12	7.76e-08	8.65e-05	7.03e-03	6.16e-02	1.37e-01	6.17e-01	1.66e-01	1.07e-02	3.45e-12	6.95e-21	8.65e-21
 6.29312e+22	3.74e-12	8.47e-08	9.44e-05	7.59e-03	6.48e-02	1.42e-01	6.16e-01	1.59e-01	9.92e-03	3.74e-12	7.54e-21	9.38e-21
 6.38915e+22	4.09e-12	9.41e-08	1.05e-04	8.38e-03	6.91e-02	1.49e-01	6.14e-01	1.51e-01	8.92e-03	4.09e-12	8.27e-21	1.03e-20
 6.48625e+22	4.49e-12	1.04e-07	1.16e-04	9.07e-03	7.27e-02	1.54e-01	6.11e-01	1.45e-01	8.23e-03	4.49e-12	9.08e-21	1.13e-20
 6.58476e+22	4.97e-12	1.16e-07	1.30e-04	1.00e-02	7.75e-02	1.61e-01	6.07e-01	1.36e-01	7.38e-03	4.97e-12	1.01e-20	1.25e-20
 6.68481e+22	5.48e-12	1.28e-07	1.43e-04	1.09e-02	8.15e-02	1.67e-01	6.04e-01	1.30e-01	6.78e-03	5.48e-12	1.11e-20	1.38e-20
 6.78687e+22	6.11e-12	1.45e-07	1.61e-04	1.20e-02	8.68e-02	1.74e-01	5.98e-01	1.22e-01	6.04e-03	6.11e-12	1.25e-20	1.55e-20
 6.89039e+22	6.79e-12	1.62e-07	1.78e-04	1.30e-02	9.13e-02	1.80e-01	5.93e-01	1.17e-01	5.53e-03	6.79e-12	1.39e-20	1.72e-20
 6.99580e+22	7.66e-12	1.84e-07	2.02e-04	1.45e-02	9.72e-02	1.88e-01	5.86e-01	1.09e-01	4.90e-03	7.66e-12	1.57e-20	1.95e-20
 7.10333e+22	8.61e-12	2.07e-07	2.24e-04	1.57e-02	1.02e-01	1.94e-01	5.80e-01	1.04e-01	4.47e-03	8.61e-12	1.77e-20	2.20e-20
 7.21364e+22	9.82e-12	2.39e-07	2.56e-04	1.75e-02	1.09e-01	2.02e-01	5.71e-01	9.64e-02	3.93e-03	9.82e-12	2.02e-20	2.51e-20
 7.32631e+22	1.12e-11	2.71e-07	2.87e-04	1.90e-02	1.14e-01	2.08e-01	5.64e-01	9.11e-02	3.56e-03	1.12e-11	2.31e-20	2.86e-20
 7.44205e+22	1.29e-11	3.17e-07	3.30e-04	2.12e-02	1.22e-01	2.16e-01	5.53e-01	8.43e-02	3.10e-03	1.29e-11	2.68e-20	3.33e-20
 7.56044e+22	1.48e-11	3.62e-07	3.71e-04	2.32e-02	1.28e-01	2.22e-01	5.44e-01	7.92e-02	2.79e-03	1.48e-11	3.08e-20	3.82e-20
 7.68226e+22	1.75e-11	4.30e-07	4.31e-04	2.60e-02	1.37e-01	2.30e-01	5.31e-01	7.28e-02	2.41e-03	1.75e-11	3.67e-20	4.54e-20
 7.80553e+22	2.03e-11	4.96e-07	4.86e-04	2.84e-02	1.44e-01	2.36e-01	5.21e-01	6.82e-02	2.16e-03	2.03e-11	4.27e-20	5.28e-20
 7.93069e+22	2.43e-11	5.93e-07	5.67e-04	3.18e-02	1.53e-01	2.44e-01	5.07e-01	6.23e-02	1.85e-03	2.43e-11	5.12e-20	6.34e-20
 8.05725e+22	2.84e-11	6.88e-07	6.41e-04	3.47e-02	1.60e-01	2.50e-01	4.95e-01	5.81e-02	1.65e-03	2.84e-11	6.03e-20	7.45e-20
 8.18564e+22	3.45e-11	8.30e-07	7.51e-04	3.89e-02	1.70e-01	2.57e-01	4.79e-01	5.28e-02	1.41e-03	3.45e-11	7.35e-20	9.09e-20
 8.31113e+22	4.03e-11	9.58e-07	8.44e-04	4.22e-02	1.78e-01	2.62e-01	4.67e-01	4.92e-02	1.26e-03	4.03e-11	8.62e-20	1.07e-19
 8.43283e+22	4.86e-11	1.15e-06	9.79e-04	4.68e-02	1.87e-01	2.68e-01	4.51e-01	4.48e-02	1.08e-03	4.86e-11	1.05e-19	1.29e-19
 8.55903e+22	5.78e-11	1.34e-06	1.11e-03	5.10e-02	1.96e-01	2.72e-01	4.38e-01	4.15e-02	9.54e-04	5.78e-11	1.25e-19	1.55e-19
 8.66668e+22	6.69e-11	1.54e-06	1.24e-03	5.49e-02	2.03e-01	2.76e-01	4.26e-01	3.86e-02	8.52e-04	6.69e-11	1.46e-19	1.80e-19
 8.78225e+22	8.08e-11	1.83e-06	1.42e-03	6.02e-02	2.12e-01	2.80e-01	4.10e-01	3.52e-02	7.35e-04	8.08e-11	1.77e-19	2.18e-19
 8.89869e+22	9.46e-11	2.10e-06	1.58e-03	6.48e-02	2.20e-01	2.83e-01	3.97e-01	3.27e-02	6.54e-04	9.46e-11	2.08e-19	2.57e-19
 9.01626e+22	1.15e-10	2.50e-06	1.82e-03	7.09e-02	2.30e-01	2.86e-01	3.81e-01	2.97e-02	5.63e-04	1.15e-10	2.55e-19	3.14e-19
 9.13736e+22	1.36e-10	2.92e-06	2.05e-03	7.67e-02	2.38e-01	2.88e-01	3.67e-01	2.73e-02	4.93e-04	1.36e-10	3.04e-19	3.74e-19
 9.24463e+22	1.61e-10	3.36e-06	2.28e-03	8.23e-02	2.46e-01	2.90e-01	3.54e-01	2.52e-02	4.36e-04	1.61e-10	3.60e-19	4.43e-19
 9.36566e+22	1.98e-10	4.02e-06	2.62e-03	8.99e-02	2.56e-01	2.91e-01	3.38e-01	2.27e-02	3.72e-04	1.98e-10	4.47e-19	5.50e-19
 9.49328e+22	2.39e-10	4.74e-06	2.97e-03	9.72e-02	2.64e-01	2.92e-01	3.23e-01	2.06e-02	3.21e-04	2.39e-10	5.45e-19	6.69e-19
 9.60949e+22	2.86e-10	5.52e-06	3.33e-03	1.05e-01	2.73e-01	2.92e-01	3.09e-01	1.88e-02	2.80e-04	2.86e-10	6.57e-19	8.07e-19
 9.74059e+22	3.60e-10	6.70e-06	3.84e-03	1.14e-01	2.83e-01	2.91e-01	2.91e-01	1.67e-02	2.35e-04	3.60e-10	8.35e-19	1.02e-18
 9.87572e+22	4.41e-10	7.92e-06	4.35e-03	1.23e-01	2.91e-01	2.90e-01	2.76e-01	1.50e-02	2.00e-04	4.41e-10	1.03e-18	1.26e-18
 9.99574e+22	5.33e-10	9.27e-06	4.89e-03	1.32e-01	2.99e-01	2.88e-01	2.62e-01	1.36e-02	1.72e-04	5.33e-10	1.26e-18	1.54e-18
 1.01314e+23	6.79e-10	1.13e-05	5.64e-03	1.44e-01	3.08e-01	2.85e-01	2.45e-01	1.19e-02	1.43e-04	6.79e-10	1.62e-18	1.98e-18
 1.02722e+23	8.41e-10	1.34e-05	6.40e-03	1.55e-01	3.16e-01	2.82e-01	2.30e-01	1.06e-02	1.20e-04	8.41e-10	2.02e-18	2.47e-18
 1.03986e+23	1.03e-09	1.58e-05	7.19e-03	1.66e-01	3.22e-01	2.78e-01	2.16e-01	9.48e-03	1.02e-04	1.03e-09	2.50e-18	3.06e-18
 1.05418e+23	1.34e-09	1.94e-05	8.33e-03	1.80e-01	3.31e-01	2.73e-01	2.00e-01	8.18e-03	8.23e-05	1.34e-09	3.29e-18	4.02e-18
 1.06898e+23	1.67e-09	2.31e-05	9.42e-03	1.93e-01	3.37e-01	2.67e-01	1.86e-01	7.20e-03	6.84e-05	1.67e-09	4.16e-18	5.07e-18
 1.08438e+23	2.21e-09	2.86e-05	1.10e-02	2.10e-01	3.44e-01	2.60e-01	1.69e-01	6.10e-03	5.41e-05	2.21e-09	5.60e-18	6.82e-18
 1.09996e+23	2.78e-09	3.42e-05	1.24e-02	2.25e-01	3.48e-01	2.53e-01	1.56e-01	5.32e-03	4.45e-05	2.78e-09	7.14e-18	8.68e-18
 1.11364e+23	3.46e-09	4.04e-05	1.39e-02	2.39e-01	3.52e-01	2.46e-01	1.44e-01	4.65e-03	3.68e-05	3.46e-09	9.03e-18	1.10e-17
 1.12932e+23	4.63e-09	5.03e-05	1.62e-02	2.58e-01	3.56e-01	2.36e-01	1.30e-01	3.87e-03	2.84e-05	4.63e-09	1.23e-17	1.50e-17
 1.14517e+23	5.82e-09	5.97e-05	1.82e-02	2.74e-01	3.58e-01	2.28e-01	1.19e-01	3.34e-03	2.32e-05	5.82e-09	1.57e-17	1.91e-17
 1.16125e+23	7.78e-09	7.39e-05	2.10e-02	2.94e-01	3.60e-01	2.17e-01	1.06e-01	2.76e-03	1.78e-05	7.78e-09	2.15e-17	2.61e-17
 1.17761e+23	9.89e-09	8.82e-05	2.36e-02	3.10e-01	3.60e-01	2.07e-01	9.59e-02	2.35e-03	1.43e-05	9.89e-09	2.79e-17	3.38e-17
 1.19216e+23	1.25e-08	1.05e-04	2.64e-02	3.27e-01	3.59e-01	1.98e-01	8.68e-02	2.00e-03	1.14e-05	1.25e-08	3.60e-17	4.37e-17
 1.20889e+23	1.69e-08	1.30e-04	3.04e-02	3.49e-01	3.57e-01	1.86e-01	7.61e-02	1.62e-03	8.56e-06	1.69e-08	5.01e-17	6.06e-17
 1.22589e+23	2.15e-08	1.55e-04	3.40e-02	3.66e-01	3.54e-01	1.76e-01	6.81e-02	1.36e-03	6.75e-06	2.15e-08	6.54e-17	7.92e-17
 1.24323e+23	2.94e-08	1.93e-04	3.91e-02	3.88e-01	3.49e-01	1.63e-01	5.89e-02	1.08e-03	4.95e-06	2.94e-08	9.23e-17	1.12e-16
 1.26074e+23	3.74e-08	2.29e-04	4.35e-02	4.05e-01	3.44e-01	1.53e-01	5.23e-02	9.00e-04	3.86e-06	3.74e-08	1.21e-16	1.46e-16
 1.27848e+23	5.12e-08	2.84e-04	4.98e-02	4.27e-01	3.37e-01	1.41e-01	4.48e-02	7.06e-04	2.78e-06	5.12e-08	1.72e-16	2.08e-16
 1.29587e+23	6.43e-08	3.33e-04	5.49e-02	4.42e-01	3.30e-01	1.32e-01	3.98e-02	5.89e-04	2.18e-06	6.43e-08	2.23e-16	2.69e-16
 1.31280e+23	8.63e-08	4.08e-04	6.22e-02	4.61e-01	3.21e-01	1.21e-01	3.40e-02	4.63e-04	1.58e-06	8.63e-08	3.11e-16	3.75e-16
 1.32918e+23	1.06e-07	4.70e-04	6.77e-02	4.74e-01	3.14e-01	1.13e-01	3.03e-02	3.90e-04	1.26e-06	1.06e-07	3.92e-16	4.74e-16
 1.34483e+23	1.38e-07	5.63e-04	7.53e-02	4.90e-01	3.04e-01	1.03e-01	2.61e-02	3.11e-04	9.33e-07	1.38e-07	5.30e-16	6.40e-16
 1.36048e+23	1.69e-07	6.46e-04	8.17e-02	5.02e-01	2.96e-01	9.62e-02	2.32e-02	2.61e-04	7.38e-07	1.69e-07	6.67e-16	8.05e-16
 1.37614e+23	2.20e-07	7.71e-04	9.05e-02	5.16e-01	2.85e-01	8.76e-02	1.99e-02	2.07e-04	5.43e-07	2.20e-07	8.98e-16	1.08e-15
 1.39218e+23	2.72e-07	8.89e-04	9.83e-02	5.27e-01	2.76e-01	8.08e-02	1.75e-02	1.70e-04	4.21e-07	2.72e-07	1.14e-15	1.38e-15
 1.40871e+23	3.55e-07	1.06e-03	1.09e-01	5.39e-01	2.63e-01	7.28e-02	1.48e-02	1.33e-04	3.04e-07	3.55e-07	1.54e-15	1.86e-15
 1.42543e+23	4.40e-07	1.22e-03	1.18e-01	5.48e-01	2.53e-01	6.67e-02	1.29e-02	1.09e-04	2.32e-07	4.40e-07	1.96e-15	2.36e-15
 1.44240e+23	5.79e-07	1.47e-03	1.30e-01	5.58e-01	2.40e-01	5.94e-02	1.07e-02	8.31e-05	1.64e-07	5.79e-07	2.68e-15	3.22e-15
 1.45938e+23	7.10e-07	1.68e-03	1.40e-01	5.64e-01	2.30e-01	5.42e-02	9.34e-03	6.77e-05	1.25e-07	7.10e-07	3.37e-15	4.05e-15
 1.47373e+23	8.61e-07	1.91e-03	1.50e-01	5.69e-01	2.21e-01	4.97e-02	8.17e-03	5.57e-05	0.00e+00	8.61e-07	4.19e-15	5.04e-15
 1.48705e+23	1.03e-06	2.14e-03	1.60e-01	5.73e-01	2.12e-01	4.57e-02	7.21e-03	4.63e-05	0.00e+00	1.03e-06	5.12e-15	6.15e-15
 1.49977e+23	1.22e-06	2.40e-03	1.70e-01	5.76e-01	2.03e-01	4.21e-02	6.37e-03	3.87e-05	0.00e+00	1.22e-06	6.22e-15	7.45e-15
 1.51439e+23	1.52e-06	2.77e-03	1.83e-01	5.78e-01	1.92e-01	3.77e-02	5.42e-03	3.06e-05	0.00e+00	1.52e-06	7.99e-15	9.57e-15
 1.52909e+23	1.80e-06	3.09e-03	1.94e-01	5.79e-01	1.84e-01	3.46e-02	4.76e-03	2.54e-05	0.00e+00	1.80e-06	9.69e-15	1.16e-14
 1.54390e+23	2.23e-06	3.55e-03	2.08e-01	5.80e-01	1.73e-01	3.09e-02	4.04e-03	2.00e-05	0.00e+00	2.23e-06	1.24e-14	1.48e-14
 1.55890e+23	2.66e-06	3.98e-03	2.21e-01	5.79e-01	1.65e-01	2.81e-02	3.51e-03	1.63e-05	0.00e+00	2.66e-06	1.51e-14	1.81e-14
 1.57206e+23	3.15e-06	4.43e-03	2.33e-01	5.77e-01	1.57e-01	2.55e-02	3.07e-03	1.34e-05	0.00e+00	3.15e-06	1.83e-14	2.19e-14
 1.58707e+23	3.88e-06	5.06e-03	2.49e-01	5.73e-01	1.47e-01	2.27e-02	2.59e-03	1.05e-05	0.00e+00	3.88e-06	2.34e-14	2.79e-14
 1.60239e+23	4.61e-06	5.65e-03	2.64e-01	5.70e-01	1.39e-01	2.04e-02	2.23e-03	8.50e-06	0.00e+00	4.61e-06	2.85e-14	3.40e-14
 1.61604e+23	5.47e-06	6.30e-03	2.78e-01	5.65e-01	1.31e-01	1.84e-02	1.93e-03	6.90e-06	0.00e+00	5.47e-06	3.47e-14	4.14e-14
 1.62841e+23	6.31e-06	6.91e-03	2.90e-01	5.60e-01	1.24e-01	1.69e-02	1.71e-03	5.77e-06	0.00e+00	6.31e-06	4.10e-14	4.88e-14
 1.64116e+23	7.47e-06	7.69e-03	3.05e-01	5.54e-01	1.17e-01	1.52e-02	1.47e-03	4.68e-06	0.00e+00	7.47e-06	4.99e-14	5.94e-14
 1.65774e+23	9.42e-06	8.92e-03	3.26e-01	5.43e-01	1.07e-01	1.31e-02	1.20e-03	3.48e-06	0.00e+00	9.42e-06	6.54e-14	7.78e-14
 1.67393e+23	1.11e-05	9.88e-03	3.42e-01	5.35e-01	1.01e-01	1.17e-02	1.03e-03	2.81e-06	0.00e+00	1.11e-05	7.91e-14	9.41e-14
 1.68960e+23	1.36e-05	1.13e-02	3.62e-01	5.23e-01	9.27e-02	1.02e-02	8.48e-04	2.13e-06	0.00e+00	1.36e-05	1.01e-13	1.20e-13
 1.70576e+23	1.62e-05	1.26e-02	3.79e-01	5.12e-01	8.60e-02	9.00e-03	7.16e-04	1.68e-06	0.00e+00	1.62e-05	1.24e-13	1.48e-13
 1.72256e+23	2.01e-05	1.44e-02	4.01e-01	4.98e-01	7.83e-02	7.71e-03	5.80e-04	1.24e-06	0.00e+00	2.01e-05	1.61e-13	1.91e-13
 1.73963e+23	2.40e-05	1.61e-02	4.20e-01	4.84e-01	7.21e-02	6.74e-03	4.85e-04	9.64e-07	0.00e+00	2.40e-05	1.98e-13	2.35e-13
 1.75705e+23	2.99e-05	1.85e-02	4.44e-01	4.67e-01	6.50e-02	5.70e-03	3.87e-04	7.02e-07	0.00e+00	2.99e-05	2.58e-13	3.06e-13
 1.77478e+23	3.57e-05	2.06e-02	4.64e-01	4.51e-01	5.93e-02	4.94e-03	3.19e-04	5.34e-07	0.00e+00	3.57e-05	3.20e-13	3.79e-13
 1.79048e+23	4.23e-05	2.29e-02	4.82e-01	4.36e-01	5.42e-02	4.29e-03	2.65e-04	4.12e-07	0.00e+00	4.23e-05	3.93e-13	4.65e-13
 1.80847e+23	5.25e-05	2.62e-02	5.06e-01	4.15e-01	4.83e-02	3.57e-03	2.08e-04	2.94e-07	0.00e+00	5.25e-05	5.12e-13	6.06e-13
 1.82690e+23	6.26e-05	2.92e-02	5.26e-01	3.98e-01	4.35e-02	3.05e-03	1.69e-04	2.19e-07	0.00e+00	6.26e-05	6.36e-13	7.51e-13
 1.84101e+23	7.07e-05	3.14e-02	5.41e-01	3.85e-01	4.04e-02	2.72e-03	1.46e-04	1.78e-07	0.00e+00	7.07e-05	7.39e-13	8.72e-13
 1.85446e+23	8.27e-05	3.46e-02	5.58e-01	3.68e-01	3.67e-02	2.35e-03	1.21e-04	1.37e-07	0.00e+00	8.27e-05	8.99e-13	1.06e-12
 1.86819e+23	9.33e-05	3.72e-02	5.72e-01	3.55e-01	3.39e-02	2.09e-03	1.04e-04	0.00e+00	0.00e+00	9.33e-05	1.05e-12	1.23e-12
 1.88230e+23	1.09e-04	4.11e-02	5.89e-01	3.38e-01	3.06e-02	1.79e-03	8.48e-05	0.00e+00	0.00e+00	1.09e-04	1.28e-12	1.50e-12
 1.89657e+23	1.24e-04	4.42e-02	6.03e-01	3.23e-01	2.80e-02	1.57e-03	7.18e-05	0.00e+00	0.00e+00	1.24e-04	1.49e-12	1.75e-12
 1.91105e+23	1.45e-04	4.87e-02	6.19e-01	3.06e-01	2.51e-02	1.34e-03	5.83e-05	0.00e+00	0.00e+00	1.45e-04	1.83e-12	2.14e-12
 1.92572e+23	1.64e-04	5.24e-02	6.32e-01	2.91e-01	2.29e-02	1.17e-03	4.89e-05	0.00e+00	0.00e+00	1.64e-04	2.14e-12	2.50e-12
 1.94063e+23	1.93e-04	5.77e-02	6.47e-01	2.73e-01	2.03e-02	9.80e-04	3.92e-05	0.00e+00	0.00e+00	1.93e-04	2.63e-12	3.07e-12
 1.95575e+23	2.18e-04	6.20e-02	6.60e-01	2.59e-01	1.84e-02	8.48e-04	3.27e-05	0.00e+00	0.00e+00	2.18e-04	3.08e-12	3.59e-12
 1.97116e+23	2.56e-04	6.83e-02	6.74e-01	2.41e-01	1.62e-02	7.04e-04	2.59e-05	0.00e+00	0.00e+00	2.56e-04	3.80e-12	4.41e-12
 1.98682e+23	2.89e-04	7.33e-02	6.85e-01	2.27e-01	1.45e-02	6.04e-04	2.13e-05	0.00e+00	0.00e+00	2.89e-04	4.47e-12	5.17e-12
 2.00282e+23	3.41e-04	8.08e-02	6.97e-01	2.09e-01	1.26e-02	4.95e-04	1.66e-05	0.00e+00	0.00e+00	3.41e-04	5.54e-12	6.39e-12
 2.01912e+23	3.86e-04	8.68e-02	7.06e-01	1.95e-01	1.12e-02	4.19e-04	1.35e-05	0.00e+00	0.00e+00	3.86e-04	6.55e-12	7.52e-12
 2.03582e+23	4.57e-04	9.60e-02	7.16e-01	1.77e-01	9.61e-03	3.37e-04	1.03e-05	0.00e+00	0.00e+00	4.57e-04	8.20e-12	9.38e-12
 2.05273e+23	5.17e-04	1.03e-01	7.24e-01	1.64e-01	8.46e-03	2.83e-04	8.31e-06	0.00e+00	0.00e+00	5.17e-04	9.69e-12	1.10e-11
 2.06993e+23	6.11e-04	1.13e-01	7.31e-01	1.48e-01	7.21e-03	2.26e-04	6.29e-06	0.00e+00	0.00e+00	6.11e-04	1.21e-11	1.38e-11
 2.08746e+23	6.94e-04	1.22e-01	7.36e-01	1.35e-01	6.27e-03	1.86e-04	4.98e-06	0.00e+00	0.00e+00	6.94e-04	1.44e-11	1.62e-11
 2.10541e+23	8.26e-04	1.35e-01	7.39e-01	1.20e-01	5.26e-03	1.45e-04	3.69e-06	0.00e+00	0.00e+00	8.26e-04	1.82e-11	2.04e-11
 2.12341e+23	9.37e-04	1.45e-01	7.41e-01	1.09e-01	4.55e-03	1.19e-04	2.89e-06	0.00e+00	0.00e+00	9.37e-04	2.15e-11	2.41e-11
 2.14149e+23	1.12e-03	1.60e-01	7.39e-01	9.54e-02	3.78e-03	9.15e-05	2.12e-06	0.00e+00	0.00e+00	1.12e-03	2.73e-11	3.02e-11
 2.15965e+23	1.27e-03	1.72e-01	7.38e-01	8.55e-02	3.24e-03	7.40e-05	1.65e-06	0.00e+00	0.00e+00	1.27e-03	3.25e-11	3.58e-11
 2.17791e+23	1.52e-03	1.91e-01	7.31e-01	7.37e-02	2.66e-03	5.60e-05	1.19e-06	0.00e+00	0.00e+00	1.52e-03	4.13e-11	4.53e-11
 2.19623e+23	1.74e-03	2.06e-01	7.25e-01	6.52e-02	2.26e-03	4.46e-05	9.14e-07	0.00e+00	0.00e+00	1.74e-03	4.95e-11	5.39e-11
 2.21463e+23	2.09e-03	2.28e-01	7.13e-01	5.52e-02	1.84e-03	3.31e-05	6.51e-07	0.00e+00	0.00e+00	2.09e-03	6.34e-11	6.85e-11
 2.23305e+23	2.40e-03	2.47e-01	7.01e-01	4.80e-02	1.55e-03	2.59e-05	4.94e-07	0.00e+00	0.00e+00	2.40e-03	7.63e-11	8.20e-11
 2.25150e+23	2.91e-03	2.74e-01	6.82e-01	3.98e-02	1.25e-03	1.87e-05	3.47e-07	0.00e+00	0.00e+00	2.91e-03	9.84e-11	1.05e-10
 2.26996e+23	3.36e-03	2.97e-01	6.64e-01	3.40e-02	1.05e-03	1.44e-05	2.60e-07	0.00e+00	0.00e+00	3.36e-03	1.19e-10	1.27e-10
 2.28844e+23	4.12e-03	3.31e-01	6.36e-01	2.74e-02	8.34e-04	1.01e-05	1.78e-07	0.00e+00	0.00e+00	4.12e-03	1.56e-10	1.64e-10
 2.30691e+23	4.80e-03	3.59e-01	6.12e-01	2.28e-02	6.94e-04	7.53e-06	1.32e-07	0.00e+00	0.00e+00	4.80e-03	1.90e-10	1.99e-10
 2.32537e+23	5.93e-03	4.00e-01	5.76e-01	1.78e-02	5.46e-04	5.08e-06	0.00e+00	0.00e+00	0.00e+00	5.93e-03	2.49e-10	2.59e-10
 2.34396e+23	7.01e-03	4.35e-01	5.44e-01	1.43e-02	4.48e-04	3.64e-06	0.00e+00	0.00e+00	0.00e+00	7.01e-03	3.08e-10	3.20e-10
 2.36272e+23	8.73e-03	4.82e-01	4.98e-01	1.07e-02	3.48e-04	2.34e-06	0.00e+00	0.00e+00	0.00e+00	8.73e-03	4.07e-10	4.21e-10
 2.38179e+23	1.05e-02	5.24e-01	4.57e-01	8.11e-03	2.78e-04	1.56e-06	0.00e+00	0.00e+00	0.00e+00	1.05e-02	5.15e-10	5.30e-10
 2.39837e+23	1.27e-02	5.66e-01	4.15e-01	6.13e-03	2.23e-04	1.04e-06	0.00e+00	0.00e+00	0.00e+00	1.27e-02	6.48e-10	6.65e-10
 2.41264e+23	1.48e-02	6.00e-01	3.80e-01	4.83e-03	1.86e-04	7.40e-07	0.00e+00	0.00e+00	0.00e+00	1.48e-02	7.78e-10	7.96e-10
 2.42682e+23	1.77e-02	6.40e-01	3.39e-01	3.58e-03	1.49e-04	4.83e-07	0.00e+00	0.00e+00	0.00e+00	1.77e-02	9.73e-10	9.94e-10
 2.44172e+23	2.12e-02	6.78e-01	2.99e-01	2.63e-03	1.20e-04	3.14e-07	0.00e+00	0.00e+00	0.00e+00	2.12e-02	1.21e-09	1.23e-09
 2.45516e+23	2.52e-02	7.12e-01	2.61e-01	1.92e-03	9.61e-05	2.04e-07	0.00e+00	0.00e+00	0.00e+00	2.52e-02	1.48e-09	1.51e-09
 2.47025e+23	3.13e-02	7.51e-01	2.16e-01	1.27e-03	7.17e-05	0.00e+00	0.00e+00	0.00e+00	0.00e+00	3.13e-02	1.93e-09	1.96e-09
 2.48573e+23	3.91e-02	7.85e-01	1.75e-01	8.32e-04	5.34e-05	0.00e+00	0.00e+00	0.00e+00	0.00e+00	3.91e-02	2.50e-09	2.53e-09
 2.49832e+23	4.76e-02	8.08e-01	1.44e-01	5.64e-04	4.06e-05	0.00e+00	0.00e+00	0.00e+00	0.00e+00	4.76e-02	3.14e-09	3.18e-09
 2.50909e+23	5.71e-02	8.25e-01	1.18e-01	3.91e-04	3.12e-05	0.00e+00	0.00e+00	0.00e+00	0.00e+00	5.71e-02	3.86e-09	3.90e-09
 2.51898e+23	6.86e-02	8.36e-01	9.50e-02	2.70e-04	2.36e-05	0.00e+00	0.00e+00	0.00e+00	0.00e+00	6.86e-02	4.75e-09	4.79e-09
 2.52843e+23	8.25e-02	8.42e-01	7.54e-02	1.85e-04	1.76e-05	0.00e+00	0.00e+00	0.00e+00	0.00e+00	8.25e-02	5.84e-09	5.88e-09
 2.53768e+23	1.01e-01	8.41e-01	5.82e-02	1.24e-04	1.26e-05	0.00e+00	0.00e+00	0.00e+00	0.00e+00	1.01e-01	7.24e-09	7.29e-09
 2.54615e+23	1.22e-01	8.34e-01	4.45e-02	8.46e-05	9.04e-06	0.00e+00	0.00e+00	0.00e+00	0.00e+00	1.22e-01	8.88e-09	8.92e-09
 2.55349e+23	1.46e-01	8.20e-01	3.43e-02	5.97e-05	6.51e-06	0.00e+00	0.00e+00	0.00e+00	0.00e+00	1.46e-01	1.07e-08	1.07e-08
 2.55997e+23	1.72e-01	8.01e-01	2.65e-02	4.32e-05	4.69e-06	0.00e+00	0.00e+00	0.00e+00	0.00e+00	1.72e-01	1.26e-08	1.27e-08
 2.56583e+23	2.01e-01	7.78e-01	2.05e-02	3.20e-05	3.39e-06	0.00e+00	0.00e+00	0.00e+00	0.00e+00	2.01e-01	1.47e-08	1.47e-08
 2.57121e+23	2.33e-01	7.51e-01	1.59e-02	2.42e-05	2.45e-06	0.00e+00	0.00e+00	0.00e+00	0.00e+00	2.33e-01	1.68e-08	1.68e-08
 2.57625e+23	2.68e-01	7.20e-01	1.23e-02	1.85e-05	1.77e-06	0.00e+00	0.00e+00	0.00e+00	0.00e+00	2.68e-01	1.90e-08	1.90e-08
 2.58095e+23	3.05e-01	6.85e-01	9.52e-03	1.44e-05	1.27e-06	0.00e+00	0.00e+00	0.00e+00	0.00e+00	3.05e-01	2.12e-08	2.12e-08
 2.58528e+23	3.43e-01	6.49e-01	7.42e-03	1.14e-05	9.23e-07	0.00e+00	0.00e+00	0.00e+00	0.00e+00	3.43e-01	2.33e-08	2.32e-08
 2.58917e+23	3.81e-01	6.13e-01	5.87e-03	9.22e-06	6.85e-07	0.00e+00	0.00e+00	0.00e+00	0.00e+00	3.81e-01	2.51e-08	2.50e-08
 2.59253e+23	4.15e-01	5.81e-01	4.77e-03	7.70e-06	5.26e-07	0.00e+00	0.00e+00	0.00e+00	0.00e+00	4.15e-01	2.65e-08	2.64e-08
 2.59500e+23	4.40e-01	5.56e-01	4.10e-03	6.78e-06	4.35e-07	0.00e+00	0.00e+00	0.00e+00	0.00e+00	4.40e-01	2.74e-08	2.73e-08
 2.59673e+23	4.58e-01	5.38e-01	3.67e-03	6.18e-06	3.78e-07	0.00e+00	0.00e+00	0.00e+00	0.00e+00	4.58e-01	2.80e-08	2.79e-08
 2.59847e+23	4.77e-01	5.20e-01	3.28e-03	5.63e-06	3.27e-07	0.00e+00	0.00e+00	0.00e+00	0.00e+00	4.77e-01	2.86e-08	2.84e-08
 2.60050e+23	4.98e-01	4.99e-01	2.87e-03	5.05e-06	2.76e-07	0.00e+00	0.00e+00	0.00e+00	0.00e+00	4.98e-01	2.92e-08	2.90e-08
 2.60277e+23	5.22e-01	4.75e-01	2.47e-03	4.50e-06	2.29e-07	0.00e+00	0.00e+00	0.00e+00	0.00e+00	5.22e-01	2.98e-08	2.96e-08
 2.60513e+23	5.47e-01	4.51e-01	2.11e-03	3.99e-06	1.89e-07	0.00e+00	0.00e+00	0.00e+00	0.00e+00	5.47e-01	3.02e-08	3.00e-08
 2.60743e+23	5.69e-01	4.29e-01	1.82e-03	3.57e-06	1.58e-07	0.00e+00	0.00e+00	0.00e+00	0.00e+00	5.69e-01	3.06e-08	3.03e-08
 2.60959e+23	5.90e-01	4.09e-01	1.59e-03	3.22e-06	1.33e-07	0.00e+00	0.00e+00	0.00e+00	0.00e+00	5.90e-01	3.08e-08	3.06e-08
 2.61128e+23	6.05e-01	3.93e-01	1.43e-03	2.99e-06	0.00e+00	0.00e+00	0.00e+00	0.00e+00	0.00e+00	6.05e-01	3.09e-08	3.06e-08
 2.61247e+23	6.16e-01	3.83e-01	1.33e-03	2.84e-06	0.00e+00	0.00e+00	0.00e+00	0.00e+00	0.00e+00	6.16e-01	3.09e-08	3.07e-08
 2.61361e+23	6.26e-01	3.73e-01	1.23e-03	2.69e-06	0.00e+00	0.00e+00	0.00e+00	0.00e+00	0.00e+00	6.26e-01	3.09e-08	3.07e-08
 2.61495e+23	6.37e-01	3.62e-01	1.14e-03	2.54e-06	0.00e+00	0.00e+00	0.00e+00	0.00e+00	0.00e+00	6.37e-01	3.10e-08	3.07e-08
 2.61647e+23	6.50e-01	3.49e-01	1.03e-03	2.38e-06	0.00e+00	0.00e+00	0.00e+00	0.00e+00	0.00e+00	6.50e-01	3.10e-08	3.07e-08
 2.61802e+23	6.62e-01	3.37e-01	9.39e-04	2.23e-06	0.00e+00	0.00e+00	0.00e+00	0.00e+00	0.00e+00	6.62e-01	3.09e-08	3.06e-08
 2.61947e+23	6.73e-01	3.26e-01	8.61e-04	2.11e-06	0.00e+00	0.00e+00	0.00e+00	0.00e+00	0.00e+00	6.73e-01	3.08e-08	3.05e-08
 2.62091e+23	6.83e-01	3.16e-01	7.90e-04	1.99e-06	0.00e+00	0.00e+00	0.00e+00	0.00e+00	0.00e+00	6.83e-01	3.08e-08	3.04e-08
 2.62244e+23	6.94e-01	3.05e-01	7.21e-04	1.87e-06	0.00e+00	0.00e+00	0.00e+00	0.00e+00	0.00e+00	6.94e-01	3.07e-08	3.03e-08
 2.62405e+23	7.05e-01	2.94e-01	6.56e-04	1.76e-06	0.00e+00	0.00e+00	0.00e+00	0.00e+00	0.00e+00	7.05e-01	3.05e-08	3.02e-08
 2.62568e+23	7.15e-01	2.84e-01	5.97e-04	1.66e-06	0.00e+00	0.00e+00	0.00e+00	0.00e+00	0.00e+00	7.15e-01	3.04e-08	3.00e-08
 2.62732e+23	7.25e-01	2.74e-01	5.44e-04	1.56e-06	0.00e+00	0.00e+00	0.00e+00	0.00e+00	0.00e+00	7.25e-01	3.02e-08	2.98e-08
 2.62902e+23	7.35e-01	2.64e-01	4.94e-04	1.47e-06	0.00e+00	0.00e+00	0.00e+00	0.00e+00	0.00e+00	7.35e-01	3.00e-08	2.96e-08
 2.63074e+23	7.45e-01	2.55e-01	4.49e-04	1.39e-06	0.00e+00	0.00e+00	0.00e+00	0.00e+00	0.00e+00	7.45e-01	2.98e-08	2.94e-08
 2.63251e+23	7.54e-01	2.45e-01	4.08e-04	1.31e-06	0.00e+00	0.00e+00	0.00e+00	0.00e+00	0.00e+00	7.54e-01	2.96e-08	2.92e-08
 2.63435e+23	7.63e-01	2.36e-01	3.70e-04	1.23e-06	0.00e+00	0.00e+00	0.00e+00	0.00e+00	0.00e+00	7.63e-01	2.94e-08	2.90e-08
 2.63625e+23	7.72e-01	2.27e-01	3.35e-04	1.16e-06	0.00e+00	0.00e+00	0.00e+00	0.00e+00	0.00e+00	7.72e-01	2.91e-08	2.87e-08
 2.63819e+23	7.81e-01	2.19e-01	3.04e-04	1.10e-06	0.00e+00	0.00e+00	0.00e+00	0.00e+00	0.00e+00	7.81e-01	2.89e-08	2.85e-08
 2.64020e+23	7.89e-01	2.10e-01	2.75e-04	1.03e-06	0.00e+00	0.00e+00	0.00e+00	0.00e+00	0.00e+00	7.89e-01	2.87e-08	2.82e-08
 2.64230e+23	7.98e-01	2.02e-01	2.48e-04	9.71e-07	0.00e+00	0.00e+00	0.00e+00	0.00e+00	0.00e+00	7.98e-01	2.84e-08	2.79e-08
 2.64443e+23	8.06e-01	1.94e-01	2.24e-04	9.14e-07	0.00e+00	0.00e+00	0.00e+00	0.00e+00	0.00e+00	8.06e-01	2.81e-08	2.77e-08
 2.64658e+23	8.13e-01	1.87e-01	2.03e-04	8.63e-07	0.00e+00	0.00e+00	0.00e+00	0.00e+00	0.00e+00	8.13e-01	2.79e-08	2.74e-08
 2.64882e+23	8.21e-01	1.79e-01	1.84e-04	8.14e-07	0.00e+00	0.00e+00	0.00e+00	0.00e+00	0.00e+00	8.21e-01	2.76e-08	2.71e-08
 2.65121e+23	8.28e-01	1.72e-01	1.66e-04	7.66e-07	0.00e+00	0.00e+00	0.00e+00	0.00e+00	0.00e+00	8.28e-01	2.74e-08	2.69e-08
 2.65368e+23	8.35e-01	1.65e-01	1.50e-04	7.21e-07	0.00e+00	0.00e+00	0.00e+00	0.00e+00	0.00e+00	8.35e-01	2.71e-08	2.66e-08
 2.65617e+23	8.42e-01	1.58e-01	1.36e-04	6.80e-07	0.00e+00	0.00e+00	0.00e+00	0.00e+00	0.00e+00	8.42e-01	2.68e-08	2.63e-08
 2.65873e+23	8.48e-01	1.52e-01	1.24e-04	6.42e-07	0.00e+00	0.00e+00	0.00e+00	0.00e+00	0.00e+00	8.48e-01	2.66e-08	2.61e-08
 2.66142e+23	8.54e-01	1.46e-01	1.13e-04	6.05e-07	0.00e+00	0.00e+00	0.00e+00	0.00e+00	0.00e+00	8.54e-01	2.63e-08	2.58e-08
 2.66422e+23	8.60e-01	1.40e-01	1.03e-04	5.71e-07	0.00e+00	0.00e+00	0.00e+00	0.00e+00	0.00e+00	8.60e-01	2.61e-08	2.55e-08
 2.66704e+23	8.66e-01	1.34e-01	9.41e-05	5.40e-07	0.00e+00	0.00e+00	0.00e+00	0.00e+00	0.00e+00	8.66e-01	2.59e-08	2.52e-08
 2.66990e+23	8.71e-01	1.29e-01	8.65e-05	5.11e-07	0.00e+00	0.00e+00	0.00e+00	0.00e+00	0.00e+00	8.71e-01	2.56e-08	2.48e-08
 2.67294e+23	8.76e-01	1.24e-01	7.97e-05	4.83e-07	0.00e+00	0.00e+00	0.00e+00	0.00e+00	0.00e+00	8.76e-01	2.54e-08	2.45e-08
 2.67612e+23	8.81e-01	1.19e-01	7.36e-05	4.56e-07	0.00e+00	0.00e+00	0.00e+00	0.00e+00	0.00e+00	8.81e-01	2.51e-08	2.42e-08
 2.67933e+23	8.85e-01	1.15e-01	6.84e-05	4.33e-07	0.00e+00	0.00e+00	0.00e+00	0.00e+00	0.00e+00	8.85e-01	2.49e-08	2.39e-08
 2.68263e+23	8.89e-01	1.11e-01	6.39e-05	4.11e-07	0.00e+00	0.00e+00	0.00e+00	0.00e+00	0.00e+00	8.89e-01	2.47e-08	2.36e-08
 2.68611e+23	8.93e-01	1.06e-01	5.98e-05	3.89e-07	0.00e+00	0.00e+00	0.00e+00	0.00e+00	0.00e+00	8.93e-01	2.46e-08	2.33e-08
 2.68979e+23	8.97e-01	1.03e-01	5.61e-05	3.70e-07	0.00e+00	0.00e+00	0.00e+00	0.00e+00	0.00e+00	8.97e-01	2.44e-08	2.31e-08
 2.69359e+23	9.01e-01	9.90e-02	5.30e-05	3.51e-07	0.00e+00	0.00e+00	0.00e+00	0.00e+00	0.00e+00	9.01e-01	2.43e-08	2.28e-08
 2.69755e+23	9.04e-01	9.55e-02	5.01e-05	3.33e-07	0.00e+00	0.00e+00	0.00e+00	0.00e+00	0.00e+00	9.04e-01	2.41e-08	2.26e-08
 2.70175e+23	9.08e-01	9.21e-02	4.76e-05	3.16e-07	0.00e+00	0.00e+00	0.00e+00	0.00e+00	0.00e+00	9.08e-01	2.40e-08	2.23e-08
 2.70620e+23	9.11e-01	8.87e-02	4.53e-05	2.99e-07	0.00e+00	0.00e+00	0.00e+00	0.00e+00	0.00e+00	9.11e-01	2.39e-08	2.21e-08
 2.71084e+23	9.15e-01	8.54e-02	4.32e-05	2.83e-07	0.00e+00	0.00e+00	0.00e+00	0.00e+00	0.00e+00	9.15e-01	2.38e-08	2.19e-08
 2.71545e+23	9.17e-01	8.25e-02	4.16e-05	2.69e-07	0.00e+00	0.00e+00	0.00e+00	0.00e+00	0.00e+00	9.17e-01	2.38e-08	2.17e-08
 2.71986e+23	9.20e-01	8.00e-02	4.02e-05	2.57e-07	0.00e+00	0.00e+00	0.00e+00	0.00e+00	0.00e+00	9.20e-01	2.37e-08	2.16e-08
 2.72416e+23	9.22e-01	7.77e-02	3.90e-05	2.46e-07	0.00e+00	0.00e+00	0.00e+00	0.00e+00	0.00e+00	9.22e-01	2.37e-08	2.14e-08
 2.72835e+23	9.24e-01	7.55e-02	3.79e-05	2.36e-07	0.00e+00	0.00e+00	0.00e+00	0.00e+00	0.00e+00	9.24e-01	2.37e-08	2.13e-08
 2.73244e+23	9.27e-01	7.34e-02	3.70e-05	2.26e-07	0.00e+00	0.00e+00	0.00e+00	0.00e+00	0.00e+00	9.27e-01	2.36e-08	2.12e-08
 2.73638e+23	9.29e-01	7.15e-02	3.62e-05	2.17e-07	0.00e+00	0.00e+00	0.00e+00	0.00e+00	0.00e+00	9.29e-01	2.36e-08	2.11e-08
 2.74015e+23	9.30e-01	6.96e-02	3.56e-05	2.09e-07	0.00e+00	0.00e+00	0.00e+00	0.00e+00	0.00e+00	9.30e-01	2.35e-08	2.09e-08
 2.74368e+23	9.32e-01	6.80e-02	3.50e-05	2.02e-07	0.00e+00	0.00e+00	0.00e+00	0.00e+00	0.00e+00	9.32e-01	2.35e-08	2.08e-08
 2.74709e+23	9.34e-01	6.64e-02	3.44e-05	1.96e-07	0.00e+00	0.00e+00	0.00e+00	0.00e+00	0.00e+00	9.34e-01	2.35e-08	2.07e-08
 2.75052e+23	9.35e-01	6.48e-02	3.39e-05	1.89e-07	0.00e+00	0.00e+00	0.00e+00	0.00e+00	0.00e+00	9.35e-01	2.34e-08	2.06e-08
 2.75384e+23	9.37e-01	6.33e-02	3.34e-05	1.83e-07	0.00e+00	0.00e+00	0.00e+00	0.00e+00	0.00e+00	9.37e-01	2.34e-08	2.05e-08
 2.75704e+23	9.38e-01	6.19e-02	3.30e-05	1.77e-07	0.00e+00	0.00e+00	0.00e+00	0.00e+00	0.00e+00	9.38e-01	2.34e-08	2.05e-08
 2.76012e+23	9.39e-01	6.06e-02	3.26e-05	1.72e-07	0.00e+00	0.00e+00	0.00e+00	0.00e+00	0.00e+00	9.39e-01	2.34e-08	2.04e-08
 2.76310e+23	9.41e-01	5.93e-02	3.23e-05	1.66e-07	0.00e+00	0.00e+00	0.00e+00	0.00e+00	0.00e+00	9.41e-01	2.33e-08	2.03e-08
 2.76599e+23	9.42e-01	5.80e-02	3.20e-05	1.62e-07	0.00e+00	0.00e+00	0.00e+00	0.00e+00	0.00e+00	9.42e-01	2.33e-08	2.02e-08
 2.76878e+23	9.43e-01	5.68e-02	3.17e-05	1.57e-07	0.00e+00	0.00e+00	0.00e+00	0.00e+00	0.00e+00	9.43e-01	2.33e-08	2.01e-08
 2.77146e+23	9.44e-01	5.56e-02	3.14e-05	1.53e-07	0.00e+00	0.00e+00	0.00e+00	0.00e+00	0.00e+00	9.44e-01	2.32e-08	2.01e-08
 2.77406e+23	9.45e-01	5.45e-02	3.12e-05	1.48e-07	0.00e+00	0.00e+00	0.00e+00	0.00e+00	0.00e+00	9.45e-01	2.32e-08	2.00e-08
 2.77656e+23	9.47e-01	5.34e-02	3.09e-05	1.45e-07	0.00e+00	0.00e+00	0.00e+00	0.00e+00	0.00e+00	9.47e-01	2.32e-08	1.99e-08
 2.77893e+23	9.48e-01	5.24e-02	3.07e-05	1.41e-07	0.00e+00	0.00e+00	0.00e+00	0.00e+00	0.00e+00	9.48e-01	2.32e-08	1.98e-08
 2.78126e+23	9.49e-01	5.13e-02	3.05e-05	1.37e-07	0.00e+00	0.00e+00	0.00e+00	0.00e+00	0.00e+00	9.49e-01	2.31e-08	1.98e-08
 2.78352e+23	9.50e-01	5.03e-02	3.03e-05	1.34e-07	0.00e+00	0.00e+00	0.00e+00	0.00e+00	0.00e+00	9.50e-01	2.31e-08	1.97e-08
 2.78559e+23	9.51e-01	4.95e-02	3.01e-05	1.31e-07	0.00e+00	0.00e+00	0.00e+00	0.00e+00	0.00e+00	9.51e-01	2.30e-08	1.96e-08
 2.78747e+23	9.51e-01	4.87e-02	3.00e-05	1.28e-07	0.00e+00	0.00e+00	0.00e+00	0.00e+00	0.00e+00	9.51e-01	2.30e-08	1.96e-08
 2.78918e+23	9.52e-01	4.80e-02	2.99e-05	1.26e-07	0.00e+00	0.00e+00	0.00e+00	0.00e+00	0.00e+00	9.52e-01	2.30e-08	1.95e-08
 2.79073e+23	9.53e-01	4.73e-02	2.97e-05	1.24e-07	0.00e+00	0.00e+00	0.00e+00	0.00e+00	0.00e+00	9.53e-01	2.29e-08	1.94e-08
 2.79215e+23	9.53e-01	4.67e-02	2.96e-05	0.00e+00	0.00e+00	0.00e+00	0.00e+00	0.00e+00	0.00e+00	9.53e-01	2.29e-08	1.94e-08
 2.79344e+23	9.54e-01	4.62e-02	2.95e-05	0.00e+00	0.00e+00	0.00e+00	0.00e+00	0.00e+00	0.00e+00	9.54e-01	2.29e-08	1.93e-08
 2.79461e+23	9.54e-01	4.57e-02	2.94e-05	0.00e+00	0.00e+00	0.00e+00	0.00e+00	0.00e+00	0.00e+00	9.54e-01	2.28e-08	1.93e-08
 2.79589e+23	9.55e-01	4.51e-02	2.93e-05	0.00e+00	0.00e+00	0.00e+00	0.00e+00	0.00e+00	0.00e+00	9.55e-01	2.27e-08	1.92e-08
 2.79728e+23	9.56e-01	4.44e-02	2.92e-05	0.00e+00	0.00e+00	0.00e+00	0.00e+00	0.00e+00	0.00e+00	9.56e-01	2.26e-08	1.92e-08
 2.79854e+23	9.56e-01	4.39e-02	2.90e-05	0.00e+00	0.00e+00	0.00e+00	0.00e+00	0.00e+00	0.00e+00	9.56e-01	2.25e-08	1.91e-08
 2.79993e+23	9.57e-01	4.33e-02	2.89e-05	0.00e+00	0.00e+00	0.00e+00	0.00e+00	0.00e+00	0.00e+00	9.57e-01	2.24e-08	1.90e-08
 2.80142e+23	9.57e-01	4.25e-02	2.87e-05	0.00e+00	0.00e+00	0.00e+00	0.00e+00	0.00e+00	0.00e+00	9.57e-01	2.23e-08	1.90e-08
 2.80278e+23	9.58e-01	4.20e-02	2.86e-05	0.00e+00	0.00e+00	0.00e+00	0.00e+00	0.00e+00	0.00e+00	9.58e-01	2.22e-08	1.89e-08
 2.80402e+23	9.58e-01	4.15e-02	2.84e-05	0.00e+00	0.00e+00	0.00e+00	0.00e+00	0.00e+00	0.00e+00	9.58e-01	2.22e-08	1.89e-08
 2.80537e+23	9.59e-01	4.08e-02	2.83e-05	0.00e+00	0.00e+00	0.00e+00	0.00e+00	0.00e+00	0.00e+00	9.59e-01	2.21e-08	1.88e-08
 2.80683e+23	9.60e-01	4.02e-02	2.81e-05	0.00e+00	0.00e+00	0.00e+00	0.00e+00	0.00e+00	0.00e+00	9.60e-01	2.20e-08	1.88e-08
 2.80816e+23	9.60e-01	3.97e-02	2.79e-05	0.00e+00	0.00e+00	0.00e+00	0.00e+00	0.00e+00	0.00e+00	9.60e-01	2.19e-08	1.87e-08
 2.80962e+23	9.61e-01	3.92e-02	2.77e-05	0.00e+00	0.00e+00	0.00e+00	0.00e+00	0.00e+00	0.00e+00	9.61e-01	2.19e-08	1.87e-08
 2.81120e+23	9.61e-01	3.85e-02	2.75e-05	0.00e+00	0.00e+00	0.00e+00	0.00e+00	0.00e+00	0.00e+00	9.61e-01	2.18e-08	1.87e-08
 2.81263e+23	9.62e-01	3.79e-02	2.74e-05	0.00e+00	0.00e+00	0.00e+00	0.00e+00	0.00e+00	0.00e+00	9.62e-01	2.17e-08	1.86e-08
 2.81394e+23	9.62e-01	3.76e-02	2.72e-05	0.00e+00	0.00e+00	0.00e+00	0.00e+00	0.00e+00	0.00e+00	9.62e-01	2.17e-08	1.86e-08
 2.81536e+23	9.63e-01	3.71e-02	2.70e-05	0.00e+00	0.00e+00	0.00e+00	0.00e+00	0.00e+00	0.00e+00	9.63e-01	2.17e-08	1.86e-08
 2.81691e+23	9.64e-01	3.64e-02	2.68e-05	0.00e+00	0.00e+00	0.00e+00	0.00e+00	0.00e+00	0.00e+00	9.64e-01	2.16e-08	1.85e-08
 2.81831e+23	9.64e-01	3.59e-02	2.66e-05	0.00e+00	0.00e+00	0.00e+00	0.00e+00	0.00e+00	0.00e+00	9.64e-01	2.15e-08	1.85e-08
 2.81959e+23	9.64e-01	3.56e-02	2.64e-05	0.00e+00	0.00e+00	0.00e+00	0.00e+00	0.00e+00	0.00e+00	9.64e-01	2.15e-08	1.85e-08
 2.82099e+23	9.65e-01	3.51e-02	2.62e-05	0.00e+00	0.00e+00	0.00e+00	0.00e+00	0.00e+00	0.00e+00	9.65e-01	2.15e-08	1.84e-08
 2.82250e+23	9.65e-01	3.45e-02	2.60e-05	0.00e+00	0.00e+00	0.00e+00	0.00e+00	0.00e+00	0.00e+00	9.65e-01	2.15e-08	1.84e-08
 2.82388e+23	9.66e-01	3.40e-02	2.58e-05	0.00e+00	0.00e+00	0.00e+00	0.00e+00	0.00e+00	0.00e+00	9.66e-01	2.14e-08	1.83e-08
 2.82513e+23	9.66e-01	3.38e-02	2.56e-05	0.00e+00	0.00e+00	0.00e+00	0.00e+00	0.00e+00	0.00e+00	9.66e-01	2.14e-08	1.83e-08
 2.82650e+23	9.67e-01	3.33e-02	2.54e-05	0.00e+00	0.00e+00	0.00e+00	0.00e+00	0.00e+00	0.00e+00	9.67e-01	2.14e-08	1.83e-08
 2.82798e+23	9.67e-01	3.27e-02	2.51e-05	0.00e+00	0.00e+00	0.00e+00	0.00e+00	0.00e+00	0.00e+00	9.67e-01	2.13e-08	1.82e-08
 2.82933e+23	9.68e-01	3.23e-02	2.49e-05	0.00e+00	0.00e+00	0.00e+00	0.00e+00	0.00e+00	0.00e+00	9.68e-01	2.12e-08	1.82e-08
 2.83055e+23	9.68e-01	3.19e-02	2.47e-05	0.00e+00	0.00e+00	0.00e+00	0.00e+00	0.00e+00	0.00e+00	9.68e-01	2.12e-08	1.81e-08
 2.83167e+23	9.68e-01	3.16e-02	2.45e-05	0.00e+00	0.00e+00	0.00e+00	0.00e+00	0.00e+00	0.00e+00	9.68e-01	2.12e-08	1.81e-08
 2.83289e+23	9.69e-01	3.12e-02	2.43e-05	0.00e+00	0.00e+00	0.00e+00	0.00e+00	0.00e+00	0.00e+00	9.69e-01	2.11e-08	1.81e-08
 2.83448e+23	9.69e-01	3.06e-02	2.40e-05	0.00e+00	0.00e+00	0.00e+00	0.00e+00	0.00e+00	0.00e+00	9.69e-01	2.11e-08	1.80e-08
 2.83620e+23	9.70e-01	3.00e-02	2.37e-05	0.00e+00	0.00e+00	0.00e+00	0.00e+00	0.00e+00	0.00e+00	9.70e-01	2.10e-08	1.80e-08
 2.83776e+23	9.71e-01	2.95e-02	2.35e-05	0.00e+00	0.00e+00	0.00e+00	0.00e+00	0.00e+00	0.00e+00	9.71e-01	2.10e-08	1.79e-08
 2.83918e+23	9.71e-01	2.91e-02	2.33e-05	0.00e+00	0.00e+00	0.00e+00	0.00e+00	0.00e+00	0.00e+00	9.71e-01	2.09e-08	1.79e-08
 2.84047e+23	9.71e-01	2.87e-02	2.31e-05	0.00e+00	0.00e+00	0.00e+00	0.00e+00	0.00e+00	0.00e+00	9.71e-01	2.09e-08	1.78e-08
 2.84165e+23	9.72e-01	2.84e-02	2.29e-05	0.00e+00	0.00e+00	0.00e+00	0.00e+00	0.00e+00	0.00e+00	9.72e-01	2.08e-08	1.78e-08
 2.84294e+23	9.72e-01	2.80e-02	2.27e-05	0.00e+00	0.00e+00	0.00e+00	0.00e+00	0.00e+00	0.00e+00	9.72e-01	2.08e-08	1.77e-08
 2.84433e+23	9.72e-01	2.75e-02	2.24e-05	0.00e+00	0.00e+00	0.00e+00	0.00e+00	0.00e+00	0.00e+00	9.72e-01	2.07e-08	1.77e-08
 2.84560e+23	9.73e-01	2.72e-02	2.23e-05	0.00e+00	0.00e+00	0.00e+00	0.00e+00	0.00e+00	0.00e+00	9.73e-01	2.07e-08	1.76e-08
 2.84675e+23	9.73e-01	2.69e-02	2.21e-05	0.00e+00	0.00e+00	0.00e+00	0.00e+00	0.00e+00	0.00e+00	9.73e-01	2.07e-08	1.76e-08
 2.84801e+23	9.73e-01	2.66e-02	2.19e-05	0.00e+00	0.00e+00	0.00e+00	0.00e+00	0.00e+00	0.00e+00	9.73e-01	2.06e-08	1.75e-08
 2.84938e+23	9.74e-01	2.61e-02	2.17e-05	0.00e+00	0.00e+00	0.00e+00	0.00e+00	0.00e+00	0.00e+00	9.74e-01	2.06e-08	1.75e-08
 2.85062e+23	9.74e-01	2.58e-02	2.15e-05	0.00e+00	0.00e+00	0.00e+00	0.00e+00	0.00e+00	0.00e+00	9.74e-01	2.05e-08	1.74e-08
 2.85175e+23	9.74e-01	2.56e-02	2.14e-05	0.00e+00	0.00e+00	0.00e+00	0.00e+00	0.00e+00	0.00e+00	9.74e-01	2.05e-08	1.74e-08
 2.85299e+23	9.75e-01	2.52e-02	2.12e-05	0.00e+00	0.00e+00	0.00e+00	0.00e+00	0.00e+00	0.00e+00	9.75e-01	2.04e-08	1.73e-08
 2.85432e+23	9.75e-01	2.49e-02	2.11e-05	0.00e+00	0.00e+00	0.00e+00	0.00e+00	0.00e+00	0.00e+00	9.75e-01	2.03e-08	1.72e-08
 2.85579e+23	9.75e-01	2.45e-02	2.09e-05	0.00e+00	0.00e+00	0.00e+00	0.00e+00	0.00e+00	0.00e+00	9.75e-01	2.01e-08	1.71e-08
 2.85737e+23	9.76e-01	2.41e-02	2.07e-05	0.00e+00	0.00e+00	0.00e+00	0.00e+00	0.00e+00	0.00e+00	9.76e-01	1.99e-08	1.69e-08
 2.85910e+23	9.76e-01	2.37e-02	2.04e-05	0.00e+00	0.00e+00	0.00e+00	0.00e+00	0.00e+00	0.00e+00	9.76e-01	1.98e-08	1.68e-08
 2.86097e+23	9.77e-01	2.32e-02	2.02e-05	0.00e+00	0.00e+00	0.00e+00	0.00e+00	0.00e+00	0.00e+00	9.77e-01	1.96e-08	1.66e-08
 2.86267e+23	9.77e-01	2.28e-02	2.00e-05	0.00e+00	0.00e+00	0.00e+00	0.00e+00	0.00e+00	0.00e+00	9.77e-01	1.93e-08	1.64e-08
 2.86422e+23	9.77e-01	2.26e-02	1.99e-05	0.00e+00	0.00e+00	0.00e+00	0.00e+00	0.00e+00	0.00e+00	9.77e-01	1.92e-08	1.63e-08
 2.86591e+23	9.78e-01	2.22e-02	1.96e-05	0.00e+00	0.00e+00	0.00e+00	0.00e+00	0.00e+00	0.00e+00	9.78e-01	1.91e-08	1.61e-08
 2.86775e+23	9.78e-01	2.18e-02	1.94e-05	0.00e+00	0.00e+00	0.00e+00	0.00e+00	0.00e+00	0.00e+00	9.78e-01	1.89e-08	1.60e-08
 2.86941e+23	9.79e-01	2.15e-02	1.93e-05	0.00e+00	0.00e+00	0.00e+00	0.00e+00	0.00e+00	0.00e+00	9.79e-01	1.88e-08	1.58e-08
 2.87093e+23	9.79e-01	2.12e-02	1.91e-05	0.00e+00	0.00e+00	0.00e+00	0.00e+00	0.00e+00	0.00e+00	9.79e-01	1.86e-08	1.56e-08
 2.87231e+23	9.79e-01	2.10e-02	1.90e-05	0.00e+00	0.00e+00	0.00e+00	0.00e+00	0.00e+00	0.00e+00	9.79e-01	1.85e-08	1.55e-08
 2.87382e+23	9.79e-01	2.06e-02	1.88e-05	0.00e+00	0.00e+00	0.00e+00	0.00e+00	0.00e+00	0.00e+00	9.79e-01	1.83e-08	1.53e-08
 2.87545e+23	9.80e-01	2.03e-02	1.86e-05	0.00e+00	0.00e+00	0.00e+00	0.00e+00	0.00e+00	0.00e+00	9.80e-01	1.82e-08	1.52e-08
 2.87724e+23	9.80e-01	2.00e-02	1.84e-05	0.00e+00	0.00e+00	0.00e+00	0.00e+00	0.00e+00	0.00e+00	9.80e-01	1.81e-08	1.50e-08
 2.87917e+23	9.80e-01	1.96e-02	1.82e-05	0.00e+00	0.00e+00	0.00e+00	0.00e+00	0.00e+00	0.00e+00	9.80e-01	1.79e-08	1.49e-08
 2.88093e+23	9.81e-01	1.93e-02	1.81e-05	0.00e+00	0.00e+00	0.00e+00	0.00e+00	0.00e+00	0.00e+00	9.81e-01	1.78e-08	1.48e-08
 2.88286e+23	9.81e-01	1.89e-02	1.79e-05	0.00e+00	0.00e+00	0.00e+00	0.00e+00	0.00e+00	0.00e+00	9.81e-01	1.76e-08	1.45e-08
 2.88494e+23	9.81e-01	1.85e-02	1.77e-05	0.00e+00	0.00e+00	0.00e+00	0.00e+00	0.00e+00	0.00e+00	9.81e-01	1.74e-08	1.43e-08
 2.88683e+23	9.82e-01	1.82e-02	1.75e-05	0.00e+00	0.00e+00	0.00e+00	0.00e+00	0.00e+00	0.00e+00	9.82e-01	1.71e-08	1.41e-08
 2.88855e+23	9.82e-01	1.80e-02	1.73e-05	0.00e+00	0.00e+00	0.00e+00	0.00e+00	0.00e+00	0.00e+00	9.82e-01	1.71e-08	1.40e-08
 2.89044e+23	9.82e-01	1.77e-02	1.72e-05	0.00e+00	0.00e+00	0.00e+00	0.00e+00	0.00e+00	0.00e+00	9.82e-01	1.68e-08	1.38e-08
 2.89248e+23	9.83e-01	1.73e-02	1.70e-05	0.00e+00	0.00e+00	0.00e+00	0.00e+00	0.00e+00	0.00e+00	9.83e-01	1.66e-08	1.36e-08
 2.89433e+23	9.83e-01	1.71e-02	1.68e-05	0.00e+00	0.00e+00	0.00e+00	0.00e+00	0.00e+00	0.00e+00	9.83e-01	1.65e-08	1.35e-08
 2.89636e+23	9.83e-01	1.67e-02	1.66e-05	0.00e+00	0.00e+00	0.00e+00	0.00e+00	0.00e+00	0.00e+00	9.83e-01	1.63e-08	1.33e-08
 2.89855e+23	9.84e-01	1.63e-02	1.64e-05	0.00e+00	0.00e+00	0.00e+00	0.00e+00	0.00e+00	0.00e+00	9.84e-01	1.60e-08	1.30e-08
 2.90055e+23	9.84e-01	1.61e-02	1.63e-05	0.00e+00	0.00e+00	0.00e+00	0.00e+00	0.00e+00	0.00e+00	9.84e-01	1.59e-08	1.29e-08
 2.90274e+23	9.84e-01	1.58e-02	1.61e-05	0.00e+00	0.00e+00	0.00e+00	0.00e+00	0.00e+00	0.00e+00	9.84e-01	1.57e-08	1.26e-08
 2.90510e+23	9.85e-01	1.54e-02	1.59e-05	0.00e+00	0.00e+00	0.00e+00	0.00e+00	0.00e+00	0.00e+00	9.85e-01	1.55e-08	1.25e-08
 2.90725e+23	9.85e-01	1.51e-02	1.58e-05	0.00e+00	0.00e+00	0.00e+00	0.00e+00	0.00e+00	0.00e+00	9.85e-01	1.53e-08	1.23e-08
 2.90920e+23	9.85e-01	1.49e-02	1.56e-05	0.00e+00	0.00e+00	0.00e+00	0.00e+00	0.00e+00	0.00e+00	9.85e-01	1.51e-08	1.20e-08
 2.91098e+23	9.85e-01	1.47e-02	1.55e-05	0.00e+00	0.00e+00	0.00e+00	0.00e+00	0.00e+00	0.00e+00	9.85e-01	1.50e-08	1.20e-08
 2.91293e+23	9.86e-01	1.44e-02	1.53e-05	0.00e+00	0.00e+00	0.00e+00	0.00e+00	0.00e+00	0.00e+00	9.86e-01	1.48e-08	1.18e-08
 2.91503e+23	9.86e-01	1.42e-02	1.52e-05	0.00e+00	0.00e+00	0.00e+00	0.00e+00	0.00e+00	0.00e+00	9.86e-01	1.46e-08	1.16e-08
 2.91695e+23	9.86e-01	1.40e-02	1.50e-05	0.00e+00	0.00e+00	0.00e+00	0.00e+00	0.00e+00	0.00e+00	9.86e-01	1.45e-08	1.15e-08
 2.91905e+23	9.86e-01	1.37e-02	1.49e-05	0.00e+00	0.00e+00	0.00e+00	0.00e+00	0.00e+00	0.00e+00	9.86e-01	1.44e-08	1.13e-08
 2.92131e+23	9.87e-01	1.34e-02	1.47e-05	0.00e+00	0.00e+00	0.00e+00	0.00e+00	0.00e+00	0.00e+00	9.87e-01	1.41e-08	1.11e-08
 2.92338e+23	9.87e-01	1.32e-02	1.46e-05	0.00e+00	0.00e+00	0.00e+00	0.00e+00	0.00e+00	0.00e+00	9.87e-01	1.40e-08	1.10e-08
 2.92564e+23	9.87e-01	1.29e-02	1.44e-05	0.00e+00	0.00e+00	0.00e+00	0.00e+00	0.00e+00	0.00e+00	9.87e-01	1.39e-08	1.09e-08
 2.92807e+23	9.87e-01	1.26e-02	1.42e-05	0.00e+00	0.00e+00	0.00e+00	0.00e+00	0.00e+00	0.00e+00	9.87e-01	1.36e-08	1.06e-08
 2.93029e+23	9.88e-01	1.24e-02	1.41e-05	0.00e+00	0.00e+00	0.00e+00	0.00e+00	0.00e+00	0.00e+00	9.88e-01	1.36e-08	1.05e-08
 2.93273e+23	9.88e-01	1.22e-02	1.39e-05	0.00e+00	0.00e+00	0.00e+00	0.00e+00	0.00e+00	0.00e+00	9.88e-01	1.34e-08	1.03e-08
 2.93535e+23	9.88e-01	1.18e-02	1.38e-05	0.00e+00	0.00e+00	0.00e+00	0.00e+00	0.00e+00	0.00e+00	9.88e-01	1.31e-08	1.01e-08
 2.93774e+23	9.88e-01	1.17e-02	1.36e-05	0.00e+00	0.00e+00	0.00e+00	0.00e+00	0.00e+00	0.00e+00	9.88e-01	1.31e-08	9.98e-09
