#depth	He	He+	He+2
 1.54284e+22	1.81e-05	4.42e-02	9.56e-01
 3.54407e+22	3.44e-05	6.03e-02	9.40e-01
 4.23167e+22	4.71e-05	7.01e-02	9.30e-01
 4.63581e+22	5.96e-05	7.85e-02	9.21e-01
 4.88042e+22	6.55e-05	8.21e-02	9.18e-01
 5.04066e+22	7.37e-05	8.69e-02	9.13e-01
 5.21374e+22	8.23e-05	9.15e-02	9.08e-01
 5.37837e+22	9.15e-05	9.63e-02	9.04e-01
 5.56725e+22	1.05e-04	1.03e-01	8.97e-01
 5.75564e+22	1.17e-04	1.08e-01	8.92e-01
 5.94342e+22	1.34e-04	1.15e-01	8.84e-01
 6.11771e+22	1.47e-04	1.21e-01	8.79e-01
 6.27446e+22	1.64e-04	1.27e-01	8.73e-01
 6.43848e+22	1.80e-04	1.32e-01	8.67e-01
 6.58579e+22	1.97e-04	1.38e-01	8.62e-01
 6.75113e+22	2.20e-04	1.45e-01	8.54e-01
 6.91906e+22	2.42e-04	1.52e-01	8.48e-01
 7.06715e+22	2.65e-04	1.58e-01	8.41e-01
 7.23645e+22	2.97e-04	1.67e-01	8.33e-01
 7.40771e+22	3.26e-04	1.74e-01	8.26e-01
 7.55821e+22	3.57e-04	1.81e-01	8.18e-01
 7.73054e+22	3.99e-04	1.91e-01	8.09e-01
 7.90581e+22	4.39e-04	1.99e-01	8.01e-01
 8.06137e+22	4.81e-04	2.07e-01	7.92e-01
 8.24008e+22	5.39e-04	2.18e-01	7.82e-01
 8.42171e+22	5.93e-04	2.27e-01	7.72e-01
 8.60711e+22	6.66e-04	2.39e-01	7.60e-01
 8.79490e+22	7.33e-04	2.49e-01	7.50e-01
 8.98578e+22	8.25e-04	2.62e-01	7.37e-01
 9.18035e+22	9.10e-04	2.73e-01	7.26e-01
 9.30234e+22	9.47e-04	2.78e-01	7.21e-01
 9.38355e+22	9.95e-04	2.84e-01	7.15e-01
 9.48912e+22	1.06e-03	2.91e-01	7.08e-01
 9.62637e+22	1.15e-03	3.01e-01	6.98e-01
 9.80478e+22	1.28e-03	3.16e-01	6.83e-01
 9.96801e+22	1.37e-03	3.25e-01	6.74e-01
 1.01115e+23	1.49e-03	3.36e-01	6.63e-01
 1.02620e+23	1.60e-03	3.46e-01	6.52e-01
 1.04216e+23	1.76e-03	3.59e-01	6.39e-01
 1.05821e+23	1.89e-03	3.70e-01	6.28e-01
 1.07439e+23	2.07e-03	3.84e-01	6.14e-01
 1.09065e+23	2.22e-03	3.95e-01	6.03e-01
 1.10700e+23	2.44e-03	4.09e-01	5.88e-01
 1.12359e+23	2.62e-03	4.21e-01	5.76e-01
 1.14048e+23	2.87e-03	4.36e-01	5.61e-01
 1.15791e+23	3.10e-03	4.50e-01	5.47e-01
 1.17603e+23	3.42e-03	4.67e-01	5.30e-01
 1.19422e+23	3.70e-03	4.81e-01	5.15e-01
 1.21248e+23	4.06e-03	4.98e-01	4.98e-01
 1.23129e+23	4.41e-03	5.14e-01	4.81e-01
 1.25084e+23	4.88e-03	5.33e-01	4.62e-01
 1.27059e+23	5.31e-03	5.50e-01	4.44e-01
 1.29061e+23	5.89e-03	5.71e-01	4.23e-01
 1.31053e+23	6.39e-03	5.89e-01	4.05e-01
 1.33033e+23	7.09e-03	6.10e-01	3.83e-01
 1.35021e+23	7.70e-03	6.27e-01	3.65e-01
 1.37020e+23	8.55e-03	6.49e-01	3.43e-01
 1.39020e+23	9.29e-03	6.67e-01	3.24e-01
 1.41022e+23	1.04e-02	6.89e-01	3.01e-01
 1.43013e+23	1.13e-02	7.07e-01	2.82e-01
 1.44987e+23	1.25e-02	7.28e-01	2.59e-01
 1.46964e+23	1.37e-02	7.46e-01	2.40e-01
 1.48943e+23	1.52e-02	7.66e-01	2.19e-01
 1.50920e+23	1.67e-02	7.83e-01	2.00e-01
 1.52896e+23	1.86e-02	8.01e-01	1.80e-01
 1.54877e+23	2.04e-02	8.16e-01	1.63e-01
 1.56867e+23	2.28e-02	8.32e-01	1.45e-01
 1.58874e+23	2.52e-02	8.46e-01	1.29e-01
 1.60615e+23	2.77e-02	8.56e-01	1.16e-01
 1.62326e+23	3.04e-02	8.66e-01	1.04e-01
 1.63855e+23	3.28e-02	8.73e-01	9.46e-02
 1.65199e+23	3.55e-02	8.78e-01	8.65e-02
 1.66739e+23	3.92e-02	8.83e-01	7.73e-02
 1.68364e+23	4.32e-02	8.88e-01	6.93e-02
 1.69793e+23	4.73e-02	8.90e-01	6.28e-02
 1.71113e+23	5.19e-02	8.91e-01	5.72e-02
 1.72375e+23	5.69e-02	8.91e-01	5.24e-02
 1.73568e+23	6.25e-02	8.89e-01	4.83e-02
 1.74678e+23	6.87e-02	8.87e-01	4.47e-02
 1.75696e+23	7.53e-02	8.83e-01	4.19e-02
 1.76624e+23	8.25e-02	8.78e-01	3.95e-02
 1.77461e+23	9.01e-02	8.72e-01	3.76e-02
 1.78201e+23	9.82e-02	8.66e-01	3.60e-02
 1.78859e+23	1.06e-01	8.59e-01	3.48e-02
 1.79457e+23	1.15e-01	8.51e-01	3.38e-02
 1.80022e+23	1.24e-01	8.43e-01	3.30e-02
 1.80551e+23	1.34e-01	8.34e-01	3.24e-02
 1.81032e+23	1.44e-01	8.24e-01	3.19e-02
 1.81474e+23	1.54e-01	8.14e-01	3.17e-02
 1.81877e+23	1.64e-01	8.04e-01	3.16e-02
 1.82229e+23	1.74e-01	7.95e-01	3.16e-02
 1.82534e+23	1.82e-01	7.86e-01	3.17e-02
 1.82781e+23	1.90e-01	7.78e-01	3.18e-02
 1.82984e+23	1.96e-01	7.72e-01	3.18e-02
 1.83197e+23	2.04e-01	7.64e-01	3.19e-02
 1.83444e+23	2.13e-01	7.55e-01	3.19e-02
 1.83704e+23	2.22e-01	7.46e-01	3.21e-02
 1.83947e+23	2.32e-01	7.36e-01	3.23e-02
 1.84128e+23	2.38e-01	7.30e-01	3.25e-02
 1.84251e+23	2.43e-01	7.25e-01	3.26e-02
 1.84374e+23	2.48e-01	7.19e-01	3.26e-02
 1.84522e+23	2.55e-01	7.12e-01	3.26e-02
 1.84685e+23	2.63e-01	7.05e-01	3.25e-02
 1.84841e+23	2.69e-01	6.98e-01	3.26e-02
 1.84995e+23	2.77e-01	6.91e-01	3.26e-02
 1.85156e+23	2.84e-01	6.83e-01	3.26e-02
 1.85320e+23	2.93e-01	6.75e-01	3.25e-02
 1.85488e+23	3.01e-01	6.66e-01	3.24e-02
 1.85657e+23	3.10e-01	6.58e-01	3.24e-02
 1.85832e+23	3.19e-01	6.48e-01	3.22e-02
 1.86015e+23	3.29e-01	6.39e-01	3.21e-02
 1.86199e+23	3.39e-01	6.29e-01	3.19e-02
 1.86386e+23	3.50e-01	6.18e-01	3.17e-02
 1.86582e+23	3.61e-01	6.08e-01	3.14e-02
 1.86785e+23	3.73e-01	5.96e-01	3.11e-02
 1.86992e+23	3.85e-01	5.84e-01	3.08e-02
 1.87204e+23	3.97e-01	5.72e-01	3.05e-02
 1.87424e+23	4.11e-01	5.59e-01	3.00e-02
 1.87652e+23	4.24e-01	5.46e-01	2.96e-02
 1.87887e+23	4.38e-01	5.33e-01	2.91e-02
 1.88127e+23	4.53e-01	5.19e-01	2.86e-02
 1.88378e+23	4.68e-01	5.04e-01	2.80e-02
 1.88639e+23	4.83e-01	4.89e-01	2.73e-02
 1.88910e+23	4.99e-01	4.74e-01	2.66e-02
 1.89190e+23	5.16e-01	4.59e-01	2.59e-02
 1.89479e+23	5.32e-01	4.43e-01	2.51e-02
 1.89777e+23	5.49e-01	4.27e-01	2.43e-02
 1.90082e+23	5.65e-01	4.12e-01	2.35e-02
 1.90396e+23	5.81e-01	3.96e-01	2.26e-02
 1.90724e+23	5.98e-01	3.80e-01	2.16e-02
 1.91067e+23	6.14e-01	3.65e-01	2.07e-02
 1.91418e+23	6.30e-01	3.50e-01	1.98e-02
 1.91780e+23	6.46e-01	3.36e-01	1.88e-02
 1.92160e+23	6.61e-01	3.21e-01	1.78e-02
 1.92566e+23	6.76e-01	3.07e-01	1.69e-02
 1.92989e+23	6.90e-01	2.94e-01	1.59e-02
 1.93428e+23	7.04e-01	2.81e-01	1.50e-02
 1.93896e+23	7.17e-01	2.69e-01	1.40e-02
 1.94395e+23	7.30e-01	2.57e-01	1.31e-02
 1.94919e+23	7.43e-01	2.45e-01	1.22e-02
 1.95451e+23	7.54e-01	2.35e-01	1.13e-02
 1.95959e+23	7.64e-01	2.26e-01	1.06e-02
 1.96446e+23	7.73e-01	2.18e-01	9.90e-03
 1.96926e+23	7.80e-01	2.10e-01	9.28e-03
 1.97397e+23	7.88e-01	2.03e-01	8.72e-03
 1.97858e+23	7.95e-01	1.97e-01	8.21e-03
 1.98299e+23	8.01e-01	1.92e-01	7.75e-03
 1.98706e+23	8.06e-01	1.87e-01	7.34e-03
 1.99101e+23	8.11e-01	1.82e-01	6.95e-03
 1.99496e+23	8.16e-01	1.77e-01	6.60e-03
 1.99879e+23	8.21e-01	1.73e-01	6.27e-03
 2.00248e+23	8.25e-01	1.69e-01	5.97e-03
 2.00604e+23	8.29e-01	1.65e-01	5.68e-03
 2.00948e+23	8.33e-01	1.61e-01	5.42e-03
 2.01281e+23	8.37e-01	1.58e-01	5.18e-03
 2.01602e+23	8.41e-01	1.54e-01	4.95e-03
 2.01912e+23	8.44e-01	1.51e-01	4.73e-03
 2.02210e+23	8.47e-01	1.48e-01	4.54e-03
 2.02498e+23	8.50e-01	1.45e-01	4.35e-03
 2.02776e+23	8.53e-01	1.43e-01	4.17e-03
 2.03040e+23	8.56e-01	1.40e-01	4.01e-03
 2.03298e+23	8.59e-01	1.37e-01	3.85e-03
 2.03550e+23	8.61e-01	1.35e-01	3.71e-03
 2.03778e+23	8.64e-01	1.33e-01	3.58e-03
 2.03986e+23	8.66e-01	1.31e-01	3.46e-03
 2.04176e+23	8.68e-01	1.29e-01	3.36e-03
 2.04348e+23	8.70e-01	1.27e-01	3.26e-03
 2.04505e+23	8.72e-01	1.25e-01	3.17e-03
 2.04647e+23	8.73e-01	1.24e-01	3.10e-03
 2.04777e+23	8.74e-01	1.22e-01	3.02e-03
 2.04895e+23	8.76e-01	1.21e-01	2.97e-03
 2.05025e+23	8.77e-01	1.20e-01	2.89e-03
 2.05193e+23	8.79e-01	1.18e-01	2.81e-03
 2.05375e+23	8.80e-01	1.17e-01	2.75e-03
 2.05540e+23	8.82e-01	1.15e-01	2.67e-03
 2.05691e+23	8.83e-01	1.14e-01	2.60e-03
 2.05827e+23	8.85e-01	1.13e-01	2.54e-03
 2.05952e+23	8.86e-01	1.12e-01	2.48e-03
 2.06065e+23	8.87e-01	1.11e-01	2.44e-03
 2.06190e+23	8.88e-01	1.09e-01	2.38e-03
 2.06351e+23	8.90e-01	1.08e-01	2.32e-03
 2.06526e+23	8.91e-01	1.07e-01	2.27e-03
 2.06684e+23	8.92e-01	1.06e-01	2.22e-03
 2.06858e+23	8.94e-01	1.04e-01	2.15e-03
 2.07046e+23	8.95e-01	1.03e-01	2.10e-03
 2.07217e+23	8.96e-01	1.02e-01	2.05e-03
 2.07372e+23	8.98e-01	1.00e-01	2.00e-03
 2.07513e+23	8.99e-01	9.93e-02	1.95e-03
 2.07668e+23	9.00e-01	9.80e-02	1.90e-03
 2.07836e+23	9.01e-01	9.68e-02	1.85e-03
 2.07988e+23	9.03e-01	9.56e-02	1.81e-03
 2.08127e+23	9.03e-01	9.48e-02	1.77e-03
 2.08279e+23	9.05e-01	9.36e-02	1.73e-03
 2.08442e+23	9.06e-01	9.26e-02	1.69e-03
 2.08622e+23	9.07e-01	9.10e-02	1.63e-03
 2.08816e+23	9.09e-01	8.98e-02	1.59e-03
 2.08992e+23	9.10e-01	8.87e-02	1.55e-03
 2.09153e+23	9.11e-01	8.76e-02	1.51e-03
 2.09299e+23	9.12e-01	8.65e-02	1.47e-03
 2.09432e+23	9.13e-01	8.55e-02	1.43e-03
 2.09553e+23	9.14e-01	8.47e-02	1.41e-03
 2.09686e+23	9.15e-01	8.36e-02	1.37e-03
 2.09829e+23	9.16e-01	8.29e-02	1.35e-03
 2.09986e+23	9.17e-01	8.16e-02	1.31e-03
 2.10155e+23	9.18e-01	8.07e-02	1.28e-03
 2.10309e+23	9.19e-01	7.98e-02	1.25e-03
 2.10450e+23	9.20e-01	7.91e-02	1.22e-03
 2.10603e+23	9.21e-01	7.79e-02	1.19e-03
 2.10769e+23	9.22e-01	7.69e-02	1.16e-03
 2.10920e+23	9.23e-01	7.60e-02	1.13e-03
 2.11058e+23	9.24e-01	7.53e-02	1.11e-03
 2.11208e+23	9.25e-01	7.43e-02	1.08e-03
 2.11371e+23	9.25e-01	7.36e-02	1.06e-03
 2.11549e+23	9.26e-01	7.25e-02	1.03e-03
 2.11741e+23	9.27e-01	7.17e-02	1.00e-03
 2.11916e+23	9.28e-01	7.07e-02	9.76e-04
 2.12075e+23	9.29e-01	7.01e-02	9.58e-04
 2.12250e+23	9.30e-01	6.90e-02	9.29e-04
 2.12438e+23	9.31e-01	6.82e-02	9.07e-04
 2.12609e+23	9.32e-01	6.75e-02	8.87e-04
 2.12797e+23	9.33e-01	6.64e-02	8.59e-04
 2.13000e+23	9.34e-01	6.56e-02	8.38e-04
 2.13185e+23	9.34e-01	6.47e-02	8.15e-04
 2.13353e+23	9.35e-01	6.41e-02	7.99e-04
 2.13537e+23	9.36e-01	6.31e-02	7.75e-04
 2.13735e+23	9.37e-01	6.23e-02	7.56e-04
 2.13916e+23	9.38e-01	6.16e-02	7.40e-04
 2.14114e+23	9.39e-01	6.06e-02	7.15e-04
 2.14328e+23	9.39e-01	5.98e-02	6.97e-04
 2.14523e+23	9.40e-01	5.90e-02	6.77e-04
 2.14700e+23	9.41e-01	5.84e-02	6.64e-04
 2.14894e+23	9.42e-01	5.75e-02	6.43e-04
 2.15103e+23	9.43e-01	5.68e-02	6.27e-04
 2.15294e+23	9.43e-01	5.61e-02	6.13e-04
 2.15503e+23	9.44e-01	5.52e-02	5.92e-04
 2.15728e+23	9.45e-01	5.45e-02	5.77e-04
 2.15934e+23	9.46e-01	5.38e-02	5.63e-04
 2.16158e+23	9.47e-01	5.29e-02	5.43e-04
 2.16401e+23	9.47e-01	5.21e-02	5.27e-04
 2.16622e+23	9.48e-01	5.15e-02	5.15e-04
 2.16864e+23	9.49e-01	5.05e-02	4.96e-04
 2.17126e+23	9.50e-01	4.98e-02	4.82e-04
 2.17364e+23	9.51e-01	4.90e-02	4.67e-04
 2.17580e+23	9.51e-01	4.84e-02	4.55e-04
 2.17817e+23	9.52e-01	4.75e-02	4.38e-04
 2.18073e+23	9.53e-01	4.68e-02	4.25e-04
 2.18306e+23	9.53e-01	4.62e-02	4.15e-04
 2.18562e+23	9.54e-01	4.53e-02	3.99e-04
 2.18837e+23	9.55e-01	4.46e-02	3.87e-04
 2.19088e+23	9.56e-01	4.40e-02	3.76e-04
 2.19363e+23	9.56e-01	4.31e-02	3.62e-04
 2.19660e+23	9.57e-01	4.24e-02	3.50e-04
 2.19930e+23	9.58e-01	4.18e-02	3.40e-04
 2.20226e+23	9.59e-01	4.10e-02	3.26e-04
 2.20545e+23	9.59e-01	4.03e-02	3.16e-04
 2.20836e+23	9.60e-01	3.96e-02	3.04e-04
 2.21100e+23	9.61e-01	3.90e-02	2.96e-04
 2.21390e+23	9.62e-01	3.82e-02	2.84e-04
 2.21703e+23	9.62e-01	3.76e-02	2.74e-04
 2.21988e+23	9.63e-01	3.70e-02	2.66e-04
 2.22300e+23	9.64e-01	3.62e-02	2.55e-04
 2.22637e+23	9.64e-01	3.56e-02	2.46e-04
 2.22943e+23	9.65e-01	3.50e-02	2.38e-04
 2.23279e+23	9.66e-01	3.43e-02	2.28e-04
 2.23642e+23	9.66e-01	3.36e-02	2.19e-04
 2.23972e+23	9.67e-01	3.30e-02	2.12e-04
 2.24334e+23	9.68e-01	3.23e-02	2.02e-04
 2.24724e+23	9.68e-01	3.16e-02	1.95e-04
 2.25080e+23	9.69e-01	3.10e-02	1.87e-04
 2.25403e+23	9.69e-01	3.05e-02	1.81e-04
 2.25757e+23	9.70e-01	2.98e-02	1.73e-04
 2.26140e+23	9.71e-01	2.92e-02	1.66e-04
 2.26488e+23	9.71e-01	2.87e-02	1.61e-04
 2.26869e+23	9.72e-01	2.81e-02	1.53e-04
 2.27281e+23	9.72e-01	2.75e-02	1.47e-04
 2.27656e+23	9.73e-01	2.69e-02	1.41e-04
 2.27997e+23	9.73e-01	2.65e-02	1.36e-04
 2.28370e+23	9.74e-01	2.59e-02	1.31e-04
 2.28774e+23	9.74e-01	2.54e-02	1.26e-04
 2.29141e+23	9.75e-01	2.49e-02	1.21e-04
 2.29543e+23	9.76e-01	2.44e-02	1.15e-04
 2.29977e+23	9.76e-01	2.38e-02	1.11e-04
 2.30372e+23	9.77e-01	2.34e-02	1.06e-04
 2.30805e+23	9.77e-01	2.28e-02	1.01e-04
 2.31273e+23	9.78e-01	2.23e-02	9.69e-05
 2.31698e+23	9.78e-01	2.18e-02	9.28e-05
 2.32165e+23	9.79e-01	2.13e-02	8.81e-05
 2.32668e+23	9.79e-01	2.08e-02	8.40e-05
 2.33126e+23	9.80e-01	2.03e-02	8.03e-05
 2.33543e+23	9.80e-01	1.99e-02	7.70e-05
 2.33999e+23	9.81e-01	1.94e-02	7.34e-05
 2.34593e+23	9.81e-01	1.88e-02	6.89e-05
 2.35252e+23	9.82e-01	1.82e-02	6.45e-05
 2.35913e+23	9.82e-01	1.76e-02	6.04e-05
 2.36594e+23	9.83e-01	1.70e-02	5.65e-05
 2.37285e+23	9.84e-01	1.64e-02	5.27e-05
 2.37984e+23	9.84e-01	1.59e-02	4.92e-05
 2.38691e+23	9.85e-01	1.53e-02	4.60e-05
 2.39404e+23	9.85e-01	1.48e-02	4.29e-05
 2.40123e+23	9.86e-01	1.43e-02	4.00e-05
 2.40848e+23	9.86e-01	1.38e-02	3.73e-05
 2.41583e+23	9.87e-01	1.33e-02	3.48e-05
 2.42324e+23	9.87e-01	1.29e-02	3.24e-05
 2.43071e+23	9.88e-01	1.24e-02	3.02e-05
 2.43825e+23	9.88e-01	1.20e-02	2.81e-05
 2.44585e+23	9.88e-01	1.16e-02	2.61e-05
 2.45349e+23	9.89e-01	1.12e-02	2.43e-05
 2.46118e+23	9.89e-01	1.08e-02	2.26e-05
 2.46893e+23	9.90e-01	1.04e-02	2.10e-05
 2.47675e+23	9.90e-01	1.00e-02	1.95e-05
 2.48463e+23	9.90e-01	9.63e-03	1.82e-05
 2.49257e+23	9.91e-01	9.29e-03	1.69e-05
 2.50056e+23	9.91e-01	8.95e-03	1.57e-05
 2.50861e+23	9.91e-01	8.62e-03	1.45e-05
 2.51672e+23	9.92e-01	8.31e-03	1.35e-05
 2.52503e+23	9.92e-01	8.00e-03	1.25e-05
 2.53350e+23	9.92e-01	7.69e-03	1.16e-05
 2.54206e+23	9.93e-01	7.40e-03	1.07e-05
 2.55072e+23	9.93e-01	7.12e-03	9.93e-06
 2.55946e+23	9.93e-01	6.84e-03	9.18e-06
 2.56830e+23	9.93e-01	6.58e-03	8.48e-06
 2.57724e+23	9.94e-01	6.32e-03	7.83e-06
 2.58630e+23	9.94e-01	6.07e-03	7.23e-06
 2.59551e+23	9.94e-01	5.83e-03	6.66e-06
 2.60487e+23	9.94e-01	5.60e-03	6.14e-06
 2.61449e+23	9.95e-01	5.37e-03	5.64e-06
 2.62435e+23	9.95e-01	5.14e-03	5.18e-06
 2.63435e+23	9.95e-01	4.92e-03	4.75e-06
 2.64455e+23	9.95e-01	4.71e-03	4.36e-06
 2.65492e+23	9.95e-01	4.51e-03	3.99e-06
 2.66548e+23	9.96e-01	4.31e-03	3.64e-06
 2.67625e+23	9.96e-01	4.12e-03	3.33e-06
 2.68726e+23	9.96e-01	3.93e-03	3.03e-06
 2.69855e+23	9.96e-01	3.75e-03	2.76e-06
 2.71011e+23	9.96e-01	3.58e-03	2.51e-06
 2.72193e+23	9.97e-01	3.41e-03	2.27e-06
 2.73403e+23	9.97e-01	3.24e-03	2.06e-06
 2.74641e+23	9.97e-01	3.08e-03	1.86e-06
 2.75910e+23	9.97e-01	2.93e-03	1.68e-06
 2.77213e+23	9.97e-01	2.78e-03	1.51e-06
 2.78540e+23	9.97e-01	2.64e-03	1.36e-06
 2.79878e+23	9.97e-01	2.50e-03	1.22e-06
 2.81228e+23	9.98e-01	2.37e-03	1.10e-06
 2.82595e+23	9.98e-01	2.25e-03	9.87e-07
 2.83976e+23	9.98e-01	2.13e-03	8.86e-07
 2.85370e+23	9.98e-01	2.02e-03	7.95e-07
 2.86779e+23	9.98e-01	1.91e-03	7.13e-07
 2.88203e+23	9.98e-01	1.81e-03	6.39e-07
 2.89644e+23	9.98e-01	1.71e-03	5.72e-07
 2.91099e+23	9.98e-01	1.62e-03	5.12e-07
 2.92564e+23	9.98e-01	1.53e-03	4.58e-07
 2.94042e+23	9.99e-01	1.45e-03	4.09e-07
 2.95542e+23	9.99e-01	1.37e-03	3.65e-07
 2.97043e+23	9.99e-01	1.29e-03	3.26e-07
 2.98557e+23	9.99e-01	1.22e-03	2.91e-07
 3.00102e+23	9.99e-01	1.15e-03	2.59e-07
 3.01665e+23	9.99e-01	1.09e-03	2.30e-07
 3.03203e+23	9.99e-01	1.03e-03	2.05e-07
 3.04653e+23	9.99e-01	9.73e-04	1.84e-07
 3.06001e+23	9.99e-01	9.26e-04	1.67e-07
 3.07266e+23	9.99e-01	8.84e-04	1.52e-07
 3.08225e+23	9.99e-01	8.59e-04	1.44e-07
