#depth	Fe	Fe+	Fe+2	Fe+3	Fe+4	Fe+5	Fe+6	Fe+7	Fe+8	Fe+9	Fe+10	Fe+11	Fe+12	Fe+13	Fe+14	Fe+15	Fe+16	Fe+17	Fe+18	Fe+19	Fe+20	Fe+21	Fe+22	Fe+23	Fe+24	Fe+25	Fe+26
 4.62852e+21	0.00e+00	0.00e+00	0.00e+00	0.00e+00	0.00e+00	1.26e-22	6.78e-20	9.32e-18	7.65e-16	2.02e-14	4.83e-13	9.06e-12	1.90e-10	3.15e-09	5.81e-08	1.30e-06	2.19e-04	3.18e-03	2.31e-02	7.97e-02	1.62e-01	1.86e-01	1.63e-01	1.37e-01	2.01e-01	4.17e-02	3.12e-03
 1.05131e+22	0.00e+00	0.00e+00	0.00e+00	4.45e-26	1.16e-22	9.77e-20	3.52e-17	3.28e-15	1.86e-13	3.74e-12	5.62e-11	6.61e-10	8.66e-09	8.97e-08	1.03e-06	1.45e-05	1.77e-03	1.80e-02	8.86e-02	1.98e-01	2.60e-01	1.92e-01	1.09e-01	6.00e-02	6.42e-02	8.61e-03	4.18e-04
 1.23972e+22	0.00e+00	1.66e-33	1.47e-28	2.06e-24	4.50e-21	3.10e-18	8.96e-16	6.67e-14	2.99e-12	4.71e-11	5.53e-10	5.08e-09	5.19e-08	4.19e-07	3.73e-06	4.10e-05	4.27e-03	3.60e-02	1.45e-01	2.58e-01	2.67e-01	1.56e-01	7.09e-02	3.14e-02	2.88e-02	3.06e-03	1.18e-04
 1.33392e+22	0.00e+00	0.00e+00	1.13e-27	1.43e-23	2.81e-20	1.74e-17	4.51e-15	2.99e-13	1.19e-11	1.65e-10	1.71e-09	1.38e-08	1.24e-07	8.82e-07	6.90e-06	6.69e-05	6.38e-03	4.89e-02	1.77e-01	2.81e-01	2.57e-01	1.34e-01	5.42e-02	2.15e-02	1.82e-02	1.73e-03	5.94e-05
 1.37317e+22	0.00e+00	2.43e-32	1.95e-27	2.38e-23	4.55e-20	2.75e-17	6.90e-15	4.44e-13	1.71e-11	2.29e-10	2.30e-09	1.80e-08	1.56e-07	1.07e-06	8.08e-06	7.58e-05	7.06e-03	5.28e-02	1.86e-01	2.85e-01	2.53e-01	1.28e-01	5.02e-02	1.93e-02	1.61e-02	1.48e-03	4.92e-05
 1.39123e+22	0.00e+00	4.80e-32	3.71e-27	4.38e-23	8.10e-20	4.73e-17	1.15e-14	7.12e-13	2.63e-11	3.40e-10	3.27e-09	2.46e-08	2.05e-07	1.35e-06	9.77e-06	8.80e-05	7.96e-03	5.77e-02	1.97e-01	2.91e-01	2.48e-01	1.21e-01	4.57e-02	1.70e-02	1.38e-02	1.22e-03	3.92e-05
 1.41048e+22	0.00e+00	8.93e-32	6.67e-27	7.63e-23	1.37e-19	7.76e-17	1.82e-14	1.09e-12	3.89e-11	4.85e-10	4.50e-09	3.26e-08	2.62e-07	1.66e-06	1.16e-05	1.01e-04	8.86e-03	6.25e-02	2.07e-01	2.95e-01	2.43e-01	1.14e-01	4.18e-02	1.51e-02	1.20e-02	1.02e-03	3.18e-05
 1.42849e+22	0.00e+00	1.68e-31	1.21e-26	1.34e-22	2.33e-19	1.28e-16	2.90e-14	1.69e-12	5.79e-11	6.96e-10	6.22e-09	4.34e-08	3.35e-07	2.04e-06	1.37e-05	1.15e-04	9.85e-03	6.75e-02	2.17e-01	2.99e-01	2.37e-01	1.07e-01	3.81e-02	1.33e-02	1.04e-02	8.53e-04	2.56e-05
 1.44490e+22	0.00e+00	2.85e-31	1.99e-26	2.15e-22	3.63e-19	1.95e-16	4.29e-14	2.42e-12	8.06e-11	9.39e-10	8.14e-09	5.50e-08	4.11e-07	2.43e-06	1.58e-05	1.28e-04	1.07e-02	7.19e-02	2.25e-01	3.01e-01	2.32e-01	1.02e-01	3.52e-02	1.20e-02	9.15e-03	7.32e-04	2.13e-05
 1.46200e+22	0.00e+00	5.52e-31	3.72e-26	3.88e-22	6.34e-19	3.29e-16	6.99e-14	3.81e-12	1.22e-10	1.37e-09	1.14e-08	7.40e-08	5.32e-07	3.02e-06	1.89e-05	1.47e-04	1.20e-02	7.77e-02	2.35e-01	3.04e-01	2.25e-01	9.55e-02	3.18e-02	1.04e-02	7.81e-03	6.02e-04	1.69e-05
 1.47821e+22	0.00e+00	9.00e-31	5.90e-26	6.00e-22	9.56e-19	4.83e-16	1.00e-13	5.32e-12	1.66e-10	1.80e-09	1.46e-08	9.21e-08	6.42e-07	3.54e-06	2.14e-05	1.62e-04	1.29e-02	8.22e-02	2.43e-01	3.05e-01	2.20e-01	9.07e-02	2.94e-02	9.43e-03	6.94e-03	5.21e-04	1.42e-05
 1.49102e+22	0.00e+00	1.43e-30	9.13e-26	9.05e-22	1.41e-18	6.96e-16	1.41e-13	7.29e-12	2.21e-10	2.34e-09	1.84e-08	1.13e-07	7.67e-07	4.11e-06	2.42e-05	1.78e-04	1.39e-02	8.65e-02	2.50e-01	3.06e-01	2.15e-01	8.63e-02	2.73e-02	8.55e-03	6.20e-03	4.53e-04	1.21e-05
 1.50544e+22	0.00e+00	2.49e-30	1.54e-25	1.49e-21	2.25e-18	1.08e-15	2.12e-13	1.07e-11	3.13e-10	3.21e-09	2.44e-08	1.45e-07	9.50e-07	4.92e-06	2.80e-05	1.99e-04	1.51e-02	9.19e-02	2.59e-01	3.06e-01	2.08e-01	8.12e-02	2.50e-02	7.59e-03	5.40e-03	3.82e-04	9.87e-06
 1.51975e+22	0.00e+00	3.94e-30	2.38e-25	2.23e-21	3.30e-18	1.55e-15	2.97e-13	1.45e-11	4.16e-10	4.15e-09	3.07e-08	1.77e-07	1.13e-06	5.70e-06	3.15e-05	2.18e-04	1.62e-02	9.65e-02	2.65e-01	3.07e-01	2.03e-01	7.71e-02	2.31e-02	6.87e-03	4.81e-03	3.32e-04	8.36e-06
 1.53176e+22	0.00e+00	6.07e-30	3.57e-25	3.28e-21	4.73e-18	2.18e-15	4.08e-13	1.95e-11	5.43e-10	5.29e-09	3.82e-08	2.15e-07	1.33e-06	6.54e-06	3.51e-05	2.37e-04	1.73e-02	1.01e-01	2.72e-01	3.06e-01	1.98e-01	7.33e-02	2.15e-02	6.25e-03	4.31e-03	2.91e-04	7.14e-06
 1.54523e+22	0.00e+00	1.03e-29	5.89e-25	5.26e-21	7.38e-18	3.31e-15	6.02e-13	2.80e-11	7.55e-10	7.13e-09	4.98e-08	2.71e-07	1.63e-06	7.74e-06	4.03e-05	2.63e-04	1.87e-02	1.07e-01	2.80e-01	3.06e-01	1.91e-01	6.88e-02	1.96e-02	5.55e-03	3.77e-03	2.46e-04	5.87e-06
 1.55845e+22	0.00e+00	1.59e-29	8.83e-25	7.70e-21	1.06e-17	4.63e-15	8.24e-13	3.74e-11	9.85e-10	9.06e-09	6.17e-08	3.28e-07	1.92e-06	8.87e-06	4.49e-05	2.85e-04	1.99e-02	1.11e-01	2.86e-01	3.05e-01	1.86e-01	6.53e-02	1.82e-02	5.04e-03	3.37e-03	2.15e-04	5.00e-06
 1.56937e+22	0.00e+00	2.37e-29	1.29e-24	1.10e-20	1.48e-17	6.34e-15	1.11e-12	4.91e-11	1.26e-09	1.13e-08	7.54e-08	3.91e-07	2.23e-06	1.01e-05	4.96e-05	3.08e-04	2.11e-02	1.16e-01	2.91e-01	3.04e-01	1.81e-01	6.21e-02	1.70e-02	4.60e-03	3.04e-03	1.89e-04	4.30e-06
 1.58158e+22	0.00e+00	3.88e-29	2.05e-24	1.70e-20	2.22e-17	9.32e-15	1.58e-12	6.85e-11	1.71e-09	1.49e-08	9.62e-08	4.84e-07	2.68e-06	1.17e-05	5.61e-05	3.38e-04	2.26e-02	1.21e-01	2.98e-01	3.02e-01	1.75e-01	5.84e-02	1.55e-02	4.10e-03	2.67e-03	1.62e-04	3.58e-06
 1.59416e+22	0.00e+00	6.03e-29	3.10e-24	2.51e-20	3.21e-17	1.32e-14	2.18e-12	9.22e-11	2.24e-09	1.91e-08	1.20e-07	5.87e-07	3.16e-06	1.35e-05	6.26e-05	3.67e-04	2.40e-02	1.26e-01	3.04e-01	3.01e-01	1.69e-01	5.52e-02	1.43e-02	3.70e-03	2.37e-03	1.40e-04	3.03e-06
 1.60519e+22	0.00e+00	9.01e-29	4.52e-24	3.59e-20	4.48e-17	1.80e-14	2.92e-12	1.21e-10	2.87e-09	2.38e-08	1.46e-07	6.99e-07	3.67e-06	1.53e-05	6.92e-05	3.95e-04	2.54e-02	1.31e-01	3.09e-01	2.99e-01	1.64e-01	5.23e-02	1.33e-02	3.37e-03	2.13e-03	1.23e-04	2.60e-06
 1.61747e+22	0.00e+00	1.50e-28	7.30e-24	5.63e-20	6.84e-17	2.68e-14	4.23e-12	1.70e-10	3.92e-09	3.16e-08	1.88e-07	8.72e-07	4.44e-06	1.79e-05	7.85e-05	4.34e-04	2.72e-02	1.37e-01	3.16e-01	2.96e-01	1.58e-01	4.89e-02	1.21e-02	2.99e-03	1.86e-03	1.04e-04	2.13e-06
 1.62936e+22	0.00e+00	2.20e-28	1.05e-23	7.90e-20	9.39e-17	3.60e-14	5.58e-12	2.20e-10	4.95e-09	3.90e-08	2.27e-07	1.03e-06	5.12e-06	2.01e-05	8.62e-05	4.66e-04	2.87e-02	1.42e-01	3.20e-01	2.94e-01	1.53e-01	4.64e-02	1.13e-02	2.72e-03	1.67e-03	9.19e-05	1.84e-06
 1.63920e+22	0.00e+00	3.25e-28	1.51e-23	1.12e-19	1.30e-16	4.88e-14	7.41e-12	2.86e-10	6.28e-09	4.84e-08	2.75e-07	1.22e-06	5.91e-06	2.27e-05	9.48e-05	5.00e-04	3.02e-02	1.46e-01	3.25e-01	2.92e-01	1.48e-01	4.39e-02	1.05e-02	2.48e-03	1.50e-03	8.07e-05	1.58e-06
 1.64887e+22	0.00e+00	4.67e-28	2.12e-23	1.54e-19	1.75e-16	6.46e-14	9.62e-12	3.64e-10	7.83e-09	5.91e-08	3.29e-07	1.42e-06	6.76e-06	2.53e-05	1.03e-04	5.34e-04	3.16e-02	1.51e-01	3.29e-01	2.89e-01	1.43e-01	4.18e-02	9.75e-03	2.27e-03	1.36e-03	7.15e-05	1.37e-06
 1.65988e+22	0.00e+00	7.54e-28	3.33e-23	2.34e-19	2.60e-16	9.36e-14	1.36e-11	5.01e-10	1.05e-08	7.69e-08	4.16e-07	1.75e-06	8.06e-06	2.93e-05	1.16e-04	5.82e-04	3.36e-02	1.57e-01	3.34e-01	2.86e-01	1.38e-01	3.90e-02	8.88e-03	2.02e-03	1.19e-03	6.08e-05	1.13e-06
 1.67105e+22	0.00e+00	1.14e-27	4.90e-23	3.37e-19	3.65e-16	1.29e-13	1.83e-11	6.60e-10	1.35e-08	9.65e-08	5.09e-07	2.09e-06	9.38e-06	3.33e-05	1.28e-04	6.26e-04	3.54e-02	1.62e-01	3.39e-01	2.83e-01	1.33e-01	3.67e-02	8.19e-03	1.82e-03	1.06e-03	5.29e-05	9.63e-07
 1.68069e+22	0.00e+00	1.63e-27	6.86e-23	4.62e-19	4.90e-16	1.70e-13	2.37e-11	8.39e-10	1.67e-08	1.18e-07	6.06e-07	2.44e-06	1.07e-05	3.71e-05	1.40e-04	6.68e-04	3.70e-02	1.67e-01	3.42e-01	2.80e-01	1.28e-01	3.48e-02	7.62e-03	1.66e-03	9.59e-04	4.68e-05	8.35e-07
 1.69150e+22	0.00e+00	2.70e-27	1.10e-22	7.20e-19	7.42e-16	2.51e-13	3.40e-11	1.17e-09	2.27e-08	1.55e-07	7.76e-07	3.03e-06	1.29e-05	4.32e-05	1.58e-04	7.30e-04	3.94e-02	1.73e-01	3.47e-01	2.75e-01	1.22e-01	3.23e-02	6.88e-03	1.46e-03	8.30e-04	3.93e-05	6.81e-07
 1.70236e+22	0.00e+00	3.99e-27	1.59e-22	1.01e-18	1.02e-15	3.38e-13	4.49e-11	1.52e-09	2.88e-08	1.92e-07	9.38e-07	3.57e-06	1.48e-05	4.86e-05	1.73e-04	7.81e-04	4.13e-02	1.78e-01	3.51e-01	2.72e-01	1.18e-01	3.05e-02	6.36e-03	1.33e-03	7.42e-04	3.44e-05	5.82e-07
 1.71330e+22	0.00e+00	6.61e-27	2.54e-22	1.58e-18	1.54e-15	4.97e-13	6.45e-11	2.12e-09	3.90e-08	2.53e-07	1.20e-06	4.43e-06	1.78e-05	5.66e-05	1.95e-04	8.53e-04	4.39e-02	1.85e-01	3.55e-01	2.67e-01	1.12e-01	2.82e-02	5.73e-03	1.16e-03	6.41e-04	2.88e-05	4.73e-07
 1.72400e+22	0.00e+00	9.59e-27	3.61e-22	2.19e-18	2.09e-15	6.62e-13	8.42e-11	2.72e-09	4.89e-08	3.10e-07	1.44e-06	5.20e-06	2.04e-05	6.34e-05	2.13e-04	9.10e-04	4.59e-02	1.90e-01	3.58e-01	2.63e-01	1.08e-01	2.66e-02	5.30e-03	1.06e-03	5.75e-04	2.52e-05	4.06e-07
 1.73441e+22	0.00e+00	1.59e-26	5.79e-22	3.40e-18	3.15e-15	9.73e-13	1.21e-10	3.80e-09	6.63e-08	4.09e-07	1.84e-06	6.45e-06	2.46e-05	7.38e-05	2.40e-04	9.92e-04	4.86e-02	1.97e-01	3.62e-01	2.58e-01	1.03e-01	2.45e-02	4.76e-03	9.23e-04	4.95e-04	2.11e-05	3.29e-07
 1.74478e+22	0.00e+00	2.28e-26	8.09e-22	4.65e-18	4.22e-15	1.28e-12	1.56e-10	4.82e-09	8.23e-08	4.98e-07	2.19e-06	7.52e-06	2.80e-05	8.22e-05	2.61e-04	1.06e-03	5.07e-02	2.02e-01	3.64e-01	2.54e-01	9.88e-02	2.31e-02	4.41e-03	8.39e-04	4.45e-04	1.85e-05	2.83e-07
 1.75509e+22	0.00e+00	3.81e-26	1.31e-21	7.28e-18	6.40e-15	1.89e-12	2.25e-10	6.77e-09	1.12e-07	6.59e-07	2.82e-06	9.37e-06	3.38e-05	9.59e-05	2.94e-04	1.15e-03	5.37e-02	2.09e-01	3.68e-01	2.49e-01	9.34e-02	2.12e-02	3.94e-03	7.31e-04	3.81e-04	1.54e-05	2.27e-07
 1.76509e+22	0.00e+00	5.36e-26	1.80e-21	9.80e-18	8.44e-15	2.45e-12	2.86e-10	8.48e-09	1.38e-07	7.94e-07	3.33e-06	1.08e-05	3.82e-05	1.06e-04	3.19e-04	1.22e-03	5.58e-02	2.13e-01	3.70e-01	2.45e-01	8.99e-02	2.00e-02	3.65e-03	6.66e-04	3.43e-04	1.36e-05	1.97e-07
 1.77471e+22	0.00e+00	8.70e-26	2.82e-21	1.49e-17	1.25e-14	3.53e-12	4.03e-10	1.17e-08	1.84e-07	1.04e-06	4.22e-06	1.33e-05	4.56e-05	1.23e-04	3.57e-04	1.33e-03	5.89e-02	2.20e-01	3.72e-01	2.39e-01	8.51e-02	1.85e-02	3.28e-03	5.83e-04	2.96e-04	1.13e-05	1.59e-07
 1.78439e+22	0.00e+00	1.24e-25	3.92e-21	2.03e-17	1.66e-14	4.60e-12	5.17e-10	1.47e-08	2.28e-07	1.26e-06	5.01e-06	1.55e-05	5.19e-05	1.37e-04	3.88e-04	1.41e-03	6.12e-02	2.25e-01	3.74e-01	2.35e-01	8.17e-02	1.74e-02	3.03e-03	5.28e-04	2.65e-04	9.94e-06	1.37e-07
 1.79415e+22	0.00e+00	2.03e-25	6.22e-21	3.11e-17	2.46e-14	6.68e-12	7.34e-10	2.04e-08	3.08e-07	1.65e-06	6.39e-06	1.92e-05	6.22e-05	1.59e-04	4.35e-04	1.53e-03	6.46e-02	2.31e-01	3.76e-01	2.29e-01	7.70e-02	1.59e-02	2.70e-03	4.59e-04	2.27e-04	8.24e-06	0.00e+00
 1.80393e+22	0.00e+00	2.91e-25	8.70e-21	4.25e-17	3.29e-14	8.76e-12	9.47e-10	2.59e-08	3.82e-07	2.01e-06	7.62e-06	2.24e-05	7.10e-05	1.77e-04	4.74e-04	1.63e-03	6.72e-02	2.36e-01	3.77e-01	2.25e-01	7.37e-02	1.49e-02	2.49e-03	4.14e-04	2.02e-04	7.17e-06	0.00e+00
 1.81375e+22	0.00e+00	4.81e-25	1.39e-20	6.55e-17	4.91e-14	1.28e-11	1.35e-09	3.61e-08	5.18e-07	2.65e-06	9.76e-06	2.79e-05	8.54e-05	2.06e-04	5.33e-04	1.77e-03	7.09e-02	2.43e-01	3.79e-01	2.19e-01	6.92e-02	1.36e-02	2.21e-03	3.58e-04	1.72e-04	5.90e-06	0.00e+00
 1.82363e+22	0.00e+00	6.94e-25	1.95e-20	8.99e-17	6.58e-14	1.68e-11	1.75e-09	4.61e-08	6.47e-07	3.25e-06	1.17e-05	3.27e-05	9.78e-05	2.30e-04	5.81e-04	1.89e-03	7.37e-02	2.48e-01	3.80e-01	2.14e-01	6.60e-02	1.27e-02	2.02e-03	3.22e-04	1.52e-04	5.11e-06	0.00e+00
 1.83358e+22	0.00e+00	1.13e-24	3.07e-20	1.37e-16	9.70e-14	2.42e-11	2.46e-09	6.37e-08	8.70e-07	4.26e-06	1.49e-05	4.04e-05	1.17e-04	2.67e-04	6.52e-04	2.05e-03	7.76e-02	2.55e-01	3.81e-01	2.08e-01	6.19e-02	1.16e-02	1.80e-03	2.78e-04	1.29e-04	4.20e-06	0.00e+00
 1.84344e+22	0.00e+00	1.63e-24	4.30e-20	1.87e-16	1.30e-13	3.17e-11	3.18e-09	8.11e-08	1.09e-06	5.21e-06	1.79e-05	4.74e-05	1.34e-04	2.99e-04	7.11e-04	2.18e-03	8.06e-02	2.60e-01	3.81e-01	2.03e-01	5.89e-02	1.08e-02	1.64e-03	2.49e-04	1.14e-04	3.63e-06	0.00e+00
 1.85319e+22	0.00e+00	2.63e-24	6.69e-20	2.82e-16	1.89e-13	4.52e-11	4.46e-09	1.11e-07	1.45e-06	6.81e-06	2.27e-05	5.85e-05	1.60e-04	3.46e-04	7.96e-04	2.37e-03	8.47e-02	2.67e-01	3.81e-01	1.97e-01	5.51e-02	9.79e-03	1.45e-03	2.15e-04	9.71e-05	2.98e-06	0.00e+00
 1.86309e+22	0.00e+00	3.83e-24	9.46e-20	3.88e-16	2.54e-13	5.97e-11	5.80e-09	1.43e-07	1.83e-06	8.40e-06	2.74e-05	6.90e-05	1.85e-04	3.89e-04	8.71e-04	2.53e-03	8.80e-02	2.72e-01	3.81e-01	1.92e-01	5.22e-02	9.07e-03	1.32e-03	1.91e-04	8.52e-05	2.54e-06	0.00e+00
 1.87318e+22	0.00e+00	6.23e-24	1.48e-19	5.87e-16	3.72e-13	8.55e-11	8.17e-09	1.98e-07	2.47e-06	1.11e-05	3.51e-05	8.57e-05	2.22e-04	4.52e-04	9.79e-04	2.75e-03	9.26e-02	2.78e-01	3.81e-01	1.85e-01	4.86e-02	8.20e-03	1.16e-03	1.64e-04	7.17e-05	2.07e-06	0.00e+00
 1.88339e+22	0.00e+00	9.08e-24	2.10e-19	8.10e-16	5.00e-13	1.13e-10	1.07e-08	2.55e-07	3.12e-06	1.37e-05	4.25e-05	1.02e-04	2.57e-04	5.09e-04	1.07e-03	2.94e-03	9.62e-02	2.84e-01	3.81e-01	1.80e-01	4.59e-02	7.56e-03	1.05e-03	1.45e-04	6.25e-05	1.75e-06	0.00e+00
 1.89376e+22	0.00e+00	1.48e-23	3.29e-19	1.22e-15	7.31e-13	1.62e-10	1.50e-08	3.55e-07	4.22e-06	1.81e-05	5.46e-05	1.27e-04	3.10e-04	5.94e-04	1.21e-03	3.20e-03	1.01e-01	2.90e-01	3.79e-01	1.73e-01	4.25e-02	6.79e-03	9.17e-04	1.23e-04	5.22e-05	1.41e-06	0.00e+00
 1.90419e+22	0.00e+00	2.14e-23	4.62e-19	1.67e-15	9.75e-13	2.12e-10	1.95e-08	4.56e-07	5.32e-06	2.24e-05	6.61e-05	1.50e-04	3.57e-04	6.68e-04	1.32e-03	3.42e-03	1.05e-01	2.95e-01	3.78e-01	1.68e-01	4.00e-02	6.25e-03	8.26e-04	1.09e-04	4.54e-05	1.19e-06	0.00e+00
 1.91317e+22	0.00e+00	3.06e-23	6.41e-19	2.26e-15	1.28e-12	2.75e-10	2.51e-08	5.81e-07	6.66e-06	2.76e-05	7.96e-05	1.76e-04	4.10e-04	7.49e-04	1.45e-03	3.64e-03	1.09e-01	3.00e-01	3.77e-01	1.63e-01	3.77e-02	5.75e-03	7.46e-04	9.61e-05	3.95e-05	1.01e-06	0.00e+00
 1.92333e+22	0.00e+00	4.83e-23	9.75e-19	3.32e-15	1.83e-12	3.85e-10	3.47e-08	7.94e-07	8.90e-06	3.61e-05	1.01e-04	2.18e-04	4.92e-04	8.69e-04	1.62e-03	3.96e-03	1.14e-01	3.06e-01	3.75e-01	1.56e-01	3.48e-02	5.16e-03	6.51e-04	8.17e-05	3.30e-05	8.15e-07	0.00e+00
 1.93348e+22	0.00e+00	6.73e-23	1.32e-18	4.39e-15	2.37e-12	4.91e-10	4.39e-08	9.98e-07	1.10e-05	4.39e-05	1.21e-04	2.55e-04	5.61e-04	9.69e-04	1.76e-03	4.21e-03	1.18e-01	3.11e-01	3.73e-01	1.52e-01	3.29e-02	4.76e-03	5.89e-04	7.25e-05	2.89e-05	6.95e-07	0.00e+00
 1.94362e+22	0.00e+00	1.04e-22	1.97e-18	6.32e-15	3.31e-12	6.75e-10	5.99e-08	1.35e-06	1.46e-05	5.69e-05	1.53e-04	3.13e-04	6.68e-04	1.12e-03	1.97e-03	4.57e-03	1.24e-01	3.16e-01	3.70e-01	1.45e-01	3.03e-02	4.26e-03	5.15e-04	6.17e-05	2.41e-05	5.59e-07	0.00e+00
 1.95385e+22	0.00e+00	1.43e-22	2.63e-18	8.27e-15	4.23e-12	8.53e-10	7.54e-08	1.69e-06	1.79e-05	6.89e-05	1.81e-04	3.64e-04	7.60e-04	1.24e-03	2.14e-03	4.85e-03	1.28e-01	3.21e-01	3.68e-01	1.41e-01	2.85e-02	3.92e-03	4.65e-04	5.47e-05	2.11e-05	4.76e-07	0.00e+00
 1.96422e+22	0.00e+00	2.18e-22	3.87e-18	1.17e-14	5.85e-12	1.16e-09	1.02e-07	2.27e-06	2.36e-05	8.91e-05	2.29e-04	4.47e-04	9.04e-04	1.44e-03	2.39e-03	5.26e-03	1.34e-01	3.26e-01	3.65e-01	1.34e-01	2.62e-02	3.50e-03	4.05e-04	4.64e-05	1.75e-05	3.82e-07	0.00e+00
 1.97477e+22	0.00e+00	2.99e-22	5.17e-18	1.53e-14	7.46e-12	1.47e-09	1.28e-07	2.84e-06	2.91e-05	1.08e-04	2.72e-04	5.21e-04	1.03e-03	1.60e-03	2.60e-03	5.59e-03	1.39e-01	3.30e-01	3.62e-01	1.30e-01	2.46e-02	3.21e-03	3.64e-04	4.10e-05	1.53e-05	3.24e-07	0.00e+00
 1.98557e+22	0.00e+00	4.49e-22	7.47e-18	2.15e-14	1.02e-11	1.97e-09	1.72e-07	3.79e-06	3.81e-05	1.39e-04	3.41e-04	6.35e-04	1.22e-03	1.84e-03	2.89e-03	6.05e-03	1.45e-01	3.35e-01	3.57e-01	1.24e-01	2.26e-02	2.87e-03	3.17e-04	3.48e-05	1.27e-05	2.60e-07	0.00e+00
 1.99672e+22	0.00e+00	6.22e-22	1.01e-17	2.82e-14	1.31e-11	2.51e-09	2.18e-07	4.79e-06	4.74e-05	1.70e-04	4.09e-04	7.46e-04	1.40e-03	2.06e-03	3.16e-03	6.46e-03	1.50e-01	3.39e-01	3.54e-01	1.19e-01	2.11e-02	2.61e-03	2.83e-04	3.04e-05	1.09e-05	2.17e-07	0.00e+00
 2.00833e+22	0.00e+00	9.36e-22	1.46e-17	3.95e-14	1.79e-11	3.38e-09	2.94e-07	6.45e-06	6.25e-05	2.20e-04	5.16e-04	9.15e-04	1.66e-03	2.37e-03	3.53e-03	7.01e-03	1.57e-01	3.44e-01	3.48e-01	1.13e-01	1.92e-02	2.31e-03	2.44e-04	2.55e-05	8.99e-06	1.72e-07	0.00e+00
 2.02021e+22	0.00e+00	1.29e-21	1.95e-17	5.17e-14	2.29e-11	4.29e-09	3.73e-07	8.15e-06	7.78e-05	2.70e-04	6.20e-04	1.07e-03	1.90e-03	2.65e-03	3.85e-03	7.48e-03	1.63e-01	3.47e-01	3.44e-01	1.08e-01	1.78e-02	2.09e-03	2.16e-04	2.22e-05	7.70e-06	1.43e-07	0.00e+00
 2.03078e+22	0.00e+00	1.76e-21	2.59e-17	6.67e-14	2.89e-11	5.38e-09	4.68e-07	1.02e-05	9.61e-05	3.28e-04	7.40e-04	1.25e-03	2.17e-03	2.96e-03	4.19e-03	7.97e-03	1.68e-01	3.51e-01	3.39e-01	1.04e-01	1.66e-02	1.90e-03	1.93e-04	1.94e-05	6.61e-06	1.19e-07	0.00e+00
 2.04286e+22	0.00e+00	2.59e-21	3.68e-17	9.20e-14	3.90e-11	7.17e-09	6.24e-07	1.36e-05	1.26e-04	4.21e-04	9.26e-04	1.53e-03	2.57e-03	3.39e-03	4.67e-03	8.63e-03	1.76e-01	3.54e-01	3.33e-01	9.80e-02	1.51e-02	1.67e-03	1.66e-04	1.62e-05	5.43e-06	0.00e+00	0.00e+00
 2.05511e+22	2.21e-34	3.49e-21	4.82e-17	1.18e-13	4.90e-11	8.95e-09	7.80e-07	1.70e-05	1.55e-04	5.11e-04	1.10e-03	1.78e-03	2.92e-03	3.77e-03	5.07e-03	9.18e-03	1.81e-01	3.57e-01	3.28e-01	9.37e-02	1.40e-02	1.52e-03	1.47e-04	1.41e-05	4.66e-06	0.00e+00	0.00e+00
 2.06758e+22	3.43e-34	5.08e-21	6.79e-17	1.61e-13	6.54e-11	1.18e-08	1.04e-06	2.26e-05	2.01e-04	6.54e-04	1.37e-03	2.16e-03	3.44e-03	4.32e-03	5.62e-03	9.93e-03	1.89e-01	3.60e-01	3.20e-01	8.83e-02	1.27e-02	1.33e-03	1.26e-04	1.18e-05	3.82e-06	0.00e+00	0.00e+00
 2.07969e+22	4.67e-34	6.61e-21	8.62e-17	2.01e-13	8.02e-11	1.44e-08	1.26e-06	2.75e-05	2.42e-04	7.76e-04	1.60e-03	2.47e-03	3.85e-03	4.74e-03	6.05e-03	1.05e-02	1.95e-01	3.62e-01	3.15e-01	8.46e-02	1.18e-02	1.22e-03	1.13e-04	1.04e-05	3.32e-06	0.00e+00	0.00e+00
 2.09134e+22	6.92e-34	9.25e-21	1.17e-16	2.65e-13	1.04e-10	1.85e-08	1.63e-06	3.56e-05	3.08e-04	9.69e-04	1.96e-03	2.94e-03	4.46e-03	5.35e-03	6.64e-03	1.13e-02	2.02e-01	3.64e-01	3.08e-01	7.99e-02	1.08e-02	1.08e-03	9.79e-05	8.83e-06	2.76e-06	0.00e+00	0.00e+00
 2.10321e+22	9.38e-34	1.20e-20	1.48e-16	3.29e-13	1.27e-10	2.25e-08	1.98e-06	4.33e-05	3.70e-04	1.15e-03	2.28e-03	3.36e-03	4.99e-03	5.86e-03	7.13e-03	1.19e-02	2.07e-01	3.66e-01	3.02e-01	7.63e-02	1.00e-02	9.82e-04	8.77e-05	7.77e-06	2.39e-06	0.00e+00	0.00e+00
 2.11536e+22	1.39e-33	1.67e-20	2.00e-16	4.33e-13	1.64e-10	2.89e-08	2.57e-06	5.61e-05	4.71e-04	1.44e-03	2.78e-03	4.00e-03	5.78e-03	6.61e-03	7.83e-03	1.28e-02	2.15e-01	3.67e-01	2.94e-01	7.18e-02	9.06e-03	8.65e-04	7.54e-05	6.54e-06	1.97e-06	0.00e+00	0.00e+00
 2.12769e+22	1.87e-33	2.16e-20	2.53e-16	5.36e-13	2.00e-10	3.50e-08	3.12e-06	6.81e-05	5.63e-04	1.70e-03	3.23e-03	4.55e-03	6.44e-03	7.23e-03	8.39e-03	1.34e-02	2.21e-01	3.68e-01	2.88e-01	6.85e-02	8.41e-03	7.87e-04	6.74e-05	5.75e-06	1.71e-06	0.00e+00	0.00e+00
 2.14023e+22	2.75e-33	3.00e-20	3.40e-16	7.04e-13	2.58e-10	4.49e-08	4.02e-06	8.81e-05	7.16e-04	2.12e-03	3.94e-03	5.41e-03	7.44e-03	8.13e-03	9.19e-03	1.44e-02	2.28e-01	3.68e-01	2.80e-01	6.41e-02	7.59e-03	6.90e-04	5.78e-05	4.81e-06	1.40e-06	0.00e+00	0.00e+00
 2.15257e+22	3.63e-33	3.80e-20	4.22e-16	8.57e-13	3.10e-10	5.37e-08	4.82e-06	1.05e-04	8.45e-04	2.47e-03	4.51e-03	6.09e-03	8.21e-03	8.81e-03	9.78e-03	1.51e-02	2.33e-01	3.68e-01	2.74e-01	6.12e-02	7.07e-03	6.30e-04	5.19e-05	4.26e-06	1.23e-06	0.00e+00	0.00e+00
 2.16462e+22	5.17e-33	5.15e-20	5.55e-16	1.10e-12	3.91e-10	6.75e-08	6.11e-06	1.34e-04	1.06e-03	3.04e-03	5.42e-03	7.14e-03	9.38e-03	9.82e-03	1.06e-02	1.60e-02	2.40e-01	3.67e-01	2.65e-01	5.73e-02	6.40e-03	5.56e-04	4.48e-05	3.60e-06	1.02e-06	0.00e+00	0.00e+00
 2.17692e+22	6.83e-33	6.53e-20	6.89e-16	1.34e-12	4.71e-10	8.09e-08	7.34e-06	1.61e-04	1.25e-03	3.55e-03	6.22e-03	8.04e-03	1.03e-02	1.06e-02	1.13e-02	1.68e-02	2.46e-01	3.66e-01	2.59e-01	5.45e-02	5.93e-03	5.05e-04	4.01e-05	3.17e-06	8.83e-07	0.00e+00	0.00e+00
 2.18954e+22	9.76e-33	8.85e-20	9.08e-16	1.73e-12	5.96e-10	1.02e-07	9.32e-06	2.04e-04	1.56e-03	4.36e-03	7.46e-03	9.41e-03	1.18e-02	1.18e-02	1.22e-02	1.79e-02	2.52e-01	3.65e-01	2.50e-01	5.09e-02	5.34e-03	4.43e-04	3.44e-05	2.66e-06	7.28e-07	0.00e+00	0.00e+00
 2.20239e+22	1.29e-32	1.13e-19	1.13e-15	2.11e-12	7.20e-10	1.22e-07	1.12e-05	2.46e-04	1.85e-03	5.09e-03	8.57e-03	1.06e-02	1.30e-02	1.28e-02	1.30e-02	1.87e-02	2.57e-01	3.63e-01	2.43e-01	4.82e-02	4.93e-03	4.00e-04	3.05e-05	2.33e-06	6.28e-07	0.00e+00	0.00e+00
 2.21556e+22	1.85e-32	1.53e-19	1.49e-15	2.72e-12	9.13e-10	1.54e-07	1.43e-05	3.13e-04	2.31e-03	6.26e-03	1.03e-02	1.24e-02	1.48e-02	1.42e-02	1.41e-02	1.98e-02	2.64e-01	3.59e-01	2.33e-01	4.47e-02	4.41e-03	3.49e-04	2.60e-05	1.94e-06	5.14e-07	0.00e+00	0.00e+00
 2.22896e+22	1.19e-32	1.94e-19	1.86e-15	3.33e-12	1.10e-09	1.86e-07	1.72e-05	3.77e-04	2.74e-03	7.31e-03	1.18e-02	1.39e-02	1.63e-02	1.53e-02	1.49e-02	2.07e-02	2.68e-01	3.56e-01	2.25e-01	4.21e-02	4.05e-03	3.14e-04	2.30e-05	1.69e-06	4.41e-07	0.00e+00	0.00e+00
 2.24266e+22	1.71e-32	2.64e-19	2.45e-15	4.30e-12	1.40e-09	2.35e-07	2.19e-05	4.81e-04	3.42e-03	8.97e-03	1.41e-02	1.62e-02	1.85e-02	1.69e-02	1.61e-02	2.18e-02	2.74e-01	3.52e-01	2.15e-01	3.88e-02	3.60e-03	2.72e-04	1.95e-05	1.40e-06	3.58e-07	0.00e+00	0.00e+00
 2.25662e+22	2.27e-32	3.37e-19	3.06e-15	5.27e-12	1.70e-09	2.83e-07	2.65e-05	5.79e-04	4.06e-03	1.05e-02	1.62e-02	1.82e-02	2.03e-02	1.82e-02	1.70e-02	2.27e-02	2.78e-01	3.47e-01	2.07e-01	3.64e-02	3.29e-03	2.43e-04	1.71e-05	1.21e-06	3.05e-07	0.00e+00	0.00e+00
 2.27092e+22	3.25e-32	4.58e-19	4.04e-15	6.81e-12	2.16e-09	3.58e-07	3.38e-05	7.38e-04	5.07e-03	1.28e-02	1.93e-02	2.11e-02	2.29e-02	2.01e-02	1.82e-02	2.39e-02	2.82e-01	3.41e-01	1.97e-01	3.33e-02	2.90e-03	2.09e-04	1.44e-05	9.94e-07	2.46e-07	0.00e+00	0.00e+00
 2.28489e+22	4.22e-32	5.73e-19	4.96e-15	8.24e-12	2.58e-09	4.25e-07	4.01e-05	8.73e-04	5.89e-03	1.47e-02	2.17e-02	2.34e-02	2.49e-02	2.14e-02	1.91e-02	2.47e-02	2.85e-01	3.35e-01	1.89e-01	3.13e-02	2.66e-03	1.88e-04	1.28e-05	8.70e-07	2.12e-07	0.00e+00	0.00e+00
 2.29844e+22	5.87e-32	7.58e-19	6.39e-15	1.04e-11	3.21e-09	5.27e-07	5.02e-05	1.09e-03	7.23e-03	1.77e-02	2.55e-02	2.68e-02	2.77e-02	2.33e-02	2.03e-02	2.58e-02	2.87e-01	3.27e-01	1.79e-01	2.86e-02	2.35e-03	1.62e-04	1.07e-05	7.17e-07	1.72e-07	0.00e+00	0.00e+00
 2.31220e+22	7.63e-32	9.51e-19	7.86e-15	1.26e-11	3.83e-09	6.26e-07	5.96e-05	1.29e-03	8.39e-03	2.02e-02	2.87e-02	2.95e-02	2.99e-02	2.47e-02	2.11e-02	2.65e-02	2.88e-01	3.21e-01	1.71e-01	2.67e-02	2.15e-03	1.45e-04	9.48e-06	6.23e-07	1.47e-07	0.00e+00	0.00e+00
 2.32625e+22	1.06e-31	1.26e-18	1.01e-14	1.59e-11	4.78e-09	7.76e-07	7.43e-05	1.60e-03	1.02e-02	2.42e-02	3.34e-02	3.34e-02	3.31e-02	2.66e-02	2.23e-02	2.75e-02	2.89e-01	3.11e-01	1.61e-01	2.43e-02	1.89e-03	1.24e-04	7.96e-06	5.13e-07	1.19e-07	0.00e+00	0.00e+00
 2.34073e+22	1.39e-31	1.59e-18	1.25e-14	1.93e-11	5.73e-09	9.27e-07	8.89e-05	1.91e-03	1.20e-02	2.78e-02	3.77e-02	3.70e-02	3.58e-02	2.82e-02	2.32e-02	2.82e-02	2.89e-01	3.03e-01	1.52e-01	2.24e-02	1.70e-03	1.10e-04	6.89e-06	4.36e-07	0.00e+00	0.00e+00	0.00e+00
 2.35578e+22	1.95e-31	2.13e-18	1.63e-14	2.46e-11	7.20e-09	1.16e-06	1.11e-04	2.37e-03	1.45e-02	3.31e-02	4.37e-02	4.17e-02	3.93e-02	3.03e-02	2.42e-02	2.89e-02	2.87e-01	2.91e-01	1.42e-01	2.01e-02	1.48e-03	9.30e-05	5.72e-06	3.55e-07	0.00e+00	0.00e+00	0.00e+00
 2.37132e+22	2.58e-31	2.71e-18	2.04e-14	3.02e-11	8.71e-09	1.39e-06	1.34e-04	2.84e-03	1.70e-02	3.82e-02	4.93e-02	4.60e-02	4.24e-02	3.19e-02	2.51e-02	2.95e-02	2.85e-01	2.80e-01	1.33e-01	1.83e-02	1.31e-03	8.06e-05	4.87e-06	2.97e-07	0.00e+00	0.00e+00	0.00e+00
 2.38750e+22	3.67e-31	3.66e-18	2.68e-14	3.88e-11	1.10e-08	1.74e-06	1.68e-04	3.53e-03	2.07e-02	4.53e-02	5.69e-02	5.16e-02	4.63e-02	3.40e-02	2.60e-02	3.00e-02	2.80e-01	2.66e-01	1.22e-01	1.62e-02	1.12e-03	6.72e-05	3.97e-06	2.37e-07	0.00e+00	0.00e+00	0.00e+00
 2.40413e+22	4.90e-31	4.69e-18	3.35e-14	4.77e-11	1.34e-08	2.10e-06	2.02e-04	4.23e-03	2.42e-02	5.21e-02	6.39e-02	5.66e-02	4.95e-02	3.56e-02	2.67e-02	3.03e-02	2.75e-01	2.53e-01	1.13e-01	1.46e-02	9.77e-04	5.74e-05	3.33e-06	1.95e-07	0.00e+00	0.00e+00	0.00e+00
 2.42134e+22	7.02e-31	6.37e-18	4.43e-14	6.16e-11	1.70e-08	2.63e-06	2.54e-04	5.25e-03	2.93e-02	6.14e-02	7.33e-02	6.30e-02	5.35e-02	3.74e-02	2.74e-02	3.05e-02	2.67e-01	2.37e-01	1.02e-01	1.27e-02	8.20e-04	4.69e-05	2.66e-06	1.52e-07	0.00e+00	0.00e+00	0.00e+00
 2.43912e+22	9.45e-31	8.22e-18	5.58e-14	7.61e-11	2.07e-08	3.18e-06	3.06e-04	6.27e-03	3.42e-02	7.02e-02	8.18e-02	6.85e-02	5.68e-02	3.88e-02	2.78e-02	3.04e-02	2.58e-01	2.22e-01	9.25e-02	1.12e-02	7.02e-04	3.93e-05	2.18e-06	1.23e-07	0.00e+00	0.00e+00	0.00e+00
 2.45764e+22	1.37e-30	1.12e-17	7.41e-14	9.85e-11	2.63e-08	4.00e-06	3.83e-04	7.76e-03	4.11e-02	8.23e-02	9.29e-02	7.54e-02	6.06e-02	4.02e-02	2.80e-02	3.01e-02	2.46e-01	2.03e-01	8.16e-02	9.47e-03	5.75e-04	3.13e-05	1.69e-06	0.00e+00	0.00e+00	0.00e+00	0.00e+00
 2.47665e+22	1.84e-30	1.45e-17	9.33e-14	1.22e-10	3.19e-08	4.81e-06	4.60e-04	9.22e-03	4.77e-02	9.32e-02	1.03e-01	8.11e-02	6.35e-02	4.11e-02	2.80e-02	2.96e-02	2.35e-01	1.87e-01	7.28e-02	8.18e-03	4.82e-04	2.56e-05	1.36e-06	0.00e+00	0.00e+00	0.00e+00	0.00e+00
 2.49372e+22	2.47e-30	1.86e-17	1.17e-13	1.49e-10	3.85e-08	5.74e-06	5.46e-04	1.08e-02	5.46e-02	1.04e-01	1.12e-01	8.62e-02	6.59e-02	4.17e-02	2.78e-02	2.89e-02	2.23e-01	1.72e-01	6.49e-02	7.08e-03	4.05e-04	2.11e-05	1.10e-06	0.00e+00	0.00e+00	0.00e+00	0.00e+00
 2.51333e+22	3.53e-30	2.50e-17	1.52e-13	1.90e-10	4.83e-08	7.12e-06	6.77e-04	1.32e-02	6.46e-02	1.20e-01	1.25e-01	9.28e-02	6.86e-02	4.21e-02	2.73e-02	2.78e-02	2.05e-01	1.52e-01	5.50e-02	5.74e-03	3.17e-04	1.60e-05	8.09e-07	0.00e+00	0.00e+00	0.00e+00	0.00e+00
 2.53307e+22	4.66e-30	3.17e-17	1.89e-13	2.30e-10	5.76e-08	8.39e-06	7.93e-04	1.53e-02	7.28e-02	1.32e-01	1.34e-01	9.71e-02	7.00e-02	4.20e-02	2.67e-02	2.67e-02	1.91e-01	1.38e-01	4.82e-02	4.89e-03	2.62e-04	1.29e-05	6.42e-07	0.00e+00	0.00e+00	0.00e+00	0.00e+00
 2.55296e+22	6.54e-30	4.20e-17	2.43e-13	2.89e-10	7.10e-08	1.02e-05	9.62e-04	1.83e-02	8.43e-02	1.49e-01	1.46e-01	1.02e-01	7.13e-02	4.15e-02	2.56e-02	2.51e-02	1.73e-01	1.19e-01	4.01e-02	3.90e-03	2.01e-04	9.64e-06	4.66e-07	0.00e+00	0.00e+00	0.00e+00	0.00e+00
 2.57327e+22	8.57e-30	5.26e-17	2.96e-13	3.46e-10	8.37e-08	1.19e-05	1.12e-03	2.10e-02	9.42e-02	1.62e-01	1.55e-01	1.05e-01	7.16e-02	4.07e-02	2.46e-02	2.37e-02	1.58e-01	1.05e-01	3.42e-02	3.22e-03	1.61e-04	7.54e-06	3.57e-07	0.00e+00	0.00e+00	0.00e+00	0.00e+00
 2.59413e+22	1.19e-29	6.92e-17	3.78e-13	4.30e-10	1.02e-07	1.44e-05	1.34e-03	2.47e-02	1.07e-01	1.80e-01	1.65e-01	1.09e-01	7.13e-02	3.93e-02	2.30e-02	2.17e-02	1.39e-01	8.85e-02	2.76e-02	2.49e-03	1.20e-04	5.45e-06	2.51e-07	0.00e+00	0.00e+00	0.00e+00	0.00e+00
 2.61531e+22	1.54e-29	8.56e-17	4.56e-13	5.08e-10	1.19e-07	1.66e-05	1.54e-03	2.80e-02	1.18e-01	1.93e-01	1.72e-01	1.10e-01	7.05e-02	3.78e-02	2.17e-02	2.01e-02	1.25e-01	7.64e-02	2.30e-02	2.00e-03	9.36e-05	4.15e-06	1.87e-07	0.00e+00	0.00e+00	0.00e+00	0.00e+00
 2.63692e+22	2.11e-29	1.11e-16	5.70e-13	6.20e-10	1.43e-07	1.97e-05	1.83e-03	3.27e-02	1.33e-01	2.10e-01	1.81e-01	1.11e-01	6.86e-02	3.56e-02	1.98e-02	1.80e-02	1.07e-01	6.24e-02	1.80e-02	1.49e-03	6.70e-05	2.88e-06	1.26e-07	0.00e+00	0.00e+00	0.00e+00	0.00e+00
 2.65734e+22	2.60e-29	1.31e-16	6.63e-13	7.09e-10	1.61e-07	2.20e-05	2.04e-03	3.59e-02	1.43e-01	2.20e-01	1.85e-01	1.11e-01	6.69e-02	3.40e-02	1.85e-02	1.67e-02	9.58e-02	5.43e-02	1.52e-02	1.22e-03	5.35e-05	2.25e-06	0.00e+00	0.00e+00	0.00e+00	0.00e+00	0.00e+00
 2.67622e+22	3.34e-29	1.61e-16	7.88e-13	8.27e-10	1.86e-07	2.52e-05	2.33e-03	4.05e-02	1.56e-01	2.34e-01	1.90e-01	1.10e-01	6.43e-02	3.17e-02	1.68e-02	1.49e-02	8.24e-02	4.47e-02	1.20e-02	9.29e-04	3.92e-05	1.60e-06	0.00e+00	0.00e+00	0.00e+00	0.00e+00	0.00e+00
 2.69526e+22	4.08e-29	1.89e-16	9.10e-13	9.38e-10	2.09e-07	2.80e-05	2.58e-03	4.42e-02	1.65e-01	2.43e-01	1.93e-01	1.09e-01	6.20e-02	3.00e-02	1.56e-02	1.36e-02	7.30e-02	3.84e-02	1.00e-02	7.51e-04	3.09e-05	1.23e-06	0.00e+00	0.00e+00	0.00e+00	0.00e+00	0.00e+00
 2.71451e+22	5.15e-29	2.28e-16	1.07e-12	1.08e-09	2.37e-07	3.17e-05	2.92e-03	4.93e-02	1.78e-01	2.55e-01	1.95e-01	1.06e-01	5.87e-02	2.75e-02	1.40e-02	1.20e-02	6.17e-02	3.11e-02	7.75e-03	5.58e-04	2.21e-05	8.57e-07	0.00e+00	0.00e+00	0.00e+00	0.00e+00	0.00e+00
 2.73393e+22	6.19e-29	2.65e-16	1.21e-12	1.21e-09	2.64e-07	3.49e-05	3.21e-03	5.35e-02	1.88e-01	2.63e-01	1.96e-01	1.04e-01	5.59e-02	2.56e-02	1.27e-02	1.08e-02	5.40e-02	2.63e-02	6.35e-03	4.42e-04	1.70e-05	6.47e-07	0.00e+00	0.00e+00	0.00e+00	0.00e+00	0.00e+00
 2.75359e+22	7.70e-29	3.16e-16	1.41e-12	1.38e-09	2.98e-07	3.92e-05	3.61e-03	5.92e-02	2.01e-01	2.72e-01	1.96e-01	1.00e-01	5.22e-02	2.32e-02	1.12e-02	9.42e-03	4.49e-02	2.09e-02	4.83e-03	3.22e-04	1.19e-05	4.40e-07	0.00e+00	0.00e+00	0.00e+00	0.00e+00	0.00e+00
 2.77351e+22	9.17e-29	3.65e-16	1.59e-12	1.53e-09	3.29e-07	4.30e-05	3.95e-03	6.39e-02	2.11e-01	2.79e-01	1.95e-01	9.73e-02	4.92e-02	2.14e-02	1.01e-02	8.41e-03	3.87e-02	1.74e-02	3.89e-03	2.51e-04	9.04e-06	3.25e-07	0.00e+00	0.00e+00	0.00e+00	0.00e+00	0.00e+00
 2.79379e+22	1.12e-28	4.30e-16	1.82e-12	1.73e-09	3.70e-07	4.81e-05	4.43e-03	7.04e-02	2.24e-01	2.87e-01	1.93e-01	9.27e-02	4.52e-02	1.90e-02	8.79e-03	7.20e-03	3.16e-02	1.35e-02	2.89e-03	1.78e-04	6.17e-06	2.15e-07	0.00e+00	0.00e+00	0.00e+00	0.00e+00	0.00e+00
 2.81433e+22	1.33e-28	4.95e-16	2.05e-12	1.93e-09	4.09e-07	5.28e-05	4.83e-03	7.57e-02	2.33e-01	2.92e-01	1.91e-01	8.89e-02	4.23e-02	1.74e-02	7.85e-03	6.36e-03	2.70e-02	1.11e-02	2.30e-03	1.36e-04	4.59e-06	1.56e-07	0.00e+00	0.00e+00	0.00e+00	0.00e+00	0.00e+00
 2.83522e+22	1.61e-28	5.81e-16	2.35e-12	2.17e-09	4.59e-07	5.90e-05	5.40e-03	8.31e-02	2.46e-01	2.97e-01	1.87e-01	8.37e-02	3.83e-02	1.52e-02	6.70e-03	5.37e-03	2.17e-02	8.51e-03	1.68e-03	9.49e-05	3.07e-06	0.00e+00	0.00e+00	0.00e+00	0.00e+00	0.00e+00	0.00e+00
 2.85655e+22	1.88e-28	6.60e-16	2.61e-12	2.39e-09	5.05e-07	6.46e-05	5.90e-03	8.92e-02	2.55e-01	3.01e-01	1.84e-01	7.94e-02	3.53e-02	1.37e-02	5.89e-03	4.68e-03	1.82e-02	6.84e-03	1.30e-03	7.06e-05	2.21e-06	0.00e+00	0.00e+00	0.00e+00	0.00e+00	0.00e+00	0.00e+00
 2.87845e+22	2.25e-28	7.73e-16	2.98e-12	2.70e-09	5.70e-07	7.25e-05	6.61e-03	9.77e-02	2.67e-01	3.04e-01	1.78e-01	7.37e-02	3.15e-02	1.18e-02	4.94e-03	3.88e-03	1.43e-02	5.11e-03	9.22e-04	4.77e-05	1.43e-06	0.00e+00	0.00e+00	0.00e+00	0.00e+00	0.00e+00	0.00e+00
 2.90080e+22	2.60e-28	8.76e-16	3.31e-12	2.97e-09	6.29e-07	7.96e-05	7.23e-03	1.05e-01	2.77e-01	3.06e-01	1.73e-01	6.92e-02	2.87e-02	1.04e-02	4.27e-03	3.33e-03	1.18e-02	4.03e-03	6.98e-04	3.46e-05	1.01e-06	0.00e+00	0.00e+00	0.00e+00	0.00e+00	0.00e+00	0.00e+00
 2.92305e+22	3.07e-28	1.01e-15	3.74e-12	3.34e-09	7.11e-07	8.92e-05	8.06e-03	1.14e-01	2.87e-01	3.07e-01	1.66e-01	6.37e-02	2.54e-02	8.91e-03	3.55e-03	2.75e-03	9.20e-03	2.98e-03	4.92e-04	2.32e-05	6.46e-07	0.00e+00	0.00e+00	0.00e+00	0.00e+00	0.00e+00	0.00e+00
 2.94430e+22	3.46e-28	1.13e-15	4.11e-12	3.66e-09	7.79e-07	9.72e-05	8.72e-03	1.21e-01	2.95e-01	3.07e-01	1.61e-01	5.98e-02	2.31e-02	7.93e-03	3.10e-03	2.39e-03	7.68e-03	2.39e-03	3.81e-04	1.73e-05	4.68e-07	0.00e+00	0.00e+00	0.00e+00	0.00e+00	0.00e+00	0.00e+00
 2.96491e+22	3.97e-28	1.29e-15	4.59e-12	4.08e-09	8.77e-07	1.09e-04	9.66e-03	1.31e-01	3.04e-01	3.06e-01	1.54e-01	5.48e-02	2.04e-02	6.77e-03	2.58e-03	1.97e-03	6.02e-03	1.78e-03	2.70e-04	1.17e-05	3.03e-07	0.00e+00	0.00e+00	0.00e+00	0.00e+00	0.00e+00	0.00e+00
 2.98580e+22	4.44e-28	1.44e-15	5.04e-12	4.48e-09	9.66e-07	1.19e-04	1.05e-02	1.39e-01	3.11e-01	3.04e-01	1.48e-01	5.10e-02	1.84e-02	5.96e-03	2.22e-03	1.70e-03	4.96e-03	1.41e-03	2.06e-04	8.54e-06	2.16e-07	0.00e+00	0.00e+00	0.00e+00	0.00e+00	0.00e+00	0.00e+00
 3.00622e+22	5.02e-28	1.63e-15	5.61e-12	5.00e-09	1.09e-06	1.32e-04	1.15e-02	1.50e-01	3.19e-01	3.02e-01	1.41e-01	4.65e-02	1.62e-02	5.08e-03	1.85e-03	1.41e-03	3.91e-03	1.06e-03	1.47e-04	5.82e-06	1.42e-07	0.00e+00	0.00e+00	0.00e+00	0.00e+00	0.00e+00	0.00e+00
 3.02707e+22	5.57e-28	1.82e-15	6.18e-12	5.52e-09	1.21e-06	1.46e-04	1.25e-02	1.59e-01	3.26e-01	2.99e-01	1.35e-01	4.29e-02	1.45e-02	4.42e-03	1.58e-03	1.19e-03	3.17e-03	8.22e-04	1.10e-04	4.17e-06	0.00e+00	0.00e+00	0.00e+00	0.00e+00	0.00e+00	0.00e+00	0.00e+00
 3.04736e+22	6.15e-28	2.04e-15	6.86e-12	6.16e-09	1.37e-06	1.62e-04	1.37e-02	1.70e-01	3.32e-01	2.95e-01	1.28e-01	3.91e-02	1.28e-02	3.77e-03	1.32e-03	9.94e-04	2.51e-03	6.20e-04	7.94e-05	2.87e-06	0.00e+00	0.00e+00	0.00e+00	0.00e+00	0.00e+00	0.00e+00	0.00e+00
 3.06808e+22	6.78e-28	2.29e-15	7.60e-12	6.87e-09	1.54e-06	1.80e-04	1.49e-02	1.81e-01	3.37e-01	2.90e-01	1.22e-01	3.58e-02	1.13e-02	3.24e-03	1.11e-03	8.33e-04	2.01e-03	4.75e-04	5.83e-05	2.02e-06	0.00e+00	0.00e+00	0.00e+00	0.00e+00	0.00e+00	0.00e+00	0.00e+00
 3.08858e+22	7.45e-28	2.58e-15	8.46e-12	7.71e-09	1.74e-06	2.01e-04	1.63e-02	1.92e-01	3.42e-01	2.85e-01	1.15e-01	3.25e-02	9.91e-03	2.76e-03	9.25e-04	6.94e-04	1.60e-03	3.59e-04	4.22e-05	1.40e-06	0.00e+00	0.00e+00	0.00e+00	0.00e+00	0.00e+00	0.00e+00	0.00e+00
 3.10920e+22	8.18e-28	2.89e-15	9.41e-12	8.66e-09	1.97e-06	2.23e-04	1.78e-02	2.04e-01	3.47e-01	2.80e-01	1.09e-01	2.95e-02	8.70e-03	2.36e-03	7.73e-04	5.78e-04	1.27e-03	2.73e-04	3.07e-05	9.73e-07	0.00e+00	0.00e+00	0.00e+00	0.00e+00	0.00e+00	0.00e+00	0.00e+00
 3.12957e+22	8.97e-28	3.25e-15	1.05e-11	9.76e-09	2.23e-06	2.49e-04	1.93e-02	2.16e-01	3.50e-01	2.74e-01	1.02e-01	2.68e-02	7.63e-03	2.01e-03	6.46e-04	4.81e-04	1.01e-03	2.07e-04	2.23e-05	6.77e-07	0.00e+00	0.00e+00	0.00e+00	0.00e+00	0.00e+00	0.00e+00	0.00e+00
 3.14991e+22	9.84e-28	3.65e-15	1.17e-11	1.10e-08	2.54e-06	2.77e-04	2.10e-02	2.28e-01	3.53e-01	2.67e-01	9.61e-02	2.43e-02	6.68e-03	1.72e-03	5.40e-04	4.00e-04	8.00e-04	1.57e-04	1.63e-05	4.72e-07	0.00e+00	0.00e+00	0.00e+00	0.00e+00	0.00e+00	0.00e+00	0.00e+00
 3.17029e+22	1.08e-27	4.12e-15	1.32e-11	1.25e-08	2.90e-06	3.09e-04	2.28e-02	2.41e-01	3.55e-01	2.60e-01	9.01e-02	2.19e-02	5.84e-03	1.46e-03	4.50e-04	3.32e-04	6.33e-04	1.19e-04	1.18e-05	3.28e-07	0.00e+00	0.00e+00	0.00e+00	0.00e+00	0.00e+00	0.00e+00	0.00e+00
 3.19074e+22	1.19e-27	4.65e-15	1.49e-11	1.43e-08	3.31e-06	3.45e-04	2.47e-02	2.54e-01	3.56e-01	2.53e-01	8.43e-02	1.98e-02	5.10e-03	1.24e-03	3.75e-04	2.75e-04	5.01e-04	8.96e-05	8.55e-06	2.27e-07	0.00e+00	0.00e+00	0.00e+00	0.00e+00	0.00e+00	0.00e+00	0.00e+00
 3.21132e+22	1.32e-27	5.27e-15	1.68e-11	1.63e-08	3.79e-06	3.85e-04	2.68e-02	2.67e-01	3.57e-01	2.45e-01	7.87e-02	1.78e-02	4.44e-03	1.05e-03	3.11e-04	2.27e-04	3.95e-04	6.75e-05	6.18e-06	1.57e-07	0.00e+00	0.00e+00	0.00e+00	0.00e+00	0.00e+00	0.00e+00	0.00e+00
 3.23208e+22	1.48e-27	6.00e-15	1.91e-11	1.88e-08	4.35e-06	4.31e-04	2.90e-02	2.81e-01	3.57e-01	2.37e-01	7.33e-02	1.60e-02	3.85e-03	8.87e-04	2.58e-04	1.87e-04	3.11e-04	5.07e-05	4.45e-06	0.00e+00	0.00e+00	0.00e+00	0.00e+00	0.00e+00	0.00e+00	0.00e+00	0.00e+00
 3.25309e+22	1.66e-27	6.86e-15	2.19e-11	2.17e-08	5.01e-06	4.82e-04	3.14e-02	2.95e-01	3.57e-01	2.29e-01	6.81e-02	1.43e-02	3.34e-03	7.49e-04	2.14e-04	1.54e-04	2.44e-04	3.80e-05	3.20e-06	0.00e+00	0.00e+00	0.00e+00	0.00e+00	0.00e+00	0.00e+00	0.00e+00	0.00e+00
 3.27420e+22	1.88e-27	7.87e-15	2.51e-11	2.52e-08	5.77e-06	5.40e-04	3.40e-02	3.09e-01	3.55e-01	2.21e-01	6.32e-02	1.28e-02	2.89e-03	6.32e-04	1.78e-04	1.26e-04	1.91e-04	2.85e-05	2.30e-06	0.00e+00	0.00e+00	0.00e+00	0.00e+00	0.00e+00	0.00e+00	0.00e+00	0.00e+00
 3.29566e+22	2.16e-27	9.09e-15	2.91e-11	2.94e-08	6.67e-06	6.06e-04	3.68e-02	3.24e-01	3.53e-01	2.12e-01	5.84e-02	1.14e-02	2.49e-03	5.31e-04	1.46e-04	1.03e-04	1.49e-04	2.12e-05	1.64e-06	0.00e+00	0.00e+00	0.00e+00	0.00e+00	0.00e+00	0.00e+00	0.00e+00	0.00e+00
 3.31736e+22	2.60e-27	1.05e-14	3.37e-11	3.43e-08	7.71e-06	6.79e-04	3.97e-02	3.38e-01	3.50e-01	2.04e-01	5.39e-02	1.01e-02	2.15e-03	4.47e-04	1.21e-04	8.42e-05	1.17e-04	1.58e-05	1.17e-06	0.00e+00	0.00e+00	0.00e+00	0.00e+00	0.00e+00	0.00e+00	0.00e+00	0.00e+00
 3.33949e+22	3.07e-27	1.23e-14	3.96e-11	4.05e-08	8.97e-06	7.64e-04	4.30e-02	3.54e-01	3.47e-01	1.95e-01	4.95e-02	8.98e-03	1.84e-03	3.73e-04	9.91e-05	6.82e-05	9.01e-05	1.16e-05	8.27e-07	0.00e+00	0.00e+00	0.00e+00	0.00e+00	0.00e+00	0.00e+00	0.00e+00	0.00e+00
 3.36007e+22	3.54e-27	1.40e-14	4.53e-11	4.65e-08	1.01e-05	8.42e-04	4.58e-02	3.66e-01	3.43e-01	1.88e-01	4.61e-02	8.14e-03	1.62e-03	3.22e-04	8.44e-05	5.74e-05	7.32e-05	9.08e-06	6.24e-07	0.00e+00	0.00e+00	0.00e+00	0.00e+00	0.00e+00	0.00e+00	0.00e+00	0.00e+00
 3.38126e+22	4.29e-27	1.66e-14	5.40e-11	5.55e-08	1.19e-05	9.53e-04	4.96e-02	3.82e-01	3.38e-01	1.78e-01	4.21e-02	7.14e-03	1.38e-03	2.66e-04	6.86e-05	4.60e-05	5.58e-05	6.59e-06	4.33e-07	0.00e+00	0.00e+00	0.00e+00	0.00e+00	0.00e+00	0.00e+00	0.00e+00	0.00e+00
 3.40278e+22	5.07e-27	1.91e-14	6.24e-11	6.41e-08	1.35e-05	1.05e-03	5.28e-02	3.94e-01	3.34e-01	1.71e-01	3.90e-02	6.45e-03	1.21e-03	2.29e-04	5.82e-05	3.86e-05	4.51e-05	5.12e-06	3.25e-07	0.00e+00	0.00e+00	0.00e+00	0.00e+00	0.00e+00	0.00e+00	0.00e+00	0.00e+00
 3.42480e+22	6.33e-27	2.30e-14	7.55e-11	7.75e-08	1.59e-05	1.19e-03	5.73e-02	4.10e-01	3.28e-01	1.62e-01	3.53e-02	5.62e-03	1.02e-03	1.88e-04	4.70e-05	3.06e-05	3.41e-05	3.67e-06	2.22e-07	0.00e+00	0.00e+00	0.00e+00	0.00e+00	0.00e+00	0.00e+00	0.00e+00	0.00e+00
 3.44694e+22	7.63e-27	2.66e-14	8.79e-11	8.97e-08	1.81e-05	1.31e-03	6.08e-02	4.22e-01	3.23e-01	1.55e-01	3.28e-02	5.07e-03	8.95e-04	1.63e-04	4.00e-05	2.57e-05	2.77e-05	2.86e-06	1.68e-07	0.00e+00	0.00e+00	0.00e+00	0.00e+00	0.00e+00	0.00e+00	0.00e+00	0.00e+00
 3.46924e+22	9.75e-27	3.23e-14	1.07e-10	1.09e-07	2.13e-05	1.49e-03	6.58e-02	4.37e-01	3.15e-01	1.46e-01	2.96e-02	4.42e-03	7.53e-04	1.34e-04	3.23e-05	2.04e-05	2.10e-05	2.06e-06	1.15e-07	0.00e+00	0.00e+00	0.00e+00	0.00e+00	0.00e+00	0.00e+00	0.00e+00	0.00e+00
 3.49166e+22	1.19e-26	3.76e-14	1.26e-10	1.26e-07	2.42e-05	1.64e-03	6.97e-02	4.48e-01	3.09e-01	1.39e-01	2.73e-02	3.98e-03	6.60e-04	1.15e-04	2.75e-05	1.71e-05	1.70e-05	1.61e-06	0.00e+00	0.00e+00	0.00e+00	0.00e+00	0.00e+00	0.00e+00	0.00e+00	0.00e+00	0.00e+00
 3.51425e+22	1.56e-26	4.60e-14	1.55e-10	1.54e-07	2.85e-05	1.86e-03	7.52e-02	4.63e-01	3.01e-01	1.30e-01	2.46e-02	3.46e-03	5.55e-04	9.48e-05	2.23e-05	1.36e-05	1.29e-05	1.16e-06	0.00e+00	0.00e+00	0.00e+00	0.00e+00	0.00e+00	0.00e+00	0.00e+00	0.00e+00	0.00e+00
 3.53703e+22	1.93e-26	5.39e-14	1.82e-10	1.79e-07	3.24e-05	2.05e-03	7.96e-02	4.73e-01	2.95e-01	1.24e-01	2.27e-02	3.11e-03	4.86e-04	8.17e-05	1.89e-05	1.14e-05	1.04e-05	9.00e-07	0.00e+00	0.00e+00	0.00e+00	0.00e+00	0.00e+00	0.00e+00	0.00e+00	0.00e+00	0.00e+00
 3.56005e+22	2.56e-26	6.64e-14	2.26e-10	2.18e-07	3.82e-05	2.32e-03	8.56e-02	4.87e-01	2.86e-01	1.16e-01	2.03e-02	2.69e-03	4.08e-04	6.72e-05	1.53e-05	9.04e-06	7.90e-06	6.48e-07	0.00e+00	0.00e+00	0.00e+00	0.00e+00	0.00e+00	0.00e+00	0.00e+00	0.00e+00	0.00e+00
 3.58336e+22	3.23e-26	7.85e-14	2.68e-10	2.55e-07	4.34e-05	2.56e-03	9.06e-02	4.97e-01	2.79e-01	1.10e-01	1.87e-02	2.41e-03	3.56e-04	5.78e-05	1.30e-05	7.56e-06	6.37e-06	5.03e-07	0.00e+00	0.00e+00	0.00e+00	0.00e+00	0.00e+00	0.00e+00	0.00e+00	0.00e+00	0.00e+00
 3.60704e+22	4.37e-26	9.76e-14	3.36e-10	3.12e-07	5.12e-05	2.90e-03	9.73e-02	5.09e-01	2.69e-01	1.02e-01	1.67e-02	2.09e-03	2.98e-04	4.74e-05	1.05e-05	5.98e-06	4.82e-06	3.61e-07	0.00e+00	0.00e+00	0.00e+00	0.00e+00	0.00e+00	0.00e+00	0.00e+00	0.00e+00	0.00e+00
 3.63111e+22	5.58e-26	1.16e-13	4.02e-10	3.66e-07	5.84e-05	3.20e-03	1.03e-01	5.18e-01	2.62e-01	9.68e-02	1.52e-02	1.86e-03	2.59e-04	4.07e-05	8.87e-06	4.98e-06	3.87e-06	2.79e-07	0.00e+00	0.00e+00	0.00e+00	0.00e+00	0.00e+00	0.00e+00	0.00e+00	0.00e+00	0.00e+00
 3.65569e+22	7.69e-26	1.46e-13	5.09e-10	4.51e-07	6.92e-05	3.63e-03	1.10e-01	5.29e-01	2.51e-01	8.97e-02	1.35e-02	1.60e-03	2.16e-04	3.32e-05	7.13e-06	3.92e-06	2.91e-06	1.99e-07	0.00e+00	0.00e+00	0.00e+00	0.00e+00	0.00e+00	0.00e+00	0.00e+00	0.00e+00	0.00e+00
 3.68078e+22	9.99e-26	1.76e-13	6.14e-10	5.32e-07	7.90e-05	4.01e-03	1.17e-01	5.37e-01	2.44e-01	8.44e-02	1.23e-02	1.42e-03	1.87e-04	2.84e-05	6.01e-06	3.25e-06	2.33e-06	1.52e-07	0.00e+00	0.00e+00	0.00e+00	0.00e+00	0.00e+00	0.00e+00	0.00e+00	0.00e+00	0.00e+00
 3.70653e+22	1.41e-25	2.25e-13	7.86e-10	6.61e-07	9.41e-05	4.56e-03	1.25e-01	5.47e-01	2.33e-01	7.78e-02	1.08e-02	1.22e-03	1.54e-04	2.31e-05	4.80e-06	2.55e-06	1.74e-06	0.00e+00	0.00e+00	0.00e+00	0.00e+00	0.00e+00	0.00e+00	0.00e+00	0.00e+00	0.00e+00	0.00e+00
 3.73293e+22	1.86e-25	2.74e-13	9.60e-10	7.85e-07	1.08e-04	5.05e-03	1.32e-01	5.54e-01	2.25e-01	7.28e-02	9.81e-03	1.07e-03	1.33e-04	1.96e-05	4.02e-06	2.10e-06	1.38e-06	0.00e+00	0.00e+00	0.00e+00	0.00e+00	0.00e+00	0.00e+00	0.00e+00	0.00e+00	0.00e+00	0.00e+00
 3.76017e+22	2.67e-25	3.55e-13	1.25e-09	9.84e-07	1.29e-04	5.77e-03	1.42e-01	5.62e-01	2.14e-01	6.66e-02	8.57e-03	9.09e-04	1.09e-04	1.58e-05	3.17e-06	1.62e-06	1.02e-06	0.00e+00	0.00e+00	0.00e+00	0.00e+00	0.00e+00	0.00e+00	0.00e+00	0.00e+00	0.00e+00	0.00e+00
 3.78580e+22	3.41e-25	4.22e-13	1.48e-09	1.14e-06	1.45e-04	6.27e-03	1.48e-01	5.67e-01	2.07e-01	6.29e-02	7.86e-03	8.19e-04	9.57e-05	1.38e-05	2.74e-06	1.38e-06	8.37e-07	0.00e+00	0.00e+00	0.00e+00	0.00e+00	0.00e+00	0.00e+00	0.00e+00	0.00e+00	0.00e+00	0.00e+00
