#depth	He	He+	He+2
 4.62852e+21	8.62e-12	3.61e-06	1.00e+00
 1.05131e+22	2.20e-11	5.50e-06	1.00e+00
 1.23972e+22	3.62e-11	6.91e-06	1.00e+00
 1.33392e+22	4.67e-11	7.77e-06	1.00e+00
 1.37317e+22	5.01e-11	8.02e-06	1.00e+00
 1.39123e+22	5.43e-11	8.34e-06	1.00e+00
 1.41048e+22	5.84e-11	8.63e-06	1.00e+00
 1.42849e+22	6.31e-11	8.95e-06	1.00e+00
 1.44490e+22	6.72e-11	9.22e-06	1.00e+00
 1.46200e+22	7.29e-11	9.58e-06	1.00e+00
 1.47821e+22	7.74e-11	9.86e-06	1.00e+00
 1.49102e+22	8.19e-11	1.01e-05	1.00e+00
 1.50544e+22	8.77e-11	1.05e-05	1.00e+00
 1.51975e+22	9.28e-11	1.08e-05	1.00e+00
 1.53176e+22	9.79e-11	1.10e-05	1.00e+00
 1.54523e+22	1.05e-10	1.14e-05	1.00e+00
 1.55845e+22	1.10e-10	1.17e-05	1.00e+00
 1.56937e+22	1.16e-10	1.20e-05	1.00e+00
 1.58158e+22	1.24e-10	1.24e-05	1.00e+00
 1.59416e+22	1.31e-10	1.27e-05	1.00e+00
 1.60519e+22	1.38e-10	1.31e-05	1.00e+00
 1.61747e+22	1.47e-10	1.35e-05	1.00e+00
 1.62936e+22	1.54e-10	1.38e-05	1.00e+00
 1.63920e+22	1.62e-10	1.42e-05	1.00e+00
 1.64887e+22	1.70e-10	1.45e-05	1.00e+00
 1.65988e+22	1.81e-10	1.50e-05	1.00e+00
 1.67105e+22	1.92e-10	1.54e-05	1.00e+00
 1.68069e+22	2.01e-10	1.58e-05	1.00e+00
 1.69150e+22	2.15e-10	1.64e-05	1.00e+00
 1.70236e+22	2.27e-10	1.68e-05	1.00e+00
 1.71330e+22	2.43e-10	1.75e-05	1.00e+00
 1.72400e+22	2.56e-10	1.79e-05	1.00e+00
 1.73441e+22	2.74e-10	1.86e-05	1.00e+00
 1.74478e+22	2.88e-10	1.91e-05	1.00e+00
 1.75509e+22	3.10e-10	1.99e-05	1.00e+00
 1.76509e+22	3.25e-10	2.04e-05	1.00e+00
 1.77471e+22	3.49e-10	2.12e-05	1.00e+00
 1.78439e+22	3.67e-10	2.18e-05	1.00e+00
 1.79415e+22	3.95e-10	2.27e-05	1.00e+00
 1.80393e+22	4.16e-10	2.34e-05	1.00e+00
 1.81375e+22	4.49e-10	2.44e-05	1.00e+00
 1.82363e+22	4.74e-10	2.52e-05	1.00e+00
 1.83358e+22	5.11e-10	2.63e-05	1.00e+00
 1.84344e+22	5.41e-10	2.71e-05	1.00e+00
 1.85319e+22	5.82e-10	2.83e-05	1.00e+00
 1.86309e+22	6.18e-10	2.93e-05	1.00e+00
 1.87318e+22	6.68e-10	3.07e-05	1.00e+00
 1.88339e+22	7.09e-10	3.19e-05	1.00e+00
 1.89376e+22	7.68e-10	3.34e-05	1.00e+00
 1.90419e+22	8.16e-10	3.47e-05	1.00e+00
 1.91317e+22	8.66e-10	3.60e-05	1.00e+00
 1.92333e+22	9.35e-10	3.78e-05	1.00e+00
 1.93348e+22	9.89e-10	3.91e-05	1.00e+00
 1.94362e+22	1.07e-09	4.10e-05	1.00e+00
 1.95385e+22	1.13e-09	4.25e-05	1.00e+00
 1.96422e+22	1.21e-09	4.46e-05	1.00e+00
 1.97477e+22	1.28e-09	4.62e-05	1.00e+00
 1.98557e+22	1.37e-09	4.84e-05	1.00e+00
 1.99672e+22	1.45e-09	5.03e-05	1.00e+00
 2.00833e+22	1.56e-09	5.29e-05	1.00e+00
 2.02021e+22	1.65e-09	5.49e-05	1.00e+00
 2.03078e+22	1.74e-09	5.71e-05	1.00e+00
 2.04286e+22	1.87e-09	5.99e-05	1.00e+00
 2.05511e+22	1.97e-09	6.21e-05	1.00e+00
 2.06758e+22	2.10e-09	6.51e-05	1.00e+00
 2.07969e+22	2.20e-09	6.73e-05	1.00e+00
 2.09134e+22	2.34e-09	7.03e-05	1.00e+00
 2.10321e+22	2.45e-09	7.26e-05	1.00e+00
 2.11536e+22	2.60e-09	7.59e-05	1.00e+00
 2.12769e+22	2.71e-09	7.84e-05	1.00e+00
 2.14023e+22	2.88e-09	8.19e-05	1.00e+00
 2.15257e+22	2.99e-09	8.44e-05	1.00e+00
 2.16462e+22	3.16e-09	8.79e-05	1.00e+00
 2.17692e+22	3.29e-09	9.06e-05	1.00e+00
 2.18954e+22	3.46e-09	9.45e-05	1.00e+00
 2.20239e+22	3.61e-09	9.74e-05	1.00e+00
 2.21556e+22	3.80e-09	1.02e-04	1.00e+00
 2.22896e+22	3.88e-09	1.05e-04	1.00e+00
 2.24266e+22	4.09e-09	1.09e-04	1.00e+00
 2.25662e+22	4.26e-09	1.13e-04	1.00e+00
 2.27092e+22	4.49e-09	1.18e-04	1.00e+00
 2.28489e+22	4.65e-09	1.21e-04	1.00e+00
 2.29844e+22	4.89e-09	1.26e-04	1.00e+00
 2.31220e+22	5.07e-09	1.29e-04	1.00e+00
 2.32625e+22	5.32e-09	1.35e-04	1.00e+00
 2.34073e+22	5.53e-09	1.39e-04	1.00e+00
 2.35578e+22	5.81e-09	1.44e-04	1.00e+00
 2.37132e+22	6.05e-09	1.49e-04	1.00e+00
 2.38750e+22	6.37e-09	1.55e-04	1.00e+00
 2.40413e+22	6.65e-09	1.61e-04	1.00e+00
 2.42134e+22	7.01e-09	1.67e-04	1.00e+00
 2.43912e+22	7.33e-09	1.73e-04	1.00e+00
 2.45764e+22	7.75e-09	1.81e-04	1.00e+00
 2.47665e+22	8.12e-09	1.88e-04	1.00e+00
 2.49372e+22	8.50e-09	1.95e-04	1.00e+00
 2.51333e+22	9.01e-09	2.04e-04	1.00e+00
 2.53307e+22	9.42e-09	2.11e-04	1.00e+00
 2.55296e+22	9.98e-09	2.21e-04	1.00e+00
 2.57327e+22	1.05e-08	2.30e-04	1.00e+00
 2.59413e+22	1.11e-08	2.41e-04	1.00e+00
 2.61531e+22	1.16e-08	2.51e-04	1.00e+00
 2.63692e+22	1.23e-08	2.65e-04	1.00e+00
 2.65734e+22	1.28e-08	2.74e-04	1.00e+00
 2.67622e+22	1.35e-08	2.87e-04	1.00e+00
 2.69526e+22	1.40e-08	2.97e-04	1.00e+00
 2.71451e+22	1.47e-08	3.12e-04	1.00e+00
 2.73393e+22	1.52e-08	3.24e-04	1.00e+00
 2.75359e+22	1.59e-08	3.41e-04	1.00e+00
 2.77351e+22	1.65e-08	3.54e-04	1.00e+00
 2.79379e+22	1.72e-08	3.74e-04	1.00e+00
 2.81433e+22	1.78e-08	3.90e-04	1.00e+00
 2.83522e+22	1.85e-08	4.12e-04	1.00e+00
 2.85655e+22	1.90e-08	4.31e-04	1.00e+00
 2.87845e+22	1.97e-08	4.57e-04	1.00e+00
 2.90080e+22	2.02e-08	4.80e-04	1.00e+00
 2.92305e+22	2.08e-08	5.10e-04	9.99e-01
 2.94430e+22	2.12e-08	5.32e-04	9.99e-01
 2.96491e+22	2.15e-08	5.64e-04	9.99e-01
 2.98580e+22	2.18e-08	5.91e-04	9.99e-01
 3.00622e+22	2.21e-08	6.25e-04	9.99e-01
 3.02707e+22	2.22e-08	6.56e-04	9.99e-01
 3.04736e+22	2.23e-08	6.93e-04	9.99e-01
 3.06808e+22	2.24e-08	7.29e-04	9.99e-01
 3.08858e+22	2.25e-08	7.68e-04	9.99e-01
 3.10920e+22	2.25e-08	8.09e-04	9.99e-01
 3.12957e+22	2.25e-08	8.52e-04	9.99e-01
 3.14991e+22	2.25e-08	8.97e-04	9.99e-01
 3.17029e+22	2.25e-08	9.44e-04	9.99e-01
 3.19074e+22	2.26e-08	9.94e-04	9.99e-01
 3.21132e+22	2.27e-08	1.05e-03	9.99e-01
 3.23208e+22	2.29e-08	1.10e-03	9.99e-01
 3.25309e+22	2.33e-08	1.16e-03	9.99e-01
 3.27420e+22	2.37e-08	1.22e-03	9.99e-01
 3.29566e+22	2.43e-08	1.29e-03	9.99e-01
 3.31736e+22	2.51e-08	1.35e-03	9.99e-01
 3.33949e+22	2.62e-08	1.43e-03	9.99e-01
 3.36007e+22	2.71e-08	1.49e-03	9.99e-01
 3.38126e+22	2.86e-08	1.58e-03	9.98e-01
 3.40278e+22	3.01e-08	1.65e-03	9.98e-01
 3.42480e+22	3.22e-08	1.75e-03	9.98e-01
 3.44694e+22	3.41e-08	1.82e-03	9.98e-01
 3.46924e+22	3.69e-08	1.93e-03	9.98e-01
 3.49166e+22	3.94e-08	2.01e-03	9.98e-01
 3.51425e+22	4.31e-08	2.13e-03	9.98e-01
 3.53703e+22	4.63e-08	2.22e-03	9.98e-01
 3.56005e+22	5.10e-08	2.35e-03	9.98e-01
 3.58336e+22	5.51e-08	2.46e-03	9.98e-01
 3.60704e+22	6.11e-08	2.60e-03	9.97e-01
 3.63111e+22	6.63e-08	2.72e-03	9.97e-01
 3.65569e+22	7.40e-08	2.88e-03	9.97e-01
 3.68078e+22	8.08e-08	3.02e-03	9.97e-01
 3.70653e+22	9.07e-08	3.21e-03	9.97e-01
 3.73293e+22	9.95e-08	3.36e-03	9.97e-01
 3.76017e+22	1.13e-07	3.58e-03	9.96e-01
 3.78580e+22	1.22e-07	3.72e-03	9.96e-01
 3.80935e+22	1.35e-07	3.93e-03	9.96e-01
 3.83269e+22	1.46e-07	4.08e-03	9.96e-01
 3.85577e+22	1.63e-07	4.30e-03	9.96e-01
 3.87899e+22	1.76e-07	4.47e-03	9.96e-01
 3.90240e+22	1.95e-07	4.71e-03	9.95e-01
 3.92622e+22	2.11e-07	4.90e-03	9.95e-01
 3.95059e+22	2.35e-07	5.17e-03	9.95e-01
 3.97531e+22	2.55e-07	5.38e-03	9.95e-01
 4.00046e+22	2.85e-07	5.68e-03	9.94e-01
 4.02609e+22	3.09e-07	5.92e-03	9.94e-01
 4.05234e+22	3.47e-07	6.26e-03	9.94e-01
 4.07917e+22	3.78e-07	6.54e-03	9.93e-01
 4.10677e+22	4.26e-07	6.93e-03	9.93e-01
 4.13496e+22	4.67e-07	7.26e-03	9.93e-01
 4.16394e+22	5.27e-07	7.70e-03	9.92e-01
 4.19327e+22	5.78e-07	8.06e-03	9.92e-01
 4.22305e+22	6.54e-07	8.58e-03	9.91e-01
 4.25314e+22	7.17e-07	8.98e-03	9.91e-01
 4.28364e+22	8.15e-07	9.56e-03	9.90e-01
 4.31336e+22	8.89e-07	9.98e-03	9.90e-01
 4.34206e+22	9.96e-07	1.06e-02	9.89e-01
 4.37231e+22	1.10e-06	1.11e-02	9.89e-01
 4.39773e+22	1.20e-06	1.16e-02	9.88e-01
 4.42390e+22	1.32e-06	1.22e-02	9.88e-01
 4.45134e+22	1.44e-06	1.27e-02	9.87e-01
 4.47657e+22	1.58e-06	1.33e-02	9.87e-01
 4.50547e+22	1.76e-06	1.40e-02	9.86e-01
 4.53511e+22	1.94e-06	1.47e-02	9.85e-01
 4.56126e+22	2.12e-06	1.53e-02	9.85e-01
 4.59079e+22	2.36e-06	1.62e-02	9.84e-01
 4.62160e+22	2.61e-06	1.70e-02	9.83e-01
 4.64938e+22	2.87e-06	1.78e-02	9.82e-01
 4.68080e+22	3.22e-06	1.89e-02	9.81e-01
 4.71321e+22	3.57e-06	1.99e-02	9.80e-01
 4.74206e+22	3.93e-06	2.08e-02	9.79e-01
 4.77475e+22	4.44e-06	2.21e-02	9.78e-01
 4.80865e+22	4.95e-06	2.33e-02	9.77e-01
 4.83905e+22	5.46e-06	2.45e-02	9.76e-01
 4.87353e+22	6.21e-06	2.61e-02	9.74e-01
 4.90910e+22	6.93e-06	2.75e-02	9.72e-01
 4.94121e+22	7.71e-06	2.90e-02	9.71e-01
 4.97808e+22	8.84e-06	3.10e-02	9.69e-01
 5.01534e+22	9.91e-06	3.28e-02	9.67e-01
 5.05311e+22	1.14e-05	3.51e-02	9.65e-01
 5.09131e+22	1.27e-05	3.71e-02	9.63e-01
 5.13008e+22	1.47e-05	3.99e-02	9.60e-01
 5.16921e+22	1.65e-05	4.22e-02	9.58e-01
 5.20880e+22	1.91e-05	4.53e-02	9.55e-01
 5.24880e+22	2.15e-05	4.79e-02	9.52e-01
 5.28934e+22	2.49e-05	5.16e-02	9.48e-01
 5.33041e+22	2.81e-05	5.46e-02	9.45e-01
 5.37217e+22	3.27e-05	5.89e-02	9.41e-01
 5.41311e+22	3.66e-05	6.21e-02	9.38e-01
 5.45296e+22	4.24e-05	6.67e-02	9.33e-01
 5.49143e+22	4.70e-05	7.01e-02	9.30e-01
 5.52809e+22	5.35e-05	7.46e-02	9.25e-01
 5.56498e+22	5.94e-05	7.85e-02	9.21e-01
 5.60218e+22	6.78e-05	8.36e-02	9.16e-01
 5.64009e+22	7.56e-05	8.80e-02	9.12e-01
 5.67892e+22	8.66e-05	9.39e-02	9.06e-01
 5.71810e+22	9.67e-05	9.90e-02	9.01e-01
 5.75254e+22	1.08e-04	1.04e-01	8.96e-01
 5.79211e+22	1.23e-04	1.11e-01	8.89e-01
 5.83044e+22	1.36e-04	1.16e-01	8.83e-01
 5.86096e+22	1.50e-04	1.21e-01	8.78e-01
 5.89447e+22	1.67e-04	1.28e-01	8.72e-01
 5.92857e+22	1.84e-04	1.34e-01	8.66e-01
 5.95865e+22	2.01e-04	1.39e-01	8.60e-01
 5.99298e+22	2.25e-04	1.47e-01	8.53e-01
 6.02773e+22	2.47e-04	1.53e-01	8.47e-01
 6.05820e+22	2.70e-04	1.60e-01	8.40e-01
 6.09298e+22	3.03e-04	1.68e-01	8.31e-01
 6.12806e+22	3.32e-04	1.75e-01	8.24e-01
 6.16352e+22	3.71e-04	1.84e-01	8.15e-01
 6.19954e+22	4.08e-04	1.92e-01	8.07e-01
 6.23127e+22	4.46e-04	2.00e-01	7.99e-01
 6.26751e+22	4.99e-04	2.10e-01	7.89e-01
 6.30454e+22	5.49e-04	2.19e-01	7.80e-01
 6.34258e+22	6.15e-04	2.30e-01	7.69e-01
 6.38138e+22	6.80e-04	2.41e-01	7.59e-01
 6.41521e+22	7.44e-04	2.50e-01	7.49e-01
 6.45324e+22	8.33e-04	2.63e-01	7.36e-01
 6.49271e+22	9.18e-04	2.74e-01	7.25e-01
 6.53404e+22	1.04e-03	2.88e-01	7.11e-01
 6.57545e+22	1.14e-03	3.00e-01	6.99e-01
 6.61696e+22	1.28e-03	3.15e-01	6.84e-01
 6.65356e+22	1.38e-03	3.24e-01	6.74e-01
 6.67968e+22	1.47e-03	3.33e-01	6.66e-01
 6.70954e+22	1.60e-03	3.44e-01	6.55e-01
 6.74061e+22	1.72e-03	3.54e-01	6.45e-01
 6.77323e+22	1.88e-03	3.66e-01	6.32e-01
 6.80588e+22	2.02e-03	3.76e-01	6.22e-01
 6.83856e+22	2.21e-03	3.90e-01	6.08e-01
 6.87154e+22	2.37e-03	4.00e-01	5.98e-01
 6.90489e+22	2.59e-03	4.13e-01	5.84e-01
 6.93926e+22	2.79e-03	4.25e-01	5.73e-01
 6.97012e+22	3.00e-03	4.36e-01	5.61e-01
 7.00541e+22	3.30e-03	4.51e-01	5.46e-01
 7.04113e+22	3.54e-03	4.62e-01	5.34e-01
 7.07743e+22	3.88e-03	4.77e-01	5.19e-01
 7.11506e+22	4.20e-03	4.90e-01	5.06e-01
 7.15440e+22	4.63e-03	5.06e-01	4.89e-01
 7.19408e+22	5.01e-03	5.20e-01	4.75e-01
 7.23419e+22	5.52e-03	5.36e-01	4.58e-01
 7.27494e+22	5.97e-03	5.50e-01	4.44e-01
 7.31653e+22	6.60e-03	5.67e-01	4.26e-01
 7.35877e+22	7.14e-03	5.81e-01	4.12e-01
 7.40185e+22	7.87e-03	5.97e-01	3.95e-01
 7.44610e+22	8.56e-03	6.12e-01	3.80e-01
 7.49190e+22	9.52e-03	6.30e-01	3.60e-01
 7.53772e+22	1.03e-02	6.44e-01	3.46e-01
 7.58357e+22	1.14e-02	6.62e-01	3.27e-01
 7.63087e+22	1.24e-02	6.76e-01	3.12e-01
 7.68007e+22	1.39e-02	6.94e-01	2.92e-01
 7.73037e+22	1.51e-02	7.08e-01	2.77e-01
 7.78211e+22	1.69e-02	7.26e-01	2.57e-01
 7.83545e+22	1.85e-02	7.40e-01	2.41e-01
 7.89088e+22	2.09e-02	7.58e-01	2.21e-01
 7.94845e+22	2.31e-02	7.72e-01	2.05e-01
 8.00882e+22	2.64e-02	7.89e-01	1.85e-01
 8.07108e+22	2.93e-02	8.03e-01	1.68e-01
 8.11959e+22	3.17e-02	8.12e-01	1.56e-01
 8.16646e+22	3.51e-02	8.22e-01	1.43e-01
 8.21469e+22	3.84e-02	8.31e-01	1.31e-01
 8.26468e+22	4.30e-02	8.40e-01	1.17e-01
 8.31566e+22	4.72e-02	8.46e-01	1.07e-01
 8.36792e+22	5.34e-02	8.53e-01	9.40e-02
 8.42220e+22	5.95e-02	8.57e-01	8.38e-02
 8.46535e+22	6.48e-02	8.59e-01	7.64e-02
 8.50206e+22	7.05e-02	8.60e-01	6.98e-02
 8.54417e+22	7.87e-02	8.59e-01	6.23e-02
 8.58845e+22	8.73e-02	8.57e-01	5.59e-02
 8.62718e+22	9.62e-02	8.53e-01	5.08e-02
 8.66258e+22	1.06e-01	8.48e-01	4.64e-02
 8.69575e+22	1.16e-01	8.41e-01	4.28e-02
 8.72656e+22	1.27e-01	8.33e-01	3.97e-02
 8.75473e+22	1.39e-01	8.24e-01	3.72e-02
 8.78014e+22	1.51e-01	8.14e-01	3.53e-02
 8.80324e+22	1.63e-01	8.03e-01	3.37e-02
 8.82441e+22	1.76e-01	7.91e-01	3.25e-02
 8.83774e+22	1.84e-01	7.84e-01	3.21e-02
 8.84272e+22	1.87e-01	7.81e-01	3.19e-02
 8.84672e+22	1.90e-01	7.78e-01	3.17e-02
 8.85188e+22	1.94e-01	7.75e-01	3.15e-02
 8.85808e+22	1.99e-01	7.70e-01	3.12e-02
 8.86436e+22	2.04e-01	7.65e-01	3.09e-02
 8.87018e+22	2.08e-01	7.61e-01	3.07e-02
 8.87611e+22	2.14e-01	7.56e-01	3.05e-02
 8.88222e+22	2.19e-01	7.51e-01	3.04e-02
 8.88851e+22	2.24e-01	7.45e-01	3.02e-02
 8.89502e+22	2.31e-01	7.39e-01	3.00e-02
 8.90130e+22	2.37e-01	7.33e-01	2.99e-02
 8.90766e+22	2.43e-01	7.27e-01	2.97e-02
 8.91444e+22	2.50e-01	7.20e-01	2.96e-02
 8.92152e+22	2.57e-01	7.13e-01	2.96e-02
 8.92893e+22	2.66e-01	7.05e-01	2.95e-02
 8.93658e+22	2.75e-01	6.96e-01	2.94e-02
 8.94412e+22	2.83e-01	6.87e-01	2.94e-02
 8.95001e+22	2.89e-01	6.82e-01	2.96e-02
 8.95398e+22	2.94e-01	6.77e-01	2.95e-02
 8.95780e+22	2.99e-01	6.72e-01	2.95e-02
 8.96223e+22	3.04e-01	6.66e-01	2.94e-02
 8.96707e+22	3.11e-01	6.60e-01	2.93e-02
 8.97178e+22	3.17e-01	6.54e-01	2.94e-02
 8.97643e+22	3.23e-01	6.47e-01	2.93e-02
 8.98124e+22	3.30e-01	6.41e-01	2.92e-02
 8.98610e+22	3.37e-01	6.34e-01	2.91e-02
 8.99101e+22	3.44e-01	6.27e-01	2.90e-02
 8.99593e+22	3.51e-01	6.20e-01	2.89e-02
 9.00102e+22	3.59e-01	6.12e-01	2.87e-02
 9.00635e+22	3.67e-01	6.04e-01	2.86e-02
 9.01170e+22	3.76e-01	5.96e-01	2.84e-02
 9.01702e+22	3.84e-01	5.88e-01	2.82e-02
 9.02256e+22	3.93e-01	5.79e-01	2.79e-02
 9.02836e+22	4.03e-01	5.70e-01	2.76e-02
 9.03418e+22	4.12e-01	5.60e-01	2.73e-02
 9.04009e+22	4.22e-01	5.51e-01	2.70e-02
 9.04626e+22	4.33e-01	5.40e-01	2.66e-02
 9.05264e+22	4.44e-01	5.30e-01	2.62e-02
 9.05912e+22	4.56e-01	5.19e-01	2.57e-02
 9.06576e+22	4.67e-01	5.07e-01	2.53e-02
 9.07264e+22	4.80e-01	4.96e-01	2.47e-02
 9.07972e+22	4.92e-01	4.84e-01	2.42e-02
 9.08701e+22	5.05e-01	4.71e-01	2.36e-02
 9.09453e+22	5.18e-01	4.59e-01	2.29e-02
 9.10223e+22	5.32e-01	4.46e-01	2.23e-02
 9.11011e+22	5.46e-01	4.33e-01	2.16e-02
 9.11815e+22	5.60e-01	4.19e-01	2.09e-02
 9.12637e+22	5.74e-01	4.06e-01	2.01e-02
 9.13476e+22	5.88e-01	3.93e-01	1.94e-02
 9.14322e+22	6.02e-01	3.80e-01	1.86e-02
 9.15164e+22	6.15e-01	3.67e-01	1.79e-02
 9.16021e+22	6.29e-01	3.54e-01	1.71e-02
 9.16908e+22	6.42e-01	3.41e-01	1.63e-02
 9.17806e+22	6.55e-01	3.29e-01	1.56e-02
 9.18708e+22	6.68e-01	3.17e-01	1.49e-02
 9.19637e+22	6.81e-01	3.05e-01	1.41e-02
 9.20595e+22	6.94e-01	2.93e-01	1.33e-02
 9.21564e+22	7.06e-01	2.81e-01	1.26e-02
 9.22544e+22	7.18e-01	2.70e-01	1.19e-02
 9.23555e+22	7.30e-01	2.59e-01	1.12e-02
 9.24592e+22	7.41e-01	2.48e-01	1.05e-02
 9.25408e+22	7.49e-01	2.41e-01	1.00e-02
