#depth	Cl	Cl+	Cl+2	Cl+3	Cl+4	Cl+5	Cl+6	Cl+7	Cl+8	Cl+9	Cl+10	Cl+11	Cl+12	Cl+13	Cl+14	Cl+15	Cl+16	Cl+17
 4.62852e+21	0.00e+00	0.00e+00	0.00e+00	6.69e-24	8.23e-21	6.33e-18	2.60e-15	3.06e-12	4.77e-10	3.26e-08	1.06e-06	2.09e-05	2.39e-04	1.75e-03	1.42e-02	2.14e-01	4.57e-01	3.14e-01
 1.05131e+22	0.00e+00	2.54e-29	2.36e-25	7.14e-22	5.74e-19	2.85e-16	1.23e-13	1.10e-10	1.23e-08	5.89e-07	1.31e-05	1.78e-04	1.35e-03	6.28e-03	3.26e-02	3.21e-01	4.42e-01	1.96e-01
 1.23972e+22	0.00e+00	5.06e-28	4.07e-24	1.00e-20	6.36e-18	2.48e-15	8.33e-13	6.57e-10	6.30e-08	2.55e-06	4.69e-05	5.24e-04	3.21e-03	1.17e-02	4.81e-02	3.78e-01	4.13e-01	1.46e-01
 1.33392e+22	0.00e+00	2.38e-27	1.72e-23	3.79e-20	2.13e-17	7.31e-15	2.15e-12	1.61e-09	1.43e-07	5.32e-06	8.88e-05	8.99e-04	4.93e-03	1.59e-02	5.77e-02	4.05e-01	3.93e-01	1.23e-01
 1.37317e+22	0.00e+00	3.59e-27	2.51e-23	5.38e-20	2.92e-17	9.70e-15	2.75e-12	2.03e-09	1.77e-07	6.45e-06	1.05e-04	1.04e-03	5.52e-03	1.72e-02	6.04e-02	4.12e-01	3.87e-01	1.18e-01
 1.39123e+22	0.00e+00	5.86e-27	3.96e-23	8.20e-20	4.28e-17	1.36e-14	3.70e-12	2.69e-09	2.30e-07	8.14e-06	1.28e-04	1.23e-03	6.31e-03	1.89e-02	6.39e-02	4.19e-01	3.79e-01	1.11e-01
 1.41048e+22	0.00e+00	9.16e-27	6.00e-23	1.20e-19	6.05e-17	1.86e-14	4.84e-12	3.48e-09	2.91e-07	1.01e-05	1.54e-04	1.43e-03	7.12e-03	2.06e-02	6.71e-02	4.26e-01	3.72e-01	1.05e-01
 1.42849e+22	0.00e+00	1.44e-26	9.14e-23	1.77e-19	8.56e-17	2.53e-14	6.32e-12	4.49e-09	3.68e-07	1.24e-05	1.85e-04	1.67e-03	8.05e-03	2.24e-02	7.04e-02	4.33e-01	3.65e-01	9.96e-02
 1.44490e+22	0.00e+00	2.11e-26	1.30e-22	2.45e-19	1.15e-16	3.27e-14	7.91e-12	5.56e-09	4.49e-07	1.48e-05	2.16e-04	1.90e-03	8.91e-03	2.40e-02	7.33e-02	4.38e-01	3.58e-01	9.51e-02
 1.46200e+22	0.00e+00	3.40e-26	2.02e-22	3.68e-19	1.65e-16	4.52e-14	1.05e-11	7.28e-09	5.76e-07	1.86e-05	2.62e-04	2.24e-03	1.01e-02	2.63e-02	7.70e-02	4.44e-01	3.50e-01	8.95e-02
 1.47821e+22	0.00e+00	4.83e-26	2.80e-22	4.95e-19	2.16e-16	5.73e-14	1.28e-11	8.85e-09	6.90e-07	2.19e-05	3.02e-04	2.52e-03	1.11e-02	2.80e-02	7.98e-02	4.49e-01	3.44e-01	8.55e-02
 1.49102e+22	0.00e+00	6.73e-26	3.81e-22	6.57e-19	2.78e-16	7.16e-14	1.55e-11	1.06e-08	8.19e-07	2.55e-05	3.46e-04	2.82e-03	1.21e-02	2.98e-02	8.25e-02	4.53e-01	3.38e-01	8.19e-02
 1.50544e+22	0.00e+00	1.01e-25	5.52e-22	9.24e-19	3.78e-16	9.38e-14	1.96e-11	1.33e-08	1.01e-06	3.08e-05	4.06e-04	3.23e-03	1.35e-02	3.20e-02	8.58e-02	4.57e-01	3.31e-01	7.76e-02
 1.51975e+22	0.00e+00	1.40e-25	7.49e-22	1.22e-18	4.85e-16	1.17e-13	2.37e-11	1.60e-08	1.19e-06	3.59e-05	4.64e-04	3.61e-03	1.47e-02	3.39e-02	8.86e-02	4.60e-01	3.24e-01	7.42e-02
 1.53176e+22	0.00e+00	1.91e-25	1.00e-21	1.59e-18	6.13e-16	1.43e-13	2.82e-11	1.90e-08	1.40e-06	4.14e-05	5.25e-04	4.01e-03	1.59e-02	3.58e-02	9.12e-02	4.63e-01	3.18e-01	7.11e-02
 1.54523e+22	0.00e+00	2.81e-25	1.43e-21	2.20e-18	8.20e-16	1.85e-13	3.51e-11	2.35e-08	1.71e-06	4.95e-05	6.12e-04	4.56e-03	1.76e-02	3.83e-02	9.45e-02	4.66e-01	3.11e-01	6.74e-02
 1.55845e+22	0.00e+00	3.84e-25	1.90e-21	2.86e-18	1.03e-15	2.26e-13	4.17e-11	2.78e-08	2.00e-06	5.70e-05	6.92e-04	5.05e-03	1.91e-02	4.04e-02	9.71e-02	4.68e-01	3.05e-01	6.44e-02
 1.56937e+22	0.00e+00	5.13e-25	2.48e-21	3.65e-18	1.28e-15	2.74e-13	4.89e-11	3.25e-08	2.32e-06	6.52e-05	7.77e-04	5.56e-03	2.05e-02	4.25e-02	9.96e-02	4.70e-01	2.99e-01	6.18e-02
 1.58158e+22	0.00e+00	7.33e-25	3.45e-21	4.92e-18	1.68e-15	3.45e-13	5.96e-11	3.94e-08	2.77e-06	7.67e-05	8.94e-04	6.25e-03	2.25e-02	4.51e-02	1.03e-01	4.72e-01	2.92e-01	5.86e-02
 1.59416e+22	0.00e+00	1.01e-24	4.63e-21	6.42e-18	2.12e-15	4.23e-13	7.08e-11	4.68e-08	3.26e-06	8.87e-05	1.01e-03	6.94e-03	2.44e-02	4.76e-02	1.05e-01	4.74e-01	2.85e-01	5.59e-02
 1.60519e+22	0.00e+00	1.35e-24	6.05e-21	8.20e-18	2.63e-15	5.10e-13	8.29e-11	5.47e-08	3.77e-06	1.01e-04	1.14e-03	7.62e-03	2.62e-02	4.99e-02	1.08e-01	4.75e-01	2.79e-01	5.34e-02
 1.61747e+22	0.00e+00	1.96e-24	8.51e-21	1.12e-17	3.46e-15	6.46e-13	1.01e-10	6.66e-08	4.54e-06	1.20e-04	1.31e-03	8.59e-03	2.87e-02	5.30e-02	1.11e-01	4.75e-01	2.71e-01	5.04e-02
 1.62936e+22	0.00e+00	2.58e-24	1.10e-20	1.41e-17	4.25e-15	7.71e-13	1.17e-10	7.73e-08	5.22e-06	1.36e-04	1.46e-03	9.40e-03	3.07e-02	5.55e-02	1.13e-01	4.76e-01	2.65e-01	4.83e-02
 1.63920e+22	0.00e+00	3.44e-24	1.43e-20	1.78e-17	5.22e-15	9.20e-13	1.36e-10	8.96e-08	6.01e-06	1.54e-04	1.63e-03	1.03e-02	3.29e-02	5.80e-02	1.16e-01	4.76e-01	2.59e-01	4.61e-02
 1.64887e+22	0.00e+00	4.47e-24	1.82e-20	2.22e-17	6.33e-15	1.09e-12	1.56e-10	1.03e-07	6.85e-06	1.74e-04	1.81e-03	1.12e-02	3.51e-02	6.05e-02	1.18e-01	4.75e-01	2.54e-01	4.42e-02
 1.65988e+22	0.00e+00	6.35e-24	2.50e-20	2.96e-17	8.15e-15	1.35e-12	1.87e-10	1.23e-07	8.13e-06	2.03e-04	2.06e-03	1.25e-02	3.82e-02	6.38e-02	1.21e-01	4.74e-01	2.46e-01	4.17e-02
 1.67105e+22	0.00e+00	8.59e-24	3.30e-20	3.79e-17	1.01e-14	1.62e-12	2.18e-10	1.44e-07	9.43e-06	2.32e-04	2.32e-03	1.37e-02	4.10e-02	6.68e-02	1.23e-01	4.73e-01	2.40e-01	3.96e-02
 1.68069e+22	0.00e+00	1.12e-23	4.20e-20	4.71e-17	1.22e-14	1.90e-12	2.49e-10	1.65e-07	1.07e-05	2.61e-04	2.56e-03	1.49e-02	4.36e-02	6.95e-02	1.25e-01	4.72e-01	2.34e-01	3.78e-02
 1.69150e+22	0.00e+00	1.62e-23	5.89e-20	6.38e-17	1.59e-14	2.38e-12	2.98e-10	1.99e-07	1.28e-05	3.07e-04	2.94e-03	1.67e-02	4.75e-02	7.34e-02	1.28e-01	4.70e-01	2.26e-01	3.55e-02
 1.70236e+22	0.00e+00	2.16e-23	7.65e-20	8.05e-17	1.95e-14	2.82e-12	3.43e-10	2.30e-07	1.47e-05	3.49e-04	3.28e-03	1.83e-02	5.08e-02	7.64e-02	1.30e-01	4.67e-01	2.20e-01	3.37e-02
 1.71330e+22	0.00e+00	3.13e-23	1.07e-19	1.09e-16	2.54e-14	3.51e-12	4.11e-10	2.78e-07	1.76e-05	4.10e-04	3.76e-03	2.04e-02	5.52e-02	8.05e-02	1.33e-01	4.64e-01	2.11e-01	3.15e-02
 1.72400e+22	0.00e+00	4.13e-23	1.38e-19	1.37e-16	3.08e-14	4.13e-12	4.69e-10	3.19e-07	2.01e-05	4.63e-04	4.17e-03	2.22e-02	5.88e-02	8.37e-02	1.35e-01	4.61e-01	2.05e-01	2.99e-02
 1.73441e+22	0.00e+00	6.02e-23	1.94e-19	1.85e-16	3.99e-14	5.12e-12	5.58e-10	3.83e-07	2.40e-05	5.44e-04	4.79e-03	2.49e-02	6.38e-02	8.80e-02	1.37e-01	4.56e-01	1.97e-01	2.78e-02
 1.74478e+22	0.00e+00	7.86e-23	2.48e-19	2.29e-16	4.81e-14	5.99e-12	6.33e-10	4.38e-07	2.73e-05	6.10e-04	5.28e-03	2.69e-02	6.76e-02	9.11e-02	1.39e-01	4.52e-01	1.91e-01	2.64e-02
 1.75509e+22	0.00e+00	1.16e-22	3.52e-19	3.12e-16	6.26e-14	7.43e-12	7.51e-10	5.27e-07	3.26e-05	7.19e-04	6.06e-03	3.01e-02	7.34e-02	9.57e-02	1.41e-01	4.46e-01	1.82e-01	2.44e-02
 1.76509e+22	0.00e+00	1.50e-22	4.44e-19	3.84e-16	7.47e-14	8.61e-12	8.46e-10	5.97e-07	3.68e-05	8.02e-04	6.65e-03	3.24e-02	7.75e-02	9.87e-02	1.42e-01	4.42e-01	1.77e-01	2.32e-02
 1.77471e+22	0.00e+00	2.16e-22	6.18e-19	5.13e-16	9.56e-14	1.05e-11	9.90e-10	7.10e-07	4.35e-05	9.35e-04	7.57e-03	3.59e-02	8.36e-02	1.03e-01	1.44e-01	4.35e-01	1.69e-01	2.15e-02
 1.78439e+22	0.00e+00	2.82e-22	7.87e-19	6.35e-16	1.15e-13	1.22e-11	1.12e-09	8.07e-07	4.93e-05	1.05e-03	8.32e-03	3.87e-02	8.82e-02	1.06e-01	1.45e-01	4.30e-01	1.63e-01	2.03e-02
 1.79415e+22	0.00e+00	4.13e-22	1.11e-18	8.57e-16	1.48e-13	1.50e-11	1.31e-09	9.62e-07	5.85e-05	1.22e-03	9.49e-03	4.30e-02	9.51e-02	1.11e-01	1.46e-01	4.21e-01	1.55e-01	1.86e-02
 1.80393e+22	0.00e+00	5.45e-22	1.42e-18	1.07e-15	1.78e-13	1.74e-11	1.47e-09	1.10e-06	6.63e-05	1.37e-03	1.04e-02	4.64e-02	1.00e-01	1.14e-01	1.46e-01	4.15e-01	1.49e-01	1.75e-02
 1.81375e+22	0.00e+00	8.05e-22	2.02e-18	1.45e-15	2.29e-13	2.13e-11	1.72e-09	1.31e-06	7.88e-05	1.61e-03	1.19e-02	5.14e-02	1.08e-01	1.19e-01	1.47e-01	4.05e-01	1.40e-01	1.60e-02
 1.82363e+22	0.00e+00	1.07e-21	2.61e-18	1.81e-15	2.77e-13	2.49e-11	1.94e-09	1.49e-06	8.95e-05	1.80e-03	1.31e-02	5.54e-02	1.14e-01	1.22e-01	1.47e-01	3.97e-01	1.34e-01	1.50e-02
 1.83358e+22	0.00e+00	1.57e-21	3.69e-18	2.44e-15	3.56e-13	3.04e-11	2.26e-09	1.77e-06	1.06e-04	2.10e-03	1.49e-02	6.12e-02	1.22e-01	1.27e-01	1.47e-01	3.86e-01	1.26e-01	1.36e-02
 1.84344e+22	0.00e+00	2.10e-21	4.78e-18	3.06e-15	4.30e-13	3.53e-11	2.53e-09	2.01e-06	1.20e-04	2.35e-03	1.64e-02	6.58e-02	1.28e-01	1.30e-01	1.47e-01	3.77e-01	1.20e-01	1.27e-02
 1.85319e+22	0.00e+00	3.08e-21	6.74e-18	4.11e-15	5.50e-13	4.29e-11	2.94e-09	2.38e-06	1.41e-04	2.73e-03	1.85e-02	7.23e-02	1.36e-01	1.34e-01	1.47e-01	3.65e-01	1.13e-01	1.15e-02
 1.86309e+22	0.00e+00	4.18e-21	8.84e-18	5.20e-15	6.68e-13	5.00e-11	3.30e-09	2.72e-06	1.61e-04	3.07e-03	2.04e-02	7.77e-02	1.43e-01	1.37e-01	1.46e-01	3.55e-01	1.07e-01	1.06e-02
 1.87318e+22	0.00e+00	6.22e-21	1.26e-17	7.06e-15	8.61e-13	6.09e-11	3.83e-09	3.22e-06	1.90e-04	3.57e-03	2.31e-02	8.53e-02	1.52e-01	1.40e-01	1.44e-01	3.42e-01	9.92e-02	9.49e-03
 1.88339e+22	0.00e+00	8.51e-21	1.67e-17	8.97e-15	1.05e-12	7.12e-11	4.31e-09	3.67e-06	2.16e-04	4.01e-03	2.54e-02	9.15e-02	1.60e-01	1.43e-01	1.43e-01	3.31e-01	9.34e-02	8.70e-03
 1.89376e+22	0.00e+00	1.28e-20	2.40e-17	1.23e-14	1.36e-12	8.70e-11	5.01e-09	4.34e-06	2.54e-04	4.65e-03	2.87e-02	1.00e-01	1.69e-01	1.46e-01	1.41e-01	3.16e-01	8.60e-02	7.73e-03
 1.90419e+22	0.00e+00	1.75e-20	3.17e-17	1.56e-14	1.66e-12	1.01e-10	5.61e-09	4.93e-06	2.88e-04	5.21e-03	3.14e-02	1.07e-01	1.76e-01	1.49e-01	1.39e-01	3.05e-01	8.06e-02	7.04e-03
 1.91317e+22	0.00e+00	2.38e-20	4.17e-17	1.96e-14	2.00e-12	1.18e-10	6.27e-09	5.58e-06	3.24e-04	5.80e-03	3.42e-02	1.14e-01	1.83e-01	1.50e-01	1.37e-01	2.93e-01	7.54e-02	6.41e-03
 1.92333e+22	0.00e+00	3.55e-20	5.95e-17	2.66e-14	2.57e-12	1.43e-10	7.23e-09	6.52e-06	3.78e-04	6.66e-03	3.83e-02	1.23e-01	1.92e-01	1.52e-01	1.34e-01	2.78e-01	6.90e-02	5.65e-03
 1.93348e+22	0.00e+00	4.75e-20	7.70e-17	3.32e-14	3.09e-12	1.64e-10	8.04e-09	7.31e-06	4.22e-04	7.35e-03	4.14e-02	1.30e-01	1.99e-01	1.54e-01	1.31e-01	2.67e-01	6.45e-02	5.15e-03
 1.94362e+22	0.00e+00	7.03e-20	1.09e-16	4.46e-14	3.93e-12	1.98e-10	9.23e-09	8.47e-06	4.87e-04	8.37e-03	4.59e-02	1.40e-01	2.07e-01	1.55e-01	1.28e-01	2.52e-01	5.87e-02	4.52e-03
 1.95385e+22	0.00e+00	9.38e-20	1.41e-16	5.55e-14	4.72e-12	2.28e-10	1.03e-08	9.45e-06	5.41e-04	9.19e-03	4.95e-02	1.47e-01	2.13e-01	1.55e-01	1.25e-01	2.41e-01	5.47e-02	4.10e-03
 1.96422e+22	0.00e+00	1.39e-19	1.99e-16	7.45e-14	6.01e-12	2.75e-10	1.18e-08	1.09e-05	6.20e-04	1.04e-02	5.45e-02	1.57e-01	2.20e-01	1.55e-01	1.21e-01	2.27e-01	4.95e-02	3.58e-03
 1.97477e+22	0.00e+00	1.86e-19	2.59e-16	9.31e-14	7.22e-12	3.18e-10	1.31e-08	1.21e-05	6.87e-04	1.14e-02	5.86e-02	1.65e-01	2.26e-01	1.55e-01	1.18e-01	2.16e-01	4.59e-02	3.23e-03
 1.98557e+22	0.00e+00	2.72e-19	3.63e-16	1.24e-13	9.17e-12	3.82e-10	1.51e-08	1.39e-05	7.82e-04	1.28e-02	6.41e-02	1.75e-01	2.32e-01	1.55e-01	1.14e-01	2.02e-01	4.14e-02	2.81e-03
 1.99672e+22	0.00e+00	3.71e-19	4.79e-16	1.57e-13	1.11e-11	4.45e-10	1.69e-08	1.55e-05	8.67e-04	1.40e-02	6.89e-02	1.83e-01	2.37e-01	1.54e-01	1.10e-01	1.91e-01	3.80e-02	2.50e-03
 2.00833e+22	0.00e+00	5.51e-19	6.81e-16	2.12e-13	1.43e-11	5.41e-10	1.96e-08	1.78e-05	9.87e-04	1.57e-02	7.53e-02	1.94e-01	2.43e-01	1.52e-01	1.05e-01	1.77e-01	3.39e-02	2.15e-03
 2.02021e+22	0.00e+00	7.53e-19	8.99e-16	2.69e-13	1.74e-11	6.31e-10	2.20e-08	1.98e-05	1.09e-03	1.72e-02	8.05e-02	2.02e-01	2.47e-01	1.51e-01	1.01e-01	1.67e-01	3.09e-02	1.91e-03
 2.03078e+22	0.00e+00	1.02e-18	1.18e-15	3.39e-13	2.11e-11	7.34e-10	2.46e-08	2.20e-05	1.20e-03	1.87e-02	8.58e-02	2.10e-01	2.51e-01	1.49e-01	9.76e-02	1.57e-01	2.82e-02	1.69e-03
 2.04286e+22	0.00e+00	1.50e-18	1.66e-15	4.55e-13	2.69e-11	8.89e-10	2.85e-08	2.50e-05	1.35e-03	2.08e-02	9.29e-02	2.20e-01	2.55e-01	1.46e-01	9.28e-02	1.45e-01	2.51e-02	1.45e-03
 2.05511e+22	3.06e-32	2.02e-18	2.16e-15	5.71e-13	3.25e-11	1.03e-09	3.20e-08	2.76e-05	1.48e-03	2.25e-02	9.86e-02	2.27e-01	2.57e-01	1.44e-01	8.91e-02	1.36e-01	2.28e-02	1.28e-03
 2.06758e+22	4.63e-32	2.94e-18	3.04e-15	7.63e-13	4.14e-11	1.25e-09	3.71e-08	3.12e-05	1.66e-03	2.48e-02	1.06e-01	2.37e-01	2.60e-01	1.41e-01	8.43e-02	1.25e-01	2.02e-02	1.09e-03
 2.07969e+22	6.17e-32	3.84e-18	3.85e-15	9.34e-13	4.91e-11	1.43e-09	4.11e-08	3.41e-05	1.79e-03	2.65e-02	1.11e-01	2.43e-01	2.61e-01	1.38e-01	8.10e-02	1.17e-01	1.85e-02	9.70e-04
 2.09134e+22	8.98e-32	5.41e-18	5.23e-15	1.22e-12	6.12e-11	1.71e-09	4.71e-08	3.81e-05	1.98e-03	2.89e-02	1.19e-01	2.51e-01	2.62e-01	1.35e-01	7.68e-02	1.08e-01	1.64e-02	8.34e-04
 2.10321e+22	1.19e-31	7.02e-18	6.61e-15	1.49e-12	7.25e-11	1.96e-09	5.23e-08	4.15e-05	2.14e-03	3.08e-02	1.24e-01	2.57e-01	2.63e-01	1.32e-01	7.36e-02	1.01e-01	1.50e-02	7.42e-04
 2.11536e+22	1.74e-31	9.96e-18	9.03e-15	1.94e-12	9.07e-11	2.34e-09	6.00e-08	4.63e-05	2.35e-03	3.35e-02	1.32e-01	2.65e-01	2.63e-01	1.28e-01	6.94e-02	9.29e-02	1.33e-02	6.33e-04
 2.12769e+22	2.30e-31	1.28e-17	1.13e-14	2.37e-12	1.07e-10	2.68e-09	6.67e-08	5.04e-05	2.53e-03	3.57e-02	1.38e-01	2.70e-01	2.63e-01	1.25e-01	6.63e-02	8.71e-02	1.21e-02	5.62e-04
 2.14023e+22	3.35e-31	1.82e-17	1.55e-14	3.08e-12	1.34e-10	3.20e-09	7.66e-08	5.61e-05	2.78e-03	3.86e-02	1.46e-01	2.77e-01	2.62e-01	1.21e-01	6.23e-02	7.95e-02	1.07e-02	4.77e-04
 2.15257e+22	4.33e-31	2.29e-17	1.91e-14	3.70e-12	1.56e-10	3.63e-09	8.46e-08	6.06e-05	2.98e-03	4.08e-02	1.52e-01	2.82e-01	2.61e-01	1.18e-01	5.96e-02	7.46e-02	9.76e-03	4.26e-04
 2.16462e+22	6.13e-31	3.16e-17	2.54e-14	4.74e-12	1.93e-10	4.30e-09	9.63e-08	6.70e-05	3.24e-03	4.39e-02	1.60e-01	2.87e-01	2.59e-01	1.14e-01	5.61e-02	6.84e-02	8.64e-03	3.65e-04
 2.17692e+22	7.95e-31	4.01e-17	3.15e-14	5.70e-12	2.26e-10	4.88e-09	1.07e-07	7.25e-05	3.46e-03	4.63e-02	1.65e-01	2.91e-01	2.57e-01	1.11e-01	5.35e-02	6.39e-02	7.87e-03	3.24e-04
 2.18954e+22	1.13e-30	5.52e-17	4.20e-14	7.30e-12	2.78e-10	5.79e-09	1.22e-07	8.02e-05	3.77e-03	4.97e-02	1.74e-01	2.96e-01	2.55e-01	1.06e-01	5.01e-02	5.83e-02	6.94e-03	2.76e-04
 2.20239e+22	1.47e-30	7.03e-17	5.22e-14	8.82e-12	3.27e-10	6.60e-09	1.35e-07	8.68e-05	4.03e-03	5.24e-02	1.80e-01	3.00e-01	2.52e-01	1.03e-01	4.77e-02	5.43e-02	6.29e-03	2.44e-04
 2.21556e+22	2.09e-30	9.71e-17	6.97e-14	1.13e-11	4.04e-10	7.84e-09	1.55e-07	9.60e-05	4.39e-03	5.61e-02	1.88e-01	3.04e-01	2.49e-01	9.87e-02	4.45e-02	4.94e-02	5.52e-03	2.06e-04
 2.22896e+22	7.15e-31	1.24e-16	8.68e-14	1.37e-11	4.75e-10	8.96e-09	1.72e-07	1.04e-04	4.68e-03	5.91e-02	1.95e-01	3.07e-01	2.46e-01	9.54e-02	4.22e-02	4.58e-02	4.99e-03	1.82e-04
 2.24266e+22	1.02e-30	1.71e-16	1.16e-13	1.76e-11	5.88e-10	1.07e-08	1.97e-07	1.15e-04	5.10e-03	6.32e-02	2.03e-01	3.11e-01	2.42e-01	9.10e-02	3.92e-02	4.15e-02	4.35e-03	1.53e-04
 2.25662e+22	1.33e-30	2.18e-16	1.45e-13	2.13e-11	6.93e-10	1.22e-08	2.19e-07	1.25e-04	5.44e-03	6.65e-02	2.10e-01	3.13e-01	2.38e-01	8.76e-02	3.71e-02	3.84e-02	3.92e-03	1.34e-04
 2.27092e+22	1.89e-30	3.01e-16	1.94e-13	2.75e-11	8.60e-10	1.46e-08	2.52e-07	1.39e-04	5.92e-03	7.10e-02	2.19e-01	3.15e-01	2.33e-01	8.33e-02	3.43e-02	3.46e-02	3.40e-03	1.12e-04
 2.28489e+22	2.40e-30	3.74e-16	2.35e-13	3.26e-11	9.97e-10	1.65e-08	2.78e-07	1.49e-04	6.28e-03	7.42e-02	2.25e-01	3.17e-01	2.30e-01	8.03e-02	3.26e-02	3.22e-02	3.09e-03	9.95e-05
 2.29844e+22	3.36e-30	5.07e-16	3.10e-13	4.13e-11	1.22e-09	1.94e-08	3.18e-07	1.64e-04	6.78e-03	7.88e-02	2.33e-01	3.19e-01	2.24e-01	7.63e-02	3.02e-02	2.91e-02	2.70e-03	8.39e-05
 2.31220e+22	4.26e-30	6.30e-16	3.77e-13	4.92e-11	1.42e-09	2.20e-08	3.51e-07	1.77e-04	7.19e-03	8.23e-02	2.39e-01	3.19e-01	2.20e-01	7.34e-02	2.86e-02	2.70e-02	2.44e-03	7.41e-05
 2.32625e+22	5.89e-30	8.47e-16	4.93e-13	6.20e-11	1.73e-09	2.59e-08	4.00e-07	1.95e-04	7.76e-03	8.72e-02	2.47e-01	3.20e-01	2.15e-01	6.96e-02	2.65e-02	2.44e-02	2.13e-03	6.25e-05
 2.34073e+22	7.65e-30	1.08e-15	6.11e-13	7.49e-11	2.04e-09	2.97e-08	4.46e-07	2.11e-04	8.26e-03	9.13e-02	2.54e-01	3.20e-01	2.10e-01	6.66e-02	2.49e-02	2.24e-02	1.90e-03	5.44e-05
 2.35578e+22	1.06e-29	1.45e-15	8.00e-13	9.48e-11	2.49e-09	3.51e-08	5.10e-07	2.34e-04	8.92e-03	9.66e-02	2.62e-01	3.20e-01	2.05e-01	6.29e-02	2.30e-02	2.02e-02	1.65e-03	4.56e-05
 2.37132e+22	1.40e-29	1.86e-15	1.00e-12	1.16e-10	2.96e-09	4.05e-08	5.72e-07	2.54e-04	9.53e-03	1.01e-01	2.69e-01	3.20e-01	1.99e-01	5.98e-02	2.14e-02	1.84e-02	1.47e-03	3.93e-05
 2.38750e+22	1.97e-29	2.53e-15	1.33e-12	1.48e-10	3.66e-09	4.83e-08	6.59e-07	2.83e-04	1.03e-02	1.07e-01	2.77e-01	3.19e-01	1.93e-01	5.62e-02	1.96e-02	1.64e-02	1.26e-03	3.26e-05
 2.40413e+22	2.61e-29	3.28e-15	1.68e-12	1.82e-10	4.37e-09	5.60e-08	7.42e-07	3.09e-04	1.10e-02	1.12e-01	2.84e-01	3.17e-01	1.87e-01	5.32e-02	1.82e-02	1.49e-02	1.11e-03	2.78e-05
 2.42134e+22	3.72e-29	4.50e-15	2.24e-12	2.34e-10	5.45e-09	6.73e-08	8.60e-07	3.44e-04	1.20e-02	1.19e-01	2.92e-01	3.15e-01	1.80e-01	4.97e-02	1.66e-02	1.32e-02	9.47e-04	2.28e-05
 2.43912e+22	5.01e-29	5.89e-15	2.87e-12	2.90e-10	6.56e-09	7.86e-08	9.75e-07	3.78e-04	1.28e-02	1.25e-01	2.99e-01	3.13e-01	1.75e-01	4.68e-02	1.53e-02	1.19e-02	8.26e-04	1.93e-05
 2.45764e+22	7.24e-29	8.21e-15	3.88e-12	3.79e-10	8.26e-09	9.52e-08	1.14e-06	4.24e-04	1.40e-02	1.32e-01	3.08e-01	3.10e-01	1.67e-01	4.34e-02	1.39e-02	1.04e-02	6.96e-04	1.56e-05
 2.47665e+22	9.85e-29	1.08e-14	4.99e-12	4.73e-10	1.00e-08	1.12e-07	1.30e-06	4.67e-04	1.50e-02	1.39e-01	3.14e-01	3.07e-01	1.61e-01	4.06e-02	1.27e-02	9.34e-03	6.02e-04	1.31e-05
 2.49372e+22	1.32e-28	1.41e-14	6.34e-12	5.85e-10	1.20e-08	1.30e-07	1.47e-06	5.12e-04	1.61e-02	1.45e-01	3.21e-01	3.04e-01	1.55e-01	3.81e-02	1.17e-02	8.40e-03	5.24e-04	1.10e-05
 2.51333e+22	1.96e-28	2.01e-14	8.75e-12	7.76e-10	1.54e-08	1.60e-07	1.73e-06	5.77e-04	1.76e-02	1.54e-01	3.29e-01	2.99e-01	1.47e-01	3.49e-02	1.04e-02	7.25e-03	4.33e-04	8.72e-06
 2.53307e+22	2.62e-28	2.61e-14	1.11e-11	9.58e-10	1.84e-08	1.86e-07	1.96e-06	6.33e-04	1.88e-02	1.61e-01	3.34e-01	2.95e-01	1.41e-01	3.27e-02	9.57e-03	6.50e-03	3.76e-04	7.33e-06
 2.55296e+22	3.85e-28	3.69e-14	1.52e-11	1.26e-09	2.34e-08	2.28e-07	2.30e-06	7.13e-04	2.05e-02	1.70e-01	3.42e-01	2.89e-01	1.34e-01	2.99e-02	8.52e-03	5.61e-03	3.11e-04	5.80e-06
 2.57327e+22	5.24e-28	4.87e-14	1.96e-11	1.58e-09	2.85e-08	2.68e-07	2.63e-06	7.84e-04	2.19e-02	1.78e-01	3.47e-01	2.84e-01	1.28e-01	2.77e-02	7.75e-03	4.97e-03	2.66e-04	4.80e-06
 2.59413e+22	7.78e-28	6.96e-14	2.71e-11	2.10e-09	3.64e-08	3.30e-07	3.11e-06	8.86e-04	2.39e-02	1.87e-01	3.54e-01	2.77e-01	1.20e-01	2.52e-02	6.85e-03	4.25e-03	2.17e-04	3.75e-06
 2.61531e+22	1.07e-27	9.27e-14	3.52e-11	2.65e-09	4.45e-08	3.89e-07	3.55e-06	9.77e-04	2.56e-02	1.96e-01	3.59e-01	2.71e-01	1.14e-01	2.32e-02	6.19e-03	3.74e-03	1.84e-04	3.06e-06
 2.63692e+22	1.60e-27	1.34e-13	4.94e-11	3.56e-09	5.75e-08	4.83e-07	4.23e-06	1.11e-03	2.80e-02	2.07e-01	3.65e-01	2.63e-01	1.07e-01	2.09e-02	5.42e-03	3.16e-03	1.48e-04	2.35e-06
 2.65734e+22	2.10e-27	1.72e-13	6.17e-11	4.33e-09	6.81e-08	5.56e-07	4.74e-06	1.20e-03	2.97e-02	2.14e-01	3.68e-01	2.58e-01	1.02e-01	1.94e-02	4.95e-03	2.82e-03	1.28e-04	1.97e-06
 2.67622e+22	2.99e-27	2.38e-13	8.29e-11	5.60e-09	8.53e-08	6.72e-07	5.52e-06	1.34e-03	3.20e-02	2.24e-01	3.73e-01	2.50e-01	9.55e-02	1.76e-02	4.39e-03	2.42e-03	1.05e-04	1.55e-06
 2.69526e+22	3.89e-27	3.03e-13	1.04e-10	6.82e-09	1.01e-07	7.75e-07	6.20e-06	1.46e-03	3.39e-02	2.31e-01	3.75e-01	2.44e-01	9.09e-02	1.63e-02	4.00e-03	2.15e-03	9.09e-05	1.30e-06
 2.71451e+22	5.56e-27	4.23e-13	1.40e-10	8.87e-09	1.27e-07	9.39e-07	7.25e-06	1.63e-03	3.66e-02	2.42e-01	3.79e-01	2.36e-01	8.48e-02	1.47e-02	3.52e-03	1.83e-03	7.40e-05	1.01e-06
 2.73393e+22	7.29e-27	5.44e-13	1.76e-10	1.08e-08	1.52e-07	1.09e-06	8.17e-06	1.78e-03	3.87e-02	2.50e-01	3.81e-01	2.30e-01	8.03e-02	1.36e-02	3.19e-03	1.62e-03	6.31e-05	8.32e-07
 2.75359e+22	1.04e-26	7.61e-13	2.38e-10	1.41e-08	1.91e-07	1.32e-06	9.58e-06	1.99e-03	4.18e-02	2.61e-01	3.84e-01	2.21e-01	7.45e-02	1.21e-02	2.79e-03	1.37e-03	5.09e-05	6.41e-07
 2.77351e+22	1.37e-26	9.85e-13	3.01e-10	1.74e-08	2.29e-07	1.54e-06	1.08e-05	2.17e-03	4.43e-02	2.69e-01	3.85e-01	2.14e-01	7.01e-02	1.11e-02	2.52e-03	1.20e-03	4.30e-05	5.23e-07
 2.79379e+22	1.96e-26	1.39e-12	4.12e-10	2.28e-08	2.91e-07	1.88e-06	1.28e-05	2.44e-03	4.79e-02	2.81e-01	3.86e-01	2.04e-01	6.46e-02	9.87e-03	2.18e-03	1.00e-03	3.42e-05	3.96e-07
 2.81433e+22	2.57e-26	1.81e-12	5.22e-10	2.82e-08	3.50e-07	2.20e-06	1.45e-05	2.67e-03	5.08e-02	2.90e-01	3.87e-01	1.97e-01	6.05e-02	8.99e-03	1.95e-03	8.70e-04	2.86e-05	3.20e-07
 2.83522e+22	3.66e-26	2.55e-12	7.15e-10	3.72e-08	4.47e-07	2.71e-06	1.72e-05	3.00e-03	5.50e-02	3.02e-01	3.87e-01	1.87e-01	5.53e-02	7.90e-03	1.68e-03	7.18e-04	2.25e-05	2.38e-07
 2.85655e+22	4.83e-26	3.36e-12	9.19e-10	4.63e-08	5.43e-07	3.20e-06	1.98e-05	3.30e-03	5.85e-02	3.12e-01	3.86e-01	1.79e-01	5.13e-02	7.11e-03	1.48e-03	6.15e-04	1.85e-05	1.88e-07
 2.87845e+22	6.88e-26	4.80e-12	1.27e-09	6.16e-08	7.01e-07	3.98e-06	2.37e-05	3.74e-03	6.35e-02	3.25e-01	3.84e-01	1.69e-01	4.64e-02	6.17e-03	1.26e-03	5.00e-04	1.42e-05	1.37e-07
 2.90080e+22	9.10e-26	6.36e-12	1.64e-09	7.74e-08	8.59e-07	4.74e-06	2.74e-05	4.14e-03	6.77e-02	3.35e-01	3.82e-01	1.61e-01	4.27e-02	5.49e-03	1.10e-03	4.22e-04	1.15e-05	0.00e+00
 2.92305e+22	1.26e-25	8.95e-12	2.24e-09	1.02e-07	1.10e-06	5.88e-06	3.28e-05	4.69e-03	7.33e-02	3.48e-01	3.79e-01	1.51e-01	3.83e-02	4.74e-03	9.29e-04	3.41e-04	8.77e-06	0.00e+00
 2.94430e+22	1.60e-25	1.14e-11	2.80e-09	1.25e-07	1.32e-06	6.87e-06	3.74e-05	5.14e-03	7.76e-02	3.57e-01	3.76e-01	1.43e-01	3.54e-02	4.25e-03	8.20e-04	2.91e-04	7.21e-06	0.00e+00
 2.96491e+22	2.14e-25	1.56e-11	3.73e-09	1.62e-07	1.67e-06	8.43e-06	4.46e-05	5.79e-03	8.36e-02	3.69e-01	3.71e-01	1.34e-01	3.18e-02	3.66e-03	6.94e-04	2.36e-04	5.53e-06	0.00e+00
 2.98580e+22	2.68e-25	1.99e-11	4.66e-09	1.98e-07	2.01e-06	9.90e-06	5.11e-05	6.36e-03	8.86e-02	3.79e-01	3.67e-01	1.27e-01	2.91e-02	3.25e-03	6.07e-04	1.99e-04	4.48e-06	0.00e+00
 3.00622e+22	3.45e-25	2.64e-11	6.07e-09	2.52e-07	2.52e-06	1.20e-05	6.05e-05	7.13e-03	9.50e-02	3.90e-01	3.60e-01	1.18e-01	2.61e-02	2.81e-03	5.14e-04	1.62e-04	3.45e-06	0.00e+00
 3.02707e+22	4.27e-25	3.35e-11	7.58e-09	3.09e-07	3.04e-06	1.42e-05	6.99e-05	7.87e-03	1.01e-01	3.99e-01	3.55e-01	1.10e-01	2.37e-02	2.46e-03	4.45e-04	1.35e-04	2.75e-06	0.00e+00
 3.04736e+22	5.27e-25	4.33e-11	9.63e-09	3.86e-07	3.74e-06	1.71e-05	8.20e-05	8.78e-03	1.08e-01	4.10e-01	3.47e-01	1.03e-01	2.12e-02	2.13e-03	3.78e-04	1.10e-04	2.13e-06	0.00e+00
 3.06808e+22	6.39e-25	5.47e-11	1.20e-08	4.74e-07	4.55e-06	2.03e-05	9.54e-05	9.73e-03	1.15e-01	4.19e-01	3.40e-01	9.56e-02	1.91e-02	1.85e-03	3.24e-04	9.05e-05	1.67e-06	0.00e+00
 3.08858e+22	7.69e-25	6.89e-11	1.50e-08	5.85e-07	5.54e-06	2.43e-05	1.12e-04	1.08e-02	1.22e-01	4.28e-01	3.32e-01	8.86e-02	1.70e-02	1.60e-03	2.75e-04	7.38e-05	1.30e-06	0.00e+00
 3.10920e+22	9.15e-25	8.57e-11	1.85e-08	7.14e-07	6.71e-06	2.88e-05	1.30e-04	1.20e-02	1.29e-01	4.36e-01	3.23e-01	8.20e-02	1.52e-02	1.38e-03	2.34e-04	6.03e-05	1.01e-06	0.00e+00
 3.12957e+22	1.08e-24	1.06e-10	2.26e-08	8.68e-07	8.10e-06	3.41e-05	1.51e-04	1.33e-02	1.37e-01	4.44e-01	3.14e-01	7.57e-02	1.36e-02	1.19e-03	1.99e-04	4.92e-05	7.88e-07	0.00e+00
 3.14991e+22	1.25e-24	1.29e-10	2.76e-08	1.05e-06	9.74e-06	4.04e-05	1.76e-04	1.47e-02	1.45e-01	4.51e-01	3.05e-01	6.99e-02	1.21e-02	1.03e-03	1.69e-04	4.02e-05	6.13e-07	0.00e+00
 3.17029e+22	1.45e-24	1.56e-10	3.34e-08	1.27e-06	1.17e-05	4.76e-05	2.05e-04	1.62e-02	1.54e-01	4.58e-01	2.95e-01	6.43e-02	1.08e-02	8.81e-04	1.43e-04	3.27e-05	4.75e-07	0.00e+00
 3.19074e+22	1.66e-24	1.87e-10	4.02e-08	1.52e-06	1.40e-05	5.61e-05	2.38e-04	1.80e-02	1.63e-01	4.64e-01	2.85e-01	5.90e-02	9.58e-03	7.57e-04	1.21e-04	2.66e-05	3.68e-07	0.00e+00
 3.21132e+22	1.90e-24	2.24e-10	4.83e-08	1.82e-06	1.67e-05	6.60e-05	2.76e-04	1.98e-02	1.72e-01	4.69e-01	2.75e-01	5.41e-02	8.49e-03	6.49e-04	1.02e-04	2.16e-05	2.85e-07	0.00e+00
 3.23208e+22	2.17e-24	2.65e-10	5.77e-08	2.18e-06	1.99e-05	7.76e-05	3.21e-04	2.19e-02	1.81e-01	4.74e-01	2.65e-01	4.95e-02	7.51e-03	5.55e-04	8.62e-05	1.75e-05	2.19e-07	0.00e+00
 3.25309e+22	2.47e-24	3.13e-10	6.88e-08	2.60e-06	2.38e-05	9.12e-05	3.72e-04	2.42e-02	1.91e-01	4.78e-01	2.54e-01	4.51e-02	6.62e-03	4.73e-04	7.25e-05	1.41e-05	1.69e-07	0.00e+00
 3.27420e+22	2.81e-24	3.66e-10	8.15e-08	3.09e-06	2.82e-05	1.07e-04	4.31e-04	2.66e-02	2.01e-01	4.81e-01	2.44e-01	4.11e-02	5.84e-03	4.04e-04	6.10e-05	1.14e-05	1.30e-07	0.00e+00
 3.29566e+22	3.21e-24	4.28e-10	9.68e-08	3.68e-06	3.35e-05	1.25e-04	5.02e-04	2.94e-02	2.12e-01	4.83e-01	2.33e-01	3.73e-02	5.13e-03	3.43e-04	5.09e-05	9.13e-06	0.00e+00	0.00e+00
 3.31736e+22	8.88e-24	4.97e-10	1.14e-07	4.35e-06	3.97e-05	1.46e-04	5.81e-04	3.23e-02	2.22e-01	4.84e-01	2.22e-01	3.39e-02	4.51e-03	2.92e-04	4.27e-05	7.35e-06	0.00e+00	0.00e+00
 3.33949e+22	1.02e-23	5.77e-10	1.36e-07	5.17e-06	4.72e-05	1.72e-04	6.76e-04	3.57e-02	2.34e-01	4.84e-01	2.11e-01	3.05e-02	3.94e-03	2.46e-04	3.54e-05	5.85e-06	0.00e+00	0.00e+00
 3.36007e+22	1.16e-23	6.51e-10	1.55e-07	5.95e-06	5.43e-05	1.96e-04	7.64e-04	3.86e-02	2.43e-01	4.83e-01	2.02e-01	2.81e-02	3.53e-03	2.14e-04	3.05e-05	4.87e-06	0.00e+00	0.00e+00
 3.38126e+22	1.35e-23	7.53e-10	1.85e-07	7.09e-06	6.47e-05	2.30e-04	8.93e-04	4.27e-02	2.55e-01	4.82e-01	1.91e-01	2.51e-02	3.05e-03	1.79e-04	2.51e-05	3.83e-06	0.00e+00	0.00e+00
 3.40278e+22	1.54e-23	8.48e-10	2.12e-07	8.15e-06	7.44e-05	2.62e-04	1.01e-03	4.62e-02	2.64e-01	4.80e-01	1.82e-01	2.30e-02	2.73e-03	1.56e-04	2.15e-05	3.18e-06	0.00e+00	0.00e+00
 3.42480e+22	1.83e-23	9.78e-10	2.52e-07	9.72e-06	8.89e-05	3.09e-04	1.18e-03	5.11e-02	2.77e-01	4.76e-01	1.71e-01	2.04e-02	2.34e-03	1.29e-04	1.75e-05	2.47e-06	0.00e+00	0.00e+00
 3.44694e+22	2.13e-23	1.10e-09	2.90e-07	1.12e-05	1.02e-04	3.49e-04	1.33e-03	5.50e-02	2.87e-01	4.73e-01	1.63e-01	1.87e-02	2.09e-03	1.12e-04	1.50e-05	2.05e-06	0.00e+00	0.00e+00
 3.46924e+22	2.56e-23	1.27e-09	3.45e-07	1.33e-05	1.21e-04	4.10e-04	1.55e-03	6.06e-02	2.99e-01	4.67e-01	1.52e-01	1.66e-02	1.80e-03	9.31e-05	1.22e-05	1.60e-06	0.00e+00	0.00e+00
 3.49166e+22	3.00e-23	1.43e-09	3.96e-07	1.52e-05	1.38e-04	4.62e-04	1.74e-03	6.51e-02	3.09e-01	4.63e-01	1.45e-01	1.51e-02	1.60e-03	8.07e-05	1.05e-05	1.33e-06	0.00e+00	0.00e+00
 3.51425e+22	3.67e-23	1.64e-09	4.71e-07	1.81e-05	1.64e-04	5.40e-04	2.02e-03	7.15e-02	3.21e-01	4.55e-01	1.35e-01	1.34e-02	1.38e-03	6.69e-05	8.52e-06	1.03e-06	0.00e+00	0.00e+00
 3.53703e+22	4.34e-23	1.85e-09	5.42e-07	2.07e-05	1.87e-04	6.09e-04	2.26e-03	7.67e-02	3.30e-01	4.49e-01	1.27e-01	1.22e-02	1.22e-03	5.79e-05	7.27e-06	8.55e-07	0.00e+00	0.00e+00
 3.56005e+22	5.38e-23	2.13e-09	6.47e-07	2.47e-05	2.21e-04	7.10e-04	2.62e-03	8.40e-02	3.42e-01	4.41e-01	1.18e-01	1.07e-02	1.05e-03	4.79e-05	5.91e-06	6.65e-07	0.00e+00	0.00e+00
 3.58336e+22	6.44e-23	2.40e-09	7.46e-07	2.83e-05	2.53e-04	7.99e-04	2.93e-03	8.99e-02	3.51e-01	4.33e-01	1.11e-01	9.71e-03	9.27e-04	4.13e-05	5.02e-06	5.47e-07	0.00e+00	0.00e+00
 3.60704e+22	8.12e-23	2.79e-09	8.95e-07	3.37e-05	2.99e-04	9.30e-04	3.39e-03	9.82e-02	3.62e-01	4.23e-01	1.03e-01	8.51e-03	7.90e-04	3.40e-05	4.06e-06	4.23e-07	0.00e+00	0.00e+00
 3.63111e+22	9.85e-23	3.17e-09	1.04e-06	3.88e-05	3.42e-04	1.05e-03	3.79e-03	1.05e-01	3.71e-01	4.14e-01	9.62e-02	7.68e-03	6.97e-04	2.91e-05	3.43e-06	3.46e-07	0.00e+00	0.00e+00
 3.65569e+22	1.26e-22	3.71e-09	1.26e-06	4.65e-05	4.05e-04	1.22e-03	4.38e-03	1.14e-01	3.82e-01	4.03e-01	8.82e-02	6.69e-03	5.91e-04	2.38e-05	2.76e-06	2.66e-07	0.00e+00	0.00e+00
 3.68078e+22	1.56e-22	4.25e-09	1.47e-06	5.39e-05	4.64e-04	1.37e-03	4.89e-03	1.22e-01	3.89e-01	3.93e-01	8.22e-02	6.00e-03	5.18e-04	2.03e-05	2.32e-06	2.16e-07	0.00e+00	0.00e+00
 3.70653e+22	2.05e-22	5.04e-09	1.80e-06	6.50e-05	5.53e-04	1.60e-03	5.65e-03	1.33e-01	3.99e-01	3.79e-01	7.48e-02	5.18e-03	4.35e-04	1.64e-05	1.84e-06	1.64e-07	0.00e+00	0.00e+00
 3.73293e+22	2.58e-22	5.85e-09	2.13e-06	7.59e-05	6.36e-04	1.81e-03	6.32e-03	1.42e-01	4.06e-01	3.69e-01	6.93e-02	4.62e-03	3.79e-04	1.39e-05	1.53e-06	1.32e-07	0.00e+00	0.00e+00
 3.76017e+22	3.46e-22	7.03e-09	2.63e-06	9.24e-05	7.62e-04	2.12e-03	7.33e-03	1.54e-01	4.15e-01	3.54e-01	6.24e-02	3.95e-03	3.15e-04	1.11e-05	1.20e-06	0.00e+00	0.00e+00	0.00e+00
 3.78580e+22	4.27e-22	8.07e-09	3.05e-06	1.06e-04	8.58e-04	2.34e-03	8.02e-03	1.62e-01	4.20e-01	3.44e-01	5.83e-02	3.57e-03	2.80e-04	9.63e-06	1.03e-06	0.00e+00	0.00e+00	0.00e+00
 3.80935e+22	5.56e-22	9.55e-09	3.68e-06	1.25e-04	9.99e-04	2.67e-03	9.05e-03	1.74e-01	4.26e-01	3.31e-01	5.32e-02	3.12e-03	2.39e-04	7.95e-06	8.34e-07	0.00e+00	0.00e+00	0.00e+00
 3.83269e+22	6.84e-22	1.09e-08	4.25e-06	1.43e-04	1.12e-03	2.94e-03	9.86e-03	1.82e-01	4.30e-01	3.21e-01	4.97e-02	2.82e-03	2.12e-04	6.91e-06	7.15e-07	0.00e+00	0.00e+00	0.00e+00
 3.85577e+22	8.85e-22	1.29e-08	5.10e-06	1.68e-04	1.30e-03	3.33e-03	1.11e-02	1.94e-01	4.34e-01	3.08e-01	4.52e-02	2.46e-03	1.81e-04	5.70e-06	5.81e-07	0.00e+00	0.00e+00	0.00e+00
 3.87899e+22	1.10e-21	1.49e-08	5.92e-06	1.92e-04	1.45e-03	3.66e-03	1.20e-02	2.03e-01	4.37e-01	2.98e-01	4.21e-02	2.23e-03	1.61e-04	4.94e-06	4.97e-07	0.00e+00	0.00e+00	0.00e+00
 3.90240e+22	1.44e-21	1.78e-08	7.14e-06	2.27e-04	1.68e-03	4.14e-03	1.34e-02	2.15e-01	4.40e-01	2.85e-01	3.82e-02	1.94e-03	1.37e-04	4.08e-06	4.04e-07	0.00e+00	0.00e+00	0.00e+00
 3.92622e+22	1.82e-21	2.07e-08	8.34e-06	2.60e-04	1.89e-03	4.56e-03	1.46e-02	2.25e-01	4.41e-01	2.75e-01	3.54e-02	1.75e-03	1.21e-04	3.52e-06	3.44e-07	0.00e+00	0.00e+00	0.00e+00
 3.95059e+22	2.42e-21	2.50e-08	1.02e-05	3.10e-04	2.19e-03	5.16e-03	1.63e-02	2.38e-01	4.43e-01	2.62e-01	3.19e-02	1.51e-03	1.02e-04	2.88e-06	2.77e-07	0.00e+00	0.00e+00	0.00e+00
 3.97531e+22	3.08e-21	2.94e-08	1.19e-05	3.57e-04	2.47e-03	5.68e-03	1.77e-02	2.48e-01	4.43e-01	2.51e-01	2.95e-02	1.35e-03	8.99e-05	2.47e-06	2.34e-07	0.00e+00	0.00e+00	0.00e+00
 4.00046e+22	4.18e-21	3.60e-08	1.46e-05	4.27e-04	2.87e-03	6.43e-03	1.97e-02	2.62e-01	4.43e-01	2.38e-01	2.64e-02	1.17e-03	7.55e-05	2.01e-06	1.87e-07	0.00e+00	0.00e+00	0.00e+00
 4.02609e+22	5.40e-21	4.29e-08	1.73e-05	4.94e-04	3.24e-03	7.08e-03	2.13e-02	2.73e-01	4.42e-01	2.28e-01	2.42e-02	1.04e-03	6.60e-05	1.71e-06	1.57e-07	0.00e+00	0.00e+00	0.00e+00
 4.05234e+22	7.45e-21	5.31e-08	2.14e-05	5.95e-04	3.78e-03	8.04e-03	2.38e-02	2.87e-01	4.40e-01	2.14e-01	2.15e-02	8.87e-04	5.50e-05	1.38e-06	1.24e-07	0.00e+00	0.00e+00	0.00e+00
 4.07917e+22	9.79e-21	6.41e-08	2.55e-05	6.92e-04	4.28e-03	8.87e-03	2.58e-02	2.99e-01	4.37e-01	2.04e-01	1.97e-02	7.85e-04	4.77e-05	1.16e-06	0.00e+00	0.00e+00	0.00e+00	0.00e+00
 4.10677e+22	1.38e-20	8.09e-08	3.19e-05	8.41e-04	5.01e-03	1.01e-02	2.87e-02	3.14e-01	4.33e-01	1.91e-01	1.73e-02	6.64e-04	3.93e-05	9.26e-07	0.00e+00	0.00e+00	0.00e+00	0.00e+00
 4.13496e+22	1.84e-20	9.86e-08	3.84e-05	9.85e-04	5.69e-03	1.11e-02	3.11e-02	3.25e-01	4.29e-01	1.81e-01	1.57e-02	5.82e-04	3.38e-05	7.74e-07	0.00e+00	0.00e+00	0.00e+00	0.00e+00
 4.16394e+22	2.67e-20	1.27e-07	4.86e-05	1.21e-03	6.70e-03	1.27e-02	3.45e-02	3.41e-01	4.22e-01	1.68e-01	1.37e-02	4.89e-04	2.76e-05	6.10e-07	0.00e+00	0.00e+00	0.00e+00	0.00e+00
 4.19327e+22	3.60e-20	1.56e-07	5.87e-05	1.42e-03	7.61e-03	1.40e-02	3.73e-02	3.52e-01	4.17e-01	1.58e-01	1.23e-02	4.27e-04	2.36e-05	5.08e-07	0.00e+00	0.00e+00	0.00e+00	0.00e+00
 4.22305e+22	5.27e-20	2.03e-07	7.46e-05	1.74e-03	8.97e-03	1.59e-02	4.13e-02	3.67e-01	4.08e-01	1.45e-01	1.07e-02	3.56e-04	1.91e-05	3.96e-07	0.00e+00	0.00e+00	0.00e+00	0.00e+00
 4.25314e+22	7.19e-20	2.52e-07	9.04e-05	2.05e-03	1.02e-02	1.75e-02	4.44e-02	3.78e-01	4.01e-01	1.37e-01	9.58e-03	3.10e-04	1.63e-05	3.29e-07	0.00e+00	0.00e+00	0.00e+00	0.00e+00
 4.28364e+22	1.06e-19	3.30e-07	1.15e-04	2.52e-03	1.20e-02	1.99e-02	4.91e-02	3.93e-01	3.90e-01	1.25e-01	8.23e-03	2.56e-04	1.31e-05	2.54e-07	0.00e+00	0.00e+00	0.00e+00	0.00e+00
 4.31336e+22	1.43e-19	4.04e-07	1.38e-04	2.93e-03	1.35e-02	2.17e-02	5.24e-02	4.02e-01	3.82e-01	1.17e-01	7.40e-03	2.24e-04	1.12e-05	2.12e-07	0.00e+00	0.00e+00	0.00e+00	0.00e+00
 4.34206e+22	2.06e-19	5.23e-07	1.73e-04	3.54e-03	1.56e-02	2.42e-02	5.69e-02	4.14e-01	3.71e-01	1.08e-01	6.43e-03	1.88e-04	9.16e-06	1.68e-07	0.00e+00	0.00e+00	0.00e+00	0.00e+00
 4.37231e+22	2.87e-19	6.55e-07	2.11e-04	4.18e-03	1.77e-02	2.67e-02	6.12e-02	4.24e-01	3.61e-01	9.95e-02	5.65e-03	1.61e-04	7.62e-06	1.36e-07	0.00e+00	0.00e+00	0.00e+00	0.00e+00
 4.39773e+22	3.78e-19	7.94e-07	2.49e-04	4.80e-03	1.97e-02	2.89e-02	6.48e-02	4.31e-01	3.52e-01	9.32e-02	5.09e-03	1.41e-04	6.57e-06	0.00e+00	0.00e+00	0.00e+00	0.00e+00	0.00e+00
 4.42390e+22	5.27e-19	9.99e-07	3.03e-04	5.66e-03	2.23e-02	3.16e-02	6.92e-02	4.39e-01	3.41e-01	8.60e-02	4.47e-03	1.21e-04	5.48e-06	0.00e+00	0.00e+00	0.00e+00	0.00e+00	0.00e+00
 4.45134e+22	7.06e-19	1.22e-06	3.60e-04	6.54e-03	2.49e-02	3.43e-02	7.32e-02	4.46e-01	3.31e-01	7.99e-02	3.98e-03	1.05e-04	4.65e-06	0.00e+00	0.00e+00	0.00e+00	0.00e+00	0.00e+00
 4.47657e+22	9.44e-19	1.49e-06	4.28e-04	7.53e-03	2.76e-02	3.70e-02	7.73e-02	4.51e-01	3.21e-01	7.42e-02	3.55e-03	9.11e-05	3.96e-06	0.00e+00	0.00e+00	0.00e+00	0.00e+00	0.00e+00
 4.50547e+22	1.36e-18	1.93e-06	5.30e-04	8.99e-03	3.15e-02	4.07e-02	8.25e-02	4.58e-01	3.08e-01	6.74e-02	3.06e-03	7.63e-05	3.22e-06	0.00e+00	0.00e+00	0.00e+00	0.00e+00	0.00e+00
 4.53511e+22	1.88e-18	2.40e-06	6.37e-04	1.05e-02	3.53e-02	4.42e-02	8.72e-02	4.62e-01	2.96e-01	6.18e-02	2.68e-03	6.51e-05	2.68e-06	0.00e+00	0.00e+00	0.00e+00	0.00e+00	0.00e+00
 4.56126e+22	2.53e-18	2.94e-06	7.55e-04	1.20e-02	3.91e-02	4.75e-02	9.16e-02	4.65e-01	2.84e-01	5.69e-02	2.36e-03	5.62e-05	2.26e-06	0.00e+00	0.00e+00	0.00e+00	0.00e+00	0.00e+00
 4.59079e+22	3.66e-18	3.79e-06	9.34e-04	1.43e-02	4.43e-02	5.19e-02	9.71e-02	4.68e-01	2.70e-01	5.12e-02	2.02e-03	4.66e-05	1.82e-06	0.00e+00	0.00e+00	0.00e+00	0.00e+00	0.00e+00
 4.62160e+22	5.13e-18	4.75e-06	1.13e-03	1.67e-02	4.95e-02	5.61e-02	1.02e-01	4.69e-01	2.57e-01	4.64e-02	1.75e-03	3.93e-05	1.50e-06	0.00e+00	0.00e+00	0.00e+00	0.00e+00	0.00e+00
 4.64938e+22	7.01e-18	5.86e-06	1.34e-03	1.92e-02	5.48e-02	6.01e-02	1.07e-01	4.69e-01	2.45e-01	4.23e-02	1.52e-03	3.35e-05	1.24e-06	0.00e+00	0.00e+00	0.00e+00	0.00e+00	0.00e+00
 4.68080e+22	1.04e-17	7.64e-06	1.67e-03	2.29e-02	6.20e-02	6.54e-02	1.12e-01	4.67e-01	2.30e-01	3.74e-02	1.28e-03	2.73e-05	9.82e-07	0.00e+00	0.00e+00	0.00e+00	0.00e+00	0.00e+00
 4.71321e+22	1.47e-17	9.61e-06	2.01e-03	2.66e-02	6.89e-02	7.02e-02	1.17e-01	4.64e-01	2.17e-01	3.35e-02	1.09e-03	2.27e-05	7.94e-07	0.00e+00	0.00e+00	0.00e+00	0.00e+00	0.00e+00
 4.74206e+22	2.03e-17	1.19e-05	2.39e-03	3.05e-02	7.59e-02	7.48e-02	1.21e-01	4.60e-01	2.04e-01	3.01e-02	9.37e-04	1.91e-05	6.51e-07	0.00e+00	0.00e+00	0.00e+00	0.00e+00	0.00e+00
 4.77475e+22	3.03e-17	1.55e-05	2.96e-03	3.61e-02	8.53e-02	8.07e-02	1.26e-01	4.53e-01	1.89e-01	2.63e-02	7.73e-04	1.53e-05	5.05e-07	0.00e+00	0.00e+00	0.00e+00	0.00e+00	0.00e+00
 4.80865e+22	4.37e-17	1.96e-05	3.57e-03	4.19e-02	9.42e-02	8.60e-02	1.31e-01	4.45e-01	1.75e-01	2.31e-02	6.46e-04	1.25e-05	3.99e-07	0.00e+00	0.00e+00	0.00e+00	0.00e+00	0.00e+00
 4.83905e+22	6.10e-17	2.43e-05	4.24e-03	4.79e-02	1.03e-01	9.08e-02	1.34e-01	4.36e-01	1.63e-01	2.05e-02	5.48e-04	1.04e-05	3.22e-07	0.00e+00	0.00e+00	0.00e+00	0.00e+00	0.00e+00
 4.87353e+22	9.38e-17	3.20e-05	5.26e-03	5.66e-02	1.15e-01	9.70e-02	1.38e-01	4.22e-01	1.48e-01	1.74e-02	4.40e-04	8.08e-06	2.42e-07	0.00e+00	0.00e+00	0.00e+00	0.00e+00	0.00e+00
 4.90910e+22	1.35e-16	4.02e-05	6.30e-03	6.49e-02	1.26e-01	1.02e-01	1.41e-01	4.09e-01	1.35e-01	1.51e-02	3.64e-04	6.52e-06	1.89e-07	0.00e+00	0.00e+00	0.00e+00	0.00e+00	0.00e+00
 4.94121e+22	1.93e-16	5.00e-05	7.47e-03	7.39e-02	1.36e-01	1.07e-01	1.43e-01	3.95e-01	1.24e-01	1.31e-02	3.01e-04	5.27e-06	1.48e-07	0.00e+00	0.00e+00	0.00e+00	0.00e+00	0.00e+00
 4.97808e+22	3.05e-16	6.59e-05	9.25e-03	8.67e-02	1.50e-01	1.13e-01	1.45e-01	3.75e-01	1.09e-01	1.09e-02	2.35e-04	3.98e-06	0.00e+00	0.00e+00	0.00e+00	0.00e+00	0.00e+00	0.00e+00
 5.01534e+22	4.45e-16	8.22e-05	1.09e-02	9.83e-02	1.62e-01	1.17e-01	1.46e-01	3.58e-01	9.81e-02	9.23e-03	1.90e-04	3.14e-06	0.00e+00	0.00e+00	0.00e+00	0.00e+00	0.00e+00	0.00e+00
 5.05311e+22	7.09e-16	1.08e-04	1.34e-02	1.14e-01	1.76e-01	1.22e-01	1.46e-01	3.35e-01	8.55e-02	7.52e-03	1.46e-04	2.35e-06	0.00e+00	0.00e+00	0.00e+00	0.00e+00	0.00e+00	0.00e+00
 5.09131e+22	1.05e-15	1.33e-04	1.58e-02	1.28e-01	1.88e-01	1.25e-01	1.45e-01	3.16e-01	7.58e-02	6.31e-03	1.16e-04	1.83e-06	0.00e+00	0.00e+00	0.00e+00	0.00e+00	0.00e+00	0.00e+00
 5.13008e+22	1.72e-15	1.74e-04	1.92e-02	1.47e-01	2.02e-01	1.28e-01	1.43e-01	2.91e-01	6.46e-02	5.02e-03	8.71e-05	1.33e-06	0.00e+00	0.00e+00	0.00e+00	0.00e+00	0.00e+00	0.00e+00
 5.16921e+22	2.59e-15	2.14e-04	2.23e-02	1.63e-01	2.13e-01	1.30e-01	1.41e-01	2.70e-01	5.65e-02	4.15e-03	6.88e-05	1.02e-06	0.00e+00	0.00e+00	0.00e+00	0.00e+00	0.00e+00	0.00e+00
 5.20880e+22	1.23e-15	2.77e-04	2.69e-02	1.85e-01	2.25e-01	1.31e-01	1.36e-01	2.44e-01	4.72e-02	3.23e-03	5.04e-05	7.26e-07	0.00e+00	0.00e+00	0.00e+00	0.00e+00	0.00e+00	0.00e+00
 5.24880e+22	1.80e-15	3.37e-04	3.10e-02	2.03e-01	2.34e-01	1.31e-01	1.32e-01	2.24e-01	4.07e-02	2.64e-03	3.92e-05	5.52e-07	0.00e+00	0.00e+00	0.00e+00	0.00e+00	0.00e+00	0.00e+00
 5.28934e+22	2.99e-15	4.32e-04	3.69e-02	2.27e-01	2.44e-01	1.31e-01	1.26e-01	1.99e-01	3.34e-02	2.01e-03	2.81e-05	3.84e-07	0.00e+00	0.00e+00	0.00e+00	0.00e+00	0.00e+00	0.00e+00
 5.33041e+22	4.52e-15	5.24e-04	4.22e-02	2.46e-01	2.51e-01	1.29e-01	1.21e-01	1.80e-01	2.83e-02	1.61e-03	2.15e-05	2.86e-07	0.00e+00	0.00e+00	0.00e+00	0.00e+00	0.00e+00	0.00e+00
 5.37217e+22	7.95e-15	6.67e-04	4.97e-02	2.71e-01	2.58e-01	1.26e-01	1.14e-01	1.57e-01	2.27e-02	1.20e-03	1.51e-05	1.94e-07	0.00e+00	0.00e+00	0.00e+00	0.00e+00	0.00e+00	0.00e+00
 5.41311e+22	1.25e-14	7.92e-04	5.58e-02	2.89e-01	2.61e-01	1.24e-01	1.08e-01	1.41e-01	1.92e-02	9.62e-04	1.16e-05	1.46e-07	0.00e+00	0.00e+00	0.00e+00	0.00e+00	0.00e+00	0.00e+00
 5.45296e+22	2.36e-14	9.85e-04	6.44e-02	3.13e-01	2.64e-01	1.20e-01	1.00e-01	1.22e-01	1.53e-02	7.17e-04	8.15e-06	0.00e+00	0.00e+00	0.00e+00	0.00e+00	0.00e+00	0.00e+00	0.00e+00
 5.49143e+22	3.88e-14	1.14e-03	7.10e-02	3.29e-01	2.65e-01	1.16e-01	9.45e-02	1.10e-01	1.30e-02	5.80e-04	6.35e-06	0.00e+00	0.00e+00	0.00e+00	0.00e+00	0.00e+00	0.00e+00	0.00e+00
 5.52809e+22	7.98e-14	1.38e-03	8.00e-02	3.49e-01	2.64e-01	1.11e-01	8.75e-02	9.52e-02	1.05e-02	4.41e-04	4.60e-06	0.00e+00	0.00e+00	0.00e+00	0.00e+00	0.00e+00	0.00e+00	0.00e+00
 5.56498e+22	2.02e-13	1.59e-03	8.77e-02	3.65e-01	2.63e-01	1.07e-01	8.20e-02	8.47e-02	8.82e-03	3.53e-04	3.54e-06	0.00e+00	0.00e+00	0.00e+00	0.00e+00	0.00e+00	0.00e+00	0.00e+00
 5.60218e+22	5.56e-13	1.91e-03	9.80e-02	3.83e-01	2.59e-01	1.02e-01	7.52e-02	7.28e-02	7.04e-03	2.65e-04	2.53e-06	0.00e+00	0.00e+00	0.00e+00	0.00e+00	0.00e+00	0.00e+00	0.00e+00
 5.64009e+22	3.90e-12	2.21e-03	1.07e-01	3.98e-01	2.56e-01	9.75e-02	6.97e-02	6.39e-02	5.82e-03	2.08e-04	1.91e-06	0.00e+00	0.00e+00	0.00e+00	0.00e+00	0.00e+00	0.00e+00	0.00e+00
 5.67892e+22	2.69e-11	2.64e-03	1.19e-01	4.14e-01	2.50e-01	9.16e-02	6.32e-02	5.41e-02	4.56e-03	1.53e-04	1.34e-06	0.00e+00	0.00e+00	0.00e+00	0.00e+00	0.00e+00	0.00e+00	0.00e+00
 5.71810e+22	1.22e-09	3.04e-03	1.30e-01	4.27e-01	2.45e-01	8.68e-02	5.81e-02	4.71e-02	3.73e-03	1.19e-04	1.00e-06	0.00e+00	0.00e+00	0.00e+00	0.00e+00	0.00e+00	0.00e+00	0.00e+00
 5.75254e+22	1.26e-08	3.48e-03	1.40e-01	4.38e-01	2.39e-01	8.21e-02	5.34e-02	4.10e-02	3.06e-03	9.30e-05	7.53e-07	0.00e+00	0.00e+00	0.00e+00	0.00e+00	0.00e+00	0.00e+00	0.00e+00
 5.79211e+22	7.10e-08	4.13e-03	1.55e-01	4.51e-01	2.30e-01	7.62e-02	4.78e-02	3.43e-02	2.36e-03	6.75e-05	5.21e-07	0.00e+00	0.00e+00	0.00e+00	0.00e+00	0.00e+00	0.00e+00	0.00e+00
 5.83044e+22	1.19e-07	4.66e-03	1.65e-01	4.59e-01	2.23e-01	7.20e-02	4.39e-02	2.99e-02	1.95e-03	5.32e-05	3.97e-07	0.00e+00	0.00e+00	0.00e+00	0.00e+00	0.00e+00	0.00e+00	0.00e+00
 5.86096e+22	1.56e-07	5.21e-03	1.76e-01	4.65e-01	2.17e-01	6.82e-02	4.06e-02	2.64e-02	1.63e-03	4.27e-05	3.09e-07	0.00e+00	0.00e+00	0.00e+00	0.00e+00	0.00e+00	0.00e+00	0.00e+00
 5.89447e+22	2.13e-07	5.95e-03	1.89e-01	4.72e-01	2.09e-01	6.36e-02	3.67e-02	2.26e-02	1.30e-03	3.26e-05	2.27e-07	0.00e+00	0.00e+00	0.00e+00	0.00e+00	0.00e+00	0.00e+00	0.00e+00
 5.92857e+22	2.72e-07	6.64e-03	2.01e-01	4.77e-01	2.02e-01	5.99e-02	3.37e-02	1.97e-02	1.08e-03	2.59e-05	1.74e-07	0.00e+00	0.00e+00	0.00e+00	0.00e+00	0.00e+00	0.00e+00	0.00e+00
 5.95865e+22	3.43e-07	7.36e-03	2.12e-01	4.80e-01	1.95e-01	5.65e-02	3.10e-02	1.73e-02	9.00e-04	2.08e-05	1.35e-07	0.00e+00	0.00e+00	0.00e+00	0.00e+00	0.00e+00	0.00e+00	0.00e+00
 5.99298e+22	4.55e-07	8.38e-03	2.27e-01	4.83e-01	1.86e-01	5.23e-02	2.78e-02	1.47e-02	7.13e-04	1.56e-05	0.00e+00	0.00e+00	0.00e+00	0.00e+00	0.00e+00	0.00e+00	0.00e+00	0.00e+00
 6.02773e+22	5.69e-07	9.32e-03	2.39e-01	4.85e-01	1.79e-01	4.90e-02	2.54e-02	1.28e-02	5.86e-04	1.23e-05	0.00e+00	0.00e+00	0.00e+00	0.00e+00	0.00e+00	0.00e+00	0.00e+00	0.00e+00
 6.05820e+22	6.96e-07	1.03e-02	2.52e-01	4.86e-01	1.71e-01	4.59e-02	2.32e-02	1.11e-02	4.84e-04	9.82e-06	0.00e+00	0.00e+00	0.00e+00	0.00e+00	0.00e+00	0.00e+00	0.00e+00	0.00e+00
 6.09298e+22	8.98e-07	1.17e-02	2.68e-01	4.85e-01	1.62e-01	4.22e-02	2.07e-02	9.32e-03	3.78e-04	7.31e-06	0.00e+00	0.00e+00	0.00e+00	0.00e+00	0.00e+00	0.00e+00	0.00e+00	0.00e+00
