#depth	Ar	Ar+	Ar+2	Ar+3	Ar+4	Ar+5	Ar+6	Ar+7	Ar+8	Ar+9	Ar+10	Ar+11	Ar+12	Ar+13	Ar+14	Ar+15	Ar+16	Ar+17	Ar+18
 4.62852e+21	0.00e+00	0.00e+00	0.00e+00	5.59e-25	7.98e-22	4.51e-19	1.50e-16	5.81e-14	4.29e-11	4.35e-09	2.19e-07	5.37e-06	9.13e-05	7.99e-04	4.51e-03	2.71e-02	2.89e-01	4.49e-01	2.29e-01
 1.05131e+22	0.00e+00	2.30e-31	8.69e-26	1.40e-22	1.31e-19	4.75e-17	1.00e-14	2.41e-12	1.37e-09	1.02e-07	3.63e-06	6.10e-05	7.12e-04	4.11e-03	1.47e-02	5.66e-02	3.96e-01	3.97e-01	1.31e-01
 1.23972e+22	0.00e+00	5.56e-30	1.78e-24	2.35e-21	1.74e-18	4.94e-16	8.08e-14	1.50e-11	7.73e-09	4.97e-07	1.49e-05	2.07e-04	1.99e-03	9.21e-03	2.59e-02	7.86e-02	4.42e-01	3.51e-01	9.18e-02
 1.33392e+22	0.00e+00	2.79e-29	8.19e-24	9.73e-21	6.40e-18	1.60e-15	2.29e-13	3.72e-11	1.83e-08	1.10e-06	3.03e-05	3.80e-04	3.32e-03	1.37e-02	3.41e-02	9.12e-02	4.59e-01	3.23e-01	7.53e-02
 1.37317e+22	0.00e+00	4.26e-29	1.23e-23	1.42e-20	9.01e-18	2.17e-15	3.00e-13	4.71e-11	2.29e-08	1.35e-06	3.65e-05	4.46e-04	3.79e-03	1.52e-02	3.65e-02	9.46e-02	4.62e-01	3.16e-01	7.13e-02
 1.39123e+22	0.00e+00	7.10e-29	1.99e-23	2.22e-20	1.36e-17	3.15e-15	4.16e-13	6.25e-11	3.00e-08	1.74e-06	4.57e-05	5.40e-04	4.45e-03	1.72e-02	3.97e-02	9.88e-02	4.66e-01	3.06e-01	6.66e-02
 1.41048e+22	0.00e+00	1.13e-28	3.09e-23	3.35e-20	1.98e-17	4.41e-15	5.60e-13	8.08e-11	3.84e-08	2.18e-06	5.59e-05	6.42e-04	5.14e-03	1.92e-02	4.28e-02	1.03e-01	4.69e-01	2.98e-01	6.25e-02
 1.42849e+22	0.00e+00	1.81e-28	4.83e-23	5.07e-20	2.88e-17	6.17e-15	7.52e-13	1.04e-10	4.91e-08	2.73e-06	6.85e-05	7.64e-04	5.94e-03	2.14e-02	4.61e-02	1.07e-01	4.72e-01	2.89e-01	5.86e-02
 1.44490e+22	0.00e+00	2.68e-28	7.02e-23	7.16e-20	3.95e-17	8.18e-15	9.63e-13	1.29e-10	6.02e-08	3.31e-06	8.12e-05	8.84e-04	6.71e-03	2.35e-02	4.90e-02	1.10e-01	4.73e-01	2.81e-01	5.54e-02
 1.46200e+22	0.00e+00	4.40e-28	1.12e-22	1.11e-19	5.87e-17	1.17e-14	1.31e-12	1.68e-10	7.79e-08	4.20e-06	1.01e-04	1.06e-03	7.80e-03	2.64e-02	5.28e-02	1.14e-01	4.74e-01	2.72e-01	5.16e-02
 1.47821e+22	0.00e+00	6.33e-28	1.59e-22	1.52e-19	7.84e-17	1.51e-14	1.65e-12	2.04e-10	9.40e-08	5.00e-06	1.17e-04	1.21e-03	8.71e-03	2.87e-02	5.58e-02	1.17e-01	4.75e-01	2.65e-01	4.89e-02
 1.49102e+22	0.00e+00	8.93e-28	2.20e-22	2.06e-19	1.03e-16	1.93e-14	2.04e-12	2.44e-10	1.12e-07	5.89e-06	1.36e-04	1.37e-03	9.67e-03	3.11e-02	5.88e-02	1.20e-01	4.75e-01	2.58e-01	4.64e-02
 1.50544e+22	0.00e+00	1.36e-27	3.27e-22	2.97e-19	1.44e-16	2.59e-14	2.63e-12	3.04e-10	1.39e-07	7.19e-06	1.63e-04	1.60e-03	1.10e-02	3.41e-02	6.24e-02	1.23e-01	4.74e-01	2.50e-01	4.35e-02
 1.51975e+22	0.00e+00	1.90e-27	4.52e-22	4.01e-19	1.88e-16	3.29e-14	3.24e-12	3.63e-10	1.65e-07	8.44e-06	1.88e-04	1.81e-03	1.21e-02	3.68e-02	6.56e-02	1.26e-01	4.74e-01	2.43e-01	4.13e-02
 1.53176e+22	0.00e+00	2.63e-27	6.14e-22	5.32e-19	2.43e-16	4.13e-14	3.94e-12	4.28e-10	1.94e-07	9.83e-06	2.15e-04	2.03e-03	1.34e-02	3.96e-02	6.86e-02	1.28e-01	4.72e-01	2.36e-01	3.92e-02
 1.54523e+22	0.00e+00	3.91e-27	8.95e-22	7.53e-19	3.33e-16	5.45e-14	5.02e-12	5.25e-10	2.38e-07	1.19e-05	2.54e-04	2.34e-03	1.50e-02	4.32e-02	7.25e-02	1.31e-01	4.70e-01	2.28e-01	3.67e-02
 1.55845e+22	0.00e+00	5.38e-27	1.21e-21	9.96e-19	4.29e-16	6.81e-14	6.08e-12	6.17e-10	2.79e-07	1.38e-05	2.91e-04	2.62e-03	1.65e-02	4.63e-02	7.58e-02	1.34e-01	4.68e-01	2.22e-01	3.48e-02
 1.56937e+22	0.00e+00	7.26e-27	1.61e-21	1.29e-18	5.42e-16	8.38e-14	7.27e-12	7.17e-10	3.24e-07	1.58e-05	3.30e-04	2.91e-03	1.80e-02	4.94e-02	7.89e-02	1.36e-01	4.66e-01	2.15e-01	3.31e-02
 1.58158e+22	0.00e+00	1.05e-26	2.29e-21	1.78e-18	7.24e-16	1.08e-13	9.05e-12	8.61e-10	3.89e-07	1.88e-05	3.84e-04	3.31e-03	2.00e-02	5.34e-02	8.28e-02	1.38e-01	4.63e-01	2.08e-01	3.10e-02
 1.59416e+22	3.32e-33	1.45e-26	3.12e-21	2.37e-18	9.36e-16	1.35e-13	1.10e-11	1.01e-09	4.57e-07	2.19e-05	4.40e-04	3.72e-03	2.20e-02	5.72e-02	8.63e-02	1.40e-01	4.59e-01	2.01e-01	2.93e-02
 1.60519e+22	4.55e-33	1.96e-26	4.15e-21	3.08e-18	1.18e-15	1.66e-13	1.31e-11	1.17e-09	5.29e-07	2.51e-05	4.98e-04	4.12e-03	2.39e-02	6.09e-02	8.96e-02	1.42e-01	4.56e-01	1.95e-01	2.77e-02
 1.61747e+22	6.78e-33	2.87e-26	5.96e-21	4.29e-18	1.59e-15	2.16e-13	1.63e-11	1.41e-09	6.37e-07	2.99e-05	5.82e-04	4.70e-03	2.66e-02	6.58e-02	9.39e-02	1.44e-01	4.51e-01	1.87e-01	2.59e-02
 1.62936e+22	9.14e-33	3.81e-26	7.82e-21	5.50e-18	1.99e-15	2.62e-13	1.93e-11	1.62e-09	7.32e-07	3.41e-05	6.53e-04	5.18e-03	2.88e-02	6.97e-02	9.71e-02	1.46e-01	4.47e-01	1.81e-01	2.45e-02
 1.63920e+22	1.24e-32	5.10e-26	1.03e-20	7.08e-18	2.49e-15	3.19e-13	2.27e-11	1.85e-09	8.40e-07	3.88e-05	7.35e-04	5.72e-03	3.12e-02	7.39e-02	1.00e-01	1.47e-01	4.42e-01	1.75e-01	2.32e-02
 1.64887e+22	1.65e-32	6.68e-26	1.33e-20	8.94e-18	3.07e-15	3.83e-13	2.66e-11	2.10e-09	9.57e-07	4.39e-05	8.19e-04	6.27e-03	3.36e-02	7.79e-02	1.04e-01	1.49e-01	4.37e-01	1.70e-01	2.20e-02
 1.65988e+22	2.39e-32	9.53e-26	1.87e-20	1.22e-17	4.04e-15	4.86e-13	3.24e-11	2.48e-09	1.13e-06	5.15e-05	9.45e-04	7.07e-03	3.70e-02	8.35e-02	1.08e-01	1.50e-01	4.31e-01	1.63e-01	2.05e-02
 1.67105e+22	3.30e-32	1.30e-25	2.51e-20	1.59e-17	5.11e-15	5.96e-13	3.85e-11	2.85e-09	1.31e-06	5.90e-05	1.07e-03	7.82e-03	4.02e-02	8.85e-02	1.11e-01	1.51e-01	4.25e-01	1.56e-01	1.92e-02
 1.68069e+22	4.37e-32	1.69e-25	3.24e-20	2.00e-17	6.28e-15	7.13e-13	4.48e-11	3.22e-09	1.48e-06	6.65e-05	1.19e-03	8.55e-03	4.31e-02	9.30e-02	1.14e-01	1.52e-01	4.19e-01	1.51e-01	1.82e-02
 1.69150e+22	6.47e-32	2.47e-25	4.63e-20	2.77e-17	8.36e-15	9.11e-13	5.49e-11	3.79e-09	1.76e-06	7.84e-05	1.38e-03	9.66e-03	4.76e-02	9.97e-02	1.19e-01	1.52e-01	4.10e-01	1.44e-01	1.67e-02
 1.70236e+22	8.77e-32	3.29e-25	6.10e-20	3.55e-17	1.04e-14	1.10e-12	6.42e-11	4.31e-09	2.01e-06	8.90e-05	1.54e-03	1.06e-02	5.13e-02	1.05e-01	1.22e-01	1.53e-01	4.03e-01	1.38e-01	1.57e-02
 1.71330e+22	1.30e-31	4.80e-25	8.75e-20	4.91e-17	1.39e-14	1.41e-12	7.86e-11	5.07e-09	2.39e-06	1.05e-04	1.78e-03	1.20e-02	5.64e-02	1.12e-01	1.26e-01	1.53e-01	3.93e-01	1.30e-01	1.44e-02
 1.72400e+22	1.74e-31	6.34e-25	1.14e-19	6.25e-17	1.71e-14	1.69e-12	9.13e-11	5.71e-09	2.71e-06	1.18e-04	1.98e-03	1.31e-02	6.05e-02	1.18e-01	1.29e-01	1.53e-01	3.86e-01	1.25e-01	1.35e-02
 1.73441e+22	2.59e-31	9.26e-25	1.64e-19	8.63e-17	2.27e-14	2.15e-12	1.11e-10	6.66e-09	3.20e-06	1.39e-04	2.29e-03	1.47e-02	6.64e-02	1.25e-01	1.33e-01	1.53e-01	3.75e-01	1.18e-01	1.24e-02
 1.74478e+22	3.43e-31	1.21e-24	2.11e-19	1.09e-16	2.79e-14	2.55e-12	1.28e-10	7.47e-09	3.61e-06	1.55e-04	2.53e-03	1.60e-02	7.09e-02	1.31e-01	1.36e-01	1.52e-01	3.67e-01	1.13e-01	1.16e-02
 1.75509e+22	5.13e-31	1.78e-24	3.06e-19	1.51e-16	3.71e-14	3.25e-12	1.56e-10	8.69e-09	4.27e-06	1.82e-04	2.92e-03	1.80e-02	7.77e-02	1.39e-01	1.40e-01	1.51e-01	3.55e-01	1.06e-01	1.05e-02
 1.76509e+22	6.72e-31	2.31e-24	3.91e-19	1.88e-16	4.50e-14	3.83e-12	1.78e-10	9.66e-09	4.77e-06	2.03e-04	3.20e-03	1.94e-02	8.25e-02	1.44e-01	1.42e-01	1.50e-01	3.47e-01	1.01e-01	9.85e-03
 1.77471e+22	9.85e-31	3.32e-24	5.55e-19	2.57e-16	5.89e-14	4.80e-12	2.13e-10	1.11e-08	5.57e-06	2.36e-04	3.66e-03	2.16e-02	8.97e-02	1.52e-01	1.45e-01	1.49e-01	3.35e-01	9.46e-02	8.94e-03
 1.78439e+22	1.30e-30	4.34e-24	7.15e-19	3.22e-16	7.18e-14	5.68e-12	2.44e-10	1.23e-08	6.24e-06	2.63e-04	4.02e-03	2.33e-02	9.51e-02	1.58e-01	1.47e-01	1.48e-01	3.26e-01	9.00e-02	8.32e-03
 1.79415e+22	1.93e-30	6.34e-24	1.03e-18	4.44e-16	9.47e-14	7.15e-12	2.93e-10	1.42e-08	7.28e-06	3.05e-04	4.59e-03	2.60e-02	1.03e-01	1.67e-01	1.50e-01	1.45e-01	3.13e-01	8.37e-02	7.49e-03
 1.80393e+22	2.58e-30	8.35e-24	1.34e-18	5.61e-16	1.16e-13	8.48e-12	3.36e-10	1.57e-08	8.16e-06	3.40e-04	5.06e-03	2.81e-02	1.10e-01	1.73e-01	1.52e-01	1.44e-01	3.03e-01	7.92e-02	6.93e-03
 1.81375e+22	3.87e-30	1.23e-23	1.93e-18	7.78e-16	1.54e-13	1.07e-11	4.04e-10	1.81e-08	9.52e-06	3.95e-04	5.77e-03	3.12e-02	1.19e-01	1.81e-01	1.54e-01	1.41e-01	2.89e-01	7.30e-02	6.19e-03
 1.82363e+22	5.21e-30	1.64e-23	2.54e-18	9.88e-16	1.89e-13	1.27e-11	4.63e-10	2.01e-08	1.07e-05	4.41e-04	6.34e-03	3.37e-02	1.26e-01	1.87e-01	1.55e-01	1.38e-01	2.79e-01	6.87e-02	5.68e-03
 1.83358e+22	7.77e-30	2.40e-23	3.65e-18	1.36e-15	2.49e-13	1.60e-11	5.55e-10	2.30e-08	1.24e-05	5.09e-04	7.20e-03	3.72e-02	1.35e-01	1.96e-01	1.57e-01	1.35e-01	2.65e-01	6.31e-02	5.06e-03
 1.84344e+22	1.05e-29	3.19e-23	4.81e-18	1.73e-15	3.06e-13	1.90e-11	6.35e-10	2.54e-08	1.38e-05	5.66e-04	7.90e-03	4.00e-02	1.43e-01	2.02e-01	1.57e-01	1.32e-01	2.54e-01	5.91e-02	4.62e-03
 1.85319e+22	1.56e-29	4.67e-23	6.91e-18	2.38e-15	4.02e-13	2.38e-11	7.57e-10	2.90e-08	1.60e-05	6.50e-04	8.90e-03	4.40e-02	1.53e-01	2.09e-01	1.58e-01	1.28e-01	2.40e-01	5.40e-02	4.09e-03
 1.86309e+22	2.14e-29	6.31e-23	9.20e-18	3.07e-15	4.99e-13	2.85e-11	8.71e-10	3.21e-08	1.79e-05	7.24e-04	9.77e-03	4.73e-02	1.61e-01	2.15e-01	1.58e-01	1.25e-01	2.29e-01	5.02e-02	3.70e-03
 1.87318e+22	3.23e-29	9.38e-23	1.34e-17	4.26e-15	6.61e-13	3.59e-11	1.04e-09	3.68e-08	2.06e-05	8.31e-04	1.10e-02	5.20e-02	1.72e-01	2.22e-01	1.58e-01	1.21e-01	2.15e-01	4.55e-02	3.23e-03
 1.88339e+22	4.47e-29	1.28e-22	1.80e-17	5.52e-15	8.25e-13	4.31e-11	1.20e-09	4.08e-08	2.31e-05	9.25e-04	1.21e-02	5.58e-02	1.81e-01	2.28e-01	1.57e-01	1.17e-01	2.04e-01	4.19e-02	2.90e-03
 1.89376e+22	6.85e-29	1.92e-22	2.66e-17	7.75e-15	1.10e-12	5.47e-11	1.45e-09	4.68e-08	2.66e-05	1.06e-03	1.36e-02	6.10e-02	1.92e-01	2.34e-01	1.56e-01	1.12e-01	1.90e-01	3.76e-02	2.51e-03
 1.90419e+22	9.50e-29	2.63e-22	3.58e-17	1.00e-14	1.37e-12	6.56e-11	1.67e-09	5.20e-08	2.96e-05	1.18e-03	1.48e-02	6.52e-02	2.01e-01	2.39e-01	1.55e-01	1.08e-01	1.79e-01	3.45e-02	2.24e-03
 1.91317e+22	1.31e-28	3.57e-22	4.79e-17	1.29e-14	1.71e-12	7.84e-11	1.92e-09	5.76e-08	3.29e-05	1.30e-03	1.61e-02	6.95e-02	2.10e-01	2.43e-01	1.53e-01	1.04e-01	1.69e-01	3.17e-02	2.01e-03
 1.92333e+22	1.99e-28	5.33e-22	7.01e-17	1.80e-14	2.26e-12	9.89e-11	2.29e-09	6.58e-08	3.75e-05	1.47e-03	1.79e-02	7.53e-02	2.21e-01	2.48e-01	1.51e-01	9.92e-02	1.56e-01	2.83e-02	1.72e-03
 1.93348e+22	2.70e-28	7.13e-22	9.25e-17	2.29e-14	2.78e-12	1.17e-10	2.62e-09	7.27e-08	4.13e-05	1.61e-03	1.94e-02	7.97e-02	2.29e-01	2.51e-01	1.49e-01	9.55e-02	1.47e-01	2.60e-02	1.54e-03
 1.94362e+22	4.07e-28	1.06e-21	1.34e-16	3.17e-14	3.67e-12	1.48e-10	3.13e-09	8.30e-08	4.68e-05	1.82e-03	2.14e-02	8.58e-02	2.40e-01	2.54e-01	1.46e-01	9.05e-02	1.36e-01	2.31e-02	1.32e-03
 1.95385e+22	5.52e-28	1.41e-21	1.77e-16	4.03e-14	4.50e-12	1.75e-10	3.59e-09	9.19e-08	5.14e-05	1.98e-03	2.30e-02	9.04e-02	2.48e-01	2.57e-01	1.44e-01	8.68e-02	1.28e-01	2.11e-02	1.18e-03
 1.96422e+22	8.32e-28	2.09e-21	2.56e-16	5.57e-14	5.94e-12	2.20e-10	4.29e-09	1.05e-07	5.80e-05	2.22e-03	2.52e-02	9.68e-02	2.58e-01	2.59e-01	1.40e-01	8.19e-02	1.17e-01	1.87e-02	1.01e-03
 1.97477e+22	1.13e-27	2.80e-21	3.39e-16	7.11e-14	7.32e-12	2.62e-10	4.93e-09	1.17e-07	6.37e-05	2.42e-03	2.71e-02	1.02e-01	2.65e-01	2.60e-01	1.37e-01	7.83e-02	1.10e-01	1.70e-02	8.91e-04
 1.98557e+22	1.70e-27	4.12e-21	4.88e-16	9.77e-14	9.61e-12	3.29e-10	5.90e-09	1.34e-07	7.17e-05	2.70e-03	2.96e-02	1.08e-01	2.75e-01	2.61e-01	1.33e-01	7.37e-02	1.00e-01	1.50e-02	7.58e-04
 1.99672e+22	2.36e-27	5.64e-21	6.57e-16	1.27e-13	1.20e-11	3.97e-10	6.84e-09	1.50e-07	7.89e-05	2.95e-03	3.17e-02	1.14e-01	2.83e-01	2.62e-01	1.30e-01	7.00e-02	9.32e-02	1.35e-02	6.63e-04
 2.00833e+22	3.60e-27	8.41e-21	9.57e-16	1.76e-13	1.60e-11	5.03e-10	8.27e-09	1.73e-07	8.90e-05	3.29e-03	3.47e-02	1.21e-01	2.92e-01	2.61e-01	1.25e-01	6.54e-02	8.46e-02	1.18e-02	5.58e-04
 2.02021e+22	5.02e-27	1.15e-20	1.29e-15	2.28e-13	2.00e-11	6.08e-10	9.63e-09	1.94e-07	9.80e-05	3.59e-03	3.71e-02	1.27e-01	2.99e-01	2.61e-01	1.22e-01	6.19e-02	7.82e-02	1.06e-02	4.86e-04
 2.03078e+22	6.94e-27	1.57e-20	1.72e-15	2.94e-13	2.49e-11	7.31e-10	1.12e-08	2.18e-07	1.07e-04	3.90e-03	3.96e-02	1.33e-01	3.05e-01	2.60e-01	1.18e-01	5.85e-02	7.24e-02	9.51e-03	4.24e-04
 2.04286e+22	1.05e-26	2.31e-20	2.48e-15	4.05e-13	3.28e-11	9.25e-10	1.35e-08	2.52e-07	1.21e-04	4.32e-03	4.29e-02	1.40e-01	3.13e-01	2.58e-01	1.13e-01	5.45e-02	6.55e-02	8.28e-03	3.56e-04
 2.05511e+22	1.44e-26	3.13e-20	3.30e-15	5.20e-13	4.08e-11	1.11e-09	1.56e-08	2.83e-07	1.32e-04	4.68e-03	4.56e-02	1.46e-01	3.19e-01	2.56e-01	1.10e-01	5.14e-02	6.05e-02	7.42e-03	3.10e-04
 2.06758e+22	2.17e-26	4.60e-20	4.74e-15	7.14e-13	5.37e-11	1.40e-09	1.89e-08	3.28e-07	1.49e-04	5.18e-03	4.92e-02	1.53e-01	3.25e-01	2.53e-01	1.05e-01	4.77e-02	5.45e-02	6.44e-03	2.59e-04
 2.07969e+22	2.88e-26	6.02e-20	6.10e-15	8.91e-13	6.52e-11	1.66e-09	2.16e-08	3.64e-07	1.61e-04	5.55e-03	5.19e-02	1.59e-01	3.30e-01	2.51e-01	1.01e-01	4.52e-02	5.06e-02	5.83e-03	2.28e-04
 2.09134e+22	4.18e-26	8.55e-20	8.47e-15	1.19e-12	8.38e-11	2.05e-09	2.57e-08	4.17e-07	1.79e-04	6.07e-03	5.55e-02	1.66e-01	3.35e-01	2.47e-01	9.70e-02	4.21e-02	4.59e-02	5.10e-03	1.93e-04
 2.10321e+22	5.54e-26	1.12e-19	1.09e-14	1.48e-12	1.02e-10	2.42e-09	2.94e-08	4.64e-07	1.94e-04	6.50e-03	5.84e-02	1.71e-01	3.39e-01	2.44e-01	9.37e-02	3.98e-02	4.26e-02	4.60e-03	1.69e-04
 2.11536e+22	8.07e-26	1.59e-19	1.51e-14	1.98e-12	1.31e-10	3.01e-09	3.52e-08	5.34e-07	2.16e-04	7.11e-03	6.24e-02	1.78e-01	3.43e-01	2.40e-01	8.93e-02	3.69e-02	3.84e-02	4.01e-03	1.42e-04
 2.12769e+22	1.07e-25	2.07e-19	1.93e-14	2.46e-12	1.58e-10	3.54e-09	4.02e-08	5.94e-07	2.34e-04	7.61e-03	6.55e-02	1.83e-01	3.46e-01	2.37e-01	8.60e-02	3.48e-02	3.56e-02	3.61e-03	1.25e-04
 2.14023e+22	1.55e-25	2.94e-19	2.68e-14	3.29e-12	2.04e-10	4.40e-09	4.81e-08	6.84e-07	2.61e-04	8.31e-03	6.98e-02	1.91e-01	3.50e-01	2.32e-01	8.17e-02	3.22e-02	3.20e-02	3.13e-03	1.05e-04
 2.15257e+22	2.00e-25	3.74e-19	3.36e-14	4.01e-12	2.43e-10	5.12e-09	5.45e-08	7.56e-07	2.81e-04	8.83e-03	7.29e-02	1.95e-01	3.52e-01	2.29e-01	7.88e-02	3.05e-02	2.98e-02	2.84e-03	9.25e-05
 2.16462e+22	2.84e-25	5.19e-19	4.56e-14	5.25e-12	3.08e-10	6.27e-09	6.45e-08	8.64e-07	3.11e-04	9.58e-03	7.72e-02	2.02e-01	3.55e-01	2.24e-01	7.49e-02	2.82e-02	2.69e-02	2.48e-03	7.81e-05
 2.17692e+22	3.69e-25	6.63e-19	5.72e-14	6.42e-12	3.68e-10	7.32e-09	7.33e-08	9.57e-07	3.36e-04	1.02e-02	8.07e-02	2.07e-01	3.56e-01	2.20e-01	7.20e-02	2.66e-02	2.49e-02	2.24e-03	6.88e-05
 2.18954e+22	5.24e-25	9.20e-19	7.76e-14	8.41e-12	4.67e-10	8.99e-09	8.69e-08	1.10e-06	3.72e-04	1.10e-02	8.53e-02	2.14e-01	3.58e-01	2.14e-01	6.82e-02	2.46e-02	2.24e-02	1.95e-03	5.78e-05
 2.20239e+22	6.85e-25	1.18e-18	9.78e-14	1.03e-11	5.60e-10	1.05e-08	9.91e-08	1.22e-06	4.02e-04	1.17e-02	8.91e-02	2.19e-01	3.59e-01	2.10e-01	6.53e-02	2.31e-02	2.07e-02	1.75e-03	5.06e-05
 2.21556e+22	9.75e-25	1.64e-18	1.33e-13	1.35e-11	7.12e-10	1.30e-08	1.18e-07	1.40e-06	4.46e-04	1.27e-02	9.41e-02	2.26e-01	3.60e-01	2.04e-01	6.17e-02	2.13e-02	1.86e-02	1.52e-03	4.23e-05
 2.22896e+22	1.28e-24	2.11e-18	1.67e-13	1.67e-11	8.55e-10	1.52e-08	1.34e-07	1.56e-06	4.83e-04	1.36e-02	9.82e-02	2.31e-01	3.60e-01	2.00e-01	5.90e-02	2.00e-02	1.71e-02	1.36e-03	3.69e-05
 2.24266e+22	1.82e-24	2.94e-18	2.28e-13	2.19e-11	1.09e-09	1.87e-08	1.60e-07	1.79e-06	5.37e-04	1.47e-02	1.04e-01	2.37e-01	3.60e-01	1.94e-01	5.55e-02	1.83e-02	1.53e-02	1.17e-03	3.07e-05
 2.25662e+22	2.39e-24	3.79e-18	2.88e-13	2.70e-11	1.31e-09	2.20e-08	1.83e-07	2.00e-06	5.82e-04	1.56e-02	1.08e-01	2.42e-01	3.60e-01	1.89e-01	5.29e-02	1.72e-02	1.40e-02	1.05e-03	2.67e-05
 2.27092e+22	3.42e-24	5.30e-18	3.91e-13	3.55e-11	1.67e-09	2.72e-08	2.19e-07	2.31e-06	6.48e-04	1.69e-02	1.14e-01	2.49e-01	3.59e-01	1.82e-01	4.95e-02	1.57e-02	1.25e-02	8.97e-04	2.21e-05
 2.28489e+22	4.37e-24	6.64e-18	4.82e-13	4.27e-11	1.98e-09	3.15e-08	2.47e-07	2.55e-06	6.98e-04	1.79e-02	1.18e-01	2.53e-01	3.58e-01	1.78e-01	4.73e-02	1.47e-02	1.15e-02	8.09e-04	1.94e-05
 2.29844e+22	6.12e-24	9.09e-18	6.43e-13	5.53e-11	2.48e-09	3.85e-08	2.92e-07	2.92e-06	7.71e-04	1.93e-02	1.24e-01	2.59e-01	3.56e-01	1.72e-01	4.44e-02	1.35e-02	1.03e-02	6.98e-04	1.62e-05
 2.31220e+22	7.82e-24	1.14e-17	7.92e-13	6.67e-11	2.94e-09	4.45e-08	3.31e-07	3.22e-06	8.31e-04	2.04e-02	1.28e-01	2.63e-01	3.54e-01	1.67e-01	4.24e-02	1.27e-02	9.50e-03	6.27e-04	1.42e-05
 2.32625e+22	1.09e-23	1.55e-17	1.05e-12	8.57e-11	3.67e-09	5.42e-08	3.90e-07	3.68e-06	9.18e-04	2.20e-02	1.34e-01	2.69e-01	3.52e-01	1.61e-01	3.97e-02	1.16e-02	8.49e-03	5.42e-04	1.18e-05
 2.34073e+22	1.42e-23	1.99e-17	1.32e-12	1.05e-10	4.41e-09	6.35e-08	4.46e-07	4.11e-06	9.95e-04	2.33e-02	1.40e-01	2.73e-01	3.50e-01	1.56e-01	3.76e-02	1.08e-02	7.74e-03	4.81e-04	1.02e-05
 2.35578e+22	1.99e-23	2.71e-17	1.75e-12	1.36e-10	5.53e-09	7.75e-08	5.27e-07	4.71e-06	1.10e-03	2.51e-02	1.46e-01	2.79e-01	3.47e-01	1.50e-01	3.51e-02	9.86e-03	6.89e-03	4.13e-04	8.49e-06
 2.37132e+22	2.64e-23	3.52e-17	2.22e-12	1.68e-10	6.71e-09	9.17e-08	6.07e-07	5.29e-06	1.20e-03	2.67e-02	1.52e-01	2.83e-01	3.44e-01	1.45e-01	3.30e-02	9.11e-03	6.24e-03	3.63e-04	7.25e-06
 2.38750e+22	3.74e-23	4.85e-17	2.99e-12	2.19e-10	8.50e-09	1.13e-07	7.23e-07	6.10e-06	1.33e-03	2.88e-02	1.59e-01	2.88e-01	3.39e-01	1.39e-01	3.07e-02	8.26e-03	5.51e-03	3.09e-04	5.95e-06
 2.40413e+22	5.01e-23	6.36e-17	3.82e-12	2.74e-10	1.04e-08	1.34e-07	8.37e-07	6.87e-06	1.46e-03	3.07e-02	1.65e-01	2.92e-01	3.35e-01	1.33e-01	2.88e-02	7.59e-03	4.96e-03	2.70e-04	5.04e-06
 2.42134e+22	7.19e-23	8.86e-17	5.18e-12	3.60e-10	1.32e-08	1.66e-07	1.00e-06	7.96e-06	1.63e-03	3.32e-02	1.73e-01	2.97e-01	3.30e-01	1.27e-01	2.65e-02	6.84e-03	4.35e-03	2.28e-04	4.10e-06
 2.43912e+22	9.77e-23	1.18e-16	6.69e-12	4.53e-10	1.63e-08	1.99e-07	1.17e-06	9.02e-06	1.78e-03	3.54e-02	1.80e-01	3.01e-01	3.26e-01	1.21e-01	2.47e-02	6.25e-03	3.89e-03	1.97e-04	3.43e-06
 2.45764e+22	1.43e-22	1.66e-16	9.19e-12	6.03e-10	2.10e-08	2.49e-07	1.41e-06	1.05e-05	2.00e-03	3.84e-02	1.88e-01	3.06e-01	3.19e-01	1.15e-01	2.26e-02	5.58e-03	3.37e-03	1.64e-04	2.75e-06
 2.47665e+22	1.96e-22	2.23e-16	1.20e-11	7.66e-10	2.61e-08	3.01e-07	1.65e-06	1.20e-05	2.20e-03	4.10e-02	1.96e-01	3.09e-01	3.14e-01	1.09e-01	2.10e-02	5.07e-03	2.99e-03	1.41e-04	2.28e-06
 2.49372e+22	2.65e-22	2.94e-16	1.54e-11	9.62e-10	3.19e-08	3.60e-07	1.92e-06	1.35e-05	2.41e-03	4.37e-02	2.03e-01	3.12e-01	3.08e-01	1.04e-01	1.95e-02	4.62e-03	2.67e-03	1.22e-04	1.91e-06
 2.51333e+22	3.96e-22	4.26e-16	2.16e-11	1.30e-09	4.19e-08	4.57e-07	2.35e-06	1.60e-05	2.72e-03	4.74e-02	2.12e-01	3.15e-01	3.00e-01	9.78e-02	1.76e-02	4.07e-03	2.28e-03	9.96e-05	1.49e-06
 2.53307e+22	5.35e-22	5.61e-16	2.77e-11	1.63e-09	5.13e-08	5.45e-07	2.72e-06	1.80e-05	2.98e-03	5.05e-02	2.19e-01	3.18e-01	2.94e-01	9.30e-02	1.64e-02	3.70e-03	2.03e-03	8.58e-05	1.25e-06
 2.55296e+22	7.95e-22	8.06e-16	3.85e-11	2.20e-09	6.69e-08	6.88e-07	3.32e-06	2.12e-05	3.35e-03	5.46e-02	2.29e-01	3.20e-01	2.86e-01	8.69e-02	1.48e-02	3.26e-03	1.73e-03	7.01e-05	9.76e-07
 2.57327e+22	1.09e-21	1.08e-15	5.01e-11	2.79e-09	8.29e-08	8.30e-07	3.89e-06	2.41e-05	3.68e-03	5.82e-02	2.37e-01	3.22e-01	2.79e-01	8.21e-02	1.36e-02	2.93e-03	1.52e-03	5.95e-05	8.00e-07
 2.59413e+22	1.64e-21	1.57e-15	7.02e-11	3.78e-09	1.09e-07	1.05e-06	4.75e-06	2.84e-05	4.16e-03	6.31e-02	2.47e-01	3.24e-01	2.70e-01	7.63e-02	1.22e-02	2.56e-03	1.29e-03	4.81e-05	6.19e-07
 2.61531e+22	2.28e-21	2.11e-15	9.20e-11	4.82e-09	1.36e-07	1.28e-06	5.59e-06	3.25e-05	4.58e-03	6.73e-02	2.55e-01	3.25e-01	2.62e-01	7.17e-02	1.11e-02	2.29e-03	1.12e-03	4.04e-05	5.01e-07
 2.63692e+22	3.48e-21	3.11e-15	1.30e-10	6.60e-09	1.80e-07	1.64e-06	6.90e-06	3.86e-05	5.18e-03	7.30e-02	2.65e-01	3.25e-01	2.52e-01	6.60e-02	9.84e-03	1.98e-03	9.36e-04	3.21e-05	3.80e-07
 2.65734e+22	4.60e-21	4.01e-15	1.64e-10	8.12e-09	2.17e-07	1.93e-06	7.92e-06	4.32e-05	5.62e-03	7.69e-02	2.72e-01	3.26e-01	2.46e-01	6.24e-02	9.08e-03	1.79e-03	8.30e-04	2.76e-05	3.16e-07
 2.67622e+22	6.64e-21	5.61e-15	2.21e-10	1.07e-08	2.77e-07	2.40e-06	9.51e-06	5.02e-05	6.27e-03	8.25e-02	2.81e-01	3.25e-01	2.37e-01	5.79e-02	8.13e-03	1.57e-03	7.04e-04	2.25e-05	2.47e-07
 2.69526e+22	8.78e-21	7.23e-15	2.78e-10	1.31e-08	3.34e-07	2.83e-06	1.09e-05	5.62e-05	6.80e-03	8.69e-02	2.88e-01	3.25e-01	2.30e-01	5.45e-02	7.48e-03	1.42e-03	6.22e-04	1.92e-05	2.04e-07
 2.71451e+22	1.27e-20	1.01e-14	3.77e-10	1.72e-08	4.29e-07	3.53e-06	1.32e-05	6.56e-05	7.59e-03	9.31e-02	2.97e-01	3.23e-01	2.20e-01	5.02e-02	6.65e-03	1.23e-03	5.24e-04	1.55e-05	1.57e-07
 2.73393e+22	1.69e-20	1.31e-14	4.76e-10	2.13e-08	5.19e-07	4.18e-06	1.52e-05	7.38e-05	8.25e-03	9.81e-02	3.04e-01	3.22e-01	2.13e-01	4.71e-02	6.07e-03	1.10e-03	4.58e-04	1.31e-05	1.29e-07
 2.75359e+22	2.46e-20	1.85e-14	6.45e-10	2.80e-08	6.67e-07	5.22e-06	1.83e-05	8.63e-05	9.21e-03	1.05e-01	3.13e-01	3.20e-01	2.03e-01	4.31e-02	5.36e-03	9.52e-04	3.83e-04	1.04e-05	0.00e+00
 2.77351e+22	3.29e-20	2.40e-14	8.16e-10	3.47e-08	8.10e-07	6.21e-06	2.12e-05	9.74e-05	1.00e-02	1.11e-01	3.19e-01	3.18e-01	1.96e-01	4.02e-02	4.87e-03	8.48e-04	3.32e-04	8.73e-06	0.00e+00
 2.79379e+22	4.81e-20	3.39e-14	1.11e-09	4.59e-08	1.05e-06	7.81e-06	2.58e-05	1.15e-04	1.12e-02	1.19e-01	3.28e-01	3.14e-01	1.86e-01	3.65e-02	4.25e-03	7.24e-04	2.74e-04	6.85e-06	0.00e+00
 2.81433e+22	6.45e-20	4.42e-14	1.40e-09	5.69e-08	1.28e-06	9.32e-06	3.00e-05	1.30e-04	1.23e-02	1.25e-01	3.34e-01	3.11e-01	1.78e-01	3.38e-02	3.83e-03	6.41e-04	2.36e-04	5.68e-06	0.00e+00
 2.83522e+22	9.45e-20	6.24e-14	1.90e-09	7.52e-08	1.65e-06	1.18e-05	3.66e-05	1.53e-04	1.38e-02	1.34e-01	3.43e-01	3.07e-01	1.68e-01	3.05e-02	3.32e-03	5.42e-04	1.92e-04	4.40e-06	0.00e+00
 2.85655e+22	1.28e-19	8.20e-14	2.42e-09	9.39e-08	2.03e-06	1.42e-05	4.29e-05	1.75e-04	1.51e-02	1.41e-01	3.49e-01	3.03e-01	1.60e-01	2.79e-02	2.95e-03	4.73e-04	1.63e-04	3.58e-06	0.00e+00
 2.87845e+22	1.89e-19	1.16e-13	3.30e-09	1.25e-07	2.66e-06	1.81e-05	5.27e-05	2.09e-04	1.70e-02	1.51e-01	3.57e-01	2.97e-01	1.50e-01	2.49e-02	2.52e-03	3.94e-04	1.30e-04	2.71e-06	0.00e+00
 2.90080e+22	2.57e-19	1.53e-13	4.20e-09	1.56e-07	3.29e-06	2.19e-05	6.22e-05	2.40e-04	1.88e-02	1.60e-01	3.62e-01	2.92e-01	1.42e-01	2.26e-02	2.22e-03	3.40e-04	1.09e-04	2.16e-06	0.00e+00
 2.92305e+22	3.73e-19	2.14e-13	5.62e-09	2.05e-07	4.26e-06	2.78e-05	7.63e-05	2.86e-04	2.12e-02	1.71e-01	3.69e-01	2.85e-01	1.32e-01	2.00e-02	1.88e-03	2.82e-04	8.64e-05	1.63e-06	0.00e+00
 2.94430e+22	4.87e-19	2.71e-13	6.90e-09	2.50e-07	5.13e-06	3.30e-05	8.84e-05	3.25e-04	2.30e-02	1.79e-01	3.73e-01	2.79e-01	1.25e-01	1.82e-02	1.67e-03	2.45e-04	7.30e-05	1.32e-06	0.00e+00
 2.96491e+22	6.84e-19	3.66e-13	8.95e-09	3.20e-07	6.52e-06	4.13e-05	1.07e-04	3.84e-04	2.58e-02	1.91e-01	3.78e-01	2.71e-01	1.15e-01	1.61e-02	1.42e-03	2.04e-04	5.82e-05	9.99e-07	0.00e+00
 2.98580e+22	8.89e-19	4.62e-13	1.09e-08	3.88e-07	7.87e-06	4.91e-05	1.25e-04	4.38e-04	2.82e-02	2.00e-01	3.81e-01	2.65e-01	1.09e-01	1.46e-02	1.24e-03	1.76e-04	4.86e-05	8.00e-07	0.00e+00
 3.00622e+22	1.21e-18	6.06e-13	1.38e-08	4.87e-07	9.85e-06	6.06e-05	1.49e-04	5.14e-04	3.14e-02	2.12e-01	3.85e-01	2.57e-01	1.00e-01	1.29e-02	1.05e-03	1.46e-04	3.88e-05	6.07e-07	0.00e+00
 3.02707e+22	1.57e-18	7.62e-13	1.68e-08	5.90e-07	1.19e-05	7.24e-05	1.75e-04	5.90e-04	3.44e-02	2.22e-01	3.87e-01	2.49e-01	9.35e-02	1.15e-02	9.14e-04	1.24e-04	3.19e-05	4.77e-07	0.00e+00
 3.04736e+22	2.08e-18	9.71e-13	2.06e-08	7.25e-07	1.46e-05	8.81e-05	2.07e-04	6.87e-04	3.81e-02	2.34e-01	3.89e-01	2.41e-01	8.62e-02	1.02e-02	7.77e-04	1.03e-04	2.56e-05	3.64e-07	0.00e+00
 3.06808e+22	2.69e-18	1.21e-12	2.48e-08	8.78e-07	1.77e-05	1.06e-04	2.43e-04	7.92e-04	4.18e-02	2.45e-01	3.90e-01	2.32e-01	7.97e-02	9.00e-03	6.65e-04	8.70e-05	2.08e-05	2.82e-07	0.00e+00
 3.08858e+22	3.47e-18	1.51e-12	2.99e-08	1.06e-06	2.15e-05	1.27e-04	2.85e-04	9.18e-04	4.61e-02	2.57e-01	3.90e-01	2.23e-01	7.32e-02	7.92e-03	5.65e-04	7.24e-05	1.67e-05	2.15e-07	0.00e+00
 3.10920e+22	4.44e-18	1.87e-12	3.55e-08	1.27e-06	2.59e-05	1.52e-04	3.33e-04	1.06e-03	5.06e-02	2.69e-01	3.90e-01	2.15e-01	6.72e-02	6.97e-03	4.80e-04	6.04e-05	1.34e-05	1.65e-07	0.00e+00
 3.12957e+22	5.62e-18	2.28e-12	4.20e-08	1.52e-06	3.11e-05	1.81e-04	3.89e-04	1.22e-03	5.55e-02	2.81e-01	3.88e-01	2.06e-01	6.15e-02	6.12e-03	4.07e-04	5.03e-05	1.08e-05	1.26e-07	0.00e+00
 3.14991e+22	7.06e-18	2.77e-12	4.92e-08	1.80e-06	3.72e-05	2.15e-04	4.52e-04	1.40e-03	6.07e-02	2.93e-01	3.86e-01	1.96e-01	5.62e-02	5.36e-03	3.45e-04	4.18e-05	8.63e-06	0.00e+00	0.00e+00
 3.17029e+22	8.84e-18	3.35e-12	5.73e-08	2.13e-06	4.43e-05	2.55e-04	5.24e-04	1.61e-03	6.64e-02	3.05e-01	3.83e-01	1.87e-01	5.12e-02	4.69e-03	2.92e-04	3.46e-05	6.90e-06	0.00e+00	0.00e+00
 3.19074e+22	1.10e-17	4.03e-12	6.65e-08	2.52e-06	5.26e-05	3.01e-04	6.06e-04	1.85e-03	7.24e-02	3.16e-01	3.79e-01	1.78e-01	4.66e-02	4.09e-03	2.46e-04	2.87e-05	5.51e-06	0.00e+00	0.00e+00
 3.21132e+22	1.36e-17	4.82e-12	7.68e-08	2.96e-06	6.24e-05	3.55e-04	6.99e-04	2.12e-03	7.90e-02	3.28e-01	3.75e-01	1.69e-01	4.22e-02	3.56e-03	2.07e-04	2.36e-05	4.39e-06	0.00e+00	0.00e+00
 3.23208e+22	1.69e-17	5.75e-12	8.84e-08	3.47e-06	7.37e-05	4.18e-04	8.05e-04	2.43e-03	8.59e-02	3.40e-01	3.69e-01	1.60e-01	3.81e-02	3.09e-03	1.74e-04	1.95e-05	3.48e-06	0.00e+00	0.00e+00
 3.25309e+22	2.09e-17	6.86e-12	1.02e-07	4.07e-06	8.71e-05	4.91e-04	9.25e-04	2.78e-03	9.34e-02	3.51e-01	3.63e-01	1.51e-01	3.44e-02	2.67e-03	1.45e-04	1.60e-05	2.76e-06	0.00e+00	0.00e+00
 3.27420e+22	2.57e-17	8.15e-12	1.17e-07	4.75e-06	1.02e-04	5.75e-04	1.06e-03	3.17e-03	1.01e-01	3.62e-01	3.57e-01	1.42e-01	3.09e-02	2.31e-03	1.22e-04	1.31e-05	2.18e-06	0.00e+00	0.00e+00
 3.29566e+22	3.18e-17	9.71e-12	1.34e-07	5.56e-06	1.21e-04	6.74e-04	1.21e-03	3.62e-03	1.10e-01	3.72e-01	3.49e-01	1.33e-01	2.77e-02	1.99e-03	1.01e-04	1.06e-05	1.71e-06	0.00e+00	0.00e+00
 3.31736e+22	3.91e-17	1.15e-11	1.53e-07	6.49e-06	1.42e-04	7.85e-04	1.38e-03	4.12e-03	1.19e-01	3.82e-01	3.41e-01	1.25e-01	2.48e-02	1.71e-03	8.42e-05	8.69e-06	1.35e-06	0.00e+00	0.00e+00
 3.33949e+22	4.86e-17	1.38e-11	1.77e-07	7.63e-06	1.67e-04	9.20e-04	1.58e-03	4.70e-03	1.28e-01	3.92e-01	3.32e-01	1.17e-01	2.20e-02	1.46e-03	6.94e-05	7.01e-06	1.05e-06	0.00e+00	0.00e+00
 3.36007e+22	5.82e-17	1.60e-11	1.98e-07	8.69e-06	1.91e-04	1.04e-03	1.75e-03	5.22e-03	1.36e-01	3.99e-01	3.25e-01	1.10e-01	2.00e-02	1.28e-03	5.94e-05	5.90e-06	8.59e-07	0.00e+00	0.00e+00
 3.38126e+22	7.31e-17	1.93e-11	2.30e-07	1.03e-05	2.26e-04	1.22e-03	2.00e-03	5.97e-03	1.47e-01	4.08e-01	3.15e-01	1.02e-01	1.76e-02	1.08e-03	4.85e-05	4.70e-06	6.60e-07	0.00e+00	0.00e+00
 3.40278e+22	8.81e-17	2.26e-11	2.60e-07	1.17e-05	2.58e-04	1.39e-03	2.22e-03	6.61e-03	1.56e-01	4.14e-01	3.06e-01	9.57e-02	1.59e-02	9.50e-04	4.13e-05	3.93e-06	5.36e-07	0.00e+00	0.00e+00
 3.42480e+22	1.12e-16	2.75e-11	3.04e-07	1.39e-05	3.06e-04	1.63e-03	2.53e-03	7.56e-03	1.69e-01	4.22e-01	2.95e-01	8.80e-02	1.39e-02	7.96e-04	3.34e-05	3.10e-06	4.07e-07	0.00e+00	0.00e+00
 3.44694e+22	1.36e-16	3.23e-11	3.47e-07	1.60e-05	3.49e-04	1.84e-03	2.79e-03	8.33e-03	1.78e-01	4.27e-01	2.86e-01	8.25e-02	1.26e-02	6.97e-04	2.85e-05	2.60e-06	3.32e-07	0.00e+00	0.00e+00
 3.46924e+22	1.74e-16	3.98e-11	4.09e-07	1.91e-05	4.12e-04	2.14e-03	3.16e-03	9.45e-03	1.91e-01	4.32e-01	2.75e-01	7.56e-02	1.10e-02	5.84e-04	2.30e-05	2.05e-06	2.52e-07	0.00e+00	0.00e+00
 3.49166e+22	2.13e-16	4.70e-11	4.68e-07	2.19e-05	4.70e-04	2.41e-03	3.48e-03	1.04e-02	2.01e-01	4.36e-01	2.66e-01	7.07e-02	9.87e-03	5.10e-04	1.96e-05	1.71e-06	2.05e-07	0.00e+00	0.00e+00
 3.51425e+22	2.75e-16	5.84e-11	5.57e-07	2.62e-05	5.55e-04	2.81e-03	3.92e-03	1.17e-02	2.14e-01	4.39e-01	2.54e-01	6.45e-02	8.58e-03	4.26e-04	1.58e-05	1.35e-06	1.56e-07	0.00e+00	0.00e+00
 3.53703e+22	3.39e-16	6.96e-11	6.43e-07	3.02e-05	6.33e-04	3.16e-03	4.29e-03	1.28e-02	2.24e-01	4.42e-01	2.45e-01	6.01e-02	7.70e-03	3.71e-04	1.34e-05	1.13e-06	1.26e-07	0.00e+00	0.00e+00
 3.56005e+22	4.45e-16	8.75e-11	7.74e-07	3.64e-05	7.48e-04	3.66e-03	4.82e-03	1.44e-02	2.38e-01	4.43e-01	2.33e-01	5.47e-02	6.68e-03	3.10e-04	1.08e-05	8.85e-07	0.00e+00	0.00e+00	0.00e+00
 3.58336e+22	5.54e-16	1.05e-10	9.03e-07	4.22e-05	8.54e-04	4.11e-03	5.26e-03	1.58e-02	2.49e-01	4.44e-01	2.24e-01	5.07e-02	5.97e-03	2.69e-04	9.14e-06	7.34e-07	0.00e+00	0.00e+00	0.00e+00
 3.60704e+22	7.38e-16	1.34e-10	1.10e-06	5.11e-05	1.01e-03	4.77e-03	5.89e-03	1.77e-02	2.64e-01	4.44e-01	2.12e-01	4.59e-02	5.14e-03	2.23e-04	7.33e-06	5.75e-07	0.00e+00	0.00e+00	0.00e+00
 3.63111e+22	9.33e-16	1.64e-10	1.30e-06	5.97e-05	1.16e-03	5.36e-03	6.43e-03	1.93e-02	2.75e-01	4.43e-01	2.03e-01	4.24e-02	4.57e-03	1.93e-04	6.16e-06	4.74e-07	0.00e+00	0.00e+00	0.00e+00
 3.65569e+22	1.27e-15	2.13e-10	1.61e-06	7.31e-05	1.38e-03	6.23e-03	7.19e-03	2.16e-02	2.90e-01	4.41e-01	1.91e-01	3.81e-02	3.92e-03	1.59e-04	4.90e-06	3.68e-07	0.00e+00	0.00e+00	0.00e+00
 3.68078e+22	1.63e-15	2.64e-10	1.93e-06	8.62e-05	1.59e-03	7.01e-03	7.84e-03	2.35e-02	3.01e-01	4.38e-01	1.82e-01	3.50e-02	3.46e-03	1.37e-04	4.09e-06	3.01e-07	0.00e+00	0.00e+00	0.00e+00
 3.70653e+22	2.26e-15	3.50e-10	2.44e-06	1.07e-04	1.90e-03	8.16e-03	8.76e-03	2.62e-02	3.17e-01	4.34e-01	1.70e-01	3.13e-02	2.94e-03	1.12e-04	3.22e-06	2.32e-07	0.00e+00	0.00e+00	0.00e+00
 3.73293e+22	2.96e-15	4.42e-10	2.97e-06	1.27e-04	2.20e-03	9.22e-03	9.56e-03	2.85e-02	3.28e-01	4.29e-01	1.61e-01	2.85e-02	2.58e-03	9.51e-05	2.67e-06	1.88e-07	0.00e+00	0.00e+00	0.00e+00
 3.76017e+22	4.22e-15	5.99e-10	3.83e-06	1.60e-04	2.66e-03	1.08e-02	1.07e-02	3.18e-02	3.44e-01	4.23e-01	1.50e-01	2.52e-02	2.16e-03	7.68e-05	2.07e-06	1.42e-07	0.00e+00	0.00e+00	0.00e+00
 3.78580e+22	5.36e-15	7.37e-10	4.56e-06	1.86e-04	3.01e-03	1.19e-02	1.15e-02	3.41e-02	3.54e-01	4.18e-01	1.43e-01	2.33e-02	1.93e-03	6.69e-05	1.76e-06	1.19e-07	0.00e+00	0.00e+00	0.00e+00
 3.80935e+22	7.31e-15	9.63e-10	5.71e-06	2.26e-04	3.54e-03	1.36e-02	1.26e-02	3.72e-02	3.66e-01	4.11e-01	1.34e-01	2.09e-02	1.66e-03	5.58e-05	1.42e-06	0.00e+00	0.00e+00	0.00e+00	0.00e+00
 3.83269e+22	9.25e-15	1.18e-09	6.78e-06	2.63e-04	4.00e-03	1.50e-02	1.35e-02	3.96e-02	3.75e-01	4.05e-01	1.27e-01	1.93e-02	1.48e-03	4.87e-05	1.21e-06	0.00e+00	0.00e+00	0.00e+00	0.00e+00
 3.85577e+22	1.26e-14	1.54e-09	8.48e-06	3.19e-04	4.67e-03	1.70e-02	1.47e-02	4.31e-02	3.87e-01	3.96e-01	1.19e-01	1.73e-02	1.28e-03	4.06e-05	9.78e-07	0.00e+00	0.00e+00	0.00e+00	0.00e+00
 3.87899e+22	1.60e-14	1.90e-09	1.01e-05	3.71e-04	5.27e-03	1.87e-02	1.57e-02	4.57e-02	3.95e-01	3.90e-01	1.12e-01	1.59e-02	1.14e-03	3.54e-05	8.34e-07	0.00e+00	0.00e+00	0.00e+00	0.00e+00
 3.90240e+22	2.19e-14	2.49e-09	1.27e-05	4.51e-04	6.16e-03	2.11e-02	1.71e-02	4.94e-02	4.05e-01	3.80e-01	1.05e-01	1.42e-02	9.76e-04	2.95e-05	6.72e-07	0.00e+00	0.00e+00	0.00e+00	0.00e+00
 3.92622e+22	2.81e-14	3.10e-09	1.53e-05	5.28e-04	6.98e-03	2.33e-02	1.82e-02	5.24e-02	4.13e-01	3.73e-01	9.89e-02	1.30e-02	8.65e-04	2.56e-05	5.69e-07	0.00e+00	0.00e+00	0.00e+00	0.00e+00
 3.95059e+22	3.90e-14	4.12e-09	1.95e-05	6.46e-04	8.19e-03	2.64e-02	1.98e-02	5.65e-02	4.23e-01	3.62e-01	9.15e-02	1.16e-02	7.36e-04	2.11e-05	4.54e-07	0.00e+00	0.00e+00	0.00e+00	0.00e+00
 3.97531e+22	5.06e-14	5.15e-09	2.36e-05	7.58e-04	9.29e-03	2.91e-02	2.11e-02	5.98e-02	4.29e-01	3.53e-01	8.61e-02	1.06e-02	6.50e-04	1.82e-05	3.82e-07	0.00e+00	0.00e+00	0.00e+00	0.00e+00
 4.00046e+22	7.09e-14	6.91e-09	3.02e-05	9.33e-04	1.09e-02	3.29e-02	2.29e-02	6.43e-02	4.37e-01	3.41e-01	7.91e-02	9.31e-03	5.48e-04	1.49e-05	3.03e-07	0.00e+00	0.00e+00	0.00e+00	0.00e+00
 4.02609e+22	9.28e-14	8.73e-09	3.68e-05	1.10e-03	1.24e-02	3.63e-02	2.45e-02	6.79e-02	4.43e-01	3.32e-01	7.41e-02	8.44e-03	4.81e-04	1.28e-05	2.53e-07	0.00e+00	0.00e+00	0.00e+00	0.00e+00
 4.05234e+22	1.32e-13	1.18e-08	4.77e-05	1.36e-03	1.47e-02	4.11e-02	2.65e-02	7.28e-02	4.49e-01	3.19e-01	6.76e-02	7.38e-03	4.02e-04	1.04e-05	1.98e-07	0.00e+00	0.00e+00	0.00e+00	0.00e+00
 4.07917e+22	1.75e-13	1.51e-08	5.86e-05	1.61e-03	1.67e-02	4.53e-02	2.83e-02	7.67e-02	4.53e-01	3.08e-01	6.28e-02	6.63e-03	3.49e-04	8.83e-06	1.64e-07	0.00e+00	0.00e+00	0.00e+00	0.00e+00
 4.10677e+22	2.52e-13	2.08e-08	7.68e-05	2.01e-03	1.98e-02	5.14e-02	3.06e-02	8.20e-02	4.58e-01	2.94e-01	5.68e-02	5.73e-03	2.89e-04	7.08e-06	1.27e-07	0.00e+00	0.00e+00	0.00e+00	0.00e+00
 4.13496e+22	3.38e-13	2.68e-08	9.51e-05	2.40e-03	2.27e-02	5.68e-02	3.25e-02	8.62e-02	4.60e-01	2.82e-01	5.23e-02	5.10e-03	2.48e-04	5.94e-06	0.00e+00	0.00e+00	0.00e+00	0.00e+00	0.00e+00
 4.16394e+22	4.93e-13	3.72e-08	1.26e-04	3.01e-03	2.69e-02	6.43e-02	3.52e-02	9.17e-02	4.61e-01	2.67e-01	4.69e-02	4.37e-03	2.03e-04	4.71e-06	0.00e+00	0.00e+00	0.00e+00	0.00e+00	0.00e+00
 4.19327e+22	6.62e-13	4.80e-08	1.56e-04	3.58e-03	3.07e-02	7.07e-02	3.73e-02	9.57e-02	4.60e-01	2.55e-01	4.30e-02	3.87e-03	1.73e-04	3.93e-06	0.00e+00	0.00e+00	0.00e+00	0.00e+00	0.00e+00
 4.22305e+22	9.74e-13	6.70e-08	2.06e-04	4.48e-03	3.64e-02	7.98e-02	4.00e-02	1.01e-01	4.58e-01	2.39e-01	3.81e-02	3.27e-03	1.40e-04	3.08e-06	0.00e+00	0.00e+00	0.00e+00	0.00e+00	0.00e+00
 4.25314e+22	1.31e-12	8.63e-08	2.55e-04	5.32e-03	4.13e-02	8.73e-02	4.22e-02	1.05e-01	4.54e-01	2.26e-01	3.47e-02	2.87e-03	1.19e-04	2.55e-06	0.00e+00	0.00e+00	0.00e+00	0.00e+00	0.00e+00
 4.28364e+22	1.93e-12	1.21e-07	3.38e-04	6.65e-03	4.88e-02	9.79e-02	4.51e-02	1.10e-01	4.48e-01	2.10e-01	3.04e-02	2.41e-03	9.46e-05	1.98e-06	0.00e+00	0.00e+00	0.00e+00	0.00e+00	0.00e+00
 4.31336e+22	2.53e-12	1.53e-07	4.11e-04	7.77e-03	5.47e-02	1.06e-01	4.71e-02	1.14e-01	4.42e-01	1.98e-01	2.76e-02	2.12e-03	8.06e-05	1.65e-06	0.00e+00	0.00e+00	0.00e+00	0.00e+00	0.00e+00
 4.34206e+22	3.58e-12	2.06e-07	5.27e-04	9.47e-03	6.32e-02	1.17e-01	4.97e-02	1.17e-01	4.33e-01	1.84e-01	2.43e-02	1.79e-03	6.52e-05	1.30e-06	0.00e+00	0.00e+00	0.00e+00	0.00e+00	0.00e+00
 4.37231e+22	4.88e-12	2.68e-07	6.58e-04	1.13e-02	7.16e-02	1.27e-01	5.18e-02	1.21e-01	4.23e-01	1.71e-01	2.16e-02	1.53e-03	5.37e-05	1.05e-06	0.00e+00	0.00e+00	0.00e+00	0.00e+00	0.00e+00
 4.39773e+22	6.25e-12	3.32e-07	7.84e-04	1.29e-02	7.90e-02	1.35e-01	5.36e-02	1.23e-01	4.14e-01	1.61e-01	1.96e-02	1.34e-03	4.58e-05	8.75e-07	0.00e+00	0.00e+00	0.00e+00	0.00e+00	0.00e+00
 4.42390e+22	8.42e-12	4.27e-07	9.68e-04	1.52e-02	8.87e-02	1.46e-01	5.55e-02	1.25e-01	4.02e-01	1.49e-01	1.73e-02	1.15e-03	3.77e-05	7.03e-07	0.00e+00	0.00e+00	0.00e+00	0.00e+00	0.00e+00
 4.45134e+22	1.09e-11	5.34e-07	1.16e-03	1.75e-02	9.80e-02	1.55e-01	5.71e-02	1.27e-01	3.90e-01	1.38e-01	1.55e-02	9.92e-04	3.16e-05	5.77e-07	0.00e+00	0.00e+00	0.00e+00	0.00e+00	0.00e+00
 4.47657e+22	1.41e-11	6.63e-07	1.39e-03	2.01e-02	1.08e-01	1.64e-01	5.85e-02	1.28e-01	3.77e-01	1.28e-01	1.38e-02	8.58e-04	2.65e-05	4.74e-07	0.00e+00	0.00e+00	0.00e+00	0.00e+00	0.00e+00
 4.50547e+22	1.93e-11	8.67e-07	1.73e-03	2.37e-02	1.21e-01	1.76e-01	6.01e-02	1.29e-01	3.60e-01	1.16e-01	1.19e-02	7.11e-04	2.11e-05	3.69e-07	0.00e+00	0.00e+00	0.00e+00	0.00e+00	0.00e+00
 4.53511e+22	2.54e-11	1.09e-06	2.09e-03	2.73e-02	1.33e-01	1.86e-01	6.13e-02	1.29e-01	3.44e-01	1.06e-01	1.04e-02	6.00e-04	1.72e-05	2.94e-07	0.00e+00	0.00e+00	0.00e+00	0.00e+00	0.00e+00
 4.56126e+22	3.26e-11	1.35e-06	2.48e-03	3.10e-02	1.45e-01	1.95e-01	6.22e-02	1.29e-01	3.29e-01	9.68e-02	9.19e-03	5.12e-04	1.42e-05	2.38e-07	0.00e+00	0.00e+00	0.00e+00	0.00e+00	0.00e+00
 4.59079e+22	4.43e-11	1.74e-06	3.05e-03	3.62e-02	1.60e-01	2.06e-01	6.30e-02	1.28e-01	3.10e-01	8.62e-02	7.80e-03	4.17e-04	1.11e-05	1.82e-07	0.00e+00	0.00e+00	0.00e+00	0.00e+00	0.00e+00
 4.62160e+22	5.82e-11	2.19e-06	3.66e-03	4.14e-02	1.75e-01	2.15e-01	6.34e-02	1.26e-01	2.91e-01	7.72e-02	6.69e-03	3.45e-04	8.89e-06	1.42e-07	0.00e+00	0.00e+00	0.00e+00	0.00e+00	0.00e+00
 4.64938e+22	7.47e-11	2.70e-06	4.33e-03	4.68e-02	1.89e-01	2.23e-01	6.35e-02	1.24e-01	2.74e-01	6.94e-02	5.77e-03	2.88e-04	7.19e-06	0.00e+00	0.00e+00	0.00e+00	0.00e+00	0.00e+00	0.00e+00
 4.68080e+22	1.02e-10	3.49e-06	5.31e-03	5.41e-02	2.06e-01	2.32e-01	6.33e-02	1.21e-01	2.53e-01	6.04e-02	4.77e-03	2.29e-04	5.47e-06	0.00e+00	0.00e+00	0.00e+00	0.00e+00	0.00e+00	0.00e+00
 4.71321e+22	1.33e-10	4.35e-06	6.32e-03	6.12e-02	2.22e-01	2.38e-01	6.29e-02	1.18e-01	2.34e-01	5.31e-02	4.01e-03	1.85e-04	4.28e-06	0.00e+00	0.00e+00	0.00e+00	0.00e+00	0.00e+00	0.00e+00
 4.74206e+22	1.70e-10	5.32e-06	7.40e-03	6.84e-02	2.37e-01	2.44e-01	6.21e-02	1.14e-01	2.17e-01	4.69e-02	3.40e-03	1.52e-04	3.39e-06	0.00e+00	0.00e+00	0.00e+00	0.00e+00	0.00e+00	0.00e+00
 4.77475e+22	2.29e-10	6.82e-06	8.98e-03	7.81e-02	2.55e-01	2.49e-01	6.09e-02	1.09e-01	1.95e-01	3.99e-02	2.74e-03	1.18e-04	2.52e-06	0.00e+00	0.00e+00	0.00e+00	0.00e+00	0.00e+00	0.00e+00
 4.80865e+22	2.99e-10	8.47e-06	1.06e-02	8.75e-02	2.71e-01	2.53e-01	5.95e-02	1.05e-01	1.77e-01	3.43e-02	2.25e-03	9.28e-05	1.91e-06	0.00e+00	0.00e+00	0.00e+00	0.00e+00	0.00e+00	0.00e+00
 4.83905e+22	3.80e-10	1.03e-05	1.23e-02	9.66e-02	2.85e-01	2.55e-01	5.80e-02	9.99e-02	1.61e-01	2.97e-02	1.87e-03	7.45e-05	1.48e-06	0.00e+00	0.00e+00	0.00e+00	0.00e+00	0.00e+00	0.00e+00
 4.87353e+22	5.15e-10	1.31e-05	1.48e-02	1.09e-01	3.02e-01	2.56e-01	5.57e-02	9.36e-02	1.42e-01	2.45e-02	1.46e-03	5.57e-05	1.06e-06	0.00e+00	0.00e+00	0.00e+00	0.00e+00	0.00e+00	0.00e+00
 4.90910e+22	6.62e-10	1.61e-05	1.73e-02	1.20e-01	3.16e-01	2.56e-01	5.36e-02	8.81e-02	1.27e-01	2.07e-02	1.18e-03	4.33e-05	7.95e-07	0.00e+00	0.00e+00	0.00e+00	0.00e+00	0.00e+00	0.00e+00
 4.94121e+22	8.43e-10	1.95e-05	2.00e-02	1.32e-01	3.29e-01	2.54e-01	5.15e-02	8.26e-02	1.13e-01	1.75e-02	9.53e-04	3.38e-05	5.98e-07	0.00e+00	0.00e+00	0.00e+00	0.00e+00	0.00e+00	0.00e+00
 4.97808e+22	1.14e-09	2.49e-05	2.39e-02	1.47e-01	3.43e-01	2.50e-01	4.85e-02	7.56e-02	9.69e-02	1.40e-02	7.20e-04	2.44e-05	4.12e-07	0.00e+00	0.00e+00	0.00e+00	0.00e+00	0.00e+00	0.00e+00
 5.01534e+22	1.46e-09	3.02e-05	2.76e-02	1.60e-01	3.53e-01	2.46e-01	4.59e-02	7.00e-02	8.49e-02	1.16e-02	5.69e-04	1.85e-05	3.02e-07	0.00e+00	0.00e+00	0.00e+00	0.00e+00	0.00e+00	0.00e+00
 5.05311e+22	1.96e-09	3.81e-05	3.26e-02	1.77e-01	3.64e-01	2.39e-01	4.28e-02	6.33e-02	7.19e-02	9.19e-03	4.24e-04	1.32e-05	2.05e-07	0.00e+00	0.00e+00	0.00e+00	0.00e+00	0.00e+00	0.00e+00
 5.09131e+22	2.49e-09	4.59e-05	3.73e-02	1.91e-01	3.71e-01	2.32e-01	4.02e-02	5.80e-02	6.23e-02	7.52e-03	3.31e-04	9.93e-06	1.49e-07	0.00e+00	0.00e+00	0.00e+00	0.00e+00	0.00e+00	0.00e+00
 5.13008e+22	3.34e-09	5.77e-05	4.39e-02	2.08e-01	3.78e-01	2.23e-01	3.69e-02	5.16e-02	5.18e-02	5.82e-03	2.42e-04	6.91e-06	0.00e+00	0.00e+00	0.00e+00	0.00e+00	0.00e+00	0.00e+00	0.00e+00
 5.16921e+22	4.21e-09	6.90e-05	4.97e-02	2.23e-01	3.82e-01	2.15e-01	3.44e-02	4.69e-02	4.45e-02	4.72e-03	1.87e-04	5.15e-06	0.00e+00	0.00e+00	0.00e+00	0.00e+00	0.00e+00	0.00e+00	0.00e+00
 5.20880e+22	5.63e-09	8.62e-05	5.81e-02	2.41e-01	3.85e-01	2.04e-01	3.12e-02	4.12e-02	3.65e-02	3.59e-03	1.34e-04	3.52e-06	0.00e+00	0.00e+00	0.00e+00	0.00e+00	0.00e+00	0.00e+00	0.00e+00
 5.24880e+22	7.04e-09	1.02e-04	6.53e-02	2.55e-01	3.85e-01	1.94e-01	2.88e-02	3.71e-02	3.11e-02	2.88e-03	1.03e-04	2.60e-06	0.00e+00	0.00e+00	0.00e+00	0.00e+00	0.00e+00	0.00e+00	0.00e+00
 5.28934e+22	9.37e-09	1.27e-04	7.56e-02	2.73e-01	3.83e-01	1.82e-01	2.59e-02	3.22e-02	2.51e-02	2.16e-03	7.25e-05	1.75e-06	0.00e+00	0.00e+00	0.00e+00	0.00e+00	0.00e+00	0.00e+00	0.00e+00
 5.33041e+22	1.17e-08	1.50e-04	8.46e-02	2.88e-01	3.80e-01	1.72e-01	2.37e-02	2.87e-02	2.12e-02	1.71e-03	5.48e-05	1.27e-06	0.00e+00	0.00e+00	0.00e+00	0.00e+00	0.00e+00	0.00e+00	0.00e+00
 5.37217e+22	1.55e-08	1.86e-04	9.72e-02	3.05e-01	3.74e-01	1.60e-01	2.11e-02	2.46e-02	1.69e-02	1.26e-03	3.81e-05	8.41e-07	0.00e+00	0.00e+00	0.00e+00	0.00e+00	0.00e+00	0.00e+00	0.00e+00
 5.41311e+22	1.90e-08	2.16e-04	1.07e-01	3.18e-01	3.68e-01	1.51e-01	1.93e-02	2.19e-02	1.42e-02	1.01e-03	2.90e-05	6.18e-07	0.00e+00	0.00e+00	0.00e+00	0.00e+00	0.00e+00	0.00e+00	0.00e+00
 5.45296e+22	2.47e-08	2.62e-04	1.21e-01	3.33e-01	3.59e-01	1.39e-01	1.71e-02	1.87e-02	1.14e-02	7.47e-04	2.04e-05	4.14e-07	0.00e+00	0.00e+00	0.00e+00	0.00e+00	0.00e+00	0.00e+00	0.00e+00
 5.49143e+22	2.96e-08	2.99e-04	1.32e-01	3.43e-01	3.51e-01	1.31e-01	1.57e-02	1.68e-02	9.72e-03	6.04e-04	1.58e-05	3.12e-07	0.00e+00	0.00e+00	0.00e+00	0.00e+00	0.00e+00	0.00e+00	0.00e+00
 5.52809e+22	3.71e-08	3.52e-04	1.46e-01	3.55e-01	3.41e-01	1.21e-01	1.40e-02	1.45e-02	7.91e-03	4.60e-04	1.15e-05	2.16e-07	0.00e+00	0.00e+00	0.00e+00	0.00e+00	0.00e+00	0.00e+00	0.00e+00
 5.56498e+22	4.43e-08	4.01e-04	1.58e-01	3.64e-01	3.32e-01	1.13e-01	1.28e-02	1.29e-02	6.70e-03	3.69e-04	8.85e-06	1.61e-07	0.00e+00	0.00e+00	0.00e+00	0.00e+00	0.00e+00	0.00e+00	0.00e+00
 5.60218e+22	5.54e-08	4.71e-04	1.75e-01	3.74e-01	3.19e-01	1.04e-01	1.13e-02	1.11e-02	5.42e-03	2.78e-04	6.36e-06	0.00e+00	0.00e+00	0.00e+00	0.00e+00	0.00e+00	0.00e+00	0.00e+00	0.00e+00
 5.64009e+22	6.64e-08	5.36e-04	1.89e-01	3.81e-01	3.09e-01	9.63e-02	1.02e-02	9.74e-03	4.53e-03	2.20e-04	4.83e-06	0.00e+00	0.00e+00	0.00e+00	0.00e+00	0.00e+00	0.00e+00	0.00e+00	0.00e+00
 5.67892e+22	8.31e-08	6.29e-04	2.07e-01	3.89e-01	2.95e-01	8.76e-02	9.02e-03	8.27e-03	3.62e-03	1.64e-04	3.42e-06	0.00e+00	0.00e+00	0.00e+00	0.00e+00	0.00e+00	0.00e+00	0.00e+00	0.00e+00
 5.71810e+22	9.94e-08	7.13e-04	2.23e-01	3.94e-01	2.83e-01	8.09e-02	8.11e-03	7.24e-03	3.01e-03	1.29e-04	2.58e-06	0.00e+00	0.00e+00	0.00e+00	0.00e+00	0.00e+00	0.00e+00	0.00e+00	0.00e+00
