#depth	S	S+	S+2	S+3	S+4	S+5	S+6	S+7	S+8	S+9	S+10	S+11	S+12	S+13	S+14	S+15	S+16
 1.54284e+22	3.84e-25	3.88e-13	2.00e-10	6.63e-09	9.29e-08	1.00e-06	3.98e-04	1.86e-02	1.67e-01	2.78e-01	3.10e-01	1.74e-01	3.82e-02	8.57e-03	5.31e-03	2.41e-04	3.62e-06
 3.50689e+22	4.92e-24	5.39e-12	2.09e-09	5.13e-08	5.26e-07	4.25e-06	1.14e-03	4.00e-02	2.58e-01	3.08e-01	2.54e-01	1.14e-01	1.89e-02	3.45e-03	1.63e-03	5.08e-05	5.26e-07
 4.13870e+22	1.40e-23	1.81e-11	6.27e-09	1.37e-07	1.23e-06	8.91e-06	1.96e-03	5.86e-02	3.10e-01	3.08e-01	2.18e-01	8.76e-02	1.25e-02	2.08e-03	8.55e-04	2.20e-05	1.88e-07
 4.45461e+22	2.22e-23	3.20e-11	1.06e-08	2.21e-07	1.89e-06	1.30e-05	2.59e-03	7.08e-02	3.37e-01	3.04e-01	1.99e-01	7.53e-02	1.00e-02	1.59e-03	6.08e-04	1.42e-05	0.00e+00
 4.60772e+22	2.71e-23	4.11e-11	1.34e-08	2.74e-07	2.29e-06	1.54e-05	2.93e-03	7.70e-02	3.48e-01	3.01e-01	1.90e-01	7.00e-02	9.00e-03	1.40e-03	5.18e-04	1.16e-05	0.00e+00
 4.70780e+22	3.33e-23	5.34e-11	1.71e-08	3.45e-07	2.81e-06	1.84e-05	3.34e-03	8.43e-02	3.61e-01	2.97e-01	1.80e-01	6.45e-02	8.01e-03	1.22e-03	4.36e-04	9.29e-06	0.00e+00
 4.81324e+22	4.08e-23	6.92e-11	2.18e-08	4.33e-07	3.44e-06	2.21e-05	3.82e-03	9.22e-02	3.73e-01	2.93e-01	1.70e-01	5.93e-02	7.09e-03	1.06e-03	3.64e-04	7.41e-06	0.00e+00
 4.92034e+22	4.94e-23	8.92e-11	2.77e-08	5.44e-07	4.24e-06	2.67e-05	4.38e-03	1.01e-01	3.85e-01	2.88e-01	1.60e-01	5.41e-02	6.25e-03	9.08e-04	3.03e-04	5.86e-06	0.00e+00
 5.02681e+22	5.93e-23	1.13e-10	3.48e-08	6.75e-07	5.15e-06	3.19e-05	4.97e-03	1.10e-01	3.96e-01	2.82e-01	1.51e-01	4.95e-02	5.52e-03	7.84e-04	2.53e-04	4.66e-06	0.00e+00
 5.13424e+22	7.12e-23	1.44e-10	4.38e-08	8.43e-07	6.30e-06	3.83e-05	5.68e-03	1.20e-01	4.07e-01	2.75e-01	1.41e-01	4.49e-02	4.83e-03	6.70e-04	2.09e-04	3.67e-06	0.00e+00
 5.24347e+22	8.49e-23	1.80e-10	5.46e-08	1.04e-06	7.66e-06	4.58e-05	6.45e-03	1.30e-01	4.17e-01	2.69e-01	1.32e-01	4.07e-02	4.22e-03	5.73e-04	1.72e-04	2.88e-06	0.00e+00
 5.35382e+22	1.01e-22	2.26e-10	6.81e-08	1.29e-06	9.33e-06	5.49e-05	7.35e-03	1.41e-01	4.27e-01	2.61e-01	1.23e-01	3.67e-02	3.67e-03	4.86e-04	1.41e-04	2.25e-06	0.00e+00
 5.46525e+22	1.20e-22	2.80e-10	8.42e-08	1.59e-06	1.13e-05	6.54e-05	8.32e-03	1.53e-01	4.35e-01	2.53e-01	1.14e-01	3.30e-02	3.19e-03	4.13e-04	1.16e-04	1.76e-06	0.00e+00
 5.57864e+22	1.43e-22	3.47e-10	1.04e-07	1.97e-06	1.37e-05	7.83e-05	9.46e-03	1.65e-01	4.42e-01	2.44e-01	1.06e-01	2.95e-02	2.75e-03	3.47e-04	9.41e-05	1.36e-06	0.00e+00
 5.69379e+22	5.96e-22	4.25e-10	1.28e-07	2.41e-06	1.65e-05	9.32e-05	1.07e-02	1.78e-01	4.49e-01	2.36e-01	9.75e-02	2.63e-02	2.38e-03	2.92e-04	7.66e-05	1.05e-06	0.00e+00
 5.79936e+22	6.90e-22	5.02e-10	1.51e-07	2.85e-06	1.93e-05	1.08e-04	1.18e-02	1.89e-01	4.53e-01	2.28e-01	9.09e-02	2.39e-02	2.09e-03	2.52e-04	6.43e-05	8.47e-07	0.00e+00
 5.90941e+22	8.24e-22	6.13e-10	1.86e-07	3.51e-06	2.34e-05	1.29e-04	1.34e-02	2.04e-01	4.58e-01	2.18e-01	8.31e-02	2.11e-02	1.78e-03	2.08e-04	5.14e-05	6.42e-07	0.00e+00
 6.02118e+22	9.59e-22	7.19e-10	2.19e-07	4.13e-06	2.72e-05	1.49e-04	1.48e-02	2.16e-01	4.61e-01	2.11e-01	7.71e-02	1.90e-02	1.56e-03	1.79e-04	4.28e-05	5.14e-07	0.00e+00
 6.13646e+22	1.16e-21	8.75e-10	2.69e-07	5.08e-06	3.30e-05	1.79e-04	1.68e-02	2.32e-01	4.63e-01	2.00e-01	6.99e-02	1.66e-02	1.31e-03	1.46e-04	3.38e-05	3.84e-07	0.00e+00
 6.25270e+22	1.35e-21	1.02e-09	3.15e-07	5.96e-06	3.82e-05	2.05e-04	1.84e-02	2.44e-01	4.64e-01	1.92e-01	6.46e-02	1.49e-02	1.15e-03	1.25e-04	2.81e-05	3.06e-07	0.00e+00
 6.37019e+22	1.63e-21	1.22e-09	3.84e-07	7.30e-06	4.61e-05	2.46e-04	2.08e-02	2.61e-01	4.64e-01	1.82e-01	5.82e-02	1.30e-02	9.60e-04	1.01e-04	2.20e-05	2.27e-07	0.00e+00
 6.48789e+22	1.90e-21	1.41e-09	4.46e-07	8.49e-06	5.30e-05	2.80e-04	2.28e-02	2.74e-01	4.63e-01	1.74e-01	5.37e-02	1.16e-02	8.39e-04	8.65e-05	1.83e-05	1.81e-07	0.00e+00
 6.60585e+22	2.30e-21	1.68e-09	5.38e-07	1.03e-05	6.34e-05	3.33e-04	2.55e-02	2.91e-01	4.60e-01	1.64e-01	4.82e-02	1.01e-02	7.01e-04	7.02e-05	1.44e-05	1.35e-07	0.00e+00
 6.72498e+22	2.69e-21	1.92e-09	6.23e-07	1.19e-05	7.26e-05	3.79e-04	2.78e-02	3.04e-01	4.57e-01	1.57e-01	4.43e-02	9.02e-03	6.09e-04	5.96e-05	1.19e-05	0.00e+00	0.00e+00
 6.84565e+22	3.26e-21	2.27e-09	7.48e-07	1.44e-05	8.64e-05	4.48e-04	3.10e-02	3.21e-01	4.53e-01	1.47e-01	3.96e-02	7.78e-03	5.07e-04	4.81e-05	9.30e-06	0.00e+00	0.00e+00
 6.96784e+22	3.82e-21	2.59e-09	8.63e-07	1.67e-05	9.88e-05	5.09e-04	3.38e-02	3.34e-01	4.48e-01	1.40e-01	3.63e-02	6.93e-03	4.39e-04	4.07e-05	7.66e-06	0.00e+00	0.00e+00
 7.09202e+22	4.66e-21	3.05e-09	1.03e-06	2.00e-05	1.17e-04	6.00e-04	3.76e-02	3.51e-01	4.41e-01	1.30e-01	3.23e-02	5.94e-03	3.63e-04	3.26e-05	5.95e-06	0.00e+00	0.00e+00
 7.21831e+22	5.49e-21	3.49e-09	1.19e-06	2.32e-05	1.34e-04	6.81e-04	4.07e-02	3.65e-01	4.35e-01	1.23e-01	2.94e-02	5.26e-03	3.13e-04	2.74e-05	4.87e-06	0.00e+00	0.00e+00
 7.34733e+22	6.73e-21	4.10e-09	1.43e-06	2.79e-05	1.58e-04	8.02e-04	4.52e-02	3.82e-01	4.27e-01	1.14e-01	2.60e-02	4.48e-03	2.57e-04	2.18e-05	3.75e-06	0.00e+00	0.00e+00
 7.47912e+22	8.00e-21	4.69e-09	1.66e-06	3.23e-05	1.81e-04	9.11e-04	4.90e-02	3.95e-01	4.19e-01	1.08e-01	2.35e-02	3.94e-03	2.19e-04	1.82e-05	3.04e-06	0.00e+00	0.00e+00
 7.61450e+22	9.91e-21	5.52e-09	1.99e-06	3.89e-05	2.14e-04	1.07e-03	5.43e-02	4.13e-01	4.08e-01	9.93e-02	2.06e-02	3.33e-03	1.78e-04	1.43e-05	2.31e-06	0.00e+00	0.00e+00
 7.75323e+22	1.19e-20	6.35e-09	2.31e-06	4.51e-05	2.44e-04	1.22e-03	5.88e-02	4.26e-01	3.99e-01	9.29e-02	1.86e-02	2.91e-03	1.51e-04	1.18e-05	1.86e-06	0.00e+00	0.00e+00
 7.86982e+22	1.40e-20	7.15e-09	2.63e-06	5.13e-05	2.74e-04	1.36e-03	6.30e-02	4.37e-01	3.91e-01	8.76e-02	1.69e-02	2.58e-03	1.31e-04	9.98e-06	1.54e-06	0.00e+00	0.00e+00
 7.99487e+22	1.71e-20	8.29e-09	3.10e-06	6.04e-05	3.17e-04	1.57e-03	6.87e-02	4.51e-01	3.80e-01	8.10e-02	1.49e-02	2.20e-03	1.08e-04	8.01e-06	1.19e-06	0.00e+00	0.00e+00
 8.12217e+22	2.02e-20	9.38e-09	3.54e-06	6.88e-05	3.56e-04	1.75e-03	7.34e-02	4.62e-01	3.71e-01	7.60e-02	1.36e-02	1.95e-03	9.29e-05	6.73e-06	9.80e-07	0.00e+00	0.00e+00
 8.23266e+22	2.36e-20	1.05e-08	4.00e-06	7.78e-05	3.96e-04	1.95e-03	7.82e-02	4.72e-01	3.62e-01	7.15e-02	1.23e-02	1.73e-03	8.03e-05	5.69e-06	8.10e-07	0.00e+00	0.00e+00
 8.35658e+22	2.87e-20	1.21e-08	4.69e-06	9.09e-05	4.55e-04	2.23e-03	8.47e-02	4.85e-01	3.49e-01	6.59e-02	1.09e-02	1.48e-03	6.65e-05	4.57e-06	6.32e-07	0.00e+00	0.00e+00
 8.48020e+22	3.41e-20	1.37e-08	5.32e-06	1.02e-04	5.04e-04	2.45e-03	8.97e-02	4.93e-01	3.41e-01	6.20e-02	9.93e-03	1.31e-03	5.77e-05	3.89e-06	5.26e-07	0.00e+00	0.00e+00
 8.60341e+22	4.15e-20	1.58e-08	6.20e-06	1.19e-04	5.75e-04	2.79e-03	9.67e-02	5.04e-01	3.28e-01	5.71e-02	8.77e-03	1.12e-03	4.78e-05	3.13e-06	4.11e-07	0.00e+00	0.00e+00
 8.72837e+22	4.96e-20	1.79e-08	7.05e-06	1.34e-04	6.37e-04	3.07e-03	1.02e-01	5.12e-01	3.19e-01	5.36e-02	7.96e-03	9.95e-04	4.13e-05	2.65e-06	3.40e-07	0.00e+00	0.00e+00
 8.85560e+22	6.14e-20	2.08e-08	8.27e-06	1.57e-04	7.26e-04	3.49e-03	1.10e-01	5.22e-01	3.07e-01	4.91e-02	7.00e-03	8.47e-04	3.40e-05	2.12e-06	2.65e-07	0.00e+00	0.00e+00
 8.98504e+22	7.47e-20	2.38e-08	9.47e-06	1.77e-04	8.05e-04	3.84e-03	1.16e-01	5.29e-01	2.97e-01	4.59e-02	6.34e-03	7.48e-04	2.93e-05	1.79e-06	2.18e-07	0.00e+00	0.00e+00
 9.11738e+22	9.29e-20	2.77e-08	1.11e-05	2.07e-04	9.19e-04	4.37e-03	1.25e-01	5.38e-01	2.84e-01	4.18e-02	5.53e-03	6.31e-04	2.39e-05	1.42e-06	1.67e-07	0.00e+00	0.00e+00
 9.25138e+22	1.14e-19	3.19e-08	1.28e-05	2.35e-04	1.02e-03	4.81e-03	1.32e-01	5.43e-01	2.74e-01	3.89e-02	4.99e-03	5.55e-04	2.05e-05	1.19e-06	1.37e-07	0.00e+00	0.00e+00
 9.38757e+22	1.45e-19	3.76e-08	1.51e-05	2.75e-04	1.16e-03	5.46e-03	1.41e-01	5.50e-01	2.61e-01	3.54e-02	4.34e-03	4.67e-04	1.66e-05	9.39e-07	0.00e+00	0.00e+00	0.00e+00
 9.52783e+22	1.81e-19	4.36e-08	1.75e-05	3.13e-04	1.29e-03	6.03e-03	1.49e-01	5.55e-01	2.51e-01	3.27e-02	3.88e-03	4.06e-04	1.41e-05	7.76e-07	0.00e+00	0.00e+00	0.00e+00
 9.67338e+22	2.37e-19	5.23e-08	2.10e-05	3.70e-04	1.48e-03	6.86e-03	1.60e-01	5.60e-01	2.38e-01	2.95e-02	3.34e-03	3.38e-04	1.13e-05	6.05e-07	0.00e+00	0.00e+00	0.00e+00
 9.82234e+22	3.02e-19	6.13e-08	2.44e-05	4.23e-04	1.65e-03	7.59e-03	1.69e-01	5.64e-01	2.27e-01	2.71e-02	2.96e-03	2.91e-04	9.46e-06	4.95e-07	0.00e+00	0.00e+00	0.00e+00
 9.97574e+22	4.08e-19	7.47e-08	2.96e-05	5.03e-04	1.90e-03	8.64e-03	1.81e-01	5.67e-01	2.14e-01	2.42e-02	2.53e-03	2.40e-04	7.50e-06	3.81e-07	0.00e+00	0.00e+00	0.00e+00
 1.01306e+23	5.31e-19	8.85e-08	3.46e-05	5.77e-04	2.12e-03	9.52e-03	1.90e-01	5.69e-01	2.04e-01	2.22e-02	2.24e-03	2.07e-04	6.28e-06	3.12e-07	0.00e+00	0.00e+00	0.00e+00
 1.02872e+23	7.29e-19	1.08e-07	4.20e-05	6.86e-04	2.43e-03	1.08e-02	2.03e-01	5.70e-01	1.91e-01	1.97e-02	1.90e-03	1.69e-04	4.94e-06	2.38e-07	0.00e+00	0.00e+00	0.00e+00
 1.04457e+23	9.69e-19	1.29e-07	4.94e-05	7.88e-04	2.70e-03	1.19e-02	2.13e-01	5.70e-01	1.82e-01	1.80e-02	1.68e-03	1.45e-04	4.12e-06	1.94e-07	0.00e+00	0.00e+00	0.00e+00
 1.06064e+23	1.34e-18	1.60e-07	6.04e-05	9.39e-04	3.10e-03	1.35e-02	2.27e-01	5.68e-01	1.69e-01	1.60e-02	1.42e-03	1.18e-04	3.23e-06	1.47e-07	0.00e+00	0.00e+00	0.00e+00
 1.07633e+23	2.88e-19	1.90e-07	7.04e-05	1.07e-03	3.42e-03	1.48e-02	2.37e-01	5.67e-01	1.61e-01	1.46e-02	1.26e-03	1.02e-04	2.72e-06	1.21e-07	0.00e+00	0.00e+00	0.00e+00
 1.09152e+23	3.84e-19	2.34e-07	8.50e-05	1.26e-03	3.88e-03	1.66e-02	2.50e-01	5.63e-01	1.50e-01	1.30e-02	1.08e-03	8.40e-05	2.16e-06	0.00e+00	0.00e+00	0.00e+00	0.00e+00
 1.10725e+23	5.02e-19	2.82e-07	1.00e-04	1.44e-03	4.30e-03	1.81e-02	2.61e-01	5.60e-01	1.42e-01	1.18e-02	9.47e-04	7.18e-05	1.79e-06	0.00e+00	0.00e+00	0.00e+00	0.00e+00
 1.12068e+23	6.31e-19	3.31e-07	1.16e-04	1.63e-03	4.71e-03	1.96e-02	2.71e-01	5.56e-01	1.35e-01	1.09e-02	8.44e-04	6.24e-05	1.52e-06	0.00e+00	0.00e+00	0.00e+00	0.00e+00
 1.13513e+23	8.43e-19	4.05e-07	1.38e-04	1.90e-03	5.28e-03	2.17e-02	2.84e-01	5.51e-01	1.26e-01	9.71e-03	7.25e-04	5.19e-05	1.22e-06	0.00e+00	0.00e+00	0.00e+00	0.00e+00
 1.14963e+23	1.07e-18	4.78e-07	1.60e-04	2.14e-03	5.77e-03	2.35e-02	2.94e-01	5.46e-01	1.19e-01	8.88e-03	6.43e-04	4.49e-05	1.03e-06	0.00e+00	0.00e+00	0.00e+00	0.00e+00
 1.16418e+23	1.45e-18	5.87e-07	1.91e-04	2.48e-03	6.44e-03	2.58e-02	3.06e-01	5.39e-01	1.11e-01	7.95e-03	5.55e-04	3.75e-05	8.32e-07	0.00e+00	0.00e+00	0.00e+00	0.00e+00
 1.17931e+23	1.90e-18	7.04e-07	2.24e-04	2.83e-03	7.10e-03	2.82e-02	3.18e-01	5.32e-01	1.04e-01	7.18e-03	4.85e-04	3.19e-05	6.85e-07	0.00e+00	0.00e+00	0.00e+00	0.00e+00
 1.19279e+23	2.46e-18	8.37e-07	2.60e-04	3.19e-03	7.75e-03	3.04e-02	3.28e-01	5.25e-01	9.85e-02	6.55e-03	4.29e-04	2.75e-05	5.76e-07	0.00e+00	0.00e+00	0.00e+00	0.00e+00
 1.20792e+23	3.41e-18	1.04e-06	3.13e-04	3.71e-03	8.65e-03	3.33e-02	3.41e-01	5.15e-01	9.13e-02	5.82e-03	3.68e-04	2.28e-05	4.62e-07	0.00e+00	0.00e+00	0.00e+00	0.00e+00
 1.22389e+23	4.65e-18	1.27e-06	3.71e-04	4.26e-03	9.56e-03	3.63e-02	3.53e-01	5.06e-01	8.50e-02	5.21e-03	3.18e-04	1.91e-05	3.77e-07	0.00e+00	0.00e+00	0.00e+00	0.00e+00
 1.23845e+23	6.21e-18	1.53e-06	4.34e-04	4.85e-03	1.05e-02	3.92e-02	3.64e-01	4.97e-01	7.95e-02	4.70e-03	2.78e-04	1.63e-05	3.11e-07	0.00e+00	0.00e+00	0.00e+00	0.00e+00
 1.25486e+23	9.01e-18	1.94e-06	5.30e-04	5.69e-03	1.17e-02	4.31e-02	3.77e-01	4.85e-01	7.29e-02	4.13e-03	2.35e-04	1.33e-05	2.45e-07	0.00e+00	0.00e+00	0.00e+00	0.00e+00
 1.27178e+23	1.27e-17	2.39e-06	6.30e-04	6.54e-03	1.30e-02	4.69e-02	3.89e-01	4.73e-01	6.73e-02	3.67e-03	2.01e-04	1.10e-05	1.98e-07	0.00e+00	0.00e+00	0.00e+00	0.00e+00
 1.28681e+23	1.76e-17	2.90e-06	7.41e-04	7.44e-03	1.42e-02	5.05e-02	3.99e-01	4.62e-01	6.25e-02	3.29e-03	1.75e-04	9.31e-06	1.62e-07	0.00e+00	0.00e+00	0.00e+00	0.00e+00
 1.30379e+23	2.62e-17	3.71e-06	9.08e-04	8.75e-03	1.59e-02	5.54e-02	4.12e-01	4.48e-01	5.69e-02	2.86e-03	1.46e-04	7.51e-06	1.26e-07	0.00e+00	0.00e+00	0.00e+00	0.00e+00
 1.32142e+23	3.89e-17	4.62e-06	1.09e-03	1.01e-02	1.75e-02	6.01e-02	4.22e-01	4.34e-01	5.21e-02	2.52e-03	1.24e-04	6.19e-06	0.00e+00	0.00e+00	0.00e+00	0.00e+00	0.00e+00
 1.33724e+23	5.53e-17	5.66e-06	1.29e-03	1.15e-02	1.92e-02	6.47e-02	4.32e-01	4.21e-01	4.79e-02	2.24e-03	1.07e-04	5.16e-06	0.00e+00	0.00e+00	0.00e+00	0.00e+00	0.00e+00
 1.35516e+23	8.99e-17	7.36e-06	1.59e-03	1.36e-02	2.15e-02	7.08e-02	4.43e-01	4.04e-01	4.30e-02	1.92e-03	8.76e-05	4.08e-06	0.00e+00	0.00e+00	0.00e+00	0.00e+00	0.00e+00
 1.37367e+23	1.41e-16	9.20e-06	1.91e-03	1.56e-02	2.36e-02	7.65e-02	4.52e-01	3.89e-01	3.91e-02	1.68e-03	7.39e-05	3.34e-06	0.00e+00	0.00e+00	0.00e+00	0.00e+00	0.00e+00
 1.39296e+23	2.43e-16	1.22e-05	2.39e-03	1.86e-02	2.66e-02	8.38e-02	4.63e-01	3.70e-01	3.46e-02	1.42e-03	5.97e-05	2.59e-06	0.00e+00	0.00e+00	0.00e+00	0.00e+00	0.00e+00
 1.41249e+23	4.14e-16	1.53e-05	2.87e-03	2.15e-02	2.92e-02	9.03e-02	4.70e-01	3.54e-01	3.12e-02	1.23e-03	4.99e-05	2.09e-06	0.00e+00	0.00e+00	0.00e+00	0.00e+00	0.00e+00
 1.42966e+23	6.87e-16	1.91e-05	3.43e-03	2.46e-02	3.19e-02	9.67e-02	4.76e-01	3.38e-01	2.82e-02	1.07e-03	4.19e-05	1.70e-06	0.00e+00	0.00e+00	0.00e+00	0.00e+00	0.00e+00
 1.44932e+23	1.37e-15	2.53e-05	4.29e-03	2.91e-02	3.56e-02	1.05e-01	4.82e-01	3.18e-01	2.46e-02	8.94e-04	3.34e-05	1.30e-06	0.00e+00	0.00e+00	0.00e+00	0.00e+00	0.00e+00
 1.46925e+23	2.74e-15	3.17e-05	5.14e-03	3.34e-02	3.89e-02	1.13e-01	4.86e-01	3.01e-01	2.19e-02	7.69e-04	2.76e-05	1.04e-06	0.00e+00	0.00e+00	0.00e+00	0.00e+00	0.00e+00
 1.48953e+23	5.86e-15	4.22e-05	6.43e-03	3.95e-02	4.32e-02	1.22e-01	4.89e-01	2.81e-01	1.90e-02	6.37e-04	2.18e-05	7.93e-07	0.00e+00	0.00e+00	0.00e+00	0.00e+00	0.00e+00
 1.51013e+23	1.77e-14	5.33e-05	7.71e-03	4.52e-02	4.71e-02	1.30e-01	4.89e-01	2.64e-01	1.68e-02	5.43e-04	1.78e-05	6.28e-07	0.00e+00	0.00e+00	0.00e+00	0.00e+00	0.00e+00
 1.52837e+23	4.54e-14	6.67e-05	9.20e-03	5.15e-02	5.10e-02	1.37e-01	4.88e-01	2.47e-01	1.48e-02	4.63e-04	1.46e-05	4.99e-07	0.00e+00	0.00e+00	0.00e+00	0.00e+00	0.00e+00
 1.54933e+23	2.22e-13	8.91e-05	1.15e-02	6.06e-02	5.63e-02	1.48e-01	4.85e-01	2.26e-01	1.25e-02	3.76e-04	1.13e-05	3.69e-07	0.00e+00	0.00e+00	0.00e+00	0.00e+00	0.00e+00
 1.57058e+23	1.74e-12	1.12e-04	1.37e-02	6.89e-02	6.08e-02	1.55e-01	4.80e-01	2.10e-01	1.09e-02	3.17e-04	9.13e-06	2.90e-07	0.00e+00	0.00e+00	0.00e+00	0.00e+00	0.00e+00
 1.59219e+23	1.84e-11	1.49e-04	1.71e-02	8.07e-02	6.66e-02	1.65e-01	4.71e-01	1.90e-01	9.13e-03	2.53e-04	6.92e-06	2.11e-07	0.00e+00	0.00e+00	0.00e+00	0.00e+00	0.00e+00
 1.61410e+23	1.69e-10	1.88e-04	2.03e-02	9.12e-02	7.15e-02	1.73e-01	4.62e-01	1.74e-01	7.86e-03	2.11e-04	5.53e-06	1.63e-07	0.00e+00	0.00e+00	0.00e+00	0.00e+00	0.00e+00
 1.63637e+23	1.50e-09	2.50e-04	2.52e-02	1.06e-01	7.77e-02	1.82e-01	4.48e-01	1.54e-01	6.44e-03	1.66e-04	4.11e-06	0.00e+00	0.00e+00	0.00e+00	0.00e+00	0.00e+00	0.00e+00
 1.65894e+23	2.45e-09	3.13e-04	2.98e-02	1.19e-01	8.26e-02	1.89e-01	4.34e-01	1.40e-01	5.46e-03	1.37e-04	3.23e-06	0.00e+00	0.00e+00	0.00e+00	0.00e+00	0.00e+00	0.00e+00
 1.67863e+23	3.51e-09	3.88e-04	3.50e-02	1.33e-01	8.73e-02	1.94e-01	4.20e-01	1.26e-01	4.63e-03	1.12e-04	2.55e-06	0.00e+00	0.00e+00	0.00e+00	0.00e+00	0.00e+00	0.00e+00
 1.69753e+23	4.84e-09	4.72e-04	4.04e-02	1.46e-01	9.16e-02	1.99e-01	4.04e-01	1.14e-01	3.95e-03	9.34e-05	2.03e-06	0.00e+00	0.00e+00	0.00e+00	0.00e+00	0.00e+00	0.00e+00
 1.71551e+23	6.48e-09	5.68e-04	4.63e-02	1.59e-01	9.56e-02	2.02e-01	3.89e-01	1.03e-01	3.39e-03	7.80e-05	1.63e-06	0.00e+00	0.00e+00	0.00e+00	0.00e+00	0.00e+00	0.00e+00
 1.73578e+23	9.31e-09	7.20e-04	5.48e-02	1.78e-01	1.00e-01	2.06e-01	3.67e-01	8.98e-02	2.74e-03	6.12e-05	1.21e-06	0.00e+00	0.00e+00	0.00e+00	0.00e+00	0.00e+00	0.00e+00
 1.75583e+23	1.21e-08	8.56e-04	6.20e-02	1.92e-01	1.04e-01	2.08e-01	3.50e-01	8.07e-02	2.33e-03	5.08e-05	9.64e-07	0.00e+00	0.00e+00	0.00e+00	0.00e+00	0.00e+00	0.00e+00
 1.77559e+23	1.66e-08	1.06e-03	7.22e-02	2.11e-01	1.07e-01	2.09e-01	3.27e-01	6.98e-02	1.88e-03	4.00e-05	7.19e-07	0.00e+00	0.00e+00	0.00e+00	0.00e+00	0.00e+00	0.00e+00
 1.79593e+23	2.15e-08	1.27e-03	8.16e-02	2.27e-01	1.10e-01	2.09e-01	3.08e-01	6.15e-02	1.57e-03	3.25e-05	5.58e-07	0.00e+00	0.00e+00	0.00e+00	0.00e+00	0.00e+00	0.00e+00
 1.81703e+23	2.95e-08	1.57e-03	9.46e-02	2.47e-01	1.13e-01	2.08e-01	2.83e-01	5.20e-02	1.23e-03	2.49e-05	4.04e-07	0.00e+00	0.00e+00	0.00e+00	0.00e+00	0.00e+00	0.00e+00
 1.83828e+23	3.78e-08	1.86e-03	1.06e-01	2.63e-01	1.15e-01	2.05e-01	2.63e-01	4.52e-02	1.01e-03	1.99e-05	3.09e-07	0.00e+00	0.00e+00	0.00e+00	0.00e+00	0.00e+00	0.00e+00
 1.85973e+23	5.13e-08	2.29e-03	1.22e-01	2.84e-01	1.16e-01	2.01e-01	2.37e-01	3.74e-02	7.78e-04	1.49e-05	2.18e-07	0.00e+00	0.00e+00	0.00e+00	0.00e+00	0.00e+00	0.00e+00
 1.88126e+23	6.44e-08	2.67e-03	1.35e-01	2.99e-01	1.17e-01	1.96e-01	2.18e-01	3.22e-02	6.33e-04	1.19e-05	1.66e-07	0.00e+00	0.00e+00	0.00e+00	0.00e+00	0.00e+00	0.00e+00
 1.89862e+23	7.81e-08	3.05e-03	1.47e-01	3.11e-01	1.17e-01	1.92e-01	2.02e-01	2.82e-02	5.27e-04	9.74e-06	1.30e-07	0.00e+00	0.00e+00	0.00e+00	0.00e+00	0.00e+00	0.00e+00
 1.91693e+23	9.83e-08	3.57e-03	1.62e-01	3.25e-01	1.16e-01	1.85e-01	1.83e-01	2.38e-02	4.20e-04	7.60e-06	0.00e+00	0.00e+00	0.00e+00	0.00e+00	0.00e+00	0.00e+00	0.00e+00
 1.93550e+23	1.19e-07	4.05e-03	1.75e-01	3.37e-01	1.16e-01	1.80e-01	1.68e-01	2.05e-02	3.45e-04	6.15e-06	0.00e+00	0.00e+00	0.00e+00	0.00e+00	0.00e+00	0.00e+00	0.00e+00
 1.95186e+23	1.42e-07	4.56e-03	1.88e-01	3.47e-01	1.15e-01	1.74e-01	1.54e-01	1.78e-02	2.85e-04	4.99e-06	0.00e+00	0.00e+00	0.00e+00	0.00e+00	0.00e+00	0.00e+00	0.00e+00
 1.97060e+23	1.76e-07	5.28e-03	2.06e-01	3.58e-01	1.13e-01	1.65e-01	1.38e-01	1.47e-02	2.23e-04	3.83e-06	0.00e+00	0.00e+00	0.00e+00	0.00e+00	0.00e+00	0.00e+00	0.00e+00
 1.98958e+23	2.10e-07	5.95e-03	2.20e-01	3.67e-01	1.11e-01	1.58e-01	1.25e-01	1.26e-02	1.81e-04	3.06e-06	0.00e+00	0.00e+00	0.00e+00	0.00e+00	0.00e+00	0.00e+00	0.00e+00
 2.00629e+23	2.49e-07	6.65e-03	2.35e-01	3.74e-01	1.09e-01	1.51e-01	1.13e-01	1.07e-02	1.47e-04	2.45e-06	0.00e+00	0.00e+00	0.00e+00	0.00e+00	0.00e+00	0.00e+00	0.00e+00
 2.02540e+23	3.06e-07	7.63e-03	2.54e-01	3.82e-01	1.06e-01	1.42e-01	9.94e-02	8.75e-03	1.14e-04	1.85e-06	0.00e+00	0.00e+00	0.00e+00	0.00e+00	0.00e+00	0.00e+00	0.00e+00
 2.04478e+23	3.63e-07	8.53e-03	2.70e-01	3.87e-01	1.03e-01	1.35e-01	8.90e-02	7.35e-03	9.10e-05	1.46e-06	0.00e+00	0.00e+00	0.00e+00	0.00e+00	0.00e+00	0.00e+00	0.00e+00
 2.06181e+23	4.27e-07	9.48e-03	2.86e-01	3.91e-01	1.00e-01	1.28e-01	7.98e-02	6.20e-03	7.33e-05	1.16e-06	0.00e+00	0.00e+00	0.00e+00	0.00e+00	0.00e+00	0.00e+00	0.00e+00
 2.08126e+23	5.20e-07	1.08e-02	3.06e-01	3.94e-01	9.65e-02	1.18e-01	6.93e-02	4.99e-03	5.58e-05	8.63e-07	0.00e+00	0.00e+00	0.00e+00	0.00e+00	0.00e+00	0.00e+00	0.00e+00
 2.10103e+23	6.11e-07	1.20e-02	3.22e-01	3.96e-01	9.32e-02	1.11e-01	6.14e-02	4.14e-03	4.42e-05	6.72e-07	0.00e+00	0.00e+00	0.00e+00	0.00e+00	0.00e+00	0.00e+00	0.00e+00
 2.11857e+23	7.15e-07	1.32e-02	3.39e-01	3.96e-01	8.99e-02	1.04e-01	5.45e-02	3.44e-03	3.51e-05	5.25e-07	0.00e+00	0.00e+00	0.00e+00	0.00e+00	0.00e+00	0.00e+00	0.00e+00
 2.13872e+23	8.66e-07	1.49e-02	3.59e-01	3.95e-01	8.56e-02	9.52e-02	4.66e-02	2.72e-03	2.62e-05	3.85e-07	0.00e+00	0.00e+00	0.00e+00	0.00e+00	0.00e+00	0.00e+00	0.00e+00
 2.15919e+23	1.01e-06	1.65e-02	3.77e-01	3.94e-01	8.20e-02	8.83e-02	4.09e-02	2.23e-03	2.05e-05	2.95e-07	0.00e+00	0.00e+00	0.00e+00	0.00e+00	0.00e+00	0.00e+00	0.00e+00
 2.18008e+23	1.23e-06	1.86e-02	3.98e-01	3.90e-01	7.75e-02	8.00e-02	3.46e-02	1.73e-03	1.51e-05	2.12e-07	0.00e+00	0.00e+00	0.00e+00	0.00e+00	0.00e+00	0.00e+00	0.00e+00
 2.20124e+23	1.44e-06	2.05e-02	4.15e-01	3.86e-01	7.38e-02	7.36e-02	3.00e-02	1.40e-03	1.17e-05	1.61e-07	0.00e+00	0.00e+00	0.00e+00	0.00e+00	0.00e+00	0.00e+00	0.00e+00
 2.22273e+23	1.74e-06	2.30e-02	4.36e-01	3.79e-01	6.93e-02	6.61e-02	2.51e-02	1.08e-03	8.49e-06	0.00e+00	0.00e+00	0.00e+00	0.00e+00	0.00e+00	0.00e+00	0.00e+00	0.00e+00
 2.24463e+23	2.03e-06	2.53e-02	4.54e-01	3.73e-01	6.55e-02	6.02e-02	2.16e-02	8.62e-04	6.49e-06	0.00e+00	0.00e+00	0.00e+00	0.00e+00	0.00e+00	0.00e+00	0.00e+00	0.00e+00
 2.26705e+23	2.45e-06	2.84e-02	4.75e-01	3.63e-01	6.11e-02	5.35e-02	1.79e-02	6.52e-04	4.65e-06	0.00e+00	0.00e+00	0.00e+00	0.00e+00	0.00e+00	0.00e+00	0.00e+00	0.00e+00
 2.28990e+23	2.87e-06	3.12e-02	4.92e-01	3.55e-01	5.74e-02	4.83e-02	1.52e-02	5.14e-04	3.51e-06	0.00e+00	0.00e+00	0.00e+00	0.00e+00	0.00e+00	0.00e+00	0.00e+00	0.00e+00
 2.31022e+23	3.34e-06	3.41e-02	5.09e-01	3.46e-01	5.40e-02	4.36e-02	1.30e-02	4.07e-04	2.66e-06	0.00e+00	0.00e+00	0.00e+00	0.00e+00	0.00e+00	0.00e+00	0.00e+00	0.00e+00
 2.33360e+23	4.03e-06	3.81e-02	5.29e-01	3.34e-01	4.98e-02	3.82e-02	1.06e-02	3.03e-04	1.88e-06	0.00e+00	0.00e+00	0.00e+00	0.00e+00	0.00e+00	0.00e+00	0.00e+00	0.00e+00
 2.35411e+23	4.53e-06	4.08e-02	5.41e-01	3.27e-01	4.73e-02	3.52e-02	9.37e-03	2.51e-04	1.51e-06	0.00e+00	0.00e+00	0.00e+00	0.00e+00	0.00e+00	0.00e+00	0.00e+00	0.00e+00
 2.37091e+23	5.14e-06	4.39e-02	5.54e-01	3.17e-01	4.46e-02	3.19e-02	8.12e-03	2.04e-04	1.19e-06	0.00e+00	0.00e+00	0.00e+00	0.00e+00	0.00e+00	0.00e+00	0.00e+00	0.00e+00
 2.38848e+23	5.75e-06	4.69e-02	5.65e-01	3.09e-01	4.23e-02	2.93e-02	7.15e-03	1.69e-04	9.55e-07	0.00e+00	0.00e+00	0.00e+00	0.00e+00	0.00e+00	0.00e+00	0.00e+00	0.00e+00
 2.40705e+23	6.61e-06	5.08e-02	5.79e-01	2.98e-01	3.95e-02	2.62e-02	6.06e-03	1.33e-04	7.25e-07	0.00e+00	0.00e+00	0.00e+00	0.00e+00	0.00e+00	0.00e+00	0.00e+00	0.00e+00
 2.42556e+23	7.41e-06	5.42e-02	5.90e-01	2.89e-01	3.74e-02	2.39e-02	5.31e-03	1.10e-04	5.81e-07	0.00e+00	0.00e+00	0.00e+00	0.00e+00	0.00e+00	0.00e+00	0.00e+00	0.00e+00
 2.44400e+23	8.46e-06	5.84e-02	6.02e-01	2.78e-01	3.49e-02	2.14e-02	4.52e-03	8.70e-05	4.45e-07	0.00e+00	0.00e+00	0.00e+00	0.00e+00	0.00e+00	0.00e+00	0.00e+00	0.00e+00
 2.46284e+23	9.52e-06	6.24e-02	6.13e-01	2.69e-01	3.28e-02	1.94e-02	3.93e-03	7.09e-05	3.52e-07	0.00e+00	0.00e+00	0.00e+00	0.00e+00	0.00e+00	0.00e+00	0.00e+00	0.00e+00
 2.48218e+23	1.09e-05	6.73e-02	6.25e-01	2.57e-01	3.05e-02	1.71e-02	3.31e-03	5.54e-05	2.66e-07	0.00e+00	0.00e+00	0.00e+00	0.00e+00	0.00e+00	0.00e+00	0.00e+00	0.00e+00
 2.50176e+23	1.23e-05	7.18e-02	6.34e-01	2.47e-01	2.86e-02	1.54e-02	2.86e-03	4.49e-05	2.10e-07	0.00e+00	0.00e+00	0.00e+00	0.00e+00	0.00e+00	0.00e+00	0.00e+00	0.00e+00
 2.52167e+23	1.42e-05	7.77e-02	6.45e-01	2.35e-01	2.64e-02	1.35e-02	2.38e-03	3.44e-05	1.56e-07	0.00e+00	0.00e+00	0.00e+00	0.00e+00	0.00e+00	0.00e+00	0.00e+00	0.00e+00
 2.54163e+23	1.59e-05	8.26e-02	6.53e-01	2.25e-01	2.47e-02	1.22e-02	2.06e-03	2.80e-05	0.00e+00	0.00e+00	0.00e+00	0.00e+00	0.00e+00	0.00e+00	0.00e+00	0.00e+00	0.00e+00
 2.56164e+23	1.82e-05	8.89e-02	6.63e-01	2.13e-01	2.28e-02	1.07e-02	1.72e-03	2.16e-05	0.00e+00	0.00e+00	0.00e+00	0.00e+00	0.00e+00	0.00e+00	0.00e+00	0.00e+00	0.00e+00
 2.58230e+23	2.05e-05	9.47e-02	6.70e-01	2.03e-01	2.12e-02	9.50e-03	1.47e-03	1.73e-05	0.00e+00	0.00e+00	0.00e+00	0.00e+00	0.00e+00	0.00e+00	0.00e+00	0.00e+00	0.00e+00
 2.60379e+23	2.36e-05	1.02e-01	6.79e-01	1.90e-01	1.94e-02	8.20e-03	1.21e-03	1.31e-05	0.00e+00	0.00e+00	0.00e+00	0.00e+00	0.00e+00	0.00e+00	0.00e+00	0.00e+00	0.00e+00
 2.62566e+23	2.67e-05	1.09e-01	6.85e-01	1.80e-01	1.79e-02	7.24e-03	1.03e-03	1.04e-05	0.00e+00	0.00e+00	0.00e+00	0.00e+00	0.00e+00	0.00e+00	0.00e+00	0.00e+00	0.00e+00
 2.64804e+23	3.10e-05	1.18e-01	6.92e-01	1.67e-01	1.63e-02	6.17e-03	8.33e-04	7.69e-06	0.00e+00	0.00e+00	0.00e+00	0.00e+00	0.00e+00	0.00e+00	0.00e+00	0.00e+00	0.00e+00
 2.67024e+23	3.48e-05	1.25e-01	6.96e-01	1.57e-01	1.50e-02	5.45e-03	7.09e-04	6.12e-06	0.00e+00	0.00e+00	0.00e+00	0.00e+00	0.00e+00	0.00e+00	0.00e+00	0.00e+00	0.00e+00
 2.69219e+23	4.02e-05	1.35e-01	7.01e-01	1.45e-01	1.36e-02	4.63e-03	5.76e-04	4.57e-06	0.00e+00	0.00e+00	0.00e+00	0.00e+00	0.00e+00	0.00e+00	0.00e+00	0.00e+00	0.00e+00
 2.71427e+23	4.51e-05	1.43e-01	7.04e-01	1.36e-01	1.26e-02	4.08e-03	4.89e-04	3.62e-06	0.00e+00	0.00e+00	0.00e+00	0.00e+00	0.00e+00	0.00e+00	0.00e+00	0.00e+00	0.00e+00
 2.73650e+23	5.21e-05	1.54e-01	7.07e-01	1.25e-01	1.14e-02	3.44e-03	3.94e-04	2.68e-06	0.00e+00	0.00e+00	0.00e+00	0.00e+00	0.00e+00	0.00e+00	0.00e+00	0.00e+00	0.00e+00
 2.75876e+23	5.83e-05	1.63e-01	7.08e-01	1.16e-01	1.05e-02	3.01e-03	3.34e-04	2.13e-06	0.00e+00	0.00e+00	0.00e+00	0.00e+00	0.00e+00	0.00e+00	0.00e+00	0.00e+00	0.00e+00
 2.78107e+23	6.73e-05	1.75e-01	7.08e-01	1.05e-01	9.39e-03	2.52e-03	2.67e-04	1.56e-06	0.00e+00	0.00e+00	0.00e+00	0.00e+00	0.00e+00	0.00e+00	0.00e+00	0.00e+00	0.00e+00
 2.80334e+23	7.53e-05	1.85e-01	7.07e-01	9.69e-02	8.62e-03	2.20e-03	2.25e-04	1.23e-06	0.00e+00	0.00e+00	0.00e+00	0.00e+00	0.00e+00	0.00e+00	0.00e+00	0.00e+00	0.00e+00
 2.82557e+23	8.70e-05	1.98e-01	7.05e-01	8.68e-02	7.70e-03	1.82e-03	1.79e-04	8.98e-07	0.00e+00	0.00e+00	0.00e+00	0.00e+00	0.00e+00	0.00e+00	0.00e+00	0.00e+00	0.00e+00
 2.84774e+23	9.73e-05	2.09e-01	7.03e-01	7.94e-02	7.05e-03	1.58e-03	1.50e-04	7.05e-07	0.00e+00	0.00e+00	0.00e+00	0.00e+00	0.00e+00	0.00e+00	0.00e+00	0.00e+00	0.00e+00
 2.86981e+23	1.12e-04	2.24e-01	6.98e-01	7.04e-02	6.28e-03	1.31e-03	1.19e-04	5.13e-07	0.00e+00	0.00e+00	0.00e+00	0.00e+00	0.00e+00	0.00e+00	0.00e+00	0.00e+00	0.00e+00
 2.89197e+23	1.25e-04	2.36e-01	6.93e-01	6.37e-02	5.70e-03	1.12e-03	9.83e-05	3.97e-07	0.00e+00	0.00e+00	0.00e+00	0.00e+00	0.00e+00	0.00e+00	0.00e+00	0.00e+00	0.00e+00
 2.91424e+23	1.44e-04	2.52e-01	6.86e-01	5.57e-02	5.03e-03	9.12e-04	7.69e-05	2.84e-07	0.00e+00	0.00e+00	0.00e+00	0.00e+00	0.00e+00	0.00e+00	0.00e+00	0.00e+00	0.00e+00
 2.93658e+23	1.62e-04	2.66e-01	6.79e-01	4.96e-02	4.53e-03	7.71e-04	6.28e-05	2.16e-07	0.00e+00	0.00e+00	0.00e+00	0.00e+00	0.00e+00	0.00e+00	0.00e+00	0.00e+00	0.00e+00
 2.95608e+23	1.82e-04	2.81e-01	6.70e-01	4.41e-02	4.07e-03	6.50e-04	5.12e-05	1.64e-07	0.00e+00	0.00e+00	0.00e+00	0.00e+00	0.00e+00	0.00e+00	0.00e+00	0.00e+00	0.00e+00
 2.97847e+23	2.09e-04	3.00e-01	6.58e-01	3.77e-02	3.54e-03	5.20e-04	3.93e-05	0.00e+00	0.00e+00	0.00e+00	0.00e+00	0.00e+00	0.00e+00	0.00e+00	0.00e+00	0.00e+00	0.00e+00
 3.00120e+23	2.36e-04	3.17e-01	6.46e-01	3.26e-02	3.12e-03	4.27e-04	3.11e-05	0.00e+00	0.00e+00	0.00e+00	0.00e+00	0.00e+00	0.00e+00	0.00e+00	0.00e+00	0.00e+00	0.00e+00
 3.02091e+23	2.65e-04	3.35e-01	6.34e-01	2.83e-02	2.75e-03	3.52e-04	2.48e-05	0.00e+00	0.00e+00	0.00e+00	0.00e+00	0.00e+00	0.00e+00	0.00e+00	0.00e+00	0.00e+00	0.00e+00
 3.04306e+23	3.05e-04	3.58e-01	6.16e-01	2.34e-02	2.32e-03	2.73e-04	1.84e-05	0.00e+00	0.00e+00	0.00e+00	0.00e+00	0.00e+00	0.00e+00	0.00e+00	0.00e+00	0.00e+00	0.00e+00
 3.06338e+23	3.38e-04	3.76e-01	6.02e-01	2.01e-02	2.03e-03	2.24e-04	1.47e-05	0.00e+00	0.00e+00	0.00e+00	0.00e+00	0.00e+00	0.00e+00	0.00e+00	0.00e+00	0.00e+00	0.00e+00
 3.07797e+23	3.69e-04	3.92e-01	5.88e-01	1.75e-02	1.80e-03	1.87e-04	1.20e-05	0.00e+00	0.00e+00	0.00e+00	0.00e+00	0.00e+00	0.00e+00	0.00e+00	0.00e+00	0.00e+00	0.00e+00
 3.08522e+23	3.76e-04	3.96e-01	5.85e-01	1.66e-02	1.74e-03	1.77e-04	1.12e-05	0.00e+00	0.00e+00	0.00e+00	0.00e+00	0.00e+00	0.00e+00	0.00e+00	0.00e+00	0.00e+00	0.00e+00
