#depth	He	He+	He+2
 1.54284e+22	6.52e-07	8.58e-03	9.91e-01
 3.52766e+22	1.22e-06	1.17e-02	9.88e-01
 4.19062e+22	1.65e-06	1.36e-02	9.86e-01
 4.57104e+22	2.04e-06	1.51e-02	9.85e-01
 4.79166e+22	2.22e-06	1.57e-02	9.84e-01
 4.93243e+22	2.46e-06	1.66e-02	9.83e-01
 5.08595e+22	2.72e-06	1.74e-02	9.83e-01
 5.23323e+22	2.99e-06	1.82e-02	9.82e-01
 5.40185e+22	3.38e-06	1.94e-02	9.81e-01
 5.57199e+22	3.74e-06	2.03e-02	9.80e-01
 5.74409e+22	4.24e-06	2.16e-02	9.78e-01
 5.91954e+22	4.70e-06	2.28e-02	9.77e-01
 6.09933e+22	5.35e-06	2.43e-02	9.76e-01
 6.28255e+22	5.96e-06	2.56e-02	9.74e-01
 6.47023e+22	6.81e-06	2.73e-02	9.73e-01
 6.66043e+22	7.61e-06	2.89e-02	9.71e-01
 6.82808e+22	8.47e-06	3.04e-02	9.70e-01
 7.02017e+22	9.71e-06	3.25e-02	9.67e-01
 7.21541e+22	1.09e-05	3.44e-02	9.66e-01
 7.38850e+22	1.21e-05	3.63e-02	9.64e-01
 7.58728e+22	1.40e-05	3.89e-02	9.61e-01
 7.78844e+22	1.57e-05	4.12e-02	9.59e-01
 7.99270e+22	1.81e-05	4.41e-02	9.56e-01
 8.20125e+22	2.04e-05	4.67e-02	9.53e-01
 8.38713e+22	2.29e-05	4.95e-02	9.50e-01
 8.60055e+22	2.66e-05	5.32e-02	9.47e-01
 8.81757e+22	3.00e-05	5.64e-02	9.44e-01
 9.03926e+22	3.51e-05	6.08e-02	9.39e-01
 9.25698e+22	3.93e-05	6.43e-02	9.36e-01
 9.43861e+22	4.39e-05	6.77e-02	9.32e-01
 9.61403e+22	4.87e-05	7.13e-02	9.29e-01
 9.81228e+22	5.56e-05	7.59e-02	9.24e-01
 1.00114e+23	6.22e-05	8.01e-02	9.20e-01
 1.01826e+23	6.89e-05	8.41e-02	9.16e-01
 1.03760e+23	7.81e-05	8.93e-02	9.11e-01
 1.05772e+23	8.74e-05	9.42e-02	9.06e-01
 1.07579e+23	9.71e-05	9.90e-02	9.01e-01
 1.09621e+23	1.11e-04	1.06e-01	8.94e-01
 1.11708e+23	1.24e-04	1.11e-01	8.89e-01
 1.13483e+23	1.37e-04	1.17e-01	8.83e-01
 1.15101e+23	1.50e-04	1.22e-01	8.78e-01
 1.16885e+23	1.68e-04	1.28e-01	8.72e-01
 1.18705e+23	1.84e-04	1.34e-01	8.66e-01
 1.20328e+23	2.02e-04	1.40e-01	8.60e-01
 1.22192e+23	2.26e-04	1.47e-01	8.53e-01
 1.24067e+23	2.48e-04	1.54e-01	8.46e-01
 1.25701e+23	2.72e-04	1.60e-01	8.39e-01
 1.27575e+23	3.04e-04	1.69e-01	8.31e-01
 1.29471e+23	3.34e-04	1.76e-01	8.24e-01
 1.31140e+23	3.66e-04	1.83e-01	8.16e-01
 1.32589e+23	3.91e-04	1.89e-01	8.11e-01
 1.34009e+23	4.25e-04	1.96e-01	8.03e-01
 1.35855e+23	4.74e-04	2.06e-01	7.94e-01
 1.37780e+23	5.22e-04	2.15e-01	7.85e-01
 1.39531e+23	5.71e-04	2.24e-01	7.76e-01
 1.41533e+23	6.41e-04	2.35e-01	7.64e-01
 1.43576e+23	7.05e-04	2.45e-01	7.54e-01
 1.45673e+23	7.93e-04	2.58e-01	7.42e-01
 1.47806e+23	8.75e-04	2.69e-01	7.30e-01
 1.49987e+23	9.85e-04	2.83e-01	7.16e-01
 1.52212e+23	1.09e-03	2.95e-01	7.04e-01
 1.54198e+23	1.20e-03	3.07e-01	6.92e-01
 1.56481e+23	1.35e-03	3.23e-01	6.76e-01
 1.58485e+23	1.46e-03	3.33e-01	6.65e-01
 1.60126e+23	1.58e-03	3.44e-01	6.54e-01
 1.61843e+23	1.70e-03	3.55e-01	6.43e-01
 1.63657e+23	1.87e-03	3.68e-01	6.30e-01
 1.65467e+23	2.01e-03	3.80e-01	6.18e-01
 1.67270e+23	2.20e-03	3.93e-01	6.04e-01
 1.69112e+23	2.38e-03	4.06e-01	5.92e-01
 1.71004e+23	2.60e-03	4.21e-01	5.77e-01
 1.72920e+23	2.82e-03	4.34e-01	5.63e-01
 1.74869e+23	3.10e-03	4.51e-01	5.46e-01
 1.76832e+23	3.34e-03	4.64e-01	5.33e-01
 1.78813e+23	3.68e-03	4.81e-01	5.15e-01
 1.80830e+23	3.99e-03	4.96e-01	5.00e-01
 1.82892e+23	4.39e-03	5.14e-01	4.81e-01
 1.85015e+23	4.78e-03	5.31e-01	4.64e-01
 1.87215e+23	5.30e-03	5.52e-01	4.43e-01
 1.89405e+23	5.76e-03	5.69e-01	4.25e-01
 1.91579e+23	6.38e-03	5.90e-01	4.04e-01
 1.93759e+23	6.93e-03	6.08e-01	3.85e-01
 1.95945e+23	7.70e-03	6.29e-01	3.63e-01
 1.98132e+23	8.36e-03	6.47e-01	3.44e-01
 2.00321e+23	9.30e-03	6.69e-01	3.21e-01
 2.02504e+23	1.01e-02	6.88e-01	3.02e-01
 2.04679e+23	1.13e-02	7.10e-01	2.79e-01
 2.06842e+23	1.22e-02	7.28e-01	2.60e-01
 2.08988e+23	1.37e-02	7.49e-01	2.38e-01
 2.11131e+23	1.49e-02	7.66e-01	2.19e-01
 2.13269e+23	1.66e-02	7.85e-01	1.98e-01
 2.15413e+23	1.81e-02	8.01e-01	1.80e-01
 2.17566e+23	2.03e-02	8.18e-01	1.61e-01
 2.19729e+23	2.23e-02	8.33e-01	1.45e-01
 2.21610e+23	2.44e-02	8.45e-01	1.31e-01
 2.23757e+23	2.73e-02	8.58e-01	1.15e-01
 2.25935e+23	3.02e-02	8.68e-01	1.02e-01
 2.27595e+23	3.26e-02	8.75e-01	9.26e-02
 2.29192e+23	3.57e-02	8.81e-01	8.34e-02
 2.30895e+23	3.91e-02	8.86e-01	7.51e-02
 2.32458e+23	4.27e-02	8.89e-01	6.80e-02
 2.33978e+23	4.69e-02	8.91e-01	6.17e-02
 2.35452e+23	5.15e-02	8.92e-01	5.62e-02
 2.36834e+23	5.65e-02	8.92e-01	5.14e-02
 2.38108e+23	6.19e-02	8.91e-01	4.76e-02
 2.39284e+23	6.79e-02	8.88e-01	4.42e-02
 2.40374e+23	7.44e-02	8.84e-01	4.15e-02
 2.41377e+23	8.15e-02	8.79e-01	3.91e-02
 2.42281e+23	8.91e-02	8.74e-01	3.73e-02
 2.43075e+23	9.70e-02	8.67e-01	3.57e-02
 2.43780e+23	1.05e-01	8.60e-01	3.46e-02
 2.44422e+23	1.13e-01	8.53e-01	3.37e-02
 2.45031e+23	1.23e-01	8.45e-01	3.29e-02
 2.45603e+23	1.32e-01	8.36e-01	3.23e-02
 2.46121e+23	1.42e-01	8.26e-01	3.19e-02
 2.46598e+23	1.52e-01	8.16e-01	3.16e-02
 2.47036e+23	1.62e-01	8.06e-01	3.16e-02
 2.47421e+23	1.72e-01	7.97e-01	3.16e-02
 2.47754e+23	1.80e-01	7.88e-01	3.17e-02
 2.48023e+23	1.88e-01	7.81e-01	3.18e-02
 2.48244e+23	1.94e-01	7.74e-01	3.19e-02
 2.48478e+23	2.02e-01	7.66e-01	3.19e-02
 2.48749e+23	2.11e-01	7.57e-01	3.20e-02
 2.49033e+23	2.20e-01	7.47e-01	3.21e-02
 2.49298e+23	2.30e-01	7.38e-01	3.23e-02
 2.49495e+23	2.36e-01	7.32e-01	3.25e-02
 2.49629e+23	2.41e-01	7.26e-01	3.26e-02
 2.49764e+23	2.46e-01	7.21e-01	3.26e-02
 2.49927e+23	2.53e-01	7.14e-01	3.26e-02
 2.50105e+23	2.61e-01	7.06e-01	3.26e-02
 2.50275e+23	2.68e-01	7.00e-01	3.26e-02
 2.50443e+23	2.75e-01	6.92e-01	3.26e-02
 2.50615e+23	2.83e-01	6.85e-01	3.26e-02
 2.50796e+23	2.91e-01	6.76e-01	3.25e-02
 2.50985e+23	3.00e-01	6.67e-01	3.24e-02
 2.51171e+23	3.09e-01	6.59e-01	3.24e-02
 2.51358e+23	3.18e-01	6.49e-01	3.22e-02
 2.51556e+23	3.28e-01	6.40e-01	3.21e-02
 2.51762e+23	3.39e-01	6.30e-01	3.19e-02
 2.51973e+23	3.49e-01	6.19e-01	3.17e-02
 2.52187e+23	3.61e-01	6.08e-01	3.14e-02
 2.52404e+23	3.72e-01	5.96e-01	3.12e-02
 2.52628e+23	3.85e-01	5.85e-01	3.08e-02
 2.52863e+23	3.98e-01	5.72e-01	3.05e-02
 2.53106e+23	4.11e-01	5.59e-01	3.01e-02
 2.53353e+23	4.25e-01	5.46e-01	2.96e-02
 2.53609e+23	4.39e-01	5.32e-01	2.91e-02
 2.53875e+23	4.54e-01	5.18e-01	2.85e-02
 2.54149e+23	4.69e-01	5.03e-01	2.80e-02
 2.54432e+23	4.84e-01	4.88e-01	2.73e-02
 2.54727e+23	5.00e-01	4.73e-01	2.66e-02
 2.55037e+23	5.17e-01	4.57e-01	2.59e-02
 2.55356e+23	5.34e-01	4.41e-01	2.51e-02
 2.55681e+23	5.50e-01	4.26e-01	2.43e-02
 2.56014e+23	5.66e-01	4.10e-01	2.34e-02
 2.56358e+23	5.83e-01	3.94e-01	2.25e-02
 2.56719e+23	6.00e-01	3.79e-01	2.16e-02
 2.57096e+23	6.16e-01	3.63e-01	2.07e-02
 2.57480e+23	6.32e-01	3.48e-01	1.97e-02
 2.57880e+23	6.48e-01	3.33e-01	1.87e-02
 2.58303e+23	6.63e-01	3.19e-01	1.78e-02
 2.58751e+23	6.78e-01	3.05e-01	1.68e-02
 2.59217e+23	6.92e-01	2.92e-01	1.58e-02
 2.59707e+23	7.06e-01	2.79e-01	1.49e-02
 2.60230e+23	7.20e-01	2.67e-01	1.39e-02
 2.60786e+23	7.32e-01	2.55e-01	1.30e-02
 2.61371e+23	7.45e-01	2.43e-01	1.21e-02
 2.61954e+23	7.56e-01	2.33e-01	1.12e-02
 2.62516e+23	7.65e-01	2.24e-01	1.05e-02
 2.63065e+23	7.74e-01	2.16e-01	9.82e-03
 2.63602e+23	7.82e-01	2.09e-01	9.21e-03
 2.64128e+23	7.89e-01	2.02e-01	8.66e-03
 2.64641e+23	7.96e-01	1.96e-01	8.14e-03
 2.65130e+23	8.02e-01	1.91e-01	7.68e-03
 2.65584e+23	8.07e-01	1.86e-01	7.28e-03
 2.66024e+23	8.12e-01	1.81e-01	6.90e-03
 2.66463e+23	8.17e-01	1.76e-01	6.54e-03
 2.66890e+23	8.22e-01	1.72e-01	6.22e-03
 2.67300e+23	8.26e-01	1.68e-01	5.92e-03
 2.67696e+23	8.30e-01	1.64e-01	5.64e-03
 2.68078e+23	8.34e-01	1.60e-01	5.37e-03
 2.68447e+23	8.38e-01	1.57e-01	5.13e-03
 2.68804e+23	8.41e-01	1.54e-01	4.90e-03
 2.69149e+23	8.45e-01	1.51e-01	4.69e-03
 2.69480e+23	8.48e-01	1.48e-01	4.50e-03
 2.69800e+23	8.51e-01	1.45e-01	4.31e-03
 2.70109e+23	8.54e-01	1.42e-01	4.14e-03
 2.70402e+23	8.57e-01	1.39e-01	3.98e-03
 2.70689e+23	8.59e-01	1.37e-01	3.82e-03
 2.70968e+23	8.62e-01	1.34e-01	3.68e-03
 2.71222e+23	8.64e-01	1.32e-01	3.55e-03
 2.71453e+23	8.67e-01	1.30e-01	3.43e-03
 2.71663e+23	8.69e-01	1.28e-01	3.32e-03
 2.71855e+23	8.70e-01	1.26e-01	3.23e-03
 2.72029e+23	8.72e-01	1.25e-01	3.14e-03
 2.72187e+23	8.74e-01	1.23e-01	3.07e-03
 2.72331e+23	8.75e-01	1.22e-01	3.00e-03
 2.72463e+23	8.76e-01	1.21e-01	2.94e-03
 2.72606e+23	8.78e-01	1.19e-01	2.86e-03
 2.72793e+23	8.79e-01	1.18e-01	2.78e-03
 2.72995e+23	8.81e-01	1.16e-01	2.72e-03
 2.73179e+23	8.83e-01	1.15e-01	2.64e-03
 2.73346e+23	8.84e-01	1.14e-01	2.58e-03
 2.73498e+23	8.85e-01	1.12e-01	2.52e-03
 2.73636e+23	8.87e-01	1.11e-01	2.46e-03
 2.73762e+23	8.88e-01	1.10e-01	2.42e-03
 2.73900e+23	8.89e-01	1.09e-01	2.36e-03
 2.74079e+23	8.90e-01	1.07e-01	2.29e-03
 2.74273e+23	8.91e-01	1.06e-01	2.25e-03
 2.74449e+23	8.93e-01	1.05e-01	2.19e-03
 2.74610e+23	8.94e-01	1.04e-01	2.15e-03
 2.74785e+23	8.95e-01	1.03e-01	2.08e-03
 2.74975e+23	8.97e-01	1.01e-01	2.04e-03
 2.75148e+23	8.98e-01	1.00e-01	1.99e-03
 2.75305e+23	8.99e-01	9.93e-02	1.95e-03
 2.75477e+23	9.00e-01	9.79e-02	1.90e-03
 2.75663e+23	9.01e-01	9.68e-02	1.85e-03
 2.75832e+23	9.03e-01	9.56e-02	1.80e-03
 2.75986e+23	9.03e-01	9.48e-02	1.77e-03
 2.76154e+23	9.05e-01	9.35e-02	1.72e-03
 2.76336e+23	9.06e-01	9.24e-02	1.68e-03
 2.76502e+23	9.07e-01	9.14e-02	1.64e-03
 2.76684e+23	9.08e-01	9.01e-02	1.60e-03
 2.76880e+23	9.10e-01	8.89e-02	1.55e-03
 2.77058e+23	9.11e-01	8.79e-02	1.52e-03
 2.77220e+23	9.12e-01	8.68e-02	1.48e-03
 2.77368e+23	9.13e-01	8.59e-02	1.45e-03
 2.77530e+23	9.14e-01	8.48e-02	1.41e-03
 2.77705e+23	9.15e-01	8.37e-02	1.37e-03
 2.77864e+23	9.16e-01	8.27e-02	1.34e-03
 2.78008e+23	9.17e-01	8.20e-02	1.32e-03
 2.78167e+23	9.18e-01	8.11e-02	1.29e-03
 2.78338e+23	9.19e-01	8.01e-02	1.26e-03
 2.78526e+23	9.20e-01	7.89e-02	1.22e-03
 2.78728e+23	9.21e-01	7.80e-02	1.19e-03
 2.78912e+23	9.22e-01	7.71e-02	1.16e-03
 2.79114e+23	9.23e-01	7.58e-02	1.12e-03
 2.79332e+23	9.24e-01	7.48e-02	1.09e-03
 2.79531e+23	9.25e-01	7.39e-02	1.07e-03
 2.79711e+23	9.26e-01	7.29e-02	1.04e-03
 2.79875e+23	9.27e-01	7.22e-02	1.02e-03
 2.80055e+23	9.28e-01	7.12e-02	9.89e-04
 2.80250e+23	9.29e-01	7.04e-02	9.67e-04
 2.80463e+23	9.30e-01	6.94e-02	9.39e-04
 2.80692e+23	9.31e-01	6.86e-02	9.17e-04
 2.80902e+23	9.32e-01	6.76e-02	8.90e-04
 2.81092e+23	9.32e-01	6.70e-02	8.74e-04
 2.81301e+23	9.33e-01	6.57e-02	8.42e-04
 2.81526e+23	9.34e-01	6.50e-02	8.24e-04
 2.81731e+23	9.35e-01	6.42e-02	8.02e-04
 2.81917e+23	9.36e-01	6.35e-02	7.86e-04
 2.82122e+23	9.37e-01	6.25e-02	7.60e-04
 2.82342e+23	9.38e-01	6.17e-02	7.42e-04
 2.82543e+23	9.38e-01	6.11e-02	7.26e-04
 2.82763e+23	9.39e-01	6.00e-02	7.02e-04
 2.83001e+23	9.40e-01	5.93e-02	6.84e-04
 2.83217e+23	9.41e-01	5.86e-02	6.69e-04
 2.83454e+23	9.42e-01	5.76e-02	6.45e-04
 2.83709e+23	9.43e-01	5.68e-02	6.28e-04
 2.83942e+23	9.43e-01	5.60e-02	6.09e-04
 2.84154e+23	9.44e-01	5.54e-02	5.96e-04
 2.84386e+23	9.45e-01	5.44e-02	5.76e-04
 2.84636e+23	9.46e-01	5.37e-02	5.61e-04
 2.84864e+23	9.46e-01	5.31e-02	5.47e-04
 2.85114e+23	9.47e-01	5.21e-02	5.28e-04
 2.85383e+23	9.48e-01	5.14e-02	5.14e-04
 2.85629e+23	9.49e-01	5.07e-02	5.00e-04
 2.85898e+23	9.50e-01	4.98e-02	4.82e-04
 2.86188e+23	9.50e-01	4.91e-02	4.68e-04
 2.86452e+23	9.51e-01	4.84e-02	4.55e-04
 2.86742e+23	9.52e-01	4.74e-02	4.37e-04
 2.87054e+23	9.53e-01	4.67e-02	4.24e-04
 2.87339e+23	9.54e-01	4.59e-02	4.10e-04
 2.87597e+23	9.54e-01	4.53e-02	3.99e-04
 2.87881e+23	9.55e-01	4.45e-02	3.84e-04
 2.88187e+23	9.56e-01	4.38e-02	3.72e-04
 2.88466e+23	9.56e-01	4.32e-02	3.62e-04
 2.88771e+23	9.57e-01	4.23e-02	3.48e-04
 2.89100e+23	9.58e-01	4.16e-02	3.37e-04
 2.89400e+23	9.59e-01	4.10e-02	3.27e-04
 2.89729e+23	9.60e-01	4.02e-02	3.14e-04
 2.90084e+23	9.60e-01	3.95e-02	3.04e-04
 2.90407e+23	9.61e-01	3.88e-02	2.93e-04
 2.90700e+23	9.61e-01	3.83e-02	2.85e-04
 2.91022e+23	9.62e-01	3.75e-02	2.73e-04
 2.91370e+23	9.63e-01	3.69e-02	2.64e-04
 2.91686e+23	9.63e-01	3.63e-02	2.56e-04
 2.92033e+23	9.64e-01	3.56e-02	2.46e-04
 2.92407e+23	9.65e-01	3.49e-02	2.37e-04
 2.92747e+23	9.65e-01	3.44e-02	2.30e-04
 2.93121e+23	9.66e-01	3.36e-02	2.20e-04
 2.93523e+23	9.67e-01	3.30e-02	2.11e-04
 2.93890e+23	9.67e-01	3.24e-02	2.04e-04
 2.94292e+23	9.68e-01	3.17e-02	1.95e-04
 2.94725e+23	9.69e-01	3.10e-02	1.87e-04
 2.95120e+23	9.69e-01	3.05e-02	1.80e-04
 2.95552e+23	9.70e-01	2.98e-02	1.72e-04
 2.96019e+23	9.71e-01	2.91e-02	1.65e-04
 2.96444e+23	9.71e-01	2.85e-02	1.58e-04
 2.96830e+23	9.72e-01	2.80e-02	1.52e-04
 2.97254e+23	9.72e-01	2.74e-02	1.46e-04
 2.97711e+23	9.73e-01	2.68e-02	1.40e-04
 2.98127e+23	9.74e-01	2.63e-02	1.34e-04
 2.98506e+23	9.74e-01	2.58e-02	1.30e-04
 2.98921e+23	9.75e-01	2.53e-02	1.24e-04
 2.99369e+23	9.75e-01	2.48e-02	1.19e-04
 2.99777e+23	9.76e-01	2.43e-02	1.15e-04
 3.00224e+23	9.76e-01	2.38e-02	1.10e-04
 3.00706e+23	9.77e-01	2.32e-02	1.05e-04
 3.01145e+23	9.77e-01	2.28e-02	1.01e-04
 3.01626e+23	9.78e-01	2.22e-02	9.63e-05
 3.02145e+23	9.78e-01	2.18e-02	9.21e-05
 3.02617e+23	9.79e-01	2.13e-02	8.83e-05
 3.03135e+23	9.79e-01	2.07e-02	8.38e-05
 3.03694e+23	9.80e-01	2.03e-02	7.99e-05
 3.04203e+23	9.80e-01	1.98e-02	7.64e-05
 3.04665e+23	9.81e-01	1.94e-02	7.34e-05
 3.05173e+23	9.81e-01	1.89e-02	6.98e-05
 3.05818e+23	9.82e-01	1.84e-02	6.57e-05
 3.06546e+23	9.82e-01	1.78e-02	6.15e-05
 3.07291e+23	9.83e-01	1.72e-02	5.75e-05
 3.08049e+23	9.83e-01	1.66e-02	5.38e-05
 3.08500e+23	9.83e-01	1.64e-02	5.28e-05
