#depth	N	N+	N+2	N+3	N+4	N+5	N+6	N+7
 1.54284e+22	2.51e-10	4.19e-06	1.99e-03	4.26e-02	1.15e-01	6.54e-01	1.76e-01	1.04e-02
 3.52766e+22	5.88e-10	9.14e-06	4.05e-03	6.85e-02	1.55e-01	6.41e-01	1.26e-01	5.44e-03
 4.19062e+22	8.82e-10	1.34e-05	5.69e-03	8.49e-02	1.76e-01	6.24e-01	1.05e-01	3.90e-03
 4.57104e+22	1.21e-09	1.77e-05	7.23e-03	9.85e-02	1.91e-01	6.08e-01	9.14e-02	3.05e-03
 4.79166e+22	1.38e-09	1.98e-05	7.95e-03	1.04e-01	1.97e-01	6.01e-01	8.64e-02	2.76e-03
 4.93243e+22	1.61e-09	2.27e-05	8.91e-03	1.12e-01	2.05e-01	5.91e-01	8.07e-02	2.45e-03
 5.08595e+22	1.86e-09	2.58e-05	9.93e-03	1.19e-01	2.12e-01	5.81e-01	7.54e-02	2.18e-03
 5.23323e+22	2.15e-09	2.92e-05	1.10e-02	1.27e-01	2.18e-01	5.71e-01	7.05e-02	1.94e-03
 5.40185e+22	2.60e-09	3.44e-05	1.26e-02	1.37e-01	2.27e-01	5.57e-01	6.44e-02	1.66e-03
 5.57199e+22	3.03e-09	3.92e-05	1.41e-02	1.46e-01	2.34e-01	5.45e-01	5.98e-02	1.47e-03
 5.74409e+22	3.68e-09	4.62e-05	1.61e-02	1.58e-01	2.42e-01	5.29e-01	5.44e-02	1.25e-03
 5.91954e+22	4.32e-09	5.30e-05	1.80e-02	1.68e-01	2.48e-01	5.15e-01	5.01e-02	1.09e-03
 6.09933e+22	5.30e-09	6.28e-05	2.06e-02	1.81e-01	2.56e-01	4.96e-01	4.51e-02	9.19e-04
 6.28255e+22	6.27e-09	7.24e-05	2.30e-02	1.92e-01	2.62e-01	4.81e-01	4.13e-02	7.95e-04
 6.47023e+22	7.76e-09	8.64e-05	2.65e-02	2.07e-01	2.69e-01	4.60e-01	3.68e-02	6.61e-04
 6.66043e+22	9.25e-09	9.98e-05	2.96e-02	2.20e-01	2.74e-01	4.43e-01	3.34e-02	5.66e-04
 6.82808e+22	1.10e-08	1.15e-04	3.29e-02	2.32e-01	2.78e-01	4.26e-01	3.03e-02	4.85e-04
 7.02017e+22	1.37e-08	1.37e-04	3.77e-02	2.48e-01	2.83e-01	4.04e-01	2.67e-02	3.98e-04
 7.21541e+22	1.63e-08	1.59e-04	4.21e-02	2.62e-01	2.87e-01	3.85e-01	2.39e-02	3.35e-04
 7.38850e+22	1.95e-08	1.83e-04	4.67e-02	2.75e-01	2.89e-01	3.67e-01	2.15e-02	2.84e-04
 7.58728e+22	2.46e-08	2.20e-04	5.34e-02	2.93e-01	2.91e-01	3.43e-01	1.86e-02	2.28e-04
 7.78844e+22	2.95e-08	2.54e-04	5.93e-02	3.07e-01	2.93e-01	3.24e-01	1.65e-02	1.90e-04
 7.99270e+22	3.73e-08	3.05e-04	6.74e-02	3.24e-01	2.92e-01	3.01e-01	1.42e-02	1.51e-04
 8.20125e+22	4.53e-08	3.54e-04	7.48e-02	3.39e-01	2.91e-01	2.82e-01	1.24e-02	1.24e-04
 8.38713e+22	5.47e-08	4.10e-04	8.28e-02	3.53e-01	2.90e-01	2.63e-01	1.08e-02	1.02e-04
 8.60055e+22	6.99e-08	4.95e-04	9.38e-02	3.70e-01	2.86e-01	2.40e-01	9.11e-03	7.88e-05
 8.81757e+22	8.53e-08	5.75e-04	1.04e-01	3.84e-01	2.82e-01	2.22e-01	7.86e-03	6.36e-05
 9.03926e+22	1.10e-07	6.95e-04	1.17e-01	4.00e-01	2.76e-01	2.00e-01	6.48e-03	4.81e-05
 9.25698e+22	1.33e-07	8.00e-04	1.28e-01	4.11e-01	2.70e-01	1.84e-01	5.59e-03	3.89e-05
 9.43861e+22	1.59e-07	9.13e-04	1.39e-01	4.21e-01	2.64e-01	1.70e-01	4.84e-03	3.16e-05
 9.61403e+22	1.89e-07	1.04e-03	1.50e-01	4.30e-01	2.58e-01	1.57e-01	4.19e-03	2.58e-05
 9.81228e+22	2.35e-07	1.21e-03	1.65e-01	4.40e-01	2.49e-01	1.41e-01	3.49e-03	1.99e-05
 1.00114e+23	2.82e-07	1.38e-03	1.78e-01	4.48e-01	2.41e-01	1.29e-01	2.98e-03	1.59e-05
 1.01826e+23	3.34e-07	1.56e-03	1.91e-01	4.54e-01	2.33e-01	1.18e-01	2.57e-03	1.30e-05
 1.03760e+23	4.11e-07	1.81e-03	2.07e-01	4.60e-01	2.23e-01	1.06e-01	2.13e-03	9.98e-06
 1.05772e+23	4.95e-07	2.06e-03	2.22e-01	4.64e-01	2.14e-01	9.53e-02	1.79e-03	7.86e-06
 1.07579e+23	5.88e-07	2.32e-03	2.37e-01	4.67e-01	2.05e-01	8.63e-02	1.52e-03	6.26e-06
 1.09621e+23	7.32e-07	2.70e-03	2.57e-01	4.70e-01	1.94e-01	7.58e-02	1.23e-03	4.67e-06
 1.11708e+23	8.78e-07	3.06e-03	2.74e-01	4.70e-01	1.84e-01	6.77e-02	1.02e-03	3.62e-06
 1.13483e+23	1.03e-06	3.41e-03	2.89e-01	4.70e-01	1.76e-01	6.11e-02	8.66e-04	2.89e-06
 1.15101e+23	1.20e-06	3.77e-03	3.04e-01	4.69e-01	1.68e-01	5.55e-02	7.42e-04	2.34e-06
 1.16885e+23	1.43e-06	4.26e-03	3.22e-01	4.66e-01	1.58e-01	4.92e-02	6.11e-04	1.80e-06
 1.18705e+23	1.66e-06	4.71e-03	3.37e-01	4.63e-01	1.50e-01	4.44e-02	5.19e-04	1.44e-06
 1.20328e+23	1.92e-06	5.19e-03	3.53e-01	4.59e-01	1.42e-01	4.00e-02	4.40e-04	1.15e-06
 1.22192e+23	2.30e-06	5.87e-03	3.73e-01	4.54e-01	1.33e-01	3.50e-02	3.56e-04	8.66e-07
 1.24067e+23	2.67e-06	6.47e-03	3.89e-01	4.48e-01	1.25e-01	3.13e-02	2.99e-04	6.82e-07
 1.25701e+23	3.09e-06	7.11e-03	4.05e-01	4.42e-01	1.18e-01	2.80e-02	2.51e-04	5.40e-07
 1.27575e+23	3.69e-06	8.01e-03	4.25e-01	4.34e-01	1.09e-01	2.44e-02	2.02e-04	4.03e-07
 1.29471e+23	4.29e-06	8.82e-03	4.41e-01	4.26e-01	1.02e-01	2.17e-02	1.68e-04	3.14e-07
 1.31140e+23	4.95e-06	9.69e-03	4.58e-01	4.18e-01	9.54e-02	1.93e-02	1.40e-04	2.46e-07
 1.32589e+23	5.50e-06	1.04e-02	4.69e-01	4.12e-01	9.08e-02	1.77e-02	1.22e-04	2.06e-07
 1.34009e+23	6.29e-06	1.13e-02	4.84e-01	4.03e-01	8.52e-02	1.58e-02	1.03e-04	1.63e-07
 1.35855e+23	7.46e-06	1.26e-02	5.03e-01	3.92e-01	7.82e-02	1.37e-02	8.22e-05	0.00e+00
 1.37780e+23	8.68e-06	1.39e-02	5.20e-01	3.82e-01	7.23e-02	1.20e-02	6.70e-05	0.00e+00
 1.39531e+23	1.00e-05	1.52e-02	5.36e-01	3.72e-01	6.70e-02	1.05e-02	5.50e-05	0.00e+00
 1.41533e+23	1.20e-05	1.71e-02	5.55e-01	3.58e-01	6.07e-02	8.93e-03	4.28e-05	0.00e+00
 1.43576e+23	1.40e-05	1.88e-02	5.71e-01	3.46e-01	5.57e-02	7.76e-03	3.45e-05	0.00e+00
 1.45673e+23	1.68e-05	2.11e-02	5.91e-01	3.32e-01	5.00e-02	6.51e-03	2.64e-05	0.00e+00
 1.47806e+23	1.96e-05	2.32e-02	6.06e-01	3.19e-01	4.56e-02	5.61e-03	2.10e-05	0.00e+00
 1.49987e+23	2.37e-05	2.61e-02	6.25e-01	3.04e-01	4.06e-02	4.66e-03	1.58e-05	0.00e+00
 1.52212e+23	2.78e-05	2.87e-02	6.40e-01	2.91e-01	3.67e-02	3.97e-03	1.24e-05	0.00e+00
 1.54198e+23	3.24e-05	3.15e-02	6.54e-01	2.78e-01	3.33e-02	3.40e-03	9.79e-06	0.00e+00
 1.56481e+23	3.92e-05	3.54e-02	6.71e-01	2.62e-01	2.93e-02	2.78e-03	7.23e-06	0.00e+00
 1.58485e+23	4.41e-05	3.79e-02	6.80e-01	2.52e-01	2.70e-02	2.45e-03	5.97e-06	0.00e+00
 1.60126e+23	5.02e-05	4.11e-02	6.91e-01	2.41e-01	2.46e-02	2.13e-03	4.82e-06	0.00e+00
 1.61843e+23	5.63e-05	4.40e-02	7.00e-01	2.32e-01	2.26e-02	1.88e-03	3.98e-06	0.00e+00
 1.63657e+23	6.54e-05	4.81e-02	7.10e-01	2.20e-01	2.03e-02	1.59e-03	3.11e-06	0.00e+00
 1.65467e+23	7.34e-05	5.15e-02	7.18e-01	2.10e-01	1.86e-02	1.40e-03	2.54e-06	0.00e+00
 1.67270e+23	8.46e-05	5.61e-02	7.27e-01	1.99e-01	1.68e-02	1.19e-03	1.99e-06	0.00e+00
 1.69112e+23	9.55e-05	6.02e-02	7.34e-01	1.89e-01	1.52e-02	1.03e-03	1.61e-06	0.00e+00
 1.71004e+23	1.11e-04	6.57e-02	7.42e-01	1.78e-01	1.36e-02	8.66e-04	1.24e-06	0.00e+00
 1.72920e+23	1.25e-04	7.05e-02	7.48e-01	1.68e-01	1.23e-02	7.47e-04	9.91e-07	0.00e+00
 1.74869e+23	1.46e-04	7.72e-02	7.54e-01	1.57e-01	1.09e-02	6.20e-04	7.50e-07	0.00e+00
 1.76832e+23	1.64e-04	8.26e-02	7.59e-01	1.48e-01	9.82e-03	5.34e-04	6.00e-07	0.00e+00
 1.78813e+23	1.92e-04	9.05e-02	7.63e-01	1.37e-01	8.63e-03	4.40e-04	4.50e-07	0.00e+00
 1.80830e+23	2.18e-04	9.70e-02	7.66e-01	1.29e-01	7.74e-03	3.75e-04	3.54e-07	0.00e+00
 1.82892e+23	2.54e-04	1.06e-01	7.68e-01	1.19e-01	6.77e-03	3.07e-04	2.63e-07	0.00e+00
 1.85015e+23	2.91e-04	1.15e-01	7.69e-01	1.10e-01	6.00e-03	2.57e-04	2.02e-07	0.00e+00
 1.87215e+23	3.45e-04	1.27e-01	7.68e-01	1.00e-01	5.16e-03	2.05e-04	1.45e-07	0.00e+00
 1.89405e+23	3.93e-04	1.36e-01	7.66e-01	9.25e-02	4.58e-03	1.72e-04	0.00e+00	0.00e+00
 1.91579e+23	4.67e-04	1.50e-01	7.62e-01	8.34e-02	3.93e-03	1.36e-04	0.00e+00	0.00e+00
 1.93759e+23	5.33e-04	1.61e-01	7.58e-01	7.65e-02	3.47e-03	1.13e-04	0.00e+00	0.00e+00
 1.95945e+23	6.36e-04	1.78e-01	7.50e-01	6.82e-02	2.96e-03	8.90e-05	0.00e+00	0.00e+00
 1.98132e+23	7.28e-04	1.92e-01	7.43e-01	6.21e-02	2.60e-03	7.33e-05	0.00e+00	0.00e+00
 2.00321e+23	8.74e-04	2.12e-01	7.30e-01	5.46e-02	2.20e-03	5.66e-05	0.00e+00	0.00e+00
 2.02504e+23	1.01e-03	2.29e-01	7.19e-01	4.92e-02	1.93e-03	4.61e-05	0.00e+00	0.00e+00
 2.04679e+23	1.22e-03	2.54e-01	7.01e-01	4.26e-02	1.62e-03	3.49e-05	0.00e+00	0.00e+00
 2.06842e+23	1.40e-03	2.74e-01	6.86e-01	3.79e-02	1.41e-03	2.81e-05	0.00e+00	0.00e+00
 2.08988e+23	1.70e-03	3.04e-01	6.61e-01	3.23e-02	1.17e-03	2.09e-05	0.00e+00	0.00e+00
 2.11131e+23	1.99e-03	3.29e-01	6.40e-01	2.83e-02	1.01e-03	1.64e-05	0.00e+00	0.00e+00
 2.13269e+23	2.42e-03	3.64e-01	6.09e-01	2.36e-02	8.30e-04	1.19e-05	0.00e+00	0.00e+00
 2.15413e+23	2.85e-03	3.95e-01	5.82e-01	2.01e-02	7.03e-04	9.04e-06	0.00e+00	0.00e+00
 2.17566e+23	3.50e-03	4.37e-01	5.43e-01	1.63e-02	5.65e-04	6.30e-06	0.00e+00	0.00e+00
 2.19729e+23	4.17e-03	4.74e-01	5.08e-01	1.35e-02	4.67e-04	4.58e-06	0.00e+00	0.00e+00
 2.21610e+23	4.94e-03	5.12e-01	4.72e-01	1.11e-02	3.84e-04	3.30e-06	0.00e+00	0.00e+00
 2.23757e+23	6.10e-03	5.61e-01	4.24e-01	8.47e-03	2.94e-04	2.13e-06	0.00e+00	0.00e+00
 2.25935e+23	7.38e-03	6.06e-01	3.80e-01	6.54e-03	2.29e-04	1.41e-06	0.00e+00	0.00e+00
 2.27595e+23	8.52e-03	6.40e-01	3.45e-01	5.31e-03	1.88e-04	1.01e-06	0.00e+00	0.00e+00
 2.29192e+23	1.01e-02	6.80e-01	3.05e-01	4.09e-03	1.45e-04	6.68e-07	0.00e+00	0.00e+00
 2.30895e+23	1.19e-02	7.19e-01	2.66e-01	3.10e-03	1.11e-04	4.33e-07	0.00e+00	0.00e+00
 2.32458e+23	1.39e-02	7.54e-01	2.30e-01	2.33e-03	8.35e-05	2.77e-07	0.00e+00	0.00e+00
 2.33978e+23	1.64e-02	7.88e-01	1.94e-01	1.71e-03	6.10e-05	1.70e-07	0.00e+00	0.00e+00
 2.35452e+23	1.93e-02	8.18e-01	1.61e-01	1.23e-03	4.35e-05	0.00e+00	0.00e+00	0.00e+00
 2.36834e+23	2.28e-02	8.45e-01	1.31e-01	8.73e-04	3.03e-05	0.00e+00	0.00e+00	0.00e+00
 2.38108e+23	2.67e-02	8.66e-01	1.06e-01	6.19e-04	2.08e-05	0.00e+00	0.00e+00	0.00e+00
 2.39284e+23	3.14e-02	8.84e-01	8.46e-02	4.36e-04	1.39e-05	0.00e+00	0.00e+00	0.00e+00
 2.40374e+23	3.68e-02	8.96e-01	6.67e-02	3.09e-04	9.25e-06	0.00e+00	0.00e+00	0.00e+00
 2.41377e+23	4.33e-02	9.05e-01	5.19e-02	2.19e-04	6.01e-06	0.00e+00	0.00e+00	0.00e+00
 2.42281e+23	5.08e-02	9.09e-01	4.03e-02	1.59e-04	3.91e-06	0.00e+00	0.00e+00	0.00e+00
 2.43075e+23	5.94e-02	9.09e-01	3.15e-02	1.18e-04	2.57e-06	0.00e+00	0.00e+00	0.00e+00
 2.43780e+23	6.90e-02	9.06e-01	2.47e-02	9.05e-05	1.72e-06	0.00e+00	0.00e+00	0.00e+00
 2.44422e+23	7.97e-02	9.01e-01	1.96e-02	7.10e-05	1.17e-06	0.00e+00	0.00e+00	0.00e+00
 2.45031e+23	9.27e-02	8.92e-01	1.54e-02	5.61e-05	7.87e-07	0.00e+00	0.00e+00	0.00e+00
 2.45603e+23	1.08e-01	8.80e-01	1.21e-02	4.51e-05	5.33e-07	0.00e+00	0.00e+00	0.00e+00
 2.46121e+23	1.25e-01	8.66e-01	9.55e-03	3.70e-05	3.69e-07	0.00e+00	0.00e+00	0.00e+00
 2.46598e+23	1.43e-01	8.49e-01	7.63e-03	3.09e-05	2.60e-07	0.00e+00	0.00e+00	0.00e+00
 2.47036e+23	1.63e-01	8.31e-01	6.16e-03	2.63e-05	1.88e-07	0.00e+00	0.00e+00	0.00e+00
 2.47421e+23	1.83e-01	8.12e-01	5.07e-03	2.28e-05	1.41e-07	0.00e+00	0.00e+00	0.00e+00
 2.47754e+23	2.02e-01	7.94e-01	4.28e-03	2.03e-05	0.00e+00	0.00e+00	0.00e+00	0.00e+00
 2.48023e+23	2.19e-01	7.78e-01	3.73e-03	1.85e-05	0.00e+00	0.00e+00	0.00e+00	0.00e+00
 2.48244e+23	2.33e-01	7.64e-01	3.32e-03	1.72e-05	0.00e+00	0.00e+00	0.00e+00	0.00e+00
 2.48478e+23	2.49e-01	7.48e-01	2.92e-03	1.59e-05	0.00e+00	0.00e+00	0.00e+00	0.00e+00
 2.48749e+23	2.69e-01	7.28e-01	2.53e-03	1.45e-05	0.00e+00	0.00e+00	0.00e+00	0.00e+00
 2.49033e+23	2.91e-01	7.07e-01	2.17e-03	1.33e-05	0.00e+00	0.00e+00	0.00e+00	0.00e+00
 2.49298e+23	3.11e-01	6.87e-01	1.89e-03	1.22e-05	0.00e+00	0.00e+00	0.00e+00	0.00e+00
 2.49495e+23	3.26e-01	6.73e-01	1.71e-03	1.16e-05	0.00e+00	0.00e+00	0.00e+00	0.00e+00
 2.49629e+23	3.36e-01	6.62e-01	1.59e-03	1.11e-05	0.00e+00	0.00e+00	0.00e+00	0.00e+00
 2.49764e+23	3.47e-01	6.52e-01	1.48e-03	1.07e-05	0.00e+00	0.00e+00	0.00e+00	0.00e+00
 2.49927e+23	3.60e-01	6.39e-01	1.36e-03	1.02e-05	0.00e+00	0.00e+00	0.00e+00	0.00e+00
 2.50105e+23	3.75e-01	6.24e-01	1.23e-03	9.71e-06	0.00e+00	0.00e+00	0.00e+00	0.00e+00
 2.50275e+23	3.88e-01	6.11e-01	1.13e-03	9.28e-06	0.00e+00	0.00e+00	0.00e+00	0.00e+00
 2.50443e+23	4.02e-01	5.97e-01	1.04e-03	8.86e-06	0.00e+00	0.00e+00	0.00e+00	0.00e+00
 2.50615e+23	4.16e-01	5.83e-01	9.48e-04	8.47e-06	0.00e+00	0.00e+00	0.00e+00	0.00e+00
 2.50796e+23	4.30e-01	5.69e-01	8.62e-04	8.08e-06	0.00e+00	0.00e+00	0.00e+00	0.00e+00
 2.50985e+23	4.46e-01	5.53e-01	7.81e-04	7.69e-06	0.00e+00	0.00e+00	0.00e+00	0.00e+00
 2.51171e+23	4.60e-01	5.39e-01	7.12e-04	7.34e-06	0.00e+00	0.00e+00	0.00e+00	0.00e+00
 2.51358e+23	4.75e-01	5.24e-01	6.47e-04	7.01e-06	0.00e+00	0.00e+00	0.00e+00	0.00e+00
 2.51556e+23	4.90e-01	5.09e-01	5.86e-04	6.68e-06	0.00e+00	0.00e+00	0.00e+00	0.00e+00
 2.51762e+23	5.06e-01	4.94e-01	5.29e-04	6.36e-06	0.00e+00	0.00e+00	0.00e+00	0.00e+00
 2.51973e+23	5.21e-01	4.78e-01	4.78e-04	6.05e-06	0.00e+00	0.00e+00	0.00e+00	0.00e+00
 2.52187e+23	5.37e-01	4.63e-01	4.31e-04	5.75e-06	0.00e+00	0.00e+00	0.00e+00	0.00e+00
 2.52404e+23	5.52e-01	4.47e-01	3.89e-04	5.48e-06	0.00e+00	0.00e+00	0.00e+00	0.00e+00
 2.52628e+23	5.68e-01	4.32e-01	3.50e-04	5.21e-06	0.00e+00	0.00e+00	0.00e+00	0.00e+00
 2.52863e+23	5.84e-01	4.16e-01	3.14e-04	4.94e-06	0.00e+00	0.00e+00	0.00e+00	0.00e+00
 2.53106e+23	5.99e-01	4.00e-01	2.82e-04	4.69e-06	0.00e+00	0.00e+00	0.00e+00	0.00e+00
 2.53353e+23	6.15e-01	3.85e-01	2.54e-04	4.45e-06	0.00e+00	0.00e+00	0.00e+00	0.00e+00
 2.53609e+23	6.30e-01	3.70e-01	2.28e-04	4.22e-06	0.00e+00	0.00e+00	0.00e+00	0.00e+00
 2.53875e+23	6.45e-01	3.55e-01	2.04e-04	4.00e-06	0.00e+00	0.00e+00	0.00e+00	0.00e+00
 2.54149e+23	6.60e-01	3.40e-01	1.83e-04	3.79e-06	0.00e+00	0.00e+00	0.00e+00	0.00e+00
 2.54432e+23	6.75e-01	3.25e-01	1.65e-04	3.59e-06	0.00e+00	0.00e+00	0.00e+00	0.00e+00
 2.54727e+23	6.90e-01	3.10e-01	1.48e-04	3.39e-06	0.00e+00	0.00e+00	0.00e+00	0.00e+00
 2.55037e+23	7.04e-01	2.96e-01	1.33e-04	3.21e-06	0.00e+00	0.00e+00	0.00e+00	0.00e+00
 2.55356e+23	7.18e-01	2.82e-01	1.20e-04	3.03e-06	0.00e+00	0.00e+00	0.00e+00	0.00e+00
 2.55681e+23	7.31e-01	2.69e-01	1.09e-04	2.87e-06	0.00e+00	0.00e+00	0.00e+00	0.00e+00
 2.56014e+23	7.44e-01	2.56e-01	9.91e-05	2.72e-06	0.00e+00	0.00e+00	0.00e+00	0.00e+00
 2.56358e+23	7.56e-01	2.44e-01	9.04e-05	2.58e-06	0.00e+00	0.00e+00	0.00e+00	0.00e+00
 2.56719e+23	7.68e-01	2.32e-01	8.27e-05	2.44e-06	0.00e+00	0.00e+00	0.00e+00	0.00e+00
 2.57096e+23	7.80e-01	2.20e-01	7.58e-05	2.31e-06	0.00e+00	0.00e+00	0.00e+00	0.00e+00
 2.57480e+23	7.90e-01	2.09e-01	7.00e-05	2.19e-06	0.00e+00	0.00e+00	0.00e+00	0.00e+00
 2.57880e+23	8.01e-01	1.99e-01	6.48e-05	2.08e-06	0.00e+00	0.00e+00	0.00e+00	0.00e+00
 2.58303e+23	8.11e-01	1.89e-01	6.01e-05	1.98e-06	0.00e+00	0.00e+00	0.00e+00	0.00e+00
 2.58751e+23	8.21e-01	1.79e-01	5.61e-05	1.88e-06	0.00e+00	0.00e+00	0.00e+00	0.00e+00
 2.59217e+23	8.30e-01	1.70e-01	5.24e-05	1.78e-06	0.00e+00	0.00e+00	0.00e+00	0.00e+00
 2.59707e+23	8.39e-01	1.61e-01	4.91e-05	1.69e-06	0.00e+00	0.00e+00	0.00e+00	0.00e+00
 2.60230e+23	8.48e-01	1.52e-01	4.61e-05	1.61e-06	0.00e+00	0.00e+00	0.00e+00	0.00e+00
 2.60786e+23	8.57e-01	1.43e-01	4.34e-05	1.52e-06	0.00e+00	0.00e+00	0.00e+00	0.00e+00
 2.61371e+23	8.66e-01	1.34e-01	4.10e-05	1.44e-06	0.00e+00	0.00e+00	0.00e+00	0.00e+00
 2.61954e+23	8.73e-01	1.27e-01	3.89e-05	1.37e-06	0.00e+00	0.00e+00	0.00e+00	0.00e+00
 2.62516e+23	8.80e-01	1.20e-01	3.72e-05	1.31e-06	0.00e+00	0.00e+00	0.00e+00	0.00e+00
 2.63065e+23	8.86e-01	1.14e-01	3.57e-05	1.25e-06	0.00e+00	0.00e+00	0.00e+00	0.00e+00
 2.63602e+23	8.92e-01	1.08e-01	3.43e-05	1.20e-06	0.00e+00	0.00e+00	0.00e+00	0.00e+00
 2.64128e+23	8.97e-01	1.03e-01	3.31e-05	1.15e-06	0.00e+00	0.00e+00	0.00e+00	0.00e+00
 2.64641e+23	9.02e-01	9.77e-02	3.20e-05	1.11e-06	0.00e+00	0.00e+00	0.00e+00	0.00e+00
 2.65130e+23	9.07e-01	9.30e-02	3.10e-05	1.07e-06	0.00e+00	0.00e+00	0.00e+00	0.00e+00
 2.65584e+23	9.11e-01	8.90e-02	3.02e-05	1.04e-06	0.00e+00	0.00e+00	0.00e+00	0.00e+00
 2.66024e+23	9.15e-01	8.52e-02	2.94e-05	1.00e-06	0.00e+00	0.00e+00	0.00e+00	0.00e+00
 2.66463e+23	9.19e-01	8.14e-02	2.87e-05	9.73e-07	0.00e+00	0.00e+00	0.00e+00	0.00e+00
 2.66890e+23	9.22e-01	7.80e-02	2.80e-05	9.44e-07	0.00e+00	0.00e+00	0.00e+00	0.00e+00
 2.67300e+23	9.25e-01	7.48e-02	2.74e-05	9.18e-07	0.00e+00	0.00e+00	0.00e+00	0.00e+00
 2.67696e+23	9.28e-01	7.19e-02	2.68e-05	8.95e-07	0.00e+00	0.00e+00	0.00e+00	0.00e+00
 2.68078e+23	9.31e-01	6.91e-02	2.63e-05	8.73e-07	0.00e+00	0.00e+00	0.00e+00	0.00e+00
 2.68447e+23	9.33e-01	6.66e-02	2.59e-05	8.53e-07	0.00e+00	0.00e+00	0.00e+00	0.00e+00
 2.68804e+23	9.36e-01	6.42e-02	2.54e-05	8.36e-07	0.00e+00	0.00e+00	0.00e+00	0.00e+00
 2.69149e+23	9.38e-01	6.20e-02	2.50e-05	8.20e-07	0.00e+00	0.00e+00	0.00e+00	0.00e+00
 2.69480e+23	9.40e-01	6.00e-02	2.46e-05	8.05e-07	0.00e+00	0.00e+00	0.00e+00	0.00e+00
 2.69800e+23	9.42e-01	5.81e-02	2.43e-05	7.93e-07	0.00e+00	0.00e+00	0.00e+00	0.00e+00
 2.70109e+23	9.44e-01	5.64e-02	2.40e-05	7.82e-07	0.00e+00	0.00e+00	0.00e+00	0.00e+00
 2.70402e+23	9.45e-01	5.49e-02	2.37e-05	7.73e-07	0.00e+00	0.00e+00	0.00e+00	0.00e+00
 2.70689e+23	9.47e-01	5.34e-02	2.34e-05	7.65e-07	0.00e+00	0.00e+00	0.00e+00	0.00e+00
 2.70968e+23	9.48e-01	5.21e-02	2.32e-05	7.60e-07	0.00e+00	0.00e+00	0.00e+00	0.00e+00
 2.71222e+23	9.49e-01	5.10e-02	2.29e-05	7.55e-07	0.00e+00	0.00e+00	0.00e+00	0.00e+00
 2.71453e+23	9.50e-01	5.01e-02	2.27e-05	7.53e-07	0.00e+00	0.00e+00	0.00e+00	0.00e+00
 2.71663e+23	9.51e-01	4.93e-02	2.26e-05	7.51e-07	0.00e+00	0.00e+00	0.00e+00	0.00e+00
 2.71855e+23	9.51e-01	4.86e-02	2.24e-05	7.51e-07	0.00e+00	0.00e+00	0.00e+00	0.00e+00
 2.72029e+23	9.52e-01	4.80e-02	2.23e-05	7.51e-07	0.00e+00	0.00e+00	0.00e+00	0.00e+00
 2.72187e+23	9.53e-01	4.75e-02	2.22e-05	7.52e-07	0.00e+00	0.00e+00	0.00e+00	0.00e+00
 2.72331e+23	9.53e-01	4.70e-02	2.21e-05	7.55e-07	0.00e+00	0.00e+00	0.00e+00	0.00e+00
 2.72463e+23	9.53e-01	4.66e-02	2.20e-05	7.55e-07	0.00e+00	0.00e+00	0.00e+00	0.00e+00
 2.72606e+23	9.54e-01	4.62e-02	2.19e-05	7.55e-07	0.00e+00	0.00e+00	0.00e+00	0.00e+00
 2.72793e+23	9.54e-01	4.55e-02	2.17e-05	7.56e-07	0.00e+00	0.00e+00	0.00e+00	0.00e+00
 2.72995e+23	9.55e-01	4.49e-02	2.16e-05	7.55e-07	0.00e+00	0.00e+00	0.00e+00	0.00e+00
 2.73179e+23	9.56e-01	4.44e-02	2.14e-05	7.58e-07	0.00e+00	0.00e+00	0.00e+00	0.00e+00
 2.73346e+23	9.56e-01	4.41e-02	2.13e-05	7.60e-07	0.00e+00	0.00e+00	0.00e+00	0.00e+00
 2.73498e+23	9.56e-01	4.37e-02	2.12e-05	7.64e-07	0.00e+00	0.00e+00	0.00e+00	0.00e+00
 2.73636e+23	9.56e-01	4.35e-02	2.12e-05	7.71e-07	0.00e+00	0.00e+00	0.00e+00	0.00e+00
 2.73762e+23	9.57e-01	4.33e-02	2.11e-05	7.73e-07	0.00e+00	0.00e+00	0.00e+00	0.00e+00
 2.73900e+23	9.57e-01	4.30e-02	2.10e-05	7.73e-07	0.00e+00	0.00e+00	0.00e+00	0.00e+00
 2.74079e+23	9.57e-01	4.25e-02	2.09e-05	7.74e-07	0.00e+00	0.00e+00	0.00e+00	0.00e+00
 2.74273e+23	9.58e-01	4.21e-02	2.07e-05	7.76e-07	0.00e+00	0.00e+00	0.00e+00	0.00e+00
 2.74449e+23	9.58e-01	4.18e-02	2.06e-05	7.79e-07	0.00e+00	0.00e+00	0.00e+00	0.00e+00
 2.74610e+23	9.58e-01	4.16e-02	2.05e-05	7.79e-07	0.00e+00	0.00e+00	0.00e+00	0.00e+00
 2.74785e+23	9.59e-01	4.12e-02	2.04e-05	7.80e-07	0.00e+00	0.00e+00	0.00e+00	0.00e+00
 2.74975e+23	9.59e-01	4.09e-02	2.03e-05	7.83e-07	0.00e+00	0.00e+00	0.00e+00	0.00e+00
 2.75148e+23	9.59e-01	4.07e-02	2.02e-05	7.89e-07	0.00e+00	0.00e+00	0.00e+00	0.00e+00
 2.75305e+23	9.60e-01	4.05e-02	2.01e-05	7.88e-07	0.00e+00	0.00e+00	0.00e+00	0.00e+00
 2.75477e+23	9.60e-01	4.02e-02	2.00e-05	7.90e-07	0.00e+00	0.00e+00	0.00e+00	0.00e+00
 2.75663e+23	9.60e-01	3.99e-02	1.99e-05	7.93e-07	0.00e+00	0.00e+00	0.00e+00	0.00e+00
 2.75832e+23	9.60e-01	3.97e-02	1.98e-05	8.00e-07	0.00e+00	0.00e+00	0.00e+00	0.00e+00
 2.75986e+23	9.60e-01	3.95e-02	1.97e-05	7.99e-07	0.00e+00	0.00e+00	0.00e+00	0.00e+00
 2.76154e+23	9.61e-01	3.93e-02	1.96e-05	8.02e-07	0.00e+00	0.00e+00	0.00e+00	0.00e+00
 2.76336e+23	9.61e-01	3.90e-02	1.95e-05	8.06e-07	0.00e+00	0.00e+00	0.00e+00	0.00e+00
 2.76502e+23	9.61e-01	3.88e-02	1.95e-05	8.10e-07	0.00e+00	0.00e+00	0.00e+00	0.00e+00
 2.76684e+23	9.61e-01	3.86e-02	1.94e-05	8.15e-07	0.00e+00	0.00e+00	0.00e+00	0.00e+00
 2.76880e+23	9.62e-01	3.83e-02	1.94e-05	8.20e-07	0.00e+00	0.00e+00	0.00e+00	0.00e+00
 2.77058e+23	9.62e-01	3.81e-02	1.93e-05	8.24e-07	0.00e+00	0.00e+00	0.00e+00	0.00e+00
 2.77220e+23	9.62e-01	3.80e-02	1.93e-05	8.32e-07	0.00e+00	0.00e+00	0.00e+00	0.00e+00
 2.77368e+23	9.62e-01	3.79e-02	1.93e-05	8.35e-07	0.00e+00	0.00e+00	0.00e+00	0.00e+00
 2.77530e+23	9.62e-01	3.77e-02	1.92e-05	8.38e-07	0.00e+00	0.00e+00	0.00e+00	0.00e+00
 2.77705e+23	9.63e-01	3.75e-02	1.92e-05	8.43e-07	0.00e+00	0.00e+00	0.00e+00	0.00e+00
 2.77864e+23	9.63e-01	3.74e-02	1.92e-05	8.51e-07	0.00e+00	0.00e+00	0.00e+00	0.00e+00
 2.78008e+23	9.63e-01	3.72e-02	1.91e-05	8.51e-07	0.00e+00	0.00e+00	0.00e+00	0.00e+00
 2.78167e+23	9.63e-01	3.70e-02	1.91e-05	8.55e-07	0.00e+00	0.00e+00	0.00e+00	0.00e+00
 2.78338e+23	9.63e-01	3.68e-02	1.90e-05	8.58e-07	0.00e+00	0.00e+00	0.00e+00	0.00e+00
 2.78526e+23	9.63e-01	3.66e-02	1.90e-05	8.63e-07	0.00e+00	0.00e+00	0.00e+00	0.00e+00
 2.78728e+23	9.64e-01	3.63e-02	1.89e-05	8.66e-07	0.00e+00	0.00e+00	0.00e+00	0.00e+00
 2.78912e+23	9.64e-01	3.61e-02	1.89e-05	8.69e-07	0.00e+00	0.00e+00	0.00e+00	0.00e+00
 2.79114e+23	9.64e-01	3.59e-02	1.88e-05	8.73e-07	0.00e+00	0.00e+00	0.00e+00	0.00e+00
 2.79332e+23	9.64e-01	3.56e-02	1.88e-05	8.78e-07	0.00e+00	0.00e+00	0.00e+00	0.00e+00
 2.79531e+23	9.65e-01	3.54e-02	1.87e-05	8.81e-07	0.00e+00	0.00e+00	0.00e+00	0.00e+00
 2.79711e+23	9.65e-01	3.53e-02	1.87e-05	8.87e-07	0.00e+00	0.00e+00	0.00e+00	0.00e+00
 2.79875e+23	9.65e-01	3.51e-02	1.86e-05	8.86e-07	0.00e+00	0.00e+00	0.00e+00	0.00e+00
 2.80055e+23	9.65e-01	3.49e-02	1.86e-05	8.87e-07	0.00e+00	0.00e+00	0.00e+00	0.00e+00
 2.80250e+23	9.65e-01	3.47e-02	1.85e-05	8.87e-07	0.00e+00	0.00e+00	0.00e+00	0.00e+00
 2.80463e+23	9.66e-01	3.44e-02	1.84e-05	8.87e-07	0.00e+00	0.00e+00	0.00e+00	0.00e+00
 2.80692e+23	9.66e-01	3.41e-02	1.84e-05	8.89e-07	0.00e+00	0.00e+00	0.00e+00	0.00e+00
 2.80902e+23	9.66e-01	3.39e-02	1.83e-05	8.91e-07	0.00e+00	0.00e+00	0.00e+00	0.00e+00
 2.81092e+23	9.66e-01	3.38e-02	1.83e-05	8.91e-07	0.00e+00	0.00e+00	0.00e+00	0.00e+00
 2.81301e+23	9.67e-01	3.35e-02	1.82e-05	8.89e-07	0.00e+00	0.00e+00	0.00e+00	0.00e+00
 2.81526e+23	9.67e-01	3.32e-02	1.81e-05	8.89e-07	0.00e+00	0.00e+00	0.00e+00	0.00e+00
 2.81731e+23	9.67e-01	3.30e-02	1.81e-05	8.90e-07	0.00e+00	0.00e+00	0.00e+00	0.00e+00
 2.81917e+23	9.67e-01	3.29e-02	1.80e-05	8.89e-07	0.00e+00	0.00e+00	0.00e+00	0.00e+00
 2.82122e+23	9.67e-01	3.26e-02	1.79e-05	8.91e-07	0.00e+00	0.00e+00	0.00e+00	0.00e+00
 2.82342e+23	9.68e-01	3.24e-02	1.79e-05	8.92e-07	0.00e+00	0.00e+00	0.00e+00	0.00e+00
 2.82543e+23	9.68e-01	3.22e-02	1.78e-05	8.89e-07	0.00e+00	0.00e+00	0.00e+00	0.00e+00
 2.82763e+23	9.68e-01	3.19e-02	1.77e-05	8.90e-07	0.00e+00	0.00e+00	0.00e+00	0.00e+00
 2.83001e+23	9.68e-01	3.16e-02	1.77e-05	8.89e-07	0.00e+00	0.00e+00	0.00e+00	0.00e+00
 2.83217e+23	9.69e-01	3.14e-02	1.76e-05	8.86e-07	0.00e+00	0.00e+00	0.00e+00	0.00e+00
 2.83454e+23	9.69e-01	3.11e-02	1.75e-05	8.86e-07	0.00e+00	0.00e+00	0.00e+00	0.00e+00
 2.83709e+23	9.69e-01	3.09e-02	1.75e-05	8.85e-07	0.00e+00	0.00e+00	0.00e+00	0.00e+00
 2.83942e+23	9.69e-01	3.07e-02	1.74e-05	8.86e-07	0.00e+00	0.00e+00	0.00e+00	0.00e+00
 2.84154e+23	9.70e-01	3.05e-02	1.73e-05	8.82e-07	0.00e+00	0.00e+00	0.00e+00	0.00e+00
 2.84386e+23	9.70e-01	3.02e-02	1.73e-05	8.80e-07	0.00e+00	0.00e+00	0.00e+00	0.00e+00
 2.84636e+23	9.70e-01	2.99e-02	1.72e-05	8.80e-07	0.00e+00	0.00e+00	0.00e+00	0.00e+00
 2.84864e+23	9.70e-01	2.97e-02	1.71e-05	8.76e-07	0.00e+00	0.00e+00	0.00e+00	0.00e+00
 2.85114e+23	9.71e-01	2.94e-02	1.70e-05	8.74e-07	0.00e+00	0.00e+00	0.00e+00	0.00e+00
 2.85383e+23	9.71e-01	2.92e-02	1.70e-05	8.73e-07	0.00e+00	0.00e+00	0.00e+00	0.00e+00
 2.85629e+23	9.71e-01	2.89e-02	1.69e-05	8.68e-07	0.00e+00	0.00e+00	0.00e+00	0.00e+00
 2.85898e+23	9.71e-01	2.86e-02	1.68e-05	8.65e-07	0.00e+00	0.00e+00	0.00e+00	0.00e+00
 2.86188e+23	9.72e-01	2.83e-02	1.67e-05	8.63e-07	0.00e+00	0.00e+00	0.00e+00	0.00e+00
 2.86452e+23	9.72e-01	2.81e-02	1.66e-05	8.58e-07	0.00e+00	0.00e+00	0.00e+00	0.00e+00
 2.86742e+23	9.72e-01	2.78e-02	1.65e-05	8.54e-07	0.00e+00	0.00e+00	0.00e+00	0.00e+00
 2.87054e+23	9.73e-01	2.75e-02	1.64e-05	8.48e-07	0.00e+00	0.00e+00	0.00e+00	0.00e+00
 2.87339e+23	9.73e-01	2.72e-02	1.64e-05	8.46e-07	0.00e+00	0.00e+00	0.00e+00	0.00e+00
 2.87597e+23	9.73e-01	2.70e-02	1.63e-05	8.43e-07	0.00e+00	0.00e+00	0.00e+00	0.00e+00
 2.87881e+23	9.73e-01	2.67e-02	1.62e-05	8.36e-07	0.00e+00	0.00e+00	0.00e+00	0.00e+00
 2.88187e+23	9.74e-01	2.64e-02	1.61e-05	8.34e-07	0.00e+00	0.00e+00	0.00e+00	0.00e+00
 2.88466e+23	9.74e-01	2.62e-02	1.60e-05	8.27e-07	0.00e+00	0.00e+00	0.00e+00	0.00e+00
 2.88771e+23	9.74e-01	2.58e-02	1.59e-05	8.20e-07	0.00e+00	0.00e+00	0.00e+00	0.00e+00
 2.89100e+23	9.74e-01	2.55e-02	1.58e-05	8.17e-07	0.00e+00	0.00e+00	0.00e+00	0.00e+00
 2.89400e+23	9.75e-01	2.53e-02	1.57e-05	8.10e-07	0.00e+00	0.00e+00	0.00e+00	0.00e+00
 2.89729e+23	9.75e-01	2.49e-02	1.56e-05	8.02e-07	0.00e+00	0.00e+00	0.00e+00	0.00e+00
 2.90084e+23	9.75e-01	2.46e-02	1.55e-05	7.95e-07	0.00e+00	0.00e+00	0.00e+00	0.00e+00
 2.90407e+23	9.76e-01	2.44e-02	1.54e-05	7.90e-07	0.00e+00	0.00e+00	0.00e+00	0.00e+00
 2.90700e+23	9.76e-01	2.42e-02	1.53e-05	7.85e-07	0.00e+00	0.00e+00	0.00e+00	0.00e+00
 2.91022e+23	9.76e-01	2.38e-02	1.52e-05	7.76e-07	0.00e+00	0.00e+00	0.00e+00	0.00e+00
 2.91370e+23	9.76e-01	2.36e-02	1.51e-05	7.71e-07	0.00e+00	0.00e+00	0.00e+00	0.00e+00
 2.91686e+23	9.77e-01	2.33e-02	1.50e-05	7.64e-07	0.00e+00	0.00e+00	0.00e+00	0.00e+00
 2.92033e+23	9.77e-01	2.30e-02	1.49e-05	7.54e-07	0.00e+00	0.00e+00	0.00e+00	0.00e+00
 2.92407e+23	9.77e-01	2.27e-02	1.48e-05	7.48e-07	0.00e+00	0.00e+00	0.00e+00	0.00e+00
 2.92747e+23	9.78e-01	2.25e-02	1.47e-05	7.40e-07	0.00e+00	0.00e+00	0.00e+00	0.00e+00
 2.93121e+23	9.78e-01	2.21e-02	1.46e-05	7.29e-07	0.00e+00	0.00e+00	0.00e+00	0.00e+00
 2.93523e+23	9.78e-01	2.18e-02	1.45e-05	7.23e-07	0.00e+00	0.00e+00	0.00e+00	0.00e+00
 2.93890e+23	9.78e-01	2.15e-02	1.44e-05	7.15e-07	0.00e+00	0.00e+00	0.00e+00	0.00e+00
 2.94292e+23	9.79e-01	2.11e-02	1.42e-05	7.03e-07	0.00e+00	0.00e+00	0.00e+00	0.00e+00
 2.94725e+23	9.79e-01	2.08e-02	1.41e-05	6.95e-07	0.00e+00	0.00e+00	0.00e+00	0.00e+00
 2.95120e+23	9.79e-01	2.06e-02	1.40e-05	6.87e-07	0.00e+00	0.00e+00	0.00e+00	0.00e+00
 2.95552e+23	9.80e-01	2.02e-02	1.39e-05	6.73e-07	0.00e+00	0.00e+00	0.00e+00	0.00e+00
 2.96019e+23	9.80e-01	1.99e-02	1.37e-05	6.64e-07	0.00e+00	0.00e+00	0.00e+00	0.00e+00
 2.96444e+23	9.80e-01	1.96e-02	1.36e-05	6.56e-07	0.00e+00	0.00e+00	0.00e+00	0.00e+00
 2.96830e+23	9.81e-01	1.94e-02	1.35e-05	6.49e-07	0.00e+00	0.00e+00	0.00e+00	0.00e+00
 2.97254e+23	9.81e-01	1.90e-02	1.34e-05	6.36e-07	0.00e+00	0.00e+00	0.00e+00	0.00e+00
 2.97711e+23	9.81e-01	1.87e-02	1.33e-05	6.27e-07	0.00e+00	0.00e+00	0.00e+00	0.00e+00
 2.98127e+23	9.81e-01	1.85e-02	1.32e-05	6.19e-07	0.00e+00	0.00e+00	0.00e+00	0.00e+00
 2.98506e+23	9.82e-01	1.83e-02	1.30e-05	6.12e-07	0.00e+00	0.00e+00	0.00e+00	0.00e+00
 2.98921e+23	9.82e-01	1.79e-02	1.29e-05	6.00e-07	0.00e+00	0.00e+00	0.00e+00	0.00e+00
 2.99369e+23	9.82e-01	1.77e-02	1.28e-05	5.91e-07	0.00e+00	0.00e+00	0.00e+00	0.00e+00
 2.99777e+23	9.83e-01	1.75e-02	1.27e-05	5.83e-07	0.00e+00	0.00e+00	0.00e+00	0.00e+00
 3.00224e+23	9.83e-01	1.71e-02	1.26e-05	5.70e-07	0.00e+00	0.00e+00	0.00e+00	0.00e+00
 3.00706e+23	9.83e-01	1.69e-02	1.24e-05	5.61e-07	0.00e+00	0.00e+00	0.00e+00	0.00e+00
 3.01145e+23	9.83e-01	1.66e-02	1.23e-05	5.53e-07	0.00e+00	0.00e+00	0.00e+00	0.00e+00
 3.01626e+23	9.84e-01	1.63e-02	1.22e-05	5.39e-07	0.00e+00	0.00e+00	0.00e+00	0.00e+00
 3.02145e+23	9.84e-01	1.60e-02	1.20e-05	5.29e-07	0.00e+00	0.00e+00	0.00e+00	0.00e+00
 3.02617e+23	9.84e-01	1.58e-02	1.19e-05	5.21e-07	0.00e+00	0.00e+00	0.00e+00	0.00e+00
 3.03135e+23	9.85e-01	1.54e-02	1.18e-05	5.07e-07	0.00e+00	0.00e+00	0.00e+00	0.00e+00
 3.03694e+23	9.85e-01	1.52e-02	1.16e-05	4.97e-07	0.00e+00	0.00e+00	0.00e+00	0.00e+00
 3.04203e+23	9.85e-01	1.49e-02	1.15e-05	4.89e-07	0.00e+00	0.00e+00	0.00e+00	0.00e+00
 3.04665e+23	9.85e-01	1.47e-02	1.14e-05	4.81e-07	0.00e+00	0.00e+00	0.00e+00	0.00e+00
 3.05173e+23	9.86e-01	1.44e-02	1.12e-05	4.67e-07	0.00e+00	0.00e+00	0.00e+00	0.00e+00
 3.05818e+23	9.86e-01	1.40e-02	1.11e-05	4.52e-07	0.00e+00	0.00e+00	0.00e+00	0.00e+00
 3.06546e+23	9.86e-01	1.36e-02	1.09e-05	4.38e-07	0.00e+00	0.00e+00	0.00e+00	0.00e+00
 3.07291e+23	9.87e-01	1.33e-02	1.07e-05	4.25e-07	0.00e+00	0.00e+00	0.00e+00	0.00e+00
 3.08049e+23	9.87e-01	1.29e-02	1.05e-05	4.12e-07	0.00e+00	0.00e+00	0.00e+00	0.00e+00
 3.08500e+23	9.87e-01	1.33e-02	1.05e-05	4.21e-07	0.00e+00	0.00e+00	0.00e+00	0.00e+00
