#depth	Cl	Cl+	Cl+2	Cl+3	Cl+4	Cl+5	Cl+6	Cl+7	Cl+8	Cl+9	Cl+10	Cl+11	Cl+12	Cl+13	Cl+14	Cl+15	Cl+16	Cl+17
 1.54284e+22	0.00e+00	0.00e+00	0.00e+00	0.00e+00	0.00e+00	0.00e+00	4.35e-22	1.11e-18	8.16e-16	2.63e-13	4.08e-11	3.87e-09	2.14e-07	7.62e-06	2.99e-04	2.15e-02	2.25e-01	7.53e-01
 3.47733e+22	0.00e+00	0.00e+00	0.00e+00	0.00e+00	0.00e+00	3.13e-23	3.88e-20	6.49e-17	3.09e-14	6.50e-12	6.56e-10	4.05e-08	1.47e-06	3.47e-05	9.02e-04	4.31e-02	2.98e-01	6.58e-01
 4.10728e+22	0.00e+00	0.00e+00	0.00e+00	0.00e+00	1.60e-25	2.83e-22	2.78e-19	7.30e-16	2.68e-13	4.36e-11	3.41e-09	1.63e-07	4.59e-06	8.45e-05	1.71e-03	6.39e-02	3.43e-01	5.91e-01
 4.53623e+22	0.00e+00	0.00e+00	0.00e+00	8.30e-28	1.94e-24	2.87e-21	2.34e-18	5.03e-15	1.51e-12	2.00e-10	1.27e-08	4.94e-07	1.14e-05	1.71e-04	2.83e-03	8.65e-02	3.79e-01	5.32e-01
 4.77454e+22	0.00e+00	0.00e+00	0.00e+00	9.69e-28	2.15e-24	3.04e-21	4.04e-18	8.29e-15	2.36e-12	2.96e-10	1.79e-08	6.61e-07	1.44e-05	2.05e-04	3.22e-03	9.34e-02	3.88e-01	5.16e-01
 4.85039e+22	0.00e+00	0.00e+00	2.08e-31	1.53e-27	3.30e-24	4.52e-21	5.81e-18	1.15e-14	3.17e-12	3.84e-10	2.24e-08	7.99e-07	1.68e-05	2.31e-04	3.51e-03	9.81e-02	3.93e-01	5.05e-01
 4.90596e+22	0.00e+00	0.00e+00	3.06e-31	2.20e-27	4.63e-24	6.18e-21	7.75e-18	1.50e-14	4.00e-12	4.72e-10	2.68e-08	9.28e-07	1.90e-05	2.54e-04	3.75e-03	1.02e-01	3.98e-01	4.96e-01
 4.96892e+22	0.00e+00	0.00e+00	4.97e-31	3.48e-27	7.11e-24	9.20e-21	1.11e-17	2.08e-14	5.37e-12	6.12e-10	3.35e-08	1.12e-06	2.22e-05	2.86e-04	4.07e-03	1.07e-01	4.03e-01	4.86e-01
 5.03626e+22	0.00e+00	0.00e+00	7.96e-31	5.42e-27	1.08e-23	1.35e-20	1.58e-17	2.86e-14	7.14e-12	7.87e-10	4.17e-08	1.35e-06	2.57e-05	3.21e-04	4.42e-03	1.12e-01	4.08e-01	4.75e-01
 5.09780e+22	0.00e+00	0.00e+00	1.25e-30	8.29e-27	1.60e-23	1.95e-20	2.21e-17	3.88e-14	9.37e-12	1.00e-09	5.13e-08	1.61e-06	2.97e-05	3.59e-04	4.77e-03	1.17e-01	4.13e-01	4.65e-01
 5.15730e+22	0.00e+00	0.00e+00	1.98e-30	1.28e-26	2.39e-23	2.82e-20	3.10e-17	5.28e-14	1.24e-11	1.28e-09	6.35e-08	1.93e-06	3.44e-05	4.01e-04	5.16e-03	1.23e-01	4.17e-01	4.54e-01
 5.21651e+22	0.00e+00	0.00e+00	3.09e-30	1.94e-26	3.53e-23	4.05e-20	4.30e-17	7.12e-14	1.62e-11	1.62e-09	7.79e-08	2.29e-06	3.96e-05	4.47e-04	5.57e-03	1.28e-01	4.22e-01	4.44e-01
 5.28433e+22	0.00e+00	0.00e+00	5.50e-30	3.33e-26	5.84e-23	6.44e-20	6.56e-17	1.05e-13	2.29e-11	2.20e-09	1.02e-07	2.87e-06	4.76e-05	5.15e-04	6.14e-03	1.36e-01	4.27e-01	4.31e-01
 5.35301e+22	0.00e+00	0.00e+00	8.83e-30	5.21e-26	8.85e-23	9.46e-20	9.31e-17	1.44e-13	3.04e-11	2.83e-09	1.26e-07	3.45e-06	5.53e-05	5.77e-04	6.65e-03	1.42e-01	4.31e-01	4.20e-01
 5.41127e+22	0.00e+00	0.00e+00	1.39e-29	7.96e-26	1.31e-22	1.36e-19	1.29e-16	1.94e-13	3.98e-11	3.60e-09	1.56e-07	4.12e-06	6.39e-05	6.44e-04	7.17e-03	1.48e-01	4.35e-01	4.10e-01
 5.46597e+22	0.00e+00	0.00e+00	2.08e-29	1.17e-25	1.87e-22	1.88e-19	1.74e-16	2.55e-13	5.08e-11	4.47e-09	1.88e-07	4.82e-06	7.26e-05	7.10e-04	7.67e-03	1.54e-01	4.38e-01	4.00e-01
 5.52761e+22	0.00e+00	0.00e+00	3.50e-29	1.90e-25	2.94e-22	2.86e-19	2.54e-16	3.61e-13	6.94e-11	5.89e-09	2.38e-07	5.91e-06	8.57e-05	8.05e-04	8.36e-03	1.61e-01	4.42e-01	3.88e-01
 5.59177e+22	0.00e+00	0.00e+00	5.61e-29	2.96e-25	4.43e-22	4.17e-19	3.57e-16	4.93e-13	9.20e-11	7.55e-09	2.96e-07	7.10e-06	9.95e-05	9.02e-04	9.04e-03	1.68e-01	4.45e-01	3.77e-01
 5.64911e+22	0.00e+00	0.00e+00	8.81e-29	4.51e-25	6.55e-22	5.97e-19	4.94e-16	6.63e-13	1.20e-10	9.58e-09	3.64e-07	8.46e-06	1.15e-04	1.00e-03	9.73e-03	1.75e-01	4.47e-01	3.67e-01
 5.71353e+22	0.00e+00	0.00e+00	1.54e-28	7.60e-25	1.06e-21	9.30e-19	7.37e-16	9.58e-13	1.67e-10	1.28e-08	4.70e-07	1.05e-05	1.37e-04	1.15e-03	1.07e-02	1.84e-01	4.50e-01	3.54e-01
 5.77701e+22	0.00e+00	0.00e+00	2.42e-28	1.16e-24	1.57e-21	1.33e-18	1.02e-15	1.29e-12	2.19e-10	1.63e-08	5.78e-07	1.25e-05	1.58e-04	1.28e-03	1.15e-02	1.91e-01	4.52e-01	3.44e-01
 5.82959e+22	0.00e+00	0.00e+00	3.62e-28	1.70e-24	2.23e-21	1.84e-18	1.36e-15	1.68e-12	2.78e-10	2.02e-08	6.95e-07	1.46e-05	1.79e-04	1.41e-03	1.22e-02	1.98e-01	4.54e-01	3.34e-01
 5.88823e+22	0.00e+00	0.00e+00	6.06e-28	2.75e-24	3.48e-21	2.76e-18	1.97e-15	2.36e-12	3.77e-10	2.64e-08	8.80e-07	1.79e-05	2.11e-04	1.59e-03	1.33e-02	2.07e-01	4.56e-01	3.23e-01
 5.94894e+22	0.00e+00	0.00e+00	9.57e-28	4.21e-24	5.16e-21	3.95e-18	2.71e-15	3.17e-12	4.94e-10	3.36e-08	1.08e-06	2.14e-05	2.44e-04	1.77e-03	1.43e-02	2.15e-01	4.57e-01	3.12e-01
 6.00284e+22	0.00e+00	0.00e+00	1.46e-27	6.27e-24	7.45e-21	5.53e-18	3.67e-15	4.19e-12	6.35e-10	4.20e-08	1.32e-06	2.52e-05	2.79e-04	1.96e-03	1.53e-02	2.22e-01	4.58e-01	3.03e-01
 6.06343e+22	0.00e+00	1.82e-31	2.51e-27	1.04e-23	1.18e-20	8.44e-18	5.36e-15	5.96e-12	8.72e-10	5.57e-08	1.68e-06	3.10e-05	3.30e-04	2.22e-03	1.66e-02	2.32e-01	4.58e-01	2.91e-01
 6.12361e+22	0.00e+00	2.96e-31	3.94e-27	1.58e-23	1.74e-20	1.20e-17	7.33e-15	7.96e-12	1.13e-09	7.04e-08	2.06e-06	3.70e-05	3.80e-04	2.47e-03	1.78e-02	2.40e-01	4.58e-01	2.81e-01
 6.17392e+22	0.00e+00	4.54e-31	5.89e-27	2.30e-23	2.46e-20	1.64e-17	9.73e-15	1.03e-11	1.44e-09	8.69e-08	2.48e-06	4.32e-05	4.31e-04	2.71e-03	1.89e-02	2.48e-01	4.58e-01	2.72e-01
 6.22998e+22	0.00e+00	7.72e-31	9.66e-27	3.65e-23	3.76e-20	2.41e-17	1.37e-14	1.42e-11	1.92e-09	1.12e-07	3.10e-06	5.22e-05	5.03e-04	3.04e-03	2.04e-02	2.57e-01	4.57e-01	2.61e-01
 6.28849e+22	0.00e+00	1.24e-30	1.51e-26	5.53e-23	5.51e-20	3.42e-17	1.87e-14	1.90e-11	2.49e-09	1.42e-07	3.80e-06	6.20e-05	5.78e-04	3.37e-03	2.19e-02	2.66e-01	4.56e-01	2.52e-01
 6.34105e+22	0.00e+00	2.01e-30	2.36e-26	8.36e-23	8.04e-20	4.81e-17	2.54e-14	2.52e-11	3.22e-09	1.79e-07	4.64e-06	7.36e-05	6.64e-04	3.73e-03	2.34e-02	2.75e-01	4.55e-01	2.42e-01
 6.39172e+22	0.00e+00	3.11e-30	3.55e-26	1.22e-22	1.14e-19	6.62e-17	3.37e-14	3.28e-11	4.09e-09	2.21e-07	5.59e-06	8.62e-05	7.54e-04	4.10e-03	2.48e-02	2.83e-01	4.53e-01	2.34e-01
 6.44149e+22	0.00e+00	4.83e-30	5.35e-26	1.79e-22	1.62e-19	9.09e-17	4.48e-14	4.26e-11	5.19e-09	2.74e-07	6.73e-06	1.01e-04	8.56e-04	4.50e-03	2.64e-02	2.91e-01	4.52e-01	2.26e-01
 6.49862e+22	0.00e+00	8.41e-30	8.97e-26	2.90e-22	2.52e-19	1.35e-16	6.38e-14	5.93e-11	7.01e-09	3.58e-07	8.49e-06	1.23e-04	1.00e-03	5.05e-03	2.84e-02	3.01e-01	4.49e-01	2.15e-01
 6.55656e+22	0.00e+00	1.36e-29	1.40e-25	4.40e-22	3.68e-19	1.91e-16	8.65e-14	7.87e-11	9.08e-09	4.51e-07	1.04e-05	1.46e-04	1.15e-03	5.59e-03	3.03e-02	3.10e-01	4.46e-01	2.06e-01
 6.60655e+22	0.00e+00	2.12e-29	2.12e-25	6.46e-22	5.23e-19	2.62e-16	1.15e-13	1.02e-10	1.15e-08	5.58e-07	1.25e-05	1.71e-04	1.31e-03	6.13e-03	3.22e-02	3.19e-01	4.43e-01	1.98e-01
 6.66255e+22	0.00e+00	3.67e-29	3.55e-25	1.04e-21	8.10e-19	3.89e-16	1.63e-13	1.42e-10	1.55e-08	7.27e-07	1.58e-05	2.08e-04	1.53e-03	6.88e-03	3.46e-02	3.29e-01	4.39e-01	1.89e-01
 6.71954e+22	0.00e+00	5.91e-29	5.52e-25	1.57e-21	1.18e-18	5.45e-16	2.19e-13	1.87e-10	2.00e-08	9.13e-07	1.92e-05	2.46e-04	1.75e-03	7.58e-03	3.68e-02	3.38e-01	4.35e-01	1.80e-01
 6.76903e+22	0.00e+00	9.26e-29	8.38e-25	2.31e-21	1.67e-18	7.48e-16	2.90e-13	2.44e-10	2.54e-08	1.13e-06	2.32e-05	2.88e-04	1.99e-03	8.32e-03	3.89e-02	3.47e-01	4.31e-01	1.73e-01
 6.82459e+22	0.00e+00	1.63e-28	1.42e-24	3.77e-21	2.61e-18	1.11e-15	4.11e-13	3.39e-10	3.44e-08	1.48e-06	2.93e-05	3.52e-04	2.34e-03	9.33e-03	4.18e-02	3.57e-01	4.25e-01	1.64e-01
 6.88119e+22	0.00e+00	2.57e-28	2.17e-24	5.59e-21	3.74e-18	1.54e-15	5.48e-13	4.43e-10	4.40e-08	1.85e-06	3.54e-05	4.13e-04	2.66e-03	1.02e-02	4.43e-02	3.66e-01	4.21e-01	1.56e-01
 6.93119e+22	0.00e+00	4.07e-28	3.32e-24	8.29e-21	5.35e-18	2.13e-15	7.27e-13	5.78e-10	5.61e-08	2.30e-06	4.28e-05	4.86e-04	3.02e-03	1.12e-02	4.68e-02	3.74e-01	4.15e-01	1.49e-01
 6.98822e+22	0.00e+00	7.14e-28	5.61e-24	1.35e-20	8.33e-18	3.16e-15	1.03e-12	8.03e-10	7.57e-08	3.00e-06	5.41e-05	5.91e-04	3.53e-03	1.25e-02	5.01e-02	3.84e-01	4.09e-01	1.40e-01
 7.04662e+22	0.00e+00	1.18e-27	8.93e-24	2.07e-20	1.23e-17	4.48e-15	1.40e-12	1.07e-09	9.86e-08	3.81e-06	6.65e-05	7.04e-04	4.06e-03	1.38e-02	5.32e-02	3.93e-01	4.02e-01	1.33e-01
 7.09756e+22	0.00e+00	1.84e-27	1.35e-23	3.04e-20	1.75e-17	6.14e-15	1.84e-12	1.39e-09	1.25e-07	4.71e-06	7.99e-05	8.23e-04	4.59e-03	1.51e-02	5.60e-02	4.01e-01	3.96e-01	1.27e-01
 7.15456e+22	0.00e+00	3.35e-27	2.36e-23	5.08e-20	2.77e-17	9.26e-15	2.64e-12	1.95e-09	1.71e-07	6.25e-06	1.02e-04	1.01e-03	5.41e-03	1.70e-02	6.00e-02	4.10e-01	3.88e-01	1.18e-01
 7.20940e+22	0.00e+00	5.10e-27	3.49e-23	7.29e-20	3.85e-17	1.24e-14	3.41e-12	2.49e-09	2.14e-07	7.63e-06	1.21e-04	1.17e-03	6.07e-03	1.84e-02	6.29e-02	4.17e-01	3.81e-01	1.13e-01
 7.26145e+22	0.00e+00	8.90e-27	5.84e-23	1.17e-19	5.90e-17	1.82e-14	4.75e-12	3.41e-09	2.86e-07	9.91e-06	1.52e-04	1.42e-03	7.07e-03	2.05e-02	6.69e-02	4.26e-01	3.73e-01	1.06e-01
 7.31366e+22	0.00e+00	1.35e-26	8.62e-23	1.68e-19	8.18e-17	2.43e-14	6.12e-12	4.34e-09	3.57e-07	1.21e-05	1.81e-04	1.64e-03	7.91e-03	2.21e-02	7.00e-02	4.32e-01	3.66e-01	1.00e-01
 7.35712e+22	0.00e+00	2.03e-26	1.25e-22	2.37e-19	1.11e-16	3.19e-14	7.73e-12	5.44e-09	4.40e-07	1.46e-05	2.13e-04	1.88e-03	8.82e-03	2.39e-02	7.30e-02	4.38e-01	3.59e-01	9.55e-02
 7.39746e+22	0.00e+00	2.95e-26	1.77e-22	3.26e-19	1.48e-16	4.11e-14	9.63e-12	6.72e-09	5.35e-07	1.74e-05	2.48e-04	2.14e-03	9.75e-03	2.56e-02	7.59e-02	4.43e-01	3.53e-01	9.11e-02
 7.43453e+22	0.00e+00	4.15e-26	2.43e-22	4.35e-19	1.92e-16	5.17e-14	1.17e-11	8.13e-09	6.38e-07	2.04e-05	2.85e-04	2.40e-03	1.07e-02	2.72e-02	7.86e-02	4.47e-01	3.47e-01	8.72e-02
 7.46913e+22	0.00e+00	5.78e-26	3.30e-22	5.77e-19	2.48e-16	6.46e-14	1.42e-11	9.78e-09	7.57e-07	2.38e-05	3.25e-04	2.68e-03	1.17e-02	2.89e-02	8.13e-02	4.51e-01	3.41e-01	8.36e-02
 7.50864e+22	0.00e+00	8.77e-26	4.86e-22	8.22e-19	3.40e-16	8.55e-14	1.81e-11	1.23e-08	9.39e-07	2.89e-05	3.85e-04	3.09e-03	1.30e-02	3.12e-02	8.47e-02	4.55e-01	3.33e-01	7.91e-02
 7.54715e+22	0.00e+00	1.21e-25	6.56e-22	1.08e-18	4.35e-16	1.06e-13	2.18e-11	1.48e-08	1.11e-06	3.35e-05	4.38e-04	3.44e-03	1.42e-02	3.31e-02	8.74e-02	4.59e-01	3.27e-01	7.57e-02
 7.57895e+22	0.00e+00	1.66e-25	8.78e-22	1.41e-18	5.51e-16	1.31e-13	2.60e-11	1.76e-08	1.30e-06	3.88e-05	4.97e-04	3.83e-03	1.54e-02	3.50e-02	9.00e-02	4.62e-01	3.21e-01	7.25e-02
 7.61486e+22	0.00e+00	2.43e-25	1.25e-21	1.95e-18	7.35e-16	1.68e-13	3.23e-11	2.16e-08	1.58e-06	4.63e-05	5.78e-04	4.34e-03	1.70e-02	3.74e-02	9.32e-02	4.65e-01	3.14e-01	6.88e-02
 7.65029e+22	0.00e+00	3.31e-25	1.66e-21	2.52e-18	9.25e-16	2.05e-13	3.84e-11	2.56e-08	1.85e-06	5.33e-05	6.53e-04	4.81e-03	1.84e-02	3.94e-02	9.58e-02	4.67e-01	3.08e-01	6.58e-02
 7.67981e+22	0.00e+00	4.46e-25	2.18e-21	3.24e-18	1.16e-15	2.49e-13	4.52e-11	3.01e-08	2.16e-06	6.11e-05	7.35e-04	5.31e-03	1.98e-02	4.15e-02	9.84e-02	4.69e-01	3.02e-01	6.31e-02
 7.70852e+22	0.00e+00	5.93e-25	2.84e-21	4.12e-18	1.43e-15	3.00e-13	5.30e-11	3.51e-08	2.49e-06	6.96e-05	8.22e-04	5.83e-03	2.13e-02	4.35e-02	1.01e-01	4.71e-01	2.96e-01	6.05e-02
 7.74143e+22	0.00e+00	8.50e-25	3.95e-21	5.56e-18	1.87e-15	3.79e-13	6.45e-11	4.27e-08	2.99e-06	8.20e-05	9.47e-04	6.56e-03	2.33e-02	4.63e-02	1.04e-01	4.73e-01	2.89e-01	5.73e-02
 7.77524e+22	0.00e+00	1.16e-24	5.26e-21	7.22e-18	2.35e-15	4.63e-13	7.64e-11	5.04e-08	3.49e-06	9.45e-05	1.07e-03	7.26e-03	2.52e-02	4.87e-02	1.07e-01	4.74e-01	2.82e-01	5.47e-02
 7.80522e+22	0.00e+00	1.56e-24	6.89e-21	9.23e-18	2.93e-15	5.60e-13	8.98e-11	5.91e-08	4.05e-06	1.08e-04	1.20e-03	7.98e-03	2.71e-02	5.11e-02	1.09e-01	4.75e-01	2.76e-01	5.23e-02
 7.83348e+22	0.00e+00	2.08e-24	9.00e-21	1.17e-17	3.62e-15	6.71e-13	1.04e-10	6.88e-08	4.68e-06	1.23e-04	1.34e-03	8.77e-03	2.91e-02	5.36e-02	1.12e-01	4.75e-01	2.70e-01	5.00e-02
 7.85972e+22	0.00e+00	2.73e-24	1.15e-20	1.47e-17	4.41e-15	7.96e-13	1.20e-10	7.94e-08	5.36e-06	1.39e-04	1.49e-03	9.57e-03	3.11e-02	5.60e-02	1.14e-01	4.76e-01	2.64e-01	4.79e-02
 7.88904e+22	0.00e+00	3.81e-24	1.57e-20	1.94e-17	5.63e-15	9.81e-13	1.44e-10	9.46e-08	6.32e-06	1.62e-04	1.70e-03	1.06e-02	3.38e-02	5.90e-02	1.17e-01	4.75e-01	2.57e-01	4.54e-02
 7.91926e+22	0.00e+00	5.15e-24	2.07e-20	2.49e-17	7.00e-15	1.18e-12	1.68e-10	1.11e-07	7.33e-06	1.85e-04	1.91e-03	1.17e-02	3.63e-02	6.18e-02	1.19e-01	4.75e-01	2.51e-01	4.32e-02
 7.94558e+22	0.00e+00	6.75e-24	2.65e-20	3.11e-17	8.52e-15	1.40e-12	1.93e-10	1.27e-07	8.38e-06	2.09e-04	2.11e-03	1.27e-02	3.87e-02	6.44e-02	1.21e-01	4.74e-01	2.45e-01	4.12e-02
 7.97473e+22	0.00e+00	9.56e-24	3.64e-20	4.14e-17	1.09e-14	1.73e-12	2.30e-10	1.52e-07	9.94e-06	2.44e-04	2.41e-03	1.42e-02	4.21e-02	6.79e-02	1.24e-01	4.73e-01	2.37e-01	3.89e-02
 8.00460e+22	0.00e+00	1.30e-23	4.81e-20	5.32e-17	1.36e-14	2.08e-12	2.67e-10	1.78e-07	1.15e-05	2.79e-04	2.71e-03	1.56e-02	4.52e-02	7.10e-02	1.27e-01	4.71e-01	2.31e-01	3.69e-02
 8.03079e+22	0.00e+00	1.72e-23	6.23e-20	6.70e-17	1.66e-14	2.46e-12	3.08e-10	2.06e-07	1.32e-05	3.16e-04	3.01e-03	1.70e-02	4.82e-02	7.40e-02	1.29e-01	4.69e-01	2.24e-01	3.51e-02
 8.06024e+22	0.00e+00	2.50e-23	8.74e-20	9.08e-17	2.16e-14	3.07e-12	3.69e-10	2.48e-07	1.58e-05	3.72e-04	3.46e-03	1.91e-02	5.25e-02	7.80e-02	1.31e-01	4.66e-01	2.16e-01	3.28e-02
 8.09007e+22	0.00e+00	3.38e-23	1.15e-19	1.16e-16	2.67e-14	3.67e-12	4.26e-10	2.88e-07	1.83e-05	4.24e-04	3.87e-03	2.09e-02	5.62e-02	8.14e-02	1.33e-01	4.63e-01	2.10e-01	3.10e-02
 8.11554e+22	0.00e+00	4.44e-23	1.48e-19	1.45e-16	3.24e-14	4.32e-12	4.86e-10	3.31e-07	2.08e-05	4.77e-04	4.28e-03	2.27e-02	5.97e-02	8.45e-02	1.35e-01	4.60e-01	2.04e-01	2.95e-02
 8.14383e+22	0.00e+00	6.57e-23	2.10e-19	1.98e-16	4.24e-14	5.38e-12	5.80e-10	4.00e-07	2.50e-05	5.64e-04	4.94e-03	2.55e-02	6.51e-02	8.90e-02	1.38e-01	4.55e-01	1.95e-01	2.73e-02
 8.17163e+22	0.00e+00	8.56e-23	2.68e-19	2.46e-16	5.10e-14	6.29e-12	6.58e-10	4.56e-07	2.84e-05	6.33e-04	5.44e-03	2.76e-02	6.89e-02	9.21e-02	1.39e-01	4.51e-01	1.89e-01	2.59e-02
 8.19879e+22	0.00e+00	1.25e-22	3.77e-19	3.32e-16	6.59e-14	7.76e-12	7.77e-10	5.46e-07	3.38e-05	7.43e-04	6.23e-03	3.07e-02	7.46e-02	9.66e-02	1.41e-01	4.45e-01	1.81e-01	2.40e-02
 8.22548e+22	0.00e+00	1.61e-22	4.75e-19	4.08e-16	7.87e-14	8.99e-12	8.76e-10	6.20e-07	3.81e-05	8.28e-04	6.83e-03	3.31e-02	7.87e-02	9.96e-02	1.42e-01	4.41e-01	1.75e-01	2.28e-02
 8.25156e+22	0.00e+00	2.36e-22	6.68e-19	5.50e-16	1.01e-13	1.10e-11	1.03e-09	7.39e-07	4.53e-05	9.70e-04	7.81e-03	3.68e-02	8.51e-02	1.04e-01	1.44e-01	4.33e-01	1.67e-01	2.11e-02
 8.27751e+22	0.00e+00	3.06e-22	8.47e-19	6.78e-16	1.21e-13	1.28e-11	1.16e-09	8.39e-07	5.11e-05	1.08e-03	8.56e-03	3.96e-02	8.96e-02	1.07e-01	1.45e-01	4.28e-01	1.61e-01	1.99e-02
 8.30331e+22	0.00e+00	4.47e-22	1.19e-18	9.12e-16	1.56e-13	1.56e-11	1.35e-09	9.98e-07	6.06e-05	1.26e-03	9.76e-03	4.39e-02	9.66e-02	1.12e-01	1.46e-01	4.19e-01	1.53e-01	1.83e-02
 8.32930e+22	0.00e+00	5.89e-22	1.53e-18	1.13e-15	1.87e-13	1.82e-11	1.52e-09	1.14e-06	6.87e-05	1.42e-03	1.07e-02	4.73e-02	1.02e-01	1.15e-01	1.47e-01	4.13e-01	1.47e-01	1.72e-02
 8.35556e+22	0.00e+00	8.70e-22	2.17e-18	1.54e-15	2.41e-13	2.22e-11	1.78e-09	1.35e-06	8.16e-05	1.66e-03	1.22e-02	5.25e-02	1.10e-01	1.20e-01	1.47e-01	4.03e-01	1.39e-01	1.57e-02
 8.38204e+22	0.00e+00	1.16e-21	2.80e-18	1.93e-15	2.92e-13	2.59e-11	2.00e-09	1.54e-06	9.27e-05	1.86e-03	1.35e-02	5.66e-02	1.15e-01	1.23e-01	1.47e-01	3.95e-01	1.33e-01	1.47e-02
 8.40883e+22	0.00e+00	1.71e-21	3.97e-18	2.60e-15	3.76e-13	3.17e-11	2.33e-09	1.84e-06	1.10e-04	2.17e-03	1.53e-02	6.25e-02	1.24e-01	1.27e-01	1.47e-01	3.84e-01	1.25e-01	1.33e-02
 8.43536e+22	0.00e+00	2.28e-21	5.15e-18	3.26e-15	4.54e-13	3.68e-11	2.62e-09	2.09e-06	1.24e-04	2.43e-03	1.68e-02	6.72e-02	1.30e-01	1.31e-01	1.47e-01	3.75e-01	1.19e-01	1.24e-02
 8.46158e+22	0.00e+00	3.36e-21	7.27e-18	4.39e-15	5.81e-13	4.47e-11	3.04e-09	2.47e-06	1.47e-04	2.82e-03	1.90e-02	7.38e-02	1.38e-01	1.35e-01	1.46e-01	3.63e-01	1.11e-01	1.12e-02
 8.48821e+22	0.00e+00	4.56e-21	9.55e-18	5.56e-15	7.07e-13	5.22e-11	3.41e-09	2.82e-06	1.67e-04	3.17e-03	2.10e-02	7.93e-02	1.45e-01	1.38e-01	1.46e-01	3.53e-01	1.05e-01	1.03e-02
 8.51540e+22	0.00e+00	6.80e-21	1.36e-17	7.56e-15	9.11e-13	6.37e-11	3.96e-09	3.34e-06	1.97e-04	3.69e-03	2.37e-02	8.70e-02	1.54e-01	1.41e-01	1.44e-01	3.39e-01	9.76e-02	9.26e-03
 8.54288e+22	0.00e+00	9.30e-21	1.80e-17	9.60e-15	1.11e-12	7.44e-11	4.45e-09	3.81e-06	2.24e-04	4.14e-03	2.61e-02	9.34e-02	1.62e-01	1.44e-01	1.43e-01	3.28e-01	9.18e-02	8.48e-03
 8.57073e+22	0.00e+00	1.40e-20	2.60e-17	1.31e-14	1.44e-12	9.09e-11	5.17e-09	4.50e-06	2.64e-04	4.81e-03	2.94e-02	1.02e-01	1.71e-01	1.47e-01	1.40e-01	3.13e-01	8.44e-02	7.52e-03
 8.59874e+22	0.00e+00	1.92e-20	3.44e-17	1.67e-14	1.75e-12	1.06e-10	5.80e-09	5.12e-06	2.98e-04	5.38e-03	3.22e-02	1.09e-01	1.78e-01	1.49e-01	1.39e-01	3.01e-01	7.90e-02	6.85e-03
 8.62291e+22	0.00e+00	2.61e-20	4.52e-17	2.11e-14	2.12e-12	1.23e-10	6.48e-09	5.78e-06	3.36e-04	5.99e-03	3.51e-02	1.16e-01	1.85e-01	1.51e-01	1.36e-01	2.90e-01	7.39e-02	6.23e-03
 8.65027e+22	0.00e+00	3.86e-20	6.40e-17	2.84e-14	2.71e-12	1.49e-10	7.46e-09	6.74e-06	3.90e-04	6.85e-03	3.92e-02	1.25e-01	1.94e-01	1.53e-01	1.33e-01	2.75e-01	6.77e-02	5.51e-03
 8.67787e+22	0.00e+00	5.24e-20	8.41e-17	3.58e-14	3.28e-12	1.72e-10	8.33e-09	7.59e-06	4.37e-04	7.60e-03	4.25e-02	1.33e-01	2.01e-01	1.54e-01	1.31e-01	2.63e-01	6.30e-02	4.99e-03
 8.70578e+22	0.00e+00	7.80e-20	1.20e-16	4.83e-14	4.20e-12	2.09e-10	9.59e-09	8.81e-06	5.06e-04	8.66e-03	4.72e-02	1.43e-01	2.09e-01	1.55e-01	1.27e-01	2.48e-01	5.72e-02	4.37e-03
 8.73376e+22	0.00e+00	1.05e-19	1.55e-16	6.03e-14	5.05e-12	2.41e-10	1.07e-08	9.84e-06	5.62e-04	9.52e-03	5.09e-02	1.50e-01	2.15e-01	1.55e-01	1.24e-01	2.37e-01	5.32e-02	3.95e-03
 8.76184e+22	0.00e+00	1.55e-19	2.20e-16	8.10e-14	6.43e-12	2.90e-10	1.23e-08	1.13e-05	6.44e-04	1.08e-02	5.60e-02	1.60e-01	2.23e-01	1.55e-01	1.20e-01	2.23e-01	4.81e-02	3.45e-03
 8.79042e+22	0.00e+00	2.08e-19	2.86e-16	1.01e-13	7.74e-12	3.35e-10	1.37e-08	1.26e-05	7.14e-04	1.18e-02	6.02e-02	1.68e-01	2.28e-01	1.55e-01	1.17e-01	2.12e-01	4.45e-02	3.10e-03
 8.81964e+22	0.00e+00	3.04e-19	4.01e-16	1.35e-13	9.83e-12	4.04e-10	1.57e-08	1.45e-05	8.12e-04	1.32e-02	6.58e-02	1.78e-01	2.34e-01	1.54e-01	1.12e-01	1.98e-01	4.01e-02	2.70e-03
 8.84989e+22	0.00e+00	4.16e-19	5.30e-16	1.72e-13	1.20e-11	4.71e-10	1.76e-08	1.62e-05	9.01e-04	1.45e-02	7.07e-02	1.86e-01	2.39e-01	1.53e-01	1.09e-01	1.87e-01	3.67e-02	2.40e-03
 8.88117e+22	0.00e+00	6.15e-19	7.51e-16	2.31e-13	1.53e-11	5.71e-10	2.04e-08	1.85e-05	1.02e-03	1.62e-02	7.71e-02	1.97e-01	2.45e-01	1.52e-01	1.04e-01	1.74e-01	3.28e-02	2.06e-03
 8.91285e+22	0.00e+00	8.37e-19	9.88e-16	2.92e-13	1.86e-11	6.65e-10	2.29e-08	2.05e-05	1.13e-03	1.77e-02	8.24e-02	2.05e-01	2.49e-01	1.50e-01	1.00e-01	1.63e-01	3.00e-02	1.83e-03
 8.94532e+22	0.00e+00	1.24e-18	1.40e-15	3.93e-13	2.38e-11	8.08e-10	2.65e-08	2.34e-05	1.27e-03	1.97e-02	8.94e-02	2.15e-01	2.53e-01	1.48e-01	9.52e-02	1.51e-01	2.66e-02	1.56e-03
 8.97798e+22	0.00e+00	1.67e-18	1.83e-15	4.93e-13	2.88e-11	9.39e-10	2.97e-08	2.59e-05	1.40e-03	2.14e-02	9.49e-02	2.23e-01	2.56e-01	1.46e-01	9.15e-02	1.41e-01	2.42e-02	1.38e-03
 9.01090e+22	0.00e+00	2.43e-18	2.56e-15	6.58e-13	3.66e-11	1.14e-09	3.44e-08	2.93e-05	1.56e-03	2.36e-02	1.02e-01	2.32e-01	2.59e-01	1.42e-01	8.67e-02	1.30e-01	2.15e-02	1.18e-03
 9.04466e+22	3.20e-32	3.28e-18	3.34e-15	8.28e-13	4.44e-11	1.32e-09	3.87e-08	3.24e-05	1.71e-03	2.55e-02	1.08e-01	2.39e-01	2.60e-01	1.40e-01	8.30e-02	1.22e-01	1.95e-02	1.04e-03
 9.07393e+22	4.32e-32	4.31e-18	4.27e-15	1.02e-12	5.29e-11	1.52e-09	4.31e-08	3.54e-05	1.85e-03	2.73e-02	1.14e-01	2.46e-01	2.62e-01	1.37e-01	7.96e-02	1.14e-01	1.78e-02	9.22e-04
 9.10639e+22	6.33e-32	6.10e-18	5.82e-15	1.33e-12	6.62e-11	1.82e-09	4.94e-08	3.96e-05	2.05e-03	2.98e-02	1.21e-01	2.54e-01	2.63e-01	1.33e-01	7.53e-02	1.05e-01	1.58e-02	7.90e-04
 9.13922e+22	8.52e-32	8.00e-18	7.42e-15	1.64e-12	7.88e-11	2.09e-09	5.51e-08	4.32e-05	2.22e-03	3.18e-02	1.27e-01	2.60e-01	2.63e-01	1.31e-01	7.20e-02	9.82e-02	1.43e-02	6.99e-04
 9.17255e+22	1.24e-31	1.13e-17	1.01e-14	2.14e-12	9.86e-11	2.50e-09	6.33e-08	4.83e-05	2.44e-03	3.46e-02	1.35e-01	2.67e-01	2.63e-01	1.27e-01	6.78e-02	9.00e-02	1.27e-02	5.96e-04
 9.20640e+22	1.66e-31	1.47e-17	1.28e-14	2.63e-12	1.17e-10	2.88e-09	7.05e-08	5.26e-05	2.63e-03	3.68e-02	1.41e-01	2.73e-01	2.62e-01	1.23e-01	6.47e-02	8.40e-02	1.15e-02	5.27e-04
 9.23612e+22	2.21e-31	1.91e-17	1.62e-14	3.21e-12	1.39e-10	3.30e-09	7.84e-08	5.72e-05	2.83e-03	3.91e-02	1.47e-01	2.78e-01	2.61e-01	1.20e-01	6.17e-02	7.84e-02	1.05e-02	4.66e-04
 9.26993e+22	3.20e-31	2.68e-17	2.19e-14	4.16e-12	1.73e-10	3.93e-09	8.99e-08	6.35e-05	3.10e-03	4.22e-02	1.55e-01	2.84e-01	2.60e-01	1.16e-01	5.79e-02	7.16e-02	9.21e-03	3.96e-04
 9.30356e+22	4.14e-31	3.39e-17	2.71e-14	5.01e-12	2.02e-10	4.47e-09	9.94e-08	6.87e-05	3.31e-03	4.46e-02	1.61e-01	2.89e-01	2.58e-01	1.13e-01	5.53e-02	6.70e-02	8.40e-03	3.52e-04
 9.33694e+22	5.89e-31	4.67e-17	3.61e-14	6.41e-12	2.49e-10	5.29e-09	1.13e-07	7.59e-05	3.61e-03	4.79e-02	1.69e-01	2.94e-01	2.56e-01	1.09e-01	5.19e-02	6.12e-02	7.41e-03	3.00e-04
 9.37098e+22	7.66e-31	5.94e-17	4.48e-14	7.73e-12	2.92e-10	6.02e-09	1.26e-07	8.22e-05	3.85e-03	5.05e-02	1.75e-01	2.97e-01	2.54e-01	1.05e-01	4.94e-02	5.71e-02	6.74e-03	2.66e-04
 9.40587e+22	1.09e-30	8.18e-17	5.98e-14	9.91e-12	3.61e-10	7.15e-09	1.44e-07	9.09e-05	4.19e-03	5.41e-02	1.84e-01	3.02e-01	2.51e-01	1.01e-01	4.62e-02	5.20e-02	5.92e-03	2.26e-04
 9.44141e+22	1.42e-30	1.04e-16	7.44e-14	1.20e-11	4.24e-10	8.16e-09	1.60e-07	9.85e-05	4.48e-03	5.70e-02	1.90e-01	3.05e-01	2.48e-01	9.77e-02	4.38e-02	4.83e-02	5.35e-03	1.99e-04
 9.47782e+22	2.03e-30	1.44e-16	9.94e-14	1.54e-11	5.25e-10	9.71e-09	1.83e-07	1.09e-04	4.87e-03	6.10e-02	1.99e-01	3.09e-01	2.44e-01	9.33e-02	4.08e-02	4.37e-02	4.68e-03	1.68e-04
 9.51489e+22	8.12e-31	1.84e-16	1.24e-13	1.87e-11	6.18e-10	1.11e-08	2.04e-07	1.18e-04	5.20e-03	6.42e-02	2.05e-01	3.11e-01	2.41e-01	9.00e-02	3.86e-02	4.05e-02	4.22e-03	1.47e-04
 9.55283e+22	1.16e-30	2.54e-16	1.66e-13	2.40e-11	7.67e-10	1.33e-08	2.34e-07	1.31e-04	5.66e-03	6.86e-02	2.14e-01	3.14e-01	2.36e-01	8.56e-02	3.58e-02	3.66e-02	3.67e-03	1.23e-04
 9.58990e+22	1.47e-30	3.15e-16	2.02e-13	2.85e-11	8.89e-10	1.50e-08	2.58e-07	1.41e-04	6.00e-03	7.17e-02	2.20e-01	3.16e-01	2.32e-01	8.26e-02	3.39e-02	3.41e-02	3.33e-03	1.09e-04
 9.62587e+22	2.05e-30	4.28e-16	2.65e-13	3.61e-11	1.09e-09	1.77e-08	2.94e-07	1.55e-04	6.48e-03	7.62e-02	2.28e-01	3.18e-01	2.27e-01	7.86e-02	3.15e-02	3.08e-02	2.91e-03	9.24e-05
 9.66237e+22	2.61e-30	5.31e-16	3.23e-13	4.29e-11	1.26e-09	2.00e-08	3.25e-07	1.67e-04	6.88e-03	7.96e-02	2.34e-01	3.19e-01	2.24e-01	7.57e-02	2.98e-02	2.86e-02	2.64e-03	8.17e-05
 9.69957e+22	3.60e-30	7.13e-16	4.21e-13	5.41e-11	1.54e-09	2.35e-08	3.70e-07	1.84e-04	7.42e-03	8.43e-02	2.42e-01	3.20e-01	2.18e-01	7.19e-02	2.77e-02	2.59e-02	2.31e-03	6.90e-05
 9.73791e+22	4.68e-30	9.04e-16	5.22e-13	6.53e-11	1.81e-09	2.69e-08	4.12e-07	2.00e-04	7.89e-03	8.83e-02	2.49e-01	3.20e-01	2.14e-01	6.88e-02	2.60e-02	2.38e-02	2.07e-03	6.02e-05
 9.77773e+22	6.47e-30	1.21e-15	6.83e-13	8.25e-11	2.21e-09	3.18e-08	4.71e-07	2.20e-04	8.53e-03	9.34e-02	2.57e-01	3.20e-01	2.08e-01	6.51e-02	2.41e-02	2.15e-02	1.80e-03	5.06e-05
 9.81883e+22	8.52e-30	1.56e-15	8.56e-13	1.01e-10	2.63e-09	3.66e-08	5.27e-07	2.40e-04	9.10e-03	9.80e-02	2.64e-01	3.20e-01	2.03e-01	6.20e-02	2.25e-02	1.96e-02	1.60e-03	4.36e-05
 9.86159e+22	1.20e-29	2.12e-15	1.13e-12	1.28e-10	3.24e-09	4.36e-08	6.07e-07	2.66e-04	9.85e-03	1.04e-01	2.72e-01	3.19e-01	1.97e-01	5.83e-02	2.07e-02	1.76e-02	1.38e-03	3.63e-05
 9.90547e+22	1.59e-29	2.74e-15	1.43e-12	1.57e-10	3.86e-09	5.05e-08	6.83e-07	2.90e-04	1.05e-02	1.09e-01	2.79e-01	3.18e-01	1.91e-01	5.53e-02	1.92e-02	1.60e-02	1.21e-03	3.11e-05
 9.95080e+22	2.25e-29	3.74e-15	1.90e-12	2.02e-10	4.80e-09	6.05e-08	7.90e-07	3.23e-04	1.14e-02	1.15e-01	2.87e-01	3.17e-01	1.84e-01	5.17e-02	1.75e-02	1.42e-02	1.04e-03	2.56e-05
 9.99756e+22	3.02e-29	4.88e-15	2.41e-12	2.50e-10	5.76e-09	7.05e-08	8.93e-07	3.54e-04	1.22e-02	1.21e-01	2.94e-01	3.15e-01	1.79e-01	4.88e-02	1.62e-02	1.28e-02	9.09e-04	2.17e-05
 1.00462e+23	4.34e-29	6.77e-15	3.25e-12	3.25e-10	7.22e-09	8.51e-08	1.04e-06	3.96e-04	1.33e-02	1.28e-01	3.03e-01	3.12e-01	1.71e-01	4.53e-02	1.47e-02	1.13e-02	7.69e-04	1.77e-05
 1.00965e+23	5.91e-29	8.94e-15	4.19e-12	4.06e-10	8.76e-09	1.00e-07	1.18e-06	4.36e-04	1.43e-02	1.34e-01	3.10e-01	3.09e-01	1.65e-01	4.25e-02	1.35e-02	1.01e-02	6.66e-04	1.48e-05
 1.01419e+23	7.97e-29	1.17e-14	5.34e-12	5.03e-10	1.05e-08	1.17e-07	1.34e-06	4.79e-04	1.53e-02	1.41e-01	3.16e-01	3.06e-01	1.59e-01	3.99e-02	1.24e-02	9.06e-03	5.79e-04	1.24e-05
 1.01941e+23	1.16e-28	1.64e-14	7.27e-12	6.59e-10	1.33e-08	1.42e-07	1.57e-06	5.39e-04	1.67e-02	1.49e-01	3.24e-01	3.02e-01	1.52e-01	3.68e-02	1.11e-02	7.89e-03	4.84e-04	9.98e-06
 1.02474e+23	1.59e-28	2.17e-14	9.38e-12	8.26e-10	1.62e-08	1.67e-07	1.80e-06	5.93e-04	1.79e-02	1.56e-01	3.30e-01	2.98e-01	1.46e-01	3.43e-02	1.02e-02	7.02e-03	4.16e-04	8.29e-06
 1.03020e+23	2.34e-28	3.07e-14	1.29e-11	1.09e-09	2.06e-08	2.05e-07	2.11e-06	6.69e-04	1.95e-02	1.65e-01	3.38e-01	2.92e-01	1.38e-01	3.13e-02	9.07e-03	6.07e-03	3.44e-04	6.57e-06
 1.03574e+23	3.21e-28	4.08e-14	1.67e-11	1.37e-09	2.52e-08	2.42e-07	2.42e-06	7.38e-04	2.10e-02	1.73e-01	3.44e-01	2.87e-01	1.32e-01	2.91e-02	8.24e-03	5.37e-03	2.94e-04	5.42e-06
 1.04137e+23	4.78e-28	5.83e-14	2.31e-11	1.83e-09	3.22e-08	2.98e-07	2.86e-06	8.34e-04	2.29e-02	1.83e-01	3.51e-01	2.81e-01	1.24e-01	2.64e-02	7.28e-03	4.59e-03	2.40e-04	4.24e-06
 1.04706e+23	6.56e-28	7.76e-14	3.00e-11	2.30e-09	3.93e-08	3.51e-07	3.27e-06	9.20e-04	2.45e-02	1.91e-01	3.56e-01	2.75e-01	1.18e-01	2.44e-02	6.59e-03	4.05e-03	2.04e-04	3.47e-06
 1.05283e+23	9.86e-28	1.12e-13	4.19e-11	3.08e-09	5.08e-08	4.35e-07	3.89e-06	1.04e-03	2.68e-02	2.01e-01	3.62e-01	2.67e-01	1.10e-01	2.20e-02	5.78e-03	3.43e-03	1.65e-04	2.67e-06
 1.05864e+23	1.34e-27	1.49e-13	5.42e-11	3.86e-09	6.17e-08	5.12e-07	4.44e-06	1.15e-03	2.87e-02	2.10e-01	3.66e-01	2.61e-01	1.05e-01	2.03e-02	5.22e-03	3.01e-03	1.40e-04	2.19e-06
 1.06348e+23	1.78e-27	1.92e-13	6.84e-11	4.74e-09	7.37e-08	5.94e-07	5.00e-06	1.25e-03	3.05e-02	2.17e-01	3.70e-01	2.55e-01	9.96e-02	1.88e-02	4.75e-03	2.68e-03	1.20e-04	1.82e-06
 1.06879e+23	2.58e-27	2.71e-13	9.33e-11	6.21e-09	9.33e-08	7.24e-07	5.87e-06	1.40e-03	3.30e-02	2.28e-01	3.74e-01	2.47e-01	9.30e-02	1.69e-02	4.18e-03	2.27e-03	9.74e-05	1.41e-06
 1.07403e+23	3.37e-27	3.46e-13	1.17e-10	7.56e-09	1.11e-07	8.35e-07	6.59e-06	1.53e-03	3.49e-02	2.35e-01	3.77e-01	2.41e-01	8.85e-02	1.57e-02	3.81e-03	2.02e-03	8.39e-05	1.18e-06
 1.07918e+23	4.79e-27	4.80e-13	1.57e-10	9.80e-09	1.39e-07	1.01e-06	7.69e-06	1.70e-03	3.76e-02	2.46e-01	3.80e-01	2.33e-01	8.25e-02	1.41e-02	3.36e-03	1.72e-03	6.84e-05	9.17e-07
 1.08442e+23	6.29e-27	6.19e-13	1.98e-10	1.20e-08	1.66e-07	1.17e-06	8.68e-06	1.85e-03	3.99e-02	2.54e-01	3.82e-01	2.26e-01	7.80e-02	1.30e-02	3.03e-03	1.52e-03	5.82e-05	7.54e-07
 1.08977e+23	9.00e-27	8.68e-13	2.69e-10	1.57e-08	2.10e-07	1.43e-06	1.02e-05	2.08e-03	4.31e-02	2.65e-01	3.84e-01	2.17e-01	7.22e-02	1.16e-02	2.65e-03	1.28e-03	4.67e-05	5.78e-07
 1.09519e+23	1.18e-26	1.13e-12	3.40e-10	1.93e-08	2.51e-07	1.66e-06	1.16e-05	2.27e-03	4.57e-02	2.74e-01	3.86e-01	2.10e-01	6.80e-02	1.06e-02	2.38e-03	1.12e-03	3.94e-05	4.70e-07
 1.10069e+23	1.68e-26	1.58e-12	4.63e-10	2.54e-08	3.19e-07	2.04e-06	1.36e-05	2.55e-03	4.94e-02	2.86e-01	3.87e-01	2.01e-01	6.25e-02	9.42e-03	2.06e-03	9.33e-04	3.13e-05	3.56e-07
 1.10629e+23	2.24e-26	2.08e-12	5.93e-10	3.15e-08	3.86e-07	2.39e-06	1.56e-05	2.80e-03	5.25e-02	2.95e-01	3.87e-01	1.93e-01	5.84e-02	8.54e-03	1.84e-03	8.05e-04	2.60e-05	2.84e-07
 1.11202e+23	3.20e-26	2.95e-12	8.15e-10	4.17e-08	4.95e-07	2.96e-06	1.85e-05	3.16e-03	5.68e-02	3.07e-01	3.87e-01	1.83e-01	5.32e-02	7.48e-03	1.57e-03	6.62e-04	2.03e-05	2.11e-07
 1.11787e+23	4.23e-26	3.89e-12	1.05e-09	5.21e-08	6.03e-07	3.50e-06	2.13e-05	3.48e-03	6.05e-02	3.17e-01	3.86e-01	1.75e-01	4.93e-02	6.71e-03	1.39e-03	5.65e-04	1.66e-05	1.65e-07
 1.12384e+23	6.03e-26	5.57e-12	1.45e-09	6.95e-08	7.80e-07	4.36e-06	2.56e-05	3.95e-03	6.57e-02	3.30e-01	3.83e-01	1.65e-01	4.44e-02	5.80e-03	1.17e-03	4.57e-04	1.27e-05	1.20e-07
 1.12990e+23	7.94e-26	7.35e-12	1.87e-09	8.71e-08	9.55e-07	5.19e-06	2.96e-05	4.37e-03	7.00e-02	3.41e-01	3.81e-01	1.56e-01	4.08e-02	5.16e-03	1.02e-03	3.86e-04	1.03e-05	0.00e+00
 1.13501e+23	1.01e-25	9.44e-12	2.35e-09	1.07e-07	1.15e-06	6.08e-06	3.38e-05	4.79e-03	7.42e-02	3.50e-01	3.78e-01	1.49e-01	3.77e-02	4.63e-03	9.04e-04	3.29e-04	8.41e-06	0.00e+00
 1.14061e+23	1.37e-25	1.30e-11	3.15e-09	1.39e-07	1.46e-06	7.47e-06	4.02e-05	5.40e-03	8.00e-02	3.62e-01	3.74e-01	1.39e-01	3.39e-02	4.00e-03	7.66e-04	2.67e-04	6.46e-06	0.00e+00
 1.14624e+23	1.72e-25	1.66e-11	3.94e-09	1.70e-07	1.75e-06	8.76e-06	4.61e-05	5.92e-03	8.48e-02	3.72e-01	3.70e-01	1.32e-01	3.11e-02	3.56e-03	6.72e-04	2.27e-04	5.26e-06	0.00e+00
 1.15174e+23	2.24e-25	2.22e-11	5.15e-09	2.17e-07	2.19e-06	1.07e-05	5.45e-05	6.64e-03	9.10e-02	3.83e-01	3.64e-01	1.23e-01	2.79e-02	3.08e-03	5.70e-04	1.84e-04	4.06e-06	0.00e+00
 1.15734e+23	2.79e-25	2.82e-11	6.44e-09	2.66e-07	2.65e-06	1.26e-05	6.28e-05	7.32e-03	9.66e-02	3.92e-01	3.59e-01	1.16e-01	2.54e-02	2.71e-03	4.95e-04	1.54e-04	3.25e-06	0.00e+00
 1.16285e+23	3.49e-25	3.68e-11	8.27e-09	3.35e-07	3.28e-06	1.52e-05	7.40e-05	8.19e-03	1.03e-01	4.03e-01	3.52e-01	1.08e-01	2.28e-02	2.34e-03	4.20e-04	1.25e-04	2.51e-06	0.00e+00
 1.16847e+23	4.24e-25	4.66e-11	1.03e-08	4.12e-07	3.98e-06	1.80e-05	8.60e-05	9.06e-03	1.10e-01	4.12e-01	3.45e-01	1.00e-01	2.05e-02	2.04e-03	3.60e-04	1.04e-04	1.98e-06	0.00e+00
 1.17398e+23	5.18e-25	5.91e-11	1.29e-08	5.09e-07	4.86e-06	2.16e-05	1.01e-04	1.01e-02	1.17e-01	4.22e-01	3.37e-01	9.32e-02	1.84e-02	1.76e-03	3.06e-04	8.45e-05	1.54e-06	0.00e+00
 1.17954e+23	6.19e-25	7.40e-11	1.60e-08	6.24e-07	5.90e-06	2.56e-05	1.17e-04	1.12e-02	1.24e-01	4.31e-01	3.29e-01	8.64e-02	1.64e-02	1.52e-03	2.61e-04	6.92e-05	1.20e-06	0.00e+00
 1.18504e+23	7.33e-25	9.17e-11	1.97e-08	7.61e-07	7.13e-06	3.04e-05	1.37e-04	1.24e-02	1.32e-01	4.39e-01	3.20e-01	7.99e-02	1.47e-02	1.32e-03	2.22e-04	5.65e-05	9.34e-07	0.00e+00
 1.19053e+23	8.59e-25	1.13e-10	2.41e-08	9.23e-07	8.59e-06	3.60e-05	1.59e-04	1.37e-02	1.40e-01	4.47e-01	3.11e-01	7.38e-02	1.31e-02	1.14e-03	1.89e-04	4.62e-05	7.28e-07	0.00e+00
 1.19602e+23	9.98e-25	1.37e-10	2.93e-08	1.12e-06	1.03e-05	4.26e-05	1.85e-04	1.52e-02	1.48e-01	4.54e-01	3.02e-01	6.80e-02	1.17e-02	9.76e-04	1.60e-04	3.76e-05	5.64e-07	0.00e+00
 1.20153e+23	1.15e-24	1.66e-10	3.55e-08	1.34e-06	1.24e-05	5.02e-05	2.15e-04	1.68e-02	1.57e-01	4.60e-01	2.92e-01	6.26e-02	1.04e-02	8.40e-04	1.36e-04	3.06e-05	4.38e-07	0.00e+00
 1.20706e+23	1.32e-24	1.99e-10	4.27e-08	1.61e-06	1.48e-05	5.91e-05	2.49e-04	1.85e-02	1.66e-01	4.66e-01	2.82e-01	5.74e-02	9.21e-03	7.20e-04	1.15e-04	2.49e-05	3.39e-07	0.00e+00
 1.21263e+23	1.50e-24	2.36e-10	5.11e-08	1.93e-06	1.77e-05	6.96e-05	2.90e-04	2.05e-02	1.75e-01	4.71e-01	2.72e-01	5.26e-02	8.16e-03	6.17e-04	9.68e-05	2.02e-05	2.62e-07	0.00e+00
 1.21825e+23	1.71e-24	2.80e-10	6.10e-08	2.31e-06	2.11e-05	8.18e-05	3.36e-04	2.26e-02	1.85e-01	4.75e-01	2.61e-01	4.80e-02	7.21e-03	5.27e-04	8.15e-05	1.63e-05	2.02e-07	0.00e+00
 1.22391e+23	1.95e-24	3.29e-10	7.25e-08	2.74e-06	2.51e-05	9.58e-05	3.90e-04	2.49e-02	1.94e-01	4.79e-01	2.51e-01	4.38e-02	6.37e-03	4.51e-04	6.87e-05	1.32e-05	1.55e-07	0.00e+00
 1.22966e+23	2.22e-24	3.86e-10	8.62e-08	3.27e-06	2.98e-05	1.13e-04	4.53e-04	2.75e-02	2.05e-01	4.81e-01	2.40e-01	3.99e-02	5.60e-03	3.83e-04	5.75e-05	1.06e-05	1.19e-07	0.00e+00
 1.23545e+23	2.53e-24	4.49e-10	1.02e-07	3.87e-06	3.53e-05	1.32e-04	5.25e-04	3.03e-02	2.15e-01	4.83e-01	2.29e-01	3.62e-02	4.93e-03	3.26e-04	4.83e-05	8.55e-06	0.00e+00	0.00e+00
 1.24137e+23	5.75e-24	5.22e-10	1.21e-07	4.61e-06	4.20e-05	1.54e-04	6.11e-04	3.34e-02	2.26e-01	4.84e-01	2.18e-01	3.27e-02	4.31e-03	2.76e-04	4.01e-05	6.82e-06	0.00e+00	0.00e+00
 1.24737e+23	6.62e-24	6.04e-10	1.43e-07	5.45e-06	4.97e-05	1.80e-04	7.07e-04	3.68e-02	2.37e-01	4.84e-01	2.08e-01	2.96e-02	3.78e-03	2.34e-04	3.35e-05	5.47e-06	0.00e+00	0.00e+00
 1.25288e+23	7.51e-24	6.80e-10	1.64e-07	6.26e-06	5.72e-05	2.05e-04	8.00e-04	3.98e-02	2.46e-01	4.83e-01	1.99e-01	2.72e-02	3.38e-03	2.03e-04	2.88e-05	4.54e-06	0.00e+00	0.00e+00
 1.25863e+23	8.78e-24	7.86e-10	1.94e-07	7.46e-06	6.81e-05	2.41e-04	9.34e-04	4.40e-02	2.58e-01	4.81e-01	1.88e-01	2.43e-02	2.93e-03	1.70e-04	2.37e-05	3.57e-06	0.00e+00	0.00e+00
 1.26446e+23	1.01e-23	8.86e-10	2.23e-07	8.58e-06	7.83e-05	2.74e-04	1.06e-03	4.75e-02	2.68e-01	4.79e-01	1.79e-01	2.22e-02	2.61e-03	1.48e-04	2.02e-05	2.96e-06	0.00e+00	0.00e+00
 1.27047e+23	1.21e-23	1.03e-09	2.66e-07	1.03e-05	9.36e-05	3.23e-04	1.23e-03	5.25e-02	2.81e-01	4.75e-01	1.68e-01	1.98e-02	2.25e-03	1.23e-04	1.65e-05	2.31e-06	0.00e+00	0.00e+00
 1.27651e+23	1.41e-23	1.15e-09	3.06e-07	1.18e-05	1.07e-04	3.66e-04	1.39e-03	5.66e-02	2.90e-01	4.71e-01	1.60e-01	1.80e-02	2.00e-03	1.06e-04	1.41e-05	1.91e-06	0.00e+00	0.00e+00
 1.28259e+23	1.70e-23	1.33e-09	3.64e-07	1.40e-05	1.28e-04	4.30e-04	1.62e-03	6.24e-02	3.03e-01	4.66e-01	1.49e-01	1.60e-02	1.72e-03	8.78e-05	1.15e-05	1.48e-06	0.00e+00	0.00e+00
 1.28869e+23	2.00e-23	1.49e-09	4.18e-07	1.61e-05	1.46e-04	4.85e-04	1.82e-03	6.71e-02	3.12e-01	4.61e-01	1.41e-01	1.46e-02	1.53e-03	7.62e-05	9.82e-06	1.23e-06	0.00e+00	0.00e+00
 1.29481e+23	2.46e-23	1.72e-09	4.98e-07	1.91e-05	1.73e-04	5.67e-04	2.11e-03	7.36e-02	3.25e-01	4.53e-01	1.32e-01	1.29e-02	1.31e-03	6.31e-05	8.00e-06	9.59e-07	0.00e+00	0.00e+00
 1.30099e+23	2.93e-23	1.93e-09	5.73e-07	2.19e-05	1.97e-04	6.38e-04	2.37e-03	7.89e-02	3.34e-01	4.47e-01	1.24e-01	1.17e-02	1.17e-03	5.46e-05	6.82e-06	7.91e-07	0.00e+00	0.00e+00
 1.30725e+23	3.65e-23	2.23e-09	6.84e-07	2.60e-05	2.33e-04	7.44e-04	2.74e-03	8.63e-02	3.46e-01	4.38e-01	1.15e-01	1.03e-02	9.97e-04	4.51e-05	5.53e-06	6.15e-07	0.00e+00	0.00e+00
 1.31360e+23	4.39e-23	2.52e-09	7.90e-07	2.99e-05	2.66e-04	8.37e-04	3.07e-03	9.24e-02	3.54e-01	4.30e-01	1.08e-01	9.32e-03	8.83e-04	3.88e-05	4.70e-06	5.05e-07	0.00e+00	0.00e+00
 1.32004e+23	5.57e-23	2.93e-09	9.49e-07	3.57e-05	3.15e-04	9.74e-04	3.54e-03	1.01e-01	3.66e-01	4.20e-01	1.00e-01	8.17e-03	7.52e-04	3.19e-05	3.80e-06	3.91e-07	0.00e+00	0.00e+00
 1.32660e+23	6.80e-23	3.33e-09	1.10e-06	4.11e-05	3.61e-04	1.10e-03	3.96e-03	1.08e-01	3.74e-01	4.11e-01	9.36e-02	7.36e-03	6.62e-04	2.74e-05	3.21e-06	3.19e-07	0.00e+00	0.00e+00
 1.33330e+23	8.79e-23	3.91e-09	1.34e-06	4.93e-05	4.28e-04	1.28e-03	4.58e-03	1.17e-01	3.85e-01	3.99e-01	8.57e-02	6.40e-03	5.60e-04	2.23e-05	2.57e-06	2.44e-07	0.00e+00	0.00e+00
 1.34016e+23	1.09e-22	4.49e-09	1.57e-06	5.72e-05	4.91e-04	1.44e-03	5.12e-03	1.25e-01	3.93e-01	3.89e-01	7.98e-02	5.73e-03	4.91e-04	1.90e-05	2.15e-06	1.98e-07	0.00e+00	0.00e+00
 1.34720e+23	1.44e-22	5.34e-09	1.92e-06	6.91e-05	5.85e-04	1.68e-03	5.92e-03	1.37e-01	4.02e-01	3.75e-01	7.25e-02	4.95e-03	4.12e-04	1.54e-05	1.71e-06	1.50e-07	0.00e+00	0.00e+00
 1.35440e+23	1.83e-22	6.21e-09	2.27e-06	8.07e-05	6.73e-04	1.90e-03	6.62e-03	1.46e-01	4.09e-01	3.64e-01	6.71e-02	4.40e-03	3.58e-04	1.30e-05	1.42e-06	0.00e+00	0.00e+00	0.00e+00
 1.36047e+23	2.25e-22	7.09e-09	2.64e-06	9.24e-05	7.61e-04	2.11e-03	7.30e-03	1.54e-01	4.15e-01	3.54e-01	6.26e-02	3.96e-03	3.16e-04	1.12e-05	1.21e-06	0.00e+00	0.00e+00	0.00e+00
 1.36702e+23	2.95e-22	8.40e-09	3.19e-06	1.10e-04	8.91e-04	2.42e-03	8.27e-03	1.65e-01	4.22e-01	3.41e-01	5.70e-02	3.45e-03	2.69e-04	9.17e-06	9.74e-07	0.00e+00	0.00e+00	0.00e+00
 1.37341e+23	3.60e-22	9.57e-09	3.68e-06	1.25e-04	9.99e-04	2.67e-03	9.03e-03	1.74e-01	4.26e-01	3.31e-01	5.33e-02	3.12e-03	2.39e-04	7.97e-06	8.35e-07	0.00e+00	0.00e+00	0.00e+00
 1.37958e+23	4.65e-22	1.12e-08	4.41e-06	1.47e-04	1.16e-03	3.02e-03	1.01e-02	1.85e-01	4.31e-01	3.18e-01	4.86e-02	2.73e-03	2.04e-04	6.60e-06	6.81e-07	0.00e+00	0.00e+00	0.00e+00
 1.38581e+23	5.77e-22	1.30e-08	5.11e-06	1.68e-04	1.30e-03	3.32e-03	1.10e-02	1.94e-01	4.34e-01	3.08e-01	4.53e-02	2.47e-03	1.82e-04	5.73e-06	5.84e-07	0.00e+00	0.00e+00	0.00e+00
 1.39212e+23	7.55e-22	1.54e-08	6.15e-06	1.99e-04	1.50e-03	3.76e-03	1.23e-02	2.06e-01	4.38e-01	2.95e-01	4.12e-02	2.16e-03	1.55e-04	4.74e-06	4.75e-07	0.00e+00	0.00e+00	0.00e+00
 1.39851e+23	9.45e-22	1.79e-08	7.17e-06	2.28e-04	1.68e-03	4.14e-03	1.34e-02	2.15e-01	4.40e-01	2.85e-01	3.82e-02	1.95e-03	1.37e-04	4.09e-06	4.05e-07	0.00e+00	0.00e+00	0.00e+00
 1.40502e+23	1.25e-21	2.15e-08	8.69e-06	2.70e-04	1.95e-03	4.69e-03	1.50e-02	2.28e-01	4.42e-01	2.72e-01	3.46e-02	1.69e-03	1.16e-04	3.36e-06	3.27e-07	0.00e+00	0.00e+00	0.00e+00
 1.41162e+23	1.59e-21	2.52e-08	1.02e-05	3.11e-04	2.19e-03	5.16e-03	1.63e-02	2.38e-01	4.43e-01	2.62e-01	3.20e-02	1.52e-03	1.02e-04	2.89e-06	2.77e-07	0.00e+00	0.00e+00	0.00e+00
 1.41834e+23	2.14e-21	3.06e-08	1.24e-05	3.71e-04	2.55e-03	5.84e-03	1.81e-02	2.52e-01	4.43e-01	2.48e-01	2.87e-02	1.31e-03	8.63e-05	2.35e-06	2.22e-07	0.00e+00	0.00e+00	0.00e+00
 1.42518e+23	2.75e-21	3.63e-08	1.47e-05	4.28e-04	2.87e-03	6.43e-03	1.97e-02	2.62e-01	4.43e-01	2.38e-01	2.64e-02	1.17e-03	7.57e-05	2.01e-06	1.88e-07	0.00e+00	0.00e+00	0.00e+00
 1.43216e+23	3.76e-21	4.47e-08	1.81e-05	5.14e-04	3.35e-03	7.29e-03	2.19e-02	2.76e-01	4.41e-01	2.25e-01	2.36e-02	1.00e-03	6.33e-05	1.63e-06	1.49e-07	0.00e+00	0.00e+00	0.00e+00
 1.43928e+23	4.90e-21	5.36e-08	2.15e-05	5.97e-04	3.78e-03	8.04e-03	2.37e-02	2.87e-01	4.40e-01	2.14e-01	2.16e-02	8.89e-04	5.51e-05	1.38e-06	1.25e-07	0.00e+00	0.00e+00	0.00e+00
 1.44659e+23	6.85e-21	6.70e-08	2.67e-05	7.22e-04	4.43e-03	9.12e-03	2.64e-02	3.02e-01	4.36e-01	2.01e-01	1.91e-02	7.55e-04	4.56e-05	1.10e-06	0.00e+00	0.00e+00	0.00e+00	0.00e+00
 1.45409e+23	9.08e-21	8.14e-08	3.21e-05	8.44e-04	5.03e-03	1.01e-02	2.87e-02	3.14e-01	4.33e-01	1.91e-01	1.73e-02	6.63e-04	3.93e-05	9.26e-07	0.00e+00	0.00e+00	0.00e+00	0.00e+00
 1.46184e+23	1.30e-20	1.04e-07	4.05e-05	1.03e-03	5.91e-03	1.15e-02	3.19e-02	3.29e-01	4.27e-01	1.77e-01	1.52e-02	5.59e-04	3.22e-05	7.32e-07	0.00e+00	0.00e+00	0.00e+00	0.00e+00
 1.46970e+23	1.75e-20	1.28e-07	4.88e-05	1.21e-03	6.72e-03	1.27e-02	3.45e-02	3.41e-01	4.22e-01	1.67e-01	1.37e-02	4.89e-04	2.76e-05	6.10e-07	0.00e+00	0.00e+00	0.00e+00	0.00e+00
 1.47770e+23	2.54e-20	1.65e-07	6.19e-05	1.49e-03	7.91e-03	1.44e-02	3.83e-02	3.56e-01	4.15e-01	1.55e-01	1.19e-02	4.08e-04	2.24e-05	4.78e-07	0.00e+00	0.00e+00	0.00e+00	0.00e+00
 1.48579e+23	3.45e-20	2.04e-07	7.50e-05	1.75e-03	8.99e-03	1.59e-02	4.13e-02	3.67e-01	4.08e-01	1.46e-01	1.07e-02	3.56e-04	1.91e-05	3.97e-07	0.00e+00	0.00e+00	0.00e+00	0.00e+00
 1.49400e+23	5.08e-20	2.67e-07	9.56e-05	2.15e-03	1.06e-02	1.81e-02	4.56e-02	3.82e-01	3.98e-01	1.34e-01	9.22e-03	2.95e-04	1.54e-05	3.08e-07	0.00e+00	0.00e+00	0.00e+00	0.00e+00
 1.50233e+23	6.96e-20	3.33e-07	1.16e-04	2.53e-03	1.20e-02	1.99e-02	4.91e-02	3.93e-01	3.90e-01	1.25e-01	8.23e-03	2.56e-04	1.31e-05	2.54e-07	0.00e+00	0.00e+00	0.00e+00	0.00e+00
 1.50964e+23	9.46e-20	4.12e-07	1.40e-04	2.97e-03	1.36e-02	2.19e-02	5.27e-02	4.03e-01	3.82e-01	1.16e-01	7.31e-03	2.21e-04	1.10e-05	2.08e-07	0.00e+00	0.00e+00	0.00e+00	0.00e+00
 1.51799e+23	1.40e-19	5.44e-07	1.79e-04	3.64e-03	1.59e-02	2.46e-02	5.77e-02	4.16e-01	3.70e-01	1.06e-01	6.29e-03	1.83e-04	8.87e-06	1.62e-07	0.00e+00	0.00e+00	0.00e+00	0.00e+00
 1.52648e+23	1.94e-19	6.80e-07	2.18e-04	4.30e-03	1.81e-02	2.71e-02	6.19e-02	4.25e-01	3.59e-01	9.82e-02	5.53e-03	1.57e-04	7.40e-06	1.31e-07	0.00e+00	0.00e+00	0.00e+00	0.00e+00
 1.53339e+23	2.56e-19	8.26e-07	2.57e-04	4.95e-03	2.01e-02	2.93e-02	6.56e-02	4.33e-01	3.50e-01	9.18e-02	4.97e-03	1.37e-04	6.35e-06	0.00e+00	0.00e+00	0.00e+00	0.00e+00	0.00e+00
 1.54057e+23	3.56e-19	1.04e-06	3.14e-04	5.83e-03	2.28e-02	3.22e-02	7.00e-02	4.41e-01	3.39e-01	8.47e-02	4.37e-03	1.17e-04	5.30e-06	0.00e+00	0.00e+00	0.00e+00	0.00e+00	0.00e+00
 1.54811e+23	4.77e-19	1.28e-06	3.74e-04	6.75e-03	2.55e-02	3.49e-02	7.41e-02	4.47e-01	3.29e-01	7.86e-02	3.88e-03	1.02e-04	4.49e-06	0.00e+00	0.00e+00	0.00e+00	0.00e+00	0.00e+00
 1.55503e+23	6.37e-19	1.56e-06	4.44e-04	7.78e-03	2.83e-02	3.77e-02	7.82e-02	4.53e-01	3.18e-01	7.29e-02	3.45e-03	8.83e-05	3.81e-06	0.00e+00	0.00e+00	0.00e+00	0.00e+00	0.00e+00
 1.56292e+23	9.14e-19	2.02e-06	5.51e-04	9.28e-03	3.23e-02	4.14e-02	8.35e-02	4.59e-01	3.05e-01	6.62e-02	2.97e-03	7.38e-05	3.10e-06	0.00e+00	0.00e+00	0.00e+00	0.00e+00	0.00e+00
 1.57102e+23	1.26e-18	2.51e-06	6.63e-04	1.08e-02	3.62e-02	4.49e-02	8.83e-02	4.63e-01	2.93e-01	6.05e-02	2.60e-03	6.28e-05	2.57e-06	0.00e+00	0.00e+00	0.00e+00	0.00e+00	0.00e+00
 1.57812e+23	1.68e-18	3.07e-06	7.85e-04	1.24e-02	4.00e-02	4.83e-02	9.26e-02	4.66e-01	2.82e-01	5.58e-02	2.29e-03	5.43e-05	2.17e-06	0.00e+00	0.00e+00	0.00e+00	0.00e+00	0.00e+00
 1.58610e+23	2.41e-18	3.95e-06	9.68e-04	1.47e-02	4.53e-02	5.27e-02	9.80e-02	4.68e-01	2.68e-01	5.03e-02	1.96e-03	4.51e-05	1.76e-06	0.00e+00	0.00e+00	0.00e+00	0.00e+00	0.00e+00
