#depth	S	S+	S+2	S+3	S+4	S+5	S+6	S+7	S+8	S+9	S+10	S+11	S+12	S+13	S+14	S+15	S+16
 1.54284e+22	0.00e+00	0.00e+00	0.00e+00	0.00e+00	0.00e+00	3.77e-24	2.06e-20	2.90e-17	1.63e-14	3.88e-12	5.53e-10	4.20e-08	2.13e-06	1.13e-04	1.19e-02	1.76e-01	8.12e-01
 3.47733e+22	0.00e+00	0.00e+00	0.00e+00	0.00e+00	1.23e-25	3.42e-22	1.23e-18	1.13e-15	4.16e-13	6.46e-11	6.02e-09	2.99e-07	1.00e-05	3.53e-04	2.47e-02	2.41e-01	7.34e-01
 4.10728e+22	0.00e+00	0.00e+00	0.00e+00	2.76e-28	1.23e-24	2.72e-21	1.41e-17	1.01e-14	2.87e-12	3.45e-10	2.49e-08	9.60e-07	2.51e-05	6.89e-04	3.76e-02	2.85e-01	6.76e-01
 4.53623e+22	0.00e+00	0.00e+00	4.90e-31	3.39e-27	1.27e-23	2.34e-20	9.96e-17	5.78e-14	1.34e-11	1.32e-09	7.74e-08	2.44e-06	5.21e-05	1.17e-03	5.21e-02	3.23e-01	6.24e-01
 4.77454e+22	0.00e+00	0.00e+00	6.21e-31	4.10e-27	1.46e-23	4.08e-20	1.65e-16	9.12e-14	2.01e-11	1.87e-09	1.04e-07	3.11e-06	6.30e-05	1.34e-03	5.67e-02	3.33e-01	6.09e-01
 4.85039e+22	0.00e+00	0.00e+00	9.82e-31	6.31e-27	2.19e-23	5.89e-20	2.31e-16	1.23e-13	2.62e-11	2.35e-09	1.27e-07	3.65e-06	7.14e-05	1.46e-03	5.98e-02	3.39e-01	6.00e-01
 4.90596e+22	0.00e+00	0.00e+00	1.41e-30	8.87e-27	3.00e-23	7.88e-20	3.01e-16	1.56e-13	3.23e-11	2.82e-09	1.48e-07	4.14e-06	7.87e-05	1.57e-03	6.25e-02	3.44e-01	5.92e-01
 4.96892e+22	0.00e+00	0.00e+00	2.24e-30	1.37e-26	4.49e-23	1.14e-19	4.21e-16	2.11e-13	4.21e-11	3.55e-09	1.80e-07	4.86e-06	8.92e-05	1.72e-03	6.59e-02	3.50e-01	5.82e-01
 5.03626e+22	0.00e+00	0.00e+00	3.49e-30	2.07e-26	6.61e-23	1.62e-19	5.81e-16	2.81e-13	5.45e-11	4.44e-09	2.17e-07	5.68e-06	1.01e-04	1.87e-03	6.94e-02	3.57e-01	5.72e-01
 5.09780e+22	0.00e+00	0.00e+00	5.35e-30	3.10e-26	9.59e-23	2.28e-19	7.93e-16	3.72e-13	6.96e-11	5.50e-09	2.60e-07	6.59e-06	1.13e-04	2.03e-03	7.30e-02	3.62e-01	5.62e-01
 5.15730e+22	0.00e+00	0.00e+00	8.27e-30	4.65e-26	1.40e-22	3.22e-19	1.09e-15	4.93e-13	8.94e-11	6.83e-09	3.13e-07	7.67e-06	1.27e-04	2.21e-03	7.67e-02	3.68e-01	5.53e-01
 5.21651e+22	0.00e+00	0.00e+00	1.26e-29	6.90e-26	2.02e-22	4.50e-19	1.47e-15	6.48e-13	1.14e-10	8.43e-09	3.74e-07	8.88e-06	1.42e-04	2.40e-03	8.05e-02	3.74e-01	5.43e-01
 5.28433e+22	0.00e+00	0.00e+00	2.18e-29	1.15e-25	3.24e-22	6.92e-19	2.18e-15	9.23e-13	1.56e-10	1.11e-08	4.72e-07	1.07e-05	1.65e-04	2.66e-03	8.57e-02	3.81e-01	5.30e-01
 5.35301e+22	0.00e+00	0.00e+00	3.41e-29	1.75e-25	4.79e-22	9.89e-19	3.02e-15	1.24e-12	2.02e-10	1.39e-08	5.71e-07	1.26e-05	1.86e-04	2.90e-03	9.01e-02	3.87e-01	5.20e-01
 5.41127e+22	0.00e+00	0.00e+00	5.23e-29	2.61e-25	6.93e-22	1.38e-18	4.11e-15	1.63e-12	2.58e-10	1.72e-08	6.85e-07	1.46e-05	2.09e-04	3.14e-03	9.45e-02	3.93e-01	5.10e-01
 5.46597e+22	0.00e+00	1.49e-33	7.69e-29	3.75e-25	9.67e-22	1.87e-18	5.43e-15	2.09e-12	3.22e-10	2.08e-08	8.06e-07	1.67e-05	2.31e-04	3.38e-03	9.86e-02	3.97e-01	5.00e-01
 5.52761e+22	0.00e+00	2.54e-33	1.26e-28	5.95e-25	1.48e-21	2.76e-18	7.74e-15	2.88e-12	4.27e-10	2.66e-08	9.95e-07	1.98e-05	2.64e-04	3.71e-03	1.04e-01	4.03e-01	4.88e-01
 5.59177e+22	0.00e+00	4.10e-33	1.97e-28	9.04e-25	2.18e-21	3.92e-18	1.07e-14	3.84e-12	5.52e-10	3.32e-08	1.20e-06	2.31e-05	2.98e-04	4.04e-03	1.09e-01	4.09e-01	4.78e-01
 5.64911e+22	0.00e+00	0.00e+00	3.02e-28	1.35e-24	3.15e-21	5.47e-18	1.45e-14	5.06e-12	7.04e-10	4.11e-08	1.44e-06	2.69e-05	3.34e-04	4.37e-03	1.14e-01	4.14e-01	4.67e-01
 5.71353e+22	0.00e+00	1.15e-32	5.13e-28	2.20e-24	4.96e-21	8.26e-18	2.11e-14	7.11e-12	9.53e-10	5.35e-08	1.80e-06	3.23e-05	3.84e-04	4.83e-03	1.21e-01	4.19e-01	4.54e-01
 5.77701e+22	0.00e+00	1.82e-32	7.89e-28	3.29e-24	7.18e-21	1.15e-17	2.87e-14	9.38e-12	1.22e-09	6.62e-08	2.17e-06	3.75e-05	4.31e-04	5.23e-03	1.27e-01	4.24e-01	4.44e-01
 5.82959e+22	0.00e+00	2.75e-32	1.16e-27	4.70e-24	9.98e-21	1.55e-17	3.78e-14	1.20e-11	1.52e-09	8.01e-08	2.55e-06	4.28e-05	4.77e-04	5.61e-03	1.32e-01	4.28e-01	4.34e-01
 5.88823e+22	0.00e+00	4.66e-32	1.89e-27	7.42e-24	1.52e-20	2.27e-17	5.35e-14	1.64e-11	2.00e-09	1.02e-07	3.13e-06	5.08e-05	5.43e-04	6.14e-03	1.39e-01	4.33e-01	4.22e-01
 5.94894e+22	0.00e+00	7.44e-32	2.92e-27	1.11e-23	2.20e-20	3.17e-17	7.27e-14	2.17e-11	2.56e-09	1.27e-07	3.77e-06	5.91e-05	6.10e-04	6.65e-03	1.45e-01	4.37e-01	4.11e-01
 6.00284e+22	0.00e+00	1.15e-31	4.37e-27	1.62e-23	3.11e-20	4.33e-17	9.69e-14	2.81e-11	3.23e-09	1.55e-07	4.47e-06	6.80e-05	6.78e-04	7.15e-03	1.51e-01	4.40e-01	4.01e-01
 6.06343e+22	0.00e+00	2.00e-31	7.30e-27	2.61e-23	4.81e-20	6.42e-17	1.39e-13	3.90e-11	4.32e-09	2.00e-07	5.56e-06	8.12e-05	7.76e-04	7.85e-03	1.59e-01	4.44e-01	3.88e-01
 6.12361e+22	0.00e+00	3.18e-31	1.12e-26	3.88e-23	6.92e-20	8.88e-17	1.88e-13	5.11e-11	5.51e-09	2.47e-07	6.66e-06	9.43e-05	8.69e-04	8.48e-03	1.66e-01	4.47e-01	3.77e-01
 6.17392e+22	0.00e+00	4.79e-31	1.64e-26	5.52e-23	9.58e-20	1.19e-16	2.46e-13	6.53e-11	6.84e-09	2.98e-07	7.83e-06	1.08e-04	9.60e-04	9.07e-03	1.72e-01	4.50e-01	3.68e-01
 6.22998e+22	0.00e+00	7.97e-31	2.63e-26	8.54e-23	1.43e-19	1.70e-16	3.43e-13	8.80e-11	8.93e-09	3.76e-07	9.55e-06	1.27e-04	1.09e-03	9.87e-03	1.80e-01	4.53e-01	3.56e-01
 6.28849e+22	0.00e+00	1.26e-30	4.02e-26	1.27e-22	2.05e-19	2.35e-16	4.62e-13	1.15e-10	1.14e-08	4.63e-07	1.14e-05	1.47e-04	1.21e-03	1.06e-02	1.88e-01	4.55e-01	3.46e-01
 6.34105e+22	0.00e+00	1.99e-30	6.14e-26	1.87e-22	2.92e-19	3.23e-16	6.21e-13	1.51e-10	1.44e-08	5.70e-07	1.37e-05	1.70e-04	1.35e-03	1.15e-02	1.95e-01	4.57e-01	3.35e-01
 6.39172e+22	0.00e+00	3.03e-30	9.07e-26	2.69e-22	4.07e-19	4.35e-16	8.16e-13	1.93e-10	1.80e-08	6.91e-07	1.61e-05	1.94e-04	1.50e-03	1.23e-02	2.02e-01	4.58e-01	3.26e-01
 6.44149e+22	0.00e+00	4.62e-30	1.34e-25	3.85e-22	5.65e-19	5.83e-16	1.07e-12	2.47e-10	2.24e-08	8.38e-07	1.90e-05	2.22e-04	1.66e-03	1.31e-02	2.10e-01	4.59e-01	3.16e-01
 6.49862e+22	0.00e+00	7.86e-30	2.19e-25	6.07e-22	8.56e-19	8.45e-16	1.51e-12	3.37e-10	2.96e-08	1.07e-06	2.33e-05	2.63e-04	1.88e-03	1.43e-02	2.19e-01	4.61e-01	3.04e-01
 6.55656e+22	0.00e+00	1.25e-29	3.35e-25	8.98e-22	1.22e-18	1.16e-15	2.03e-12	4.41e-10	3.76e-08	1.31e-06	2.79e-05	3.04e-04	2.10e-03	1.53e-02	2.27e-01	4.61e-01	2.94e-01
 6.60655e+22	0.00e+00	1.90e-29	4.96e-25	1.29e-21	1.70e-18	1.56e-15	2.67e-12	5.65e-10	4.69e-08	1.59e-06	3.29e-05	3.48e-04	2.32e-03	1.64e-02	2.35e-01	4.61e-01	2.84e-01
 6.66255e+22	0.00e+00	3.23e-29	8.08e-25	2.02e-21	2.57e-18	2.25e-15	3.75e-12	7.69e-10	6.17e-08	2.02e-06	4.04e-05	4.11e-04	2.63e-03	1.78e-02	2.45e-01	4.61e-01	2.73e-01
 6.71954e+22	0.00e+00	5.09e-29	1.23e-24	2.98e-21	3.65e-18	3.07e-15	5.02e-12	1.00e-09	7.81e-08	2.49e-06	4.82e-05	4.75e-04	2.92e-03	1.91e-02	2.54e-01	4.61e-01	2.63e-01
 6.76903e+22	0.00e+00	7.83e-29	1.83e-24	4.29e-21	5.08e-18	4.11e-15	6.60e-12	1.29e-09	9.76e-08	3.02e-06	5.69e-05	5.44e-04	3.23e-03	2.04e-02	2.62e-01	4.60e-01	2.54e-01
 6.82459e+22	0.00e+00	1.35e-28	3.02e-24	6.80e-21	7.70e-18	5.95e-15	9.31e-12	1.76e-09	1.29e-07	3.86e-06	7.02e-05	6.45e-04	3.66e-03	2.21e-02	2.72e-01	4.58e-01	2.43e-01
 6.88119e+22	0.00e+00	2.08e-28	4.52e-24	9.86e-21	1.08e-17	8.03e-15	1.23e-11	2.27e-09	1.62e-07	4.70e-06	8.31e-05	7.40e-04	4.05e-03	2.36e-02	2.81e-01	4.57e-01	2.34e-01
 6.93119e+22	0.00e+00	3.23e-28	6.77e-24	1.43e-20	1.51e-17	1.08e-14	1.63e-11	2.92e-09	2.03e-07	5.73e-06	9.84e-05	8.49e-04	4.48e-03	2.52e-02	2.90e-01	4.55e-01	2.25e-01
 6.98822e+22	0.00e+00	5.53e-28	1.11e-23	2.26e-20	2.28e-17	1.56e-14	2.29e-11	3.99e-09	2.69e-07	7.30e-06	1.21e-04	1.00e-03	5.07e-03	2.73e-02	3.01e-01	4.52e-01	2.14e-01
 7.04662e+22	0.00e+00	8.93e-28	1.73e-23	3.38e-20	3.29e-17	2.15e-14	3.10e-11	5.26e-09	3.44e-07	9.05e-06	1.45e-04	1.17e-03	5.66e-03	2.92e-02	3.10e-01	4.49e-01	2.04e-01
 7.09756e+22	0.00e+00	1.37e-27	2.56e-23	4.85e-20	4.57e-17	2.87e-14	4.07e-11	6.73e-09	4.29e-07	1.10e-05	1.71e-04	1.33e-03	6.23e-03	3.10e-02	3.19e-01	4.46e-01	1.96e-01
 7.15456e+22	0.00e+00	2.42e-27	4.33e-23	7.84e-20	7.04e-17	4.19e-14	5.81e-11	9.34e-09	5.76e-07	1.42e-05	2.13e-04	1.59e-03	7.09e-03	3.37e-02	3.31e-01	4.41e-01	1.86e-01
 7.20940e+22	0.00e+00	3.62e-27	6.27e-23	1.10e-19	9.56e-17	5.49e-14	7.49e-11	1.18e-08	7.08e-07	1.69e-05	2.49e-04	1.80e-03	7.75e-03	3.56e-02	3.39e-01	4.38e-01	1.78e-01
 7.26145e+22	0.00e+00	6.16e-27	1.02e-22	1.72e-19	1.42e-16	7.78e-14	1.04e-10	1.59e-08	9.30e-07	2.15e-05	3.05e-04	2.12e-03	8.73e-03	3.83e-02	3.50e-01	4.32e-01	1.69e-01
 7.31366e+22	0.00e+00	9.20e-27	1.48e-22	2.41e-19	1.93e-16	1.02e-13	1.34e-10	2.01e-08	1.14e-06	2.57e-05	3.55e-04	2.39e-03	9.54e-03	4.04e-02	3.58e-01	4.28e-01	1.62e-01
 7.35712e+22	0.00e+00	1.35e-26	2.10e-22	3.31e-19	2.57e-16	1.30e-13	1.70e-10	2.49e-08	1.39e-06	3.05e-05	4.11e-04	2.69e-03	1.04e-02	4.26e-02	3.65e-01	4.23e-01	1.55e-01
 7.39746e+22	0.00e+00	1.93e-26	2.91e-22	4.46e-19	3.36e-16	1.64e-13	2.12e-10	3.06e-08	1.67e-06	3.57e-05	4.70e-04	3.00e-03	1.12e-02	4.46e-02	3.72e-01	4.19e-01	1.49e-01
 7.43453e+22	0.00e+00	2.67e-26	3.92e-22	5.85e-19	4.27e-16	2.03e-13	2.59e-10	3.67e-08	1.97e-06	4.12e-05	5.32e-04	3.32e-03	1.21e-02	4.66e-02	3.79e-01	4.15e-01	1.44e-01
 7.46913e+22	0.00e+00	3.66e-26	5.24e-22	7.60e-19	5.40e-16	2.48e-13	3.14e-10	4.39e-08	2.31e-06	4.74e-05	5.99e-04	3.65e-03	1.29e-02	4.85e-02	3.85e-01	4.11e-01	1.39e-01
 7.50864e+22	0.00e+00	5.45e-26	7.53e-22	1.06e-18	7.25e-16	3.21e-13	4.01e-10	5.50e-08	2.83e-06	5.65e-05	6.96e-04	4.11e-03	1.41e-02	5.11e-02	3.92e-01	4.05e-01	1.32e-01
 7.54715e+22	0.00e+00	7.42e-26	9.99e-22	1.36e-18	9.10e-16	3.90e-13	4.84e-10	6.54e-08	3.31e-06	6.48e-05	7.82e-04	4.52e-03	1.50e-02	5.31e-02	3.98e-01	4.01e-01	1.28e-01
 7.57895e+22	0.00e+00	1.00e-25	1.31e-21	1.75e-18	1.13e-15	4.72e-13	5.81e-10	7.75e-08	3.86e-06	7.39e-05	8.75e-04	4.94e-03	1.60e-02	5.52e-02	4.04e-01	3.96e-01	1.23e-01
 7.61486e+22	0.00e+00	1.44e-25	1.83e-21	2.36e-18	1.48e-15	5.93e-13	7.25e-10	9.50e-08	4.64e-06	8.67e-05	1.00e-03	5.51e-03	1.73e-02	5.77e-02	4.10e-01	3.91e-01	1.18e-01
 7.65029e+22	0.00e+00	1.92e-25	2.38e-21	3.00e-18	1.83e-15	7.12e-13	8.64e-10	1.12e-07	5.38e-06	9.85e-05	1.12e-03	6.01e-03	1.84e-02	5.98e-02	4.15e-01	3.86e-01	1.14e-01
 7.67981e+22	0.00e+00	2.55e-25	3.08e-21	3.78e-18	2.24e-15	8.48e-13	1.02e-09	1.31e-07	6.20e-06	1.12e-04	1.24e-03	6.54e-03	1.95e-02	6.18e-02	4.20e-01	3.81e-01	1.10e-01
 7.70852e+22	0.00e+00	3.35e-25	3.95e-21	4.72e-18	2.73e-15	1.00e-12	1.21e-09	1.52e-07	7.11e-06	1.26e-04	1.38e-03	7.09e-03	2.07e-02	6.39e-02	4.25e-01	3.76e-01	1.06e-01
 7.74143e+22	0.00e+00	4.70e-25	5.39e-21	6.24e-18	3.49e-15	1.24e-12	1.48e-09	1.84e-07	8.45e-06	1.46e-04	1.56e-03	7.85e-03	2.22e-02	6.65e-02	4.30e-01	3.71e-01	1.01e-01
 7.77524e+22	0.00e+00	6.31e-25	7.04e-21	7.93e-18	4.31e-15	1.48e-12	1.76e-09	2.17e-07	9.80e-06	1.66e-04	1.74e-03	8.56e-03	2.36e-02	6.88e-02	4.35e-01	3.65e-01	9.73e-02
 7.80522e+22	0.00e+00	8.34e-25	9.07e-21	9.96e-18	5.27e-15	1.76e-12	2.09e-09	2.54e-07	1.13e-05	1.87e-04	1.93e-03	9.29e-03	2.50e-02	7.10e-02	4.39e-01	3.60e-01	9.37e-02
 7.83348e+22	0.00e+00	1.10e-24	1.16e-20	1.24e-17	6.39e-15	2.07e-12	2.45e-09	2.95e-07	1.29e-05	2.11e-04	2.14e-03	1.01e-02	2.64e-02	7.33e-02	4.43e-01	3.55e-01	9.03e-02
 7.85972e+22	0.00e+00	1.42e-24	1.47e-20	1.53e-17	7.66e-15	2.41e-12	2.85e-09	3.40e-07	1.47e-05	2.36e-04	2.35e-03	1.09e-02	2.78e-02	7.54e-02	4.46e-01	3.50e-01	8.71e-02
 7.88904e+22	0.00e+00	1.94e-24	1.95e-20	1.97e-17	9.56e-15	2.91e-12	3.43e-09	4.04e-07	1.72e-05	2.70e-04	2.64e-03	1.19e-02	2.97e-02	7.80e-02	4.50e-01	3.44e-01	8.34e-02
 7.91926e+22	0.00e+00	2.58e-24	2.53e-20	2.48e-17	1.17e-14	3.44e-12	4.05e-09	4.72e-07	1.99e-05	3.06e-04	2.93e-03	1.29e-02	3.14e-02	8.05e-02	4.54e-01	3.38e-01	8.00e-02
 7.94558e+22	0.00e+00	3.33e-24	3.18e-20	3.04e-17	1.39e-14	3.99e-12	4.70e-09	5.44e-07	2.26e-05	3.41e-04	3.22e-03	1.39e-02	3.30e-02	8.27e-02	4.57e-01	3.33e-01	7.71e-02
 7.97473e+22	0.00e+00	4.63e-24	4.28e-20	3.95e-17	1.75e-14	4.82e-12	5.68e-09	6.50e-07	2.66e-05	3.93e-04	3.63e-03	1.53e-02	3.53e-02	8.55e-02	4.60e-01	3.26e-01	7.34e-02
 8.00460e+22	0.00e+00	6.17e-24	5.55e-20	4.97e-17	2.13e-14	5.68e-12	6.70e-09	7.60e-07	3.07e-05	4.45e-04	4.03e-03	1.66e-02	3.73e-02	8.81e-02	4.63e-01	3.20e-01	7.03e-02
 8.03079e+22	0.00e+00	8.05e-24	7.05e-20	6.14e-17	2.55e-14	6.60e-12	7.81e-09	8.79e-07	3.50e-05	4.98e-04	4.44e-03	1.79e-02	3.93e-02	9.05e-02	4.66e-01	3.14e-01	6.75e-02
 8.06024e+22	0.00e+00	1.14e-23	9.66e-20	8.09e-17	3.23e-14	8.03e-12	9.53e-09	1.06e-06	4.16e-05	5.79e-04	5.04e-03	1.98e-02	4.20e-02	9.36e-02	4.68e-01	3.07e-01	6.39e-02
 8.09007e+22	0.00e+00	1.52e-23	1.25e-19	1.01e-16	3.91e-14	9.39e-12	1.12e-08	1.24e-06	4.79e-05	6.53e-04	5.58e-03	2.15e-02	4.44e-02	9.62e-02	4.70e-01	3.00e-01	6.11e-02
 8.11554e+22	0.00e+00	1.96e-23	1.57e-19	1.24e-16	4.65e-14	1.08e-11	1.30e-08	1.42e-06	5.44e-05	7.28e-04	6.12e-03	2.31e-02	4.66e-02	9.85e-02	4.72e-01	2.95e-01	5.86e-02
 8.14383e+22	0.00e+00	2.83e-23	2.18e-19	1.64e-16	5.90e-14	1.31e-11	1.59e-08	1.73e-06	6.50e-05	8.49e-04	6.97e-03	2.56e-02	4.99e-02	1.02e-01	4.74e-01	2.86e-01	5.51e-02
 8.17163e+22	0.00e+00	3.63e-23	2.72e-19	2.00e-16	6.97e-14	1.50e-11	1.83e-08	1.98e-06	7.35e-05	9.44e-04	7.62e-03	2.74e-02	5.23e-02	1.04e-01	4.74e-01	2.80e-01	5.29e-02
 8.19879e+22	0.00e+00	5.16e-23	3.73e-19	2.62e-16	8.74e-14	1.81e-11	2.22e-08	2.38e-06	8.74e-05	1.09e-03	8.63e-03	3.02e-02	5.58e-02	1.07e-01	4.75e-01	2.72e-01	4.98e-02
 8.22548e+22	0.00e+00	6.57e-23	4.63e-19	3.17e-16	1.03e-13	2.06e-11	2.54e-08	2.71e-06	9.83e-05	1.21e-03	9.39e-03	3.22e-02	5.82e-02	1.09e-01	4.75e-01	2.66e-01	4.77e-02
 8.25156e+22	0.00e+00	9.35e-23	6.33e-19	4.14e-16	1.28e-13	2.45e-11	3.07e-08	3.26e-06	1.17e-04	1.40e-03	1.06e-02	3.55e-02	6.20e-02	1.13e-01	4.75e-01	2.58e-01	4.48e-02
 8.27751e+22	0.00e+00	1.19e-22	7.88e-19	5.01e-16	1.50e-13	2.79e-11	3.51e-08	3.72e-06	1.31e-04	1.55e-03	1.16e-02	3.79e-02	6.48e-02	1.15e-01	4.75e-01	2.52e-01	4.28e-02
 8.30331e+22	0.00e+00	1.70e-22	1.08e-18	6.53e-16	1.87e-13	3.31e-11	4.24e-08	4.47e-06	1.56e-04	1.79e-03	1.31e-02	4.16e-02	6.89e-02	1.18e-01	4.73e-01	2.43e-01	4.00e-02
 8.32930e+22	0.00e+00	2.20e-22	1.35e-18	7.96e-16	2.20e-13	3.77e-11	4.88e-08	5.12e-06	1.77e-04	1.99e-03	1.43e-02	4.46e-02	7.20e-02	1.20e-01	4.72e-01	2.37e-01	3.81e-02
 8.35556e+22	0.00e+00	3.17e-22	1.87e-18	1.04e-15	2.75e-13	4.48e-11	5.91e-08	6.18e-06	2.10e-04	2.31e-03	1.61e-02	4.90e-02	7.65e-02	1.23e-01	4.69e-01	2.28e-01	3.55e-02
 8.38204e+22	0.00e+00	4.14e-22	2.37e-18	1.28e-15	3.24e-13	5.11e-11	6.83e-08	7.10e-06	2.39e-04	2.57e-03	1.77e-02	5.25e-02	7.99e-02	1.25e-01	4.67e-01	2.21e-01	3.36e-02
 8.40883e+22	0.00e+00	5.95e-22	3.26e-18	1.68e-15	4.04e-13	6.06e-11	8.25e-08	8.55e-06	2.83e-04	2.97e-03	1.99e-02	5.75e-02	8.47e-02	1.28e-01	4.63e-01	2.12e-01	3.12e-02
 8.43536e+22	0.00e+00	7.81e-22	4.14e-18	2.05e-15	4.76e-13	6.88e-11	9.52e-08	9.83e-06	3.22e-04	3.31e-03	2.18e-02	6.15e-02	8.84e-02	1.30e-01	4.60e-01	2.06e-01	2.95e-02
 8.46158e+22	0.00e+00	1.12e-21	5.68e-18	2.68e-15	5.90e-13	8.12e-11	1.15e-07	1.18e-05	3.81e-04	3.81e-03	2.44e-02	6.72e-02	9.34e-02	1.32e-01	4.55e-01	1.96e-01	2.72e-02
 8.48821e+22	0.00e+00	1.49e-21	7.30e-18	3.31e-15	6.99e-13	9.24e-11	1.33e-07	1.36e-05	4.35e-04	4.26e-03	2.68e-02	7.20e-02	9.74e-02	1.34e-01	4.50e-01	1.89e-01	2.56e-02
 8.51540e+22	0.00e+00	2.16e-21	1.01e-17	4.35e-15	8.71e-13	1.09e-10	1.60e-07	1.64e-05	5.16e-04	4.92e-03	3.01e-02	7.87e-02	1.03e-01	1.36e-01	4.43e-01	1.80e-01	2.35e-02
 8.54288e+22	0.00e+00	2.90e-21	1.31e-17	5.39e-15	1.03e-12	1.24e-10	1.86e-07	1.90e-05	5.90e-04	5.49e-03	3.29e-02	8.42e-02	1.07e-01	1.38e-01	4.38e-01	1.73e-01	2.19e-02
 8.57073e+22	0.00e+00	4.25e-21	1.83e-17	7.13e-15	1.29e-12	1.47e-10	2.25e-07	2.30e-05	7.01e-04	6.34e-03	3.70e-02	9.18e-02	1.13e-01	1.39e-01	4.29e-01	1.63e-01	2.00e-02
 8.59874e+22	0.00e+00	5.69e-21	2.36e-17	8.83e-15	1.53e-12	1.67e-10	2.60e-07	2.65e-05	7.98e-04	7.06e-03	4.04e-02	9.80e-02	1.17e-01	1.40e-01	4.22e-01	1.56e-01	1.85e-02
 8.62291e+22	0.00e+00	7.58e-21	3.04e-17	1.09e-14	1.80e-12	1.89e-10	2.99e-07	3.04e-05	9.06e-04	7.83e-03	4.39e-02	1.04e-01	1.21e-01	1.41e-01	4.14e-01	1.49e-01	1.72e-02
 8.65027e+22	0.00e+00	1.09e-20	4.18e-17	1.42e-14	2.22e-12	2.21e-10	3.57e-07	3.62e-05	1.06e-03	8.93e-03	4.87e-02	1.13e-01	1.27e-01	1.42e-01	4.04e-01	1.40e-01	1.57e-02
 8.67787e+22	0.00e+00	1.46e-20	5.37e-17	1.74e-14	2.61e-12	2.50e-10	4.09e-07	4.15e-05	1.20e-03	9.87e-03	5.28e-02	1.19e-01	1.31e-01	1.43e-01	3.96e-01	1.33e-01	1.45e-02
 8.70578e+22	3.48e-34	2.11e-20	7.42e-17	2.28e-14	3.22e-12	2.92e-10	4.87e-07	4.93e-05	1.41e-03	1.12e-02	5.84e-02	1.28e-01	1.36e-01	1.43e-01	3.84e-01	1.25e-01	1.31e-02
 8.73376e+22	4.83e-34	2.78e-20	9.44e-17	2.78e-14	3.77e-12	3.29e-10	5.54e-07	5.60e-05	1.58e-03	1.23e-02	6.28e-02	1.35e-01	1.40e-01	1.43e-01	3.75e-01	1.18e-01	1.21e-02
 8.76184e+22	7.48e-34	4.01e-20	1.30e-16	3.62e-14	4.64e-12	3.84e-10	6.55e-07	6.61e-05	1.83e-03	1.39e-02	6.90e-02	1.45e-01	1.44e-01	1.42e-01	3.63e-01	1.10e-01	1.08e-02
 8.79042e+22	1.04e-33	5.29e-20	1.65e-16	4.42e-14	5.43e-12	4.33e-10	7.44e-07	7.48e-05	2.05e-03	1.52e-02	7.40e-02	1.52e-01	1.48e-01	1.42e-01	3.53e-01	1.04e-01	9.99e-03
 8.81964e+22	1.59e-33	7.57e-20	2.26e-16	5.73e-14	6.66e-12	5.05e-10	8.73e-07	8.77e-05	2.36e-03	1.70e-02	8.07e-02	1.61e-01	1.52e-01	1.41e-01	3.40e-01	9.69e-02	8.95e-03
 8.84989e+22	2.26e-33	1.02e-19	2.93e-16	7.10e-14	7.89e-12	5.73e-10	9.95e-07	9.97e-05	2.65e-03	1.86e-02	8.65e-02	1.69e-01	1.55e-01	1.40e-01	3.29e-01	9.10e-02	8.15e-03
 8.88117e+22	3.49e-33	1.47e-19	4.04e-16	9.27e-14	9.73e-12	6.72e-10	1.17e-06	1.17e-04	3.05e-03	2.08e-02	9.41e-02	1.79e-01	1.59e-01	1.38e-01	3.15e-01	8.38e-02	7.23e-03
 8.91285e+22	4.92e-33	1.97e-19	5.21e-16	1.15e-13	1.15e-11	7.63e-10	1.32e-06	1.32e-04	3.40e-03	2.27e-02	1.00e-01	1.87e-01	1.62e-01	1.36e-01	3.03e-01	7.84e-02	6.57e-03
 8.94532e+22	7.61e-33	2.85e-19	7.20e-16	1.50e-13	1.42e-11	8.96e-10	1.55e-06	1.54e-04	3.90e-03	2.52e-02	1.09e-01	1.97e-01	1.65e-01	1.34e-01	2.89e-01	7.18e-02	5.79e-03
 8.97798e+22	1.06e-32	3.78e-19	9.21e-16	1.84e-13	1.68e-11	1.02e-09	1.75e-06	1.73e-04	4.32e-03	2.73e-02	1.15e-01	2.04e-01	1.67e-01	1.32e-01	2.78e-01	6.70e-02	5.25e-03
 9.01090e+22	1.61e-32	5.41e-19	1.26e-15	2.39e-13	2.06e-11	1.19e-09	2.03e-06	2.00e-04	4.91e-03	3.02e-02	1.23e-01	2.13e-01	1.69e-01	1.29e-01	2.64e-01	6.12e-02	4.62e-03
 9.04466e+22	2.25e-32	7.19e-19	1.62e-15	2.95e-13	2.44e-11	1.35e-09	2.28e-06	2.24e-04	5.42e-03	3.26e-02	1.30e-01	2.21e-01	1.71e-01	1.27e-01	2.52e-01	5.69e-02	4.16e-03
 9.07393e+22	3.06e-32	9.33e-19	2.04e-15	3.57e-13	2.84e-11	1.52e-09	2.53e-06	2.48e-04	5.93e-03	3.49e-02	1.37e-01	2.27e-01	1.72e-01	1.24e-01	2.42e-01	5.31e-02	3.78e-03
 9.10639e+22	4.51e-32	1.30e-18	2.73e-15	4.56e-13	3.45e-11	1.77e-09	2.90e-06	2.83e-04	6.64e-03	3.80e-02	1.45e-01	2.35e-01	1.73e-01	1.21e-01	2.29e-01	4.85e-02	3.33e-03
 9.13922e+22	6.10e-32	1.69e-18	3.42e-15	5.52e-13	4.02e-11	1.99e-09	3.22e-06	3.12e-04	7.24e-03	4.06e-02	1.52e-01	2.41e-01	1.73e-01	1.18e-01	2.19e-01	4.51e-02	3.01e-03
 9.17255e+22	8.98e-32	2.35e-18	4.58e-15	7.05e-13	4.89e-11	2.32e-09	3.67e-06	3.54e-04	8.07e-03	4.40e-02	1.60e-01	2.49e-01	1.73e-01	1.15e-01	2.07e-01	4.10e-02	2.64e-03
 9.20640e+22	1.21e-31	3.03e-18	5.74e-15	8.52e-13	5.70e-11	2.61e-09	4.06e-06	3.90e-04	8.77e-03	4.68e-02	1.67e-01	2.54e-01	1.73e-01	1.12e-01	1.97e-01	3.80e-02	2.39e-03
 9.23612e+22	1.61e-31	3.89e-18	7.14e-15	1.02e-12	6.61e-11	2.93e-09	4.47e-06	4.27e-04	9.50e-03	4.97e-02	1.74e-01	2.59e-01	1.73e-01	1.09e-01	1.88e-01	3.53e-02	2.16e-03
 9.26993e+22	2.35e-31	5.39e-18	9.50e-15	1.30e-12	8.00e-11	3.40e-09	5.06e-06	4.81e-04	1.05e-02	5.35e-02	1.82e-01	2.66e-01	1.72e-01	1.05e-01	1.77e-01	3.19e-02	1.88e-03
 9.30356e+22	3.07e-31	6.77e-18	1.16e-14	1.54e-12	9.20e-11	3.79e-09	5.54e-06	5.24e-04	1.13e-02	5.64e-02	1.88e-01	2.70e-01	1.71e-01	1.03e-01	1.69e-01	2.97e-02	1.71e-03
 9.33694e+22	4.39e-31	9.23e-18	1.53e-14	1.94e-12	1.10e-10	4.37e-09	6.23e-06	5.85e-04	1.24e-02	6.04e-02	1.96e-01	2.75e-01	1.70e-01	9.89e-02	1.58e-01	2.69e-02	1.50e-03
 9.37098e+22	5.74e-31	1.16e-17	1.88e-14	2.31e-12	1.27e-10	4.89e-09	6.83e-06	6.37e-04	1.33e-02	6.36e-02	2.03e-01	2.79e-01	1.68e-01	9.60e-02	1.50e-01	2.50e-02	1.35e-03
 9.40587e+22	8.22e-31	1.59e-17	2.47e-14	2.91e-12	1.53e-10	5.66e-09	7.68e-06	7.10e-04	1.46e-02	6.79e-02	2.11e-01	2.83e-01	1.66e-01	9.21e-02	1.40e-01	2.25e-02	1.18e-03
 9.44141e+22	1.08e-30	2.01e-17	3.04e-14	3.48e-12	1.77e-10	6.35e-09	8.42e-06	7.73e-04	1.57e-02	7.14e-02	2.17e-01	2.86e-01	1.65e-01	8.92e-02	1.33e-01	2.08e-02	1.06e-03
 9.47782e+22	1.55e-30	2.75e-17	4.01e-14	4.39e-12	2.14e-10	7.36e-09	9.47e-06	8.62e-04	1.72e-02	7.61e-02	2.25e-01	2.90e-01	1.62e-01	8.53e-02	1.24e-01	1.86e-02	9.15e-04
 9.51489e+22	1.01e-30	3.49e-17	4.95e-14	5.25e-12	2.48e-10	8.28e-09	1.04e-05	9.38e-04	1.84e-02	7.99e-02	2.31e-01	2.92e-01	1.60e-01	8.23e-02	1.17e-01	1.71e-02	8.19e-04
 9.55283e+22	1.45e-30	4.78e-17	6.53e-14	6.65e-12	3.00e-10	9.63e-09	1.17e-05	1.04e-03	2.02e-02	8.50e-02	2.39e-01	2.95e-01	1.57e-01	7.83e-02	1.08e-01	1.53e-02	7.05e-04
 9.58990e+22	1.84e-30	5.91e-17	7.89e-14	7.82e-12	3.44e-10	1.07e-08	1.27e-05	1.13e-03	2.14e-02	8.86e-02	2.45e-01	2.96e-01	1.55e-01	7.57e-02	1.03e-01	1.42e-02	6.37e-04
 9.62587e+22	2.59e-30	7.95e-17	1.02e-13	9.75e-12	4.11e-10	1.23e-08	1.42e-05	1.24e-03	2.33e-02	9.37e-02	2.52e-01	2.98e-01	1.51e-01	7.21e-02	9.54e-02	1.27e-02	5.51e-04
 9.66237e+22	3.31e-30	9.83e-17	1.24e-13	1.15e-11	4.71e-10	1.38e-08	1.55e-05	1.34e-03	2.47e-02	9.76e-02	2.57e-01	2.99e-01	1.49e-01	6.95e-02	9.03e-02	1.17e-02	4.97e-04
 9.69957e+22	4.60e-30	1.31e-16	1.60e-13	1.43e-11	5.62e-10	1.59e-08	1.73e-05	1.48e-03	2.67e-02	1.03e-01	2.64e-01	3.00e-01	1.45e-01	6.60e-02	8.37e-02	1.05e-02	4.30e-04
 9.73791e+22	6.00e-30	1.66e-16	1.97e-13	1.70e-11	6.51e-10	1.78e-08	1.89e-05	1.60e-03	2.85e-02	1.07e-01	2.69e-01	3.00e-01	1.42e-01	6.33e-02	7.86e-02	9.57e-03	3.82e-04
 9.77773e+22	8.36e-30	2.21e-16	2.55e-13	2.13e-11	7.81e-10	2.06e-08	2.12e-05	1.77e-03	3.08e-02	1.13e-01	2.75e-01	3.00e-01	1.38e-01	5.99e-02	7.25e-02	8.54e-03	3.29e-04
 9.81883e+22	1.11e-29	2.83e-16	3.17e-13	2.56e-11	9.12e-10	2.34e-08	2.33e-05	1.92e-03	3.29e-02	1.18e-01	2.80e-01	2.99e-01	1.35e-01	5.71e-02	6.77e-02	7.74e-03	2.90e-04
 9.86159e+22	1.56e-29	3.82e-16	4.14e-13	3.23e-11	1.10e-09	2.73e-08	2.62e-05	2.13e-03	3.56e-02	1.24e-01	2.87e-01	2.98e-01	1.31e-01	5.38e-02	6.21e-02	6.84e-03	2.47e-04
 9.90547e+22	2.08e-29	4.92e-16	5.19e-13	3.92e-11	1.30e-09	3.10e-08	2.90e-05	2.31e-03	3.81e-02	1.29e-01	2.92e-01	2.97e-01	1.27e-01	5.11e-02	5.77e-02	6.17e-03	2.16e-04
 9.95080e+22	2.97e-29	6.71e-16	6.84e-13	4.97e-11	1.58e-09	3.64e-08	3.28e-05	2.57e-03	4.13e-02	1.36e-01	2.97e-01	2.95e-01	1.22e-01	4.79e-02	5.26e-02	5.41e-03	1.83e-04
 9.99756e+22	4.01e-29	8.72e-16	8.65e-13	6.09e-11	1.87e-09	4.17e-08	3.64e-05	2.80e-03	4.42e-02	1.42e-01	3.02e-01	2.92e-01	1.18e-01	4.52e-02	4.85e-02	4.84e-03	1.59e-04
 1.00462e+23	5.80e-29	1.20e-15	1.15e-12	7.81e-11	2.30e-09	4.94e-08	4.15e-05	3.13e-03	4.79e-02	1.49e-01	3.07e-01	2.89e-01	1.13e-01	4.21e-02	4.39e-02	4.21e-03	1.33e-04
 1.00965e+23	7.95e-29	1.59e-15	1.48e-12	9.67e-11	2.75e-09	5.70e-08	4.63e-05	3.42e-03	5.14e-02	1.55e-01	3.11e-01	2.86e-01	1.09e-01	3.95e-02	4.03e-02	3.73e-03	1.14e-04
 1.01419e+23	1.08e-28	2.07e-15	1.87e-12	1.19e-10	3.26e-09	6.56e-08	5.15e-05	3.74e-03	5.49e-02	1.61e-01	3.15e-01	2.82e-01	1.05e-01	3.71e-02	3.70e-02	3.32e-03	9.78e-05
 1.01941e+23	1.58e-28	2.89e-15	2.53e-12	1.54e-10	4.06e-09	7.83e-08	5.90e-05	4.18e-03	5.96e-02	1.69e-01	3.19e-01	2.78e-01	9.99e-02	3.42e-02	3.31e-02	2.85e-03	8.06e-05
 1.02474e+23	2.18e-28	3.82e-15	3.25e-12	1.91e-10	4.86e-09	9.06e-08	6.59e-05	4.58e-03	6.37e-02	1.76e-01	3.22e-01	2.73e-01	9.57e-02	3.20e-02	3.02e-02	2.51e-03	6.86e-05
 1.03020e+23	3.23e-28	5.40e-15	4.42e-12	2.50e-10	6.08e-09	1.09e-07	7.58e-05	5.12e-03	6.92e-02	1.84e-01	3.25e-01	2.67e-01	9.04e-02	2.93e-02	2.68e-02	2.14e-03	5.59e-05
 1.03574e+23	4.47e-28	7.17e-15	5.70e-12	3.11e-10	7.30e-09	1.26e-07	8.49e-05	5.61e-03	7.39e-02	1.91e-01	3.27e-01	2.62e-01	8.62e-02	2.72e-02	2.43e-02	1.87e-03	4.72e-05
 1.04137e+23	6.71e-28	1.03e-14	7.85e-12	4.11e-10	9.20e-09	1.52e-07	9.78e-05	6.28e-03	8.02e-02	2.00e-01	3.29e-01	2.56e-01	8.10e-02	2.48e-02	2.15e-02	1.58e-03	3.81e-05
 1.04706e+23	9.28e-28	1.37e-14	1.01e-11	5.12e-10	1.11e-08	1.77e-07	1.10e-04	6.88e-03	8.55e-02	2.06e-01	3.30e-01	2.50e-01	7.70e-02	2.30e-02	1.94e-02	1.37e-03	3.20e-05
 1.05283e+23	1.41e-27	1.98e-14	1.41e-11	6.81e-10	1.40e-08	2.14e-07	1.27e-04	7.71e-03	9.27e-02	2.15e-01	3.31e-01	2.42e-01	7.19e-02	2.08e-02	1.69e-02	1.14e-03	2.54e-05
 1.05864e+23	1.94e-27	2.63e-14	1.82e-11	8.48e-10	1.68e-08	2.48e-07	1.42e-04	8.42e-03	9.86e-02	2.22e-01	3.31e-01	2.36e-01	6.81e-02	1.92e-02	1.53e-02	9.94e-04	2.13e-05
 1.06348e+23	2.59e-27	3.40e-14	2.29e-11	1.03e-09	1.99e-08	2.84e-07	1.57e-04	9.11e-03	1.04e-01	2.28e-01	3.31e-01	2.30e-01	6.47e-02	1.78e-02	1.39e-02	8.73e-04	1.81e-05
 1.06879e+23	3.82e-27	4.82e-14	3.13e-11	1.35e-09	2.47e-08	3.40e-07	1.79e-04	1.01e-02	1.12e-01	2.36e-01	3.30e-01	2.23e-01	6.04e-02	1.62e-02	1.22e-02	7.32e-04	1.45e-05
 1.07403e+23	5.03e-27	6.19e-14	3.91e-11	1.64e-09	2.90e-08	3.87e-07	1.97e-04	1.09e-02	1.18e-01	2.41e-01	3.29e-01	2.17e-01	5.74e-02	1.50e-02	1.11e-02	6.44e-04	1.24e-05
 1.07918e+23	7.27e-27	8.66e-14	5.27e-11	2.11e-09	3.59e-08	4.60e-07	2.24e-04	1.20e-02	1.26e-01	2.49e-01	3.26e-01	2.09e-01	5.35e-02	1.36e-02	9.72e-03	5.41e-04	9.94e-06
 1.08442e+23	9.67e-27	1.13e-13	6.65e-11	2.58e-09	4.25e-08	5.27e-07	2.47e-04	1.30e-02	1.32e-01	2.54e-01	3.24e-01	2.03e-01	5.06e-02	1.26e-02	8.77e-03	4.72e-04	8.37e-06
 1.08977e+23	1.41e-26	1.60e-13	9.09e-11	3.38e-09	5.30e-08	6.31e-07	2.83e-04	1.44e-02	1.42e-01	2.61e-01	3.21e-01	1.95e-01	4.69e-02	1.13e-02	7.63e-03	3.92e-04	6.63e-06
 1.09519e+23	1.89e-26	2.10e-13	1.16e-10	4.15e-09	6.30e-08	7.27e-07	3.14e-04	1.56e-02	1.49e-01	2.67e-01	3.18e-01	1.89e-01	4.41e-02	1.04e-02	6.84e-03	3.39e-04	5.53e-06
 1.10069e+23	2.76e-26	3.00e-13	1.59e-10	5.46e-09	7.92e-08	8.76e-07	3.60e-04	1.72e-02	1.59e-01	2.73e-01	3.13e-01	1.80e-01	4.06e-02	9.31e-03	5.91e-03	2.79e-04	4.34e-06
 1.10629e+23	3.74e-26	4.01e-13	2.06e-10	6.81e-09	9.52e-08	1.02e-06	4.02e-04	1.87e-02	1.68e-01	2.78e-01	3.09e-01	1.74e-01	3.79e-02	8.49e-03	5.24e-03	2.38e-04	3.56e-06
 1.11202e+23	5.53e-26	5.85e-13	2.88e-10	9.09e-09	1.21e-07	1.24e-06	4.64e-04	2.09e-02	1.79e-01	2.84e-01	3.03e-01	1.65e-01	3.46e-02	7.52e-03	4.48e-03	1.93e-04	2.74e-06
 1.11787e+23	7.53e-26	7.90e-13	3.76e-10	1.15e-08	1.47e-07	1.46e-06	5.22e-04	2.28e-02	1.89e-01	2.89e-01	2.98e-01	1.58e-01	3.21e-02	6.81e-03	3.94e-03	1.62e-04	2.21e-06
 1.12384e+23	1.12e-25	1.17e-12	5.34e-10	1.55e-08	1.90e-07	1.80e-06	6.10e-04	2.55e-02	2.02e-01	2.94e-01	2.90e-01	1.49e-01	2.91e-02	5.97e-03	3.32e-03	1.29e-04	1.67e-06
 1.12990e+23	1.52e-25	1.60e-12	7.04e-10	1.97e-08	2.32e-07	2.13e-06	6.90e-04	2.79e-02	2.13e-01	2.98e-01	2.84e-01	1.42e-01	2.68e-02	5.37e-03	2.89e-03	1.08e-04	1.33e-06
 1.13501e+23	2.00e-25	2.11e-12	9.05e-10	2.45e-08	2.79e-07	2.49e-06	7.73e-04	3.03e-02	2.23e-01	3.01e-01	2.78e-01	1.35e-01	2.48e-02	4.86e-03	2.54e-03	9.10e-05	1.08e-06
 1.14061e+23	2.84e-25	3.05e-12	1.25e-09	3.26e-08	3.56e-07	3.06e-06	8.98e-04	3.37e-02	2.36e-01	3.04e-01	2.69e-01	1.27e-01	2.23e-02	4.26e-03	2.14e-03	7.28e-05	8.19e-07
 1.14624e+23	3.72e-25	4.04e-12	1.61e-09	4.07e-08	4.31e-07	3.59e-06	1.01e-03	3.67e-02	2.47e-01	3.06e-01	2.62e-01	1.21e-01	2.06e-02	3.84e-03	1.87e-03	6.10e-05	6.59e-07
 1.15174e+23	5.10e-25	5.69e-12	2.20e-09	5.35e-08	5.45e-07	4.39e-06	1.17e-03	4.07e-02	2.61e-01	3.08e-01	2.53e-01	1.13e-01	1.85e-02	3.37e-03	1.58e-03	4.89e-05	5.01e-07
 1.15734e+23	6.64e-25	7.59e-12	2.85e-09	6.73e-08	6.65e-07	5.20e-06	1.33e-03	4.45e-02	2.72e-01	3.09e-01	2.45e-01	1.07e-01	1.69e-02	3.01e-03	1.37e-03	4.04e-05	3.97e-07
 1.16285e+23	8.81e-25	1.05e-11	3.83e-09	8.77e-08	8.36e-07	6.35e-06	1.53e-03	4.93e-02	2.86e-01	3.09e-01	2.35e-01	9.94e-02	1.52e-02	2.63e-03	1.15e-03	3.24e-05	3.02e-07
 1.16847e+23	1.12e-24	1.41e-11	4.99e-09	1.11e-07	1.03e-06	7.60e-06	1.75e-03	5.40e-02	2.99e-01	3.09e-01	2.26e-01	9.30e-02	1.37e-02	2.32e-03	9.83e-04	2.64e-05	2.35e-07
 1.17398e+23	1.45e-24	1.90e-11	6.57e-09	1.43e-07	1.28e-06	9.21e-06	2.01e-03	5.96e-02	3.12e-01	3.08e-01	2.16e-01	8.65e-02	1.23e-02	2.03e-03	8.29e-04	2.12e-05	1.80e-07
 1.17954e+23	1.84e-24	2.53e-11	8.55e-09	1.82e-07	1.58e-06	1.11e-05	2.31e-03	6.54e-02	3.26e-01	3.06e-01	2.07e-01	8.03e-02	1.10e-02	1.78e-03	7.01e-04	1.71e-05	1.38e-07
 1.18504e+23	2.30e-24	3.35e-11	1.11e-08	2.30e-07	1.96e-06	1.34e-05	2.65e-03	7.19e-02	3.39e-01	3.03e-01	1.97e-01	7.43e-02	9.81e-03	1.55e-03	5.90e-04	1.37e-05	0.00e+00
 1.19053e+23	2.84e-24	4.39e-11	1.42e-08	2.91e-07	2.41e-06	1.61e-05	3.03e-03	7.88e-02	3.52e-01	3.00e-01	1.87e-01	6.86e-02	8.74e-03	1.35e-03	4.96e-04	1.10e-05	0.00e+00
 1.19602e+23	3.49e-24	5.72e-11	1.82e-08	3.66e-07	2.96e-06	1.94e-05	3.46e-03	8.63e-02	3.64e-01	2.96e-01	1.77e-01	6.31e-02	7.76e-03	1.17e-03	4.16e-04	8.75e-06	0.00e+00
 1.20153e+23	4.25e-24	7.39e-11	2.32e-08	4.59e-07	3.63e-06	2.32e-05	3.96e-03	9.43e-02	3.76e-01	2.92e-01	1.68e-01	5.79e-02	6.87e-03	1.02e-03	3.47e-04	6.97e-06	0.00e+00
 1.20706e+23	5.13e-24	9.48e-11	2.94e-08	5.75e-07	4.45e-06	2.79e-05	4.52e-03	1.03e-01	3.88e-01	2.86e-01	1.58e-01	5.29e-02	6.06e-03	8.76e-04	2.89e-04	5.53e-06	0.00e+00
 1.21263e+23	6.15e-24	1.21e-10	3.70e-08	7.17e-07	5.44e-06	3.35e-05	5.15e-03	1.12e-01	3.99e-01	2.80e-01	1.48e-01	4.82e-02	5.33e-03	7.52e-04	2.40e-04	4.37e-06	0.00e+00
 1.21825e+23	7.34e-24	1.53e-10	4.64e-08	8.91e-07	6.63e-06	4.01e-05	5.87e-03	1.22e-01	4.10e-01	2.74e-01	1.39e-01	4.38e-02	4.66e-03	6.44e-04	1.98e-04	3.44e-06	0.00e+00
 1.22391e+23	8.72e-24	1.91e-10	5.79e-08	1.10e-06	8.06e-06	4.80e-05	6.67e-03	1.33e-01	4.20e-01	2.67e-01	1.30e-01	3.96e-02	4.08e-03	5.50e-04	1.64e-04	2.71e-06	0.00e+00
 1.22966e+23	1.04e-23	2.39e-10	7.21e-08	1.37e-06	9.81e-06	5.75e-05	7.59e-03	1.44e-01	4.29e-01	2.59e-01	1.21e-01	3.57e-02	3.54e-03	4.66e-04	1.34e-04	2.11e-06	0.00e+00
 1.23545e+23	1.23e-23	2.96e-10	8.89e-08	1.68e-06	1.19e-05	6.85e-05	8.60e-03	1.56e-01	4.37e-01	2.51e-01	1.12e-01	3.21e-02	3.08e-03	3.95e-04	1.10e-04	1.65e-06	0.00e+00
 1.24137e+23	1.63e-23	3.66e-10	1.10e-07	2.08e-06	1.44e-05	8.21e-05	9.77e-03	1.69e-01	4.44e-01	2.42e-01	1.03e-01	2.86e-02	2.65e-03	3.32e-04	8.91e-05	1.27e-06	0.00e+00
 1.24737e+23	1.94e-23	4.48e-10	1.35e-07	2.54e-06	1.74e-05	9.76e-05	1.10e-02	1.82e-01	4.50e-01	2.33e-01	9.54e-02	2.56e-02	2.28e-03	2.79e-04	7.24e-05	9.83e-07	0.00e+00
 1.25288e+23	2.24e-23	5.28e-10	1.60e-07	3.00e-06	2.02e-05	1.13e-04	1.22e-02	1.93e-01	4.55e-01	2.26e-01	8.89e-02	2.32e-02	2.01e-03	2.40e-04	6.08e-05	7.90e-07	0.00e+00
 1.25863e+23	2.68e-23	6.46e-10	1.96e-07	3.70e-06	2.46e-05	1.35e-04	1.39e-02	2.08e-01	4.59e-01	2.16e-01	8.11e-02	2.04e-02	1.71e-03	1.98e-04	4.84e-05	5.97e-07	0.00e+00
 1.26446e+23	3.12e-23	7.56e-10	2.31e-07	4.36e-06	2.86e-05	1.56e-04	1.53e-02	2.20e-01	4.61e-01	2.08e-01	7.52e-02	1.84e-02	1.50e-03	1.70e-04	4.04e-05	4.78e-07	0.00e+00
 1.27047e+23	3.78e-23	9.20e-10	2.84e-07	5.36e-06	3.46e-05	1.87e-04	1.73e-02	2.36e-01	4.63e-01	1.98e-01	6.81e-02	1.61e-02	1.26e-03	1.39e-04	3.18e-05	3.57e-07	0.00e+00
 1.27651e+23	4.42e-23	1.07e-09	3.31e-07	6.28e-06	4.01e-05	2.15e-04	1.90e-02	2.48e-01	4.64e-01	1.90e-01	6.29e-02	1.44e-02	1.10e-03	1.18e-04	2.64e-05	2.84e-07	0.00e+00
 1.28259e+23	5.35e-23	1.28e-09	4.03e-07	7.67e-06	4.83e-05	2.57e-04	2.14e-02	2.65e-01	4.63e-01	1.79e-01	5.67e-02	1.25e-02	9.18e-04	9.62e-05	2.07e-05	2.11e-07	0.00e+00
 1.28869e+23	6.27e-23	1.47e-09	4.68e-07	8.92e-06	5.55e-05	2.93e-04	2.34e-02	2.78e-01	4.62e-01	1.72e-01	5.23e-02	1.12e-02	8.02e-04	8.21e-05	1.73e-05	1.68e-07	0.00e+00
 1.29481e+23	7.61e-23	1.75e-09	5.64e-07	1.08e-05	6.62e-05	3.47e-04	2.62e-02	2.95e-01	4.59e-01	1.62e-01	4.69e-02	9.74e-03	6.70e-04	6.66e-05	1.35e-05	1.25e-07	0.00e+00
 1.30099e+23	8.94e-23	2.01e-09	6.52e-07	1.25e-05	7.58e-05	3.95e-04	2.86e-02	3.08e-01	4.56e-01	1.54e-01	4.31e-02	8.70e-03	5.82e-04	5.65e-05	1.12e-05	0.00e+00	0.00e+00
 1.30725e+23	1.09e-22	2.37e-09	7.83e-07	1.51e-05	9.02e-05	4.67e-04	3.19e-02	3.25e-01	4.51e-01	1.45e-01	3.85e-02	7.50e-03	4.84e-04	4.56e-05	8.74e-06	0.00e+00	0.00e+00
 1.31360e+23	1.28e-22	2.70e-09	9.03e-07	1.75e-05	1.03e-04	5.30e-04	3.47e-02	3.38e-01	4.47e-01	1.37e-01	3.53e-02	6.67e-03	4.19e-04	3.85e-05	7.20e-06	0.00e+00	0.00e+00
 1.32004e+23	1.57e-22	3.18e-09	1.08e-06	2.10e-05	1.22e-04	6.25e-04	3.85e-02	3.56e-01	4.40e-01	1.28e-01	3.13e-02	5.72e-03	3.47e-04	3.09e-05	5.59e-06	0.00e+00	0.00e+00
 1.32660e+23	1.86e-22	3.63e-09	1.25e-06	2.43e-05	1.39e-04	7.09e-04	4.18e-02	3.69e-01	4.33e-01	1.21e-01	2.85e-02	5.06e-03	2.98e-04	2.59e-05	4.57e-06	0.00e+00	0.00e+00
 1.33330e+23	2.28e-22	4.27e-09	1.50e-06	2.92e-05	1.65e-04	8.35e-04	4.64e-02	3.86e-01	4.24e-01	1.12e-01	2.52e-02	4.31e-03	2.45e-04	2.06e-05	3.51e-06	0.00e+00	0.00e+00
 1.34016e+23	2.72e-22	4.88e-09	1.73e-06	3.38e-05	1.88e-04	9.48e-04	5.02e-02	4.00e-01	4.16e-01	1.06e-01	2.28e-02	3.79e-03	2.09e-04	1.72e-05	2.85e-06	0.00e+00	0.00e+00
 1.34720e+23	3.38e-22	5.76e-09	2.08e-06	4.07e-05	2.23e-04	1.12e-03	5.57e-02	4.17e-01	4.05e-01	9.73e-02	2.00e-02	3.19e-03	1.70e-04	1.35e-05	2.16e-06	0.00e+00	0.00e+00
 1.35440e+23	4.07e-22	6.62e-09	2.42e-06	4.72e-05	2.54e-04	1.27e-03	6.02e-02	4.30e-01	3.96e-01	9.10e-02	1.80e-02	2.79e-03	1.44e-04	1.11e-05	1.74e-06	0.00e+00	0.00e+00
 1.36047e+23	4.77e-22	7.46e-09	2.76e-06	5.37e-05	2.86e-04	1.42e-03	6.45e-02	4.41e-01	3.88e-01	8.57e-02	1.63e-02	2.47e-03	1.24e-04	9.39e-06	1.43e-06	0.00e+00	0.00e+00
 1.36702e+23	5.83e-22	8.67e-09	3.25e-06	6.34e-05	3.31e-04	1.64e-03	7.04e-02	4.56e-01	3.76e-01	7.91e-02	1.44e-02	2.11e-03	1.02e-04	7.51e-06	1.11e-06	0.00e+00	0.00e+00
 1.37341e+23	6.79e-22	9.71e-09	3.67e-06	7.14e-05	3.67e-04	1.81e-03	7.48e-02	4.65e-01	3.68e-01	7.47e-02	1.32e-02	1.88e-03	8.90e-05	6.40e-06	9.26e-07	0.00e+00	0.00e+00
 1.37958e+23	8.13e-22	1.11e-08	4.27e-06	8.31e-05	4.20e-04	2.07e-03	8.10e-02	4.78e-01	3.56e-01	6.90e-02	1.17e-02	1.61e-03	7.40e-05	5.18e-06	7.28e-07	0.00e+00	0.00e+00
 1.38581e+23	9.57e-22	1.26e-08	4.84e-06	9.36e-05	4.66e-04	2.27e-03	8.58e-02	4.87e-01	3.48e-01	6.51e-02	1.07e-02	1.44e-03	6.44e-05	4.41e-06	6.07e-07	0.00e+00	0.00e+00
 1.39212e+23	1.16e-21	1.45e-08	5.65e-06	1.09e-04	5.32e-04	2.59e-03	9.25e-02	4.98e-01	3.36e-01	6.00e-02	9.43e-03	1.23e-03	5.34e-05	3.56e-06	4.76e-07	0.00e+00	0.00e+00
 1.39851e+23	1.37e-21	1.64e-08	6.42e-06	1.23e-04	5.89e-04	2.85e-03	9.79e-02	5.06e-01	3.26e-01	5.63e-02	8.58e-03	1.09e-03	4.62e-05	3.02e-06	3.94e-07	0.00e+00	0.00e+00
 1.40502e+23	1.66e-21	1.90e-08	7.51e-06	1.43e-04	6.72e-04	3.24e-03	1.05e-01	5.16e-01	3.14e-01	5.17e-02	7.55e-03	9.31e-04	3.81e-05	2.42e-06	3.07e-07	0.00e+00	0.00e+00
 1.41162e+23	1.98e-21	2.16e-08	8.57e-06	1.62e-04	7.45e-04	3.57e-03	1.11e-01	5.24e-01	3.04e-01	4.84e-02	6.84e-03	8.23e-04	3.29e-05	2.04e-06	2.53e-07	0.00e+00	0.00e+00
 1.41834e+23	2.43e-21	2.52e-08	1.01e-05	1.89e-04	8.50e-04	4.06e-03	1.20e-01	5.33e-01	2.92e-01	4.42e-02	5.99e-03	6.97e-04	2.69e-05	1.63e-06	1.95e-07	0.00e+00	0.00e+00
 1.42518e+23	2.93e-21	2.89e-08	1.16e-05	2.14e-04	9.42e-04	4.46e-03	1.26e-01	5.39e-01	2.82e-01	4.12e-02	5.41e-03	6.14e-04	2.31e-05	1.37e-06	1.60e-07	0.00e+00	0.00e+00
 1.43216e+23	3.62e-21	3.39e-08	1.37e-05	2.50e-04	1.08e-03	5.07e-03	1.36e-01	5.46e-01	2.69e-01	3.74e-02	4.70e-03	5.16e-04	1.88e-05	1.08e-06	1.23e-07	0.00e+00	0.00e+00
 1.43928e+23	4.42e-21	3.93e-08	1.57e-05	2.84e-04	1.19e-03	5.58e-03	1.43e-01	5.51e-01	2.59e-01	3.47e-02	4.23e-03	4.51e-04	1.60e-05	8.98e-07	0.00e+00	0.00e+00	0.00e+00
 1.44659e+23	5.55e-21	4.67e-08	1.88e-05	3.34e-04	1.37e-03	6.36e-03	1.54e-01	5.57e-01	2.46e-01	3.13e-02	3.65e-03	3.76e-04	1.29e-05	7.01e-07	0.00e+00	0.00e+00	0.00e+00
 1.45409e+23	6.83e-21	5.46e-08	2.18e-05	3.82e-04	1.52e-03	7.02e-03	1.62e-01	5.61e-01	2.35e-01	2.89e-02	3.25e-03	3.26e-04	1.08e-05	5.77e-07	0.00e+00	0.00e+00	0.00e+00
 1.46184e+23	8.81e-21	6.61e-08	2.63e-05	4.53e-04	1.75e-03	8.00e-03	1.74e-01	5.65e-01	2.22e-01	2.59e-02	2.78e-03	2.69e-04	8.62e-06	4.46e-07	0.00e+00	0.00e+00	0.00e+00
 1.46970e+23	1.10e-20	7.79e-08	3.07e-05	5.19e-04	1.95e-03	8.83e-03	1.83e-01	5.68e-01	2.12e-01	2.38e-02	2.47e-03	2.32e-04	7.22e-06	3.65e-07	0.00e+00	0.00e+00	0.00e+00
 1.47770e+23	1.43e-20	9.54e-08	3.73e-05	6.17e-04	2.23e-03	1.00e-02	1.95e-01	5.69e-01	1.99e-01	2.12e-02	2.10e-03	1.91e-04	5.71e-06	2.80e-07	0.00e+00	0.00e+00	0.00e+00
 1.48579e+23	1.81e-20	1.13e-07	4.37e-05	7.09e-04	2.49e-03	1.11e-02	2.05e-01	5.70e-01	1.89e-01	1.94e-02	1.86e-03	1.64e-04	4.76e-06	2.28e-07	0.00e+00	0.00e+00	0.00e+00
 1.49400e+23	2.39e-20	1.40e-07	5.34e-05	8.44e-04	2.85e-03	1.26e-02	2.19e-01	5.69e-01	1.77e-01	1.72e-02	1.57e-03	1.33e-04	3.73e-06	1.73e-07	0.00e+00	0.00e+00	0.00e+00
 1.50233e+23	3.06e-20	1.68e-07	6.29e-05	9.71e-04	3.18e-03	1.38e-02	2.29e-01	5.68e-01	1.68e-01	1.56e-02	1.38e-03	1.14e-04	3.10e-06	1.41e-07	0.00e+00	0.00e+00	0.00e+00
 1.50964e+23	3.84e-20	2.00e-07	7.37e-05	1.11e-03	3.53e-03	1.52e-02	2.40e-01	5.66e-01	1.58e-01	1.42e-02	1.21e-03	9.73e-05	2.56e-06	0.00e+00	0.00e+00	0.00e+00	0.00e+00
 1.51799e+23	5.20e-20	2.51e-07	9.04e-05	1.32e-03	4.03e-03	1.71e-02	2.54e-01	5.62e-01	1.47e-01	1.26e-02	1.03e-03	7.93e-05	2.01e-06	0.00e+00	0.00e+00	0.00e+00	0.00e+00
 1.52648e+23	6.62e-20	3.01e-07	1.07e-04	1.53e-03	4.49e-03	1.89e-02	2.66e-01	5.58e-01	1.38e-01	1.13e-02	8.94e-04	6.70e-05	1.65e-06	0.00e+00	0.00e+00	0.00e+00	0.00e+00
 1.53339e+23	8.25e-20	3.55e-07	1.23e-04	1.72e-03	4.91e-03	2.04e-02	2.76e-01	5.54e-01	1.31e-01	1.04e-02	7.95e-04	5.81e-05	1.39e-06	0.00e+00	0.00e+00	0.00e+00	0.00e+00
 1.54057e+23	1.07e-19	4.32e-07	1.46e-04	1.99e-03	5.46e-03	2.24e-02	2.88e-01	5.49e-01	1.23e-01	9.38e-03	6.93e-04	4.91e-05	1.14e-06	0.00e+00	0.00e+00	0.00e+00	0.00e+00
 1.54811e+23	1.36e-19	5.14e-07	1.70e-04	2.25e-03	6.00e-03	2.43e-02	2.98e-01	5.43e-01	1.16e-01	8.54e-03	6.11e-04	4.21e-05	9.53e-07	0.00e+00	0.00e+00	0.00e+00	0.00e+00
 1.55503e+23	1.71e-19	6.10e-07	1.98e-04	2.55e-03	6.58e-03	2.63e-02	3.09e-01	5.37e-01	1.10e-01	7.78e-03	5.40e-04	3.63e-05	7.99e-07	0.00e+00	0.00e+00	0.00e+00	0.00e+00
 1.56292e+23	2.30e-19	7.60e-07	2.39e-04	2.98e-03	7.37e-03	2.90e-02	3.22e-01	5.29e-01	1.02e-01	6.92e-03	4.62e-04	3.00e-05	6.39e-07	0.00e+00	0.00e+00	0.00e+00	0.00e+00
 1.57102e+23	2.96e-19	9.18e-07	2.81e-04	3.41e-03	8.13e-03	3.17e-02	3.34e-01	5.21e-01	9.52e-02	6.22e-03	4.01e-04	2.53e-05	5.23e-07	0.00e+00	0.00e+00	0.00e+00	0.00e+00
 1.57812e+23	3.78e-19	1.10e-06	3.28e-04	3.86e-03	8.89e-03	3.41e-02	3.44e-01	5.13e-01	8.95e-02	5.65e-03	3.53e-04	2.17e-05	4.37e-07	0.00e+00	0.00e+00	0.00e+00	0.00e+00
 1.58610e+23	5.13e-19	1.37e-06	3.96e-04	4.50e-03	9.93e-03	3.75e-02	3.57e-01	5.02e-01	8.27e-02	5.00e-03	3.01e-04	1.79e-05	3.49e-07	0.00e+00	0.00e+00	0.00e+00	0.00e+00
 1.59448e+23	6.74e-19	1.68e-06	4.70e-04	5.17e-03	1.10e-02	4.08e-02	3.69e-01	4.92e-01	7.67e-02	4.46e-03	2.59e-04	1.50e-05	2.82e-07	0.00e+00	0.00e+00	0.00e+00	0.00e+00
 1.60207e+23	8.76e-19	2.03e-06	5.51e-04	5.87e-03	1.20e-02	4.40e-02	3.80e-01	4.82e-01	7.15e-02	4.01e-03	2.26e-04	1.27e-05	2.33e-07	0.00e+00	0.00e+00	0.00e+00	0.00e+00
 1.61064e+23	1.22e-18	2.59e-06	6.75e-04	6.90e-03	1.35e-02	4.83e-02	3.93e-01	4.69e-01	6.54e-02	3.51e-03	1.90e-04	1.03e-05	1.82e-07	0.00e+00	0.00e+00	0.00e+00	0.00e+00
 1.61948e+23	1.64e-18	3.20e-06	8.04e-04	7.94e-03	1.48e-02	5.25e-02	4.04e-01	4.56e-01	6.01e-02	3.10e-03	1.62e-04	8.52e-06	1.46e-07	0.00e+00	0.00e+00	0.00e+00	0.00e+00
 1.62734e+23	2.16e-18	3.91e-06	9.48e-04	9.05e-03	1.62e-02	5.65e-02	4.14e-01	4.44e-01	5.56e-02	2.77e-03	1.40e-04	7.16e-06	0.00e+00	0.00e+00	0.00e+00	0.00e+00	0.00e+00
 1.63623e+23	3.07e-18	5.03e-06	1.17e-03	1.06e-02	1.82e-02	6.19e-02	4.26e-01	4.29e-01	5.04e-02	2.40e-03	1.17e-04	5.75e-06	0.00e+00	0.00e+00	0.00e+00	0.00e+00	0.00e+00
 1.64548e+23	4.19e-18	6.28e-06	1.40e-03	1.23e-02	2.00e-02	6.70e-02	4.37e-01	4.14e-01	4.60e-02	2.11e-03	9.87e-05	4.71e-06	0.00e+00	0.00e+00	0.00e+00	0.00e+00	0.00e+00
 1.65380e+23	5.63e-18	7.75e-06	1.66e-03	1.40e-02	2.19e-02	7.21e-02	4.46e-01	4.01e-01	4.21e-02	1.86e-03	8.43e-05	3.90e-06	0.00e+00	0.00e+00	0.00e+00	0.00e+00	0.00e+00
 1.66324e+23	6.93e-18	1.01e-05	2.06e-03	1.66e-02	2.46e-02	7.89e-02	4.56e-01	3.83e-01	3.75e-02	1.59e-03	6.88e-05	3.06e-06	0.00e+00	0.00e+00	0.00e+00	0.00e+00	0.00e+00
 1.67296e+23	9.58e-18	1.27e-05	2.48e-03	1.91e-02	2.70e-02	8.50e-02	4.64e-01	3.67e-01	3.39e-02	1.38e-03	5.77e-05	2.49e-06	0.00e+00	0.00e+00	0.00e+00	0.00e+00	0.00e+00
 1.68171e+23	1.31e-17	1.58e-05	2.96e-03	2.19e-02	2.96e-02	9.12e-02	4.71e-01	3.51e-01	3.07e-02	1.20e-03	4.86e-05	2.03e-06	0.00e+00	0.00e+00	0.00e+00	0.00e+00	0.00e+00
 1.69176e+23	1.97e-17	2.10e-05	3.70e-03	2.60e-02	3.31e-02	9.96e-02	4.78e-01	3.31e-01	2.69e-02	1.01e-03	3.88e-05	1.56e-06	0.00e+00	0.00e+00	0.00e+00	0.00e+00	0.00e+00
 1.70193e+23	2.75e-17	2.64e-05	4.44e-03	2.99e-02	3.62e-02	1.07e-01	4.83e-01	3.14e-01	2.40e-02	8.68e-04	3.21e-05	1.25e-06	0.00e+00	0.00e+00	0.00e+00	0.00e+00	0.00e+00
