#depth	Fe	Fe+	Fe+2	Fe+3	Fe+4	Fe+5	Fe+6	Fe+7	Fe+8	Fe+9	Fe+10	Fe+11	Fe+12	Fe+13	Fe+14	Fe+15	Fe+16	Fe+17	Fe+18	Fe+19	Fe+20	Fe+21	Fe+22	Fe+23	Fe+24	Fe+25	Fe+26
 1.54284e+22	0.00e+00	0.00e+00	0.00e+00	0.00e+00	0.00e+00	0.00e+00	0.00e+00	0.00e+00	0.00e+00	0.00e+00	3.85e-21	2.41e-19	1.49e-17	6.29e-16	2.15e-14	2.36e-12	1.86e-09	1.29e-07	4.50e-06	7.53e-05	7.45e-04	4.12e-03	1.72e-02	6.63e-02	3.83e-01	3.87e-01	1.41e-01
 3.47733e+22	0.00e+00	0.00e+00	0.00e+00	0.00e+00	0.00e+00	0.00e+00	0.00e+00	0.00e+00	0.00e+00	2.07e-21	1.24e-19	7.48e-18	5.08e-16	2.73e-14	1.63e-12	1.18e-10	5.86e-08	2.62e-06	5.98e-05	6.60e-04	4.32e-03	1.59e-02	4.40e-02	1.14e-01	4.49e-01	3.00e-01	7.24e-02
 4.10728e+22	0.00e+00	0.00e+00	0.00e+00	0.00e+00	0.00e+00	0.00e+00	0.00e+00	0.00e+00	1.00e-21	6.58e-20	3.96e-18	1.87e-16	9.98e-15	4.20e-13	1.97e-11	1.12e-09	4.30e-07	1.48e-05	2.62e-04	2.25e-03	1.15e-02	3.28e-02	7.11e-02	1.45e-01	4.56e-01	2.37e-01	4.44e-02
 4.53623e+22	0.00e+00	0.00e+00	0.00e+00	0.00e+00	0.00e+00	0.00e+00	0.00e+00	1.19e-22	1.95e-20	1.26e-18	6.22e-17	2.41e-15	1.05e-13	3.63e-12	1.39e-10	6.46e-09	2.02e-06	5.65e-05	8.15e-04	5.70e-03	2.38e-02	5.56e-02	9.88e-02	1.65e-01	4.36e-01	1.85e-01	2.83e-02
 4.77454e+22	0.00e+00	0.00e+00	0.00e+00	0.00e+00	0.00e+00	0.00e+00	1.03e-24	2.64e-22	4.44e-20	2.73e-18	1.27e-16	4.68e-15	1.93e-13	6.32e-12	2.30e-10	1.01e-08	3.00e-06	7.97e-05	1.09e-03	7.23e-03	2.86e-02	6.33e-02	1.07e-01	1.69e-01	4.27e-01	1.72e-01	2.49e-02
 4.85039e+22	0.00e+00	0.00e+00	0.00e+00	0.00e+00	0.00e+00	1.94e-27	1.88e-24	4.66e-22	7.57e-20	4.50e-18	2.03e-16	7.20e-15	2.87e-13	9.06e-12	3.18e-10	1.35e-08	3.88e-06	9.95e-05	1.31e-03	8.42e-03	3.21e-02	6.87e-02	1.12e-01	1.72e-01	4.20e-01	1.63e-01	2.28e-02
 4.90596e+22	0.00e+00	0.00e+00	0.00e+00	0.00e+00	1.51e-30	3.19e-27	3.02e-24	7.30e-22	1.15e-19	6.67e-18	2.93e-16	1.01e-14	3.93e-13	1.21e-11	4.12e-10	1.70e-08	4.74e-06	1.18e-04	1.52e-03	9.48e-03	3.51e-02	7.32e-02	1.16e-01	1.73e-01	4.14e-01	1.56e-01	2.13e-02
 4.96892e+22	0.00e+00	0.00e+00	0.00e+00	0.00e+00	2.85e-30	5.83e-27	5.35e-24	1.29e-21	1.97e-19	1.10e-17	4.67e-16	1.56e-14	5.83e-13	1.73e-11	5.70e-10	2.27e-08	6.12e-06	1.48e-04	1.83e-03	1.10e-02	3.94e-02	7.92e-02	1.21e-01	1.75e-01	4.05e-01	1.48e-01	1.94e-02
 5.03626e+22	0.00e+00	0.00e+00	0.00e+00	0.00e+00	5.44e-30	1.08e-26	9.59e-24	2.24e-21	3.31e-19	1.79e-17	7.33e-16	2.36e-14	8.54e-13	2.44e-11	7.77e-10	2.99e-08	7.81e-06	1.82e-04	2.18e-03	1.27e-02	4.39e-02	8.53e-02	1.26e-01	1.76e-01	3.96e-01	1.39e-01	1.77e-02
 5.09780e+22	0.00e+00	0.00e+00	0.00e+00	1.67e-33	1.01e-29	1.95e-26	1.68e-23	3.79e-21	5.44e-19	2.84e-17	1.13e-15	3.51e-14	1.23e-12	3.40e-11	1.05e-09	3.89e-08	9.85e-06	2.23e-04	2.58e-03	1.45e-02	4.86e-02	9.13e-02	1.31e-01	1.77e-01	3.87e-01	1.32e-01	1.62e-02
 5.15730e+22	0.00e+00	0.00e+00	0.00e+00	3.24e-33	1.90e-29	3.55e-26	2.96e-23	6.49e-21	9.00e-19	4.55e-17	1.74e-15	5.24e-14	1.77e-12	4.74e-11	1.41e-09	5.07e-08	1.25e-05	2.73e-04	3.06e-03	1.66e-02	5.38e-02	9.78e-02	1.35e-01	1.77e-01	3.77e-01	1.24e-01	1.47e-02
 5.21651e+22	0.00e+00	0.00e+00	0.00e+00	6.12e-33	3.48e-29	6.32e-26	5.11e-23	1.09e-20	1.46e-18	7.15e-17	2.65e-15	7.72e-14	2.53e-12	6.53e-11	1.88e-09	6.54e-08	1.56e-05	3.31e-04	3.59e-03	1.89e-02	5.92e-02	1.04e-01	1.40e-01	1.77e-01	3.67e-01	1.17e-01	1.34e-02
 5.28433e+22	0.00e+00	0.00e+00	0.00e+00	1.40e-32	7.68e-29	1.34e-25	1.04e-22	2.13e-20	2.74e-18	1.29e-16	4.56e-15	1.27e-13	3.99e-12	9.87e-11	2.72e-09	9.05e-08	2.08e-05	4.24e-04	4.42e-03	2.23e-02	6.69e-02	1.13e-01	1.45e-01	1.76e-01	3.53e-01	1.08e-01	1.18e-02
 5.35301e+22	0.00e+00	0.00e+00	0.00e+00	2.76e-32	1.47e-28	2.48e-25	1.86e-22	3.68e-20	4.60e-18	2.08e-16	7.12e-15	1.92e-13	5.80e-12	1.38e-10	3.68e-09	1.18e-07	2.63e-05	5.18e-04	5.23e-03	2.55e-02	7.37e-02	1.20e-01	1.49e-01	1.75e-01	3.40e-01	1.00e-01	1.06e-02
 5.41127e+22	0.00e+00	0.00e+00	0.00e+00	5.26e-32	2.72e-28	4.45e-25	3.24e-22	6.21e-20	7.50e-18	3.28e-16	1.09e-14	2.82e-13	8.24e-12	1.90e-10	4.88e-09	1.51e-07	3.27e-05	6.26e-04	6.12e-03	2.88e-02	8.07e-02	1.27e-01	1.52e-01	1.74e-01	3.28e-01	9.34e-02	9.59e-03
 5.46597e+22	0.00e+00	0.00e+00	0.00e+00	9.39e-32	4.72e-28	7.53e-25	5.33e-22	9.92e-20	1.16e-17	4.93e-16	1.58e-14	3.99e-13	1.13e-11	2.53e-10	6.28e-09	1.89e-07	3.98e-05	7.41e-04	7.03e-03	3.21e-02	8.73e-02	1.33e-01	1.55e-01	1.72e-01	3.16e-01	8.74e-02	8.71e-03
 5.52761e+22	0.00e+00	0.00e+00	0.00e+00	1.97e-31	9.58e-28	1.48e-24	1.01e-21	1.81e-19	2.04e-17	8.31e-16	2.57e-14	6.21e-13	1.69e-11	3.63e-10	8.67e-09	2.51e-07	5.11e-05	9.17e-04	8.39e-03	3.69e-02	9.63e-02	1.41e-01	1.58e-01	1.69e-01	3.01e-01	8.00e-02	7.67e-03
 5.59177e+22	0.00e+00	0.00e+00	0.00e+00	3.86e-31	1.82e-27	2.71e-24	1.79e-21	3.11e-19	3.39e-17	1.33e-15	3.96e-14	9.25e-13	2.42e-11	5.02e-10	1.15e-08	3.22e-07	6.37e-05	1.11e-03	9.81e-03	4.16e-02	1.05e-01	1.49e-01	1.61e-01	1.65e-01	2.87e-01	7.36e-02	6.81e-03
 5.64911e+22	0.00e+00	0.00e+00	0.00e+00	7.24e-31	3.31e-27	4.79e-24	3.10e-21	5.21e-19	5.49e-17	2.08e-15	5.99e-14	1.35e-12	3.41e-11	6.81e-10	1.51e-08	4.07e-07	7.84e-05	1.33e-03	1.14e-02	4.66e-02	1.14e-01	1.56e-01	1.63e-01	1.62e-01	2.73e-01	6.77e-02	6.06e-03
 5.71353e+22	0.00e+00	0.00e+00	0.00e+00	1.59e-30	7.02e-27	9.79e-24	6.09e-21	9.82e-19	9.92e-17	3.61e-15	9.94e-14	2.14e-12	5.19e-11	9.91e-10	2.11e-08	5.43e-07	1.01e-04	1.65e-03	1.36e-02	5.34e-02	1.25e-01	1.64e-01	1.64e-01	1.57e-01	2.56e-01	6.08e-02	5.22e-03
 5.77701e+22	0.00e+00	0.00e+00	0.00e+00	3.03e-30	1.30e-26	1.75e-23	1.05e-20	1.65e-18	1.61e-16	5.65e-15	1.50e-13	3.12e-12	7.28e-11	1.34e-09	2.75e-08	6.83e-07	1.24e-04	1.96e-03	1.56e-02	5.94e-02	1.34e-01	1.70e-01	1.65e-01	1.52e-01	2.42e-01	5.55e-02	4.60e-03
 5.82959e+22	0.00e+00	0.00e+00	0.00e+00	5.35e-30	2.23e-26	2.93e-23	1.71e-20	2.60e-18	2.46e-16	8.38e-15	2.15e-13	4.34e-12	9.81e-11	1.75e-09	3.47e-08	8.36e-07	1.48e-04	2.28e-03	1.77e-02	6.52e-02	1.43e-01	1.75e-01	1.65e-01	1.48e-01	2.29e-01	5.10e-02	4.10e-03
 5.88823e+22	0.00e+00	0.00e+00	0.00e+00	1.11e-29	4.45e-26	5.65e-23	3.18e-20	4.65e-18	4.23e-16	1.38e-14	3.42e-13	6.60e-12	1.43e-10	2.45e-09	4.66e-08	1.08e-06	1.85e-04	2.75e-03	2.06e-02	7.31e-02	1.54e-01	1.82e-01	1.64e-01	1.42e-01	2.13e-01	4.56e-02	3.52e-03
 5.94894e+22	0.00e+00	0.00e+00	8.25e-34	2.11e-29	8.22e-26	1.01e-22	5.51e-20	7.78e-18	6.84e-16	2.16e-14	5.13e-13	9.56e-12	2.00e-10	3.29e-09	6.02e-08	1.34e-06	2.25e-04	3.25e-03	2.35e-02	8.07e-02	1.64e-01	1.87e-01	1.63e-01	1.36e-01	1.99e-01	4.11e-02	3.07e-03
 6.00284e+22	0.00e+00	0.00e+00	1.54e-33	3.83e-29	1.45e-25	1.73e-22	9.16e-20	1.25e-17	1.07e-15	3.25e-14	7.47e-13	1.35e-11	2.71e-10	4.32e-09	7.64e-08	1.64e-06	2.69e-04	3.77e-03	2.65e-02	8.81e-02	1.73e-01	1.91e-01	1.61e-01	1.30e-01	1.86e-01	3.72e-02	2.69e-03
 6.06343e+22	0.00e+00	0.00e+00	3.40e-33	8.14e-29	2.97e-25	3.43e-22	1.74e-19	2.29e-17	1.87e-15	5.45e-14	1.20e-12	2.07e-11	3.99e-10	6.07e-09	1.03e-07	2.11e-06	3.35e-04	4.55e-03	3.08e-02	9.81e-02	1.85e-01	1.95e-01	1.58e-01	1.23e-01	1.70e-01	3.26e-02	2.26e-03
 6.12361e+22	0.00e+00	0.00e+00	6.62e-33	1.53e-28	5.43e-25	6.07e-22	2.98e-19	3.78e-17	2.98e-15	8.39e-14	1.78e-12	2.95e-11	5.48e-10	8.03e-09	1.31e-07	2.60e-06	4.01e-04	5.29e-03	3.47e-02	1.07e-01	1.94e-01	1.98e-01	1.55e-01	1.16e-01	1.57e-01	2.91e-02	1.95e-03
 6.17392e+22	0.00e+00	0.00e+00	1.19e-32	2.68e-28	9.23e-25	1.00e-21	4.78e-19	5.89e-17	4.50e-15	1.23e-13	2.52e-12	4.04e-11	7.26e-10	1.03e-08	1.62e-07	3.11e-06	4.70e-04	6.04e-03	3.86e-02	1.15e-01	2.03e-01	2.01e-01	1.52e-01	1.11e-01	1.46e-01	2.62e-02	1.70e-03
 6.22998e+22	0.00e+00	0.00e+00	2.45e-32	5.33e-28	1.78e-24	1.87e-21	8.57e-19	1.02e-16	7.48e-15	1.96e-13	3.85e-12	5.93e-11	1.02e-09	1.39e-08	2.10e-07	3.87e-06	5.69e-04	7.09e-03	4.37e-02	1.26e-01	2.13e-01	2.02e-01	1.48e-01	1.04e-01	1.33e-01	2.29e-02	1.43e-03
 6.28849e+22	0.00e+00	0.00e+00	4.67e-32	9.84e-28	3.18e-24	3.26e-21	1.45e-18	1.66e-16	1.18e-14	2.97e-13	5.64e-12	8.37e-11	1.39e-09	1.82e-08	2.65e-07	4.71e-06	6.74e-04	8.16e-03	4.87e-02	1.35e-01	2.21e-01	2.03e-01	1.43e-01	9.71e-02	1.21e-01	2.02e-02	1.22e-03
 6.34105e+22	0.00e+00	0.00e+00	8.96e-32	1.83e-27	5.73e-24	5.68e-21	2.44e-18	2.71e-16	1.85e-14	4.50e-13	8.23e-12	1.18e-10	1.88e-09	2.37e-08	3.32e-07	5.68e-06	7.95e-04	9.35e-03	5.42e-02	1.45e-01	2.29e-01	2.03e-01	1.38e-01	9.07e-02	1.10e-01	1.78e-02	1.03e-03
 6.39172e+22	0.00e+00	0.00e+00	1.62e-31	3.21e-27	9.79e-24	9.43e-21	3.93e-18	4.23e-16	2.80e-14	6.58e-13	1.16e-11	1.61e-10	2.48e-09	3.02e-08	4.08e-07	6.75e-06	9.23e-04	1.06e-02	5.95e-02	1.54e-01	2.36e-01	2.03e-01	1.34e-01	8.49e-02	1.01e-01	1.57e-02	8.87e-04
 6.44149e+22	0.00e+00	0.00e+00	2.93e-31	5.65e-27	1.67e-23	1.57e-20	6.33e-18	6.60e-16	4.23e-14	9.61e-13	1.64e-11	2.19e-10	3.26e-09	3.84e-08	5.01e-07	8.00e-06	1.07e-03	1.19e-02	6.52e-02	1.64e-01	2.42e-01	2.01e-01	1.29e-01	7.92e-02	9.20e-02	1.39e-02	7.58e-04
 6.49862e+22	0.00e+00	0.00e+00	6.19e-31	1.15e-26	3.28e-23	2.96e-20	1.15e-17	1.15e-15	7.09e-14	1.54e-12	2.52e-11	3.22e-10	4.59e-09	5.17e-08	6.45e-07	9.87e-06	1.28e-03	1.38e-02	7.28e-02	1.76e-01	2.49e-01	1.99e-01	1.22e-01	7.22e-02	8.15e-02	1.18e-02	6.19e-04
 6.55656e+22	0.00e+00	0.00e+00	1.18e-30	2.12e-26	5.88e-23	5.14e-20	1.93e-17	1.87e-15	1.11e-13	2.32e-12	3.65e-11	4.49e-10	6.16e-09	6.67e-08	8.01e-07	1.18e-05	1.49e-03	1.56e-02	7.99e-02	1.86e-01	2.55e-01	1.96e-01	1.16e-01	6.64e-02	7.31e-02	1.02e-02	5.17e-04
 6.60655e+22	0.00e+00	0.00e+00	2.14e-30	3.73e-26	1.00e-22	8.54e-20	3.10e-17	2.91e-15	1.67e-13	3.38e-12	5.13e-11	6.09e-10	8.06e-09	8.42e-08	9.75e-07	1.39e-05	1.71e-03	1.75e-02	8.68e-02	1.96e-01	2.59e-01	1.93e-01	1.10e-01	6.13e-02	6.59e-02	8.91e-03	4.36e-04
 6.66255e+22	0.00e+00	0.00e+00	4.48e-30	7.51e-26	1.95e-22	1.60e-19	5.59e-17	5.04e-15	2.77e-13	5.37e-12	7.80e-11	8.86e-10	1.12e-08	1.12e-07	1.24e-06	1.69e-05	2.03e-03	2.00e-02	9.58e-02	2.07e-01	2.63e-01	1.88e-01	1.03e-01	5.52e-02	5.77e-02	7.48e-03	3.52e-04
 6.71954e+22	0.00e+00	0.00e+00	8.46e-30	1.37e-25	3.46e-22	2.75e-19	9.28e-17	8.08e-15	4.28e-13	7.99e-12	1.12e-10	1.22e-09	1.49e-08	1.43e-07	1.52e-06	2.00e-05	2.34e-03	2.24e-02	1.04e-01	2.17e-01	2.66e-01	1.83e-01	9.73e-02	5.02e-02	5.12e-02	6.41e-03	2.91e-04
 6.76903e+22	0.00e+00	0.00e+00	1.54e-29	2.43e-25	5.93e-22	4.57e-19	1.49e-16	1.26e-14	6.44e-13	1.16e-11	1.57e-10	1.65e-09	1.94e-08	1.80e-07	1.84e-06	2.33e-05	2.66e-03	2.49e-02	1.12e-01	2.26e-01	2.67e-01	1.78e-01	9.16e-02	4.58e-02	4.56e-02	5.53e-03	2.43e-04
 6.82459e+22	0.00e+00	0.00e+00	3.27e-29	4.96e-25	1.17e-21	8.67e-19	2.72e-16	2.20e-14	1.08e-12	1.86e-11	2.39e-10	2.41e-09	2.70e-08	2.39e-07	2.34e-06	2.82e-05	3.13e-03	2.83e-02	1.22e-01	2.37e-01	2.68e-01	1.71e-01	8.45e-02	4.05e-02	3.93e-02	4.56e-03	1.92e-04
 6.88119e+22	0.00e+00	6.12e-34	6.00e-29	8.81e-25	2.01e-21	1.45e-18	4.40e-16	3.44e-14	1.63e-12	2.70e-11	3.36e-10	3.26e-09	3.52e-08	3.00e-07	2.83e-06	3.29e-05	3.55e-03	3.12e-02	1.31e-01	2.46e-01	2.68e-01	1.65e-01	7.89e-02	3.67e-02	3.47e-02	3.89e-03	1.58e-04
 6.93119e+22	0.00e+00	0.00e+00	1.10e-28	1.57e-24	3.47e-21	2.42e-18	7.13e-16	5.39e-14	2.46e-12	3.94e-11	4.71e-10	4.40e-09	4.58e-08	3.76e-07	3.41e-06	3.82e-05	4.03e-03	3.44e-02	1.40e-01	2.54e-01	2.67e-01	1.59e-01	7.34e-02	3.30e-02	3.06e-02	3.31e-03	1.30e-04
 6.98822e+22	0.00e+00	2.55e-33	2.31e-28	3.16e-24	6.75e-21	4.55e-18	1.28e-15	9.32e-14	4.06e-12	6.22e-11	7.12e-10	6.36e-09	6.31e-08	4.95e-07	4.28e-06	4.59e-05	4.68e-03	3.87e-02	1.52e-01	2.63e-01	2.65e-01	1.51e-01	6.70e-02	2.89e-02	2.61e-02	2.70e-03	1.02e-04
 7.04662e+22	0.00e+00	5.13e-33	4.48e-28	5.93e-24	1.22e-20	7.96e-18	2.17e-15	1.52e-13	6.35e-12	9.35e-11	1.03e-09	8.80e-09	8.38e-08	6.30e-07	5.23e-06	5.38e-05	5.34e-03	4.27e-02	1.62e-01	2.71e-01	2.63e-01	1.44e-01	6.15e-02	2.56e-02	2.25e-02	2.25e-03	8.16e-05
 7.09756e+22	0.00e+00	9.56e-33	8.07e-28	1.03e-23	2.07e-20	1.31e-17	3.45e-15	2.33e-13	9.45e-12	1.34e-10	1.42e-09	1.17e-08	1.08e-07	7.81e-07	6.25e-06	6.19e-05	5.99e-03	4.66e-02	1.72e-01	2.77e-01	2.59e-01	1.38e-01	5.68e-02	2.29e-02	1.97e-02	1.90e-03	6.67e-05
 7.15456e+22	0.00e+00	2.20e-32	1.78e-27	2.18e-23	4.19e-20	2.54e-17	6.42e-15	4.16e-13	1.60e-11	2.17e-10	2.19e-09	1.72e-08	1.50e-07	1.04e-06	7.88e-06	7.43e-05	6.95e-03	5.22e-02	1.85e-01	2.85e-01	2.54e-01	1.29e-01	5.09e-02	1.97e-02	1.64e-02	1.52e-03	5.08e-05
 7.20940e+22	0.00e+00	3.95e-32	3.09e-27	3.68e-23	6.88e-20	4.06e-17	9.92e-15	6.23e-13	2.33e-11	3.04e-10	2.96e-09	2.25e-08	1.90e-07	1.26e-06	9.27e-06	8.45e-05	7.70e-03	5.63e-02	1.94e-01	2.89e-01	2.50e-01	1.23e-01	4.69e-02	1.76e-02	1.44e-02	1.29e-03	4.18e-05
 7.26145e+22	0.00e+00	8.59e-32	6.43e-27	7.38e-23	1.32e-19	7.52e-17	1.77e-14	1.06e-12	3.79e-11	4.74e-10	4.41e-09	3.20e-08	2.57e-07	1.64e-06	1.14e-05	9.96e-05	8.80e-03	6.22e-02	2.06e-01	2.95e-01	2.43e-01	1.14e-01	4.20e-02	1.52e-02	1.21e-02	1.03e-03	3.22e-05
 7.31366e+22	0.00e+00	1.54e-31	1.11e-26	1.24e-22	2.16e-19	1.19e-16	2.72e-14	1.59e-12	5.48e-11	6.62e-10	5.95e-09	4.17e-08	3.24e-07	1.99e-06	1.34e-05	1.13e-04	9.71e-03	6.68e-02	2.15e-01	2.98e-01	2.38e-01	1.08e-01	3.86e-02	1.35e-02	1.06e-02	8.76e-04	2.64e-05
 7.35712e+22	0.00e+00	2.70e-31	1.89e-26	2.05e-22	3.47e-19	1.86e-16	4.12e-14	2.33e-12	7.79e-11	9.11e-10	7.92e-09	5.37e-08	4.03e-07	2.39e-06	1.56e-05	1.27e-04	1.06e-02	7.15e-02	2.24e-01	3.01e-01	2.33e-01	1.03e-01	3.55e-02	1.21e-02	9.26e-03	7.44e-04	2.17e-05
 7.39746e+22	0.00e+00	4.54e-31	3.10e-26	3.26e-22	5.38e-19	2.81e-16	6.05e-14	3.33e-12	1.08e-10	1.22e-09	1.03e-08	6.78e-08	4.93e-07	2.83e-06	1.79e-05	1.41e-04	1.16e-02	7.60e-02	2.32e-01	3.03e-01	2.27e-01	9.74e-02	3.28e-02	1.09e-02	8.18e-03	6.38e-04	1.81e-05
 7.43453e+22	0.00e+00	7.30e-31	4.84e-26	4.97e-22	8.02e-19	4.10e-16	8.59e-14	4.61e-12	1.45e-10	1.60e-09	1.31e-08	8.38e-08	5.92e-07	3.31e-06	2.03e-05	1.55e-04	1.25e-02	8.02e-02	2.40e-01	3.04e-01	2.22e-01	9.28e-02	3.04e-02	9.85e-03	7.30e-03	5.54e-04	1.53e-05
 7.46913e+22	0.00e+00	1.16e-30	7.48e-26	7.49e-22	1.18e-18	5.89e-16	1.21e-13	6.31e-12	1.94e-10	2.08e-09	1.66e-08	1.03e-07	7.07e-07	3.84e-06	2.29e-05	1.70e-04	1.34e-02	8.45e-02	2.47e-01	3.05e-01	2.17e-01	8.83e-02	2.83e-02	8.94e-03	6.53e-03	4.83e-04	1.30e-05
 7.50864e+22	0.00e+00	2.06e-30	1.29e-25	1.25e-21	1.91e-18	9.29e-16	1.84e-13	9.36e-12	2.78e-10	2.88e-09	2.22e-08	1.33e-07	8.83e-07	4.63e-06	2.66e-05	1.91e-04	1.47e-02	9.00e-02	2.56e-01	3.06e-01	2.10e-01	8.29e-02	2.58e-02	7.91e-03	5.66e-03	4.05e-04	1.06e-05
 7.54715e+22	0.00e+00	3.23e-30	1.97e-25	1.87e-21	2.79e-18	1.32e-15	2.57e-13	1.27e-11	3.67e-10	3.71e-09	2.78e-08	1.62e-07	1.05e-06	5.34e-06	2.99e-05	2.09e-04	1.57e-02	9.45e-02	2.62e-01	3.07e-01	2.05e-01	7.89e-02	2.39e-02	7.17e-03	5.06e-03	3.53e-04	8.99e-06
 7.57895e+22	0.00e+00	5.00e-30	2.97e-25	2.76e-21	4.02e-18	1.87e-15	3.54e-13	1.71e-11	4.82e-10	4.74e-09	3.46e-08	1.97e-07	1.24e-06	6.14e-06	3.34e-05	2.28e-04	1.68e-02	9.89e-02	2.69e-01	3.07e-01	2.00e-01	7.50e-02	2.22e-02	6.52e-03	4.53e-03	3.09e-04	7.66e-06
 7.61486e+22	0.00e+00	8.45e-30	4.88e-25	4.40e-21	6.24e-18	2.82e-15	5.20e-13	2.44e-11	6.67e-10	6.37e-09	4.50e-08	2.48e-07	1.51e-06	7.26e-06	3.82e-05	2.53e-04	1.82e-02	1.04e-01	2.77e-01	3.06e-01	1.93e-01	7.05e-02	2.03e-02	5.80e-03	3.96e-03	2.62e-04	6.32e-06
 7.65029e+22	0.00e+00	1.29e-29	7.28e-25	6.42e-21	8.90e-18	3.94e-15	7.10e-13	3.26e-11	8.68e-10	8.08e-09	5.57e-08	3.00e-07	1.77e-06	8.31e-06	4.26e-05	2.74e-04	1.93e-02	1.09e-01	2.83e-01	3.05e-01	1.88e-01	6.70e-02	1.89e-02	5.28e-03	3.55e-03	2.29e-04	5.40e-06
 7.67981e+22	0.00e+00	1.95e-29	1.07e-24	9.26e-21	1.26e-17	5.45e-15	9.59e-13	4.31e-11	1.12e-09	1.02e-08	6.84e-08	3.59e-07	2.07e-06	9.46e-06	4.73e-05	2.96e-04	2.05e-02	1.13e-01	2.89e-01	3.05e-01	1.83e-01	6.37e-02	1.76e-02	4.80e-03	3.19e-03	2.01e-04	4.63e-06
 7.70852e+22	0.00e+00	2.90e-29	1.56e-24	1.31e-20	1.74e-17	7.42e-15	1.28e-12	5.62e-11	1.43e-09	1.27e-08	8.32e-08	4.26e-07	2.40e-06	1.07e-05	5.22e-05	3.20e-04	2.17e-02	1.18e-01	2.94e-01	3.03e-01	1.78e-01	6.06e-02	1.64e-02	4.39e-03	2.88e-03	1.78e-04	3.99e-06
 7.74143e+22	0.00e+00	4.76e-29	2.48e-24	2.04e-20	2.64e-17	1.09e-14	1.84e-12	7.86e-11	1.94e-09	1.67e-08	1.07e-07	5.29e-07	2.90e-06	1.25e-05	5.91e-05	3.51e-04	2.33e-02	1.23e-01	3.01e-01	3.02e-01	1.72e-01	5.69e-02	1.50e-02	3.91e-03	2.53e-03	1.51e-04	3.31e-06
 7.77524e+22	0.00e+00	7.30e-29	3.71e-24	2.98e-20	3.76e-17	1.53e-14	2.51e-12	1.05e-10	2.52e-09	2.12e-08	1.32e-07	6.38e-07	3.40e-06	1.43e-05	6.57e-05	3.80e-04	2.47e-02	1.28e-01	3.06e-01	3.00e-01	1.67e-01	5.38e-02	1.38e-02	3.54e-03	2.25e-03	1.32e-04	2.81e-06
 7.80522e+22	0.00e+00	1.09e-28	5.43e-24	4.26e-20	5.27e-17	2.09e-14	3.36e-12	1.38e-10	3.23e-09	2.65e-08	1.61e-07	7.61e-07	3.95e-06	1.62e-05	7.26e-05	4.10e-04	2.61e-02	1.33e-01	3.12e-01	2.98e-01	1.61e-01	5.10e-02	1.28e-02	3.22e-03	2.02e-03	1.16e-04	2.41e-06
 7.83348e+22	0.00e+00	1.63e-28	7.91e-24	6.07e-20	7.34e-17	2.86e-14	4.50e-12	1.80e-10	4.12e-09	3.31e-08	1.96e-07	9.04e-07	4.58e-06	1.83e-05	8.01e-05	4.41e-04	2.75e-02	1.38e-01	3.17e-01	2.96e-01	1.56e-01	4.83e-02	1.19e-02	2.93e-03	1.82e-03	1.01e-04	2.06e-06
 7.85972e+22	0.00e+00	2.37e-28	1.12e-23	8.44e-20	1.00e-16	3.82e-14	5.89e-12	2.31e-10	5.18e-09	4.07e-08	2.36e-07	1.06e-06	5.26e-06	2.06e-05	8.77e-05	4.72e-04	2.89e-02	1.43e-01	3.21e-01	2.94e-01	1.52e-01	4.59e-02	1.11e-02	2.67e-03	1.64e-03	8.96e-05	1.79e-06
 7.88904e+22	0.00e+00	3.74e-28	1.72e-23	1.26e-19	1.46e-16	5.44e-14	8.19e-12	3.14e-10	6.84e-09	5.23e-08	2.95e-07	1.29e-06	6.23e-06	2.37e-05	9.81e-05	5.13e-04	3.07e-02	1.48e-01	3.26e-01	2.91e-01	1.46e-01	4.31e-02	1.02e-02	2.40e-03	1.45e-03	7.70e-05	1.50e-06
 7.91926e+22	0.00e+00	5.66e-28	2.54e-23	1.82e-19	2.05e-16	7.50e-14	1.11e-11	4.14e-10	8.80e-09	6.57e-08	3.61e-07	1.55e-06	7.26e-06	2.69e-05	1.08e-04	5.53e-04	3.24e-02	1.53e-01	3.31e-01	2.88e-01	1.41e-01	4.06e-02	9.39e-03	2.16e-03	1.29e-03	6.70e-05	1.27e-06
 7.94558e+22	0.00e+00	8.20e-28	3.60e-23	2.52e-19	2.78e-16	9.99e-14	1.44e-11	5.30e-10	1.10e-08	8.06e-08	4.33e-07	1.81e-06	8.32e-06	3.01e-05	1.19e-04	5.91e-04	3.40e-02	1.58e-01	3.35e-01	2.85e-01	1.37e-01	3.85e-02	8.73e-03	1.97e-03	1.16e-03	5.91e-05	1.10e-06
 7.97473e+22	0.00e+00	1.32e-27	5.62e-23	3.83e-19	4.12e-16	1.44e-13	2.03e-11	7.28e-10	1.47e-08	1.05e-07	5.47e-07	2.22e-06	9.90e-06	3.48e-05	1.33e-04	6.43e-04	3.61e-02	1.64e-01	3.40e-01	2.81e-01	1.31e-01	3.60e-02	7.95e-03	1.75e-03	1.02e-03	5.03e-05	9.08e-07
 8.00460e+22	0.00e+00	2.00e-27	8.31e-23	5.52e-19	5.79e-16	1.99e-13	2.74e-11	9.60e-10	1.89e-08	1.31e-07	6.70e-07	2.66e-06	1.15e-05	3.95e-05	1.47e-04	6.92e-04	3.80e-02	1.69e-01	3.44e-01	2.78e-01	1.26e-01	3.38e-02	7.31e-03	1.58e-03	9.05e-04	4.36e-05	7.69e-07
 8.03079e+22	0.00e+00	2.94e-27	1.19e-22	7.75e-19	7.94e-16	2.67e-13	3.61e-11	1.24e-09	2.39e-08	1.62e-07	8.08e-07	3.13e-06	1.33e-05	4.43e-05	1.61e-04	7.40e-04	3.98e-02	1.74e-01	3.48e-01	2.75e-01	1.21e-01	3.19e-02	6.77e-03	1.43e-03	8.11e-04	3.82e-05	6.58e-07
 8.06024e+22	0.00e+00	4.87e-27	1.91e-22	1.21e-18	1.20e-15	3.93e-13	5.18e-11	1.73e-09	3.24e-08	2.14e-07	1.03e-06	3.89e-06	1.60e-05	5.16e-05	1.81e-04	8.08e-04	4.23e-02	1.81e-01	3.52e-01	2.70e-01	1.16e-01	2.95e-02	6.10e-03	1.26e-03	7.01e-04	3.20e-05	5.36e-07
 8.09007e+22	0.00e+00	7.32e-27	2.80e-22	1.72e-18	1.68e-15	5.38e-13	6.94e-11	2.27e-09	4.15e-08	2.67e-07	1.26e-06	4.63e-06	1.85e-05	5.84e-05	2.00e-04	8.68e-04	4.44e-02	1.86e-01	3.56e-01	2.66e-01	1.11e-01	2.77e-02	5.60e-03	1.13e-03	6.22e-04	2.78e-05	4.54e-07
 8.11554e+22	0.00e+00	1.06e-26	3.95e-22	2.38e-18	2.26e-15	7.13e-13	9.03e-11	2.90e-09	5.19e-08	3.27e-07	1.51e-06	5.42e-06	2.12e-05	6.53e-05	2.18e-04	9.25e-04	4.64e-02	1.91e-01	3.59e-01	2.62e-01	1.07e-01	2.62e-02	5.19e-03	1.03e-03	5.59e-04	2.44e-05	3.90e-07
 8.14383e+22	0.00e+00	1.79e-26	6.45e-22	3.76e-18	3.47e-15	1.06e-12	1.31e-10	4.10e-09	7.11e-08	4.36e-07	1.95e-06	6.78e-06	2.56e-05	7.64e-05	2.46e-04	1.01e-03	4.93e-02	1.98e-01	3.63e-01	2.57e-01	1.01e-01	2.40e-02	4.64e-03	8.95e-04	4.78e-04	2.02e-05	3.13e-07
 8.17163e+22	0.00e+00	2.55e-26	8.99e-22	5.13e-18	4.63e-15	1.39e-12	1.69e-10	5.19e-09	8.81e-08	5.29e-07	2.32e-06	7.89e-06	2.92e-05	8.50e-05	2.68e-04	1.08e-03	5.14e-02	2.03e-01	3.65e-01	2.53e-01	9.76e-02	2.27e-02	4.30e-03	8.14e-04	4.30e-04	1.78e-05	2.70e-07
 8.19879e+22	0.00e+00	4.21e-26	1.44e-21	7.95e-18	6.95e-15	2.04e-12	2.41e-10	7.24e-09	1.19e-07	6.96e-07	2.96e-06	9.78e-06	3.50e-05	9.89e-05	3.01e-04	1.17e-03	5.43e-02	2.10e-01	3.68e-01	2.48e-01	9.24e-02	2.09e-02	3.85e-03	7.11e-04	3.69e-04	1.48e-05	2.18e-07
 8.22548e+22	0.00e+00	5.93e-26	1.98e-21	1.07e-17	9.16e-15	2.64e-12	3.07e-10	9.07e-09	1.47e-07	8.40e-07	3.50e-06	1.13e-05	3.97e-05	1.10e-04	3.26e-04	1.24e-03	5.65e-02	2.15e-01	3.70e-01	2.44e-01	8.89e-02	1.97e-02	3.57e-03	6.48e-04	3.33e-04	1.31e-05	1.88e-07
 8.25156e+22	0.00e+00	9.75e-26	3.14e-21	1.65e-17	1.37e-14	3.84e-12	4.37e-10	1.26e-08	1.98e-07	1.10e-06	4.46e-06	1.40e-05	4.76e-05	1.27e-04	3.66e-04	1.35e-03	5.96e-02	2.21e-01	3.73e-01	2.38e-01	8.40e-02	1.81e-02	3.20e-03	5.65e-04	2.85e-04	1.09e-05	1.52e-07
 8.27751e+22	0.00e+00	1.38e-25	4.33e-21	2.22e-17	1.81e-14	4.99e-12	5.58e-10	1.58e-08	2.43e-07	1.33e-06	5.28e-06	1.62e-05	5.40e-05	1.41e-04	3.97e-04	1.43e-03	6.20e-02	2.26e-01	3.74e-01	2.34e-01	8.07e-02	1.70e-02	2.96e-03	5.13e-04	2.56e-04	9.55e-06	1.30e-07
 8.30331e+22	0.00e+00	2.25e-25	6.84e-21	3.40e-17	2.68e-14	7.22e-12	7.89e-10	2.19e-08	3.27e-07	1.74e-06	6.72e-06	2.01e-05	6.46e-05	1.64e-04	4.46e-04	1.56e-03	6.53e-02	2.33e-01	3.76e-01	2.28e-01	7.61e-02	1.56e-02	2.64e-03	4.46e-04	2.19e-04	7.92e-06	0.00e+00
 8.32930e+22	0.00e+00	3.23e-25	9.56e-21	4.64e-17	3.57e-14	9.46e-12	1.02e-09	2.78e-08	4.07e-07	2.13e-06	8.02e-06	2.34e-05	7.37e-05	1.82e-04	4.85e-04	1.66e-03	6.79e-02	2.38e-01	3.78e-01	2.24e-01	7.28e-02	1.46e-02	2.43e-03	4.02e-04	1.96e-04	6.90e-06	0.00e+00
 8.35556e+22	0.00e+00	5.32e-25	1.52e-20	7.15e-17	5.32e-14	1.38e-11	1.45e-09	3.86e-08	5.50e-07	2.80e-06	1.03e-05	2.91e-05	8.86e-05	2.12e-04	5.45e-04	1.80e-03	7.16e-02	2.45e-01	3.79e-01	2.18e-01	6.83e-02	1.33e-02	2.16e-03	3.48e-04	1.66e-04	5.67e-06	0.00e+00
 8.38204e+22	0.00e+00	7.69e-25	2.14e-20	9.81e-17	7.13e-14	1.81e-11	1.88e-09	4.93e-08	6.88e-07	3.43e-06	1.23e-05	3.41e-05	1.02e-04	2.37e-04	5.95e-04	1.92e-03	7.45e-02	2.50e-01	3.80e-01	2.13e-01	6.52e-02	1.25e-02	1.97e-03	3.12e-04	1.47e-04	4.91e-06	0.00e+00
 8.40883e+22	0.00e+00	1.26e-24	3.37e-20	1.50e-16	1.05e-13	2.61e-11	2.65e-09	6.82e-08	9.26e-07	4.51e-06	1.57e-05	4.23e-05	1.22e-04	2.76e-04	6.68e-04	2.09e-03	7.84e-02	2.56e-01	3.81e-01	2.07e-01	6.10e-02	1.13e-02	1.75e-03	2.70e-04	1.25e-04	4.03e-06	0.00e+00
 8.43536e+22	0.00e+00	1.81e-24	4.74e-20	2.05e-16	1.41e-13	3.43e-11	3.43e-09	8.70e-08	1.16e-06	5.53e-06	1.88e-05	4.96e-05	1.40e-04	3.08e-04	7.28e-04	2.22e-03	8.15e-02	2.62e-01	3.81e-01	2.02e-01	5.81e-02	1.06e-02	1.60e-03	2.41e-04	1.10e-04	3.47e-06	0.00e+00
 8.46158e+22	0.00e+00	2.92e-24	7.37e-20	3.08e-16	2.05e-13	4.88e-11	4.80e-09	1.20e-07	1.55e-06	7.22e-06	2.39e-05	6.12e-05	1.67e-04	3.57e-04	8.16e-04	2.41e-03	8.56e-02	2.68e-01	3.81e-01	1.95e-01	5.43e-02	9.59e-03	1.41e-03	2.08e-04	9.37e-05	2.85e-06	0.00e+00
 8.48821e+22	0.00e+00	4.26e-24	1.04e-19	4.25e-16	2.76e-13	6.46e-11	6.25e-09	1.54e-07	1.95e-06	8.92e-06	2.89e-05	7.24e-05	1.92e-04	4.02e-04	8.93e-04	2.57e-03	8.90e-02	2.73e-01	3.81e-01	1.90e-01	5.14e-02	8.87e-03	1.28e-03	1.85e-04	8.21e-05	2.43e-06	0.00e+00
 8.51540e+22	0.00e+00	6.93e-24	1.64e-19	6.44e-16	4.04e-13	9.25e-11	8.81e-09	2.13e-07	2.64e-06	1.18e-05	3.70e-05	8.99e-05	2.31e-04	4.68e-04	1.00e-03	2.80e-03	9.36e-02	2.80e-01	3.81e-01	1.84e-01	4.78e-02	8.01e-03	1.13e-03	1.58e-04	6.89e-05	1.97e-06	0.00e+00
 8.54288e+22	0.00e+00	1.01e-23	2.32e-19	8.87e-16	5.43e-13	1.22e-10	1.15e-08	2.74e-07	3.33e-06	1.46e-05	4.49e-05	1.07e-04	2.67e-04	5.26e-04	1.10e-03	2.99e-03	9.73e-02	2.85e-01	3.80e-01	1.78e-01	4.51e-02	7.39e-03	1.02e-03	1.40e-04	6.01e-05	1.67e-06	0.00e+00
 8.57073e+22	0.00e+00	1.65e-23	3.63e-19	1.34e-15	7.94e-13	1.75e-10	1.62e-08	3.81e-07	4.51e-06	1.93e-05	5.77e-05	1.33e-04	3.22e-04	6.14e-04	1.24e-03	3.26e-03	1.02e-01	2.92e-01	3.79e-01	1.72e-01	4.18e-02	6.63e-03	8.90e-04	1.19e-04	5.01e-05	1.35e-06	0.00e+00
 8.59874e+22	0.00e+00	2.38e-23	5.09e-19	1.83e-15	1.06e-12	2.29e-10	2.10e-08	4.90e-07	5.69e-06	2.38e-05	6.99e-05	1.57e-04	3.72e-04	6.91e-04	1.36e-03	3.48e-03	1.06e-01	2.97e-01	3.78e-01	1.66e-01	3.93e-02	6.10e-03	8.02e-04	1.05e-04	4.36e-05	1.14e-06	0.00e+00
 8.62291e+22	0.00e+00	3.40e-23	7.06e-19	2.47e-15	1.39e-12	2.98e-10	2.70e-08	6.24e-07	7.12e-06	2.93e-05	8.42e-05	1.85e-04	4.28e-04	7.75e-04	1.48e-03	3.71e-03	1.10e-01	3.01e-01	3.77e-01	1.61e-01	3.71e-02	5.61e-03	7.23e-04	9.26e-05	3.79e-05	9.64e-07	0.00e+00
 8.65027e+22	0.00e+00	5.32e-23	1.06e-18	3.60e-15	1.97e-12	4.13e-10	3.72e-08	8.48e-07	9.46e-06	3.82e-05	1.07e-04	2.28e-04	5.11e-04	8.97e-04	1.66e-03	4.03e-03	1.16e-01	3.08e-01	3.74e-01	1.55e-01	3.43e-02	5.04e-03	6.33e-04	7.89e-05	3.17e-05	7.78e-07	0.00e+00
 8.67787e+22	0.00e+00	7.52e-23	1.46e-18	4.82e-15	2.58e-12	5.32e-10	4.75e-08	1.08e-06	1.18e-05	4.68e-05	1.28e-04	2.68e-04	5.86e-04	1.00e-03	1.81e-03	4.30e-03	1.20e-01	3.12e-01	3.72e-01	1.50e-01	3.22e-02	4.63e-03	5.70e-04	6.96e-05	2.76e-05	6.58e-07	0.00e+00
 8.70578e+22	0.00e+00	1.17e-22	2.19e-18	6.96e-15	3.61e-12	7.35e-10	6.51e-08	1.46e-06	1.57e-05	6.10e-05	1.63e-04	3.31e-04	7.00e-04	1.16e-03	2.03e-03	4.67e-03	1.25e-01	3.18e-01	3.70e-01	1.44e-01	2.97e-02	4.14e-03	4.96e-04	5.90e-05	2.30e-05	5.28e-07	0.00e+00
 8.73376e+22	0.00e+00	1.61e-22	2.94e-18	9.14e-15	4.64e-12	9.32e-10	8.21e-08	1.83e-06	1.94e-05	7.41e-05	1.94e-04	3.86e-04	7.98e-04	1.30e-03	2.21e-03	4.96e-03	1.30e-01	3.22e-01	3.67e-01	1.39e-01	2.79e-02	3.80e-03	4.47e-04	5.22e-05	2.00e-05	4.48e-07	0.00e+00
 8.76184e+22	0.00e+00	2.46e-22	4.31e-18	1.30e-14	6.40e-12	1.27e-09	1.11e-07	2.47e-06	2.56e-05	9.58e-05	2.44e-04	4.73e-04	9.49e-04	1.50e-03	2.47e-03	5.38e-03	1.36e-01	3.28e-01	3.63e-01	1.33e-01	2.56e-02	3.39e-03	3.89e-04	4.43e-05	1.66e-05	3.59e-07	0.00e+00
 8.79042e+22	0.00e+00	3.37e-22	5.76e-18	1.69e-14	8.18e-12	1.60e-09	1.40e-07	3.09e-06	3.15e-05	1.16e-04	2.91e-04	5.52e-04	1.08e-03	1.66e-03	2.68e-03	5.72e-03	1.41e-01	3.32e-01	3.60e-01	1.28e-01	2.40e-02	3.11e-03	3.50e-04	3.90e-05	1.45e-05	3.04e-07	0.00e+00
 8.81964e+22	0.00e+00	5.05e-22	8.32e-18	2.37e-14	1.11e-11	2.15e-09	1.87e-07	4.12e-06	4.12e-05	1.49e-04	3.64e-04	6.73e-04	1.28e-03	1.91e-03	2.99e-03	6.20e-03	1.47e-01	3.36e-01	3.56e-01	1.22e-01	2.21e-02	2.77e-03	3.04e-04	3.31e-05	1.20e-05	2.44e-07	0.00e+00
 8.84989e+22	0.00e+00	7.01e-22	1.12e-17	3.11e-14	1.43e-11	2.74e-09	2.38e-07	5.23e-06	5.14e-05	1.83e-04	4.38e-04	7.92e-04	1.47e-03	2.14e-03	3.26e-03	6.61e-03	1.52e-01	3.40e-01	3.52e-01	1.17e-01	2.05e-02	2.52e-03	2.71e-04	2.89e-05	1.03e-05	2.03e-07	0.00e+00
 8.88117e+22	0.00e+00	1.05e-21	1.62e-17	4.35e-14	1.95e-11	3.68e-09	3.20e-07	7.01e-06	6.76e-05	2.37e-04	5.51e-04	9.69e-04	1.74e-03	2.47e-03	3.64e-03	7.18e-03	1.59e-01	3.45e-01	3.47e-01	1.11e-01	1.87e-02	2.23e-03	2.34e-04	2.43e-05	8.51e-06	1.61e-07	0.00e+00
 8.91285e+22	0.00e+00	1.44e-21	2.16e-17	5.65e-14	2.48e-11	4.65e-09	4.04e-07	8.82e-06	8.38e-05	2.89e-04	6.59e-04	1.13e-03	1.99e-03	2.76e-03	3.97e-03	7.65e-03	1.65e-01	3.48e-01	3.42e-01	1.07e-01	1.74e-02	2.02e-03	2.08e-04	2.12e-05	7.30e-06	1.34e-07	0.00e+00
 8.94532e+22	0.00e+00	2.13e-21	3.09e-17	7.84e-14	3.36e-11	6.22e-09	5.41e-07	1.18e-05	1.10e-04	3.72e-04	8.28e-04	1.39e-03	2.36e-03	3.17e-03	4.43e-03	8.30e-03	1.72e-01	3.53e-01	3.36e-01	1.01e-01	1.58e-02	1.78e-03	1.78e-04	1.77e-05	5.99e-06	0.00e+00	0.00e+00
 8.97798e+22	0.00e+00	2.88e-21	4.05e-17	1.01e-13	4.23e-11	7.77e-09	6.76e-07	1.48e-05	1.35e-04	4.52e-04	9.85e-04	1.61e-03	2.69e-03	3.53e-03	4.81e-03	8.83e-03	1.78e-01	3.55e-01	3.31e-01	9.64e-02	1.47e-02	1.62e-03	1.59e-04	1.55e-05	5.14e-06	0.00e+00	0.00e+00
 9.01090e+22	2.01e-34	4.20e-21	5.70e-17	1.37e-13	5.65e-11	1.03e-08	8.96e-07	1.96e-05	1.76e-04	5.77e-04	1.23e-03	1.96e-03	3.16e-03	4.03e-03	5.33e-03	9.54e-03	1.85e-01	3.59e-01	3.24e-01	9.10e-02	1.33e-02	1.42e-03	1.36e-04	1.30e-05	4.23e-06	0.00e+00	0.00e+00
 9.04466e+22	2.85e-34	5.66e-21	7.48e-17	1.76e-13	7.11e-11	1.28e-08	1.12e-06	2.45e-05	2.17e-04	7.01e-04	1.46e-03	2.28e-03	3.60e-03	4.48e-03	5.79e-03	1.02e-02	1.91e-01	3.61e-01	3.18e-01	8.68e-02	1.23e-02	1.29e-03	1.21e-04	1.12e-05	3.61e-06	0.00e+00	0.00e+00
 9.07393e+22	3.91e-34	7.41e-21	9.56e-17	2.20e-13	8.75e-11	1.57e-08	1.38e-06	3.00e-05	2.63e-04	8.36e-04	1.71e-03	2.62e-03	4.05e-03	4.94e-03	6.24e-03	1.07e-02	1.97e-01	3.63e-01	3.13e-01	8.30e-02	1.14e-02	1.17e-03	1.08e-04	9.87e-06	3.12e-06	0.00e+00	0.00e+00
 9.10639e+22	5.85e-34	1.04e-20	1.31e-16	2.93e-13	1.14e-10	2.03e-08	1.79e-06	3.90e-05	3.35e-04	1.05e-03	2.10e-03	3.13e-03	4.70e-03	5.58e-03	6.86e-03	1.15e-02	2.04e-01	3.65e-01	3.05e-01	7.82e-02	1.04e-02	1.03e-03	9.31e-05	8.33e-06	2.58e-06	0.00e+00	0.00e+00
 9.13922e+22	7.98e-34	1.36e-20	1.66e-16	3.65e-13	1.40e-10	2.47e-08	2.19e-06	4.77e-05	4.05e-04	1.25e-03	2.45e-03	3.59e-03	5.27e-03	6.13e-03	7.39e-03	1.22e-02	2.10e-01	3.66e-01	2.99e-01	7.46e-02	9.64e-03	9.37e-04	8.29e-05	7.29e-06	2.23e-06	0.00e+00	0.00e+00
 9.17255e+22	1.18e-33	1.90e-20	2.25e-16	4.82e-13	1.81e-10	3.18e-08	2.83e-06	6.18e-05	5.15e-04	1.56e-03	3.00e-03	4.27e-03	6.10e-03	6.91e-03	8.11e-03	1.31e-02	2.18e-01	3.67e-01	2.91e-01	7.01e-02	8.73e-03	8.25e-04	7.13e-05	6.13e-06	1.84e-06	0.00e+00	0.00e+00
 9.20640e+22	1.60e-33	2.47e-20	2.85e-16	5.99e-13	2.22e-10	3.88e-08	3.46e-06	7.56e-05	6.20e-04	1.86e-03	3.49e-03	4.88e-03	6.82e-03	7.58e-03	8.70e-03	1.38e-02	2.24e-01	3.68e-01	2.85e-01	6.67e-02	8.08e-03	7.47e-04	6.34e-05	5.36e-06	1.58e-06	0.00e+00	0.00e+00
 9.23612e+22	2.15e-33	3.18e-20	3.59e-16	7.39e-13	2.69e-10	4.69e-08	4.20e-06	9.18e-05	7.43e-04	2.20e-03	4.06e-03	5.56e-03	7.61e-03	8.28e-03	9.32e-03	1.45e-02	2.29e-01	3.68e-01	2.78e-01	6.35e-02	7.48e-03	6.77e-04	5.65e-05	4.69e-06	1.36e-06	0.00e+00	0.00e+00
 9.26993e+22	3.14e-33	4.38e-20	4.79e-16	9.62e-13	3.45e-10	5.97e-08	5.39e-06	1.18e-04	9.39e-04	2.73e-03	4.92e-03	6.57e-03	8.75e-03	9.28e-03	1.02e-02	1.55e-02	2.37e-01	3.68e-01	2.70e-01	5.93e-02	6.74e-03	5.93e-04	4.84e-05	3.93e-06	1.12e-06	0.00e+00	0.00e+00
 9.30356e+22	4.14e-33	5.55e-20	5.95e-16	1.17e-12	4.15e-10	7.15e-08	6.47e-06	1.42e-04	1.11e-03	3.18e-03	5.65e-03	7.40e-03	9.66e-03	1.01e-02	1.08e-02	1.63e-02	2.42e-01	3.67e-01	2.63e-01	5.65e-02	6.26e-03	5.40e-04	4.33e-05	3.47e-06	9.76e-07	0.00e+00	0.00e+00
 9.33694e+22	5.90e-33	7.51e-20	7.82e-16	1.51e-12	5.25e-10	9.00e-08	8.20e-06	1.80e-04	1.39e-03	3.91e-03	6.78e-03	8.66e-03	1.10e-02	1.12e-02	1.17e-02	1.73e-02	2.49e-01	3.66e-01	2.54e-01	5.28e-02	5.64e-03	4.75e-04	3.72e-05	2.92e-06	8.06e-07	0.00e+00	0.00e+00
 9.37098e+22	7.81e-33	9.55e-20	9.73e-16	1.84e-12	6.33e-10	1.08e-07	9.87e-06	2.16e-04	1.64e-03	4.57e-03	7.78e-03	9.75e-03	1.21e-02	1.21e-02	1.25e-02	1.81e-02	2.54e-01	3.64e-01	2.48e-01	5.01e-02	5.22e-03	4.30e-04	3.32e-05	2.56e-06	6.97e-07	0.00e+00	0.00e+00
 9.40587e+22	1.12e-32	1.29e-19	1.28e-15	2.37e-12	8.02e-10	1.36e-07	1.25e-05	2.75e-04	2.05e-03	5.61e-03	9.33e-03	1.14e-02	1.38e-02	1.34e-02	1.35e-02	1.92e-02	2.60e-01	3.61e-01	2.38e-01	4.65e-02	4.68e-03	3.75e-04	2.83e-05	2.14e-06	5.72e-07	0.00e+00	0.00e+00
 9.44141e+22	1.48e-32	1.65e-19	1.60e-15	2.91e-12	9.69e-10	1.64e-07	1.51e-05	3.32e-04	2.43e-03	6.56e-03	1.07e-02	1.28e-02	1.52e-02	1.45e-02	1.43e-02	2.01e-02	2.65e-01	3.59e-01	2.31e-01	4.39e-02	4.30e-03	3.38e-04	2.51e-05	1.86e-06	4.91e-07	0.00e+00	0.00e+00
 9.47782e+22	2.12e-32	2.24e-19	2.11e-15	3.75e-12	1.23e-09	2.07e-07	1.93e-05	4.22e-04	3.04e-03	8.05e-03	1.28e-02	1.50e-02	1.73e-02	1.61e-02	1.55e-02	2.12e-02	2.71e-01	3.54e-01	2.21e-01	4.05e-02	3.83e-03	2.93e-04	2.13e-05	1.55e-06	4.00e-07	0.00e+00	0.00e+00
 9.51489e+22	1.38e-32	2.85e-19	2.63e-15	4.59e-12	1.49e-09	2.49e-07	2.33e-05	5.09e-04	3.61e-03	9.40e-03	1.47e-02	1.68e-02	1.90e-02	1.73e-02	1.63e-02	2.21e-02	2.75e-01	3.50e-01	2.13e-01	3.81e-02	3.50e-03	2.63e-04	1.87e-05	1.34e-06	3.41e-07	0.00e+00	0.00e+00
 9.55283e+22	1.98e-32	3.88e-19	3.47e-15	5.93e-12	1.89e-09	3.15e-07	2.97e-05	6.49e-04	4.50e-03	1.15e-02	1.76e-02	1.95e-02	2.15e-02	1.91e-02	1.76e-02	2.33e-02	2.80e-01	3.44e-01	2.02e-01	3.49e-02	3.10e-03	2.26e-04	1.58e-05	1.10e-06	2.76e-07	0.00e+00	0.00e+00
 9.58990e+22	2.56e-32	4.86e-19	4.27e-15	7.17e-12	2.26e-09	3.74e-07	3.52e-05	7.67e-04	5.24e-03	1.32e-02	1.98e-02	2.16e-02	2.33e-02	2.04e-02	1.84e-02	2.41e-02	2.83e-01	3.40e-01	1.95e-01	3.29e-02	2.85e-03	2.04e-04	1.40e-05	9.67e-07	2.38e-07	0.00e+00	0.00e+00
 9.62587e+22	3.57e-32	6.42e-19	5.49e-15	9.04e-12	2.81e-09	4.64e-07	4.41e-05	9.60e-04	6.43e-03	1.59e-02	2.33e-02	2.48e-02	2.61e-02	2.22e-02	1.96e-02	2.52e-02	2.86e-01	3.32e-01	1.85e-01	3.01e-02	2.52e-03	1.76e-04	1.18e-05	7.99e-07	1.93e-07	0.00e+00	0.00e+00
 9.66237e+22	4.63e-32	8.04e-19	6.75e-15	1.09e-11	3.36e-09	5.51e-07	5.23e-05	1.13e-03	7.47e-03	1.82e-02	2.62e-02	2.73e-02	2.82e-02	2.36e-02	2.04e-02	2.59e-02	2.87e-01	3.26e-01	1.77e-01	2.82e-02	2.31e-03	1.58e-04	1.05e-05	6.97e-07	1.66e-07	0.00e+00	0.00e+00
 9.69957e+22	6.42e-32	1.06e-18	8.70e-15	1.38e-11	4.19e-09	6.82e-07	6.52e-05	1.41e-03	9.10e-03	2.18e-02	3.05e-02	3.11e-02	3.12e-02	2.55e-02	2.16e-02	2.69e-02	2.89e-01	3.17e-01	1.67e-01	2.57e-02	2.04e-03	1.36e-04	8.82e-06	5.75e-07	1.35e-07	0.00e+00	0.00e+00
 9.73791e+22	8.41e-32	1.34e-18	1.07e-14	1.68e-11	5.02e-09	8.15e-07	7.80e-05	1.68e-03	1.07e-02	2.51e-02	3.45e-02	3.44e-02	3.38e-02	2.71e-02	2.25e-02	2.76e-02	2.89e-01	3.09e-01	1.59e-01	2.38e-02	1.83e-03	1.20e-04	7.65e-06	4.91e-07	0.00e+00	0.00e+00	0.00e+00
 9.77773e+22	1.18e-31	1.79e-18	1.40e-14	2.14e-11	6.30e-09	1.02e-06	9.74e-05	2.09e-03	1.30e-02	2.99e-02	4.00e-02	3.89e-02	3.72e-02	2.91e-02	2.36e-02	2.85e-02	2.88e-01	2.98e-01	1.48e-01	2.14e-02	1.60e-03	1.03e-04	6.39e-06	4.01e-07	0.00e+00	0.00e+00	0.00e+00
 9.81883e+22	1.56e-31	2.28e-18	1.74e-14	2.61e-11	7.62e-09	1.22e-06	1.17e-04	2.50e-03	1.52e-02	3.45e-02	4.53e-02	4.29e-02	4.02e-02	3.08e-02	2.45e-02	2.91e-02	2.87e-01	2.88e-01	1.39e-01	1.96e-02	1.42e-03	8.92e-05	5.46e-06	3.37e-07	0.00e+00	0.00e+00	0.00e+00
 9.86159e+22	2.21e-31	3.08e-18	2.29e-14	3.36e-11	9.63e-09	1.53e-06	1.47e-04	3.11e-03	1.85e-02	4.11e-02	5.24e-02	4.83e-02	4.40e-02	3.28e-02	2.55e-02	2.97e-02	2.83e-01	2.74e-01	1.28e-01	1.74e-02	1.23e-03	7.48e-05	4.47e-06	2.71e-07	0.00e+00	0.00e+00	0.00e+00
 9.90547e+22	2.95e-31	3.94e-18	2.86e-14	4.13e-11	1.17e-08	1.84e-06	1.77e-04	3.73e-03	2.17e-02	4.72e-02	5.90e-02	5.31e-02	4.72e-02	3.45e-02	2.62e-02	3.01e-02	2.79e-01	2.62e-01	1.19e-01	1.57e-02	1.07e-03	6.42e-05	3.77e-06	2.24e-07	0.00e+00	0.00e+00	0.00e+00
 9.95080e+22	4.20e-31	5.34e-18	3.77e-14	5.32e-11	1.48e-08	2.31e-06	2.22e-04	4.63e-03	2.63e-02	5.58e-02	6.78e-02	5.93e-02	5.12e-02	3.64e-02	2.70e-02	3.04e-02	2.72e-01	2.46e-01	1.08e-01	1.37e-02	9.09e-04	5.28e-05	3.03e-06	1.76e-07	0.00e+00	0.00e+00	0.00e+00
 9.99756e+22	5.65e-31	6.88e-18	4.75e-14	6.56e-11	1.80e-08	2.79e-06	2.68e-04	5.54e-03	3.07e-02	6.40e-02	7.58e-02	6.46e-02	5.45e-02	3.79e-02	2.75e-02	3.05e-02	2.64e-01	2.32e-01	9.89e-02	1.22e-02	7.83e-04	4.45e-05	2.50e-06	1.43e-07	0.00e+00	0.00e+00	0.00e+00
 1.00462e+23	8.14e-31	9.38e-18	6.29e-14	8.49e-11	2.29e-08	3.50e-06	3.36e-04	6.86e-03	3.70e-02	7.51e-02	8.63e-02	7.14e-02	5.84e-02	3.94e-02	2.79e-02	3.03e-02	2.54e-01	2.14e-01	8.79e-02	1.04e-02	6.47e-04	3.58e-05	1.96e-06	1.10e-07	0.00e+00	0.00e+00	0.00e+00
 1.00965e+23	1.10e-30	1.21e-17	7.94e-14	1.05e-10	2.79e-08	4.23e-06	4.05e-04	8.19e-03	4.31e-02	8.55e-02	9.58e-02	7.71e-02	6.15e-02	4.05e-02	2.81e-02	3.00e-02	2.43e-01	1.99e-01	7.88e-02	9.06e-03	5.45e-04	2.94e-05	1.58e-06	0.00e+00	0.00e+00	0.00e+00	0.00e+00
 1.01419e+23	1.47e-30	1.55e-17	9.92e-14	1.29e-10	3.36e-08	5.06e-06	4.83e-04	9.65e-03	4.96e-02	9.63e-02	1.05e-01	8.26e-02	6.42e-02	4.13e-02	2.80e-02	2.94e-02	2.31e-01	1.83e-01	7.05e-02	7.86e-03	4.59e-04	2.42e-05	1.28e-06	0.00e+00	0.00e+00	0.00e+00	0.00e+00
 1.01941e+23	2.11e-30	2.11e-17	1.31e-13	1.65e-10	4.24e-08	6.29e-06	5.99e-04	1.18e-02	5.87e-02	1.11e-01	1.17e-01	8.91e-02	6.71e-02	4.20e-02	2.77e-02	2.85e-02	2.15e-01	1.64e-01	6.06e-02	6.49e-03	3.65e-04	1.88e-05	9.65e-07	0.00e+00	0.00e+00	0.00e+00	0.00e+00
 1.02474e+23	2.83e-30	2.69e-17	1.63e-13	2.02e-10	5.09e-08	7.48e-06	7.10e-04	1.38e-02	6.70e-02	1.24e-01	1.27e-01	9.41e-02	6.90e-02	4.21e-02	2.71e-02	2.75e-02	2.01e-01	1.48e-01	5.29e-02	5.48e-03	3.00e-04	1.50e-05	7.57e-07	0.00e+00	0.00e+00	0.00e+00	0.00e+00
 1.03020e+23	4.03e-30	3.62e-17	2.12e-13	2.56e-10	6.35e-08	9.21e-06	8.69e-04	1.66e-02	7.81e-02	1.40e-01	1.39e-01	9.96e-02	7.07e-02	4.19e-02	2.62e-02	2.60e-02	1.83e-01	1.29e-01	4.43e-02	4.40e-03	2.32e-04	1.13e-05	5.53e-07	0.00e+00	0.00e+00	0.00e+00	0.00e+00
 1.03574e+23	5.32e-30	4.57e-17	2.61e-13	3.09e-10	7.55e-08	1.08e-05	1.02e-03	1.92e-02	8.79e-02	1.54e-01	1.49e-01	1.03e-01	7.15e-02	4.13e-02	2.52e-02	2.46e-02	1.68e-01	1.14e-01	3.79e-02	3.64e-03	1.86e-04	8.83e-06	4.24e-07	0.00e+00	0.00e+00	0.00e+00	0.00e+00
 1.04137e+23	7.48e-30	6.05e-17	3.35e-13	3.87e-10	9.27e-08	1.31e-05	1.23e-03	2.28e-02	1.01e-01	1.71e-01	1.60e-01	1.07e-01	7.16e-02	4.00e-02	2.38e-02	2.27e-02	1.48e-01	9.65e-02	3.07e-02	2.83e-03	1.39e-04	6.41e-06	2.99e-07	0.00e+00	0.00e+00	0.00e+00	0.00e+00
 1.04706e+23	9.72e-30	7.52e-17	4.06e-13	4.59e-10	1.08e-07	1.52e-05	1.42e-03	2.60e-02	1.12e-01	1.85e-01	1.68e-01	1.09e-01	7.11e-02	3.88e-02	2.25e-02	2.11e-02	1.34e-01	8.38e-02	2.58e-02	2.29e-03	1.09e-04	4.91e-06	2.25e-07	0.00e+00	0.00e+00	0.00e+00	0.00e+00
 1.05283e+23	1.34e-29	9.76e-17	5.11e-13	5.63e-10	1.31e-07	1.81e-05	1.69e-03	3.04e-02	1.26e-01	2.02e-01	1.77e-01	1.11e-01	6.96e-02	3.67e-02	2.07e-02	1.91e-02	1.15e-01	6.90e-02	2.03e-02	1.72e-03	7.89e-05	3.44e-06	1.53e-07	0.00e+00	0.00e+00	0.00e+00	0.00e+00
 1.05864e+23	1.70e-29	1.19e-16	6.09e-13	6.58e-10	1.51e-07	2.07e-05	1.92e-03	3.40e-02	1.37e-01	2.14e-01	1.83e-01	1.11e-01	6.79e-02	3.50e-02	1.93e-02	1.75e-02	1.02e-01	5.89e-02	1.68e-02	1.37e-03	6.10e-05	2.60e-06	0.00e+00	0.00e+00	0.00e+00	0.00e+00	0.00e+00
 1.06348e+23	2.11e-29	1.42e-16	7.10e-13	7.54e-10	1.71e-07	2.32e-05	2.14e-03	3.75e-02	1.47e-01	2.25e-01	1.87e-01	1.11e-01	6.60e-02	3.32e-02	1.79e-02	1.60e-02	9.09e-02	5.08e-02	1.40e-02	1.11e-03	4.81e-05	2.00e-06	0.00e+00	0.00e+00	0.00e+00	0.00e+00	0.00e+00
 1.06879e+23	2.72e-29	1.74e-16	8.45e-13	8.79e-10	1.97e-07	2.65e-05	2.45e-03	4.24e-02	1.61e-01	2.39e-01	1.91e-01	1.10e-01	6.31e-02	3.08e-02	1.62e-02	1.42e-02	7.73e-02	4.13e-02	1.09e-02	8.29e-04	3.45e-05	1.39e-06	0.00e+00	0.00e+00	0.00e+00	0.00e+00	0.00e+00
 1.07403e+23	3.29e-29	2.04e-16	9.70e-13	9.93e-10	2.20e-07	2.94e-05	2.71e-03	4.62e-02	1.71e-01	2.48e-01	1.94e-01	1.08e-01	6.07e-02	2.90e-02	1.49e-02	1.30e-02	6.84e-02	3.54e-02	9.06e-03	6.68e-04	2.71e-05	1.07e-06	0.00e+00	0.00e+00	0.00e+00	0.00e+00	0.00e+00
 1.07918e+23	4.14e-29	2.45e-16	1.13e-12	1.14e-09	2.50e-07	3.32e-05	3.06e-03	5.13e-02	1.83e-01	2.59e-01	1.96e-01	1.05e-01	5.73e-02	2.66e-02	1.33e-02	1.14e-02	5.77e-02	2.86e-02	7.02e-03	4.97e-04	1.94e-05	7.45e-07	0.00e+00	0.00e+00	0.00e+00	0.00e+00	0.00e+00
 1.08442e+23	4.97e-29	2.85e-16	1.29e-12	1.28e-09	2.77e-07	3.65e-05	3.36e-03	5.56e-02	1.93e-01	2.67e-01	1.96e-01	1.03e-01	5.45e-02	2.47e-02	1.22e-02	1.03e-02	5.03e-02	2.41e-02	5.72e-03	3.92e-04	1.49e-05	5.59e-07	0.00e+00	0.00e+00	0.00e+00	0.00e+00	0.00e+00
 1.08977e+23	6.16e-29	3.39e-16	1.49e-12	1.45e-09	3.13e-07	4.10e-05	3.78e-03	6.16e-02	2.06e-01	2.76e-01	1.96e-01	9.89e-02	5.07e-02	2.23e-02	1.07e-02	8.90e-03	4.17e-02	1.90e-02	4.33e-03	2.84e-04	1.04e-05	3.77e-07	0.00e+00	0.00e+00	0.00e+00	0.00e+00	0.00e+00
 1.09519e+23	7.32e-29	3.91e-16	1.68e-12	1.62e-09	3.46e-07	4.50e-05	4.13e-03	6.64e-02	2.16e-01	2.82e-01	1.95e-01	9.56e-02	4.77e-02	2.05e-02	9.60e-03	7.92e-03	3.58e-02	1.58e-02	3.47e-03	2.20e-04	7.81e-06	2.78e-07	0.00e+00	0.00e+00	0.00e+00	0.00e+00	0.00e+00
 1.10069e+23	8.96e-29	4.63e-16	1.94e-12	1.83e-09	3.89e-07	5.04e-05	4.63e-03	7.30e-02	2.29e-01	2.89e-01	1.92e-01	9.08e-02	4.38e-02	1.82e-02	8.31e-03	6.77e-03	2.92e-02	1.23e-02	2.58e-03	1.56e-04	5.33e-06	1.84e-07	0.00e+00	0.00e+00	0.00e+00	0.00e+00	0.00e+00
 1.10629e+23	1.05e-28	5.28e-16	2.17e-12	2.02e-09	4.28e-07	5.52e-05	5.06e-03	7.86e-02	2.38e-01	2.94e-01	1.90e-01	8.68e-02	4.07e-02	1.65e-02	7.37e-03	5.95e-03	2.47e-02	9.99e-03	2.03e-03	1.18e-04	3.91e-06	1.31e-07	0.00e+00	0.00e+00	0.00e+00	0.00e+00	0.00e+00
 1.11202e+23	1.28e-28	6.20e-16	2.48e-12	2.28e-09	4.82e-07	6.18e-05	5.66e-03	8.62e-02	2.51e-01	2.99e-01	1.85e-01	8.14e-02	3.67e-02	1.44e-02	6.27e-03	5.00e-03	1.98e-02	7.60e-03	1.47e-03	8.13e-05	2.59e-06	0.00e+00	0.00e+00	0.00e+00	0.00e+00	0.00e+00	0.00e+00
 1.11787e+23	1.49e-28	7.05e-16	2.76e-12	2.52e-09	5.31e-07	6.77e-05	6.19e-03	9.27e-02	2.60e-01	3.02e-01	1.81e-01	7.71e-02	3.37e-02	1.29e-02	5.48e-03	4.34e-03	1.65e-02	6.07e-03	1.13e-03	6.01e-05	1.85e-06	0.00e+00	0.00e+00	0.00e+00	0.00e+00	0.00e+00	0.00e+00
