#depth	C	C+	C+2	C+3	C+4	C+5	C+6	C[1]	C[2]	C[3]	C+[1]	C+[2]	CO
 4.62852e+21	0.00e+00	2.84e-27	1.11e-20	5.03e-15	2.94e-09	9.49e-05	1.00e+00	0.00e+00	0.00e+00	0.00e+00	0.00e+00	0.00e+00	1.07e-129
 1.05296e+22	0.00e+00	1.74e-26	4.80e-20	1.53e-14	6.12e-09	1.36e-04	1.00e+00	0.00e+00	0.00e+00	0.00e+00	0.00e+00	0.00e+00	5.42e-124
 1.26569e+22	0.00e+00	5.82e-26	1.27e-19	3.21e-14	9.98e-09	1.72e-04	1.00e+00	0.00e+00	0.00e+00	0.00e+00	0.00e+00	0.00e+00	9.07e-114
 1.41953e+22	0.00e+00	1.52e-25	2.77e-19	5.82e-14	1.48e-08	2.08e-04	1.00e+00	0.00e+00	0.00e+00	0.00e+00	0.00e+00	0.00e+00	1.33e-113
 1.50500e+22	0.00e+00	1.94e-25	3.37e-19	6.76e-14	1.63e-08	2.18e-04	1.00e+00	0.00e+00	0.00e+00	0.00e+00	0.00e+00	0.00e+00	5.25e-93
 1.54431e+22	0.00e+00	2.65e-25	4.33e-19	8.19e-14	1.85e-08	2.32e-04	1.00e+00	0.00e+00	0.00e+00	0.00e+00	0.00e+00	0.00e+00	2.32e-93
 1.58619e+22	1.96e-33	3.45e-25	5.38e-19	9.68e-14	2.06e-08	2.44e-04	1.00e+00	0.00e+00	0.00e+00	0.00e+00	0.00e+00	0.00e+00	4.27e-92
 1.63139e+22	3.00e-33	4.94e-25	7.19e-19	1.21e-13	2.38e-08	2.62e-04	1.00e+00	0.00e+00	0.00e+00	0.00e+00	0.00e+00	0.00e+00	1.71e-92
 1.67700e+22	4.16e-33	6.52e-25	8.99e-19	1.44e-13	2.67e-08	2.77e-04	1.00e+00	0.00e+00	0.00e+00	0.00e+00	0.00e+00	0.00e+00	4.91e-91
 1.72314e+22	6.37e-33	9.32e-25	1.20e-18	1.80e-13	3.09e-08	2.97e-04	1.00e+00	0.00e+00	0.00e+00	0.00e+00	0.00e+00	0.00e+00	1.01e-90
 1.76592e+22	8.59e-33	1.20e-24	1.47e-18	2.10e-13	3.42e-08	3.12e-04	1.00e+00	0.00e+00	0.00e+00	0.00e+00	0.00e+00	0.00e+00	2.59e-90
 1.79862e+22	1.13e-32	1.51e-24	1.77e-18	2.42e-13	3.76e-08	3.26e-04	1.00e+00	0.00e+00	0.00e+00	0.00e+00	0.00e+00	0.00e+00	7.03e-90
 1.83540e+22	1.56e-32	1.98e-24	2.22e-18	2.88e-13	4.21e-08	3.44e-04	1.00e+00	0.00e+00	0.00e+00	0.00e+00	0.00e+00	0.00e+00	5.92e-90
 1.87423e+22	2.11e-32	2.55e-24	2.72e-18	3.37e-13	4.67e-08	3.61e-04	1.00e+00	0.00e+00	0.00e+00	0.00e+00	0.00e+00	0.00e+00	7.82e-90
 1.90907e+22	2.79e-32	3.23e-24	3.31e-18	3.91e-13	5.15e-08	3.79e-04	1.00e+00	0.00e+00	0.00e+00	0.00e+00	0.00e+00	0.00e+00	4.69e-89
 1.94769e+22	3.92e-32	4.30e-24	4.18e-18	4.69e-13	5.80e-08	4.00e-04	1.00e+00	0.00e+00	0.00e+00	0.00e+00	0.00e+00	0.00e+00	1.27e-88
 1.98804e+22	5.40e-32	5.62e-24	5.19e-18	5.54e-13	6.47e-08	4.22e-04	1.00e+00	0.00e+00	0.00e+00	0.00e+00	0.00e+00	0.00e+00	2.81e-88
 2.02265e+22	7.11e-32	7.08e-24	6.25e-18	6.41e-13	7.12e-08	4.42e-04	1.00e+00	0.00e+00	0.00e+00	0.00e+00	0.00e+00	0.00e+00	6.78e-88
 2.05963e+22	9.84e-32	9.31e-24	7.82e-18	7.63e-13	7.98e-08	4.66e-04	1.00e+00	0.00e+00	0.00e+00	0.00e+00	0.00e+00	0.00e+00	4.55e-88
 2.09586e+22	1.29e-31	1.17e-23	9.41e-18	8.79e-13	8.76e-08	4.88e-04	1.00e+00	0.00e+00	0.00e+00	0.00e+00	0.00e+00	0.00e+00	8.34e-88
 2.12485e+22	1.63e-31	1.42e-23	1.10e-17	9.95e-13	9.50e-08	5.07e-04	9.99e-01	0.00e+00	0.00e+00	0.00e+00	0.00e+00	0.00e+00	1.07e-87
 2.15627e+22	2.14e-31	1.79e-23	1.33e-17	1.15e-12	1.04e-07	5.30e-04	9.99e-01	0.00e+00	0.00e+00	0.00e+00	0.00e+00	0.00e+00	1.03e-86
 2.19046e+22	2.79e-31	2.24e-23	1.59e-17	1.33e-12	1.15e-07	5.54e-04	9.99e-01	0.00e+00	0.00e+00	0.00e+00	0.00e+00	0.00e+00	1.30e-86
 2.22239e+22	3.62e-31	2.78e-23	1.90e-17	1.52e-12	1.25e-07	5.79e-04	9.99e-01	0.00e+00	0.00e+00	0.00e+00	0.00e+00	0.00e+00	2.45e-86
 2.25231e+22	4.61e-31	3.40e-23	2.24e-17	1.73e-12	1.36e-07	6.02e-04	9.99e-01	0.00e+00	0.00e+00	0.00e+00	0.00e+00	0.00e+00	5.63e-86
 2.28547e+22	6.11e-31	4.32e-23	2.73e-17	2.02e-12	1.51e-07	6.31e-04	9.99e-01	0.00e+00	0.00e+00	0.00e+00	0.00e+00	0.00e+00	3.24e-86
 2.32055e+22	8.06e-31	5.45e-23	3.29e-17	2.33e-12	1.66e-07	6.61e-04	9.99e-01	0.00e+00	0.00e+00	0.00e+00	0.00e+00	0.00e+00	1.34e-85
 2.35153e+22	1.03e-30	6.71e-23	3.89e-17	2.66e-12	1.81e-07	6.88e-04	9.99e-01	0.00e+00	0.00e+00	0.00e+00	0.00e+00	0.00e+00	1.35e-85
 2.38050e+22	1.31e-30	8.20e-23	4.58e-17	3.01e-12	1.97e-07	7.16e-04	9.99e-01	0.00e+00	0.00e+00	0.00e+00	0.00e+00	0.00e+00	1.98e-85
 2.40767e+22	1.62e-30	9.79e-23	5.29e-17	3.37e-12	2.12e-07	7.42e-04	9.99e-01	0.00e+00	0.00e+00	0.00e+00	0.00e+00	0.00e+00	5.38e-85
 2.43725e+22	2.08e-30	1.21e-22	6.30e-17	3.86e-12	2.31e-07	7.73e-04	9.99e-01	0.00e+00	0.00e+00	0.00e+00	0.00e+00	0.00e+00	4.83e-85
 2.46837e+22	2.65e-30	1.48e-22	7.43e-17	4.39e-12	2.52e-07	8.05e-04	9.99e-01	0.00e+00	0.00e+00	0.00e+00	0.00e+00	0.00e+00	7.25e-85
 2.49578e+22	3.30e-30	1.79e-22	8.63e-17	4.93e-12	2.72e-07	8.35e-04	9.99e-01	0.00e+00	0.00e+00	0.00e+00	0.00e+00	0.00e+00	6.77e-84
 2.52572e+22	4.28e-30	2.22e-22	1.03e-16	5.67e-12	2.98e-07	8.72e-04	9.99e-01	0.00e+00	0.00e+00	0.00e+00	0.00e+00	0.00e+00	3.55e-84
 2.55656e+22	5.44e-30	2.71e-22	1.21e-16	6.42e-12	3.24e-07	9.07e-04	9.99e-01	0.00e+00	0.00e+00	0.00e+00	0.00e+00	0.00e+00	1.52e-83
 2.58297e+22	6.72e-30	3.24e-22	1.40e-16	7.18e-12	3.48e-07	9.40e-04	9.99e-01	0.00e+00	0.00e+00	0.00e+00	0.00e+00	0.00e+00	3.37e-83
 2.61170e+22	8.61e-30	4.00e-22	1.66e-16	8.20e-12	3.80e-07	9.79e-04	9.99e-01	0.00e+00	0.00e+00	0.00e+00	0.00e+00	0.00e+00	2.15e-83
 2.64239e+22	1.09e-29	4.88e-22	1.95e-16	9.30e-12	4.13e-07	1.02e-03	9.99e-01	0.00e+00	0.00e+00	0.00e+00	0.00e+00	0.00e+00	2.76e-83
 2.66832e+22	1.34e-29	5.78e-22	2.24e-16	1.03e-11	4.43e-07	1.05e-03	9.99e-01	0.00e+00	0.00e+00	0.00e+00	0.00e+00	0.00e+00	1.75e-82
 2.69085e+22	1.60e-29	6.73e-22	2.54e-16	1.14e-11	4.73e-07	1.09e-03	9.99e-01	0.00e+00	0.00e+00	0.00e+00	0.00e+00	0.00e+00	1.01e-82
 2.71624e+22	1.98e-29	8.06e-22	2.94e-16	1.28e-11	5.10e-07	1.13e-03	9.99e-01	0.00e+00	0.00e+00	0.00e+00	0.00e+00	0.00e+00	7.75e-82
 2.74417e+22	2.47e-29	9.68e-22	3.41e-16	1.43e-11	5.50e-07	1.17e-03	9.99e-01	0.00e+00	0.00e+00	0.00e+00	0.00e+00	0.00e+00	4.96e-82
 2.77005e+22	3.04e-29	1.15e-21	3.92e-16	1.60e-11	5.91e-07	1.21e-03	9.99e-01	0.00e+00	0.00e+00	0.00e+00	0.00e+00	0.00e+00	1.26e-81
 2.79461e+22	3.72e-29	1.36e-21	4.50e-16	1.78e-11	6.35e-07	1.25e-03	9.99e-01	0.00e+00	0.00e+00	0.00e+00	0.00e+00	0.00e+00	2.54e-81
 2.82282e+22	4.77e-29	1.68e-21	5.34e-16	2.03e-11	6.93e-07	1.30e-03	9.99e-01	0.00e+00	0.00e+00	0.00e+00	0.00e+00	0.00e+00	4.42e-81
 2.85096e+22	5.86e-29	2.00e-21	6.14e-16	2.26e-11	7.45e-07	1.35e-03	9.99e-01	0.00e+00	0.00e+00	0.00e+00	0.00e+00	0.00e+00	2.11e-80
 2.87474e+22	7.10e-29	2.34e-21	6.99e-16	2.50e-11	7.97e-07	1.39e-03	9.99e-01	0.00e+00	0.00e+00	0.00e+00	0.00e+00	0.00e+00	3.40e-80
 2.90137e+22	8.92e-29	2.84e-21	8.17e-16	2.83e-11	8.64e-07	1.45e-03	9.99e-01	0.00e+00	0.00e+00	0.00e+00	0.00e+00	0.00e+00	5.99e-80
 2.92968e+22	1.11e-28	3.40e-21	9.47e-16	3.17e-11	9.32e-07	1.50e-03	9.98e-01	0.00e+00	0.00e+00	0.00e+00	0.00e+00	0.00e+00	1.03e-79
 2.95524e+22	1.36e-28	4.04e-21	1.09e-15	3.52e-11	1.00e-06	1.56e-03	9.98e-01	0.00e+00	0.00e+00	0.00e+00	0.00e+00	0.00e+00	1.71e-79
 2.97859e+22	1.64e-28	4.72e-21	1.23e-15	3.88e-11	1.07e-06	1.60e-03	9.98e-01	0.00e+00	0.00e+00	0.00e+00	0.00e+00	0.00e+00	2.71e-79
 3.00398e+22	2.03e-28	5.65e-21	1.43e-15	4.36e-11	1.15e-06	1.66e-03	9.98e-01	0.00e+00	0.00e+00	0.00e+00	0.00e+00	0.00e+00	4.62e-79
 3.03110e+22	2.51e-28	6.73e-21	1.64e-15	4.86e-11	1.24e-06	1.72e-03	9.98e-01	0.00e+00	0.00e+00	0.00e+00	0.00e+00	0.00e+00	7.80e-79
 3.05546e+22	3.04e-28	7.91e-21	1.87e-15	5.38e-11	1.33e-06	1.78e-03	9.98e-01	0.00e+00	0.00e+00	0.00e+00	0.00e+00	0.00e+00	1.26e-78
 3.08215e+22	3.82e-28	9.58e-21	2.19e-15	6.07e-11	1.44e-06	1.85e-03	9.98e-01	0.00e+00	0.00e+00	0.00e+00	0.00e+00	0.00e+00	2.23e-78
 3.11031e+22	4.76e-28	1.15e-20	2.53e-15	6.80e-11	1.56e-06	1.92e-03	9.98e-01	0.00e+00	0.00e+00	0.00e+00	0.00e+00	0.00e+00	3.84e-78
 3.13462e+22	5.77e-28	1.35e-20	2.88e-15	7.50e-11	1.66e-06	1.99e-03	9.98e-01	0.00e+00	0.00e+00	0.00e+00	0.00e+00	0.00e+00	6.20e-78
 3.15667e+22	6.89e-28	1.57e-20	3.25e-15	8.24e-11	1.77e-06	2.05e-03	9.98e-01	0.00e+00	0.00e+00	0.00e+00	0.00e+00	0.00e+00	9.65e-78
 3.18154e+22	8.52e-28	1.87e-20	3.75e-15	9.22e-11	1.91e-06	2.12e-03	9.98e-01	0.00e+00	0.00e+00	0.00e+00	0.00e+00	0.00e+00	1.64e-77
 3.20821e+22	1.05e-27	2.22e-20	4.30e-15	1.02e-10	2.05e-06	2.20e-03	9.98e-01	0.00e+00	0.00e+00	0.00e+00	0.00e+00	0.00e+00	2.74e-77
 3.23264e+22	1.27e-27	2.60e-20	4.90e-15	1.13e-10	2.20e-06	2.27e-03	9.98e-01	0.00e+00	0.00e+00	0.00e+00	0.00e+00	0.00e+00	4.42e-77
 3.25984e+22	1.61e-27	3.16e-20	5.73e-15	1.28e-10	2.39e-06	2.37e-03	9.98e-01	0.00e+00	0.00e+00	0.00e+00	0.00e+00	0.00e+00	8.01e-77
 3.28803e+22	2.01e-27	3.80e-20	6.64e-15	1.43e-10	2.58e-06	2.46e-03	9.98e-01	0.00e+00	0.00e+00	0.00e+00	0.00e+00	0.00e+00	1.39e-76
 3.31131e+22	2.41e-27	4.42e-20	7.48e-15	1.57e-10	2.74e-06	2.54e-03	9.97e-01	0.00e+00	0.00e+00	0.00e+00	0.00e+00	0.00e+00	2.20e-76
 3.33539e+22	2.96e-27	5.25e-20	8.59e-15	1.74e-10	2.95e-06	2.63e-03	9.97e-01	0.00e+00	0.00e+00	0.00e+00	0.00e+00	0.00e+00	3.70e-76
 3.36137e+22	3.63e-27	6.21e-20	9.82e-15	1.93e-10	3.16e-06	2.73e-03	9.97e-01	0.00e+00	0.00e+00	0.00e+00	0.00e+00	0.00e+00	6.16e-76
 3.38547e+22	4.41e-27	7.28e-20	1.11e-14	2.12e-10	3.38e-06	2.82e-03	9.97e-01	0.00e+00	0.00e+00	0.00e+00	0.00e+00	0.00e+00	1.00e-75
 3.41242e+22	5.63e-27	8.90e-20	1.31e-14	2.40e-10	3.68e-06	2.95e-03	9.97e-01	0.00e+00	0.00e+00	0.00e+00	0.00e+00	0.00e+00	1.86e-75
 3.43972e+22	6.91e-27	1.05e-19	1.49e-14	2.65e-10	3.95e-06	3.06e-03	9.97e-01	0.00e+00	0.00e+00	0.00e+00	0.00e+00	0.00e+00	3.11e-75
 3.46242e+22	8.30e-27	1.22e-19	1.68e-14	2.90e-10	4.20e-06	3.16e-03	9.97e-01	0.00e+00	0.00e+00	0.00e+00	0.00e+00	0.00e+00	4.94e-75
 3.48688e+22	1.03e-26	1.46e-19	1.94e-14	3.23e-10	4.53e-06	3.28e-03	9.97e-01	0.00e+00	0.00e+00	0.00e+00	0.00e+00	0.00e+00	8.51e-75
 3.51267e+22	1.26e-26	1.73e-19	2.21e-14	3.56e-10	4.85e-06	3.40e-03	9.97e-01	0.00e+00	0.00e+00	0.00e+00	0.00e+00	0.00e+00	1.43e-74
 3.53563e+22	1.52e-26	2.01e-19	2.49e-14	3.89e-10	5.17e-06	3.52e-03	9.96e-01	0.00e+00	0.00e+00	0.00e+00	0.00e+00	0.00e+00	2.30e-74
 3.56091e+22	1.92e-26	2.43e-19	2.88e-14	4.34e-10	5.59e-06	3.67e-03	9.96e-01	0.00e+00	0.00e+00	0.00e+00	0.00e+00	0.00e+00	4.15e-74
 3.58700e+22	2.36e-26	2.86e-19	3.28e-14	4.78e-10	5.98e-06	3.80e-03	9.96e-01	0.00e+00	0.00e+00	0.00e+00	0.00e+00	0.00e+00	6.95e-74
 3.60936e+22	2.84e-26	3.33e-19	3.68e-14	5.20e-10	6.36e-06	3.93e-03	9.96e-01	0.00e+00	0.00e+00	0.00e+00	0.00e+00	0.00e+00	1.12e-73
 3.63020e+22	3.36e-26	3.82e-19	4.10e-14	5.63e-10	6.73e-06	4.06e-03	9.96e-01	0.00e+00	0.00e+00	0.00e+00	0.00e+00	0.00e+00	1.72e-73
 3.65388e+22	4.18e-26	4.55e-19	4.69e-14	6.21e-10	7.23e-06	4.22e-03	9.96e-01	0.00e+00	0.00e+00	0.00e+00	0.00e+00	0.00e+00	3.01e-73
 3.67866e+22	5.12e-26	5.36e-19	5.32e-14	6.80e-10	7.72e-06	4.38e-03	9.96e-01	0.00e+00	0.00e+00	0.00e+00	0.00e+00	0.00e+00	5.08e-73
 3.70051e+22	6.17e-26	6.23e-19	5.97e-14	7.39e-10	8.21e-06	4.53e-03	9.95e-01	0.00e+00	0.00e+00	0.00e+00	0.00e+00	0.00e+00	8.17e-73
 3.72455e+22	7.78e-26	7.50e-19	6.89e-14	8.20e-10	8.85e-06	4.73e-03	9.95e-01	0.00e+00	0.00e+00	0.00e+00	0.00e+00	0.00e+00	1.49e-72
 3.74823e+22	9.39e-26	8.71e-19	7.71e-14	8.87e-10	9.39e-06	4.90e-03	9.95e-01	0.00e+00	0.00e+00	0.00e+00	0.00e+00	0.00e+00	2.42e-72
 3.76794e+22	1.11e-25	9.93e-19	8.53e-14	9.54e-10	9.91e-06	5.05e-03	9.95e-01	0.00e+00	0.00e+00	0.00e+00	0.00e+00	0.00e+00	3.69e-72
 3.79004e+22	1.37e-25	1.18e-18	9.70e-14	1.04e-09	1.06e-05	5.26e-03	9.95e-01	0.00e+00	0.00e+00	0.00e+00	0.00e+00	0.00e+00	6.47e-72
 3.81292e+22	1.66e-25	1.37e-18	1.09e-13	1.13e-09	1.13e-05	5.45e-03	9.95e-01	0.00e+00	0.00e+00	0.00e+00	0.00e+00	0.00e+00	1.06e-71
 3.83337e+22	1.98e-25	1.58e-18	1.21e-13	1.22e-09	1.19e-05	5.63e-03	9.94e-01	0.00e+00	0.00e+00	0.00e+00	0.00e+00	0.00e+00	1.70e-71
 3.85651e+22	2.50e-25	1.90e-18	1.39e-13	1.34e-09	1.28e-05	5.88e-03	9.94e-01	0.00e+00	0.00e+00	0.00e+00	0.00e+00	0.00e+00	3.11e-71
 3.87930e+22	3.01e-25	2.19e-18	1.54e-13	1.44e-09	1.36e-05	6.09e-03	9.94e-01	0.00e+00	0.00e+00	0.00e+00	0.00e+00	0.00e+00	5.05e-71
 3.89823e+22	3.54e-25	2.49e-18	1.70e-13	1.54e-09	1.43e-05	6.28e-03	9.94e-01	0.00e+00	0.00e+00	0.00e+00	0.00e+00	0.00e+00	7.71e-71
 3.91943e+22	4.38e-25	2.95e-18	1.93e-13	1.68e-09	1.53e-05	6.54e-03	9.93e-01	0.00e+00	0.00e+00	0.00e+00	0.00e+00	0.00e+00	1.36e-70
 3.94124e+22	5.27e-25	3.40e-18	2.14e-13	1.80e-09	1.61e-05	6.78e-03	9.93e-01	0.00e+00	0.00e+00	0.00e+00	0.00e+00	0.00e+00	2.22e-70
 3.96067e+22	6.28e-25	3.91e-18	2.37e-13	1.93e-09	1.70e-05	7.01e-03	9.93e-01	0.00e+00	0.00e+00	0.00e+00	0.00e+00	0.00e+00	3.54e-70
 3.98274e+22	7.91e-25	4.68e-18	2.71e-13	2.11e-09	1.83e-05	7.33e-03	9.93e-01	0.00e+00	0.00e+00	0.00e+00	0.00e+00	0.00e+00	6.56e-70
 4.00429e+22	9.39e-25	5.35e-18	2.99e-13	2.25e-09	1.93e-05	7.57e-03	9.92e-01	0.00e+00	0.00e+00	0.00e+00	0.00e+00	0.00e+00	1.03e-69
 4.02518e+22	1.17e-24	6.32e-18	3.38e-13	2.44e-09	2.06e-05	7.89e-03	9.92e-01	0.00e+00	0.00e+00	0.00e+00	0.00e+00	0.00e+00	1.85e-69
 4.04655e+22	1.39e-24	7.28e-18	3.75e-13	2.62e-09	2.17e-05	8.17e-03	9.92e-01	0.00e+00	0.00e+00	0.00e+00	0.00e+00	0.00e+00	2.99e-69
 4.06544e+22	1.67e-24	8.35e-18	4.15e-13	2.79e-09	2.29e-05	8.45e-03	9.92e-01	0.00e+00	0.00e+00	0.00e+00	0.00e+00	0.00e+00	4.83e-69
 4.08405e+22	1.98e-24	9.54e-18	4.57e-13	2.98e-09	2.42e-05	8.74e-03	9.91e-01	0.00e+00	0.00e+00	0.00e+00	0.00e+00	0.00e+00	7.65e-69
 4.10540e+22	2.46e-24	1.13e-17	5.17e-13	3.22e-09	2.58e-05	9.11e-03	9.91e-01	0.00e+00	0.00e+00	0.00e+00	0.00e+00	0.00e+00	1.38e-68
 4.12724e+22	2.98e-24	1.31e-17	5.76e-13	3.45e-09	2.73e-05	9.46e-03	9.91e-01	0.00e+00	0.00e+00	0.00e+00	0.00e+00	0.00e+00	2.33e-68
 4.14620e+22	3.57e-24	1.51e-17	6.37e-13	3.68e-09	2.88e-05	9.80e-03	9.90e-01	0.00e+00	0.00e+00	0.00e+00	0.00e+00	0.00e+00	3.80e-68
 4.16454e+22	4.27e-24	1.73e-17	7.03e-13	3.92e-09	3.04e-05	1.01e-02	9.90e-01	0.00e+00	0.00e+00	0.00e+00	0.00e+00	0.00e+00	6.19e-68
 4.18554e+22	5.33e-24	2.05e-17	7.97e-13	4.25e-09	3.25e-05	1.06e-02	9.89e-01	0.00e+00	0.00e+00	0.00e+00	0.00e+00	0.00e+00	1.13e-67
 4.20708e+22	6.43e-24	2.37e-17	8.84e-13	4.54e-09	3.44e-05	1.10e-02	9.89e-01	0.00e+00	0.00e+00	0.00e+00	0.00e+00	0.00e+00	1.90e-67
 4.22931e+22	8.18e-24	2.86e-17	1.01e-12	4.93e-09	3.70e-05	1.15e-02	9.88e-01	0.00e+00	0.00e+00	0.00e+00	0.00e+00	0.00e+00	3.68e-67
 4.25170e+22	9.97e-24	3.33e-17	1.13e-12	5.28e-09	3.92e-05	1.20e-02	9.88e-01	0.00e+00	0.00e+00	0.00e+00	0.00e+00	0.00e+00	6.33e-67
 4.27008e+22	1.18e-23	3.79e-17	1.24e-12	5.59e-09	4.13e-05	1.24e-02	9.88e-01	0.00e+00	0.00e+00	0.00e+00	0.00e+00	0.00e+00	1.01e-66
 4.28975e+22	1.47e-23	4.48e-17	1.40e-12	6.03e-09	4.40e-05	1.29e-02	9.87e-01	0.00e+00	0.00e+00	0.00e+00	0.00e+00	0.00e+00	1.85e-66
 4.30981e+22	1.77e-23	5.16e-17	1.54e-12	6.41e-09	4.65e-05	1.34e-02	9.87e-01	0.00e+00	0.00e+00	0.00e+00	5.16e-17	5.74e-26	3.08e-66
 4.32610e+22	2.06e-23	5.80e-17	1.68e-12	6.74e-09	4.86e-05	1.38e-02	9.86e-01	0.00e+00	0.00e+00	0.00e+00	5.80e-17	7.00e-24	4.70e-66
 4.34302e+22	2.49e-23	6.72e-17	1.86e-12	7.18e-09	5.15e-05	1.43e-02	9.86e-01	0.00e+00	0.00e+00	0.00e+00	6.72e-17	8.10e-24	8.00e-66
 4.35918e+22	2.87e-23	7.50e-17	2.01e-12	7.52e-09	5.37e-05	1.47e-02	9.85e-01	0.00e+00	0.00e+00	0.00e+00	7.50e-17	9.04e-24	1.19e-65
 4.37219e+22	3.31e-23	8.35e-17	2.17e-12	7.87e-09	5.60e-05	1.51e-02	9.85e-01	0.00e+00	0.00e+00	0.00e+00	8.35e-17	1.01e-23	1.76e-65
 4.38493e+22	3.78e-23	9.25e-17	2.34e-12	8.22e-09	5.82e-05	1.55e-02	9.84e-01	0.00e+00	0.00e+00	0.00e+00	9.25e-17	1.12e-23	2.55e-65
 4.39739e+22	4.29e-23	1.02e-16	2.50e-12	8.56e-09	6.04e-05	1.58e-02	9.84e-01	0.00e+00	0.00e+00	0.00e+00	1.02e-16	1.23e-23	3.62e-65
 4.41145e+22	5.08e-23	1.16e-16	2.74e-12	9.04e-09	6.35e-05	1.64e-02	9.84e-01	0.00e+00	0.00e+00	0.00e+00	1.16e-16	1.40e-23	5.81e-65
 4.42545e+22	5.80e-23	1.28e-16	2.95e-12	9.43e-09	6.61e-05	1.68e-02	9.83e-01	0.00e+00	0.00e+00	0.00e+00	1.28e-16	1.55e-23	8.42e-65
 4.43934e+22	6.86e-23	1.46e-16	3.23e-12	9.96e-09	6.94e-05	1.73e-02	9.83e-01	0.00e+00	0.00e+00	0.00e+00	1.46e-16	1.76e-23	1.34e-64
 4.45283e+22	7.81e-23	1.61e-16	3.47e-12	1.04e-08	7.21e-05	1.78e-02	9.82e-01	0.00e+00	0.00e+00	0.00e+00	1.61e-16	1.95e-23	1.92e-64
 4.46394e+22	8.88e-23	1.78e-16	3.71e-12	1.08e-08	7.48e-05	1.82e-02	9.82e-01	0.00e+00	0.00e+00	0.00e+00	1.78e-16	2.15e-23	2.76e-64
 4.47487e+22	1.01e-22	1.96e-16	3.98e-12	1.12e-08	7.77e-05	1.86e-02	9.81e-01	0.00e+00	0.00e+00	0.00e+00	1.96e-16	2.37e-23	3.93e-64
 4.48740e+22	1.18e-22	2.22e-16	4.34e-12	1.18e-08	8.14e-05	1.92e-02	9.81e-01	0.00e+00	0.00e+00	0.00e+00	2.22e-16	2.68e-23	6.11e-64
 4.50022e+22	1.37e-22	2.47e-16	4.69e-12	1.24e-08	8.49e-05	1.97e-02	9.80e-01	0.00e+00	0.00e+00	0.00e+00	2.47e-16	2.99e-23	9.12e-64
 4.51064e+22	1.54e-22	2.71e-16	5.00e-12	1.28e-08	8.79e-05	2.01e-02	9.80e-01	0.00e+00	0.00e+00	0.00e+00	2.71e-16	3.28e-23	1.27e-63
 4.52140e+22	1.78e-22	3.03e-16	5.41e-12	1.34e-08	9.16e-05	2.07e-02	9.79e-01	0.00e+00	0.00e+00	0.00e+00	3.03e-16	3.66e-23	1.89e-63
 4.53264e+22	2.02e-22	3.34e-16	5.80e-12	1.40e-08	9.51e-05	2.11e-02	9.79e-01	0.00e+00	0.00e+00	0.00e+00	3.34e-16	4.03e-23	2.67e-63
 4.54290e+22	2.31e-22	3.71e-16	6.25e-12	1.46e-08	9.89e-05	2.17e-02	9.78e-01	0.00e+00	0.00e+00	0.00e+00	3.71e-16	4.48e-23	3.91e-63
 4.55282e+22	2.62e-22	4.08e-16	6.69e-12	1.51e-08	1.03e-04	2.21e-02	9.78e-01	0.00e+00	0.00e+00	0.00e+00	4.08e-16	4.94e-23	5.51e-63
 4.56387e+22	3.08e-22	4.62e-16	7.31e-12	1.59e-08	1.07e-04	2.28e-02	9.77e-01	0.00e+00	0.00e+00	0.00e+00	4.62e-16	5.59e-23	8.56e-63
 4.57521e+22	3.57e-22	5.18e-16	7.92e-12	1.67e-08	1.12e-04	2.34e-02	9.77e-01	0.00e+00	0.00e+00	0.00e+00	5.18e-16	6.26e-23	1.28e-62
 4.58507e+22	4.07e-22	5.73e-16	8.52e-12	1.74e-08	1.16e-04	2.39e-02	9.76e-01	0.00e+00	0.00e+00	0.00e+00	5.73e-16	6.93e-23	1.82e-62
 4.59603e+22	4.89e-22	6.61e-16	9.44e-12	1.84e-08	1.23e-04	2.47e-02	9.75e-01	0.00e+00	0.00e+00	0.00e+00	6.61e-16	8.00e-23	3.01e-62
 4.60704e+22	5.62e-22	7.36e-16	1.02e-11	1.93e-08	1.28e-04	2.52e-02	9.75e-01	0.00e+00	0.00e+00	0.00e+00	7.36e-16	8.91e-23	4.35e-62
 4.61663e+22	6.50e-22	8.25e-16	1.11e-11	2.02e-08	1.33e-04	2.59e-02	9.74e-01	0.00e+00	0.00e+00	0.00e+00	8.25e-16	9.98e-23	6.43e-62
 4.62613e+22	7.52e-22	9.24e-16	1.20e-11	2.12e-08	1.39e-04	2.65e-02	9.73e-01	0.00e+00	0.00e+00	0.00e+00	9.24e-16	1.12e-22	9.49e-62
 4.63695e+22	9.13e-22	1.08e-15	1.34e-11	2.26e-08	1.47e-04	2.73e-02	9.73e-01	0.00e+00	0.00e+00	0.00e+00	1.08e-15	1.30e-22	1.59e-61
 4.64778e+22	1.07e-21	1.22e-15	1.47e-11	2.38e-08	1.53e-04	2.80e-02	9.72e-01	0.00e+00	0.00e+00	0.00e+00	1.22e-15	1.47e-22	2.40e-61
 4.65695e+22	1.24e-21	1.37e-15	1.60e-11	2.50e-08	1.60e-04	2.87e-02	9.71e-01	0.00e+00	0.00e+00	0.00e+00	1.37e-15	1.66e-22	3.54e-61
 4.66718e+22	1.53e-21	1.62e-15	1.80e-11	2.69e-08	1.69e-04	2.96e-02	9.70e-01	0.00e+00	0.00e+00	0.00e+00	1.62e-15	1.96e-22	6.12e-61
 4.67722e+22	1.77e-21	1.81e-15	1.96e-11	2.83e-08	1.77e-04	3.03e-02	9.70e-01	0.00e+00	0.00e+00	0.00e+00	1.81e-15	2.20e-22	8.89e-61
 4.68702e+22	2.19e-21	2.15e-15	2.22e-11	3.05e-08	1.87e-04	3.13e-02	9.69e-01	0.00e+00	0.00e+00	0.00e+00	2.15e-15	2.61e-22	1.54e-60
 4.69687e+22	2.56e-21	2.43e-15	2.44e-11	3.22e-08	1.96e-04	3.20e-02	9.68e-01	0.00e+00	0.00e+00	0.00e+00	2.43e-15	2.95e-22	2.28e-60
 4.70678e+22	3.22e-21	2.92e-15	2.79e-11	3.50e-08	2.08e-04	3.31e-02	9.67e-01	0.00e+00	0.00e+00	0.00e+00	2.92e-15	3.55e-22	4.06e-60
 4.71675e+22	1.48e-24	3.34e-15	3.09e-11	3.72e-08	2.18e-04	3.39e-02	9.66e-01	0.00e+00	0.00e+00	0.00e+00	3.34e-15	4.06e-22	9.29e-61
 4.72681e+22	1.87e-24	4.03e-15	3.55e-11	4.06e-08	2.33e-04	3.51e-02	9.65e-01	0.00e+00	0.00e+00	0.00e+00	4.03e-15	4.90e-22	1.63e-60
 4.73678e+22	2.24e-24	4.65e-15	3.96e-11	4.34e-08	2.44e-04	3.60e-02	9.64e-01	0.00e+00	0.00e+00	0.00e+00	4.65e-15	5.66e-22	2.50e-60
 4.74663e+22	2.86e-24	5.66e-15	4.59e-11	4.76e-08	2.61e-04	3.72e-02	9.63e-01	0.00e+00	0.00e+00	0.00e+00	5.66e-15	6.87e-22	4.44e-60
 4.75664e+22	3.49e-24	6.62e-15	5.16e-11	5.13e-08	2.75e-04	3.82e-02	9.62e-01	0.00e+00	0.00e+00	0.00e+00	6.62e-15	8.04e-22	7.01e-60
 4.76685e+22	4.53e-24	8.17e-15	6.06e-11	5.68e-08	2.95e-04	3.96e-02	9.60e-01	0.00e+00	0.00e+00	0.00e+00	8.17e-15	9.93e-22	1.29e-59
 4.77718e+22	5.58e-24	9.65e-15	6.88e-11	6.16e-08	3.11e-04	4.07e-02	9.59e-01	0.00e+00	0.00e+00	0.00e+00	9.65e-15	1.17e-21	2.07e-59
 4.78765e+22	7.36e-24	1.21e-14	8.17e-11	6.87e-08	3.35e-04	4.22e-02	9.57e-01	0.00e+00	0.00e+00	0.00e+00	1.21e-14	1.47e-21	3.91e-59
 4.79818e+22	9.12e-24	1.44e-14	9.33e-11	7.49e-08	3.55e-04	4.34e-02	9.56e-01	0.00e+00	0.00e+00	0.00e+00	1.44e-14	1.75e-21	6.36e-59
 4.80727e+22	1.13e-23	1.71e-14	1.06e-10	8.16e-08	3.75e-04	4.46e-02	9.55e-01	0.00e+00	0.00e+00	0.00e+00	1.71e-14	2.08e-21	1.03e-58
 4.81757e+22	1.50e-23	2.15e-14	1.27e-10	9.15e-08	4.04e-04	4.62e-02	9.53e-01	0.00e+00	0.00e+00	0.00e+00	2.15e-14	2.62e-21	1.95e-58
 4.82783e+22	1.83e-23	2.53e-14	1.44e-10	9.94e-08	4.26e-04	4.75e-02	9.52e-01	0.00e+00	0.00e+00	0.00e+00	2.53e-14	3.09e-21	3.06e-58
 4.83806e+22	2.40e-23	3.16e-14	1.71e-10	1.11e-07	4.57e-04	4.91e-02	9.50e-01	0.00e+00	0.00e+00	0.00e+00	3.16e-14	3.85e-21	5.60e-58
 4.84850e+22	3.00e-23	3.78e-14	1.97e-10	1.22e-07	4.85e-04	5.05e-02	9.49e-01	0.00e+00	0.00e+00	0.00e+00	3.78e-14	4.61e-21	9.10e-58
 4.85923e+22	4.00e-23	4.78e-14	2.36e-10	1.37e-07	5.23e-04	5.24e-02	9.47e-01	0.00e+00	0.00e+00	0.00e+00	4.78e-14	5.83e-21	1.72e-57
 4.87007e+22	4.95e-23	5.68e-14	2.70e-10	1.50e-07	5.53e-04	5.39e-02	9.46e-01	0.00e+00	0.00e+00	0.00e+00	5.68e-14	6.94e-21	2.75e-57
 4.88106e+22	6.61e-23	7.19e-14	3.24e-10	1.70e-07	5.96e-04	5.59e-02	9.44e-01	0.00e+00	0.00e+00	0.00e+00	7.19e-14	8.78e-21	5.16e-57
 4.89232e+22	8.22e-23	8.58e-14	3.73e-10	1.86e-07	6.32e-04	5.74e-02	9.42e-01	0.00e+00	0.00e+00	0.00e+00	8.58e-14	1.05e-20	8.30e-57
 4.90391e+22	1.10e-22	1.09e-13	4.48e-10	2.10e-07	6.82e-04	5.96e-02	9.40e-01	0.00e+00	0.00e+00	0.00e+00	1.09e-13	1.33e-20	1.56e-56
 4.91585e+22	1.38e-22	1.31e-13	5.18e-10	2.32e-07	7.25e-04	6.14e-02	9.38e-01	0.00e+00	0.00e+00	0.00e+00	1.31e-13	1.60e-20	2.56e-56
 4.92661e+22	1.73e-22	1.57e-13	5.98e-10	2.56e-07	7.70e-04	6.31e-02	9.36e-01	0.00e+00	0.00e+00	0.00e+00	1.57e-13	1.92e-20	4.18e-56
 4.93896e+22	2.31e-22	1.99e-13	7.19e-10	2.89e-07	8.32e-04	6.55e-02	9.34e-01	0.00e+00	0.00e+00	0.00e+00	1.99e-13	2.44e-20	7.81e-56
 4.95144e+22	2.88e-22	2.39e-13	8.29e-10	3.18e-07	8.83e-04	6.74e-02	9.32e-01	0.00e+00	0.00e+00	0.00e+00	2.39e-13	2.92e-20	1.26e-55
 4.96408e+22	3.83e-22	3.01e-13	9.94e-10	3.60e-07	9.53e-04	6.99e-02	9.29e-01	0.00e+00	0.00e+00	0.00e+00	3.01e-13	3.68e-20	2.33e-55
 4.97637e+22	4.67e-22	3.53e-13	1.13e-09	3.92e-07	1.01e-03	7.17e-02	9.27e-01	0.00e+00	0.00e+00	0.00e+00	3.53e-13	4.33e-20	3.56e-55
 4.98819e+22	6.07e-22	4.36e-13	1.33e-09	4.39e-07	1.08e-03	7.42e-02	9.25e-01	0.00e+00	0.00e+00	0.00e+00	4.36e-13	5.35e-20	6.23e-55
 5.00023e+22	7.39e-22	5.11e-13	1.51e-09	4.79e-07	1.14e-03	7.61e-02	9.23e-01	0.00e+00	0.00e+00	0.00e+00	5.11e-13	6.27e-20	9.50e-55
 5.01258e+22	9.66e-22	6.35e-13	1.79e-09	5.38e-07	1.22e-03	7.87e-02	9.20e-01	0.00e+00	0.00e+00	0.00e+00	6.35e-13	7.80e-20	1.68e-54
 5.02509e+22	1.17e-21	7.42e-13	2.02e-09	5.85e-07	1.29e-03	8.07e-02	9.18e-01	0.00e+00	0.00e+00	0.00e+00	7.42e-13	9.11e-20	2.53e-54
 5.03782e+22	1.53e-21	9.20e-13	2.40e-09	6.57e-07	1.39e-03	8.35e-02	9.15e-01	0.00e+00	0.00e+00	0.00e+00	9.20e-13	1.13e-19	4.46e-54
 5.05034e+22	1.83e-21	1.06e-12	2.69e-09	7.10e-07	1.46e-03	8.55e-02	9.13e-01	0.00e+00	0.00e+00	0.00e+00	1.06e-12	1.30e-19	6.51e-54
 5.06256e+22	2.35e-21	1.30e-12	3.15e-09	7.92e-07	1.56e-03	8.83e-02	9.10e-01	0.00e+00	0.00e+00	0.00e+00	1.30e-12	1.60e-19	1.10e-53
 5.07504e+22	2.81e-21	1.50e-12	3.53e-09	8.58e-07	1.64e-03	9.04e-02	9.08e-01	0.00e+00	0.00e+00	0.00e+00	1.50e-12	1.85e-19	1.62e-53
 5.08784e+22	3.62e-21	1.83e-12	4.14e-09	9.57e-07	1.76e-03	9.34e-02	9.05e-01	0.00e+00	0.00e+00	0.00e+00	1.83e-12	2.26e-19	2.75e-53
 5.10088e+22	4.36e-21	2.13e-12	4.66e-09	1.04e-06	1.85e-03	9.57e-02	9.02e-01	0.00e+00	0.00e+00	0.00e+00	2.13e-12	2.62e-19	4.08e-53
 5.11424e+22	5.62e-21	2.61e-12	5.47e-09	1.16e-06	1.98e-03	9.89e-02	8.99e-01	0.00e+00	0.00e+00	0.00e+00	2.61e-12	3.21e-19	6.94e-53
 5.12784e+22	1.32e-21	3.03e-12	6.16e-09	1.26e-06	2.09e-03	1.01e-01	8.97e-01	0.00e+00	0.00e+00	0.00e+00	3.03e-12	3.74e-19	1.03e-52
 5.14175e+22	1.71e-21	3.71e-12	7.24e-09	1.41e-06	2.24e-03	1.05e-01	8.93e-01	0.00e+00	0.00e+00	0.00e+00	3.71e-12	4.58e-19	1.75e-52
 5.15592e+22	2.08e-21	4.32e-12	8.17e-09	1.54e-06	2.37e-03	1.07e-01	8.90e-01	0.00e+00	0.00e+00	0.00e+00	4.32e-12	5.34e-19	2.62e-52
 5.16837e+22	2.53e-21	5.02e-12	9.21e-09	1.67e-06	2.49e-03	1.10e-01	8.87e-01	0.00e+00	0.00e+00	0.00e+00	5.02e-12	6.21e-19	3.89e-52
 5.18250e+22	3.25e-21	6.11e-12	1.08e-08	1.86e-06	2.67e-03	1.14e-01	8.84e-01	0.00e+00	0.00e+00	0.00e+00	6.11e-12	7.56e-19	6.51e-52
 5.19661e+22	3.87e-21	6.98e-12	1.20e-08	2.01e-06	2.80e-03	1.16e-01	8.81e-01	0.00e+00	0.00e+00	0.00e+00	6.98e-12	8.64e-19	9.32e-52
 5.21070e+22	4.98e-21	8.49e-12	1.40e-08	2.24e-06	3.00e-03	1.20e-01	8.77e-01	0.00e+00	0.00e+00	0.00e+00	8.49e-12	1.05e-18	1.55e-51
 5.22500e+22	5.93e-21	9.72e-12	1.56e-08	2.42e-06	3.15e-03	1.23e-01	8.74e-01	0.00e+00	0.00e+00	0.00e+00	9.72e-12	1.20e-18	2.23e-51
 5.23958e+22	7.57e-21	1.17e-11	1.81e-08	2.69e-06	3.37e-03	1.26e-01	8.70e-01	0.00e+00	0.00e+00	0.00e+00	1.17e-11	1.46e-18	3.66e-51
 5.25463e+22	9.22e-21	1.36e-11	2.04e-08	2.92e-06	3.55e-03	1.30e-01	8.67e-01	0.00e+00	0.00e+00	0.00e+00	1.36e-11	1.69e-18	5.46e-51
 5.27028e+22	1.18e-20	1.65e-11	2.37e-08	3.25e-06	3.80e-03	1.34e-01	8.62e-01	0.00e+00	0.00e+00	0.00e+00	1.65e-11	2.05e-18	8.98e-51
 5.28649e+22	1.45e-20	1.93e-11	2.69e-08	3.56e-06	4.03e-03	1.37e-01	8.59e-01	0.00e+00	0.00e+00	0.00e+00	1.93e-11	2.40e-18	1.37e-50
 5.30341e+22	1.88e-20	2.35e-11	3.15e-08	3.98e-06	4.32e-03	1.42e-01	8.54e-01	0.00e+00	0.00e+00	0.00e+00	2.35e-11	2.93e-18	2.31e-50
 5.32084e+22	2.34e-20	2.77e-11	3.60e-08	4.37e-06	4.59e-03	1.46e-01	8.50e-01	0.00e+00	0.00e+00	0.00e+00	2.77e-11	3.46e-18	3.58e-50
 5.33893e+22	3.05e-20	3.39e-11	4.23e-08	4.91e-06	4.94e-03	1.51e-01	8.44e-01	0.00e+00	0.00e+00	0.00e+00	3.39e-11	4.24e-18	6.16e-50
 5.35769e+22	3.84e-20	4.04e-11	4.86e-08	5.43e-06	5.26e-03	1.55e-01	8.40e-01	0.00e+00	0.00e+00	0.00e+00	4.04e-11	5.05e-18	9.78e-50
 5.37470e+22	4.79e-20	4.77e-11	5.56e-08	5.97e-06	5.59e-03	1.59e-01	8.35e-01	0.00e+00	0.00e+00	0.00e+00	4.77e-11	5.98e-18	1.53e-49
 5.39425e+22	6.34e-20	5.90e-11	6.59e-08	6.74e-06	6.03e-03	1.65e-01	8.29e-01	0.00e+00	0.00e+00	0.00e+00	5.90e-11	7.40e-18	2.69e-49
 5.41417e+22	8.00e-20	7.04e-11	7.60e-08	7.46e-06	6.43e-03	1.70e-01	8.24e-01	0.00e+00	0.00e+00	0.00e+00	7.04e-11	8.84e-18	4.30e-49
 5.43458e+22	1.07e-19	8.76e-11	9.05e-08	8.46e-06	6.96e-03	1.76e-01	8.17e-01	0.00e+00	0.00e+00	0.00e+00	8.76e-11	1.10e-17	7.71e-49
 5.45526e+22	1.36e-19	1.05e-10	1.05e-07	9.38e-06	7.43e-03	1.81e-01	8.12e-01	0.00e+00	0.00e+00	0.00e+00	1.05e-10	1.32e-17	1.24e-48
 5.47630e+22	1.83e-19	1.32e-10	1.26e-07	1.07e-05	8.07e-03	1.88e-01	8.04e-01	0.00e+00	0.00e+00	0.00e+00	1.32e-10	1.66e-17	2.27e-48
 5.49756e+22	2.33e-19	1.58e-10	1.45e-07	1.19e-05	8.62e-03	1.93e-01	7.98e-01	0.00e+00	0.00e+00	0.00e+00	1.58e-10	2.00e-17	3.68e-48
 5.51910e+22	3.19e-19	2.01e-10	1.76e-07	1.36e-05	9.40e-03	2.01e-01	7.90e-01	0.00e+00	0.00e+00	0.00e+00	2.01e-10	2.55e-17	6.89e-48
 5.54076e+22	4.05e-19	2.41e-10	2.04e-07	1.51e-05	1.00e-02	2.06e-01	7.84e-01	0.00e+00	0.00e+00	0.00e+00	2.41e-10	3.06e-17	1.11e-47
 5.55889e+22	5.03e-19	2.84e-10	2.33e-07	1.66e-05	1.06e-02	2.12e-01	7.78e-01	0.00e+00	0.00e+00	0.00e+00	2.84e-10	3.61e-17	1.71e-47
 5.57873e+22	6.80e-19	3.58e-10	2.80e-07	1.90e-05	1.16e-02	2.19e-01	7.69e-01	0.00e+00	0.00e+00	0.00e+00	3.58e-10	4.56e-17	3.11e-47
 5.59829e+22	8.33e-19	4.18e-10	3.17e-07	2.07e-05	1.22e-02	2.25e-01	7.63e-01	0.00e+00	0.00e+00	0.00e+00	4.18e-10	5.34e-17	4.67e-47
 5.61745e+22	1.12e-18	5.25e-10	3.81e-07	2.36e-05	1.33e-02	2.32e-01	7.54e-01	0.00e+00	0.00e+00	0.00e+00	5.25e-10	6.72e-17	8.34e-47
 5.63687e+22	1.39e-18	6.21e-10	4.36e-07	2.60e-05	1.41e-02	2.38e-01	7.47e-01	0.00e+00	0.00e+00	0.00e+00	6.21e-10	7.96e-17	1.29e-46
 5.65660e+22	1.88e-18	7.83e-10	5.25e-07	2.97e-05	1.53e-02	2.47e-01	7.38e-01	0.00e+00	0.00e+00	0.00e+00	7.83e-10	1.01e-16	2.31e-46
 5.67668e+22	2.36e-18	9.36e-10	6.06e-07	3.29e-05	1.63e-02	2.53e-01	7.30e-01	0.00e+00	0.00e+00	0.00e+00	9.36e-10	1.21e-16	3.63e-46
 5.69721e+22	3.24e-18	1.20e-09	7.39e-07	3.78e-05	1.77e-02	2.62e-01	7.20e-01	0.00e+00	0.00e+00	0.00e+00	1.20e-09	1.55e-16	6.70e-46
 5.71800e+22	4.10e-18	1.44e-09	8.57e-07	4.20e-05	1.89e-02	2.69e-01	7.12e-01	0.00e+00	0.00e+00	0.00e+00	1.44e-09	1.86e-16	1.07e-45
 5.73914e+22	5.66e-18	1.85e-09	1.05e-06	4.85e-05	2.07e-02	2.79e-01	7.00e-01	0.00e+00	0.00e+00	0.00e+00	1.85e-09	2.40e-16	1.98e-45
 5.76074e+22	7.32e-18	2.27e-09	1.24e-06	5.45e-05	2.22e-02	2.87e-01	6.90e-01	0.00e+00	0.00e+00	0.00e+00	2.27e-09	2.95e-16	3.26e-45
 5.78295e+22	1.03e-17	2.95e-09	1.53e-06	6.35e-05	2.44e-02	2.98e-01	6.77e-01	0.00e+00	0.00e+00	0.00e+00	2.95e-09	3.86e-16	6.22e-45
 5.80558e+22	1.34e-17	3.65e-09	1.82e-06	7.18e-05	2.63e-02	3.07e-01	6.67e-01	0.00e+00	0.00e+00	0.00e+00	3.65e-09	4.78e-16	1.04e-44
 5.82801e+22	1.87e-17	4.75e-09	2.25e-06	8.36e-05	2.88e-02	3.18e-01	6.53e-01	0.00e+00	0.00e+00	0.00e+00	4.75e-09	6.24e-16	1.94e-44
 5.84932e+22	2.37e-17	5.72e-09	2.62e-06	9.33e-05	3.08e-02	3.26e-01	6.43e-01	0.00e+00	0.00e+00	0.00e+00	5.72e-09	7.54e-16	3.04e-44
 5.86995e+22	3.24e-17	7.34e-09	3.21e-06	1.08e-04	3.36e-02	3.37e-01	6.29e-01	0.00e+00	0.00e+00	0.00e+00	7.34e-09	9.71e-16	5.44e-44
 5.89096e+22	4.15e-17	8.92e-09	3.76e-06	1.21e-04	3.60e-02	3.45e-01	6.18e-01	0.00e+00	0.00e+00	0.00e+00	8.92e-09	1.19e-15	8.59e-44
 5.91155e+22	5.59e-17	1.13e-08	4.57e-06	1.39e-04	3.92e-02	3.56e-01	6.05e-01	5.59e-17	9.66e-23	2.31e-23	1.13e-08	1.51e-15	1.48e-43
 5.93256e+22	7.21e-17	1.38e-08	5.40e-06	1.57e-04	4.21e-02	3.65e-01	5.92e-01	7.21e-17	2.57e-21	4.03e-22	1.38e-08	1.85e-15	2.35e-43
 5.95304e+22	9.50e-17	1.73e-08	6.49e-06	1.80e-04	4.56e-02	3.76e-01	5.79e-01	9.50e-17	3.39e-21	5.32e-22	1.73e-08	2.32e-15	3.88e-43
 5.97393e+22	1.23e-16	2.12e-08	7.70e-06	2.04e-04	4.91e-02	3.85e-01	5.66e-01	1.23e-16	4.40e-21	6.90e-22	2.12e-08	2.87e-15	6.18e-43
 5.99463e+22	1.60e-16	2.62e-08	9.19e-06	2.32e-04	5.30e-02	3.95e-01	5.52e-01	1.60e-16	5.73e-21	9.02e-22	2.62e-08	3.57e-15	9.88e-43
 6.01544e+22	2.07e-16	3.21e-08	1.09e-05	2.63e-04	5.71e-02	4.05e-01	5.38e-01	2.07e-16	7.42e-21	1.17e-21	3.21e-08	4.40e-15	1.55e-42
 6.03601e+22	2.66e-16	3.92e-08	1.29e-05	2.98e-04	6.14e-02	4.14e-01	5.24e-01	2.66e-16	9.55e-21	1.50e-21	3.92e-08	5.40e-15	2.39e-42
 6.05654e+22	3.41e-16	4.77e-08	1.52e-05	3.37e-04	6.59e-02	4.23e-01	5.10e-01	3.41e-16	1.23e-20	1.93e-21	4.77e-08	6.61e-15	3.65e-42
 6.07711e+22	4.36e-16	5.78e-08	1.80e-05	3.81e-04	7.08e-02	4.32e-01	4.96e-01	4.36e-16	1.57e-20	2.47e-21	5.78e-08	8.07e-15	5.53e-42
 6.09777e+22	5.54e-16	6.99e-08	2.12e-05	4.30e-04	7.59e-02	4.41e-01	4.82e-01	5.54e-16	2.00e-20	3.15e-21	6.99e-08	9.82e-15	8.28e-42
 6.11856e+22	7.04e-16	8.42e-08	2.49e-05	4.86e-04	8.14e-02	4.50e-01	4.68e-01	7.04e-16	2.54e-20	4.02e-21	8.42e-08	1.19e-14	1.23e-41
 6.13954e+22	8.92e-16	1.01e-07	2.92e-05	5.48e-04	8.72e-02	4.58e-01	4.54e-01	8.92e-16	3.23e-20	5.10e-21	1.01e-07	1.44e-14	1.81e-41
 6.16078e+22	1.13e-15	1.21e-07	3.43e-05	6.18e-04	9.33e-02	4.66e-01	4.40e-01	1.13e-15	4.09e-20	6.48e-21	1.21e-07	1.75e-14	2.65e-41
 6.18213e+22	1.42e-15	1.45e-07	4.00e-05	6.96e-04	9.97e-02	4.74e-01	4.26e-01	1.42e-15	5.17e-20	8.19e-21	1.45e-07	2.10e-14	3.82e-41
 6.20382e+22	1.80e-15	1.73e-07	4.69e-05	7.85e-04	1.07e-01	4.82e-01	4.11e-01	1.80e-15	6.56e-20	1.04e-20	1.73e-07	2.53e-14	5.53e-41
 6.22577e+22	2.27e-15	2.06e-07	5.47e-05	8.83e-04	1.14e-01	4.89e-01	3.97e-01	2.27e-15	8.26e-20	1.31e-20	2.06e-07	3.03e-14	7.88e-41
 6.24816e+22	2.87e-15	2.45e-07	6.41e-05	9.96e-04	1.22e-01	4.95e-01	3.82e-01	2.87e-15	1.05e-19	1.67e-20	2.45e-07	3.65e-14	1.13e-40
 6.26899e+22	3.48e-15	2.82e-07	7.27e-05	1.10e-03	1.28e-01	5.01e-01	3.70e-01	3.48e-15	1.27e-19	2.03e-20	2.82e-07	4.22e-14	1.51e-40
 6.29048e+22	4.43e-15	3.37e-07	8.55e-05	1.24e-03	1.37e-01	5.07e-01	3.55e-01	4.43e-15	1.63e-19	2.59e-20	3.37e-07	5.09e-14	2.16e-40
 6.31231e+22	5.38e-15	3.86e-07	9.68e-05	1.37e-03	1.44e-01	5.11e-01	3.43e-01	5.38e-15	1.98e-19	3.16e-20	3.86e-07	5.88e-14	2.87e-40
 6.33461e+22	9.30e-14	4.60e-07	1.14e-04	1.55e-03	1.54e-01	5.16e-01	3.28e-01	9.30e-14	3.43e-18	5.49e-19	4.60e-07	7.07e-14	4.21e-40
 6.35701e+22	1.80e-13	5.24e-07	1.28e-04	1.70e-03	1.62e-01	5.20e-01	3.16e-01	1.80e-13	6.65e-18	1.06e-18	5.24e-07	8.11e-14	5.67e-40
 6.37953e+22	4.30e-13	6.19e-07	1.50e-04	1.92e-03	1.73e-01	5.24e-01	3.02e-01	4.30e-13	1.60e-17	2.56e-18	6.19e-07	9.68e-14	8.38e-40
 6.40218e+22	1.09e-12	7.02e-07	1.69e-04	2.10e-03	1.81e-01	5.26e-01	2.91e-01	1.09e-12	4.07e-17	6.53e-18	7.02e-07	1.11e-13	1.22e-39
 6.42501e+22	3.68e-12	8.25e-07	1.96e-04	2.36e-03	1.93e-01	5.29e-01	2.76e-01	3.68e-12	1.37e-16	2.21e-17	8.25e-07	1.31e-13	2.27e-39
 6.44804e+22	7.65e-12	9.33e-07	2.20e-04	2.59e-03	2.01e-01	5.30e-01	2.66e-01	7.65e-12	2.86e-16	4.61e-17	9.33e-07	1.50e-13	3.84e-39
 6.47132e+22	1.26e-11	1.09e-06	2.55e-04	2.90e-03	2.14e-01	5.31e-01	2.52e-01	1.26e-11	4.72e-16	7.61e-17	1.09e-06	1.77e-13	6.29e-39
 6.49490e+22	1.71e-11	1.23e-06	2.86e-04	3.17e-03	2.23e-01	5.32e-01	2.42e-01	1.71e-11	6.44e-16	1.04e-16	1.23e-06	2.01e-13	8.95e-39
 6.51886e+22	2.34e-11	1.43e-06	3.31e-04	3.56e-03	2.36e-01	5.32e-01	2.28e-01	2.34e-11	8.86e-16	1.43e-16	1.43e-06	2.37e-13	1.34e-38
 6.54322e+22	2.95e-11	1.61e-06	3.70e-04	3.88e-03	2.46e-01	5.31e-01	2.18e-01	2.95e-11	1.12e-15	1.82e-16	1.61e-06	2.69e-13	1.83e-38
 6.56810e+22	3.82e-11	1.88e-06	4.28e-04	4.35e-03	2.60e-01	5.29e-01	2.06e-01	3.82e-11	1.46e-15	2.36e-16	1.88e-06	3.17e-13	2.65e-38
 6.59352e+22	4.66e-11	2.11e-06	4.80e-04	4.76e-03	2.72e-01	5.27e-01	1.96e-01	4.66e-11	1.79e-15	2.91e-16	2.11e-06	3.61e-13	3.59e-38
 6.61962e+22	5.86e-11	2.46e-06	5.55e-04	5.34e-03	2.87e-01	5.24e-01	1.83e-01	5.86e-11	2.26e-15	3.68e-16	2.46e-06	4.26e-13	5.13e-38
 6.64634e+22	7.04e-11	2.78e-06	6.23e-04	5.83e-03	2.99e-01	5.21e-01	1.74e-01	7.04e-11	2.72e-15	4.44e-16	2.78e-06	4.86e-13	6.93e-38
 6.66887e+22	8.16e-11	3.08e-06	6.88e-04	6.31e-03	3.10e-01	5.18e-01	1.66e-01	8.16e-11	3.17e-15	5.18e-16	3.08e-06	5.44e-13	8.92e-38
 6.69316e+22	9.78e-11	3.52e-06	7.83e-04	6.98e-03	3.24e-01	5.13e-01	1.56e-01	9.78e-11	3.82e-15	6.25e-16	3.52e-06	6.30e-13	1.22e-37
 6.71781e+22	1.13e-10	3.90e-06	8.65e-04	7.54e-03	3.35e-01	5.08e-01	1.48e-01	1.13e-10	4.43e-15	7.26e-16	3.90e-06	7.07e-13	1.58e-37
 6.73916e+22	1.28e-10	4.30e-06	9.50e-04	8.12e-03	3.46e-01	5.04e-01	1.41e-01	1.28e-10	5.05e-15	8.30e-16	4.30e-06	7.87e-13	2.00e-37
 6.76315e+22	1.50e-10	4.86e-06	1.07e-03	8.93e-03	3.61e-01	4.98e-01	1.32e-01	1.50e-10	5.94e-15	9.79e-16	4.86e-06	9.04e-13	2.69e-37
 6.78700e+22	1.70e-10	5.35e-06	1.17e-03	9.56e-03	3.71e-01	4.93e-01	1.26e-01	1.70e-10	6.75e-15	1.11e-15	5.35e-06	1.00e-12	3.43e-37
 6.81068e+22	1.96e-10	6.01e-06	1.31e-03	1.05e-02	3.85e-01	4.85e-01	1.18e-01	1.96e-10	7.85e-15	1.30e-15	6.01e-06	1.15e-12	4.58e-37
 6.83471e+22	2.21e-10	6.61e-06	1.44e-03	1.12e-02	3.96e-01	4.80e-01	1.12e-01	2.21e-10	8.90e-15	1.48e-15	6.61e-06	1.28e-12	5.88e-37
 6.85919e+22	2.55e-10	7.44e-06	1.61e-03	1.23e-02	4.11e-01	4.71e-01	1.04e-01	2.55e-10	1.03e-14	1.72e-15	7.44e-06	1.46e-12	7.93e-37
 6.88408e+22	2.88e-10	8.20e-06	1.76e-03	1.31e-02	4.22e-01	4.65e-01	9.86e-02	2.88e-10	1.17e-14	1.95e-15	8.20e-06	1.63e-12	1.03e-36
 6.90951e+22	3.31e-10	9.22e-06	1.98e-03	1.44e-02	4.37e-01	4.55e-01	9.15e-02	3.31e-10	1.36e-14	2.26e-15	9.22e-06	1.87e-12	1.40e-36
 6.93534e+22	3.73e-10	1.02e-05	2.17e-03	1.54e-02	4.48e-01	4.48e-01	8.63e-02	3.73e-10	1.54e-14	2.57e-15	1.02e-05	2.09e-12	1.84e-36
 6.96168e+22	4.28e-10	1.15e-05	2.43e-03	1.68e-02	4.63e-01	4.38e-01	7.97e-02	4.28e-10	1.78e-14	2.99e-15	1.15e-05	2.40e-12	2.53e-36
 6.98864e+22	4.82e-10	1.27e-05	2.67e-03	1.80e-02	4.75e-01	4.29e-01	7.49e-02	4.82e-10	2.02e-14	3.40e-15	1.27e-05	2.70e-12	3.36e-36
 7.01643e+22	5.56e-10	1.43e-05	3.00e-03	1.98e-02	4.91e-01	4.18e-01	6.88e-02	5.56e-10	2.35e-14	3.97e-15	1.43e-05	3.12e-12	4.76e-36
 7.04491e+22	6.28e-10	1.59e-05	3.30e-03	2.12e-02	5.03e-01	4.09e-01	6.42e-02	6.28e-10	2.67e-14	4.52e-15	1.59e-05	3.52e-12	6.41e-36
 7.07427e+22	7.27e-10	1.81e-05	3.72e-03	2.33e-02	5.18e-01	3.96e-01	5.86e-02	7.27e-10	3.13e-14	5.31e-15	1.81e-05	4.10e-12	9.33e-36
 7.10392e+22	8.23e-10	2.01e-05	4.09e-03	2.49e-02	5.30e-01	3.87e-01	5.46e-02	8.23e-10	3.57e-14	6.08e-15	2.01e-05	4.64e-12	1.28e-35
 7.13392e+22	9.49e-10	2.28e-05	4.61e-03	2.73e-02	5.45e-01	3.73e-01	4.96e-02	9.49e-10	4.16e-14	7.11e-15	2.28e-05	5.40e-12	1.87e-35
 7.16425e+22	1.08e-09	2.54e-05	5.06e-03	2.92e-02	5.56e-01	3.63e-01	4.60e-02	1.07e-09	4.75e-14	8.16e-15	2.54e-05	6.13e-12	2.60e-35
 7.19500e+22	1.24e-09	2.89e-05	5.70e-03	3.19e-02	5.71e-01	3.50e-01	4.16e-02	1.24e-09	5.55e-14	9.57e-15	2.89e-05	7.17e-12	3.88e-35
 7.22504e+22	1.39e-09	3.18e-05	6.20e-03	3.40e-02	5.81e-01	3.40e-01	3.87e-02	1.39e-09	6.28e-14	1.08e-14	3.18e-05	8.06e-12	5.28e-35
 7.25415e+22	1.60e-09	3.60e-05	6.92e-03	3.68e-02	5.93e-01	3.28e-01	3.52e-02	1.60e-09	7.31e-14	1.27e-14	3.60e-05	9.36e-12	7.83e-35
 7.28462e+22	1.80e-09	4.00e-05	7.59e-03	3.94e-02	6.04e-01	3.17e-01	3.24e-02	1.80e-09	8.33e-14	1.45e-14	4.00e-05	1.07e-11	1.10e-34
 7.31037e+22	1.99e-09	4.37e-05	8.20e-03	4.16e-02	6.12e-01	3.08e-01	3.02e-02	1.99e-09	9.28e-14	1.62e-14	4.37e-05	1.19e-11	1.47e-34
 7.33735e+22	2.26e-09	4.89e-05	9.02e-03	4.46e-02	6.22e-01	2.97e-01	2.76e-02	2.26e-09	1.07e-13	1.87e-14	4.89e-05	1.36e-11	2.12e-34
 7.36515e+22	2.50e-09	5.36e-05	9.78e-03	4.73e-02	6.30e-01	2.87e-01	2.55e-02	2.50e-09	1.20e-13	2.10e-14	5.36e-05	1.53e-11	2.88e-34
 7.38998e+22	2.78e-09	5.87e-05	1.06e-02	4.99e-02	6.38e-01	2.78e-01	2.37e-02	2.78e-09	1.34e-13	2.36e-14	5.87e-05	1.71e-11	3.91e-34
 7.41821e+22	3.17e-09	6.59e-05	1.16e-02	5.34e-02	6.46e-01	2.67e-01	2.15e-02	3.17e-09	1.55e-13	2.75e-14	6.59e-05	1.97e-11	5.78e-34
 7.44764e+22	3.56e-09	7.29e-05	1.27e-02	5.67e-02	6.54e-01	2.57e-01	1.97e-02	3.56e-09	1.76e-13	3.13e-14	7.29e-05	2.24e-11	8.13e-34
 7.47413e+22	3.96e-09	8.02e-05	1.37e-02	5.99e-02	6.60e-01	2.48e-01	1.82e-02	3.96e-09	1.98e-13	3.54e-14	8.02e-05	2.53e-11	1.13e-33
 7.50409e+22	4.54e-09	9.06e-05	1.51e-02	6.42e-02	6.68e-01	2.36e-01	1.64e-02	4.54e-09	2.31e-13	4.14e-14	9.06e-05	2.94e-11	1.71e-33
 7.53523e+22	5.12e-09	1.01e-04	1.65e-02	6.82e-02	6.74e-01	2.26e-01	1.49e-02	5.12e-09	2.64e-13	4.75e-14	1.01e-04	3.36e-11	2.46e-33
 7.56317e+22	5.72e-09	1.11e-04	1.79e-02	7.20e-02	6.79e-01	2.17e-01	1.36e-02	5.72e-09	3.00e-13	5.40e-14	1.11e-04	3.82e-11	3.49e-33
 7.59476e+22	6.61e-09	1.26e-04	1.98e-02	7.71e-02	6.85e-01	2.06e-01	1.22e-02	6.61e-09	3.53e-13	6.39e-14	1.26e-04	4.49e-11	5.44e-33
 7.62737e+22	7.47e-09	1.41e-04	2.16e-02	8.18e-02	6.89e-01	1.96e-01	1.10e-02	7.47e-09	4.05e-13	7.37e-14	1.41e-04	5.16e-11	7.98e-33
 7.65646e+22	8.39e-09	1.56e-04	2.34e-02	8.64e-02	6.93e-01	1.87e-01	9.99e-03	8.39e-09	4.62e-13	8.44e-14	1.56e-04	5.90e-11	1.15e-32
 7.68942e+22	9.75e-09	1.78e-04	2.59e-02	9.24e-02	6.96e-01	1.77e-01	8.84e-03	9.75e-09	5.48e-13	1.01e-13	1.78e-04	6.99e-11	1.84e-32
 7.72356e+22	1.11e-08	1.99e-04	2.83e-02	9.80e-02	6.98e-01	1.67e-01	7.91e-03	1.11e-08	6.34e-13	1.17e-13	1.99e-04	8.10e-11	2.76e-32
 7.75420e+22	1.25e-08	2.22e-04	3.08e-02	1.03e-01	7.00e-01	1.59e-01	7.13e-03	1.25e-08	7.30e-13	1.35e-13	2.22e-04	9.33e-11	4.06e-32
 7.78897e+22	1.47e-08	2.55e-04	3.42e-02	1.11e-01	7.00e-01	1.48e-01	6.22e-03	1.47e-08	8.77e-13	1.63e-13	2.55e-04	1.12e-10	6.70e-32
 7.82483e+22	1.68e-08	2.87e-04	3.73e-02	1.17e-01	7.00e-01	1.40e-01	5.53e-03	1.68e-08	1.02e-12	1.91e-13	2.87e-04	1.31e-10	1.02e-31
 7.85722e+22	1.91e-08	3.22e-04	4.07e-02	1.23e-01	6.99e-01	1.32e-01	4.93e-03	1.91e-08	1.19e-12	2.23e-13	3.22e-04	1.52e-10	1.55e-31
 7.89440e+22	2.27e-08	3.74e-04	4.54e-02	1.32e-01	6.96e-01	1.22e-01	4.23e-03	2.27e-08	1.45e-12	2.74e-13	3.74e-04	1.85e-10	2.66e-31
 7.93183e+22	2.58e-08	4.20e-04	4.94e-02	1.39e-01	6.93e-01	1.14e-01	3.73e-03	2.58e-08	1.69e-12	3.20e-13	4.20e-04	2.17e-10	4.06e-31
 7.96959e+22	3.07e-08	4.88e-04	5.49e-02	1.48e-01	6.88e-01	1.05e-01	3.20e-03	3.07e-08	2.07e-12	3.96e-13	4.88e-04	2.64e-10	6.97e-31
 8.00821e+22	3.55e-08	5.53e-04	6.00e-02	1.57e-01	6.82e-01	9.76e-02	2.79e-03	3.55e-08	2.45e-12	4.70e-13	5.53e-04	3.13e-10	1.10e-30
 8.04221e+22	4.07e-08	6.23e-04	6.52e-02	1.64e-01	6.76e-01	9.10e-02	2.45e-03	4.07e-08	2.88e-12	5.55e-13	6.23e-04	3.67e-10	1.69e-30
 8.08067e+22	4.64e-08	7.25e-04	7.25e-02	1.75e-01	6.67e-01	8.29e-02	2.07e-03	4.64e-08	3.40e-12	6.57e-13	7.25e-04	4.51e-10	2.90e-30
 8.12004e+22	5.36e-08	8.21e-04	7.89e-02	1.83e-01	6.58e-01	7.66e-02	1.79e-03	5.36e-08	4.03e-12	7.83e-13	8.21e-04	5.33e-10	4.59e-30
 8.16058e+22	6.52e-08	9.64e-04	8.78e-02	1.94e-01	6.46e-01	6.92e-02	1.49e-03	6.52e-08	5.08e-12	9.92e-13	9.64e-04	6.60e-10	8.22e-30
 8.20176e+22	7.61e-08	1.10e-03	9.58e-02	2.04e-01	6.35e-01	6.34e-02	1.28e-03	7.61e-08	6.11e-12	1.20e-12	1.10e-03	7.88e-10	1.32e-29
