#depth	He	He+	He+2
 1.54284e+22	6.04e-12	2.74e-06	1.00e+00
 3.56699e+22	1.27e-11	3.93e-06	1.00e+00
 4.34500e+22	2.08e-11	4.97e-06	1.00e+00
 4.79004e+22	2.69e-11	5.63e-06	1.00e+00
 4.97548e+22	2.89e-11	5.83e-06	1.00e+00
 5.04795e+22	3.09e-11	6.03e-06	1.00e+00
 5.12934e+22	3.34e-11	6.25e-06	1.00e+00
 5.21692e+22	3.57e-11	6.46e-06	1.00e+00
 5.31255e+22	3.92e-11	6.76e-06	1.00e+00
 5.40558e+22	4.20e-11	7.00e-06	1.00e+00
 5.49525e+22	4.61e-11	7.32e-06	1.00e+00
 5.58570e+22	4.95e-11	7.58e-06	1.00e+00
 5.66388e+22	5.33e-11	7.86e-06	1.00e+00
 5.73798e+22	5.70e-11	8.12e-06	1.00e+00
 5.82007e+22	6.20e-11	8.46e-06	1.00e+00
 5.90445e+22	6.69e-11	8.79e-06	1.00e+00
 5.97241e+22	7.09e-11	9.05e-06	1.00e+00
 6.04135e+22	7.63e-11	9.38e-06	1.00e+00
 6.10799e+22	8.07e-11	9.65e-06	1.00e+00
 6.16247e+22	8.54e-11	9.92e-06	1.00e+00
 6.21600e+22	9.00e-11	1.02e-05	1.00e+00
 6.26822e+22	9.46e-11	1.04e-05	1.00e+00
 6.32690e+22	1.01e-10	1.08e-05	1.00e+00
 6.38548e+22	1.07e-10	1.11e-05	1.00e+00
 6.43591e+22	1.12e-10	1.14e-05	1.00e+00
 6.48413e+22	1.18e-10	1.17e-05	1.00e+00
 6.52955e+22	1.24e-10	1.19e-05	1.00e+00
 6.58069e+22	1.31e-10	1.23e-05	1.00e+00
 6.63346e+22	1.39e-10	1.27e-05	1.00e+00
 6.67953e+22	1.46e-10	1.30e-05	1.00e+00
 6.73060e+22	1.55e-10	1.34e-05	1.00e+00
 6.78039e+22	1.62e-10	1.37e-05	1.00e+00
 6.82191e+22	1.71e-10	1.41e-05	1.00e+00
 6.86276e+22	1.79e-10	1.44e-05	1.00e+00
 6.90930e+22	1.90e-10	1.49e-05	1.00e+00
 6.95653e+22	2.00e-10	1.53e-05	1.00e+00
 6.99726e+22	2.10e-10	1.57e-05	1.00e+00
 7.04279e+22	2.24e-10	1.63e-05	1.00e+00
 7.08907e+22	2.36e-10	1.67e-05	1.00e+00
 7.13631e+22	2.53e-10	1.74e-05	1.00e+00
 7.18391e+22	2.67e-10	1.79e-05	1.00e+00
 7.22425e+22	2.81e-10	1.84e-05	1.00e+00
 7.26899e+22	3.02e-10	1.91e-05	1.00e+00
 7.31297e+22	3.17e-10	1.96e-05	1.00e+00
 7.35595e+22	3.41e-10	2.04e-05	1.00e+00
 7.39813e+22	3.57e-10	2.10e-05	1.00e+00
 7.43927e+22	3.84e-10	2.18e-05	1.00e+00
 7.48005e+22	4.03e-10	2.24e-05	1.00e+00
 7.52037e+22	4.33e-10	2.34e-05	1.00e+00
 7.56111e+22	4.56e-10	2.41e-05	1.00e+00
 7.60238e+22	4.92e-10	2.51e-05	1.00e+00
 7.64423e+22	5.19e-10	2.59e-05	1.00e+00
 7.68680e+22	5.59e-10	2.71e-05	1.00e+00
 7.72901e+22	5.92e-10	2.80e-05	1.00e+00
 7.77076e+22	6.38e-10	2.93e-05	1.00e+00
 7.81332e+22	6.77e-10	3.03e-05	1.00e+00
 7.85692e+22	7.32e-10	3.18e-05	1.00e+00
 7.90074e+22	7.77e-10	3.30e-05	1.00e+00
 7.94484e+22	8.41e-10	3.47e-05	1.00e+00
 7.98928e+22	8.93e-10	3.60e-05	1.00e+00
 8.02770e+22	9.47e-10	3.73e-05	1.00e+00
 8.07119e+22	1.02e-09	3.92e-05	1.00e+00
 8.11442e+22	1.08e-09	4.06e-05	1.00e+00
 8.15730e+22	1.16e-09	4.25e-05	1.00e+00
 8.20106e+22	1.22e-09	4.41e-05	1.00e+00
 8.24593e+22	1.32e-09	4.63e-05	1.00e+00
 8.29183e+22	1.39e-09	4.80e-05	1.00e+00
 8.33908e+22	1.49e-09	5.04e-05	1.00e+00
 8.38745e+22	1.58e-09	5.23e-05	1.00e+00
 8.43728e+22	1.69e-09	5.49e-05	1.00e+00
 8.48805e+22	1.79e-09	5.70e-05	1.00e+00
 8.54005e+22	1.92e-09	5.99e-05	1.00e+00
 8.59239e+22	2.02e-09	6.22e-05	1.00e+00
 8.64519e+22	2.16e-09	6.52e-05	1.00e+00
 8.69631e+22	2.26e-09	6.73e-05	1.00e+00
 8.74523e+22	2.39e-09	7.03e-05	1.00e+00
 8.79543e+22	2.50e-09	7.26e-05	1.00e+00
 8.84728e+22	2.66e-09	7.59e-05	1.00e+00
 8.89980e+22	2.77e-09	7.84e-05	1.00e+00
 8.95317e+22	2.94e-09	8.18e-05	1.00e+00
 9.00613e+22	3.06e-09	8.45e-05	1.00e+00
 9.05856e+22	3.23e-09	8.81e-05	1.00e+00
 9.11151e+22	3.37e-09	9.08e-05	1.00e+00
 9.16515e+22	3.55e-09	9.46e-05	1.00e+00
 9.21983e+22	3.69e-09	9.76e-05	1.00e+00
 9.27586e+22	3.89e-09	1.02e-04	1.00e+00
 9.33292e+22	4.05e-09	1.05e-04	1.00e+00
 9.39132e+22	4.27e-09	1.09e-04	1.00e+00
 9.45082e+22	4.45e-09	1.13e-04	1.00e+00
 9.51177e+22	4.68e-09	1.18e-04	1.00e+00
 9.57134e+22	4.86e-09	1.21e-04	1.00e+00
 9.62912e+22	5.10e-09	1.26e-04	1.00e+00
 9.68784e+22	5.29e-09	1.30e-04	1.00e+00
 9.74776e+22	5.55e-09	1.35e-04	1.00e+00
 9.80956e+22	5.77e-09	1.39e-04	1.00e+00
 9.87381e+22	6.06e-09	1.45e-04	1.00e+00
 9.94018e+22	6.31e-09	1.50e-04	1.00e+00
 1.00093e+23	6.64e-09	1.56e-04	1.00e+00
 1.00804e+23	6.93e-09	1.61e-04	1.00e+00
 1.01540e+23	7.30e-09	1.68e-04	1.00e+00
 1.02300e+23	7.64e-09	1.74e-04	1.00e+00
 1.03093e+23	8.08e-09	1.82e-04	1.00e+00
 1.03905e+23	8.46e-09	1.89e-04	1.00e+00
 1.04633e+23	8.85e-09	1.95e-04	1.00e+00
 1.05468e+23	9.37e-09	2.05e-04	1.00e+00
 1.06309e+23	9.81e-09	2.12e-04	1.00e+00
 1.07159e+23	1.04e-08	2.22e-04	1.00e+00
 1.08028e+23	1.09e-08	2.31e-04	1.00e+00
 1.08920e+23	1.15e-08	2.42e-04	1.00e+00
 1.09825e+23	1.21e-08	2.52e-04	1.00e+00
 1.10749e+23	1.28e-08	2.66e-04	1.00e+00
 1.11623e+23	1.33e-08	2.75e-04	1.00e+00
 1.12431e+23	1.40e-08	2.88e-04	1.00e+00
 1.13246e+23	1.45e-08	2.99e-04	1.00e+00
 1.14070e+23	1.52e-08	3.14e-04	1.00e+00
 1.14900e+23	1.58e-08	3.26e-04	1.00e+00
 1.15740e+23	1.65e-08	3.43e-04	1.00e+00
 1.16592e+23	1.71e-08	3.56e-04	1.00e+00
 1.17461e+23	1.79e-08	3.76e-04	1.00e+00
 1.18343e+23	1.85e-08	3.92e-04	1.00e+00
 1.19241e+23	1.92e-08	4.15e-04	1.00e+00
 1.20158e+23	1.98e-08	4.34e-04	1.00e+00
 1.21099e+23	2.05e-08	4.61e-04	1.00e+00
 1.22059e+23	2.11e-08	4.83e-04	1.00e+00
 1.23009e+23	2.17e-08	5.13e-04	9.99e-01
 1.23911e+23	2.21e-08	5.36e-04	9.99e-01
 1.24787e+23	2.25e-08	5.68e-04	9.99e-01
 1.25679e+23	2.28e-08	5.95e-04	9.99e-01
 1.26552e+23	2.31e-08	6.29e-04	9.99e-01
 1.27444e+23	2.34e-08	6.61e-04	9.99e-01
 1.28313e+23	2.35e-08	6.97e-04	9.99e-01
 1.29199e+23	2.37e-08	7.34e-04	9.99e-01
 1.30078e+23	2.38e-08	7.73e-04	9.99e-01
 1.30961e+23	2.39e-08	8.14e-04	9.99e-01
 1.31834e+23	2.39e-08	8.57e-04	9.99e-01
 1.32706e+23	2.40e-08	9.03e-04	9.99e-01
 1.33580e+23	2.42e-08	9.50e-04	9.99e-01
 1.34457e+23	2.43e-08	1.00e-03	9.99e-01
 1.35340e+23	2.46e-08	1.05e-03	9.99e-01
 1.36232e+23	2.49e-08	1.11e-03	9.99e-01
 1.37135e+23	2.54e-08	1.17e-03	9.99e-01
 1.38042e+23	2.59e-08	1.23e-03	9.99e-01
 1.38965e+23	2.67e-08	1.29e-03	9.99e-01
 1.39898e+23	2.76e-08	1.36e-03	9.99e-01
 1.40850e+23	2.88e-08	1.44e-03	9.99e-01
 1.41737e+23	2.99e-08	1.50e-03	9.98e-01
 1.42650e+23	3.16e-08	1.59e-03	9.98e-01
 1.43578e+23	3.32e-08	1.66e-03	9.98e-01
 1.44530e+23	3.55e-08	1.76e-03	9.98e-01
 1.45485e+23	3.76e-08	1.83e-03	9.98e-01
 1.46446e+23	4.07e-08	1.94e-03	9.98e-01
 1.47413e+23	4.34e-08	2.03e-03	9.98e-01
 1.48388e+23	4.74e-08	2.15e-03	9.98e-01
 1.49371e+23	5.09e-08	2.24e-03	9.98e-01
 1.50366e+23	5.59e-08	2.37e-03	9.98e-01
 1.51373e+23	6.03e-08	2.48e-03	9.98e-01
 1.52398e+23	6.67e-08	2.62e-03	9.97e-01
 1.53439e+23	7.23e-08	2.74e-03	9.97e-01
 1.54503e+23	8.05e-08	2.91e-03	9.97e-01
 1.55590e+23	8.77e-08	3.04e-03	9.97e-01
 1.56707e+23	9.82e-08	3.23e-03	9.97e-01
 1.57851e+23	1.08e-07	3.39e-03	9.97e-01
 1.58813e+23	1.17e-07	3.53e-03	9.96e-01
 1.59847e+23	1.29e-07	3.73e-03	9.96e-01
 1.60899e+23	1.41e-07	3.89e-03	9.96e-01
 1.61810e+23	1.52e-07	4.06e-03	9.96e-01
 1.62830e+23	1.69e-07	4.28e-03	9.96e-01
 1.63848e+23	1.82e-07	4.45e-03	9.96e-01
 1.64864e+23	2.02e-07	4.68e-03	9.95e-01
 1.65894e+23	2.18e-07	4.87e-03	9.95e-01
 1.66943e+23	2.42e-07	5.14e-03	9.95e-01
 1.68011e+23	2.62e-07	5.35e-03	9.95e-01
 1.69102e+23	2.93e-07	5.65e-03	9.94e-01
 1.70210e+23	3.18e-07	5.89e-03	9.94e-01
 1.71340e+23	3.55e-07	6.23e-03	9.94e-01
 1.72497e+23	3.87e-07	6.51e-03	9.93e-01
 1.73690e+23	4.34e-07	6.89e-03	9.93e-01
 1.74912e+23	4.76e-07	7.22e-03	9.93e-01
 1.76171e+23	5.36e-07	7.66e-03	9.92e-01
 1.77444e+23	5.87e-07	8.02e-03	9.92e-01
 1.78734e+23	6.64e-07	8.53e-03	9.91e-01
 1.80038e+23	7.28e-07	8.93e-03	9.91e-01
 1.81361e+23	8.25e-07	9.51e-03	9.90e-01
 1.82653e+23	9.00e-07	9.93e-03	9.90e-01
 1.83906e+23	1.01e-06	1.05e-02	9.89e-01
 1.85218e+23	1.11e-06	1.10e-02	9.89e-01
 1.86325e+23	1.21e-06	1.15e-02	9.88e-01
 1.87484e+23	1.34e-06	1.21e-02	9.88e-01
 1.88679e+23	1.46e-06	1.26e-02	9.87e-01
 1.89753e+23	1.59e-06	1.32e-02	9.87e-01
 1.90978e+23	1.76e-06	1.39e-02	9.86e-01
 1.92249e+23	1.94e-06	1.46e-02	9.85e-01
 1.93382e+23	2.12e-06	1.52e-02	9.85e-01
 1.94656e+23	2.36e-06	1.61e-02	9.84e-01
 1.95992e+23	2.61e-06	1.69e-02	9.83e-01
 1.97199e+23	2.86e-06	1.77e-02	9.82e-01
 1.98561e+23	3.21e-06	1.87e-02	9.81e-01
 1.99968e+23	3.56e-06	1.97e-02	9.80e-01
 2.01222e+23	3.91e-06	2.07e-02	9.79e-01
 2.02641e+23	4.41e-06	2.19e-02	9.78e-01
 2.04114e+23	4.91e-06	2.31e-02	9.77e-01
 2.05438e+23	5.42e-06	2.43e-02	9.76e-01
 2.06938e+23	6.16e-06	2.59e-02	9.74e-01
 2.08488e+23	6.87e-06	2.73e-02	9.73e-01
 2.09888e+23	7.64e-06	2.88e-02	9.71e-01
 2.11493e+23	8.76e-06	3.08e-02	9.69e-01
 2.13112e+23	9.79e-06	3.25e-02	9.67e-01
 2.14749e+23	1.12e-05	3.47e-02	9.65e-01
 2.16424e+23	1.26e-05	3.68e-02	9.63e-01
 2.17896e+23	1.40e-05	3.88e-02	9.61e-01
 2.19559e+23	1.62e-05	4.16e-02	9.58e-01
 2.21264e+23	1.82e-05	4.41e-02	9.56e-01
 2.23025e+23	2.10e-05	4.73e-02	9.53e-01
 2.24813e+23	2.37e-05	5.02e-02	9.50e-01
 2.26397e+23	2.66e-05	5.31e-02	9.47e-01
 2.28214e+23	3.10e-05	5.72e-02	9.43e-01
 2.30058e+23	3.50e-05	6.06e-02	9.39e-01
 2.31665e+23	3.93e-05	6.42e-02	9.36e-01
 2.33207e+23	4.38e-05	6.76e-02	9.32e-01
 2.34676e+23	4.87e-05	7.12e-02	9.29e-01
 2.36332e+23	5.57e-05	7.59e-02	9.24e-01
 2.37983e+23	6.19e-05	7.98e-02	9.20e-01
 2.39627e+23	7.06e-05	8.50e-02	9.15e-01
 2.41303e+23	7.87e-05	8.96e-02	9.10e-01
 2.43020e+23	9.01e-05	9.55e-02	9.04e-01
 2.44750e+23	1.01e-04	1.01e-01	8.99e-01
 2.46498e+23	1.15e-04	1.07e-01	8.93e-01
 2.48267e+23	1.29e-04	1.13e-01	8.87e-01
 2.49685e+23	1.41e-04	1.18e-01	8.82e-01
 2.51149e+23	1.57e-04	1.24e-01	8.76e-01
 2.52648e+23	1.73e-04	1.30e-01	8.70e-01
 2.53982e+23	1.89e-04	1.35e-01	8.64e-01
 2.55508e+23	2.12e-04	1.43e-01	8.57e-01
 2.57052e+23	2.33e-04	1.49e-01	8.51e-01
 2.58405e+23	2.55e-04	1.55e-01	8.44e-01
 2.59950e+23	2.85e-04	1.63e-01	8.36e-01
 2.61522e+23	3.13e-04	1.71e-01	8.29e-01
 2.62914e+23	3.42e-04	1.78e-01	8.22e-01
 2.64509e+23	3.83e-04	1.87e-01	8.13e-01
 2.66123e+23	4.21e-04	1.95e-01	8.05e-01
 2.67542e+23	4.61e-04	2.03e-01	7.96e-01
 2.69170e+23	5.17e-04	2.14e-01	7.86e-01
 2.70827e+23	5.68e-04	2.23e-01	7.77e-01
 2.72522e+23	6.38e-04	2.34e-01	7.65e-01
 2.74236e+23	7.03e-04	2.44e-01	7.55e-01
 2.75973e+23	7.90e-04	2.57e-01	7.43e-01
 2.77742e+23	8.72e-04	2.67e-01	7.32e-01
 2.79550e+23	9.82e-04	2.81e-01	7.18e-01
 2.81388e+23	1.09e-03	2.93e-01	7.06e-01
 2.83012e+23	1.19e-03	3.05e-01	6.94e-01
 2.84870e+23	1.35e-03	3.20e-01	6.79e-01
 2.86506e+23	1.45e-03	3.30e-01	6.69e-01
 2.87674e+23	1.55e-03	3.38e-01	6.60e-01
 2.89013e+23	1.68e-03	3.50e-01	6.48e-01
 2.90399e+23	1.81e-03	3.60e-01	6.38e-01
 2.91848e+23	1.98e-03	3.73e-01	6.25e-01
 2.93305e+23	2.13e-03	3.84e-01	6.14e-01
 2.94773e+23	2.33e-03	3.97e-01	6.01e-01
 2.96270e+23	2.52e-03	4.09e-01	5.89e-01
 2.97588e+23	2.70e-03	4.20e-01	5.78e-01
 2.99081e+23	2.96e-03	4.34e-01	5.63e-01
 3.00602e+23	3.20e-03	4.46e-01	5.51e-01
 3.02158e+23	3.52e-03	4.62e-01	5.34e-01
 3.03725e+23	3.80e-03	4.75e-01	5.22e-01
 3.05307e+23	4.18e-03	4.90e-01	5.05e-01
 3.06925e+23	4.56e-03	5.05e-01	4.91e-01
 3.08109e+23	4.83e-03	5.14e-01	4.82e-01
