#depth	Ne	Ne+	Ne+2	Ne+3	Ne+4	Ne+5	Ne+6	Ne+7	Ne+8	Ne+9	Ne+10
 1.54284e+22	0.00e+00	1.55e-27	1.97e-22	3.48e-18	1.40e-14	1.38e-11	5.33e-09	1.26e-06	9.60e-04	5.99e-02	9.39e-01
 3.56699e+22	3.67e-32	4.78e-26	4.11e-21	4.97e-17	1.37e-13	9.28e-11	2.42e-08	3.83e-06	2.00e-03	8.53e-02	9.13e-01
 4.34500e+22	4.61e-31	4.60e-25	3.05e-20	2.85e-16	6.15e-13	3.23e-10	6.44e-08	7.85e-06	3.21e-03	1.07e-01	8.90e-01
 4.79004e+22	1.73e-30	1.51e-24	8.70e-20	7.12e-16	1.35e-12	6.19e-10	1.07e-07	1.14e-05	4.08e-03	1.19e-01	8.77e-01
 4.97548e+22	2.52e-30	2.11e-24	1.17e-19	9.22e-16	1.68e-12	7.44e-10	1.24e-07	1.26e-05	4.37e-03	1.23e-01	8.73e-01
 5.04795e+22	3.57e-30	2.87e-24	1.54e-19	1.17e-15	2.06e-12	8.82e-10	1.42e-07	1.39e-05	4.65e-03	1.27e-01	8.69e-01
 5.12934e+22	5.31e-30	4.10e-24	2.11e-19	1.54e-15	2.61e-12	1.07e-09	1.65e-07	1.56e-05	5.00e-03	1.31e-01	8.64e-01
 5.21692e+22	7.48e-30	5.57e-24	2.76e-19	1.95e-15	3.20e-12	1.27e-09	1.88e-07	1.71e-05	5.31e-03	1.35e-01	8.60e-01
 5.31255e+22	1.22e-29	8.62e-24	4.06e-19	2.73e-15	4.26e-12	1.61e-09	2.27e-07	1.96e-05	5.80e-03	1.40e-01	8.54e-01
 5.40558e+22	1.76e-29	1.20e-23	5.43e-19	3.52e-15	5.29e-12	1.93e-09	2.61e-07	2.17e-05	6.19e-03	1.44e-01	8.49e-01
 5.49525e+22	2.83e-29	1.83e-23	7.92e-19	4.89e-15	7.02e-12	2.44e-09	3.14e-07	2.47e-05	6.73e-03	1.50e-01	8.43e-01
 5.58570e+22	4.11e-29	2.56e-23	1.06e-18	6.32e-15	8.75e-12	2.93e-09	3.62e-07	2.74e-05	7.19e-03	1.55e-01	8.38e-01
 5.66388e+22	6.01e-29	3.60e-23	1.44e-18	8.21e-15	1.09e-11	3.52e-09	4.18e-07	3.04e-05	7.68e-03	1.59e-01	8.33e-01
 5.73798e+22	8.49e-29	4.90e-23	1.89e-18	1.04e-14	1.34e-11	4.17e-09	4.76e-07	3.34e-05	8.15e-03	1.64e-01	8.28e-01
 5.82007e+22	1.31e-28	7.21e-23	2.65e-18	1.40e-14	1.73e-11	5.16e-09	5.62e-07	3.76e-05	8.79e-03	1.69e-01	8.22e-01
 5.90445e+22	1.94e-28	1.02e-22	3.62e-18	1.84e-14	2.18e-11	6.24e-09	6.51e-07	4.18e-05	9.40e-03	1.74e-01	8.16e-01
 5.97241e+22	2.62e-28	1.34e-22	4.60e-18	2.27e-14	2.61e-11	7.24e-09	7.31e-07	4.54e-05	9.91e-03	1.78e-01	8.12e-01
 6.04135e+22	3.83e-28	1.89e-22	6.21e-18	2.94e-14	3.26e-11	8.71e-09	8.43e-07	5.03e-05	1.06e-02	1.83e-01	8.06e-01
 6.10799e+22	5.12e-28	2.45e-22	7.80e-18	3.59e-14	3.87e-11	1.00e-08	9.41e-07	5.44e-05	1.11e-02	1.87e-01	8.01e-01
 6.16247e+22	6.82e-28	3.16e-22	9.78e-18	4.37e-14	4.58e-11	1.15e-08	1.05e-06	5.88e-05	1.17e-02	1.91e-01	7.97e-01
 6.21600e+22	8.96e-28	4.04e-22	1.21e-17	5.27e-14	5.38e-11	1.32e-08	1.16e-06	6.32e-05	1.22e-02	1.95e-01	7.92e-01
 6.26822e+22	1.16e-27	5.08e-22	1.48e-17	6.29e-14	6.25e-11	1.49e-08	1.28e-06	6.77e-05	1.27e-02	1.99e-01	7.88e-01
 6.32690e+22	1.62e-27	6.88e-22	1.94e-17	7.94e-14	7.63e-11	1.76e-08	1.45e-06	7.41e-05	1.35e-02	2.04e-01	7.82e-01
 6.38548e+22	2.14e-27	8.79e-22	2.41e-17	9.58e-14	8.96e-11	2.01e-08	1.61e-06	7.97e-05	1.41e-02	2.08e-01	7.78e-01
 6.43591e+22	2.79e-27	1.12e-21	2.98e-17	1.15e-13	1.05e-10	2.29e-08	1.78e-06	8.56e-05	1.47e-02	2.12e-01	7.73e-01
 6.48413e+22	3.64e-27	1.42e-21	3.67e-17	1.38e-13	1.22e-10	2.60e-08	1.96e-06	9.17e-05	1.54e-02	2.16e-01	7.69e-01
 6.52955e+22	4.55e-27	1.73e-21	4.38e-17	1.61e-13	1.40e-10	2.90e-08	2.13e-06	9.74e-05	1.60e-02	2.19e-01	7.65e-01
 6.58069e+22	6.18e-27	2.27e-21	5.57e-17	1.99e-13	1.67e-10	3.36e-08	2.39e-06	1.06e-04	1.68e-02	2.24e-01	7.59e-01
 6.63346e+22	8.18e-27	2.92e-21	6.95e-17	2.41e-13	1.97e-10	3.84e-08	2.65e-06	1.14e-04	1.76e-02	2.28e-01	7.54e-01
 6.67953e+22	1.05e-26	3.66e-21	8.48e-17	2.86e-13	2.28e-10	4.34e-08	2.91e-06	1.21e-04	1.83e-02	2.32e-01	7.49e-01
 6.73060e+22	1.45e-26	4.87e-21	1.09e-16	3.55e-13	2.75e-10	5.06e-08	3.27e-06	1.32e-04	1.93e-02	2.37e-01	7.43e-01
 6.78039e+22	1.84e-26	6.05e-21	1.32e-16	4.19e-13	3.16e-10	5.69e-08	3.58e-06	1.40e-04	2.00e-02	2.41e-01	7.39e-01
 6.82191e+22	2.37e-26	7.58e-21	1.61e-16	4.98e-13	3.66e-10	6.42e-08	3.93e-06	1.50e-04	2.09e-02	2.45e-01	7.34e-01
 6.86276e+22	2.99e-26	9.32e-21	1.93e-16	5.83e-13	4.19e-10	7.17e-08	4.28e-06	1.59e-04	2.16e-02	2.49e-01	7.29e-01
 6.90930e+22	4.07e-26	1.23e-20	2.46e-16	7.21e-13	5.02e-10	8.32e-08	4.79e-06	1.72e-04	2.27e-02	2.54e-01	7.23e-01
 6.95653e+22	5.33e-26	1.56e-20	3.04e-16	8.66e-13	5.87e-10	9.46e-08	5.29e-06	1.84e-04	2.37e-02	2.58e-01	7.18e-01
 6.99726e+22	6.74e-26	1.93e-20	3.66e-16	1.02e-12	6.74e-10	1.06e-07	5.76e-06	1.96e-04	2.46e-02	2.62e-01	7.13e-01
 7.04279e+22	9.33e-26	2.58e-20	4.72e-16	1.27e-12	8.13e-10	1.24e-07	6.49e-06	2.13e-04	2.59e-02	2.68e-01	7.06e-01
 7.08907e+22	1.22e-25	3.27e-20	5.82e-16	1.52e-12	9.49e-10	1.40e-07	7.15e-06	2.28e-04	2.70e-02	2.72e-01	7.01e-01
 7.13631e+22	1.71e-25	4.45e-20	7.61e-16	1.92e-12	1.16e-09	1.65e-07	8.09e-06	2.48e-04	2.84e-02	2.78e-01	6.93e-01
 7.18391e+22	2.25e-25	5.69e-20	9.45e-16	2.31e-12	1.36e-09	1.88e-07	8.95e-06	2.66e-04	2.97e-02	2.82e-01	6.88e-01
 7.22425e+22	2.89e-25	7.10e-20	1.15e-15	2.74e-12	1.57e-09	2.12e-07	9.79e-06	2.83e-04	3.08e-02	2.87e-01	6.82e-01
 7.26899e+22	4.15e-25	9.82e-20	1.53e-15	3.50e-12	1.93e-09	2.52e-07	1.12e-05	3.10e-04	3.25e-02	2.93e-01	6.74e-01
 7.31297e+22	5.28e-25	1.22e-19	1.85e-15	4.12e-12	2.22e-09	2.83e-07	1.22e-05	3.30e-04	3.38e-02	2.97e-01	6.69e-01
 7.35595e+22	7.49e-25	1.67e-19	2.43e-15	5.23e-12	2.72e-09	3.34e-07	1.38e-05	3.60e-04	3.56e-02	3.03e-01	6.61e-01
 7.39813e+22	9.43e-25	2.05e-19	2.91e-15	6.11e-12	3.10e-09	3.72e-07	1.50e-05	3.82e-04	3.69e-02	3.07e-01	6.56e-01
 7.43927e+22	1.35e-24	2.82e-19	3.85e-15	7.78e-12	3.81e-09	4.41e-07	1.71e-05	4.17e-04	3.89e-02	3.13e-01	6.47e-01
 7.48005e+22	1.70e-24	3.48e-19	4.63e-15	9.11e-12	4.36e-09	4.93e-07	1.86e-05	4.42e-04	4.03e-02	3.17e-01	6.42e-01
 7.52037e+22	2.42e-24	4.77e-19	6.10e-15	1.16e-11	5.35e-09	5.83e-07	2.12e-05	4.83e-04	4.24e-02	3.24e-01	6.33e-01
 7.56111e+22	3.12e-24	5.99e-19	7.44e-15	1.37e-11	6.19e-09	6.58e-07	2.32e-05	5.14e-04	4.41e-02	3.28e-01	6.27e-01
 7.60238e+22	4.48e-24	8.28e-19	9.89e-15	1.75e-11	7.62e-09	7.81e-07	2.65e-05	5.63e-04	4.65e-02	3.34e-01	6.18e-01
 7.64423e+22	5.84e-24	1.05e-18	1.22e-14	2.10e-11	8.88e-09	8.86e-07	2.91e-05	6.01e-04	4.84e-02	3.39e-01	6.12e-01
 7.68680e+22	8.38e-24	1.45e-18	1.62e-14	2.68e-11	1.09e-08	1.05e-06	3.32e-05	6.58e-04	5.11e-02	3.46e-01	6.03e-01
 7.72901e+22	1.10e-23	1.85e-18	2.00e-14	3.22e-11	1.28e-08	1.20e-06	3.67e-05	7.05e-04	5.32e-02	3.51e-01	5.95e-01
 7.77076e+22	1.58e-23	2.56e-18	2.65e-14	4.11e-11	1.58e-08	1.42e-06	4.19e-05	7.71e-04	5.61e-02	3.57e-01	5.86e-01
 7.81332e+22	2.10e-23	3.31e-18	3.33e-14	4.99e-11	1.86e-08	1.63e-06	4.65e-05	8.29e-04	5.85e-02	3.62e-01	5.78e-01
 7.85692e+22	3.06e-23	4.63e-18	4.47e-14	6.43e-11	2.31e-08	1.96e-06	5.35e-05	9.11e-04	6.19e-02	3.69e-01	5.68e-01
 7.90074e+22	4.09e-23	6.00e-18	5.61e-14	7.83e-11	2.73e-08	2.25e-06	5.95e-05	9.81e-04	6.46e-02	3.74e-01	5.60e-01
 7.94484e+22	5.97e-23	8.43e-18	7.55e-14	1.01e-10	3.41e-08	2.70e-06	6.85e-05	1.08e-03	6.83e-02	3.81e-01	5.50e-01
 7.98928e+22	7.98e-23	1.09e-17	9.49e-14	1.23e-10	4.03e-08	3.11e-06	7.63e-05	1.16e-03	7.13e-02	3.86e-01	5.41e-01
 8.02770e+22	1.06e-22	1.41e-17	1.18e-13	1.49e-10	4.75e-08	3.56e-06	8.48e-05	1.25e-03	7.44e-02	3.91e-01	5.33e-01
 8.07119e+22	1.52e-22	1.96e-17	1.58e-13	1.91e-10	5.88e-08	4.26e-06	9.74e-05	1.37e-03	7.85e-02	3.98e-01	5.22e-01
 8.11442e+22	1.98e-22	2.47e-17	1.94e-13	2.28e-10	6.85e-08	4.85e-06	1.07e-04	1.47e-03	8.17e-02	4.02e-01	5.14e-01
 8.15730e+22	2.81e-22	3.38e-17	2.56e-13	2.89e-10	8.41e-08	5.76e-06	1.23e-04	1.61e-03	8.60e-02	4.09e-01	5.04e-01
 8.20106e+22	3.65e-22	4.29e-17	3.15e-13	3.47e-10	9.83e-08	6.56e-06	1.36e-04	1.72e-03	8.95e-02	4.13e-01	4.96e-01
 8.24593e+22	5.17e-22	5.87e-17	4.15e-13	4.40e-10	1.21e-07	7.79e-06	1.55e-04	1.89e-03	9.43e-02	4.19e-01	4.85e-01
 8.29183e+22	6.76e-22	7.46e-17	5.13e-13	5.28e-10	1.41e-07	8.90e-06	1.72e-04	2.02e-03	9.82e-02	4.24e-01	4.76e-01
 8.33908e+22	9.59e-22	1.02e-16	6.77e-13	6.72e-10	1.74e-07	1.06e-05	1.97e-04	2.22e-03	1.03e-01	4.30e-01	4.65e-01
 8.38745e+22	1.25e-21	1.30e-16	8.38e-13	8.08e-10	2.04e-07	1.21e-05	2.19e-04	2.39e-03	1.08e-01	4.34e-01	4.56e-01
 8.43728e+22	1.77e-21	1.78e-16	1.10e-12	1.02e-09	2.51e-07	1.44e-05	2.51e-04	2.62e-03	1.13e-01	4.40e-01	4.44e-01
 8.48805e+22	2.32e-21	2.27e-16	1.37e-12	1.23e-09	2.95e-07	1.65e-05	2.79e-04	2.81e-03	1.18e-01	4.44e-01	4.35e-01
 8.54005e+22	3.26e-21	3.09e-16	1.79e-12	1.56e-09	3.62e-07	1.97e-05	3.20e-04	3.08e-03	1.24e-01	4.49e-01	4.23e-01
 8.59239e+22	4.22e-21	3.90e-16	2.21e-12	1.87e-09	4.23e-07	2.25e-05	3.55e-04	3.31e-03	1.29e-01	4.53e-01	4.14e-01
 8.64519e+22	5.88e-21	5.26e-16	2.88e-12	2.35e-09	5.17e-07	2.66e-05	4.05e-04	3.62e-03	1.36e-01	4.57e-01	4.03e-01
 8.69631e+22	7.33e-21	6.43e-16	3.44e-12	2.75e-09	5.92e-07	2.98e-05	4.43e-04	3.84e-03	1.40e-01	4.60e-01	3.95e-01
 8.74523e+22	9.82e-21	8.38e-16	4.35e-12	3.37e-09	7.07e-07	3.46e-05	4.98e-04	4.16e-03	1.47e-01	4.64e-01	3.84e-01
 8.79543e+22	1.23e-20	1.03e-15	5.21e-12	3.95e-09	8.11e-07	3.89e-05	5.46e-04	4.43e-03	1.52e-01	4.67e-01	3.76e-01
 8.84728e+22	1.66e-20	1.35e-15	6.64e-12	4.87e-09	9.74e-07	4.55e-05	6.17e-04	4.81e-03	1.59e-01	4.70e-01	3.66e-01
 8.89980e+22	2.07e-20	1.65e-15	7.92e-12	5.68e-09	1.11e-06	5.09e-05	6.74e-04	5.11e-03	1.64e-01	4.73e-01	3.58e-01
 8.95317e+22	2.76e-20	2.13e-15	9.98e-12	6.94e-09	1.33e-06	5.91e-05	7.57e-04	5.52e-03	1.71e-01	4.76e-01	3.47e-01
 9.00613e+22	3.41e-20	2.59e-15	1.19e-11	8.07e-09	1.51e-06	6.60e-05	8.26e-04	5.86e-03	1.76e-01	4.77e-01	3.39e-01
 9.05856e+22	4.50e-20	3.33e-15	1.48e-11	9.81e-09	1.80e-06	7.63e-05	9.26e-04	6.33e-03	1.84e-01	4.80e-01	3.29e-01
 9.11151e+22	5.51e-20	4.01e-15	1.75e-11	1.13e-08	2.03e-06	8.47e-05	1.01e-03	6.69e-03	1.89e-01	4.81e-01	3.22e-01
 9.16515e+22	7.21e-20	5.12e-15	2.18e-11	1.37e-08	2.40e-06	9.77e-05	1.12e-03	7.21e-03	1.97e-01	4.83e-01	3.12e-01
 9.21983e+22	8.86e-20	6.18e-15	2.57e-11	1.59e-08	2.73e-06	1.09e-04	1.22e-03	7.63e-03	2.03e-01	4.84e-01	3.04e-01
 9.27586e+22	1.16e-19	7.90e-15	3.21e-11	1.92e-08	3.23e-06	1.25e-04	1.37e-03	8.22e-03	2.10e-01	4.85e-01	2.95e-01
 9.33292e+22	1.43e-19	9.53e-15	3.79e-11	2.22e-08	3.67e-06	1.39e-04	1.49e-03	8.70e-03	2.17e-01	4.86e-01	2.87e-01
 9.39132e+22	1.87e-19	1.22e-14	4.73e-11	2.69e-08	4.34e-06	1.61e-04	1.66e-03	9.37e-03	2.25e-01	4.87e-01	2.77e-01
 9.45082e+22	2.30e-19	1.47e-14	5.60e-11	3.12e-08	4.93e-06	1.79e-04	1.81e-03	9.92e-03	2.32e-01	4.87e-01	2.70e-01
 9.51177e+22	3.01e-19	1.89e-14	6.98e-11	3.79e-08	5.84e-06	2.07e-04	2.02e-03	1.07e-02	2.40e-01	4.87e-01	2.60e-01
 9.57134e+22	3.63e-19	2.23e-14	8.12e-11	4.32e-08	6.54e-06	2.27e-04	2.18e-03	1.12e-02	2.46e-01	4.87e-01	2.54e-01
 9.62912e+22	4.67e-19	2.81e-14	9.99e-11	5.17e-08	7.66e-06	2.60e-04	2.42e-03	1.20e-02	2.55e-01	4.86e-01	2.44e-01
 9.68784e+22	5.62e-19	3.33e-14	1.16e-10	5.90e-08	8.59e-06	2.86e-04	2.61e-03	1.26e-02	2.61e-01	4.85e-01	2.38e-01
 9.74776e+22	7.19e-19	4.17e-14	1.42e-10	7.04e-08	1.00e-05	3.25e-04	2.88e-03	1.35e-02	2.70e-01	4.84e-01	2.29e-01
 9.80956e+22	8.79e-19	5.01e-14	1.68e-10	8.12e-08	1.13e-05	3.61e-04	3.13e-03	1.43e-02	2.77e-01	4.83e-01	2.23e-01
 9.87381e+22	1.13e-18	6.29e-14	2.06e-10	9.71e-08	1.32e-05	4.11e-04	3.46e-03	1.53e-02	2.86e-01	4.81e-01	2.14e-01
 9.94018e+22	1.39e-18	7.64e-14	2.44e-10	1.13e-07	1.51e-05	4.59e-04	3.77e-03	1.61e-02	2.93e-01	4.79e-01	2.07e-01
 1.00093e+23	1.81e-18	9.68e-14	3.02e-10	1.36e-07	1.77e-05	5.25e-04	4.18e-03	1.73e-02	3.03e-01	4.77e-01	1.98e-01
 1.00804e+23	2.25e-18	1.18e-13	3.61e-10	1.59e-07	2.03e-05	5.87e-04	4.56e-03	1.83e-02	3.11e-01	4.74e-01	1.91e-01
 1.01540e+23	2.94e-18	1.51e-13	4.50e-10	1.92e-07	2.39e-05	6.74e-04	5.07e-03	1.96e-02	3.21e-01	4.71e-01	1.83e-01
 1.02300e+23	3.69e-18	1.86e-13	5.42e-10	2.26e-07	2.75e-05	7.57e-04	5.54e-03	2.08e-02	3.29e-01	4.68e-01	1.76e-01
 1.03093e+23	4.89e-18	2.40e-13	6.81e-10	2.75e-07	3.26e-05	8.73e-04	6.18e-03	2.23e-02	3.40e-01	4.63e-01	1.67e-01
 1.03905e+23	6.18e-18	2.97e-13	8.25e-10	3.25e-07	3.77e-05	9.84e-04	6.77e-03	2.37e-02	3.49e-01	4.59e-01	1.60e-01
 1.04633e+23	7.73e-18	3.65e-13	9.90e-10	3.81e-07	4.31e-05	1.10e-03	7.37e-03	2.50e-02	3.57e-01	4.55e-01	1.54e-01
 1.05468e+23	1.04e-17	4.76e-13	1.26e-09	4.70e-07	5.17e-05	1.28e-03	8.28e-03	2.69e-02	3.68e-01	4.50e-01	1.46e-01
 1.06309e+23	1.30e-17	5.84e-13	1.51e-09	5.50e-07	5.91e-05	1.43e-03	9.00e-03	2.84e-02	3.77e-01	4.45e-01	1.39e-01
 1.07159e+23	1.73e-17	7.60e-13	1.91e-09	6.75e-07	7.06e-05	1.65e-03	1.01e-02	3.05e-02	3.88e-01	4.38e-01	1.32e-01
 1.08028e+23	2.18e-17	9.41e-13	2.31e-09	7.97e-07	8.14e-05	1.86e-03	1.10e-02	3.23e-02	3.97e-01	4.33e-01	1.25e-01
 1.08920e+23	2.92e-17	1.23e-12	2.95e-09	9.83e-07	9.76e-05	2.16e-03	1.23e-02	3.47e-02	4.08e-01	4.25e-01	1.18e-01
 1.09825e+23	3.70e-17	1.53e-12	3.58e-09	1.16e-06	1.13e-04	2.44e-03	1.35e-02	3.67e-02	4.17e-01	4.19e-01	1.12e-01
 1.10749e+23	4.99e-17	2.01e-12	4.58e-09	1.44e-06	1.36e-04	2.85e-03	1.52e-02	3.96e-02	4.28e-01	4.10e-01	1.04e-01
 1.11623e+23	6.10e-17	2.42e-12	5.41e-09	1.67e-06	1.54e-04	3.16e-03	1.64e-02	4.15e-02	4.36e-01	4.04e-01	9.94e-02
 1.12431e+23	7.85e-17	3.06e-12	6.69e-09	2.01e-06	1.81e-04	3.61e-03	1.82e-02	4.43e-02	4.46e-01	3.95e-01	9.31e-02
 1.13246e+23	9.57e-17	3.66e-12	7.87e-09	2.31e-06	2.04e-04	3.99e-03	1.96e-02	4.64e-02	4.53e-01	3.88e-01	8.87e-02
 1.14070e+23	1.23e-16	4.62e-12	9.73e-09	2.78e-06	2.41e-04	4.58e-03	2.18e-02	4.95e-02	4.62e-01	3.79e-01	8.27e-02
 1.14900e+23	1.49e-16	5.54e-12	1.15e-08	3.21e-06	2.72e-04	5.08e-03	2.36e-02	5.19e-02	4.69e-01	3.71e-01	7.83e-02
 1.15740e+23	1.90e-16	6.96e-12	1.41e-08	3.86e-06	3.20e-04	5.82e-03	2.62e-02	5.53e-02	4.78e-01	3.61e-01	7.27e-02
 1.16592e+23	2.30e-16	8.33e-12	1.67e-08	4.46e-06	3.64e-04	6.47e-03	2.83e-02	5.81e-02	4.85e-01	3.53e-01	6.85e-02
 1.17461e+23	2.92e-16	1.04e-11	2.05e-08	5.37e-06	4.28e-04	7.43e-03	3.15e-02	6.20e-02	4.94e-01	3.42e-01	6.32e-02
 1.18343e+23	3.53e-16	1.25e-11	2.42e-08	6.20e-06	4.86e-04	8.26e-03	3.41e-02	6.51e-02	5.00e-01	3.33e-01	5.93e-02
 1.19241e+23	4.44e-16	1.55e-11	2.97e-08	7.45e-06	5.73e-04	9.50e-03	3.79e-02	6.94e-02	5.07e-01	3.21e-01	5.43e-02
 1.20158e+23	5.32e-16	1.85e-11	3.50e-08	8.62e-06	6.52e-04	1.06e-02	4.12e-02	7.30e-02	5.13e-01	3.11e-01	5.04e-02
 1.21099e+23	6.63e-16	2.29e-11	4.29e-08	1.04e-05	7.70e-04	1.22e-02	4.59e-02	7.79e-02	5.19e-01	2.98e-01	4.57e-02
 1.22059e+23	7.86e-16	2.71e-11	5.04e-08	1.20e-05	8.78e-04	1.37e-02	5.00e-02	8.20e-02	5.24e-01	2.87e-01	4.22e-02
 1.23009e+23	9.52e-16	3.29e-11	6.08e-08	1.42e-05	1.03e-03	1.57e-02	5.54e-02	8.72e-02	5.28e-01	2.74e-01	3.81e-02
 1.23911e+23	1.09e-15	3.77e-11	6.95e-08	1.60e-05	1.15e-03	1.72e-02	5.95e-02	9.11e-02	5.31e-01	2.65e-01	3.53e-02
 1.24787e+23	1.27e-15	4.44e-11	8.19e-08	1.87e-05	1.32e-03	1.95e-02	6.54e-02	9.64e-02	5.34e-01	2.52e-01	3.19e-02
 1.25679e+23	1.43e-15	5.04e-11	9.31e-08	2.11e-05	1.48e-03	2.15e-02	7.03e-02	1.01e-01	5.35e-01	2.42e-01	2.93e-02
 1.26552e+23	1.63e-15	5.80e-11	1.08e-07	2.42e-05	1.68e-03	2.40e-02	7.65e-02	1.06e-01	5.36e-01	2.30e-01	2.64e-02
 1.27444e+23	1.80e-15	6.52e-11	1.22e-07	2.71e-05	1.88e-03	2.65e-02	8.23e-02	1.11e-01	5.35e-01	2.19e-01	2.41e-02
 1.28313e+23	1.99e-15	7.32e-11	1.38e-07	3.07e-05	2.11e-03	2.94e-02	8.88e-02	1.16e-01	5.34e-01	2.08e-01	2.18e-02
 1.29199e+23	2.16e-15	8.13e-11	1.55e-07	3.44e-05	2.36e-03	3.23e-02	9.54e-02	1.21e-01	5.32e-01	1.97e-01	1.97e-02
 1.30078e+23	2.33e-15	8.98e-11	1.74e-07	3.85e-05	2.63e-03	3.56e-02	1.02e-01	1.26e-01	5.29e-01	1.87e-01	1.77e-02
 1.30961e+23	2.48e-15	9.83e-11	1.94e-07	4.29e-05	2.92e-03	3.90e-02	1.09e-01	1.31e-01	5.25e-01	1.77e-01	1.60e-02
 1.31834e+23	2.62e-15	1.07e-10	2.15e-07	4.76e-05	3.24e-03	4.26e-02	1.17e-01	1.36e-01	5.21e-01	1.67e-01	1.44e-02
 1.32706e+23	2.75e-15	1.16e-10	2.37e-07	5.27e-05	3.58e-03	4.65e-02	1.24e-01	1.41e-01	5.15e-01	1.57e-01	1.29e-02
 1.33580e+23	2.86e-15	1.25e-10	2.62e-07	5.84e-05	3.96e-03	5.06e-02	1.31e-01	1.46e-01	5.09e-01	1.48e-01	1.16e-02
 1.34457e+23	2.96e-15	1.34e-10	2.88e-07	6.45e-05	4.36e-03	5.49e-02	1.39e-01	1.51e-01	5.02e-01	1.39e-01	1.04e-02
 1.35340e+23	3.04e-15	1.43e-10	3.16e-07	7.13e-05	4.81e-03	5.96e-02	1.47e-01	1.55e-01	4.94e-01	1.30e-01	9.25e-03
 1.36232e+23	3.12e-15	1.53e-10	3.48e-07	7.89e-05	5.30e-03	6.46e-02	1.55e-01	1.60e-01	4.85e-01	1.22e-01	8.24e-03
 1.37135e+23	3.19e-15	1.64e-10	3.83e-07	8.73e-05	5.84e-03	6.99e-02	1.63e-01	1.64e-01	4.76e-01	1.14e-01	7.32e-03
 1.38042e+23	3.26e-15	1.75e-10	4.22e-07	9.67e-05	6.43e-03	7.54e-02	1.71e-01	1.69e-01	4.66e-01	1.06e-01	6.50e-03
 1.38965e+23	3.33e-15	1.88e-10	4.66e-07	1.08e-04	7.10e-03	8.15e-02	1.79e-01	1.73e-01	4.55e-01	9.83e-02	5.74e-03
 1.39898e+23	3.40e-15	2.02e-10	5.16e-07	1.20e-04	7.83e-03	8.78e-02	1.87e-01	1.77e-01	4.44e-01	9.12e-02	5.08e-03
 1.40850e+23	3.48e-15	2.17e-10	5.75e-07	1.34e-04	8.66e-03	9.48e-02	1.95e-01	1.81e-01	4.32e-01	8.42e-02	4.45e-03
 1.41737e+23	3.56e-15	2.32e-10	6.29e-07	1.47e-04	9.41e-03	1.01e-01	2.02e-01	1.83e-01	4.21e-01	7.88e-02	4.00e-03
 1.42650e+23	3.65e-15	2.52e-10	7.08e-07	1.66e-04	1.05e-02	1.09e-01	2.10e-01	1.87e-01	4.08e-01	7.22e-02	3.48e-03
 1.43578e+23	3.77e-15	2.71e-10	7.82e-07	1.83e-04	1.14e-02	1.16e-01	2.17e-01	1.89e-01	3.96e-01	6.73e-02	3.11e-03
 1.44530e+23	3.89e-15	2.98e-10	8.89e-07	2.09e-04	1.27e-02	1.25e-01	2.25e-01	1.92e-01	3.81e-01	6.12e-02	2.67e-03
 1.45485e+23	4.08e-15	3.25e-10	9.90e-07	2.31e-04	1.38e-02	1.32e-01	2.31e-01	1.93e-01	3.70e-01	5.70e-02	2.39e-03
 1.46446e+23	4.29e-15	3.61e-10	1.14e-06	2.64e-04	1.54e-02	1.42e-01	2.39e-01	1.95e-01	3.54e-01	5.17e-02	2.05e-03
 1.47413e+23	4.53e-15	3.96e-10	1.27e-06	2.94e-04	1.68e-02	1.51e-01	2.45e-01	1.96e-01	3.42e-01	4.78e-02	1.82e-03
 1.48388e+23	4.85e-15	4.47e-10	1.47e-06	3.38e-04	1.87e-02	1.62e-01	2.52e-01	1.97e-01	3.26e-01	4.32e-02	1.56e-03
 1.49371e+23	5.19e-15	4.96e-10	1.66e-06	3.77e-04	2.04e-02	1.71e-01	2.57e-01	1.97e-01	3.14e-01	3.99e-02	1.38e-03
 1.50366e+23	5.66e-15	5.68e-10	1.94e-06	4.36e-04	2.28e-02	1.83e-01	2.63e-01	1.96e-01	2.98e-01	3.58e-02	1.17e-03
 1.51373e+23	6.15e-15	6.37e-10	2.21e-06	4.88e-04	2.48e-02	1.92e-01	2.67e-01	1.96e-01	2.85e-01	3.29e-02	1.03e-03
 1.52398e+23	6.86e-15	7.42e-10	2.61e-06	5.66e-04	2.77e-02	2.05e-01	2.73e-01	1.94e-01	2.69e-01	2.93e-02	8.71e-04
 1.53439e+23	7.60e-15	8.44e-10	2.99e-06	6.37e-04	3.02e-02	2.16e-01	2.76e-01	1.93e-01	2.57e-01	2.68e-02	7.61e-04
 1.54503e+23	8.69e-15	1.00e-09	3.58e-06	7.43e-04	3.37e-02	2.30e-01	2.80e-01	1.90e-01	2.41e-01	2.37e-02	6.36e-04
 1.55590e+23	9.85e-15	1.16e-09	4.14e-06	8.41e-04	3.68e-02	2.42e-01	2.83e-01	1.88e-01	2.28e-01	2.14e-02	5.51e-04
 1.56707e+23	1.16e-14	1.40e-09	5.01e-06	9.87e-04	4.11e-02	2.57e-01	2.86e-01	1.84e-01	2.12e-01	1.88e-02	4.55e-04
 1.57851e+23	1.35e-14	1.65e-09	5.85e-06	1.12e-03	4.49e-02	2.70e-01	2.87e-01	1.80e-01	1.99e-01	1.69e-02	3.91e-04
 1.58813e+23	1.55e-14	1.90e-09	6.72e-06	1.25e-03	4.85e-02	2.81e-01	2.88e-01	1.77e-01	1.89e-01	1.53e-02	3.41e-04
 1.59847e+23	1.85e-14	2.30e-09	8.03e-06	1.45e-03	5.35e-02	2.95e-01	2.89e-01	1.72e-01	1.75e-01	1.35e-02	2.84e-04
 1.60899e+23	2.16e-14	2.68e-09	9.27e-06	1.62e-03	5.77e-02	3.07e-01	2.89e-01	1.68e-01	1.65e-01	1.22e-02	2.46e-04
 1.61810e+23	2.51e-14	3.11e-09	1.06e-05	1.81e-03	6.19e-02	3.18e-01	2.88e-01	1.64e-01	1.55e-01	1.10e-02	2.14e-04
 1.62830e+23	3.07e-14	3.79e-09	1.27e-05	2.07e-03	6.78e-02	3.32e-01	2.87e-01	1.59e-01	1.44e-01	9.67e-03	1.78e-04
 1.63848e+23	3.60e-14	4.41e-09	1.45e-05	2.30e-03	7.24e-02	3.42e-01	2.85e-01	1.54e-01	1.35e-01	8.76e-03	1.55e-04
 1.64864e+23	4.45e-14	5.38e-09	1.72e-05	2.63e-03	7.89e-02	3.55e-01	2.83e-01	1.48e-01	1.24e-01	7.66e-03	1.29e-04
 1.65894e+23	5.30e-14	6.30e-09	1.98e-05	2.91e-03	8.42e-02	3.66e-01	2.80e-01	1.44e-01	1.17e-01	6.89e-03	1.12e-04
 1.66943e+23	6.66e-14	7.76e-09	2.36e-05	3.33e-03	9.16e-02	3.79e-01	2.76e-01	1.37e-01	1.07e-01	5.99e-03	9.23e-05
 1.68011e+23	8.02e-14	9.15e-09	2.71e-05	3.69e-03	9.76e-02	3.89e-01	2.73e-01	1.32e-01	9.94e-02	5.36e-03	7.94e-05
 1.69102e+23	1.03e-13	1.14e-08	3.26e-05	4.23e-03	1.06e-01	4.01e-01	2.68e-01	1.26e-01	9.02e-02	4.61e-03	6.46e-05
 1.70210e+23	1.25e-13	1.35e-08	3.75e-05	4.69e-03	1.13e-01	4.11e-01	2.63e-01	1.21e-01	8.36e-02	4.10e-03	5.52e-05
 1.71340e+23	1.62e-13	1.70e-08	4.52e-05	5.37e-03	1.22e-01	4.22e-01	2.57e-01	1.14e-01	7.54e-02	3.50e-03	4.45e-05
 1.72497e+23	2.00e-13	2.03e-08	5.23e-05	5.96e-03	1.30e-01	4.31e-01	2.52e-01	1.08e-01	6.94e-02	3.08e-03	3.76e-05
 1.73690e+23	2.65e-13	2.57e-08	6.34e-05	6.84e-03	1.41e-01	4.42e-01	2.44e-01	1.02e-01	6.20e-02	2.60e-03	2.99e-05
 1.74912e+23	3.32e-13	3.11e-08	7.37e-05	7.61e-03	1.50e-01	4.50e-01	2.38e-01	9.61e-02	5.65e-02	2.26e-03	2.49e-05
 1.76171e+23	4.47e-13	3.98e-08	8.97e-05	8.73e-03	1.62e-01	4.59e-01	2.29e-01	8.93e-02	5.00e-02	1.89e-03	1.96e-05
 1.77444e+23	5.62e-13	4.81e-08	1.04e-04	9.69e-03	1.72e-01	4.65e-01	2.22e-01	8.41e-02	4.55e-02	1.64e-03	1.62e-05
 1.78734e+23	7.62e-13	6.19e-08	1.27e-04	1.11e-02	1.85e-01	4.72e-01	2.13e-01	7.75e-02	3.99e-02	1.35e-03	1.26e-05
 1.80038e+23	9.62e-13	7.50e-08	1.47e-04	1.23e-02	1.96e-01	4.77e-01	2.05e-01	7.26e-02	3.61e-02	1.17e-03	1.04e-05
 1.81361e+23	1.31e-12	9.66e-08	1.79e-04	1.40e-02	2.10e-01	4.82e-01	1.95e-01	6.65e-02	3.15e-02	9.55e-04	7.99e-06
 1.82653e+23	1.64e-12	1.16e-07	2.05e-04	1.54e-02	2.20e-01	4.84e-01	1.88e-01	6.23e-02	2.85e-02	8.27e-04	6.63e-06
 1.83906e+23	2.18e-12	1.46e-07	2.45e-04	1.74e-02	2.34e-01	4.86e-01	1.79e-01	5.72e-02	2.50e-02	6.86e-04	5.19e-06
 1.85218e+23	2.78e-12	1.77e-07	2.85e-04	1.92e-02	2.46e-01	4.87e-01	1.71e-01	5.30e-02	2.23e-02	5.82e-04	4.20e-06
 1.86325e+23	3.41e-12	2.09e-07	3.23e-04	2.08e-02	2.56e-01	4.88e-01	1.64e-01	4.97e-02	2.03e-02	5.07e-04	3.51e-06
 1.87484e+23	4.40e-12	2.56e-07	3.76e-04	2.30e-02	2.69e-01	4.87e-01	1.56e-01	4.58e-02	1.80e-02	4.27e-04	2.81e-06
 1.88679e+23	5.48e-12	3.05e-07	4.30e-04	2.51e-02	2.80e-01	4.86e-01	1.49e-01	4.26e-02	1.61e-02	3.67e-04	2.31e-06
 1.89753e+23	6.76e-12	3.61e-07	4.87e-04	2.72e-02	2.91e-01	4.84e-01	1.43e-01	3.97e-02	1.46e-02	3.17e-04	1.91e-06
 1.90978e+23	8.78e-12	4.44e-07	5.69e-04	3.01e-02	3.05e-01	4.80e-01	1.35e-01	3.62e-02	1.28e-02	2.64e-04	1.51e-06
 1.92249e+23	1.11e-11	5.36e-07	6.55e-04	3.29e-02	3.17e-01	4.77e-01	1.27e-01	3.33e-02	1.13e-02	2.23e-04	1.21e-06
 1.93382e+23	1.38e-11	6.34e-07	7.42e-04	3.56e-02	3.29e-01	4.73e-01	1.21e-01	3.09e-02	1.02e-02	1.91e-04	9.94e-07
 1.94656e+23	1.79e-11	7.82e-07	8.66e-04	3.93e-02	3.43e-01	4.67e-01	1.14e-01	2.80e-02	8.83e-03	1.57e-04	7.75e-07
 1.95992e+23	2.29e-11	9.50e-07	9.99e-04	4.29e-02	3.56e-01	4.60e-01	1.07e-01	2.56e-02	7.75e-03	1.31e-04	6.14e-07
 1.97199e+23	2.86e-11	1.13e-06	1.14e-03	4.65e-02	3.67e-01	4.54e-01	1.01e-01	2.35e-02	6.88e-03	1.11e-04	4.96e-07
 1.98561e+23	3.78e-11	1.41e-06	1.33e-03	5.13e-02	3.82e-01	4.45e-01	9.32e-02	2.11e-02	5.91e-03	8.98e-05	3.79e-07
 1.99968e+23	4.84e-11	1.70e-06	1.53e-03	5.59e-02	3.94e-01	4.37e-01	8.70e-02	1.91e-02	5.15e-03	7.42e-05	2.97e-07
 2.01222e+23	6.07e-11	2.04e-06	1.75e-03	6.04e-02	4.06e-01	4.28e-01	8.14e-02	1.74e-02	4.52e-03	6.21e-05	2.37e-07
 2.02641e+23	8.06e-11	2.54e-06	2.05e-03	6.65e-02	4.20e-01	4.17e-01	7.48e-02	1.55e-02	3.84e-03	4.96e-05	1.78e-07
 2.04114e+23	1.04e-10	3.10e-06	2.36e-03	7.24e-02	4.32e-01	4.07e-01	6.92e-02	1.39e-02	3.31e-03	4.04e-05	1.37e-07
 2.05438e+23	1.31e-10	3.72e-06	2.70e-03	7.82e-02	4.43e-01	3.96e-01	6.42e-02	1.26e-02	2.88e-03	3.34e-05	0.00e+00
 2.06938e+23	1.77e-10	4.68e-06	3.18e-03	8.61e-02	4.57e-01	3.82e-01	5.82e-02	1.11e-02	2.40e-03	2.61e-05	0.00e+00
 2.08488e+23	2.28e-10	5.70e-06	3.66e-03	9.34e-02	4.67e-01	3.70e-01	5.34e-02	9.88e-03	2.06e-03	2.11e-05	0.00e+00
 2.09888e+23	2.92e-10	6.88e-06	4.19e-03	1.01e-01	4.77e-01	3.58e-01	4.91e-02	8.84e-03	1.76e-03	1.71e-05	0.00e+00
 2.11493e+23	4.00e-10	8.77e-06	4.98e-03	1.11e-01	4.89e-01	3.42e-01	4.38e-02	7.65e-03	1.44e-03	1.30e-05	0.00e+00
 2.13112e+23	5.16e-10	1.07e-05	5.71e-03	1.20e-01	4.98e-01	3.28e-01	3.99e-02	6.79e-03	1.22e-03	1.04e-05	0.00e+00
 2.14749e+23	6.98e-10	1.35e-05	6.72e-03	1.31e-01	5.07e-01	3.12e-01	3.56e-02	5.86e-03	1.00e-03	7.95e-06	0.00e+00
 2.16424e+23	9.11e-10	1.65e-05	7.75e-03	1.42e-01	5.15e-01	2.98e-01	3.20e-02	5.15e-03	8.37e-04	6.24e-06	0.00e+00
 2.17896e+23	1.16e-09	1.99e-05	8.83e-03	1.52e-01	5.20e-01	2.85e-01	2.90e-02	4.55e-03	7.07e-04	4.98e-06	0.00e+00
 2.19559e+23	1.59e-09	2.52e-05	1.04e-02	1.66e-01	5.27e-01	2.68e-01	2.55e-02	3.88e-03	5.69e-04	3.71e-06	0.00e+00
 2.21264e+23	2.07e-09	3.08e-05	1.19e-02	1.78e-01	5.30e-01	2.53e-01	2.28e-02	3.39e-03	4.72e-04	2.89e-06	0.00e+00
 2.23025e+23	2.84e-09	3.91e-05	1.41e-02	1.93e-01	5.33e-01	2.36e-01	1.98e-02	2.87e-03	3.75e-04	2.13e-06	0.00e+00
 2.24813e+23	3.70e-09	4.77e-05	1.62e-02	2.07e-01	5.35e-01	2.22e-01	1.76e-02	2.48e-03	3.08e-04	1.64e-06	0.00e+00
 2.26397e+23	4.77e-09	5.79e-05	1.84e-02	2.20e-01	5.35e-01	2.08e-01	1.56e-02	2.16e-03	2.54e-04	1.26e-06	0.00e+00
 2.28214e+23	6.63e-09	7.40e-05	2.18e-02	2.39e-01	5.33e-01	1.91e-01	1.33e-02	1.79e-03	1.97e-04	9.03e-07	0.00e+00
 2.30058e+23	8.58e-09	8.99e-05	2.48e-02	2.54e-01	5.30e-01	1.78e-01	1.17e-02	1.54e-03	1.60e-04	6.89e-07	0.00e+00
 2.31665e+23	1.10e-08	1.08e-04	2.81e-02	2.68e-01	5.25e-01	1.66e-01	1.03e-02	1.33e-03	1.31e-04	5.29e-07	0.00e+00
 2.33207e+23	1.39e-08	1.29e-04	3.15e-02	2.83e-01	5.20e-01	1.55e-01	9.14e-03	1.16e-03	1.09e-04	4.11e-07	0.00e+00
 2.34676e+23	1.73e-08	1.52e-04	3.52e-02	2.96e-01	5.14e-01	1.45e-01	8.12e-03	1.01e-03	9.01e-05	3.22e-07	0.00e+00
 2.36332e+23	2.29e-08	1.86e-04	4.03e-02	3.14e-01	5.05e-01	1.32e-01	6.96e-03	8.47e-04	7.10e-05	2.35e-07	0.00e+00
 2.37983e+23	2.86e-08	2.19e-04	4.48e-02	3.28e-01	4.97e-01	1.23e-01	6.15e-03	7.35e-04	5.85e-05	1.83e-07	0.00e+00
 2.39627e+23	3.75e-08	2.68e-04	5.11e-02	3.45e-01	4.86e-01	1.12e-01	5.25e-03	6.14e-04	4.59e-05	1.33e-07	0.00e+00
 2.41303e+23	4.69e-08	3.16e-04	5.68e-02	3.60e-01	4.75e-01	1.03e-01	4.60e-03	5.28e-04	3.75e-05	0.00e+00	0.00e+00
 2.43020e+23	6.19e-08	3.87e-04	6.48e-02	3.77e-01	4.61e-01	9.25e-02	3.88e-03	4.36e-04	2.89e-05	0.00e+00	0.00e+00
 2.44750e+23	7.74e-08	4.56e-04	7.19e-02	3.91e-01	4.48e-01	8.46e-02	3.37e-03	3.72e-04	2.34e-05	0.00e+00	0.00e+00
 2.46498e+23	1.02e-07	5.57e-04	8.16e-02	4.08e-01	4.31e-01	7.54e-02	2.83e-03	3.05e-04	1.79e-05	0.00e+00	0.00e+00
 2.48267e+23	1.27e-07	6.54e-04	9.03e-02	4.21e-01	4.17e-01	6.84e-02	2.44e-03	2.58e-04	1.43e-05	0.00e+00	0.00e+00
 2.49685e+23	1.53e-07	7.46e-04	9.80e-02	4.32e-01	4.04e-01	6.30e-02	2.15e-03	2.24e-04	1.19e-05	0.00e+00	0.00e+00
 2.51149e+23	1.90e-07	8.73e-04	1.08e-01	4.43e-01	3.89e-01	5.69e-02	1.85e-03	1.89e-04	9.48e-06	0.00e+00	0.00e+00
 2.52648e+23	2.28e-07	9.96e-04	1.17e-01	4.53e-01	3.75e-01	5.20e-02	1.62e-03	1.63e-04	7.79e-06	0.00e+00	0.00e+00
 2.53982e+23	2.73e-07	1.13e-03	1.27e-01	4.62e-01	3.62e-01	4.76e-02	1.43e-03	1.41e-04	6.43e-06	0.00e+00	0.00e+00
 2.55508e+23	3.40e-07	1.32e-03	1.39e-01	4.71e-01	3.44e-01	4.24e-02	1.21e-03	1.17e-04	5.04e-06	0.00e+00	0.00e+00
 2.57052e+23	4.08e-07	1.51e-03	1.51e-01	4.79e-01	3.30e-01	3.84e-02	1.05e-03	1.00e-04	4.10e-06	0.00e+00	0.00e+00
 2.58405e+23	4.86e-07	1.71e-03	1.62e-01	4.85e-01	3.15e-01	3.49e-02	9.19e-04	8.57e-05	3.35e-06	0.00e+00	0.00e+00
 2.59950e+23	6.02e-07	1.98e-03	1.77e-01	4.91e-01	2.98e-01	3.08e-02	7.75e-04	7.05e-05	2.60e-06	0.00e+00	0.00e+00
 2.61522e+23	7.20e-07	2.25e-03	1.91e-01	4.96e-01	2.83e-01	2.77e-02	6.68e-04	5.96e-05	2.09e-06	0.00e+00	0.00e+00
 2.62914e+23	8.55e-07	2.54e-03	2.04e-01	4.99e-01	2.68e-01	2.49e-02	5.78e-04	5.05e-05	1.69e-06	0.00e+00	0.00e+00
 2.64509e+23	1.06e-06	2.94e-03	2.23e-01	5.02e-01	2.50e-01	2.17e-02	4.81e-04	4.09e-05	1.29e-06	0.00e+00	0.00e+00
 2.66123e+23	1.26e-06	3.33e-03	2.38e-01	5.03e-01	2.36e-01	1.93e-02	4.11e-04	3.42e-05	1.03e-06	0.00e+00	0.00e+00
 2.67542e+23	1.50e-06	3.74e-03	2.54e-01	5.03e-01	2.22e-01	1.72e-02	3.53e-04	2.87e-05	8.22e-07	0.00e+00	0.00e+00
 2.69170e+23	1.84e-06	4.31e-03	2.75e-01	5.01e-01	2.05e-01	1.48e-02	2.91e-04	2.30e-05	6.20e-07	0.00e+00	0.00e+00
 2.70827e+23	2.19e-06	4.86e-03	2.93e-01	4.98e-01	1.91e-01	1.30e-02	2.46e-04	1.89e-05	4.86e-07	0.00e+00	0.00e+00
 2.72522e+23	2.71e-06	5.60e-03	3.16e-01	4.93e-01	1.74e-01	1.10e-02	2.00e-04	1.49e-05	3.59e-07	0.00e+00	0.00e+00
 2.74236e+23	3.23e-06	6.30e-03	3.36e-01	4.87e-01	1.61e-01	9.59e-03	1.67e-04	1.21e-05	2.78e-07	0.00e+00	0.00e+00
 2.75973e+23	3.98e-06	7.25e-03	3.61e-01	4.78e-01	1.45e-01	8.06e-03	1.35e-04	9.37e-06	2.03e-07	0.00e+00	0.00e+00
 2.77742e+23	4.74e-06	8.14e-03	3.83e-01	4.69e-01	1.33e-01	6.92e-03	1.12e-04	7.52e-06	1.55e-07	0.00e+00	0.00e+00
 2.79550e+23	5.85e-06	9.35e-03	4.10e-01	4.57e-01	1.18e-01	5.73e-03	8.84e-05	5.72e-06	0.00e+00	0.00e+00	0.00e+00
 2.81388e+23	6.97e-06	1.05e-02	4.32e-01	4.45e-01	1.07e-01	4.86e-03	7.23e-05	4.51e-06	0.00e+00	0.00e+00	0.00e+00
 2.83012e+23	8.24e-06	1.17e-02	4.54e-01	4.33e-01	9.70e-02	4.13e-03	5.95e-05	3.58e-06	0.00e+00	0.00e+00	0.00e+00
 2.84870e+23	1.01e-05	1.33e-02	4.82e-01	4.16e-01	8.51e-02	3.36e-03	4.64e-05	2.67e-06	0.00e+00	0.00e+00	0.00e+00
 2.86506e+23	1.15e-05	1.45e-02	5.00e-01	4.05e-01	7.81e-02	2.93e-03	3.94e-05	2.20e-06	0.00e+00	0.00e+00	0.00e+00
 2.87674e+23	1.28e-05	1.55e-02	5.15e-01	3.95e-01	7.25e-02	2.61e-03	3.44e-05	1.87e-06	0.00e+00	0.00e+00	0.00e+00
 2.89013e+23	1.48e-05	1.69e-02	5.34e-01	3.81e-01	6.55e-02	2.23e-03	2.86e-05	1.50e-06	0.00e+00	0.00e+00	0.00e+00
 2.90399e+23	1.67e-05	1.83e-02	5.51e-01	3.69e-01	5.99e-02	1.95e-03	2.44e-05	1.24e-06	0.00e+00	0.00e+00	0.00e+00
 2.91848e+23	1.94e-05	2.01e-02	5.72e-01	3.53e-01	5.34e-02	1.64e-03	1.99e-05	9.66e-07	0.00e+00	0.00e+00	0.00e+00
 2.93305e+23	2.20e-05	2.17e-02	5.88e-01	3.40e-01	4.84e-02	1.41e-03	1.67e-05	7.86e-07	0.00e+00	0.00e+00	0.00e+00
 2.94773e+23	2.55e-05	2.37e-02	6.08e-01	3.24e-01	4.29e-02	1.18e-03	1.36e-05	6.13e-07	0.00e+00	0.00e+00	0.00e+00
 2.96270e+23	2.90e-05	2.56e-02	6.25e-01	3.10e-01	3.85e-02	1.01e-03	1.13e-05	4.91e-07	0.00e+00	0.00e+00	0.00e+00
 2.97588e+23	3.26e-05	2.74e-02	6.40e-01	2.97e-01	3.48e-02	8.69e-04	9.54e-06	3.99e-07	0.00e+00	0.00e+00	0.00e+00
 2.99081e+23	3.78e-05	3.00e-02	6.58e-01	2.81e-01	3.04e-02	7.15e-04	7.64e-06	3.04e-07	0.00e+00	0.00e+00	0.00e+00
 3.00602e+23	4.28e-05	3.23e-02	6.73e-01	2.67e-01	2.71e-02	6.07e-04	6.32e-06	2.42e-07	0.00e+00	0.00e+00	0.00e+00
 3.02158e+23	5.00e-05	3.53e-02	6.91e-01	2.50e-01	2.34e-02	4.92e-04	4.98e-06	1.81e-07	0.00e+00	0.00e+00	0.00e+00
 3.03725e+23	5.66e-05	3.79e-02	7.05e-01	2.36e-01	2.07e-02	4.15e-04	4.10e-06	1.43e-07	0.00e+00	0.00e+00	0.00e+00
 3.05307e+23	6.58e-05	4.12e-02	7.20e-01	2.20e-01	1.78e-02	3.36e-04	3.22e-06	0.00e+00	0.00e+00	0.00e+00	0.00e+00
 3.06925e+23	7.55e-05	4.44e-02	7.33e-01	2.06e-01	1.55e-02	2.77e-04	2.59e-06	0.00e+00	0.00e+00	0.00e+00	0.00e+00
 3.08109e+23	8.27e-05	4.66e-02	7.41e-01	1.98e-01	1.42e-02	2.45e-04	2.25e-06	0.00e+00	0.00e+00	0.00e+00	0.00e+00
