#depth	O	O+	O+2	O+3	O+4	O+5	O+6	O+7	O+8	O[1]	O[2]	O[3]
 1.54284e+22	8.31e-31	3.27e-24	4.43e-19	5.13e-15	1.62e-11	2.25e-08	8.43e-05	1.86e-02	9.81e-01	0.00e+00	0.00e+00	0.00e+00
 3.56699e+22	1.62e-29	4.25e-23	3.90e-18	3.10e-14	6.69e-11	6.31e-08	1.76e-04	2.71e-02	9.73e-01	0.00e+00	0.00e+00	0.00e+00
 4.34500e+22	1.15e-28	2.31e-22	1.63e-17	1.01e-13	1.68e-10	1.22e-07	2.82e-04	3.45e-02	9.65e-01	0.00e+00	0.00e+00	0.00e+00
 4.79004e+22	3.24e-28	5.63e-22	3.46e-17	1.88e-13	2.72e-10	1.72e-07	3.61e-04	3.90e-02	9.61e-01	0.00e+00	0.00e+00	0.00e+00
 4.97548e+22	4.34e-28	7.25e-22	4.28e-17	2.24e-13	3.12e-10	1.89e-07	3.86e-04	4.04e-02	9.59e-01	0.00e+00	0.00e+00	0.00e+00
 5.04795e+22	5.69e-28	9.15e-22	5.22e-17	2.63e-13	3.54e-10	2.07e-07	4.12e-04	4.17e-02	9.58e-01	0.00e+00	0.00e+00	0.00e+00
 5.12934e+22	7.78e-28	1.20e-21	6.56e-17	3.18e-13	4.10e-10	2.30e-07	4.43e-04	4.33e-02	9.56e-01	0.00e+00	0.00e+00	0.00e+00
 5.21692e+22	1.02e-27	1.51e-21	7.99e-17	3.74e-13	4.66e-10	2.51e-07	4.72e-04	4.47e-02	9.55e-01	0.00e+00	0.00e+00	0.00e+00
 5.31255e+22	1.50e-27	2.11e-21	1.06e-16	4.72e-13	5.58e-10	2.86e-07	5.17e-04	4.67e-02	9.53e-01	0.00e+00	0.00e+00	0.00e+00
 5.40558e+22	2.00e-27	2.71e-21	1.31e-16	5.62e-13	6.39e-10	3.15e-07	5.53e-04	4.83e-02	9.51e-01	0.00e+00	0.00e+00	0.00e+00
 5.49525e+22	2.92e-27	3.76e-21	1.73e-16	7.06e-13	7.64e-10	3.57e-07	6.03e-04	5.05e-02	9.49e-01	0.00e+00	0.00e+00	0.00e+00
 5.58570e+22	3.93e-27	4.85e-21	2.14e-16	8.45e-13	8.78e-10	3.94e-07	6.46e-04	5.22e-02	9.47e-01	0.00e+00	0.00e+00	0.00e+00
 5.66388e+22	5.32e-27	6.31e-21	2.67e-16	1.01e-12	1.01e-09	4.36e-07	6.92e-04	5.40e-02	9.45e-01	0.00e+00	0.00e+00	0.00e+00
 5.73798e+22	7.02e-27	8.01e-21	3.27e-16	1.20e-12	1.15e-09	4.77e-07	7.37e-04	5.57e-02	9.44e-01	0.00e+00	0.00e+00	0.00e+00
 5.82007e+22	9.93e-27	1.08e-20	4.22e-16	1.48e-12	1.36e-09	5.36e-07	7.98e-04	5.80e-02	9.41e-01	0.00e+00	0.00e+00	0.00e+00
 5.90445e+22	1.36e-26	1.42e-20	5.32e-16	1.79e-12	1.57e-09	5.95e-07	8.57e-04	6.00e-02	9.39e-01	0.00e+00	0.00e+00	0.00e+00
 5.97241e+22	1.74e-26	1.76e-20	6.37e-16	2.08e-12	1.77e-09	6.45e-07	9.06e-04	6.17e-02	9.37e-01	0.00e+00	0.00e+00	0.00e+00
 6.04135e+22	2.37e-26	2.29e-20	7.98e-16	2.50e-12	2.04e-09	7.15e-07	9.70e-04	6.38e-02	9.35e-01	0.00e+00	0.00e+00	0.00e+00
 6.10799e+22	3.00e-26	2.81e-20	9.49e-16	2.89e-12	2.28e-09	7.73e-07	1.02e-03	6.54e-02	9.34e-01	0.00e+00	0.00e+00	0.00e+00
 6.16247e+22	3.78e-26	3.44e-20	1.13e-15	3.33e-12	2.54e-09	8.34e-07	1.08e-03	6.71e-02	9.32e-01	0.00e+00	0.00e+00	0.00e+00
 6.21600e+22	4.73e-26	4.17e-20	1.33e-15	3.81e-12	2.82e-09	8.98e-07	1.13e-03	6.87e-02	9.30e-01	0.00e+00	0.00e+00	0.00e+00
 6.26822e+22	5.83e-26	5.00e-20	1.55e-15	4.33e-12	3.12e-09	9.63e-07	1.19e-03	7.03e-02	9.29e-01	0.00e+00	0.00e+00	0.00e+00
 6.32690e+22	7.70e-26	6.36e-20	1.90e-15	5.12e-12	3.55e-09	1.06e-06	1.26e-03	7.24e-02	9.26e-01	0.00e+00	0.00e+00	0.00e+00
 6.38548e+22	9.65e-26	7.73e-20	2.24e-15	5.88e-12	3.95e-09	1.14e-06	1.32e-03	7.41e-02	9.25e-01	0.00e+00	0.00e+00	0.00e+00
 6.43591e+22	1.21e-25	9.37e-20	2.64e-15	6.72e-12	4.39e-09	1.22e-06	1.39e-03	7.59e-02	9.23e-01	0.00e+00	0.00e+00	0.00e+00
 6.48413e+22	1.50e-25	1.13e-19	3.10e-15	7.68e-12	4.86e-09	1.31e-06	1.46e-03	7.76e-02	9.21e-01	0.00e+00	0.00e+00	0.00e+00
 6.52955e+22	1.81e-25	1.33e-19	3.56e-15	8.61e-12	5.31e-09	1.40e-06	1.52e-03	7.91e-02	9.19e-01	0.00e+00	0.00e+00	0.00e+00
 6.58069e+22	2.33e-25	1.66e-19	4.29e-15	1.00e-11	5.98e-09	1.52e-06	1.60e-03	8.13e-02	9.17e-01	0.00e+00	0.00e+00	0.00e+00
 6.63346e+22	2.95e-25	2.04e-19	5.10e-15	1.16e-11	6.68e-09	1.64e-06	1.68e-03	8.32e-02	9.15e-01	0.00e+00	0.00e+00	0.00e+00
 6.67953e+22	3.65e-25	2.45e-19	5.96e-15	1.32e-11	7.38e-09	1.76e-06	1.76e-03	8.50e-02	9.13e-01	0.00e+00	0.00e+00	0.00e+00
 6.73060e+22	4.76e-25	3.08e-19	7.26e-15	1.55e-11	8.36e-09	1.92e-06	1.86e-03	8.73e-02	9.11e-01	0.00e+00	0.00e+00	0.00e+00
 6.78039e+22	5.84e-25	3.68e-19	8.44e-15	1.76e-11	9.20e-09	2.05e-06	1.95e-03	8.92e-02	9.09e-01	0.00e+00	0.00e+00	0.00e+00
 6.82191e+22	7.24e-25	4.43e-19	9.88e-15	2.00e-11	1.02e-08	2.20e-06	2.03e-03	9.11e-02	9.07e-01	0.00e+00	0.00e+00	0.00e+00
 6.86276e+22	8.81e-25	5.26e-19	1.14e-14	2.25e-11	1.11e-08	2.35e-06	2.12e-03	9.28e-02	9.05e-01	0.00e+00	0.00e+00	0.00e+00
 6.90930e+22	1.15e-24	6.61e-19	1.39e-14	2.65e-11	1.26e-08	2.55e-06	2.24e-03	9.53e-02	9.02e-01	0.00e+00	0.00e+00	0.00e+00
 6.95653e+22	1.45e-24	8.08e-19	1.65e-14	3.05e-11	1.40e-08	2.75e-06	2.35e-03	9.74e-02	9.00e-01	0.00e+00	0.00e+00	0.00e+00
 6.99726e+22	1.77e-24	9.63e-19	1.91e-14	3.45e-11	1.54e-08	2.94e-06	2.45e-03	9.94e-02	8.98e-01	0.00e+00	0.00e+00	0.00e+00
 7.04279e+22	2.35e-24	1.23e-18	2.35e-14	4.09e-11	1.76e-08	3.22e-06	2.59e-03	1.02e-01	8.95e-01	0.00e+00	0.00e+00	0.00e+00
 7.08907e+22	2.96e-24	1.50e-18	2.79e-14	4.70e-11	1.96e-08	3.46e-06	2.72e-03	1.04e-01	8.93e-01	0.00e+00	0.00e+00	0.00e+00
 7.13631e+22	3.98e-24	1.95e-18	3.47e-14	5.63e-11	2.25e-08	3.81e-06	2.88e-03	1.07e-01	8.90e-01	0.00e+00	0.00e+00	0.00e+00
 7.18391e+22	5.07e-24	2.40e-18	4.15e-14	6.52e-11	2.51e-08	4.11e-06	3.03e-03	1.10e-01	8.87e-01	0.00e+00	0.00e+00	0.00e+00
 7.22425e+22	6.30e-24	2.90e-18	4.87e-14	7.44e-11	2.78e-08	4.41e-06	3.16e-03	1.12e-01	8.85e-01	0.00e+00	0.00e+00	0.00e+00
 7.26899e+22	8.70e-24	3.83e-18	6.18e-14	9.04e-11	3.23e-08	4.88e-06	3.37e-03	1.15e-01	8.81e-01	0.00e+00	0.00e+00	0.00e+00
 7.31297e+22	1.08e-23	4.61e-18	7.23e-14	1.03e-10	3.56e-08	5.22e-06	3.51e-03	1.18e-01	8.79e-01	0.00e+00	0.00e+00	0.00e+00
 7.35595e+22	1.47e-23	6.06e-18	9.11e-14	1.24e-10	4.11e-08	5.76e-06	3.73e-03	1.21e-01	8.75e-01	0.00e+00	0.00e+00	0.00e+00
 7.39813e+22	1.81e-23	7.23e-18	1.06e-13	1.41e-10	4.53e-08	6.15e-06	3.89e-03	1.23e-01	8.73e-01	0.00e+00	0.00e+00	0.00e+00
 7.43927e+22	2.50e-23	9.58e-18	1.34e-13	1.71e-10	5.25e-08	6.80e-06	4.14e-03	1.27e-01	8.69e-01	0.00e+00	0.00e+00	0.00e+00
 7.48005e+22	3.08e-23	1.15e-17	1.57e-13	1.95e-10	5.78e-08	7.27e-06	4.31e-03	1.29e-01	8.66e-01	0.00e+00	0.00e+00	0.00e+00
 7.52037e+22	4.26e-23	1.52e-17	1.99e-13	2.36e-10	6.70e-08	8.03e-06	4.59e-03	1.33e-01	8.63e-01	0.00e+00	0.00e+00	0.00e+00
 7.56111e+22	5.37e-23	1.86e-17	2.36e-13	2.72e-10	7.45e-08	8.64e-06	4.80e-03	1.36e-01	8.60e-01	0.00e+00	0.00e+00	0.00e+00
 7.60238e+22	7.50e-23	2.48e-17	3.02e-13	3.32e-10	8.68e-08	9.58e-06	5.11e-03	1.40e-01	8.55e-01	0.00e+00	0.00e+00	0.00e+00
 7.64423e+22	9.55e-23	3.07e-17	3.61e-13	3.85e-10	9.70e-08	1.03e-05	5.36e-03	1.43e-01	8.52e-01	0.00e+00	0.00e+00	0.00e+00
 7.68680e+22	1.34e-22	4.10e-17	4.62e-13	4.71e-10	1.13e-07	1.15e-05	5.72e-03	1.47e-01	8.47e-01	0.00e+00	0.00e+00	0.00e+00
 7.72901e+22	1.72e-22	5.12e-17	5.58e-13	5.50e-10	1.27e-07	1.24e-05	6.00e-03	1.50e-01	8.44e-01	0.00e+00	0.00e+00	0.00e+00
 7.77076e+22	2.41e-22	6.85e-17	7.14e-13	6.73e-10	1.48e-07	1.38e-05	6.40e-03	1.54e-01	8.39e-01	0.00e+00	0.00e+00	0.00e+00
 7.81332e+22	3.16e-22	8.66e-17	8.71e-13	7.92e-10	1.68e-07	1.50e-05	6.74e-03	1.58e-01	8.35e-01	0.00e+00	0.00e+00	0.00e+00
 7.85692e+22	4.51e-22	1.18e-16	1.13e-12	9.81e-10	1.97e-07	1.68e-05	7.21e-03	1.63e-01	8.30e-01	0.00e+00	0.00e+00	0.00e+00
 7.90074e+22	5.94e-22	1.50e-16	1.38e-12	1.16e-09	2.24e-07	1.83e-05	7.60e-03	1.67e-01	8.26e-01	0.00e+00	0.00e+00	0.00e+00
 7.94484e+22	8.52e-22	2.05e-16	1.81e-12	1.44e-09	2.64e-07	2.04e-05	8.15e-03	1.72e-01	8.20e-01	0.00e+00	0.00e+00	0.00e+00
 7.98928e+22	1.13e-21	2.60e-16	2.22e-12	1.70e-09	3.00e-07	2.23e-05	8.60e-03	1.76e-01	8.15e-01	0.00e+00	0.00e+00	0.00e+00
 8.02770e+22	1.47e-21	3.29e-16	2.70e-12	2.00e-09	3.39e-07	2.42e-05	9.05e-03	1.80e-01	8.11e-01	0.00e+00	0.00e+00	0.00e+00
 8.07119e+22	2.10e-21	4.48e-16	3.51e-12	2.48e-09	4.00e-07	2.71e-05	9.70e-03	1.86e-01	8.05e-01	0.00e+00	0.00e+00	0.00e+00
 8.11442e+22	2.70e-21	5.57e-16	4.22e-12	2.89e-09	4.49e-07	2.93e-05	1.02e-02	1.90e-01	8.00e-01	0.00e+00	0.00e+00	0.00e+00
 8.15730e+22	3.80e-21	7.48e-16	5.43e-12	3.55e-09	5.25e-07	3.27e-05	1.09e-02	1.95e-01	7.94e-01	0.00e+00	0.00e+00	0.00e+00
 8.20106e+22	4.91e-21	9.34e-16	6.55e-12	4.15e-09	5.91e-07	3.55e-05	1.14e-02	2.00e-01	7.89e-01	0.00e+00	0.00e+00	0.00e+00
 8.24593e+22	6.91e-21	1.26e-15	8.42e-12	5.10e-09	6.93e-07	3.95e-05	1.22e-02	2.05e-01	7.82e-01	0.00e+00	0.00e+00	0.00e+00
 8.29183e+22	8.98e-21	1.58e-15	1.02e-11	5.97e-09	7.83e-07	4.30e-05	1.29e-02	2.10e-01	7.77e-01	0.00e+00	0.00e+00	0.00e+00
 8.33908e+22	1.27e-20	2.12e-15	1.32e-11	7.37e-09	9.20e-07	4.81e-05	1.38e-02	2.16e-01	7.70e-01	0.00e+00	0.00e+00	0.00e+00
 8.38745e+22	1.65e-20	2.67e-15	1.60e-11	8.65e-09	1.04e-06	5.24e-05	1.45e-02	2.21e-01	7.64e-01	0.00e+00	0.00e+00	0.00e+00
 8.43728e+22	2.32e-20	3.59e-15	2.06e-11	1.06e-08	1.22e-06	5.85e-05	1.56e-02	2.28e-01	7.57e-01	0.00e+00	0.00e+00	0.00e+00
 8.48805e+22	3.03e-20	4.52e-15	2.50e-11	1.25e-08	1.39e-06	6.39e-05	1.64e-02	2.33e-01	7.51e-01	0.00e+00	0.00e+00	0.00e+00
 8.54005e+22	4.25e-20	6.06e-15	3.21e-11	1.54e-08	1.63e-06	7.14e-05	1.76e-02	2.40e-01	7.43e-01	0.00e+00	0.00e+00	0.00e+00
 8.59239e+22	5.49e-20	7.57e-15	3.89e-11	1.80e-08	1.84e-06	7.78e-05	1.86e-02	2.45e-01	7.37e-01	0.00e+00	0.00e+00	0.00e+00
 8.64519e+22	7.64e-20	1.01e-14	4.96e-11	2.21e-08	2.16e-06	8.69e-05	1.99e-02	2.52e-01	7.28e-01	0.00e+00	0.00e+00	0.00e+00
 8.69631e+22	9.51e-20	1.22e-14	5.84e-11	2.53e-08	2.39e-06	9.35e-05	2.08e-02	2.56e-01	7.23e-01	0.00e+00	0.00e+00	0.00e+00
 8.74523e+22	1.28e-19	1.57e-14	7.25e-11	3.02e-08	2.76e-06	1.03e-04	2.21e-02	2.63e-01	7.15e-01	0.00e+00	0.00e+00	0.00e+00
 8.79543e+22	1.60e-19	1.91e-14	8.57e-11	3.48e-08	3.07e-06	1.11e-04	2.31e-02	2.68e-01	7.09e-01	0.00e+00	0.00e+00	0.00e+00
 8.84728e+22	2.16e-19	2.48e-14	1.07e-10	4.19e-08	3.56e-06	1.23e-04	2.46e-02	2.75e-01	7.01e-01	0.00e+00	0.00e+00	0.00e+00
 8.89980e+22	2.69e-19	3.00e-14	1.26e-10	4.79e-08	3.96e-06	1.33e-04	2.58e-02	2.80e-01	6.94e-01	0.00e+00	0.00e+00	0.00e+00
 8.95317e+22	3.58e-19	3.85e-14	1.56e-10	5.72e-08	4.55e-06	1.47e-04	2.74e-02	2.86e-01	6.86e-01	0.00e+00	0.00e+00	0.00e+00
 9.00613e+22	4.44e-19	4.64e-14	1.83e-10	6.54e-08	5.05e-06	1.58e-04	2.87e-02	2.91e-01	6.80e-01	0.00e+00	0.00e+00	0.00e+00
 9.05856e+22	5.88e-19	5.93e-14	2.25e-10	7.78e-08	5.80e-06	1.74e-04	3.04e-02	2.98e-01	6.71e-01	0.00e+00	0.00e+00	0.00e+00
 9.11151e+22	7.19e-19	7.06e-14	2.62e-10	8.83e-08	6.41e-06	1.87e-04	3.17e-02	3.03e-01	6.65e-01	0.00e+00	0.00e+00	0.00e+00
 9.16515e+22	9.47e-19	8.97e-14	3.21e-10	1.05e-07	7.34e-06	2.05e-04	3.36e-02	3.10e-01	6.56e-01	0.00e+00	0.00e+00	0.00e+00
 9.21983e+22	1.16e-18	1.07e-13	3.74e-10	1.19e-07	8.12e-06	2.21e-04	3.51e-02	3.15e-01	6.50e-01	0.00e+00	0.00e+00	0.00e+00
 9.27586e+22	1.53e-18	1.36e-13	4.60e-10	1.41e-07	9.31e-06	2.43e-04	3.72e-02	3.22e-01	6.41e-01	0.00e+00	0.00e+00	0.00e+00
 9.33292e+22	1.88e-18	1.63e-13	5.36e-10	1.61e-07	1.03e-05	2.61e-04	3.89e-02	3.27e-01	6.34e-01	0.00e+00	0.00e+00	0.00e+00
 9.39132e+22	2.48e-18	2.07e-13	6.59e-10	1.91e-07	1.18e-05	2.88e-04	4.13e-02	3.34e-01	6.24e-01	0.00e+00	0.00e+00	0.00e+00
 9.45082e+22	3.06e-18	2.48e-13	7.70e-10	2.18e-07	1.31e-05	3.10e-04	4.31e-02	3.40e-01	6.17e-01	0.00e+00	0.00e+00	0.00e+00
 9.51177e+22	4.03e-18	3.16e-13	9.46e-10	2.59e-07	1.51e-05	3.42e-04	4.57e-02	3.47e-01	6.07e-01	0.00e+00	0.00e+00	0.00e+00
 9.57134e+22	4.84e-18	3.71e-13	1.08e-09	2.91e-07	1.65e-05	3.65e-04	4.75e-02	3.52e-01	6.00e-01	0.00e+00	0.00e+00	0.00e+00
 9.62912e+22	6.28e-18	4.65e-13	1.32e-09	3.42e-07	1.88e-05	4.00e-04	5.03e-02	3.59e-01	5.91e-01	0.00e+00	0.00e+00	0.00e+00
 9.68784e+22	7.55e-18	5.46e-13	1.51e-09	3.84e-07	2.06e-05	4.27e-04	5.22e-02	3.64e-01	5.84e-01	0.00e+00	0.00e+00	0.00e+00
 9.74776e+22	9.71e-18	6.79e-13	1.83e-09	4.50e-07	2.34e-05	4.67e-04	5.51e-02	3.70e-01	5.74e-01	0.00e+00	0.00e+00	0.00e+00
 9.80956e+22	1.19e-17	8.11e-13	2.13e-09	5.11e-07	2.59e-05	5.02e-04	5.75e-02	3.76e-01	5.66e-01	0.00e+00	0.00e+00	0.00e+00
 9.87381e+22	1.53e-17	1.01e-12	2.57e-09	5.99e-07	2.94e-05	5.49e-04	6.07e-02	3.82e-01	5.57e-01	0.00e+00	0.00e+00	0.00e+00
 9.94018e+22	1.90e-17	1.22e-12	3.01e-09	6.86e-07	3.28e-05	5.93e-04	6.35e-02	3.88e-01	5.48e-01	0.00e+00	0.00e+00	0.00e+00
 1.00093e+23	2.46e-17	1.53e-12	3.66e-09	8.08e-07	3.74e-05	6.50e-04	6.70e-02	3.95e-01	5.38e-01	2.46e-17	6.01e-28	6.39e-28
 1.00804e+23	3.07e-17	1.85e-12	4.32e-09	9.28e-07	4.17e-05	7.03e-04	7.02e-02	4.00e-01	5.29e-01	3.07e-17	5.59e-26	7.04e-26
 1.01540e+23	4.01e-17	2.34e-12	5.28e-09	1.10e-06	4.78e-05	7.74e-04	7.42e-02	4.07e-01	5.18e-01	4.01e-17	7.32e-26	9.21e-26
 1.02300e+23	5.04e-17	2.85e-12	6.27e-09	1.27e-06	5.36e-05	8.39e-04	7.78e-02	4.13e-01	5.08e-01	5.04e-17	9.19e-26	1.16e-25
 1.03093e+23	6.68e-17	3.65e-12	7.74e-09	1.51e-06	6.17e-05	9.27e-04	8.25e-02	4.20e-01	4.96e-01	6.68e-17	1.22e-25	1.53e-25
 1.03905e+23	8.45e-17	4.48e-12	9.23e-09	1.76e-06	6.94e-05	1.01e-03	8.65e-02	4.26e-01	4.86e-01	8.45e-17	1.54e-25	1.94e-25
 1.04633e+23	1.05e-16	5.43e-12	1.09e-08	2.02e-06	7.75e-05	1.09e-03	9.05e-02	4.31e-01	4.77e-01	1.05e-16	1.92e-25	2.42e-25
 1.05468e+23	1.42e-16	7.05e-12	1.36e-08	2.44e-06	9.01e-05	1.21e-03	9.62e-02	4.39e-01	4.64e-01	1.42e-16	2.59e-25	3.27e-25
 1.06309e+23	1.77e-16	8.55e-12	1.61e-08	2.80e-06	1.01e-04	1.31e-03	1.01e-01	4.44e-01	4.54e-01	1.77e-16	3.23e-25	4.07e-25
 1.07159e+23	2.38e-16	1.10e-11	2.01e-08	3.37e-06	1.17e-04	1.45e-03	1.07e-01	4.50e-01	4.41e-01	2.38e-16	4.34e-25	5.47e-25
 1.08028e+23	3.02e-16	1.36e-11	2.40e-08	3.91e-06	1.31e-04	1.58e-03	1.12e-01	4.56e-01	4.31e-01	3.02e-16	5.50e-25	6.93e-25
 1.08920e+23	4.08e-16	1.77e-11	3.00e-08	4.72e-06	1.53e-04	1.76e-03	1.19e-01	4.62e-01	4.17e-01	4.08e-16	7.44e-25	9.37e-25
 1.09825e+23	5.21e-16	2.19e-11	3.61e-08	5.51e-06	1.73e-04	1.91e-03	1.25e-01	4.67e-01	4.07e-01	5.21e-16	9.50e-25	1.20e-24
 1.10749e+23	7.14e-16	2.88e-11	4.57e-08	6.72e-06	2.03e-04	2.14e-03	1.33e-01	4.73e-01	3.92e-01	7.14e-16	1.30e-24	1.64e-24
 1.11623e+23	8.79e-16	3.45e-11	5.34e-08	7.66e-06	2.25e-04	2.30e-03	1.38e-01	4.77e-01	3.83e-01	8.79e-16	1.60e-24	2.02e-24
 1.12431e+23	1.16e-15	4.39e-11	6.57e-08	9.13e-06	2.59e-04	2.54e-03	1.46e-01	4.81e-01	3.70e-01	1.16e-15	2.11e-24	2.66e-24
 1.13246e+23	1.43e-15	5.25e-11	7.67e-08	1.04e-05	2.88e-04	2.73e-03	1.52e-01	4.85e-01	3.61e-01	1.43e-15	2.60e-24	3.27e-24
 1.14070e+23	1.89e-15	6.71e-11	9.48e-08	1.25e-05	3.33e-04	3.03e-03	1.60e-01	4.89e-01	3.48e-01	1.89e-15	3.44e-24	4.33e-24
 1.14900e+23	2.34e-15	8.08e-11	1.11e-07	1.43e-05	3.71e-04	3.26e-03	1.67e-01	4.92e-01	3.38e-01	2.34e-15	4.26e-24	5.36e-24
 1.15740e+23	3.10e-15	1.03e-10	1.38e-07	1.71e-05	4.30e-04	3.62e-03	1.76e-01	4.95e-01	3.25e-01	3.10e-15	5.65e-24	7.10e-24
 1.16592e+23	3.85e-15	1.25e-10	1.63e-07	1.97e-05	4.81e-04	3.91e-03	1.83e-01	4.97e-01	3.15e-01	3.85e-15	7.03e-24	8.84e-24
 1.17461e+23	5.14e-15	1.61e-10	2.02e-07	2.37e-05	5.61e-04	4.35e-03	1.94e-01	5.00e-01	3.01e-01	5.14e-15	9.37e-24	1.18e-23
 1.18343e+23	6.41e-15	1.95e-10	2.39e-07	2.73e-05	6.30e-04	4.72e-03	2.02e-01	5.02e-01	2.91e-01	6.41e-15	1.17e-23	1.47e-23
 1.19241e+23	8.57e-15	2.51e-10	2.98e-07	3.31e-05	7.36e-04	5.26e-03	2.14e-01	5.03e-01	2.77e-01	8.57e-15	1.56e-23	1.96e-23
 1.20158e+23	1.08e-14	3.07e-10	3.56e-07	3.85e-05	8.34e-04	5.74e-03	2.23e-01	5.04e-01	2.66e-01	1.08e-14	1.97e-23	2.47e-23
 1.21099e+23	1.45e-14	3.98e-10	4.46e-07	4.68e-05	9.80e-04	6.43e-03	2.36e-01	5.04e-01	2.52e-01	1.45e-14	2.64e-23	3.32e-23
 1.22059e+23	1.83e-14	4.88e-10	5.34e-07	5.47e-05	1.12e-03	7.04e-03	2.47e-01	5.04e-01	2.41e-01	1.83e-14	3.34e-23	4.19e-23
 1.23009e+23	2.42e-14	6.22e-10	6.63e-07	6.61e-05	1.31e-03	7.87e-03	2.61e-01	5.03e-01	2.27e-01	2.42e-14	4.41e-23	5.54e-23
 1.23911e+23	2.95e-14	7.41e-10	7.74e-07	7.57e-05	1.46e-03	8.52e-03	2.71e-01	5.01e-01	2.18e-01	2.95e-14	5.38e-23	6.76e-23
 1.24787e+23	3.79e-14	9.25e-10	9.44e-07	9.03e-05	1.70e-03	9.46e-03	2.85e-01	4.99e-01	2.05e-01	3.79e-14	6.92e-23	8.70e-23
 1.25679e+23	4.62e-14	1.10e-09	1.10e-06	1.04e-04	1.91e-03	1.03e-02	2.96e-01	4.96e-01	1.96e-01	4.62e-14	8.43e-23	1.06e-22
 1.26552e+23	5.80e-14	1.35e-09	1.32e-06	1.22e-04	2.20e-03	1.13e-02	3.10e-01	4.93e-01	1.84e-01	5.80e-14	1.06e-22	1.33e-22
 1.27444e+23	7.04e-14	1.60e-09	1.55e-06	1.41e-04	2.48e-03	1.24e-02	3.22e-01	4.89e-01	1.75e-01	7.04e-14	1.29e-22	1.61e-22
 1.28313e+23	8.62e-14	1.91e-09	1.83e-06	1.63e-04	2.82e-03	1.36e-02	3.35e-01	4.84e-01	1.64e-01	8.62e-14	1.57e-22	1.98e-22
 1.29199e+23	1.04e-13	2.26e-09	2.13e-06	1.88e-04	3.19e-03	1.48e-02	3.48e-01	4.79e-01	1.55e-01	1.04e-13	1.90e-22	2.38e-22
 1.30078e+23	1.25e-13	2.66e-09	2.49e-06	2.17e-04	3.61e-03	1.62e-02	3.62e-01	4.73e-01	1.46e-01	1.25e-13	2.28e-22	2.86e-22
 1.30961e+23	1.48e-13	3.11e-09	2.88e-06	2.49e-04	4.06e-03	1.76e-02	3.75e-01	4.66e-01	1.37e-01	1.48e-13	2.71e-22	3.40e-22
 1.31834e+23	1.74e-13	3.60e-09	3.31e-06	2.84e-04	4.56e-03	1.92e-02	3.88e-01	4.60e-01	1.29e-01	1.74e-13	3.19e-22	4.00e-22
 1.32706e+23	2.04e-13	4.15e-09	3.80e-06	3.23e-04	5.11e-03	2.09e-02	4.01e-01	4.52e-01	1.21e-01	2.04e-13	3.73e-22	4.67e-22
 1.33580e+23	2.36e-13	4.76e-09	4.34e-06	3.66e-04	5.71e-03	2.26e-02	4.14e-01	4.44e-01	1.13e-01	2.36e-13	4.32e-22	5.42e-22
 1.34457e+23	2.72e-13	5.42e-09	4.93e-06	4.15e-04	6.37e-03	2.45e-02	4.27e-01	4.36e-01	1.06e-01	2.72e-13	4.98e-22	6.24e-22
 1.35340e+23	3.11e-13	6.15e-09	5.59e-06	4.68e-04	7.10e-03	2.66e-02	4.40e-01	4.28e-01	9.85e-02	3.11e-13	5.70e-22	7.15e-22
 1.36232e+23	3.54e-13	6.94e-09	6.32e-06	5.28e-04	7.89e-03	2.87e-02	4.52e-01	4.19e-01	9.19e-02	3.54e-13	6.49e-22	8.13e-22
 1.37135e+23	4.00e-13	7.80e-09	7.13e-06	5.94e-04	8.76e-03	3.11e-02	4.65e-01	4.09e-01	8.55e-02	4.00e-13	7.35e-22	9.21e-22
 1.38042e+23	4.50e-13	8.73e-09	8.00e-06	6.67e-04	9.69e-03	3.35e-02	4.77e-01	4.00e-01	7.95e-02	4.50e-13	8.26e-22	1.03e-21
 1.38965e+23	5.04e-13	9.75e-09	8.99e-06	7.49e-04	1.07e-02	3.62e-02	4.89e-01	3.90e-01	7.37e-02	5.04e-13	9.27e-22	1.16e-21
 1.39898e+23	5.61e-13	1.08e-08	1.01e-05	8.38e-04	1.18e-02	3.90e-02	5.01e-01	3.79e-01	6.83e-02	5.61e-13	1.03e-21	1.29e-21
 1.40850e+23	6.24e-13	1.20e-08	1.13e-05	9.40e-04	1.31e-02	4.21e-02	5.12e-01	3.69e-01	6.30e-02	6.24e-13	1.15e-21	1.44e-21
 1.41737e+23	6.79e-13	1.31e-08	1.23e-05	1.03e-03	1.41e-02	4.47e-02	5.21e-01	3.60e-01	5.90e-02	6.79e-13	1.25e-21	1.57e-21
 1.42650e+23	7.51e-13	1.45e-08	1.38e-05	1.16e-03	1.56e-02	4.83e-02	5.33e-01	3.48e-01	5.41e-02	7.51e-13	1.39e-21	1.73e-21
 1.43578e+23	8.15e-13	1.58e-08	1.51e-05	1.27e-03	1.69e-02	5.12e-02	5.41e-01	3.39e-01	5.05e-02	8.15e-13	1.50e-21	1.88e-21
 1.44530e+23	8.94e-13	1.74e-08	1.69e-05	1.43e-03	1.86e-02	5.53e-02	5.52e-01	3.27e-01	4.60e-02	8.94e-13	1.65e-21	2.07e-21
 1.45485e+23	9.70e-13	1.90e-08	1.85e-05	1.56e-03	2.01e-02	5.85e-02	5.60e-01	3.17e-01	4.29e-02	9.70e-13	1.79e-21	2.24e-21
 1.46446e+23	1.06e-12	2.09e-08	2.07e-05	1.75e-03	2.20e-02	6.29e-02	5.69e-01	3.05e-01	3.91e-02	1.06e-12	1.96e-21	2.46e-21
 1.47413e+23	1.14e-12	2.26e-08	2.26e-05	1.91e-03	2.37e-02	6.64e-02	5.75e-01	2.96e-01	3.64e-02	1.14e-12	2.12e-21	2.65e-21
 1.48388e+23	1.25e-12	2.49e-08	2.52e-05	2.14e-03	2.59e-02	7.12e-02	5.84e-01	2.84e-01	3.31e-02	1.25e-12	2.32e-21	2.89e-21
 1.49371e+23	1.34e-12	2.70e-08	2.75e-05	2.33e-03	2.77e-02	7.50e-02	5.89e-01	2.75e-01	3.07e-02	1.34e-12	2.50e-21	3.12e-21
 1.50366e+23	1.46e-12	2.97e-08	3.06e-05	2.61e-03	3.03e-02	8.03e-02	5.96e-01	2.63e-01	2.78e-02	1.46e-12	2.72e-21	3.40e-21
 1.51373e+23	1.58e-12	3.22e-08	3.35e-05	2.85e-03	3.24e-02	8.45e-02	6.01e-01	2.54e-01	2.57e-02	1.58e-12	2.93e-21	3.66e-21
 1.52398e+23	1.72e-12	3.55e-08	3.74e-05	3.18e-03	3.52e-02	9.02e-02	6.06e-01	2.42e-01	2.32e-02	1.72e-12	3.21e-21	4.00e-21
 1.53439e+23	1.86e-12	3.87e-08	4.10e-05	3.48e-03	3.76e-02	9.48e-02	6.09e-01	2.33e-01	2.14e-02	1.86e-12	3.47e-21	4.32e-21
 1.54503e+23	2.03e-12	4.29e-08	4.61e-05	3.90e-03	4.09e-02	1.01e-01	6.13e-01	2.22e-01	1.92e-02	2.03e-12	3.80e-21	4.74e-21
 1.55590e+23	2.21e-12	4.69e-08	5.08e-05	4.28e-03	4.37e-02	1.06e-01	6.16e-01	2.13e-01	1.76e-02	2.21e-12	4.13e-21	5.15e-21
 1.56707e+23	2.43e-12	5.24e-08	5.73e-05	4.81e-03	4.75e-02	1.13e-01	6.18e-01	2.01e-01	1.57e-02	2.43e-12	4.56e-21	5.68e-21
 1.57851e+23	2.66e-12	5.78e-08	6.35e-05	5.29e-03	5.08e-02	1.19e-01	6.19e-01	1.92e-01	1.43e-02	2.66e-12	4.99e-21	6.22e-21
 1.58813e+23	2.87e-12	6.30e-08	6.95e-05	5.75e-03	5.37e-02	1.24e-01	6.19e-01	1.84e-01	1.32e-02	2.87e-12	5.40e-21	6.73e-21
 1.59847e+23	3.16e-12	7.02e-08	7.79e-05	6.39e-03	5.78e-02	1.31e-01	6.19e-01	1.75e-01	1.18e-02	3.16e-12	5.95e-21	7.41e-21
 1.60899e+23	3.43e-12	7.69e-08	8.56e-05	6.96e-03	6.11e-02	1.36e-01	6.18e-01	1.67e-01	1.09e-02	3.43e-12	6.48e-21	8.07e-21
 1.61810e+23	3.71e-12	8.38e-08	9.35e-05	7.53e-03	6.44e-02	1.42e-01	6.16e-01	1.60e-01	1.00e-02	3.71e-12	7.01e-21	8.73e-21
 1.62830e+23	4.08e-12	9.35e-08	1.05e-04	8.34e-03	6.89e-02	1.49e-01	6.14e-01	1.51e-01	8.97e-03	4.08e-12	7.73e-21	9.62e-21
 1.63848e+23	4.47e-12	1.03e-07	1.15e-04	9.02e-03	7.25e-02	1.54e-01	6.11e-01	1.45e-01	8.28e-03	4.47e-12	8.49e-21	1.06e-20
 1.64864e+23	4.94e-12	1.15e-07	1.29e-04	9.97e-03	7.72e-02	1.61e-01	6.07e-01	1.37e-01	7.42e-03	4.94e-12	9.41e-21	1.17e-20
 1.65894e+23	5.44e-12	1.27e-07	1.42e-04	1.08e-02	8.12e-02	1.66e-01	6.04e-01	1.31e-01	6.82e-03	5.44e-12	1.04e-20	1.29e-20
 1.66943e+23	6.08e-12	1.44e-07	1.60e-04	1.19e-02	8.65e-02	1.74e-01	5.98e-01	1.23e-01	6.08e-03	6.08e-12	1.16e-20	1.45e-20
 1.68011e+23	6.77e-12	1.61e-07	1.77e-04	1.30e-02	9.10e-02	1.80e-01	5.94e-01	1.17e-01	5.57e-03	6.77e-12	1.30e-20	1.61e-20
 1.69102e+23	7.61e-12	1.83e-07	2.01e-04	1.44e-02	9.69e-02	1.87e-01	5.87e-01	1.09e-01	4.93e-03	7.61e-12	1.47e-20	1.82e-20
 1.70210e+23	8.55e-12	2.06e-07	2.23e-04	1.56e-02	1.02e-01	1.93e-01	5.81e-01	1.04e-01	4.49e-03	8.55e-12	1.65e-20	2.05e-20
 1.71340e+23	9.74e-12	2.37e-07	2.54e-04	1.74e-02	1.08e-01	2.01e-01	5.72e-01	9.68e-02	3.96e-03	9.74e-12	1.89e-20	2.34e-20
 1.72497e+23	1.10e-11	2.69e-07	2.84e-04	1.89e-02	1.14e-01	2.07e-01	5.64e-01	9.15e-02	3.58e-03	1.10e-11	2.15e-20	2.66e-20
 1.73690e+23	1.28e-11	3.14e-07	3.27e-04	2.11e-02	1.21e-01	2.16e-01	5.54e-01	8.47e-02	3.13e-03	1.28e-11	2.50e-20	3.10e-20
 1.74912e+23	1.47e-11	3.59e-07	3.68e-04	2.31e-02	1.28e-01	2.22e-01	5.45e-01	7.95e-02	2.81e-03	1.47e-11	2.87e-20	3.56e-20
 1.76171e+23	1.74e-11	4.26e-07	4.28e-04	2.58e-02	1.36e-01	2.30e-01	5.32e-01	7.31e-02	2.43e-03	1.74e-11	3.42e-20	4.23e-20
 1.77444e+23	2.01e-11	4.91e-07	4.82e-04	2.82e-02	1.43e-01	2.36e-01	5.22e-01	6.84e-02	2.17e-03	2.01e-11	3.97e-20	4.92e-20
 1.78734e+23	2.40e-11	5.87e-07	5.63e-04	3.16e-02	1.52e-01	2.44e-01	5.07e-01	6.26e-02	1.87e-03	2.40e-11	4.77e-20	5.90e-20
 1.80038e+23	2.82e-11	6.82e-07	6.36e-04	3.45e-02	1.60e-01	2.49e-01	4.96e-01	5.83e-02	1.66e-03	2.82e-11	5.61e-20	6.94e-20
 1.81361e+23	3.41e-11	8.22e-07	7.45e-04	3.86e-02	1.70e-01	2.57e-01	4.80e-01	5.30e-02	1.42e-03	3.41e-11	6.84e-20	8.45e-20
 1.82653e+23	3.97e-11	9.48e-07	8.37e-04	4.19e-02	1.77e-01	2.62e-01	4.68e-01	4.94e-02	1.27e-03	3.97e-11	7.99e-20	9.87e-20
 1.83906e+23	4.82e-11	1.14e-06	9.70e-04	4.65e-02	1.87e-01	2.67e-01	4.52e-01	4.51e-02	1.09e-03	4.82e-11	9.76e-20	1.20e-19
 1.85218e+23	5.71e-11	1.33e-06	1.10e-03	5.07e-02	1.95e-01	2.72e-01	4.38e-01	4.16e-02	9.58e-04	5.71e-11	1.16e-19	1.44e-19
 1.86325e+23	6.60e-11	1.52e-06	1.23e-03	5.46e-02	2.02e-01	2.76e-01	4.27e-01	3.88e-02	8.58e-04	6.60e-11	1.35e-19	1.66e-19
 1.87484e+23	7.94e-11	1.80e-06	1.40e-03	5.97e-02	2.12e-01	2.79e-01	4.12e-01	3.55e-02	7.46e-04	7.94e-11	1.63e-19	2.01e-19
 1.88679e+23	9.31e-11	2.08e-06	1.57e-03	6.44e-02	2.19e-01	2.83e-01	3.99e-01	3.29e-02	6.60e-04	9.31e-11	1.93e-19	2.37e-19
 1.89753e+23	1.09e-10	2.39e-06	1.75e-03	6.92e-02	2.27e-01	2.85e-01	3.86e-01	3.05e-02	5.86e-04	1.09e-10	2.26e-19	2.79e-19
 1.90978e+23	1.33e-10	2.85e-06	2.01e-03	7.57e-02	2.37e-01	2.88e-01	3.70e-01	2.77e-02	5.05e-04	1.33e-10	2.79e-19	3.43e-19
 1.92249e+23	1.59e-10	3.33e-06	2.27e-03	8.19e-02	2.45e-01	2.90e-01	3.55e-01	2.53e-02	4.39e-04	1.59e-10	3.34e-19	4.11e-19
 1.93382e+23	1.88e-10	3.85e-06	2.53e-03	8.80e-02	2.53e-01	2.91e-01	3.42e-01	2.33e-02	3.87e-04	1.88e-10	3.98e-19	4.89e-19
 1.94656e+23	2.33e-10	4.62e-06	2.91e-03	9.61e-02	2.63e-01	2.92e-01	3.25e-01	2.09e-02	3.29e-04	2.33e-10	4.97e-19	6.11e-19
 1.95992e+23	2.82e-10	5.45e-06	3.30e-03	1.04e-01	2.72e-01	2.92e-01	3.10e-01	1.89e-02	2.83e-04	2.82e-10	6.07e-19	7.45e-19
 1.97199e+23	3.38e-10	6.36e-06	3.70e-03	1.12e-01	2.80e-01	2.92e-01	2.96e-01	1.73e-02	2.46e-04	3.38e-10	7.34e-19	9.00e-19
 1.98561e+23	4.27e-10	7.71e-06	4.27e-03	1.22e-01	2.90e-01	2.90e-01	2.78e-01	1.53e-02	2.05e-04	4.27e-10	9.36e-19	1.15e-18
 1.99968e+23	5.24e-10	9.14e-06	4.84e-03	1.31e-01	2.98e-01	2.89e-01	2.63e-01	1.37e-02	1.75e-04	5.24e-10	1.16e-18	1.42e-18
 2.01222e+23	6.36e-10	1.07e-05	5.43e-03	1.41e-01	3.05e-01	2.86e-01	2.49e-01	1.24e-02	1.50e-04	6.36e-10	1.42e-18	1.73e-18
 2.02641e+23	8.13e-10	1.30e-05	6.27e-03	1.53e-01	3.14e-01	2.83e-01	2.32e-01	1.08e-02	1.23e-04	8.13e-10	1.83e-18	2.24e-18
 2.04114e+23	1.01e-09	1.55e-05	7.11e-03	1.65e-01	3.22e-01	2.79e-01	2.18e-01	9.58e-03	1.03e-04	1.01e-09	2.30e-18	2.81e-18
 2.05438e+23	1.24e-09	1.83e-05	7.99e-03	1.76e-01	3.28e-01	2.74e-01	2.04e-01	8.53e-03	8.74e-05	1.24e-09	2.86e-18	3.49e-18
 2.06938e+23	1.62e-09	2.25e-05	9.26e-03	1.92e-01	3.36e-01	2.68e-01	1.88e-01	7.33e-03	7.03e-05	1.62e-09	3.78e-18	4.60e-18
 2.08488e+23	2.03e-09	2.68e-05	1.05e-02	2.05e-01	3.42e-01	2.62e-01	1.74e-01	6.42e-03	5.81e-05	2.03e-09	4.79e-18	5.83e-18
 2.09888e+23	2.53e-09	3.18e-05	1.18e-02	2.19e-01	3.47e-01	2.56e-01	1.61e-01	5.63e-03	4.82e-05	2.53e-09	6.04e-18	7.35e-18
 2.11493e+23	3.37e-09	3.96e-05	1.37e-02	2.37e-01	3.52e-01	2.47e-01	1.46e-01	4.73e-03	3.77e-05	3.37e-09	8.17e-18	9.94e-18
 2.13112e+23	4.23e-09	4.71e-05	1.55e-02	2.52e-01	3.55e-01	2.39e-01	1.34e-01	4.09e-03	3.08e-05	4.23e-09	1.04e-17	1.26e-17
 2.14749e+23	5.61e-09	5.81e-05	1.78e-02	2.71e-01	3.58e-01	2.29e-01	1.20e-01	3.42e-03	2.40e-05	5.61e-09	1.41e-17	1.71e-17
 2.16424e+23	7.17e-09	6.96e-05	2.01e-02	2.88e-01	3.60e-01	2.20e-01	1.09e-01	2.92e-03	1.92e-05	7.17e-09	1.82e-17	2.21e-17
 2.17896e+23	9.00e-09	8.23e-05	2.25e-02	3.04e-01	3.60e-01	2.11e-01	9.97e-02	2.51e-03	1.56e-05	9.00e-09	2.32e-17	2.81e-17
 2.19559e+23	1.21e-08	1.02e-04	2.59e-02	3.24e-01	3.60e-01	2.00e-01	8.82e-02	2.05e-03	1.18e-05	1.21e-08	3.17e-17	3.84e-17
 2.21264e+23	1.54e-08	1.21e-04	2.91e-02	3.42e-01	3.58e-01	1.90e-01	7.93e-02	1.73e-03	9.38e-06	1.54e-08	4.12e-17	4.97e-17
 2.23025e+23	2.08e-08	1.51e-04	3.34e-02	3.63e-01	3.55e-01	1.77e-01	6.93e-02	1.40e-03	7.00e-06	2.08e-08	5.69e-17	6.87e-17
 2.24813e+23	2.66e-08	1.80e-04	3.74e-02	3.81e-01	3.51e-01	1.67e-01	6.17e-02	1.16e-03	5.46e-06	2.66e-08	7.44e-17	8.97e-17
 2.26397e+23	3.39e-08	2.13e-04	4.16e-02	3.98e-01	3.47e-01	1.57e-01	5.50e-02	9.71e-04	4.27e-06	3.39e-08	9.66e-17	1.16e-16
 2.28214e+23	4.63e-08	2.65e-04	4.77e-02	4.20e-01	3.39e-01	1.45e-01	4.71e-02	7.64e-04	3.10e-06	4.63e-08	1.35e-16	1.63e-16
 2.30058e+23	5.92e-08	3.15e-04	5.30e-02	4.37e-01	3.33e-01	1.35e-01	4.15e-02	6.29e-04	2.38e-06	5.92e-08	1.77e-16	2.13e-16
 2.31665e+23	7.50e-08	3.71e-04	5.86e-02	4.52e-01	3.26e-01	1.26e-01	3.66e-02	5.20e-04	1.85e-06	7.50e-08	2.29e-16	2.75e-16
 2.33207e+23	9.36e-08	4.31e-04	6.43e-02	4.67e-01	3.18e-01	1.18e-01	3.25e-02	4.33e-04	1.45e-06	9.36e-08	2.92e-16	3.50e-16
 2.34676e+23	1.16e-07	4.99e-04	7.01e-02	4.80e-01	3.11e-01	1.10e-01	2.89e-02	3.63e-04	1.14e-06	1.16e-07	3.68e-16	4.42e-16
 2.36332e+23	1.51e-07	5.99e-04	7.81e-02	4.96e-01	3.00e-01	1.00e-01	2.48e-02	2.88e-04	8.42e-07	1.51e-07	4.95e-16	5.94e-16
 2.37983e+23	1.87e-07	6.91e-04	8.49e-02	5.07e-01	2.92e-01	9.30e-02	2.19e-02	2.39e-04	6.59e-07	1.87e-07	6.24e-16	7.48e-16
 2.39627e+23	2.43e-07	8.24e-04	9.40e-02	5.21e-01	2.81e-01	8.44e-02	1.87e-02	1.89e-04	4.83e-07	2.43e-07	8.35e-16	1.00e-15
 2.41303e+23	3.01e-07	9.51e-04	1.02e-01	5.32e-01	2.71e-01	7.78e-02	1.64e-02	1.55e-04	3.73e-07	3.01e-07	1.06e-15	1.27e-15
 2.43020e+23	3.93e-07	1.14e-03	1.13e-01	5.43e-01	2.59e-01	6.99e-02	1.39e-02	1.21e-04	2.68e-07	3.93e-07	1.43e-15	1.71e-15
 2.44750e+23	4.87e-07	1.31e-03	1.22e-01	5.52e-01	2.49e-01	6.39e-02	1.21e-02	9.85e-05	2.05e-07	4.87e-07	1.82e-15	2.17e-15
 2.46498e+23	6.36e-07	1.56e-03	1.35e-01	5.61e-01	2.36e-01	5.70e-02	1.01e-02	7.59e-05	1.45e-07	6.36e-07	2.46e-15	2.93e-15
 2.48267e+23	7.88e-07	1.80e-03	1.46e-01	5.67e-01	2.25e-01	5.18e-02	8.71e-03	6.11e-05	0.00e+00	7.88e-07	3.13e-15	3.73e-15
 2.49685e+23	9.38e-07	2.02e-03	1.55e-01	5.71e-01	2.17e-01	4.78e-02	7.71e-03	5.11e-05	0.00e+00	9.38e-07	3.81e-15	4.54e-15
 2.51149e+23	1.16e-06	2.32e-03	1.67e-01	5.75e-01	2.06e-01	4.32e-02	6.62e-03	4.10e-05	0.00e+00	1.16e-06	4.86e-15	5.78e-15
 2.52648e+23	1.39e-06	2.61e-03	1.77e-01	5.77e-01	1.97e-01	3.96e-02	5.81e-03	3.39e-05	0.00e+00	1.39e-06	5.95e-15	7.08e-15
 2.53982e+23	1.65e-06	2.92e-03	1.88e-01	5.79e-01	1.89e-01	3.63e-02	5.12e-03	2.81e-05	0.00e+00	1.65e-06	7.25e-15	8.61e-15
 2.55508e+23	2.04e-06	3.35e-03	2.02e-01	5.80e-01	1.78e-01	3.25e-02	4.35e-03	2.22e-05	0.00e+00	2.04e-06	9.30e-15	1.10e-14
 2.57052e+23	2.44e-06	3.76e-03	2.14e-01	5.79e-01	1.69e-01	2.95e-02	3.79e-03	1.82e-05	0.00e+00	2.44e-06	1.14e-14	1.35e-14
 2.58405e+23	2.89e-06	4.19e-03	2.26e-01	5.78e-01	1.61e-01	2.69e-02	3.31e-03	1.50e-05	0.00e+00	2.89e-06	1.39e-14	1.64e-14
 2.59950e+23	3.57e-06	4.81e-03	2.42e-01	5.75e-01	1.51e-01	2.39e-02	2.79e-03	1.17e-05	0.00e+00	3.57e-06	1.78e-14	2.10e-14
 2.61522e+23	4.25e-06	5.37e-03	2.56e-01	5.72e-01	1.43e-01	2.16e-02	2.41e-03	9.51e-06	0.00e+00	4.25e-06	2.17e-14	2.57e-14
 2.62914e+23	5.03e-06	5.98e-03	2.70e-01	5.67e-01	1.35e-01	1.95e-02	2.09e-03	7.74e-06	0.00e+00	5.03e-06	2.65e-14	3.14e-14
 2.64509e+23	6.23e-06	6.86e-03	2.88e-01	5.61e-01	1.26e-01	1.72e-02	1.75e-03	5.97e-06	0.00e+00	6.23e-06	3.41e-14	4.04e-14
 2.66123e+23	7.42e-06	7.67e-03	3.03e-01	5.54e-01	1.18e-01	1.54e-02	1.50e-03	4.80e-06	0.00e+00	7.42e-06	4.19e-14	4.95e-14
 2.67542e+23	8.79e-06	8.55e-03	3.18e-01	5.47e-01	1.11e-01	1.38e-02	1.29e-03	3.87e-06	0.00e+00	8.79e-06	5.12e-14	6.05e-14
 2.69170e+23	1.09e-05	9.79e-03	3.38e-01	5.37e-01	1.02e-01	1.20e-02	1.06e-03	2.95e-06	0.00e+00	1.09e-05	6.59e-14	7.79e-14
 2.70827e+23	1.29e-05	1.09e-02	3.55e-01	5.27e-01	9.53e-02	1.07e-02	9.04e-04	2.34e-06	0.00e+00	1.29e-05	8.11e-14	9.58e-14
 2.72522e+23	1.61e-05	1.26e-02	3.76e-01	5.14e-01	8.72e-02	9.20e-03	7.37e-04	1.75e-06	0.00e+00	1.61e-05	1.05e-13	1.24e-13
 2.74236e+23	1.92e-05	1.40e-02	3.94e-01	5.02e-01	8.07e-02	8.10e-03	6.20e-04	1.37e-06	0.00e+00	1.92e-05	1.30e-13	1.54e-13
 2.75973e+23	2.38e-05	1.61e-02	4.17e-01	4.87e-01	7.33e-02	6.91e-03	5.01e-04	1.01e-06	0.00e+00	2.38e-05	1.69e-13	2.00e-13
 2.77742e+23	2.85e-05	1.80e-02	4.36e-01	4.73e-01	6.73e-02	6.03e-03	4.17e-04	7.80e-07	0.00e+00	2.85e-05	2.10e-13	2.48e-13
 2.79550e+23	3.55e-05	2.07e-02	4.59e-01	4.54e-01	6.05e-02	5.08e-03	3.32e-04	5.65e-07	0.00e+00	3.55e-05	2.74e-13	3.24e-13
 2.81388e+23	4.25e-05	2.32e-02	4.79e-01	4.38e-01	5.51e-02	4.39e-03	2.73e-04	4.30e-07	0.00e+00	4.25e-05	3.42e-13	4.04e-13
 2.83012e+23	5.05e-05	2.58e-02	4.98e-01	4.22e-01	5.02e-02	3.80e-03	2.26e-04	3.29e-07	0.00e+00	5.05e-05	4.23e-13	4.99e-13
 2.84870e+23	6.28e-05	2.96e-02	5.21e-01	4.01e-01	4.46e-02	3.16e-03	1.77e-04	2.34e-07	0.00e+00	6.28e-05	5.54e-13	6.54e-13
 2.86506e+23	7.17e-05	3.21e-02	5.36e-01	3.88e-01	4.12e-02	2.80e-03	1.51e-04	1.87e-07	0.00e+00	7.17e-05	6.51e-13	7.69e-13
 2.87674e+23	8.03e-05	3.44e-02	5.48e-01	3.76e-01	3.85e-02	2.53e-03	1.32e-04	1.56e-07	0.00e+00	8.03e-05	7.51e-13	8.87e-13
 2.89013e+23	9.36e-05	3.79e-02	5.65e-01	3.60e-01	3.51e-02	2.20e-03	1.10e-04	0.00e+00	0.00e+00	9.36e-05	9.10e-13	1.07e-12
 2.90399e+23	1.06e-04	4.10e-02	5.78e-01	3.46e-01	3.24e-02	1.95e-03	9.45e-05	0.00e+00	0.00e+00	1.06e-04	1.07e-12	1.26e-12
 2.91848e+23	1.25e-04	4.54e-02	5.94e-01	3.29e-01	2.92e-02	1.67e-03	7.73e-05	0.00e+00	0.00e+00	1.25e-04	1.31e-12	1.55e-12
 2.93305e+23	1.43e-04	4.92e-02	6.08e-01	3.15e-01	2.67e-02	1.46e-03	6.53e-05	0.00e+00	0.00e+00	1.43e-04	1.54e-12	1.82e-12
 2.94773e+23	1.67e-04	5.43e-02	6.23e-01	2.98e-01	2.40e-02	1.25e-03	5.33e-05	0.00e+00	0.00e+00	1.67e-04	1.89e-12	2.23e-12
 2.96270e+23	1.92e-04	5.90e-02	6.35e-01	2.83e-01	2.17e-02	1.08e-03	4.45e-05	0.00e+00	0.00e+00	1.92e-04	2.24e-12	2.65e-12
 2.97588e+23	2.18e-04	6.38e-02	6.46e-01	2.69e-01	1.98e-02	9.45e-04	3.76e-05	0.00e+00	0.00e+00	2.18e-04	2.63e-12	3.11e-12
 2.99081e+23	2.57e-04	7.06e-02	6.59e-01	2.51e-01	1.76e-02	7.94e-04	3.01e-05	0.00e+00	0.00e+00	2.57e-04	3.25e-12	3.83e-12
 3.00602e+23	2.94e-04	7.68e-02	6.69e-01	2.37e-01	1.58e-02	6.84e-04	2.50e-05	0.00e+00	0.00e+00	2.94e-04	3.85e-12	4.54e-12
 3.02158e+23	3.49e-04	8.53e-02	6.80e-01	2.20e-01	1.39e-02	5.66e-04	1.97e-05	0.00e+00	0.00e+00	3.49e-04	4.79e-12	5.65e-12
 3.03725e+23	4.00e-04	9.29e-02	6.88e-01	2.06e-01	1.24e-02	4.84e-04	1.62e-05	0.00e+00	0.00e+00	4.00e-04	5.70e-12	6.73e-12
 3.05307e+23	4.75e-04	1.03e-01	6.96e-01	1.89e-01	1.08e-02	3.98e-04	1.27e-05	0.00e+00	0.00e+00	4.75e-04	7.10e-12	8.37e-12
 3.06925e+23	5.55e-04	1.14e-01	7.01e-01	1.75e-01	9.54e-03	3.33e-04	1.02e-05	0.00e+00	0.00e+00	5.55e-04	8.62e-12	1.02e-11
 3.08109e+23	6.19e-04	1.23e-01	7.02e-01	1.65e-01	8.77e-03	2.97e-04	8.87e-06	0.00e+00	0.00e+00	6.19e-04	9.86e-12	1.16e-11
