#depth	He	He+	He+2
 4.62852e+21	2.78e-10	1.89e-05	1.00e+00
 1.03389e+22	1.15e-09	4.33e-05	1.00e+00
 1.18121e+22	1.79e-09	5.83e-05	1.00e+00
 1.23991e+22	2.16e-09	6.66e-05	1.00e+00
 1.26437e+22	2.26e-09	6.88e-05	1.00e+00
 1.27562e+22	2.39e-09	7.16e-05	1.00e+00
 1.28744e+22	2.50e-09	7.41e-05	1.00e+00
 1.30001e+22	2.66e-09	7.75e-05	1.00e+00
 1.31264e+22	2.78e-09	8.01e-05	1.00e+00
 1.32369e+22	2.90e-09	8.28e-05	1.00e+00
 1.33638e+22	3.07e-09	8.64e-05	1.00e+00
 1.34906e+22	3.20e-09	8.92e-05	1.00e+00
 1.36174e+22	3.38e-09	9.30e-05	1.00e+00
 1.37454e+22	3.52e-09	9.59e-05	1.00e+00
 1.38749e+22	3.71e-09	9.99e-05	1.00e+00
 1.40069e+22	3.77e-09	1.03e-04	1.00e+00
 1.41423e+22	3.97e-09	1.07e-04	1.00e+00
 1.42802e+22	4.14e-09	1.11e-04	1.00e+00
 1.44214e+22	4.36e-09	1.16e-04	1.00e+00
 1.45594e+22	4.52e-09	1.19e-04	1.00e+00
 1.46932e+22	4.75e-09	1.24e-04	1.00e+00
 1.48291e+22	4.92e-09	1.27e-04	1.00e+00
 1.49676e+22	5.17e-09	1.32e-04	1.00e+00
 1.51103e+22	5.37e-09	1.36e-04	1.00e+00
 1.52585e+22	5.64e-09	1.42e-04	1.00e+00
 1.54116e+22	5.88e-09	1.47e-04	1.00e+00
 1.55708e+22	6.18e-09	1.53e-04	1.00e+00
 1.57342e+22	6.45e-09	1.58e-04	1.00e+00
 1.59031e+22	6.80e-09	1.64e-04	1.00e+00
 1.60774e+22	7.11e-09	1.70e-04	1.00e+00
 1.62587e+22	7.51e-09	1.78e-04	1.00e+00
 1.64458e+22	7.87e-09	1.84e-04	1.00e+00
 1.66149e+22	8.23e-09	1.91e-04	1.00e+00
 1.68091e+22	8.72e-09	2.00e-04	1.00e+00
 1.70070e+22	9.14e-09	2.07e-04	1.00e+00
 1.72099e+22	9.69e-09	2.17e-04	1.00e+00
 1.74155e+22	1.02e-08	2.26e-04	1.00e+00
 1.76247e+22	1.08e-08	2.37e-04	1.00e+00
 1.78360e+22	1.13e-08	2.47e-04	1.00e+00
 1.80501e+22	1.20e-08	2.60e-04	1.00e+00
 1.82653e+22	1.25e-08	2.70e-04	1.00e+00
 1.84441e+22	1.31e-08	2.80e-04	1.00e+00
 1.86387e+22	1.37e-08	2.94e-04	1.00e+00
 1.88325e+22	1.42e-08	3.05e-04	1.00e+00
 1.90255e+22	1.49e-08	3.20e-04	1.00e+00
 1.92208e+22	1.55e-08	3.33e-04	1.00e+00
 1.94192e+22	1.62e-08	3.50e-04	1.00e+00
 1.96200e+22	1.68e-08	3.65e-04	1.00e+00
 1.98239e+22	1.75e-08	3.85e-04	1.00e+00
 2.00317e+22	1.80e-08	4.02e-04	1.00e+00
 2.02446e+22	1.87e-08	4.25e-04	1.00e+00
 2.04614e+22	1.93e-08	4.45e-04	1.00e+00
 2.06833e+22	1.99e-08	4.73e-04	1.00e+00
 2.09077e+22	2.04e-08	4.97e-04	1.00e+00
 2.10975e+22	2.08e-08	5.19e-04	9.99e-01
 2.13047e+22	2.12e-08	5.50e-04	9.99e-01
 2.15124e+22	2.15e-08	5.76e-04	9.99e-01
 2.17155e+22	2.17e-08	6.09e-04	9.99e-01
 2.19226e+22	2.19e-08	6.39e-04	9.99e-01
 2.21258e+22	2.21e-08	6.75e-04	9.99e-01
 2.23333e+22	2.22e-08	7.10e-04	9.99e-01
 2.25373e+22	2.22e-08	7.49e-04	9.99e-01
 2.27432e+22	2.22e-08	7.88e-04	9.99e-01
 2.29464e+22	2.22e-08	8.30e-04	9.99e-01
 2.31492e+22	2.22e-08	8.74e-04	9.99e-01
 2.33522e+22	2.22e-08	9.20e-04	9.99e-01
 2.35559e+22	2.22e-08	9.68e-04	9.99e-01
 2.37604e+22	2.23e-08	1.02e-03	9.99e-01
 2.39666e+22	2.25e-08	1.07e-03	9.99e-01
 2.41748e+22	2.27e-08	1.13e-03	9.99e-01
 2.43842e+22	2.31e-08	1.19e-03	9.99e-01
 2.45968e+22	2.36e-08	1.25e-03	9.99e-01
 2.48115e+22	2.43e-08	1.32e-03	9.99e-01
 2.50305e+22	2.52e-08	1.39e-03	9.99e-01
 2.52532e+22	2.62e-08	1.47e-03	9.99e-01
 2.54571e+22	2.73e-08	1.53e-03	9.98e-01
 2.56702e+22	2.89e-08	1.62e-03	9.98e-01
 2.58866e+22	3.04e-08	1.69e-03	9.98e-01
 2.61091e+22	3.27e-08	1.79e-03	9.98e-01
 2.63324e+22	3.47e-08	1.87e-03	9.98e-01
 2.65567e+22	3.78e-08	1.98e-03	9.98e-01
 2.67818e+22	4.04e-08	2.07e-03	9.98e-01
 2.70077e+22	4.43e-08	2.19e-03	9.98e-01
 2.72360e+22	4.76e-08	2.28e-03	9.98e-01
 2.74673e+22	5.26e-08	2.42e-03	9.98e-01
 2.77016e+22	5.69e-08	2.53e-03	9.97e-01
 2.79397e+22	6.33e-08	2.67e-03	9.97e-01
 2.81822e+22	6.88e-08	2.80e-03	9.97e-01
 2.84302e+22	7.70e-08	2.97e-03	9.97e-01
 2.86838e+22	8.42e-08	3.11e-03	9.97e-01
 2.89446e+22	9.49e-08	3.30e-03	9.97e-01
 2.92107e+22	1.04e-07	3.46e-03	9.97e-01
 2.94353e+22	1.13e-07	3.61e-03	9.96e-01
 2.96792e+22	1.27e-07	3.82e-03	9.96e-01
 2.99158e+22	1.37e-07	3.97e-03	9.96e-01
 3.01433e+22	1.52e-07	4.18e-03	9.96e-01
 3.03729e+22	1.64e-07	4.34e-03	9.96e-01
 3.06056e+22	1.82e-07	4.57e-03	9.95e-01
 3.08415e+22	1.97e-07	4.76e-03	9.95e-01
 3.10818e+22	2.19e-07	5.01e-03	9.95e-01
 3.13255e+22	2.38e-07	5.22e-03	9.95e-01
 3.15739e+22	2.65e-07	5.51e-03	9.94e-01
 3.18263e+22	2.88e-07	5.74e-03	9.94e-01
 3.20841e+22	3.23e-07	6.07e-03	9.94e-01
 3.23472e+22	3.52e-07	6.33e-03	9.94e-01
 3.26174e+22	3.96e-07	6.71e-03	9.93e-01
 3.28948e+22	4.34e-07	7.02e-03	9.93e-01
 3.31816e+22	4.89e-07	7.45e-03	9.93e-01
 3.34718e+22	5.37e-07	7.80e-03	9.92e-01
 3.37663e+22	6.07e-07	8.29e-03	9.92e-01
 3.40643e+22	6.67e-07	8.68e-03	9.91e-01
 3.43667e+22	7.56e-07	9.24e-03	9.91e-01
 3.46737e+22	8.32e-07	9.68e-03	9.90e-01
 3.49443e+22	9.17e-07	1.02e-02	9.90e-01
 3.52538e+22	1.04e-06	1.08e-02	9.89e-01
 3.55688e+22	1.15e-06	1.14e-02	9.89e-01
 3.58241e+22	1.25e-06	1.18e-02	9.88e-01
 3.60893e+22	1.38e-06	1.24e-02	9.88e-01
 3.63678e+22	1.51e-06	1.30e-02	9.87e-01
 3.66233e+22	1.65e-06	1.36e-02	9.86e-01
 3.69151e+22	1.84e-06	1.43e-02	9.86e-01
 3.72143e+22	2.03e-06	1.51e-02	9.85e-01
 3.74769e+22	2.22e-06	1.57e-02	9.84e-01
 3.77720e+22	2.48e-06	1.66e-02	9.83e-01
 3.80809e+22	2.75e-06	1.75e-02	9.83e-01
 3.83603e+22	3.01e-06	1.83e-02	9.82e-01
 3.86760e+22	3.39e-06	1.94e-02	9.81e-01
 3.90015e+22	3.77e-06	2.04e-02	9.80e-01
 3.92911e+22	4.15e-06	2.14e-02	9.79e-01
 3.96190e+22	4.68e-06	2.27e-02	9.77e-01
 3.99597e+22	5.22e-06	2.40e-02	9.76e-01
 4.02664e+22	5.77e-06	2.52e-02	9.75e-01
 4.06145e+22	6.58e-06	2.69e-02	9.73e-01
 4.09721e+22	7.34e-06	2.83e-02	9.72e-01
 4.12935e+22	8.17e-06	2.99e-02	9.70e-01
 4.16627e+22	9.38e-06	3.20e-02	9.68e-01
 4.20347e+22	1.05e-05	3.38e-02	9.66e-01
 4.24104e+22	1.20e-05	3.61e-02	9.64e-01
 4.27949e+22	1.35e-05	3.83e-02	9.62e-01
 4.31336e+22	1.51e-05	4.04e-02	9.60e-01
 4.35169e+22	1.74e-05	4.33e-02	9.57e-01
 4.39091e+22	1.96e-05	4.59e-02	9.54e-01
 4.43129e+22	2.27e-05	4.93e-02	9.51e-01
 4.47232e+22	2.56e-05	5.23e-02	9.48e-01
 4.51420e+22	2.99e-05	5.64e-02	9.44e-01
 4.55632e+22	3.38e-05	5.98e-02	9.40e-01
 4.59263e+22	3.80e-05	6.33e-02	9.37e-01
 4.62738e+22	4.22e-05	6.66e-02	9.33e-01
 4.66044e+22	4.70e-05	7.01e-02	9.30e-01
 4.69767e+22	5.36e-05	7.47e-02	9.25e-01
 4.73482e+22	5.96e-05	7.86e-02	9.21e-01
 4.77186e+22	6.80e-05	8.37e-02	9.16e-01
 4.80961e+22	7.58e-05	8.81e-02	9.12e-01
 4.84829e+22	8.68e-05	9.40e-02	9.06e-01
 4.88734e+22	9.69e-05	9.91e-02	9.01e-01
 4.92170e+22	1.08e-04	1.04e-01	8.96e-01
 4.96119e+22	1.24e-04	1.11e-01	8.89e-01
 4.99942e+22	1.37e-04	1.17e-01	8.83e-01
 5.02987e+22	1.50e-04	1.22e-01	8.78e-01
 5.06329e+22	1.68e-04	1.28e-01	8.72e-01
 5.09730e+22	1.84e-04	1.34e-01	8.66e-01
 5.12731e+22	2.01e-04	1.39e-01	8.60e-01
 5.16156e+22	2.25e-04	1.47e-01	8.53e-01
 5.19622e+22	2.48e-04	1.53e-01	8.46e-01
 5.22662e+22	2.71e-04	1.60e-01	8.40e-01
 5.26131e+22	3.04e-04	1.68e-01	8.31e-01
 5.29631e+22	3.32e-04	1.75e-01	8.24e-01
 5.33169e+22	3.72e-04	1.85e-01	8.15e-01
 5.36762e+22	4.09e-04	1.93e-01	8.07e-01
 5.39928e+22	4.47e-04	2.00e-01	7.99e-01
 5.42549e+22	4.77e-04	2.06e-01	7.93e-01
 5.44963e+22	5.13e-04	2.13e-01	7.87e-01
 5.48101e+22	5.66e-04	2.22e-01	7.77e-01
 5.51550e+22	6.18e-04	2.31e-01	7.68e-01
 5.55403e+22	6.99e-04	2.44e-01	7.56e-01
 5.59225e+22	7.66e-04	2.53e-01	7.46e-01
 5.63009e+22	8.57e-04	2.66e-01	7.33e-01
 5.66953e+22	9.44e-04	2.77e-01	7.22e-01
 5.71106e+22	1.07e-03	2.91e-01	7.08e-01
 5.75316e+22	1.18e-03	3.04e-01	6.95e-01
 5.79035e+22	1.30e-03	3.16e-01	6.83e-01
 5.82222e+22	1.39e-03	3.25e-01	6.74e-01
 5.85283e+22	1.51e-03	3.36e-01	6.62e-01
 5.88416e+22	1.63e-03	3.46e-01	6.52e-01
 5.91222e+22	1.75e-03	3.56e-01	6.43e-01
 5.94447e+22	1.90e-03	3.68e-01	6.30e-01
 5.97734e+22	2.05e-03	3.78e-01	6.20e-01
 6.00642e+22	2.20e-03	3.89e-01	6.09e-01
 6.03963e+22	2.41e-03	4.03e-01	5.95e-01
 6.07309e+22	2.59e-03	4.13e-01	5.84e-01
 6.10689e+22	2.82e-03	4.27e-01	5.71e-01
 6.14172e+22	3.05e-03	4.38e-01	5.58e-01
 6.17309e+22	3.28e-03	4.50e-01	5.47e-01
 6.20905e+22	3.61e-03	4.65e-01	5.31e-01
 6.24546e+22	3.88e-03	4.77e-01	5.19e-01
 6.28247e+22	4.25e-03	4.92e-01	5.04e-01
 6.32095e+22	4.60e-03	5.06e-01	4.90e-01
 6.36134e+22	5.08e-03	5.22e-01	4.73e-01
 6.40181e+22	5.51e-03	5.36e-01	4.59e-01
 6.44238e+22	6.08e-03	5.53e-01	4.41e-01
 6.48347e+22	6.56e-03	5.66e-01	4.27e-01
 6.52521e+22	7.22e-03	5.83e-01	4.10e-01
 6.56832e+22	7.84e-03	5.97e-01	3.95e-01
 6.61320e+22	8.74e-03	6.16e-01	3.76e-01
 6.65791e+22	9.43e-03	6.29e-01	3.62e-01
 6.70241e+22	1.04e-02	6.46e-01	3.44e-01
 6.74855e+22	1.13e-02	6.60e-01	3.28e-01
 6.79683e+22	1.26e-02	6.79e-01	3.09e-01
 6.84603e+22	1.37e-02	6.93e-01	2.94e-01
 6.89642e+22	1.54e-02	7.11e-01	2.73e-01
 6.94810e+22	1.68e-02	7.25e-01	2.58e-01
 7.00149e+22	1.89e-02	7.43e-01	2.38e-01
 7.05667e+22	2.08e-02	7.57e-01	2.22e-01
 7.11421e+22	2.35e-02	7.74e-01	2.02e-01
 7.17426e+22	2.61e-02	7.89e-01	1.85e-01
 7.23627e+22	2.99e-02	8.05e-01	1.66e-01
 7.29001e+22	3.22e-02	8.13e-01	1.54e-01
 7.33429e+22	3.54e-02	8.23e-01	1.41e-01
 7.38113e+22	3.87e-02	8.32e-01	1.30e-01
 7.43128e+22	4.34e-02	8.40e-01	1.16e-01
 7.48230e+22	4.77e-02	8.47e-01	1.05e-01
 7.53446e+22	5.40e-02	8.53e-01	9.29e-02
 7.58868e+22	6.02e-02	8.57e-01	8.27e-02
 7.63170e+22	6.57e-02	8.59e-01	7.53e-02
 7.66778e+22	7.12e-02	8.60e-01	6.90e-02
 7.70872e+22	7.93e-02	8.59e-01	6.17e-02
 7.75201e+22	8.80e-02	8.57e-01	5.55e-02
 7.79034e+22	9.70e-02	8.53e-01	5.04e-02
 7.82547e+22	1.07e-01	8.47e-01	4.61e-02
 7.85834e+22	1.17e-01	8.40e-01	4.25e-02
 7.88884e+22	1.28e-01	8.32e-01	3.95e-02
 7.91656e+22	1.40e-01	8.23e-01	3.71e-02
 7.94167e+22	1.52e-01	8.13e-01	3.51e-02
 7.96451e+22	1.65e-01	8.02e-01	3.36e-02
 7.98533e+22	1.77e-01	7.90e-01	3.23e-02
 7.99847e+22	1.85e-01	7.83e-01	3.21e-02
 8.00344e+22	1.88e-01	7.80e-01	3.19e-02
 8.00745e+22	1.91e-01	7.77e-01	3.17e-02
 8.01264e+22	1.95e-01	7.74e-01	3.14e-02
 8.01883e+22	2.00e-01	7.69e-01	3.11e-02
 8.02510e+22	2.05e-01	7.64e-01	3.08e-02
 8.03090e+22	2.10e-01	7.60e-01	3.07e-02
 8.03682e+22	2.15e-01	7.54e-01	3.04e-02
 8.04293e+22	2.20e-01	7.50e-01	3.03e-02
 8.04923e+22	2.26e-01	7.44e-01	3.01e-02
 8.05582e+22	2.32e-01	7.38e-01	3.00e-02
 8.06229e+22	2.39e-01	7.32e-01	2.98e-02
 8.06870e+22	2.45e-01	7.25e-01	2.97e-02
 8.07529e+22	2.52e-01	7.18e-01	2.97e-02
 8.08242e+22	2.60e-01	7.11e-01	2.96e-02
 8.09000e+22	2.68e-01	7.02e-01	2.95e-02
 8.09749e+22	2.77e-01	6.94e-01	2.94e-02
 8.10332e+22	2.82e-01	6.88e-01	2.96e-02
 8.10718e+22	2.87e-01	6.83e-01	2.96e-02
 8.11090e+22	2.92e-01	6.79e-01	2.95e-02
 8.11522e+22	2.97e-01	6.73e-01	2.94e-02
 8.11993e+22	3.03e-01	6.67e-01	2.94e-02
 8.12459e+22	3.09e-01	6.61e-01	2.94e-02
 8.12914e+22	3.15e-01	6.55e-01	2.93e-02
 8.13374e+22	3.22e-01	6.49e-01	2.93e-02
 8.13848e+22	3.28e-01	6.43e-01	2.92e-02
 8.14333e+22	3.35e-01	6.36e-01	2.91e-02
 8.14817e+22	3.42e-01	6.29e-01	2.91e-02
 8.15313e+22	3.49e-01	6.22e-01	2.89e-02
 8.15826e+22	3.57e-01	6.14e-01	2.88e-02
 8.16336e+22	3.65e-01	6.06e-01	2.86e-02
 8.16854e+22	3.73e-01	5.99e-01	2.84e-02
 8.17391e+22	3.82e-01	5.90e-01	2.82e-02
 8.17948e+22	3.91e-01	5.81e-01	2.80e-02
 8.18512e+22	4.00e-01	5.72e-01	2.77e-02
 8.19083e+22	4.09e-01	5.63e-01	2.74e-02
 8.19675e+22	4.20e-01	5.53e-01	2.71e-02
 8.20287e+22	4.30e-01	5.43e-01	2.67e-02
 8.20912e+22	4.41e-01	5.33e-01	2.63e-02
 8.21551e+22	4.52e-01	5.22e-01	2.59e-02
 8.22208e+22	4.64e-01	5.11e-01	2.54e-02
 8.22887e+22	4.76e-01	4.99e-01	2.49e-02
 8.23586e+22	4.88e-01	4.87e-01	2.44e-02
 8.24301e+22	5.01e-01	4.75e-01	2.38e-02
 8.25037e+22	5.14e-01	4.63e-01	2.32e-02
 8.25796e+22	5.28e-01	4.50e-01	2.25e-02
 8.26578e+22	5.42e-01	4.37e-01	2.18e-02
 8.27378e+22	5.55e-01	4.24e-01	2.11e-02
 8.28181e+22	5.69e-01	4.11e-01	2.04e-02
 8.28998e+22	5.83e-01	3.97e-01	1.96e-02
 8.29848e+22	5.97e-01	3.84e-01	1.89e-02
 8.30703e+22	6.11e-01	3.71e-01	1.81e-02
 8.31545e+22	6.24e-01	3.58e-01	1.74e-02
 8.32410e+22	6.38e-01	3.46e-01	1.66e-02
 8.33307e+22	6.51e-01	3.33e-01	1.58e-02
 8.34212e+22	6.64e-01	3.21e-01	1.51e-02
 8.35132e+22	6.77e-01	3.09e-01	1.44e-02
 8.36076e+22	6.90e-01	2.97e-01	1.36e-02
 8.37038e+22	7.02e-01	2.85e-01	1.29e-02
 8.38014e+22	7.14e-01	2.74e-01	1.21e-02
 8.39017e+22	7.26e-01	2.62e-01	1.14e-02
 8.40044e+22	7.38e-01	2.52e-01	1.07e-02
 8.41062e+22	7.49e-01	2.41e-01	1.00e-02
 8.42034e+22	7.58e-01	2.32e-01	9.45e-03
 8.42932e+22	7.67e-01	2.24e-01	8.92e-03
 8.43765e+22	7.75e-01	2.16e-01	8.43e-03
 8.44533e+22	7.82e-01	2.10e-01	8.00e-03
 8.45274e+22	7.89e-01	2.04e-01	7.59e-03
 8.46016e+22	7.95e-01	1.98e-01	7.24e-03
 8.46746e+22	8.01e-01	1.92e-01	6.86e-03
 8.47429e+22	8.06e-01	1.87e-01	6.55e-03
 8.48064e+22	8.11e-01	1.82e-01	6.26e-03
 8.48704e+22	8.16e-01	1.78e-01	5.97e-03
 8.49321e+22	8.21e-01	1.74e-01	5.72e-03
 8.49904e+22	8.25e-01	1.70e-01	5.48e-03
 8.50482e+22	8.29e-01	1.66e-01	5.24e-03
 8.51036e+22	8.33e-01	1.62e-01	5.03e-03
 8.51558e+22	8.36e-01	1.59e-01	4.84e-03
 8.52068e+22	8.40e-01	1.56e-01	4.65e-03
 8.52565e+22	8.43e-01	1.52e-01	4.47e-03
 8.53032e+22	8.46e-01	1.50e-01	4.31e-03
 8.53458e+22	8.49e-01	1.47e-01	4.16e-03
 8.53845e+22	8.51e-01	1.45e-01	4.03e-03
 8.54197e+22	8.54e-01	1.42e-01	3.91e-03
 8.54518e+22	8.56e-01	1.40e-01	3.81e-03
 8.54809e+22	8.58e-01	1.39e-01	3.71e-03
 8.55075e+22	8.59e-01	1.37e-01	3.63e-03
 8.55366e+22	8.61e-01	1.35e-01	3.53e-03
 8.55680e+22	8.63e-01	1.33e-01	3.43e-03
 8.55965e+22	8.65e-01	1.32e-01	3.35e-03
 8.56225e+22	8.66e-01	1.30e-01	3.28e-03
 8.56462e+22	8.68e-01	1.29e-01	3.23e-03
 8.56721e+22	8.69e-01	1.27e-01	3.14e-03
 8.57059e+22	8.72e-01	1.25e-01	3.04e-03
 8.57422e+22	8.73e-01	1.24e-01	2.96e-03
 8.57754e+22	8.75e-01	1.22e-01	2.88e-03
 8.58055e+22	8.77e-01	1.21e-01	2.81e-03
 8.58329e+22	8.78e-01	1.19e-01	2.75e-03
 8.58579e+22	8.79e-01	1.18e-01	2.70e-03
 8.58852e+22	8.81e-01	1.17e-01	2.63e-03
 8.59148e+22	8.82e-01	1.15e-01	2.58e-03
 8.59471e+22	8.84e-01	1.14e-01	2.50e-03
 8.59820e+22	8.85e-01	1.12e-01	2.44e-03
 8.60138e+22	8.87e-01	1.11e-01	2.38e-03
 8.60427e+22	8.88e-01	1.10e-01	2.33e-03
 8.60691e+22	8.89e-01	1.09e-01	2.29e-03
 8.60979e+22	8.91e-01	1.07e-01	2.22e-03
 8.61354e+22	8.92e-01	1.05e-01	2.15e-03
 8.61759e+22	8.94e-01	1.04e-01	2.09e-03
 8.62127e+22	8.95e-01	1.03e-01	2.04e-03
 8.62462e+22	8.97e-01	1.01e-01	1.99e-03
 8.62767e+22	8.98e-01	9.99e-02	1.94e-03
 8.63045e+22	8.99e-01	9.87e-02	1.89e-03
 8.63298e+22	9.01e-01	9.76e-02	1.85e-03
 8.63527e+22	9.01e-01	9.68e-02	1.82e-03
 8.63779e+22	9.03e-01	9.56e-02	1.77e-03
 8.64107e+22	9.04e-01	9.40e-02	1.71e-03
 8.64460e+22	9.05e-01	9.30e-02	1.67e-03
 8.64782e+22	9.07e-01	9.18e-02	1.63e-03
 8.65075e+22	9.08e-01	9.07e-02	1.59e-03
 8.65341e+22	9.09e-01	8.97e-02	1.56e-03
 8.65633e+22	9.10e-01	8.85e-02	1.52e-03
 8.65948e+22	9.11e-01	8.74e-02	1.48e-03
 8.66235e+22	9.12e-01	8.64e-02	1.45e-03
 8.66496e+22	9.13e-01	8.54e-02	1.41e-03
 8.66733e+22	9.14e-01	8.47e-02	1.39e-03
 8.66994e+22	9.15e-01	8.37e-02	1.36e-03
 8.67275e+22	9.16e-01	8.28e-02	1.33e-03
 8.67582e+22	9.17e-01	8.17e-02	1.29e-03
 8.67915e+22	9.18e-01	8.07e-02	1.26e-03
 8.68217e+22	9.19e-01	8.00e-02	1.24e-03
 8.68549e+22	9.20e-01	7.88e-02	1.20e-03
 8.68906e+22	9.21e-01	7.80e-02	1.18e-03
 8.69232e+22	9.22e-01	7.69e-02	1.15e-03
 8.69528e+22	9.23e-01	7.62e-02	1.13e-03
 8.69853e+22	9.24e-01	7.52e-02	1.10e-03
 8.70203e+22	9.25e-01	7.43e-02	1.07e-03
 8.70522e+22	9.26e-01	7.34e-02	1.04e-03
 8.70813e+22	9.26e-01	7.27e-02	1.03e-03
 8.71131e+22	9.27e-01	7.16e-02	9.94e-04
 8.71474e+22	9.28e-01	7.10e-02	9.77e-04
 8.71850e+22	9.29e-01	6.99e-02	9.46e-04
 8.72257e+22	9.30e-01	6.90e-02	9.22e-04
 8.72626e+22	9.31e-01	6.80e-02	8.97e-04
 8.72963e+22	9.32e-01	6.74e-02	8.80e-04
 8.73331e+22	9.33e-01	6.64e-02	8.53e-04
 8.73729e+22	9.34e-01	6.55e-02	8.31e-04
 8.74091e+22	9.34e-01	6.48e-02	8.13e-04
 8.74488e+22	9.35e-01	6.37e-02	7.87e-04
 8.74916e+22	9.36e-01	6.29e-02	7.66e-04
 8.75306e+22	9.37e-01	6.20e-02	7.45e-04
 8.75661e+22	9.38e-01	6.14e-02	7.30e-04
 8.76050e+22	9.39e-01	6.04e-02	7.07e-04
 8.76469e+22	9.40e-01	5.96e-02	6.89e-04
 8.76851e+22	9.40e-01	5.90e-02	6.74e-04
 8.77270e+22	9.41e-01	5.79e-02	6.51e-04
 8.77722e+22	9.42e-01	5.72e-02	6.33e-04
 8.78133e+22	9.43e-01	5.63e-02	6.15e-04
 8.78507e+22	9.44e-01	5.57e-02	6.02e-04
 8.78917e+22	9.45e-01	5.48e-02	5.83e-04
 8.79359e+22	9.45e-01	5.41e-02	5.68e-04
 8.79762e+22	9.46e-01	5.35e-02	5.55e-04
 8.80204e+22	9.47e-01	5.26e-02	5.36e-04
 8.80680e+22	9.48e-01	5.19e-02	5.22e-04
 8.81114e+22	9.48e-01	5.12e-02	5.09e-04
 8.81589e+22	9.49e-01	5.03e-02	4.91e-04
 8.82102e+22	9.50e-01	4.96e-02	4.77e-04
 8.82568e+22	9.51e-01	4.89e-02	4.64e-04
 8.83080e+22	9.52e-01	4.80e-02	4.47e-04
 8.83632e+22	9.52e-01	4.73e-02	4.35e-04
 8.84134e+22	9.53e-01	4.66e-02	4.21e-04
 8.84592e+22	9.54e-01	4.59e-02	4.10e-04
 8.85093e+22	9.55e-01	4.51e-02	3.95e-04
 8.85634e+22	9.55e-01	4.44e-02	3.83e-04
 8.86126e+22	9.56e-01	4.38e-02	3.73e-04
 8.86665e+22	9.57e-01	4.30e-02	3.59e-04
 8.87248e+22	9.57e-01	4.23e-02	3.48e-04
 8.87778e+22	9.58e-01	4.17e-02	3.38e-04
 8.88358e+22	9.59e-01	4.09e-02	3.25e-04
 8.88985e+22	9.59e-01	4.02e-02	3.14e-04
 8.89556e+22	9.60e-01	3.96e-02	3.05e-04
 8.90181e+22	9.61e-01	3.88e-02	2.92e-04
 8.90856e+22	9.62e-01	3.81e-02	2.83e-04
 8.91470e+22	9.62e-01	3.75e-02	2.73e-04
 8.92029e+22	9.63e-01	3.69e-02	2.64e-04
 8.92641e+22	9.64e-01	3.61e-02	2.54e-04
 8.93302e+22	9.64e-01	3.55e-02	2.45e-04
 8.93904e+22	9.65e-01	3.49e-02	2.38e-04
 8.94563e+22	9.66e-01	3.42e-02	2.28e-04
 8.95275e+22	9.66e-01	3.36e-02	2.20e-04
 8.95923e+22	9.67e-01	3.30e-02	2.12e-04
 8.96632e+22	9.68e-01	3.23e-02	2.03e-04
 8.97399e+22	9.68e-01	3.17e-02	1.96e-04
 8.98096e+22	9.69e-01	3.11e-02	1.88e-04
 8.98730e+22	9.69e-01	3.06e-02	1.82e-04
 8.99426e+22	9.70e-01	2.99e-02	1.74e-04
 9.00176e+22	9.70e-01	2.94e-02	1.68e-04
 9.00859e+22	9.71e-01	2.88e-02	1.62e-04
 9.01608e+22	9.72e-01	2.82e-02	1.55e-04
 9.02416e+22	9.72e-01	2.77e-02	1.49e-04
 9.03151e+22	9.73e-01	2.71e-02	1.44e-04
 9.03957e+22	9.73e-01	2.65e-02	1.37e-04
 9.04827e+22	9.74e-01	2.60e-02	1.32e-04
 9.05618e+22	9.74e-01	2.55e-02	1.27e-04
 9.06486e+22	9.75e-01	2.48e-02	1.21e-04
 9.07422e+22	9.76e-01	2.43e-02	1.16e-04
 9.08274e+22	9.76e-01	2.38e-02	1.11e-04
 9.09050e+22	9.77e-01	2.33e-02	1.06e-04
 9.09900e+22	9.77e-01	2.28e-02	1.01e-04
 9.11004e+22	9.78e-01	2.21e-02	9.57e-05
 9.12253e+22	9.78e-01	2.15e-02	9.01e-05
 9.13494e+22	9.79e-01	2.08e-02	8.46e-05
 9.14749e+22	9.80e-01	2.01e-02	7.94e-05
 9.16036e+22	9.80e-01	1.95e-02	7.45e-05
 9.17341e+22	9.81e-01	1.89e-02	6.98e-05
 9.18661e+22	9.82e-01	1.83e-02	6.53e-05
 9.19996e+22	9.82e-01	1.77e-02	6.12e-05
 9.21348e+22	9.83e-01	1.71e-02	5.72e-05
 9.22717e+22	9.83e-01	1.65e-02	5.35e-05
 9.24101e+22	9.84e-01	1.59e-02	5.00e-05
 9.25250e+22	9.84e-01	1.56e-02	4.76e-05
