#depth	Ne	Ne+	Ne+2	Ne+3	Ne+4	Ne+5	Ne+6	Ne+7	Ne+8	Ne+9	Ne+10
 1.54284e+22	0.00e+00	0.00e+00	0.00e+00	1.08e-25	4.92e-21	5.48e-17	2.42e-13	6.71e-10	6.33e-06	5.01e-03	9.95e-01
 3.57398e+22	0.00e+00	0.00e+00	6.92e-30	1.01e-24	3.37e-20	2.76e-16	8.89e-13	1.79e-09	1.21e-05	6.92e-03	9.93e-01
 4.42136e+22	0.00e+00	0.00e+00	4.34e-29	5.07e-24	1.34e-19	8.75e-16	2.25e-12	3.60e-09	1.94e-05	8.74e-03	9.91e-01
 5.06770e+22	0.00e+00	0.00e+00	1.87e-28	1.82e-23	4.04e-19	2.19e-15	4.71e-12	6.28e-09	2.81e-05	1.05e-02	9.89e-01
 5.42677e+22	0.00e+00	0.00e+00	2.71e-28	2.53e-23	5.35e-19	2.78e-15	5.69e-12	7.25e-09	3.09e-05	1.10e-02	9.89e-01
 5.55062e+22	0.00e+00	0.00e+00	3.53e-28	3.18e-23	6.53e-19	3.28e-15	6.50e-12	8.01e-09	3.30e-05	1.14e-02	9.89e-01
 5.67029e+22	0.00e+00	0.00e+00	4.91e-28	4.25e-23	8.37e-19	4.04e-15	7.69e-12	9.10e-09	3.59e-05	1.19e-02	9.88e-01
 5.79506e+22	0.00e+00	0.00e+00	6.57e-28	5.49e-23	1.04e-18	4.85e-15	8.91e-12	1.02e-08	3.87e-05	1.23e-02	9.88e-01
 5.90845e+22	0.00e+00	1.52e-33	8.80e-28	7.08e-23	1.30e-18	5.82e-15	1.03e-11	1.14e-08	4.17e-05	1.28e-02	9.87e-01
 6.02087e+22	0.00e+00	2.09e-33	1.17e-27	9.09e-23	1.61e-18	6.97e-15	1.19e-11	1.27e-08	4.48e-05	1.33e-02	9.87e-01
 6.15000e+22	0.00e+00	3.10e-33	1.66e-27	1.24e-22	2.10e-18	8.70e-15	1.43e-11	1.45e-08	4.90e-05	1.39e-02	9.86e-01
 6.27976e+22	0.00e+00	4.34e-33	2.24e-27	1.61e-22	2.63e-18	1.05e-14	1.66e-11	1.63e-08	5.29e-05	1.44e-02	9.86e-01
 6.38994e+22	0.00e+00	5.93e-33	2.96e-27	2.05e-22	3.24e-18	1.25e-14	1.91e-11	1.81e-08	5.68e-05	1.49e-02	9.85e-01
 6.51277e+22	0.00e+00	8.50e-33	4.08e-27	2.72e-22	4.13e-18	1.53e-14	2.25e-11	2.05e-08	6.17e-05	1.56e-02	9.84e-01
 6.64349e+22	0.00e+00	1.21e-32	5.61e-27	3.60e-22	5.24e-18	1.87e-14	2.64e-11	2.31e-08	6.69e-05	1.62e-02	9.84e-01
 6.75286e+22	0.00e+00	1.63e-32	7.30e-27	4.53e-22	6.40e-18	2.21e-14	3.02e-11	2.55e-08	7.15e-05	1.67e-02	9.83e-01
 6.84748e+22	0.00e+00	2.13e-32	9.26e-27	5.59e-22	7.66e-18	2.57e-14	3.41e-11	2.80e-08	7.60e-05	1.73e-02	9.83e-01
 6.95455e+22	0.00e+00	2.90e-32	1.22e-26	7.11e-22	9.43e-18	3.06e-14	3.92e-11	3.11e-08	8.16e-05	1.79e-02	9.82e-01
 7.07190e+22	0.00e+00	3.99e-32	1.62e-26	9.11e-22	1.17e-17	3.65e-14	4.53e-11	3.47e-08	8.77e-05	1.85e-02	9.81e-01
 7.18153e+22	0.00e+00	5.45e-32	2.14e-26	1.16e-21	1.44e-17	4.36e-14	5.22e-11	3.86e-08	9.42e-05	1.92e-02	9.81e-01
 7.28462e+22	0.00e+00	7.26e-32	2.76e-26	1.46e-21	1.75e-17	5.12e-14	5.94e-11	4.26e-08	1.01e-04	1.98e-02	9.80e-01
 7.40028e+22	0.00e+00	1.02e-31	3.73e-26	1.89e-21	2.19e-17	6.18e-14	6.92e-11	4.78e-08	1.09e-04	2.06e-02	9.79e-01
 7.52031e+22	0.00e+00	1.41e-31	4.99e-26	2.45e-21	2.73e-17	7.43e-14	8.02e-11	5.34e-08	1.17e-04	2.14e-02	9.79e-01
 7.62303e+22	0.00e+00	1.87e-31	6.42e-26	3.05e-21	3.30e-17	8.71e-14	9.12e-11	5.88e-08	1.25e-04	2.20e-02	9.78e-01
 7.73356e+22	0.00e+00	2.60e-31	8.59e-26	3.94e-21	4.11e-17	1.05e-13	1.06e-10	6.58e-08	1.34e-04	2.29e-02	9.77e-01
 7.85167e+22	0.00e+00	3.61e-31	1.15e-25	5.10e-21	5.12e-17	1.26e-13	1.23e-10	7.36e-08	1.45e-04	2.37e-02	9.76e-01
 7.95784e+22	0.00e+00	4.80e-31	1.49e-25	6.38e-21	6.21e-17	1.48e-13	1.40e-10	8.12e-08	1.55e-04	2.45e-02	9.75e-01
 8.05630e+22	0.00e+00	6.35e-31	1.90e-25	7.93e-21	7.49e-17	1.73e-13	1.59e-10	8.93e-08	1.65e-04	2.53e-02	9.75e-01
 8.15205e+22	0.00e+00	8.25e-31	2.40e-25	9.73e-21	8.94e-17	2.01e-13	1.79e-10	9.77e-08	1.75e-04	2.61e-02	9.74e-01
 8.26204e+22	0.00e+00	1.14e-30	3.20e-25	1.25e-20	1.11e-16	2.40e-13	2.07e-10	1.09e-07	1.88e-04	2.70e-02	9.73e-01
 8.37882e+22	0.00e+00	1.59e-30	4.30e-25	1.62e-20	1.39e-16	2.90e-13	2.40e-10	1.22e-07	2.03e-04	2.80e-02	9.72e-01
 8.48076e+22	0.00e+00	2.07e-30	5.47e-25	2.00e-20	1.66e-16	3.37e-13	2.71e-10	1.34e-07	2.16e-04	2.89e-02	9.71e-01
 8.58960e+22	0.00e+00	2.92e-30	7.42e-25	2.62e-20	2.09e-16	4.09e-13	3.17e-10	1.51e-07	2.34e-04	3.00e-02	9.70e-01
 8.70096e+22	0.00e+00	3.90e-30	9.60e-25	3.28e-20	2.54e-16	4.82e-13	3.61e-10	1.66e-07	2.49e-04	3.10e-02	9.69e-01
 8.79832e+22	0.00e+00	5.12e-30	1.22e-24	4.05e-20	3.05e-16	5.61e-13	4.09e-10	1.83e-07	2.65e-04	3.20e-02	9.68e-01
 8.90761e+22	0.00e+00	7.07e-30	1.63e-24	5.22e-20	3.79e-16	6.73e-13	4.73e-10	2.04e-07	2.86e-04	3.32e-02	9.67e-01
 9.02282e+22	0.00e+00	9.70e-30	2.16e-24	6.68e-20	4.68e-16	8.04e-13	5.46e-10	2.27e-07	3.07e-04	3.44e-02	9.65e-01
 9.12513e+22	0.00e+00	1.30e-29	2.79e-24	8.38e-20	5.69e-16	9.47e-13	6.23e-10	2.51e-07	3.28e-04	3.55e-02	9.64e-01
 9.23751e+22	0.00e+00	1.82e-29	3.78e-24	1.09e-19	7.15e-16	1.15e-12	7.26e-10	2.82e-07	3.54e-04	3.69e-02	9.63e-01
 9.35627e+22	0.00e+00	2.57e-29	5.14e-24	1.43e-19	9.01e-16	1.39e-12	8.48e-10	3.16e-07	3.83e-04	3.83e-02	9.61e-01
 9.45572e+22	0.00e+00	3.34e-29	6.49e-24	1.75e-19	1.07e-15	1.61e-12	9.55e-10	3.46e-07	4.07e-04	3.94e-02	9.60e-01
 9.55741e+22	0.00e+00	4.59e-29	8.61e-24	2.25e-19	1.33e-15	1.93e-12	1.10e-09	3.86e-07	4.37e-04	4.09e-02	9.59e-01
 9.66645e+22	0.00e+00	6.24e-29	1.13e-23	2.85e-19	1.63e-15	2.29e-12	1.27e-09	4.28e-07	4.68e-04	4.23e-02	9.57e-01
 9.76737e+22	0.00e+00	8.34e-29	1.46e-23	3.58e-19	1.98e-15	2.69e-12	1.44e-09	4.72e-07	5.00e-04	4.36e-02	9.56e-01
 9.88090e+22	0.00e+00	1.19e-28	2.00e-23	4.71e-19	2.52e-15	3.29e-12	1.69e-09	5.32e-07	5.41e-04	4.54e-02	9.54e-01
 9.99881e+22	0.00e+00	1.69e-28	2.73e-23	6.19e-19	3.18e-15	4.00e-12	1.98e-09	5.98e-07	5.86e-04	4.71e-02	9.52e-01
 1.00949e+23	0.00e+00	2.22e-28	3.49e-23	7.66e-19	3.82e-15	4.66e-12	2.24e-09	6.56e-07	6.23e-04	4.86e-02	9.51e-01
 1.01924e+23	0.00e+00	3.03e-28	4.60e-23	9.75e-19	4.70e-15	5.54e-12	2.57e-09	7.28e-07	6.67e-04	5.02e-02	9.49e-01
 1.02987e+23	0.00e+00	4.14e-28	6.06e-23	1.24e-18	5.79e-15	6.60e-12	2.96e-09	8.08e-07	7.15e-04	5.20e-02	9.47e-01
 1.03984e+23	0.00e+00	5.59e-28	7.93e-23	1.57e-18	7.09e-15	7.82e-12	3.39e-09	8.94e-07	7.65e-04	5.37e-02	9.46e-01
 1.05100e+23	3.96e-34	8.27e-28	1.12e-22	2.13e-18	9.20e-15	9.72e-12	4.03e-09	1.02e-06	8.34e-04	5.60e-02	9.43e-01
 1.06216e+23	5.57e-34	1.12e-27	1.47e-22	2.70e-18	1.13e-14	1.15e-11	4.62e-09	1.13e-06	8.93e-04	5.79e-02	9.41e-01
 1.07155e+23	7.78e-34	1.51e-27	1.92e-22	3.41e-18	1.38e-14	1.36e-11	5.27e-09	1.24e-06	9.53e-04	5.97e-02	9.39e-01
 1.08048e+23	1.08e-33	2.03e-27	2.48e-22	4.27e-18	1.67e-14	1.60e-11	6.00e-09	1.37e-06	1.02e-03	6.16e-02	9.37e-01
 1.09061e+23	1.60e-33	2.88e-27	3.40e-22	5.62e-18	2.12e-14	1.95e-11	7.02e-09	1.54e-06	1.10e-03	6.39e-02	9.35e-01
 1.10115e+23	2.27e-33	3.95e-27	4.49e-22	7.17e-18	2.61e-14	2.32e-11	8.07e-09	1.71e-06	1.18e-03	6.61e-02	9.33e-01
 1.11063e+23	3.26e-33	5.47e-27	5.99e-22	9.22e-18	3.24e-14	2.78e-11	9.30e-09	1.89e-06	1.26e-03	6.83e-02	9.30e-01
 1.11978e+23	4.55e-33	7.37e-27	7.80e-22	1.16e-17	3.95e-14	3.28e-11	1.06e-08	2.09e-06	1.34e-03	7.05e-02	9.28e-01
 1.12863e+23	6.37e-33	9.96e-27	1.02e-21	1.47e-17	4.82e-14	3.88e-11	1.21e-08	2.30e-06	1.43e-03	7.27e-02	9.26e-01
 1.13730e+23	8.79e-33	1.33e-26	1.32e-21	1.83e-17	5.84e-14	4.55e-11	1.37e-08	2.53e-06	1.53e-03	7.49e-02	9.24e-01
 1.14720e+23	1.33e-32	1.93e-26	1.83e-21	2.45e-17	7.48e-14	5.59e-11	1.62e-08	2.85e-06	1.65e-03	7.78e-02	9.21e-01
 1.15727e+23	1.92e-32	2.68e-26	2.45e-21	3.15e-17	9.30e-14	6.70e-11	1.87e-08	3.17e-06	1.77e-03	8.05e-02	9.18e-01
 1.16593e+23	2.72e-32	3.65e-26	3.22e-21	4.01e-17	1.14e-13	7.95e-11	2.14e-08	3.50e-06	1.89e-03	8.30e-02	9.15e-01
 1.17559e+23	4.13e-32	5.31e-26	4.48e-21	5.35e-17	1.46e-13	9.78e-11	2.52e-08	3.95e-06	2.05e-03	8.62e-02	9.12e-01
 1.18529e+23	5.89e-32	7.29e-26	5.93e-21	6.84e-17	1.81e-13	1.16e-10	2.89e-08	4.37e-06	2.19e-03	8.90e-02	9.09e-01
 1.19353e+23	8.18e-32	9.79e-26	7.70e-21	8.59e-17	2.20e-13	1.37e-10	3.29e-08	4.80e-06	2.33e-03	9.16e-02	9.06e-01
 1.20274e+23	1.24e-31	1.42e-25	1.07e-20	1.14e-16	2.80e-13	1.68e-10	3.86e-08	5.40e-06	2.51e-03	9.50e-02	9.02e-01
 1.21221e+23	1.79e-31	1.98e-25	1.43e-20	1.48e-16	3.49e-13	2.02e-10	4.45e-08	5.99e-06	2.69e-03	9.81e-02	8.99e-01
 1.22049e+23	2.50e-31	2.66e-25	1.86e-20	1.86e-16	4.26e-13	2.38e-10	5.07e-08	6.59e-06	2.86e-03	1.01e-01	8.96e-01
 1.22973e+23	3.84e-31	3.90e-25	2.62e-20	2.50e-16	5.48e-13	2.93e-10	5.98e-08	7.44e-06	3.10e-03	1.05e-01	8.92e-01
 1.23898e+23	5.51e-31	5.40e-25	3.49e-20	3.21e-16	6.80e-13	3.51e-10	6.88e-08	8.23e-06	3.31e-03	1.08e-01	8.89e-01
 1.24683e+23	7.56e-31	7.16e-25	4.48e-20	3.99e-16	8.20e-13	4.10e-10	7.78e-08	9.01e-06	3.51e-03	1.11e-01	8.85e-01
 1.25563e+23	1.16e-30	1.05e-24	6.26e-20	5.35e-16	1.05e-12	5.05e-10	9.16e-08	1.01e-05	3.79e-03	1.15e-01	8.81e-01
 1.26461e+23	1.66e-30	1.45e-24	8.35e-20	6.87e-16	1.31e-12	6.04e-10	1.05e-07	1.12e-05	4.05e-03	1.19e-01	8.77e-01
 1.27248e+23	2.33e-30	1.96e-24	1.09e-19	8.69e-16	1.60e-12	7.13e-10	1.20e-07	1.23e-05	4.30e-03	1.22e-01	8.73e-01
 1.28137e+23	3.57e-30	2.87e-24	1.53e-19	1.17e-15	2.05e-12	8.79e-10	1.41e-07	1.39e-05	4.65e-03	1.27e-01	8.69e-01
 1.29056e+23	5.23e-30	4.04e-24	2.07e-19	1.52e-15	2.57e-12	1.06e-09	1.64e-07	1.55e-05	4.98e-03	1.31e-01	8.64e-01
 1.29868e+23	7.51e-30	5.58e-24	2.75e-19	1.95e-15	3.19e-12	1.27e-09	1.88e-07	1.71e-05	5.31e-03	1.35e-01	8.60e-01
 1.30655e+23	1.08e-29	7.72e-24	3.66e-19	2.50e-15	3.95e-12	1.51e-09	2.16e-07	1.89e-05	5.66e-03	1.39e-01	8.56e-01
 1.31554e+23	1.68e-29	1.15e-23	5.21e-19	3.40e-15	5.14e-12	1.88e-09	2.56e-07	2.14e-05	6.13e-03	1.44e-01	8.50e-01
 1.32474e+23	2.46e-29	1.61e-23	7.03e-19	4.41e-15	6.42e-12	2.27e-09	2.96e-07	2.37e-05	6.55e-03	1.48e-01	8.45e-01
 1.33419e+23	3.94e-29	2.46e-23	1.02e-18	6.11e-15	8.49e-12	2.86e-09	3.55e-07	2.70e-05	7.12e-03	1.54e-01	8.39e-01
 1.34382e+23	6.01e-29	3.59e-23	1.43e-18	8.16e-15	1.09e-11	3.51e-09	4.16e-07	3.03e-05	7.67e-03	1.59e-01	8.33e-01
 1.35164e+23	8.41e-29	4.85e-23	1.86e-18	1.03e-14	1.33e-11	4.14e-09	4.73e-07	3.33e-05	8.13e-03	1.63e-01	8.29e-01
 1.35977e+23	1.29e-28	7.10e-23	2.60e-18	1.38e-14	1.71e-11	5.09e-09	5.56e-07	3.73e-05	8.75e-03	1.69e-01	8.22e-01
 1.36821e+23	1.87e-28	9.93e-23	3.50e-18	1.79e-14	2.13e-11	6.12e-09	6.41e-07	4.14e-05	9.34e-03	1.74e-01	8.17e-01
 1.37521e+23	2.56e-28	1.31e-22	4.47e-18	2.21e-14	2.56e-11	7.12e-09	7.21e-07	4.50e-05	9.85e-03	1.78e-01	8.12e-01
 1.38249e+23	3.77e-28	1.86e-22	6.08e-18	2.89e-14	3.22e-11	8.61e-09	8.35e-07	5.00e-05	1.05e-02	1.83e-01	8.06e-01
 1.38943e+23	5.05e-28	2.42e-22	7.66e-18	3.54e-14	3.82e-11	9.92e-09	9.33e-07	5.41e-05	1.11e-02	1.87e-01	8.02e-01
 1.39498e+23	6.73e-28	3.12e-22	9.61e-18	4.30e-14	4.52e-11	1.14e-08	1.04e-06	5.84e-05	1.16e-02	1.91e-01	7.97e-01
 1.40040e+23	8.80e-28	3.97e-22	1.19e-17	5.18e-14	5.29e-11	1.30e-08	1.15e-06	6.28e-05	1.21e-02	1.95e-01	7.93e-01
 1.40573e+23	1.12e-27	4.94e-22	1.44e-17	6.13e-14	6.12e-11	1.46e-08	1.26e-06	6.70e-05	1.27e-02	1.99e-01	7.89e-01
 1.41176e+23	1.57e-27	6.66e-22	1.88e-17	7.71e-14	7.44e-11	1.72e-08	1.43e-06	7.33e-05	1.34e-02	2.03e-01	7.83e-01
 1.41783e+23	2.10e-27	8.64e-22	2.36e-17	9.41e-14	8.82e-11	1.98e-08	1.59e-06	7.91e-05	1.40e-02	2.08e-01	7.78e-01
 1.42293e+23	2.73e-27	1.09e-21	2.90e-17	1.13e-13	1.03e-10	2.25e-08	1.76e-06	8.48e-05	1.47e-02	2.12e-01	7.74e-01
 1.42772e+23	3.53e-27	1.38e-21	3.56e-17	1.34e-13	1.20e-10	2.55e-08	1.93e-06	9.08e-05	1.53e-02	2.15e-01	7.69e-01
 1.43235e+23	4.42e-27	1.68e-21	4.24e-17	1.57e-13	1.36e-10	2.84e-08	2.10e-06	9.64e-05	1.59e-02	2.19e-01	7.65e-01
 1.43762e+23	6.00e-27	2.21e-21	5.41e-17	1.93e-13	1.63e-10	3.30e-08	2.36e-06	1.04e-04	1.67e-02	2.24e-01	7.60e-01
 1.44304e+23	7.94e-27	2.84e-21	6.74e-17	2.34e-13	1.92e-10	3.77e-08	2.61e-06	1.12e-04	1.75e-02	2.28e-01	7.55e-01
 1.44775e+23	1.02e-26	3.56e-21	8.22e-17	2.78e-13	2.23e-10	4.26e-08	2.87e-06	1.20e-04	1.82e-02	2.32e-01	7.50e-01
 1.45297e+23	1.40e-26	4.73e-21	1.05e-16	3.46e-13	2.68e-10	4.96e-08	3.23e-06	1.30e-04	1.92e-02	2.37e-01	7.44e-01
 1.45806e+23	1.78e-26	5.87e-21	1.28e-16	4.08e-13	3.09e-10	5.58e-08	3.53e-06	1.39e-04	1.99e-02	2.41e-01	7.39e-01
 1.46232e+23	2.29e-26	7.35e-21	1.56e-16	4.84e-13	3.58e-10	6.29e-08	3.87e-06	1.48e-04	2.07e-02	2.45e-01	7.35e-01
 1.46650e+23	2.89e-26	9.04e-21	1.87e-16	5.67e-13	4.09e-10	7.03e-08	4.21e-06	1.57e-04	2.15e-02	2.48e-01	7.30e-01
 1.47128e+23	3.93e-26	1.19e-20	2.38e-16	7.00e-13	4.90e-10	8.15e-08	4.72e-06	1.70e-04	2.26e-02	2.53e-01	7.24e-01
 1.47612e+23	5.15e-26	1.52e-20	2.94e-16	8.41e-13	5.73e-10	9.27e-08	5.21e-06	1.82e-04	2.35e-02	2.58e-01	7.19e-01
 1.48029e+23	6.54e-26	1.88e-20	3.55e-16	9.91e-13	6.59e-10	1.04e-07	5.68e-06	1.94e-04	2.45e-02	2.62e-01	7.14e-01
 1.48496e+23	9.00e-26	2.50e-20	4.56e-16	1.23e-12	7.93e-10	1.21e-07	6.38e-06	2.10e-04	2.57e-02	2.67e-01	7.07e-01
 1.48972e+23	1.18e-25	3.18e-20	5.63e-16	1.48e-12	9.26e-10	1.38e-07	7.04e-06	2.25e-04	2.68e-02	2.71e-01	7.02e-01
 1.49398e+23	1.53e-25	4.03e-20	6.94e-16	1.77e-12	1.08e-09	1.56e-07	7.76e-06	2.41e-04	2.79e-02	2.76e-01	6.96e-01
 1.49886e+23	2.19e-25	5.55e-20	9.20e-16	2.26e-12	1.33e-09	1.85e-07	8.83e-06	2.64e-04	2.95e-02	2.82e-01	6.88e-01
 1.50355e+23	2.79e-25	6.88e-20	1.11e-15	2.66e-12	1.53e-09	2.08e-07	9.64e-06	2.80e-04	3.06e-02	2.86e-01	6.83e-01
 1.50798e+23	3.92e-25	9.33e-20	1.45e-15	3.35e-12	1.86e-09	2.44e-07	1.09e-05	3.05e-04	3.22e-02	2.92e-01	6.76e-01
 1.51244e+23	4.99e-25	1.16e-19	1.75e-15	3.94e-12	2.14e-09	2.74e-07	1.19e-05	3.25e-04	3.34e-02	2.96e-01	6.70e-01
 1.51694e+23	7.16e-25	1.60e-19	2.33e-15	5.04e-12	2.63e-09	3.25e-07	1.36e-05	3.55e-04	3.53e-02	3.02e-01	6.62e-01
 1.52128e+23	8.98e-25	1.96e-19	2.78e-15	5.88e-12	3.00e-09	3.62e-07	1.47e-05	3.76e-04	3.65e-02	3.06e-01	6.57e-01
 1.52543e+23	1.27e-24	2.68e-19	3.66e-15	7.44e-12	3.67e-09	4.28e-07	1.67e-05	4.10e-04	3.85e-02	3.12e-01	6.49e-01
 1.52958e+23	1.62e-24	3.33e-19	4.43e-15	8.77e-12	4.22e-09	4.80e-07	1.83e-05	4.36e-04	3.99e-02	3.16e-01	6.43e-01
 1.53372e+23	2.29e-24	4.52e-19	5.79e-15	1.11e-11	5.15e-09	5.65e-07	2.07e-05	4.75e-04	4.20e-02	3.22e-01	6.35e-01
 1.53794e+23	2.97e-24	5.72e-19	7.11e-15	1.32e-11	5.98e-09	6.40e-07	2.27e-05	5.07e-04	4.37e-02	3.27e-01	6.29e-01
 1.54227e+23	4.29e-24	7.96e-19	9.50e-15	1.69e-11	7.40e-09	7.62e-07	2.60e-05	5.56e-04	4.62e-02	3.34e-01	6.20e-01
 1.54660e+23	5.59e-24	1.01e-18	1.17e-14	2.02e-11	8.62e-09	8.64e-07	2.86e-05	5.93e-04	4.80e-02	3.38e-01	6.13e-01
 1.55095e+23	8.01e-24	1.39e-18	1.55e-14	2.58e-11	1.06e-08	1.03e-06	3.26e-05	6.49e-04	5.07e-02	3.45e-01	6.04e-01
 1.55526e+23	1.05e-23	1.78e-18	1.92e-14	3.11e-11	1.24e-08	1.17e-06	3.60e-05	6.95e-04	5.27e-02	3.50e-01	5.97e-01
 1.55953e+23	1.50e-23	2.45e-18	2.54e-14	3.96e-11	1.53e-08	1.39e-06	4.10e-05	7.61e-04	5.56e-02	3.56e-01	5.88e-01
 1.56388e+23	2.00e-23	3.16e-18	3.18e-14	4.80e-11	1.80e-08	1.59e-06	4.56e-05	8.17e-04	5.80e-02	3.61e-01	5.80e-01
 1.56833e+23	2.91e-23	4.42e-18	4.27e-14	6.18e-11	2.24e-08	1.90e-06	5.23e-05	8.98e-04	6.13e-02	3.68e-01	5.70e-01
 1.57281e+23	3.89e-23	5.73e-18	5.36e-14	7.52e-11	2.64e-08	2.19e-06	5.82e-05	9.66e-04	6.40e-02	3.73e-01	5.62e-01
 1.57732e+23	5.68e-23	8.05e-18	7.21e-14	9.72e-11	3.29e-08	2.63e-06	6.70e-05	1.06e-03	6.77e-02	3.80e-01	5.51e-01
 1.58187e+23	7.57e-23	1.04e-17	9.05e-14	1.18e-10	3.89e-08	3.02e-06	7.46e-05	1.14e-03	7.07e-02	3.85e-01	5.43e-01
 1.58581e+23	1.00e-22	1.34e-17	1.13e-13	1.43e-10	4.59e-08	3.47e-06	8.30e-05	1.23e-03	7.37e-02	3.90e-01	5.35e-01
 1.59027e+23	1.45e-22	1.87e-17	1.51e-13	1.84e-10	5.70e-08	4.15e-06	9.54e-05	1.35e-03	7.79e-02	3.97e-01	5.24e-01
 1.59470e+23	1.88e-22	2.36e-17	1.86e-13	2.20e-10	6.63e-08	4.71e-06	1.05e-04	1.45e-03	8.10e-02	4.01e-01	5.16e-01
 1.59908e+23	2.67e-22	3.24e-17	2.45e-13	2.79e-10	8.14e-08	5.60e-06	1.20e-04	1.58e-03	8.53e-02	4.08e-01	5.05e-01
 1.60354e+23	3.48e-22	4.10e-17	3.01e-13	3.33e-10	9.51e-08	6.38e-06	1.33e-04	1.70e-03	8.87e-02	4.12e-01	4.97e-01
 1.60812e+23	4.92e-22	5.61e-17	3.96e-13	4.23e-10	1.17e-07	7.58e-06	1.52e-04	1.86e-03	9.35e-02	4.18e-01	4.86e-01
 1.61281e+23	6.44e-22	7.14e-17	4.91e-13	5.09e-10	1.37e-07	8.66e-06	1.69e-04	1.99e-03	9.73e-02	4.23e-01	4.78e-01
 1.61764e+23	9.14e-22	9.79e-17	6.48e-13	6.46e-10	1.68e-07	1.03e-05	1.93e-04	2.19e-03	1.03e-01	4.29e-01	4.66e-01
 1.62258e+23	1.20e-21	1.25e-16	8.02e-13	7.78e-10	1.98e-07	1.18e-05	2.15e-04	2.35e-03	1.07e-01	4.33e-01	4.58e-01
 1.62767e+23	1.69e-21	1.70e-16	1.06e-12	9.87e-10	2.43e-07	1.41e-05	2.46e-04	2.58e-03	1.13e-01	4.39e-01	4.46e-01
 1.63285e+23	2.21e-21	2.17e-16	1.31e-12	1.19e-09	2.86e-07	1.61e-05	2.73e-04	2.77e-03	1.17e-01	4.43e-01	4.37e-01
 1.63816e+23	3.11e-21	2.96e-16	1.72e-12	1.51e-09	3.51e-07	1.92e-05	3.13e-04	3.04e-03	1.23e-01	4.48e-01	4.25e-01
 1.64349e+23	4.03e-21	3.73e-16	2.11e-12	1.80e-09	4.10e-07	2.18e-05	3.47e-04	3.26e-03	1.28e-01	4.52e-01	4.16e-01
 1.64888e+23	5.61e-21	5.04e-16	2.76e-12	2.27e-09	5.01e-07	2.59e-05	3.97e-04	3.57e-03	1.35e-01	4.57e-01	4.05e-01
 1.65436e+23	7.20e-21	6.32e-16	3.37e-12	2.70e-09	5.83e-07	2.94e-05	4.38e-04	3.82e-03	1.40e-01	4.60e-01	3.96e-01
 1.65917e+23	9.17e-21	7.87e-16	4.09e-12	3.20e-09	6.75e-07	3.33e-05	4.83e-04	4.08e-03	1.45e-01	4.63e-01	3.87e-01
 1.66460e+23	1.25e-20	1.04e-15	5.25e-12	3.97e-09	8.16e-07	3.91e-05	5.48e-04	4.44e-03	1.52e-01	4.67e-01	3.76e-01
 1.67000e+23	1.56e-20	1.28e-15	6.28e-12	4.64e-09	9.34e-07	4.39e-05	6.00e-04	4.72e-03	1.57e-01	4.70e-01	3.68e-01
 1.67536e+23	2.09e-20	1.66e-15	7.94e-12	5.69e-09	1.12e-06	5.10e-05	6.75e-04	5.11e-03	1.64e-01	4.73e-01	3.57e-01
 1.68086e+23	2.63e-20	2.04e-15	9.54e-12	6.68e-09	1.28e-06	5.74e-05	7.41e-04	5.44e-03	1.70e-01	4.75e-01	3.49e-01
 1.68571e+23	3.27e-20	2.49e-15	1.14e-11	7.80e-09	1.47e-06	6.43e-05	8.10e-04	5.78e-03	1.75e-01	4.77e-01	3.41e-01
 1.69122e+23	4.34e-20	3.23e-15	1.43e-11	9.53e-09	1.75e-06	7.46e-05	9.10e-04	6.25e-03	1.83e-01	4.79e-01	3.31e-01
 1.69671e+23	5.32e-20	3.88e-15	1.69e-11	1.10e-08	1.98e-06	8.29e-05	9.88e-04	6.61e-03	1.88e-01	4.81e-01	3.23e-01
 1.70217e+23	6.96e-20	4.96e-15	2.11e-11	1.33e-08	2.34e-06	9.55e-05	1.11e-03	7.13e-03	1.95e-01	4.83e-01	3.13e-01
 1.70775e+23	8.54e-20	5.97e-15	2.48e-11	1.54e-08	2.66e-06	1.06e-04	1.20e-03	7.54e-03	2.01e-01	4.84e-01	3.06e-01
 1.71346e+23	1.12e-19	7.63e-15	3.10e-11	1.86e-08	3.14e-06	1.22e-04	1.34e-03	8.12e-03	2.09e-01	4.85e-01	2.96e-01
 1.71928e+23	1.38e-19	9.21e-15	3.66e-11	2.16e-08	3.57e-06	1.36e-04	1.46e-03	8.59e-03	2.15e-01	4.86e-01	2.89e-01
 1.72525e+23	1.80e-19	1.18e-14	4.56e-11	2.61e-08	4.22e-06	1.57e-04	1.63e-03	9.26e-03	2.24e-01	4.86e-01	2.79e-01
 1.73132e+23	2.22e-19	1.42e-14	5.40e-11	3.03e-08	4.80e-06	1.75e-04	1.78e-03	9.80e-03	2.30e-01	4.87e-01	2.71e-01
 1.73754e+23	2.90e-19	1.82e-14	6.74e-11	3.67e-08	5.68e-06	2.02e-04	1.99e-03	1.06e-02	2.39e-01	4.87e-01	2.62e-01
 1.74362e+23	3.50e-19	2.16e-14	7.83e-11	4.18e-08	6.36e-06	2.22e-04	2.14e-03	1.11e-02	2.45e-01	4.87e-01	2.55e-01
 1.74952e+23	4.50e-19	2.72e-14	9.63e-11	5.01e-08	7.45e-06	2.54e-04	2.38e-03	1.19e-02	2.53e-01	4.86e-01	2.46e-01
 1.75551e+23	5.41e-19	3.22e-14	1.12e-10	5.72e-08	8.35e-06	2.79e-04	2.56e-03	1.25e-02	2.60e-01	4.85e-01	2.40e-01
 1.76162e+23	6.92e-19	4.03e-14	1.37e-10	6.82e-08	9.74e-06	3.18e-04	2.83e-03	1.34e-02	2.68e-01	4.84e-01	2.31e-01
 1.76792e+23	8.46e-19	4.84e-14	1.62e-10	7.87e-08	1.10e-05	3.53e-04	3.07e-03	1.41e-02	2.75e-01	4.83e-01	2.24e-01
 1.77447e+23	1.09e-18	6.07e-14	1.98e-10	9.40e-08	1.29e-05	4.02e-04	3.40e-03	1.51e-02	2.84e-01	4.81e-01	2.16e-01
 1.78124e+23	1.34e-18	7.36e-14	2.35e-10	1.09e-07	1.47e-05	4.48e-04	3.70e-03	1.59e-02	2.92e-01	4.80e-01	2.09e-01
 1.78828e+23	1.74e-18	9.33e-14	2.91e-10	1.31e-07	1.72e-05	5.12e-04	4.10e-03	1.71e-02	3.01e-01	4.77e-01	2.00e-01
 1.79552e+23	2.16e-18	1.14e-13	3.47e-10	1.53e-07	1.97e-05	5.73e-04	4.47e-03	1.81e-02	3.09e-01	4.75e-01	1.93e-01
 1.80301e+23	2.82e-18	1.45e-13	4.32e-10	1.85e-07	2.32e-05	6.57e-04	4.97e-03	1.93e-02	3.19e-01	4.71e-01	1.85e-01
 1.81075e+23	3.54e-18	1.79e-13	5.20e-10	2.18e-07	2.66e-05	7.38e-04	5.43e-03	2.05e-02	3.27e-01	4.68e-01	1.77e-01
 1.81880e+23	4.68e-18	2.30e-13	6.53e-10	2.66e-07	3.16e-05	8.51e-04	6.06e-03	2.20e-02	3.38e-01	4.64e-01	1.69e-01
 1.82709e+23	5.91e-18	2.85e-13	7.91e-10	3.14e-07	3.65e-05	9.58e-04	6.64e-03	2.34e-02	3.47e-01	4.60e-01	1.62e-01
 1.83452e+23	7.40e-18	3.50e-13	9.49e-10	3.67e-07	4.18e-05	1.07e-03	7.23e-03	2.47e-02	3.55e-01	4.56e-01	1.56e-01
 1.84305e+23	9.91e-18	4.57e-13	1.21e-09	4.53e-07	5.01e-05	1.25e-03	8.12e-03	2.66e-02	3.66e-01	4.51e-01	1.47e-01
 1.85164e+23	1.24e-17	5.60e-13	1.45e-09	5.30e-07	5.73e-05	1.39e-03	8.83e-03	2.80e-02	3.75e-01	4.46e-01	1.41e-01
 1.86033e+23	1.65e-17	7.29e-13	1.83e-09	6.51e-07	6.84e-05	1.61e-03	9.87e-03	3.01e-02	3.86e-01	4.40e-01	1.33e-01
 1.86920e+23	2.09e-17	9.02e-13	2.22e-09	7.68e-07	7.89e-05	1.81e-03	1.08e-02	3.19e-02	3.95e-01	4.34e-01	1.27e-01
 1.87831e+23	2.80e-17	1.18e-12	2.82e-09	9.47e-07	9.45e-05	2.11e-03	1.21e-02	3.42e-02	4.06e-01	4.26e-01	1.19e-01
 1.88757e+23	3.54e-17	1.47e-12	3.43e-09	1.12e-06	1.09e-04	2.38e-03	1.33e-02	3.63e-02	4.15e-01	4.20e-01	1.13e-01
 1.89701e+23	4.77e-17	1.93e-12	4.39e-09	1.39e-06	1.32e-04	2.77e-03	1.49e-02	3.91e-02	4.26e-01	4.11e-01	1.05e-01
 1.90650e+23	6.01e-17	2.38e-12	5.31e-09	1.64e-06	1.52e-04	3.12e-03	1.63e-02	4.13e-02	4.35e-01	4.04e-01	9.99e-02
 1.91437e+23	7.36e-17	2.87e-12	6.29e-09	1.90e-06	1.73e-04	3.47e-03	1.77e-02	4.34e-02	4.43e-01	3.98e-01	9.50e-02
 1.92290e+23	9.52e-17	3.65e-12	7.81e-09	2.30e-06	2.04e-04	3.98e-03	1.96e-02	4.63e-02	4.53e-01	3.88e-01	8.88e-02
 1.93142e+23	1.16e-16	4.37e-12	9.20e-09	2.65e-06	2.30e-04	4.41e-03	2.12e-02	4.86e-02	4.60e-01	3.81e-01	8.43e-02
 1.93993e+23	1.48e-16	5.51e-12	1.14e-08	3.19e-06	2.71e-04	5.06e-03	2.35e-02	5.18e-02	4.69e-01	3.72e-01	7.85e-02
 1.94855e+23	1.80e-16	6.60e-12	1.34e-08	3.68e-06	3.07e-04	5.61e-03	2.54e-02	5.44e-02	4.76e-01	3.64e-01	7.42e-02
 1.95731e+23	2.29e-16	8.29e-12	1.65e-08	4.43e-06	3.62e-04	6.45e-03	2.83e-02	5.80e-02	4.85e-01	3.53e-01	6.87e-02
 1.96618e+23	2.78e-16	9.92e-12	1.95e-08	5.12e-06	4.10e-04	7.16e-03	3.06e-02	6.09e-02	4.91e-01	3.45e-01	6.46e-02
 1.97520e+23	3.51e-16	1.24e-11	2.40e-08	6.15e-06	4.83e-04	8.22e-03	3.40e-02	6.49e-02	4.99e-01	3.33e-01	5.94e-02
 1.98438e+23	4.23e-16	1.48e-11	2.82e-08	7.12e-06	5.50e-04	9.17e-03	3.69e-02	6.83e-02	5.05e-01	3.24e-01	5.55e-02
 1.99380e+23	5.31e-16	1.84e-11	3.47e-08	8.56e-06	6.49e-04	1.06e-02	4.11e-02	7.29e-02	5.13e-01	3.12e-01	5.06e-02
 2.00340e+23	6.34e-16	2.19e-11	4.09e-08	9.91e-06	7.39e-04	1.18e-02	4.47e-02	7.67e-02	5.18e-01	3.01e-01	4.69e-02
 2.01325e+23	7.85e-16	2.71e-11	5.01e-08	1.19e-05	8.73e-04	1.36e-02	4.98e-02	8.19e-02	5.24e-01	2.88e-01	4.23e-02
 2.02320e+23	9.22e-16	3.18e-11	5.85e-08	1.37e-05	9.93e-04	1.52e-02	5.42e-02	8.61e-02	5.28e-01	2.77e-01	3.89e-02
 2.03153e+23	1.06e-15	3.65e-11	6.70e-08	1.55e-05	1.11e-03	1.68e-02	5.84e-02	9.00e-02	5.30e-01	2.67e-01	3.61e-02
 2.04056e+23	1.24e-15	4.31e-11	7.91e-08	1.81e-05	1.28e-03	1.90e-02	6.41e-02	9.52e-02	5.33e-01	2.55e-01	3.26e-02
 2.04969e+23	1.40e-15	4.90e-11	9.00e-08	2.04e-05	1.43e-03	2.09e-02	6.89e-02	9.95e-02	5.35e-01	2.44e-01	3.00e-02
 2.05860e+23	1.59e-15	5.65e-11	1.04e-07	2.34e-05	1.63e-03	2.34e-02	7.51e-02	1.05e-01	5.36e-01	2.32e-01	2.71e-02
 2.06769e+23	1.77e-15	6.35e-11	1.18e-07	2.63e-05	1.82e-03	2.58e-02	8.07e-02	1.09e-01	5.36e-01	2.22e-01	2.47e-02
 2.07660e+23	1.95e-15	7.16e-11	1.34e-07	2.98e-05	2.05e-03	2.87e-02	8.73e-02	1.14e-01	5.35e-01	2.11e-01	2.23e-02
 2.08571e+23	2.13e-15	7.96e-11	1.51e-07	3.34e-05	2.29e-03	3.15e-02	9.37e-02	1.19e-01	5.33e-01	2.00e-01	2.02e-02
 2.09471e+23	2.30e-15	8.81e-11	1.69e-07	3.74e-05	2.56e-03	3.47e-02	1.01e-01	1.25e-01	5.30e-01	1.89e-01	1.82e-02
 2.10376e+23	2.46e-15	9.66e-11	1.89e-07	4.17e-05	2.85e-03	3.81e-02	1.08e-01	1.30e-01	5.26e-01	1.79e-01	1.64e-02
 2.11270e+23	2.61e-15	1.05e-10	2.09e-07	4.64e-05	3.16e-03	4.17e-02	1.15e-01	1.35e-01	5.22e-01	1.69e-01	1.48e-02
 2.12164e+23	2.73e-15	1.14e-10	2.32e-07	5.14e-05	3.49e-03	4.55e-02	1.22e-01	1.40e-01	5.17e-01	1.59e-01	1.33e-02
 2.13058e+23	2.85e-15	1.23e-10	2.55e-07	5.69e-05	3.86e-03	4.95e-02	1.30e-01	1.45e-01	5.11e-01	1.50e-01	1.19e-02
 2.13957e+23	2.95e-15	1.32e-10	2.81e-07	6.29e-05	4.26e-03	5.38e-02	1.37e-01	1.49e-01	5.04e-01	1.41e-01	1.07e-02
 2.14860e+23	3.04e-15	1.42e-10	3.09e-07	6.95e-05	4.69e-03	5.84e-02	1.45e-01	1.54e-01	4.96e-01	1.32e-01	9.52e-03
 2.15772e+23	3.12e-15	1.51e-10	3.40e-07	7.69e-05	5.17e-03	6.33e-02	1.53e-01	1.59e-01	4.88e-01	1.24e-01	8.49e-03
 2.16694e+23	3.19e-15	1.62e-10	3.74e-07	8.51e-05	5.70e-03	6.85e-02	1.61e-01	1.63e-01	4.78e-01	1.16e-01	7.54e-03
 2.17621e+23	3.26e-15	1.73e-10	4.12e-07	9.42e-05	6.28e-03	7.40e-02	1.69e-01	1.68e-01	4.69e-01	1.08e-01	6.70e-03
 2.18563e+23	3.33e-15	1.85e-10	4.55e-07	1.05e-04	6.93e-03	8.00e-02	1.77e-01	1.72e-01	4.58e-01	1.00e-01	5.93e-03
 2.19516e+23	3.40e-15	1.99e-10	5.03e-07	1.16e-04	7.63e-03	8.62e-02	1.85e-01	1.76e-01	4.47e-01	9.30e-02	5.24e-03
 2.20487e+23	3.48e-15	2.14e-10	5.59e-07	1.30e-04	8.45e-03	9.30e-02	1.93e-01	1.80e-01	4.35e-01	8.59e-02	4.60e-03
 2.21477e+23	3.57e-15	2.31e-10	6.23e-07	1.45e-04	9.33e-03	1.00e-01	2.01e-01	1.83e-01	4.22e-01	7.94e-02	4.04e-03
 2.22384e+23	3.65e-15	2.47e-10	6.85e-07	1.60e-04	1.01e-02	1.06e-01	2.08e-01	1.86e-01	4.12e-01	7.41e-02	3.62e-03
 2.23332e+23	3.76e-15	2.69e-10	7.73e-07	1.81e-04	1.13e-02	1.15e-01	2.16e-01	1.89e-01	3.98e-01	6.78e-02	3.14e-03
 2.24293e+23	3.90e-15	2.92e-10	8.57e-07	2.01e-04	1.23e-02	1.22e-01	2.23e-01	1.91e-01	3.86e-01	6.31e-02	2.80e-03
 2.25283e+23	4.09e-15	3.23e-10	9.81e-07	2.29e-04	1.37e-02	1.32e-01	2.31e-01	1.93e-01	3.71e-01	5.73e-02	2.41e-03
 2.26275e+23	4.27e-15	3.52e-10	1.09e-06	2.55e-04	1.50e-02	1.39e-01	2.37e-01	1.94e-01	3.59e-01	5.31e-02	2.14e-03
 2.27269e+23	4.51e-15	3.94e-10	1.26e-06	2.92e-04	1.67e-02	1.50e-01	2.44e-01	1.96e-01	3.43e-01	4.81e-02	1.84e-03
 2.28268e+23	4.79e-15	4.35e-10	1.41e-06	3.25e-04	1.82e-02	1.58e-01	2.50e-01	1.96e-01	3.31e-01	4.45e-02	1.63e-03
 2.29273e+23	5.17e-15	4.93e-10	1.65e-06	3.74e-04	2.03e-02	1.70e-01	2.56e-01	1.97e-01	3.15e-01	4.01e-02	1.39e-03
 2.30289e+23	5.56e-15	5.49e-10	1.86e-06	4.18e-04	2.21e-02	1.79e-01	2.61e-01	1.96e-01	3.02e-01	3.69e-02	1.23e-03
 2.31320e+23	6.12e-15	6.33e-10	2.18e-06	4.84e-04	2.46e-02	1.92e-01	2.67e-01	1.96e-01	2.86e-01	3.31e-02	1.04e-03
 2.32366e+23	6.69e-15	7.14e-10	2.49e-06	5.43e-04	2.68e-02	2.02e-01	2.71e-01	1.95e-01	2.74e-01	3.03e-02	9.14e-04
 2.33431e+23	7.55e-15	8.37e-10	2.96e-06	6.31e-04	3.00e-02	2.15e-01	2.76e-01	1.93e-01	2.58e-01	2.69e-02	7.69e-04
 2.34516e+23	8.43e-15	9.59e-10	3.40e-06	7.12e-04	3.27e-02	2.26e-01	2.79e-01	1.91e-01	2.45e-01	2.45e-02	6.69e-04
 2.35627e+23	9.77e-15	1.15e-09	4.09e-06	8.33e-04	3.65e-02	2.41e-01	2.83e-01	1.88e-01	2.29e-01	2.16e-02	5.57e-04
 2.36765e+23	1.12e-14	1.33e-09	4.75e-06	9.44e-04	3.99e-02	2.53e-01	2.85e-01	1.85e-01	2.16e-01	1.95e-02	4.80e-04
 2.37939e+23	1.34e-14	1.63e-09	5.79e-06	1.11e-03	4.47e-02	2.69e-01	2.87e-01	1.81e-01	2.00e-01	1.70e-02	3.94e-04
 2.39131e+23	1.56e-14	1.92e-09	6.78e-06	1.26e-03	4.87e-02	2.82e-01	2.88e-01	1.77e-01	1.88e-01	1.52e-02	3.37e-04
 2.40133e+23	1.81e-14	2.24e-09	7.80e-06	1.42e-03	5.26e-02	2.93e-01	2.89e-01	1.73e-01	1.77e-01	1.38e-02	2.93e-04
 2.41222e+23	2.20e-14	2.73e-09	9.38e-06	1.64e-03	5.80e-02	3.08e-01	2.89e-01	1.68e-01	1.64e-01	1.21e-02	2.43e-04
 2.42279e+23	2.55e-14	3.15e-09	1.07e-05	1.82e-03	6.22e-02	3.18e-01	2.88e-01	1.64e-01	1.55e-01	1.10e-02	2.13e-04
 2.43294e+23	3.09e-14	3.81e-09	1.27e-05	2.08e-03	6.79e-02	3.32e-01	2.87e-01	1.59e-01	1.43e-01	9.64e-03	1.78e-04
 2.44320e+23	3.63e-14	4.44e-09	1.45e-05	2.30e-03	7.25e-02	3.42e-01	2.85e-01	1.54e-01	1.35e-01	8.74e-03	1.55e-04
 2.45361e+23	4.49e-14	5.41e-09	1.73e-05	2.63e-03	7.90e-02	3.55e-01	2.82e-01	1.48e-01	1.24e-01	7.64e-03	1.29e-04
 2.46418e+23	5.34e-14	6.35e-09	1.98e-05	2.92e-03	8.43e-02	3.66e-01	2.80e-01	1.44e-01	1.16e-01	6.88e-03	1.12e-04
 2.47496e+23	6.72e-14	7.82e-09	2.37e-05	3.34e-03	9.18e-02	3.79e-01	2.76e-01	1.37e-01	1.06e-01	5.97e-03	9.19e-05
 2.48589e+23	8.09e-14	9.22e-09	2.72e-05	3.70e-03	9.78e-02	3.89e-01	2.73e-01	1.32e-01	9.92e-02	5.35e-03	7.91e-05
 2.49702e+23	1.03e-13	1.15e-08	3.27e-05	4.24e-03	1.06e-01	4.01e-01	2.68e-01	1.26e-01	9.01e-02	4.60e-03	6.45e-05
 2.50836e+23	1.26e-13	1.36e-08	3.76e-05	4.69e-03	1.13e-01	4.11e-01	2.63e-01	1.21e-01	8.35e-02	4.09e-03	5.50e-05
 2.51999e+23	1.64e-13	1.71e-08	4.54e-05	5.38e-03	1.23e-01	4.23e-01	2.57e-01	1.14e-01	7.53e-02	3.49e-03	4.44e-05
 2.53187e+23	2.02e-13	2.05e-08	5.25e-05	5.98e-03	1.30e-01	4.31e-01	2.52e-01	1.08e-01	6.92e-02	3.07e-03	3.74e-05
 2.54410e+23	2.68e-13	2.59e-08	6.36e-05	6.85e-03	1.41e-01	4.42e-01	2.44e-01	1.01e-01	6.18e-02	2.59e-03	2.98e-05
 2.55662e+23	3.36e-13	3.13e-08	7.39e-05	7.63e-03	1.50e-01	4.50e-01	2.38e-01	9.60e-02	5.64e-02	2.26e-03	2.48e-05
 2.56954e+23	4.51e-13	4.01e-08	9.00e-05	8.76e-03	1.62e-01	4.59e-01	2.29e-01	8.91e-02	4.99e-02	1.88e-03	1.95e-05
 2.58259e+23	5.67e-13	4.85e-08	1.04e-04	9.71e-03	1.72e-01	4.65e-01	2.22e-01	8.40e-02	4.54e-02	1.63e-03	1.62e-05
 2.59581e+23	7.70e-13	6.24e-08	1.27e-04	1.11e-02	1.85e-01	4.72e-01	2.13e-01	7.74e-02	3.98e-02	1.35e-03	1.25e-05
 2.60918e+23	9.72e-13	7.55e-08	1.48e-04	1.23e-02	1.96e-01	4.77e-01	2.05e-01	7.25e-02	3.60e-02	1.16e-03	1.03e-05
 2.62274e+23	1.33e-12	9.73e-08	1.80e-04	1.41e-02	2.10e-01	4.82e-01	1.95e-01	6.64e-02	3.14e-02	9.51e-04	7.96e-06
 2.63599e+23	1.65e-12	1.16e-07	2.06e-04	1.55e-02	2.21e-01	4.84e-01	1.88e-01	6.22e-02	2.84e-02	8.24e-04	6.59e-06
 2.64884e+23	2.20e-12	1.47e-07	2.46e-04	1.74e-02	2.34e-01	4.86e-01	1.79e-01	5.71e-02	2.49e-02	6.83e-04	5.16e-06
 2.66230e+23	2.81e-12	1.79e-07	2.86e-04	1.92e-02	2.46e-01	4.87e-01	1.71e-01	5.29e-02	2.23e-02	5.80e-04	4.17e-06
 2.67365e+23	3.45e-12	2.11e-07	3.24e-04	2.09e-02	2.57e-01	4.88e-01	1.64e-01	4.96e-02	2.02e-02	5.05e-04	3.49e-06
 2.68553e+23	4.45e-12	2.58e-07	3.78e-04	2.31e-02	2.70e-01	4.87e-01	1.56e-01	4.57e-02	1.79e-02	4.25e-04	2.79e-06
 2.69779e+23	5.54e-12	3.08e-07	4.31e-04	2.52e-02	2.81e-01	4.86e-01	1.49e-01	4.25e-02	1.61e-02	3.65e-04	2.29e-06
 2.70879e+23	6.83e-12	3.64e-07	4.89e-04	2.73e-02	2.92e-01	4.84e-01	1.43e-01	3.96e-02	1.45e-02	3.16e-04	1.90e-06
 2.72135e+23	8.87e-12	4.48e-07	5.71e-04	3.02e-02	3.05e-01	4.80e-01	1.34e-01	3.61e-02	1.27e-02	2.63e-04	1.50e-06
 2.73439e+23	1.12e-11	5.41e-07	6.57e-04	3.30e-02	3.18e-01	4.76e-01	1.27e-01	3.33e-02	1.13e-02	2.22e-04	1.20e-06
 2.74600e+23	1.39e-11	6.40e-07	7.45e-04	3.57e-02	3.29e-01	4.72e-01	1.21e-01	3.08e-02	1.01e-02	1.90e-04	9.88e-07
 2.75907e+23	1.81e-11	7.89e-07	8.70e-04	3.94e-02	3.43e-01	4.66e-01	1.13e-01	2.79e-02	8.80e-03	1.56e-04	7.70e-07
 2.77277e+23	2.32e-11	9.58e-07	1.00e-03	4.30e-02	3.56e-01	4.60e-01	1.06e-01	2.55e-02	7.72e-03	1.30e-04	6.10e-07
 2.78514e+23	2.90e-11	1.14e-06	1.14e-03	4.66e-02	3.68e-01	4.54e-01	1.00e-01	2.34e-02	6.85e-03	1.10e-04	4.93e-07
 2.79911e+23	3.82e-11	1.42e-06	1.34e-03	5.14e-02	3.82e-01	4.45e-01	9.31e-02	2.10e-02	5.88e-03	8.93e-05	3.76e-07
 2.81353e+23	4.89e-11	1.72e-06	1.54e-03	5.60e-02	3.95e-01	4.37e-01	8.68e-02	1.91e-02	5.13e-03	7.38e-05	2.95e-07
 2.82639e+23	6.14e-11	2.05e-06	1.75e-03	6.06e-02	4.06e-01	4.28e-01	8.13e-02	1.74e-02	4.50e-03	6.17e-05	2.35e-07
 2.84093e+23	8.16e-11	2.56e-06	2.06e-03	6.67e-02	4.20e-01	4.17e-01	7.46e-02	1.55e-02	3.83e-03	4.93e-05	1.77e-07
 2.85604e+23	1.05e-10	3.13e-06	2.38e-03	7.26e-02	4.33e-01	4.06e-01	6.90e-02	1.39e-02	3.30e-03	4.02e-05	1.36e-07
 2.86961e+23	1.33e-10	3.75e-06	2.71e-03	7.84e-02	4.44e-01	3.96e-01	6.40e-02	1.26e-02	2.87e-03	3.32e-05	0.00e+00
 2.88498e+23	1.79e-10	4.72e-06	3.20e-03	8.63e-02	4.57e-01	3.82e-01	5.81e-02	1.10e-02	2.39e-03	2.59e-05	0.00e+00
 2.90087e+23	2.31e-10	5.75e-06	3.68e-03	9.36e-02	4.68e-01	3.70e-01	5.33e-02	9.85e-03	2.05e-03	2.09e-05	0.00e+00
 2.91522e+23	2.95e-10	6.94e-06	4.21e-03	1.01e-01	4.78e-01	3.58e-01	4.90e-02	8.81e-03	1.76e-03	1.70e-05	0.00e+00
 2.93167e+23	4.04e-10	8.85e-06	5.00e-03	1.11e-01	4.89e-01	3.41e-01	4.37e-02	7.62e-03	1.44e-03	1.29e-05	0.00e+00
 2.94826e+23	5.22e-10	1.08e-05	5.73e-03	1.20e-01	4.98e-01	3.28e-01	3.98e-02	6.76e-03	1.22e-03	1.04e-05	0.00e+00
 2.96505e+23	7.06e-10	1.36e-05	6.75e-03	1.31e-01	5.08e-01	3.12e-01	3.55e-02	5.84e-03	9.96e-04	7.90e-06	0.00e+00
 2.98221e+23	9.22e-10	1.66e-05	7.79e-03	1.42e-01	5.15e-01	2.98e-01	3.19e-02	5.13e-03	8.32e-04	6.20e-06	0.00e+00
 2.99730e+23	1.18e-09	2.01e-05	8.87e-03	1.52e-01	5.21e-01	2.84e-01	2.89e-02	4.54e-03	7.04e-04	4.94e-06	0.00e+00
 3.01433e+23	1.61e-09	2.54e-05	1.05e-02	1.66e-01	5.27e-01	2.67e-01	2.54e-02	3.87e-03	5.66e-04	3.69e-06	0.00e+00
 3.03181e+23	2.09e-09	3.10e-05	1.20e-02	1.78e-01	5.30e-01	2.53e-01	2.27e-02	3.38e-03	4.69e-04	2.87e-06	0.00e+00
 3.04985e+23	2.87e-09	3.95e-05	1.42e-02	1.94e-01	5.34e-01	2.36e-01	1.97e-02	2.85e-03	3.73e-04	2.11e-06	0.00e+00
 3.06818e+23	3.75e-09	4.82e-05	1.62e-02	2.07e-01	5.35e-01	2.22e-01	1.75e-02	2.47e-03	3.06e-04	1.62e-06	0.00e+00
 3.08099e+23	4.42e-09	5.46e-05	1.77e-02	2.16e-01	5.35e-01	2.13e-01	1.62e-02	2.26e-03	2.70e-04	1.38e-06	0.00e+00
