#depth	O	O+	O+2	O+3	O+4	O+5	O+6	O+7	O+8	O[1]	O[2]	O[3]
 1.54284e+22	0.00e+00	0.00e+00	1.65e-25	2.04e-20	6.90e-16	1.06e-11	5.19e-07	1.50e-03	9.99e-01	0.00e+00	0.00e+00	0.00e+00
 3.57398e+22	0.00e+00	1.04e-30	1.15e-24	1.04e-19	2.57e-15	2.88e-11	1.00e-06	2.07e-03	9.98e-01	0.00e+00	0.00e+00	0.00e+00
 4.42136e+22	0.00e+00	5.22e-30	4.60e-24	3.34e-19	6.61e-15	5.90e-11	1.61e-06	2.62e-03	9.97e-01	0.00e+00	0.00e+00	0.00e+00
 5.06770e+22	0.00e+00	1.88e-29	1.39e-23	8.46e-19	1.40e-14	1.05e-10	2.34e-06	3.16e-03	9.97e-01	0.00e+00	0.00e+00	0.00e+00
 5.42677e+22	0.00e+00	2.61e-29	1.84e-23	1.07e-18	1.70e-14	1.21e-10	2.58e-06	3.31e-03	9.97e-01	0.00e+00	0.00e+00	0.00e+00
 5.55062e+22	0.00e+00	3.29e-29	2.25e-23	1.27e-18	1.95e-14	1.35e-10	2.76e-06	3.42e-03	9.97e-01	0.00e+00	0.00e+00	0.00e+00
 5.67029e+22	0.00e+00	4.40e-29	2.89e-23	1.57e-18	2.32e-14	1.54e-10	3.01e-06	3.57e-03	9.96e-01	0.00e+00	0.00e+00	0.00e+00
 5.79506e+22	0.00e+00	5.69e-29	3.61e-23	1.89e-18	2.69e-14	1.73e-10	3.24e-06	3.71e-03	9.96e-01	0.00e+00	0.00e+00	0.00e+00
 5.90845e+22	0.00e+00	7.33e-29	4.49e-23	2.27e-18	3.12e-14	1.93e-10	3.49e-06	3.85e-03	9.96e-01	0.00e+00	0.00e+00	0.00e+00
 6.02087e+22	0.00e+00	9.41e-29	5.57e-23	2.72e-18	3.61e-14	2.16e-10	3.76e-06	3.99e-03	9.96e-01	0.00e+00	0.00e+00	0.00e+00
 6.15000e+22	0.00e+00	1.28e-28	7.27e-23	3.40e-18	4.33e-14	2.48e-10	4.12e-06	4.17e-03	9.96e-01	0.00e+00	0.00e+00	0.00e+00
 6.27976e+22	0.00e+00	1.67e-28	9.11e-23	4.11e-18	5.05e-14	2.79e-10	4.45e-06	4.34e-03	9.96e-01	0.00e+00	0.00e+00	0.00e+00
 6.38994e+22	0.00e+00	2.13e-28	1.12e-22	4.90e-18	5.83e-14	3.11e-10	4.78e-06	4.49e-03	9.96e-01	0.00e+00	0.00e+00	0.00e+00
 6.51277e+22	0.00e+00	2.82e-28	1.43e-22	6.02e-18	6.89e-14	3.54e-10	5.20e-06	4.68e-03	9.95e-01	0.00e+00	0.00e+00	0.00e+00
 6.64349e+22	0.00e+00	3.73e-28	1.82e-22	7.36e-18	8.11e-14	4.01e-10	5.65e-06	4.87e-03	9.95e-01	0.00e+00	0.00e+00	0.00e+00
 6.75286e+22	0.00e+00	4.70e-28	2.22e-22	8.70e-18	9.29e-14	4.45e-10	6.05e-06	5.04e-03	9.95e-01	0.00e+00	0.00e+00	0.00e+00
 6.84748e+22	0.00e+00	5.79e-28	2.66e-22	1.01e-17	1.05e-13	4.89e-10	6.43e-06	5.20e-03	9.95e-01	0.00e+00	0.00e+00	0.00e+00
 6.95455e+22	0.00e+00	7.37e-28	3.28e-22	1.21e-17	1.21e-13	5.46e-10	6.92e-06	5.39e-03	9.95e-01	0.00e+00	0.00e+00	0.00e+00
 7.07190e+22	0.00e+00	9.44e-28	4.06e-22	1.44e-17	1.40e-13	6.10e-10	7.44e-06	5.58e-03	9.94e-01	0.00e+00	0.00e+00	0.00e+00
 7.18153e+22	0.00e+00	1.21e-27	5.01e-22	1.72e-17	1.62e-13	6.81e-10	8.00e-06	5.79e-03	9.94e-01	0.00e+00	0.00e+00	0.00e+00
 7.28462e+22	0.00e+00	1.51e-27	6.08e-22	2.03e-17	1.85e-13	7.53e-10	8.55e-06	5.98e-03	9.94e-01	0.00e+00	0.00e+00	0.00e+00
 7.40028e+22	0.00e+00	1.96e-27	7.62e-22	2.46e-17	2.16e-13	8.49e-10	9.25e-06	6.22e-03	9.94e-01	0.00e+00	0.00e+00	0.00e+00
 7.52031e+22	2.26e-34	2.53e-27	9.49e-22	2.95e-17	2.50e-13	9.51e-10	9.97e-06	6.45e-03	9.94e-01	0.00e+00	0.00e+00	0.00e+00
 7.62303e+22	2.91e-34	3.16e-27	1.15e-21	3.46e-17	2.85e-13	1.05e-09	1.07e-05	6.66e-03	9.93e-01	0.00e+00	0.00e+00	0.00e+00
 7.73356e+22	3.90e-34	4.08e-27	1.43e-21	4.17e-17	3.32e-13	1.18e-09	1.15e-05	6.92e-03	9.93e-01	0.00e+00	0.00e+00	0.00e+00
 7.85167e+22	5.22e-34	5.27e-27	1.78e-21	5.02e-17	3.85e-13	1.32e-09	1.24e-05	7.18e-03	9.93e-01	0.00e+00	0.00e+00	0.00e+00
 7.95784e+22	6.74e-34	6.59e-27	2.16e-21	5.90e-17	4.40e-13	1.46e-09	1.33e-05	7.42e-03	9.93e-01	0.00e+00	0.00e+00	0.00e+00
 8.05630e+22	8.63e-34	8.18e-27	2.60e-21	6.90e-17	5.00e-13	1.61e-09	1.41e-05	7.66e-03	9.92e-01	0.00e+00	0.00e+00	0.00e+00
 8.15205e+22	1.09e-33	1.00e-26	3.11e-21	8.01e-17	5.64e-13	1.77e-09	1.50e-05	7.90e-03	9.92e-01	0.00e+00	0.00e+00	0.00e+00
 8.26204e+22	1.45e-33	1.29e-26	3.85e-21	9.60e-17	6.54e-13	1.98e-09	1.62e-05	8.19e-03	9.92e-01	0.00e+00	0.00e+00	0.00e+00
 8.37882e+22	1.95e-33	1.67e-26	4.81e-21	1.16e-16	7.59e-13	2.22e-09	1.75e-05	8.51e-03	9.91e-01	0.00e+00	0.00e+00	0.00e+00
 8.48076e+22	2.47e-33	2.06e-26	5.76e-21	1.35e-16	8.60e-13	2.45e-09	1.86e-05	8.78e-03	9.91e-01	0.00e+00	0.00e+00	0.00e+00
 8.58960e+22	3.35e-33	2.68e-26	7.24e-21	1.63e-16	1.01e-12	2.76e-09	2.02e-05	9.13e-03	9.91e-01	0.00e+00	0.00e+00	0.00e+00
 8.70096e+22	4.33e-33	3.36e-26	8.78e-21	1.92e-16	1.15e-12	3.05e-09	2.16e-05	9.44e-03	9.91e-01	0.00e+00	0.00e+00	0.00e+00
 8.79832e+22	5.51e-33	4.15e-26	1.05e-20	2.24e-16	1.30e-12	3.35e-09	2.30e-05	9.74e-03	9.90e-01	0.00e+00	0.00e+00	0.00e+00
 8.90761e+22	7.34e-33	5.33e-26	1.31e-20	2.68e-16	1.51e-12	3.75e-09	2.48e-05	1.01e-02	9.90e-01	0.00e+00	0.00e+00	0.00e+00
 9.02282e+22	9.71e-33	6.80e-26	1.61e-20	3.20e-16	1.74e-12	4.18e-09	2.67e-05	1.05e-02	9.89e-01	0.00e+00	0.00e+00	0.00e+00
 9.12513e+22	1.26e-32	8.51e-26	1.95e-20	3.76e-16	1.98e-12	4.62e-09	2.85e-05	1.08e-02	9.89e-01	0.00e+00	0.00e+00	0.00e+00
 9.23751e+22	1.70e-32	1.11e-25	2.45e-20	4.55e-16	2.31e-12	5.20e-09	3.09e-05	1.13e-02	9.89e-01	0.00e+00	0.00e+00	0.00e+00
 9.35627e+22	2.30e-32	1.44e-25	3.07e-20	5.49e-16	2.69e-12	5.83e-09	3.34e-05	1.17e-02	9.88e-01	0.00e+00	0.00e+00	0.00e+00
 9.45572e+22	2.90e-32	1.77e-25	3.65e-20	6.36e-16	3.03e-12	6.40e-09	3.55e-05	1.21e-02	9.88e-01	0.00e+00	0.00e+00	0.00e+00
 9.55741e+22	3.83e-32	2.25e-25	4.50e-20	7.59e-16	3.49e-12	7.12e-09	3.81e-05	1.25e-02	9.87e-01	0.00e+00	0.00e+00	0.00e+00
 9.66645e+22	5.01e-32	2.85e-25	5.50e-20	8.98e-16	4.00e-12	7.89e-09	4.09e-05	1.30e-02	9.87e-01	0.00e+00	0.00e+00	0.00e+00
 9.76737e+22	6.47e-32	3.56e-25	6.66e-20	1.05e-15	4.55e-12	8.70e-09	4.37e-05	1.34e-02	9.87e-01	0.00e+00	0.00e+00	0.00e+00
 9.88090e+22	8.83e-32	4.67e-25	8.40e-20	1.28e-15	5.33e-12	9.80e-09	4.74e-05	1.39e-02	9.86e-01	0.00e+00	0.00e+00	0.00e+00
 9.99881e+22	1.20e-31	6.10e-25	1.05e-19	1.55e-15	6.21e-12	1.10e-08	5.13e-05	1.45e-02	9.85e-01	0.00e+00	0.00e+00	0.00e+00
 1.00949e+23	1.53e-31	7.51e-25	1.26e-19	1.80e-15	6.99e-12	1.20e-08	5.46e-05	1.50e-02	9.85e-01	0.00e+00	0.00e+00	0.00e+00
 1.01924e+23	2.00e-31	9.51e-25	1.54e-19	2.13e-15	8.02e-12	1.33e-08	5.85e-05	1.55e-02	9.84e-01	0.00e+00	0.00e+00	0.00e+00
 1.02987e+23	2.63e-31	1.21e-24	1.89e-19	2.52e-15	9.18e-12	1.47e-08	6.28e-05	1.61e-02	9.84e-01	0.00e+00	0.00e+00	0.00e+00
 1.03984e+23	3.42e-31	1.52e-24	2.29e-19	2.96e-15	1.04e-11	1.62e-08	6.71e-05	1.66e-02	9.83e-01	0.00e+00	0.00e+00	0.00e+00
 1.05100e+23	4.81e-31	2.04e-24	2.95e-19	3.65e-15	1.23e-11	1.84e-08	7.32e-05	1.74e-02	9.83e-01	0.00e+00	0.00e+00	0.00e+00
 1.06216e+23	6.28e-31	2.57e-24	3.60e-19	4.31e-15	1.41e-11	2.03e-08	7.84e-05	1.80e-02	9.82e-01	0.00e+00	0.00e+00	0.00e+00
 1.07155e+23	8.15e-31	3.21e-24	4.35e-19	5.05e-15	1.60e-11	2.23e-08	8.37e-05	1.86e-02	9.81e-01	0.00e+00	0.00e+00	0.00e+00
 1.08048e+23	1.05e-30	4.00e-24	5.24e-19	5.89e-15	1.81e-11	2.44e-08	8.92e-05	1.92e-02	9.81e-01	0.00e+00	0.00e+00	0.00e+00
 1.09061e+23	1.43e-30	5.22e-24	6.57e-19	7.11e-15	2.10e-11	2.72e-08	9.64e-05	1.99e-02	9.80e-01	0.00e+00	0.00e+00	0.00e+00
 1.10115e+23	1.87e-30	6.61e-24	8.03e-19	8.40e-15	2.39e-11	3.00e-08	1.03e-04	2.07e-02	9.79e-01	0.00e+00	0.00e+00	0.00e+00
 1.11063e+23	2.48e-30	8.42e-24	9.86e-19	9.95e-15	2.74e-11	3.30e-08	1.11e-04	2.14e-02	9.78e-01	0.00e+00	0.00e+00	0.00e+00
 1.11978e+23	3.21e-30	1.05e-23	1.19e-18	1.17e-14	3.10e-11	3.62e-08	1.18e-04	2.21e-02	9.78e-01	0.00e+00	0.00e+00	0.00e+00
 1.12863e+23	4.17e-30	1.32e-23	1.44e-18	1.36e-14	3.51e-11	3.96e-08	1.26e-04	2.28e-02	9.77e-01	0.00e+00	0.00e+00	0.00e+00
 1.13730e+23	5.35e-30	1.64e-23	1.73e-18	1.59e-14	3.95e-11	4.32e-08	1.34e-04	2.36e-02	9.76e-01	0.00e+00	0.00e+00	0.00e+00
 1.14720e+23	7.38e-30	2.16e-23	2.19e-18	1.93e-14	4.61e-11	4.83e-08	1.45e-04	2.46e-02	9.75e-01	0.00e+00	0.00e+00	0.00e+00
 1.15727e+23	9.80e-30	2.76e-23	2.69e-18	2.29e-14	5.27e-11	5.31e-08	1.55e-04	2.54e-02	9.74e-01	0.00e+00	0.00e+00	0.00e+00
 1.16593e+23	1.28e-29	3.47e-23	3.27e-18	2.69e-14	5.97e-11	5.82e-08	1.66e-04	2.63e-02	9.74e-01	0.00e+00	0.00e+00	0.00e+00
 1.17559e+23	1.77e-29	4.60e-23	4.15e-18	3.26e-14	6.96e-11	6.49e-08	1.80e-04	2.74e-02	9.72e-01	0.00e+00	0.00e+00	0.00e+00
 1.18529e+23	2.33e-29	5.82e-23	5.07e-18	3.85e-14	7.92e-11	7.12e-08	1.92e-04	2.83e-02	9.71e-01	0.00e+00	0.00e+00	0.00e+00
 1.19353e+23	3.00e-29	7.25e-23	6.10e-18	4.49e-14	8.93e-11	7.76e-08	2.04e-04	2.92e-02	9.71e-01	0.00e+00	0.00e+00	0.00e+00
 1.20274e+23	4.13e-29	9.55e-23	7.70e-18	5.44e-14	1.04e-10	8.64e-08	2.21e-04	3.04e-02	9.69e-01	0.00e+00	0.00e+00	0.00e+00
 1.21221e+23	5.52e-29	1.22e-22	9.49e-18	6.46e-14	1.19e-10	9.50e-08	2.36e-04	3.15e-02	9.68e-01	0.00e+00	0.00e+00	0.00e+00
 1.22049e+23	7.14e-29	1.53e-22	1.15e-17	7.55e-14	1.34e-10	1.04e-07	2.52e-04	3.25e-02	9.67e-01	0.00e+00	0.00e+00	0.00e+00
 1.22973e+23	9.96e-29	2.04e-22	1.46e-17	9.22e-14	1.57e-10	1.16e-07	2.72e-04	3.39e-02	9.66e-01	0.00e+00	0.00e+00	0.00e+00
 1.23898e+23	1.32e-28	2.60e-22	1.79e-17	1.09e-13	1.78e-10	1.27e-07	2.91e-04	3.50e-02	9.65e-01	0.00e+00	0.00e+00	0.00e+00
 1.24683e+23	1.69e-28	3.21e-22	2.15e-17	1.27e-13	2.01e-10	1.38e-07	3.09e-04	3.61e-02	9.64e-01	0.00e+00	0.00e+00	0.00e+00
 1.25563e+23	2.35e-28	4.27e-22	2.73e-17	1.54e-13	2.34e-10	1.54e-07	3.34e-04	3.75e-02	9.62e-01	0.00e+00	0.00e+00	0.00e+00
 1.26461e+23	3.12e-28	5.46e-22	3.36e-17	1.83e-13	2.67e-10	1.69e-07	3.57e-04	3.88e-02	9.61e-01	0.00e+00	0.00e+00	0.00e+00
 1.27248e+23	4.07e-28	6.86e-22	4.08e-17	2.15e-13	3.02e-10	1.85e-07	3.80e-04	4.01e-02	9.60e-01	0.00e+00	0.00e+00	0.00e+00
 1.28137e+23	5.68e-28	9.15e-22	5.20e-17	2.62e-13	3.54e-10	2.07e-07	4.11e-04	4.17e-02	9.58e-01	0.00e+00	0.00e+00	0.00e+00
 1.29056e+23	7.68e-28	1.19e-21	6.47e-17	3.14e-13	4.07e-10	2.28e-07	4.41e-04	4.32e-02	9.56e-01	0.00e+00	0.00e+00	0.00e+00
 1.29868e+23	1.02e-27	1.51e-21	7.96e-17	3.73e-13	4.65e-10	2.51e-07	4.72e-04	4.46e-02	9.55e-01	0.00e+00	0.00e+00	0.00e+00
 1.30655e+23	1.36e-27	1.94e-21	9.81e-17	4.43e-13	5.31e-10	2.76e-07	5.04e-04	4.62e-02	9.53e-01	0.00e+00	0.00e+00	0.00e+00
 1.31554e+23	1.93e-27	2.63e-21	1.27e-16	5.48e-13	6.27e-10	3.10e-07	5.47e-04	4.81e-02	9.51e-01	0.00e+00	0.00e+00	0.00e+00
 1.32474e+23	2.61e-27	3.40e-21	1.58e-16	6.57e-13	7.22e-10	3.43e-07	5.87e-04	4.98e-02	9.50e-01	0.00e+00	0.00e+00	0.00e+00
 1.33419e+23	3.79e-27	4.71e-21	2.08e-16	8.25e-13	8.61e-10	3.89e-07	6.40e-04	5.20e-02	9.47e-01	0.00e+00	0.00e+00	0.00e+00
 1.34382e+23	5.31e-27	6.30e-21	2.66e-16	1.01e-12	1.01e-09	4.34e-07	6.91e-04	5.40e-02	9.45e-01	0.00e+00	0.00e+00	0.00e+00
 1.35164e+23	6.95e-27	7.94e-21	3.24e-16	1.19e-12	1.14e-09	4.75e-07	7.35e-04	5.56e-02	9.44e-01	0.00e+00	0.00e+00	0.00e+00
 1.35977e+23	9.77e-27	1.07e-20	4.16e-16	1.46e-12	1.34e-09	5.32e-07	7.94e-04	5.78e-02	9.41e-01	0.00e+00	0.00e+00	0.00e+00
 1.36821e+23	1.32e-26	1.38e-20	5.19e-16	1.75e-12	1.55e-09	5.88e-07	8.50e-04	5.98e-02	9.39e-01	0.00e+00	0.00e+00	0.00e+00
 1.37521e+23	1.70e-26	1.72e-20	6.24e-16	2.04e-12	1.74e-09	6.39e-07	9.00e-04	6.15e-02	9.38e-01	0.00e+00	0.00e+00	0.00e+00
 1.38249e+23	2.33e-26	2.26e-20	7.86e-16	2.47e-12	2.02e-09	7.10e-07	9.66e-04	6.36e-02	9.35e-01	0.00e+00	0.00e+00	0.00e+00
 1.38943e+23	2.95e-26	2.78e-20	9.36e-16	2.86e-12	2.26e-09	7.68e-07	1.02e-03	6.53e-02	9.34e-01	0.00e+00	0.00e+00	0.00e+00
 1.39498e+23	3.73e-26	3.40e-20	1.11e-15	3.29e-12	2.52e-09	8.29e-07	1.07e-03	6.70e-02	9.32e-01	0.00e+00	0.00e+00	0.00e+00
 1.40040e+23	4.65e-26	4.11e-20	1.31e-15	3.76e-12	2.80e-09	8.92e-07	1.13e-03	6.86e-02	9.30e-01	0.00e+00	0.00e+00	0.00e+00
 1.40573e+23	5.68e-26	4.88e-20	1.51e-15	4.24e-12	3.07e-09	9.53e-07	1.18e-03	7.01e-02	9.29e-01	0.00e+00	0.00e+00	0.00e+00
 1.41176e+23	7.46e-26	6.19e-20	1.85e-15	5.01e-12	3.50e-09	1.04e-06	1.25e-03	7.21e-02	9.27e-01	0.00e+00	0.00e+00	0.00e+00
 1.41783e+23	9.48e-26	7.62e-20	2.21e-15	5.80e-12	3.91e-09	1.13e-06	1.32e-03	7.40e-02	9.25e-01	0.00e+00	0.00e+00	0.00e+00
 1.42293e+23	1.18e-25	9.19e-20	2.59e-15	6.62e-12	4.33e-09	1.21e-06	1.38e-03	7.57e-02	9.23e-01	0.00e+00	0.00e+00	0.00e+00
 1.42772e+23	1.46e-25	1.11e-19	3.03e-15	7.53e-12	4.79e-09	1.30e-06	1.45e-03	7.74e-02	9.21e-01	0.00e+00	0.00e+00	0.00e+00
 1.43235e+23	1.76e-25	1.30e-19	3.47e-15	8.43e-12	5.23e-09	1.38e-06	1.51e-03	7.89e-02	9.20e-01	0.00e+00	0.00e+00	0.00e+00
 1.43762e+23	2.27e-25	1.62e-19	4.19e-15	9.85e-12	5.89e-09	1.50e-06	1.59e-03	8.10e-02	9.17e-01	0.00e+00	0.00e+00	0.00e+00
 1.44304e+23	2.87e-25	1.99e-19	4.98e-15	1.14e-11	6.58e-09	1.62e-06	1.67e-03	8.29e-02	9.15e-01	0.00e+00	0.00e+00	0.00e+00
 1.44775e+23	3.54e-25	2.39e-19	5.82e-15	1.29e-11	7.26e-09	1.74e-06	1.75e-03	8.47e-02	9.14e-01	0.00e+00	0.00e+00	0.00e+00
 1.45297e+23	4.62e-25	3.01e-19	7.08e-15	1.52e-11	8.23e-09	1.90e-06	1.85e-03	8.70e-02	9.11e-01	0.00e+00	0.00e+00	0.00e+00
 1.45806e+23	5.67e-25	3.59e-19	8.23e-15	1.72e-11	9.05e-09	2.03e-06	1.93e-03	8.88e-02	9.09e-01	0.00e+00	0.00e+00	0.00e+00
 1.46232e+23	7.02e-25	4.32e-19	9.63e-15	1.96e-11	1.00e-08	2.17e-06	2.02e-03	9.07e-02	9.07e-01	0.00e+00	0.00e+00	0.00e+00
 1.46650e+23	8.54e-25	5.12e-19	1.11e-14	2.21e-11	1.10e-08	2.32e-06	2.10e-03	9.25e-02	9.05e-01	0.00e+00	0.00e+00	0.00e+00
 1.47128e+23	1.11e-24	6.43e-19	1.35e-14	2.59e-11	1.24e-08	2.53e-06	2.22e-03	9.49e-02	9.03e-01	0.00e+00	0.00e+00	0.00e+00
 1.47612e+23	1.40e-24	7.86e-19	1.60e-14	2.98e-11	1.38e-08	2.72e-06	2.33e-03	9.71e-02	9.01e-01	0.00e+00	0.00e+00	0.00e+00
 1.48029e+23	1.72e-24	9.40e-19	1.87e-14	3.38e-11	1.52e-08	2.91e-06	2.43e-03	9.90e-02	8.99e-01	0.00e+00	0.00e+00	0.00e+00
 1.48496e+23	2.27e-24	1.19e-18	2.29e-14	3.99e-11	1.73e-08	3.18e-06	2.57e-03	1.02e-01	8.96e-01	0.00e+00	0.00e+00	0.00e+00
 1.48972e+23	2.86e-24	1.46e-18	2.71e-14	4.60e-11	1.93e-08	3.42e-06	2.70e-03	1.04e-01	8.93e-01	0.00e+00	0.00e+00	0.00e+00
 1.49398e+23	3.61e-24	1.79e-18	3.22e-14	5.29e-11	2.14e-08	3.69e-06	2.82e-03	1.06e-01	8.91e-01	0.00e+00	0.00e+00	0.00e+00
 1.49886e+23	4.94e-24	2.35e-18	4.06e-14	6.40e-11	2.48e-08	4.07e-06	3.01e-03	1.09e-01	8.88e-01	0.00e+00	0.00e+00	0.00e+00
 1.50355e+23	6.10e-24	2.82e-18	4.74e-14	7.27e-11	2.73e-08	4.36e-06	3.14e-03	1.12e-01	8.85e-01	0.00e+00	0.00e+00	0.00e+00
 1.50798e+23	8.25e-24	3.66e-18	5.92e-14	8.73e-11	3.14e-08	4.79e-06	3.33e-03	1.15e-01	8.82e-01	0.00e+00	0.00e+00	0.00e+00
 1.51244e+23	1.02e-23	4.40e-18	6.92e-14	9.93e-11	3.47e-08	5.13e-06	3.47e-03	1.17e-01	8.80e-01	0.00e+00	0.00e+00	0.00e+00
 1.51694e+23	1.41e-23	5.83e-18	8.79e-14	1.21e-10	4.02e-08	5.68e-06	3.70e-03	1.20e-01	8.76e-01	0.00e+00	0.00e+00	0.00e+00
 1.52128e+23	1.73e-23	6.94e-18	1.02e-13	1.37e-10	4.42e-08	6.05e-06	3.85e-03	1.23e-01	8.73e-01	0.00e+00	0.00e+00	0.00e+00
 1.52543e+23	2.37e-23	9.14e-18	1.29e-13	1.65e-10	5.11e-08	6.68e-06	4.09e-03	1.26e-01	8.70e-01	0.00e+00	0.00e+00	0.00e+00
 1.52958e+23	2.95e-23	1.10e-17	1.51e-13	1.89e-10	5.65e-08	7.15e-06	4.27e-03	1.29e-01	8.67e-01	0.00e+00	0.00e+00	0.00e+00
 1.53372e+23	4.03e-23	1.45e-17	1.90e-13	2.28e-10	6.52e-08	7.88e-06	4.53e-03	1.32e-01	8.63e-01	0.00e+00	0.00e+00	0.00e+00
 1.53794e+23	5.11e-23	1.78e-17	2.27e-13	2.63e-10	7.27e-08	8.50e-06	4.75e-03	1.35e-01	8.60e-01	0.00e+00	0.00e+00	0.00e+00
 1.54227e+23	7.18e-23	2.39e-17	2.91e-13	3.23e-10	8.49e-08	9.44e-06	5.07e-03	1.39e-01	8.56e-01	0.00e+00	0.00e+00	0.00e+00
 1.54660e+23	9.14e-23	2.95e-17	3.48e-13	3.74e-10	9.49e-08	1.02e-05	5.31e-03	1.42e-01	8.53e-01	0.00e+00	0.00e+00	0.00e+00
 1.55095e+23	1.28e-22	3.94e-17	4.45e-13	4.57e-10	1.11e-07	1.13e-05	5.66e-03	1.46e-01	8.48e-01	0.00e+00	0.00e+00	0.00e+00
 1.55526e+23	1.65e-22	4.91e-17	5.37e-13	5.33e-10	1.24e-07	1.22e-05	5.94e-03	1.49e-01	8.45e-01	0.00e+00	0.00e+00	0.00e+00
 1.55953e+23	2.30e-22	6.57e-17	6.87e-13	6.52e-10	1.45e-07	1.36e-05	6.34e-03	1.54e-01	8.40e-01	0.00e+00	0.00e+00	0.00e+00
 1.56388e+23	3.01e-22	8.30e-17	8.37e-13	7.67e-10	1.64e-07	1.48e-05	6.67e-03	1.57e-01	8.36e-01	0.00e+00	0.00e+00	0.00e+00
 1.56833e+23	4.29e-22	1.13e-16	1.09e-12	9.49e-10	1.92e-07	1.65e-05	7.14e-03	1.62e-01	8.31e-01	0.00e+00	0.00e+00	0.00e+00
 1.57281e+23	5.64e-22	1.43e-16	1.33e-12	1.12e-09	2.18e-07	1.79e-05	7.52e-03	1.66e-01	8.26e-01	0.00e+00	0.00e+00	0.00e+00
 1.57732e+23	8.10e-22	1.96e-16	1.73e-12	1.39e-09	2.57e-07	2.01e-05	8.06e-03	1.71e-01	8.21e-01	0.00e+00	0.00e+00	0.00e+00
 1.58187e+23	1.07e-21	2.49e-16	2.12e-12	1.64e-09	2.92e-07	2.19e-05	8.50e-03	1.75e-01	8.16e-01	0.00e+00	0.00e+00	0.00e+00
 1.58581e+23	1.40e-21	3.15e-16	2.59e-12	1.94e-09	3.31e-07	2.38e-05	8.96e-03	1.79e-01	8.12e-01	0.00e+00	0.00e+00	0.00e+00
 1.59027e+23	2.00e-21	4.29e-16	3.37e-12	2.40e-09	3.90e-07	2.66e-05	9.59e-03	1.85e-01	8.06e-01	0.00e+00	0.00e+00	0.00e+00
 1.59470e+23	2.57e-21	5.33e-16	4.06e-12	2.80e-09	4.38e-07	2.88e-05	1.01e-02	1.89e-01	8.01e-01	0.00e+00	0.00e+00	0.00e+00
 1.59908e+23	3.61e-21	7.16e-16	5.21e-12	3.43e-09	5.12e-07	3.21e-05	1.08e-02	1.94e-01	7.95e-01	0.00e+00	0.00e+00	0.00e+00
 1.60354e+23	4.67e-21	8.94e-16	6.29e-12	4.01e-09	5.77e-07	3.48e-05	1.13e-02	1.99e-01	7.90e-01	0.00e+00	0.00e+00	0.00e+00
 1.60812e+23	6.56e-21	1.20e-15	8.08e-12	4.93e-09	6.75e-07	3.88e-05	1.21e-02	2.04e-01	7.83e-01	0.00e+00	0.00e+00	0.00e+00
 1.61281e+23	8.53e-21	1.51e-15	9.81e-12	5.78e-09	7.63e-07	4.23e-05	1.27e-02	2.09e-01	7.78e-01	0.00e+00	0.00e+00	0.00e+00
 1.61764e+23	1.20e-20	2.03e-15	1.26e-11	7.12e-09	8.97e-07	4.72e-05	1.37e-02	2.15e-01	7.71e-01	0.00e+00	0.00e+00	0.00e+00
 1.62258e+23	1.57e-20	2.56e-15	1.54e-11	8.37e-09	1.01e-06	5.15e-05	1.44e-02	2.20e-01	7.65e-01	0.00e+00	0.00e+00	0.00e+00
 1.62767e+23	2.21e-20	3.44e-15	1.98e-11	1.03e-08	1.19e-06	5.75e-05	1.54e-02	2.27e-01	7.58e-01	0.00e+00	0.00e+00	0.00e+00
 1.63285e+23	2.88e-20	4.33e-15	2.41e-11	1.21e-08	1.35e-06	6.28e-05	1.63e-02	2.32e-01	7.52e-01	0.00e+00	0.00e+00	0.00e+00
 1.63816e+23	4.04e-20	5.81e-15	3.09e-11	1.49e-08	1.59e-06	7.02e-05	1.74e-02	2.38e-01	7.44e-01	0.00e+00	0.00e+00	0.00e+00
 1.64349e+23	5.22e-20	7.25e-15	3.73e-11	1.74e-08	1.79e-06	7.64e-05	1.84e-02	2.44e-01	7.38e-01	0.00e+00	0.00e+00	0.00e+00
 1.64888e+23	7.28e-20	9.67e-15	4.77e-11	2.14e-08	2.10e-06	8.53e-05	1.96e-02	2.51e-01	7.30e-01	0.00e+00	0.00e+00	0.00e+00
 1.65436e+23	9.31e-20	1.20e-14	5.73e-11	2.49e-08	2.37e-06	9.27e-05	2.07e-02	2.56e-01	7.23e-01	0.00e+00	0.00e+00	0.00e+00
 1.65917e+23	1.19e-19	1.48e-14	6.85e-11	2.89e-08	2.66e-06	1.01e-04	2.17e-02	2.61e-01	7.17e-01	0.00e+00	0.00e+00	0.00e+00
 1.66460e+23	1.62e-19	1.94e-14	8.63e-11	3.50e-08	3.09e-06	1.12e-04	2.32e-02	2.68e-01	7.09e-01	0.00e+00	0.00e+00	0.00e+00
 1.67000e+23	2.02e-19	2.35e-14	1.02e-10	4.01e-08	3.44e-06	1.20e-04	2.43e-02	2.73e-01	7.03e-01	0.00e+00	0.00e+00	0.00e+00
 1.67536e+23	2.71e-19	3.02e-14	1.26e-10	4.80e-08	3.96e-06	1.33e-04	2.58e-02	2.80e-01	6.94e-01	0.00e+00	0.00e+00	0.00e+00
 1.68086e+23	3.40e-19	3.68e-14	1.50e-10	5.53e-08	4.43e-06	1.44e-04	2.71e-02	2.85e-01	6.88e-01	0.00e+00	0.00e+00	0.00e+00
 1.68571e+23	4.24e-19	4.46e-14	1.76e-10	6.34e-08	4.93e-06	1.55e-04	2.84e-02	2.90e-01	6.81e-01	0.00e+00	0.00e+00	0.00e+00
 1.69122e+23	5.66e-19	5.73e-14	2.18e-10	7.58e-08	5.68e-06	1.71e-04	3.01e-02	2.97e-01	6.73e-01	0.00e+00	0.00e+00	0.00e+00
 1.69671e+23	6.92e-19	6.83e-14	2.54e-10	8.60e-08	6.27e-06	1.84e-04	3.14e-02	3.02e-01	6.66e-01	0.00e+00	0.00e+00	0.00e+00
 1.70217e+23	9.11e-19	8.67e-14	3.11e-10	1.02e-07	7.18e-06	2.02e-04	3.33e-02	3.09e-01	6.58e-01	0.00e+00	0.00e+00	0.00e+00
 1.70775e+23	1.12e-18	1.04e-13	3.62e-10	1.16e-07	7.95e-06	2.17e-04	3.48e-02	3.14e-01	6.51e-01	0.00e+00	0.00e+00	0.00e+00
 1.71346e+23	1.47e-18	1.32e-13	4.45e-10	1.38e-07	9.11e-06	2.39e-04	3.69e-02	3.21e-01	6.42e-01	0.00e+00	0.00e+00	0.00e+00
 1.71928e+23	1.81e-18	1.57e-13	5.19e-10	1.57e-07	1.01e-05	2.57e-04	3.85e-02	3.26e-01	6.35e-01	0.00e+00	0.00e+00	0.00e+00
 1.72525e+23	2.38e-18	2.00e-13	6.37e-10	1.86e-07	1.16e-05	2.84e-04	4.09e-02	3.33e-01	6.26e-01	0.00e+00	0.00e+00	0.00e+00
 1.73132e+23	2.93e-18	2.40e-13	7.44e-10	2.12e-07	1.28e-05	3.05e-04	4.27e-02	3.39e-01	6.18e-01	0.00e+00	0.00e+00	0.00e+00
 1.73754e+23	3.87e-18	3.05e-13	9.15e-10	2.52e-07	1.47e-05	3.36e-04	4.53e-02	3.46e-01	6.09e-01	0.00e+00	0.00e+00	0.00e+00
 1.74362e+23	4.65e-18	3.58e-13	1.05e-09	2.83e-07	1.61e-05	3.59e-04	4.71e-02	3.51e-01	6.02e-01	0.00e+00	0.00e+00	0.00e+00
 1.74952e+23	6.03e-18	4.49e-13	1.27e-09	3.33e-07	1.84e-05	3.94e-04	4.98e-02	3.57e-01	5.92e-01	0.00e+00	0.00e+00	0.00e+00
 1.75551e+23	7.24e-18	5.27e-13	1.46e-09	3.74e-07	2.02e-05	4.20e-04	5.18e-02	3.62e-01	5.85e-01	0.00e+00	0.00e+00	0.00e+00
 1.76162e+23	9.32e-18	6.55e-13	1.77e-09	4.38e-07	2.29e-05	4.60e-04	5.46e-02	3.69e-01	5.76e-01	0.00e+00	0.00e+00	0.00e+00
 1.76792e+23	1.14e-17	7.82e-13	2.05e-09	4.97e-07	2.53e-05	4.94e-04	5.70e-02	3.74e-01	5.68e-01	0.00e+00	0.00e+00	0.00e+00
 1.77447e+23	1.47e-17	9.74e-13	2.48e-09	5.82e-07	2.88e-05	5.40e-04	6.01e-02	3.81e-01	5.58e-01	0.00e+00	0.00e+00	0.00e+00
 1.78124e+23	1.82e-17	1.17e-12	2.91e-09	6.66e-07	3.20e-05	5.83e-04	6.28e-02	3.87e-01	5.50e-01	0.00e+00	0.00e+00	0.00e+00
 1.78828e+23	2.36e-17	1.47e-12	3.54e-09	7.85e-07	3.65e-05	6.39e-04	6.64e-02	3.93e-01	5.39e-01	2.36e-17	5.46e-28	5.81e-28
 1.79552e+23	2.93e-17	1.78e-12	4.17e-09	9.00e-07	4.07e-05	6.91e-04	6.95e-02	3.99e-01	5.31e-01	2.93e-17	5.10e-26	6.42e-26
 1.80301e+23	3.84e-17	2.25e-12	5.09e-09	1.07e-06	4.66e-05	7.60e-04	7.35e-02	4.06e-01	5.20e-01	3.84e-17	6.66e-26	8.39e-26
 1.81075e+23	4.82e-17	2.74e-12	6.04e-09	1.23e-06	5.22e-05	8.24e-04	7.70e-02	4.12e-01	5.10e-01	4.82e-17	8.36e-26	1.05e-25
 1.81880e+23	6.37e-17	3.50e-12	7.45e-09	1.47e-06	6.01e-05	9.10e-04	8.16e-02	4.19e-01	4.98e-01	6.37e-17	1.11e-25	1.39e-25
 1.82709e+23	8.06e-17	4.30e-12	8.88e-09	1.70e-06	6.77e-05	9.89e-04	8.56e-02	4.25e-01	4.88e-01	8.06e-17	1.40e-25	1.76e-25
 1.83452e+23	1.01e-16	5.21e-12	1.05e-08	1.95e-06	7.55e-05	1.07e-03	8.96e-02	4.30e-01	4.79e-01	1.01e-16	1.75e-25	2.20e-25
 1.84305e+23	1.36e-16	6.76e-12	1.31e-08	2.36e-06	8.78e-05	1.19e-03	9.52e-02	4.37e-01	4.66e-01	1.36e-16	2.36e-25	2.97e-25
 1.85164e+23	1.69e-16	8.20e-12	1.55e-08	2.71e-06	9.80e-05	1.28e-03	9.95e-02	4.43e-01	4.57e-01	1.69e-16	2.94e-25	3.70e-25
 1.86033e+23	2.27e-16	1.06e-11	1.93e-08	3.26e-06	1.14e-04	1.43e-03	1.06e-01	4.49e-01	4.44e-01	2.27e-16	3.94e-25	4.96e-25
 1.86920e+23	2.87e-16	1.30e-11	2.30e-08	3.78e-06	1.28e-04	1.55e-03	1.11e-01	4.54e-01	4.33e-01	2.87e-16	4.99e-25	6.28e-25
 1.87831e+23	3.88e-16	1.69e-11	2.88e-08	4.57e-06	1.49e-04	1.72e-03	1.17e-01	4.61e-01	4.20e-01	3.88e-16	6.74e-25	8.49e-25
 1.88757e+23	4.96e-16	2.09e-11	3.46e-08	5.32e-06	1.68e-04	1.88e-03	1.23e-01	4.66e-01	4.09e-01	4.96e-16	8.60e-25	1.08e-24
 1.89701e+23	6.79e-16	2.75e-11	4.38e-08	6.50e-06	1.97e-04	2.10e-03	1.31e-01	4.72e-01	3.95e-01	6.79e-16	1.18e-24	1.48e-24
 1.90650e+23	8.63e-16	3.39e-11	5.25e-08	7.56e-06	2.23e-04	2.28e-03	1.37e-01	4.76e-01	3.84e-01	8.63e-16	1.50e-24	1.88e-24
 1.91437e+23	1.07e-15	4.10e-11	6.17e-08	8.66e-06	2.48e-04	2.47e-03	1.43e-01	4.80e-01	3.74e-01	1.07e-15	1.86e-24	2.34e-24
 1.92290e+23	1.42e-15	5.24e-11	7.64e-08	1.04e-05	2.87e-04	2.73e-03	1.51e-01	4.84e-01	3.61e-01	1.42e-15	2.47e-24	3.10e-24
 1.93142e+23	1.76e-15	6.30e-11	8.96e-08	1.19e-05	3.20e-04	2.94e-03	1.58e-01	4.88e-01	3.51e-01	1.76e-15	3.05e-24	3.84e-24
 1.93993e+23	2.32e-15	8.05e-11	1.11e-07	1.42e-05	3.70e-04	3.26e-03	1.66e-01	4.92e-01	3.38e-01	2.32e-15	4.03e-24	5.08e-24
 1.94855e+23	2.89e-15	9.72e-11	1.30e-07	1.63e-05	4.13e-04	3.52e-03	1.73e-01	4.94e-01	3.28e-01	2.89e-15	5.01e-24	6.30e-24
 1.95731e+23	3.84e-15	1.25e-10	1.62e-07	1.96e-05	4.80e-04	3.91e-03	1.83e-01	4.97e-01	3.15e-01	3.84e-15	6.67e-24	8.38e-24
 1.96618e+23	4.78e-15	1.51e-10	1.91e-07	2.25e-05	5.38e-04	4.23e-03	1.91e-01	4.99e-01	3.05e-01	4.78e-15	8.30e-24	1.04e-23
 1.97520e+23	6.37e-15	1.94e-10	2.37e-07	2.72e-05	6.26e-04	4.70e-03	2.02e-01	5.02e-01	2.91e-01	6.37e-15	1.11e-23	1.39e-23
 1.98438e+23	8.00e-15	2.37e-10	2.82e-07	3.15e-05	7.07e-04	5.12e-03	2.11e-01	5.03e-01	2.80e-01	8.00e-15	1.39e-23	1.75e-23
 1.99380e+23	1.07e-14	3.06e-10	3.53e-07	3.82e-05	8.29e-04	5.72e-03	2.23e-01	5.04e-01	2.66e-01	1.07e-14	1.86e-23	2.34e-23
 2.00340e+23	1.35e-14	3.74e-10	4.22e-07	4.46e-05	9.42e-04	6.25e-03	2.33e-01	5.04e-01	2.55e-01	1.35e-14	2.35e-23	2.95e-23
 2.01325e+23	1.82e-14	4.85e-10	5.30e-07	5.44e-05	1.11e-03	7.02e-03	2.47e-01	5.04e-01	2.41e-01	1.82e-14	3.16e-23	3.97e-23
 2.02320e+23	2.29e-14	5.93e-10	6.33e-07	6.35e-05	1.26e-03	7.68e-03	2.58e-01	5.03e-01	2.30e-01	2.29e-14	3.97e-23	4.99e-23
 2.03153e+23	2.80e-14	7.09e-10	7.42e-07	7.30e-05	1.42e-03	8.34e-03	2.68e-01	5.02e-01	2.20e-01	2.80e-14	4.87e-23	6.12e-23
 2.04056e+23	3.61e-14	8.85e-10	9.05e-07	8.70e-05	1.65e-03	9.25e-03	2.82e-01	4.99e-01	2.08e-01	3.61e-14	6.27e-23	7.88e-23
 2.04969e+23	4.40e-14	1.05e-09	1.06e-06	9.99e-05	1.85e-03	1.01e-02	2.93e-01	4.97e-01	1.98e-01	4.40e-14	7.65e-23	9.60e-23
 2.05860e+23	5.53e-14	1.29e-09	1.27e-06	1.18e-04	2.13e-03	1.11e-02	3.06e-01	4.93e-01	1.87e-01	5.53e-14	9.61e-23	1.21e-22
 2.06769e+23	6.71e-14	1.53e-09	1.49e-06	1.35e-04	2.40e-03	1.21e-02	3.18e-01	4.90e-01	1.77e-01	6.71e-14	1.17e-22	1.47e-22
 2.07660e+23	8.24e-14	1.84e-09	1.76e-06	1.58e-04	2.74e-03	1.33e-02	3.32e-01	4.85e-01	1.67e-01	8.24e-14	1.43e-22	1.80e-22
 2.08571e+23	9.94e-14	2.17e-09	2.05e-06	1.82e-04	3.09e-03	1.45e-02	3.45e-01	4.80e-01	1.57e-01	9.94e-14	1.73e-22	2.17e-22
 2.09471e+23	1.20e-13	2.57e-09	2.40e-06	2.10e-04	3.50e-03	1.58e-02	3.58e-01	4.74e-01	1.48e-01	1.20e-13	2.08e-22	2.62e-22
 2.10376e+23	1.42e-13	3.00e-09	2.78e-06	2.40e-04	3.94e-03	1.73e-02	3.71e-01	4.68e-01	1.39e-01	1.42e-13	2.48e-22	3.11e-22
 2.11270e+23	1.68e-13	3.48e-09	3.20e-06	2.75e-04	4.43e-03	1.88e-02	3.85e-01	4.61e-01	1.31e-01	1.68e-13	2.93e-22	3.67e-22
 2.12164e+23	1.97e-13	4.02e-09	3.67e-06	3.13e-04	4.97e-03	2.04e-02	3.98e-01	4.54e-01	1.23e-01	1.97e-13	3.43e-22	4.30e-22
 2.13058e+23	2.28e-13	4.61e-09	4.20e-06	3.55e-04	5.56e-03	2.22e-02	4.11e-01	4.46e-01	1.15e-01	2.28e-13	3.98e-22	4.99e-22
 2.13957e+23	2.63e-13	5.26e-09	4.78e-06	4.02e-04	6.20e-03	2.40e-02	4.24e-01	4.38e-01	1.07e-01	2.63e-13	4.60e-22	5.76e-22
 2.14860e+23	3.02e-13	5.97e-09	5.42e-06	4.54e-04	6.91e-03	2.60e-02	4.36e-01	4.30e-01	1.00e-01	3.02e-13	5.27e-22	6.60e-22
 2.15772e+23	3.44e-13	6.75e-09	6.13e-06	5.12e-04	7.68e-03	2.82e-02	4.49e-01	4.21e-01	9.35e-02	3.44e-13	6.01e-22	7.53e-22
 2.16694e+23	3.89e-13	7.60e-09	6.92e-06	5.77e-04	8.53e-03	3.05e-02	4.62e-01	4.12e-01	8.71e-02	3.89e-13	6.81e-22	8.53e-22
 2.17621e+23	4.38e-13	8.51e-09	7.77e-06	6.48e-04	9.44e-03	3.29e-02	4.74e-01	4.02e-01	8.10e-02	4.38e-13	7.67e-22	9.60e-22
 2.18563e+23	4.92e-13	9.52e-09	8.74e-06	7.28e-04	1.05e-02	3.55e-02	4.86e-01	3.92e-01	7.51e-02	4.92e-13	8.61e-22	1.08e-21
 2.19516e+23	5.48e-13	1.06e-08	9.77e-06	8.14e-04	1.15e-02	3.83e-02	4.98e-01	3.82e-01	6.97e-02	5.48e-13	9.60e-22	1.20e-21
 2.20487e+23	6.10e-13	1.18e-08	1.09e-05	9.13e-04	1.28e-02	4.13e-02	5.09e-01	3.71e-01	6.43e-02	6.10e-13	1.07e-21	1.34e-21
 2.21477e+23	6.75e-13	1.30e-08	1.22e-05	1.02e-03	1.40e-02	4.44e-02	5.21e-01	3.61e-01	5.94e-02	6.75e-13	1.19e-21	1.48e-21
 2.22384e+23	7.34e-13	1.42e-08	1.34e-05	1.12e-03	1.52e-02	4.72e-02	5.30e-01	3.51e-01	5.55e-02	7.34e-13	1.29e-21	1.61e-21
 2.23332e+23	8.08e-13	1.57e-08	1.50e-05	1.26e-03	1.68e-02	5.09e-02	5.40e-01	3.40e-01	5.09e-02	8.08e-13	1.42e-21	1.78e-21
 2.24293e+23	8.76e-13	1.70e-08	1.64e-05	1.38e-03	1.81e-02	5.40e-02	5.49e-01	3.30e-01	4.74e-02	8.76e-13	1.54e-21	1.93e-21
 2.25283e+23	9.66e-13	1.89e-08	1.84e-05	1.55e-03	1.99e-02	5.82e-02	5.59e-01	3.18e-01	4.32e-02	9.66e-13	1.70e-21	2.13e-21
 2.26275e+23	1.04e-12	2.04e-08	2.00e-05	1.69e-03	2.15e-02	6.16e-02	5.66e-01	3.09e-01	4.02e-02	1.04e-12	1.83e-21	2.29e-21
 2.27269e+23	1.14e-12	2.25e-08	2.24e-05	1.90e-03	2.35e-02	6.62e-02	5.75e-01	2.97e-01	3.65e-02	1.14e-12	2.01e-21	2.51e-21
 2.28268e+23	1.23e-12	2.44e-08	2.44e-05	2.07e-03	2.53e-02	6.98e-02	5.81e-01	2.88e-01	3.40e-02	1.23e-12	2.16e-21	2.70e-21
 2.29273e+23	1.34e-12	2.68e-08	2.72e-05	2.32e-03	2.76e-02	7.48e-02	5.89e-01	2.76e-01	3.08e-02	1.34e-12	2.36e-21	2.95e-21
 2.30289e+23	1.44e-12	2.90e-08	2.97e-05	2.53e-03	2.95e-02	7.88e-02	5.94e-01	2.66e-01	2.86e-02	1.44e-12	2.54e-21	3.18e-21
 2.31320e+23	1.57e-12	3.20e-08	3.32e-05	2.83e-03	3.22e-02	8.42e-02	6.00e-01	2.55e-01	2.59e-02	1.57e-12	2.78e-21	3.47e-21
 2.32366e+23	1.69e-12	3.47e-08	3.63e-05	3.09e-03	3.44e-02	8.86e-02	6.04e-01	2.46e-01	2.39e-02	1.69e-12	3.00e-21	3.74e-21
 2.33431e+23	1.84e-12	3.84e-08	4.07e-05	3.46e-03	3.74e-02	9.45e-02	6.09e-01	2.34e-01	2.15e-02	1.84e-12	3.28e-21	4.09e-21
 2.34516e+23	1.99e-12	4.19e-08	4.47e-05	3.78e-03	4.00e-02	9.93e-02	6.12e-01	2.25e-01	1.98e-02	1.99e-12	3.55e-21	4.43e-21
 2.35627e+23	2.19e-12	4.66e-08	5.03e-05	4.25e-03	4.35e-02	1.06e-01	6.15e-01	2.13e-01	1.77e-02	2.19e-12	3.90e-21	4.87e-21
 2.36765e+23	2.38e-12	5.11e-08	5.55e-05	4.66e-03	4.65e-02	1.11e-01	6.17e-01	2.04e-01	1.62e-02	2.38e-12	4.25e-21	5.30e-21
 2.37939e+23	2.63e-12	5.73e-08	6.29e-05	5.25e-03	5.05e-02	1.19e-01	6.19e-01	1.93e-01	1.44e-02	2.63e-12	4.71e-21	5.87e-21
 2.39131e+23	2.88e-12	6.33e-08	6.98e-05	5.78e-03	5.39e-02	1.24e-01	6.19e-01	1.84e-01	1.31e-02	2.88e-12	5.17e-21	6.44e-21
 2.40133e+23	3.13e-12	6.93e-08	7.66e-05	6.28e-03	5.71e-02	1.30e-01	6.19e-01	1.76e-01	1.21e-02	3.13e-12	5.61e-21	6.99e-21
 2.41222e+23	3.46e-12	7.76e-08	8.62e-05	7.00e-03	6.14e-02	1.37e-01	6.18e-01	1.66e-01	1.08e-02	3.46e-12	6.22e-21	7.74e-21
 2.42279e+23	3.74e-12	8.46e-08	9.41e-05	7.57e-03	6.46e-02	1.42e-01	6.16e-01	1.60e-01	9.96e-03	3.74e-12	6.74e-21	8.40e-21
 2.43294e+23	4.10e-12	9.40e-08	1.05e-04	8.35e-03	6.89e-02	1.49e-01	6.14e-01	1.51e-01	8.96e-03	4.10e-12	7.40e-21	9.21e-21
 2.44320e+23	4.49e-12	1.03e-07	1.15e-04	9.03e-03	7.25e-02	1.54e-01	6.11e-01	1.45e-01	8.26e-03	4.49e-12	8.12e-21	1.01e-20
 2.45361e+23	4.97e-12	1.16e-07	1.29e-04	9.98e-03	7.73e-02	1.61e-01	6.07e-01	1.37e-01	7.41e-03	4.97e-12	9.01e-21	1.12e-20
 2.46418e+23	5.48e-12	1.28e-07	1.42e-04	1.08e-02	8.13e-02	1.67e-01	6.04e-01	1.31e-01	6.81e-03	5.48e-12	9.96e-21	1.24e-20
 2.47496e+23	6.11e-12	1.45e-07	1.60e-04	1.20e-02	8.66e-02	1.74e-01	5.98e-01	1.23e-01	6.07e-03	6.11e-12	1.11e-20	1.38e-20
 2.48589e+23	6.79e-12	1.62e-07	1.77e-04	1.30e-02	9.11e-02	1.80e-01	5.94e-01	1.17e-01	5.55e-03	6.79e-12	1.24e-20	1.54e-20
 2.49702e+23	7.65e-12	1.84e-07	2.01e-04	1.44e-02	9.69e-02	1.88e-01	5.87e-01	1.09e-01	4.92e-03	7.65e-12	1.40e-20	1.74e-20
 2.50836e+23	8.60e-12	2.07e-07	2.23e-04	1.57e-02	1.02e-01	1.93e-01	5.80e-01	1.04e-01	4.49e-03	8.60e-12	1.58e-20	1.96e-20
 2.51999e+23	9.80e-12	2.38e-07	2.55e-04	1.74e-02	1.09e-01	2.01e-01	5.72e-01	9.67e-02	3.95e-03	9.80e-12	1.81e-20	2.24e-20
 2.53187e+23	1.11e-11	2.70e-07	2.85e-04	1.90e-02	1.14e-01	2.08e-01	5.64e-01	9.13e-02	3.57e-03	1.11e-11	2.05e-20	2.55e-20
 2.54410e+23	1.29e-11	3.16e-07	3.28e-04	2.12e-02	1.22e-01	2.16e-01	5.54e-01	8.46e-02	3.12e-03	1.29e-11	2.40e-20	2.97e-20
 2.55662e+23	1.48e-11	3.61e-07	3.69e-04	2.31e-02	1.28e-01	2.22e-01	5.44e-01	7.94e-02	2.80e-03	1.48e-11	2.75e-20	3.41e-20
 2.56954e+23	1.75e-11	4.29e-07	4.29e-04	2.59e-02	1.36e-01	2.30e-01	5.32e-01	7.30e-02	2.43e-03	1.75e-11	3.27e-20	4.06e-20
 2.58259e+23	2.03e-11	4.94e-07	4.84e-04	2.83e-02	1.43e-01	2.36e-01	5.21e-01	6.83e-02	2.17e-03	2.03e-11	3.81e-20	4.72e-20
 2.59581e+23	2.42e-11	5.91e-07	5.64e-04	3.17e-02	1.52e-01	2.44e-01	5.07e-01	6.25e-02	1.86e-03	2.42e-11	4.57e-20	5.66e-20
 2.60918e+23	2.83e-11	6.86e-07	6.38e-04	3.46e-02	1.60e-01	2.50e-01	4.95e-01	5.82e-02	1.66e-03	2.83e-11	5.38e-20	6.65e-20
 2.62274e+23	3.44e-11	8.28e-07	7.47e-04	3.87e-02	1.70e-01	2.57e-01	4.80e-01	5.29e-02	1.42e-03	3.44e-11	6.56e-20	8.11e-20
 2.63599e+23	4.00e-11	9.54e-07	8.39e-04	4.20e-02	1.77e-01	2.62e-01	4.68e-01	4.94e-02	1.26e-03	4.00e-11	7.67e-20	9.47e-20
 2.64884e+23	4.85e-11	1.14e-06	9.73e-04	4.66e-02	1.87e-01	2.67e-01	4.52e-01	4.50e-02	1.09e-03	4.85e-11	9.36e-20	1.16e-19
 2.66230e+23	5.76e-11	1.34e-06	1.11e-03	5.09e-02	1.95e-01	2.72e-01	4.38e-01	4.15e-02	9.55e-04	5.76e-11	1.12e-19	1.38e-19
 2.67365e+23	6.65e-11	1.53e-06	1.23e-03	5.47e-02	2.03e-01	2.76e-01	4.26e-01	3.87e-02	8.55e-04	6.65e-11	1.30e-19	1.60e-19
 2.68553e+23	8.00e-11	1.81e-06	1.40e-03	5.98e-02	2.12e-01	2.80e-01	4.11e-01	3.55e-02	7.44e-04	8.00e-11	1.57e-19	1.93e-19
 2.69779e+23	9.38e-11	2.09e-06	1.57e-03	6.45e-02	2.20e-01	2.83e-01	3.98e-01	3.28e-02	6.58e-04	9.38e-11	1.85e-19	2.28e-19
 2.70879e+23	1.10e-10	2.40e-06	1.76e-03	6.94e-02	2.27e-01	2.85e-01	3.85e-01	3.04e-02	5.84e-04	1.10e-10	2.17e-19	2.68e-19
 2.72135e+23	1.34e-10	2.87e-06	2.01e-03	7.59e-02	2.37e-01	2.88e-01	3.69e-01	2.76e-02	5.03e-04	1.34e-10	2.68e-19	3.29e-19
 2.73439e+23	1.60e-10	3.35e-06	2.27e-03	8.21e-02	2.46e-01	2.90e-01	3.55e-01	2.52e-02	4.37e-04	1.60e-10	3.21e-19	3.95e-19
 2.74600e+23	1.89e-10	3.88e-06	2.54e-03	8.82e-02	2.53e-01	2.91e-01	3.41e-01	2.32e-02	3.85e-04	1.89e-10	3.83e-19	4.70e-19
 2.75907e+23	2.35e-10	4.66e-06	2.92e-03	9.63e-02	2.63e-01	2.92e-01	3.25e-01	2.09e-02	3.28e-04	2.35e-10	4.78e-19	5.87e-19
 2.77277e+23	2.84e-10	5.50e-06	3.31e-03	1.04e-01	2.72e-01	2.92e-01	3.09e-01	1.89e-02	2.81e-04	2.84e-10	5.84e-19	7.16e-19
 2.78514e+23	3.41e-10	6.41e-06	3.71e-03	1.12e-01	2.80e-01	2.92e-01	2.95e-01	1.72e-02	2.45e-04	3.41e-10	7.06e-19	8.66e-19
 2.79911e+23	4.31e-10	7.77e-06	4.28e-03	1.22e-01	2.90e-01	2.90e-01	2.78e-01	1.53e-02	2.05e-04	4.31e-10	9.00e-19	1.10e-18
 2.81353e+23	5.29e-10	9.21e-06	4.85e-03	1.32e-01	2.98e-01	2.88e-01	2.63e-01	1.37e-02	1.74e-04	5.29e-10	1.11e-18	1.36e-18
 2.82639e+23	6.42e-10	1.08e-05	5.45e-03	1.41e-01	3.06e-01	2.86e-01	2.49e-01	1.23e-02	1.49e-04	6.42e-10	1.36e-18	1.67e-18
 2.84093e+23	8.21e-10	1.31e-05	6.29e-03	1.54e-01	3.15e-01	2.82e-01	2.32e-01	1.08e-02	1.23e-04	8.21e-10	1.76e-18	2.16e-18
 2.85604e+23	1.02e-09	1.57e-05	7.14e-03	1.65e-01	3.22e-01	2.79e-01	2.17e-01	9.54e-03	1.03e-04	1.02e-09	2.22e-18	2.71e-18
 2.86961e+23	1.26e-09	1.84e-05	8.02e-03	1.77e-01	3.29e-01	2.74e-01	2.04e-01	8.50e-03	8.69e-05	1.26e-09	2.75e-18	3.36e-18
 2.88498e+23	1.64e-09	2.27e-05	9.29e-03	1.92e-01	3.36e-01	2.68e-01	1.87e-01	7.30e-03	6.99e-05	1.64e-09	3.63e-18	4.43e-18
 2.90087e+23	2.05e-09	2.71e-05	1.05e-02	2.06e-01	3.42e-01	2.62e-01	1.74e-01	6.39e-03	5.78e-05	2.05e-09	4.61e-18	5.62e-18
 2.91522e+23	2.56e-09	3.21e-05	1.18e-02	2.19e-01	3.47e-01	2.56e-01	1.61e-01	5.60e-03	4.79e-05	2.56e-09	5.82e-18	7.08e-18
 2.93167e+23	3.40e-09	3.99e-05	1.38e-02	2.37e-01	3.52e-01	2.47e-01	1.46e-01	4.71e-03	3.75e-05	3.40e-09	7.87e-18	9.57e-18
 2.94826e+23	4.28e-09	4.75e-05	1.55e-02	2.53e-01	3.55e-01	2.39e-01	1.34e-01	4.07e-03	3.06e-05	4.28e-09	1.00e-17	1.22e-17
 2.96505e+23	5.68e-09	5.86e-05	1.79e-02	2.71e-01	3.58e-01	2.29e-01	1.20e-01	3.41e-03	2.39e-05	5.68e-09	1.36e-17	1.64e-17
 2.98221e+23	7.26e-09	7.03e-05	2.02e-02	2.88e-01	3.60e-01	2.20e-01	1.09e-01	2.90e-03	1.91e-05	7.26e-09	1.76e-17	2.13e-17
 2.99730e+23	9.12e-09	8.31e-05	2.26e-02	3.04e-01	3.60e-01	2.11e-01	9.94e-02	2.49e-03	1.55e-05	9.12e-09	2.24e-17	2.71e-17
 3.01433e+23	1.22e-08	1.03e-04	2.60e-02	3.25e-01	3.60e-01	1.99e-01	8.79e-02	2.04e-03	1.18e-05	1.22e-08	3.06e-17	3.70e-17
 3.03181e+23	1.56e-08	1.23e-04	2.91e-02	3.42e-01	3.58e-01	1.90e-01	7.91e-02	1.72e-03	9.32e-06	1.56e-08	3.97e-17	4.80e-17
 3.04985e+23	2.11e-08	1.52e-04	3.35e-02	3.64e-01	3.55e-01	1.77e-01	6.91e-02	1.39e-03	6.96e-06	2.11e-08	5.49e-17	6.63e-17
 3.06818e+23	2.71e-08	1.82e-04	3.75e-02	3.82e-01	3.51e-01	1.67e-01	6.15e-02	1.16e-03	5.42e-06	2.71e-08	7.19e-17	8.67e-17
 3.08099e+23	3.16e-08	2.03e-04	4.02e-02	3.92e-01	3.48e-01	1.61e-01	5.72e-02	1.03e-03	4.63e-06	3.16e-08	8.48e-17	1.02e-16
