#depth	S	S+	S+2	S+3	S+4	S+5	S+6	S+7	S+8	S+9	S+10	S+11	S+12	S+13	S+14	S+15	S+16
 1.54284e+22	0.00e+00	0.00e+00	0.00e+00	0.00e+00	0.00e+00	0.00e+00	7.44e-26	3.87e-22	7.98e-19	6.87e-16	3.58e-13	9.71e-11	1.70e-08	3.11e-06	1.13e-03	5.83e-02	9.41e-01
 3.57398e+22	0.00e+00	0.00e+00	0.00e+00	0.00e+00	0.00e+00	1.40e-28	2.00e-24	7.42e-21	1.09e-17	6.71e-15	2.49e-12	4.85e-10	6.11e-08	8.10e-06	2.13e-03	7.90e-02	9.19e-01
 4.42136e+22	0.00e+00	0.00e+00	0.00e+00	0.00e+00	2.45e-31	1.90e-27	2.12e-23	6.15e-20	7.08e-17	3.42e-14	9.95e-12	1.52e-09	1.52e-07	1.60e-05	3.33e-03	9.78e-02	8.99e-01
 5.06770e+22	0.00e+00	0.00e+00	0.00e+00	0.00e+00	2.33e-30	1.51e-26	1.39e-22	3.31e-19	3.13e-16	1.25e-13	2.99e-11	3.78e-09	3.14e-07	2.74e-05	4.74e-03	1.15e-01	8.80e-01
 5.42677e+22	0.00e+00	0.00e+00	0.00e+00	0.00e+00	4.14e-30	2.57e-26	2.25e-22	5.09e-19	4.59e-16	1.74e-13	3.96e-11	4.77e-09	3.78e-07	3.15e-05	5.19e-03	1.20e-01	8.74e-01
 5.55062e+22	0.00e+00	0.00e+00	0.00e+00	0.00e+00	6.21e-30	3.74e-26	3.15e-22	6.88e-19	5.99e-16	2.19e-13	4.83e-11	5.62e-09	4.30e-07	3.46e-05	5.53e-03	1.24e-01	8.70e-01
 5.67029e+22	0.00e+00	0.00e+00	0.00e+00	0.00e+00	1.04e-29	6.03e-26	4.85e-22	1.01e-18	8.42e-16	2.94e-13	6.20e-11	6.90e-09	5.07e-07	3.91e-05	5.99e-03	1.29e-01	8.65e-01
 5.79506e+22	0.00e+00	0.00e+00	0.00e+00	0.00e+00	1.63e-29	9.09e-26	7.04e-22	1.41e-18	1.13e-15	3.81e-13	7.72e-11	8.27e-09	5.85e-07	4.35e-05	6.42e-03	1.33e-01	8.61e-01
 5.90845e+22	0.00e+00	0.00e+00	0.00e+00	0.00e+00	2.53e-29	1.36e-25	1.02e-21	1.97e-18	1.52e-15	4.91e-13	9.59e-11	9.90e-09	6.75e-07	4.84e-05	6.87e-03	1.37e-01	8.56e-01
 6.02087e+22	0.00e+00	0.00e+00	0.00e+00	0.00e+00	3.91e-29	2.04e-25	1.47e-21	2.73e-18	2.02e-15	6.31e-13	1.19e-10	1.18e-08	7.76e-07	5.37e-05	7.35e-03	1.41e-01	8.51e-01
 6.15000e+22	0.00e+00	0.00e+00	0.00e+00	0.00e+00	6.73e-29	3.37e-25	2.31e-21	4.09e-18	2.90e-15	8.63e-13	1.55e-10	1.47e-08	9.23e-07	6.10e-05	7.99e-03	1.47e-01	8.45e-01
 6.27976e+22	0.00e+00	0.00e+00	0.00e+00	1.15e-32	1.07e-28	5.14e-25	3.39e-21	5.77e-18	3.93e-15	1.12e-12	1.93e-10	1.77e-08	1.07e-06	6.80e-05	8.58e-03	1.52e-01	8.40e-01
 6.38994e+22	0.00e+00	0.00e+00	0.00e+00	1.81e-32	1.63e-28	7.60e-25	4.82e-21	7.93e-18	5.20e-15	1.43e-12	2.38e-10	2.10e-08	1.22e-06	7.52e-05	9.15e-03	1.56e-01	8.34e-01
 6.51277e+22	0.00e+00	0.00e+00	0.00e+00	3.09e-32	2.68e-28	1.21e-24	7.33e-21	1.15e-17	7.23e-15	1.91e-12	3.03e-10	2.56e-08	1.44e-06	8.46e-05	9.88e-03	1.62e-01	8.28e-01
 6.64349e+22	0.00e+00	0.00e+00	0.00e+00	5.20e-32	4.35e-28	1.88e-24	1.10e-20	1.65e-17	9.95e-15	2.52e-12	3.84e-10	3.11e-08	1.67e-06	9.48e-05	1.06e-02	1.67e-01	8.22e-01
 6.75286e+22	0.00e+00	0.00e+00	0.00e+00	8.01e-32	6.50e-28	2.72e-24	1.53e-20	2.23e-17	1.30e-14	3.18e-12	4.68e-10	3.66e-08	1.91e-06	1.04e-04	1.13e-02	1.72e-01	8.17e-01
 6.84748e+22	0.00e+00	0.00e+00	0.00e+00	1.19e-31	9.37e-28	3.81e-24	2.08e-20	2.94e-17	1.65e-14	3.92e-12	5.59e-10	4.24e-08	2.14e-06	1.14e-04	1.20e-02	1.76e-01	8.12e-01
 6.95455e+22	0.00e+00	0.00e+00	0.00e+00	1.88e-31	1.43e-27	5.65e-24	2.98e-20	4.04e-17	2.19e-14	5.00e-12	6.87e-10	5.02e-08	2.45e-06	1.25e-04	1.27e-02	1.81e-01	8.06e-01
 7.07190e+22	0.00e+00	0.00e+00	0.00e+00	2.98e-31	2.21e-27	8.42e-24	4.27e-20	5.58e-17	2.92e-14	6.42e-12	8.49e-10	5.98e-08	2.81e-06	1.39e-04	1.36e-02	1.87e-01	8.00e-01
 7.18153e+22	0.00e+00	0.00e+00	0.00e+00	2.53e-31	1.81e-27	6.68e-24	6.10e-20	7.68e-17	3.87e-14	8.20e-12	1.05e-09	7.09e-08	3.22e-06	1.53e-04	1.45e-02	1.92e-01	7.93e-01
 7.28462e+22	0.00e+00	0.00e+00	0.00e+00	7.17e-31	5.00e-27	1.79e-23	8.45e-20	1.03e-16	5.00e-14	1.03e-11	1.26e-09	8.30e-08	3.64e-06	1.68e-04	1.54e-02	1.97e-01	7.88e-01
 7.40028e+22	0.00e+00	0.00e+00	0.00e+00	6.32e-31	4.26e-27	1.47e-23	1.25e-19	1.45e-16	6.79e-14	1.34e-11	1.58e-09	9.98e-08	4.22e-06	1.87e-04	1.65e-02	2.03e-01	7.80e-01
 7.52031e+22	0.00e+00	0.00e+00	0.00e+00	1.02e-30	6.62e-27	2.21e-23	1.80e-19	2.02e-16	9.09e-14	1.72e-11	1.96e-09	1.19e-07	4.85e-06	2.08e-04	1.76e-02	2.09e-01	7.73e-01
 7.62303e+22	0.00e+00	0.00e+00	0.00e+00	1.54e-30	9.73e-27	3.15e-23	2.48e-19	2.70e-16	1.17e-13	2.15e-11	2.37e-09	1.39e-07	5.48e-06	2.27e-04	1.86e-02	2.14e-01	7.67e-01
 7.73356e+22	0.00e+00	0.00e+00	0.00e+00	2.49e-30	1.53e-26	4.77e-23	3.62e-19	3.78e-16	1.58e-13	2.78e-11	2.94e-09	1.66e-07	6.31e-06	2.52e-04	1.99e-02	2.20e-01	7.60e-01
 7.85167e+22	0.00e+00	0.00e+00	0.00e+00	4.01e-30	2.37e-26	7.16e-23	5.23e-19	5.26e-16	2.11e-13	3.59e-11	3.65e-09	1.99e-07	7.27e-06	2.79e-04	2.13e-02	2.26e-01	7.52e-01
 7.95784e+22	0.00e+00	0.00e+00	0.00e+00	6.10e-30	3.51e-26	1.03e-22	7.25e-19	7.05e-16	2.74e-13	4.49e-11	4.42e-09	2.32e-07	8.22e-06	3.05e-04	2.25e-02	2.32e-01	7.45e-01
 8.05630e+22	0.00e+00	0.00e+00	0.00e+00	9.13e-30	5.11e-26	1.45e-22	9.93e-19	9.33e-16	3.51e-13	5.57e-11	5.30e-09	2.70e-07	9.26e-06	3.33e-04	2.38e-02	2.37e-01	7.39e-01
 8.15205e+22	0.00e+00	0.00e+00	0.00e+00	1.34e-29	7.32e-26	2.02e-22	1.34e-18	1.22e-15	4.45e-13	6.84e-11	6.31e-09	3.11e-07	1.04e-05	3.62e-04	2.51e-02	2.42e-01	7.32e-01
 8.26204e+22	0.00e+00	0.00e+00	0.00e+00	2.14e-29	1.13e-25	3.03e-22	1.93e-18	1.69e-15	5.93e-13	8.78e-11	7.79e-09	3.70e-07	1.19e-05	4.00e-04	2.67e-02	2.49e-01	7.24e-01
 8.37882e+22	0.00e+00	0.00e+00	3.72e-33	3.45e-29	1.76e-25	4.55e-22	2.79e-18	2.36e-15	7.96e-13	1.13e-10	9.68e-09	4.43e-07	1.37e-05	4.43e-04	2.85e-02	2.55e-01	7.16e-01
 8.48076e+22	0.00e+00	0.00e+00	5.66e-33	5.12e-29	2.55e-25	6.40e-22	3.80e-18	3.10e-15	1.01e-12	1.40e-10	1.16e-08	5.13e-07	1.53e-05	4.82e-04	3.00e-02	2.61e-01	7.08e-01
 8.58960e+22	0.00e+00	0.00e+00	9.59e-33	8.40e-29	4.04e-25	9.78e-22	5.59e-18	4.38e-15	1.38e-12	1.82e-10	1.45e-08	6.16e-07	1.77e-05	5.35e-04	3.21e-02	2.68e-01	6.99e-01
 8.70096e+22	0.00e+00	0.00e+00	1.50e-32	1.27e-28	5.96e-25	1.40e-21	7.73e-18	5.86e-15	1.78e-12	2.28e-10	1.75e-08	7.19e-07	2.00e-05	5.85e-04	3.39e-02	2.74e-01	6.91e-01
 8.79832e+22	0.00e+00	0.00e+00	2.27e-32	1.89e-28	8.58e-25	1.96e-21	1.05e-17	7.70e-15	2.26e-12	2.81e-10	2.09e-08	8.32e-07	2.24e-05	6.35e-04	3.57e-02	2.80e-01	6.84e-01
 8.90761e+22	0.00e+00	0.00e+00	3.74e-32	3.02e-28	1.33e-24	2.93e-21	1.51e-17	1.07e-14	3.02e-12	3.61e-10	2.58e-08	9.90e-07	2.57e-05	7.02e-04	3.80e-02	2.87e-01	6.75e-01
 9.02282e+22	0.00e+00	0.00e+00	6.04e-32	4.73e-28	2.02e-24	4.31e-21	2.15e-17	1.46e-14	3.99e-12	4.59e-10	3.17e-08	1.17e-06	2.93e-05	7.72e-04	4.03e-02	2.93e-01	6.66e-01
 9.12513e+22	0.00e+00	0.00e+00	9.40e-32	7.16e-28	2.97e-24	6.15e-21	2.96e-17	1.95e-14	5.15e-12	5.73e-10	3.82e-08	1.37e-06	3.31e-05	8.42e-04	4.26e-02	2.99e-01	6.57e-01
 9.23751e+22	0.00e+00	0.00e+00	1.58e-31	1.17e-27	4.69e-24	9.36e-21	4.34e-17	2.75e-14	6.96e-12	7.44e-10	4.77e-08	1.64e-06	3.82e-05	9.33e-04	4.54e-02	3.07e-01	6.47e-01
 9.35627e+22	0.00e+00	0.00e+00	1.66e-31	1.19e-27	4.60e-24	1.41e-20	6.31e-17	3.84e-14	9.37e-12	9.63e-10	5.94e-08	1.96e-06	4.39e-05	1.03e-03	4.83e-02	3.14e-01	6.37e-01
 9.45572e+22	0.00e+00	0.00e+00	2.48e-31	1.73e-27	6.55e-24	1.95e-20	8.47e-17	5.00e-14	1.18e-11	1.18e-09	7.04e-08	2.26e-06	4.90e-05	1.12e-03	5.07e-02	3.20e-01	6.29e-01
 9.55741e+22	0.00e+00	0.00e+00	4.01e-31	2.72e-27	9.96e-24	2.87e-20	1.20e-16	6.84e-14	1.56e-11	1.50e-09	8.63e-08	2.67e-06	5.58e-05	1.23e-03	5.37e-02	3.26e-01	6.19e-01
 9.66645e+22	0.00e+00	0.00e+00	6.34e-31	4.18e-27	1.49e-23	4.14e-20	1.68e-16	9.22e-14	2.03e-11	1.89e-09	1.05e-07	3.13e-06	6.33e-05	1.34e-03	5.68e-02	3.33e-01	6.09e-01
 9.76737e+22	0.00e+00	0.00e+00	9.81e-31	6.29e-27	2.17e-23	5.87e-20	2.30e-16	1.23e-13	2.61e-11	2.34e-09	1.26e-07	3.64e-06	7.12e-05	1.46e-03	5.98e-02	3.39e-01	6.00e-01
 9.88090e+22	0.00e+00	0.00e+00	1.67e-30	1.04e-26	3.46e-23	8.97e-20	3.39e-16	1.73e-13	3.55e-11	3.06e-09	1.58e-07	4.38e-06	8.22e-05	1.62e-03	6.36e-02	3.46e-01	5.88e-01
 9.99881e+22	0.00e+00	0.00e+00	2.80e-30	1.68e-26	5.42e-23	1.35e-19	4.93e-16	2.42e-13	4.77e-11	3.96e-09	1.97e-07	5.25e-06	9.46e-05	1.79e-03	6.76e-02	3.53e-01	5.77e-01
 1.00949e+23	0.00e+00	0.00e+00	4.19e-30	2.45e-26	7.70e-23	1.86e-19	6.60e-16	3.15e-13	6.02e-11	4.85e-09	2.34e-07	6.04e-06	1.06e-04	1.94e-03	7.09e-02	3.59e-01	5.68e-01
 1.01924e+23	0.00e+00	0.00e+00	6.63e-30	3.77e-26	1.15e-22	2.69e-19	9.21e-16	4.25e-13	7.85e-11	6.10e-09	2.84e-07	7.08e-06	1.19e-04	2.12e-03	7.47e-02	3.65e-01	5.58e-01
 1.02987e+23	0.00e+00	0.00e+00	1.05e-29	5.79e-26	1.71e-22	3.86e-19	1.28e-15	5.72e-13	1.02e-10	7.66e-09	3.45e-07	8.31e-06	1.35e-04	2.31e-03	7.88e-02	3.71e-01	5.47e-01
 1.03984e+23	0.00e+00	0.00e+00	1.62e-29	8.73e-26	2.50e-22	5.47e-19	1.76e-15	7.61e-13	1.31e-10	9.54e-09	4.16e-07	9.68e-06	1.52e-04	2.51e-03	8.28e-02	3.77e-01	5.37e-01
 1.05100e+23	0.00e+00	0.00e+00	2.85e-29	1.48e-25	4.07e-22	8.52e-19	2.64e-15	1.10e-12	1.81e-10	1.26e-08	5.28e-07	1.18e-05	1.77e-04	2.80e-03	8.82e-02	3.85e-01	5.24e-01
 1.06216e+23	0.00e+00	0.00e+00	4.46e-29	2.25e-25	6.01e-22	1.22e-18	3.65e-15	1.47e-12	2.35e-10	1.58e-08	6.38e-07	1.38e-05	2.00e-04	3.05e-03	9.28e-02	3.90e-01	5.14e-01
 1.07155e+23	0.00e+00	0.00e+00	6.82e-29	3.34e-25	8.67e-22	1.70e-18	4.96e-15	1.93e-12	2.99e-10	1.95e-08	7.65e-07	1.60e-05	2.24e-04	3.30e-03	9.73e-02	3.96e-01	5.03e-01
 1.08048e+23	0.00e+00	2.05e-33	1.03e-28	4.92e-25	1.24e-21	2.35e-18	6.67e-15	2.52e-12	3.79e-10	2.40e-08	9.11e-07	1.84e-05	2.50e-04	3.57e-03	1.02e-01	4.01e-01	4.93e-01
 1.09061e+23	0.00e+00	3.50e-33	1.70e-28	7.85e-25	1.91e-21	3.47e-18	9.55e-15	3.48e-12	5.05e-10	3.08e-08	1.13e-06	2.19e-05	2.86e-04	3.92e-03	1.08e-01	4.07e-01	4.81e-01
 1.10115e+23	0.00e+00	5.65e-33	2.66e-28	1.19e-24	2.80e-21	4.93e-18	1.32e-14	4.64e-12	6.52e-10	3.84e-08	1.36e-06	2.56e-05	3.22e-04	4.26e-03	1.13e-01	4.12e-01	4.70e-01
 1.11063e+23	0.00e+00	9.17e-33	4.17e-28	1.81e-24	4.12e-21	6.98e-18	1.81e-14	6.19e-12	8.43e-10	4.81e-08	1.65e-06	3.00e-05	3.63e-04	4.64e-03	1.18e-01	4.17e-01	4.59e-01
 1.11978e+23	0.00e+00	1.44e-32	6.34e-28	2.68e-24	5.92e-21	9.69e-18	2.45e-14	8.11e-12	1.07e-09	5.92e-08	1.97e-06	3.47e-05	4.06e-04	5.01e-03	1.24e-01	4.22e-01	4.49e-01
 1.12863e+23	0.00e+00	2.24e-32	9.58e-28	3.93e-24	8.43e-21	1.33e-17	3.28e-14	1.06e-11	1.36e-09	7.27e-08	2.35e-06	4.00e-05	4.53e-04	5.41e-03	1.29e-01	4.26e-01	4.39e-01
 1.13730e+23	0.00e+00	3.44e-32	1.43e-27	5.70e-24	1.19e-20	1.82e-17	4.36e-14	1.37e-11	1.70e-09	8.86e-08	2.78e-06	4.60e-05	5.04e-04	5.82e-03	1.35e-01	4.30e-01	4.29e-01
 1.14720e+23	0.00e+00	5.97e-32	2.38e-27	9.17e-24	1.84e-20	2.70e-17	6.27e-14	1.89e-11	2.28e-09	1.14e-07	3.45e-06	5.49e-05	5.76e-04	6.39e-03	1.42e-01	4.35e-01	4.16e-01
 1.15727e+23	0.00e+00	9.63e-32	3.71e-27	1.38e-23	2.68e-20	3.79e-17	8.58e-14	2.52e-11	2.93e-09	1.42e-07	4.16e-06	6.41e-05	6.48e-04	6.93e-03	1.49e-01	4.39e-01	4.05e-01
 1.16593e+23	0.00e+00	1.51e-31	5.62e-27	2.04e-23	3.82e-20	5.21e-17	1.15e-13	3.28e-11	3.71e-09	1.75e-07	4.96e-06	7.40e-05	7.23e-04	7.48e-03	1.55e-01	4.42e-01	3.95e-01
 1.17559e+23	0.00e+00	2.59e-31	9.30e-27	3.25e-23	5.87e-20	7.67e-17	1.64e-13	4.52e-11	4.94e-09	2.24e-07	6.14e-06	8.81e-05	8.26e-04	8.19e-03	1.63e-01	4.46e-01	3.82e-01
 1.18529e+23	0.00e+00	4.09e-31	1.42e-26	4.81e-23	8.42e-20	1.06e-16	2.21e-13	5.92e-11	6.27e-09	2.76e-07	7.34e-06	1.02e-04	9.23e-04	8.83e-03	1.70e-01	4.49e-01	3.72e-01
 1.19353e+23	0.00e+00	6.24e-31	2.10e-26	6.91e-23	1.17e-19	1.43e-16	2.91e-13	7.59e-11	7.83e-09	3.35e-07	8.66e-06	1.17e-04	1.02e-03	9.47e-03	1.76e-01	4.51e-01	3.62e-01
 1.20274e+23	0.00e+00	1.06e-30	3.42e-26	1.09e-22	1.77e-19	2.07e-16	4.11e-13	1.04e-10	1.03e-08	4.26e-07	1.06e-05	1.38e-04	1.16e-03	1.03e-02	1.85e-01	4.54e-01	3.50e-01
 1.21221e+23	0.00e+00	1.69e-30	5.26e-26	1.62e-22	2.55e-19	2.87e-16	5.55e-13	1.36e-10	1.32e-08	5.27e-07	1.28e-05	1.61e-04	1.30e-03	1.11e-02	1.92e-01	4.56e-01	3.39e-01
 1.22049e+23	0.00e+00	2.57e-30	7.79e-26	2.33e-22	3.56e-19	3.86e-16	7.32e-13	1.75e-10	1.64e-08	6.40e-07	1.51e-05	1.84e-04	1.44e-03	1.19e-02	1.99e-01	4.58e-01	3.29e-01
 1.22973e+23	0.00e+00	4.40e-30	1.28e-25	3.69e-22	5.42e-19	5.62e-16	1.04e-12	2.39e-10	2.18e-08	8.17e-07	1.86e-05	2.18e-04	1.64e-03	1.30e-02	2.09e-01	4.59e-01	3.17e-01
 1.23898e+23	0.00e+00	6.90e-30	1.94e-25	5.41e-22	7.69e-19	7.67e-16	1.38e-12	3.11e-10	2.75e-08	1.00e-06	2.21e-05	2.52e-04	1.82e-03	1.40e-02	2.16e-01	4.60e-01	3.07e-01
 1.24683e+23	0.00e+00	1.03e-29	2.81e-25	7.62e-22	1.05e-18	1.02e-15	1.79e-12	3.93e-10	3.39e-08	1.20e-06	2.58e-05	2.86e-04	2.00e-03	1.49e-02	2.24e-01	4.61e-01	2.98e-01
 1.25563e+23	0.00e+00	1.73e-29	4.54e-25	1.19e-21	1.57e-18	1.45e-15	2.50e-12	5.33e-10	4.45e-08	1.52e-06	3.16e-05	3.37e-04	2.26e-03	1.61e-02	2.33e-01	4.61e-01	2.87e-01
 1.26461e+23	0.00e+00	2.70e-29	6.85e-25	1.73e-21	2.22e-18	1.97e-15	3.33e-12	6.90e-10	5.60e-08	1.86e-06	3.76e-05	3.88e-04	2.51e-03	1.73e-02	2.41e-01	4.61e-01	2.77e-01
 1.27248e+23	0.00e+00	4.10e-29	1.01e-24	2.47e-21	3.07e-18	2.63e-15	4.35e-12	8.80e-10	6.96e-08	2.25e-06	4.42e-05	4.43e-04	2.77e-03	1.84e-02	2.49e-01	4.61e-01	2.68e-01
 1.28137e+23	0.00e+00	6.89e-29	1.63e-24	3.85e-21	4.58e-18	3.76e-15	6.07e-12	1.19e-09	9.11e-08	2.84e-06	5.40e-05	5.21e-04	3.13e-03	2.00e-02	2.59e-01	4.60e-01	2.57e-01
 1.29056e+23	0.00e+00	1.09e-28	2.49e-24	5.70e-21	6.55e-18	5.16e-15	8.14e-12	1.56e-09	1.16e-07	3.50e-06	6.46e-05	6.03e-04	3.49e-03	2.14e-02	2.68e-01	4.59e-01	2.47e-01
 1.29868e+23	0.00e+00	1.69e-28	3.72e-24	8.23e-21	9.14e-18	6.93e-15	1.07e-11	2.00e-09	1.45e-07	4.26e-06	7.65e-05	6.91e-04	3.86e-03	2.29e-02	2.77e-01	4.58e-01	2.38e-01
 1.30655e+23	0.00e+00	2.60e-28	5.54e-24	1.19e-20	1.27e-17	9.29e-15	1.41e-11	2.57e-09	1.81e-07	5.18e-06	9.03e-05	7.92e-04	4.26e-03	2.44e-02	2.85e-01	4.56e-01	2.29e-01
 1.31554e+23	0.00e+00	4.45e-28	9.08e-24	1.87e-20	1.92e-17	1.34e-14	1.99e-11	3.50e-09	2.39e-07	6.60e-06	1.11e-04	9.36e-04	4.82e-03	2.64e-02	2.96e-01	4.53e-01	2.18e-01
 1.32474e+23	0.00e+00	6.98e-28	1.38e-23	2.74e-20	2.71e-17	1.81e-14	2.64e-11	4.54e-09	3.02e-07	8.08e-06	1.32e-04	1.08e-03	5.34e-03	2.82e-02	3.05e-01	4.51e-01	2.09e-01
 1.33419e+23	0.00e+00	1.22e-27	2.31e-23	4.40e-20	4.17e-17	2.65e-14	3.77e-11	6.28e-09	4.04e-07	1.04e-05	1.64e-04	1.28e-03	6.06e-03	3.05e-02	3.17e-01	4.47e-01	1.99e-01
 1.34382e+23	0.00e+00	2.00e-27	3.63e-23	6.66e-20	6.06e-17	3.67e-14	5.13e-11	8.33e-09	5.20e-07	1.30e-05	1.98e-04	1.49e-03	6.78e-03	3.27e-02	3.27e-01	4.43e-01	1.89e-01
 1.35164e+23	0.00e+00	2.96e-27	5.21e-23	9.26e-20	8.16e-17	4.77e-14	6.57e-11	1.04e-08	6.36e-07	1.54e-05	2.30e-04	1.69e-03	7.40e-03	3.46e-02	3.35e-01	4.39e-01	1.82e-01
 1.35977e+23	0.00e+00	4.86e-27	8.21e-23	1.40e-19	1.19e-16	6.63e-14	8.96e-11	1.39e-08	8.21e-07	1.93e-05	2.78e-04	1.96e-03	8.27e-03	3.70e-02	3.45e-01	4.35e-01	1.73e-01
 1.36821e+23	6.43e-34	7.50e-27	1.22e-22	2.02e-19	1.65e-16	8.83e-14	1.17e-10	1.78e-08	1.03e-06	2.34e-05	3.28e-04	2.25e-03	9.11e-03	3.93e-02	3.54e-01	4.30e-01	1.65e-01
 1.37521e+23	9.54e-34	1.07e-26	1.70e-22	2.73e-19	2.15e-16	1.12e-13	1.47e-10	2.18e-08	1.23e-06	2.74e-05	3.75e-04	2.51e-03	9.86e-03	4.13e-02	3.61e-01	4.26e-01	1.59e-01
 1.38249e+23	1.56e-33	1.68e-26	2.56e-22	3.96e-19	3.01e-16	1.50e-13	1.94e-10	2.81e-08	1.55e-06	3.34e-05	4.45e-04	2.87e-03	1.09e-02	4.38e-02	3.70e-01	4.21e-01	1.51e-01
 1.38943e+23	2.25e-33	2.34e-26	3.47e-22	5.23e-19	3.85e-16	1.85e-13	2.38e-10	3.40e-08	1.84e-06	3.88e-05	5.05e-04	3.18e-03	1.17e-02	4.58e-02	3.76e-01	4.17e-01	1.46e-01
 1.39498e+23	3.21e-33	3.23e-26	4.67e-22	6.83e-19	4.90e-16	2.28e-13	2.90e-10	4.08e-08	2.16e-06	4.47e-05	5.70e-04	3.51e-03	1.26e-02	4.77e-02	3.82e-01	4.13e-01	1.41e-01
 1.40040e+23	4.49e-33	4.38e-26	6.17e-22	8.80e-19	6.14e-16	2.78e-13	3.50e-10	4.84e-08	2.53e-06	5.12e-05	6.40e-04	3.85e-03	1.34e-02	4.96e-02	3.88e-01	4.08e-01	1.36e-01
 1.40573e+23	6.10e-33	5.78e-26	7.96e-22	1.11e-18	7.55e-16	3.32e-13	4.15e-10	5.67e-08	2.91e-06	5.79e-05	7.11e-04	4.18e-03	1.42e-02	5.14e-02	3.93e-01	4.04e-01	1.31e-01
 1.41176e+23	9.22e-33	8.42e-26	1.12e-21	1.51e-18	9.96e-16	4.22e-13	5.22e-10	7.01e-08	3.53e-06	6.83e-05	8.18e-04	4.68e-03	1.54e-02	5.39e-02	4.00e-01	3.99e-01	1.26e-01
 1.41783e+23	1.32e-32	1.16e-25	1.51e-21	1.98e-18	1.26e-15	5.17e-13	6.35e-10	8.40e-08	4.15e-06	7.88e-05	9.24e-04	5.16e-03	1.65e-02	5.61e-02	4.06e-01	3.94e-01	1.21e-01
 1.42293e+23	1.82e-32	1.55e-25	1.96e-21	2.51e-18	1.56e-15	6.21e-13	7.58e-10	9.90e-08	4.81e-06	8.95e-05	1.03e-03	5.63e-03	1.76e-02	5.82e-02	4.11e-01	3.89e-01	1.17e-01
 1.42772e+23	2.49e-32	2.07e-25	2.55e-21	3.17e-18	1.92e-15	7.41e-13	9.00e-10	1.16e-07	5.56e-06	1.01e-04	1.15e-03	6.13e-03	1.87e-02	6.03e-02	4.16e-01	3.85e-01	1.13e-01
 1.43235e+23	3.27e-32	2.65e-25	3.19e-21	3.89e-18	2.30e-15	8.67e-13	1.05e-09	1.33e-07	6.31e-06	1.13e-04	1.26e-03	6.60e-03	1.97e-02	6.21e-02	4.21e-01	3.81e-01	1.09e-01
 1.43762e+23	4.76e-32	3.72e-25	4.35e-21	5.14e-18	2.94e-15	1.07e-12	1.28e-09	1.61e-07	7.48e-06	1.31e-04	1.43e-03	7.30e-03	2.11e-02	6.46e-02	4.26e-01	3.75e-01	1.04e-01
 1.44304e+23	6.67e-32	5.04e-25	5.74e-21	6.59e-18	3.66e-15	1.29e-12	1.54e-09	1.91e-07	8.73e-06	1.50e-04	1.60e-03	7.99e-03	2.25e-02	6.70e-02	4.31e-01	3.69e-01	1.00e-01
 1.44775e+23	9.03e-32	6.63e-25	7.36e-21	8.24e-18	4.45e-15	1.52e-12	1.81e-09	2.22e-07	1.00e-05	1.69e-04	1.77e-03	8.67e-03	2.38e-02	6.91e-02	4.35e-01	3.64e-01	9.68e-02
 1.45297e+23	1.32e-31	9.35e-25	1.01e-20	1.09e-17	5.68e-15	1.88e-12	2.22e-09	2.69e-07	1.19e-05	1.96e-04	2.01e-03	9.59e-03	2.55e-02	7.19e-02	4.40e-01	3.58e-01	9.24e-02
 1.45806e+23	1.77e-31	1.22e-24	1.28e-20	1.35e-17	6.86e-15	2.20e-12	2.60e-09	3.11e-07	1.36e-05	2.20e-04	2.22e-03	1.04e-02	2.69e-02	7.41e-02	4.44e-01	3.53e-01	8.91e-02
 1.46232e+23	2.38e-31	1.59e-24	1.63e-20	1.67e-17	8.27e-15	2.57e-12	3.04e-09	3.61e-07	1.55e-05	2.47e-04	2.45e-03	1.12e-02	2.85e-02	7.63e-02	4.48e-01	3.48e-01	8.58e-02
 1.46650e+23	3.14e-31	2.04e-24	2.04e-20	2.05e-17	9.86e-15	2.99e-12	3.52e-09	4.14e-07	1.76e-05	2.75e-04	2.68e-03	1.20e-02	2.99e-02	7.84e-02	4.51e-01	3.43e-01	8.28e-02
 1.47128e+23	4.52e-31	2.83e-24	2.75e-20	2.67e-17	1.24e-14	3.62e-12	4.26e-09	4.96e-07	2.08e-05	3.17e-04	3.03e-03	1.33e-02	3.20e-02	8.12e-02	4.55e-01	3.36e-01	7.90e-02
 1.47612e+23	6.21e-31	3.76e-24	3.55e-20	3.35e-17	1.51e-14	4.26e-12	5.02e-09	5.79e-07	2.39e-05	3.59e-04	3.36e-03	1.44e-02	3.38e-02	8.37e-02	4.58e-01	3.30e-01	7.58e-02
 1.48029e+23	8.24e-31	4.85e-24	4.47e-20	4.10e-17	1.80e-14	4.94e-12	5.83e-09	6.66e-07	2.72e-05	4.00e-04	3.69e-03	1.55e-02	3.56e-02	8.59e-02	4.61e-01	3.25e-01	7.30e-02
 1.48496e+23	1.20e-30	6.79e-24	6.05e-20	5.35e-17	2.26e-14	5.98e-12	7.06e-09	7.99e-07	3.21e-05	4.62e-04	4.16e-03	1.71e-02	3.80e-02	8.89e-02	4.64e-01	3.18e-01	6.93e-02
 1.48972e+23	1.64e-30	8.99e-24	7.79e-20	6.69e-17	2.74e-14	7.00e-12	8.29e-09	9.30e-07	3.69e-05	5.21e-04	4.61e-03	1.85e-02	4.01e-02	9.14e-02	4.66e-01	3.12e-01	6.64e-02
 1.49398e+23	2.23e-30	1.19e-23	1.00e-19	8.33e-17	3.31e-14	8.18e-12	9.72e-09	1.08e-06	4.23e-05	5.87e-04	5.10e-03	2.00e-02	4.23e-02	9.39e-02	4.69e-01	3.06e-01	6.36e-02
 1.49886e+23	3.37e-30	1.72e-23	1.39e-19	1.11e-16	4.23e-14	1.00e-11	1.20e-08	1.32e-06	5.08e-05	6.87e-04	5.83e-03	2.22e-02	4.54e-02	9.73e-02	4.71e-01	2.98e-01	5.99e-02
 1.50355e+23	4.46e-30	2.21e-23	1.75e-19	1.36e-16	5.01e-14	1.15e-11	1.38e-08	1.51e-06	5.75e-05	7.64e-04	6.37e-03	2.38e-02	4.76e-02	9.95e-02	4.72e-01	2.92e-01	5.75e-02
 1.50798e+23	6.60e-30	3.13e-23	2.39e-19	1.78e-16	6.29e-14	1.38e-11	1.68e-08	1.82e-06	6.83e-05	8.85e-04	7.22e-03	2.63e-02	5.08e-02	1.03e-01	4.74e-01	2.84e-01	5.42e-02
 1.51244e+23	8.73e-30	4.03e-23	2.99e-19	2.17e-16	7.45e-14	1.59e-11	1.93e-08	2.09e-06	7.73e-05	9.84e-04	7.89e-03	2.81e-02	5.32e-02	1.05e-01	4.75e-01	2.78e-01	5.20e-02
 1.51694e+23	1.32e-29	5.82e-23	4.15e-19	2.88e-16	9.42e-14	1.92e-11	2.36e-08	2.53e-06	9.24e-05	1.15e-03	8.99e-03	3.12e-02	5.69e-02	1.08e-01	4.75e-01	2.69e-01	4.88e-02
 1.52128e+23	1.72e-29	7.37e-23	5.13e-19	3.46e-16	1.10e-13	2.18e-11	2.70e-08	2.87e-06	1.04e-04	1.27e-03	9.76e-03	3.32e-02	5.94e-02	1.10e-01	4.75e-01	2.64e-01	4.68e-02
 1.52543e+23	2.55e-29	1.05e-22	7.01e-19	4.51e-16	1.37e-13	2.59e-11	3.26e-08	3.46e-06	1.23e-04	1.47e-03	1.10e-02	3.65e-02	6.32e-02	1.14e-01	4.75e-01	2.55e-01	4.39e-02
 1.52958e+23	3.36e-29	1.34e-22	8.74e-19	5.46e-16	1.61e-13	2.94e-11	3.73e-08	3.94e-06	1.39e-04	1.62e-03	1.20e-02	3.90e-02	6.60e-02	1.16e-01	4.74e-01	2.49e-01	4.19e-02
 1.53372e+23	4.96e-29	1.90e-22	1.19e-18	7.10e-16	2.00e-13	3.49e-11	4.49e-08	4.72e-06	1.64e-04	1.87e-03	1.35e-02	4.28e-02	7.01e-02	1.19e-01	4.73e-01	2.41e-01	3.92e-02
 1.53794e+23	6.69e-29	2.48e-22	1.50e-18	8.69e-16	2.36e-13	3.98e-11	5.19e-08	5.43e-06	1.86e-04	2.09e-03	1.48e-02	4.59e-02	7.33e-02	1.21e-01	4.71e-01	2.34e-01	3.73e-02
 1.54227e+23	1.01e-28	3.59e-22	2.09e-18	1.15e-15	2.96e-13	4.74e-11	6.30e-08	6.57e-06	2.22e-04	2.42e-03	1.68e-02	5.05e-02	7.80e-02	1.24e-01	4.68e-01	2.25e-01	3.46e-02
 1.54660e+23	1.37e-28	4.70e-22	2.65e-18	1.40e-15	3.49e-13	5.41e-11	7.28e-08	7.56e-06	2.53e-04	2.70e-03	1.84e-02	5.41e-02	8.15e-02	1.26e-01	4.66e-01	2.18e-01	3.28e-02
 1.55095e+23	2.06e-28	6.76e-22	3.65e-18	1.84e-15	4.35e-13	6.42e-11	8.80e-08	9.11e-06	3.00e-04	3.12e-03	2.07e-02	5.93e-02	8.63e-02	1.29e-01	4.62e-01	2.09e-01	3.04e-02
 1.55526e+23	2.81e-28	8.90e-22	4.65e-18	2.26e-15	5.14e-13	7.30e-11	1.02e-07	1.05e-05	3.41e-04	3.48e-03	2.27e-02	6.35e-02	9.01e-02	1.31e-01	4.58e-01	2.02e-01	2.87e-02
 1.55953e+23	4.22e-28	1.28e-21	6.38e-18	2.95e-15	6.37e-13	8.60e-11	1.22e-07	1.26e-05	4.04e-04	4.01e-03	2.55e-02	6.93e-02	9.52e-02	1.33e-01	4.53e-01	1.93e-01	2.65e-02
 1.56388e+23	5.85e-28	1.71e-21	8.23e-18	3.65e-15	7.56e-13	9.81e-11	1.42e-07	1.46e-05	4.62e-04	4.48e-03	2.79e-02	7.43e-02	9.93e-02	1.35e-01	4.48e-01	1.86e-01	2.48e-02
 1.56833e+23	8.94e-28	2.49e-21	1.15e-17	4.82e-15	9.43e-13	1.16e-10	1.72e-07	1.76e-05	5.49e-04	5.18e-03	3.14e-02	8.12e-02	1.05e-01	1.37e-01	4.41e-01	1.77e-01	2.27e-02
 1.57281e+23	1.24e-27	3.34e-21	1.48e-17	5.97e-15	1.12e-12	1.32e-10	1.99e-07	2.03e-05	6.27e-04	5.78e-03	3.43e-02	8.69e-02	1.09e-01	1.38e-01	4.35e-01	1.69e-01	2.12e-02
 1.57732e+23	1.92e-27	4.89e-21	2.07e-17	7.89e-15	1.40e-12	1.56e-10	2.41e-07	2.45e-05	7.45e-04	6.67e-03	3.85e-02	9.47e-02	1.15e-01	1.40e-01	4.26e-01	1.60e-01	1.93e-02
 1.58187e+23	2.69e-27	6.57e-21	2.68e-17	9.78e-15	1.65e-12	1.77e-10	2.78e-07	2.83e-05	8.48e-04	7.42e-03	4.20e-02	1.01e-01	1.19e-01	1.41e-01	4.18e-01	1.53e-01	1.79e-02
 1.58581e+23	3.72e-27	8.76e-21	3.44e-17	1.20e-14	1.95e-12	2.01e-10	3.20e-07	3.25e-05	9.63e-04	8.23e-03	4.57e-02	1.07e-01	1.23e-01	1.42e-01	4.11e-01	1.46e-01	1.66e-02
 1.59027e+23	5.70e-27	1.28e-20	4.78e-17	1.58e-14	2.41e-12	2.35e-10	3.83e-07	3.89e-05	1.13e-03	9.40e-03	5.08e-02	1.16e-01	1.29e-01	1.42e-01	4.00e-01	1.37e-01	1.50e-02
 1.59470e+23	7.71e-27	1.67e-20	6.05e-17	1.92e-14	2.82e-12	2.64e-10	4.36e-07	4.41e-05	1.27e-03	1.03e-02	5.47e-02	1.22e-01	1.32e-01	1.43e-01	3.92e-01	1.30e-01	1.40e-02
 1.59908e+23	1.16e-26	2.39e-20	8.28e-17	2.49e-14	3.45e-12	3.08e-10	5.15e-07	5.21e-05	1.48e-03	1.17e-02	6.03e-02	1.31e-01	1.38e-01	1.43e-01	3.80e-01	1.22e-01	1.26e-02
 1.60354e+23	1.58e-26	3.15e-20	1.05e-16	3.04e-14	4.04e-12	3.46e-10	5.86e-07	5.91e-05	1.66e-03	1.28e-02	6.48e-02	1.38e-01	1.41e-01	1.43e-01	3.71e-01	1.16e-01	1.17e-02
 1.60812e+23	2.38e-26	4.53e-20	1.44e-16	3.95e-14	4.95e-12	4.04e-10	6.91e-07	6.96e-05	1.92e-03	1.44e-02	7.11e-02	1.48e-01	1.46e-01	1.42e-01	3.59e-01	1.08e-01	1.05e-02
 1.61281e+23	3.27e-26	6.01e-20	1.85e-16	4.84e-14	5.83e-12	4.56e-10	7.86e-07	7.90e-05	2.15e-03	1.58e-02	7.62e-02	1.55e-01	1.49e-01	1.41e-01	3.49e-01	1.02e-01	9.62e-03
 1.61764e+23	4.96e-26	8.69e-20	2.55e-16	6.32e-14	7.18e-12	5.34e-10	9.26e-07	9.29e-05	2.49e-03	1.77e-02	8.33e-02	1.65e-01	1.54e-01	1.40e-01	3.35e-01	9.42e-02	8.58e-03
 1.62258e+23	6.51e-26	1.16e-19	3.28e-16	7.79e-14	8.47e-12	6.05e-10	1.05e-06	1.05e-04	2.78e-03	1.94e-02	8.90e-02	1.72e-01	1.57e-01	1.39e-01	3.24e-01	8.85e-02	7.83e-03
 1.62767e+23	9.87e-26	1.68e-19	4.53e-16	1.02e-13	1.05e-11	7.10e-10	1.23e-06	1.23e-04	3.20e-03	2.16e-02	9.68e-02	1.82e-01	1.60e-01	1.37e-01	3.10e-01	8.14e-02	6.94e-03
 1.63285e+23	1.37e-25	2.24e-19	5.84e-16	1.26e-13	1.24e-11	8.06e-10	1.40e-06	1.39e-04	3.56e-03	2.35e-02	1.03e-01	1.90e-01	1.63e-01	1.36e-01	2.99e-01	7.61e-02	6.29e-03
 1.63816e+23	2.07e-25	3.25e-19	8.07e-16	1.65e-13	1.53e-11	9.47e-10	1.63e-06	1.62e-04	4.08e-03	2.62e-02	1.11e-01	2.00e-01	1.66e-01	1.33e-01	2.84e-01	6.97e-02	5.54e-03
 1.64349e+23	2.84e-25	4.31e-19	1.03e-15	2.03e-13	1.80e-11	1.07e-09	1.84e-06	1.82e-04	4.52e-03	2.83e-02	1.18e-01	2.07e-01	1.68e-01	1.31e-01	2.73e-01	6.50e-02	5.02e-03
 1.64888e+23	4.28e-25	6.20e-19	1.42e-15	2.64e-13	2.23e-11	1.26e-09	2.14e-06	2.10e-04	5.14e-03	3.12e-02	1.27e-01	2.17e-01	1.70e-01	1.28e-01	2.58e-01	5.92e-02	4.40e-03
 1.65436e+23	5.82e-25	8.17e-19	1.81e-15	3.24e-13	2.62e-11	1.43e-09	2.40e-06	2.35e-04	5.65e-03	3.36e-02	1.33e-01	2.24e-01	1.71e-01	1.26e-01	2.48e-01	5.51e-02	3.98e-03
 1.65917e+23	7.87e-25	1.07e-18	2.29e-15	3.94e-13	3.07e-11	1.61e-09	2.67e-06	2.61e-04	6.20e-03	3.61e-02	1.40e-01	2.30e-01	1.72e-01	1.23e-01	2.37e-01	5.12e-02	3.60e-03
 1.66460e+23	1.16e-24	1.51e-18	3.10e-15	5.08e-13	3.75e-11	1.89e-09	3.06e-06	2.98e-04	6.96e-03	3.94e-02	1.49e-01	2.39e-01	1.73e-01	1.20e-01	2.24e-01	4.66e-02	3.15e-03
 1.67000e+23	1.52e-24	1.94e-18	3.87e-15	6.11e-13	4.35e-11	2.12e-09	3.39e-06	3.28e-04	7.57e-03	4.19e-02	1.55e-01	2.44e-01	1.73e-01	1.17e-01	2.14e-01	4.34e-02	2.86e-03
 1.67536e+23	2.19e-24	2.69e-18	5.15e-15	7.77e-13	5.28e-11	2.46e-09	3.86e-06	3.71e-04	8.42e-03	4.54e-02	1.64e-01	2.52e-01	1.73e-01	1.13e-01	2.02e-01	3.95e-02	2.51e-03
 1.68086e+23	2.92e-24	3.47e-18	6.46e-15	9.40e-13	6.15e-11	2.77e-09	4.27e-06	4.09e-04	9.14e-03	4.83e-02	1.70e-01	2.57e-01	1.73e-01	1.11e-01	1.92e-01	3.66e-02	2.26e-03
 1.68571e+23	3.85e-24	4.45e-18	8.04e-15	1.13e-12	7.13e-11	3.11e-09	4.70e-06	4.48e-04	9.89e-03	5.12e-02	1.77e-01	2.62e-01	1.72e-01	1.08e-01	1.83e-01	3.39e-02	2.04e-03
 1.69122e+23	5.29e-24	6.15e-18	1.07e-14	1.43e-12	8.63e-11	3.60e-09	5.32e-06	5.04e-04	1.09e-02	5.51e-02	1.85e-01	2.68e-01	1.72e-01	1.04e-01	1.72e-01	3.07e-02	1.78e-03
 1.69671e+23	6.82e-24	7.74e-18	1.31e-14	1.70e-12	9.93e-11	4.03e-09	5.83e-06	5.49e-04	1.18e-02	5.80e-02	1.92e-01	2.72e-01	1.71e-01	1.01e-01	1.64e-01	2.85e-02	1.62e-03
 1.70217e+23	9.60e-24	1.05e-17	1.72e-14	2.14e-12	1.19e-10	4.65e-09	6.55e-06	6.13e-04	1.29e-02	6.21e-02	2.00e-01	2.77e-01	1.69e-01	9.73e-02	1.54e-01	2.58e-02	1.41e-03
 1.70775e+23	1.24e-23	1.33e-17	2.11e-14	2.55e-12	1.38e-10	5.21e-09	7.18e-06	6.67e-04	1.39e-02	6.54e-02	2.06e-01	2.81e-01	1.68e-01	9.44e-02	1.46e-01	2.39e-02	1.28e-03
 1.71346e+23	1.75e-23	1.82e-17	2.78e-14	3.22e-12	1.66e-10	6.02e-09	8.07e-06	7.44e-04	1.52e-02	6.98e-02	2.14e-01	2.85e-01	1.66e-01	9.05e-02	1.36e-01	2.15e-02	1.11e-03
 1.71928e+23	2.28e-23	2.30e-17	3.43e-14	3.84e-12	1.92e-10	6.76e-09	8.85e-06	8.10e-04	1.63e-02	7.34e-02	2.20e-01	2.88e-01	1.64e-01	8.75e-02	1.29e-01	1.98e-02	9.95e-04
 1.72525e+23	3.22e-23	3.15e-17	4.52e-14	4.86e-12	2.32e-10	7.85e-09	9.95e-06	9.02e-04	1.79e-02	7.82e-02	2.28e-01	2.91e-01	1.61e-01	8.36e-02	1.20e-01	1.78e-02	8.61e-04
 1.73132e+23	3.97e-23	4.00e-17	5.59e-14	5.82e-12	2.69e-10	8.83e-09	1.09e-05	9.82e-04	1.91e-02	8.20e-02	2.35e-01	2.93e-01	1.59e-01	8.06e-02	1.13e-01	1.63e-02	7.69e-04
 1.73754e+23	5.62e-23	5.49e-17	7.38e-14	7.37e-12	3.26e-10	1.03e-08	1.23e-05	1.09e-03	2.09e-02	8.72e-02	2.42e-01	2.96e-01	1.56e-01	7.67e-02	1.05e-01	1.46e-02	6.62e-04
 1.74362e+23	2.00e-25	6.79e-17	8.92e-14	8.67e-12	3.73e-10	1.15e-08	1.34e-05	1.18e-03	2.23e-02	9.09e-02	2.48e-01	2.97e-01	1.53e-01	7.40e-02	9.95e-02	1.35e-02	5.97e-04
 1.74952e+23	2.83e-25	9.14e-17	1.16e-13	1.08e-11	4.47e-10	1.32e-08	1.50e-05	1.30e-03	2.41e-02	9.61e-02	2.55e-01	2.99e-01	1.50e-01	7.04e-02	9.22e-02	1.21e-02	5.16e-04
 1.75551e+23	3.62e-25	1.13e-16	1.40e-13	1.28e-11	5.12e-10	1.47e-08	1.63e-05	1.41e-03	2.56e-02	1.00e-01	2.60e-01	2.99e-01	1.47e-01	6.78e-02	8.71e-02	1.11e-02	4.64e-04
 1.76162e+23	5.08e-25	1.51e-16	1.81e-13	1.59e-11	6.13e-10	1.70e-08	1.82e-05	1.55e-03	2.77e-02	1.05e-01	2.67e-01	3.00e-01	1.43e-01	6.44e-02	8.06e-02	9.94e-03	4.01e-04
 1.76792e+23	6.67e-25	1.91e-16	2.23e-13	1.90e-11	7.10e-10	1.91e-08	1.99e-05	1.68e-03	2.96e-02	1.10e-01	2.72e-01	3.00e-01	1.40e-01	6.17e-02	7.56e-02	9.07e-03	3.56e-04
 1.77447e+23	9.38e-25	2.56e-16	2.90e-13	2.37e-11	8.53e-10	2.22e-08	2.24e-05	1.85e-03	3.20e-02	1.16e-01	2.78e-01	2.99e-01	1.36e-01	5.83e-02	6.97e-02	8.07e-03	3.06e-04
 1.78124e+23	1.25e-24	3.28e-16	3.61e-13	2.87e-11	9.97e-10	2.51e-08	2.46e-05	2.01e-03	3.42e-02	1.21e-01	2.83e-01	2.99e-01	1.33e-01	5.56e-02	6.50e-02	7.30e-03	2.69e-04
 1.78828e+23	1.79e-24	4.44e-16	4.73e-13	3.62e-11	1.21e-09	2.94e-08	2.78e-05	2.23e-03	3.70e-02	1.27e-01	2.89e-01	2.97e-01	1.29e-01	5.22e-02	5.95e-02	6.45e-03	2.29e-04
 1.79552e+23	2.41e-24	5.73e-16	5.94e-13	4.40e-11	1.42e-09	3.35e-08	3.07e-05	2.43e-03	3.96e-02	1.32e-01	2.94e-01	2.96e-01	1.25e-01	4.96e-02	5.52e-02	5.80e-03	2.00e-04
 1.80301e+23	3.48e-24	7.83e-16	7.86e-13	5.60e-11	1.74e-09	3.94e-08	3.48e-05	2.70e-03	4.29e-02	1.39e-01	3.00e-01	2.93e-01	1.20e-01	4.63e-02	5.02e-02	5.08e-03	1.69e-04
 1.81075e+23	4.75e-24	1.02e-15	9.97e-13	6.87e-11	2.06e-09	4.52e-08	3.87e-05	2.95e-03	4.59e-02	1.45e-01	3.04e-01	2.91e-01	1.16e-01	4.37e-02	4.63e-02	4.53e-03	1.46e-04
 1.81880e+23	6.98e-24	1.42e-15	1.34e-12	8.85e-11	2.55e-09	5.37e-08	4.42e-05	3.29e-03	4.99e-02	1.53e-01	3.10e-01	2.87e-01	1.11e-01	4.06e-02	4.18e-02	3.93e-03	1.21e-04
 1.82709e+23	9.65e-24	1.87e-15	1.71e-12	1.10e-10	3.05e-09	6.20e-08	4.93e-05	3.61e-03	5.34e-02	1.59e-01	3.13e-01	2.84e-01	1.07e-01	3.81e-02	3.83e-02	3.48e-03	1.04e-04
 1.83452e+23	1.31e-23	2.42e-15	2.16e-12	1.34e-10	3.61e-09	7.12e-08	5.49e-05	3.94e-03	5.70e-02	1.65e-01	3.17e-01	2.80e-01	1.03e-01	3.58e-02	3.52e-02	3.10e-03	8.96e-05
 1.84305e+23	1.98e-23	3.44e-15	2.95e-12	1.76e-10	4.52e-09	8.54e-08	6.30e-05	4.41e-03	6.20e-02	1.73e-01	3.21e-01	2.75e-01	9.74e-02	3.29e-02	3.13e-02	2.64e-03	7.31e-05
 1.85164e+23	2.69e-23	4.46e-15	3.73e-12	2.15e-10	5.36e-09	9.81e-08	7.01e-05	4.81e-03	6.60e-02	1.80e-01	3.24e-01	2.71e-01	9.34e-02	3.08e-02	2.87e-02	2.34e-03	6.28e-05
 1.86033e+23	4.04e-23	6.30e-15	5.08e-12	2.81e-10	6.69e-09	1.17e-07	8.04e-05	5.37e-03	7.16e-02	1.88e-01	3.26e-01	2.65e-01	8.82e-02	2.82e-02	2.55e-02	1.99e-03	5.12e-05
 1.86920e+23	5.61e-23	8.33e-15	6.52e-12	3.49e-10	8.01e-09	1.36e-07	8.99e-05	5.87e-03	7.64e-02	1.94e-01	3.28e-01	2.60e-01	8.41e-02	2.62e-02	2.31e-02	1.75e-03	4.33e-05
 1.87831e+23	8.54e-23	1.19e-14	8.96e-12	4.59e-10	1.01e-08	1.64e-07	1.03e-04	6.57e-03	8.28e-02	2.03e-01	3.30e-01	2.53e-01	7.90e-02	2.39e-02	2.04e-02	1.47e-03	3.49e-05
 1.88757e+23	1.20e-22	1.59e-14	1.16e-11	5.74e-10	1.21e-08	1.90e-07	1.16e-04	7.19e-03	8.83e-02	2.10e-01	3.31e-01	2.47e-01	7.50e-02	2.21e-02	1.84e-02	1.28e-03	2.93e-05
 1.89701e+23	1.86e-22	2.31e-14	1.62e-11	7.65e-10	1.54e-08	2.31e-07	1.34e-04	8.07e-03	9.57e-02	2.19e-01	3.31e-01	2.39e-01	6.99e-02	1.99e-02	1.61e-02	1.06e-03	2.32e-05
 1.90650e+23	2.61e-22	3.07e-14	2.09e-11	9.54e-10	1.85e-08	2.68e-07	1.50e-04	8.81e-03	1.02e-01	2.25e-01	3.31e-01	2.33e-01	6.62e-02	1.84e-02	1.44e-02	9.22e-04	1.94e-05
 1.91437e+23	3.54e-22	3.98e-14	2.63e-11	1.16e-09	2.18e-08	3.07e-07	1.66e-04	9.53e-03	1.07e-01	2.31e-01	3.31e-01	2.27e-01	6.29e-02	1.71e-02	1.31e-02	8.10e-04	1.65e-05
 1.92290e+23	5.28e-22	5.59e-14	3.57e-11	1.51e-09	2.71e-08	3.66e-07	1.89e-04	1.05e-02	1.15e-01	2.39e-01	3.29e-01	2.20e-01	5.87e-02	1.55e-02	1.15e-02	6.81e-04	1.32e-05
 1.93142e+23	7.14e-22	7.22e-14	4.48e-11	1.84e-09	3.19e-08	4.18e-07	2.08e-04	1.14e-02	1.21e-01	2.45e-01	3.28e-01	2.14e-01	5.57e-02	1.44e-02	1.04e-02	5.96e-04	1.12e-05
 1.93993e+23	1.07e-21	1.02e-13	6.08e-11	2.39e-09	3.96e-08	4.98e-07	2.37e-04	1.26e-02	1.30e-01	2.52e-01	3.25e-01	2.06e-01	5.18e-02	1.30e-02	9.15e-03	4.99e-04	8.98e-06
 1.94855e+23	1.46e-21	1.33e-13	7.69e-11	2.92e-09	4.69e-08	5.71e-07	2.63e-04	1.36e-02	1.37e-01	2.57e-01	3.23e-01	2.00e-01	4.89e-02	1.20e-02	8.24e-03	4.34e-04	7.54e-06
 1.95731e+23	2.21e-21	1.89e-13	1.05e-10	3.83e-09	5.87e-08	6.86e-07	3.00e-04	1.51e-02	1.46e-01	2.64e-01	3.19e-01	1.91e-01	4.52e-02	1.08e-02	7.15e-03	3.59e-04	5.95e-06
 1.96618e+23	3.04e-21	2.48e-13	1.34e-10	4.72e-09	6.99e-08	7.91e-07	3.34e-04	1.63e-02	1.54e-01	2.70e-01	3.16e-01	1.85e-01	4.25e-02	9.89e-03	6.40e-03	3.10e-04	4.95e-06
 1.97520e+23	4.65e-21	3.57e-13	1.86e-10	6.23e-09	8.80e-08	9.56e-07	3.83e-04	1.81e-02	1.64e-01	2.76e-01	3.11e-01	1.77e-01	3.90e-02	8.83e-03	5.52e-03	2.54e-04	3.87e-06
 1.98438e+23	6.55e-21	4.78e-13	2.41e-10	7.78e-09	1.06e-07	1.11e-06	4.29e-04	1.97e-02	1.73e-01	2.81e-01	3.07e-01	1.70e-01	3.64e-02	8.04e-03	4.89e-03	2.16e-04	3.16e-06
 1.99380e+23	1.02e-20	6.99e-13	3.37e-10	1.04e-08	1.35e-07	1.36e-06	4.97e-04	2.19e-02	1.85e-01	2.87e-01	3.00e-01	1.61e-01	3.32e-02	7.11e-03	4.16e-03	1.75e-04	2.42e-06
 2.00340e+23	1.46e-20	9.49e-13	4.43e-10	1.32e-08	1.65e-07	1.60e-06	5.60e-04	2.40e-02	1.95e-01	2.91e-01	2.95e-01	1.54e-01	3.07e-02	6.42e-03	3.64e-03	1.47e-04	1.95e-06
 2.01325e+23	2.34e-20	1.41e-12	6.31e-10	1.79e-08	2.14e-07	1.99e-06	6.56e-04	2.69e-02	2.08e-01	2.97e-01	2.87e-01	1.45e-01	2.77e-02	5.61e-03	3.06e-03	1.16e-04	1.46e-06
 2.02320e+23	3.37e-20	1.93e-12	8.33e-10	2.28e-08	2.62e-07	2.36e-06	7.43e-04	2.94e-02	2.19e-01	3.00e-01	2.80e-01	1.38e-01	2.55e-02	5.03e-03	2.66e-03	9.66e-05	1.16e-06
 2.03153e+23	4.71e-20	2.55e-12	1.07e-09	2.84e-08	3.16e-07	2.76e-06	8.33e-04	3.20e-02	2.29e-01	3.03e-01	2.73e-01	1.31e-01	2.35e-02	4.55e-03	2.33e-03	8.14e-05	9.41e-07
 2.04056e+23	7.21e-20	3.65e-12	1.48e-09	3.76e-08	4.01e-07	3.38e-06	9.66e-04	3.56e-02	2.43e-01	3.06e-01	2.65e-01	1.23e-01	2.12e-02	4.00e-03	1.97e-03	6.52e-05	7.15e-07
 2.04969e+23	1.01e-19	4.85e-12	1.90e-09	4.70e-08	4.86e-07	3.98e-06	1.09e-03	3.87e-02	2.54e-01	3.07e-01	2.57e-01	1.17e-01	1.95e-02	3.59e-03	1.72e-03	5.44e-05	5.72e-07
 2.05860e+23	1.52e-19	6.79e-12	2.58e-09	6.15e-08	6.13e-07	4.86e-06	1.26e-03	4.29e-02	2.68e-01	3.09e-01	2.48e-01	1.09e-01	1.76e-02	3.15e-03	1.45e-03	4.37e-05	4.37e-07
 2.06769e+23	2.17e-19	9.07e-12	3.35e-09	7.77e-08	7.51e-07	5.78e-06	1.43e-03	4.70e-02	2.80e-01	3.09e-01	2.40e-01	1.03e-01	1.60e-02	2.80e-03	1.25e-03	3.60e-05	3.44e-07
 2.07660e+23	3.20e-19	1.24e-11	4.46e-09	1.00e-07	9.39e-07	7.02e-06	1.65e-03	5.19e-02	2.93e-01	3.09e-01	2.30e-01	9.59e-02	1.43e-02	2.46e-03	1.06e-03	2.89e-05	2.63e-07
 2.08571e+23	4.63e-19	1.67e-11	5.82e-09	1.28e-07	1.16e-06	8.43e-06	1.89e-03	5.70e-02	3.06e-01	3.08e-01	2.21e-01	8.95e-02	1.29e-02	2.16e-03	8.97e-04	2.34e-05	2.03e-07
 2.09471e+23	6.79e-19	2.24e-11	7.64e-09	1.63e-07	1.44e-06	1.02e-05	2.17e-03	6.27e-02	3.20e-01	3.07e-01	2.11e-01	8.31e-02	1.16e-02	1.89e-03	7.56e-04	1.88e-05	1.55e-07
 2.10376e+23	9.89e-19	2.97e-11	9.91e-09	2.08e-07	1.78e-06	1.23e-05	2.49e-03	6.89e-02	3.33e-01	3.05e-01	2.01e-01	7.70e-02	1.03e-02	1.65e-03	6.38e-04	1.51e-05	1.19e-07
 2.11270e+23	1.45e-18	3.92e-11	1.28e-08	2.63e-07	2.20e-06	1.48e-05	2.85e-03	7.56e-02	3.46e-01	3.02e-01	1.92e-01	7.11e-02	9.21e-03	1.44e-03	5.36e-04	1.21e-05	0.00e+00
 2.12164e+23	2.13e-18	5.11e-11	1.64e-08	3.31e-07	2.70e-06	1.78e-05	3.26e-03	8.29e-02	3.59e-01	2.98e-01	1.82e-01	6.56e-02	8.19e-03	1.25e-03	4.50e-04	9.69e-06	0.00e+00
 2.13058e+23	3.18e-18	6.63e-11	2.09e-08	4.16e-07	3.32e-06	2.14e-05	3.73e-03	9.07e-02	3.71e-01	2.94e-01	1.72e-01	6.02e-02	7.26e-03	1.08e-03	3.77e-04	7.72e-06	0.00e+00
 2.13957e+23	4.85e-18	8.52e-11	2.65e-08	5.21e-07	4.06e-06	2.57e-05	4.26e-03	9.91e-02	3.83e-01	2.89e-01	1.62e-01	5.51e-02	6.41e-03	9.36e-04	3.14e-04	6.14e-06	0.00e+00
 2.14860e+23	7.67e-18	1.09e-10	3.35e-08	6.51e-07	4.97e-06	3.09e-05	4.86e-03	1.08e-01	3.94e-01	2.83e-01	1.53e-01	5.03e-02	5.64e-03	8.06e-04	2.61e-04	4.86e-06	0.00e+00
 2.15772e+23	1.28e-17	1.38e-10	4.21e-08	8.10e-07	6.07e-06	3.70e-05	5.54e-03	1.18e-01	4.05e-01	2.77e-01	1.43e-01	4.57e-02	4.95e-03	6.91e-04	2.16e-04	3.84e-06	0.00e+00
 2.16694e+23	2.36e-17	1.74e-10	5.28e-08	1.01e-06	7.40e-06	4.43e-05	6.31e-03	1.28e-01	4.15e-01	2.70e-01	1.34e-01	4.14e-02	4.33e-03	5.90e-04	1.78e-04	3.01e-06	0.00e+00
 2.17621e+23	5.01e-17	2.18e-10	6.55e-08	1.24e-06	8.97e-06	5.30e-05	7.16e-03	1.39e-01	4.25e-01	2.62e-01	1.25e-01	3.74e-02	3.78e-03	5.02e-04	1.47e-04	2.36e-06	0.00e+00
 2.18563e+23	1.33e-16	2.71e-10	8.15e-08	1.54e-06	1.09e-05	6.34e-05	8.15e-03	1.51e-01	4.33e-01	2.54e-01	1.16e-01	3.36e-02	3.27e-03	4.25e-04	1.20e-04	1.84e-06	0.00e+00
 2.19516e+23	3.87e-16	3.34e-10	1.00e-07	1.89e-06	1.32e-05	7.56e-05	9.22e-03	1.63e-01	4.41e-01	2.46e-01	1.07e-01	3.02e-02	2.84e-03	3.59e-04	9.82e-05	1.43e-06	0.00e+00
 2.20487e+23	8.66e-16	4.12e-10	1.24e-07	2.33e-06	1.60e-05	9.05e-05	1.05e-02	1.76e-01	4.48e-01	2.37e-01	9.89e-02	2.69e-02	2.44e-03	3.01e-04	7.94e-05	1.10e-06	0.00e+00
 2.21477e+23	1.39e-15	5.03e-10	1.52e-07	2.85e-06	1.93e-05	1.08e-04	1.18e-02	1.89e-01	4.53e-01	2.28e-01	9.10e-02	2.39e-02	2.10e-03	2.52e-04	6.44e-05	8.49e-07	0.00e+00
 2.22384e+23	1.88e-15	5.92e-10	1.79e-07	3.37e-06	2.25e-05	1.24e-04	1.31e-02	2.01e-01	4.57e-01	2.21e-01	8.47e-02	2.17e-02	1.84e-03	2.17e-04	5.38e-05	6.81e-07	0.00e+00
 2.23332e+23	2.57e-15	7.21e-10	2.20e-07	4.14e-06	2.72e-05	1.49e-04	1.48e-02	2.16e-01	4.61e-01	2.11e-01	7.71e-02	1.90e-02	1.56e-03	1.79e-04	4.28e-05	5.13e-07	0.00e+00
 2.24293e+23	3.23e-15	8.44e-10	2.59e-07	4.88e-06	3.17e-05	1.72e-04	1.63e-02	2.28e-01	4.63e-01	2.03e-01	7.14e-02	1.71e-02	1.36e-03	1.53e-04	3.56e-05	4.09e-07	0.00e+00
 2.25283e+23	5.58e-15	1.02e-09	3.17e-07	5.99e-06	3.83e-05	2.06e-04	1.85e-02	2.45e-01	4.64e-01	1.92e-01	6.45e-02	1.49e-02	1.14e-03	1.24e-04	2.80e-05	3.05e-07	0.00e+00
 2.26275e+23	6.50e-15	1.18e-09	3.70e-07	7.01e-06	4.43e-05	2.36e-04	2.03e-02	2.57e-01	4.64e-01	1.84e-01	5.96e-02	1.34e-02	9.99e-04	1.06e-04	2.33e-05	2.43e-07	0.00e+00
 2.27269e+23	7.81e-15	1.42e-09	4.49e-07	8.53e-06	5.32e-05	2.82e-04	2.28e-02	2.74e-01	4.63e-01	1.74e-01	5.36e-02	1.16e-02	8.35e-04	8.61e-05	1.82e-05	1.80e-07	0.00e+00
 2.28268e+23	9.02e-15	1.63e-09	5.20e-07	9.91e-06	6.10e-05	3.21e-04	2.49e-02	2.87e-01	4.61e-01	1.66e-01	4.94e-02	1.04e-02	7.28e-04	7.34e-05	1.51e-05	1.44e-07	0.00e+00
 2.29273e+23	1.07e-14	1.93e-09	6.26e-07	1.20e-05	7.28e-05	3.80e-04	2.79e-02	3.04e-01	4.57e-01	1.56e-01	4.43e-02	9.00e-03	6.08e-04	5.94e-05	1.19e-05	0.00e+00	0.00e+00
 2.30289e+23	1.23e-14	2.21e-09	7.24e-07	1.39e-05	8.33e-05	4.32e-04	3.03e-02	3.17e-01	4.54e-01	1.49e-01	4.06e-02	8.03e-03	5.27e-04	5.04e-05	9.80e-06	0.00e+00	0.00e+00
 2.31320e+23	1.45e-14	2.60e-09	8.68e-07	1.67e-05	9.90e-05	5.10e-04	3.38e-02	3.34e-01	4.48e-01	1.39e-01	3.62e-02	6.91e-03	4.38e-04	4.05e-05	7.64e-06	0.00e+00	0.00e+00
 2.32366e+23	1.65e-14	2.97e-09	1.00e-06	1.93e-05	1.13e-04	5.80e-04	3.67e-02	3.48e-01	4.43e-01	1.32e-01	3.31e-02	6.14e-03	3.78e-04	3.42e-05	6.28e-06	0.00e+00	0.00e+00
 2.33431e+23	1.94e-14	3.50e-09	1.20e-06	2.33e-05	1.34e-04	6.83e-04	4.08e-02	3.65e-01	4.35e-01	1.23e-01	2.94e-02	5.25e-03	3.12e-04	2.73e-05	4.86e-06	0.00e+00	0.00e+00
 2.34516e+23	2.21e-14	3.99e-09	1.39e-06	2.69e-05	1.53e-04	7.75e-04	4.43e-02	3.78e-01	4.29e-01	1.16e-01	2.67e-02	4.64e-03	2.68e-04	2.29e-05	3.96e-06	0.00e+00	0.00e+00
 2.35627e+23	2.60e-14	4.70e-09	1.66e-06	3.24e-05	1.81e-04	9.13e-04	4.91e-02	3.96e-01	4.19e-01	1.08e-01	2.35e-02	3.93e-03	2.19e-04	1.81e-05	3.03e-06	0.00e+00	0.00e+00
 2.36765e+23	2.97e-14	5.38e-09	1.93e-06	3.75e-05	2.07e-04	1.04e-03	5.32e-02	4.09e-01	4.11e-01	1.01e-01	2.12e-02	3.45e-03	1.86e-04	1.50e-05	2.45e-06	0.00e+00	0.00e+00
 2.37939e+23	3.49e-14	6.36e-09	2.32e-06	4.53e-05	2.45e-04	1.22e-03	5.89e-02	4.26e-01	3.99e-01	9.28e-02	1.85e-02	2.90e-03	1.51e-04	1.18e-05	1.85e-06	0.00e+00	0.00e+00
 2.39131e+23	4.00e-14	7.30e-09	2.69e-06	5.25e-05	2.79e-04	1.39e-03	6.37e-02	4.39e-01	3.89e-01	8.67e-02	1.66e-02	2.53e-03	1.28e-04	9.70e-06	1.49e-06	0.00e+00	0.00e+00
 2.40133e+23	4.51e-14	8.26e-09	3.08e-06	5.98e-05	3.14e-04	1.55e-03	6.82e-02	4.50e-01	3.81e-01	8.15e-02	1.51e-02	2.23e-03	1.10e-04	8.16e-06	1.22e-06	0.00e+00	0.00e+00
 2.41222e+23	5.23e-14	9.62e-09	3.64e-06	7.06e-05	3.63e-04	1.79e-03	7.44e-02	4.64e-01	3.69e-01	7.51e-02	1.33e-02	1.90e-03	9.02e-05	6.50e-06	9.43e-07	0.00e+00	0.00e+00
 2.42279e+23	5.85e-14	1.08e-08	4.11e-06	7.96e-05	4.03e-04	1.98e-03	7.90e-02	4.74e-01	3.60e-01	7.08e-02	1.21e-02	1.69e-03	7.85e-05	5.54e-06	7.86e-07	0.00e+00	0.00e+00
 2.43294e+23	6.65e-14	1.24e-08	4.78e-06	9.25e-05	4.61e-04	2.26e-03	8.54e-02	4.86e-01	3.48e-01	6.54e-02	1.08e-02	1.45e-03	6.52e-05	4.47e-06	6.17e-07	0.00e+00	0.00e+00
 2.44320e+23	7.52e-14	1.40e-08	5.42e-06	1.04e-04	5.11e-04	2.49e-03	9.04e-02	4.94e-01	3.39e-01	6.15e-02	9.81e-03	1.29e-03	5.66e-05	3.81e-06	5.13e-07	0.00e+00	0.00e+00
 2.45361e+23	8.62e-14	1.61e-08	6.33e-06	1.21e-04	5.82e-04	2.83e-03	9.74e-02	5.05e-01	3.27e-01	5.66e-02	8.66e-03	1.11e-03	4.69e-05	3.07e-06	4.02e-07	0.00e+00	0.00e+00
 2.46418e+23	9.79e-14	1.83e-08	7.21e-06	1.37e-04	6.46e-04	3.11e-03	1.03e-01	5.13e-01	3.18e-01	5.31e-02	7.87e-03	9.80e-04	4.05e-05	2.60e-06	3.32e-07	0.00e+00	0.00e+00
