#depth	N	N+	N+2	N+3	N+4	N+5	N+6	N+7
 4.62852e+21	1.99e-26	3.60e-20	1.75e-15	1.00e-11	1.91e-08	8.47e-05	1.87e-02	9.81e-01
 1.04636e+22	4.22e-25	4.51e-19	1.34e-14	4.68e-11	5.40e-08	1.93e-04	2.93e-02	9.71e-01
 1.22734e+22	2.34e-24	1.88e-18	4.22e-14	1.12e-10	9.67e-08	3.02e-04	3.71e-02	9.63e-01
 1.31782e+22	6.05e-24	4.15e-18	8.00e-14	1.82e-10	1.34e-07	3.85e-04	4.21e-02	9.58e-01
 1.35553e+22	7.78e-24	5.13e-18	9.49e-14	2.08e-10	1.46e-07	4.11e-04	4.35e-02	9.56e-01
 1.36835e+22	9.29e-24	5.95e-18	1.07e-13	2.27e-10	1.55e-07	4.29e-04	4.45e-02	9.55e-01
 1.37859e+22	1.10e-23	6.83e-18	1.20e-13	2.48e-10	1.64e-07	4.47e-04	4.54e-02	9.54e-01
 1.38997e+22	1.39e-23	8.34e-18	1.41e-13	2.80e-10	1.78e-07	4.74e-04	4.68e-02	9.53e-01
 1.40102e+22	1.64e-23	9.57e-18	1.57e-13	3.05e-10	1.88e-07	4.94e-04	4.78e-02	9.52e-01
 1.41166e+22	2.02e-23	1.14e-17	1.81e-13	3.40e-10	2.02e-07	5.20e-04	4.90e-02	9.50e-01
 1.42277e+22	2.45e-23	1.34e-17	2.07e-13	3.76e-10	2.16e-07	5.45e-04	5.02e-02	9.49e-01
 1.43270e+22	2.91e-23	1.55e-17	2.33e-13	4.11e-10	2.30e-07	5.69e-04	5.13e-02	9.48e-01
 1.44379e+22	3.77e-23	1.93e-17	2.78e-13	4.71e-10	2.51e-07	6.05e-04	5.29e-02	9.47e-01
 1.45468e+22	4.46e-23	2.22e-17	3.12e-13	5.14e-10	2.67e-07	6.30e-04	5.40e-02	9.45e-01
 1.46530e+22	5.79e-23	2.77e-17	3.74e-13	5.89e-10	2.92e-07	6.70e-04	5.56e-02	9.44e-01
 1.47600e+22	6.96e-23	3.24e-17	4.24e-13	6.49e-10	3.11e-07	7.00e-04	5.68e-02	9.42e-01
 1.48680e+22	9.12e-23	4.07e-17	5.11e-13	7.48e-10	3.42e-07	7.46e-04	5.86e-02	9.41e-01
 1.49736e+22	1.10e-22	4.75e-17	5.81e-13	8.25e-10	3.65e-07	7.79e-04	5.99e-02	9.39e-01
 1.50761e+22	1.44e-22	5.98e-17	7.01e-13	9.51e-10	4.01e-07	8.29e-04	6.17e-02	9.37e-01
 1.51761e+22	1.72e-22	6.97e-17	7.95e-13	1.05e-09	4.28e-07	8.65e-04	6.30e-02	9.36e-01
 1.52729e+22	2.23e-22	8.67e-17	9.49e-13	1.20e-09	4.68e-07	9.17e-04	6.48e-02	9.34e-01
 1.53714e+22	2.75e-22	1.04e-16	1.10e-12	1.34e-09	5.04e-07	9.62e-04	6.64e-02	9.33e-01
 1.54721e+22	3.67e-22	1.32e-16	1.34e-12	1.56e-09	5.57e-07	1.03e-03	6.85e-02	9.31e-01
 1.55718e+22	4.50e-22	1.57e-16	1.55e-12	1.74e-09	5.99e-07	1.08e-03	7.00e-02	9.29e-01
 1.56701e+22	5.98e-22	2.00e-16	1.89e-12	2.02e-09	6.62e-07	1.15e-03	7.22e-02	9.27e-01
 1.57702e+22	7.55e-22	2.44e-16	2.22e-12	2.29e-09	7.19e-07	1.21e-03	7.40e-02	9.25e-01
 1.58723e+22	1.02e-21	3.16e-16	2.74e-12	2.69e-09	8.00e-07	1.29e-03	7.64e-02	9.22e-01
 1.59725e+22	1.27e-21	3.81e-16	3.20e-12	3.02e-09	8.66e-07	1.36e-03	7.83e-02	9.20e-01
 1.60700e+22	1.72e-21	4.92e-16	3.95e-12	3.55e-09	9.63e-07	1.45e-03	8.08e-02	9.18e-01
 1.61688e+22	2.18e-21	6.02e-16	4.66e-12	4.03e-09	1.05e-06	1.53e-03	8.28e-02	9.16e-01
 1.62695e+22	2.98e-21	7.87e-16	5.81e-12	4.76e-09	1.17e-06	1.64e-03	8.56e-02	9.13e-01
 1.63715e+22	3.83e-21	9.73e-16	6.92e-12	5.44e-09	1.28e-06	1.73e-03	8.78e-02	9.10e-01
 1.64751e+22	5.31e-21	1.29e-15	8.72e-12	6.49e-09	1.44e-06	1.86e-03	9.09e-02	9.07e-01
 1.65793e+22	6.83e-21	1.60e-15	1.04e-11	7.42e-09	1.58e-06	1.97e-03	9.33e-02	9.05e-01
 1.66691e+22	8.75e-21	1.97e-15	1.24e-11	8.48e-09	1.72e-06	2.08e-03	9.57e-02	9.02e-01
 1.67707e+22	1.21e-20	2.61e-15	1.56e-11	1.01e-08	1.94e-06	2.23e-03	9.90e-02	8.99e-01
 1.68722e+22	1.53e-20	3.19e-15	1.84e-11	1.15e-08	2.11e-06	2.36e-03	1.01e-01	8.96e-01
 1.69735e+22	2.12e-20	4.19e-15	2.31e-11	1.36e-08	2.37e-06	2.53e-03	1.05e-01	8.93e-01
 1.70758e+22	2.67e-20	5.12e-15	2.72e-11	1.55e-08	2.58e-06	2.67e-03	1.07e-01	8.90e-01
 1.71795e+22	3.68e-20	6.74e-15	3.42e-11	1.84e-08	2.90e-06	2.86e-03	1.11e-01	8.86e-01
 1.72850e+22	4.66e-20	8.25e-15	4.04e-11	2.09e-08	3.16e-06	3.02e-03	1.14e-01	8.83e-01
 1.73929e+22	6.37e-20	1.08e-14	5.04e-11	2.48e-08	3.54e-06	3.24e-03	1.18e-01	8.79e-01
 1.75045e+22	8.21e-20	1.34e-14	6.04e-11	2.84e-08	3.89e-06	3.44e-03	1.21e-01	8.76e-01
 1.76206e+22	1.13e-19	1.77e-14	7.59e-11	3.39e-08	4.39e-06	3.70e-03	1.25e-01	8.71e-01
 1.77394e+22	1.46e-19	2.20e-14	9.09e-11	3.90e-08	4.82e-06	3.93e-03	1.28e-01	8.68e-01
 1.78452e+22	1.87e-19	2.71e-14	1.08e-10	4.46e-08	5.29e-06	4.16e-03	1.32e-01	8.64e-01
 1.79660e+22	2.56e-19	3.55e-14	1.35e-10	5.30e-08	5.95e-06	4.47e-03	1.36e-01	8.59e-01
 1.80885e+22	3.25e-19	4.37e-14	1.61e-10	6.05e-08	6.51e-06	4.73e-03	1.40e-01	8.55e-01
 1.82133e+22	4.43e-19	5.69e-14	2.01e-10	7.17e-08	7.32e-06	5.09e-03	1.45e-01	8.50e-01
 1.83345e+22	5.48e-19	6.83e-14	2.34e-10	8.07e-08	7.95e-06	5.36e-03	1.48e-01	8.47e-01
 1.84510e+22	7.26e-19	8.70e-14	2.86e-10	9.43e-08	8.85e-06	5.73e-03	1.52e-01	8.42e-01
 1.85696e+22	8.95e-19	1.04e-13	3.32e-10	1.06e-07	9.59e-06	6.02e-03	1.56e-01	8.38e-01
 1.86912e+22	1.19e-18	1.33e-13	4.07e-10	1.24e-07	1.07e-05	6.45e-03	1.61e-01	8.33e-01
 1.88144e+22	1.46e-18	1.59e-13	4.71e-10	1.39e-07	1.16e-05	6.78e-03	1.64e-01	8.29e-01
 1.89399e+22	1.94e-18	2.02e-13	5.77e-10	1.63e-07	1.29e-05	7.26e-03	1.69e-01	8.23e-01
 1.90633e+22	2.34e-18	2.38e-13	6.61e-10	1.81e-07	1.39e-05	7.60e-03	1.73e-01	8.19e-01
 1.91839e+22	3.03e-18	2.98e-13	7.98e-10	2.10e-07	1.54e-05	8.10e-03	1.78e-01	8.14e-01
 1.93069e+22	3.67e-18	3.51e-13	9.15e-10	2.34e-07	1.66e-05	8.49e-03	1.82e-01	8.10e-01
 1.94330e+22	4.77e-18	4.39e-13	1.10e-09	2.71e-07	1.84e-05	9.06e-03	1.87e-01	8.04e-01
 1.95616e+22	5.79e-18	5.19e-13	1.27e-09	3.02e-07	1.99e-05	9.51e-03	1.91e-01	8.00e-01
 1.96933e+22	7.53e-18	6.51e-13	1.54e-09	3.51e-07	2.21e-05	1.01e-02	1.96e-01	7.93e-01
 1.98274e+22	9.15e-18	7.70e-13	1.77e-09	3.92e-07	2.39e-05	1.07e-02	2.01e-01	7.89e-01
 1.99644e+22	1.19e-17	9.66e-13	2.14e-09	4.55e-07	2.66e-05	1.14e-02	2.06e-01	7.82e-01
 2.01041e+22	1.45e-17	1.14e-12	2.47e-09	5.09e-07	2.88e-05	1.20e-02	2.11e-01	7.77e-01
 2.02471e+22	1.89e-17	1.44e-12	2.99e-09	5.92e-07	3.20e-05	1.28e-02	2.17e-01	7.70e-01
 2.03868e+22	2.24e-17	1.67e-12	3.38e-09	6.53e-07	3.43e-05	1.34e-02	2.21e-01	7.66e-01
 2.05224e+22	2.88e-17	2.07e-12	4.05e-09	7.53e-07	3.80e-05	1.42e-02	2.27e-01	7.59e-01
 2.06601e+22	3.42e-17	2.40e-12	4.59e-09	8.32e-07	4.08e-05	1.49e-02	2.31e-01	7.54e-01
 2.08006e+22	4.35e-17	2.95e-12	5.47e-09	9.55e-07	4.50e-05	1.58e-02	2.37e-01	7.47e-01
 2.09455e+22	5.27e-17	3.49e-12	6.29e-09	1.07e-06	4.87e-05	1.66e-02	2.42e-01	7.41e-01
 2.10960e+22	6.70e-17	4.29e-12	7.48e-09	1.22e-06	5.37e-05	1.76e-02	2.48e-01	7.34e-01
 2.12516e+22	8.20e-17	5.11e-12	8.67e-09	1.38e-06	5.84e-05	1.86e-02	2.54e-01	7.28e-01
 2.14136e+22	1.05e-16	6.33e-12	1.04e-08	1.59e-06	6.46e-05	1.98e-02	2.60e-01	7.20e-01
 2.15800e+22	1.29e-16	7.57e-12	1.21e-08	1.79e-06	7.04e-05	2.09e-02	2.66e-01	7.13e-01
 2.17523e+22	1.67e-16	9.44e-12	1.45e-08	2.08e-06	7.83e-05	2.23e-02	2.73e-01	7.04e-01
 2.19303e+22	2.07e-16	1.14e-11	1.70e-08	2.35e-06	8.56e-05	2.35e-02	2.79e-01	6.97e-01
 2.21158e+22	2.70e-16	1.43e-11	2.07e-08	2.75e-06	9.56e-05	2.52e-02	2.87e-01	6.88e-01
 2.23060e+22	3.37e-16	1.74e-11	2.43e-08	3.13e-06	1.05e-04	2.67e-02	2.94e-01	6.80e-01
 2.24767e+22	4.16e-16	2.08e-11	2.83e-08	3.53e-06	1.14e-04	2.81e-02	3.00e-01	6.72e-01
 2.26728e+22	5.55e-16	2.67e-11	3.49e-08	4.17e-06	1.29e-04	3.03e-02	3.08e-01	6.61e-01
 2.28702e+22	6.83e-16	3.20e-11	4.06e-08	4.71e-06	1.41e-04	3.19e-02	3.15e-01	6.53e-01
 2.30691e+22	9.06e-16	4.08e-11	4.98e-08	5.54e-06	1.58e-04	3.43e-02	3.23e-01	6.42e-01
 2.32722e+22	1.14e-15	4.96e-11	5.88e-08	6.32e-06	1.74e-04	3.63e-02	3.30e-01	6.33e-01
 2.34808e+22	1.52e-15	6.37e-11	7.26e-08	7.48e-06	1.96e-04	3.90e-02	3.39e-01	6.22e-01
 2.36927e+22	1.92e-15	7.80e-11	8.61e-08	8.57e-06	2.16e-04	4.14e-02	3.46e-01	6.12e-01
 2.39087e+22	2.60e-15	1.02e-10	1.08e-07	1.02e-05	2.45e-04	4.47e-02	3.56e-01	5.99e-01
 2.41129e+22	3.18e-15	1.21e-10	1.24e-07	1.15e-05	2.66e-04	4.70e-02	3.62e-01	5.90e-01
 2.43018e+22	4.16e-15	1.53e-10	1.52e-07	1.35e-05	2.98e-04	5.02e-02	3.71e-01	5.79e-01
 2.44921e+22	5.08e-15	1.81e-10	1.76e-07	1.51e-05	3.24e-04	5.28e-02	3.77e-01	5.70e-01
 2.46846e+22	6.70e-15	2.31e-10	2.15e-07	1.78e-05	3.64e-04	5.66e-02	3.86e-01	5.57e-01
 2.48788e+22	8.26e-15	2.77e-10	2.51e-07	2.02e-05	3.98e-04	5.96e-02	3.93e-01	5.47e-01
 2.50754e+22	1.09e-14	3.53e-10	3.09e-07	2.39e-05	4.48e-04	6.39e-02	4.02e-01	5.34e-01
 2.52747e+22	1.36e-14	4.26e-10	3.62e-07	2.71e-05	4.91e-04	6.74e-02	4.08e-01	5.24e-01
 2.54774e+22	1.82e-14	5.48e-10	4.49e-07	3.23e-05	5.56e-04	7.25e-02	4.18e-01	5.09e-01
 2.56829e+22	2.26e-14	6.64e-10	5.29e-07	3.68e-05	6.11e-04	7.66e-02	4.24e-01	4.98e-01
 2.58919e+22	3.03e-14	8.58e-10	6.58e-07	4.40e-05	6.94e-04	8.24e-02	4.33e-01	4.83e-01
 2.61054e+22	3.83e-14	1.05e-09	7.85e-07	5.08e-05	7.69e-04	8.74e-02	4.40e-01	4.71e-01
 2.63247e+22	5.20e-14	1.37e-09	9.87e-07	6.13e-05	8.80e-04	9.44e-02	4.50e-01	4.55e-01
 2.65484e+22	6.61e-14	1.70e-09	1.18e-06	7.12e-05	9.80e-04	1.00e-01	4.57e-01	4.42e-01
 2.67705e+22	8.87e-14	2.20e-09	1.48e-06	8.57e-05	1.12e-03	1.08e-01	4.65e-01	4.26e-01
 2.69815e+22	1.09e-13	2.64e-09	1.74e-06	9.78e-05	1.23e-03	1.14e-01	4.71e-01	4.14e-01
 2.71854e+22	1.43e-13	3.35e-09	2.14e-06	1.17e-04	1.40e-03	1.22e-01	4.78e-01	3.98e-01
 2.73930e+22	1.77e-13	4.04e-09	2.52e-06	1.34e-04	1.54e-03	1.29e-01	4.83e-01	3.86e-01
 2.75969e+22	2.27e-13	5.05e-09	3.07e-06	1.58e-04	1.74e-03	1.38e-01	4.89e-01	3.71e-01
 2.78050e+22	2.80e-13	6.11e-09	3.63e-06	1.82e-04	1.93e-03	1.46e-01	4.94e-01	3.58e-01
 2.80077e+22	3.52e-13	7.49e-09	4.36e-06	2.13e-04	2.17e-03	1.55e-01	4.99e-01	3.43e-01
 2.82147e+22	4.34e-13	9.05e-09	5.16e-06	2.47e-04	2.41e-03	1.64e-01	5.03e-01	3.30e-01
 2.84196e+22	5.35e-13	1.10e-08	6.13e-06	2.87e-04	2.69e-03	1.74e-01	5.07e-01	3.16e-01
 2.86256e+22	6.53e-13	1.31e-08	7.23e-06	3.31e-04	3.00e-03	1.84e-01	5.10e-01	3.03e-01
 2.88292e+22	7.92e-13	1.57e-08	8.49e-06	3.82e-04	3.33e-03	1.94e-01	5.12e-01	2.90e-01
 2.90324e+22	9.52e-13	1.86e-08	9.93e-06	4.39e-04	3.69e-03	2.05e-01	5.14e-01	2.77e-01
 2.92361e+22	1.14e-12	2.19e-08	1.16e-05	5.04e-04	4.09e-03	2.15e-01	5.15e-01	2.65e-01
 2.94405e+22	1.35e-12	2.58e-08	1.35e-05	5.78e-04	4.53e-03	2.27e-01	5.16e-01	2.52e-01
 2.96462e+22	1.60e-12	3.02e-08	1.56e-05	6.61e-04	5.01e-03	2.38e-01	5.16e-01	2.40e-01
 2.98537e+22	1.88e-12	3.52e-08	1.80e-05	7.54e-04	5.54e-03	2.50e-01	5.15e-01	2.28e-01
 3.00638e+22	2.21e-12	4.09e-08	2.08e-05	8.60e-04	6.12e-03	2.62e-01	5.14e-01	2.17e-01
 3.02749e+22	2.57e-12	4.73e-08	2.39e-05	9.78e-04	6.74e-03	2.75e-01	5.12e-01	2.06e-01
 3.04894e+22	2.98e-12	5.46e-08	2.75e-05	1.11e-03	7.44e-03	2.88e-01	5.09e-01	1.95e-01
 3.07064e+22	3.50e-12	6.28e-08	3.15e-05	1.26e-03	8.19e-03	3.00e-01	5.06e-01	1.84e-01
 3.09277e+22	4.05e-12	7.22e-08	3.61e-05	1.43e-03	9.03e-03	3.14e-01	5.02e-01	1.73e-01
 3.11335e+22	4.54e-12	8.08e-08	4.03e-05	1.59e-03	9.76e-03	3.25e-01	4.98e-01	1.65e-01
 3.13456e+22	5.23e-12	9.28e-08	4.62e-05	1.81e-03	1.08e-02	3.40e-01	4.93e-01	1.55e-01
 3.15610e+22	5.85e-12	1.04e-07	5.14e-05	2.00e-03	1.17e-02	3.51e-01	4.88e-01	1.47e-01
 3.17813e+22	6.70e-12	1.19e-07	5.89e-05	2.27e-03	1.29e-02	3.66e-01	4.81e-01	1.37e-01
 3.20027e+22	7.47e-12	1.32e-07	6.54e-05	2.50e-03	1.39e-02	3.78e-01	4.76e-01	1.30e-01
 3.22255e+22	8.51e-12	1.50e-07	7.46e-05	2.83e-03	1.53e-02	3.93e-01	4.68e-01	1.21e-01
 3.24496e+22	9.43e-12	1.66e-07	8.24e-05	3.11e-03	1.64e-02	4.04e-01	4.62e-01	1.14e-01
 3.26755e+22	1.07e-11	1.88e-07	9.37e-05	3.50e-03	1.80e-02	4.19e-01	4.53e-01	1.06e-01
 3.29032e+22	1.18e-11	2.08e-07	1.03e-04	3.84e-03	1.93e-02	4.30e-01	4.46e-01	1.00e-01
 3.31334e+22	1.34e-11	2.35e-07	1.17e-04	4.31e-03	2.12e-02	4.45e-01	4.36e-01	9.29e-02
 3.33665e+22	1.48e-11	2.59e-07	1.29e-04	4.71e-03	2.27e-02	4.57e-01	4.28e-01	8.75e-02
 3.36033e+22	1.67e-11	2.93e-07	1.46e-04	5.28e-03	2.48e-02	4.71e-01	4.18e-01	8.07e-02
 3.38441e+22	1.84e-11	3.23e-07	1.62e-04	5.78e-03	2.65e-02	4.82e-01	4.10e-01	7.57e-02
 3.40900e+22	2.08e-11	3.66e-07	1.83e-04	6.47e-03	2.90e-02	4.97e-01	3.98e-01	6.95e-02
 3.43410e+22	2.30e-11	4.05e-07	2.03e-04	7.07e-03	3.10e-02	5.08e-01	3.89e-01	6.50e-02
 3.45987e+22	2.61e-11	4.59e-07	2.30e-04	7.93e-03	3.39e-02	5.22e-01	3.77e-01	5.93e-02
 3.48627e+22	2.91e-11	5.09e-07	2.56e-04	8.68e-03	3.63e-02	5.33e-01	3.67e-01	5.51e-02
 3.50853e+22	3.18e-11	5.58e-07	2.80e-04	9.38e-03	3.85e-02	5.42e-01	3.58e-01	5.17e-02
 3.53248e+22	3.57e-11	6.25e-07	3.15e-04	1.04e-02	4.16e-02	5.54e-01	3.47e-01	4.74e-02
 3.55678e+22	3.91e-11	6.85e-07	3.45e-04	1.12e-02	4.41e-02	5.63e-01	3.37e-01	4.42e-02
 3.57781e+22	4.28e-11	7.48e-07	3.76e-04	1.21e-02	4.66e-02	5.71e-01	3.29e-01	4.14e-02
 3.60142e+22	4.76e-11	8.34e-07	4.21e-04	1.32e-02	5.01e-02	5.81e-01	3.17e-01	3.79e-02
 3.62494e+22	5.24e-11	9.13e-07	4.59e-04	1.42e-02	5.27e-02	5.88e-01	3.09e-01	3.56e-02
 3.64835e+22	5.83e-11	1.02e-06	5.13e-04	1.55e-02	5.64e-02	5.97e-01	2.98e-01	3.26e-02
 3.67210e+22	6.42e-11	1.12e-06	5.60e-04	1.67e-02	5.94e-02	6.04e-01	2.89e-01	3.04e-02
 3.69627e+22	7.19e-11	1.25e-06	6.27e-04	1.82e-02	6.35e-02	6.12e-01	2.78e-01	2.77e-02
 3.72085e+22	7.97e-11	1.38e-06	6.88e-04	1.96e-02	6.67e-02	6.17e-01	2.70e-01	2.58e-02
 3.74597e+22	8.93e-11	1.54e-06	7.73e-04	2.14e-02	7.14e-02	6.25e-01	2.58e-01	2.34e-02
 3.77146e+22	9.98e-11	1.71e-06	8.50e-04	2.30e-02	7.50e-02	6.30e-01	2.50e-01	2.18e-02
 3.79744e+22	1.12e-10	1.93e-06	9.57e-04	2.52e-02	8.02e-02	6.36e-01	2.38e-01	1.96e-02
 3.82397e+22	1.26e-10	2.14e-06	1.06e-03	2.71e-02	8.43e-02	6.40e-01	2.30e-01	1.81e-02
 3.85119e+22	1.44e-10	2.44e-06	1.20e-03	2.97e-02	9.00e-02	6.44e-01	2.18e-01	1.63e-02
 3.87929e+22	1.62e-10	2.72e-06	1.33e-03	3.20e-02	9.48e-02	6.48e-01	2.09e-01	1.49e-02
 3.90854e+22	1.87e-10	3.13e-06	1.52e-03	3.53e-02	1.01e-01	6.51e-01	1.98e-01	1.33e-02
 3.93796e+22	2.12e-10	3.52e-06	1.69e-03	3.80e-02	1.06e-01	6.52e-01	1.89e-01	1.21e-02
 3.96758e+22	2.46e-10	4.05e-06	1.94e-03	4.18e-02	1.14e-01	6.54e-01	1.78e-01	1.07e-02
 3.99753e+22	2.82e-10	4.58e-06	2.16e-03	4.50e-02	1.19e-01	6.54e-01	1.70e-01	9.78e-03
 4.02789e+22	3.28e-10	5.29e-06	2.48e-03	4.94e-02	1.27e-01	6.53e-01	1.60e-01	8.61e-03
 4.05873e+22	3.78e-10	6.00e-06	2.77e-03	5.32e-02	1.33e-01	6.52e-01	1.52e-01	7.81e-03
 4.09019e+22	4.44e-10	6.98e-06	3.19e-03	5.85e-02	1.41e-01	6.49e-01	1.42e-01	6.82e-03
 4.12134e+22	5.11e-10	7.90e-06	3.55e-03	6.27e-02	1.47e-01	6.46e-01	1.34e-01	6.19e-03
 4.14665e+22	5.72e-10	8.77e-06	3.90e-03	6.67e-02	1.53e-01	6.43e-01	1.28e-01	5.65e-03
 4.17413e+22	6.65e-10	1.01e-05	4.40e-03	7.21e-02	1.60e-01	6.38e-01	1.20e-01	5.03e-03
 4.20197e+22	7.53e-10	1.12e-05	4.86e-03	7.68e-02	1.66e-01	6.33e-01	1.14e-01	4.57e-03
 4.22654e+22	8.51e-10	1.25e-05	5.35e-03	8.17e-02	1.72e-01	6.28e-01	1.08e-01	4.15e-03
 4.25471e+22	9.97e-10	1.44e-05	6.04e-03	8.81e-02	1.80e-01	6.21e-01	1.01e-01	3.68e-03
 4.28394e+22	1.14e-09	1.63e-05	6.72e-03	9.41e-02	1.87e-01	6.14e-01	9.55e-02	3.30e-03
 4.31004e+22	1.30e-09	1.83e-05	7.41e-03	9.99e-02	1.93e-01	6.07e-01	9.02e-02	2.98e-03
 4.33946e+22	1.54e-09	2.12e-05	8.39e-03	1.08e-01	2.01e-01	5.97e-01	8.38e-02	2.62e-03
 4.37018e+22	1.78e-09	2.40e-05	9.37e-03	1.15e-01	2.08e-01	5.87e-01	7.82e-02	2.32e-03
 4.39789e+22	2.05e-09	2.72e-05	1.04e-02	1.22e-01	2.14e-01	5.77e-01	7.34e-02	2.08e-03
 4.42920e+22	2.46e-09	3.18e-05	1.18e-02	1.32e-01	2.22e-01	5.64e-01	6.75e-02	1.80e-03
 4.46151e+22	2.86e-09	3.62e-05	1.32e-02	1.41e-01	2.30e-01	5.52e-01	6.25e-02	1.58e-03
 4.49027e+22	3.32e-09	4.12e-05	1.46e-02	1.49e-01	2.36e-01	5.40e-01	5.82e-02	1.40e-03
 4.52283e+22	4.01e-09	4.84e-05	1.67e-02	1.61e-01	2.44e-01	5.25e-01	5.31e-02	1.20e-03
 4.55662e+22	4.72e-09	5.56e-05	1.87e-02	1.71e-01	2.50e-01	5.10e-01	4.87e-02	1.04e-03
 4.58695e+22	5.53e-09	6.35e-05	2.08e-02	1.82e-01	2.56e-01	4.96e-01	4.49e-02	9.11e-04
 4.62134e+22	6.77e-09	7.51e-05	2.37e-02	1.95e-01	2.63e-01	4.77e-01	4.04e-02	7.69e-04
 4.65705e+22	8.06e-09	8.70e-05	2.66e-02	2.07e-01	2.69e-01	4.60e-01	3.66e-02	6.56e-04
 4.68904e+22	9.55e-09	9.99e-05	2.96e-02	2.19e-01	2.74e-01	4.43e-01	3.35e-02	5.67e-04
 4.72521e+22	1.18e-08	1.19e-04	3.38e-02	2.35e-01	2.79e-01	4.22e-01	2.96e-02	4.68e-04
 4.76209e+22	1.41e-08	1.38e-04	3.78e-02	2.48e-01	2.83e-01	4.03e-01	2.66e-02	3.97e-04
 4.79990e+22	1.77e-08	1.65e-04	4.33e-02	2.65e-01	2.87e-01	3.81e-01	2.33e-02	3.23e-04
 4.83810e+22	2.12e-08	1.91e-04	4.82e-02	2.79e-01	2.90e-01	3.62e-01	2.08e-02	2.71e-04
 4.87680e+22	2.67e-08	2.30e-04	5.51e-02	2.97e-01	2.92e-01	3.38e-01	1.80e-02	2.17e-04
 4.91584e+22	3.22e-08	2.66e-04	6.12e-02	3.11e-01	2.92e-01	3.19e-01	1.60e-02	1.81e-04
 4.95533e+22	4.03e-08	3.21e-04	6.97e-02	3.29e-01	2.92e-01	2.95e-01	1.36e-02	1.42e-04
 4.99527e+22	4.87e-08	3.72e-04	7.72e-02	3.43e-01	2.91e-01	2.76e-01	1.19e-02	1.17e-04
 5.03582e+22	6.22e-08	4.49e-04	8.77e-02	3.61e-01	2.88e-01	2.53e-01	1.00e-02	9.10e-05
 5.07684e+22	7.55e-08	5.20e-04	9.68e-02	3.74e-01	2.85e-01	2.35e-01	8.73e-03	7.40e-05
 5.11849e+22	9.70e-08	6.29e-04	1.09e-01	3.91e-01	2.79e-01	2.13e-01	7.24e-03	5.64e-05
 5.15929e+22	1.17e-07	7.21e-04	1.20e-01	4.02e-01	2.74e-01	1.97e-01	6.28e-03	4.60e-05
 5.19898e+22	1.48e-07	8.61e-04	1.34e-01	4.16e-01	2.67e-01	1.77e-01	5.20e-03	3.51e-05
 5.23732e+22	1.75e-07	9.75e-04	1.44e-01	4.25e-01	2.61e-01	1.64e-01	4.54e-03	2.89e-05
 5.27392e+22	2.18e-07	1.14e-03	1.58e-01	4.36e-01	2.53e-01	1.48e-01	3.80e-03	2.24e-05
 5.31110e+22	2.59e-07	1.30e-03	1.71e-01	4.43e-01	2.46e-01	1.36e-01	3.27e-03	1.82e-05
 5.34400e+22	3.08e-07	1.46e-03	1.83e-01	4.50e-01	2.38e-01	1.25e-01	2.82e-03	1.47e-05
 5.38173e+22	3.83e-07	1.71e-03	2.00e-01	4.57e-01	2.28e-01	1.11e-01	2.32e-03	1.12e-05
 5.42002e+22	4.58e-07	1.94e-03	2.15e-01	4.62e-01	2.19e-01	1.01e-01	1.97e-03	8.94e-06
 5.45903e+22	5.72e-07	2.27e-03	2.33e-01	4.66e-01	2.08e-01	8.88e-02	1.60e-03	6.69e-06
 5.49839e+22	6.83e-07	2.57e-03	2.49e-01	4.68e-01	1.99e-01	8.01e-02	1.35e-03	5.29e-06
 5.53820e+22	8.58e-07	3.02e-03	2.70e-01	4.70e-01	1.87e-01	6.96e-02	1.07e-03	3.86e-06
 5.57804e+22	1.02e-06	3.40e-03	2.87e-01	4.69e-01	1.77e-01	6.25e-02	8.98e-04	3.04e-06
 5.61004e+22	1.18e-06	3.76e-03	3.01e-01	4.68e-01	1.69e-01	5.68e-02	7.69e-04	2.46e-06
 5.64375e+22	1.42e-06	4.26e-03	3.19e-01	4.66e-01	1.60e-01	5.04e-02	6.34e-04	1.89e-06
 5.67794e+22	1.65e-06	4.71e-03	3.35e-01	4.63e-01	1.52e-01	4.55e-02	5.39e-04	1.52e-06
 5.70801e+22	1.90e-06	5.20e-03	3.50e-01	4.59e-01	1.44e-01	4.11e-02	4.59e-04	1.22e-06
 5.74237e+22	2.28e-06	5.87e-03	3.69e-01	4.54e-01	1.35e-01	3.61e-02	3.74e-04	9.25e-07
 5.77715e+22	2.65e-06	6.49e-03	3.85e-01	4.49e-01	1.27e-01	3.24e-02	3.15e-04	7.33e-07
 5.80762e+22	3.06e-06	7.14e-03	4.01e-01	4.43e-01	1.20e-01	2.91e-02	2.66e-04	5.84e-07
 5.84240e+22	3.67e-06	8.06e-03	4.21e-01	4.35e-01	1.11e-01	2.53e-02	2.14e-04	4.34e-07
 5.87745e+22	4.23e-06	8.85e-03	4.36e-01	4.28e-01	1.05e-01	2.26e-02	1.80e-04	3.44e-07
 5.91287e+22	5.07e-06	9.95e-03	4.56e-01	4.18e-01	9.64e-02	1.96e-02	1.44e-04	2.55e-07
 5.94885e+22	5.89e-06	1.10e-02	4.73e-01	4.09e-01	8.99e-02	1.73e-02	1.19e-04	1.97e-07
 5.98056e+22	6.79e-06	1.20e-02	4.89e-01	4.00e-01	8.40e-02	1.54e-02	9.87e-05	1.54e-07
 6.01676e+22	8.12e-06	1.35e-02	5.08e-01	3.88e-01	7.69e-02	1.32e-02	7.80e-05	0.00e+00
 6.05375e+22	9.43e-06	1.49e-02	5.24e-01	3.78e-01	7.12e-02	1.16e-02	6.38e-05	0.00e+00
 6.09176e+22	1.13e-05	1.67e-02	5.44e-01	3.65e-01	6.48e-02	9.87e-03	4.99e-05	0.00e+00
 6.13051e+22	1.32e-05	1.84e-02	5.61e-01	3.53e-01	5.94e-02	8.55e-03	4.00e-05	0.00e+00
 6.16430e+22	1.53e-05	2.02e-02	5.76e-01	3.42e-01	5.48e-02	7.49e-03	3.26e-05	0.00e+00
 6.20230e+22	1.83e-05	2.26e-02	5.94e-01	3.28e-01	4.94e-02	6.32e-03	2.52e-05	0.00e+00
 6.24172e+22	2.13e-05	2.49e-02	6.09e-01	3.15e-01	4.51e-02	5.44e-03	2.00e-05	0.00e+00
 6.28300e+22	2.60e-05	2.81e-02	6.28e-01	2.99e-01	4.00e-02	4.49e-03	1.49e-05	0.00e+00
 6.32437e+22	3.01e-05	3.08e-02	6.42e-01	2.87e-01	3.64e-02	3.86e-03	1.19e-05	0.00e+00
 6.36584e+22	3.64e-05	3.47e-02	6.59e-01	2.71e-01	3.22e-02	3.18e-03	8.85e-06	0.00e+00
 6.40240e+22	4.10e-05	3.73e-02	6.68e-01	2.62e-01	2.98e-02	2.82e-03	7.35e-06	0.00e+00
 6.42849e+22	4.54e-05	3.97e-02	6.76e-01	2.53e-01	2.79e-02	2.54e-03	6.26e-06	0.00e+00
 6.45833e+22	5.19e-05	4.31e-02	6.87e-01	2.43e-01	2.55e-02	2.20e-03	5.05e-06	0.00e+00
 6.48936e+22	5.82e-05	4.63e-02	6.95e-01	2.33e-01	2.35e-02	1.95e-03	4.18e-06	0.00e+00
 6.52195e+22	6.75e-05	5.07e-02	7.05e-01	2.22e-01	2.12e-02	1.66e-03	3.28e-06	0.00e+00
 6.55457e+22	7.58e-05	5.43e-02	7.12e-01	2.12e-01	1.95e-02	1.46e-03	2.71e-06	0.00e+00
 6.58721e+22	8.78e-05	5.94e-02	7.21e-01	2.01e-01	1.76e-02	1.24e-03	2.11e-06	0.00e+00
 6.62015e+22	9.85e-05	6.36e-02	7.27e-01	1.92e-01	1.61e-02	1.09e-03	1.74e-06	0.00e+00
 6.65347e+22	1.14e-04	6.94e-02	7.33e-01	1.82e-01	1.45e-02	9.25e-04	1.36e-06	0.00e+00
 6.68780e+22	1.29e-04	7.47e-02	7.39e-01	1.73e-01	1.32e-02	8.01e-04	1.09e-06	0.00e+00
 6.71863e+22	1.45e-04	8.03e-02	7.43e-01	1.64e-01	1.20e-02	6.95e-04	8.81e-07	0.00e+00
 6.75387e+22	1.69e-04	8.81e-02	7.47e-01	1.53e-01	1.07e-02	5.79e-04	6.68e-07	0.00e+00
 6.78955e+22	1.91e-04	9.45e-02	7.50e-01	1.45e-01	9.69e-03	5.01e-04	5.37e-07	0.00e+00
 6.82581e+22	2.22e-04	1.03e-01	7.52e-01	1.35e-01	8.57e-03	4.16e-04	4.06e-07	0.00e+00
 6.86339e+22	2.53e-04	1.12e-01	7.53e-01	1.27e-01	7.68e-03	3.53e-04	3.17e-07	0.00e+00
 6.90269e+22	2.99e-04	1.23e-01	7.53e-01	1.17e-01	6.69e-03	2.86e-04	2.31e-07	0.00e+00
 6.94232e+22	3.41e-04	1.33e-01	7.52e-01	1.09e-01	5.97e-03	2.41e-04	1.79e-07	0.00e+00
 6.98239e+22	4.03e-04	1.46e-01	7.49e-01	9.96e-02	5.17e-03	1.94e-04	1.29e-07	0.00e+00
 7.02310e+22	4.59e-04	1.57e-01	7.45e-01	9.24e-02	4.59e-03	1.62e-04	0.00e+00	0.00e+00
 7.06465e+22	5.44e-04	1.73e-01	7.38e-01	8.37e-02	3.94e-03	1.29e-04	0.00e+00	0.00e+00
 7.10684e+22	6.21e-04	1.87e-01	7.32e-01	7.72e-02	3.47e-03	1.07e-04	0.00e+00	0.00e+00
 7.14987e+22	7.34e-04	2.05e-01	7.22e-01	6.94e-02	2.96e-03	8.40e-05	0.00e+00	0.00e+00
 7.19407e+22	8.45e-04	2.21e-01	7.12e-01	6.32e-02	2.58e-03	6.83e-05	0.00e+00	0.00e+00
 7.23982e+22	1.01e-03	2.45e-01	6.97e-01	5.57e-02	2.16e-03	5.20e-05	0.00e+00	0.00e+00
 7.28558e+22	1.16e-03	2.62e-01	6.84e-01	5.05e-02	1.88e-03	4.23e-05	0.00e+00	0.00e+00
 7.33138e+22	1.38e-03	2.88e-01	6.64e-01	4.41e-02	1.56e-03	3.20e-05	0.00e+00	0.00e+00
 7.37862e+22	1.59e-03	3.10e-01	6.48e-01	3.95e-02	1.34e-03	2.54e-05	0.00e+00	0.00e+00
 7.42775e+22	1.91e-03	3.41e-01	6.22e-01	3.37e-02	1.09e-03	1.86e-05	0.00e+00	0.00e+00
 7.47798e+22	2.20e-03	3.66e-01	6.01e-01	2.97e-02	9.28e-04	1.45e-05	0.00e+00	0.00e+00
 7.52965e+22	2.67e-03	4.02e-01	5.70e-01	2.48e-02	7.39e-04	1.02e-05	0.00e+00	0.00e+00
 7.58291e+22	3.09e-03	4.31e-01	5.44e-01	2.13e-02	6.15e-04	7.73e-06	0.00e+00	0.00e+00
 7.63825e+22	3.78e-03	4.73e-01	5.05e-01	1.72e-02	4.77e-04	5.21e-06	0.00e+00	0.00e+00
 7.69572e+22	4.44e-03	5.08e-01	4.73e-01	1.43e-02	3.85e-04	3.75e-06	0.00e+00	0.00e+00
 7.75598e+22	5.49e-03	5.56e-01	4.28e-01	1.10e-02	2.86e-04	2.37e-06	0.00e+00	0.00e+00
 7.81814e+22	6.52e-03	5.94e-01	3.90e-01	8.79e-03	2.22e-04	1.61e-06	0.00e+00	0.00e+00
 7.86659e+22	7.39e-03	6.22e-01	3.63e-01	7.40e-03	1.84e-04	1.20e-06	0.00e+00	0.00e+00
 7.91336e+22	8.66e-03	6.59e-01	3.26e-01	5.82e-03	1.42e-04	8.05e-07	0.00e+00	0.00e+00
 7.96147e+22	9.95e-03	6.90e-01	2.95e-01	4.69e-03	1.13e-04	5.66e-07	0.00e+00	0.00e+00
 8.01132e+22	1.18e-02	7.28e-01	2.56e-01	3.50e-03	8.32e-05	3.51e-07	0.00e+00	0.00e+00
 8.06216e+22	1.37e-02	7.58e-01	2.26e-01	2.70e-03	6.37e-05	2.33e-07	0.00e+00	0.00e+00
 8.11428e+22	1.64e-02	7.94e-01	1.88e-01	1.89e-03	4.41e-05	1.33e-07	0.00e+00	0.00e+00
 8.16840e+22	1.94e-02	8.22e-01	1.57e-01	1.35e-03	3.12e-05	0.00e+00	0.00e+00	0.00e+00
 8.21141e+22	2.21e-02	8.42e-01	1.34e-01	1.03e-03	2.34e-05	0.00e+00	0.00e+00	0.00e+00
 8.24801e+22	2.52e-02	8.60e-01	1.14e-01	7.71e-04	1.73e-05	0.00e+00	0.00e+00	0.00e+00
 8.28998e+22	2.96e-02	8.78e-01	9.14e-02	5.29e-04	1.16e-05	0.00e+00	0.00e+00	0.00e+00
 8.33411e+22	3.48e-02	8.93e-01	7.21e-02	3.61e-04	7.59e-06	0.00e+00	0.00e+00	0.00e+00
 8.37283e+22	4.06e-02	9.02e-01	5.67e-02	2.49e-04	4.99e-06	0.00e+00	0.00e+00	0.00e+00
 8.40838e+22	4.73e-02	9.08e-01	4.41e-02	1.72e-04	3.22e-06	0.00e+00	0.00e+00	0.00e+00
 8.44169e+22	5.52e-02	9.11e-01	3.38e-02	1.19e-04	2.04e-06	0.00e+00	0.00e+00	0.00e+00
 8.47262e+22	6.47e-02	9.10e-01	2.57e-02	8.34e-05	1.27e-06	0.00e+00	0.00e+00	0.00e+00
 8.50089e+22	7.59e-02	9.05e-01	1.94e-02	5.92e-05	7.84e-07	0.00e+00	0.00e+00	0.00e+00
 8.52640e+22	8.89e-02	8.96e-01	1.46e-02	4.31e-05	4.88e-07	0.00e+00	0.00e+00	0.00e+00
 8.54960e+22	1.04e-01	8.85e-01	1.10e-02	3.20e-05	3.05e-07	0.00e+00	0.00e+00	0.00e+00
 8.57086e+22	1.22e-01	8.69e-01	8.35e-03	2.44e-05	1.92e-07	0.00e+00	0.00e+00	0.00e+00
 8.58423e+22	1.35e-01	8.58e-01	7.06e-03	2.09e-05	1.46e-07	0.00e+00	0.00e+00	0.00e+00
 8.58921e+22	1.40e-01	8.53e-01	6.61e-03	1.97e-05	1.32e-07	0.00e+00	0.00e+00	0.00e+00
 8.59319e+22	1.45e-01	8.48e-01	6.23e-03	1.86e-05	0.00e+00	0.00e+00	0.00e+00	0.00e+00
 8.59834e+22	1.52e-01	8.42e-01	5.76e-03	1.74e-05	0.00e+00	0.00e+00	0.00e+00	0.00e+00
 8.60452e+22	1.61e-01	8.34e-01	5.24e-03	1.61e-05	0.00e+00	0.00e+00	0.00e+00	0.00e+00
 8.61079e+22	1.70e-01	8.25e-01	4.76e-03	1.48e-05	0.00e+00	0.00e+00	0.00e+00	0.00e+00
 8.61659e+22	1.78e-01	8.17e-01	4.37e-03	1.38e-05	0.00e+00	0.00e+00	0.00e+00	0.00e+00
 8.62250e+22	1.89e-01	8.07e-01	3.97e-03	1.28e-05	0.00e+00	0.00e+00	0.00e+00	0.00e+00
 8.62859e+22	1.99e-01	7.97e-01	3.61e-03	1.19e-05	0.00e+00	0.00e+00	0.00e+00	0.00e+00
 8.63483e+22	2.11e-01	7.86e-01	3.26e-03	1.10e-05	0.00e+00	0.00e+00	0.00e+00	0.00e+00
 8.64130e+22	2.24e-01	7.73e-01	2.92e-03	1.01e-05	0.00e+00	0.00e+00	0.00e+00	0.00e+00
 8.64756e+22	2.37e-01	7.60e-01	2.64e-03	9.37e-06	0.00e+00	0.00e+00	0.00e+00	0.00e+00
 8.65388e+22	2.52e-01	7.46e-01	2.37e-03	8.67e-06	0.00e+00	0.00e+00	0.00e+00	0.00e+00
 8.66062e+22	2.68e-01	7.30e-01	2.11e-03	7.98e-06	0.00e+00	0.00e+00	0.00e+00	0.00e+00
 8.66764e+22	2.85e-01	7.13e-01	1.87e-03	7.34e-06	0.00e+00	0.00e+00	0.00e+00	0.00e+00
 8.67497e+22	3.04e-01	6.94e-01	1.64e-03	6.73e-06	0.00e+00	0.00e+00	0.00e+00	0.00e+00
 8.68255e+22	3.25e-01	6.73e-01	1.43e-03	6.15e-06	0.00e+00	0.00e+00	0.00e+00	0.00e+00
 8.69009e+22	3.46e-01	6.52e-01	1.25e-03	5.63e-06	0.00e+00	0.00e+00	0.00e+00	0.00e+00
 8.69602e+22	3.62e-01	6.37e-01	1.14e-03	5.29e-06	0.00e+00	0.00e+00	0.00e+00	0.00e+00
 8.69998e+22	3.73e-01	6.26e-01	1.06e-03	5.07e-06	0.00e+00	0.00e+00	0.00e+00	0.00e+00
 8.70376e+22	3.84e-01	6.15e-01	9.93e-04	4.86e-06	0.00e+00	0.00e+00	0.00e+00	0.00e+00
 8.70817e+22	3.97e-01	6.02e-01	9.16e-04	4.62e-06	0.00e+00	0.00e+00	0.00e+00	0.00e+00
 8.71299e+22	4.12e-01	5.87e-01	8.38e-04	4.38e-06	0.00e+00	0.00e+00	0.00e+00	0.00e+00
 8.71767e+22	4.25e-01	5.74e-01	7.73e-04	4.17e-06	0.00e+00	0.00e+00	0.00e+00	0.00e+00
 8.72229e+22	4.39e-01	5.60e-01	7.11e-04	3.97e-06	0.00e+00	0.00e+00	0.00e+00	0.00e+00
 8.72707e+22	4.54e-01	5.46e-01	6.52e-04	3.77e-06	0.00e+00	0.00e+00	0.00e+00	0.00e+00
 8.73189e+22	4.68e-01	5.32e-01	5.98e-04	3.59e-06	0.00e+00	0.00e+00	0.00e+00	0.00e+00
 8.73676e+22	4.82e-01	5.17e-01	5.47e-04	3.41e-06	0.00e+00	0.00e+00	0.00e+00	0.00e+00
 8.74164e+22	4.96e-01	5.03e-01	5.03e-04	3.24e-06	0.00e+00	0.00e+00	0.00e+00	0.00e+00
 8.74668e+22	5.11e-01	4.89e-01	4.59e-04	3.08e-06	0.00e+00	0.00e+00	0.00e+00	0.00e+00
 8.75194e+22	5.26e-01	4.74e-01	4.18e-04	2.92e-06	0.00e+00	0.00e+00	0.00e+00	0.00e+00
 8.75719e+22	5.40e-01	4.59e-01	3.81e-04	2.78e-06	0.00e+00	0.00e+00	0.00e+00	0.00e+00
 8.76250e+22	5.55e-01	4.45e-01	3.47e-04	2.64e-06	0.00e+00	0.00e+00	0.00e+00	0.00e+00
 8.76801e+22	5.70e-01	4.30e-01	3.15e-04	2.50e-06	0.00e+00	0.00e+00	0.00e+00	0.00e+00
 8.77371e+22	5.85e-01	4.15e-01	2.85e-04	2.37e-06	0.00e+00	0.00e+00	0.00e+00	0.00e+00
 8.77950e+22	5.99e-01	4.00e-01	2.58e-04	2.25e-06	0.00e+00	0.00e+00	0.00e+00	0.00e+00
 8.78539e+22	6.14e-01	3.86e-01	2.34e-04	2.13e-06	0.00e+00	0.00e+00	0.00e+00	0.00e+00
 8.79149e+22	6.28e-01	3.71e-01	2.11e-04	2.02e-06	0.00e+00	0.00e+00	0.00e+00	0.00e+00
 8.79778e+22	6.43e-01	3.57e-01	1.90e-04	1.91e-06	0.00e+00	0.00e+00	0.00e+00	0.00e+00
 8.80421e+22	6.57e-01	3.42e-01	1.71e-04	1.80e-06	0.00e+00	0.00e+00	0.00e+00	0.00e+00
 8.81077e+22	6.72e-01	3.28e-01	1.54e-04	1.70e-06	0.00e+00	0.00e+00	0.00e+00	0.00e+00
 8.81754e+22	6.86e-01	3.14e-01	1.38e-04	1.61e-06	0.00e+00	0.00e+00	0.00e+00	0.00e+00
 8.82455e+22	7.00e-01	3.00e-01	1.24e-04	1.52e-06	0.00e+00	0.00e+00	0.00e+00	0.00e+00
 8.83176e+22	7.13e-01	2.87e-01	1.11e-04	1.43e-06	0.00e+00	0.00e+00	0.00e+00	0.00e+00
 8.83913e+22	7.27e-01	2.73e-01	9.90e-05	1.35e-06	0.00e+00	0.00e+00	0.00e+00	0.00e+00
 8.84670e+22	7.40e-01	2.60e-01	8.86e-05	1.27e-06	0.00e+00	0.00e+00	0.00e+00	0.00e+00
 8.85452e+22	7.53e-01	2.47e-01	7.92e-05	1.20e-06	0.00e+00	0.00e+00	0.00e+00	0.00e+00
 8.86255e+22	7.65e-01	2.35e-01	7.10e-05	1.13e-06	0.00e+00	0.00e+00	0.00e+00	0.00e+00
 8.87060e+22	7.77e-01	2.23e-01	6.37e-05	1.06e-06	0.00e+00	0.00e+00	0.00e+00	0.00e+00
 8.87878e+22	7.89e-01	2.11e-01	5.73e-05	9.99e-07	0.00e+00	0.00e+00	0.00e+00	0.00e+00
 8.88728e+22	8.00e-01	1.99e-01	5.14e-05	9.40e-07	0.00e+00	0.00e+00	0.00e+00	0.00e+00
 8.89584e+22	8.11e-01	1.89e-01	4.65e-05	8.86e-07	0.00e+00	0.00e+00	0.00e+00	0.00e+00
 8.90428e+22	8.21e-01	1.79e-01	4.22e-05	8.36e-07	0.00e+00	0.00e+00	0.00e+00	0.00e+00
 8.91293e+22	8.31e-01	1.69e-01	3.84e-05	7.89e-07	0.00e+00	0.00e+00	0.00e+00	0.00e+00
 8.92191e+22	8.41e-01	1.59e-01	3.49e-05	7.43e-07	0.00e+00	0.00e+00	0.00e+00	0.00e+00
 8.93097e+22	8.49e-01	1.51e-01	3.20e-05	7.01e-07	0.00e+00	0.00e+00	0.00e+00	0.00e+00
 8.94017e+22	8.58e-01	1.42e-01	2.93e-05	6.61e-07	0.00e+00	0.00e+00	0.00e+00	0.00e+00
 8.94962e+22	8.67e-01	1.33e-01	2.69e-05	6.24e-07	0.00e+00	0.00e+00	0.00e+00	0.00e+00
 8.95924e+22	8.75e-01	1.25e-01	2.48e-05	5.88e-07	0.00e+00	0.00e+00	0.00e+00	0.00e+00
 8.96901e+22	8.83e-01	1.17e-01	2.30e-05	5.55e-07	0.00e+00	0.00e+00	0.00e+00	0.00e+00
 8.97904e+22	8.90e-01	1.10e-01	2.13e-05	5.23e-07	0.00e+00	0.00e+00	0.00e+00	0.00e+00
 8.98932e+22	8.97e-01	1.03e-01	1.99e-05	4.93e-07	0.00e+00	0.00e+00	0.00e+00	0.00e+00
 8.99950e+22	9.04e-01	9.62e-02	1.86e-05	4.65e-07	0.00e+00	0.00e+00	0.00e+00	0.00e+00
 9.00925e+22	9.10e-01	9.02e-02	1.75e-05	4.42e-07	0.00e+00	0.00e+00	0.00e+00	0.00e+00
 9.01828e+22	9.15e-01	8.50e-02	1.67e-05	4.22e-07	0.00e+00	0.00e+00	0.00e+00	0.00e+00
 9.02664e+22	9.20e-01	8.03e-02	1.59e-05	4.04e-07	0.00e+00	0.00e+00	0.00e+00	0.00e+00
 9.03435e+22	9.24e-01	7.64e-02	1.53e-05	3.89e-07	0.00e+00	0.00e+00	0.00e+00	0.00e+00
 9.04177e+22	9.27e-01	7.26e-02	1.48e-05	3.75e-07	0.00e+00	0.00e+00	0.00e+00	0.00e+00
 9.04922e+22	9.31e-01	6.91e-02	1.43e-05	3.62e-07	0.00e+00	0.00e+00	0.00e+00	0.00e+00
 9.05654e+22	9.34e-01	6.56e-02	1.38e-05	3.49e-07	0.00e+00	0.00e+00	0.00e+00	0.00e+00
 9.06353e+22	9.37e-01	6.25e-02	1.34e-05	3.38e-07	0.00e+00	0.00e+00	0.00e+00	0.00e+00
 9.06992e+22	9.40e-01	6.00e-02	1.31e-05	3.29e-07	0.00e+00	0.00e+00	0.00e+00	0.00e+00
 9.07617e+22	9.43e-01	5.74e-02	1.27e-05	3.20e-07	0.00e+00	0.00e+00	0.00e+00	0.00e+00
 9.08234e+22	9.45e-01	5.51e-02	1.24e-05	3.12e-07	0.00e+00	0.00e+00	0.00e+00	0.00e+00
 9.08818e+22	9.47e-01	5.30e-02	1.22e-05	3.04e-07	0.00e+00	0.00e+00	0.00e+00	0.00e+00
 9.09398e+22	9.49e-01	5.09e-02	1.19e-05	2.98e-07	0.00e+00	0.00e+00	0.00e+00	0.00e+00
 9.09954e+22	9.51e-01	4.91e-02	1.17e-05	2.92e-07	0.00e+00	0.00e+00	0.00e+00	0.00e+00
 9.10476e+22	9.52e-01	4.76e-02	1.15e-05	2.87e-07	0.00e+00	0.00e+00	0.00e+00	0.00e+00
 9.10999e+22	9.54e-01	4.60e-02	1.13e-05	2.83e-07	0.00e+00	0.00e+00	0.00e+00	0.00e+00
 9.11501e+22	9.55e-01	4.46e-02	1.12e-05	2.79e-07	0.00e+00	0.00e+00	0.00e+00	0.00e+00
 9.11955e+22	9.57e-01	4.34e-02	1.10e-05	2.76e-07	0.00e+00	0.00e+00	0.00e+00	0.00e+00
 9.12368e+22	9.58e-01	4.24e-02	1.09e-05	2.74e-07	0.00e+00	0.00e+00	0.00e+00	0.00e+00
 9.12744e+22	9.58e-01	4.15e-02	1.08e-05	2.72e-07	0.00e+00	0.00e+00	0.00e+00	0.00e+00
 9.13086e+22	9.59e-01	4.08e-02	1.07e-05	2.71e-07	0.00e+00	0.00e+00	0.00e+00	0.00e+00
 9.13398e+22	9.60e-01	4.01e-02	1.06e-05	2.71e-07	0.00e+00	0.00e+00	0.00e+00	0.00e+00
 9.13681e+22	9.60e-01	3.96e-02	1.05e-05	2.70e-07	0.00e+00	0.00e+00	0.00e+00	0.00e+00
 9.13939e+22	9.61e-01	3.91e-02	1.05e-05	2.71e-07	0.00e+00	0.00e+00	0.00e+00	0.00e+00
 9.14174e+22	9.61e-01	3.87e-02	1.04e-05	2.70e-07	0.00e+00	0.00e+00	0.00e+00	0.00e+00
 9.14431e+22	9.62e-01	3.82e-02	1.03e-05	2.69e-07	0.00e+00	0.00e+00	0.00e+00	0.00e+00
 9.14765e+22	9.62e-01	3.76e-02	1.03e-05	2.69e-07	0.00e+00	0.00e+00	0.00e+00	0.00e+00
 9.15126e+22	9.63e-01	3.70e-02	1.02e-05	2.69e-07	0.00e+00	0.00e+00	0.00e+00	0.00e+00
 9.15454e+22	9.64e-01	3.65e-02	1.01e-05	2.69e-07	0.00e+00	0.00e+00	0.00e+00	0.00e+00
 9.15753e+22	9.64e-01	3.61e-02	1.00e-05	2.70e-07	0.00e+00	0.00e+00	0.00e+00	0.00e+00
 9.16025e+22	9.64e-01	3.57e-02	9.99e-06	2.70e-07	0.00e+00	0.00e+00	0.00e+00	0.00e+00
 9.16273e+22	9.65e-01	3.55e-02	9.94e-06	2.71e-07	0.00e+00	0.00e+00	0.00e+00	0.00e+00
 9.16544e+22	9.65e-01	3.51e-02	9.88e-06	2.72e-07	0.00e+00	0.00e+00	0.00e+00	0.00e+00
 9.16837e+22	9.65e-01	3.48e-02	9.83e-06	2.73e-07	0.00e+00	0.00e+00	0.00e+00	0.00e+00
 9.17103e+22	9.65e-01	3.45e-02	9.78e-06	2.74e-07	0.00e+00	0.00e+00	0.00e+00	0.00e+00
 9.17395e+22	9.66e-01	3.42e-02	9.72e-06	2.74e-07	0.00e+00	0.00e+00	0.00e+00	0.00e+00
 9.17710e+22	9.66e-01	3.39e-02	9.66e-06	2.74e-07	0.00e+00	0.00e+00	0.00e+00	0.00e+00
 9.17997e+22	9.66e-01	3.36e-02	9.61e-06	2.76e-07	0.00e+00	0.00e+00	0.00e+00	0.00e+00
 9.18258e+22	9.67e-01	3.34e-02	9.57e-06	2.75e-07	0.00e+00	0.00e+00	0.00e+00	0.00e+00
 9.18544e+22	9.67e-01	3.31e-02	9.51e-06	2.76e-07	0.00e+00	0.00e+00	0.00e+00	0.00e+00
 9.18916e+22	9.67e-01	3.27e-02	9.44e-06	2.77e-07	0.00e+00	0.00e+00	0.00e+00	0.00e+00
 9.19317e+22	9.68e-01	3.24e-02	9.37e-06	2.77e-07	0.00e+00	0.00e+00	0.00e+00	0.00e+00
 9.19682e+22	9.68e-01	3.21e-02	9.31e-06	2.78e-07	0.00e+00	0.00e+00	0.00e+00	0.00e+00
 9.20015e+22	9.68e-01	3.19e-02	9.26e-06	2.79e-07	0.00e+00	0.00e+00	0.00e+00	0.00e+00
 9.20317e+22	9.68e-01	3.17e-02	9.21e-06	2.80e-07	0.00e+00	0.00e+00	0.00e+00	0.00e+00
 9.20592e+22	9.68e-01	3.15e-02	9.18e-06	2.82e-07	0.00e+00	0.00e+00	0.00e+00	0.00e+00
 9.20843e+22	9.69e-01	3.14e-02	9.14e-06	2.82e-07	0.00e+00	0.00e+00	0.00e+00	0.00e+00
 9.21117e+22	9.69e-01	3.12e-02	9.09e-06	2.84e-07	0.00e+00	0.00e+00	0.00e+00	0.00e+00
 9.21413e+22	9.69e-01	3.10e-02	9.07e-06	2.85e-07	0.00e+00	0.00e+00	0.00e+00	0.00e+00
 9.21683e+22	9.69e-01	3.08e-02	9.05e-06	2.87e-07	0.00e+00	0.00e+00	0.00e+00	0.00e+00
 9.21928e+22	9.69e-01	3.07e-02	9.04e-06	2.89e-07	0.00e+00	0.00e+00	0.00e+00	0.00e+00
 9.22152e+22	9.69e-01	3.06e-02	9.02e-06	2.90e-07	0.00e+00	0.00e+00	0.00e+00	0.00e+00
 9.22396e+22	9.70e-01	3.05e-02	9.01e-06	2.92e-07	0.00e+00	0.00e+00	0.00e+00	0.00e+00
 9.22661e+22	9.70e-01	3.03e-02	8.99e-06	2.94e-07	0.00e+00	0.00e+00	0.00e+00	0.00e+00
 9.22901e+22	9.70e-01	3.02e-02	8.97e-06	2.94e-07	0.00e+00	0.00e+00	0.00e+00	0.00e+00
 9.23164e+22	9.70e-01	3.00e-02	8.95e-06	2.95e-07	0.00e+00	0.00e+00	0.00e+00	0.00e+00
 9.23449e+22	9.70e-01	2.99e-02	8.93e-06	2.97e-07	0.00e+00	0.00e+00	0.00e+00	0.00e+00
 9.23707e+22	9.70e-01	2.98e-02	8.92e-06	3.00e-07	0.00e+00	0.00e+00	0.00e+00	0.00e+00
 9.23943e+22	9.70e-01	2.96e-02	8.90e-06	3.00e-07	0.00e+00	0.00e+00	0.00e+00	0.00e+00
 9.24201e+22	9.71e-01	2.95e-02	8.88e-06	3.01e-07	0.00e+00	0.00e+00	0.00e+00	0.00e+00
 9.24480e+22	9.71e-01	2.93e-02	8.86e-06	3.02e-07	0.00e+00	0.00e+00	0.00e+00	0.00e+00
 9.24785e+22	9.71e-01	2.91e-02	8.84e-06	3.04e-07	0.00e+00	0.00e+00	0.00e+00	0.00e+00
 9.25114e+22	9.71e-01	2.90e-02	8.82e-06	3.06e-07	0.00e+00	0.00e+00	0.00e+00	0.00e+00
 9.25414e+22	9.71e-01	2.88e-02	8.80e-06	3.07e-07	0.00e+00	0.00e+00	0.00e+00	0.00e+00
 9.25630e+22	9.71e-01	2.87e-02	8.79e-06	3.08e-07	0.00e+00	0.00e+00	0.00e+00	0.00e+00
