#depth	Ar	Ar+	Ar+2	Ar+3	Ar+4	Ar+5	Ar+6	Ar+7	Ar+8	Ar+9	Ar+10	Ar+11	Ar+12	Ar+13	Ar+14	Ar+15	Ar+16	Ar+17	Ar+18
 4.62852e+21	0.00e+00	0.00e+00	7.41e-26	1.20e-22	1.14e-19	4.18e-17	8.91e-15	2.18e-12	1.25e-09	9.38e-08	3.37e-06	5.72e-05	6.75e-04	3.94e-03	1.43e-02	5.57e-02	3.94e-01	3.99e-01	1.33e-01
 1.04636e+22	0.00e+00	9.57e-29	2.64e-23	2.89e-20	1.73e-17	3.90e-15	5.03e-13	7.35e-11	3.51e-08	2.00e-06	5.19e-05	6.03e-04	4.88e-03	1.84e-02	4.16e-02	1.01e-01	4.68e-01	3.01e-01	6.40e-02
 1.22734e+22	0.00e+00	2.35e-27	5.52e-22	4.83e-19	2.23e-16	3.82e-14	3.69e-12	4.04e-10	1.84e-07	9.33e-06	2.05e-04	1.95e-03	1.29e-02	3.86e-02	6.76e-02	1.28e-01	4.73e-01	2.38e-01	3.99e-02
 1.31782e+22	2.81e-33	1.24e-26	2.69e-21	2.07e-18	8.27e-16	1.22e-13	1.00e-11	9.36e-10	4.22e-07	2.03e-05	4.12e-04	3.52e-03	2.10e-02	5.54e-02	8.46e-02	1.39e-01	4.61e-01	2.04e-01	3.01e-02
 1.35553e+22	4.41e-33	1.91e-26	4.04e-21	3.00e-18	1.16e-15	1.63e-13	1.29e-11	1.15e-09	5.21e-07	2.48e-05	4.92e-04	4.08e-03	2.37e-02	6.05e-02	8.93e-02	1.42e-01	4.56e-01	1.96e-01	2.79e-02
 1.36835e+22	6.03e-33	2.56e-26	5.36e-21	3.89e-18	1.46e-15	2.00e-13	1.53e-11	1.33e-09	6.03e-07	2.84e-05	5.56e-04	4.52e-03	2.58e-02	6.43e-02	9.26e-02	1.44e-01	4.52e-01	1.90e-01	2.64e-02
 1.37859e+22	8.06e-33	3.38e-26	6.97e-21	4.95e-18	1.81e-15	2.42e-13	1.80e-11	1.53e-09	6.90e-07	3.22e-05	6.22e-04	4.97e-03	2.78e-02	6.81e-02	9.57e-02	1.45e-01	4.48e-01	1.84e-01	2.51e-02
 1.38997e+22	1.21e-32	4.96e-26	1.01e-20	6.91e-18	2.43e-15	3.12e-13	2.23e-11	1.82e-09	8.28e-07	3.83e-05	7.27e-04	5.67e-03	3.10e-02	7.35e-02	1.00e-01	1.47e-01	4.42e-01	1.76e-01	2.33e-02
 1.40102e+22	1.60e-32	6.49e-26	1.30e-20	8.72e-18	3.00e-15	3.75e-13	2.61e-11	2.07e-09	9.42e-07	4.33e-05	8.10e-04	6.21e-03	3.33e-02	7.75e-02	1.03e-01	1.48e-01	4.38e-01	1.71e-01	2.21e-02
 1.41166e+22	2.27e-32	9.07e-26	1.79e-20	1.17e-17	3.88e-15	4.70e-13	3.15e-11	2.42e-09	1.11e-06	5.03e-05	9.26e-04	6.95e-03	3.65e-02	8.27e-02	1.07e-01	1.50e-01	4.32e-01	1.64e-01	2.07e-02
 1.42277e+22	3.13e-32	1.23e-25	2.39e-20	1.52e-17	4.92e-15	5.76e-13	3.74e-11	2.78e-09	1.28e-06	5.78e-05	1.05e-03	7.70e-03	3.97e-02	8.77e-02	1.11e-01	1.51e-01	4.26e-01	1.57e-01	1.94e-02
 1.43270e+22	4.17e-32	1.62e-25	3.10e-20	1.93e-17	6.08e-15	6.93e-13	4.37e-11	3.16e-09	1.46e-06	6.53e-05	1.17e-03	8.43e-03	4.26e-02	9.23e-02	1.14e-01	1.52e-01	4.20e-01	1.52e-01	1.83e-02
 1.44379e+22	6.31e-32	2.41e-25	4.53e-20	2.71e-17	8.21e-15	8.96e-13	5.41e-11	3.75e-09	1.74e-06	7.76e-05	1.36e-03	9.59e-03	4.73e-02	9.93e-02	1.18e-01	1.52e-01	4.11e-01	1.44e-01	1.68e-02
 1.45468e+22	8.32e-32	3.13e-25	5.82e-20	3.40e-17	1.00e-14	1.07e-12	6.26e-11	4.23e-09	1.97e-06	8.71e-05	1.51e-03	1.04e-02	5.06e-02	1.04e-01	1.21e-01	1.53e-01	4.04e-01	1.39e-01	1.59e-02
 1.46530e+22	1.24e-31	4.60e-25	8.41e-20	4.74e-17	1.34e-14	1.37e-12	7.68e-11	4.96e-09	2.34e-06	1.03e-04	1.75e-03	1.18e-02	5.59e-02	1.11e-01	1.26e-01	1.53e-01	3.95e-01	1.31e-01	1.46e-02
 1.47600e+22	1.67e-31	6.08e-25	1.10e-19	6.02e-17	1.66e-14	1.64e-12	8.93e-11	5.61e-09	2.66e-06	1.16e-04	1.95e-03	1.29e-02	5.99e-02	1.17e-01	1.29e-01	1.53e-01	3.87e-01	1.26e-01	1.37e-02
 1.48680e+22	2.51e-31	9.00e-25	1.59e-19	8.43e-17	2.23e-14	2.11e-12	1.09e-10	6.58e-09	3.16e-06	1.37e-04	2.26e-03	1.46e-02	6.60e-02	1.25e-01	1.33e-01	1.53e-01	3.76e-01	1.18e-01	1.25e-02
 1.49736e+22	3.34e-31	1.18e-24	2.06e-19	1.06e-16	2.73e-14	2.51e-12	1.26e-10	7.38e-09	3.57e-06	1.54e-04	2.50e-03	1.58e-02	7.04e-02	1.30e-01	1.36e-01	1.52e-01	3.68e-01	1.13e-01	1.17e-02
 1.50761e+22	4.97e-31	1.73e-24	2.97e-19	1.47e-16	3.63e-14	3.19e-12	1.53e-10	8.58e-09	4.21e-06	1.80e-04	2.88e-03	1.78e-02	7.71e-02	1.38e-01	1.39e-01	1.51e-01	3.56e-01	1.06e-01	1.06e-02
 1.51761e+22	6.53e-31	2.24e-24	3.81e-19	1.84e-16	4.41e-14	3.76e-12	1.76e-10	9.55e-09	4.72e-06	2.01e-04	3.17e-03	1.92e-02	8.20e-02	1.44e-01	1.42e-01	1.50e-01	3.48e-01	1.02e-01	9.92e-03
 1.52729e+22	9.48e-31	3.20e-24	5.35e-19	2.49e-16	5.74e-14	4.70e-12	2.10e-10	1.10e-08	5.49e-06	2.32e-04	3.61e-03	2.14e-02	8.89e-02	1.52e-01	1.45e-01	1.49e-01	3.36e-01	9.53e-02	9.03e-03
 1.53714e+22	1.28e-30	4.27e-24	7.05e-19	3.18e-16	7.10e-14	5.62e-12	2.42e-10	1.22e-08	6.19e-06	2.61e-04	4.00e-03	2.32e-02	9.48e-02	1.58e-01	1.47e-01	1.48e-01	3.26e-01	9.03e-02	8.36e-03
 1.54721e+22	1.92e-30	6.30e-24	1.02e-18	4.42e-16	9.42e-14	7.12e-12	2.92e-10	1.41e-08	7.26e-06	3.04e-04	4.58e-03	2.59e-02	1.03e-01	1.67e-01	1.50e-01	1.45e-01	3.13e-01	8.38e-02	7.51e-03
 1.55718e+22	2.57e-30	8.31e-24	1.33e-18	5.58e-16	1.15e-13	8.45e-12	3.35e-10	1.57e-08	8.14e-06	3.39e-04	5.05e-03	2.80e-02	1.09e-01	1.73e-01	1.52e-01	1.44e-01	3.03e-01	7.93e-02	6.94e-03
 1.56701e+22	3.81e-30	1.21e-23	1.91e-18	7.68e-16	1.52e-13	1.06e-11	4.02e-10	1.80e-08	9.48e-06	3.93e-04	5.74e-03	3.11e-02	1.18e-01	1.81e-01	1.54e-01	1.41e-01	2.90e-01	7.33e-02	6.22e-03
 1.57702e+22	5.23e-30	1.64e-23	2.55e-18	9.92e-16	1.89e-13	1.28e-11	4.64e-10	2.01e-08	1.07e-05	4.41e-04	6.35e-03	3.37e-02	1.26e-01	1.88e-01	1.55e-01	1.38e-01	2.78e-01	6.87e-02	5.68e-03
 1.58723e+22	7.88e-30	2.43e-23	3.70e-18	1.38e-15	2.51e-13	1.61e-11	5.59e-10	2.31e-08	1.25e-05	5.11e-04	7.23e-03	3.73e-02	1.36e-01	1.96e-01	1.57e-01	1.35e-01	2.64e-01	6.29e-02	5.03e-03
 1.59725e+22	1.06e-29	3.24e-23	4.87e-18	1.75e-15	3.09e-13	1.92e-11	6.39e-10	2.55e-08	1.39e-05	5.69e-04	7.93e-03	4.02e-02	1.43e-01	2.02e-01	1.57e-01	1.32e-01	2.54e-01	5.89e-02	4.60e-03
 1.60700e+22	1.58e-29	4.74e-23	7.00e-18	2.41e-15	4.06e-13	2.40e-11	7.63e-10	2.91e-08	1.61e-05	6.53e-04	8.94e-03	4.42e-02	1.53e-01	2.10e-01	1.58e-01	1.28e-01	2.40e-01	5.38e-02	4.07e-03
 1.61688e+22	2.17e-29	6.40e-23	9.33e-18	3.10e-15	5.04e-13	2.87e-11	8.76e-10	3.23e-08	1.80e-05	7.27e-04	9.82e-03	4.75e-02	1.61e-01	2.15e-01	1.58e-01	1.25e-01	2.29e-01	5.00e-02	3.68e-03
 1.62695e+22	3.28e-29	9.51e-23	1.36e-17	4.31e-15	6.68e-13	3.62e-11	1.05e-09	3.69e-08	2.07e-05	8.35e-04	1.11e-02	5.21e-02	1.72e-01	2.23e-01	1.58e-01	1.20e-01	2.14e-01	4.53e-02	3.22e-03
 1.63715e+22	4.54e-29	1.30e-22	1.83e-17	5.59e-15	8.33e-13	4.34e-11	1.21e-09	4.10e-08	2.32e-05	9.30e-04	1.21e-02	5.59e-02	1.81e-01	2.28e-01	1.57e-01	1.17e-01	2.03e-01	4.18e-02	2.89e-03
 1.64751e+22	6.95e-29	1.95e-22	2.70e-17	7.84e-15	1.11e-12	5.51e-11	1.46e-09	4.70e-08	2.67e-05	1.07e-03	1.36e-02	6.12e-02	1.93e-01	2.35e-01	1.56e-01	1.12e-01	1.89e-01	3.75e-02	2.50e-03
 1.65793e+22	9.64e-29	2.67e-22	3.63e-17	1.02e-14	1.39e-12	6.62e-11	1.68e-09	5.22e-08	2.98e-05	1.18e-03	1.49e-02	6.54e-02	2.01e-01	2.39e-01	1.55e-01	1.08e-01	1.79e-01	3.44e-02	2.23e-03
 1.66691e+22	1.33e-28	3.62e-22	4.86e-17	1.31e-14	1.72e-12	7.91e-11	1.93e-09	5.79e-08	3.30e-05	1.30e-03	1.62e-02	6.97e-02	2.10e-01	2.43e-01	1.53e-01	1.04e-01	1.69e-01	3.16e-02	1.99e-03
 1.67707e+22	2.02e-28	5.40e-22	7.11e-17	1.82e-14	2.28e-12	9.98e-11	2.31e-09	6.61e-08	3.77e-05	1.48e-03	1.80e-02	7.55e-02	2.21e-01	2.48e-01	1.51e-01	9.90e-02	1.56e-01	2.81e-02	1.71e-03
 1.68722e+22	2.74e-28	7.23e-22	9.37e-17	2.32e-14	2.81e-12	1.18e-10	2.64e-09	7.31e-08	4.15e-05	1.62e-03	1.94e-02	7.99e-02	2.29e-01	2.51e-01	1.49e-01	9.53e-02	1.47e-01	2.58e-02	1.53e-03
 1.69735e+22	4.13e-28	1.07e-21	1.36e-16	3.21e-14	3.70e-12	1.49e-10	3.15e-09	8.34e-08	4.70e-05	1.82e-03	2.14e-02	8.60e-02	2.40e-01	2.55e-01	1.46e-01	9.03e-02	1.35e-01	2.30e-02	1.31e-03
 1.70758e+22	5.60e-28	1.43e-21	1.79e-16	4.08e-14	4.55e-12	1.77e-10	3.61e-09	9.23e-08	5.16e-05	1.99e-03	2.30e-02	9.06e-02	2.48e-01	2.57e-01	1.43e-01	8.67e-02	1.27e-01	2.10e-02	1.17e-03
 1.71795e+22	8.45e-28	2.12e-21	2.60e-16	5.64e-14	6.00e-12	2.22e-10	4.32e-09	1.06e-07	5.83e-05	2.23e-03	2.53e-02	9.71e-02	2.58e-01	2.59e-01	1.40e-01	8.18e-02	1.17e-01	1.86e-02	9.99e-04
 1.72850e+22	1.15e-27	2.84e-21	3.43e-16	7.19e-14	7.39e-12	2.64e-10	4.96e-09	1.17e-07	6.39e-05	2.43e-03	2.72e-02	1.02e-01	2.66e-01	2.60e-01	1.37e-01	7.82e-02	1.09e-01	1.69e-02	8.85e-04
 1.73929e+22	1.72e-27	4.18e-21	4.94e-16	9.88e-14	9.71e-12	3.32e-10	5.94e-09	1.34e-07	7.20e-05	2.71e-03	2.97e-02	1.09e-01	2.75e-01	2.61e-01	1.33e-01	7.35e-02	1.00e-01	1.49e-02	7.54e-04
 1.75045e+22	2.40e-27	5.72e-21	6.65e-16	1.28e-13	1.21e-11	4.00e-10	6.89e-09	1.50e-07	7.92e-05	2.96e-03	3.18e-02	1.14e-01	2.83e-01	2.62e-01	1.30e-01	6.98e-02	9.29e-02	1.34e-02	6.59e-04
 1.76206e+22	3.65e-27	8.53e-21	9.70e-16	1.78e-13	1.61e-11	5.08e-10	8.33e-09	1.74e-07	8.94e-05	3.30e-03	3.48e-02	1.21e-01	2.92e-01	2.61e-01	1.25e-01	6.52e-02	8.43e-02	1.17e-02	5.55e-04
 1.77394e+22	5.10e-27	1.17e-20	1.31e-15	2.31e-13	2.02e-11	6.14e-10	9.69e-09	1.95e-07	9.84e-05	3.60e-03	3.72e-02	1.27e-01	2.99e-01	2.61e-01	1.21e-01	6.17e-02	7.80e-02	1.05e-02	4.83e-04
 1.78452e+22	7.04e-27	1.59e-20	1.74e-15	2.97e-13	2.51e-11	7.38e-10	1.12e-08	2.19e-07	1.08e-04	3.91e-03	3.97e-02	1.33e-01	3.05e-01	2.60e-01	1.18e-01	5.84e-02	7.22e-02	9.47e-03	4.21e-04
 1.79660e+22	1.06e-26	2.35e-20	2.52e-15	4.10e-13	3.32e-11	9.33e-10	1.36e-08	2.53e-07	1.21e-04	4.34e-03	4.30e-02	1.40e-01	3.13e-01	2.58e-01	1.13e-01	5.43e-02	6.52e-02	8.24e-03	3.53e-04
 1.80885e+22	1.46e-26	3.18e-20	3.35e-15	5.26e-13	4.12e-11	1.12e-09	1.58e-08	2.84e-07	1.33e-04	4.70e-03	4.57e-02	1.46e-01	3.19e-01	2.56e-01	1.09e-01	5.13e-02	6.02e-02	7.38e-03	3.07e-04
 1.82133e+22	2.20e-26	4.67e-20	4.80e-15	7.22e-13	5.43e-11	1.42e-09	1.90e-08	3.30e-07	1.49e-04	5.20e-03	4.94e-02	1.54e-01	3.26e-01	2.53e-01	1.05e-01	4.76e-02	5.43e-02	6.41e-03	2.57e-04
 1.83345e+22	2.93e-26	6.11e-20	6.18e-15	9.02e-13	6.59e-11	1.67e-09	2.18e-08	3.66e-07	1.62e-04	5.57e-03	5.21e-02	1.59e-01	3.30e-01	2.51e-01	1.01e-01	4.51e-02	5.04e-02	5.79e-03	2.26e-04
 1.84510e+22	4.24e-26	8.68e-20	8.59e-15	1.20e-12	8.47e-11	2.07e-09	2.59e-08	4.20e-07	1.80e-04	6.10e-03	5.57e-02	1.66e-01	3.35e-01	2.47e-01	9.68e-02	4.19e-02	4.57e-02	5.07e-03	1.91e-04
 1.85696e+22	5.62e-26	1.13e-19	1.10e-14	1.50e-12	1.03e-10	2.44e-09	2.97e-08	4.67e-07	1.95e-04	6.53e-03	5.86e-02	1.71e-01	3.39e-01	2.44e-01	9.35e-02	3.97e-02	4.24e-02	4.58e-03	1.68e-04
 1.86912e+22	8.20e-26	1.61e-19	1.53e-14	2.01e-12	1.32e-10	3.03e-09	3.55e-08	5.37e-07	2.17e-04	7.14e-03	6.26e-02	1.78e-01	3.43e-01	2.40e-01	8.91e-02	3.67e-02	3.83e-02	3.98e-03	1.41e-04
 1.88144e+22	1.08e-25	2.10e-19	1.96e-14	2.49e-12	1.60e-10	3.57e-09	4.05e-08	5.97e-07	2.36e-04	7.63e-03	6.57e-02	1.84e-01	3.46e-01	2.37e-01	8.58e-02	3.47e-02	3.54e-02	3.59e-03	1.24e-04
 1.89399e+22	1.58e-25	2.98e-19	2.72e-14	3.33e-12	2.06e-10	4.44e-09	4.85e-08	6.88e-07	2.62e-04	8.34e-03	7.00e-02	1.91e-01	3.50e-01	2.32e-01	8.15e-02	3.21e-02	3.19e-02	3.12e-03	1.04e-04
 1.90633e+22	2.04e-25	3.79e-19	3.40e-14	4.06e-12	2.46e-10	5.16e-09	5.49e-08	7.61e-07	2.83e-04	8.86e-03	7.31e-02	1.96e-01	3.52e-01	2.28e-01	7.86e-02	3.04e-02	2.96e-02	2.83e-03	9.18e-05
 1.91839e+22	2.89e-25	5.26e-19	4.62e-14	5.31e-12	3.11e-10	6.33e-09	6.50e-08	8.69e-07	3.12e-04	9.61e-03	7.74e-02	2.02e-01	3.55e-01	2.23e-01	7.47e-02	2.81e-02	2.68e-02	2.47e-03	7.75e-05
 1.93069e+22	3.75e-25	6.72e-19	5.80e-14	6.50e-12	3.72e-10	7.39e-09	7.39e-08	9.63e-07	3.37e-04	1.02e-02	8.09e-02	2.07e-01	3.56e-01	2.19e-01	7.18e-02	2.65e-02	2.48e-02	2.23e-03	6.82e-05
 1.94330e+22	5.33e-25	9.34e-19	7.87e-14	8.51e-12	4.72e-10	9.07e-09	8.76e-08	1.10e-06	3.74e-04	1.11e-02	8.55e-02	2.14e-01	3.58e-01	2.14e-01	6.80e-02	2.45e-02	2.23e-02	1.94e-03	5.73e-05
 1.95616e+22	6.95e-25	1.20e-18	9.91e-14	1.05e-11	5.66e-10	1.06e-08	9.98e-08	1.23e-06	4.04e-04	1.18e-02	8.93e-02	2.19e-01	3.59e-01	2.10e-01	6.52e-02	2.31e-02	2.06e-02	1.74e-03	5.02e-05
 1.96933e+22	9.91e-25	1.67e-18	1.35e-13	1.37e-11	7.20e-10	1.31e-08	1.19e-07	1.41e-06	4.48e-04	1.28e-02	9.44e-02	2.26e-01	3.60e-01	2.04e-01	6.15e-02	2.12e-02	1.85e-02	1.51e-03	4.20e-05
 1.98274e+22	1.30e-24	2.14e-18	1.70e-13	1.69e-11	8.65e-10	1.53e-08	1.36e-07	1.57e-06	4.86e-04	1.36e-02	9.84e-02	2.31e-01	3.60e-01	1.99e-01	5.88e-02	1.99e-02	1.70e-02	1.35e-03	3.66e-05
 1.99644e+22	1.85e-24	2.99e-18	2.31e-13	2.22e-11	1.10e-09	1.89e-08	1.62e-07	1.80e-06	5.39e-04	1.47e-02	1.04e-01	2.38e-01	3.60e-01	1.93e-01	5.53e-02	1.83e-02	1.52e-02	1.16e-03	3.04e-05
 2.01041e+22	2.43e-24	3.85e-18	2.92e-13	2.73e-11	1.33e-09	2.22e-08	1.85e-07	2.01e-06	5.85e-04	1.57e-02	1.08e-01	2.43e-01	3.60e-01	1.88e-01	5.27e-02	1.71e-02	1.39e-02	1.04e-03	2.64e-05
 2.02471e+22	3.48e-24	5.38e-18	3.97e-13	3.59e-11	1.69e-09	2.75e-08	2.21e-07	2.32e-06	6.51e-04	1.70e-02	1.14e-01	2.49e-01	3.59e-01	1.82e-01	4.94e-02	1.56e-02	1.24e-02	8.91e-04	2.19e-05
 2.03868e+22	4.44e-24	6.74e-18	4.88e-13	4.33e-11	2.00e-09	3.18e-08	2.49e-07	2.56e-06	7.01e-04	1.80e-02	1.18e-01	2.54e-01	3.58e-01	1.78e-01	4.72e-02	1.47e-02	1.15e-02	8.03e-04	1.92e-05
 2.05224e+22	6.22e-24	9.23e-18	6.52e-13	5.60e-11	2.51e-09	3.88e-08	2.95e-07	2.94e-06	7.75e-04	1.94e-02	1.24e-01	2.60e-01	3.56e-01	1.71e-01	4.43e-02	1.35e-02	1.02e-02	6.93e-04	1.60e-05
 2.06601e+22	7.95e-24	1.16e-17	8.04e-13	6.75e-11	2.97e-09	4.49e-08	3.33e-07	3.25e-06	8.35e-04	2.05e-02	1.29e-01	2.64e-01	3.54e-01	1.67e-01	4.22e-02	1.26e-02	9.44e-03	6.23e-04	1.41e-05
 2.08006e+22	1.11e-23	1.57e-17	1.06e-12	8.68e-11	3.72e-09	5.47e-08	3.93e-07	3.71e-06	9.22e-04	2.20e-02	1.35e-01	2.69e-01	3.52e-01	1.61e-01	3.95e-02	1.16e-02	8.44e-03	5.38e-04	1.17e-05
 2.09455e+22	1.45e-23	2.02e-17	1.34e-12	1.06e-10	4.46e-09	6.41e-08	4.49e-07	4.14e-06	1.00e-03	2.34e-02	1.40e-01	2.74e-01	3.50e-01	1.56e-01	3.75e-02	1.08e-02	7.70e-03	4.77e-04	1.01e-05
 2.10960e+22	2.02e-23	2.75e-17	1.78e-12	1.37e-10	5.60e-09	7.83e-08	5.31e-07	4.74e-06	1.11e-03	2.52e-02	1.46e-01	2.79e-01	3.46e-01	1.50e-01	3.50e-02	9.81e-03	6.85e-03	4.10e-04	8.41e-06
 2.12516e+22	2.68e-23	3.57e-17	2.26e-12	1.70e-10	6.79e-09	9.26e-08	6.12e-07	5.32e-06	1.21e-03	2.68e-02	1.52e-01	2.83e-01	3.43e-01	1.45e-01	3.29e-02	9.07e-03	6.20e-03	3.60e-04	7.18e-06
 2.14136e+22	3.81e-23	4.93e-17	3.03e-12	2.22e-10	8.60e-09	1.14e-07	7.29e-07	6.14e-06	1.34e-03	2.89e-02	1.59e-01	2.89e-01	3.39e-01	1.38e-01	3.05e-02	8.22e-03	5.48e-03	3.07e-04	5.89e-06
 2.15800e+22	5.10e-23	6.46e-17	3.88e-12	2.77e-10	1.05e-08	1.36e-07	8.44e-07	6.92e-06	1.47e-03	3.08e-02	1.66e-01	2.93e-01	3.35e-01	1.33e-01	2.86e-02	7.56e-03	4.93e-03	2.68e-04	4.99e-06
 2.17523e+22	7.32e-23	9.01e-17	5.26e-12	3.65e-10	1.34e-08	1.68e-07	1.01e-06	8.02e-06	1.64e-03	3.33e-02	1.73e-01	2.97e-01	3.30e-01	1.26e-01	2.64e-02	6.80e-03	4.32e-03	2.26e-04	4.06e-06
 2.19303e+22	9.95e-23	1.20e-16	6.80e-12	4.60e-10	1.65e-08	2.02e-07	1.18e-06	9.09e-06	1.79e-03	3.55e-02	1.80e-01	3.01e-01	3.25e-01	1.21e-01	2.46e-02	6.22e-03	3.86e-03	1.95e-04	3.39e-06
 2.21158e+22	1.45e-22	1.69e-16	9.34e-12	6.12e-10	2.13e-08	2.52e-07	1.42e-06	1.06e-05	2.01e-03	3.85e-02	1.89e-01	3.06e-01	3.19e-01	1.14e-01	2.25e-02	5.55e-03	3.35e-03	1.63e-04	2.72e-06
 2.23060e+22	2.00e-22	2.27e-16	1.22e-11	7.77e-10	2.64e-08	3.04e-07	1.67e-06	1.21e-05	2.21e-03	4.12e-02	1.96e-01	3.09e-01	3.13e-01	1.09e-01	2.09e-02	5.04e-03	2.97e-03	1.40e-04	2.26e-06
 2.24767e+22	2.70e-22	2.99e-16	1.57e-11	9.76e-10	3.23e-08	3.64e-07	1.94e-06	1.37e-05	2.43e-03	4.38e-02	2.03e-01	3.12e-01	3.08e-01	1.04e-01	1.94e-02	4.59e-03	2.65e-03	1.21e-04	1.89e-06
 2.26728e+22	4.04e-22	4.33e-16	2.19e-11	1.32e-09	4.25e-08	4.62e-07	2.37e-06	1.61e-05	2.74e-03	4.76e-02	2.13e-01	3.16e-01	3.00e-01	9.75e-02	1.76e-02	4.05e-03	2.26e-03	9.86e-05	1.48e-06
 2.28702e+22	5.46e-22	5.71e-16	2.81e-11	1.66e-09	5.20e-08	5.51e-07	2.75e-06	1.82e-05	3.00e-03	5.07e-02	2.20e-01	3.18e-01	2.94e-01	9.27e-02	1.63e-02	3.68e-03	2.01e-03	8.50e-05	1.23e-06
 2.30691e+22	8.11e-22	8.21e-16	3.91e-11	2.23e-09	6.78e-08	6.96e-07	3.35e-06	2.13e-05	3.37e-03	5.49e-02	2.29e-01	3.20e-01	2.86e-01	8.66e-02	1.47e-02	3.24e-03	1.72e-03	6.94e-05	9.64e-07
 2.32722e+22	1.12e-21	1.10e-15	5.10e-11	2.83e-09	8.40e-08	8.40e-07	3.92e-06	2.43e-05	3.71e-03	5.85e-02	2.37e-01	3.22e-01	2.79e-01	8.19e-02	1.35e-02	2.91e-03	1.51e-03	5.89e-05	7.90e-07
 2.34808e+22	1.68e-21	1.60e-15	7.14e-11	3.84e-09	1.10e-07	1.07e-06	4.80e-06	2.87e-05	4.18e-03	6.33e-02	2.47e-01	3.24e-01	2.69e-01	7.60e-02	1.21e-02	2.54e-03	1.28e-03	4.76e-05	6.11e-07
 2.36927e+22	2.33e-21	2.15e-15	9.35e-11	4.90e-09	1.37e-07	1.29e-06	5.65e-06	3.27e-05	4.60e-03	6.75e-02	2.55e-01	3.25e-01	2.62e-01	7.14e-02	1.10e-02	2.27e-03	1.11e-03	4.00e-05	4.95e-07
 2.39087e+22	3.55e-21	3.17e-15	1.32e-10	6.70e-09	1.82e-07	1.66e-06	6.97e-06	3.89e-05	5.21e-03	7.32e-02	2.66e-01	3.25e-01	2.52e-01	6.58e-02	9.78e-03	1.96e-03	9.27e-04	3.18e-05	3.75e-07
 2.41129e+22	4.69e-21	4.09e-15	1.67e-10	8.25e-09	2.20e-07	1.95e-06	8.00e-06	4.36e-05	5.66e-03	7.72e-02	2.73e-01	3.26e-01	2.45e-01	6.22e-02	9.02e-03	1.78e-03	8.22e-04	2.73e-05	3.12e-07
 2.43018e+22	6.78e-21	5.71e-15	2.25e-10	1.08e-08	2.81e-07	2.43e-06	9.61e-06	5.06e-05	6.31e-03	8.28e-02	2.82e-01	3.25e-01	2.36e-01	5.76e-02	8.08e-03	1.56e-03	6.98e-04	2.22e-05	2.43e-07
 2.44921e+22	8.96e-21	7.37e-15	2.83e-10	1.33e-08	3.39e-07	2.86e-06	1.10e-05	5.67e-05	6.84e-03	8.72e-02	2.88e-01	3.25e-01	2.29e-01	5.43e-02	7.43e-03	1.40e-03	6.16e-04	1.90e-05	2.01e-07
 2.46846e+22	1.30e-20	1.03e-14	3.84e-10	1.75e-08	4.35e-07	3.57e-06	1.33e-05	6.62e-05	7.63e-03	9.35e-02	2.97e-01	3.23e-01	2.20e-01	5.00e-02	6.61e-03	1.22e-03	5.19e-04	1.53e-05	1.55e-07
 2.48788e+22	1.73e-20	1.34e-14	4.84e-10	2.16e-08	5.26e-07	4.23e-06	1.53e-05	7.44e-05	8.30e-03	9.85e-02	3.04e-01	3.22e-01	2.12e-01	4.69e-02	6.03e-03	1.09e-03	4.54e-04	1.29e-05	1.27e-07
 2.50754e+22	2.51e-20	1.88e-14	6.56e-10	2.85e-08	6.77e-07	5.29e-06	1.85e-05	8.71e-05	9.27e-03	1.05e-01	3.13e-01	3.20e-01	2.03e-01	4.29e-02	5.33e-03	9.44e-04	3.79e-04	1.03e-05	0.00e+00
 2.52747e+22	3.36e-20	2.45e-14	8.30e-10	3.53e-08	8.22e-07	6.29e-06	2.15e-05	9.83e-05	1.01e-02	1.11e-01	3.20e-01	3.18e-01	1.95e-01	4.00e-02	4.83e-03	8.41e-04	3.29e-04	8.61e-06	0.00e+00
 2.54774e+22	4.92e-20	3.46e-14	1.13e-09	4.66e-08	1.06e-06	7.92e-06	2.61e-05	1.16e-04	1.13e-02	1.19e-01	3.28e-01	3.14e-01	1.85e-01	3.63e-02	4.22e-03	7.18e-04	2.71e-04	6.75e-06	0.00e+00
 2.56829e+22	6.59e-20	4.51e-14	1.43e-09	5.78e-08	1.30e-06	9.44e-06	3.03e-05	1.31e-04	1.23e-02	1.25e-01	3.35e-01	3.11e-01	1.78e-01	3.36e-02	3.80e-03	6.35e-04	2.33e-04	5.60e-06	0.00e+00
 2.58919e+22	9.66e-20	6.37e-14	1.94e-09	7.65e-08	1.68e-06	1.19e-05	3.70e-05	1.55e-04	1.39e-02	1.34e-01	3.43e-01	3.07e-01	1.68e-01	3.03e-02	3.29e-03	5.37e-04	1.90e-04	4.33e-06	0.00e+00
 2.61054e+22	1.31e-19	8.37e-14	2.47e-09	9.55e-08	2.07e-06	1.44e-05	4.34e-05	1.77e-04	1.52e-02	1.42e-01	3.49e-01	3.03e-01	1.60e-01	2.78e-02	2.93e-03	4.68e-04	1.61e-04	3.52e-06	0.00e+00
 2.63247e+22	1.93e-19	1.19e-13	3.36e-09	1.27e-07	2.70e-06	1.83e-05	5.34e-05	2.11e-04	1.72e-02	1.52e-01	3.57e-01	2.97e-01	1.49e-01	2.47e-02	2.50e-03	3.90e-04	1.29e-04	2.67e-06	0.00e+00
 2.65484e+22	2.63e-19	1.57e-13	4.28e-09	1.59e-07	3.34e-06	2.23e-05	6.30e-05	2.43e-04	1.89e-02	1.61e-01	3.63e-01	2.91e-01	1.41e-01	2.24e-02	2.20e-03	3.36e-04	1.07e-04	2.13e-06	0.00e+00
 2.67705e+22	3.81e-19	2.18e-13	5.71e-09	2.09e-07	4.32e-06	2.82e-05	7.72e-05	2.89e-04	2.13e-02	1.72e-01	3.69e-01	2.84e-01	1.31e-01	1.98e-02	1.86e-03	2.79e-04	8.52e-05	1.60e-06	0.00e+00
 2.69815e+22	4.96e-19	2.75e-13	7.00e-09	2.53e-07	5.19e-06	3.34e-05	8.93e-05	3.28e-04	2.32e-02	1.80e-01	3.73e-01	2.79e-01	1.24e-01	1.81e-02	1.65e-03	2.43e-04	7.22e-05	1.30e-06	0.00e+00
 2.71854e+22	6.94e-19	3.71e-13	9.05e-09	3.23e-07	6.59e-06	4.17e-05	1.08e-04	3.87e-04	2.59e-02	1.91e-01	3.78e-01	2.71e-01	1.15e-01	1.60e-02	1.41e-03	2.02e-04	5.77e-05	9.88e-07	0.00e+00
 2.73930e+22	9.02e-19	4.68e-13	1.11e-08	3.92e-07	7.95e-06	4.96e-05	1.26e-04	4.41e-04	2.83e-02	2.01e-01	3.82e-01	2.65e-01	1.08e-01	1.45e-02	1.23e-03	1.74e-04	4.81e-05	7.90e-07	0.00e+00
 2.75969e+22	1.23e-18	6.13e-13	1.39e-08	4.92e-07	9.94e-06	6.11e-05	1.51e-04	5.18e-04	3.15e-02	2.12e-01	3.85e-01	2.56e-01	1.00e-01	1.28e-02	1.05e-03	1.45e-04	3.85e-05	6.00e-07	0.00e+00
 2.78050e+22	1.59e-18	7.70e-13	1.69e-08	5.96e-07	1.20e-05	7.31e-05	1.76e-04	5.94e-04	3.46e-02	2.23e-01	3.87e-01	2.49e-01	9.32e-02	1.14e-02	9.07e-04	1.23e-04	3.16e-05	4.71e-07	0.00e+00
 2.80077e+22	2.10e-18	9.81e-13	2.08e-08	7.32e-07	1.48e-05	8.88e-05	2.09e-04	6.92e-04	3.83e-02	2.34e-01	3.89e-01	2.40e-01	8.59e-02	1.01e-02	7.71e-04	1.03e-04	2.54e-05	3.60e-07	0.00e+00
 2.82147e+22	2.72e-18	1.23e-12	2.51e-08	8.86e-07	1.79e-05	1.07e-04	2.44e-04	7.98e-04	4.20e-02	2.46e-01	3.90e-01	2.32e-01	7.94e-02	8.95e-03	6.60e-04	8.62e-05	2.06e-05	2.78e-07	0.00e+00
 2.84196e+22	3.52e-18	1.53e-12	3.01e-08	1.07e-06	2.17e-05	1.28e-04	2.87e-04	9.24e-04	4.63e-02	2.58e-01	3.90e-01	2.23e-01	7.29e-02	7.87e-03	5.60e-04	7.18e-05	1.65e-05	2.12e-07	0.00e+00
 2.86256e+22	4.49e-18	1.88e-12	3.58e-08	1.29e-06	2.62e-05	1.53e-04	3.36e-04	1.07e-03	5.08e-02	2.70e-01	3.89e-01	2.14e-01	6.69e-02	6.93e-03	4.76e-04	5.99e-05	1.33e-05	1.63e-07	0.00e+00
 2.88292e+22	5.68e-18	2.30e-12	4.23e-08	1.53e-06	3.14e-05	1.83e-04	3.92e-04	1.23e-03	5.57e-02	2.81e-01	3.88e-01	2.05e-01	6.13e-02	6.08e-03	4.04e-04	4.98e-05	1.07e-05	1.25e-07	0.00e+00
 2.90324e+22	7.14e-18	2.80e-12	4.95e-08	1.82e-06	3.75e-05	2.17e-04	4.55e-04	1.41e-03	6.10e-02	2.93e-01	3.86e-01	1.96e-01	5.60e-02	5.33e-03	3.42e-04	4.14e-05	8.54e-06	0.00e+00	0.00e+00
 2.92361e+22	8.93e-18	3.38e-12	5.77e-08	2.15e-06	4.47e-05	2.57e-04	5.27e-04	1.62e-03	6.67e-02	3.05e-01	3.83e-01	1.87e-01	5.10e-02	4.66e-03	2.89e-04	3.43e-05	6.83e-06	0.00e+00	0.00e+00
 2.94405e+22	1.11e-17	4.06e-12	6.69e-08	2.54e-06	5.31e-05	3.04e-04	6.10e-04	1.86e-03	7.27e-02	3.17e-01	3.79e-01	1.78e-01	4.63e-02	4.06e-03	2.44e-04	2.84e-05	5.45e-06	0.00e+00	0.00e+00
 2.96462e+22	1.38e-17	4.86e-12	7.73e-08	2.98e-06	6.29e-05	3.58e-04	7.04e-04	2.14e-03	7.93e-02	3.29e-01	3.74e-01	1.69e-01	4.20e-02	3.53e-03	2.05e-04	2.34e-05	4.34e-06	0.00e+00	0.00e+00
 2.98537e+22	1.70e-17	5.80e-12	8.90e-08	3.50e-06	7.43e-05	4.21e-04	8.10e-04	2.45e-03	8.63e-02	3.40e-01	3.69e-01	1.60e-01	3.80e-02	3.07e-03	1.72e-04	1.93e-05	3.45e-06	0.00e+00	0.00e+00
 3.00638e+22	2.11e-17	6.92e-12	1.02e-07	4.10e-06	8.78e-05	4.95e-04	9.31e-04	2.80e-03	9.38e-02	3.51e-01	3.63e-01	1.51e-01	3.42e-02	2.65e-03	1.44e-04	1.58e-05	2.73e-06	0.00e+00	0.00e+00
 3.02749e+22	2.59e-17	8.22e-12	1.17e-07	4.79e-06	1.03e-04	5.79e-04	1.07e-03	3.19e-03	1.02e-01	3.62e-01	3.56e-01	1.42e-01	3.08e-02	2.29e-03	1.21e-04	1.30e-05	2.16e-06	0.00e+00	0.00e+00
 3.04894e+22	3.21e-17	9.80e-12	1.35e-07	5.61e-06	1.22e-04	6.79e-04	1.22e-03	3.65e-03	1.10e-01	3.73e-01	3.49e-01	1.33e-01	2.75e-02	1.97e-03	1.00e-04	1.05e-05	1.69e-06	0.00e+00	0.00e+00
 3.07064e+22	3.95e-17	1.16e-11	1.54e-07	6.54e-06	1.43e-04	7.91e-04	1.39e-03	4.14e-03	1.19e-01	3.83e-01	3.41e-01	1.25e-01	2.47e-02	1.70e-03	8.34e-05	8.60e-06	1.34e-06	0.00e+00	0.00e+00
 3.09277e+22	4.92e-17	1.39e-11	1.78e-07	7.68e-06	1.68e-04	9.27e-04	1.59e-03	4.73e-03	1.29e-01	3.92e-01	3.32e-01	1.16e-01	2.19e-02	1.45e-03	6.88e-05	6.94e-06	1.04e-06	0.00e+00	0.00e+00
 3.11335e+22	5.88e-17	1.62e-11	2.00e-07	8.76e-06	1.92e-04	1.05e-03	1.77e-03	5.25e-03	1.37e-01	4.00e-01	3.24e-01	1.10e-01	1.99e-02	1.27e-03	5.89e-05	5.83e-06	8.49e-07	0.00e+00	0.00e+00
 3.13456e+22	7.39e-17	1.95e-11	2.32e-07	1.03e-05	2.27e-04	1.23e-03	2.02e-03	6.00e-03	1.48e-01	4.08e-01	3.14e-01	1.01e-01	1.75e-02	1.08e-03	4.80e-05	4.65e-06	6.51e-07	0.00e+00	0.00e+00
 3.15610e+22	8.91e-17	2.28e-11	2.62e-07	1.18e-05	2.60e-04	1.40e-03	2.24e-03	6.65e-03	1.57e-01	4.15e-01	3.06e-01	9.54e-02	1.58e-02	9.42e-04	4.09e-05	3.89e-06	5.29e-07	0.00e+00	0.00e+00
 3.17813e+22	1.13e-16	2.78e-11	3.06e-07	1.41e-05	3.08e-04	1.64e-03	2.55e-03	7.60e-03	1.69e-01	4.22e-01	2.94e-01	8.76e-02	1.38e-02	7.89e-04	3.30e-05	3.07e-06	4.02e-07	0.00e+00	0.00e+00
 3.20027e+22	1.38e-16	3.27e-11	3.49e-07	1.61e-05	3.51e-04	1.85e-03	2.81e-03	8.38e-03	1.78e-01	4.27e-01	2.86e-01	8.22e-02	1.25e-02	6.91e-04	2.82e-05	2.57e-06	3.27e-07	0.00e+00	0.00e+00
 3.22255e+22	1.76e-16	4.02e-11	4.12e-07	1.92e-05	4.16e-04	2.16e-03	3.18e-03	9.51e-03	1.91e-01	4.32e-01	2.74e-01	7.53e-02	1.09e-02	5.79e-04	2.28e-05	2.03e-06	2.49e-07	0.00e+00	0.00e+00
 3.24496e+22	2.15e-16	4.75e-11	4.72e-07	2.21e-05	4.74e-04	2.43e-03	3.50e-03	1.04e-02	2.01e-01	4.36e-01	2.65e-01	7.04e-02	9.81e-03	5.05e-04	1.94e-05	1.69e-06	2.02e-07	0.00e+00	0.00e+00
 3.26755e+22	2.79e-16	5.90e-11	5.62e-07	2.64e-05	5.60e-04	2.83e-03	3.94e-03	1.18e-02	2.15e-01	4.40e-01	2.53e-01	6.42e-02	8.53e-03	4.23e-04	1.57e-05	1.34e-06	1.54e-07	0.00e+00	0.00e+00
 3.29032e+22	3.44e-16	7.04e-11	6.49e-07	3.05e-05	6.38e-04	3.18e-03	4.32e-03	1.29e-02	2.25e-01	4.42e-01	2.44e-01	5.98e-02	7.65e-03	3.68e-04	1.33e-05	1.11e-06	1.24e-07	0.00e+00	0.00e+00
 3.31334e+22	4.51e-16	8.85e-11	7.82e-07	3.67e-05	7.55e-04	3.69e-03	4.84e-03	1.45e-02	2.39e-01	4.43e-01	2.32e-01	5.44e-02	6.63e-03	3.07e-04	1.07e-05	8.75e-07	0.00e+00	0.00e+00	0.00e+00
 3.33665e+22	5.62e-16	1.07e-10	9.11e-07	4.26e-05	8.61e-04	4.14e-03	5.29e-03	1.59e-02	2.50e-01	4.44e-01	2.23e-01	5.05e-02	5.92e-03	2.66e-04	9.04e-06	7.26e-07	0.00e+00	0.00e+00	0.00e+00
 3.36033e+22	7.49e-16	1.36e-10	1.11e-06	5.16e-05	1.02e-03	4.81e-03	5.92e-03	1.78e-02	2.64e-01	4.44e-01	2.11e-01	4.57e-02	5.11e-03	2.21e-04	7.25e-06	5.68e-07	0.00e+00	0.00e+00	0.00e+00
 3.38441e+22	9.47e-16	1.66e-10	1.31e-06	6.03e-05	1.17e-03	5.40e-03	6.46e-03	1.94e-02	2.76e-01	4.43e-01	2.02e-01	4.22e-02	4.54e-03	1.91e-04	6.09e-06	4.68e-07	0.00e+00	0.00e+00	0.00e+00
 3.40900e+22	1.29e-15	2.16e-10	1.63e-06	7.38e-05	1.39e-03	6.27e-03	7.22e-03	2.17e-02	2.90e-01	4.40e-01	1.90e-01	3.79e-02	3.89e-03	1.57e-04	4.85e-06	3.64e-07	0.00e+00	0.00e+00	0.00e+00
 3.43410e+22	1.65e-15	2.68e-10	1.95e-06	8.70e-05	1.60e-03	7.06e-03	7.88e-03	2.36e-02	3.02e-01	4.38e-01	1.81e-01	3.48e-02	3.44e-03	1.35e-04	4.05e-06	2.98e-07	0.00e+00	0.00e+00	0.00e+00
 3.45987e+22	2.30e-15	3.55e-10	2.47e-06	1.08e-04	1.92e-03	8.22e-03	8.80e-03	2.64e-02	3.17e-01	4.33e-01	1.70e-01	3.11e-02	2.92e-03	1.11e-04	3.19e-06	2.29e-07	0.00e+00	0.00e+00	0.00e+00
 3.48627e+22	3.01e-15	4.49e-10	3.00e-06	1.28e-04	2.22e-03	9.28e-03	9.61e-03	2.87e-02	3.29e-01	4.29e-01	1.61e-01	2.84e-02	2.56e-03	9.41e-05	2.64e-06	1.86e-07	0.00e+00	0.00e+00	0.00e+00
 3.50853e+22	3.83e-15	5.52e-10	3.57e-06	1.50e-04	2.53e-03	1.03e-02	1.04e-02	3.09e-02	3.39e-01	4.25e-01	1.53e-01	2.61e-02	2.28e-03	8.16e-05	2.23e-06	1.54e-07	0.00e+00	0.00e+00	0.00e+00
 3.53248e+22	5.24e-15	7.23e-10	4.48e-06	1.83e-04	2.98e-03	1.18e-02	1.14e-02	3.39e-02	3.53e-01	4.18e-01	1.43e-01	2.35e-02	1.95e-03	6.78e-05	1.79e-06	1.21e-07	0.00e+00	0.00e+00	0.00e+00
 3.55678e+22	6.74e-15	8.98e-10	5.38e-06	2.15e-04	3.40e-03	1.31e-02	1.23e-02	3.64e-02	3.63e-01	4.13e-01	1.36e-01	2.15e-02	1.73e-03	5.85e-05	1.50e-06	0.00e+00	0.00e+00	0.00e+00	0.00e+00
 3.57781e+22	8.58e-15	1.11e-09	6.41e-06	2.51e-04	3.84e-03	1.45e-02	1.32e-02	3.88e-02	3.72e-01	4.07e-01	1.29e-01	1.98e-02	1.54e-03	5.08e-05	1.28e-06	0.00e+00	0.00e+00	0.00e+00	0.00e+00
 3.60142e+22	1.17e-14	1.45e-09	8.07e-06	3.06e-04	4.51e-03	1.65e-02	1.44e-02	4.23e-02	3.84e-01	3.98e-01	1.20e-01	1.77e-02	1.32e-03	4.22e-05	1.03e-06	0.00e+00	0.00e+00	0.00e+00	0.00e+00
 3.62494e+22	1.49e-14	1.79e-09	9.62e-06	3.55e-04	5.09e-03	1.82e-02	1.54e-02	4.49e-02	3.92e-01	3.92e-01	1.14e-01	1.63e-02	1.18e-03	3.69e-05	8.74e-07	0.00e+00	0.00e+00	0.00e+00	0.00e+00
 3.64835e+22	2.04e-14	2.35e-09	1.21e-05	4.32e-04	5.96e-03	2.06e-02	1.68e-02	4.86e-02	4.03e-01	3.83e-01	1.06e-01	1.46e-02	1.01e-03	3.07e-05	7.04e-07	0.00e+00	0.00e+00	0.00e+00	0.00e+00
 3.67210e+22	2.62e-14	2.91e-09	1.45e-05	5.05e-04	6.74e-03	2.27e-02	1.79e-02	5.15e-02	4.11e-01	3.75e-01	1.01e-01	1.34e-02	8.95e-04	2.66e-05	5.96e-07	0.00e+00	0.00e+00	0.00e+00	0.00e+00
 3.69627e+22	3.63e-14	3.86e-09	1.85e-05	6.18e-04	7.91e-03	2.57e-02	1.94e-02	5.56e-02	4.21e-01	3.64e-01	9.31e-02	1.19e-02	7.63e-04	2.20e-05	4.77e-07	0.00e+00	0.00e+00	0.00e+00	0.00e+00
 3.72085e+22	4.70e-14	4.84e-09	2.23e-05	7.25e-04	8.96e-03	2.83e-02	2.08e-02	5.88e-02	4.27e-01	3.56e-01	8.76e-02	1.08e-02	6.74e-04	1.90e-05	4.02e-07	0.00e+00	0.00e+00	0.00e+00	0.00e+00
 3.74597e+22	6.59e-14	6.49e-09	2.86e-05	8.92e-04	1.06e-02	3.21e-02	2.25e-02	6.34e-02	4.36e-01	3.44e-01	8.06e-02	9.57e-03	5.69e-04	1.56e-05	3.18e-07	0.00e+00	0.00e+00	0.00e+00	0.00e+00
 3.77146e+22	8.59e-14	8.17e-09	3.48e-05	1.05e-03	1.20e-02	3.53e-02	2.40e-02	6.68e-02	4.41e-01	3.35e-01	7.55e-02	8.68e-03	5.00e-04	1.34e-05	2.67e-07	0.00e+00	0.00e+00	0.00e+00	0.00e+00
 3.79744e+22	1.22e-13	1.11e-08	4.50e-05	1.30e-03	1.41e-02	4.00e-02	2.60e-02	7.18e-02	4.48e-01	3.22e-01	6.90e-02	7.60e-03	4.18e-04	1.09e-05	2.09e-07	0.00e+00	0.00e+00	0.00e+00	0.00e+00
 3.82397e+22	1.61e-13	1.41e-08	5.53e-05	1.54e-03	1.61e-02	4.41e-02	2.77e-02	7.56e-02	4.52e-01	3.11e-01	6.41e-02	6.84e-03	3.64e-04	9.26e-06	1.73e-07	0.00e+00	0.00e+00	0.00e+00	0.00e+00
 3.85119e+22	2.31e-13	1.92e-08	7.19e-05	1.91e-03	1.90e-02	4.99e-02	3.00e-02	8.07e-02	4.57e-01	2.97e-01	5.82e-02	5.94e-03	3.02e-04	7.47e-06	1.35e-07	0.00e+00	0.00e+00	0.00e+00	0.00e+00
 3.87929e+22	3.11e-13	2.49e-08	8.95e-05	2.28e-03	2.18e-02	5.52e-02	3.20e-02	8.50e-02	4.59e-01	2.85e-01	5.36e-02	5.28e-03	2.59e-04	6.25e-06	0.00e+00	0.00e+00	0.00e+00	0.00e+00	0.00e+00
 3.90854e+22	4.56e-13	3.48e-08	1.19e-04	2.87e-03	2.60e-02	6.27e-02	3.46e-02	9.05e-02	4.61e-01	2.70e-01	4.80e-02	4.51e-03	2.11e-04	4.94e-06	0.00e+00	0.00e+00	0.00e+00	0.00e+00	0.00e+00
 3.93796e+22	6.12e-13	4.48e-08	1.47e-04	3.41e-03	2.96e-02	6.89e-02	3.67e-02	9.46e-02	4.60e-01	2.58e-01	4.40e-02	4.00e-03	1.81e-04	4.13e-06	0.00e+00	0.00e+00	0.00e+00	0.00e+00	0.00e+00
 3.96758e+22	8.99e-13	6.25e-08	1.95e-04	4.28e-03	3.51e-02	7.78e-02	3.95e-02	1.00e-01	4.59e-01	2.42e-01	3.90e-02	3.39e-03	1.46e-04	3.24e-06	0.00e+00	0.00e+00	0.00e+00	0.00e+00	0.00e+00
 3.99753e+22	1.21e-12	8.06e-08	2.41e-04	5.08e-03	3.99e-02	8.52e-02	4.16e-02	1.04e-01	4.55e-01	2.30e-01	3.56e-02	2.98e-03	1.24e-04	2.69e-06	0.00e+00	0.00e+00	0.00e+00	0.00e+00	0.00e+00
 4.02789e+22	1.78e-12	1.13e-07	3.19e-04	6.35e-03	4.71e-02	9.57e-02	4.45e-02	1.09e-01	4.50e-01	2.13e-01	3.12e-02	2.50e-03	9.91e-05	2.09e-06	0.00e+00	0.00e+00	0.00e+00	0.00e+00	0.00e+00
 4.05873e+22	2.39e-12	1.45e-07	3.95e-04	7.53e-03	5.34e-02	1.04e-01	4.67e-02	1.13e-01	4.43e-01	2.01e-01	2.82e-02	2.17e-03	8.34e-05	1.71e-06	0.00e+00	0.00e+00	0.00e+00	0.00e+00	0.00e+00
 4.09019e+22	3.54e-12	2.04e-07	5.23e-04	9.40e-03	6.28e-02	1.16e-01	4.96e-02	1.17e-01	4.33e-01	1.84e-01	2.44e-02	1.80e-03	6.57e-05	1.31e-06	0.00e+00	0.00e+00	0.00e+00	0.00e+00	0.00e+00
 4.12134e+22	4.70e-12	2.60e-07	6.40e-04	1.10e-02	7.05e-02	1.26e-01	5.16e-02	1.20e-01	4.24e-01	1.73e-01	2.20e-02	1.56e-03	5.51e-05	1.08e-06	0.00e+00	0.00e+00	0.00e+00	0.00e+00	0.00e+00
 4.14665e+22	6.07e-12	3.23e-07	7.67e-04	1.27e-02	7.81e-02	1.34e-01	5.34e-02	1.23e-01	4.15e-01	1.62e-01	1.98e-02	1.37e-03	4.68e-05	8.95e-07	0.00e+00	0.00e+00	0.00e+00	0.00e+00	0.00e+00
 4.17413e+22	8.34e-12	4.24e-07	9.61e-04	1.51e-02	8.84e-02	1.45e-01	5.55e-02	1.25e-01	4.02e-01	1.49e-01	1.74e-02	1.15e-03	3.79e-05	7.08e-07	0.00e+00	0.00e+00	0.00e+00	0.00e+00	0.00e+00
 4.20197e+22	1.08e-11	5.29e-07	1.15e-03	1.74e-02	9.76e-02	1.55e-01	5.70e-02	1.27e-01	3.90e-01	1.38e-01	1.56e-02	9.98e-04	3.18e-05	5.82e-07	0.00e+00	0.00e+00	0.00e+00	0.00e+00	0.00e+00
 4.22654e+22	1.39e-11	6.55e-07	1.37e-03	1.99e-02	1.07e-01	1.64e-01	5.85e-02	1.28e-01	3.78e-01	1.29e-01	1.39e-02	8.65e-04	2.67e-05	4.80e-07	0.00e+00	0.00e+00	0.00e+00	0.00e+00	0.00e+00
 4.25471e+22	1.89e-11	8.51e-07	1.70e-03	2.34e-02	1.20e-01	1.75e-01	6.00e-02	1.29e-01	3.62e-01	1.17e-01	1.21e-02	7.21e-04	2.14e-05	3.75e-07	0.00e+00	0.00e+00	0.00e+00	0.00e+00	0.00e+00
 4.28394e+22	2.49e-11	1.07e-06	2.06e-03	2.70e-02	1.32e-01	1.85e-01	6.12e-02	1.29e-01	3.46e-01	1.07e-01	1.06e-02	6.09e-04	1.75e-05	3.00e-07	0.00e+00	0.00e+00	0.00e+00	0.00e+00	0.00e+00
 4.31004e+22	3.19e-11	1.32e-06	2.44e-03	3.07e-02	1.44e-01	1.94e-01	6.21e-02	1.29e-01	3.31e-01	9.76e-02	9.30e-03	5.20e-04	1.45e-05	2.43e-07	0.00e+00	0.00e+00	0.00e+00	0.00e+00	0.00e+00
 4.33946e+22	4.32e-11	1.71e-06	3.00e-03	3.58e-02	1.59e-01	2.05e-01	6.29e-02	1.28e-01	3.11e-01	8.70e-02	7.90e-03	4.24e-04	1.14e-05	1.86e-07	0.00e+00	0.00e+00	0.00e+00	0.00e+00	0.00e+00
 4.37018e+22	5.69e-11	2.15e-06	3.61e-03	4.10e-02	1.74e-01	2.14e-01	6.33e-02	1.26e-01	2.93e-01	7.79e-02	6.77e-03	3.51e-04	9.06e-06	1.45e-07	0.00e+00	0.00e+00	0.00e+00	0.00e+00	0.00e+00
 4.39789e+22	7.29e-11	2.65e-06	4.26e-03	4.62e-02	1.87e-01	2.22e-01	6.35e-02	1.25e-01	2.76e-01	7.02e-02	5.86e-03	2.93e-04	7.34e-06	0.00e+00	0.00e+00	0.00e+00	0.00e+00	0.00e+00	0.00e+00
 4.42920e+22	9.92e-11	3.42e-06	5.22e-03	5.35e-02	2.05e-01	2.31e-01	6.34e-02	1.21e-01	2.54e-01	6.11e-02	4.85e-03	2.33e-04	5.60e-06	0.00e+00	0.00e+00	0.00e+00	0.00e+00	0.00e+00	0.00e+00
 4.46151e+22	1.30e-10	4.27e-06	6.23e-03	6.06e-02	2.21e-01	2.38e-01	6.29e-02	1.18e-01	2.35e-01	5.37e-02	4.07e-03	1.89e-04	4.37e-06	0.00e+00	0.00e+00	0.00e+00	0.00e+00	0.00e+00	0.00e+00
 4.49027e+22	1.66e-10	5.22e-06	7.29e-03	6.77e-02	2.35e-01	2.43e-01	6.22e-02	1.15e-01	2.18e-01	4.75e-02	3.46e-03	1.55e-04	3.47e-06	0.00e+00	0.00e+00	0.00e+00	0.00e+00	0.00e+00	0.00e+00
 4.52283e+22	2.24e-10	6.68e-06	8.83e-03	7.72e-02	2.53e-01	2.49e-01	6.10e-02	1.10e-01	1.97e-01	4.05e-02	2.80e-03	1.20e-04	2.58e-06	0.00e+00	0.00e+00	0.00e+00	0.00e+00	0.00e+00	0.00e+00
 4.55662e+22	2.92e-10	8.30e-06	1.05e-02	8.66e-02	2.69e-01	2.53e-01	5.96e-02	1.05e-01	1.79e-01	3.48e-02	2.29e-03	9.49e-05	1.96e-06	0.00e+00	0.00e+00	0.00e+00	0.00e+00	0.00e+00	0.00e+00
 4.58695e+22	3.71e-10	1.01e-05	1.21e-02	9.57e-02	2.84e-01	2.55e-01	5.81e-02	1.00e-01	1.63e-01	3.02e-02	1.91e-03	7.62e-05	1.52e-06	0.00e+00	0.00e+00	0.00e+00	0.00e+00	0.00e+00	0.00e+00
 4.62134e+22	4.99e-10	1.28e-05	1.46e-02	1.08e-01	3.01e-01	2.56e-01	5.60e-02	9.42e-02	1.44e-01	2.50e-02	1.50e-03	5.74e-05	1.10e-06	0.00e+00	0.00e+00	0.00e+00	0.00e+00	0.00e+00	0.00e+00
 4.65705e+22	6.50e-10	1.59e-05	1.71e-02	1.20e-01	3.15e-01	2.56e-01	5.38e-02	8.85e-02	1.28e-01	2.10e-02	1.20e-03	4.41e-05	8.12e-07	0.00e+00	0.00e+00	0.00e+00	0.00e+00	0.00e+00	0.00e+00
 4.68904e+22	8.22e-10	1.92e-05	1.97e-02	1.31e-01	3.27e-01	2.54e-01	5.17e-02	8.32e-02	1.14e-01	1.78e-02	9.74e-04	3.46e-05	6.16e-07	0.00e+00	0.00e+00	0.00e+00	0.00e+00	0.00e+00	0.00e+00
 4.72521e+22	1.11e-09	2.43e-05	2.35e-02	1.46e-01	3.42e-01	2.51e-01	4.88e-02	7.63e-02	9.84e-02	1.44e-02	7.41e-04	2.52e-05	4.28e-07	0.00e+00	0.00e+00	0.00e+00	0.00e+00	0.00e+00	0.00e+00
 4.76209e+22	1.42e-09	2.95e-05	2.71e-02	1.59e-01	3.52e-01	2.46e-01	4.62e-02	7.07e-02	8.63e-02	1.19e-02	5.86e-04	1.92e-05	3.13e-07	0.00e+00	0.00e+00	0.00e+00	0.00e+00	0.00e+00	0.00e+00
 4.79990e+22	1.91e-09	3.73e-05	3.21e-02	1.75e-01	3.63e-01	2.40e-01	4.31e-02	6.39e-02	7.31e-02	9.40e-03	4.37e-04	1.36e-05	2.13e-07	0.00e+00	0.00e+00	0.00e+00	0.00e+00	0.00e+00	0.00e+00
 4.83810e+22	2.42e-09	4.49e-05	3.67e-02	1.89e-01	3.71e-01	2.33e-01	4.05e-02	5.86e-02	6.34e-02	7.70e-03	3.41e-04	1.03e-05	1.54e-07	0.00e+00	0.00e+00	0.00e+00	0.00e+00	0.00e+00	0.00e+00
 4.87680e+22	3.25e-09	5.65e-05	4.32e-02	2.07e-01	3.78e-01	2.24e-01	3.72e-02	5.22e-02	5.27e-02	5.96e-03	2.49e-04	7.15e-06	0.00e+00	0.00e+00	0.00e+00	0.00e+00	0.00e+00	0.00e+00	0.00e+00
 4.91584e+22	4.09e-09	6.75e-05	4.90e-02	2.21e-01	3.82e-01	2.16e-01	3.47e-02	4.74e-02	4.54e-02	4.84e-03	1.93e-04	5.33e-06	0.00e+00	0.00e+00	0.00e+00	0.00e+00	0.00e+00	0.00e+00	0.00e+00
 4.95533e+22	5.47e-09	8.44e-05	5.72e-02	2.39e-01	3.85e-01	2.05e-01	3.15e-02	4.17e-02	3.72e-02	3.69e-03	1.38e-04	3.65e-06	0.00e+00	0.00e+00	0.00e+00	0.00e+00	0.00e+00	0.00e+00	0.00e+00
 4.99527e+22	6.86e-09	1.00e-04	6.44e-02	2.54e-01	3.85e-01	1.96e-01	2.91e-02	3.75e-02	3.17e-02	2.96e-03	1.06e-04	2.69e-06	0.00e+00	0.00e+00	0.00e+00	0.00e+00	0.00e+00	0.00e+00	0.00e+00
 5.03582e+22	9.13e-09	1.25e-04	7.46e-02	2.72e-01	3.83e-01	1.83e-01	2.61e-02	3.26e-02	2.56e-02	2.22e-03	7.49e-05	1.81e-06	0.00e+00	0.00e+00	0.00e+00	0.00e+00	0.00e+00	0.00e+00	0.00e+00
 5.07684e+22	1.14e-08	1.47e-04	8.35e-02	2.86e-01	3.80e-01	1.74e-01	2.39e-02	2.90e-02	2.16e-02	1.76e-03	5.67e-05	1.32e-06	0.00e+00	0.00e+00	0.00e+00	0.00e+00	0.00e+00	0.00e+00	0.00e+00
 5.11849e+22	1.51e-08	1.82e-04	9.60e-02	3.04e-01	3.75e-01	1.61e-01	2.13e-02	2.49e-02	1.72e-02	1.30e-03	3.94e-05	8.73e-07	0.00e+00	0.00e+00	0.00e+00	0.00e+00	0.00e+00	0.00e+00	0.00e+00
 5.15929e+22	1.85e-08	2.12e-04	1.06e-01	3.16e-01	3.69e-01	1.52e-01	1.95e-02	2.22e-02	1.46e-02	1.04e-03	3.01e-05	6.43e-07	0.00e+00	0.00e+00	0.00e+00	0.00e+00	0.00e+00	0.00e+00	0.00e+00
 5.19898e+22	2.40e-08	2.57e-04	1.20e-01	3.31e-01	3.60e-01	1.40e-01	1.73e-02	1.90e-02	1.17e-02	7.71e-04	2.11e-05	4.31e-07	0.00e+00	0.00e+00	0.00e+00	0.00e+00	0.00e+00	0.00e+00	0.00e+00
 5.23732e+22	2.88e-08	2.93e-04	1.30e-01	3.41e-01	3.53e-01	1.32e-01	1.59e-02	1.70e-02	9.95e-03	6.24e-04	1.64e-05	3.25e-07	0.00e+00	0.00e+00	0.00e+00	0.00e+00	0.00e+00	0.00e+00	0.00e+00
 5.27392e+22	3.61e-08	3.46e-04	1.45e-01	3.54e-01	3.42e-01	1.22e-01	1.42e-02	1.47e-02	8.10e-03	4.75e-04	1.19e-05	2.26e-07	0.00e+00	0.00e+00	0.00e+00	0.00e+00	0.00e+00	0.00e+00	0.00e+00
 5.31110e+22	4.34e-08	3.95e-04	1.57e-01	3.63e-01	3.33e-01	1.14e-01	1.29e-02	1.31e-02	6.84e-03	3.79e-04	9.13e-06	1.67e-07	0.00e+00	0.00e+00	0.00e+00	0.00e+00	0.00e+00	0.00e+00	0.00e+00
 5.34400e+22	5.18e-08	4.49e-04	1.70e-01	3.71e-01	3.23e-01	1.06e-01	1.17e-02	1.16e-02	5.78e-03	3.03e-04	7.03e-06	1.24e-07	0.00e+00	0.00e+00	0.00e+00	0.00e+00	0.00e+00	0.00e+00	0.00e+00
 5.38173e+22	6.47e-08	5.26e-04	1.87e-01	3.80e-01	3.10e-01	9.74e-02	1.04e-02	9.92e-03	4.65e-03	2.28e-04	5.03e-06	0.00e+00	0.00e+00	0.00e+00	0.00e+00	0.00e+00	0.00e+00	0.00e+00	0.00e+00
 5.42002e+22	7.75e-08	5.99e-04	2.01e-01	3.87e-01	2.99e-01	9.03e-02	9.38e-03	8.71e-03	3.88e-03	1.80e-04	3.81e-06	0.00e+00	0.00e+00	0.00e+00	0.00e+00	0.00e+00	0.00e+00	0.00e+00	0.00e+00
 5.45903e+22	9.68e-08	7.00e-04	2.20e-01	3.94e-01	2.85e-01	8.19e-02	8.24e-03	7.38e-03	3.10e-03	1.33e-04	2.69e-06	0.00e+00	0.00e+00	0.00e+00	0.00e+00	0.00e+00	0.00e+00	0.00e+00	0.00e+00
 5.49839e+22	1.15e-07	7.91e-04	2.36e-01	3.98e-01	2.73e-01	7.56e-02	7.41e-03	6.45e-03	2.58e-03	1.05e-04	2.03e-06	0.00e+00	0.00e+00	0.00e+00	0.00e+00	0.00e+00	0.00e+00	0.00e+00	0.00e+00
 5.53820e+22	1.44e-07	9.26e-04	2.58e-01	4.02e-01	2.57e-01	6.79e-02	6.44e-03	5.41e-03	2.02e-03	7.62e-05	1.41e-06	0.00e+00	0.00e+00	0.00e+00	0.00e+00	0.00e+00	0.00e+00	0.00e+00	0.00e+00
 5.57804e+22	1.71e-07	1.04e-03	2.75e-01	4.04e-01	2.45e-01	6.24e-02	5.78e-03	4.72e-03	1.68e-03	5.99e-05	1.07e-06	0.00e+00	0.00e+00	0.00e+00	0.00e+00	0.00e+00	0.00e+00	0.00e+00	0.00e+00
 5.61004e+22	1.97e-07	1.15e-03	2.90e-01	4.05e-01	2.35e-01	5.80e-02	5.26e-03	4.19e-03	1.43e-03	4.86e-05	8.38e-07	0.00e+00	0.00e+00	0.00e+00	0.00e+00	0.00e+00	0.00e+00	0.00e+00	0.00e+00
 5.64375e+22	2.34e-07	1.29e-03	3.08e-01	4.05e-01	2.22e-01	5.30e-02	4.68e-03	3.62e-03	1.18e-03	3.75e-05	6.23e-07	0.00e+00	0.00e+00	0.00e+00	0.00e+00	0.00e+00	0.00e+00	0.00e+00	0.00e+00
 5.67794e+22	2.70e-07	1.42e-03	3.24e-01	4.05e-01	2.12e-01	4.90e-02	4.24e-03	3.19e-03	9.97e-04	3.02e-05	4.86e-07	0.00e+00	0.00e+00	0.00e+00	0.00e+00	0.00e+00	0.00e+00	0.00e+00	0.00e+00
 5.70801e+22	3.09e-07	1.56e-03	3.40e-01	4.03e-01	2.02e-01	4.54e-02	3.85e-03	2.83e-03	8.48e-04	2.45e-05	3.82e-07	0.00e+00	0.00e+00	0.00e+00	0.00e+00	0.00e+00	0.00e+00	0.00e+00	0.00e+00
 5.74237e+22	3.66e-07	1.74e-03	3.60e-01	4.01e-01	1.90e-01	4.12e-02	3.40e-03	2.43e-03	6.92e-04	1.88e-05	2.82e-07	0.00e+00	0.00e+00	0.00e+00	0.00e+00	0.00e+00	0.00e+00	0.00e+00	0.00e+00
 5.77715e+22	4.21e-07	1.91e-03	3.76e-01	3.98e-01	1.80e-01	3.79e-02	3.07e-03	2.14e-03	5.84e-04	1.51e-05	2.19e-07	0.00e+00	0.00e+00	0.00e+00	0.00e+00	0.00e+00	0.00e+00	0.00e+00	0.00e+00
 5.80762e+22	4.81e-07	2.09e-03	3.93e-01	3.94e-01	1.71e-01	3.50e-02	2.78e-03	1.89e-03	4.95e-04	1.22e-05	1.72e-07	0.00e+00	0.00e+00	0.00e+00	0.00e+00	0.00e+00	0.00e+00	0.00e+00	0.00e+00
 5.84240e+22	5.70e-07	2.33e-03	4.14e-01	3.89e-01	1.59e-01	3.15e-02	2.44e-03	1.61e-03	4.00e-04	9.22e-06	1.26e-07	0.00e+00	0.00e+00	0.00e+00	0.00e+00	0.00e+00	0.00e+00	0.00e+00	0.00e+00
 5.87745e+22	6.49e-07	2.54e-03	4.30e-01	3.84e-01	1.51e-01	2.91e-02	2.20e-03	1.42e-03	3.39e-04	7.43e-06	0.00e+00	0.00e+00	0.00e+00	0.00e+00	0.00e+00	0.00e+00	0.00e+00	0.00e+00	0.00e+00
 5.91287e+22	7.63e-07	2.82e-03	4.51e-01	3.77e-01	1.40e-01	2.61e-02	1.93e-03	1.20e-03	2.74e-04	5.64e-06	0.00e+00	0.00e+00	0.00e+00	0.00e+00	0.00e+00	0.00e+00	0.00e+00	0.00e+00	0.00e+00
 5.94885e+22	8.74e-07	3.08e-03	4.68e-01	3.70e-01	1.32e-01	2.39e-02	1.73e-03	1.05e-03	2.29e-04	4.47e-06	0.00e+00	0.00e+00	0.00e+00	0.00e+00	0.00e+00	0.00e+00	0.00e+00	0.00e+00	0.00e+00
 5.98056e+22	9.94e-07	3.34e-03	4.84e-01	3.64e-01	1.24e-01	2.19e-02	1.56e-03	9.24e-04	1.93e-04	3.59e-06	0.00e+00	0.00e+00	0.00e+00	0.00e+00	0.00e+00	0.00e+00	0.00e+00	0.00e+00	0.00e+00
 6.01676e+22	1.16e-06	3.69e-03	5.05e-01	3.55e-01	1.14e-01	1.96e-02	1.36e-03	7.83e-04	1.56e-04	2.71e-06	0.00e+00	0.00e+00	0.00e+00	0.00e+00	0.00e+00	0.00e+00	0.00e+00	0.00e+00	0.00e+00
