#depth	He	He+	He+2
 4.62852e+21	2.12e-11	5.44e-06	1.00e+00
 1.04636e+22	5.64e-11	8.52e-06	1.00e+00
 1.22734e+22	9.54e-11	1.09e-05	1.00e+00
 1.31782e+22	1.26e-10	1.26e-05	1.00e+00
 1.35553e+22	1.36e-10	1.30e-05	1.00e+00
 1.36835e+22	1.43e-10	1.34e-05	1.00e+00
 1.37859e+22	1.50e-10	1.37e-05	1.00e+00
 1.38997e+22	1.61e-10	1.42e-05	1.00e+00
 1.40102e+22	1.69e-10	1.45e-05	1.00e+00
 1.41166e+22	1.79e-10	1.49e-05	1.00e+00
 1.42277e+22	1.89e-10	1.54e-05	1.00e+00
 1.43270e+22	1.98e-10	1.58e-05	1.00e+00
 1.44379e+22	2.13e-10	1.64e-05	1.00e+00
 1.45468e+22	2.23e-10	1.68e-05	1.00e+00
 1.46530e+22	2.40e-10	1.74e-05	1.00e+00
 1.47600e+22	2.52e-10	1.79e-05	1.00e+00
 1.48680e+22	2.72e-10	1.86e-05	1.00e+00
 1.49736e+22	2.85e-10	1.91e-05	1.00e+00
 1.50761e+22	3.07e-10	1.98e-05	1.00e+00
 1.51761e+22	3.22e-10	2.04e-05	1.00e+00
 1.52729e+22	3.45e-10	2.11e-05	1.00e+00
 1.53714e+22	3.64e-10	2.18e-05	1.00e+00
 1.54721e+22	3.93e-10	2.27e-05	1.00e+00
 1.55718e+22	4.14e-10	2.34e-05	1.00e+00
 1.56701e+22	4.46e-10	2.44e-05	1.00e+00
 1.57702e+22	4.73e-10	2.52e-05	1.00e+00
 1.58723e+22	5.11e-10	2.63e-05	1.00e+00
 1.59725e+22	5.40e-10	2.72e-05	1.00e+00
 1.60700e+22	5.82e-10	2.84e-05	1.00e+00
 1.61688e+22	6.17e-10	2.94e-05	1.00e+00
 1.62695e+22	6.67e-10	3.08e-05	1.00e+00
 1.63715e+22	7.09e-10	3.19e-05	1.00e+00
 1.64751e+22	7.68e-10	3.35e-05	1.00e+00
 1.65793e+22	8.16e-10	3.48e-05	1.00e+00
 1.66691e+22	8.66e-10	3.61e-05	1.00e+00
 1.67707e+22	9.35e-10	3.78e-05	1.00e+00
 1.68722e+22	9.89e-10	3.92e-05	1.00e+00
 1.69735e+22	1.07e-09	4.11e-05	1.00e+00
 1.70758e+22	1.13e-09	4.26e-05	1.00e+00
 1.71795e+22	1.21e-09	4.47e-05	1.00e+00
 1.72850e+22	1.28e-09	4.63e-05	1.00e+00
 1.73929e+22	1.37e-09	4.85e-05	1.00e+00
 1.75045e+22	1.45e-09	5.04e-05	1.00e+00
 1.76206e+22	1.56e-09	5.30e-05	1.00e+00
 1.77394e+22	1.65e-09	5.50e-05	1.00e+00
 1.78452e+22	1.74e-09	5.72e-05	1.00e+00
 1.79660e+22	1.87e-09	6.00e-05	1.00e+00
 1.80885e+22	1.97e-09	6.22e-05	1.00e+00
 1.82133e+22	2.11e-09	6.53e-05	1.00e+00
 1.83345e+22	2.20e-09	6.74e-05	1.00e+00
 1.84510e+22	2.34e-09	7.04e-05	1.00e+00
 1.85696e+22	2.45e-09	7.28e-05	1.00e+00
 1.86912e+22	2.60e-09	7.61e-05	1.00e+00
 1.88144e+22	2.71e-09	7.85e-05	1.00e+00
 1.89399e+22	2.88e-09	8.21e-05	1.00e+00
 1.90633e+22	2.99e-09	8.45e-05	1.00e+00
 1.91839e+22	3.16e-09	8.81e-05	1.00e+00
 1.93069e+22	3.29e-09	9.08e-05	1.00e+00
 1.94330e+22	3.47e-09	9.46e-05	1.00e+00
 1.95616e+22	3.61e-09	9.76e-05	1.00e+00
 1.96933e+22	3.80e-09	1.02e-04	1.00e+00
 1.98274e+22	3.87e-09	1.05e-04	1.00e+00
 1.99644e+22	4.08e-09	1.09e-04	1.00e+00
 2.01041e+22	4.25e-09	1.13e-04	1.00e+00
 2.02471e+22	4.48e-09	1.18e-04	1.00e+00
 2.03868e+22	4.65e-09	1.21e-04	1.00e+00
 2.05224e+22	4.88e-09	1.26e-04	1.00e+00
 2.06601e+22	5.06e-09	1.30e-04	1.00e+00
 2.08006e+22	5.31e-09	1.35e-04	1.00e+00
 2.09455e+22	5.52e-09	1.39e-04	1.00e+00
 2.10960e+22	5.80e-09	1.45e-04	1.00e+00
 2.12516e+22	6.05e-09	1.49e-04	1.00e+00
 2.14136e+22	6.36e-09	1.56e-04	1.00e+00
 2.15800e+22	6.64e-09	1.61e-04	1.00e+00
 2.17523e+22	7.01e-09	1.68e-04	1.00e+00
 2.19303e+22	7.33e-09	1.74e-04	1.00e+00
 2.21158e+22	7.75e-09	1.82e-04	1.00e+00
 2.23060e+22	8.12e-09	1.88e-04	1.00e+00
 2.24767e+22	8.50e-09	1.95e-04	1.00e+00
 2.26728e+22	9.00e-09	2.05e-04	1.00e+00
 2.28702e+22	9.42e-09	2.12e-04	1.00e+00
 2.30691e+22	9.98e-09	2.22e-04	1.00e+00
 2.32722e+22	1.05e-08	2.30e-04	1.00e+00
 2.34808e+22	1.11e-08	2.42e-04	1.00e+00
 2.36927e+22	1.16e-08	2.52e-04	1.00e+00
 2.39087e+22	1.23e-08	2.65e-04	1.00e+00
 2.41129e+22	1.28e-08	2.75e-04	1.00e+00
 2.43018e+22	1.34e-08	2.88e-04	1.00e+00
 2.44921e+22	1.40e-08	2.98e-04	1.00e+00
 2.46846e+22	1.47e-08	3.13e-04	1.00e+00
 2.48788e+22	1.52e-08	3.25e-04	1.00e+00
 2.50754e+22	1.59e-08	3.42e-04	1.00e+00
 2.52747e+22	1.65e-08	3.55e-04	1.00e+00
 2.54774e+22	1.72e-08	3.75e-04	1.00e+00
 2.56829e+22	1.78e-08	3.91e-04	1.00e+00
 2.58919e+22	1.85e-08	4.13e-04	1.00e+00
 2.61054e+22	1.90e-08	4.32e-04	1.00e+00
 2.63247e+22	1.97e-08	4.59e-04	1.00e+00
 2.65484e+22	2.02e-08	4.82e-04	1.00e+00
 2.67705e+22	2.07e-08	5.11e-04	9.99e-01
 2.69815e+22	2.11e-08	5.34e-04	9.99e-01
 2.71854e+22	2.15e-08	5.66e-04	9.99e-01
 2.73930e+22	2.17e-08	5.92e-04	9.99e-01
 2.75969e+22	2.20e-08	6.27e-04	9.99e-01
 2.78050e+22	2.21e-08	6.58e-04	9.99e-01
 2.80077e+22	2.22e-08	6.94e-04	9.99e-01
 2.82147e+22	2.23e-08	7.31e-04	9.99e-01
 2.84196e+22	2.23e-08	7.70e-04	9.99e-01
 2.86256e+22	2.23e-08	8.11e-04	9.99e-01
 2.88292e+22	2.23e-08	8.54e-04	9.99e-01
 2.90324e+22	2.23e-08	8.99e-04	9.99e-01
 2.92361e+22	2.24e-08	9.46e-04	9.99e-01
 2.94405e+22	2.24e-08	9.96e-04	9.99e-01
 2.96462e+22	2.26e-08	1.05e-03	9.99e-01
 2.98537e+22	2.28e-08	1.10e-03	9.99e-01
 3.00638e+22	2.31e-08	1.16e-03	9.99e-01
 3.02749e+22	2.36e-08	1.22e-03	9.99e-01
 3.04894e+22	2.42e-08	1.29e-03	9.99e-01
 3.07064e+22	2.50e-08	1.36e-03	9.99e-01
 3.09277e+22	2.60e-08	1.43e-03	9.99e-01
 3.11335e+22	2.70e-08	1.50e-03	9.99e-01
 3.13456e+22	2.85e-08	1.58e-03	9.98e-01
 3.15610e+22	2.99e-08	1.65e-03	9.98e-01
 3.17813e+22	3.20e-08	1.75e-03	9.98e-01
 3.20027e+22	3.39e-08	1.83e-03	9.98e-01
 3.22255e+22	3.68e-08	1.93e-03	9.98e-01
 3.24496e+22	3.93e-08	2.02e-03	9.98e-01
 3.26755e+22	4.29e-08	2.14e-03	9.98e-01
 3.29032e+22	4.61e-08	2.23e-03	9.98e-01
 3.31334e+22	5.08e-08	2.36e-03	9.98e-01
 3.33665e+22	5.50e-08	2.46e-03	9.98e-01
 3.36033e+22	6.10e-08	2.61e-03	9.97e-01
 3.38441e+22	6.62e-08	2.73e-03	9.97e-01
 3.40900e+22	7.39e-08	2.89e-03	9.97e-01
 3.43410e+22	8.07e-08	3.03e-03	9.97e-01
 3.45987e+22	9.07e-08	3.21e-03	9.97e-01
 3.48627e+22	9.96e-08	3.37e-03	9.97e-01
 3.50853e+22	1.08e-07	3.51e-03	9.96e-01
 3.53248e+22	1.20e-07	3.71e-03	9.96e-01
 3.55678e+22	1.31e-07	3.87e-03	9.96e-01
 3.57781e+22	1.42e-07	4.03e-03	9.96e-01
 3.60142e+22	1.58e-07	4.25e-03	9.96e-01
 3.62494e+22	1.71e-07	4.42e-03	9.96e-01
 3.64835e+22	1.90e-07	4.66e-03	9.95e-01
 3.67210e+22	2.06e-07	4.84e-03	9.95e-01
 3.69627e+22	2.29e-07	5.11e-03	9.95e-01
 3.72085e+22	2.48e-07	5.32e-03	9.95e-01
 3.74597e+22	2.77e-07	5.62e-03	9.94e-01
 3.77146e+22	3.01e-07	5.85e-03	9.94e-01
 3.79744e+22	3.37e-07	6.19e-03	9.94e-01
 3.82397e+22	3.68e-07	6.46e-03	9.94e-01
 3.85119e+22	4.13e-07	6.84e-03	9.93e-01
 3.87929e+22	4.54e-07	7.16e-03	9.93e-01
 3.90854e+22	5.13e-07	7.61e-03	9.92e-01
 3.93796e+22	5.62e-07	7.96e-03	9.92e-01
 3.96758e+22	6.36e-07	8.47e-03	9.92e-01
 3.99753e+22	6.98e-07	8.86e-03	9.91e-01
 4.02789e+22	7.92e-07	9.44e-03	9.91e-01
 4.05873e+22	8.70e-07	9.89e-03	9.90e-01
 4.09019e+22	9.91e-07	1.05e-02	9.89e-01
 4.12134e+22	1.09e-06	1.10e-02	9.89e-01
 4.14665e+22	1.18e-06	1.15e-02	9.88e-01
 4.17413e+22	1.32e-06	1.21e-02	9.88e-01
 4.20197e+22	1.44e-06	1.27e-02	9.87e-01
 4.22654e+22	1.57e-06	1.32e-02	9.87e-01
 4.25471e+22	1.74e-06	1.39e-02	9.86e-01
 4.28394e+22	1.92e-06	1.46e-02	9.85e-01
 4.31004e+22	2.10e-06	1.53e-02	9.85e-01
 4.33946e+22	2.34e-06	1.61e-02	9.84e-01
 4.37018e+22	2.59e-06	1.69e-02	9.83e-01
 4.39789e+22	2.84e-06	1.77e-02	9.82e-01
 4.42920e+22	3.19e-06	1.88e-02	9.81e-01
 4.46151e+22	3.54e-06	1.98e-02	9.80e-01
 4.49027e+22	3.89e-06	2.07e-02	9.79e-01
 4.52283e+22	4.39e-06	2.20e-02	9.78e-01
 4.55662e+22	4.89e-06	2.32e-02	9.77e-01
 4.58695e+22	5.40e-06	2.44e-02	9.76e-01
 4.62134e+22	6.13e-06	2.59e-02	9.74e-01
 4.65705e+22	6.88e-06	2.74e-02	9.73e-01
 4.68904e+22	7.62e-06	2.89e-02	9.71e-01
 4.72521e+22	8.72e-06	3.08e-02	9.69e-01
 4.76209e+22	9.77e-06	3.26e-02	9.67e-01
 4.79990e+22	1.12e-05	3.49e-02	9.65e-01
 4.83810e+22	1.26e-05	3.69e-02	9.63e-01
 4.87680e+22	1.45e-05	3.96e-02	9.60e-01
 4.91584e+22	1.63e-05	4.19e-02	9.58e-01
 4.95533e+22	1.88e-05	4.50e-02	9.55e-01
 4.99527e+22	2.12e-05	4.76e-02	9.52e-01
 5.03582e+22	2.46e-05	5.12e-02	9.49e-01
 5.07684e+22	2.77e-05	5.43e-02	9.46e-01
 5.11849e+22	3.23e-05	5.85e-02	9.42e-01
 5.15929e+22	3.61e-05	6.17e-02	9.38e-01
 5.19898e+22	4.18e-05	6.62e-02	9.34e-01
 5.23732e+22	4.63e-05	6.96e-02	9.30e-01
 5.27392e+22	5.27e-05	7.41e-02	9.26e-01
 5.31110e+22	5.87e-05	7.80e-02	9.22e-01
 5.34400e+22	6.52e-05	8.20e-02	9.18e-01
 5.38173e+22	7.44e-05	8.74e-02	9.13e-01
 5.42002e+22	8.31e-05	9.21e-02	9.08e-01
 5.45903e+22	9.51e-05	9.82e-02	9.02e-01
 5.49839e+22	1.06e-04	1.03e-01	8.97e-01
 5.53820e+22	1.22e-04	1.11e-01	8.89e-01
 5.57804e+22	1.36e-04	1.16e-01	8.84e-01
 5.61004e+22	1.49e-04	1.21e-01	8.79e-01
 5.64375e+22	1.67e-04	1.28e-01	8.72e-01
 5.67794e+22	1.83e-04	1.34e-01	8.66e-01
 5.70801e+22	2.01e-04	1.39e-01	8.61e-01
 5.74237e+22	2.24e-04	1.47e-01	8.53e-01
 5.77715e+22	2.47e-04	1.53e-01	8.47e-01
 5.80762e+22	2.70e-04	1.60e-01	8.40e-01
 5.84240e+22	3.03e-04	1.68e-01	8.32e-01
 5.87745e+22	3.31e-04	1.75e-01	8.25e-01
 5.91287e+22	3.70e-04	1.84e-01	8.15e-01
 5.94885e+22	4.07e-04	1.92e-01	8.07e-01
 5.98056e+22	4.46e-04	2.00e-01	8.00e-01
 6.01676e+22	4.98e-04	2.10e-01	7.89e-01
 6.05375e+22	5.48e-04	2.19e-01	7.80e-01
 6.09176e+22	6.13e-04	2.30e-01	7.69e-01
 6.13051e+22	6.79e-04	2.41e-01	7.59e-01
 6.16430e+22	7.43e-04	2.50e-01	7.49e-01
 6.20230e+22	8.32e-04	2.62e-01	7.37e-01
 6.24172e+22	9.17e-04	2.74e-01	7.26e-01
 6.28300e+22	1.04e-03	2.88e-01	7.11e-01
 6.32437e+22	1.14e-03	3.00e-01	6.99e-01
 6.36584e+22	1.28e-03	3.14e-01	6.84e-01
 6.40240e+22	1.38e-03	3.24e-01	6.74e-01
 6.42849e+22	1.47e-03	3.32e-01	6.66e-01
 6.45833e+22	1.60e-03	3.43e-01	6.55e-01
 6.48936e+22	1.72e-03	3.53e-01	6.45e-01
 6.52195e+22	1.88e-03	3.66e-01	6.32e-01
 6.55457e+22	2.02e-03	3.76e-01	6.22e-01
 6.58721e+22	2.21e-03	3.89e-01	6.08e-01
 6.62015e+22	2.37e-03	4.00e-01	5.98e-01
 6.65347e+22	2.58e-03	4.13e-01	5.85e-01
 6.68780e+22	2.79e-03	4.24e-01	5.73e-01
 6.71863e+22	3.00e-03	4.36e-01	5.61e-01
 6.75387e+22	3.29e-03	4.51e-01	5.46e-01
 6.78955e+22	3.54e-03	4.62e-01	5.34e-01
 6.82581e+22	3.87e-03	4.77e-01	5.19e-01
 6.86339e+22	4.19e-03	4.90e-01	5.06e-01
 6.90269e+22	4.62e-03	5.06e-01	4.89e-01
 6.94232e+22	5.00e-03	5.19e-01	4.76e-01
 6.98239e+22	5.51e-03	5.36e-01	4.58e-01
 7.02310e+22	5.96e-03	5.50e-01	4.45e-01
 7.06465e+22	6.58e-03	5.67e-01	4.27e-01
 7.10684e+22	7.12e-03	5.80e-01	4.13e-01
 7.14987e+22	7.85e-03	5.97e-01	3.95e-01
 7.19407e+22	8.54e-03	6.12e-01	3.80e-01
 7.23982e+22	9.50e-03	6.30e-01	3.61e-01
 7.28558e+22	1.03e-02	6.44e-01	3.46e-01
 7.33138e+22	1.14e-02	6.61e-01	3.27e-01
 7.37862e+22	1.24e-02	6.75e-01	3.12e-01
 7.42775e+22	1.38e-02	6.94e-01	2.93e-01
 7.47798e+22	1.51e-02	7.07e-01	2.77e-01
 7.52965e+22	1.69e-02	7.26e-01	2.57e-01
 7.58291e+22	1.85e-02	7.40e-01	2.42e-01
 7.63825e+22	2.09e-02	7.58e-01	2.22e-01
 7.69572e+22	2.30e-02	7.72e-01	2.05e-01
 7.75598e+22	2.63e-02	7.89e-01	1.85e-01
 7.81814e+22	2.93e-02	8.02e-01	1.68e-01
 7.86659e+22	3.16e-02	8.12e-01	1.57e-01
 7.91336e+22	3.50e-02	8.22e-01	1.43e-01
 7.96147e+22	3.83e-02	8.30e-01	1.31e-01
 8.01132e+22	4.28e-02	8.39e-01	1.18e-01
 8.06216e+22	4.70e-02	8.46e-01	1.07e-01
 8.11428e+22	5.32e-02	8.52e-01	9.44e-02
 8.16840e+22	5.92e-02	8.57e-01	8.41e-02
 8.21141e+22	6.45e-02	8.59e-01	7.67e-02
 8.24801e+22	7.02e-02	8.60e-01	7.01e-02
 8.28998e+22	7.82e-02	8.59e-01	6.26e-02
 8.33411e+22	8.68e-02	8.57e-01	5.62e-02
 8.37283e+22	9.57e-02	8.53e-01	5.11e-02
 8.40838e+22	1.05e-01	8.48e-01	4.67e-02
 8.44169e+22	1.16e-01	8.41e-01	4.30e-02
 8.47262e+22	1.27e-01	8.33e-01	3.99e-02
 8.50089e+22	1.38e-01	8.24e-01	3.74e-02
 8.52640e+22	1.50e-01	8.14e-01	3.54e-02
 8.54960e+22	1.63e-01	8.04e-01	3.38e-02
 8.57086e+22	1.76e-01	7.92e-01	3.25e-02
 8.58423e+22	1.83e-01	7.85e-01	3.22e-02
 8.58921e+22	1.86e-01	7.82e-01	3.20e-02
 8.59319e+22	1.89e-01	7.79e-01	3.18e-02
 8.59834e+22	1.93e-01	7.76e-01	3.15e-02
 8.60452e+22	1.98e-01	7.71e-01	3.12e-02
 8.61079e+22	2.03e-01	7.66e-01	3.09e-02
 8.61659e+22	2.07e-01	7.62e-01	3.08e-02
 8.62250e+22	2.13e-01	7.57e-01	3.05e-02
 8.62859e+22	2.18e-01	7.52e-01	3.04e-02
 8.63483e+22	2.23e-01	7.46e-01	3.02e-02
 8.64130e+22	2.30e-01	7.40e-01	3.00e-02
 8.64756e+22	2.36e-01	7.35e-01	2.99e-02
 8.65388e+22	2.42e-01	7.28e-01	2.98e-02
 8.66062e+22	2.49e-01	7.22e-01	2.96e-02
 8.66764e+22	2.56e-01	7.14e-01	2.96e-02
 8.67497e+22	2.64e-01	7.06e-01	2.95e-02
 8.68255e+22	2.73e-01	6.98e-01	2.94e-02
 8.69009e+22	2.81e-01	6.89e-01	2.94e-02
 8.69602e+22	2.87e-01	6.83e-01	2.96e-02
 8.69998e+22	2.92e-01	6.79e-01	2.95e-02
 8.70376e+22	2.97e-01	6.74e-01	2.95e-02
 8.70817e+22	3.03e-01	6.68e-01	2.94e-02
 8.71299e+22	3.09e-01	6.61e-01	2.93e-02
 8.71767e+22	3.15e-01	6.56e-01	2.94e-02
 8.72229e+22	3.21e-01	6.50e-01	2.93e-02
 8.72707e+22	3.28e-01	6.43e-01	2.92e-02
 8.73189e+22	3.35e-01	6.36e-01	2.92e-02
 8.73676e+22	3.42e-01	6.29e-01	2.90e-02
 8.74164e+22	3.49e-01	6.22e-01	2.89e-02
 8.74668e+22	3.56e-01	6.15e-01	2.88e-02
 8.75194e+22	3.65e-01	6.07e-01	2.86e-02
 8.75719e+22	3.73e-01	5.99e-01	2.84e-02
 8.76250e+22	3.81e-01	5.91e-01	2.82e-02
 8.76801e+22	3.90e-01	5.82e-01	2.80e-02
 8.77371e+22	4.00e-01	5.73e-01	2.77e-02
 8.77950e+22	4.09e-01	5.63e-01	2.74e-02
 8.78539e+22	4.19e-01	5.54e-01	2.71e-02
 8.79149e+22	4.30e-01	5.44e-01	2.67e-02
 8.79778e+22	4.41e-01	5.33e-01	2.63e-02
 8.80421e+22	4.52e-01	5.22e-01	2.59e-02
 8.81077e+22	4.63e-01	5.11e-01	2.54e-02
 8.81754e+22	4.75e-01	5.00e-01	2.49e-02
 8.82455e+22	4.88e-01	4.88e-01	2.44e-02
 8.83176e+22	5.01e-01	4.76e-01	2.38e-02
 8.83913e+22	5.14e-01	4.63e-01	2.32e-02
 8.84670e+22	5.27e-01	4.50e-01	2.25e-02
 8.85452e+22	5.41e-01	4.37e-01	2.18e-02
 8.86255e+22	5.55e-01	4.24e-01	2.12e-02
 8.87060e+22	5.69e-01	4.11e-01	2.04e-02
 8.87878e+22	5.83e-01	3.98e-01	1.96e-02
 8.88728e+22	5.97e-01	3.84e-01	1.89e-02
 8.89584e+22	6.10e-01	3.71e-01	1.81e-02
 8.90428e+22	6.24e-01	3.59e-01	1.74e-02
 8.91293e+22	6.37e-01	3.46e-01	1.66e-02
 8.92191e+22	6.51e-01	3.33e-01	1.59e-02
 8.93097e+22	6.63e-01	3.21e-01	1.51e-02
 8.94017e+22	6.76e-01	3.09e-01	1.44e-02
 8.94962e+22	6.89e-01	2.97e-01	1.36e-02
 8.95924e+22	7.02e-01	2.86e-01	1.29e-02
 8.96901e+22	7.14e-01	2.74e-01	1.21e-02
 8.97904e+22	7.26e-01	2.63e-01	1.14e-02
 8.98932e+22	7.37e-01	2.52e-01	1.07e-02
 8.99950e+22	7.48e-01	2.42e-01	1.01e-02
 9.00925e+22	7.58e-01	2.32e-01	9.47e-03
 9.01828e+22	7.67e-01	2.24e-01	8.93e-03
 9.02664e+22	7.75e-01	2.17e-01	8.44e-03
 9.03435e+22	7.82e-01	2.10e-01	8.02e-03
 9.04177e+22	7.89e-01	2.04e-01	7.61e-03
 9.04922e+22	7.95e-01	1.98e-01	7.25e-03
 9.05654e+22	8.01e-01	1.92e-01	6.87e-03
 9.06353e+22	8.06e-01	1.87e-01	6.55e-03
 9.06992e+22	8.11e-01	1.83e-01	6.26e-03
 9.07617e+22	8.16e-01	1.78e-01	5.98e-03
 9.08234e+22	8.21e-01	1.74e-01	5.72e-03
 9.08818e+22	8.25e-01	1.70e-01	5.48e-03
 9.09398e+22	8.29e-01	1.66e-01	5.25e-03
 9.09954e+22	8.33e-01	1.62e-01	5.04e-03
 9.10476e+22	8.36e-01	1.59e-01	4.84e-03
 9.10999e+22	8.40e-01	1.56e-01	4.65e-03
 9.11501e+22	8.43e-01	1.52e-01	4.47e-03
 9.11955e+22	8.46e-01	1.50e-01	4.32e-03
 9.12368e+22	8.49e-01	1.47e-01	4.18e-03
 9.12744e+22	8.51e-01	1.45e-01	4.04e-03
 9.13086e+22	8.53e-01	1.43e-01	3.93e-03
 9.13398e+22	8.55e-01	1.41e-01	3.83e-03
 9.13681e+22	8.57e-01	1.39e-01	3.73e-03
 9.13939e+22	8.59e-01	1.37e-01	3.65e-03
 9.14174e+22	8.60e-01	1.36e-01	3.59e-03
 9.14431e+22	8.62e-01	1.34e-01	3.49e-03
 9.14765e+22	8.64e-01	1.32e-01	3.39e-03
 9.15126e+22	8.66e-01	1.30e-01	3.28e-03
 9.15454e+22	8.68e-01	1.29e-01	3.20e-03
 9.15753e+22	8.70e-01	1.27e-01	3.13e-03
 9.16025e+22	8.71e-01	1.26e-01	3.05e-03
 9.16273e+22	8.73e-01	1.24e-01	2.99e-03
 9.16544e+22	8.75e-01	1.23e-01	2.91e-03
 9.16837e+22	8.76e-01	1.21e-01	2.84e-03
 9.17103e+22	8.77e-01	1.20e-01	2.78e-03
 9.17395e+22	8.79e-01	1.18e-01	2.71e-03
 9.17710e+22	8.80e-01	1.17e-01	2.65e-03
 9.17997e+22	8.82e-01	1.16e-01	2.59e-03
 9.18258e+22	8.83e-01	1.15e-01	2.55e-03
 9.18544e+22	8.84e-01	1.13e-01	2.48e-03
 9.18916e+22	8.86e-01	1.11e-01	2.40e-03
 9.19317e+22	8.88e-01	1.10e-01	2.33e-03
 9.19682e+22	8.89e-01	1.08e-01	2.28e-03
 9.20015e+22	8.91e-01	1.07e-01	2.22e-03
 9.20317e+22	8.92e-01	1.06e-01	2.17e-03
 9.20592e+22	8.93e-01	1.05e-01	2.12e-03
 9.20843e+22	8.94e-01	1.04e-01	2.08e-03
 9.21117e+22	8.96e-01	1.02e-01	2.02e-03
 9.21413e+22	8.97e-01	1.01e-01	1.97e-03
 9.21683e+22	8.98e-01	9.98e-02	1.93e-03
 9.21928e+22	8.99e-01	9.88e-02	1.89e-03
 9.22152e+22	9.00e-01	9.79e-02	1.86e-03
 9.22396e+22	9.01e-01	9.68e-02	1.82e-03
 9.22661e+22	9.03e-01	9.57e-02	1.77e-03
 9.22901e+22	9.03e-01	9.50e-02	1.75e-03
 9.23164e+22	9.05e-01	9.37e-02	1.70e-03
 9.23449e+22	9.06e-01	9.28e-02	1.67e-03
 9.23707e+22	9.07e-01	9.17e-02	1.63e-03
 9.23943e+22	9.08e-01	9.09e-02	1.60e-03
 9.24201e+22	9.09e-01	8.99e-02	1.57e-03
 9.24480e+22	9.10e-01	8.89e-02	1.53e-03
 9.24785e+22	9.11e-01	8.76e-02	1.49e-03
 9.25114e+22	9.12e-01	8.66e-02	1.45e-03
 9.25414e+22	9.13e-01	8.56e-02	1.42e-03
 9.25630e+22	9.13e-01	8.51e-02	1.40e-03
