#depth	Si	Si+	Si+2	Si+3	Si+4	Si+5	Si+6	Si+7	Si+8	Si+9	Si+10	Si+11	Si+12	Si+13	Si+14
 4.62852e+21	0.00e+00	3.53e-28	9.26e-24	4.45e-20	3.39e-16	3.77e-13	1.26e-10	1.36e-08	6.44e-07	1.46e-05	2.03e-04	2.85e-03	9.48e-02	4.00e-01	5.02e-01
 1.04636e+22	0.00e+00	4.15e-26	7.15e-22	2.57e-18	1.88e-14	1.40e-11	3.12e-09	2.26e-07	7.20e-06	1.07e-04	9.19e-04	8.10e-03	1.71e-01	4.56e-01	3.65e-01
 1.22734e+22	0.00e+00	6.38e-25	8.69e-21	2.38e-17	1.47e-13	9.03e-11	1.64e-08	9.62e-07	2.51e-05	2.97e-04	1.97e-03	1.35e-02	2.23e-01	4.67e-01	2.94e-01
 1.31782e+22	0.00e+00	2.64e-24	3.15e-20	7.42e-17	4.26e-13	2.36e-10	3.86e-08	2.04e-06	4.79e-05	5.05e-04	2.92e-03	1.75e-02	2.54e-01	4.67e-01	2.58e-01
 1.35553e+22	0.00e+00	3.80e-24	4.39e-20	9.92e-17	5.59e-13	3.02e-10	4.81e-08	2.47e-06	5.66e-05	5.79e-04	3.23e-03	1.87e-02	2.62e-01	4.66e-01	2.49e-01
 1.36835e+22	0.00e+00	4.90e-24	5.51e-20	1.21e-16	6.75e-13	3.59e-10	5.61e-08	2.83e-06	6.36e-05	6.37e-04	3.46e-03	1.95e-02	2.68e-01	4.65e-01	2.43e-01
 1.37859e+22	0.00e+00	6.20e-24	6.83e-20	1.46e-16	8.04e-13	4.21e-10	6.46e-08	3.20e-06	7.08e-05	6.96e-04	3.70e-03	2.03e-02	2.73e-01	4.64e-01	2.37e-01
 1.38997e+22	0.00e+00	8.60e-24	9.16e-20	1.89e-16	1.02e-12	5.24e-10	7.87e-08	3.81e-06	8.23e-05	7.87e-04	4.05e-03	2.16e-02	2.81e-01	4.63e-01	2.30e-01
 1.40102e+22	0.00e+00	1.08e-23	1.13e-19	2.26e-16	1.21e-12	6.12e-10	9.04e-08	4.30e-06	9.14e-05	8.57e-04	4.31e-03	2.24e-02	2.86e-01	4.62e-01	2.24e-01
 1.41166e+22	0.00e+00	1.44e-23	1.45e-19	2.83e-16	1.50e-12	7.41e-10	1.07e-07	5.00e-06	1.04e-04	9.54e-04	4.66e-03	2.36e-02	2.93e-01	4.60e-01	2.18e-01
 1.42277e+22	0.00e+00	1.87e-23	1.84e-19	3.47e-16	1.81e-12	8.84e-10	1.26e-07	5.74e-06	1.17e-04	1.05e-03	5.00e-03	2.47e-02	2.99e-01	4.58e-01	2.12e-01
 1.43270e+22	0.00e+00	2.36e-23	2.27e-19	4.16e-16	2.16e-12	1.03e-09	1.45e-07	6.50e-06	1.31e-04	1.15e-03	5.33e-03	2.57e-02	3.05e-01	4.56e-01	2.06e-01
 1.44379e+22	0.00e+00	3.30e-23	3.06e-19	5.39e-16	2.75e-12	1.30e-09	1.77e-07	7.77e-06	1.53e-04	1.30e-03	5.85e-03	2.72e-02	3.13e-01	4.54e-01	1.99e-01
 1.45468e+22	0.00e+00	4.13e-23	3.74e-19	6.41e-16	3.25e-12	1.51e-09	2.03e-07	8.75e-06	1.69e-04	1.42e-03	6.21e-03	2.83e-02	3.18e-01	4.52e-01	1.94e-01
 1.46530e+22	0.00e+00	5.74e-23	5.00e-19	8.22e-16	4.12e-12	1.88e-09	2.48e-07	1.04e-05	1.97e-04	1.60e-03	6.80e-03	2.99e-02	3.26e-01	4.49e-01	1.87e-01
 1.47600e+22	0.00e+00	7.27e-23	6.18e-19	9.86e-16	4.90e-12	2.20e-09	2.86e-07	1.18e-05	2.20e-04	1.75e-03	7.25e-03	3.11e-02	3.32e-01	4.46e-01	1.81e-01
 1.48680e+22	0.00e+00	1.01e-22	8.29e-19	1.27e-15	6.23e-12	2.75e-09	3.50e-07	1.41e-05	2.56e-04	1.99e-03	7.94e-03	3.29e-02	3.40e-01	4.42e-01	1.74e-01
 1.49736e+22	0.00e+00	1.28e-22	1.02e-18	1.51e-15	7.38e-12	3.21e-09	4.03e-07	1.60e-05	2.85e-04	2.17e-03	8.45e-03	3.42e-02	3.46e-01	4.40e-01	1.69e-01
 1.50761e+22	0.00e+00	1.77e-22	1.35e-18	1.92e-15	9.31e-12	3.99e-09	4.90e-07	1.90e-05	3.32e-04	2.45e-03	9.24e-03	3.61e-02	3.54e-01	4.36e-01	1.63e-01
 1.51761e+22	0.00e+00	2.20e-22	1.65e-18	2.27e-15	1.09e-11	4.63e-09	5.61e-07	2.14e-05	3.68e-04	2.67e-03	9.81e-03	3.74e-02	3.59e-01	4.33e-01	1.58e-01
 1.52729e+22	0.00e+00	2.98e-22	2.14e-18	2.84e-15	1.36e-11	5.66e-09	6.74e-07	2.51e-05	4.23e-04	2.99e-03	1.06e-02	3.93e-02	3.66e-01	4.28e-01	1.52e-01
 1.53714e+22	0.00e+00	3.80e-22	2.65e-18	3.39e-15	1.62e-11	6.67e-09	7.83e-07	2.87e-05	4.74e-04	3.28e-03	1.14e-02	4.09e-02	3.72e-01	4.25e-01	1.47e-01
 1.54721e+22	0.00e+00	5.27e-22	3.53e-18	4.30e-15	2.05e-11	8.30e-09	9.57e-07	3.42e-05	5.53e-04	3.72e-03	1.24e-02	4.31e-02	3.80e-01	4.19e-01	1.41e-01
 1.55718e+22	0.00e+00	6.66e-22	4.33e-18	5.11e-15	2.42e-11	9.72e-09	1.10e-06	3.89e-05	6.17e-04	4.06e-03	1.33e-02	4.48e-02	3.86e-01	4.16e-01	1.36e-01
 1.56701e+22	0.00e+00	9.14e-22	5.70e-18	6.42e-15	3.04e-11	1.20e-08	1.34e-06	4.62e-05	7.17e-04	4.58e-03	1.45e-02	4.71e-02	3.93e-01	4.10e-01	1.30e-01
 1.57702e+22	0.00e+00	1.18e-21	7.11e-18	7.71e-15	3.65e-11	1.43e-08	1.57e-06	5.31e-05	8.09e-04	5.06e-03	1.55e-02	4.90e-02	3.99e-01	4.05e-01	1.25e-01
 1.58723e+22	0.00e+00	1.64e-21	9.44e-18	9.74e-15	4.61e-11	1.78e-08	1.93e-06	6.35e-05	9.45e-04	5.73e-03	1.70e-02	5.16e-02	4.07e-01	3.99e-01	1.19e-01
 1.59725e+22	0.00e+00	2.08e-21	1.16e-17	1.15e-14	5.47e-11	2.10e-08	2.24e-06	7.25e-05	1.06e-03	6.28e-03	1.81e-02	5.36e-02	4.12e-01	3.94e-01	1.15e-01
 1.60700e+22	0.00e+00	2.86e-21	1.52e-17	1.44e-14	6.85e-11	2.60e-08	2.73e-06	8.63e-05	1.23e-03	7.09e-03	1.97e-02	5.63e-02	4.19e-01	3.87e-01	1.09e-01
 1.61688e+22	0.00e+00	3.67e-21	1.88e-17	1.71e-14	8.18e-11	3.08e-08	3.19e-06	9.90e-05	1.39e-03	7.80e-03	2.11e-02	5.85e-02	4.24e-01	3.82e-01	1.05e-01
 1.62695e+22	0.00e+00	5.07e-21	2.49e-17	2.15e-14	1.03e-10	3.85e-08	3.92e-06	1.19e-04	1.62e-03	8.84e-03	2.31e-02	6.15e-02	4.31e-01	3.74e-01	9.93e-02
 1.63715e+22	0.00e+00	6.55e-21	3.09e-17	2.56e-14	1.24e-10	4.58e-08	4.61e-06	1.37e-04	1.83e-03	9.75e-03	2.47e-02	6.39e-02	4.36e-01	3.68e-01	9.51e-02
 1.64751e+22	0.00e+00	9.13e-21	4.10e-17	3.21e-14	1.56e-10	5.75e-08	5.70e-06	1.65e-04	2.15e-03	1.11e-02	2.70e-02	6.72e-02	4.43e-01	3.60e-01	8.96e-02
 1.65793e+22	1.59e-34	1.18e-20	5.08e-17	3.81e-14	1.87e-10	6.84e-08	6.69e-06	1.90e-04	2.43e-03	1.22e-02	2.89e-02	6.98e-02	4.47e-01	3.54e-01	8.56e-02
 1.66691e+22	2.16e-34	1.50e-20	6.25e-17	4.49e-14	2.23e-10	8.10e-08	7.84e-06	2.18e-04	2.73e-03	1.34e-02	3.09e-02	7.23e-02	4.52e-01	3.47e-01	8.17e-02
 1.67707e+22	3.22e-34	2.07e-20	8.16e-17	5.55e-14	2.80e-10	1.01e-07	9.63e-06	2.62e-04	3.19e-03	1.52e-02	3.37e-02	7.57e-02	4.57e-01	3.38e-01	7.68e-02
 1.68722e+22	4.29e-34	2.61e-20	9.93e-17	6.48e-14	3.30e-10	1.19e-07	1.12e-05	2.98e-04	3.57e-03	1.66e-02	3.58e-02	7.83e-02	4.60e-01	3.32e-01	7.33e-02
 1.69735e+22	6.30e-34	3.55e-20	1.28e-16	7.93e-14	4.11e-10	1.47e-07	1.37e-05	3.55e-04	4.14e-03	1.86e-02	3.89e-02	8.18e-02	4.64e-01	3.23e-01	6.88e-02
 1.70758e+22	8.36e-34	4.46e-20	1.56e-16	9.23e-14	4.84e-10	1.72e-07	1.58e-05	4.04e-04	4.62e-03	2.03e-02	4.13e-02	8.44e-02	4.67e-01	3.16e-01	6.56e-02
 1.71795e+22	1.22e-33	6.04e-20	2.00e-16	1.12e-13	6.00e-10	2.13e-07	1.93e-05	4.81e-04	5.35e-03	2.28e-02	4.48e-02	8.79e-02	4.71e-01	3.07e-01	6.14e-02
 1.72850e+22	1.62e-33	7.59e-20	2.43e-16	1.31e-13	7.07e-10	2.49e-07	2.24e-05	5.48e-04	5.96e-03	2.48e-02	4.75e-02	9.06e-02	4.73e-01	3.00e-01	5.83e-02
 1.73929e+22	2.34e-33	1.02e-19	3.10e-16	1.58e-13	8.72e-10	3.06e-07	2.71e-05	6.49e-04	6.87e-03	2.77e-02	5.12e-02	9.42e-02	4.75e-01	2.90e-01	5.45e-02
 1.75045e+22	3.15e-33	1.30e-19	3.79e-16	1.85e-13	1.03e-09	3.62e-07	3.17e-05	7.45e-04	7.70e-03	3.03e-02	5.44e-02	9.71e-02	4.76e-01	2.82e-01	5.15e-02
 1.76206e+22	4.59e-33	1.76e-19	4.87e-16	2.24e-13	1.28e-09	4.48e-07	3.87e-05	8.85e-04	8.89e-03	3.39e-02	5.87e-02	1.01e-01	4.77e-01	2.72e-01	4.78e-02
 1.77394e+22	6.17e-33	2.23e-19	5.94e-16	2.62e-13	1.52e-09	5.29e-07	4.52e-05	1.01e-03	9.96e-03	3.70e-02	6.23e-02	1.04e-01	4.77e-01	2.64e-01	4.49e-02
 1.78452e+22	8.20e-33	2.81e-19	7.20e-16	3.04e-13	1.79e-09	6.22e-07	5.25e-05	1.16e-03	1.11e-02	4.02e-02	6.59e-02	1.07e-01	4.77e-01	2.56e-01	4.23e-02
 1.79660e+22	1.18e-32	3.77e-19	9.17e-16	3.66e-13	2.20e-09	7.62e-07	6.35e-05	1.37e-03	1.27e-02	4.47e-02	7.07e-02	1.10e-01	4.76e-01	2.46e-01	3.91e-02
 1.80885e+22	1.56e-32	4.72e-19	1.11e-15	4.23e-13	2.59e-09	8.91e-07	7.35e-05	1.55e-03	1.41e-02	4.84e-02	7.45e-02	1.13e-01	4.74e-01	2.38e-01	3.67e-02
 1.82133e+22	2.22e-32	6.30e-19	1.40e-15	5.08e-13	3.17e-09	1.09e-06	8.85e-05	1.82e-03	1.61e-02	5.35e-02	7.96e-02	1.16e-01	4.72e-01	2.27e-01	3.38e-02
 1.83345e+22	2.84e-32	7.70e-19	1.66e-15	5.79e-13	3.65e-09	1.25e-06	1.01e-04	2.04e-03	1.76e-02	5.73e-02	8.32e-02	1.18e-01	4.69e-01	2.20e-01	3.19e-02
 1.84510e+22	3.91e-32	9.98e-19	2.06e-15	6.82e-13	4.37e-09	1.49e-06	1.19e-04	2.36e-03	1.98e-02	6.26e-02	8.81e-02	1.21e-01	4.66e-01	2.11e-01	2.95e-02
 1.85696e+22	4.98e-32	1.22e-18	2.43e-15	7.76e-13	5.02e-09	1.71e-06	1.35e-04	2.63e-03	2.16e-02	6.69e-02	9.19e-02	1.23e-01	4.62e-01	2.04e-01	2.78e-02
 1.86912e+22	6.87e-32	1.58e-18	3.01e-15	9.14e-13	6.01e-09	2.04e-06	1.59e-04	3.03e-03	2.43e-02	7.30e-02	9.70e-02	1.26e-01	4.57e-01	1.94e-01	2.55e-02
 1.88144e+22	8.73e-32	1.92e-18	3.55e-15	1.04e-12	6.89e-09	2.33e-06	1.79e-04	3.37e-03	2.64e-02	7.76e-02	1.01e-01	1.28e-01	4.53e-01	1.87e-01	2.40e-02
 1.89399e+22	1.20e-31	2.49e-18	4.40e-15	1.22e-12	8.22e-09	2.77e-06	2.11e-04	3.88e-03	2.96e-02	8.44e-02	1.06e-01	1.30e-01	4.46e-01	1.78e-01	2.20e-02
 1.90633e+22	1.50e-31	2.99e-18	5.12e-15	1.38e-12	9.31e-09	3.12e-06	2.36e-04	4.27e-03	3.19e-02	8.91e-02	1.10e-01	1.31e-01	4.41e-01	1.72e-01	2.07e-02
 1.91839e+22	2.01e-31	3.80e-18	6.25e-15	1.61e-12	1.09e-08	3.66e-06	2.73e-04	4.85e-03	3.53e-02	9.60e-02	1.15e-01	1.33e-01	4.34e-01	1.63e-01	1.90e-02
 1.93069e+22	2.51e-31	4.57e-18	7.30e-15	1.81e-12	1.24e-08	4.13e-06	3.05e-04	5.34e-03	3.80e-02	1.01e-01	1.18e-01	1.34e-01	4.28e-01	1.57e-01	1.78e-02
 1.94330e+22	3.37e-31	5.83e-18	8.92e-15	2.12e-12	1.46e-08	4.83e-06	3.53e-04	6.06e-03	4.19e-02	1.09e-01	1.23e-01	1.36e-01	4.19e-01	1.48e-01	1.62e-02
 1.95616e+22	4.24e-31	7.04e-18	1.05e-14	2.39e-12	1.65e-08	5.45e-06	3.95e-04	6.66e-03	4.52e-02	1.15e-01	1.27e-01	1.37e-01	4.12e-01	1.42e-01	1.52e-02
 1.96933e+22	5.71e-31	9.00e-18	1.28e-14	2.80e-12	1.94e-08	6.37e-06	4.56e-04	7.55e-03	4.97e-02	1.23e-01	1.32e-01	1.38e-01	4.03e-01	1.34e-01	1.38e-02
 1.98274e+22	3.53e-31	1.09e-17	1.50e-14	3.17e-12	2.20e-08	7.18e-06	5.09e-04	8.29e-03	5.34e-02	1.29e-01	1.35e-01	1.38e-01	3.95e-01	1.28e-01	1.28e-02
 1.99644e+22	4.77e-31	1.39e-17	1.85e-14	3.72e-12	2.58e-08	8.38e-06	5.87e-04	9.37e-03	5.86e-02	1.38e-01	1.40e-01	1.38e-01	3.84e-01	1.20e-01	1.16e-02
 2.01041e+22	6.01e-31	1.69e-17	2.18e-14	4.23e-12	2.92e-08	9.44e-06	6.54e-04	1.03e-02	6.29e-02	1.44e-01	1.43e-01	1.39e-01	3.75e-01	1.14e-01	1.07e-02
 2.02471e+22	8.14e-31	2.17e-17	2.68e-14	4.98e-12	3.42e-08	1.10e-05	7.53e-04	1.16e-02	6.88e-02	1.54e-01	1.48e-01	1.38e-01	3.63e-01	1.06e-01	9.64e-03
 2.03868e+22	1.00e-30	2.59e-17	3.12e-14	5.62e-12	3.84e-08	1.22e-05	8.29e-04	1.26e-02	7.31e-02	1.60e-01	1.51e-01	1.38e-01	3.55e-01	1.01e-01	8.97e-03
 2.05224e+22	1.33e-30	3.27e-17	3.79e-14	6.52e-12	4.43e-08	1.41e-05	9.43e-04	1.40e-02	7.93e-02	1.69e-01	1.54e-01	1.38e-01	3.43e-01	9.43e-02	8.07e-03
 2.06601e+22	1.65e-30	3.90e-17	4.41e-14	7.37e-12	4.96e-08	1.56e-05	1.04e-03	1.52e-02	8.40e-02	1.75e-01	1.57e-01	1.37e-01	3.34e-01	8.96e-02	7.48e-03
 2.08006e+22	2.18e-30	4.92e-17	5.36e-14	8.59e-12	5.73e-08	1.79e-05	1.17e-03	1.69e-02	9.07e-02	1.84e-01	1.60e-01	1.36e-01	3.22e-01	8.34e-02	6.73e-03
 2.09455e+22	2.73e-30	5.96e-17	6.31e-14	9.77e-12	6.44e-08	2.00e-05	1.30e-03	1.83e-02	9.64e-02	1.91e-01	1.62e-01	1.35e-01	3.12e-01	7.85e-02	6.17e-03
 2.10960e+22	3.63e-30	7.56e-17	7.73e-14	1.15e-11	7.47e-08	2.30e-05	1.47e-03	2.03e-02	1.04e-01	2.00e-01	1.65e-01	1.33e-01	2.99e-01	7.27e-02	5.52e-03
 2.12516e+22	4.62e-30	9.25e-17	9.18e-14	1.32e-11	8.44e-08	2.58e-05	1.63e-03	2.21e-02	1.10e-01	2.07e-01	1.66e-01	1.31e-01	2.88e-01	6.80e-02	5.01e-03
 2.14136e+22	6.22e-30	1.19e-16	1.14e-13	1.56e-11	9.83e-08	2.97e-05	1.85e-03	2.46e-02	1.19e-01	2.16e-01	1.68e-01	1.29e-01	2.75e-01	6.25e-02	4.44e-03
 2.15800e+22	7.98e-30	1.46e-16	1.36e-13	1.80e-11	1.12e-07	3.34e-05	2.05e-03	2.68e-02	1.26e-01	2.24e-01	1.69e-01	1.27e-01	2.63e-01	5.81e-02	4.00e-03
 2.17523e+22	1.09e-29	1.90e-16	1.70e-13	2.15e-11	1.31e-07	3.86e-05	2.32e-03	2.97e-02	1.35e-01	2.33e-01	1.71e-01	1.24e-01	2.49e-01	5.29e-02	3.51e-03
 2.19303e+22	1.41e-29	2.36e-16	2.05e-13	2.50e-11	1.49e-07	4.35e-05	2.58e-03	3.24e-02	1.43e-01	2.40e-01	1.71e-01	1.21e-01	2.37e-01	4.88e-02	3.13e-03
 2.21158e+22	1.95e-29	3.10e-16	2.59e-13	3.02e-11	1.75e-07	5.05e-05	2.94e-03	3.59e-02	1.54e-01	2.49e-01	1.71e-01	1.18e-01	2.23e-01	4.40e-02	2.71e-03
 2.23060e+22	2.56e-29	3.88e-16	3.15e-13	3.54e-11	2.00e-07	5.70e-05	3.27e-03	3.91e-02	1.62e-01	2.56e-01	1.71e-01	1.14e-01	2.11e-01	4.03e-02	2.40e-03
 2.24767e+22	3.31e-29	4.82e-16	3.81e-13	4.12e-11	2.28e-07	6.41e-05	3.62e-03	4.24e-02	1.71e-01	2.62e-01	1.70e-01	1.11e-01	2.00e-01	3.69e-02	2.13e-03
 2.26728e+22	4.66e-29	6.42e-16	4.86e-13	5.00e-11	2.68e-07	7.44e-05	4.12e-03	4.70e-02	1.83e-01	2.70e-01	1.69e-01	1.07e-01	1.85e-01	3.27e-02	1.81e-03
 2.28702e+22	6.03e-29	7.97e-16	5.87e-13	5.83e-11	3.05e-07	8.33e-05	4.54e-03	5.07e-02	1.91e-01	2.76e-01	1.68e-01	1.03e-01	1.75e-01	2.99e-02	1.60e-03
 2.30691e+22	8.43e-29	1.06e-15	7.47e-13	7.06e-11	3.58e-07	9.62e-05	5.14e-03	5.60e-02	2.03e-01	2.82e-01	1.65e-01	9.87e-02	1.61e-01	2.64e-02	1.36e-03
 2.32722e+22	1.10e-28	1.32e-15	9.08e-13	8.26e-11	4.07e-07	1.08e-04	5.67e-03	6.04e-02	2.13e-01	2.87e-01	1.63e-01	9.49e-02	1.51e-01	2.38e-02	1.18e-03
 2.34808e+22	1.56e-28	1.77e-15	1.16e-12	1.01e-10	4.77e-07	1.25e-04	6.41e-03	6.65e-02	2.25e-01	2.92e-01	1.60e-01	9.00e-02	1.38e-01	2.08e-02	9.86e-04
 2.36927e+22	2.05e-28	2.23e-15	1.42e-12	1.18e-10	5.42e-07	1.40e-04	7.06e-03	7.17e-02	2.35e-01	2.96e-01	1.57e-01	8.60e-02	1.28e-01	1.86e-02	8.50e-04
 2.39087e+22	2.91e-28	3.01e-15	1.83e-12	1.44e-10	6.35e-07	1.61e-04	7.98e-03	7.89e-02	2.48e-01	3.00e-01	1.52e-01	8.08e-02	1.16e-01	1.60e-02	6.98e-04
 2.41129e+22	3.67e-28	3.67e-15	2.17e-12	1.64e-10	7.07e-07	1.77e-04	8.65e-03	8.38e-02	2.56e-01	3.02e-01	1.49e-01	7.74e-02	1.08e-01	1.45e-02	6.12e-04
 2.43018e+22	4.98e-28	4.76e-15	2.69e-12	1.94e-10	8.06e-07	1.99e-04	9.58e-03	9.08e-02	2.67e-01	3.04e-01	1.45e-01	7.29e-02	9.82e-02	1.27e-02	5.11e-04
 2.44921e+22	6.27e-28	5.81e-15	3.19e-12	2.22e-10	8.96e-07	2.19e-04	1.04e-02	9.62e-02	2.75e-01	3.04e-01	1.41e-01	6.96e-02	9.13e-02	1.14e-02	4.46e-04
 2.46846e+22	8.53e-28	7.57e-15	3.98e-12	2.63e-10	1.02e-06	2.45e-04	1.14e-02	1.04e-01	2.86e-01	3.05e-01	1.36e-01	6.51e-02	8.25e-02	9.84e-03	3.68e-04
 2.48788e+22	1.08e-27	9.30e-15	4.73e-12	3.01e-10	1.13e-06	2.69e-04	1.24e-02	1.10e-01	2.94e-01	3.04e-01	1.32e-01	6.18e-02	7.62e-02	8.78e-03	3.17e-04
 2.50754e+22	1.47e-27	1.22e-14	5.91e-12	3.56e-10	1.28e-06	3.01e-04	1.36e-02	1.19e-01	3.04e-01	3.03e-01	1.26e-01	5.75e-02	6.83e-02	7.51e-03	2.59e-04
 2.52747e+22	1.86e-27	1.51e-14	7.04e-12	4.08e-10	1.41e-06	3.29e-04	1.47e-02	1.26e-01	3.12e-01	3.02e-01	1.22e-01	5.43e-02	6.26e-02	6.64e-03	2.21e-04
 2.54774e+22	2.54e-27	1.99e-14	8.85e-12	4.85e-10	1.60e-06	3.69e-04	1.62e-02	1.36e-01	3.21e-01	2.99e-01	1.16e-01	5.02e-02	5.56e-02	5.61e-03	1.78e-04
 2.56829e+22	3.23e-27	2.48e-14	1.06e-11	5.57e-10	1.77e-06	4.03e-04	1.75e-02	1.43e-01	3.29e-01	2.96e-01	1.11e-01	4.71e-02	5.06e-02	4.92e-03	1.50e-04
 2.58919e+22	4.42e-27	3.31e-14	1.34e-11	6.65e-10	2.01e-06	4.51e-04	1.93e-02	1.54e-01	3.38e-01	2.91e-01	1.05e-01	4.32e-02	4.45e-02	4.11e-03	1.19e-04
 2.61054e+22	5.69e-27	4.19e-14	1.62e-11	7.68e-10	2.23e-06	4.94e-04	2.08e-02	1.64e-01	3.44e-01	2.87e-01	9.99e-02	4.02e-02	4.01e-02	3.55e-03	9.89e-05
 2.63247e+22	7.86e-27	5.69e-14	2.08e-11	9.25e-10	2.54e-06	5.54e-04	2.29e-02	1.76e-01	3.52e-01	2.81e-01	9.33e-02	3.65e-02	3.48e-02	2.91e-03	7.69e-05
 2.65484e+22	1.02e-26	7.30e-14	2.54e-11	1.08e-09	2.82e-06	6.08e-04	2.48e-02	1.87e-01	3.58e-01	2.75e-01	8.80e-02	3.37e-02	3.09e-02	2.48e-03	6.26e-05
 2.67705e+22	1.39e-26	9.93e-14	3.25e-11	1.30e-09	3.21e-06	6.80e-04	2.72e-02	2.00e-01	3.64e-01	2.67e-01	8.16e-02	3.05e-02	2.67e-02	2.02e-03	4.84e-05
 2.69815e+22	1.74e-26	1.24e-13	3.88e-11	1.49e-09	3.53e-06	7.37e-04	2.91e-02	2.10e-01	3.68e-01	2.60e-01	7.71e-02	2.83e-02	2.39e-02	1.75e-03	4.01e-05
 2.71854e+22	2.33e-26	1.67e-13	4.92e-11	1.78e-09	3.99e-06	8.19e-04	3.18e-02	2.24e-01	3.73e-01	2.52e-01	7.13e-02	2.55e-02	2.07e-02	1.43e-03	3.11e-05
 2.73930e+22	2.94e-26	2.12e-13	5.95e-11	2.06e-09	4.42e-06	8.92e-04	3.41e-02	2.36e-01	3.75e-01	2.44e-01	6.68e-02	2.35e-02	1.83e-02	1.21e-03	2.54e-05
 2.75969e+22	3.86e-26	2.84e-13	7.52e-11	2.47e-09	5.00e-06	9.89e-04	3.70e-02	2.50e-01	3.78e-01	2.35e-01	6.14e-02	2.12e-02	1.58e-02	9.94e-04	1.97e-05
 2.78050e+22	4.90e-26	3.66e-13	9.22e-11	2.90e-09	5.59e-06	1.08e-03	3.98e-02	2.63e-01	3.79e-01	2.26e-01	5.70e-02	1.94e-02	1.39e-02	8.34e-04	1.58e-05
 2.80077e+22	6.29e-26	4.87e-13	1.16e-10	3.46e-09	6.33e-06	1.20e-03	4.30e-02	2.78e-01	3.80e-01	2.16e-01	5.23e-02	1.75e-02	1.20e-02	6.84e-04	1.24e-05
 2.82147e+22	8.00e-26	6.38e-13	1.44e-10	4.11e-09	7.14e-06	1.32e-03	4.63e-02	2.92e-01	3.79e-01	2.06e-01	4.81e-02	1.58e-02	1.04e-02	5.66e-04	9.75e-06
 2.84196e+22	1.02e-25	8.47e-13	1.81e-10	4.93e-09	8.11e-06	1.46e-03	4.99e-02	3.07e-01	3.78e-01	1.96e-01	4.39e-02	1.42e-02	8.94e-03	4.63e-04	7.61e-06
 2.86256e+22	1.30e-25	1.12e-12	2.26e-10	5.91e-09	9.22e-06	1.61e-03	5.37e-02	3.22e-01	3.75e-01	1.86e-01	4.00e-02	1.28e-02	7.70e-03	3.80e-04	5.95e-06
 2.88292e+22	1.64e-25	1.48e-12	2.83e-10	7.10e-09	1.05e-05	1.78e-03	5.78e-02	3.37e-01	3.72e-01	1.76e-01	3.64e-02	1.15e-02	6.61e-03	3.11e-04	4.64e-06
 2.90324e+22	2.08e-25	1.95e-12	3.55e-10	8.55e-09	1.20e-05	1.97e-03	6.21e-02	3.52e-01	3.68e-01	1.67e-01	3.30e-02	1.03e-02	5.67e-03	2.54e-04	3.61e-06
 2.92361e+22	2.63e-25	2.58e-12	4.46e-10	1.03e-08	1.38e-05	2.18e-03	6.67e-02	3.67e-01	3.63e-01	1.57e-01	2.99e-02	9.18e-03	4.84e-03	2.07e-04	2.81e-06
 2.94405e+22	3.33e-25	3.41e-12	5.62e-10	1.25e-08	1.58e-05	2.42e-03	7.16e-02	3.83e-01	3.57e-01	1.47e-01	2.69e-02	8.18e-03	4.13e-03	1.68e-04	2.17e-06
 2.96462e+22	4.23e-25	4.52e-12	7.08e-10	1.52e-08	1.82e-05	2.68e-03	7.68e-02	3.98e-01	3.50e-01	1.38e-01	2.42e-02	7.28e-03	3.51e-03	1.36e-04	1.68e-06
 2.98537e+22	5.37e-25	5.99e-12	8.94e-10	1.85e-08	2.10e-05	2.98e-03	8.24e-02	4.13e-01	3.43e-01	1.28e-01	2.17e-02	6.45e-03	2.98e-03	1.10e-04	1.29e-06
 3.00638e+22	6.86e-25	7.94e-12	1.13e-09	2.26e-08	2.43e-05	3.31e-03	8.83e-02	4.27e-01	3.34e-01	1.19e-01	1.94e-02	5.70e-03	2.51e-03	8.84e-05	9.88e-07
 3.02749e+22	8.75e-25	1.05e-11	1.43e-09	2.75e-08	2.82e-05	3.67e-03	9.45e-02	4.41e-01	3.25e-01	1.11e-01	1.73e-02	5.03e-03	2.12e-03	7.10e-05	7.57e-07
 3.04894e+22	1.13e-24	1.39e-11	1.81e-09	3.38e-08	3.28e-05	4.09e-03	1.01e-01	4.56e-01	3.16e-01	1.02e-01	1.53e-02	4.42e-03	1.78e-03	5.66e-05	5.74e-07
 3.07064e+22	1.48e-24	1.84e-11	2.29e-09	4.14e-08	3.80e-05	4.54e-03	1.08e-01	4.69e-01	3.06e-01	9.42e-02	1.36e-02	3.88e-03	1.49e-03	4.52e-05	4.37e-07
 3.09277e+22	1.93e-24	2.45e-11	2.92e-09	5.11e-08	4.45e-05	5.06e-03	1.16e-01	4.82e-01	2.95e-01	8.63e-02	1.19e-02	3.38e-03	1.24e-03	3.57e-05	3.27e-07
 3.11335e+22	2.42e-24	3.08e-11	3.55e-09	6.06e-08	5.04e-05	5.52e-03	1.22e-01	4.92e-01	2.86e-01	8.04e-02	1.08e-02	3.02e-03	1.06e-03	2.94e-05	2.59e-07
 3.13456e+22	3.22e-24	4.13e-11	4.57e-09	7.56e-08	5.93e-05	6.18e-03	1.30e-01	5.04e-01	2.74e-01	7.31e-02	9.38e-03	2.60e-03	8.73e-04	2.29e-05	1.91e-07
 3.15610e+22	4.07e-24	5.19e-11	5.56e-09	8.98e-08	6.73e-05	6.74e-03	1.37e-01	5.13e-01	2.64e-01	6.78e-02	8.42e-03	2.31e-03	7.47e-04	1.88e-05	1.51e-07
 3.17813e+22	5.53e-24	6.98e-11	7.19e-09	1.13e-07	7.95e-05	7.54e-03	1.47e-01	5.23e-01	2.51e-01	6.12e-02	7.28e-03	1.98e-03	6.07e-04	1.44e-05	0.00e+00
 3.20027e+22	7.01e-24	8.69e-11	8.70e-09	1.33e-07	9.00e-05	8.20e-03	1.54e-01	5.30e-01	2.42e-01	5.67e-02	6.53e-03	1.76e-03	5.19e-04	1.19e-05	0.00e+00
 3.22255e+22	9.56e-24	1.16e-10	1.12e-08	1.66e-07	1.06e-04	9.15e-03	1.64e-01	5.39e-01	2.30e-01	5.11e-02	5.64e-03	1.50e-03	4.22e-04	9.12e-06	0.00e+00
 3.24496e+22	1.22e-23	1.43e-10	1.35e-08	1.97e-07	1.20e-04	9.93e-03	1.71e-01	5.44e-01	2.20e-01	4.72e-02	5.05e-03	1.33e-03	3.60e-04	7.47e-06	0.00e+00
 3.26755e+22	1.67e-23	1.90e-10	1.73e-08	2.45e-07	1.41e-04	1.11e-02	1.82e-01	5.51e-01	2.08e-01	4.25e-02	4.36e-03	1.13e-03	2.92e-04	5.73e-06	0.00e+00
 3.29032e+22	2.14e-23	2.34e-10	2.08e-08	2.90e-07	1.59e-04	1.20e-02	1.90e-01	5.55e-01	1.99e-01	3.91e-02	3.89e-03	9.99e-04	2.48e-04	4.68e-06	0.00e+00
 3.31334e+22	2.94e-23	3.08e-10	2.65e-08	3.61e-07	1.87e-04	1.33e-02	2.01e-01	5.59e-01	1.88e-01	3.51e-02	3.35e-03	8.48e-04	2.01e-04	3.58e-06	0.00e+00
 3.33665e+22	3.77e-23	3.79e-10	3.20e-08	4.27e-07	2.11e-04	1.44e-02	2.09e-01	5.61e-01	1.79e-01	3.22e-02	2.98e-03	7.46e-04	1.70e-04	2.91e-06	0.00e+00
 3.36033e+22	5.21e-23	4.97e-10	4.08e-08	5.31e-07	2.47e-04	1.60e-02	2.21e-01	5.63e-01	1.68e-01	2.88e-02	2.55e-03	6.31e-04	1.37e-04	2.22e-06	0.00e+00
 3.38441e+22	6.72e-23	6.12e-10	4.92e-08	6.29e-07	2.80e-04	1.73e-02	2.30e-01	5.64e-01	1.59e-01	2.64e-02	2.27e-03	5.52e-04	1.16e-04	1.79e-06	0.00e+00
 3.40900e+22	9.34e-23	8.01e-10	6.28e-08	7.85e-07	3.29e-04	1.92e-02	2.42e-01	5.64e-01	1.48e-01	2.35e-02	1.93e-03	4.64e-04	9.24e-05	1.35e-06	0.00e+00
 3.43410e+22	1.21e-22	9.89e-10	7.61e-08	9.33e-07	3.72e-04	2.08e-02	2.52e-01	5.63e-01	1.40e-01	2.14e-02	1.71e-03	4.04e-04	7.75e-05	1.09e-06	0.00e+00
 3.45987e+22	1.70e-22	1.30e-09	9.76e-08	1.17e-06	4.39e-04	2.30e-02	2.64e-01	5.61e-01	1.30e-01	1.89e-02	1.45e-03	3.37e-04	6.14e-05	8.12e-07	0.00e+00
 3.48627e+22	2.23e-22	1.61e-09	1.19e-07	1.40e-06	4.99e-04	2.50e-02	2.75e-01	5.59e-01	1.23e-01	1.72e-02	1.27e-03	2.92e-04	5.11e-05	6.45e-07	0.00e+00
 3.50853e+22	2.82e-22	1.94e-09	1.41e-07	1.64e-06	5.58e-04	2.68e-02	2.84e-01	5.56e-01	1.16e-01	1.57e-02	1.13e-03	2.57e-04	4.34e-05	5.26e-07	0.00e+00
 3.53248e+22	3.81e-22	2.46e-09	1.76e-07	2.00e-06	6.46e-04	2.93e-02	2.96e-01	5.51e-01	1.08e-01	1.41e-02	9.72e-04	2.17e-04	3.51e-05	4.03e-07	0.00e+00
 3.55678e+22	4.83e-22	2.97e-09	2.09e-07	2.35e-06	7.23e-04	3.15e-02	3.05e-01	5.47e-01	1.02e-01	1.29e-02	8.64e-04	1.90e-04	2.97e-05	3.27e-07	0.00e+00
 3.57781e+22	6.03e-22	3.54e-09	2.46e-07	2.72e-06	8.05e-04	3.36e-02	3.14e-01	5.42e-01	9.65e-02	1.18e-02	7.71e-04	1.68e-04	2.53e-05	2.68e-07	0.00e+00
 3.60142e+22	8.03e-22	4.44e-09	3.05e-07	3.31e-06	9.26e-04	3.66e-02	3.26e-01	5.36e-01	8.96e-02	1.06e-02	6.64e-04	1.42e-04	2.05e-05	2.07e-07	0.00e+00
 3.62494e+22	9.98e-22	5.26e-09	3.56e-07	3.82e-06	1.02e-03	3.90e-02	3.34e-01	5.30e-01	8.48e-02	9.73e-03	5.96e-04	1.26e-04	1.76e-05	1.71e-07	0.00e+00
 3.64835e+22	1.32e-21	6.55e-09	4.38e-07	4.62e-06	1.17e-03	4.23e-02	3.46e-01	5.23e-01	7.87e-02	8.70e-03	5.15e-04	1.07e-04	1.43e-05	1.32e-07	0.00e+00
 3.67210e+22	1.64e-21	7.76e-09	5.13e-07	5.34e-06	1.30e-03	4.50e-02	3.54e-01	5.16e-01	7.43e-02	8.00e-03	4.60e-04	9.44e-05	1.23e-05	0.00e+00	0.00e+00
 3.69627e+22	2.17e-21	9.67e-09	6.32e-07	6.46e-06	1.49e-03	4.88e-02	3.66e-01	5.07e-01	6.87e-02	7.14e-03	3.96e-04	7.99e-05	9.94e-06	0.00e+00	0.00e+00
 3.72085e+22	2.71e-21	1.15e-08	7.42e-07	7.48e-06	1.65e-03	5.20e-02	3.75e-01	5.00e-01	6.47e-02	6.55e-03	3.53e-04	7.03e-05	8.46e-06	0.00e+00	0.00e+00
 3.74597e+22	3.59e-21	1.44e-08	9.18e-07	9.11e-06	1.90e-03	5.64e-02	3.86e-01	4.90e-01	5.94e-02	5.81e-03	3.02e-04	5.91e-05	6.80e-06	0.00e+00	0.00e+00
 3.77146e+22	4.52e-21	1.71e-08	1.08e-06	1.05e-05	2.10e-03	6.00e-02	3.95e-01	4.82e-01	5.58e-02	5.32e-03	2.69e-04	5.18e-05	5.78e-06	0.00e+00	0.00e+00
 3.79744e+22	6.00e-21	2.14e-08	1.34e-06	1.29e-05	2.42e-03	6.52e-02	4.07e-01	4.70e-01	5.10e-02	4.70e-03	2.28e-04	4.33e-05	4.60e-06	0.00e+00	0.00e+00
 3.82397e+22	7.57e-21	2.56e-08	1.59e-06	1.50e-05	2.69e-03	6.94e-02	4.15e-01	4.60e-01	4.77e-02	4.28e-03	2.02e-04	3.77e-05	3.87e-06	0.00e+00	0.00e+00
 3.85119e+22	1.02e-20	3.22e-08	1.97e-06	1.84e-05	3.10e-03	7.52e-02	4.26e-01	4.48e-01	4.35e-02	3.77e-03	1.71e-04	3.14e-05	3.08e-06	0.00e+00	0.00e+00
 3.87929e+22	1.30e-20	3.89e-08	2.36e-06	2.17e-05	3.48e-03	8.04e-02	4.35e-01	4.37e-01	4.03e-02	3.40e-03	1.49e-04	2.70e-05	2.55e-06	0.00e+00	0.00e+00
 3.90854e+22	1.76e-20	4.95e-08	2.97e-06	2.68e-05	4.03e-03	8.75e-02	4.46e-01	4.23e-01	3.64e-02	2.97e-03	1.25e-04	2.22e-05	1.99e-06	0.00e+00	0.00e+00
 3.93796e+22	2.25e-20	5.96e-08	3.54e-06	3.14e-05	4.50e-03	9.31e-02	4.54e-01	4.12e-01	3.37e-02	2.68e-03	1.09e-04	1.91e-05	1.66e-06	0.00e+00	0.00e+00
 3.96758e+22	3.05e-20	7.57e-08	4.45e-06	3.89e-05	5.21e-03	1.01e-01	4.64e-01	3.97e-01	3.03e-02	2.34e-03	9.12e-05	1.57e-05	1.29e-06	0.00e+00	0.00e+00
 3.99753e+22	3.92e-20	9.13e-08	5.31e-06	4.55e-05	5.80e-03	1.07e-01	4.72e-01	3.85e-01	2.80e-02	2.11e-03	7.97e-05	1.35e-05	1.07e-06	0.00e+00	0.00e+00
 4.02789e+22	5.31e-20	1.16e-07	6.68e-06	5.64e-05	6.72e-03	1.16e-01	4.81e-01	3.69e-01	2.50e-02	1.83e-03	6.60e-05	1.10e-05	8.26e-07	0.00e+00	0.00e+00
 4.05873e+22	6.86e-20	1.40e-07	7.99e-06	6.62e-05	7.49e-03	1.24e-01	4.87e-01	3.57e-01	2.30e-02	1.64e-03	5.74e-05	9.40e-06	6.81e-07	0.00e+00	0.00e+00
 4.09019e+22	9.34e-20	1.79e-07	1.01e-05	8.23e-05	8.69e-03	1.34e-01	4.95e-01	3.41e-01	2.04e-02	1.42e-03	4.73e-05	7.61e-06	5.22e-07	0.00e+00	0.00e+00
 4.12134e+22	1.19e-19	2.15e-07	1.20e-05	9.59e-05	9.64e-03	1.41e-01	5.00e-01	3.29e-01	1.88e-02	1.28e-03	4.12e-05	6.53e-06	4.32e-07	0.00e+00	0.00e+00
 4.14665e+22	1.47e-19	2.52e-07	1.40e-05	1.11e-04	1.06e-02	1.49e-01	5.04e-01	3.18e-01	1.73e-02	1.16e-03	3.62e-05	5.67e-06	3.62e-07	0.00e+00	0.00e+00
 4.17413e+22	1.92e-19	3.09e-07	1.70e-05	1.32e-04	1.19e-02	1.58e-01	5.08e-01	3.05e-01	1.57e-02	1.02e-03	3.08e-05	4.76e-06	2.90e-07	0.00e+00	0.00e+00
 4.20197e+22	2.38e-19	3.65e-07	1.99e-05	1.53e-04	1.32e-02	1.67e-01	5.11e-01	2.94e-01	1.44e-02	9.21e-04	2.69e-05	4.11e-06	2.41e-07	0.00e+00	0.00e+00
 4.22654e+22	2.95e-19	4.29e-07	2.32e-05	1.76e-04	1.44e-02	1.75e-01	5.14e-01	2.83e-01	1.33e-02	8.33e-04	2.35e-05	3.56e-06	2.02e-07	0.00e+00	0.00e+00
 4.25471e+22	3.85e-19	5.25e-07	2.81e-05	2.09e-04	1.62e-02	1.85e-01	5.16e-01	2.70e-01	1.19e-02	7.35e-04	2.00e-05	2.98e-06	1.61e-07	0.00e+00	0.00e+00
 4.28394e+22	4.84e-19	6.26e-07	3.33e-05	2.44e-04	1.80e-02	1.95e-01	5.18e-01	2.58e-01	1.08e-02	6.55e-04	1.72e-05	2.53e-06	1.32e-07	0.00e+00	0.00e+00
 4.31004e+22	6.03e-19	7.39e-07	3.89e-05	2.81e-04	1.97e-02	2.04e-01	5.18e-01	2.47e-01	9.93e-03	5.90e-04	1.50e-05	2.18e-06	0.00e+00	0.00e+00	0.00e+00
 4.33946e+22	7.94e-19	9.09e-07	4.73e-05	3.35e-04	2.21e-02	2.16e-01	5.18e-01	2.34e-01	8.87e-03	5.17e-04	1.26e-05	1.81e-06	0.00e+00	0.00e+00	0.00e+00
 4.37018e+22	1.01e-18	1.09e-06	5.64e-05	3.94e-04	2.45e-02	2.27e-01	5.17e-01	2.22e-01	7.98e-03	4.57e-04	1.07e-05	1.52e-06	0.00e+00	0.00e+00	0.00e+00
 4.39789e+22	1.27e-18	1.29e-06	6.62e-05	4.56e-04	2.70e-02	2.37e-01	5.16e-01	2.12e-01	7.25e-03	4.09e-04	9.22e-06	1.30e-06	0.00e+00	0.00e+00	0.00e+00
 4.42920e+22	1.69e-18	1.61e-06	8.12e-05	5.47e-04	3.03e-02	2.50e-01	5.13e-01	1.99e-01	6.41e-03	3.54e-04	7.65e-06	1.06e-06	0.00e+00	0.00e+00	0.00e+00
 4.46151e+22	2.15e-18	1.93e-06	9.68e-05	6.44e-04	3.36e-02	2.62e-01	5.10e-01	1.87e-01	5.71e-03	3.11e-04	6.44e-06	8.87e-07	0.00e+00	0.00e+00	0.00e+00
 4.49027e+22	2.72e-18	2.30e-06	1.14e-04	7.46e-04	3.69e-02	2.74e-01	5.06e-01	1.77e-01	5.15e-03	2.76e-04	5.51e-06	7.52e-07	0.00e+00	0.00e+00	0.00e+00
 4.52283e+22	3.65e-18	2.86e-06	1.40e-04	8.97e-04	4.15e-02	2.88e-01	5.00e-01	1.65e-01	4.51e-03	2.37e-04	4.52e-06	6.09e-07	0.00e+00	0.00e+00	0.00e+00
 4.55662e+22	4.69e-18	3.46e-06	1.68e-04	1.06e-03	4.60e-02	3.01e-01	4.94e-01	1.54e-01	3.98e-03	2.06e-04	3.76e-06	5.02e-07	0.00e+00	0.00e+00	0.00e+00
 4.58695e+22	5.97e-18	4.14e-06	1.98e-04	1.23e-03	5.05e-02	3.12e-01	4.87e-01	1.45e-01	3.55e-03	1.82e-04	3.18e-06	4.21e-07	0.00e+00	0.00e+00	0.00e+00
 4.62134e+22	8.12e-18	5.19e-06	2.45e-04	1.49e-03	5.67e-02	3.27e-01	4.78e-01	1.33e-01	3.07e-03	1.54e-04	2.57e-06	3.36e-07	0.00e+00	0.00e+00	0.00e+00
 4.65705e+22	1.05e-17	6.31e-06	2.95e-04	1.76e-03	6.30e-02	3.41e-01	4.68e-01	1.23e-01	2.68e-03	1.32e-04	2.11e-06	2.73e-07	0.00e+00	0.00e+00	0.00e+00
 4.68904e+22	1.36e-17	7.60e-06	3.51e-04	2.05e-03	6.90e-02	3.52e-01	4.59e-01	1.15e-01	2.36e-03	1.15e-04	1.76e-06	2.26e-07	0.00e+00	0.00e+00	0.00e+00
 4.72521e+22	1.86e-17	9.60e-06	4.36e-04	2.50e-03	7.76e-02	3.68e-01	4.46e-01	1.04e-01	2.01e-03	9.64e-05	1.39e-06	1.77e-07	0.00e+00	0.00e+00	0.00e+00
 4.76209e+22	2.41e-17	1.16e-05	5.21e-04	2.95e-03	8.55e-02	3.80e-01	4.34e-01	9.58e-02	1.74e-03	8.25e-05	1.14e-06	1.43e-07	0.00e+00	0.00e+00	0.00e+00
 4.79990e+22	3.36e-17	1.48e-05	6.52e-04	3.59e-03	9.60e-02	3.94e-01	4.18e-01	8.61e-02	1.46e-03	6.81e-05	8.88e-07	0.00e+00	0.00e+00	0.00e+00	0.00e+00
 4.83810e+22	4.37e-17	1.80e-05	7.80e-04	4.22e-03	1.05e-01	4.05e-01	4.04e-01	7.87e-02	1.26e-03	5.80e-05	7.21e-07	0.00e+00	0.00e+00	0.00e+00	0.00e+00
 4.87680e+22	6.12e-17	2.29e-05	9.76e-04	5.16e-03	1.18e-01	4.18e-01	3.86e-01	6.99e-02	1.04e-03	4.73e-05	5.53e-07	0.00e+00	0.00e+00	0.00e+00	0.00e+00
 4.91584e+22	7.97e-17	2.78e-05	1.16e-03	6.05e-03	1.29e-01	4.28e-01	3.71e-01	6.34e-02	8.95e-04	4.00e-05	4.47e-07	0.00e+00	0.00e+00	0.00e+00	0.00e+00
 4.95533e+22	1.10e-16	3.55e-05	1.46e-03	7.39e-03	1.44e-01	4.39e-01	3.52e-01	5.57e-02	7.33e-04	3.22e-05	3.39e-07	0.00e+00	0.00e+00	0.00e+00	0.00e+00
 4.99527e+22	1.44e-16	4.31e-05	1.74e-03	8.64e-03	1.57e-01	4.46e-01	3.36e-01	5.01e-02	6.23e-04	2.71e-05	2.71e-07	0.00e+00	0.00e+00	0.00e+00	0.00e+00
 5.03582e+22	2.04e-16	5.53e-05	2.17e-03	1.05e-02	1.75e-01	4.54e-01	3.14e-01	4.35e-02	5.04e-04	2.15e-05	2.02e-07	0.00e+00	0.00e+00	0.00e+00	0.00e+00
 5.07684e+22	2.69e-16	6.74e-05	2.59e-03	1.23e-02	1.89e-01	4.59e-01	2.98e-01	3.87e-02	4.24e-04	1.79e-05	1.60e-07	0.00e+00	0.00e+00	0.00e+00	0.00e+00
 5.11849e+22	3.87e-16	8.67e-05	3.24e-03	1.50e-02	2.09e-01	4.63e-01	2.76e-01	3.32e-02	3.39e-04	1.40e-05	1.17e-07	0.00e+00	0.00e+00	0.00e+00	0.00e+00
 5.15929e+22	5.02e-16	1.04e-04	3.81e-03	1.73e-02	2.25e-01	4.64e-01	2.60e-01	2.95e-02	2.86e-04	1.17e-05	0.00e+00	0.00e+00	0.00e+00	0.00e+00	0.00e+00
 5.19898e+22	7.11e-16	1.32e-04	4.69e-03	2.08e-02	2.46e-01	4.64e-01	2.39e-01	2.52e-02	2.28e-04	9.18e-06	0.00e+00	0.00e+00	0.00e+00	0.00e+00	0.00e+00
 5.23732e+22	9.11e-16	1.57e-04	5.43e-03	2.35e-02	2.61e-01	4.63e-01	2.25e-01	2.25e-02	1.95e-04	7.72e-06	0.00e+00	0.00e+00	0.00e+00	0.00e+00	0.00e+00
 5.27392e+22	1.26e-15	1.94e-04	6.53e-03	2.76e-02	2.80e-01	4.59e-01	2.07e-01	1.94e-02	1.58e-04	6.17e-06	0.00e+00	0.00e+00	0.00e+00	0.00e+00	0.00e+00
 5.31110e+22	1.64e-15	2.31e-04	7.58e-03	3.13e-02	2.97e-01	4.54e-01	1.93e-01	1.70e-02	1.33e-04	5.11e-06	0.00e+00	0.00e+00	0.00e+00	0.00e+00	0.00e+00
 5.34400e+22	2.12e-15	2.74e-04	8.75e-03	3.54e-02	3.13e-01	4.48e-01	1.79e-01	1.50e-02	1.12e-04	4.24e-06	0.00e+00	0.00e+00	0.00e+00	0.00e+00	0.00e+00
 5.38173e+22	2.99e-15	3.41e-04	1.05e-02	4.12e-02	3.34e-01	4.39e-01	1.62e-01	1.27e-02	8.91e-05	3.33e-06	0.00e+00	0.00e+00	0.00e+00	0.00e+00	0.00e+00
 5.42002e+22	3.98e-15	4.07e-04	1.22e-02	4.66e-02	3.51e-01	4.30e-01	1.49e-01	1.10e-02	7.38e-05	2.71e-06	0.00e+00	0.00e+00	0.00e+00	0.00e+00	0.00e+00
 5.45903e+22	5.70e-15	5.08e-04	1.46e-02	5.40e-02	3.71e-01	4.17e-01	1.33e-01	9.18e-03	5.81e-05	2.09e-06	0.00e+00	0.00e+00	0.00e+00	0.00e+00	0.00e+00
 5.49839e+22	7.72e-15	6.07e-04	1.69e-02	6.07e-02	3.87e-01	4.05e-01	1.22e-01	7.91e-03	4.78e-05	1.69e-06	0.00e+00	0.00e+00	0.00e+00	0.00e+00	0.00e+00
 5.53820e+22	1.12e-14	7.61e-04	2.02e-02	7.04e-02	4.07e-01	3.88e-01	1.07e-01	6.45e-03	3.68e-05	1.27e-06	0.00e+00	0.00e+00	0.00e+00	0.00e+00	0.00e+00
 5.57804e+22	1.52e-14	9.05e-04	2.32e-02	7.84e-02	4.22e-01	3.74e-01	9.65e-02	5.51e-03	3.01e-05	1.02e-06	0.00e+00	0.00e+00	0.00e+00	0.00e+00	0.00e+00
 5.61004e+22	1.99e-14	1.05e-03	2.60e-02	8.58e-02	4.33e-01	3.61e-01	8.81e-02	4.79e-03	2.52e-05	8.45e-07	0.00e+00	0.00e+00	0.00e+00	0.00e+00	0.00e+00
 5.64375e+22	2.74e-14	1.26e-03	3.00e-02	9.57e-02	4.46e-01	3.44e-01	7.84e-02	4.02e-03	2.03e-05	6.65e-07	0.00e+00	0.00e+00	0.00e+00	0.00e+00	0.00e+00
 5.67794e+22	3.65e-14	1.46e-03	3.36e-02	1.04e-01	4.56e-01	3.30e-01	7.09e-02	3.46e-03	1.68e-05	5.43e-07	0.00e+00	0.00e+00	0.00e+00	0.00e+00	0.00e+00
 5.70801e+22	4.76e-14	1.69e-03	3.75e-02	1.13e-01	4.65e-01	3.15e-01	6.41e-02	2.98e-03	1.40e-05	4.44e-07	0.00e+00	0.00e+00	0.00e+00	0.00e+00	0.00e+00
 5.74237e+22	6.81e-14	2.02e-03	4.30e-02	1.25e-01	4.74e-01	2.97e-01	5.62e-02	2.46e-03	1.11e-05	3.44e-07	0.00e+00	0.00e+00	0.00e+00	0.00e+00	0.00e+00
 5.77715e+22	9.30e-14	2.34e-03	4.80e-02	1.36e-01	4.80e-01	2.81e-01	5.01e-02	2.09e-03	9.08e-06	2.76e-07	0.00e+00	0.00e+00	0.00e+00	0.00e+00	0.00e+00
 5.80762e+22	1.24e-13	2.70e-03	5.33e-02	1.46e-01	4.85e-01	2.66e-01	4.48e-02	1.78e-03	7.47e-06	2.23e-07	0.00e+00	0.00e+00	0.00e+00	0.00e+00	0.00e+00
 5.84240e+22	1.91e-13	3.23e-03	6.08e-02	1.60e-01	4.89e-01	2.47e-01	3.85e-02	1.44e-03	5.80e-06	1.69e-07	0.00e+00	0.00e+00	0.00e+00	0.00e+00	0.00e+00
 5.87745e+22	2.56e-13	3.72e-03	6.73e-02	1.72e-01	4.90e-01	2.32e-01	3.41e-02	1.21e-03	4.74e-06	1.35e-07	0.00e+00	0.00e+00	0.00e+00	0.00e+00	0.00e+00
 5.91287e+22	3.98e-13	4.43e-03	7.62e-02	1.87e-01	4.90e-01	2.13e-01	2.90e-02	9.74e-04	3.66e-06	0.00e+00	0.00e+00	0.00e+00	0.00e+00	0.00e+00	0.00e+00
 5.94885e+22	6.08e-13	5.12e-03	8.42e-02	1.99e-01	4.88e-01	1.97e-01	2.53e-02	8.05e-04	2.92e-06	0.00e+00	0.00e+00	0.00e+00	0.00e+00	0.00e+00	0.00e+00
 5.98056e+22	8.82e-13	5.87e-03	9.25e-02	2.11e-01	4.85e-01	1.83e-01	2.20e-02	6.70e-04	2.36e-06	0.00e+00	0.00e+00	0.00e+00	0.00e+00	0.00e+00	0.00e+00
 6.01676e+22	1.58e-12	6.95e-03	1.04e-01	2.27e-01	4.78e-01	1.65e-01	1.84e-02	5.27e-04	1.79e-06	0.00e+00	0.00e+00	0.00e+00	0.00e+00	0.00e+00	0.00e+00
 6.05375e+22	2.63e-12	8.01e-03	1.14e-01	2.40e-01	4.71e-01	1.51e-01	1.58e-02	4.29e-04	1.41e-06	0.00e+00	0.00e+00	0.00e+00	0.00e+00	0.00e+00	0.00e+00
 6.09176e+22	5.07e-12	9.47e-03	1.27e-01	2.56e-01	4.59e-01	1.35e-01	1.30e-02	3.32e-04	1.05e-06	0.00e+00	0.00e+00	0.00e+00	0.00e+00	0.00e+00	0.00e+00
 6.13051e+22	1.31e-11	1.10e-02	1.40e-01	2.69e-01	4.48e-01	1.21e-01	1.09e-02	2.63e-04	8.05e-07	0.00e+00	0.00e+00	0.00e+00	0.00e+00	0.00e+00	0.00e+00
 6.16430e+22	3.49e-11	1.25e-02	1.52e-01	2.81e-01	4.36e-01	1.09e-01	9.21e-03	2.12e-04	6.30e-07	0.00e+00	0.00e+00	0.00e+00	0.00e+00	0.00e+00	0.00e+00
 6.20230e+22	9.79e-11	1.47e-02	1.68e-01	2.95e-01	4.19e-01	9.56e-02	7.42e-03	1.61e-04	4.60e-07	0.00e+00	0.00e+00	0.00e+00	0.00e+00	0.00e+00	0.00e+00
 6.24172e+22	2.05e-10	1.69e-02	1.82e-01	3.07e-01	4.03e-01	8.47e-02	6.12e-03	1.26e-04	3.49e-07	0.00e+00	0.00e+00	0.00e+00	0.00e+00	0.00e+00	0.00e+00
 6.28300e+22	6.27e-10	2.00e-02	2.01e-01	3.20e-01	3.82e-01	7.21e-02	4.75e-03	9.13e-05	2.43e-07	0.00e+00	0.00e+00	0.00e+00	0.00e+00	0.00e+00	0.00e+00
 6.32437e+22	1.06e-09	2.28e-02	2.16e-01	3.29e-01	3.64e-01	6.34e-02	3.89e-03	7.10e-05	1.84e-07	0.00e+00	0.00e+00	0.00e+00	0.00e+00	0.00e+00	0.00e+00
 6.36584e+22	2.38e-09	2.67e-02	2.36e-01	3.39e-01	3.41e-01	5.34e-02	2.99e-03	5.13e-05	1.28e-07	0.00e+00	0.00e+00	0.00e+00	0.00e+00	0.00e+00	0.00e+00
 6.40240e+22	4.33e-09	2.95e-02	2.48e-01	3.45e-01	3.27e-01	4.79e-02	2.53e-03	4.18e-05	0.00e+00	0.00e+00	0.00e+00	0.00e+00	0.00e+00	0.00e+00	0.00e+00
 6.42849e+22	1.03e-08	3.20e-02	2.59e-01	3.49e-01	3.14e-01	4.34e-02	2.19e-03	3.49e-05	0.00e+00	0.00e+00	0.00e+00	0.00e+00	0.00e+00	0.00e+00	0.00e+00
 6.45833e+22	1.92e-08	3.56e-02	2.74e-01	3.53e-01	2.97e-01	3.81e-02	1.80e-03	2.74e-05	0.00e+00	0.00e+00	0.00e+00	0.00e+00	0.00e+00	0.00e+00	0.00e+00
 6.48936e+22	3.83e-08	3.91e-02	2.86e-01	3.56e-01	2.83e-01	3.39e-02	1.51e-03	2.22e-05	0.00e+00	0.00e+00	0.00e+00	0.00e+00	0.00e+00	0.00e+00	0.00e+00
 6.52195e+22	1.00e-07	4.39e-02	3.02e-01	3.59e-01	2.65e-01	2.91e-02	1.21e-03	1.69e-05	0.00e+00	0.00e+00	0.00e+00	0.00e+00	0.00e+00	0.00e+00	0.00e+00
 6.55457e+22	2.41e-07	4.80e-02	3.15e-01	3.60e-01	2.50e-01	2.57e-02	1.01e-03	1.36e-05	0.00e+00	0.00e+00	0.00e+00	0.00e+00	0.00e+00	0.00e+00	0.00e+00
 6.58721e+22	3.70e-07	5.37e-02	3.31e-01	3.60e-01	2.33e-01	2.19e-02	7.99e-04	1.03e-05	0.00e+00	0.00e+00	0.00e+00	0.00e+00	0.00e+00	0.00e+00	0.00e+00
 6.62015e+22	4.86e-07	5.85e-02	3.43e-01	3.60e-01	2.19e-01	1.93e-02	6.63e-04	8.20e-06	0.00e+00	0.00e+00	0.00e+00	0.00e+00	0.00e+00	0.00e+00	0.00e+00
 6.65347e+22	6.45e-07	6.49e-02	3.57e-01	3.58e-01	2.03e-01	1.63e-02	5.24e-04	6.19e-06	0.00e+00	0.00e+00	0.00e+00	0.00e+00	0.00e+00	0.00e+00	0.00e+00
 6.68780e+22	8.37e-07	7.11e-02	3.70e-01	3.55e-01	1.89e-01	1.41e-02	4.26e-04	4.84e-06	0.00e+00	0.00e+00	0.00e+00	0.00e+00	0.00e+00	0.00e+00	0.00e+00
 6.71863e+22	1.05e-06	7.76e-02	3.82e-01	3.52e-01	1.76e-01	1.22e-02	3.47e-04	3.79e-06	0.00e+00	0.00e+00	0.00e+00	0.00e+00	0.00e+00	0.00e+00	0.00e+00
 6.75387e+22	1.39e-06	8.65e-02	3.96e-01	3.47e-01	1.60e-01	1.01e-02	2.66e-04	2.77e-06	0.00e+00	0.00e+00	0.00e+00	0.00e+00	0.00e+00	0.00e+00	0.00e+00
 6.78955e+22	1.69e-06	9.39e-02	4.07e-01	3.42e-01	1.49e-01	8.72e-03	2.15e-04	2.16e-06	0.00e+00	0.00e+00	0.00e+00	0.00e+00	0.00e+00	0.00e+00	0.00e+00
 6.82581e+22	2.13e-06	1.04e-01	4.19e-01	3.35e-01	1.35e-01	7.18e-03	1.64e-04	1.57e-06	0.00e+00	0.00e+00	0.00e+00	0.00e+00	0.00e+00	0.00e+00	0.00e+00
 6.86339e+22	2.60e-06	1.14e-01	4.29e-01	3.28e-01	1.23e-01	6.05e-03	1.29e-04	1.19e-06	0.00e+00	0.00e+00	0.00e+00	0.00e+00	0.00e+00	0.00e+00	0.00e+00
 6.90269e+22	3.29e-06	1.27e-01	4.41e-01	3.18e-01	1.10e-01	4.85e-03	9.55e-05	8.35e-07	0.00e+00	0.00e+00	0.00e+00	0.00e+00	0.00e+00	0.00e+00	0.00e+00
 6.94232e+22	3.97e-06	1.38e-01	4.49e-01	3.09e-01	9.99e-02	4.05e-03	7.46e-05	6.27e-07	0.00e+00	0.00e+00	0.00e+00	0.00e+00	0.00e+00	0.00e+00	0.00e+00
 6.98239e+22	4.93e-06	1.54e-01	4.58e-01	2.97e-01	8.82e-02	3.21e-03	5.45e-05	4.35e-07	0.00e+00	0.00e+00	0.00e+00	0.00e+00	0.00e+00	0.00e+00	0.00e+00
 7.02310e+22	5.86e-06	1.67e-01	4.64e-01	2.87e-01	7.97e-02	2.66e-03	4.23e-05	3.24e-07	0.00e+00	0.00e+00	0.00e+00	0.00e+00	0.00e+00	0.00e+00	0.00e+00
 7.06465e+22	7.20e-06	1.85e-01	4.69e-01	2.74e-01	6.96e-02	2.08e-03	3.04e-05	2.21e-07	0.00e+00	0.00e+00	0.00e+00	0.00e+00	0.00e+00	0.00e+00	0.00e+00
 7.10684e+22	8.47e-06	2.00e-01	4.72e-01	2.63e-01	6.24e-02	1.71e-03	2.34e-05	1.63e-07	0.00e+00	0.00e+00	0.00e+00	0.00e+00	0.00e+00	0.00e+00	0.00e+00
 7.14987e+22	1.02e-05	2.20e-01	4.75e-01	2.50e-01	5.41e-02	1.33e-03	1.67e-05	0.00e+00	0.00e+00	0.00e+00	0.00e+00	0.00e+00	0.00e+00	0.00e+00	0.00e+00
 7.19407e+22	1.21e-05	2.39e-01	4.74e-01	2.37e-01	4.78e-02	1.07e-03	1.25e-05	0.00e+00	0.00e+00	0.00e+00	0.00e+00	0.00e+00	0.00e+00	0.00e+00	0.00e+00
 7.23982e+22	1.47e-05	2.64e-01	4.73e-01	2.22e-01	4.06e-02	8.05e-04	8.65e-06	0.00e+00	0.00e+00	0.00e+00	0.00e+00	0.00e+00	0.00e+00	0.00e+00	0.00e+00
 7.28558e+22	1.71e-05	2.85e-01	4.69e-01	2.10e-01	3.58e-02	6.48e-04	6.52e-06	0.00e+00	0.00e+00	0.00e+00	0.00e+00	0.00e+00	0.00e+00	0.00e+00	0.00e+00
 7.33138e+22	2.06e-05	3.12e-01	4.62e-01	1.95e-01	3.02e-02	4.87e-04	4.50e-06	0.00e+00	0.00e+00	0.00e+00	0.00e+00	0.00e+00	0.00e+00	0.00e+00	0.00e+00
 7.37862e+22	2.39e-05	3.36e-01	4.55e-01	1.83e-01	2.62e-02	3.85e-04	3.33e-06	0.00e+00	0.00e+00	0.00e+00	0.00e+00	0.00e+00	0.00e+00	0.00e+00	0.00e+00
 7.42775e+22	2.88e-05	3.68e-01	4.43e-01	1.67e-01	2.16e-02	2.81e-04	2.22e-06	0.00e+00	0.00e+00	0.00e+00	0.00e+00	0.00e+00	0.00e+00	0.00e+00	0.00e+00
 7.47798e+22	3.33e-05	3.95e-01	4.31e-01	1.55e-01	1.85e-02	2.20e-04	1.62e-06	0.00e+00	0.00e+00	0.00e+00	0.00e+00	0.00e+00	0.00e+00	0.00e+00	0.00e+00
 7.52965e+22	4.01e-05	4.31e-01	4.14e-01	1.40e-01	1.49e-02	1.57e-04	1.06e-06	0.00e+00	0.00e+00	0.00e+00	0.00e+00	0.00e+00	0.00e+00	0.00e+00	0.00e+00
 7.58291e+22	4.64e-05	4.61e-01	3.98e-01	1.28e-01	1.26e-02	1.20e-04	7.52e-07	0.00e+00	0.00e+00	0.00e+00	0.00e+00	0.00e+00	0.00e+00	0.00e+00	0.00e+00
 7.63825e+22	5.59e-05	5.02e-01	3.74e-01	1.14e-01	9.85e-03	8.37e-05	4.73e-07	0.00e+00	0.00e+00	0.00e+00	0.00e+00	0.00e+00	0.00e+00	0.00e+00	0.00e+00
 7.69572e+22	6.49e-05	5.36e-01	3.53e-01	1.02e-01	8.04e-03	6.23e-05	3.24e-07	0.00e+00	0.00e+00	0.00e+00	0.00e+00	0.00e+00	0.00e+00	0.00e+00	0.00e+00
 7.75598e+22	7.83e-05	5.81e-01	3.24e-01	8.88e-02	6.07e-03	4.21e-05	1.94e-07	0.00e+00	0.00e+00	0.00e+00	0.00e+00	0.00e+00	0.00e+00	0.00e+00	0.00e+00
 7.81814e+22	9.11e-05	6.18e-01	2.98e-01	7.86e-02	4.79e-03	3.06e-05	1.27e-07	0.00e+00	0.00e+00	0.00e+00	0.00e+00	0.00e+00	0.00e+00	0.00e+00	0.00e+00
 7.86659e+22	1.01e-04	6.45e-01	2.79e-01	7.18e-02	4.02e-03	2.43e-05	0.00e+00	0.00e+00	0.00e+00	0.00e+00	0.00e+00	0.00e+00	0.00e+00	0.00e+00	0.00e+00
 7.91336e+22	1.15e-04	6.78e-01	2.55e-01	6.36e-02	3.17e-03	1.80e-05	0.00e+00	0.00e+00	0.00e+00	0.00e+00	0.00e+00	0.00e+00	0.00e+00	0.00e+00	0.00e+00
 7.96147e+22	1.29e-04	7.07e-01	2.33e-01	5.72e-02	2.57e-03	1.40e-05	0.00e+00	0.00e+00	0.00e+00	0.00e+00	0.00e+00	0.00e+00	0.00e+00	0.00e+00	0.00e+00
 8.01132e+22	1.48e-04	7.41e-01	2.07e-01	4.96e-02	1.95e-03	1.01e-05	0.00e+00	0.00e+00	0.00e+00	0.00e+00	0.00e+00	0.00e+00	0.00e+00	0.00e+00	0.00e+00
 8.06216e+22	1.64e-04	7.69e-01	1.86e-01	4.40e-02	1.54e-03	7.76e-06	0.00e+00	0.00e+00	0.00e+00	0.00e+00	0.00e+00	0.00e+00	0.00e+00	0.00e+00	0.00e+00
 8.11428e+22	1.87e-04	8.02e-01	1.60e-01	3.75e-02	1.12e-03	5.53e-06	0.00e+00	0.00e+00	0.00e+00	0.00e+00	0.00e+00	0.00e+00	0.00e+00	0.00e+00	0.00e+00
 8.16840e+22	2.08e-04	8.29e-01	1.38e-01	3.24e-02	8.39e-04	4.13e-06	0.00e+00	0.00e+00	0.00e+00	0.00e+00	0.00e+00	0.00e+00	0.00e+00	0.00e+00	0.00e+00
 8.21141e+22	2.25e-04	8.48e-01	1.22e-01	2.89e-02	6.65e-04	3.29e-06	0.00e+00	0.00e+00	0.00e+00	0.00e+00	0.00e+00	0.00e+00	0.00e+00	0.00e+00	0.00e+00
 8.24801e+22	2.42e-04	8.66e-01	1.08e-01	2.56e-02	5.25e-04	2.63e-06	0.00e+00	0.00e+00	0.00e+00	0.00e+00	0.00e+00	0.00e+00	0.00e+00	0.00e+00	0.00e+00
