#depth	O	O+	O+2	O+3	O+4	O+5	O+6	O+7	O+8	O[1]	O[2]	O[3]
 4.62852e+21	2.43e-28	4.40e-22	2.81e-17	1.58e-13	2.38e-10	1.56e-07	3.37e-04	3.77e-02	9.62e-01	0.00e+00	0.00e+00	0.00e+00
 1.04636e+22	1.05e-26	1.14e-20	4.41e-16	1.53e-12	1.40e-09	5.47e-07	8.09e-04	5.83e-02	9.41e-01	0.00e+00	0.00e+00	0.00e+00
 1.22734e+22	8.68e-26	7.05e-20	2.07e-15	5.51e-12	3.76e-09	1.10e-06	1.29e-03	7.33e-02	9.25e-01	0.00e+00	0.00e+00	0.00e+00
 1.31782e+22	2.75e-25	1.92e-19	4.85e-15	1.11e-11	6.47e-09	1.61e-06	1.66e-03	8.26e-02	9.16e-01	0.00e+00	0.00e+00	0.00e+00
 1.35553e+22	3.73e-25	2.50e-19	6.07e-15	1.34e-11	7.46e-09	1.77e-06	1.77e-03	8.52e-02	9.13e-01	0.00e+00	0.00e+00	0.00e+00
 1.36835e+22	4.62e-25	3.00e-19	7.10e-15	1.52e-11	8.24e-09	1.90e-06	1.85e-03	8.71e-02	9.11e-01	0.00e+00	0.00e+00	0.00e+00
 1.37859e+22	5.63e-25	3.57e-19	8.22e-15	1.72e-11	9.05e-09	2.03e-06	1.93e-03	8.88e-02	9.09e-01	0.00e+00	0.00e+00	0.00e+00
 1.38997e+22	7.49e-25	4.57e-19	1.01e-14	2.04e-11	1.03e-08	2.22e-06	2.05e-03	9.13e-02	9.07e-01	0.00e+00	0.00e+00	0.00e+00
 1.40102e+22	9.12e-25	5.41e-19	1.17e-14	2.30e-11	1.13e-08	2.37e-06	2.13e-03	9.31e-02	9.05e-01	0.00e+00	0.00e+00	0.00e+00
 1.41166e+22	1.17e-24	6.71e-19	1.40e-14	2.67e-11	1.27e-08	2.57e-06	2.25e-03	9.54e-02	9.02e-01	0.00e+00	0.00e+00	0.00e+00
 1.42277e+22	1.47e-24	8.19e-19	1.67e-14	3.08e-11	1.41e-08	2.77e-06	2.36e-03	9.76e-02	9.00e-01	0.00e+00	0.00e+00	0.00e+00
 1.43270e+22	1.80e-24	9.77e-19	1.93e-14	3.48e-11	1.56e-08	2.96e-06	2.46e-03	9.95e-02	8.98e-01	0.00e+00	0.00e+00	0.00e+00
 1.44379e+22	2.45e-24	1.28e-18	2.43e-14	4.19e-11	1.79e-08	3.26e-06	2.61e-03	1.02e-01	8.95e-01	0.00e+00	0.00e+00	0.00e+00
 1.45468e+22	2.98e-24	1.51e-18	2.81e-14	4.73e-11	1.97e-08	3.47e-06	2.72e-03	1.04e-01	8.93e-01	0.00e+00	0.00e+00	0.00e+00
 1.46530e+22	4.05e-24	1.97e-18	3.52e-14	5.69e-11	2.27e-08	3.83e-06	2.89e-03	1.07e-01	8.90e-01	0.00e+00	0.00e+00	0.00e+00
 1.47600e+22	5.02e-24	2.38e-18	4.12e-14	6.48e-11	2.50e-08	4.10e-06	3.02e-03	1.10e-01	8.87e-01	0.00e+00	0.00e+00	0.00e+00
 1.48680e+22	6.88e-24	3.12e-18	5.19e-14	7.84e-11	2.89e-08	4.53e-06	3.21e-03	1.13e-01	8.84e-01	0.00e+00	0.00e+00	0.00e+00
 1.49736e+22	8.52e-24	3.76e-18	6.08e-14	8.93e-11	3.20e-08	4.85e-06	3.36e-03	1.15e-01	8.82e-01	0.00e+00	0.00e+00	0.00e+00
 1.50761e+22	1.16e-23	4.94e-18	7.66e-14	1.08e-10	3.69e-08	5.35e-06	3.57e-03	1.18e-01	8.78e-01	0.00e+00	0.00e+00	0.00e+00
 1.51761e+22	1.43e-23	5.92e-18	8.93e-14	1.22e-10	4.07e-08	5.72e-06	3.72e-03	1.21e-01	8.76e-01	0.00e+00	0.00e+00	0.00e+00
 1.52729e+22	1.92e-23	7.64e-18	1.11e-13	1.46e-10	4.65e-08	6.27e-06	3.94e-03	1.24e-01	8.72e-01	0.00e+00	0.00e+00	0.00e+00
 1.53714e+22	2.44e-23	9.39e-18	1.32e-13	1.69e-10	5.19e-08	6.76e-06	4.12e-03	1.27e-01	8.69e-01	0.00e+00	0.00e+00	0.00e+00
 1.54721e+22	3.39e-23	1.25e-17	1.68e-13	2.06e-10	6.03e-08	7.48e-06	4.39e-03	1.30e-01	8.65e-01	0.00e+00	0.00e+00	0.00e+00
 1.55718e+22	4.27e-23	1.53e-17	2.00e-13	2.37e-10	6.71e-08	8.05e-06	4.59e-03	1.33e-01	8.62e-01	0.00e+00	0.00e+00	0.00e+00
 1.56701e+22	5.89e-23	2.02e-17	2.53e-13	2.88e-10	7.78e-08	8.89e-06	4.89e-03	1.37e-01	8.58e-01	0.00e+00	0.00e+00	0.00e+00
 1.57702e+22	7.65e-23	2.53e-17	3.07e-13	3.37e-10	8.76e-08	9.65e-06	5.14e-03	1.40e-01	8.55e-01	0.00e+00	0.00e+00	0.00e+00
 1.58723e+22	1.07e-22	3.39e-17	3.93e-13	4.12e-10	1.02e-07	1.07e-05	5.48e-03	1.44e-01	8.50e-01	0.00e+00	0.00e+00	0.00e+00
 1.59725e+22	1.37e-22	4.20e-17	4.71e-13	4.79e-10	1.14e-07	1.16e-05	5.75e-03	1.47e-01	8.47e-01	0.00e+00	0.00e+00	0.00e+00
 1.60700e+22	1.91e-22	5.60e-17	6.02e-13	5.85e-10	1.33e-07	1.28e-05	6.12e-03	1.51e-01	8.42e-01	0.00e+00	0.00e+00	0.00e+00
 1.61688e+22	2.49e-22	7.03e-17	7.30e-13	6.85e-10	1.50e-07	1.39e-05	6.44e-03	1.55e-01	8.39e-01	0.00e+00	0.00e+00	0.00e+00
 1.62695e+22	3.52e-22	9.50e-17	9.42e-13	8.45e-10	1.76e-07	1.55e-05	6.88e-03	1.60e-01	8.34e-01	0.00e+00	0.00e+00	0.00e+00
 1.63715e+22	4.62e-22	1.20e-16	1.15e-12	9.96e-10	2.00e-07	1.69e-05	7.25e-03	1.63e-01	8.29e-01	0.00e+00	0.00e+00	0.00e+00
 1.64751e+22	6.63e-22	1.65e-16	1.50e-12	1.24e-09	2.35e-07	1.89e-05	7.76e-03	1.68e-01	8.24e-01	0.00e+00	0.00e+00	0.00e+00
 1.65793e+22	8.72e-22	2.09e-16	1.84e-12	1.46e-09	2.67e-07	2.06e-05	8.18e-03	1.72e-01	8.19e-01	0.00e+00	0.00e+00	0.00e+00
 1.66691e+22	1.14e-21	2.64e-16	2.24e-12	1.72e-09	3.02e-07	2.24e-05	8.62e-03	1.76e-01	8.15e-01	0.00e+00	0.00e+00	0.00e+00
 1.67707e+22	1.63e-21	3.59e-16	2.91e-12	2.13e-09	3.55e-07	2.50e-05	9.23e-03	1.82e-01	8.09e-01	0.00e+00	0.00e+00	0.00e+00
 1.68722e+22	2.10e-21	4.47e-16	3.51e-12	2.48e-09	3.99e-07	2.71e-05	9.70e-03	1.86e-01	8.05e-01	0.00e+00	0.00e+00	0.00e+00
 1.69735e+22	2.97e-21	6.04e-16	4.52e-12	3.06e-09	4.68e-07	3.02e-05	1.04e-02	1.91e-01	7.98e-01	0.00e+00	0.00e+00	0.00e+00
 1.70758e+22	3.82e-21	7.51e-16	5.45e-12	3.56e-09	5.27e-07	3.27e-05	1.09e-02	1.95e-01	7.94e-01	0.00e+00	0.00e+00	0.00e+00
 1.71795e+22	5.39e-21	1.01e-15	7.02e-12	4.39e-09	6.18e-07	3.65e-05	1.17e-02	2.01e-01	7.87e-01	0.00e+00	0.00e+00	0.00e+00
 1.72850e+22	6.96e-21	1.26e-15	8.46e-12	5.12e-09	6.95e-07	3.96e-05	1.23e-02	2.05e-01	7.82e-01	0.00e+00	0.00e+00	0.00e+00
 1.73929e+22	9.71e-21	1.69e-15	1.08e-11	6.27e-09	8.12e-07	4.41e-05	1.31e-02	2.11e-01	7.75e-01	0.00e+00	0.00e+00	0.00e+00
 1.75045e+22	1.27e-20	2.14e-15	1.32e-11	7.39e-09	9.23e-07	4.82e-05	1.38e-02	2.16e-01	7.70e-01	0.00e+00	0.00e+00	0.00e+00
 1.76206e+22	1.80e-20	2.88e-15	1.71e-11	9.12e-09	1.08e-06	5.39e-05	1.48e-02	2.23e-01	7.62e-01	0.00e+00	0.00e+00	0.00e+00
 1.77394e+22	2.36e-20	3.64e-15	2.08e-11	1.08e-08	1.23e-06	5.89e-05	1.56e-02	2.28e-01	7.56e-01	0.00e+00	0.00e+00	0.00e+00
 1.78452e+22	3.07e-20	4.57e-15	2.53e-11	1.26e-08	1.40e-06	6.42e-05	1.65e-02	2.33e-01	7.50e-01	0.00e+00	0.00e+00	0.00e+00
 1.79660e+22	4.28e-20	6.10e-15	3.23e-11	1.55e-08	1.63e-06	7.16e-05	1.76e-02	2.40e-01	7.43e-01	0.00e+00	0.00e+00	0.00e+00
 1.80885e+22	5.53e-20	7.62e-15	3.91e-11	1.81e-08	1.85e-06	7.80e-05	1.86e-02	2.45e-01	7.36e-01	0.00e+00	0.00e+00	0.00e+00
 1.82133e+22	7.67e-20	1.01e-14	4.98e-11	2.21e-08	2.16e-06	8.70e-05	1.99e-02	2.52e-01	7.28e-01	0.00e+00	0.00e+00	0.00e+00
 1.83345e+22	9.63e-20	1.23e-14	5.89e-11	2.54e-08	2.41e-06	9.39e-05	2.08e-02	2.57e-01	7.22e-01	0.00e+00	0.00e+00	0.00e+00
 1.84510e+22	1.30e-19	1.60e-14	7.34e-11	3.05e-08	2.78e-06	1.04e-04	2.22e-02	2.63e-01	7.15e-01	0.00e+00	0.00e+00	0.00e+00
 1.85696e+22	1.62e-19	1.94e-14	8.65e-11	3.50e-08	3.09e-06	1.12e-04	2.32e-02	2.68e-01	7.09e-01	0.00e+00	0.00e+00	0.00e+00
 1.86912e+22	2.19e-19	2.51e-14	1.08e-10	4.22e-08	3.58e-06	1.24e-04	2.47e-02	2.75e-01	7.00e-01	0.00e+00	0.00e+00	0.00e+00
 1.88144e+22	2.72e-19	3.03e-14	1.27e-10	4.82e-08	3.98e-06	1.33e-04	2.58e-02	2.80e-01	6.94e-01	0.00e+00	0.00e+00	0.00e+00
 1.89399e+22	3.66e-19	3.92e-14	1.58e-10	5.80e-08	4.60e-06	1.48e-04	2.75e-02	2.87e-01	6.86e-01	0.00e+00	0.00e+00	0.00e+00
 1.90633e+22	4.46e-19	4.66e-14	1.84e-10	6.56e-08	5.07e-06	1.58e-04	2.87e-02	2.92e-01	6.80e-01	0.00e+00	0.00e+00	0.00e+00
 1.91839e+22	5.87e-19	5.92e-14	2.25e-10	7.78e-08	5.80e-06	1.74e-04	3.04e-02	2.98e-01	6.71e-01	0.00e+00	0.00e+00	0.00e+00
 1.93069e+22	7.19e-19	7.06e-14	2.62e-10	8.82e-08	6.40e-06	1.87e-04	3.17e-02	3.03e-01	6.65e-01	0.00e+00	0.00e+00	0.00e+00
 1.94330e+22	9.46e-19	8.96e-14	3.21e-10	1.05e-07	7.33e-06	2.05e-04	3.36e-02	3.10e-01	6.56e-01	0.00e+00	0.00e+00	0.00e+00
 1.95616e+22	1.16e-18	1.07e-13	3.74e-10	1.19e-07	8.12e-06	2.21e-04	3.51e-02	3.15e-01	6.50e-01	0.00e+00	0.00e+00	0.00e+00
 1.96933e+22	1.53e-18	1.36e-13	4.59e-10	1.41e-07	9.30e-06	2.43e-04	3.72e-02	3.22e-01	6.41e-01	0.00e+00	0.00e+00	0.00e+00
 1.98274e+22	1.88e-18	1.63e-13	5.35e-10	1.61e-07	1.03e-05	2.61e-04	3.89e-02	3.27e-01	6.34e-01	0.00e+00	0.00e+00	0.00e+00
 1.99644e+22	2.48e-18	2.07e-13	6.58e-10	1.91e-07	1.18e-05	2.88e-04	4.12e-02	3.34e-01	6.24e-01	0.00e+00	0.00e+00	0.00e+00
 2.01041e+22	3.05e-18	2.48e-13	7.68e-10	2.17e-07	1.31e-05	3.10e-04	4.31e-02	3.40e-01	6.17e-01	0.00e+00	0.00e+00	0.00e+00
 2.02471e+22	4.02e-18	3.15e-13	9.44e-10	2.59e-07	1.50e-05	3.41e-04	4.57e-02	3.47e-01	6.07e-01	0.00e+00	0.00e+00	0.00e+00
 2.03868e+22	4.82e-18	3.69e-13	1.08e-09	2.90e-07	1.65e-05	3.64e-04	4.75e-02	3.52e-01	6.00e-01	0.00e+00	0.00e+00	0.00e+00
 2.05224e+22	6.26e-18	4.63e-13	1.31e-09	3.42e-07	1.88e-05	3.99e-04	5.02e-02	3.59e-01	5.91e-01	0.00e+00	0.00e+00	0.00e+00
 2.06601e+22	7.51e-18	5.44e-13	1.51e-09	3.83e-07	2.06e-05	4.26e-04	5.22e-02	3.63e-01	5.84e-01	0.00e+00	0.00e+00	0.00e+00
 2.08006e+22	9.66e-18	6.77e-13	1.82e-09	4.49e-07	2.34e-05	4.66e-04	5.51e-02	3.70e-01	5.74e-01	0.00e+00	0.00e+00	0.00e+00
 2.09455e+22	1.18e-17	8.07e-13	2.12e-09	5.10e-07	2.59e-05	5.01e-04	5.75e-02	3.75e-01	5.67e-01	0.00e+00	0.00e+00	0.00e+00
 2.10960e+22	1.52e-17	1.00e-12	2.56e-09	5.97e-07	2.93e-05	5.48e-04	6.06e-02	3.82e-01	5.57e-01	0.00e+00	0.00e+00	0.00e+00
 2.12516e+22	1.88e-17	1.21e-12	3.00e-09	6.83e-07	3.27e-05	5.91e-04	6.34e-02	3.88e-01	5.48e-01	0.00e+00	0.00e+00	0.00e+00
 2.14136e+22	2.44e-17	1.52e-12	3.64e-09	8.05e-07	3.72e-05	6.49e-04	6.69e-02	3.95e-01	5.38e-01	2.44e-17	6.27e-28	6.67e-28
 2.15800e+22	3.04e-17	1.84e-12	4.29e-09	9.24e-07	4.16e-05	7.01e-04	7.01e-02	4.00e-01	5.29e-01	3.04e-17	5.84e-26	7.35e-26
 2.17523e+22	3.98e-17	2.32e-12	5.25e-09	1.09e-06	4.76e-05	7.72e-04	7.41e-02	4.07e-01	5.18e-01	3.98e-17	7.64e-26	9.62e-26
 2.19303e+22	5.00e-17	2.83e-12	6.23e-09	1.26e-06	5.33e-05	8.37e-04	7.77e-02	4.13e-01	5.08e-01	5.00e-17	9.60e-26	1.21e-25
 2.21158e+22	6.62e-17	3.62e-12	7.69e-09	1.51e-06	6.14e-05	9.24e-04	8.23e-02	4.20e-01	4.97e-01	6.62e-17	1.27e-25	1.60e-25
 2.23060e+22	8.37e-17	4.44e-12	9.17e-09	1.75e-06	6.91e-05	1.00e-03	8.64e-02	4.26e-01	4.87e-01	8.37e-17	1.61e-25	2.02e-25
 2.24767e+22	1.04e-16	5.39e-12	1.08e-08	2.01e-06	7.71e-05	1.09e-03	9.04e-02	4.31e-01	4.77e-01	1.04e-16	2.01e-25	2.53e-25
 2.26728e+22	1.41e-16	7.00e-12	1.36e-08	2.42e-06	8.98e-05	1.21e-03	9.61e-02	4.38e-01	4.64e-01	1.41e-16	2.71e-25	3.42e-25
 2.28702e+22	1.76e-16	8.48e-12	1.60e-08	2.78e-06	1.00e-04	1.30e-03	1.00e-01	4.44e-01	4.55e-01	1.76e-16	3.38e-25	4.26e-25
 2.30691e+22	2.36e-16	1.10e-11	1.99e-08	3.35e-06	1.16e-04	1.45e-03	1.06e-01	4.50e-01	4.42e-01	2.36e-16	4.54e-25	5.71e-25
 2.32722e+22	2.99e-16	1.35e-11	2.38e-08	3.88e-06	1.31e-04	1.57e-03	1.12e-01	4.55e-01	4.31e-01	2.99e-16	5.75e-25	7.24e-25
 2.34808e+22	4.04e-16	1.75e-11	2.98e-08	4.70e-06	1.52e-04	1.75e-03	1.19e-01	4.62e-01	4.18e-01	4.04e-16	7.78e-25	9.79e-25
 2.36927e+22	5.16e-16	2.17e-11	3.58e-08	5.47e-06	1.72e-04	1.91e-03	1.24e-01	4.67e-01	4.07e-01	5.16e-16	9.92e-25	1.25e-24
 2.39087e+22	7.07e-16	2.85e-11	4.53e-08	6.68e-06	2.02e-04	2.13e-03	1.32e-01	4.73e-01	3.93e-01	7.07e-16	1.36e-24	1.71e-24
 2.41129e+22	8.69e-16	3.41e-11	5.29e-08	7.61e-06	2.24e-04	2.29e-03	1.38e-01	4.76e-01	3.83e-01	8.69e-16	1.67e-24	2.11e-24
 2.43018e+22	1.14e-15	4.34e-11	6.51e-08	9.06e-06	2.58e-04	2.53e-03	1.45e-01	4.81e-01	3.71e-01	1.14e-15	2.21e-24	2.78e-24
 2.44921e+22	1.41e-15	5.20e-11	7.60e-08	1.03e-05	2.86e-04	2.72e-03	1.51e-01	4.84e-01	3.61e-01	1.41e-15	2.71e-24	3.41e-24
 2.46846e+22	1.86e-15	6.63e-11	9.39e-08	1.23e-05	3.30e-04	3.01e-03	1.60e-01	4.89e-01	3.48e-01	1.86e-15	3.59e-24	4.52e-24
 2.48788e+22	2.31e-15	7.99e-11	1.10e-07	1.41e-05	3.69e-04	3.25e-03	1.66e-01	4.91e-01	3.39e-01	2.31e-15	4.45e-24	5.60e-24
 2.50754e+22	3.06e-15	1.02e-10	1.36e-07	1.70e-05	4.27e-04	3.60e-03	1.76e-01	4.95e-01	3.25e-01	3.06e-15	5.90e-24	7.42e-24
 2.52747e+22	3.80e-15	1.24e-10	1.61e-07	1.95e-05	4.78e-04	3.89e-03	1.83e-01	4.97e-01	3.15e-01	3.80e-15	7.34e-24	9.23e-24
 2.54774e+22	5.07e-15	1.59e-10	2.00e-07	2.35e-05	5.57e-04	4.33e-03	1.93e-01	5.00e-01	3.02e-01	5.07e-15	9.80e-24	1.23e-23
 2.56829e+22	6.32e-15	1.92e-10	2.36e-07	2.71e-05	6.25e-04	4.69e-03	2.02e-01	5.02e-01	2.91e-01	6.32e-15	1.22e-23	1.54e-23
 2.58919e+22	8.44e-15	2.48e-10	2.95e-07	3.27e-05	7.30e-04	5.23e-03	2.13e-01	5.03e-01	2.78e-01	8.44e-15	1.63e-23	2.05e-23
 2.61054e+22	1.06e-14	3.03e-10	3.51e-07	3.80e-05	8.26e-04	5.70e-03	2.23e-01	5.04e-01	2.67e-01	1.06e-14	2.05e-23	2.58e-23
 2.63247e+22	1.43e-14	3.92e-10	4.40e-07	4.63e-05	9.71e-04	6.39e-03	2.36e-01	5.04e-01	2.53e-01	1.43e-14	2.76e-23	3.47e-23
 2.65484e+22	1.80e-14	4.80e-10	5.27e-07	5.41e-05	1.11e-03	6.99e-03	2.46e-01	5.04e-01	2.42e-01	1.80e-14	3.48e-23	4.38e-23
 2.67705e+22	2.38e-14	6.14e-10	6.55e-07	6.54e-05	1.30e-03	7.82e-03	2.60e-01	5.03e-01	2.28e-01	2.38e-14	4.61e-23	5.80e-23
 2.69815e+22	2.90e-14	7.30e-10	7.64e-07	7.48e-05	1.45e-03	8.46e-03	2.70e-01	5.02e-01	2.18e-01	2.90e-14	5.62e-23	7.06e-23
 2.71854e+22	3.73e-14	9.12e-10	9.32e-07	8.92e-05	1.68e-03	9.40e-03	2.84e-01	4.99e-01	2.06e-01	3.73e-14	7.24e-23	9.10e-23
 2.73930e+22	4.54e-14	1.08e-09	1.09e-06	1.02e-04	1.89e-03	1.02e-02	2.95e-01	4.97e-01	1.96e-01	4.54e-14	8.82e-23	1.11e-22
 2.75969e+22	5.71e-14	1.33e-09	1.31e-06	1.21e-04	2.18e-03	1.13e-02	3.09e-01	4.93e-01	1.85e-01	5.71e-14	1.11e-22	1.39e-22
 2.78050e+22	6.93e-14	1.58e-09	1.53e-06	1.39e-04	2.45e-03	1.23e-02	3.21e-01	4.89e-01	1.75e-01	6.93e-14	1.35e-22	1.69e-22
 2.80077e+22	8.49e-14	1.89e-09	1.81e-06	1.62e-04	2.80e-03	1.35e-02	3.34e-01	4.84e-01	1.65e-01	8.49e-14	1.65e-22	2.08e-22
 2.82147e+22	1.02e-13	2.23e-09	2.11e-06	1.86e-04	3.16e-03	1.47e-02	3.47e-01	4.79e-01	1.56e-01	1.02e-13	1.99e-22	2.50e-22
 2.84196e+22	1.23e-13	2.63e-09	2.46e-06	2.15e-04	3.57e-03	1.61e-02	3.61e-01	4.73e-01	1.46e-01	1.23e-13	2.40e-22	3.01e-22
 2.86256e+22	1.46e-13	3.07e-09	2.85e-06	2.46e-04	4.02e-03	1.75e-02	3.74e-01	4.67e-01	1.38e-01	1.46e-13	2.85e-22	3.58e-22
 2.88292e+22	1.72e-13	3.56e-09	3.28e-06	2.81e-04	4.52e-03	1.91e-02	3.87e-01	4.60e-01	1.29e-01	1.72e-13	3.36e-22	4.22e-22
 2.90324e+22	2.01e-13	4.11e-09	3.76e-06	3.20e-04	5.07e-03	2.07e-02	4.00e-01	4.53e-01	1.21e-01	2.01e-13	3.93e-22	4.93e-22
 2.92361e+22	2.33e-13	4.71e-09	4.30e-06	3.63e-04	5.67e-03	2.25e-02	4.13e-01	4.45e-01	1.13e-01	2.33e-13	4.57e-22	5.73e-22
 2.94405e+22	2.69e-13	5.37e-09	4.89e-06	4.11e-04	6.32e-03	2.44e-02	4.26e-01	4.37e-01	1.06e-01	2.69e-13	5.27e-22	6.60e-22
 2.96462e+22	3.08e-13	6.09e-09	5.54e-06	4.64e-04	7.04e-03	2.64e-02	4.39e-01	4.28e-01	9.91e-02	3.08e-13	6.04e-22	7.56e-22
 2.98537e+22	3.50e-13	6.88e-09	6.27e-06	5.23e-04	7.83e-03	2.86e-02	4.51e-01	4.19e-01	9.24e-02	3.50e-13	6.87e-22	8.61e-22
 3.00638e+22	3.97e-13	7.74e-09	7.07e-06	5.89e-04	8.69e-03	3.09e-02	4.64e-01	4.10e-01	8.60e-02	3.97e-13	7.79e-22	9.76e-22
 3.02749e+22	4.46e-13	8.66e-09	7.94e-06	6.61e-04	9.61e-03	3.33e-02	4.76e-01	4.00e-01	8.00e-02	4.46e-13	8.77e-22	1.10e-21
 3.04894e+22	5.00e-13	9.68e-09	8.92e-06	7.43e-04	1.06e-02	3.60e-02	4.88e-01	3.90e-01	7.41e-02	5.00e-13	9.84e-22	1.23e-21
 3.07064e+22	5.57e-13	1.08e-08	9.97e-06	8.31e-04	1.17e-02	3.88e-02	5.00e-01	3.80e-01	6.87e-02	5.57e-13	1.10e-21	1.37e-21
 3.09277e+22	6.19e-13	1.20e-08	1.12e-05	9.32e-04	1.30e-02	4.19e-02	5.11e-01	3.69e-01	6.34e-02	6.19e-13	1.22e-21	1.53e-21
 3.11335e+22	6.74e-13	1.30e-08	1.22e-05	1.02e-03	1.40e-02	4.45e-02	5.21e-01	3.60e-01	5.94e-02	6.74e-13	1.33e-21	1.67e-21
 3.13456e+22	7.45e-13	1.44e-08	1.37e-05	1.15e-03	1.55e-02	4.80e-02	5.32e-01	3.49e-01	5.45e-02	7.45e-13	1.47e-21	1.85e-21
 3.15610e+22	8.09e-13	1.57e-08	1.50e-05	1.26e-03	1.68e-02	5.09e-02	5.41e-01	3.40e-01	5.08e-02	8.09e-13	1.60e-21	2.00e-21
 3.17813e+22	8.87e-13	1.73e-08	1.68e-05	1.41e-03	1.85e-02	5.50e-02	5.51e-01	3.27e-01	4.64e-02	8.87e-13	1.76e-21	2.20e-21
 3.20027e+22	9.63e-13	1.88e-08	1.83e-05	1.55e-03	1.99e-02	5.81e-02	5.59e-01	3.18e-01	4.33e-02	9.63e-13	1.91e-21	2.39e-21
 3.22255e+22	1.05e-12	2.07e-08	2.05e-05	1.73e-03	2.19e-02	6.25e-02	5.68e-01	3.06e-01	3.94e-02	1.05e-12	2.10e-21	2.62e-21
 3.24496e+22	1.14e-12	2.24e-08	2.24e-05	1.89e-03	2.35e-02	6.60e-02	5.75e-01	2.97e-01	3.67e-02	1.14e-12	2.26e-21	2.83e-21
 3.26755e+22	1.24e-12	2.47e-08	2.49e-05	2.12e-03	2.57e-02	7.08e-02	5.83e-01	2.85e-01	3.33e-02	1.24e-12	2.47e-21	3.09e-21
 3.29032e+22	1.33e-12	2.67e-08	2.72e-05	2.31e-03	2.75e-02	7.46e-02	5.89e-01	2.76e-01	3.09e-02	1.33e-12	2.67e-21	3.33e-21
 3.31334e+22	1.45e-12	2.94e-08	3.04e-05	2.58e-03	3.00e-02	7.98e-02	5.95e-01	2.64e-01	2.80e-02	1.45e-12	2.91e-21	3.63e-21
 3.33665e+22	1.56e-12	3.19e-08	3.32e-05	2.82e-03	3.21e-02	8.40e-02	6.00e-01	2.55e-01	2.59e-02	1.56e-12	3.14e-21	3.91e-21
 3.36033e+22	1.71e-12	3.52e-08	3.71e-05	3.15e-03	3.50e-02	8.97e-02	6.05e-01	2.43e-01	2.34e-02	1.71e-12	3.43e-21	4.28e-21
 3.38441e+22	1.84e-12	3.83e-08	4.06e-05	3.45e-03	3.73e-02	9.43e-02	6.09e-01	2.34e-01	2.16e-02	1.84e-12	3.71e-21	4.62e-21
 3.40900e+22	2.01e-12	4.25e-08	4.56e-05	3.86e-03	4.06e-02	1.01e-01	6.13e-01	2.23e-01	1.94e-02	2.01e-12	4.06e-21	5.07e-21
 3.43410e+22	2.19e-12	4.64e-08	5.02e-05	4.23e-03	4.34e-02	1.06e-01	6.15e-01	2.14e-01	1.78e-02	2.19e-12	4.42e-21	5.51e-21
 3.45987e+22	2.41e-12	5.19e-08	5.67e-05	4.76e-03	4.71e-02	1.13e-01	6.18e-01	2.02e-01	1.59e-02	2.41e-12	4.87e-21	6.07e-21
 3.48627e+22	2.63e-12	5.72e-08	6.28e-05	5.23e-03	5.04e-02	1.18e-01	6.19e-01	1.93e-01	1.45e-02	2.63e-12	5.34e-21	6.66e-21
 3.50853e+22	2.84e-12	6.22e-08	6.86e-05	5.68e-03	5.33e-02	1.23e-01	6.19e-01	1.85e-01	1.33e-02	2.84e-12	5.78e-21	7.20e-21
 3.53248e+22	3.12e-12	6.94e-08	7.70e-05	6.32e-03	5.73e-02	1.30e-01	6.19e-01	1.76e-01	1.20e-02	3.12e-12	6.37e-21	7.93e-21
 3.55678e+22	3.39e-12	7.59e-08	8.45e-05	6.87e-03	6.07e-02	1.36e-01	6.18e-01	1.68e-01	1.10e-02	3.39e-12	6.92e-21	8.62e-21
 3.57781e+22	3.66e-12	8.28e-08	9.23e-05	7.44e-03	6.39e-02	1.41e-01	6.16e-01	1.61e-01	1.01e-02	3.66e-12	7.50e-21	9.34e-21
 3.60142e+22	4.03e-12	9.24e-08	1.03e-04	8.24e-03	6.84e-02	1.48e-01	6.14e-01	1.52e-01	9.08e-03	4.03e-12	8.28e-21	1.03e-20
 3.62494e+22	4.41e-12	1.02e-07	1.13e-04	8.91e-03	7.19e-02	1.53e-01	6.12e-01	1.46e-01	8.38e-03	4.41e-12	9.08e-21	1.13e-20
 3.64835e+22	4.87e-12	1.14e-07	1.27e-04	9.85e-03	7.66e-02	1.60e-01	6.08e-01	1.38e-01	7.51e-03	4.87e-12	1.01e-20	1.25e-20
 3.67210e+22	5.36e-12	1.26e-07	1.40e-04	1.07e-02	8.06e-02	1.66e-01	6.04e-01	1.32e-01	6.91e-03	5.36e-12	1.11e-20	1.38e-20
 3.69627e+22	5.99e-12	1.42e-07	1.58e-04	1.18e-02	8.58e-02	1.73e-01	5.99e-01	1.24e-01	6.16e-03	5.99e-12	1.24e-20	1.55e-20
 3.72085e+22	6.67e-12	1.58e-07	1.74e-04	1.28e-02	9.03e-02	1.79e-01	5.94e-01	1.18e-01	5.65e-03	6.67e-12	1.39e-20	1.72e-20
 3.74597e+22	7.49e-12	1.80e-07	1.97e-04	1.42e-02	9.61e-02	1.87e-01	5.88e-01	1.10e-01	5.00e-03	7.49e-12	1.57e-20	1.95e-20
 3.77146e+22	8.43e-12	2.03e-07	2.19e-04	1.54e-02	1.01e-01	1.92e-01	5.82e-01	1.05e-01	4.57e-03	8.43e-12	1.77e-20	2.20e-20
 3.79744e+22	9.57e-12	2.33e-07	2.50e-04	1.71e-02	1.08e-01	2.00e-01	5.73e-01	9.77e-02	4.02e-03	9.57e-12	2.01e-20	2.50e-20
 3.82397e+22	1.08e-11	2.63e-07	2.79e-04	1.87e-02	1.13e-01	2.06e-01	5.66e-01	9.23e-02	3.64e-03	1.08e-11	2.28e-20	2.83e-20
 3.85119e+22	1.26e-11	3.08e-07	3.21e-04	2.08e-02	1.20e-01	2.14e-01	5.55e-01	8.57e-02	3.19e-03	1.26e-11	2.67e-20	3.31e-20
 3.87929e+22	1.44e-11	3.51e-07	3.61e-04	2.27e-02	1.27e-01	2.21e-01	5.46e-01	8.04e-02	2.86e-03	1.44e-11	3.06e-20	3.79e-20
 3.90854e+22	1.70e-11	4.18e-07	4.20e-04	2.55e-02	1.35e-01	2.29e-01	5.34e-01	7.39e-02	2.47e-03	1.70e-11	3.64e-20	4.51e-20
 3.93796e+22	1.97e-11	4.81e-07	4.73e-04	2.78e-02	1.42e-01	2.35e-01	5.23e-01	6.92e-02	2.21e-03	1.97e-11	4.24e-20	5.25e-20
 3.96758e+22	2.35e-11	5.74e-07	5.52e-04	3.12e-02	1.51e-01	2.43e-01	5.09e-01	6.33e-02	1.90e-03	2.35e-11	5.08e-20	6.29e-20
 3.99753e+22	2.76e-11	6.67e-07	6.24e-04	3.40e-02	1.59e-01	2.48e-01	4.98e-01	5.91e-02	1.70e-03	2.76e-11	5.99e-20	7.41e-20
 4.02789e+22	3.33e-11	8.03e-07	7.30e-04	3.81e-02	1.68e-01	2.56e-01	4.82e-01	5.37e-02	1.45e-03	3.33e-11	7.27e-20	8.99e-20
 4.05873e+22	3.94e-11	9.38e-07	8.28e-04	4.16e-02	1.76e-01	2.61e-01	4.69e-01	4.98e-02	1.28e-03	3.94e-11	8.67e-20	1.07e-19
 4.09019e+22	4.83e-11	1.14e-06	9.74e-04	4.66e-02	1.87e-01	2.68e-01	4.52e-01	4.49e-02	1.09e-03	4.83e-11	1.07e-19	1.32e-19
 4.12134e+22	5.73e-11	1.33e-06	1.10e-03	5.07e-02	1.95e-01	2.72e-01	4.39e-01	4.17e-02	9.61e-04	5.73e-11	1.28e-19	1.57e-19
 4.14665e+22	6.62e-11	1.52e-06	1.23e-03	5.46e-02	2.02e-01	2.76e-01	4.27e-01	3.88e-02	8.57e-04	6.62e-11	1.48e-19	1.83e-19
 4.17413e+22	8.01e-11	1.81e-06	1.41e-03	5.99e-02	2.12e-01	2.80e-01	4.11e-01	3.54e-02	7.42e-04	8.01e-11	1.81e-19	2.23e-19
 4.20197e+22	9.38e-11	2.09e-06	1.58e-03	6.46e-02	2.20e-01	2.83e-01	3.98e-01	3.28e-02	6.57e-04	9.38e-11	2.13e-19	2.62e-19
 4.22654e+22	1.10e-10	2.40e-06	1.76e-03	6.94e-02	2.27e-01	2.85e-01	3.85e-01	3.04e-02	5.83e-04	1.10e-10	2.50e-19	3.08e-19
 4.25471e+22	1.34e-10	2.87e-06	2.02e-03	7.60e-02	2.37e-01	2.88e-01	3.69e-01	2.76e-02	5.02e-04	1.34e-10	3.08e-19	3.79e-19
 4.28394e+22	1.60e-10	3.35e-06	2.28e-03	8.21e-02	2.46e-01	2.90e-01	3.55e-01	2.52e-02	4.37e-04	1.60e-10	3.70e-19	4.55e-19
 4.31004e+22	1.89e-10	3.88e-06	2.54e-03	8.82e-02	2.54e-01	2.91e-01	3.41e-01	2.32e-02	3.85e-04	1.89e-10	4.41e-19	5.43e-19
 4.33946e+22	2.35e-10	4.66e-06	2.93e-03	9.64e-02	2.63e-01	2.92e-01	3.24e-01	2.08e-02	3.27e-04	2.35e-10	5.53e-19	6.79e-19
 4.37018e+22	2.85e-10	5.50e-06	3.31e-03	1.04e-01	2.72e-01	2.92e-01	3.09e-01	1.89e-02	2.81e-04	2.85e-10	6.75e-19	8.28e-19
 4.39789e+22	3.42e-10	6.41e-06	3.72e-03	1.12e-01	2.80e-01	2.92e-01	2.95e-01	1.72e-02	2.44e-04	3.42e-10	8.17e-19	1.00e-18
 4.42920e+22	4.32e-10	7.78e-06	4.29e-03	1.22e-01	2.90e-01	2.90e-01	2.78e-01	1.52e-02	2.04e-04	4.32e-10	1.04e-18	1.28e-18
 4.46151e+22	5.30e-10	9.22e-06	4.87e-03	1.32e-01	2.98e-01	2.89e-01	2.63e-01	1.36e-02	1.73e-04	5.30e-10	1.29e-18	1.58e-18
 4.49027e+22	6.43e-10	1.08e-05	5.46e-03	1.41e-01	3.06e-01	2.86e-01	2.49e-01	1.23e-02	1.49e-04	6.43e-10	1.58e-18	1.94e-18
 4.52283e+22	8.22e-10	1.32e-05	6.30e-03	1.54e-01	3.15e-01	2.82e-01	2.32e-01	1.08e-02	1.22e-04	8.22e-10	2.05e-18	2.51e-18
 4.55662e+22	1.02e-09	1.57e-05	7.16e-03	1.66e-01	3.22e-01	2.79e-01	2.17e-01	9.52e-03	1.02e-04	1.02e-09	2.58e-18	3.15e-18
 4.58695e+22	1.26e-09	1.85e-05	8.04e-03	1.77e-01	3.29e-01	2.74e-01	2.04e-01	8.48e-03	8.66e-05	1.26e-09	3.20e-18	3.91e-18
 4.62134e+22	1.63e-09	2.26e-05	9.29e-03	1.92e-01	3.36e-01	2.68e-01	1.87e-01	7.31e-03	7.00e-05	1.63e-09	4.23e-18	5.15e-18
 4.65705e+22	2.06e-09	2.72e-05	1.06e-02	2.06e-01	3.42e-01	2.62e-01	1.73e-01	6.36e-03	5.74e-05	2.06e-09	5.41e-18	6.59e-18
 4.68904e+22	2.56e-09	3.21e-05	1.19e-02	2.19e-01	3.47e-01	2.55e-01	1.61e-01	5.59e-03	4.78e-05	2.56e-09	6.81e-18	8.29e-18
 4.72521e+22	3.38e-09	3.97e-05	1.37e-02	2.37e-01	3.52e-01	2.47e-01	1.46e-01	4.72e-03	3.76e-05	3.38e-09	9.18e-18	1.12e-17
 4.76209e+22	4.27e-09	4.74e-05	1.55e-02	2.52e-01	3.55e-01	2.39e-01	1.34e-01	4.08e-03	3.06e-05	4.27e-09	1.18e-17	1.43e-17
 4.79990e+22	5.71e-09	5.88e-05	1.79e-02	2.72e-01	3.58e-01	2.29e-01	1.20e-01	3.39e-03	2.37e-05	5.71e-09	1.61e-17	1.95e-17
 4.83810e+22	7.23e-09	7.01e-05	2.02e-02	2.88e-01	3.60e-01	2.20e-01	1.09e-01	2.91e-03	1.91e-05	7.23e-09	2.07e-17	2.52e-17
 4.87680e+22	9.75e-09	8.72e-05	2.34e-02	3.09e-01	3.60e-01	2.08e-01	9.66e-02	2.38e-03	1.45e-05	9.75e-09	2.87e-17	3.48e-17
 4.91584e+22	1.24e-08	1.04e-04	2.62e-02	3.26e-01	3.60e-01	1.99e-01	8.74e-02	2.02e-03	1.16e-05	1.24e-08	3.72e-17	4.50e-17
 4.95533e+22	1.67e-08	1.29e-04	3.02e-02	3.48e-01	3.57e-01	1.86e-01	7.65e-02	1.64e-03	8.68e-06	1.67e-08	5.19e-17	6.28e-17
 4.99527e+22	2.13e-08	1.53e-04	3.37e-02	3.65e-01	3.55e-01	1.77e-01	6.87e-02	1.38e-03	6.86e-06	2.13e-08	6.76e-17	8.18e-17
 5.03582e+22	2.90e-08	1.91e-04	3.87e-02	3.87e-01	3.50e-01	1.64e-01	5.94e-02	1.10e-03	5.04e-06	2.90e-08	9.54e-17	1.15e-16
 5.07684e+22	3.70e-08	2.26e-04	4.31e-02	4.04e-01	3.45e-01	1.54e-01	5.28e-02	9.13e-04	3.93e-06	3.70e-08	1.25e-16	1.51e-16
 5.11849e+22	5.05e-08	2.82e-04	4.94e-02	4.25e-01	3.37e-01	1.42e-01	4.52e-02	7.17e-04	2.84e-06	5.05e-08	1.78e-16	2.15e-16
 5.15929e+22	6.35e-08	3.30e-04	5.44e-02	4.41e-01	3.31e-01	1.33e-01	4.02e-02	5.98e-04	2.23e-06	6.35e-08	2.31e-16	2.78e-16
 5.19898e+22	8.52e-08	4.05e-04	6.16e-02	4.60e-01	3.22e-01	1.21e-01	3.44e-02	4.71e-04	1.62e-06	8.52e-08	3.22e-16	3.89e-16
 5.23732e+22	1.05e-07	4.66e-04	6.70e-02	4.73e-01	3.15e-01	1.14e-01	3.07e-02	3.97e-04	1.29e-06	1.05e-07	4.07e-16	4.92e-16
 5.27392e+22	1.36e-07	5.58e-04	7.45e-02	4.89e-01	3.05e-01	1.04e-01	2.65e-02	3.18e-04	9.59e-07	1.36e-07	5.49e-16	6.63e-16
 5.31110e+22	1.69e-07	6.45e-04	8.12e-02	5.01e-01	2.97e-01	9.68e-02	2.34e-02	2.64e-04	7.50e-07	1.69e-07	7.00e-16	8.44e-16
 5.34400e+22	2.08e-07	7.42e-04	8.80e-02	5.13e-01	2.88e-01	8.98e-02	2.07e-02	2.20e-04	5.89e-07	2.08e-07	8.86e-16	1.07e-15
 5.38173e+22	2.71e-07	8.87e-04	9.74e-02	5.26e-01	2.77e-01	8.14e-02	1.77e-02	1.73e-04	4.30e-07	2.71e-07	1.20e-15	1.44e-15
 5.42002e+22	3.35e-07	1.02e-03	1.06e-01	5.36e-01	2.67e-01	7.49e-02	1.55e-02	1.42e-04	3.31e-07	3.35e-07	1.53e-15	1.84e-15
 5.45903e+22	4.38e-07	1.22e-03	1.17e-01	5.47e-01	2.55e-01	6.73e-02	1.30e-02	1.11e-04	2.38e-07	4.38e-07	2.07e-15	2.49e-15
 5.49839e+22	5.42e-07	1.41e-03	1.26e-01	5.55e-01	2.45e-01	6.15e-02	1.14e-02	9.02e-05	1.82e-07	5.42e-07	2.63e-15	3.16e-15
 5.53820e+22	7.14e-07	1.69e-03	1.39e-01	5.64e-01	2.31e-01	5.46e-02	9.45e-03	6.88e-05	1.28e-07	7.14e-07	3.59e-15	4.31e-15
 5.57804e+22	8.78e-07	1.94e-03	1.50e-01	5.69e-01	2.21e-01	4.98e-02	8.20e-03	5.59e-05	0.00e+00	8.78e-07	4.54e-15	5.45e-15
 5.61004e+22	1.05e-06	2.18e-03	1.59e-01	5.73e-01	2.12e-01	4.59e-02	7.24e-03	4.66e-05	0.00e+00	1.05e-06	5.55e-15	6.65e-15
 5.64375e+22	1.30e-06	2.51e-03	1.72e-01	5.76e-01	2.02e-01	4.14e-02	6.21e-03	3.73e-05	0.00e+00	1.30e-06	7.11e-15	8.51e-15
 5.67794e+22	1.56e-06	2.82e-03	1.82e-01	5.78e-01	1.93e-01	3.79e-02	5.45e-03	3.08e-05	0.00e+00	1.56e-06	8.71e-15	1.04e-14
 5.70801e+22	1.85e-06	3.16e-03	1.93e-01	5.79e-01	1.85e-01	3.47e-02	4.80e-03	2.56e-05	0.00e+00	1.85e-06	1.06e-14	1.27e-14
 5.74237e+22	2.30e-06	3.64e-03	2.07e-01	5.80e-01	1.74e-01	3.11e-02	4.08e-03	2.02e-05	0.00e+00	2.30e-06	1.36e-14	1.62e-14
 5.77715e+22	2.75e-06	4.09e-03	2.19e-01	5.79e-01	1.66e-01	2.83e-02	3.55e-03	1.66e-05	0.00e+00	2.75e-06	1.67e-14	1.99e-14
 5.80762e+22	3.26e-06	4.56e-03	2.32e-01	5.77e-01	1.58e-01	2.58e-02	3.11e-03	1.37e-05	0.00e+00	3.26e-06	2.03e-14	2.42e-14
 5.84240e+22	4.05e-06	5.26e-03	2.48e-01	5.74e-01	1.48e-01	2.28e-02	2.61e-03	1.06e-05	0.00e+00	4.05e-06	2.61e-14	3.11e-14
 5.87745e+22	4.80e-06	5.86e-03	2.61e-01	5.70e-01	1.40e-01	2.07e-02	2.27e-03	8.72e-06	0.00e+00	4.80e-06	3.17e-14	3.77e-14
 5.91287e+22	5.94e-06	6.72e-03	2.78e-01	5.64e-01	1.31e-01	1.83e-02	1.91e-03	6.76e-06	0.00e+00	5.94e-06	4.06e-14	4.83e-14
 5.94885e+22	7.09e-06	7.52e-03	2.93e-01	5.59e-01	1.23e-01	1.64e-02	1.64e-03	5.44e-06	0.00e+00	7.09e-06	4.99e-14	5.93e-14
 5.98056e+22	8.38e-06	8.37e-03	3.07e-01	5.52e-01	1.16e-01	1.48e-02	1.42e-03	4.41e-06	0.00e+00	8.38e-06	6.07e-14	7.20e-14
 6.01676e+22	1.03e-05	9.58e-03	3.26e-01	5.43e-01	1.07e-01	1.29e-02	1.18e-03	3.38e-06	0.00e+00	1.03e-05	7.77e-14	9.23e-14
 6.05375e+22	1.23e-05	1.07e-02	3.43e-01	5.34e-01	1.00e-01	1.15e-02	1.00e-03	2.69e-06	0.00e+00	1.23e-05	9.55e-14	1.13e-13
 6.09176e+22	1.52e-05	1.23e-02	3.63e-01	5.22e-01	9.22e-02	9.98e-03	8.24e-04	2.04e-06	0.00e+00	1.52e-05	1.23e-13	1.46e-13
 6.13051e+22	1.83e-05	1.38e-02	3.81e-01	5.11e-01	8.53e-02	8.77e-03	6.91e-04	1.58e-06	0.00e+00	1.83e-05	1.53e-13	1.81e-13
 6.16430e+22	2.17e-05	1.53e-02	3.98e-01	4.99e-01	7.94e-02	7.78e-03	5.87e-04	1.26e-06	0.00e+00	2.17e-05	1.86e-13	2.21e-13
 6.20230e+22	2.67e-05	1.75e-02	4.19e-01	4.84e-01	7.23e-02	6.67e-03	4.77e-04	9.37e-07	0.00e+00	2.67e-05	2.39e-13	2.84e-13
 6.24172e+22	3.19e-05	1.95e-02	4.37e-01	4.70e-01	6.65e-02	5.82e-03	3.98e-04	7.24e-07	0.00e+00	3.19e-05	2.96e-13	3.51e-13
 6.28300e+22	4.00e-05	2.25e-02	4.61e-01	4.51e-01	5.96e-02	4.88e-03	3.14e-04	5.18e-07	0.00e+00	4.00e-05	3.89e-13	4.62e-13
 6.32437e+22	4.74e-05	2.49e-02	4.80e-01	4.36e-01	5.46e-02	4.24e-03	2.61e-04	3.99e-07	0.00e+00	4.74e-05	4.78e-13	5.67e-13
 6.36584e+22	5.90e-05	2.86e-02	5.03e-01	4.16e-01	4.87e-02	3.54e-03	2.06e-04	2.85e-07	0.00e+00	5.90e-05	6.23e-13	7.39e-13
 6.40240e+22	6.73e-05	3.10e-02	5.17e-01	4.04e-01	4.52e-02	3.15e-03	1.77e-04	2.30e-07	0.00e+00	6.73e-05	7.32e-13	8.67e-13
 6.42849e+22	7.55e-05	3.33e-02	5.29e-01	3.92e-01	4.24e-02	2.85e-03	1.55e-04	1.92e-07	0.00e+00	7.55e-05	8.44e-13	1.00e-12
 6.45833e+22	8.80e-05	3.66e-02	5.45e-01	3.77e-01	3.89e-02	2.49e-03	1.30e-04	1.50e-07	0.00e+00	8.80e-05	1.02e-12	1.21e-12
 6.48936e+22	1.00e-04	3.96e-02	5.58e-01	3.64e-01	3.60e-02	2.21e-03	1.12e-04	0.00e+00	0.00e+00	1.00e-04	1.20e-12	1.41e-12
 6.52195e+22	1.18e-04	4.39e-02	5.74e-01	3.47e-01	3.26e-02	1.90e-03	9.14e-05	0.00e+00	0.00e+00	1.18e-04	1.47e-12	1.74e-12
 6.55457e+22	1.34e-04	4.74e-02	5.87e-01	3.33e-01	3.01e-02	1.68e-03	7.80e-05	0.00e+00	0.00e+00	1.34e-04	1.72e-12	2.04e-12
 6.58721e+22	1.58e-04	5.24e-02	6.03e-01	3.16e-01	2.70e-02	1.43e-03	6.35e-05	0.00e+00	0.00e+00	1.58e-04	2.11e-12	2.50e-12
 6.62015e+22	1.80e-04	5.66e-02	6.14e-01	3.03e-01	2.48e-02	1.26e-03	5.39e-05	0.00e+00	0.00e+00	1.80e-04	2.48e-12	2.93e-12
 6.65347e+22	2.10e-04	6.22e-02	6.28e-01	2.86e-01	2.23e-02	1.07e-03	4.39e-05	0.00e+00	0.00e+00	2.10e-04	3.02e-12	3.57e-12
 6.68780e+22	2.40e-04	6.75e-02	6.40e-01	2.72e-01	2.02e-02	9.26e-04	3.66e-05	0.00e+00	0.00e+00	2.40e-04	3.59e-12	4.23e-12
 6.71863e+22	2.74e-04	7.30e-02	6.50e-01	2.58e-01	1.84e-02	8.04e-04	3.06e-05	0.00e+00	0.00e+00	2.74e-04	4.23e-12	4.99e-12
 6.75387e+22	3.24e-04	8.06e-02	6.62e-01	2.40e-01	1.62e-02	6.68e-04	2.42e-05	0.00e+00	0.00e+00	3.24e-04	5.24e-12	6.17e-12
 6.78955e+22	3.67e-04	8.69e-02	6.71e-01	2.27e-01	1.47e-02	5.76e-04	2.01e-05	0.00e+00	0.00e+00	3.67e-04	6.17e-12	7.27e-12
 6.82581e+22	4.32e-04	9.57e-02	6.80e-01	2.10e-01	1.29e-02	4.77e-04	1.59e-05	0.00e+00	0.00e+00	4.32e-04	7.62e-12	8.96e-12
 6.86339e+22	4.96e-04	1.04e-01	6.88e-01	1.96e-01	1.15e-02	4.02e-04	1.29e-05	0.00e+00	0.00e+00	4.96e-04	9.11e-12	1.07e-11
 6.90269e+22	5.90e-04	1.15e-01	6.95e-01	1.79e-01	9.90e-03	3.24e-04	9.87e-06	0.00e+00	0.00e+00	5.90e-04	1.14e-11	1.34e-11
 6.94232e+22	6.75e-04	1.24e-01	7.00e-01	1.66e-01	8.75e-03	2.71e-04	7.93e-06	0.00e+00	0.00e+00	6.75e-04	1.37e-11	1.60e-11
 6.98239e+22	8.03e-04	1.37e-01	7.04e-01	1.50e-01	7.48e-03	2.16e-04	6.00e-06	0.00e+00	0.00e+00	8.03e-04	1.72e-11	2.01e-11
 7.02310e+22	9.17e-04	1.48e-01	7.06e-01	1.38e-01	6.56e-03	1.79e-04	4.78e-06	0.00e+00	0.00e+00	9.17e-04	2.05e-11	2.40e-11
 7.06465e+22	1.09e-03	1.63e-01	7.06e-01	1.24e-01	5.55e-03	1.41e-04	3.56e-06	0.00e+00	0.00e+00	1.09e-03	2.58e-11	3.02e-11
 7.10684e+22	1.24e-03	1.76e-01	7.05e-01	1.13e-01	4.83e-03	1.15e-04	2.80e-06	0.00e+00	0.00e+00	1.24e-03	3.08e-11	3.60e-11
 7.14987e+22	1.47e-03	1.94e-01	7.01e-01	9.99e-02	4.05e-03	8.94e-05	2.07e-06	0.00e+00	0.00e+00	1.47e-03	3.86e-11	4.50e-11
 7.19407e+22	1.69e-03	2.09e-01	6.96e-01	8.98e-02	3.47e-03	7.17e-05	1.59e-06	0.00e+00	0.00e+00	1.69e-03	4.64e-11	5.41e-11
 7.23982e+22	2.03e-03	2.31e-01	6.87e-01	7.77e-02	2.84e-03	5.37e-05	1.13e-06	0.00e+00	0.00e+00	2.03e-03	5.92e-11	6.90e-11
 7.28558e+22	2.30e-03	2.47e-01	6.79e-01	6.95e-02	2.43e-03	4.30e-05	8.69e-07	0.00e+00	0.00e+00	2.30e-03	7.06e-11	8.21e-11
 7.33138e+22	2.74e-03	2.71e-01	6.65e-01	5.96e-02	1.98e-03	3.19e-05	6.16e-07	0.00e+00	0.00e+00	2.74e-03	8.94e-11	1.04e-10
 7.37862e+22	3.13e-03	2.90e-01	6.52e-01	5.23e-02	1.67e-03	2.50e-05	4.63e-07	0.00e+00	0.00e+00	3.13e-03	1.07e-10	1.25e-10
 7.42775e+22	3.76e-03	3.20e-01	6.32e-01	4.37e-02	1.33e-03	1.79e-05	3.16e-07	0.00e+00	0.00e+00	3.76e-03	1.38e-10	1.60e-10
 7.47798e+22	4.29e-03	3.42e-01	6.15e-01	3.78e-02	1.11e-03	1.37e-05	2.34e-07	0.00e+00	0.00e+00	4.29e-03	1.66e-10	1.93e-10
 7.52965e+22	5.17e-03	3.76e-01	5.87e-01	3.07e-02	8.67e-04	9.46e-06	1.56e-07	0.00e+00	0.00e+00	5.17e-03	2.15e-10	2.49e-10
 7.58291e+22	5.94e-03	4.02e-01	5.65e-01	2.59e-02	7.10e-04	7.01e-06	0.00e+00	0.00e+00	0.00e+00	5.94e-03	2.62e-10	3.04e-10
 7.63825e+22	7.22e-03	4.42e-01	5.30e-01	2.03e-02	5.41e-04	4.62e-06	0.00e+00	0.00e+00	0.00e+00	7.22e-03	3.43e-10	3.98e-10
 7.69572e+22	8.39e-03	4.74e-01	5.01e-01	1.65e-02	4.31e-04	3.25e-06	0.00e+00	0.00e+00	0.00e+00	8.39e-03	4.25e-10	4.92e-10
 7.75598e+22	1.03e-02	5.20e-01	4.58e-01	1.23e-02	3.18e-04	2.00e-06	0.00e+00	0.00e+00	0.00e+00	1.03e-02	5.67e-10	6.57e-10
 7.81814e+22	1.21e-02	5.56e-01	4.22e-01	9.48e-03	2.47e-04	1.33e-06	0.00e+00	0.00e+00	0.00e+00	1.21e-02	7.12e-10	8.25e-10
 7.86659e+22	1.36e-02	5.83e-01	3.95e-01	7.79e-03	2.04e-04	9.76e-07	0.00e+00	0.00e+00	0.00e+00	1.36e-02	8.38e-10	9.71e-10
 7.91336e+22	1.59e-02	6.20e-01	3.58e-01	5.95e-03	1.59e-04	6.43e-07	0.00e+00	0.00e+00	0.00e+00	1.59e-02	1.04e-09	1.21e-09
 7.96147e+22	1.81e-02	6.50e-01	3.27e-01	4.67e-03	1.28e-04	4.44e-07	0.00e+00	0.00e+00	0.00e+00	1.81e-02	1.25e-09	1.45e-09
 8.01132e+22	2.16e-02	6.89e-01	2.86e-01	3.35e-03	9.63e-05	2.70e-07	0.00e+00	0.00e+00	0.00e+00	2.16e-02	1.59e-09	1.85e-09
 8.06216e+22	2.48e-02	7.19e-01	2.54e-01	2.51e-03	7.55e-05	1.76e-07	0.00e+00	0.00e+00	0.00e+00	2.48e-02	1.93e-09	2.24e-09
 8.11428e+22	3.00e-02	7.55e-01	2.13e-01	1.68e-03	5.45e-05	0.00e+00	0.00e+00	0.00e+00	0.00e+00	3.00e-02	2.50e-09	2.90e-09
 8.16840e+22	3.54e-02	7.84e-01	1.79e-01	1.15e-03	4.05e-05	0.00e+00	0.00e+00	0.00e+00	0.00e+00	3.54e-02	3.12e-09	3.60e-09
 8.21141e+22	4.06e-02	8.04e-01	1.55e-01	8.41e-04	3.18e-05	0.00e+00	0.00e+00	0.00e+00	0.00e+00	4.06e-02	3.72e-09	4.29e-09
 8.24801e+22	4.66e-02	8.21e-01	1.32e-01	6.10e-04	2.48e-05	0.00e+00	0.00e+00	0.00e+00	0.00e+00	4.66e-02	4.44e-09	5.10e-09
 8.28998e+22	5.56e-02	8.38e-01	1.06e-01	3.98e-04	1.78e-05	0.00e+00	0.00e+00	0.00e+00	0.00e+00	5.56e-02	5.60e-09	6.41e-09
 8.33411e+22	6.67e-02	8.49e-01	8.39e-02	2.57e-04	1.28e-05	0.00e+00	0.00e+00	0.00e+00	0.00e+00	6.67e-02	7.02e-09	8.04e-09
 8.37283e+22	7.95e-02	8.54e-01	6.61e-02	1.68e-04	9.19e-06	0.00e+00	0.00e+00	0.00e+00	0.00e+00	7.95e-02	8.73e-09	9.99e-09
 8.40838e+22	9.50e-02	8.54e-01	5.13e-02	1.10e-04	6.53e-06	0.00e+00	0.00e+00	0.00e+00	0.00e+00	9.50e-02	1.08e-08	1.24e-08
 8.44169e+22	1.14e-01	8.47e-01	3.92e-02	7.18e-05	4.58e-06	0.00e+00	0.00e+00	0.00e+00	0.00e+00	1.14e-01	1.34e-08	1.54e-08
 8.47262e+22	1.37e-01	8.34e-01	2.95e-02	4.71e-05	3.16e-06	0.00e+00	0.00e+00	0.00e+00	0.00e+00	1.37e-01	1.66e-08	1.91e-08
 8.50089e+22	1.64e-01	8.14e-01	2.20e-02	3.14e-05	2.16e-06	0.00e+00	0.00e+00	0.00e+00	0.00e+00	1.64e-01	2.03e-08	2.35e-08
 8.52640e+22	1.95e-01	7.88e-01	1.63e-02	2.15e-05	1.47e-06	0.00e+00	0.00e+00	0.00e+00	0.00e+00	1.95e-01	2.45e-08	2.83e-08
 8.54960e+22	2.31e-01	7.57e-01	1.21e-02	1.50e-05	1.00e-06	0.00e+00	0.00e+00	0.00e+00	0.00e+00	2.31e-01	2.90e-08	3.35e-08
 8.57086e+22	2.71e-01	7.20e-01	8.99e-03	1.07e-05	6.79e-07	0.00e+00	0.00e+00	0.00e+00	0.00e+00	2.71e-01	3.38e-08	3.89e-08
 8.58423e+22	2.97e-01	6.95e-01	7.49e-03	8.84e-06	5.39e-07	0.00e+00	0.00e+00	0.00e+00	0.00e+00	2.97e-01	3.66e-08	4.22e-08
 8.58921e+22	3.08e-01	6.85e-01	6.97e-03	8.21e-06	4.91e-07	0.00e+00	0.00e+00	0.00e+00	0.00e+00	3.08e-01	3.77e-08	4.34e-08
 8.59319e+22	3.18e-01	6.76e-01	6.54e-03	7.69e-06	4.52e-07	0.00e+00	0.00e+00	0.00e+00	0.00e+00	3.18e-01	3.87e-08	4.46e-08
 8.59834e+22	3.30e-01	6.64e-01	6.01e-03	7.06e-06	4.05e-07	0.00e+00	0.00e+00	0.00e+00	0.00e+00	3.30e-01	4.01e-08	4.62e-08
 8.60452e+22	3.46e-01	6.49e-01	5.43e-03	6.38e-06	3.54e-07	0.00e+00	0.00e+00	0.00e+00	0.00e+00	3.46e-01	4.17e-08	4.80e-08
 8.61079e+22	3.62e-01	6.33e-01	4.89e-03	5.76e-06	3.09e-07	0.00e+00	0.00e+00	0.00e+00	0.00e+00	3.62e-01	4.33e-08	4.98e-08
 8.61659e+22	3.77e-01	6.18e-01	4.45e-03	5.27e-06	2.74e-07	0.00e+00	0.00e+00	0.00e+00	0.00e+00	3.77e-01	4.47e-08	5.14e-08
 8.62250e+22	3.94e-01	6.02e-01	4.01e-03	4.77e-06	2.39e-07	0.00e+00	0.00e+00	0.00e+00	0.00e+00	3.94e-01	4.62e-08	5.31e-08
 8.62859e+22	4.10e-01	5.86e-01	3.62e-03	4.34e-06	2.10e-07	0.00e+00	0.00e+00	0.00e+00	0.00e+00	4.10e-01	4.76e-08	5.47e-08
 8.63483e+22	4.29e-01	5.68e-01	3.24e-03	3.93e-06	1.82e-07	0.00e+00	0.00e+00	0.00e+00	0.00e+00	4.29e-01	4.91e-08	5.64e-08
 8.64130e+22	4.48e-01	5.49e-01	2.89e-03	3.53e-06	1.56e-07	0.00e+00	0.00e+00	0.00e+00	0.00e+00	4.48e-01	5.05e-08	5.80e-08
 8.64756e+22	4.66e-01	5.31e-01	2.58e-03	3.20e-06	1.35e-07	0.00e+00	0.00e+00	0.00e+00	0.00e+00	4.66e-01	5.18e-08	5.94e-08
 8.65388e+22	4.85e-01	5.12e-01	2.30e-03	2.90e-06	0.00e+00	0.00e+00	0.00e+00	0.00e+00	0.00e+00	4.85e-01	5.30e-08	6.08e-08
 8.66062e+22	5.06e-01	4.92e-01	2.03e-03	2.60e-06	0.00e+00	0.00e+00	0.00e+00	0.00e+00	0.00e+00	5.06e-01	5.42e-08	6.21e-08
 8.66764e+22	5.27e-01	4.72e-01	1.79e-03	2.34e-06	0.00e+00	0.00e+00	0.00e+00	0.00e+00	0.00e+00	5.27e-01	5.53e-08	6.33e-08
 8.67497e+22	5.49e-01	4.50e-01	1.56e-03	2.09e-06	0.00e+00	0.00e+00	0.00e+00	0.00e+00	0.00e+00	5.49e-01	5.62e-08	6.44e-08
 8.68255e+22	5.72e-01	4.27e-01	1.35e-03	1.86e-06	0.00e+00	0.00e+00	0.00e+00	0.00e+00	0.00e+00	5.72e-01	5.71e-08	6.53e-08
 8.69009e+22	5.93e-01	4.06e-01	1.17e-03	1.66e-06	0.00e+00	0.00e+00	0.00e+00	0.00e+00	0.00e+00	5.93e-01	5.77e-08	6.60e-08
 8.69602e+22	6.09e-01	3.90e-01	1.06e-03	1.53e-06	0.00e+00	0.00e+00	0.00e+00	0.00e+00	0.00e+00	6.09e-01	5.80e-08	6.63e-08
 8.69998e+22	6.19e-01	3.80e-01	9.85e-04	1.45e-06	0.00e+00	0.00e+00	0.00e+00	0.00e+00	0.00e+00	6.19e-01	5.81e-08	6.65e-08
 8.70376e+22	6.30e-01	3.70e-01	9.18e-04	1.37e-06	0.00e+00	0.00e+00	0.00e+00	0.00e+00	0.00e+00	6.30e-01	5.83e-08	6.66e-08
 8.70817e+22	6.41e-01	3.58e-01	8.45e-04	1.29e-06	0.00e+00	0.00e+00	0.00e+00	0.00e+00	0.00e+00	6.41e-01	5.85e-08	6.68e-08
 8.71299e+22	6.54e-01	3.45e-01	7.73e-04	1.20e-06	0.00e+00	0.00e+00	0.00e+00	0.00e+00	0.00e+00	6.54e-01	5.85e-08	6.68e-08
 8.71767e+22	6.65e-01	3.34e-01	7.12e-04	1.13e-06	0.00e+00	0.00e+00	0.00e+00	0.00e+00	0.00e+00	6.65e-01	5.86e-08	6.69e-08
 8.72229e+22	6.76e-01	3.23e-01	6.54e-04	1.06e-06	0.00e+00	0.00e+00	0.00e+00	0.00e+00	0.00e+00	6.76e-01	5.85e-08	6.68e-08
 8.72707e+22	6.87e-01	3.12e-01	6.01e-04	9.96e-07	0.00e+00	0.00e+00	0.00e+00	0.00e+00	0.00e+00	6.87e-01	5.85e-08	6.67e-08
 8.73189e+22	6.98e-01	3.01e-01	5.51e-04	9.36e-07	0.00e+00	0.00e+00	0.00e+00	0.00e+00	0.00e+00	6.98e-01	5.84e-08	6.65e-08
 8.73676e+22	7.09e-01	2.91e-01	5.05e-04	8.78e-07	0.00e+00	0.00e+00	0.00e+00	0.00e+00	0.00e+00	7.09e-01	5.82e-08	6.63e-08
 8.74164e+22	7.19e-01	2.81e-01	4.65e-04	8.28e-07	0.00e+00	0.00e+00	0.00e+00	0.00e+00	0.00e+00	7.19e-01	5.81e-08	6.61e-08
 8.74668e+22	7.29e-01	2.71e-01	4.26e-04	7.77e-07	0.00e+00	0.00e+00	0.00e+00	0.00e+00	0.00e+00	7.29e-01	5.78e-08	6.58e-08
 8.75194e+22	7.39e-01	2.61e-01	3.89e-04	7.29e-07	0.00e+00	0.00e+00	0.00e+00	0.00e+00	0.00e+00	7.39e-01	5.76e-08	6.55e-08
 8.75719e+22	7.49e-01	2.51e-01	3.56e-04	6.86e-07	0.00e+00	0.00e+00	0.00e+00	0.00e+00	0.00e+00	7.49e-01	5.73e-08	6.52e-08
 8.76250e+22	7.58e-01	2.42e-01	3.26e-04	6.45e-07	0.00e+00	0.00e+00	0.00e+00	0.00e+00	0.00e+00	7.58e-01	5.70e-08	6.48e-08
 8.76801e+22	7.67e-01	2.33e-01	2.98e-04	6.07e-07	0.00e+00	0.00e+00	0.00e+00	0.00e+00	0.00e+00	7.67e-01	5.67e-08	6.44e-08
 8.77371e+22	7.76e-01	2.24e-01	2.71e-04	5.69e-07	0.00e+00	0.00e+00	0.00e+00	0.00e+00	0.00e+00	7.76e-01	5.64e-08	6.40e-08
 8.77950e+22	7.84e-01	2.15e-01	2.48e-04	5.36e-07	0.00e+00	0.00e+00	0.00e+00	0.00e+00	0.00e+00	7.84e-01	5.60e-08	6.36e-08
 8.78539e+22	7.93e-01	2.07e-01	2.26e-04	5.04e-07	0.00e+00	0.00e+00	0.00e+00	0.00e+00	0.00e+00	7.93e-01	5.57e-08	6.31e-08
 8.79149e+22	8.01e-01	1.99e-01	2.06e-04	4.73e-07	0.00e+00	0.00e+00	0.00e+00	0.00e+00	0.00e+00	8.01e-01	5.53e-08	6.27e-08
 8.79778e+22	8.09e-01	1.91e-01	1.87e-04	4.45e-07	0.00e+00	0.00e+00	0.00e+00	0.00e+00	0.00e+00	8.09e-01	5.49e-08	6.22e-08
 8.80421e+22	8.16e-01	1.83e-01	1.70e-04	4.18e-07	0.00e+00	0.00e+00	0.00e+00	0.00e+00	0.00e+00	8.16e-01	5.45e-08	6.17e-08
 8.81077e+22	8.24e-01	1.76e-01	1.55e-04	3.93e-07	0.00e+00	0.00e+00	0.00e+00	0.00e+00	0.00e+00	8.24e-01	5.41e-08	6.10e-08
 8.81754e+22	8.31e-01	1.69e-01	1.40e-04	3.69e-07	0.00e+00	0.00e+00	0.00e+00	0.00e+00	0.00e+00	8.31e-01	5.36e-08	6.04e-08
 8.82455e+22	8.38e-01	1.62e-01	1.27e-04	3.47e-07	0.00e+00	0.00e+00	0.00e+00	0.00e+00	0.00e+00	8.38e-01	5.32e-08	5.97e-08
 8.83176e+22	8.45e-01	1.55e-01	1.16e-04	3.26e-07	0.00e+00	0.00e+00	0.00e+00	0.00e+00	0.00e+00	8.45e-01	5.27e-08	5.90e-08
 8.83913e+22	8.51e-01	1.49e-01	1.05e-04	3.06e-07	0.00e+00	0.00e+00	0.00e+00	0.00e+00	0.00e+00	8.51e-01	5.23e-08	5.83e-08
 8.84670e+22	8.57e-01	1.43e-01	9.53e-05	2.88e-07	0.00e+00	0.00e+00	0.00e+00	0.00e+00	0.00e+00	8.57e-01	5.18e-08	5.77e-08
 8.85452e+22	8.63e-01	1.37e-01	8.65e-05	2.70e-07	0.00e+00	0.00e+00	0.00e+00	0.00e+00	0.00e+00	8.63e-01	5.14e-08	5.70e-08
 8.86255e+22	8.69e-01	1.31e-01	7.86e-05	2.54e-07	0.00e+00	0.00e+00	0.00e+00	0.00e+00	0.00e+00	8.69e-01	5.10e-08	5.64e-08
 8.87060e+22	8.75e-01	1.25e-01	7.17e-05	2.39e-07	0.00e+00	0.00e+00	0.00e+00	0.00e+00	0.00e+00	8.75e-01	5.06e-08	5.57e-08
 8.87878e+22	8.80e-01	1.20e-01	6.54e-05	2.25e-07	0.00e+00	0.00e+00	0.00e+00	0.00e+00	0.00e+00	8.80e-01	5.02e-08	5.51e-08
 8.88728e+22	8.85e-01	1.15e-01	5.98e-05	2.11e-07	0.00e+00	0.00e+00	0.00e+00	0.00e+00	0.00e+00	8.85e-01	4.98e-08	5.44e-08
