#depth	Ar	Ar+	Ar+2	Ar+3	Ar+4	Ar+5	Ar+6	Ar+7	Ar+8	Ar+9	Ar+10	Ar+11	Ar+12	Ar+13	Ar+14	Ar+15	Ar+16	Ar+17	Ar+18
 4.62852e+21	0.00e+00	0.00e+00	0.00e+00	0.00e+00	0.00e+00	0.00e+00	0.00e+00	0.00e+00	0.00e+00	2.90e-24	8.95e-21	1.30e-17	1.29e-14	6.48e-12	2.02e-09	6.62e-07	3.80e-04	3.34e-02	9.66e-01
 1.05296e+22	0.00e+00	0.00e+00	0.00e+00	0.00e+00	0.00e+00	0.00e+00	0.00e+00	0.00e+00	1.60e-26	7.07e-23	1.51e-19	1.54e-16	1.09e-13	3.82e-11	8.32e-09	1.91e-06	7.68e-04	4.71e-02	9.52e-01
 1.26569e+22	0.00e+00	0.00e+00	0.00e+00	0.00e+00	0.00e+00	0.00e+00	0.00e+00	1.54e-29	1.75e-25	6.04e-22	1.01e-18	8.06e-16	4.47e-13	1.23e-10	2.12e-08	3.85e-06	1.22e-03	5.91e-02	9.40e-01
 1.41953e+22	0.00e+00	0.00e+00	0.00e+00	0.00e+00	0.00e+00	0.00e+00	0.00e+00	1.27e-28	1.17e-24	3.32e-21	4.57e-18	3.01e-15	1.37e-12	3.13e-10	4.46e-08	6.71e-06	1.76e-03	7.05e-02	9.28e-01
 1.50500e+22	0.00e+00	0.00e+00	0.00e+00	0.00e+00	0.00e+00	0.00e+00	0.00e+00	2.16e-28	1.90e-24	5.09e-21	6.67e-18	4.18e-15	1.82e-12	3.95e-10	5.37e-08	7.71e-06	1.93e-03	7.37e-02	9.24e-01
 1.54431e+22	0.00e+00	0.00e+00	0.00e+00	0.00e+00	0.00e+00	0.00e+00	0.00e+00	4.27e-28	3.52e-24	8.87e-21	1.09e-17	6.41e-15	2.62e-12	5.35e-10	6.84e-08	9.23e-06	2.17e-03	7.80e-02	9.20e-01
 1.58619e+22	0.00e+00	0.00e+00	0.00e+00	0.00e+00	0.00e+00	0.00e+00	0.00e+00	7.66e-28	5.96e-24	1.42e-20	1.65e-17	9.21e-15	3.56e-12	6.90e-10	8.38e-08	1.07e-05	2.40e-03	8.18e-02	9.16e-01
 1.63139e+22	0.00e+00	0.00e+00	0.00e+00	0.00e+00	0.00e+00	0.00e+00	4.42e-31	1.68e-27	1.21e-23	2.67e-20	2.89e-17	1.50e-14	5.39e-12	9.73e-10	1.10e-07	1.32e-05	2.75e-03	8.72e-02	9.10e-01
 1.67700e+22	0.00e+00	0.00e+00	0.00e+00	0.00e+00	0.00e+00	0.00e+00	8.54e-31	3.08e-27	2.09e-23	4.36e-20	4.46e-17	2.18e-14	7.42e-12	1.27e-09	1.36e-07	1.54e-05	3.05e-03	9.16e-02	9.05e-01
 1.72314e+22	0.00e+00	0.00e+00	0.00e+00	0.00e+00	0.00e+00	0.00e+00	2.00e-30	6.75e-27	4.25e-23	8.21e-20	7.79e-17	3.55e-14	1.12e-11	1.79e-09	1.79e-07	1.89e-05	3.48e-03	9.76e-02	8.99e-01
 1.76592e+22	0.00e+00	0.00e+00	0.00e+00	0.00e+00	0.00e+00	0.00e+00	3.64e-30	1.17e-26	6.97e-23	1.28e-19	1.15e-16	5.00e-14	1.50e-11	2.27e-09	2.17e-07	2.18e-05	3.82e-03	1.02e-01	8.94e-01
 1.79862e+22	0.00e+00	0.00e+00	0.00e+00	0.00e+00	0.00e+00	0.00e+00	6.27e-30	1.93e-26	1.10e-22	1.92e-19	1.65e-16	6.82e-14	1.96e-11	2.83e-09	2.58e-07	2.48e-05	4.17e-03	1.06e-01	8.90e-01
 1.83540e+22	0.00e+00	0.00e+00	0.00e+00	0.00e+00	0.00e+00	0.00e+00	1.20e-29	3.50e-26	1.88e-22	3.10e-19	2.52e-16	9.85e-14	2.67e-11	3.66e-09	3.17e-07	2.89e-05	4.60e-03	1.11e-01	8.84e-01
 1.87423e+22	0.00e+00	0.00e+00	0.00e+00	0.00e+00	0.00e+00	0.00e+00	2.20e-29	6.11e-26	3.11e-22	4.87e-19	3.75e-16	1.39e-13	3.59e-11	4.68e-09	3.85e-07	3.34e-05	5.06e-03	1.16e-01	8.79e-01
 1.90907e+22	0.00e+00	0.00e+00	0.00e+00	0.00e+00	0.00e+00	0.00e+00	3.88e-29	1.03e-25	4.98e-22	7.42e-19	5.44e-16	1.93e-13	4.73e-11	5.87e-09	4.61e-07	3.83e-05	5.53e-03	1.21e-01	8.73e-01
 1.94769e+22	0.00e+00	0.00e+00	0.00e+00	0.00e+00	0.00e+00	0.00e+00	7.65e-29	1.93e-25	8.75e-22	1.23e-18	8.49e-16	2.83e-13	6.55e-11	7.69e-09	5.72e-07	4.49e-05	6.13e-03	1.27e-01	8.67e-01
 1.98804e+22	0.00e+00	0.00e+00	0.00e+00	0.00e+00	0.00e+00	0.00e+00	1.45e-28	3.46e-25	1.49e-21	1.97e-18	1.29e-15	4.08e-13	8.94e-11	9.95e-09	7.02e-07	5.23e-05	6.77e-03	1.33e-01	8.60e-01
 2.02265e+22	0.00e+00	0.00e+00	0.00e+00	0.00e+00	0.00e+00	0.00e+00	2.53e-28	5.79e-25	2.36e-21	2.98e-18	1.86e-15	5.60e-13	1.17e-10	1.24e-08	8.37e-07	5.96e-05	7.37e-03	1.38e-01	8.54e-01
 2.05963e+22	0.00e+00	0.00e+00	0.00e+00	0.00e+00	0.00e+00	1.52e-31	4.85e-28	1.06e-24	4.06e-21	4.83e-18	2.84e-15	8.10e-13	1.60e-10	1.61e-08	1.03e-06	6.94e-05	8.14e-03	1.45e-01	8.47e-01
 2.09586e+22	0.00e+00	0.00e+00	0.00e+00	0.00e+00	0.00e+00	2.73e-31	8.36e-28	1.74e-24	6.38e-21	7.25e-18	4.07e-15	1.11e-12	2.09e-10	2.00e-08	1.22e-06	7.89e-05	8.85e-03	1.51e-01	8.41e-01
 2.12485e+22	0.00e+00	0.00e+00	0.00e+00	0.00e+00	0.00e+00	4.51e-31	1.33e-27	2.67e-24	9.40e-21	1.02e-17	5.52e-15	1.44e-12	2.61e-10	2.41e-08	1.42e-06	8.80e-05	9.50e-03	1.55e-01	8.35e-01
 2.15627e+22	0.00e+00	0.00e+00	0.00e+00	0.00e+00	0.00e+00	8.10e-31	2.30e-27	4.41e-24	1.48e-20	1.53e-17	7.86e-15	1.96e-12	3.39e-10	2.99e-08	1.68e-06	9.99e-05	1.03e-02	1.61e-01	8.28e-01
 2.19046e+22	0.00e+00	0.00e+00	0.00e+00	0.00e+00	0.00e+00	1.44e-30	3.92e-27	7.22e-24	2.30e-20	2.28e-17	1.12e-14	2.65e-12	4.38e-10	3.69e-08	1.99e-06	1.13e-04	1.12e-02	1.67e-01	8.21e-01
 2.22239e+22	0.00e+00	0.00e+00	0.00e+00	0.00e+00	0.00e+00	2.54e-30	6.61e-27	1.17e-23	3.55e-20	3.35e-17	1.57e-14	3.57e-12	5.64e-10	4.55e-08	2.35e-06	1.28e-04	1.21e-02	1.73e-01	8.15e-01
 2.25231e+22	0.00e+00	0.00e+00	0.00e+00	0.00e+00	0.00e+00	4.26e-30	1.07e-26	1.82e-23	5.30e-20	4.79e-17	2.15e-14	4.69e-12	7.10e-10	5.50e-08	2.73e-06	1.43e-04	1.30e-02	1.79e-01	8.08e-01
 2.28547e+22	0.00e+00	0.00e+00	0.00e+00	0.00e+00	0.00e+00	7.88e-30	1.89e-26	3.08e-23	8.51e-20	7.30e-17	3.12e-14	6.47e-12	9.32e-10	6.89e-08	3.26e-06	1.63e-04	1.41e-02	1.86e-01	8.00e-01
 2.32055e+22	0.00e+00	0.00e+00	0.00e+00	0.00e+00	0.00e+00	1.43e-29	3.28e-26	5.11e-23	1.35e-19	1.10e-16	4.47e-14	8.86e-12	1.22e-09	8.58e-08	3.88e-06	1.85e-04	1.54e-02	1.93e-01	7.92e-01
 2.35153e+22	0.00e+00	0.00e+00	0.00e+00	0.00e+00	0.00e+00	2.44e-29	5.40e-26	8.08e-23	2.03e-19	1.59e-16	6.19e-14	1.17e-11	1.54e-09	1.04e-07	4.53e-06	2.08e-04	1.65e-02	1.99e-01	7.84e-01
 2.38050e+22	0.00e+00	0.00e+00	0.00e+00	0.00e+00	0.00e+00	4.08e-29	8.70e-26	1.25e-22	3.02e-19	2.26e-16	8.45e-14	1.54e-11	1.94e-09	1.26e-07	5.26e-06	2.32e-04	1.77e-02	2.05e-01	7.77e-01
 2.40767e+22	0.00e+00	0.00e+00	0.00e+00	0.00e+00	0.00e+00	2.96e-29	6.10e-26	8.50e-23	4.27e-19	3.09e-16	1.11e-13	1.95e-11	2.37e-09	1.49e-07	5.99e-06	2.55e-04	1.88e-02	2.10e-01	7.70e-01
 2.43725e+22	0.00e+00	0.00e+00	0.00e+00	0.00e+00	0.00e+00	1.11e-28	2.20e-25	2.94e-22	6.51e-19	4.49e-16	1.54e-13	2.59e-11	3.02e-09	1.81e-07	7.01e-06	2.86e-04	2.03e-02	2.17e-01	7.62e-01
 2.46837e+22	0.00e+00	0.00e+00	0.00e+00	0.00e+00	0.00e+00	8.60e-29	1.64e-25	2.12e-22	9.73e-19	6.43e-16	2.12e-13	3.41e-11	3.81e-09	2.19e-07	8.15e-06	3.20e-04	2.18e-02	2.24e-01	7.54e-01
 2.49578e+22	0.00e+00	0.00e+00	0.00e+00	0.00e+00	0.00e+00	1.38e-28	2.55e-25	3.17e-22	1.40e-18	8.88e-16	2.82e-13	4.37e-11	4.69e-09	2.61e-07	9.33e-06	3.53e-04	2.32e-02	2.30e-01	7.47e-01
 2.52572e+22	0.00e+00	0.00e+00	0.00e+00	0.00e+00	8.14e-32	2.41e-28	4.28e-25	5.11e-22	2.15e-18	1.30e-15	3.94e-13	5.84e-11	6.00e-09	3.19e-07	1.09e-05	3.97e-04	2.50e-02	2.37e-01	7.38e-01
 2.55656e+22	0.00e+00	0.00e+00	0.00e+00	0.00e+00	1.41e-31	4.02e-28	6.87e-25	7.90e-22	3.19e-18	1.85e-15	5.38e-13	7.65e-11	7.54e-09	3.85e-07	1.27e-05	4.42e-04	2.68e-02	2.44e-01	7.29e-01
 2.58297e+22	0.00e+00	0.00e+00	0.00e+00	0.00e+00	2.29e-31	6.33e-28	1.05e-24	1.16e-21	4.52e-18	2.53e-15	7.07e-13	9.70e-11	9.21e-09	4.54e-07	1.44e-05	4.87e-04	2.84e-02	2.50e-01	7.21e-01
 2.61170e+22	0.00e+00	0.00e+00	0.00e+00	0.00e+00	4.05e-31	1.08e-27	1.72e-24	1.84e-21	6.82e-18	3.64e-15	9.75e-13	1.28e-10	1.16e-08	5.50e-07	1.68e-05	5.43e-04	3.05e-02	2.57e-01	7.12e-01
 2.64239e+22	0.00e+00	0.00e+00	0.00e+00	0.00e+00	7.02e-31	1.80e-27	2.76e-24	2.84e-21	1.01e-17	5.18e-15	1.33e-12	1.67e-10	1.46e-08	6.62e-07	1.95e-05	6.05e-04	3.26e-02	2.64e-01	7.03e-01
 2.66832e+22	0.00e+00	0.00e+00	0.00e+00	0.00e+00	1.12e-30	2.78e-27	4.12e-24	4.11e-21	1.41e-17	6.97e-15	1.73e-12	2.10e-10	1.77e-08	7.76e-07	2.20e-05	6.62e-04	3.45e-02	2.70e-01	6.94e-01
 2.69085e+22	0.00e+00	0.00e+00	0.00e+00	0.00e+00	1.70e-30	4.10e-27	5.92e-24	5.74e-21	1.90e-17	9.10e-15	2.18e-12	2.57e-10	2.10e-08	8.92e-07	2.46e-05	7.17e-04	3.63e-02	2.76e-01	6.87e-01
 2.71624e+22	0.00e+00	0.00e+00	0.00e+00	0.00e+00	2.76e-30	6.46e-27	9.04e-24	8.49e-21	2.71e-17	1.24e-14	2.87e-12	3.26e-10	2.56e-08	1.05e-06	2.80e-05	7.87e-04	3.85e-02	2.82e-01	6.79e-01
 2.74417e+22	0.00e+00	0.00e+00	0.00e+00	0.00e+00	4.58e-30	1.03e-26	1.40e-23	1.27e-20	3.88e-17	1.72e-14	3.82e-12	4.17e-10	3.16e-08	1.25e-06	3.20e-05	8.68e-04	4.09e-02	2.89e-01	6.69e-01
 2.77005e+22	0.00e+00	0.00e+00	0.00e+00	0.00e+00	7.33e-30	1.60e-26	2.10e-23	1.84e-20	5.45e-17	2.32e-14	4.98e-12	5.25e-10	3.83e-08	1.46e-06	3.62e-05	9.50e-04	4.32e-02	2.95e-01	6.61e-01
 2.79462e+22	0.00e+00	0.00e+00	0.00e+00	0.00e+00	1.16e-29	2.47e-26	3.14e-23	2.67e-20	7.59e-17	3.12e-14	6.46e-12	6.57e-10	4.63e-08	1.71e-06	4.09e-05	1.04e-03	4.56e-02	3.01e-01	6.52e-01
 2.82282e+22	0.00e+00	0.00e+00	0.00e+00	0.00e+00	2.06e-29	4.22e-26	5.15e-23	4.21e-20	1.15e-16	4.51e-14	8.91e-12	8.68e-10	5.86e-08	2.07e-06	4.75e-05	1.16e-03	4.88e-02	3.09e-01	6.41e-01
 2.85096e+22	0.00e+00	0.00e+00	0.00e+00	0.00e+00	3.31e-29	6.56e-26	7.76e-23	6.13e-20	1.61e-16	6.10e-14	1.16e-11	1.09e-09	7.12e-08	2.42e-06	5.38e-05	1.27e-03	5.16e-02	3.15e-01	6.32e-01
 2.87474e+22	0.00e+00	0.00e+00	0.00e+00	0.00e+00	2.75e-29	5.29e-26	6.07e-23	8.70e-20	2.21e-16	8.08e-14	1.49e-11	1.35e-09	8.52e-08	2.81e-06	6.04e-05	1.37e-03	5.43e-02	3.21e-01	6.23e-01
 2.90138e+22	0.00e+00	0.00e+00	0.00e+00	0.00e+00	4.64e-29	8.61e-26	9.55e-23	1.32e-19	3.21e-16	1.13e-13	1.99e-11	1.74e-09	1.05e-07	3.34e-06	6.91e-05	1.52e-03	5.77e-02	3.28e-01	6.12e-01
 2.92968e+22	0.00e+00	0.00e+00	0.00e+00	0.00e+00	7.63e-29	1.37e-25	1.47e-22	1.96e-19	4.58e-16	1.55e-13	2.64e-11	2.22e-09	1.29e-07	3.94e-06	7.87e-05	1.66e-03	6.10e-02	3.35e-01	6.02e-01
 2.95524e+22	0.00e+00	0.00e+00	0.00e+00	2.87e-32	1.22e-28	2.12e-25	2.20e-22	2.84e-19	6.41e-16	2.09e-13	3.43e-11	2.78e-09	1.56e-07	4.61e-06	8.90e-05	1.82e-03	6.44e-02	3.41e-01	5.92e-01
 2.97859e+22	0.00e+00	0.00e+00	0.00e+00	4.51e-32	1.87e-28	3.15e-25	3.18e-22	3.98e-19	8.69e-16	2.74e-13	4.36e-11	3.42e-09	1.86e-07	5.31e-06	9.93e-05	1.97e-03	6.76e-02	3.47e-01	5.83e-01
 3.00399e+22	0.00e+00	0.00e+00	0.00e+00	7.59e-32	3.04e-28	4.98e-25	4.87e-22	5.89e-19	1.24e-15	3.75e-13	5.73e-11	4.33e-09	2.27e-07	6.24e-06	1.13e-04	2.15e-03	7.13e-02	3.53e-01	5.73e-01
 3.03110e+22	0.00e+00	0.00e+00	0.00e+00	1.27e-31	4.92e-28	7.80e-25	7.38e-22	8.62e-19	1.74e-15	5.09e-13	7.51e-11	5.47e-09	2.76e-07	7.33e-06	1.28e-04	2.35e-03	7.53e-02	3.60e-01	5.63e-01
 3.05547e+22	0.00e+00	0.00e+00	0.00e+00	2.03e-31	7.65e-28	1.18e-24	1.08e-21	1.22e-18	2.39e-15	6.75e-13	9.62e-11	6.78e-09	3.31e-07	8.48e-06	1.43e-04	2.55e-03	7.90e-02	3.65e-01	5.53e-01
 3.08215e+22	0.00e+00	0.00e+00	0.00e+00	3.54e-31	1.29e-27	1.92e-24	1.70e-21	1.86e-18	3.48e-15	9.42e-13	1.29e-10	8.72e-09	4.09e-07	1.01e-05	1.63e-04	2.81e-03	8.37e-02	3.72e-01	5.41e-01
 3.11032e+22	0.00e+00	0.00e+00	0.00e+00	6.03e-31	2.13e-27	3.05e-24	2.62e-21	2.75e-18	4.97e-15	1.30e-12	1.70e-10	1.11e-08	5.01e-07	1.19e-05	1.86e-04	3.07e-03	8.83e-02	3.78e-01	5.30e-01
 3.13463e+22	0.00e+00	0.00e+00	0.00e+00	9.63e-31	3.30e-27	4.60e-24	3.82e-21	3.90e-18	6.80e-15	1.71e-12	2.18e-10	1.37e-08	5.99e-07	1.38e-05	2.08e-04	3.33e-03	9.26e-02	3.84e-01	5.20e-01
 3.15667e+22	0.00e+00	0.00e+00	0.00e+00	1.48e-30	4.94e-27	6.71e-24	5.43e-21	5.37e-18	9.09e-15	2.22e-12	2.74e-10	1.67e-08	7.06e-07	1.57e-05	2.31e-04	3.58e-03	9.67e-02	3.88e-01	5.11e-01
 3.18155e+22	0.00e+00	0.00e+00	0.00e+00	2.48e-30	8.02e-27	1.05e-23	8.26e-21	7.91e-18	1.29e-14	3.02e-12	3.59e-10	2.11e-08	8.58e-07	1.84e-05	2.61e-04	3.91e-03	1.02e-01	3.94e-01	5.00e-01
 3.20822e+22	0.00e+00	0.00e+00	0.00e+00	4.09e-30	1.28e-26	1.63e-23	1.23e-20	1.14e-17	1.80e-14	4.07e-12	4.66e-10	2.64e-08	1.04e-06	2.15e-05	2.94e-04	4.25e-03	1.07e-01	4.00e-01	4.89e-01
 3.23265e+22	0.00e+00	0.00e+00	0.00e+00	6.51e-30	1.98e-26	2.45e-23	1.80e-20	1.62e-17	2.46e-14	5.37e-12	5.95e-10	3.26e-08	1.24e-06	2.48e-05	3.28e-04	4.59e-03	1.12e-01	4.04e-01	4.79e-01
 3.25983e+22	0.00e+00	0.00e+00	0.00e+00	1.15e-29	3.39e-26	4.04e-23	2.87e-20	2.47e-17	3.60e-14	7.57e-12	8.04e-10	4.23e-08	1.54e-06	2.96e-05	3.76e-04	5.05e-03	1.18e-01	4.10e-01	4.66e-01
 3.28801e+22	0.00e+00	0.00e+00	0.00e+00	1.99e-29	5.64e-26	6.48e-23	4.44e-20	3.68e-17	5.18e-14	1.05e-11	1.07e-09	5.41e-08	1.89e-06	3.50e-05	4.28e-04	5.53e-03	1.24e-01	4.15e-01	4.54e-01
 3.31118e+22	0.00e+00	0.00e+00	0.00e+00	3.06e-29	8.45e-26	9.45e-23	6.29e-20	5.06e-17	6.91e-14	1.35e-11	1.34e-09	6.57e-08	2.23e-06	4.00e-05	4.74e-04	5.94e-03	1.30e-01	4.19e-01	4.44e-01
 3.33497e+22	0.00e+00	0.00e+00	0.00e+00	5.08e-29	1.36e-25	1.47e-22	9.46e-20	7.36e-17	9.69e-14	1.83e-11	1.75e-09	8.26e-08	2.70e-06	4.68e-05	5.34e-04	6.45e-03	1.36e-01	4.24e-01	4.33e-01
 3.36055e+22	0.00e+00	0.00e+00	2.09e-32	8.17e-29	2.12e-25	2.22e-22	1.39e-19	1.04e-16	1.33e-13	2.43e-11	2.24e-09	1.02e-07	3.24e-06	5.41e-05	5.97e-04	6.97e-03	1.42e-01	4.28e-01	4.22e-01
 3.38458e+22	0.00e+00	0.00e+00	3.43e-32	1.30e-28	3.28e-25	3.34e-22	2.02e-19	1.47e-16	1.82e-13	3.21e-11	2.86e-09	1.26e-07	3.87e-06	6.25e-05	6.66e-04	7.52e-03	1.48e-01	4.32e-01	4.12e-01
 3.41194e+22	0.00e+00	0.00e+00	6.47e-32	2.38e-28	5.76e-25	5.64e-22	3.28e-19	2.29e-16	2.71e-13	4.58e-11	3.92e-09	1.66e-07	4.86e-06	7.52e-05	7.66e-04	8.29e-03	1.56e-01	4.36e-01	3.98e-01
 3.43938e+22	0.00e+00	0.00e+00	1.09e-31	3.88e-28	9.11e-25	8.64e-22	4.86e-19	3.27e-16	3.75e-13	6.13e-11	5.06e-09	2.07e-07	5.85e-06	8.73e-05	8.59e-04	8.97e-03	1.63e-01	4.40e-01	3.87e-01
 3.46201e+22	0.00e+00	0.00e+00	1.75e-31	6.09e-28	1.39e-24	1.28e-21	6.95e-19	4.53e-16	5.04e-13	7.99e-11	6.40e-09	2.53e-07	6.94e-06	1.00e-04	9.54e-04	9.64e-03	1.70e-01	4.42e-01	3.77e-01
 3.48322e+22	0.00e+00	0.00e+00	2.72e-31	9.25e-28	2.05e-24	1.84e-21	9.73e-19	6.16e-16	6.66e-13	1.02e-10	7.96e-09	3.06e-07	8.13e-06	1.14e-04	1.05e-03	1.03e-02	1.76e-01	4.45e-01	3.67e-01
 3.50747e+22	0.00e+00	0.00e+00	4.63e-31	1.53e-27	3.29e-24	2.84e-21	1.46e-18	8.88e-16	9.29e-13	1.38e-10	1.03e-08	3.84e-07	9.84e-06	1.33e-04	1.18e-03	1.12e-02	1.84e-01	4.47e-01	3.56e-01
 3.53352e+22	0.00e+00	0.00e+00	7.87e-31	2.53e-27	5.25e-24	4.39e-21	2.17e-18	1.28e-15	1.29e-12	1.86e-10	1.34e-08	4.80e-07	1.19e-05	1.55e-04	1.33e-03	1.21e-02	1.92e-01	4.50e-01	3.45e-01
 3.55718e+22	0.00e+00	0.00e+00	1.30e-30	4.06e-27	8.16e-24	6.60e-21	3.16e-18	1.79e-15	1.76e-12	2.45e-10	1.72e-08	5.94e-07	1.42e-05	1.79e-04	1.48e-03	1.30e-02	2.00e-01	4.51e-01	3.34e-01
 3.57970e+22	0.00e+00	0.00e+00	2.11e-30	6.42e-27	1.25e-23	9.82e-21	4.55e-18	2.50e-15	2.38e-12	3.21e-10	2.18e-08	7.30e-07	1.69e-05	2.06e-04	1.64e-03	1.39e-02	2.07e-01	4.53e-01	3.24e-01
 3.60154e+22	0.00e+00	0.00e+00	3.36e-30	9.96e-27	1.89e-23	1.43e-20	6.43e-18	3.42e-15	3.18e-12	4.16e-10	2.74e-08	8.89e-07	2.00e-05	2.35e-04	1.82e-03	1.49e-02	2.15e-01	4.54e-01	3.14e-01
 3.62274e+22	0.00e+00	0.00e+00	5.28e-30	1.53e-26	2.81e-23	2.07e-20	9.01e-18	4.63e-15	4.20e-12	5.34e-10	3.42e-08	1.08e-06	2.35e-05	2.68e-04	2.00e-03	1.59e-02	2.22e-01	4.55e-01	3.05e-01
 3.64700e+22	0.00e+00	0.00e+00	9.48e-30	2.65e-26	4.69e-23	3.32e-20	1.39e-17	6.84e-15	6.00e-12	7.37e-10	4.54e-08	1.38e-06	2.89e-05	3.17e-04	2.27e-03	1.73e-02	2.32e-01	4.55e-01	2.93e-01
 3.67155e+22	0.00e+00	0.00e+00	1.53e-29	4.16e-26	7.15e-23	4.90e-20	1.99e-17	9.45e-15	8.06e-12	9.61e-10	5.74e-08	1.69e-06	3.43e-05	3.64e-04	2.52e-03	1.85e-02	2.40e-01	4.55e-01	2.83e-01
 3.69647e+22	0.00e+00	0.00e+00	2.79e-29	7.33e-26	1.21e-22	7.97e-20	3.10e-17	1.41e-14	1.16e-11	1.34e-09	7.69e-08	2.17e-06	4.24e-05	4.32e-04	2.86e-03	2.02e-02	2.51e-01	4.55e-01	2.71e-01
 3.72164e+22	0.00e+00	0.00e+00	4.66e-29	1.19e-25	1.90e-22	1.21e-19	4.51e-17	1.98e-14	1.59e-11	1.77e-09	9.87e-08	2.69e-06	5.10e-05	5.00e-04	3.19e-03	2.17e-02	2.60e-01	4.54e-01	2.61e-01
 3.74234e+22	0.00e+00	0.00e+00	7.30e-29	1.82e-25	2.81e-22	1.73e-19	6.27e-17	2.66e-14	2.08e-11	2.26e-09	1.23e-07	3.25e-06	5.98e-05	5.69e-04	3.51e-03	2.31e-02	2.68e-01	4.53e-01	2.52e-01
 3.76446e+22	0.00e+00	0.00e+00	1.23e-28	2.96e-25	4.43e-22	2.63e-19	9.18e-17	3.74e-14	2.86e-11	3.01e-09	1.58e-07	4.04e-06	7.18e-05	6.59e-04	3.91e-03	2.48e-02	2.77e-01	4.52e-01	2.42e-01
 3.78788e+22	0.00e+00	0.00e+00	2.02e-28	4.74e-25	6.85e-22	3.92e-19	1.32e-16	5.18e-14	3.86e-11	3.95e-09	2.01e-07	4.99e-06	8.57e-05	7.60e-04	4.34e-03	2.65e-02	2.86e-01	4.50e-01	2.32e-01
 3.80881e+22	0.00e+00	0.00e+00	3.20e-28	7.30e-25	1.02e-21	5.66e-19	1.84e-16	6.98e-14	5.08e-11	5.07e-09	2.51e-07	6.04e-06	1.01e-04	8.65e-04	4.78e-03	2.82e-02	2.95e-01	4.48e-01	2.24e-01
 3.83182e+22	0.00e+00	0.00e+00	5.75e-28	1.27e-24	1.70e-21	9.02e-19	2.81e-16	1.02e-13	7.20e-11	6.95e-09	3.32e-07	7.70e-06	1.24e-04	1.02e-03	5.39e-03	3.04e-02	3.05e-01	4.45e-01	2.13e-01
 3.85505e+22	0.00e+00	0.00e+00	9.18e-28	1.96e-24	2.55e-21	1.31e-18	3.94e-16	1.38e-13	9.52e-11	8.96e-09	4.16e-07	9.36e-06	1.46e-04	1.16e-03	5.94e-03	3.24e-02	3.14e-01	4.42e-01	2.04e-01
 3.87501e+22	0.00e+00	0.00e+00	1.45e-27	3.01e-24	3.79e-21	1.88e-18	5.46e-16	1.84e-13	1.25e-10	1.14e-08	5.18e-07	1.13e-05	1.71e-04	1.32e-03	6.52e-03	3.43e-02	3.23e-01	4.39e-01	1.96e-01
 3.89423e+22	0.00e+00	0.00e+00	2.21e-27	4.48e-24	5.48e-21	2.64e-18	7.42e-16	2.42e-13	1.60e-10	1.44e-08	6.34e-07	1.35e-05	1.99e-04	1.49e-03	7.11e-03	3.63e-02	3.30e-01	4.36e-01	1.89e-01
 3.91605e+22	0.00e+00	8.43e-33	3.81e-27	7.48e-24	8.79e-21	4.06e-18	1.10e-15	3.42e-13	2.21e-10	1.93e-08	8.23e-07	1.69e-05	2.41e-04	1.74e-03	7.94e-03	3.89e-02	3.41e-01	4.31e-01	1.79e-01
 3.93839e+22	0.00e+00	1.40e-32	6.16e-27	1.17e-23	1.33e-20	5.93e-18	1.54e-15	4.62e-13	2.93e-10	2.49e-08	1.03e-06	2.06e-05	2.85e-04	1.98e-03	8.74e-03	4.13e-02	3.49e-01	4.27e-01	1.71e-01
 3.95786e+22	0.00e+00	2.25e-32	9.66e-27	1.79e-23	1.96e-20	8.44e-18	2.12e-15	6.13e-13	3.82e-10	3.17e-08	1.28e-06	2.48e-05	3.33e-04	2.25e-03	9.57e-03	4.36e-02	3.58e-01	4.22e-01	1.64e-01
 3.97963e+22	0.00e+00	4.10e-32	1.70e-26	3.04e-23	3.20e-20	1.32e-17	3.16e-15	8.72e-13	5.31e-10	4.28e-08	1.68e-06	3.13e-05	4.06e-04	2.63e-03	1.07e-02	4.68e-02	3.68e-01	4.17e-01	1.55e-01
 4.00112e+22	0.00e+00	6.49e-32	2.63e-26	4.56e-23	4.66e-20	1.86e-17	4.30e-15	1.15e-12	6.85e-10	5.40e-08	2.06e-06	3.74e-05	4.71e-04	2.96e-03	1.17e-02	4.93e-02	3.76e-01	4.12e-01	1.48e-01
 4.02227e+22	0.00e+00	1.16e-31	4.56e-26	7.64e-23	7.48e-20	2.85e-17	6.32e-15	1.61e-12	9.42e-10	7.23e-08	2.67e-06	4.69e-05	5.70e-04	3.45e-03	1.30e-02	5.26e-02	3.85e-01	4.05e-01	1.40e-01
 4.04378e+22	0.00e+00	1.88e-31	7.18e-26	1.17e-22	1.11e-19	4.08e-17	8.73e-15	2.14e-12	1.23e-09	9.21e-08	3.32e-06	5.64e-05	6.67e-04	3.90e-03	1.42e-02	5.54e-02	3.93e-01	3.99e-01	1.33e-01
 4.06258e+22	0.00e+00	3.00e-31	1.12e-25	1.77e-22	1.62e-19	5.76e-17	1.19e-14	2.81e-12	1.59e-09	1.16e-07	4.09e-06	6.76e-05	7.77e-04	4.40e-03	1.55e-02	5.83e-02	4.01e-01	3.93e-01	1.27e-01
 4.08384e+22	0.00e+00	5.34e-31	1.93e-25	2.95e-22	2.60e-19	8.83e-17	1.74e-14	3.93e-12	2.18e-09	1.55e-07	5.29e-06	8.44e-05	9.37e-04	5.10e-03	1.72e-02	6.20e-02	4.09e-01	3.86e-01	1.20e-01
 4.10550e+22	0.00e+00	8.74e-31	3.08e-25	4.56e-22	3.87e-19	1.27e-16	2.41e-14	5.22e-12	2.84e-09	1.98e-07	6.58e-06	1.02e-04	1.10e-03	5.78e-03	1.87e-02	6.53e-02	4.17e-01	3.79e-01	1.13e-01
 4.12449e+22	0.00e+00	1.41e-30	4.84e-25	6.95e-22	5.70e-19	1.80e-16	3.29e-14	6.85e-12	3.68e-09	2.51e-07	8.13e-06	1.22e-04	1.28e-03	6.52e-03	2.04e-02	6.86e-02	4.24e-01	3.72e-01	1.08e-01
 4.14594e+22	0.00e+00	2.52e-30	8.39e-25	1.16e-21	9.15e-19	2.76e-16	4.82e-14	9.59e-12	5.05e-09	3.36e-07	1.05e-05	1.53e-04	1.54e-03	7.55e-03	2.26e-02	7.27e-02	4.32e-01	3.63e-01	1.01e-01
 4.16759e+22	0.00e+00	4.14e-30	1.34e-24	1.81e-21	1.37e-18	3.98e-16	6.66e-14	1.27e-11	6.59e-09	4.30e-07	1.31e-05	1.85e-04	1.81e-03	8.56e-03	2.46e-02	7.64e-02	4.38e-01	3.55e-01	9.51e-02
 4.18618e+22	0.00e+00	6.58e-30	2.09e-24	2.72e-21	1.99e-18	5.58e-16	9.00e-14	1.65e-11	8.46e-09	5.40e-07	1.61e-05	2.20e-04	2.10e-03	9.60e-03	2.67e-02	7.98e-02	4.44e-01	3.48e-01	9.00e-02
 4.20705e+22	0.00e+00	1.17e-29	3.59e-24	4.52e-21	3.17e-18	8.50e-16	1.31e-13	2.29e-11	1.15e-08	7.17e-07	2.07e-05	2.74e-04	2.52e-03	1.11e-02	2.94e-02	8.43e-02	4.50e-01	3.38e-01	8.40e-02
 4.22878e+22	0.00e+00	1.97e-29	5.89e-24	7.16e-21	4.83e-18	1.24e-15	1.83e-13	3.06e-11	1.52e-08	9.26e-07	2.61e-05	3.34e-04	2.97e-03	1.26e-02	3.21e-02	8.84e-02	4.55e-01	3.29e-01	7.87e-02
 4.24827e+22	0.00e+00	3.16e-29	9.23e-24	1.09e-20	7.09e-18	1.76e-15	2.49e-13	4.01e-11	1.96e-08	1.17e-06	3.21e-05	3.99e-04	3.45e-03	1.41e-02	3.48e-02	9.22e-02	4.60e-01	3.21e-01	7.41e-02
 4.26688e+22	0.00e+00	5.09e-29	1.45e-23	1.65e-20	1.04e-17	2.47e-15	3.36e-13	5.19e-11	2.52e-08	1.47e-06	3.95e-05	4.76e-04	4.01e-03	1.58e-02	3.76e-02	9.61e-02	4.64e-01	3.13e-01	6.96e-02
 4.28456e+22	0.00e+00	7.85e-29	2.19e-23	2.42e-20	1.47e-17	3.39e-15	4.44e-13	6.61e-11	3.17e-08	1.82e-06	4.77e-05	5.60e-04	4.58e-03	1.76e-02	4.03e-02	9.96e-02	4.67e-01	3.05e-01	6.57e-02
 4.30436e+22	0.00e+00	1.40e-28	3.78e-23	4.03e-20	2.34e-17	5.12e-15	6.39e-13	9.04e-11	4.28e-08	2.41e-06	6.12e-05	6.94e-04	5.48e-03	2.02e-02	4.42e-02	1.04e-01	4.70e-01	2.94e-01	6.08e-02
 4.32428e+22	0.00e+00	2.22e-28	5.87e-23	6.06e-20	3.39e-17	7.14e-15	8.55e-13	1.16e-10	5.46e-08	3.02e-06	7.48e-05	8.24e-04	6.33e-03	2.25e-02	4.76e-02	1.08e-01	4.72e-01	2.85e-01	5.69e-02
 4.34042e+22	0.00e+00	3.28e-28	8.49e-23	8.54e-20	4.63e-17	9.43e-15	1.09e-12	1.43e-10	6.68e-08	3.64e-06	8.85e-05	9.51e-04	7.13e-03	2.46e-02	5.05e-02	1.12e-01	4.74e-01	2.78e-01	5.39e-02
 4.35435e+22	0.00e+00	4.70e-28	1.20e-22	1.17e-19	6.17e-17	1.22e-14	1.36e-12	1.73e-10	8.04e-08	4.32e-06	1.03e-04	1.09e-03	7.96e-03	2.68e-02	5.34e-02	1.15e-01	4.74e-01	2.71e-01	5.11e-02
 4.36719e+22	0.00e+00	6.55e-28	1.64e-22	1.57e-19	8.05e-17	1.54e-14	1.68e-12	2.07e-10	9.55e-08	5.07e-06	1.19e-04	1.23e-03	8.80e-03	2.89e-02	5.61e-02	1.17e-01	4.75e-01	2.64e-01	4.86e-02
 4.38169e+22	0.00e+00	9.86e-28	2.42e-22	2.25e-19	1.12e-16	2.06e-14	2.16e-12	2.57e-10	1.18e-07	6.17e-06	1.42e-04	1.42e-03	9.96e-03	3.18e-02	5.96e-02	1.21e-01	4.75e-01	2.56e-01	4.57e-02
 4.39617e+22	0.00e+00	1.39e-27	3.36e-22	3.04e-19	1.47e-16	2.63e-14	2.67e-12	3.07e-10	1.41e-07	7.27e-06	1.64e-04	1.61e-03	1.10e-02	3.43e-02	6.27e-02	1.23e-01	4.74e-01	2.49e-01	4.33e-02
 4.40829e+22	0.00e+00	1.91e-27	4.53e-22	4.02e-19	1.89e-16	3.29e-14	3.24e-12	3.63e-10	1.65e-07	8.45e-06	1.88e-04	1.81e-03	1.21e-02	3.69e-02	6.56e-02	1.26e-01	4.74e-01	2.43e-01	4.12e-02
 4.42173e+22	0.00e+00	2.81e-27	6.55e-22	5.64e-19	2.57e-16	4.33e-14	4.11e-12	4.44e-10	2.01e-07	1.02e-05	2.22e-04	2.08e-03	1.36e-02	4.02e-02	6.93e-02	1.29e-01	4.72e-01	2.35e-01	3.88e-02
 4.43563e+22	0.00e+00	3.97e-27	9.09e-22	7.63e-19	3.37e-16	5.51e-14	5.07e-12	5.29e-10	2.39e-07	1.19e-05	2.56e-04	2.35e-03	1.51e-02	4.33e-02	7.27e-02	1.32e-01	4.70e-01	2.28e-01	3.66e-02
 4.44737e+22	0.00e+00	5.39e-27	1.22e-21	9.97e-19	4.29e-16	6.81e-14	6.08e-12	6.17e-10	2.79e-07	1.38e-05	2.91e-04	2.62e-03	1.65e-02	4.63e-02	7.58e-02	1.34e-01	4.68e-01	2.22e-01	3.48e-02
 4.45825e+22	0.00e+00	7.31e-27	1.62e-21	1.30e-18	5.45e-16	8.41e-14	7.29e-12	7.18e-10	3.25e-07	1.59e-05	3.31e-04	2.92e-03	1.80e-02	4.95e-02	7.89e-02	1.36e-01	4.66e-01	2.15e-01	3.30e-02
 4.47073e+22	0.00e+00	1.07e-26	2.33e-21	1.81e-18	7.33e-16	1.09e-13	9.12e-12	8.66e-10	3.91e-07	1.89e-05	3.87e-04	3.33e-03	2.01e-02	5.36e-02	8.30e-02	1.38e-01	4.63e-01	2.08e-01	3.09e-02
 4.48341e+22	3.32e-33	1.46e-26	3.13e-21	2.37e-18	9.35e-16	1.35e-13	1.10e-11	1.01e-09	4.56e-07	2.19e-05	4.40e-04	3.72e-03	2.20e-02	5.72e-02	8.63e-02	1.40e-01	4.59e-01	2.01e-01	2.93e-02
 4.49463e+22	4.59e-33	1.98e-26	4.18e-21	3.10e-18	1.19e-15	1.67e-13	1.31e-11	1.18e-09	5.31e-07	2.52e-05	4.99e-04	4.13e-03	2.39e-02	6.10e-02	8.97e-02	1.42e-01	4.56e-01	1.95e-01	2.77e-02
 4.50750e+22	6.93e-33	2.93e-26	6.08e-21	4.37e-18	1.62e-15	2.19e-13	1.65e-11	1.42e-09	6.43e-07	3.02e-05	5.86e-04	4.73e-03	2.67e-02	6.61e-02	9.41e-02	1.45e-01	4.51e-01	1.87e-01	2.58e-02
 4.51977e+22	9.37e-33	3.90e-26	7.99e-21	5.61e-18	2.02e-15	2.66e-13	1.95e-11	1.63e-09	7.40e-07	3.44e-05	6.59e-04	5.22e-03	2.90e-02	7.00e-02	9.73e-02	1.46e-01	4.46e-01	1.81e-01	2.44e-02
 4.52966e+22	1.27e-32	5.21e-26	1.05e-20	7.21e-18	2.53e-15	3.23e-13	2.30e-11	1.87e-09	8.49e-07	3.92e-05	7.41e-04	5.77e-03	3.14e-02	7.42e-02	1.01e-01	1.47e-01	4.42e-01	1.75e-01	2.31e-02
 4.53937e+22	1.70e-32	6.88e-26	1.37e-20	9.17e-18	3.13e-15	3.90e-13	2.69e-11	2.13e-09	9.69e-07	4.44e-05	8.29e-04	6.33e-03	3.39e-02	7.84e-02	1.04e-01	1.49e-01	4.37e-01	1.69e-01	2.18e-02
 4.55044e+22	2.44e-32	9.73e-26	1.91e-20	1.24e-17	4.10e-15	4.92e-13	3.28e-11	2.50e-09	1.14e-06	5.20e-05	9.53e-04	7.11e-03	3.72e-02	8.38e-02	1.08e-01	1.50e-01	4.30e-01	1.62e-01	2.04e-02
 4.56181e+22	3.39e-32	1.33e-25	2.57e-20	1.63e-17	5.21e-15	6.06e-13	3.90e-11	2.88e-09	1.32e-06	5.97e-05	1.08e-03	7.89e-03	4.05e-02	8.89e-02	1.12e-01	1.51e-01	4.24e-01	1.56e-01	1.91e-02
 4.57167e+22	4.50e-32	1.74e-25	3.32e-20	2.05e-17	6.41e-15	7.25e-13	4.54e-11	3.26e-09	1.50e-06	6.73e-05	1.20e-03	8.62e-03	4.34e-02	9.35e-02	1.15e-01	1.52e-01	4.18e-01	1.51e-01	1.81e-02
 4.58260e+22	6.73e-32	2.56e-25	4.80e-20	2.86e-17	8.59e-15	9.32e-13	5.59e-11	3.85e-09	1.79e-06	7.96e-05	1.40e-03	9.78e-03	4.80e-02	1.00e-01	1.19e-01	1.52e-01	4.09e-01	1.43e-01	1.66e-02
 4.59347e+22	8.88e-32	3.33e-25	6.17e-20	3.59e-17	1.05e-14	1.11e-12	6.48e-11	4.34e-09	2.03e-06	8.95e-05	1.55e-03	1.06e-02	5.14e-02	1.05e-01	1.22e-01	1.53e-01	4.03e-01	1.38e-01	1.57e-02
 4.60426e+22	1.33e-31	4.92e-25	8.95e-20	5.01e-17	1.41e-14	1.43e-12	7.95e-11	5.11e-09	2.41e-06	1.06e-04	1.80e-03	1.21e-02	5.68e-02	1.13e-01	1.26e-01	1.53e-01	3.93e-01	1.30e-01	1.44e-02
 4.61472e+22	1.75e-31	6.37e-25	1.15e-19	6.27e-17	1.72e-14	1.69e-12	9.14e-11	5.71e-09	2.71e-06	1.18e-04	1.98e-03	1.31e-02	6.06e-02	1.18e-01	1.29e-01	1.53e-01	3.86e-01	1.25e-01	1.35e-02
 4.62474e+22	2.52e-31	9.04e-25	1.60e-19	8.45e-17	2.23e-14	2.11e-12	1.10e-10	6.61e-09	3.17e-06	1.37e-04	2.26e-03	1.46e-02	6.60e-02	1.25e-01	1.33e-01	1.53e-01	3.76e-01	1.18e-01	1.24e-02
 4.63508e+22	3.43e-31	1.21e-24	2.12e-19	1.09e-16	2.78e-14	2.55e-12	1.28e-10	7.45e-09	3.61e-06	1.55e-04	2.53e-03	1.60e-02	7.09e-02	1.31e-01	1.36e-01	1.52e-01	3.67e-01	1.13e-01	1.16e-02
 4.64586e+22	5.16e-31	1.79e-24	3.07e-19	1.52e-16	3.72e-14	3.26e-12	1.56e-10	8.71e-09	4.28e-06	1.83e-04	2.92e-03	1.80e-02	7.78e-02	1.39e-01	1.40e-01	1.51e-01	3.55e-01	1.06e-01	1.05e-02
 4.65625e+22	6.82e-31	2.34e-24	3.96e-19	1.90e-16	4.54e-14	3.86e-12	1.79e-10	9.70e-09	4.80e-06	2.04e-04	3.22e-03	1.95e-02	8.27e-02	1.45e-01	1.42e-01	1.50e-01	3.47e-01	1.01e-01	9.81e-03
 4.66614e+22	1.01e-30	3.40e-24	5.66e-19	2.62e-16	5.98e-14	4.87e-12	2.16e-10	1.12e-08	5.62e-06	2.38e-04	3.68e-03	2.17e-02	9.01e-02	1.53e-01	1.45e-01	1.49e-01	3.34e-01	9.42e-02	8.89e-03
 4.67599e+22	1.32e-30	4.40e-24	7.24e-19	3.26e-16	7.25e-14	5.73e-12	2.46e-10	1.24e-08	6.27e-06	2.64e-04	4.04e-03	2.34e-02	9.54e-02	1.59e-01	1.47e-01	1.47e-01	3.25e-01	8.98e-02	8.30e-03
 4.68581e+22	1.97e-30	6.46e-24	1.05e-18	4.51e-16	9.60e-14	7.23e-12	2.96e-10	1.43e-08	7.34e-06	3.07e-04	4.62e-03	2.61e-02	1.04e-01	1.67e-01	1.50e-01	1.45e-01	3.12e-01	8.33e-02	7.46e-03
 4.69557e+22	2.61e-30	8.45e-24	1.35e-18	5.66e-16	1.17e-13	8.53e-12	3.38e-10	1.58e-08	8.20e-06	3.42e-04	5.07e-03	2.81e-02	1.10e-01	1.73e-01	1.52e-01	1.43e-01	3.03e-01	7.90e-02	6.91e-03
 4.70528e+22	3.89e-30	1.24e-23	1.94e-18	7.80e-16	1.54e-13	1.07e-11	4.05e-10	1.81e-08	9.54e-06	3.96e-04	5.77e-03	3.12e-02	1.19e-01	1.81e-01	1.54e-01	1.41e-01	2.89e-01	7.30e-02	6.18e-03
 4.71513e+22	5.23e-30	1.64e-23	2.55e-18	9.91e-16	1.89e-13	1.28e-11	4.64e-10	2.01e-08	1.07e-05	4.41e-04	6.35e-03	3.37e-02	1.26e-01	1.88e-01	1.55e-01	1.38e-01	2.78e-01	6.87e-02	5.68e-03
 4.72517e+22	7.79e-30	2.40e-23	3.66e-18	1.36e-15	2.49e-13	1.60e-11	5.56e-10	2.30e-08	1.24e-05	5.09e-04	7.20e-03	3.72e-02	1.35e-01	1.96e-01	1.57e-01	1.35e-01	2.65e-01	6.31e-02	5.05e-03
 4.73514e+22	1.05e-29	3.21e-23	4.83e-18	1.74e-15	3.07e-13	1.91e-11	6.37e-10	2.55e-08	1.39e-05	5.67e-04	7.91e-03	4.01e-02	1.43e-01	2.02e-01	1.57e-01	1.32e-01	2.54e-01	5.91e-02	4.61e-03
 4.74502e+22	1.57e-29	4.70e-23	6.95e-18	2.40e-15	4.04e-13	2.39e-11	7.60e-10	2.90e-08	1.60e-05	6.51e-04	8.92e-03	4.41e-02	1.53e-01	2.09e-01	1.58e-01	1.28e-01	2.40e-01	5.40e-02	4.08e-03
 4.75503e+22	2.15e-29	6.36e-23	9.26e-18	3.08e-15	5.01e-13	2.86e-11	8.73e-10	3.22e-08	1.79e-05	7.25e-04	9.79e-03	4.74e-02	1.61e-01	2.15e-01	1.58e-01	1.25e-01	2.29e-01	5.01e-02	3.69e-03
 4.76522e+22	3.26e-29	9.44e-23	1.35e-17	4.29e-15	6.64e-13	3.60e-11	1.05e-09	3.68e-08	2.07e-05	8.33e-04	1.10e-02	5.20e-02	1.72e-01	2.22e-01	1.58e-01	1.21e-01	2.15e-01	4.54e-02	3.23e-03
 4.77553e+22	4.51e-29	1.29e-22	1.82e-17	5.55e-15	8.28e-13	4.33e-11	1.21e-09	4.09e-08	2.31e-05	9.27e-04	1.21e-02	5.58e-02	1.81e-01	2.28e-01	1.57e-01	1.17e-01	2.04e-01	4.19e-02	2.90e-03
 4.78599e+22	6.90e-29	1.94e-22	2.68e-17	7.79e-15	1.11e-12	5.49e-11	1.45e-09	4.69e-08	2.67e-05	1.06e-03	1.36e-02	6.11e-02	1.92e-01	2.34e-01	1.56e-01	1.12e-01	1.90e-01	3.76e-02	2.51e-03
 4.79652e+22	9.57e-29	2.65e-22	3.61e-17	1.01e-14	1.38e-12	6.59e-11	1.67e-09	5.21e-08	2.97e-05	1.18e-03	1.48e-02	6.53e-02	2.01e-01	2.39e-01	1.55e-01	1.08e-01	1.79e-01	3.45e-02	2.24e-03
 4.80558e+22	1.32e-28	3.59e-22	4.82e-17	1.30e-14	1.71e-12	7.87e-11	1.92e-09	5.77e-08	3.29e-05	1.30e-03	1.61e-02	6.96e-02	2.10e-01	2.43e-01	1.53e-01	1.04e-01	1.69e-01	3.17e-02	2.00e-03
 4.81584e+22	2.00e-28	5.36e-22	7.06e-17	1.81e-14	2.27e-12	9.93e-11	2.30e-09	6.59e-08	3.76e-05	1.48e-03	1.80e-02	7.54e-02	2.21e-01	2.48e-01	1.51e-01	9.91e-02	1.56e-01	2.82e-02	1.72e-03
 4.82610e+22	2.72e-28	7.18e-22	9.31e-17	2.31e-14	2.79e-12	1.18e-10	2.63e-09	7.29e-08	4.14e-05	1.62e-03	1.94e-02	7.98e-02	2.29e-01	2.51e-01	1.49e-01	9.54e-02	1.47e-01	2.59e-02	1.54e-03
 4.83633e+22	4.10e-28	1.06e-21	1.35e-16	3.19e-14	3.68e-12	1.48e-10	3.14e-09	8.32e-08	4.69e-05	1.82e-03	2.14e-02	8.59e-02	2.40e-01	2.55e-01	1.46e-01	9.04e-02	1.36e-01	2.30e-02	1.32e-03
 4.84667e+22	5.56e-28	1.42e-21	1.78e-16	4.05e-14	4.52e-12	1.76e-10	3.60e-09	9.21e-08	5.15e-05	1.99e-03	2.30e-02	9.05e-02	2.48e-01	2.57e-01	1.43e-01	8.68e-02	1.28e-01	2.11e-02	1.18e-03
 4.85713e+22	8.39e-28	2.10e-21	2.58e-16	5.60e-14	5.97e-12	2.21e-10	4.30e-09	1.05e-07	5.81e-05	2.23e-03	2.53e-02	9.69e-02	2.58e-01	2.59e-01	1.40e-01	8.19e-02	1.17e-01	1.86e-02	1.00e-03
 4.86779e+22	1.14e-27	2.82e-21	3.41e-16	7.15e-14	7.35e-12	2.63e-10	4.94e-09	1.17e-07	6.38e-05	2.43e-03	2.71e-02	1.02e-01	2.66e-01	2.60e-01	1.37e-01	7.82e-02	1.10e-01	1.70e-02	8.88e-04
 4.87869e+22	1.71e-27	4.15e-21	4.91e-16	9.82e-14	9.66e-12	3.31e-10	5.92e-09	1.34e-07	7.18e-05	2.71e-03	2.96e-02	1.09e-01	2.75e-01	2.61e-01	1.33e-01	7.36e-02	1.00e-01	1.50e-02	7.56e-04
 4.88995e+22	2.38e-27	5.68e-21	6.61e-16	1.27e-13	1.21e-11	3.98e-10	6.87e-09	1.50e-07	7.91e-05	2.95e-03	3.18e-02	1.14e-01	2.83e-01	2.62e-01	1.30e-01	6.99e-02	9.30e-02	1.35e-02	6.62e-04
 4.90168e+22	3.63e-27	8.47e-21	9.64e-16	1.77e-13	1.60e-11	5.05e-10	8.30e-09	1.73e-07	8.92e-05	3.30e-03	3.47e-02	1.21e-01	2.92e-01	2.61e-01	1.25e-01	6.53e-02	8.45e-02	1.18e-02	5.57e-04
 4.91367e+22	5.06e-27	1.16e-20	1.30e-15	2.30e-13	2.01e-11	6.11e-10	9.66e-09	1.95e-07	9.82e-05	3.59e-03	3.71e-02	1.27e-01	2.99e-01	2.61e-01	1.22e-01	6.18e-02	7.81e-02	1.06e-02	4.85e-04
 4.92435e+22	6.99e-27	1.58e-20	1.73e-15	2.95e-13	2.50e-11	7.34e-10	1.12e-08	2.18e-07	1.08e-04	3.90e-03	3.96e-02	1.33e-01	3.05e-01	2.60e-01	1.18e-01	5.85e-02	7.23e-02	9.49e-03	4.23e-04
 4.93654e+22	1.06e-26	2.33e-20	2.50e-15	4.08e-13	3.30e-11	9.29e-10	1.35e-08	2.53e-07	1.21e-04	4.33e-03	4.30e-02	1.40e-01	3.13e-01	2.58e-01	1.13e-01	5.44e-02	6.54e-02	8.26e-03	3.54e-04
 4.94891e+22	1.45e-26	3.15e-20	3.32e-15	5.23e-13	4.10e-11	1.12e-09	1.57e-08	2.84e-07	1.33e-04	4.69e-03	4.57e-02	1.46e-01	3.19e-01	2.56e-01	1.09e-01	5.14e-02	6.04e-02	7.41e-03	3.09e-04
 4.96151e+22	2.18e-26	4.64e-20	4.77e-15	7.18e-13	5.40e-11	1.41e-09	1.90e-08	3.29e-07	1.49e-04	5.19e-03	4.93e-02	1.53e-01	3.25e-01	2.53e-01	1.05e-01	4.76e-02	5.44e-02	6.43e-03	2.58e-04
 4.97374e+22	2.90e-26	6.07e-20	6.14e-15	8.96e-13	6.55e-11	1.66e-09	2.17e-08	3.65e-07	1.62e-04	5.56e-03	5.20e-02	1.59e-01	3.30e-01	2.51e-01	1.01e-01	4.51e-02	5.05e-02	5.81e-03	2.27e-04
 4.98550e+22	4.21e-26	8.61e-20	8.53e-15	1.20e-12	8.42e-11	2.06e-09	2.58e-08	4.19e-07	1.79e-04	6.08e-03	5.56e-02	1.66e-01	3.35e-01	2.47e-01	9.69e-02	4.20e-02	4.58e-02	5.09e-03	1.92e-04
 4.99749e+22	5.58e-26	1.12e-19	1.09e-14	1.49e-12	1.02e-10	2.43e-09	2.96e-08	4.65e-07	1.95e-04	6.52e-03	5.85e-02	1.71e-01	3.39e-01	2.44e-01	9.36e-02	3.97e-02	4.25e-02	4.59e-03	1.69e-04
 5.00977e+22	8.14e-26	1.60e-19	1.53e-14	1.99e-12	1.32e-10	3.02e-09	3.53e-08	5.36e-07	2.17e-04	7.13e-03	6.25e-02	1.78e-01	3.43e-01	2.40e-01	8.92e-02	3.68e-02	3.83e-02	4.00e-03	1.42e-04
 5.02222e+22	1.08e-25	2.08e-19	1.95e-14	2.47e-12	1.59e-10	3.55e-09	4.04e-08	5.96e-07	2.35e-04	7.62e-03	6.56e-02	1.84e-01	3.46e-01	2.37e-01	8.59e-02	3.48e-02	3.55e-02	3.60e-03	1.24e-04
 5.03489e+22	1.56e-25	2.96e-19	2.71e-14	3.31e-12	2.05e-10	4.42e-09	4.83e-08	6.86e-07	2.61e-04	8.32e-03	6.99e-02	1.91e-01	3.50e-01	2.32e-01	8.16e-02	3.21e-02	3.20e-02	3.13e-03	1.04e-04
 5.04735e+22	2.02e-25	3.77e-19	3.38e-14	4.03e-12	2.44e-10	5.14e-09	5.47e-08	7.58e-07	2.82e-04	8.85e-03	7.30e-02	1.96e-01	3.52e-01	2.28e-01	7.87e-02	3.04e-02	2.97e-02	2.83e-03	9.22e-05
 5.05952e+22	2.87e-25	5.23e-19	4.59e-14	5.28e-12	3.10e-10	6.30e-09	6.47e-08	8.66e-07	3.12e-04	9.59e-03	7.73e-02	2.02e-01	3.55e-01	2.23e-01	7.48e-02	2.82e-02	2.68e-02	2.47e-03	7.78e-05
 5.07194e+22	3.72e-25	6.68e-19	5.76e-14	6.46e-12	3.70e-10	7.35e-09	7.36e-08	9.60e-07	3.37e-04	1.02e-02	8.08e-02	2.07e-01	3.56e-01	2.20e-01	7.19e-02	2.66e-02	2.49e-02	2.23e-03	6.85e-05
 5.08468e+22	5.29e-25	9.28e-19	7.82e-14	8.46e-12	4.70e-10	9.03e-09	8.72e-08	1.10e-06	3.73e-04	1.11e-02	8.54e-02	2.14e-01	3.58e-01	2.14e-01	6.81e-02	2.46e-02	2.24e-02	1.94e-03	5.76e-05
 5.09766e+22	6.91e-25	1.19e-18	9.85e-14	1.04e-11	5.63e-10	1.06e-08	9.95e-08	1.22e-06	4.03e-04	1.18e-02	8.92e-02	2.19e-01	3.59e-01	2.10e-01	6.53e-02	2.31e-02	2.07e-02	1.75e-03	5.04e-05
 5.11096e+22	9.84e-25	1.66e-18	1.34e-13	1.36e-11	7.16e-10	1.30e-08	1.18e-07	1.40e-06	4.47e-04	1.28e-02	9.42e-02	2.26e-01	3.60e-01	2.04e-01	6.16e-02	2.13e-02	1.85e-02	1.51e-03	4.21e-05
 5.12449e+22	1.29e-24	2.13e-18	1.69e-13	1.68e-11	8.60e-10	1.53e-08	1.35e-07	1.56e-06	4.85e-04	1.36e-02	9.83e-02	2.31e-01	3.60e-01	2.00e-01	5.89e-02	2.00e-02	1.71e-02	1.35e-03	3.67e-05
 5.13833e+22	1.84e-24	2.97e-18	2.29e-13	2.20e-11	1.10e-09	1.88e-08	1.61e-07	1.80e-06	5.38e-04	1.47e-02	1.04e-01	2.38e-01	3.60e-01	1.93e-01	5.54e-02	1.83e-02	1.52e-02	1.17e-03	3.06e-05
 5.15243e+22	2.41e-24	3.83e-18	2.90e-13	2.71e-11	1.32e-09	2.21e-08	1.84e-07	2.01e-06	5.84e-04	1.57e-02	1.08e-01	2.43e-01	3.60e-01	1.89e-01	5.28e-02	1.71e-02	1.40e-02	1.04e-03	2.65e-05
 5.16686e+22	3.46e-24	5.34e-18	3.94e-13	3.57e-11	1.68e-09	2.74e-08	2.20e-07	2.32e-06	6.49e-04	1.70e-02	1.14e-01	2.49e-01	3.59e-01	1.82e-01	4.95e-02	1.56e-02	1.24e-02	8.94e-04	2.20e-05
 5.18097e+22	4.41e-24	6.70e-18	4.86e-13	4.30e-11	1.99e-09	3.16e-08	2.48e-07	2.56e-06	6.99e-04	1.80e-02	1.18e-01	2.53e-01	3.58e-01	1.78e-01	4.73e-02	1.47e-02	1.15e-02	8.06e-04	1.93e-05
 5.19466e+22	6.18e-24	9.17e-18	6.48e-13	5.56e-11	2.50e-09	3.87e-08	2.94e-07	2.93e-06	7.73e-04	1.93e-02	1.24e-01	2.59e-01	3.56e-01	1.72e-01	4.43e-02	1.35e-02	1.03e-02	6.95e-04	1.61e-05
 5.20856e+22	7.89e-24	1.15e-17	7.99e-13	6.71e-11	2.95e-09	4.47e-08	3.32e-07	3.23e-06	8.33e-04	2.05e-02	1.29e-01	2.64e-01	3.54e-01	1.67e-01	4.23e-02	1.26e-02	9.47e-03	6.25e-04	1.41e-05
 5.22274e+22	1.10e-23	1.56e-17	1.06e-12	8.63e-11	3.70e-09	5.44e-08	3.91e-07	3.70e-06	9.20e-04	2.20e-02	1.35e-01	2.69e-01	3.52e-01	1.61e-01	3.96e-02	1.16e-02	8.46e-03	5.40e-04	1.18e-05
 5.23737e+22	1.44e-23	2.00e-17	1.33e-12	1.06e-10	4.43e-09	6.38e-08	4.48e-07	4.12e-06	9.98e-04	2.33e-02	1.40e-01	2.74e-01	3.50e-01	1.56e-01	3.75e-02	1.08e-02	7.72e-03	4.79e-04	1.02e-05
 5.25257e+22	2.01e-23	2.73e-17	1.76e-12	1.37e-10	5.57e-09	7.79e-08	5.29e-07	4.73e-06	1.10e-03	2.51e-02	1.46e-01	2.79e-01	3.46e-01	1.50e-01	3.50e-02	9.83e-03	6.87e-03	4.12e-04	8.45e-06
 5.26827e+22	2.66e-23	3.55e-17	2.24e-12	1.69e-10	6.75e-09	9.22e-08	6.10e-07	5.30e-06	1.20e-03	2.67e-02	1.52e-01	2.83e-01	3.43e-01	1.45e-01	3.30e-02	9.09e-03	6.22e-03	3.62e-04	7.21e-06
 5.28462e+22	3.78e-23	4.90e-17	3.01e-12	2.21e-10	8.55e-09	1.13e-07	7.26e-07	6.12e-06	1.34e-03	2.89e-02	1.59e-01	2.88e-01	3.39e-01	1.38e-01	3.06e-02	8.24e-03	5.49e-03	3.08e-04	5.92e-06
 5.30142e+22	5.06e-23	6.42e-17	3.85e-12	2.76e-10	1.04e-08	1.35e-07	8.41e-07	6.89e-06	1.46e-03	3.07e-02	1.65e-01	2.93e-01	3.35e-01	1.33e-01	2.87e-02	7.58e-03	4.94e-03	2.69e-04	5.01e-06
 5.31880e+22	7.27e-23	8.95e-17	5.22e-12	3.62e-10	1.33e-08	1.67e-07	1.01e-06	7.99e-06	1.63e-03	3.32e-02	1.73e-01	2.97e-01	3.30e-01	1.27e-01	2.65e-02	6.82e-03	4.34e-03	2.27e-04	4.08e-06
 5.33676e+22	9.87e-23	1.19e-16	6.75e-12	4.57e-10	1.64e-08	2.01e-07	1.17e-06	9.06e-06	1.79e-03	3.55e-02	1.80e-01	3.01e-01	3.25e-01	1.21e-01	2.47e-02	6.23e-03	3.87e-03	1.96e-04	3.41e-06
 5.35548e+22	1.44e-22	1.68e-16	9.27e-12	6.08e-10	2.12e-08	2.51e-07	1.42e-06	1.06e-05	2.01e-03	3.84e-02	1.88e-01	3.06e-01	3.19e-01	1.15e-01	2.26e-02	5.57e-03	3.36e-03	1.64e-04	2.74e-06
 5.37468e+22	1.98e-22	2.25e-16	1.21e-11	7.72e-10	2.62e-08	3.03e-07	1.66e-06	1.20e-05	2.21e-03	4.11e-02	1.96e-01	3.09e-01	3.14e-01	1.09e-01	2.09e-02	5.05e-03	2.98e-03	1.40e-04	2.27e-06
 5.39192e+22	2.68e-22	2.97e-16	1.55e-11	9.69e-10	3.21e-08	3.62e-07	1.93e-06	1.36e-05	2.42e-03	4.38e-02	2.03e-01	3.12e-01	3.08e-01	1.04e-01	1.95e-02	4.61e-03	2.66e-03	1.21e-04	1.90e-06
 5.41172e+22	4.01e-22	4.30e-16	2.18e-11	1.31e-09	4.22e-08	4.59e-07	2.36e-06	1.60e-05	2.73e-03	4.75e-02	2.12e-01	3.16e-01	3.00e-01	9.76e-02	1.76e-02	4.06e-03	2.27e-03	9.91e-05	1.49e-06
 5.43165e+22	5.41e-22	5.66e-16	2.79e-11	1.64e-09	5.16e-08	5.48e-07	2.74e-06	1.81e-05	2.99e-03	5.06e-02	2.20e-01	3.18e-01	2.94e-01	9.29e-02	1.63e-02	3.69e-03	2.02e-03	8.54e-05	1.24e-06
 5.45173e+22	8.04e-22	8.14e-16	3.88e-11	2.21e-09	6.74e-08	6.92e-07	3.33e-06	2.13e-05	3.36e-03	5.48e-02	2.29e-01	3.20e-01	2.86e-01	8.68e-02	1.47e-02	3.25e-03	1.72e-03	6.98e-05	9.70e-07
 5.47224e+22	1.11e-21	1.09e-15	5.06e-11	2.81e-09	8.35e-08	8.35e-07	3.91e-06	2.42e-05	3.70e-03	5.84e-02	2.37e-01	3.22e-01	2.79e-01	8.20e-02	1.35e-02	2.92e-03	1.51e-03	5.92e-05	7.95e-07
 5.49330e+22	1.66e-21	1.58e-15	7.08e-11	3.81e-09	1.10e-07	1.06e-06	4.78e-06	2.86e-05	4.17e-03	6.32e-02	2.47e-01	3.24e-01	2.70e-01	7.61e-02	1.21e-02	2.55e-03	1.28e-03	4.78e-05	6.14e-07
 5.51469e+22	2.31e-21	2.14e-15	9.29e-11	4.86e-09	1.37e-07	1.29e-06	5.62e-06	3.26e-05	4.59e-03	6.74e-02	2.55e-01	3.25e-01	2.62e-01	7.16e-02	1.11e-02	2.28e-03	1.12e-03	4.02e-05	4.98e-07
 5.53651e+22	3.52e-21	3.14e-15	1.32e-10	6.65e-09	1.81e-07	1.65e-06	6.93e-06	3.87e-05	5.20e-03	7.31e-02	2.65e-01	3.25e-01	2.52e-01	6.59e-02	9.81e-03	1.97e-03	9.32e-04	3.20e-05	3.77e-07
 5.55713e+22	4.65e-21	4.05e-15	1.65e-10	8.19e-09	2.18e-07	1.94e-06	7.96e-06	4.34e-05	5.64e-03	7.71e-02	2.72e-01	3.26e-01	2.45e-01	6.23e-02	9.05e-03	1.78e-03	8.26e-04	2.75e-05	3.14e-07
 5.57619e+22	6.72e-21	5.67e-15	2.24e-10	1.07e-08	2.79e-07	2.42e-06	9.56e-06	5.04e-05	6.29e-03	8.26e-02	2.81e-01	3.25e-01	2.36e-01	5.77e-02	8.11e-03	1.56e-03	7.01e-04	2.23e-05	2.45e-07
 5.59542e+22	8.88e-21	7.31e-15	2.81e-10	1.32e-08	3.36e-07	2.85e-06	1.10e-05	5.65e-05	6.82e-03	8.71e-02	2.88e-01	3.25e-01	2.29e-01	5.44e-02	7.45e-03	1.41e-03	6.19e-04	1.91e-05	2.03e-07
 5.61485e+22	1.29e-20	1.03e-14	3.81e-10	1.74e-08	4.32e-07	3.55e-06	1.32e-05	6.59e-05	7.61e-03	9.33e-02	2.97e-01	3.23e-01	2.20e-01	5.01e-02	6.63e-03	1.23e-03	5.21e-04	1.54e-05	1.56e-07
 5.63447e+22	1.71e-20	1.33e-14	4.81e-10	2.15e-08	5.23e-07	4.20e-06	1.53e-05	7.41e-05	8.27e-03	9.83e-02	3.04e-01	3.22e-01	2.13e-01	4.70e-02	6.05e-03	1.10e-03	4.56e-04	1.30e-05	1.28e-07
 5.65431e+22	2.49e-20	1.87e-14	6.51e-10	2.83e-08	6.72e-07	5.26e-06	1.84e-05	8.67e-05	9.24e-03	1.05e-01	3.13e-01	3.20e-01	2.03e-01	4.30e-02	5.34e-03	9.48e-04	3.81e-04	1.04e-05	0.00e+00
 5.67443e+22	3.33e-20	2.43e-14	8.24e-10	3.50e-08	8.16e-07	6.25e-06	2.14e-05	9.78e-05	1.01e-02	1.11e-01	3.19e-01	3.18e-01	1.96e-01	4.01e-02	4.85e-03	8.45e-04	3.30e-04	8.67e-06	0.00e+00
 5.69489e+22	4.87e-20	3.43e-14	1.12e-09	4.62e-08	1.06e-06	7.87e-06	2.60e-05	1.15e-04	1.13e-02	1.19e-01	3.28e-01	3.14e-01	1.86e-01	3.64e-02	4.24e-03	7.21e-04	2.72e-04	6.80e-06	0.00e+00
 5.71563e+22	6.53e-20	4.47e-14	1.42e-09	5.73e-08	1.29e-06	9.38e-06	3.01e-05	1.30e-04	1.23e-02	1.25e-01	3.35e-01	3.11e-01	1.78e-01	3.37e-02	3.82e-03	6.38e-04	2.34e-04	5.64e-06	0.00e+00
 5.73673e+22	9.57e-20	6.31e-14	1.92e-09	7.58e-08	1.67e-06	1.19e-05	3.68e-05	1.54e-04	1.38e-02	1.34e-01	3.43e-01	3.07e-01	1.68e-01	3.04e-02	3.31e-03	5.40e-04	1.91e-04	4.37e-06	0.00e+00
 5.75827e+22	1.30e-19	8.29e-14	2.45e-09	9.47e-08	2.05e-06	1.43e-05	4.31e-05	1.76e-04	1.52e-02	1.42e-01	3.49e-01	3.03e-01	1.60e-01	2.79e-02	2.94e-03	4.71e-04	1.62e-04	3.55e-06	0.00e+00
 5.78038e+22	1.91e-19	1.18e-13	3.33e-09	1.26e-07	2.68e-06	1.82e-05	5.31e-05	2.10e-04	1.71e-02	1.52e-01	3.57e-01	2.97e-01	1.49e-01	2.48e-02	2.51e-03	3.92e-04	1.29e-04	2.69e-06	0.00e+00
