#depth	He	He+	He+2
 1.54284e+22	3.76e-05	6.29e-02	9.37e-01
 3.57956e+22	6.84e-05	8.39e-02	9.16e-01
 4.32039e+22	9.14e-05	9.63e-02	9.04e-01
 4.76489e+22	1.15e-04	1.07e-01	8.93e-01
 5.04889e+22	1.27e-04	1.12e-01	8.88e-01
 5.21530e+22	1.39e-04	1.17e-01	8.82e-01
 5.37449e+22	1.53e-04	1.23e-01	8.77e-01
 5.53284e+22	1.66e-04	1.27e-01	8.72e-01
 5.71483e+22	1.85e-04	1.34e-01	8.66e-01
 5.90093e+22	2.04e-04	1.40e-01	8.60e-01
 6.06568e+22	2.23e-04	1.46e-01	8.53e-01
 6.25316e+22	2.50e-04	1.54e-01	8.46e-01
 6.44279e+22	2.74e-04	1.61e-01	8.39e-01
 6.60929e+22	3.00e-04	1.68e-01	8.32e-01
 6.79979e+22	3.36e-04	1.76e-01	8.23e-01
 6.99369e+22	3.69e-04	1.84e-01	8.16e-01
 7.16561e+22	4.04e-04	1.92e-01	8.08e-01
 7.36270e+22	4.52e-04	2.02e-01	7.98e-01
 7.56292e+22	4.97e-04	2.10e-01	7.89e-01
 7.76720e+22	5.58e-04	2.21e-01	7.78e-01
 7.97363e+22	6.14e-04	2.31e-01	7.69e-01
 8.18285e+22	6.90e-04	2.43e-01	7.57e-01
 8.33189e+22	7.13e-04	2.46e-01	7.53e-01
 8.39238e+22	7.33e-04	2.49e-01	7.50e-01
 8.46068e+22	7.64e-04	2.54e-01	7.46e-01
 8.54948e+22	7.98e-04	2.58e-01	7.41e-01
 8.66492e+22	8.53e-04	2.66e-01	7.33e-01
 8.81500e+22	9.25e-04	2.75e-01	7.24e-01
 9.01009e+22	1.03e-03	2.89e-01	7.10e-01
 9.21400e+22	1.13e-03	2.99e-01	6.99e-01
 9.42936e+22	1.26e-03	3.14e-01	6.85e-01
 9.65569e+22	1.40e-03	3.28e-01	6.71e-01
 9.83431e+22	1.50e-03	3.37e-01	6.61e-01
 1.00045e+23	1.64e-03	3.50e-01	6.49e-01
 1.01789e+23	1.76e-03	3.60e-01	6.38e-01
 1.03586e+23	1.93e-03	3.73e-01	6.25e-01
 1.05398e+23	2.07e-03	3.84e-01	6.13e-01
 1.07231e+23	2.26e-03	3.99e-01	5.99e-01
 1.09094e+23	2.44e-03	4.11e-01	5.87e-01
 1.10999e+23	2.68e-03	4.26e-01	5.71e-01
 1.12931e+23	2.89e-03	4.39e-01	5.58e-01
 1.14897e+23	3.16e-03	4.55e-01	5.42e-01
 1.16913e+23	3.43e-03	4.70e-01	5.27e-01
 1.18993e+23	3.79e-03	4.88e-01	5.08e-01
 1.21083e+23	4.10e-03	5.03e-01	4.92e-01
 1.23187e+23	4.52e-03	5.22e-01	4.74e-01
 1.25348e+23	4.91e-03	5.39e-01	4.56e-01
 1.27582e+23	5.46e-03	5.60e-01	4.35e-01
 1.29802e+23	5.92e-03	5.77e-01	4.17e-01
 1.32002e+23	6.57e-03	5.99e-01	3.95e-01
 1.34209e+23	7.13e-03	6.17e-01	3.76e-01
 1.36425e+23	7.92e-03	6.39e-01	3.53e-01
 1.38638e+23	8.61e-03	6.57e-01	3.34e-01
 1.40849e+23	9.58e-03	6.80e-01	3.11e-01
 1.43049e+23	1.04e-02	6.98e-01	2.91e-01
 1.45235e+23	1.16e-02	7.20e-01	2.69e-01
 1.47411e+23	1.26e-02	7.38e-01	2.49e-01
 1.49575e+23	1.41e-02	7.59e-01	2.27e-01
 1.51732e+23	1.53e-02	7.76e-01	2.09e-01
 1.53881e+23	1.71e-02	7.95e-01	1.88e-01
 1.56031e+23	1.87e-02	8.11e-01	1.71e-01
 1.58182e+23	2.09e-02	8.27e-01	1.52e-01
 1.60346e+23	2.29e-02	8.41e-01	1.36e-01
 1.62219e+23	2.51e-02	8.52e-01	1.23e-01
 1.64347e+23	2.81e-02	8.64e-01	1.08e-01
 1.66504e+23	3.11e-02	8.73e-01	9.55e-02
 1.68146e+23	3.36e-02	8.79e-01	8.70e-02
 1.69729e+23	3.67e-02	8.85e-01	7.85e-02
 1.71442e+23	4.03e-02	8.89e-01	7.06e-02
 1.73017e+23	4.42e-02	8.92e-01	6.40e-02
 1.74502e+23	4.84e-02	8.93e-01	5.82e-02
 1.75911e+23	5.30e-02	8.94e-01	5.33e-02
 1.77229e+23	5.81e-02	8.93e-01	4.91e-02
 1.78464e+23	6.38e-02	8.91e-01	4.55e-02
 1.79607e+23	6.99e-02	8.88e-01	4.26e-02
 1.80661e+23	7.66e-02	8.83e-01	4.00e-02
 1.81618e+23	8.38e-02	8.78e-01	3.80e-02
 1.82462e+23	9.13e-02	8.72e-01	3.64e-02
 1.83219e+23	9.92e-02	8.66e-01	3.50e-02
 1.83909e+23	1.08e-01	8.58e-01	3.40e-02
 1.84536e+23	1.16e-01	8.51e-01	3.31e-02
 1.85111e+23	1.25e-01	8.42e-01	3.25e-02
 1.85644e+23	1.35e-01	8.33e-01	3.20e-02
 1.86145e+23	1.45e-01	8.24e-01	3.16e-02
 1.86617e+23	1.55e-01	8.14e-01	3.14e-02
 1.87044e+23	1.65e-01	8.04e-01	3.14e-02
 1.87407e+23	1.74e-01	7.94e-01	3.15e-02
 1.87720e+23	1.83e-01	7.86e-01	3.16e-02
 1.87985e+23	1.90e-01	7.78e-01	3.18e-02
 1.88218e+23	1.97e-01	7.71e-01	3.18e-02
 1.88465e+23	2.05e-01	7.63e-01	3.19e-02
 1.88739e+23	2.15e-01	7.53e-01	3.20e-02
 1.89016e+23	2.24e-01	7.44e-01	3.22e-02
 1.89270e+23	2.33e-01	7.34e-01	3.23e-02
 1.89465e+23	2.40e-01	7.28e-01	3.26e-02
 1.89604e+23	2.45e-01	7.22e-01	3.26e-02
 1.89742e+23	2.51e-01	7.16e-01	3.26e-02
 1.89901e+23	2.58e-01	7.10e-01	3.26e-02
 1.90082e+23	2.66e-01	7.02e-01	3.26e-02
 1.90266e+23	2.74e-01	6.94e-01	3.26e-02
 1.90439e+23	2.81e-01	6.86e-01	3.26e-02
 1.90610e+23	2.89e-01	6.78e-01	3.26e-02
 1.90793e+23	2.98e-01	6.70e-01	3.25e-02
 1.90985e+23	3.07e-01	6.61e-01	3.24e-02
 1.91180e+23	3.16e-01	6.51e-01	3.23e-02
 1.91374e+23	3.26e-01	6.42e-01	3.22e-02
 1.91575e+23	3.36e-01	6.32e-01	3.20e-02
 1.91784e+23	3.47e-01	6.21e-01	3.18e-02
 1.92000e+23	3.59e-01	6.10e-01	3.15e-02
 1.92221e+23	3.70e-01	5.98e-01	3.13e-02
 1.92446e+23	3.83e-01	5.86e-01	3.09e-02
 1.92679e+23	3.95e-01	5.74e-01	3.06e-02
 1.92920e+23	4.09e-01	5.61e-01	3.02e-02
 1.93170e+23	4.22e-01	5.48e-01	2.97e-02
 1.93426e+23	4.37e-01	5.34e-01	2.92e-02
 1.93691e+23	4.51e-01	5.20e-01	2.87e-02
 1.93965e+23	4.67e-01	5.05e-01	2.81e-02
 1.94251e+23	4.82e-01	4.90e-01	2.75e-02
 1.94548e+23	4.98e-01	4.75e-01	2.68e-02
 1.94856e+23	5.15e-01	4.59e-01	2.61e-02
 1.95175e+23	5.32e-01	4.43e-01	2.53e-02
 1.95503e+23	5.48e-01	4.27e-01	2.45e-02
 1.95839e+23	5.65e-01	4.12e-01	2.36e-02
 1.96185e+23	5.81e-01	3.96e-01	2.27e-02
 1.96550e+23	5.98e-01	3.80e-01	2.18e-02
 1.96930e+23	6.15e-01	3.64e-01	2.08e-02
 1.97318e+23	6.31e-01	3.49e-01	1.99e-02
 1.97720e+23	6.46e-01	3.35e-01	1.89e-02
 1.98146e+23	6.62e-01	3.20e-01	1.79e-02
 1.98603e+23	6.77e-01	3.06e-01	1.70e-02
 1.99078e+23	6.91e-01	2.93e-01	1.60e-02
 1.99574e+23	7.05e-01	2.80e-01	1.50e-02
 2.00106e+23	7.19e-01	2.67e-01	1.41e-02
 2.00674e+23	7.32e-01	2.55e-01	1.31e-02
 2.01273e+23	7.44e-01	2.44e-01	1.22e-02
 2.01880e+23	7.55e-01	2.33e-01	1.13e-02
 2.02462e+23	7.65e-01	2.25e-01	1.06e-02
 2.03020e+23	7.74e-01	2.17e-01	9.89e-03
 2.03571e+23	7.81e-01	2.09e-01	9.27e-03
 2.04114e+23	7.89e-01	2.03e-01	8.71e-03
 2.04645e+23	7.95e-01	1.96e-01	8.19e-03
 2.05153e+23	8.02e-01	1.91e-01	7.72e-03
 2.05637e+23	8.07e-01	1.86e-01	7.29e-03
 2.06090e+23	8.12e-01	1.81e-01	6.92e-03
 2.06530e+23	8.17e-01	1.76e-01	6.56e-03
 2.06970e+23	8.22e-01	1.72e-01	6.23e-03
 2.07395e+23	8.26e-01	1.68e-01	5.93e-03
 2.07805e+23	8.30e-01	1.64e-01	5.65e-03
 2.08199e+23	8.34e-01	1.61e-01	5.38e-03
 2.08580e+23	8.38e-01	1.57e-01	5.14e-03
 2.08948e+23	8.41e-01	1.54e-01	4.91e-03
 2.09303e+23	8.45e-01	1.51e-01	4.70e-03
 2.09645e+23	8.48e-01	1.48e-01	4.50e-03
 2.09975e+23	8.51e-01	1.45e-01	4.31e-03
 2.10294e+23	8.54e-01	1.42e-01	4.14e-03
 2.10596e+23	8.57e-01	1.39e-01	3.98e-03
 2.10892e+23	8.60e-01	1.37e-01	3.82e-03
 2.11179e+23	8.62e-01	1.34e-01	3.67e-03
 2.11441e+23	8.64e-01	1.32e-01	3.55e-03
 2.11679e+23	8.67e-01	1.30e-01	3.43e-03
 2.11896e+23	8.69e-01	1.28e-01	3.32e-03
 2.12093e+23	8.71e-01	1.26e-01	3.23e-03
 2.12272e+23	8.72e-01	1.25e-01	3.14e-03
 2.12435e+23	8.74e-01	1.23e-01	3.06e-03
 2.12584e+23	8.75e-01	1.22e-01	2.99e-03
 2.12719e+23	8.76e-01	1.21e-01	2.94e-03
 2.12867e+23	8.78e-01	1.19e-01	2.86e-03
 2.13060e+23	8.80e-01	1.18e-01	2.78e-03
 2.13268e+23	8.81e-01	1.16e-01	2.71e-03
 2.13457e+23	8.83e-01	1.15e-01	2.63e-03
 2.13629e+23	8.84e-01	1.13e-01	2.57e-03
 2.13786e+23	8.85e-01	1.12e-01	2.51e-03
 2.13928e+23	8.87e-01	1.11e-01	2.46e-03
 2.14084e+23	8.88e-01	1.09e-01	2.39e-03
 2.14253e+23	8.89e-01	1.08e-01	2.34e-03
 2.14438e+23	8.91e-01	1.07e-01	2.28e-03
 2.14637e+23	8.92e-01	1.06e-01	2.23e-03
 2.14819e+23	8.93e-01	1.05e-01	2.17e-03
 2.14984e+23	8.94e-01	1.04e-01	2.13e-03
 2.15165e+23	8.96e-01	1.02e-01	2.06e-03
 2.15400e+23	8.98e-01	1.00e-01	2.00e-03
 2.15654e+23	8.99e-01	9.91e-02	1.94e-03
 2.15886e+23	9.01e-01	9.76e-02	1.88e-03
 2.16096e+23	9.02e-01	9.63e-02	1.83e-03
 2.16288e+23	9.03e-01	9.50e-02	1.78e-03
 2.16462e+23	9.04e-01	9.38e-02	1.74e-03
 2.16653e+23	9.06e-01	9.24e-02	1.68e-03
 2.16859e+23	9.07e-01	9.12e-02	1.64e-03
 2.17046e+23	9.08e-01	9.01e-02	1.60e-03
 2.17217e+23	9.09e-01	8.90e-02	1.56e-03
 2.17372e+23	9.10e-01	8.80e-02	1.52e-03
 2.17543e+23	9.12e-01	8.68e-02	1.48e-03
 2.17726e+23	9.13e-01	8.57e-02	1.44e-03
 2.17893e+23	9.14e-01	8.48e-02	1.41e-03
 2.18077e+23	9.15e-01	8.36e-02	1.37e-03
 2.18274e+23	9.16e-01	8.26e-02	1.34e-03
 2.18454e+23	9.17e-01	8.17e-02	1.31e-03
 2.18652e+23	9.18e-01	8.04e-02	1.27e-03
 2.18865e+23	9.19e-01	7.93e-02	1.23e-03
 2.19058e+23	9.20e-01	7.84e-02	1.20e-03
 2.19235e+23	9.21e-01	7.74e-02	1.17e-03
 2.19428e+23	9.23e-01	7.62e-02	1.14e-03
 2.19637e+23	9.24e-01	7.52e-02	1.11e-03
 2.19826e+23	9.25e-01	7.43e-02	1.08e-03
 2.20034e+23	9.26e-01	7.32e-02	1.05e-03
 2.20259e+23	9.27e-01	7.23e-02	1.02e-03
 2.20463e+23	9.28e-01	7.13e-02	9.91e-04
 2.20649e+23	9.28e-01	7.06e-02	9.72e-04
 2.20853e+23	9.30e-01	6.95e-02	9.42e-04
 2.21073e+23	9.30e-01	6.87e-02	9.20e-04
 2.21273e+23	9.31e-01	6.79e-02	9.00e-04
 2.21493e+23	9.32e-01	6.68e-02	8.69e-04
 2.21730e+23	9.33e-01	6.59e-02	8.47e-04
 2.21945e+23	9.34e-01	6.50e-02	8.23e-04
 2.22141e+23	9.35e-01	6.43e-02	8.06e-04
 2.22356e+23	9.36e-01	6.33e-02	7.80e-04
 2.22588e+23	9.37e-01	6.25e-02	7.62e-04
 2.22799e+23	9.37e-01	6.18e-02	7.44e-04
 2.23031e+23	9.39e-01	6.08e-02	7.18e-04
 2.23280e+23	9.39e-01	6.00e-02	7.00e-04
 2.23508e+23	9.40e-01	5.91e-02	6.79e-04
 2.23715e+23	9.41e-01	5.85e-02	6.65e-04
 2.23941e+23	9.42e-01	5.75e-02	6.43e-04
 2.24186e+23	9.43e-01	5.68e-02	6.28e-04
 2.24409e+23	9.43e-01	5.61e-02	6.13e-04
 2.24653e+23	9.44e-01	5.52e-02	5.91e-04
 2.24916e+23	9.45e-01	5.44e-02	5.76e-04
 2.25156e+23	9.46e-01	5.37e-02	5.61e-04
 2.25418e+23	9.47e-01	5.27e-02	5.41e-04
 2.25702e+23	9.47e-01	5.20e-02	5.25e-04
 2.25960e+23	9.48e-01	5.13e-02	5.11e-04
 2.26243e+23	9.49e-01	5.03e-02	4.92e-04
 2.26548e+23	9.50e-01	4.96e-02	4.78e-04
 2.26826e+23	9.51e-01	4.88e-02	4.62e-04
 2.27079e+23	9.51e-01	4.81e-02	4.50e-04
 2.27356e+23	9.52e-01	4.72e-02	4.33e-04
 2.27655e+23	9.53e-01	4.65e-02	4.20e-04
 2.27927e+23	9.54e-01	4.59e-02	4.09e-04
 2.28225e+23	9.55e-01	4.50e-02	3.93e-04
 2.28547e+23	9.55e-01	4.43e-02	3.80e-04
 2.28840e+23	9.56e-01	4.37e-02	3.70e-04
 2.29161e+23	9.57e-01	4.28e-02	3.55e-04
 2.29508e+23	9.58e-01	4.21e-02	3.44e-04
 2.29823e+23	9.58e-01	4.14e-02	3.32e-04
 2.30110e+23	9.59e-01	4.08e-02	3.23e-04
 2.30424e+23	9.60e-01	4.00e-02	3.10e-04
 2.30764e+23	9.60e-01	3.93e-02	3.00e-04
 2.31073e+23	9.61e-01	3.88e-02	2.92e-04
 2.31412e+23	9.62e-01	3.80e-02	2.80e-04
 2.31777e+23	9.62e-01	3.73e-02	2.70e-04
 2.32110e+23	9.63e-01	3.67e-02	2.62e-04
 2.32474e+23	9.64e-01	3.59e-02	2.51e-04
 2.32868e+23	9.65e-01	3.53e-02	2.41e-04
 2.33226e+23	9.65e-01	3.47e-02	2.34e-04
 2.33618e+23	9.66e-01	3.39e-02	2.23e-04
 2.34042e+23	9.67e-01	3.32e-02	2.14e-04
 2.34427e+23	9.67e-01	3.26e-02	2.07e-04
 2.34850e+23	9.68e-01	3.19e-02	1.97e-04
 2.35306e+23	9.69e-01	3.12e-02	1.90e-04
 2.35721e+23	9.69e-01	3.06e-02	1.82e-04
 2.36098e+23	9.70e-01	3.01e-02	1.76e-04
 2.36512e+23	9.70e-01	2.94e-02	1.68e-04
 2.36959e+23	9.71e-01	2.88e-02	1.61e-04
 2.37365e+23	9.72e-01	2.83e-02	1.55e-04
 2.37811e+23	9.72e-01	2.76e-02	1.48e-04
 2.38292e+23	9.73e-01	2.70e-02	1.42e-04
 2.38729e+23	9.73e-01	2.65e-02	1.36e-04
 2.39128e+23	9.74e-01	2.60e-02	1.31e-04
 2.39564e+23	9.74e-01	2.54e-02	1.26e-04
 2.40035e+23	9.75e-01	2.49e-02	1.21e-04
 2.40464e+23	9.75e-01	2.44e-02	1.16e-04
 2.40934e+23	9.76e-01	2.38e-02	1.11e-04
 2.41441e+23	9.77e-01	2.33e-02	1.06e-04
 2.41902e+23	9.77e-01	2.29e-02	1.02e-04
 2.42408e+23	9.78e-01	2.23e-02	9.67e-05
 2.42954e+23	9.78e-01	2.18e-02	9.24e-05
 2.43451e+23	9.79e-01	2.13e-02	8.84e-05
 2.43903e+23	9.79e-01	2.09e-02	8.49e-05
 2.44399e+23	9.80e-01	2.04e-02	8.11e-05
 2.44933e+23	9.80e-01	1.99e-02	7.75e-05
 2.45420e+23	9.80e-01	1.95e-02	7.42e-05
 2.45954e+23	9.81e-01	1.90e-02	7.06e-05
 2.46647e+23	9.82e-01	1.84e-02	6.60e-05
 2.47396e+23	9.82e-01	1.78e-02	6.20e-05
 2.48150e+23	9.83e-01	1.72e-02	5.79e-05
 2.48938e+23	9.83e-01	1.67e-02	5.41e-05
 2.49724e+23	9.84e-01	1.61e-02	5.06e-05
 2.50519e+23	9.84e-01	1.56e-02	4.72e-05
 2.51322e+23	9.85e-01	1.50e-02	4.41e-05
 2.52133e+23	9.85e-01	1.45e-02	4.11e-05
 2.52952e+23	9.86e-01	1.40e-02	3.83e-05
 2.53777e+23	9.86e-01	1.35e-02	3.57e-05
 2.54609e+23	9.87e-01	1.31e-02	3.33e-05
 2.55451e+23	9.87e-01	1.26e-02	3.10e-05
 2.56300e+23	9.88e-01	1.22e-02	2.89e-05
 2.57157e+23	9.88e-01	1.17e-02	2.69e-05
 2.58020e+23	9.89e-01	1.13e-02	2.50e-05
 2.58889e+23	9.89e-01	1.09e-02	2.33e-05
 2.59764e+23	9.89e-01	1.05e-02	2.17e-05
 2.60644e+23	9.90e-01	1.02e-02	2.02e-05
 2.61532e+23	9.90e-01	9.79e-03	1.87e-05
 2.62428e+23	9.91e-01	9.44e-03	1.74e-05
 2.63330e+23	9.91e-01	9.09e-03	1.62e-05
 2.64238e+23	9.91e-01	8.76e-03	1.50e-05
 2.65153e+23	9.92e-01	8.44e-03	1.39e-05
 2.66076e+23	9.92e-01	8.14e-03	1.30e-05
 2.67021e+23	9.92e-01	7.83e-03	1.20e-05
 2.67986e+23	9.92e-01	7.54e-03	1.11e-05
 2.68958e+23	9.93e-01	7.25e-03	1.03e-05
 2.69943e+23	9.93e-01	6.97e-03	9.51e-06
 2.70938e+23	9.93e-01	6.70e-03	8.79e-06
 2.71944e+23	9.94e-01	6.44e-03	8.13e-06
 2.72961e+23	9.94e-01	6.19e-03	7.51e-06
 2.73992e+23	9.94e-01	5.95e-03	6.93e-06
 2.75041e+23	9.94e-01	5.71e-03	6.39e-06
 2.76107e+23	9.95e-01	5.48e-03	5.89e-06
 2.77203e+23	9.95e-01	5.26e-03	5.41e-06
 2.78325e+23	9.95e-01	5.04e-03	4.97e-06
 2.79465e+23	9.95e-01	4.83e-03	4.56e-06
 2.80625e+23	9.95e-01	4.62e-03	4.18e-06
 2.81806e+23	9.96e-01	4.42e-03	3.82e-06
 2.83009e+23	9.96e-01	4.23e-03	3.50e-06
 2.84236e+23	9.96e-01	4.04e-03	3.19e-06
 2.85491e+23	9.96e-01	3.86e-03	2.91e-06
 2.86777e+23	9.96e-01	3.68e-03	2.65e-06
 2.88094e+23	9.96e-01	3.51e-03	2.41e-06
 2.89441e+23	9.97e-01	3.34e-03	2.18e-06
 2.90819e+23	9.97e-01	3.18e-03	1.98e-06
 2.92231e+23	9.97e-01	3.02e-03	1.79e-06
 2.93678e+23	9.97e-01	2.87e-03	1.61e-06
 2.95164e+23	9.97e-01	2.72e-03	1.45e-06
 2.96678e+23	9.97e-01	2.58e-03	1.31e-06
 2.98202e+23	9.98e-01	2.45e-03	1.17e-06
 2.99740e+23	9.98e-01	2.32e-03	1.06e-06
 3.01297e+23	9.98e-01	2.20e-03	9.48e-07
 3.02871e+23	9.98e-01	2.09e-03	8.51e-07
 3.04460e+23	9.98e-01	1.98e-03	7.64e-07
 3.06064e+23	9.98e-01	1.87e-03	6.85e-07
 3.07687e+23	9.98e-01	1.77e-03	6.14e-07
 3.08535e+23	9.98e-01	1.76e-03	6.07e-07
