#depth	H	H+	H2
 4.62852e+21	3.17e-06	1.00e+00	6.87e-30
 1.02936e+22	5.65e-06	1.00e+00	1.76e-29
 1.18031e+22	7.20e-06	1.00e+00	3.52e-29
 1.25126e+22	8.08e-06	1.00e+00	5.19e-29
 1.28370e+22	8.43e-06	1.00e+00	6.05e-29
 1.30395e+22	8.91e-06	1.00e+00	7.40e-29
 1.32556e+22	9.34e-06	1.00e+00	8.86e-29
 1.34895e+22	9.95e-06	1.00e+00	1.12e-28
 1.37248e+22	1.04e-05	1.00e+00	1.35e-28
 1.39619e+22	1.11e-05	1.00e+00	1.73e-28
 1.42033e+22	1.16e-05	1.00e+00	2.11e-28
 1.44500e+22	1.24e-05	1.00e+00	2.73e-28
 1.47027e+22	1.30e-05	1.00e+00	3.36e-28
 1.49629e+22	1.39e-05	1.00e+00	4.42e-28
 1.52281e+22	1.46e-05	1.00e+00	5.49e-28
 1.54521e+22	1.53e-05	1.00e+00	6.67e-28
 1.56955e+22	1.62e-05	1.00e+00	8.61e-28
 1.59316e+22	1.68e-05	1.00e+00	1.03e-27
 1.61581e+22	1.78e-05	1.00e+00	1.30e-27
 1.63869e+22	1.85e-05	1.00e+00	1.56e-27
 1.66186e+22	1.96e-05	1.00e+00	1.98e-27
 1.68537e+22	2.04e-05	1.00e+00	2.39e-27
 1.70932e+22	2.16e-05	1.00e+00	3.05e-27
 1.73361e+22	2.25e-05	1.00e+00	3.69e-27
 1.75836e+22	2.38e-05	1.00e+00	4.74e-27
 1.78352e+22	2.48e-05	1.00e+00	5.76e-27
 1.80923e+22	2.63e-05	1.00e+00	7.45e-27
 1.83548e+22	2.75e-05	1.00e+00	9.12e-27
 1.86245e+22	2.92e-05	1.00e+00	1.19e-26
 1.89014e+22	3.06e-05	1.00e+00	1.48e-26
 1.91875e+22	3.26e-05	1.00e+00	1.95e-26
 1.94768e+22	3.42e-05	1.00e+00	2.43e-26
 1.97702e+22	3.64e-05	1.00e+00	3.23e-26
 2.00671e+22	3.82e-05	1.00e+00	4.02e-26
 2.03686e+22	4.07e-05	1.00e+00	5.38e-26
 2.06746e+22	4.28e-05	1.00e+00	6.74e-26
 2.09445e+22	4.50e-05	1.00e+00	8.44e-26
 2.12534e+22	4.79e-05	1.00e+00	1.13e-25
 2.15678e+22	5.05e-05	1.00e+00	1.43e-25
 2.18226e+22	5.27e-05	1.00e+00	1.74e-25
 2.20869e+22	5.55e-05	1.00e+00	2.21e-25
 2.23646e+22	5.81e-05	1.00e+00	2.73e-25
 2.26196e+22	6.07e-05	1.00e+00	3.36e-25
 2.29107e+22	6.43e-05	1.00e+00	4.37e-25
 2.32091e+22	6.76e-05	1.00e+00	5.49e-25
 2.34711e+22	7.07e-05	1.00e+00	6.77e-25
 2.37656e+22	7.48e-05	1.00e+00	8.80e-25
 2.40737e+22	7.89e-05	1.00e+00	1.12e-24
 2.43521e+22	8.27e-05	1.00e+00	1.39e-24
 2.46668e+22	8.78e-05	1.00e+00	1.84e-24
 2.49913e+22	9.27e-05	1.00e+00	2.36e-24
 2.52801e+22	9.74e-05	1.00e+00	2.96e-24
 2.56071e+22	1.04e-04	1.00e+00	3.96e-24
 2.59468e+22	1.10e-04	1.00e+00	5.12e-24
 2.62528e+22	1.15e-04	1.00e+00	6.53e-24
 2.66001e+22	1.23e-04	1.00e+00	8.90e-24
 2.69565e+22	1.31e-04	1.00e+00	1.16e-23
 2.72767e+22	1.38e-04	1.00e+00	1.49e-23
 2.76445e+22	1.48e-04	1.00e+00	2.08e-23
 2.80152e+22	1.57e-04	1.00e+00	2.71e-23
 2.83897e+22	1.69e-04	1.00e+00	3.78e-23
 2.87701e+22	1.79e-04	1.00e+00	4.98e-23
 2.91584e+22	1.93e-04	1.00e+00	7.07e-23
 2.95503e+22	2.05e-04	1.00e+00	9.07e-23
 2.99470e+22	2.21e-04	1.00e+00	1.30e-22
 3.03476e+22	2.35e-04	1.00e+00	1.73e-22
 3.07533e+22	2.54e-04	1.00e+00	2.50e-22
 3.11644e+22	2.70e-04	1.00e+00	3.35e-22
 3.15825e+22	2.93e-04	1.00e+00	4.92e-22
 3.19944e+22	3.11e-04	1.00e+00	6.53e-22
 3.23393e+22	3.29e-04	1.00e+00	8.59e-22
 3.26707e+22	3.48e-04	1.00e+00	1.12e-21
 3.30433e+22	3.73e-04	1.00e+00	1.59e-21
 3.34158e+22	3.95e-04	1.00e+00	2.09e-21
 3.37880e+22	4.23e-04	1.00e+00	2.95e-21
 3.41681e+22	4.49e-04	1.00e+00	4.00e-21
 3.45041e+22	4.74e-04	1.00e+00	5.34e-21
 3.48864e+22	5.09e-04	9.99e-01	7.78e-21
 3.52756e+22	5.41e-04	9.99e-01	1.08e-20
 3.56220e+22	5.72e-04	9.99e-01	1.47e-20
 3.59410e+22	6.01e-04	9.99e-01	1.96e-20
 3.62322e+22	6.31e-04	9.99e-01	2.57e-20
 3.65664e+22	6.70e-04	9.99e-01	3.72e-20
 3.69055e+22	7.05e-04	9.99e-01	4.99e-20
 3.72050e+22	7.40e-04	9.99e-01	6.75e-20
 3.75483e+22	7.87e-04	9.99e-01	1.01e-19
 3.78944e+22	8.29e-04	9.99e-01	1.44e-19
 3.81966e+22	8.71e-04	9.99e-01	1.97e-19
 3.85418e+22	9.27e-04	9.99e-01	3.17e-19
 3.88905e+22	9.74e-04	9.99e-01	4.34e-19
 3.92435e+22	1.04e-03	9.99e-01	6.85e-19
 3.96018e+22	1.09e-03	9.99e-01	1.05e-18
 3.99172e+22	1.15e-03	9.99e-01	1.53e-18
 4.02775e+22	1.22e-03	9.99e-01	2.71e-18
 4.06456e+22	1.29e-03	9.99e-01	4.45e-18
 4.10240e+22	1.38e-03	9.99e-01	8.39e-18
 4.14098e+22	1.46e-03	9.99e-01	1.70e-17
 4.17467e+22	1.54e-03	9.98e-01	4.17e-17
 4.21258e+22	1.64e-03	9.98e-01	1.03e-16
 4.25189e+22	1.74e-03	9.98e-01	1.89e-16
 4.29302e+22	1.87e-03	9.98e-01	4.11e-16
 4.33425e+22	1.97e-03	9.98e-01	5.91e-16
 4.35840e+22	2.01e-03	9.98e-01	7.22e-16
 4.37016e+22	2.05e-03	9.98e-01	7.96e-16
 4.38302e+22	2.10e-03	9.98e-01	8.98e-16
 4.39975e+22	2.15e-03	9.98e-01	1.04e-15
 4.42149e+22	2.23e-03	9.98e-01	1.27e-15
 4.44976e+22	2.35e-03	9.98e-01	1.67e-15
 4.47909e+22	2.45e-03	9.98e-01	2.04e-15
 4.50982e+22	2.58e-03	9.97e-01	2.58e-15
 4.54164e+22	2.70e-03	9.97e-01	3.20e-15
 4.57017e+22	2.82e-03	9.97e-01	3.91e-15
 4.60258e+22	2.97e-03	9.97e-01	4.92e-15
 4.63591e+22	3.12e-03	9.97e-01	6.02e-15
 4.66560e+22	3.26e-03	9.97e-01	7.23e-15
 4.69936e+22	3.45e-03	9.97e-01	9.11e-15
 4.73381e+22	3.61e-03	9.96e-01	1.10e-14
 4.76918e+22	3.83e-03	9.96e-01	1.39e-14
 4.80513e+22	4.02e-03	9.96e-01	1.68e-14
 4.84185e+22	4.26e-03	9.96e-01	2.13e-14
 4.87976e+22	4.49e-03	9.96e-01	2.63e-14
 4.91920e+22	4.79e-03	9.95e-01	3.43e-14
 4.95890e+22	5.05e-03	9.95e-01	4.23e-14
 4.99893e+22	5.40e-03	9.95e-01	5.48e-14
 5.03941e+22	5.68e-03	9.94e-01	6.69e-14
 5.08046e+22	6.06e-03	9.94e-01	8.61e-14
 5.12285e+22	6.41e-03	9.94e-01	1.07e-13
 5.16698e+22	6.90e-03	9.93e-01	1.42e-13
 5.21104e+22	7.28e-03	9.93e-01	1.76e-13
 5.25499e+22	7.81e-03	9.92e-01	2.32e-13
 5.30033e+22	8.27e-03	9.92e-01	2.91e-13
 5.34746e+22	8.95e-03	9.91e-01	3.94e-13
 5.39517e+22	9.47e-03	9.91e-01	4.95e-13
 5.44365e+22	1.03e-02	9.90e-01	6.76e-13
 5.49377e+22	1.09e-02	9.89e-01	8.65e-13
 5.54602e+22	1.19e-02	9.88e-01	1.22e-12
 5.59976e+22	1.28e-02	9.87e-01	1.59e-12
 5.65544e+22	1.41e-02	9.86e-01	2.29e-12
 5.71342e+22	1.52e-02	9.85e-01	3.10e-12
 5.77417e+22	1.70e-02	9.83e-01	4.66e-12
 5.83614e+22	1.85e-02	9.81e-01	6.49e-12
 5.88418e+22	1.98e-02	9.80e-01	8.30e-12
 5.93089e+22	2.17e-02	9.78e-01	1.15e-11
 5.97902e+22	2.36e-02	9.76e-01	1.55e-11
 6.02900e+22	2.64e-02	9.74e-01	2.26e-11
 6.08035e+22	2.92e-02	9.71e-01	3.18e-11
 6.12588e+22	3.24e-02	9.68e-01	4.44e-11
 6.16729e+22	3.59e-02	9.64e-01	6.07e-11
 6.20429e+22	3.96e-02	9.60e-01	8.21e-11
 6.24574e+22	4.53e-02	9.55e-01	1.22e-10
 6.28932e+22	5.23e-02	9.48e-01	1.82e-10
 6.32807e+22	6.04e-02	9.40e-01	2.68e-10
 6.36519e+22	7.06e-02	9.29e-01	4.04e-10
 6.40116e+22	8.36e-02	9.16e-01	6.17e-10
 6.43442e+22	9.94e-02	9.01e-01	9.37e-10
 6.46467e+22	1.19e-01	8.81e-01	1.42e-09
 6.49222e+22	1.42e-01	8.58e-01	2.12e-09
 6.51730e+22	1.69e-01	8.31e-01	3.12e-09
 6.54013e+22	2.00e-01	8.00e-01	4.51e-09
 6.56090e+22	2.35e-01	7.65e-01	6.36e-09
 6.57398e+22	2.59e-01	7.41e-01	7.73e-09
 6.57890e+22	2.69e-01	7.31e-01	8.32e-09
 6.58289e+22	2.78e-01	7.22e-01	8.92e-09
 6.58807e+22	2.89e-01	7.11e-01	9.72e-09
 6.59425e+22	3.04e-01	6.96e-01	1.08e-08
 6.60046e+22	3.19e-01	6.81e-01	1.20e-08
 6.60620e+22	3.33e-01	6.67e-01	1.31e-08
 6.61207e+22	3.49e-01	6.51e-01	1.45e-08
 6.61812e+22	3.65e-01	6.35e-01	1.58e-08
 6.62435e+22	3.82e-01	6.18e-01	1.75e-08
 6.63080e+22	4.01e-01	5.99e-01	1.93e-08
 6.63702e+22	4.19e-01	5.81e-01	2.11e-08
 6.64333e+22	4.38e-01	5.62e-01	2.31e-08
 6.65006e+22	4.58e-01	5.42e-01	2.54e-08
 6.65709e+22	4.79e-01	5.21e-01	2.77e-08
 6.66441e+22	5.01e-01	4.99e-01	3.04e-08
 6.67193e+22	5.24e-01	4.76e-01	3.33e-08
 6.67934e+22	5.46e-01	4.54e-01	3.62e-08
 6.68515e+22	5.62e-01	4.38e-01	3.80e-08
 6.68909e+22	5.73e-01	4.27e-01	3.95e-08
 6.69287e+22	5.83e-01	4.17e-01	4.10e-08
 6.69726e+22	5.95e-01	4.05e-01	4.27e-08
 6.70204e+22	6.09e-01	3.91e-01	4.47e-08
 6.70670e+22	6.20e-01	3.80e-01	4.63e-08
 6.71130e+22	6.32e-01	3.68e-01	4.81e-08
 6.71606e+22	6.44e-01	3.56e-01	4.99e-08
 6.72088e+22	6.55e-01	3.45e-01	5.16e-08
 6.72574e+22	6.67e-01	3.33e-01	5.36e-08
 6.73061e+22	6.77e-01	3.23e-01	5.51e-08
 6.73565e+22	6.88e-01	3.12e-01	5.70e-08
 6.74094e+22	6.99e-01	3.01e-01	5.89e-08
 6.74624e+22	7.10e-01	2.90e-01	6.07e-08
 6.75151e+22	7.20e-01	2.80e-01	6.23e-08
 6.75701e+22	7.30e-01	2.70e-01	6.42e-08
 6.76276e+22	7.40e-01	2.60e-01	6.62e-08
 6.76853e+22	7.49e-01	2.51e-01	6.79e-08
 6.77439e+22	7.58e-01	2.42e-01	6.97e-08
 6.78051e+22	7.67e-01	2.33e-01	7.15e-08
 6.78685e+22	7.76e-01	2.24e-01	7.35e-08
 6.79329e+22	7.85e-01	2.15e-01	7.53e-08
 6.79987e+22	7.93e-01	2.07e-01	7.71e-08
 6.80671e+22	8.01e-01	1.99e-01	7.91e-08
 6.81375e+22	8.09e-01	1.91e-01	8.10e-08
 6.82100e+22	8.16e-01	1.84e-01	8.30e-08
 6.82847e+22	8.24e-01	1.76e-01	8.50e-08
 6.83612e+22	8.31e-01	1.69e-01	8.71e-08
 6.84396e+22	8.38e-01	1.62e-01	8.91e-08
 6.85195e+22	8.44e-01	1.56e-01	9.13e-08
 6.86011e+22	8.51e-01	1.49e-01	9.35e-08
 6.86846e+22	8.57e-01	1.43e-01	9.58e-08
 6.87687e+22	8.62e-01	1.38e-01	9.82e-08
 6.88525e+22	8.67e-01	1.33e-01	1.01e-07
 6.89377e+22	8.73e-01	1.27e-01	1.03e-07
 6.90260e+22	8.77e-01	1.23e-01	1.06e-07
 6.91154e+22	8.82e-01	1.18e-01	1.08e-07
 6.92055e+22	8.86e-01	1.14e-01	1.11e-07
 6.92982e+22	8.91e-01	1.09e-01	1.14e-07
 6.93932e+22	8.95e-01	1.05e-01	1.18e-07
 6.94896e+22	8.99e-01	1.01e-01	1.22e-07
 6.95874e+22	9.02e-01	9.76e-02	1.26e-07
 6.96883e+22	9.06e-01	9.40e-02	1.30e-07
 6.97912e+22	9.09e-01	9.05e-02	1.35e-07
 6.98913e+22	9.13e-01	8.74e-02	1.40e-07
 6.99849e+22	9.15e-01	8.46e-02	1.44e-07
 7.00712e+22	9.18e-01	8.22e-02	1.48e-07
 7.01519e+22	9.20e-01	8.00e-02	1.52e-07
 7.02267e+22	9.22e-01	7.81e-02	1.56e-07
 7.02991e+22	9.24e-01	7.63e-02	1.61e-07
 7.03719e+22	9.25e-01	7.46e-02	1.65e-07
 7.04434e+22	9.27e-01	7.26e-02	1.71e-07
 7.05103e+22	9.29e-01	7.10e-02	1.76e-07
 7.05725e+22	9.30e-01	6.96e-02	1.81e-07
 7.06351e+22	9.32e-01	6.81e-02	1.86e-07
 7.06955e+22	9.33e-01	6.67e-02	1.91e-07
 7.07525e+22	9.35e-01	6.54e-02	1.96e-07
 7.08091e+22	9.36e-01	6.41e-02	2.03e-07
 7.08634e+22	9.37e-01	6.29e-02	2.08e-07
 7.09145e+22	9.38e-01	6.18e-02	2.15e-07
 7.09645e+22	9.39e-01	6.07e-02	2.21e-07
 7.10133e+22	9.40e-01	5.96e-02	2.27e-07
 7.10591e+22	9.41e-01	5.86e-02	2.34e-07
 7.11009e+22	9.42e-01	5.77e-02	2.40e-07
 7.11389e+22	9.43e-01	5.69e-02	2.45e-07
 7.11734e+22	9.44e-01	5.62e-02	2.50e-07
 7.12049e+22	9.44e-01	5.55e-02	2.55e-07
 7.12335e+22	9.45e-01	5.49e-02	2.59e-07
 7.12595e+22	9.46e-01	5.44e-02	2.63e-07
 7.12881e+22	9.46e-01	5.37e-02	2.67e-07
 7.13189e+22	9.47e-01	5.31e-02	2.72e-07
 7.13469e+22	9.48e-01	5.25e-02	2.76e-07
 7.13724e+22	9.48e-01	5.20e-02	2.80e-07
 7.13957e+22	9.48e-01	5.16e-02	2.83e-07
 7.14211e+22	9.49e-01	5.10e-02	2.85e-07
 7.14542e+22	9.50e-01	5.02e-02	2.90e-07
 7.14899e+22	9.51e-01	4.94e-02	2.94e-07
 7.15224e+22	9.51e-01	4.88e-02	2.97e-07
 7.15519e+22	9.52e-01	4.82e-02	2.99e-07
 7.15843e+22	9.52e-01	4.76e-02	3.01e-07
 7.16193e+22	9.53e-01	4.70e-02	3.03e-07
 7.16512e+22	9.54e-01	4.64e-02	3.05e-07
 7.16801e+22	9.54e-01	4.60e-02	3.07e-07
 7.17065e+22	9.54e-01	4.57e-02	3.08e-07
 7.17354e+22	9.55e-01	4.51e-02	3.08e-07
 7.17729e+22	9.56e-01	4.43e-02	3.09e-07
 7.18135e+22	9.56e-01	4.36e-02	3.10e-07
 7.18503e+22	9.57e-01	4.30e-02	3.11e-07
 7.18839e+22	9.57e-01	4.26e-02	3.11e-07
 7.19145e+22	9.58e-01	4.21e-02	3.11e-07
 7.19423e+22	9.58e-01	4.17e-02	3.10e-07
 7.19727e+22	9.59e-01	4.12e-02	3.09e-07
 7.20056e+22	9.59e-01	4.07e-02	3.08e-07
 7.20355e+22	9.60e-01	4.02e-02	3.08e-07
 7.20628e+22	9.60e-01	3.98e-02	3.07e-07
 7.20875e+22	9.60e-01	3.96e-02	3.07e-07
 7.21147e+22	9.61e-01	3.91e-02	3.05e-07
 7.21500e+22	9.62e-01	3.85e-02	3.03e-07
 7.21881e+22	9.62e-01	3.78e-02	3.02e-07
 7.22228e+22	9.63e-01	3.73e-02	3.01e-07
 7.22544e+22	9.63e-01	3.69e-02	3.00e-07
 7.22831e+22	9.63e-01	3.66e-02	2.98e-07
 7.23092e+22	9.64e-01	3.62e-02	2.97e-07
 7.23379e+22	9.64e-01	3.58e-02	2.94e-07
 7.23688e+22	9.65e-01	3.54e-02	2.93e-07
 7.23969e+22	9.65e-01	3.50e-02	2.92e-07
 7.24277e+22	9.65e-01	3.46e-02	2.90e-07
 7.24610e+22	9.66e-01	3.42e-02	2.88e-07
 7.24913e+22	9.66e-01	3.38e-02	2.87e-07
 7.25189e+22	9.67e-01	3.35e-02	2.85e-07
 7.25440e+22	9.67e-01	3.33e-02	2.85e-07
 7.25715e+22	9.67e-01	3.30e-02	2.83e-07
 7.26072e+22	9.67e-01	3.25e-02	2.82e-07
 7.26458e+22	9.68e-01	3.21e-02	2.82e-07
 7.26809e+22	9.68e-01	3.16e-02	2.80e-07
 7.27128e+22	9.69e-01	3.14e-02	2.80e-07
 7.27478e+22	9.69e-01	3.10e-02	2.78e-07
 7.27856e+22	9.69e-01	3.06e-02	2.77e-07
 7.28200e+22	9.70e-01	3.03e-02	2.76e-07
 7.28577e+22	9.70e-01	2.99e-02	2.74e-07
 7.28983e+22	9.71e-01	2.95e-02	2.74e-07
 7.29354e+22	9.71e-01	2.91e-02	2.72e-07
 7.29691e+22	9.71e-01	2.89e-02	2.72e-07
 7.30060e+22	9.71e-01	2.85e-02	2.70e-07
 7.30458e+22	9.72e-01	2.81e-02	2.69e-07
 7.30821e+22	9.72e-01	2.78e-02	2.67e-07
 7.31151e+22	9.72e-01	2.76e-02	2.67e-07
 7.31513e+22	9.73e-01	2.73e-02	2.66e-07
 7.31903e+22	9.73e-01	2.69e-02	2.65e-07
 7.32258e+22	9.73e-01	2.67e-02	2.65e-07
 7.32648e+22	9.74e-01	2.63e-02	2.63e-07
 7.33068e+22	9.74e-01	2.59e-02	2.62e-07
 7.33450e+22	9.74e-01	2.56e-02	2.61e-07
 7.33798e+22	9.75e-01	2.54e-02	2.61e-07
 7.34180e+22	9.75e-01	2.51e-02	2.59e-07
 7.34591e+22	9.75e-01	2.48e-02	2.59e-07
 7.34966e+22	9.75e-01	2.46e-02	2.59e-07
 7.35377e+22	9.76e-01	2.43e-02	2.58e-07
 7.35820e+22	9.76e-01	2.39e-02	2.58e-07
 7.36223e+22	9.76e-01	2.37e-02	2.57e-07
 7.36665e+22	9.77e-01	2.33e-02	2.56e-07
 7.37143e+22	9.77e-01	2.30e-02	2.56e-07
 7.37577e+22	9.77e-01	2.27e-02	2.56e-07
 7.38053e+22	9.78e-01	2.24e-02	2.55e-07
 7.38566e+22	9.78e-01	2.20e-02	2.55e-07
 7.39034e+22	9.78e-01	2.18e-02	2.55e-07
 7.39546e+22	9.79e-01	2.15e-02	2.54e-07
 7.40099e+22	9.79e-01	2.11e-02	2.54e-07
 7.40602e+22	9.79e-01	2.08e-02	2.54e-07
 7.41060e+22	9.79e-01	2.06e-02	2.53e-07
 7.41562e+22	9.80e-01	2.04e-02	2.52e-07
 7.42104e+22	9.80e-01	2.00e-02	2.52e-07
 7.42597e+22	9.80e-01	1.98e-02	2.52e-07
 7.43137e+22	9.80e-01	1.95e-02	2.51e-07
 7.43720e+22	9.81e-01	1.92e-02	2.51e-07
 7.44251e+22	9.81e-01	1.89e-02	2.51e-07
 7.44832e+22	9.81e-01	1.87e-02	2.50e-07
 7.45460e+22	9.82e-01	1.83e-02	2.51e-07
 7.46032e+22	9.82e-01	1.81e-02	2.50e-07
 7.46551e+22	9.82e-01	1.79e-02	2.50e-07
 7.47121e+22	9.82e-01	1.76e-02	2.49e-07
 7.47736e+22	9.83e-01	1.73e-02	2.49e-07
 7.48296e+22	9.83e-01	1.71e-02	2.49e-07
 7.48909e+22	9.83e-01	1.69e-02	2.48e-07
 7.49571e+22	9.83e-01	1.65e-02	2.48e-07
 7.50174e+22	9.84e-01	1.63e-02	2.48e-07
 7.50834e+22	9.84e-01	1.61e-02	2.48e-07
 7.51547e+22	9.84e-01	1.58e-02	2.48e-07
 7.52196e+22	9.84e-01	1.55e-02	2.48e-07
 7.52786e+22	9.85e-01	1.54e-02	2.47e-07
 7.53433e+22	9.85e-01	1.51e-02	2.47e-07
 7.54131e+22	9.85e-01	1.48e-02	2.47e-07
 7.54766e+22	9.85e-01	1.46e-02	2.46e-07
 7.55463e+22	9.86e-01	1.44e-02	2.46e-07
 7.56214e+22	9.86e-01	1.41e-02	2.46e-07
 7.56898e+22	9.86e-01	1.39e-02	2.46e-07
 7.57648e+22	9.86e-01	1.37e-02	2.46e-07
 7.58457e+22	9.87e-01	1.34e-02	2.47e-07
 7.59194e+22	9.87e-01	1.32e-02	2.46e-07
 7.60001e+22	9.87e-01	1.30e-02	2.46e-07
 7.60872e+22	9.87e-01	1.27e-02	2.46e-07
 7.61665e+22	9.87e-01	1.25e-02	2.46e-07
 7.62533e+22	9.88e-01	1.23e-02	2.46e-07
 7.63471e+22	9.88e-01	1.20e-02	2.47e-07
 7.64325e+22	9.88e-01	1.18e-02	2.46e-07
 7.65101e+22	9.88e-01	1.17e-02	2.46e-07
 7.65952e+22	9.89e-01	1.14e-02	2.46e-07
 7.67054e+22	9.89e-01	1.11e-02	2.47e-07
 7.68291e+22	9.89e-01	1.08e-02	2.47e-07
 7.69519e+22	9.89e-01	1.06e-02	2.47e-07
 7.70754e+22	9.90e-01	1.03e-02	2.47e-07
 7.72018e+22	9.90e-01	1.00e-02	2.47e-07
 7.73305e+22	9.90e-01	9.75e-03	2.47e-07
 7.74606e+22	9.91e-01	9.49e-03	2.47e-07
 7.75922e+22	9.91e-01	9.24e-03	2.47e-07
 7.77255e+22	9.91e-01	8.99e-03	2.47e-07
 7.78604e+22	9.91e-01	8.75e-03	2.47e-07
 7.79969e+22	9.91e-01	8.51e-03	2.48e-07
 7.81350e+22	9.92e-01	8.27e-03	2.48e-07
 7.82745e+22	9.92e-01	8.04e-03	2.48e-07
 7.84156e+22	9.92e-01	7.82e-03	2.48e-07
 7.85581e+22	9.92e-01	7.60e-03	2.48e-07
 7.87018e+22	9.93e-01	7.38e-03	2.48e-07
 7.88468e+22	9.93e-01	7.17e-03	2.49e-07
 7.89930e+22	9.93e-01	6.96e-03	2.49e-07
 7.91407e+22	9.93e-01	6.76e-03	2.49e-07
 7.92900e+22	9.93e-01	6.56e-03	2.49e-07
 7.94404e+22	9.94e-01	6.37e-03	2.50e-07
 7.95922e+22	9.94e-01	6.18e-03	2.50e-07
 7.97452e+22	9.94e-01	6.00e-03	2.51e-07
 7.98996e+22	9.94e-01	5.82e-03	2.51e-07
 8.00571e+22	9.94e-01	5.65e-03	2.52e-07
 8.02182e+22	9.95e-01	5.47e-03	2.52e-07
 8.03817e+22	9.95e-01	5.30e-03	2.53e-07
 8.05470e+22	9.95e-01	5.13e-03	2.53e-07
 8.07141e+22	9.95e-01	4.97e-03	2.54e-07
 8.08830e+22	9.95e-01	4.81e-03	2.55e-07
 8.10539e+22	9.95e-01	4.66e-03	2.56e-07
 8.12269e+22	9.95e-01	4.51e-03	2.57e-07
 8.14027e+22	9.96e-01	4.36e-03	2.58e-07
 8.15815e+22	9.96e-01	4.22e-03	2.59e-07
 8.17646e+22	9.96e-01	4.07e-03	2.60e-07
 8.19525e+22	9.96e-01	3.93e-03	2.62e-07
 8.21438e+22	9.96e-01	3.80e-03	2.63e-07
 8.23382e+22	9.96e-01	3.66e-03	2.65e-07
 8.25360e+22	9.96e-01	3.53e-03	2.67e-07
 8.27374e+22	9.97e-01	3.40e-03	2.69e-07
 8.29425e+22	9.97e-01	3.28e-03	2.71e-07
 8.31517e+22	9.97e-01	3.16e-03	2.74e-07
 8.33661e+22	9.97e-01	3.03e-03	2.76e-07
 8.35858e+22	9.97e-01	2.92e-03	2.79e-07
 8.38100e+22	9.97e-01	2.80e-03	2.83e-07
 8.40393e+22	9.97e-01	2.69e-03	2.86e-07
 8.42741e+22	9.97e-01	2.58e-03	2.90e-07
 8.45144e+22	9.98e-01	2.47e-03	2.94e-07
 8.47584e+22	9.98e-01	2.37e-03	2.99e-07
 8.50050e+22	9.98e-01	2.27e-03	3.05e-07
 8.52545e+22	9.98e-01	2.17e-03	3.10e-07
 8.55064e+22	9.98e-01	2.08e-03	3.17e-07
 8.57606e+22	9.98e-01	1.99e-03	3.24e-07
 8.60173e+22	9.98e-01	1.91e-03	3.31e-07
 8.62766e+22	9.98e-01	1.82e-03	3.40e-07
 8.65384e+22	9.98e-01	1.74e-03	3.49e-07
 8.68030e+22	9.98e-01	1.67e-03	3.59e-07
 8.70706e+22	9.98e-01	1.59e-03	3.71e-07
 8.73411e+22	9.98e-01	1.52e-03	3.84e-07
 8.76136e+22	9.99e-01	1.45e-03	3.98e-07
 8.78888e+22	9.99e-01	1.39e-03	4.14e-07
 8.81670e+22	9.99e-01	1.32e-03	4.32e-07
 8.84482e+22	9.99e-01	1.26e-03	4.53e-07
 8.87334e+22	9.99e-01	1.20e-03	4.77e-07
 8.90218e+22	9.99e-01	1.15e-03	5.04e-07
 8.93135e+22	9.99e-01	1.09e-03	5.35e-07
 8.96087e+22	9.99e-01	1.04e-03	5.72e-07
 8.99027e+22	9.99e-01	9.91e-04	6.15e-07
 9.01851e+22	9.99e-01	9.47e-04	6.63e-07
 9.04481e+22	9.99e-01	9.07e-04	7.17e-07
 9.06930e+22	9.99e-01	8.72e-04	7.75e-07
 9.09246e+22	9.99e-01	8.40e-04	8.39e-07
 9.11460e+22	9.99e-01	8.10e-04	9.09e-07
 9.13576e+22	9.99e-01	7.82e-04	9.88e-07
 9.15586e+22	9.99e-01	7.57e-04	1.08e-06
 9.17487e+22	9.99e-01	7.33e-04	1.17e-06
 9.19286e+22	9.99e-01	7.12e-04	1.28e-06
 9.21001e+22	9.99e-01	6.92e-04	1.39e-06
 9.22637e+22	9.99e-01	6.71e-04	1.53e-06
 9.24184e+22	9.99e-01	6.54e-04	1.67e-06
 9.25317e+22	9.99e-01	6.46e-04	1.82e-06
