#depth	O	O+	O+2	O+3	O+4	O+5	O+6	O+7	O+8	O[1]	O[2]	O[3]
 4.62852e+21	1.78e-13	3.68e-09	3.38e-06	2.89e-04	4.64e-03	1.94e-02	3.90e-01	4.59e-01	1.27e-01	1.78e-13	1.29e-23	1.34e-23
 1.02936e+22	6.31e-13	1.22e-08	1.14e-05	9.51e-04	1.32e-02	4.24e-02	5.13e-01	3.67e-01	6.25e-02	6.31e-13	1.26e-21	1.58e-21
 1.18031e+22	9.38e-13	1.83e-08	1.78e-05	1.50e-03	1.94e-02	5.71e-02	5.56e-01	3.21e-01	4.43e-02	9.38e-13	1.89e-21	2.36e-21
 1.25126e+22	1.12e-12	2.21e-08	2.20e-05	1.86e-03	2.32e-02	6.54e-02	5.74e-01	2.99e-01	3.72e-02	1.12e-12	2.26e-21	2.82e-21
 1.28370e+22	1.20e-12	2.37e-08	2.38e-05	2.02e-03	2.47e-02	6.86e-02	5.79e-01	2.90e-01	3.48e-02	1.20e-12	2.41e-21	3.01e-21
 1.30395e+22	1.30e-12	2.59e-08	2.63e-05	2.23e-03	2.68e-02	7.30e-02	5.86e-01	2.80e-01	3.19e-02	1.30e-12	2.62e-21	3.27e-21
 1.32556e+22	1.39e-12	2.80e-08	2.86e-05	2.43e-03	2.87e-02	7.70e-02	5.92e-01	2.70e-01	2.95e-02	1.39e-12	2.82e-21	3.52e-21
 1.34895e+22	1.51e-12	3.08e-08	3.20e-05	2.72e-03	3.13e-02	8.24e-02	5.98e-01	2.58e-01	2.67e-02	1.51e-12	3.07e-21	3.83e-21
 1.37248e+22	1.63e-12	3.35e-08	3.50e-05	2.98e-03	3.35e-02	8.67e-02	6.03e-01	2.49e-01	2.47e-02	1.63e-12	3.32e-21	4.14e-21
 1.39619e+22	1.78e-12	3.70e-08	3.91e-05	3.33e-03	3.64e-02	9.25e-02	6.08e-01	2.38e-01	2.23e-02	1.78e-12	3.63e-21	4.52e-21
 1.42033e+22	1.93e-12	4.03e-08	4.30e-05	3.64e-03	3.89e-02	9.72e-02	6.11e-01	2.29e-01	2.05e-02	1.93e-12	3.93e-21	4.90e-21
 1.44500e+22	2.11e-12	4.47e-08	4.83e-05	4.08e-03	4.23e-02	1.04e-01	6.14e-01	2.17e-01	1.84e-02	2.11e-12	4.32e-21	5.38e-21
 1.47027e+22	2.29e-12	4.90e-08	5.32e-05	4.48e-03	4.51e-02	1.09e-01	6.16e-01	2.08e-01	1.68e-02	2.29e-12	4.70e-21	5.86e-21
 1.49629e+22	2.53e-12	5.49e-08	6.02e-05	5.04e-03	4.91e-02	1.16e-01	6.18e-01	1.97e-01	1.50e-02	2.53e-12	5.19e-21	6.47e-21
 1.52281e+22	2.78e-12	6.07e-08	6.68e-05	5.54e-03	5.24e-02	1.22e-01	6.19e-01	1.88e-01	1.37e-02	2.78e-12	5.71e-21	7.12e-21
 1.54521e+22	2.99e-12	6.61e-08	7.31e-05	6.03e-03	5.55e-02	1.27e-01	6.19e-01	1.80e-01	1.26e-02	2.99e-12	6.18e-21	7.70e-21
 1.56955e+22	3.31e-12	7.40e-08	8.23e-05	6.72e-03	5.97e-02	1.34e-01	6.18e-01	1.70e-01	1.13e-02	3.31e-12	6.84e-21	8.52e-21
 1.59316e+22	3.58e-12	8.06e-08	8.97e-05	7.25e-03	6.29e-02	1.39e-01	6.17e-01	1.63e-01	1.04e-02	3.58e-12	7.41e-21	9.23e-21
 1.61581e+22	3.91e-12	8.94e-08	1.00e-04	8.01e-03	6.71e-02	1.46e-01	6.15e-01	1.55e-01	9.36e-03	3.91e-12	8.13e-21	1.01e-20
 1.63869e+22	4.28e-12	9.82e-08	1.10e-04	8.66e-03	7.06e-02	1.51e-01	6.13e-01	1.48e-01	8.65e-03	4.28e-12	8.91e-21	1.11e-20
 1.66186e+22	4.73e-12	1.10e-07	1.23e-04	9.56e-03	7.52e-02	1.58e-01	6.09e-01	1.40e-01	7.76e-03	4.73e-12	9.87e-21	1.23e-20
 1.68537e+22	5.19e-12	1.21e-07	1.35e-04	1.04e-02	7.91e-02	1.64e-01	6.06e-01	1.34e-01	7.13e-03	5.19e-12	1.09e-20	1.35e-20
 1.70932e+22	5.79e-12	1.37e-07	1.52e-04	1.15e-02	8.43e-02	1.71e-01	6.01e-01	1.26e-01	6.37e-03	5.79e-12	1.22e-20	1.51e-20
 1.73361e+22	6.42e-12	1.52e-07	1.68e-04	1.24e-02	8.86e-02	1.77e-01	5.96e-01	1.20e-01	5.84e-03	6.42e-12	1.35e-20	1.68e-20
 1.75836e+22	7.22e-12	1.73e-07	1.90e-04	1.38e-02	9.44e-02	1.84e-01	5.90e-01	1.13e-01	5.18e-03	7.22e-12	1.53e-20	1.90e-20
 1.78352e+22	8.09e-12	1.94e-07	2.11e-04	1.50e-02	9.92e-02	1.90e-01	5.84e-01	1.07e-01	4.73e-03	8.09e-12	1.71e-20	2.13e-20
 1.80923e+22	9.19e-12	2.23e-07	2.40e-04	1.66e-02	1.06e-01	1.98e-01	5.76e-01	9.97e-02	4.17e-03	9.19e-12	1.96e-20	2.43e-20
 1.83548e+22	1.04e-11	2.52e-07	2.68e-04	1.81e-02	1.11e-01	2.04e-01	5.68e-01	9.43e-02	3.78e-03	1.04e-11	2.22e-20	2.76e-20
 1.86245e+22	1.20e-11	2.94e-07	3.08e-04	2.02e-02	1.18e-01	2.12e-01	5.58e-01	8.74e-02	3.31e-03	1.20e-11	2.57e-20	3.19e-20
 1.89014e+22	1.37e-11	3.35e-07	3.46e-04	2.20e-02	1.24e-01	2.18e-01	5.50e-01	8.22e-02	2.97e-03	1.37e-11	2.95e-20	3.66e-20
 1.91875e+22	1.62e-11	3.97e-07	4.02e-04	2.47e-02	1.33e-01	2.27e-01	5.37e-01	7.57e-02	2.58e-03	1.62e-11	3.50e-20	4.34e-20
 1.94768e+22	1.87e-11	4.56e-07	4.53e-04	2.69e-02	1.39e-01	2.33e-01	5.27e-01	7.09e-02	2.31e-03	1.87e-11	4.06e-20	5.02e-20
 1.97702e+22	2.23e-11	5.45e-07	5.27e-04	3.01e-02	1.48e-01	2.41e-01	5.13e-01	6.49e-02	1.99e-03	2.23e-11	4.87e-20	6.03e-20
 2.00671e+22	2.60e-11	6.31e-07	5.96e-04	3.29e-02	1.56e-01	2.46e-01	5.02e-01	6.06e-02	1.77e-03	2.60e-11	5.71e-20	7.07e-20
 2.03686e+22	3.14e-11	7.60e-07	6.97e-04	3.69e-02	1.65e-01	2.54e-01	4.86e-01	5.51e-02	1.52e-03	3.14e-11	6.95e-20	8.59e-20
 2.06746e+22	3.71e-11	8.87e-07	7.91e-04	4.03e-02	1.73e-01	2.59e-01	4.74e-01	5.12e-02	1.34e-03	3.71e-11	8.24e-20	1.02e-19
 2.09445e+22	4.34e-11	1.03e-06	8.96e-04	4.40e-02	1.81e-01	2.64e-01	4.61e-01	4.74e-02	1.18e-03	4.34e-11	9.70e-20	1.20e-19
 2.12534e+22	5.36e-11	1.25e-06	1.05e-03	4.91e-02	1.92e-01	2.70e-01	4.44e-01	4.29e-02	1.01e-03	5.36e-11	1.21e-19	1.49e-19
 2.15678e+22	6.35e-11	1.47e-06	1.19e-03	5.36e-02	2.01e-01	2.75e-01	4.29e-01	3.94e-02	8.79e-04	6.35e-11	1.44e-19	1.78e-19
 2.18226e+22	7.40e-11	1.69e-06	1.33e-03	5.77e-02	2.08e-01	2.78e-01	4.17e-01	3.67e-02	7.84e-04	7.40e-11	1.68e-19	2.08e-19
 2.20869e+22	8.90e-11	1.99e-06	1.52e-03	6.30e-02	2.17e-01	2.82e-01	4.02e-01	3.36e-02	6.84e-04	8.90e-11	2.04e-19	2.51e-19
 2.23646e+22	1.05e-10	2.31e-06	1.70e-03	6.80e-02	2.25e-01	2.84e-01	3.89e-01	3.11e-02	6.04e-04	1.05e-10	2.42e-19	2.98e-19
 2.26196e+22	1.23e-10	2.67e-06	1.91e-03	7.32e-02	2.33e-01	2.87e-01	3.76e-01	2.87e-02	5.34e-04	1.23e-10	2.87e-19	3.53e-19
 2.29107e+22	1.52e-10	3.21e-06	2.20e-03	8.03e-02	2.43e-01	2.89e-01	3.59e-01	2.59e-02	4.56e-04	1.52e-10	3.57e-19	4.39e-19
 2.32091e+22	1.82e-10	3.76e-06	2.49e-03	8.69e-02	2.52e-01	2.91e-01	3.44e-01	2.36e-02	3.95e-04	1.82e-10	4.30e-19	5.29e-19
 2.34711e+22	2.17e-10	4.36e-06	2.78e-03	9.34e-02	2.60e-01	2.92e-01	3.30e-01	2.17e-02	3.47e-04	2.17e-10	5.15e-19	6.32e-19
 2.37656e+22	2.69e-10	5.24e-06	3.19e-03	1.02e-01	2.70e-01	2.92e-01	3.14e-01	1.94e-02	2.94e-04	2.69e-10	6.46e-19	7.93e-19
 2.40737e+22	3.27e-10	6.19e-06	3.62e-03	1.10e-01	2.78e-01	2.92e-01	2.98e-01	1.75e-02	2.52e-04	3.27e-10	7.91e-19	9.71e-19
 2.43521e+22	3.94e-10	7.22e-06	4.06e-03	1.18e-01	2.86e-01	2.91e-01	2.84e-01	1.59e-02	2.18e-04	3.94e-10	9.61e-19	1.18e-18
 2.46668e+22	5.00e-10	8.78e-06	4.69e-03	1.29e-01	2.96e-01	2.89e-01	2.67e-01	1.41e-02	1.82e-04	5.00e-10	1.23e-18	1.51e-18
 2.49913e+22	6.15e-10	1.04e-05	5.32e-03	1.39e-01	3.04e-01	2.87e-01	2.52e-01	1.26e-02	1.54e-04	6.15e-10	1.53e-18	1.87e-18
 2.52801e+22	7.48e-10	1.22e-05	5.97e-03	1.49e-01	3.11e-01	2.84e-01	2.38e-01	1.13e-02	1.32e-04	7.48e-10	1.88e-18	2.30e-18
 2.56071e+22	9.60e-10	1.49e-05	6.89e-03	1.62e-01	3.20e-01	2.80e-01	2.21e-01	9.88e-03	1.08e-04	9.60e-10	2.44e-18	2.99e-18
 2.59468e+22	1.20e-09	1.78e-05	7.82e-03	1.74e-01	3.27e-01	2.75e-01	2.07e-01	8.72e-03	9.01e-05	1.20e-09	3.09e-18	3.77e-18
 2.62528e+22	1.48e-09	2.10e-05	8.80e-03	1.86e-01	3.33e-01	2.70e-01	1.93e-01	7.73e-03	7.59e-05	1.48e-09	3.85e-18	4.70e-18
 2.66001e+22	1.93e-09	2.59e-05	1.02e-02	2.02e-01	3.40e-01	2.63e-01	1.77e-01	6.61e-03	6.06e-05	1.93e-09	5.13e-18	6.25e-18
 2.69565e+22	2.43e-09	3.08e-05	1.15e-02	2.16e-01	3.46e-01	2.57e-01	1.64e-01	5.77e-03	5.00e-05	2.43e-09	6.52e-18	7.94e-18
 2.72767e+22	3.03e-09	3.65e-05	1.30e-02	2.30e-01	3.50e-01	2.50e-01	1.52e-01	5.05e-03	4.13e-05	3.03e-09	8.26e-18	1.01e-17
 2.76445e+22	4.04e-09	4.54e-05	1.51e-02	2.49e-01	3.55e-01	2.41e-01	1.37e-01	4.22e-03	3.22e-05	4.04e-09	1.12e-17	1.37e-17
 2.80152e+22	5.09e-09	5.40e-05	1.70e-02	2.64e-01	3.57e-01	2.33e-01	1.25e-01	3.65e-03	2.62e-05	5.09e-09	1.44e-17	1.75e-17
 2.83897e+22	6.79e-09	6.69e-05	1.96e-02	2.84e-01	3.59e-01	2.22e-01	1.12e-01	3.03e-03	2.02e-05	6.79e-09	1.97e-17	2.38e-17
 2.87701e+22	8.62e-09	7.97e-05	2.20e-02	3.01e-01	3.60e-01	2.13e-01	1.02e-01	2.58e-03	1.63e-05	8.62e-09	2.54e-17	3.08e-17
 2.91584e+22	1.16e-08	9.93e-05	2.54e-02	3.22e-01	3.60e-01	2.01e-01	8.96e-02	2.11e-03	1.23e-05	1.16e-08	3.53e-17	4.27e-17
 2.95503e+22	1.48e-08	1.18e-04	2.85e-02	3.39e-01	3.58e-01	1.91e-01	8.08e-02	1.78e-03	9.77e-06	1.48e-08	4.59e-17	5.55e-17
 2.99470e+22	2.01e-08	1.47e-04	3.28e-02	3.61e-01	3.55e-01	1.79e-01	7.05e-02	1.43e-03	7.25e-06	2.01e-08	6.43e-17	7.78e-17
 3.03476e+22	2.56e-08	1.75e-04	3.66e-02	3.78e-01	3.52e-01	1.69e-01	6.31e-02	1.20e-03	5.72e-06	2.56e-08	8.40e-17	1.02e-16
 3.07533e+22	3.48e-08	2.17e-04	4.20e-02	4.00e-01	3.46e-01	1.57e-01	5.44e-02	9.55e-04	4.18e-06	3.48e-08	1.19e-16	1.43e-16
 3.11644e+22	4.45e-08	2.58e-04	4.68e-02	4.17e-01	3.41e-01	1.47e-01	4.82e-02	7.92e-04	3.24e-06	4.45e-08	1.56e-16	1.89e-16
 3.15825e+22	6.09e-08	3.21e-04	5.35e-02	4.38e-01	3.32e-01	1.34e-01	4.11e-02	6.19e-04	2.33e-06	6.09e-08	2.23e-16	2.69e-16
 3.19944e+22	7.68e-08	3.77e-04	5.90e-02	4.53e-01	3.25e-01	1.25e-01	3.63e-02	5.13e-04	1.81e-06	7.68e-08	2.90e-16	3.50e-16
 3.23393e+22	9.57e-08	4.38e-04	6.46e-02	4.67e-01	3.18e-01	1.17e-01	3.23e-02	4.28e-04	1.43e-06	9.57e-08	3.72e-16	4.49e-16
 3.26707e+22	1.18e-07	5.07e-04	7.05e-02	4.81e-01	3.10e-01	1.09e-01	2.87e-02	3.58e-04	1.12e-06	1.18e-07	4.74e-16	5.72e-16
 3.30433e+22	1.55e-07	6.08e-04	7.84e-02	4.96e-01	3.00e-01	9.97e-02	2.46e-02	2.85e-04	8.29e-07	1.55e-07	6.43e-16	7.76e-16
 3.34158e+22	1.92e-07	7.03e-04	8.53e-02	5.08e-01	2.91e-01	9.25e-02	2.17e-02	2.36e-04	6.47e-07	1.92e-07	8.20e-16	9.88e-16
 3.37880e+22	2.48e-07	8.36e-04	9.42e-02	5.22e-01	2.80e-01	8.41e-02	1.86e-02	1.88e-04	4.78e-07	2.48e-07	1.10e-15	1.32e-15
 3.41681e+22	3.09e-07	9.70e-04	1.03e-01	5.32e-01	2.71e-01	7.73e-02	1.63e-02	1.53e-04	3.66e-07	3.09e-07	1.41e-15	1.70e-15
 3.45041e+22	3.80e-07	1.11e-03	1.11e-01	5.41e-01	2.61e-01	7.13e-02	1.43e-02	1.26e-04	2.84e-07	3.80e-07	1.78e-15	2.14e-15
 3.48864e+22	4.95e-07	1.33e-03	1.22e-01	5.52e-01	2.49e-01	6.40e-02	1.21e-02	9.85e-05	2.05e-07	4.95e-07	2.40e-15	2.89e-15
 3.52756e+22	6.15e-07	1.53e-03	1.32e-01	5.59e-01	2.38e-01	5.83e-02	1.04e-02	7.98e-05	1.55e-07	6.15e-07	3.07e-15	3.69e-15
 3.56220e+22	7.56e-07	1.76e-03	1.42e-01	5.65e-01	2.28e-01	5.32e-02	9.09e-03	6.50e-05	0.00e+00	7.56e-07	3.88e-15	4.66e-15
 3.59410e+22	9.05e-07	1.98e-03	1.51e-01	5.70e-01	2.20e-01	4.91e-02	8.03e-03	5.42e-05	0.00e+00	9.05e-07	4.75e-15	5.70e-15
 3.62322e+22	1.08e-06	2.22e-03	1.61e-01	5.73e-01	2.11e-01	4.53e-02	7.12e-03	4.55e-05	0.00e+00	1.08e-06	5.78e-15	6.93e-15
 3.65664e+22	1.34e-06	2.55e-03	1.73e-01	5.77e-01	2.01e-01	4.09e-02	6.10e-03	3.63e-05	0.00e+00	1.34e-06	7.41e-15	8.87e-15
 3.69055e+22	1.60e-06	2.87e-03	1.84e-01	5.79e-01	1.92e-01	3.74e-02	5.35e-03	3.00e-05	0.00e+00	1.60e-06	9.07e-15	1.09e-14
 3.72050e+22	1.90e-06	3.21e-03	1.95e-01	5.80e-01	1.84e-01	3.43e-02	4.71e-03	2.49e-05	0.00e+00	1.90e-06	1.10e-14	1.32e-14
 3.75483e+22	2.36e-06	3.70e-03	2.09e-01	5.80e-01	1.73e-01	3.07e-02	4.00e-03	1.97e-05	0.00e+00	2.36e-06	1.42e-14	1.69e-14
 3.78944e+22	2.82e-06	4.15e-03	2.21e-01	5.79e-01	1.65e-01	2.79e-02	3.48e-03	1.61e-05	0.00e+00	2.82e-06	1.74e-14	2.07e-14
 3.81966e+22	3.34e-06	4.64e-03	2.33e-01	5.77e-01	1.57e-01	2.54e-02	3.05e-03	1.33e-05	0.00e+00	3.34e-06	2.12e-14	2.52e-14
 3.85418e+22	4.15e-06	5.34e-03	2.50e-01	5.73e-01	1.47e-01	2.25e-02	2.56e-03	1.03e-05	0.00e+00	4.15e-06	2.72e-14	3.24e-14
 3.88905e+22	4.92e-06	5.95e-03	2.63e-01	5.70e-01	1.39e-01	2.04e-02	2.23e-03	8.46e-06	0.00e+00	4.92e-06	3.31e-14	3.93e-14
 3.92435e+22	6.09e-06	6.83e-03	2.80e-01	5.64e-01	1.30e-01	1.80e-02	1.86e-03	6.55e-06	0.00e+00	6.09e-06	4.25e-14	5.04e-14
 3.96018e+22	7.27e-06	7.65e-03	2.95e-01	5.58e-01	1.22e-01	1.62e-02	1.60e-03	5.27e-06	0.00e+00	7.27e-06	5.21e-14	6.18e-14
 3.99172e+22	8.59e-06	8.51e-03	3.10e-01	5.51e-01	1.15e-01	1.46e-02	1.38e-03	4.28e-06	0.00e+00	8.59e-06	6.34e-14	7.51e-14
 4.02775e+22	1.06e-05	9.74e-03	3.29e-01	5.42e-01	1.06e-01	1.27e-02	1.15e-03	3.27e-06	0.00e+00	1.06e-05	8.13e-14	9.63e-14
 4.06456e+22	1.26e-05	1.09e-02	3.45e-01	5.33e-01	9.93e-02	1.13e-02	9.79e-04	2.60e-06	0.00e+00	1.26e-05	9.99e-14	1.18e-13
 4.10240e+22	1.56e-05	1.25e-02	3.65e-01	5.21e-01	9.13e-02	9.81e-03	8.04e-04	1.97e-06	0.00e+00	1.56e-05	1.29e-13	1.52e-13
 4.14098e+22	1.88e-05	1.40e-02	3.83e-01	5.09e-01	8.44e-02	8.61e-03	6.74e-04	1.53e-06	0.00e+00	1.88e-05	1.60e-13	1.89e-13
 4.17467e+22	2.22e-05	1.55e-02	4.00e-01	4.98e-01	7.85e-02	7.63e-03	5.72e-04	1.21e-06	0.00e+00	2.22e-05	1.95e-13	2.31e-13
 4.21258e+22	2.74e-05	1.77e-02	4.22e-01	4.82e-01	7.15e-02	6.54e-03	4.65e-04	9.03e-07	0.00e+00	2.74e-05	2.52e-13	2.97e-13
 4.25189e+22	3.27e-05	1.98e-02	4.40e-01	4.68e-01	6.57e-02	5.70e-03	3.87e-04	6.96e-07	0.00e+00	3.27e-05	3.12e-13	3.67e-13
 4.29302e+22	4.11e-05	2.28e-02	4.64e-01	4.49e-01	5.88e-02	4.77e-03	3.05e-04	4.98e-07	0.00e+00	4.11e-05	4.11e-13	4.82e-13
 4.33425e+22	4.87e-05	2.53e-02	4.83e-01	4.34e-01	5.39e-02	4.15e-03	2.53e-04	3.83e-07	0.00e+00	4.87e-05	5.05e-13	5.93e-13
 4.35840e+22	5.16e-05	2.63e-02	4.89e-01	4.28e-01	5.21e-02	3.94e-03	2.37e-04	3.48e-07	0.00e+00	5.16e-05	5.43e-13	6.36e-13
 4.37016e+22	5.43e-05	2.71e-02	4.94e-01	4.24e-01	5.08e-02	3.78e-03	2.24e-04	3.22e-07	0.00e+00	5.43e-05	5.78e-13	6.77e-13
 4.38302e+22	5.84e-05	2.84e-02	5.02e-01	4.17e-01	4.88e-02	3.55e-03	2.07e-04	2.87e-07	0.00e+00	5.84e-05	6.32e-13	7.39e-13
 4.39975e+22	6.35e-05	2.99e-02	5.11e-01	4.09e-01	4.67e-02	3.31e-03	1.88e-04	2.52e-07	0.00e+00	6.35e-05	7.02e-13	8.20e-13
 4.42149e+22	7.11e-05	3.21e-02	5.23e-01	3.98e-01	4.39e-02	3.00e-03	1.66e-04	2.11e-07	0.00e+00	7.11e-05	8.08e-13	9.42e-13
 4.44976e+22	8.30e-05	3.53e-02	5.39e-01	3.83e-01	4.02e-02	2.62e-03	1.39e-04	1.65e-07	0.00e+00	8.30e-05	9.79e-13	1.14e-12
 4.47909e+22	9.37e-05	3.80e-02	5.51e-01	3.71e-01	3.75e-02	2.35e-03	1.21e-04	1.35e-07	0.00e+00	9.37e-05	1.14e-12	1.32e-12
 4.50982e+22	1.09e-04	4.18e-02	5.67e-01	3.55e-01	3.42e-02	2.04e-03	1.00e-04	0.00e+00	0.00e+00	1.09e-04	1.39e-12	1.60e-12
 4.54164e+22	1.25e-04	4.54e-02	5.80e-01	3.41e-01	3.15e-02	1.80e-03	8.52e-05	0.00e+00	0.00e+00	1.25e-04	1.64e-12	1.89e-12
 4.57017e+22	1.42e-04	4.91e-02	5.93e-01	3.27e-01	2.90e-02	1.59e-03	7.26e-05	0.00e+00	0.00e+00	1.42e-04	1.94e-12	2.21e-12
 4.60258e+22	1.66e-04	5.40e-02	6.07e-01	3.11e-01	2.62e-02	1.36e-03	5.96e-05	0.00e+00	0.00e+00	1.66e-04	2.37e-12	2.69e-12
 4.63591e+22	1.90e-04	5.86e-02	6.20e-01	2.96e-01	2.39e-02	1.18e-03	4.99e-05	0.00e+00	0.00e+00	1.90e-04	2.82e-12	3.19e-12
 4.66560e+22	2.16e-04	6.33e-02	6.31e-01	2.83e-01	2.18e-02	1.04e-03	4.22e-05	0.00e+00	0.00e+00	2.16e-04	3.34e-12	3.75e-12
 4.69936e+22	2.54e-04	6.98e-02	6.44e-01	2.66e-01	1.94e-02	8.72e-04	3.39e-05	0.00e+00	0.00e+00	2.54e-04	4.14e-12	4.60e-12
 4.73381e+22	2.89e-04	7.54e-02	6.54e-01	2.52e-01	1.76e-02	7.55e-04	2.83e-05	0.00e+00	0.00e+00	2.89e-04	4.92e-12	5.43e-12
 4.76918e+22	3.42e-04	8.33e-02	6.66e-01	2.34e-01	1.56e-02	6.27e-04	2.24e-05	0.00e+00	0.00e+00	3.42e-04	6.15e-12	6.71e-12
 4.80513e+22	3.89e-04	9.00e-02	6.74e-01	2.21e-01	1.40e-02	5.37e-04	1.85e-05	0.00e+00	0.00e+00	3.89e-04	7.35e-12	7.94e-12
 4.84185e+22	4.58e-04	9.91e-02	6.84e-01	2.04e-01	1.23e-02	4.43e-04	1.45e-05	0.00e+00	0.00e+00	4.58e-04	9.22e-12	9.81e-12
 4.87976e+22	5.27e-04	1.07e-01	6.91e-01	1.90e-01	1.09e-02	3.73e-04	1.17e-05	0.00e+00	0.00e+00	5.27e-04	1.12e-11	1.17e-11
 4.91920e+22	6.27e-04	1.19e-01	6.97e-01	1.73e-01	9.36e-03	2.99e-04	8.94e-06	0.00e+00	0.00e+00	6.27e-04	1.43e-11	1.47e-11
 4.95890e+22	7.18e-04	1.29e-01	7.02e-01	1.60e-01	8.26e-03	2.50e-04	7.16e-06	0.00e+00	0.00e+00	7.18e-04	1.74e-11	1.76e-11
 4.99893e+22	8.54e-04	1.42e-01	7.05e-01	1.45e-01	7.03e-03	1.98e-04	5.39e-06	0.00e+00	0.00e+00	8.54e-04	2.23e-11	2.21e-11
 5.03941e+22	9.72e-04	1.53e-01	7.07e-01	1.33e-01	6.18e-03	1.65e-04	4.30e-06	0.00e+00	0.00e+00	9.72e-04	2.70e-11	2.63e-11
 5.08046e+22	1.15e-03	1.68e-01	7.06e-01	1.19e-01	5.25e-03	1.30e-04	3.23e-06	0.00e+00	0.00e+00	1.15e-03	3.45e-11	3.28e-11
 5.12285e+22	1.32e-03	1.82e-01	7.04e-01	1.08e-01	4.53e-03	1.05e-04	2.51e-06	0.00e+00	0.00e+00	1.32e-03	4.22e-11	3.94e-11
 5.16698e+22	1.58e-03	2.01e-01	6.99e-01	9.48e-02	3.75e-03	8.02e-05	1.81e-06	0.00e+00	0.00e+00	1.58e-03	5.52e-11	5.00e-11
 5.21104e+22	1.79e-03	2.15e-01	6.94e-01	8.55e-02	3.24e-03	6.50e-05	1.41e-06	0.00e+00	0.00e+00	1.79e-03	6.69e-11	5.94e-11
 5.25499e+22	2.13e-03	2.37e-01	6.84e-01	7.44e-02	2.67e-03	4.92e-05	1.02e-06	0.00e+00	0.00e+00	2.13e-03	8.64e-11	7.47e-11
 5.30033e+22	2.43e-03	2.54e-01	6.75e-01	6.62e-02	2.28e-03	3.91e-05	7.78e-07	0.00e+00	0.00e+00	2.43e-03	1.06e-10	8.95e-11
 5.34746e+22	2.91e-03	2.80e-01	6.59e-01	5.62e-02	1.83e-03	2.85e-05	5.41e-07	0.00e+00	0.00e+00	2.91e-03	1.39e-10	1.14e-10
 5.39517e+22	3.31e-03	2.99e-01	6.47e-01	4.94e-02	1.55e-03	2.24e-05	4.08e-07	0.00e+00	0.00e+00	3.31e-03	1.70e-10	1.37e-10
 5.44365e+22	3.97e-03	3.28e-01	6.25e-01	4.12e-02	1.23e-03	1.60e-05	2.80e-07	0.00e+00	0.00e+00	3.97e-03	2.23e-10	1.75e-10
 5.49377e+22	4.54e-03	3.51e-01	6.08e-01	3.54e-02	1.03e-03	1.22e-05	2.06e-07	0.00e+00	0.00e+00	4.54e-03	2.75e-10	2.11e-10
 5.54602e+22	5.49e-03	3.87e-01	5.79e-01	2.86e-02	7.96e-04	8.32e-06	1.35e-07	0.00e+00	0.00e+00	5.49e-03	3.67e-10	2.75e-10
 5.59976e+22	6.32e-03	4.14e-01	5.55e-01	2.39e-02	6.49e-04	6.12e-06	0.00e+00	0.00e+00	0.00e+00	6.32e-03	4.56e-10	3.35e-10
 5.65544e+22	7.68e-03	4.54e-01	5.19e-01	1.86e-02	4.93e-04	4.00e-06	0.00e+00	0.00e+00	0.00e+00	7.68e-03	6.12e-10	4.40e-10
 5.71342e+22	8.95e-03	4.87e-01	4.88e-01	1.50e-02	3.91e-04	2.78e-06	0.00e+00	0.00e+00	0.00e+00	8.95e-03	7.73e-10	5.46e-10
 5.77417e+22	1.10e-02	5.34e-01	4.43e-01	1.10e-02	2.86e-04	1.69e-06	0.00e+00	0.00e+00	0.00e+00	1.10e-02	1.05e-09	7.32e-10
 5.83614e+22	1.29e-02	5.71e-01	4.07e-01	8.49e-03	2.22e-04	1.11e-06	0.00e+00	0.00e+00	0.00e+00	1.29e-02	1.34e-09	9.18e-10
 5.88418e+22	1.45e-02	5.99e-01	3.80e-01	6.92e-03	1.83e-04	8.13e-07	0.00e+00	0.00e+00	0.00e+00	1.45e-02	1.59e-09	1.08e-09
 5.93089e+22	1.70e-02	6.36e-01	3.42e-01	5.23e-03	1.42e-04	5.29e-07	0.00e+00	0.00e+00	0.00e+00	1.70e-02	2.01e-09	1.35e-09
 5.97902e+22	1.95e-02	6.66e-01	3.10e-01	4.05e-03	1.14e-04	3.60e-07	0.00e+00	0.00e+00	0.00e+00	1.95e-02	2.44e-09	1.63e-09
 6.02900e+22	2.32e-02	7.04e-01	2.69e-01	2.88e-03	8.49e-05	2.16e-07	0.00e+00	0.00e+00	0.00e+00	2.32e-02	3.13e-09	2.07e-09
 6.08035e+22	2.70e-02	7.35e-01	2.36e-01	2.10e-03	6.55e-05	1.36e-07	0.00e+00	0.00e+00	0.00e+00	2.70e-02	3.86e-09	2.54e-09
 6.12588e+22	3.13e-02	7.63e-01	2.05e-01	1.53e-03	5.07e-05	0.00e+00	0.00e+00	0.00e+00	0.00e+00	3.13e-02	4.74e-09	3.10e-09
 6.16729e+22	3.58e-02	7.85e-01	1.78e-01	1.13e-03	3.99e-05	0.00e+00	0.00e+00	0.00e+00	0.00e+00	3.58e-02	5.68e-09	3.68e-09
 6.20429e+22	4.08e-02	8.04e-01	1.54e-01	8.34e-04	3.16e-05	0.00e+00	0.00e+00	0.00e+00	0.00e+00	4.08e-02	6.76e-09	4.36e-09
 6.24574e+22	4.82e-02	8.25e-01	1.27e-01	5.61e-04	2.33e-05	0.00e+00	0.00e+00	0.00e+00	0.00e+00	4.82e-02	8.47e-09	5.41e-09
 6.28932e+22	5.72e-02	8.40e-01	1.03e-01	3.73e-04	1.70e-05	0.00e+00	0.00e+00	0.00e+00	0.00e+00	5.72e-02	1.05e-08	6.70e-09
 6.32807e+22	6.74e-02	8.50e-01	8.27e-02	2.50e-04	1.25e-05	0.00e+00	0.00e+00	0.00e+00	0.00e+00	6.74e-02	1.30e-08	8.24e-09
 6.36519e+22	8.03e-02	8.54e-01	6.51e-02	1.64e-04	9.01e-06	0.00e+00	0.00e+00	0.00e+00	0.00e+00	8.03e-02	1.62e-08	1.02e-08
 6.40116e+22	9.64e-02	8.53e-01	5.01e-02	1.06e-04	6.34e-06	0.00e+00	0.00e+00	0.00e+00	0.00e+00	9.64e-02	2.03e-08	1.28e-08
 6.43442e+22	1.16e-01	8.46e-01	3.81e-02	6.90e-05	4.42e-06	0.00e+00	0.00e+00	0.00e+00	0.00e+00	1.16e-01	2.52e-08	1.59e-08
 6.46467e+22	1.39e-01	8.32e-01	2.87e-02	4.54e-05	3.05e-06	0.00e+00	0.00e+00	0.00e+00	0.00e+00	1.39e-01	3.12e-08	1.97e-08
 6.49222e+22	1.66e-01	8.12e-01	2.14e-02	3.04e-05	2.09e-06	0.00e+00	0.00e+00	0.00e+00	0.00e+00	1.66e-01	3.81e-08	2.41e-08
 6.51730e+22	1.98e-01	7.86e-01	1.59e-02	2.08e-05	1.43e-06	0.00e+00	0.00e+00	0.00e+00	0.00e+00	1.98e-01	4.59e-08	2.90e-08
 6.54013e+22	2.34e-01	7.54e-01	1.18e-02	1.45e-05	9.67e-07	0.00e+00	0.00e+00	0.00e+00	0.00e+00	2.34e-01	5.44e-08	3.43e-08
 6.56090e+22	2.74e-01	7.17e-01	8.75e-03	1.04e-05	6.58e-07	0.00e+00	0.00e+00	0.00e+00	0.00e+00	2.74e-01	6.32e-08	3.98e-08
 6.57398e+22	3.01e-01	6.92e-01	7.30e-03	8.64e-06	5.23e-07	0.00e+00	0.00e+00	0.00e+00	0.00e+00	3.01e-01	6.84e-08	4.30e-08
 6.57890e+22	3.12e-01	6.82e-01	6.79e-03	8.03e-06	4.77e-07	0.00e+00	0.00e+00	0.00e+00	0.00e+00	3.12e-01	7.05e-08	4.43e-08
 6.58289e+22	3.21e-01	6.72e-01	6.36e-03	7.51e-06	4.37e-07	0.00e+00	0.00e+00	0.00e+00	0.00e+00	3.21e-01	7.25e-08	4.55e-08
 6.58807e+22	3.34e-01	6.60e-01	5.84e-03	6.89e-06	3.91e-07	0.00e+00	0.00e+00	0.00e+00	0.00e+00	3.34e-01	7.50e-08	4.71e-08
 6.59425e+22	3.50e-01	6.45e-01	5.27e-03	6.22e-06	3.42e-07	0.00e+00	0.00e+00	0.00e+00	0.00e+00	3.50e-01	7.80e-08	4.90e-08
 6.60046e+22	3.67e-01	6.28e-01	4.74e-03	5.62e-06	2.98e-07	0.00e+00	0.00e+00	0.00e+00	0.00e+00	3.67e-01	8.10e-08	5.08e-08
 6.60620e+22	3.82e-01	6.14e-01	4.32e-03	5.13e-06	2.64e-07	0.00e+00	0.00e+00	0.00e+00	0.00e+00	3.82e-01	8.36e-08	5.24e-08
 6.61207e+22	3.99e-01	5.97e-01	3.89e-03	4.65e-06	2.30e-07	0.00e+00	0.00e+00	0.00e+00	0.00e+00	3.99e-01	8.63e-08	5.41e-08
 6.61812e+22	4.15e-01	5.81e-01	3.51e-03	4.23e-06	2.02e-07	0.00e+00	0.00e+00	0.00e+00	0.00e+00	4.15e-01	8.90e-08	5.57e-08
 6.62435e+22	4.34e-01	5.63e-01	3.13e-03	3.82e-06	1.74e-07	0.00e+00	0.00e+00	0.00e+00	0.00e+00	4.34e-01	9.17e-08	5.74e-08
 6.63080e+22	4.53e-01	5.44e-01	2.79e-03	3.44e-06	1.50e-07	0.00e+00	0.00e+00	0.00e+00	0.00e+00	4.53e-01	9.43e-08	5.90e-08
 6.63702e+22	4.72e-01	5.26e-01	2.49e-03	3.12e-06	1.30e-07	0.00e+00	0.00e+00	0.00e+00	0.00e+00	4.72e-01	9.67e-08	6.04e-08
 6.64333e+22	4.91e-01	5.07e-01	2.22e-03	2.82e-06	0.00e+00	0.00e+00	0.00e+00	0.00e+00	0.00e+00	4.91e-01	9.89e-08	6.18e-08
 6.65006e+22	5.12e-01	4.86e-01	1.95e-03	2.53e-06	0.00e+00	0.00e+00	0.00e+00	0.00e+00	0.00e+00	5.12e-01	1.01e-07	6.31e-08
 6.65709e+22	5.33e-01	4.66e-01	1.71e-03	2.27e-06	0.00e+00	0.00e+00	0.00e+00	0.00e+00	0.00e+00	5.33e-01	1.03e-07	6.43e-08
 6.66441e+22	5.55e-01	4.43e-01	1.49e-03	2.02e-06	0.00e+00	0.00e+00	0.00e+00	0.00e+00	0.00e+00	5.55e-01	1.05e-07	6.53e-08
 6.67193e+22	5.78e-01	4.21e-01	1.29e-03	1.80e-06	0.00e+00	0.00e+00	0.00e+00	0.00e+00	0.00e+00	5.78e-01	1.06e-07	6.62e-08
 6.67934e+22	5.99e-01	4.00e-01	1.12e-03	1.61e-06	0.00e+00	0.00e+00	0.00e+00	0.00e+00	0.00e+00	5.99e-01	1.07e-07	6.68e-08
 6.68515e+22	6.14e-01	3.85e-01	1.02e-03	1.49e-06	0.00e+00	0.00e+00	0.00e+00	0.00e+00	0.00e+00	6.14e-01	1.08e-07	6.71e-08
 6.68909e+22	6.25e-01	3.74e-01	9.47e-04	1.41e-06	0.00e+00	0.00e+00	0.00e+00	0.00e+00	0.00e+00	6.25e-01	1.08e-07	6.72e-08
 6.69287e+22	6.35e-01	3.64e-01	8.82e-04	1.33e-06	0.00e+00	0.00e+00	0.00e+00	0.00e+00	0.00e+00	6.35e-01	1.08e-07	6.74e-08
 6.69726e+22	6.47e-01	3.53e-01	8.12e-04	1.25e-06	0.00e+00	0.00e+00	0.00e+00	0.00e+00	0.00e+00	6.47e-01	1.09e-07	6.75e-08
 6.70204e+22	6.59e-01	3.40e-01	7.42e-04	1.17e-06	0.00e+00	0.00e+00	0.00e+00	0.00e+00	0.00e+00	6.59e-01	1.09e-07	6.75e-08
 6.70670e+22	6.70e-01	3.29e-01	6.83e-04	1.10e-06	0.00e+00	0.00e+00	0.00e+00	0.00e+00	0.00e+00	6.70e-01	1.09e-07	6.75e-08
 6.71130e+22	6.81e-01	3.18e-01	6.28e-04	1.03e-06	0.00e+00	0.00e+00	0.00e+00	0.00e+00	0.00e+00	6.81e-01	1.09e-07	6.74e-08
 6.71606e+22	6.92e-01	3.07e-01	5.76e-04	9.71e-07	0.00e+00	0.00e+00	0.00e+00	0.00e+00	0.00e+00	6.92e-01	1.09e-07	6.73e-08
 6.72088e+22	7.03e-01	2.96e-01	5.29e-04	9.12e-07	0.00e+00	0.00e+00	0.00e+00	0.00e+00	0.00e+00	7.03e-01	1.08e-07	6.71e-08
 6.72574e+22	7.14e-01	2.86e-01	4.85e-04	8.56e-07	0.00e+00	0.00e+00	0.00e+00	0.00e+00	0.00e+00	7.14e-01	1.08e-07	6.69e-08
 6.73061e+22	7.23e-01	2.76e-01	4.46e-04	8.07e-07	0.00e+00	0.00e+00	0.00e+00	0.00e+00	0.00e+00	7.23e-01	1.08e-07	6.66e-08
 6.73565e+22	7.33e-01	2.66e-01	4.08e-04	7.58e-07	0.00e+00	0.00e+00	0.00e+00	0.00e+00	0.00e+00	7.33e-01	1.07e-07	6.64e-08
 6.74094e+22	7.43e-01	2.56e-01	3.73e-04	7.11e-07	0.00e+00	0.00e+00	0.00e+00	0.00e+00	0.00e+00	7.43e-01	1.07e-07	6.60e-08
 6.74624e+22	7.53e-01	2.47e-01	3.41e-04	6.68e-07	0.00e+00	0.00e+00	0.00e+00	0.00e+00	0.00e+00	7.53e-01	1.06e-07	6.56e-08
 6.75151e+22	7.62e-01	2.38e-01	3.12e-04	6.29e-07	0.00e+00	0.00e+00	0.00e+00	0.00e+00	0.00e+00	7.62e-01	1.06e-07	6.53e-08
 6.75701e+22	7.71e-01	2.29e-01	2.85e-04	5.91e-07	0.00e+00	0.00e+00	0.00e+00	0.00e+00	0.00e+00	7.71e-01	1.05e-07	6.49e-08
 6.76276e+22	7.80e-01	2.20e-01	2.60e-04	5.55e-07	0.00e+00	0.00e+00	0.00e+00	0.00e+00	0.00e+00	7.80e-01	1.04e-07	6.44e-08
 6.76853e+22	7.88e-01	2.11e-01	2.37e-04	5.22e-07	0.00e+00	0.00e+00	0.00e+00	0.00e+00	0.00e+00	7.88e-01	1.04e-07	6.40e-08
 6.77439e+22	7.96e-01	2.03e-01	2.16e-04	4.91e-07	0.00e+00	0.00e+00	0.00e+00	0.00e+00	0.00e+00	7.96e-01	1.03e-07	6.35e-08
 6.78051e+22	8.05e-01	1.95e-01	1.97e-04	4.62e-07	0.00e+00	0.00e+00	0.00e+00	0.00e+00	0.00e+00	8.05e-01	1.02e-07	6.31e-08
 6.78685e+22	8.12e-01	1.87e-01	1.79e-04	4.33e-07	0.00e+00	0.00e+00	0.00e+00	0.00e+00	0.00e+00	8.12e-01	1.02e-07	6.26e-08
 6.79329e+22	8.20e-01	1.80e-01	1.63e-04	4.08e-07	0.00e+00	0.00e+00	0.00e+00	0.00e+00	0.00e+00	8.20e-01	1.01e-07	6.20e-08
 6.79987e+22	8.27e-01	1.73e-01	1.48e-04	3.83e-07	0.00e+00	0.00e+00	0.00e+00	0.00e+00	0.00e+00	8.27e-01	1.00e-07	6.13e-08
 6.80671e+22	8.34e-01	1.66e-01	1.34e-04	3.60e-07	0.00e+00	0.00e+00	0.00e+00	0.00e+00	0.00e+00	8.34e-01	9.93e-08	6.06e-08
 6.81375e+22	8.41e-01	1.59e-01	1.22e-04	3.38e-07	0.00e+00	0.00e+00	0.00e+00	0.00e+00	0.00e+00	8.41e-01	9.85e-08	5.99e-08
 6.82100e+22	8.48e-01	1.52e-01	1.10e-04	3.18e-07	0.00e+00	0.00e+00	0.00e+00	0.00e+00	0.00e+00	8.48e-01	9.77e-08	5.93e-08
 6.82847e+22	8.54e-01	1.46e-01	1.00e-04	2.98e-07	0.00e+00	0.00e+00	0.00e+00	0.00e+00	0.00e+00	8.54e-01	9.69e-08	5.86e-08
 6.83612e+22	8.60e-01	1.40e-01	9.10e-05	2.80e-07	0.00e+00	0.00e+00	0.00e+00	0.00e+00	0.00e+00	8.60e-01	9.61e-08	5.79e-08
 6.84396e+22	8.66e-01	1.34e-01	8.27e-05	2.63e-07	0.00e+00	0.00e+00	0.00e+00	0.00e+00	0.00e+00	8.66e-01	9.54e-08	5.73e-08
 6.85195e+22	8.72e-01	1.28e-01	7.52e-05	2.47e-07	0.00e+00	0.00e+00	0.00e+00	0.00e+00	0.00e+00	8.72e-01	9.46e-08	5.66e-08
 6.86011e+22	8.77e-01	1.23e-01	6.85e-05	2.33e-07	0.00e+00	0.00e+00	0.00e+00	0.00e+00	0.00e+00	8.77e-01	9.39e-08	5.59e-08
 6.86846e+22	8.82e-01	1.18e-01	6.26e-05	2.19e-07	0.00e+00	0.00e+00	0.00e+00	0.00e+00	0.00e+00	8.82e-01	9.32e-08	5.53e-08
 6.87687e+22	8.87e-01	1.13e-01	5.73e-05	2.06e-07	0.00e+00	0.00e+00	0.00e+00	0.00e+00	0.00e+00	8.87e-01	9.25e-08	5.47e-08
 6.88525e+22	8.92e-01	1.08e-01	5.27e-05	1.95e-07	0.00e+00	0.00e+00	0.00e+00	0.00e+00	0.00e+00	8.92e-01	9.20e-08	5.41e-08
 6.89377e+22	8.96e-01	1.04e-01	4.86e-05	1.84e-07	0.00e+00	0.00e+00	0.00e+00	0.00e+00	0.00e+00	8.96e-01	9.14e-08	5.35e-08
 6.90260e+22	9.00e-01	9.99e-02	4.49e-05	1.73e-07	0.00e+00	0.00e+00	0.00e+00	0.00e+00	0.00e+00	9.00e-01	9.09e-08	5.30e-08
 6.91154e+22	9.04e-01	9.61e-02	4.16e-05	1.64e-07	0.00e+00	0.00e+00	0.00e+00	0.00e+00	0.00e+00	9.04e-01	9.05e-08	5.26e-08
 6.92055e+22	9.08e-01	9.24e-02	3.87e-05	1.55e-07	0.00e+00	0.00e+00	0.00e+00	0.00e+00	0.00e+00	9.08e-01	9.01e-08	5.21e-08
 6.92982e+22	9.11e-01	8.87e-02	3.61e-05	1.46e-07	0.00e+00	0.00e+00	0.00e+00	0.00e+00	0.00e+00	9.11e-01	8.97e-08	5.16e-08
 6.93932e+22	9.15e-01	8.53e-02	3.37e-05	1.38e-07	0.00e+00	0.00e+00	0.00e+00	0.00e+00	0.00e+00	9.15e-01	8.93e-08	5.12e-08
 6.94896e+22	9.18e-01	8.20e-02	3.16e-05	1.31e-07	0.00e+00	0.00e+00	0.00e+00	0.00e+00	0.00e+00	9.18e-01	8.90e-08	5.08e-08
 6.95874e+22	9.21e-01	7.87e-02	2.97e-05	1.24e-07	0.00e+00	0.00e+00	0.00e+00	0.00e+00	0.00e+00	9.21e-01	8.87e-08	5.03e-08
 6.96883e+22	9.24e-01	7.57e-02	2.80e-05	0.00e+00	0.00e+00	0.00e+00	0.00e+00	0.00e+00	0.00e+00	9.24e-01	8.85e-08	4.99e-08
 6.97912e+22	9.27e-01	7.27e-02	2.65e-05	0.00e+00	0.00e+00	0.00e+00	0.00e+00	0.00e+00	0.00e+00	9.27e-01	8.83e-08	4.96e-08
 6.98913e+22	9.30e-01	7.00e-02	2.53e-05	0.00e+00	0.00e+00	0.00e+00	0.00e+00	0.00e+00	0.00e+00	9.30e-01	8.81e-08	4.92e-08
 6.99849e+22	9.32e-01	6.77e-02	2.42e-05	0.00e+00	0.00e+00	0.00e+00	0.00e+00	0.00e+00	0.00e+00	9.32e-01	8.78e-08	4.89e-08
 7.00712e+22	9.34e-01	6.57e-02	2.34e-05	0.00e+00	0.00e+00	0.00e+00	0.00e+00	0.00e+00	0.00e+00	9.34e-01	8.76e-08	4.86e-08
 7.01519e+22	9.36e-01	6.38e-02	2.27e-05	0.00e+00	0.00e+00	0.00e+00	0.00e+00	0.00e+00	0.00e+00	9.36e-01	8.73e-08	4.83e-08
 7.02267e+22	9.38e-01	6.22e-02	2.21e-05	0.00e+00	0.00e+00	0.00e+00	0.00e+00	0.00e+00	0.00e+00	9.38e-01	8.72e-08	4.80e-08
 7.02991e+22	9.39e-01	6.06e-02	2.15e-05	0.00e+00	0.00e+00	0.00e+00	0.00e+00	0.00e+00	0.00e+00	9.39e-01	8.71e-08	4.78e-08
 7.03719e+22	9.41e-01	5.91e-02	2.10e-05	0.00e+00	0.00e+00	0.00e+00	0.00e+00	0.00e+00	0.00e+00	9.41e-01	8.70e-08	4.76e-08
 7.04434e+22	9.42e-01	5.75e-02	2.06e-05	0.00e+00	0.00e+00	0.00e+00	0.00e+00	0.00e+00	0.00e+00	9.42e-01	8.68e-08	4.74e-08
 7.05103e+22	9.44e-01	5.61e-02	2.02e-05	0.00e+00	0.00e+00	0.00e+00	0.00e+00	0.00e+00	0.00e+00	9.44e-01	8.67e-08	4.72e-08
 7.05725e+22	9.45e-01	5.49e-02	1.98e-05	0.00e+00	0.00e+00	0.00e+00	0.00e+00	0.00e+00	0.00e+00	9.45e-01	8.66e-08	4.70e-08
 7.06351e+22	9.46e-01	5.36e-02	1.95e-05	0.00e+00	0.00e+00	0.00e+00	0.00e+00	0.00e+00	0.00e+00	9.46e-01	8.65e-08	4.68e-08
 7.06955e+22	9.48e-01	5.24e-02	1.92e-05	0.00e+00	0.00e+00	0.00e+00	0.00e+00	0.00e+00	0.00e+00	9.48e-01	8.63e-08	4.66e-08
 7.07525e+22	9.49e-01	5.13e-02	1.89e-05	0.00e+00	0.00e+00	0.00e+00	0.00e+00	0.00e+00	0.00e+00	9.49e-01	8.63e-08	4.65e-08
 7.08091e+22	9.50e-01	5.02e-02	1.86e-05	0.00e+00	0.00e+00	0.00e+00	0.00e+00	0.00e+00	0.00e+00	9.50e-01	8.62e-08	4.63e-08
 7.08634e+22	9.51e-01	4.91e-02	1.84e-05	0.00e+00	0.00e+00	0.00e+00	0.00e+00	0.00e+00	0.00e+00	9.51e-01	8.60e-08	4.61e-08
 7.09145e+22	9.52e-01	4.82e-02	1.82e-05	0.00e+00	0.00e+00	0.00e+00	0.00e+00	0.00e+00	0.00e+00	9.52e-01	8.60e-08	4.60e-08
 7.09645e+22	9.53e-01	4.72e-02	1.80e-05	0.00e+00	0.00e+00	0.00e+00	0.00e+00	0.00e+00	0.00e+00	9.53e-01	8.59e-08	4.58e-08
 7.10133e+22	9.54e-01	4.62e-02	1.78e-05	0.00e+00	0.00e+00	0.00e+00	0.00e+00	0.00e+00	0.00e+00	9.54e-01	8.57e-08	4.56e-08
 7.10591e+22	9.55e-01	4.54e-02	1.76e-05	0.00e+00	0.00e+00	0.00e+00	0.00e+00	0.00e+00	0.00e+00	9.55e-01	8.56e-08	4.55e-08
 7.11009e+22	9.55e-01	4.46e-02	1.75e-05	0.00e+00	0.00e+00	0.00e+00	0.00e+00	0.00e+00	0.00e+00	9.55e-01	8.54e-08	4.53e-08
 7.11389e+22	9.56e-01	4.39e-02	1.73e-05	0.00e+00	0.00e+00	0.00e+00	0.00e+00	0.00e+00	0.00e+00	9.56e-01	8.53e-08	4.52e-08
 7.11734e+22	9.57e-01	4.32e-02	1.72e-05	0.00e+00	0.00e+00	0.00e+00	0.00e+00	0.00e+00	0.00e+00	9.57e-01	8.52e-08	4.50e-08
 7.12049e+22	9.57e-01	4.27e-02	1.71e-05	0.00e+00	0.00e+00	0.00e+00	0.00e+00	0.00e+00	0.00e+00	9.57e-01	8.51e-08	4.49e-08
 7.12335e+22	9.58e-01	4.21e-02	1.70e-05	0.00e+00	0.00e+00	0.00e+00	0.00e+00	0.00e+00	0.00e+00	9.58e-01	8.50e-08	4.48e-08
 7.12595e+22	9.58e-01	4.17e-02	1.69e-05	0.00e+00	0.00e+00	0.00e+00	0.00e+00	0.00e+00	0.00e+00	9.58e-01	8.47e-08	4.47e-08
 7.12881e+22	9.59e-01	4.11e-02	1.68e-05	0.00e+00	0.00e+00	0.00e+00	0.00e+00	0.00e+00	0.00e+00	9.59e-01	8.44e-08	4.45e-08
 7.13189e+22	9.59e-01	4.05e-02	1.67e-05	0.00e+00	0.00e+00	0.00e+00	0.00e+00	0.00e+00	0.00e+00	9.59e-01	8.40e-08	4.44e-08
 7.13469e+22	9.60e-01	4.00e-02	1.66e-05	0.00e+00	0.00e+00	0.00e+00	0.00e+00	0.00e+00	0.00e+00	9.60e-01	8.37e-08	4.43e-08
 7.13724e+22	9.60e-01	3.95e-02	1.65e-05	0.00e+00	0.00e+00	0.00e+00	0.00e+00	0.00e+00	0.00e+00	9.60e-01	8.33e-08	4.41e-08
 7.13957e+22	9.61e-01	3.92e-02	1.64e-05	0.00e+00	0.00e+00	0.00e+00	0.00e+00	0.00e+00	0.00e+00	9.61e-01	8.32e-08	4.40e-08
 7.14211e+22	9.61e-01	3.87e-02	1.63e-05	0.00e+00	0.00e+00	0.00e+00	0.00e+00	0.00e+00	0.00e+00	9.61e-01	8.30e-08	4.40e-08
 7.14542e+22	9.62e-01	3.80e-02	1.62e-05	0.00e+00	0.00e+00	0.00e+00	0.00e+00	0.00e+00	0.00e+00	9.62e-01	8.26e-08	4.38e-08
 7.14899e+22	9.63e-01	3.73e-02	1.60e-05	0.00e+00	0.00e+00	0.00e+00	0.00e+00	0.00e+00	0.00e+00	9.63e-01	8.22e-08	4.37e-08
 7.15224e+22	9.63e-01	3.67e-02	1.59e-05	0.00e+00	0.00e+00	0.00e+00	0.00e+00	0.00e+00	0.00e+00	9.63e-01	8.20e-08	4.35e-08
 7.15519e+22	9.64e-01	3.62e-02	1.58e-05	0.00e+00	0.00e+00	0.00e+00	0.00e+00	0.00e+00	0.00e+00	9.64e-01	8.18e-08	4.35e-08
 7.15843e+22	9.64e-01	3.57e-02	1.56e-05	0.00e+00	0.00e+00	0.00e+00	0.00e+00	0.00e+00	0.00e+00	9.64e-01	8.16e-08	4.34e-08
 7.16193e+22	9.65e-01	3.51e-02	1.55e-05	0.00e+00	0.00e+00	0.00e+00	0.00e+00	0.00e+00	0.00e+00	9.65e-01	8.14e-08	4.33e-08
 7.16512e+22	9.65e-01	3.47e-02	1.53e-05	0.00e+00	0.00e+00	0.00e+00	0.00e+00	0.00e+00	0.00e+00	9.65e-01	8.12e-08	4.32e-08
 7.16801e+22	9.66e-01	3.42e-02	1.52e-05	0.00e+00	0.00e+00	0.00e+00	0.00e+00	0.00e+00	0.00e+00	9.66e-01	8.10e-08	4.31e-08
 7.17065e+22	9.66e-01	3.40e-02	1.51e-05	0.00e+00	0.00e+00	0.00e+00	0.00e+00	0.00e+00	0.00e+00	9.66e-01	8.09e-08	4.31e-08
 7.17354e+22	9.67e-01	3.35e-02	1.50e-05	0.00e+00	0.00e+00	0.00e+00	0.00e+00	0.00e+00	0.00e+00	9.67e-01	8.08e-08	4.30e-08
 7.17729e+22	9.67e-01	3.28e-02	1.48e-05	0.00e+00	0.00e+00	0.00e+00	0.00e+00	0.00e+00	0.00e+00	9.67e-01	8.06e-08	4.29e-08
 7.18135e+22	9.68e-01	3.22e-02	1.46e-05	0.00e+00	0.00e+00	0.00e+00	0.00e+00	0.00e+00	0.00e+00	9.68e-01	8.04e-08	4.28e-08
 7.18503e+22	9.68e-01	3.17e-02	1.44e-05	0.00e+00	0.00e+00	0.00e+00	0.00e+00	0.00e+00	0.00e+00	9.68e-01	8.03e-08	4.27e-08
 7.18839e+22	9.69e-01	3.12e-02	1.43e-05	0.00e+00	0.00e+00	0.00e+00	0.00e+00	0.00e+00	0.00e+00	9.69e-01	8.02e-08	4.27e-08
 7.19145e+22	9.69e-01	3.09e-02	1.42e-05	0.00e+00	0.00e+00	0.00e+00	0.00e+00	0.00e+00	0.00e+00	9.69e-01	8.00e-08	4.26e-08
 7.19423e+22	9.69e-01	3.05e-02	1.41e-05	0.00e+00	0.00e+00	0.00e+00	0.00e+00	0.00e+00	0.00e+00	9.69e-01	7.99e-08	4.25e-08
 7.19727e+22	9.70e-01	3.00e-02	1.39e-05	0.00e+00	0.00e+00	0.00e+00	0.00e+00	0.00e+00	0.00e+00	9.70e-01	7.97e-08	4.24e-08
 7.20056e+22	9.70e-01	2.95e-02	1.37e-05	0.00e+00	0.00e+00	0.00e+00	0.00e+00	0.00e+00	0.00e+00	9.70e-01	7.95e-08	4.23e-08
 7.20355e+22	9.71e-01	2.91e-02	1.36e-05	0.00e+00	0.00e+00	0.00e+00	0.00e+00	0.00e+00	0.00e+00	9.71e-01	7.93e-08	4.22e-08
 7.20628e+22	9.71e-01	2.88e-02	1.34e-05	0.00e+00	0.00e+00	0.00e+00	0.00e+00	0.00e+00	0.00e+00	9.71e-01	7.91e-08	4.20e-08
 7.20875e+22	9.71e-01	2.85e-02	1.33e-05	0.00e+00	0.00e+00	0.00e+00	0.00e+00	0.00e+00	0.00e+00	9.71e-01	7.90e-08	4.19e-08
 7.21147e+22	9.72e-01	2.81e-02	1.32e-05	0.00e+00	0.00e+00	0.00e+00	0.00e+00	0.00e+00	0.00e+00	9.72e-01	7.89e-08	4.19e-08
 7.21500e+22	9.72e-01	2.76e-02	1.30e-05	0.00e+00	0.00e+00	0.00e+00	0.00e+00	0.00e+00	0.00e+00	9.72e-01	7.87e-08	4.17e-08
 7.21881e+22	9.73e-01	2.70e-02	1.28e-05	0.00e+00	0.00e+00	0.00e+00	0.00e+00	0.00e+00	0.00e+00	9.73e-01	7.85e-08	4.16e-08
 7.22228e+22	9.73e-01	2.65e-02	1.26e-05	0.00e+00	0.00e+00	0.00e+00	0.00e+00	0.00e+00	0.00e+00	9.73e-01	7.83e-08	4.14e-08
 7.22544e+22	9.74e-01	2.62e-02	1.25e-05	0.00e+00	0.00e+00	0.00e+00	0.00e+00	0.00e+00	0.00e+00	9.74e-01	7.82e-08	4.13e-08
 7.22831e+22	9.74e-01	2.59e-02	1.24e-05	0.00e+00	0.00e+00	0.00e+00	0.00e+00	0.00e+00	0.00e+00	9.74e-01	7.80e-08	4.12e-08
 7.23092e+22	9.74e-01	2.56e-02	1.23e-05	0.00e+00	0.00e+00	0.00e+00	0.00e+00	0.00e+00	0.00e+00	9.74e-01	7.79e-08	4.11e-08
 7.23379e+22	9.75e-01	2.52e-02	1.21e-05	0.00e+00	0.00e+00	0.00e+00	0.00e+00	0.00e+00	0.00e+00	9.75e-01	7.77e-08	4.09e-08
 7.23688e+22	9.75e-01	2.48e-02	1.20e-05	0.00e+00	0.00e+00	0.00e+00	0.00e+00	0.00e+00	0.00e+00	9.75e-01	7.75e-08	4.08e-08
 7.23969e+22	9.76e-01	2.45e-02	1.19e-05	0.00e+00	0.00e+00	0.00e+00	0.00e+00	0.00e+00	0.00e+00	9.76e-01	7.74e-08	4.07e-08
 7.24277e+22	9.76e-01	2.41e-02	1.18e-05	0.00e+00	0.00e+00	0.00e+00	0.00e+00	0.00e+00	0.00e+00	9.76e-01	7.72e-08	4.05e-08
 7.24610e+22	9.76e-01	2.37e-02	1.16e-05	0.00e+00	0.00e+00	0.00e+00	0.00e+00	0.00e+00	0.00e+00	9.76e-01	7.70e-08	4.04e-08
 7.24913e+22	9.77e-01	2.34e-02	1.15e-05	0.00e+00	0.00e+00	0.00e+00	0.00e+00	0.00e+00	0.00e+00	9.77e-01	7.69e-08	4.02e-08
 7.25189e+22	9.77e-01	2.30e-02	1.14e-05	0.00e+00	0.00e+00	0.00e+00	0.00e+00	0.00e+00	0.00e+00	9.77e-01	7.62e-08	3.99e-08
 7.25440e+22	9.77e-01	2.29e-02	1.14e-05	0.00e+00	0.00e+00	0.00e+00	0.00e+00	0.00e+00	0.00e+00	9.77e-01	7.60e-08	3.98e-08
 7.25715e+22	9.77e-01	2.26e-02	1.12e-05	0.00e+00	0.00e+00	0.00e+00	0.00e+00	0.00e+00	0.00e+00	9.77e-01	7.54e-08	3.95e-08
 7.26072e+22	9.78e-01	2.22e-02	1.11e-05	0.00e+00	0.00e+00	0.00e+00	0.00e+00	0.00e+00	0.00e+00	9.78e-01	7.47e-08	3.92e-08
 7.26458e+22	9.78e-01	2.18e-02	1.10e-05	0.00e+00	0.00e+00	0.00e+00	0.00e+00	0.00e+00	0.00e+00	9.78e-01	7.39e-08	3.88e-08
 7.26809e+22	9.79e-01	2.14e-02	1.09e-05	0.00e+00	0.00e+00	0.00e+00	0.00e+00	0.00e+00	0.00e+00	9.79e-01	7.31e-08	3.84e-08
 7.27128e+22	9.79e-01	2.12e-02	1.08e-05	0.00e+00	0.00e+00	0.00e+00	0.00e+00	0.00e+00	0.00e+00	9.79e-01	7.29e-08	3.82e-08
 7.27478e+22	9.79e-01	2.09e-02	1.06e-05	0.00e+00	0.00e+00	0.00e+00	0.00e+00	0.00e+00	0.00e+00	9.79e-01	7.22e-08	3.77e-08
 7.27856e+22	9.79e-01	2.05e-02	1.05e-05	0.00e+00	0.00e+00	0.00e+00	0.00e+00	0.00e+00	0.00e+00	9.79e-01	7.16e-08	3.73e-08
 7.28200e+22	9.80e-01	2.02e-02	1.04e-05	0.00e+00	0.00e+00	0.00e+00	0.00e+00	0.00e+00	0.00e+00	9.80e-01	7.11e-08	3.70e-08
 7.28577e+22	9.80e-01	1.99e-02	1.03e-05	0.00e+00	0.00e+00	0.00e+00	0.00e+00	0.00e+00	0.00e+00	9.80e-01	7.04e-08	3.65e-08
 7.28983e+22	9.80e-01	1.95e-02	1.02e-05	0.00e+00	0.00e+00	0.00e+00	0.00e+00	0.00e+00	0.00e+00	9.80e-01	6.97e-08	3.61e-08
 7.29354e+22	9.81e-01	1.91e-02	1.01e-05	0.00e+00	0.00e+00	0.00e+00	0.00e+00	0.00e+00	0.00e+00	9.81e-01	6.89e-08	3.55e-08
 7.29691e+22	9.81e-01	1.90e-02	9.99e-06	0.00e+00	0.00e+00	0.00e+00	0.00e+00	0.00e+00	0.00e+00	9.81e-01	6.87e-08	3.54e-08
 7.30060e+22	9.81e-01	1.86e-02	9.87e-06	0.00e+00	0.00e+00	0.00e+00	0.00e+00	0.00e+00	0.00e+00	9.81e-01	6.80e-08	3.49e-08
 7.30458e+22	9.82e-01	1.83e-02	9.76e-06	0.00e+00	0.00e+00	0.00e+00	0.00e+00	0.00e+00	0.00e+00	9.82e-01	6.74e-08	3.45e-08
 7.30821e+22	9.82e-01	1.80e-02	9.66e-06	0.00e+00	0.00e+00	0.00e+00	0.00e+00	0.00e+00	0.00e+00	9.82e-01	6.66e-08	3.40e-08
 7.31151e+22	9.82e-01	1.78e-02	9.59e-06	0.00e+00	0.00e+00	0.00e+00	0.00e+00	0.00e+00	0.00e+00	9.82e-01	6.65e-08	3.39e-08
 7.31513e+22	9.82e-01	1.75e-02	9.48e-06	0.00e+00	0.00e+00	0.00e+00	0.00e+00	0.00e+00	0.00e+00	9.82e-01	6.58e-08	3.34e-08
 7.31903e+22	9.83e-01	1.72e-02	9.38e-06	0.00e+00	0.00e+00	0.00e+00	0.00e+00	0.00e+00	0.00e+00	9.83e-01	6.51e-08	3.30e-08
 7.32258e+22	9.83e-01	1.70e-02	9.31e-06	0.00e+00	0.00e+00	0.00e+00	0.00e+00	0.00e+00	0.00e+00	9.83e-01	6.46e-08	3.27e-08
 7.32648e+22	9.83e-01	1.67e-02	9.19e-06	0.00e+00	0.00e+00	0.00e+00	0.00e+00	0.00e+00	0.00e+00	9.83e-01	6.38e-08	3.22e-08
 7.33068e+22	9.84e-01	1.64e-02	9.09e-06	0.00e+00	0.00e+00	0.00e+00	0.00e+00	0.00e+00	0.00e+00	9.84e-01	6.31e-08	3.17e-08
 7.33450e+22	9.84e-01	1.61e-02	9.00e-06	0.00e+00	0.00e+00	0.00e+00	0.00e+00	0.00e+00	0.00e+00	9.84e-01	6.22e-08	3.12e-08
 7.33798e+22	9.84e-01	1.59e-02	8.93e-06	0.00e+00	0.00e+00	0.00e+00	0.00e+00	0.00e+00	0.00e+00	9.84e-01	6.20e-08	3.10e-08
 7.34180e+22	9.84e-01	1.57e-02	8.84e-06	0.00e+00	0.00e+00	0.00e+00	0.00e+00	0.00e+00	0.00e+00	9.84e-01	6.13e-08	3.06e-08
 7.34591e+22	9.85e-01	1.54e-02	8.74e-06	0.00e+00	0.00e+00	0.00e+00	0.00e+00	0.00e+00	0.00e+00	9.85e-01	6.05e-08	3.01e-08
 7.34966e+22	9.85e-01	1.52e-02	8.67e-06	0.00e+00	0.00e+00	0.00e+00	0.00e+00	0.00e+00	0.00e+00	9.85e-01	6.01e-08	2.98e-08
 7.35377e+22	9.85e-01	1.49e-02	8.57e-06	0.00e+00	0.00e+00	0.00e+00	0.00e+00	0.00e+00	0.00e+00	9.85e-01	5.92e-08	2.92e-08
 7.35820e+22	9.85e-01	1.46e-02	8.47e-06	0.00e+00	0.00e+00	0.00e+00	0.00e+00	0.00e+00	0.00e+00	9.85e-01	5.84e-08	2.88e-08
 7.36223e+22	9.86e-01	1.44e-02	8.40e-06	0.00e+00	0.00e+00	0.00e+00	0.00e+00	0.00e+00	0.00e+00	9.86e-01	5.80e-08	2.84e-08
 7.36665e+22	9.86e-01	1.41e-02	8.29e-06	0.00e+00	0.00e+00	0.00e+00	0.00e+00	0.00e+00	0.00e+00	9.86e-01	5.71e-08	2.79e-08
 7.37143e+22	9.86e-01	1.38e-02	8.20e-06	0.00e+00	0.00e+00	0.00e+00	0.00e+00	0.00e+00	0.00e+00	9.86e-01	5.63e-08	2.74e-08
 7.37577e+22	9.86e-01	1.36e-02	8.12e-06	0.00e+00	0.00e+00	0.00e+00	0.00e+00	0.00e+00	0.00e+00	9.86e-01	5.59e-08	2.71e-08
 7.38053e+22	9.87e-01	1.33e-02	8.02e-06	0.00e+00	0.00e+00	0.00e+00	0.00e+00	0.00e+00	0.00e+00	9.87e-01	5.50e-08	2.65e-08
 7.38566e+22	9.87e-01	1.30e-02	7.92e-06	0.00e+00	0.00e+00	0.00e+00	0.00e+00	0.00e+00	0.00e+00	9.87e-01	5.43e-08	2.61e-08
 7.39034e+22	9.87e-01	1.28e-02	7.84e-06	0.00e+00	0.00e+00	0.00e+00	0.00e+00	0.00e+00	0.00e+00	9.87e-01	5.37e-08	2.58e-08
 7.39546e+22	9.87e-01	1.25e-02	7.74e-06	0.00e+00	0.00e+00	0.00e+00	0.00e+00	0.00e+00	0.00e+00	9.87e-01	5.30e-08	2.54e-08
 7.40099e+22	9.88e-01	1.23e-02	7.64e-06	0.00e+00	0.00e+00	0.00e+00	0.00e+00	0.00e+00	0.00e+00	9.88e-01	5.24e-08	2.50e-08
 7.40602e+22	9.88e-01	1.20e-02	7.56e-06	0.00e+00	0.00e+00	0.00e+00	0.00e+00	0.00e+00	0.00e+00	9.88e-01	5.17e-08	2.45e-08
 7.41060e+22	9.88e-01	1.18e-02	7.49e-06	0.00e+00	0.00e+00	0.00e+00	0.00e+00	0.00e+00	0.00e+00	9.88e-01	5.11e-08	2.41e-08
 7.41562e+22	9.88e-01	1.16e-02	7.39e-06	0.00e+00	0.00e+00	0.00e+00	0.00e+00	0.00e+00	0.00e+00	9.88e-01	5.05e-08	2.36e-08
 7.42104e+22	9.89e-01	1.13e-02	7.30e-06	0.00e+00	0.00e+00	0.00e+00	0.00e+00	0.00e+00	0.00e+00	9.89e-01	4.96e-08	2.31e-08
