#depth	He	He+	He+2
 4.62852e+21	2.20e-08	8.64e-04	9.99e-01
 1.02936e+22	2.56e-08	1.45e-03	9.99e-01
 1.18031e+22	3.25e-08	1.80e-03	9.98e-01
 1.25126e+22	3.79e-08	2.00e-03	9.98e-01
 1.28370e+22	4.03e-08	2.08e-03	9.98e-01
 1.30395e+22	4.38e-08	2.19e-03	9.98e-01
 1.32556e+22	4.73e-08	2.29e-03	9.98e-01
 1.34895e+22	5.23e-08	2.42e-03	9.98e-01
 1.37248e+22	5.66e-08	2.53e-03	9.97e-01
 1.39619e+22	6.30e-08	2.68e-03	9.97e-01
 1.42033e+22	6.85e-08	2.80e-03	9.97e-01
 1.44500e+22	7.67e-08	2.97e-03	9.97e-01
 1.47027e+22	8.39e-08	3.11e-03	9.97e-01
 1.49629e+22	9.45e-08	3.31e-03	9.97e-01
 1.52281e+22	1.04e-07	3.47e-03	9.97e-01
 1.54521e+22	1.13e-07	3.62e-03	9.96e-01
 1.56955e+22	1.26e-07	3.83e-03	9.96e-01
 1.59316e+22	1.37e-07	3.98e-03	9.96e-01
 1.61581e+22	1.52e-07	4.19e-03	9.96e-01
 1.63869e+22	1.64e-07	4.35e-03	9.96e-01
 1.66186e+22	1.82e-07	4.59e-03	9.95e-01
 1.68537e+22	1.97e-07	4.77e-03	9.95e-01
 1.70932e+22	2.19e-07	5.03e-03	9.95e-01
 1.73361e+22	2.38e-07	5.24e-03	9.95e-01
 1.75836e+22	2.66e-07	5.53e-03	9.94e-01
 1.78352e+22	2.89e-07	5.76e-03	9.94e-01
 1.80923e+22	3.24e-07	6.09e-03	9.94e-01
 1.83548e+22	3.53e-07	6.35e-03	9.94e-01
 1.86245e+22	3.97e-07	6.73e-03	9.93e-01
 1.89014e+22	4.35e-07	7.04e-03	9.93e-01
 1.91875e+22	4.91e-07	7.48e-03	9.93e-01
 1.94768e+22	5.39e-07	7.83e-03	9.92e-01
 1.97702e+22	6.10e-07	8.32e-03	9.92e-01
 2.00671e+22	6.70e-07	8.71e-03	9.91e-01
 2.03686e+22	7.60e-07	9.27e-03	9.91e-01
 2.06746e+22	8.36e-07	9.72e-03	9.90e-01
 2.09445e+22	9.22e-07	1.02e-02	9.90e-01
 2.12534e+22	1.04e-06	1.08e-02	9.89e-01
 2.15678e+22	1.16e-06	1.14e-02	9.89e-01
 2.18226e+22	1.26e-06	1.19e-02	9.88e-01
 2.20869e+22	1.39e-06	1.25e-02	9.88e-01
 2.23646e+22	1.52e-06	1.31e-02	9.87e-01
 2.26196e+22	1.66e-06	1.36e-02	9.86e-01
 2.29107e+22	1.86e-06	1.44e-02	9.86e-01
 2.32091e+22	2.05e-06	1.51e-02	9.85e-01
 2.34711e+22	2.24e-06	1.58e-02	9.84e-01
 2.37656e+22	2.50e-06	1.67e-02	9.83e-01
 2.40737e+22	2.77e-06	1.76e-02	9.82e-01
 2.43521e+22	3.04e-06	1.84e-02	9.82e-01
 2.46668e+22	3.42e-06	1.95e-02	9.81e-01
 2.49913e+22	3.80e-06	2.05e-02	9.79e-01
 2.52801e+22	4.18e-06	2.15e-02	9.78e-01
 2.56071e+22	4.72e-06	2.28e-02	9.77e-01
 2.59468e+22	5.27e-06	2.41e-02	9.76e-01
 2.62528e+22	5.83e-06	2.53e-02	9.75e-01
 2.66001e+22	6.64e-06	2.70e-02	9.73e-01
 2.69565e+22	7.42e-06	2.85e-02	9.71e-01
 2.72767e+22	8.25e-06	3.00e-02	9.70e-01
 2.76445e+22	9.48e-06	3.22e-02	9.68e-01
 2.80152e+22	1.06e-05	3.40e-02	9.66e-01
 2.83897e+22	1.22e-05	3.64e-02	9.64e-01
 2.87701e+22	1.37e-05	3.85e-02	9.62e-01
 2.91584e+22	1.58e-05	4.13e-02	9.59e-01
 2.95503e+22	1.77e-05	4.37e-02	9.56e-01
 2.99470e+22	2.06e-05	4.70e-02	9.53e-01
 3.03476e+22	2.31e-05	4.97e-02	9.50e-01
 3.07533e+22	2.69e-05	5.35e-02	9.46e-01
 3.11644e+22	3.03e-05	5.67e-02	9.43e-01
 3.15825e+22	3.53e-05	6.11e-02	9.39e-01
 3.19944e+22	3.96e-05	6.46e-02	9.35e-01
 3.23393e+22	4.42e-05	6.80e-02	9.32e-01
 3.26707e+22	4.91e-05	7.16e-02	9.28e-01
 3.30433e+22	5.62e-05	7.64e-02	9.24e-01
 3.34158e+22	6.26e-05	8.05e-02	9.19e-01
 3.37880e+22	7.11e-05	8.55e-02	9.14e-01
 3.41681e+22	7.96e-05	9.02e-02	9.10e-01
 3.45041e+22	8.85e-05	9.49e-02	9.05e-01
 3.48864e+22	1.01e-04	1.01e-01	8.99e-01
 3.52756e+22	1.13e-04	1.07e-01	8.93e-01
 3.56220e+22	1.26e-04	1.12e-01	8.88e-01
 3.59410e+22	1.38e-04	1.17e-01	8.83e-01
 3.62322e+22	1.51e-04	1.22e-01	8.78e-01
 3.65664e+22	1.69e-04	1.29e-01	8.71e-01
 3.69055e+22	1.86e-04	1.34e-01	8.65e-01
 3.72050e+22	2.03e-04	1.40e-01	8.60e-01
 3.75483e+22	2.27e-04	1.48e-01	8.52e-01
 3.78944e+22	2.50e-04	1.54e-01	8.46e-01
 3.81966e+22	2.73e-04	1.61e-01	8.39e-01
 3.85418e+22	3.07e-04	1.69e-01	8.31e-01
 3.88905e+22	3.35e-04	1.76e-01	8.24e-01
 3.92435e+22	3.75e-04	1.85e-01	8.14e-01
 3.96018e+22	4.13e-04	1.93e-01	8.06e-01
 3.99172e+22	4.52e-04	2.01e-01	7.98e-01
 4.02775e+22	5.05e-04	2.11e-01	7.88e-01
 4.06456e+22	5.55e-04	2.20e-01	7.79e-01
 4.10240e+22	6.22e-04	2.32e-01	7.68e-01
 4.14098e+22	6.88e-04	2.42e-01	7.57e-01
 4.17467e+22	7.53e-04	2.52e-01	7.48e-01
 4.21258e+22	8.43e-04	2.64e-01	7.35e-01
 4.25189e+22	9.30e-04	2.75e-01	7.24e-01
 4.29302e+22	1.05e-03	2.90e-01	7.09e-01
 4.33425e+22	1.16e-03	3.01e-01	6.97e-01
 4.35840e+22	1.19e-03	3.05e-01	6.93e-01
 4.37016e+22	1.23e-03	3.09e-01	6.90e-01
 4.38302e+22	1.28e-03	3.14e-01	6.85e-01
 4.39975e+22	1.34e-03	3.20e-01	6.79e-01
 4.42149e+22	1.42e-03	3.28e-01	6.71e-01
 4.44976e+22	1.55e-03	3.39e-01	6.59e-01
 4.47909e+22	1.65e-03	3.48e-01	6.50e-01
 4.50982e+22	1.80e-03	3.60e-01	6.38e-01
 4.54164e+22	1.94e-03	3.70e-01	6.28e-01
 4.57017e+22	2.08e-03	3.81e-01	6.17e-01
 4.60258e+22	2.27e-03	3.93e-01	6.05e-01
 4.63591e+22	2.45e-03	4.05e-01	5.93e-01
 4.66560e+22	2.63e-03	4.15e-01	5.82e-01
 4.69936e+22	2.88e-03	4.29e-01	5.68e-01
 4.73381e+22	3.09e-03	4.41e-01	5.56e-01
 4.76918e+22	3.39e-03	4.56e-01	5.41e-01
 4.80513e+22	3.66e-03	4.68e-01	5.29e-01
 4.84185e+22	4.00e-03	4.82e-01	5.14e-01
 4.87976e+22	4.34e-03	4.96e-01	5.00e-01
 4.91920e+22	4.79e-03	5.12e-01	4.83e-01
 4.95890e+22	5.18e-03	5.26e-01	4.69e-01
 4.99893e+22	5.72e-03	5.43e-01	4.52e-01
 5.03941e+22	6.17e-03	5.56e-01	4.38e-01
 5.08046e+22	6.79e-03	5.72e-01	4.21e-01
 5.12285e+22	7.37e-03	5.86e-01	4.06e-01
 5.16698e+22	8.19e-03	6.04e-01	3.87e-01
 5.21104e+22	8.86e-03	6.18e-01	3.73e-01
 5.25499e+22	9.79e-03	6.35e-01	3.55e-01
 5.30033e+22	1.06e-02	6.49e-01	3.40e-01
 5.34746e+22	1.18e-02	6.68e-01	3.20e-01
 5.39517e+22	1.28e-02	6.82e-01	3.06e-01
 5.44365e+22	1.43e-02	6.99e-01	2.86e-01
 5.49377e+22	1.56e-02	7.14e-01	2.71e-01
 5.54602e+22	1.75e-02	7.32e-01	2.51e-01
 5.59976e+22	1.92e-02	7.46e-01	2.35e-01
 5.65544e+22	2.17e-02	7.64e-01	2.15e-01
 5.71342e+22	2.40e-02	7.78e-01	1.98e-01
 5.77417e+22	2.75e-02	7.95e-01	1.78e-01
 5.83614e+22	3.06e-02	8.08e-01	1.62e-01
 5.88418e+22	3.31e-02	8.17e-01	1.50e-01
 5.93089e+22	3.67e-02	8.27e-01	1.37e-01
 5.97902e+22	4.02e-02	8.35e-01	1.25e-01
 6.02900e+22	4.50e-02	8.43e-01	1.12e-01
 6.08035e+22	4.97e-02	8.49e-01	1.01e-01
 6.12588e+22	5.46e-02	8.54e-01	9.15e-02
 6.16729e+22	5.95e-02	8.57e-01	8.34e-02
 6.20429e+22	6.46e-02	8.59e-01	7.64e-02
 6.24574e+22	7.16e-02	8.60e-01	6.86e-02
 6.28932e+22	7.93e-02	8.59e-01	6.16e-02
 6.32807e+22	8.73e-02	8.57e-01	5.58e-02
 6.36519e+22	9.62e-02	8.53e-01	5.07e-02
 6.40116e+22	1.06e-01	8.48e-01	4.63e-02
 6.43442e+22	1.17e-01	8.41e-01	4.26e-02
 6.46467e+22	1.28e-01	8.33e-01	3.96e-02
 6.49222e+22	1.39e-01	8.24e-01	3.72e-02
 6.51730e+22	1.51e-01	8.14e-01	3.52e-02
 6.54013e+22	1.64e-01	8.03e-01	3.36e-02
 6.56090e+22	1.77e-01	7.91e-01	3.24e-02
 6.57398e+22	1.84e-01	7.84e-01	3.21e-02
 6.57890e+22	1.87e-01	7.81e-01	3.19e-02
 6.58289e+22	1.90e-01	7.78e-01	3.17e-02
 6.58807e+22	1.94e-01	7.74e-01	3.14e-02
 6.59425e+22	1.99e-01	7.70e-01	3.11e-02
 6.60046e+22	2.04e-01	7.65e-01	3.08e-02
 6.60620e+22	2.09e-01	7.60e-01	3.07e-02
 6.61207e+22	2.14e-01	7.55e-01	3.04e-02
 6.61812e+22	2.19e-01	7.50e-01	3.03e-02
 6.62435e+22	2.25e-01	7.45e-01	3.01e-02
 6.63080e+22	2.32e-01	7.38e-01	2.99e-02
 6.63702e+22	2.38e-01	7.33e-01	2.98e-02
 6.64333e+22	2.44e-01	7.26e-01	2.97e-02
 6.65006e+22	2.51e-01	7.19e-01	2.96e-02
 6.65709e+22	2.58e-01	7.12e-01	2.96e-02
 6.66441e+22	2.67e-01	7.04e-01	2.95e-02
 6.67193e+22	2.75e-01	6.95e-01	2.94e-02
 6.67934e+22	2.84e-01	6.86e-01	2.94e-02
 6.68515e+22	2.90e-01	6.81e-01	2.95e-02
 6.68909e+22	2.95e-01	6.76e-01	2.95e-02
 6.69287e+22	3.00e-01	6.71e-01	2.95e-02
 6.69726e+22	3.05e-01	6.65e-01	2.94e-02
 6.70204e+22	3.12e-01	6.59e-01	2.93e-02
 6.70670e+22	3.18e-01	6.53e-01	2.94e-02
 6.71130e+22	3.24e-01	6.46e-01	2.93e-02
 6.71606e+22	3.31e-01	6.40e-01	2.92e-02
 6.72088e+22	3.38e-01	6.33e-01	2.91e-02
 6.72574e+22	3.45e-01	6.26e-01	2.90e-02
 6.73061e+22	3.52e-01	6.19e-01	2.89e-02
 6.73565e+22	3.60e-01	6.11e-01	2.87e-02
 6.74094e+22	3.68e-01	6.03e-01	2.86e-02
 6.74624e+22	3.77e-01	5.95e-01	2.84e-02
 6.75151e+22	3.85e-01	5.87e-01	2.82e-02
 6.75701e+22	3.94e-01	5.78e-01	2.79e-02
 6.76276e+22	4.04e-01	5.68e-01	2.76e-02
 6.76853e+22	4.14e-01	5.59e-01	2.73e-02
 6.77439e+22	4.24e-01	5.49e-01	2.70e-02
 6.78051e+22	4.35e-01	5.39e-01	2.66e-02
 6.78685e+22	4.46e-01	5.28e-01	2.62e-02
 6.79329e+22	4.57e-01	5.17e-01	2.57e-02
 6.79987e+22	4.69e-01	5.06e-01	2.52e-02
 6.80671e+22	4.81e-01	4.94e-01	2.47e-02
 6.81375e+22	4.94e-01	4.82e-01	2.41e-02
 6.82100e+22	5.07e-01	4.70e-01	2.35e-02
 6.82847e+22	5.20e-01	4.57e-01	2.29e-02
 6.83612e+22	5.34e-01	4.44e-01	2.22e-02
 6.84396e+22	5.47e-01	4.31e-01	2.16e-02
 6.85195e+22	5.62e-01	4.18e-01	2.08e-02
 6.86011e+22	5.76e-01	4.04e-01	2.01e-02
 6.86846e+22	5.90e-01	3.91e-01	1.93e-02
 6.87687e+22	6.04e-01	3.78e-01	1.85e-02
 6.88525e+22	6.17e-01	3.65e-01	1.78e-02
 6.89377e+22	6.31e-01	3.52e-01	1.70e-02
 6.90260e+22	6.44e-01	3.40e-01	1.63e-02
 6.91154e+22	6.57e-01	3.27e-01	1.55e-02
 6.92055e+22	6.70e-01	3.15e-01	1.48e-02
 6.92982e+22	6.83e-01	3.03e-01	1.40e-02
 6.93932e+22	6.95e-01	2.91e-01	1.33e-02
 6.94896e+22	7.08e-01	2.80e-01	1.25e-02
 6.95874e+22	7.20e-01	2.68e-01	1.18e-02
 6.96883e+22	7.32e-01	2.57e-01	1.11e-02
 6.97912e+22	7.43e-01	2.47e-01	1.04e-02
 6.98913e+22	7.53e-01	2.37e-01	9.77e-03
 6.99849e+22	7.63e-01	2.28e-01	9.20e-03
 7.00712e+22	7.71e-01	2.20e-01	8.69e-03
 7.01519e+22	7.79e-01	2.13e-01	8.22e-03
 7.02267e+22	7.85e-01	2.07e-01	7.81e-03
 7.02991e+22	7.92e-01	2.01e-01	7.42e-03
 7.03719e+22	7.98e-01	1.95e-01	7.08e-03
 7.04434e+22	8.04e-01	1.90e-01	6.71e-03
 7.05103e+22	8.09e-01	1.85e-01	6.41e-03
 7.05725e+22	8.14e-01	1.80e-01	6.13e-03
 7.06351e+22	8.18e-01	1.76e-01	5.85e-03
 7.06955e+22	8.23e-01	1.72e-01	5.60e-03
 7.07525e+22	8.27e-01	1.68e-01	5.37e-03
 7.08091e+22	8.31e-01	1.64e-01	5.14e-03
 7.08634e+22	8.35e-01	1.61e-01	4.94e-03
 7.09145e+22	8.38e-01	1.57e-01	4.75e-03
 7.09645e+22	8.41e-01	1.54e-01	4.57e-03
 7.10133e+22	8.45e-01	1.51e-01	4.39e-03
 7.10591e+22	8.48e-01	1.48e-01	4.23e-03
 7.11009e+22	8.50e-01	1.46e-01	4.09e-03
 7.11389e+22	8.53e-01	1.43e-01	3.97e-03
 7.11734e+22	8.55e-01	1.41e-01	3.85e-03
 7.12049e+22	8.57e-01	1.39e-01	3.75e-03
 7.12335e+22	8.59e-01	1.37e-01	3.65e-03
 7.12595e+22	8.61e-01	1.36e-01	3.57e-03
 7.12881e+22	8.63e-01	1.34e-01	3.47e-03
 7.13189e+22	8.64e-01	1.32e-01	3.38e-03
 7.13469e+22	8.66e-01	1.31e-01	3.30e-03
 7.13724e+22	8.67e-01	1.29e-01	3.23e-03
 7.13957e+22	8.69e-01	1.28e-01	3.18e-03
 7.14211e+22	8.70e-01	1.26e-01	3.10e-03
 7.14542e+22	8.72e-01	1.25e-01	3.00e-03
 7.14899e+22	8.74e-01	1.23e-01	2.92e-03
 7.15224e+22	8.76e-01	1.21e-01	2.84e-03
 7.15519e+22	8.77e-01	1.20e-01	2.78e-03
 7.15843e+22	8.79e-01	1.18e-01	2.70e-03
 7.16193e+22	8.81e-01	1.17e-01	2.63e-03
 7.16512e+22	8.82e-01	1.15e-01	2.57e-03
 7.16801e+22	8.84e-01	1.14e-01	2.51e-03
 7.17065e+22	8.85e-01	1.13e-01	2.47e-03
 7.17354e+22	8.86e-01	1.11e-01	2.40e-03
 7.17729e+22	8.88e-01	1.09e-01	2.32e-03
 7.18135e+22	8.90e-01	1.08e-01	2.25e-03
 7.18503e+22	8.91e-01	1.06e-01	2.19e-03
 7.18839e+22	8.93e-01	1.05e-01	2.14e-03
 7.19145e+22	8.94e-01	1.04e-01	2.09e-03
 7.19423e+22	8.95e-01	1.03e-01	2.04e-03
 7.19727e+22	8.97e-01	1.01e-01	1.98e-03
 7.20056e+22	8.98e-01	9.98e-02	1.93e-03
 7.20355e+22	9.00e-01	9.86e-02	1.88e-03
 7.20628e+22	9.01e-01	9.75e-02	1.84e-03
 7.20875e+22	9.02e-01	9.66e-02	1.81e-03
 7.21147e+22	9.03e-01	9.53e-02	1.76e-03
 7.21500e+22	9.04e-01	9.38e-02	1.70e-03
 7.21881e+22	9.06e-01	9.24e-02	1.65e-03
 7.22228e+22	9.07e-01	9.12e-02	1.61e-03
 7.22544e+22	9.08e-01	9.01e-02	1.57e-03
 7.22831e+22	9.09e-01	8.90e-02	1.54e-03
 7.23092e+22	9.10e-01	8.81e-02	1.50e-03
 7.23379e+22	9.12e-01	8.69e-02	1.46e-03
 7.23688e+22	9.13e-01	8.58e-02	1.43e-03
 7.23969e+22	9.14e-01	8.49e-02	1.39e-03
 7.24277e+22	9.15e-01	8.37e-02	1.36e-03
 7.24610e+22	9.16e-01	8.26e-02	1.32e-03
 7.24913e+22	9.17e-01	8.17e-02	1.29e-03
 7.25189e+22	9.18e-01	8.07e-02	1.26e-03
 7.25440e+22	9.19e-01	8.01e-02	1.24e-03
 7.25715e+22	9.20e-01	7.91e-02	1.21e-03
 7.26072e+22	9.21e-01	7.80e-02	1.18e-03
 7.26458e+22	9.22e-01	7.71e-02	1.15e-03
 7.26809e+22	9.23e-01	7.61e-02	1.12e-03
 7.27128e+22	9.24e-01	7.54e-02	1.10e-03
 7.27478e+22	9.25e-01	7.42e-02	1.07e-03
 7.27856e+22	9.26e-01	7.33e-02	1.04e-03
 7.28200e+22	9.27e-01	7.24e-02	1.02e-03
 7.28577e+22	9.28e-01	7.13e-02	9.86e-04
 7.28983e+22	9.29e-01	7.04e-02	9.59e-04
 7.29354e+22	9.30e-01	6.94e-02	9.32e-04
 7.29691e+22	9.30e-01	6.87e-02	9.14e-04
 7.30060e+22	9.32e-01	6.76e-02	8.86e-04
 7.30458e+22	9.32e-01	6.67e-02	8.63e-04
 7.30821e+22	9.33e-01	6.58e-02	8.39e-04
 7.31151e+22	9.34e-01	6.52e-02	8.24e-04
 7.31513e+22	9.35e-01	6.42e-02	7.99e-04
 7.31903e+22	9.36e-01	6.34e-02	7.79e-04
 7.32258e+22	9.36e-01	6.28e-02	7.64e-04
 7.32648e+22	9.38e-01	6.17e-02	7.38e-04
 7.33068e+22	9.38e-01	6.09e-02	7.19e-04
 7.33450e+22	9.39e-01	6.01e-02	7.00e-04
 7.33798e+22	9.40e-01	5.95e-02	6.86e-04
 7.34180e+22	9.41e-01	5.86e-02	6.65e-04
 7.34591e+22	9.42e-01	5.78e-02	6.48e-04
 7.34966e+22	9.42e-01	5.72e-02	6.34e-04
 7.35377e+22	9.43e-01	5.62e-02	6.13e-04
 7.35820e+22	9.44e-01	5.55e-02	5.97e-04
 7.36223e+22	9.45e-01	5.49e-02	5.84e-04
 7.36665e+22	9.46e-01	5.39e-02	5.63e-04
 7.37143e+22	9.46e-01	5.32e-02	5.48e-04
 7.37577e+22	9.47e-01	5.25e-02	5.34e-04
 7.38053e+22	9.48e-01	5.15e-02	5.15e-04
 7.38566e+22	9.49e-01	5.08e-02	5.00e-04
 7.39034e+22	9.49e-01	5.01e-02	4.87e-04
 7.39546e+22	9.50e-01	4.91e-02	4.69e-04
 7.40099e+22	9.51e-01	4.84e-02	4.55e-04
 7.40602e+22	9.52e-01	4.76e-02	4.41e-04
 7.41060e+22	9.53e-01	4.70e-02	4.29e-04
 7.41562e+22	9.53e-01	4.61e-02	4.13e-04
 7.42104e+22	9.54e-01	4.54e-02	4.00e-04
 7.42597e+22	9.55e-01	4.48e-02	3.90e-04
 7.43137e+22	9.56e-01	4.39e-02	3.75e-04
 7.43720e+22	9.56e-01	4.32e-02	3.63e-04
 7.44251e+22	9.57e-01	4.26e-02	3.53e-04
 7.44832e+22	9.58e-01	4.18e-02	3.39e-04
 7.45460e+22	9.59e-01	4.11e-02	3.29e-04
 7.46032e+22	9.59e-01	4.04e-02	3.17e-04
 7.46551e+22	9.60e-01	3.98e-02	3.08e-04
 7.47121e+22	9.61e-01	3.90e-02	2.96e-04
 7.47736e+22	9.61e-01	3.84e-02	2.86e-04
 7.48296e+22	9.62e-01	3.78e-02	2.78e-04
 7.48909e+22	9.63e-01	3.71e-02	2.67e-04
 7.49571e+22	9.63e-01	3.64e-02	2.58e-04
 7.50174e+22	9.64e-01	3.58e-02	2.50e-04
 7.50834e+22	9.65e-01	3.51e-02	2.39e-04
 7.51547e+22	9.65e-01	3.45e-02	2.31e-04
 7.52196e+22	9.66e-01	3.38e-02	2.23e-04
 7.52786e+22	9.67e-01	3.33e-02	2.16e-04
 7.53433e+22	9.67e-01	3.26e-02	2.07e-04
 7.54131e+22	9.68e-01	3.20e-02	2.00e-04
 7.54766e+22	9.68e-01	3.15e-02	1.93e-04
 7.55463e+22	9.69e-01	3.08e-02	1.85e-04
 7.56214e+22	9.70e-01	3.02e-02	1.78e-04
 7.56898e+22	9.70e-01	2.97e-02	1.72e-04
 7.57648e+22	9.71e-01	2.90e-02	1.64e-04
 7.58457e+22	9.71e-01	2.85e-02	1.58e-04
 7.59194e+22	9.72e-01	2.79e-02	1.52e-04
 7.60001e+22	9.73e-01	2.73e-02	1.45e-04
 7.60872e+22	9.73e-01	2.67e-02	1.39e-04
 7.61665e+22	9.74e-01	2.62e-02	1.34e-04
 7.62533e+22	9.74e-01	2.55e-02	1.27e-04
 7.63471e+22	9.75e-01	2.50e-02	1.22e-04
 7.64325e+22	9.75e-01	2.44e-02	1.17e-04
 7.65101e+22	9.76e-01	2.40e-02	1.12e-04
 7.65952e+22	9.77e-01	2.34e-02	1.07e-04
 7.67054e+22	9.77e-01	2.27e-02	1.01e-04
 7.68291e+22	9.78e-01	2.20e-02	9.49e-05
 7.69519e+22	9.79e-01	2.13e-02	8.92e-05
 7.70754e+22	9.79e-01	2.07e-02	8.38e-05
 7.72018e+22	9.80e-01	2.00e-02	7.86e-05
 7.73305e+22	9.81e-01	1.94e-02	7.37e-05
 7.74606e+22	9.81e-01	1.88e-02	6.90e-05
 7.75922e+22	9.82e-01	1.82e-02	6.46e-05
 7.77255e+22	9.82e-01	1.76e-02	6.05e-05
 7.78604e+22	9.83e-01	1.70e-02	5.66e-05
 7.79969e+22	9.84e-01	1.64e-02	5.29e-05
 7.81350e+22	9.84e-01	1.59e-02	4.94e-05
 7.82745e+22	9.85e-01	1.53e-02	4.61e-05
 7.84156e+22	9.85e-01	1.48e-02	4.31e-05
 7.85581e+22	9.86e-01	1.43e-02	4.02e-05
 7.87018e+22	9.86e-01	1.38e-02	3.75e-05
 7.88468e+22	9.87e-01	1.33e-02	3.49e-05
 7.89930e+22	9.87e-01	1.29e-02	3.25e-05
 7.91407e+22	9.88e-01	1.24e-02	3.03e-05
 7.92900e+22	9.88e-01	1.20e-02	2.82e-05
 7.94404e+22	9.88e-01	1.15e-02	2.62e-05
 7.95922e+22	9.89e-01	1.11e-02	2.44e-05
 7.97452e+22	9.89e-01	1.07e-02	2.27e-05
 7.98996e+22	9.90e-01	1.03e-02	2.11e-05
 8.00571e+22	9.90e-01	9.95e-03	1.96e-05
 8.02182e+22	9.90e-01	9.58e-03	1.81e-05
 8.03817e+22	9.91e-01	9.22e-03	1.68e-05
 8.05470e+22	9.91e-01	8.87e-03	1.55e-05
 8.07141e+22	9.91e-01	8.52e-03	1.44e-05
 8.08830e+22	9.92e-01	8.19e-03	1.33e-05
 8.10539e+22	9.92e-01	7.87e-03	1.23e-05
 8.12269e+22	9.92e-01	7.56e-03	1.13e-05
 8.14027e+22	9.93e-01	7.26e-03	1.05e-05
 8.15815e+22	9.93e-01	6.97e-03	9.63e-06
 8.17646e+22	9.93e-01	6.68e-03	8.86e-06
 8.19525e+22	9.94e-01	6.40e-03	8.13e-06
 8.21438e+22	9.94e-01	6.13e-03	7.46e-06
 8.23382e+22	9.94e-01	5.86e-03	6.83e-06
 8.25360e+22	9.94e-01	5.61e-03	6.25e-06
 8.27374e+22	9.95e-01	5.36e-03	5.71e-06
 8.29425e+22	9.95e-01	5.12e-03	5.21e-06
 8.31517e+22	9.95e-01	4.89e-03	4.75e-06
 8.33661e+22	9.95e-01	4.66e-03	4.32e-06
 8.35858e+22	9.96e-01	4.44e-03	3.92e-06
 8.38100e+22	9.96e-01	4.22e-03	3.55e-06
 8.40393e+22	9.96e-01	4.02e-03	3.21e-06
 8.42741e+22	9.96e-01	3.82e-03	2.90e-06
 8.45144e+22	9.96e-01	3.62e-03	2.61e-06
 8.47584e+22	9.97e-01	3.44e-03	2.35e-06
 8.50050e+22	9.97e-01	3.26e-03	2.12e-06
 8.52545e+22	9.97e-01	3.09e-03	1.90e-06
 8.55064e+22	9.97e-01	2.93e-03	1.71e-06
 8.57606e+22	9.97e-01	2.78e-03	1.54e-06
 8.60173e+22	9.97e-01	2.63e-03	1.38e-06
 8.62766e+22	9.98e-01	2.49e-03	1.23e-06
 8.65384e+22	9.98e-01	2.36e-03	1.11e-06
 8.68030e+22	9.98e-01	2.23e-03	9.91e-07
 8.70706e+22	9.98e-01	2.11e-03	8.86e-07
 8.73411e+22	9.98e-01	1.99e-03	7.92e-07
 8.76136e+22	9.98e-01	1.88e-03	7.08e-07
 8.78888e+22	9.98e-01	1.78e-03	6.32e-07
 8.81670e+22	9.98e-01	1.68e-03	5.63e-07
 8.84482e+22	9.98e-01	1.59e-03	5.01e-07
 8.87334e+22	9.99e-01	1.50e-03	4.46e-07
 8.90218e+22	9.99e-01	1.41e-03	3.96e-07
 8.93135e+22	9.99e-01	1.33e-03	3.52e-07
 8.96087e+22	9.99e-01	1.25e-03	3.12e-07
 8.99027e+22	9.99e-01	1.18e-03	2.77e-07
 9.01851e+22	9.99e-01	1.11e-03	2.47e-07
 9.04481e+22	9.99e-01	1.06e-03	2.23e-07
 9.06930e+22	9.99e-01	1.01e-03	2.02e-07
 9.09246e+22	9.99e-01	9.63e-04	1.85e-07
 9.11460e+22	9.99e-01	9.22e-04	1.69e-07
 9.13576e+22	9.99e-01	8.84e-04	1.55e-07
 9.15586e+22	9.99e-01	8.49e-04	1.43e-07
 9.17487e+22	9.99e-01	8.18e-04	1.33e-07
 9.19286e+22	9.99e-01	7.89e-04	1.24e-07
 9.21001e+22	9.99e-01	7.63e-04	1.16e-07
 9.22637e+22	9.99e-01	7.40e-04	1.09e-07
 9.24184e+22	9.99e-01	7.18e-04	1.02e-07
 9.25317e+22	9.99e-01	7.06e-04	9.90e-08
