#depth	C	C+	C+2	C+3	C+4	C+5	C+6	C[1]	C[2]	C[3]	C+[1]	C+[2]	CO
 4.62852e+21	0.00e+00	1.56e-29	1.71e-22	2.07e-16	3.56e-10	3.35e-05	1.00e+00	0.00e+00	0.00e+00	0.00e+00	0.00e+00	0.00e+00	6.13e-123
 1.05226e+22	0.00e+00	9.17e-29	7.03e-22	6.22e-16	7.37e-10	4.80e-05	1.00e+00	0.00e+00	0.00e+00	0.00e+00	0.00e+00	0.00e+00	1.45e-123
 1.26271e+22	0.00e+00	3.03e-28	1.83e-21	1.28e-15	1.19e-09	6.09e-05	1.00e+00	0.00e+00	0.00e+00	0.00e+00	0.00e+00	0.00e+00	2.20e-123
 1.41374e+22	0.00e+00	7.85e-28	3.95e-21	2.29e-15	1.75e-09	7.35e-05	1.00e+00	0.00e+00	0.00e+00	0.00e+00	0.00e+00	0.00e+00	1.73e-119
 1.50141e+22	0.00e+00	1.05e-27	4.97e-21	2.73e-15	1.96e-09	7.78e-05	1.00e+00	0.00e+00	0.00e+00	0.00e+00	0.00e+00	0.00e+00	1.42e-118
 1.54866e+22	0.00e+00	1.52e-27	6.72e-21	3.43e-15	2.28e-09	8.38e-05	1.00e+00	0.00e+00	0.00e+00	0.00e+00	0.00e+00	0.00e+00	1.63e-118
 1.59977e+22	0.00e+00	2.14e-27	8.85e-21	4.22e-15	2.62e-09	8.97e-05	1.00e+00	0.00e+00	0.00e+00	0.00e+00	0.00e+00	0.00e+00	1.85e-118
 1.64854e+22	0.00e+00	3.02e-27	1.17e-20	5.22e-15	3.01e-09	9.60e-05	1.00e+00	0.00e+00	0.00e+00	0.00e+00	0.00e+00	0.00e+00	2.15e-118
 1.70460e+22	0.00e+00	4.79e-27	1.69e-20	6.92e-15	3.63e-09	1.05e-04	1.00e+00	0.00e+00	0.00e+00	0.00e+00	0.00e+00	0.00e+00	2.55e-118
 1.75930e+22	0.00e+00	6.50e-27	2.17e-20	8.34e-15	4.10e-09	1.12e-04	1.00e+00	0.00e+00	0.00e+00	0.00e+00	0.00e+00	0.00e+00	2.86e-118
 1.81223e+22	0.00e+00	1.01e-26	3.09e-20	1.09e-14	4.91e-09	1.22e-04	1.00e+00	0.00e+00	0.00e+00	0.00e+00	0.00e+00	0.00e+00	3.45e-118
 1.86496e+22	0.00e+00	1.37e-26	3.95e-20	1.32e-14	5.55e-09	1.29e-04	1.00e+00	0.00e+00	0.00e+00	0.00e+00	0.00e+00	0.00e+00	3.82e-118
 1.91743e+22	0.00e+00	2.09e-26	5.56e-20	1.71e-14	6.59e-09	1.41e-04	1.00e+00	0.00e+00	0.00e+00	0.00e+00	0.00e+00	0.00e+00	5.00e-118
 1.97056e+22	0.00e+00	2.91e-26	7.27e-20	2.10e-14	7.53e-09	1.50e-04	1.00e+00	0.00e+00	0.00e+00	0.00e+00	0.00e+00	0.00e+00	5.62e-118
 2.02453e+22	0.00e+00	4.53e-26	1.04e-19	2.75e-14	9.01e-09	1.64e-04	1.00e+00	0.00e+00	0.00e+00	0.00e+00	0.00e+00	0.00e+00	7.10e-118
 2.07348e+22	0.00e+00	5.84e-26	1.28e-19	3.22e-14	9.99e-09	1.72e-04	1.00e+00	0.00e+00	0.00e+00	0.00e+00	0.00e+00	0.00e+00	1.74e-116
 2.11591e+22	0.00e+00	8.11e-26	1.66e-19	3.95e-14	1.14e-08	1.84e-04	1.00e+00	0.00e+00	0.00e+00	0.00e+00	0.00e+00	0.00e+00	2.07e-95
 2.16093e+22	0.00e+00	1.09e-25	2.11e-19	4.72e-14	1.29e-08	1.95e-04	1.00e+00	0.00e+00	0.00e+00	0.00e+00	0.00e+00	0.00e+00	1.34e-93
 2.20204e+22	0.00e+00	1.44e-25	2.65e-19	5.63e-14	1.44e-08	2.06e-04	1.00e+00	0.00e+00	0.00e+00	0.00e+00	0.00e+00	0.00e+00	2.62e-93
 2.24822e+22	0.00e+00	2.07e-25	3.55e-19	7.05e-14	1.67e-08	2.21e-04	1.00e+00	0.00e+00	0.00e+00	0.00e+00	0.00e+00	0.00e+00	5.67e-93
 2.29456e+22	0.00e+00	2.75e-25	4.48e-19	8.41e-14	1.88e-08	2.34e-04	1.00e+00	0.00e+00	0.00e+00	0.00e+00	0.00e+00	0.00e+00	7.80e-93
 2.33464e+22	2.09e-33	3.64e-25	5.61e-19	1.00e-13	2.11e-08	2.47e-04	1.00e+00	0.00e+00	0.00e+00	0.00e+00	0.00e+00	0.00e+00	5.35e-93
 2.38027e+22	3.18e-33	5.19e-25	7.49e-19	1.25e-13	2.44e-08	2.64e-04	1.00e+00	0.00e+00	0.00e+00	0.00e+00	0.00e+00	0.00e+00	1.02e-91
 2.42662e+22	4.49e-33	6.94e-25	9.46e-19	1.49e-13	2.74e-08	2.80e-04	1.00e+00	0.00e+00	0.00e+00	0.00e+00	0.00e+00	0.00e+00	5.83e-91
 2.46689e+22	6.24e-33	9.15e-25	1.19e-18	1.78e-13	3.07e-08	2.96e-04	1.00e+00	0.00e+00	0.00e+00	0.00e+00	0.00e+00	0.00e+00	4.32e-91
 2.50349e+22	8.38e-33	1.17e-24	1.45e-18	2.07e-13	3.39e-08	3.10e-04	1.00e+00	0.00e+00	0.00e+00	0.00e+00	0.00e+00	0.00e+00	2.82e-90
 2.53675e+22	1.10e-32	1.48e-24	1.75e-18	2.40e-13	3.73e-08	3.25e-04	1.00e+00	0.00e+00	0.00e+00	0.00e+00	0.00e+00	0.00e+00	2.97e-90
 2.57443e+22	1.53e-32	1.95e-24	2.19e-18	2.85e-13	4.18e-08	3.43e-04	1.00e+00	0.00e+00	0.00e+00	0.00e+00	0.00e+00	0.00e+00	3.63e-90
 2.61377e+22	2.08e-32	2.52e-24	2.70e-18	3.35e-13	4.65e-08	3.60e-04	1.00e+00	0.00e+00	0.00e+00	0.00e+00	0.00e+00	0.00e+00	2.66e-89
 2.64841e+22	2.76e-32	3.19e-24	3.27e-18	3.88e-13	5.12e-08	3.78e-04	1.00e+00	0.00e+00	0.00e+00	0.00e+00	0.00e+00	0.00e+00	5.39e-89
 2.68656e+22	3.85e-32	4.23e-24	4.12e-18	4.64e-13	5.76e-08	3.99e-04	1.00e+00	0.00e+00	0.00e+00	0.00e+00	0.00e+00	0.00e+00	7.72e-89
 2.72672e+22	5.29e-32	5.52e-24	5.11e-18	5.47e-13	6.42e-08	4.21e-04	1.00e+00	0.00e+00	0.00e+00	0.00e+00	0.00e+00	0.00e+00	4.26e-89
 2.76159e+22	7.00e-32	6.99e-24	6.19e-18	6.35e-13	7.07e-08	4.40e-04	1.00e+00	0.00e+00	0.00e+00	0.00e+00	0.00e+00	0.00e+00	3.24e-89
 2.79898e+22	9.73e-32	9.21e-24	7.76e-18	7.56e-13	7.93e-08	4.65e-04	1.00e+00	0.00e+00	0.00e+00	0.00e+00	0.00e+00	0.00e+00	1.82e-88
 2.83547e+22	1.28e-31	1.16e-23	9.31e-18	8.72e-13	8.71e-08	4.86e-04	1.00e+00	0.00e+00	0.00e+00	0.00e+00	0.00e+00	0.00e+00	2.85e-87
 2.86442e+22	1.61e-31	1.40e-23	1.09e-17	9.86e-13	9.44e-08	5.05e-04	9.99e-01	0.00e+00	0.00e+00	0.00e+00	0.00e+00	0.00e+00	4.41e-87
 2.89570e+22	2.11e-31	1.76e-23	1.32e-17	1.14e-12	1.04e-07	5.28e-04	9.99e-01	0.00e+00	0.00e+00	0.00e+00	0.00e+00	0.00e+00	9.85e-87
 2.92984e+22	2.75e-31	2.21e-23	1.58e-17	1.31e-12	1.14e-07	5.52e-04	9.99e-01	0.00e+00	0.00e+00	0.00e+00	0.00e+00	0.00e+00	1.36e-86
 2.96188e+22	3.58e-31	2.75e-23	1.89e-17	1.51e-12	1.25e-07	5.77e-04	9.99e-01	0.00e+00	0.00e+00	0.00e+00	0.00e+00	0.00e+00	2.02e-86
 2.99189e+22	4.55e-31	3.37e-23	2.23e-17	1.71e-12	1.36e-07	6.00e-04	9.99e-01	0.00e+00	0.00e+00	0.00e+00	0.00e+00	0.00e+00	1.56e-86
 3.02504e+22	6.06e-31	4.29e-23	2.71e-17	1.99e-12	1.50e-07	6.29e-04	9.99e-01	0.00e+00	0.00e+00	0.00e+00	0.00e+00	0.00e+00	1.12e-85
 3.05995e+22	8.00e-31	5.42e-23	3.27e-17	2.31e-12	1.65e-07	6.59e-04	9.99e-01	0.00e+00	0.00e+00	0.00e+00	0.00e+00	0.00e+00	8.56e-86
 3.09062e+22	1.02e-30	6.65e-23	3.87e-17	2.62e-12	1.79e-07	6.86e-04	9.99e-01	0.00e+00	0.00e+00	0.00e+00	0.00e+00	0.00e+00	3.95e-85
 3.11956e+22	1.29e-30	8.10e-23	4.54e-17	2.97e-12	1.95e-07	7.13e-04	9.99e-01	0.00e+00	0.00e+00	0.00e+00	0.00e+00	0.00e+00	8.90e-85
 3.14722e+22	1.61e-30	9.73e-23	5.27e-17	3.34e-12	2.10e-07	7.39e-04	9.99e-01	0.00e+00	0.00e+00	0.00e+00	0.00e+00	0.00e+00	1.25e-84
 3.17365e+22	1.98e-30	1.16e-22	6.09e-17	3.73e-12	2.26e-07	7.66e-04	9.99e-01	0.00e+00	0.00e+00	0.00e+00	0.00e+00	0.00e+00	2.56e-84
 3.20397e+22	2.56e-30	1.44e-22	7.27e-17	4.29e-12	2.48e-07	7.99e-04	9.99e-01	0.00e+00	0.00e+00	0.00e+00	0.00e+00	0.00e+00	3.18e-84
 3.23577e+22	3.28e-30	1.78e-22	8.61e-17	4.88e-12	2.70e-07	8.33e-04	9.99e-01	0.00e+00	0.00e+00	0.00e+00	0.00e+00	0.00e+00	2.05e-84
 3.26353e+22	4.11e-30	2.15e-22	1.00e-16	5.49e-12	2.92e-07	8.64e-04	9.99e-01	0.00e+00	0.00e+00	0.00e+00	0.00e+00	0.00e+00	1.54e-83
 3.28917e+22	5.07e-30	2.56e-22	1.16e-16	6.14e-12	3.14e-07	8.95e-04	9.99e-01	0.00e+00	0.00e+00	0.00e+00	0.00e+00	0.00e+00	2.21e-83
 3.31800e+22	6.47e-30	3.14e-22	1.37e-16	7.00e-12	3.43e-07	9.32e-04	9.99e-01	0.00e+00	0.00e+00	0.00e+00	0.00e+00	0.00e+00	1.64e-83
 3.34885e+22	8.22e-30	3.84e-22	1.61e-16	7.94e-12	3.73e-07	9.70e-04	9.99e-01	0.00e+00	0.00e+00	0.00e+00	0.00e+00	0.00e+00	4.18e-83
 3.37659e+22	1.03e-29	4.63e-22	1.87e-16	8.93e-12	4.03e-07	1.01e-03	9.99e-01	0.00e+00	0.00e+00	0.00e+00	0.00e+00	0.00e+00	9.53e-83
 3.40693e+22	1.33e-29	5.77e-22	2.24e-16	1.03e-11	4.42e-07	1.05e-03	9.99e-01	0.00e+00	0.00e+00	0.00e+00	0.00e+00	0.00e+00	1.37e-82
 3.43666e+22	1.67e-29	6.96e-22	2.61e-16	1.15e-11	4.77e-07	1.09e-03	9.99e-01	0.00e+00	0.00e+00	0.00e+00	0.00e+00	0.00e+00	2.40e-82
 3.46011e+22	2.01e-29	8.14e-22	2.96e-16	1.27e-11	5.09e-07	1.13e-03	9.99e-01	0.00e+00	0.00e+00	0.00e+00	0.00e+00	0.00e+00	3.12e-82
 3.48513e+22	2.49e-29	9.73e-22	3.43e-16	1.43e-11	5.49e-07	1.17e-03	9.99e-01	0.00e+00	0.00e+00	0.00e+00	0.00e+00	0.00e+00	8.32e-82
 3.51265e+22	3.08e-29	1.16e-21	3.96e-16	1.60e-11	5.92e-07	1.21e-03	9.99e-01	0.00e+00	0.00e+00	0.00e+00	0.00e+00	0.00e+00	1.09e-81
 3.53894e+22	3.79e-29	1.39e-21	4.57e-16	1.78e-11	6.37e-07	1.25e-03	9.99e-01	0.00e+00	0.00e+00	0.00e+00	0.00e+00	0.00e+00	1.85e-81
 3.56452e+22	4.67e-29	1.65e-21	5.26e-16	1.99e-11	6.85e-07	1.30e-03	9.99e-01	0.00e+00	0.00e+00	0.00e+00	0.00e+00	0.00e+00	3.16e-81
 3.58907e+22	5.68e-29	1.94e-21	6.01e-16	2.21e-11	7.33e-07	1.34e-03	9.99e-01	0.00e+00	0.00e+00	0.00e+00	0.00e+00	0.00e+00	1.92e-80
 3.61637e+22	7.15e-29	2.36e-21	7.05e-16	2.50e-11	7.96e-07	1.39e-03	9.99e-01	0.00e+00	0.00e+00	0.00e+00	0.00e+00	0.00e+00	3.42e-80
 3.64500e+22	8.93e-29	2.84e-21	8.18e-16	2.81e-11	8.60e-07	1.45e-03	9.99e-01	0.00e+00	0.00e+00	0.00e+00	0.00e+00	0.00e+00	5.94e-80
 3.66992e+22	1.09e-28	3.35e-21	9.36e-16	3.11e-11	9.22e-07	1.49e-03	9.99e-01	0.00e+00	0.00e+00	0.00e+00	0.00e+00	0.00e+00	9.69e-80
 3.69690e+22	1.37e-28	4.07e-21	1.10e-15	3.52e-11	1.00e-06	1.55e-03	9.98e-01	0.00e+00	0.00e+00	0.00e+00	0.00e+00	0.00e+00	1.72e-79
 3.72418e+22	1.69e-28	4.84e-21	1.26e-15	3.92e-11	1.08e-06	1.61e-03	9.98e-01	0.00e+00	0.00e+00	0.00e+00	0.00e+00	0.00e+00	2.87e-79
 3.74705e+22	2.02e-28	5.63e-21	1.42e-15	4.31e-11	1.15e-06	1.66e-03	9.98e-01	0.00e+00	0.00e+00	0.00e+00	0.00e+00	0.00e+00	4.51e-79
 3.77201e+22	2.50e-28	6.72e-21	1.64e-15	4.83e-11	1.24e-06	1.72e-03	9.98e-01	0.00e+00	0.00e+00	0.00e+00	0.00e+00	0.00e+00	7.64e-79
 3.79896e+22	3.09e-28	8.02e-21	1.90e-15	5.39e-11	1.33e-06	1.78e-03	9.98e-01	0.00e+00	0.00e+00	0.00e+00	0.00e+00	0.00e+00	1.30e-78
 3.82354e+22	3.74e-28	9.41e-21	2.16e-15	5.96e-11	1.42e-06	1.84e-03	9.98e-01	0.00e+00	0.00e+00	0.00e+00	0.00e+00	0.00e+00	2.08e-78
 3.85053e+22	4.71e-28	1.14e-20	2.52e-15	6.73e-11	1.55e-06	1.92e-03	9.98e-01	0.00e+00	0.00e+00	0.00e+00	0.00e+00	0.00e+00	3.71e-78
 3.87905e+22	5.91e-28	1.38e-20	2.93e-15	7.55e-11	1.67e-06	1.99e-03	9.98e-01	0.00e+00	0.00e+00	0.00e+00	0.00e+00	0.00e+00	6.51e-78
 3.90299e+22	7.09e-28	1.60e-20	3.32e-15	8.30e-11	1.78e-06	2.05e-03	9.98e-01	0.00e+00	0.00e+00	0.00e+00	0.00e+00	0.00e+00	1.02e-77
 3.92757e+22	8.75e-28	1.91e-20	3.82e-15	9.28e-11	1.92e-06	2.13e-03	9.98e-01	0.00e+00	0.00e+00	0.00e+00	0.00e+00	0.00e+00	1.73e-77
 3.95403e+22	1.07e-27	2.27e-20	4.38e-15	1.03e-10	2.06e-06	2.21e-03	9.98e-01	0.00e+00	0.00e+00	0.00e+00	0.00e+00	0.00e+00	2.89e-77
 3.97848e+22	1.30e-27	2.66e-20	4.99e-15	1.14e-10	2.21e-06	2.28e-03	9.98e-01	0.00e+00	0.00e+00	0.00e+00	0.00e+00	0.00e+00	4.69e-77
 4.00578e+22	1.65e-27	3.23e-20	5.83e-15	1.29e-10	2.40e-06	2.37e-03	9.98e-01	0.00e+00	0.00e+00	0.00e+00	0.00e+00	0.00e+00	8.41e-77
 4.03434e+22	2.07e-27	3.90e-20	6.78e-15	1.44e-10	2.59e-06	2.47e-03	9.98e-01	0.00e+00	0.00e+00	0.00e+00	0.00e+00	0.00e+00	1.50e-76
 4.05775e+22	2.47e-27	4.51e-20	7.62e-15	1.58e-10	2.76e-06	2.55e-03	9.97e-01	0.00e+00	0.00e+00	0.00e+00	0.00e+00	0.00e+00	2.30e-76
 4.08137e+22	3.04e-27	5.36e-20	8.74e-15	1.75e-10	2.96e-06	2.64e-03	9.97e-01	0.00e+00	0.00e+00	0.00e+00	0.00e+00	0.00e+00	3.88e-76
 4.10687e+22	3.70e-27	6.31e-20	9.95e-15	1.93e-10	3.17e-06	2.73e-03	9.97e-01	0.00e+00	0.00e+00	0.00e+00	0.00e+00	0.00e+00	6.37e-76
 4.13088e+22	4.49e-27	7.40e-20	1.13e-14	2.13e-10	3.39e-06	2.83e-03	9.97e-01	0.00e+00	0.00e+00	0.00e+00	0.00e+00	0.00e+00	1.04e-75
 4.15819e+22	5.68e-27	8.98e-20	1.32e-14	2.40e-10	3.68e-06	2.95e-03	9.97e-01	0.00e+00	0.00e+00	0.00e+00	0.00e+00	0.00e+00	1.88e-75
 4.18641e+22	7.13e-27	1.08e-19	1.53e-14	2.68e-10	3.98e-06	3.07e-03	9.97e-01	0.00e+00	0.00e+00	0.00e+00	0.00e+00	0.00e+00	3.32e-75
 4.20923e+22	8.54e-27	1.25e-19	1.71e-14	2.92e-10	4.22e-06	3.17e-03	9.97e-01	0.00e+00	0.00e+00	0.00e+00	0.00e+00	0.00e+00	5.23e-75
 4.23230e+22	1.04e-26	1.48e-19	1.96e-14	3.23e-10	4.53e-06	3.28e-03	9.97e-01	0.00e+00	0.00e+00	0.00e+00	0.00e+00	0.00e+00	8.70e-75
 4.25747e+22	1.28e-26	1.74e-19	2.22e-14	3.56e-10	4.85e-06	3.40e-03	9.97e-01	0.00e+00	0.00e+00	0.00e+00	0.00e+00	0.00e+00	1.45e-74
 4.28105e+22	1.55e-26	2.04e-19	2.51e-14	3.90e-10	5.17e-06	3.52e-03	9.96e-01	0.00e+00	0.00e+00	0.00e+00	0.00e+00	0.00e+00	2.35e-74
 4.30742e+22	1.96e-26	2.47e-19	2.92e-14	4.36e-10	5.60e-06	3.67e-03	9.96e-01	0.00e+00	0.00e+00	0.00e+00	0.00e+00	0.00e+00	4.29e-74
 4.33443e+22	2.43e-26	2.94e-19	3.35e-14	4.81e-10	6.01e-06	3.82e-03	9.96e-01	0.00e+00	0.00e+00	0.00e+00	0.00e+00	0.00e+00	7.43e-74
 4.35657e+22	2.90e-26	3.39e-19	3.74e-14	5.23e-10	6.38e-06	3.94e-03	9.96e-01	0.00e+00	0.00e+00	0.00e+00	0.00e+00	0.00e+00	1.16e-73
 4.37968e+22	3.60e-26	4.04e-19	4.29e-14	5.78e-10	6.86e-06	4.10e-03	9.96e-01	0.00e+00	0.00e+00	0.00e+00	0.00e+00	0.00e+00	2.02e-73
 4.40377e+22	4.37e-26	4.72e-19	4.83e-14	6.30e-10	7.30e-06	4.25e-03	9.96e-01	0.00e+00	0.00e+00	0.00e+00	0.00e+00	0.00e+00	3.33e-73
 4.42537e+22	5.24e-26	5.46e-19	5.41e-14	6.84e-10	7.75e-06	4.39e-03	9.96e-01	0.00e+00	0.00e+00	0.00e+00	0.00e+00	0.00e+00	5.29e-73
 4.44972e+22	6.59e-26	6.57e-19	6.23e-14	7.58e-10	8.36e-06	4.58e-03	9.95e-01	0.00e+00	0.00e+00	0.00e+00	0.00e+00	0.00e+00	9.54e-73
 4.47380e+22	7.95e-26	7.63e-19	6.98e-14	8.22e-10	8.88e-06	4.74e-03	9.95e-01	0.00e+00	0.00e+00	0.00e+00	0.00e+00	0.00e+00	1.55e-72
 4.49382e+22	9.47e-26	8.77e-19	7.76e-14	8.86e-10	9.39e-06	4.90e-03	9.95e-01	0.00e+00	0.00e+00	0.00e+00	0.00e+00	0.00e+00	2.44e-72
 4.51613e+22	1.17e-25	1.04e-18	8.84e-14	9.71e-10	1.01e-05	5.10e-03	9.95e-01	0.00e+00	0.00e+00	0.00e+00	0.00e+00	0.00e+00	4.26e-72
 4.53919e+22	1.41e-25	1.20e-18	9.88e-14	1.05e-09	1.07e-05	5.27e-03	9.95e-01	0.00e+00	0.00e+00	0.00e+00	0.00e+00	0.00e+00	6.85e-72
 4.56321e+22	1.78e-25	1.45e-18	1.14e-13	1.16e-09	1.15e-05	5.51e-03	9.94e-01	0.00e+00	0.00e+00	0.00e+00	0.00e+00	0.00e+00	1.26e-71
 4.58721e+22	2.17e-25	1.69e-18	1.28e-13	1.26e-09	1.22e-05	5.72e-03	9.94e-01	0.00e+00	0.00e+00	0.00e+00	0.00e+00	0.00e+00	2.11e-71
 4.60681e+22	2.56e-25	1.93e-18	1.41e-13	1.35e-09	1.29e-05	5.90e-03	9.94e-01	0.00e+00	0.00e+00	0.00e+00	0.00e+00	0.00e+00	3.27e-71
 4.62790e+22	3.15e-25	2.28e-18	1.59e-13	1.46e-09	1.37e-05	6.14e-03	9.94e-01	0.00e+00	0.00e+00	0.00e+00	0.00e+00	0.00e+00	5.66e-71
 4.64976e+22	3.78e-25	2.62e-18	1.77e-13	1.58e-09	1.45e-05	6.35e-03	9.94e-01	0.00e+00	0.00e+00	0.00e+00	0.00e+00	0.00e+00	9.07e-71
 4.66948e+22	4.53e-25	3.03e-18	1.97e-13	1.69e-09	1.54e-05	6.57e-03	9.93e-01	0.00e+00	0.00e+00	0.00e+00	0.00e+00	0.00e+00	1.47e-70
 4.68888e+22	5.40e-25	3.47e-18	2.18e-13	1.81e-09	1.62e-05	6.79e-03	9.93e-01	0.00e+00	0.00e+00	0.00e+00	0.00e+00	0.00e+00	2.34e-70
 4.71098e+22	6.73e-25	4.13e-18	2.48e-13	1.97e-09	1.74e-05	7.09e-03	9.93e-01	0.00e+00	0.00e+00	0.00e+00	0.00e+00	0.00e+00	4.19e-70
 4.73365e+22	8.18e-25	4.80e-18	2.77e-13	2.12e-09	1.84e-05	7.36e-03	9.93e-01	0.00e+00	0.00e+00	0.00e+00	0.00e+00	0.00e+00	7.08e-70
 4.75275e+22	9.68e-25	5.48e-18	3.05e-13	2.27e-09	1.94e-05	7.60e-03	9.92e-01	0.00e+00	0.00e+00	0.00e+00	0.00e+00	0.00e+00	1.11e-69
 4.77325e+22	1.19e-24	6.45e-18	3.44e-13	2.45e-09	2.07e-05	7.91e-03	9.92e-01	0.00e+00	0.00e+00	0.00e+00	0.00e+00	0.00e+00	1.95e-69
 4.79456e+22	1.43e-24	7.43e-18	3.81e-13	2.63e-09	2.18e-05	8.19e-03	9.92e-01	0.00e+00	0.00e+00	0.00e+00	0.00e+00	0.00e+00	3.16e-69
 4.81373e+22	1.71e-24	8.54e-18	4.22e-13	2.81e-09	2.30e-05	8.48e-03	9.91e-01	0.00e+00	0.00e+00	0.00e+00	0.00e+00	0.00e+00	5.14e-69
 4.83242e+22	2.04e-24	9.77e-18	4.66e-13	3.00e-09	2.43e-05	8.77e-03	9.91e-01	0.00e+00	0.00e+00	0.00e+00	0.00e+00	0.00e+00	8.17e-69
 4.85364e+22	2.53e-24	1.16e-17	5.26e-13	3.24e-09	2.59e-05	9.14e-03	9.91e-01	0.00e+00	0.00e+00	0.00e+00	0.00e+00	0.00e+00	1.47e-68
 4.87544e+22	3.07e-24	1.34e-17	5.86e-13	3.48e-09	2.75e-05	9.50e-03	9.90e-01	0.00e+00	0.00e+00	0.00e+00	0.00e+00	0.00e+00	2.49e-68
 4.89441e+22	3.67e-24	1.54e-17	6.48e-13	3.70e-09	2.90e-05	9.83e-03	9.90e-01	0.00e+00	0.00e+00	0.00e+00	0.00e+00	0.00e+00	4.03e-68
 4.91554e+22	4.57e-24	1.83e-17	7.33e-13	4.01e-09	3.10e-05	1.03e-02	9.90e-01	0.00e+00	0.00e+00	0.00e+00	0.00e+00	0.00e+00	7.35e-68
 4.93711e+22	5.54e-24	2.12e-17	8.15e-13	4.29e-09	3.28e-05	1.06e-02	9.89e-01	0.00e+00	0.00e+00	0.00e+00	0.00e+00	0.00e+00	1.24e-67
 4.95602e+22	6.60e-24	2.43e-17	9.00e-13	4.57e-09	3.46e-05	1.10e-02	9.89e-01	0.00e+00	0.00e+00	0.00e+00	0.00e+00	0.00e+00	2.01e-67
 4.97736e+22	8.34e-24	2.90e-17	1.02e-12	4.95e-09	3.71e-05	1.15e-02	9.88e-01	0.00e+00	0.00e+00	0.00e+00	0.00e+00	0.00e+00	3.83e-67
 4.99919e+22	1.01e-23	3.37e-17	1.14e-12	5.29e-09	3.93e-05	1.20e-02	9.88e-01	0.00e+00	0.00e+00	0.00e+00	0.00e+00	0.00e+00	6.56e-67
 5.01757e+22	1.20e-23	3.84e-17	1.25e-12	5.61e-09	4.14e-05	1.24e-02	9.88e-01	0.00e+00	0.00e+00	0.00e+00	0.00e+00	0.00e+00	1.05e-66
 5.03735e+22	1.50e-23	4.54e-17	1.41e-12	6.04e-09	4.41e-05	1.29e-02	9.87e-01	0.00e+00	0.00e+00	0.00e+00	4.54e-17	4.88e-26	1.91e-66
 5.05752e+22	1.80e-23	5.24e-17	1.56e-12	6.43e-09	4.66e-05	1.34e-02	9.87e-01	0.00e+00	0.00e+00	0.00e+00	5.24e-17	6.29e-24	3.20e-66
 5.07385e+22	2.10e-23	5.89e-17	1.70e-12	6.76e-09	4.88e-05	1.38e-02	9.86e-01	0.00e+00	0.00e+00	0.00e+00	5.89e-17	7.06e-24	4.88e-66
 5.09072e+22	2.54e-23	6.82e-17	1.88e-12	7.20e-09	5.16e-05	1.43e-02	9.86e-01	0.00e+00	0.00e+00	0.00e+00	6.82e-17	8.18e-24	8.29e-66
 5.10688e+22	2.93e-23	7.60e-17	2.03e-12	7.54e-09	5.38e-05	1.47e-02	9.85e-01	0.00e+00	0.00e+00	0.00e+00	7.60e-17	9.12e-24	1.23e-65
 5.11993e+22	3.37e-23	8.46e-17	2.20e-12	7.89e-09	5.61e-05	1.51e-02	9.85e-01	0.00e+00	0.00e+00	0.00e+00	8.46e-17	1.02e-23	1.82e-65
 5.13272e+22	3.85e-23	9.38e-17	2.36e-12	8.24e-09	5.83e-05	1.55e-02	9.84e-01	0.00e+00	0.00e+00	0.00e+00	9.38e-17	1.13e-23	2.65e-65
 5.14522e+22	4.37e-23	1.03e-16	2.53e-12	8.59e-09	6.06e-05	1.59e-02	9.84e-01	0.00e+00	0.00e+00	0.00e+00	1.03e-16	1.24e-23	3.76e-65
 5.15931e+22	5.17e-23	1.17e-16	2.77e-12	9.06e-09	6.37e-05	1.64e-02	9.84e-01	0.00e+00	0.00e+00	0.00e+00	1.17e-16	1.41e-23	6.00e-65
 5.17338e+22	5.92e-23	1.30e-16	2.98e-12	9.46e-09	6.62e-05	1.68e-02	9.83e-01	0.00e+00	0.00e+00	0.00e+00	1.30e-16	1.56e-23	8.76e-65
 5.18549e+22	6.77e-23	1.44e-16	3.21e-12	9.87e-09	6.89e-05	1.72e-02	9.83e-01	0.00e+00	0.00e+00	0.00e+00	1.44e-16	1.73e-23	1.27e-64
 5.19706e+22	7.68e-23	1.59e-16	3.43e-12	1.03e-08	7.15e-05	1.77e-02	9.82e-01	0.00e+00	0.00e+00	0.00e+00	1.59e-16	1.91e-23	1.81e-64
 5.20812e+22	8.70e-23	1.75e-16	3.67e-12	1.07e-08	7.41e-05	1.81e-02	9.82e-01	0.00e+00	0.00e+00	0.00e+00	1.75e-16	2.10e-23	2.56e-64
 5.22080e+22	1.02e-22	1.98e-16	4.01e-12	1.12e-08	7.77e-05	1.86e-02	9.81e-01	0.00e+00	0.00e+00	0.00e+00	1.98e-16	2.38e-23	4.02e-64
 5.23355e+22	1.16e-22	2.18e-16	4.30e-12	1.17e-08	8.07e-05	1.91e-02	9.81e-01	0.00e+00	0.00e+00	0.00e+00	2.18e-16	2.62e-23	5.71e-64
 5.24640e+22	1.38e-22	2.49e-16	4.72e-12	1.24e-08	8.49e-05	1.97e-02	9.80e-01	0.00e+00	0.00e+00	0.00e+00	2.49e-16	3.00e-23	9.28e-64
 5.25910e+22	1.57e-22	2.76e-16	5.07e-12	1.29e-08	8.82e-05	2.02e-02	9.80e-01	0.00e+00	0.00e+00	0.00e+00	2.76e-16	3.32e-23	1.33e-63
 5.26957e+22	1.79e-22	3.05e-16	5.44e-12	1.34e-08	9.16e-05	2.07e-02	9.79e-01	0.00e+00	0.00e+00	0.00e+00	3.05e-16	3.66e-23	1.91e-63
 5.27939e+22	2.03e-22	3.34e-16	5.81e-12	1.39e-08	9.49e-05	2.11e-02	9.79e-01	0.00e+00	0.00e+00	0.00e+00	3.34e-16	4.02e-23	2.67e-63
 5.29043e+22	2.36e-22	3.76e-16	6.32e-12	1.46e-08	9.92e-05	2.17e-02	9.78e-01	0.00e+00	0.00e+00	0.00e+00	3.76e-16	4.53e-23	4.07e-63
 5.30178e+22	2.72e-22	4.19e-16	6.83e-12	1.53e-08	1.03e-04	2.22e-02	9.78e-01	0.00e+00	0.00e+00	0.00e+00	4.19e-16	5.04e-23	5.98e-63
 5.31168e+22	3.07e-22	4.61e-16	7.30e-12	1.59e-08	1.07e-04	2.27e-02	9.77e-01	0.00e+00	0.00e+00	0.00e+00	4.61e-16	5.54e-23	8.34e-63
 5.32270e+22	3.66e-22	5.27e-16	8.04e-12	1.68e-08	1.13e-04	2.34e-02	9.76e-01	0.00e+00	0.00e+00	0.00e+00	5.27e-16	6.35e-23	1.35e-62
 5.33373e+22	4.19e-22	5.86e-16	8.66e-12	1.75e-08	1.17e-04	2.40e-02	9.76e-01	0.00e+00	0.00e+00	0.00e+00	5.86e-16	7.05e-23	1.94e-62
 5.34478e+22	5.01e-22	6.73e-16	9.57e-12	1.85e-08	1.23e-04	2.47e-02	9.75e-01	0.00e+00	0.00e+00	0.00e+00	6.73e-16	8.11e-23	3.16e-62
 5.35601e+22	5.81e-22	7.55e-16	1.04e-11	1.94e-08	1.29e-04	2.53e-02	9.75e-01	0.00e+00	0.00e+00	0.00e+00	7.55e-16	9.10e-23	4.70e-62
 5.36566e+22	6.66e-22	8.40e-16	1.12e-11	2.03e-08	1.34e-04	2.59e-02	9.74e-01	0.00e+00	0.00e+00	0.00e+00	8.40e-16	1.01e-22	6.76e-62
 5.37638e+22	8.14e-22	9.82e-16	1.26e-11	2.17e-08	1.41e-04	2.68e-02	9.73e-01	0.00e+00	0.00e+00	0.00e+00	9.82e-16	1.18e-22	1.16e-61
 5.38690e+22	9.32e-22	1.09e-15	1.36e-11	2.27e-08	1.47e-04	2.74e-02	9.72e-01	0.00e+00	0.00e+00	0.00e+00	1.09e-15	1.32e-22	1.65e-61
 5.39714e+22	1.14e-21	1.28e-15	1.52e-11	2.42e-08	1.55e-04	2.83e-02	9.72e-01	0.00e+00	0.00e+00	0.00e+00	1.28e-15	1.54e-22	2.79e-61
 5.40720e+22	1.30e-21	1.42e-15	1.64e-11	2.54e-08	1.62e-04	2.89e-02	9.71e-01	0.00e+00	0.00e+00	0.00e+00	1.42e-15	1.71e-22	3.96e-61
 5.41702e+22	1.60e-21	1.67e-15	1.85e-11	2.72e-08	1.71e-04	2.98e-02	9.70e-01	0.00e+00	0.00e+00	0.00e+00	1.67e-15	2.01e-22	6.75e-61
 5.42682e+22	1.85e-21	1.87e-15	2.01e-11	2.86e-08	1.78e-04	3.05e-02	9.69e-01	0.00e+00	0.00e+00	0.00e+00	1.87e-15	2.26e-22	9.79e-61
 5.43659e+22	2.29e-21	2.22e-15	2.28e-11	3.08e-08	1.89e-04	3.15e-02	9.68e-01	0.00e+00	0.00e+00	0.00e+00	2.22e-15	2.68e-22	1.69e-60
 5.44643e+22	2.68e-21	2.52e-15	2.50e-11	3.26e-08	1.98e-04	3.22e-02	9.68e-01	0.00e+00	0.00e+00	0.00e+00	2.52e-15	3.04e-22	2.53e-60
 5.45637e+22	3.38e-21	3.03e-15	2.87e-11	3.54e-08	2.10e-04	3.33e-02	9.66e-01	0.00e+00	0.00e+00	0.00e+00	3.03e-15	3.66e-22	4.50e-60
 5.46638e+22	4.00e-21	3.47e-15	3.18e-11	3.77e-08	2.21e-04	3.41e-02	9.66e-01	0.00e+00	0.00e+00	0.00e+00	3.47e-15	4.19e-22	6.85e-60
 5.47649e+22	5.06e-21	4.19e-15	3.66e-11	4.12e-08	2.35e-04	3.53e-02	9.64e-01	0.00e+00	0.00e+00	0.00e+00	4.19e-15	5.06e-22	1.23e-59
 5.48650e+22	6.07e-21	4.85e-15	4.08e-11	4.41e-08	2.47e-04	3.62e-02	9.64e-01	0.00e+00	0.00e+00	0.00e+00	4.85e-15	5.86e-22	1.91e-59
 5.49640e+22	7.71e-21	5.88e-15	4.73e-11	4.83e-08	2.64e-04	3.74e-02	9.62e-01	0.00e+00	0.00e+00	0.00e+00	5.88e-15	7.12e-22	3.43e-59
 5.50650e+22	9.39e-21	6.90e-15	5.34e-11	5.22e-08	2.78e-04	3.84e-02	9.61e-01	0.00e+00	0.00e+00	0.00e+00	6.90e-15	8.35e-22	5.52e-59
 5.51687e+22	1.22e-20	8.55e-15	6.28e-11	5.78e-08	2.98e-04	3.98e-02	9.60e-01	0.00e+00	0.00e+00	0.00e+00	8.55e-15	1.03e-21	1.04e-58
 5.52729e+22	1.50e-20	1.01e-14	7.14e-11	6.28e-08	3.15e-04	4.09e-02	9.59e-01	0.00e+00	0.00e+00	0.00e+00	1.01e-14	1.22e-21	1.69e-58
 5.53779e+22	1.98e-20	1.27e-14	8.47e-11	7.01e-08	3.39e-04	4.25e-02	9.57e-01	0.00e+00	0.00e+00	0.00e+00	1.27e-14	1.53e-21	3.24e-58
 5.54835e+22	2.45e-20	1.51e-14	9.68e-11	7.64e-08	3.59e-04	4.37e-02	9.56e-01	0.00e+00	0.00e+00	0.00e+00	1.51e-14	1.82e-21	5.33e-58
 5.55749e+22	3.02e-20	1.79e-14	1.11e-10	8.33e-08	3.80e-04	4.49e-02	9.55e-01	0.00e+00	0.00e+00	0.00e+00	1.79e-14	2.17e-21	8.74e-58
 5.56787e+22	3.97e-20	2.24e-14	1.32e-10	9.32e-08	4.09e-04	4.65e-02	9.53e-01	0.00e+00	0.00e+00	0.00e+00	2.24e-14	2.72e-21	1.65e-57
 5.57824e+22	4.91e-20	2.67e-14	1.50e-10	1.02e-07	4.32e-04	4.78e-02	9.52e-01	0.00e+00	0.00e+00	0.00e+00	2.67e-14	3.23e-21	2.68e-57
 5.58860e+22	6.49e-20	3.36e-14	1.80e-10	1.14e-07	4.65e-04	4.96e-02	9.50e-01	0.00e+00	0.00e+00	0.00e+00	3.36e-14	4.07e-21	5.10e-57
 5.59905e+22	7.95e-20	3.97e-14	2.05e-10	1.25e-07	4.91e-04	5.09e-02	9.49e-01	0.00e+00	0.00e+00	0.00e+00	3.97e-14	4.82e-21	8.14e-57
 5.60962e+22	1.04e-19	4.97e-14	2.44e-10	1.40e-07	5.28e-04	5.27e-02	9.47e-01	0.00e+00	0.00e+00	0.00e+00	4.97e-14	6.04e-21	1.52e-56
 5.62049e+22	1.30e-19	5.97e-14	2.81e-10	1.54e-07	5.61e-04	5.42e-02	9.45e-01	0.00e+00	0.00e+00	0.00e+00	5.97e-14	7.25e-21	2.51e-56
 5.63175e+22	1.74e-19	7.56e-14	3.38e-10	1.74e-07	6.05e-04	5.63e-02	9.43e-01	0.00e+00	0.00e+00	0.00e+00	7.56e-14	9.19e-21	4.80e-56
 5.64322e+22	2.16e-19	9.07e-14	3.89e-10	1.91e-07	6.42e-04	5.79e-02	9.41e-01	0.00e+00	0.00e+00	0.00e+00	9.07e-14	1.10e-20	7.88e-56
 5.65497e+22	2.87e-19	1.15e-13	4.68e-10	2.16e-07	6.93e-04	6.00e-02	9.39e-01	0.00e+00	0.00e+00	0.00e+00	1.15e-13	1.40e-20	1.50e-55
 5.66694e+22	3.58e-19	1.38e-13	5.40e-10	2.38e-07	7.36e-04	6.18e-02	9.37e-01	0.00e+00	0.00e+00	0.00e+00	1.38e-13	1.68e-20	2.47e-55
 5.67919e+22	4.77e-19	1.75e-13	6.51e-10	2.69e-07	7.95e-04	6.41e-02	9.35e-01	0.00e+00	0.00e+00	0.00e+00	1.75e-13	2.13e-20	4.71e-55
 5.69151e+22	5.91e-19	2.09e-13	7.48e-10	2.96e-07	8.44e-04	6.60e-02	9.33e-01	0.00e+00	0.00e+00	0.00e+00	2.09e-13	2.55e-20	7.63e-55
 5.70392e+22	7.80e-19	2.63e-13	8.97e-10	3.34e-07	9.10e-04	6.84e-02	9.31e-01	0.00e+00	0.00e+00	0.00e+00	2.63e-13	3.21e-20	1.42e-54
 5.71665e+22	9.69e-19	3.15e-13	1.03e-09	3.68e-07	9.66e-04	7.04e-02	9.29e-01	0.00e+00	0.00e+00	0.00e+00	3.15e-13	3.85e-20	2.31e-54
 5.72772e+22	1.19e-18	3.73e-13	1.18e-09	4.03e-07	1.02e-03	7.23e-02	9.27e-01	0.00e+00	0.00e+00	0.00e+00	3.73e-13	4.55e-20	3.63e-54
 5.74004e+22	1.54e-18	4.65e-13	1.40e-09	4.53e-07	1.10e-03	7.48e-02	9.24e-01	0.00e+00	0.00e+00	0.00e+00	4.65e-13	5.67e-20	6.52e-54
 5.75239e+22	1.85e-18	5.44e-13	1.59e-09	4.93e-07	1.16e-03	7.68e-02	9.22e-01	0.00e+00	0.00e+00	0.00e+00	5.44e-13	6.64e-20	9.95e-54
 5.76476e+22	2.38e-18	6.71e-13	1.87e-09	5.52e-07	1.24e-03	7.94e-02	9.19e-01	0.00e+00	0.00e+00	0.00e+00	6.71e-13	8.20e-20	1.75e-53
 5.77743e+22	2.89e-18	7.90e-13	2.13e-09	6.03e-07	1.31e-03	8.15e-02	9.17e-01	0.00e+00	0.00e+00	0.00e+00	7.90e-13	9.65e-20	2.70e-53
 5.78865e+22	3.50e-18	9.26e-13	2.41e-09	6.57e-07	1.39e-03	8.36e-02	9.15e-01	0.00e+00	0.00e+00	0.00e+00	9.26e-13	1.13e-19	4.14e-53
 5.80140e+22	4.50e-18	1.14e-12	2.85e-09	7.37e-07	1.49e-03	8.64e-02	9.12e-01	0.00e+00	0.00e+00	0.00e+00	1.14e-12	1.40e-19	7.25e-53
 5.81408e+22	5.35e-18	1.32e-12	3.19e-09	7.97e-07	1.57e-03	8.85e-02	9.10e-01	0.00e+00	0.00e+00	0.00e+00	1.32e-12	1.62e-19	1.07e-52
 5.82667e+22	6.79e-18	1.62e-12	3.74e-09	8.89e-07	1.68e-03	9.14e-02	9.07e-01	0.00e+00	0.00e+00	0.00e+00	1.62e-12	1.98e-19	1.82e-52
 5.83951e+22	8.09e-18	1.87e-12	4.21e-09	9.64e-07	1.76e-03	9.36e-02	9.05e-01	0.00e+00	0.00e+00	0.00e+00	1.87e-12	2.29e-19	2.70e-52
 5.85267e+22	1.03e-17	2.29e-12	4.94e-09	1.08e-06	1.89e-03	9.67e-02	9.01e-01	0.00e+00	0.00e+00	0.00e+00	2.29e-12	2.81e-19	4.61e-52
 5.86607e+22	1.23e-17	2.66e-12	5.56e-09	1.17e-06	1.99e-03	9.91e-02	8.99e-01	0.00e+00	0.00e+00	0.00e+00	2.66e-12	3.26e-19	6.87e-52
 5.87980e+22	1.56e-17	3.26e-12	6.53e-09	1.31e-06	2.14e-03	1.02e-01	8.95e-01	0.00e+00	0.00e+00	0.00e+00	3.26e-12	4.00e-19	1.18e-51
 5.89378e+22	6.25e-20	3.79e-12	7.36e-09	1.42e-06	2.25e-03	1.05e-01	8.93e-01	0.00e+00	0.00e+00	0.00e+00	3.79e-12	4.66e-19	1.89e-52
 5.90808e+22	8.08e-20	4.65e-12	8.66e-09	1.59e-06	2.42e-03	1.09e-01	8.89e-01	0.00e+00	0.00e+00	0.00e+00	4.65e-12	5.71e-19	3.23e-52
 5.92206e+22	9.54e-20	5.30e-12	9.62e-09	1.72e-06	2.54e-03	1.11e-01	8.87e-01	0.00e+00	0.00e+00	0.00e+00	5.30e-12	6.52e-19	4.60e-52
 5.93562e+22	1.22e-19	6.44e-12	1.12e-08	1.91e-06	2.71e-03	1.14e-01	8.83e-01	0.00e+00	0.00e+00	0.00e+00	6.44e-12	7.93e-19	7.65e-52
 5.94938e+22	1.44e-19	7.35e-12	1.25e-08	2.06e-06	2.85e-03	1.17e-01	8.80e-01	0.00e+00	0.00e+00	0.00e+00	7.35e-12	9.06e-19	1.09e-51
 5.96341e+22	1.82e-19	8.85e-12	1.45e-08	2.28e-06	3.04e-03	1.21e-01	8.76e-01	0.00e+00	0.00e+00	0.00e+00	8.85e-12	1.09e-18	1.78e-51
 5.97787e+22	2.20e-19	1.03e-11	1.63e-08	2.48e-06	3.21e-03	1.24e-01	8.73e-01	0.00e+00	0.00e+00	0.00e+00	1.03e-11	1.27e-18	2.64e-51
 5.99288e+22	2.79e-19	1.24e-11	1.89e-08	2.76e-06	3.42e-03	1.27e-01	8.69e-01	0.00e+00	0.00e+00	0.00e+00	1.24e-11	1.53e-18	4.31e-51
 6.00838e+22	3.41e-19	1.45e-11	2.14e-08	3.01e-06	3.62e-03	1.31e-01	8.66e-01	0.00e+00	0.00e+00	0.00e+00	1.45e-11	1.79e-18	6.53e-51
 6.02450e+22	3.18e-19	1.75e-11	2.49e-08	3.36e-06	3.88e-03	1.35e-01	8.61e-01	0.00e+00	0.00e+00	0.00e+00	1.75e-11	2.17e-18	1.08e-50
 6.04105e+22	3.91e-19	2.06e-11	2.84e-08	3.68e-06	4.11e-03	1.39e-01	8.57e-01	0.00e+00	0.00e+00	0.00e+00	2.06e-11	2.55e-18	1.65e-50
 6.05815e+22	5.03e-19	2.50e-11	3.32e-08	4.11e-06	4.41e-03	1.43e-01	8.52e-01	0.00e+00	0.00e+00	0.00e+00	2.50e-11	3.10e-18	2.78e-50
 6.07579e+22	6.23e-19	2.95e-11	3.79e-08	4.52e-06	4.68e-03	1.47e-01	8.48e-01	0.00e+00	0.00e+00	0.00e+00	2.95e-11	3.67e-18	4.33e-50
 6.09413e+22	8.11e-19	3.62e-11	4.46e-08	5.08e-06	5.04e-03	1.52e-01	8.43e-01	0.00e+00	0.00e+00	0.00e+00	3.62e-11	4.51e-18	7.47e-50
 6.11308e+22	1.01e-18	4.31e-11	5.13e-08	5.61e-06	5.37e-03	1.57e-01	8.38e-01	0.00e+00	0.00e+00	0.00e+00	4.31e-11	5.37e-18	1.19e-49
 6.13022e+22	1.26e-18	5.10e-11	5.87e-08	6.18e-06	5.71e-03	1.61e-01	8.33e-01	0.00e+00	0.00e+00	0.00e+00	5.10e-11	6.36e-18	1.86e-49
 6.14990e+22	1.66e-18	6.31e-11	6.96e-08	6.98e-06	6.17e-03	1.67e-01	8.27e-01	0.00e+00	0.00e+00	0.00e+00	6.31e-11	7.88e-18	3.28e-49
 6.16996e+22	2.08e-18	7.53e-11	8.02e-08	7.73e-06	6.58e-03	1.71e-01	8.22e-01	0.00e+00	0.00e+00	0.00e+00	7.53e-11	9.42e-18	5.25e-49
 6.19052e+22	2.77e-18	9.38e-11	9.57e-08	8.77e-06	7.12e-03	1.78e-01	8.15e-01	0.00e+00	0.00e+00	0.00e+00	9.38e-11	1.17e-17	9.44e-49
 6.21136e+22	3.50e-18	1.12e-10	1.11e-07	9.73e-06	7.61e-03	1.83e-01	8.10e-01	0.00e+00	0.00e+00	0.00e+00	1.12e-10	1.41e-17	1.52e-48
 6.23255e+22	4.70e-18	1.41e-10	1.33e-07	1.11e-05	8.26e-03	1.90e-01	8.02e-01	0.00e+00	0.00e+00	0.00e+00	1.41e-10	1.78e-17	2.80e-48
 6.25397e+22	5.96e-18	1.70e-10	1.54e-07	1.23e-05	8.83e-03	1.95e-01	7.96e-01	0.00e+00	0.00e+00	0.00e+00	1.70e-10	2.14e-17	4.54e-48
 6.27567e+22	8.14e-18	2.16e-10	1.87e-07	1.42e-05	9.63e-03	2.03e-01	7.88e-01	0.00e+00	0.00e+00	0.00e+00	2.16e-10	2.73e-17	8.55e-48
 6.29749e+22	1.03e-17	2.60e-10	2.17e-07	1.57e-05	1.03e-02	2.09e-01	7.81e-01	0.00e+00	0.00e+00	0.00e+00	2.60e-10	3.28e-17	1.38e-47
 6.31561e+22	1.28e-17	3.07e-10	2.48e-07	1.73e-05	1.09e-02	2.14e-01	7.75e-01	0.00e+00	0.00e+00	0.00e+00	3.07e-10	3.89e-17	2.15e-47
 6.33533e+22	1.71e-17	3.84e-10	2.97e-07	1.97e-05	1.18e-02	2.22e-01	7.67e-01	0.00e+00	0.00e+00	0.00e+00	3.84e-10	4.88e-17	3.83e-47
 6.35499e+22	2.12e-17	4.53e-10	3.39e-07	2.16e-05	1.26e-02	2.27e-01	7.60e-01	0.00e+00	0.00e+00	0.00e+00	4.53e-10	5.76e-17	5.89e-47
 6.37456e+22	2.83e-17	5.68e-10	4.06e-07	2.46e-05	1.36e-02	2.35e-01	7.51e-01	0.00e+00	0.00e+00	0.00e+00	5.68e-10	7.24e-17	1.05e-46
 6.39436e+22	3.53e-17	6.75e-10	4.67e-07	2.72e-05	1.45e-02	2.41e-01	7.44e-01	0.00e+00	0.00e+00	0.00e+00	6.75e-10	8.62e-17	1.63e-46
 6.41447e+22	4.79e-17	8.56e-10	5.64e-07	3.11e-05	1.57e-02	2.50e-01	7.35e-01	4.79e-17	5.78e-23	1.39e-23	8.56e-10	1.09e-16	2.97e-46
 6.43481e+22	6.03e-17	1.02e-09	6.52e-07	3.44e-05	1.67e-02	2.56e-01	7.27e-01	6.03e-17	2.11e-21	3.28e-22	1.02e-09	1.31e-16	4.68e-46
 6.45546e+22	8.24e-17	1.30e-09	7.91e-07	3.95e-05	1.82e-02	2.65e-01	7.16e-01	8.24e-17	2.88e-21	4.49e-22	1.30e-09	1.67e-16	8.57e-46
 6.47652e+22	1.06e-16	1.58e-09	9.26e-07	4.42e-05	1.95e-02	2.73e-01	7.07e-01	1.06e-16	3.71e-21	5.78e-22	1.58e-09	2.04e-16	1.39e-45
 6.49809e+22	1.48e-16	2.04e-09	1.14e-06	5.12e-05	2.14e-02	2.83e-01	6.96e-01	1.48e-16	5.17e-21	8.07e-22	2.04e-09	2.64e-16	2.62e-45
 6.52005e+22	1.93e-16	2.51e-09	1.34e-06	5.76e-05	2.30e-02	2.91e-01	6.86e-01	1.93e-16	6.76e-21	1.05e-21	2.51e-09	3.24e-16	4.32e-45
 6.54253e+22	2.74e-16	3.28e-09	1.67e-06	6.72e-05	2.52e-02	3.02e-01	6.73e-01	2.74e-16	9.64e-21	1.50e-21	3.28e-09	4.26e-16	8.29e-45
 6.56526e+22	3.63e-16	4.05e-09	1.98e-06	7.60e-05	2.72e-02	3.11e-01	6.62e-01	3.63e-16	1.28e-20	1.99e-21	4.05e-09	5.27e-16	1.38e-44
 6.58448e+22	4.71e-16	4.91e-09	2.31e-06	8.50e-05	2.91e-02	3.19e-01	6.52e-01	4.71e-16	1.66e-20	2.59e-21	4.91e-09	6.42e-16	2.19e-44
 6.60550e+22	6.61e-16	6.31e-09	2.84e-06	9.84e-05	3.18e-02	3.30e-01	6.38e-01	6.61e-16	2.33e-20	3.65e-21	6.31e-09	8.27e-16	3.97e-44
 6.62659e+22	8.66e-16	7.66e-09	3.32e-06	1.10e-04	3.41e-02	3.38e-01	6.27e-01	8.66e-16	3.06e-20	4.78e-21	7.66e-09	1.01e-15	6.28e-44
 6.64720e+22	1.21e-15	9.72e-09	4.04e-06	1.27e-04	3.71e-02	3.49e-01	6.14e-01	1.21e-15	4.29e-20	6.72e-21	9.72e-09	1.28e-15	1.10e-43
 6.66821e+22	1.63e-15	1.19e-08	4.76e-06	1.43e-04	3.98e-02	3.58e-01	6.02e-01	1.63e-15	5.76e-20	9.02e-21	1.19e-08	1.57e-15	1.74e-43
 6.68895e+22	2.31e-15	1.50e-08	5.76e-06	1.64e-04	4.32e-02	3.69e-01	5.88e-01	2.31e-15	8.18e-20	1.28e-20	1.50e-08	1.99e-15	2.96e-43
 6.71010e+22	3.21e-15	1.84e-08	6.83e-06	1.86e-04	4.65e-02	3.78e-01	5.75e-01	3.21e-15	1.14e-19	1.79e-20	1.84e-08	2.45e-15	4.73e-43
 6.73076e+22	4.62e-15	2.28e-08	8.19e-06	2.12e-04	5.03e-02	3.88e-01	5.61e-01	4.62e-15	1.64e-19	2.58e-20	2.28e-08	3.06e-15	7.72e-43
 6.75127e+22	6.61e-15	2.77e-08	9.63e-06	2.39e-04	5.40e-02	3.97e-01	5.48e-01	6.61e-15	2.35e-19	3.70e-20	2.77e-08	3.72e-15	1.20e-42
 6.77206e+22	1.03e-14	3.43e-08	1.15e-05	2.73e-04	5.83e-02	4.07e-01	5.34e-01	1.03e-14	3.66e-19	5.76e-20	3.43e-08	4.63e-15	1.95e-42
 6.79321e+22	1.64e-14	4.18e-08	1.36e-05	3.09e-04	6.27e-02	4.17e-01	5.20e-01	1.64e-14	5.87e-19	9.24e-20	4.18e-08	5.67e-15	3.08e-42
 6.81380e+22	2.88e-14	5.08e-08	1.61e-05	3.50e-04	6.74e-02	4.26e-01	5.06e-01	2.88e-14	1.03e-18	1.63e-19	5.08e-08	6.92e-15	4.88e-42
 6.83443e+22	5.86e-14	6.15e-08	1.90e-05	3.95e-04	7.23e-02	4.35e-01	4.92e-01	5.86e-14	2.10e-18	3.31e-19	6.15e-08	8.41e-15	8.01e-42
 6.85517e+22	1.46e-13	7.43e-08	2.23e-05	4.46e-04	7.75e-02	4.44e-01	4.78e-01	1.46e-13	5.22e-18	8.25e-19	7.43e-08	1.02e-14	1.45e-41
 6.87606e+22	4.07e-13	8.94e-08	2.62e-05	5.04e-04	8.31e-02	4.52e-01	4.64e-01	4.07e-13	1.46e-17	2.31e-18	8.94e-08	1.24e-14	3.06e-41
 6.89715e+22	9.09e-13	1.07e-07	3.08e-05	5.68e-04	8.90e-02	4.61e-01	4.50e-01	9.09e-13	3.27e-17	5.18e-18	1.07e-07	1.49e-14	6.41e-41
 6.91838e+22	1.52e-12	1.28e-07	3.60e-05	6.40e-04	9.51e-02	4.69e-01	4.36e-01	1.52e-12	5.48e-17	8.69e-18	1.28e-07	1.79e-14	1.15e-40
 6.93994e+22	2.26e-12	1.54e-07	4.22e-05	7.22e-04	1.02e-01	4.76e-01	4.21e-01	2.26e-12	8.18e-17	1.30e-17	1.54e-07	2.16e-14	1.90e-40
 6.96170e+22	3.15e-12	1.83e-07	4.92e-05	8.12e-04	1.09e-01	4.84e-01	4.07e-01	3.15e-12	1.14e-16	1.81e-17	1.83e-07	2.58e-14	2.97e-40
 6.98391e+22	4.28e-12	2.18e-07	5.77e-05	9.17e-04	1.16e-01	4.91e-01	3.92e-01	4.28e-12	1.55e-16	2.47e-17	2.18e-07	3.10e-14	4.56e-40
 7.00649e+22	5.61e-12	2.59e-07	6.72e-05	1.03e-03	1.24e-01	4.97e-01	3.78e-01	5.61e-12	2.04e-16	3.25e-17	2.59e-07	3.70e-14	6.76e-40
 7.02715e+22	6.93e-12	2.98e-07	7.63e-05	1.14e-03	1.31e-01	5.02e-01	3.66e-01	6.93e-12	2.53e-16	4.02e-17	2.98e-07	4.28e-14	9.27e-40
 7.04875e+22	1.18e-11	3.54e-07	8.96e-05	1.28e-03	1.40e-01	5.08e-01	3.51e-01	1.18e-11	4.30e-16	6.86e-17	3.54e-07	5.14e-14	1.71e-39
 7.07067e+22	1.38e-11	4.07e-07	1.02e-04	1.41e-03	1.47e-01	5.13e-01	3.39e-01	1.38e-11	5.05e-16	8.07e-17	4.07e-07	5.93e-14	2.24e-39
 7.09322e+22	1.68e-11	4.84e-07	1.19e-04	1.60e-03	1.57e-01	5.18e-01	3.24e-01	1.68e-11	6.19e-16	9.90e-17	4.84e-07	7.11e-14	3.14e-39
 7.11585e+22	1.95e-11	5.52e-07	1.35e-04	1.76e-03	1.65e-01	5.21e-01	3.12e-01	1.95e-11	7.20e-16	1.15e-16	5.52e-07	8.17e-14	4.05e-39
 7.13860e+22	2.36e-11	6.52e-07	1.57e-04	1.99e-03	1.76e-01	5.25e-01	2.97e-01	2.36e-11	8.72e-16	1.40e-16	6.52e-07	9.74e-14	5.57e-39
 7.16142e+22	2.72e-11	7.39e-07	1.77e-04	2.17e-03	1.84e-01	5.27e-01	2.86e-01	2.72e-11	1.01e-15	1.62e-16	7.39e-07	1.11e-13	7.14e-39
 7.18433e+22	3.25e-11	8.67e-07	2.05e-04	2.44e-03	1.96e-01	5.29e-01	2.72e-01	3.25e-11	1.21e-15	1.94e-16	8.67e-07	1.32e-13	9.69e-39
 7.20747e+22	3.72e-11	9.79e-07	2.30e-04	2.67e-03	2.05e-01	5.31e-01	2.62e-01	3.72e-11	1.39e-15	2.24e-16	9.79e-07	1.50e-13	1.23e-38
 7.23092e+22	4.41e-11	1.14e-06	2.67e-04	3.00e-03	2.17e-01	5.32e-01	2.48e-01	4.41e-11	1.65e-15	2.67e-16	1.14e-06	1.77e-13	1.66e-38
 7.25467e+22	5.04e-11	1.29e-06	2.99e-04	3.28e-03	2.27e-01	5.32e-01	2.38e-01	5.04e-11	1.89e-15	3.06e-16	1.29e-06	2.01e-13	2.12e-38
 7.27879e+22	5.95e-11	1.50e-06	3.46e-04	3.67e-03	2.40e-01	5.31e-01	2.25e-01	5.95e-11	2.24e-15	3.63e-16	1.50e-06	2.37e-13	2.85e-38
 7.30335e+22	6.78e-11	1.69e-06	3.87e-04	4.01e-03	2.50e-01	5.31e-01	2.15e-01	6.78e-11	2.57e-15	4.16e-16	1.69e-06	2.70e-13	3.63e-38
 7.32848e+22	7.98e-11	1.97e-06	4.48e-04	4.50e-03	2.65e-01	5.29e-01	2.02e-01	7.98e-11	3.04e-15	4.93e-16	1.97e-06	3.17e-13	4.91e-38
 7.35417e+22	9.09e-11	2.22e-06	5.02e-04	4.91e-03	2.76e-01	5.27e-01	1.92e-01	9.09e-11	3.47e-15	5.65e-16	2.22e-06	3.62e-13	6.31e-38
 7.38058e+22	1.07e-10	2.58e-06	5.81e-04	5.52e-03	2.91e-01	5.23e-01	1.80e-01	1.07e-10	4.10e-15	6.69e-16	2.58e-06	4.27e-13	8.59e-38
 7.40753e+22	1.22e-10	2.91e-06	6.51e-04	6.03e-03	3.03e-01	5.20e-01	1.71e-01	1.22e-10	4.70e-15	7.68e-16	2.91e-06	4.87e-13	1.12e-37
 7.43030e+22	1.36e-10	3.23e-06	7.21e-04	6.52e-03	3.14e-01	5.16e-01	1.62e-01	1.36e-10	5.28e-15	8.63e-16	3.23e-06	5.47e-13	1.40e-37
 7.45498e+22	1.57e-10	3.69e-06	8.20e-04	7.22e-03	3.29e-01	5.11e-01	1.52e-01	1.57e-10	6.12e-15	1.00e-15	3.69e-06	6.33e-13	1.87e-37
 7.47895e+22	1.74e-10	4.06e-06	8.98e-04	7.75e-03	3.39e-01	5.07e-01	1.45e-01	1.74e-10	6.80e-15	1.12e-15	4.06e-06	7.04e-13	2.31e-37
 7.50201e+22	1.97e-10	4.57e-06	1.01e-03	8.50e-03	3.53e-01	5.01e-01	1.36e-01	1.97e-10	7.74e-15	1.27e-15	4.57e-06	8.04e-13	2.99e-37
 7.52529e+22	2.18e-10	5.03e-06	1.10e-03	9.10e-03	3.63e-01	4.96e-01	1.30e-01	2.18e-10	8.62e-15	1.42e-15	5.03e-06	8.94e-13	3.75e-37
 7.54887e+22	2.47e-10	5.66e-06	1.24e-03	9.96e-03	3.78e-01	4.89e-01	1.22e-01	2.47e-10	9.81e-15	1.62e-15	5.66e-06	1.02e-12	4.91e-37
 7.57278e+22	2.74e-10	6.22e-06	1.35e-03	1.07e-02	3.88e-01	4.84e-01	1.16e-01	2.74e-10	1.09e-14	1.81e-15	6.22e-06	1.14e-12	6.20e-37
 7.59713e+22	3.10e-10	7.00e-06	1.52e-03	1.17e-02	4.03e-01	4.76e-01	1.08e-01	3.10e-10	1.24e-14	2.06e-15	7.00e-06	1.30e-12	8.19e-37
 7.62182e+22	3.44e-10	7.70e-06	1.66e-03	1.25e-02	4.14e-01	4.69e-01	1.02e-01	3.44e-10	1.39e-14	2.31e-15	7.70e-06	1.45e-12	1.05e-36
 7.64696e+22	3.88e-10	8.67e-06	1.86e-03	1.37e-02	4.29e-01	4.60e-01	9.52e-02	3.88e-10	1.58e-14	2.63e-15	8.67e-06	1.66e-12	1.40e-36
 7.67254e+22	4.31e-10	9.55e-06	2.04e-03	1.47e-02	4.40e-01	4.53e-01	8.99e-02	4.31e-10	1.76e-14	2.95e-15	9.55e-06	1.86e-12	1.80e-36
 7.69868e+22	4.89e-10	1.08e-05	2.29e-03	1.60e-02	4.55e-01	4.43e-01	8.32e-02	4.89e-10	2.01e-14	3.38e-15	1.08e-05	2.14e-12	2.46e-36
 7.72549e+22	5.44e-10	1.19e-05	2.51e-03	1.72e-02	4.67e-01	4.35e-01	7.82e-02	5.44e-10	2.26e-14	3.79e-15	1.19e-05	2.40e-12	3.21e-36
 7.75314e+22	6.20e-10	1.35e-05	2.83e-03	1.88e-02	4.83e-01	4.24e-01	7.19e-02	6.20e-10	2.59e-14	4.37e-15	1.35e-05	2.78e-12	4.49e-36
 7.78151e+22	6.92e-10	1.49e-05	3.11e-03	2.02e-02	4.95e-01	4.15e-01	6.72e-02	6.92e-10	2.92e-14	4.93e-15	1.49e-05	3.13e-12	5.99e-36
 7.81079e+22	7.92e-10	1.70e-05	3.51e-03	2.22e-02	5.10e-01	4.02e-01	6.14e-02	7.92e-10	3.37e-14	5.72e-15	1.70e-05	3.65e-12	8.60e-36
 7.84031e+22	8.91e-10	1.89e-05	3.86e-03	2.38e-02	5.22e-01	3.93e-01	5.73e-02	8.91e-10	3.82e-14	6.50e-15	1.89e-05	4.13e-12	1.17e-35
 7.87015e+22	1.01e-09	2.14e-05	4.35e-03	2.61e-02	5.38e-01	3.80e-01	5.21e-02	1.01e-09	4.39e-14	7.50e-15	2.14e-05	4.81e-12	1.68e-35
 7.90024e+22	1.14e-09	2.38e-05	4.77e-03	2.79e-02	5.49e-01	3.70e-01	4.85e-02	1.14e-09	4.99e-14	8.55e-15	2.38e-05	5.47e-12	2.33e-35
 7.93066e+22	1.30e-09	2.70e-05	5.37e-03	3.05e-02	5.63e-01	3.57e-01	4.38e-02	1.30e-09	5.75e-14	9.88e-15	2.70e-05	6.37e-12	3.39e-35
 7.96160e+22	1.47e-09	3.01e-05	5.89e-03	3.26e-02	5.74e-01	3.47e-01	4.06e-02	1.47e-09	6.56e-14	1.13e-14	3.01e-05	7.26e-12	4.76e-35
 7.99319e+22	1.68e-09	3.43e-05	6.64e-03	3.57e-02	5.89e-01	3.33e-01	3.65e-02	1.68e-09	7.60e-14	1.32e-14	3.43e-05	8.52e-12	7.12e-35
 8.02435e+22	1.89e-09	3.81e-05	7.25e-03	3.79e-02	5.98e-01	3.23e-01	3.39e-02	1.89e-09	8.62e-14	1.50e-14	3.81e-05	9.66e-12	9.90e-35
 8.05494e+22	2.15e-09	4.31e-05	8.11e-03	4.12e-02	6.11e-01	3.09e-01	3.05e-02	2.15e-09	9.96e-14	1.74e-14	4.31e-05	1.13e-11	1.48e-34
 8.08379e+22	2.37e-09	4.71e-05	8.76e-03	4.36e-02	6.19e-01	3.00e-01	2.84e-02	2.37e-09	1.11e-13	1.94e-14	4.71e-05	1.26e-11	1.97e-34
 8.11039e+22	2.67e-09	5.25e-05	9.60e-03	4.65e-02	6.28e-01	2.90e-01	2.61e-02	2.67e-09	1.26e-13	2.22e-14	5.25e-05	1.44e-11	2.82e-34
 8.13852e+22	2.96e-09	5.79e-05	1.04e-02	4.94e-02	6.36e-01	2.80e-01	2.40e-02	2.96e-09	1.42e-13	2.50e-14	5.79e-05	1.63e-11	3.89e-34
 8.16427e+22	3.28e-09	6.35e-05	1.13e-02	5.22e-02	6.43e-01	2.71e-01	2.22e-02	3.28e-09	1.59e-13	2.81e-14	6.35e-05	1.83e-11	5.29e-34
 8.19340e+22	3.73e-09	7.15e-05	1.25e-02	5.59e-02	6.52e-01	2.59e-01	2.02e-02	3.73e-09	1.83e-13	3.26e-14	7.15e-05	2.12e-11	7.89e-34
 8.22355e+22	4.15e-09	7.91e-05	1.36e-02	5.94e-02	6.59e-01	2.49e-01	1.84e-02	4.15e-09	2.06e-13	3.68e-14	7.91e-05	2.41e-11	1.11e-33
 8.25031e+22	4.62e-09	8.71e-05	1.47e-02	6.28e-02	6.65e-01	2.40e-01	1.70e-02	4.62e-09	2.33e-13	4.16e-14	8.71e-05	2.72e-11	1.54e-33
 8.28043e+22	5.29e-09	9.83e-05	1.62e-02	6.71e-02	6.72e-01	2.29e-01	1.53e-02	5.29e-09	2.71e-13	4.86e-14	9.83e-05	3.17e-11	2.34e-33
 8.31184e+22	5.91e-09	1.09e-04	1.77e-02	7.13e-02	6.78e-01	2.19e-01	1.38e-02	5.91e-09	3.07e-13	5.53e-14	1.09e-04	3.63e-11	3.36e-33
 8.34017e+22	6.61e-09	1.21e-04	1.91e-02	7.53e-02	6.83e-01	2.10e-01	1.27e-02	6.61e-09	3.49e-13	6.31e-14	1.21e-04	4.13e-11	4.78e-33
 8.37218e+22	7.64e-09	1.37e-04	2.12e-02	8.06e-02	6.88e-01	1.99e-01	1.13e-02	7.64e-09	4.11e-13	7.46e-14	1.37e-04	4.87e-11	7.50e-33
 8.40522e+22	8.57e-09	1.53e-04	2.31e-02	8.56e-02	6.92e-01	1.89e-01	1.02e-02	8.57e-09	4.68e-13	8.55e-14	1.53e-04	5.61e-11	1.10e-32
 8.43466e+22	9.64e-09	1.70e-04	2.51e-02	9.03e-02	6.95e-01	1.80e-01	9.22e-03	9.64e-09	5.35e-13	9.81e-14	1.70e-04	6.43e-11	1.59e-32
