#depth	S	S+	S+2	S+3	S+4	S+5	S+6	S+7	S+8	S+9	S+10	S+11	S+12	S+13	S+14	S+15	S+16
 4.62852e+21	0.00e+00	0.00e+00	0.00e+00	0.00e+00	0.00e+00	0.00e+00	0.00e+00	0.00e+00	1.36e-26	1.13e-22	5.66e-19	1.41e-15	2.30e-12	3.95e-09	1.35e-05	6.52e-03	9.93e-01
 1.05226e+22	0.00e+00	0.00e+00	0.00e+00	0.00e+00	0.00e+00	0.00e+00	0.00e+00	1.65e-29	2.34e-25	1.36e-21	4.72e-18	8.57e-15	9.73e-12	1.16e-08	2.76e-05	9.33e-03	9.91e-01
 1.26271e+22	0.00e+00	0.00e+00	0.00e+00	0.00e+00	0.00e+00	0.00e+00	0.00e+00	1.37e-28	1.53e-24	6.98e-21	1.95e-17	2.79e-14	2.51e-11	2.36e-08	4.43e-05	1.18e-02	9.88e-01
 1.41374e+22	0.00e+00	0.00e+00	0.00e+00	0.00e+00	0.00e+00	0.00e+00	0.00e+00	7.58e-28	6.96e-24	2.62e-20	6.06e-17	7.17e-14	5.32e-11	4.16e-08	6.45e-05	1.42e-02	9.86e-01
 1.50141e+22	0.00e+00	0.00e+00	0.00e+00	0.00e+00	0.00e+00	0.00e+00	0.00e+00	1.27e-27	1.10e-23	3.90e-20	8.52e-17	9.52e-14	6.67e-11	4.92e-08	7.22e-05	1.51e-02	9.85e-01
 1.54866e+22	0.00e+00	0.00e+00	0.00e+00	0.00e+00	0.00e+00	0.00e+00	1.21e-31	2.48e-27	1.99e-23	6.57e-20	1.33e-16	1.38e-13	8.97e-11	6.15e-08	8.37e-05	1.62e-02	9.84e-01
 1.59977e+22	0.00e+00	0.00e+00	0.00e+00	0.00e+00	0.00e+00	0.00e+00	2.39e-31	4.56e-27	3.42e-23	1.05e-19	1.99e-16	1.93e-13	1.17e-10	7.52e-08	9.58e-05	1.73e-02	9.83e-01
 1.64854e+22	0.00e+00	0.00e+00	0.00e+00	0.00e+00	0.00e+00	0.00e+00	4.73e-31	8.42e-27	5.90e-23	1.70e-19	2.99e-16	2.70e-13	1.54e-10	9.21e-08	1.10e-04	1.85e-02	9.81e-01
 1.70460e+22	0.00e+00	0.00e+00	0.00e+00	0.00e+00	0.00e+00	0.00e+00	1.19e-30	1.93e-26	1.23e-22	3.22e-19	5.17e-16	4.26e-13	2.21e-10	1.21e-07	1.31e-04	2.02e-02	9.80e-01
 1.75930e+22	0.00e+00	0.00e+00	0.00e+00	0.00e+00	0.00e+00	0.00e+00	2.16e-30	3.29e-26	1.98e-22	4.91e-19	7.42e-16	5.75e-13	2.81e-10	1.45e-07	1.48e-04	2.15e-02	9.78e-01
 1.81223e+22	0.00e+00	0.00e+00	0.00e+00	0.00e+00	0.00e+00	0.00e+00	5.20e-30	7.25e-26	3.98e-22	9.04e-19	1.25e-15	8.87e-13	3.98e-10	1.88e-07	1.76e-04	2.34e-02	9.76e-01
 1.86496e+22	0.00e+00	0.00e+00	0.00e+00	0.00e+00	0.00e+00	0.00e+00	9.51e-30	1.25e-25	6.43e-22	1.38e-18	1.79e-15	1.20e-12	5.05e-10	2.24e-07	1.98e-04	2.48e-02	9.75e-01
 1.91743e+22	0.00e+00	0.00e+00	0.00e+00	0.00e+00	0.00e+00	0.00e+00	2.21e-29	2.66e-25	1.26e-21	2.47e-18	2.95e-15	1.81e-12	7.04e-10	2.88e-07	2.34e-04	2.69e-02	9.73e-01
 1.97056e+22	0.00e+00	0.00e+00	0.00e+00	0.00e+00	0.00e+00	0.00e+00	4.27e-29	4.80e-25	2.12e-21	3.90e-18	4.36e-15	2.51e-12	9.12e-10	3.49e-07	2.66e-04	2.87e-02	9.71e-01
 2.02453e+22	0.00e+00	0.00e+00	0.00e+00	0.00e+00	0.00e+00	0.00e+00	1.03e-28	1.05e-24	4.27e-21	7.17e-18	7.33e-15	3.86e-12	1.29e-09	4.52e-07	3.16e-04	3.12e-02	9.68e-01
 2.07348e+22	0.00e+00	0.00e+00	0.00e+00	0.00e+00	0.00e+00	0.00e+00	1.70e-28	1.66e-24	6.39e-21	1.02e-17	9.91e-15	4.96e-12	1.57e-09	5.26e-07	3.49e-04	3.28e-02	9.67e-01
 2.11591e+22	0.00e+00	0.00e+00	0.00e+00	0.00e+00	0.00e+00	0.00e+00	3.26e-28	2.97e-24	1.07e-20	1.60e-17	1.45e-14	6.81e-12	2.03e-09	6.36e-07	3.96e-04	3.49e-02	9.65e-01
 2.16093e+22	0.00e+00	0.00e+00	0.00e+00	0.00e+00	0.00e+00	0.00e+00	5.83e-28	5.01e-24	1.70e-20	2.40e-17	2.05e-14	9.06e-12	2.55e-09	7.54e-07	4.43e-04	3.69e-02	9.63e-01
 2.20204e+22	0.00e+00	0.00e+00	0.00e+00	0.00e+00	0.00e+00	3.24e-32	1.02e-27	8.28e-24	2.65e-20	3.53e-17	2.85e-14	1.19e-11	3.17e-09	8.89e-07	4.94e-04	3.89e-02	9.61e-01
 2.24822e+22	0.00e+00	0.00e+00	0.00e+00	0.00e+00	0.00e+00	7.17e-32	2.10e-27	1.58e-23	4.69e-20	5.81e-17	4.36e-14	1.70e-11	4.21e-09	1.10e-06	5.68e-04	4.17e-02	9.58e-01
 2.29456e+22	0.00e+00	0.00e+00	0.00e+00	0.00e+00	0.00e+00	1.34e-31	3.70e-27	2.63e-23	7.37e-20	8.61e-17	6.11e-14	2.24e-11	5.25e-09	1.30e-06	6.35e-04	4.40e-02	9.55e-01
 2.33464e+22	0.00e+00	0.00e+00	0.00e+00	0.00e+00	0.00e+00	2.47e-31	6.44e-27	4.32e-23	1.14e-19	1.26e-16	8.47e-14	2.94e-11	6.53e-09	1.52e-06	7.07e-04	4.63e-02	9.53e-01
 2.38027e+22	0.00e+00	0.00e+00	0.00e+00	0.00e+00	0.00e+00	5.37e-31	1.30e-26	8.09e-23	2.00e-19	2.06e-16	1.28e-13	4.14e-11	8.58e-09	1.87e-06	8.09e-04	4.95e-02	9.50e-01
 2.42662e+22	0.00e+00	0.00e+00	0.00e+00	0.00e+00	0.00e+00	1.01e-30	2.31e-26	1.36e-22	3.16e-19	3.06e-16	1.80e-13	5.50e-11	1.08e-08	2.22e-06	9.05e-04	5.23e-02	9.47e-01
 2.46689e+22	0.00e+00	0.00e+00	0.00e+00	0.00e+00	0.00e+00	1.86e-30	3.99e-26	2.22e-22	4.88e-19	4.48e-16	2.49e-13	7.18e-11	1.33e-08	2.60e-06	1.01e-03	5.50e-02	9.44e-01
 2.50349e+22	0.00e+00	0.00e+00	0.00e+00	0.00e+00	0.00e+00	3.19e-30	6.52e-26	3.44e-22	7.21e-19	6.29e-16	3.32e-13	9.13e-11	1.61e-08	3.00e-06	1.11e-03	5.76e-02	9.41e-01
 2.53675e+22	0.00e+00	0.00e+00	0.00e+00	0.00e+00	0.00e+00	5.29e-30	1.03e-25	5.19e-22	1.04e-18	8.63e-16	4.35e-13	1.14e-10	1.93e-08	3.43e-06	1.21e-03	6.01e-02	9.39e-01
 2.57443e+22	0.00e+00	0.00e+00	0.00e+00	0.00e+00	0.00e+00	9.69e-30	1.78e-25	8.48e-22	1.60e-18	1.26e-15	6.00e-13	1.49e-10	2.38e-08	4.02e-06	1.34e-03	6.33e-02	9.35e-01
 2.61377e+22	0.00e+00	0.00e+00	0.00e+00	0.00e+00	0.00e+00	1.71e-29	2.97e-25	1.34e-21	2.40e-18	1.79e-15	8.11e-13	1.91e-10	2.91e-08	4.66e-06	1.48e-03	6.63e-02	9.32e-01
 2.64841e+22	0.00e+00	0.00e+00	0.00e+00	0.00e+00	0.00e+00	2.87e-29	4.77e-25	2.05e-21	3.49e-18	2.49e-15	1.07e-12	2.41e-10	3.50e-08	5.35e-06	1.62e-03	6.93e-02	9.29e-01
 2.68656e+22	0.00e+00	0.00e+00	0.00e+00	0.00e+00	0.00e+00	5.33e-29	8.33e-25	3.38e-21	5.43e-18	3.65e-15	1.49e-12	3.16e-10	4.34e-08	6.28e-06	1.80e-03	7.29e-02	9.25e-01
 2.72672e+22	0.00e+00	0.00e+00	0.00e+00	0.00e+00	0.00e+00	9.55e-29	1.41e-24	5.43e-21	8.27e-18	5.27e-15	2.03e-12	4.09e-10	5.34e-08	7.33e-06	1.99e-03	7.66e-02	9.21e-01
 2.76159e+22	0.00e+00	0.00e+00	0.00e+00	0.00e+00	1.67e-32	1.60e-28	2.26e-24	8.24e-21	1.20e-17	7.27e-15	2.67e-12	5.13e-10	6.39e-08	8.38e-06	2.18e-03	7.99e-02	9.18e-01
 2.79898e+22	0.00e+00	0.00e+00	0.00e+00	0.00e+00	3.21e-32	2.93e-28	3.90e-24	1.35e-20	1.85e-17	1.06e-14	3.68e-12	6.68e-10	7.90e-08	9.81e-06	2.42e-03	8.40e-02	9.14e-01
 2.83547e+22	0.00e+00	0.00e+00	0.00e+00	0.00e+00	5.56e-32	4.85e-28	6.16e-24	2.03e-20	2.65e-17	1.45e-14	4.82e-12	8.36e-10	9.44e-08	1.12e-05	2.64e-03	8.75e-02	9.10e-01
 2.86442e+22	0.00e+00	0.00e+00	0.00e+00	0.00e+00	8.84e-32	7.43e-28	9.07e-24	2.87e-20	3.61e-17	1.90e-14	6.04e-12	1.01e-09	1.10e-07	1.25e-05	2.84e-03	9.06e-02	9.07e-01
 2.89570e+22	0.00e+00	0.00e+00	0.00e+00	0.00e+00	1.52e-31	1.22e-27	1.42e-23	4.29e-20	5.15e-17	2.59e-14	7.86e-12	1.25e-09	1.30e-07	1.43e-05	3.09e-03	9.44e-02	9.03e-01
 2.92984e+22	0.00e+00	0.00e+00	0.00e+00	0.00e+00	2.58e-31	2.00e-27	2.22e-23	6.39e-20	7.33e-17	3.52e-14	1.02e-11	1.55e-09	1.55e-07	1.62e-05	3.36e-03	9.82e-02	8.98e-01
 2.96188e+22	0.00e+00	0.00e+00	0.00e+00	0.00e+00	4.36e-31	3.24e-27	3.44e-23	9.47e-20	1.04e-16	4.76e-14	1.32e-11	1.92e-09	1.83e-07	1.84e-05	3.65e-03	1.02e-01	8.94e-01
 2.99189e+22	0.00e+00	0.00e+00	0.00e+00	0.00e+00	7.05e-31	5.04e-27	5.13e-23	1.35e-19	1.42e-16	6.27e-14	1.67e-11	2.33e-09	2.14e-07	2.06e-05	3.94e-03	1.06e-01	8.90e-01
 3.02504e+22	0.00e+00	0.00e+00	0.00e+00	0.00e+00	1.25e-30	8.54e-27	8.27e-23	2.08e-19	2.08e-16	8.71e-14	2.21e-11	2.94e-09	2.57e-07	2.36e-05	4.30e-03	1.10e-01	8.85e-01
 3.05995e+22	0.00e+00	0.00e+00	0.00e+00	0.00e+00	2.18e-30	1.42e-26	1.31e-22	3.14e-19	3.00e-16	1.20e-13	2.89e-11	3.68e-09	3.07e-07	2.70e-05	4.69e-03	1.15e-01	8.80e-01
 3.09062e+22	0.00e+00	0.00e+00	0.00e+00	0.00e+00	3.54e-30	2.23e-26	1.97e-22	4.53e-19	4.14e-16	1.59e-13	3.67e-11	4.48e-09	3.60e-07	3.03e-05	5.07e-03	1.19e-01	8.76e-01
 3.11956e+22	0.00e+00	0.00e+00	0.00e+00	0.00e+00	5.67e-30	3.44e-26	2.92e-22	6.44e-19	5.65e-16	2.08e-13	4.62e-11	5.42e-09	4.18e-07	3.39e-05	5.45e-03	1.23e-01	8.71e-01
 3.14722e+22	0.00e+00	0.00e+00	0.00e+00	0.00e+00	8.78e-30	5.15e-26	4.21e-22	8.93e-19	7.54e-16	2.68e-13	5.73e-11	6.47e-09	4.81e-07	3.76e-05	5.84e-03	1.27e-01	8.67e-01
 3.17365e+22	0.00e+00	0.00e+00	0.00e+00	0.00e+00	1.34e-29	7.59e-26	5.98e-22	1.22e-18	9.95e-16	3.41e-13	7.02e-11	7.65e-09	5.50e-07	4.16e-05	6.23e-03	1.31e-01	8.63e-01
 3.20397e+22	0.00e+00	0.00e+00	0.00e+00	0.00e+00	2.24e-29	1.22e-25	9.19e-22	1.80e-18	1.40e-15	4.58e-13	9.02e-11	9.41e-09	6.48e-07	4.70e-05	6.74e-03	1.36e-01	8.57e-01
 3.23577e+22	0.00e+00	0.00e+00	0.00e+00	0.00e+00	3.67e-29	1.92e-25	1.39e-21	2.60e-18	1.94e-15	6.08e-13	1.15e-10	1.15e-08	7.60e-07	5.28e-05	7.28e-03	1.41e-01	8.52e-01
 3.26353e+22	0.00e+00	0.00e+00	0.00e+00	0.00e+00	5.73e-29	2.90e-25	2.02e-21	3.63e-18	2.61e-15	7.87e-13	1.43e-10	1.38e-08	8.77e-07	5.88e-05	7.80e-03	1.45e-01	8.47e-01
 3.28917e+22	0.00e+00	0.00e+00	0.00e+00	9.23e-33	8.70e-29	4.27e-25	2.86e-21	4.96e-18	3.44e-15	1.00e-12	1.75e-10	1.63e-08	1.00e-06	6.49e-05	8.32e-03	1.50e-01	8.42e-01
 3.31800e+22	0.00e+00	0.00e+00	0.00e+00	1.56e-32	1.42e-28	6.70e-25	4.30e-21	7.15e-18	4.74e-15	1.32e-12	2.22e-10	1.98e-08	1.17e-06	7.28e-05	8.96e-03	1.55e-01	8.36e-01
 3.34885e+22	0.00e+00	0.00e+00	0.00e+00	2.61e-32	2.29e-28	1.04e-24	6.42e-21	1.02e-17	6.52e-15	1.74e-12	2.81e-10	2.40e-08	1.37e-06	8.15e-05	9.64e-03	1.60e-01	8.30e-01
 3.37659e+22	0.00e+00	0.00e+00	0.00e+00	4.21e-32	3.57e-28	1.57e-24	9.30e-21	1.43e-17	8.73e-15	2.25e-12	3.49e-10	2.87e-08	1.57e-06	9.05e-05	1.03e-02	1.65e-01	8.25e-01
 3.40693e+22	0.00e+00	0.00e+00	0.00e+00	7.37e-32	6.02e-28	2.54e-24	1.44e-20	2.11e-17	1.23e-14	3.04e-12	4.50e-10	3.54e-08	1.86e-06	1.02e-04	1.12e-02	1.71e-01	8.18e-01
 3.43666e+22	0.00e+00	0.00e+00	0.00e+00	1.19e-31	9.41e-28	3.83e-24	2.09e-20	2.95e-17	1.66e-14	3.93e-12	5.60e-10	4.24e-08	2.14e-06	1.14e-04	1.20e-02	1.76e-01	8.12e-01
 3.46011e+22	0.00e+00	0.00e+00	0.00e+00	1.78e-31	1.36e-27	5.39e-24	2.85e-20	3.89e-17	2.12e-14	4.86e-12	6.71e-10	4.92e-08	2.41e-06	1.24e-04	1.26e-02	1.81e-01	8.07e-01
 3.48513e+22	0.00e+00	0.00e+00	0.00e+00	2.81e-31	2.09e-27	7.98e-24	4.07e-20	5.35e-17	2.81e-14	6.21e-12	8.25e-10	5.84e-08	2.76e-06	1.37e-04	1.35e-02	1.86e-01	8.01e-01
 3.51265e+22	0.00e+00	0.00e+00	0.00e+00	4.42e-31	3.18e-27	1.18e-23	5.80e-20	7.34e-17	3.71e-14	7.91e-12	1.01e-09	6.92e-08	3.16e-06	1.51e-04	1.44e-02	1.91e-01	7.94e-01
 3.53894e+22	0.00e+00	0.00e+00	0.00e+00	3.71e-31	2.59e-27	9.29e-24	8.22e-20	1.00e-16	4.89e-14	1.01e-11	1.24e-09	8.18e-08	3.60e-06	1.67e-04	1.53e-02	1.96e-01	7.88e-01
 3.56452e+22	0.00e+00	0.00e+00	0.00e+00	5.80e-31	3.92e-27	1.36e-23	1.16e-19	1.37e-16	6.44e-14	1.28e-11	1.52e-09	9.67e-08	4.11e-06	1.84e-04	1.63e-02	2.02e-01	7.82e-01
 3.58907e+22	0.00e+00	0.00e+00	0.00e+00	8.81e-31	5.79e-27	1.95e-23	1.61e-19	1.83e-16	8.33e-14	1.60e-11	1.84e-09	1.13e-07	4.65e-06	2.01e-04	1.73e-02	2.07e-01	7.76e-01
 3.61637e+22	0.00e+00	0.00e+00	0.00e+00	1.45e-30	9.20e-27	2.99e-23	2.37e-19	2.59e-16	1.13e-13	2.08e-11	2.30e-09	1.36e-07	5.38e-06	2.24e-04	1.85e-02	2.13e-01	7.68e-01
 3.64500e+22	0.00e+00	0.00e+00	0.00e+00	2.33e-30	1.43e-26	4.50e-23	3.43e-19	3.61e-16	1.52e-13	2.69e-11	2.86e-09	1.62e-07	6.19e-06	2.48e-04	1.97e-02	2.19e-01	7.61e-01
 3.66992e+22	0.00e+00	0.00e+00	0.00e+00	3.56e-30	2.13e-26	6.48e-23	4.77e-19	4.84e-16	1.97e-13	3.37e-11	3.46e-09	1.90e-07	7.02e-06	2.72e-04	2.09e-02	2.25e-01	7.54e-01
 3.69690e+22	0.00e+00	0.00e+00	0.00e+00	5.85e-30	3.38e-26	9.92e-23	7.02e-19	6.84e-16	2.67e-13	4.39e-11	4.33e-09	2.29e-07	8.11e-06	3.03e-04	2.24e-02	2.31e-01	7.46e-01
 3.72418e+22	0.00e+00	0.00e+00	0.00e+00	9.10e-30	5.10e-26	1.45e-22	9.90e-19	9.31e-16	3.50e-13	5.56e-11	5.29e-09	2.70e-07	9.24e-06	3.33e-04	2.38e-02	2.37e-01	7.39e-01
 3.74705e+22	0.00e+00	0.00e+00	0.00e+00	1.34e-29	7.31e-26	2.02e-22	1.34e-18	1.22e-15	4.45e-13	6.84e-11	6.31e-09	3.11e-07	1.04e-05	3.62e-04	2.51e-02	2.42e-01	7.32e-01
 3.77201e+22	0.00e+00	0.00e+00	0.00e+00	2.11e-29	1.12e-25	2.99e-22	1.91e-18	1.67e-15	5.88e-13	8.71e-11	7.74e-09	3.68e-07	1.18e-05	3.98e-04	2.67e-02	2.49e-01	7.24e-01
 3.79896e+22	0.00e+00	0.00e+00	3.58e-33	3.33e-29	1.71e-25	4.42e-22	2.72e-18	2.30e-15	7.78e-13	1.11e-10	9.53e-09	4.37e-07	1.35e-05	4.39e-04	2.83e-02	2.55e-01	7.16e-01
 3.82354e+22	0.00e+00	0.00e+00	5.53e-33	5.01e-29	2.49e-25	6.27e-22	3.73e-18	3.05e-15	1.00e-12	1.38e-10	1.15e-08	5.08e-07	1.52e-05	4.79e-04	2.99e-02	2.61e-01	7.09e-01
 3.85053e+22	0.00e+00	0.00e+00	9.37e-33	8.22e-29	3.96e-25	9.60e-22	5.49e-18	4.31e-15	1.36e-12	1.80e-10	1.43e-08	6.11e-07	1.76e-05	5.32e-04	3.20e-02	2.68e-01	7.00e-01
 3.87905e+22	0.00e+00	0.00e+00	1.57e-32	1.33e-28	6.21e-25	1.45e-21	8.00e-18	6.04e-15	1.83e-12	2.33e-10	1.78e-08	7.32e-07	2.03e-05	5.90e-04	3.41e-02	2.75e-01	6.91e-01
 3.90299e+22	0.00e+00	0.00e+00	2.38e-32	1.97e-28	8.93e-25	2.03e-21	1.08e-17	7.93e-15	2.32e-12	2.87e-10	2.13e-08	8.46e-07	2.27e-05	6.41e-04	3.59e-02	2.80e-01	6.83e-01
 3.92757e+22	0.00e+00	0.00e+00	3.84e-32	3.09e-28	1.36e-24	2.99e-21	1.54e-17	1.09e-14	3.07e-12	3.65e-10	2.61e-08	9.99e-07	2.59e-05	7.05e-04	3.81e-02	2.87e-01	6.74e-01
 3.95403e+22	0.00e+00	0.00e+00	6.13e-32	4.79e-28	2.04e-24	4.35e-21	2.17e-17	1.47e-14	4.02e-12	4.62e-10	3.18e-08	1.18e-06	2.94e-05	7.74e-04	4.04e-02	2.93e-01	6.65e-01
 3.97848e+22	0.00e+00	0.00e+00	9.53e-32	7.25e-28	3.01e-24	6.21e-21	2.99e-17	1.97e-14	5.18e-12	5.77e-10	3.84e-08	1.37e-06	3.32e-05	8.44e-04	4.27e-02	3.00e-01	6.57e-01
 4.00578e+22	0.00e+00	0.00e+00	1.62e-31	1.19e-27	4.79e-24	9.54e-21	4.41e-17	2.79e-14	7.05e-12	7.53e-10	4.81e-08	1.65e-06	3.84e-05	9.38e-04	4.55e-02	3.07e-01	6.47e-01
 4.03434e+22	0.00e+00	0.00e+00	1.72e-31	1.22e-27	4.74e-24	1.45e-20	6.46e-17	3.93e-14	9.55e-12	9.80e-10	6.02e-08	1.99e-06	4.44e-05	1.04e-03	4.85e-02	3.14e-01	6.36e-01
 4.05775e+22	0.00e+00	0.00e+00	2.55e-31	1.78e-27	6.71e-24	2.00e-20	8.64e-17	5.09e-14	1.20e-11	1.19e-09	7.12e-08	2.28e-06	4.94e-05	1.12e-03	5.09e-02	3.20e-01	6.28e-01
 4.08137e+22	0.00e+00	0.00e+00	4.10e-31	2.77e-27	1.01e-23	2.92e-20	1.22e-16	6.93e-14	1.58e-11	1.51e-09	8.71e-08	2.69e-06	5.62e-05	1.23e-03	5.39e-02	3.27e-01	6.18e-01
 4.10687e+22	0.00e+00	0.00e+00	6.44e-31	4.23e-27	1.50e-23	4.19e-20	1.69e-16	9.30e-14	2.05e-11	1.90e-09	1.05e-07	3.14e-06	6.35e-05	1.35e-03	5.69e-02	3.33e-01	6.09e-01
 4.13088e+22	0.00e+00	0.00e+00	1.00e-30	6.41e-27	2.21e-23	5.96e-20	2.33e-16	1.24e-13	2.64e-11	2.37e-09	1.27e-07	3.67e-06	7.16e-05	1.47e-03	5.99e-02	3.39e-01	5.99e-01
 4.15819e+22	0.00e+00	0.00e+00	1.71e-30	1.06e-26	3.54e-23	9.16e-20	3.45e-16	1.76e-13	3.60e-11	3.10e-09	1.60e-07	4.42e-06	8.28e-05	1.63e-03	6.38e-02	3.47e-01	5.88e-01
 4.18641e+22	0.00e+00	0.00e+00	2.88e-30	1.73e-26	5.56e-23	1.39e-19	5.03e-16	2.47e-13	4.85e-11	4.02e-09	1.99e-07	5.30e-06	9.53e-05	1.80e-03	6.78e-02	3.54e-01	5.76e-01
 4.20923e+22	0.00e+00	0.00e+00	4.35e-30	2.54e-26	7.94e-23	1.92e-19	6.77e-16	3.23e-13	6.15e-11	4.94e-09	2.37e-07	6.12e-06	1.07e-04	1.95e-03	7.12e-02	3.60e-01	5.67e-01
 4.23230e+22	0.00e+00	0.00e+00	6.88e-30	3.91e-26	1.19e-22	2.77e-19	9.46e-16	4.35e-13	8.01e-11	6.21e-09	2.88e-07	7.17e-06	1.21e-04	2.13e-03	7.50e-02	3.66e-01	5.57e-01
 4.25747e+22	0.00e+00	0.00e+00	1.09e-29	6.00e-26	1.77e-22	3.98e-19	1.32e-15	5.86e-13	1.04e-10	7.81e-09	3.51e-07	8.42e-06	1.36e-04	2.33e-03	7.91e-02	3.72e-01	5.46e-01
 4.28105e+22	0.00e+00	0.00e+00	1.69e-29	9.04e-26	2.58e-22	5.63e-19	1.81e-15	7.79e-13	1.34e-10	9.72e-09	4.22e-07	9.80e-06	1.54e-04	2.53e-03	8.31e-02	3.78e-01	5.36e-01
 4.30742e+22	0.00e+00	0.00e+00	2.89e-29	1.50e-25	4.12e-22	8.62e-19	2.67e-15	1.10e-12	1.83e-10	1.27e-08	5.31e-07	1.18e-05	1.78e-04	2.80e-03	8.84e-02	3.85e-01	5.24e-01
 4.33443e+22	0.00e+00	0.00e+00	4.73e-29	2.37e-25	6.31e-22	1.27e-18	3.81e-15	1.52e-12	2.43e-10	1.63e-08	6.54e-07	1.41e-05	2.03e-04	3.08e-03	9.34e-02	3.91e-01	5.12e-01
 4.35657e+22	0.00e+00	0.00e+00	7.10e-29	3.47e-25	8.97e-22	1.75e-18	5.10e-15	1.98e-12	3.06e-10	1.99e-08	7.77e-07	1.62e-05	2.26e-04	3.33e-03	9.77e-02	3.96e-01	5.02e-01
 4.37968e+22	0.00e+00	2.33e-33	1.16e-28	5.50e-25	1.37e-21	2.58e-18	7.26e-15	2.72e-12	4.06e-10	2.55e-08	9.58e-07	1.92e-05	2.58e-04	3.65e-03	1.03e-01	4.02e-01	4.91e-01
 4.40377e+22	0.00e+00	3.75e-33	1.81e-28	8.32e-25	2.01e-21	3.64e-18	9.97e-15	3.62e-12	5.23e-10	3.17e-08	1.16e-06	2.24e-05	2.91e-04	3.97e-03	1.08e-01	4.08e-01	4.80e-01
 4.42537e+22	0.00e+00	5.84e-33	2.74e-28	1.22e-24	2.87e-21	5.04e-18	1.34e-14	4.72e-12	6.63e-10	3.90e-08	1.38e-06	2.59e-05	3.24e-04	4.29e-03	1.13e-01	4.12e-01	4.70e-01
 4.44972e+22	0.00e+00	1.02e-32	4.62e-28	1.99e-24	4.51e-21	7.58e-18	1.95e-14	6.62e-12	8.94e-10	5.06e-08	1.72e-06	3.10e-05	3.73e-04	4.73e-03	1.20e-01	4.18e-01	4.57e-01
 4.47380e+22	0.00e+00	1.63e-32	7.10e-28	2.98e-24	6.52e-21	1.06e-17	2.65e-14	8.72e-12	1.14e-09	6.26e-08	2.06e-06	3.61e-05	4.18e-04	5.12e-03	1.25e-01	4.23e-01	4.46e-01
 4.49382e+22	0.00e+00	2.50e-32	1.06e-27	4.32e-24	9.19e-21	1.44e-17	3.52e-14	1.13e-11	1.43e-09	7.64e-08	2.45e-06	4.15e-05	4.65e-04	5.51e-03	1.31e-01	4.27e-01	4.36e-01
 4.51613e+22	0.00e+00	4.24e-32	1.73e-27	6.82e-24	1.40e-20	2.11e-17	4.99e-14	1.54e-11	1.90e-09	9.74e-08	3.01e-06	4.92e-05	5.30e-04	6.03e-03	1.37e-01	4.32e-01	4.24e-01
 4.53919e+22	0.00e+00	6.64e-32	2.63e-27	1.01e-23	2.00e-20	2.91e-17	6.72e-14	2.02e-11	2.41e-09	1.20e-07	3.59e-06	5.68e-05	5.92e-04	6.51e-03	1.43e-01	4.36e-01	4.14e-01
 4.56321e+22	0.00e+00	1.18e-31	4.49e-27	1.65e-23	3.16e-20	4.39e-17	9.82e-14	2.84e-11	3.26e-09	1.56e-07	4.51e-06	6.84e-05	6.81e-04	7.18e-03	1.51e-01	4.40e-01	4.00e-01
 4.58721e+22	0.00e+00	1.92e-31	7.02e-27	2.50e-23	4.62e-20	6.19e-17	1.35e-13	3.78e-11	4.21e-09	1.95e-07	5.45e-06	7.99e-05	7.67e-04	7.78e-03	1.58e-01	4.44e-01	3.89e-01
 4.60681e+22	0.00e+00	2.89e-31	1.03e-26	3.57e-23	6.39e-20	8.28e-17	1.76e-13	4.82e-11	5.22e-09	2.35e-07	6.40e-06	9.12e-05	8.48e-04	8.33e-03	1.64e-01	4.47e-01	3.80e-01
 4.62790e+22	0.00e+00	4.82e-31	1.65e-26	5.53e-23	9.55e-20	1.19e-16	2.46e-13	6.51e-11	6.83e-09	2.97e-07	7.82e-06	1.07e-04	9.60e-04	9.07e-03	1.72e-01	4.50e-01	3.68e-01
 4.64976e+22	0.00e+00	7.50e-31	2.49e-26	8.10e-23	1.36e-19	1.63e-16	3.29e-13	8.46e-11	8.62e-09	3.64e-07	9.30e-06	1.24e-04	1.07e-03	9.76e-03	1.79e-01	4.52e-01	3.58e-01
 4.66948e+22	0.00e+00	1.17e-30	3.77e-26	1.19e-22	1.92e-19	2.22e-16	4.39e-13	1.10e-10	1.09e-08	4.47e-07	1.11e-05	1.43e-04	1.19e-03	1.05e-02	1.86e-01	4.54e-01	3.47e-01
 4.68888e+22	0.00e+00	1.80e-30	5.61e-26	1.72e-22	2.70e-19	3.01e-16	5.81e-13	1.42e-10	1.36e-08	5.44e-07	1.31e-05	1.64e-04	1.32e-03	1.13e-02	1.93e-01	4.56e-01	3.38e-01
 4.71098e+22	0.00e+00	3.09e-30	9.24e-26	2.73e-22	4.11e-19	4.39e-16	8.24e-13	1.94e-10	1.81e-08	6.95e-07	1.62e-05	1.95e-04	1.50e-03	1.23e-02	2.02e-01	4.58e-01	3.25e-01
 4.73365e+22	0.00e+00	5.00e-30	1.44e-25	4.11e-22	5.97e-19	6.12e-16	1.12e-12	2.57e-10	2.32e-08	8.65e-07	1.95e-05	2.27e-04	1.69e-03	1.33e-02	2.11e-01	4.60e-01	3.14e-01
 4.75275e+22	0.00e+00	7.55e-30	2.11e-25	5.84e-22	8.24e-19	8.17e-16	1.47e-12	3.28e-10	2.88e-08	1.04e-06	2.29e-05	2.59e-04	1.86e-03	1.42e-02	2.18e-01	4.60e-01	3.05e-01
 4.77325e+22	0.00e+00	1.26e-29	3.39e-25	9.06e-22	1.23e-18	1.17e-15	2.04e-12	4.42e-10	3.77e-08	1.32e-06	2.80e-05	3.05e-04	2.10e-03	1.54e-02	2.27e-01	4.61e-01	2.94e-01
 4.79456e+22	0.00e+00	1.96e-29	5.09e-25	1.32e-21	1.73e-18	1.58e-15	2.71e-12	5.73e-10	4.74e-08	1.61e-06	3.32e-05	3.50e-04	2.33e-03	1.65e-02	2.35e-01	4.61e-01	2.84e-01
 4.81373e+22	0.00e+00	3.05e-29	7.66e-25	1.92e-21	2.44e-18	2.14e-15	3.59e-12	7.40e-10	5.96e-08	1.97e-06	3.94e-05	4.03e-04	2.59e-03	1.76e-02	2.44e-01	4.61e-01	2.74e-01
 4.83242e+22	0.00e+00	4.63e-29	1.13e-24	2.74e-21	3.37e-18	2.86e-15	4.70e-12	9.44e-10	7.41e-08	2.38e-06	4.63e-05	4.60e-04	2.85e-03	1.88e-02	2.52e-01	4.61e-01	2.65e-01
 4.85364e+22	0.00e+00	7.85e-29	1.83e-24	4.30e-21	5.07e-18	4.11e-15	6.59e-12	1.28e-09	9.75e-08	3.02e-06	5.68e-05	5.43e-04	3.23e-03	2.04e-02	2.62e-01	4.60e-01	2.54e-01
 4.87544e+22	0.00e+00	1.26e-28	2.83e-24	6.41e-21	7.28e-18	5.66e-15	8.89e-12	1.69e-09	1.24e-07	3.73e-06	6.82e-05	6.30e-04	3.60e-03	2.19e-02	2.71e-01	4.59e-01	2.44e-01
 4.89441e+22	0.00e+00	1.93e-28	4.21e-24	9.22e-21	1.01e-17	7.58e-15	1.17e-11	2.16e-09	1.55e-07	4.53e-06	8.04e-05	7.21e-04	3.98e-03	2.33e-02	2.79e-01	4.57e-01	2.35e-01
 4.91554e+22	0.00e+00	3.28e-28	6.86e-24	1.45e-20	1.52e-17	1.09e-14	1.64e-11	2.94e-09	2.04e-07	5.75e-06	9.87e-05	8.51e-04	4.49e-03	2.52e-02	2.90e-01	4.55e-01	2.24e-01
 4.93711e+22	0.00e+00	5.21e-28	1.05e-23	2.14e-20	2.17e-17	1.49e-14	2.19e-11	3.84e-09	2.60e-07	7.08e-06	1.18e-04	9.83e-04	4.99e-03	2.70e-02	2.99e-01	4.52e-01	2.15e-01
 4.95602e+22	0.00e+00	7.95e-28	1.55e-23	3.06e-20	3.00e-17	1.98e-14	2.87e-11	4.90e-09	3.23e-07	8.56e-06	1.39e-04	1.12e-03	5.50e-03	2.87e-02	3.08e-01	4.50e-01	2.07e-01
 4.97736e+22	0.00e+00	1.39e-27	2.60e-23	4.90e-20	4.60e-17	2.88e-14	4.09e-11	6.76e-09	4.31e-07	1.10e-05	1.72e-04	1.33e-03	6.24e-03	3.11e-02	3.19e-01	4.46e-01	1.96e-01
 4.99919e+22	0.00e+00	2.22e-27	3.99e-23	7.26e-20	6.55e-17	3.94e-14	5.48e-11	8.84e-09	5.48e-07	1.36e-05	2.06e-04	1.54e-03	6.94e-03	3.32e-02	3.29e-01	4.42e-01	1.87e-01
 5.01757e+22	0.00e+00	3.32e-27	5.79e-23	1.02e-19	8.89e-17	5.15e-14	7.06e-11	1.11e-08	6.75e-07	1.62e-05	2.40e-04	1.75e-03	7.60e-03	3.51e-02	3.37e-01	4.38e-01	1.80e-01
 5.03735e+22	0.00e+00	5.56e-27	9.28e-23	1.57e-19	1.31e-16	7.24e-14	9.74e-11	1.50e-08	8.79e-07	2.04e-05	2.92e-04	2.05e-03	8.52e-03	3.77e-02	3.47e-01	4.33e-01	1.71e-01
 5.05752e+22	7.49e-34	8.61e-27	1.39e-22	2.27e-19	1.82e-16	9.66e-14	1.28e-10	1.92e-08	1.10e-06	2.48e-05	3.45e-04	2.34e-03	9.39e-03	4.00e-02	3.56e-01	4.29e-01	1.63e-01
 5.07385e+22	1.11e-33	1.23e-26	1.92e-22	3.05e-19	2.38e-16	1.22e-13	1.60e-10	2.35e-08	1.32e-06	2.91e-05	3.95e-04	2.61e-03	1.02e-02	4.20e-02	3.63e-01	4.25e-01	1.57e-01
 5.09072e+22	1.81e-33	1.92e-26	2.89e-22	4.43e-19	3.32e-16	1.63e-13	2.10e-10	3.03e-08	1.66e-06	3.55e-05	4.68e-04	2.99e-03	1.12e-02	4.46e-02	3.72e-01	4.19e-01	1.49e-01
 5.10688e+22	2.60e-33	2.66e-26	3.91e-22	5.82e-19	4.25e-16	2.02e-13	2.58e-10	3.65e-08	1.96e-06	4.11e-05	5.30e-04	3.31e-03	1.20e-02	4.65e-02	3.79e-01	4.15e-01	1.44e-01
 5.11993e+22	3.72e-33	3.69e-26	5.27e-22	7.63e-19	5.40e-16	2.48e-13	3.14e-10	4.39e-08	2.31e-06	4.74e-05	5.99e-04	3.65e-03	1.29e-02	4.85e-02	3.85e-01	4.11e-01	1.39e-01
 5.13272e+22	5.21e-33	5.02e-26	6.98e-22	9.85e-19	6.78e-16	3.03e-13	3.80e-10	5.23e-08	2.71e-06	5.43e-05	6.73e-04	4.00e-03	1.38e-02	5.05e-02	3.91e-01	4.07e-01	1.34e-01
 5.14522e+22	7.16e-33	6.69e-26	9.09e-22	1.25e-18	8.40e-16	3.64e-13	4.53e-10	6.15e-08	3.13e-06	6.17e-05	7.50e-04	4.37e-03	1.47e-02	5.24e-02	3.96e-01	4.02e-01	1.29e-01
 5.15931e+22	1.09e-32	9.79e-26	1.29e-21	1.72e-18	1.11e-15	4.64e-13	5.72e-10	7.63e-08	3.81e-06	7.30e-05	8.66e-04	4.90e-03	1.59e-02	5.50e-02	4.03e-01	3.97e-01	1.23e-01
 5.17338e+22	1.53e-32	1.33e-25	1.70e-21	2.21e-18	1.39e-15	5.63e-13	6.89e-10	9.06e-08	4.44e-06	8.35e-05	9.72e-04	5.37e-03	1.70e-02	5.71e-02	4.09e-01	3.92e-01	1.19e-01
 5.18549e+22	2.13e-32	1.79e-25	2.24e-21	2.82e-18	1.73e-15	6.79e-13	8.26e-10	1.07e-07	5.17e-06	9.53e-05	1.09e-03	5.88e-03	1.81e-02	5.92e-02	4.14e-01	3.87e-01	1.15e-01
 5.19706e+22	2.91e-32	2.38e-25	2.89e-21	3.56e-18	2.12e-15	8.09e-13	9.79e-10	1.26e-07	5.97e-06	1.08e-04	1.21e-03	6.39e-03	1.92e-02	6.13e-02	4.19e-01	3.82e-01	1.11e-01
 5.20812e+22	3.94e-32	3.13e-25	3.72e-21	4.46e-18	2.59e-15	9.60e-13	1.16e-09	1.46e-07	6.86e-06	1.22e-04	1.34e-03	6.94e-03	2.04e-02	6.33e-02	4.23e-01	3.78e-01	1.07e-01
 5.22080e+22	5.84e-32	4.47e-25	5.14e-21	5.97e-18	3.35e-15	1.20e-12	1.43e-09	1.78e-07	8.21e-06	1.42e-04	1.53e-03	7.71e-03	2.19e-02	6.60e-02	4.29e-01	3.72e-01	1.02e-01
 5.23355e+22	7.95e-32	5.90e-25	6.62e-21	7.50e-18	4.10e-15	1.42e-12	1.69e-09	2.09e-07	9.44e-06	1.61e-04	1.69e-03	8.37e-03	2.32e-02	6.82e-02	4.33e-01	3.67e-01	9.83e-02
 5.24640e+22	1.20e-31	8.58e-25	9.31e-21	1.02e-17	5.35e-15	1.78e-12	2.11e-09	2.57e-07	1.14e-05	1.89e-04	1.95e-03	9.35e-03	2.51e-02	7.12e-02	4.39e-01	3.60e-01	9.35e-02
 5.25910e+22	1.64e-31	1.13e-24	1.20e-20	1.28e-17	6.53e-15	2.11e-12	2.49e-09	3.00e-07	1.31e-05	2.13e-04	2.16e-03	1.01e-02	2.66e-02	7.35e-02	4.43e-01	3.54e-01	9.00e-02
 5.26957e+22	2.22e-31	1.49e-24	1.54e-20	1.59e-17	7.90e-15	2.48e-12	2.93e-09	3.48e-07	1.50e-05	2.40e-04	2.39e-03	1.10e-02	2.81e-02	7.57e-02	4.47e-01	3.49e-01	8.66e-02
 5.27939e+22	2.95e-31	1.92e-24	1.93e-20	1.95e-17	9.45e-15	2.88e-12	3.40e-09	4.00e-07	1.71e-05	2.68e-04	2.62e-03	1.18e-02	2.96e-02	7.79e-02	4.50e-01	3.44e-01	8.35e-02
 5.29043e+22	4.20e-31	2.64e-24	2.58e-20	2.52e-17	1.18e-14	3.48e-12	4.09e-09	4.77e-07	2.00e-05	3.08e-04	2.95e-03	1.30e-02	3.15e-02	8.06e-02	4.54e-01	3.38e-01	7.98e-02
 5.30178e+22	5.77e-31	3.52e-24	3.34e-20	3.17e-17	1.44e-14	4.10e-12	4.83e-09	5.58e-07	2.31e-05	3.48e-04	3.28e-03	1.41e-02	3.34e-02	8.31e-02	4.57e-01	3.32e-01	7.66e-02
 5.31168e+22	7.61e-31	4.51e-24	4.19e-20	3.87e-17	1.71e-14	4.75e-12	5.59e-09	6.40e-07	2.62e-05	3.88e-04	3.59e-03	1.52e-02	3.50e-02	8.53e-02	4.60e-01	3.27e-01	7.38e-02
 5.32270e+22	1.12e-30	6.40e-24	5.74e-20	5.11e-17	2.17e-14	5.78e-12	6.83e-09	7.73e-07	3.11e-05	4.50e-04	4.08e-03	1.68e-02	3.75e-02	8.83e-02	4.63e-01	3.19e-01	7.00e-02
 5.33373e+22	1.51e-30	8.35e-24	7.29e-20	6.31e-17	2.61e-14	6.72e-12	7.95e-09	8.94e-07	3.55e-05	5.05e-04	4.49e-03	1.81e-02	3.95e-02	9.07e-02	4.66e-01	3.14e-01	6.72e-02
 5.34478e+22	2.23e-30	1.18e-23	9.97e-20	8.31e-17	3.30e-14	8.16e-12	9.70e-09	1.08e-06	4.22e-05	5.86e-04	5.09e-03	2.00e-02	4.23e-02	9.39e-02	4.69e-01	3.06e-01	6.36e-02
 5.35601e+22	3.05e-30	1.57e-23	1.29e-19	1.04e-16	3.99e-14	9.55e-12	1.14e-08	1.26e-06	4.86e-05	6.61e-04	5.64e-03	2.16e-02	4.46e-02	9.64e-02	4.71e-01	3.00e-01	6.08e-02
 5.36566e+22	4.07e-30	2.03e-23	1.62e-19	1.27e-16	4.75e-14	1.10e-11	1.32e-08	1.45e-06	5.52e-05	7.37e-04	6.18e-03	2.33e-02	4.69e-02	9.88e-02	4.72e-01	2.94e-01	5.83e-02
 5.37638e+22	6.15e-30	2.94e-23	2.25e-19	1.69e-16	6.03e-14	1.34e-11	1.62e-08	1.76e-06	6.61e-05	8.61e-04	7.05e-03	2.58e-02	5.02e-02	1.02e-01	4.74e-01	2.85e-01	5.48e-02
 5.38690e+22	8.12e-30	3.77e-23	2.82e-19	2.06e-16	7.12e-14	1.53e-11	1.86e-08	2.01e-06	7.47e-05	9.57e-04	7.70e-03	2.76e-02	5.26e-02	1.04e-01	4.74e-01	2.80e-01	5.26e-02
 5.39714e+22	1.21e-29	5.37e-23	3.86e-19	2.70e-16	8.94e-14	1.84e-11	2.26e-08	2.43e-06	8.88e-05	1.11e-03	8.73e-03	3.05e-02	5.61e-02	1.08e-01	4.75e-01	2.71e-01	4.95e-02
 5.40720e+22	1.58e-29	6.83e-23	4.79e-19	3.26e-16	1.05e-13	2.09e-11	2.58e-08	2.76e-06	9.99e-05	1.23e-03	9.50e-03	3.25e-02	5.86e-02	1.10e-01	4.75e-01	2.66e-01	4.74e-02
 5.41702e+22	2.34e-29	9.70e-23	6.54e-19	4.25e-16	1.31e-13	2.49e-11	3.12e-08	3.32e-06	1.18e-04	1.42e-03	1.07e-02	3.58e-02	6.24e-02	1.13e-01	4.75e-01	2.57e-01	4.45e-02
 5.42682e+22	3.09e-29	1.24e-22	8.16e-19	5.15e-16	1.53e-13	2.83e-11	3.58e-08	3.78e-06	1.34e-04	1.57e-03	1.17e-02	3.82e-02	6.51e-02	1.15e-01	4.74e-01	2.51e-01	4.25e-02
 5.43659e+22	4.60e-29	1.77e-22	1.12e-18	6.73e-16	1.91e-13	3.37e-11	4.32e-08	4.55e-06	1.58e-04	1.82e-03	1.32e-02	4.20e-02	6.93e-02	1.18e-01	4.73e-01	2.43e-01	3.98e-02
 5.44643e+22	6.16e-29	2.30e-22	1.41e-18	8.20e-16	2.25e-13	3.84e-11	4.98e-08	5.21e-06	1.80e-04	2.02e-03	1.44e-02	4.50e-02	7.24e-02	1.20e-01	4.72e-01	2.36e-01	3.79e-02
 5.45637e+22	9.28e-29	3.31e-22	1.94e-18	1.08e-15	2.81e-13	4.56e-11	6.03e-08	6.30e-06	2.14e-04	2.34e-03	1.63e-02	4.95e-02	7.70e-02	1.23e-01	4.69e-01	2.27e-01	3.52e-02
 5.46638e+22	1.25e-28	4.32e-22	2.46e-18	1.32e-15	3.32e-13	5.20e-11	6.96e-08	7.23e-06	2.43e-04	2.61e-03	1.79e-02	5.30e-02	8.04e-02	1.25e-01	4.67e-01	2.21e-01	3.34e-02
 5.47649e+22	1.88e-28	6.21e-22	3.38e-18	1.73e-15	4.13e-13	6.17e-11	8.42e-08	8.72e-06	2.88e-04	3.02e-03	2.01e-02	5.80e-02	8.52e-02	1.28e-01	4.63e-01	2.11e-01	3.10e-02
 5.48650e+22	2.57e-28	8.17e-22	4.31e-18	2.12e-15	4.88e-13	7.01e-11	9.72e-08	1.00e-05	3.28e-04	3.36e-03	2.20e-02	6.22e-02	8.89e-02	1.30e-01	4.59e-01	2.05e-01	2.92e-02
 5.49640e+22	3.84e-28	1.17e-21	5.90e-18	2.76e-15	6.04e-13	8.26e-11	1.17e-07	1.20e-05	3.87e-04	3.87e-03	2.47e-02	6.78e-02	9.39e-02	1.32e-01	4.54e-01	1.96e-01	2.70e-02
 5.50650e+22	5.31e-28	1.56e-21	7.60e-18	3.42e-15	7.16e-13	9.42e-11	1.35e-07	1.39e-05	4.43e-04	4.33e-03	2.71e-02	7.27e-02	9.80e-02	1.34e-01	4.50e-01	1.88e-01	2.53e-02
 5.51687e+22	8.13e-28	2.27e-21	1.06e-17	4.51e-15	8.94e-13	1.11e-10	1.64e-07	1.68e-05	5.27e-04	5.00e-03	3.05e-02	7.95e-02	1.03e-01	1.36e-01	4.43e-01	1.79e-01	2.32e-02
 5.52729e+22	1.13e-27	3.04e-21	1.37e-17	5.58e-15	1.06e-12	1.27e-10	1.90e-07	1.94e-05	6.01e-04	5.58e-03	3.34e-02	8.50e-02	1.08e-01	1.38e-01	4.37e-01	1.72e-01	2.17e-02
 5.53779e+22	1.74e-27	4.46e-21	1.91e-17	7.38e-15	1.32e-12	1.50e-10	2.30e-07	2.34e-05	7.14e-04	6.44e-03	3.75e-02	9.27e-02	1.13e-01	1.39e-01	4.28e-01	1.62e-01	1.97e-02
 5.54835e+22	2.42e-27	5.98e-21	2.47e-17	9.13e-15	1.57e-12	1.70e-10	2.66e-07	2.70e-05	8.14e-04	7.17e-03	4.09e-02	9.89e-02	1.18e-01	1.41e-01	4.21e-01	1.55e-01	1.84e-02
 5.55749e+22	3.35e-27	7.97e-21	3.17e-17	1.12e-14	1.85e-12	1.93e-10	3.06e-07	3.11e-05	9.23e-04	7.96e-03	4.44e-02	1.05e-01	1.22e-01	1.41e-01	4.13e-01	1.48e-01	1.70e-02
 5.56787e+22	5.07e-27	1.15e-20	4.37e-17	1.47e-14	2.28e-12	2.26e-10	3.65e-07	3.70e-05	1.08e-03	9.07e-03	4.94e-02	1.14e-01	1.27e-01	1.42e-01	4.03e-01	1.39e-01	1.55e-02
 5.57824e+22	6.97e-27	1.53e-20	5.59e-17	1.80e-14	2.68e-12	2.55e-10	4.17e-07	4.23e-05	1.22e-03	1.00e-02	5.34e-02	1.20e-01	1.31e-01	1.43e-01	3.95e-01	1.32e-01	1.43e-02
 5.58860e+22	1.06e-26	2.20e-20	7.70e-17	2.35e-14	3.29e-12	2.97e-10	4.96e-07	5.01e-05	1.43e-03	1.13e-02	5.90e-02	1.29e-01	1.36e-01	1.43e-01	3.83e-01	1.24e-01	1.29e-02
 5.59905e+22	1.43e-26	2.89e-20	9.76e-17	2.86e-14	3.84e-12	3.34e-10	5.63e-07	5.68e-05	1.60e-03	1.24e-02	6.33e-02	1.36e-01	1.40e-01	1.43e-01	3.74e-01	1.18e-01	1.20e-02
 5.60962e+22	2.15e-26	4.13e-20	1.33e-16	3.70e-14	4.71e-12	3.89e-10	6.63e-07	6.68e-05	1.85e-03	1.40e-02	6.94e-02	1.45e-01	1.45e-01	1.42e-01	3.62e-01	1.10e-01	1.08e-02
 5.62049e+22	2.97e-26	5.52e-20	1.72e-16	4.55e-14	5.55e-12	4.40e-10	7.56e-07	7.60e-05	2.08e-03	1.54e-02	7.46e-02	1.53e-01	1.48e-01	1.42e-01	3.52e-01	1.04e-01	9.88e-03
 5.63175e+22	4.52e-26	8.00e-20	2.37e-16	5.95e-14	6.85e-12	5.15e-10	8.92e-07	8.95e-05	2.41e-03	1.73e-02	8.16e-02	1.63e-01	1.53e-01	1.41e-01	3.38e-01	9.59e-02	8.81e-03
 5.64322e+22	6.24e-26	1.06e-19	3.04e-16	7.33e-14	8.07e-12	5.83e-10	1.01e-06	1.01e-04	2.69e-03	1.89e-02	8.73e-02	1.70e-01	1.56e-01	1.39e-01	3.27e-01	9.02e-02	8.04e-03
 5.65497e+22	9.46e-26	1.54e-19	4.21e-16	9.58e-14	9.96e-12	6.84e-10	1.19e-06	1.19e-04	3.10e-03	2.11e-02	9.49e-02	1.80e-01	1.60e-01	1.38e-01	3.13e-01	8.30e-02	7.13e-03
 5.66694e+22	1.31e-25	2.06e-19	5.41e-16	1.18e-13	1.18e-11	7.76e-10	1.35e-06	1.34e-04	3.45e-03	2.29e-02	1.01e-01	1.88e-01	1.62e-01	1.36e-01	3.02e-01	7.77e-02	6.48e-03
 5.67919e+22	1.99e-25	2.98e-19	7.49e-16	1.55e-13	1.46e-11	9.12e-10	1.58e-06	1.56e-04	3.95e-03	2.55e-02	1.09e-01	1.98e-01	1.65e-01	1.34e-01	2.87e-01	7.11e-02	5.71e-03
 5.69151e+22	2.72e-25	3.94e-19	9.57e-16	1.90e-13	1.71e-11	1.03e-09	1.77e-06	1.76e-04	4.38e-03	2.76e-02	1.16e-01	2.05e-01	1.67e-01	1.32e-01	2.76e-01	6.64e-02	5.18e-03
 5.70392e+22	4.07e-25	5.64e-19	1.31e-15	2.47e-13	2.11e-11	1.21e-09	2.06e-06	2.03e-04	4.97e-03	3.05e-02	1.24e-01	2.14e-01	1.69e-01	1.29e-01	2.62e-01	6.07e-02	4.56e-03
 5.71665e+22	5.60e-25	7.49e-19	1.68e-15	3.04e-13	2.49e-11	1.38e-09	2.31e-06	2.27e-04	5.49e-03	3.29e-02	1.31e-01	2.22e-01	1.71e-01	1.26e-01	2.51e-01	5.63e-02	4.11e-03
 5.72772e+22	7.51e-25	9.74e-19	2.11e-15	3.68e-13	2.90e-11	1.55e-09	2.57e-06	2.52e-04	6.01e-03	3.52e-02	1.38e-01	2.28e-01	1.72e-01	1.24e-01	2.41e-01	5.25e-02	3.73e-03
 5.74004e+22	1.10e-24	1.37e-18	2.85e-15	4.73e-13	3.54e-11	1.80e-09	2.95e-06	2.87e-04	6.74e-03	3.84e-02	1.46e-01	2.36e-01	1.73e-01	1.21e-01	2.28e-01	4.79e-02	3.27e-03
 5.75239e+22	1.45e-24	1.75e-18	3.54e-15	5.68e-13	4.11e-11	2.02e-09	3.26e-06	3.16e-04	7.32e-03	4.09e-02	1.53e-01	2.42e-01	1.73e-01	1.18e-01	2.18e-01	4.46e-02	2.98e-03
 5.76476e+22	2.09e-24	2.43e-18	4.72e-15	7.22e-13	4.98e-11	2.35e-09	3.71e-06	3.58e-04	8.15e-03	4.43e-02	1.61e-01	2.49e-01	1.73e-01	1.15e-01	2.06e-01	4.06e-02	2.61e-03
 5.77743e+22	2.78e-24	3.14e-18	5.91e-15	8.73e-13	5.80e-11	2.65e-09	4.10e-06	3.94e-04	8.85e-03	4.71e-02	1.68e-01	2.55e-01	1.73e-01	1.12e-01	1.96e-01	3.77e-02	2.36e-03
 5.78865e+22	3.68e-24	4.03e-18	7.36e-15	1.05e-12	6.72e-11	2.97e-09	4.52e-06	4.32e-04	9.58e-03	5.00e-02	1.74e-01	2.60e-01	1.73e-01	1.09e-01	1.87e-01	3.50e-02	2.13e-03
 5.80140e+22	5.29e-24	5.57e-18	9.79e-15	1.33e-12	8.13e-11	3.44e-09	5.12e-06	4.86e-04	1.06e-02	5.39e-02	1.83e-01	2.66e-01	1.72e-01	1.05e-01	1.76e-01	3.17e-02	1.86e-03
 5.81408e+22	6.82e-24	7.00e-18	1.20e-14	1.58e-12	9.35e-11	3.84e-09	5.60e-06	5.29e-04	1.14e-02	5.68e-02	1.89e-01	2.70e-01	1.71e-01	1.02e-01	1.68e-01	2.95e-02	1.69e-03
 5.82667e+22	9.64e-24	9.54e-18	1.57e-14	1.99e-12	1.12e-10	4.43e-09	6.30e-06	5.91e-04	1.25e-02	6.08e-02	1.97e-01	2.76e-01	1.70e-01	9.85e-02	1.57e-01	2.67e-02	1.48e-03
 5.83951e+22	1.25e-23	1.20e-17	1.93e-14	2.37e-12	1.30e-10	4.96e-09	6.90e-06	6.43e-04	1.34e-02	6.39e-02	2.03e-01	2.79e-01	1.68e-01	9.57e-02	1.50e-01	2.47e-02	1.33e-03
 5.85267e+22	1.77e-23	1.64e-17	2.54e-14	2.98e-12	1.56e-10	5.74e-09	7.76e-06	7.17e-04	1.47e-02	6.83e-02	2.11e-01	2.84e-01	1.66e-01	9.18e-02	1.40e-01	2.23e-02	1.16e-03
 5.86607e+22	2.30e-23	2.08e-17	3.13e-14	3.56e-12	1.80e-10	6.43e-09	8.51e-06	7.81e-04	1.58e-02	7.18e-02	2.18e-01	2.87e-01	1.64e-01	8.88e-02	1.32e-01	2.06e-02	1.04e-03
 5.87980e+22	3.26e-23	2.84e-17	4.12e-14	4.49e-12	2.18e-10	7.46e-09	9.57e-06	8.70e-04	1.73e-02	7.65e-02	2.26e-01	2.90e-01	1.62e-01	8.49e-02	1.23e-01	1.85e-02	9.04e-04
 5.89378e+22	2.35e-25	3.60e-17	5.09e-14	5.37e-12	2.52e-10	8.39e-09	1.05e-05	9.46e-04	1.86e-02	8.03e-02	2.32e-01	2.92e-01	1.60e-01	8.19e-02	1.16e-01	1.70e-02	8.09e-04
 5.90808e+22	3.38e-25	4.94e-17	6.72e-14	6.80e-12	3.05e-10	9.75e-09	1.18e-05	1.05e-03	2.03e-02	8.54e-02	2.40e-01	2.95e-01	1.57e-01	7.80e-02	1.08e-01	1.52e-02	6.97e-04
 5.92206e+22	4.32e-25	6.10e-17	8.11e-14	8.00e-12	3.49e-10	1.09e-08	1.29e-05	1.14e-03	2.16e-02	8.91e-02	2.45e-01	2.96e-01	1.54e-01	7.54e-02	1.02e-01	1.40e-02	6.29e-04
 5.93562e+22	6.09e-25	8.21e-17	1.05e-13	9.98e-12	4.18e-10	1.25e-08	1.43e-05	1.26e-03	2.34e-02	9.41e-02	2.52e-01	2.98e-01	1.51e-01	7.18e-02	9.48e-02	1.26e-02	5.44e-04
 5.94938e+22	7.79e-25	1.01e-16	1.27e-13	1.17e-11	4.78e-10	1.40e-08	1.56e-05	1.35e-03	2.49e-02	9.80e-02	2.57e-01	2.99e-01	1.48e-01	6.92e-02	8.97e-02	1.16e-02	4.90e-04
 5.96341e+22	1.09e-24	1.35e-16	1.64e-13	1.46e-11	5.72e-10	1.61e-08	1.74e-05	1.49e-03	2.69e-02	1.03e-01	2.64e-01	3.00e-01	1.45e-01	6.57e-02	8.31e-02	1.04e-02	4.24e-04
 5.97787e+22	1.43e-24	1.71e-16	2.02e-13	1.74e-11	6.61e-10	1.81e-08	1.91e-05	1.61e-03	2.87e-02	1.08e-01	2.69e-01	3.00e-01	1.42e-01	6.30e-02	7.80e-02	9.48e-03	3.77e-04
 5.99288e+22	2.01e-24	2.28e-16	2.62e-13	2.17e-11	7.94e-10	2.09e-08	2.14e-05	1.78e-03	3.10e-02	1.13e-01	2.76e-01	3.00e-01	1.38e-01	5.96e-02	7.20e-02	8.45e-03	3.25e-04
 6.00838e+22	2.67e-24	2.92e-16	3.26e-13	2.62e-11	9.27e-10	2.37e-08	2.35e-05	1.94e-03	3.31e-02	1.18e-01	2.81e-01	2.99e-01	1.35e-01	5.69e-02	6.72e-02	7.66e-03	2.86e-04
 6.02450e+22	2.78e-24	3.95e-16	4.26e-13	3.31e-11	1.12e-09	2.76e-08	2.65e-05	2.14e-03	3.59e-02	1.25e-01	2.87e-01	2.98e-01	1.30e-01	5.35e-02	6.16e-02	6.77e-03	2.44e-04
 6.04105e+22	3.74e-24	5.08e-16	5.34e-13	4.01e-11	1.32e-09	3.15e-08	2.93e-05	2.33e-03	3.83e-02	1.30e-01	2.92e-01	2.97e-01	1.27e-01	5.08e-02	5.72e-02	6.10e-03	2.13e-04
 6.05815e+22	5.38e-24	6.93e-16	7.05e-13	5.09e-11	1.61e-09	3.69e-08	3.32e-05	2.59e-03	4.16e-02	1.37e-01	2.98e-01	2.94e-01	1.22e-01	4.76e-02	5.22e-02	5.35e-03	1.80e-04
 6.07579e+22	7.32e-24	9.01e-16	8.91e-13	6.23e-11	1.90e-09	4.23e-08	3.68e-05	2.83e-03	4.45e-02	1.42e-01	3.02e-01	2.92e-01	1.18e-01	4.50e-02	4.81e-02	4.79e-03	1.56e-04
 6.09413e+22	1.07e-23	1.24e-15	1.19e-12	8.01e-11	2.34e-09	5.01e-08	4.19e-05	3.15e-03	4.83e-02	1.50e-01	3.08e-01	2.89e-01	1.13e-01	4.18e-02	4.35e-02	4.16e-03	1.31e-04
 6.11308e+22	1.48e-23	1.64e-15	1.52e-12	9.90e-11	2.80e-09	5.79e-08	4.68e-05	3.46e-03	5.17e-02	1.56e-01	3.12e-01	2.86e-01	1.09e-01	3.93e-02	3.99e-02	3.69e-03	1.12e-04
 6.13022e+22	2.02e-23	2.14e-15	1.93e-12	1.22e-10	3.32e-09	6.65e-08	5.21e-05	3.77e-03	5.52e-02	1.62e-01	3.15e-01	2.82e-01	1.05e-01	3.69e-02	3.66e-02	3.28e-03	9.62e-05
 6.14990e+22	3.00e-23	2.99e-15	2.61e-12	1.58e-10	4.13e-09	7.94e-08	5.97e-05	4.22e-03	6.00e-02	1.70e-01	3.19e-01	2.77e-01	9.95e-02	3.40e-02	3.28e-02	2.81e-03	7.93e-05
 6.16996e+22	4.17e-23	3.95e-15	3.35e-12	1.96e-10	4.95e-09	9.19e-08	6.67e-05	4.62e-03	6.41e-02	1.77e-01	3.22e-01	2.73e-01	9.52e-02	3.18e-02	2.99e-02	2.48e-03	6.75e-05
 6.19052e+22	6.27e-23	5.59e-15	4.56e-12	2.56e-10	6.19e-09	1.10e-07	7.67e-05	5.17e-03	6.96e-02	1.85e-01	3.25e-01	2.67e-01	9.00e-02	2.91e-02	2.66e-02	2.11e-03	5.50e-05
 6.21136e+22	8.76e-23	7.42e-15	5.88e-12	3.19e-10	7.44e-09	1.28e-07	8.58e-05	5.66e-03	7.44e-02	1.92e-01	3.27e-01	2.62e-01	8.58e-02	2.70e-02	2.41e-02	1.85e-03	4.65e-05
 6.23255e+22	1.34e-22	1.06e-14	8.11e-12	4.21e-10	9.37e-09	1.54e-07	9.90e-05	6.34e-03	8.07e-02	2.00e-01	3.29e-01	2.55e-01	8.06e-02	2.46e-02	2.12e-02	1.55e-03	3.74e-05
 6.25397e+22	1.87e-22	1.41e-14	1.05e-11	5.25e-10	1.13e-08	1.79e-07	1.11e-04	6.94e-03	8.60e-02	2.07e-01	3.31e-01	2.49e-01	7.66e-02	2.28e-02	1.92e-02	1.35e-03	3.14e-05
 6.27567e+22	2.90e-22	2.05e-14	1.46e-11	6.99e-10	1.43e-08	2.17e-07	1.28e-04	7.78e-03	9.33e-02	2.16e-01	3.31e-01	2.42e-01	7.15e-02	2.06e-02	1.68e-02	1.13e-03	2.50e-05
 6.29749e+22	4.05e-22	2.72e-14	1.88e-11	8.70e-10	1.71e-08	2.52e-07	1.43e-04	8.50e-03	9.92e-02	2.23e-01	3.31e-01	2.35e-01	6.77e-02	1.90e-02	1.51e-02	9.80e-04	2.09e-05
 6.31561e+22	5.49e-22	3.52e-14	2.37e-11	1.06e-09	2.02e-08	2.88e-07	1.58e-04	9.19e-03	1.05e-01	2.29e-01	3.31e-01	2.30e-01	6.44e-02	1.77e-02	1.37e-02	8.61e-04	1.78e-05
 6.33533e+22	8.20e-22	4.96e-14	3.20e-11	1.38e-09	2.51e-08	3.43e-07	1.80e-04	1.02e-02	1.12e-01	2.36e-01	3.30e-01	2.22e-01	6.02e-02	1.61e-02	1.21e-02	7.24e-04	1.43e-05
 6.35499e+22	1.11e-21	6.39e-14	4.02e-11	1.67e-09	2.95e-08	3.92e-07	1.99e-04	1.10e-02	1.18e-01	2.42e-01	3.28e-01	2.16e-01	5.71e-02	1.49e-02	1.10e-02	6.36e-04	1.22e-05
 6.37456e+22	1.65e-21	8.97e-14	5.44e-11	2.17e-09	3.66e-08	4.66e-07	2.26e-04	1.21e-02	1.27e-01	2.49e-01	3.26e-01	2.09e-01	5.32e-02	1.35e-02	9.61e-03	5.33e-04	9.75e-06
 6.39436e+22	2.25e-21	1.17e-13	6.86e-11	2.65e-09	4.32e-08	5.35e-07	2.50e-04	1.31e-02	1.33e-01	2.55e-01	3.24e-01	2.03e-01	5.03e-02	1.25e-02	8.67e-03	4.65e-04	8.21e-06
 6.41447e+22	3.40e-21	1.66e-13	9.39e-11	3.46e-09	5.40e-08	6.41e-07	2.86e-04	1.45e-02	1.42e-01	2.62e-01	3.21e-01	1.95e-01	4.66e-02	1.12e-02	7.54e-03	3.85e-04	6.50e-06
 6.43481e+22	4.68e-21	2.17e-13	1.19e-10	4.26e-09	6.42e-08	7.38e-07	3.17e-04	1.57e-02	1.50e-01	2.67e-01	3.18e-01	1.88e-01	4.38e-02	1.03e-02	6.76e-03	3.33e-04	5.42e-06
 6.45546e+22	7.15e-21	3.11e-13	1.64e-10	5.61e-09	8.06e-08	8.89e-07	3.64e-04	1.74e-02	1.60e-01	2.74e-01	3.13e-01	1.80e-01	4.03e-02	9.22e-03	5.84e-03	2.74e-04	4.25e-06
 6.47652e+22	1.01e-20	4.15e-13	2.12e-10	6.99e-09	9.70e-08	1.03e-06	4.06e-04	1.89e-02	1.69e-01	2.79e-01	3.09e-01	1.73e-01	3.77e-02	8.41e-03	5.18e-03	2.34e-04	3.48e-06
 6.49809e+22	1.58e-20	6.06e-13	2.97e-10	9.34e-09	1.23e-07	1.26e-06	4.70e-04	2.11e-02	1.80e-01	2.85e-01	3.03e-01	1.64e-01	3.44e-02	7.45e-03	4.42e-03	1.89e-04	2.68e-06
 6.52005e+22	2.25e-20	8.19e-13	3.89e-10	1.18e-08	1.50e-07	1.48e-06	5.29e-04	2.30e-02	1.90e-01	2.89e-01	2.97e-01	1.57e-01	3.19e-02	6.74e-03	3.88e-03	1.60e-04	2.17e-06
 6.54253e+22	3.61e-20	1.22e-12	5.52e-10	1.59e-08	1.94e-07	1.83e-06	6.17e-04	2.57e-02	2.03e-01	2.95e-01	2.90e-01	1.48e-01	2.88e-02	5.91e-03	3.27e-03	1.27e-04	1.63e-06
 6.56526e+22	5.23e-20	1.65e-12	7.27e-10	2.02e-08	2.37e-07	2.17e-06	6.98e-04	2.81e-02	2.14e-01	2.98e-01	2.83e-01	1.41e-01	2.65e-02	5.31e-03	2.85e-03	1.06e-04	1.30e-06
 6.58448e+22	7.38e-20	2.20e-12	9.36e-10	2.52e-08	2.85e-07	2.54e-06	7.83e-04	3.06e-02	2.24e-01	3.01e-01	2.77e-01	1.35e-01	2.46e-02	4.81e-03	2.50e-03	8.93e-05	1.05e-06
 6.60550e+22	1.15e-19	3.16e-12	1.30e-09	3.35e-08	3.64e-07	3.11e-06	9.09e-04	3.40e-02	2.37e-01	3.05e-01	2.68e-01	1.26e-01	2.22e-02	4.22e-03	2.11e-03	7.14e-05	8.00e-07
 6.62659e+22	1.63e-19	4.18e-12	1.67e-09	4.18e-08	4.40e-07	3.66e-06	1.02e-03	3.70e-02	2.48e-01	3.07e-01	2.61e-01	1.20e-01	2.04e-02	3.80e-03	1.85e-03	5.99e-05	6.43e-07
 6.64720e+22	2.52e-19	5.90e-12	2.27e-09	5.49e-08	5.56e-07	4.47e-06	1.18e-03	4.11e-02	2.62e-01	3.08e-01	2.52e-01	1.12e-01	1.84e-02	3.33e-03	1.56e-03	4.80e-05	4.90e-07
 6.66821e+22	3.66e-19	7.85e-12	2.94e-09	6.91e-08	6.78e-07	5.29e-06	1.34e-03	4.49e-02	2.74e-01	3.09e-01	2.44e-01	1.06e-01	1.67e-02	2.97e-03	1.35e-03	3.97e-05	3.88e-07
 6.68895e+22	5.66e-19	1.09e-11	3.96e-09	9.02e-08	8.55e-07	6.47e-06	1.55e-03	4.98e-02	2.88e-01	3.09e-01	2.34e-01	9.88e-02	1.50e-02	2.60e-03	1.13e-03	3.17e-05	2.94e-07
 6.71010e+22	8.49e-19	1.46e-11	5.16e-09	1.14e-07	1.05e-06	7.75e-06	1.77e-03	5.46e-02	3.00e-01	3.09e-01	2.25e-01	9.24e-02	1.36e-02	2.29e-03	9.67e-04	2.58e-05	2.29e-07
 6.73076e+22	1.32e-18	1.98e-11	6.81e-09	1.47e-07	1.31e-06	9.42e-06	2.05e-03	6.03e-02	3.14e-01	3.08e-01	2.15e-01	8.58e-02	1.21e-02	2.00e-03	8.13e-04	2.06e-05	1.74e-07
