#depth	O	O+	O+2	O+3	O+4	O+5	O+6	O+7	O+8	O[1]	O[2]	O[3]
 4.62852e+21	2.44e-16	1.13e-11	2.04e-08	3.42e-06	1.18e-04	1.46e-03	1.07e-01	4.51e-01	4.40e-01	2.44e-16	8.02e-27	8.49e-27
 1.02482e+22	3.16e-15	1.05e-10	1.40e-07	1.73e-05	4.34e-04	3.64e-03	1.77e-01	4.95e-01	3.24e-01	3.16e-15	6.15e-24	7.73e-24
 1.17350e+22	1.08e-14	3.07e-10	3.55e-07	3.84e-05	8.33e-04	5.74e-03	2.23e-01	5.04e-01	2.66e-01	1.08e-14	2.10e-23	2.64e-23
 1.24784e+22	1.93e-14	5.12e-10	5.57e-07	5.68e-05	1.15e-03	7.20e-03	2.50e-01	5.04e-01	2.38e-01	1.93e-14	3.78e-23	4.75e-23
 1.28150e+22	2.37e-14	6.13e-10	6.53e-07	6.53e-05	1.29e-03	7.81e-03	2.60e-01	5.03e-01	2.28e-01	2.37e-14	4.64e-23	5.83e-23
 1.30194e+22	3.07e-14	7.69e-10	8.00e-07	7.80e-05	1.50e-03	8.67e-03	2.73e-01	5.01e-01	2.15e-01	3.07e-14	6.02e-23	7.56e-23
 1.32255e+22	3.74e-14	9.15e-10	9.34e-07	8.94e-05	1.68e-03	9.41e-03	2.84e-01	4.99e-01	2.06e-01	3.74e-14	7.34e-23	9.22e-23
 1.34294e+22	4.77e-14	1.13e-09	1.13e-06	1.06e-04	1.95e-03	1.04e-02	2.98e-01	4.96e-01	1.94e-01	4.77e-14	9.35e-23	1.17e-22
 1.36371e+22	5.79e-14	1.34e-09	1.32e-06	1.22e-04	2.19e-03	1.13e-02	3.09e-01	4.93e-01	1.84e-01	5.79e-14	1.14e-22	1.43e-22
 1.38394e+22	7.18e-14	1.63e-09	1.57e-06	1.43e-04	2.51e-03	1.25e-02	3.23e-01	4.88e-01	1.74e-01	7.18e-14	1.41e-22	1.77e-22
 1.40460e+22	8.68e-14	1.92e-09	1.84e-06	1.64e-04	2.83e-03	1.36e-02	3.36e-01	4.84e-01	1.64e-01	8.68e-14	1.71e-22	2.14e-22
 1.42488e+22	1.05e-13	2.29e-09	2.16e-06	1.90e-04	3.22e-03	1.49e-02	3.49e-01	4.78e-01	1.54e-01	1.05e-13	2.07e-22	2.59e-22
 1.44519e+22	1.25e-13	2.67e-09	2.50e-06	2.18e-04	3.62e-03	1.62e-02	3.62e-01	4.73e-01	1.45e-01	1.25e-13	2.47e-22	3.09e-22
 1.46562e+22	1.50e-13	3.14e-09	2.91e-06	2.51e-04	4.09e-03	1.77e-02	3.76e-01	4.66e-01	1.36e-01	1.50e-13	2.95e-22	3.70e-22
 1.48627e+22	1.76e-13	3.64e-09	3.34e-06	2.86e-04	4.59e-03	1.93e-02	3.89e-01	4.59e-01	1.28e-01	1.76e-13	3.47e-22	4.35e-22
 1.50652e+22	2.06e-13	4.19e-09	3.83e-06	3.26e-04	5.15e-03	2.10e-02	4.02e-01	4.52e-01	1.20e-01	2.06e-13	4.06e-22	5.09e-22
 1.52679e+22	2.38e-13	4.80e-09	4.38e-06	3.69e-04	5.75e-03	2.28e-02	4.15e-01	4.44e-01	1.12e-01	2.38e-13	4.70e-22	5.90e-22
 1.54715e+22	2.74e-13	5.47e-09	4.98e-06	4.18e-04	6.42e-03	2.47e-02	4.28e-01	4.36e-01	1.05e-01	2.74e-13	5.42e-22	6.79e-22
 1.56765e+22	3.14e-13	6.20e-09	5.64e-06	4.72e-04	7.15e-03	2.67e-02	4.40e-01	4.27e-01	9.81e-02	3.14e-13	6.20e-22	7.78e-22
 1.58833e+22	3.57e-13	6.99e-09	6.37e-06	5.32e-04	7.94e-03	2.89e-02	4.53e-01	4.18e-01	9.14e-02	3.57e-13	7.06e-22	8.85e-22
 1.60928e+22	4.03e-13	7.86e-09	7.19e-06	5.99e-04	8.82e-03	3.12e-02	4.66e-01	4.09e-01	8.51e-02	4.03e-13	8.00e-22	1.00e-21
 1.63032e+22	4.53e-13	8.79e-09	8.07e-06	6.72e-04	9.75e-03	3.37e-02	4.78e-01	3.99e-01	7.91e-02	4.53e-13	8.99e-22	1.13e-21
 1.65171e+22	5.08e-13	9.82e-09	9.06e-06	7.55e-04	1.08e-02	3.64e-02	4.90e-01	3.89e-01	7.33e-02	5.08e-13	1.01e-21	1.26e-21
 1.67336e+22	5.65e-13	1.09e-08	1.01e-05	8.44e-04	1.19e-02	3.92e-02	5.01e-01	3.79e-01	6.80e-02	5.65e-13	1.12e-21	1.41e-21
 1.69545e+22	6.28e-13	1.21e-08	1.13e-05	9.47e-04	1.32e-02	4.23e-02	5.13e-01	3.68e-01	6.27e-02	6.28e-13	1.25e-21	1.57e-21
 1.71599e+22	6.84e-13	1.32e-08	1.24e-05	1.04e-03	1.42e-02	4.49e-02	5.22e-01	3.59e-01	5.87e-02	6.84e-13	1.36e-21	1.71e-21
 1.73718e+22	7.56e-13	1.46e-08	1.39e-05	1.17e-03	1.57e-02	4.85e-02	5.34e-01	3.47e-01	5.38e-02	7.56e-13	1.51e-21	1.89e-21
 1.75873e+22	8.20e-13	1.59e-08	1.52e-05	1.28e-03	1.70e-02	5.15e-02	5.42e-01	3.38e-01	5.02e-02	8.20e-13	1.64e-21	2.05e-21
 1.78073e+22	9.00e-13	1.76e-08	1.70e-05	1.44e-03	1.88e-02	5.56e-02	5.53e-01	3.26e-01	4.58e-02	9.00e-13	1.80e-21	2.25e-21
 1.80282e+22	9.76e-13	1.91e-08	1.86e-05	1.57e-03	2.02e-02	5.87e-02	5.60e-01	3.17e-01	4.27e-02	9.76e-13	1.96e-21	2.44e-21
 1.82501e+22	1.07e-12	2.10e-08	2.08e-05	1.76e-03	2.22e-02	6.32e-02	5.69e-01	3.05e-01	3.89e-02	1.07e-12	2.14e-21	2.68e-21
 1.84735e+22	1.15e-12	2.28e-08	2.27e-05	1.92e-03	2.38e-02	6.67e-02	5.76e-01	2.95e-01	3.62e-02	1.15e-12	2.31e-21	2.89e-21
 1.86986e+22	1.25e-12	2.50e-08	2.53e-05	2.15e-03	2.60e-02	7.15e-02	5.84e-01	2.83e-01	3.29e-02	1.25e-12	2.53e-21	3.16e-21
 1.89256e+22	1.35e-12	2.71e-08	2.76e-05	2.35e-03	2.79e-02	7.53e-02	5.90e-01	2.74e-01	3.05e-02	1.35e-12	2.72e-21	3.40e-21
 1.91553e+22	1.47e-12	2.99e-08	3.08e-05	2.62e-03	3.04e-02	8.06e-02	5.96e-01	2.62e-01	2.76e-02	1.47e-12	2.97e-21	3.71e-21
 1.93878e+22	1.58e-12	3.24e-08	3.37e-05	2.86e-03	3.25e-02	8.48e-02	6.01e-01	2.53e-01	2.56e-02	1.58e-12	3.21e-21	4.00e-21
 1.96241e+22	1.73e-12	3.57e-08	3.77e-05	3.20e-03	3.54e-02	9.05e-02	6.06e-01	2.42e-01	2.31e-02	1.73e-12	3.50e-21	4.37e-21
 1.98644e+22	1.87e-12	3.89e-08	4.13e-05	3.50e-03	3.78e-02	9.51e-02	6.10e-01	2.33e-01	2.13e-02	1.87e-12	3.79e-21	4.73e-21
 2.01100e+22	2.04e-12	4.31e-08	4.64e-05	3.93e-03	4.11e-02	1.01e-01	6.13e-01	2.21e-01	1.91e-02	2.04e-12	4.16e-21	5.18e-21
 2.03608e+22	2.22e-12	4.72e-08	5.11e-05	4.30e-03	4.39e-02	1.07e-01	6.16e-01	2.12e-01	1.75e-02	2.22e-12	4.52e-21	5.64e-21
 2.06184e+22	2.44e-12	5.27e-08	5.77e-05	4.84e-03	4.77e-02	1.14e-01	6.18e-01	2.00e-01	1.56e-02	2.44e-12	4.99e-21	6.22e-21
 2.08820e+22	2.67e-12	5.82e-08	6.39e-05	5.32e-03	5.10e-02	1.19e-01	6.19e-01	1.92e-01	1.42e-02	2.67e-12	5.47e-21	6.82e-21
 2.11043e+22	2.88e-12	6.33e-08	6.99e-05	5.78e-03	5.40e-02	1.24e-01	6.19e-01	1.84e-01	1.31e-02	2.88e-12	5.92e-21	7.38e-21
 2.13441e+22	3.17e-12	7.06e-08	7.85e-05	6.43e-03	5.80e-02	1.31e-01	6.19e-01	1.74e-01	1.18e-02	3.17e-12	6.53e-21	8.14e-21
 2.15874e+22	3.45e-12	7.74e-08	8.62e-05	7.00e-03	6.14e-02	1.37e-01	6.18e-01	1.67e-01	1.08e-02	3.45e-12	7.12e-21	8.86e-21
 2.17977e+22	3.73e-12	8.44e-08	9.42e-05	7.58e-03	6.47e-02	1.42e-01	6.16e-01	1.60e-01	9.94e-03	3.73e-12	7.71e-21	9.60e-21
 2.20337e+22	4.11e-12	9.43e-08	1.06e-04	8.40e-03	6.92e-02	1.49e-01	6.14e-01	1.51e-01	8.91e-03	4.11e-12	8.51e-21	1.06e-20
 2.22686e+22	4.50e-12	1.04e-07	1.16e-04	9.08e-03	7.28e-02	1.54e-01	6.11e-01	1.44e-01	8.22e-03	4.50e-12	9.35e-21	1.16e-20
 2.25022e+22	4.97e-12	1.16e-07	1.30e-04	1.00e-02	7.75e-02	1.61e-01	6.07e-01	1.36e-01	7.37e-03	4.97e-12	1.04e-20	1.29e-20
 2.27393e+22	5.48e-12	1.29e-07	1.43e-04	1.09e-02	8.15e-02	1.67e-01	6.04e-01	1.30e-01	6.77e-03	5.48e-12	1.14e-20	1.42e-20
 2.29808e+22	6.13e-12	1.45e-07	1.61e-04	1.20e-02	8.68e-02	1.74e-01	5.98e-01	1.22e-01	6.04e-03	6.13e-12	1.28e-20	1.60e-20
 2.32265e+22	6.82e-12	1.62e-07	1.78e-04	1.30e-02	9.13e-02	1.80e-01	5.93e-01	1.17e-01	5.53e-03	6.82e-12	1.43e-20	1.78e-20
 2.34774e+22	7.68e-12	1.85e-07	2.02e-04	1.45e-02	9.72e-02	1.88e-01	5.86e-01	1.09e-01	4.90e-03	7.68e-12	1.62e-20	2.01e-20
 2.37323e+22	8.63e-12	2.08e-07	2.25e-04	1.57e-02	1.02e-01	1.94e-01	5.80e-01	1.04e-01	4.46e-03	8.63e-12	1.83e-20	2.27e-20
 2.39923e+22	9.83e-12	2.39e-07	2.56e-04	1.75e-02	1.09e-01	2.02e-01	5.71e-01	9.64e-02	3.93e-03	9.83e-12	2.09e-20	2.59e-20
 2.42582e+22	1.12e-11	2.71e-07	2.87e-04	1.90e-02	1.14e-01	2.08e-01	5.64e-01	9.11e-02	3.56e-03	1.12e-11	2.38e-20	2.95e-20
 2.45318e+22	1.29e-11	3.17e-07	3.30e-04	2.12e-02	1.22e-01	2.16e-01	5.53e-01	8.43e-02	3.11e-03	1.29e-11	2.77e-20	3.43e-20
 2.48118e+22	1.48e-11	3.62e-07	3.71e-04	2.32e-02	1.28e-01	2.22e-01	5.44e-01	7.92e-02	2.79e-03	1.48e-11	3.18e-20	3.95e-20
 2.51001e+22	1.75e-11	4.30e-07	4.31e-04	2.60e-02	1.37e-01	2.30e-01	5.31e-01	7.28e-02	2.42e-03	1.75e-11	3.79e-20	4.69e-20
 2.53917e+22	2.03e-11	4.96e-07	4.86e-04	2.84e-02	1.44e-01	2.36e-01	5.21e-01	6.82e-02	2.16e-03	2.03e-11	4.42e-20	5.47e-20
 2.56878e+22	2.43e-11	5.93e-07	5.66e-04	3.18e-02	1.53e-01	2.44e-01	5.07e-01	6.23e-02	1.86e-03	2.43e-11	5.30e-20	6.56e-20
 2.59868e+22	2.85e-11	6.88e-07	6.41e-04	3.47e-02	1.60e-01	2.50e-01	4.95e-01	5.81e-02	1.65e-03	2.85e-11	6.25e-20	7.74e-20
 2.62898e+22	3.44e-11	8.29e-07	7.50e-04	3.88e-02	1.70e-01	2.57e-01	4.79e-01	5.28e-02	1.41e-03	3.44e-11	7.60e-20	9.40e-20
 2.65849e+22	4.00e-11	9.55e-07	8.41e-04	4.21e-02	1.77e-01	2.62e-01	4.67e-01	4.93e-02	1.26e-03	4.00e-11	8.89e-20	1.10e-19
 2.68699e+22	4.85e-11	1.14e-06	9.74e-04	4.66e-02	1.87e-01	2.67e-01	4.52e-01	4.50e-02	1.09e-03	4.85e-11	1.08e-19	1.34e-19
 2.71704e+22	5.73e-11	1.34e-06	1.11e-03	5.09e-02	1.95e-01	2.72e-01	4.38e-01	4.14e-02	9.51e-04	5.73e-11	1.29e-19	1.59e-19
 2.74228e+22	6.65e-11	1.53e-06	1.23e-03	5.48e-02	2.03e-01	2.76e-01	4.26e-01	3.86e-02	8.52e-04	6.65e-11	1.50e-19	1.85e-19
 2.76829e+22	7.96e-11	1.80e-06	1.40e-03	5.97e-02	2.12e-01	2.80e-01	4.11e-01	3.55e-02	7.44e-04	7.96e-11	1.81e-19	2.23e-19
 2.79556e+22	9.34e-11	2.08e-06	1.57e-03	6.45e-02	2.20e-01	2.83e-01	3.98e-01	3.29e-02	6.59e-04	9.34e-11	2.14e-19	2.63e-19
 2.82062e+22	1.10e-10	2.40e-06	1.76e-03	6.94e-02	2.27e-01	2.85e-01	3.85e-01	3.04e-02	5.84e-04	1.10e-10	2.52e-19	3.11e-19
 2.84934e+22	1.35e-10	2.88e-06	2.02e-03	7.61e-02	2.37e-01	2.88e-01	3.69e-01	2.75e-02	5.01e-04	1.35e-10	3.12e-19	3.84e-19
 2.87878e+22	1.61e-10	3.36e-06	2.28e-03	8.23e-02	2.46e-01	2.90e-01	3.54e-01	2.52e-02	4.36e-04	1.61e-10	3.76e-19	4.62e-19
 2.90475e+22	1.90e-10	3.89e-06	2.55e-03	8.84e-02	2.54e-01	2.91e-01	3.41e-01	2.32e-02	3.83e-04	1.90e-10	4.48e-19	5.50e-19
 2.93408e+22	2.36e-10	4.68e-06	2.93e-03	9.66e-02	2.64e-01	2.92e-01	3.24e-01	2.08e-02	3.26e-04	2.36e-10	5.61e-19	6.88e-19
 2.96470e+22	2.86e-10	5.52e-06	3.32e-03	1.04e-01	2.72e-01	2.92e-01	3.09e-01	1.88e-02	2.80e-04	2.86e-10	6.85e-19	8.41e-19
 2.99231e+22	3.44e-10	6.44e-06	3.73e-03	1.12e-01	2.80e-01	2.91e-01	2.95e-01	1.71e-02	2.43e-04	3.44e-10	8.29e-19	1.02e-18
 3.02354e+22	4.34e-10	7.82e-06	4.31e-03	1.23e-01	2.90e-01	2.90e-01	2.77e-01	1.52e-02	2.03e-04	4.34e-10	1.06e-18	1.30e-18
 3.05575e+22	5.33e-10	9.26e-06	4.88e-03	1.32e-01	2.99e-01	2.88e-01	2.62e-01	1.36e-02	1.73e-04	5.33e-10	1.31e-18	1.61e-18
 3.08442e+22	6.47e-10	1.08e-05	5.48e-03	1.42e-01	3.06e-01	2.86e-01	2.48e-01	1.23e-02	1.48e-04	6.47e-10	1.61e-18	1.97e-18
 3.11691e+22	8.27e-10	1.32e-05	6.33e-03	1.54e-01	3.15e-01	2.82e-01	2.31e-01	1.07e-02	1.22e-04	8.27e-10	2.08e-18	2.55e-18
 3.15058e+22	1.03e-09	1.58e-05	7.18e-03	1.66e-01	3.22e-01	2.78e-01	2.17e-01	9.49e-03	1.02e-04	1.03e-09	2.62e-18	3.20e-18
 3.18082e+22	1.27e-09	1.86e-05	8.07e-03	1.77e-01	3.29e-01	2.74e-01	2.03e-01	8.45e-03	8.62e-05	1.27e-09	3.26e-18	3.98e-18
 3.21512e+22	1.65e-09	2.29e-05	9.35e-03	1.93e-01	3.36e-01	2.68e-01	1.87e-01	7.25e-03	6.92e-05	1.65e-09	4.32e-18	5.26e-18
 3.25050e+22	2.07e-09	2.72e-05	1.06e-02	2.06e-01	3.42e-01	2.62e-01	1.73e-01	6.35e-03	5.73e-05	2.07e-09	5.48e-18	6.68e-18
 3.28243e+22	2.58e-09	3.23e-05	1.19e-02	2.20e-01	3.47e-01	2.55e-01	1.60e-01	5.57e-03	4.75e-05	2.58e-09	6.93e-18	8.44e-18
 3.31908e+22	3.44e-09	4.02e-05	1.39e-02	2.38e-01	3.52e-01	2.46e-01	1.45e-01	4.67e-03	3.71e-05	3.44e-09	9.42e-18	1.15e-17
 3.35599e+22	4.32e-09	4.78e-05	1.56e-02	2.53e-01	3.55e-01	2.39e-01	1.33e-01	4.05e-03	3.03e-05	4.32e-09	1.20e-17	1.46e-17
 3.39323e+22	5.73e-09	5.89e-05	1.80e-02	2.72e-01	3.58e-01	2.28e-01	1.20e-01	3.38e-03	2.36e-05	5.73e-09	1.63e-17	1.98e-17
 3.43131e+22	7.32e-09	7.07e-05	2.03e-02	2.89e-01	3.60e-01	2.19e-01	1.09e-01	2.88e-03	1.89e-05	7.32e-09	2.12e-17	2.57e-17
 3.46484e+22	9.20e-09	8.36e-05	2.27e-02	3.05e-01	3.60e-01	2.10e-01	9.90e-02	2.48e-03	1.53e-05	9.20e-09	2.72e-17	3.29e-17
 3.50278e+22	1.23e-08	1.03e-04	2.61e-02	3.26e-01	3.60e-01	1.99e-01	8.75e-02	2.03e-03	1.16e-05	1.23e-08	3.74e-17	4.53e-17
 3.54161e+22	1.57e-08	1.23e-04	2.93e-02	3.43e-01	3.58e-01	1.89e-01	7.87e-02	1.71e-03	9.21e-06	1.57e-08	4.88e-17	5.91e-17
 3.58161e+22	2.12e-08	1.53e-04	3.37e-02	3.65e-01	3.55e-01	1.77e-01	6.87e-02	1.38e-03	6.88e-06	2.12e-08	6.81e-17	8.24e-17
 3.62223e+22	2.73e-08	1.83e-04	3.77e-02	3.82e-01	3.51e-01	1.67e-01	6.12e-02	1.15e-03	5.36e-06	2.73e-08	8.99e-17	1.09e-16
 3.65826e+22	3.48e-08	2.17e-04	4.20e-02	4.00e-01	3.46e-01	1.57e-01	5.44e-02	9.56e-04	4.18e-06	3.48e-08	1.18e-16	1.43e-16
 3.69968e+22	4.74e-08	2.70e-04	4.81e-02	4.21e-01	3.39e-01	1.44e-01	4.67e-02	7.54e-04	3.04e-06	4.74e-08	1.67e-16	2.02e-16
 3.74174e+22	6.09e-08	3.21e-04	5.35e-02	4.38e-01	3.32e-01	1.34e-01	4.11e-02	6.19e-04	2.33e-06	6.09e-08	2.22e-16	2.68e-16
 3.77825e+22	7.72e-08	3.78e-04	5.91e-02	4.54e-01	3.25e-01	1.25e-01	3.62e-02	5.11e-04	1.80e-06	7.72e-08	2.90e-16	3.51e-16
 3.81300e+22	9.59e-08	4.39e-04	6.47e-02	4.68e-01	3.18e-01	1.17e-01	3.22e-02	4.27e-04	1.42e-06	9.59e-08	3.72e-16	4.49e-16
 3.84607e+22	1.19e-07	5.07e-04	7.05e-02	4.81e-01	3.10e-01	1.09e-01	2.86e-02	3.58e-04	1.12e-06	1.19e-07	4.73e-16	5.71e-16
 3.88333e+22	1.55e-07	6.09e-04	7.84e-02	4.96e-01	3.00e-01	9.97e-02	2.46e-02	2.85e-04	8.29e-07	1.55e-07	6.41e-16	7.74e-16
 3.92061e+22	1.91e-07	7.02e-04	8.53e-02	5.08e-01	2.91e-01	9.25e-02	2.18e-02	2.36e-04	6.48e-07	1.91e-07	8.15e-16	9.83e-16
 3.95793e+22	2.49e-07	8.39e-04	9.44e-02	5.22e-01	2.80e-01	8.40e-02	1.86e-02	1.87e-04	4.75e-07	2.49e-07	1.10e-15	1.32e-15
 3.99585e+22	3.09e-07	9.69e-04	1.02e-01	5.32e-01	2.71e-01	7.74e-02	1.63e-02	1.54e-04	3.67e-07	3.09e-07	1.40e-15	1.69e-15
 4.03457e+22	4.04e-07	1.16e-03	1.13e-01	5.44e-01	2.58e-01	6.96e-02	1.38e-02	1.20e-04	2.64e-07	4.04e-07	1.90e-15	2.29e-15
 4.07359e+22	5.00e-07	1.34e-03	1.23e-01	5.52e-01	2.48e-01	6.37e-02	1.20e-02	9.75e-05	2.02e-07	5.00e-07	2.42e-15	2.91e-15
 4.11301e+22	6.54e-07	1.60e-03	1.35e-01	5.61e-01	2.36e-01	5.68e-02	1.00e-02	7.51e-05	1.43e-07	6.54e-07	3.28e-15	3.94e-15
 4.15288e+22	8.11e-07	1.84e-03	1.46e-01	5.67e-01	2.25e-01	5.16e-02	8.66e-03	6.06e-05	0.00e+00	8.11e-07	4.18e-15	5.02e-15
 4.18478e+22	9.66e-07	2.07e-03	1.55e-01	5.71e-01	2.16e-01	4.76e-02	7.67e-03	5.07e-05	0.00e+00	9.66e-07	5.10e-15	6.12e-15
 4.21771e+22	1.20e-06	2.38e-03	1.67e-01	5.75e-01	2.06e-01	4.31e-02	6.60e-03	4.07e-05	0.00e+00	1.20e-06	6.51e-15	7.80e-15
 4.25138e+22	1.43e-06	2.68e-03	1.77e-01	5.78e-01	1.97e-01	3.95e-02	5.79e-03	3.36e-05	0.00e+00	1.43e-06	8.00e-15	9.57e-15
 4.28122e+22	1.70e-06	2.99e-03	1.88e-01	5.79e-01	1.89e-01	3.63e-02	5.11e-03	2.81e-05	0.00e+00	1.70e-06	9.71e-15	1.16e-14
 4.31522e+22	2.11e-06	3.44e-03	2.01e-01	5.80e-01	1.79e-01	3.25e-02	4.35e-03	2.22e-05	0.00e+00	2.11e-06	1.24e-14	1.49e-14
 4.34967e+22	2.52e-06	3.87e-03	2.13e-01	5.79e-01	1.70e-01	2.96e-02	3.80e-03	1.82e-05	0.00e+00	2.52e-06	1.53e-14	1.82e-14
 4.37991e+22	2.99e-06	4.32e-03	2.25e-01	5.78e-01	1.62e-01	2.70e-02	3.32e-03	1.50e-05	0.00e+00	2.99e-06	1.86e-14	2.21e-14
 4.41439e+22	3.72e-06	4.97e-03	2.41e-01	5.75e-01	1.52e-01	2.39e-02	2.80e-03	1.17e-05	0.00e+00	3.72e-06	2.39e-14	2.84e-14
 4.44915e+22	4.41e-06	5.54e-03	2.54e-01	5.72e-01	1.44e-01	2.18e-02	2.44e-03	9.64e-06	0.00e+00	4.41e-06	2.90e-14	3.45e-14
 4.48427e+22	5.45e-06	6.36e-03	2.71e-01	5.67e-01	1.34e-01	1.92e-02	2.05e-03	7.48e-06	0.00e+00	5.45e-06	3.72e-14	4.42e-14
 4.51994e+22	6.51e-06	7.13e-03	2.86e-01	5.62e-01	1.27e-01	1.73e-02	1.76e-03	6.03e-06	0.00e+00	6.51e-06	4.57e-14	5.42e-14
 4.55136e+22	7.70e-06	7.93e-03	3.00e-01	5.56e-01	1.19e-01	1.56e-02	1.52e-03	4.91e-06	0.00e+00	7.70e-06	5.56e-14	6.59e-14
 4.58723e+22	9.51e-06	9.08e-03	3.19e-01	5.47e-01	1.11e-01	1.37e-02	1.27e-03	3.77e-06	0.00e+00	9.51e-06	7.12e-14	8.43e-14
 4.62386e+22	1.13e-05	1.01e-02	3.35e-01	5.38e-01	1.04e-01	1.22e-02	1.08e-03	3.01e-06	0.00e+00	1.13e-05	8.74e-14	1.03e-13
 4.65658e+22	1.34e-05	1.13e-02	3.51e-01	5.29e-01	9.70e-02	1.09e-02	9.27e-04	2.41e-06	0.00e+00	1.34e-05	1.07e-13	1.26e-13
 4.69419e+22	1.67e-05	1.30e-02	3.71e-01	5.17e-01	8.89e-02	9.39e-03	7.58e-04	1.81e-06	0.00e+00	1.67e-05	1.38e-13	1.63e-13
 4.73238e+22	1.98e-05	1.45e-02	3.89e-01	5.05e-01	8.25e-02	8.29e-03	6.40e-04	1.42e-06	0.00e+00	1.98e-05	1.70e-13	2.01e-13
 4.77130e+22	2.45e-05	1.65e-02	4.10e-01	4.90e-01	7.52e-02	7.11e-03	5.20e-04	1.06e-06	0.00e+00	2.45e-05	2.19e-13	2.59e-13
 4.81126e+22	2.95e-05	1.86e-02	4.29e-01	4.76e-01	6.90e-02	6.18e-03	4.31e-04	8.10e-07	0.00e+00	2.95e-05	2.74e-13	3.23e-13
 4.83371e+22	3.08e-05	1.91e-02	4.34e-01	4.73e-01	6.75e-02	5.96e-03	4.10e-04	7.57e-07	0.00e+00	3.08e-05	2.88e-13	3.40e-13
 4.84252e+22	3.21e-05	1.95e-02	4.39e-01	4.69e-01	6.62e-02	5.78e-03	3.93e-04	7.13e-07	0.00e+00	3.21e-05	3.03e-13	3.57e-13
 4.85244e+22	3.40e-05	2.03e-02	4.45e-01	4.65e-01	6.44e-02	5.52e-03	3.70e-04	6.55e-07	0.00e+00	3.40e-05	3.24e-13	3.82e-13
 4.86534e+22	3.62e-05	2.11e-02	4.51e-01	4.59e-01	6.24e-02	5.25e-03	3.47e-04	5.96e-07	0.00e+00	3.62e-05	3.51e-13	4.13e-13
 4.88212e+22	3.99e-05	2.24e-02	4.62e-01	4.51e-01	5.95e-02	4.87e-03	3.13e-04	5.16e-07	0.00e+00	3.99e-05	3.95e-13	4.64e-13
 4.90392e+22	4.44e-05	2.40e-02	4.73e-01	4.42e-01	5.64e-02	4.46e-03	2.79e-04	4.39e-07	0.00e+00	4.44e-05	4.51e-13	5.30e-13
 4.93227e+22	5.23e-05	2.65e-02	4.90e-01	4.27e-01	5.19e-02	3.91e-03	2.34e-04	3.42e-07	0.00e+00	5.23e-05	5.49e-13	6.44e-13
 4.96912e+22	6.36e-05	2.99e-02	5.11e-01	4.09e-01	4.68e-02	3.32e-03	1.89e-04	2.53e-07	0.00e+00	6.36e-05	6.99e-13	8.17e-13
 5.00321e+22	7.23e-05	3.24e-02	5.24e-01	3.97e-01	4.35e-02	2.96e-03	1.63e-04	2.06e-07	0.00e+00	7.23e-05	8.19e-13	9.56e-13
 5.03372e+22	8.47e-05	3.57e-02	5.41e-01	3.81e-01	3.98e-02	2.58e-03	1.36e-04	1.59e-07	0.00e+00	8.47e-05	9.98e-13	1.16e-12
 5.06487e+22	9.65e-05	3.87e-02	5.54e-01	3.68e-01	3.68e-02	2.29e-03	1.17e-04	1.28e-07	0.00e+00	9.65e-05	1.17e-12	1.36e-12
 5.09686e+22	1.13e-04	4.26e-02	5.70e-01	3.52e-01	3.35e-02	1.98e-03	9.67e-05	0.00e+00	0.00e+00	1.13e-04	1.43e-12	1.66e-12
 5.12962e+22	1.29e-04	4.63e-02	5.83e-01	3.38e-01	3.08e-02	1.74e-03	8.19e-05	0.00e+00	0.00e+00	1.29e-04	1.70e-12	1.96e-12
 5.15853e+22	1.47e-04	5.01e-02	5.96e-01	3.24e-01	2.84e-02	1.54e-03	6.97e-05	0.00e+00	0.00e+00	1.47e-04	2.00e-12	2.30e-12
 5.19125e+22	1.72e-04	5.51e-02	6.10e-01	3.07e-01	2.56e-02	1.31e-03	5.71e-05	0.00e+00	0.00e+00	1.72e-04	2.45e-12	2.80e-12
 5.22485e+22	1.97e-04	5.98e-02	6.23e-01	2.93e-01	2.33e-02	1.14e-03	4.78e-05	0.00e+00	0.00e+00	1.97e-04	2.92e-12	3.32e-12
 5.25468e+22	2.23e-04	6.46e-02	6.34e-01	2.79e-01	2.13e-02	1.00e-03	4.04e-05	0.00e+00	0.00e+00	2.23e-04	3.45e-12	3.89e-12
 5.28852e+22	2.62e-04	7.12e-02	6.46e-01	2.62e-01	1.90e-02	8.42e-04	3.25e-05	0.00e+00	0.00e+00	2.62e-04	4.27e-12	4.77e-12
 5.32320e+22	2.99e-04	7.69e-02	6.57e-01	2.48e-01	1.72e-02	7.28e-04	2.70e-05	0.00e+00	0.00e+00	2.99e-04	5.08e-12	5.64e-12
 5.35898e+22	3.52e-04	8.48e-02	6.68e-01	2.31e-01	1.52e-02	6.06e-04	2.14e-05	0.00e+00	0.00e+00	3.52e-04	6.32e-12	6.95e-12
 5.39562e+22	4.04e-04	9.20e-02	6.77e-01	2.17e-01	1.36e-02	5.14e-04	1.75e-05	0.00e+00	0.00e+00	4.04e-04	7.62e-12	8.30e-12
 5.42841e+22	4.61e-04	9.94e-02	6.84e-01	2.03e-01	1.22e-02	4.39e-04	1.44e-05	0.00e+00	0.00e+00	4.61e-04	9.13e-12	9.84e-12
 5.46601e+22	5.44e-04	1.10e-01	6.92e-01	1.87e-01	1.06e-02	3.59e-04	1.12e-05	0.00e+00	0.00e+00	5.44e-04	1.15e-11	1.22e-11
 5.50495e+22	6.24e-04	1.19e-01	6.98e-01	1.73e-01	9.38e-03	3.00e-04	8.97e-06	0.00e+00	0.00e+00	6.24e-04	1.39e-11	1.46e-11
 5.54562e+22	7.49e-04	1.32e-01	7.02e-01	1.57e-01	7.97e-03	2.37e-04	6.71e-06	0.00e+00	0.00e+00	7.49e-04	1.80e-11	1.85e-11
 5.58593e+22	8.51e-04	1.42e-01	7.05e-01	1.45e-01	7.04e-03	1.98e-04	5.40e-06	0.00e+00	0.00e+00	8.51e-04	2.16e-11	2.19e-11
 5.62578e+22	1.01e-03	1.56e-01	7.06e-01	1.30e-01	6.00e-03	1.57e-04	4.08e-06	0.00e+00	0.00e+00	1.01e-03	2.75e-11	2.74e-11
 5.66683e+22	1.15e-03	1.68e-01	7.06e-01	1.19e-01	5.23e-03	1.29e-04	3.22e-06	0.00e+00	0.00e+00	1.15e-03	3.34e-11	3.27e-11
 5.70944e+22	1.37e-03	1.85e-01	7.03e-01	1.06e-01	4.38e-03	1.00e-04	2.37e-06	0.00e+00	0.00e+00	1.37e-03	4.29e-11	4.11e-11
 5.75270e+22	1.56e-03	1.99e-01	7.00e-01	9.54e-02	3.78e-03	8.13e-05	1.84e-06	0.00e+00	0.00e+00	1.56e-03	5.22e-11	4.91e-11
 5.79680e+22	1.86e-03	2.20e-01	6.92e-01	8.34e-02	3.13e-03	6.19e-05	1.33e-06	0.00e+00	0.00e+00	1.86e-03	6.73e-11	6.19e-11
 5.84171e+22	2.12e-03	2.36e-01	6.85e-01	7.46e-02	2.68e-03	4.94e-05	1.02e-06	0.00e+00	0.00e+00	2.12e-03	8.20e-11	7.40e-11
 5.88766e+22	2.53e-03	2.60e-01	6.72e-01	6.40e-02	2.18e-03	3.67e-05	7.24e-07	0.00e+00	0.00e+00	2.53e-03	1.07e-10	9.40e-11
 5.93453e+22	2.88e-03	2.78e-01	6.61e-01	5.65e-02	1.85e-03	2.89e-05	5.48e-07	0.00e+00	0.00e+00	2.88e-03	1.30e-10	1.13e-10
 5.98259e+22	3.45e-03	3.06e-01	6.42e-01	4.76e-02	1.48e-03	2.09e-05	3.78e-07	0.00e+00	0.00e+00	3.45e-03	1.70e-10	1.44e-10
 6.03182e+22	3.94e-03	3.27e-01	6.26e-01	4.13e-02	1.24e-03	1.61e-05	2.81e-07	0.00e+00	0.00e+00	3.94e-03	2.08e-10	1.73e-10
 6.08260e+22	4.75e-03	3.60e-01	6.01e-01	3.38e-02	9.72e-04	1.12e-05	1.88e-07	0.00e+00	0.00e+00	4.75e-03	2.75e-10	2.24e-10
 6.13479e+22	5.44e-03	3.85e-01	5.80e-01	2.87e-02	8.00e-04	8.40e-06	1.36e-07	0.00e+00	0.00e+00	5.44e-03	3.39e-10	2.71e-10
 6.18883e+22	6.60e-03	4.23e-01	5.47e-01	2.28e-02	6.15e-04	5.61e-06	0.00e+00	0.00e+00	0.00e+00	6.60e-03	4.51e-10	3.54e-10
 6.24488e+22	7.65e-03	4.53e-01	5.20e-01	1.87e-02	4.94e-04	4.01e-06	0.00e+00	0.00e+00	0.00e+00	7.65e-03	5.63e-10	4.36e-10
 6.30355e+22	9.37e-03	4.97e-01	4.79e-01	1.41e-02	3.68e-04	2.52e-06	0.00e+00	0.00e+00	0.00e+00	9.37e-03	7.61e-10	5.79e-10
 6.36475e+22	1.10e-02	5.34e-01	4.44e-01	1.10e-02	2.86e-04	1.69e-06	0.00e+00	0.00e+00	0.00e+00	1.10e-02	9.68e-10	7.28e-10
 6.42079e+22	1.30e-02	5.72e-01	4.06e-01	8.44e-03	2.21e-04	1.10e-06	0.00e+00	0.00e+00	0.00e+00	1.30e-02	1.23e-09	9.19e-10
 6.46899e+22	1.46e-02	5.99e-01	3.79e-01	6.89e-03	1.82e-04	8.07e-07	0.00e+00	0.00e+00	0.00e+00	1.46e-02	1.46e-09	1.08e-09
 6.51545e+22	1.71e-02	6.36e-01	3.42e-01	5.22e-03	1.42e-04	5.26e-07	0.00e+00	0.00e+00	0.00e+00	1.71e-02	1.84e-09	1.35e-09
 6.56357e+22	1.96e-02	6.67e-01	3.10e-01	4.04e-03	1.13e-04	3.57e-07	0.00e+00	0.00e+00	0.00e+00	1.96e-02	2.23e-09	1.63e-09
 6.61384e+22	2.33e-02	7.05e-01	2.69e-01	2.87e-03	8.45e-05	2.14e-07	0.00e+00	0.00e+00	0.00e+00	2.33e-02	2.86e-09	2.07e-09
 6.66546e+22	2.71e-02	7.36e-01	2.35e-01	2.09e-03	6.51e-05	1.35e-07	0.00e+00	0.00e+00	0.00e+00	2.71e-02	3.53e-09	2.54e-09
 6.71881e+22	3.29e-02	7.72e-01	1.94e-01	1.36e-03	4.62e-05	0.00e+00	0.00e+00	0.00e+00	0.00e+00	3.29e-02	4.62e-09	3.31e-09
 6.76777e+22	3.79e-02	7.94e-01	1.67e-01	9.88e-04	3.60e-05	0.00e+00	0.00e+00	0.00e+00	0.00e+00	3.79e-02	5.56e-09	3.95e-09
 6.80390e+22	4.31e-02	8.11e-01	1.45e-01	7.32e-04	2.86e-05	0.00e+00	0.00e+00	0.00e+00	0.00e+00	4.31e-02	6.60e-09	4.66e-09
 6.84376e+22	5.08e-02	8.30e-01	1.19e-01	4.95e-04	2.11e-05	0.00e+00	0.00e+00	0.00e+00	0.00e+00	5.08e-02	8.21e-09	5.77e-09
 6.88654e+22	6.04e-02	8.44e-01	9.56e-02	3.27e-04	1.54e-05	0.00e+00	0.00e+00	0.00e+00	0.00e+00	6.04e-02	1.02e-08	7.15e-09
 6.92580e+22	7.17e-02	8.52e-01	7.61e-02	2.16e-04	1.12e-05	0.00e+00	0.00e+00	0.00e+00	0.00e+00	7.17e-02	1.27e-08	8.86e-09
 6.96299e+22	8.57e-02	8.55e-01	5.94e-02	1.40e-04	7.96e-06	0.00e+00	0.00e+00	0.00e+00	0.00e+00	8.57e-02	1.59e-08	1.10e-08
 6.99801e+22	1.03e-01	8.51e-01	4.55e-02	9.10e-05	5.59e-06	0.00e+00	0.00e+00	0.00e+00	0.00e+00	1.03e-01	1.98e-08	1.38e-08
 7.03021e+22	1.24e-01	8.42e-01	3.45e-02	5.94e-05	3.89e-06	0.00e+00	0.00e+00	0.00e+00	0.00e+00	1.24e-01	2.46e-08	1.71e-08
 7.05956e+22	1.48e-01	8.26e-01	2.59e-02	3.93e-05	2.68e-06	0.00e+00	0.00e+00	0.00e+00	0.00e+00	1.48e-01	3.02e-08	2.11e-08
 7.08628e+22	1.77e-01	8.03e-01	1.93e-02	2.65e-05	1.83e-06	0.00e+00	0.00e+00	0.00e+00	0.00e+00	1.77e-01	3.68e-08	2.57e-08
 7.11061e+22	2.10e-01	7.75e-01	1.43e-02	1.83e-05	1.24e-06	0.00e+00	0.00e+00	0.00e+00	0.00e+00	2.10e-01	4.40e-08	3.07e-08
 7.13278e+22	2.48e-01	7.42e-01	1.06e-02	1.29e-05	8.44e-07	0.00e+00	0.00e+00	0.00e+00	0.00e+00	2.48e-01	5.19e-08	3.61e-08
 7.14661e+22	2.73e-01	7.18e-01	8.86e-03	1.06e-05	6.72e-07	0.00e+00	0.00e+00	0.00e+00	0.00e+00	2.73e-01	5.65e-08	3.93e-08
 7.15161e+22	2.83e-01	7.08e-01	8.27e-03	9.85e-06	6.15e-07	0.00e+00	0.00e+00	0.00e+00	0.00e+00	2.83e-01	5.83e-08	4.06e-08
 7.15556e+22	2.92e-01	7.00e-01	7.77e-03	9.22e-06	5.67e-07	0.00e+00	0.00e+00	0.00e+00	0.00e+00	2.92e-01	6.00e-08	4.17e-08
 7.16064e+22	3.03e-01	6.89e-01	7.17e-03	8.48e-06	5.10e-07	0.00e+00	0.00e+00	0.00e+00	0.00e+00	3.03e-01	6.22e-08	4.32e-08
 7.16676e+22	3.18e-01	6.75e-01	6.50e-03	7.66e-06	4.49e-07	0.00e+00	0.00e+00	0.00e+00	0.00e+00	3.18e-01	6.49e-08	4.50e-08
 7.17295e+22	3.33e-01	6.61e-01	5.88e-03	6.93e-06	3.94e-07	0.00e+00	0.00e+00	0.00e+00	0.00e+00	3.33e-01	6.75e-08	4.68e-08
 7.17866e+22	3.47e-01	6.48e-01	5.37e-03	6.34e-06	3.51e-07	0.00e+00	0.00e+00	0.00e+00	0.00e+00	3.47e-01	6.99e-08	4.85e-08
 7.18444e+22	3.63e-01	6.32e-01	4.87e-03	5.75e-06	3.08e-07	0.00e+00	0.00e+00	0.00e+00	0.00e+00	3.63e-01	7.24e-08	5.02e-08
 7.19037e+22	3.78e-01	6.18e-01	4.41e-03	5.24e-06	2.72e-07	0.00e+00	0.00e+00	0.00e+00	0.00e+00	3.78e-01	7.49e-08	5.19e-08
 7.19642e+22	3.95e-01	6.01e-01	3.97e-03	4.75e-06	2.37e-07	0.00e+00	0.00e+00	0.00e+00	0.00e+00	3.95e-01	7.74e-08	5.36e-08
 7.20266e+22	4.13e-01	5.83e-01	3.56e-03	4.29e-06	2.05e-07	0.00e+00	0.00e+00	0.00e+00	0.00e+00	4.13e-01	7.99e-08	5.53e-08
 7.20865e+22	4.30e-01	5.66e-01	3.21e-03	3.90e-06	1.79e-07	0.00e+00	0.00e+00	0.00e+00	0.00e+00	4.30e-01	8.22e-08	5.69e-08
 7.21468e+22	4.48e-01	5.49e-01	2.88e-03	3.54e-06	1.56e-07	0.00e+00	0.00e+00	0.00e+00	0.00e+00	4.48e-01	8.45e-08	5.84e-08
 7.22104e+22	4.67e-01	5.30e-01	2.56e-03	3.19e-06	1.34e-07	0.00e+00	0.00e+00	0.00e+00	0.00e+00	4.67e-01	8.67e-08	5.99e-08
 7.22764e+22	4.87e-01	5.11e-01	2.27e-03	2.88e-06	0.00e+00	0.00e+00	0.00e+00	0.00e+00	0.00e+00	4.87e-01	8.88e-08	6.13e-08
 7.23446e+22	5.08e-01	4.90e-01	2.00e-03	2.58e-06	0.00e+00	0.00e+00	0.00e+00	0.00e+00	0.00e+00	5.08e-01	9.08e-08	6.27e-08
 7.24143e+22	5.29e-01	4.69e-01	1.76e-03	2.31e-06	0.00e+00	0.00e+00	0.00e+00	0.00e+00	0.00e+00	5.29e-01	9.26e-08	6.39e-08
 7.24844e+22	5.50e-01	4.48e-01	1.54e-03	2.07e-06	0.00e+00	0.00e+00	0.00e+00	0.00e+00	0.00e+00	5.50e-01	9.42e-08	6.49e-08
 7.25572e+22	5.72e-01	4.27e-01	1.34e-03	1.85e-06	0.00e+00	0.00e+00	0.00e+00	0.00e+00	0.00e+00	5.72e-01	9.55e-08	6.58e-08
 7.26313e+22	5.93e-01	4.06e-01	1.17e-03	1.66e-06	0.00e+00	0.00e+00	0.00e+00	0.00e+00	0.00e+00	5.93e-01	9.66e-08	6.65e-08
 7.26900e+22	6.09e-01	3.90e-01	1.05e-03	1.53e-06	0.00e+00	0.00e+00	0.00e+00	0.00e+00	0.00e+00	6.09e-01	9.71e-08	6.68e-08
 7.27289e+22	6.20e-01	3.79e-01	9.80e-04	1.45e-06	0.00e+00	0.00e+00	0.00e+00	0.00e+00	0.00e+00	6.20e-01	9.73e-08	6.69e-08
 7.27654e+22	6.30e-01	3.69e-01	9.15e-04	1.37e-06	0.00e+00	0.00e+00	0.00e+00	0.00e+00	0.00e+00	6.30e-01	9.76e-08	6.71e-08
 7.28085e+22	6.41e-01	3.58e-01	8.44e-04	1.29e-06	0.00e+00	0.00e+00	0.00e+00	0.00e+00	0.00e+00	6.41e-01	9.79e-08	6.72e-08
 7.28567e+22	6.54e-01	3.45e-01	7.72e-04	1.20e-06	0.00e+00	0.00e+00	0.00e+00	0.00e+00	0.00e+00	6.54e-01	9.80e-08	6.73e-08
 7.29048e+22	6.66e-01	3.34e-01	7.07e-04	1.13e-06	0.00e+00	0.00e+00	0.00e+00	0.00e+00	0.00e+00	6.66e-01	9.80e-08	6.73e-08
 7.29507e+22	6.77e-01	3.23e-01	6.51e-04	1.06e-06	0.00e+00	0.00e+00	0.00e+00	0.00e+00	0.00e+00	6.77e-01	9.80e-08	6.72e-08
 7.29966e+22	6.87e-01	3.12e-01	5.99e-04	9.98e-07	0.00e+00	0.00e+00	0.00e+00	0.00e+00	0.00e+00	6.87e-01	9.79e-08	6.71e-08
 7.30441e+22	6.98e-01	3.01e-01	5.50e-04	9.38e-07	0.00e+00	0.00e+00	0.00e+00	0.00e+00	0.00e+00	6.98e-01	9.78e-08	6.70e-08
 7.30931e+22	7.09e-01	2.91e-01	5.05e-04	8.80e-07	0.00e+00	0.00e+00	0.00e+00	0.00e+00	0.00e+00	7.09e-01	9.75e-08	6.68e-08
 7.31428e+22	7.19e-01	2.80e-01	4.62e-04	8.27e-07	0.00e+00	0.00e+00	0.00e+00	0.00e+00	0.00e+00	7.19e-01	9.72e-08	6.65e-08
 7.31929e+22	7.29e-01	2.70e-01	4.24e-04	7.77e-07	0.00e+00	0.00e+00	0.00e+00	0.00e+00	0.00e+00	7.29e-01	9.69e-08	6.63e-08
 7.32438e+22	7.39e-01	2.61e-01	3.88e-04	7.31e-07	0.00e+00	0.00e+00	0.00e+00	0.00e+00	0.00e+00	7.39e-01	9.65e-08	6.60e-08
 7.32962e+22	7.49e-01	2.51e-01	3.55e-04	6.87e-07	0.00e+00	0.00e+00	0.00e+00	0.00e+00	0.00e+00	7.49e-01	9.60e-08	6.56e-08
 7.33502e+22	7.58e-01	2.41e-01	3.24e-04	6.45e-07	0.00e+00	0.00e+00	0.00e+00	0.00e+00	0.00e+00	7.58e-01	9.55e-08	6.52e-08
 7.34048e+22	7.67e-01	2.33e-01	2.97e-04	6.07e-07	0.00e+00	0.00e+00	0.00e+00	0.00e+00	0.00e+00	7.67e-01	9.50e-08	6.48e-08
 7.34604e+22	7.76e-01	2.24e-01	2.71e-04	5.71e-07	0.00e+00	0.00e+00	0.00e+00	0.00e+00	0.00e+00	7.76e-01	9.45e-08	6.44e-08
 7.35180e+22	7.85e-01	2.15e-01	2.47e-04	5.36e-07	0.00e+00	0.00e+00	0.00e+00	0.00e+00	0.00e+00	7.85e-01	9.39e-08	6.40e-08
 7.35774e+22	7.93e-01	2.07e-01	2.25e-04	5.04e-07	0.00e+00	0.00e+00	0.00e+00	0.00e+00	0.00e+00	7.93e-01	9.33e-08	6.35e-08
 7.36377e+22	8.01e-01	1.99e-01	2.05e-04	4.74e-07	0.00e+00	0.00e+00	0.00e+00	0.00e+00	0.00e+00	8.01e-01	9.27e-08	6.31e-08
 7.37001e+22	8.09e-01	1.91e-01	1.86e-04	4.46e-07	0.00e+00	0.00e+00	0.00e+00	0.00e+00	0.00e+00	8.09e-01	9.21e-08	6.26e-08
 7.37654e+22	8.17e-01	1.83e-01	1.69e-04	4.18e-07	0.00e+00	0.00e+00	0.00e+00	0.00e+00	0.00e+00	8.17e-01	9.14e-08	6.21e-08
 7.38316e+22	8.24e-01	1.76e-01	1.54e-04	3.93e-07	0.00e+00	0.00e+00	0.00e+00	0.00e+00	0.00e+00	8.24e-01	9.07e-08	6.15e-08
 7.38989e+22	8.31e-01	1.69e-01	1.40e-04	3.69e-07	0.00e+00	0.00e+00	0.00e+00	0.00e+00	0.00e+00	8.31e-01	9.00e-08	6.08e-08
 7.39682e+22	8.38e-01	1.62e-01	1.27e-04	3.47e-07	0.00e+00	0.00e+00	0.00e+00	0.00e+00	0.00e+00	8.38e-01	8.92e-08	6.01e-08
 7.40397e+22	8.45e-01	1.55e-01	1.15e-04	3.26e-07	0.00e+00	0.00e+00	0.00e+00	0.00e+00	0.00e+00	8.45e-01	8.85e-08	5.94e-08
 7.41135e+22	8.51e-01	1.49e-01	1.04e-04	3.06e-07	0.00e+00	0.00e+00	0.00e+00	0.00e+00	0.00e+00	8.51e-01	8.78e-08	5.88e-08
 7.41895e+22	8.57e-01	1.42e-01	9.48e-05	2.88e-07	0.00e+00	0.00e+00	0.00e+00	0.00e+00	0.00e+00	8.57e-01	8.70e-08	5.81e-08
 7.42675e+22	8.64e-01	1.36e-01	8.60e-05	2.70e-07	0.00e+00	0.00e+00	0.00e+00	0.00e+00	0.00e+00	8.64e-01	8.63e-08	5.74e-08
 7.43468e+22	8.69e-01	1.31e-01	7.82e-05	2.54e-07	0.00e+00	0.00e+00	0.00e+00	0.00e+00	0.00e+00	8.69e-01	8.56e-08	5.67e-08
 7.44270e+22	8.75e-01	1.25e-01	7.13e-05	2.39e-07	0.00e+00	0.00e+00	0.00e+00	0.00e+00	0.00e+00	8.75e-01	8.50e-08	5.61e-08
 7.45090e+22	8.80e-01	1.20e-01	6.51e-05	2.25e-07	0.00e+00	0.00e+00	0.00e+00	0.00e+00	0.00e+00	8.80e-01	8.43e-08	5.54e-08
 7.45929e+22	8.85e-01	1.15e-01	5.96e-05	2.11e-07	0.00e+00	0.00e+00	0.00e+00	0.00e+00	0.00e+00	8.85e-01	8.37e-08	5.48e-08
 7.46771e+22	8.90e-01	1.10e-01	5.47e-05	1.99e-07	0.00e+00	0.00e+00	0.00e+00	0.00e+00	0.00e+00	8.90e-01	8.31e-08	5.42e-08
 7.47622e+22	8.94e-01	1.06e-01	5.04e-05	1.88e-07	0.00e+00	0.00e+00	0.00e+00	0.00e+00	0.00e+00	8.94e-01	8.26e-08	5.36e-08
 7.48496e+22	8.98e-01	1.02e-01	4.65e-05	1.78e-07	0.00e+00	0.00e+00	0.00e+00	0.00e+00	0.00e+00	8.98e-01	8.22e-08	5.31e-08
 7.49381e+22	9.02e-01	9.77e-02	4.30e-05	1.68e-07	0.00e+00	0.00e+00	0.00e+00	0.00e+00	0.00e+00	9.02e-01	8.17e-08	5.26e-08
 7.50276e+22	9.06e-01	9.40e-02	4.00e-05	1.59e-07	0.00e+00	0.00e+00	0.00e+00	0.00e+00	0.00e+00	9.06e-01	8.14e-08	5.22e-08
 7.51197e+22	9.10e-01	9.03e-02	3.72e-05	1.50e-07	0.00e+00	0.00e+00	0.00e+00	0.00e+00	0.00e+00	9.10e-01	8.10e-08	5.17e-08
 7.52144e+22	9.13e-01	8.68e-02	3.47e-05	1.42e-07	0.00e+00	0.00e+00	0.00e+00	0.00e+00	0.00e+00	9.13e-01	8.06e-08	5.12e-08
 7.53102e+22	9.17e-01	8.34e-02	3.25e-05	1.34e-07	0.00e+00	0.00e+00	0.00e+00	0.00e+00	0.00e+00	9.17e-01	8.03e-08	5.08e-08
 7.54074e+22	9.20e-01	8.01e-02	3.05e-05	1.27e-07	0.00e+00	0.00e+00	0.00e+00	0.00e+00	0.00e+00	9.20e-01	8.01e-08	5.04e-08
 7.55075e+22	9.23e-01	7.70e-02	2.87e-05	0.00e+00	0.00e+00	0.00e+00	0.00e+00	0.00e+00	0.00e+00	9.23e-01	7.98e-08	5.00e-08
 7.56102e+22	9.26e-01	7.40e-02	2.71e-05	0.00e+00	0.00e+00	0.00e+00	0.00e+00	0.00e+00	0.00e+00	9.26e-01	7.96e-08	4.96e-08
 7.57117e+22	9.29e-01	7.12e-02	2.58e-05	0.00e+00	0.00e+00	0.00e+00	0.00e+00	0.00e+00	0.00e+00	9.29e-01	7.95e-08	4.93e-08
 7.58085e+22	9.31e-01	6.87e-02	2.46e-05	0.00e+00	0.00e+00	0.00e+00	0.00e+00	0.00e+00	0.00e+00	9.31e-01	7.92e-08	4.89e-08
 7.58980e+22	9.33e-01	6.66e-02	2.37e-05	0.00e+00	0.00e+00	0.00e+00	0.00e+00	0.00e+00	0.00e+00	9.33e-01	7.90e-08	4.86e-08
 7.59809e+22	9.35e-01	6.46e-02	2.30e-05	0.00e+00	0.00e+00	0.00e+00	0.00e+00	0.00e+00	0.00e+00	9.35e-01	7.88e-08	4.83e-08
 7.60575e+22	9.37e-01	6.29e-02	2.23e-05	0.00e+00	0.00e+00	0.00e+00	0.00e+00	0.00e+00	0.00e+00	9.37e-01	7.86e-08	4.80e-08
 7.61313e+22	9.39e-01	6.13e-02	2.18e-05	0.00e+00	0.00e+00	0.00e+00	0.00e+00	0.00e+00	0.00e+00	9.39e-01	7.85e-08	4.78e-08
 7.62053e+22	9.40e-01	5.98e-02	2.12e-05	0.00e+00	0.00e+00	0.00e+00	0.00e+00	0.00e+00	0.00e+00	9.40e-01	7.84e-08	4.76e-08
 7.62781e+22	9.42e-01	5.81e-02	2.07e-05	0.00e+00	0.00e+00	0.00e+00	0.00e+00	0.00e+00	0.00e+00	9.42e-01	7.82e-08	4.73e-08
 7.63461e+22	9.43e-01	5.67e-02	2.03e-05	0.00e+00	0.00e+00	0.00e+00	0.00e+00	0.00e+00	0.00e+00	9.43e-01	7.81e-08	4.71e-08
 7.64095e+22	9.45e-01	5.55e-02	2.00e-05	0.00e+00	0.00e+00	0.00e+00	0.00e+00	0.00e+00	0.00e+00	9.45e-01	7.80e-08	4.70e-08
 7.64733e+22	9.46e-01	5.42e-02	1.96e-05	0.00e+00	0.00e+00	0.00e+00	0.00e+00	0.00e+00	0.00e+00	9.46e-01	7.79e-08	4.68e-08
 7.65348e+22	9.47e-01	5.29e-02	1.93e-05	0.00e+00	0.00e+00	0.00e+00	0.00e+00	0.00e+00	0.00e+00	9.47e-01	7.78e-08	4.66e-08
 7.65928e+22	9.48e-01	5.18e-02	1.90e-05	0.00e+00	0.00e+00	0.00e+00	0.00e+00	0.00e+00	0.00e+00	9.48e-01	7.78e-08	4.64e-08
 7.66505e+22	9.49e-01	5.07e-02	1.87e-05	0.00e+00	0.00e+00	0.00e+00	0.00e+00	0.00e+00	0.00e+00	9.49e-01	7.76e-08	4.62e-08
 7.67057e+22	9.50e-01	4.96e-02	1.85e-05	0.00e+00	0.00e+00	0.00e+00	0.00e+00	0.00e+00	0.00e+00	9.50e-01	7.75e-08	4.61e-08
 7.67577e+22	9.51e-01	4.86e-02	1.83e-05	0.00e+00	0.00e+00	0.00e+00	0.00e+00	0.00e+00	0.00e+00	9.51e-01	7.75e-08	4.59e-08
 7.68086e+22	9.52e-01	4.76e-02	1.81e-05	0.00e+00	0.00e+00	0.00e+00	0.00e+00	0.00e+00	0.00e+00	9.52e-01	7.74e-08	4.57e-08
 7.68581e+22	9.53e-01	4.66e-02	1.79e-05	0.00e+00	0.00e+00	0.00e+00	0.00e+00	0.00e+00	0.00e+00	9.53e-01	7.73e-08	4.56e-08
 7.69047e+22	9.54e-01	4.58e-02	1.77e-05	0.00e+00	0.00e+00	0.00e+00	0.00e+00	0.00e+00	0.00e+00	9.54e-01	7.71e-08	4.54e-08
 7.69471e+22	9.55e-01	4.50e-02	1.75e-05	0.00e+00	0.00e+00	0.00e+00	0.00e+00	0.00e+00	0.00e+00	9.55e-01	7.70e-08	4.53e-08
 7.69857e+22	9.56e-01	4.43e-02	1.74e-05	0.00e+00	0.00e+00	0.00e+00	0.00e+00	0.00e+00	0.00e+00	9.56e-01	7.69e-08	4.51e-08
 7.70208e+22	9.56e-01	4.36e-02	1.73e-05	0.00e+00	0.00e+00	0.00e+00	0.00e+00	0.00e+00	0.00e+00	9.56e-01	7.68e-08	4.50e-08
 7.70528e+22	9.57e-01	4.30e-02	1.72e-05	0.00e+00	0.00e+00	0.00e+00	0.00e+00	0.00e+00	0.00e+00	9.57e-01	7.67e-08	4.48e-08
 7.70819e+22	9.57e-01	4.25e-02	1.71e-05	0.00e+00	0.00e+00	0.00e+00	0.00e+00	0.00e+00	0.00e+00	9.57e-01	7.66e-08	4.47e-08
 7.71083e+22	9.58e-01	4.20e-02	1.70e-05	0.00e+00	0.00e+00	0.00e+00	0.00e+00	0.00e+00	0.00e+00	9.58e-01	7.65e-08	4.46e-08
 7.71373e+22	9.59e-01	4.14e-02	1.69e-05	0.00e+00	0.00e+00	0.00e+00	0.00e+00	0.00e+00	0.00e+00	9.59e-01	7.62e-08	4.45e-08
 7.71686e+22	9.59e-01	4.08e-02	1.68e-05	0.00e+00	0.00e+00	0.00e+00	0.00e+00	0.00e+00	0.00e+00	9.59e-01	7.58e-08	4.43e-08
 7.71971e+22	9.60e-01	4.03e-02	1.66e-05	0.00e+00	0.00e+00	0.00e+00	0.00e+00	0.00e+00	0.00e+00	9.60e-01	7.56e-08	4.42e-08
 7.72230e+22	9.60e-01	3.98e-02	1.66e-05	0.00e+00	0.00e+00	0.00e+00	0.00e+00	0.00e+00	0.00e+00	9.60e-01	7.52e-08	4.41e-08
 7.72466e+22	9.60e-01	3.95e-02	1.65e-05	0.00e+00	0.00e+00	0.00e+00	0.00e+00	0.00e+00	0.00e+00	9.60e-01	7.50e-08	4.40e-08
 7.72725e+22	9.61e-01	3.89e-02	1.64e-05	0.00e+00	0.00e+00	0.00e+00	0.00e+00	0.00e+00	0.00e+00	9.61e-01	7.49e-08	4.39e-08
 7.73061e+22	9.62e-01	3.82e-02	1.62e-05	0.00e+00	0.00e+00	0.00e+00	0.00e+00	0.00e+00	0.00e+00	9.62e-01	7.45e-08	4.38e-08
 7.73424e+22	9.62e-01	3.75e-02	1.61e-05	0.00e+00	0.00e+00	0.00e+00	0.00e+00	0.00e+00	0.00e+00	9.62e-01	7.42e-08	4.36e-08
 7.73754e+22	9.63e-01	3.69e-02	1.59e-05	0.00e+00	0.00e+00	0.00e+00	0.00e+00	0.00e+00	0.00e+00	9.63e-01	7.39e-08	4.35e-08
 7.74054e+22	9.64e-01	3.64e-02	1.58e-05	0.00e+00	0.00e+00	0.00e+00	0.00e+00	0.00e+00	0.00e+00	9.64e-01	7.37e-08	4.34e-08
 7.74328e+22	9.64e-01	3.60e-02	1.57e-05	0.00e+00	0.00e+00	0.00e+00	0.00e+00	0.00e+00	0.00e+00	9.64e-01	7.34e-08	4.33e-08
 7.74577e+22	9.64e-01	3.57e-02	1.56e-05	0.00e+00	0.00e+00	0.00e+00	0.00e+00	0.00e+00	0.00e+00	9.64e-01	7.34e-08	4.33e-08
 7.74849e+22	9.65e-01	3.52e-02	1.55e-05	0.00e+00	0.00e+00	0.00e+00	0.00e+00	0.00e+00	0.00e+00	9.65e-01	7.33e-08	4.32e-08
 7.75144e+22	9.65e-01	3.48e-02	1.53e-05	0.00e+00	0.00e+00	0.00e+00	0.00e+00	0.00e+00	0.00e+00	9.65e-01	7.31e-08	4.31e-08
 7.75466e+22	9.66e-01	3.42e-02	1.52e-05	0.00e+00	0.00e+00	0.00e+00	0.00e+00	0.00e+00	0.00e+00	9.66e-01	7.30e-08	4.30e-08
 7.75814e+22	9.66e-01	3.37e-02	1.50e-05	0.00e+00	0.00e+00	0.00e+00	0.00e+00	0.00e+00	0.00e+00	9.66e-01	7.28e-08	4.30e-08
 7.76131e+22	9.67e-01	3.33e-02	1.49e-05	0.00e+00	0.00e+00	0.00e+00	0.00e+00	0.00e+00	0.00e+00	9.67e-01	7.27e-08	4.29e-08
 7.76420e+22	9.67e-01	3.28e-02	1.48e-05	0.00e+00	0.00e+00	0.00e+00	0.00e+00	0.00e+00	0.00e+00	9.67e-01	7.25e-08	4.28e-08
 7.76682e+22	9.67e-01	3.26e-02	1.47e-05	0.00e+00	0.00e+00	0.00e+00	0.00e+00	0.00e+00	0.00e+00	9.67e-01	7.24e-08	4.27e-08
 7.76969e+22	9.68e-01	3.21e-02	1.45e-05	0.00e+00	0.00e+00	0.00e+00	0.00e+00	0.00e+00	0.00e+00	9.68e-01	7.23e-08	4.27e-08
 7.77343e+22	9.69e-01	3.15e-02	1.43e-05	0.00e+00	0.00e+00	0.00e+00	0.00e+00	0.00e+00	0.00e+00	9.69e-01	7.22e-08	4.26e-08
 7.77747e+22	9.69e-01	3.08e-02	1.42e-05	0.00e+00	0.00e+00	0.00e+00	0.00e+00	0.00e+00	0.00e+00	9.69e-01	7.20e-08	4.25e-08
 7.78114e+22	9.70e-01	3.04e-02	1.40e-05	0.00e+00	0.00e+00	0.00e+00	0.00e+00	0.00e+00	0.00e+00	9.70e-01	7.19e-08	4.24e-08
 7.78448e+22	9.70e-01	2.99e-02	1.39e-05	0.00e+00	0.00e+00	0.00e+00	0.00e+00	0.00e+00	0.00e+00	9.70e-01	7.17e-08	4.23e-08
 7.78752e+22	9.70e-01	2.95e-02	1.37e-05	0.00e+00	0.00e+00	0.00e+00	0.00e+00	0.00e+00	0.00e+00	9.70e-01	7.16e-08	4.22e-08
 7.79029e+22	9.71e-01	2.92e-02	1.36e-05	0.00e+00	0.00e+00	0.00e+00	0.00e+00	0.00e+00	0.00e+00	9.71e-01	7.14e-08	4.21e-08
 7.79281e+22	9.71e-01	2.88e-02	1.34e-05	0.00e+00	0.00e+00	0.00e+00	0.00e+00	0.00e+00	0.00e+00	9.71e-01	7.12e-08	4.19e-08
 7.79510e+22	9.71e-01	2.86e-02	1.33e-05	0.00e+00	0.00e+00	0.00e+00	0.00e+00	0.00e+00	0.00e+00	9.71e-01	7.11e-08	4.18e-08
 7.79761e+22	9.72e-01	2.82e-02	1.32e-05	0.00e+00	0.00e+00	0.00e+00	0.00e+00	0.00e+00	0.00e+00	9.72e-01	7.10e-08	4.18e-08
 7.80088e+22	9.72e-01	2.77e-02	1.30e-05	0.00e+00	0.00e+00	0.00e+00	0.00e+00	0.00e+00	0.00e+00	9.72e-01	7.08e-08	4.16e-08
 7.80440e+22	9.73e-01	2.72e-02	1.29e-05	0.00e+00	0.00e+00	0.00e+00	0.00e+00	0.00e+00	0.00e+00	9.73e-01	7.07e-08	4.15e-08
 7.80761e+22	9.73e-01	2.68e-02	1.27e-05	0.00e+00	0.00e+00	0.00e+00	0.00e+00	0.00e+00	0.00e+00	9.73e-01	7.05e-08	4.14e-08
 7.81052e+22	9.74e-01	2.64e-02	1.26e-05	0.00e+00	0.00e+00	0.00e+00	0.00e+00	0.00e+00	0.00e+00	9.74e-01	7.03e-08	4.12e-08
 7.81318e+22	9.74e-01	2.61e-02	1.25e-05	0.00e+00	0.00e+00	0.00e+00	0.00e+00	0.00e+00	0.00e+00	9.74e-01	7.02e-08	4.11e-08
 7.81609e+22	9.74e-01	2.58e-02	1.23e-05	0.00e+00	0.00e+00	0.00e+00	0.00e+00	0.00e+00	0.00e+00	9.74e-01	7.01e-08	4.10e-08
 7.81923e+22	9.75e-01	2.53e-02	1.22e-05	0.00e+00	0.00e+00	0.00e+00	0.00e+00	0.00e+00	0.00e+00	9.75e-01	6.99e-08	4.09e-08
 7.82209e+22	9.75e-01	2.50e-02	1.21e-05	0.00e+00	0.00e+00	0.00e+00	0.00e+00	0.00e+00	0.00e+00	9.75e-01	6.98e-08	4.08e-08
 7.82469e+22	9.75e-01	2.46e-02	1.20e-05	0.00e+00	0.00e+00	0.00e+00	0.00e+00	0.00e+00	0.00e+00	9.75e-01	6.96e-08	4.06e-08
 7.82706e+22	9.76e-01	2.44e-02	1.19e-05	0.00e+00	0.00e+00	0.00e+00	0.00e+00	0.00e+00	0.00e+00	9.76e-01	6.96e-08	4.05e-08
 7.82965e+22	9.76e-01	2.41e-02	1.18e-05	0.00e+00	0.00e+00	0.00e+00	0.00e+00	0.00e+00	0.00e+00	9.76e-01	6.94e-08	4.04e-08
 7.83246e+22	9.76e-01	2.38e-02	1.17e-05	0.00e+00	0.00e+00	0.00e+00	0.00e+00	0.00e+00	0.00e+00	9.76e-01	6.93e-08	4.03e-08
 7.83552e+22	9.77e-01	2.34e-02	1.15e-05	0.00e+00	0.00e+00	0.00e+00	0.00e+00	0.00e+00	0.00e+00	9.77e-01	6.92e-08	4.02e-08
 7.83884e+22	9.77e-01	2.31e-02	1.14e-05	0.00e+00	0.00e+00	0.00e+00	0.00e+00	0.00e+00	0.00e+00	9.77e-01	6.87e-08	3.99e-08
 7.84185e+22	9.77e-01	2.28e-02	1.13e-05	0.00e+00	0.00e+00	0.00e+00	0.00e+00	0.00e+00	0.00e+00	9.77e-01	6.83e-08	3.97e-08
 7.84516e+22	9.78e-01	2.24e-02	1.12e-05	0.00e+00	0.00e+00	0.00e+00	0.00e+00	0.00e+00	0.00e+00	9.78e-01	6.76e-08	3.93e-08
 7.84872e+22	9.78e-01	2.21e-02	1.11e-05	0.00e+00	0.00e+00	0.00e+00	0.00e+00	0.00e+00	0.00e+00	9.78e-01	6.70e-08	3.90e-08
 7.85263e+22	9.78e-01	2.17e-02	1.09e-05	0.00e+00	0.00e+00	0.00e+00	0.00e+00	0.00e+00	0.00e+00	9.78e-01	6.63e-08	3.86e-08
 7.85685e+22	9.79e-01	2.12e-02	1.08e-05	0.00e+00	0.00e+00	0.00e+00	0.00e+00	0.00e+00	0.00e+00	9.79e-01	6.56e-08	3.82e-08
 7.86069e+22	9.79e-01	2.09e-02	1.07e-05	0.00e+00	0.00e+00	0.00e+00	0.00e+00	0.00e+00	0.00e+00	9.79e-01	6.51e-08	3.78e-08
 7.86419e+22	9.79e-01	2.06e-02	1.06e-05	0.00e+00	0.00e+00	0.00e+00	0.00e+00	0.00e+00	0.00e+00	9.79e-01	6.44e-08	3.73e-08
 7.86737e+22	9.80e-01	2.04e-02	1.05e-05	0.00e+00	0.00e+00	0.00e+00	0.00e+00	0.00e+00	0.00e+00	9.80e-01	6.40e-08	3.70e-08
 7.87085e+22	9.80e-01	2.00e-02	1.03e-05	0.00e+00	0.00e+00	0.00e+00	0.00e+00	0.00e+00	0.00e+00	9.80e-01	6.36e-08	3.66e-08
 7.87538e+22	9.80e-01	1.96e-02	1.02e-05	0.00e+00	0.00e+00	0.00e+00	0.00e+00	0.00e+00	0.00e+00	9.80e-01	6.28e-08	3.61e-08
