#depth	Cl	Cl+	Cl+2	Cl+3	Cl+4	Cl+5	Cl+6	Cl+7	Cl+8	Cl+9	Cl+10	Cl+11	Cl+12	Cl+13	Cl+14	Cl+15	Cl+16	Cl+17
 4.62852e+21	0.00e+00	0.00e+00	0.00e+00	0.00e+00	0.00e+00	0.00e+00	0.00e+00	0.00e+00	7.88e-24	3.12e-20	5.14e-17	4.52e-14	2.06e-11	5.44e-09	1.48e-06	7.16e-04	4.62e-02	9.53e-01
 1.05328e+22	0.00e+00	0.00e+00	0.00e+00	0.00e+00	0.00e+00	0.00e+00	0.00e+00	2.79e-26	1.97e-22	5.41e-19	6.22e-16	3.79e-13	1.21e-10	2.23e-08	4.24e-06	1.44e-03	6.48e-02	9.34e-01
 1.26674e+22	0.00e+00	0.00e+00	0.00e+00	0.00e+00	0.00e+00	0.00e+00	1.48e-29	3.06e-25	1.69e-21	3.62e-18	3.26e-15	1.56e-12	3.89e-10	5.67e-08	8.51e-06	2.27e-03	8.08e-02	9.17e-01
 1.42132e+22	0.00e+00	0.00e+00	0.00e+00	0.00e+00	0.00e+00	0.00e+00	1.22e-28	2.06e-24	9.36e-21	1.65e-17	1.22e-14	4.79e-12	9.87e-10	1.19e-07	1.48e-05	3.27e-03	9.60e-02	9.01e-01
 1.50719e+22	0.00e+00	0.00e+00	0.00e+00	0.00e+00	0.00e+00	0.00e+00	2.08e-28	3.33e-24	1.44e-20	2.41e-17	1.70e-14	6.35e-12	1.25e-09	1.43e-07	1.70e-05	3.58e-03	1.00e-01	8.96e-01
 1.54670e+22	0.00e+00	0.00e+00	0.00e+00	0.00e+00	0.00e+00	0.00e+00	4.12e-28	6.20e-24	2.51e-20	3.94e-17	2.61e-14	9.16e-12	1.69e-09	1.83e-07	2.03e-05	4.03e-03	1.06e-01	8.90e-01
 1.58536e+22	0.00e+00	0.00e+00	0.00e+00	0.00e+00	0.00e+00	0.00e+00	6.80e-28	9.75e-24	3.76e-20	5.64e-17	3.56e-14	1.19e-11	2.10e-09	2.17e-07	2.31e-05	4.38e-03	1.10e-01	8.85e-01
 1.62295e+22	0.00e+00	0.00e+00	0.00e+00	0.00e+00	0.00e+00	0.00e+00	1.25e-27	1.69e-23	6.16e-20	8.73e-17	5.20e-14	1.65e-11	2.74e-09	2.69e-07	2.71e-05	4.86e-03	1.16e-01	8.79e-01
 1.65939e+22	0.00e+00	0.00e+00	0.00e+00	0.00e+00	0.00e+00	0.00e+00	2.08e-27	2.69e-23	9.32e-20	1.26e-16	7.16e-14	2.16e-11	3.43e-09	3.21e-07	3.09e-05	5.30e-03	1.20e-01	8.74e-01
 1.68786e+22	0.00e+00	0.00e+00	0.00e+00	0.00e+00	0.00e+00	3.50e-31	3.17e-27	3.93e-23	1.31e-19	1.70e-16	9.30e-14	2.70e-11	4.13e-09	3.72e-07	3.45e-05	5.69e-03	1.24e-01	8.70e-01
 1.71841e+22	0.00e+00	0.00e+00	0.00e+00	0.00e+00	0.00e+00	5.98e-31	5.18e-27	6.13e-23	1.95e-19	2.42e-16	1.26e-13	3.50e-11	5.12e-09	4.41e-07	3.91e-05	6.18e-03	1.29e-01	8.64e-01
 1.75189e+22	0.00e+00	0.00e+00	0.00e+00	0.00e+00	0.00e+00	1.02e-30	8.43e-27	9.52e-23	2.89e-19	3.42e-16	1.71e-13	4.53e-11	6.33e-09	5.23e-07	4.44e-05	6.71e-03	1.34e-01	8.59e-01
 1.78291e+22	0.00e+00	0.00e+00	0.00e+00	0.00e+00	0.00e+00	1.67e-30	1.33e-26	1.44e-22	4.19e-19	4.76e-16	2.27e-13	5.78e-11	7.74e-09	6.13e-07	4.99e-05	7.24e-03	1.39e-01	8.54e-01
 1.81223e+22	0.00e+00	0.00e+00	0.00e+00	0.00e+00	0.00e+00	2.73e-30	2.09e-26	2.16e-22	6.03e-19	6.56e-16	3.01e-13	7.33e-11	9.43e-09	7.17e-07	5.61e-05	7.81e-03	1.44e-01	8.48e-01
 1.84561e+22	0.00e+00	0.00e+00	0.00e+00	0.00e+00	0.00e+00	4.88e-30	3.57e-26	3.51e-22	9.30e-19	9.61e-16	4.19e-13	9.71e-11	1.19e-08	8.62e-07	6.43e-05	8.53e-03	1.50e-01	8.41e-01
 1.88058e+22	0.00e+00	0.00e+00	0.00e+00	0.00e+00	0.00e+00	8.48e-30	5.93e-26	5.56e-22	1.41e-18	1.38e-15	5.76e-13	1.27e-10	1.49e-08	1.03e-06	7.33e-05	9.29e-03	1.56e-01	8.35e-01
 1.91044e+22	0.00e+00	0.00e+00	0.00e+00	0.00e+00	0.00e+00	1.37e-29	9.23e-26	8.30e-22	2.01e-18	1.90e-15	7.59e-13	1.61e-10	1.80e-08	1.20e-06	8.21e-05	1.00e-02	1.61e-01	8.29e-01
 1.93630e+22	0.00e+00	0.00e+00	0.00e+00	0.00e+00	0.00e+00	2.09e-29	1.36e-25	1.18e-21	2.75e-18	2.51e-15	9.66e-13	1.98e-10	2.14e-08	1.37e-06	9.07e-05	1.07e-02	1.66e-01	8.23e-01
 1.96416e+22	0.00e+00	0.00e+00	0.00e+00	0.00e+00	0.00e+00	3.37e-29	2.11e-25	1.75e-21	3.93e-18	3.43e-15	1.27e-12	2.49e-10	2.58e-08	1.60e-06	1.01e-04	1.15e-02	1.71e-01	8.17e-01
 1.99431e+22	0.00e+00	0.00e+00	0.00e+00	0.00e+00	0.00e+00	5.42e-29	3.26e-25	2.60e-21	5.59e-18	4.69e-15	1.66e-12	3.14e-10	3.13e-08	1.86e-06	1.13e-04	1.23e-02	1.77e-01	8.11e-01
 2.02188e+22	0.00e+00	0.00e+00	0.00e+00	0.00e+00	0.00e+00	8.44e-29	4.90e-25	3.75e-21	7.77e-18	6.27e-15	2.14e-12	3.88e-10	3.73e-08	2.14e-06	1.26e-04	1.32e-02	1.82e-01	8.05e-01
 2.05215e+22	0.00e+00	0.00e+00	0.00e+00	0.00e+00	0.00e+00	1.44e-28	7.99e-25	5.85e-21	1.15e-17	8.90e-15	2.90e-12	5.03e-10	4.61e-08	2.53e-06	1.42e-04	1.42e-02	1.89e-01	7.97e-01
 2.08344e+22	0.00e+00	0.00e+00	0.00e+00	0.00e+00	0.00e+00	2.36e-28	1.26e-24	8.84e-21	1.67e-17	1.23e-14	3.85e-12	6.40e-10	5.63e-08	2.96e-06	1.60e-04	1.53e-02	1.95e-01	7.90e-01
 2.10967e+22	0.00e+00	0.00e+00	0.00e+00	0.00e+00	0.00e+00	3.58e-28	1.85e-24	1.25e-20	2.28e-17	1.62e-14	4.88e-12	7.82e-10	6.65e-08	3.37e-06	1.76e-04	1.63e-02	2.00e-01	7.83e-01
 2.13737e+22	0.00e+00	0.00e+00	0.00e+00	0.00e+00	0.00e+00	5.81e-28	2.88e-24	1.87e-20	3.26e-17	2.23e-14	6.43e-12	9.88e-10	8.06e-08	3.93e-06	1.97e-04	1.75e-02	2.06e-01	7.76e-01
 2.16713e+22	0.00e+00	0.00e+00	0.00e+00	0.00e+00	0.00e+00	9.27e-28	4.43e-24	2.75e-20	4.61e-17	3.02e-14	8.40e-12	1.24e-09	9.71e-08	4.55e-06	2.19e-04	1.88e-02	2.13e-01	7.68e-01
 2.19448e+22	0.00e+00	0.00e+00	0.00e+00	0.00e+00	1.70e-31	1.44e-27	6.63e-24	3.97e-20	6.40e-17	4.04e-14	1.08e-11	1.53e-09	1.16e-07	5.23e-06	2.42e-04	2.00e-02	2.19e-01	7.61e-01
 2.21922e+22	0.00e+00	0.00e+00	0.00e+00	0.00e+00	2.61e-31	2.14e-27	9.54e-24	5.51e-20	8.60e-17	5.24e-14	1.35e-11	1.86e-09	1.36e-07	5.92e-06	2.66e-04	2.12e-02	2.24e-01	7.54e-01
 2.24205e+22	0.00e+00	0.00e+00	0.00e+00	0.00e+00	3.88e-31	3.09e-27	1.34e-23	7.49e-20	1.13e-16	6.67e-14	1.67e-11	2.22e-09	1.57e-07	6.64e-06	2.89e-04	2.24e-02	2.29e-01	7.48e-01
 2.26811e+22	0.00e+00	0.00e+00	0.00e+00	0.00e+00	6.26e-31	4.82e-27	2.01e-23	1.08e-19	1.57e-16	8.92e-14	2.15e-11	2.74e-09	1.87e-07	7.62e-06	3.20e-04	2.39e-02	2.35e-01	7.40e-01
 2.29607e+22	0.00e+00	0.00e+00	0.00e+00	0.00e+00	1.01e-30	7.48e-27	3.01e-23	1.56e-19	2.18e-16	1.19e-13	2.76e-11	3.40e-09	2.23e-07	8.76e-06	3.54e-04	2.55e-02	2.42e-01	7.32e-01
 2.32124e+22	0.00e+00	0.00e+00	0.00e+00	0.00e+00	1.56e-30	1.12e-26	4.37e-23	2.18e-19	2.94e-16	1.55e-13	3.47e-11	4.13e-09	2.61e-07	9.94e-06	3.88e-04	2.70e-02	2.48e-01	7.25e-01
 2.34870e+22	0.00e+00	0.00e+00	0.00e+00	0.00e+00	2.62e-30	1.81e-26	6.79e-23	3.25e-19	4.20e-16	2.13e-13	4.56e-11	5.20e-09	3.16e-07	1.15e-05	4.33e-04	2.89e-02	2.55e-01	7.16e-01
 2.37655e+22	0.00e+00	0.00e+00	0.00e+00	0.00e+00	4.17e-30	2.78e-26	1.01e-22	4.65e-19	5.79e-16	2.82e-13	5.83e-11	6.40e-09	3.75e-07	1.32e-05	4.77e-04	3.08e-02	2.61e-01	7.08e-01
 2.39988e+22	0.00e+00	0.00e+00	0.00e+00	0.00e+00	6.25e-30	4.05e-26	1.42e-22	6.35e-19	7.64e-16	3.60e-13	7.21e-11	7.67e-09	4.35e-07	1.48e-05	5.20e-04	3.25e-02	2.67e-01	7.00e-01
 2.42519e+22	0.00e+00	0.00e+00	0.00e+00	0.00e+00	4.50e-30	2.82e-26	9.54e-23	9.13e-19	1.06e-15	4.80e-13	9.24e-11	9.46e-09	5.16e-07	1.70e-05	5.73e-04	3.45e-02	2.74e-01	6.91e-01
 2.45243e+22	0.00e+00	0.00e+00	0.00e+00	0.00e+00	1.60e-29	9.65e-26	3.15e-22	1.31e-18	1.46e-15	6.37e-13	1.18e-10	1.16e-08	6.12e-07	1.94e-05	6.32e-04	3.67e-02	2.80e-01	6.82e-01
 2.47733e+22	0.00e+00	0.00e+00	0.00e+00	0.00e+00	1.10e-29	6.43e-26	2.03e-22	1.81e-18	1.95e-15	8.24e-13	1.48e-10	1.41e-08	7.15e-07	2.19e-05	6.90e-04	3.88e-02	2.86e-01	6.74e-01
 2.50481e+22	0.00e+00	0.00e+00	0.00e+00	0.00e+00	1.83e-29	1.03e-25	3.14e-22	2.68e-18	2.77e-15	1.12e-12	1.93e-10	1.76e-08	8.61e-07	2.54e-05	7.67e-04	4.14e-02	2.94e-01	6.64e-01
 2.53229e+22	0.00e+00	0.00e+00	0.00e+00	0.00e+00	2.88e-29	1.57e-25	4.61e-22	3.80e-18	3.78e-15	1.48e-12	2.45e-10	2.16e-08	1.02e-06	2.89e-05	8.43e-04	4.39e-02	3.00e-01	6.55e-01
 2.55480e+22	0.00e+00	0.00e+00	0.00e+00	0.00e+00	4.26e-29	2.25e-25	6.42e-22	5.12e-18	4.94e-15	1.87e-12	3.00e-10	2.57e-08	1.17e-06	3.23e-05	9.13e-04	4.61e-02	3.06e-01	6.47e-01
 2.57910e+22	0.00e+00	0.00e+00	0.00e+00	0.00e+00	6.70e-29	3.42e-25	9.43e-22	7.25e-18	6.75e-15	2.46e-12	3.81e-10	3.14e-08	1.38e-06	3.67e-05	1.00e-03	4.88e-02	3.12e-01	6.38e-01
 2.60549e+22	0.00e+00	0.00e+00	0.00e+00	0.00e+00	1.06e-28	5.23e-25	1.39e-21	1.03e-17	9.23e-15	3.24e-12	4.84e-10	3.84e-08	1.63e-06	4.18e-05	1.10e-03	5.17e-02	3.19e-01	6.28e-01
 2.62982e+22	0.00e+00	0.00e+00	0.00e+00	0.00e+00	1.59e-28	7.63e-25	1.97e-21	1.41e-17	1.22e-14	4.15e-12	6.00e-10	4.61e-08	1.89e-06	4.69e-05	1.20e-03	5.45e-02	3.25e-01	6.19e-01
 2.65666e+22	0.00e+00	0.00e+00	0.00e+00	0.00e+00	2.63e-28	1.21e-24	3.00e-21	2.07e-17	1.72e-14	5.61e-12	7.79e-10	5.74e-08	2.26e-06	5.40e-05	1.32e-03	5.79e-02	3.32e-01	6.08e-01
 2.68371e+22	0.00e+00	0.00e+00	0.00e+00	0.00e+00	4.10e-28	1.83e-24	4.38e-21	2.91e-17	2.33e-14	7.35e-12	9.83e-10	7.00e-08	2.66e-06	6.13e-05	1.45e-03	6.12e-02	3.39e-01	5.98e-01
 2.70618e+22	0.00e+00	0.00e+00	0.00e+00	8.52e-32	6.06e-28	2.62e-24	6.08e-21	3.92e-17	3.05e-14	9.31e-12	1.21e-09	8.32e-08	3.07e-06	6.84e-05	1.57e-03	6.42e-02	3.45e-01	5.90e-01
 2.73056e+22	0.00e+00	0.00e+00	0.00e+00	1.39e-31	9.54e-28	3.98e-24	8.95e-21	5.55e-17	4.16e-14	1.22e-11	1.53e-09	1.02e-07	3.61e-06	7.77e-05	1.72e-03	6.79e-02	3.51e-01	5.79e-01
 2.75686e+22	0.00e+00	0.00e+00	0.00e+00	2.26e-31	1.50e-27	6.05e-24	1.31e-20	7.84e-17	5.67e-14	1.61e-11	1.94e-09	1.24e-07	4.26e-06	8.83e-05	1.88e-03	7.17e-02	3.58e-01	5.69e-01
 2.78087e+22	0.00e+00	0.00e+00	0.00e+00	3.49e-31	2.25e-27	8.79e-24	1.85e-20	1.07e-16	7.48e-14	2.05e-11	2.39e-09	1.48e-07	4.92e-06	9.88e-05	2.04e-03	7.52e-02	3.63e-01	5.59e-01
 2.80730e+22	0.00e+00	0.00e+00	0.00e+00	6.12e-31	3.78e-27	1.42e-23	2.86e-20	1.59e-16	1.07e-13	2.81e-11	3.14e-09	1.87e-07	5.94e-06	1.14e-04	2.26e-03	8.01e-02	3.71e-01	5.47e-01
 2.83320e+22	0.00e+00	0.00e+00	0.00e+00	9.47e-31	5.67e-27	2.06e-23	4.03e-20	2.17e-16	1.41e-13	3.59e-11	3.88e-09	2.24e-07	6.88e-06	1.28e-04	2.45e-03	8.40e-02	3.76e-01	5.37e-01
 2.85494e+22	0.00e+00	0.00e+00	0.00e+00	1.43e-30	8.29e-27	2.93e-23	5.55e-20	2.90e-16	1.83e-13	4.51e-11	4.74e-09	2.64e-07	7.88e-06	1.42e-04	2.64e-03	8.78e-02	3.81e-01	5.28e-01
 2.87974e+22	0.00e+00	0.00e+00	0.00e+00	2.35e-30	1.32e-26	4.49e-23	8.20e-20	4.13e-16	2.51e-13	5.96e-11	6.03e-09	3.24e-07	9.31e-06	1.62e-04	2.90e-03	9.27e-02	3.88e-01	5.17e-01
 2.90610e+22	0.00e+00	0.00e+00	0.00e+00	3.84e-30	2.08e-26	6.83e-23	1.20e-19	5.84e-16	3.42e-13	7.85e-11	7.65e-09	3.96e-07	1.10e-05	1.84e-04	3.17e-03	9.77e-02	3.93e-01	5.05e-01
 2.92960e+22	0.00e+00	0.00e+00	0.00e+00	3.23e-30	1.69e-26	5.39e-23	1.68e-19	7.92e-16	4.49e-13	9.98e-11	9.42e-09	4.73e-07	1.27e-05	2.05e-04	3.43e-03	1.02e-01	3.99e-01	4.95e-01
 2.95529e+22	0.00e+00	0.00e+00	0.00e+00	1.02e-29	5.13e-26	1.57e-22	2.57e-19	1.16e-15	6.34e-13	1.35e-10	1.23e-08	5.90e-07	1.52e-05	2.36e-04	3.78e-03	1.08e-01	4.05e-01	4.83e-01
 2.98068e+22	0.00e+00	0.00e+00	0.00e+00	8.60e-30	4.20e-26	1.24e-22	3.60e-19	1.58e-15	8.34e-13	1.72e-10	1.51e-08	7.06e-07	1.76e-05	2.64e-04	4.09e-03	1.13e-01	4.10e-01	4.73e-01
 3.00214e+22	0.00e+00	0.00e+00	0.00e+00	1.28e-29	6.09e-26	1.75e-22	4.91e-19	2.10e-15	1.07e-12	2.16e-10	1.84e-08	8.31e-07	2.01e-05	2.93e-04	4.39e-03	1.18e-01	4.14e-01	4.63e-01
 3.02648e+22	0.00e+00	0.00e+00	0.00e+00	2.13e-29	9.71e-26	2.69e-22	7.25e-19	2.99e-15	1.48e-12	2.86e-10	2.34e-08	1.02e-06	2.37e-05	3.33e-04	4.80e-03	1.24e-01	4.19e-01	4.51e-01
 3.05195e+22	0.00e+00	0.00e+00	0.00e+00	3.41e-29	1.50e-25	4.01e-22	1.04e-18	4.16e-15	1.99e-12	3.71e-10	2.94e-08	1.24e-06	2.78e-05	3.75e-04	5.22e-03	1.30e-01	4.24e-01	4.40e-01
 3.07466e+22	0.00e+00	0.00e+00	0.00e+00	5.27e-29	2.24e-25	5.79e-22	1.46e-18	5.63e-15	2.61e-12	4.72e-10	3.62e-08	1.48e-06	3.21e-05	4.19e-04	5.64e-03	1.36e-01	4.28e-01	4.29e-01
 3.09992e+22	0.00e+00	0.00e+00	0.00e+00	8.86e-29	3.63e-25	9.01e-22	2.17e-18	8.11e-15	3.62e-12	6.30e-10	4.65e-08	1.83e-06	3.81e-05	4.78e-04	6.18e-03	1.43e-01	4.33e-01	4.17e-01
 3.12652e+22	0.00e+00	0.00e+00	0.00e+00	1.48e-28	5.83e-25	1.39e-21	3.22e-18	1.16e-14	4.99e-12	8.39e-10	5.96e-08	2.25e-06	4.53e-05	5.45e-04	6.76e-03	1.51e-01	4.37e-01	4.05e-01
 3.14870e+22	0.00e+00	0.00e+00	0.00e+00	2.22e-28	8.47e-25	1.96e-21	4.38e-18	1.54e-14	6.43e-12	1.05e-09	7.24e-08	2.66e-06	5.17e-05	6.03e-04	7.25e-03	1.57e-01	4.40e-01	3.95e-01
 3.17140e+22	0.00e+00	0.00e+00	0.00e+00	3.61e-28	1.32e-24	2.94e-21	6.33e-18	2.15e-14	8.70e-12	1.37e-09	9.15e-08	3.24e-06	6.08e-05	6.82e-04	7.89e-03	1.64e-01	4.44e-01	3.83e-01
 3.19538e+22	0.00e+00	0.00e+00	4.41e-32	5.60e-28	1.99e-24	4.26e-21	8.87e-18	2.93e-14	1.15e-11	1.75e-09	1.13e-07	3.87e-06	7.03e-05	7.61e-04	8.51e-03	1.71e-01	4.47e-01	3.73e-01
 3.21755e+22	0.00e+00	0.00e+00	7.09e-32	8.70e-28	2.98e-24	6.17e-21	1.24e-17	3.97e-14	1.51e-11	2.23e-09	1.40e-07	4.63e-06	8.14e-05	8.50e-04	9.18e-03	1.78e-01	4.50e-01	3.62e-01
 3.23946e+22	0.00e+00	0.00e+00	1.14e-31	1.35e-27	4.45e-24	8.90e-21	1.72e-17	5.37e-14	1.98e-11	2.85e-09	1.72e-07	5.54e-06	9.41e-05	9.49e-04	9.89e-03	1.86e-01	4.52e-01	3.52e-01
 3.26450e+22	0.00e+00	0.00e+00	2.01e-31	2.29e-27	7.24e-24	1.39e-20	2.56e-17	7.74e-14	2.75e-11	3.81e-09	2.22e-07	6.87e-06	1.12e-04	1.08e-03	1.08e-02	1.95e-01	4.54e-01	3.39e-01
 3.28939e+22	0.00e+00	0.00e+00	3.33e-31	3.65e-27	1.11e-23	2.04e-20	3.64e-17	1.07e-13	3.68e-11	4.93e-09	2.78e-07	8.31e-06	1.31e-04	1.22e-03	1.17e-02	2.03e-01	4.56e-01	3.28e-01
 3.30948e+22	0.00e+00	0.00e+00	5.10e-31	5.42e-27	1.60e-23	2.85e-20	4.90e-17	1.40e-13	4.70e-11	6.13e-09	3.36e-07	9.76e-06	1.49e-04	1.34e-03	1.25e-02	2.10e-01	4.57e-01	3.18e-01
 3.33102e+22	0.00e+00	0.00e+00	8.49e-31	8.70e-27	2.46e-23	4.22e-20	6.97e-17	1.94e-13	6.30e-11	7.96e-09	4.21e-07	1.18e-05	1.74e-04	1.51e-03	1.35e-02	2.19e-01	4.59e-01	3.07e-01
 3.35389e+22	0.00e+00	0.00e+00	1.36e-30	1.35e-26	3.68e-23	6.07e-20	9.66e-17	2.62e-13	8.27e-11	1.01e-08	5.19e-07	1.41e-05	2.01e-04	1.68e-03	1.45e-02	2.27e-01	4.59e-01	2.97e-01
 3.37484e+22	0.00e+00	0.00e+00	2.15e-30	2.05e-26	5.41e-23	8.61e-20	1.32e-16	3.49e-13	1.07e-10	1.28e-08	6.35e-07	1.68e-05	2.31e-04	1.86e-03	1.56e-02	2.35e-01	4.60e-01	2.87e-01
 3.39845e+22	0.00e+00	0.00e+00	3.80e-30	3.48e-26	8.76e-23	1.33e-19	1.95e-16	5.00e-13	1.48e-10	1.70e-08	8.17e-07	2.08e-05	2.75e-04	2.12e-03	1.70e-02	2.46e-01	4.60e-01	2.75e-01
 3.42178e+22	0.00e+00	0.00e+00	6.11e-30	5.39e-26	1.31e-22	1.91e-19	2.69e-16	6.73e-13	1.94e-10	2.17e-08	1.01e-06	2.48e-05	3.18e-04	2.36e-03	1.82e-02	2.54e-01	4.59e-01	2.65e-01
 3.44108e+22	0.00e+00	0.00e+00	9.23e-30	7.90e-26	1.85e-22	2.62e-19	3.57e-16	8.74e-13	2.46e-10	2.67e-08	1.21e-06	2.90e-05	3.61e-04	2.59e-03	1.94e-02	2.62e-01	4.59e-01	2.57e-01
 3.46249e+22	0.00e+00	0.00e+00	1.57e-29	1.29e-25	2.89e-22	3.92e-19	5.10e-16	1.22e-12	3.32e-10	3.49e-08	1.53e-06	3.54e-05	4.23e-04	2.92e-03	2.09e-02	2.72e-01	4.57e-01	2.46e-01
 3.48452e+22	0.00e+00	0.00e+00	2.45e-29	1.94e-25	4.21e-22	5.50e-19	6.91e-16	1.61e-12	4.28e-10	4.38e-08	1.86e-06	4.18e-05	4.84e-04	3.22e-03	2.23e-02	2.81e-01	4.56e-01	2.37e-01
 3.50737e+22	0.00e+00	0.00e+00	4.28e-29	3.25e-25	6.74e-22	8.42e-19	1.01e-15	2.28e-12	5.88e-10	5.81e-08	2.38e-06	5.15e-05	5.73e-04	3.65e-03	2.42e-02	2.92e-01	4.54e-01	2.26e-01
 3.53044e+22	0.00e+00	0.00e+00	6.94e-29	5.08e-25	1.01e-21	1.21e-18	1.39e-15	3.08e-12	7.72e-10	7.41e-08	2.94e-06	6.17e-05	6.63e-04	4.06e-03	2.59e-02	3.01e-01	4.51e-01	2.17e-01
 3.54946e+22	0.00e+00	0.00e+00	1.04e-28	7.37e-25	1.42e-21	1.64e-18	1.83e-15	3.96e-12	9.71e-10	9.09e-08	3.51e-06	7.17e-05	7.48e-04	4.43e-03	2.74e-02	3.09e-01	4.49e-01	2.09e-01
 3.56985e+22	0.00e+00	0.00e+00	1.73e-28	1.18e-24	2.17e-21	2.41e-18	2.57e-15	5.43e-12	1.29e-09	1.17e-07	4.38e-06	8.65e-05	8.71e-04	4.95e-03	2.94e-02	3.19e-01	4.46e-01	1.99e-01
 3.59122e+22	0.00e+00	0.00e+00	2.68e-28	1.76e-24	3.14e-21	3.36e-18	3.45e-15	7.14e-12	1.66e-09	1.46e-07	5.31e-06	1.02e-04	9.93e-04	5.45e-03	3.13e-02	3.28e-01	4.43e-01	1.91e-01
 3.61385e+22	0.00e+00	1.77e-32	4.69e-28	2.95e-24	5.02e-21	5.12e-18	5.01e-15	1.01e-11	2.27e-09	1.94e-07	6.78e-06	1.25e-04	1.17e-03	6.15e-03	3.37e-02	3.39e-01	4.38e-01	1.81e-01
 3.63624e+22	0.00e+00	2.92e-32	7.44e-28	4.51e-24	7.37e-21	7.23e-18	6.79e-15	1.34e-11	2.94e-09	2.45e-07	8.30e-06	1.49e-04	1.34e-03	6.80e-03	3.59e-02	3.49e-01	4.34e-01	1.73e-01
 3.65488e+22	0.00e+00	4.55e-32	1.12e-27	6.58e-24	1.04e-20	9.83e-18	8.91e-15	1.73e-11	3.71e-09	3.01e-07	9.92e-06	1.73e-04	1.52e-03	7.42e-03	3.79e-02	3.57e-01	4.30e-01	1.66e-01
 3.67566e+22	0.00e+00	7.95e-32	1.88e-27	1.06e-23	1.59e-20	1.44e-17	1.25e-14	2.38e-11	4.95e-09	3.89e-07	1.24e-05	2.09e-04	1.77e-03	8.27e-03	4.06e-02	3.67e-01	4.24e-01	1.58e-01
 3.69735e+22	0.00e+00	1.31e-31	2.97e-27	1.61e-23	2.34e-20	2.04e-17	1.69e-14	3.15e-11	6.41e-09	4.90e-07	1.52e-05	2.48e-04	2.02e-03	9.12e-03	4.31e-02	3.76e-01	4.19e-01	1.50e-01
 3.71655e+22	0.00e+00	2.09e-31	4.58e-27	2.40e-23	3.35e-20	2.80e-17	2.24e-14	4.10e-11	8.15e-09	6.08e-07	1.83e-05	2.91e-04	2.30e-03	9.99e-03	4.55e-02	3.84e-01	4.14e-01	1.43e-01
 3.73785e+22	0.00e+00	3.70e-31	7.74e-27	3.89e-23	5.19e-20	4.15e-17	3.17e-14	5.67e-11	1.09e-08	7.91e-07	2.30e-05	3.52e-04	2.68e-03	1.11e-02	4.87e-02	3.94e-01	4.07e-01	1.35e-01
 3.75990e+22	0.00e+00	6.21e-31	1.25e-26	6.02e-23	7.70e-20	5.90e-17	4.31e-14	7.57e-11	1.43e-08	1.00e-06	2.83e-05	4.20e-04	3.08e-03	1.23e-02	5.17e-02	4.03e-01	4.01e-01	1.28e-01
 3.77934e+22	0.00e+00	9.92e-31	1.92e-26	8.95e-23	1.10e-19	8.12e-17	5.71e-14	9.86e-11	1.82e-08	1.25e-06	3.41e-05	4.91e-04	3.49e-03	1.34e-02	5.45e-02	4.11e-01	3.95e-01	1.22e-01
 3.80103e+22	0.00e+00	1.78e-30	3.29e-26	1.46e-22	1.72e-19	1.21e-16	8.10e-14	1.37e-10	2.45e-08	1.63e-06	4.30e-05	5.97e-04	4.07e-03	1.50e-02	5.81e-02	4.21e-01	3.87e-01	1.14e-01
 3.82387e+22	0.00e+00	3.06e-30	5.42e-26	2.31e-22	2.60e-19	1.74e-16	1.12e-13	1.85e-10	3.24e-08	2.09e-06	5.33e-05	7.16e-04	4.70e-03	1.66e-02	6.16e-02	4.30e-01	3.79e-01	1.08e-01
 3.84304e+22	0.00e+00	4.75e-30	8.14e-26	3.36e-22	3.63e-19	2.35e-16	1.45e-13	2.37e-10	4.06e-08	2.56e-06	6.35e-05	8.30e-04	5.28e-03	1.80e-02	6.46e-02	4.36e-01	3.72e-01	1.02e-01
 3.86277e+22	0.00e+00	8.13e-30	1.33e-25	5.28e-22	5.46e-19	3.37e-16	1.99e-13	3.20e-10	5.34e-08	3.27e-06	7.86e-05	9.92e-04	6.07e-03	1.99e-02	6.84e-02	4.44e-01	3.64e-01	9.62e-02
 3.88328e+22	0.00e+00	1.29e-29	2.05e-25	7.81e-22	7.78e-19	4.62e-16	2.62e-13	4.15e-10	6.78e-08	4.04e-06	9.44e-05	1.16e-03	6.85e-03	2.16e-02	7.18e-02	4.51e-01	3.57e-01	9.11e-02
 3.90191e+22	0.00e+00	2.11e-29	3.20e-25	1.17e-21	1.12e-18	6.37e-16	3.45e-13	5.41e-10	8.67e-08	5.05e-06	1.15e-04	1.36e-03	7.79e-03	2.36e-02	7.54e-02	4.57e-01	3.49e-01	8.58e-02
 3.91844e+22	0.00e+00	3.12e-29	4.59e-25	1.63e-21	1.51e-18	8.28e-16	4.33e-13	6.72e-10	1.06e-07	6.04e-06	1.34e-04	1.55e-03	8.62e-03	2.53e-02	7.84e-02	4.62e-01	3.42e-01	8.17e-02
 3.93514e+22	0.00e+00	4.87e-29	6.90e-25	2.37e-21	2.11e-18	1.11e-15	5.61e-13	8.59e-10	1.33e-07	7.39e-06	1.59e-04	1.79e-03	9.66e-03	2.74e-02	8.19e-02	4.67e-01	3.34e-01	7.73e-02
 3.95300e+22	0.00e+00	7.47e-29	1.02e-24	3.39e-21	2.90e-18	1.48e-15	7.17e-13	1.09e-09	1.65e-07	8.98e-06	1.88e-04	2.06e-03	1.08e-02	2.95e-02	8.53e-02	4.72e-01	3.27e-01	7.31e-02
 3.96808e+22	0.00e+00	1.06e-28	1.41e-24	4.56e-21	3.78e-18	1.87e-15	8.75e-13	1.32e-09	1.97e-07	1.05e-05	2.16e-04	2.32e-03	1.18e-02	3.14e-02	8.82e-02	4.76e-01	3.21e-01	6.98e-02
 3.98121e+22	0.00e+00	1.50e-28	1.94e-24	6.07e-21	4.89e-18	2.34e-15	1.06e-12	1.59e-09	2.34e-07	1.23e-05	2.47e-04	2.59e-03	1.29e-02	3.33e-02	9.11e-02	4.79e-01	3.14e-01	6.67e-02
 3.99614e+22	0.00e+00	2.25e-28	2.82e-24	8.53e-21	6.63e-18	3.06e-15	1.34e-12	1.98e-09	2.88e-07	1.48e-05	2.90e-04	2.96e-03	1.43e-02	3.57e-02	9.45e-02	4.82e-01	3.07e-01	6.31e-02
 4.01175e+22	0.00e+00	3.27e-28	3.96e-24	1.16e-20	8.74e-18	3.90e-15	1.65e-12	2.43e-09	3.47e-07	1.75e-05	3.35e-04	3.34e-03	1.57e-02	3.81e-02	9.76e-02	4.85e-01	3.00e-01	5.99e-02
 4.02495e+22	0.00e+00	4.54e-28	5.34e-24	1.53e-20	1.11e-17	4.81e-15	1.98e-12	2.89e-09	4.08e-07	2.03e-05	3.80e-04	3.71e-03	1.70e-02	4.02e-02	1.00e-01	4.87e-01	2.94e-01	5.72e-02
 4.03692e+22	0.00e+00	6.24e-28	7.15e-24	1.99e-20	1.41e-17	5.91e-15	2.36e-12	3.44e-09	4.79e-07	2.34e-05	4.30e-04	4.12e-03	1.84e-02	4.24e-02	1.03e-01	4.89e-01	2.87e-01	5.46e-02
 4.05058e+22	0.00e+00	9.24e-28	1.02e-23	2.75e-20	1.88e-17	7.60e-15	2.92e-12	4.24e-09	5.83e-07	2.80e-05	5.01e-04	4.67e-03	2.03e-02	4.52e-02	1.07e-01	4.91e-01	2.80e-01	5.16e-02
 4.06457e+22	0.00e+00	1.29e-27	1.39e-23	3.63e-20	2.40e-17	9.41e-15	3.51e-12	5.07e-09	6.88e-07	3.25e-05	5.69e-04	5.20e-03	2.20e-02	4.78e-02	1.10e-01	4.93e-01	2.73e-01	4.91e-02
 4.07642e+22	0.00e+00	1.75e-27	1.84e-23	4.67e-20	3.01e-17	1.14e-14	4.14e-12	5.97e-09	8.01e-07	3.73e-05	6.41e-04	5.73e-03	2.37e-02	5.02e-02	1.12e-01	4.93e-01	2.67e-01	4.69e-02
 4.08744e+22	0.00e+00	2.35e-27	2.40e-23	5.95e-20	3.73e-17	1.38e-14	4.85e-12	6.97e-09	9.27e-07	4.25e-05	7.17e-04	6.29e-03	2.55e-02	5.26e-02	1.15e-01	4.94e-01	2.61e-01	4.48e-02
 4.09996e+22	0.00e+00	3.36e-27	3.33e-23	8.01e-20	4.85e-17	1.73e-14	5.89e-12	8.44e-09	1.11e-06	4.99e-05	8.23e-04	7.05e-03	2.78e-02	5.57e-02	1.18e-01	4.94e-01	2.54e-01	4.24e-02
 4.11289e+22	0.00e+00	4.62e-27	4.45e-23	1.04e-19	6.11e-17	2.12e-14	6.98e-12	9.98e-09	1.30e-06	5.75e-05	9.29e-04	7.79e-03	3.00e-02	5.85e-02	1.21e-01	4.94e-01	2.48e-01	4.03e-02
 4.12439e+22	0.00e+00	6.23e-27	5.84e-23	1.33e-19	7.60e-17	2.56e-14	8.19e-12	1.17e-08	1.50e-06	6.57e-05	1.04e-03	8.55e-03	3.22e-02	6.13e-02	1.23e-01	4.94e-01	2.42e-01	3.84e-02
 4.13736e+22	0.00e+00	9.32e-27	8.43e-23	1.85e-19	1.01e-16	3.28e-14	1.01e-11	1.44e-08	1.83e-06	7.85e-05	1.21e-03	9.71e-03	3.54e-02	6.52e-02	1.27e-01	4.92e-01	2.33e-01	3.59e-02
 4.15020e+22	0.00e+00	1.26e-26	1.11e-22	2.37e-19	1.26e-16	3.95e-14	1.18e-11	1.69e-08	2.12e-06	8.96e-05	1.36e-03	1.06e-02	3.80e-02	6.81e-02	1.29e-01	4.91e-01	2.27e-01	3.42e-02
 4.16287e+22	0.00e+00	1.90e-26	1.61e-22	3.32e-19	1.69e-16	5.08e-14	1.45e-11	2.09e-08	2.60e-06	1.08e-04	1.59e-03	1.21e-02	4.19e-02	7.25e-02	1.32e-01	4.89e-01	2.19e-01	3.18e-02
 4.17471e+22	0.00e+00	2.48e-26	2.05e-22	4.11e-19	2.05e-16	5.97e-14	1.67e-11	2.39e-08	2.96e-06	1.21e-04	1.76e-03	1.31e-02	4.45e-02	7.53e-02	1.34e-01	4.87e-01	2.13e-01	3.04e-02
 4.18546e+22	0.00e+00	3.45e-26	2.77e-22	5.39e-19	2.59e-16	7.31e-14	1.97e-11	2.84e-08	3.47e-06	1.40e-04	1.99e-03	1.45e-02	4.80e-02	7.90e-02	1.37e-01	4.84e-01	2.06e-01	2.86e-02
 4.19677e+22	0.00e+00	4.65e-26	3.64e-22	6.86e-19	3.20e-16	8.75e-14	2.29e-11	3.31e-08	4.02e-06	1.60e-04	2.22e-03	1.59e-02	5.14e-02	8.24e-02	1.39e-01	4.81e-01	2.00e-01	2.71e-02
 4.20709e+22	0.00e+00	6.24e-26	4.74e-22	8.70e-19	3.94e-16	1.04e-13	2.64e-11	3.84e-08	4.63e-06	1.82e-04	2.48e-03	1.74e-02	5.49e-02	8.58e-02	1.41e-01	4.78e-01	1.94e-01	2.56e-02
 4.21883e+22	0.00e+00	9.13e-26	6.69e-22	1.18e-18	5.14e-16	1.31e-13	3.18e-11	4.66e-08	5.56e-06	2.14e-04	2.85e-03	1.95e-02	5.97e-02	9.03e-02	1.44e-01	4.73e-01	1.86e-01	2.39e-02
 4.23057e+22	0.00e+00	1.23e-25	8.77e-22	1.50e-18	6.34e-16	1.56e-13	3.68e-11	5.42e-08	6.42e-06	2.44e-04	3.19e-03	2.13e-02	6.38e-02	9.40e-02	1.46e-01	4.69e-01	1.80e-01	2.25e-02
 4.24231e+22	0.00e+00	1.83e-25	1.26e-21	2.07e-18	8.34e-16	1.96e-13	4.43e-11	6.60e-08	7.75e-06	2.90e-04	3.69e-03	2.40e-02	6.95e-02	9.89e-02	1.48e-01	4.63e-01	1.72e-01	2.08e-02
 4.25387e+22	0.00e+00	2.43e-25	1.62e-21	2.59e-18	1.02e-15	2.32e-13	5.08e-11	7.60e-08	8.87e-06	3.27e-04	4.08e-03	2.60e-02	7.38e-02	1.02e-01	1.50e-01	4.58e-01	1.66e-01	1.96e-02
 4.26518e+22	0.00e+00	3.60e-25	2.31e-21	3.55e-18	1.33e-15	2.89e-13	6.07e-11	9.22e-08	1.07e-05	3.87e-04	4.71e-03	2.92e-02	8.02e-02	1.08e-01	1.52e-01	4.50e-01	1.58e-01	1.81e-02
 4.27647e+22	0.00e+00	4.77e-25	2.98e-21	4.45e-18	1.62e-15	3.41e-13	6.94e-11	1.06e-07	1.22e-05	4.37e-04	5.21e-03	3.16e-02	8.50e-02	1.11e-01	1.53e-01	4.44e-01	1.52e-01	1.70e-02
 4.28770e+22	0.00e+00	7.10e-25	4.25e-21	6.09e-18	2.11e-15	4.25e-13	8.28e-11	1.29e-07	1.47e-05	5.17e-04	6.01e-03	3.54e-02	9.22e-02	1.16e-01	1.54e-01	4.35e-01	1.44e-01	1.56e-02
 4.29897e+22	0.00e+00	9.50e-25	5.53e-21	7.67e-18	2.58e-15	5.02e-13	9.45e-11	1.48e-07	1.68e-05	5.85e-04	6.66e-03	3.84e-02	9.77e-02	1.20e-01	1.55e-01	4.28e-01	1.38e-01	1.46e-02
 4.31026e+22	0.00e+00	1.42e-24	7.95e-21	1.05e-17	3.38e-15	6.26e-13	1.13e-10	1.80e-07	2.03e-05	6.94e-04	7.68e-03	4.30e-02	1.06e-01	1.26e-01	1.56e-01	4.18e-01	1.30e-01	1.33e-02
 4.32160e+22	0.00e+00	1.92e-24	1.04e-20	1.33e-17	4.13e-15	7.39e-13	1.28e-10	2.07e-07	2.33e-05	7.85e-04	8.51e-03	4.66e-02	1.12e-01	1.29e-01	1.56e-01	4.10e-01	1.24e-01	1.23e-02
 4.33301e+22	0.00e+00	2.88e-24	1.49e-20	1.83e-17	5.41e-15	9.21e-13	1.53e-10	2.51e-07	2.80e-05	9.28e-04	9.79e-03	5.19e-02	1.21e-01	1.34e-01	1.57e-01	3.98e-01	1.17e-01	1.12e-02
 4.34401e+22	0.00e+00	3.81e-24	1.92e-20	2.29e-17	6.54e-15	1.07e-12	1.72e-10	2.87e-07	3.19e-05	1.04e-03	1.08e-02	5.59e-02	1.27e-01	1.38e-01	1.57e-01	3.89e-01	1.11e-01	1.04e-02
 4.35451e+22	0.00e+00	5.55e-24	2.69e-20	3.06e-17	8.37e-15	1.31e-12	2.01e-10	3.41e-07	3.77e-05	1.21e-03	1.22e-02	6.16e-02	1.36e-01	1.42e-01	1.56e-01	3.77e-01	1.04e-01	9.43e-03
 4.36519e+22	0.00e+00	7.48e-24	3.51e-20	3.87e-17	1.02e-14	1.54e-12	2.28e-10	3.92e-07	4.31e-05	1.37e-03	1.35e-02	6.64e-02	1.43e-01	1.46e-01	1.56e-01	3.67e-01	9.87e-02	8.70e-03
 4.37611e+22	0.00e+00	1.11e-23	4.98e-20	5.24e-17	1.32e-14	1.89e-12	2.67e-10	4.68e-07	5.12e-05	1.60e-03	1.53e-02	7.32e-02	1.52e-01	1.50e-01	1.54e-01	3.53e-01	9.17e-02	7.81e-03
 4.38722e+22	0.00e+00	1.51e-23	6.58e-20	6.67e-17	1.61e-14	2.22e-12	3.02e-10	5.38e-07	5.86e-05	1.81e-03	1.70e-02	7.89e-02	1.60e-01	1.54e-01	1.53e-01	3.42e-01	8.63e-02	7.14e-03
 4.39857e+22	0.00e+00	2.27e-23	9.46e-20	9.13e-17	2.10e-14	2.75e-12	3.55e-10	6.44e-07	6.98e-05	2.12e-03	1.93e-02	8.68e-02	1.70e-01	1.57e-01	1.51e-01	3.27e-01	7.95e-02	6.34e-03
 4.40999e+22	0.00e+00	3.11e-23	1.25e-19	1.16e-16	2.58e-14	3.23e-12	4.02e-10	7.40e-07	7.98e-05	2.39e-03	2.13e-02	9.33e-02	1.78e-01	1.60e-01	1.49e-01	3.15e-01	7.43e-02	5.76e-03
 4.42152e+22	0.00e+00	4.70e-23	1.81e-19	1.60e-16	3.36e-14	3.99e-12	4.72e-10	8.83e-07	9.48e-05	2.79e-03	2.41e-02	1.02e-01	1.89e-01	1.63e-01	1.46e-01	2.99e-01	6.79e-02	5.07e-03
 4.43277e+22	0.00e+00	6.31e-23	2.35e-19	2.01e-16	4.06e-14	4.65e-12	5.29e-10	1.00e-06	1.07e-04	3.11e-03	2.63e-02	1.09e-01	1.96e-01	1.65e-01	1.44e-01	2.88e-01	6.35e-02	4.61e-03
 4.44369e+22	0.00e+00	9.31e-23	3.32e-19	2.70e-16	5.21e-14	5.66e-12	6.14e-10	1.18e-06	1.25e-04	3.58e-03	2.95e-02	1.18e-01	2.06e-01	1.68e-01	1.41e-01	2.73e-01	5.80e-02	4.06e-03
 4.45480e+22	0.00e+00	1.26e-22	4.34e-19	3.40e-16	6.32e-14	6.60e-12	6.90e-10	1.33e-06	1.41e-04	3.98e-03	3.21e-02	1.25e-01	2.13e-01	1.69e-01	1.38e-01	2.61e-01	5.39e-02	3.66e-03
 4.46617e+22	0.00e+00	1.87e-22	6.17e-19	4.61e-16	8.15e-14	8.07e-12	8.03e-10	1.57e-06	1.64e-04	4.58e-03	3.59e-02	1.35e-01	2.23e-01	1.70e-01	1.34e-01	2.45e-01	4.87e-02	3.19e-03
 4.47753e+22	0.00e+00	2.50e-22	8.01e-19	5.78e-16	9.84e-14	9.38e-12	9.00e-10	1.76e-06	1.84e-04	5.06e-03	3.88e-02	1.43e-01	2.30e-01	1.71e-01	1.31e-01	2.34e-01	4.52e-02	2.88e-03
 4.48886e+22	0.00e+00	3.70e-22	1.13e-18	7.78e-16	1.26e-13	1.14e-11	1.04e-09	2.05e-06	2.13e-04	5.76e-03	4.30e-02	1.53e-01	2.38e-01	1.71e-01	1.26e-01	2.19e-01	4.07e-02	2.50e-03
 4.50036e+22	0.00e+00	4.95e-22	1.47e-18	9.75e-16	1.53e-13	1.33e-11	1.17e-09	2.30e-06	2.37e-04	6.35e-03	4.64e-02	1.61e-01	2.45e-01	1.71e-01	1.23e-01	2.08e-01	3.76e-02	2.24e-03
 4.51209e+22	0.00e+00	7.29e-22	2.08e-18	1.31e-15	1.96e-13	1.62e-11	1.36e-09	2.66e-06	2.73e-04	7.19e-03	5.11e-02	1.72e-01	2.52e-01	1.70e-01	1.18e-01	1.94e-01	3.37e-02	1.93e-03
 4.52410e+22	0.00e+00	9.84e-22	2.71e-18	1.65e-15	2.38e-13	1.90e-11	1.53e-09	2.98e-06	3.03e-04	7.90e-03	5.50e-02	1.80e-01	2.58e-01	1.69e-01	1.14e-01	1.83e-01	3.09e-02	1.72e-03
 4.53650e+22	0.00e+00	1.46e-21	3.85e-18	2.24e-15	3.07e-13	2.32e-11	1.79e-09	3.45e-06	3.47e-04	8.91e-03	6.04e-02	1.91e-01	2.65e-01	1.68e-01	1.09e-01	1.70e-01	2.75e-02	1.47e-03
 4.54926e+22	0.00e+00	1.99e-21	5.08e-18	2.85e-15	3.76e-13	2.74e-11	2.03e-09	3.87e-06	3.86e-04	9.78e-03	6.49e-02	1.99e-01	2.69e-01	1.66e-01	1.05e-01	1.59e-01	2.50e-02	1.30e-03
 4.56055e+22	0.00e+00	2.67e-21	6.62e-18	3.58e-15	4.57e-13	3.20e-11	2.29e-09	4.31e-06	4.27e-04	1.07e-02	6.93e-02	2.08e-01	2.74e-01	1.64e-01	1.01e-01	1.49e-01	2.27e-02	1.15e-03
 4.57329e+22	0.00e+00	3.90e-21	9.29e-18	4.81e-15	5.86e-13	3.91e-11	2.67e-09	4.93e-06	4.83e-04	1.19e-02	7.53e-02	2.18e-01	2.78e-01	1.61e-01	9.59e-02	1.38e-01	2.02e-02	9.77e-04
 4.58620e+22	0.00e+00	5.23e-21	1.21e-17	6.04e-15	7.11e-13	4.57e-11	3.01e-09	5.47e-06	5.32e-04	1.29e-02	8.02e-02	2.26e-01	2.82e-01	1.59e-01	9.20e-02	1.29e-01	1.83e-02	8.62e-04
 4.59932e+22	0.00e+00	7.61e-21	1.69e-17	8.09e-15	9.11e-13	5.58e-11	3.51e-09	6.24e-06	5.99e-04	1.44e-02	8.67e-02	2.36e-01	2.85e-01	1.55e-01	8.70e-02	1.18e-01	1.61e-02	7.31e-04
 4.61246e+22	0.00e+00	1.01e-20	2.18e-17	1.01e-14	1.10e-12	6.49e-11	3.95e-09	6.89e-06	6.55e-04	1.55e-02	9.17e-02	2.44e-01	2.87e-01	1.52e-01	8.33e-02	1.11e-01	1.47e-02	6.45e-04
 4.62563e+22	0.00e+00	1.45e-20	3.01e-17	1.34e-14	1.40e-12	7.90e-11	4.60e-09	7.81e-06	7.32e-04	1.71e-02	9.85e-02	2.53e-01	2.89e-01	1.48e-01	7.86e-02	1.01e-01	1.29e-02	5.48e-04
 4.63909e+22	4.21e-33	1.93e-20	3.90e-17	1.67e-14	1.69e-12	9.23e-11	5.19e-09	8.63e-06	8.00e-04	1.84e-02	1.04e-01	2.60e-01	2.90e-01	1.45e-01	7.50e-02	9.44e-02	1.17e-02	4.80e-04
 4.65295e+22	6.30e-33	2.79e-20	5.43e-17	2.23e-14	2.17e-12	1.13e-10	6.07e-09	9.78e-06	8.94e-04	2.02e-02	1.11e-01	2.69e-01	2.91e-01	1.40e-01	7.04e-02	8.59e-02	1.02e-02	4.04e-04
 4.66699e+22	8.57e-33	3.70e-20	6.99e-17	2.79e-14	2.62e-12	1.32e-10	6.86e-09	1.08e-05	9.73e-04	2.17e-02	1.17e-01	2.76e-01	2.91e-01	1.37e-01	6.69e-02	7.98e-02	9.20e-03	3.53e-04
 4.68129e+22	1.28e-32	5.32e-20	9.70e-17	3.71e-14	3.35e-12	1.61e-10	8.03e-09	1.22e-05	1.08e-03	2.38e-02	1.25e-01	2.85e-01	2.90e-01	1.32e-01	6.26e-02	7.24e-02	8.03e-03	2.96e-04
 4.69513e+22	1.69e-32	6.84e-20	1.22e-16	4.53e-14	3.97e-12	1.86e-10	8.97e-09	1.33e-05	1.17e-03	2.53e-02	1.31e-01	2.90e-01	2.89e-01	1.29e-01	5.97e-02	6.76e-02	7.29e-03	2.61e-04
 4.70837e+22	2.41e-32	9.49e-20	1.64e-16	5.87e-14	4.96e-12	2.23e-10	1.04e-08	1.49e-05	1.28e-03	2.74e-02	1.38e-01	2.97e-01	2.88e-01	1.24e-01	5.60e-02	6.17e-02	6.41e-03	2.22e-04
 4.72185e+22	3.20e-32	1.23e-19	2.06e-16	7.18e-14	5.90e-12	2.57e-10	1.16e-08	1.62e-05	1.38e-03	2.91e-02	1.44e-01	3.02e-01	2.86e-01	1.20e-01	5.32e-02	5.73e-02	5.80e-03	1.95e-04
 4.73566e+22	4.63e-32	1.71e-19	2.79e-16	9.36e-14	7.40e-12	3.10e-10	1.34e-08	1.81e-05	1.52e-03	3.15e-02	1.52e-01	3.09e-01	2.84e-01	1.16e-01	4.97e-02	5.20e-02	5.06e-03	1.64e-04
 4.74959e+22	6.09e-32	2.20e-19	3.49e-16	1.14e-13	8.78e-12	3.57e-10	1.50e-08	1.98e-05	1.63e-03	3.34e-02	1.58e-01	3.13e-01	2.81e-01	1.12e-01	4.72e-02	4.83e-02	4.58e-03	1.44e-04
 4.76369e+22	8.77e-32	3.06e-19	4.70e-16	1.48e-13	1.10e-11	4.30e-10	1.74e-08	2.21e-05	1.79e-03	3.60e-02	1.67e-01	3.19e-01	2.78e-01	1.07e-01	4.39e-02	4.37e-02	3.99e-03	1.21e-04
 4.77802e+22	1.16e-31	3.93e-19	5.90e-16	1.81e-13	1.31e-11	4.96e-10	1.95e-08	2.41e-05	1.92e-03	3.82e-02	1.73e-01	3.23e-01	2.75e-01	1.04e-01	4.16e-02	4.05e-02	3.59e-03	1.06e-04
 4.79265e+22	1.67e-31	5.48e-19	7.97e-16	2.36e-13	1.64e-11	5.99e-10	2.27e-08	2.69e-05	2.11e-03	4.11e-02	1.82e-01	3.28e-01	2.71e-01	9.87e-02	3.86e-02	3.65e-02	3.11e-03	8.86e-05
 4.80694e+22	2.16e-31	6.90e-19	9.81e-16	2.84e-13	1.93e-11	6.84e-10	2.52e-08	2.92e-05	2.25e-03	4.32e-02	1.88e-01	3.31e-01	2.67e-01	9.54e-02	3.66e-02	3.39e-02	2.82e-03	7.82e-05
 4.82078e+22	3.03e-31	9.37e-19	1.30e-15	3.62e-13	2.38e-11	8.16e-10	2.90e-08	3.24e-05	2.45e-03	4.62e-02	1.96e-01	3.34e-01	2.63e-01	9.10e-02	3.40e-02	3.07e-02	2.46e-03	6.59e-05
 4.83490e+22	3.94e-31	1.18e-18	1.60e-15	4.37e-13	2.80e-11	9.34e-10	3.24e-08	3.51e-05	2.62e-03	4.87e-02	2.02e-01	3.37e-01	2.59e-01	8.77e-02	3.22e-02	2.85e-02	2.22e-03	5.79e-05
 4.84936e+22	5.55e-31	1.61e-18	2.12e-15	5.59e-13	3.47e-11	1.12e-09	3.73e-08	3.91e-05	2.85e-03	5.20e-02	2.11e-01	3.40e-01	2.54e-01	8.33e-02	2.98e-02	2.57e-02	1.93e-03	4.86e-05
 4.86409e+22	7.24e-31	2.05e-18	2.63e-15	6.78e-13	4.11e-11	1.28e-09	4.18e-08	4.25e-05	3.05e-03	5.47e-02	2.18e-01	3.42e-01	2.49e-01	8.00e-02	2.81e-02	2.37e-02	1.73e-03	4.24e-05
 4.87918e+22	1.03e-30	2.80e-18	3.49e-15	8.71e-13	5.11e-11	1.54e-09	4.83e-08	4.74e-05	3.32e-03	5.84e-02	2.27e-01	3.44e-01	2.43e-01	7.57e-02	2.60e-02	2.13e-02	1.50e-03	3.53e-05
 4.89454e+22	1.34e-30	3.56e-18	4.35e-15	1.06e-12	6.05e-11	1.78e-09	5.42e-08	5.16e-05	3.55e-03	6.14e-02	2.34e-01	3.45e-01	2.39e-01	7.25e-02	2.44e-02	1.96e-02	1.34e-03	3.07e-05
 4.91027e+22	1.92e-30	4.89e-18	5.80e-15	1.37e-12	7.56e-11	2.14e-09	6.30e-08	5.77e-05	3.87e-03	6.55e-02	2.43e-01	3.46e-01	2.32e-01	6.84e-02	2.24e-02	1.75e-02	1.15e-03	2.55e-05
 4.92634e+22	2.53e-30	6.26e-18	7.26e-15	1.67e-12	8.99e-11	2.48e-09	7.09e-08	6.30e-05	4.15e-03	6.89e-02	2.50e-01	3.47e-01	2.27e-01	6.52e-02	2.10e-02	1.60e-02	1.03e-03	2.20e-05
 4.94284e+22	3.62e-30	8.59e-18	9.70e-15	2.15e-12	1.13e-10	2.99e-09	8.25e-08	7.05e-05	4.53e-03	7.35e-02	2.59e-01	3.47e-01	2.20e-01	6.13e-02	1.92e-02	1.43e-02	8.80e-04	1.82e-05
 4.95985e+22	4.87e-30	1.12e-17	1.23e-14	2.66e-12	1.35e-10	3.49e-09	9.36e-08	7.75e-05	4.87e-03	7.74e-02	2.67e-01	3.47e-01	2.14e-01	5.81e-02	1.79e-02	1.30e-02	7.74e-04	1.55e-05
 4.97753e+22	7.07e-30	1.55e-17	1.66e-14	3.48e-12	1.71e-10	4.25e-09	1.10e-07	8.73e-05	5.33e-03	8.26e-02	2.76e-01	3.46e-01	2.07e-01	5.43e-02	1.63e-02	1.15e-02	6.57e-04	1.26e-05
 4.99467e+22	9.23e-30	1.96e-17	2.06e-14	4.21e-12	2.02e-10	4.89e-09	1.23e-07	9.50e-05	5.68e-03	8.64e-02	2.83e-01	3.45e-01	2.02e-01	5.16e-02	1.52e-02	1.05e-02	5.85e-04	1.09e-05
 5.01114e+22	1.31e-29	2.67e-17	2.72e-14	5.40e-12	2.51e-10	5.88e-09	1.43e-07	1.06e-04	6.18e-03	9.17e-02	2.92e-01	3.43e-01	1.95e-01	4.83e-02	1.39e-02	9.32e-03	5.00e-04	9.01e-06
 5.02794e+22	1.73e-29	3.39e-17	3.39e-14	6.56e-12	2.98e-10	6.80e-09	1.61e-07	1.16e-04	6.60e-03	9.60e-02	2.99e-01	3.42e-01	1.89e-01	4.58e-02	1.29e-02	8.49e-03	4.43e-04	7.75e-06
 5.04521e+22	2.43e-29	4.56e-17	4.44e-14	8.36e-12	3.68e-10	8.13e-09	1.86e-07	1.29e-04	7.16e-03	1.01e-01	3.07e-01	3.39e-01	1.82e-01	4.28e-02	1.18e-02	7.56e-03	3.80e-04	6.42e-06
 5.06346e+22	3.34e-29	6.00e-17	5.71e-14	1.05e-11	4.48e-10	9.59e-09	2.13e-07	1.43e-04	7.72e-03	1.07e-01	3.15e-01	3.37e-01	1.76e-01	4.01e-02	1.09e-02	6.77e-03	3.29e-04	5.38e-06
 5.08025e+22	4.50e-29	7.76e-17	7.22e-14	1.29e-11	5.38e-10	1.12e-08	2.41e-07	1.57e-04	8.27e-03	1.12e-01	3.22e-01	3.34e-01	1.70e-01	3.77e-02	1.00e-02	6.11e-03	2.88e-04	4.56e-06
 5.09933e+22	6.58e-29	1.07e-16	9.71e-14	1.68e-11	6.79e-10	1.36e-08	2.83e-07	1.77e-04	9.03e-03	1.19e-01	3.31e-01	3.30e-01	1.62e-01	3.49e-02	9.05e-03	5.35e-03	2.42e-04	3.68e-06
 5.11939e+22	9.20e-29	1.43e-16	1.26e-13	2.12e-11	8.33e-10	1.62e-08	3.26e-07	1.96e-04	9.75e-03	1.25e-01	3.38e-01	3.26e-01	1.55e-01	3.25e-02	8.25e-03	4.75e-03	2.08e-04	3.05e-06
 5.14075e+22	1.40e-28	2.04e-16	1.74e-13	2.83e-11	1.07e-09	2.01e-08	3.89e-07	2.24e-04	1.07e-02	1.33e-01	3.47e-01	3.20e-01	1.47e-01	2.97e-02	7.34e-03	4.10e-03	1.71e-04	2.41e-06
 5.16153e+22	1.90e-28	2.65e-16	2.22e-13	3.51e-11	1.29e-09	2.35e-08	4.43e-07	2.46e-04	1.15e-02	1.39e-01	3.54e-01	3.16e-01	1.41e-01	2.77e-02	6.72e-03	3.67e-03	1.48e-04	2.02e-06
 5.18153e+22	2.82e-28	3.69e-16	3.00e-13	4.60e-11	1.64e-09	2.88e-08	5.22e-07	2.78e-04	1.26e-02	1.47e-01	3.62e-01	3.10e-01	1.34e-01	2.54e-02	6.00e-03	3.18e-03	1.23e-04	1.61e-06
 5.20176e+22	3.85e-28	4.80e-16	3.81e-13	5.70e-11	1.98e-09	3.37e-08	5.94e-07	3.06e-04	1.35e-02	1.54e-01	3.67e-01	3.05e-01	1.28e-01	2.36e-02	5.49e-03	2.83e-03	1.06e-04	1.34e-06
 5.22227e+22	5.72e-28	6.70e-16	5.18e-13	7.49e-11	2.52e-09	4.13e-08	7.01e-07	3.46e-04	1.47e-02	1.62e-01	3.75e-01	2.98e-01	1.21e-01	2.15e-02	4.88e-03	2.44e-03	8.79e-05	1.06e-06
 5.24306e+22	7.87e-28	8.75e-16	6.61e-13	9.31e-11	3.05e-09	4.86e-08	8.00e-07	3.82e-04	1.57e-02	1.69e-01	3.80e-01	2.93e-01	1.15e-01	1.99e-02	4.44e-03	2.17e-03	7.54e-05	8.82e-07
 5.26422e+22	1.18e-27	1.23e-15	9.02e-13	1.23e-10	3.89e-09	5.98e-08	9.48e-07	4.32e-04	1.72e-02	1.79e-01	3.87e-01	2.85e-01	1.08e-01	1.81e-02	3.92e-03	1.85e-03	6.17e-05	6.91e-07
 5.28565e+22	1.63e-27	1.61e-15	1.16e-12	1.54e-10	4.73e-09	7.05e-08	1.08e-06	4.77e-04	1.84e-02	1.86e-01	3.91e-01	2.79e-01	1.03e-01	1.67e-02	3.55e-03	1.64e-03	5.26e-05	5.69e-07
 5.30742e+22	2.49e-27	2.29e-15	1.60e-12	2.05e-10	6.10e-09	8.75e-08	1.29e-06	5.43e-04	2.02e-02	1.97e-01	3.97e-01	2.70e-01	9.56e-02	1.49e-02	3.11e-03	1.38e-03	4.24e-05	4.37e-07
 5.32925e+22	3.42e-27	2.99e-15	2.04e-12	2.55e-10	7.38e-09	1.03e-07	1.48e-06	5.98e-04	2.16e-02	2.04e-01	4.01e-01	2.64e-01	9.06e-02	1.38e-02	2.81e-03	1.22e-03	3.61e-05	3.60e-07
 5.35115e+22	5.21e-27	4.24e-15	2.81e-12	3.40e-10	9.52e-09	1.28e-07	1.76e-06	6.80e-04	2.36e-02	2.15e-01	4.06e-01	2.54e-01	8.40e-02	1.23e-02	2.45e-03	1.03e-03	2.90e-05	2.76e-07
 5.37331e+22	7.21e-27	5.56e-15	3.60e-12	4.25e-10	1.16e-08	1.51e-07	2.02e-06	7.50e-04	2.52e-02	2.24e-01	4.09e-01	2.47e-01	7.92e-02	1.13e-02	2.20e-03	8.98e-04	2.44e-05	2.24e-07
 5.39582e+22	1.10e-26	7.91e-15	4.98e-12	5.69e-10	1.50e-08	1.87e-07	2.42e-06	8.54e-04	2.76e-02	2.35e-01	4.13e-01	2.37e-01	7.30e-02	9.99e-03	1.91e-03	7.50e-04	1.94e-05	1.70e-07
 5.41866e+22	1.53e-26	1.04e-14	6.42e-12	7.14e-10	1.83e-08	2.22e-07	2.78e-06	9.45e-04	2.95e-02	2.45e-01	4.15e-01	2.30e-01	6.85e-02	9.09e-03	1.70e-03	6.51e-04	1.62e-05	1.37e-07
 5.44193e+22	2.36e-26	1.50e-14	8.96e-12	9.64e-10	2.39e-08	2.79e-07	3.35e-06	1.08e-03	3.23e-02	2.57e-01	4.18e-01	2.19e-01	6.26e-02	7.98e-03	1.46e-03	5.36e-04	1.27e-05	0.00e+00
 5.46376e+22	3.11e-26	1.89e-14	1.11e-11	1.17e-09	2.84e-08	3.23e-07	3.78e-06	1.18e-03	3.42e-02	2.65e-01	4.19e-01	2.12e-01	5.91e-02	7.33e-03	1.32e-03	4.73e-04	1.08e-05	0.00e+00
 5.48371e+22	4.48e-26	2.56e-14	1.47e-11	1.51e-09	3.56e-08	3.92e-07	4.44e-06	1.32e-03	3.70e-02	2.76e-01	4.20e-01	2.03e-01	5.45e-02	6.53e-03	1.15e-03	3.99e-04	8.72e-06	0.00e+00
 5.50412e+22	5.99e-26	3.26e-14	1.84e-11	1.84e-09	4.26e-08	4.57e-07	5.03e-06	1.45e-03	3.92e-02	2.85e-01	4.20e-01	1.96e-01	5.11e-02	5.96e-03	1.03e-03	3.49e-04	7.38e-06	0.00e+00
 5.52513e+22	8.73e-26	4.47e-14	2.47e-11	2.41e-09	5.41e-08	5.61e-07	5.98e-06	1.63e-03	4.25e-02	2.97e-01	4.19e-01	1.86e-01	4.67e-02	5.24e-03	8.92e-04	2.90e-04	5.83e-06	0.00e+00
 5.54634e+22	1.17e-25	5.69e-14	3.09e-11	2.95e-09	6.48e-08	6.55e-07	6.80e-06	1.79e-03	4.51e-02	3.06e-01	4.19e-01	1.79e-01	4.36e-02	4.76e-03	7.96e-04	2.52e-04	4.88e-06	0.00e+00
 5.56780e+22	1.70e-25	7.79e-14	4.14e-11	3.86e-09	8.26e-08	8.07e-07	8.09e-06	2.02e-03	4.88e-02	3.18e-01	4.17e-01	1.69e-01	3.96e-02	4.16e-03	6.82e-04	2.07e-04	3.82e-06	0.00e+00
 5.58970e+22	2.30e-25	9.98e-14	5.23e-11	4.77e-09	1.00e-07	9.53e-07	9.30e-06	2.23e-03	5.20e-02	3.28e-01	4.15e-01	1.62e-01	3.66e-02	3.73e-03	6.02e-04	1.77e-04	3.14e-06	0.00e+00
 5.61216e+22	3.35e-25	1.37e-13	7.04e-11	6.28e-09	1.28e-07	1.18e-06	1.12e-05	2.53e-03	5.65e-02	3.41e-01	4.11e-01	1.52e-01	3.29e-02	3.22e-03	5.10e-04	1.44e-04	2.42e-06	0.00e+00
 5.63514e+22	4.56e-25	1.77e-13	8.95e-11	7.83e-09	1.57e-07	1.41e-06	1.29e-05	2.81e-03	6.03e-02	3.52e-01	4.08e-01	1.44e-01	3.01e-02	2.86e-03	4.45e-04	1.21e-04	1.95e-06	0.00e+00
 5.65880e+22	6.71e-25	2.43e-13	1.21e-10	1.04e-08	2.03e-07	1.76e-06	1.57e-05	3.21e-03	6.56e-02	3.65e-01	4.02e-01	1.34e-01	2.68e-02	2.44e-03	3.71e-04	9.68e-05	1.47e-06	0.00e+00
 5.68283e+22	9.11e-25	3.13e-13	1.54e-10	1.30e-08	2.50e-07	2.11e-06	1.83e-05	3.58e-03	7.02e-02	3.76e-01	3.97e-01	1.26e-01	2.43e-02	2.14e-03	3.21e-04	8.07e-05	1.17e-06	0.00e+00
 5.70691e+22	1.31e-24	4.25e-13	2.07e-10	1.71e-08	3.23e-07	2.65e-06	2.22e-05	4.09e-03	7.63e-02	3.90e-01	3.90e-01	1.16e-01	2.15e-02	1.81e-03	2.66e-04	6.38e-05	8.75e-07	0.00e+00
 5.73118e+22	1.77e-24	5.41e-13	2.62e-10	2.14e-08	3.96e-07	3.17e-06	2.60e-05	4.56e-03	8.15e-02	4.00e-01	3.84e-01	1.09e-01	1.94e-02	1.58e-03	2.28e-04	5.27e-05	6.90e-07	0.00e+00
 5.75500e+22	2.49e-24	7.15e-13	3.44e-10	2.77e-08	5.06e-07	3.94e-06	3.14e-05	5.19e-03	8.82e-02	4.13e-01	3.75e-01	1.00e-01	1.71e-02	1.33e-03	1.89e-04	4.18e-05	5.17e-07	0.00e+00
 5.77907e+22	3.34e-24	9.01e-13	4.33e-10	3.45e-08	6.21e-07	4.73e-06	3.68e-05	5.80e-03	9.43e-02	4.23e-01	3.67e-01	9.30e-02	1.53e-02	1.15e-03	1.61e-04	3.42e-05	4.03e-07	0.00e+00
 5.80004e+22	4.31e-24	1.10e-12	5.29e-10	4.18e-08	7.44e-07	5.55e-06	4.24e-05	6.39e-03	9.99e-02	4.32e-01	3.59e-01	8.70e-02	1.38e-02	1.01e-03	1.39e-04	2.86e-05	3.22e-07	0.00e+00
 5.82232e+22	5.85e-24	1.40e-12	6.75e-10	5.29e-08	9.31e-07	6.79e-06	5.07e-05	7.22e-03	1.07e-01	4.43e-01	3.49e-01	7.97e-02	1.22e-02	8.57e-04	1.16e-04	2.27e-05	2.43e-07	0.00e+00
 5.84479e+22	7.54e-24	1.70e-12	8.19e-10	6.38e-08	1.11e-06	7.98e-06	5.85e-05	7.96e-03	1.14e-01	4.51e-01	3.41e-01	7.42e-02	1.10e-02	7.48e-04	9.98e-05	1.89e-05	1.93e-07	0.00e+00
 5.86479e+22	9.53e-24	2.04e-12	9.88e-10	7.66e-08	1.33e-06	9.34e-06	6.74e-05	8.76e-03	1.20e-01	4.59e-01	3.32e-01	6.91e-02	9.86e-03	6.54e-04	8.59e-05	1.57e-05	1.54e-07	0.00e+00
 5.88705e+22	1.28e-23	2.53e-12	1.24e-09	9.57e-08	1.64e-06	1.13e-05	8.03e-05	9.87e-03	1.29e-01	4.68e-01	3.21e-01	6.30e-02	8.64e-03	5.51e-04	7.13e-05	1.24e-05	1.16e-07	0.00e+00
 5.90908e+22	1.62e-23	2.99e-12	1.48e-09	1.14e-07	1.94e-06	1.32e-05	9.18e-05	1.08e-02	1.36e-01	4.74e-01	3.12e-01	5.86e-02	7.79e-03	4.83e-04	6.16e-05	1.04e-05	0.00e+00	0.00e+00
