#depth	C	C+	C+2	C+3	C+4	C+5	C+6	C[1]	C[2]	C[3]	C+[1]	C+[2]	CO
 4.62852e+21	0.00e+00	6.69e-28	5.93e-21	4.67e-15	3.46e-09	1.07e-04	1.00e+00	0.00e+00	0.00e+00	0.00e+00	0.00e+00	0.00e+00	1.05e-133
 1.05328e+22	0.00e+00	4.10e-27	2.56e-20	1.42e-14	7.22e-09	1.53e-04	1.00e+00	0.00e+00	0.00e+00	0.00e+00	0.00e+00	0.00e+00	5.75e-129
 1.26674e+22	0.00e+00	1.37e-26	6.81e-20	3.00e-14	1.18e-08	1.95e-04	1.00e+00	0.00e+00	0.00e+00	0.00e+00	0.00e+00	0.00e+00	8.49e-124
 1.42132e+22	0.00e+00	3.61e-26	1.49e-19	5.46e-14	1.75e-08	2.35e-04	1.00e+00	0.00e+00	0.00e+00	0.00e+00	0.00e+00	0.00e+00	2.37e-96
 1.50719e+22	0.00e+00	4.60e-26	1.81e-19	6.35e-14	1.93e-08	2.47e-04	1.00e+00	0.00e+00	0.00e+00	0.00e+00	0.00e+00	0.00e+00	4.78e-95
 1.54670e+22	0.00e+00	6.30e-26	2.33e-19	7.70e-14	2.20e-08	2.62e-04	1.00e+00	0.00e+00	0.00e+00	0.00e+00	0.00e+00	0.00e+00	7.19e-95
 1.58536e+22	0.00e+00	7.93e-26	2.81e-19	8.89e-14	2.41e-08	2.75e-04	1.00e+00	0.00e+00	0.00e+00	0.00e+00	0.00e+00	0.00e+00	4.84e-94
 1.62295e+22	0.00e+00	1.05e-25	3.53e-19	1.06e-13	2.71e-08	2.90e-04	1.00e+00	0.00e+00	0.00e+00	0.00e+00	0.00e+00	0.00e+00	1.05e-93
 1.65939e+22	2.52e-34	1.33e-25	4.26e-19	1.22e-13	2.97e-08	3.04e-04	1.00e+00	0.00e+00	0.00e+00	0.00e+00	0.00e+00	0.00e+00	1.46e-93
 1.68786e+22	3.17e-34	1.61e-25	4.98e-19	1.38e-13	3.22e-08	3.15e-04	1.00e+00	0.00e+00	0.00e+00	0.00e+00	0.00e+00	0.00e+00	3.28e-93
 1.71841e+22	4.14e-34	2.02e-25	5.98e-19	1.59e-13	3.53e-08	3.30e-04	1.00e+00	0.00e+00	0.00e+00	0.00e+00	0.00e+00	0.00e+00	1.15e-92
 1.75189e+22	5.40e-34	2.52e-25	7.17e-19	1.82e-13	3.87e-08	3.44e-04	1.00e+00	0.00e+00	0.00e+00	0.00e+00	0.00e+00	0.00e+00	2.08e-92
 1.78291e+22	6.95e-34	3.11e-25	8.50e-19	2.08e-13	4.21e-08	3.59e-04	1.00e+00	0.00e+00	0.00e+00	0.00e+00	0.00e+00	0.00e+00	2.43e-92
 1.81223e+22	8.86e-34	3.82e-25	1.00e-18	2.36e-13	4.58e-08	3.74e-04	1.00e+00	0.00e+00	0.00e+00	0.00e+00	0.00e+00	0.00e+00	5.98e-92
 1.84561e+22	1.19e-33	4.88e-25	1.23e-18	2.75e-13	5.07e-08	3.92e-04	1.00e+00	0.00e+00	0.00e+00	0.00e+00	0.00e+00	0.00e+00	1.45e-91
 1.88058e+22	1.57e-33	6.17e-25	1.48e-18	3.18e-13	5.58e-08	4.11e-04	1.00e+00	0.00e+00	0.00e+00	0.00e+00	0.00e+00	0.00e+00	2.90e-91
 1.91044e+22	2.00e-33	7.56e-25	1.75e-18	3.61e-13	6.06e-08	4.28e-04	1.00e+00	0.00e+00	0.00e+00	0.00e+00	0.00e+00	0.00e+00	5.77e-91
 1.93630e+22	2.48e-33	9.04e-25	2.02e-18	4.02e-13	6.52e-08	4.43e-04	1.00e+00	0.00e+00	0.00e+00	0.00e+00	0.00e+00	0.00e+00	7.65e-91
 1.96416e+22	3.15e-33	1.11e-24	2.38e-18	4.57e-13	7.09e-08	4.61e-04	1.00e+00	0.00e+00	0.00e+00	0.00e+00	0.00e+00	0.00e+00	1.67e-90
 1.99431e+22	4.01e-33	1.35e-24	2.80e-18	5.17e-13	7.69e-08	4.80e-04	1.00e+00	0.00e+00	0.00e+00	0.00e+00	0.00e+00	0.00e+00	1.85e-90
 2.02188e+22	5.01e-33	1.63e-24	3.26e-18	5.81e-13	8.30e-08	4.98e-04	1.00e+00	0.00e+00	0.00e+00	0.00e+00	0.00e+00	0.00e+00	5.57e-90
 2.05215e+22	6.55e-33	2.05e-24	3.92e-18	6.69e-13	9.11e-08	5.20e-04	9.99e-01	0.00e+00	0.00e+00	0.00e+00	0.00e+00	0.00e+00	3.75e-90
 2.08344e+22	8.43e-33	2.53e-24	4.64e-18	7.61e-13	9.92e-08	5.42e-04	9.99e-01	0.00e+00	0.00e+00	0.00e+00	0.00e+00	0.00e+00	1.80e-89
 2.10967e+22	1.04e-32	3.01e-24	5.35e-18	8.49e-13	1.07e-07	5.62e-04	9.99e-01	0.00e+00	0.00e+00	0.00e+00	0.00e+00	0.00e+00	3.47e-89
 2.13737e+22	1.33e-32	3.70e-24	6.32e-18	9.66e-13	1.16e-07	5.85e-04	9.99e-01	0.00e+00	0.00e+00	0.00e+00	0.00e+00	0.00e+00	6.26e-89
 2.16713e+22	1.68e-32	4.52e-24	7.42e-18	1.09e-12	1.26e-07	6.08e-04	9.99e-01	0.00e+00	0.00e+00	0.00e+00	0.00e+00	0.00e+00	6.94e-89
 2.19448e+22	2.10e-32	5.45e-24	8.63e-18	1.23e-12	1.36e-07	6.31e-04	9.99e-01	0.00e+00	0.00e+00	0.00e+00	0.00e+00	0.00e+00	1.38e-88
 2.21922e+22	2.57e-32	6.44e-24	9.89e-18	1.36e-12	1.45e-07	6.52e-04	9.99e-01	0.00e+00	0.00e+00	0.00e+00	0.00e+00	0.00e+00	2.59e-88
 2.24205e+22	3.10e-32	7.54e-24	1.12e-17	1.50e-12	1.55e-07	6.73e-04	9.99e-01	0.00e+00	0.00e+00	0.00e+00	0.00e+00	0.00e+00	3.55e-88
 2.26811e+22	3.88e-32	9.11e-24	1.31e-17	1.69e-12	1.68e-07	6.98e-04	9.99e-01	0.00e+00	0.00e+00	0.00e+00	0.00e+00	0.00e+00	8.49e-88
 2.29607e+22	4.86e-32	1.10e-23	1.52e-17	1.89e-12	1.81e-07	7.25e-04	9.99e-01	0.00e+00	0.00e+00	0.00e+00	0.00e+00	0.00e+00	5.84e-88
 2.32124e+22	5.97e-32	1.31e-23	1.75e-17	2.10e-12	1.94e-07	7.50e-04	9.99e-01	0.00e+00	0.00e+00	0.00e+00	0.00e+00	0.00e+00	2.01e-87
 2.34870e+22	7.62e-32	1.60e-23	2.07e-17	2.39e-12	2.11e-07	7.81e-04	9.99e-01	0.00e+00	0.00e+00	0.00e+00	0.00e+00	0.00e+00	3.59e-87
 2.37655e+22	9.49e-32	1.92e-23	2.39e-17	2.67e-12	2.28e-07	8.10e-04	9.99e-01	0.00e+00	0.00e+00	0.00e+00	0.00e+00	0.00e+00	5.97e-87
 2.39988e+22	1.15e-31	2.26e-23	2.72e-17	2.95e-12	2.43e-07	8.36e-04	9.99e-01	0.00e+00	0.00e+00	0.00e+00	0.00e+00	0.00e+00	8.37e-87
 2.42519e+22	1.44e-31	2.72e-23	3.17e-17	3.32e-12	2.63e-07	8.68e-04	9.99e-01	0.00e+00	0.00e+00	0.00e+00	0.00e+00	0.00e+00	1.68e-86
 2.45243e+22	1.79e-31	3.27e-23	3.68e-17	3.71e-12	2.83e-07	9.00e-04	9.99e-01	0.00e+00	0.00e+00	0.00e+00	0.00e+00	0.00e+00	1.17e-86
 2.47733e+22	2.19e-31	3.87e-23	4.21e-17	4.12e-12	3.03e-07	9.31e-04	9.99e-01	0.00e+00	0.00e+00	0.00e+00	0.00e+00	0.00e+00	3.15e-86
 2.50481e+22	2.79e-31	4.74e-23	4.96e-17	4.67e-12	3.30e-07	9.69e-04	9.99e-01	0.00e+00	0.00e+00	0.00e+00	0.00e+00	0.00e+00	5.21e-86
 2.53229e+22	3.45e-31	5.67e-23	5.73e-17	5.21e-12	3.54e-07	1.00e-03	9.99e-01	0.00e+00	0.00e+00	0.00e+00	0.00e+00	0.00e+00	1.48e-85
 2.55480e+22	4.15e-31	6.62e-23	6.48e-17	5.72e-12	3.77e-07	1.04e-03	9.99e-01	0.00e+00	0.00e+00	0.00e+00	0.00e+00	0.00e+00	1.97e-85
 2.57910e+22	5.14e-31	7.92e-23	7.50e-17	6.40e-12	4.06e-07	1.07e-03	9.99e-01	0.00e+00	0.00e+00	0.00e+00	0.00e+00	0.00e+00	3.00e-85
 2.60549e+22	6.39e-31	9.50e-23	8.67e-17	7.15e-12	4.37e-07	1.11e-03	9.99e-01	0.00e+00	0.00e+00	0.00e+00	0.00e+00	0.00e+00	1.52e-85
 2.62982e+22	7.76e-31	1.12e-22	9.88e-17	7.89e-12	4.67e-07	1.15e-03	9.99e-01	0.00e+00	0.00e+00	0.00e+00	0.00e+00	0.00e+00	1.33e-85
 2.65666e+22	9.84e-31	1.36e-22	1.16e-16	8.92e-12	5.07e-07	1.20e-03	9.99e-01	0.00e+00	0.00e+00	0.00e+00	0.00e+00	0.00e+00	1.46e-84
 2.68371e+22	1.22e-30	1.62e-22	1.33e-16	9.92e-12	5.45e-07	1.24e-03	9.99e-01	0.00e+00	0.00e+00	0.00e+00	0.00e+00	0.00e+00	2.24e-84
 2.70618e+22	1.47e-30	1.90e-22	1.51e-16	1.09e-11	5.80e-07	1.28e-03	9.99e-01	0.00e+00	0.00e+00	0.00e+00	0.00e+00	0.00e+00	5.78e-84
 2.73056e+22	1.82e-30	2.27e-22	1.75e-16	1.22e-11	6.25e-07	1.33e-03	9.99e-01	0.00e+00	0.00e+00	0.00e+00	0.00e+00	0.00e+00	7.17e-84
 2.75686e+22	2.26e-30	2.72e-22	2.02e-16	1.36e-11	6.71e-07	1.38e-03	9.99e-01	0.00e+00	0.00e+00	0.00e+00	0.00e+00	0.00e+00	9.66e-84
 2.78087e+22	2.74e-30	3.19e-22	2.29e-16	1.50e-11	7.17e-07	1.42e-03	9.99e-01	0.00e+00	0.00e+00	0.00e+00	0.00e+00	0.00e+00	4.25e-83
 2.80730e+22	3.52e-30	3.93e-22	2.71e-16	1.69e-11	7.80e-07	1.48e-03	9.99e-01	0.00e+00	0.00e+00	0.00e+00	0.00e+00	0.00e+00	7.94e-83
 2.83320e+22	4.27e-30	4.61e-22	3.07e-16	1.86e-11	8.32e-07	1.53e-03	9.98e-01	0.00e+00	0.00e+00	0.00e+00	0.00e+00	0.00e+00	1.29e-82
 2.85494e+22	5.12e-30	5.37e-22	3.47e-16	2.04e-11	8.85e-07	1.58e-03	9.98e-01	0.00e+00	0.00e+00	0.00e+00	0.00e+00	0.00e+00	2.03e-82
 2.87974e+22	6.40e-30	6.45e-22	4.02e-16	2.28e-11	9.54e-07	1.64e-03	9.98e-01	0.00e+00	0.00e+00	0.00e+00	0.00e+00	0.00e+00	3.56e-82
 2.90610e+22	7.97e-30	7.74e-22	4.64e-16	2.54e-11	1.03e-06	1.70e-03	9.98e-01	0.00e+00	0.00e+00	0.00e+00	0.00e+00	0.00e+00	6.16e-82
 2.92960e+22	9.65e-30	9.07e-22	5.26e-16	2.79e-11	1.09e-06	1.76e-03	9.98e-01	0.00e+00	0.00e+00	0.00e+00	0.00e+00	0.00e+00	9.97e-82
 2.95529e+22	1.23e-29	1.11e-21	6.17e-16	3.14e-11	1.19e-06	1.83e-03	9.98e-01	0.00e+00	0.00e+00	0.00e+00	0.00e+00	0.00e+00	1.84e-81
 2.98068e+22	1.50e-29	1.30e-21	6.99e-16	3.44e-11	1.26e-06	1.90e-03	9.98e-01	0.00e+00	0.00e+00	0.00e+00	0.00e+00	0.00e+00	3.00e-81
 3.00214e+22	1.79e-29	1.51e-21	7.86e-16	3.76e-11	1.34e-06	1.96e-03	9.98e-01	0.00e+00	0.00e+00	0.00e+00	0.00e+00	0.00e+00	4.71e-81
 3.02648e+22	2.24e-29	1.82e-21	9.09e-16	4.18e-11	1.44e-06	2.03e-03	9.98e-01	0.00e+00	0.00e+00	0.00e+00	0.00e+00	0.00e+00	8.35e-81
 3.05195e+22	2.77e-29	2.16e-21	1.04e-15	4.62e-11	1.55e-06	2.11e-03	9.98e-01	0.00e+00	0.00e+00	0.00e+00	0.00e+00	0.00e+00	1.42e-80
 3.07466e+22	3.37e-29	2.53e-21	1.18e-15	5.06e-11	1.65e-06	2.18e-03	9.98e-01	0.00e+00	0.00e+00	0.00e+00	0.00e+00	0.00e+00	2.33e-80
 3.09992e+22	4.26e-29	3.07e-21	1.37e-15	5.65e-11	1.78e-06	2.27e-03	9.98e-01	0.00e+00	0.00e+00	0.00e+00	0.00e+00	0.00e+00	4.20e-80
 3.12652e+22	5.36e-29	3.70e-21	1.59e-15	6.27e-11	1.91e-06	2.37e-03	9.98e-01	0.00e+00	0.00e+00	0.00e+00	0.00e+00	0.00e+00	7.56e-80
 3.14870e+22	6.44e-29	4.30e-21	1.78e-15	6.82e-11	2.03e-06	2.44e-03	9.98e-01	0.00e+00	0.00e+00	0.00e+00	0.00e+00	0.00e+00	1.20e-79
 3.17140e+22	8.01e-29	5.13e-21	2.04e-15	7.51e-11	2.18e-06	2.54e-03	9.97e-01	0.00e+00	0.00e+00	0.00e+00	0.00e+00	0.00e+00	2.09e-79
 3.19538e+22	9.77e-29	6.03e-21	2.31e-15	8.23e-11	2.32e-06	2.63e-03	9.97e-01	0.00e+00	0.00e+00	0.00e+00	0.00e+00	0.00e+00	3.46e-79
 3.21755e+22	1.19e-28	7.08e-21	2.62e-15	8.98e-11	2.47e-06	2.72e-03	9.97e-01	0.00e+00	0.00e+00	0.00e+00	0.00e+00	0.00e+00	5.76e-79
 3.23946e+22	1.45e-28	8.31e-21	2.96e-15	9.79e-11	2.62e-06	2.82e-03	9.97e-01	0.00e+00	0.00e+00	0.00e+00	0.00e+00	0.00e+00	9.56e-79
 3.26450e+22	9.67e-33	1.01e-20	3.43e-15	1.09e-10	2.83e-06	2.94e-03	9.97e-01	0.00e+00	0.00e+00	0.00e+00	0.00e+00	0.00e+00	1.44e-78
 3.28939e+22	6.11e-33	1.19e-20	3.90e-15	1.19e-10	3.02e-06	3.06e-03	9.97e-01	0.00e+00	0.00e+00	0.00e+00	0.00e+00	0.00e+00	1.16e-78
 3.30948e+22	7.16e-33	1.38e-20	4.35e-15	1.28e-10	3.19e-06	3.16e-03	9.97e-01	0.00e+00	0.00e+00	0.00e+00	0.00e+00	0.00e+00	9.91e-79
 3.33102e+22	9.25e-33	1.64e-20	4.96e-15	1.40e-10	3.41e-06	3.28e-03	9.97e-01	0.00e+00	0.00e+00	0.00e+00	0.00e+00	0.00e+00	8.80e-79
 3.35389e+22	1.17e-32	1.92e-20	5.59e-15	1.52e-10	3.62e-06	3.40e-03	9.97e-01	0.00e+00	0.00e+00	0.00e+00	0.00e+00	0.00e+00	4.71e-78
 3.37484e+22	1.49e-32	2.24e-20	6.27e-15	1.65e-10	3.84e-06	3.52e-03	9.96e-01	0.00e+00	0.00e+00	0.00e+00	0.00e+00	0.00e+00	7.72e-78
 3.39845e+22	1.99e-32	2.72e-20	7.25e-15	1.82e-10	4.13e-06	3.67e-03	9.96e-01	0.00e+00	0.00e+00	0.00e+00	0.00e+00	0.00e+00	1.44e-77
 3.42178e+22	2.53e-32	3.18e-20	8.15e-15	1.97e-10	4.38e-06	3.81e-03	9.96e-01	0.00e+00	0.00e+00	0.00e+00	0.00e+00	0.00e+00	2.41e-77
 3.44108e+22	3.16e-32	3.66e-20	9.04e-15	2.11e-10	4.62e-06	3.93e-03	9.96e-01	0.00e+00	0.00e+00	0.00e+00	0.00e+00	0.00e+00	3.78e-77
 3.46249e+22	4.14e-32	4.36e-20	1.03e-14	2.31e-10	4.94e-06	4.10e-03	9.96e-01	0.00e+00	0.00e+00	0.00e+00	0.00e+00	0.00e+00	6.78e-77
 3.48452e+22	5.24e-32	5.07e-20	1.15e-14	2.49e-10	5.23e-06	4.24e-03	9.96e-01	0.00e+00	0.00e+00	0.00e+00	0.00e+00	0.00e+00	1.11e-76
 3.50737e+22	7.00e-32	6.12e-20	1.33e-14	2.73e-10	5.61e-06	4.43e-03	9.96e-01	0.00e+00	0.00e+00	0.00e+00	0.00e+00	0.00e+00	2.05e-76
 3.53044e+22	8.99e-32	7.20e-20	1.49e-14	2.95e-10	5.96e-06	4.60e-03	9.95e-01	0.00e+00	0.00e+00	0.00e+00	0.00e+00	0.00e+00	3.51e-76
 3.54946e+22	1.12e-31	8.24e-20	1.65e-14	3.15e-10	6.27e-06	4.75e-03	9.95e-01	0.00e+00	0.00e+00	0.00e+00	0.00e+00	0.00e+00	5.49e-76
 3.56985e+22	1.47e-31	9.78e-20	1.87e-14	3.42e-10	6.69e-06	4.94e-03	9.95e-01	0.00e+00	0.00e+00	0.00e+00	0.00e+00	0.00e+00	9.63e-76
 3.59122e+22	1.84e-31	1.13e-19	2.09e-14	3.68e-10	7.07e-06	5.12e-03	9.95e-01	0.00e+00	0.00e+00	0.00e+00	0.00e+00	0.00e+00	1.58e-75
 3.61385e+22	2.48e-31	1.37e-19	2.40e-14	4.03e-10	7.59e-06	5.35e-03	9.95e-01	0.00e+00	0.00e+00	0.00e+00	0.00e+00	0.00e+00	2.98e-75
 3.63624e+22	3.18e-31	1.60e-19	2.68e-14	4.33e-10	8.03e-06	5.55e-03	9.94e-01	0.00e+00	0.00e+00	0.00e+00	0.00e+00	0.00e+00	5.00e-75
 3.65488e+22	3.97e-31	1.83e-19	2.97e-14	4.62e-10	8.46e-06	5.73e-03	9.94e-01	0.00e+00	0.00e+00	0.00e+00	0.00e+00	0.00e+00	7.95e-75
 3.67566e+22	5.20e-31	2.18e-19	3.37e-14	5.01e-10	9.03e-06	5.97e-03	9.94e-01	0.00e+00	0.00e+00	0.00e+00	0.00e+00	0.00e+00	1.43e-74
 3.69735e+22	6.67e-31	2.55e-19	3.77e-14	5.39e-10	9.57e-06	6.20e-03	9.94e-01	0.00e+00	0.00e+00	0.00e+00	0.00e+00	0.00e+00	2.42e-74
 3.71655e+22	8.36e-31	2.95e-19	4.19e-14	5.76e-10	1.01e-05	6.42e-03	9.94e-01	0.00e+00	0.00e+00	0.00e+00	0.00e+00	0.00e+00	3.97e-74
 3.73785e+22	1.12e-30	3.52e-19	4.77e-14	6.26e-10	1.08e-05	6.70e-03	9.93e-01	0.00e+00	0.00e+00	0.00e+00	0.00e+00	0.00e+00	7.27e-74
 3.75990e+22	1.45e-30	4.14e-19	5.36e-14	6.72e-10	1.15e-05	6.96e-03	9.93e-01	0.00e+00	0.00e+00	0.00e+00	0.00e+00	0.00e+00	1.26e-73
 3.77934e+22	1.81e-30	4.80e-19	5.96e-14	7.19e-10	1.21e-05	7.21e-03	9.93e-01	0.00e+00	0.00e+00	0.00e+00	0.00e+00	0.00e+00	2.08e-73
 3.80103e+22	2.44e-30	5.76e-19	6.81e-14	7.82e-10	1.30e-05	7.53e-03	9.92e-01	0.00e+00	0.00e+00	0.00e+00	0.00e+00	0.00e+00	3.90e-73
 3.82387e+22	3.22e-30	6.83e-19	7.69e-14	8.44e-10	1.38e-05	7.85e-03	9.92e-01	0.00e+00	0.00e+00	0.00e+00	0.00e+00	0.00e+00	7.01e-73
 3.84304e+22	4.00e-30	7.85e-19	8.50e-14	8.97e-10	1.46e-05	8.12e-03	9.92e-01	0.00e+00	0.00e+00	0.00e+00	0.00e+00	0.00e+00	1.13e-72
 3.86277e+22	5.22e-30	9.31e-19	9.61e-14	9.69e-10	1.55e-05	8.46e-03	9.92e-01	0.00e+00	0.00e+00	0.00e+00	0.00e+00	0.00e+00	2.03e-72
 3.88328e+22	6.49e-31	1.08e-18	1.07e-13	1.04e-09	1.64e-05	8.76e-03	9.91e-01	0.00e+00	0.00e+00	0.00e+00	0.00e+00	0.00e+00	3.37e-72
 3.90191e+22	8.17e-31	1.26e-18	1.19e-13	1.10e-09	1.74e-05	9.10e-03	9.91e-01	0.00e+00	0.00e+00	0.00e+00	0.00e+00	0.00e+00	5.80e-72
 3.91844e+22	9.85e-31	1.43e-18	1.30e-13	1.17e-09	1.82e-05	9.38e-03	9.91e-01	0.00e+00	0.00e+00	0.00e+00	0.00e+00	0.00e+00	8.93e-72
 3.93514e+22	1.22e-30	1.65e-18	1.44e-13	1.24e-09	1.92e-05	9.70e-03	9.90e-01	0.00e+00	0.00e+00	0.00e+00	0.00e+00	0.00e+00	1.46e-71
 3.95300e+22	1.50e-30	1.89e-18	1.59e-13	1.32e-09	2.03e-05	1.00e-02	9.90e-01	0.00e+00	0.00e+00	0.00e+00	0.00e+00	0.00e+00	2.36e-71
 3.96808e+22	1.78e-30	2.12e-18	1.73e-13	1.38e-09	2.12e-05	1.03e-02	9.90e-01	0.00e+00	0.00e+00	0.00e+00	0.00e+00	0.00e+00	3.51e-71
 3.98121e+22	2.10e-30	2.36e-18	1.87e-13	1.45e-09	2.21e-05	1.06e-02	9.89e-01	0.00e+00	0.00e+00	0.00e+00	0.00e+00	0.00e+00	5.17e-71
 3.99614e+22	2.57e-30	2.70e-18	2.05e-13	1.54e-09	2.32e-05	1.09e-02	9.89e-01	0.00e+00	0.00e+00	0.00e+00	0.00e+00	0.00e+00	8.21e-71
 4.01175e+22	3.09e-30	3.05e-18	2.24e-13	1.62e-09	2.43e-05	1.13e-02	9.89e-01	0.00e+00	0.00e+00	0.00e+00	0.00e+00	0.00e+00	1.26e-70
 4.02495e+22	3.63e-30	3.39e-18	2.42e-13	1.69e-09	2.53e-05	1.15e-02	9.88e-01	0.00e+00	0.00e+00	0.00e+00	0.00e+00	0.00e+00	1.83e-70
 4.03692e+22	4.25e-30	3.77e-18	2.60e-13	1.77e-09	2.63e-05	1.18e-02	9.88e-01	0.00e+00	0.00e+00	0.00e+00	0.00e+00	0.00e+00	2.64e-70
 4.05058e+22	5.17e-30	4.29e-18	2.85e-13	1.86e-09	2.76e-05	1.22e-02	9.88e-01	0.00e+00	0.00e+00	0.00e+00	0.00e+00	0.00e+00	4.16e-70
 4.06457e+22	6.10e-30	4.80e-18	3.09e-13	1.95e-09	2.88e-05	1.25e-02	9.87e-01	0.00e+00	0.00e+00	0.00e+00	0.00e+00	0.00e+00	6.12e-70
 4.07642e+22	7.13e-30	5.32e-18	3.32e-13	2.04e-09	3.00e-05	1.28e-02	9.87e-01	0.00e+00	0.00e+00	0.00e+00	0.00e+00	0.00e+00	8.76e-70
 4.08744e+22	8.27e-30	5.88e-18	3.56e-13	2.13e-09	3.11e-05	1.32e-02	9.87e-01	0.00e+00	0.00e+00	0.00e+00	0.00e+00	0.00e+00	1.23e-69
 4.09996e+22	9.95e-30	6.65e-18	3.89e-13	2.24e-09	3.26e-05	1.35e-02	9.86e-01	0.00e+00	0.00e+00	0.00e+00	0.00e+00	0.00e+00	1.89e-69
 4.11289e+22	1.17e-29	7.41e-18	4.20e-13	2.34e-09	3.40e-05	1.39e-02	9.86e-01	0.00e+00	0.00e+00	0.00e+00	0.00e+00	0.00e+00	2.76e-69
 4.12439e+22	1.37e-29	8.22e-18	4.53e-13	2.45e-09	3.54e-05	1.42e-02	9.86e-01	0.00e+00	0.00e+00	0.00e+00	0.00e+00	0.00e+00	3.94e-69
 4.13736e+22	1.69e-29	9.47e-18	5.00e-13	2.59e-09	3.73e-05	1.47e-02	9.85e-01	0.00e+00	0.00e+00	0.00e+00	0.00e+00	0.00e+00	6.43e-69
 4.15020e+22	1.98e-29	1.05e-17	5.39e-13	2.71e-09	3.88e-05	1.51e-02	9.85e-01	0.00e+00	0.00e+00	0.00e+00	0.00e+00	0.00e+00	9.21e-69
 4.16287e+22	2.46e-29	1.22e-17	5.99e-13	2.88e-09	4.11e-05	1.56e-02	9.84e-01	0.00e+00	0.00e+00	0.00e+00	0.00e+00	0.00e+00	1.54e-68
 4.17471e+22	2.84e-29	1.35e-17	6.42e-13	3.00e-09	4.26e-05	1.59e-02	9.84e-01	0.00e+00	0.00e+00	0.00e+00	0.00e+00	0.00e+00	2.13e-68
 4.18546e+22	3.40e-29	1.52e-17	7.00e-13	3.15e-09	4.46e-05	1.64e-02	9.84e-01	0.00e+00	0.00e+00	0.00e+00	0.00e+00	0.00e+00	3.22e-68
 4.19677e+22	4.00e-29	1.70e-17	7.58e-13	3.31e-09	4.65e-05	1.68e-02	9.83e-01	0.00e+00	0.00e+00	0.00e+00	0.00e+00	0.00e+00	4.69e-68
 4.20709e+22	4.70e-29	1.90e-17	8.20e-13	3.46e-09	4.85e-05	1.72e-02	9.83e-01	0.00e+00	0.00e+00	0.00e+00	0.00e+00	0.00e+00	6.80e-68
 4.21883e+22	5.81e-29	2.19e-17	9.10e-13	3.68e-09	5.12e-05	1.77e-02	9.82e-01	0.00e+00	0.00e+00	0.00e+00	0.00e+00	0.00e+00	1.11e-67
 4.23057e+22	6.89e-29	2.46e-17	9.89e-13	3.87e-09	5.35e-05	1.82e-02	9.82e-01	0.00e+00	0.00e+00	0.00e+00	0.00e+00	0.00e+00	1.63e-67
 4.24231e+22	8.64e-29	2.88e-17	1.11e-12	4.13e-09	5.67e-05	1.88e-02	9.81e-01	0.00e+00	0.00e+00	0.00e+00	0.00e+00	0.00e+00	2.73e-67
 4.25387e+22	1.02e-28	3.23e-17	1.20e-12	4.35e-09	5.91e-05	1.93e-02	9.81e-01	0.00e+00	0.00e+00	0.00e+00	0.00e+00	0.00e+00	3.95e-67
 4.26518e+22	1.28e-28	3.80e-17	1.35e-12	4.66e-09	6.28e-05	1.99e-02	9.80e-01	0.00e+00	0.00e+00	0.00e+00	0.00e+00	0.00e+00	6.68e-67
 4.27647e+22	1.52e-28	4.27e-17	1.47e-12	4.91e-09	6.56e-05	2.04e-02	9.80e-01	0.00e+00	0.00e+00	0.00e+00	0.00e+00	0.00e+00	9.74e-67
 4.28770e+22	1.93e-28	5.07e-17	1.67e-12	5.29e-09	6.98e-05	2.11e-02	9.79e-01	0.00e+00	0.00e+00	0.00e+00	5.07e-17	5.83e-25	1.68e-66
 4.29897e+22	2.30e-28	5.75e-17	1.83e-12	5.61e-09	7.31e-05	2.16e-02	9.78e-01	0.00e+00	0.00e+00	0.00e+00	5.75e-17	1.96e-22	2.50e-66
 4.31026e+22	2.96e-28	6.90e-17	2.09e-12	6.08e-09	7.81e-05	2.24e-02	9.77e-01	0.00e+00	0.00e+00	0.00e+00	6.90e-17	2.35e-22	4.40e-66
 4.32160e+22	3.56e-28	7.89e-17	2.31e-12	6.47e-09	8.21e-05	2.30e-02	9.77e-01	0.00e+00	0.00e+00	0.00e+00	7.89e-17	2.69e-22	6.67e-66
 4.33301e+22	4.61e-28	9.54e-17	2.66e-12	7.07e-09	8.78e-05	2.39e-02	9.76e-01	0.00e+00	0.00e+00	0.00e+00	9.54e-17	3.25e-22	1.19e-65
 4.34401e+22	5.54e-28	1.09e-16	2.94e-12	7.53e-09	9.22e-05	2.45e-02	9.75e-01	0.00e+00	0.00e+00	0.00e+00	1.09e-16	3.71e-22	1.79e-65
 4.35451e+22	7.08e-28	1.31e-16	3.37e-12	8.21e-09	9.83e-05	2.53e-02	9.75e-01	0.00e+00	0.00e+00	0.00e+00	1.31e-16	4.46e-22	3.09e-65
 4.36519e+22	8.65e-28	1.52e-16	3.77e-12	8.81e-09	1.04e-04	2.60e-02	9.74e-01	0.00e+00	0.00e+00	0.00e+00	1.52e-16	5.17e-22	4.79e-65
 4.37611e+22	1.13e-27	1.85e-16	4.38e-12	9.70e-09	1.11e-04	2.69e-02	9.73e-01	0.00e+00	0.00e+00	0.00e+00	1.85e-16	6.31e-22	8.59e-65
 4.38722e+22	1.40e-27	2.18e-16	4.95e-12	1.05e-08	1.18e-04	2.77e-02	9.72e-01	0.00e+00	0.00e+00	0.00e+00	2.18e-16	7.41e-22	1.37e-64
 4.39857e+22	1.85e-27	2.70e-16	5.82e-12	1.17e-08	1.27e-04	2.88e-02	9.71e-01	0.00e+00	0.00e+00	0.00e+00	2.70e-16	9.19e-22	2.55e-64
 4.40999e+22	2.32e-27	3.20e-16	6.62e-12	1.27e-08	1.34e-04	2.96e-02	9.70e-01	0.00e+00	0.00e+00	0.00e+00	3.20e-16	1.09e-21	4.14e-64
 4.42152e+22	3.11e-27	4.01e-16	7.87e-12	1.42e-08	1.45e-04	3.08e-02	9.69e-01	0.00e+00	0.00e+00	0.00e+00	4.01e-16	1.36e-21	7.85e-64
 4.43277e+22	3.84e-27	4.72e-16	8.92e-12	1.54e-08	1.54e-04	3.17e-02	9.68e-01	0.00e+00	0.00e+00	0.00e+00	4.72e-16	1.61e-21	1.24e-63
 4.44369e+22	5.11e-27	5.88e-16	1.06e-11	1.73e-08	1.66e-04	3.29e-02	9.67e-01	0.00e+00	0.00e+00	0.00e+00	5.88e-16	2.00e-21	2.29e-63
 4.45480e+22	6.37e-27	6.97e-16	1.20e-11	1.88e-08	1.75e-04	3.38e-02	9.66e-01	0.00e+00	0.00e+00	0.00e+00	6.97e-16	2.37e-21	3.68e-63
 4.46617e+22	8.55e-27	8.77e-16	1.44e-11	2.12e-08	1.90e-04	3.52e-02	9.65e-01	0.00e+00	0.00e+00	0.00e+00	8.77e-16	2.98e-21	6.94e-63
 4.47753e+22	1.06e-26	1.04e-15	1.64e-11	2.32e-08	2.01e-04	3.62e-02	9.64e-01	0.00e+00	0.00e+00	0.00e+00	1.04e-15	3.54e-21	1.11e-62
 4.48886e+22	1.42e-26	1.31e-15	1.96e-11	2.61e-08	2.17e-04	3.76e-02	9.62e-01	0.00e+00	0.00e+00	0.00e+00	1.31e-15	4.45e-21	2.07e-62
 4.50036e+22	1.77e-26	1.55e-15	2.23e-11	2.86e-08	2.30e-04	3.87e-02	9.61e-01	0.00e+00	0.00e+00	0.00e+00	1.55e-15	5.28e-21	3.30e-62
 4.51209e+22	2.38e-26	1.96e-15	2.68e-11	3.23e-08	2.49e-04	4.02e-02	9.60e-01	0.00e+00	0.00e+00	0.00e+00	1.96e-15	6.66e-21	6.18e-62
 4.52410e+22	2.98e-26	2.33e-15	3.07e-11	3.55e-08	2.65e-04	4.14e-02	9.58e-01	0.00e+00	0.00e+00	0.00e+00	2.33e-15	7.95e-21	1.00e-61
 4.53650e+22	4.01e-26	2.95e-15	3.69e-11	4.02e-08	2.87e-04	4.30e-02	9.57e-01	0.00e+00	0.00e+00	0.00e+00	2.95e-15	1.01e-20	1.89e-61
 4.54926e+22	5.07e-26	3.56e-15	4.27e-11	4.44e-08	3.06e-04	4.44e-02	9.55e-01	0.00e+00	0.00e+00	0.00e+00	3.56e-15	1.21e-20	3.11e-61
 4.56055e+22	6.34e-26	4.26e-15	4.91e-11	4.89e-08	3.25e-04	4.57e-02	9.54e-01	0.00e+00	0.00e+00	0.00e+00	4.26e-15	1.45e-20	5.04e-61
 4.57329e+22	8.45e-26	5.36e-15	5.88e-11	5.53e-08	3.52e-04	4.75e-02	9.52e-01	0.00e+00	0.00e+00	0.00e+00	5.36e-15	1.82e-20	9.31e-61
 4.58620e+22	1.05e-25	6.39e-15	6.75e-11	6.09e-08	3.74e-04	4.89e-02	9.51e-01	0.00e+00	0.00e+00	0.00e+00	6.39e-15	2.18e-20	1.50e-60
 4.59932e+22	1.40e-25	8.04e-15	8.08e-11	6.89e-08	4.05e-04	5.08e-02	9.49e-01	0.00e+00	0.00e+00	0.00e+00	8.04e-15	2.74e-20	2.76e-60
 4.61246e+22	1.73e-25	9.53e-15	9.24e-11	7.56e-08	4.30e-04	5.23e-02	9.47e-01	0.00e+00	0.00e+00	0.00e+00	9.53e-15	3.25e-20	4.35e-60
 4.62563e+22	2.28e-25	1.19e-14	1.10e-10	8.53e-08	4.64e-04	5.43e-02	9.45e-01	0.00e+00	0.00e+00	0.00e+00	1.19e-14	4.05e-20	7.83e-60
 4.63909e+22	2.84e-25	1.42e-14	1.26e-10	9.39e-08	4.94e-04	5.59e-02	9.44e-01	0.00e+00	0.00e+00	0.00e+00	1.42e-14	4.83e-20	1.25e-59
 4.65295e+22	3.77e-25	1.78e-14	1.51e-10	1.06e-07	5.35e-04	5.81e-02	9.41e-01	0.00e+00	0.00e+00	0.00e+00	1.78e-14	6.06e-20	2.29e-59
 4.66699e+22	4.66e-25	2.11e-14	1.73e-10	1.17e-07	5.68e-04	5.98e-02	9.40e-01	0.00e+00	0.00e+00	0.00e+00	2.11e-14	7.20e-20	3.62e-59
 4.68129e+22	6.17e-25	2.64e-14	2.07e-10	1.32e-07	6.15e-04	6.21e-02	9.37e-01	0.00e+00	0.00e+00	0.00e+00	2.64e-14	9.01e-20	6.56e-59
 4.69513e+22	7.49e-25	3.09e-14	2.34e-10	1.44e-07	6.50e-04	6.38e-02	9.36e-01	0.00e+00	0.00e+00	0.00e+00	3.09e-14	1.05e-19	9.92e-59
 4.70837e+22	9.63e-25	3.79e-14	2.75e-10	1.62e-07	6.99e-04	6.60e-02	9.33e-01	0.00e+00	0.00e+00	0.00e+00	3.79e-14	1.29e-19	1.70e-58
 4.72185e+22	1.17e-24	4.44e-14	3.11e-10	1.77e-07	7.39e-04	6.78e-02	9.31e-01	0.00e+00	0.00e+00	0.00e+00	4.44e-14	1.51e-19	2.59e-58
 4.73566e+22	1.52e-24	5.48e-14	3.68e-10	1.99e-07	7.97e-04	7.03e-02	9.29e-01	0.00e+00	0.00e+00	0.00e+00	5.48e-14	1.87e-19	4.51e-58
 4.74959e+22	1.84e-24	6.38e-14	4.15e-10	2.16e-07	8.42e-04	7.21e-02	9.27e-01	0.00e+00	0.00e+00	0.00e+00	6.38e-14	2.17e-19	6.76e-58
 4.76369e+22	2.39e-24	7.87e-14	4.90e-10	2.43e-07	9.07e-04	7.47e-02	9.24e-01	0.00e+00	0.00e+00	0.00e+00	7.87e-14	2.68e-19	1.17e-57
 4.77802e+22	2.90e-24	9.19e-14	5.55e-10	2.65e-07	9.59e-04	7.68e-02	9.22e-01	0.00e+00	0.00e+00	0.00e+00	9.19e-14	3.13e-19	1.77e-57
 4.79265e+22	3.76e-24	1.13e-13	6.56e-10	2.99e-07	1.03e-03	7.96e-02	9.19e-01	0.00e+00	0.00e+00	0.00e+00	1.13e-13	3.87e-19	3.08e-57
 4.80694e+22	4.49e-24	1.31e-13	7.35e-10	3.24e-07	1.09e-03	8.15e-02	9.17e-01	0.00e+00	0.00e+00	0.00e+00	1.31e-13	4.46e-19	4.49e-57
 4.82078e+22	5.72e-24	1.59e-13	8.58e-10	3.61e-07	1.17e-03	8.43e-02	9.15e-01	0.00e+00	0.00e+00	0.00e+00	1.59e-13	5.42e-19	7.49e-57
 4.83490e+22	6.86e-24	1.84e-13	9.63e-10	3.92e-07	1.23e-03	8.64e-02	9.12e-01	0.00e+00	0.00e+00	0.00e+00	1.84e-13	6.26e-19	1.10e-56
 4.84936e+22	8.74e-24	2.24e-13	1.13e-09	4.39e-07	1.32e-03	8.94e-02	9.09e-01	0.00e+00	0.00e+00	0.00e+00	2.24e-13	7.62e-19	1.84e-56
 4.86409e+22	1.05e-23	2.60e-13	1.27e-09	4.78e-07	1.40e-03	9.17e-02	9.07e-01	0.00e+00	0.00e+00	0.00e+00	2.60e-13	8.85e-19	2.73e-56
 4.87918e+22	1.35e-23	3.17e-13	1.49e-09	5.35e-07	1.50e-03	9.49e-02	9.04e-01	0.00e+00	0.00e+00	0.00e+00	3.17e-13	1.08e-18	4.61e-56
 4.89454e+22	1.63e-23	3.68e-13	1.68e-09	5.83e-07	1.59e-03	9.74e-02	9.01e-01	0.00e+00	0.00e+00	0.00e+00	3.68e-13	1.26e-18	6.87e-56
 4.91027e+22	2.09e-23	4.50e-13	1.97e-09	6.54e-07	1.71e-03	1.01e-01	8.97e-01	0.00e+00	0.00e+00	0.00e+00	4.50e-13	1.54e-18	1.16e-55
 4.92634e+22	2.53e-23	5.25e-13	2.23e-09	7.15e-07	1.81e-03	1.04e-01	8.95e-01	0.00e+00	0.00e+00	0.00e+00	5.25e-13	1.79e-18	1.75e-55
 4.94284e+22	3.25e-23	6.42e-13	2.62e-09	8.02e-07	1.95e-03	1.07e-01	8.91e-01	0.00e+00	0.00e+00	0.00e+00	6.42e-13	2.19e-18	2.97e-55
 4.95985e+22	4.00e-23	7.56e-13	2.99e-09	8.82e-07	2.07e-03	1.10e-01	8.88e-01	0.00e+00	0.00e+00	0.00e+00	7.56e-13	2.58e-18	4.58e-55
 4.97753e+22	5.19e-23	9.31e-13	3.53e-09	9.94e-07	2.24e-03	1.14e-01	8.83e-01	0.00e+00	0.00e+00	0.00e+00	9.31e-13	3.18e-18	7.92e-55
 4.99467e+22	6.23e-23	1.07e-12	3.96e-09	1.08e-06	2.36e-03	1.17e-01	8.80e-01	0.00e+00	0.00e+00	0.00e+00	1.07e-12	3.67e-18	1.16e-54
 5.01114e+22	8.00e-23	1.31e-12	4.64e-09	1.21e-06	2.54e-03	1.21e-01	8.76e-01	0.00e+00	0.00e+00	0.00e+00	1.31e-12	4.47e-18	1.95e-54
 5.02794e+22	9.66e-23	1.52e-12	5.22e-09	1.32e-06	2.68e-03	1.24e-01	8.73e-01	0.00e+00	0.00e+00	0.00e+00	1.52e-12	5.18e-18	2.89e-54
 5.04521e+22	1.22e-22	1.83e-12	6.06e-09	1.47e-06	2.87e-03	1.28e-01	8.69e-01	0.00e+00	0.00e+00	0.00e+00	1.83e-12	6.23e-18	4.72e-54
 5.06346e+22	1.53e-22	2.17e-12	6.96e-09	1.62e-06	3.06e-03	1.32e-01	8.65e-01	0.00e+00	0.00e+00	0.00e+00	2.17e-12	7.41e-18	7.44e-54
 5.08025e+22	1.88e-22	2.55e-12	7.92e-09	1.78e-06	3.25e-03	1.36e-01	8.61e-01	0.00e+00	0.00e+00	0.00e+00	2.55e-12	8.70e-18	1.14e-53
 5.09933e+22	2.45e-22	3.12e-12	9.32e-09	2.01e-06	3.51e-03	1.41e-01	8.56e-01	0.00e+00	0.00e+00	0.00e+00	3.12e-12	1.07e-17	1.95e-53
 5.11939e+22	3.10e-22	3.73e-12	1.08e-08	2.23e-06	3.75e-03	1.45e-01	8.51e-01	0.00e+00	0.00e+00	0.00e+00	3.73e-12	1.27e-17	3.13e-53
 5.14075e+22	4.14e-22	4.65e-12	1.29e-08	2.54e-06	4.07e-03	1.51e-01	8.45e-01	0.00e+00	0.00e+00	0.00e+00	4.65e-12	1.59e-17	5.64e-53
 5.16153e+22	5.13e-22	5.47e-12	1.47e-08	2.79e-06	4.33e-03	1.55e-01	8.41e-01	0.00e+00	0.00e+00	0.00e+00	5.47e-12	1.87e-17	8.68e-53
 5.18153e+22	6.76e-22	6.75e-12	1.74e-08	3.15e-06	4.68e-03	1.60e-01	8.35e-01	0.00e+00	0.00e+00	0.00e+00	6.75e-12	2.31e-17	1.51e-52
 5.20176e+22	8.40e-22	7.95e-12	1.98e-08	3.47e-06	4.98e-03	1.65e-01	8.30e-01	0.00e+00	0.00e+00	0.00e+00	7.95e-12	2.72e-17	2.33e-52
 5.22227e+22	1.11e-21	9.83e-12	2.35e-08	3.93e-06	5.39e-03	1.71e-01	8.24e-01	0.00e+00	0.00e+00	0.00e+00	9.83e-12	3.36e-17	4.08e-52
 5.24306e+22	1.39e-21	1.16e-11	2.69e-08	4.33e-06	5.73e-03	1.76e-01	8.19e-01	0.00e+00	0.00e+00	0.00e+00	1.16e-11	3.98e-17	6.36e-52
 5.26422e+22	1.86e-21	1.45e-11	3.21e-08	4.93e-06	6.22e-03	1.82e-01	8.12e-01	0.00e+00	0.00e+00	0.00e+00	1.45e-11	4.96e-17	1.13e-51
 5.28565e+22	2.34e-21	1.72e-11	3.68e-08	5.45e-06	6.63e-03	1.87e-01	8.06e-01	0.00e+00	0.00e+00	0.00e+00	1.72e-11	5.88e-17	1.78e-51
 5.30742e+22	3.18e-21	2.17e-11	4.45e-08	6.25e-06	7.23e-03	1.95e-01	7.98e-01	0.00e+00	0.00e+00	0.00e+00	2.17e-11	7.43e-17	3.25e-51
 5.32925e+22	3.98e-21	2.57e-11	5.09e-08	6.90e-06	7.70e-03	2.00e-01	7.92e-01	0.00e+00	0.00e+00	0.00e+00	2.57e-11	8.80e-17	5.06e-51
 5.35115e+22	5.42e-21	3.24e-11	6.16e-08	7.91e-06	8.40e-03	2.08e-01	7.84e-01	0.00e+00	0.00e+00	0.00e+00	3.24e-11	1.11e-16	9.24e-51
 5.37331e+22	6.86e-21	3.87e-11	7.11e-08	8.78e-06	8.97e-03	2.14e-01	7.77e-01	0.00e+00	0.00e+00	0.00e+00	3.87e-11	1.33e-16	1.47e-50
 5.39582e+22	9.38e-21	4.92e-11	8.62e-08	1.01e-05	9.79e-03	2.22e-01	7.68e-01	0.00e+00	0.00e+00	0.00e+00	4.92e-11	1.69e-16	2.70e-50
 5.41866e+22	1.20e-20	5.91e-11	1.00e-07	1.13e-05	1.05e-02	2.29e-01	7.61e-01	0.00e+00	0.00e+00	0.00e+00	5.91e-11	2.03e-16	4.33e-50
 5.44193e+22	1.66e-20	7.61e-11	1.23e-07	1.31e-05	1.15e-02	2.38e-01	7.51e-01	0.00e+00	0.00e+00	0.00e+00	7.61e-11	2.61e-16	8.17e-50
 5.46376e+22	2.04e-20	8.92e-11	1.40e-07	1.44e-05	1.22e-02	2.44e-01	7.44e-01	0.00e+00	0.00e+00	0.00e+00	8.92e-11	3.07e-16	1.23e-49
 5.48371e+22	2.70e-20	1.11e-10	1.67e-07	1.63e-05	1.32e-02	2.52e-01	7.35e-01	0.00e+00	0.00e+00	0.00e+00	1.11e-10	3.81e-16	2.10e-49
 5.50412e+22	3.35e-20	1.31e-10	1.91e-07	1.80e-05	1.40e-02	2.59e-01	7.27e-01	0.00e+00	0.00e+00	0.00e+00	1.31e-10	4.50e-16	3.20e-49
 5.52513e+22	4.50e-20	1.65e-10	2.31e-07	2.07e-05	1.53e-02	2.68e-01	7.17e-01	0.00e+00	0.00e+00	0.00e+00	1.65e-10	5.68e-16	5.66e-49
 5.54634e+22	5.63e-20	1.96e-10	2.65e-07	2.29e-05	1.63e-02	2.75e-01	7.09e-01	0.00e+00	0.00e+00	0.00e+00	1.96e-10	6.74e-16	8.68e-49
 5.56780e+22	7.57e-20	2.47e-10	3.22e-07	2.63e-05	1.78e-02	2.85e-01	6.98e-01	0.00e+00	0.00e+00	0.00e+00	2.47e-10	8.53e-16	1.54e-48
 5.58970e+22	9.63e-20	2.98e-10	3.75e-07	2.94e-05	1.90e-02	2.92e-01	6.88e-01	0.00e+00	0.00e+00	0.00e+00	2.98e-10	1.03e-15	2.42e-48
 5.61216e+22	1.31e-19	3.80e-10	4.58e-07	3.41e-05	2.08e-02	3.03e-01	6.76e-01	0.00e+00	0.00e+00	0.00e+00	3.80e-10	1.31e-15	4.34e-48
 5.63514e+22	1.68e-19	4.63e-10	5.39e-07	3.84e-05	2.24e-02	3.12e-01	6.66e-01	0.00e+00	0.00e+00	0.00e+00	4.63e-10	1.60e-15	6.95e-48
 5.65880e+22	2.31e-19	5.98e-10	6.66e-07	4.48e-05	2.46e-02	3.23e-01	6.52e-01	0.00e+00	0.00e+00	0.00e+00	5.98e-10	2.07e-15	1.27e-47
 5.68283e+22	2.99e-19	7.32e-10	7.89e-07	5.07e-05	2.65e-02	3.33e-01	6.41e-01	0.00e+00	0.00e+00	0.00e+00	7.32e-10	2.54e-15	2.05e-47
 5.70691e+22	4.08e-19	9.46e-10	9.77e-07	5.94e-05	2.92e-02	3.45e-01	6.26e-01	0.00e+00	0.00e+00	0.00e+00	9.46e-10	3.28e-15	3.71e-47
 5.73118e+22	5.28e-19	1.16e-09	1.16e-06	6.74e-05	3.15e-02	3.55e-01	6.14e-01	0.00e+00	0.00e+00	0.00e+00	1.16e-09	4.02e-15	5.93e-47
 5.75500e+22	7.12e-19	1.48e-09	1.42e-06	7.84e-05	3.45e-02	3.66e-01	5.99e-01	0.00e+00	0.00e+00	0.00e+00	1.48e-09	5.14e-15	1.03e-46
 5.77907e+22	9.26e-19	1.82e-09	1.69e-06	8.92e-05	3.73e-02	3.77e-01	5.86e-01	0.00e+00	0.00e+00	0.00e+00	1.82e-09	6.32e-15	1.64e-46
 5.80004e+22	1.16e-18	2.18e-09	1.98e-06	1.00e-04	3.99e-02	3.86e-01	5.74e-01	0.00e+00	0.00e+00	0.00e+00	2.18e-09	7.58e-15	2.46e-46
 5.82232e+22	1.54e-18	2.73e-09	2.40e-06	1.15e-04	4.35e-02	3.97e-01	5.60e-01	0.00e+00	0.00e+00	0.00e+00	2.73e-09	9.52e-15	4.06e-46
 5.84479e+22	1.94e-18	3.26e-09	2.79e-06	1.29e-04	4.65e-02	4.06e-01	5.47e-01	0.00e+00	0.00e+00	0.00e+00	3.26e-09	1.14e-14	6.03e-46
 5.86479e+22	2.42e-18	3.89e-09	3.25e-06	1.45e-04	4.97e-02	4.15e-01	5.35e-01	0.00e+00	0.00e+00	0.00e+00	3.89e-09	1.36e-14	8.86e-46
 5.88705e+22	3.20e-18	4.82e-09	3.91e-06	1.67e-04	5.39e-02	4.26e-01	5.20e-01	0.00e+00	0.00e+00	0.00e+00	4.82e-09	1.69e-14	1.41e-45
 5.90908e+22	3.98e-18	5.68e-09	4.51e-06	1.85e-04	5.74e-02	4.34e-01	5.08e-01	0.00e+00	0.00e+00	0.00e+00	5.68e-09	1.99e-14	2.02e-45
 5.93141e+22	5.25e-18	7.02e-09	5.43e-06	2.13e-04	6.23e-02	4.45e-01	4.93e-01	0.00e+00	0.00e+00	0.00e+00	7.02e-09	2.47e-14	3.18e-45
 5.95375e+22	6.50e-18	8.22e-09	6.23e-06	2.37e-04	6.61e-02	4.53e-01	4.81e-01	0.00e+00	0.00e+00	0.00e+00	8.22e-09	2.90e-14	4.48e-45
 5.97608e+22	8.51e-18	1.01e-08	7.46e-06	2.71e-04	7.15e-02	4.63e-01	4.65e-01	0.00e+00	0.00e+00	0.00e+00	1.01e-08	3.56e-14	6.91e-45
 5.99853e+22	1.05e-17	1.18e-08	8.54e-06	3.01e-04	7.58e-02	4.71e-01	4.53e-01	0.00e+00	0.00e+00	0.00e+00	1.18e-08	4.17e-14	9.62e-45
 6.02114e+22	1.37e-17	1.43e-08	1.02e-05	3.44e-04	8.18e-02	4.80e-01	4.38e-01	0.00e+00	0.00e+00	0.00e+00	1.43e-08	5.10e-14	1.46e-44
 6.04392e+22	1.70e-17	1.67e-08	1.16e-05	3.81e-04	8.67e-02	4.87e-01	4.26e-01	0.00e+00	0.00e+00	0.00e+00	1.67e-08	5.94e-14	2.02e-44
 6.06692e+22	2.21e-17	2.02e-08	1.38e-05	4.34e-04	9.33e-02	4.96e-01	4.10e-01	0.00e+00	0.00e+00	0.00e+00	2.02e-08	7.24e-14	3.04e-44
 6.09022e+22	2.72e-17	2.35e-08	1.58e-05	4.81e-04	9.88e-02	5.03e-01	3.98e-01	0.00e+00	0.00e+00	0.00e+00	2.35e-08	8.43e-14	4.19e-44
 6.11392e+22	3.54e-17	2.84e-08	1.88e-05	5.49e-04	1.06e-01	5.11e-01	3.82e-01	0.00e+00	0.00e+00	0.00e+00	2.84e-08	1.03e-13	6.26e-44
 6.13800e+22	4.37e-17	3.29e-08	2.15e-05	6.08e-04	1.12e-01	5.17e-01	3.70e-01	0.00e+00	0.00e+00	0.00e+00	3.29e-08	1.19e-13	8.63e-44
 6.16257e+22	5.68e-17	3.98e-08	2.55e-05	6.93e-04	1.21e-01	5.24e-01	3.54e-01	5.68e-17	1.34e-21	3.15e-22	3.98e-08	1.45e-13	1.29e-43
 6.18780e+22	7.05e-17	4.63e-08	2.92e-05	7.70e-04	1.28e-01	5.29e-01	3.42e-01	7.04e-17	5.63e-20	8.64e-21	4.63e-08	1.69e-13	1.79e-43
 6.21388e+22	9.21e-17	5.61e-08	3.49e-05	8.82e-04	1.38e-01	5.36e-01	3.26e-01	9.20e-17	7.37e-20	1.13e-20	5.61e-08	2.07e-13	2.69e-43
 6.24005e+22	1.14e-16	6.49e-08	3.98e-05	9.76e-04	1.45e-01	5.40e-01	3.14e-01	1.13e-16	9.09e-20	1.40e-20	6.49e-08	2.40e-13	3.72e-43
 6.26214e+22	1.37e-16	7.41e-08	4.50e-05	1.07e-03	1.53e-01	5.44e-01	3.03e-01	1.37e-16	1.10e-19	1.69e-20	7.41e-08	2.76e-13	4.97e-43
 6.28666e+22	1.74e-16	8.79e-08	5.26e-05	1.21e-03	1.63e-01	5.48e-01	2.88e-01	1.74e-16	1.40e-19	2.15e-20	8.79e-08	3.29e-13	7.21e-43
 6.31015e+22	2.06e-16	9.87e-08	5.85e-05	1.31e-03	1.70e-01	5.50e-01	2.79e-01	2.06e-16	1.66e-19	2.55e-20	9.87e-08	3.72e-13	9.35e-43
 6.33229e+22	2.54e-16	1.14e-07	6.71e-05	1.46e-03	1.79e-01	5.53e-01	2.67e-01	2.54e-16	2.04e-19	3.15e-20	1.14e-07	4.34e-13	1.30e-42
 6.35475e+22	3.01e-16	1.28e-07	7.46e-05	1.59e-03	1.87e-01	5.54e-01	2.57e-01	3.00e-16	2.42e-19	3.72e-20	1.28e-07	4.89e-13	1.69e-42
 6.37761e+22	3.70e-16	1.49e-07	8.56e-05	1.77e-03	1.97e-01	5.56e-01	2.45e-01	3.70e-16	2.98e-19	4.60e-20	1.49e-07	5.71e-13	2.34e-42
 6.40061e+22	4.37e-16	1.67e-07	9.50e-05	1.91e-03	2.05e-01	5.56e-01	2.36e-01	4.37e-16	3.53e-19	5.44e-20	1.67e-07	6.43e-13	3.05e-42
 6.42380e+22	5.37e-16	1.93e-07	1.09e-04	2.12e-03	2.16e-01	5.57e-01	2.25e-01	5.37e-16	4.34e-19	6.69e-20	1.93e-07	7.48e-13	4.22e-42
 6.44728e+22	6.34e-16	2.16e-07	1.21e-04	2.30e-03	2.25e-01	5.57e-01	2.16e-01	6.34e-16	5.13e-19	7.92e-20	2.16e-07	8.42e-13	5.54e-42
 6.47116e+22	7.79e-16	2.49e-07	1.38e-04	2.56e-03	2.37e-01	5.56e-01	2.05e-01	7.78e-16	6.31e-19	9.75e-20	2.49e-07	9.79e-13	7.71e-42
 6.49540e+22	9.21e-16	2.80e-07	1.53e-04	2.77e-03	2.46e-01	5.55e-01	1.96e-01	9.20e-16	7.47e-19	1.16e-19	2.80e-07	1.10e-12	1.02e-41
 6.52012e+22	1.13e-15	3.23e-07	1.76e-04	3.08e-03	2.59e-01	5.53e-01	1.85e-01	1.13e-15	9.20e-19	1.42e-19	3.23e-07	1.28e-12	1.43e-41
 6.54530e+22	1.34e-15	3.62e-07	1.95e-04	3.33e-03	2.69e-01	5.50e-01	1.77e-01	1.34e-15	1.09e-18	1.69e-19	3.62e-07	1.45e-12	1.90e-41
 6.57106e+22	1.65e-15	4.19e-07	2.24e-04	3.71e-03	2.83e-01	5.47e-01	1.67e-01	1.65e-15	1.35e-18	2.09e-19	4.19e-07	1.68e-12	2.69e-41
 6.59735e+22	1.97e-15	4.71e-07	2.49e-04	4.02e-03	2.93e-01	5.44e-01	1.59e-01	1.97e-15	1.61e-18	2.50e-19	4.71e-07	1.90e-12	3.65e-41
 6.62433e+22	2.43e-15	5.45e-07	2.87e-04	4.49e-03	3.08e-01	5.39e-01	1.48e-01	2.43e-15	1.99e-18	3.09e-19	5.45e-07	2.22e-12	5.20e-41
 6.65142e+22	2.89e-15	6.12e-07	3.19e-04	4.86e-03	3.19e-01	5.35e-01	1.41e-01	2.88e-15	2.37e-18	3.68e-19	6.12e-07	2.50e-12	7.03e-41
 6.67864e+22	3.55e-15	7.06e-07	3.65e-04	5.40e-03	3.34e-01	5.28e-01	1.32e-01	3.55e-15	2.92e-18	4.55e-19	7.06e-07	2.91e-12	1.01e-40
 6.70627e+22	4.23e-15	7.93e-07	4.05e-04	5.84e-03	3.46e-01	5.23e-01	1.25e-01	4.22e-15	3.48e-18	5.43e-19	7.93e-07	3.28e-12	1.38e-40
 6.73028e+22	4.95e-15	8.82e-07	4.48e-04	6.32e-03	3.58e-01	5.17e-01	1.18e-01	4.95e-15	4.09e-18	6.38e-19	8.82e-07	3.68e-12	1.83e-40
 6.75736e+22	6.06e-15	1.01e-06	5.10e-04	6.98e-03	3.73e-01	5.10e-01	1.10e-01	6.05e-15	5.01e-18	7.83e-19	1.01e-06	4.25e-12	2.64e-40
 6.78471e+22	7.16e-15	1.13e-06	5.63e-04	7.51e-03	3.84e-01	5.03e-01	1.04e-01	7.15e-15	5.94e-18	9.29e-19	1.13e-06	4.77e-12	3.59e-40
 6.80752e+22	8.25e-15	1.24e-06	6.15e-04	8.04e-03	3.95e-01	4.97e-01	9.89e-02	8.25e-15	6.86e-18	1.07e-18	1.24e-06	5.27e-12	4.68e-40
 6.83229e+22	9.85e-15	1.40e-06	6.89e-04	8.77e-03	4.09e-01	4.89e-01	9.23e-02	9.84e-15	8.21e-18	1.29e-18	1.40e-06	5.99e-12	6.52e-40
 6.85685e+22	1.13e-14	1.54e-06	7.50e-04	9.35e-03	4.20e-01	4.83e-01	8.78e-02	1.13e-14	9.47e-18	1.49e-18	1.54e-06	6.61e-12	8.51e-40
 6.88114e+22	1.35e-14	1.72e-06	8.33e-04	1.01e-02	4.33e-01	4.74e-01	8.22e-02	1.35e-14	1.13e-17	1.77e-18	1.72e-06	7.47e-12	1.19e-39
 6.90645e+22	1.56e-14	1.90e-06	9.14e-04	1.09e-02	4.45e-01	4.66e-01	7.74e-02	1.56e-14	1.31e-17	2.07e-18	1.90e-06	8.29e-12	1.57e-39
 6.92900e+22	1.81e-14	2.09e-06	9.95e-04	1.16e-02	4.55e-01	4.59e-01	7.33e-02	1.80e-14	1.52e-17	2.40e-18	2.09e-06	9.16e-12	2.08e-39
 6.95421e+22	2.16e-14	2.35e-06	1.10e-03	1.25e-02	4.68e-01	4.50e-01	6.84e-02	2.16e-14	1.82e-17	2.88e-18	2.35e-06	1.04e-11	2.96e-39
 6.98084e+22	2.54e-14	2.60e-06	1.22e-03	1.35e-02	4.80e-01	4.41e-01	6.41e-02	2.54e-14	2.15e-17	3.40e-18	2.60e-06	1.16e-11	4.04e-39
 7.00509e+22	2.94e-14	2.87e-06	1.33e-03	1.44e-02	4.92e-01	4.32e-01	6.03e-02	2.94e-14	2.50e-17	3.96e-18	2.87e-06	1.29e-11	5.44e-39
 7.03241e+22	3.58e-14	3.25e-06	1.48e-03	1.56e-02	5.06e-01	4.22e-01	5.57e-02	3.57e-14	3.05e-17	4.84e-18	3.25e-06	1.47e-11	8.00e-39
 7.06051e+22	4.21e-14	3.60e-06	1.63e-03	1.67e-02	5.17e-01	4.12e-01	5.21e-02	4.21e-14	3.61e-17	5.73e-18	3.60e-06	1.64e-11	1.10e-38
 7.08577e+22	4.93e-14	3.98e-06	1.78e-03	1.79e-02	5.29e-01	4.03e-01	4.87e-02	4.93e-14	4.24e-17	6.74e-18	3.98e-06	1.83e-11	1.52e-38
 7.11473e+22	6.07e-14	4.53e-06	1.99e-03	1.94e-02	5.43e-01	3.91e-01	4.47e-02	6.06e-14	5.24e-17	8.35e-18	4.53e-06	2.11e-11	2.30e-38
 7.14412e+22	7.19e-14	5.02e-06	2.19e-03	2.08e-02	5.54e-01	3.81e-01	4.16e-02	7.18e-14	6.23e-17	9.95e-18	5.02e-06	2.36e-11	3.22e-38
 7.17017e+22	8.48e-14	5.57e-06	2.39e-03	2.22e-02	5.65e-01	3.71e-01	3.87e-02	8.48e-14	7.38e-17	1.18e-17	5.57e-06	2.64e-11	4.50e-38
 7.20013e+22	1.06e-13	6.34e-06	2.68e-03	2.41e-02	5.79e-01	3.59e-01	3.53e-02	1.05e-13	9.23e-17	1.48e-17	6.34e-06	3.05e-11	6.94e-38
 7.23064e+22	1.26e-13	7.06e-06	2.94e-03	2.58e-02	5.90e-01	3.48e-01	3.27e-02	1.26e-13	1.11e-16	1.79e-17	7.06e-06	3.43e-11	9.91e-38
 7.26188e+22	1.59e-13	8.08e-06	3.30e-03	2.80e-02	6.04e-01	3.35e-01	2.97e-02	1.59e-13	1.41e-16	2.27e-17	8.08e-06	3.98e-11	1.56e-37
 7.29361e+22	1.93e-13	9.03e-06	3.62e-03	2.99e-02	6.14e-01	3.25e-01	2.74e-02	1.93e-13	1.71e-16	2.77e-17	9.03e-06	4.50e-11	2.27e-37
 7.32597e+22	2.45e-13	1.04e-05	4.07e-03	3.25e-02	6.27e-01	3.12e-01	2.48e-02	2.45e-13	2.19e-16	3.55e-17	1.04e-05	5.24e-11	3.64e-37
 7.35921e+22	3.03e-13	1.16e-05	4.49e-03	3.49e-02	6.38e-01	3.00e-01	2.26e-02	3.02e-13	2.73e-16	4.43e-17	1.16e-05	5.96e-11	5.40e-37
 7.38823e+22	3.71e-13	1.30e-05	4.91e-03	3.71e-02	6.47e-01	2.90e-01	2.08e-02	3.71e-13	3.36e-16	5.47e-17	1.30e-05	6.74e-11	7.89e-37
 7.42059e+22	4.82e-13	1.49e-05	5.49e-03	4.01e-02	6.58e-01	2.78e-01	1.88e-02	4.81e-13	4.40e-16	7.18e-17	1.49e-05	7.85e-11	1.27e-36
 7.45493e+22	6.18e-13	1.68e-05	6.08e-03	4.30e-02	6.67e-01	2.67e-01	1.70e-02	6.17e-13	5.68e-16	9.31e-17	1.68e-05	9.04e-11	1.96e-36
 7.48290e+22	7.47e-13	1.85e-05	6.57e-03	4.54e-02	6.74e-01	2.58e-01	1.58e-02	7.46e-13	6.91e-16	1.13e-16	1.85e-05	1.01e-10	2.73e-36
 7.51033e+22	9.50e-13	2.07e-05	7.19e-03	4.83e-02	6.82e-01	2.48e-01	1.44e-02	9.49e-13	8.85e-16	1.46e-16	2.07e-05	1.14e-10	4.06e-36
 7.53956e+22	1.20e-12	2.30e-05	7.81e-03	5.11e-02	6.89e-01	2.39e-01	1.33e-02	1.20e-12	1.13e-15	1.86e-16	2.30e-05	1.29e-10	5.88e-36
 7.56676e+22	1.50e-12	2.54e-05	8.46e-03	5.39e-02	6.95e-01	2.30e-01	1.22e-02	1.50e-12	1.42e-15	2.35e-16	2.54e-05	1.44e-10	8.41e-36
 7.59775e+22	2.05e-12	2.89e-05	9.36e-03	5.77e-02	7.02e-01	2.20e-01	1.10e-02	2.05e-12	1.95e-15	3.24e-16	2.89e-05	1.68e-10	1.34e-35
 7.62959e+22	2.82e-12	3.23e-05	1.02e-02	6.12e-02	7.08e-01	2.11e-01	1.00e-02	2.82e-12	2.71e-15	4.52e-16	3.23e-05	1.90e-10	1.98e-35
 7.65780e+22	3.70e-12	3.58e-05	1.11e-02	6.46e-02	7.13e-01	2.02e-01	9.20e-03	3.69e-12	3.58e-15	5.98e-16	3.58e-05	2.15e-10	2.88e-35
 7.68972e+22	5.64e-12	4.09e-05	1.23e-02	6.90e-02	7.18e-01	1.92e-01	8.24e-03	5.63e-12	5.52e-15	9.25e-16	4.09e-05	2.51e-10	4.64e-35
 7.72209e+22	8.86e-12	4.56e-05	1.33e-02	7.30e-02	7.23e-01	1.84e-01	7.50e-03	8.85e-12	8.75e-15	1.47e-15	4.56e-05	2.85e-10	6.88e-35
 7.75042e+22	1.31e-11	5.06e-05	1.44e-02	7.69e-02	7.26e-01	1.76e-01	6.84e-03	1.30e-11	1.30e-14	2.20e-15	5.06e-05	3.22e-10	1.01e-34
 7.78260e+22	2.47e-11	5.78e-05	1.60e-02	8.20e-02	7.30e-01	1.66e-01	6.11e-03	2.47e-11	2.49e-14	4.22e-15	5.78e-05	3.77e-10	1.63e-34
 7.81582e+22	5.55e-11	6.48e-05	1.74e-02	8.66e-02	7.32e-01	1.58e-01	5.52e-03	5.54e-11	5.65e-14	9.62e-15	6.48e-05	4.31e-10	2.49e-34
 7.84560e+22	1.06e-10	7.23e-05	1.89e-02	9.13e-02	7.34e-01	1.51e-01	5.00e-03	1.05e-10	1.09e-13	1.86e-14	7.23e-05	4.91e-10	3.77e-34
 7.87950e+22	2.57e-10	8.32e-05	2.09e-02	9.74e-02	7.35e-01	1.42e-01	4.42e-03	2.57e-10	2.68e-13	4.60e-14	8.32e-05	5.81e-10	6.50e-34
 7.91442e+22	5.72e-10	9.38e-05	2.28e-02	1.03e-01	7.36e-01	1.34e-01	3.95e-03	5.72e-10	6.05e-13	1.04e-13	9.38e-05	6.71e-10	1.07e-33
 7.94552e+22	7.89e-10	1.05e-04	2.48e-02	1.08e-01	7.36e-01	1.27e-01	3.56e-03	7.88e-10	8.44e-13	1.46e-13	1.05e-04	7.70e-10	1.65e-33
 7.98081e+22	1.11e-09	1.21e-04	2.75e-02	1.16e-01	7.35e-01	1.19e-01	3.11e-03	1.11e-09	1.20e-12	2.09e-13	1.21e-04	9.17e-10	2.85e-33
 8.01705e+22	1.46e-09	1.37e-04	3.00e-02	1.22e-01	7.33e-01	1.12e-01	2.77e-03	1.46e-09	1.61e-12	2.80e-13	1.37e-04	1.07e-09	4.55e-33
 8.04906e+22	1.81e-09	1.54e-04	3.26e-02	1.28e-01	7.31e-01	1.06e-01	2.47e-03	1.80e-09	2.02e-12	3.53e-13	1.54e-04	1.23e-09	7.00e-33
 8.08521e+22	2.35e-09	1.79e-04	3.62e-02	1.36e-01	7.27e-01	9.81e-02	2.15e-03	2.34e-09	2.67e-12	4.70e-13	1.79e-04	1.48e-09	1.21e-32
