#depth	O	O+	O+2	O+3	O+4	O+5	O+6	O+7	O+8	O[1]	O[2]	O[3]
 1.54284e+22	2.78e-07	9.04e-04	9.82e-02	5.27e-01	2.76e-01	8.07e-02	1.74e-02	1.70e-04	4.19e-07	2.78e-07	1.27e-15	1.53e-15
 3.57037e+22	9.04e-07	1.98e-03	1.51e-01	5.70e-01	2.20e-01	4.92e-02	8.05e-03	5.44e-05	0.00e+00	9.04e-07	4.73e-15	5.68e-15
 4.29740e+22	1.58e-06	2.85e-03	1.83e-01	5.78e-01	1.93e-01	3.77e-02	5.41e-03	3.05e-05	0.00e+00	1.58e-06	8.92e-15	1.07e-14
 4.73362e+22	2.44e-06	3.78e-03	2.11e-01	5.80e-01	1.72e-01	3.02e-02	3.91e-03	1.90e-05	0.00e+00	2.44e-06	1.46e-14	1.74e-14
 4.99583e+22	2.87e-06	4.21e-03	2.22e-01	5.79e-01	1.64e-01	2.77e-02	3.44e-03	1.58e-05	0.00e+00	2.87e-06	1.76e-14	2.10e-14
 5.15301e+22	3.46e-06	4.75e-03	2.35e-01	5.77e-01	1.55e-01	2.50e-02	2.97e-03	1.28e-05	0.00e+00	3.46e-06	2.18e-14	2.60e-14
 5.32430e+22	4.14e-06	5.33e-03	2.49e-01	5.74e-01	1.47e-01	2.26e-02	2.58e-03	1.04e-05	0.00e+00	4.14e-06	2.68e-14	3.19e-14
 5.48704e+22	4.88e-06	5.93e-03	2.62e-01	5.70e-01	1.40e-01	2.06e-02	2.26e-03	8.61e-06	0.00e+00	4.88e-06	3.24e-14	3.85e-14
 5.67173e+22	6.05e-06	6.81e-03	2.79e-01	5.64e-01	1.30e-01	1.82e-02	1.89e-03	6.67e-06	0.00e+00	6.05e-06	4.16e-14	4.94e-14
 5.85875e+22	7.23e-06	7.63e-03	2.94e-01	5.58e-01	1.23e-01	1.63e-02	1.62e-03	5.36e-06	0.00e+00	7.23e-06	5.11e-14	6.07e-14
 6.02260e+22	8.56e-06	8.50e-03	3.08e-01	5.52e-01	1.16e-01	1.47e-02	1.40e-03	4.36e-06	0.00e+00	8.56e-06	6.22e-14	7.38e-14
 6.16785e+22	9.77e-06	9.26e-03	3.20e-01	5.46e-01	1.10e-01	1.35e-02	1.25e-03	3.68e-06	0.00e+00	9.77e-06	7.27e-14	8.61e-14
 6.31514e+22	1.16e-05	1.03e-02	3.35e-01	5.38e-01	1.03e-01	1.21e-02	1.08e-03	2.98e-06	0.00e+00	1.16e-05	8.85e-14	1.05e-13
 6.50660e+22	1.44e-05	1.18e-02	3.55e-01	5.26e-01	9.50e-02	1.05e-02	8.82e-04	2.24e-06	0.00e+00	1.44e-05	1.14e-13	1.35e-13
 6.70005e+22	1.70e-05	1.32e-02	3.71e-01	5.16e-01	8.88e-02	9.35e-03	7.54e-04	1.79e-06	0.00e+00	1.70e-05	1.39e-13	1.65e-13
 6.89606e+22	2.11e-05	1.51e-02	3.93e-01	5.03e-01	8.11e-02	8.04e-03	6.14e-04	1.34e-06	0.00e+00	2.11e-05	1.80e-13	2.13e-13
 7.09588e+22	2.53e-05	1.69e-02	4.11e-01	4.90e-01	7.50e-02	7.06e-03	5.15e-04	1.04e-06	0.00e+00	2.53e-05	2.23e-13	2.64e-13
 7.30063e+22	3.14e-05	1.94e-02	4.33e-01	4.74e-01	6.80e-02	6.01e-03	4.15e-04	7.68e-07	0.00e+00	3.14e-05	2.89e-13	3.42e-13
 7.51045e+22	3.77e-05	2.17e-02	4.51e-01	4.59e-01	6.23e-02	5.22e-03	3.44e-04	5.89e-07	0.00e+00	3.77e-05	3.59e-13	4.24e-13
 7.69723e+22	4.48e-05	2.42e-02	4.69e-01	4.44e-01	5.72e-02	4.55e-03	2.87e-04	4.55e-07	0.00e+00	4.48e-05	4.43e-13	5.23e-13
 7.91043e+22	5.57e-05	2.78e-02	4.92e-01	4.25e-01	5.13e-02	3.82e-03	2.27e-04	3.28e-07	0.00e+00	5.57e-05	5.77e-13	6.81e-13
 8.12969e+22	6.69e-05	3.11e-02	5.11e-01	4.08e-01	4.65e-02	3.27e-03	1.85e-04	2.46e-07	0.00e+00	6.69e-05	7.21e-13	8.48e-13
 8.29684e+22	7.60e-05	3.36e-02	5.25e-01	3.95e-01	4.33e-02	2.93e-03	1.60e-04	2.00e-07	0.00e+00	7.60e-05	8.42e-13	9.90e-13
 8.45415e+22	8.87e-05	3.70e-02	5.41e-01	3.80e-01	3.97e-02	2.55e-03	1.34e-04	1.56e-07	0.00e+00	8.87e-05	1.02e-12	1.20e-12
 8.61649e+22	1.01e-04	4.00e-02	5.54e-01	3.67e-01	3.68e-02	2.27e-03	1.15e-04	0.00e+00	0.00e+00	1.01e-04	1.20e-12	1.40e-12
 8.78537e+22	1.19e-04	4.43e-02	5.70e-01	3.50e-01	3.34e-02	1.95e-03	9.49e-05	0.00e+00	0.00e+00	1.19e-04	1.47e-12	1.71e-12
 8.95572e+22	1.35e-04	4.79e-02	5.83e-01	3.37e-01	3.07e-02	1.72e-03	8.08e-05	0.00e+00	0.00e+00	1.35e-04	1.72e-12	2.01e-12
 9.12798e+22	1.59e-04	5.29e-02	5.98e-01	3.20e-01	2.77e-02	1.47e-03	6.59e-05	0.00e+00	0.00e+00	1.59e-04	2.12e-12	2.46e-12
 9.30160e+22	1.82e-04	5.73e-02	6.10e-01	3.06e-01	2.54e-02	1.29e-03	5.57e-05	0.00e+00	0.00e+00	1.82e-04	2.50e-12	2.90e-12
 9.47697e+22	2.14e-04	6.33e-02	6.24e-01	2.88e-01	2.27e-02	1.09e-03	4.51e-05	0.00e+00	0.00e+00	2.14e-04	3.08e-12	3.56e-12
 9.65464e+22	2.44e-04	6.86e-02	6.35e-01	2.75e-01	2.07e-02	9.50e-04	3.79e-05	0.00e+00	0.00e+00	2.44e-04	3.64e-12	4.19e-12
 9.83530e+22	2.88e-04	7.57e-02	6.47e-01	2.57e-01	1.84e-02	7.97e-04	3.03e-05	0.00e+00	0.00e+00	2.88e-04	4.51e-12	5.16e-12
 1.00190e+23	3.29e-04	8.20e-02	6.57e-01	2.43e-01	1.67e-02	6.88e-04	2.52e-05	0.00e+00	0.00e+00	3.29e-04	5.36e-12	6.11e-12
 1.02068e+23	3.89e-04	9.07e-02	6.67e-01	2.26e-01	1.47e-02	5.69e-04	1.99e-05	0.00e+00	0.00e+00	3.89e-04	6.68e-12	7.56e-12
 1.03979e+23	4.45e-04	9.81e-02	6.75e-01	2.13e-01	1.32e-02	4.86e-04	1.63e-05	0.00e+00	0.00e+00	4.45e-04	7.96e-12	8.97e-12
 1.05933e+23	5.27e-04	1.09e-01	6.83e-01	1.96e-01	1.15e-02	3.97e-04	1.27e-05	0.00e+00	0.00e+00	5.27e-04	9.98e-12	1.12e-11
 1.07931e+23	6.04e-04	1.18e-01	6.89e-01	1.82e-01	1.02e-02	3.35e-04	1.03e-05	0.00e+00	0.00e+00	6.04e-04	1.20e-11	1.33e-11
 1.09986e+23	7.15e-04	1.30e-01	6.94e-01	1.66e-01	8.84e-03	2.71e-04	7.93e-06	0.00e+00	0.00e+00	7.15e-04	1.51e-11	1.66e-11
 1.12091e+23	8.25e-04	1.41e-01	6.97e-01	1.53e-01	7.76e-03	2.24e-04	6.29e-06	0.00e+00	0.00e+00	8.25e-04	1.83e-11	2.00e-11
 1.13963e+23	9.46e-04	1.52e-01	6.98e-01	1.41e-01	6.83e-03	1.86e-04	5.03e-06	0.00e+00	0.00e+00	9.46e-04	2.20e-11	2.39e-11
 1.16098e+23	1.12e-03	1.68e-01	6.98e-01	1.27e-01	5.83e-03	1.48e-04	3.80e-06	0.00e+00	0.00e+00	1.12e-03	2.78e-11	2.98e-11
 1.18298e+23	1.29e-03	1.82e-01	6.96e-01	1.16e-01	5.05e-03	1.20e-04	2.96e-06	0.00e+00	0.00e+00	1.29e-03	3.39e-11	3.60e-11
 1.20277e+23	1.48e-03	1.96e-01	6.93e-01	1.05e-01	4.39e-03	9.83e-05	2.32e-06	0.00e+00	0.00e+00	1.48e-03	4.08e-11	4.30e-11
 1.22545e+23	1.76e-03	2.16e-01	6.86e-01	9.26e-02	3.66e-03	7.56e-05	1.70e-06	0.00e+00	0.00e+00	1.76e-03	5.19e-11	5.40e-11
 1.24867e+23	2.01e-03	2.33e-01	6.79e-01	8.32e-02	3.14e-03	6.07e-05	1.31e-06	0.00e+00	0.00e+00	2.01e-03	6.28e-11	6.48e-11
 1.27259e+23	2.41e-03	2.56e-01	6.67e-01	7.20e-02	2.58e-03	4.54e-05	9.32e-07	0.00e+00	0.00e+00	2.41e-03	8.05e-11	8.21e-11
 1.29693e+23	2.75e-03	2.75e-01	6.56e-01	6.40e-02	2.20e-03	3.61e-05	7.13e-07	0.00e+00	0.00e+00	2.75e-03	9.72e-11	9.82e-11
 1.32182e+23	3.28e-03	3.02e-01	6.38e-01	5.45e-02	1.78e-03	2.65e-05	4.98e-07	0.00e+00	0.00e+00	3.28e-03	1.25e-10	1.25e-10
 1.34746e+23	3.76e-03	3.24e-01	6.23e-01	4.76e-02	1.49e-03	2.05e-05	3.71e-07	0.00e+00	0.00e+00	3.76e-03	1.52e-10	1.51e-10
 1.37408e+23	4.51e-03	3.55e-01	5.99e-01	3.95e-02	1.18e-03	1.45e-05	2.51e-07	0.00e+00	0.00e+00	4.51e-03	1.97e-10	1.93e-10
 1.40157e+23	5.17e-03	3.80e-01	5.80e-01	3.39e-02	9.76e-04	1.10e-05	1.83e-07	0.00e+00	0.00e+00	5.17e-03	2.40e-10	2.34e-10
 1.43020e+23	6.23e-03	4.17e-01	5.49e-01	2.73e-02	7.54e-04	7.44e-06	1.19e-07	0.00e+00	0.00e+00	6.23e-03	3.14e-10	3.03e-10
 1.46005e+23	7.17e-03	4.45e-01	5.24e-01	2.28e-02	6.11e-04	5.42e-06	0.00e+00	0.00e+00	0.00e+00	7.17e-03	3.86e-10	3.71e-10
 1.49150e+23	8.72e-03	4.87e-01	4.86e-01	1.76e-02	4.57e-04	3.48e-06	0.00e+00	0.00e+00	0.00e+00	8.72e-03	5.12e-10	4.89e-10
 1.52458e+23	1.02e-02	5.21e-01	4.55e-01	1.41e-02	3.58e-04	2.38e-06	0.00e+00	0.00e+00	0.00e+00	1.02e-02	6.42e-10	6.11e-10
 1.55827e+23	1.22e-02	5.63e-01	4.14e-01	1.06e-02	2.65e-04	1.48e-06	0.00e+00	0.00e+00	0.00e+00	1.22e-02	8.45e-10	7.99e-10
 1.58765e+23	1.35e-02	5.86e-01	3.92e-01	8.93e-03	2.22e-04	1.12e-06	0.00e+00	0.00e+00	0.00e+00	1.35e-02	9.81e-10	9.26e-10
 1.61294e+23	1.55e-02	6.18e-01	3.60e-01	7.04e-03	1.76e-04	7.64e-07	0.00e+00	0.00e+00	0.00e+00	1.55e-02	1.21e-09	1.13e-09
 1.63984e+23	1.75e-02	6.45e-01	3.31e-01	5.63e-03	1.41e-04	5.35e-07	0.00e+00	0.00e+00	0.00e+00	1.75e-02	1.44e-09	1.35e-09
 1.66884e+23	2.05e-02	6.81e-01	2.94e-01	4.17e-03	1.06e-04	3.35e-07	0.00e+00	0.00e+00	0.00e+00	2.05e-02	1.82e-09	1.71e-09
 1.69852e+23	2.31e-02	7.07e-01	2.66e-01	3.23e-03	8.44e-05	2.27e-07	0.00e+00	0.00e+00	0.00e+00	2.31e-02	2.18e-09	2.04e-09
 1.72908e+23	2.73e-02	7.41e-01	2.29e-01	2.27e-03	6.18e-05	1.33e-07	0.00e+00	0.00e+00	0.00e+00	2.73e-02	2.78e-09	2.60e-09
 1.76092e+23	3.13e-02	7.67e-01	2.00e-01	1.66e-03	4.70e-05	0.00e+00	0.00e+00	0.00e+00	0.00e+00	3.13e-02	3.40e-09	3.17e-09
 1.78640e+23	3.47e-02	7.85e-01	1.79e-01	1.29e-03	3.81e-05	0.00e+00	0.00e+00	0.00e+00	0.00e+00	3.47e-02	3.95e-09	3.66e-09
 1.81150e+23	3.98e-02	8.06e-01	1.53e-01	9.26e-04	2.88e-05	0.00e+00	0.00e+00	0.00e+00	0.00e+00	3.98e-02	4.81e-09	4.43e-09
 1.83761e+23	4.50e-02	8.22e-01	1.32e-01	6.79e-04	2.24e-05	0.00e+00	0.00e+00	0.00e+00	0.00e+00	4.50e-02	5.72e-09	5.23e-09
 1.86065e+23	5.08e-02	8.35e-01	1.14e-01	5.01e-04	1.75e-05	0.00e+00	0.00e+00	0.00e+00	0.00e+00	5.08e-02	6.74e-09	6.14e-09
 1.88623e+23	5.91e-02	8.48e-01	9.29e-02	3.37e-04	1.27e-05	0.00e+00	0.00e+00	0.00e+00	0.00e+00	5.91e-02	8.34e-09	7.56e-09
 1.91321e+23	6.88e-02	8.56e-01	7.52e-02	2.26e-04	9.21e-06	0.00e+00	0.00e+00	0.00e+00	0.00e+00	6.88e-02	1.02e-08	9.24e-09
 1.93725e+23	8.00e-02	8.59e-01	6.07e-02	1.53e-04	6.73e-06	0.00e+00	0.00e+00	0.00e+00	0.00e+00	8.00e-02	1.25e-08	1.12e-08
 1.96376e+23	9.69e-02	8.58e-01	4.53e-02	9.24e-05	4.43e-06	0.00e+00	0.00e+00	0.00e+00	0.00e+00	9.69e-02	1.61e-08	1.44e-08
 1.99031e+23	1.17e-01	8.49e-01	3.37e-02	5.72e-05	2.96e-06	0.00e+00	0.00e+00	0.00e+00	0.00e+00	1.17e-01	2.04e-08	1.83e-08
 2.01139e+23	1.39e-01	8.35e-01	2.55e-02	3.77e-05	2.05e-06	0.00e+00	0.00e+00	0.00e+00	0.00e+00	1.39e-01	2.51e-08	2.26e-08
 2.02995e+23	1.65e-01	8.16e-01	1.93e-02	2.53e-05	1.41e-06	0.00e+00	0.00e+00	0.00e+00	0.00e+00	1.65e-01	3.05e-08	2.76e-08
 2.04776e+23	1.96e-01	7.90e-01	1.42e-02	1.69e-05	9.46e-07	0.00e+00	0.00e+00	0.00e+00	0.00e+00	1.96e-01	3.72e-08	3.37e-08
 2.06464e+23	2.33e-01	7.57e-01	1.04e-02	1.14e-05	6.23e-07	0.00e+00	0.00e+00	0.00e+00	0.00e+00	2.33e-01	4.49e-08	4.08e-08
 2.07502e+23	2.58e-01	7.34e-01	8.61e-03	9.24e-06	4.93e-07	0.00e+00	0.00e+00	0.00e+00	0.00e+00	2.58e-01	4.94e-08	4.51e-08
 2.07844e+23	2.67e-01	7.25e-01	8.07e-03	8.59e-06	4.54e-07	0.00e+00	0.00e+00	0.00e+00	0.00e+00	2.67e-01	5.11e-08	4.67e-08
 2.08104e+23	2.75e-01	7.18e-01	7.61e-03	8.04e-06	4.20e-07	0.00e+00	0.00e+00	0.00e+00	0.00e+00	2.75e-01	5.27e-08	4.82e-08
 2.08443e+23	2.85e-01	7.08e-01	7.04e-03	7.38e-06	3.79e-07	0.00e+00	0.00e+00	0.00e+00	0.00e+00	2.85e-01	5.47e-08	5.01e-08
 2.08840e+23	2.98e-01	6.95e-01	6.43e-03	6.68e-06	3.36e-07	0.00e+00	0.00e+00	0.00e+00	0.00e+00	2.98e-01	5.72e-08	5.23e-08
 2.09235e+23	3.11e-01	6.83e-01	5.89e-03	6.08e-06	2.99e-07	0.00e+00	0.00e+00	0.00e+00	0.00e+00	3.11e-01	5.95e-08	5.45e-08
 2.09618e+23	3.24e-01	6.70e-01	5.37e-03	5.53e-06	2.65e-07	0.00e+00	0.00e+00	0.00e+00	0.00e+00	3.24e-01	6.19e-08	5.68e-08
 2.09998e+23	3.37e-01	6.58e-01	4.92e-03	5.05e-06	2.36e-07	0.00e+00	0.00e+00	0.00e+00	0.00e+00	3.37e-01	6.42e-08	5.89e-08
 2.10385e+23	3.52e-01	6.44e-01	4.47e-03	4.59e-06	2.08e-07	0.00e+00	0.00e+00	0.00e+00	0.00e+00	3.52e-01	6.67e-08	6.11e-08
 2.10776e+23	3.67e-01	6.29e-01	4.06e-03	4.16e-06	1.83e-07	0.00e+00	0.00e+00	0.00e+00	0.00e+00	3.67e-01	6.91e-08	6.33e-08
 2.11154e+23	3.82e-01	6.14e-01	3.69e-03	3.80e-06	1.62e-07	0.00e+00	0.00e+00	0.00e+00	0.00e+00	3.82e-01	7.14e-08	6.54e-08
 2.11534e+23	3.98e-01	5.99e-01	3.35e-03	3.45e-06	1.43e-07	0.00e+00	0.00e+00	0.00e+00	0.00e+00	3.98e-01	7.38e-08	6.75e-08
 2.11926e+23	4.14e-01	5.83e-01	3.03e-03	3.14e-06	0.00e+00	0.00e+00	0.00e+00	0.00e+00	0.00e+00	4.14e-01	7.61e-08	6.96e-08
 2.12324e+23	4.31e-01	5.66e-01	2.73e-03	2.85e-06	0.00e+00	0.00e+00	0.00e+00	0.00e+00	0.00e+00	4.31e-01	7.84e-08	7.17e-08
 2.12728e+23	4.49e-01	5.49e-01	2.45e-03	2.58e-06	0.00e+00	0.00e+00	0.00e+00	0.00e+00	0.00e+00	4.49e-01	8.07e-08	7.38e-08
 2.13132e+23	4.67e-01	5.31e-01	2.20e-03	2.33e-06	0.00e+00	0.00e+00	0.00e+00	0.00e+00	0.00e+00	4.67e-01	8.28e-08	7.57e-08
 2.13539e+23	4.85e-01	5.13e-01	1.97e-03	2.11e-06	0.00e+00	0.00e+00	0.00e+00	0.00e+00	0.00e+00	4.85e-01	8.49e-08	7.75e-08
 2.13960e+23	5.04e-01	4.94e-01	1.75e-03	1.91e-06	0.00e+00	0.00e+00	0.00e+00	0.00e+00	0.00e+00	5.04e-01	8.69e-08	7.93e-08
 2.14393e+23	5.24e-01	4.75e-01	1.55e-03	1.72e-06	0.00e+00	0.00e+00	0.00e+00	0.00e+00	0.00e+00	5.24e-01	8.87e-08	8.09e-08
 2.14837e+23	5.44e-01	4.55e-01	1.37e-03	1.54e-06	0.00e+00	0.00e+00	0.00e+00	0.00e+00	0.00e+00	5.44e-01	9.04e-08	8.24e-08
 2.15292e+23	5.64e-01	4.34e-01	1.21e-03	1.39e-06	0.00e+00	0.00e+00	0.00e+00	0.00e+00	0.00e+00	5.64e-01	9.18e-08	8.37e-08
 2.15760e+23	5.85e-01	4.14e-01	1.06e-03	1.24e-06	0.00e+00	0.00e+00	0.00e+00	0.00e+00	0.00e+00	5.85e-01	9.31e-08	8.48e-08
 2.16144e+23	6.01e-01	3.98e-01	9.57e-04	1.14e-06	0.00e+00	0.00e+00	0.00e+00	0.00e+00	0.00e+00	6.01e-01	9.38e-08	8.54e-08
 2.16410e+23	6.12e-01	3.87e-01	8.90e-04	1.08e-06	0.00e+00	0.00e+00	0.00e+00	0.00e+00	0.00e+00	6.12e-01	9.42e-08	8.57e-08
 2.16660e+23	6.22e-01	3.77e-01	8.29e-04	1.02e-06	0.00e+00	0.00e+00	0.00e+00	0.00e+00	0.00e+00	6.22e-01	9.47e-08	8.61e-08
 2.16942e+23	6.34e-01	3.65e-01	7.65e-04	9.55e-07	0.00e+00	0.00e+00	0.00e+00	0.00e+00	0.00e+00	6.34e-01	9.51e-08	8.64e-08
 2.17247e+23	6.47e-01	3.52e-01	7.01e-04	8.90e-07	0.00e+00	0.00e+00	0.00e+00	0.00e+00	0.00e+00	6.47e-01	9.53e-08	8.66e-08
 2.17543e+23	6.58e-01	3.41e-01	6.47e-04	8.36e-07	0.00e+00	0.00e+00	0.00e+00	0.00e+00	0.00e+00	6.58e-01	9.56e-08	8.68e-08
 2.17838e+23	6.69e-01	3.30e-01	5.96e-04	7.84e-07	0.00e+00	0.00e+00	0.00e+00	0.00e+00	0.00e+00	6.69e-01	9.57e-08	8.68e-08
 2.18140e+23	6.81e-01	3.19e-01	5.48e-04	7.34e-07	0.00e+00	0.00e+00	0.00e+00	0.00e+00	0.00e+00	6.81e-01	9.58e-08	8.68e-08
 2.18443e+23	6.92e-01	3.08e-01	5.04e-04	6.89e-07	0.00e+00	0.00e+00	0.00e+00	0.00e+00	0.00e+00	6.92e-01	9.57e-08	8.68e-08
 2.18747e+23	7.03e-01	2.97e-01	4.63e-04	6.45e-07	0.00e+00	0.00e+00	0.00e+00	0.00e+00	0.00e+00	7.03e-01	9.56e-08	8.66e-08
 2.19050e+23	7.13e-01	2.87e-01	4.27e-04	6.07e-07	0.00e+00	0.00e+00	0.00e+00	0.00e+00	0.00e+00	7.13e-01	9.55e-08	8.65e-08
 2.19361e+23	7.23e-01	2.77e-01	3.92e-04	5.69e-07	0.00e+00	0.00e+00	0.00e+00	0.00e+00	0.00e+00	7.23e-01	9.53e-08	8.62e-08
 2.19687e+23	7.33e-01	2.66e-01	3.59e-04	5.33e-07	0.00e+00	0.00e+00	0.00e+00	0.00e+00	0.00e+00	7.33e-01	9.49e-08	8.58e-08
 2.20010e+23	7.43e-01	2.56e-01	3.30e-04	5.00e-07	0.00e+00	0.00e+00	0.00e+00	0.00e+00	0.00e+00	7.43e-01	9.45e-08	8.53e-08
 2.20330e+23	7.52e-01	2.47e-01	3.03e-04	4.71e-07	0.00e+00	0.00e+00	0.00e+00	0.00e+00	0.00e+00	7.52e-01	9.42e-08	8.49e-08
 2.20661e+23	7.62e-01	2.38e-01	2.78e-04	4.42e-07	0.00e+00	0.00e+00	0.00e+00	0.00e+00	0.00e+00	7.62e-01	9.37e-08	8.43e-08
 2.21005e+23	7.71e-01	2.29e-01	2.54e-04	4.14e-07	0.00e+00	0.00e+00	0.00e+00	0.00e+00	0.00e+00	7.71e-01	9.32e-08	8.36e-08
 2.21349e+23	7.80e-01	2.20e-01	2.33e-04	3.89e-07	0.00e+00	0.00e+00	0.00e+00	0.00e+00	0.00e+00	7.80e-01	9.26e-08	8.30e-08
 2.21697e+23	7.88e-01	2.12e-01	2.13e-04	3.65e-07	0.00e+00	0.00e+00	0.00e+00	0.00e+00	0.00e+00	7.88e-01	9.21e-08	8.24e-08
 2.22057e+23	7.96e-01	2.03e-01	1.95e-04	3.43e-07	0.00e+00	0.00e+00	0.00e+00	0.00e+00	0.00e+00	7.96e-01	9.15e-08	8.17e-08
 2.22429e+23	8.05e-01	1.95e-01	1.78e-04	3.21e-07	0.00e+00	0.00e+00	0.00e+00	0.00e+00	0.00e+00	8.05e-01	9.09e-08	8.09e-08
 2.22805e+23	8.12e-01	1.87e-01	1.63e-04	3.02e-07	0.00e+00	0.00e+00	0.00e+00	0.00e+00	0.00e+00	8.12e-01	9.03e-08	8.02e-08
 2.23186e+23	8.20e-01	1.80e-01	1.49e-04	2.84e-07	0.00e+00	0.00e+00	0.00e+00	0.00e+00	0.00e+00	8.20e-01	8.97e-08	7.95e-08
 2.23582e+23	8.27e-01	1.73e-01	1.35e-04	2.66e-07	0.00e+00	0.00e+00	0.00e+00	0.00e+00	0.00e+00	8.27e-01	8.91e-08	7.88e-08
 2.23990e+23	8.34e-01	1.66e-01	1.23e-04	2.50e-07	0.00e+00	0.00e+00	0.00e+00	0.00e+00	0.00e+00	8.34e-01	8.84e-08	7.80e-08
 2.24403e+23	8.41e-01	1.59e-01	1.12e-04	2.34e-07	0.00e+00	0.00e+00	0.00e+00	0.00e+00	0.00e+00	8.41e-01	8.78e-08	7.72e-08
 2.24825e+23	8.48e-01	1.52e-01	1.03e-04	2.20e-07	0.00e+00	0.00e+00	0.00e+00	0.00e+00	0.00e+00	8.48e-01	8.71e-08	7.64e-08
 2.25260e+23	8.54e-01	1.46e-01	9.33e-05	2.06e-07	0.00e+00	0.00e+00	0.00e+00	0.00e+00	0.00e+00	8.54e-01	8.65e-08	7.56e-08
 2.25709e+23	8.60e-01	1.40e-01	8.48e-05	1.94e-07	0.00e+00	0.00e+00	0.00e+00	0.00e+00	0.00e+00	8.60e-01	8.59e-08	7.48e-08
 2.26169e+23	8.66e-01	1.34e-01	7.72e-05	1.82e-07	0.00e+00	0.00e+00	0.00e+00	0.00e+00	0.00e+00	8.66e-01	8.52e-08	7.41e-08
 2.26638e+23	8.72e-01	1.28e-01	7.03e-05	1.71e-07	0.00e+00	0.00e+00	0.00e+00	0.00e+00	0.00e+00	8.72e-01	8.47e-08	7.34e-08
 2.27111e+23	8.77e-01	1.23e-01	6.41e-05	1.60e-07	0.00e+00	0.00e+00	0.00e+00	0.00e+00	0.00e+00	8.77e-01	8.41e-08	7.26e-08
 2.27593e+23	8.83e-01	1.17e-01	5.85e-05	1.50e-07	0.00e+00	0.00e+00	0.00e+00	0.00e+00	0.00e+00	8.83e-01	8.36e-08	7.19e-08
 2.28087e+23	8.88e-01	1.12e-01	5.34e-05	1.41e-07	0.00e+00	0.00e+00	0.00e+00	0.00e+00	0.00e+00	8.88e-01	8.30e-08	7.11e-08
 2.28583e+23	8.92e-01	1.08e-01	4.89e-05	1.33e-07	0.00e+00	0.00e+00	0.00e+00	0.00e+00	0.00e+00	8.92e-01	8.25e-08	7.05e-08
 2.29081e+23	8.97e-01	1.03e-01	4.49e-05	1.25e-07	0.00e+00	0.00e+00	0.00e+00	0.00e+00	0.00e+00	8.97e-01	8.21e-08	6.98e-08
 2.29586e+23	9.01e-01	9.90e-02	4.13e-05	0.00e+00	0.00e+00	0.00e+00	0.00e+00	0.00e+00	0.00e+00	9.01e-01	8.17e-08	6.92e-08
 2.30096e+23	9.05e-01	9.51e-02	3.81e-05	0.00e+00	0.00e+00	0.00e+00	0.00e+00	0.00e+00	0.00e+00	9.05e-01	8.13e-08	6.86e-08
 2.30609e+23	9.09e-01	9.12e-02	3.52e-05	0.00e+00	0.00e+00	0.00e+00	0.00e+00	0.00e+00	0.00e+00	9.09e-01	8.10e-08	6.81e-08
 2.31140e+23	9.12e-01	8.75e-02	3.25e-05	0.00e+00	0.00e+00	0.00e+00	0.00e+00	0.00e+00	0.00e+00	9.12e-01	8.07e-08	6.76e-08
 2.31675e+23	9.16e-01	8.40e-02	3.02e-05	0.00e+00	0.00e+00	0.00e+00	0.00e+00	0.00e+00	0.00e+00	9.16e-01	8.03e-08	6.70e-08
 2.32203e+23	9.19e-01	8.07e-02	2.81e-05	0.00e+00	0.00e+00	0.00e+00	0.00e+00	0.00e+00	0.00e+00	9.19e-01	8.01e-08	6.66e-08
 2.32740e+23	9.23e-01	7.74e-02	2.62e-05	0.00e+00	0.00e+00	0.00e+00	0.00e+00	0.00e+00	0.00e+00	9.23e-01	7.98e-08	6.61e-08
 2.33293e+23	9.26e-01	7.42e-02	2.45e-05	0.00e+00	0.00e+00	0.00e+00	0.00e+00	0.00e+00	0.00e+00	9.26e-01	7.96e-08	6.56e-08
 2.33854e+23	9.29e-01	7.12e-02	2.30e-05	0.00e+00	0.00e+00	0.00e+00	0.00e+00	0.00e+00	0.00e+00	9.29e-01	7.94e-08	6.52e-08
 2.34411e+23	9.32e-01	6.83e-02	2.16e-05	0.00e+00	0.00e+00	0.00e+00	0.00e+00	0.00e+00	0.00e+00	9.32e-01	7.91e-08	6.47e-08
 2.34950e+23	9.34e-01	6.57e-02	2.05e-05	0.00e+00	0.00e+00	0.00e+00	0.00e+00	0.00e+00	0.00e+00	9.34e-01	7.88e-08	6.43e-08
 2.35451e+23	9.37e-01	6.35e-02	1.95e-05	0.00e+00	0.00e+00	0.00e+00	0.00e+00	0.00e+00	0.00e+00	9.37e-01	7.86e-08	6.39e-08
 2.35920e+23	9.39e-01	6.14e-02	1.87e-05	0.00e+00	0.00e+00	0.00e+00	0.00e+00	0.00e+00	0.00e+00	9.39e-01	7.84e-08	6.35e-08
 2.36367e+23	9.40e-01	5.96e-02	1.81e-05	0.00e+00	0.00e+00	0.00e+00	0.00e+00	0.00e+00	0.00e+00	9.40e-01	7.83e-08	6.32e-08
 2.36794e+23	9.42e-01	5.78e-02	1.74e-05	0.00e+00	0.00e+00	0.00e+00	0.00e+00	0.00e+00	0.00e+00	9.42e-01	7.81e-08	6.29e-08
 2.37202e+23	9.44e-01	5.62e-02	1.69e-05	0.00e+00	0.00e+00	0.00e+00	0.00e+00	0.00e+00	0.00e+00	9.44e-01	7.80e-08	6.26e-08
 2.37592e+23	9.45e-01	5.46e-02	1.64e-05	0.00e+00	0.00e+00	0.00e+00	0.00e+00	0.00e+00	0.00e+00	9.45e-01	7.78e-08	6.23e-08
 2.37957e+23	9.47e-01	5.33e-02	1.60e-05	0.00e+00	0.00e+00	0.00e+00	0.00e+00	0.00e+00	0.00e+00	9.47e-01	7.77e-08	6.21e-08
 2.38305e+23	9.48e-01	5.20e-02	1.57e-05	0.00e+00	0.00e+00	0.00e+00	0.00e+00	0.00e+00	0.00e+00	9.48e-01	7.76e-08	6.19e-08
 2.38648e+23	9.49e-01	5.07e-02	1.53e-05	0.00e+00	0.00e+00	0.00e+00	0.00e+00	0.00e+00	0.00e+00	9.49e-01	7.75e-08	6.16e-08
 2.38979e+23	9.51e-01	4.95e-02	1.50e-05	0.00e+00	0.00e+00	0.00e+00	0.00e+00	0.00e+00	0.00e+00	9.51e-01	7.74e-08	6.14e-08
 2.39297e+23	9.52e-01	4.83e-02	1.47e-05	0.00e+00	0.00e+00	0.00e+00	0.00e+00	0.00e+00	0.00e+00	9.52e-01	7.73e-08	6.12e-08
 2.39602e+23	9.53e-01	4.72e-02	1.44e-05	0.00e+00	0.00e+00	0.00e+00	0.00e+00	0.00e+00	0.00e+00	9.53e-01	7.71e-08	6.10e-08
 2.39896e+23	9.54e-01	4.62e-02	1.42e-05	0.00e+00	0.00e+00	0.00e+00	0.00e+00	0.00e+00	0.00e+00	9.54e-01	7.70e-08	6.08e-08
 2.40179e+23	9.55e-01	4.52e-02	1.40e-05	0.00e+00	0.00e+00	0.00e+00	0.00e+00	0.00e+00	0.00e+00	9.55e-01	7.69e-08	6.06e-08
 2.40452e+23	9.56e-01	4.42e-02	1.38e-05	0.00e+00	0.00e+00	0.00e+00	0.00e+00	0.00e+00	0.00e+00	9.56e-01	7.68e-08	6.04e-08
 2.40708e+23	9.57e-01	4.33e-02	1.36e-05	0.00e+00	0.00e+00	0.00e+00	0.00e+00	0.00e+00	0.00e+00	9.57e-01	7.67e-08	6.01e-08
 2.40941e+23	9.58e-01	4.25e-02	1.34e-05	0.00e+00	0.00e+00	0.00e+00	0.00e+00	0.00e+00	0.00e+00	9.58e-01	7.65e-08	5.99e-08
 2.41153e+23	9.58e-01	4.18e-02	1.33e-05	0.00e+00	0.00e+00	0.00e+00	0.00e+00	0.00e+00	0.00e+00	9.58e-01	7.64e-08	5.97e-08
 2.41346e+23	9.59e-01	4.11e-02	1.31e-05	0.00e+00	0.00e+00	0.00e+00	0.00e+00	0.00e+00	0.00e+00	9.59e-01	7.63e-08	5.96e-08
 2.41521e+23	9.59e-01	4.05e-02	1.30e-05	0.00e+00	0.00e+00	0.00e+00	0.00e+00	0.00e+00	0.00e+00	9.59e-01	7.62e-08	5.94e-08
 2.41681e+23	9.60e-01	4.00e-02	1.29e-05	0.00e+00	0.00e+00	0.00e+00	0.00e+00	0.00e+00	0.00e+00	9.60e-01	7.60e-08	5.92e-08
 2.41827e+23	9.60e-01	3.95e-02	1.28e-05	0.00e+00	0.00e+00	0.00e+00	0.00e+00	0.00e+00	0.00e+00	9.60e-01	7.59e-08	5.91e-08
 2.41959e+23	9.61e-01	3.90e-02	1.28e-05	0.00e+00	0.00e+00	0.00e+00	0.00e+00	0.00e+00	0.00e+00	9.61e-01	7.55e-08	5.88e-08
 2.42079e+23	9.61e-01	3.87e-02	1.27e-05	0.00e+00	0.00e+00	0.00e+00	0.00e+00	0.00e+00	0.00e+00	9.61e-01	7.54e-08	5.88e-08
 2.42211e+23	9.62e-01	3.83e-02	1.26e-05	0.00e+00	0.00e+00	0.00e+00	0.00e+00	0.00e+00	0.00e+00	9.62e-01	7.52e-08	5.87e-08
 2.42382e+23	9.62e-01	3.76e-02	1.25e-05	0.00e+00	0.00e+00	0.00e+00	0.00e+00	0.00e+00	0.00e+00	9.62e-01	7.49e-08	5.85e-08
 2.42568e+23	9.63e-01	3.70e-02	1.23e-05	0.00e+00	0.00e+00	0.00e+00	0.00e+00	0.00e+00	0.00e+00	9.63e-01	7.45e-08	5.83e-08
 2.42736e+23	9.64e-01	3.64e-02	1.22e-05	0.00e+00	0.00e+00	0.00e+00	0.00e+00	0.00e+00	0.00e+00	9.64e-01	7.43e-08	5.82e-08
 2.42889e+23	9.64e-01	3.59e-02	1.21e-05	0.00e+00	0.00e+00	0.00e+00	0.00e+00	0.00e+00	0.00e+00	9.64e-01	7.40e-08	5.80e-08
 2.43029e+23	9.65e-01	3.55e-02	1.20e-05	0.00e+00	0.00e+00	0.00e+00	0.00e+00	0.00e+00	0.00e+00	9.65e-01	7.38e-08	5.79e-08
 2.43156e+23	9.65e-01	3.51e-02	1.19e-05	0.00e+00	0.00e+00	0.00e+00	0.00e+00	0.00e+00	0.00e+00	9.65e-01	7.36e-08	5.78e-08
 2.43295e+23	9.65e-01	3.46e-02	1.18e-05	0.00e+00	0.00e+00	0.00e+00	0.00e+00	0.00e+00	0.00e+00	9.65e-01	7.33e-08	5.76e-08
 2.43445e+23	9.66e-01	3.41e-02	1.17e-05	0.00e+00	0.00e+00	0.00e+00	0.00e+00	0.00e+00	0.00e+00	9.66e-01	7.31e-08	5.75e-08
 2.43582e+23	9.66e-01	3.38e-02	1.16e-05	0.00e+00	0.00e+00	0.00e+00	0.00e+00	0.00e+00	0.00e+00	9.66e-01	7.31e-08	5.74e-08
 2.43731e+23	9.67e-01	3.33e-02	1.15e-05	0.00e+00	0.00e+00	0.00e+00	0.00e+00	0.00e+00	0.00e+00	9.67e-01	7.29e-08	5.73e-08
 2.43893e+23	9.67e-01	3.30e-02	1.14e-05	0.00e+00	0.00e+00	0.00e+00	0.00e+00	0.00e+00	0.00e+00	9.67e-01	7.28e-08	5.73e-08
 2.44070e+23	9.68e-01	3.24e-02	1.13e-05	0.00e+00	0.00e+00	0.00e+00	0.00e+00	0.00e+00	0.00e+00	9.68e-01	7.26e-08	5.72e-08
 2.44261e+23	9.68e-01	3.19e-02	1.11e-05	0.00e+00	0.00e+00	0.00e+00	0.00e+00	0.00e+00	0.00e+00	9.68e-01	7.24e-08	5.70e-08
 2.44435e+23	9.69e-01	3.14e-02	1.10e-05	0.00e+00	0.00e+00	0.00e+00	0.00e+00	0.00e+00	0.00e+00	9.69e-01	7.23e-08	5.69e-08
 2.44594e+23	9.69e-01	3.09e-02	1.09e-05	0.00e+00	0.00e+00	0.00e+00	0.00e+00	0.00e+00	0.00e+00	9.69e-01	7.20e-08	5.68e-08
 2.44738e+23	9.69e-01	3.07e-02	1.08e-05	0.00e+00	0.00e+00	0.00e+00	0.00e+00	0.00e+00	0.00e+00	9.69e-01	7.20e-08	5.68e-08
 2.44896e+23	9.70e-01	3.03e-02	1.07e-05	0.00e+00	0.00e+00	0.00e+00	0.00e+00	0.00e+00	0.00e+00	9.70e-01	7.19e-08	5.67e-08
 2.45066e+23	9.70e-01	2.98e-02	1.06e-05	0.00e+00	0.00e+00	0.00e+00	0.00e+00	0.00e+00	0.00e+00	9.70e-01	7.18e-08	5.66e-08
 2.45221e+23	9.71e-01	2.94e-02	1.05e-05	0.00e+00	0.00e+00	0.00e+00	0.00e+00	0.00e+00	0.00e+00	9.71e-01	7.16e-08	5.65e-08
 2.45391e+23	9.71e-01	2.90e-02	1.04e-05	0.00e+00	0.00e+00	0.00e+00	0.00e+00	0.00e+00	0.00e+00	9.71e-01	7.15e-08	5.64e-08
 2.45575e+23	9.71e-01	2.85e-02	1.02e-05	0.00e+00	0.00e+00	0.00e+00	0.00e+00	0.00e+00	0.00e+00	9.71e-01	7.14e-08	5.62e-08
 2.45742e+23	9.72e-01	2.81e-02	1.01e-05	0.00e+00	0.00e+00	0.00e+00	0.00e+00	0.00e+00	0.00e+00	9.72e-01	7.12e-08	5.61e-08
 2.45894e+23	9.72e-01	2.78e-02	1.00e-05	0.00e+00	0.00e+00	0.00e+00	0.00e+00	0.00e+00	0.00e+00	9.72e-01	7.11e-08	5.60e-08
 2.46032e+23	9.73e-01	2.74e-02	9.91e-06	0.00e+00	0.00e+00	0.00e+00	0.00e+00	0.00e+00	0.00e+00	9.73e-01	7.08e-08	5.58e-08
 2.46158e+23	9.73e-01	2.72e-02	9.83e-06	0.00e+00	0.00e+00	0.00e+00	0.00e+00	0.00e+00	0.00e+00	9.73e-01	7.08e-08	5.57e-08
 2.46296e+23	9.73e-01	2.68e-02	9.71e-06	0.00e+00	0.00e+00	0.00e+00	0.00e+00	0.00e+00	0.00e+00	9.73e-01	7.07e-08	5.56e-08
 2.46475e+23	9.74e-01	2.63e-02	9.57e-06	0.00e+00	0.00e+00	0.00e+00	0.00e+00	0.00e+00	0.00e+00	9.74e-01	7.05e-08	5.54e-08
 2.46669e+23	9.74e-01	2.58e-02	9.43e-06	0.00e+00	0.00e+00	0.00e+00	0.00e+00	0.00e+00	0.00e+00	9.74e-01	7.03e-08	5.52e-08
 2.46845e+23	9.75e-01	2.54e-02	9.31e-06	0.00e+00	0.00e+00	0.00e+00	0.00e+00	0.00e+00	0.00e+00	9.75e-01	7.01e-08	5.51e-08
 2.47005e+23	9.75e-01	2.51e-02	9.21e-06	0.00e+00	0.00e+00	0.00e+00	0.00e+00	0.00e+00	0.00e+00	9.75e-01	7.00e-08	5.49e-08
 2.47151e+23	9.75e-01	2.48e-02	9.11e-06	0.00e+00	0.00e+00	0.00e+00	0.00e+00	0.00e+00	0.00e+00	9.75e-01	6.98e-08	5.48e-08
 2.47311e+23	9.76e-01	2.44e-02	9.00e-06	0.00e+00	0.00e+00	0.00e+00	0.00e+00	0.00e+00	0.00e+00	9.76e-01	6.97e-08	5.46e-08
 2.47483e+23	9.76e-01	2.40e-02	8.89e-06	0.00e+00	0.00e+00	0.00e+00	0.00e+00	0.00e+00	0.00e+00	9.76e-01	6.95e-08	5.44e-08
 2.47640e+23	9.76e-01	2.37e-02	8.79e-06	0.00e+00	0.00e+00	0.00e+00	0.00e+00	0.00e+00	0.00e+00	9.76e-01	6.93e-08	5.43e-08
 2.47783e+23	9.77e-01	2.34e-02	8.70e-06	0.00e+00	0.00e+00	0.00e+00	0.00e+00	0.00e+00	0.00e+00	9.77e-01	6.91e-08	5.40e-08
 2.47913e+23	9.77e-01	2.32e-02	8.64e-06	0.00e+00	0.00e+00	0.00e+00	0.00e+00	0.00e+00	0.00e+00	9.77e-01	6.91e-08	5.40e-08
 2.48056e+23	9.77e-01	2.28e-02	8.54e-06	0.00e+00	0.00e+00	0.00e+00	0.00e+00	0.00e+00	0.00e+00	9.77e-01	6.89e-08	5.38e-08
 2.48209e+23	9.77e-01	2.25e-02	8.45e-06	0.00e+00	0.00e+00	0.00e+00	0.00e+00	0.00e+00	0.00e+00	9.77e-01	6.88e-08	5.36e-08
 2.48349e+23	9.78e-01	2.22e-02	8.37e-06	0.00e+00	0.00e+00	0.00e+00	0.00e+00	0.00e+00	0.00e+00	9.78e-01	6.85e-08	5.33e-08
 2.48477e+23	9.78e-01	2.20e-02	8.31e-06	0.00e+00	0.00e+00	0.00e+00	0.00e+00	0.00e+00	0.00e+00	9.78e-01	6.85e-08	5.33e-08
 2.48616e+23	9.78e-01	2.17e-02	8.23e-06	0.00e+00	0.00e+00	0.00e+00	0.00e+00	0.00e+00	0.00e+00	9.78e-01	6.83e-08	5.31e-08
 2.48798e+23	9.79e-01	2.14e-02	8.13e-06	0.00e+00	0.00e+00	0.00e+00	0.00e+00	0.00e+00	0.00e+00	9.79e-01	6.78e-08	5.27e-08
 2.48994e+23	9.79e-01	2.11e-02	8.03e-06	0.00e+00	0.00e+00	0.00e+00	0.00e+00	0.00e+00	0.00e+00	9.79e-01	6.71e-08	5.23e-08
 2.49172e+23	9.79e-01	2.07e-02	7.93e-06	0.00e+00	0.00e+00	0.00e+00	0.00e+00	0.00e+00	0.00e+00	9.79e-01	6.62e-08	5.17e-08
 2.49334e+23	9.80e-01	2.05e-02	7.87e-06	0.00e+00	0.00e+00	0.00e+00	0.00e+00	0.00e+00	0.00e+00	9.80e-01	6.60e-08	5.15e-08
 2.49512e+23	9.80e-01	2.02e-02	7.78e-06	0.00e+00	0.00e+00	0.00e+00	0.00e+00	0.00e+00	0.00e+00	9.80e-01	6.55e-08	5.11e-08
 2.49704e+23	9.80e-01	1.99e-02	7.69e-06	0.00e+00	0.00e+00	0.00e+00	0.00e+00	0.00e+00	0.00e+00	9.80e-01	6.48e-08	5.06e-08
 2.49878e+23	9.80e-01	1.95e-02	7.60e-06	0.00e+00	0.00e+00	0.00e+00	0.00e+00	0.00e+00	0.00e+00	9.80e-01	6.41e-08	4.99e-08
 2.50037e+23	9.81e-01	1.94e-02	7.54e-06	0.00e+00	0.00e+00	0.00e+00	0.00e+00	0.00e+00	0.00e+00	9.81e-01	6.39e-08	4.97e-08
 2.50211e+23	9.81e-01	1.90e-02	7.45e-06	0.00e+00	0.00e+00	0.00e+00	0.00e+00	0.00e+00	0.00e+00	9.81e-01	6.31e-08	4.89e-08
 2.50399e+23	9.81e-01	1.88e-02	7.38e-06	0.00e+00	0.00e+00	0.00e+00	0.00e+00	0.00e+00	0.00e+00	9.81e-01	6.29e-08	4.87e-08
 2.50605e+23	9.82e-01	1.84e-02	7.28e-06	0.00e+00	0.00e+00	0.00e+00	0.00e+00	0.00e+00	0.00e+00	9.82e-01	6.22e-08	4.80e-08
 2.50828e+23	9.82e-01	1.81e-02	7.20e-06	0.00e+00	0.00e+00	0.00e+00	0.00e+00	0.00e+00	0.00e+00	9.82e-01	6.16e-08	4.75e-08
 2.51030e+23	9.82e-01	1.78e-02	7.12e-06	0.00e+00	0.00e+00	0.00e+00	0.00e+00	0.00e+00	0.00e+00	9.82e-01	6.11e-08	4.70e-08
 2.51214e+23	9.82e-01	1.75e-02	7.04e-06	0.00e+00	0.00e+00	0.00e+00	0.00e+00	0.00e+00	0.00e+00	9.82e-01	6.04e-08	4.63e-08
 2.51382e+23	9.83e-01	1.74e-02	6.99e-06	0.00e+00	0.00e+00	0.00e+00	0.00e+00	0.00e+00	0.00e+00	9.83e-01	6.02e-08	4.61e-08
 2.51566e+23	9.83e-01	1.71e-02	6.91e-06	0.00e+00	0.00e+00	0.00e+00	0.00e+00	0.00e+00	0.00e+00	9.83e-01	5.97e-08	4.56e-08
 2.51764e+23	9.83e-01	1.68e-02	6.84e-06	0.00e+00	0.00e+00	0.00e+00	0.00e+00	0.00e+00	0.00e+00	9.83e-01	5.91e-08	4.51e-08
 2.51944e+23	9.83e-01	1.66e-02	6.77e-06	0.00e+00	0.00e+00	0.00e+00	0.00e+00	0.00e+00	0.00e+00	9.83e-01	5.88e-08	4.48e-08
 2.52142e+23	9.84e-01	1.63e-02	6.69e-06	0.00e+00	0.00e+00	0.00e+00	0.00e+00	0.00e+00	0.00e+00	9.84e-01	5.80e-08	4.41e-08
 2.52355e+23	9.84e-01	1.61e-02	6.62e-06	0.00e+00	0.00e+00	0.00e+00	0.00e+00	0.00e+00	0.00e+00	9.84e-01	5.74e-08	4.35e-08
 2.52550e+23	9.84e-01	1.58e-02	6.55e-06	0.00e+00	0.00e+00	0.00e+00	0.00e+00	0.00e+00	0.00e+00	9.84e-01	5.66e-08	4.28e-08
 2.52726e+23	9.84e-01	1.57e-02	6.50e-06	0.00e+00	0.00e+00	0.00e+00	0.00e+00	0.00e+00	0.00e+00	9.84e-01	5.64e-08	4.26e-08
 2.52920e+23	9.85e-01	1.54e-02	6.43e-06	0.00e+00	0.00e+00	0.00e+00	0.00e+00	0.00e+00	0.00e+00	9.85e-01	5.58e-08	4.20e-08
 2.53172e+23	9.85e-01	1.51e-02	6.34e-06	0.00e+00	0.00e+00	0.00e+00	0.00e+00	0.00e+00	0.00e+00	9.85e-01	5.50e-08	4.13e-08
 2.53444e+23	9.85e-01	1.48e-02	6.25e-06	0.00e+00	0.00e+00	0.00e+00	0.00e+00	0.00e+00	0.00e+00	9.85e-01	5.43e-08	4.07e-08
 2.53691e+23	9.86e-01	1.45e-02	6.18e-06	0.00e+00	0.00e+00	0.00e+00	0.00e+00	0.00e+00	0.00e+00	9.86e-01	5.36e-08	4.00e-08
 2.53916e+23	9.86e-01	1.42e-02	6.11e-06	0.00e+00	0.00e+00	0.00e+00	0.00e+00	0.00e+00	0.00e+00	9.86e-01	5.27e-08	3.92e-08
 2.54121e+23	9.86e-01	1.40e-02	6.06e-06	0.00e+00	0.00e+00	0.00e+00	0.00e+00	0.00e+00	0.00e+00	9.86e-01	5.24e-08	3.89e-08
 2.54345e+23	9.86e-01	1.38e-02	5.98e-06	0.00e+00	0.00e+00	0.00e+00	0.00e+00	0.00e+00	0.00e+00	9.86e-01	5.16e-08	3.82e-08
 2.54588e+23	9.86e-01	1.35e-02	5.91e-06	0.00e+00	0.00e+00	0.00e+00	0.00e+00	0.00e+00	0.00e+00	9.86e-01	5.10e-08	3.76e-08
 2.54808e+23	9.87e-01	1.33e-02	5.86e-06	0.00e+00	0.00e+00	0.00e+00	0.00e+00	0.00e+00	0.00e+00	9.87e-01	5.05e-08	3.72e-08
 2.55050e+23	9.87e-01	1.31e-02	5.78e-06	0.00e+00	0.00e+00	0.00e+00	0.00e+00	0.00e+00	0.00e+00	9.87e-01	4.97e-08	3.64e-08
 2.55311e+23	9.87e-01	1.28e-02	5.71e-06	0.00e+00	0.00e+00	0.00e+00	0.00e+00	0.00e+00	0.00e+00	9.87e-01	4.90e-08	3.58e-08
 2.55548e+23	9.87e-01	1.26e-02	5.66e-06	0.00e+00	0.00e+00	0.00e+00	0.00e+00	0.00e+00	0.00e+00	9.87e-01	4.85e-08	3.54e-08
 2.55808e+23	9.88e-01	1.23e-02	5.58e-06	0.00e+00	0.00e+00	0.00e+00	0.00e+00	0.00e+00	0.00e+00	9.88e-01	4.77e-08	3.47e-08
 2.56089e+23	9.88e-01	1.21e-02	5.51e-06	0.00e+00	0.00e+00	0.00e+00	0.00e+00	0.00e+00	0.00e+00	9.88e-01	4.71e-08	3.41e-08
 2.56345e+23	9.88e-01	1.19e-02	5.45e-06	0.00e+00	0.00e+00	0.00e+00	0.00e+00	0.00e+00	0.00e+00	9.88e-01	4.66e-08	3.37e-08
 2.56625e+23	9.88e-01	1.16e-02	5.38e-06	0.00e+00	0.00e+00	0.00e+00	0.00e+00	0.00e+00	0.00e+00	9.88e-01	4.58e-08	3.31e-08
 2.56927e+23	9.89e-01	1.13e-02	5.31e-06	0.00e+00	0.00e+00	0.00e+00	0.00e+00	0.00e+00	0.00e+00	9.89e-01	4.52e-08	3.25e-08
 2.57202e+23	9.89e-01	1.11e-02	5.25e-06	0.00e+00	0.00e+00	0.00e+00	0.00e+00	0.00e+00	0.00e+00	9.89e-01	4.46e-08	3.19e-08
 2.57504e+23	9.89e-01	1.09e-02	5.17e-06	0.00e+00	0.00e+00	0.00e+00	0.00e+00	0.00e+00	0.00e+00	9.89e-01	4.39e-08	3.12e-08
 2.57829e+23	9.89e-01	1.06e-02	5.10e-06	0.00e+00	0.00e+00	0.00e+00	0.00e+00	0.00e+00	0.00e+00	9.89e-01	4.33e-08	3.06e-08
 2.58125e+23	9.90e-01	1.04e-02	5.04e-06	0.00e+00	0.00e+00	0.00e+00	0.00e+00	0.00e+00	0.00e+00	9.90e-01	4.26e-08	3.00e-08
 2.58395e+23	9.90e-01	1.02e-02	4.99e-06	0.00e+00	0.00e+00	0.00e+00	0.00e+00	0.00e+00	0.00e+00	9.90e-01	4.21e-08	2.94e-08
 2.58690e+23	9.90e-01	1.00e-02	4.92e-06	0.00e+00	0.00e+00	0.00e+00	0.00e+00	0.00e+00	0.00e+00	9.90e-01	4.14e-08	2.88e-08
 2.59009e+23	9.90e-01	9.79e-03	4.86e-06	0.00e+00	0.00e+00	0.00e+00	0.00e+00	0.00e+00	0.00e+00	9.90e-01	4.08e-08	2.83e-08
 2.59299e+23	9.90e-01	9.59e-03	4.80e-06	0.00e+00	0.00e+00	0.00e+00	0.00e+00	0.00e+00	0.00e+00	9.90e-01	4.01e-08	2.77e-08
 2.59563e+23	9.91e-01	9.44e-03	4.76e-06	0.00e+00	0.00e+00	0.00e+00	0.00e+00	0.00e+00	0.00e+00	9.91e-01	3.96e-08	2.73e-08
 2.59852e+23	9.91e-01	9.24e-03	4.70e-06	0.00e+00	0.00e+00	0.00e+00	0.00e+00	0.00e+00	0.00e+00	9.91e-01	3.90e-08	2.67e-08
 2.60165e+23	9.91e-01	9.02e-03	4.64e-06	0.00e+00	0.00e+00	0.00e+00	0.00e+00	0.00e+00	0.00e+00	9.91e-01	3.82e-08	2.60e-08
 2.60449e+23	9.91e-01	8.87e-03	4.59e-06	0.00e+00	0.00e+00	0.00e+00	0.00e+00	0.00e+00	0.00e+00	9.91e-01	3.78e-08	2.57e-08
 2.60760e+23	9.91e-01	8.68e-03	4.53e-06	0.00e+00	0.00e+00	0.00e+00	0.00e+00	0.00e+00	0.00e+00	9.91e-01	3.72e-08	2.51e-08
 2.61096e+23	9.92e-01	8.45e-03	4.47e-06	0.00e+00	0.00e+00	0.00e+00	0.00e+00	0.00e+00	0.00e+00	9.92e-01	3.64e-08	2.45e-08
 2.61402e+23	9.92e-01	8.30e-03	4.42e-06	0.00e+00	0.00e+00	0.00e+00	0.00e+00	0.00e+00	0.00e+00	9.92e-01	3.60e-08	2.41e-08
 2.61738e+23	9.92e-01	8.10e-03	4.36e-06	0.00e+00	0.00e+00	0.00e+00	0.00e+00	0.00e+00	0.00e+00	9.92e-01	3.54e-08	2.36e-08
 2.62100e+23	9.92e-01	7.87e-03	4.30e-06	0.00e+00	0.00e+00	0.00e+00	0.00e+00	0.00e+00	0.00e+00	9.92e-01	3.46e-08	2.29e-08
 2.62429e+23	9.92e-01	7.73e-03	4.25e-06	0.00e+00	0.00e+00	0.00e+00	0.00e+00	0.00e+00	0.00e+00	9.92e-01	3.42e-08	2.25e-08
 2.62790e+23	9.92e-01	7.53e-03	4.19e-06	0.00e+00	0.00e+00	0.00e+00	0.00e+00	0.00e+00	0.00e+00	9.92e-01	3.35e-08	2.20e-08
 2.63180e+23	9.93e-01	7.33e-03	4.13e-06	0.00e+00	0.00e+00	0.00e+00	0.00e+00	0.00e+00	0.00e+00	9.93e-01	3.29e-08	2.15e-08
 2.63534e+23	9.93e-01	7.16e-03	4.08e-06	0.00e+00	0.00e+00	0.00e+00	0.00e+00	0.00e+00	0.00e+00	9.93e-01	3.24e-08	2.10e-08
 2.63857e+23	9.93e-01	7.03e-03	4.03e-06	0.00e+00	0.00e+00	0.00e+00	0.00e+00	0.00e+00	0.00e+00	9.93e-01	3.19e-08	2.06e-08
 2.64211e+23	9.93e-01	6.86e-03	3.98e-06	0.00e+00	0.00e+00	0.00e+00	0.00e+00	0.00e+00	0.00e+00	9.93e-01	3.13e-08	2.00e-08
 2.64592e+23	9.93e-01	6.66e-03	3.92e-06	0.00e+00	0.00e+00	0.00e+00	0.00e+00	0.00e+00	0.00e+00	9.93e-01	3.06e-08	1.95e-08
 2.64940e+23	9.93e-01	6.53e-03	3.88e-06	0.00e+00	0.00e+00	0.00e+00	0.00e+00	0.00e+00	0.00e+00	9.93e-01	3.02e-08	1.91e-08
 2.65320e+23	9.94e-01	6.36e-03	3.82e-06	0.00e+00	0.00e+00	0.00e+00	0.00e+00	0.00e+00	0.00e+00	9.94e-01	2.96e-08	1.86e-08
 2.65731e+23	9.94e-01	6.16e-03	3.76e-06	0.00e+00	0.00e+00	0.00e+00	0.00e+00	0.00e+00	0.00e+00	9.94e-01	2.89e-08	1.80e-08
 2.66105e+23	9.94e-01	6.03e-03	3.72e-06	0.00e+00	0.00e+00	0.00e+00	0.00e+00	0.00e+00	0.00e+00	9.94e-01	2.85e-08	1.77e-08
 2.66515e+23	9.94e-01	5.88e-03	3.66e-06	0.00e+00	0.00e+00	0.00e+00	0.00e+00	0.00e+00	0.00e+00	9.94e-01	2.80e-08	1.72e-08
 2.66957e+23	9.94e-01	5.71e-03	3.61e-06	0.00e+00	0.00e+00	0.00e+00	0.00e+00	0.00e+00	0.00e+00	9.94e-01	2.74e-08	1.67e-08
 2.67360e+23	9.94e-01	5.56e-03	3.56e-06	0.00e+00	0.00e+00	0.00e+00	0.00e+00	0.00e+00	0.00e+00	9.94e-01	2.68e-08	1.63e-08
 2.67726e+23	9.95e-01	5.45e-03	3.52e-06	0.00e+00	0.00e+00	0.00e+00	0.00e+00	0.00e+00	0.00e+00	9.95e-01	2.64e-08	1.59e-08
 2.68128e+23	9.95e-01	5.31e-03	3.47e-06	0.00e+00	0.00e+00	0.00e+00	0.00e+00	0.00e+00	0.00e+00	9.95e-01	2.59e-08	1.54e-08
 2.68561e+23	9.95e-01	5.16e-03	3.42e-06	0.00e+00	0.00e+00	0.00e+00	0.00e+00	0.00e+00	0.00e+00	9.95e-01	2.53e-08	1.50e-08
 2.68956e+23	9.95e-01	5.03e-03	3.37e-06	0.00e+00	0.00e+00	0.00e+00	0.00e+00	0.00e+00	0.00e+00	9.95e-01	2.48e-08	1.46e-08
 2.69388e+23	9.95e-01	4.90e-03	3.32e-06	0.00e+00	0.00e+00	0.00e+00	0.00e+00	0.00e+00	0.00e+00	9.95e-01	2.43e-08	1.41e-08
 2.69854e+23	9.95e-01	4.74e-03	3.27e-06	0.00e+00	0.00e+00	0.00e+00	0.00e+00	0.00e+00	0.00e+00	9.95e-01	2.37e-08	1.37e-08
 2.70279e+23	9.95e-01	4.62e-03	3.23e-06	0.00e+00	0.00e+00	0.00e+00	0.00e+00	0.00e+00	0.00e+00	9.95e-01	2.33e-08	1.33e-08
 2.70744e+23	9.96e-01	4.37e-03	3.17e-06	0.00e+00	0.00e+00	0.00e+00	0.00e+00	0.00e+00	0.00e+00	9.96e-01	2.27e-08	1.28e-08
 2.71343e+23	9.96e-01	4.01e-03	3.10e-06	0.00e+00	0.00e+00	0.00e+00	0.00e+00	0.00e+00	0.00e+00	9.96e-01	2.20e-08	1.22e-08
 2.72005e+23	9.96e-01	3.78e-03	3.03e-06	0.00e+00	0.00e+00	0.00e+00	0.00e+00	0.00e+00	0.00e+00	9.96e-01	2.12e-08	1.16e-08
 2.72656e+23	9.96e-01	3.58e-03	2.97e-06	0.00e+00	0.00e+00	0.00e+00	0.00e+00	0.00e+00	0.00e+00	9.96e-01	2.05e-08	1.11e-08
 2.73308e+23	9.97e-01	3.38e-03	2.91e-06	0.00e+00	0.00e+00	0.00e+00	0.00e+00	0.00e+00	0.00e+00	9.97e-01	1.99e-08	1.05e-08
 2.73969e+23	9.97e-01	3.19e-03	2.85e-06	0.00e+00	0.00e+00	0.00e+00	0.00e+00	0.00e+00	0.00e+00	9.97e-01	1.92e-08	9.97e-09
 2.74640e+23	9.97e-01	3.00e-03	2.79e-06	0.00e+00	0.00e+00	0.00e+00	0.00e+00	0.00e+00	0.00e+00	9.97e-01	1.85e-08	9.45e-09
 2.75318e+23	9.97e-01	2.83e-03	2.73e-06	0.00e+00	0.00e+00	0.00e+00	0.00e+00	0.00e+00	0.00e+00	9.97e-01	1.79e-08	8.94e-09
 2.76004e+23	9.97e-01	2.65e-03	2.67e-06	0.00e+00	0.00e+00	0.00e+00	0.00e+00	0.00e+00	0.00e+00	9.97e-01	1.72e-08	8.46e-09
 2.76698e+23	9.98e-01	2.49e-03	2.61e-06	0.00e+00	0.00e+00	0.00e+00	0.00e+00	0.00e+00	0.00e+00	9.98e-01	1.66e-08	7.98e-09
 2.77400e+23	9.98e-01	2.33e-03	2.55e-06	0.00e+00	0.00e+00	0.00e+00	0.00e+00	0.00e+00	0.00e+00	9.98e-01	1.59e-08	7.54e-09
 2.78111e+23	9.98e-01	2.18e-03	2.50e-06	0.00e+00	0.00e+00	0.00e+00	0.00e+00	0.00e+00	0.00e+00	9.98e-01	1.53e-08	7.11e-09
 2.78830e+23	9.98e-01	2.03e-03	2.44e-06	0.00e+00	0.00e+00	0.00e+00	0.00e+00	0.00e+00	0.00e+00	9.98e-01	1.46e-08	6.70e-09
 2.79556e+23	9.98e-01	1.89e-03	2.39e-06	0.00e+00	0.00e+00	0.00e+00	0.00e+00	0.00e+00	0.00e+00	9.98e-01	1.40e-08	6.30e-09
 2.80291e+23	9.98e-01	1.76e-03	2.33e-06	0.00e+00	0.00e+00	0.00e+00	0.00e+00	0.00e+00	0.00e+00	9.98e-01	1.34e-08	5.92e-09
 2.81033e+23	9.98e-01	1.63e-03	2.28e-06	0.00e+00	0.00e+00	0.00e+00	0.00e+00	0.00e+00	0.00e+00	9.98e-01	1.28e-08	5.54e-09
 2.81783e+23	9.98e-01	1.51e-03	2.23e-06	0.00e+00	0.00e+00	0.00e+00	0.00e+00	0.00e+00	0.00e+00	9.98e-01	1.22e-08	5.18e-09
 2.82539e+23	9.99e-01	1.39e-03	2.18e-06	0.00e+00	0.00e+00	0.00e+00	0.00e+00	0.00e+00	0.00e+00	9.99e-01	1.17e-08	4.84e-09
 2.83303e+23	9.99e-01	1.29e-03	2.13e-06	0.00e+00	0.00e+00	0.00e+00	0.00e+00	0.00e+00	0.00e+00	9.99e-01	1.11e-08	4.51e-09
 2.84075e+23	9.99e-01	1.18e-03	2.08e-06	0.00e+00	0.00e+00	0.00e+00	0.00e+00	0.00e+00	0.00e+00	9.99e-01	1.06e-08	4.19e-09
 2.84857e+23	9.99e-01	1.09e-03	2.03e-06	0.00e+00	0.00e+00	0.00e+00	0.00e+00	0.00e+00	0.00e+00	9.99e-01	1.00e-08	3.89e-09
 2.85646e+23	9.99e-01	9.97e-04	1.98e-06	0.00e+00	0.00e+00	0.00e+00	0.00e+00	0.00e+00	0.00e+00	9.99e-01	9.50e-09	3.60e-09
 2.86443e+23	9.99e-01	9.11e-04	1.94e-06	0.00e+00	0.00e+00	0.00e+00	0.00e+00	0.00e+00	0.00e+00	9.99e-01	8.99e-09	3.33e-09
 2.87248e+23	9.99e-01	8.32e-04	1.89e-06	0.00e+00	0.00e+00	0.00e+00	0.00e+00	0.00e+00	0.00e+00	9.99e-01	8.49e-09	3.07e-09
 2.88062e+23	9.99e-01	7.59e-04	1.85e-06	0.00e+00	0.00e+00	0.00e+00	0.00e+00	0.00e+00	0.00e+00	9.99e-01	8.02e-09	2.82e-09
 2.88899e+23	9.99e-01	6.89e-04	1.80e-06	0.00e+00	0.00e+00	0.00e+00	0.00e+00	0.00e+00	0.00e+00	9.99e-01	7.56e-09	2.59e-09
 2.89758e+23	9.99e-01	6.24e-04	1.76e-06	0.00e+00	0.00e+00	0.00e+00	0.00e+00	0.00e+00	0.00e+00	9.99e-01	7.10e-09	2.37e-09
 2.90625e+23	9.99e-01	5.63e-04	1.71e-06	0.00e+00	0.00e+00	0.00e+00	0.00e+00	0.00e+00	0.00e+00	9.99e-01	6.66e-09	2.16e-09
 2.91504e+23	9.99e-01	5.08e-04	1.67e-06	0.00e+00	0.00e+00	0.00e+00	0.00e+00	0.00e+00	0.00e+00	9.99e-01	6.24e-09	1.96e-09
 2.92394e+23	1.00e+00	4.56e-04	1.62e-06	0.00e+00	0.00e+00	0.00e+00	0.00e+00	0.00e+00	0.00e+00	1.00e+00	5.83e-09	1.78e-09
 2.93296e+23	1.00e+00	4.09e-04	1.58e-06	0.00e+00	0.00e+00	0.00e+00	0.00e+00	0.00e+00	0.00e+00	1.00e+00	5.44e-09	1.61e-09
 2.94211e+23	1.00e+00	3.65e-04	1.54e-06	0.00e+00	0.00e+00	0.00e+00	0.00e+00	0.00e+00	0.00e+00	1.00e+00	5.07e-09	1.45e-09
 2.95141e+23	1.00e+00	3.26e-04	1.50e-06	0.00e+00	0.00e+00	0.00e+00	0.00e+00	0.00e+00	0.00e+00	1.00e+00	4.71e-09	1.31e-09
 2.96088e+23	1.00e+00	2.90e-04	1.46e-06	0.00e+00	0.00e+00	0.00e+00	0.00e+00	0.00e+00	0.00e+00	1.00e+00	4.37e-09	1.17e-09
 2.97055e+23	1.00e+00	2.57e-04	1.42e-06	0.00e+00	0.00e+00	0.00e+00	0.00e+00	0.00e+00	0.00e+00	1.00e+00	4.04e-09	1.05e-09
 2.98050e+23	1.00e+00	2.27e-04	1.38e-06	0.00e+00	0.00e+00	0.00e+00	0.00e+00	0.00e+00	0.00e+00	1.00e+00	3.73e-09	9.40e-10
 2.99072e+23	1.00e+00	2.00e-04	1.34e-06	0.00e+00	0.00e+00	0.00e+00	0.00e+00	0.00e+00	0.00e+00	1.00e+00	3.44e-09	8.36e-10
 3.00112e+23	1.00e+00	1.75e-04	1.30e-06	0.00e+00	0.00e+00	0.00e+00	0.00e+00	0.00e+00	0.00e+00	1.00e+00	3.16e-09	7.41e-10
 3.01169e+23	1.00e+00	1.53e-04	1.26e-06	0.00e+00	0.00e+00	0.00e+00	0.00e+00	0.00e+00	0.00e+00	1.00e+00	2.90e-09	6.54e-10
 3.02246e+23	1.00e+00	1.34e-04	1.22e-06	0.00e+00	0.00e+00	0.00e+00	0.00e+00	0.00e+00	0.00e+00	1.00e+00	2.65e-09	5.76e-10
 3.03345e+23	1.00e+00	1.16e-04	1.18e-06	0.00e+00	0.00e+00	0.00e+00	0.00e+00	0.00e+00	0.00e+00	1.00e+00	2.41e-09	5.06e-10
 3.04468e+23	1.00e+00	1.01e-04	1.14e-06	0.00e+00	0.00e+00	0.00e+00	0.00e+00	0.00e+00	0.00e+00	1.00e+00	2.18e-09	4.43e-10
