#depth	O	O+	O+2	O+3	O+4	O+5	O+6	O+7	O+8	O[1]	O[2]	O[3]
 4.62852e+21	7.44e-13	1.44e-08	1.36e-05	1.14e-03	1.54e-02	4.78e-02	5.31e-01	3.50e-01	5.47e-02	7.44e-13	1.50e-21	1.88e-21
 1.02834e+22	1.60e-12	3.27e-08	3.41e-05	2.90e-03	3.28e-02	8.55e-02	6.02e-01	2.52e-01	2.53e-02	1.60e-12	3.25e-21	4.05e-21
 1.18229e+22	2.28e-12	4.87e-08	5.28e-05	4.44e-03	4.49e-02	1.08e-01	6.16e-01	2.09e-01	1.70e-02	2.28e-12	4.67e-21	5.82e-21
 1.25927e+22	2.73e-12	5.97e-08	6.58e-05	5.47e-03	5.19e-02	1.21e-01	6.19e-01	1.89e-01	1.39e-02	2.73e-12	5.63e-21	7.02e-21
 1.29584e+22	2.96e-12	6.54e-08	7.23e-05	5.97e-03	5.51e-02	1.26e-01	6.19e-01	1.81e-01	1.27e-02	2.96e-12	6.12e-21	7.63e-21
 1.31748e+22	3.22e-12	7.16e-08	7.94e-05	6.49e-03	5.84e-02	1.32e-01	6.18e-01	1.73e-01	1.17e-02	3.22e-12	6.67e-21	8.31e-21
 1.33845e+22	3.46e-12	7.78e-08	8.67e-05	7.04e-03	6.16e-02	1.37e-01	6.17e-01	1.66e-01	1.07e-02	3.46e-12	7.19e-21	8.95e-21
 1.35884e+22	3.74e-12	8.48e-08	9.47e-05	7.61e-03	6.49e-02	1.42e-01	6.16e-01	1.59e-01	9.89e-03	3.74e-12	7.78e-21	9.69e-21
 1.38216e+22	4.15e-12	9.51e-08	1.06e-04	8.43e-03	6.93e-02	1.49e-01	6.13e-01	1.51e-01	8.89e-03	4.15e-12	8.66e-21	1.08e-20
 1.40559e+22	4.51e-12	1.04e-07	1.16e-04	9.12e-03	7.30e-02	1.55e-01	6.11e-01	1.44e-01	8.18e-03	4.51e-12	9.43e-21	1.17e-20
 1.42917e+22	5.01e-12	1.17e-07	1.31e-04	1.01e-02	7.78e-02	1.62e-01	6.07e-01	1.36e-01	7.32e-03	5.01e-12	1.05e-20	1.31e-20
 1.45299e+22	5.52e-12	1.29e-07	1.44e-04	1.09e-02	8.18e-02	1.67e-01	6.03e-01	1.30e-01	6.73e-03	5.52e-12	1.16e-20	1.44e-20
 1.47714e+22	6.17e-12	1.46e-07	1.62e-04	1.21e-02	8.72e-02	1.75e-01	5.98e-01	1.22e-01	6.00e-03	6.17e-12	1.30e-20	1.62e-20
 1.50169e+22	6.86e-12	1.63e-07	1.79e-04	1.31e-02	9.16e-02	1.81e-01	5.93e-01	1.16e-01	5.49e-03	6.86e-12	1.45e-20	1.80e-20
 1.52673e+22	7.74e-12	1.86e-07	2.04e-04	1.46e-02	9.76e-02	1.88e-01	5.86e-01	1.09e-01	4.86e-03	7.74e-12	1.64e-20	2.04e-20
 1.55223e+22	8.70e-12	2.10e-07	2.26e-04	1.58e-02	1.03e-01	1.94e-01	5.80e-01	1.03e-01	4.43e-03	8.70e-12	1.85e-20	2.30e-20
 1.57831e+22	9.93e-12	2.42e-07	2.59e-04	1.76e-02	1.09e-01	2.02e-01	5.71e-01	9.60e-02	3.90e-03	9.93e-12	2.12e-20	2.63e-20
 1.60496e+22	1.13e-11	2.74e-07	2.89e-04	1.92e-02	1.15e-01	2.08e-01	5.63e-01	9.07e-02	3.53e-03	1.13e-11	2.42e-20	3.00e-20
 1.63235e+22	1.31e-11	3.20e-07	3.33e-04	2.14e-02	1.22e-01	2.17e-01	5.52e-01	8.39e-02	3.08e-03	1.31e-11	2.82e-20	3.49e-20
 1.66034e+22	1.50e-11	3.66e-07	3.74e-04	2.34e-02	1.29e-01	2.23e-01	5.43e-01	7.88e-02	2.76e-03	1.50e-11	3.24e-20	4.01e-20
 1.68910e+22	1.77e-11	4.35e-07	4.35e-04	2.62e-02	1.37e-01	2.31e-01	5.31e-01	7.24e-02	2.39e-03	1.77e-11	3.86e-20	4.78e-20
 1.71820e+22	2.05e-11	5.01e-07	4.90e-04	2.86e-02	1.44e-01	2.37e-01	5.20e-01	6.78e-02	2.14e-03	2.05e-11	4.49e-20	5.55e-20
 1.74776e+22	2.46e-11	6.00e-07	5.72e-04	3.20e-02	1.53e-01	2.45e-01	5.06e-01	6.20e-02	1.84e-03	2.46e-11	5.40e-20	6.69e-20
 1.77768e+22	2.88e-11	6.96e-07	6.48e-04	3.50e-02	1.61e-01	2.50e-01	4.94e-01	5.77e-02	1.64e-03	2.88e-11	6.36e-20	7.87e-20
 1.80806e+22	3.49e-11	8.41e-07	7.59e-04	3.91e-02	1.71e-01	2.58e-01	4.78e-01	5.24e-02	1.40e-03	3.49e-11	7.77e-20	9.60e-20
 1.83772e+22	4.09e-11	9.71e-07	8.52e-04	4.25e-02	1.78e-01	2.62e-01	4.66e-01	4.90e-02	1.25e-03	4.09e-11	9.13e-20	1.13e-19
 1.86645e+22	4.93e-11	1.16e-06	9.89e-04	4.71e-02	1.88e-01	2.68e-01	4.50e-01	4.45e-02	1.07e-03	4.93e-11	1.11e-19	1.37e-19
 1.89617e+22	5.86e-11	1.36e-06	1.12e-03	5.13e-02	1.96e-01	2.72e-01	4.37e-01	4.12e-02	9.44e-04	5.86e-11	1.33e-19	1.64e-19
 1.92155e+22	6.80e-11	1.56e-06	1.25e-03	5.52e-02	2.04e-01	2.76e-01	4.25e-01	3.84e-02	8.44e-04	6.80e-11	1.55e-19	1.91e-19
 1.94890e+22	8.22e-11	1.86e-06	1.44e-03	6.07e-02	2.13e-01	2.80e-01	4.09e-01	3.50e-02	7.27e-04	8.22e-11	1.88e-19	2.32e-19
 1.97627e+22	9.58e-11	2.13e-06	1.60e-03	6.52e-02	2.21e-01	2.83e-01	3.96e-01	3.25e-02	6.47e-04	9.58e-11	2.21e-19	2.72e-19
 2.00367e+22	1.16e-10	2.53e-06	1.83e-03	7.13e-02	2.30e-01	2.86e-01	3.81e-01	2.96e-02	5.59e-04	1.16e-10	2.70e-19	3.33e-19
 2.03215e+22	1.38e-10	2.95e-06	2.06e-03	7.71e-02	2.39e-01	2.88e-01	3.66e-01	2.71e-02	4.88e-04	1.38e-10	3.23e-19	3.97e-19
 2.05760e+22	1.63e-10	3.41e-06	2.30e-03	8.28e-02	2.47e-01	2.90e-01	3.53e-01	2.50e-02	4.31e-04	1.63e-10	3.83e-19	4.71e-19
 2.08622e+22	2.01e-10	4.08e-06	2.64e-03	9.04e-02	2.56e-01	2.91e-01	3.37e-01	2.26e-02	3.68e-04	2.01e-10	4.77e-19	5.86e-19
 2.11629e+22	2.43e-10	4.80e-06	2.99e-03	9.78e-02	2.65e-01	2.92e-01	3.22e-01	2.05e-02	3.18e-04	2.43e-10	5.81e-19	7.14e-19
 2.14360e+22	2.91e-10	5.60e-06	3.36e-03	1.05e-01	2.73e-01	2.92e-01	3.08e-01	1.87e-02	2.77e-04	2.91e-10	7.01e-19	8.61e-19
 2.17447e+22	3.67e-10	6.79e-06	3.88e-03	1.15e-01	2.83e-01	2.91e-01	2.90e-01	1.66e-02	2.32e-04	3.67e-10	8.93e-19	1.09e-18
 2.20625e+22	4.49e-10	8.03e-06	4.40e-03	1.24e-01	2.92e-01	2.90e-01	2.75e-01	1.49e-02	1.98e-04	4.49e-10	1.10e-18	1.35e-18
 2.23449e+22	5.43e-10	9.39e-06	4.93e-03	1.33e-01	2.99e-01	2.88e-01	2.61e-01	1.35e-02	1.70e-04	5.43e-10	1.35e-18	1.65e-18
 2.26646e+22	6.94e-10	1.15e-05	5.71e-03	1.45e-01	3.09e-01	2.85e-01	2.44e-01	1.18e-02	1.40e-04	6.94e-10	1.74e-18	2.13e-18
 2.29934e+22	8.54e-10	1.36e-05	6.45e-03	1.56e-01	3.16e-01	2.82e-01	2.29e-01	1.05e-02	1.19e-04	8.54e-10	2.16e-18	2.65e-18
 2.33340e+22	1.11e-09	1.67e-05	7.49e-03	1.70e-01	3.25e-01	2.77e-01	2.12e-01	9.10e-03	9.59e-05	1.11e-09	2.86e-18	3.49e-18
 2.36806e+22	1.38e-09	1.99e-05	8.47e-03	1.82e-01	3.31e-01	2.72e-01	1.98e-01	8.05e-03	8.04e-05	1.38e-09	3.59e-18	4.38e-18
 2.40349e+22	1.83e-09	2.47e-05	9.89e-03	1.99e-01	3.39e-01	2.65e-01	1.80e-01	6.83e-03	6.35e-05	1.83e-09	4.83e-18	5.89e-18
 2.43932e+22	2.28e-09	2.93e-05	1.11e-02	2.12e-01	3.44e-01	2.59e-01	1.68e-01	6.01e-03	5.29e-05	2.28e-09	6.10e-18	7.43e-18
 2.47566e+22	3.03e-09	3.65e-05	1.30e-02	2.30e-01	3.50e-01	2.50e-01	1.52e-01	5.05e-03	4.14e-05	3.03e-09	8.26e-18	1.01e-17
 2.51234e+22	3.80e-09	4.33e-05	1.46e-02	2.45e-01	3.54e-01	2.43e-01	1.40e-01	4.39e-03	3.40e-05	3.80e-09	1.05e-17	1.28e-17
 2.54945e+22	5.07e-09	5.38e-05	1.69e-02	2.64e-01	3.57e-01	2.33e-01	1.25e-01	3.66e-03	2.64e-05	5.07e-09	1.43e-17	1.74e-17
 2.58705e+22	6.41e-09	6.41e-05	1.90e-02	2.80e-01	3.59e-01	2.24e-01	1.15e-01	3.14e-03	2.13e-05	6.41e-09	1.85e-17	2.24e-17
 2.62527e+22	8.63e-09	7.98e-05	2.20e-02	3.01e-01	3.60e-01	2.13e-01	1.02e-01	2.58e-03	1.62e-05	8.63e-09	2.55e-17	3.09e-17
 2.66380e+22	1.09e-08	9.48e-05	2.47e-02	3.17e-01	3.60e-01	2.04e-01	9.21e-02	2.20e-03	1.30e-05	1.09e-08	3.30e-17	3.99e-17
 2.70274e+22	1.48e-08	1.18e-04	2.85e-02	3.39e-01	3.59e-01	1.92e-01	8.09e-02	1.79e-03	9.79e-06	1.48e-08	4.59e-17	5.55e-17
 2.74221e+22	1.88e-08	1.40e-04	3.18e-02	3.56e-01	3.56e-01	1.82e-01	7.27e-02	1.51e-03	7.75e-06	1.88e-08	5.98e-17	7.24e-17
 2.78236e+22	2.56e-08	1.75e-04	3.66e-02	3.78e-01	3.52e-01	1.69e-01	6.30e-02	1.20e-03	5.71e-06	2.56e-08	8.43e-17	1.02e-16
 2.82291e+22	3.26e-08	2.07e-04	4.08e-02	3.95e-01	3.48e-01	1.59e-01	5.62e-02	1.00e-03	4.47e-06	3.26e-08	1.10e-16	1.33e-16
 2.86396e+22	4.45e-08	2.58e-04	4.68e-02	4.17e-01	3.41e-01	1.47e-01	4.82e-02	7.91e-04	3.24e-06	4.45e-08	1.57e-16	1.89e-16
 2.90558e+22	5.70e-08	3.06e-04	5.20e-02	4.34e-01	3.34e-01	1.37e-01	4.25e-02	6.53e-04	2.50e-06	5.70e-08	2.07e-16	2.50e-16
 2.94183e+22	7.23e-08	3.61e-04	5.75e-02	4.49e-01	3.27e-01	1.28e-01	3.75e-02	5.39e-04	1.94e-06	7.23e-08	2.71e-16	3.27e-16
 2.97647e+22	8.98e-08	4.19e-04	6.29e-02	4.63e-01	3.20e-01	1.19e-01	3.34e-02	4.52e-04	1.53e-06	8.98e-08	3.47e-16	4.19e-16
 3.00938e+22	1.11e-07	4.85e-04	6.86e-02	4.77e-01	3.13e-01	1.12e-01	2.97e-02	3.78e-04	1.21e-06	1.11e-07	4.41e-16	5.33e-16
 3.04645e+22	1.45e-07	5.82e-04	7.64e-02	4.93e-01	3.03e-01	1.02e-01	2.56e-02	3.01e-04	8.94e-07	1.45e-07	5.98e-16	7.22e-16
 3.08347e+22	1.79e-07	6.71e-04	8.31e-02	5.04e-01	2.94e-01	9.48e-02	2.26e-02	2.51e-04	7.01e-07	1.79e-07	7.60e-16	9.16e-16
 3.12042e+22	2.33e-07	8.01e-04	9.20e-02	5.18e-01	2.83e-01	8.62e-02	1.94e-02	1.99e-04	5.15e-07	2.33e-07	1.02e-15	1.23e-15
 3.15805e+22	2.88e-07	9.26e-04	9.98e-02	5.29e-01	2.74e-01	7.95e-02	1.70e-02	1.64e-04	3.98e-07	2.88e-07	1.30e-15	1.57e-15
 3.19656e+22	3.77e-07	1.11e-03	1.10e-01	5.41e-01	2.62e-01	7.15e-02	1.44e-02	1.28e-04	2.87e-07	3.77e-07	1.77e-15	2.13e-15
 3.23546e+22	4.68e-07	1.28e-03	1.20e-01	5.50e-01	2.52e-01	6.55e-02	1.25e-02	1.04e-04	2.20e-07	4.68e-07	2.26e-15	2.71e-15
 3.26969e+22	5.77e-07	1.47e-03	1.29e-01	5.57e-01	2.42e-01	5.99e-02	1.09e-02	8.49e-05	1.68e-07	5.77e-07	2.86e-15	3.44e-15
 3.30904e+22	7.53e-07	1.75e-03	1.42e-01	5.65e-01	2.29e-01	5.34e-02	9.11e-03	6.53e-05	0.00e+00	7.53e-07	3.87e-15	4.65e-15
 3.34712e+22	9.14e-07	1.99e-03	1.52e-01	5.70e-01	2.19e-01	4.89e-02	7.98e-03	5.37e-05	0.00e+00	9.14e-07	4.82e-15	5.78e-15
 3.37743e+22	1.09e-06	2.24e-03	1.61e-01	5.74e-01	2.11e-01	4.50e-02	7.05e-03	4.48e-05	0.00e+00	1.09e-06	5.88e-15	7.05e-15
 3.41070e+22	1.35e-06	2.57e-03	1.74e-01	5.77e-01	2.00e-01	4.06e-02	6.04e-03	3.58e-05	0.00e+00	1.35e-06	7.52e-15	9.00e-15
 3.44456e+22	1.62e-06	2.90e-03	1.85e-01	5.79e-01	1.91e-01	3.72e-02	5.30e-03	2.96e-05	0.00e+00	1.62e-06	9.23e-15	1.10e-14
 3.47444e+22	1.92e-06	3.24e-03	1.95e-01	5.80e-01	1.83e-01	3.41e-02	4.67e-03	2.46e-05	0.00e+00	1.92e-06	1.12e-14	1.34e-14
 3.50854e+22	2.38e-06	3.73e-03	2.10e-01	5.80e-01	1.73e-01	3.05e-02	3.97e-03	1.94e-05	0.00e+00	2.38e-06	1.44e-14	1.72e-14
 3.54306e+22	2.85e-06	4.18e-03	2.22e-01	5.79e-01	1.64e-01	2.77e-02	3.45e-03	1.59e-05	0.00e+00	2.85e-06	1.76e-14	2.10e-14
 3.57332e+22	3.38e-06	4.67e-03	2.34e-01	5.77e-01	1.56e-01	2.53e-02	3.02e-03	1.31e-05	0.00e+00	3.38e-06	2.15e-14	2.56e-14
 3.60788e+22	4.20e-06	5.38e-03	2.50e-01	5.73e-01	1.46e-01	2.24e-02	2.54e-03	1.02e-05	0.00e+00	4.20e-06	2.76e-14	3.28e-14
 3.64273e+22	4.97e-06	5.99e-03	2.64e-01	5.69e-01	1.39e-01	2.03e-02	2.21e-03	8.36e-06	0.00e+00	4.97e-06	3.36e-14	3.99e-14
 3.67796e+22	6.15e-06	6.87e-03	2.81e-01	5.63e-01	1.29e-01	1.79e-02	1.85e-03	6.47e-06	0.00e+00	6.15e-06	4.30e-14	5.11e-14
 3.71376e+22	7.34e-06	7.70e-03	2.96e-01	5.57e-01	1.21e-01	1.61e-02	1.59e-03	5.21e-06	0.00e+00	7.34e-06	5.28e-14	6.27e-14
 3.74530e+22	8.68e-06	8.57e-03	3.11e-01	5.51e-01	1.14e-01	1.45e-02	1.37e-03	4.22e-06	0.00e+00	8.68e-06	6.43e-14	7.62e-14
 3.78133e+22	1.07e-05	9.80e-03	3.29e-01	5.41e-01	1.06e-01	1.26e-02	1.14e-03	3.23e-06	0.00e+00	1.07e-05	8.24e-14	9.76e-14
 3.81814e+22	1.28e-05	1.10e-02	3.46e-01	5.32e-01	9.89e-02	1.12e-02	9.70e-04	2.57e-06	0.00e+00	1.28e-05	1.01e-13	1.20e-13
 3.85597e+22	1.58e-05	1.25e-02	3.66e-01	5.20e-01	9.09e-02	9.74e-03	7.96e-04	1.94e-06	0.00e+00	1.58e-05	1.30e-13	1.54e-13
 3.89455e+22	1.90e-05	1.41e-02	3.84e-01	5.08e-01	8.40e-02	8.55e-03	6.67e-04	1.51e-06	0.00e+00	1.90e-05	1.62e-13	1.92e-13
 3.92824e+22	2.25e-05	1.56e-02	4.01e-01	4.97e-01	7.81e-02	7.58e-03	5.66e-04	1.20e-06	0.00e+00	2.25e-05	1.98e-13	2.34e-13
 3.96616e+22	2.77e-05	1.79e-02	4.23e-01	4.81e-01	7.11e-02	6.49e-03	4.60e-04	8.89e-07	0.00e+00	2.77e-05	2.55e-13	3.01e-13
 4.00549e+22	3.31e-05	1.99e-02	4.41e-01	4.67e-01	6.54e-02	5.66e-03	3.83e-04	6.86e-07	0.00e+00	3.31e-05	3.16e-13	3.72e-13
 4.04663e+22	4.15e-05	2.30e-02	4.65e-01	4.48e-01	5.85e-02	4.73e-03	3.02e-04	4.90e-07	0.00e+00	4.15e-05	4.17e-13	4.89e-13
 4.07570e+22	4.36e-05	2.37e-02	4.71e-01	4.43e-01	5.68e-02	4.52e-03	2.84e-04	4.50e-07	0.00e+00	4.36e-05	4.43e-13	5.20e-13
 4.08907e+22	4.69e-05	2.48e-02	4.79e-01	4.37e-01	5.48e-02	4.26e-03	2.63e-04	4.03e-07	0.00e+00	4.69e-05	4.84e-13	5.68e-13
 4.10645e+22	5.18e-05	2.63e-02	4.89e-01	4.28e-01	5.21e-02	3.93e-03	2.36e-04	3.47e-07	0.00e+00	5.18e-05	5.46e-13	6.39e-13
 4.12905e+22	5.81e-05	2.83e-02	5.01e-01	4.17e-01	4.91e-02	3.58e-03	2.08e-04	2.91e-07	0.00e+00	5.81e-05	6.29e-13	7.36e-13
 4.15842e+22	6.83e-05	3.13e-02	5.18e-01	4.02e-01	4.49e-02	3.12e-03	1.74e-04	2.26e-07	0.00e+00	6.83e-05	7.68e-13	8.96e-13
 4.18819e+22	7.70e-05	3.37e-02	5.31e-01	3.90e-01	4.20e-02	2.80e-03	1.52e-04	1.86e-07	0.00e+00	7.70e-05	8.93e-13	1.04e-12
 4.21847e+22	9.02e-05	3.72e-02	5.47e-01	3.75e-01	3.84e-02	2.44e-03	1.26e-04	1.44e-07	0.00e+00	9.02e-05	1.09e-12	1.26e-12
 4.24946e+22	1.03e-04	4.02e-02	5.61e-01	3.61e-01	3.55e-02	2.16e-03	1.08e-04	0.00e+00	0.00e+00	1.03e-04	1.28e-12	1.48e-12
 4.28136e+22	1.21e-04	4.44e-02	5.77e-01	3.45e-01	3.22e-02	1.86e-03	8.90e-05	0.00e+00	0.00e+00	1.21e-04	1.57e-12	1.81e-12
 4.31364e+22	1.37e-04	4.81e-02	5.89e-01	3.31e-01	2.96e-02	1.64e-03	7.57e-05	0.00e+00	0.00e+00	1.37e-04	1.86e-12	2.13e-12
 4.34641e+22	1.62e-04	5.31e-02	6.05e-01	3.14e-01	2.67e-02	1.40e-03	6.18e-05	0.00e+00	0.00e+00	1.62e-04	2.29e-12	2.61e-12
 4.37957e+22	1.84e-04	5.74e-02	6.17e-01	3.00e-01	2.44e-02	1.22e-03	5.21e-05	0.00e+00	0.00e+00	1.84e-04	2.71e-12	3.07e-12
 4.41323e+22	2.17e-04	6.34e-02	6.31e-01	2.83e-01	2.18e-02	1.03e-03	4.21e-05	0.00e+00	0.00e+00	2.17e-04	3.35e-12	3.77e-12
 4.44736e+22	2.47e-04	6.86e-02	6.42e-01	2.69e-01	1.98e-02	8.99e-04	3.52e-05	0.00e+00	0.00e+00	2.47e-04	3.98e-12	4.44e-12
 4.48209e+22	2.91e-04	7.57e-02	6.54e-01	2.51e-01	1.76e-02	7.52e-04	2.81e-05	0.00e+00	0.00e+00	2.91e-04	4.96e-12	5.48e-12
 4.51740e+22	3.32e-04	8.19e-02	6.64e-01	2.37e-01	1.59e-02	6.47e-04	2.33e-05	0.00e+00	0.00e+00	3.32e-04	5.92e-12	6.48e-12
 4.55348e+22	3.92e-04	9.04e-02	6.75e-01	2.20e-01	1.39e-02	5.34e-04	1.83e-05	0.00e+00	0.00e+00	3.92e-04	7.42e-12	8.03e-12
 4.59022e+22	4.48e-04	9.77e-02	6.83e-01	2.06e-01	1.25e-02	4.55e-04	1.50e-05	0.00e+00	0.00e+00	4.48e-04	8.91e-12	9.52e-12
 4.62783e+22	5.30e-04	1.08e-01	6.91e-01	1.90e-01	1.08e-02	3.70e-04	1.16e-05	0.00e+00	0.00e+00	5.30e-04	1.13e-11	1.19e-11
 4.66631e+22	6.07e-04	1.17e-01	6.96e-01	1.76e-01	9.62e-03	3.11e-04	9.39e-06	0.00e+00	0.00e+00	6.07e-04	1.36e-11	1.41e-11
 4.70591e+22	7.22e-04	1.29e-01	7.02e-01	1.60e-01	8.25e-03	2.49e-04	7.13e-06	0.00e+00	0.00e+00	7.22e-04	1.75e-11	1.78e-11
 4.74603e+22	8.25e-04	1.39e-01	7.05e-01	1.48e-01	7.25e-03	2.07e-04	5.70e-06	0.00e+00	0.00e+00	8.25e-04	2.12e-11	2.12e-11
 4.78683e+22	9.81e-04	1.54e-01	7.06e-01	1.33e-01	6.16e-03	1.63e-04	4.27e-06	0.00e+00	0.00e+00	9.81e-04	2.72e-11	2.66e-11
 4.82823e+22	1.12e-03	1.66e-01	7.06e-01	1.21e-01	5.38e-03	1.35e-04	3.38e-06	0.00e+00	0.00e+00	1.12e-03	3.31e-11	3.17e-11
 4.87043e+22	1.33e-03	1.83e-01	7.04e-01	1.08e-01	4.51e-03	1.04e-04	2.49e-06	0.00e+00	0.00e+00	1.33e-03	4.26e-11	3.99e-11
 4.91331e+22	1.52e-03	1.97e-01	7.01e-01	9.74e-02	3.90e-03	8.48e-05	1.94e-06	0.00e+00	0.00e+00	1.52e-03	5.19e-11	4.76e-11
 4.95707e+22	1.81e-03	2.16e-01	6.93e-01	8.53e-02	3.23e-03	6.47e-05	1.41e-06	0.00e+00	0.00e+00	1.81e-03	6.72e-11	6.00e-11
 5.00166e+22	2.06e-03	2.32e-01	6.87e-01	7.64e-02	2.77e-03	5.18e-05	1.08e-06	0.00e+00	0.00e+00	2.06e-03	8.20e-11	7.16e-11
 5.04732e+22	2.46e-03	2.56e-01	6.74e-01	6.56e-02	2.25e-03	3.85e-05	7.66e-07	0.00e+00	0.00e+00	2.46e-03	1.07e-10	9.10e-11
 5.09370e+22	2.80e-03	2.74e-01	6.63e-01	5.81e-02	1.91e-03	3.04e-05	5.82e-07	0.00e+00	0.00e+00	2.80e-03	1.31e-10	1.09e-10
 5.14101e+22	3.35e-03	3.01e-01	6.45e-01	4.90e-02	1.54e-03	2.21e-05	4.03e-07	0.00e+00	0.00e+00	3.35e-03	1.71e-10	1.39e-10
 5.18965e+22	3.82e-03	3.22e-01	6.30e-01	4.27e-02	1.29e-03	1.71e-05	3.01e-07	0.00e+00	0.00e+00	3.82e-03	2.10e-10	1.67e-10
 5.24002e+22	4.61e-03	3.55e-01	6.05e-01	3.50e-02	1.01e-03	1.19e-05	2.01e-07	0.00e+00	0.00e+00	4.61e-03	2.79e-10	2.16e-10
 5.29174e+22	5.27e-03	3.79e-01	5.85e-01	2.99e-02	8.38e-04	8.99e-06	1.47e-07	0.00e+00	0.00e+00	5.27e-03	3.43e-10	2.61e-10
 5.34521e+22	6.39e-03	4.16e-01	5.53e-01	2.37e-02	6.44e-04	6.03e-06	0.00e+00	0.00e+00	0.00e+00	6.39e-03	4.59e-10	3.40e-10
 5.40051e+22	7.39e-03	4.46e-01	5.26e-01	1.96e-02	5.19e-04	4.34e-06	0.00e+00	0.00e+00	0.00e+00	7.39e-03	5.73e-10	4.18e-10
 5.45819e+22	9.03e-03	4.90e-01	4.86e-01	1.49e-02	3.88e-04	2.75e-06	0.00e+00	0.00e+00	0.00e+00	9.03e-03	7.74e-10	5.53e-10
 5.51847e+22	1.06e-02	5.25e-01	4.52e-01	1.17e-02	3.03e-04	1.86e-06	0.00e+00	0.00e+00	0.00e+00	1.06e-02	9.85e-10	6.93e-10
 5.58048e+22	1.31e-02	5.74e-01	4.05e-01	8.42e-03	2.20e-04	1.10e-06	0.00e+00	0.00e+00	0.00e+00	1.31e-02	1.34e-09	9.28e-10
 5.63404e+22	1.45e-02	5.98e-01	3.80e-01	6.95e-03	1.84e-04	8.19e-07	0.00e+00	0.00e+00	0.00e+00	1.45e-02	1.57e-09	1.08e-09
 5.67825e+22	1.69e-02	6.33e-01	3.44e-01	5.34e-03	1.45e-04	5.45e-07	0.00e+00	0.00e+00	0.00e+00	1.69e-02	1.96e-09	1.33e-09
 5.72506e+22	1.93e-02	6.64e-01	3.12e-01	4.14e-03	1.16e-04	3.72e-07	0.00e+00	0.00e+00	0.00e+00	1.93e-02	2.37e-09	1.61e-09
 5.77524e+22	2.30e-02	7.03e-01	2.71e-01	2.93e-03	8.61e-05	2.22e-07	0.00e+00	0.00e+00	0.00e+00	2.30e-02	3.06e-09	2.05e-09
 5.82636e+22	2.66e-02	7.33e-01	2.38e-01	2.16e-03	6.70e-05	1.42e-07	0.00e+00	0.00e+00	0.00e+00	2.66e-02	3.75e-09	2.50e-09
 5.87870e+22	3.23e-02	7.69e-01	1.98e-01	1.42e-03	4.78e-05	0.00e+00	0.00e+00	0.00e+00	0.00e+00	3.23e-02	4.91e-09	3.24e-09
 5.92694e+22	3.72e-02	7.91e-01	1.71e-01	1.03e-03	3.74e-05	0.00e+00	0.00e+00	0.00e+00	0.00e+00	3.72e-02	5.90e-09	3.87e-09
 5.96279e+22	4.22e-02	8.09e-01	1.48e-01	7.72e-04	2.98e-05	0.00e+00	0.00e+00	0.00e+00	0.00e+00	4.22e-02	6.98e-09	4.55e-09
 6.00235e+22	4.96e-02	8.28e-01	1.22e-01	5.25e-04	2.21e-05	0.00e+00	0.00e+00	0.00e+00	0.00e+00	4.96e-02	8.67e-09	5.61e-09
 6.04490e+22	5.88e-02	8.42e-01	9.91e-02	3.50e-04	1.62e-05	0.00e+00	0.00e+00	0.00e+00	0.00e+00	5.88e-02	1.08e-08	6.94e-09
 6.08419e+22	6.97e-02	8.51e-01	7.91e-02	2.31e-04	1.18e-05	0.00e+00	0.00e+00	0.00e+00	0.00e+00	6.97e-02	1.34e-08	8.60e-09
 6.12164e+22	8.33e-02	8.55e-01	6.19e-02	1.51e-04	8.42e-06	0.00e+00	0.00e+00	0.00e+00	0.00e+00	8.33e-02	1.67e-08	1.07e-08
 6.15701e+22	1.00e-01	8.52e-01	4.76e-02	9.76e-05	5.93e-06	0.00e+00	0.00e+00	0.00e+00	0.00e+00	1.00e-01	2.09e-08	1.34e-08
 6.18957e+22	1.20e-01	8.44e-01	3.61e-02	6.36e-05	4.13e-06	0.00e+00	0.00e+00	0.00e+00	0.00e+00	1.20e-01	2.60e-08	1.66e-08
 6.21927e+22	1.44e-01	8.29e-01	2.71e-02	4.20e-05	2.85e-06	0.00e+00	0.00e+00	0.00e+00	0.00e+00	1.44e-01	3.20e-08	2.05e-08
 6.24630e+22	1.72e-01	8.07e-01	2.03e-02	2.82e-05	1.95e-06	0.00e+00	0.00e+00	0.00e+00	0.00e+00	1.72e-01	3.91e-08	2.51e-08
 6.27092e+22	2.05e-01	7.80e-01	1.50e-02	1.94e-05	1.33e-06	0.00e+00	0.00e+00	0.00e+00	0.00e+00	2.05e-01	4.69e-08	3.00e-08
 6.29333e+22	2.42e-01	7.47e-01	1.11e-02	1.36e-05	9.00e-07	0.00e+00	0.00e+00	0.00e+00	0.00e+00	2.42e-01	5.54e-08	3.54e-08
 6.31373e+22	2.82e-01	7.10e-01	8.29e-03	9.84e-06	6.13e-07	0.00e+00	0.00e+00	0.00e+00	0.00e+00	2.82e-01	6.41e-08	4.09e-08
 6.32663e+22	3.09e-01	6.84e-01	6.91e-03	8.16e-06	4.87e-07	0.00e+00	0.00e+00	0.00e+00	0.00e+00	3.09e-01	6.93e-08	4.41e-08
 6.33158e+22	3.21e-01	6.73e-01	6.42e-03	7.56e-06	4.43e-07	0.00e+00	0.00e+00	0.00e+00	0.00e+00	3.21e-01	7.14e-08	4.55e-08
 6.33554e+22	3.30e-01	6.64e-01	6.01e-03	7.08e-06	4.06e-07	0.00e+00	0.00e+00	0.00e+00	0.00e+00	3.30e-01	7.33e-08	4.67e-08
 6.34058e+22	3.43e-01	6.51e-01	5.52e-03	6.51e-06	3.64e-07	0.00e+00	0.00e+00	0.00e+00	0.00e+00	3.43e-01	7.58e-08	4.82e-08
 6.34667e+22	3.59e-01	6.36e-01	4.98e-03	5.88e-06	3.18e-07	0.00e+00	0.00e+00	0.00e+00	0.00e+00	3.59e-01	7.87e-08	5.00e-08
 6.35288e+22	3.76e-01	6.20e-01	4.49e-03	5.33e-06	2.78e-07	0.00e+00	0.00e+00	0.00e+00	0.00e+00	3.76e-01	8.15e-08	5.18e-08
 6.35885e+22	3.92e-01	6.04e-01	4.05e-03	4.83e-06	2.43e-07	0.00e+00	0.00e+00	0.00e+00	0.00e+00	3.92e-01	8.43e-08	5.35e-08
 6.36479e+22	4.09e-01	5.87e-01	3.65e-03	4.39e-06	2.13e-07	0.00e+00	0.00e+00	0.00e+00	0.00e+00	4.09e-01	8.69e-08	5.52e-08
 6.37071e+22	4.26e-01	5.70e-01	3.29e-03	3.99e-06	1.86e-07	0.00e+00	0.00e+00	0.00e+00	0.00e+00	4.26e-01	8.95e-08	5.68e-08
 6.37682e+22	4.45e-01	5.52e-01	2.95e-03	3.61e-06	1.61e-07	0.00e+00	0.00e+00	0.00e+00	0.00e+00	4.45e-01	9.20e-08	5.83e-08
 6.38318e+22	4.64e-01	5.34e-01	2.63e-03	3.26e-06	1.39e-07	0.00e+00	0.00e+00	0.00e+00	0.00e+00	4.64e-01	9.45e-08	5.99e-08
 6.38969e+22	4.83e-01	5.15e-01	2.33e-03	2.94e-06	0.00e+00	0.00e+00	0.00e+00	0.00e+00	0.00e+00	4.83e-01	9.68e-08	6.13e-08
 6.39638e+22	5.04e-01	4.94e-01	2.06e-03	2.64e-06	0.00e+00	0.00e+00	0.00e+00	0.00e+00	0.00e+00	5.04e-01	9.90e-08	6.27e-08
 6.40318e+22	5.25e-01	4.74e-01	1.81e-03	2.37e-06	0.00e+00	0.00e+00	0.00e+00	0.00e+00	0.00e+00	5.25e-01	1.01e-07	6.39e-08
 6.41018e+22	5.46e-01	4.53e-01	1.59e-03	2.13e-06	0.00e+00	0.00e+00	0.00e+00	0.00e+00	0.00e+00	5.46e-01	1.03e-07	6.50e-08
 6.41757e+22	5.68e-01	4.31e-01	1.38e-03	1.90e-06	0.00e+00	0.00e+00	0.00e+00	0.00e+00	0.00e+00	5.68e-01	1.04e-07	6.59e-08
 6.42506e+22	5.90e-01	4.09e-01	1.20e-03	1.69e-06	0.00e+00	0.00e+00	0.00e+00	0.00e+00	0.00e+00	5.90e-01	1.06e-07	6.66e-08
 6.43093e+22	6.05e-01	3.94e-01	1.08e-03	1.56e-06	0.00e+00	0.00e+00	0.00e+00	0.00e+00	0.00e+00	6.05e-01	1.06e-07	6.69e-08
 6.43482e+22	6.16e-01	3.83e-01	1.01e-03	1.48e-06	0.00e+00	0.00e+00	0.00e+00	0.00e+00	0.00e+00	6.16e-01	1.06e-07	6.71e-08
 6.43850e+22	6.26e-01	3.73e-01	9.41e-04	1.40e-06	0.00e+00	0.00e+00	0.00e+00	0.00e+00	0.00e+00	6.26e-01	1.07e-07	6.73e-08
 6.44279e+22	6.38e-01	3.61e-01	8.67e-04	1.32e-06	0.00e+00	0.00e+00	0.00e+00	0.00e+00	0.00e+00	6.38e-01	1.07e-07	6.75e-08
 6.44751e+22	6.50e-01	3.49e-01	7.94e-04	1.23e-06	0.00e+00	0.00e+00	0.00e+00	0.00e+00	0.00e+00	6.50e-01	1.07e-07	6.75e-08
 6.45219e+22	6.62e-01	3.37e-01	7.29e-04	1.15e-06	0.00e+00	0.00e+00	0.00e+00	0.00e+00	0.00e+00	6.62e-01	1.07e-07	6.75e-08
 6.45676e+22	6.73e-01	3.26e-01	6.71e-04	1.08e-06	0.00e+00	0.00e+00	0.00e+00	0.00e+00	0.00e+00	6.73e-01	1.07e-07	6.75e-08
 6.46137e+22	6.84e-01	3.15e-01	6.17e-04	1.02e-06	0.00e+00	0.00e+00	0.00e+00	0.00e+00	0.00e+00	6.84e-01	1.07e-07	6.74e-08
 6.46613e+22	6.95e-01	3.05e-01	5.67e-04	9.58e-07	0.00e+00	0.00e+00	0.00e+00	0.00e+00	0.00e+00	6.95e-01	1.07e-07	6.73e-08
 6.47100e+22	7.06e-01	2.94e-01	5.19e-04	8.98e-07	0.00e+00	0.00e+00	0.00e+00	0.00e+00	0.00e+00	7.06e-01	1.07e-07	6.71e-08
 6.47588e+22	7.16e-01	2.84e-01	4.77e-04	8.46e-07	0.00e+00	0.00e+00	0.00e+00	0.00e+00	0.00e+00	7.16e-01	1.07e-07	6.69e-08
 6.48087e+22	7.26e-01	2.74e-01	4.37e-04	7.95e-07	0.00e+00	0.00e+00	0.00e+00	0.00e+00	0.00e+00	7.26e-01	1.06e-07	6.66e-08
 6.48607e+22	7.36e-01	2.63e-01	3.99e-04	7.45e-07	0.00e+00	0.00e+00	0.00e+00	0.00e+00	0.00e+00	7.36e-01	1.06e-07	6.63e-08
 6.49127e+22	7.46e-01	2.54e-01	3.65e-04	7.00e-07	0.00e+00	0.00e+00	0.00e+00	0.00e+00	0.00e+00	7.46e-01	1.05e-07	6.60e-08
 6.49646e+22	7.55e-01	2.45e-01	3.35e-04	6.60e-07	0.00e+00	0.00e+00	0.00e+00	0.00e+00	0.00e+00	7.55e-01	1.05e-07	6.56e-08
 6.50187e+22	7.64e-01	2.36e-01	3.06e-04	6.20e-07	0.00e+00	0.00e+00	0.00e+00	0.00e+00	0.00e+00	7.64e-01	1.04e-07	6.52e-08
 6.50753e+22	7.73e-01	2.26e-01	2.79e-04	5.82e-07	0.00e+00	0.00e+00	0.00e+00	0.00e+00	0.00e+00	7.73e-01	1.04e-07	6.48e-08
 6.51320e+22	7.82e-01	2.18e-01	2.54e-04	5.47e-07	0.00e+00	0.00e+00	0.00e+00	0.00e+00	0.00e+00	7.82e-01	1.03e-07	6.44e-08
 6.51895e+22	7.90e-01	2.09e-01	2.32e-04	5.15e-07	0.00e+00	0.00e+00	0.00e+00	0.00e+00	0.00e+00	7.90e-01	1.02e-07	6.39e-08
 6.52495e+22	7.98e-01	2.01e-01	2.11e-04	4.84e-07	0.00e+00	0.00e+00	0.00e+00	0.00e+00	0.00e+00	7.98e-01	1.02e-07	6.35e-08
 6.53117e+22	8.07e-01	1.93e-01	1.92e-04	4.54e-07	0.00e+00	0.00e+00	0.00e+00	0.00e+00	0.00e+00	8.07e-01	1.01e-07	6.30e-08
 6.53747e+22	8.14e-01	1.86e-01	1.75e-04	4.27e-07	0.00e+00	0.00e+00	0.00e+00	0.00e+00	0.00e+00	8.14e-01	1.00e-07	6.25e-08
 6.54392e+22	8.22e-01	1.78e-01	1.59e-04	4.02e-07	0.00e+00	0.00e+00	0.00e+00	0.00e+00	0.00e+00	8.22e-01	9.95e-08	6.19e-08
 6.55063e+22	8.29e-01	1.71e-01	1.45e-04	3.78e-07	0.00e+00	0.00e+00	0.00e+00	0.00e+00	0.00e+00	8.29e-01	9.88e-08	6.12e-08
 6.55761e+22	8.36e-01	1.64e-01	1.31e-04	3.55e-07	0.00e+00	0.00e+00	0.00e+00	0.00e+00	0.00e+00	8.36e-01	9.80e-08	6.06e-08
 6.56478e+22	8.43e-01	1.57e-01	1.19e-04	3.33e-07	0.00e+00	0.00e+00	0.00e+00	0.00e+00	0.00e+00	8.43e-01	9.72e-08	5.99e-08
 6.57205e+22	8.49e-01	1.51e-01	1.08e-04	3.13e-07	0.00e+00	0.00e+00	0.00e+00	0.00e+00	0.00e+00	8.49e-01	9.64e-08	5.92e-08
 6.57953e+22	8.56e-01	1.44e-01	9.78e-05	2.94e-07	0.00e+00	0.00e+00	0.00e+00	0.00e+00	0.00e+00	8.56e-01	9.56e-08	5.85e-08
 6.58726e+22	8.62e-01	1.38e-01	8.87e-05	2.76e-07	0.00e+00	0.00e+00	0.00e+00	0.00e+00	0.00e+00	8.62e-01	9.48e-08	5.78e-08
 6.59514e+22	8.67e-01	1.32e-01	8.07e-05	2.59e-07	0.00e+00	0.00e+00	0.00e+00	0.00e+00	0.00e+00	8.67e-01	9.41e-08	5.72e-08
 6.60302e+22	8.73e-01	1.27e-01	7.35e-05	2.44e-07	0.00e+00	0.00e+00	0.00e+00	0.00e+00	0.00e+00	8.73e-01	9.33e-08	5.65e-08
 6.61108e+22	8.78e-01	1.22e-01	6.72e-05	2.30e-07	0.00e+00	0.00e+00	0.00e+00	0.00e+00	0.00e+00	8.78e-01	9.26e-08	5.59e-08
 6.61939e+22	8.83e-01	1.17e-01	6.14e-05	2.16e-07	0.00e+00	0.00e+00	0.00e+00	0.00e+00	0.00e+00	8.83e-01	9.19e-08	5.52e-08
 6.62777e+22	8.88e-01	1.12e-01	5.63e-05	2.04e-07	0.00e+00	0.00e+00	0.00e+00	0.00e+00	0.00e+00	8.88e-01	9.13e-08	5.46e-08
 6.63622e+22	8.93e-01	1.07e-01	5.18e-05	1.92e-07	0.00e+00	0.00e+00	0.00e+00	0.00e+00	0.00e+00	8.93e-01	9.07e-08	5.40e-08
 6.64486e+22	8.97e-01	1.03e-01	4.77e-05	1.81e-07	0.00e+00	0.00e+00	0.00e+00	0.00e+00	0.00e+00	8.97e-01	9.01e-08	5.35e-08
 6.65370e+22	9.01e-01	9.90e-02	4.41e-05	1.71e-07	0.00e+00	0.00e+00	0.00e+00	0.00e+00	0.00e+00	9.01e-01	8.97e-08	5.30e-08
 6.66261e+22	9.05e-01	9.52e-02	4.10e-05	1.62e-07	0.00e+00	0.00e+00	0.00e+00	0.00e+00	0.00e+00	9.05e-01	8.93e-08	5.25e-08
 6.67163e+22	9.08e-01	9.15e-02	3.81e-05	1.53e-07	0.00e+00	0.00e+00	0.00e+00	0.00e+00	0.00e+00	9.08e-01	8.89e-08	5.20e-08
 6.68096e+22	9.12e-01	8.79e-02	3.55e-05	1.45e-07	0.00e+00	0.00e+00	0.00e+00	0.00e+00	0.00e+00	9.12e-01	8.85e-08	5.16e-08
 6.69050e+22	9.15e-01	8.45e-02	3.32e-05	1.37e-07	0.00e+00	0.00e+00	0.00e+00	0.00e+00	0.00e+00	9.15e-01	8.81e-08	5.11e-08
 6.70015e+22	9.19e-01	8.12e-02	3.12e-05	1.29e-07	0.00e+00	0.00e+00	0.00e+00	0.00e+00	0.00e+00	9.19e-01	8.78e-08	5.07e-08
 6.71005e+22	9.22e-01	7.80e-02	2.93e-05	0.00e+00	0.00e+00	0.00e+00	0.00e+00	0.00e+00	0.00e+00	9.22e-01	8.75e-08	5.03e-08
 6.72020e+22	9.25e-01	7.50e-02	2.77e-05	0.00e+00	0.00e+00	0.00e+00	0.00e+00	0.00e+00	0.00e+00	9.25e-01	8.73e-08	4.99e-08
 6.73035e+22	9.28e-01	7.21e-02	2.62e-05	0.00e+00	0.00e+00	0.00e+00	0.00e+00	0.00e+00	0.00e+00	9.28e-01	8.71e-08	4.96e-08
 6.74019e+22	9.30e-01	6.95e-02	2.50e-05	0.00e+00	0.00e+00	0.00e+00	0.00e+00	0.00e+00	0.00e+00	9.30e-01	8.69e-08	4.92e-08
 6.74936e+22	9.33e-01	6.72e-02	2.40e-05	0.00e+00	0.00e+00	0.00e+00	0.00e+00	0.00e+00	0.00e+00	9.33e-01	8.66e-08	4.89e-08
 6.75784e+22	9.35e-01	6.53e-02	2.32e-05	0.00e+00	0.00e+00	0.00e+00	0.00e+00	0.00e+00	0.00e+00	9.35e-01	8.64e-08	4.86e-08
 6.76584e+22	9.37e-01	6.34e-02	2.26e-05	0.00e+00	0.00e+00	0.00e+00	0.00e+00	0.00e+00	0.00e+00	9.37e-01	8.62e-08	4.83e-08
 6.77325e+22	9.38e-01	6.18e-02	2.20e-05	0.00e+00	0.00e+00	0.00e+00	0.00e+00	0.00e+00	0.00e+00	9.38e-01	8.61e-08	4.80e-08
 6.78043e+22	9.40e-01	6.03e-02	2.14e-05	0.00e+00	0.00e+00	0.00e+00	0.00e+00	0.00e+00	0.00e+00	9.40e-01	8.59e-08	4.78e-08
 6.78765e+22	9.41e-01	5.87e-02	2.09e-05	0.00e+00	0.00e+00	0.00e+00	0.00e+00	0.00e+00	0.00e+00	9.41e-01	8.58e-08	4.76e-08
 6.79464e+22	9.43e-01	5.72e-02	2.05e-05	0.00e+00	0.00e+00	0.00e+00	0.00e+00	0.00e+00	0.00e+00	9.43e-01	8.57e-08	4.74e-08
 6.80121e+22	9.44e-01	5.59e-02	2.01e-05	0.00e+00	0.00e+00	0.00e+00	0.00e+00	0.00e+00	0.00e+00	9.44e-01	8.55e-08	4.72e-08
 6.80745e+22	9.45e-01	5.46e-02	1.97e-05	0.00e+00	0.00e+00	0.00e+00	0.00e+00	0.00e+00	0.00e+00	9.45e-01	8.55e-08	4.70e-08
 6.81371e+22	9.47e-01	5.33e-02	1.94e-05	0.00e+00	0.00e+00	0.00e+00	0.00e+00	0.00e+00	0.00e+00	9.47e-01	8.53e-08	4.68e-08
 6.81970e+22	9.48e-01	5.22e-02	1.91e-05	0.00e+00	0.00e+00	0.00e+00	0.00e+00	0.00e+00	0.00e+00	9.48e-01	8.52e-08	4.66e-08
 6.82534e+22	9.49e-01	5.11e-02	1.89e-05	0.00e+00	0.00e+00	0.00e+00	0.00e+00	0.00e+00	0.00e+00	9.49e-01	8.52e-08	4.65e-08
 6.83095e+22	9.50e-01	4.99e-02	1.86e-05	0.00e+00	0.00e+00	0.00e+00	0.00e+00	0.00e+00	0.00e+00	9.50e-01	8.51e-08	4.63e-08
 6.83634e+22	9.51e-01	4.89e-02	1.84e-05	0.00e+00	0.00e+00	0.00e+00	0.00e+00	0.00e+00	0.00e+00	9.51e-01	8.49e-08	4.61e-08
 6.84140e+22	9.52e-01	4.79e-02	1.82e-05	0.00e+00	0.00e+00	0.00e+00	0.00e+00	0.00e+00	0.00e+00	9.52e-01	8.48e-08	4.60e-08
 6.84636e+22	9.53e-01	4.70e-02	1.80e-05	0.00e+00	0.00e+00	0.00e+00	0.00e+00	0.00e+00	0.00e+00	9.53e-01	8.47e-08	4.58e-08
 6.85119e+22	9.54e-01	4.60e-02	1.78e-05	0.00e+00	0.00e+00	0.00e+00	0.00e+00	0.00e+00	0.00e+00	9.54e-01	8.46e-08	4.56e-08
 6.85573e+22	9.55e-01	4.52e-02	1.76e-05	0.00e+00	0.00e+00	0.00e+00	0.00e+00	0.00e+00	0.00e+00	9.55e-01	8.45e-08	4.55e-08
 6.85987e+22	9.56e-01	4.44e-02	1.75e-05	0.00e+00	0.00e+00	0.00e+00	0.00e+00	0.00e+00	0.00e+00	9.56e-01	8.43e-08	4.53e-08
 6.86363e+22	9.56e-01	4.37e-02	1.73e-05	0.00e+00	0.00e+00	0.00e+00	0.00e+00	0.00e+00	0.00e+00	9.56e-01	8.42e-08	4.52e-08
 6.86706e+22	9.57e-01	4.31e-02	1.72e-05	0.00e+00	0.00e+00	0.00e+00	0.00e+00	0.00e+00	0.00e+00	9.57e-01	8.41e-08	4.50e-08
 6.87017e+22	9.57e-01	4.25e-02	1.71e-05	0.00e+00	0.00e+00	0.00e+00	0.00e+00	0.00e+00	0.00e+00	9.57e-01	8.40e-08	4.49e-08
 6.87301e+22	9.58e-01	4.20e-02	1.70e-05	0.00e+00	0.00e+00	0.00e+00	0.00e+00	0.00e+00	0.00e+00	9.58e-01	8.39e-08	4.48e-08
 6.87559e+22	9.58e-01	4.15e-02	1.69e-05	0.00e+00	0.00e+00	0.00e+00	0.00e+00	0.00e+00	0.00e+00	9.58e-01	8.36e-08	4.47e-08
 6.87841e+22	9.59e-01	4.09e-02	1.68e-05	0.00e+00	0.00e+00	0.00e+00	0.00e+00	0.00e+00	0.00e+00	9.59e-01	8.32e-08	4.45e-08
 6.88147e+22	9.60e-01	4.03e-02	1.67e-05	0.00e+00	0.00e+00	0.00e+00	0.00e+00	0.00e+00	0.00e+00	9.60e-01	8.29e-08	4.44e-08
 6.88425e+22	9.60e-01	3.98e-02	1.66e-05	0.00e+00	0.00e+00	0.00e+00	0.00e+00	0.00e+00	0.00e+00	9.60e-01	8.26e-08	4.43e-08
 6.88677e+22	9.61e-01	3.94e-02	1.65e-05	0.00e+00	0.00e+00	0.00e+00	0.00e+00	0.00e+00	0.00e+00	9.61e-01	8.22e-08	4.41e-08
 6.88907e+22	9.61e-01	3.91e-02	1.64e-05	0.00e+00	0.00e+00	0.00e+00	0.00e+00	0.00e+00	0.00e+00	9.61e-01	8.21e-08	4.41e-08
 6.89159e+22	9.61e-01	3.85e-02	1.63e-05	0.00e+00	0.00e+00	0.00e+00	0.00e+00	0.00e+00	0.00e+00	9.61e-01	8.19e-08	4.40e-08
 6.89487e+22	9.62e-01	3.79e-02	1.61e-05	0.00e+00	0.00e+00	0.00e+00	0.00e+00	0.00e+00	0.00e+00	9.62e-01	8.15e-08	4.38e-08
 6.89841e+22	9.63e-01	3.72e-02	1.60e-05	0.00e+00	0.00e+00	0.00e+00	0.00e+00	0.00e+00	0.00e+00	9.63e-01	8.11e-08	4.37e-08
 6.90163e+22	9.63e-01	3.66e-02	1.59e-05	0.00e+00	0.00e+00	0.00e+00	0.00e+00	0.00e+00	0.00e+00	9.63e-01	8.09e-08	4.36e-08
 6.90456e+22	9.64e-01	3.62e-02	1.57e-05	0.00e+00	0.00e+00	0.00e+00	0.00e+00	0.00e+00	0.00e+00	9.64e-01	8.07e-08	4.35e-08
 6.90777e+22	9.64e-01	3.56e-02	1.56e-05	0.00e+00	0.00e+00	0.00e+00	0.00e+00	0.00e+00	0.00e+00	9.64e-01	8.05e-08	4.34e-08
 6.91123e+22	9.65e-01	3.50e-02	1.54e-05	0.00e+00	0.00e+00	0.00e+00	0.00e+00	0.00e+00	0.00e+00	9.65e-01	8.03e-08	4.33e-08
 6.91439e+22	9.65e-01	3.46e-02	1.53e-05	0.00e+00	0.00e+00	0.00e+00	0.00e+00	0.00e+00	0.00e+00	9.65e-01	8.02e-08	4.33e-08
 6.91725e+22	9.66e-01	3.42e-02	1.52e-05	0.00e+00	0.00e+00	0.00e+00	0.00e+00	0.00e+00	0.00e+00	9.66e-01	7.99e-08	4.31e-08
 6.91987e+22	9.66e-01	3.39e-02	1.51e-05	0.00e+00	0.00e+00	0.00e+00	0.00e+00	0.00e+00	0.00e+00	9.66e-01	7.99e-08	4.31e-08
 6.92273e+22	9.67e-01	3.34e-02	1.50e-05	0.00e+00	0.00e+00	0.00e+00	0.00e+00	0.00e+00	0.00e+00	9.67e-01	7.98e-08	4.31e-08
 6.92645e+22	9.67e-01	3.27e-02	1.48e-05	0.00e+00	0.00e+00	0.00e+00	0.00e+00	0.00e+00	0.00e+00	9.67e-01	7.96e-08	4.30e-08
 6.93046e+22	9.68e-01	3.21e-02	1.46e-05	0.00e+00	0.00e+00	0.00e+00	0.00e+00	0.00e+00	0.00e+00	9.68e-01	7.94e-08	4.29e-08
 6.93412e+22	9.68e-01	3.16e-02	1.44e-05	0.00e+00	0.00e+00	0.00e+00	0.00e+00	0.00e+00	0.00e+00	9.68e-01	7.92e-08	4.28e-08
 6.93744e+22	9.69e-01	3.12e-02	1.43e-05	0.00e+00	0.00e+00	0.00e+00	0.00e+00	0.00e+00	0.00e+00	9.69e-01	7.91e-08	4.27e-08
 6.94047e+22	9.69e-01	3.08e-02	1.42e-05	0.00e+00	0.00e+00	0.00e+00	0.00e+00	0.00e+00	0.00e+00	9.69e-01	7.90e-08	4.26e-08
 6.94323e+22	9.70e-01	3.04e-02	1.40e-05	0.00e+00	0.00e+00	0.00e+00	0.00e+00	0.00e+00	0.00e+00	9.70e-01	7.87e-08	4.25e-08
 6.94573e+22	9.70e-01	3.02e-02	1.39e-05	0.00e+00	0.00e+00	0.00e+00	0.00e+00	0.00e+00	0.00e+00	9.70e-01	7.87e-08	4.24e-08
 6.94848e+22	9.70e-01	2.97e-02	1.38e-05	0.00e+00	0.00e+00	0.00e+00	0.00e+00	0.00e+00	0.00e+00	9.70e-01	7.86e-08	4.24e-08
 6.95205e+22	9.71e-01	2.92e-02	1.36e-05	0.00e+00	0.00e+00	0.00e+00	0.00e+00	0.00e+00	0.00e+00	9.71e-01	7.83e-08	4.22e-08
 6.95590e+22	9.71e-01	2.85e-02	1.34e-05	0.00e+00	0.00e+00	0.00e+00	0.00e+00	0.00e+00	0.00e+00	9.71e-01	7.81e-08	4.21e-08
 6.95941e+22	9.72e-01	2.81e-02	1.32e-05	0.00e+00	0.00e+00	0.00e+00	0.00e+00	0.00e+00	0.00e+00	9.72e-01	7.80e-08	4.19e-08
 6.96260e+22	9.72e-01	2.77e-02	1.31e-05	0.00e+00	0.00e+00	0.00e+00	0.00e+00	0.00e+00	0.00e+00	9.72e-01	7.78e-08	4.18e-08
 6.96551e+22	9.73e-01	2.73e-02	1.29e-05	0.00e+00	0.00e+00	0.00e+00	0.00e+00	0.00e+00	0.00e+00	9.73e-01	7.77e-08	4.17e-08
 6.96815e+22	9.73e-01	2.70e-02	1.28e-05	0.00e+00	0.00e+00	0.00e+00	0.00e+00	0.00e+00	0.00e+00	9.73e-01	7.75e-08	4.16e-08
 6.97105e+22	9.73e-01	2.66e-02	1.27e-05	0.00e+00	0.00e+00	0.00e+00	0.00e+00	0.00e+00	0.00e+00	9.73e-01	7.73e-08	4.15e-08
 6.97417e+22	9.74e-01	2.62e-02	1.25e-05	0.00e+00	0.00e+00	0.00e+00	0.00e+00	0.00e+00	0.00e+00	9.74e-01	7.71e-08	4.13e-08
 6.97702e+22	9.74e-01	2.59e-02	1.24e-05	0.00e+00	0.00e+00	0.00e+00	0.00e+00	0.00e+00	0.00e+00	9.74e-01	7.70e-08	4.12e-08
 6.97961e+22	9.74e-01	2.55e-02	1.23e-05	0.00e+00	0.00e+00	0.00e+00	0.00e+00	0.00e+00	0.00e+00	9.74e-01	7.68e-08	4.11e-08
 6.98196e+22	9.75e-01	2.53e-02	1.22e-05	0.00e+00	0.00e+00	0.00e+00	0.00e+00	0.00e+00	0.00e+00	9.75e-01	7.67e-08	4.10e-08
 6.98455e+22	9.75e-01	2.50e-02	1.21e-05	0.00e+00	0.00e+00	0.00e+00	0.00e+00	0.00e+00	0.00e+00	9.75e-01	7.66e-08	4.09e-08
 6.98790e+22	9.75e-01	2.45e-02	1.19e-05	0.00e+00	0.00e+00	0.00e+00	0.00e+00	0.00e+00	0.00e+00	9.75e-01	7.64e-08	4.07e-08
 6.99153e+22	9.76e-01	2.40e-02	1.18e-05	0.00e+00	0.00e+00	0.00e+00	0.00e+00	0.00e+00	0.00e+00	9.76e-01	7.62e-08	4.06e-08
 6.99482e+22	9.76e-01	2.37e-02	1.16e-05	0.00e+00	0.00e+00	0.00e+00	0.00e+00	0.00e+00	0.00e+00	9.76e-01	7.61e-08	4.04e-08
 6.99782e+22	9.77e-01	2.33e-02	1.15e-05	0.00e+00	0.00e+00	0.00e+00	0.00e+00	0.00e+00	0.00e+00	9.77e-01	7.58e-08	4.02e-08
 7.00055e+22	9.77e-01	2.31e-02	1.14e-05	0.00e+00	0.00e+00	0.00e+00	0.00e+00	0.00e+00	0.00e+00	9.77e-01	7.54e-08	4.00e-08
 7.00355e+22	9.77e-01	2.28e-02	1.13e-05	0.00e+00	0.00e+00	0.00e+00	0.00e+00	0.00e+00	0.00e+00	9.77e-01	7.49e-08	3.98e-08
 7.00744e+22	9.78e-01	2.23e-02	1.12e-05	0.00e+00	0.00e+00	0.00e+00	0.00e+00	0.00e+00	0.00e+00	9.78e-01	7.41e-08	3.94e-08
 7.01164e+22	9.78e-01	2.20e-02	1.10e-05	0.00e+00	0.00e+00	0.00e+00	0.00e+00	0.00e+00	0.00e+00	9.78e-01	7.34e-08	3.91e-08
 7.01546e+22	9.78e-01	2.15e-02	1.09e-05	0.00e+00	0.00e+00	0.00e+00	0.00e+00	0.00e+00	0.00e+00	9.78e-01	7.27e-08	3.87e-08
 7.01894e+22	9.79e-01	2.12e-02	1.08e-05	0.00e+00	0.00e+00	0.00e+00	0.00e+00	0.00e+00	0.00e+00	9.79e-01	7.18e-08	3.82e-08
 7.02210e+22	9.79e-01	2.10e-02	1.07e-05	0.00e+00	0.00e+00	0.00e+00	0.00e+00	0.00e+00	0.00e+00	9.79e-01	7.15e-08	3.79e-08
 7.02557e+22	9.79e-01	2.07e-02	1.06e-05	0.00e+00	0.00e+00	0.00e+00	0.00e+00	0.00e+00	0.00e+00	9.79e-01	7.10e-08	3.76e-08
 7.02931e+22	9.80e-01	2.03e-02	1.05e-05	0.00e+00	0.00e+00	0.00e+00	0.00e+00	0.00e+00	0.00e+00	9.80e-01	7.03e-08	3.71e-08
 7.03272e+22	9.80e-01	2.00e-02	1.04e-05	0.00e+00	0.00e+00	0.00e+00	0.00e+00	0.00e+00	0.00e+00	9.80e-01	6.95e-08	3.66e-08
 7.03582e+22	9.80e-01	1.98e-02	1.03e-05	0.00e+00	0.00e+00	0.00e+00	0.00e+00	0.00e+00	0.00e+00	9.80e-01	6.93e-08	3.64e-08
 7.03922e+22	9.80e-01	1.95e-02	1.02e-05	0.00e+00	0.00e+00	0.00e+00	0.00e+00	0.00e+00	0.00e+00	9.80e-01	6.88e-08	3.60e-08
 7.04288e+22	9.81e-01	1.92e-02	1.01e-05	0.00e+00	0.00e+00	0.00e+00	0.00e+00	0.00e+00	0.00e+00	9.81e-01	6.81e-08	3.56e-08
 7.04622e+22	9.81e-01	1.89e-02	9.96e-06	0.00e+00	0.00e+00	0.00e+00	0.00e+00	0.00e+00	0.00e+00	9.81e-01	6.74e-08	3.52e-08
 7.04926e+22	9.81e-01	1.87e-02	9.89e-06	0.00e+00	0.00e+00	0.00e+00	0.00e+00	0.00e+00	0.00e+00	9.81e-01	6.72e-08	3.50e-08
 7.05259e+22	9.82e-01	1.84e-02	9.78e-06	0.00e+00	0.00e+00	0.00e+00	0.00e+00	0.00e+00	0.00e+00	9.82e-01	6.64e-08	3.45e-08
 7.05618e+22	9.82e-01	1.82e-02	9.70e-06	0.00e+00	0.00e+00	0.00e+00	0.00e+00	0.00e+00	0.00e+00	9.82e-01	6.62e-08	3.43e-08
 7.06012e+22	9.82e-01	1.78e-02	9.58e-06	0.00e+00	0.00e+00	0.00e+00	0.00e+00	0.00e+00	0.00e+00	9.82e-01	6.55e-08	3.38e-08
 7.06437e+22	9.83e-01	1.75e-02	9.47e-06	0.00e+00	0.00e+00	0.00e+00	0.00e+00	0.00e+00	0.00e+00	9.83e-01	6.48e-08	3.34e-08
 7.06823e+22	9.83e-01	1.71e-02	9.37e-06	0.00e+00	0.00e+00	0.00e+00	0.00e+00	0.00e+00	0.00e+00	9.83e-01	6.39e-08	3.28e-08
 7.07175e+22	9.83e-01	1.70e-02	9.29e-06	0.00e+00	0.00e+00	0.00e+00	0.00e+00	0.00e+00	0.00e+00	9.83e-01	6.36e-08	3.26e-08
 7.07561e+22	9.83e-01	1.67e-02	9.19e-06	0.00e+00	0.00e+00	0.00e+00	0.00e+00	0.00e+00	0.00e+00	9.83e-01	6.29e-08	3.21e-08
 7.07978e+22	9.84e-01	1.64e-02	9.09e-06	0.00e+00	0.00e+00	0.00e+00	0.00e+00	0.00e+00	0.00e+00	9.84e-01	6.22e-08	3.17e-08
 7.08356e+22	9.84e-01	1.62e-02	9.01e-06	0.00e+00	0.00e+00	0.00e+00	0.00e+00	0.00e+00	0.00e+00	9.84e-01	6.18e-08	3.14e-08
 7.08772e+22	9.84e-01	1.58e-02	8.90e-06	0.00e+00	0.00e+00	0.00e+00	0.00e+00	0.00e+00	0.00e+00	9.84e-01	6.09e-08	3.09e-08
 7.09220e+22	9.84e-01	1.55e-02	8.80e-06	0.00e+00	0.00e+00	0.00e+00	0.00e+00	0.00e+00	0.00e+00	9.84e-01	6.01e-08	3.04e-08
 7.09628e+22	9.85e-01	1.52e-02	8.70e-06	0.00e+00	0.00e+00	0.00e+00	0.00e+00	0.00e+00	0.00e+00	9.85e-01	5.92e-08	2.98e-08
 7.09999e+22	9.85e-01	1.51e-02	8.63e-06	0.00e+00	0.00e+00	0.00e+00	0.00e+00	0.00e+00	0.00e+00	9.85e-01	5.89e-08	2.96e-08
 7.10406e+22	9.85e-01	1.48e-02	8.54e-06	0.00e+00	0.00e+00	0.00e+00	0.00e+00	0.00e+00	0.00e+00	9.85e-01	5.82e-08	2.91e-08
 7.10845e+22	9.85e-01	1.45e-02	8.44e-06	0.00e+00	0.00e+00	0.00e+00	0.00e+00	0.00e+00	0.00e+00	9.85e-01	5.74e-08	2.86e-08
 7.11245e+22	9.86e-01	1.43e-02	8.37e-06	0.00e+00	0.00e+00	0.00e+00	0.00e+00	0.00e+00	0.00e+00	9.86e-01	5.70e-08	2.83e-08
 7.11682e+22	9.86e-01	1.40e-02	8.27e-06	0.00e+00	0.00e+00	0.00e+00	0.00e+00	0.00e+00	0.00e+00	9.86e-01	5.61e-08	2.78e-08
 7.12155e+22	9.86e-01	1.37e-02	8.17e-06	0.00e+00	0.00e+00	0.00e+00	0.00e+00	0.00e+00	0.00e+00	9.86e-01	5.54e-08	2.73e-08
 7.12585e+22	9.86e-01	1.35e-02	8.10e-06	0.00e+00	0.00e+00	0.00e+00	0.00e+00	0.00e+00	0.00e+00	9.86e-01	5.49e-08	2.70e-08
 7.13057e+22	9.87e-01	1.32e-02	7.99e-06	0.00e+00	0.00e+00	0.00e+00	0.00e+00	0.00e+00	0.00e+00	9.87e-01	5.40e-08	2.65e-08
 7.13566e+22	9.87e-01	1.30e-02	7.90e-06	0.00e+00	0.00e+00	0.00e+00	0.00e+00	0.00e+00	0.00e+00	9.87e-01	5.34e-08	2.60e-08
 7.14029e+22	9.87e-01	1.27e-02	7.82e-06	0.00e+00	0.00e+00	0.00e+00	0.00e+00	0.00e+00	0.00e+00	9.87e-01	5.28e-08	2.57e-08
 7.14536e+22	9.88e-01	1.25e-02	7.72e-06	0.00e+00	0.00e+00	0.00e+00	0.00e+00	0.00e+00	0.00e+00	9.88e-01	5.21e-08	2.53e-08
 7.15084e+22	9.88e-01	1.22e-02	7.63e-06	0.00e+00	0.00e+00	0.00e+00	0.00e+00	0.00e+00	0.00e+00	9.88e-01	5.15e-08	2.49e-08
 7.15583e+22	9.88e-01	1.20e-02	7.54e-06	0.00e+00	0.00e+00	0.00e+00	0.00e+00	0.00e+00	0.00e+00	9.88e-01	5.09e-08	2.44e-08
 7.16036e+22	9.88e-01	1.18e-02	7.47e-06	0.00e+00	0.00e+00	0.00e+00	0.00e+00	0.00e+00	0.00e+00	9.88e-01	5.03e-08	2.40e-08
 7.16534e+22	9.88e-01	1.15e-02	7.38e-06	0.00e+00	0.00e+00	0.00e+00	0.00e+00	0.00e+00	0.00e+00	9.88e-01	4.97e-08	2.36e-08
 7.17070e+22	9.89e-01	1.13e-02	7.29e-06	0.00e+00	0.00e+00	0.00e+00	0.00e+00	0.00e+00	0.00e+00	9.89e-01	4.88e-08	2.30e-08
 7.17559e+22	9.89e-01	1.11e-02	7.22e-06	0.00e+00	0.00e+00	0.00e+00	0.00e+00	0.00e+00	0.00e+00	9.89e-01	4.85e-08	2.28e-08
 7.18094e+22	9.89e-01	1.08e-02	7.13e-06	0.00e+00	0.00e+00	0.00e+00	0.00e+00	0.00e+00	0.00e+00	9.89e-01	4.78e-08	2.23e-08
 7.18672e+22	9.89e-01	1.06e-02	7.03e-06	0.00e+00	0.00e+00	0.00e+00	0.00e+00	0.00e+00	0.00e+00	9.89e-01	4.68e-08	2.17e-08
 7.19197e+22	9.90e-01	1.04e-02	6.96e-06	0.00e+00	0.00e+00	0.00e+00	0.00e+00	0.00e+00	0.00e+00	9.90e-01	4.64e-08	2.14e-08
 7.19774e+22	9.90e-01	1.02e-02	6.87e-06	0.00e+00	0.00e+00	0.00e+00	0.00e+00	0.00e+00	0.00e+00	9.90e-01	4.57e-08	2.10e-08
 7.20396e+22	9.90e-01	9.92e-03	6.78e-06	0.00e+00	0.00e+00	0.00e+00	0.00e+00	0.00e+00	0.00e+00	9.90e-01	4.50e-08	2.06e-08
 7.20962e+22	9.90e-01	9.71e-03	6.70e-06	0.00e+00	0.00e+00	0.00e+00	0.00e+00	0.00e+00	0.00e+00	9.90e-01	4.44e-08	2.02e-08
 7.21477e+22	9.90e-01	9.55e-03	6.64e-06	0.00e+00	0.00e+00	0.00e+00	0.00e+00	0.00e+00	0.00e+00	9.90e-01	4.39e-08	1.98e-08
 7.22041e+22	9.91e-01	9.34e-03	6.55e-06	0.00e+00	0.00e+00	0.00e+00	0.00e+00	0.00e+00	0.00e+00	9.91e-01	4.32e-08	1.94e-08
 7.22650e+22	9.91e-01	9.09e-03	6.47e-06	0.00e+00	0.00e+00	0.00e+00	0.00e+00	0.00e+00	0.00e+00	9.91e-01	4.23e-08	1.89e-08
 7.23205e+22	9.91e-01	8.94e-03	6.40e-06	0.00e+00	0.00e+00	0.00e+00	0.00e+00	0.00e+00	0.00e+00	9.91e-01	4.20e-08	1.87e-08
 7.23813e+22	9.91e-01	8.73e-03	6.32e-06	0.00e+00	0.00e+00	0.00e+00	0.00e+00	0.00e+00	0.00e+00	9.91e-01	4.13e-08	1.82e-08
