#depth	O	O+	O+2	O+3	O+4	O+5	O+6	O+7	O+8	O[1]	O[2]	O[3]
 1.54284e+22	1.50e-25	1.13e-19	3.09e-15	7.66e-12	4.85e-09	1.31e-06	1.46e-03	7.76e-02	9.21e-01	0.00e+00	0.00e+00	0.00e+00
 3.53842e+22	6.28e-24	2.89e-18	4.86e-14	7.43e-11	2.78e-08	4.40e-06	3.16e-03	1.12e-01	8.85e-01	0.00e+00	0.00e+00	0.00e+00
 4.21755e+22	6.13e-23	2.09e-17	2.60e-13	2.94e-10	7.92e-08	9.00e-06	4.92e-03	1.37e-01	8.58e-01	0.00e+00	0.00e+00	0.00e+00
 4.55711e+22	2.13e-22	6.15e-17	6.52e-13	6.24e-10	1.40e-07	1.33e-05	6.25e-03	1.53e-01	8.41e-01	0.00e+00	0.00e+00	0.00e+00
 4.69859e+22	2.95e-22	8.14e-17	8.26e-13	7.59e-10	1.62e-07	1.47e-05	6.65e-03	1.57e-01	8.36e-01	0.00e+00	0.00e+00	0.00e+00
 4.75075e+22	3.88e-22	1.03e-16	1.01e-12	8.96e-10	1.84e-07	1.60e-05	7.01e-03	1.61e-01	8.32e-01	0.00e+00	0.00e+00	0.00e+00
 4.80564e+22	5.46e-22	1.39e-16	1.30e-12	1.10e-09	2.15e-07	1.78e-05	7.48e-03	1.66e-01	8.27e-01	0.00e+00	0.00e+00	0.00e+00
 4.86198e+22	7.27e-22	1.78e-16	1.61e-12	1.31e-09	2.45e-07	1.94e-05	7.90e-03	1.70e-01	8.22e-01	0.00e+00	0.00e+00	0.00e+00
 4.91960e+22	1.05e-21	2.45e-16	2.10e-12	1.63e-09	2.90e-07	2.18e-05	8.48e-03	1.75e-01	8.16e-01	0.00e+00	0.00e+00	0.00e+00
 4.97512e+22	1.35e-21	3.05e-16	2.53e-12	1.90e-09	3.26e-07	2.36e-05	8.90e-03	1.79e-01	8.12e-01	0.00e+00	0.00e+00	0.00e+00
 5.02855e+22	1.91e-21	4.11e-16	3.26e-12	2.34e-09	3.82e-07	2.63e-05	9.51e-03	1.84e-01	8.06e-01	0.00e+00	0.00e+00	0.00e+00
 5.08252e+22	2.45e-21	5.11e-16	3.92e-12	2.72e-09	4.29e-07	2.84e-05	9.99e-03	1.88e-01	8.02e-01	0.00e+00	0.00e+00	0.00e+00
 5.13719e+22	3.43e-21	6.83e-16	5.02e-12	3.33e-09	5.00e-07	3.16e-05	1.07e-02	1.94e-01	7.96e-01	0.00e+00	0.00e+00	0.00e+00
 5.19316e+22	4.46e-21	8.59e-16	6.10e-12	3.91e-09	5.66e-07	3.44e-05	1.12e-02	1.98e-01	7.91e-01	0.00e+00	0.00e+00	0.00e+00
 5.25083e+22	6.31e-21	1.16e-15	7.87e-12	4.82e-09	6.64e-07	3.84e-05	1.20e-02	2.04e-01	7.84e-01	0.00e+00	0.00e+00	0.00e+00
 5.30940e+22	8.17e-21	1.45e-15	9.52e-12	5.64e-09	7.49e-07	4.17e-05	1.26e-02	2.08e-01	7.79e-01	0.00e+00	0.00e+00	0.00e+00
 5.36917e+22	1.15e-20	1.95e-15	1.22e-11	6.94e-09	8.79e-07	4.66e-05	1.35e-02	2.14e-01	7.72e-01	0.00e+00	0.00e+00	0.00e+00
 5.43055e+22	1.50e-20	2.46e-15	1.49e-11	8.15e-09	9.95e-07	5.08e-05	1.43e-02	2.19e-01	7.66e-01	0.00e+00	0.00e+00	0.00e+00
 5.49404e+22	2.11e-20	3.30e-15	1.92e-11	1.00e-08	1.17e-06	5.67e-05	1.53e-02	2.26e-01	7.59e-01	0.00e+00	0.00e+00	0.00e+00
 5.55867e+22	2.75e-20	4.16e-15	2.33e-11	1.18e-08	1.33e-06	6.19e-05	1.61e-02	2.31e-01	7.53e-01	0.00e+00	0.00e+00	0.00e+00
 5.62479e+22	3.86e-20	5.58e-15	3.00e-11	1.45e-08	1.56e-06	6.92e-05	1.73e-02	2.38e-01	7.45e-01	0.00e+00	0.00e+00	0.00e+00
 5.69138e+22	4.99e-20	6.97e-15	3.62e-11	1.70e-08	1.76e-06	7.54e-05	1.82e-02	2.43e-01	7.39e-01	0.00e+00	0.00e+00	0.00e+00
 5.75857e+22	6.93e-20	9.26e-15	4.61e-11	2.08e-08	2.06e-06	8.40e-05	1.95e-02	2.50e-01	7.31e-01	0.00e+00	0.00e+00	0.00e+00
 5.82738e+22	8.94e-20	1.16e-14	5.57e-11	2.43e-08	2.32e-06	9.16e-05	2.05e-02	2.55e-01	7.24e-01	0.00e+00	0.00e+00	0.00e+00
 5.88705e+22	1.13e-19	1.42e-14	6.63e-11	2.81e-08	2.60e-06	9.91e-05	2.15e-02	2.60e-01	7.18e-01	0.00e+00	0.00e+00	0.00e+00
 5.95335e+22	1.53e-19	1.84e-14	8.28e-11	3.38e-08	3.01e-06	1.10e-04	2.29e-02	2.67e-01	7.10e-01	0.00e+00	0.00e+00	0.00e+00
 6.02041e+22	1.93e-19	2.25e-14	9.84e-11	3.90e-08	3.37e-06	1.19e-04	2.41e-02	2.72e-01	7.04e-01	0.00e+00	0.00e+00	0.00e+00
 6.08846e+22	2.59e-19	2.91e-14	1.23e-10	4.69e-08	3.89e-06	1.31e-04	2.56e-02	2.79e-01	6.95e-01	0.00e+00	0.00e+00	0.00e+00
 6.15761e+22	3.26e-19	3.55e-14	1.45e-10	5.40e-08	4.34e-06	1.42e-04	2.68e-02	2.84e-01	6.89e-01	0.00e+00	0.00e+00	0.00e+00
 6.21815e+22	4.06e-19	4.30e-14	1.71e-10	6.18e-08	4.84e-06	1.53e-04	2.81e-02	2.89e-01	6.82e-01	0.00e+00	0.00e+00	0.00e+00
 6.28682e+22	5.37e-19	5.48e-14	2.10e-10	7.35e-08	5.55e-06	1.69e-04	2.98e-02	2.96e-01	6.74e-01	0.00e+00	0.00e+00	0.00e+00
 6.35590e+22	6.66e-19	6.60e-14	2.47e-10	8.41e-08	6.17e-06	1.82e-04	3.12e-02	3.01e-01	6.67e-01	0.00e+00	0.00e+00	0.00e+00
 6.42552e+22	8.81e-19	8.43e-14	3.04e-10	1.00e-07	7.08e-06	2.00e-04	3.31e-02	3.08e-01	6.59e-01	0.00e+00	0.00e+00	0.00e+00
 6.49583e+22	1.08e-18	1.01e-13	3.54e-10	1.14e-07	7.83e-06	2.15e-04	3.46e-02	3.13e-01	6.52e-01	0.00e+00	0.00e+00	0.00e+00
 6.56705e+22	1.42e-18	1.28e-13	4.35e-10	1.35e-07	8.97e-06	2.37e-04	3.66e-02	3.20e-01	6.43e-01	0.00e+00	0.00e+00	0.00e+00
 6.63966e+22	1.75e-18	1.53e-13	5.07e-10	1.54e-07	9.94e-06	2.55e-04	3.83e-02	3.25e-01	6.36e-01	0.00e+00	0.00e+00	0.00e+00
 6.71410e+22	2.30e-18	1.94e-13	6.23e-10	1.82e-07	1.14e-05	2.80e-04	4.06e-02	3.32e-01	6.27e-01	0.00e+00	0.00e+00	0.00e+00
 6.78997e+22	2.84e-18	2.33e-13	7.28e-10	2.08e-07	1.26e-05	3.02e-04	4.24e-02	3.38e-01	6.19e-01	0.00e+00	0.00e+00	0.00e+00
 6.86769e+22	3.74e-18	2.96e-13	8.94e-10	2.47e-07	1.45e-05	3.33e-04	4.50e-02	3.45e-01	6.10e-01	0.00e+00	0.00e+00	0.00e+00
 6.94365e+22	4.49e-18	3.47e-13	1.03e-09	2.77e-07	1.59e-05	3.55e-04	4.68e-02	3.50e-01	6.03e-01	0.00e+00	0.00e+00	0.00e+00
 7.01733e+22	5.83e-18	4.36e-13	1.25e-09	3.27e-07	1.81e-05	3.90e-04	4.95e-02	3.57e-01	5.93e-01	0.00e+00	0.00e+00	0.00e+00
 7.09216e+22	7.00e-18	5.11e-13	1.43e-09	3.66e-07	1.99e-05	4.16e-04	5.14e-02	3.62e-01	5.87e-01	0.00e+00	0.00e+00	0.00e+00
 7.16849e+22	9.00e-18	6.36e-13	1.73e-09	4.29e-07	2.25e-05	4.55e-04	5.42e-02	3.68e-01	5.77e-01	0.00e+00	0.00e+00	0.00e+00
 7.24719e+22	1.10e-17	7.59e-13	2.01e-09	4.88e-07	2.50e-05	4.89e-04	5.66e-02	3.74e-01	5.69e-01	0.00e+00	0.00e+00	0.00e+00
 7.32899e+22	1.42e-17	9.45e-13	2.42e-09	5.71e-07	2.83e-05	5.34e-04	5.97e-02	3.80e-01	5.60e-01	0.00e+00	0.00e+00	0.00e+00
 7.41346e+22	1.76e-17	1.14e-12	2.84e-09	6.53e-07	3.15e-05	5.77e-04	6.24e-02	3.86e-01	5.51e-01	0.00e+00	0.00e+00	0.00e+00
 7.50141e+22	2.28e-17	1.43e-12	3.46e-09	7.69e-07	3.59e-05	6.32e-04	6.60e-02	3.93e-01	5.41e-01	2.28e-17	5.61e-28	5.97e-28
 7.59175e+22	2.83e-17	1.73e-12	4.07e-09	8.83e-07	4.01e-05	6.84e-04	6.90e-02	3.98e-01	5.32e-01	2.83e-17	5.25e-26	6.61e-26
 7.68519e+22	3.70e-17	2.18e-12	4.97e-09	1.04e-06	4.59e-05	7.52e-04	7.30e-02	4.05e-01	5.21e-01	3.70e-17	6.86e-26	8.64e-26
 7.78170e+22	4.65e-17	2.66e-12	5.90e-09	1.21e-06	5.14e-05	8.15e-04	7.65e-02	4.11e-01	5.11e-01	4.65e-17	8.60e-26	1.08e-25
 7.88220e+22	6.14e-17	3.39e-12	7.26e-09	1.44e-06	5.91e-05	9.00e-04	8.11e-02	4.18e-01	5.00e-01	6.14e-17	1.14e-25	1.43e-25
 7.98565e+22	7.77e-17	4.16e-12	8.67e-09	1.67e-06	6.65e-05	9.78e-04	8.51e-02	4.24e-01	4.90e-01	7.77e-17	1.44e-25	1.81e-25
 8.07862e+22	9.69e-17	5.04e-12	1.02e-08	1.91e-06	7.43e-05	1.06e-03	8.90e-02	4.29e-01	4.80e-01	9.69e-17	1.79e-25	2.26e-25
 8.18516e+22	1.31e-16	6.55e-12	1.28e-08	2.31e-06	8.64e-05	1.18e-03	9.46e-02	4.37e-01	4.68e-01	1.31e-16	2.42e-25	3.04e-25
 8.29264e+22	1.63e-16	7.93e-12	1.51e-08	2.65e-06	9.64e-05	1.27e-03	9.88e-02	4.42e-01	4.58e-01	1.63e-16	3.01e-25	3.79e-25
 8.40134e+22	2.18e-16	1.02e-11	1.88e-08	3.19e-06	1.12e-04	1.41e-03	1.05e-01	4.48e-01	4.45e-01	2.18e-16	4.04e-25	5.09e-25
 8.51235e+22	2.77e-16	1.26e-11	2.24e-08	3.70e-06	1.26e-04	1.53e-03	1.10e-01	4.54e-01	4.35e-01	2.77e-16	5.12e-25	6.44e-25
 8.62635e+22	3.74e-16	1.64e-11	2.81e-08	4.47e-06	1.46e-04	1.70e-03	1.17e-01	4.60e-01	4.21e-01	3.74e-16	6.91e-25	8.70e-25
 8.74222e+22	4.77e-16	2.02e-11	3.37e-08	5.21e-06	1.65e-04	1.85e-03	1.22e-01	4.65e-01	4.11e-01	4.77e-16	8.81e-25	1.11e-24
 8.86053e+22	6.53e-16	2.66e-11	4.27e-08	6.35e-06	1.94e-04	2.07e-03	1.30e-01	4.71e-01	3.96e-01	6.53e-16	1.21e-24	1.52e-24
 8.97940e+22	8.30e-16	3.28e-11	5.11e-08	7.39e-06	2.19e-04	2.26e-03	1.36e-01	4.76e-01	3.86e-01	8.30e-16	1.53e-24	1.93e-24
 9.07778e+22	1.03e-15	3.96e-11	6.01e-08	8.47e-06	2.44e-04	2.44e-03	1.42e-01	4.79e-01	3.76e-01	1.03e-15	1.90e-24	2.39e-24
 9.18446e+22	1.37e-15	5.06e-11	7.43e-08	1.01e-05	2.82e-04	2.69e-03	1.50e-01	4.84e-01	3.63e-01	1.37e-15	2.52e-24	3.17e-24
 9.29116e+22	1.69e-15	6.09e-11	8.72e-08	1.16e-05	3.14e-04	2.90e-03	1.57e-01	4.87e-01	3.53e-01	1.69e-15	3.12e-24	3.92e-24
 9.39788e+22	2.23e-15	7.77e-11	1.08e-07	1.39e-05	3.63e-04	3.21e-03	1.65e-01	4.91e-01	3.40e-01	2.23e-15	4.12e-24	5.19e-24
 9.50591e+22	2.77e-15	9.39e-11	1.27e-07	1.59e-05	4.05e-04	3.47e-03	1.72e-01	4.94e-01	3.30e-01	2.77e-15	5.12e-24	6.44e-24
 9.61564e+22	3.69e-15	1.20e-10	1.57e-07	1.91e-05	4.71e-04	3.85e-03	1.82e-01	4.97e-01	3.17e-01	3.69e-15	6.81e-24	8.57e-24
 9.72672e+22	4.59e-15	1.46e-10	1.86e-07	2.20e-05	5.28e-04	4.17e-03	1.90e-01	4.99e-01	3.06e-01	4.59e-15	8.48e-24	1.07e-23
 9.83956e+22	6.12e-15	1.87e-10	2.31e-07	2.65e-05	6.14e-04	4.64e-03	2.00e-01	5.01e-01	2.93e-01	6.12e-15	1.13e-23	1.42e-23
 9.95456e+22	7.68e-15	2.28e-10	2.74e-07	3.08e-05	6.94e-04	5.05e-03	2.09e-01	5.03e-01	2.82e-01	7.68e-15	1.42e-23	1.78e-23
 1.00724e+23	1.03e-14	2.95e-10	3.43e-07	3.73e-05	8.13e-04	5.64e-03	2.21e-01	5.04e-01	2.68e-01	1.03e-14	1.90e-23	2.39e-23
 1.01926e+23	1.30e-14	3.61e-10	4.10e-07	4.35e-05	9.23e-04	6.16e-03	2.31e-01	5.04e-01	2.57e-01	1.30e-14	2.40e-23	3.01e-23
 1.03158e+23	1.75e-14	4.68e-10	5.15e-07	5.31e-05	1.09e-03	6.92e-03	2.45e-01	5.04e-01	2.43e-01	1.75e-14	3.23e-23	4.05e-23
 1.04404e+23	2.20e-14	5.73e-10	6.15e-07	6.19e-05	1.24e-03	7.57e-03	2.56e-01	5.03e-01	2.32e-01	2.20e-14	4.06e-23	5.10e-23
 1.05454e+23	2.70e-14	6.86e-10	7.22e-07	7.13e-05	1.39e-03	8.22e-03	2.66e-01	5.02e-01	2.22e-01	2.70e-14	4.98e-23	6.26e-23
 1.06593e+23	3.48e-14	8.58e-10	8.82e-07	8.50e-05	1.61e-03	9.13e-03	2.80e-01	5.00e-01	2.09e-01	3.48e-14	6.43e-23	8.07e-23
 1.07739e+23	4.24e-14	1.02e-09	1.03e-06	9.77e-05	1.82e-03	9.92e-03	2.91e-01	4.97e-01	2.00e-01	4.24e-14	7.83e-23	9.84e-23
 1.08858e+23	5.34e-14	1.25e-09	1.24e-06	1.15e-04	2.09e-03	1.09e-02	3.05e-01	4.94e-01	1.88e-01	5.34e-14	9.87e-23	1.24e-22
 1.10000e+23	6.49e-14	1.49e-09	1.45e-06	1.32e-04	2.35e-03	1.19e-02	3.17e-01	4.90e-01	1.79e-01	6.49e-14	1.20e-22	1.50e-22
 1.11120e+23	7.99e-14	1.79e-09	1.72e-06	1.54e-04	2.69e-03	1.31e-02	3.30e-01	4.86e-01	1.68e-01	7.99e-14	1.48e-22	1.85e-22
 1.12264e+23	9.64e-14	2.11e-09	2.00e-06	1.78e-04	3.03e-03	1.43e-02	3.43e-01	4.81e-01	1.59e-01	9.64e-14	1.78e-22	2.24e-22
 1.13393e+23	1.16e-13	2.50e-09	2.34e-06	2.05e-04	3.44e-03	1.56e-02	3.56e-01	4.75e-01	1.49e-01	1.16e-13	2.15e-22	2.70e-22
 1.14531e+23	1.38e-13	2.93e-09	2.72e-06	2.36e-04	3.87e-03	1.70e-02	3.70e-01	4.69e-01	1.40e-01	1.38e-13	2.56e-22	3.21e-22
 1.15654e+23	1.64e-13	3.40e-09	3.14e-06	2.69e-04	4.36e-03	1.86e-02	3.83e-01	4.62e-01	1.32e-01	1.64e-13	3.02e-22	3.79e-22
 1.16776e+23	1.92e-13	3.93e-09	3.60e-06	3.07e-04	4.89e-03	2.02e-02	3.96e-01	4.55e-01	1.24e-01	1.92e-13	3.54e-22	4.44e-22
 1.17900e+23	2.23e-13	4.51e-09	4.12e-06	3.49e-04	5.47e-03	2.19e-02	4.09e-01	4.48e-01	1.16e-01	2.23e-13	4.12e-22	5.17e-22
 1.19027e+23	2.57e-13	5.15e-09	4.69e-06	3.95e-04	6.10e-03	2.38e-02	4.22e-01	4.40e-01	1.08e-01	2.57e-13	4.76e-22	5.96e-22
 1.20161e+23	2.95e-13	5.85e-09	5.32e-06	4.46e-04	6.80e-03	2.57e-02	4.35e-01	4.31e-01	1.01e-01	2.95e-13	5.46e-22	6.84e-22
 1.21305e+23	3.36e-13	6.62e-09	6.02e-06	5.04e-04	7.57e-03	2.79e-02	4.47e-01	4.22e-01	9.45e-02	3.36e-13	6.23e-22	7.80e-22
 1.22461e+23	3.81e-13	7.45e-09	6.80e-06	5.67e-04	8.40e-03	3.01e-02	4.60e-01	4.13e-01	8.80e-02	3.81e-13	7.06e-22	8.85e-22
 1.23624e+23	4.29e-13	8.35e-09	7.64e-06	6.37e-04	9.30e-03	3.25e-02	4.72e-01	4.04e-01	8.19e-02	4.29e-13	7.96e-22	9.97e-22
 1.24806e+23	4.82e-13	9.34e-09	8.59e-06	7.15e-04	1.03e-02	3.51e-02	4.84e-01	3.94e-01	7.59e-02	4.82e-13	8.94e-22	1.12e-21
 1.26001e+23	5.38e-13	1.04e-08	9.61e-06	8.01e-04	1.14e-02	3.79e-02	4.96e-01	3.84e-01	7.05e-02	5.38e-13	9.98e-22	1.25e-21
 1.27219e+23	5.99e-13	1.16e-08	1.08e-05	8.98e-04	1.26e-02	4.09e-02	5.08e-01	3.73e-01	6.51e-02	5.99e-13	1.11e-21	1.39e-21
 1.28459e+23	6.63e-13	1.28e-08	1.20e-05	1.00e-03	1.38e-02	4.40e-02	5.19e-01	3.62e-01	6.01e-02	6.63e-13	1.23e-21	1.54e-21
 1.29596e+23	7.21e-13	1.39e-08	1.32e-05	1.10e-03	1.50e-02	4.67e-02	5.28e-01	3.53e-01	5.62e-02	7.21e-13	1.34e-21	1.68e-21
 1.30783e+23	7.94e-13	1.54e-08	1.47e-05	1.24e-03	1.65e-02	5.04e-02	5.39e-01	3.41e-01	5.15e-02	7.94e-13	1.48e-21	1.85e-21
 1.31990e+23	8.62e-13	1.67e-08	1.61e-05	1.36e-03	1.79e-02	5.34e-02	5.47e-01	3.32e-01	4.80e-02	8.62e-13	1.60e-21	2.01e-21
 1.33236e+23	9.51e-13	1.86e-08	1.81e-05	1.52e-03	1.97e-02	5.76e-02	5.58e-01	3.20e-01	4.38e-02	9.51e-13	1.77e-21	2.21e-21
 1.34484e+23	1.02e-12	2.01e-08	1.97e-05	1.67e-03	2.12e-02	6.10e-02	5.65e-01	3.10e-01	4.07e-02	1.02e-12	1.91e-21	2.39e-21
 1.35734e+23	1.12e-12	2.21e-08	2.20e-05	1.87e-03	2.33e-02	6.55e-02	5.74e-01	2.98e-01	3.70e-02	1.12e-12	2.09e-21	2.61e-21
 1.36990e+23	1.21e-12	2.40e-08	2.41e-05	2.04e-03	2.49e-02	6.92e-02	5.80e-01	2.89e-01	3.44e-02	1.21e-12	2.25e-21	2.81e-21
 1.38253e+23	1.32e-12	2.64e-08	2.68e-05	2.28e-03	2.73e-02	7.41e-02	5.88e-01	2.77e-01	3.12e-02	1.32e-12	2.46e-21	3.07e-21
 1.39530e+23	1.42e-12	2.86e-08	2.93e-05	2.49e-03	2.92e-02	7.80e-02	5.93e-01	2.68e-01	2.90e-02	1.42e-12	2.65e-21	3.31e-21
 1.40826e+23	1.54e-12	3.15e-08	3.27e-05	2.78e-03	3.18e-02	8.34e-02	5.99e-01	2.56e-01	2.62e-02	1.54e-12	2.89e-21	3.61e-21
 1.42139e+23	1.66e-12	3.42e-08	3.58e-05	3.04e-03	3.40e-02	8.78e-02	6.04e-01	2.47e-01	2.42e-02	1.66e-12	3.12e-21	3.89e-21
 1.43475e+23	1.82e-12	3.78e-08	4.01e-05	3.40e-03	3.70e-02	9.37e-02	6.09e-01	2.35e-01	2.18e-02	1.82e-12	3.41e-21	4.25e-21
 1.44837e+23	1.96e-12	4.12e-08	4.40e-05	3.73e-03	3.95e-02	9.85e-02	6.12e-01	2.26e-01	2.01e-02	1.96e-12	3.69e-21	4.60e-21
 1.46232e+23	2.15e-12	4.58e-08	4.95e-05	4.18e-03	4.30e-02	1.05e-01	6.15e-01	2.15e-01	1.80e-02	2.15e-12	4.05e-21	5.06e-21
 1.47660e+23	2.34e-12	5.02e-08	5.46e-05	4.59e-03	4.59e-02	1.10e-01	6.17e-01	2.06e-01	1.65e-02	2.34e-12	4.42e-21	5.50e-21
 1.49130e+23	2.59e-12	5.63e-08	6.18e-05	5.17e-03	4.99e-02	1.18e-01	6.19e-01	1.94e-01	1.46e-02	2.59e-12	4.88e-21	6.09e-21
 1.50628e+23	2.85e-12	6.24e-08	6.87e-05	5.69e-03	5.33e-02	1.23e-01	6.19e-01	1.85e-01	1.33e-02	2.85e-12	5.38e-21	6.71e-21
 1.51891e+23	3.07e-12	6.79e-08	7.52e-05	6.19e-03	5.65e-02	1.29e-01	6.19e-01	1.78e-01	1.22e-02	3.07e-12	5.81e-21	7.24e-21
 1.53265e+23	3.39e-12	7.61e-08	8.47e-05	6.89e-03	6.08e-02	1.36e-01	6.18e-01	1.68e-01	1.10e-02	3.39e-12	6.44e-21	8.02e-21
 1.54597e+23	3.67e-12	8.30e-08	9.24e-05	7.45e-03	6.40e-02	1.41e-01	6.16e-01	1.61e-01	1.01e-02	3.67e-12	6.98e-21	8.69e-21
 1.55874e+23	4.02e-12	9.21e-08	1.03e-04	8.22e-03	6.83e-02	1.48e-01	6.14e-01	1.52e-01	9.10e-03	4.02e-12	7.65e-21	9.52e-21
 1.57165e+23	4.40e-12	1.01e-07	1.13e-04	8.90e-03	7.18e-02	1.53e-01	6.12e-01	1.46e-01	8.40e-03	4.40e-12	8.40e-21	1.04e-20
 1.58474e+23	4.87e-12	1.13e-07	1.27e-04	9.83e-03	7.65e-02	1.60e-01	6.08e-01	1.38e-01	7.53e-03	4.87e-12	9.31e-21	1.16e-20
 1.59803e+23	5.36e-12	1.25e-07	1.40e-04	1.06e-02	8.05e-02	1.65e-01	6.05e-01	1.32e-01	6.92e-03	5.36e-12	1.03e-20	1.28e-20
 1.61158e+23	5.98e-12	1.42e-07	1.57e-04	1.18e-02	8.58e-02	1.73e-01	5.99e-01	1.24e-01	6.17e-03	5.98e-12	1.15e-20	1.43e-20
 1.62533e+23	6.66e-12	1.58e-07	1.74e-04	1.28e-02	9.02e-02	1.79e-01	5.95e-01	1.18e-01	5.65e-03	6.66e-12	1.28e-20	1.59e-20
 1.63935e+23	7.48e-12	1.80e-07	1.97e-04	1.42e-02	9.60e-02	1.86e-01	5.88e-01	1.10e-01	5.01e-03	7.48e-12	1.44e-20	1.79e-20
 1.65358e+23	8.39e-12	2.02e-07	2.19e-04	1.54e-02	1.01e-01	1.92e-01	5.82e-01	1.05e-01	4.57e-03	8.39e-12	1.62e-20	2.01e-20
 1.66810e+23	9.55e-12	2.32e-07	2.49e-04	1.71e-02	1.07e-01	2.00e-01	5.73e-01	9.78e-02	4.03e-03	9.55e-12	1.85e-20	2.30e-20
 1.68300e+23	1.08e-11	2.63e-07	2.79e-04	1.86e-02	1.13e-01	2.06e-01	5.66e-01	9.24e-02	3.64e-03	1.08e-11	2.10e-20	2.61e-20
 1.69840e+23	1.26e-11	3.07e-07	3.21e-04	2.08e-02	1.20e-01	2.14e-01	5.55e-01	8.56e-02	3.19e-03	1.26e-11	2.45e-20	3.04e-20
 1.71419e+23	1.44e-11	3.51e-07	3.61e-04	2.27e-02	1.27e-01	2.21e-01	5.46e-01	8.04e-02	2.86e-03	1.44e-11	2.81e-20	3.49e-20
 1.73050e+23	1.70e-11	4.17e-07	4.19e-04	2.55e-02	1.35e-01	2.29e-01	5.34e-01	7.39e-02	2.48e-03	1.70e-11	3.35e-20	4.14e-20
 1.74695e+23	1.97e-11	4.81e-07	4.73e-04	2.78e-02	1.42e-01	2.35e-01	5.23e-01	6.92e-02	2.21e-03	1.97e-11	3.89e-20	4.82e-20
 1.76360e+23	2.35e-11	5.74e-07	5.52e-04	3.12e-02	1.51e-01	2.43e-01	5.09e-01	6.33e-02	1.90e-03	2.35e-11	4.66e-20	5.77e-20
 1.78043e+23	2.75e-11	6.66e-07	6.24e-04	3.40e-02	1.59e-01	2.49e-01	4.98e-01	5.90e-02	1.70e-03	2.75e-11	5.48e-20	6.78e-20
 1.79750e+23	3.33e-11	8.03e-07	7.30e-04	3.81e-02	1.68e-01	2.56e-01	4.82e-01	5.36e-02	1.45e-03	3.33e-11	6.67e-20	8.24e-20
 1.81488e+23	3.94e-11	9.39e-07	8.30e-04	4.17e-02	1.76e-01	2.61e-01	4.69e-01	4.97e-02	1.28e-03	3.94e-11	7.93e-20	9.80e-20
 1.83028e+23	4.62e-11	1.09e-06	9.40e-04	4.55e-02	1.85e-01	2.66e-01	4.56e-01	4.60e-02	1.13e-03	4.62e-11	9.35e-20	1.15e-19
 1.84788e+23	5.72e-11	1.33e-06	1.10e-03	5.08e-02	1.95e-01	2.72e-01	4.38e-01	4.16e-02	9.57e-04	5.72e-11	1.17e-19	1.44e-19
 1.86584e+23	6.80e-11	1.57e-06	1.26e-03	5.55e-02	2.04e-01	2.77e-01	4.24e-01	3.81e-02	8.34e-04	6.80e-11	1.39e-19	1.72e-19
 1.88038e+23	7.94e-11	1.80e-06	1.40e-03	5.98e-02	2.12e-01	2.80e-01	4.11e-01	3.54e-02	7.43e-04	7.94e-11	1.63e-19	2.01e-19
 1.89545e+23	9.56e-11	2.13e-06	1.60e-03	6.52e-02	2.21e-01	2.83e-01	3.96e-01	3.25e-02	6.47e-04	9.56e-11	1.98e-19	2.44e-19
 1.91131e+23	1.13e-10	2.47e-06	1.80e-03	7.04e-02	2.29e-01	2.86e-01	3.83e-01	2.99e-02	5.70e-04	1.13e-10	2.35e-19	2.89e-19
 1.92588e+23	1.33e-10	2.86e-06	2.01e-03	7.58e-02	2.37e-01	2.88e-01	3.69e-01	2.76e-02	5.03e-04	1.33e-10	2.79e-19	3.43e-19
 1.94248e+23	1.65e-10	3.43e-06	2.32e-03	8.31e-02	2.47e-01	2.90e-01	3.52e-01	2.49e-02	4.29e-04	1.65e-10	3.47e-19	4.27e-19
 1.95955e+23	1.98e-10	4.04e-06	2.62e-03	9.00e-02	2.56e-01	2.91e-01	3.37e-01	2.26e-02	3.71e-04	1.98e-10	4.20e-19	5.16e-19
 1.97456e+23	2.36e-10	4.68e-06	2.94e-03	9.67e-02	2.64e-01	2.92e-01	3.24e-01	2.08e-02	3.25e-04	2.36e-10	5.03e-19	6.18e-19
 1.99142e+23	2.94e-10	5.64e-06	3.38e-03	1.06e-01	2.74e-01	2.92e-01	3.07e-01	1.86e-02	2.75e-04	2.94e-10	6.33e-19	7.76e-19
 2.00904e+23	3.58e-10	6.66e-06	3.83e-03	1.14e-01	2.82e-01	2.91e-01	2.92e-01	1.67e-02	2.35e-04	3.58e-10	7.76e-19	9.52e-19
 2.02493e+23	4.31e-10	7.78e-06	4.30e-03	1.22e-01	2.90e-01	2.90e-01	2.78e-01	1.52e-02	2.03e-04	4.31e-10	9.43e-19	1.16e-18
 2.04287e+23	5.47e-10	9.46e-06	4.96e-03	1.33e-01	3.00e-01	2.88e-01	2.60e-01	1.34e-02	1.69e-04	5.47e-10	1.21e-18	1.48e-18
 2.06142e+23	6.75e-10	1.12e-05	5.62e-03	1.44e-01	3.08e-01	2.85e-01	2.45e-01	1.20e-02	1.43e-04	6.75e-10	1.50e-18	1.84e-18
 2.07798e+23	8.23e-10	1.32e-05	6.32e-03	1.54e-01	3.15e-01	2.82e-01	2.32e-01	1.07e-02	1.22e-04	8.23e-10	1.85e-18	2.26e-18
 2.09672e+23	1.06e-09	1.61e-05	7.31e-03	1.68e-01	3.23e-01	2.78e-01	2.15e-01	9.33e-03	9.94e-05	1.06e-09	2.41e-18	2.95e-18
 2.11608e+23	1.32e-09	1.92e-05	8.27e-03	1.80e-01	3.30e-01	2.73e-01	2.00e-01	8.24e-03	8.32e-05	1.32e-09	3.03e-18	3.70e-18
 2.13626e+23	1.73e-09	2.38e-05	9.62e-03	1.96e-01	3.38e-01	2.66e-01	1.83e-01	7.04e-03	6.63e-05	1.73e-09	4.04e-18	4.93e-18
 2.15679e+23	2.18e-09	2.84e-05	1.09e-02	2.09e-01	3.43e-01	2.60e-01	1.70e-01	6.15e-03	5.47e-05	2.18e-09	5.13e-18	6.25e-18
 2.17494e+23	2.71e-09	3.36e-05	1.23e-02	2.23e-01	3.48e-01	2.54e-01	1.58e-01	5.39e-03	4.54e-05	2.71e-09	6.48e-18	7.88e-18
 2.19570e+23	3.60e-09	4.16e-05	1.42e-02	2.41e-01	3.53e-01	2.45e-01	1.42e-01	4.53e-03	3.55e-05	3.60e-09	8.73e-18	1.06e-17
 2.21679e+23	4.55e-09	4.97e-05	1.60e-02	2.57e-01	3.56e-01	2.37e-01	1.30e-01	3.91e-03	2.89e-05	4.55e-09	1.12e-17	1.36e-17
 2.23549e+23	5.70e-09	5.88e-05	1.80e-02	2.72e-01	3.58e-01	2.28e-01	1.20e-01	3.39e-03	2.36e-05	5.70e-09	1.42e-17	1.72e-17
 2.25696e+23	7.65e-09	7.30e-05	2.08e-02	2.92e-01	3.60e-01	2.17e-01	1.07e-01	2.79e-03	1.81e-05	7.65e-09	1.94e-17	2.35e-17
 2.27869e+23	9.68e-09	8.69e-05	2.33e-02	3.09e-01	3.60e-01	2.08e-01	9.67e-02	2.38e-03	1.45e-05	9.68e-09	2.49e-17	3.02e-17
 2.30077e+23	1.30e-08	1.07e-04	2.68e-02	3.30e-01	3.59e-01	1.97e-01	8.54e-02	1.95e-03	1.10e-05	1.30e-08	3.41e-17	4.13e-17
 2.32331e+23	1.66e-08	1.28e-04	3.01e-02	3.47e-01	3.57e-01	1.87e-01	7.66e-02	1.64e-03	8.70e-06	1.66e-08	4.44e-17	5.37e-17
 2.34338e+23	2.11e-08	1.52e-04	3.37e-02	3.65e-01	3.55e-01	1.77e-01	6.87e-02	1.38e-03	6.87e-06	2.11e-08	5.74e-17	6.94e-17
 2.36639e+23	2.86e-08	1.89e-04	3.86e-02	3.86e-01	3.50e-01	1.64e-01	5.96e-02	1.10e-03	5.08e-06	2.86e-08	7.97e-17	9.61e-17
 2.38978e+23	3.66e-08	2.25e-04	4.31e-02	4.04e-01	3.45e-01	1.54e-01	5.29e-02	9.15e-04	3.95e-06	3.66e-08	1.04e-16	1.25e-16
 2.41368e+23	5.01e-08	2.80e-04	4.94e-02	4.25e-01	3.37e-01	1.42e-01	4.52e-02	7.17e-04	2.84e-06	5.01e-08	1.46e-16	1.76e-16
 2.43704e+23	6.30e-08	3.28e-04	5.45e-02	4.41e-01	3.31e-01	1.33e-01	4.02e-02	5.98e-04	2.23e-06	6.30e-08	1.87e-16	2.25e-16
 2.45969e+23	8.45e-08	4.02e-04	6.17e-02	4.60e-01	3.22e-01	1.21e-01	3.43e-02	4.71e-04	1.62e-06	8.45e-08	2.58e-16	3.10e-16
 2.48161e+23	1.04e-07	4.63e-04	6.71e-02	4.73e-01	3.15e-01	1.14e-01	3.07e-02	3.97e-04	1.29e-06	1.04e-07	3.23e-16	3.88e-16
 2.50260e+23	1.36e-07	5.56e-04	7.49e-02	4.89e-01	3.05e-01	1.04e-01	2.64e-02	3.16e-04	9.51e-07	1.36e-07	4.34e-16	5.21e-16
 2.52386e+23	1.67e-07	6.41e-04	8.14e-02	5.02e-01	2.96e-01	9.66e-02	2.34e-02	2.63e-04	7.48e-07	1.67e-07	5.46e-16	6.54e-16
 2.54549e+23	2.18e-07	7.67e-04	9.03e-02	5.16e-01	2.85e-01	8.78e-02	1.99e-02	2.08e-04	5.47e-07	2.18e-07	7.33e-16	8.78e-16
 2.56738e+23	2.71e-07	8.86e-04	9.82e-02	5.27e-01	2.76e-01	8.09e-02	1.75e-02	1.71e-04	4.22e-07	2.71e-07	9.29e-16	1.11e-15
 2.58670e+23	3.33e-07	1.02e-03	1.06e-01	5.36e-01	2.66e-01	7.46e-02	1.54e-02	1.41e-04	3.27e-07	3.33e-07	1.17e-15	1.40e-15
 2.60891e+23	4.34e-07	1.22e-03	1.17e-01	5.47e-01	2.54e-01	6.70e-02	1.30e-02	1.10e-04	2.36e-07	4.34e-07	1.58e-15	1.89e-15
 2.63140e+23	5.39e-07	1.40e-03	1.27e-01	5.55e-01	2.43e-01	6.11e-02	1.12e-02	8.88e-05	1.79e-07	5.39e-07	2.01e-15	2.40e-15
 2.65128e+23	6.62e-07	1.61e-03	1.37e-01	5.62e-01	2.33e-01	5.59e-02	9.78e-03	7.25e-05	1.37e-07	6.62e-07	2.53e-15	3.02e-15
 2.67415e+23	8.64e-07	1.91e-03	1.51e-01	5.69e-01	2.20e-01	4.95e-02	8.14e-03	5.54e-05	0.00e+00	8.64e-07	3.43e-15	4.08e-15
 2.69530e+23	1.03e-06	2.15e-03	1.60e-01	5.73e-01	2.12e-01	4.56e-02	7.19e-03	4.62e-05	0.00e+00	1.03e-06	4.17e-15	4.96e-15
 2.71423e+23	1.27e-06	2.46e-03	1.72e-01	5.76e-01	2.01e-01	4.12e-02	6.18e-03	3.71e-05	0.00e+00	1.27e-06	5.30e-15	6.31e-15
 2.73368e+23	1.52e-06	2.77e-03	1.83e-01	5.78e-01	1.92e-01	3.77e-02	5.41e-03	3.06e-05	0.00e+00	1.52e-06	6.51e-15	7.74e-15
 2.75101e+23	1.80e-06	3.09e-03	1.94e-01	5.79e-01	1.84e-01	3.46e-02	4.77e-03	2.54e-05	0.00e+00	1.80e-06	7.90e-15	9.39e-15
 2.77073e+23	2.23e-06	3.55e-03	2.08e-01	5.80e-01	1.74e-01	3.10e-02	4.05e-03	2.01e-05	0.00e+00	2.23e-06	1.01e-14	1.20e-14
 2.79079e+23	2.66e-06	3.98e-03	2.21e-01	5.79e-01	1.65e-01	2.81e-02	3.53e-03	1.64e-05	0.00e+00	2.66e-06	1.24e-14	1.47e-14
 2.80845e+23	3.15e-06	4.44e-03	2.33e-01	5.77e-01	1.57e-01	2.56e-02	3.08e-03	1.35e-05	0.00e+00	3.15e-06	1.51e-14	1.79e-14
 2.82858e+23	3.90e-06	5.10e-03	2.49e-01	5.73e-01	1.47e-01	2.27e-02	2.59e-03	1.06e-05	0.00e+00	3.90e-06	1.94e-14	2.30e-14
 2.84901e+23	4.66e-06	5.72e-03	2.63e-01	5.69e-01	1.39e-01	2.05e-02	2.24e-03	8.55e-06	0.00e+00	4.66e-06	2.38e-14	2.82e-14
 2.86696e+23	5.52e-06	6.38e-03	2.77e-01	5.65e-01	1.31e-01	1.85e-02	1.94e-03	6.97e-06	0.00e+00	5.52e-06	2.90e-14	3.44e-14
 2.88744e+23	6.83e-06	7.31e-03	2.95e-01	5.58e-01	1.22e-01	1.63e-02	1.62e-03	5.39e-06	0.00e+00	6.83e-06	3.73e-14	4.41e-14
 2.90829e+23	8.15e-06	8.19e-03	3.11e-01	5.51e-01	1.14e-01	1.46e-02	1.39e-03	4.33e-06	0.00e+00	8.15e-06	4.58e-14	5.43e-14
 2.92675e+23	9.67e-06	9.14e-03	3.26e-01	5.43e-01	1.07e-01	1.31e-02	1.20e-03	3.49e-06	0.00e+00	9.67e-06	5.61e-14	6.64e-14
 2.94785e+23	1.20e-05	1.05e-02	3.46e-01	5.32e-01	9.89e-02	1.14e-02	9.89e-04	2.65e-06	0.00e+00	1.20e-05	7.23e-14	8.55e-14
 2.96935e+23	1.43e-05	1.18e-02	3.63e-01	5.22e-01	9.20e-02	1.01e-02	8.39e-04	2.10e-06	0.00e+00	1.43e-05	8.92e-14	1.06e-13
 2.98841e+23	1.70e-05	1.31e-02	3.80e-01	5.11e-01	8.57e-02	8.99e-03	7.14e-04	1.67e-06	0.00e+00	1.70e-05	1.10e-13	1.30e-13
 3.01024e+23	2.11e-05	1.51e-02	4.02e-01	4.97e-01	7.82e-02	7.72e-03	5.82e-04	1.25e-06	0.00e+00	2.11e-05	1.42e-13	1.68e-13
 3.03252e+23	2.53e-05	1.70e-02	4.20e-01	4.84e-01	7.21e-02	6.77e-03	4.87e-04	9.73e-07	0.00e+00	2.53e-05	1.77e-13	2.09e-13
 3.05229e+23	3.03e-05	1.91e-02	4.38e-01	4.70e-01	6.65e-02	5.95e-03	4.10e-04	7.62e-07	0.00e+00	3.03e-05	2.19e-13	2.59e-13
 3.07390e+23	3.76e-05	2.19e-02	4.59e-01	4.53e-01	6.04e-02	5.10e-03	3.34e-04	5.71e-07	0.00e+00	3.76e-05	2.83e-13	3.35e-13
