#depth	Ar	Ar+	Ar+2	Ar+3	Ar+4	Ar+5	Ar+6	Ar+7	Ar+8	Ar+9	Ar+10	Ar+11	Ar+12	Ar+13	Ar+14	Ar+15	Ar+16	Ar+17	Ar+18
 1.54284e+22	0.00e+00	5.16e-27	1.16e-21	9.58e-19	4.14e-16	6.59e-14	5.91e-12	6.04e-10	2.74e-07	1.36e-05	2.87e-04	2.58e-03	1.63e-02	4.59e-02	7.54e-02	1.34e-01	4.69e-01	2.22e-01	3.50e-02
 3.53842e+22	2.24e-31	8.08e-25	1.44e-19	7.69e-17	2.06e-14	1.97e-12	1.04e-10	6.31e-09	3.01e-06	1.31e-04	2.17e-03	1.41e-02	6.42e-02	1.22e-01	1.32e-01	1.53e-01	3.79e-01	1.21e-01	1.28e-02
 4.21755e+22	3.99e-30	1.27e-23	1.99e-18	7.98e-16	1.57e-13	1.09e-11	4.11e-10	1.83e-08	9.64e-06	4.00e-04	5.83e-03	3.15e-02	1.19e-01	1.82e-01	1.54e-01	1.40e-01	2.88e-01	7.26e-02	6.14e-03
 4.55711e+22	1.80e-29	5.36e-23	7.88e-18	2.68e-15	4.44e-13	2.58e-11	8.08e-10	3.04e-08	1.68e-05	6.83e-04	9.29e-03	4.55e-02	1.57e-01	2.12e-01	1.58e-01	1.27e-01	2.35e-01	5.23e-02	3.90e-03
 4.69859e+22	2.66e-29	7.77e-23	1.12e-17	3.65e-15	5.79e-13	3.22e-11	9.59e-10	3.45e-08	1.93e-05	7.79e-04	1.04e-02	4.97e-02	1.67e-01	2.19e-01	1.58e-01	1.23e-01	2.22e-01	4.77e-02	3.45e-03
 4.75075e+22	3.68e-29	1.06e-22	1.51e-17	4.73e-15	7.23e-13	3.86e-11	1.10e-09	3.83e-08	2.16e-05	8.68e-04	1.14e-02	5.35e-02	1.75e-01	2.25e-01	1.58e-01	1.19e-01	2.10e-01	4.40e-02	3.10e-03
 4.80564e+22	5.53e-29	1.57e-22	2.19e-17	6.54e-15	9.52e-13	4.85e-11	1.32e-09	4.37e-08	2.48e-05	9.91e-04	1.28e-02	5.84e-02	1.86e-01	2.31e-01	1.57e-01	1.14e-01	1.97e-01	3.98e-02	2.70e-03
 4.86198e+22	7.76e-29	2.17e-22	2.98e-17	8.56e-15	1.20e-12	5.86e-11	1.53e-09	4.87e-08	2.77e-05	1.10e-03	1.40e-02	6.26e-02	1.96e-01	2.36e-01	1.56e-01	1.11e-01	1.86e-01	3.64e-02	2.41e-03
 4.91960e+22	1.20e-28	3.28e-22	4.42e-17	1.21e-14	1.60e-12	7.46e-11	1.84e-09	5.59e-08	3.19e-05	1.26e-03	1.57e-02	6.83e-02	2.07e-01	2.42e-01	1.54e-01	1.05e-01	1.72e-01	3.25e-02	2.07e-03
 4.97512e+22	1.62e-28	4.38e-22	5.82e-17	1.53e-14	1.97e-12	8.84e-11	2.10e-09	6.17e-08	3.52e-05	1.39e-03	1.70e-02	7.25e-02	2.15e-01	2.46e-01	1.52e-01	1.02e-01	1.63e-01	2.99e-02	1.86e-03
 5.02855e+22	2.43e-28	6.46e-22	8.42e-17	2.11e-14	2.59e-12	1.11e-10	2.50e-09	7.02e-08	3.99e-05	1.56e-03	1.89e-02	7.82e-02	2.26e-01	2.50e-01	1.50e-01	9.67e-02	1.50e-01	2.67e-02	1.60e-03
 5.08252e+22	3.28e-28	8.60e-22	1.11e-16	2.68e-14	3.17e-12	1.31e-10	2.86e-09	7.75e-08	4.39e-05	1.71e-03	2.03e-02	8.26e-02	2.34e-01	2.53e-01	1.48e-01	9.31e-02	1.42e-01	2.45e-02	1.43e-03
 5.13719e+22	4.90e-28	1.26e-21	1.59e-16	3.67e-14	4.16e-12	1.64e-10	3.40e-09	8.83e-08	4.95e-05	1.92e-03	2.23e-02	8.86e-02	2.45e-01	2.56e-01	1.44e-01	8.83e-02	1.31e-01	2.18e-02	1.23e-03
 5.19316e+22	6.74e-28	1.71e-21	2.12e-16	4.72e-14	5.15e-12	1.96e-10	3.91e-09	9.81e-08	5.45e-05	2.10e-03	2.41e-02	9.35e-02	2.53e-01	2.58e-01	1.42e-01	8.45e-02	1.23e-01	1.99e-02	1.09e-03
 5.25083e+22	1.02e-27	2.53e-21	3.08e-16	6.54e-14	6.81e-12	2.47e-10	4.70e-09	1.12e-07	6.16e-05	2.35e-03	2.64e-02	1.00e-01	2.63e-01	2.60e-01	1.38e-01	7.96e-02	1.12e-01	1.75e-02	9.28e-04
 5.30940e+22	1.40e-27	3.42e-21	4.09e-16	8.37e-14	8.42e-12	2.95e-10	5.41e-09	1.25e-07	6.77e-05	2.56e-03	2.83e-02	1.05e-01	2.70e-01	2.61e-01	1.35e-01	7.59e-02	1.05e-01	1.59e-02	8.20e-04
 5.36917e+22	2.11e-27	5.06e-21	5.93e-16	1.16e-13	1.11e-11	3.72e-10	6.50e-09	1.44e-07	7.63e-05	2.86e-03	3.10e-02	1.12e-01	2.80e-01	2.62e-01	1.31e-01	7.12e-02	9.56e-02	1.40e-02	6.95e-04
 5.43055e+22	2.92e-27	6.89e-21	7.93e-16	1.49e-13	1.38e-11	4.47e-10	7.52e-09	1.61e-07	8.38e-05	3.12e-03	3.32e-02	1.18e-01	2.87e-01	2.62e-01	1.28e-01	6.76e-02	8.88e-02	1.26e-02	6.09e-04
 5.49404e+22	4.44e-27	1.02e-20	1.15e-15	2.07e-13	1.84e-11	5.66e-10	9.09e-09	1.86e-07	9.45e-05	3.47e-03	3.62e-02	1.25e-01	2.96e-01	2.61e-01	1.23e-01	6.32e-02	8.06e-02	1.10e-02	5.12e-04
 5.55867e+22	6.15e-27	1.40e-20	1.55e-15	2.68e-13	2.29e-11	6.83e-10	1.06e-08	2.09e-07	1.04e-04	3.78e-03	3.86e-02	1.30e-01	3.03e-01	2.60e-01	1.19e-01	5.98e-02	7.45e-02	9.90e-03	4.46e-04
 5.62479e+22	9.35e-27	2.08e-20	2.25e-15	3.71e-13	3.04e-11	8.67e-10	1.28e-08	2.42e-07	1.17e-04	4.20e-03	4.20e-02	1.38e-01	3.11e-01	2.58e-01	1.15e-01	5.56e-02	6.73e-02	8.61e-03	3.73e-04
 5.69138e+22	1.29e-26	2.81e-20	2.98e-15	4.76e-13	3.77e-11	1.04e-09	1.48e-08	2.71e-07	1.28e-04	4.55e-03	4.46e-02	1.44e-01	3.17e-01	2.57e-01	1.11e-01	5.25e-02	6.22e-02	7.72e-03	3.25e-04
 5.75857e+22	1.93e-26	4.13e-20	4.28e-15	6.53e-13	4.97e-11	1.31e-09	1.79e-08	3.14e-07	1.44e-04	5.03e-03	4.82e-02	1.51e-01	3.24e-01	2.54e-01	1.06e-01	4.87e-02	5.61e-02	6.70e-03	2.72e-04
 5.82738e+22	2.66e-26	5.59e-20	5.69e-15	8.38e-13	6.18e-11	1.58e-09	2.08e-08	3.54e-07	1.58e-04	5.45e-03	5.12e-02	1.57e-01	3.29e-01	2.51e-01	1.02e-01	4.59e-02	5.17e-02	5.99e-03	2.36e-04
 5.88705e+22	3.58e-26	7.39e-20	7.39e-15	1.05e-12	7.55e-11	1.88e-09	2.39e-08	3.95e-07	1.72e-04	5.85e-03	5.40e-02	1.63e-01	3.33e-01	2.49e-01	9.88e-02	4.33e-02	4.78e-02	5.39e-03	2.07e-04
 5.95335e+22	5.22e-26	1.05e-19	1.03e-14	1.41e-12	9.75e-11	2.33e-09	2.86e-08	4.54e-07	1.91e-04	6.41e-03	5.78e-02	1.70e-01	3.38e-01	2.45e-01	9.44e-02	4.02e-02	4.33e-02	4.70e-03	1.74e-04
 6.02041e+22	7.00e-26	1.39e-19	1.34e-14	1.78e-12	1.19e-10	2.77e-09	3.29e-08	5.07e-07	2.08e-04	6.88e-03	6.09e-02	1.75e-01	3.42e-01	2.42e-01	9.09e-02	3.79e-02	3.99e-02	4.22e-03	1.52e-04
 6.08846e+22	1.02e-25	1.98e-19	1.86e-14	2.38e-12	1.54e-10	3.45e-09	3.94e-08	5.84e-07	2.31e-04	7.52e-03	6.50e-02	1.83e-01	3.46e-01	2.37e-01	8.65e-02	3.51e-02	3.60e-02	3.67e-03	1.28e-04
 6.15761e+22	1.36e-25	2.60e-19	2.40e-14	2.97e-12	1.87e-10	4.08e-09	4.53e-08	6.52e-07	2.52e-04	8.06e-03	6.83e-02	1.88e-01	3.49e-01	2.34e-01	8.32e-02	3.31e-02	3.32e-02	3.29e-03	1.11e-04
 6.21815e+22	1.80e-25	3.39e-19	3.06e-14	3.69e-12	2.26e-10	4.81e-09	5.18e-08	7.26e-07	2.73e-04	8.61e-03	7.16e-02	1.93e-01	3.51e-01	2.30e-01	8.00e-02	3.12e-02	3.07e-02	2.96e-03	9.73e-05
 6.28682e+22	2.58e-25	4.73e-19	4.18e-14	4.86e-12	2.88e-10	5.92e-09	6.15e-08	8.32e-07	3.03e-04	9.36e-03	7.60e-02	2.00e-01	3.54e-01	2.25e-01	7.59e-02	2.88e-02	2.77e-02	2.58e-03	8.19e-05
 6.35590e+22	3.40e-25	6.13e-19	5.32e-14	6.02e-12	3.48e-10	6.97e-09	7.04e-08	9.26e-07	3.28e-04	9.99e-03	7.96e-02	2.06e-01	3.56e-01	2.21e-01	7.29e-02	2.71e-02	2.55e-02	2.32e-03	7.16e-05
 6.42552e+22	4.86e-25	8.57e-19	7.26e-14	7.92e-12	4.43e-10	8.59e-09	8.37e-08	1.06e-06	3.63e-04	1.08e-02	8.43e-02	2.12e-01	3.58e-01	2.15e-01	6.90e-02	2.50e-02	2.30e-02	2.01e-03	6.00e-05
 6.49583e+22	6.33e-25	1.10e-18	9.13e-14	9.72e-12	5.31e-10	1.00e-08	9.53e-08	1.18e-06	3.93e-04	1.15e-02	8.80e-02	2.18e-01	3.59e-01	2.11e-01	6.62e-02	2.36e-02	2.12e-02	1.81e-03	5.26e-05
 6.56705e+22	9.00e-25	1.53e-18	1.24e-13	1.27e-11	6.74e-10	1.24e-08	1.13e-07	1.36e-06	4.36e-04	1.25e-02	9.29e-02	2.24e-01	3.60e-01	2.06e-01	6.25e-02	2.17e-02	1.90e-02	1.57e-03	4.40e-05
 6.63966e+22	1.18e-24	1.96e-18	1.56e-13	1.57e-11	8.10e-10	1.45e-08	1.29e-07	1.51e-06	4.72e-04	1.33e-02	9.70e-02	2.29e-01	3.60e-01	2.01e-01	5.97e-02	2.04e-02	1.75e-02	1.40e-03	3.84e-05
 6.71410e+22	1.68e-24	2.73e-18	2.13e-13	2.06e-11	1.03e-09	1.79e-08	1.54e-07	1.74e-06	5.24e-04	1.44e-02	1.02e-01	2.36e-01	3.60e-01	1.95e-01	5.62e-02	1.87e-02	1.57e-02	1.21e-03	3.20e-05
 6.78997e+22	2.21e-24	3.53e-18	2.69e-13	2.54e-11	1.24e-09	2.10e-08	1.76e-07	1.94e-06	5.69e-04	1.54e-02	1.07e-01	2.41e-01	3.60e-01	1.90e-01	5.36e-02	1.75e-02	1.44e-02	1.08e-03	2.78e-05
 6.86769e+22	3.17e-24	4.93e-18	3.66e-13	3.34e-11	1.59e-09	2.60e-08	2.11e-07	2.24e-06	6.33e-04	1.66e-02	1.13e-01	2.48e-01	3.59e-01	1.84e-01	5.02e-02	1.60e-02	1.28e-02	9.28e-04	2.30e-05
 6.94365e+22	4.04e-24	6.18e-18	4.51e-13	4.03e-11	1.87e-09	3.01e-08	2.38e-07	2.47e-06	6.82e-04	1.76e-02	1.17e-01	2.52e-01	3.58e-01	1.79e-01	4.80e-02	1.50e-02	1.18e-02	8.36e-04	2.02e-05
 7.01733e+22	5.66e-24	8.46e-18	6.02e-13	5.21e-11	2.36e-09	3.67e-08	2.81e-07	2.83e-06	7.53e-04	1.90e-02	1.23e-01	2.58e-01	3.56e-01	1.73e-01	4.51e-02	1.38e-02	1.06e-02	7.22e-04	1.69e-05
 7.09216e+22	7.24e-24	1.06e-17	7.42e-13	6.29e-11	2.79e-09	4.25e-08	3.18e-07	3.12e-06	8.12e-04	2.01e-02	1.27e-01	2.62e-01	3.55e-01	1.69e-01	4.30e-02	1.29e-02	9.74e-03	6.49e-04	1.48e-05
 7.16849e+22	1.01e-23	1.44e-17	9.83e-13	8.08e-11	3.49e-09	5.17e-08	3.75e-07	3.57e-06	8.96e-04	2.16e-02	1.33e-01	2.68e-01	3.53e-01	1.63e-01	4.03e-02	1.18e-02	8.71e-03	5.61e-04	1.24e-05
 7.24719e+22	1.32e-23	1.85e-17	1.24e-12	9.92e-11	4.18e-09	6.07e-08	4.29e-07	3.98e-06	9.72e-04	2.29e-02	1.38e-01	2.72e-01	3.50e-01	1.58e-01	3.82e-02	1.10e-02	7.95e-03	4.97e-04	1.07e-05
 7.32899e+22	1.84e-23	2.52e-17	1.64e-12	1.28e-10	5.25e-09	7.40e-08	5.07e-07	4.56e-06	1.08e-03	2.47e-02	1.45e-01	2.78e-01	3.47e-01	1.51e-01	3.56e-02	1.01e-02	7.08e-03	4.28e-04	8.86e-06
 7.41346e+22	2.44e-23	3.27e-17	2.08e-12	1.59e-10	6.36e-09	8.76e-08	5.84e-07	5.12e-06	1.17e-03	2.62e-02	1.50e-01	2.82e-01	3.44e-01	1.46e-01	3.36e-02	9.31e-03	6.41e-03	3.76e-04	7.57e-06
 7.50141e+22	3.46e-23	4.51e-17	2.80e-12	2.07e-10	8.06e-09	1.08e-07	6.95e-07	5.90e-06	1.30e-03	2.83e-02	1.57e-01	2.87e-01	3.40e-01	1.40e-01	3.12e-02	8.44e-03	5.67e-03	3.21e-04	6.22e-06
 7.59175e+22	4.63e-23	5.91e-17	3.58e-12	2.58e-10	9.83e-09	1.28e-07	8.05e-07	6.65e-06	1.42e-03	3.02e-02	1.63e-01	2.91e-01	3.37e-01	1.35e-01	2.93e-02	7.77e-03	5.10e-03	2.80e-04	5.27e-06
 7.68519e+22	6.64e-23	8.23e-17	4.84e-12	3.38e-10	1.25e-08	1.59e-07	9.63e-07	7.70e-06	1.59e-03	3.26e-02	1.71e-01	2.96e-01	3.31e-01	1.28e-01	2.70e-02	7.00e-03	4.48e-03	2.37e-04	4.29e-06
 7.78170e+22	9.01e-23	1.09e-16	6.26e-12	4.26e-10	1.54e-08	1.90e-07	1.12e-06	8.73e-06	1.74e-03	3.48e-02	1.78e-01	3.00e-01	3.27e-01	1.23e-01	2.52e-02	6.40e-03	4.00e-03	2.05e-04	3.60e-06
 7.88220e+22	1.31e-22	1.54e-16	8.57e-12	5.67e-10	1.99e-08	2.38e-07	1.35e-06	1.02e-05	1.95e-03	3.77e-02	1.86e-01	3.05e-01	3.21e-01	1.16e-01	2.31e-02	5.72e-03	3.48e-03	1.71e-04	2.89e-06
 7.98565e+22	1.80e-22	2.07e-16	1.12e-11	7.20e-10	2.47e-08	2.87e-07	1.59e-06	1.16e-05	2.15e-03	4.03e-02	1.94e-01	3.08e-01	3.15e-01	1.11e-01	2.14e-02	5.20e-03	3.09e-03	1.47e-04	2.39e-06
 8.07862e+22	2.44e-22	2.72e-16	1.44e-11	9.03e-10	3.02e-08	3.42e-07	1.84e-06	1.31e-05	2.35e-03	4.29e-02	2.01e-01	3.11e-01	3.10e-01	1.06e-01	1.99e-02	4.74e-03	2.75e-03	1.27e-04	2.01e-06
 8.18516e+22	3.64e-22	3.93e-16	2.01e-11	1.22e-09	3.95e-08	4.34e-07	2.25e-06	1.54e-05	2.65e-03	4.66e-02	2.10e-01	3.15e-01	3.02e-01	9.92e-02	1.80e-02	4.18e-03	2.36e-03	1.04e-04	1.57e-06
 8.29264e+22	4.92e-22	5.19e-16	2.58e-11	1.53e-09	4.84e-08	5.18e-07	2.61e-06	1.74e-05	2.90e-03	4.96e-02	2.17e-01	3.17e-01	2.96e-01	9.44e-02	1.67e-02	3.80e-03	2.10e-03	8.95e-05	1.31e-06
 8.40134e+22	7.30e-22	7.45e-16	3.58e-11	2.06e-09	6.32e-08	6.54e-07	3.18e-06	2.05e-05	3.27e-03	5.37e-02	2.27e-01	3.20e-01	2.88e-01	8.82e-02	1.51e-02	3.35e-03	1.79e-03	7.32e-05	1.03e-06
 8.51235e+22	1.01e-21	9.99e-16	4.67e-11	2.62e-09	7.83e-08	7.90e-07	3.73e-06	2.33e-05	3.59e-03	5.73e-02	2.35e-01	3.22e-01	2.81e-01	8.34e-02	1.39e-02	3.01e-03	1.57e-03	6.22e-05	8.44e-07
 8.62635e+22	1.51e-21	1.45e-15	6.54e-11	3.54e-09	1.03e-07	1.00e-06	4.56e-06	2.75e-05	4.05e-03	6.20e-02	2.45e-01	3.24e-01	2.72e-01	7.75e-02	1.24e-02	2.63e-03	1.33e-03	5.03e-05	6.53e-07
 8.74222e+22	2.09e-21	1.96e-15	8.58e-11	4.53e-09	1.28e-07	1.22e-06	5.36e-06	3.14e-05	4.46e-03	6.62e-02	2.53e-01	3.25e-01	2.64e-01	7.29e-02	1.14e-02	2.36e-03	1.16e-03	4.23e-05	5.29e-07
 8.86053e+22	3.19e-21	2.87e-15	1.21e-10	6.19e-09	1.70e-07	1.56e-06	6.61e-06	3.72e-05	5.05e-03	7.18e-02	2.63e-01	3.25e-01	2.54e-01	6.72e-02	1.01e-02	2.04e-03	9.71e-04	3.37e-05	4.02e-07
 8.97940e+22	4.41e-21	3.86e-15	1.58e-10	7.88e-09	2.11e-07	1.89e-06	7.76e-06	4.25e-05	5.56e-03	7.63e-02	2.71e-01	3.26e-01	2.47e-01	6.30e-02	9.18e-03	1.82e-03	8.44e-04	2.82e-05	3.25e-07
 9.07778e+22	5.90e-21	5.03e-15	2.01e-10	9.77e-09	2.56e-07	2.24e-06	8.96e-06	4.78e-05	6.05e-03	8.06e-02	2.78e-01	3.25e-01	2.40e-01	5.93e-02	8.43e-03	1.64e-03	7.43e-04	2.40e-05	2.68e-07
 9.18446e+22	8.58e-21	7.08e-15	2.73e-10	1.29e-08	3.29e-07	2.79e-06	1.08e-05	5.58e-05	6.76e-03	8.65e-02	2.87e-01	3.25e-01	2.30e-01	5.48e-02	7.52e-03	1.43e-03	6.27e-04	1.94e-05	2.07e-07
 9.29116e+22	1.14e-20	9.18e-15	3.45e-10	1.59e-08	3.98e-07	3.30e-06	1.25e-05	6.27e-05	7.34e-03	9.12e-02	2.94e-01	3.24e-01	2.23e-01	5.15e-02	6.89e-03	1.28e-03	5.51e-04	1.65e-05	1.70e-07
 9.39788e+22	1.65e-20	1.29e-14	4.67e-10	2.09e-08	5.11e-07	4.12e-06	1.50e-05	7.31e-05	8.19e-03	9.77e-02	3.03e-01	3.22e-01	2.14e-01	4.73e-02	6.11e-03	1.11e-03	4.63e-04	1.32e-05	1.30e-07
 9.50591e+22	2.21e-20	1.67e-14	5.91e-10	2.59e-08	6.20e-07	4.89e-06	1.74e-05	8.24e-05	8.92e-03	1.03e-01	3.10e-01	3.21e-01	2.06e-01	4.42e-02	5.56e-03	9.94e-04	4.04e-04	1.11e-05	0.00e+00
 9.61564e+22	3.22e-20	2.36e-14	8.02e-10	3.42e-08	8.00e-07	6.14e-06	2.10e-05	9.67e-05	9.98e-03	1.10e-01	3.19e-01	3.18e-01	1.96e-01	4.04e-02	4.89e-03	8.54e-04	3.35e-04	8.82e-06	0.00e+00
 9.72672e+22	4.32e-20	3.08e-14	1.02e-09	4.24e-08	9.74e-07	7.31e-06	2.44e-05	1.09e-04	1.09e-02	1.16e-01	3.25e-01	3.15e-01	1.89e-01	3.75e-02	4.43e-03	7.59e-04	2.90e-04	7.36e-06	0.00e+00
 9.83956e+22	6.31e-20	4.33e-14	1.38e-09	5.60e-08	1.26e-06	9.20e-06	2.97e-05	1.29e-04	1.22e-02	1.25e-01	3.34e-01	3.12e-01	1.79e-01	3.40e-02	3.86e-03	6.46e-04	2.38e-04	5.75e-06	0.00e+00
 9.95456e+22	8.54e-20	5.69e-14	1.76e-09	6.98e-08	1.54e-06	1.11e-05	3.47e-05	1.47e-04	1.34e-02	1.31e-01	3.40e-01	3.08e-01	1.71e-01	3.13e-02	3.45e-03	5.67e-04	2.03e-04	4.71e-06	0.00e+00
 1.00724e+23	1.26e-19	8.07e-14	2.39e-09	9.27e-08	2.01e-06	1.40e-05	4.25e-05	1.74e-04	1.50e-02	1.41e-01	3.48e-01	3.03e-01	1.61e-01	2.81e-02	2.97e-03	4.77e-04	1.64e-04	3.62e-06	0.00e+00
 1.01926e+23	1.71e-19	1.06e-13	3.05e-09	1.16e-07	2.48e-06	1.70e-05	5.00e-05	2.00e-04	1.65e-02	1.49e-01	3.55e-01	2.99e-01	1.52e-01	2.56e-02	2.63e-03	4.14e-04	1.38e-04	2.91e-06	0.00e+00
 1.03158e+23	2.53e-19	1.51e-13	4.15e-09	1.55e-07	3.25e-06	2.17e-05	6.17e-05	2.39e-04	1.87e-02	1.60e-01	3.62e-01	2.92e-01	1.42e-01	2.27e-02	2.23e-03	3.42e-04	1.10e-04	2.19e-06	0.00e+00
 1.04404e+23	3.43e-19	1.98e-13	5.26e-09	1.93e-07	4.01e-06	2.64e-05	7.28e-05	2.75e-04	2.06e-02	1.69e-01	3.67e-01	2.86e-01	1.34e-01	2.06e-02	1.96e-03	2.94e-04	9.11e-05	1.74e-06	0.00e+00
 1.05454e+23	4.51e-19	2.53e-13	6.50e-09	2.36e-07	4.86e-06	3.14e-05	8.47e-05	3.13e-04	2.25e-02	1.77e-01	3.72e-01	2.81e-01	1.27e-01	1.87e-02	1.73e-03	2.55e-04	7.67e-05	1.40e-06	0.00e+00
 1.06593e+23	6.32e-19	3.41e-13	8.43e-09	3.02e-07	6.17e-06	3.92e-05	1.03e-04	3.69e-04	2.51e-02	1.88e-01	3.77e-01	2.73e-01	1.18e-01	1.66e-02	1.47e-03	2.13e-04	6.14e-05	1.07e-06	0.00e+00
 1.07739e+23	8.24e-19	4.32e-13	1.03e-08	3.67e-07	7.45e-06	4.67e-05	1.19e-04	4.21e-04	2.75e-02	1.97e-01	3.80e-01	2.67e-01	1.11e-01	1.50e-02	1.29e-03	1.83e-04	5.12e-05	8.53e-07	0.00e+00
 1.08858e+23	1.12e-18	5.66e-13	1.30e-08	4.60e-07	9.31e-06	5.75e-05	1.43e-04	4.94e-04	3.06e-02	2.09e-01	3.84e-01	2.59e-01	1.02e-01	1.33e-02	1.10e-03	1.53e-04	4.11e-05	6.50e-07	0.00e+00
 1.10000e+23	1.46e-18	7.13e-13	1.59e-08	5.59e-07	1.13e-05	6.88e-05	1.67e-04	5.67e-04	3.35e-02	2.19e-01	3.87e-01	2.52e-01	9.55e-02	1.19e-02	9.53e-04	1.30e-04	3.38e-05	5.12e-07	0.00e+00
 1.11120e+23	1.93e-18	9.12e-13	1.95e-08	6.88e-07	1.39e-05	8.37e-05	1.98e-04	6.60e-04	3.71e-02	2.31e-01	3.89e-01	2.43e-01	8.81e-02	1.05e-02	8.10e-04	1.09e-04	2.71e-05	3.91e-07	0.00e+00
 1.12264e+23	2.50e-18	1.14e-12	2.36e-08	8.33e-07	1.68e-05	1.00e-04	2.32e-04	7.62e-04	4.08e-02	2.42e-01	3.90e-01	2.35e-01	8.15e-02	9.31e-03	6.95e-04	9.13e-05	2.20e-05	3.02e-07	0.00e+00
 1.13393e+23	3.25e-18	1.43e-12	2.85e-08	1.01e-06	2.04e-05	1.21e-04	2.73e-04	8.83e-04	4.49e-02	2.54e-01	3.90e-01	2.26e-01	7.49e-02	8.20e-03	5.90e-04	7.60e-05	1.77e-05	2.31e-07	0.00e+00
 1.14531e+23	4.15e-18	1.76e-12	3.39e-08	1.21e-06	2.47e-05	1.45e-04	3.20e-04	1.02e-03	4.93e-02	2.66e-01	3.90e-01	2.17e-01	6.88e-02	7.22e-03	5.02e-04	6.35e-05	1.42e-05	1.77e-07	0.00e+00
 1.15654e+23	5.27e-18	2.16e-12	4.01e-08	1.45e-06	2.96e-05	1.73e-04	3.73e-04	1.17e-03	5.41e-02	2.78e-01	3.89e-01	2.08e-01	6.30e-02	6.34e-03	4.26e-04	5.29e-05	1.14e-05	1.36e-07	0.00e+00
 1.16776e+23	6.64e-18	2.63e-12	4.71e-08	1.72e-06	3.54e-05	2.05e-04	4.34e-04	1.35e-03	5.93e-02	2.89e-01	3.87e-01	1.99e-01	5.76e-02	5.56e-03	3.61e-04	4.40e-05	9.17e-06	0.00e+00	0.00e+00
 1.17900e+23	8.31e-18	3.18e-12	5.50e-08	2.04e-06	4.23e-05	2.44e-04	5.03e-04	1.55e-03	6.48e-02	3.01e-01	3.84e-01	1.90e-01	5.26e-02	4.86e-03	3.05e-04	3.65e-05	7.34e-06	0.00e+00	0.00e+00
 1.19027e+23	1.04e-17	3.83e-12	6.39e-08	2.41e-06	5.02e-05	2.88e-04	5.82e-04	1.78e-03	7.07e-02	3.13e-01	3.80e-01	1.81e-01	4.78e-02	4.25e-03	2.58e-04	3.02e-05	5.86e-06	0.00e+00	0.00e+00
 1.20161e+23	1.29e-17	4.59e-12	7.38e-08	2.83e-06	5.95e-05	3.40e-04	6.72e-04	2.04e-03	7.71e-02	3.25e-01	3.76e-01	1.72e-01	4.34e-02	3.70e-03	2.17e-04	2.49e-05	4.67e-06	0.00e+00	0.00e+00
 1.21305e+23	1.59e-17	5.48e-12	8.51e-08	3.32e-06	7.04e-05	4.00e-04	7.74e-04	2.34e-03	8.40e-02	3.36e-01	3.71e-01	1.62e-01	3.92e-02	3.21e-03	1.82e-04	2.05e-05	3.71e-06	0.00e+00	0.00e+00
 1.22461e+23	1.97e-17	6.54e-12	9.79e-08	3.89e-06	8.32e-05	4.70e-04	8.90e-04	2.68e-03	9.13e-02	3.48e-01	3.65e-01	1.53e-01	3.54e-02	2.78e-03	1.53e-04	1.68e-05	2.94e-06	0.00e+00	0.00e+00
 1.23624e+23	2.42e-17	7.77e-12	1.12e-07	4.55e-06	9.79e-05	5.50e-04	1.02e-03	3.06e-03	9.90e-02	3.59e-01	3.59e-01	1.45e-01	3.19e-02	2.41e-03	1.28e-04	1.38e-05	2.33e-06	0.00e+00	0.00e+00
 1.24806e+23	2.99e-17	9.26e-12	1.29e-07	5.33e-06	1.15e-04	6.45e-04	1.17e-03	3.49e-03	1.07e-01	3.69e-01	3.51e-01	1.36e-01	2.85e-02	2.07e-03	1.06e-04	1.13e-05	1.83e-06	0.00e+00	0.00e+00
 1.26001e+23	3.69e-17	1.10e-11	1.48e-07	6.22e-06	1.35e-04	7.52e-04	1.33e-03	3.97e-03	1.16e-01	3.79e-01	3.43e-01	1.27e-01	2.56e-02	1.78e-03	8.86e-05	9.20e-06	1.44e-06	0.00e+00	0.00e+00
 1.27219e+23	4.58e-17	1.31e-11	1.70e-07	7.30e-06	1.60e-04	8.81e-04	1.52e-03	4.54e-03	1.26e-01	3.89e-01	3.35e-01	1.19e-01	2.28e-02	1.52e-03	7.32e-05	7.44e-06	1.13e-06	0.00e+00	0.00e+00
 1.28459e+23	5.68e-17	1.57e-11	1.95e-07	8.54e-06	1.87e-04	1.03e-03	1.73e-03	5.15e-03	1.35e-01	3.98e-01	3.26e-01	1.11e-01	2.03e-02	1.31e-03	6.06e-05	6.03e-06	8.82e-07	0.00e+00	0.00e+00
 1.29596e+23	6.81e-17	1.82e-11	2.20e-07	9.75e-06	2.14e-04	1.16e-03	1.92e-03	5.72e-03	1.44e-01	4.05e-01	3.18e-01	1.04e-01	1.84e-02	1.14e-03	5.17e-05	5.05e-06	7.17e-07	0.00e+00	0.00e+00
 1.30783e+23	8.57e-17	2.20e-11	2.55e-07	1.15e-05	2.53e-04	1.36e-03	2.19e-03	6.53e-03	1.55e-01	4.14e-01	3.07e-01	9.65e-02	1.61e-02	9.66e-04	4.22e-05	4.02e-06	5.51e-07	0.00e+00	0.00e+00
 1.31990e+23	1.04e-16	2.59e-11	2.90e-07	1.32e-05	2.90e-04	1.55e-03	2.43e-03	7.23e-03	1.64e-01	4.19e-01	2.99e-01	9.05e-02	1.46e-02	8.43e-04	3.58e-05	3.35e-06	4.46e-07	0.00e+00	0.00e+00
 1.33236e+23	1.33e-16	3.18e-11	3.42e-07	1.58e-05	3.44e-04	1.81e-03	2.77e-03	8.24e-03	1.77e-01	4.26e-01	2.87e-01	8.31e-02	1.27e-02	7.06e-04	2.89e-05	2.65e-06	3.39e-07	0.00e+00	0.00e+00
 1.34484e+23	1.62e-16	3.75e-11	3.90e-07	1.81e-05	3.93e-04	2.05e-03	3.05e-03	9.10e-03	1.87e-01	4.31e-01	2.78e-01	7.76e-02	1.14e-02	6.16e-04	2.45e-05	2.20e-06	2.74e-07	0.00e+00	0.00e+00
 1.35734e+23	2.09e-16	4.62e-11	4.61e-07	2.16e-05	4.64e-04	2.39e-03	3.45e-03	1.03e-02	2.00e-01	4.36e-01	2.66e-01	7.10e-02	9.95e-03	5.15e-04	1.98e-05	1.74e-06	2.08e-07	0.00e+00	0.00e+00
 1.36990e+23	2.56e-16	5.49e-11	5.30e-07	2.49e-05	5.30e-04	2.69e-03	3.79e-03	1.13e-02	2.10e-01	4.39e-01	2.57e-01	6.63e-02	8.94e-03	4.49e-04	1.68e-05	1.45e-06	1.69e-07	0.00e+00	0.00e+00
 1.38253e+23	3.33e-16	6.85e-11	6.34e-07	2.98e-05	6.26e-04	3.13e-03	4.26e-03	1.28e-02	2.24e-01	4.41e-01	2.46e-01	6.04e-02	7.77e-03	3.75e-04	1.36e-05	1.14e-06	1.28e-07	0.00e+00	0.00e+00
 1.39530e+23	4.12e-16	8.21e-11	7.35e-07	3.45e-05	7.14e-04	3.51e-03	4.66e-03	1.40e-02	2.34e-01	4.43e-01	2.36e-01	5.62e-02	6.96e-03	3.26e-04	1.15e-05	9.48e-07	0.00e+00	0.00e+00	0.00e+00
 1.40826e+23	5.44e-16	1.04e-10	8.90e-07	4.16e-05	8.45e-04	4.08e-03	5.23e-03	1.57e-02	2.48e-01	4.44e-01	2.25e-01	5.10e-02	6.02e-03	2.72e-04	9.25e-06	7.44e-07	0.00e+00	0.00e+00	0.00e+00
 1.42139e+23	6.82e-16	1.26e-10	1.04e-06	4.85e-05	9.66e-04	4.58e-03	5.71e-03	1.71e-02	2.60e-01	4.44e-01	2.15e-01	4.72e-02	5.36e-03	2.35e-04	7.80e-06	6.16e-07	0.00e+00	0.00e+00	0.00e+00
 1.43475e+23	9.15e-16	1.61e-10	1.28e-06	5.90e-05	1.15e-03	5.32e-03	6.39e-03	1.92e-02	2.74e-01	4.43e-01	2.04e-01	4.26e-02	4.61e-03	1.95e-04	6.24e-06	4.81e-07	0.00e+00	0.00e+00	0.00e+00
 1.44837e+23	1.17e-15	1.98e-10	1.52e-06	6.92e-05	1.32e-03	5.98e-03	6.97e-03	2.09e-02	2.86e-01	4.41e-01	1.94e-01	3.93e-02	4.09e-03	1.68e-04	5.22e-06	3.95e-07	0.00e+00	0.00e+00	0.00e+00
 1.46232e+23	1.60e-15	2.60e-10	1.90e-06	8.50e-05	1.57e-03	6.95e-03	7.79e-03	2.34e-02	3.01e-01	4.38e-01	1.83e-01	3.52e-02	3.49e-03	1.38e-04	4.14e-06	3.06e-07	0.00e+00	0.00e+00	0.00e+00
 1.47660e+23	2.07e-15	3.25e-10	2.29e-06	1.01e-04	1.81e-03	7.84e-03	8.51e-03	2.55e-02	3.12e-01	4.35e-01	1.73e-01	3.23e-02	3.07e-03	1.18e-04	3.44e-06	2.49e-07	0.00e+00	0.00e+00	0.00e+00
 1.49130e+23	2.91e-15	4.35e-10	2.92e-06	1.26e-04	2.18e-03	9.14e-03	9.50e-03	2.84e-02	3.28e-01	4.30e-01	1.62e-01	2.87e-02	2.60e-03	9.59e-05	2.70e-06	1.90e-07	0.00e+00	0.00e+00	0.00e+00
 1.50628e+23	3.83e-15	5.52e-10	3.57e-06	1.50e-04	2.53e-03	1.03e-02	1.04e-02	3.08e-02	3.39e-01	4.25e-01	1.53e-01	2.61e-02	2.28e-03	8.17e-05	2.23e-06	1.54e-07	0.00e+00	0.00e+00	0.00e+00
 1.51891e+23	4.92e-15	6.84e-10	4.28e-06	1.76e-04	2.88e-03	1.15e-02	1.12e-02	3.32e-02	3.50e-01	4.20e-01	1.45e-01	2.40e-02	2.01e-03	7.04e-05	1.87e-06	1.27e-07	0.00e+00	0.00e+00	0.00e+00
 1.53265e+23	6.79e-15	9.04e-10	5.41e-06	2.16e-04	3.41e-03	1.32e-02	1.23e-02	3.65e-02	3.63e-01	4.12e-01	1.36e-01	2.14e-02	1.72e-03	5.82e-05	1.50e-06	0.00e+00	0.00e+00	0.00e+00	0.00e+00
 1.54597e+23	8.59e-15	1.11e-09	6.43e-06	2.51e-04	3.85e-03	1.45e-02	1.32e-02	3.89e-02	3.72e-01	4.07e-01	1.29e-01	1.98e-02	1.54e-03	5.08e-05	1.27e-06	0.00e+00	0.00e+00	0.00e+00	0.00e+00
 1.55874e+23	1.17e-14	1.44e-09	8.02e-06	3.04e-04	4.49e-03	1.65e-02	1.44e-02	4.22e-02	3.84e-01	3.99e-01	1.21e-01	1.78e-02	1.32e-03	4.24e-05	1.03e-06	0.00e+00	0.00e+00	0.00e+00	0.00e+00
 1.57165e+23	1.48e-14	1.78e-09	9.58e-06	3.54e-04	5.08e-03	1.81e-02	1.54e-02	4.48e-02	3.92e-01	3.92e-01	1.14e-01	1.64e-02	1.18e-03	3.70e-05	8.77e-07	0.00e+00	0.00e+00	0.00e+00	0.00e+00
 1.58474e+23	2.03e-14	2.33e-09	1.20e-05	4.31e-04	5.94e-03	2.05e-02	1.67e-02	4.85e-02	4.03e-01	3.83e-01	1.07e-01	1.46e-02	1.01e-03	3.08e-05	7.07e-07	0.00e+00	0.00e+00	0.00e+00	0.00e+00
 1.59803e+23	2.61e-14	2.90e-09	1.45e-05	5.03e-04	6.72e-03	2.26e-02	1.79e-02	5.15e-02	4.11e-01	3.75e-01	1.01e-01	1.34e-02	8.97e-04	2.67e-05	5.98e-07	0.00e+00	0.00e+00	0.00e+00	0.00e+00
 1.61158e+23	3.61e-14	3.85e-09	1.84e-05	6.16e-04	7.89e-03	2.56e-02	1.94e-02	5.56e-02	4.20e-01	3.65e-01	9.32e-02	1.19e-02	7.64e-04	2.21e-05	4.79e-07	0.00e+00	0.00e+00	0.00e+00	0.00e+00
 1.62533e+23	4.68e-14	4.82e-09	2.23e-05	7.23e-04	8.95e-03	2.82e-02	2.07e-02	5.87e-02	4.27e-01	3.56e-01	8.77e-02	1.09e-02	6.75e-04	1.91e-05	4.03e-07	0.00e+00	0.00e+00	0.00e+00	0.00e+00
 1.63935e+23	6.55e-14	6.46e-09	2.85e-05	8.89e-04	1.05e-02	3.20e-02	2.25e-02	6.33e-02	4.36e-01	3.44e-01	8.07e-02	9.58e-03	5.70e-04	1.56e-05	3.19e-07	0.00e+00	0.00e+00	0.00e+00	0.00e+00
 1.65358e+23	8.56e-14	8.14e-09	3.47e-05	1.05e-03	1.20e-02	3.52e-02	2.40e-02	6.68e-02	4.41e-01	3.35e-01	7.56e-02	8.69e-03	5.00e-04	1.34e-05	2.67e-07	0.00e+00	0.00e+00	0.00e+00	0.00e+00
 1.66810e+23	1.21e-13	1.10e-08	4.48e-05	1.29e-03	1.41e-02	3.99e-02	2.60e-02	7.17e-02	4.48e-01	3.22e-01	6.91e-02	7.62e-03	4.20e-04	1.09e-05	2.10e-07	0.00e+00	0.00e+00	0.00e+00	0.00e+00
 1.68300e+23	1.61e-13	1.41e-08	5.52e-05	1.54e-03	1.61e-02	4.41e-02	2.77e-02	7.56e-02	4.52e-01	3.11e-01	6.42e-02	6.84e-03	3.64e-04	9.27e-06	1.73e-07	0.00e+00	0.00e+00	0.00e+00	0.00e+00
 1.69840e+23	2.31e-13	1.93e-08	7.21e-05	1.91e-03	1.90e-02	5.00e-02	3.00e-02	8.08e-02	4.57e-01	2.97e-01	5.82e-02	5.93e-03	3.02e-04	7.46e-06	1.34e-07	0.00e+00	0.00e+00	0.00e+00	0.00e+00
 1.71419e+23	3.11e-13	2.49e-08	8.95e-05	2.28e-03	2.18e-02	5.52e-02	3.20e-02	8.50e-02	4.59e-01	2.85e-01	5.36e-02	5.28e-03	2.59e-04	6.25e-06	0.00e+00	0.00e+00	0.00e+00	0.00e+00	0.00e+00
 1.73050e+23	4.55e-13	3.47e-08	1.18e-04	2.87e-03	2.59e-02	6.26e-02	3.46e-02	9.05e-02	4.61e-01	2.70e-01	4.80e-02	4.52e-03	2.12e-04	4.95e-06	0.00e+00	0.00e+00	0.00e+00	0.00e+00	0.00e+00
 1.74695e+23	6.11e-13	4.48e-08	1.47e-04	3.41e-03	2.96e-02	6.89e-02	3.67e-02	9.46e-02	4.60e-01	2.58e-01	4.40e-02	4.00e-03	1.81e-04	4.13e-06	0.00e+00	0.00e+00	0.00e+00	0.00e+00	0.00e+00
 1.76360e+23	8.98e-13	6.25e-08	1.94e-04	4.28e-03	3.51e-02	7.78e-02	3.95e-02	1.00e-01	4.59e-01	2.42e-01	3.91e-02	3.39e-03	1.46e-04	3.24e-06	0.00e+00	0.00e+00	0.00e+00	0.00e+00	0.00e+00
 1.78043e+23	1.21e-12	8.07e-08	2.41e-04	5.09e-03	4.00e-02	8.53e-02	4.17e-02	1.04e-01	4.55e-01	2.30e-01	3.55e-02	2.98e-03	1.24e-04	2.68e-06	0.00e+00	0.00e+00	0.00e+00	0.00e+00	0.00e+00
 1.79750e+23	1.78e-12	1.13e-07	3.19e-04	6.35e-03	4.71e-02	9.57e-02	4.45e-02	1.09e-01	4.50e-01	2.13e-01	3.12e-02	2.50e-03	9.91e-05	2.09e-06	0.00e+00	0.00e+00	0.00e+00	0.00e+00	0.00e+00
 1.81488e+23	2.40e-12	1.46e-07	3.96e-04	7.55e-03	5.36e-02	1.04e-01	4.68e-02	1.13e-01	4.43e-01	2.01e-01	2.81e-02	2.17e-03	8.31e-05	1.71e-06	0.00e+00	0.00e+00	0.00e+00	0.00e+00	0.00e+00
 1.83028e+23	3.24e-12	1.89e-07	4.91e-04	8.95e-03	6.06e-02	1.14e-01	4.89e-02	1.16e-01	4.36e-01	1.88e-01	2.53e-02	1.88e-03	6.93e-05	1.39e-06	0.00e+00	0.00e+00	0.00e+00	0.00e+00	0.00e+00
 1.84788e+23	4.73e-12	2.61e-07	6.43e-04	1.11e-02	7.07e-02	1.26e-01	5.16e-02	1.20e-01	4.24e-01	1.72e-01	2.19e-02	1.55e-03	5.48e-05	1.07e-06	0.00e+00	0.00e+00	0.00e+00	0.00e+00	0.00e+00
 1.86584e+23	6.43e-12	3.40e-07	8.00e-04	1.31e-02	7.99e-02	1.36e-01	5.37e-02	1.23e-01	4.13e-01	1.59e-01	1.94e-02	1.32e-03	4.50e-05	8.56e-07	0.00e+00	0.00e+00	0.00e+00	0.00e+00	0.00e+00
 1.88038e+23	8.30e-12	4.22e-07	9.58e-04	1.51e-02	8.83e-02	1.45e-01	5.54e-02	1.25e-01	4.02e-01	1.49e-01	1.74e-02	1.15e-03	3.80e-05	7.10e-07	0.00e+00	0.00e+00	0.00e+00	0.00e+00	0.00e+00
 1.89545e+23	1.12e-11	5.44e-07	1.18e-03	1.77e-02	9.88e-02	1.56e-01	5.72e-02	1.27e-01	3.89e-01	1.37e-01	1.54e-02	9.80e-04	3.11e-05	5.68e-07	0.00e+00	0.00e+00	0.00e+00	0.00e+00	0.00e+00
 1.91131e+23	1.46e-11	6.81e-07	1.42e-03	2.04e-02	1.09e-01	1.65e-01	5.87e-02	1.28e-01	3.76e-01	1.27e-01	1.36e-02	8.41e-04	2.58e-05	4.62e-07	0.00e+00	0.00e+00	0.00e+00	0.00e+00	0.00e+00
 1.92588e+23	1.88e-11	8.47e-07	1.70e-03	2.34e-02	1.20e-01	1.75e-01	6.00e-02	1.29e-01	3.62e-01	1.17e-01	1.21e-02	7.23e-04	2.15e-05	3.77e-07	0.00e+00	0.00e+00	0.00e+00	0.00e+00	0.00e+00
 1.94248e+23	2.58e-11	1.11e-06	2.11e-03	2.76e-02	1.34e-01	1.86e-01	6.14e-02	1.29e-01	3.43e-01	1.05e-01	1.04e-02	5.94e-04	1.70e-05	2.90e-07	0.00e+00	0.00e+00	0.00e+00	0.00e+00	0.00e+00
 1.95955e+23	3.41e-11	1.40e-06	2.55e-03	3.18e-02	1.47e-01	1.96e-01	6.23e-02	1.29e-01	3.26e-01	9.51e-02	8.97e-03	4.97e-04	1.37e-05	2.29e-07	0.00e+00	0.00e+00	0.00e+00	0.00e+00	0.00e+00
 1.97456e+23	4.37e-11	1.72e-06	3.02e-03	3.60e-02	1.60e-01	2.05e-01	6.29e-02	1.28e-01	3.11e-01	8.66e-02	7.85e-03	4.21e-04	1.13e-05	1.84e-07	0.00e+00	0.00e+00	0.00e+00	0.00e+00	0.00e+00
 1.99142e+23	5.91e-11	2.22e-06	3.70e-03	4.18e-02	1.76e-01	2.15e-01	6.34e-02	1.26e-01	2.90e-01	7.67e-02	6.62e-03	3.41e-04	8.77e-06	1.40e-07	0.00e+00	0.00e+00	0.00e+00	0.00e+00	0.00e+00
 2.00904e+23	7.77e-11	2.79e-06	4.45e-03	4.77e-02	1.91e-01	2.24e-01	6.35e-02	1.24e-01	2.71e-01	6.82e-02	5.63e-03	2.80e-04	6.93e-06	0.00e+00	0.00e+00	0.00e+00	0.00e+00	0.00e+00	0.00e+00
 2.02493e+23	9.94e-11	3.42e-06	5.23e-03	5.36e-02	2.05e-01	2.31e-01	6.34e-02	1.21e-01	2.54e-01	6.10e-02	4.84e-03	2.32e-04	5.58e-06	0.00e+00	0.00e+00	0.00e+00	0.00e+00	0.00e+00	0.00e+00
 2.04287e+23	1.35e-10	4.40e-06	6.38e-03	6.17e-02	2.23e-01	2.39e-01	6.28e-02	1.18e-01	2.33e-01	5.27e-02	3.97e-03	1.83e-04	4.22e-06	0.00e+00	0.00e+00	0.00e+00	0.00e+00	0.00e+00	0.00e+00
 2.06142e+23	1.76e-10	5.48e-06	7.58e-03	6.95e-02	2.39e-01	2.45e-01	6.20e-02	1.14e-01	2.14e-01	4.60e-02	3.31e-03	1.47e-04	3.27e-06	0.00e+00	0.00e+00	0.00e+00	0.00e+00	0.00e+00	0.00e+00
 2.07798e+23	2.24e-10	6.70e-06	8.85e-03	7.74e-02	2.54e-01	2.49e-01	6.10e-02	1.10e-01	1.97e-01	4.03e-02	2.79e-03	1.20e-04	2.57e-06	0.00e+00	0.00e+00	0.00e+00	0.00e+00	0.00e+00	0.00e+00
 2.09672e+23	3.04e-10	8.58e-06	1.07e-02	8.81e-02	2.72e-01	2.53e-01	5.94e-02	1.04e-01	1.76e-01	3.39e-02	2.22e-03	9.14e-05	1.88e-06	0.00e+00	0.00e+00	0.00e+00	0.00e+00	0.00e+00	0.00e+00
 2.11608e+23	3.92e-10	1.06e-05	1.26e-02	9.79e-02	2.87e-01	2.55e-01	5.77e-02	9.93e-02	1.59e-01	2.91e-02	1.82e-03	7.22e-05	1.43e-06	0.00e+00	0.00e+00	0.00e+00	0.00e+00	0.00e+00	0.00e+00
 2.13626e+23	5.36e-10	1.36e-05	1.52e-02	1.11e-01	3.05e-01	2.56e-01	5.54e-02	9.27e-02	1.40e-01	2.39e-02	1.41e-03	5.35e-05	1.01e-06	0.00e+00	0.00e+00	0.00e+00	0.00e+00	0.00e+00	0.00e+00
 2.15679e+23	6.90e-10	1.66e-05	1.77e-02	1.22e-01	3.19e-01	2.55e-01	5.33e-02	8.71e-02	1.24e-01	2.01e-02	1.14e-03	4.15e-05	7.57e-07	0.00e+00	0.00e+00	0.00e+00	0.00e+00	0.00e+00	0.00e+00
 2.17494e+23	8.78e-10	2.02e-05	2.05e-02	1.34e-01	3.31e-01	2.53e-01	5.11e-02	8.17e-02	1.11e-01	1.70e-02	9.18e-04	3.23e-05	5.69e-07	0.00e+00	0.00e+00	0.00e+00	0.00e+00	0.00e+00	0.00e+00
 2.19570e+23	1.18e-09	2.56e-05	2.44e-02	1.49e-01	3.45e-01	2.49e-01	4.81e-02	7.48e-02	9.50e-02	1.36e-02	6.95e-04	2.34e-05	3.93e-07	0.00e+00	0.00e+00	0.00e+00	0.00e+00	0.00e+00	0.00e+00
 2.21679e+23	1.52e-09	3.11e-05	2.82e-02	1.62e-01	3.55e-01	2.45e-01	4.55e-02	6.92e-02	8.31e-02	1.13e-02	5.48e-04	1.77e-05	2.87e-07	0.00e+00	0.00e+00	0.00e+00	0.00e+00	0.00e+00	0.00e+00
 2.23549e+23	1.91e-09	3.73e-05	3.21e-02	1.75e-01	3.63e-01	2.40e-01	4.31e-02	6.39e-02	7.30e-02	9.38e-03	4.35e-04	1.36e-05	2.12e-07	0.00e+00	0.00e+00	0.00e+00	0.00e+00	0.00e+00	0.00e+00
 2.25696e+23	2.56e-09	4.69e-05	3.79e-02	1.92e-01	3.72e-01	2.31e-01	3.98e-02	5.73e-02	6.12e-02	7.33e-03	3.21e-04	9.57e-06	1.42e-07	0.00e+00	0.00e+00	0.00e+00	0.00e+00	0.00e+00	0.00e+00
 2.27869e+23	3.23e-09	5.63e-05	4.31e-02	2.07e-01	3.78e-01	2.24e-01	3.72e-02	5.23e-02	5.28e-02	5.97e-03	2.50e-04	7.17e-06	0.00e+00	0.00e+00	0.00e+00	0.00e+00	0.00e+00	0.00e+00	0.00e+00
 2.30077e+23	4.30e-09	7.01e-05	5.03e-02	2.24e-01	3.82e-01	2.14e-01	3.41e-02	4.64e-02	4.38e-02	4.62e-03	1.82e-04	5.00e-06	0.00e+00	0.00e+00	0.00e+00	0.00e+00	0.00e+00	0.00e+00	0.00e+00
 2.32331e+23	5.43e-09	8.39e-05	5.70e-02	2.39e-01	3.85e-01	2.05e-01	3.15e-02	4.18e-02	3.73e-02	3.70e-03	1.39e-04	3.67e-06	0.00e+00	0.00e+00	0.00e+00	0.00e+00	0.00e+00	0.00e+00	0.00e+00
 2.34338e+23	6.81e-09	9.97e-05	6.42e-02	2.53e-01	3.85e-01	1.96e-01	2.91e-02	3.76e-02	3.17e-02	2.97e-03	1.06e-04	2.70e-06	0.00e+00	0.00e+00	0.00e+00	0.00e+00	0.00e+00	0.00e+00	0.00e+00
 2.36639e+23	9.03e-09	1.23e-04	7.41e-02	2.71e-01	3.83e-01	1.84e-01	2.62e-02	3.27e-02	2.58e-02	2.24e-03	7.56e-05	1.83e-06	0.00e+00	0.00e+00	0.00e+00	0.00e+00	0.00e+00	0.00e+00	0.00e+00
 2.38978e+23	1.13e-08	1.46e-04	8.31e-02	2.86e-01	3.81e-01	1.74e-01	2.40e-02	2.91e-02	2.16e-02	1.77e-03	5.69e-05	1.33e-06	0.00e+00	0.00e+00	0.00e+00	0.00e+00	0.00e+00	0.00e+00	0.00e+00
 2.41368e+23	1.50e-08	1.81e-04	9.56e-02	3.04e-01	3.75e-01	1.61e-01	2.13e-02	2.49e-02	1.73e-02	1.30e-03	3.95e-05	8.75e-07	0.00e+00	0.00e+00	0.00e+00	0.00e+00	0.00e+00	0.00e+00	0.00e+00
 2.43704e+23	1.84e-08	2.11e-04	1.06e-01	3.16e-01	3.69e-01	1.52e-01	1.95e-02	2.22e-02	1.46e-02	1.04e-03	3.01e-05	6.44e-07	0.00e+00	0.00e+00	0.00e+00	0.00e+00	0.00e+00	0.00e+00	0.00e+00
 2.45969e+23	2.39e-08	2.55e-04	1.19e-01	3.32e-01	3.60e-01	1.40e-01	1.73e-02	1.91e-02	1.17e-02	7.71e-04	2.11e-05	4.32e-07	0.00e+00	0.00e+00	0.00e+00	0.00e+00	0.00e+00	0.00e+00	0.00e+00
 2.48161e+23	2.86e-08	2.91e-04	1.30e-01	3.42e-01	3.53e-01	1.32e-01	1.59e-02	1.70e-02	9.96e-03	6.24e-04	1.65e-05	3.25e-07	0.00e+00	0.00e+00	0.00e+00	0.00e+00	0.00e+00	0.00e+00	0.00e+00
 2.50260e+23	3.61e-08	3.45e-04	1.44e-01	3.54e-01	3.42e-01	1.22e-01	1.41e-02	1.47e-02	8.07e-03	4.72e-04	1.18e-05	2.24e-07	0.00e+00	0.00e+00	0.00e+00	0.00e+00	0.00e+00	0.00e+00	0.00e+00
 2.52386e+23	4.31e-08	3.93e-04	1.56e-01	3.64e-01	3.33e-01	1.14e-01	1.29e-02	1.31e-02	6.83e-03	3.78e-04	9.11e-06	1.67e-07	0.00e+00	0.00e+00	0.00e+00	0.00e+00	0.00e+00	0.00e+00	0.00e+00
 2.54549e+23	5.41e-08	4.62e-04	1.72e-01	3.74e-01	3.20e-01	1.04e-01	1.14e-02	1.12e-02	5.50e-03	2.84e-04	6.51e-06	0.00e+00	0.00e+00	0.00e+00	0.00e+00	0.00e+00	0.00e+00	0.00e+00	0.00e+00
 2.56738e+23	6.48e-08	5.26e-04	1.86e-01	3.82e-01	3.10e-01	9.69e-02	1.03e-02	9.85e-03	4.60e-03	2.24e-04	4.94e-06	0.00e+00	0.00e+00	0.00e+00	0.00e+00	0.00e+00	0.00e+00	0.00e+00	0.00e+00
 2.58670e+23	7.72e-08	5.95e-04	2.00e-01	3.88e-01	2.99e-01	9.00e-02	9.35e-03	8.67e-03	3.86e-03	1.78e-04	3.77e-06	0.00e+00	0.00e+00	0.00e+00	0.00e+00	0.00e+00	0.00e+00	0.00e+00	0.00e+00
 2.60891e+23	9.62e-08	6.95e-04	2.19e-01	3.95e-01	2.84e-01	8.17e-02	8.21e-03	7.36e-03	3.08e-03	1.32e-04	2.67e-06	0.00e+00	0.00e+00	0.00e+00	0.00e+00	0.00e+00	0.00e+00	0.00e+00	0.00e+00
 2.63140e+23	1.15e-07	7.88e-04	2.35e-01	4.00e-01	2.72e-01	7.52e-02	7.36e-03	6.42e-03	2.55e-03	1.03e-04	2.00e-06	0.00e+00	0.00e+00	0.00e+00	0.00e+00	0.00e+00	0.00e+00	0.00e+00	0.00e+00
 2.65128e+23	1.36e-07	8.85e-04	2.51e-01	4.04e-01	2.61e-01	6.94e-02	6.63e-03	5.61e-03	2.13e-03	8.13e-05	1.52e-06	0.00e+00	0.00e+00	0.00e+00	0.00e+00	0.00e+00	0.00e+00	0.00e+00	0.00e+00
 2.67415e+23	1.69e-07	1.03e-03	2.72e-01	4.07e-01	2.45e-01	6.24e-02	5.77e-03	4.71e-03	1.68e-03	5.96e-05	1.06e-06	0.00e+00	0.00e+00	0.00e+00	0.00e+00	0.00e+00	0.00e+00	0.00e+00	0.00e+00
 2.69530e+23	1.95e-07	1.13e-03	2.87e-01	4.08e-01	2.35e-01	5.80e-02	5.25e-03	4.18e-03	1.43e-03	4.83e-05	8.32e-07	0.00e+00	0.00e+00	0.00e+00	0.00e+00	0.00e+00	0.00e+00	0.00e+00	0.00e+00
 2.71423e+23	2.30e-07	1.27e-03	3.05e-01	4.09e-01	2.23e-01	5.30e-02	4.68e-03	3.62e-03	1.18e-03	3.75e-05	6.23e-07	0.00e+00	0.00e+00	0.00e+00	0.00e+00	0.00e+00	0.00e+00	0.00e+00	0.00e+00
 2.73368e+23	2.66e-07	1.40e-03	3.20e-01	4.08e-01	2.12e-01	4.90e-02	4.23e-03	3.20e-03	9.95e-04	3.01e-05	4.84e-07	0.00e+00	0.00e+00	0.00e+00	0.00e+00	0.00e+00	0.00e+00	0.00e+00	0.00e+00
 2.75101e+23	3.04e-07	1.53e-03	3.35e-01	4.08e-01	2.03e-01	4.55e-02	3.85e-03	2.84e-03	8.49e-04	2.45e-05	3.81e-07	0.00e+00	0.00e+00	0.00e+00	0.00e+00	0.00e+00	0.00e+00	0.00e+00	0.00e+00
 2.77073e+23	3.60e-07	1.71e-03	3.55e-01	4.05e-01	1.90e-01	4.13e-02	3.41e-03	2.44e-03	6.93e-04	1.88e-05	2.82e-07	0.00e+00	0.00e+00	0.00e+00	0.00e+00	0.00e+00	0.00e+00	0.00e+00	0.00e+00
 2.79079e+23	4.14e-07	1.88e-03	3.71e-01	4.03e-01	1.80e-01	3.80e-02	3.07e-03	2.14e-03	5.84e-04	1.50e-05	2.19e-07	0.00e+00	0.00e+00	0.00e+00	0.00e+00	0.00e+00	0.00e+00	0.00e+00	0.00e+00
 2.80845e+23	4.73e-07	2.05e-03	3.87e-01	3.99e-01	1.71e-01	3.51e-02	2.78e-03	1.89e-03	4.94e-04	1.21e-05	1.71e-07	0.00e+00	0.00e+00	0.00e+00	0.00e+00	0.00e+00	0.00e+00	0.00e+00	0.00e+00
 2.82858e+23	5.58e-07	2.29e-03	4.08e-01	3.94e-01	1.60e-01	3.17e-02	2.45e-03	1.61e-03	4.02e-04	9.24e-06	1.26e-07	0.00e+00	0.00e+00	0.00e+00	0.00e+00	0.00e+00	0.00e+00	0.00e+00	0.00e+00
 2.84901e+23	6.41e-07	2.50e-03	4.25e-01	3.89e-01	1.51e-01	2.90e-02	2.19e-03	1.41e-03	3.37e-04	7.35e-06	0.00e+00	0.00e+00	0.00e+00	0.00e+00	0.00e+00	0.00e+00	0.00e+00	0.00e+00	0.00e+00
 2.86696e+23	7.31e-07	2.73e-03	4.41e-01	3.84e-01	1.42e-01	2.67e-02	1.98e-03	1.24e-03	2.84e-04	5.90e-06	0.00e+00	0.00e+00	0.00e+00	0.00e+00	0.00e+00	0.00e+00	0.00e+00	0.00e+00	0.00e+00
 2.88744e+23	8.59e-07	3.03e-03	4.62e-01	3.76e-01	1.32e-01	2.40e-02	1.73e-03	1.06e-03	2.30e-04	4.48e-06	0.00e+00	0.00e+00	0.00e+00	0.00e+00	0.00e+00	0.00e+00	0.00e+00	0.00e+00	0.00e+00
 2.90829e+23	9.84e-07	3.30e-03	4.80e-01	3.69e-01	1.23e-01	2.19e-02	1.55e-03	9.23e-04	1.92e-04	3.55e-06	0.00e+00	0.00e+00	0.00e+00	0.00e+00	0.00e+00	0.00e+00	0.00e+00	0.00e+00	0.00e+00
 2.92675e+23	1.12e-06	3.58e-03	4.97e-01	3.62e-01	1.16e-01	2.00e-02	1.39e-03	8.08e-04	1.61e-04	2.83e-06	0.00e+00	0.00e+00	0.00e+00	0.00e+00	0.00e+00	0.00e+00	0.00e+00	0.00e+00	0.00e+00
 2.94785e+23	1.32e-06	3.97e-03	5.18e-01	3.52e-01	1.07e-01	1.79e-02	1.21e-03	6.84e-04	1.30e-04	2.13e-06	0.00e+00	0.00e+00	0.00e+00	0.00e+00	0.00e+00	0.00e+00	0.00e+00	0.00e+00	0.00e+00
 2.96935e+23	1.51e-06	4.32e-03	5.36e-01	3.43e-01	9.93e-02	1.62e-02	1.08e-03	5.94e-04	1.08e-04	1.68e-06	0.00e+00	0.00e+00	0.00e+00	0.00e+00	0.00e+00	0.00e+00	0.00e+00	0.00e+00	0.00e+00
 2.98841e+23	1.72e-06	4.68e-03	5.53e-01	3.34e-01	9.25e-02	1.48e-02	9.61e-04	5.18e-04	8.99e-05	1.33e-06	0.00e+00	0.00e+00	0.00e+00	0.00e+00	0.00e+00	0.00e+00	0.00e+00	0.00e+00	0.00e+00
 3.01024e+23	2.02e-06	5.17e-03	5.74e-01	3.22e-01	8.46e-02	1.31e-02	8.32e-04	4.36e-04	7.17e-05	9.92e-07	0.00e+00	0.00e+00	0.00e+00	0.00e+00	0.00e+00	0.00e+00	0.00e+00	0.00e+00	0.00e+00
 3.03252e+23	2.32e-06	5.63e-03	5.92e-01	3.11e-01	7.82e-02	1.18e-02	7.35e-04	3.76e-04	5.90e-05	7.72e-07	0.00e+00	0.00e+00	0.00e+00	0.00e+00	0.00e+00	0.00e+00	0.00e+00	0.00e+00	0.00e+00
 3.05229e+23	2.65e-06	6.11e-03	6.10e-01	2.99e-01	7.23e-02	1.07e-02	6.51e-04	3.27e-04	4.89e-05	6.06e-07	0.00e+00	0.00e+00	0.00e+00	0.00e+00	0.00e+00	0.00e+00	0.00e+00	0.00e+00	0.00e+00
 3.07390e+23	3.09e-06	6.72e-03	6.32e-01	2.85e-01	6.59e-02	9.46e-03	5.64e-04	2.76e-04	3.92e-05	4.56e-07	0.00e+00	0.00e+00	0.00e+00	0.00e+00	0.00e+00	0.00e+00	0.00e+00	0.00e+00	0.00e+00
