#depth	S	S+	S+2	S+3	S+4	S+5	S+6	S+7	S+8	S+9	S+10	S+11	S+12	S+13	S+14	S+15	S+16
 1.54284e+22	2.57e-32	2.13e-25	2.61e-21	3.25e-18	1.96e-15	7.59e-13	9.23e-10	1.19e-07	5.67e-06	1.03e-04	1.16e-03	6.20e-03	1.88e-02	6.06e-02	4.17e-01	3.84e-01	1.12e-01
 3.53842e+22	6.54e-34	2.30e-23	1.81e-19	1.40e-16	5.16e-14	1.18e-11	1.41e-08	1.54e-06	5.86e-05	7.77e-04	6.47e-03	2.41e-02	4.80e-02	9.99e-02	4.73e-01	2.91e-01	5.71e-02
 4.21755e+22	1.25e-32	3.03e-22	1.80e-18	1.01e-15	2.68e-13	4.39e-11	5.78e-08	6.03e-06	2.05e-04	2.27e-03	1.59e-02	4.84e-02	7.59e-02	1.23e-01	4.70e-01	2.29e-01	3.58e-02
 4.55711e+22	5.85e-32	1.18e-21	5.94e-18	2.78e-15	6.08e-13	8.31e-11	1.18e-07	1.21e-05	3.90e-04	3.89e-03	2.48e-02	6.81e-02	9.41e-02	1.33e-01	4.54e-01	1.95e-01	2.69e-02
 4.69859e+22	8.68e-32	1.67e-21	8.07e-18	3.60e-15	7.49e-13	9.74e-11	1.41e-07	1.44e-05	4.58e-04	4.45e-03	2.77e-02	7.40e-02	9.90e-02	1.35e-01	4.48e-01	1.86e-01	2.49e-02
 4.75075e+22	1.21e-31	2.24e-21	1.04e-17	4.46e-15	8.89e-13	1.11e-10	1.63e-07	1.67e-05	5.24e-04	4.98e-03	3.04e-02	7.93e-02	1.03e-01	1.36e-01	4.43e-01	1.79e-01	2.33e-02
 4.80564e+22	1.84e-31	3.22e-21	1.44e-17	5.83e-15	1.10e-12	1.30e-10	1.96e-07	2.00e-05	6.19e-04	5.72e-03	3.40e-02	8.63e-02	1.09e-01	1.38e-01	4.35e-01	1.70e-01	2.13e-02
 4.86198e+22	2.60e-31	4.37e-21	1.87e-17	7.27e-15	1.31e-12	1.49e-10	2.28e-07	2.33e-05	7.09e-04	6.40e-03	3.73e-02	9.24e-02	1.13e-01	1.39e-01	4.28e-01	1.62e-01	1.98e-02
 4.91960e+22	4.03e-31	6.43e-21	2.63e-17	9.63e-15	1.64e-12	1.76e-10	2.76e-07	2.81e-05	8.42e-04	7.38e-03	4.18e-02	1.01e-01	1.19e-01	1.41e-01	4.19e-01	1.53e-01	1.80e-02
 4.97512e+22	5.50e-31	8.43e-21	3.33e-17	1.17e-14	1.91e-12	1.98e-10	3.15e-07	3.20e-05	9.49e-04	8.14e-03	4.53e-02	1.07e-01	1.23e-01	1.42e-01	4.12e-01	1.46e-01	1.68e-02
 5.02855e+22	8.30e-31	1.21e-20	4.57e-17	1.52e-14	2.35e-12	2.30e-10	3.74e-07	3.80e-05	1.11e-03	9.25e-03	5.01e-02	1.15e-01	1.28e-01	1.42e-01	4.01e-01	1.38e-01	1.52e-02
 5.08252e+22	1.13e-30	1.58e-20	5.77e-17	1.85e-14	2.74e-12	2.59e-10	4.26e-07	4.31e-05	1.24e-03	1.02e-02	5.40e-02	1.21e-01	1.32e-01	1.43e-01	3.93e-01	1.31e-01	1.42e-02
 5.13719e+22	1.69e-30	2.26e-20	7.88e-17	2.39e-14	3.35e-12	3.01e-10	5.03e-07	5.09e-05	1.45e-03	1.15e-02	5.95e-02	1.30e-01	1.37e-01	1.43e-01	3.82e-01	1.23e-01	1.28e-02
 5.19316e+22	2.33e-30	3.00e-20	1.01e-16	2.93e-14	3.94e-12	3.40e-10	5.74e-07	5.79e-05	1.63e-03	1.26e-02	6.40e-02	1.37e-01	1.41e-01	1.43e-01	3.73e-01	1.17e-01	1.18e-02
 5.25083e+22	3.56e-30	4.33e-20	1.39e-16	3.82e-14	4.84e-12	3.97e-10	6.78e-07	6.84e-05	1.89e-03	1.42e-02	7.04e-02	1.47e-01	1.45e-01	1.42e-01	3.60e-01	1.09e-01	1.06e-02
 5.30940e+22	4.89e-30	5.73e-20	1.77e-16	4.68e-14	5.68e-12	4.48e-10	7.71e-07	7.75e-05	2.11e-03	1.56e-02	7.54e-02	1.54e-01	1.49e-01	1.42e-01	3.50e-01	1.03e-01	9.75e-03
 5.36917e+22	7.43e-30	8.26e-20	2.44e-16	6.10e-14	6.99e-12	5.23e-10	9.06e-07	9.10e-05	2.44e-03	1.75e-02	8.24e-02	1.64e-01	1.53e-01	1.40e-01	3.37e-01	9.51e-02	8.70e-03
 5.43055e+22	1.03e-29	1.10e-19	3.13e-16	7.52e-14	8.25e-12	5.93e-10	1.03e-06	1.03e-04	2.73e-03	1.91e-02	8.81e-02	1.71e-01	1.56e-01	1.39e-01	3.26e-01	8.94e-02	7.94e-03
 5.49404e+22	1.58e-29	1.59e-19	4.33e-16	9.83e-14	1.02e-11	6.95e-10	1.21e-06	1.21e-04	3.14e-03	2.13e-02	9.58e-02	1.81e-01	1.60e-01	1.38e-01	3.12e-01	8.23e-02	7.04e-03
 5.55867e+22	2.20e-29	2.13e-19	5.58e-16	1.21e-13	1.20e-11	7.90e-10	1.37e-06	1.36e-04	3.50e-03	2.32e-02	1.02e-01	1.89e-01	1.63e-01	1.36e-01	3.00e-01	7.70e-02	6.39e-03
 5.62479e+22	3.36e-29	3.09e-19	7.72e-16	1.59e-13	1.49e-11	9.28e-10	1.60e-06	1.59e-04	4.01e-03	2.58e-02	1.10e-01	1.99e-01	1.66e-01	1.33e-01	2.86e-01	7.04e-02	5.63e-03
 5.69138e+22	4.64e-29	4.10e-19	9.89e-16	1.95e-13	1.76e-11	1.05e-09	1.81e-06	1.79e-04	4.44e-03	2.79e-02	1.17e-01	2.06e-01	1.68e-01	1.31e-01	2.75e-01	6.57e-02	5.10e-03
 5.75857e+22	7.01e-29	5.87e-19	1.36e-15	2.54e-13	2.16e-11	1.23e-09	2.09e-06	2.06e-04	5.05e-03	3.08e-02	1.25e-01	2.16e-01	1.70e-01	1.28e-01	2.60e-01	6.00e-02	4.48e-03
 5.82738e+22	9.71e-29	7.80e-19	1.74e-15	3.13e-13	2.56e-11	1.40e-09	2.36e-06	2.31e-04	5.58e-03	3.33e-02	1.32e-01	2.23e-01	1.71e-01	1.26e-01	2.49e-01	5.57e-02	4.04e-03
 5.88705e+22	1.31e-28	1.01e-18	2.19e-15	3.79e-13	2.98e-11	1.58e-09	2.62e-06	2.56e-04	6.10e-03	3.56e-02	1.39e-01	2.29e-01	1.72e-01	1.24e-01	2.39e-01	5.19e-02	3.66e-03
 5.95335e+22	1.92e-28	1.41e-18	2.93e-15	4.85e-13	3.62e-11	1.84e-09	3.00e-06	2.92e-04	6.83e-03	3.88e-02	1.47e-01	2.37e-01	1.73e-01	1.20e-01	2.26e-01	4.74e-02	3.23e-03
 6.02041e+22	2.60e-28	1.83e-18	3.69e-15	5.88e-13	4.23e-11	2.07e-09	3.32e-06	3.22e-04	7.44e-03	4.14e-02	1.54e-01	2.43e-01	1.73e-01	1.18e-01	2.16e-01	4.40e-02	2.92e-03
 6.08846e+22	3.81e-28	2.56e-18	4.94e-15	7.50e-13	5.14e-11	2.41e-09	3.79e-06	3.65e-04	8.30e-03	4.49e-02	1.63e-01	2.51e-01	1.73e-01	1.14e-01	2.04e-01	4.00e-02	2.56e-03
 6.15761e+22	5.13e-28	3.30e-18	6.18e-15	9.07e-13	5.99e-11	2.71e-09	4.19e-06	4.02e-04	9.01e-03	4.78e-02	1.69e-01	2.56e-01	1.73e-01	1.11e-01	1.94e-01	3.71e-02	2.31e-03
 6.21815e+22	6.83e-28	4.23e-18	7.69e-15	1.09e-12	6.94e-11	3.04e-09	4.62e-06	4.41e-04	9.75e-03	5.06e-02	1.76e-01	2.61e-01	1.73e-01	1.08e-01	1.85e-01	3.44e-02	2.08e-03
 6.28682e+22	9.82e-28	5.80e-18	1.01e-14	1.38e-12	8.38e-11	3.53e-09	5.22e-06	4.95e-04	1.08e-02	5.45e-02	1.84e-01	2.67e-01	1.72e-01	1.04e-01	1.74e-01	3.12e-02	1.82e-03
 6.35590e+22	1.30e-27	7.40e-18	1.26e-14	1.65e-12	9.70e-11	3.95e-09	5.73e-06	5.41e-04	1.16e-02	5.75e-02	1.91e-01	2.71e-01	1.71e-01	1.02e-01	1.66e-01	2.89e-02	1.65e-03
 6.42552e+22	1.88e-27	1.02e-17	1.66e-14	2.08e-12	1.17e-10	4.57e-09	6.46e-06	6.05e-04	1.28e-02	6.17e-02	1.99e-01	2.77e-01	1.69e-01	9.77e-02	1.55e-01	2.61e-02	1.43e-03
 6.49583e+22	2.47e-27	1.28e-17	2.04e-14	2.48e-12	1.35e-10	5.12e-09	7.08e-06	6.59e-04	1.37e-02	6.49e-02	2.05e-01	2.80e-01	1.68e-01	9.48e-02	1.47e-01	2.42e-02	1.29e-03
 6.56705e+22	3.54e-27	1.75e-17	2.68e-14	3.12e-12	1.62e-10	5.92e-09	7.96e-06	7.35e-04	1.50e-02	6.93e-02	2.13e-01	2.84e-01	1.66e-01	9.10e-02	1.38e-01	2.18e-02	1.13e-03
 6.63966e+22	4.67e-27	2.21e-17	3.31e-14	3.74e-12	1.88e-10	6.65e-09	8.73e-06	8.00e-04	1.61e-02	7.28e-02	2.19e-01	2.87e-01	1.64e-01	8.80e-02	1.30e-01	2.01e-02	1.01e-03
 6.71410e+22	3.49e-28	3.03e-17	4.36e-14	4.72e-12	2.27e-10	7.71e-09	9.82e-06	8.91e-04	1.77e-02	7.76e-02	2.28e-01	2.91e-01	1.61e-01	8.41e-02	1.21e-01	1.80e-02	8.75e-04
 6.78997e+22	3.87e-28	3.85e-17	5.39e-14	5.65e-12	2.63e-10	8.68e-09	1.08e-05	9.70e-04	1.90e-02	8.14e-02	2.34e-01	2.93e-01	1.59e-01	8.10e-02	1.14e-01	1.65e-02	7.82e-04
 6.86769e+22	5.69e-28	5.28e-17	7.13e-14	7.16e-12	3.19e-10	1.01e-08	1.21e-05	1.08e-03	2.07e-02	8.66e-02	2.42e-01	2.96e-01	1.56e-01	7.71e-02	1.06e-01	1.48e-02	6.73e-04
 6.94365e+22	7.44e-28	6.53e-17	8.61e-14	8.43e-12	3.65e-10	1.13e-08	1.32e-05	1.17e-03	2.20e-02	9.03e-02	2.47e-01	2.97e-01	1.54e-01	7.45e-02	1.00e-01	1.37e-02	6.07e-04
 7.01733e+22	1.08e-27	8.79e-17	1.12e-13	1.05e-11	4.37e-10	1.30e-08	1.48e-05	1.29e-03	2.39e-02	9.54e-02	2.54e-01	2.98e-01	1.50e-01	7.09e-02	9.30e-02	1.22e-02	5.25e-04
 7.09216e+22	1.41e-27	1.09e-16	1.35e-13	1.24e-11	5.01e-10	1.45e-08	1.61e-05	1.39e-03	2.54e-02	9.94e-02	2.59e-01	2.99e-01	1.48e-01	6.83e-02	8.79e-02	1.13e-02	4.72e-04
 7.16849e+22	2.03e-27	1.45e-16	1.75e-13	1.54e-11	5.99e-10	1.67e-08	1.80e-05	1.53e-03	2.75e-02	1.05e-01	2.66e-01	3.00e-01	1.44e-01	6.48e-02	8.14e-02	1.01e-02	4.08e-04
 7.24719e+22	2.75e-27	1.84e-16	2.16e-13	1.84e-11	6.94e-10	1.88e-08	1.97e-05	1.66e-03	2.93e-02	1.09e-01	2.71e-01	3.00e-01	1.41e-01	6.21e-02	7.64e-02	9.19e-03	3.62e-04
 7.32899e+22	3.97e-27	2.46e-16	2.79e-13	2.30e-11	8.34e-10	2.18e-08	2.20e-05	1.83e-03	3.17e-02	1.15e-01	2.77e-01	2.99e-01	1.37e-01	5.87e-02	7.04e-02	8.19e-03	3.12e-04
 7.41346e+22	5.50e-27	3.15e-16	3.48e-13	2.78e-11	9.75e-10	2.47e-08	2.43e-05	1.99e-03	3.38e-02	1.20e-01	2.83e-01	2.99e-01	1.33e-01	5.60e-02	6.57e-02	7.41e-03	2.74e-04
 7.50141e+22	8.08e-27	4.26e-16	4.56e-13	3.51e-11	1.18e-09	2.88e-08	2.74e-05	2.20e-03	3.67e-02	1.26e-01	2.89e-01	2.98e-01	1.29e-01	5.26e-02	6.02e-02	6.55e-03	2.34e-04
 7.59175e+22	1.14e-26	5.50e-16	5.73e-13	4.27e-11	1.39e-09	3.28e-08	3.03e-05	2.40e-03	3.92e-02	1.32e-01	2.94e-01	2.96e-01	1.25e-01	4.99e-02	5.58e-02	5.89e-03	2.04e-04
 7.68519e+22	1.70e-26	7.51e-16	7.57e-13	5.43e-11	1.70e-09	3.86e-08	3.43e-05	2.67e-03	4.25e-02	1.38e-01	2.99e-01	2.94e-01	1.21e-01	4.67e-02	5.08e-02	5.16e-03	1.72e-04
 7.78170e+22	2.43e-26	9.79e-16	9.60e-13	6.66e-11	2.01e-09	4.43e-08	3.81e-05	2.92e-03	4.55e-02	1.44e-01	3.04e-01	2.91e-01	1.17e-01	4.41e-02	4.68e-02	4.61e-03	1.49e-04
 7.88220e+22	3.70e-26	1.36e-15	1.28e-12	8.57e-11	2.49e-09	5.26e-08	4.35e-05	3.25e-03	4.94e-02	1.52e-01	3.09e-01	2.88e-01	1.12e-01	4.09e-02	4.23e-02	4.00e-03	1.24e-04
 7.98565e+22	5.39e-26	1.79e-15	1.65e-12	1.06e-10	2.97e-09	6.08e-08	4.86e-05	3.56e-03	5.29e-02	1.58e-01	3.13e-01	2.84e-01	1.07e-01	3.84e-02	3.87e-02	3.54e-03	1.06e-04
 8.07862e+22	7.59e-26	2.32e-15	2.08e-12	1.30e-10	3.52e-09	6.98e-08	5.41e-05	3.89e-03	5.65e-02	1.64e-01	3.16e-01	2.81e-01	1.03e-01	3.61e-02	3.56e-02	3.15e-03	9.16e-05
 8.18516e+22	1.20e-25	3.29e-15	2.84e-12	1.70e-10	4.40e-09	8.36e-08	6.20e-05	4.35e-03	6.14e-02	1.72e-01	3.20e-01	2.76e-01	9.80e-02	3.32e-02	3.17e-02	2.69e-03	7.48e-05
 8.29264e+22	1.70e-25	4.26e-15	3.58e-12	2.08e-10	5.22e-09	9.61e-08	6.90e-05	4.75e-03	6.54e-02	1.79e-01	3.23e-01	2.71e-01	9.40e-02	3.11e-02	2.91e-02	2.39e-03	6.43e-05
 8.40134e+22	2.67e-25	6.02e-15	4.88e-12	2.72e-10	6.52e-09	1.15e-07	7.91e-05	5.30e-03	7.09e-02	1.87e-01	3.26e-01	2.66e-01	8.88e-02	2.85e-02	2.59e-02	2.03e-03	5.25e-05
 8.51235e+22	3.89e-25	7.96e-15	6.26e-12	3.37e-10	7.81e-09	1.33e-07	8.84e-05	5.80e-03	7.57e-02	1.94e-01	3.28e-01	2.60e-01	8.47e-02	2.65e-02	2.35e-02	1.78e-03	4.44e-05
 8.62635e+22	6.17e-25	1.14e-14	8.60e-12	4.44e-10	9.81e-09	1.60e-07	1.02e-04	6.49e-03	8.20e-02	2.02e-01	3.30e-01	2.54e-01	7.96e-02	2.41e-02	2.07e-02	1.50e-03	3.58e-05
 8.74222e+22	9.05e-25	1.51e-14	1.11e-11	5.55e-10	1.18e-08	1.86e-07	1.14e-04	7.10e-03	8.75e-02	2.09e-01	3.31e-01	2.48e-01	7.56e-02	2.23e-02	1.87e-02	1.31e-03	3.00e-05
 8.86053e+22	1.47e-24	2.20e-14	1.55e-11	7.39e-10	1.50e-08	2.26e-07	1.32e-04	7.97e-03	9.49e-02	2.18e-01	3.31e-01	2.40e-01	7.05e-02	2.02e-02	1.63e-02	1.09e-03	2.38e-05
 8.97940e+22	2.14e-24	2.93e-14	2.01e-11	9.22e-10	1.80e-08	2.63e-07	1.48e-04	8.70e-03	1.01e-01	2.24e-01	3.31e-01	2.34e-01	6.67e-02	1.86e-02	1.47e-02	9.42e-04	1.99e-05
 9.07778e+22	2.98e-24	3.79e-14	2.53e-11	1.12e-09	2.13e-08	3.00e-07	1.63e-04	9.41e-03	1.07e-01	2.30e-01	3.31e-01	2.28e-01	6.34e-02	1.73e-02	1.33e-02	8.27e-04	1.69e-05
 9.18446e+22	4.60e-24	5.33e-14	3.42e-11	1.46e-09	2.64e-08	3.57e-07	1.86e-04	1.04e-02	1.14e-01	2.38e-01	3.29e-01	2.21e-01	5.92e-02	1.57e-02	1.17e-02	6.96e-04	1.36e-05
 9.29116e+22	6.39e-24	6.88e-14	4.29e-11	1.77e-09	3.11e-08	4.08e-07	2.05e-04	1.12e-02	1.20e-01	2.44e-01	3.28e-01	2.15e-01	5.62e-02	1.46e-02	1.06e-02	6.10e-04	1.15e-05
 9.39788e+22	9.84e-24	9.68e-14	5.82e-11	2.30e-09	3.85e-08	4.86e-07	2.33e-04	1.24e-02	1.29e-01	2.51e-01	3.26e-01	2.07e-01	5.23e-02	1.32e-02	9.31e-03	5.11e-04	9.25e-06
 9.50591e+22	1.38e-23	1.26e-13	7.36e-11	2.82e-09	4.56e-08	5.58e-07	2.58e-04	1.34e-02	1.35e-01	2.56e-01	3.23e-01	2.01e-01	4.94e-02	1.22e-02	8.38e-03	4.44e-04	7.77e-06
 9.61564e+22	2.14e-23	1.80e-13	1.01e-10	3.69e-09	5.70e-08	6.70e-07	2.95e-04	1.49e-02	1.45e-01	2.64e-01	3.20e-01	1.93e-01	4.57e-02	1.09e-02	7.28e-03	3.68e-04	6.14e-06
 9.72672e+22	3.02e-23	2.36e-13	1.29e-10	4.55e-09	6.79e-08	7.72e-07	3.28e-04	1.61e-02	1.52e-01	2.69e-01	3.17e-01	1.86e-01	4.29e-02	1.00e-02	6.52e-03	3.18e-04	5.11e-06
 9.83956e+22	4.74e-23	3.39e-13	1.77e-10	5.99e-09	8.54e-08	9.32e-07	3.76e-04	1.79e-02	1.63e-01	2.75e-01	3.12e-01	1.78e-01	3.95e-02	8.96e-03	5.62e-03	2.61e-04	3.99e-06
 9.95456e+22	6.80e-23	4.53e-13	2.30e-10	7.49e-09	1.03e-07	1.09e-06	4.21e-04	1.94e-02	1.71e-01	2.80e-01	3.07e-01	1.71e-01	3.68e-02	8.17e-03	4.98e-03	2.22e-04	3.27e-06
 1.00724e+23	1.08e-22	6.63e-13	3.22e-10	1.00e-08	1.31e-07	1.33e-06	4.87e-04	2.16e-02	1.83e-01	2.86e-01	3.01e-01	1.62e-01	3.36e-02	7.22e-03	4.25e-03	1.79e-04	2.51e-06
 1.01926e+23	1.58e-22	8.99e-13	4.22e-10	1.27e-08	1.60e-07	1.56e-06	5.49e-04	2.36e-02	1.93e-01	2.91e-01	2.96e-01	1.55e-01	3.11e-02	6.53e-03	3.72e-03	1.51e-04	2.02e-06
 1.03158e+23	2.55e-22	1.34e-12	6.01e-10	1.72e-08	2.07e-07	1.94e-06	6.42e-04	2.65e-02	2.06e-01	2.96e-01	2.88e-01	1.46e-01	2.81e-02	5.71e-03	3.13e-03	1.20e-04	1.52e-06
 1.04404e+23	3.74e-22	1.82e-12	7.93e-10	2.19e-08	2.53e-07	2.30e-06	7.28e-04	2.90e-02	2.17e-01	3.00e-01	2.81e-01	1.39e-01	2.58e-02	5.12e-03	2.72e-03	9.95e-05	1.21e-06
 1.05454e+23	5.27e-22	2.42e-12	1.02e-09	2.73e-08	3.06e-07	2.69e-06	8.17e-04	3.15e-02	2.28e-01	3.02e-01	2.74e-01	1.32e-01	2.39e-02	4.63e-03	2.39e-03	8.38e-05	9.75e-07
 1.06593e+23	8.11e-22	3.47e-12	1.41e-09	3.61e-08	3.89e-07	3.29e-06	9.48e-04	3.51e-02	2.41e-01	3.05e-01	2.66e-01	1.24e-01	2.15e-02	4.07e-03	2.02e-03	6.71e-05	7.41e-07
 1.07739e+23	1.14e-21	4.61e-12	1.82e-09	4.52e-08	4.71e-07	3.88e-06	1.07e-03	3.82e-02	2.52e-01	3.07e-01	2.58e-01	1.18e-01	1.98e-02	3.65e-03	1.76e-03	5.61e-05	5.93e-07
 1.08858e+23	1.71e-21	6.46e-12	2.46e-09	5.92e-08	5.94e-07	4.73e-06	1.24e-03	4.23e-02	2.66e-01	3.09e-01	2.49e-01	1.10e-01	1.78e-02	3.21e-03	1.48e-03	4.50e-05	4.53e-07
 1.10000e+23	2.42e-21	8.63e-12	3.20e-09	7.47e-08	7.27e-07	5.62e-06	1.40e-03	4.63e-02	2.78e-01	3.09e-01	2.41e-01	1.04e-01	1.62e-02	2.86e-03	1.28e-03	3.71e-05	3.57e-07
 1.11120e+23	3.52e-21	1.19e-11	4.27e-09	9.67e-08	9.10e-07	6.83e-06	1.62e-03	5.12e-02	2.91e-01	3.09e-01	2.31e-01	9.68e-02	1.46e-02	2.50e-03	1.08e-03	2.98e-05	2.73e-07
 1.12264e+23	4.98e-21	1.59e-11	5.57e-09	1.23e-07	1.12e-06	8.20e-06	1.85e-03	5.62e-02	3.04e-01	3.09e-01	2.22e-01	9.04e-02	1.31e-02	2.20e-03	9.19e-04	2.42e-05	2.11e-07
 1.13393e+23	7.08e-21	2.14e-11	7.32e-09	1.57e-07	1.40e-06	9.93e-06	2.13e-03	6.19e-02	3.18e-01	3.07e-01	2.12e-01	8.40e-02	1.17e-02	1.93e-03	7.75e-04	1.94e-05	1.61e-07
 1.14531e+23	9.91e-21	2.84e-11	9.51e-09	2.00e-07	1.73e-06	1.20e-05	2.44e-03	6.80e-02	3.31e-01	3.05e-01	2.03e-01	7.79e-02	1.05e-02	1.68e-03	6.54e-04	1.56e-05	1.24e-07
 1.15654e+23	1.37e-20	3.75e-11	1.23e-08	2.53e-07	2.13e-06	1.44e-05	2.79e-03	7.46e-02	3.44e-01	3.02e-01	1.93e-01	7.20e-02	9.37e-03	1.47e-03	5.50e-04	1.25e-05	0.00e+00
 1.16776e+23	1.88e-20	4.90e-11	1.58e-08	3.19e-07	2.62e-06	1.73e-05	3.20e-03	8.18e-02	3.57e-01	2.99e-01	1.83e-01	6.64e-02	8.33e-03	1.28e-03	4.62e-04	1.00e-05	0.00e+00
 1.17900e+23	2.57e-20	6.36e-11	2.01e-08	4.02e-07	3.22e-06	2.08e-05	3.66e-03	8.95e-02	3.69e-01	2.94e-01	1.73e-01	6.10e-02	7.39e-03	1.11e-03	3.87e-04	7.98e-06	0.00e+00
 1.19027e+23	3.46e-20	8.19e-11	2.55e-08	5.03e-07	3.95e-06	2.50e-05	4.18e-03	9.78e-02	3.81e-01	2.89e-01	1.64e-01	5.59e-02	6.53e-03	9.57e-04	3.23e-04	6.35e-06	0.00e+00
 1.20161e+23	4.64e-20	1.05e-10	3.23e-08	6.29e-07	4.83e-06	3.00e-05	4.77e-03	1.07e-01	3.93e-01	2.84e-01	1.54e-01	5.10e-02	5.75e-03	8.24e-04	2.68e-04	5.03e-06	0.00e+00
 1.21305e+23	6.16e-20	1.33e-10	4.06e-08	7.83e-07	5.89e-06	3.60e-05	5.43e-03	1.16e-01	4.04e-01	2.78e-01	1.45e-01	4.64e-02	5.05e-03	7.07e-04	2.22e-04	3.97e-06	0.00e+00
 1.22461e+23	8.14e-20	1.68e-10	5.09e-08	9.73e-07	7.19e-06	4.32e-05	6.19e-03	1.27e-01	4.14e-01	2.71e-01	1.35e-01	4.20e-02	4.42e-03	6.04e-04	1.83e-04	3.12e-06	0.00e+00
 1.23624e+23	1.06e-19	2.10e-10	6.33e-08	1.20e-06	8.72e-06	5.16e-05	7.03e-03	1.37e-01	4.23e-01	2.64e-01	1.26e-01	3.80e-02	3.86e-03	5.15e-04	1.51e-04	2.45e-06	0.00e+00
 1.24806e+23	1.39e-19	2.62e-10	7.87e-08	1.49e-06	1.06e-05	6.18e-05	7.99e-03	1.49e-01	4.32e-01	2.56e-01	1.17e-01	3.42e-02	3.34e-03	4.35e-04	1.24e-04	1.91e-06	0.00e+00
 1.26001e+23	1.79e-19	3.23e-10	9.69e-08	1.83e-06	1.28e-05	7.36e-05	9.05e-03	1.61e-01	4.40e-01	2.47e-01	1.09e-01	3.07e-02	2.90e-03	3.69e-04	1.01e-04	1.49e-06	0.00e+00
 1.27219e+23	2.31e-19	3.99e-10	1.20e-07	2.26e-06	1.55e-05	8.81e-05	1.03e-02	1.74e-01	4.47e-01	2.39e-01	1.00e-01	2.73e-02	2.49e-03	3.09e-04	8.19e-05	1.14e-06	0.00e+00
 1.28459e+23	2.95e-19	4.87e-10	1.47e-07	2.76e-06	1.87e-05	1.05e-04	1.16e-02	1.87e-01	4.53e-01	2.30e-01	9.21e-02	2.44e-02	2.14e-03	2.59e-04	6.64e-05	8.83e-07	0.00e+00
 1.29596e+23	3.61e-19	5.73e-10	1.73e-07	3.26e-06	2.19e-05	1.21e-04	1.28e-02	1.99e-01	4.57e-01	2.22e-01	8.58e-02	2.20e-02	1.89e-03	2.23e-04	5.56e-05	7.08e-07	0.00e+00
 1.30783e+23	4.59e-19	6.98e-10	2.13e-07	4.01e-06	2.65e-05	1.45e-04	1.45e-02	2.14e-01	4.60e-01	2.12e-01	7.81e-02	1.94e-02	1.60e-03	1.84e-04	4.42e-05	5.35e-07	0.00e+00
 1.31990e+23	5.59e-19	8.18e-10	2.51e-07	4.73e-06	3.08e-05	1.67e-04	1.60e-02	2.26e-01	4.62e-01	2.04e-01	7.24e-02	1.75e-02	1.40e-03	1.57e-04	3.68e-05	4.26e-07	0.00e+00
 1.33236e+23	5.00e-18	9.93e-10	3.07e-07	5.82e-06	3.73e-05	2.01e-04	1.82e-02	2.42e-01	4.64e-01	1.94e-01	6.54e-02	1.52e-02	1.17e-03	1.28e-04	2.89e-05	3.17e-07	0.00e+00
 1.34484e+23	6.11e-18	1.15e-09	3.59e-07	6.80e-06	4.32e-05	2.31e-04	1.99e-02	2.55e-01	4.64e-01	1.86e-01	6.04e-02	1.36e-02	1.02e-03	1.09e-04	2.40e-05	2.53e-07	0.00e+00
 1.35734e+23	7.84e-18	1.38e-09	4.35e-07	8.29e-06	5.19e-05	2.75e-04	2.25e-02	2.72e-01	4.63e-01	1.75e-01	5.44e-02	1.18e-02	8.56e-04	8.86e-05	1.89e-05	1.88e-07	0.00e+00
 1.36990e+23	9.61e-18	1.58e-09	5.05e-07	9.64e-06	5.96e-05	3.13e-04	2.45e-02	2.85e-01	4.61e-01	1.68e-01	5.01e-02	1.06e-02	7.46e-04	7.55e-05	1.57e-05	1.49e-07	0.00e+00
 1.38253e+23	1.23e-17	1.88e-09	6.08e-07	1.17e-05	7.11e-05	3.71e-04	2.74e-02	3.02e-01	4.58e-01	1.58e-01	4.49e-02	9.18e-03	6.23e-04	6.11e-05	1.23e-05	0.00e+00	0.00e+00
 1.39530e+23	1.52e-17	2.15e-09	7.03e-07	1.35e-05	8.14e-05	4.23e-04	2.99e-02	3.15e-01	4.54e-01	1.50e-01	4.12e-02	8.20e-03	5.41e-04	5.18e-05	1.01e-05	0.00e+00	0.00e+00
 1.40826e+23	1.97e-17	2.54e-09	8.43e-07	1.63e-05	9.67e-05	4.99e-04	3.33e-02	3.32e-01	4.49e-01	1.41e-01	3.68e-02	7.06e-03	4.49e-04	4.18e-05	7.90e-06	0.00e+00	0.00e+00
 1.42139e+23	2.46e-17	2.90e-09	9.74e-07	1.88e-05	1.10e-04	5.67e-04	3.62e-02	3.45e-01	4.44e-01	1.33e-01	3.36e-02	6.27e-03	3.88e-04	3.52e-05	6.50e-06	0.00e+00	0.00e+00
 1.43475e+23	3.25e-17	3.41e-09	1.17e-06	2.26e-05	1.31e-04	6.68e-04	4.02e-02	3.63e-01	4.36e-01	1.24e-01	2.98e-02	5.36e-03	3.20e-04	2.82e-05	5.03e-06	0.00e+00	0.00e+00
 1.44837e+23	4.18e-17	3.89e-09	1.35e-06	2.62e-05	1.49e-04	7.58e-04	4.36e-02	3.76e-01	4.30e-01	1.17e-01	2.71e-02	4.74e-03	2.75e-04	2.36e-05	4.10e-06	0.00e+00	0.00e+00
 1.46232e+23	5.72e-17	4.58e-09	1.61e-06	3.15e-05	1.77e-04	8.93e-04	4.84e-02	3.93e-01	4.20e-01	1.09e-01	2.39e-02	4.02e-03	2.25e-04	1.87e-05	3.15e-06	0.00e+00	0.00e+00
 1.47660e+23	7.71e-17	5.24e-09	1.87e-06	3.65e-05	2.02e-04	1.01e-03	5.24e-02	4.07e-01	4.12e-01	1.02e-01	2.16e-02	3.53e-03	1.92e-04	1.55e-05	2.54e-06	0.00e+00	0.00e+00
 1.49130e+23	1.13e-16	6.19e-09	2.25e-06	4.40e-05	2.39e-04	1.20e-03	5.81e-02	4.24e-01	4.01e-01	9.39e-02	1.89e-02	2.97e-03	1.55e-04	1.22e-05	1.92e-06	0.00e+00	0.00e+00
 1.50628e+23	1.67e-16	7.14e-09	2.62e-06	5.11e-05	2.73e-04	1.36e-03	6.28e-02	4.37e-01	3.91e-01	8.78e-02	1.70e-02	2.59e-03	1.31e-04	1.00e-05	1.55e-06	0.00e+00	0.00e+00
 1.51891e+23	2.44e-16	8.03e-09	2.99e-06	5.83e-05	3.07e-04	1.52e-03	6.73e-02	4.48e-01	3.82e-01	8.25e-02	1.54e-02	2.29e-03	1.13e-04	8.43e-06	1.27e-06	0.00e+00	0.00e+00
 1.53265e+23	4.23e-16	9.37e-09	3.54e-06	6.88e-05	3.56e-04	1.76e-03	7.35e-02	4.62e-01	3.70e-01	7.60e-02	1.35e-02	1.94e-03	9.28e-05	6.72e-06	9.79e-07	0.00e+00	0.00e+00
 1.54597e+23	7.38e-16	1.05e-08	4.00e-06	7.76e-05	3.95e-04	1.94e-03	7.80e-02	4.72e-01	3.62e-01	7.16e-02	1.24e-02	1.73e-03	8.07e-05	5.72e-06	8.15e-07	0.00e+00	0.00e+00
 1.55874e+23	1.51e-15	1.20e-08	4.65e-06	9.02e-05	4.52e-04	2.21e-03	8.44e-02	4.84e-01	3.50e-01	6.62e-02	1.10e-02	1.49e-03	6.71e-05	4.62e-06	6.40e-07	0.00e+00	0.00e+00
 1.57165e+23	3.86e-15	1.36e-08	5.28e-06	1.02e-04	5.00e-04	2.44e-03	8.93e-02	4.93e-01	3.41e-01	6.23e-02	9.99e-03	1.32e-03	5.83e-05	3.93e-06	5.33e-07	0.00e+00	0.00e+00
 1.58474e+23	9.99e-15	1.57e-08	6.16e-06	1.18e-04	5.71e-04	2.77e-03	9.63e-02	5.04e-01	3.29e-01	5.74e-02	8.82e-03	1.13e-03	4.83e-05	3.17e-06	4.17e-07	0.00e+00	0.00e+00
 1.59803e+23	2.17e-14	1.78e-08	7.01e-06	1.33e-04	6.33e-04	3.05e-03	1.02e-01	5.12e-01	3.20e-01	5.38e-02	8.02e-03	1.00e-03	4.17e-05	2.68e-06	3.45e-07	0.00e+00	0.00e+00
 1.61158e+23	3.41e-14	2.06e-08	8.21e-06	1.56e-04	7.22e-04	3.47e-03	1.10e-01	5.22e-01	3.07e-01	4.93e-02	7.04e-03	8.53e-04	3.43e-05	2.15e-06	2.68e-07	0.00e+00	0.00e+00
 1.62533e+23	4.64e-14	2.36e-08	9.39e-06	1.76e-04	8.00e-04	3.82e-03	1.16e-01	5.28e-01	2.98e-01	4.61e-02	6.38e-03	7.54e-04	2.96e-05	1.81e-06	2.21e-07	0.00e+00	0.00e+00
 1.63935e+23	6.14e-14	2.75e-08	1.10e-05	2.05e-04	9.13e-04	4.34e-03	1.25e-01	5.37e-01	2.85e-01	4.20e-02	5.57e-03	6.37e-04	2.41e-05	1.44e-06	1.70e-07	0.00e+00	0.00e+00
 1.65358e+23	7.78e-14	3.17e-08	1.27e-05	2.33e-04	1.01e-03	4.78e-03	1.31e-01	5.43e-01	2.75e-01	3.91e-02	5.02e-03	5.59e-04	2.07e-05	1.20e-06	1.39e-07	0.00e+00	0.00e+00
 1.66810e+23	9.97e-14	3.73e-08	1.50e-05	2.73e-04	1.16e-03	5.43e-03	1.41e-01	5.50e-01	2.62e-01	3.55e-02	4.36e-03	4.70e-04	1.68e-05	9.48e-07	0.00e+00	0.00e+00	0.00e+00
 1.68300e+23	1.23e-13	4.32e-08	1.73e-05	3.11e-04	1.29e-03	5.99e-03	1.49e-01	5.55e-01	2.52e-01	3.28e-02	3.90e-03	4.09e-04	1.42e-05	7.85e-07	0.00e+00	0.00e+00	0.00e+00
 1.69840e+23	1.58e-13	5.19e-08	2.08e-05	3.67e-04	1.47e-03	6.82e-03	1.59e-01	5.60e-01	2.38e-01	2.96e-02	3.37e-03	3.41e-04	1.14e-05	6.12e-07	0.00e+00	0.00e+00	0.00e+00
 1.71419e+23	2.55e-14	6.07e-08	2.42e-05	4.20e-04	1.64e-03	7.54e-03	1.68e-01	5.64e-01	2.28e-01	2.72e-02	2.99e-03	2.94e-04	9.56e-06	5.01e-07	0.00e+00	0.00e+00	0.00e+00
 1.73050e+23	4.07e-16	7.40e-08	2.93e-05	4.99e-04	1.89e-03	8.59e-03	1.80e-01	5.67e-01	2.15e-01	2.43e-02	2.55e-03	2.42e-04	7.59e-06	3.86e-07	0.00e+00	0.00e+00	0.00e+00
 1.74695e+23	4.04e-16	8.76e-08	3.43e-05	5.72e-04	2.10e-03	9.47e-03	1.90e-01	5.69e-01	2.05e-01	2.23e-02	2.26e-03	2.08e-04	6.35e-06	3.16e-07	0.00e+00	0.00e+00	0.00e+00
 1.76360e+23	5.77e-16	1.07e-07	4.17e-05	6.81e-04	2.41e-03	1.08e-02	2.03e-01	5.70e-01	1.92e-01	1.98e-02	1.92e-03	1.71e-04	5.00e-06	2.41e-07	0.00e+00	0.00e+00	0.00e+00
 1.78043e+23	8.06e-16	1.28e-07	4.90e-05	7.82e-04	2.69e-03	1.19e-02	2.12e-01	5.70e-01	1.82e-01	1.81e-02	1.70e-03	1.46e-04	4.17e-06	1.96e-07	0.00e+00	0.00e+00	0.00e+00
 1.79750e+23	1.23e-15	1.59e-07	5.98e-05	9.31e-04	3.08e-03	1.35e-02	2.26e-01	5.69e-01	1.70e-01	1.61e-02	1.43e-03	1.19e-04	3.27e-06	1.49e-07	0.00e+00	0.00e+00	0.00e+00
 1.81488e+23	1.85e-15	1.91e-07	7.07e-05	1.07e-03	3.43e-03	1.48e-02	2.37e-01	5.67e-01	1.61e-01	1.46e-02	1.26e-03	1.02e-04	2.70e-06	1.20e-07	0.00e+00	0.00e+00	0.00e+00
 1.83028e+23	2.79e-15	2.28e-07	8.31e-05	1.23e-03	3.82e-03	1.63e-02	2.48e-01	5.64e-01	1.52e-01	1.32e-02	1.10e-03	8.63e-05	2.23e-06	0.00e+00	0.00e+00	0.00e+00	0.00e+00
 1.84788e+23	5.01e-15	2.89e-07	1.02e-04	1.47e-03	4.37e-03	1.84e-02	2.63e-01	5.59e-01	1.41e-01	1.17e-02	9.28e-04	7.01e-05	1.74e-06	0.00e+00	0.00e+00	0.00e+00	0.00e+00
 1.86584e+23	9.28e-15	3.48e-07	1.21e-04	1.70e-03	4.86e-03	2.03e-02	2.75e-01	5.55e-01	1.32e-01	1.05e-02	8.05e-04	5.89e-05	1.42e-06	0.00e+00	0.00e+00	0.00e+00	0.00e+00
 1.88038e+23	1.46e-14	4.11e-07	1.40e-04	1.92e-03	5.33e-03	2.19e-02	2.85e-01	5.50e-01	1.25e-01	9.61e-03	7.15e-04	5.10e-05	1.19e-06	0.00e+00	0.00e+00	0.00e+00	0.00e+00
 1.89545e+23	3.69e-14	5.02e-07	1.67e-04	2.22e-03	5.93e-03	2.41e-02	2.97e-01	5.44e-01	1.17e-01	8.65e-03	6.21e-04	4.30e-05	9.76e-07	0.00e+00	0.00e+00	0.00e+00	0.00e+00
 1.91131e+23	8.25e-14	6.00e-07	1.95e-04	2.52e-03	6.52e-03	2.61e-02	3.08e-01	5.38e-01	1.10e-01	7.85e-03	5.46e-04	3.68e-05	8.12e-07	0.00e+00	0.00e+00	0.00e+00	0.00e+00
 1.92588e+23	2.15e-13	7.16e-07	2.27e-04	2.86e-03	7.15e-03	2.83e-02	3.19e-01	5.31e-01	1.04e-01	7.14e-03	4.81e-04	3.16e-05	6.78e-07	0.00e+00	0.00e+00	0.00e+00	0.00e+00
 1.94248e+23	6.70e-13	8.95e-07	2.75e-04	3.34e-03	8.01e-03	3.12e-02	3.32e-01	5.22e-01	9.64e-02	6.33e-03	4.11e-04	2.60e-05	5.40e-07	0.00e+00	0.00e+00	0.00e+00	0.00e+00
 1.95955e+23	2.16e-12	1.09e-06	3.25e-04	3.83e-03	8.84e-03	3.40e-02	3.44e-01	5.13e-01	8.98e-02	5.67e-03	3.55e-04	2.19e-05	4.40e-07	0.00e+00	0.00e+00	0.00e+00	0.00e+00
 1.97456e+23	3.07e-12	1.30e-06	3.79e-04	4.34e-03	9.68e-03	3.67e-02	3.54e-01	5.05e-01	8.42e-02	5.14e-03	3.12e-04	1.87e-05	3.66e-07	0.00e+00	0.00e+00	0.00e+00	0.00e+00
 1.99142e+23	4.63e-12	1.64e-06	4.60e-04	5.07e-03	1.08e-02	4.03e-02	3.67e-01	4.94e-01	7.76e-02	4.53e-03	2.65e-04	1.54e-05	2.91e-07	0.00e+00	0.00e+00	0.00e+00	0.00e+00
 2.00904e+23	6.49e-12	2.01e-06	5.46e-04	5.83e-03	1.19e-02	4.39e-02	3.79e-01	4.83e-01	7.17e-02	4.03e-03	2.28e-04	1.28e-05	2.35e-07	0.00e+00	0.00e+00	0.00e+00	0.00e+00
 2.02493e+23	8.59e-12	2.44e-06	6.41e-04	6.63e-03	1.31e-02	4.73e-02	3.90e-01	4.72e-01	6.68e-02	3.62e-03	1.98e-04	1.08e-05	1.93e-07	0.00e+00	0.00e+00	0.00e+00	0.00e+00
 2.04287e+23	1.22e-11	3.12e-06	7.86e-04	7.79e-03	1.46e-02	5.19e-02	4.03e-01	4.58e-01	6.09e-02	3.16e-03	1.66e-04	8.77e-06	1.51e-07	0.00e+00	0.00e+00	0.00e+00	0.00e+00
 2.06142e+23	1.65e-11	3.86e-06	9.39e-04	8.98e-03	1.62e-02	5.63e-02	4.14e-01	4.45e-01	5.59e-02	2.79e-03	1.42e-04	7.24e-06	1.21e-07	0.00e+00	0.00e+00	0.00e+00	0.00e+00
 2.07798e+23	2.16e-11	4.73e-06	1.11e-03	1.02e-02	1.77e-02	6.06e-02	4.24e-01	4.33e-01	5.16e-02	2.49e-03	1.22e-04	6.06e-06	0.00e+00	0.00e+00	0.00e+00	0.00e+00	0.00e+00
 2.09672e+23	3.05e-11	6.12e-06	1.37e-03	1.21e-02	1.98e-02	6.64e-02	4.35e-01	4.16e-01	4.65e-02	2.14e-03	1.01e-04	4.82e-06	0.00e+00	0.00e+00	0.00e+00	0.00e+00	0.00e+00
 2.11608e+23	4.06e-11	7.62e-06	1.64e-03	1.39e-02	2.18e-02	7.17e-02	4.45e-01	4.02e-01	4.24e-02	1.88e-03	8.53e-05	3.96e-06	0.00e+00	0.00e+00	0.00e+00	0.00e+00	0.00e+00
 2.13626e+23	5.78e-11	1.00e-05	2.05e-03	1.65e-02	2.45e-02	7.87e-02	4.56e-01	3.83e-01	3.77e-02	1.59e-03	6.92e-05	3.09e-06	0.00e+00	0.00e+00	0.00e+00	0.00e+00	0.00e+00
 2.15679e+23	7.73e-11	1.26e-05	2.46e-03	1.90e-02	2.69e-02	8.49e-02	4.64e-01	3.67e-01	3.40e-02	1.39e-03	5.80e-05	2.50e-06	0.00e+00	0.00e+00	0.00e+00	0.00e+00	0.00e+00
 2.17494e+23	1.02e-10	1.57e-05	2.94e-03	2.18e-02	2.95e-02	9.10e-02	4.71e-01	3.52e-01	3.08e-02	1.21e-03	4.88e-05	2.04e-06	0.00e+00	0.00e+00	0.00e+00	0.00e+00	0.00e+00
 2.19570e+23	1.45e-10	2.08e-05	3.67e-03	2.59e-02	3.30e-02	9.92e-02	4.78e-01	3.32e-01	2.71e-02	1.01e-03	3.91e-05	1.57e-06	0.00e+00	0.00e+00	0.00e+00	0.00e+00	0.00e+00
 2.21679e+23	1.93e-10	2.62e-05	4.41e-03	2.97e-02	3.61e-02	1.07e-01	4.83e-01	3.15e-01	2.41e-02	8.73e-04	3.24e-05	1.26e-06	0.00e+00	0.00e+00	0.00e+00	0.00e+00	0.00e+00
 2.23549e+23	2.55e-10	3.27e-05	5.26e-03	3.40e-02	3.93e-02	1.13e-01	4.86e-01	2.99e-01	2.17e-02	7.56e-04	2.70e-05	1.02e-06	0.00e+00	0.00e+00	0.00e+00	0.00e+00	0.00e+00
 2.25696e+23	3.64e-10	4.35e-05	6.59e-03	4.02e-02	4.37e-02	1.23e-01	4.89e-01	2.78e-01	1.87e-02	6.23e-04	2.12e-05	7.69e-07	0.00e+00	0.00e+00	0.00e+00	0.00e+00	0.00e+00
 2.27869e+23	4.83e-10	5.47e-05	7.87e-03	4.59e-02	4.75e-02	1.31e-01	4.89e-01	2.61e-01	1.65e-02	5.32e-04	1.74e-05	6.10e-07	0.00e+00	0.00e+00	0.00e+00	0.00e+00	0.00e+00
 2.30077e+23	6.89e-10	7.27e-05	9.83e-03	5.40e-02	5.25e-02	1.40e-01	4.88e-01	2.41e-01	1.41e-02	4.36e-04	1.36e-05	4.58e-07	0.00e+00	0.00e+00	0.00e+00	0.00e+00	0.00e+00
 2.32331e+23	9.24e-10	9.20e-05	1.18e-02	6.17e-02	5.69e-02	1.49e-01	4.84e-01	2.24e-01	1.23e-02	3.67e-04	1.10e-05	3.57e-07	0.00e+00	0.00e+00	0.00e+00	0.00e+00	0.00e+00
 2.34338e+23	1.23e-09	1.15e-04	1.40e-02	7.00e-02	6.14e-02	1.57e-01	4.79e-01	2.08e-01	1.07e-02	3.09e-04	8.86e-06	2.80e-07	0.00e+00	0.00e+00	0.00e+00	0.00e+00	0.00e+00
 2.36639e+23	1.76e-09	1.54e-04	1.75e-02	8.19e-02	6.72e-02	1.66e-01	4.70e-01	1.88e-01	8.96e-03	2.48e-04	6.74e-06	2.04e-07	0.00e+00	0.00e+00	0.00e+00	0.00e+00	0.00e+00
 2.38978e+23	2.35e-09	1.94e-04	2.08e-02	9.27e-02	7.21e-02	1.74e-01	4.61e-01	1.72e-01	7.69e-03	2.06e-04	5.35e-06	1.57e-07	0.00e+00	0.00e+00	0.00e+00	0.00e+00	0.00e+00
 2.41368e+23	3.39e-09	2.58e-04	2.59e-02	1.08e-01	7.84e-02	1.83e-01	4.46e-01	1.52e-01	6.29e-03	1.61e-04	3.97e-06	0.00e+00	0.00e+00	0.00e+00	0.00e+00	0.00e+00	0.00e+00
 2.43704e+23	4.42e-09	3.18e-04	3.02e-02	1.20e-01	8.30e-02	1.89e-01	4.33e-01	1.39e-01	5.39e-03	1.35e-04	3.17e-06	0.00e+00	0.00e+00	0.00e+00	0.00e+00	0.00e+00	0.00e+00
 2.45969e+23	6.19e-09	4.14e-04	3.67e-02	1.37e-01	8.87e-02	1.96e-01	4.15e-01	1.22e-01	4.39e-03	1.06e-04	2.36e-06	0.00e+00	0.00e+00	0.00e+00	0.00e+00	0.00e+00	0.00e+00
 2.48161e+23	7.84e-09	4.98e-04	4.20e-02	1.50e-01	9.27e-02	2.00e-01	4.00e-01	1.11e-01	3.79e-03	8.89e-05	1.91e-06	0.00e+00	0.00e+00	0.00e+00	0.00e+00	0.00e+00	0.00e+00
 2.50260e+23	1.06e-08	6.28e-04	4.97e-02	1.67e-01	9.76e-02	2.04e-01	3.80e-01	9.74e-02	3.09e-03	7.04e-05	1.43e-06	0.00e+00	0.00e+00	0.00e+00	0.00e+00	0.00e+00	0.00e+00
 2.52386e+23	1.34e-08	7.53e-04	5.66e-02	1.82e-01	1.01e-01	2.07e-01	3.63e-01	8.75e-02	2.63e-03	5.84e-05	1.14e-06	0.00e+00	0.00e+00	0.00e+00	0.00e+00	0.00e+00	0.00e+00
 2.54549e+23	1.80e-08	9.42e-04	6.64e-02	2.01e-01	1.05e-01	2.09e-01	3.40e-01	7.57e-02	2.12e-03	4.58e-05	8.47e-07	0.00e+00	0.00e+00	0.00e+00	0.00e+00	0.00e+00	0.00e+00
 2.56738e+23	2.28e-08	1.13e-03	7.53e-02	2.16e-01	1.08e-01	2.09e-01	3.21e-01	6.69e-02	1.77e-03	3.73e-05	6.60e-07	0.00e+00	0.00e+00	0.00e+00	0.00e+00	0.00e+00	0.00e+00
 2.58670e+23	2.86e-08	1.34e-03	8.47e-02	2.32e-01	1.11e-01	2.09e-01	3.02e-01	5.91e-02	1.48e-03	3.04e-05	5.16e-07	0.00e+00	0.00e+00	0.00e+00	0.00e+00	0.00e+00	0.00e+00
 2.60891e+23	3.79e-08	1.65e-03	9.79e-02	2.52e-01	1.14e-01	2.07e-01	2.77e-01	4.99e-02	1.16e-03	2.33e-05	3.74e-07	0.00e+00	0.00e+00	0.00e+00	0.00e+00	0.00e+00	0.00e+00
 2.63140e+23	4.77e-08	1.95e-03	1.10e-01	2.68e-01	1.15e-01	2.04e-01	2.56e-01	4.32e-02	9.49e-04	1.86e-05	2.84e-07	0.00e+00	0.00e+00	0.00e+00	0.00e+00	0.00e+00	0.00e+00
 2.65128e+23	5.92e-08	2.29e-03	1.22e-01	2.84e-01	1.16e-01	2.01e-01	2.37e-01	3.75e-02	7.78e-04	1.49e-05	2.18e-07	0.00e+00	0.00e+00	0.00e+00	0.00e+00	0.00e+00	0.00e+00
 2.67415e+23	7.79e-08	2.80e-03	1.39e-01	3.03e-01	1.17e-01	1.95e-01	2.13e-01	3.09e-02	5.97e-04	1.12e-05	1.54e-07	0.00e+00	0.00e+00	0.00e+00	0.00e+00	0.00e+00	0.00e+00
 2.69530e+23	9.31e-08	3.18e-03	1.51e-01	3.15e-01	1.17e-01	1.90e-01	1.97e-01	2.70e-02	4.98e-04	9.15e-06	0.00e+00	0.00e+00	0.00e+00	0.00e+00	0.00e+00	0.00e+00	0.00e+00
 2.71423e+23	1.15e-07	3.70e-03	1.66e-01	3.28e-01	1.16e-01	1.84e-01	1.79e-01	2.29e-02	3.98e-04	7.18e-06	0.00e+00	0.00e+00	0.00e+00	0.00e+00	0.00e+00	0.00e+00	0.00e+00
 2.73368e+23	1.38e-07	4.20e-03	1.79e-01	3.39e-01	1.15e-01	1.78e-01	1.64e-01	1.97e-02	3.27e-04	5.80e-06	0.00e+00	0.00e+00	0.00e+00	0.00e+00	0.00e+00	0.00e+00	0.00e+00
 2.75101e+23	1.62e-07	4.72e-03	1.92e-01	3.49e-01	1.14e-01	1.72e-01	1.50e-01	1.71e-02	2.71e-04	4.72e-06	0.00e+00	0.00e+00	0.00e+00	0.00e+00	0.00e+00	0.00e+00	0.00e+00
 2.77073e+23	2.00e-07	5.45e-03	2.10e-01	3.60e-01	1.12e-01	1.64e-01	1.34e-01	1.42e-02	2.12e-04	3.63e-06	0.00e+00	0.00e+00	0.00e+00	0.00e+00	0.00e+00	0.00e+00	0.00e+00
 2.79079e+23	2.37e-07	6.14e-03	2.25e-01	3.68e-01	1.10e-01	1.57e-01	1.22e-01	1.21e-02	1.72e-04	2.90e-06	0.00e+00	0.00e+00	0.00e+00	0.00e+00	0.00e+00	0.00e+00	0.00e+00
 2.80845e+23	2.79e-07	6.86e-03	2.39e-01	3.75e-01	1.08e-01	1.50e-01	1.10e-01	1.03e-02	1.40e-04	2.32e-06	0.00e+00	0.00e+00	0.00e+00	0.00e+00	0.00e+00	0.00e+00	0.00e+00
 2.82858e+23	3.40e-07	7.86e-03	2.58e-01	3.82e-01	1.05e-01	1.41e-01	9.70e-02	8.43e-03	1.08e-04	1.76e-06	0.00e+00	0.00e+00	0.00e+00	0.00e+00	0.00e+00	0.00e+00	0.00e+00
 2.84901e+23	4.01e-07	8.78e-03	2.75e-01	3.87e-01	1.02e-01	1.33e-01	8.69e-02	7.09e-03	8.69e-05	1.39e-06	0.00e+00	0.00e+00	0.00e+00	0.00e+00	0.00e+00	0.00e+00	0.00e+00
 2.86696e+23	4.69e-07	9.74e-03	2.90e-01	3.91e-01	9.96e-02	1.26e-01	7.79e-02	5.98e-03	7.00e-05	1.10e-06	0.00e+00	0.00e+00	0.00e+00	0.00e+00	0.00e+00	0.00e+00	0.00e+00
 2.88744e+23	5.67e-07	1.11e-02	3.10e-01	3.93e-01	9.59e-02	1.17e-01	6.77e-02	4.81e-03	5.34e-05	8.24e-07	0.00e+00	0.00e+00	0.00e+00	0.00e+00	0.00e+00	0.00e+00	0.00e+00
 2.90829e+23	6.65e-07	1.23e-02	3.27e-01	3.94e-01	9.26e-02	1.09e-01	6.00e-02	4.00e-03	4.23e-05	6.42e-07	0.00e+00	0.00e+00	0.00e+00	0.00e+00	0.00e+00	0.00e+00	0.00e+00
 2.92675e+23	7.73e-07	1.36e-02	3.44e-01	3.95e-01	8.93e-02	1.02e-01	5.32e-02	3.33e-03	3.37e-05	5.03e-07	0.00e+00	0.00e+00	0.00e+00	0.00e+00	0.00e+00	0.00e+00	0.00e+00
 2.94785e+23	9.31e-07	1.53e-02	3.64e-01	3.93e-01	8.50e-02	9.39e-02	4.56e-02	2.64e-03	2.53e-05	3.70e-07	0.00e+00	0.00e+00	0.00e+00	0.00e+00	0.00e+00	0.00e+00	0.00e+00
 2.96935e+23	1.09e-06	1.69e-02	3.82e-01	3.91e-01	8.14e-02	8.70e-02	4.00e-02	2.16e-03	1.98e-05	2.84e-07	0.00e+00	0.00e+00	0.00e+00	0.00e+00	0.00e+00	0.00e+00	0.00e+00
 2.98841e+23	1.26e-06	1.86e-02	3.99e-01	3.87e-01	7.79e-02	8.06e-02	3.51e-02	1.78e-03	1.56e-05	2.20e-07	0.00e+00	0.00e+00	0.00e+00	0.00e+00	0.00e+00	0.00e+00	0.00e+00
 3.01024e+23	1.52e-06	2.08e-02	4.20e-01	3.82e-01	7.35e-02	7.29e-02	2.97e-02	1.38e-03	1.15e-05	1.59e-07	0.00e+00	0.00e+00	0.00e+00	0.00e+00	0.00e+00	0.00e+00	0.00e+00
 3.03252e+23	1.77e-06	2.30e-02	4.38e-01	3.76e-01	6.98e-02	6.68e-02	2.57e-02	1.12e-03	8.86e-06	0.00e+00	0.00e+00	0.00e+00	0.00e+00	0.00e+00	0.00e+00	0.00e+00	0.00e+00
 3.05229e+23	2.05e-06	2.52e-02	4.55e-01	3.69e-01	6.63e-02	6.12e-02	2.23e-02	9.04e-04	6.88e-06	0.00e+00	0.00e+00	0.00e+00	0.00e+00	0.00e+00	0.00e+00	0.00e+00	0.00e+00
 3.07390e+23	2.43e-06	2.80e-02	4.75e-01	3.60e-01	6.23e-02	5.50e-02	1.88e-02	7.04e-04	5.11e-06	0.00e+00	0.00e+00	0.00e+00	0.00e+00	0.00e+00	0.00e+00	0.00e+00	0.00e+00
