#depth	Ne	Ne+	Ne+2	Ne+3	Ne+4	Ne+5	Ne+6	Ne+7	Ne+8	Ne+9	Ne+10
 4.62852e+21	1.28e-15	4.48e-11	8.25e-08	1.88e-05	1.33e-03	1.96e-02	6.56e-02	9.66e-02	5.34e-01	2.51e-01	3.17e-02
 1.02897e+22	2.92e-15	1.28e-10	2.71e-07	6.04e-05	4.09e-03	5.20e-02	1.34e-01	1.47e-01	5.07e-01	1.45e-01	1.12e-02
 1.17865e+22	3.27e-15	1.74e-10	4.15e-07	9.50e-05	6.32e-03	7.44e-02	1.69e-01	1.68e-01	4.68e-01	1.07e-01	6.66e-03
 1.24826e+22	3.40e-15	2.01e-10	5.15e-07	1.19e-04	7.81e-03	8.77e-02	1.87e-01	1.77e-01	4.44e-01	9.14e-02	5.09e-03
 1.28110e+22	3.47e-15	2.15e-10	5.65e-07	1.31e-04	8.52e-03	9.36e-02	1.94e-01	1.80e-01	4.34e-01	8.54e-02	4.55e-03
 1.30006e+22	3.56e-15	2.29e-10	6.19e-07	1.44e-04	9.26e-03	9.96e-02	2.01e-01	1.83e-01	4.23e-01	7.99e-02	4.09e-03
 1.32130e+22	3.65e-15	2.49e-10	6.96e-07	1.63e-04	1.03e-02	1.08e-01	2.09e-01	1.86e-01	4.10e-01	7.32e-02	3.55e-03
 1.34276e+22	3.75e-15	2.68e-10	7.68e-07	1.80e-04	1.12e-02	1.14e-01	2.16e-01	1.89e-01	3.98e-01	6.82e-02	3.17e-03
 1.36448e+22	3.86e-15	2.93e-10	8.71e-07	2.04e-04	1.25e-02	1.23e-01	2.24e-01	1.91e-01	3.84e-01	6.22e-02	2.74e-03
 1.38632e+22	4.05e-15	3.19e-10	9.68e-07	2.26e-04	1.36e-02	1.31e-01	2.30e-01	1.93e-01	3.72e-01	5.79e-02	2.45e-03
 1.40851e+22	4.25e-15	3.55e-10	1.11e-06	2.59e-04	1.52e-02	1.41e-01	2.38e-01	1.95e-01	3.57e-01	5.25e-02	2.10e-03
 1.43081e+22	4.49e-15	3.89e-10	1.24e-06	2.88e-04	1.65e-02	1.49e-01	2.44e-01	1.96e-01	3.45e-01	4.86e-02	1.87e-03
 1.45324e+22	4.79e-15	4.38e-10	1.44e-06	3.30e-04	1.84e-02	1.60e-01	2.51e-01	1.96e-01	3.29e-01	4.39e-02	1.60e-03
 1.47585e+22	5.12e-15	4.85e-10	1.62e-06	3.68e-04	2.00e-02	1.69e-01	2.56e-01	1.97e-01	3.17e-01	4.06e-02	1.42e-03
 1.49870e+22	5.57e-15	5.55e-10	1.89e-06	4.25e-04	2.23e-02	1.80e-01	2.62e-01	1.96e-01	3.01e-01	3.65e-02	1.20e-03
 1.52185e+22	6.04e-15	6.22e-10	2.15e-06	4.76e-04	2.43e-02	1.90e-01	2.66e-01	1.96e-01	2.88e-01	3.35e-02	1.06e-03
 1.54536e+22	6.72e-15	7.22e-10	2.54e-06	5.52e-04	2.72e-02	2.03e-01	2.72e-01	1.95e-01	2.72e-01	2.99e-02	8.97e-04
 1.56926e+22	7.43e-15	8.20e-10	2.90e-06	6.21e-04	2.96e-02	2.14e-01	2.75e-01	1.93e-01	2.60e-01	2.73e-02	7.85e-04
 1.59366e+22	8.48e-15	9.71e-10	3.47e-06	7.24e-04	3.31e-02	2.28e-01	2.80e-01	1.91e-01	2.43e-01	2.42e-02	6.57e-04
 1.61856e+22	9.58e-15	1.12e-09	4.00e-06	8.18e-04	3.61e-02	2.39e-01	2.82e-01	1.88e-01	2.31e-01	2.19e-02	5.70e-04
 1.64412e+22	1.13e-14	1.35e-09	4.84e-06	9.59e-04	4.03e-02	2.55e-01	2.85e-01	1.84e-01	2.15e-01	1.92e-02	4.71e-04
 1.67033e+22	1.31e-14	1.59e-09	5.65e-06	1.09e-03	4.40e-02	2.67e-01	2.87e-01	1.81e-01	2.02e-01	1.73e-02	4.05e-04
 1.69738e+22	1.58e-14	1.96e-09	6.93e-06	1.29e-03	4.94e-02	2.83e-01	2.88e-01	1.76e-01	1.86e-01	1.50e-02	3.29e-04
 1.72282e+22	1.83e-14	2.26e-09	7.92e-06	1.43e-03	5.31e-02	2.94e-01	2.89e-01	1.72e-01	1.76e-01	1.36e-02	2.89e-04
 1.74616e+22	2.20e-14	2.74e-09	9.44e-06	1.65e-03	5.83e-02	3.08e-01	2.89e-01	1.68e-01	1.64e-01	1.20e-02	2.41e-04
 1.76932e+22	2.56e-14	3.17e-09	1.08e-05	1.83e-03	6.24e-02	3.19e-01	2.88e-01	1.64e-01	1.54e-01	1.09e-02	2.11e-04
 1.79224e+22	3.11e-14	3.84e-09	1.28e-05	2.09e-03	6.82e-02	3.32e-01	2.86e-01	1.58e-01	1.43e-01	9.59e-03	1.76e-04
 1.81529e+22	3.65e-14	4.46e-09	1.46e-05	2.32e-03	7.28e-02	3.43e-01	2.85e-01	1.54e-01	1.34e-01	8.69e-03	1.54e-04
 1.83852e+22	4.51e-14	5.44e-09	1.74e-05	2.65e-03	7.93e-02	3.56e-01	2.82e-01	1.48e-01	1.24e-01	7.60e-03	1.28e-04
 1.86217e+22	5.36e-14	6.37e-09	1.99e-05	2.93e-03	8.46e-02	3.66e-01	2.80e-01	1.43e-01	1.16e-01	6.85e-03	1.11e-04
 1.88635e+22	6.75e-14	7.86e-09	2.39e-05	3.36e-03	9.21e-02	3.79e-01	2.76e-01	1.37e-01	1.06e-01	5.94e-03	9.12e-05
 1.91085e+22	8.12e-14	9.26e-09	2.74e-05	3.72e-03	9.81e-02	3.89e-01	2.73e-01	1.32e-01	9.89e-02	5.32e-03	7.85e-05
 1.93574e+22	1.04e-13	1.15e-08	3.28e-05	4.25e-03	1.06e-01	4.02e-01	2.67e-01	1.26e-01	8.99e-02	4.58e-03	6.41e-05
 1.96116e+22	1.26e-13	1.36e-08	3.78e-05	4.71e-03	1.13e-01	4.11e-01	2.63e-01	1.20e-01	8.33e-02	4.07e-03	5.47e-05
 1.98725e+22	1.65e-13	1.72e-08	4.56e-05	5.40e-03	1.23e-01	4.23e-01	2.57e-01	1.14e-01	7.50e-02	3.47e-03	4.41e-05
 2.01390e+22	2.03e-13	2.05e-08	5.27e-05	6.00e-03	1.31e-01	4.32e-01	2.51e-01	1.08e-01	6.90e-02	3.06e-03	3.72e-05
 2.04126e+22	2.69e-13	2.60e-08	6.40e-05	6.88e-03	1.42e-01	4.42e-01	2.44e-01	1.01e-01	6.16e-02	2.57e-03	2.96e-05
 2.06923e+22	3.37e-13	3.14e-08	7.43e-05	7.65e-03	1.51e-01	4.50e-01	2.37e-01	9.59e-02	5.63e-02	2.25e-03	2.47e-05
 2.09801e+22	4.52e-13	4.02e-08	9.04e-05	8.78e-03	1.63e-01	4.59e-01	2.29e-01	8.90e-02	4.98e-02	1.87e-03	1.94e-05
 2.12713e+22	5.69e-13	4.86e-08	1.05e-04	9.74e-03	1.72e-01	4.65e-01	2.22e-01	8.38e-02	4.52e-02	1.62e-03	1.61e-05
 2.15668e+22	7.71e-13	6.25e-08	1.28e-04	1.12e-02	1.86e-01	4.72e-01	2.12e-01	7.73e-02	3.97e-02	1.34e-03	1.25e-05
 2.18659e+22	9.74e-13	7.57e-08	1.48e-04	1.24e-02	1.96e-01	4.77e-01	2.05e-01	7.24e-02	3.59e-02	1.16e-03	1.03e-05
 2.21697e+22	1.33e-12	9.76e-08	1.80e-04	1.41e-02	2.10e-01	4.82e-01	1.95e-01	6.63e-02	3.13e-02	9.47e-04	7.91e-06
 2.24661e+22	1.65e-12	1.16e-07	2.07e-04	1.55e-02	2.21e-01	4.84e-01	1.88e-01	6.21e-02	2.84e-02	8.23e-04	6.58e-06
 2.27528e+22	2.21e-12	1.47e-07	2.48e-04	1.75e-02	2.35e-01	4.87e-01	1.78e-01	5.69e-02	2.48e-02	6.79e-04	5.12e-06
 2.30501e+22	2.79e-12	1.78e-07	2.85e-04	1.92e-02	2.46e-01	4.87e-01	1.71e-01	5.29e-02	2.23e-02	5.81e-04	4.19e-06
 2.33040e+22	3.44e-12	2.10e-07	3.24e-04	2.09e-02	2.57e-01	4.88e-01	1.64e-01	4.96e-02	2.02e-02	5.05e-04	3.49e-06
 2.35773e+22	4.51e-12	2.61e-07	3.82e-04	2.33e-02	2.70e-01	4.87e-01	1.56e-01	4.54e-02	1.77e-02	4.20e-04	2.75e-06
 2.38507e+22	5.56e-12	3.09e-07	4.33e-04	2.52e-02	2.81e-01	4.85e-01	1.49e-01	4.24e-02	1.60e-02	3.64e-04	2.28e-06
 2.41244e+22	7.18e-12	3.79e-07	5.05e-04	2.79e-02	2.94e-01	4.83e-01	1.41e-01	3.88e-02	1.41e-02	3.04e-04	1.81e-06
 2.44090e+22	9.08e-12	4.56e-07	5.80e-04	3.05e-02	3.07e-01	4.80e-01	1.34e-01	3.58e-02	1.26e-02	2.58e-04	1.46e-06
 2.46632e+22	1.12e-11	5.38e-07	6.56e-04	3.30e-02	3.18e-01	4.77e-01	1.27e-01	3.33e-02	1.13e-02	2.22e-04	1.21e-06
 2.49492e+22	1.45e-11	6.63e-07	7.66e-04	3.63e-02	3.32e-01	4.71e-01	1.20e-01	3.03e-02	9.87e-03	1.83e-04	9.45e-07
 2.52497e+22	1.85e-11	8.02e-07	8.82e-04	3.97e-02	3.44e-01	4.66e-01	1.13e-01	2.77e-02	8.69e-03	1.54e-04	7.53e-07
 2.55229e+22	2.31e-11	9.56e-07	1.00e-03	4.30e-02	3.56e-01	4.60e-01	1.06e-01	2.55e-02	7.72e-03	1.30e-04	6.09e-07
 2.58316e+22	3.06e-11	1.19e-06	1.18e-03	4.76e-02	3.71e-01	4.52e-01	9.88e-02	2.29e-02	6.64e-03	1.06e-04	4.66e-07
 2.61494e+22	3.91e-11	1.44e-06	1.36e-03	5.19e-02	3.83e-01	4.44e-01	9.24e-02	2.08e-02	5.80e-03	8.76e-05	3.67e-07
 2.64317e+22	4.90e-11	1.72e-06	1.54e-03	5.61e-02	3.95e-01	4.36e-01	8.67e-02	1.90e-02	5.11e-03	7.35e-05	2.93e-07
 2.67513e+22	6.50e-11	2.15e-06	1.81e-03	6.18e-02	4.09e-01	4.26e-01	7.98e-02	1.70e-02	4.35e-03	5.89e-05	2.22e-07
 2.70824e+22	8.35e-11	2.61e-06	2.09e-03	6.73e-02	4.22e-01	4.16e-01	7.40e-02	1.53e-02	3.77e-03	4.83e-05	1.72e-07
 2.73793e+22	1.05e-10	3.13e-06	2.38e-03	7.27e-02	4.33e-01	4.06e-01	6.89e-02	1.39e-02	3.29e-03	4.00e-05	1.35e-07
 2.77162e+22	1.42e-10	3.94e-06	2.81e-03	8.01e-02	4.47e-01	3.93e-01	6.27e-02	1.22e-02	2.75e-03	3.14e-05	0.00e+00
 2.80635e+22	1.82e-10	4.79e-06	3.23e-03	8.69e-02	4.58e-01	3.81e-01	5.77e-02	1.09e-02	2.36e-03	2.55e-05	0.00e+00
 2.84245e+22	2.49e-10	6.09e-06	3.84e-03	9.59e-02	4.71e-01	3.66e-01	5.19e-02	9.51e-03	1.95e-03	1.96e-05	0.00e+00
 2.87895e+22	3.21e-10	7.41e-06	4.41e-03	1.04e-01	4.81e-01	3.53e-01	4.75e-02	8.47e-03	1.66e-03	1.58e-05	0.00e+00
 2.91106e+22	4.10e-10	8.95e-06	5.04e-03	1.12e-01	4.90e-01	3.41e-01	4.35e-02	7.56e-03	1.42e-03	1.27e-05	0.00e+00
 2.94793e+22	5.62e-10	1.14e-05	5.98e-03	1.23e-01	5.01e-01	3.24e-01	3.87e-02	6.51e-03	1.16e-03	9.66e-06	0.00e+00
 2.98520e+22	7.26e-10	1.39e-05	6.86e-03	1.33e-01	5.08e-01	3.10e-01	3.50e-02	5.76e-03	9.77e-04	7.69e-06	0.00e+00
 3.02299e+22	9.90e-10	1.76e-05	8.10e-03	1.45e-01	5.17e-01	2.94e-01	3.10e-02	4.94e-03	7.92e-04	5.79e-06	0.00e+00
 3.06136e+22	1.28e-09	2.14e-05	9.28e-03	1.56e-01	5.22e-01	2.79e-01	2.79e-02	4.34e-03	6.62e-04	4.56e-06	0.00e+00
 3.10049e+22	1.77e-09	2.73e-05	1.10e-02	1.70e-01	5.28e-01	2.62e-01	2.44e-02	3.68e-03	5.28e-04	3.36e-06	0.00e+00
 3.14000e+22	2.29e-09	3.32e-05	1.26e-02	1.82e-01	5.32e-01	2.48e-01	2.18e-02	3.22e-03	4.39e-04	2.63e-06	0.00e+00
 3.18004e+22	3.17e-09	4.25e-05	1.49e-02	1.99e-01	5.34e-01	2.30e-01	1.89e-02	2.70e-03	3.45e-04	1.91e-06	0.00e+00
 3.22044e+22	4.09e-09	5.15e-05	1.70e-02	2.12e-01	5.35e-01	2.17e-01	1.68e-02	2.35e-03	2.86e-04	1.48e-06	0.00e+00
 3.26132e+22	5.68e-09	6.59e-05	2.01e-02	2.30e-01	5.34e-01	2.00e-01	1.44e-02	1.96e-03	2.22e-04	1.06e-06	0.00e+00
 3.30276e+22	7.35e-09	8.00e-05	2.29e-02	2.45e-01	5.32e-01	1.86e-01	1.27e-02	1.69e-03	1.82e-04	8.12e-07	0.00e+00
 3.33873e+22	9.39e-09	9.60e-05	2.59e-02	2.59e-01	5.28e-01	1.74e-01	1.12e-02	1.46e-03	1.50e-04	6.28e-07	0.00e+00
 3.37926e+22	1.29e-08	1.21e-04	3.03e-02	2.78e-01	5.22e-01	1.59e-01	9.53e-03	1.21e-03	1.16e-04	4.47e-07	0.00e+00
 3.41791e+22	1.59e-08	1.42e-04	3.36e-02	2.91e-01	5.17e-01	1.49e-01	8.52e-03	1.06e-03	9.70e-05	3.55e-07	0.00e+00
 3.45410e+22	2.11e-08	1.75e-04	3.86e-02	3.08e-01	5.08e-01	1.36e-01	7.31e-03	8.95e-04	7.65e-05	2.59e-07	0.00e+00
 3.49027e+22	2.60e-08	2.04e-04	4.27e-02	3.22e-01	5.01e-01	1.27e-01	6.50e-03	7.83e-04	6.38e-05	2.04e-07	0.00e+00
 3.52641e+22	3.37e-08	2.47e-04	4.85e-02	3.38e-01	4.91e-01	1.16e-01	5.61e-03	6.60e-04	5.07e-05	1.51e-07	0.00e+00
 3.56392e+22	4.26e-08	2.94e-04	5.42e-02	3.53e-01	4.80e-01	1.07e-01	4.88e-03	5.65e-04	4.10e-05	0.00e+00	0.00e+00
 3.59760e+22	5.27e-08	3.43e-04	5.99e-02	3.67e-01	4.70e-01	9.86e-02	4.30e-03	4.89e-04	3.38e-05	0.00e+00	0.00e+00
 3.63581e+22	6.92e-08	4.19e-04	6.80e-02	3.84e-01	4.55e-01	8.87e-02	3.64e-03	4.04e-04	2.62e-05	0.00e+00	0.00e+00
 3.67460e+22	8.66e-08	4.93e-04	7.55e-02	3.98e-01	4.42e-01	8.09e-02	3.15e-03	3.44e-04	2.11e-05	0.00e+00	0.00e+00
 3.70899e+22	1.07e-07	5.75e-04	8.31e-02	4.11e-01	4.29e-01	7.40e-02	2.75e-03	2.95e-04	1.71e-05	0.00e+00	0.00e+00
 3.74853e+22	1.41e-07	7.00e-04	9.41e-02	4.27e-01	4.11e-01	6.57e-02	2.29e-03	2.40e-04	1.30e-05	0.00e+00	0.00e+00
 3.78516e+22	1.69e-07	7.98e-04	1.02e-01	4.37e-01	3.98e-01	6.04e-02	2.02e-03	2.09e-04	1.08e-05	0.00e+00	0.00e+00
 3.81801e+22	2.10e-07	9.32e-04	1.12e-01	4.48e-01	3.82e-01	5.45e-02	1.74e-03	1.76e-04	8.61e-06	0.00e+00	0.00e+00
 3.85163e+22	2.52e-07	1.06e-03	1.22e-01	4.57e-01	3.68e-01	4.97e-02	1.52e-03	1.51e-04	7.07e-06	0.00e+00	0.00e+00
 3.88142e+22	2.99e-07	1.20e-03	1.31e-01	4.65e-01	3.55e-01	4.56e-02	1.34e-03	1.31e-04	5.86e-06	0.00e+00	0.00e+00
 3.91532e+22	3.71e-07	1.40e-03	1.44e-01	4.75e-01	3.38e-01	4.07e-02	1.14e-03	1.09e-04	4.61e-06	0.00e+00	0.00e+00
 3.94978e+22	4.45e-07	1.59e-03	1.55e-01	4.82e-01	3.23e-01	3.69e-02	9.94e-04	9.33e-05	3.75e-06	0.00e+00	0.00e+00
 3.98011e+22	5.29e-07	1.80e-03	1.67e-01	4.87e-01	3.09e-01	3.35e-02	8.68e-04	8.00e-05	3.07e-06	0.00e+00	0.00e+00
 4.01468e+22	6.55e-07	2.09e-03	1.82e-01	4.93e-01	2.92e-01	2.96e-02	7.32e-04	6.58e-05	2.38e-06	0.00e+00	0.00e+00
 4.04981e+22	7.82e-07	2.37e-03	1.96e-01	4.98e-01	2.77e-01	2.65e-02	6.32e-04	5.56e-05	1.92e-06	0.00e+00	0.00e+00
 4.08085e+22	9.25e-07	2.66e-03	2.10e-01	5.00e-01	2.63e-01	2.39e-02	5.49e-04	4.73e-05	1.56e-06	0.00e+00	0.00e+00
 4.11637e+22	1.14e-06	3.08e-03	2.28e-01	5.03e-01	2.45e-01	2.08e-02	4.57e-04	3.83e-05	1.19e-06	0.00e+00	0.00e+00
 4.15243e+22	1.36e-06	3.47e-03	2.44e-01	5.03e-01	2.31e-01	1.85e-02	3.91e-04	3.21e-05	9.48e-07	0.00e+00	0.00e+00
 4.18436e+22	1.61e-06	3.89e-03	2.59e-01	5.03e-01	2.17e-01	1.65e-02	3.36e-04	2.69e-05	7.60e-07	0.00e+00	0.00e+00
 4.22104e+22	1.98e-06	4.49e-03	2.80e-01	5.00e-01	2.00e-01	1.42e-02	2.76e-04	2.14e-05	5.70e-07	0.00e+00	0.00e+00
 4.25832e+22	2.35e-06	5.05e-03	2.99e-01	4.97e-01	1.86e-01	1.25e-02	2.34e-04	1.77e-05	4.48e-07	0.00e+00	0.00e+00
 4.29636e+22	2.89e-06	5.79e-03	3.21e-01	4.92e-01	1.70e-01	1.06e-02	1.91e-04	1.39e-05	3.33e-07	0.00e+00	0.00e+00
 4.33528e+22	3.46e-06	6.54e-03	3.42e-01	4.85e-01	1.57e-01	9.17e-03	1.59e-04	1.12e-05	2.55e-07	0.00e+00	0.00e+00
 4.36947e+22	4.07e-06	7.29e-03	3.61e-01	4.79e-01	1.45e-01	8.01e-03	1.34e-04	9.20e-06	1.99e-07	0.00e+00	0.00e+00
 4.40807e+22	4.98e-06	8.34e-03	3.86e-01	4.68e-01	1.30e-01	6.71e-03	1.08e-04	7.11e-06	1.45e-07	0.00e+00	0.00e+00
 4.43731e+22	5.37e-06	8.76e-03	3.96e-01	4.64e-01	1.25e-01	6.27e-03	9.89e-05	6.45e-06	0.00e+00	0.00e+00	0.00e+00
 4.45438e+22	5.90e-06	9.32e-03	4.08e-01	4.58e-01	1.19e-01	5.75e-03	8.90e-05	5.69e-06	0.00e+00	0.00e+00	0.00e+00
 4.47658e+22	6.59e-06	1.00e-02	4.22e-01	4.51e-01	1.12e-01	5.18e-03	7.85e-05	4.90e-06	0.00e+00	0.00e+00	0.00e+00
 4.50543e+22	7.59e-06	1.10e-02	4.41e-01	4.41e-01	1.03e-01	4.53e-03	6.66e-05	4.03e-06	0.00e+00	0.00e+00	0.00e+00
 4.54294e+22	9.24e-06	1.25e-02	4.67e-01	4.26e-01	9.09e-02	3.73e-03	5.27e-05	3.05e-06	0.00e+00	0.00e+00	0.00e+00
 4.57674e+22	1.04e-05	1.34e-02	4.82e-01	4.16e-01	8.45e-02	3.32e-03	4.58e-05	2.58e-06	0.00e+00	0.00e+00	0.00e+00
 4.60571e+22	1.19e-05	1.47e-02	5.02e-01	4.04e-01	7.69e-02	2.86e-03	3.84e-05	2.09e-06	0.00e+00	0.00e+00	0.00e+00
 4.63599e+22	1.35e-05	1.58e-02	5.18e-01	3.93e-01	7.07e-02	2.51e-03	3.29e-05	1.73e-06	0.00e+00	0.00e+00	0.00e+00
 4.66798e+22	1.56e-05	1.74e-02	5.39e-01	3.78e-01	6.34e-02	2.12e-03	2.70e-05	1.37e-06	0.00e+00	0.00e+00	0.00e+00
 4.70028e+22	1.76e-05	1.87e-02	5.55e-01	3.66e-01	5.79e-02	1.85e-03	2.30e-05	1.12e-06	0.00e+00	0.00e+00	0.00e+00
 4.73300e+22	2.05e-05	2.06e-02	5.76e-01	3.51e-01	5.15e-02	1.55e-03	1.87e-05	8.76e-07	0.00e+00	0.00e+00	0.00e+00
 4.76593e+22	2.31e-05	2.21e-02	5.92e-01	3.38e-01	4.68e-02	1.34e-03	1.58e-05	7.13e-07	0.00e+00	0.00e+00	0.00e+00
 4.79915e+22	2.68e-05	2.42e-02	6.12e-01	3.22e-01	4.13e-02	1.11e-03	1.28e-05	5.51e-07	0.00e+00	0.00e+00	0.00e+00
 4.83285e+22	3.02e-05	2.61e-02	6.27e-01	3.08e-01	3.72e-02	9.55e-04	1.07e-05	4.43e-07	0.00e+00	0.00e+00	0.00e+00
 4.86716e+22	3.50e-05	2.85e-02	6.46e-01	2.92e-01	3.26e-02	7.86e-04	8.53e-06	3.38e-07	0.00e+00	0.00e+00	0.00e+00
 4.90200e+22	3.96e-05	3.06e-02	6.61e-01	2.78e-01	2.91e-02	6.68e-04	7.07e-06	2.69e-07	0.00e+00	0.00e+00	0.00e+00
 4.93751e+22	4.59e-05	3.34e-02	6.79e-01	2.61e-01	2.52e-02	5.43e-04	5.59e-06	2.01e-07	0.00e+00	0.00e+00	0.00e+00
 4.97366e+22	5.19e-05	3.59e-02	6.93e-01	2.48e-01	2.23e-02	4.57e-04	4.58e-06	1.58e-07	0.00e+00	0.00e+00	0.00e+00
 5.01062e+22	6.04e-05	3.92e-02	7.10e-01	2.31e-01	1.91e-02	3.67e-04	3.57e-06	0.00e+00	0.00e+00	0.00e+00	0.00e+00
 5.04836e+22	6.84e-05	4.21e-02	7.23e-01	2.17e-01	1.67e-02	3.05e-04	2.89e-06	0.00e+00	0.00e+00	0.00e+00	0.00e+00
 5.08710e+22	7.99e-05	4.60e-02	7.39e-01	2.01e-01	1.41e-02	2.41e-04	2.21e-06	0.00e+00	0.00e+00	0.00e+00	0.00e+00
 5.12655e+22	9.07e-05	4.94e-02	7.50e-01	1.88e-01	1.22e-02	1.98e-04	1.77e-06	0.00e+00	0.00e+00	0.00e+00	0.00e+00
 5.16692e+22	1.06e-04	5.39e-02	7.64e-01	1.72e-01	1.02e-02	1.54e-04	1.33e-06	0.00e+00	0.00e+00	0.00e+00	0.00e+00
 5.20784e+22	1.20e-04	5.78e-02	7.73e-01	1.60e-01	8.77e-03	1.26e-04	1.05e-06	0.00e+00	0.00e+00	0.00e+00	0.00e+00
 5.24946e+22	1.40e-04	6.29e-02	7.84e-01	1.45e-01	7.24e-03	9.75e-05	7.88e-07	0.00e+00	0.00e+00	0.00e+00	0.00e+00
 5.29212e+22	1.60e-04	6.76e-02	7.92e-01	1.34e-01	6.13e-03	7.81e-05	6.11e-07	0.00e+00	0.00e+00	0.00e+00	0.00e+00
 5.33612e+22	1.90e-04	7.39e-02	8.01e-01	1.20e-01	4.94e-03	5.87e-05	4.41e-07	0.00e+00	0.00e+00	0.00e+00	0.00e+00
 5.38005e+22	2.15e-04	7.91e-02	8.06e-01	1.10e-01	4.19e-03	4.73e-05	3.44e-07	0.00e+00	0.00e+00	0.00e+00	0.00e+00
 5.42390e+22	2.52e-04	8.60e-02	8.12e-01	9.83e-02	3.37e-03	3.57e-05	2.49e-07	0.00e+00	0.00e+00	0.00e+00	0.00e+00
 5.46925e+22	2.88e-04	9.22e-02	8.15e-01	8.92e-02	2.80e-03	2.82e-05	1.89e-07	0.00e+00	0.00e+00	0.00e+00	0.00e+00
 5.51656e+22	3.43e-04	1.01e-01	8.18e-01	7.82e-02	2.19e-03	2.06e-05	1.32e-07	0.00e+00	0.00e+00	0.00e+00	0.00e+00
 5.56442e+22	3.92e-04	1.08e-01	8.19e-01	7.05e-02	1.81e-03	1.62e-05	0.00e+00	0.00e+00	0.00e+00	0.00e+00	0.00e+00
 5.61297e+22	4.68e-04	1.18e-01	8.19e-01	6.12e-02	1.40e-03	1.17e-05	0.00e+00	0.00e+00	0.00e+00	0.00e+00	0.00e+00
 5.66318e+22	5.39e-04	1.27e-01	8.17e-01	5.44e-02	1.13e-03	9.00e-06	0.00e+00	0.00e+00	0.00e+00	0.00e+00	0.00e+00
 5.71555e+22	6.53e-04	1.40e-01	8.13e-01	4.62e-02	8.51e-04	6.30e-06	0.00e+00	0.00e+00	0.00e+00	0.00e+00	0.00e+00
 5.76942e+22	7.62e-04	1.51e-01	8.08e-01	4.04e-02	6.75e-04	4.73e-06	0.00e+00	0.00e+00	0.00e+00	0.00e+00	0.00e+00
 5.82524e+22	9.32e-04	1.66e-01	7.99e-01	3.37e-02	4.94e-04	3.22e-06	0.00e+00	0.00e+00	0.00e+00	0.00e+00	0.00e+00
 5.88340e+22	1.11e-03	1.80e-01	7.90e-01	2.87e-02	3.80e-04	2.33e-06	0.00e+00	0.00e+00	0.00e+00	0.00e+00	0.00e+00
 5.94428e+22	1.38e-03	1.99e-01	7.76e-01	2.32e-02	2.68e-04	1.52e-06	0.00e+00	0.00e+00	0.00e+00	0.00e+00	0.00e+00
 6.00628e+22	1.66e-03	2.17e-01	7.62e-01	1.93e-02	2.02e-04	1.07e-06	0.00e+00	0.00e+00	0.00e+00	0.00e+00	0.00e+00
 6.05450e+22	1.90e-03	2.31e-01	7.50e-01	1.68e-02	1.63e-04	8.18e-07	0.00e+00	0.00e+00	0.00e+00	0.00e+00	0.00e+00
 6.10161e+22	2.26e-03	2.48e-01	7.35e-01	1.39e-02	1.23e-04	5.75e-07	0.00e+00	0.00e+00	0.00e+00	0.00e+00	0.00e+00
 6.15012e+22	2.64e-03	2.66e-01	7.20e-01	1.18e-02	9.61e-05	4.21e-07	0.00e+00	0.00e+00	0.00e+00	0.00e+00	0.00e+00
 6.20046e+22	3.19e-03	2.87e-01	7.00e-01	9.43e-03	7.03e-05	2.81e-07	0.00e+00	0.00e+00	0.00e+00	0.00e+00	0.00e+00
 6.25217e+22	3.78e-03	3.08e-01	6.81e-01	7.70e-03	5.34e-05	1.95e-07	0.00e+00	0.00e+00	0.00e+00	0.00e+00	0.00e+00
 6.30569e+22	4.64e-03	3.33e-01	6.56e-01	5.90e-03	3.76e-05	1.21e-07	0.00e+00	0.00e+00	0.00e+00	0.00e+00	0.00e+00
 6.35475e+22	5.38e-03	3.52e-01	6.37e-01	4.82e-03	2.92e-05	0.00e+00	0.00e+00	0.00e+00	0.00e+00	0.00e+00	0.00e+00
 6.39066e+22	6.09e-03	3.69e-01	6.21e-01	4.02e-03	2.34e-05	0.00e+00	0.00e+00	0.00e+00	0.00e+00	0.00e+00	0.00e+00
 6.42999e+22	7.10e-03	3.89e-01	6.01e-01	3.18e-03	1.77e-05	0.00e+00	0.00e+00	0.00e+00	0.00e+00	0.00e+00	0.00e+00
 6.47258e+22	8.29e-03	4.09e-01	5.80e-01	2.47e-03	1.32e-05	0.00e+00	0.00e+00	0.00e+00	0.00e+00	0.00e+00	0.00e+00
 6.51188e+22	9.55e-03	4.27e-01	5.62e-01	1.91e-03	1.00e-05	0.00e+00	0.00e+00	0.00e+00	0.00e+00	0.00e+00	0.00e+00
 6.54880e+22	1.09e-02	4.44e-01	5.44e-01	1.47e-03	7.57e-06	0.00e+00	0.00e+00	0.00e+00	0.00e+00	0.00e+00	0.00e+00
 6.58340e+22	1.24e-02	4.59e-01	5.28e-01	1.13e-03	5.75e-06	0.00e+00	0.00e+00	0.00e+00	0.00e+00	0.00e+00	0.00e+00
 6.61524e+22	1.39e-02	4.71e-01	5.14e-01	8.66e-04	4.40e-06	0.00e+00	0.00e+00	0.00e+00	0.00e+00	0.00e+00	0.00e+00
 6.64428e+22	1.55e-02	4.82e-01	5.02e-01	6.66e-04	3.39e-06	0.00e+00	0.00e+00	0.00e+00	0.00e+00	0.00e+00	0.00e+00
 6.67066e+22	1.71e-02	4.90e-01	4.92e-01	5.17e-04	2.66e-06	0.00e+00	0.00e+00	0.00e+00	0.00e+00	0.00e+00	0.00e+00
 6.69469e+22	1.87e-02	4.96e-01	4.84e-01	4.06e-04	2.11e-06	0.00e+00	0.00e+00	0.00e+00	0.00e+00	0.00e+00	0.00e+00
 6.71664e+22	2.03e-02	5.01e-01	4.79e-01	3.22e-04	1.70e-06	0.00e+00	0.00e+00	0.00e+00	0.00e+00	0.00e+00	0.00e+00
 6.73036e+22	2.10e-02	5.00e-01	4.79e-01	2.84e-04	1.51e-06	0.00e+00	0.00e+00	0.00e+00	0.00e+00	0.00e+00	0.00e+00
 6.73534e+22	2.13e-02	5.00e-01	4.78e-01	2.71e-04	1.44e-06	0.00e+00	0.00e+00	0.00e+00	0.00e+00	0.00e+00	0.00e+00
 6.73928e+22	2.17e-02	5.01e-01	4.77e-01	2.59e-04	1.39e-06	0.00e+00	0.00e+00	0.00e+00	0.00e+00	0.00e+00	0.00e+00
 6.74438e+22	2.22e-02	5.01e-01	4.76e-01	2.45e-04	1.31e-06	0.00e+00	0.00e+00	0.00e+00	0.00e+00	0.00e+00	0.00e+00
 6.75039e+22	2.27e-02	5.02e-01	4.75e-01	2.29e-04	1.24e-06	0.00e+00	0.00e+00	0.00e+00	0.00e+00	0.00e+00	0.00e+00
 6.75641e+22	2.32e-02	5.02e-01	4.74e-01	2.15e-04	1.17e-06	0.00e+00	0.00e+00	0.00e+00	0.00e+00	0.00e+00	0.00e+00
 6.76228e+22	2.38e-02	5.03e-01	4.73e-01	2.02e-04	1.10e-06	0.00e+00	0.00e+00	0.00e+00	0.00e+00	0.00e+00	0.00e+00
 6.76809e+22	2.42e-02	5.02e-01	4.73e-01	1.90e-04	1.04e-06	0.00e+00	0.00e+00	0.00e+00	0.00e+00	0.00e+00	0.00e+00
 6.77406e+22	2.48e-02	5.02e-01	4.73e-01	1.79e-04	9.85e-07	0.00e+00	0.00e+00	0.00e+00	0.00e+00	0.00e+00	0.00e+00
 6.78027e+22	2.54e-02	5.03e-01	4.72e-01	1.67e-04	9.28e-07	0.00e+00	0.00e+00	0.00e+00	0.00e+00	0.00e+00	0.00e+00
 6.78625e+22	2.59e-02	5.02e-01	4.72e-01	1.58e-04	8.80e-07	0.00e+00	0.00e+00	0.00e+00	0.00e+00	0.00e+00	0.00e+00
 6.79222e+22	2.65e-02	5.01e-01	4.72e-01	1.49e-04	8.34e-07	0.00e+00	0.00e+00	0.00e+00	0.00e+00	0.00e+00	0.00e+00
 6.79849e+22	2.71e-02	5.01e-01	4.72e-01	1.40e-04	7.89e-07	0.00e+00	0.00e+00	0.00e+00	0.00e+00	0.00e+00	0.00e+00
 6.80498e+22	2.77e-02	4.99e-01	4.73e-01	1.32e-04	7.48e-07	0.00e+00	0.00e+00	0.00e+00	0.00e+00	0.00e+00	0.00e+00
 6.81168e+22	2.83e-02	4.98e-01	4.73e-01	1.24e-04	7.07e-07	0.00e+00	0.00e+00	0.00e+00	0.00e+00	0.00e+00	0.00e+00
 6.81848e+22	2.89e-02	4.97e-01	4.74e-01	1.16e-04	6.71e-07	0.00e+00	0.00e+00	0.00e+00	0.00e+00	0.00e+00	0.00e+00
 6.82558e+22	2.96e-02	4.95e-01	4.75e-01	1.09e-04	6.35e-07	0.00e+00	0.00e+00	0.00e+00	0.00e+00	0.00e+00	0.00e+00
 6.83301e+22	3.03e-02	4.94e-01	4.76e-01	1.03e-04	6.02e-07	0.00e+00	0.00e+00	0.00e+00	0.00e+00	0.00e+00	0.00e+00
 6.84039e+22	3.10e-02	4.92e-01	4.77e-01	9.66e-05	5.71e-07	0.00e+00	0.00e+00	0.00e+00	0.00e+00	0.00e+00	0.00e+00
 6.84619e+22	3.13e-02	4.90e-01	4.79e-01	9.30e-05	5.54e-07	0.00e+00	0.00e+00	0.00e+00	0.00e+00	0.00e+00	0.00e+00
 6.85006e+22	3.16e-02	4.89e-01	4.80e-01	9.04e-05	5.41e-07	0.00e+00	0.00e+00	0.00e+00	0.00e+00	0.00e+00	0.00e+00
 6.85376e+22	3.20e-02	4.88e-01	4.80e-01	8.79e-05	5.28e-07	0.00e+00	0.00e+00	0.00e+00	0.00e+00	0.00e+00	0.00e+00
 6.85805e+22	3.25e-02	4.87e-01	4.80e-01	8.51e-05	5.14e-07	0.00e+00	0.00e+00	0.00e+00	0.00e+00	0.00e+00	0.00e+00
 6.86273e+22	3.29e-02	4.86e-01	4.81e-01	8.24e-05	5.00e-07	0.00e+00	0.00e+00	0.00e+00	0.00e+00	0.00e+00	0.00e+00
 6.86738e+22	3.34e-02	4.85e-01	4.82e-01	7.98e-05	4.87e-07	0.00e+00	0.00e+00	0.00e+00	0.00e+00	0.00e+00	0.00e+00
 6.87191e+22	3.38e-02	4.84e-01	4.82e-01	7.75e-05	4.76e-07	0.00e+00	0.00e+00	0.00e+00	0.00e+00	0.00e+00	0.00e+00
 6.87649e+22	3.43e-02	4.83e-01	4.83e-01	7.52e-05	4.64e-07	0.00e+00	0.00e+00	0.00e+00	0.00e+00	0.00e+00	0.00e+00
 6.88120e+22	3.47e-02	4.82e-01	4.83e-01	7.30e-05	4.54e-07	0.00e+00	0.00e+00	0.00e+00	0.00e+00	0.00e+00	0.00e+00
 6.88604e+22	3.53e-02	4.81e-01	4.83e-01	7.08e-05	4.43e-07	0.00e+00	0.00e+00	0.00e+00	0.00e+00	0.00e+00	0.00e+00
 6.89086e+22	3.57e-02	4.80e-01	4.84e-01	6.89e-05	4.33e-07	0.00e+00	0.00e+00	0.00e+00	0.00e+00	0.00e+00	0.00e+00
 6.89580e+22	3.63e-02	4.79e-01	4.84e-01	6.69e-05	4.23e-07	0.00e+00	0.00e+00	0.00e+00	0.00e+00	0.00e+00	0.00e+00
 6.90094e+22	3.69e-02	4.79e-01	4.84e-01	6.50e-05	4.13e-07	0.00e+00	0.00e+00	0.00e+00	0.00e+00	0.00e+00	0.00e+00
 6.90607e+22	3.75e-02	4.78e-01	4.84e-01	6.31e-05	4.04e-07	0.00e+00	0.00e+00	0.00e+00	0.00e+00	0.00e+00	0.00e+00
 6.91119e+22	3.81e-02	4.78e-01	4.84e-01	6.14e-05	3.96e-07	0.00e+00	0.00e+00	0.00e+00	0.00e+00	0.00e+00	0.00e+00
 6.91653e+22	3.88e-02	4.77e-01	4.84e-01	5.96e-05	3.87e-07	0.00e+00	0.00e+00	0.00e+00	0.00e+00	0.00e+00	0.00e+00
 6.92214e+22	3.95e-02	4.77e-01	4.83e-01	5.79e-05	3.78e-07	0.00e+00	0.00e+00	0.00e+00	0.00e+00	0.00e+00	0.00e+00
 6.92778e+22	4.04e-02	4.77e-01	4.82e-01	5.62e-05	3.70e-07	0.00e+00	0.00e+00	0.00e+00	0.00e+00	0.00e+00	0.00e+00
 6.93341e+22	4.11e-02	4.77e-01	4.81e-01	5.46e-05	3.62e-07	0.00e+00	0.00e+00	0.00e+00	0.00e+00	0.00e+00	0.00e+00
 6.93923e+22	4.20e-02	4.78e-01	4.80e-01	5.30e-05	3.54e-07	0.00e+00	0.00e+00	0.00e+00	0.00e+00	0.00e+00	0.00e+00
 6.94535e+22	4.30e-02	4.78e-01	4.79e-01	5.15e-05	3.46e-07	0.00e+00	0.00e+00	0.00e+00	0.00e+00	0.00e+00	0.00e+00
 6.95165e+22	4.40e-02	4.79e-01	4.77e-01	4.99e-05	3.39e-07	0.00e+00	0.00e+00	0.00e+00	0.00e+00	0.00e+00	0.00e+00
 6.95806e+22	4.51e-02	4.80e-01	4.75e-01	4.84e-05	3.31e-07	0.00e+00	0.00e+00	0.00e+00	0.00e+00	0.00e+00	0.00e+00
 6.96456e+22	4.62e-02	4.81e-01	4.73e-01	4.69e-05	3.24e-07	0.00e+00	0.00e+00	0.00e+00	0.00e+00	0.00e+00	0.00e+00
 6.97123e+22	4.75e-02	4.82e-01	4.70e-01	4.55e-05	3.16e-07	0.00e+00	0.00e+00	0.00e+00	0.00e+00	0.00e+00	0.00e+00
 6.97821e+22	4.88e-02	4.83e-01	4.68e-01	4.40e-05	3.09e-07	0.00e+00	0.00e+00	0.00e+00	0.00e+00	0.00e+00	0.00e+00
 6.98539e+22	5.03e-02	4.85e-01	4.65e-01	4.26e-05	3.01e-07	0.00e+00	0.00e+00	0.00e+00	0.00e+00	0.00e+00	0.00e+00
 6.99271e+22	5.18e-02	4.87e-01	4.61e-01	4.12e-05	2.94e-07	0.00e+00	0.00e+00	0.00e+00	0.00e+00	0.00e+00	0.00e+00
 7.00023e+22	5.34e-02	4.89e-01	4.58e-01	3.98e-05	2.87e-07	0.00e+00	0.00e+00	0.00e+00	0.00e+00	0.00e+00	0.00e+00
 7.00803e+22	5.52e-02	4.91e-01	4.54e-01	3.85e-05	2.79e-07	0.00e+00	0.00e+00	0.00e+00	0.00e+00	0.00e+00	0.00e+00
 7.01602e+22	5.69e-02	4.93e-01	4.50e-01	3.72e-05	2.72e-07	0.00e+00	0.00e+00	0.00e+00	0.00e+00	0.00e+00	0.00e+00
 7.02403e+22	5.89e-02	4.96e-01	4.45e-01	3.59e-05	2.65e-07	0.00e+00	0.00e+00	0.00e+00	0.00e+00	0.00e+00	0.00e+00
 7.03215e+22	6.10e-02	4.98e-01	4.40e-01	3.46e-05	2.58e-07	0.00e+00	0.00e+00	0.00e+00	0.00e+00	0.00e+00	0.00e+00
 7.04060e+22	6.32e-02	5.01e-01	4.36e-01	3.34e-05	2.51e-07	0.00e+00	0.00e+00	0.00e+00	0.00e+00	0.00e+00	0.00e+00
 7.04905e+22	6.54e-02	5.04e-01	4.31e-01	3.22e-05	2.45e-07	0.00e+00	0.00e+00	0.00e+00	0.00e+00	0.00e+00	0.00e+00
 7.05741e+22	6.79e-02	5.07e-01	4.25e-01	3.11e-05	2.38e-07	0.00e+00	0.00e+00	0.00e+00	0.00e+00	0.00e+00	0.00e+00
 7.06613e+22	7.04e-02	5.10e-01	4.19e-01	2.99e-05	2.31e-07	0.00e+00	0.00e+00	0.00e+00	0.00e+00	0.00e+00	0.00e+00
 7.07510e+22	7.31e-02	5.13e-01	4.13e-01	2.88e-05	2.24e-07	0.00e+00	0.00e+00	0.00e+00	0.00e+00	0.00e+00	0.00e+00
 7.08406e+22	7.58e-02	5.17e-01	4.08e-01	2.78e-05	2.18e-07	0.00e+00	0.00e+00	0.00e+00	0.00e+00	0.00e+00	0.00e+00
 7.09319e+22	7.89e-02	5.20e-01	4.01e-01	2.67e-05	2.11e-07	0.00e+00	0.00e+00	0.00e+00	0.00e+00	0.00e+00	0.00e+00
 7.10261e+22	8.22e-02	5.23e-01	3.94e-01	2.57e-05	2.04e-07	0.00e+00	0.00e+00	0.00e+00	0.00e+00	0.00e+00	0.00e+00
 7.11221e+22	8.56e-02	5.27e-01	3.87e-01	2.47e-05	1.97e-07	0.00e+00	0.00e+00	0.00e+00	0.00e+00	0.00e+00	0.00e+00
 7.12192e+22	8.94e-02	5.31e-01	3.80e-01	2.37e-05	1.90e-07	0.00e+00	0.00e+00	0.00e+00	0.00e+00	0.00e+00	0.00e+00
 7.13190e+22	9.34e-02	5.34e-01	3.72e-01	2.27e-05	1.83e-07	0.00e+00	0.00e+00	0.00e+00	0.00e+00	0.00e+00	0.00e+00
 7.14214e+22	9.76e-02	5.38e-01	3.64e-01	2.17e-05	1.76e-07	0.00e+00	0.00e+00	0.00e+00	0.00e+00	0.00e+00	0.00e+00
 7.15227e+22	1.02e-01	5.41e-01	3.57e-01	2.08e-05	1.69e-07	0.00e+00	0.00e+00	0.00e+00	0.00e+00	0.00e+00	0.00e+00
 7.16193e+22	1.07e-01	5.45e-01	3.49e-01	1.98e-05	1.63e-07	0.00e+00	0.00e+00	0.00e+00	0.00e+00	0.00e+00	0.00e+00
 7.17086e+22	1.11e-01	5.48e-01	3.41e-01	1.88e-05	1.57e-07	0.00e+00	0.00e+00	0.00e+00	0.00e+00	0.00e+00	0.00e+00
 7.17913e+22	1.15e-01	5.51e-01	3.34e-01	1.79e-05	1.51e-07	0.00e+00	0.00e+00	0.00e+00	0.00e+00	0.00e+00	0.00e+00
 7.18677e+22	1.20e-01	5.53e-01	3.27e-01	1.71e-05	1.46e-07	0.00e+00	0.00e+00	0.00e+00	0.00e+00	0.00e+00	0.00e+00
 7.19413e+22	1.24e-01	5.55e-01	3.21e-01	1.64e-05	1.41e-07	0.00e+00	0.00e+00	0.00e+00	0.00e+00	0.00e+00	0.00e+00
 7.20152e+22	1.28e-01	5.57e-01	3.14e-01	1.57e-05	1.36e-07	0.00e+00	0.00e+00	0.00e+00	0.00e+00	0.00e+00	0.00e+00
 7.20878e+22	1.33e-01	5.60e-01	3.07e-01	1.49e-05	1.31e-07	0.00e+00	0.00e+00	0.00e+00	0.00e+00	0.00e+00	0.00e+00
 7.21557e+22	1.38e-01	5.61e-01	3.01e-01	1.43e-05	1.27e-07	0.00e+00	0.00e+00	0.00e+00	0.00e+00	0.00e+00	0.00e+00
 7.22190e+22	1.42e-01	5.63e-01	2.95e-01	1.37e-05	0.00e+00	0.00e+00	0.00e+00	0.00e+00	0.00e+00	0.00e+00	0.00e+00
 7.22827e+22	1.47e-01	5.64e-01	2.89e-01	1.32e-05	0.00e+00	0.00e+00	0.00e+00	0.00e+00	0.00e+00	0.00e+00	0.00e+00
 7.23440e+22	1.51e-01	5.66e-01	2.83e-01	1.27e-05	0.00e+00	0.00e+00	0.00e+00	0.00e+00	0.00e+00	0.00e+00	0.00e+00
 7.24020e+22	1.56e-01	5.67e-01	2.77e-01	1.22e-05	0.00e+00	0.00e+00	0.00e+00	0.00e+00	0.00e+00	0.00e+00	0.00e+00
 7.24595e+22	1.61e-01	5.68e-01	2.71e-01	1.17e-05	0.00e+00	0.00e+00	0.00e+00	0.00e+00	0.00e+00	0.00e+00	0.00e+00
 7.25147e+22	1.66e-01	5.69e-01	2.66e-01	1.12e-05	0.00e+00	0.00e+00	0.00e+00	0.00e+00	0.00e+00	0.00e+00	0.00e+00
 7.25666e+22	1.70e-01	5.70e-01	2.60e-01	1.08e-05	0.00e+00	0.00e+00	0.00e+00	0.00e+00	0.00e+00	0.00e+00	0.00e+00
 7.26173e+22	1.75e-01	5.70e-01	2.55e-01	1.04e-05	0.00e+00	0.00e+00	0.00e+00	0.00e+00	0.00e+00	0.00e+00	0.00e+00
 7.26668e+22	1.80e-01	5.71e-01	2.49e-01	1.01e-05	0.00e+00	0.00e+00	0.00e+00	0.00e+00	0.00e+00	0.00e+00	0.00e+00
 7.27133e+22	1.85e-01	5.71e-01	2.44e-01	9.71e-06	0.00e+00	0.00e+00	0.00e+00	0.00e+00	0.00e+00	0.00e+00	0.00e+00
 7.27557e+22	1.89e-01	5.71e-01	2.39e-01	9.40e-06	0.00e+00	0.00e+00	0.00e+00	0.00e+00	0.00e+00	0.00e+00	0.00e+00
 7.27942e+22	1.94e-01	5.71e-01	2.35e-01	9.12e-06	0.00e+00	0.00e+00	0.00e+00	0.00e+00	0.00e+00	0.00e+00	0.00e+00
 7.28292e+22	1.98e-01	5.71e-01	2.31e-01	8.86e-06	0.00e+00	0.00e+00	0.00e+00	0.00e+00	0.00e+00	0.00e+00	0.00e+00
 7.28611e+22	2.02e-01	5.71e-01	2.27e-01	8.63e-06	0.00e+00	0.00e+00	0.00e+00	0.00e+00	0.00e+00	0.00e+00	0.00e+00
 7.28902e+22	2.05e-01	5.71e-01	2.23e-01	8.42e-06	0.00e+00	0.00e+00	0.00e+00	0.00e+00	0.00e+00	0.00e+00	0.00e+00
 7.29166e+22	2.08e-01	5.71e-01	2.20e-01	8.24e-06	0.00e+00	0.00e+00	0.00e+00	0.00e+00	0.00e+00	0.00e+00	0.00e+00
 7.29455e+22	2.13e-01	5.71e-01	2.16e-01	8.01e-06	0.00e+00	0.00e+00	0.00e+00	0.00e+00	0.00e+00	0.00e+00	0.00e+00
 7.29768e+22	2.17e-01	5.71e-01	2.13e-01	7.80e-06	0.00e+00	0.00e+00	0.00e+00	0.00e+00	0.00e+00	0.00e+00	0.00e+00
 7.30052e+22	2.20e-01	5.70e-01	2.09e-01	7.62e-06	0.00e+00	0.00e+00	0.00e+00	0.00e+00	0.00e+00	0.00e+00	0.00e+00
 7.30311e+22	2.24e-01	5.70e-01	2.06e-01	7.44e-06	0.00e+00	0.00e+00	0.00e+00	0.00e+00	0.00e+00	0.00e+00	0.00e+00
 7.30547e+22	2.27e-01	5.70e-01	2.04e-01	7.31e-06	0.00e+00	0.00e+00	0.00e+00	0.00e+00	0.00e+00	0.00e+00	0.00e+00
 7.30805e+22	2.31e-01	5.69e-01	2.00e-01	7.12e-06	0.00e+00	0.00e+00	0.00e+00	0.00e+00	0.00e+00	0.00e+00	0.00e+00
 7.31140e+22	2.36e-01	5.68e-01	1.96e-01	6.89e-06	0.00e+00	0.00e+00	0.00e+00	0.00e+00	0.00e+00	0.00e+00	0.00e+00
 7.31502e+22	2.40e-01	5.67e-01	1.92e-01	6.69e-06	0.00e+00	0.00e+00	0.00e+00	0.00e+00	0.00e+00	0.00e+00	0.00e+00
 7.31832e+22	2.45e-01	5.67e-01	1.89e-01	6.49e-06	0.00e+00	0.00e+00	0.00e+00	0.00e+00	0.00e+00	0.00e+00	0.00e+00
 7.32132e+22	2.48e-01	5.66e-01	1.86e-01	6.34e-06	0.00e+00	0.00e+00	0.00e+00	0.00e+00	0.00e+00	0.00e+00	0.00e+00
 7.32461e+22	2.53e-01	5.65e-01	1.82e-01	6.14e-06	0.00e+00	0.00e+00	0.00e+00	0.00e+00	0.00e+00	0.00e+00	0.00e+00
 7.32816e+22	2.58e-01	5.64e-01	1.79e-01	5.97e-06	0.00e+00	0.00e+00	0.00e+00	0.00e+00	0.00e+00	0.00e+00	0.00e+00
 7.33138e+22	2.61e-01	5.63e-01	1.76e-01	5.81e-06	0.00e+00	0.00e+00	0.00e+00	0.00e+00	0.00e+00	0.00e+00	0.00e+00
 7.33432e+22	2.65e-01	5.62e-01	1.73e-01	5.67e-06	0.00e+00	0.00e+00	0.00e+00	0.00e+00	0.00e+00	0.00e+00	0.00e+00
 7.33700e+22	2.68e-01	5.61e-01	1.71e-01	5.55e-06	0.00e+00	0.00e+00	0.00e+00	0.00e+00	0.00e+00	0.00e+00	0.00e+00
 7.33993e+22	2.73e-01	5.60e-01	1.67e-01	5.39e-06	0.00e+00	0.00e+00	0.00e+00	0.00e+00	0.00e+00	0.00e+00	0.00e+00
 7.34374e+22	2.79e-01	5.58e-01	1.63e-01	5.20e-06	0.00e+00	0.00e+00	0.00e+00	0.00e+00	0.00e+00	0.00e+00	0.00e+00
 7.34785e+22	2.84e-01	5.57e-01	1.60e-01	5.02e-06	0.00e+00	0.00e+00	0.00e+00	0.00e+00	0.00e+00	0.00e+00	0.00e+00
 7.35159e+22	2.88e-01	5.55e-01	1.56e-01	4.87e-06	0.00e+00	0.00e+00	0.00e+00	0.00e+00	0.00e+00	0.00e+00	0.00e+00
 7.35500e+22	2.93e-01	5.54e-01	1.54e-01	4.74e-06	0.00e+00	0.00e+00	0.00e+00	0.00e+00	0.00e+00	0.00e+00	0.00e+00
 7.35809e+22	2.97e-01	5.52e-01	1.51e-01	4.61e-06	0.00e+00	0.00e+00	0.00e+00	0.00e+00	0.00e+00	0.00e+00	0.00e+00
 7.36091e+22	3.01e-01	5.51e-01	1.48e-01	4.50e-06	0.00e+00	0.00e+00	0.00e+00	0.00e+00	0.00e+00	0.00e+00	0.00e+00
 7.36400e+22	3.06e-01	5.49e-01	1.45e-01	4.36e-06	0.00e+00	0.00e+00	0.00e+00	0.00e+00	0.00e+00	0.00e+00	0.00e+00
 7.36734e+22	3.11e-01	5.47e-01	1.42e-01	4.23e-06	0.00e+00	0.00e+00	0.00e+00	0.00e+00	0.00e+00	0.00e+00	0.00e+00
 7.37038e+22	3.16e-01	5.45e-01	1.39e-01	4.11e-06	0.00e+00	0.00e+00	0.00e+00	0.00e+00	0.00e+00	0.00e+00	0.00e+00
 7.37314e+22	3.20e-01	5.43e-01	1.37e-01	4.01e-06	0.00e+00	0.00e+00	0.00e+00	0.00e+00	0.00e+00	0.00e+00	0.00e+00
 7.37565e+22	3.24e-01	5.42e-01	1.34e-01	3.91e-06	0.00e+00	0.00e+00	0.00e+00	0.00e+00	0.00e+00	0.00e+00	0.00e+00
 7.37794e+22	3.27e-01	5.40e-01	1.33e-01	3.84e-06	0.00e+00	0.00e+00	0.00e+00	0.00e+00	0.00e+00	0.00e+00	0.00e+00
 7.38045e+22	3.31e-01	5.39e-01	1.30e-01	3.73e-06	0.00e+00	0.00e+00	0.00e+00	0.00e+00	0.00e+00	0.00e+00	0.00e+00
 7.38371e+22	3.37e-01	5.36e-01	1.27e-01	3.60e-06	0.00e+00	0.00e+00	0.00e+00	0.00e+00	0.00e+00	0.00e+00	0.00e+00
 7.38722e+22	3.42e-01	5.34e-01	1.24e-01	3.50e-06	0.00e+00	0.00e+00	0.00e+00	0.00e+00	0.00e+00	0.00e+00	0.00e+00
 7.39043e+22	3.47e-01	5.32e-01	1.22e-01	3.40e-06	0.00e+00	0.00e+00	0.00e+00	0.00e+00	0.00e+00	0.00e+00	0.00e+00
 7.39334e+22	3.51e-01	5.29e-01	1.19e-01	3.31e-06	0.00e+00	0.00e+00	0.00e+00	0.00e+00	0.00e+00	0.00e+00	0.00e+00
 7.39599e+22	3.55e-01	5.28e-01	1.17e-01	3.23e-06	0.00e+00	0.00e+00	0.00e+00	0.00e+00	0.00e+00	0.00e+00	0.00e+00
 7.39889e+22	3.60e-01	5.25e-01	1.15e-01	3.13e-06	0.00e+00	0.00e+00	0.00e+00	0.00e+00	0.00e+00	0.00e+00	0.00e+00
 7.40203e+22	3.65e-01	5.23e-01	1.12e-01	3.04e-06	0.00e+00	0.00e+00	0.00e+00	0.00e+00	0.00e+00	0.00e+00	0.00e+00
 7.40489e+22	3.69e-01	5.21e-01	1.10e-01	2.96e-06	0.00e+00	0.00e+00	0.00e+00	0.00e+00	0.00e+00	0.00e+00	0.00e+00
 7.40748e+22	3.74e-01	5.18e-01	1.08e-01	2.89e-06	0.00e+00	0.00e+00	0.00e+00	0.00e+00	0.00e+00	0.00e+00	0.00e+00
 7.40985e+22	3.77e-01	5.17e-01	1.07e-01	2.83e-06	0.00e+00	0.00e+00	0.00e+00	0.00e+00	0.00e+00	0.00e+00	0.00e+00
 7.41244e+22	3.81e-01	5.14e-01	1.05e-01	2.75e-06	0.00e+00	0.00e+00	0.00e+00	0.00e+00	0.00e+00	0.00e+00	0.00e+00
 7.41523e+22	3.85e-01	5.12e-01	1.03e-01	2.69e-06	0.00e+00	0.00e+00	0.00e+00	0.00e+00	0.00e+00	0.00e+00	0.00e+00
 7.41830e+22	3.90e-01	5.09e-01	1.01e-01	2.61e-06	0.00e+00	0.00e+00	0.00e+00	0.00e+00	0.00e+00	0.00e+00	0.00e+00
 7.42160e+22	3.94e-01	5.07e-01	9.90e-02	2.54e-06	0.00e+00	0.00e+00	0.00e+00	0.00e+00	0.00e+00	0.00e+00	0.00e+00
 7.42523e+22	3.99e-01	5.04e-01	9.65e-02	2.45e-06	0.00e+00	0.00e+00	0.00e+00	0.00e+00	0.00e+00	0.00e+00	0.00e+00
 7.42914e+22	4.04e-01	5.01e-01	9.45e-02	2.38e-06	0.00e+00	0.00e+00	0.00e+00	0.00e+00	0.00e+00	0.00e+00	0.00e+00
 7.43270e+22	4.09e-01	4.98e-01	9.23e-02	2.30e-06	0.00e+00	0.00e+00	0.00e+00	0.00e+00	0.00e+00	0.00e+00	0.00e+00
 7.43594e+22	4.12e-01	4.97e-01	9.10e-02	2.25e-06	0.00e+00	0.00e+00	0.00e+00	0.00e+00	0.00e+00	0.00e+00	0.00e+00
 7.43949e+22	4.18e-01	4.93e-01	8.87e-02	2.17e-06	0.00e+00	0.00e+00	0.00e+00	0.00e+00	0.00e+00	0.00e+00	0.00e+00
 7.44333e+22	4.23e-01	4.90e-01	8.67e-02	2.10e-06	0.00e+00	0.00e+00	0.00e+00	0.00e+00	0.00e+00	0.00e+00	0.00e+00
 7.44681e+22	4.28e-01	4.87e-01	8.47e-02	2.03e-06	0.00e+00	0.00e+00	0.00e+00	0.00e+00	0.00e+00	0.00e+00	0.00e+00
 7.44999e+22	4.31e-01	4.85e-01	8.35e-02	1.99e-06	0.00e+00	0.00e+00	0.00e+00	0.00e+00	0.00e+00	0.00e+00	0.00e+00
 7.45347e+22	4.37e-01	4.82e-01	8.15e-02	1.92e-06	0.00e+00	0.00e+00	0.00e+00	0.00e+00	0.00e+00	0.00e+00	0.00e+00
 7.45722e+22	4.41e-01	4.79e-01	7.97e-02	1.86e-06	0.00e+00	0.00e+00	0.00e+00	0.00e+00	0.00e+00	0.00e+00	0.00e+00
 7.46064e+22	4.46e-01	4.76e-01	7.79e-02	1.81e-06	0.00e+00	0.00e+00	0.00e+00	0.00e+00	0.00e+00	0.00e+00	0.00e+00
 7.46375e+22	4.49e-01	4.74e-01	7.68e-02	1.77e-06	0.00e+00	0.00e+00	0.00e+00	0.00e+00	0.00e+00	0.00e+00	0.00e+00
 7.46716e+22	4.55e-01	4.70e-01	7.50e-02	1.71e-06	0.00e+00	0.00e+00	0.00e+00	0.00e+00	0.00e+00	0.00e+00	0.00e+00
 7.47084e+22	4.59e-01	4.67e-01	7.35e-02	1.66e-06	0.00e+00	0.00e+00	0.00e+00	0.00e+00	0.00e+00	0.00e+00	0.00e+00
 7.47418e+22	4.63e-01	4.65e-01	7.22e-02	1.62e-06	0.00e+00	0.00e+00	0.00e+00	0.00e+00	0.00e+00	0.00e+00	0.00e+00
 7.47785e+22	4.68e-01	4.61e-01	7.03e-02	1.56e-06	0.00e+00	0.00e+00	0.00e+00	0.00e+00	0.00e+00	0.00e+00	0.00e+00
 7.48181e+22	4.73e-01	4.58e-01	6.89e-02	1.51e-06	0.00e+00	0.00e+00	0.00e+00	0.00e+00	0.00e+00	0.00e+00	0.00e+00
 7.48542e+22	4.78e-01	4.55e-01	6.73e-02	1.47e-06	0.00e+00	0.00e+00	0.00e+00	0.00e+00	0.00e+00	0.00e+00	0.00e+00
 7.48870e+22	4.81e-01	4.53e-01	6.63e-02	1.43e-06	0.00e+00	0.00e+00	0.00e+00	0.00e+00	0.00e+00	0.00e+00	0.00e+00
 7.49229e+22	4.86e-01	4.49e-01	6.47e-02	1.39e-06	0.00e+00	0.00e+00	0.00e+00	0.00e+00	0.00e+00	0.00e+00	0.00e+00
 7.49617e+22	4.90e-01	4.46e-01	6.33e-02	1.35e-06	0.00e+00	0.00e+00	0.00e+00	0.00e+00	0.00e+00	0.00e+00	0.00e+00
 7.49970e+22	4.94e-01	4.44e-01	6.23e-02	1.31e-06	0.00e+00	0.00e+00	0.00e+00	0.00e+00	0.00e+00	0.00e+00	0.00e+00
 7.50357e+22	4.99e-01	4.40e-01	6.06e-02	1.26e-06	0.00e+00	0.00e+00	0.00e+00	0.00e+00	0.00e+00	0.00e+00	0.00e+00
 7.50774e+22	5.04e-01	4.37e-01	5.93e-02	1.22e-06	0.00e+00	0.00e+00	0.00e+00	0.00e+00	0.00e+00	0.00e+00	0.00e+00
 7.51155e+22	5.08e-01	4.34e-01	5.82e-02	1.19e-06	0.00e+00	0.00e+00	0.00e+00	0.00e+00	0.00e+00	0.00e+00	0.00e+00
 7.51571e+22	5.13e-01	4.30e-01	5.66e-02	1.15e-06	0.00e+00	0.00e+00	0.00e+00	0.00e+00	0.00e+00	0.00e+00	0.00e+00
 7.52021e+22	5.18e-01	4.27e-01	5.53e-02	1.11e-06	0.00e+00	0.00e+00	0.00e+00	0.00e+00	0.00e+00	0.00e+00	0.00e+00
 7.52430e+22	5.23e-01	4.23e-01	5.39e-02	1.07e-06	0.00e+00	0.00e+00	0.00e+00	0.00e+00	0.00e+00	0.00e+00	0.00e+00
 7.52802e+22	5.26e-01	4.21e-01	5.31e-02	1.04e-06	0.00e+00	0.00e+00	0.00e+00	0.00e+00	0.00e+00	0.00e+00	0.00e+00
 7.53210e+22	5.32e-01	4.17e-01	5.17e-02	1.01e-06	0.00e+00	0.00e+00	0.00e+00	0.00e+00	0.00e+00	0.00e+00	0.00e+00
 7.53651e+22	5.36e-01	4.13e-01	5.05e-02	9.75e-07	0.00e+00	0.00e+00	0.00e+00	0.00e+00	0.00e+00	0.00e+00	0.00e+00
 7.54051e+22	5.40e-01	4.11e-01	4.96e-02	9.48e-07	0.00e+00	0.00e+00	0.00e+00	0.00e+00	0.00e+00	0.00e+00	0.00e+00
 7.54491e+22	5.45e-01	4.06e-01	4.82e-02	9.11e-07	0.00e+00	0.00e+00	0.00e+00	0.00e+00	0.00e+00	0.00e+00	0.00e+00
 7.54965e+22	5.50e-01	4.03e-01	4.71e-02	8.81e-07	0.00e+00	0.00e+00	0.00e+00	0.00e+00	0.00e+00	0.00e+00	0.00e+00
 7.55396e+22	5.54e-01	4.00e-01	4.61e-02	8.55e-07	0.00e+00	0.00e+00	0.00e+00	0.00e+00	0.00e+00	0.00e+00	0.00e+00
 7.55869e+22	5.60e-01	3.96e-01	4.48e-02	8.21e-07	0.00e+00	0.00e+00	0.00e+00	0.00e+00	0.00e+00	0.00e+00	0.00e+00
 7.56380e+22	5.64e-01	3.92e-01	4.37e-02	7.93e-07	0.00e+00	0.00e+00	0.00e+00	0.00e+00	0.00e+00	0.00e+00	0.00e+00
 7.56844e+22	5.68e-01	3.89e-01	4.28e-02	7.68e-07	0.00e+00	0.00e+00	0.00e+00	0.00e+00	0.00e+00	0.00e+00	0.00e+00
 7.57353e+22	5.74e-01	3.84e-01	4.15e-02	7.36e-07	0.00e+00	0.00e+00	0.00e+00	0.00e+00	0.00e+00	0.00e+00	0.00e+00
 7.57903e+22	5.79e-01	3.81e-01	4.05e-02	7.10e-07	0.00e+00	0.00e+00	0.00e+00	0.00e+00	0.00e+00	0.00e+00	0.00e+00
 7.58403e+22	5.83e-01	3.77e-01	3.95e-02	6.85e-07	0.00e+00	0.00e+00	0.00e+00	0.00e+00	0.00e+00	0.00e+00	0.00e+00
 7.58858e+22	5.88e-01	3.74e-01	3.86e-02	6.63e-07	0.00e+00	0.00e+00	0.00e+00	0.00e+00	0.00e+00	0.00e+00	0.00e+00
 7.59357e+22	5.93e-01	3.69e-01	3.75e-02	6.37e-07	0.00e+00	0.00e+00	0.00e+00	0.00e+00	0.00e+00	0.00e+00	0.00e+00
 7.59895e+22	5.98e-01	3.66e-01	3.65e-02	6.13e-07	0.00e+00	0.00e+00	0.00e+00	0.00e+00	0.00e+00	0.00e+00	0.00e+00
 7.60385e+22	6.02e-01	3.63e-01	3.58e-02	5.95e-07	0.00e+00	0.00e+00	0.00e+00	0.00e+00	0.00e+00	0.00e+00	0.00e+00
 7.60922e+22	6.07e-01	3.58e-01	3.47e-02	5.70e-07	0.00e+00	0.00e+00	0.00e+00	0.00e+00	0.00e+00	0.00e+00	0.00e+00
 7.61501e+22	6.12e-01	3.54e-01	3.38e-02	5.48e-07	0.00e+00	0.00e+00	0.00e+00	0.00e+00	0.00e+00	0.00e+00	0.00e+00
 7.62029e+22	6.16e-01	3.51e-01	3.31e-02	5.30e-07	0.00e+00	0.00e+00	0.00e+00	0.00e+00	0.00e+00	0.00e+00	0.00e+00
 7.62607e+22	6.22e-01	3.46e-01	3.20e-02	5.07e-07	0.00e+00	0.00e+00	0.00e+00	0.00e+00	0.00e+00	0.00e+00	0.00e+00
 7.63230e+22	6.27e-01	3.42e-01	3.11e-02	4.87e-07	0.00e+00	0.00e+00	0.00e+00	0.00e+00	0.00e+00	0.00e+00	0.00e+00
 7.63798e+22	6.31e-01	3.39e-01	3.04e-02	4.70e-07	0.00e+00	0.00e+00	0.00e+00	0.00e+00	0.00e+00	0.00e+00	0.00e+00
 7.64420e+22	6.36e-01	3.34e-01	2.94e-02	4.48e-07	0.00e+00	0.00e+00	0.00e+00	0.00e+00	0.00e+00	0.00e+00	0.00e+00
 7.65092e+22	6.41e-01	3.30e-01	2.86e-02	4.31e-07	0.00e+00	0.00e+00	0.00e+00	0.00e+00	0.00e+00	0.00e+00	0.00e+00
 7.65703e+22	6.46e-01	3.26e-01	2.78e-02	4.14e-07	0.00e+00	0.00e+00	0.00e+00	0.00e+00	0.00e+00	0.00e+00	0.00e+00
 7.66259e+22	6.50e-01	3.23e-01	2.71e-02	3.99e-07	0.00e+00	0.00e+00	0.00e+00	0.00e+00	0.00e+00	0.00e+00	0.00e+00
 7.66869e+22	6.56e-01	3.18e-01	2.63e-02	3.82e-07	0.00e+00	0.00e+00	0.00e+00	0.00e+00	0.00e+00	0.00e+00	0.00e+00
 7.67527e+22	6.60e-01	3.14e-01	2.55e-02	3.66e-07	0.00e+00	0.00e+00	0.00e+00	0.00e+00	0.00e+00	0.00e+00	0.00e+00
 7.68126e+22	6.64e-01	3.11e-01	2.49e-02	3.53e-07	0.00e+00	0.00e+00	0.00e+00	0.00e+00	0.00e+00	0.00e+00	0.00e+00
 7.68782e+22	6.70e-01	3.06e-01	2.41e-02	3.37e-07	0.00e+00	0.00e+00	0.00e+00	0.00e+00	0.00e+00	0.00e+00	0.00e+00
