#depth	O	O+	O+2	O+3	O+4	O+5	O+6	O+7	O+8	O[1]	O[2]	O[3]
 4.62852e+21	3.84e-14	9.34e-10	9.52e-07	9.09e-05	1.71e-03	9.50e-03	2.85e-01	4.99e-01	2.05e-01	3.84e-14	2.22e-24	2.32e-24
 1.02897e+22	2.48e-13	4.98e-09	4.53e-06	3.82e-04	5.92e-03	2.32e-02	4.18e-01	4.42e-01	1.11e-01	2.48e-13	4.91e-22	6.15e-22
 1.17865e+22	4.42e-13	8.57e-09	7.84e-06	6.53e-04	9.50e-03	3.30e-02	4.74e-01	4.02e-01	8.07e-02	4.42e-13	8.79e-22	1.10e-21
 1.24826e+22	5.60e-13	1.08e-08	1.00e-05	8.35e-04	1.18e-02	3.89e-02	5.00e-01	3.80e-01	6.85e-02	5.60e-13	1.12e-21	1.40e-21
 1.28110e+22	6.14e-13	1.18e-08	1.11e-05	9.22e-04	1.29e-02	4.16e-02	5.10e-01	3.70e-01	6.39e-02	6.14e-13	1.23e-21	1.53e-21
 1.30006e+22	6.70e-13	1.29e-08	1.21e-05	1.01e-03	1.39e-02	4.42e-02	5.20e-01	3.61e-01	5.98e-02	6.70e-13	1.34e-21	1.68e-21
 1.32130e+22	7.42e-13	1.43e-08	1.36e-05	1.14e-03	1.54e-02	4.77e-02	5.31e-01	3.50e-01	5.48e-02	7.42e-13	1.48e-21	1.86e-21
 1.34276e+22	8.03e-13	1.56e-08	1.49e-05	1.25e-03	1.67e-02	5.07e-02	5.40e-01	3.41e-01	5.12e-02	8.03e-13	1.61e-21	2.01e-21
 1.36448e+22	8.80e-13	1.72e-08	1.66e-05	1.40e-03	1.84e-02	5.46e-02	5.50e-01	3.29e-01	4.67e-02	8.80e-13	1.77e-21	2.21e-21
 1.38632e+22	9.55e-13	1.87e-08	1.82e-05	1.53e-03	1.98e-02	5.78e-02	5.58e-01	3.19e-01	4.36e-02	9.55e-13	1.92e-21	2.40e-21
 1.40851e+22	1.05e-12	2.06e-08	2.03e-05	1.72e-03	2.17e-02	6.22e-02	5.67e-01	3.07e-01	3.97e-02	1.05e-12	2.10e-21	2.63e-21
 1.43081e+22	1.13e-12	2.23e-08	2.22e-05	1.87e-03	2.33e-02	6.56e-02	5.74e-01	2.98e-01	3.69e-02	1.13e-12	2.27e-21	2.84e-21
 1.45324e+22	1.23e-12	2.45e-08	2.47e-05	2.10e-03	2.55e-02	7.04e-02	5.82e-01	2.86e-01	3.36e-02	1.23e-12	2.48e-21	3.10e-21
 1.47585e+22	1.32e-12	2.65e-08	2.70e-05	2.29e-03	2.73e-02	7.42e-02	5.88e-01	2.77e-01	3.12e-02	1.32e-12	2.68e-21	3.34e-21
 1.49870e+22	1.44e-12	2.92e-08	3.01e-05	2.56e-03	2.98e-02	7.94e-02	5.95e-01	2.65e-01	2.83e-02	1.44e-12	2.92e-21	3.65e-21
 1.52185e+22	1.55e-12	3.16e-08	3.28e-05	2.79e-03	3.19e-02	8.35e-02	6.00e-01	2.56e-01	2.62e-02	1.55e-12	3.15e-21	3.93e-21
 1.54536e+22	1.69e-12	3.49e-08	3.67e-05	3.12e-03	3.47e-02	8.92e-02	6.05e-01	2.44e-01	2.36e-02	1.69e-12	3.44e-21	4.29e-21
 1.56926e+22	1.83e-12	3.80e-08	4.02e-05	3.41e-03	3.71e-02	9.38e-02	6.09e-01	2.35e-01	2.18e-02	1.83e-12	3.72e-21	4.64e-21
 1.59366e+22	2.00e-12	4.21e-08	4.51e-05	3.83e-03	4.03e-02	1.00e-01	6.13e-01	2.24e-01	1.96e-02	2.00e-12	4.08e-21	5.09e-21
 1.61856e+22	2.17e-12	4.60e-08	4.97e-05	4.19e-03	4.31e-02	1.05e-01	6.15e-01	2.15e-01	1.79e-02	2.17e-12	4.43e-21	5.53e-21
 1.64412e+22	2.39e-12	5.14e-08	5.61e-05	4.71e-03	4.68e-02	1.12e-01	6.17e-01	2.03e-01	1.60e-02	2.39e-12	4.89e-21	6.09e-21
 1.67033e+22	2.61e-12	5.66e-08	6.21e-05	5.18e-03	5.00e-02	1.18e-01	6.18e-01	1.94e-01	1.46e-02	2.61e-12	5.36e-21	6.67e-21
 1.69738e+22	2.88e-12	6.37e-08	7.06e-05	5.85e-03	5.44e-02	1.25e-01	6.19e-01	1.82e-01	1.29e-02	2.88e-12	5.94e-21	7.40e-21
 1.72282e+22	3.14e-12	6.97e-08	7.73e-05	6.34e-03	5.75e-02	1.30e-01	6.19e-01	1.75e-01	1.19e-02	3.14e-12	6.48e-21	8.08e-21
 1.74616e+22	3.46e-12	7.77e-08	8.66e-05	7.03e-03	6.16e-02	1.37e-01	6.17e-01	1.66e-01	1.07e-02	3.46e-12	7.16e-21	8.91e-21
 1.76932e+22	3.76e-12	8.50e-08	9.46e-05	7.60e-03	6.48e-02	1.42e-01	6.16e-01	1.59e-01	9.93e-03	3.76e-12	7.80e-21	9.70e-21
 1.79224e+22	4.11e-12	9.43e-08	1.06e-04	8.39e-03	6.92e-02	1.49e-01	6.14e-01	1.51e-01	8.91e-03	4.11e-12	8.54e-21	1.06e-20
 1.81529e+22	4.49e-12	1.04e-07	1.16e-04	9.07e-03	7.27e-02	1.54e-01	6.11e-01	1.45e-01	8.22e-03	4.49e-12	9.36e-21	1.17e-20
 1.83852e+22	4.97e-12	1.16e-07	1.30e-04	1.00e-02	7.75e-02	1.61e-01	6.07e-01	1.36e-01	7.38e-03	4.97e-12	1.04e-20	1.29e-20
 1.86217e+22	5.49e-12	1.29e-07	1.43e-04	1.09e-02	8.15e-02	1.67e-01	6.04e-01	1.30e-01	6.78e-03	5.49e-12	1.15e-20	1.43e-20
 1.88635e+22	6.12e-12	1.45e-07	1.61e-04	1.20e-02	8.68e-02	1.74e-01	5.98e-01	1.22e-01	6.04e-03	6.12e-12	1.29e-20	1.60e-20
 1.91085e+22	6.80e-12	1.62e-07	1.78e-04	1.30e-02	9.13e-02	1.80e-01	5.93e-01	1.17e-01	5.53e-03	6.80e-12	1.43e-20	1.78e-20
 1.93574e+22	7.67e-12	1.84e-07	2.02e-04	1.44e-02	9.71e-02	1.88e-01	5.86e-01	1.09e-01	4.91e-03	7.67e-12	1.62e-20	2.01e-20
 1.96116e+22	8.61e-12	2.07e-07	2.24e-04	1.57e-02	1.02e-01	1.94e-01	5.80e-01	1.04e-01	4.47e-03	8.61e-12	1.83e-20	2.27e-20
 1.98725e+22	9.82e-12	2.39e-07	2.56e-04	1.75e-02	1.09e-01	2.02e-01	5.71e-01	9.65e-02	3.93e-03	9.82e-12	2.09e-20	2.60e-20
 2.01390e+22	1.12e-11	2.71e-07	2.86e-04	1.90e-02	1.14e-01	2.08e-01	5.64e-01	9.12e-02	3.56e-03	1.12e-11	2.39e-20	2.96e-20
 2.04126e+22	1.29e-11	3.17e-07	3.29e-04	2.12e-02	1.22e-01	2.16e-01	5.53e-01	8.43e-02	3.11e-03	1.29e-11	2.78e-20	3.44e-20
 2.06923e+22	1.48e-11	3.62e-07	3.70e-04	2.32e-02	1.28e-01	2.22e-01	5.44e-01	7.92e-02	2.79e-03	1.48e-11	3.19e-20	3.95e-20
 2.09801e+22	1.75e-11	4.30e-07	4.30e-04	2.59e-02	1.37e-01	2.30e-01	5.32e-01	7.29e-02	2.42e-03	1.75e-11	3.80e-20	4.70e-20
 2.12713e+22	2.03e-11	4.95e-07	4.85e-04	2.83e-02	1.43e-01	2.36e-01	5.21e-01	6.82e-02	2.16e-03	2.03e-11	4.41e-20	5.47e-20
 2.15668e+22	2.43e-11	5.92e-07	5.66e-04	3.17e-02	1.53e-01	2.44e-01	5.07e-01	6.24e-02	1.86e-03	2.43e-11	5.31e-20	6.58e-20
 2.18659e+22	2.84e-11	6.87e-07	6.40e-04	3.47e-02	1.60e-01	2.50e-01	4.95e-01	5.81e-02	1.65e-03	2.84e-11	6.25e-20	7.73e-20
 2.21697e+22	3.44e-11	8.29e-07	7.50e-04	3.88e-02	1.70e-01	2.57e-01	4.79e-01	5.28e-02	1.41e-03	3.44e-11	7.63e-20	9.43e-20
 2.24661e+22	4.02e-11	9.57e-07	8.42e-04	4.21e-02	1.77e-01	2.62e-01	4.67e-01	4.93e-02	1.26e-03	4.02e-11	8.95e-20	1.11e-19
 2.27528e+22	4.86e-11	1.15e-06	9.77e-04	4.67e-02	1.87e-01	2.68e-01	4.52e-01	4.49e-02	1.08e-03	4.86e-11	1.09e-19	1.34e-19
 2.30501e+22	5.77e-11	1.34e-06	1.11e-03	5.09e-02	1.95e-01	2.72e-01	4.38e-01	4.15e-02	9.57e-04	5.77e-11	1.30e-19	1.60e-19
 2.33040e+22	6.69e-11	1.53e-06	1.23e-03	5.48e-02	2.03e-01	2.75e-01	4.26e-01	3.87e-02	8.55e-04	6.69e-11	1.52e-19	1.87e-19
 2.35773e+22	8.08e-11	1.83e-06	1.42e-03	6.02e-02	2.12e-01	2.80e-01	4.10e-01	3.53e-02	7.37e-04	8.08e-11	1.84e-19	2.27e-19
 2.38507e+22	9.41e-11	2.10e-06	1.58e-03	6.47e-02	2.20e-01	2.83e-01	3.98e-01	3.27e-02	6.56e-04	9.41e-11	2.16e-19	2.66e-19
 2.41244e+22	1.14e-10	2.49e-06	1.81e-03	7.07e-02	2.29e-01	2.86e-01	3.82e-01	2.98e-02	5.67e-04	1.14e-10	2.64e-19	3.25e-19
 2.44090e+22	1.36e-10	2.90e-06	2.04e-03	7.64e-02	2.38e-01	2.88e-01	3.68e-01	2.73e-02	4.95e-04	1.36e-10	3.15e-19	3.88e-19
 2.46632e+22	1.60e-10	3.35e-06	2.27e-03	8.21e-02	2.46e-01	2.90e-01	3.55e-01	2.53e-02	4.38e-04	1.60e-10	3.75e-19	4.61e-19
 2.49492e+22	1.97e-10	4.01e-06	2.61e-03	8.96e-02	2.55e-01	2.91e-01	3.38e-01	2.28e-02	3.74e-04	1.97e-10	4.65e-19	5.72e-19
 2.52497e+22	2.38e-10	4.72e-06	2.95e-03	9.70e-02	2.64e-01	2.92e-01	3.23e-01	2.07e-02	3.23e-04	2.38e-10	5.67e-19	6.96e-19
 2.55229e+22	2.85e-10	5.50e-06	3.31e-03	1.04e-01	2.72e-01	2.92e-01	3.09e-01	1.89e-02	2.81e-04	2.85e-10	6.84e-19	8.40e-19
 2.58316e+22	3.59e-10	6.67e-06	3.83e-03	1.14e-01	2.82e-01	2.91e-01	2.92e-01	1.68e-02	2.36e-04	3.59e-10	8.70e-19	1.07e-18
 2.61494e+22	4.39e-10	7.89e-06	4.34e-03	1.23e-01	2.91e-01	2.90e-01	2.77e-01	1.51e-02	2.01e-04	4.39e-10	1.07e-18	1.32e-18
 2.64317e+22	5.31e-10	9.23e-06	4.87e-03	1.32e-01	2.98e-01	2.88e-01	2.63e-01	1.36e-02	1.73e-04	5.31e-10	1.31e-18	1.60e-18
 2.67513e+22	6.76e-10	1.12e-05	5.62e-03	1.44e-01	3.08e-01	2.85e-01	2.45e-01	1.20e-02	1.43e-04	6.76e-10	1.69e-18	2.07e-18
 2.70824e+22	8.37e-10	1.34e-05	6.37e-03	1.55e-01	3.15e-01	2.82e-01	2.31e-01	1.07e-02	1.21e-04	8.37e-10	2.11e-18	2.58e-18
 2.73793e+22	1.02e-09	1.57e-05	7.16e-03	1.66e-01	3.22e-01	2.78e-01	2.17e-01	9.52e-03	1.02e-04	1.02e-09	2.62e-18	3.19e-18
 2.77162e+22	1.33e-09	1.93e-05	8.30e-03	1.80e-01	3.30e-01	2.73e-01	2.00e-01	8.22e-03	8.28e-05	1.33e-09	3.44e-18	4.20e-18
 2.80635e+22	1.66e-09	2.30e-05	9.38e-03	1.93e-01	3.37e-01	2.68e-01	1.86e-01	7.23e-03	6.89e-05	1.66e-09	4.35e-18	5.31e-18
 2.84245e+22	2.20e-09	2.85e-05	1.09e-02	2.10e-01	3.43e-01	2.60e-01	1.70e-01	6.13e-03	5.45e-05	2.20e-09	5.86e-18	7.14e-18
 2.87895e+22	2.76e-09	3.40e-05	1.23e-02	2.24e-01	3.48e-01	2.53e-01	1.57e-01	5.34e-03	4.48e-05	2.76e-09	7.47e-18	9.09e-18
 2.91106e+22	3.45e-09	4.03e-05	1.39e-02	2.38e-01	3.52e-01	2.46e-01	1.45e-01	4.66e-03	3.70e-05	3.45e-09	9.48e-18	1.15e-17
 2.94793e+22	4.60e-09	5.01e-05	1.61e-02	2.57e-01	3.56e-01	2.36e-01	1.30e-01	3.89e-03	2.87e-05	4.60e-09	1.29e-17	1.57e-17
 2.98520e+22	5.81e-09	5.96e-05	1.81e-02	2.73e-01	3.58e-01	2.28e-01	1.19e-01	3.35e-03	2.33e-05	5.81e-09	1.66e-17	2.01e-17
 3.02299e+22	7.76e-09	7.38e-05	2.09e-02	2.93e-01	3.60e-01	2.17e-01	1.06e-01	2.77e-03	1.79e-05	7.76e-09	2.27e-17	2.75e-17
 3.06136e+22	9.86e-09	8.80e-05	2.35e-02	3.10e-01	3.60e-01	2.08e-01	9.62e-02	2.36e-03	1.43e-05	9.86e-09	2.94e-17	3.56e-17
 3.10049e+22	1.33e-08	1.10e-04	2.71e-02	3.31e-01	3.59e-01	1.96e-01	8.46e-02	1.92e-03	1.08e-05	1.33e-08	4.09e-17	4.95e-17
 3.14000e+22	1.70e-08	1.30e-04	3.04e-02	3.49e-01	3.57e-01	1.86e-01	7.61e-02	1.62e-03	8.56e-06	1.70e-08	5.33e-17	6.45e-17
 3.18004e+22	2.31e-08	1.63e-04	3.50e-02	3.71e-01	3.54e-01	1.73e-01	6.61e-02	1.30e-03	6.32e-06	2.31e-08	7.50e-17	9.07e-17
 3.22044e+22	2.94e-08	1.93e-04	3.90e-02	3.88e-01	3.50e-01	1.63e-01	5.90e-02	1.09e-03	4.97e-06	2.94e-08	9.81e-17	1.19e-16
 3.26132e+22	4.01e-08	2.40e-04	4.47e-02	4.10e-01	3.43e-01	1.51e-01	5.07e-02	8.58e-04	3.61e-06	4.01e-08	1.39e-16	1.68e-16
 3.30276e+22	5.13e-08	2.85e-04	4.97e-02	4.26e-01	3.37e-01	1.41e-01	4.48e-02	7.09e-04	2.80e-06	5.13e-08	1.83e-16	2.21e-16
 3.33873e+22	6.48e-08	3.35e-04	5.49e-02	4.42e-01	3.30e-01	1.32e-01	3.98e-02	5.89e-04	2.18e-06	6.48e-08	2.39e-16	2.88e-16
 3.37926e+22	8.76e-08	4.12e-04	6.23e-02	4.62e-01	3.21e-01	1.20e-01	3.39e-02	4.61e-04	1.57e-06	8.76e-08	3.36e-16	4.06e-16
 3.41791e+22	1.07e-07	4.74e-04	6.77e-02	4.75e-01	3.14e-01	1.13e-01	3.03e-02	3.89e-04	1.25e-06	1.07e-07	4.24e-16	5.12e-16
 3.45410e+22	1.40e-07	5.69e-04	7.54e-02	4.91e-01	3.04e-01	1.03e-01	2.60e-02	3.10e-04	9.27e-07	1.40e-07	5.75e-16	6.93e-16
 3.49027e+22	1.72e-07	6.53e-04	8.17e-02	5.02e-01	2.96e-01	9.62e-02	2.32e-02	2.60e-04	7.35e-07	1.72e-07	7.23e-16	8.72e-16
 3.52641e+22	2.21e-07	7.74e-04	9.01e-02	5.16e-01	2.85e-01	8.78e-02	2.00e-02	2.08e-04	5.48e-07	2.21e-07	9.63e-16	1.16e-15
 3.56392e+22	2.77e-07	9.00e-04	9.83e-02	5.27e-01	2.76e-01	8.08e-02	1.74e-02	1.70e-04	4.19e-07	2.77e-07	1.24e-15	1.50e-15
 3.59760e+22	3.40e-07	1.03e-03	1.06e-01	5.36e-01	2.66e-01	7.46e-02	1.53e-02	1.41e-04	3.26e-07	3.40e-07	1.57e-15	1.89e-15
 3.63581e+22	4.42e-07	1.23e-03	1.17e-01	5.47e-01	2.54e-01	6.70e-02	1.30e-02	1.10e-04	2.36e-07	4.42e-07	2.11e-15	2.54e-15
 3.67460e+22	5.49e-07	1.42e-03	1.27e-01	5.55e-01	2.44e-01	6.12e-02	1.13e-02	8.90e-05	1.79e-07	5.49e-07	2.70e-15	3.25e-15
 3.70899e+22	6.75e-07	1.63e-03	1.37e-01	5.62e-01	2.34e-01	5.60e-02	9.81e-03	7.27e-05	1.37e-07	6.75e-07	3.41e-15	4.10e-15
 3.74853e+22	8.81e-07	1.94e-03	1.50e-01	5.69e-01	2.21e-01	4.97e-02	8.18e-03	5.58e-05	0.00e+00	8.81e-07	4.61e-15	5.53e-15
 3.78516e+22	1.05e-06	2.18e-03	1.60e-01	5.73e-01	2.12e-01	4.58e-02	7.23e-03	4.65e-05	0.00e+00	1.05e-06	5.64e-15	6.76e-15
 3.81801e+22	1.30e-06	2.51e-03	1.72e-01	5.76e-01	2.02e-01	4.14e-02	6.21e-03	3.73e-05	0.00e+00	1.30e-06	7.19e-15	8.61e-15
 3.85163e+22	1.56e-06	2.83e-03	1.82e-01	5.78e-01	1.93e-01	3.79e-02	5.45e-03	3.08e-05	0.00e+00	1.56e-06	8.83e-15	1.06e-14
 3.88142e+22	1.85e-06	3.16e-03	1.93e-01	5.79e-01	1.85e-01	3.48e-02	4.81e-03	2.57e-05	0.00e+00	1.85e-06	1.07e-14	1.28e-14
 3.91532e+22	2.29e-06	3.63e-03	2.07e-01	5.80e-01	1.75e-01	3.12e-02	4.09e-03	2.03e-05	0.00e+00	2.29e-06	1.37e-14	1.64e-14
 3.94978e+22	2.74e-06	4.08e-03	2.19e-01	5.79e-01	1.66e-01	2.83e-02	3.56e-03	1.66e-05	0.00e+00	2.74e-06	1.68e-14	2.00e-14
 3.98011e+22	3.25e-06	4.55e-03	2.31e-01	5.77e-01	1.58e-01	2.58e-02	3.12e-03	1.37e-05	0.00e+00	3.25e-06	2.05e-14	2.44e-14
 4.01468e+22	4.02e-06	5.23e-03	2.47e-01	5.74e-01	1.48e-01	2.29e-02	2.63e-03	1.07e-05	0.00e+00	4.02e-06	2.62e-14	3.11e-14
 4.04981e+22	4.80e-06	5.86e-03	2.61e-01	5.70e-01	1.40e-01	2.07e-02	2.27e-03	8.72e-06	0.00e+00	4.80e-06	3.21e-14	3.82e-14
 4.08085e+22	5.68e-06	6.53e-03	2.74e-01	5.66e-01	1.33e-01	1.88e-02	1.98e-03	7.13e-06	0.00e+00	5.68e-06	3.91e-14	4.64e-14
 4.11637e+22	7.03e-06	7.49e-03	2.92e-01	5.59e-01	1.23e-01	1.65e-02	1.65e-03	5.50e-06	0.00e+00	7.03e-06	5.01e-14	5.95e-14
 4.15243e+22	8.38e-06	8.37e-03	3.07e-01	5.52e-01	1.16e-01	1.48e-02	1.42e-03	4.42e-06	0.00e+00	8.38e-06	6.15e-14	7.29e-14
 4.18436e+22	9.92e-06	9.33e-03	3.22e-01	5.45e-01	1.09e-01	1.33e-02	1.22e-03	3.57e-06	0.00e+00	9.92e-06	7.49e-14	8.88e-14
 4.22104e+22	1.23e-05	1.07e-02	3.42e-01	5.34e-01	1.00e-01	1.15e-02	1.01e-03	2.71e-06	0.00e+00	1.23e-05	9.65e-14	1.14e-13
 4.25832e+22	1.46e-05	1.19e-02	3.59e-01	5.24e-01	9.37e-02	1.03e-02	8.55e-04	2.15e-06	0.00e+00	1.46e-05	1.19e-13	1.40e-13
 4.29636e+22	1.81e-05	1.37e-02	3.79e-01	5.11e-01	8.59e-02	8.86e-03	7.00e-04	1.62e-06	0.00e+00	1.81e-05	1.53e-13	1.81e-13
 4.33528e+22	2.18e-05	1.53e-02	3.98e-01	4.99e-01	7.93e-02	7.76e-03	5.85e-04	1.25e-06	0.00e+00	2.18e-05	1.90e-13	2.24e-13
 4.36947e+22	2.57e-05	1.70e-02	4.15e-01	4.87e-01	7.35e-02	6.86e-03	4.95e-04	9.88e-07	0.00e+00	2.57e-05	2.32e-13	2.74e-13
 4.40807e+22	3.18e-05	1.95e-02	4.37e-01	4.71e-01	6.67e-02	5.84e-03	4.00e-04	7.29e-07	0.00e+00	3.18e-05	3.00e-13	3.54e-13
 4.43731e+22	3.42e-05	2.03e-02	4.45e-01	4.64e-01	6.42e-02	5.50e-03	3.69e-04	6.50e-07	0.00e+00	3.42e-05	3.28e-13	3.86e-13
 4.45438e+22	3.77e-05	2.16e-02	4.56e-01	4.56e-01	6.12e-02	5.09e-03	3.33e-04	5.62e-07	0.00e+00	3.77e-05	3.69e-13	4.34e-13
 4.47658e+22	4.24e-05	2.33e-02	4.68e-01	4.46e-01	5.78e-02	4.64e-03	2.94e-04	4.72e-07	0.00e+00	4.24e-05	4.26e-13	5.01e-13
 4.50543e+22	4.92e-05	2.55e-02	4.84e-01	4.33e-01	5.36e-02	4.11e-03	2.50e-04	3.76e-07	0.00e+00	4.92e-05	5.12e-13	6.01e-13
 4.54294e+22	6.07e-05	2.91e-02	5.06e-01	4.14e-01	4.80e-02	3.45e-03	1.99e-04	2.72e-07	0.00e+00	6.07e-05	6.61e-13	7.74e-13
 4.57674e+22	6.83e-05	3.13e-02	5.18e-01	4.02e-01	4.49e-02	3.11e-03	1.74e-04	2.25e-07	0.00e+00	6.83e-05	7.66e-13	8.95e-13
 4.60571e+22	7.95e-05	3.44e-02	5.34e-01	3.87e-01	4.13e-02	2.73e-03	1.46e-04	1.77e-07	0.00e+00	7.95e-05	9.24e-13	1.08e-12
 4.63599e+22	9.05e-05	3.72e-02	5.48e-01	3.74e-01	3.83e-02	2.43e-03	1.26e-04	1.43e-07	0.00e+00	9.05e-05	1.09e-12	1.26e-12
 4.66798e+22	1.06e-04	4.11e-02	5.64e-01	3.58e-01	3.48e-02	2.09e-03	1.04e-04	0.00e+00	0.00e+00	1.06e-04	1.33e-12	1.54e-12
 4.70028e+22	1.21e-04	4.45e-02	5.77e-01	3.44e-01	3.21e-02	1.85e-03	8.85e-05	0.00e+00	0.00e+00	1.21e-04	1.57e-12	1.81e-12
 4.73300e+22	1.43e-04	4.92e-02	5.93e-01	3.27e-01	2.89e-02	1.58e-03	7.23e-05	0.00e+00	0.00e+00	1.43e-04	1.94e-12	2.22e-12
 4.76593e+22	1.63e-04	5.32e-02	6.05e-01	3.13e-01	2.65e-02	1.39e-03	6.13e-05	0.00e+00	0.00e+00	1.63e-04	2.29e-12	2.61e-12
 4.79915e+22	1.91e-04	5.88e-02	6.20e-01	2.96e-01	2.38e-02	1.18e-03	4.97e-05	0.00e+00	0.00e+00	1.91e-04	2.83e-12	3.21e-12
 4.83285e+22	2.18e-04	6.36e-02	6.31e-01	2.82e-01	2.17e-02	1.03e-03	4.18e-05	0.00e+00	0.00e+00	2.18e-04	3.35e-12	3.78e-12
 4.86716e+22	2.57e-04	7.02e-02	6.45e-01	2.65e-01	1.93e-02	8.64e-04	3.35e-05	0.00e+00	0.00e+00	2.57e-04	4.16e-12	4.65e-12
 4.90200e+22	2.92e-04	7.59e-02	6.55e-01	2.51e-01	1.75e-02	7.47e-04	2.79e-05	0.00e+00	0.00e+00	2.92e-04	4.94e-12	5.49e-12
 4.93751e+22	3.45e-04	8.38e-02	6.66e-01	2.33e-01	1.54e-02	6.20e-04	2.21e-05	0.00e+00	0.00e+00	3.45e-04	6.18e-12	6.79e-12
 4.97366e+22	3.94e-04	9.06e-02	6.75e-01	2.20e-01	1.39e-02	5.31e-04	1.82e-05	0.00e+00	0.00e+00	3.94e-04	7.39e-12	8.04e-12
 5.01062e+22	4.66e-04	1.00e-01	6.84e-01	2.03e-01	1.21e-02	4.35e-04	1.42e-05	0.00e+00	0.00e+00	4.66e-04	9.30e-12	9.99e-12
 5.04836e+22	5.33e-04	1.08e-01	6.91e-01	1.89e-01	1.08e-02	3.68e-04	1.15e-05	0.00e+00	0.00e+00	5.33e-04	1.12e-11	1.19e-11
 5.08710e+22	6.32e-04	1.20e-01	6.98e-01	1.73e-01	9.30e-03	2.96e-04	8.84e-06	0.00e+00	0.00e+00	6.32e-04	1.42e-11	1.49e-11
 5.12655e+22	7.23e-04	1.29e-01	7.02e-01	1.60e-01	8.21e-03	2.48e-04	7.09e-06	0.00e+00	0.00e+00	7.23e-04	1.72e-11	1.77e-11
 5.16692e+22	8.60e-04	1.43e-01	7.05e-01	1.44e-01	7.00e-03	1.96e-04	5.34e-06	0.00e+00	0.00e+00	8.60e-04	2.21e-11	2.23e-11
 5.20784e+22	9.82e-04	1.54e-01	7.07e-01	1.32e-01	6.13e-03	1.63e-04	4.24e-06	0.00e+00	0.00e+00	9.82e-04	2.68e-11	2.66e-11
 5.24946e+22	1.16e-03	1.70e-01	7.06e-01	1.18e-01	5.19e-03	1.28e-04	3.17e-06	0.00e+00	0.00e+00	1.16e-03	3.43e-11	3.33e-11
 5.29212e+22	1.33e-03	1.83e-01	7.04e-01	1.07e-01	4.48e-03	1.04e-04	2.46e-06	0.00e+00	0.00e+00	1.33e-03	4.19e-11	3.99e-11
 5.33612e+22	1.60e-03	2.02e-01	6.98e-01	9.39e-02	3.70e-03	7.88e-05	1.78e-06	0.00e+00	0.00e+00	1.60e-03	5.45e-11	5.07e-11
 5.38005e+22	1.81e-03	2.17e-01	6.93e-01	8.48e-02	3.20e-03	6.40e-05	1.39e-06	0.00e+00	0.00e+00	1.81e-03	6.58e-11	6.01e-11
 5.42390e+22	2.15e-03	2.38e-01	6.83e-01	7.38e-02	2.64e-03	4.85e-05	1.00e-06	0.00e+00	0.00e+00	2.15e-03	8.47e-11	7.56e-11
 5.46925e+22	2.45e-03	2.55e-01	6.74e-01	6.56e-02	2.25e-03	3.85e-05	7.64e-07	0.00e+00	0.00e+00	2.45e-03	1.03e-10	9.06e-11
 5.51656e+22	2.95e-03	2.82e-01	6.58e-01	5.56e-02	1.81e-03	2.80e-05	5.30e-07	0.00e+00	0.00e+00	2.95e-03	1.36e-10	1.16e-10
 5.56442e+22	3.35e-03	3.01e-01	6.45e-01	4.89e-02	1.53e-03	2.20e-05	4.00e-07	0.00e+00	0.00e+00	3.35e-03	1.65e-10	1.39e-10
 5.61297e+22	4.01e-03	3.30e-01	6.24e-01	4.07e-02	1.22e-03	1.57e-05	2.74e-07	0.00e+00	0.00e+00	4.01e-03	2.16e-10	1.77e-10
 5.66318e+22	4.59e-03	3.54e-01	6.06e-01	3.50e-02	1.01e-03	1.19e-05	2.01e-07	0.00e+00	0.00e+00	4.59e-03	2.66e-10	2.14e-10
 5.71555e+22	5.55e-03	3.89e-01	5.76e-01	2.82e-02	7.85e-04	8.15e-06	1.32e-07	0.00e+00	0.00e+00	5.55e-03	3.54e-10	2.79e-10
 5.76942e+22	6.39e-03	4.17e-01	5.53e-01	2.36e-02	6.39e-04	5.98e-06	0.00e+00	0.00e+00	0.00e+00	6.39e-03	4.38e-10	3.40e-10
 5.82524e+22	7.78e-03	4.57e-01	5.16e-01	1.84e-02	4.85e-04	3.90e-06	0.00e+00	0.00e+00	0.00e+00	7.78e-03	5.86e-10	4.47e-10
 5.88340e+22	9.07e-03	4.90e-01	4.85e-01	1.47e-02	3.84e-04	2.71e-06	0.00e+00	0.00e+00	0.00e+00	9.07e-03	7.39e-10	5.55e-10
 5.94428e+22	1.12e-02	5.38e-01	4.40e-01	1.08e-02	2.81e-04	1.64e-06	0.00e+00	0.00e+00	0.00e+00	1.12e-02	1.01e-09	7.44e-10
 6.00628e+22	1.31e-02	5.75e-01	4.04e-01	8.32e-03	2.18e-04	1.08e-06	0.00e+00	0.00e+00	0.00e+00	1.31e-02	1.27e-09	9.32e-10
 6.05450e+22	1.48e-02	6.02e-01	3.76e-01	6.77e-03	1.79e-04	7.85e-07	0.00e+00	0.00e+00	0.00e+00	1.48e-02	1.51e-09	1.10e-09
 6.10161e+22	1.73e-02	6.39e-01	3.38e-01	5.10e-03	1.39e-04	5.08e-07	0.00e+00	0.00e+00	0.00e+00	1.73e-02	1.91e-09	1.38e-09
 6.15012e+22	1.98e-02	6.70e-01	3.06e-01	3.94e-03	1.11e-04	3.44e-07	0.00e+00	0.00e+00	0.00e+00	1.98e-02	2.32e-09	1.66e-09
 6.20046e+22	2.36e-02	7.08e-01	2.65e-01	2.78e-03	8.25e-05	2.06e-07	0.00e+00	0.00e+00	0.00e+00	2.36e-02	2.98e-09	2.12e-09
 6.25217e+22	2.75e-02	7.39e-01	2.32e-01	2.02e-03	6.34e-05	1.29e-07	0.00e+00	0.00e+00	0.00e+00	2.75e-02	3.68e-09	2.60e-09
 6.30569e+22	3.34e-02	7.75e-01	1.91e-01	1.31e-03	4.49e-05	0.00e+00	0.00e+00	0.00e+00	0.00e+00	3.34e-02	4.83e-09	3.39e-09
 6.35475e+22	3.87e-02	7.97e-01	1.64e-01	9.46e-04	3.48e-05	0.00e+00	0.00e+00	0.00e+00	0.00e+00	3.87e-02	5.82e-09	4.06e-09
 6.39066e+22	4.39e-02	8.14e-01	1.42e-01	7.02e-04	2.77e-05	0.00e+00	0.00e+00	0.00e+00	0.00e+00	4.39e-02	6.90e-09	4.78e-09
 6.42999e+22	5.17e-02	8.32e-01	1.16e-01	4.76e-04	2.05e-05	0.00e+00	0.00e+00	0.00e+00	0.00e+00	5.17e-02	8.57e-09	5.90e-09
 6.47258e+22	6.15e-02	8.45e-01	9.35e-02	3.13e-04	1.49e-05	0.00e+00	0.00e+00	0.00e+00	0.00e+00	6.15e-02	1.07e-08	7.33e-09
 6.51188e+22	7.32e-02	8.53e-01	7.41e-02	2.06e-04	1.08e-05	0.00e+00	0.00e+00	0.00e+00	0.00e+00	7.32e-02	1.33e-08	9.10e-09
 6.54880e+22	8.75e-02	8.55e-01	5.78e-02	1.34e-04	7.67e-06	0.00e+00	0.00e+00	0.00e+00	0.00e+00	8.75e-02	1.66e-08	1.13e-08
 6.58340e+22	1.05e-01	8.51e-01	4.43e-02	8.69e-05	5.39e-06	0.00e+00	0.00e+00	0.00e+00	0.00e+00	1.05e-01	2.07e-08	1.41e-08
 6.61524e+22	1.26e-01	8.40e-01	3.35e-02	5.68e-05	3.74e-06	0.00e+00	0.00e+00	0.00e+00	0.00e+00	1.26e-01	2.57e-08	1.76e-08
 6.64428e+22	1.51e-01	8.23e-01	2.51e-02	3.76e-05	2.57e-06	0.00e+00	0.00e+00	0.00e+00	0.00e+00	1.51e-01	3.16e-08	2.17e-08
 6.67066e+22	1.81e-01	8.01e-01	1.87e-02	2.55e-05	1.76e-06	0.00e+00	0.00e+00	0.00e+00	0.00e+00	1.81e-01	3.84e-08	2.63e-08
 6.69469e+22	2.14e-01	7.72e-01	1.39e-02	1.76e-05	1.20e-06	0.00e+00	0.00e+00	0.00e+00	0.00e+00	2.14e-01	4.59e-08	3.14e-08
 6.71664e+22	2.52e-01	7.37e-01	1.03e-02	1.25e-05	8.11e-07	0.00e+00	0.00e+00	0.00e+00	0.00e+00	2.52e-01	5.39e-08	3.68e-08
 6.73036e+22	2.78e-01	7.13e-01	8.59e-03	1.02e-05	6.46e-07	0.00e+00	0.00e+00	0.00e+00	0.00e+00	2.78e-01	5.87e-08	4.00e-08
 6.73534e+22	2.88e-01	7.04e-01	8.01e-03	9.51e-06	5.90e-07	0.00e+00	0.00e+00	0.00e+00	0.00e+00	2.88e-01	6.06e-08	4.13e-08
 6.73928e+22	2.97e-01	6.95e-01	7.52e-03	8.90e-06	5.44e-07	0.00e+00	0.00e+00	0.00e+00	0.00e+00	2.97e-01	6.23e-08	4.24e-08
 6.74438e+22	3.09e-01	6.84e-01	6.93e-03	8.17e-06	4.88e-07	0.00e+00	0.00e+00	0.00e+00	0.00e+00	3.09e-01	6.46e-08	4.40e-08
 6.75039e+22	3.24e-01	6.70e-01	6.29e-03	7.39e-06	4.30e-07	0.00e+00	0.00e+00	0.00e+00	0.00e+00	3.24e-01	6.73e-08	4.58e-08
 6.75641e+22	3.38e-01	6.56e-01	5.72e-03	6.73e-06	3.80e-07	0.00e+00	0.00e+00	0.00e+00	0.00e+00	3.38e-01	6.98e-08	4.75e-08
 6.76228e+22	3.53e-01	6.41e-01	5.18e-03	6.10e-06	3.34e-07	0.00e+00	0.00e+00	0.00e+00	0.00e+00	3.53e-01	7.24e-08	4.92e-08
 6.76809e+22	3.68e-01	6.27e-01	4.71e-03	5.57e-06	2.96e-07	0.00e+00	0.00e+00	0.00e+00	0.00e+00	3.68e-01	7.49e-08	5.09e-08
 6.77406e+22	3.85e-01	6.11e-01	4.25e-03	5.05e-06	2.59e-07	0.00e+00	0.00e+00	0.00e+00	0.00e+00	3.85e-01	7.75e-08	5.26e-08
 6.78027e+22	4.02e-01	5.94e-01	3.82e-03	4.56e-06	2.25e-07	0.00e+00	0.00e+00	0.00e+00	0.00e+00	4.02e-01	8.01e-08	5.44e-08
 6.78625e+22	4.19e-01	5.77e-01	3.44e-03	4.15e-06	1.96e-07	0.00e+00	0.00e+00	0.00e+00	0.00e+00	4.19e-01	8.25e-08	5.60e-08
 6.79222e+22	4.37e-01	5.60e-01	3.09e-03	3.76e-06	1.71e-07	0.00e+00	0.00e+00	0.00e+00	0.00e+00	4.37e-01	8.49e-08	5.76e-08
 6.79849e+22	4.55e-01	5.42e-01	2.76e-03	3.40e-06	1.48e-07	0.00e+00	0.00e+00	0.00e+00	0.00e+00	4.55e-01	8.72e-08	5.91e-08
 6.80498e+22	4.75e-01	5.23e-01	2.45e-03	3.07e-06	1.27e-07	0.00e+00	0.00e+00	0.00e+00	0.00e+00	4.75e-01	8.95e-08	6.06e-08
 6.81168e+22	4.95e-01	5.03e-01	2.17e-03	2.76e-06	0.00e+00	0.00e+00	0.00e+00	0.00e+00	0.00e+00	4.95e-01	9.16e-08	6.20e-08
 6.81848e+22	5.15e-01	4.83e-01	1.91e-03	2.48e-06	0.00e+00	0.00e+00	0.00e+00	0.00e+00	0.00e+00	5.15e-01	9.36e-08	6.33e-08
 6.82558e+22	5.37e-01	4.61e-01	1.67e-03	2.22e-06	0.00e+00	0.00e+00	0.00e+00	0.00e+00	0.00e+00	5.37e-01	9.54e-08	6.45e-08
 6.83301e+22	5.60e-01	4.39e-01	1.45e-03	1.98e-06	0.00e+00	0.00e+00	0.00e+00	0.00e+00	0.00e+00	5.60e-01	9.69e-08	6.55e-08
 6.84039e+22	5.82e-01	4.17e-01	1.26e-03	1.76e-06	0.00e+00	0.00e+00	0.00e+00	0.00e+00	0.00e+00	5.82e-01	9.82e-08	6.62e-08
 6.84619e+22	5.97e-01	4.02e-01	1.14e-03	1.63e-06	0.00e+00	0.00e+00	0.00e+00	0.00e+00	0.00e+00	5.97e-01	9.88e-08	6.66e-08
 6.85006e+22	6.08e-01	3.91e-01	1.06e-03	1.54e-06	0.00e+00	0.00e+00	0.00e+00	0.00e+00	0.00e+00	6.08e-01	9.91e-08	6.68e-08
 6.85376e+22	6.18e-01	3.81e-01	9.93e-04	1.46e-06	0.00e+00	0.00e+00	0.00e+00	0.00e+00	0.00e+00	6.18e-01	9.95e-08	6.70e-08
 6.85805e+22	6.30e-01	3.69e-01	9.15e-04	1.37e-06	0.00e+00	0.00e+00	0.00e+00	0.00e+00	0.00e+00	6.30e-01	9.98e-08	6.72e-08
 6.86273e+22	6.43e-01	3.57e-01	8.39e-04	1.28e-06	0.00e+00	0.00e+00	0.00e+00	0.00e+00	0.00e+00	6.43e-01	1.00e-07	6.74e-08
 6.86738e+22	6.54e-01	3.45e-01	7.71e-04	1.20e-06	0.00e+00	0.00e+00	0.00e+00	0.00e+00	0.00e+00	6.54e-01	1.00e-07	6.74e-08
 6.87191e+22	6.66e-01	3.34e-01	7.09e-04	1.13e-06	0.00e+00	0.00e+00	0.00e+00	0.00e+00	0.00e+00	6.66e-01	1.00e-07	6.74e-08
 6.87649e+22	6.77e-01	3.23e-01	6.53e-04	1.06e-06	0.00e+00	0.00e+00	0.00e+00	0.00e+00	0.00e+00	6.77e-01	1.00e-07	6.74e-08
 6.88120e+22	6.88e-01	3.12e-01	6.00e-04	9.97e-07	0.00e+00	0.00e+00	0.00e+00	0.00e+00	0.00e+00	6.88e-01	1.00e-07	6.73e-08
 6.88604e+22	6.99e-01	3.01e-01	5.49e-04	9.35e-07	0.00e+00	0.00e+00	0.00e+00	0.00e+00	0.00e+00	6.99e-01	9.99e-08	6.71e-08
 6.89086e+22	7.09e-01	2.91e-01	5.05e-04	8.81e-07	0.00e+00	0.00e+00	0.00e+00	0.00e+00	0.00e+00	7.09e-01	9.97e-08	6.69e-08
 6.89580e+22	7.19e-01	2.80e-01	4.63e-04	8.27e-07	0.00e+00	0.00e+00	0.00e+00	0.00e+00	0.00e+00	7.19e-01	9.94e-08	6.67e-08
 6.90094e+22	7.30e-01	2.70e-01	4.23e-04	7.76e-07	0.00e+00	0.00e+00	0.00e+00	0.00e+00	0.00e+00	7.30e-01	9.90e-08	6.64e-08
 6.90607e+22	7.40e-01	2.60e-01	3.87e-04	7.29e-07	0.00e+00	0.00e+00	0.00e+00	0.00e+00	0.00e+00	7.40e-01	9.86e-08	6.61e-08
 6.91119e+22	7.49e-01	2.51e-01	3.55e-04	6.87e-07	0.00e+00	0.00e+00	0.00e+00	0.00e+00	0.00e+00	7.49e-01	9.82e-08	6.58e-08
 6.91653e+22	7.58e-01	2.42e-01	3.25e-04	6.46e-07	0.00e+00	0.00e+00	0.00e+00	0.00e+00	0.00e+00	7.58e-01	9.77e-08	6.54e-08
 6.92214e+22	7.67e-01	2.32e-01	2.96e-04	6.06e-07	0.00e+00	0.00e+00	0.00e+00	0.00e+00	0.00e+00	7.67e-01	9.71e-08	6.50e-08
 6.92778e+22	7.77e-01	2.23e-01	2.70e-04	5.69e-07	0.00e+00	0.00e+00	0.00e+00	0.00e+00	0.00e+00	7.77e-01	9.65e-08	6.45e-08
 6.93341e+22	7.85e-01	2.15e-01	2.47e-04	5.36e-07	0.00e+00	0.00e+00	0.00e+00	0.00e+00	0.00e+00	7.85e-01	9.60e-08	6.41e-08
 6.93923e+22	7.93e-01	2.07e-01	2.25e-04	5.04e-07	0.00e+00	0.00e+00	0.00e+00	0.00e+00	0.00e+00	7.93e-01	9.54e-08	6.37e-08
 6.94535e+22	8.01e-01	1.99e-01	2.05e-04	4.73e-07	0.00e+00	0.00e+00	0.00e+00	0.00e+00	0.00e+00	8.01e-01	9.47e-08	6.32e-08
 6.95165e+22	8.09e-01	1.91e-01	1.86e-04	4.45e-07	0.00e+00	0.00e+00	0.00e+00	0.00e+00	0.00e+00	8.09e-01	9.41e-08	6.27e-08
 6.95806e+22	8.17e-01	1.83e-01	1.69e-04	4.18e-07	0.00e+00	0.00e+00	0.00e+00	0.00e+00	0.00e+00	8.17e-01	9.34e-08	6.22e-08
 6.96456e+22	8.24e-01	1.76e-01	1.54e-04	3.93e-07	0.00e+00	0.00e+00	0.00e+00	0.00e+00	0.00e+00	8.24e-01	9.26e-08	6.15e-08
 6.97123e+22	8.31e-01	1.69e-01	1.40e-04	3.69e-07	0.00e+00	0.00e+00	0.00e+00	0.00e+00	0.00e+00	8.31e-01	9.19e-08	6.09e-08
 6.97821e+22	8.38e-01	1.62e-01	1.27e-04	3.47e-07	0.00e+00	0.00e+00	0.00e+00	0.00e+00	0.00e+00	8.38e-01	9.11e-08	6.02e-08
 6.98539e+22	8.45e-01	1.55e-01	1.15e-04	3.26e-07	0.00e+00	0.00e+00	0.00e+00	0.00e+00	0.00e+00	8.45e-01	9.04e-08	5.95e-08
 6.99271e+22	8.51e-01	1.48e-01	1.04e-04	3.06e-07	0.00e+00	0.00e+00	0.00e+00	0.00e+00	0.00e+00	8.51e-01	8.96e-08	5.88e-08
 7.00023e+22	8.58e-01	1.42e-01	9.49e-05	2.88e-07	0.00e+00	0.00e+00	0.00e+00	0.00e+00	0.00e+00	8.58e-01	8.89e-08	5.81e-08
 7.00803e+22	8.64e-01	1.36e-01	8.61e-05	2.70e-07	0.00e+00	0.00e+00	0.00e+00	0.00e+00	0.00e+00	8.64e-01	8.82e-08	5.75e-08
 7.01602e+22	8.69e-01	1.31e-01	7.83e-05	2.54e-07	0.00e+00	0.00e+00	0.00e+00	0.00e+00	0.00e+00	8.69e-01	8.76e-08	5.69e-08
 7.02403e+22	8.75e-01	1.25e-01	7.14e-05	2.39e-07	0.00e+00	0.00e+00	0.00e+00	0.00e+00	0.00e+00	8.75e-01	8.68e-08	5.62e-08
 7.03215e+22	8.80e-01	1.20e-01	6.52e-05	2.25e-07	0.00e+00	0.00e+00	0.00e+00	0.00e+00	0.00e+00	8.80e-01	8.62e-08	5.56e-08
 7.04060e+22	8.85e-01	1.15e-01	5.96e-05	2.12e-07	0.00e+00	0.00e+00	0.00e+00	0.00e+00	0.00e+00	8.85e-01	8.56e-08	5.49e-08
 7.04905e+22	8.90e-01	1.10e-01	5.47e-05	2.00e-07	0.00e+00	0.00e+00	0.00e+00	0.00e+00	0.00e+00	8.90e-01	8.50e-08	5.43e-08
 7.05741e+22	8.94e-01	1.06e-01	5.04e-05	1.88e-07	0.00e+00	0.00e+00	0.00e+00	0.00e+00	0.00e+00	8.94e-01	8.45e-08	5.37e-08
 7.06613e+22	8.98e-01	1.02e-01	4.65e-05	1.78e-07	0.00e+00	0.00e+00	0.00e+00	0.00e+00	0.00e+00	8.98e-01	8.40e-08	5.32e-08
 7.07510e+22	9.02e-01	9.77e-02	4.30e-05	1.68e-07	0.00e+00	0.00e+00	0.00e+00	0.00e+00	0.00e+00	9.02e-01	8.35e-08	5.27e-08
 7.08406e+22	9.06e-01	9.40e-02	4.00e-05	1.59e-07	0.00e+00	0.00e+00	0.00e+00	0.00e+00	0.00e+00	9.06e-01	8.32e-08	5.23e-08
 7.09319e+22	9.10e-01	9.03e-02	3.72e-05	1.50e-07	0.00e+00	0.00e+00	0.00e+00	0.00e+00	0.00e+00	9.10e-01	8.28e-08	5.18e-08
 7.10261e+22	9.13e-01	8.68e-02	3.47e-05	1.42e-07	0.00e+00	0.00e+00	0.00e+00	0.00e+00	0.00e+00	9.13e-01	8.24e-08	5.13e-08
 7.11221e+22	9.17e-01	8.34e-02	3.25e-05	1.34e-07	0.00e+00	0.00e+00	0.00e+00	0.00e+00	0.00e+00	9.17e-01	8.21e-08	5.09e-08
 7.12192e+22	9.20e-01	8.01e-02	3.05e-05	1.27e-07	0.00e+00	0.00e+00	0.00e+00	0.00e+00	0.00e+00	9.20e-01	8.18e-08	5.05e-08
 7.13190e+22	9.23e-01	7.70e-02	2.87e-05	0.00e+00	0.00e+00	0.00e+00	0.00e+00	0.00e+00	0.00e+00	9.23e-01	8.16e-08	5.01e-08
 7.14214e+22	9.26e-01	7.40e-02	2.71e-05	0.00e+00	0.00e+00	0.00e+00	0.00e+00	0.00e+00	0.00e+00	9.26e-01	8.14e-08	4.97e-08
 7.15227e+22	9.29e-01	7.12e-02	2.58e-05	0.00e+00	0.00e+00	0.00e+00	0.00e+00	0.00e+00	0.00e+00	9.29e-01	8.12e-08	4.93e-08
 7.16193e+22	9.31e-01	6.87e-02	2.47e-05	0.00e+00	0.00e+00	0.00e+00	0.00e+00	0.00e+00	0.00e+00	9.31e-01	8.10e-08	4.90e-08
 7.17086e+22	9.33e-01	6.65e-02	2.37e-05	0.00e+00	0.00e+00	0.00e+00	0.00e+00	0.00e+00	0.00e+00	9.33e-01	8.08e-08	4.87e-08
 7.17913e+22	9.35e-01	6.46e-02	2.30e-05	0.00e+00	0.00e+00	0.00e+00	0.00e+00	0.00e+00	0.00e+00	9.35e-01	8.05e-08	4.84e-08
 7.18677e+22	9.37e-01	6.29e-02	2.24e-05	0.00e+00	0.00e+00	0.00e+00	0.00e+00	0.00e+00	0.00e+00	9.37e-01	8.04e-08	4.81e-08
 7.19413e+22	9.39e-01	6.13e-02	2.18e-05	0.00e+00	0.00e+00	0.00e+00	0.00e+00	0.00e+00	0.00e+00	9.39e-01	8.03e-08	4.79e-08
 7.20152e+22	9.40e-01	5.98e-02	2.12e-05	0.00e+00	0.00e+00	0.00e+00	0.00e+00	0.00e+00	0.00e+00	9.40e-01	8.02e-08	4.77e-08
 7.20878e+22	9.42e-01	5.81e-02	2.07e-05	0.00e+00	0.00e+00	0.00e+00	0.00e+00	0.00e+00	0.00e+00	9.42e-01	8.00e-08	4.74e-08
 7.21557e+22	9.43e-01	5.67e-02	2.03e-05	0.00e+00	0.00e+00	0.00e+00	0.00e+00	0.00e+00	0.00e+00	9.43e-01	7.99e-08	4.72e-08
 7.22190e+22	9.45e-01	5.55e-02	2.00e-05	0.00e+00	0.00e+00	0.00e+00	0.00e+00	0.00e+00	0.00e+00	9.45e-01	7.98e-08	4.70e-08
 7.22827e+22	9.46e-01	5.41e-02	1.96e-05	0.00e+00	0.00e+00	0.00e+00	0.00e+00	0.00e+00	0.00e+00	9.46e-01	7.97e-08	4.68e-08
 7.23440e+22	9.47e-01	5.29e-02	1.93e-05	0.00e+00	0.00e+00	0.00e+00	0.00e+00	0.00e+00	0.00e+00	9.47e-01	7.96e-08	4.67e-08
 7.24020e+22	9.48e-01	5.18e-02	1.90e-05	0.00e+00	0.00e+00	0.00e+00	0.00e+00	0.00e+00	0.00e+00	9.48e-01	7.95e-08	4.65e-08
 7.24595e+22	9.49e-01	5.06e-02	1.88e-05	0.00e+00	0.00e+00	0.00e+00	0.00e+00	0.00e+00	0.00e+00	9.49e-01	7.94e-08	4.63e-08
 7.25147e+22	9.50e-01	4.96e-02	1.85e-05	0.00e+00	0.00e+00	0.00e+00	0.00e+00	0.00e+00	0.00e+00	9.50e-01	7.93e-08	4.61e-08
 7.25666e+22	9.51e-01	4.86e-02	1.83e-05	0.00e+00	0.00e+00	0.00e+00	0.00e+00	0.00e+00	0.00e+00	9.51e-01	7.92e-08	4.60e-08
 7.26173e+22	9.52e-01	4.76e-02	1.81e-05	0.00e+00	0.00e+00	0.00e+00	0.00e+00	0.00e+00	0.00e+00	9.52e-01	7.91e-08	4.58e-08
 7.26668e+22	9.53e-01	4.66e-02	1.79e-05	0.00e+00	0.00e+00	0.00e+00	0.00e+00	0.00e+00	0.00e+00	9.53e-01	7.90e-08	4.57e-08
 7.27133e+22	9.54e-01	4.57e-02	1.77e-05	0.00e+00	0.00e+00	0.00e+00	0.00e+00	0.00e+00	0.00e+00	9.54e-01	7.88e-08	4.55e-08
 7.27557e+22	9.55e-01	4.50e-02	1.76e-05	0.00e+00	0.00e+00	0.00e+00	0.00e+00	0.00e+00	0.00e+00	9.55e-01	7.87e-08	4.53e-08
 7.27942e+22	9.56e-01	4.43e-02	1.74e-05	0.00e+00	0.00e+00	0.00e+00	0.00e+00	0.00e+00	0.00e+00	9.56e-01	7.86e-08	4.52e-08
 7.28292e+22	9.56e-01	4.36e-02	1.73e-05	0.00e+00	0.00e+00	0.00e+00	0.00e+00	0.00e+00	0.00e+00	9.56e-01	7.85e-08	4.51e-08
 7.28611e+22	9.57e-01	4.30e-02	1.72e-05	0.00e+00	0.00e+00	0.00e+00	0.00e+00	0.00e+00	0.00e+00	9.57e-01	7.84e-08	4.49e-08
 7.28902e+22	9.57e-01	4.25e-02	1.71e-05	0.00e+00	0.00e+00	0.00e+00	0.00e+00	0.00e+00	0.00e+00	9.57e-01	7.83e-08	4.48e-08
 7.29166e+22	9.58e-01	4.20e-02	1.70e-05	0.00e+00	0.00e+00	0.00e+00	0.00e+00	0.00e+00	0.00e+00	9.58e-01	7.82e-08	4.47e-08
 7.29455e+22	9.59e-01	4.14e-02	1.69e-05	0.00e+00	0.00e+00	0.00e+00	0.00e+00	0.00e+00	0.00e+00	9.59e-01	7.79e-08	4.46e-08
 7.29768e+22	9.59e-01	4.08e-02	1.68e-05	0.00e+00	0.00e+00	0.00e+00	0.00e+00	0.00e+00	0.00e+00	9.59e-01	7.75e-08	4.44e-08
 7.30052e+22	9.60e-01	4.03e-02	1.67e-05	0.00e+00	0.00e+00	0.00e+00	0.00e+00	0.00e+00	0.00e+00	9.60e-01	7.72e-08	4.43e-08
 7.30311e+22	9.60e-01	3.98e-02	1.66e-05	0.00e+00	0.00e+00	0.00e+00	0.00e+00	0.00e+00	0.00e+00	9.60e-01	7.69e-08	4.41e-08
 7.30547e+22	9.60e-01	3.95e-02	1.65e-05	0.00e+00	0.00e+00	0.00e+00	0.00e+00	0.00e+00	0.00e+00	9.60e-01	7.67e-08	4.41e-08
 7.30805e+22	9.61e-01	3.89e-02	1.64e-05	0.00e+00	0.00e+00	0.00e+00	0.00e+00	0.00e+00	0.00e+00	9.61e-01	7.65e-08	4.40e-08
 7.31140e+22	9.62e-01	3.82e-02	1.62e-05	0.00e+00	0.00e+00	0.00e+00	0.00e+00	0.00e+00	0.00e+00	9.62e-01	7.62e-08	4.38e-08
 7.31502e+22	9.62e-01	3.75e-02	1.61e-05	0.00e+00	0.00e+00	0.00e+00	0.00e+00	0.00e+00	0.00e+00	9.62e-01	7.58e-08	4.37e-08
 7.31832e+22	9.63e-01	3.69e-02	1.59e-05	0.00e+00	0.00e+00	0.00e+00	0.00e+00	0.00e+00	0.00e+00	9.63e-01	7.55e-08	4.36e-08
 7.32132e+22	9.64e-01	3.64e-02	1.58e-05	0.00e+00	0.00e+00	0.00e+00	0.00e+00	0.00e+00	0.00e+00	9.64e-01	7.54e-08	4.35e-08
 7.32461e+22	9.64e-01	3.59e-02	1.57e-05	0.00e+00	0.00e+00	0.00e+00	0.00e+00	0.00e+00	0.00e+00	9.64e-01	7.52e-08	4.34e-08
 7.32816e+22	9.65e-01	3.53e-02	1.55e-05	0.00e+00	0.00e+00	0.00e+00	0.00e+00	0.00e+00	0.00e+00	9.65e-01	7.50e-08	4.33e-08
 7.33138e+22	9.65e-01	3.48e-02	1.54e-05	0.00e+00	0.00e+00	0.00e+00	0.00e+00	0.00e+00	0.00e+00	9.65e-01	7.48e-08	4.32e-08
 7.33432e+22	9.66e-01	3.44e-02	1.53e-05	0.00e+00	0.00e+00	0.00e+00	0.00e+00	0.00e+00	0.00e+00	9.66e-01	7.46e-08	4.31e-08
 7.33700e+22	9.66e-01	3.41e-02	1.52e-05	0.00e+00	0.00e+00	0.00e+00	0.00e+00	0.00e+00	0.00e+00	9.66e-01	7.45e-08	4.31e-08
 7.33993e+22	9.66e-01	3.36e-02	1.50e-05	0.00e+00	0.00e+00	0.00e+00	0.00e+00	0.00e+00	0.00e+00	9.66e-01	7.44e-08	4.30e-08
 7.34374e+22	9.67e-01	3.29e-02	1.48e-05	0.00e+00	0.00e+00	0.00e+00	0.00e+00	0.00e+00	0.00e+00	9.67e-01	7.42e-08	4.29e-08
 7.34785e+22	9.68e-01	3.23e-02	1.46e-05	0.00e+00	0.00e+00	0.00e+00	0.00e+00	0.00e+00	0.00e+00	9.68e-01	7.40e-08	4.28e-08
 7.35159e+22	9.68e-01	3.18e-02	1.45e-05	0.00e+00	0.00e+00	0.00e+00	0.00e+00	0.00e+00	0.00e+00	9.68e-01	7.39e-08	4.27e-08
 7.35500e+22	9.69e-01	3.14e-02	1.43e-05	0.00e+00	0.00e+00	0.00e+00	0.00e+00	0.00e+00	0.00e+00	9.69e-01	7.38e-08	4.27e-08
 7.35809e+22	9.69e-01	3.10e-02	1.42e-05	0.00e+00	0.00e+00	0.00e+00	0.00e+00	0.00e+00	0.00e+00	9.69e-01	7.37e-08	4.26e-08
 7.36091e+22	9.69e-01	3.06e-02	1.41e-05	0.00e+00	0.00e+00	0.00e+00	0.00e+00	0.00e+00	0.00e+00	9.69e-01	7.36e-08	4.25e-08
 7.36400e+22	9.70e-01	3.01e-02	1.39e-05	0.00e+00	0.00e+00	0.00e+00	0.00e+00	0.00e+00	0.00e+00	9.70e-01	7.34e-08	4.24e-08
 7.36734e+22	9.70e-01	2.96e-02	1.37e-05	0.00e+00	0.00e+00	0.00e+00	0.00e+00	0.00e+00	0.00e+00	9.70e-01	7.32e-08	4.23e-08
 7.37038e+22	9.71e-01	2.92e-02	1.36e-05	0.00e+00	0.00e+00	0.00e+00	0.00e+00	0.00e+00	0.00e+00	9.71e-01	7.30e-08	4.22e-08
 7.37314e+22	9.71e-01	2.89e-02	1.35e-05	0.00e+00	0.00e+00	0.00e+00	0.00e+00	0.00e+00	0.00e+00	9.71e-01	7.29e-08	4.21e-08
 7.37565e+22	9.71e-01	2.85e-02	1.33e-05	0.00e+00	0.00e+00	0.00e+00	0.00e+00	0.00e+00	0.00e+00	9.71e-01	7.27e-08	4.19e-08
 7.37794e+22	9.72e-01	2.83e-02	1.32e-05	0.00e+00	0.00e+00	0.00e+00	0.00e+00	0.00e+00	0.00e+00	9.72e-01	7.26e-08	4.18e-08
 7.38045e+22	9.72e-01	2.79e-02	1.31e-05	0.00e+00	0.00e+00	0.00e+00	0.00e+00	0.00e+00	0.00e+00	9.72e-01	7.25e-08	4.18e-08
 7.38371e+22	9.73e-01	2.74e-02	1.29e-05	0.00e+00	0.00e+00	0.00e+00	0.00e+00	0.00e+00	0.00e+00	9.73e-01	7.23e-08	4.16e-08
 7.38722e+22	9.73e-01	2.69e-02	1.28e-05	0.00e+00	0.00e+00	0.00e+00	0.00e+00	0.00e+00	0.00e+00	9.73e-01	7.22e-08	4.15e-08
 7.39043e+22	9.73e-01	2.65e-02	1.26e-05	0.00e+00	0.00e+00	0.00e+00	0.00e+00	0.00e+00	0.00e+00	9.73e-01	7.20e-08	4.14e-08
 7.39334e+22	9.74e-01	2.61e-02	1.25e-05	0.00e+00	0.00e+00	0.00e+00	0.00e+00	0.00e+00	0.00e+00	9.74e-01	7.18e-08	4.12e-08
 7.39599e+22	9.74e-01	2.59e-02	1.24e-05	0.00e+00	0.00e+00	0.00e+00	0.00e+00	0.00e+00	0.00e+00	9.74e-01	7.17e-08	4.11e-08
 7.39889e+22	9.75e-01	2.55e-02	1.23e-05	0.00e+00	0.00e+00	0.00e+00	0.00e+00	0.00e+00	0.00e+00	9.75e-01	7.16e-08	4.10e-08
 7.40203e+22	9.75e-01	2.51e-02	1.21e-05	0.00e+00	0.00e+00	0.00e+00	0.00e+00	0.00e+00	0.00e+00	9.75e-01	7.14e-08	4.09e-08
 7.40489e+22	9.75e-01	2.47e-02	1.20e-05	0.00e+00	0.00e+00	0.00e+00	0.00e+00	0.00e+00	0.00e+00	9.75e-01	7.13e-08	4.07e-08
 7.40748e+22	9.76e-01	2.44e-02	1.19e-05	0.00e+00	0.00e+00	0.00e+00	0.00e+00	0.00e+00	0.00e+00	9.76e-01	7.10e-08	4.05e-08
 7.40985e+22	9.76e-01	2.42e-02	1.18e-05	0.00e+00	0.00e+00	0.00e+00	0.00e+00	0.00e+00	0.00e+00	9.76e-01	7.10e-08	4.05e-08
 7.41244e+22	9.76e-01	2.39e-02	1.17e-05	0.00e+00	0.00e+00	0.00e+00	0.00e+00	0.00e+00	0.00e+00	9.76e-01	7.08e-08	4.03e-08
 7.41523e+22	9.76e-01	2.36e-02	1.16e-05	0.00e+00	0.00e+00	0.00e+00	0.00e+00	0.00e+00	0.00e+00	9.76e-01	7.08e-08	4.03e-08
 7.41830e+22	9.77e-01	2.32e-02	1.15e-05	0.00e+00	0.00e+00	0.00e+00	0.00e+00	0.00e+00	0.00e+00	9.77e-01	7.05e-08	4.01e-08
 7.42160e+22	9.77e-01	2.29e-02	1.13e-05	0.00e+00	0.00e+00	0.00e+00	0.00e+00	0.00e+00	0.00e+00	9.77e-01	6.99e-08	3.98e-08
 7.42523e+22	9.78e-01	2.25e-02	1.12e-05	0.00e+00	0.00e+00	0.00e+00	0.00e+00	0.00e+00	0.00e+00	9.78e-01	6.92e-08	3.94e-08
 7.42914e+22	9.78e-01	2.21e-02	1.11e-05	0.00e+00	0.00e+00	0.00e+00	0.00e+00	0.00e+00	0.00e+00	9.78e-01	6.85e-08	3.91e-08
 7.43270e+22	9.78e-01	2.17e-02	1.09e-05	0.00e+00	0.00e+00	0.00e+00	0.00e+00	0.00e+00	0.00e+00	9.78e-01	6.77e-08	3.86e-08
 7.43594e+22	9.79e-01	2.15e-02	1.09e-05	0.00e+00	0.00e+00	0.00e+00	0.00e+00	0.00e+00	0.00e+00	9.79e-01	6.75e-08	3.85e-08
 7.43949e+22	9.79e-01	2.11e-02	1.07e-05	0.00e+00	0.00e+00	0.00e+00	0.00e+00	0.00e+00	0.00e+00	9.79e-01	6.68e-08	3.80e-08
 7.44333e+22	9.79e-01	2.07e-02	1.06e-05	0.00e+00	0.00e+00	0.00e+00	0.00e+00	0.00e+00	0.00e+00	9.79e-01	6.62e-08	3.76e-08
 7.44681e+22	9.80e-01	2.04e-02	1.05e-05	0.00e+00	0.00e+00	0.00e+00	0.00e+00	0.00e+00	0.00e+00	9.80e-01	6.54e-08	3.70e-08
 7.44999e+22	9.80e-01	2.02e-02	1.04e-05	0.00e+00	0.00e+00	0.00e+00	0.00e+00	0.00e+00	0.00e+00	9.80e-01	6.53e-08	3.69e-08
 7.45347e+22	9.80e-01	1.99e-02	1.03e-05	0.00e+00	0.00e+00	0.00e+00	0.00e+00	0.00e+00	0.00e+00	9.80e-01	6.47e-08	3.65e-08
 7.45722e+22	9.80e-01	1.95e-02	1.02e-05	0.00e+00	0.00e+00	0.00e+00	0.00e+00	0.00e+00	0.00e+00	9.80e-01	6.41e-08	3.60e-08
 7.46064e+22	9.81e-01	1.92e-02	1.01e-05	0.00e+00	0.00e+00	0.00e+00	0.00e+00	0.00e+00	0.00e+00	9.81e-01	6.34e-08	3.55e-08
 7.46375e+22	9.81e-01	1.91e-02	1.00e-05	0.00e+00	0.00e+00	0.00e+00	0.00e+00	0.00e+00	0.00e+00	9.81e-01	6.32e-08	3.54e-08
 7.46716e+22	9.81e-01	1.88e-02	9.90e-06	0.00e+00	0.00e+00	0.00e+00	0.00e+00	0.00e+00	0.00e+00	9.81e-01	6.27e-08	3.50e-08
 7.47084e+22	9.82e-01	1.84e-02	9.80e-06	0.00e+00	0.00e+00	0.00e+00	0.00e+00	0.00e+00	0.00e+00	9.82e-01	6.21e-08	3.46e-08
 7.47418e+22	9.82e-01	1.82e-02	9.72e-06	0.00e+00	0.00e+00	0.00e+00	0.00e+00	0.00e+00	0.00e+00	9.82e-01	6.18e-08	3.44e-08
 7.47785e+22	9.82e-01	1.79e-02	9.61e-06	0.00e+00	0.00e+00	0.00e+00	0.00e+00	0.00e+00	0.00e+00	9.82e-01	6.12e-08	3.39e-08
 7.48181e+22	9.82e-01	1.76e-02	9.50e-06	0.00e+00	0.00e+00	0.00e+00	0.00e+00	0.00e+00	0.00e+00	9.82e-01	6.05e-08	3.35e-08
 7.48542e+22	9.83e-01	1.73e-02	9.41e-06	0.00e+00	0.00e+00	0.00e+00	0.00e+00	0.00e+00	0.00e+00	9.83e-01	5.98e-08	3.30e-08
 7.48870e+22	9.83e-01	1.71e-02	9.34e-06	0.00e+00	0.00e+00	0.00e+00	0.00e+00	0.00e+00	0.00e+00	9.83e-01	5.95e-08	3.28e-08
 7.49229e+22	9.83e-01	1.69e-02	9.24e-06	0.00e+00	0.00e+00	0.00e+00	0.00e+00	0.00e+00	0.00e+00	9.83e-01	5.89e-08	3.23e-08
 7.49617e+22	9.83e-01	1.66e-02	9.15e-06	0.00e+00	0.00e+00	0.00e+00	0.00e+00	0.00e+00	0.00e+00	9.83e-01	5.83e-08	3.19e-08
 7.49970e+22	9.84e-01	1.64e-02	9.07e-06	0.00e+00	0.00e+00	0.00e+00	0.00e+00	0.00e+00	0.00e+00	9.84e-01	5.79e-08	3.16e-08
 7.50357e+22	9.84e-01	1.61e-02	8.97e-06	0.00e+00	0.00e+00	0.00e+00	0.00e+00	0.00e+00	0.00e+00	9.84e-01	5.71e-08	3.11e-08
 7.50774e+22	9.84e-01	1.58e-02	8.87e-06	0.00e+00	0.00e+00	0.00e+00	0.00e+00	0.00e+00	0.00e+00	9.84e-01	5.65e-08	3.07e-08
 7.51155e+22	9.84e-01	1.56e-02	8.79e-06	0.00e+00	0.00e+00	0.00e+00	0.00e+00	0.00e+00	0.00e+00	9.84e-01	5.61e-08	3.04e-08
 7.51571e+22	9.85e-01	1.52e-02	8.69e-06	0.00e+00	0.00e+00	0.00e+00	0.00e+00	0.00e+00	0.00e+00	9.85e-01	5.52e-08	2.98e-08
 7.52021e+22	9.85e-01	1.49e-02	8.59e-06	0.00e+00	0.00e+00	0.00e+00	0.00e+00	0.00e+00	0.00e+00	9.85e-01	5.45e-08	2.93e-08
 7.52430e+22	9.85e-01	1.47e-02	8.50e-06	0.00e+00	0.00e+00	0.00e+00	0.00e+00	0.00e+00	0.00e+00	9.85e-01	5.37e-08	2.88e-08
 7.52802e+22	9.85e-01	1.45e-02	8.43e-06	0.00e+00	0.00e+00	0.00e+00	0.00e+00	0.00e+00	0.00e+00	9.85e-01	5.34e-08	2.86e-08
 7.53210e+22	9.86e-01	1.43e-02	8.34e-06	0.00e+00	0.00e+00	0.00e+00	0.00e+00	0.00e+00	0.00e+00	9.86e-01	5.28e-08	2.81e-08
 7.53651e+22	9.86e-01	1.40e-02	8.25e-06	0.00e+00	0.00e+00	0.00e+00	0.00e+00	0.00e+00	0.00e+00	9.86e-01	5.21e-08	2.76e-08
 7.54051e+22	9.86e-01	1.38e-02	8.18e-06	0.00e+00	0.00e+00	0.00e+00	0.00e+00	0.00e+00	0.00e+00	9.86e-01	5.17e-08	2.73e-08
 7.54491e+22	9.86e-01	1.35e-02	8.08e-06	0.00e+00	0.00e+00	0.00e+00	0.00e+00	0.00e+00	0.00e+00	9.86e-01	5.09e-08	2.68e-08
