#depth	N	N+	N+2	N+3	N+4	N+5	N+6	N+7
 4.62852e+21	1.48e-13	3.44e-09	2.19e-06	1.19e-04	1.42e-03	1.23e-01	4.79e-01	3.97e-01
 1.02897e+22	1.20e-12	2.34e-08	1.23e-05	5.32e-04	4.26e-03	2.20e-01	5.16e-01	2.60e-01
 1.17865e+22	2.47e-12	4.66e-08	2.36e-05	9.63e-04	6.66e-03	2.73e-01	5.12e-01	2.07e-01
 1.24826e+22	3.43e-12	6.32e-08	3.17e-05	1.27e-03	8.23e-03	3.01e-01	5.06e-01	1.84e-01
 1.28110e+22	3.86e-12	7.13e-08	3.57e-05	1.42e-03	8.95e-03	3.13e-01	5.02e-01	1.74e-01
 1.30006e+22	4.34e-12	7.99e-08	3.98e-05	1.57e-03	9.68e-03	3.24e-01	4.99e-01	1.66e-01
 1.32130e+22	4.99e-12	9.19e-08	4.57e-05	1.79e-03	1.07e-02	3.38e-01	4.93e-01	1.56e-01
 1.34276e+22	5.58e-12	1.03e-07	5.09e-05	1.98e-03	1.16e-02	3.50e-01	4.89e-01	1.48e-01
 1.36448e+22	6.37e-12	1.17e-07	5.83e-05	2.25e-03	1.28e-02	3.65e-01	4.82e-01	1.38e-01
 1.38632e+22	7.10e-12	1.30e-07	6.46e-05	2.48e-03	1.38e-02	3.76e-01	4.77e-01	1.31e-01
 1.40851e+22	8.09e-12	1.49e-07	7.38e-05	2.80e-03	1.52e-02	3.92e-01	4.69e-01	1.22e-01
 1.43081e+22	8.96e-12	1.64e-07	8.16e-05	3.08e-03	1.63e-02	4.03e-01	4.62e-01	1.15e-01
 1.45324e+22	1.02e-11	1.86e-07	9.27e-05	3.47e-03	1.79e-02	4.18e-01	4.54e-01	1.07e-01
 1.47585e+22	1.12e-11	2.06e-07	1.02e-04	3.80e-03	1.92e-02	4.29e-01	4.47e-01	1.01e-01
 1.49870e+22	1.27e-11	2.33e-07	1.16e-04	4.27e-03	2.10e-02	4.44e-01	4.37e-01	9.36e-02
 1.52185e+22	1.40e-11	2.57e-07	1.28e-04	4.67e-03	2.25e-02	4.55e-01	4.29e-01	8.81e-02
 1.54536e+22	1.58e-11	2.90e-07	1.45e-04	5.23e-03	2.46e-02	4.70e-01	4.19e-01	8.13e-02
 1.56926e+22	1.74e-11	3.20e-07	1.60e-04	5.72e-03	2.63e-02	4.81e-01	4.10e-01	7.63e-02
 1.59366e+22	1.97e-11	3.62e-07	1.81e-04	6.41e-03	2.88e-02	4.96e-01	3.99e-01	7.00e-02
 1.61856e+22	2.18e-11	4.00e-07	2.00e-04	7.01e-03	3.08e-02	5.07e-01	3.90e-01	6.55e-02
 1.64412e+22	2.47e-11	4.54e-07	2.28e-04	7.85e-03	3.36e-02	5.21e-01	3.78e-01	5.98e-02
 1.67033e+22	2.75e-11	5.04e-07	2.53e-04	8.59e-03	3.60e-02	5.32e-01	3.68e-01	5.56e-02
 1.69738e+22	3.11e-11	5.73e-07	2.89e-04	9.65e-03	3.94e-02	5.46e-01	3.55e-01	5.04e-02
 1.72282e+22	3.43e-11	6.28e-07	3.16e-04	1.04e-02	4.16e-02	5.54e-01	3.46e-01	4.73e-02
 1.74616e+22	3.83e-11	7.02e-07	3.54e-04	1.14e-02	4.48e-02	5.65e-01	3.35e-01	4.34e-02
 1.76932e+22	4.19e-11	7.67e-07	3.85e-04	1.23e-02	4.72e-02	5.73e-01	3.27e-01	4.08e-02
 1.79224e+22	4.64e-11	8.51e-07	4.29e-04	1.35e-02	5.07e-02	5.83e-01	3.15e-01	3.74e-02
 1.81529e+22	5.10e-11	9.31e-07	4.68e-04	1.44e-02	5.33e-02	5.90e-01	3.07e-01	3.50e-02
 1.83852e+22	5.68e-11	1.04e-06	5.23e-04	1.58e-02	5.71e-02	5.99e-01	2.96e-01	3.21e-02
 1.86217e+22	6.27e-11	1.14e-06	5.72e-04	1.69e-02	6.00e-02	6.05e-01	2.88e-01	3.00e-02
 1.88635e+22	7.00e-11	1.27e-06	6.40e-04	1.85e-02	6.42e-02	6.13e-01	2.76e-01	2.73e-02
 1.91085e+22	7.75e-11	1.40e-06	7.02e-04	1.99e-02	6.75e-02	6.19e-01	2.68e-01	2.54e-02
 1.93574e+22	8.71e-11	1.58e-06	7.88e-04	2.18e-02	7.22e-02	6.26e-01	2.56e-01	2.31e-02
 1.96116e+22	9.72e-11	1.75e-06	8.67e-04	2.34e-02	7.59e-02	6.31e-01	2.48e-01	2.14e-02
 1.98725e+22	1.10e-10	1.97e-06	9.79e-04	2.56e-02	8.11e-02	6.37e-01	2.36e-01	1.93e-02
 2.01390e+22	1.23e-10	2.20e-06	1.08e-03	2.75e-02	8.53e-02	6.41e-01	2.28e-01	1.78e-02
 2.04126e+22	1.40e-10	2.49e-06	1.23e-03	3.02e-02	9.12e-02	6.45e-01	2.16e-01	1.59e-02
 2.06923e+22	1.58e-10	2.79e-06	1.36e-03	3.26e-02	9.59e-02	6.48e-01	2.07e-01	1.46e-02
 2.09801e+22	1.83e-10	3.21e-06	1.55e-03	3.58e-02	1.02e-01	6.51e-01	1.96e-01	1.30e-02
 2.12713e+22	2.08e-10	3.60e-06	1.73e-03	3.86e-02	1.08e-01	6.53e-01	1.88e-01	1.19e-02
 2.15668e+22	2.41e-10	4.15e-06	1.98e-03	4.24e-02	1.15e-01	6.54e-01	1.77e-01	1.05e-02
 2.18659e+22	2.76e-10	4.68e-06	2.21e-03	4.57e-02	1.20e-01	6.54e-01	1.68e-01	9.58e-03
 2.21697e+22	3.22e-10	5.43e-06	2.53e-03	5.02e-02	1.28e-01	6.53e-01	1.58e-01	8.43e-03
 2.24661e+22	3.67e-10	6.09e-06	2.81e-03	5.37e-02	1.33e-01	6.52e-01	1.51e-01	7.70e-03
 2.27528e+22	4.26e-10	7.01e-06	3.19e-03	5.86e-02	1.41e-01	6.49e-01	1.41e-01	6.81e-03
 2.30501e+22	4.92e-10	7.95e-06	3.56e-03	6.29e-02	1.47e-01	6.46e-01	1.34e-01	6.17e-03
 2.33040e+22	5.54e-10	8.84e-06	3.92e-03	6.69e-02	1.53e-01	6.43e-01	1.28e-01	5.64e-03
 2.35773e+22	6.41e-10	1.01e-05	4.43e-03	7.24e-02	1.61e-01	6.38e-01	1.20e-01	5.00e-03
 2.38507e+22	7.24e-10	1.13e-05	4.87e-03	7.69e-02	1.66e-01	6.33e-01	1.14e-01	4.56e-03
 2.41244e+22	8.44e-10	1.29e-05	5.48e-03	8.29e-02	1.74e-01	6.27e-01	1.07e-01	4.06e-03
 2.44090e+22	9.61e-10	1.45e-05	6.09e-03	8.85e-02	1.80e-01	6.20e-01	1.01e-01	3.64e-03
 2.46632e+22	1.10e-09	1.63e-05	6.71e-03	9.40e-02	1.87e-01	6.14e-01	9.56e-02	3.30e-03
 2.49492e+22	1.29e-09	1.88e-05	7.58e-03	1.01e-01	1.94e-01	6.05e-01	8.91e-02	2.92e-03
 2.52497e+22	1.49e-09	2.13e-05	8.46e-03	1.08e-01	2.01e-01	5.96e-01	8.34e-02	2.59e-03
 2.55229e+22	1.72e-09	2.41e-05	9.37e-03	1.15e-01	2.08e-01	5.87e-01	7.83e-02	2.32e-03
 2.58316e+22	2.05e-09	2.81e-05	1.07e-02	1.24e-01	2.16e-01	5.75e-01	7.22e-02	2.02e-03
 2.61494e+22	2.39e-09	3.21e-05	1.19e-02	1.33e-01	2.23e-01	5.63e-01	6.71e-02	1.78e-03
 2.64317e+22	2.76e-09	3.63e-05	1.32e-02	1.41e-01	2.30e-01	5.52e-01	6.26e-02	1.58e-03
 2.67513e+22	3.33e-09	4.26e-05	1.50e-02	1.52e-01	2.37e-01	5.37e-01	5.72e-02	1.36e-03
 2.70824e+22	3.92e-09	4.89e-05	1.68e-02	1.62e-01	2.44e-01	5.23e-01	5.27e-02	1.19e-03
 2.73793e+22	4.58e-09	5.57e-05	1.87e-02	1.71e-01	2.50e-01	5.10e-01	4.87e-02	1.04e-03
 2.77162e+22	5.59e-09	6.59e-05	2.14e-02	1.84e-01	2.58e-01	4.92e-01	4.39e-02	8.79e-04
 2.80635e+22	6.63e-09	7.59e-05	2.39e-02	1.96e-01	2.64e-01	4.76e-01	4.01e-02	7.59e-04
 2.84245e+22	8.22e-09	9.07e-05	2.75e-02	2.11e-01	2.70e-01	4.55e-01	3.57e-02	6.30e-04
 2.87895e+22	9.80e-09	1.05e-04	3.07e-02	2.23e-01	2.75e-01	4.37e-01	3.24e-02	5.39e-04
 2.91106e+22	1.16e-08	1.21e-04	3.42e-02	2.36e-01	2.80e-01	4.20e-01	2.94e-02	4.62e-04
 2.94793e+22	1.45e-08	1.44e-04	3.91e-02	2.53e-01	2.84e-01	3.98e-01	2.58e-02	3.77e-04
 2.98520e+22	1.73e-08	1.67e-04	4.36e-02	2.66e-01	2.88e-01	3.79e-01	2.31e-02	3.18e-04
 3.02299e+22	2.18e-08	2.00e-04	4.98e-02	2.83e-01	2.90e-01	3.56e-01	2.01e-02	2.57e-04
 3.06136e+22	2.62e-08	2.32e-04	5.54e-02	2.97e-01	2.92e-01	3.37e-01	1.79e-02	2.15e-04
 3.10049e+22	3.32e-08	2.79e-04	6.33e-02	3.15e-01	2.93e-01	3.13e-01	1.53e-02	1.70e-04
 3.14000e+22	3.96e-08	3.24e-04	7.02e-02	3.30e-01	2.92e-01	2.94e-01	1.35e-02	1.41e-04
 3.18004e+22	5.06e-08	3.91e-04	7.99e-02	3.48e-01	2.90e-01	2.70e-01	1.14e-02	1.10e-04
 3.22044e+22	6.13e-08	4.53e-04	8.82e-02	3.61e-01	2.88e-01	2.52e-01	9.97e-03	8.99e-05
 3.26132e+22	7.87e-08	5.47e-04	1.00e-01	3.79e-01	2.84e-01	2.29e-01	8.32e-03	6.90e-05
 3.30276e+22	9.59e-08	6.34e-04	1.10e-01	3.92e-01	2.79e-01	2.11e-01	7.17e-03	5.56e-05
 3.33873e+22	1.16e-07	7.30e-04	1.20e-01	4.03e-01	2.74e-01	1.95e-01	6.20e-03	4.51e-05
 3.37926e+22	1.48e-07	8.76e-04	1.35e-01	4.17e-01	2.66e-01	1.75e-01	5.11e-03	3.42e-05
 3.41791e+22	1.75e-07	9.90e-04	1.45e-01	4.26e-01	2.60e-01	1.63e-01	4.47e-03	2.82e-05
 3.45410e+22	2.18e-07	1.16e-03	1.60e-01	4.37e-01	2.52e-01	1.46e-01	3.72e-03	2.18e-05
 3.49027e+22	2.58e-07	1.31e-03	1.72e-01	4.44e-01	2.45e-01	1.35e-01	3.23e-03	1.79e-05
 3.52641e+22	3.18e-07	1.52e-03	1.87e-01	4.52e-01	2.36e-01	1.21e-01	2.69e-03	1.38e-05
 3.56392e+22	3.83e-07	1.73e-03	2.02e-01	4.57e-01	2.27e-01	1.10e-01	2.28e-03	1.10e-05
 3.59760e+22	4.54e-07	1.96e-03	2.15e-01	4.62e-01	2.19e-01	1.00e-01	1.95e-03	8.82e-06
 3.63581e+22	5.67e-07	2.28e-03	2.34e-01	4.66e-01	2.08e-01	8.85e-02	1.58e-03	6.63e-06
 3.67460e+22	6.80e-07	2.59e-03	2.50e-01	4.68e-01	1.98e-01	7.96e-02	1.33e-03	5.21e-06
 3.70899e+22	8.09e-07	2.92e-03	2.66e-01	4.69e-01	1.89e-01	7.17e-02	1.12e-03	4.12e-06
 3.74853e+22	1.01e-06	3.40e-03	2.87e-01	4.69e-01	1.77e-01	6.24e-02	8.95e-04	3.03e-06
 3.78516e+22	1.18e-06	3.77e-03	3.01e-01	4.68e-01	1.69e-01	5.67e-02	7.67e-04	2.45e-06
 3.81801e+22	1.41e-06	4.25e-03	3.19e-01	4.66e-01	1.60e-01	5.04e-02	6.35e-04	1.89e-06
 3.85163e+22	1.64e-06	4.71e-03	3.35e-01	4.63e-01	1.52e-01	4.54e-02	5.38e-04	1.51e-06
 3.88142e+22	1.89e-06	5.19e-03	3.49e-01	4.59e-01	1.44e-01	4.12e-02	4.60e-04	1.22e-06
 3.91532e+22	2.27e-06	5.86e-03	3.68e-01	4.54e-01	1.35e-01	3.62e-02	3.76e-04	9.30e-07
 3.94978e+22	2.64e-06	6.47e-03	3.85e-01	4.49e-01	1.27e-01	3.24e-02	3.16e-04	7.36e-07
 3.98011e+22	3.05e-06	7.12e-03	4.00e-01	4.43e-01	1.20e-01	2.91e-02	2.67e-04	5.86e-07
 4.01468e+22	3.65e-06	8.02e-03	4.20e-01	4.35e-01	1.12e-01	2.54e-02	2.15e-04	4.40e-07
 4.04981e+22	4.23e-06	8.84e-03	4.36e-01	4.27e-01	1.05e-01	2.26e-02	1.79e-04	3.44e-07
 4.08085e+22	4.88e-06	9.71e-03	4.52e-01	4.20e-01	9.81e-02	2.02e-02	1.50e-04	2.71e-07
 4.11637e+22	5.85e-06	1.09e-02	4.72e-01	4.09e-01	9.02e-02	1.74e-02	1.20e-04	2.00e-07
 4.15243e+22	6.79e-06	1.20e-02	4.88e-01	4.00e-01	8.40e-02	1.54e-02	9.88e-05	1.55e-07
 4.18436e+22	7.83e-06	1.32e-02	5.04e-01	3.91e-01	7.83e-02	1.36e-02	8.18e-05	0.00e+00
 4.22104e+22	9.39e-06	1.48e-02	5.24e-01	3.78e-01	7.14e-02	1.16e-02	6.42e-05	0.00e+00
 4.25832e+22	1.09e-05	1.63e-02	5.40e-01	3.67e-01	6.59e-02	1.02e-02	5.23e-05	0.00e+00
 4.29636e+22	1.31e-05	1.83e-02	5.59e-01	3.54e-01	5.98e-02	8.64e-03	4.07e-05	0.00e+00
 4.33528e+22	1.53e-05	2.02e-02	5.76e-01	3.42e-01	5.47e-02	7.46e-03	3.25e-05	0.00e+00
 4.36947e+22	1.77e-05	2.21e-02	5.91e-01	3.30e-01	5.03e-02	6.51e-03	2.64e-05	0.00e+00
 4.40807e+22	2.12e-05	2.48e-02	6.09e-01	3.15e-01	4.52e-02	5.46e-03	2.02e-05	0.00e+00
 4.43731e+22	2.27e-05	2.58e-02	6.15e-01	3.10e-01	4.34e-02	5.12e-03	1.83e-05	0.00e+00
 4.45438e+22	2.47e-05	2.72e-02	6.24e-01	3.03e-01	4.12e-02	4.71e-03	1.61e-05	0.00e+00
 4.47658e+22	2.73e-05	2.90e-02	6.33e-01	2.95e-01	3.87e-02	4.26e-03	1.38e-05	0.00e+00
 4.50543e+22	3.11e-05	3.15e-02	6.45e-01	2.84e-01	3.56e-02	3.73e-03	1.13e-05	0.00e+00
 4.54294e+22	3.74e-05	3.52e-02	6.61e-01	2.69e-01	3.17e-02	3.10e-03	8.51e-06	0.00e+00
 4.57674e+22	4.15e-05	3.76e-02	6.69e-01	2.61e-01	2.96e-02	2.78e-03	7.20e-06	0.00e+00
 4.60571e+22	4.74e-05	4.08e-02	6.80e-01	2.50e-01	2.71e-02	2.42e-03	5.83e-06	0.00e+00
 4.63599e+22	5.32e-05	4.38e-02	6.89e-01	2.40e-01	2.50e-02	2.14e-03	4.84e-06	0.00e+00
 4.66798e+22	6.14e-05	4.78e-02	6.99e-01	2.29e-01	2.27e-02	1.84e-03	3.83e-06	0.00e+00
 4.70028e+22	6.91e-05	5.13e-02	7.06e-01	2.20e-01	2.09e-02	1.62e-03	3.16e-06	0.00e+00
 4.73300e+22	8.00e-05	5.61e-02	7.15e-01	2.08e-01	1.88e-02	1.38e-03	2.47e-06	0.00e+00
 4.76593e+22	9.00e-05	6.03e-02	7.22e-01	1.99e-01	1.73e-02	1.21e-03	2.02e-06	0.00e+00
 4.79915e+22	1.04e-04	6.59e-02	7.29e-01	1.88e-01	1.55e-02	1.02e-03	1.57e-06	0.00e+00
 4.83285e+22	1.18e-04	7.08e-02	7.35e-01	1.79e-01	1.41e-02	8.89e-04	1.28e-06	0.00e+00
 4.86716e+22	1.37e-04	7.75e-02	7.41e-01	1.68e-01	1.26e-02	7.47e-04	9.82e-07	0.00e+00
 4.90200e+22	1.54e-04	8.33e-02	7.45e-01	1.60e-01	1.15e-02	6.46e-04	7.89e-07	0.00e+00
 4.93751e+22	1.80e-04	9.13e-02	7.49e-01	1.49e-01	1.02e-02	5.38e-04	5.98e-07	0.00e+00
 4.97366e+22	2.04e-04	9.82e-02	7.51e-01	1.41e-01	9.19e-03	4.62e-04	4.75e-07	0.00e+00
 5.01062e+22	2.39e-04	1.08e-01	7.53e-01	1.31e-01	8.08e-03	3.80e-04	3.55e-07	0.00e+00
 5.04836e+22	2.71e-04	1.16e-01	7.53e-01	1.23e-01	7.25e-03	3.23e-04	2.78e-07	0.00e+00
 5.08710e+22	3.20e-04	1.28e-01	7.53e-01	1.13e-01	6.32e-03	2.62e-04	2.03e-07	0.00e+00
 5.12655e+22	3.64e-04	1.38e-01	7.51e-01	1.05e-01	5.63e-03	2.21e-04	1.57e-07	0.00e+00
 5.16692e+22	4.31e-04	1.52e-01	7.47e-01	9.59e-02	4.86e-03	1.77e-04	0.00e+00	0.00e+00
 5.20784e+22	4.91e-04	1.64e-01	7.43e-01	8.88e-02	4.31e-03	1.48e-04	0.00e+00	0.00e+00
 5.24946e+22	5.79e-04	1.80e-01	7.35e-01	8.05e-02	3.71e-03	1.18e-04	0.00e+00	0.00e+00
 5.29212e+22	6.66e-04	1.94e-01	7.28e-01	7.38e-02	3.25e-03	9.65e-05	0.00e+00	0.00e+00
 5.33612e+22	7.97e-04	2.15e-01	7.16e-01	6.57e-02	2.74e-03	7.45e-05	0.00e+00	0.00e+00
 5.38005e+22	9.07e-04	2.30e-01	7.06e-01	6.01e-02	2.40e-03	6.14e-05	0.00e+00	0.00e+00
 5.42390e+22	1.08e-03	2.53e-01	6.91e-01	5.33e-02	2.02e-03	4.73e-05	0.00e+00	0.00e+00
 5.46925e+22	1.23e-03	2.72e-01	6.77e-01	4.81e-02	1.75e-03	3.81e-05	0.00e+00	0.00e+00
 5.51656e+22	1.49e-03	3.00e-01	6.56e-01	4.16e-02	1.44e-03	2.83e-05	0.00e+00	0.00e+00
 5.56442e+22	1.70e-03	3.21e-01	6.39e-01	3.72e-02	1.24e-03	2.25e-05	0.00e+00	0.00e+00
 5.61297e+22	2.05e-03	3.53e-01	6.12e-01	3.17e-02	1.01e-03	1.65e-05	0.00e+00	0.00e+00
 5.66318e+22	2.36e-03	3.79e-01	5.90e-01	2.78e-02	8.53e-04	1.27e-05	0.00e+00	0.00e+00
 5.71555e+22	2.87e-03	4.17e-01	5.57e-01	2.30e-02	6.75e-04	8.90e-06	0.00e+00	0.00e+00
 5.76942e+22	3.34e-03	4.47e-01	5.30e-01	1.97e-02	5.59e-04	6.66e-06	0.00e+00	0.00e+00
 5.82524e+22	4.08e-03	4.90e-01	4.90e-01	1.58e-02	4.30e-04	4.45e-06	0.00e+00	0.00e+00
 5.88340e+22	4.82e-03	5.26e-01	4.56e-01	1.30e-02	3.44e-04	3.15e-06	0.00e+00	0.00e+00
 5.94428e+22	5.97e-03	5.75e-01	4.09e-01	9.88e-03	2.53e-04	1.96e-06	0.00e+00	0.00e+00
 6.00628e+22	7.09e-03	6.13e-01	3.72e-01	7.84e-03	1.96e-04	1.32e-06	0.00e+00	0.00e+00
 6.05450e+22	8.05e-03	6.42e-01	3.44e-01	6.53e-03	1.61e-04	9.76e-07	0.00e+00	0.00e+00
 6.10161e+22	9.45e-03	6.79e-01	3.06e-01	5.08e-03	1.23e-04	6.44e-07	0.00e+00	0.00e+00
 6.15012e+22	1.09e-02	7.10e-01	2.75e-01	4.04e-03	9.69e-05	4.44e-07	0.00e+00	0.00e+00
 6.20046e+22	1.30e-02	7.47e-01	2.37e-01	2.96e-03	7.02e-05	2.70e-07	0.00e+00	0.00e+00
 6.25217e+22	1.52e-02	7.78e-01	2.05e-01	2.23e-03	5.24e-05	1.72e-07	0.00e+00	0.00e+00
 6.30569e+22	1.83e-02	8.13e-01	1.67e-01	1.52e-03	3.52e-05	0.00e+00	0.00e+00	0.00e+00
 6.35475e+22	2.11e-02	8.35e-01	1.43e-01	1.14e-03	2.61e-05	0.00e+00	0.00e+00	0.00e+00
 6.39066e+22	2.38e-02	8.52e-01	1.23e-01	8.75e-04	1.98e-05	0.00e+00	0.00e+00	0.00e+00
 6.42999e+22	2.77e-02	8.71e-01	1.00e-01	6.19e-04	1.37e-05	0.00e+00	0.00e+00	0.00e+00
 6.47258e+22	3.24e-02	8.87e-01	8.04e-02	4.29e-04	9.21e-06	0.00e+00	0.00e+00	0.00e+00
 6.51188e+22	3.77e-02	8.98e-01	6.36e-02	2.97e-04	6.11e-06	0.00e+00	0.00e+00	0.00e+00
 6.54880e+22	4.40e-02	9.06e-01	4.96e-02	2.04e-04	3.96e-06	0.00e+00	0.00e+00	0.00e+00
 6.58340e+22	5.15e-02	9.10e-01	3.82e-02	1.41e-04	2.51e-06	0.00e+00	0.00e+00	0.00e+00
 6.61524e+22	6.03e-02	9.11e-01	2.91e-02	9.78e-05	1.57e-06	0.00e+00	0.00e+00	0.00e+00
 6.64428e+22	7.06e-02	9.07e-01	2.20e-02	6.90e-05	9.77e-07	0.00e+00	0.00e+00	0.00e+00
 6.67066e+22	8.27e-02	9.01e-01	1.66e-02	4.97e-05	6.07e-07	0.00e+00	0.00e+00	0.00e+00
 6.69469e+22	9.70e-02	8.90e-01	1.25e-02	3.66e-05	3.78e-07	0.00e+00	0.00e+00	0.00e+00
 6.71664e+22	1.14e-01	8.77e-01	9.47e-03	2.76e-05	2.37e-07	0.00e+00	0.00e+00	0.00e+00
 6.73036e+22	1.25e-01	8.66e-01	8.02e-03	2.35e-05	1.81e-07	0.00e+00	0.00e+00	0.00e+00
 6.73534e+22	1.30e-01	8.62e-01	7.52e-03	2.21e-05	1.63e-07	0.00e+00	0.00e+00	0.00e+00
 6.73928e+22	1.35e-01	8.58e-01	7.10e-03	2.10e-05	1.48e-07	0.00e+00	0.00e+00	0.00e+00
 6.74438e+22	1.41e-01	8.53e-01	6.58e-03	1.96e-05	1.31e-07	0.00e+00	0.00e+00	0.00e+00
 6.75039e+22	1.48e-01	8.45e-01	6.01e-03	1.81e-05	0.00e+00	0.00e+00	0.00e+00	0.00e+00
 6.75641e+22	1.56e-01	8.38e-01	5.50e-03	1.68e-05	0.00e+00	0.00e+00	0.00e+00	0.00e+00
 6.76228e+22	1.65e-01	8.30e-01	5.02e-03	1.55e-05	0.00e+00	0.00e+00	0.00e+00	0.00e+00
 6.76809e+22	1.73e-01	8.22e-01	4.61e-03	1.44e-05	0.00e+00	0.00e+00	0.00e+00	0.00e+00
 6.77406e+22	1.83e-01	8.13e-01	4.19e-03	1.34e-05	0.00e+00	0.00e+00	0.00e+00	0.00e+00
 6.78027e+22	1.94e-01	8.02e-01	3.79e-03	1.23e-05	0.00e+00	0.00e+00	0.00e+00	0.00e+00
 6.78625e+22	2.05e-01	7.92e-01	3.44e-03	1.15e-05	0.00e+00	0.00e+00	0.00e+00	0.00e+00
 6.79222e+22	2.16e-01	7.81e-01	3.12e-03	1.06e-05	0.00e+00	0.00e+00	0.00e+00	0.00e+00
 6.79849e+22	2.29e-01	7.68e-01	2.81e-03	9.82e-06	0.00e+00	0.00e+00	0.00e+00	0.00e+00
 6.80498e+22	2.43e-01	7.54e-01	2.52e-03	9.07e-06	0.00e+00	0.00e+00	0.00e+00	0.00e+00
 6.81168e+22	2.59e-01	7.39e-01	2.24e-03	8.35e-06	0.00e+00	0.00e+00	0.00e+00	0.00e+00
 6.81848e+22	2.75e-01	7.23e-01	2.00e-03	7.69e-06	0.00e+00	0.00e+00	0.00e+00	0.00e+00
 6.82558e+22	2.94e-01	7.04e-01	1.76e-03	7.06e-06	0.00e+00	0.00e+00	0.00e+00	0.00e+00
 6.83301e+22	3.14e-01	6.85e-01	1.54e-03	6.46e-06	0.00e+00	0.00e+00	0.00e+00	0.00e+00
 6.84039e+22	3.35e-01	6.64e-01	1.35e-03	5.92e-06	0.00e+00	0.00e+00	0.00e+00	0.00e+00
 6.84619e+22	3.50e-01	6.49e-01	1.23e-03	5.56e-06	0.00e+00	0.00e+00	0.00e+00	0.00e+00
 6.85006e+22	3.61e-01	6.38e-01	1.15e-03	5.33e-06	0.00e+00	0.00e+00	0.00e+00	0.00e+00
 6.85376e+22	3.72e-01	6.27e-01	1.07e-03	5.11e-06	0.00e+00	0.00e+00	0.00e+00	0.00e+00
 6.85805e+22	3.85e-01	6.14e-01	9.89e-04	4.86e-06	0.00e+00	0.00e+00	0.00e+00	0.00e+00
 6.86273e+22	3.99e-01	6.00e-01	9.09e-04	4.61e-06	0.00e+00	0.00e+00	0.00e+00	0.00e+00
 6.86738e+22	4.13e-01	5.86e-01	8.36e-04	4.38e-06	0.00e+00	0.00e+00	0.00e+00	0.00e+00
 6.87191e+22	4.26e-01	5.73e-01	7.70e-04	4.17e-06	0.00e+00	0.00e+00	0.00e+00	0.00e+00
 6.87649e+22	4.40e-01	5.59e-01	7.09e-04	3.97e-06	0.00e+00	0.00e+00	0.00e+00	0.00e+00
 6.88120e+22	4.54e-01	5.45e-01	6.51e-04	3.78e-06	0.00e+00	0.00e+00	0.00e+00	0.00e+00
 6.88604e+22	4.69e-01	5.31e-01	5.96e-04	3.59e-06	0.00e+00	0.00e+00	0.00e+00	0.00e+00
 6.89086e+22	4.82e-01	5.17e-01	5.48e-04	3.41e-06	0.00e+00	0.00e+00	0.00e+00	0.00e+00
 6.89580e+22	4.97e-01	5.03e-01	5.00e-04	3.24e-06	0.00e+00	0.00e+00	0.00e+00	0.00e+00
 6.90094e+22	5.12e-01	4.88e-01	4.56e-04	3.08e-06	0.00e+00	0.00e+00	0.00e+00	0.00e+00
 6.90607e+22	5.27e-01	4.73e-01	4.16e-04	2.92e-06	0.00e+00	0.00e+00	0.00e+00	0.00e+00
 6.91119e+22	5.41e-01	4.59e-01	3.80e-04	2.78e-06	0.00e+00	0.00e+00	0.00e+00	0.00e+00
 6.91653e+22	5.55e-01	4.44e-01	3.46e-04	2.64e-06	0.00e+00	0.00e+00	0.00e+00	0.00e+00
 6.92214e+22	5.71e-01	4.29e-01	3.13e-04	2.50e-06	0.00e+00	0.00e+00	0.00e+00	0.00e+00
 6.92778e+22	5.86e-01	4.14e-01	2.84e-04	2.37e-06	0.00e+00	0.00e+00	0.00e+00	0.00e+00
 6.93341e+22	6.00e-01	4.00e-01	2.57e-04	2.25e-06	0.00e+00	0.00e+00	0.00e+00	0.00e+00
 6.93923e+22	6.14e-01	3.86e-01	2.33e-04	2.13e-06	0.00e+00	0.00e+00	0.00e+00	0.00e+00
 6.94535e+22	6.29e-01	3.71e-01	2.10e-04	2.02e-06	0.00e+00	0.00e+00	0.00e+00	0.00e+00
 6.95165e+22	6.44e-01	3.56e-01	1.89e-04	1.91e-06	0.00e+00	0.00e+00	0.00e+00	0.00e+00
 6.95806e+22	6.58e-01	3.42e-01	1.70e-04	1.80e-06	0.00e+00	0.00e+00	0.00e+00	0.00e+00
 6.96456e+22	6.72e-01	3.28e-01	1.53e-04	1.70e-06	0.00e+00	0.00e+00	0.00e+00	0.00e+00
 6.97123e+22	6.86e-01	3.14e-01	1.37e-04	1.61e-06	0.00e+00	0.00e+00	0.00e+00	0.00e+00
 6.97821e+22	7.00e-01	3.00e-01	1.23e-04	1.52e-06	0.00e+00	0.00e+00	0.00e+00	0.00e+00
 6.98539e+22	7.14e-01	2.86e-01	1.10e-04	1.43e-06	0.00e+00	0.00e+00	0.00e+00	0.00e+00
 6.99271e+22	7.27e-01	2.73e-01	9.85e-05	1.35e-06	0.00e+00	0.00e+00	0.00e+00	0.00e+00
 7.00023e+22	7.40e-01	2.59e-01	8.82e-05	1.27e-06	0.00e+00	0.00e+00	0.00e+00	0.00e+00
 7.00803e+22	7.53e-01	2.46e-01	7.88e-05	1.20e-06	0.00e+00	0.00e+00	0.00e+00	0.00e+00
 7.01602e+22	7.66e-01	2.34e-01	7.06e-05	1.13e-06	0.00e+00	0.00e+00	0.00e+00	0.00e+00
 7.02403e+22	7.78e-01	2.22e-01	6.34e-05	1.06e-06	0.00e+00	0.00e+00	0.00e+00	0.00e+00
 7.03215e+22	7.89e-01	2.11e-01	5.70e-05	9.99e-07	0.00e+00	0.00e+00	0.00e+00	0.00e+00
 7.04060e+22	8.01e-01	1.99e-01	5.12e-05	9.40e-07	0.00e+00	0.00e+00	0.00e+00	0.00e+00
 7.04905e+22	8.11e-01	1.89e-01	4.64e-05	8.87e-07	0.00e+00	0.00e+00	0.00e+00	0.00e+00
 7.05741e+22	8.22e-01	1.78e-01	4.21e-05	8.37e-07	0.00e+00	0.00e+00	0.00e+00	0.00e+00
 7.06613e+22	8.32e-01	1.68e-01	3.82e-05	7.89e-07	0.00e+00	0.00e+00	0.00e+00	0.00e+00
 7.07510e+22	8.41e-01	1.59e-01	3.48e-05	7.43e-07	0.00e+00	0.00e+00	0.00e+00	0.00e+00
 7.08406e+22	8.50e-01	1.50e-01	3.19e-05	7.02e-07	0.00e+00	0.00e+00	0.00e+00	0.00e+00
 7.09319e+22	8.59e-01	1.41e-01	2.92e-05	6.62e-07	0.00e+00	0.00e+00	0.00e+00	0.00e+00
 7.10261e+22	8.67e-01	1.33e-01	2.69e-05	6.24e-07	0.00e+00	0.00e+00	0.00e+00	0.00e+00
 7.11221e+22	8.75e-01	1.25e-01	2.48e-05	5.88e-07	0.00e+00	0.00e+00	0.00e+00	0.00e+00
 7.12192e+22	8.83e-01	1.17e-01	2.29e-05	5.55e-07	0.00e+00	0.00e+00	0.00e+00	0.00e+00
 7.13190e+22	8.90e-01	1.10e-01	2.13e-05	5.23e-07	0.00e+00	0.00e+00	0.00e+00	0.00e+00
 7.14214e+22	8.98e-01	1.02e-01	1.98e-05	4.93e-07	0.00e+00	0.00e+00	0.00e+00	0.00e+00
 7.15227e+22	9.04e-01	9.58e-02	1.86e-05	4.66e-07	0.00e+00	0.00e+00	0.00e+00	0.00e+00
 7.16193e+22	9.10e-01	8.99e-02	1.75e-05	4.42e-07	0.00e+00	0.00e+00	0.00e+00	0.00e+00
 7.17086e+22	9.15e-01	8.48e-02	1.67e-05	4.22e-07	0.00e+00	0.00e+00	0.00e+00	0.00e+00
 7.17913e+22	9.20e-01	8.01e-02	1.59e-05	4.05e-07	0.00e+00	0.00e+00	0.00e+00	0.00e+00
 7.18677e+22	9.24e-01	7.62e-02	1.53e-05	3.90e-07	0.00e+00	0.00e+00	0.00e+00	0.00e+00
 7.19413e+22	9.28e-01	7.24e-02	1.48e-05	3.76e-07	0.00e+00	0.00e+00	0.00e+00	0.00e+00
 7.20152e+22	9.31e-01	6.90e-02	1.43e-05	3.62e-07	0.00e+00	0.00e+00	0.00e+00	0.00e+00
 7.20878e+22	9.35e-01	6.54e-02	1.38e-05	3.50e-07	0.00e+00	0.00e+00	0.00e+00	0.00e+00
 7.21557e+22	9.37e-01	6.25e-02	1.34e-05	3.39e-07	0.00e+00	0.00e+00	0.00e+00	0.00e+00
 7.22190e+22	9.40e-01	5.99e-02	1.31e-05	3.30e-07	0.00e+00	0.00e+00	0.00e+00	0.00e+00
 7.22827e+22	9.43e-01	5.73e-02	1.27e-05	3.20e-07	0.00e+00	0.00e+00	0.00e+00	0.00e+00
 7.23440e+22	9.45e-01	5.50e-02	1.25e-05	3.12e-07	0.00e+00	0.00e+00	0.00e+00	0.00e+00
 7.24020e+22	9.47e-01	5.29e-02	1.22e-05	3.05e-07	0.00e+00	0.00e+00	0.00e+00	0.00e+00
 7.24595e+22	9.49e-01	5.09e-02	1.19e-05	2.99e-07	0.00e+00	0.00e+00	0.00e+00	0.00e+00
 7.25147e+22	9.51e-01	4.91e-02	1.17e-05	2.93e-07	0.00e+00	0.00e+00	0.00e+00	0.00e+00
 7.25666e+22	9.53e-01	4.75e-02	1.15e-05	2.88e-07	0.00e+00	0.00e+00	0.00e+00	0.00e+00
 7.26173e+22	9.54e-01	4.60e-02	1.13e-05	2.84e-07	0.00e+00	0.00e+00	0.00e+00	0.00e+00
 7.26668e+22	9.55e-01	4.46e-02	1.12e-05	2.80e-07	0.00e+00	0.00e+00	0.00e+00	0.00e+00
 7.27133e+22	9.57e-01	4.34e-02	1.10e-05	2.77e-07	0.00e+00	0.00e+00	0.00e+00	0.00e+00
 7.27557e+22	9.58e-01	4.23e-02	1.09e-05	2.75e-07	0.00e+00	0.00e+00	0.00e+00	0.00e+00
 7.27942e+22	9.59e-01	4.15e-02	1.08e-05	2.73e-07	0.00e+00	0.00e+00	0.00e+00	0.00e+00
 7.28292e+22	9.59e-01	4.07e-02	1.07e-05	2.72e-07	0.00e+00	0.00e+00	0.00e+00	0.00e+00
 7.28611e+22	9.60e-01	4.00e-02	1.06e-05	2.71e-07	0.00e+00	0.00e+00	0.00e+00	0.00e+00
 7.28902e+22	9.61e-01	3.94e-02	1.05e-05	2.71e-07	0.00e+00	0.00e+00	0.00e+00	0.00e+00
 7.29166e+22	9.61e-01	3.90e-02	1.05e-05	2.70e-07	0.00e+00	0.00e+00	0.00e+00	0.00e+00
 7.29455e+22	9.62e-01	3.84e-02	1.04e-05	2.70e-07	0.00e+00	0.00e+00	0.00e+00	0.00e+00
 7.29768e+22	9.62e-01	3.78e-02	1.03e-05	2.70e-07	0.00e+00	0.00e+00	0.00e+00	0.00e+00
 7.30052e+22	9.63e-01	3.74e-02	1.03e-05	2.70e-07	0.00e+00	0.00e+00	0.00e+00	0.00e+00
 7.30311e+22	9.63e-01	3.70e-02	1.02e-05	2.71e-07	0.00e+00	0.00e+00	0.00e+00	0.00e+00
 7.30547e+22	9.63e-01	3.67e-02	1.02e-05	2.71e-07	0.00e+00	0.00e+00	0.00e+00	0.00e+00
 7.30805e+22	9.64e-01	3.63e-02	1.01e-05	2.71e-07	0.00e+00	0.00e+00	0.00e+00	0.00e+00
 7.31140e+22	9.64e-01	3.58e-02	1.00e-05	2.72e-07	0.00e+00	0.00e+00	0.00e+00	0.00e+00
 7.31502e+22	9.65e-01	3.53e-02	9.94e-06	2.73e-07	0.00e+00	0.00e+00	0.00e+00	0.00e+00
 7.31832e+22	9.65e-01	3.49e-02	9.88e-06	2.73e-07	0.00e+00	0.00e+00	0.00e+00	0.00e+00
 7.32132e+22	9.65e-01	3.46e-02	9.82e-06	2.74e-07	0.00e+00	0.00e+00	0.00e+00	0.00e+00
 7.32461e+22	9.66e-01	3.42e-02	9.75e-06	2.74e-07	0.00e+00	0.00e+00	0.00e+00	0.00e+00
 7.32816e+22	9.66e-01	3.38e-02	9.69e-06	2.75e-07	0.00e+00	0.00e+00	0.00e+00	0.00e+00
 7.33138e+22	9.66e-01	3.35e-02	9.63e-06	2.75e-07	0.00e+00	0.00e+00	0.00e+00	0.00e+00
 7.33432e+22	9.67e-01	3.33e-02	9.58e-06	2.77e-07	0.00e+00	0.00e+00	0.00e+00	0.00e+00
 7.33700e+22	9.67e-01	3.31e-02	9.54e-06	2.77e-07	0.00e+00	0.00e+00	0.00e+00	0.00e+00
 7.33993e+22	9.67e-01	3.28e-02	9.48e-06	2.77e-07	0.00e+00	0.00e+00	0.00e+00	0.00e+00
 7.34374e+22	9.68e-01	3.25e-02	9.41e-06	2.78e-07	0.00e+00	0.00e+00	0.00e+00	0.00e+00
 7.34785e+22	9.68e-01	3.21e-02	9.34e-06	2.79e-07	0.00e+00	0.00e+00	0.00e+00	0.00e+00
 7.35159e+22	9.68e-01	3.18e-02	9.28e-06	2.80e-07	0.00e+00	0.00e+00	0.00e+00	0.00e+00
 7.35500e+22	9.68e-01	3.16e-02	9.22e-06	2.81e-07	0.00e+00	0.00e+00	0.00e+00	0.00e+00
 7.35809e+22	9.69e-01	3.14e-02	9.18e-06	2.82e-07	0.00e+00	0.00e+00	0.00e+00	0.00e+00
 7.36091e+22	9.69e-01	3.12e-02	9.14e-06	2.83e-07	0.00e+00	0.00e+00	0.00e+00	0.00e+00
 7.36400e+22	9.69e-01	3.10e-02	9.10e-06	2.85e-07	0.00e+00	0.00e+00	0.00e+00	0.00e+00
 7.36734e+22	9.69e-01	3.08e-02	9.07e-06	2.87e-07	0.00e+00	0.00e+00	0.00e+00	0.00e+00
 7.37038e+22	9.69e-01	3.07e-02	9.05e-06	2.89e-07	0.00e+00	0.00e+00	0.00e+00	0.00e+00
 7.37314e+22	9.69e-01	3.05e-02	9.04e-06	2.90e-07	0.00e+00	0.00e+00	0.00e+00	0.00e+00
 7.37565e+22	9.70e-01	3.04e-02	9.03e-06	2.93e-07	0.00e+00	0.00e+00	0.00e+00	0.00e+00
 7.37794e+22	9.70e-01	3.03e-02	9.01e-06	2.94e-07	0.00e+00	0.00e+00	0.00e+00	0.00e+00
 7.38045e+22	9.70e-01	3.01e-02	8.99e-06	2.95e-07	0.00e+00	0.00e+00	0.00e+00	0.00e+00
 7.38371e+22	9.70e-01	2.99e-02	8.96e-06	2.97e-07	0.00e+00	0.00e+00	0.00e+00	0.00e+00
 7.38722e+22	9.70e-01	2.97e-02	8.94e-06	2.99e-07	0.00e+00	0.00e+00	0.00e+00	0.00e+00
 7.39043e+22	9.70e-01	2.96e-02	8.92e-06	3.00e-07	0.00e+00	0.00e+00	0.00e+00	0.00e+00
 7.39334e+22	9.71e-01	2.94e-02	8.91e-06	3.03e-07	0.00e+00	0.00e+00	0.00e+00	0.00e+00
 7.39599e+22	9.71e-01	2.93e-02	8.89e-06	3.04e-07	0.00e+00	0.00e+00	0.00e+00	0.00e+00
 7.39889e+22	9.71e-01	2.91e-02	8.86e-06	3.05e-07	0.00e+00	0.00e+00	0.00e+00	0.00e+00
 7.40203e+22	9.71e-01	2.90e-02	8.84e-06	3.07e-07	0.00e+00	0.00e+00	0.00e+00	0.00e+00
 7.40489e+22	9.71e-01	2.88e-02	8.83e-06	3.08e-07	0.00e+00	0.00e+00	0.00e+00	0.00e+00
 7.40748e+22	9.71e-01	2.87e-02	8.82e-06	3.11e-07	0.00e+00	0.00e+00	0.00e+00	0.00e+00
 7.40985e+22	9.71e-01	2.86e-02	8.80e-06	3.11e-07	0.00e+00	0.00e+00	0.00e+00	0.00e+00
 7.41244e+22	9.71e-01	2.85e-02	8.79e-06	3.13e-07	0.00e+00	0.00e+00	0.00e+00	0.00e+00
 7.41523e+22	9.72e-01	2.83e-02	8.76e-06	3.14e-07	0.00e+00	0.00e+00	0.00e+00	0.00e+00
 7.41830e+22	9.72e-01	2.81e-02	8.73e-06	3.14e-07	0.00e+00	0.00e+00	0.00e+00	0.00e+00
 7.42160e+22	9.72e-01	2.80e-02	8.71e-06	3.15e-07	0.00e+00	0.00e+00	0.00e+00	0.00e+00
 7.42523e+22	9.72e-01	2.77e-02	8.68e-06	3.15e-07	0.00e+00	0.00e+00	0.00e+00	0.00e+00
 7.42914e+22	9.72e-01	2.75e-02	8.65e-06	3.16e-07	0.00e+00	0.00e+00	0.00e+00	0.00e+00
 7.43270e+22	9.73e-01	2.73e-02	8.63e-06	3.17e-07	0.00e+00	0.00e+00	0.00e+00	0.00e+00
 7.43594e+22	9.73e-01	2.71e-02	8.59e-06	3.16e-07	0.00e+00	0.00e+00	0.00e+00	0.00e+00
 7.43949e+22	9.73e-01	2.69e-02	8.56e-06	3.17e-07	0.00e+00	0.00e+00	0.00e+00	0.00e+00
 7.44333e+22	9.73e-01	2.67e-02	8.53e-06	3.17e-07	0.00e+00	0.00e+00	0.00e+00	0.00e+00
 7.44681e+22	9.73e-01	2.66e-02	8.52e-06	3.19e-07	0.00e+00	0.00e+00	0.00e+00	0.00e+00
 7.44999e+22	9.74e-01	2.64e-02	8.49e-06	3.18e-07	0.00e+00	0.00e+00	0.00e+00	0.00e+00
 7.45347e+22	9.74e-01	2.62e-02	8.46e-06	3.18e-07	0.00e+00	0.00e+00	0.00e+00	0.00e+00
 7.45722e+22	9.74e-01	2.60e-02	8.43e-06	3.19e-07	0.00e+00	0.00e+00	0.00e+00	0.00e+00
 7.46064e+22	9.74e-01	2.59e-02	8.41e-06	3.21e-07	0.00e+00	0.00e+00	0.00e+00	0.00e+00
 7.46375e+22	9.74e-01	2.57e-02	8.38e-06	3.19e-07	0.00e+00	0.00e+00	0.00e+00	0.00e+00
 7.46716e+22	9.74e-01	2.55e-02	8.35e-06	3.19e-07	0.00e+00	0.00e+00	0.00e+00	0.00e+00
 7.47084e+22	9.75e-01	2.53e-02	8.33e-06	3.20e-07	0.00e+00	0.00e+00	0.00e+00	0.00e+00
 7.47418e+22	9.75e-01	2.52e-02	8.30e-06	3.19e-07	0.00e+00	0.00e+00	0.00e+00	0.00e+00
 7.47785e+22	9.75e-01	2.50e-02	8.27e-06	3.20e-07	0.00e+00	0.00e+00	0.00e+00	0.00e+00
 7.48181e+22	9.75e-01	2.48e-02	8.24e-06	3.19e-07	0.00e+00	0.00e+00	0.00e+00	0.00e+00
 7.48542e+22	9.75e-01	2.46e-02	8.22e-06	3.20e-07	0.00e+00	0.00e+00	0.00e+00	0.00e+00
 7.48870e+22	9.76e-01	2.44e-02	8.19e-06	3.19e-07	0.00e+00	0.00e+00	0.00e+00	0.00e+00
 7.49229e+22	9.76e-01	2.43e-02	8.16e-06	3.19e-07	0.00e+00	0.00e+00	0.00e+00	0.00e+00
 7.49617e+22	9.76e-01	2.41e-02	8.13e-06	3.18e-07	0.00e+00	0.00e+00	0.00e+00	0.00e+00
 7.49970e+22	9.76e-01	2.39e-02	8.10e-06	3.18e-07	0.00e+00	0.00e+00	0.00e+00	0.00e+00
 7.50357e+22	9.76e-01	2.37e-02	8.07e-06	3.18e-07	0.00e+00	0.00e+00	0.00e+00	0.00e+00
 7.50774e+22	9.77e-01	2.35e-02	8.04e-06	3.17e-07	0.00e+00	0.00e+00	0.00e+00	0.00e+00
 7.51155e+22	9.77e-01	2.33e-02	8.01e-06	3.16e-07	0.00e+00	0.00e+00	0.00e+00	0.00e+00
 7.51571e+22	9.77e-01	2.31e-02	7.98e-06	3.16e-07	0.00e+00	0.00e+00	0.00e+00	0.00e+00
 7.52021e+22	9.77e-01	2.28e-02	7.94e-06	3.15e-07	0.00e+00	0.00e+00	0.00e+00	0.00e+00
 7.52430e+22	9.77e-01	2.27e-02	7.92e-06	3.15e-07	0.00e+00	0.00e+00	0.00e+00	0.00e+00
 7.52802e+22	9.77e-01	2.25e-02	7.89e-06	3.13e-07	0.00e+00	0.00e+00	0.00e+00	0.00e+00
 7.53210e+22	9.78e-01	2.23e-02	7.85e-06	3.12e-07	0.00e+00	0.00e+00	0.00e+00	0.00e+00
 7.53651e+22	9.78e-01	2.21e-02	7.82e-06	3.12e-07	0.00e+00	0.00e+00	0.00e+00	0.00e+00
 7.54051e+22	9.78e-01	2.19e-02	7.79e-06	3.10e-07	0.00e+00	0.00e+00	0.00e+00	0.00e+00
 7.54491e+22	9.78e-01	2.17e-02	7.75e-06	3.09e-07	0.00e+00	0.00e+00	0.00e+00	0.00e+00
 7.54965e+22	9.79e-01	2.15e-02	7.72e-06	3.08e-07	0.00e+00	0.00e+00	0.00e+00	0.00e+00
 7.55396e+22	9.79e-01	2.13e-02	7.68e-06	3.06e-07	0.00e+00	0.00e+00	0.00e+00	0.00e+00
 7.55869e+22	9.79e-01	2.10e-02	7.64e-06	3.05e-07	0.00e+00	0.00e+00	0.00e+00	0.00e+00
 7.56380e+22	9.79e-01	2.08e-02	7.61e-06	3.03e-07	0.00e+00	0.00e+00	0.00e+00	0.00e+00
 7.56844e+22	9.79e-01	2.06e-02	7.57e-06	3.02e-07	0.00e+00	0.00e+00	0.00e+00	0.00e+00
 7.57353e+22	9.80e-01	2.03e-02	7.53e-06	3.00e-07	0.00e+00	0.00e+00	0.00e+00	0.00e+00
 7.57903e+22	9.80e-01	2.01e-02	7.48e-06	2.98e-07	0.00e+00	0.00e+00	0.00e+00	0.00e+00
 7.58403e+22	9.80e-01	1.99e-02	7.45e-06	2.96e-07	0.00e+00	0.00e+00	0.00e+00	0.00e+00
 7.58858e+22	9.80e-01	1.97e-02	7.42e-06	2.95e-07	0.00e+00	0.00e+00	0.00e+00	0.00e+00
 7.59357e+22	9.81e-01	1.95e-02	7.37e-06	2.93e-07	0.00e+00	0.00e+00	0.00e+00	0.00e+00
 7.59895e+22	9.81e-01	1.92e-02	7.34e-06	2.91e-07	0.00e+00	0.00e+00	0.00e+00	0.00e+00
 7.60385e+22	9.81e-01	1.90e-02	7.30e-06	2.89e-07	0.00e+00	0.00e+00	0.00e+00	0.00e+00
 7.60922e+22	9.81e-01	1.88e-02	7.25e-06	2.86e-07	0.00e+00	0.00e+00	0.00e+00	0.00e+00
 7.61501e+22	9.81e-01	1.86e-02	7.21e-06	2.84e-07	0.00e+00	0.00e+00	0.00e+00	0.00e+00
 7.62029e+22	9.82e-01	1.84e-02	7.17e-06	2.82e-07	0.00e+00	0.00e+00	0.00e+00	0.00e+00
 7.62607e+22	9.82e-01	1.81e-02	7.12e-06	2.79e-07	0.00e+00	0.00e+00	0.00e+00	0.00e+00
 7.63230e+22	9.82e-01	1.78e-02	7.08e-06	2.77e-07	0.00e+00	0.00e+00	0.00e+00	0.00e+00
 7.63798e+22	9.82e-01	1.76e-02	7.03e-06	2.74e-07	0.00e+00	0.00e+00	0.00e+00	0.00e+00
 7.64420e+22	9.83e-01	1.74e-02	6.98e-06	2.70e-07	0.00e+00	0.00e+00	0.00e+00	0.00e+00
 7.65092e+22	9.83e-01	1.71e-02	6.93e-06	2.67e-07	0.00e+00	0.00e+00	0.00e+00	0.00e+00
 7.65703e+22	9.83e-01	1.69e-02	6.89e-06	2.65e-07	0.00e+00	0.00e+00	0.00e+00	0.00e+00
 7.66259e+22	9.83e-01	1.67e-02	6.85e-06	2.63e-07	0.00e+00	0.00e+00	0.00e+00	0.00e+00
 7.66869e+22	9.84e-01	1.64e-02	6.80e-06	2.59e-07	0.00e+00	0.00e+00	0.00e+00	0.00e+00
 7.67527e+22	9.84e-01	1.62e-02	6.75e-06	2.57e-07	0.00e+00	0.00e+00	0.00e+00	0.00e+00
 7.68126e+22	9.84e-01	1.60e-02	6.71e-06	2.54e-07	0.00e+00	0.00e+00	0.00e+00	0.00e+00
 7.68782e+22	9.84e-01	1.57e-02	6.65e-06	2.50e-07	0.00e+00	0.00e+00	0.00e+00	0.00e+00
 7.69490e+22	9.85e-01	1.55e-02	6.61e-06	2.47e-07	0.00e+00	0.00e+00	0.00e+00	0.00e+00
 7.70135e+22	9.85e-01	1.53e-02	6.56e-06	2.44e-07	0.00e+00	0.00e+00	0.00e+00	0.00e+00
 7.70841e+22	9.85e-01	1.50e-02	6.50e-06	2.40e-07	0.00e+00	0.00e+00	0.00e+00	0.00e+00
 7.71604e+22	9.85e-01	1.48e-02	6.45e-06	2.36e-07	0.00e+00	0.00e+00	0.00e+00	0.00e+00
 7.72297e+22	9.85e-01	1.45e-02	6.40e-06	2.34e-07	0.00e+00	0.00e+00	0.00e+00	0.00e+00
 7.72929e+22	9.86e-01	1.44e-02	6.36e-06	2.31e-07	0.00e+00	0.00e+00	0.00e+00	0.00e+00
 7.73621e+22	9.86e-01	1.41e-02	6.30e-06	2.27e-07	0.00e+00	0.00e+00	0.00e+00	0.00e+00
 7.74368e+22	9.86e-01	1.39e-02	6.25e-06	2.24e-07	0.00e+00	0.00e+00	0.00e+00	0.00e+00
 7.75048e+22	9.86e-01	1.37e-02	6.21e-06	2.21e-07	0.00e+00	0.00e+00	0.00e+00	0.00e+00
 7.75793e+22	9.87e-01	1.34e-02	6.15e-06	2.16e-07	0.00e+00	0.00e+00	0.00e+00	0.00e+00
 7.76597e+22	9.87e-01	1.32e-02	6.09e-06	2.13e-07	0.00e+00	0.00e+00	0.00e+00	0.00e+00
 7.77329e+22	9.87e-01	1.30e-02	6.04e-06	2.10e-07	0.00e+00	0.00e+00	0.00e+00	0.00e+00
 7.78131e+22	9.87e-01	1.27e-02	5.98e-06	2.05e-07	0.00e+00	0.00e+00	0.00e+00	0.00e+00
 7.78996e+22	9.87e-01	1.25e-02	5.92e-06	2.01e-07	0.00e+00	0.00e+00	0.00e+00	0.00e+00
 7.79784e+22	9.88e-01	1.23e-02	5.87e-06	1.98e-07	0.00e+00	0.00e+00	0.00e+00	0.00e+00
 7.80647e+22	9.88e-01	1.20e-02	5.81e-06	1.93e-07	0.00e+00	0.00e+00	0.00e+00	0.00e+00
 7.81579e+22	9.88e-01	1.18e-02	5.75e-06	1.89e-07	0.00e+00	0.00e+00	0.00e+00	0.00e+00
 7.82427e+22	9.88e-01	1.16e-02	5.69e-06	1.86e-07	0.00e+00	0.00e+00	0.00e+00	0.00e+00
 7.83357e+22	9.89e-01	1.13e-02	5.62e-06	1.81e-07	0.00e+00	0.00e+00	0.00e+00	0.00e+00
 7.84559e+22	9.89e-01	1.10e-02	5.53e-06	1.75e-07	0.00e+00	0.00e+00	0.00e+00	0.00e+00
 7.85833e+22	9.89e-01	1.07e-02	5.46e-06	1.70e-07	0.00e+00	0.00e+00	0.00e+00	0.00e+00
 7.87060e+22	9.90e-01	1.04e-02	5.38e-06	1.65e-07	0.00e+00	0.00e+00	0.00e+00	0.00e+00
 7.88326e+22	9.90e-01	1.01e-02	5.30e-06	1.60e-07	0.00e+00	0.00e+00	0.00e+00	0.00e+00
 7.89607e+22	9.90e-01	9.84e-03	5.22e-06	1.55e-07	0.00e+00	0.00e+00	0.00e+00	0.00e+00
 7.90902e+22	9.90e-01	9.57e-03	5.14e-06	1.51e-07	0.00e+00	0.00e+00	0.00e+00	0.00e+00
 7.92213e+22	9.91e-01	9.30e-03	5.06e-06	1.46e-07	0.00e+00	0.00e+00	0.00e+00	0.00e+00
 7.93541e+22	9.91e-01	9.04e-03	4.98e-06	1.41e-07	0.00e+00	0.00e+00	0.00e+00	0.00e+00
 7.94885e+22	9.91e-01	8.79e-03	4.90e-06	1.37e-07	0.00e+00	0.00e+00	0.00e+00	0.00e+00
 7.96244e+22	9.91e-01	8.54e-03	4.82e-06	1.32e-07	0.00e+00	0.00e+00	0.00e+00	0.00e+00
 7.97620e+22	9.92e-01	8.30e-03	4.74e-06	1.28e-07	0.00e+00	0.00e+00	0.00e+00	0.00e+00
 7.99011e+22	9.92e-01	8.06e-03	4.66e-06	0.00e+00	0.00e+00	0.00e+00	0.00e+00	0.00e+00
 8.00417e+22	9.92e-01	7.83e-03	4.59e-06	0.00e+00	0.00e+00	0.00e+00	0.00e+00	0.00e+00
 8.01837e+22	9.92e-01	7.60e-03	4.51e-06	0.00e+00	0.00e+00	0.00e+00	0.00e+00	0.00e+00
 8.03271e+22	9.93e-01	7.38e-03	4.43e-06	0.00e+00	0.00e+00	0.00e+00	0.00e+00	0.00e+00
 8.04717e+22	9.93e-01	7.17e-03	4.36e-06	0.00e+00	0.00e+00	0.00e+00	0.00e+00	0.00e+00
 8.06175e+22	9.93e-01	6.96e-03	4.28e-06	0.00e+00	0.00e+00	0.00e+00	0.00e+00	0.00e+00
 8.07647e+22	9.93e-01	6.76e-03	4.20e-06	0.00e+00	0.00e+00	0.00e+00	0.00e+00	0.00e+00
 8.09135e+22	9.93e-01	6.56e-03	4.13e-06	0.00e+00	0.00e+00	0.00e+00	0.00e+00	0.00e+00
 8.10636e+22	9.94e-01	6.37e-03	4.05e-06	0.00e+00	0.00e+00	0.00e+00	0.00e+00	0.00e+00
 8.12149e+22	9.94e-01	6.18e-03	3.98e-06	0.00e+00	0.00e+00	0.00e+00	0.00e+00	0.00e+00
 8.13676e+22	9.94e-01	6.00e-03	3.91e-06	0.00e+00	0.00e+00	0.00e+00	0.00e+00	0.00e+00
 8.15215e+22	9.94e-01	5.82e-03	3.83e-06	0.00e+00	0.00e+00	0.00e+00	0.00e+00	0.00e+00
 8.16775e+22	9.94e-01	5.64e-03	3.76e-06	0.00e+00	0.00e+00	0.00e+00	0.00e+00	0.00e+00
 8.18374e+22	9.95e-01	5.47e-03	3.69e-06	0.00e+00	0.00e+00	0.00e+00	0.00e+00	0.00e+00
 8.20005e+22	9.95e-01	5.30e-03	3.61e-06	0.00e+00	0.00e+00	0.00e+00	0.00e+00	0.00e+00
 8.21652e+22	9.95e-01	5.13e-03	3.54e-06	0.00e+00	0.00e+00	0.00e+00	0.00e+00	0.00e+00
 8.23317e+22	9.95e-01	4.97e-03	3.47e-06	0.00e+00	0.00e+00	0.00e+00	0.00e+00	0.00e+00
 8.25000e+22	9.95e-01	4.82e-03	3.39e-06	0.00e+00	0.00e+00	0.00e+00	0.00e+00	0.00e+00
 8.26702e+22	9.95e-01	4.67e-03	3.32e-06	0.00e+00	0.00e+00	0.00e+00	0.00e+00	0.00e+00
 8.28425e+22	9.95e-01	4.52e-03	3.25e-06	0.00e+00	0.00e+00	0.00e+00	0.00e+00	0.00e+00
 8.30173e+22	9.96e-01	4.37e-03	3.18e-06	0.00e+00	0.00e+00	0.00e+00	0.00e+00	0.00e+00
 8.31951e+22	9.96e-01	4.23e-03	3.11e-06	0.00e+00	0.00e+00	0.00e+00	0.00e+00	0.00e+00
 8.33764e+22	9.96e-01	4.09e-03	3.03e-06	0.00e+00	0.00e+00	0.00e+00	0.00e+00	0.00e+00
 8.35626e+22	9.96e-01	3.95e-03	2.96e-06	0.00e+00	0.00e+00	0.00e+00	0.00e+00	0.00e+00
 8.37530e+22	9.96e-01	3.82e-03	2.89e-06	0.00e+00	0.00e+00	0.00e+00	0.00e+00	0.00e+00
 8.39463e+22	9.96e-01	3.69e-03	2.82e-06	0.00e+00	0.00e+00	0.00e+00	0.00e+00	0.00e+00
 8.41429e+22	9.96e-01	3.56e-03	2.74e-06	0.00e+00	0.00e+00	0.00e+00	0.00e+00	0.00e+00
 8.43431e+22	9.97e-01	3.44e-03	2.67e-06	0.00e+00	0.00e+00	0.00e+00	0.00e+00	0.00e+00
 8.45469e+22	9.97e-01	3.31e-03	2.60e-06	0.00e+00	0.00e+00	0.00e+00	0.00e+00	0.00e+00
 8.47546e+22	9.97e-01	3.20e-03	2.53e-06	0.00e+00	0.00e+00	0.00e+00	0.00e+00	0.00e+00
 8.49672e+22	9.97e-01	3.08e-03	2.46e-06	0.00e+00	0.00e+00	0.00e+00	0.00e+00	0.00e+00
 8.51850e+22	9.97e-01	2.96e-03	2.38e-06	0.00e+00	0.00e+00	0.00e+00	0.00e+00	0.00e+00
 8.54078e+22	9.97e-01	2.85e-03	2.31e-06	0.00e+00	0.00e+00	0.00e+00	0.00e+00	0.00e+00
 8.56353e+22	9.97e-01	2.74e-03	2.24e-06	0.00e+00	0.00e+00	0.00e+00	0.00e+00	0.00e+00
 8.58680e+22	9.97e-01	2.63e-03	2.17e-06	0.00e+00	0.00e+00	0.00e+00	0.00e+00	0.00e+00
 8.61064e+22	9.97e-01	2.53e-03	2.10e-06	0.00e+00	0.00e+00	0.00e+00	0.00e+00	0.00e+00
 8.63495e+22	9.98e-01	2.42e-03	2.03e-06	0.00e+00	0.00e+00	0.00e+00	0.00e+00	0.00e+00
 8.65953e+22	9.98e-01	2.33e-03	1.96e-06	0.00e+00	0.00e+00	0.00e+00	0.00e+00	0.00e+00
 8.68434e+22	9.98e-01	2.23e-03	1.89e-06	0.00e+00	0.00e+00	0.00e+00	0.00e+00	0.00e+00
 8.70945e+22	9.98e-01	2.14e-03	1.82e-06	0.00e+00	0.00e+00	0.00e+00	0.00e+00	0.00e+00
 8.73480e+22	9.98e-01	2.05e-03	1.76e-06	0.00e+00	0.00e+00	0.00e+00	0.00e+00	0.00e+00
 8.76039e+22	9.98e-01	1.97e-03	1.69e-06	0.00e+00	0.00e+00	0.00e+00	0.00e+00	0.00e+00
 8.78624e+22	9.98e-01	1.88e-03	1.63e-06	0.00e+00	0.00e+00	0.00e+00	0.00e+00	0.00e+00
 8.81234e+22	9.98e-01	1.81e-03	1.57e-06	0.00e+00	0.00e+00	0.00e+00	0.00e+00	0.00e+00
 8.83871e+22	9.98e-01	1.73e-03	1.50e-06	0.00e+00	0.00e+00	0.00e+00	0.00e+00	0.00e+00
 8.86536e+22	9.98e-01	1.65e-03	1.45e-06	0.00e+00	0.00e+00	0.00e+00	0.00e+00	0.00e+00
 8.89232e+22	9.98e-01	1.58e-03	1.39e-06	0.00e+00	0.00e+00	0.00e+00	0.00e+00	0.00e+00
 8.91948e+22	9.98e-01	1.51e-03	1.33e-06	0.00e+00	0.00e+00	0.00e+00	0.00e+00	0.00e+00
 8.94691e+22	9.99e-01	1.45e-03	1.27e-06	0.00e+00	0.00e+00	0.00e+00	0.00e+00	0.00e+00
 8.97463e+22	9.99e-01	1.38e-03	1.22e-06	0.00e+00	0.00e+00	0.00e+00	0.00e+00	0.00e+00
 9.00265e+22	9.99e-01	1.32e-03	1.17e-06	0.00e+00	0.00e+00	0.00e+00	0.00e+00	0.00e+00
 9.03107e+22	9.99e-01	1.26e-03	1.12e-06	0.00e+00	0.00e+00	0.00e+00	0.00e+00	0.00e+00
 9.05981e+22	9.99e-01	1.20e-03	1.07e-06	0.00e+00	0.00e+00	0.00e+00	0.00e+00	0.00e+00
 9.08887e+22	9.99e-01	1.14e-03	1.02e-06	0.00e+00	0.00e+00	0.00e+00	0.00e+00	0.00e+00
 9.11826e+22	9.99e-01	1.09e-03	9.68e-07	0.00e+00	0.00e+00	0.00e+00	0.00e+00	0.00e+00
 9.14787e+22	9.99e-01	1.03e-03	9.22e-07	0.00e+00	0.00e+00	0.00e+00	0.00e+00	0.00e+00
 9.17677e+22	9.99e-01	9.86e-04	8.79e-07	0.00e+00	0.00e+00	0.00e+00	0.00e+00	0.00e+00
 9.20386e+22	9.99e-01	9.45e-04	8.41e-07	0.00e+00	0.00e+00	0.00e+00	0.00e+00	0.00e+00
 9.22895e+22	9.99e-01	9.08e-04	8.07e-07	0.00e+00	0.00e+00	0.00e+00	0.00e+00	0.00e+00
 9.24904e+22	9.99e-01	8.93e-04	7.84e-07	0.00e+00	0.00e+00	0.00e+00	0.00e+00	0.00e+00
