#depth	Ne	Ne+	Ne+2	Ne+3	Ne+4	Ne+5	Ne+6	Ne+7	Ne+8	Ne+9	Ne+10
 4.62852e+21	0.00e+00	0.00e+00	0.00e+00	6.19e-26	4.17e-21	6.74e-17	4.30e-13	1.58e-09	1.74e-05	8.35e-03	9.92e-01
 1.05474e+22	0.00e+00	0.00e+00	3.21e-30	7.33e-25	3.47e-20	3.97e-16	1.79e-12	4.62e-09	3.55e-05	1.19e-02	9.88e-01
 1.27093e+22	0.00e+00	0.00e+00	2.14e-29	3.86e-24	1.45e-19	1.31e-15	4.64e-12	9.49e-09	5.74e-05	1.51e-02	9.85e-01
 1.42780e+22	0.00e+00	0.00e+00	9.75e-29	1.46e-23	4.53e-19	3.39e-15	9.98e-12	1.69e-08	8.42e-05	1.83e-02	9.82e-01
 1.51495e+22	0.00e+00	0.00e+00	1.44e-28	2.05e-23	6.07e-19	4.33e-15	1.21e-11	1.96e-08	9.28e-05	1.92e-02	9.81e-01
 1.54417e+22	0.00e+00	0.00e+00	1.85e-28	2.55e-23	7.32e-19	5.06e-15	1.38e-11	2.15e-08	9.89e-05	1.98e-02	9.80e-01
 1.57130e+22	0.00e+00	2.21e-34	2.56e-28	3.40e-23	9.36e-19	6.21e-15	1.62e-11	2.43e-08	1.07e-04	2.06e-02	9.79e-01
 1.59861e+22	0.00e+00	2.97e-34	3.33e-28	4.28e-23	1.14e-18	7.33e-15	1.85e-11	2.69e-08	1.15e-04	2.13e-02	9.79e-01
 1.62619e+22	0.00e+00	4.34e-34	4.66e-28	5.75e-23	1.47e-18	9.05e-15	2.19e-11	3.05e-08	1.25e-04	2.22e-02	9.78e-01
 1.65396e+22	0.00e+00	5.96e-34	6.19e-28	7.36e-23	1.82e-18	1.08e-14	2.53e-11	3.40e-08	1.34e-04	2.30e-02	9.77e-01
 1.67786e+22	0.00e+00	7.93e-34	7.97e-28	9.19e-23	2.20e-18	1.27e-14	2.88e-11	3.74e-08	1.43e-04	2.37e-02	9.76e-01
 1.70101e+22	0.00e+00	1.06e-33	1.03e-27	1.15e-22	2.66e-18	1.49e-14	3.27e-11	4.12e-08	1.52e-04	2.45e-02	9.75e-01
 1.72376e+22	0.00e+00	1.39e-33	1.31e-27	1.42e-22	3.19e-18	1.73e-14	3.69e-11	4.51e-08	1.62e-04	2.53e-02	9.75e-01
 1.74981e+22	0.00e+00	1.93e-33	1.76e-27	1.84e-22	3.99e-18	2.08e-14	4.29e-11	5.05e-08	1.75e-04	2.62e-02	9.74e-01
 1.77722e+22	0.00e+00	2.72e-33	2.38e-27	2.40e-22	5.01e-18	2.52e-14	4.99e-11	5.66e-08	1.88e-04	2.72e-02	9.73e-01
 1.80096e+22	0.00e+00	3.59e-33	3.05e-27	2.98e-22	6.03e-18	2.94e-14	5.65e-11	6.22e-08	2.00e-04	2.80e-02	9.72e-01
 1.82637e+22	0.00e+00	5.07e-33	4.15e-27	3.90e-22	7.59e-18	3.56e-14	6.59e-11	6.98e-08	2.16e-04	2.91e-02	9.71e-01
 1.85257e+22	0.00e+00	6.84e-33	5.42e-27	4.93e-22	9.28e-18	4.21e-14	7.54e-11	7.72e-08	2.31e-04	3.01e-02	9.70e-01
 1.87552e+22	0.00e+00	9.11e-33	6.99e-27	6.15e-22	1.12e-17	4.94e-14	8.56e-11	8.50e-08	2.47e-04	3.11e-02	9.69e-01
 1.90106e+22	0.00e+00	1.28e-32	9.48e-27	8.04e-22	1.41e-17	5.99e-14	9.99e-11	9.54e-08	2.66e-04	3.23e-02	9.67e-01
 1.92758e+22	0.00e+00	1.75e-32	1.25e-26	1.02e-21	1.73e-17	7.10e-14	1.15e-10	1.06e-07	2.85e-04	3.34e-02	9.66e-01
 1.95138e+22	0.00e+00	2.35e-32	1.62e-26	1.29e-21	2.12e-17	8.39e-14	1.31e-10	1.17e-07	3.05e-04	3.45e-02	9.65e-01
 1.97837e+22	0.00e+00	3.45e-32	2.28e-26	1.73e-21	2.73e-17	1.04e-13	1.55e-10	1.33e-07	3.32e-04	3.59e-02	9.64e-01
 2.00578e+22	0.00e+00	4.72e-32	3.02e-26	2.21e-21	3.37e-17	1.24e-13	1.78e-10	1.47e-07	3.56e-04	3.72e-02	9.62e-01
 2.02896e+22	0.00e+00	6.32e-32	3.90e-26	2.77e-21	4.09e-17	1.45e-13	2.03e-10	1.62e-07	3.79e-04	3.84e-02	9.61e-01
 2.05432e+22	0.00e+00	8.89e-32	5.29e-26	3.62e-21	5.13e-17	1.76e-13	2.36e-10	1.82e-07	4.09e-04	3.98e-02	9.60e-01
 2.08090e+22	0.00e+00	1.24e-31	7.11e-26	4.69e-21	6.41e-17	2.11e-13	2.74e-10	2.03e-07	4.40e-04	4.13e-02	9.58e-01
 2.10425e+22	0.00e+00	1.65e-31	9.17e-26	5.85e-21	7.76e-17	2.48e-13	3.11e-10	2.23e-07	4.69e-04	4.26e-02	9.57e-01
 2.12979e+22	0.00e+00	2.37e-31	1.26e-25	7.73e-21	9.85e-17	3.02e-13	3.65e-10	2.51e-07	5.07e-04	4.42e-02	9.55e-01
 2.15576e+22	0.00e+00	3.25e-31	1.67e-25	9.90e-21	1.22e-16	3.60e-13	4.20e-10	2.79e-07	5.44e-04	4.58e-02	9.54e-01
 2.17773e+22	0.00e+00	4.34e-31	2.16e-25	1.24e-20	1.47e-16	4.23e-13	4.77e-10	3.07e-07	5.79e-04	4.72e-02	9.52e-01
 2.20173e+22	0.00e+00	6.08e-31	2.91e-25	1.61e-20	1.84e-16	5.09e-13	5.53e-10	3.43e-07	6.24e-04	4.89e-02	9.50e-01
 2.22727e+22	0.00e+00	8.56e-31	3.94e-25	2.09e-20	2.31e-16	6.15e-13	6.42e-10	3.83e-07	6.71e-04	5.07e-02	9.49e-01
 2.24998e+22	0.00e+00	1.14e-30	5.08e-25	2.61e-20	2.80e-16	7.21e-13	7.29e-10	4.21e-07	7.15e-04	5.23e-02	9.47e-01
 2.27467e+22	0.00e+00	1.65e-30	7.07e-25	3.49e-20	3.58e-16	8.85e-13	8.58e-10	4.76e-07	7.75e-04	5.44e-02	9.45e-01
 2.30032e+22	0.00e+00	2.31e-30	9.52e-25	4.52e-20	4.47e-16	1.06e-12	9.94e-10	5.30e-07	8.33e-04	5.63e-02	9.43e-01
 2.32234e+22	0.00e+00	3.09e-30	1.23e-24	5.65e-20	5.41e-16	1.25e-12	1.13e-09	5.82e-07	8.86e-04	5.80e-02	9.41e-01
 2.34608e+22	0.00e+00	4.43e-30	1.69e-24	7.47e-20	6.87e-16	1.52e-12	1.32e-09	6.55e-07	9.57e-04	6.03e-02	9.39e-01
 2.37059e+22	0.00e+00	6.18e-30	2.27e-24	9.66e-20	8.56e-16	1.83e-12	1.53e-09	7.29e-07	1.03e-03	6.24e-02	9.37e-01
 2.39203e+22	0.00e+00	8.35e-30	2.96e-24	1.22e-19	1.04e-15	2.16e-12	1.74e-09	8.03e-07	1.10e-03	6.43e-02	9.35e-01
 2.41584e+22	0.00e+00	1.22e-29	4.14e-24	1.63e-19	1.34e-15	2.65e-12	2.05e-09	9.06e-07	1.19e-03	6.68e-02	9.32e-01
 2.44056e+22	0.00e+00	1.71e-29	5.59e-24	2.12e-19	1.68e-15	3.20e-12	2.37e-09	1.01e-06	1.28e-03	6.92e-02	9.30e-01
 2.46164e+22	0.00e+00	2.33e-29	7.33e-24	2.68e-19	2.05e-15	3.78e-12	2.71e-09	1.11e-06	1.36e-03	7.14e-02	9.27e-01
 2.48127e+22	0.00e+00	3.08e-29	9.39e-24	3.33e-19	2.47e-15	4.41e-12	3.06e-09	1.22e-06	1.44e-03	7.34e-02	9.25e-01
 2.50378e+22	0.00e+00	4.46e-29	1.31e-23	4.43e-19	3.15e-15	5.40e-12	3.59e-09	1.37e-06	1.56e-03	7.62e-02	9.22e-01
 2.52701e+22	0.00e+00	6.21e-29	1.75e-23	5.72e-19	3.92e-15	6.47e-12	4.14e-09	1.52e-06	1.67e-03	7.88e-02	9.20e-01
 2.54755e+22	0.00e+00	8.53e-29	2.31e-23	7.30e-19	4.83e-15	7.69e-12	4.75e-09	1.68e-06	1.78e-03	8.13e-02	9.17e-01
 2.57065e+22	0.00e+00	1.26e-28	3.27e-23	9.88e-19	6.25e-15	9.53e-12	5.62e-09	1.90e-06	1.94e-03	8.45e-02	9.14e-01
 2.59362e+22	3.79e-35	1.74e-28	4.34e-23	1.26e-18	7.71e-15	1.13e-11	6.45e-09	2.11e-06	2.07e-03	8.72e-02	9.11e-01
 2.61321e+22	5.39e-35	2.38e-28	5.73e-23	1.61e-18	9.48e-15	1.35e-11	7.38e-09	2.32e-06	2.21e-03	8.99e-02	9.08e-01
 2.63244e+22	7.48e-35	3.20e-28	7.43e-23	2.02e-18	1.15e-14	1.58e-11	8.37e-09	2.55e-06	2.34e-03	9.26e-02	9.05e-01
 2.65442e+22	1.15e-34	4.69e-28	1.04e-22	2.70e-18	1.48e-14	1.95e-11	9.86e-09	2.87e-06	2.54e-03	9.60e-02	9.01e-01
 2.67696e+22	1.68e-34	6.60e-28	1.41e-22	3.52e-18	1.85e-14	2.35e-11	1.14e-08	3.20e-06	2.72e-03	9.92e-02	8.98e-01
 2.69664e+22	2.37e-34	8.98e-28	1.85e-22	4.46e-18	2.27e-14	2.78e-11	1.30e-08	3.52e-06	2.90e-03	1.02e-01	8.95e-01
 2.71559e+22	3.35e-34	1.22e-27	2.43e-22	5.65e-18	2.78e-14	3.28e-11	1.49e-08	3.88e-06	3.08e-03	1.05e-01	8.92e-01
 2.73722e+22	5.16e-34	1.80e-27	3.41e-22	7.60e-18	3.58e-14	4.05e-11	1.75e-08	4.37e-06	3.33e-03	1.09e-01	8.87e-01
 2.75929e+22	7.53e-34	2.52e-27	4.60e-22	9.85e-18	4.46e-14	4.87e-11	2.02e-08	4.85e-06	3.57e-03	1.13e-01	8.84e-01
 2.77859e+22	1.07e-33	3.47e-27	6.09e-22	1.26e-17	5.49e-14	5.79e-11	2.32e-08	5.36e-06	3.81e-03	1.16e-01	8.80e-01
 2.79743e+22	1.53e-33	4.76e-27	8.05e-22	1.60e-17	6.76e-14	6.87e-11	2.65e-08	5.91e-06	4.06e-03	1.20e-01	8.76e-01
 2.81901e+22	2.36e-33	7.00e-27	1.13e-21	2.16e-17	8.71e-14	8.48e-11	3.13e-08	6.66e-06	4.38e-03	1.24e-01	8.72e-01
 2.84119e+22	3.49e-33	9.93e-27	1.54e-21	2.82e-17	1.10e-13	1.03e-10	3.63e-08	7.42e-06	4.70e-03	1.28e-01	8.67e-01
 2.86049e+22	5.03e-33	1.38e-26	2.06e-21	3.62e-17	1.36e-13	1.22e-10	4.17e-08	8.21e-06	5.01e-03	1.32e-01	8.63e-01
 2.88194e+22	7.97e-33	2.08e-26	2.96e-21	4.97e-17	1.78e-13	1.53e-10	4.96e-08	9.31e-06	5.44e-03	1.37e-01	8.58e-01
 2.90344e+22	1.13e-32	2.85e-26	3.90e-21	6.33e-17	2.19e-13	1.82e-10	5.67e-08	1.03e-05	5.79e-03	1.41e-01	8.53e-01
 2.92501e+22	1.80e-32	4.31e-26	5.62e-21	8.68e-17	2.86e-13	2.27e-10	6.76e-08	1.17e-05	6.29e-03	1.46e-01	8.47e-01
 2.94701e+22	2.63e-32	6.04e-26	7.57e-21	1.13e-16	3.58e-13	2.73e-10	7.81e-08	1.29e-05	6.72e-03	1.51e-01	8.42e-01
 2.96957e+22	4.27e-32	9.33e-26	1.11e-20	1.57e-16	4.75e-13	3.46e-10	9.38e-08	1.48e-05	7.32e-03	1.57e-01	8.36e-01
 2.99256e+22	6.52e-32	1.36e-25	1.55e-20	2.10e-16	6.08e-13	4.24e-10	1.10e-07	1.66e-05	7.87e-03	1.62e-01	8.30e-01
 3.01176e+22	9.32e-32	1.87e-25	2.05e-20	2.68e-16	7.50e-13	5.05e-10	1.26e-07	1.83e-05	8.38e-03	1.67e-01	8.25e-01
 3.02965e+22	1.33e-31	2.57e-25	2.71e-20	3.41e-16	9.23e-13	5.99e-10	1.44e-07	2.01e-05	8.91e-03	1.71e-01	8.20e-01
 3.05020e+22	2.08e-31	3.83e-25	3.85e-20	4.63e-16	1.20e-12	7.43e-10	1.70e-07	2.27e-05	9.62e-03	1.77e-01	8.13e-01
 3.07115e+22	3.08e-31	5.45e-25	5.25e-20	6.06e-16	1.51e-12	8.99e-10	1.97e-07	2.53e-05	1.03e-02	1.83e-01	8.07e-01
 3.08779e+22	4.22e-31	7.22e-25	6.73e-20	7.52e-16	1.81e-12	1.05e-09	2.22e-07	2.75e-05	1.09e-02	1.87e-01	8.02e-01
 3.10460e+22	6.11e-31	1.01e-24	9.01e-20	9.69e-16	2.25e-12	1.25e-09	2.55e-07	3.04e-05	1.16e-02	1.92e-01	7.96e-01
 3.12219e+22	8.47e-31	1.35e-24	1.16e-19	1.21e-15	2.72e-12	1.47e-09	2.89e-07	3.32e-05	1.22e-02	1.97e-01	7.91e-01
 3.13707e+22	1.14e-30	1.75e-24	1.47e-19	1.48e-15	3.23e-12	1.69e-09	3.22e-07	3.59e-05	1.29e-02	2.01e-01	7.86e-01
 3.15038e+22	1.52e-30	2.27e-24	1.85e-19	1.81e-15	3.83e-12	1.95e-09	3.60e-07	3.88e-05	1.35e-02	2.05e-01	7.81e-01
 3.16323e+22	1.95e-30	2.83e-24	2.24e-19	2.14e-15	4.42e-12	2.19e-09	3.94e-07	4.15e-05	1.41e-02	2.09e-01	7.77e-01
 3.17782e+22	2.73e-30	3.83e-24	2.93e-19	2.69e-15	5.39e-12	2.58e-09	4.48e-07	4.54e-05	1.49e-02	2.14e-01	7.71e-01
 3.19227e+22	3.63e-30	4.94e-24	3.66e-19	3.27e-15	6.35e-12	2.96e-09	4.98e-07	4.89e-05	1.56e-02	2.19e-01	7.66e-01
 3.20424e+22	4.72e-30	6.24e-24	4.50e-19	3.91e-15	7.40e-12	3.36e-09	5.49e-07	5.25e-05	1.63e-02	2.23e-01	7.61e-01
 3.21752e+22	6.52e-30	8.33e-24	5.79e-19	4.87e-15	8.93e-12	3.92e-09	6.19e-07	5.71e-05	1.72e-02	2.28e-01	7.55e-01
 3.23119e+22	8.52e-30	1.06e-23	7.15e-19	5.84e-15	1.04e-11	4.46e-09	6.83e-07	6.13e-05	1.80e-02	2.32e-01	7.50e-01
 3.24538e+22	1.20e-29	1.43e-23	9.33e-19	7.37e-15	1.27e-11	5.25e-09	7.75e-07	6.71e-05	1.90e-02	2.38e-01	7.43e-01
 3.25911e+22	1.55e-29	1.81e-23	1.15e-18	8.80e-15	1.48e-11	5.95e-09	8.55e-07	7.19e-05	1.98e-02	2.42e-01	7.38e-01
 3.27031e+22	2.01e-29	2.28e-23	1.40e-18	1.05e-14	1.72e-11	6.74e-09	9.40e-07	7.69e-05	2.07e-02	2.46e-01	7.33e-01
 3.28293e+22	2.77e-29	3.03e-23	1.80e-18	1.30e-14	2.07e-11	7.86e-09	1.06e-06	8.36e-05	2.18e-02	2.51e-01	7.27e-01
 3.29574e+22	3.59e-29	3.82e-23	2.21e-18	1.55e-14	2.41e-11	8.90e-09	1.16e-06	8.95e-05	2.27e-02	2.56e-01	7.22e-01
 3.30877e+22	5.12e-29	5.24e-23	2.92e-18	1.98e-14	2.96e-11	1.05e-08	1.33e-06	9.82e-05	2.41e-02	2.62e-01	7.14e-01
 3.32153e+22	6.59e-29	6.57e-23	3.56e-18	2.35e-14	3.43e-11	1.19e-08	1.46e-06	1.05e-04	2.51e-02	2.66e-01	7.09e-01
 3.33395e+22	9.24e-29	8.89e-23	4.64e-18	2.96e-14	4.17e-11	1.40e-08	1.65e-06	1.14e-04	2.64e-02	2.72e-01	7.02e-01
 3.34588e+22	1.18e-28	1.10e-22	5.61e-18	3.49e-14	4.80e-11	1.57e-08	1.81e-06	1.22e-04	2.75e-02	2.76e-01	6.97e-01
 3.35716e+22	1.60e-28	1.45e-22	7.13e-18	4.29e-14	5.73e-11	1.82e-08	2.02e-06	1.32e-04	2.88e-02	2.81e-01	6.90e-01
 3.36865e+22	2.07e-28	1.83e-22	8.73e-18	5.11e-14	6.65e-11	2.06e-08	2.22e-06	1.41e-04	3.00e-02	2.86e-01	6.84e-01
 3.37879e+22	2.67e-28	2.29e-22	1.07e-17	6.08e-14	7.71e-11	2.33e-08	2.44e-06	1.51e-04	3.13e-02	2.90e-01	6.78e-01
 3.39036e+22	3.71e-28	3.07e-22	1.38e-17	7.59e-14	9.32e-11	2.72e-08	2.76e-06	1.64e-04	3.29e-02	2.96e-01	6.71e-01
 3.40204e+22	4.86e-28	3.91e-22	1.70e-17	9.12e-14	1.09e-10	3.10e-08	3.04e-06	1.76e-04	3.43e-02	3.01e-01	6.65e-01
 3.41231e+22	6.35e-28	4.96e-22	2.10e-17	1.09e-13	1.27e-10	3.52e-08	3.36e-06	1.88e-04	3.58e-02	3.06e-01	6.58e-01
 3.42408e+22	9.09e-28	6.84e-22	2.78e-17	1.39e-13	1.57e-10	4.19e-08	3.83e-06	2.06e-04	3.78e-02	3.12e-01	6.50e-01
 3.43564e+22	1.17e-27	8.58e-22	3.39e-17	1.65e-13	1.81e-10	4.73e-08	4.21e-06	2.20e-04	3.93e-02	3.17e-01	6.44e-01
 3.44692e+22	1.67e-27	1.18e-21	4.48e-17	2.11e-13	2.23e-10	5.61e-08	4.79e-06	2.41e-04	4.15e-02	3.23e-01	6.35e-01
 3.45820e+22	2.16e-27	1.48e-21	5.47e-17	2.50e-13	2.58e-10	6.34e-08	5.27e-06	2.57e-04	4.32e-02	3.28e-01	6.29e-01
 3.46947e+22	3.12e-27	2.05e-21	7.29e-17	3.21e-13	3.20e-10	7.56e-08	6.03e-06	2.82e-04	4.57e-02	3.34e-01	6.20e-01
 3.48074e+22	4.06e-27	2.60e-21	8.97e-17	3.84e-13	3.72e-10	8.58e-08	6.65e-06	3.02e-04	4.75e-02	3.39e-01	6.13e-01
 3.49202e+22	5.90e-27	3.63e-21	1.20e-16	4.95e-13	4.63e-10	1.03e-07	7.63e-06	3.32e-04	5.03e-02	3.46e-01	6.03e-01
 3.50312e+22	7.64e-27	4.58e-21	1.47e-16	5.89e-13	5.38e-10	1.16e-07	8.40e-06	3.55e-04	5.23e-02	3.51e-01	5.96e-01
 3.51397e+22	1.09e-26	6.28e-21	1.94e-16	7.49e-13	6.61e-10	1.38e-07	9.58e-06	3.89e-04	5.52e-02	3.57e-01	5.87e-01
 3.52474e+22	1.42e-26	7.97e-21	2.40e-16	8.98e-13	7.71e-10	1.57e-07	1.06e-05	4.16e-04	5.75e-02	3.62e-01	5.80e-01
 3.53542e+22	2.03e-26	1.09e-20	3.16e-16	1.14e-12	9.48e-10	1.87e-07	1.21e-05	4.56e-04	6.06e-02	3.69e-01	5.70e-01
 3.54625e+22	2.68e-26	1.41e-20	3.94e-16	1.38e-12	1.12e-09	2.14e-07	1.34e-05	4.90e-04	6.32e-02	3.74e-01	5.62e-01
 3.55729e+22	3.88e-26	1.95e-20	5.26e-16	1.77e-12	1.38e-09	2.56e-07	1.54e-05	5.38e-04	6.68e-02	3.81e-01	5.52e-01
 3.56852e+22	5.19e-26	2.54e-20	6.61e-16	2.16e-12	1.64e-09	2.95e-07	1.72e-05	5.80e-04	6.98e-02	3.86e-01	5.44e-01
 3.57998e+22	7.61e-26	3.57e-20	8.94e-16	2.80e-12	2.05e-09	3.56e-07	1.98e-05	6.40e-04	7.39e-02	3.93e-01	5.33e-01
 3.59147e+22	1.02e-25	4.64e-20	1.12e-15	3.42e-12	2.44e-09	4.11e-07	2.21e-05	6.91e-04	7.72e-02	3.98e-01	5.24e-01
 3.60140e+22	1.36e-25	6.00e-20	1.41e-15	4.16e-12	2.89e-09	4.73e-07	2.47e-05	7.44e-04	8.05e-02	4.03e-01	5.15e-01
 3.61270e+22	1.97e-25	8.39e-20	1.89e-15	5.37e-12	3.60e-09	5.69e-07	2.85e-05	8.20e-04	8.52e-02	4.10e-01	5.04e-01
 3.62398e+22	2.61e-25	1.08e-19	2.35e-15	6.49e-12	4.24e-09	6.53e-07	3.17e-05	8.82e-04	8.88e-02	4.15e-01	4.95e-01
 3.63526e+22	3.77e-25	1.50e-19	3.15e-15	8.35e-12	5.27e-09	7.85e-07	3.65e-05	9.71e-04	9.38e-02	4.21e-01	4.84e-01
 3.64648e+22	4.89e-25	1.89e-19	3.87e-15	9.99e-12	6.16e-09	8.94e-07	4.04e-05	1.04e-03	9.75e-02	4.26e-01	4.76e-01
 3.65764e+22	6.97e-25	2.60e-19	5.13e-15	1.27e-11	7.61e-09	1.07e-06	4.64e-05	1.14e-03	1.03e-01	4.32e-01	4.64e-01
 3.66901e+22	9.10e-25	3.31e-19	6.33e-15	1.53e-11	8.92e-09	1.22e-06	5.15e-05	1.23e-03	1.07e-01	4.36e-01	4.56e-01
 3.68066e+22	1.30e-24	4.54e-19	8.38e-15	1.95e-11	1.10e-08	1.46e-06	5.92e-05	1.35e-03	1.13e-01	4.42e-01	4.44e-01
 3.69259e+22	1.70e-24	5.79e-19	1.04e-14	2.35e-11	1.30e-08	1.67e-06	6.58e-05	1.45e-03	1.17e-01	4.46e-01	4.35e-01
 3.70488e+22	2.42e-24	7.96e-19	1.38e-14	3.01e-11	1.60e-08	2.00e-06	7.57e-05	1.59e-03	1.24e-01	4.51e-01	4.23e-01
 3.71752e+22	3.19e-24	1.02e-18	1.72e-14	3.65e-11	1.90e-08	2.31e-06	8.46e-05	1.72e-03	1.29e-01	4.55e-01	4.14e-01
 3.72869e+22	4.16e-24	1.30e-18	2.12e-14	4.38e-11	2.23e-08	2.65e-06	9.40e-05	1.84e-03	1.34e-01	4.59e-01	4.05e-01
 3.74129e+22	5.82e-24	1.76e-18	2.78e-14	5.54e-11	2.73e-08	3.14e-06	1.08e-04	2.02e-03	1.41e-01	4.64e-01	3.93e-01
 3.75405e+22	7.53e-24	2.22e-18	3.42e-14	6.63e-11	3.20e-08	3.59e-06	1.19e-04	2.17e-03	1.46e-01	4.67e-01	3.84e-01
 3.76703e+22	1.05e-23	2.99e-18	4.45e-14	8.36e-11	3.91e-08	4.26e-06	1.36e-04	2.37e-03	1.54e-01	4.71e-01	3.73e-01
 3.78039e+22	1.36e-23	3.79e-18	5.50e-14	1.00e-10	4.59e-08	4.88e-06	1.52e-04	2.55e-03	1.60e-01	4.74e-01	3.63e-01
 3.79237e+22	1.76e-23	4.78e-18	6.75e-14	1.20e-10	5.37e-08	5.57e-06	1.68e-04	2.73e-03	1.66e-01	4.77e-01	3.54e-01
 3.80611e+22	2.44e-23	6.42e-18	8.78e-14	1.51e-10	6.56e-08	6.60e-06	1.92e-04	2.99e-03	1.74e-01	4.80e-01	3.43e-01
 3.81992e+22	3.12e-23	8.04e-18	1.07e-13	1.80e-10	7.64e-08	7.51e-06	2.13e-04	3.20e-03	1.80e-01	4.82e-01	3.34e-01
 3.83384e+22	4.29e-23	1.07e-17	1.39e-13	2.26e-10	9.31e-08	8.88e-06	2.42e-04	3.49e-03	1.89e-01	4.85e-01	3.23e-01
 3.84798e+22	5.46e-23	1.34e-17	1.69e-13	2.67e-10	1.08e-07	1.01e-05	2.67e-04	3.73e-03	1.95e-01	4.87e-01	3.14e-01
 3.86020e+22	6.87e-23	1.65e-17	2.03e-13	3.15e-10	1.25e-07	1.14e-05	2.94e-04	3.97e-03	2.02e-01	4.88e-01	3.06e-01
 3.87391e+22	9.20e-23	2.15e-17	2.58e-13	3.87e-10	1.49e-07	1.32e-05	3.32e-04	4.31e-03	2.10e-01	4.90e-01	2.96e-01
 3.88760e+22	1.15e-22	2.62e-17	3.08e-13	4.52e-10	1.71e-07	1.49e-05	3.63e-04	4.57e-03	2.17e-01	4.90e-01	2.88e-01
 3.90128e+22	1.52e-22	3.38e-17	3.87e-13	5.52e-10	2.04e-07	1.72e-05	4.07e-04	4.94e-03	2.25e-01	4.91e-01	2.78e-01
 3.91520e+22	1.89e-22	4.13e-17	4.63e-13	6.46e-10	2.34e-07	1.94e-05	4.46e-04	5.25e-03	2.32e-01	4.92e-01	2.70e-01
 3.92944e+22	2.52e-22	5.36e-17	5.85e-13	7.93e-10	2.80e-07	2.25e-05	5.03e-04	5.69e-03	2.42e-01	4.92e-01	2.60e-01
 3.94378e+22	3.11e-22	6.50e-17	6.95e-13	9.22e-10	3.19e-07	2.52e-05	5.49e-04	6.03e-03	2.49e-01	4.92e-01	2.53e-01
 3.95825e+22	4.11e-22	8.39e-17	8.74e-13	1.13e-09	3.81e-07	2.92e-05	6.17e-04	6.52e-03	2.58e-01	4.91e-01	2.43e-01
 3.97239e+22	4.98e-22	1.00e-16	1.02e-12	1.29e-09	4.29e-07	3.24e-05	6.68e-04	6.87e-03	2.65e-01	4.91e-01	2.37e-01
 3.98610e+22	6.44e-22	1.26e-16	1.26e-12	1.56e-09	5.05e-07	3.71e-05	7.44e-04	7.38e-03	2.74e-01	4.90e-01	2.28e-01
 4.00007e+22	7.83e-22	1.51e-16	1.48e-12	1.79e-09	5.70e-07	4.11e-05	8.06e-04	7.78e-03	2.81e-01	4.89e-01	2.21e-01
 4.01439e+22	1.01e-21	1.91e-16	1.83e-12	2.15e-09	6.71e-07	4.72e-05	8.97e-04	8.36e-03	2.91e-01	4.87e-01	2.13e-01
 4.02897e+22	1.23e-21	2.29e-16	2.16e-12	2.49e-09	7.60e-07	5.24e-05	9.74e-04	8.82e-03	2.98e-01	4.86e-01	2.06e-01
 4.04390e+22	1.60e-21	2.91e-16	2.67e-12	3.00e-09	8.95e-07	6.02e-05	1.09e-03	9.47e-03	3.08e-01	4.84e-01	1.98e-01
 4.05910e+22	1.95e-21	3.49e-16	3.15e-12	3.46e-09	1.01e-06	6.69e-05	1.18e-03	1.00e-02	3.16e-01	4.82e-01	1.91e-01
 4.07465e+22	2.53e-21	4.43e-16	3.90e-12	4.18e-09	1.20e-06	7.68e-05	1.31e-03	1.07e-02	3.26e-01	4.79e-01	1.83e-01
 4.09052e+22	3.11e-21	5.34e-16	4.61e-12	4.83e-09	1.36e-06	8.55e-05	1.43e-03	1.13e-02	3.34e-01	4.76e-01	1.77e-01
 4.10682e+22	4.03e-21	6.78e-16	5.72e-12	5.84e-09	1.60e-06	9.81e-05	1.59e-03	1.22e-02	3.45e-01	4.72e-01	1.69e-01
 4.12358e+22	4.99e-21	8.24e-16	6.81e-12	6.80e-09	1.83e-06	1.10e-04	1.73e-03	1.29e-02	3.53e-01	4.69e-01	1.63e-01
 4.14095e+22	6.52e-21	1.05e-15	8.50e-12	8.26e-09	2.16e-06	1.26e-04	1.93e-03	1.38e-02	3.64e-01	4.65e-01	1.55e-01
 4.15782e+22	7.91e-21	1.26e-15	9.96e-12	9.47e-09	2.44e-06	1.40e-04	2.08e-03	1.45e-02	3.72e-01	4.62e-01	1.50e-01
 4.17405e+22	1.01e-20	1.58e-15	1.22e-11	1.14e-08	2.85e-06	1.59e-04	2.31e-03	1.55e-02	3.83e-01	4.57e-01	1.43e-01
 4.19061e+22	1.23e-20	1.89e-15	1.44e-11	1.31e-08	3.22e-06	1.76e-04	2.50e-03	1.63e-02	3.91e-01	4.53e-01	1.37e-01
 4.20759e+22	1.57e-20	2.36e-15	1.75e-11	1.55e-08	3.74e-06	2.00e-04	2.75e-03	1.74e-02	4.00e-01	4.48e-01	1.31e-01
 4.22553e+22	1.96e-20	2.89e-15	2.11e-11	1.82e-08	4.30e-06	2.24e-04	3.00e-03	1.84e-02	4.10e-01	4.43e-01	1.25e-01
 4.24201e+22	2.42e-20	3.50e-15	2.50e-11	2.12e-08	4.89e-06	2.49e-04	3.26e-03	1.94e-02	4.18e-01	4.38e-01	1.20e-01
 4.26072e+22	3.14e-20	4.43e-15	3.10e-11	2.55e-08	5.74e-06	2.85e-04	3.60e-03	2.07e-02	4.29e-01	4.32e-01	1.14e-01
 4.28055e+22	3.98e-20	5.52e-15	3.77e-11	3.03e-08	6.66e-06	3.22e-04	3.96e-03	2.19e-02	4.39e-01	4.26e-01	1.09e-01
 4.29894e+22	4.99e-20	6.78e-15	4.54e-11	3.56e-08	7.65e-06	3.61e-04	4.32e-03	2.32e-02	4.48e-01	4.21e-01	1.03e-01
 4.31682e+22	6.19e-20	8.26e-15	5.41e-11	4.14e-08	8.72e-06	4.03e-04	4.69e-03	2.44e-02	4.57e-01	4.15e-01	9.88e-02
 4.33692e+22	8.09e-20	1.06e-14	6.75e-11	5.02e-08	1.03e-05	4.61e-04	5.20e-03	2.61e-02	4.68e-01	4.07e-01	9.31e-02
 4.35729e+22	1.01e-19	1.30e-14	8.12e-11	5.90e-08	1.18e-05	5.18e-04	5.67e-03	2.75e-02	4.77e-01	4.01e-01	8.85e-02
 4.37498e+22	1.25e-19	1.57e-14	9.64e-11	6.85e-08	1.34e-05	5.75e-04	6.15e-03	2.89e-02	4.85e-01	3.95e-01	8.44e-02
 4.39496e+22	1.62e-19	1.99e-14	1.19e-10	8.25e-08	1.58e-05	6.56e-04	6.78e-03	3.08e-02	4.95e-01	3.87e-01	7.94e-02
 4.41567e+22	2.03e-19	2.45e-14	1.44e-10	9.70e-08	1.81e-05	7.37e-04	7.40e-03	3.25e-02	5.04e-01	3.80e-01	7.52e-02
 4.43423e+22	2.51e-19	2.97e-14	1.71e-10	1.13e-07	2.07e-05	8.19e-04	8.02e-03	3.41e-02	5.12e-01	3.73e-01	7.14e-02
 4.45525e+22	3.28e-19	3.81e-14	2.14e-10	1.37e-07	2.44e-05	9.42e-04	8.90e-03	3.64e-02	5.23e-01	3.64e-01	6.67e-02
 4.47675e+22	4.08e-19	4.67e-14	2.57e-10	1.61e-07	2.81e-05	1.06e-03	9.72e-03	3.85e-02	5.31e-01	3.56e-01	6.29e-02
 4.49594e+22	5.06e-19	5.69e-14	3.07e-10	1.88e-07	3.21e-05	1.18e-03	1.05e-02	4.04e-02	5.39e-01	3.49e-01	5.95e-02
 4.51798e+22	6.64e-19	7.32e-14	3.87e-10	2.30e-07	3.82e-05	1.36e-03	1.18e-02	4.32e-02	5.49e-01	3.39e-01	5.51e-02
 4.54017e+22	8.22e-19	8.91e-14	4.62e-10	2.69e-07	4.37e-05	1.52e-03	1.28e-02	4.54e-02	5.57e-01	3.31e-01	5.19e-02
 4.56259e+22	1.07e-18	1.14e-13	5.81e-10	3.28e-07	5.20e-05	1.76e-03	1.42e-02	4.86e-02	5.67e-01	3.21e-01	4.78e-02
 4.58526e+22	1.33e-18	1.39e-13	6.94e-10	3.84e-07	5.96e-05	1.97e-03	1.55e-02	5.11e-02	5.74e-01	3.13e-01	4.49e-02
 4.60828e+22	1.72e-18	1.78e-13	8.72e-10	4.69e-07	7.10e-05	2.28e-03	1.73e-02	5.47e-02	5.83e-01	3.02e-01	4.11e-02
 4.63048e+22	2.07e-18	2.12e-13	1.02e-09	5.40e-07	8.03e-05	2.52e-03	1.87e-02	5.72e-02	5.89e-01	2.94e-01	3.87e-02
 4.65161e+22	2.60e-18	2.64e-13	1.25e-09	6.46e-07	9.41e-05	2.89e-03	2.06e-02	6.09e-02	5.96e-01	2.83e-01	3.55e-02
 4.67257e+22	3.11e-18	3.11e-13	1.46e-09	7.39e-07	1.06e-04	3.18e-03	2.22e-02	6.35e-02	6.01e-01	2.76e-01	3.34e-02
 4.69328e+22	3.82e-18	3.81e-13	1.77e-09	8.77e-07	1.23e-04	3.62e-03	2.45e-02	6.75e-02	6.08e-01	2.66e-01	3.06e-02
 4.71430e+22	4.53e-18	4.49e-13	2.06e-09	1.00e-06	1.39e-04	4.00e-03	2.63e-02	7.05e-02	6.12e-01	2.58e-01	2.87e-02
 4.73570e+22	5.54e-18	5.47e-13	2.49e-09	1.19e-06	1.62e-04	4.56e-03	2.91e-02	7.49e-02	6.18e-01	2.47e-01	2.61e-02
 4.75747e+22	6.52e-18	6.41e-13	2.89e-09	1.37e-06	1.83e-04	5.04e-03	3.14e-02	7.84e-02	6.22e-01	2.39e-01	2.43e-02
 4.77973e+22	7.93e-18	7.80e-13	3.50e-09	1.62e-06	2.14e-04	5.76e-03	3.47e-02	8.32e-02	6.26e-01	2.28e-01	2.20e-02
 4.80255e+22	9.24e-18	9.11e-13	4.06e-09	1.86e-06	2.42e-04	6.40e-03	3.75e-02	8.73e-02	6.29e-01	2.19e-01	2.03e-02
 4.82613e+22	1.11e-17	1.10e-12	4.91e-09	2.22e-06	2.84e-04	7.34e-03	4.16e-02	9.28e-02	6.32e-01	2.08e-01	1.82e-02
 4.85009e+22	1.28e-17	1.28e-12	5.69e-09	2.54e-06	3.22e-04	8.17e-03	4.50e-02	9.74e-02	6.33e-01	1.99e-01	1.66e-02
 4.87413e+22	1.50e-17	1.52e-12	6.81e-09	3.00e-06	3.76e-04	9.34e-03	4.97e-02	1.03e-01	6.34e-01	1.88e-01	1.48e-02
 4.89837e+22	1.70e-17	1.75e-12	7.84e-09	3.43e-06	4.25e-04	1.04e-02	5.38e-02	1.08e-01	6.34e-01	1.79e-01	1.35e-02
 4.92214e+22	1.94e-17	2.03e-12	9.21e-09	4.00e-06	4.92e-04	1.18e-02	5.90e-02	1.15e-01	6.33e-01	1.69e-01	1.20e-02
 4.94616e+22	2.16e-17	2.30e-12	1.05e-08	4.56e-06	5.55e-04	1.30e-02	6.36e-02	1.20e-01	6.31e-01	1.61e-01	1.09e-02
 4.96706e+22	2.36e-17	2.56e-12	1.18e-08	5.10e-06	6.18e-04	1.43e-02	6.80e-02	1.25e-01	6.29e-01	1.53e-01	9.92e-03
 4.98927e+22	2.60e-17	2.91e-12	1.37e-08	5.86e-06	7.05e-04	1.60e-02	7.38e-02	1.31e-01	6.25e-01	1.44e-01	8.83e-03
 5.01168e+22	2.81e-17	3.22e-12	1.53e-08	6.56e-06	7.84e-04	1.75e-02	7.87e-02	1.36e-01	6.22e-01	1.37e-01	8.04e-03
 5.03162e+22	3.01e-17	3.54e-12	1.71e-08	7.32e-06	8.70e-04	1.91e-02	8.37e-02	1.41e-01	6.17e-01	1.30e-01	7.31e-03
 5.05382e+22	3.25e-17	3.96e-12	1.95e-08	8.37e-06	9.87e-04	2.12e-02	9.01e-02	1.48e-01	6.11e-01	1.22e-01	6.49e-03
 5.07579e+22	3.46e-17	4.34e-12	2.17e-08	9.30e-06	1.09e-03	2.30e-02	9.54e-02	1.53e-01	6.06e-01	1.16e-01	5.92e-03
 5.09806e+22	3.71e-17	4.84e-12	2.48e-08	1.07e-05	1.24e-03	2.56e-02	1.02e-01	1.60e-01	5.98e-01	1.08e-01	5.22e-03
 5.12033e+22	3.95e-17	5.30e-12	2.77e-08	1.19e-05	1.37e-03	2.77e-02	1.08e-01	1.64e-01	5.91e-01	1.03e-01	4.75e-03
 5.14259e+22	4.22e-17	5.91e-12	3.16e-08	1.36e-05	1.55e-03	3.06e-02	1.15e-01	1.71e-01	5.82e-01	9.56e-02	4.19e-03
 5.16497e+22	4.47e-17	6.46e-12	3.52e-08	1.51e-05	1.71e-03	3.31e-02	1.21e-01	1.76e-01	5.74e-01	9.04e-02	3.80e-03
 5.18751e+22	4.78e-17	7.22e-12	4.05e-08	1.74e-05	1.94e-03	3.65e-02	1.29e-01	1.82e-01	5.63e-01	8.39e-02	3.34e-03
 5.21022e+22	5.08e-17	7.93e-12	4.53e-08	1.94e-05	2.14e-03	3.94e-02	1.36e-01	1.87e-01	5.54e-01	7.92e-02	3.02e-03
 5.23314e+22	5.45e-17	8.92e-12	5.23e-08	2.24e-05	2.43e-03	4.35e-02	1.44e-01	1.93e-01	5.41e-01	7.32e-02	2.65e-03
 5.25637e+22	5.82e-17	9.86e-12	5.89e-08	2.52e-05	2.69e-03	4.69e-02	1.51e-01	1.97e-01	5.31e-01	6.88e-02	2.39e-03
 5.27999e+22	6.28e-17	1.12e-11	6.86e-08	2.93e-05	3.06e-03	5.17e-02	1.60e-01	2.03e-01	5.17e-01	6.33e-02	2.08e-03
 5.30397e+22	6.77e-17	1.25e-11	7.79e-08	3.31e-05	3.39e-03	5.57e-02	1.67e-01	2.07e-01	5.06e-01	5.93e-02	1.86e-03
 5.32844e+22	7.36e-17	1.43e-11	9.17e-08	3.88e-05	3.88e-03	6.14e-02	1.76e-01	2.13e-01	4.90e-01	5.42e-02	1.61e-03
 5.35344e+22	8.08e-17	1.62e-11	1.05e-07	4.41e-05	4.32e-03	6.63e-02	1.83e-01	2.17e-01	4.77e-01	5.05e-02	1.43e-03
 5.37911e+22	8.96e-17	1.89e-11	1.26e-07	5.23e-05	4.97e-03	7.32e-02	1.93e-01	2.21e-01	4.60e-01	4.59e-02	1.23e-03
 5.40500e+22	9.92e-17	2.15e-11	1.46e-07	5.98e-05	5.53e-03	7.89e-02	2.01e-01	2.24e-01	4.47e-01	4.25e-02	1.09e-03
 5.42700e+22	1.09e-16	2.44e-11	1.67e-07	6.78e-05	6.12e-03	8.45e-02	2.08e-01	2.27e-01	4.34e-01	3.96e-02	9.70e-04
 5.45146e+22	1.23e-16	2.87e-11	2.00e-07	7.99e-05	6.97e-03	9.23e-02	2.17e-01	2.30e-01	4.16e-01	3.60e-02	8.34e-04
 5.47487e+22	1.35e-16	3.23e-11	2.27e-07	8.95e-05	7.62e-03	9.80e-02	2.23e-01	2.32e-01	4.04e-01	3.37e-02	7.52e-04
 5.49694e+22	1.53e-16	3.77e-11	2.67e-07	1.04e-04	8.55e-03	1.06e-01	2.31e-01	2.34e-01	3.89e-01	3.08e-02	6.55e-04
 5.51932e+22	1.70e-16	4.28e-11	3.05e-07	1.17e-04	9.36e-03	1.12e-01	2.38e-01	2.35e-01	3.76e-01	2.87e-02	5.87e-04
 5.54209e+22	1.94e-16	5.05e-11	3.63e-07	1.36e-04	1.05e-02	1.21e-01	2.46e-01	2.36e-01	3.60e-01	2.61e-02	5.07e-04
 5.56501e+22	2.19e-16	5.79e-11	4.16e-07	1.53e-04	1.15e-02	1.28e-01	2.52e-01	2.36e-01	3.47e-01	2.42e-02	4.54e-04
 5.58811e+22	2.54e-16	6.90e-11	4.98e-07	1.79e-04	1.29e-02	1.38e-01	2.59e-01	2.36e-01	3.31e-01	2.19e-02	3.90e-04
 5.61150e+22	2.91e-16	7.98e-11	5.74e-07	2.02e-04	1.42e-02	1.46e-01	2.65e-01	2.36e-01	3.18e-01	2.03e-02	3.47e-04
 5.63528e+22	3.44e-16	9.63e-11	6.92e-07	2.37e-04	1.59e-02	1.57e-01	2.72e-01	2.35e-01	3.01e-01	1.82e-02	2.97e-04
 5.65941e+22	3.99e-16	1.12e-10	8.03e-07	2.69e-04	1.74e-02	1.66e-01	2.77e-01	2.33e-01	2.89e-01	1.68e-02	2.62e-04
 5.68403e+22	4.81e-16	1.38e-10	9.75e-07	3.16e-04	1.96e-02	1.78e-01	2.83e-01	2.31e-01	2.72e-01	1.50e-02	2.22e-04
 5.70909e+22	5.67e-16	1.62e-10	1.14e-06	3.59e-04	2.15e-02	1.88e-01	2.88e-01	2.29e-01	2.59e-01	1.37e-02	1.95e-04
 5.73472e+22	7.00e-16	2.02e-10	1.39e-06	4.25e-04	2.42e-02	2.02e-01	2.94e-01	2.26e-01	2.42e-01	1.21e-02	1.63e-04
 5.76090e+22	8.39e-16	2.41e-10	1.64e-06	4.84e-04	2.65e-02	2.13e-01	2.97e-01	2.22e-01	2.29e-01	1.10e-02	1.42e-04
 5.78779e+22	1.06e-15	3.04e-10	2.03e-06	5.75e-04	2.99e-02	2.28e-01	3.02e-01	2.17e-01	2.13e-01	9.62e-03	1.17e-04
 5.81490e+22	1.29e-15	3.65e-10	2.39e-06	6.55e-04	3.27e-02	2.40e-01	3.05e-01	2.13e-01	2.00e-01	8.68e-03	1.01e-04
 5.84229e+22	1.66e-15	4.65e-10	2.97e-06	7.77e-04	3.68e-02	2.56e-01	3.08e-01	2.07e-01	1.84e-01	7.54e-03	8.33e-05
 5.86993e+22	2.04e-15	5.63e-10	3.50e-06	8.84e-04	4.02e-02	2.68e-01	3.09e-01	2.02e-01	1.73e-01	6.77e-03	7.15e-05
 5.89378e+22	2.49e-15	6.76e-10	4.11e-06	1.00e-03	4.37e-02	2.80e-01	3.10e-01	1.97e-01	1.62e-01	6.07e-03	6.15e-05
 5.92069e+22	3.25e-15	8.60e-10	5.05e-06	1.18e-03	4.87e-02	2.96e-01	3.11e-01	1.90e-01	1.48e-01	5.26e-03	5.04e-05
 5.94788e+22	4.01e-15	1.04e-09	5.92e-06	1.33e-03	5.27e-02	3.08e-01	3.11e-01	1.84e-01	1.39e-01	4.71e-03	4.33e-05
 5.97058e+22	4.85e-15	1.23e-09	6.84e-06	1.48e-03	5.67e-02	3.19e-01	3.10e-01	1.79e-01	1.30e-01	4.25e-03	3.75e-05
 5.99525e+22	6.23e-15	1.54e-09	8.25e-06	1.71e-03	6.21e-02	3.33e-01	3.08e-01	1.72e-01	1.19e-01	3.70e-03	3.11e-05
 6.01972e+22	7.53e-15	1.81e-09	9.47e-06	1.89e-03	6.64e-02	3.44e-01	3.07e-01	1.66e-01	1.12e-01	3.34e-03	2.70e-05
 6.04391e+22	9.58e-15	2.23e-09	1.13e-05	2.16e-03	7.21e-02	3.57e-01	3.04e-01	1.59e-01	1.03e-01	2.93e-03	2.26e-05
 6.06910e+22	1.19e-14	2.70e-09	1.32e-05	2.42e-03	7.77e-02	3.68e-01	3.01e-01	1.53e-01	9.47e-02	2.59e-03	1.91e-05
 6.09154e+22	1.46e-14	3.20e-09	1.51e-05	2.68e-03	8.28e-02	3.78e-01	2.98e-01	1.47e-01	8.81e-02	2.32e-03	1.65e-05
 6.11664e+22	1.87e-14	3.96e-09	1.80e-05	3.04e-03	8.96e-02	3.91e-01	2.94e-01	1.40e-01	8.04e-02	2.01e-03	1.37e-05
 6.14314e+22	2.36e-14	4.82e-09	2.11e-05	3.42e-03	9.63e-02	4.02e-01	2.89e-01	1.34e-01	7.36e-02	1.76e-03	1.14e-05
 6.16726e+22	2.93e-14	5.79e-09	2.44e-05	3.80e-03	1.03e-01	4.12e-01	2.85e-01	1.27e-01	6.78e-02	1.56e-03	9.69e-06
 6.19444e+22	3.87e-14	7.30e-09	2.94e-05	4.35e-03	1.11e-01	4.24e-01	2.78e-01	1.20e-01	6.08e-02	1.33e-03	7.83e-06
 6.22242e+22	4.90e-14	8.88e-09	3.43e-05	4.86e-03	1.19e-01	4.34e-01	2.73e-01	1.13e-01	5.54e-02	1.15e-03	6.52e-06
 6.24758e+22	6.15e-14	1.07e-08	3.99e-05	5.40e-03	1.27e-01	4.43e-01	2.66e-01	1.07e-01	5.05e-02	1.01e-03	5.45e-06
 6.27644e+22	8.24e-14	1.36e-08	4.82e-05	6.18e-03	1.37e-01	4.53e-01	2.58e-01	9.98e-02	4.48e-02	8.45e-04	4.32e-06
 6.30572e+22	1.05e-13	1.66e-08	5.62e-05	6.88e-03	1.46e-01	4.61e-01	2.51e-01	9.38e-02	4.05e-02	7.30e-04	3.57e-06
 6.33166e+22	1.32e-13	2.01e-08	6.52e-05	7.64e-03	1.55e-01	4.68e-01	2.44e-01	8.82e-02	3.67e-02	6.32e-04	2.95e-06
 6.36149e+22	1.78e-13	2.56e-08	7.87e-05	8.70e-03	1.66e-01	4.76e-01	2.35e-01	8.12e-02	3.22e-02	5.24e-04	2.32e-06
 6.39188e+22	2.27e-13	3.13e-08	9.18e-05	9.67e-03	1.76e-01	4.82e-01	2.27e-01	7.57e-02	2.89e-02	4.48e-04	1.89e-06
 6.42299e+22	3.08e-13	4.01e-08	1.11e-04	1.10e-02	1.89e-01	4.88e-01	2.17e-01	6.92e-02	2.52e-02	3.68e-04	1.46e-06
 6.45457e+22	3.96e-13	4.91e-08	1.30e-04	1.22e-02	2.00e-01	4.92e-01	2.08e-01	6.42e-02	2.24e-02	3.12e-04	1.18e-06
 6.48678e+22	5.38e-13	6.27e-08	1.56e-04	1.39e-02	2.14e-01	4.96e-01	1.98e-01	5.83e-02	1.94e-02	2.55e-04	9.09e-07
 6.51985e+22	7.06e-13	7.81e-08	1.85e-04	1.55e-02	2.26e-01	4.98e-01	1.89e-01	5.34e-02	1.70e-02	2.12e-04	7.16e-07
 6.54871e+22	8.95e-13	9.45e-08	2.13e-04	1.71e-02	2.38e-01	5.00e-01	1.81e-01	4.93e-02	1.52e-02	1.80e-04	5.80e-07
 6.58087e+22	1.20e-12	1.20e-07	2.55e-04	1.92e-02	2.52e-01	5.00e-01	1.71e-01	4.46e-02	1.31e-02	1.46e-04	4.45e-07
 6.61503e+22	1.59e-12	1.49e-07	3.01e-04	2.15e-02	2.66e-01	4.99e-01	1.61e-01	4.04e-02	1.14e-02	1.20e-04	3.46e-07
 6.64288e+22	1.97e-12	1.77e-07	3.42e-04	2.33e-02	2.77e-01	4.98e-01	1.54e-01	3.75e-02	1.02e-02	1.03e-04	2.84e-07
 6.67018e+22	2.51e-12	2.15e-07	3.95e-04	2.56e-02	2.89e-01	4.95e-01	1.46e-01	3.43e-02	8.96e-03	8.64e-05	2.27e-07
 6.69926e+22	3.14e-12	2.57e-07	4.51e-04	2.79e-02	3.01e-01	4.92e-01	1.39e-01	3.15e-02	7.95e-03	7.33e-05	1.84e-07
 6.72631e+22	3.90e-12	3.05e-07	5.12e-04	3.03e-02	3.12e-01	4.89e-01	1.32e-01	2.90e-02	7.07e-03	6.24e-05	1.50e-07
 6.75715e+22	5.18e-12	3.81e-07	6.05e-04	3.36e-02	3.27e-01	4.83e-01	1.23e-01	2.60e-02	6.05e-03	5.04e-05	0.00e+00
 6.78827e+22	6.49e-12	4.55e-07	6.89e-04	3.65e-02	3.39e-01	4.78e-01	1.17e-01	2.37e-02	5.34e-03	4.24e-05	0.00e+00
 6.81976e+22	8.54e-12	5.65e-07	8.08e-04	4.03e-02	3.53e-01	4.71e-01	1.08e-01	2.12e-02	4.57e-03	3.43e-05	0.00e+00
 6.85166e+22	1.08e-11	6.79e-07	9.25e-04	4.39e-02	3.66e-01	4.64e-01	1.02e-01	1.92e-02	4.00e-03	2.85e-05	0.00e+00
 6.87937e+22	1.34e-11	8.06e-07	1.05e-03	4.74e-02	3.77e-01	4.57e-01	9.59e-02	1.76e-02	3.52e-03	2.40e-05	0.00e+00
 6.91069e+22	1.77e-11	1.00e-06	1.23e-03	5.22e-02	3.91e-01	4.48e-01	8.87e-02	1.56e-02	2.99e-03	1.92e-05	0.00e+00
 6.94288e+22	2.21e-11	1.19e-06	1.39e-03	5.63e-02	4.03e-01	4.40e-01	8.30e-02	1.41e-02	2.62e-03	1.61e-05	0.00e+00
 6.97619e+22	2.96e-11	1.49e-06	1.64e-03	6.22e-02	4.18e-01	4.28e-01	7.60e-02	1.24e-02	2.19e-03	1.26e-05	0.00e+00
 7.00967e+22	3.72e-11	1.78e-06	1.86e-03	6.72e-02	4.29e-01	4.18e-01	7.07e-02	1.12e-02	1.90e-03	1.04e-05	0.00e+00
 7.04336e+22	4.92e-11	2.22e-06	2.18e-03	7.37e-02	4.42e-01	4.06e-01	6.46e-02	9.80e-03	1.60e-03	8.23e-06	0.00e+00
 7.07826e+22	6.32e-11	2.69e-06	2.50e-03	7.99e-02	4.54e-01	3.94e-01	5.95e-02	8.71e-03	1.36e-03	6.65e-06	0.00e+00
 7.10946e+22	7.96e-11	3.22e-06	2.84e-03	8.61e-02	4.64e-01	3.83e-01	5.50e-02	7.79e-03	1.17e-03	5.44e-06	0.00e+00
 7.14472e+22	1.06e-10	4.02e-06	3.33e-03	9.43e-02	4.76e-01	3.69e-01	4.96e-02	6.76e-03	9.72e-04	4.22e-06	0.00e+00
 7.18090e+22	1.37e-10	4.88e-06	3.82e-03	1.02e-01	4.86e-01	3.56e-01	4.53e-02	5.96e-03	8.21e-04	3.37e-06	0.00e+00
 7.21283e+22	1.73e-10	5.83e-06	4.33e-03	1.09e-01	4.95e-01	3.44e-01	4.16e-02	5.30e-03	7.02e-04	2.73e-06	0.00e+00
 7.24889e+22	2.31e-10	7.28e-06	5.06e-03	1.19e-01	5.05e-01	3.28e-01	3.72e-02	4.56e-03	5.76e-04	2.10e-06	0.00e+00
 7.28602e+22	2.97e-10	8.85e-06	5.80e-03	1.29e-01	5.13e-01	3.14e-01	3.36e-02	3.99e-03	4.83e-04	1.66e-06	0.00e+00
 7.31896e+22	3.76e-10	1.06e-05	6.57e-03	1.38e-01	5.20e-01	3.01e-01	3.06e-02	3.52e-03	4.09e-04	1.33e-06	0.00e+00
 7.35621e+22	5.07e-10	1.33e-05	7.70e-03	1.50e-01	5.27e-01	2.85e-01	2.70e-02	2.99e-03	3.30e-04	1.00e-06	0.00e+00
 7.39435e+22	6.50e-10	1.60e-05	8.77e-03	1.61e-01	5.32e-01	2.71e-01	2.43e-02	2.61e-03	2.75e-04	7.85e-07	0.00e+00
 7.43362e+22	8.85e-10	2.03e-05	1.03e-02	1.75e-01	5.37e-01	2.54e-01	2.12e-02	2.19e-03	2.18e-04	5.80e-07	0.00e+00
 7.47343e+22	1.15e-09	2.46e-05	1.18e-02	1.87e-01	5.40e-01	2.40e-01	1.89e-02	1.89e-03	1.80e-04	4.48e-07	0.00e+00
 7.51392e+22	1.55e-09	3.09e-05	1.38e-02	2.02e-01	5.42e-01	2.24e-01	1.64e-02	1.58e-03	1.42e-04	3.30e-07	0.00e+00
 7.55547e+22	2.03e-09	3.79e-05	1.58e-02	2.16e-01	5.42e-01	2.10e-01	1.44e-02	1.35e-03	1.15e-04	2.50e-07	0.00e+00
 7.59225e+22	2.61e-09	4.57e-05	1.79e-02	2.30e-01	5.42e-01	1.97e-01	1.27e-02	1.16e-03	9.42e-05	1.92e-07	0.00e+00
 7.63393e+22	3.56e-09	5.77e-05	2.09e-02	2.48e-01	5.39e-01	1.81e-01	1.08e-02	9.55e-04	7.31e-05	1.38e-07	0.00e+00
 7.67688e+22	4.64e-09	7.03e-05	2.39e-02	2.63e-01	5.35e-01	1.68e-01	9.43e-03	8.07e-04	5.86e-05	0.00e+00	0.00e+00
 7.71517e+22	5.98e-09	8.49e-05	2.71e-02	2.78e-01	5.30e-01	1.56e-01	8.22e-03	6.86e-04	4.72e-05	0.00e+00	0.00e+00
 7.75866e+22	8.19e-09	1.07e-04	3.16e-02	2.98e-01	5.22e-01	1.41e-01	6.90e-03	5.57e-04	3.60e-05	0.00e+00	0.00e+00
 7.80264e+22	1.06e-08	1.30e-04	3.58e-02	3.14e-01	5.13e-01	1.30e-01	5.95e-03	4.68e-04	2.86e-05	0.00e+00	0.00e+00
 7.84127e+22	1.36e-08	1.56e-04	4.03e-02	3.30e-01	5.04e-01	1.19e-01	5.14e-03	3.95e-04	2.28e-05	0.00e+00	0.00e+00
 7.87706e+22	1.68e-08	1.82e-04	4.46e-02	3.44e-01	4.96e-01	1.11e-01	4.52e-03	3.41e-04	1.88e-05	0.00e+00	0.00e+00
 7.91516e+22	2.18e-08	2.21e-04	5.05e-02	3.61e-01	4.84e-01	1.01e-01	3.85e-03	2.83e-04	1.47e-05	0.00e+00	0.00e+00
 7.95392e+22	2.73e-08	2.60e-04	5.60e-02	3.75e-01	4.73e-01	9.27e-02	3.34e-03	2.40e-04	1.19e-05	0.00e+00	0.00e+00
 7.98794e+22	3.36e-08	3.02e-04	6.17e-02	3.88e-01	4.61e-01	8.54e-02	2.92e-03	2.06e-04	9.71e-06	0.00e+00	0.00e+00
 8.02656e+22	4.37e-08	3.66e-04	6.96e-02	4.05e-01	4.46e-01	7.67e-02	2.45e-03	1.69e-04	7.48e-06	0.00e+00	0.00e+00
 8.06594e+22	5.44e-08	4.29e-04	7.69e-02	4.18e-01	4.32e-01	6.99e-02	2.11e-03	1.43e-04	5.99e-06	0.00e+00	0.00e+00
 8.10630e+22	7.06e-08	5.18e-04	8.65e-02	4.34e-01	4.15e-01	6.23e-02	1.76e-03	1.16e-04	4.58e-06	0.00e+00	0.00e+00
 8.14756e+22	8.90e-08	6.12e-04	9.58e-02	4.47e-01	3.99e-01	5.60e-02	1.49e-03	9.66e-05	3.58e-06	0.00e+00	0.00e+00
 8.18368e+22	1.09e-07	7.09e-04	1.05e-01	4.58e-01	3.84e-01	5.08e-02	1.28e-03	8.15e-05	2.87e-06	0.00e+00	0.00e+00
 8.21886e+22	1.34e-07	8.18e-04	1.14e-01	4.68e-01	3.69e-01	4.59e-02	1.10e-03	6.88e-05	2.30e-06	0.00e+00	0.00e+00
 8.25240e+22	1.61e-07	9.35e-04	1.24e-01	4.77e-01	3.55e-01	4.18e-02	9.51e-04	5.87e-05	1.87e-06	0.00e+00	0.00e+00
 8.28923e+22	2.02e-07	1.10e-03	1.36e-01	4.87e-01	3.38e-01	3.71e-02	7.96e-04	4.81e-05	1.44e-06	0.00e+00	0.00e+00
 8.32647e+22	2.44e-07	1.26e-03	1.48e-01	4.94e-01	3.23e-01	3.34e-02	6.82e-04	4.06e-05	1.15e-06	0.00e+00	0.00e+00
 8.35889e+22	2.92e-07	1.42e-03	1.59e-01	5.00e-01	3.08e-01	3.02e-02	5.88e-04	3.44e-05	9.32e-07	0.00e+00	0.00e+00
 8.39570e+22	3.64e-07	1.66e-03	1.74e-01	5.07e-01	2.90e-01	2.66e-02	4.88e-04	2.80e-05	7.14e-07	0.00e+00	0.00e+00
 8.43315e+22	4.40e-07	1.89e-03	1.88e-01	5.11e-01	2.75e-01	2.37e-02	4.14e-04	2.34e-05	5.65e-07	0.00e+00	0.00e+00
 8.46615e+22	5.23e-07	2.14e-03	2.01e-01	5.14e-01	2.61e-01	2.13e-02	3.55e-04	1.97e-05	4.53e-07	0.00e+00	0.00e+00
 8.50374e+22	6.50e-07	2.49e-03	2.19e-01	5.17e-01	2.43e-01	1.85e-02	2.92e-04	1.58e-05	3.42e-07	0.00e+00	0.00e+00
 8.54197e+22	7.80e-07	2.82e-03	2.35e-01	5.17e-01	2.28e-01	1.63e-02	2.46e-04	1.31e-05	2.68e-07	0.00e+00	0.00e+00
 8.57588e+22	9.31e-07	3.18e-03	2.51e-01	5.17e-01	2.14e-01	1.45e-02	2.08e-04	1.09e-05	2.11e-07	0.00e+00	0.00e+00
 8.61484e+22	1.16e-06	3.70e-03	2.72e-01	5.14e-01	1.97e-01	1.24e-02	1.68e-04	8.59e-06	1.56e-07	0.00e+00	0.00e+00
 8.65423e+22	1.39e-06	4.18e-03	2.90e-01	5.11e-01	1.84e-01	1.08e-02	1.40e-04	7.02e-06	0.00e+00	0.00e+00	0.00e+00
 8.69418e+22	1.72e-06	4.84e-03	3.14e-01	5.05e-01	1.67e-01	9.15e-03	1.12e-04	5.47e-06	0.00e+00	0.00e+00	0.00e+00
 8.73456e+22	2.06e-06	5.47e-03	3.34e-01	4.99e-01	1.54e-01	7.92e-03	9.23e-05	4.42e-06	0.00e+00	0.00e+00	0.00e+00
 8.77548e+22	2.56e-06	6.32e-03	3.59e-01	4.89e-01	1.39e-01	6.61e-03	7.29e-05	3.39e-06	0.00e+00	0.00e+00	0.00e+00
 8.81688e+22	3.07e-06	7.14e-03	3.81e-01	4.79e-01	1.27e-01	5.65e-03	5.94e-05	2.70e-06	0.00e+00	0.00e+00	0.00e+00
 8.85887e+22	3.81e-06	8.23e-03	4.08e-01	4.66e-01	1.13e-01	4.66e-03	4.64e-05	2.04e-06	0.00e+00	0.00e+00	0.00e+00
 8.90148e+22	4.57e-06	9.27e-03	4.31e-01	4.53e-01	1.02e-01	3.93e-03	3.75e-05	1.61e-06	0.00e+00	0.00e+00	0.00e+00
 8.94487e+22	5.68e-06	1.07e-02	4.60e-01	4.36e-01	8.96e-02	3.18e-03	2.88e-05	1.19e-06	0.00e+00	0.00e+00	0.00e+00
 8.98889e+22	6.83e-06	1.20e-02	4.85e-01	4.21e-01	7.99e-02	2.65e-03	2.29e-05	9.18e-07	0.00e+00	0.00e+00	0.00e+00
 9.02669e+22	8.07e-06	1.34e-02	5.07e-01	4.05e-01	7.17e-02	2.23e-03	1.85e-05	7.21e-07	0.00e+00	0.00e+00	0.00e+00
 9.06877e+22	9.87e-06	1.52e-02	5.35e-01	3.86e-01	6.24e-02	1.80e-03	1.42e-05	5.34e-07	0.00e+00	0.00e+00	0.00e+00
 9.11191e+22	1.19e-05	1.71e-02	5.60e-01	3.67e-01	5.47e-02	1.47e-03	1.11e-05	4.04e-07	0.00e+00	0.00e+00	0.00e+00
 9.14403e+22	1.34e-05	1.84e-02	5.76e-01	3.55e-01	5.01e-02	1.28e-03	9.47e-06	3.36e-07	0.00e+00	0.00e+00	0.00e+00
 9.17340e+22	1.54e-05	2.00e-02	5.94e-01	3.40e-01	4.50e-02	1.09e-03	7.82e-06	2.69e-07	0.00e+00	0.00e+00	0.00e+00
 9.20379e+22	1.76e-05	2.17e-02	6.11e-01	3.26e-01	4.07e-02	9.39e-04	6.53e-06	2.19e-07	0.00e+00	0.00e+00	0.00e+00
 9.23036e+22	1.97e-05	2.32e-02	6.25e-01	3.13e-01	3.72e-02	8.22e-04	5.59e-06	1.83e-07	0.00e+00	0.00e+00	0.00e+00
 9.25010e+22	2.12e-05	2.41e-02	6.34e-01	3.06e-01	3.52e-02	7.59e-04	5.09e-06	1.64e-07	0.00e+00	0.00e+00	0.00e+00
