#depth	O	O+	O+2	O+3	O+4	O+5	O+6	O+7	O+8	O[1]	O[2]	O[3]
 4.62852e+21	0.00e+00	0.00e+00	8.68e-26	1.84e-20	9.53e-16	2.06e-11	1.21e-06	2.33e-03	9.98e-01	0.00e+00	0.00e+00	0.00e+00
 1.05474e+22	0.00e+00	3.02e-31	7.38e-25	1.11e-19	4.05e-15	6.19e-11	2.49e-06	3.33e-03	9.97e-01	0.00e+00	0.00e+00	0.00e+00
 1.27093e+22	0.00e+00	1.60e-30	3.09e-24	3.69e-19	1.07e-14	1.29e-10	4.05e-06	4.23e-03	9.96e-01	0.00e+00	0.00e+00	0.00e+00
 1.42780e+22	0.00e+00	6.09e-30	9.76e-24	9.66e-19	2.33e-14	2.34e-10	5.98e-06	5.13e-03	9.95e-01	0.00e+00	0.00e+00	0.00e+00
 1.51495e+22	0.00e+00	8.57e-30	1.31e-23	1.23e-18	2.83e-14	2.71e-10	6.60e-06	5.39e-03	9.95e-01	0.00e+00	0.00e+00	0.00e+00
 1.54417e+22	0.00e+00	1.07e-29	1.58e-23	1.45e-18	3.23e-14	2.99e-10	7.04e-06	5.56e-03	9.94e-01	0.00e+00	0.00e+00	0.00e+00
 1.57130e+22	0.00e+00	1.42e-29	2.03e-23	1.78e-18	3.82e-14	3.41e-10	7.66e-06	5.80e-03	9.94e-01	0.00e+00	0.00e+00	0.00e+00
 1.59861e+22	0.00e+00	1.80e-29	2.47e-23	2.11e-18	4.37e-14	3.77e-10	8.19e-06	5.99e-03	9.94e-01	0.00e+00	0.00e+00	0.00e+00
 1.62619e+22	0.00e+00	2.41e-29	3.18e-23	2.60e-18	5.18e-14	4.29e-10	8.93e-06	6.25e-03	9.94e-01	0.00e+00	0.00e+00	0.00e+00
 1.65396e+22	0.00e+00	3.09e-29	3.94e-23	3.11e-18	5.97e-14	4.78e-10	9.59e-06	6.48e-03	9.94e-01	0.00e+00	0.00e+00	0.00e+00
 1.67786e+22	0.00e+00	3.86e-29	4.77e-23	3.65e-18	6.80e-14	5.27e-10	1.02e-05	6.69e-03	9.93e-01	0.00e+00	0.00e+00	0.00e+00
 1.70101e+22	0.00e+00	4.83e-29	5.78e-23	4.29e-18	7.74e-14	5.82e-10	1.09e-05	6.91e-03	9.93e-01	0.00e+00	0.00e+00	0.00e+00
 1.72376e+22	0.00e+00	5.97e-29	6.94e-23	4.99e-18	8.76e-14	6.39e-10	1.16e-05	7.12e-03	9.93e-01	0.00e+00	0.00e+00	0.00e+00
 1.74981e+22	0.00e+00	7.75e-29	8.68e-23	6.02e-18	1.02e-13	7.17e-10	1.25e-05	7.40e-03	9.93e-01	0.00e+00	0.00e+00	0.00e+00
 1.77722e+22	0.00e+00	1.01e-28	1.09e-22	7.28e-18	1.19e-13	8.03e-10	1.35e-05	7.68e-03	9.92e-01	0.00e+00	0.00e+00	0.00e+00
 1.80096e+22	0.00e+00	1.25e-28	1.31e-22	8.51e-18	1.35e-13	8.84e-10	1.44e-05	7.93e-03	9.92e-01	0.00e+00	0.00e+00	0.00e+00
 1.82637e+22	0.00e+00	1.64e-28	1.65e-22	1.03e-17	1.57e-13	9.96e-10	1.56e-05	8.24e-03	9.92e-01	0.00e+00	0.00e+00	0.00e+00
 1.85257e+22	0.00e+00	2.08e-28	2.02e-22	1.22e-17	1.80e-13	1.10e-09	1.67e-05	8.53e-03	9.91e-01	0.00e+00	0.00e+00	0.00e+00
 1.87552e+22	0.00e+00	2.59e-28	2.45e-22	1.43e-17	2.05e-13	1.21e-09	1.78e-05	8.80e-03	9.91e-01	0.00e+00	0.00e+00	0.00e+00
 1.90106e+22	0.00e+00	3.39e-28	3.08e-22	1.74e-17	2.39e-13	1.37e-09	1.93e-05	9.15e-03	9.91e-01	0.00e+00	0.00e+00	0.00e+00
 1.92758e+22	0.00e+00	4.30e-28	3.78e-22	2.06e-17	2.74e-13	1.51e-09	2.06e-05	9.47e-03	9.91e-01	0.00e+00	0.00e+00	0.00e+00
 1.95138e+22	2.14e-35	5.43e-28	4.61e-22	2.43e-17	3.13e-13	1.67e-09	2.21e-05	9.79e-03	9.90e-01	0.00e+00	0.00e+00	0.00e+00
 1.97837e+22	3.00e-35	7.30e-28	5.94e-22	3.00e-17	3.71e-13	1.90e-09	2.40e-05	1.02e-02	9.90e-01	0.00e+00	0.00e+00	0.00e+00
 2.00578e+22	3.97e-35	9.31e-28	7.31e-22	3.57e-17	4.27e-13	2.11e-09	2.58e-05	1.06e-02	9.89e-01	0.00e+00	0.00e+00	0.00e+00
 2.02896e+22	5.13e-35	1.17e-27	8.86e-22	4.20e-17	4.85e-13	2.33e-09	2.75e-05	1.09e-02	9.89e-01	0.00e+00	0.00e+00	0.00e+00
 2.05432e+22	6.95e-35	1.52e-27	1.11e-21	5.07e-17	5.65e-13	2.61e-09	2.97e-05	1.14e-02	9.89e-01	0.00e+00	0.00e+00	0.00e+00
 2.08090e+22	9.34e-35	1.97e-27	1.38e-21	6.08e-17	6.53e-13	2.91e-09	3.20e-05	1.18e-02	9.88e-01	0.00e+00	0.00e+00	0.00e+00
 2.10425e+22	1.20e-34	2.45e-27	1.67e-21	7.13e-17	7.41e-13	3.20e-09	3.41e-05	1.22e-02	9.88e-01	0.00e+00	0.00e+00	0.00e+00
 2.12979e+22	1.65e-34	3.24e-27	2.12e-21	8.67e-17	8.67e-13	3.59e-09	3.69e-05	1.27e-02	9.87e-01	0.00e+00	0.00e+00	0.00e+00
 2.15576e+22	2.19e-34	4.13e-27	2.61e-21	1.03e-16	9.95e-13	3.98e-09	3.96e-05	1.31e-02	9.87e-01	0.00e+00	0.00e+00	0.00e+00
 2.17773e+22	2.83e-34	5.16e-27	3.16e-21	1.21e-16	1.13e-12	4.37e-09	4.22e-05	1.35e-02	9.86e-01	0.00e+00	0.00e+00	0.00e+00
 2.20173e+22	3.80e-34	6.68e-27	3.93e-21	1.45e-16	1.30e-12	4.87e-09	4.55e-05	1.41e-02	9.86e-01	0.00e+00	0.00e+00	0.00e+00
 2.22727e+22	5.14e-34	8.67e-27	4.91e-21	1.74e-16	1.51e-12	5.41e-09	4.90e-05	1.46e-02	9.85e-01	0.00e+00	0.00e+00	0.00e+00
 2.24998e+22	6.62e-34	1.08e-26	5.92e-21	2.04e-16	1.71e-12	5.94e-09	5.22e-05	1.51e-02	9.85e-01	0.00e+00	0.00e+00	0.00e+00
 2.27467e+22	9.18e-34	1.44e-26	7.54e-21	2.49e-16	2.00e-12	6.68e-09	5.65e-05	1.57e-02	9.84e-01	0.00e+00	0.00e+00	0.00e+00
 2.30032e+22	1.23e-33	1.86e-26	9.37e-21	2.97e-16	2.30e-12	7.40e-09	6.08e-05	1.63e-02	9.84e-01	0.00e+00	0.00e+00	0.00e+00
 2.32234e+22	1.59e-33	2.31e-26	1.13e-20	3.47e-16	2.60e-12	8.10e-09	6.47e-05	1.68e-02	9.83e-01	0.00e+00	0.00e+00	0.00e+00
 2.34608e+22	2.18e-33	3.04e-26	1.43e-20	4.21e-16	3.03e-12	9.05e-09	6.99e-05	1.75e-02	9.82e-01	0.00e+00	0.00e+00	0.00e+00
 2.37059e+22	2.92e-33	3.92e-26	1.77e-20	5.02e-16	3.48e-12	1.00e-08	7.50e-05	1.81e-02	9.82e-01	0.00e+00	0.00e+00	0.00e+00
 2.39203e+22	3.80e-33	4.92e-26	2.14e-20	5.89e-16	3.95e-12	1.10e-08	8.00e-05	1.87e-02	9.81e-01	0.00e+00	0.00e+00	0.00e+00
 2.41584e+22	5.29e-33	6.55e-26	2.73e-20	7.18e-16	4.61e-12	1.23e-08	8.66e-05	1.95e-02	9.80e-01	0.00e+00	0.00e+00	0.00e+00
 2.44056e+22	7.12e-33	8.47e-26	3.40e-20	8.59e-16	5.31e-12	1.36e-08	9.30e-05	2.02e-02	9.80e-01	0.00e+00	0.00e+00	0.00e+00
 2.46164e+22	9.31e-33	1.07e-25	4.13e-20	1.01e-15	6.02e-12	1.49e-08	9.92e-05	2.09e-02	9.79e-01	0.00e+00	0.00e+00	0.00e+00
 2.48127e+22	1.19e-32	1.32e-25	4.94e-20	1.17e-15	6.76e-12	1.62e-08	1.05e-04	2.15e-02	9.78e-01	0.00e+00	0.00e+00	0.00e+00
 2.50378e+22	1.65e-32	1.75e-25	6.27e-20	1.42e-15	7.87e-12	1.80e-08	1.14e-04	2.24e-02	9.77e-01	0.00e+00	0.00e+00	0.00e+00
 2.52701e+22	2.20e-32	2.25e-25	7.74e-20	1.69e-15	9.00e-12	1.99e-08	1.22e-04	2.32e-02	9.77e-01	0.00e+00	0.00e+00	0.00e+00
 2.54755e+22	2.90e-32	2.85e-25	9.47e-20	1.99e-15	1.02e-11	2.18e-08	1.30e-04	2.40e-02	9.76e-01	0.00e+00	0.00e+00	0.00e+00
 2.57065e+22	4.10e-32	3.84e-25	1.22e-19	2.45e-15	1.20e-11	2.44e-08	1.41e-04	2.50e-02	9.75e-01	0.00e+00	0.00e+00	0.00e+00
 2.59362e+22	5.42e-32	4.89e-25	1.49e-19	2.90e-15	1.37e-11	2.68e-08	1.51e-04	2.59e-02	9.74e-01	0.00e+00	0.00e+00	0.00e+00
 2.61321e+22	7.14e-32	6.21e-25	1.82e-19	3.41e-15	1.55e-11	2.93e-08	1.61e-04	2.67e-02	9.73e-01	0.00e+00	0.00e+00	0.00e+00
 2.63244e+22	9.24e-32	7.75e-25	2.20e-19	3.98e-15	1.75e-11	3.20e-08	1.71e-04	2.76e-02	9.72e-01	0.00e+00	0.00e+00	0.00e+00
 2.65442e+22	1.29e-31	1.04e-24	2.81e-19	4.86e-15	2.05e-11	3.57e-08	1.85e-04	2.87e-02	9.71e-01	0.00e+00	0.00e+00	0.00e+00
 2.67696e+22	1.75e-31	1.34e-24	3.49e-19	5.81e-15	2.35e-11	3.93e-08	1.98e-04	2.98e-02	9.70e-01	0.00e+00	0.00e+00	0.00e+00
 2.69664e+22	2.29e-31	1.70e-24	4.26e-19	6.83e-15	2.66e-11	4.31e-08	2.12e-04	3.07e-02	9.69e-01	0.00e+00	0.00e+00	0.00e+00
 2.71559e+22	3.01e-31	2.14e-24	5.19e-19	8.03e-15	3.02e-11	4.71e-08	2.25e-04	3.17e-02	9.68e-01	0.00e+00	0.00e+00	0.00e+00
 2.73722e+22	4.22e-31	2.88e-24	6.64e-19	9.84e-15	3.53e-11	5.26e-08	2.44e-04	3.31e-02	9.67e-01	0.00e+00	0.00e+00	0.00e+00
 2.75929e+22	5.69e-31	3.72e-24	8.25e-19	1.17e-14	4.05e-11	5.80e-08	2.62e-04	3.42e-02	9.66e-01	0.00e+00	0.00e+00	0.00e+00
 2.77859e+22	7.54e-31	4.74e-24	1.01e-18	1.39e-14	4.62e-11	6.36e-08	2.79e-04	3.54e-02	9.64e-01	0.00e+00	0.00e+00	0.00e+00
 2.79743e+22	9.98e-31	6.04e-24	1.24e-18	1.64e-14	5.25e-11	6.97e-08	2.98e-04	3.66e-02	9.63e-01	0.00e+00	0.00e+00	0.00e+00
 2.81901e+22	1.41e-30	8.12e-24	1.59e-18	2.01e-14	6.16e-11	7.80e-08	3.23e-04	3.80e-02	9.62e-01	0.00e+00	0.00e+00	0.00e+00
 2.84119e+22	1.92e-30	1.06e-23	2.00e-18	2.42e-14	7.11e-11	8.64e-08	3.46e-04	3.94e-02	9.60e-01	0.00e+00	0.00e+00	0.00e+00
 2.86049e+22	2.57e-30	1.36e-23	2.47e-18	2.88e-14	8.13e-11	9.50e-08	3.70e-04	4.08e-02	9.59e-01	0.00e+00	0.00e+00	0.00e+00
 2.88194e+22	3.71e-30	1.87e-23	3.22e-18	3.59e-14	9.63e-11	1.07e-07	4.03e-04	4.25e-02	9.57e-01	0.00e+00	0.00e+00	0.00e+00
 2.90344e+22	4.91e-30	2.39e-23	3.96e-18	4.25e-14	1.10e-10	1.18e-07	4.30e-04	4.39e-02	9.56e-01	0.00e+00	0.00e+00	0.00e+00
 2.92501e+22	7.12e-30	3.29e-23	5.18e-18	5.30e-14	1.30e-10	1.33e-07	4.68e-04	4.58e-02	9.54e-01	0.00e+00	0.00e+00	0.00e+00
 2.94701e+22	9.64e-30	4.28e-23	6.47e-18	6.36e-14	1.50e-10	1.47e-07	5.02e-04	4.75e-02	9.52e-01	0.00e+00	0.00e+00	0.00e+00
 2.96957e+22	1.43e-29	6.00e-23	8.60e-18	8.04e-14	1.80e-10	1.67e-07	5.49e-04	4.96e-02	9.50e-01	0.00e+00	0.00e+00	0.00e+00
 2.99256e+22	2.01e-29	8.05e-23	1.10e-17	9.86e-14	2.11e-10	1.87e-07	5.93e-04	5.15e-02	9.48e-01	0.00e+00	0.00e+00	0.00e+00
 3.01176e+22	2.68e-29	1.03e-22	1.36e-17	1.17e-13	2.41e-10	2.05e-07	6.33e-04	5.32e-02	9.46e-01	0.00e+00	0.00e+00	0.00e+00
 3.02965e+22	3.58e-29	1.33e-22	1.68e-17	1.39e-13	2.76e-10	2.26e-07	6.75e-04	5.50e-02	9.44e-01	0.00e+00	0.00e+00	0.00e+00
 3.05020e+22	5.14e-29	1.81e-22	2.19e-17	1.73e-13	3.26e-10	2.55e-07	7.33e-04	5.72e-02	9.42e-01	0.00e+00	0.00e+00	0.00e+00
 3.07115e+22	7.09e-29	2.39e-22	2.77e-17	2.10e-13	3.79e-10	2.83e-07	7.87e-04	5.93e-02	9.40e-01	0.00e+00	0.00e+00	0.00e+00
 3.08779e+22	9.16e-29	2.99e-22	3.34e-17	2.45e-13	4.27e-10	3.08e-07	8.34e-04	6.09e-02	9.38e-01	0.00e+00	0.00e+00	0.00e+00
 3.10460e+22	1.24e-28	3.88e-22	4.17e-17	2.94e-13	4.92e-10	3.40e-07	8.93e-04	6.30e-02	9.36e-01	0.00e+00	0.00e+00	0.00e+00
 3.12219e+22	1.62e-28	4.89e-22	5.07e-17	3.46e-13	5.58e-10	3.72e-07	9.48e-04	6.49e-02	9.34e-01	0.00e+00	0.00e+00	0.00e+00
 3.13707e+22	2.07e-28	6.04e-22	6.05e-17	4.00e-13	6.25e-10	4.03e-07	1.00e-03	6.66e-02	9.32e-01	0.00e+00	0.00e+00	0.00e+00
 3.15038e+22	2.64e-28	7.44e-22	7.22e-17	4.62e-13	6.99e-10	4.36e-07	1.05e-03	6.83e-02	9.31e-01	0.00e+00	0.00e+00	0.00e+00
 3.16323e+22	3.23e-28	8.87e-22	8.38e-17	5.22e-13	7.68e-10	4.67e-07	1.10e-03	6.98e-02	9.29e-01	0.00e+00	0.00e+00	0.00e+00
 3.17782e+22	4.28e-28	1.13e-21	1.03e-16	6.19e-13	8.76e-10	5.12e-07	1.17e-03	7.19e-02	9.27e-01	0.00e+00	0.00e+00	0.00e+00
 3.19227e+22	5.42e-28	1.39e-21	1.22e-16	7.13e-13	9.78e-10	5.53e-07	1.24e-03	7.38e-02	9.25e-01	0.00e+00	0.00e+00	0.00e+00
 3.20424e+22	6.75e-28	1.68e-21	1.44e-16	8.14e-13	1.08e-09	5.94e-07	1.30e-03	7.55e-02	9.23e-01	0.00e+00	0.00e+00	0.00e+00
 3.21752e+22	8.85e-28	2.12e-21	1.75e-16	9.57e-13	1.23e-09	6.49e-07	1.37e-03	7.76e-02	9.21e-01	0.00e+00	0.00e+00	0.00e+00
 3.23119e+22	1.11e-27	2.57e-21	2.06e-16	1.10e-12	1.36e-09	6.99e-07	1.44e-03	7.95e-02	9.19e-01	0.00e+00	0.00e+00	0.00e+00
 3.24538e+22	1.47e-27	3.29e-21	2.54e-16	1.30e-12	1.56e-09	7.68e-07	1.53e-03	8.18e-02	9.17e-01	0.00e+00	0.00e+00	0.00e+00
 3.25911e+22	1.83e-27	3.98e-21	2.98e-16	1.49e-12	1.73e-09	8.25e-07	1.61e-03	8.37e-02	9.15e-01	0.00e+00	0.00e+00	0.00e+00
 3.27031e+22	2.28e-27	4.81e-21	3.50e-16	1.70e-12	1.91e-09	8.86e-07	1.69e-03	8.56e-02	9.13e-01	0.00e+00	0.00e+00	0.00e+00
 3.28293e+22	2.99e-27	6.07e-21	4.27e-16	2.00e-12	2.17e-09	9.69e-07	1.79e-03	8.80e-02	9.10e-01	0.00e+00	0.00e+00	0.00e+00
 3.29574e+22	3.73e-27	7.34e-21	5.01e-16	2.28e-12	2.40e-09	1.04e-06	1.87e-03	9.00e-02	9.08e-01	0.00e+00	0.00e+00	0.00e+00
 3.30877e+22	5.05e-27	9.55e-21	6.26e-16	2.73e-12	2.77e-09	1.15e-06	2.00e-03	9.27e-02	9.05e-01	0.00e+00	0.00e+00	0.00e+00
 3.32153e+22	6.27e-27	1.15e-20	7.34e-16	3.12e-12	3.06e-09	1.23e-06	2.09e-03	9.48e-02	9.03e-01	0.00e+00	0.00e+00	0.00e+00
 3.33395e+22	8.39e-27	1.48e-20	9.07e-16	3.71e-12	3.50e-09	1.36e-06	2.22e-03	9.75e-02	9.00e-01	0.00e+00	0.00e+00	0.00e+00
 3.34588e+22	1.03e-26	1.77e-20	1.06e-15	4.21e-12	3.86e-09	1.45e-06	2.32e-03	9.96e-02	8.98e-01	0.00e+00	0.00e+00	0.00e+00
 3.35716e+22	1.35e-26	2.23e-20	1.28e-15	4.94e-12	4.36e-09	1.58e-06	2.45e-03	1.02e-01	8.95e-01	0.00e+00	0.00e+00	0.00e+00
 3.36865e+22	1.69e-26	2.71e-20	1.51e-15	5.65e-12	4.84e-09	1.70e-06	2.57e-03	1.04e-01	8.93e-01	0.00e+00	0.00e+00	0.00e+00
 3.37879e+22	2.11e-26	3.28e-20	1.78e-15	6.47e-12	5.37e-09	1.83e-06	2.69e-03	1.07e-01	8.91e-01	0.00e+00	0.00e+00	0.00e+00
 3.39036e+22	2.80e-26	4.20e-20	2.19e-15	7.68e-12	6.13e-09	2.00e-06	2.86e-03	1.10e-01	8.87e-01	0.00e+00	0.00e+00	0.00e+00
 3.40204e+22	3.55e-26	5.16e-20	2.61e-15	8.86e-12	6.84e-09	2.16e-06	3.00e-03	1.12e-01	8.85e-01	0.00e+00	0.00e+00	0.00e+00
 3.41231e+22	4.49e-26	6.32e-20	3.10e-15	1.02e-11	7.63e-09	2.33e-06	3.15e-03	1.15e-01	8.82e-01	0.00e+00	0.00e+00	0.00e+00
 3.42408e+22	6.18e-26	8.32e-20	3.91e-15	1.24e-11	8.84e-09	2.59e-06	3.36e-03	1.18e-01	8.78e-01	0.00e+00	0.00e+00	0.00e+00
 3.43564e+22	7.73e-26	1.01e-19	4.61e-15	1.42e-11	9.81e-09	2.78e-06	3.51e-03	1.21e-01	8.76e-01	0.00e+00	0.00e+00	0.00e+00
 3.44692e+22	1.06e-25	1.33e-19	5.82e-15	1.71e-11	1.14e-08	3.08e-06	3.75e-03	1.24e-01	8.72e-01	0.00e+00	0.00e+00	0.00e+00
 3.45820e+22	1.33e-25	1.62e-19	6.88e-15	1.97e-11	1.26e-08	3.31e-06	3.92e-03	1.27e-01	8.69e-01	0.00e+00	0.00e+00	0.00e+00
 3.46947e+22	1.86e-25	2.15e-19	8.76e-15	2.40e-11	1.47e-08	3.68e-06	4.19e-03	1.31e-01	8.65e-01	0.00e+00	0.00e+00	0.00e+00
 3.48074e+22	2.35e-25	2.64e-19	1.04e-14	2.77e-11	1.64e-08	3.97e-06	4.40e-03	1.34e-01	8.62e-01	0.00e+00	0.00e+00	0.00e+00
 3.49202e+22	3.31e-25	3.55e-19	1.34e-14	3.40e-11	1.92e-08	4.43e-06	4.71e-03	1.38e-01	8.57e-01	0.00e+00	0.00e+00	0.00e+00
 3.50312e+22	4.18e-25	4.34e-19	1.59e-14	3.92e-11	2.14e-08	4.77e-06	4.94e-03	1.41e-01	8.54e-01	0.00e+00	0.00e+00	0.00e+00
 3.51397e+22	5.78e-25	5.74e-19	2.01e-14	4.76e-11	2.49e-08	5.29e-06	5.27e-03	1.45e-01	8.49e-01	0.00e+00	0.00e+00	0.00e+00
 3.52474e+22	7.38e-25	7.09e-19	2.41e-14	5.52e-11	2.79e-08	5.73e-06	5.53e-03	1.49e-01	8.46e-01	0.00e+00	0.00e+00	0.00e+00
 3.53542e+22	1.02e-24	9.40e-19	3.06e-14	6.72e-11	3.24e-08	6.35e-06	5.90e-03	1.53e-01	8.41e-01	0.00e+00	0.00e+00	0.00e+00
 3.54625e+22	1.32e-24	1.18e-18	3.70e-14	7.86e-11	3.66e-08	6.90e-06	6.22e-03	1.57e-01	8.37e-01	0.00e+00	0.00e+00	0.00e+00
 3.55729e+22	1.87e-24	1.58e-18	4.75e-14	9.67e-11	4.29e-08	7.70e-06	6.66e-03	1.61e-01	8.32e-01	0.00e+00	0.00e+00	0.00e+00
 3.56852e+22	2.45e-24	2.00e-18	5.80e-14	1.14e-10	4.86e-08	8.40e-06	7.03e-03	1.65e-01	8.28e-01	0.00e+00	0.00e+00	0.00e+00
 3.57998e+22	3.51e-24	2.73e-18	7.55e-14	1.42e-10	5.75e-08	9.43e-06	7.55e-03	1.71e-01	8.22e-01	0.00e+00	0.00e+00	0.00e+00
 3.59147e+22	4.62e-24	3.46e-18	9.23e-14	1.67e-10	6.53e-08	1.03e-05	7.98e-03	1.75e-01	8.17e-01	0.00e+00	0.00e+00	0.00e+00
 3.60140e+22	6.06e-24	4.37e-18	1.13e-13	1.97e-10	7.42e-08	1.12e-05	8.42e-03	1.79e-01	8.12e-01	0.00e+00	0.00e+00	0.00e+00
 3.61270e+22	8.63e-24	5.94e-18	1.46e-13	2.45e-10	8.75e-08	1.26e-05	9.04e-03	1.85e-01	8.06e-01	0.00e+00	0.00e+00	0.00e+00
 3.62398e+22	1.12e-23	7.46e-18	1.77e-13	2.87e-10	9.91e-08	1.37e-05	9.54e-03	1.89e-01	8.01e-01	0.00e+00	0.00e+00	0.00e+00
 3.63526e+22	1.60e-23	1.01e-17	2.30e-13	3.56e-10	1.17e-07	1.54e-05	1.02e-02	1.95e-01	7.95e-01	0.00e+00	0.00e+00	0.00e+00
 3.64648e+22	2.05e-23	1.26e-17	2.76e-13	4.15e-10	1.32e-07	1.67e-05	1.08e-02	1.99e-01	7.90e-01	0.00e+00	0.00e+00	0.00e+00
 3.65764e+22	2.89e-23	1.69e-17	3.55e-13	5.11e-10	1.55e-07	1.87e-05	1.15e-02	2.06e-01	7.83e-01	0.00e+00	0.00e+00	0.00e+00
 3.66901e+22	3.74e-23	2.10e-17	4.29e-13	5.97e-10	1.75e-07	2.03e-05	1.22e-02	2.10e-01	7.78e-01	0.00e+00	0.00e+00	0.00e+00
 3.68066e+22	5.26e-23	2.83e-17	5.52e-13	7.37e-10	2.05e-07	2.28e-05	1.30e-02	2.17e-01	7.70e-01	0.00e+00	0.00e+00	0.00e+00
 3.69259e+22	6.84e-23	3.55e-17	6.69e-13	8.65e-10	2.33e-07	2.48e-05	1.38e-02	2.22e-01	7.65e-01	0.00e+00	0.00e+00	0.00e+00
 3.70488e+22	9.64e-23	4.77e-17	8.62e-13	1.07e-09	2.74e-07	2.78e-05	1.48e-02	2.28e-01	7.57e-01	0.00e+00	0.00e+00	0.00e+00
 3.71752e+22	1.26e-22	6.04e-17	1.05e-12	1.26e-09	3.13e-07	3.05e-05	1.56e-02	2.34e-01	7.51e-01	0.00e+00	0.00e+00	0.00e+00
 3.72869e+22	1.64e-22	7.55e-17	1.27e-12	1.48e-09	3.54e-07	3.33e-05	1.65e-02	2.39e-01	7.44e-01	0.00e+00	0.00e+00	0.00e+00
 3.74129e+22	2.28e-22	1.00e-16	1.63e-12	1.81e-09	4.15e-07	3.72e-05	1.77e-02	2.46e-01	7.36e-01	0.00e+00	0.00e+00	0.00e+00
 3.75405e+22	2.93e-22	1.25e-16	1.96e-12	2.12e-09	4.69e-07	4.05e-05	1.86e-02	2.51e-01	7.30e-01	0.00e+00	0.00e+00	0.00e+00
 3.76703e+22	4.06e-22	1.66e-16	2.49e-12	2.59e-09	5.50e-07	4.53e-05	1.99e-02	2.58e-01	7.22e-01	0.00e+00	0.00e+00	0.00e+00
 3.78039e+22	5.26e-22	2.07e-16	3.02e-12	3.05e-09	6.24e-07	4.95e-05	2.11e-02	2.64e-01	7.15e-01	0.00e+00	0.00e+00	0.00e+00
 3.79237e+22	6.77e-22	2.58e-16	3.64e-12	3.56e-09	7.06e-07	5.39e-05	2.22e-02	2.70e-01	7.08e-01	0.00e+00	0.00e+00	0.00e+00
 3.80611e+22	9.36e-22	3.41e-16	4.63e-12	4.36e-09	8.27e-07	6.03e-05	2.38e-02	2.77e-01	6.99e-01	0.00e+00	0.00e+00	0.00e+00
 3.81992e+22	1.20e-21	4.22e-16	5.55e-12	5.08e-09	9.33e-07	6.56e-05	2.50e-02	2.83e-01	6.92e-01	0.00e+00	0.00e+00	0.00e+00
 3.83384e+22	1.64e-21	5.56e-16	7.03e-12	6.20e-09	1.09e-06	7.33e-05	2.68e-02	2.91e-01	6.82e-01	0.00e+00	0.00e+00	0.00e+00
 3.84798e+22	2.09e-21	6.84e-16	8.40e-12	7.20e-09	1.23e-06	7.97e-05	2.82e-02	2.97e-01	6.75e-01	0.00e+00	0.00e+00	0.00e+00
 3.86020e+22	2.63e-21	8.34e-16	9.96e-12	8.31e-09	1.38e-06	8.64e-05	2.96e-02	3.02e-01	6.68e-01	0.00e+00	0.00e+00	0.00e+00
 3.87391e+22	3.52e-21	1.07e-15	1.24e-11	9.98e-09	1.59e-06	9.57e-05	3.15e-02	3.10e-01	6.59e-01	0.00e+00	0.00e+00	0.00e+00
 3.88760e+22	4.38e-21	1.30e-15	1.46e-11	1.15e-08	1.78e-06	1.03e-04	3.30e-02	3.15e-01	6.52e-01	0.00e+00	0.00e+00	0.00e+00
 3.90128e+22	5.81e-21	1.66e-15	1.80e-11	1.37e-08	2.05e-06	1.14e-04	3.51e-02	3.22e-01	6.42e-01	0.00e+00	0.00e+00	0.00e+00
 3.91520e+22	7.26e-21	2.01e-15	2.12e-11	1.57e-08	2.29e-06	1.24e-04	3.68e-02	3.28e-01	6.35e-01	0.00e+00	0.00e+00	0.00e+00
 3.92944e+22	9.71e-21	2.59e-15	2.64e-11	1.89e-08	2.65e-06	1.37e-04	3.92e-02	3.36e-01	6.25e-01	0.00e+00	0.00e+00	0.00e+00
 3.94378e+22	1.20e-20	3.11e-15	3.09e-11	2.16e-08	2.95e-06	1.48e-04	4.10e-02	3.41e-01	6.18e-01	0.00e+00	0.00e+00	0.00e+00
 3.95825e+22	1.60e-20	3.99e-15	3.83e-11	2.59e-08	3.40e-06	1.64e-04	4.36e-02	3.49e-01	6.07e-01	0.00e+00	0.00e+00	0.00e+00
 3.97239e+22	1.94e-20	4.72e-15	4.42e-11	2.92e-08	3.75e-06	1.75e-04	4.54e-02	3.54e-01	6.00e-01	0.00e+00	0.00e+00	0.00e+00
 3.98610e+22	2.52e-20	5.92e-15	5.38e-11	3.45e-08	4.29e-06	1.93e-04	4.80e-02	3.61e-01	5.91e-01	0.00e+00	0.00e+00	0.00e+00
 4.00007e+22	3.07e-20	7.03e-15	6.24e-11	3.91e-08	4.74e-06	2.07e-04	5.01e-02	3.66e-01	5.83e-01	0.00e+00	0.00e+00	0.00e+00
 4.01439e+22	3.99e-20	8.84e-15	7.60e-11	4.62e-08	5.42e-06	2.27e-04	5.30e-02	3.74e-01	5.73e-01	0.00e+00	0.00e+00	0.00e+00
 4.02897e+22	4.88e-20	1.05e-14	8.84e-11	5.25e-08	6.00e-06	2.44e-04	5.53e-02	3.79e-01	5.65e-01	0.00e+00	0.00e+00	0.00e+00
 4.04390e+22	6.37e-20	1.33e-14	1.08e-10	6.21e-08	6.87e-06	2.69e-04	5.85e-02	3.86e-01	5.55e-01	0.00e+00	0.00e+00	0.00e+00
 4.05910e+22	7.80e-20	1.58e-14	1.26e-10	7.06e-08	7.61e-06	2.89e-04	6.11e-02	3.92e-01	5.47e-01	0.00e+00	0.00e+00	0.00e+00
 4.07465e+22	1.02e-19	1.99e-14	1.53e-10	8.37e-08	8.73e-06	3.19e-04	6.47e-02	3.99e-01	5.36e-01	0.00e+00	0.00e+00	0.00e+00
 4.09052e+22	1.25e-19	2.39e-14	1.79e-10	9.54e-08	9.69e-06	3.43e-04	6.76e-02	4.04e-01	5.28e-01	0.00e+00	0.00e+00	0.00e+00
 4.10682e+22	1.64e-19	3.01e-14	2.19e-10	1.13e-07	1.11e-05	3.78e-04	7.15e-02	4.11e-01	5.17e-01	0.00e+00	0.00e+00	0.00e+00
 4.12358e+22	2.03e-19	3.63e-14	2.57e-10	1.30e-07	1.24e-05	4.09e-04	7.48e-02	4.17e-01	5.08e-01	0.00e+00	0.00e+00	0.00e+00
 4.14095e+22	2.67e-19	4.61e-14	3.16e-10	1.54e-07	1.42e-05	4.51e-04	7.92e-02	4.24e-01	4.96e-01	0.00e+00	0.00e+00	0.00e+00
 4.15782e+22	3.24e-19	5.45e-14	3.65e-10	1.74e-07	1.57e-05	4.83e-04	8.24e-02	4.29e-01	4.88e-01	0.00e+00	0.00e+00	0.00e+00
 4.17405e+22	4.19e-19	6.82e-14	4.43e-10	2.05e-07	1.79e-05	5.30e-04	8.69e-02	4.35e-01	4.77e-01	0.00e+00	0.00e+00	0.00e+00
 4.19061e+22	5.10e-19	8.09e-14	5.13e-10	2.32e-07	1.98e-05	5.69e-04	9.05e-02	4.40e-01	4.69e-01	0.00e+00	0.00e+00	0.00e+00
 4.20759e+22	6.51e-19	1.00e-13	6.16e-10	2.71e-07	2.24e-05	6.21e-04	9.51e-02	4.46e-01	4.58e-01	0.00e+00	0.00e+00	0.00e+00
 4.22553e+22	8.17e-19	1.22e-13	7.30e-10	3.13e-07	2.51e-05	6.73e-04	9.96e-02	4.51e-01	4.48e-01	0.00e+00	0.00e+00	0.00e+00
 4.24201e+22	1.01e-18	1.46e-13	8.55e-10	3.57e-07	2.79e-05	7.25e-04	1.04e-01	4.56e-01	4.39e-01	0.00e+00	0.00e+00	0.00e+00
 4.26072e+22	1.31e-18	1.83e-13	1.04e-09	4.21e-07	3.18e-05	7.95e-04	1.09e-01	4.62e-01	4.28e-01	0.00e+00	0.00e+00	0.00e+00
 4.28055e+22	1.67e-18	2.26e-13	1.25e-09	4.91e-07	3.60e-05	8.67e-04	1.15e-01	4.67e-01	4.17e-01	0.00e+00	0.00e+00	0.00e+00
 4.29894e+22	2.09e-18	2.76e-13	1.48e-09	5.66e-07	4.03e-05	9.39e-04	1.20e-01	4.72e-01	4.07e-01	0.00e+00	0.00e+00	0.00e+00
 4.31682e+22	2.59e-18	3.32e-13	1.73e-09	6.47e-07	4.49e-05	1.01e-03	1.25e-01	4.76e-01	3.98e-01	0.00e+00	0.00e+00	0.00e+00
 4.33692e+22	3.40e-18	4.20e-13	2.12e-09	7.68e-07	5.14e-05	1.11e-03	1.32e-01	4.81e-01	3.86e-01	0.00e+00	0.00e+00	0.00e+00
 4.35729e+22	4.27e-18	5.13e-13	2.52e-09	8.87e-07	5.77e-05	1.21e-03	1.38e-01	4.85e-01	3.75e-01	0.00e+00	0.00e+00	0.00e+00
 4.37498e+22	5.27e-18	6.15e-13	2.95e-09	1.01e-06	6.41e-05	1.30e-03	1.43e-01	4.89e-01	3.66e-01	0.00e+00	0.00e+00	0.00e+00
 4.39496e+22	6.85e-18	7.72e-13	3.58e-09	1.19e-06	7.31e-05	1.42e-03	1.51e-01	4.93e-01	3.55e-01	0.00e+00	0.00e+00	0.00e+00
 4.41567e+22	8.63e-18	9.45e-13	4.26e-09	1.38e-06	8.21e-05	1.54e-03	1.57e-01	4.97e-01	3.44e-01	0.00e+00	0.00e+00	0.00e+00
 4.43423e+22	1.07e-17	1.14e-12	5.00e-09	1.58e-06	9.13e-05	1.66e-03	1.64e-01	5.00e-01	3.35e-01	0.00e+00	0.00e+00	0.00e+00
 4.45525e+22	1.41e-17	1.45e-12	6.16e-09	1.88e-06	1.05e-04	1.83e-03	1.73e-01	5.03e-01	3.23e-01	0.00e+00	0.00e+00	0.00e+00
 4.47675e+22	1.78e-17	1.77e-12	7.33e-09	2.18e-06	1.18e-04	1.99e-03	1.80e-01	5.06e-01	3.12e-01	0.00e+00	0.00e+00	0.00e+00
 4.49594e+22	2.21e-17	2.14e-12	8.63e-09	2.50e-06	1.32e-04	2.14e-03	1.87e-01	5.08e-01	3.03e-01	0.00e+00	0.00e+00	0.00e+00
 4.51798e+22	2.97e-17	2.76e-12	1.07e-08	3.01e-06	1.53e-04	2.38e-03	1.98e-01	5.10e-01	2.90e-01	2.97e-17	7.55e-27	7.94e-27
 4.54017e+22	3.70e-17	3.34e-12	1.27e-08	3.46e-06	1.71e-04	2.56e-03	2.06e-01	5.11e-01	2.80e-01	3.70e-17	2.07e-24	2.61e-24
 4.56259e+22	4.96e-17	4.32e-12	1.58e-08	4.17e-06	1.99e-04	2.85e-03	2.17e-01	5.13e-01	2.67e-01	4.96e-17	2.78e-24	3.50e-24
 4.58526e+22	6.22e-17	5.25e-12	1.87e-08	4.81e-06	2.23e-04	3.08e-03	2.26e-01	5.13e-01	2.58e-01	6.22e-17	3.48e-24	4.39e-24
 4.60828e+22	8.35e-17	6.79e-12	2.34e-08	5.82e-06	2.60e-04	3.43e-03	2.38e-01	5.14e-01	2.45e-01	8.35e-17	4.68e-24	5.90e-24
 4.63048e+22	1.02e-16	8.11e-12	2.73e-08	6.63e-06	2.89e-04	3.68e-03	2.46e-01	5.13e-01	2.36e-01	1.02e-16	5.74e-24	7.23e-24
 4.65161e+22	1.34e-16	1.02e-11	3.35e-08	7.90e-06	3.33e-04	4.06e-03	2.58e-01	5.13e-01	2.25e-01	1.34e-16	7.50e-24	9.45e-24
 4.67257e+22	1.63e-16	1.21e-11	3.88e-08	8.95e-06	3.68e-04	4.35e-03	2.67e-01	5.12e-01	2.17e-01	1.63e-16	9.11e-24	1.15e-23
 4.69328e+22	2.10e-16	1.52e-11	4.73e-08	1.06e-05	4.23e-04	4.79e-03	2.80e-01	5.10e-01	2.06e-01	2.10e-16	1.18e-23	1.49e-23
 4.71430e+22	2.56e-16	1.80e-11	5.50e-08	1.21e-05	4.69e-04	5.15e-03	2.89e-01	5.08e-01	1.97e-01	2.56e-16	1.44e-23	1.81e-23
 4.73570e+22	3.32e-16	2.26e-11	6.72e-08	1.44e-05	5.41e-04	5.68e-03	3.03e-01	5.05e-01	1.86e-01	3.32e-16	1.86e-23	2.34e-23
 4.75747e+22	4.06e-16	2.70e-11	7.84e-08	1.64e-05	6.04e-04	6.12e-03	3.13e-01	5.02e-01	1.78e-01	4.06e-16	2.27e-23	2.87e-23
 4.77973e+22	5.25e-16	3.38e-11	9.58e-08	1.95e-05	6.97e-04	6.76e-03	3.27e-01	4.98e-01	1.68e-01	5.25e-16	2.94e-23	3.71e-23
 4.80255e+22	6.45e-16	4.05e-11	1.13e-07	2.25e-05	7.83e-04	7.33e-03	3.39e-01	4.94e-01	1.59e-01	6.45e-16	3.61e-23	4.56e-23
 4.82613e+22	8.38e-16	5.09e-11	1.38e-07	2.69e-05	9.10e-04	8.14e-03	3.55e-01	4.87e-01	1.48e-01	8.38e-16	4.69e-23	5.92e-23
 4.85009e+22	1.03e-15	6.10e-11	1.63e-07	3.10e-05	1.03e-03	8.84e-03	3.68e-01	4.82e-01	1.40e-01	1.03e-15	5.75e-23	7.25e-23
 4.87413e+22	1.32e-15	7.60e-11	1.99e-07	3.71e-05	1.19e-03	9.81e-03	3.84e-01	4.75e-01	1.30e-01	1.32e-15	7.38e-23	9.30e-23
 4.89837e+22	1.60e-15	9.03e-11	2.32e-07	4.27e-05	1.34e-03	1.07e-02	3.97e-01	4.68e-01	1.23e-01	1.60e-15	8.97e-23	1.13e-22
 4.92214e+22	2.00e-15	1.10e-10	2.79e-07	5.04e-05	1.54e-03	1.18e-02	4.13e-01	4.60e-01	1.14e-01	2.00e-15	1.12e-22	1.41e-22
 4.94616e+22	2.41e-15	1.30e-10	3.26e-07	5.79e-05	1.74e-03	1.28e-02	4.27e-01	4.52e-01	1.06e-01	2.41e-15	1.35e-22	1.70e-22
 4.96706e+22	2.82e-15	1.50e-10	3.72e-07	6.54e-05	1.92e-03	1.38e-02	4.39e-01	4.45e-01	1.00e-01	2.82e-15	1.58e-22	2.00e-22
 4.98927e+22	3.42e-15	1.78e-10	4.38e-07	7.59e-05	2.19e-03	1.51e-02	4.54e-01	4.35e-01	9.29e-02	3.42e-15	1.92e-22	2.42e-22
 5.01168e+22	3.98e-15	2.04e-10	4.98e-07	8.55e-05	2.42e-03	1.62e-02	4.66e-01	4.27e-01	8.73e-02	3.98e-15	2.23e-22	2.81e-22
 5.03162e+22	4.59e-15	2.33e-10	5.64e-07	9.60e-05	2.67e-03	1.74e-02	4.78e-01	4.19e-01	8.20e-02	4.59e-15	2.57e-22	3.24e-22
 5.05382e+22	5.43e-15	2.72e-10	6.55e-07	1.10e-04	3.02e-03	1.90e-02	4.93e-01	4.09e-01	7.57e-02	5.43e-15	3.04e-22	3.84e-22
 5.07579e+22	6.18e-15	3.06e-10	7.35e-07	1.23e-04	3.31e-03	2.03e-02	5.04e-01	4.01e-01	7.12e-02	6.18e-15	3.47e-22	4.37e-22
 5.09806e+22	7.24e-15	3.55e-10	8.49e-07	1.41e-04	3.73e-03	2.21e-02	5.19e-01	3.90e-01	6.55e-02	7.24e-15	4.07e-22	5.12e-22
 5.12033e+22	8.18e-15	3.97e-10	9.48e-07	1.56e-04	4.07e-03	2.35e-02	5.29e-01	3.81e-01	6.15e-02	8.18e-15	4.59e-22	5.78e-22
 5.14259e+22	9.48e-15	4.56e-10	1.09e-06	1.79e-04	4.55e-03	2.56e-02	5.43e-01	3.70e-01	5.65e-02	9.48e-15	5.32e-22	6.70e-22
 5.16497e+22	1.06e-14	5.07e-10	1.21e-06	1.97e-04	4.96e-03	2.72e-02	5.53e-01	3.62e-01	5.29e-02	1.06e-14	5.96e-22	7.50e-22
 5.18751e+22	1.22e-14	5.78e-10	1.38e-06	2.25e-04	5.53e-03	2.95e-02	5.66e-01	3.50e-01	4.85e-02	1.22e-14	6.84e-22	8.61e-22
 5.21022e+22	1.36e-14	6.41e-10	1.53e-06	2.48e-04	6.01e-03	3.13e-02	5.76e-01	3.41e-01	4.53e-02	1.36e-14	7.62e-22	9.59e-22
 5.23314e+22	1.55e-14	7.28e-10	1.74e-06	2.81e-04	6.68e-03	3.38e-02	5.88e-01	3.30e-01	4.14e-02	1.55e-14	8.69e-22	1.09e-21
 5.25637e+22	1.72e-14	8.04e-10	1.93e-06	3.10e-04	7.25e-03	3.59e-02	5.97e-01	3.21e-01	3.86e-02	1.72e-14	9.64e-22	1.21e-21
 5.27999e+22	1.94e-14	9.10e-10	2.19e-06	3.52e-04	8.05e-03	3.88e-02	6.09e-01	3.09e-01	3.52e-02	1.94e-14	1.09e-21	1.38e-21
 5.30397e+22	2.16e-14	1.01e-09	2.43e-06	3.88e-04	8.72e-03	4.11e-02	6.17e-01	3.00e-01	3.27e-02	2.16e-14	1.21e-21	1.53e-21
 5.32844e+22	2.43e-14	1.14e-09	2.76e-06	4.40e-04	9.67e-03	4.44e-02	6.28e-01	2.88e-01	2.96e-02	2.43e-14	1.37e-21	1.72e-21
 5.35344e+22	2.71e-14	1.26e-09	3.07e-06	4.87e-04	1.05e-02	4.71e-02	6.36e-01	2.78e-01	2.74e-02	2.71e-14	1.52e-21	1.92e-21
 5.37911e+22	3.06e-14	1.43e-09	3.49e-06	5.54e-04	1.16e-02	5.09e-02	6.46e-01	2.66e-01	2.47e-02	3.06e-14	1.72e-21	2.16e-21
 5.40500e+22	3.39e-14	1.58e-09	3.88e-06	6.13e-04	1.26e-02	5.38e-02	6.53e-01	2.57e-01	2.28e-02	3.39e-14	1.91e-21	2.40e-21
 5.42700e+22	3.71e-14	1.73e-09	4.27e-06	6.72e-04	1.35e-02	5.68e-02	6.59e-01	2.49e-01	2.11e-02	3.71e-14	2.09e-21	2.63e-21
 5.45146e+22	4.16e-14	1.95e-09	4.83e-06	7.57e-04	1.48e-02	6.08e-02	6.67e-01	2.38e-01	1.91e-02	4.16e-14	2.34e-21	2.95e-21
 5.47487e+22	4.53e-14	2.12e-09	5.27e-06	8.22e-04	1.58e-02	6.36e-02	6.71e-01	2.31e-01	1.79e-02	4.53e-14	2.55e-21	3.21e-21
 5.49694e+22	5.01e-14	2.35e-09	5.88e-06	9.13e-04	1.71e-02	6.74e-02	6.77e-01	2.21e-01	1.63e-02	5.01e-14	2.82e-21	3.55e-21
 5.51932e+22	5.45e-14	2.57e-09	6.42e-06	9.92e-04	1.82e-02	7.06e-02	6.81e-01	2.14e-01	1.52e-02	5.45e-14	3.07e-21	3.86e-21
 5.54209e+22	6.01e-14	2.85e-09	7.17e-06	1.10e-03	1.97e-02	7.48e-02	6.86e-01	2.05e-01	1.38e-02	6.01e-14	3.39e-21	4.26e-21
 5.56501e+22	6.57e-14	3.12e-09	7.86e-06	1.20e-03	2.09e-02	7.82e-02	6.89e-01	1.98e-01	1.29e-02	6.57e-14	3.71e-21	4.66e-21
 5.58811e+22	7.26e-14	3.47e-09	8.79e-06	1.34e-03	2.26e-02	8.28e-02	6.92e-01	1.89e-01	1.17e-02	7.26e-14	4.10e-21	5.15e-21
 5.61150e+22	7.97e-14	3.81e-09	9.65e-06	1.46e-03	2.40e-02	8.64e-02	6.95e-01	1.83e-01	1.08e-02	7.97e-14	4.50e-21	5.66e-21
 5.63528e+22	8.83e-14	4.25e-09	1.08e-05	1.62e-03	2.60e-02	9.15e-02	6.97e-01	1.74e-01	9.80e-03	8.83e-14	4.99e-21	6.27e-21
 5.65941e+22	9.73e-14	4.69e-09	1.19e-05	1.77e-03	2.76e-02	9.55e-02	6.99e-01	1.67e-01	9.07e-03	9.73e-14	5.50e-21	6.91e-21
 5.68403e+22	1.08e-13	5.27e-09	1.35e-05	1.98e-03	2.98e-02	1.01e-01	7.00e-01	1.59e-01	8.16e-03	1.08e-13	6.13e-21	7.70e-21
 5.70909e+22	1.20e-13	5.85e-09	1.49e-05	2.16e-03	3.17e-02	1.05e-01	7.01e-01	1.53e-01	7.52e-03	1.20e-13	6.79e-21	8.54e-21
 5.73472e+22	1.35e-13	6.61e-09	1.69e-05	2.43e-03	3.43e-02	1.12e-01	7.01e-01	1.44e-01	6.74e-03	1.35e-13	7.61e-21	9.57e-21
 5.76090e+22	1.50e-13	7.38e-09	1.88e-05	2.66e-03	3.65e-02	1.16e-01	7.00e-01	1.38e-01	6.18e-03	1.50e-13	8.48e-21	1.07e-20
 5.78779e+22	1.70e-13	8.43e-09	2.15e-05	3.00e-03	3.96e-02	1.23e-01	6.99e-01	1.30e-01	5.50e-03	1.70e-13	9.61e-21	1.21e-20
 5.81490e+22	1.90e-13	9.47e-09	2.40e-05	3.29e-03	4.21e-02	1.28e-01	6.97e-01	1.24e-01	5.03e-03	1.90e-13	1.08e-20	1.36e-20
 5.84229e+22	2.16e-13	1.09e-08	2.75e-05	3.71e-03	4.55e-02	1.36e-01	6.94e-01	1.17e-01	4.46e-03	2.16e-13	1.23e-20	1.54e-20
 5.86993e+22	2.43e-13	1.23e-08	3.08e-05	4.08e-03	4.84e-02	1.41e-01	6.91e-01	1.11e-01	4.07e-03	2.43e-13	1.38e-20	1.74e-20
 5.89378e+22	2.70e-13	1.37e-08	3.43e-05	4.46e-03	5.12e-02	1.47e-01	6.88e-01	1.06e-01	3.72e-03	2.70e-13	1.54e-20	1.93e-20
 5.92069e+22	3.10e-13	1.58e-08	3.93e-05	5.01e-03	5.51e-02	1.54e-01	6.83e-01	9.96e-02	3.30e-03	3.10e-13	1.76e-20	2.21e-20
 5.94788e+22	3.51e-13	1.79e-08	4.40e-05	5.49e-03	5.84e-02	1.60e-01	6.78e-01	9.48e-02	3.01e-03	3.51e-13	2.00e-20	2.51e-20
 5.97058e+22	3.89e-13	1.99e-08	4.86e-05	5.95e-03	6.14e-02	1.65e-01	6.74e-01	9.06e-02	2.77e-03	3.89e-13	2.22e-20	2.78e-20
 5.99525e+22	4.41e-13	2.28e-08	5.52e-05	6.60e-03	6.55e-02	1.72e-01	6.68e-01	8.53e-02	2.47e-03	4.41e-13	2.52e-20	3.16e-20
 6.01972e+22	4.93e-13	2.55e-08	6.10e-05	7.14e-03	6.88e-02	1.78e-01	6.63e-01	8.15e-02	2.28e-03	4.93e-13	2.81e-20	3.53e-20
 6.04391e+22	5.65e-13	2.93e-08	6.91e-05	7.89e-03	7.31e-02	1.84e-01	6.56e-01	7.69e-02	2.05e-03	5.65e-13	3.23e-20	4.05e-20
 6.06910e+22	6.32e-13	3.30e-08	7.71e-05	8.60e-03	7.70e-02	1.91e-01	6.49e-01	7.28e-02	1.86e-03	6.32e-13	3.61e-20	4.53e-20
 6.09154e+22	7.12e-13	3.71e-08	8.55e-05	9.33e-03	8.09e-02	1.96e-01	6.43e-01	6.94e-02	1.70e-03	7.12e-13	4.07e-20	5.11e-20
 6.11664e+22	8.27e-13	4.31e-08	9.75e-05	1.03e-02	8.59e-02	2.03e-01	6.34e-01	6.52e-02	1.53e-03	8.27e-13	4.74e-20	5.95e-20
 6.14314e+22	9.45e-13	4.93e-08	1.10e-04	1.13e-02	9.06e-02	2.10e-01	6.25e-01	6.15e-02	1.38e-03	9.45e-13	5.42e-20	6.80e-20
 6.16726e+22	1.08e-12	5.61e-08	1.23e-04	1.23e-02	9.52e-02	2.16e-01	6.17e-01	5.82e-02	1.25e-03	1.08e-12	6.17e-20	7.75e-20
 6.19444e+22	1.27e-12	6.63e-08	1.42e-04	1.37e-02	1.01e-01	2.23e-01	6.06e-01	5.42e-02	1.10e-03	1.27e-12	7.32e-20	9.19e-20
 6.22242e+22	1.47e-12	7.64e-08	1.60e-04	1.50e-02	1.07e-01	2.30e-01	5.96e-01	5.09e-02	9.92e-04	1.47e-12	8.46e-20	1.06e-19
 6.24758e+22	1.70e-12	8.80e-08	1.81e-04	1.64e-02	1.12e-01	2.36e-01	5.86e-01	4.79e-02	8.93e-04	1.70e-12	9.78e-20	1.23e-19
 6.27644e+22	2.05e-12	1.06e-07	2.10e-04	1.83e-02	1.20e-01	2.44e-01	5.73e-01	4.43e-02	7.81e-04	2.05e-12	1.18e-19	1.48e-19
 6.30572e+22	2.39e-12	1.23e-07	2.39e-04	2.01e-02	1.26e-01	2.50e-01	5.61e-01	4.14e-02	6.98e-04	2.39e-12	1.38e-19	1.73e-19
 6.33166e+22	2.79e-12	1.42e-07	2.70e-04	2.19e-02	1.32e-01	2.56e-01	5.49e-01	3.88e-02	6.25e-04	2.79e-12	1.62e-19	2.03e-19
 6.36149e+22	3.41e-12	1.72e-07	3.16e-04	2.45e-02	1.41e-01	2.64e-01	5.34e-01	3.56e-02	5.42e-04	3.41e-12	1.98e-19	2.48e-19
 6.39188e+22	4.04e-12	2.02e-07	3.60e-04	2.69e-02	1.48e-01	2.70e-01	5.21e-01	3.31e-02	4.80e-04	4.04e-12	2.35e-19	2.94e-19
 6.42299e+22	5.01e-12	2.47e-07	4.24e-04	3.02e-02	1.58e-01	2.77e-01	5.04e-01	3.02e-02	4.13e-04	5.01e-12	2.92e-19	3.66e-19
 6.45457e+22	5.99e-12	2.92e-07	4.84e-04	3.31e-02	1.65e-01	2.83e-01	4.90e-01	2.79e-02	3.64e-04	5.99e-12	3.50e-19	4.38e-19
 6.48678e+22	7.51e-12	3.59e-07	5.71e-04	3.71e-02	1.76e-01	2.89e-01	4.72e-01	2.53e-02	3.11e-04	7.51e-12	4.40e-19	5.50e-19
 6.51985e+22	9.10e-12	4.30e-07	6.59e-04	4.09e-02	1.85e-01	2.94e-01	4.56e-01	2.32e-02	2.70e-04	9.10e-12	5.34e-19	6.68e-19
 6.54871e+22	1.10e-11	5.08e-07	7.50e-04	4.47e-02	1.93e-01	2.98e-01	4.41e-01	2.14e-02	2.38e-04	1.10e-11	6.44e-19	8.06e-19
 6.58087e+22	1.38e-11	6.24e-07	8.81e-04	4.98e-02	2.04e-01	3.03e-01	4.23e-01	1.93e-02	2.02e-04	1.38e-11	8.14e-19	1.02e-18
 6.61503e+22	1.71e-11	7.56e-07	1.02e-03	5.49e-02	2.14e-01	3.07e-01	4.05e-01	1.75e-02	1.74e-04	1.71e-11	1.01e-18	1.27e-18
 6.64288e+22	2.02e-11	8.75e-07	1.15e-03	5.92e-02	2.22e-01	3.09e-01	3.92e-01	1.62e-02	1.54e-04	2.02e-11	1.20e-18	1.50e-18
 6.67018e+22	2.45e-11	1.04e-06	1.31e-03	6.45e-02	2.31e-01	3.12e-01	3.76e-01	1.48e-02	1.34e-04	2.45e-11	1.46e-18	1.82e-18
 6.69926e+22	2.95e-11	1.22e-06	1.47e-03	6.98e-02	2.40e-01	3.13e-01	3.62e-01	1.36e-02	1.17e-04	2.95e-11	1.76e-18	2.20e-18
 6.72631e+22	3.52e-11	1.42e-06	1.66e-03	7.52e-02	2.48e-01	3.15e-01	3.48e-01	1.25e-02	1.03e-04	3.52e-11	2.11e-18	2.63e-18
 6.75715e+22	4.46e-11	1.74e-06	1.93e-03	8.29e-02	2.59e-01	3.16e-01	3.29e-01	1.12e-02	8.70e-05	4.46e-11	2.67e-18	3.34e-18
 6.78827e+22	5.37e-11	2.03e-06	2.17e-03	8.94e-02	2.68e-01	3.16e-01	3.15e-01	1.02e-02	7.57e-05	5.37e-11	3.23e-18	4.03e-18
 6.81976e+22	6.80e-11	2.48e-06	2.51e-03	9.80e-02	2.78e-01	3.15e-01	2.97e-01	9.07e-03	6.37e-05	6.80e-11	4.11e-18	5.12e-18
 6.85166e+22	8.29e-11	2.92e-06	2.84e-03	1.06e-01	2.87e-01	3.14e-01	2.82e-01	8.20e-03	5.48e-05	8.29e-11	5.02e-18	6.27e-18
 6.87937e+22	9.99e-11	3.41e-06	3.19e-03	1.13e-01	2.95e-01	3.12e-01	2.68e-01	7.45e-03	4.76e-05	9.99e-11	6.08e-18	7.58e-18
 6.91069e+22	1.27e-10	4.15e-06	3.68e-03	1.24e-01	3.05e-01	3.10e-01	2.51e-01	6.57e-03	3.96e-05	1.27e-10	7.75e-18	9.65e-18
 6.94288e+22	1.55e-10	4.87e-06	4.13e-03	1.33e-01	3.13e-01	3.07e-01	2.38e-01	5.93e-03	3.40e-05	1.55e-10	9.48e-18	1.18e-17
 6.97619e+22	2.00e-10	6.00e-06	4.81e-03	1.45e-01	3.23e-01	3.02e-01	2.20e-01	5.15e-03	2.78e-05	2.00e-10	1.23e-17	1.54e-17
 7.00967e+22	2.45e-10	7.05e-06	5.40e-03	1.55e-01	3.30e-01	2.98e-01	2.07e-01	4.61e-03	2.36e-05	2.45e-10	1.52e-17	1.89e-17
 7.04336e+22	3.15e-10	8.61e-06	6.23e-03	1.69e-01	3.39e-01	2.91e-01	1.91e-01	4.00e-03	1.93e-05	3.15e-10	1.96e-17	2.44e-17
 7.07826e+22	3.95e-10	1.03e-05	7.05e-03	1.81e-01	3.45e-01	2.86e-01	1.78e-01	3.51e-03	1.60e-05	3.95e-10	2.47e-17	3.07e-17
 7.10946e+22	4.86e-10	1.21e-05	7.91e-03	1.93e-01	3.51e-01	2.79e-01	1.65e-01	3.11e-03	1.35e-05	4.86e-10	3.06e-17	3.80e-17
 7.14472e+22	6.34e-10	1.48e-05	9.13e-03	2.09e-01	3.58e-01	2.71e-01	1.51e-01	2.65e-03	1.08e-05	6.34e-10	4.02e-17	4.99e-17
 7.18090e+22	7.98e-10	1.77e-05	1.03e-02	2.23e-01	3.62e-01	2.63e-01	1.39e-01	2.31e-03	8.86e-06	7.98e-10	5.08e-17	6.31e-17
 7.21283e+22	9.88e-10	2.08e-05	1.15e-02	2.37e-01	3.66e-01	2.55e-01	1.28e-01	2.02e-03	7.36e-06	9.88e-10	6.33e-17	7.85e-17
 7.24889e+22	1.29e-09	2.54e-05	1.32e-02	2.54e-01	3.70e-01	2.45e-01	1.16e-01	1.70e-03	5.81e-06	1.29e-09	8.35e-17	1.04e-16
 7.28602e+22	1.63e-09	3.03e-05	1.49e-02	2.70e-01	3.72e-01	2.36e-01	1.05e-01	1.46e-03	4.70e-06	1.63e-09	1.06e-16	1.32e-16
 7.31896e+22	2.03e-09	3.56e-05	1.66e-02	2.85e-01	3.74e-01	2.27e-01	9.62e-02	1.26e-03	3.85e-06	2.03e-09	1.33e-16	1.65e-16
 7.35621e+22	2.69e-09	4.37e-05	1.91e-02	3.05e-01	3.74e-01	2.15e-01	8.54e-02	1.04e-03	2.97e-06	2.69e-09	1.78e-16	2.20e-16
 7.39435e+22	3.40e-09	5.17e-05	2.13e-02	3.21e-01	3.74e-01	2.05e-01	7.72e-02	8.89e-04	2.38e-06	3.40e-09	2.26e-16	2.80e-16
 7.43362e+22	4.55e-09	6.38e-05	2.44e-02	3.42e-01	3.72e-01	1.93e-01	6.76e-02	7.22e-04	1.80e-06	4.55e-09	3.06e-16	3.79e-16
 7.47343e+22	5.78e-09	7.58e-05	2.73e-02	3.60e-01	3.69e-01	1.82e-01	6.05e-02	6.06e-04	1.42e-06	5.78e-09	3.93e-16	4.86e-16
 7.51392e+22	7.73e-09	9.30e-05	3.12e-02	3.81e-01	3.65e-01	1.70e-01	5.26e-02	4.89e-04	1.06e-06	7.73e-09	5.31e-16	6.56e-16
 7.55547e+22	9.95e-09	1.11e-04	3.49e-02	3.99e-01	3.60e-01	1.59e-01	4.63e-02	4.03e-04	8.17e-07	9.95e-09	6.91e-16	8.54e-16
 7.59225e+22	1.26e-08	1.31e-04	3.88e-02	4.16e-01	3.54e-01	1.49e-01	4.10e-02	3.35e-04	6.38e-07	1.26e-08	8.85e-16	1.09e-15
 7.63393e+22	1.70e-08	1.61e-04	4.41e-02	4.37e-01	3.46e-01	1.37e-01	3.51e-02	2.64e-04	4.65e-07	1.70e-08	1.21e-15	1.49e-15
 7.67688e+22	2.19e-08	1.92e-04	4.91e-02	4.55e-01	3.39e-01	1.27e-01	3.06e-02	2.15e-04	3.54e-07	2.19e-08	1.58e-15	1.94e-15
 7.71517e+22	2.78e-08	2.26e-04	5.43e-02	4.71e-01	3.30e-01	1.17e-01	2.67e-02	1.75e-04	2.70e-07	2.78e-08	2.03e-15	2.50e-15
 7.75866e+22	3.77e-08	2.77e-04	6.15e-02	4.91e-01	3.19e-01	1.06e-01	2.24e-02	1.35e-04	1.92e-07	3.77e-08	2.80e-15	3.44e-15
 7.80264e+22	4.81e-08	3.27e-04	6.79e-02	5.06e-01	3.09e-01	9.71e-02	1.94e-02	1.09e-04	1.45e-07	4.81e-08	3.62e-15	4.46e-15
 7.84127e+22	6.11e-08	3.83e-04	7.46e-02	5.20e-01	2.99e-01	8.90e-02	1.67e-02	8.80e-05	0.00e+00	6.11e-08	4.66e-15	5.73e-15
 7.87706e+22	7.48e-08	4.38e-04	8.08e-02	5.31e-01	2.90e-01	8.24e-02	1.47e-02	7.31e-05	0.00e+00	7.48e-08	5.78e-15	7.10e-15
 7.91516e+22	9.63e-08	5.18e-04	8.90e-02	5.45e-01	2.79e-01	7.46e-02	1.25e-02	5.78e-05	0.00e+00	9.63e-08	7.57e-15	9.30e-15
 7.95392e+22	1.19e-07	5.95e-04	9.65e-02	5.55e-01	2.68e-01	6.84e-02	1.09e-02	4.71e-05	0.00e+00	1.19e-07	9.49e-15	1.16e-14
 7.98794e+22	1.45e-07	6.78e-04	1.04e-01	5.64e-01	2.59e-01	6.29e-02	9.55e-03	3.88e-05	0.00e+00	1.45e-07	1.18e-14	1.44e-14
 8.02656e+22	1.87e-07	8.00e-04	1.14e-01	5.74e-01	2.46e-01	5.63e-02	8.03e-03	3.02e-05	0.00e+00	1.87e-07	1.55e-14	1.89e-14
 8.06594e+22	2.30e-07	9.14e-04	1.23e-01	5.82e-01	2.36e-01	5.13e-02	6.93e-03	2.45e-05	0.00e+00	2.30e-07	1.93e-14	2.37e-14
 8.10630e+22	2.96e-07	1.08e-03	1.35e-01	5.89e-01	2.23e-01	4.55e-02	5.78e-03	1.89e-05	0.00e+00	2.96e-07	2.55e-14	3.11e-14
 8.14756e+22	3.70e-07	1.24e-03	1.46e-01	5.95e-01	2.12e-01	4.10e-02	4.92e-03	1.49e-05	0.00e+00	3.70e-07	3.24e-14	3.96e-14
 8.18368e+22	4.51e-07	1.41e-03	1.56e-01	5.99e-01	2.02e-01	3.71e-02	4.24e-03	1.21e-05	0.00e+00	4.51e-07	4.03e-14	4.92e-14
 8.21886e+22	5.50e-07	1.60e-03	1.67e-01	6.02e-01	1.92e-01	3.36e-02	3.65e-03	9.78e-06	0.00e+00	5.50e-07	5.00e-14	6.10e-14
 8.25240e+22	6.59e-07	1.80e-03	1.78e-01	6.04e-01	1.83e-01	3.06e-02	3.18e-03	8.01e-06	0.00e+00	6.59e-07	6.10e-14	7.43e-14
 8.28923e+22	8.23e-07	2.07e-03	1.91e-01	6.04e-01	1.72e-01	2.71e-02	2.67e-03	6.26e-06	0.00e+00	8.23e-07	7.81e-14	9.51e-14
 8.32647e+22	9.90e-07	2.33e-03	2.03e-01	6.04e-01	1.63e-01	2.45e-02	2.30e-03	5.06e-06	0.00e+00	9.90e-07	9.58e-14	1.17e-13
 8.35889e+22	1.18e-06	2.61e-03	2.15e-01	6.03e-01	1.55e-01	2.22e-02	1.99e-03	4.13e-06	0.00e+00	1.18e-06	1.17e-13	1.42e-13
 8.39570e+22	1.47e-06	2.99e-03	2.31e-01	6.00e-01	1.45e-01	1.96e-02	1.66e-03	3.20e-06	0.00e+00	1.47e-06	1.49e-13	1.81e-13
 8.43315e+22	1.77e-06	3.36e-03	2.45e-01	5.97e-01	1.36e-01	1.75e-02	1.42e-03	2.57e-06	0.00e+00	1.77e-06	1.83e-13	2.22e-13
 8.46615e+22	2.10e-06	3.75e-03	2.58e-01	5.93e-01	1.29e-01	1.58e-02	1.23e-03	2.08e-06	0.00e+00	2.10e-06	2.22e-13	2.69e-13
 8.50374e+22	2.61e-06	4.30e-03	2.76e-01	5.86e-01	1.19e-01	1.38e-02	1.01e-03	1.59e-06	0.00e+00	2.61e-06	2.84e-13	3.44e-13
 8.54197e+22	3.12e-06	4.81e-03	2.91e-01	5.79e-01	1.12e-01	1.23e-02	8.61e-04	1.27e-06	0.00e+00	3.12e-06	3.48e-13	4.21e-13
 8.57588e+22	3.72e-06	5.37e-03	3.07e-01	5.72e-01	1.04e-01	1.09e-02	7.34e-04	1.01e-06	0.00e+00	3.72e-06	4.25e-13	5.14e-13
 8.61484e+22	4.64e-06	6.16e-03	3.27e-01	5.61e-01	9.59e-02	9.44e-03	5.99e-04	7.63e-07	0.00e+00	4.64e-06	5.48e-13	6.62e-13
 8.65423e+22	5.55e-06	6.89e-03	3.44e-01	5.51e-01	8.90e-02	8.32e-03	5.04e-04	5.99e-07	0.00e+00	5.55e-06	6.73e-13	8.11e-13
 8.69418e+22	6.93e-06	7.91e-03	3.66e-01	5.38e-01	8.11e-02	7.11e-03	4.07e-04	4.45e-07	0.00e+00	6.93e-06	8.70e-13	1.05e-12
 8.73456e+22	8.29e-06	8.85e-03	3.85e-01	5.25e-01	7.47e-02	6.22e-03	3.39e-04	3.46e-07	0.00e+00	8.29e-06	1.07e-12	1.29e-12
 8.77548e+22	1.04e-05	1.02e-02	4.08e-01	5.09e-01	6.74e-02	5.25e-03	2.71e-04	2.53e-07	0.00e+00	1.04e-05	1.39e-12	1.67e-12
 8.81688e+22	1.24e-05	1.14e-02	4.28e-01	4.94e-01	6.16e-02	4.55e-03	2.24e-04	1.94e-07	0.00e+00	1.24e-05	1.72e-12	2.06e-12
 8.85887e+22	1.55e-05	1.31e-02	4.53e-01	4.75e-01	5.51e-02	3.80e-03	1.77e-04	1.40e-07	0.00e+00	1.55e-05	2.23e-12	2.68e-12
 8.90148e+22	1.87e-05	1.47e-02	4.74e-01	4.58e-01	4.99e-02	3.26e-03	1.44e-04	0.00e+00	0.00e+00	1.87e-05	2.77e-12	3.33e-12
 8.94487e+22	2.35e-05	1.69e-02	5.01e-01	4.36e-01	4.40e-02	2.68e-03	1.12e-04	0.00e+00	0.00e+00	2.35e-05	3.64e-12	4.37e-12
 8.98889e+22	2.83e-05	1.90e-02	5.23e-01	4.16e-01	3.94e-02	2.27e-03	9.01e-05	0.00e+00	0.00e+00	2.83e-05	4.55e-12	5.46e-12
 9.02669e+22	3.37e-05	2.12e-02	5.44e-01	3.98e-01	3.55e-02	1.94e-03	7.36e-05	0.00e+00	0.00e+00	3.37e-05	5.60e-12	6.72e-12
 9.06877e+22	4.19e-05	2.43e-02	5.69e-01	3.74e-01	3.11e-02	1.59e-03	5.71e-05	0.00e+00	0.00e+00	4.19e-05	7.28e-12	8.72e-12
 9.11191e+22	5.10e-05	2.75e-02	5.91e-01	3.53e-01	2.74e-02	1.33e-03	4.52e-05	0.00e+00	0.00e+00	5.10e-05	9.18e-12	1.10e-11
 9.14403e+22	5.80e-05	2.99e-02	6.05e-01	3.38e-01	2.51e-02	1.17e-03	3.87e-05	0.00e+00	0.00e+00	5.80e-05	1.07e-11	1.28e-11
 9.17340e+22	6.79e-05	3.31e-02	6.22e-01	3.21e-01	2.26e-02	1.01e-03	3.21e-05	0.00e+00	0.00e+00	6.79e-05	1.30e-11	1.55e-11
