#depth	Ne	Ne+	Ne+2	Ne+3	Ne+4	Ne+5	Ne+6	Ne+7	Ne+8	Ne+9	Ne+10
 1.54284e+22	1.09e-22	1.44e-17	1.21e-13	1.52e-10	4.82e-08	3.61e-06	8.56e-05	1.26e-03	7.47e-02	3.92e-01	5.32e-01
 3.41660e+22	5.68e-20	4.12e-15	1.80e-11	1.16e-08	2.08e-06	8.63e-05	1.02e-03	6.75e-03	1.90e-01	4.81e-01	3.21e-01
 3.86162e+22	2.64e-19	1.67e-14	6.26e-11	3.44e-08	5.37e-06	1.93e-04	1.91e-03	1.03e-02	2.36e-01	4.87e-01	2.65e-01
 4.03276e+22	5.30e-19	3.16e-14	1.11e-10	5.66e-08	8.28e-06	2.78e-04	2.55e-03	1.25e-02	2.59e-01	4.85e-01	2.40e-01
 4.10407e+22	6.27e-19	3.68e-14	1.27e-10	6.38e-08	9.19e-06	3.03e-04	2.73e-03	1.30e-02	2.65e-01	4.85e-01	2.34e-01
 4.13688e+22	7.79e-19	4.49e-14	1.52e-10	7.45e-08	1.05e-05	3.39e-04	2.98e-03	1.38e-02	2.73e-01	4.84e-01	2.27e-01
 4.17313e+22	9.52e-19	5.39e-14	1.79e-10	8.60e-08	1.19e-05	3.77e-04	3.23e-03	1.46e-02	2.80e-01	4.82e-01	2.20e-01
 4.21385e+22	1.22e-18	6.75e-14	2.19e-10	1.03e-07	1.39e-05	4.28e-04	3.57e-03	1.56e-02	2.88e-01	4.80e-01	2.12e-01
 4.25627e+22	1.53e-18	8.32e-14	2.64e-10	1.21e-07	1.60e-05	4.82e-04	3.91e-03	1.65e-02	2.97e-01	4.78e-01	2.04e-01
 4.29384e+22	1.86e-18	9.94e-14	3.10e-10	1.39e-07	1.80e-05	5.33e-04	4.23e-03	1.74e-02	3.04e-01	4.76e-01	1.98e-01
 4.33563e+22	2.38e-18	1.24e-13	3.78e-10	1.65e-07	2.10e-05	6.04e-04	4.66e-03	1.85e-02	3.13e-01	4.74e-01	1.90e-01
 4.38039e+22	2.99e-18	1.53e-13	4.57e-10	1.94e-07	2.42e-05	6.80e-04	5.10e-03	1.97e-02	3.22e-01	4.71e-01	1.82e-01
 4.42239e+22	3.72e-18	1.87e-13	5.45e-10	2.27e-07	2.76e-05	7.60e-04	5.56e-03	2.08e-02	3.30e-01	4.68e-01	1.76e-01
 4.47038e+22	4.89e-18	2.40e-13	6.82e-10	2.76e-07	3.27e-05	8.74e-04	6.19e-03	2.23e-02	3.40e-01	4.63e-01	1.67e-01
 4.52007e+22	6.18e-18	2.97e-13	8.26e-10	3.26e-07	3.77e-05	9.84e-04	6.78e-03	2.37e-02	3.49e-01	4.59e-01	1.60e-01
 4.56520e+22	7.75e-18	3.66e-13	9.93e-10	3.82e-07	4.33e-05	1.10e-03	7.40e-03	2.50e-02	3.57e-01	4.55e-01	1.54e-01
 4.61706e+22	1.03e-17	4.75e-13	1.25e-09	4.68e-07	5.15e-05	1.28e-03	8.26e-03	2.69e-02	3.68e-01	4.50e-01	1.46e-01
 4.66996e+22	1.31e-17	5.89e-13	1.52e-09	5.54e-07	5.95e-05	1.44e-03	9.05e-03	2.85e-02	3.77e-01	4.45e-01	1.39e-01
 4.72420e+22	1.76e-17	7.71e-13	1.94e-09	6.83e-07	7.13e-05	1.67e-03	1.01e-02	3.06e-02	3.88e-01	4.38e-01	1.31e-01
 4.77899e+22	2.22e-17	9.55e-13	2.35e-09	8.07e-07	8.23e-05	1.88e-03	1.11e-02	3.24e-02	3.97e-01	4.32e-01	1.25e-01
 4.83449e+22	2.98e-17	1.25e-12	2.99e-09	9.96e-07	9.87e-05	2.18e-03	1.24e-02	3.48e-02	4.09e-01	4.25e-01	1.17e-01
 4.89074e+22	3.77e-17	1.55e-12	3.63e-09	1.18e-06	1.14e-04	2.46e-03	1.36e-02	3.69e-02	4.18e-01	4.18e-01	1.11e-01
 4.94796e+22	5.08e-17	2.04e-12	4.65e-09	1.46e-06	1.38e-04	2.88e-03	1.53e-02	3.97e-02	4.29e-01	4.09e-01	1.04e-01
 5.00209e+22	6.20e-17	2.45e-12	5.48e-09	1.69e-06	1.56e-04	3.18e-03	1.65e-02	4.17e-02	4.36e-01	4.03e-01	9.90e-02
 5.05221e+22	7.98e-17	3.10e-12	6.78e-09	2.03e-06	1.83e-04	3.64e-03	1.83e-02	4.44e-02	4.46e-01	3.94e-01	9.27e-02
 5.10272e+22	9.72e-17	3.72e-12	7.98e-09	2.34e-06	2.07e-04	4.03e-03	1.98e-02	4.65e-02	4.53e-01	3.88e-01	8.83e-02
 5.15377e+22	1.25e-16	4.69e-12	9.86e-09	2.82e-06	2.43e-04	4.62e-03	2.20e-02	4.97e-02	4.63e-01	3.78e-01	8.23e-02
 5.20518e+22	1.51e-16	5.62e-12	1.16e-08	3.25e-06	2.75e-04	5.12e-03	2.37e-02	5.21e-02	4.70e-01	3.71e-01	7.80e-02
 5.25708e+22	1.93e-16	7.05e-12	1.43e-08	3.90e-06	3.23e-04	5.87e-03	2.63e-02	5.55e-02	4.79e-01	3.61e-01	7.24e-02
 5.30983e+22	2.34e-16	8.44e-12	1.69e-08	4.51e-06	3.67e-04	6.52e-03	2.85e-02	5.83e-02	4.86e-01	3.53e-01	6.83e-02
 5.36369e+22	2.96e-16	1.06e-11	2.08e-08	5.43e-06	4.32e-04	7.49e-03	3.17e-02	6.22e-02	4.94e-01	3.41e-01	6.29e-02
 5.41827e+22	3.57e-16	1.26e-11	2.44e-08	6.26e-06	4.91e-04	8.33e-03	3.43e-02	6.53e-02	5.00e-01	3.32e-01	5.90e-02
 5.47379e+22	4.50e-16	1.57e-11	3.00e-08	7.53e-06	5.78e-04	9.57e-03	3.81e-02	6.96e-02	5.08e-01	3.20e-01	5.40e-02
 5.53055e+22	5.38e-16	1.87e-11	3.54e-08	8.71e-06	6.58e-04	1.07e-02	4.15e-02	7.33e-02	5.13e-01	3.10e-01	5.02e-02
 5.58890e+22	6.71e-16	2.32e-11	4.34e-08	1.05e-05	7.77e-04	1.23e-02	4.62e-02	7.82e-02	5.20e-01	2.97e-01	4.55e-02
 5.64811e+22	7.93e-16	2.74e-11	5.09e-08	1.21e-05	8.84e-04	1.38e-02	5.02e-02	8.23e-02	5.24e-01	2.87e-01	4.20e-02
 5.70670e+22	9.60e-16	3.32e-11	6.13e-08	1.43e-05	1.03e-03	1.58e-02	5.56e-02	8.75e-02	5.29e-01	2.74e-01	3.79e-02
 5.76262e+22	1.10e-15	3.81e-11	7.01e-08	1.62e-05	1.16e-03	1.73e-02	5.98e-02	9.13e-02	5.31e-01	2.64e-01	3.51e-02
 5.81683e+22	1.28e-15	4.48e-11	8.26e-08	1.88e-05	1.33e-03	1.96e-02	6.57e-02	9.66e-02	5.34e-01	2.51e-01	3.17e-02
 5.87205e+22	1.44e-15	5.08e-11	9.38e-08	2.12e-05	1.49e-03	2.16e-02	7.06e-02	1.01e-01	5.35e-01	2.41e-01	2.92e-02
 5.92607e+22	1.64e-15	5.84e-11	1.08e-07	2.43e-05	1.69e-03	2.42e-02	7.69e-02	1.06e-01	5.36e-01	2.29e-01	2.63e-02
 5.98121e+22	1.81e-15	6.56e-11	1.23e-07	2.73e-05	1.89e-03	2.66e-02	8.26e-02	1.11e-01	5.35e-01	2.19e-01	2.40e-02
 6.03496e+22	2.00e-15	7.36e-11	1.39e-07	3.09e-05	2.13e-03	2.95e-02	8.92e-02	1.16e-01	5.34e-01	2.07e-01	2.16e-02
 6.08978e+22	2.17e-15	8.18e-11	1.56e-07	3.46e-05	2.37e-03	3.25e-02	9.57e-02	1.21e-01	5.32e-01	1.97e-01	1.96e-02
 6.14414e+22	2.34e-15	9.03e-11	1.75e-07	3.87e-05	2.65e-03	3.58e-02	1.03e-01	1.26e-01	5.29e-01	1.86e-01	1.76e-02
 6.19876e+22	2.49e-15	9.88e-11	1.95e-07	4.31e-05	2.94e-03	3.92e-02	1.10e-01	1.31e-01	5.25e-01	1.76e-01	1.59e-02
 6.25278e+22	2.63e-15	1.07e-10	2.16e-07	4.79e-05	3.26e-03	4.28e-02	1.17e-01	1.36e-01	5.20e-01	1.66e-01	1.43e-02
 6.30669e+22	2.76e-15	1.16e-10	2.39e-07	5.30e-05	3.60e-03	4.67e-02	1.24e-01	1.41e-01	5.15e-01	1.57e-01	1.28e-02
 6.36073e+22	2.87e-15	1.25e-10	2.63e-07	5.87e-05	3.98e-03	5.08e-02	1.32e-01	1.46e-01	5.08e-01	1.47e-01	1.15e-02
 6.41501e+22	2.96e-15	1.34e-10	2.89e-07	6.49e-05	4.39e-03	5.52e-02	1.40e-01	1.51e-01	5.01e-01	1.38e-01	1.03e-02
 6.46964e+22	3.05e-15	1.44e-10	3.18e-07	7.17e-05	4.84e-03	5.99e-02	1.47e-01	1.56e-01	4.94e-01	1.30e-01	9.19e-03
 6.52480e+22	3.13e-15	1.54e-10	3.50e-07	7.93e-05	5.33e-03	6.48e-02	1.55e-01	1.60e-01	4.85e-01	1.21e-01	8.19e-03
 6.58065e+22	3.20e-15	1.65e-10	3.85e-07	8.78e-05	5.88e-03	7.02e-02	1.63e-01	1.65e-01	4.75e-01	1.13e-01	7.27e-03
 6.63676e+22	3.27e-15	1.76e-10	4.24e-07	9.73e-05	6.47e-03	7.58e-02	1.71e-01	1.69e-01	4.66e-01	1.05e-01	6.46e-03
 6.69381e+22	3.33e-15	1.89e-10	4.69e-07	1.08e-04	7.14e-03	8.19e-02	1.80e-01	1.73e-01	4.55e-01	9.78e-02	5.70e-03
 6.75155e+22	3.41e-15	2.02e-10	5.19e-07	1.20e-04	7.87e-03	8.82e-02	1.88e-01	1.77e-01	4.43e-01	9.08e-02	5.04e-03
 6.81045e+22	3.48e-15	2.18e-10	5.78e-07	1.35e-04	8.71e-03	9.52e-02	1.96e-01	1.81e-01	4.31e-01	8.38e-02	4.42e-03
 6.86524e+22	3.56e-15	2.33e-10	6.33e-07	1.48e-04	9.46e-03	1.01e-01	2.03e-01	1.84e-01	4.21e-01	7.85e-02	3.97e-03
 6.92177e+22	3.66e-15	2.53e-10	7.13e-07	1.67e-04	1.05e-02	1.09e-01	2.11e-01	1.87e-01	4.07e-01	7.19e-02	3.45e-03
 6.97928e+22	3.78e-15	2.73e-10	7.88e-07	1.85e-04	1.15e-02	1.16e-01	2.18e-01	1.89e-01	3.96e-01	6.70e-02	3.08e-03
 7.03805e+22	3.90e-15	2.99e-10	8.96e-07	2.10e-04	1.28e-02	1.25e-01	2.26e-01	1.92e-01	3.80e-01	6.09e-02	2.65e-03
 7.09705e+22	4.09e-15	3.26e-10	9.98e-07	2.33e-04	1.39e-02	1.33e-01	2.32e-01	1.93e-01	3.69e-01	5.67e-02	2.37e-03
 7.15634e+22	4.31e-15	3.63e-10	1.15e-06	2.66e-04	1.55e-02	1.43e-01	2.40e-01	1.95e-01	3.53e-01	5.14e-02	2.03e-03
 7.21600e+22	4.55e-15	3.99e-10	1.28e-06	2.96e-04	1.69e-02	1.51e-01	2.45e-01	1.96e-01	3.41e-01	4.76e-02	1.81e-03
 7.27616e+22	4.87e-15	4.50e-10	1.49e-06	3.41e-04	1.89e-02	1.62e-01	2.52e-01	1.97e-01	3.25e-01	4.30e-02	1.54e-03
 7.33685e+22	5.21e-15	5.00e-10	1.68e-06	3.80e-04	2.05e-02	1.71e-01	2.57e-01	1.97e-01	3.13e-01	3.96e-02	1.37e-03
 7.39823e+22	5.69e-15	5.72e-10	1.96e-06	4.39e-04	2.29e-02	1.83e-01	2.63e-01	1.96e-01	2.97e-01	3.56e-02	1.16e-03
 7.46040e+22	6.18e-15	6.42e-10	2.23e-06	4.92e-04	2.49e-02	1.93e-01	2.68e-01	1.96e-01	2.85e-01	3.27e-02	1.02e-03
 7.52358e+22	6.90e-15	7.48e-10	2.63e-06	5.71e-04	2.78e-02	2.06e-01	2.73e-01	1.94e-01	2.69e-01	2.91e-02	8.63e-04
 7.58784e+22	7.65e-15	8.51e-10	3.02e-06	6.42e-04	3.03e-02	2.17e-01	2.76e-01	1.93e-01	2.56e-01	2.66e-02	7.54e-04
 7.65351e+22	8.76e-15	1.01e-09	3.61e-06	7.49e-04	3.39e-02	2.31e-01	2.81e-01	1.90e-01	2.40e-01	2.35e-02	6.31e-04
 7.72060e+22	9.93e-15	1.17e-09	4.18e-06	8.47e-04	3.70e-02	2.43e-01	2.83e-01	1.87e-01	2.27e-01	2.13e-02	5.46e-04
 7.78954e+22	1.17e-14	1.41e-09	5.06e-06	9.95e-04	4.14e-02	2.58e-01	2.86e-01	1.84e-01	2.11e-01	1.87e-02	4.51e-04
 7.86009e+22	1.36e-14	1.66e-09	5.91e-06	1.13e-03	4.52e-02	2.71e-01	2.87e-01	1.80e-01	1.99e-01	1.68e-02	3.87e-04
 7.91952e+22	1.56e-14	1.92e-09	6.78e-06	1.26e-03	4.88e-02	2.82e-01	2.88e-01	1.77e-01	1.88e-01	1.52e-02	3.37e-04
 7.98358e+22	1.87e-14	2.32e-09	8.12e-06	1.46e-03	5.38e-02	2.96e-01	2.89e-01	1.72e-01	1.74e-01	1.34e-02	2.81e-04
 8.04863e+22	2.19e-14	2.72e-09	9.37e-06	1.64e-03	5.80e-02	3.08e-01	2.89e-01	1.68e-01	1.64e-01	1.21e-02	2.43e-04
 8.10488e+22	2.54e-14	3.15e-09	1.07e-05	1.82e-03	6.23e-02	3.18e-01	2.88e-01	1.64e-01	1.55e-01	1.09e-02	2.12e-04
 8.16788e+22	3.11e-14	3.84e-09	1.28e-05	2.09e-03	6.82e-02	3.32e-01	2.86e-01	1.58e-01	1.43e-01	9.58e-03	1.76e-04
 8.23069e+22	3.65e-14	4.47e-09	1.46e-05	2.32e-03	7.28e-02	3.43e-01	2.85e-01	1.54e-01	1.34e-01	8.68e-03	1.54e-04
 8.29325e+22	4.52e-14	5.45e-09	1.74e-05	2.65e-03	7.94e-02	3.56e-01	2.82e-01	1.48e-01	1.24e-01	7.59e-03	1.28e-04
 8.35671e+22	5.37e-14	6.39e-09	2.00e-05	2.94e-03	8.47e-02	3.66e-01	2.80e-01	1.43e-01	1.16e-01	6.83e-03	1.11e-04
 8.42134e+22	6.76e-14	7.87e-09	2.39e-05	3.36e-03	9.21e-02	3.79e-01	2.76e-01	1.37e-01	1.06e-01	5.93e-03	9.11e-05
 8.48709e+22	8.14e-14	9.28e-09	2.74e-05	3.72e-03	9.82e-02	3.89e-01	2.73e-01	1.32e-01	9.88e-02	5.31e-03	7.84e-05
 8.55432e+22	1.04e-13	1.15e-08	3.30e-05	4.27e-03	1.07e-01	4.02e-01	2.67e-01	1.25e-01	8.97e-02	4.57e-03	6.38e-05
 8.62260e+22	1.27e-13	1.37e-08	3.79e-05	4.73e-03	1.13e-01	4.11e-01	2.63e-01	1.20e-01	8.31e-02	4.06e-03	5.45e-05
 8.69226e+22	1.65e-13	1.72e-08	4.57e-05	5.41e-03	1.23e-01	4.23e-01	2.57e-01	1.13e-01	7.49e-02	3.46e-03	4.39e-05
 8.76360e+22	2.04e-13	2.06e-08	5.29e-05	6.01e-03	1.31e-01	4.32e-01	2.51e-01	1.08e-01	6.89e-02	3.05e-03	3.71e-05
 8.83713e+22	2.70e-13	2.61e-08	6.41e-05	6.90e-03	1.42e-01	4.42e-01	2.44e-01	1.01e-01	6.15e-02	2.57e-03	2.95e-05
 8.91229e+22	3.38e-13	3.15e-08	7.45e-05	7.67e-03	1.51e-01	4.50e-01	2.37e-01	9.57e-02	5.62e-02	2.24e-03	2.46e-05
 8.98955e+22	4.54e-13	4.04e-08	9.06e-05	8.80e-03	1.63e-01	4.59e-01	2.29e-01	8.89e-02	4.97e-02	1.87e-03	1.93e-05
 9.06774e+22	5.71e-13	4.88e-08	1.05e-04	9.76e-03	1.73e-01	4.65e-01	2.22e-01	8.37e-02	4.52e-02	1.62e-03	1.60e-05
 9.14714e+22	7.75e-13	6.28e-08	1.28e-04	1.12e-02	1.86e-01	4.72e-01	2.12e-01	7.72e-02	3.96e-02	1.34e-03	1.24e-05
 9.22739e+22	9.78e-13	7.59e-08	1.49e-04	1.24e-02	1.96e-01	4.77e-01	2.05e-01	7.23e-02	3.58e-02	1.15e-03	1.02e-05
 9.30875e+22	1.33e-12	9.79e-08	1.81e-04	1.41e-02	2.11e-01	4.82e-01	1.95e-01	6.62e-02	3.12e-02	9.45e-04	7.88e-06
 9.38828e+22	1.66e-12	1.17e-07	2.07e-04	1.55e-02	2.21e-01	4.84e-01	1.88e-01	6.21e-02	2.83e-02	8.20e-04	6.55e-06
 9.46542e+22	2.22e-12	1.48e-07	2.48e-04	1.75e-02	2.35e-01	4.87e-01	1.78e-01	5.69e-02	2.48e-02	6.77e-04	5.10e-06
 9.54540e+22	2.81e-12	1.78e-07	2.86e-04	1.92e-02	2.47e-01	4.87e-01	1.71e-01	5.29e-02	2.22e-02	5.79e-04	4.17e-06
 9.61366e+22	3.45e-12	2.11e-07	3.25e-04	2.09e-02	2.57e-01	4.88e-01	1.64e-01	4.95e-02	2.02e-02	5.04e-04	3.47e-06
 9.68700e+22	4.53e-12	2.62e-07	3.83e-04	2.33e-02	2.71e-01	4.87e-01	1.55e-01	4.53e-02	1.77e-02	4.19e-04	2.73e-06
 9.76046e+22	5.58e-12	3.10e-07	4.34e-04	2.53e-02	2.81e-01	4.85e-01	1.49e-01	4.23e-02	1.60e-02	3.62e-04	2.27e-06
 9.83409e+22	7.22e-12	3.80e-07	5.07e-04	2.79e-02	2.95e-01	4.83e-01	1.41e-01	3.88e-02	1.41e-02	3.03e-04	1.80e-06
 9.91065e+22	9.13e-12	4.58e-07	5.82e-04	3.05e-02	3.07e-01	4.80e-01	1.33e-01	3.58e-02	1.25e-02	2.57e-04	1.45e-06
 9.97901e+22	1.12e-11	5.40e-07	6.58e-04	3.30e-02	3.18e-01	4.76e-01	1.27e-01	3.32e-02	1.13e-02	2.21e-04	1.20e-06
 1.00558e+23	1.46e-11	6.65e-07	7.68e-04	3.64e-02	3.32e-01	4.71e-01	1.19e-01	3.02e-02	9.84e-03	1.83e-04	9.40e-07
 1.01367e+23	1.86e-11	8.05e-07	8.85e-04	3.98e-02	3.45e-01	4.66e-01	1.12e-01	2.76e-02	8.67e-03	1.53e-04	7.49e-07
 1.02102e+23	2.32e-11	9.60e-07	1.01e-03	4.31e-02	3.56e-01	4.60e-01	1.06e-01	2.54e-02	7.70e-03	1.30e-04	6.06e-07
 1.02932e+23	3.07e-11	1.19e-06	1.18e-03	4.77e-02	3.71e-01	4.52e-01	9.87e-02	2.28e-02	6.62e-03	1.05e-04	4.63e-07
 1.03787e+23	3.93e-11	1.45e-06	1.36e-03	5.20e-02	3.84e-01	4.44e-01	9.22e-02	2.08e-02	5.78e-03	8.72e-05	3.65e-07
 1.04546e+23	4.92e-11	1.73e-06	1.55e-03	5.62e-02	3.95e-01	4.36e-01	8.65e-02	1.90e-02	5.09e-03	7.32e-05	2.92e-07
 1.05406e+23	6.53e-11	2.16e-06	1.82e-03	6.19e-02	4.10e-01	4.26e-01	7.97e-02	1.69e-02	4.34e-03	5.87e-05	2.20e-07
 1.06297e+23	8.39e-11	2.62e-06	2.10e-03	6.74e-02	4.22e-01	4.16e-01	7.39e-02	1.53e-02	3.75e-03	4.80e-05	1.71e-07
 1.07096e+23	1.06e-10	3.14e-06	2.39e-03	7.28e-02	4.33e-01	4.06e-01	6.88e-02	1.38e-02	3.27e-03	3.98e-05	1.35e-07
 1.08003e+23	1.42e-10	3.95e-06	2.82e-03	8.03e-02	4.47e-01	3.93e-01	6.26e-02	1.22e-02	2.74e-03	3.13e-05	0.00e+00
 1.08938e+23	1.83e-10	4.81e-06	3.24e-03	8.70e-02	4.58e-01	3.81e-01	5.76e-02	1.09e-02	2.36e-03	2.54e-05	0.00e+00
 1.09912e+23	2.50e-10	6.12e-06	3.85e-03	9.61e-02	4.71e-01	3.66e-01	5.18e-02	9.49e-03	1.94e-03	1.95e-05	0.00e+00
 1.10896e+23	3.23e-10	7.44e-06	4.43e-03	1.04e-01	4.81e-01	3.53e-01	4.74e-02	8.45e-03	1.66e-03	1.57e-05	0.00e+00
 1.11761e+23	4.12e-10	8.99e-06	5.06e-03	1.12e-01	4.90e-01	3.40e-01	4.34e-02	7.54e-03	1.41e-03	1.27e-05	0.00e+00
 1.12753e+23	5.65e-10	1.14e-05	6.00e-03	1.23e-01	5.01e-01	3.24e-01	3.86e-02	6.50e-03	1.15e-03	9.61e-06	0.00e+00
 1.13758e+23	7.29e-10	1.39e-05	6.88e-03	1.33e-01	5.09e-01	3.10e-01	3.50e-02	5.75e-03	9.73e-04	7.64e-06	0.00e+00
 1.14778e+23	9.94e-10	1.76e-05	8.12e-03	1.45e-01	5.17e-01	2.93e-01	3.09e-02	4.93e-03	7.88e-04	5.76e-06	0.00e+00
 1.15813e+23	1.29e-09	2.15e-05	9.31e-03	1.56e-01	5.23e-01	2.79e-01	2.79e-02	4.33e-03	6.60e-04	4.53e-06	0.00e+00
 1.16870e+23	1.78e-09	2.75e-05	1.11e-02	1.71e-01	5.28e-01	2.61e-01	2.43e-02	3.66e-03	5.24e-04	3.33e-06	0.00e+00
 1.17933e+23	2.30e-09	3.33e-05	1.26e-02	1.83e-01	5.32e-01	2.48e-01	2.18e-02	3.21e-03	4.37e-04	2.61e-06	0.00e+00
 1.19007e+23	3.18e-09	4.26e-05	1.49e-02	1.99e-01	5.34e-01	2.30e-01	1.88e-02	2.70e-03	3.44e-04	1.90e-06	0.00e+00
 1.20095e+23	4.10e-09	5.16e-05	1.70e-02	2.12e-01	5.35e-01	2.16e-01	1.67e-02	2.34e-03	2.85e-04	1.47e-06	0.00e+00
 1.21199e+23	5.70e-09	6.61e-05	2.01e-02	2.30e-01	5.34e-01	1.99e-01	1.43e-02	1.95e-03	2.22e-04	1.06e-06	0.00e+00
 1.22319e+23	7.37e-09	8.02e-05	2.30e-02	2.45e-01	5.32e-01	1.86e-01	1.26e-02	1.68e-03	1.81e-04	8.08e-07	0.00e+00
 1.23291e+23	9.42e-09	9.63e-05	2.60e-02	2.59e-01	5.28e-01	1.74e-01	1.12e-02	1.46e-03	1.49e-04	6.24e-07	0.00e+00
 1.24386e+23	1.29e-08	1.22e-04	3.04e-02	2.78e-01	5.22e-01	1.59e-01	9.49e-03	1.21e-03	1.15e-04	4.45e-07	0.00e+00
 1.25432e+23	1.60e-08	1.43e-04	3.38e-02	2.91e-01	5.17e-01	1.49e-01	8.48e-03	1.06e-03	9.65e-05	3.52e-07	0.00e+00
 1.26411e+23	2.12e-08	1.76e-04	3.87e-02	3.09e-01	5.08e-01	1.36e-01	7.28e-03	8.91e-04	7.60e-05	2.58e-07	0.00e+00
 1.27390e+23	2.61e-08	2.05e-04	4.29e-02	3.22e-01	5.01e-01	1.27e-01	6.48e-03	7.79e-04	6.34e-05	2.03e-07	0.00e+00
 1.28368e+23	3.39e-08	2.49e-04	4.86e-02	3.39e-01	4.90e-01	1.16e-01	5.58e-03	6.57e-04	5.04e-05	1.50e-07	0.00e+00
 1.29384e+23	4.29e-08	2.96e-04	5.44e-02	3.54e-01	4.80e-01	1.06e-01	4.86e-03	5.62e-04	4.07e-05	0.00e+00	0.00e+00
 1.30296e+23	5.30e-08	3.45e-04	6.02e-02	3.67e-01	4.69e-01	9.83e-02	4.28e-03	4.86e-04	3.35e-05	0.00e+00	0.00e+00
 1.31330e+23	6.96e-08	4.21e-04	6.83e-02	3.84e-01	4.54e-01	8.84e-02	3.62e-03	4.02e-04	2.60e-05	0.00e+00	0.00e+00
 1.32380e+23	8.72e-08	4.96e-04	7.58e-02	3.98e-01	4.41e-01	8.06e-02	3.13e-03	3.42e-04	2.09e-05	0.00e+00	0.00e+00
 1.33451e+23	1.14e-07	6.02e-04	8.57e-02	4.15e-01	4.24e-01	7.19e-02	2.63e-03	2.81e-04	1.61e-05	0.00e+00	0.00e+00
 1.34494e+23	1.40e-07	7.00e-04	9.42e-02	4.27e-01	4.10e-01	6.56e-02	2.29e-03	2.40e-04	1.30e-05	0.00e+00	0.00e+00
 1.35316e+23	1.68e-07	7.96e-04	1.02e-01	4.37e-01	3.98e-01	6.04e-02	2.02e-03	2.09e-04	1.08e-05	0.00e+00	0.00e+00
 1.36200e+23	2.08e-07	9.29e-04	1.12e-01	4.48e-01	3.82e-01	5.46e-02	1.74e-03	1.76e-04	8.65e-06	0.00e+00	0.00e+00
 1.37109e+23	2.50e-07	1.06e-03	1.22e-01	4.57e-01	3.69e-01	4.99e-02	1.53e-03	1.52e-04	7.11e-06	0.00e+00	0.00e+00
 1.37925e+23	2.98e-07	1.20e-03	1.31e-01	4.65e-01	3.55e-01	4.56e-02	1.34e-03	1.31e-04	5.86e-06	0.00e+00	0.00e+00
 1.38858e+23	3.71e-07	1.40e-03	1.44e-01	4.75e-01	3.38e-01	4.06e-02	1.14e-03	1.09e-04	4.59e-06	0.00e+00	0.00e+00
 1.39800e+23	4.45e-07	1.60e-03	1.56e-01	4.82e-01	3.23e-01	3.67e-02	9.89e-04	9.29e-05	3.73e-06	0.00e+00	0.00e+00
 1.40624e+23	5.29e-07	1.81e-03	1.68e-01	4.88e-01	3.09e-01	3.33e-02	8.63e-04	7.96e-05	3.05e-06	0.00e+00	0.00e+00
 1.41566e+23	6.55e-07	2.10e-03	1.83e-01	4.94e-01	2.91e-01	2.94e-02	7.26e-04	6.54e-05	2.36e-06	0.00e+00	0.00e+00
 1.42524e+23	7.82e-07	2.38e-03	1.97e-01	4.98e-01	2.76e-01	2.64e-02	6.27e-04	5.53e-05	1.90e-06	0.00e+00	0.00e+00
 1.43374e+23	9.28e-07	2.68e-03	2.11e-01	5.00e-01	2.62e-01	2.37e-02	5.42e-04	4.68e-05	1.54e-06	0.00e+00	0.00e+00
 1.44348e+23	1.15e-06	3.10e-03	2.29e-01	5.03e-01	2.44e-01	2.06e-02	4.51e-04	3.79e-05	1.17e-06	0.00e+00	0.00e+00
 1.45336e+23	1.37e-06	3.51e-03	2.45e-01	5.03e-01	2.29e-01	1.83e-02	3.85e-04	3.16e-05	9.30e-07	0.00e+00	0.00e+00
 1.46344e+23	1.69e-06	4.06e-03	2.66e-01	5.02e-01	2.12e-01	1.58e-02	3.16e-04	2.52e-05	6.98e-07	0.00e+00	0.00e+00
 1.47362e+23	2.02e-06	4.58e-03	2.84e-01	5.00e-01	1.98e-01	1.39e-02	2.68e-04	2.08e-05	5.47e-07	0.00e+00	0.00e+00
 1.48256e+23	2.38e-06	5.13e-03	3.02e-01	4.96e-01	1.84e-01	1.22e-02	2.28e-04	1.72e-05	4.32e-07	0.00e+00	0.00e+00
 1.49282e+23	2.94e-06	5.91e-03	3.25e-01	4.91e-01	1.68e-01	1.04e-02	1.85e-04	1.35e-05	3.19e-07	0.00e+00	0.00e+00
 1.50324e+23	3.49e-06	6.63e-03	3.45e-01	4.84e-01	1.55e-01	9.02e-03	1.55e-04	1.10e-05	2.48e-07	0.00e+00	0.00e+00
 1.51389e+23	4.29e-06	7.61e-03	3.70e-01	4.75e-01	1.40e-01	7.56e-03	1.25e-04	8.51e-06	1.80e-07	0.00e+00	0.00e+00
 1.52474e+23	5.11e-06	8.54e-03	3.92e-01	4.66e-01	1.28e-01	6.48e-03	1.03e-04	6.80e-06	1.37e-07	0.00e+00	0.00e+00
 1.53441e+23	6.03e-06	9.53e-03	4.13e-01	4.55e-01	1.17e-01	5.57e-03	8.54e-05	5.46e-06	0.00e+00	0.00e+00	0.00e+00
 1.54552e+23	7.41e-06	1.09e-02	4.40e-01	4.41e-01	1.03e-01	4.58e-03	6.73e-05	4.12e-06	0.00e+00	0.00e+00	0.00e+00
 1.55690e+23	8.82e-06	1.22e-02	4.63e-01	4.28e-01	9.28e-02	3.85e-03	5.47e-05	3.22e-06	0.00e+00	0.00e+00	0.00e+00
 1.56327e+23	9.22e-06	1.26e-02	4.69e-01	4.24e-01	9.02e-02	3.68e-03	5.17e-05	3.01e-06	0.00e+00	0.00e+00	0.00e+00
 1.56541e+23	9.46e-06	1.28e-02	4.73e-01	4.22e-01	8.87e-02	3.58e-03	5.01e-05	2.90e-06	0.00e+00	0.00e+00	0.00e+00
 1.56738e+23	9.85e-06	1.31e-02	4.78e-01	4.19e-01	8.64e-02	3.44e-03	4.77e-05	2.74e-06	0.00e+00	0.00e+00	0.00e+00
 1.56995e+23	1.03e-05	1.35e-02	4.84e-01	4.15e-01	8.41e-02	3.29e-03	4.54e-05	2.58e-06	0.00e+00	0.00e+00	0.00e+00
 1.57328e+23	1.09e-05	1.40e-02	4.92e-01	4.10e-01	8.09e-02	3.09e-03	4.21e-05	2.36e-06	0.00e+00	0.00e+00	0.00e+00
 1.57762e+23	1.18e-05	1.47e-02	5.03e-01	4.03e-01	7.67e-02	2.85e-03	3.82e-05	2.10e-06	0.00e+00	0.00e+00	0.00e+00
 1.58326e+23	1.30e-05	1.57e-02	5.17e-01	3.94e-01	7.16e-02	2.56e-03	3.36e-05	1.80e-06	0.00e+00	0.00e+00	0.00e+00
 1.59060e+23	1.48e-05	1.70e-02	5.34e-01	3.81e-01	6.53e-02	2.22e-03	2.84e-05	1.47e-06	0.00e+00	0.00e+00	0.00e+00
 1.59863e+23	1.67e-05	1.83e-02	5.51e-01	3.69e-01	5.95e-02	1.93e-03	2.41e-05	1.21e-06	0.00e+00	0.00e+00	0.00e+00
 1.60758e+23	1.95e-05	2.02e-02	5.72e-01	3.53e-01	5.29e-02	1.61e-03	1.96e-05	9.38e-07	0.00e+00	0.00e+00	0.00e+00
 1.61655e+23	2.20e-05	2.18e-02	5.89e-01	3.40e-01	4.80e-02	1.39e-03	1.65e-05	7.62e-07	0.00e+00	0.00e+00	0.00e+00
 1.62557e+23	2.55e-05	2.38e-02	6.08e-01	3.24e-01	4.25e-02	1.16e-03	1.34e-05	5.92e-07	0.00e+00	0.00e+00	0.00e+00
 1.63481e+23	2.89e-05	2.57e-02	6.25e-01	3.10e-01	3.81e-02	9.90e-04	1.11e-05	4.73e-07	0.00e+00	0.00e+00	0.00e+00
 1.64311e+23	3.26e-05	2.77e-02	6.40e-01	2.97e-01	3.43e-02	8.48e-04	9.28e-06	3.81e-07	0.00e+00	0.00e+00	0.00e+00
 1.65263e+23	3.79e-05	3.03e-02	6.59e-01	2.80e-01	2.98e-02	6.94e-04	7.37e-06	2.88e-07	0.00e+00	0.00e+00	0.00e+00
 1.66232e+23	4.28e-05	3.26e-02	6.75e-01	2.66e-01	2.65e-02	5.86e-04	6.07e-06	2.27e-07	0.00e+00	0.00e+00	0.00e+00
 1.67221e+23	5.00e-05	3.57e-02	6.93e-01	2.48e-01	2.28e-02	4.72e-04	4.74e-06	1.68e-07	0.00e+00	0.00e+00	0.00e+00
 1.68223e+23	5.65e-05	3.84e-02	7.06e-01	2.35e-01	2.01e-02	3.96e-04	3.88e-06	1.32e-07	0.00e+00	0.00e+00	0.00e+00
 1.69240e+23	6.55e-05	4.19e-02	7.22e-01	2.18e-01	1.71e-02	3.17e-04	3.02e-06	0.00e+00	0.00e+00	0.00e+00	0.00e+00
 1.70295e+23	7.48e-05	4.52e-02	7.36e-01	2.04e-01	1.49e-02	2.60e-04	2.41e-06	0.00e+00	0.00e+00	0.00e+00	0.00e+00
 1.71401e+23	8.79e-05	4.96e-02	7.51e-01	1.87e-01	1.24e-02	2.03e-04	1.81e-06	0.00e+00	0.00e+00	0.00e+00	0.00e+00
 1.72509e+23	1.00e-04	5.35e-02	7.62e-01	1.74e-01	1.07e-02	1.66e-04	1.44e-06	0.00e+00	0.00e+00	0.00e+00	0.00e+00
 1.73620e+23	1.17e-04	5.84e-02	7.74e-01	1.58e-01	8.84e-03	1.29e-04	1.08e-06	0.00e+00	0.00e+00	0.00e+00	0.00e+00
 1.74757e+23	1.34e-04	6.30e-02	7.83e-01	1.46e-01	7.51e-03	1.03e-04	8.41e-07	0.00e+00	0.00e+00	0.00e+00	0.00e+00
 1.75926e+23	1.57e-04	6.89e-02	7.93e-01	1.31e-01	6.12e-03	7.90e-05	6.19e-07	0.00e+00	0.00e+00	0.00e+00	0.00e+00
 1.77107e+23	1.81e-04	7.45e-02	8.00e-01	1.20e-01	5.14e-03	6.27e-05	4.75e-07	0.00e+00	0.00e+00	0.00e+00	0.00e+00
 1.78302e+23	2.14e-04	8.15e-02	8.07e-01	1.07e-01	4.12e-03	4.72e-05	3.43e-07	0.00e+00	0.00e+00	0.00e+00	0.00e+00
 1.79505e+23	2.45e-04	8.78e-02	8.11e-01	9.70e-02	3.44e-03	3.74e-05	2.63e-07	0.00e+00	0.00e+00	0.00e+00	0.00e+00
 1.80718e+23	2.91e-04	9.61e-02	8.15e-01	8.55e-02	2.73e-03	2.78e-05	1.87e-07	0.00e+00	0.00e+00	0.00e+00	0.00e+00
 1.81945e+23	3.36e-04	1.04e-01	8.17e-01	7.68e-02	2.24e-03	2.17e-05	1.40e-07	0.00e+00	0.00e+00	0.00e+00	0.00e+00
 1.83190e+23	3.99e-04	1.13e-01	8.18e-01	6.68e-02	1.75e-03	1.59e-05	0.00e+00	0.00e+00	0.00e+00	0.00e+00	0.00e+00
 1.84448e+23	4.63e-04	1.23e-01	8.16e-01	5.93e-02	1.42e-03	1.23e-05	0.00e+00	0.00e+00	0.00e+00	0.00e+00	0.00e+00
 1.85724e+23	5.58e-04	1.35e-01	8.13e-01	5.07e-02	1.09e-03	8.81e-06	0.00e+00	0.00e+00	0.00e+00	0.00e+00	0.00e+00
 1.87008e+23	6.50e-04	1.45e-01	8.09e-01	4.45e-02	8.72e-04	6.73e-06	0.00e+00	0.00e+00	0.00e+00	0.00e+00	0.00e+00
 1.88302e+23	7.89e-04	1.60e-01	8.02e-01	3.74e-02	6.52e-04	4.71e-06	0.00e+00	0.00e+00	0.00e+00	0.00e+00	0.00e+00
 1.89609e+23	9.25e-04	1.72e-01	7.94e-01	3.23e-02	5.15e-04	3.53e-06	0.00e+00	0.00e+00	0.00e+00	0.00e+00	0.00e+00
 1.90932e+23	1.13e-03	1.90e-01	7.82e-01	2.65e-02	3.76e-04	2.41e-06	0.00e+00	0.00e+00	0.00e+00	0.00e+00	0.00e+00
 1.92278e+23	1.35e-03	2.05e-01	7.71e-01	2.23e-02	2.88e-04	1.74e-06	0.00e+00	0.00e+00	0.00e+00	0.00e+00	0.00e+00
 1.93656e+23	1.67e-03	2.26e-01	7.54e-01	1.77e-02	2.04e-04	1.13e-06	0.00e+00	0.00e+00	0.00e+00	0.00e+00	0.00e+00
 1.95043e+23	2.01e-03	2.45e-01	7.38e-01	1.44e-02	1.52e-04	7.81e-07	0.00e+00	0.00e+00	0.00e+00	0.00e+00	0.00e+00
 1.96091e+23	2.30e-03	2.60e-01	7.25e-01	1.22e-02	1.21e-04	5.86e-07	0.00e+00	0.00e+00	0.00e+00	0.00e+00	0.00e+00
 1.97101e+23	2.71e-03	2.78e-01	7.09e-01	9.97e-03	9.16e-05	4.07e-07	0.00e+00	0.00e+00	0.00e+00	0.00e+00	0.00e+00
 1.98165e+23	3.16e-03	2.96e-01	6.93e-01	8.13e-03	7.02e-05	2.86e-07	0.00e+00	0.00e+00	0.00e+00	0.00e+00	0.00e+00
 1.99144e+23	3.67e-03	3.13e-01	6.77e-01	6.60e-03	5.38e-05	1.99e-07	0.00e+00	0.00e+00	0.00e+00	0.00e+00	0.00e+00
 2.00258e+23	4.43e-03	3.35e-01	6.55e-01	4.98e-03	3.81e-05	1.22e-07	0.00e+00	0.00e+00	0.00e+00	0.00e+00	0.00e+00
 2.01382e+23	5.24e-03	3.55e-01	6.36e-01	3.78e-03	2.76e-05	0.00e+00	0.00e+00	0.00e+00	0.00e+00	0.00e+00	0.00e+00
 2.02279e+23	6.00e-03	3.71e-01	6.20e-01	2.95e-03	2.10e-05	0.00e+00	0.00e+00	0.00e+00	0.00e+00	0.00e+00	0.00e+00
 2.03059e+23	6.84e-03	3.86e-01	6.05e-01	2.31e-03	1.61e-05	0.00e+00	0.00e+00	0.00e+00	0.00e+00	0.00e+00	0.00e+00
 2.03796e+23	7.72e-03	3.99e-01	5.92e-01	1.80e-03	1.24e-05	0.00e+00	0.00e+00	0.00e+00	0.00e+00	0.00e+00	0.00e+00
 2.04489e+23	8.71e-03	4.11e-01	5.79e-01	1.39e-03	9.50e-06	0.00e+00	0.00e+00	0.00e+00	0.00e+00	0.00e+00	0.00e+00
 2.05121e+23	9.72e-03	4.21e-01	5.68e-01	1.08e-03	7.38e-06	0.00e+00	0.00e+00	0.00e+00	0.00e+00	0.00e+00	0.00e+00
 2.05681e+23	1.08e-02	4.29e-01	5.59e-01	8.49e-04	5.82e-06	0.00e+00	0.00e+00	0.00e+00	0.00e+00	0.00e+00	0.00e+00
 2.06180e+23	1.18e-02	4.36e-01	5.52e-01	6.77e-04	4.67e-06	0.00e+00	0.00e+00	0.00e+00	0.00e+00	0.00e+00	0.00e+00
 2.06634e+23	1.29e-02	4.41e-01	5.45e-01	5.42e-04	3.78e-06	0.00e+00	0.00e+00	0.00e+00	0.00e+00	0.00e+00	0.00e+00
 2.07050e+23	1.39e-02	4.45e-01	5.41e-01	4.42e-04	3.12e-06	0.00e+00	0.00e+00	0.00e+00	0.00e+00	0.00e+00	0.00e+00
 2.07430e+23	1.50e-02	4.47e-01	5.37e-01	3.64e-04	2.61e-06	0.00e+00	0.00e+00	0.00e+00	0.00e+00	0.00e+00	0.00e+00
 2.07781e+23	1.61e-02	4.49e-01	5.35e-01	3.04e-04	2.20e-06	0.00e+00	0.00e+00	0.00e+00	0.00e+00	0.00e+00	0.00e+00
 2.08106e+23	1.71e-02	4.49e-01	5.34e-01	2.58e-04	1.90e-06	0.00e+00	0.00e+00	0.00e+00	0.00e+00	0.00e+00	0.00e+00
 2.08328e+23	1.77e-02	4.48e-01	5.34e-01	2.33e-04	1.73e-06	0.00e+00	0.00e+00	0.00e+00	0.00e+00	0.00e+00	0.00e+00
 2.08435e+23	1.80e-02	4.47e-01	5.35e-01	2.22e-04	1.66e-06	0.00e+00	0.00e+00	0.00e+00	0.00e+00	0.00e+00	0.00e+00
 2.08531e+23	1.83e-02	4.47e-01	5.34e-01	2.12e-04	1.59e-06	0.00e+00	0.00e+00	0.00e+00	0.00e+00	0.00e+00	0.00e+00
 2.08654e+23	1.88e-02	4.47e-01	5.34e-01	1.99e-04	1.50e-06	0.00e+00	0.00e+00	0.00e+00	0.00e+00	0.00e+00	0.00e+00
 2.08796e+23	1.94e-02	4.47e-01	5.34e-01	1.86e-04	1.41e-06	0.00e+00	0.00e+00	0.00e+00	0.00e+00	0.00e+00	0.00e+00
 2.08938e+23	1.98e-02	4.45e-01	5.35e-01	1.75e-04	1.34e-06	0.00e+00	0.00e+00	0.00e+00	0.00e+00	0.00e+00	0.00e+00
 2.09082e+23	2.03e-02	4.44e-01	5.35e-01	1.64e-04	1.26e-06	0.00e+00	0.00e+00	0.00e+00	0.00e+00	0.00e+00	0.00e+00
 2.09234e+23	2.10e-02	4.44e-01	5.35e-01	1.53e-04	1.19e-06	0.00e+00	0.00e+00	0.00e+00	0.00e+00	0.00e+00	0.00e+00
 2.09386e+23	2.14e-02	4.42e-01	5.37e-01	1.44e-04	1.13e-06	0.00e+00	0.00e+00	0.00e+00	0.00e+00	0.00e+00	0.00e+00
 2.09537e+23	2.20e-02	4.41e-01	5.37e-01	1.36e-04	1.07e-06	0.00e+00	0.00e+00	0.00e+00	0.00e+00	0.00e+00	0.00e+00
 2.09692e+23	2.26e-02	4.40e-01	5.38e-01	1.28e-04	1.02e-06	0.00e+00	0.00e+00	0.00e+00	0.00e+00	0.00e+00	0.00e+00
 2.09850e+23	2.32e-02	4.38e-01	5.39e-01	1.21e-04	9.72e-07	0.00e+00	0.00e+00	0.00e+00	0.00e+00	0.00e+00	0.00e+00
 2.09976e+23	2.34e-02	4.36e-01	5.40e-01	1.16e-04	9.42e-07	0.00e+00	0.00e+00	0.00e+00	0.00e+00	0.00e+00	0.00e+00
 2.10060e+23	2.38e-02	4.35e-01	5.41e-01	1.13e-04	9.21e-07	0.00e+00	0.00e+00	0.00e+00	0.00e+00	0.00e+00	0.00e+00
 2.10140e+23	2.41e-02	4.35e-01	5.41e-01	1.10e-04	9.01e-07	0.00e+00	0.00e+00	0.00e+00	0.00e+00	0.00e+00	0.00e+00
 2.10235e+23	2.45e-02	4.35e-01	5.41e-01	1.07e-04	8.78e-07	0.00e+00	0.00e+00	0.00e+00	0.00e+00	0.00e+00	0.00e+00
 2.10339e+23	2.50e-02	4.34e-01	5.41e-01	1.04e-04	8.55e-07	0.00e+00	0.00e+00	0.00e+00	0.00e+00	0.00e+00	0.00e+00
 2.10442e+23	2.54e-02	4.34e-01	5.41e-01	1.00e-04	8.34e-07	0.00e+00	0.00e+00	0.00e+00	0.00e+00	0.00e+00	0.00e+00
 2.10544e+23	2.58e-02	4.33e-01	5.41e-01	9.75e-05	8.15e-07	0.00e+00	0.00e+00	0.00e+00	0.00e+00	0.00e+00	0.00e+00
 2.10647e+23	2.63e-02	4.33e-01	5.41e-01	9.47e-05	7.96e-07	0.00e+00	0.00e+00	0.00e+00	0.00e+00	0.00e+00	0.00e+00
 2.10755e+23	2.68e-02	4.33e-01	5.40e-01	9.19e-05	7.78e-07	0.00e+00	0.00e+00	0.00e+00	0.00e+00	0.00e+00	0.00e+00
 2.10865e+23	2.73e-02	4.33e-01	5.40e-01	8.92e-05	7.59e-07	0.00e+00	0.00e+00	0.00e+00	0.00e+00	0.00e+00	0.00e+00
 2.10976e+23	2.79e-02	4.33e-01	5.39e-01	8.67e-05	7.43e-07	0.00e+00	0.00e+00	0.00e+00	0.00e+00	0.00e+00	0.00e+00
 2.11088e+23	2.84e-02	4.33e-01	5.39e-01	8.42e-05	7.26e-07	0.00e+00	0.00e+00	0.00e+00	0.00e+00	0.00e+00	0.00e+00
 2.11206e+23	2.90e-02	4.33e-01	5.38e-01	8.18e-05	7.10e-07	0.00e+00	0.00e+00	0.00e+00	0.00e+00	0.00e+00	0.00e+00
 2.11328e+23	2.98e-02	4.34e-01	5.36e-01	7.93e-05	6.94e-07	0.00e+00	0.00e+00	0.00e+00	0.00e+00	0.00e+00	0.00e+00
 2.11451e+23	3.04e-02	4.34e-01	5.36e-01	7.71e-05	6.79e-07	0.00e+00	0.00e+00	0.00e+00	0.00e+00	0.00e+00	0.00e+00
 2.11577e+23	3.11e-02	4.35e-01	5.34e-01	7.48e-05	6.64e-07	0.00e+00	0.00e+00	0.00e+00	0.00e+00	0.00e+00	0.00e+00
 2.11709e+23	3.20e-02	4.36e-01	5.32e-01	7.26e-05	6.49e-07	0.00e+00	0.00e+00	0.00e+00	0.00e+00	0.00e+00	0.00e+00
 2.11843e+23	3.28e-02	4.37e-01	5.30e-01	7.04e-05	6.35e-07	0.00e+00	0.00e+00	0.00e+00	0.00e+00	0.00e+00	0.00e+00
 2.11979e+23	3.37e-02	4.38e-01	5.28e-01	6.84e-05	6.21e-07	0.00e+00	0.00e+00	0.00e+00	0.00e+00	0.00e+00	0.00e+00
 2.12121e+23	3.46e-02	4.40e-01	5.25e-01	6.63e-05	6.07e-07	0.00e+00	0.00e+00	0.00e+00	0.00e+00	0.00e+00	0.00e+00
 2.12269e+23	3.57e-02	4.42e-01	5.23e-01	6.42e-05	5.94e-07	0.00e+00	0.00e+00	0.00e+00	0.00e+00	0.00e+00	0.00e+00
 2.12421e+23	3.68e-02	4.43e-01	5.20e-01	6.22e-05	5.80e-07	0.00e+00	0.00e+00	0.00e+00	0.00e+00	0.00e+00	0.00e+00
 2.12576e+23	3.79e-02	4.45e-01	5.17e-01	6.03e-05	5.67e-07	0.00e+00	0.00e+00	0.00e+00	0.00e+00	0.00e+00	0.00e+00
 2.12736e+23	3.91e-02	4.48e-01	5.13e-01	5.83e-05	5.54e-07	0.00e+00	0.00e+00	0.00e+00	0.00e+00	0.00e+00	0.00e+00
 2.12904e+23	4.05e-02	4.50e-01	5.09e-01	5.64e-05	5.41e-07	0.00e+00	0.00e+00	0.00e+00	0.00e+00	0.00e+00	0.00e+00
 2.13077e+23	4.18e-02	4.53e-01	5.05e-01	5.46e-05	5.28e-07	0.00e+00	0.00e+00	0.00e+00	0.00e+00	0.00e+00	0.00e+00
 2.13254e+23	4.33e-02	4.56e-01	5.01e-01	5.27e-05	5.15e-07	0.00e+00	0.00e+00	0.00e+00	0.00e+00	0.00e+00	0.00e+00
 2.13437e+23	4.49e-02	4.59e-01	4.96e-01	5.09e-05	5.03e-07	0.00e+00	0.00e+00	0.00e+00	0.00e+00	0.00e+00	0.00e+00
 2.13624e+23	4.64e-02	4.61e-01	4.92e-01	4.92e-05	4.91e-07	0.00e+00	0.00e+00	0.00e+00	0.00e+00	0.00e+00	0.00e+00
 2.13814e+23	4.82e-02	4.65e-01	4.87e-01	4.75e-05	4.79e-07	0.00e+00	0.00e+00	0.00e+00	0.00e+00	0.00e+00	0.00e+00
 2.14010e+23	5.00e-02	4.69e-01	4.81e-01	4.59e-05	4.67e-07	0.00e+00	0.00e+00	0.00e+00	0.00e+00	0.00e+00	0.00e+00
 2.14213e+23	5.20e-02	4.72e-01	4.76e-01	4.42e-05	4.55e-07	0.00e+00	0.00e+00	0.00e+00	0.00e+00	0.00e+00	0.00e+00
 2.14421e+23	5.40e-02	4.76e-01	4.70e-01	4.27e-05	4.43e-07	0.00e+00	0.00e+00	0.00e+00	0.00e+00	0.00e+00	0.00e+00
 2.14632e+23	5.62e-02	4.80e-01	4.64e-01	4.12e-05	4.31e-07	0.00e+00	0.00e+00	0.00e+00	0.00e+00	0.00e+00	0.00e+00
 2.14847e+23	5.85e-02	4.84e-01	4.58e-01	3.97e-05	4.20e-07	0.00e+00	0.00e+00	0.00e+00	0.00e+00	0.00e+00	0.00e+00
 2.15073e+23	6.08e-02	4.88e-01	4.51e-01	3.82e-05	4.08e-07	0.00e+00	0.00e+00	0.00e+00	0.00e+00	0.00e+00	0.00e+00
 2.15306e+23	6.33e-02	4.92e-01	4.45e-01	3.67e-05	3.97e-07	0.00e+00	0.00e+00	0.00e+00	0.00e+00	0.00e+00	0.00e+00
 2.15545e+23	6.61e-02	4.96e-01	4.37e-01	3.53e-05	3.85e-07	0.00e+00	0.00e+00	0.00e+00	0.00e+00	0.00e+00	0.00e+00
 2.15795e+23	6.91e-02	5.01e-01	4.30e-01	3.39e-05	3.73e-07	0.00e+00	0.00e+00	0.00e+00	0.00e+00	0.00e+00	0.00e+00
 2.16056e+23	7.23e-02	5.06e-01	4.22e-01	3.24e-05	3.60e-07	0.00e+00	0.00e+00	0.00e+00	0.00e+00	0.00e+00	0.00e+00
 2.16325e+23	7.57e-02	5.10e-01	4.14e-01	3.10e-05	3.48e-07	0.00e+00	0.00e+00	0.00e+00	0.00e+00	0.00e+00	0.00e+00
 2.16603e+23	7.96e-02	5.15e-01	4.05e-01	2.96e-05	3.35e-07	0.00e+00	0.00e+00	0.00e+00	0.00e+00	0.00e+00	0.00e+00
 2.16882e+23	8.34e-02	5.20e-01	3.97e-01	2.84e-05	3.22e-07	0.00e+00	0.00e+00	0.00e+00	0.00e+00	0.00e+00	0.00e+00
 2.17152e+23	8.74e-02	5.24e-01	3.88e-01	2.72e-05	3.11e-07	0.00e+00	0.00e+00	0.00e+00	0.00e+00	0.00e+00	0.00e+00
 2.17413e+23	9.15e-02	5.29e-01	3.80e-01	2.60e-05	2.99e-07	0.00e+00	0.00e+00	0.00e+00	0.00e+00	0.00e+00	0.00e+00
 2.17665e+23	9.56e-02	5.33e-01	3.72e-01	2.49e-05	2.88e-07	0.00e+00	0.00e+00	0.00e+00	0.00e+00	0.00e+00	0.00e+00
 2.17907e+23	9.97e-02	5.36e-01	3.64e-01	2.36e-05	2.78e-07	0.00e+00	0.00e+00	0.00e+00	0.00e+00	0.00e+00	0.00e+00
 2.18137e+23	1.04e-01	5.40e-01	3.56e-01	2.25e-05	2.68e-07	0.00e+00	0.00e+00	0.00e+00	0.00e+00	0.00e+00	0.00e+00
 2.18350e+23	1.08e-01	5.43e-01	3.49e-01	2.15e-05	2.59e-07	0.00e+00	0.00e+00	0.00e+00	0.00e+00	0.00e+00	0.00e+00
 2.18558e+23	1.12e-01	5.46e-01	3.42e-01	2.05e-05	2.50e-07	0.00e+00	0.00e+00	0.00e+00	0.00e+00	0.00e+00	0.00e+00
 2.18767e+23	1.16e-01	5.49e-01	3.35e-01	1.95e-05	2.41e-07	0.00e+00	0.00e+00	0.00e+00	0.00e+00	0.00e+00	0.00e+00
 2.18969e+23	1.21e-01	5.51e-01	3.28e-01	1.86e-05	2.33e-07	0.00e+00	0.00e+00	0.00e+00	0.00e+00	0.00e+00	0.00e+00
 2.19164e+23	1.25e-01	5.54e-01	3.21e-01	1.78e-05	2.25e-07	0.00e+00	0.00e+00	0.00e+00	0.00e+00	0.00e+00	0.00e+00
 2.19352e+23	1.29e-01	5.56e-01	3.15e-01	1.70e-05	2.17e-07	0.00e+00	0.00e+00	0.00e+00	0.00e+00	0.00e+00	0.00e+00
 2.19534e+23	1.34e-01	5.58e-01	3.08e-01	1.63e-05	2.10e-07	0.00e+00	0.00e+00	0.00e+00	0.00e+00	0.00e+00	0.00e+00
 2.19711e+23	1.38e-01	5.60e-01	3.02e-01	1.56e-05	2.02e-07	0.00e+00	0.00e+00	0.00e+00	0.00e+00	0.00e+00	0.00e+00
 2.19881e+23	1.43e-01	5.61e-01	2.96e-01	1.50e-05	1.96e-07	0.00e+00	0.00e+00	0.00e+00	0.00e+00	0.00e+00	0.00e+00
 2.20046e+23	1.48e-01	5.63e-01	2.89e-01	1.44e-05	1.89e-07	0.00e+00	0.00e+00	0.00e+00	0.00e+00	0.00e+00	0.00e+00
 2.20205e+23	1.52e-01	5.64e-01	2.83e-01	1.38e-05	1.83e-07	0.00e+00	0.00e+00	0.00e+00	0.00e+00	0.00e+00	0.00e+00
 2.20359e+23	1.57e-01	5.66e-01	2.77e-01	1.33e-05	1.76e-07	0.00e+00	0.00e+00	0.00e+00	0.00e+00	0.00e+00	0.00e+00
 2.20504e+23	1.62e-01	5.67e-01	2.72e-01	1.28e-05	1.71e-07	0.00e+00	0.00e+00	0.00e+00	0.00e+00	0.00e+00	0.00e+00
 2.20647e+23	1.66e-01	5.68e-01	2.66e-01	1.23e-05	1.65e-07	0.00e+00	0.00e+00	0.00e+00	0.00e+00	0.00e+00	0.00e+00
 2.20786e+23	1.71e-01	5.68e-01	2.60e-01	1.18e-05	1.60e-07	0.00e+00	0.00e+00	0.00e+00	0.00e+00	0.00e+00	0.00e+00
 2.20913e+23	1.76e-01	5.69e-01	2.55e-01	1.14e-05	1.55e-07	0.00e+00	0.00e+00	0.00e+00	0.00e+00	0.00e+00	0.00e+00
 2.21029e+23	1.80e-01	5.70e-01	2.50e-01	1.11e-05	1.50e-07	0.00e+00	0.00e+00	0.00e+00	0.00e+00	0.00e+00	0.00e+00
 2.21134e+23	1.84e-01	5.70e-01	2.46e-01	1.07e-05	1.46e-07	0.00e+00	0.00e+00	0.00e+00	0.00e+00	0.00e+00	0.00e+00
 2.21230e+23	1.88e-01	5.70e-01	2.41e-01	1.04e-05	1.43e-07	0.00e+00	0.00e+00	0.00e+00	0.00e+00	0.00e+00	0.00e+00
 2.21317e+23	1.92e-01	5.70e-01	2.38e-01	1.02e-05	1.39e-07	0.00e+00	0.00e+00	0.00e+00	0.00e+00	0.00e+00	0.00e+00
 2.21396e+23	1.96e-01	5.70e-01	2.34e-01	9.93e-06	1.36e-07	0.00e+00	0.00e+00	0.00e+00	0.00e+00	0.00e+00	0.00e+00
 2.21469e+23	1.99e-01	5.71e-01	2.31e-01	9.71e-06	1.33e-07	0.00e+00	0.00e+00	0.00e+00	0.00e+00	0.00e+00	0.00e+00
 2.21548e+23	2.03e-01	5.70e-01	2.27e-01	9.45e-06	1.30e-07	0.00e+00	0.00e+00	0.00e+00	0.00e+00	0.00e+00	0.00e+00
 2.21633e+23	2.07e-01	5.70e-01	2.23e-01	9.21e-06	1.27e-07	0.00e+00	0.00e+00	0.00e+00	0.00e+00	0.00e+00	0.00e+00
 2.21711e+23	2.10e-01	5.70e-01	2.20e-01	9.00e-06	1.25e-07	0.00e+00	0.00e+00	0.00e+00	0.00e+00	0.00e+00	0.00e+00
 2.21781e+23	2.13e-01	5.70e-01	2.17e-01	8.80e-06	0.00e+00	0.00e+00	0.00e+00	0.00e+00	0.00e+00	0.00e+00	0.00e+00
 2.21846e+23	2.16e-01	5.70e-01	2.14e-01	8.64e-06	0.00e+00	0.00e+00	0.00e+00	0.00e+00	0.00e+00	0.00e+00	0.00e+00
 2.21916e+23	2.20e-01	5.70e-01	2.11e-01	8.42e-06	0.00e+00	0.00e+00	0.00e+00	0.00e+00	0.00e+00	0.00e+00	0.00e+00
 2.22008e+23	2.25e-01	5.69e-01	2.06e-01	8.16e-06	0.00e+00	0.00e+00	0.00e+00	0.00e+00	0.00e+00	0.00e+00	0.00e+00
 2.22107e+23	2.29e-01	5.68e-01	2.03e-01	7.93e-06	0.00e+00	0.00e+00	0.00e+00	0.00e+00	0.00e+00	0.00e+00	0.00e+00
 2.22197e+23	2.33e-01	5.68e-01	1.99e-01	7.70e-06	0.00e+00	0.00e+00	0.00e+00	0.00e+00	0.00e+00	0.00e+00	0.00e+00
 2.22279e+23	2.37e-01	5.67e-01	1.96e-01	7.52e-06	0.00e+00	0.00e+00	0.00e+00	0.00e+00	0.00e+00	0.00e+00	0.00e+00
 2.22369e+23	2.42e-01	5.67e-01	1.92e-01	7.29e-06	0.00e+00	0.00e+00	0.00e+00	0.00e+00	0.00e+00	0.00e+00	0.00e+00
 2.22466e+23	2.46e-01	5.66e-01	1.89e-01	7.09e-06	0.00e+00	0.00e+00	0.00e+00	0.00e+00	0.00e+00	0.00e+00	0.00e+00
 2.22554e+23	2.50e-01	5.65e-01	1.85e-01	6.89e-06	0.00e+00	0.00e+00	0.00e+00	0.00e+00	0.00e+00	0.00e+00	0.00e+00
 2.22634e+23	2.53e-01	5.64e-01	1.83e-01	6.75e-06	0.00e+00	0.00e+00	0.00e+00	0.00e+00	0.00e+00	0.00e+00	0.00e+00
 2.22722e+23	2.58e-01	5.63e-01	1.79e-01	6.54e-06	0.00e+00	0.00e+00	0.00e+00	0.00e+00	0.00e+00	0.00e+00	0.00e+00
 2.22817e+23	2.62e-01	5.62e-01	1.76e-01	6.36e-06	0.00e+00	0.00e+00	0.00e+00	0.00e+00	0.00e+00	0.00e+00	0.00e+00
 2.22903e+23	2.66e-01	5.61e-01	1.73e-01	6.20e-06	0.00e+00	0.00e+00	0.00e+00	0.00e+00	0.00e+00	0.00e+00	0.00e+00
 2.22998e+23	2.71e-01	5.60e-01	1.69e-01	6.01e-06	0.00e+00	0.00e+00	0.00e+00	0.00e+00	0.00e+00	0.00e+00	0.00e+00
 2.23100e+23	2.75e-01	5.59e-01	1.66e-01	5.83e-06	0.00e+00	0.00e+00	0.00e+00	0.00e+00	0.00e+00	0.00e+00	0.00e+00
 2.23193e+23	2.79e-01	5.57e-01	1.63e-01	5.67e-06	0.00e+00	0.00e+00	0.00e+00	0.00e+00	0.00e+00	0.00e+00	0.00e+00
 2.23278e+23	2.84e-01	5.56e-01	1.60e-01	5.52e-06	0.00e+00	0.00e+00	0.00e+00	0.00e+00	0.00e+00	0.00e+00	0.00e+00
 2.23355e+23	2.88e-01	5.55e-01	1.57e-01	5.38e-06	0.00e+00	0.00e+00	0.00e+00	0.00e+00	0.00e+00	0.00e+00	0.00e+00
 2.23425e+23	2.91e-01	5.54e-01	1.55e-01	5.28e-06	0.00e+00	0.00e+00	0.00e+00	0.00e+00	0.00e+00	0.00e+00	0.00e+00
 2.23502e+23	2.96e-01	5.52e-01	1.52e-01	5.12e-06	0.00e+00	0.00e+00	0.00e+00	0.00e+00	0.00e+00	0.00e+00	0.00e+00
 2.23602e+23	3.01e-01	5.50e-01	1.49e-01	4.95e-06	0.00e+00	0.00e+00	0.00e+00	0.00e+00	0.00e+00	0.00e+00	0.00e+00
 2.23710e+23	3.06e-01	5.48e-01	1.45e-01	4.79e-06	0.00e+00	0.00e+00	0.00e+00	0.00e+00	0.00e+00	0.00e+00	0.00e+00
 2.23808e+23	3.12e-01	5.46e-01	1.42e-01	4.64e-06	0.00e+00	0.00e+00	0.00e+00	0.00e+00	0.00e+00	0.00e+00	0.00e+00
 2.23897e+23	3.16e-01	5.44e-01	1.39e-01	4.51e-06	0.00e+00	0.00e+00	0.00e+00	0.00e+00	0.00e+00	0.00e+00	0.00e+00
 2.23978e+23	3.21e-01	5.43e-01	1.37e-01	4.39e-06	0.00e+00	0.00e+00	0.00e+00	0.00e+00	0.00e+00	0.00e+00	0.00e+00
 2.24052e+23	3.25e-01	5.41e-01	1.34e-01	4.28e-06	0.00e+00	0.00e+00	0.00e+00	0.00e+00	0.00e+00	0.00e+00	0.00e+00
 2.24133e+23	3.30e-01	5.39e-01	1.31e-01	4.15e-06	0.00e+00	0.00e+00	0.00e+00	0.00e+00	0.00e+00	0.00e+00	0.00e+00
 2.24221e+23	3.35e-01	5.37e-01	1.29e-01	4.04e-06	0.00e+00	0.00e+00	0.00e+00	0.00e+00	0.00e+00	0.00e+00	0.00e+00
 2.24300e+23	3.39e-01	5.35e-01	1.27e-01	3.94e-06	0.00e+00	0.00e+00	0.00e+00	0.00e+00	0.00e+00	0.00e+00	0.00e+00
 2.24387e+23	3.44e-01	5.32e-01	1.24e-01	3.81e-06	0.00e+00	0.00e+00	0.00e+00	0.00e+00	0.00e+00	0.00e+00	0.00e+00
 2.24482e+23	3.49e-01	5.30e-01	1.21e-01	3.70e-06	0.00e+00	0.00e+00	0.00e+00	0.00e+00	0.00e+00	0.00e+00	0.00e+00
 2.24567e+23	3.53e-01	5.28e-01	1.19e-01	3.60e-06	0.00e+00	0.00e+00	0.00e+00	0.00e+00	0.00e+00	0.00e+00	0.00e+00
 2.24645e+23	3.58e-01	5.26e-01	1.16e-01	3.51e-06	0.00e+00	0.00e+00	0.00e+00	0.00e+00	0.00e+00	0.00e+00	0.00e+00
 2.24716e+23	3.61e-01	5.24e-01	1.15e-01	3.43e-06	0.00e+00	0.00e+00	0.00e+00	0.00e+00	0.00e+00	0.00e+00	0.00e+00
 2.24794e+23	3.66e-01	5.21e-01	1.12e-01	3.33e-06	0.00e+00	0.00e+00	0.00e+00	0.00e+00	0.00e+00	0.00e+00	0.00e+00
 2.24895e+23	3.72e-01	5.18e-01	1.09e-01	3.22e-06	0.00e+00	0.00e+00	0.00e+00	0.00e+00	0.00e+00	0.00e+00	0.00e+00
 2.25004e+23	3.77e-01	5.16e-01	1.07e-01	3.12e-06	0.00e+00	0.00e+00	0.00e+00	0.00e+00	0.00e+00	0.00e+00	0.00e+00
 2.25103e+23	3.82e-01	5.13e-01	1.05e-01	3.02e-06	0.00e+00	0.00e+00	0.00e+00	0.00e+00	0.00e+00	0.00e+00	0.00e+00
 2.25194e+23	3.87e-01	5.11e-01	1.03e-01	2.94e-06	0.00e+00	0.00e+00	0.00e+00	0.00e+00	0.00e+00	0.00e+00	0.00e+00
 2.25276e+23	3.90e-01	5.09e-01	1.01e-01	2.87e-06	0.00e+00	0.00e+00	0.00e+00	0.00e+00	0.00e+00	0.00e+00	0.00e+00
 2.25366e+23	3.95e-01	5.06e-01	9.88e-02	2.78e-06	0.00e+00	0.00e+00	0.00e+00	0.00e+00	0.00e+00	0.00e+00	0.00e+00
 2.25463e+23	3.99e-01	5.04e-01	9.71e-02	2.71e-06	0.00e+00	0.00e+00	0.00e+00	0.00e+00	0.00e+00	0.00e+00	0.00e+00
 2.25552e+23	4.04e-01	5.01e-01	9.49e-02	2.63e-06	0.00e+00	0.00e+00	0.00e+00	0.00e+00	0.00e+00	0.00e+00	0.00e+00
 2.25632e+23	4.07e-01	4.99e-01	9.36e-02	2.57e-06	0.00e+00	0.00e+00	0.00e+00	0.00e+00	0.00e+00	0.00e+00	0.00e+00
 2.25721e+23	4.13e-01	4.96e-01	9.15e-02	2.50e-06	0.00e+00	0.00e+00	0.00e+00	0.00e+00	0.00e+00	0.00e+00	0.00e+00
 2.25816e+23	4.16e-01	4.94e-01	9.00e-02	2.43e-06	0.00e+00	0.00e+00	0.00e+00	0.00e+00	0.00e+00	0.00e+00	0.00e+00
 2.25920e+23	4.22e-01	4.90e-01	8.77e-02	2.35e-06	0.00e+00	0.00e+00	0.00e+00	0.00e+00	0.00e+00	0.00e+00	0.00e+00
 2.26033e+23	4.27e-01	4.87e-01	8.59e-02	2.28e-06	0.00e+00	0.00e+00	0.00e+00	0.00e+00	0.00e+00	0.00e+00	0.00e+00
 2.26136e+23	4.32e-01	4.84e-01	8.39e-02	2.21e-06	0.00e+00	0.00e+00	0.00e+00	0.00e+00	0.00e+00	0.00e+00	0.00e+00
 2.26229e+23	4.35e-01	4.82e-01	8.26e-02	2.15e-06	0.00e+00	0.00e+00	0.00e+00	0.00e+00	0.00e+00	0.00e+00	0.00e+00
