#depth	S	S+	S+2	S+3	S+4	S+5	S+6	S+7	S+8	S+9	S+10	S+11	S+12	S+13	S+14	S+15	S+16
 1.54284e+22	0.00e+00	9.47e-21	3.68e-17	1.27e-14	2.04e-12	2.08e-10	3.34e-07	3.39e-05	1.00e-03	8.49e-03	4.68e-02	1.09e-01	1.24e-01	1.42e-01	4.08e-01	1.43e-01	1.62e-02
 3.41660e+22	2.23e-31	8.42e-18	1.41e-14	1.82e-12	1.05e-10	4.20e-09	6.01e-06	5.65e-04	1.21e-02	5.92e-02	1.94e-01	2.74e-01	1.70e-01	1.00e-01	1.61e-01	2.78e-02	1.56e-03
 3.86162e+22	1.70e-30	4.92e-17	6.70e-14	6.80e-12	3.06e-10	9.78e-09	1.18e-05	1.06e-03	2.03e-02	8.55e-02	2.40e-01	2.95e-01	1.57e-01	7.80e-02	1.08e-01	1.51e-02	6.96e-04
 4.03276e+22	2.14e-30	1.11e-16	1.38e-13	1.26e-11	5.06e-10	1.46e-08	1.62e-05	1.40e-03	2.55e-02	9.97e-02	2.60e-01	2.99e-01	1.47e-01	6.80e-02	8.75e-02	1.12e-02	4.68e-04
 4.10407e+22	2.68e-30	1.35e-16	1.64e-13	1.46e-11	5.73e-10	1.61e-08	1.75e-05	1.49e-03	2.69e-02	1.03e-01	2.64e-01	3.00e-01	1.45e-01	6.57e-02	8.30e-02	1.04e-02	4.24e-04
 4.13688e+22	3.58e-30	1.74e-16	2.06e-13	1.77e-11	6.71e-10	1.83e-08	1.93e-05	1.63e-03	2.89e-02	1.08e-01	2.70e-01	3.00e-01	1.42e-01	6.27e-02	7.75e-02	9.39e-03	3.72e-04
 4.17313e+22	4.69e-30	2.20e-16	2.53e-13	2.12e-11	7.78e-10	2.06e-08	2.11e-05	1.76e-03	3.08e-02	1.13e-01	2.75e-01	3.00e-01	1.38e-01	6.00e-02	7.26e-02	8.55e-03	3.30e-04
 4.21385e+22	6.50e-30	2.94e-16	3.28e-13	2.64e-11	9.35e-10	2.39e-08	2.37e-05	1.95e-03	3.32e-02	1.19e-01	2.81e-01	2.99e-01	1.34e-01	5.67e-02	6.70e-02	7.62e-03	2.84e-04
 4.25627e+22	8.86e-30	3.85e-16	4.16e-13	3.24e-11	1.11e-09	2.73e-08	2.62e-05	2.13e-03	3.57e-02	1.24e-01	2.87e-01	2.98e-01	1.31e-01	5.38e-02	6.20e-02	6.83e-03	2.47e-04
 4.29384e+22	1.15e-29	4.83e-16	5.10e-13	3.86e-11	1.28e-09	3.07e-08	2.88e-05	2.30e-03	3.79e-02	1.29e-01	2.91e-01	2.97e-01	1.27e-01	5.13e-02	5.80e-02	6.21e-03	2.18e-04
 4.33563e+22	1.59e-29	6.43e-16	6.59e-13	4.82e-11	1.54e-09	3.57e-08	3.23e-05	2.53e-03	4.08e-02	1.35e-01	2.97e-01	2.95e-01	1.23e-01	4.83e-02	5.32e-02	5.51e-03	1.87e-04
 4.38039e+22	2.18e-29	8.43e-16	8.39e-13	5.93e-11	1.83e-09	4.10e-08	3.59e-05	2.77e-03	4.38e-02	1.41e-01	3.01e-01	2.93e-01	1.19e-01	4.55e-02	4.90e-02	4.91e-03	1.61e-04
 4.42239e+22	2.90e-29	1.09e-15	1.05e-12	7.22e-11	2.15e-09	4.68e-08	3.98e-05	3.02e-03	4.67e-02	1.47e-01	3.06e-01	2.90e-01	1.15e-01	4.31e-02	4.53e-02	4.40e-03	1.40e-04
 4.47038e+22	4.22e-29	1.50e-15	1.41e-12	9.26e-11	2.65e-09	5.54e-08	4.53e-05	3.36e-03	5.07e-02	1.54e-01	3.10e-01	2.87e-01	1.10e-01	4.00e-02	4.10e-02	3.82e-03	1.17e-04
 4.52007e+22	5.78e-29	1.98e-15	1.80e-12	1.15e-10	3.17e-09	6.40e-08	5.06e-05	3.68e-03	5.42e-02	1.60e-01	3.14e-01	2.83e-01	1.06e-01	3.75e-02	3.75e-02	3.39e-03	1.00e-04
 4.56520e+22	7.82e-29	2.58e-15	2.28e-12	1.41e-10	3.77e-09	7.36e-08	5.63e-05	4.02e-03	5.79e-02	1.67e-01	3.18e-01	2.79e-01	1.02e-01	3.52e-02	3.44e-02	3.00e-03	8.61e-05
 4.61706e+22	1.15e-28	3.61e-15	3.09e-12	1.83e-10	4.69e-09	8.80e-08	6.45e-05	4.49e-03	6.29e-02	1.75e-01	3.21e-01	2.74e-01	9.65e-02	3.24e-02	3.07e-02	2.57e-03	7.08e-05
 4.66996e+22	1.59e-28	4.78e-15	3.97e-12	2.27e-10	5.62e-09	1.02e-07	7.22e-05	4.92e-03	6.72e-02	1.81e-01	3.24e-01	2.70e-01	9.23e-02	3.02e-02	2.80e-02	2.26e-03	6.01e-05
 4.72420e+22	2.38e-28	6.80e-15	5.44e-12	2.99e-10	7.05e-09	1.23e-07	8.31e-05	5.51e-03	7.30e-02	1.90e-01	3.27e-01	2.63e-01	8.70e-02	2.76e-02	2.48e-02	1.92e-03	4.88e-05
 4.77899e+22	3.27e-28	9.00e-15	6.99e-12	3.71e-10	8.46e-09	1.42e-07	9.29e-05	6.03e-03	7.78e-02	1.96e-01	3.29e-01	2.58e-01	8.29e-02	2.57e-02	2.25e-02	1.68e-03	4.12e-05
 4.83449e+22	4.91e-28	1.29e-14	9.63e-12	4.90e-10	1.07e-08	1.71e-07	1.07e-04	6.75e-03	8.44e-02	2.05e-01	3.30e-01	2.51e-01	7.78e-02	2.33e-02	1.98e-02	1.41e-03	3.32e-05
 4.89074e+22	6.80e-28	1.72e-14	1.25e-11	6.12e-10	1.28e-08	1.99e-07	1.20e-04	7.39e-03	9.00e-02	2.12e-01	3.31e-01	2.45e-01	7.38e-02	2.16e-02	1.78e-02	1.23e-03	2.78e-05
 4.94796e+22	1.04e-27	2.50e-14	1.74e-11	8.16e-10	1.63e-08	2.42e-07	1.39e-04	8.29e-03	9.75e-02	2.21e-01	3.31e-01	2.37e-01	6.88e-02	1.95e-02	1.56e-02	1.02e-03	2.20e-05
 5.00209e+22	1.37e-27	3.20e-14	2.17e-11	9.87e-10	1.91e-08	2.75e-07	1.53e-04	8.94e-03	1.03e-01	2.27e-01	3.31e-01	2.32e-01	6.55e-02	1.81e-02	1.42e-02	9.00e-04	1.88e-05
 5.05221e+22	1.98e-27	4.47e-14	2.92e-11	1.27e-09	2.36e-08	3.26e-07	1.73e-04	9.87e-03	1.10e-01	2.34e-01	3.30e-01	2.25e-01	6.14e-02	1.65e-02	1.25e-02	7.61e-04	1.52e-05
 5.10272e+22	2.60e-27	5.71e-14	3.64e-11	1.54e-09	2.76e-08	3.72e-07	1.91e-04	1.07e-02	1.16e-01	2.40e-01	3.29e-01	2.19e-01	5.83e-02	1.54e-02	1.14e-02	6.71e-04	1.30e-05
 5.15377e+22	3.80e-27	8.06e-14	4.94e-11	2.00e-09	3.43e-08	4.43e-07	2.18e-04	1.18e-02	1.24e-01	2.47e-01	3.27e-01	2.11e-01	5.44e-02	1.39e-02	9.99e-03	5.62e-04	1.04e-05
 5.20518e+22	5.04e-27	1.04e-13	6.22e-11	2.44e-09	4.05e-08	5.07e-07	2.40e-04	1.27e-02	1.31e-01	2.53e-01	3.25e-01	2.05e-01	5.14e-02	1.29e-02	9.03e-03	4.91e-04	8.80e-06
 5.25708e+22	7.34e-27	1.48e-13	8.47e-11	3.18e-09	5.04e-08	6.05e-07	2.74e-04	1.40e-02	1.39e-01	2.60e-01	3.22e-01	1.97e-01	4.77e-02	1.16e-02	7.88e-03	4.09e-04	6.99e-06
 5.30983e+22	9.81e-27	1.93e-13	1.08e-10	3.90e-09	5.98e-08	6.97e-07	3.04e-04	1.52e-02	1.47e-01	2.65e-01	3.19e-01	1.91e-01	4.49e-02	1.07e-02	7.07e-03	3.54e-04	5.84e-06
 5.36369e+22	1.44e-26	2.78e-13	1.49e-10	5.15e-09	7.53e-08	8.40e-07	3.49e-04	1.69e-02	1.57e-01	2.72e-01	3.14e-01	1.82e-01	4.14e-02	9.54e-03	6.10e-03	2.91e-04	4.57e-06
 5.41827e+22	1.93e-26	3.67e-13	1.90e-10	6.37e-09	9.00e-08	9.73e-07	3.88e-04	1.83e-02	1.65e-01	2.77e-01	3.11e-01	1.76e-01	3.87e-02	8.73e-03	5.44e-03	2.49e-04	3.78e-06
 5.47379e+22	2.84e-26	5.33e-13	2.65e-10	8.47e-09	1.14e-07	1.18e-06	4.48e-04	2.03e-02	1.76e-01	2.83e-01	3.05e-01	1.67e-01	3.54e-02	7.75e-03	4.66e-03	2.03e-04	2.92e-06
 5.53055e+22	3.87e-26	7.19e-13	3.46e-10	1.07e-08	1.38e-07	1.39e-06	5.03e-04	2.22e-02	1.86e-01	2.88e-01	3.00e-01	1.60e-01	3.29e-02	7.03e-03	4.10e-03	1.71e-04	2.37e-06
 5.58890e+22	5.74e-26	1.06e-12	4.89e-10	1.44e-08	1.78e-07	1.71e-06	5.87e-04	2.48e-02	1.99e-01	2.93e-01	2.92e-01	1.51e-01	2.98e-02	6.17e-03	3.46e-03	1.37e-04	1.79e-06
 5.64811e+22	7.82e-26	1.45e-12	6.45e-10	1.83e-08	2.18e-07	2.02e-06	6.63e-04	2.71e-02	2.09e-01	2.97e-01	2.86e-01	1.44e-01	2.75e-02	5.55e-03	3.02e-03	1.14e-04	1.43e-06
 5.70670e+22	1.13e-25	2.12e-12	9.07e-10	2.46e-08	2.80e-07	2.49e-06	7.74e-04	3.03e-02	2.23e-01	3.01e-01	2.78e-01	1.35e-01	2.48e-02	4.86e-03	2.54e-03	9.09e-05	1.08e-06
 5.76262e+22	1.48e-25	2.79e-12	1.16e-09	3.04e-08	3.36e-07	2.91e-06	8.66e-04	3.29e-02	2.33e-01	3.04e-01	2.71e-01	1.29e-01	2.29e-02	4.40e-03	2.23e-03	7.69e-05	8.77e-07
 5.81683e+22	2.07e-25	3.99e-12	1.60e-09	4.04e-08	4.28e-07	3.57e-06	1.01e-03	3.66e-02	2.47e-01	3.06e-01	2.62e-01	1.21e-01	2.06e-02	3.86e-03	1.88e-03	6.14e-05	6.64e-07
 5.87205e+22	2.71e-25	5.30e-12	2.06e-09	5.05e-08	5.19e-07	4.21e-06	1.13e-03	3.98e-02	2.58e-01	3.08e-01	2.55e-01	1.15e-01	1.89e-02	3.46e-03	1.64e-03	5.12e-05	5.31e-07
 5.92607e+22	3.67e-25	7.42e-12	2.79e-09	6.62e-08	6.55e-07	5.14e-06	1.31e-03	4.42e-02	2.72e-01	3.09e-01	2.45e-01	1.07e-01	1.70e-02	3.03e-03	1.38e-03	4.10e-05	4.04e-07
 5.98121e+22	4.75e-25	9.92e-12	3.63e-09	8.36e-08	8.02e-07	6.12e-06	1.49e-03	4.84e-02	2.84e-01	3.09e-01	2.37e-01	1.01e-01	1.55e-02	2.70e-03	1.19e-03	3.37e-05	3.17e-07
 6.03496e+22	6.17e-25	1.36e-11	4.82e-09	1.08e-07	1.00e-06	7.43e-06	1.72e-03	5.34e-02	2.97e-01	3.09e-01	2.27e-01	9.39e-02	1.39e-02	2.36e-03	1.00e-03	2.71e-05	2.43e-07
 6.08978e+22	7.88e-25	1.81e-11	6.29e-09	1.37e-07	1.24e-06	8.93e-06	1.97e-03	5.87e-02	3.10e-01	3.08e-01	2.18e-01	8.75e-02	1.25e-02	2.08e-03	8.52e-04	2.19e-05	1.88e-07
 6.14414e+22	1.00e-24	2.43e-11	8.24e-09	1.75e-07	1.54e-06	1.08e-05	2.26e-03	6.46e-02	3.24e-01	3.06e-01	2.08e-01	8.12e-02	1.12e-02	1.81e-03	7.18e-04	1.76e-05	1.43e-07
 6.19876e+22	1.25e-24	3.22e-11	1.07e-08	2.23e-07	1.90e-06	1.30e-05	2.59e-03	7.09e-02	3.37e-01	3.04e-01	1.98e-01	7.52e-02	9.97e-03	1.58e-03	6.05e-04	1.41e-05	0.00e+00
 6.25278e+22	1.55e-24	4.23e-11	1.38e-08	2.81e-07	2.34e-06	1.57e-05	2.97e-03	7.78e-02	3.50e-01	3.01e-01	1.89e-01	6.94e-02	8.88e-03	1.38e-03	5.08e-04	1.13e-05	0.00e+00
 6.30669e+22	1.91e-24	5.51e-11	1.76e-08	3.54e-07	2.88e-06	1.88e-05	3.40e-03	8.52e-02	3.62e-01	2.97e-01	1.79e-01	6.39e-02	7.89e-03	1.20e-03	4.26e-04	9.04e-06	0.00e+00
 6.36073e+22	2.32e-24	7.13e-11	2.24e-08	4.45e-07	3.53e-06	2.27e-05	3.88e-03	9.32e-02	3.75e-01	2.92e-01	1.69e-01	5.86e-02	6.99e-03	1.04e-03	3.56e-04	7.20e-06	0.00e+00
 6.41501e+22	2.79e-24	9.15e-11	2.84e-08	5.57e-07	4.32e-06	2.72e-05	4.44e-03	1.02e-01	3.86e-01	2.87e-01	1.59e-01	5.36e-02	6.17e-03	8.94e-04	2.97e-04	5.72e-06	0.00e+00
 6.46964e+22	3.35e-24	1.17e-10	3.58e-08	6.95e-07	5.29e-06	3.26e-05	5.06e-03	1.11e-01	3.98e-01	2.81e-01	1.50e-01	4.89e-02	5.42e-03	7.69e-04	2.47e-04	4.52e-06	0.00e+00
 6.52480e+22	3.99e-24	1.48e-10	4.50e-08	8.64e-07	6.45e-06	3.91e-05	5.77e-03	1.21e-01	4.08e-01	2.75e-01	1.40e-01	4.44e-02	4.75e-03	6.58e-04	2.04e-04	3.56e-06	0.00e+00
 6.58065e+22	4.75e-24	1.86e-10	5.62e-08	1.07e-06	7.86e-06	4.69e-05	6.56e-03	1.31e-01	4.18e-01	2.68e-01	1.31e-01	4.01e-02	4.15e-03	5.61e-04	1.68e-04	2.79e-06	0.00e+00
 6.63676e+22	5.61e-24	2.32e-10	6.98e-08	1.32e-06	9.53e-06	5.59e-05	7.45e-03	1.42e-01	4.28e-01	2.60e-01	1.22e-01	3.62e-02	3.62e-03	4.78e-04	1.38e-04	2.19e-06	0.00e+00
 6.69381e+22	6.66e-24	2.88e-10	8.67e-08	1.64e-06	1.16e-05	6.70e-05	8.47e-03	1.54e-01	4.36e-01	2.52e-01	1.13e-01	3.25e-02	3.13e-03	4.03e-04	1.13e-04	1.70e-06	0.00e+00
 6.75155e+22	8.38e-24	3.55e-10	1.07e-07	2.01e-06	1.40e-05	7.98e-05	9.58e-03	1.67e-01	4.43e-01	2.44e-01	1.05e-01	2.91e-02	2.71e-03	3.41e-04	9.21e-05	1.32e-06	0.00e+00
 6.81045e+22	9.98e-24	4.37e-10	1.32e-07	2.48e-06	1.70e-05	9.56e-05	1.09e-02	1.80e-01	4.50e-01	2.34e-01	9.63e-02	2.59e-02	2.33e-03	2.85e-04	7.43e-05	1.01e-06	0.00e+00
 6.86524e+22	1.15e-23	5.15e-10	1.55e-07	2.93e-06	1.98e-05	1.10e-04	1.20e-02	1.91e-01	4.54e-01	2.27e-01	8.99e-02	2.35e-02	2.05e-03	2.46e-04	6.25e-05	8.18e-07	0.00e+00
 6.92177e+22	1.38e-23	6.31e-10	1.92e-07	3.61e-06	2.40e-05	1.33e-04	1.37e-02	2.06e-01	4.59e-01	2.17e-01	8.20e-02	2.07e-02	1.74e-03	2.03e-04	4.97e-05	6.17e-07	0.00e+00
 6.97928e+22	1.61e-23	7.40e-10	2.26e-07	4.26e-06	2.80e-05	1.53e-04	1.51e-02	2.18e-01	4.61e-01	2.09e-01	7.61e-02	1.87e-02	1.52e-03	1.74e-04	4.15e-05	4.93e-07	0.00e+00
 7.03805e+22	1.94e-23	8.98e-10	2.77e-07	5.24e-06	3.39e-05	1.84e-04	1.71e-02	2.34e-01	4.63e-01	1.99e-01	6.88e-02	1.63e-02	1.28e-03	1.42e-04	3.26e-05	3.67e-07	0.00e+00
 7.09705e+22	2.27e-23	1.04e-09	3.24e-07	6.13e-06	3.92e-05	2.10e-04	1.87e-02	2.46e-01	4.64e-01	1.91e-01	6.37e-02	1.47e-02	1.12e-03	1.21e-04	2.72e-05	2.94e-07	0.00e+00
 7.15634e+22	2.74e-23	1.25e-09	3.93e-07	7.48e-06	4.71e-05	2.51e-04	2.11e-02	2.63e-01	4.64e-01	1.81e-01	5.74e-02	1.28e-02	9.40e-04	9.88e-05	2.14e-05	2.19e-07	0.00e+00
 7.21600e+22	3.21e-23	1.44e-09	4.57e-07	8.70e-06	5.42e-05	2.86e-04	2.31e-02	2.76e-01	4.62e-01	1.73e-01	5.30e-02	1.14e-02	8.20e-04	8.43e-05	1.78e-05	1.75e-07	0.00e+00
 7.27616e+22	3.91e-23	1.71e-09	5.51e-07	1.05e-05	6.48e-05	3.40e-04	2.59e-02	2.93e-01	4.60e-01	1.63e-01	4.76e-02	9.91e-03	6.85e-04	6.83e-05	1.39e-05	1.30e-07	0.00e+00
 7.33685e+22	4.59e-23	1.96e-09	6.37e-07	1.22e-05	7.42e-05	3.87e-04	2.82e-02	3.06e-01	4.57e-01	1.55e-01	4.37e-02	8.86e-03	5.96e-04	5.81e-05	1.16e-05	0.00e+00	0.00e+00
 7.39823e+22	5.60e-23	2.32e-09	7.65e-07	1.47e-05	8.83e-05	4.57e-04	3.15e-02	3.23e-01	4.52e-01	1.46e-01	3.91e-02	7.64e-03	4.96e-04	4.69e-05	9.02e-06	0.00e+00	0.00e+00
 7.46040e+22	6.59e-23	2.65e-09	8.83e-07	1.70e-05	1.01e-04	5.19e-04	3.42e-02	3.36e-01	4.47e-01	1.38e-01	3.58e-02	6.80e-03	4.29e-04	3.96e-05	7.43e-06	0.00e+00	0.00e+00
 7.52358e+22	8.08e-23	3.12e-09	1.06e-06	2.05e-05	1.20e-04	6.12e-04	3.80e-02	3.54e-01	4.40e-01	1.29e-01	3.18e-02	5.83e-03	3.55e-04	3.18e-05	5.77e-06	0.00e+00	0.00e+00
 7.58784e+22	9.57e-23	3.56e-09	1.22e-06	2.37e-05	1.36e-04	6.95e-04	4.13e-02	3.67e-01	4.34e-01	1.22e-01	2.90e-02	5.16e-03	3.06e-04	2.67e-05	4.72e-06	0.00e+00	0.00e+00
 7.65351e+22	1.18e-22	4.18e-09	1.46e-06	2.85e-05	1.61e-04	8.18e-04	4.58e-02	3.84e-01	4.25e-01	1.13e-01	2.56e-02	4.40e-03	2.51e-04	2.12e-05	3.63e-06	0.00e+00	0.00e+00
 7.72060e+22	1.41e-22	4.78e-09	1.69e-06	3.30e-05	1.84e-04	9.28e-04	4.96e-02	3.97e-01	4.18e-01	1.07e-01	2.32e-02	3.87e-03	2.14e-04	1.77e-05	2.95e-06	0.00e+00	0.00e+00
 7.78954e+22	1.75e-22	5.63e-09	2.03e-06	3.97e-05	2.18e-04	1.09e-03	5.50e-02	4.15e-01	4.07e-01	9.83e-02	2.03e-02	3.26e-03	1.74e-04	1.39e-05	2.24e-06	0.00e+00	0.00e+00
 7.86009e+22	2.11e-22	6.48e-09	2.36e-06	4.61e-05	2.49e-04	1.24e-03	5.95e-02	4.28e-01	3.98e-01	9.20e-02	1.83e-02	2.85e-03	1.48e-04	1.15e-05	1.80e-06	0.00e+00	0.00e+00
 7.91952e+22	2.47e-22	7.30e-09	2.69e-06	5.25e-05	2.80e-04	1.39e-03	6.37e-02	4.39e-01	3.89e-01	8.67e-02	1.66e-02	2.52e-03	1.27e-04	9.69e-06	1.48e-06	0.00e+00	0.00e+00
 7.98358e+22	3.02e-22	8.48e-09	3.17e-06	6.19e-05	3.24e-04	1.60e-03	6.95e-02	4.53e-01	3.78e-01	8.01e-02	1.47e-02	2.15e-03	1.05e-04	7.76e-06	1.15e-06	0.00e+00	0.00e+00
 8.04863e+22	3.57e-22	9.59e-09	3.62e-06	7.05e-05	3.63e-04	1.79e-03	7.43e-02	4.64e-01	3.69e-01	7.51e-02	1.33e-02	1.90e-03	9.03e-05	6.51e-06	9.45e-07	0.00e+00	0.00e+00
 8.10488e+22	4.16e-22	1.07e-08	4.10e-06	7.96e-05	4.04e-04	1.99e-03	7.91e-02	4.74e-01	3.60e-01	7.07e-02	1.21e-02	1.69e-03	7.81e-05	5.51e-06	7.81e-07	0.00e+00	0.00e+00
 8.16788e+22	5.04e-22	1.24e-08	4.80e-06	9.30e-05	4.64e-04	2.27e-03	8.57e-02	4.86e-01	3.48e-01	6.51e-02	1.07e-02	1.44e-03	6.46e-05	4.43e-06	6.09e-07	0.00e+00	0.00e+00
 8.23069e+22	5.95e-22	1.40e-08	5.45e-06	1.05e-04	5.14e-04	2.50e-03	9.07e-02	4.95e-01	3.39e-01	6.13e-02	9.75e-03	1.28e-03	5.61e-05	3.77e-06	5.07e-07	0.00e+00	0.00e+00
 8.29325e+22	7.19e-22	1.62e-08	6.36e-06	1.22e-04	5.86e-04	2.84e-03	9.78e-02	5.06e-01	3.27e-01	5.64e-02	8.60e-03	1.10e-03	4.65e-05	3.03e-06	3.96e-07	0.00e+00	0.00e+00
 8.35671e+22	8.53e-22	1.83e-08	7.23e-06	1.38e-04	6.50e-04	3.13e-03	1.03e-01	5.14e-01	3.17e-01	5.29e-02	7.81e-03	9.72e-04	4.02e-05	2.57e-06	3.28e-07	0.00e+00	0.00e+00
 8.42134e+22	1.04e-21	2.13e-08	8.48e-06	1.60e-04	7.41e-04	3.56e-03	1.11e-01	5.23e-01	3.05e-01	4.85e-02	6.87e-03	8.27e-04	3.31e-05	2.05e-06	2.55e-07	0.00e+00	0.00e+00
 8.48709e+22	1.25e-21	2.44e-08	9.70e-06	1.81e-04	8.21e-04	3.91e-03	1.17e-01	5.30e-01	2.95e-01	4.53e-02	6.22e-03	7.30e-04	2.84e-05	1.73e-06	2.10e-07	0.00e+00	0.00e+00
 8.55432e+22	1.54e-21	2.84e-08	1.14e-05	2.12e-04	9.38e-04	4.45e-03	1.26e-01	5.39e-01	2.82e-01	4.12e-02	5.42e-03	6.16e-04	2.32e-05	1.37e-06	1.61e-07	0.00e+00	0.00e+00
 8.62260e+22	1.86e-21	3.28e-08	1.31e-05	2.40e-04	1.04e-03	4.90e-03	1.33e-01	5.44e-01	2.72e-01	3.84e-02	4.89e-03	5.41e-04	1.98e-05	1.15e-06	1.32e-07	0.00e+00	0.00e+00
 8.69226e+22	2.32e-21	3.87e-08	1.56e-05	2.82e-04	1.19e-03	5.57e-03	1.43e-01	5.51e-01	2.59e-01	3.48e-02	4.24e-03	4.54e-04	1.61e-05	9.03e-07	0.00e+00	0.00e+00	0.00e+00
 8.76360e+22	2.84e-21	4.50e-08	1.80e-05	3.21e-04	1.32e-03	6.14e-03	1.51e-01	5.56e-01	2.49e-01	3.22e-02	3.80e-03	3.95e-04	1.36e-05	7.50e-07	0.00e+00	0.00e+00	0.00e+00
 8.83713e+22	3.60e-21	5.38e-08	2.15e-05	3.79e-04	1.51e-03	6.99e-03	1.62e-01	5.61e-01	2.36e-01	2.90e-02	3.27e-03	3.28e-04	1.09e-05	5.82e-07	0.00e+00	0.00e+00	0.00e+00
 8.91229e+22	4.45e-21	6.30e-08	2.51e-05	4.34e-04	1.69e-03	7.72e-03	1.70e-01	5.64e-01	2.26e-01	2.67e-02	2.90e-03	2.84e-04	9.17e-06	4.78e-07	0.00e+00	0.00e+00	0.00e+00
 8.98955e+22	5.79e-21	7.68e-08	3.04e-05	5.15e-04	1.93e-03	8.79e-03	1.82e-01	5.67e-01	2.12e-01	2.38e-02	2.48e-03	2.34e-04	7.28e-06	3.68e-07	0.00e+00	0.00e+00	0.00e+00
 9.06774e+22	7.26e-21	9.10e-08	3.55e-05	5.90e-04	2.16e-03	9.68e-03	1.92e-01	5.69e-01	2.03e-01	2.19e-02	2.20e-03	2.01e-04	6.09e-06	3.01e-07	0.00e+00	0.00e+00	0.00e+00
 9.14714e+22	9.50e-21	1.12e-07	4.32e-05	7.02e-04	2.47e-03	1.10e-02	2.05e-01	5.70e-01	1.90e-01	1.94e-02	1.86e-03	1.65e-04	4.79e-06	2.30e-07	0.00e+00	0.00e+00	0.00e+00
 9.22739e+22	1.20e-20	1.33e-07	5.07e-05	8.06e-04	2.75e-03	1.21e-02	2.15e-01	5.70e-01	1.80e-01	1.78e-02	1.65e-03	1.41e-04	3.99e-06	1.87e-07	0.00e+00	0.00e+00	0.00e+00
 9.30875e+22	1.60e-20	1.65e-07	6.21e-05	9.61e-04	3.16e-03	1.38e-02	2.29e-01	5.68e-01	1.68e-01	1.57e-02	1.39e-03	1.15e-04	3.13e-06	1.42e-07	0.00e+00	0.00e+00	0.00e+00
 9.38828e+22	2.01e-20	1.96e-07	7.23e-05	1.09e-03	3.48e-03	1.50e-02	2.39e-01	5.66e-01	1.60e-01	1.44e-02	1.24e-03	9.94e-05	2.63e-06	1.17e-07	0.00e+00	0.00e+00	0.00e+00
 9.46542e+22	2.65e-20	2.42e-07	8.75e-05	1.29e-03	3.95e-03	1.68e-02	2.52e-01	5.63e-01	1.49e-01	1.28e-02	1.05e-03	8.17e-05	2.08e-06	0.00e+00	0.00e+00	0.00e+00	0.00e+00
 9.54540e+22	3.42e-20	2.92e-07	1.03e-04	1.48e-03	4.39e-03	1.84e-02	2.63e-01	5.59e-01	1.41e-01	1.16e-02	9.25e-04	6.98e-05	1.73e-06	0.00e+00	0.00e+00	0.00e+00	0.00e+00
 9.61366e+22	4.23e-20	3.43e-07	1.19e-04	1.67e-03	4.80e-03	1.99e-02	2.73e-01	5.55e-01	1.34e-01	1.07e-02	8.24e-04	6.06e-05	1.46e-06	0.00e+00	0.00e+00	0.00e+00	0.00e+00
 9.68700e+22	5.54e-20	4.20e-07	1.43e-04	1.95e-03	5.38e-03	2.21e-02	2.86e-01	5.50e-01	1.25e-01	9.52e-03	7.06e-04	5.03e-05	1.17e-06	0.00e+00	0.00e+00	0.00e+00	0.00e+00
 9.76046e+22	6.91e-20	4.95e-07	1.65e-04	2.19e-03	5.88e-03	2.39e-02	2.96e-01	5.44e-01	1.18e-01	8.71e-03	6.27e-04	4.35e-05	9.90e-07	0.00e+00	0.00e+00	0.00e+00	0.00e+00
 9.83409e+22	9.11e-20	6.09e-07	1.97e-04	2.55e-03	6.57e-03	2.63e-02	3.09e-01	5.37e-01	1.10e-01	7.80e-03	5.41e-04	3.64e-05	8.01e-07	0.00e+00	0.00e+00	0.00e+00	0.00e+00
 9.91065e+22	1.16e-19	7.31e-07	2.31e-04	2.90e-03	7.23e-03	2.86e-02	3.20e-01	5.30e-01	1.03e-01	7.04e-03	4.72e-04	3.08e-05	6.60e-07	0.00e+00	0.00e+00	0.00e+00	0.00e+00
 9.97901e+22	1.47e-19	8.70e-07	2.69e-04	3.28e-03	7.90e-03	3.09e-02	3.30e-01	5.23e-01	9.72e-02	6.41e-03	4.18e-04	2.66e-05	5.54e-07	0.00e+00	0.00e+00	0.00e+00	0.00e+00
 1.00558e+23	1.97e-19	1.08e-06	3.24e-04	3.82e-03	8.83e-03	3.39e-02	3.43e-01	5.14e-01	9.01e-02	5.70e-03	3.58e-04	2.20e-05	4.44e-07	0.00e+00	0.00e+00	0.00e+00	0.00e+00
 1.01367e+23	2.59e-19	1.32e-06	3.83e-04	4.38e-03	9.74e-03	3.69e-02	3.55e-01	5.04e-01	8.38e-02	5.10e-03	3.09e-04	1.85e-05	3.62e-07	0.00e+00	0.00e+00	0.00e+00	0.00e+00
 1.02102e+23	3.34e-19	1.60e-06	4.49e-04	4.98e-03	1.07e-02	3.99e-02	3.66e-01	4.95e-01	7.83e-02	4.60e-03	2.70e-04	1.57e-05	2.99e-07	0.00e+00	0.00e+00	0.00e+00	0.00e+00
 1.02932e+23	4.61e-19	2.02e-06	5.49e-04	5.85e-03	1.20e-02	4.38e-02	3.79e-01	4.82e-01	7.18e-02	4.03e-03	2.28e-04	1.28e-05	2.35e-07	0.00e+00	0.00e+00	0.00e+00	0.00e+00
 1.03787e+23	6.12e-19	2.49e-06	6.53e-04	6.73e-03	1.32e-02	4.76e-02	3.91e-01	4.71e-01	6.63e-02	3.58e-03	1.95e-04	1.06e-05	1.89e-07	0.00e+00	0.00e+00	0.00e+00	0.00e+00
 1.04546e+23	8.00e-19	3.03e-06	7.68e-04	7.66e-03	1.45e-02	5.14e-02	4.01e-01	4.60e-01	6.15e-02	3.21e-03	1.69e-04	8.97e-06	1.55e-07	0.00e+00	0.00e+00	0.00e+00	0.00e+00
 1.05406e+23	1.12e-18	3.88e-06	9.42e-04	9.00e-03	1.62e-02	5.63e-02	4.14e-01	4.45e-01	5.59e-02	2.79e-03	1.41e-04	7.23e-06	1.21e-07	0.00e+00	0.00e+00	0.00e+00	0.00e+00
 1.06297e+23	1.52e-18	4.83e-06	1.13e-03	1.04e-02	1.79e-02	6.10e-02	4.25e-01	4.31e-01	5.12e-02	2.46e-03	1.20e-04	5.95e-06	0.00e+00	0.00e+00	0.00e+00	0.00e+00	0.00e+00
 1.07096e+23	2.02e-18	5.93e-06	1.33e-03	1.18e-02	1.95e-02	6.57e-02	4.34e-01	4.18e-01	4.71e-02	2.18e-03	1.03e-04	4.96e-06	0.00e+00	0.00e+00	0.00e+00	0.00e+00	0.00e+00
 1.08003e+23	2.91e-18	7.71e-06	1.65e-03	1.40e-02	2.19e-02	7.20e-02	4.45e-01	4.01e-01	4.22e-02	1.87e-03	8.46e-05	3.92e-06	0.00e+00	0.00e+00	0.00e+00	0.00e+00	0.00e+00
 1.08938e+23	3.63e-18	9.65e-06	1.98e-03	1.61e-02	2.41e-02	7.77e-02	4.54e-01	3.86e-01	3.83e-02	1.63e-03	7.13e-05	3.20e-06	0.00e+00	0.00e+00	0.00e+00	0.00e+00	0.00e+00
 1.09912e+23	5.38e-18	1.28e-05	2.49e-03	1.92e-02	2.71e-02	8.51e-02	4.64e-01	3.67e-01	3.39e-02	1.38e-03	5.75e-05	2.48e-06	0.00e+00	0.00e+00	0.00e+00	0.00e+00	0.00e+00
 1.10896e+23	7.43e-18	1.60e-05	2.99e-03	2.21e-02	2.97e-02	9.16e-02	4.71e-01	3.51e-01	3.05e-02	1.19e-03	4.81e-05	2.01e-06	0.00e+00	0.00e+00	0.00e+00	0.00e+00	0.00e+00
 1.11761e+23	1.02e-17	2.00e-05	3.56e-03	2.53e-02	3.25e-02	9.81e-02	4.77e-01	3.35e-01	2.75e-02	1.04e-03	4.03e-05	1.63e-06	0.00e+00	0.00e+00	0.00e+00	0.00e+00	0.00e+00
 1.12753e+23	1.53e-17	2.66e-05	4.46e-03	3.00e-02	3.63e-02	1.07e-01	4.83e-01	3.14e-01	2.40e-02	8.66e-04	3.21e-05	1.25e-06	0.00e+00	0.00e+00	0.00e+00	0.00e+00	0.00e+00
 1.13758e+23	2.12e-17	3.33e-05	5.34e-03	3.44e-02	3.96e-02	1.14e-01	4.87e-01	2.98e-01	2.14e-02	7.45e-04	2.65e-05	9.97e-07	0.00e+00	0.00e+00	0.00e+00	0.00e+00	0.00e+00
 1.14778e+23	3.21e-17	4.43e-05	6.68e-03	4.06e-02	4.40e-02	1.23e-01	4.89e-01	2.77e-01	1.85e-02	6.17e-04	2.09e-05	7.57e-07	0.00e+00	0.00e+00	0.00e+00	0.00e+00	0.00e+00
 1.15813e+23	4.52e-17	5.59e-05	8.02e-03	4.65e-02	4.79e-02	1.31e-01	4.89e-01	2.60e-01	1.64e-02	5.25e-04	1.71e-05	5.99e-07	0.00e+00	0.00e+00	0.00e+00	0.00e+00	0.00e+00
 1.16870e+23	7.00e-17	7.50e-05	1.01e-02	5.50e-02	5.31e-02	1.41e-01	4.87e-01	2.39e-01	1.39e-02	4.26e-04	1.32e-05	4.43e-07	0.00e+00	0.00e+00	0.00e+00	0.00e+00	0.00e+00
 1.17933e+23	9.84e-17	9.41e-05	1.20e-02	6.25e-02	5.74e-02	1.49e-01	4.84e-01	2.22e-01	1.22e-02	3.61e-04	1.07e-05	3.49e-07	0.00e+00	0.00e+00	0.00e+00	0.00e+00	0.00e+00
 1.19007e+23	1.53e-16	1.26e-04	1.50e-02	7.34e-02	6.31e-02	1.59e-01	4.77e-01	2.02e-01	1.02e-02	2.90e-04	8.19e-06	2.55e-07	0.00e+00	0.00e+00	0.00e+00	0.00e+00	0.00e+00
 1.20095e+23	2.17e-16	1.58e-04	1.78e-02	8.30e-02	6.78e-02	1.67e-01	4.69e-01	1.86e-01	8.82e-03	2.43e-04	6.58e-06	1.99e-07	0.00e+00	0.00e+00	0.00e+00	0.00e+00	0.00e+00
 1.21199e+23	3.42e-16	2.11e-04	2.22e-02	9.69e-02	7.39e-02	1.77e-01	4.57e-01	1.66e-01	7.27e-03	1.92e-04	4.92e-06	1.43e-07	0.00e+00	0.00e+00	0.00e+00	0.00e+00	0.00e+00
 1.22319e+23	4.90e-16	2.64e-04	2.63e-02	1.09e-01	7.88e-02	1.83e-01	4.45e-01	1.51e-01	6.20e-03	1.59e-04	3.89e-06	0.00e+00	0.00e+00	0.00e+00	0.00e+00	0.00e+00	0.00e+00
 1.23291e+23	6.91e-16	3.26e-04	3.08e-02	1.21e-01	8.35e-02	1.90e-01	4.32e-01	1.37e-01	5.30e-03	1.32e-04	3.09e-06	0.00e+00	0.00e+00	0.00e+00	0.00e+00	0.00e+00	0.00e+00
 1.24386e+23	1.08e-15	4.27e-04	3.76e-02	1.39e-01	8.94e-02	1.97e-01	4.13e-01	1.20e-01	4.30e-03	1.03e-04	2.28e-06	0.00e+00	0.00e+00	0.00e+00	0.00e+00	0.00e+00	0.00e+00
 1.25432e+23	1.47e-15	5.13e-04	4.29e-02	1.52e-01	9.33e-02	2.00e-01	3.98e-01	1.09e-01	3.71e-03	8.66e-05	1.85e-06	0.00e+00	0.00e+00	0.00e+00	0.00e+00	0.00e+00	0.00e+00
 1.26411e+23	2.21e-15	6.46e-04	5.07e-02	1.69e-01	9.81e-02	2.05e-01	3.78e-01	9.60e-02	3.03e-03	6.86e-05	1.39e-06	0.00e+00	0.00e+00	0.00e+00	0.00e+00	0.00e+00	0.00e+00
 1.27390e+23	3.01e-15	7.69e-04	5.75e-02	1.83e-01	1.02e-01	2.07e-01	3.61e-01	8.65e-02	2.59e-03	5.73e-05	1.11e-06	0.00e+00	0.00e+00	0.00e+00	0.00e+00	0.00e+00	0.00e+00
 1.28368e+23	4.43e-15	9.50e-04	6.68e-02	2.01e-01	1.06e-01	2.09e-01	3.39e-01	7.55e-02	2.11e-03	4.55e-05	8.42e-07	0.00e+00	0.00e+00	0.00e+00	0.00e+00	0.00e+00	0.00e+00
 1.29384e+23	6.35e-15	1.14e-03	7.61e-02	2.18e-01	1.09e-01	2.09e-01	3.19e-01	6.63e-02	1.75e-03	3.67e-05	6.48e-07	0.00e+00	0.00e+00	0.00e+00	0.00e+00	0.00e+00	0.00e+00
 1.30296e+23	8.69e-15	1.35e-03	8.55e-02	2.33e-01	1.11e-01	2.09e-01	3.00e-01	5.86e-02	1.46e-03	3.01e-05	5.09e-07	0.00e+00	0.00e+00	0.00e+00	0.00e+00	0.00e+00	0.00e+00
 1.31330e+23	1.37e-14	1.67e-03	9.87e-02	2.53e-01	1.14e-01	2.07e-01	2.76e-01	4.97e-02	1.16e-03	2.31e-05	3.70e-07	0.00e+00	0.00e+00	0.00e+00	0.00e+00	0.00e+00	0.00e+00
 1.32380e+23	2.00e-14	1.97e-03	1.10e-01	2.69e-01	1.15e-01	2.04e-01	2.56e-01	4.30e-02	9.43e-04	1.85e-05	2.82e-07	0.00e+00	0.00e+00	0.00e+00	0.00e+00	0.00e+00	0.00e+00
 1.33451e+23	3.10e-14	2.41e-03	1.26e-01	2.88e-01	1.16e-01	1.99e-01	2.31e-01	3.58e-02	7.34e-04	1.40e-05	2.02e-07	0.00e+00	0.00e+00	0.00e+00	0.00e+00	0.00e+00	0.00e+00
 1.34494e+23	4.73e-14	2.80e-03	1.39e-01	3.02e-01	1.17e-01	1.95e-01	2.13e-01	3.09e-02	5.99e-04	1.12e-05	1.54e-07	0.00e+00	0.00e+00	0.00e+00	0.00e+00	0.00e+00	0.00e+00
 1.35316e+23	6.52e-14	3.18e-03	1.51e-01	3.14e-01	1.17e-01	1.90e-01	1.98e-01	2.71e-02	5.02e-04	9.22e-06	0.00e+00	0.00e+00	0.00e+00	0.00e+00	0.00e+00	0.00e+00	0.00e+00
 1.36200e+23	9.93e-14	3.69e-03	1.66e-01	3.28e-01	1.16e-01	1.84e-01	1.79e-01	2.30e-02	4.02e-04	7.24e-06	0.00e+00	0.00e+00	0.00e+00	0.00e+00	0.00e+00	0.00e+00	0.00e+00
 1.37109e+23	1.50e-13	4.19e-03	1.79e-01	3.38e-01	1.15e-01	1.78e-01	1.65e-01	1.99e-02	3.31e-04	5.87e-06	0.00e+00	0.00e+00	0.00e+00	0.00e+00	0.00e+00	0.00e+00	0.00e+00
 1.37925e+23	2.18e-13	4.72e-03	1.93e-01	3.48e-01	1.14e-01	1.72e-01	1.51e-01	1.72e-02	2.73e-04	4.76e-06	0.00e+00	0.00e+00	0.00e+00	0.00e+00	0.00e+00	0.00e+00	0.00e+00
 1.38858e+23	3.92e-13	5.46e-03	2.10e-01	3.59e-01	1.12e-01	1.64e-01	1.35e-01	1.42e-02	2.14e-04	3.65e-06	0.00e+00	0.00e+00	0.00e+00	0.00e+00	0.00e+00	0.00e+00	0.00e+00
 1.39800e+23	6.96e-13	6.15e-03	2.25e-01	3.67e-01	1.10e-01	1.57e-01	1.22e-01	1.21e-02	1.73e-04	2.91e-06	0.00e+00	0.00e+00	0.00e+00	0.00e+00	0.00e+00	0.00e+00	0.00e+00
 1.40624e+23	1.16e-12	6.87e-03	2.40e-01	3.74e-01	1.08e-01	1.50e-01	1.10e-01	1.04e-02	1.41e-04	2.34e-06	0.00e+00	0.00e+00	0.00e+00	0.00e+00	0.00e+00	0.00e+00	0.00e+00
 1.41566e+23	2.66e-12	7.86e-03	2.59e-01	3.81e-01	1.05e-01	1.41e-01	9.72e-02	8.47e-03	1.09e-04	1.77e-06	0.00e+00	0.00e+00	0.00e+00	0.00e+00	0.00e+00	0.00e+00	0.00e+00
 1.42524e+23	6.66e-12	8.77e-03	2.75e-01	3.86e-01	1.03e-01	1.33e-01	8.71e-02	7.12e-03	8.76e-05	1.40e-06	0.00e+00	0.00e+00	0.00e+00	0.00e+00	0.00e+00	0.00e+00	0.00e+00
 1.43374e+23	1.45e-11	9.74e-03	2.91e-01	3.90e-01	9.97e-02	1.26e-01	7.80e-02	6.00e-03	7.05e-05	1.11e-06	0.00e+00	0.00e+00	0.00e+00	0.00e+00	0.00e+00	0.00e+00	0.00e+00
 1.44348e+23	3.92e-11	1.11e-02	3.11e-01	3.93e-01	9.59e-02	1.17e-01	6.77e-02	4.81e-03	5.35e-05	8.23e-07	0.00e+00	0.00e+00	0.00e+00	0.00e+00	0.00e+00	0.00e+00	0.00e+00
 1.45336e+23	6.91e-11	1.23e-02	3.28e-01	3.94e-01	9.26e-02	1.09e-01	5.99e-02	3.99e-03	4.24e-05	6.41e-07	0.00e+00	0.00e+00	0.00e+00	0.00e+00	0.00e+00	0.00e+00	0.00e+00
 1.46344e+23	1.00e-10	1.39e-02	3.49e-01	3.94e-01	8.84e-02	1.00e-01	5.13e-02	3.16e-03	3.16e-05	4.68e-07	0.00e+00	0.00e+00	0.00e+00	0.00e+00	0.00e+00	0.00e+00	0.00e+00
 1.47362e+23	1.29e-10	1.54e-02	3.66e-01	3.93e-01	8.47e-02	9.31e-02	4.50e-02	2.59e-03	2.48e-05	3.60e-07	0.00e+00	0.00e+00	0.00e+00	0.00e+00	0.00e+00	0.00e+00	0.00e+00
 1.48256e+23	1.72e-10	1.69e-02	3.82e-01	3.91e-01	8.12e-02	8.65e-02	3.96e-02	2.13e-03	1.95e-05	2.79e-07	0.00e+00	0.00e+00	0.00e+00	0.00e+00	0.00e+00	0.00e+00	0.00e+00
 1.49282e+23	2.04e-10	1.91e-02	4.04e-01	3.87e-01	7.68e-02	7.84e-02	3.35e-02	1.66e-03	1.44e-05	2.01e-07	0.00e+00	0.00e+00	0.00e+00	0.00e+00	0.00e+00	0.00e+00	0.00e+00
 1.50324e+23	2.81e-10	2.10e-02	4.21e-01	3.82e-01	7.32e-02	7.21e-02	2.92e-02	1.35e-03	1.12e-05	1.53e-07	0.00e+00	0.00e+00	0.00e+00	0.00e+00	0.00e+00	0.00e+00	0.00e+00
 1.51389e+23	3.51e-10	2.35e-02	4.42e-01	3.76e-01	6.87e-02	6.47e-02	2.44e-02	1.04e-03	8.14e-06	0.00e+00	0.00e+00	0.00e+00	0.00e+00	0.00e+00	0.00e+00	0.00e+00	0.00e+00
 1.52474e+23	5.78e-10	2.59e-02	4.60e-01	3.69e-01	6.50e-02	5.89e-02	2.10e-02	8.27e-04	6.21e-06	0.00e+00	0.00e+00	0.00e+00	0.00e+00	0.00e+00	0.00e+00	0.00e+00	0.00e+00
 1.53441e+23	8.58e-10	2.83e-02	4.76e-01	3.62e-01	6.14e-02	5.37e-02	1.81e-02	6.63e-04	4.77e-06	0.00e+00	0.00e+00	0.00e+00	0.00e+00	0.00e+00	0.00e+00	0.00e+00	0.00e+00
 1.54552e+23	1.21e-09	3.17e-02	4.97e-01	3.51e-01	5.71e-02	4.75e-02	1.49e-02	5.00e-04	3.42e-06	0.00e+00	0.00e+00	0.00e+00	0.00e+00	0.00e+00	0.00e+00	0.00e+00	0.00e+00
 1.55690e+23	1.82e-09	3.47e-02	5.14e-01	3.42e-01	5.36e-02	4.27e-02	1.27e-02	3.93e-04	2.57e-06	0.00e+00	0.00e+00	0.00e+00	0.00e+00	0.00e+00	0.00e+00	0.00e+00	0.00e+00
 1.56327e+23	2.18e-09	3.56e-02	5.18e-01	3.40e-01	5.27e-02	4.16e-02	1.21e-02	3.69e-04	2.38e-06	0.00e+00	0.00e+00	0.00e+00	0.00e+00	0.00e+00	0.00e+00	0.00e+00	0.00e+00
 1.56541e+23	2.28e-09	3.60e-02	5.20e-01	3.38e-01	5.22e-02	4.09e-02	1.19e-02	3.56e-04	2.29e-06	0.00e+00	0.00e+00	0.00e+00	0.00e+00	0.00e+00	0.00e+00	0.00e+00	0.00e+00
 1.56738e+23	2.51e-09	3.68e-02	5.24e-01	3.36e-01	5.14e-02	3.99e-02	1.14e-02	3.36e-04	2.14e-06	0.00e+00	0.00e+00	0.00e+00	0.00e+00	0.00e+00	0.00e+00	0.00e+00	0.00e+00
 1.56995e+23	2.79e-09	3.76e-02	5.28e-01	3.33e-01	5.06e-02	3.88e-02	1.09e-02	3.17e-04	1.99e-06	0.00e+00	0.00e+00	0.00e+00	0.00e+00	0.00e+00	0.00e+00	0.00e+00	0.00e+00
 1.57328e+23	3.18e-09	3.88e-02	5.34e-01	3.30e-01	4.94e-02	3.73e-02	1.03e-02	2.90e-04	1.80e-06	0.00e+00	0.00e+00	0.00e+00	0.00e+00	0.00e+00	0.00e+00	0.00e+00	0.00e+00
 1.57762e+23	3.85e-09	4.04e-02	5.42e-01	3.25e-01	4.79e-02	3.54e-02	9.54e-03	2.59e-04	1.58e-06	0.00e+00	0.00e+00	0.00e+00	0.00e+00	0.00e+00	0.00e+00	0.00e+00	0.00e+00
 1.58326e+23	4.92e-09	4.26e-02	5.51e-01	3.18e-01	4.60e-02	3.31e-02	8.62e-03	2.23e-04	1.33e-06	0.00e+00	0.00e+00	0.00e+00	0.00e+00	0.00e+00	0.00e+00	0.00e+00	0.00e+00
 1.59060e+23	6.75e-09	4.56e-02	5.63e-01	3.10e-01	4.35e-02	3.03e-02	7.55e-03	1.84e-04	1.06e-06	0.00e+00	0.00e+00	0.00e+00	0.00e+00	0.00e+00	0.00e+00	0.00e+00	0.00e+00
 1.59863e+23	9.19e-09	4.86e-02	5.74e-01	3.01e-01	4.13e-02	2.77e-02	6.64e-03	1.53e-04	8.55e-07	0.00e+00	0.00e+00	0.00e+00	0.00e+00	0.00e+00	0.00e+00	0.00e+00	0.00e+00
 1.60758e+23	1.33e-08	5.26e-02	5.88e-01	2.90e-01	3.86e-02	2.48e-02	5.64e-03	1.20e-04	6.51e-07	0.00e+00	0.00e+00	0.00e+00	0.00e+00	0.00e+00	0.00e+00	0.00e+00	0.00e+00
 1.61655e+23	1.86e-08	5.61e-02	5.98e-01	2.81e-01	3.65e-02	2.26e-02	4.94e-03	9.92e-05	5.21e-07	0.00e+00	0.00e+00	0.00e+00	0.00e+00	0.00e+00	0.00e+00	0.00e+00	0.00e+00
 1.62557e+23	2.64e-08	6.04e-02	6.11e-01	2.70e-01	3.41e-02	2.02e-02	4.20e-03	7.85e-05	3.99e-07	0.00e+00	0.00e+00	0.00e+00	0.00e+00	0.00e+00	0.00e+00	0.00e+00	0.00e+00
 1.63481e+23	3.71e-08	6.45e-02	6.21e-01	2.61e-01	3.21e-02	1.83e-02	3.64e-03	6.40e-05	3.16e-07	0.00e+00	0.00e+00	0.00e+00	0.00e+00	0.00e+00	0.00e+00	0.00e+00	0.00e+00
 1.64311e+23	5.46e-08	6.85e-02	6.30e-01	2.52e-01	3.02e-02	1.66e-02	3.18e-03	5.25e-05	2.53e-07	0.00e+00	0.00e+00	0.00e+00	0.00e+00	0.00e+00	0.00e+00	0.00e+00	0.00e+00
 1.65263e+23	9.42e-08	7.39e-02	6.41e-01	2.40e-01	2.80e-02	1.46e-02	2.67e-03	4.08e-05	1.90e-07	0.00e+00	0.00e+00	0.00e+00	0.00e+00	0.00e+00	0.00e+00	0.00e+00	0.00e+00
 1.66232e+23	1.55e-07	7.86e-02	6.50e-01	2.30e-01	2.63e-02	1.32e-02	2.31e-03	3.31e-05	1.50e-07	0.00e+00	0.00e+00	0.00e+00	0.00e+00	0.00e+00	0.00e+00	0.00e+00	0.00e+00
 1.67221e+23	3.07e-07	8.49e-02	6.60e-01	2.18e-01	2.42e-02	1.15e-02	1.92e-03	2.53e-05	0.00e+00	0.00e+00	0.00e+00	0.00e+00	0.00e+00	0.00e+00	0.00e+00	0.00e+00	0.00e+00
 1.68223e+23	4.81e-07	9.02e-02	6.67e-01	2.08e-01	2.26e-02	1.03e-02	1.65e-03	2.05e-05	0.00e+00	0.00e+00	0.00e+00	0.00e+00	0.00e+00	0.00e+00	0.00e+00	0.00e+00	0.00e+00
 1.69240e+23	8.79e-07	9.70e-02	6.75e-01	1.96e-01	2.08e-02	8.97e-03	1.37e-03	1.57e-05	0.00e+00	0.00e+00	0.00e+00	0.00e+00	0.00e+00	0.00e+00	0.00e+00	0.00e+00	0.00e+00
 1.70295e+23	1.74e-06	1.03e-01	6.82e-01	1.86e-01	1.93e-02	7.94e-03	1.17e-03	1.24e-05	0.00e+00	0.00e+00	0.00e+00	0.00e+00	0.00e+00	0.00e+00	0.00e+00	0.00e+00	0.00e+00
 1.71401e+23	5.11e-06	1.12e-01	6.89e-01	1.74e-01	1.75e-02	6.78e-03	9.48e-04	9.25e-06	0.00e+00	0.00e+00	0.00e+00	0.00e+00	0.00e+00	0.00e+00	0.00e+00	0.00e+00	0.00e+00
 1.72509e+23	1.02e-05	1.19e-01	6.94e-01	1.64e-01	1.62e-02	5.98e-03	8.04e-04	7.33e-06	0.00e+00	0.00e+00	0.00e+00	0.00e+00	0.00e+00	0.00e+00	0.00e+00	0.00e+00	0.00e+00
 1.73620e+23	1.55e-05	1.28e-01	6.99e-01	1.52e-01	1.47e-02	5.10e-03	6.55e-04	5.47e-06	0.00e+00	0.00e+00	0.00e+00	0.00e+00	0.00e+00	0.00e+00	0.00e+00	0.00e+00	0.00e+00
 1.74757e+23	2.12e-05	1.36e-01	7.02e-01	1.43e-01	1.35e-02	4.46e-03	5.50e-04	4.28e-06	0.00e+00	0.00e+00	0.00e+00	0.00e+00	0.00e+00	0.00e+00	0.00e+00	0.00e+00	0.00e+00
 1.75926e+23	2.92e-05	1.47e-01	7.05e-01	1.31e-01	1.22e-02	3.76e-03	4.43e-04	3.15e-06	0.00e+00	0.00e+00	0.00e+00	0.00e+00	0.00e+00	0.00e+00	0.00e+00	0.00e+00	0.00e+00
 1.77107e+23	3.76e-05	1.56e-01	7.07e-01	1.22e-01	1.12e-02	3.27e-03	3.70e-04	2.44e-06	0.00e+00	0.00e+00	0.00e+00	0.00e+00	0.00e+00	0.00e+00	0.00e+00	0.00e+00	0.00e+00
 1.78302e+23	4.72e-05	1.68e-01	7.07e-01	1.11e-01	9.98e-03	2.73e-03	2.95e-04	1.78e-06	0.00e+00	0.00e+00	0.00e+00	0.00e+00	0.00e+00	0.00e+00	0.00e+00	0.00e+00	0.00e+00
 1.79505e+23	5.64e-05	1.78e-01	7.07e-01	1.03e-01	9.12e-03	2.36e-03	2.46e-04	1.38e-06	0.00e+00	0.00e+00	0.00e+00	0.00e+00	0.00e+00	0.00e+00	0.00e+00	0.00e+00	0.00e+00
 1.80718e+23	6.87e-05	1.92e-01	7.05e-01	9.28e-02	8.11e-03	1.96e-03	1.95e-04	1.00e-06	0.00e+00	0.00e+00	0.00e+00	0.00e+00	0.00e+00	0.00e+00	0.00e+00	0.00e+00	0.00e+00
 1.81945e+23	8.04e-05	2.03e-01	7.02e-01	8.52e-02	7.36e-03	1.68e-03	1.62e-04	7.72e-07	0.00e+00	0.00e+00	0.00e+00	0.00e+00	0.00e+00	0.00e+00	0.00e+00	0.00e+00	0.00e+00
 1.83190e+23	9.59e-05	2.18e-01	6.98e-01	7.59e-02	6.51e-03	1.38e-03	1.27e-04	5.53e-07	0.00e+00	0.00e+00	0.00e+00	0.00e+00	0.00e+00	0.00e+00	0.00e+00	0.00e+00	0.00e+00
 1.84448e+23	1.11e-04	2.31e-01	6.93e-01	6.89e-02	5.87e-03	1.18e-03	1.04e-04	4.23e-07	0.00e+00	0.00e+00	0.00e+00	0.00e+00	0.00e+00	0.00e+00	0.00e+00	0.00e+00	0.00e+00
 1.85724e+23	1.32e-04	2.49e-01	6.85e-01	6.04e-02	5.14e-03	9.53e-04	8.08e-05	2.97e-07	0.00e+00	0.00e+00	0.00e+00	0.00e+00	0.00e+00	0.00e+00	0.00e+00	0.00e+00	0.00e+00
 1.87008e+23	1.51e-04	2.63e-01	6.77e-01	5.42e-02	4.61e-03	8.07e-04	6.61e-05	2.26e-07	0.00e+00	0.00e+00	0.00e+00	0.00e+00	0.00e+00	0.00e+00	0.00e+00	0.00e+00	0.00e+00
 1.88302e+23	1.78e-04	2.82e-01	6.66e-01	4.67e-02	3.98e-03	6.44e-04	5.04e-05	1.56e-07	0.00e+00	0.00e+00	0.00e+00	0.00e+00	0.00e+00	0.00e+00	0.00e+00	0.00e+00	0.00e+00
 1.89609e+23	2.03e-04	2.98e-01	6.56e-01	4.14e-02	3.54e-03	5.39e-04	4.08e-05	0.00e+00	0.00e+00	0.00e+00	0.00e+00	0.00e+00	0.00e+00	0.00e+00	0.00e+00	0.00e+00	0.00e+00
 1.90932e+23	2.40e-04	3.20e-01	6.41e-01	3.49e-02	3.02e-03	4.23e-04	3.06e-05	0.00e+00	0.00e+00	0.00e+00	0.00e+00	0.00e+00	0.00e+00	0.00e+00	0.00e+00	0.00e+00	0.00e+00
 1.92278e+23	2.75e-04	3.39e-01	6.28e-01	3.02e-02	2.64e-03	3.46e-04	2.42e-05	0.00e+00	0.00e+00	0.00e+00	0.00e+00	0.00e+00	0.00e+00	0.00e+00	0.00e+00	0.00e+00	0.00e+00
 1.93656e+23	3.26e-04	3.64e-01	6.09e-01	2.48e-02	2.20e-03	2.65e-04	1.77e-05	0.00e+00	0.00e+00	0.00e+00	0.00e+00	0.00e+00	0.00e+00	0.00e+00	0.00e+00	0.00e+00	0.00e+00
 1.95043e+23	3.74e-04	3.85e-01	5.92e-01	2.08e-02	1.88e-03	2.11e-04	1.37e-05	0.00e+00	0.00e+00	0.00e+00	0.00e+00	0.00e+00	0.00e+00	0.00e+00	0.00e+00	0.00e+00	0.00e+00
 1.96091e+23	4.14e-04	4.02e-01	5.78e-01	1.82e-02	1.66e-03	1.77e-04	1.12e-05	0.00e+00	0.00e+00	0.00e+00	0.00e+00	0.00e+00	0.00e+00	0.00e+00	0.00e+00	0.00e+00	0.00e+00
 1.97101e+23	4.68e-04	4.24e-01	5.59e-01	1.53e-02	1.41e-03	1.42e-04	8.70e-06	0.00e+00	0.00e+00	0.00e+00	0.00e+00	0.00e+00	0.00e+00	0.00e+00	0.00e+00	0.00e+00	0.00e+00
 1.98165e+23	5.24e-04	4.44e-01	5.41e-01	1.29e-02	1.21e-03	1.14e-04	6.84e-06	0.00e+00	0.00e+00	0.00e+00	0.00e+00	0.00e+00	0.00e+00	0.00e+00	0.00e+00	0.00e+00	0.00e+00
 1.99144e+23	5.83e-04	4.65e-01	5.22e-01	1.08e-02	1.02e-03	9.13e-05	5.37e-06	0.00e+00	0.00e+00	0.00e+00	0.00e+00	0.00e+00	0.00e+00	0.00e+00	0.00e+00	0.00e+00	0.00e+00
 2.00258e+23	6.68e-04	4.94e-01	4.96e-01	8.52e-03	8.14e-04	6.77e-05	3.89e-06	0.00e+00	0.00e+00	0.00e+00	0.00e+00	0.00e+00	0.00e+00	0.00e+00	0.00e+00	0.00e+00	0.00e+00
 2.01382e+23	7.47e-04	5.21e-01	4.71e-01	6.76e-03	6.51e-04	5.08e-05	2.87e-06	0.00e+00	0.00e+00	0.00e+00	0.00e+00	0.00e+00	0.00e+00	0.00e+00	0.00e+00	0.00e+00	0.00e+00
 2.02279e+23	8.14e-04	5.44e-01	4.49e-01	5.49e-03	5.31e-04	3.93e-05	2.20e-06	0.00e+00	0.00e+00	0.00e+00	0.00e+00	0.00e+00	0.00e+00	0.00e+00	0.00e+00	0.00e+00	0.00e+00
 2.03059e+23	8.83e-04	5.67e-01	4.27e-01	4.46e-03	4.30e-04	3.04e-05	1.70e-06	0.00e+00	0.00e+00	0.00e+00	0.00e+00	0.00e+00	0.00e+00	0.00e+00	0.00e+00	0.00e+00	0.00e+00
 2.03796e+23	9.47e-04	5.90e-01	4.05e-01	3.61e-03	3.46e-04	2.34e-05	1.31e-06	0.00e+00	0.00e+00	0.00e+00	0.00e+00	0.00e+00	0.00e+00	0.00e+00	0.00e+00	0.00e+00	0.00e+00
 2.04489e+23	1.01e-03	6.13e-01	3.83e-01	2.89e-03	2.75e-04	1.78e-05	1.00e-06	0.00e+00	0.00e+00	0.00e+00	0.00e+00	0.00e+00	0.00e+00	0.00e+00	0.00e+00	0.00e+00	0.00e+00
 2.05121e+23	1.06e-03	6.35e-01	3.61e-01	2.32e-03	2.18e-04	1.36e-05	7.72e-07	0.00e+00	0.00e+00	0.00e+00	0.00e+00	0.00e+00	0.00e+00	0.00e+00	0.00e+00	0.00e+00	0.00e+00
 2.05681e+23	1.10e-03	6.56e-01	3.41e-01	1.87e-03	1.73e-04	1.05e-05	6.02e-07	0.00e+00	0.00e+00	0.00e+00	0.00e+00	0.00e+00	0.00e+00	0.00e+00	0.00e+00	0.00e+00	0.00e+00
 2.06180e+23	1.13e-03	6.75e-01	3.22e-01	1.53e-03	1.39e-04	8.21e-06	4.79e-07	0.00e+00	0.00e+00	0.00e+00	0.00e+00	0.00e+00	0.00e+00	0.00e+00	0.00e+00	0.00e+00	0.00e+00
 2.06634e+23	1.16e-03	6.94e-01	3.03e-01	1.26e-03	1.12e-04	6.43e-06	3.82e-07	0.00e+00	0.00e+00	0.00e+00	0.00e+00	0.00e+00	0.00e+00	0.00e+00	0.00e+00	0.00e+00	0.00e+00
 2.07050e+23	1.16e-03	7.11e-01	2.87e-01	1.05e-03	9.09e-05	5.13e-06	3.11e-07	0.00e+00	0.00e+00	0.00e+00	0.00e+00	0.00e+00	0.00e+00	0.00e+00	0.00e+00	0.00e+00	0.00e+00
 2.07430e+23	1.16e-03	7.26e-01	2.71e-01	8.77e-04	7.46e-05	4.13e-06	2.56e-07	0.00e+00	0.00e+00	0.00e+00	0.00e+00	0.00e+00	0.00e+00	0.00e+00	0.00e+00	0.00e+00	0.00e+00
 2.07781e+23	1.16e-03	7.41e-01	2.57e-01	7.42e-04	6.18e-05	3.36e-06	2.13e-07	0.00e+00	0.00e+00	0.00e+00	0.00e+00	0.00e+00	0.00e+00	0.00e+00	0.00e+00	0.00e+00	0.00e+00
 2.08106e+23	1.14e-03	7.53e-01	2.45e-01	6.38e-04	5.20e-05	2.79e-06	1.81e-07	0.00e+00	0.00e+00	0.00e+00	0.00e+00	0.00e+00	0.00e+00	0.00e+00	0.00e+00	0.00e+00	0.00e+00
 2.08328e+23	1.11e-03	7.60e-01	2.38e-01	5.79e-04	4.67e-05	2.48e-06	1.63e-07	0.00e+00	0.00e+00	0.00e+00	0.00e+00	0.00e+00	0.00e+00	0.00e+00	0.00e+00	0.00e+00	0.00e+00
 2.08435e+23	1.10e-03	7.64e-01	2.34e-01	5.53e-04	4.43e-05	2.34e-06	1.55e-07	0.00e+00	0.00e+00	0.00e+00	0.00e+00	0.00e+00	0.00e+00	0.00e+00	0.00e+00	0.00e+00	0.00e+00
 2.08531e+23	1.10e-03	7.67e-01	2.31e-01	5.29e-04	4.21e-05	2.22e-06	1.48e-07	0.00e+00	0.00e+00	0.00e+00	0.00e+00	0.00e+00	0.00e+00	0.00e+00	0.00e+00	0.00e+00	0.00e+00
 2.08654e+23	1.08e-03	7.72e-01	2.27e-01	4.99e-04	3.95e-05	2.07e-06	1.39e-07	0.00e+00	0.00e+00	0.00e+00	0.00e+00	0.00e+00	0.00e+00	0.00e+00	0.00e+00	0.00e+00	0.00e+00
 2.08796e+23	1.07e-03	7.77e-01	2.22e-01	4.68e-04	3.67e-05	1.91e-06	1.30e-07	0.00e+00	0.00e+00	0.00e+00	0.00e+00	0.00e+00	0.00e+00	0.00e+00	0.00e+00	0.00e+00	0.00e+00
 2.08938e+23	1.05e-03	7.80e-01	2.18e-01	4.42e-04	3.44e-05	1.79e-06	0.00e+00	0.00e+00	0.00e+00	0.00e+00	0.00e+00	0.00e+00	0.00e+00	0.00e+00	0.00e+00	0.00e+00	0.00e+00
 2.09082e+23	1.03e-03	7.84e-01	2.15e-01	4.16e-04	3.22e-05	1.66e-06	0.00e+00	0.00e+00	0.00e+00	0.00e+00	0.00e+00	0.00e+00	0.00e+00	0.00e+00	0.00e+00	0.00e+00	0.00e+00
 2.09234e+23	1.01e-03	7.88e-01	2.11e-01	3.91e-04	3.00e-05	1.54e-06	0.00e+00	0.00e+00	0.00e+00	0.00e+00	0.00e+00	0.00e+00	0.00e+00	0.00e+00	0.00e+00	0.00e+00	0.00e+00
 2.09386e+23	9.80e-04	7.91e-01	2.08e-01	3.69e-04	2.82e-05	1.45e-06	0.00e+00	0.00e+00	0.00e+00	0.00e+00	0.00e+00	0.00e+00	0.00e+00	0.00e+00	0.00e+00	0.00e+00	0.00e+00
 2.09537e+23	9.55e-04	7.93e-01	2.05e-01	3.49e-04	2.66e-05	1.35e-06	0.00e+00	0.00e+00	0.00e+00	0.00e+00	0.00e+00	0.00e+00	0.00e+00	0.00e+00	0.00e+00	0.00e+00	0.00e+00
 2.09692e+23	9.30e-04	7.96e-01	2.03e-01	3.30e-04	2.50e-05	1.27e-06	0.00e+00	0.00e+00	0.00e+00	0.00e+00	0.00e+00	0.00e+00	0.00e+00	0.00e+00	0.00e+00	0.00e+00	0.00e+00
 2.09850e+23	9.02e-04	7.98e-01	2.01e-01	3.13e-04	2.37e-05	1.20e-06	0.00e+00	0.00e+00	0.00e+00	0.00e+00	0.00e+00	0.00e+00	0.00e+00	0.00e+00	0.00e+00	0.00e+00	0.00e+00
 2.09976e+23	8.76e-04	7.98e-01	2.01e-01	3.02e-04	2.29e-05	1.16e-06	0.00e+00	0.00e+00	0.00e+00	0.00e+00	0.00e+00	0.00e+00	0.00e+00	0.00e+00	0.00e+00	0.00e+00	0.00e+00
 2.10060e+23	8.62e-04	7.99e-01	2.00e-01	2.94e-04	2.23e-05	1.13e-06	0.00e+00	0.00e+00	0.00e+00	0.00e+00	0.00e+00	0.00e+00	0.00e+00	0.00e+00	0.00e+00	0.00e+00	0.00e+00
 2.10140e+23	8.49e-04	8.00e-01	1.99e-01	2.87e-04	2.18e-05	1.10e-06	0.00e+00	0.00e+00	0.00e+00	0.00e+00	0.00e+00	0.00e+00	0.00e+00	0.00e+00	0.00e+00	0.00e+00	0.00e+00
 2.10235e+23	8.34e-04	8.00e-01	1.99e-01	2.79e-04	2.12e-05	1.07e-06	0.00e+00	0.00e+00	0.00e+00	0.00e+00	0.00e+00	0.00e+00	0.00e+00	0.00e+00	0.00e+00	0.00e+00	0.00e+00
 2.10339e+23	8.17e-04	8.01e-01	1.98e-01	2.71e-04	2.06e-05	1.04e-06	0.00e+00	0.00e+00	0.00e+00	0.00e+00	0.00e+00	0.00e+00	0.00e+00	0.00e+00	0.00e+00	0.00e+00	0.00e+00
 2.10442e+23	7.99e-04	8.01e-01	1.98e-01	2.64e-04	2.01e-05	1.01e-06	0.00e+00	0.00e+00	0.00e+00	0.00e+00	0.00e+00	0.00e+00	0.00e+00	0.00e+00	0.00e+00	0.00e+00	0.00e+00
 2.10544e+23	7.83e-04	8.01e-01	1.98e-01	2.57e-04	1.96e-05	9.88e-07	0.00e+00	0.00e+00	0.00e+00	0.00e+00	0.00e+00	0.00e+00	0.00e+00	0.00e+00	0.00e+00	0.00e+00	0.00e+00
 2.10647e+23	7.66e-04	8.00e-01	1.99e-01	2.51e-04	1.92e-05	9.66e-07	0.00e+00	0.00e+00	0.00e+00	0.00e+00	0.00e+00	0.00e+00	0.00e+00	0.00e+00	0.00e+00	0.00e+00	0.00e+00
