#depth	Ar	Ar+	Ar+2	Ar+3	Ar+4	Ar+5	Ar+6	Ar+7	Ar+8	Ar+9	Ar+10	Ar+11	Ar+12	Ar+13	Ar+14	Ar+15	Ar+16	Ar+17	Ar+18
 1.54284e+22	1.85e-28	4.96e-22	6.54e-17	1.70e-14	2.15e-12	9.47e-11	2.21e-09	6.43e-08	3.68e-05	1.44e-03	1.76e-02	7.43e-02	2.19e-01	2.47e-01	1.51e-01	1.00e-01	1.59e-01	2.88e-02	1.77e-03
 3.41660e+22	3.93e-25	7.03e-19	6.05e-14	6.75e-12	3.85e-10	7.61e-09	7.58e-08	9.81e-07	3.41e-04	1.03e-02	8.14e-02	2.08e-01	3.56e-01	2.19e-01	7.13e-02	2.63e-02	2.45e-02	2.19e-03	6.68e-05
 3.86162e+22	2.93e-24	4.58e-18	3.42e-13	3.15e-11	1.50e-09	2.48e-08	2.03e-07	2.17e-06	6.18e-04	1.64e-02	1.11e-01	2.46e-01	3.59e-01	1.85e-01	5.10e-02	1.63e-02	1.31e-02	9.60e-04	2.40e-05
 4.03276e+22	7.40e-24	1.08e-17	7.56e-13	6.39e-11	2.83e-09	4.31e-08	3.22e-07	3.15e-06	8.17e-04	2.02e-02	1.27e-01	2.63e-01	3.55e-01	1.68e-01	4.28e-02	1.29e-02	9.67e-03	6.43e-04	1.46e-05
 4.10407e+22	9.26e-24	1.33e-17	9.15e-13	7.59e-11	3.29e-09	4.92e-08	3.60e-07	3.45e-06	8.74e-04	2.12e-02	1.31e-01	2.66e-01	3.53e-01	1.64e-01	4.10e-02	1.21e-02	8.97e-03	5.82e-04	1.29e-05
 4.13688e+22	1.24e-23	1.75e-17	1.17e-12	9.47e-11	4.01e-09	5.85e-08	4.16e-07	3.88e-06	9.54e-04	2.26e-02	1.37e-01	2.71e-01	3.51e-01	1.59e-01	3.87e-02	1.12e-02	8.12e-03	5.11e-04	1.10e-05
 4.17313e+22	1.62e-23	2.24e-17	1.47e-12	1.16e-10	4.82e-09	6.87e-08	4.76e-07	4.34e-06	1.04e-03	2.40e-02	1.42e-01	2.76e-01	3.49e-01	1.54e-01	3.66e-02	1.04e-02	7.40e-03	4.53e-04	9.50e-06
 4.21385e+22	2.26e-23	3.04e-17	1.95e-12	1.49e-10	6.03e-09	8.36e-08	5.62e-07	4.96e-06	1.14e-03	2.58e-02	1.49e-01	2.81e-01	3.45e-01	1.48e-01	3.42e-02	9.51e-03	6.59e-03	3.90e-04	7.91e-06
 4.25627e+22	3.07e-23	4.05e-17	2.53e-12	1.89e-10	7.44e-09	1.00e-07	6.55e-07	5.62e-06	1.26e-03	2.76e-02	1.55e-01	2.85e-01	3.42e-01	1.42e-01	3.20e-02	8.73e-03	5.91e-03	3.38e-04	6.65e-06
 4.29384e+22	4.00e-23	5.16e-17	3.16e-12	2.31e-10	8.89e-09	1.17e-07	7.47e-07	6.26e-06	1.36e-03	2.92e-02	1.60e-01	2.89e-01	3.38e-01	1.37e-01	3.02e-02	8.10e-03	5.38e-03	3.00e-04	5.73e-06
 4.33563e+22	5.56e-23	6.99e-17	4.17e-12	2.96e-10	1.11e-08	1.43e-07	8.81e-07	7.17e-06	1.50e-03	3.14e-02	1.67e-01	2.94e-01	3.34e-01	1.31e-01	2.81e-02	7.37e-03	4.78e-03	2.57e-04	4.75e-06
 4.38039e+22	7.59e-23	9.31e-17	5.41e-12	3.75e-10	1.37e-08	1.72e-07	1.03e-06	8.14e-06	1.65e-03	3.35e-02	1.74e-01	2.98e-01	3.30e-01	1.26e-01	2.62e-02	6.73e-03	4.27e-03	2.22e-04	3.97e-06
 4.42239e+22	1.02e-22	1.22e-16	6.92e-12	4.67e-10	1.67e-08	2.04e-07	1.19e-06	9.17e-06	1.81e-03	3.57e-02	1.81e-01	3.02e-01	3.25e-01	1.21e-01	2.45e-02	6.18e-03	3.83e-03	1.93e-04	3.35e-06
 4.47038e+22	1.47e-22	1.72e-16	9.45e-12	6.19e-10	2.15e-08	2.54e-07	1.43e-06	1.07e-05	2.02e-03	3.86e-02	1.89e-01	3.06e-01	3.19e-01	1.14e-01	2.25e-02	5.53e-03	3.33e-03	1.62e-04	2.70e-06
 4.52007e+22	2.02e-22	2.30e-16	1.23e-11	7.86e-10	2.66e-08	3.07e-07	1.68e-06	1.21e-05	2.22e-03	4.13e-02	1.96e-01	3.09e-01	3.13e-01	1.09e-01	2.08e-02	5.02e-03	2.96e-03	1.39e-04	2.24e-06
 4.56520e+22	2.75e-22	3.04e-16	1.59e-11	9.90e-10	3.28e-08	3.68e-07	1.96e-06	1.38e-05	2.44e-03	4.40e-02	2.03e-01	3.12e-01	3.07e-01	1.04e-01	1.93e-02	4.56e-03	2.63e-03	1.19e-04	1.86e-06
 4.61706e+22	4.06e-22	4.35e-16	2.20e-11	1.33e-09	4.26e-08	4.63e-07	2.38e-06	1.61e-05	2.74e-03	4.77e-02	2.13e-01	3.16e-01	3.00e-01	9.74e-02	1.75e-02	4.04e-03	2.26e-03	9.85e-05	1.47e-06
 4.66996e+22	5.60e-22	5.85e-16	2.88e-11	1.69e-09	5.29e-08	5.60e-07	2.79e-06	1.84e-05	3.02e-03	5.09e-02	2.20e-01	3.18e-01	2.93e-01	9.23e-02	1.62e-02	3.65e-03	1.99e-03	8.38e-05	1.21e-06
 4.72420e+22	8.39e-22	8.47e-16	4.02e-11	2.29e-09	6.94e-08	7.10e-07	3.41e-06	2.16e-05	3.40e-03	5.52e-02	2.30e-01	3.21e-01	2.85e-01	8.61e-02	1.46e-02	3.20e-03	1.69e-03	6.82e-05	9.44e-07
 4.77899e+22	1.16e-21	1.14e-15	5.25e-11	2.91e-09	8.61e-08	8.58e-07	4.00e-06	2.47e-05	3.75e-03	5.89e-02	2.38e-01	3.22e-01	2.78e-01	8.13e-02	1.34e-02	2.88e-03	1.49e-03	5.78e-05	7.72e-07
 4.83449e+22	1.74e-21	1.65e-15	7.37e-11	3.95e-09	1.13e-07	1.09e-06	4.90e-06	2.91e-05	4.23e-03	6.38e-02	2.48e-01	3.24e-01	2.69e-01	7.54e-02	1.20e-02	2.51e-03	1.26e-03	4.66e-05	5.96e-07
 4.89074e+22	2.42e-21	2.23e-15	9.66e-11	5.04e-09	1.41e-07	1.32e-06	5.76e-06	3.33e-05	4.66e-03	6.80e-02	2.56e-01	3.25e-01	2.61e-01	7.09e-02	1.09e-02	2.24e-03	1.09e-03	3.92e-05	4.82e-07
 4.94796e+22	3.69e-21	3.28e-15	1.37e-10	6.90e-09	1.87e-07	1.70e-06	7.10e-06	3.95e-05	5.27e-03	7.38e-02	2.67e-01	3.26e-01	2.51e-01	6.53e-02	9.67e-03	1.93e-03	9.12e-04	3.11e-05	3.65e-07
 5.00209e+22	4.88e-21	4.24e-15	1.72e-10	8.50e-09	2.26e-07	2.00e-06	8.16e-06	4.43e-05	5.73e-03	7.78e-02	2.74e-01	3.26e-01	2.44e-01	6.17e-02	8.92e-03	1.75e-03	8.08e-04	2.67e-05	3.04e-07
 5.05221e+22	7.06e-21	5.93e-15	2.33e-10	1.12e-08	2.89e-07	2.49e-06	9.81e-06	5.15e-05	6.38e-03	8.34e-02	2.83e-01	3.25e-01	2.35e-01	5.71e-02	7.98e-03	1.53e-03	6.85e-04	2.17e-05	2.36e-07
 5.10272e+22	9.33e-21	7.64e-15	2.93e-10	1.37e-08	3.48e-07	2.93e-06	1.13e-05	5.76e-05	6.92e-03	8.79e-02	2.89e-01	3.24e-01	2.28e-01	5.38e-02	7.34e-03	1.38e-03	6.05e-04	1.86e-05	1.96e-07
 5.15377e+22	1.36e-20	1.07e-14	3.97e-10	1.81e-08	4.47e-07	3.66e-06	1.36e-05	6.73e-05	7.73e-03	9.42e-02	2.98e-01	3.23e-01	2.19e-01	4.95e-02	6.52e-03	1.20e-03	5.08e-04	1.49e-05	1.50e-07
 5.20518e+22	1.80e-20	1.39e-14	5.01e-10	2.23e-08	5.41e-07	4.33e-06	1.57e-05	7.57e-05	8.40e-03	9.92e-02	3.05e-01	3.22e-01	2.11e-01	4.64e-02	5.95e-03	1.08e-03	4.45e-04	1.26e-05	0.00e+00
 5.25708e+22	2.61e-20	1.95e-14	6.77e-10	2.93e-08	6.95e-07	5.41e-06	1.89e-05	8.85e-05	9.38e-03	1.06e-01	3.14e-01	3.19e-01	2.02e-01	4.25e-02	5.26e-03	9.30e-04	3.71e-04	1.00e-05	0.00e+00
 5.30983e+22	3.50e-20	2.54e-14	8.57e-10	3.63e-08	8.45e-07	6.44e-06	2.19e-05	1.00e-04	1.02e-02	1.12e-01	3.21e-01	3.17e-01	1.94e-01	3.96e-02	4.76e-03	8.27e-04	3.22e-04	8.40e-06	0.00e+00
 5.36369e+22	5.12e-20	3.59e-14	1.16e-09	4.80e-08	1.09e-06	8.11e-06	2.67e-05	1.18e-04	1.15e-02	1.20e-01	3.29e-01	3.14e-01	1.84e-01	3.59e-02	4.16e-03	7.06e-04	2.65e-04	6.58e-06	0.00e+00
 5.41827e+22	6.87e-20	4.68e-14	1.48e-09	5.96e-08	1.33e-06	9.68e-06	3.10e-05	1.33e-04	1.25e-02	1.26e-01	3.36e-01	3.11e-01	1.77e-01	3.33e-02	3.75e-03	6.24e-04	2.28e-04	5.45e-06	0.00e+00
 5.47379e+22	1.01e-19	6.61e-14	2.00e-09	7.88e-08	1.73e-06	1.22e-05	3.78e-05	1.58e-04	1.40e-02	1.35e-01	3.44e-01	3.06e-01	1.66e-01	2.99e-02	3.24e-03	5.27e-04	1.86e-04	4.21e-06	0.00e+00
 5.53055e+22	1.37e-19	8.70e-14	2.55e-09	9.85e-08	2.13e-06	1.48e-05	4.44e-05	1.80e-04	1.54e-02	1.43e-01	3.50e-01	3.02e-01	1.58e-01	2.74e-02	2.88e-03	4.59e-04	1.57e-04	3.42e-06	0.00e+00
 5.58890e+22	2.02e-19	1.23e-13	3.47e-09	1.31e-07	2.78e-06	1.88e-05	5.46e-05	2.15e-04	1.74e-02	1.53e-01	3.58e-01	2.96e-01	1.48e-01	2.44e-02	2.46e-03	3.82e-04	1.25e-04	2.58e-06	0.00e+00
 5.64811e+22	2.74e-19	1.62e-13	4.41e-09	1.64e-07	3.43e-06	2.28e-05	6.44e-05	2.48e-04	1.92e-02	1.62e-01	3.63e-01	2.91e-01	1.40e-01	2.21e-02	2.16e-03	3.29e-04	1.05e-04	2.06e-06	0.00e+00
 5.70670e+22	3.96e-19	2.25e-13	5.88e-09	2.15e-07	4.44e-06	2.89e-05	7.89e-05	2.95e-04	2.16e-02	1.73e-01	3.70e-01	2.83e-01	1.30e-01	1.96e-02	1.83e-03	2.73e-04	8.32e-05	1.55e-06	0.00e+00
 5.76262e+22	5.16e-19	2.85e-13	7.22e-09	2.60e-07	5.34e-06	3.43e-05	9.13e-05	3.34e-04	2.35e-02	1.81e-01	3.74e-01	2.78e-01	1.23e-01	1.79e-02	1.62e-03	2.38e-04	7.04e-05	1.26e-06	0.00e+00
 5.81683e+22	7.21e-19	3.84e-13	9.32e-09	3.33e-07	6.78e-06	4.27e-05	1.10e-04	3.94e-04	2.63e-02	1.93e-01	3.79e-01	2.70e-01	1.14e-01	1.58e-02	1.38e-03	1.98e-04	5.61e-05	9.56e-07	0.00e+00
 5.87205e+22	9.38e-19	4.84e-13	1.14e-08	4.04e-07	8.18e-06	5.09e-05	1.29e-04	4.50e-04	2.87e-02	2.02e-01	3.82e-01	2.64e-01	1.07e-01	1.43e-02	1.21e-03	1.70e-04	4.68e-05	7.63e-07	0.00e+00
 5.92607e+22	1.27e-18	6.33e-13	1.43e-08	5.05e-07	1.02e-05	6.27e-05	1.54e-04	5.28e-04	3.19e-02	2.14e-01	3.85e-01	2.55e-01	9.90e-02	1.26e-02	1.03e-03	1.42e-04	3.74e-05	5.80e-07	0.00e+00
 5.98121e+22	1.65e-18	7.95e-13	1.74e-08	6.13e-07	1.24e-05	7.50e-05	1.80e-04	6.06e-04	3.50e-02	2.24e-01	3.88e-01	2.48e-01	9.22e-02	1.13e-02	8.88e-04	1.20e-04	3.07e-05	4.55e-07	0.00e+00
 6.03496e+22	2.18e-18	1.01e-12	2.13e-08	7.51e-07	1.52e-05	9.10e-05	2.13e-04	7.05e-04	3.87e-02	2.36e-01	3.89e-01	2.39e-01	8.50e-02	9.94e-03	7.55e-04	1.00e-04	2.47e-05	3.48e-07	0.00e+00
 6.08978e+22	2.81e-18	1.26e-12	2.57e-08	9.08e-07	1.84e-05	1.09e-04	2.50e-04	8.13e-04	4.26e-02	2.47e-01	3.90e-01	2.31e-01	7.85e-02	8.80e-03	6.46e-04	8.42e-05	2.00e-05	2.69e-07	0.00e+00
 6.14414e+22	3.63e-18	1.57e-12	3.08e-08	1.10e-06	2.23e-05	1.31e-04	2.93e-04	9.42e-04	4.69e-02	2.59e-01	3.90e-01	2.22e-01	7.21e-02	7.74e-03	5.49e-04	7.01e-05	1.60e-05	2.05e-07	0.00e+00
 6.19876e+22	4.63e-18	1.94e-12	3.66e-08	1.32e-06	2.68e-05	1.57e-04	3.43e-04	1.09e-03	5.15e-02	2.71e-01	3.89e-01	2.13e-01	6.62e-02	6.81e-03	4.66e-04	5.84e-05	1.29e-05	1.57e-07	0.00e+00
 6.25278e+22	5.86e-18	2.37e-12	4.32e-08	1.57e-06	3.22e-05	1.87e-04	3.99e-04	1.25e-03	5.64e-02	2.83e-01	3.88e-01	2.04e-01	6.06e-02	5.98e-03	3.95e-04	4.86e-05	1.03e-05	1.20e-07	0.00e+00
 6.30669e+22	7.36e-18	2.87e-12	5.06e-08	1.86e-06	3.84e-05	2.22e-04	4.64e-04	1.44e-03	6.17e-02	2.95e-01	3.85e-01	1.95e-01	5.53e-02	5.24e-03	3.35e-04	4.04e-05	8.29e-06	0.00e+00	0.00e+00
 6.36073e+22	9.19e-18	3.46e-12	5.89e-08	2.20e-06	4.57e-05	2.63e-04	5.38e-04	1.65e-03	6.74e-02	3.07e-01	3.82e-01	1.86e-01	5.04e-02	4.58e-03	2.83e-04	3.35e-05	6.63e-06	0.00e+00	0.00e+00
 6.41501e+22	1.14e-17	4.16e-12	6.82e-08	2.59e-06	5.43e-05	3.10e-04	6.21e-04	1.90e-03	7.36e-02	3.18e-01	3.78e-01	1.77e-01	4.58e-02	3.99e-03	2.38e-04	2.77e-05	5.29e-06	0.00e+00	0.00e+00
 6.46964e+22	1.42e-17	4.98e-12	7.88e-08	3.04e-06	6.43e-05	3.66e-04	7.17e-04	2.17e-03	8.02e-02	3.30e-01	3.74e-01	1.67e-01	4.14e-02	3.47e-03	2.00e-04	2.28e-05	4.21e-06	0.00e+00	0.00e+00
 6.52480e+22	1.75e-17	5.94e-12	9.07e-08	3.57e-06	7.60e-05	4.30e-04	8.25e-04	2.49e-03	8.72e-02	3.42e-01	3.68e-01	1.58e-01	3.74e-02	3.01e-03	1.68e-04	1.88e-05	3.34e-06	0.00e+00	0.00e+00
 6.58065e+22	2.17e-17	7.08e-12	1.04e-07	4.18e-06	8.97e-05	5.05e-04	9.48e-04	2.85e-03	9.48e-02	3.53e-01	3.62e-01	1.49e-01	3.37e-02	2.60e-03	1.41e-04	1.54e-05	2.64e-06	0.00e+00	0.00e+00
 6.63676e+22	2.67e-17	8.41e-12	1.19e-07	4.88e-06	1.05e-04	5.91e-04	1.08e-03	3.25e-03	1.03e-01	3.63e-01	3.55e-01	1.41e-01	3.03e-02	2.25e-03	1.18e-04	1.26e-05	2.09e-06	0.00e+00	0.00e+00
 6.69381e+22	3.30e-17	1.00e-11	1.37e-07	5.72e-06	1.24e-04	6.93e-04	1.24e-03	3.71e-03	1.11e-01	3.74e-01	3.48e-01	1.32e-01	2.71e-02	1.93e-03	9.77e-05	1.03e-05	1.64e-06	0.00e+00	0.00e+00
 6.75155e+22	4.07e-17	1.19e-11	1.57e-07	6.68e-06	1.46e-04	8.08e-04	1.41e-03	4.22e-03	1.20e-01	3.84e-01	3.40e-01	1.24e-01	2.43e-02	1.66e-03	8.14e-05	8.37e-06	1.29e-06	0.00e+00	0.00e+00
 6.81045e+22	5.06e-17	1.43e-11	1.81e-07	7.85e-06	1.72e-04	9.46e-04	1.62e-03	4.81e-03	1.30e-01	3.94e-01	3.31e-01	1.15e-01	2.16e-02	1.42e-03	6.71e-05	6.75e-06	1.01e-06	0.00e+00	0.00e+00
 6.86524e+22	6.05e-17	1.65e-11	2.04e-07	8.95e-06	1.96e-04	1.07e-03	1.80e-03	5.34e-03	1.38e-01	4.01e-01	3.23e-01	1.09e-01	1.96e-02	1.25e-03	5.74e-05	5.67e-06	8.21e-07	0.00e+00	0.00e+00
 6.92177e+22	7.61e-17	2.00e-11	2.36e-07	1.06e-05	2.32e-04	1.26e-03	2.05e-03	6.11e-03	1.49e-01	4.10e-01	3.13e-01	1.00e-01	1.72e-02	1.05e-03	4.67e-05	4.52e-06	6.30e-07	0.00e+00	0.00e+00
 6.97928e+22	9.19e-17	2.34e-11	2.68e-07	1.21e-05	2.66e-04	1.43e-03	2.27e-03	6.77e-03	1.58e-01	4.16e-01	3.04e-01	9.43e-02	1.56e-02	9.21e-04	3.98e-05	3.77e-06	5.11e-07	0.00e+00	0.00e+00
 7.03805e+22	1.17e-16	2.85e-11	3.13e-07	1.44e-05	3.15e-04	1.67e-03	2.59e-03	7.73e-03	1.71e-01	4.23e-01	2.93e-01	8.67e-02	1.36e-02	7.71e-04	3.21e-05	2.98e-06	3.88e-07	0.00e+00	0.00e+00
 7.09705e+22	1.42e-16	3.36e-11	3.57e-07	1.65e-05	3.59e-04	1.89e-03	2.86e-03	8.52e-03	1.80e-01	4.28e-01	2.84e-01	8.12e-02	1.23e-02	6.75e-04	2.74e-05	2.49e-06	3.16e-07	0.00e+00	0.00e+00
 7.15634e+22	1.82e-16	4.13e-11	4.21e-07	1.97e-05	4.25e-04	2.20e-03	3.24e-03	9.67e-03	1.93e-01	4.33e-01	2.73e-01	7.44e-02	1.07e-02	5.65e-04	2.22e-05	1.97e-06	2.40e-07	0.00e+00	0.00e+00
 7.21600e+22	2.23e-16	4.89e-11	4.83e-07	2.26e-05	4.85e-04	2.48e-03	3.55e-03	1.06e-02	2.03e-01	4.37e-01	2.64e-01	6.95e-02	9.63e-03	4.93e-04	1.88e-05	1.64e-06	1.95e-07	0.00e+00	0.00e+00
 7.27616e+22	2.89e-16	6.08e-11	5.76e-07	2.71e-05	5.73e-04	2.89e-03	4.00e-03	1.20e-02	2.16e-01	4.40e-01	2.52e-01	6.34e-02	8.37e-03	4.13e-04	1.52e-05	1.29e-06	1.48e-07	0.00e+00	0.00e+00
 7.33685e+22	3.57e-16	7.26e-11	6.65e-07	3.13e-05	6.53e-04	3.24e-03	4.38e-03	1.31e-02	2.27e-01	4.42e-01	2.43e-01	5.91e-02	7.51e-03	3.59e-04	1.29e-05	1.08e-06	0.00e+00	0.00e+00	0.00e+00
 7.39823e+22	4.68e-16	9.14e-11	8.02e-07	3.76e-05	7.72e-04	3.77e-03	4.92e-03	1.48e-02	2.41e-01	4.44e-01	2.31e-01	5.37e-02	6.50e-03	2.99e-04	1.04e-05	8.47e-07	0.00e+00	0.00e+00	0.00e+00
 7.46040e+22	5.85e-16	1.10e-10	9.36e-07	4.37e-05	8.82e-04	4.23e-03	5.38e-03	1.61e-02	2.52e-01	4.44e-01	2.22e-01	4.98e-02	5.81e-03	2.60e-04	8.77e-06	7.02e-07	0.00e+00	0.00e+00	0.00e+00
 7.52358e+22	7.80e-16	1.41e-10	1.15e-06	5.30e-05	1.05e-03	4.91e-03	6.02e-03	1.81e-02	2.66e-01	4.44e-01	2.10e-01	4.50e-02	5.00e-03	2.16e-04	7.03e-06	5.49e-07	0.00e+00	0.00e+00	0.00e+00
 7.58784e+22	9.88e-16	1.72e-10	1.35e-06	6.20e-05	1.20e-03	5.52e-03	6.57e-03	1.97e-02	2.78e-01	4.42e-01	2.01e-01	4.16e-02	4.45e-03	1.86e-04	5.90e-06	4.52e-07	0.00e+00	0.00e+00	0.00e+00
 7.65351e+22	1.34e-15	2.24e-10	1.68e-06	7.60e-05	1.43e-03	6.41e-03	7.34e-03	2.20e-02	2.92e-01	4.40e-01	1.89e-01	3.74e-02	3.80e-03	1.53e-04	4.69e-06	3.51e-07	0.00e+00	0.00e+00	0.00e+00
 7.72060e+22	1.73e-15	2.79e-10	2.02e-06	8.97e-05	1.64e-03	7.22e-03	8.01e-03	2.40e-02	3.04e-01	4.37e-01	1.80e-01	3.43e-02	3.36e-03	1.31e-04	3.91e-06	2.87e-07	0.00e+00	0.00e+00	0.00e+00
 7.78954e+22	2.41e-15	3.70e-10	2.55e-06	1.11e-04	1.97e-03	8.40e-03	8.94e-03	2.68e-02	3.19e-01	4.33e-01	1.68e-01	3.06e-02	2.85e-03	1.07e-04	3.08e-06	2.20e-07	0.00e+00	0.00e+00	0.00e+00
 7.86009e+22	3.17e-15	4.68e-10	3.11e-06	1.33e-04	2.28e-03	9.49e-03	9.76e-03	2.91e-02	3.31e-01	4.28e-01	1.59e-01	2.79e-02	2.50e-03	9.14e-05	2.55e-06	1.79e-07	0.00e+00	0.00e+00	0.00e+00
 7.91952e+22	4.03e-15	5.76e-10	3.70e-06	1.55e-04	2.59e-03	1.05e-02	1.05e-02	3.13e-02	3.42e-01	4.24e-01	1.51e-01	2.57e-02	2.22e-03	7.92e-05	2.15e-06	1.48e-07	0.00e+00	0.00e+00	0.00e+00
 7.98358e+22	5.52e-15	7.56e-10	4.65e-06	1.89e-04	3.06e-03	1.21e-02	1.16e-02	3.44e-02	3.55e-01	4.17e-01	1.42e-01	2.30e-02	1.90e-03	6.57e-05	1.73e-06	1.16e-07	0.00e+00	0.00e+00	0.00e+00
 8.04863e+22	7.12e-15	9.42e-10	5.60e-06	2.23e-04	3.49e-03	1.34e-02	1.25e-02	3.69e-02	3.65e-01	4.11e-01	1.34e-01	2.11e-02	1.68e-03	5.67e-05	1.45e-06	0.00e+00	0.00e+00	0.00e+00	0.00e+00
 8.10488e+22	9.06e-15	1.16e-09	6.68e-06	2.59e-04	3.95e-03	1.49e-02	1.34e-02	3.94e-02	3.74e-01	4.05e-01	1.28e-01	1.94e-02	1.50e-03	4.92e-05	1.23e-06	0.00e+00	0.00e+00	0.00e+00	0.00e+00
 8.16788e+22	1.24e-14	1.52e-09	8.40e-06	3.16e-04	4.64e-03	1.69e-02	1.46e-02	4.29e-02	3.86e-01	3.97e-01	1.19e-01	1.74e-02	1.28e-03	4.09e-05	9.87e-07	0.00e+00	0.00e+00	0.00e+00	0.00e+00
 8.23069e+22	1.58e-14	1.88e-09	1.00e-05	3.68e-04	5.24e-03	1.86e-02	1.56e-02	4.56e-02	3.94e-01	3.90e-01	1.13e-01	1.60e-02	1.14e-03	3.57e-05	8.40e-07	0.00e+00	0.00e+00	0.00e+00	0.00e+00
 8.29325e+22	2.17e-14	2.47e-09	1.26e-05	4.48e-04	6.13e-03	2.11e-02	1.70e-02	4.93e-02	4.05e-01	3.81e-01	1.05e-01	1.43e-02	9.80e-04	2.97e-05	6.77e-07	0.00e+00	0.00e+00	0.00e+00	0.00e+00
 8.35671e+22	2.78e-14	3.07e-09	1.52e-05	5.24e-04	6.94e-03	2.32e-02	1.82e-02	5.23e-02	4.13e-01	3.73e-01	9.91e-02	1.31e-02	8.70e-04	2.57e-05	5.73e-07	0.00e+00	0.00e+00	0.00e+00	0.00e+00
 8.42134e+22	3.85e-14	4.07e-09	1.93e-05	6.41e-04	8.14e-03	2.63e-02	1.97e-02	5.64e-02	4.22e-01	3.62e-01	9.18e-02	1.16e-02	7.41e-04	2.13e-05	4.58e-07	0.00e+00	0.00e+00	0.00e+00	0.00e+00
 8.48709e+22	5.00e-14	5.10e-09	2.34e-05	7.53e-04	9.24e-03	2.89e-02	2.11e-02	5.96e-02	4.29e-01	3.54e-01	8.63e-02	1.06e-02	6.53e-04	1.84e-05	3.86e-07	0.00e+00	0.00e+00	0.00e+00	0.00e+00
 8.55432e+22	7.02e-14	6.85e-09	3.00e-05	9.27e-04	1.09e-02	3.28e-02	2.29e-02	6.42e-02	4.37e-01	3.42e-01	7.93e-02	9.35e-03	5.51e-04	1.50e-05	3.05e-07	0.00e+00	0.00e+00	0.00e+00	0.00e+00
 8.62260e+22	9.17e-14	8.64e-09	3.65e-05	1.09e-03	1.24e-02	3.61e-02	2.44e-02	6.77e-02	4.43e-01	3.32e-01	7.43e-02	8.47e-03	4.84e-04	1.29e-05	2.55e-07	0.00e+00	0.00e+00	0.00e+00	0.00e+00
 8.69226e+22	1.30e-13	1.17e-08	4.73e-05	1.35e-03	1.46e-02	4.09e-02	2.64e-02	7.27e-02	4.49e-01	3.19e-01	6.78e-02	7.41e-03	4.05e-04	1.05e-05	2.00e-07	0.00e+00	0.00e+00	0.00e+00	0.00e+00
 8.76360e+22	1.72e-13	1.49e-08	5.81e-05	1.60e-03	1.66e-02	4.52e-02	2.82e-02	7.65e-02	4.53e-01	3.09e-01	6.30e-02	6.66e-03	3.52e-04	8.90e-06	1.65e-07	0.00e+00	0.00e+00	0.00e+00	0.00e+00
 8.83713e+22	2.49e-13	2.06e-08	7.61e-05	2.00e-03	1.97e-02	5.12e-02	3.05e-02	8.18e-02	4.57e-01	2.94e-01	5.70e-02	5.76e-03	2.90e-04	7.13e-06	1.28e-07	0.00e+00	0.00e+00	0.00e+00	0.00e+00
 8.91229e+22	3.33e-13	2.65e-08	9.43e-05	2.38e-03	2.25e-02	5.65e-02	3.25e-02	8.60e-02	4.59e-01	2.83e-01	5.25e-02	5.13e-03	2.50e-04	5.99e-06	0.00e+00	0.00e+00	0.00e+00	0.00e+00	0.00e+00
 8.98955e+22	4.87e-13	3.68e-08	1.24e-04	2.98e-03	2.67e-02	6.41e-02	3.51e-02	9.15e-02	4.61e-01	2.67e-01	4.71e-02	4.39e-03	2.04e-04	4.75e-06	0.00e+00	0.00e+00	0.00e+00	0.00e+00	0.00e+00
 9.06774e+22	6.54e-13	4.75e-08	1.54e-04	3.55e-03	3.05e-02	7.04e-02	3.72e-02	9.56e-02	4.60e-01	2.55e-01	4.31e-02	3.88e-03	1.74e-04	3.96e-06	0.00e+00	0.00e+00	0.00e+00	0.00e+00	0.00e+00
 9.14714e+22	9.62e-13	6.63e-08	2.04e-04	4.45e-03	3.62e-02	7.95e-02	4.00e-02	1.01e-01	4.58e-01	2.39e-01	3.82e-02	3.29e-03	1.41e-04	3.10e-06	0.00e+00	0.00e+00	0.00e+00	0.00e+00	0.00e+00
 9.22739e+22	1.29e-12	8.56e-08	2.53e-04	5.29e-03	4.11e-02	8.70e-02	4.22e-02	1.05e-01	4.55e-01	2.27e-01	3.48e-02	2.89e-03	1.19e-04	2.57e-06	0.00e+00	0.00e+00	0.00e+00	0.00e+00	0.00e+00
 9.30875e+22	1.90e-12	1.19e-07	3.35e-04	6.61e-03	4.85e-02	9.76e-02	4.50e-02	1.10e-01	4.48e-01	2.10e-01	3.05e-02	2.42e-03	9.53e-05	1.99e-06	0.00e+00	0.00e+00	0.00e+00	0.00e+00	0.00e+00
 9.38828e+22	2.50e-12	1.51e-07	4.08e-04	7.73e-03	5.45e-02	1.06e-01	4.71e-02	1.13e-01	4.42e-01	1.99e-01	2.77e-02	2.13e-03	8.11e-05	1.66e-06	0.00e+00	0.00e+00	0.00e+00	0.00e+00	0.00e+00
 9.46542e+22	3.58e-12	2.06e-07	5.27e-04	9.46e-03	6.31e-02	1.17e-01	4.97e-02	1.18e-01	4.33e-01	1.84e-01	2.43e-02	1.79e-03	6.52e-05	1.30e-06	0.00e+00	0.00e+00	0.00e+00	0.00e+00	0.00e+00
 9.54540e+22	4.78e-12	2.63e-07	6.47e-04	1.11e-02	7.10e-02	1.26e-01	5.17e-02	1.20e-01	4.24e-01	1.72e-01	2.18e-02	1.55e-03	5.45e-05	1.06e-06	0.00e+00	0.00e+00	0.00e+00	0.00e+00	0.00e+00
 9.61366e+22	6.15e-12	3.27e-07	7.75e-04	1.28e-02	7.85e-02	1.35e-01	5.35e-02	1.23e-01	4.15e-01	1.61e-01	1.97e-02	1.36e-03	4.64e-05	8.86e-07	0.00e+00	0.00e+00	0.00e+00	0.00e+00	0.00e+00
 9.68700e+22	8.52e-12	4.32e-07	9.76e-04	1.53e-02	8.91e-02	1.46e-01	5.56e-02	1.25e-01	4.01e-01	1.48e-01	1.73e-02	1.14e-03	3.74e-05	6.97e-07	0.00e+00	0.00e+00	0.00e+00	0.00e+00	0.00e+00
 9.76046e+22	1.09e-11	5.34e-07	1.16e-03	1.75e-02	9.81e-02	1.55e-01	5.71e-02	1.27e-01	3.90e-01	1.38e-01	1.55e-02	9.92e-04	3.16e-05	5.77e-07	0.00e+00	0.00e+00	0.00e+00	0.00e+00	0.00e+00
 9.83409e+22	1.48e-11	6.93e-07	1.44e-03	2.06e-02	1.10e-01	1.66e-01	5.88e-02	1.28e-01	3.75e-01	1.26e-01	1.35e-02	8.32e-04	2.55e-05	4.55e-07	0.00e+00	0.00e+00	0.00e+00	0.00e+00	0.00e+00
 9.91065e+22	1.95e-11	8.74e-07	1.74e-03	2.38e-02	1.21e-01	1.76e-01	6.02e-02	1.29e-01	3.60e-01	1.16e-01	1.19e-02	7.06e-04	2.09e-05	3.65e-07	0.00e+00	0.00e+00	0.00e+00	0.00e+00	0.00e+00
 9.97901e+22	2.49e-11	1.07e-06	2.06e-03	2.70e-02	1.32e-01	1.85e-01	6.12e-02	1.29e-01	3.46e-01	1.06e-01	1.05e-02	6.08e-04	1.75e-05	2.99e-07	0.00e+00	0.00e+00	0.00e+00	0.00e+00	0.00e+00
 1.00558e+23	3.38e-11	1.39e-06	2.54e-03	3.16e-02	1.47e-01	1.96e-01	6.23e-02	1.29e-01	3.27e-01	9.55e-02	9.02e-03	5.00e-04	1.38e-05	2.31e-07	0.00e+00	0.00e+00	0.00e+00	0.00e+00	0.00e+00
 1.01367e+23	4.44e-11	1.75e-06	3.06e-03	3.63e-02	1.61e-01	2.06e-01	6.30e-02	1.28e-01	3.09e-01	8.61e-02	7.78e-03	4.16e-04	1.11e-05	1.82e-07	0.00e+00	0.00e+00	0.00e+00	0.00e+00	0.00e+00
 1.02102e+23	5.71e-11	2.16e-06	3.62e-03	4.11e-02	1.74e-01	2.14e-01	6.34e-02	1.26e-01	2.93e-01	7.78e-02	6.76e-03	3.50e-04	9.03e-06	1.45e-07	0.00e+00	0.00e+00	0.00e+00	0.00e+00	0.00e+00
 1.02932e+23	7.80e-11	2.80e-06	4.45e-03	4.77e-02	1.91e-01	2.24e-01	6.35e-02	1.24e-01	2.71e-01	6.81e-02	5.62e-03	2.79e-04	6.92e-06	0.00e+00	0.00e+00	0.00e+00	0.00e+00	0.00e+00	0.00e+00
 1.03787e+23	1.02e-10	3.50e-06	5.32e-03	5.42e-02	2.07e-01	2.32e-01	6.33e-02	1.21e-01	2.52e-01	6.03e-02	4.76e-03	2.28e-04	5.45e-06	0.00e+00	0.00e+00	0.00e+00	0.00e+00	0.00e+00	0.00e+00
 1.04546e+23	1.30e-10	4.29e-06	6.25e-03	6.08e-02	2.21e-01	2.38e-01	6.29e-02	1.18e-01	2.35e-01	5.36e-02	4.06e-03	1.88e-04	4.35e-06	0.00e+00	0.00e+00	0.00e+00	0.00e+00	0.00e+00	0.00e+00
 1.05406e+23	1.77e-10	5.50e-06	7.60e-03	6.96e-02	2.39e-01	2.45e-01	6.20e-02	1.14e-01	2.14e-01	4.59e-02	3.31e-03	1.47e-04	3.26e-06	0.00e+00	0.00e+00	0.00e+00	0.00e+00	0.00e+00	0.00e+00
 1.06297e+23	2.30e-10	6.83e-06	9.00e-03	7.82e-02	2.55e-01	2.49e-01	6.09e-02	1.09e-01	1.95e-01	3.98e-02	2.74e-03	1.17e-04	2.51e-06	0.00e+00	0.00e+00	0.00e+00	0.00e+00	0.00e+00	0.00e+00
 1.07096e+23	2.93e-10	8.33e-06	1.05e-02	8.68e-02	2.70e-01	2.53e-01	5.96e-02	1.05e-01	1.79e-01	3.47e-02	2.28e-03	9.45e-05	1.95e-06	0.00e+00	0.00e+00	0.00e+00	0.00e+00	0.00e+00	0.00e+00
 1.08003e+23	3.97e-10	1.07e-05	1.27e-02	9.84e-02	2.88e-01	2.55e-01	5.77e-02	9.90e-02	1.58e-01	2.89e-02	1.80e-03	7.14e-05	1.41e-06	0.00e+00	0.00e+00	0.00e+00	0.00e+00	0.00e+00	0.00e+00
 1.08938e+23	5.12e-10	1.31e-05	1.48e-02	1.09e-01	3.02e-01	2.56e-01	5.58e-02	9.37e-02	1.42e-01	2.46e-02	1.47e-03	5.59e-05	1.07e-06	0.00e+00	0.00e+00	0.00e+00	0.00e+00	0.00e+00	0.00e+00
 1.09912e+23	6.99e-10	1.68e-05	1.79e-02	1.23e-01	3.19e-01	2.55e-01	5.32e-02	8.68e-02	1.24e-01	2.00e-02	1.12e-03	4.10e-05	7.46e-07	0.00e+00	0.00e+00	0.00e+00	0.00e+00	0.00e+00	0.00e+00
 1.10896e+23	8.97e-10	2.05e-05	2.07e-02	1.35e-01	3.32e-01	2.53e-01	5.09e-02	8.12e-02	1.10e-01	1.68e-02	9.00e-04	3.16e-05	5.54e-07	0.00e+00	0.00e+00	0.00e+00	0.00e+00	0.00e+00	0.00e+00
 1.11761e+23	1.14e-09	2.48e-05	2.39e-02	1.47e-01	3.43e-01	2.50e-01	4.85e-02	7.57e-02	9.71e-02	1.41e-02	7.22e-04	2.44e-05	4.14e-07	0.00e+00	0.00e+00	0.00e+00	0.00e+00	0.00e+00	0.00e+00
 1.12753e+23	1.54e-09	3.14e-05	2.84e-02	1.63e-01	3.55e-01	2.45e-01	4.54e-02	6.88e-02	8.26e-02	1.12e-02	5.41e-04	1.75e-05	2.82e-07	0.00e+00	0.00e+00	0.00e+00	0.00e+00	0.00e+00	0.00e+00
 1.13758e+23	1.95e-09	3.79e-05	3.25e-02	1.76e-01	3.64e-01	2.39e-01	4.28e-02	6.34e-02	7.20e-02	9.21e-03	4.26e-04	1.33e-05	2.06e-07	0.00e+00	0.00e+00	0.00e+00	0.00e+00	0.00e+00	0.00e+00
 1.14778e+23	2.61e-09	4.76e-05	3.83e-02	1.93e-01	3.73e-01	2.31e-01	3.96e-02	5.69e-02	6.05e-02	7.22e-03	3.15e-04	9.37e-06	1.39e-07	0.00e+00	0.00e+00	0.00e+00	0.00e+00	0.00e+00	0.00e+00
 1.15813e+23	3.30e-09	5.72e-05	4.36e-02	2.08e-01	3.78e-01	2.23e-01	3.70e-02	5.19e-02	5.22e-02	5.87e-03	2.44e-04	7.00e-06	0.00e+00	0.00e+00	0.00e+00	0.00e+00	0.00e+00	0.00e+00	0.00e+00
 1.16870e+23	4.44e-09	7.18e-05	5.12e-02	2.26e-01	3.83e-01	2.13e-01	3.38e-02	4.58e-02	4.29e-02	4.49e-03	1.76e-04	4.80e-06	0.00e+00	0.00e+00	0.00e+00	0.00e+00	0.00e+00	0.00e+00	0.00e+00
 1.17933e+23	5.56e-09	8.55e-05	5.77e-02	2.40e-01	3.85e-01	2.04e-01	3.13e-02	4.14e-02	3.67e-02	3.62e-03	1.36e-04	3.56e-06	0.00e+00	0.00e+00	0.00e+00	0.00e+00	0.00e+00	0.00e+00	0.00e+00
 1.19007e+23	7.42e-09	1.06e-04	6.71e-02	2.59e-01	3.85e-01	1.92e-01	2.83e-02	3.61e-02	2.99e-02	2.73e-03	9.63e-05	2.41e-06	0.00e+00	0.00e+00	0.00e+00	0.00e+00	0.00e+00	0.00e+00	0.00e+00
 1.20095e+23	9.27e-09	1.26e-04	7.52e-02	2.73e-01	3.83e-01	1.83e-01	2.60e-02	3.23e-02	2.53e-02	2.18e-03	7.33e-05	1.77e-06	0.00e+00	0.00e+00	0.00e+00	0.00e+00	0.00e+00	0.00e+00	0.00e+00
 1.21199e+23	1.23e-08	1.56e-04	8.67e-02	2.91e-01	3.79e-01	1.70e-01	2.32e-02	2.79e-02	2.03e-02	1.62e-03	5.13e-05	1.18e-06	0.00e+00	0.00e+00	0.00e+00	0.00e+00	0.00e+00	0.00e+00	0.00e+00
 1.22319e+23	1.54e-08	1.84e-04	9.66e-02	3.05e-01	3.74e-01	1.60e-01	2.11e-02	2.47e-02	1.70e-02	1.28e-03	3.85e-05	8.51e-07	0.00e+00	0.00e+00	0.00e+00	0.00e+00	0.00e+00	0.00e+00	0.00e+00
 1.23291e+23	1.89e-08	2.15e-04	1.07e-01	3.18e-01	3.68e-01	1.51e-01	1.93e-02	2.19e-02	1.43e-02	1.01e-03	2.92e-05	6.22e-07	0.00e+00	0.00e+00	0.00e+00	0.00e+00	0.00e+00	0.00e+00	0.00e+00
 1.24386e+23	2.47e-08	2.61e-04	1.21e-01	3.33e-01	3.59e-01	1.39e-01	1.71e-02	1.87e-02	1.14e-02	7.46e-04	2.03e-05	4.13e-07	0.00e+00	0.00e+00	0.00e+00	0.00e+00	0.00e+00	0.00e+00	0.00e+00
 1.25432e+23	2.95e-08	2.98e-04	1.32e-01	3.43e-01	3.52e-01	1.31e-01	1.57e-02	1.68e-02	9.72e-03	6.05e-04	1.59e-05	3.12e-07	0.00e+00	0.00e+00	0.00e+00	0.00e+00	0.00e+00	0.00e+00	0.00e+00
 1.26411e+23	3.71e-08	3.53e-04	1.46e-01	3.55e-01	3.41e-01	1.21e-01	1.40e-02	1.45e-02	7.88e-03	4.57e-04	1.14e-05	2.15e-07	0.00e+00	0.00e+00	0.00e+00	0.00e+00	0.00e+00	0.00e+00	0.00e+00
 1.27390e+23	4.42e-08	4.00e-04	1.58e-01	3.64e-01	3.32e-01	1.13e-01	1.28e-02	1.29e-02	6.71e-03	3.69e-04	8.86e-06	1.62e-07	0.00e+00	0.00e+00	0.00e+00	0.00e+00	0.00e+00	0.00e+00	0.00e+00
 1.28368e+23	5.47e-08	4.66e-04	1.73e-01	3.74e-01	3.20e-01	1.04e-01	1.14e-02	1.11e-02	5.47e-03	2.82e-04	6.46e-06	0.00e+00	0.00e+00	0.00e+00	0.00e+00	0.00e+00	0.00e+00	0.00e+00	0.00e+00
 1.29384e+23	6.61e-08	5.34e-04	1.88e-01	3.82e-01	3.09e-01	9.64e-02	1.02e-02	9.75e-03	4.54e-03	2.20e-04	4.84e-06	0.00e+00	0.00e+00	0.00e+00	0.00e+00	0.00e+00	0.00e+00	0.00e+00	0.00e+00
 1.30296e+23	7.84e-08	6.03e-04	2.02e-01	3.88e-01	2.98e-01	8.96e-02	9.30e-03	8.61e-03	3.82e-03	1.76e-04	3.71e-06	0.00e+00	0.00e+00	0.00e+00	0.00e+00	0.00e+00	0.00e+00	0.00e+00	0.00e+00
 1.31330e+23	9.76e-08	7.03e-04	2.21e-01	3.95e-01	2.84e-01	8.14e-02	8.18e-03	7.31e-03	3.05e-03	1.31e-04	2.64e-06	0.00e+00	0.00e+00	0.00e+00	0.00e+00	0.00e+00	0.00e+00	0.00e+00	0.00e+00
 1.32380e+23	1.17e-07	7.97e-04	2.37e-01	3.99e-01	2.72e-01	7.50e-02	7.33e-03	6.38e-03	2.53e-03	1.02e-04	1.98e-06	0.00e+00	0.00e+00	0.00e+00	0.00e+00	0.00e+00	0.00e+00	0.00e+00	0.00e+00
 1.33451e+23	1.44e-07	9.24e-04	2.57e-01	4.03e-01	2.57e-01	6.77e-02	6.42e-03	5.39e-03	2.01e-03	7.57e-05	1.40e-06	0.00e+00	0.00e+00	0.00e+00	0.00e+00	0.00e+00	0.00e+00	0.00e+00	0.00e+00
 1.34494e+23	1.70e-07	1.03e-03	2.74e-01	4.05e-01	2.45e-01	6.24e-02	5.77e-03	4.71e-03	1.68e-03	5.97e-05	1.06e-06	0.00e+00	0.00e+00	0.00e+00	0.00e+00	0.00e+00	0.00e+00	0.00e+00	0.00e+00
 1.35316e+23	1.95e-07	1.14e-03	2.88e-01	4.07e-01	2.35e-01	5.81e-02	5.26e-03	4.20e-03	1.44e-03	4.87e-05	8.39e-07	0.00e+00	0.00e+00	0.00e+00	0.00e+00	0.00e+00	0.00e+00	0.00e+00	0.00e+00
 1.36200e+23	2.31e-07	1.28e-03	3.06e-01	4.07e-01	2.23e-01	5.32e-02	4.70e-03	3.64e-03	1.19e-03	3.79e-05	6.29e-07	0.00e+00	0.00e+00	0.00e+00	0.00e+00	0.00e+00	0.00e+00	0.00e+00	0.00e+00
 1.37109e+23	2.66e-07	1.40e-03	3.22e-01	4.07e-01	2.13e-01	4.92e-02	4.26e-03	3.21e-03	1.00e-03	3.05e-05	4.91e-07	0.00e+00	0.00e+00	0.00e+00	0.00e+00	0.00e+00	0.00e+00	0.00e+00	0.00e+00
 1.37925e+23	3.05e-07	1.54e-03	3.37e-01	4.06e-01	2.03e-01	4.56e-02	3.86e-03	2.85e-03	8.54e-04	2.47e-05	3.85e-07	0.00e+00	0.00e+00	0.00e+00	0.00e+00	0.00e+00	0.00e+00	0.00e+00	0.00e+00
 1.38858e+23	3.62e-07	1.72e-03	3.57e-01	4.03e-01	1.91e-01	4.13e-02	3.42e-03	2.44e-03	6.96e-04	1.89e-05	2.84e-07	0.00e+00	0.00e+00	0.00e+00	0.00e+00	0.00e+00	0.00e+00	0.00e+00	0.00e+00
 1.39800e+23	4.16e-07	1.89e-03	3.73e-01	4.00e-01	1.81e-01	3.81e-02	3.08e-03	2.15e-03	5.86e-04	1.51e-05	2.20e-07	0.00e+00	0.00e+00	0.00e+00	0.00e+00	0.00e+00	0.00e+00	0.00e+00	0.00e+00
 1.40624e+23	4.75e-07	2.06e-03	3.89e-01	3.97e-01	1.71e-01	3.51e-02	2.78e-03	1.89e-03	4.97e-04	1.22e-05	1.72e-07	0.00e+00	0.00e+00	0.00e+00	0.00e+00	0.00e+00	0.00e+00	0.00e+00	0.00e+00
 1.41566e+23	5.59e-07	2.30e-03	4.09e-01	3.92e-01	1.60e-01	3.17e-02	2.45e-03	1.62e-03	4.04e-04	9.31e-06	1.27e-07	0.00e+00	0.00e+00	0.00e+00	0.00e+00	0.00e+00	0.00e+00	0.00e+00	0.00e+00
 1.42524e+23	6.40e-07	2.51e-03	4.26e-01	3.88e-01	1.51e-01	2.91e-02	2.21e-03	1.42e-03	3.39e-04	7.42e-06	0.00e+00	0.00e+00	0.00e+00	0.00e+00	0.00e+00	0.00e+00	0.00e+00	0.00e+00	0.00e+00
 1.43374e+23	7.30e-07	2.73e-03	4.42e-01	3.83e-01	1.42e-01	2.68e-02	1.99e-03	1.25e-03	2.86e-04	5.94e-06	0.00e+00	0.00e+00	0.00e+00	0.00e+00	0.00e+00	0.00e+00	0.00e+00	0.00e+00	0.00e+00
 1.44348e+23	8.58e-07	3.03e-03	4.62e-01	3.75e-01	1.32e-01	2.40e-02	1.74e-03	1.06e-03	2.31e-04	4.50e-06	0.00e+00	0.00e+00	0.00e+00	0.00e+00	0.00e+00	0.00e+00	0.00e+00	0.00e+00	0.00e+00
 1.45336e+23	9.80e-07	3.29e-03	4.79e-01	3.69e-01	1.24e-01	2.19e-02	1.56e-03	9.24e-04	1.93e-04	3.56e-06	0.00e+00	0.00e+00	0.00e+00	0.00e+00	0.00e+00	0.00e+00	0.00e+00	0.00e+00	0.00e+00
 1.46344e+23	1.15e-06	3.65e-03	5.00e-01	3.61e-01	1.14e-01	1.96e-02	1.36e-03	7.80e-04	1.54e-04	2.67e-06	0.00e+00	0.00e+00	0.00e+00	0.00e+00	0.00e+00	0.00e+00	0.00e+00	0.00e+00	0.00e+00
 1.47362e+23	1.32e-06	3.96e-03	5.16e-01	3.53e-01	1.07e-01	1.78e-02	1.21e-03	6.78e-04	1.28e-04	2.10e-06	0.00e+00	0.00e+00	0.00e+00	0.00e+00	0.00e+00	0.00e+00	0.00e+00	0.00e+00	0.00e+00
 1.48256e+23	1.50e-06	4.30e-03	5.33e-01	3.45e-01	9.97e-02	1.63e-02	1.08e-03	5.92e-04	1.07e-04	1.66e-06	0.00e+00	0.00e+00	0.00e+00	0.00e+00	0.00e+00	0.00e+00	0.00e+00	0.00e+00	0.00e+00
 1.49282e+23	1.76e-06	4.75e-03	5.54e-01	3.34e-01	9.14e-02	1.44e-02	9.36e-04	4.98e-04	8.54e-05	1.24e-06	0.00e+00	0.00e+00	0.00e+00	0.00e+00	0.00e+00	0.00e+00	0.00e+00	0.00e+00	0.00e+00
 1.50324e+23	2.01e-06	5.15e-03	5.70e-01	3.25e-01	8.49e-02	1.31e-02	8.31e-04	4.32e-04	7.08e-05	9.72e-07	0.00e+00	0.00e+00	0.00e+00	0.00e+00	0.00e+00	0.00e+00	0.00e+00	0.00e+00	0.00e+00
 1.51389e+23	2.36e-06	5.68e-03	5.91e-01	3.13e-01	7.74e-02	1.16e-02	7.17e-04	3.62e-04	5.60e-05	7.19e-07	0.00e+00	0.00e+00	0.00e+00	0.00e+00	0.00e+00	0.00e+00	0.00e+00	0.00e+00	0.00e+00
 1.52474e+23	2.71e-06	6.16e-03	6.08e-01	3.03e-01	7.14e-02	1.04e-02	6.33e-04	3.12e-04	4.60e-05	5.57e-07	0.00e+00	0.00e+00	0.00e+00	0.00e+00	0.00e+00	0.00e+00	0.00e+00	0.00e+00	0.00e+00
 1.53441e+23	3.08e-06	6.66e-03	6.24e-01	2.93e-01	6.60e-02	9.43e-03	5.60e-04	2.70e-04	3.80e-05	4.34e-07	0.00e+00	0.00e+00	0.00e+00	0.00e+00	0.00e+00	0.00e+00	0.00e+00	0.00e+00	0.00e+00
 1.54552e+23	3.63e-06	7.34e-03	6.43e-01	2.80e-01	5.97e-02	8.29e-03	4.80e-04	2.25e-04	2.98e-05	3.18e-07	0.00e+00	0.00e+00	0.00e+00	0.00e+00	0.00e+00	0.00e+00	0.00e+00	0.00e+00	0.00e+00
 1.55690e+23	4.16e-06	7.95e-03	6.59e-01	2.70e-01	5.48e-02	7.42e-03	4.20e-04	1.93e-04	2.42e-05	2.43e-07	0.00e+00	0.00e+00	0.00e+00	0.00e+00	0.00e+00	0.00e+00	0.00e+00	0.00e+00	0.00e+00
 1.56327e+23	4.30e-06	8.11e-03	6.63e-01	2.68e-01	5.36e-02	7.22e-03	4.06e-04	1.86e-04	2.30e-05	2.27e-07	0.00e+00	0.00e+00	0.00e+00	0.00e+00	0.00e+00	0.00e+00	0.00e+00	0.00e+00	0.00e+00
 1.56541e+23	4.39e-06	8.20e-03	6.65e-01	2.66e-01	5.29e-02	7.10e-03	3.99e-04	1.82e-04	2.23e-05	2.18e-07	0.00e+00	0.00e+00	0.00e+00	0.00e+00	0.00e+00	0.00e+00	0.00e+00	0.00e+00	0.00e+00
 1.56738e+23	4.53e-06	8.36e-03	6.69e-01	2.64e-01	5.18e-02	6.92e-03	3.86e-04	1.75e-04	2.12e-05	2.05e-07	0.00e+00	0.00e+00	0.00e+00	0.00e+00	0.00e+00	0.00e+00	0.00e+00	0.00e+00	0.00e+00
 1.56995e+23	4.68e-06	8.52e-03	6.72e-01	2.61e-01	5.07e-02	6.74e-03	3.74e-04	1.69e-04	2.02e-05	1.92e-07	0.00e+00	0.00e+00	0.00e+00	0.00e+00	0.00e+00	0.00e+00	0.00e+00	0.00e+00	0.00e+00
 1.57328e+23	4.91e-06	8.76e-03	6.78e-01	2.57e-01	4.92e-02	6.48e-03	3.57e-04	1.60e-04	1.88e-05	1.75e-07	0.00e+00	0.00e+00	0.00e+00	0.00e+00	0.00e+00	0.00e+00	0.00e+00	0.00e+00	0.00e+00
 1.57762e+23	5.22e-06	9.08e-03	6.85e-01	2.52e-01	4.72e-02	6.15e-03	3.36e-04	1.49e-04	1.70e-05	1.55e-07	0.00e+00	0.00e+00	0.00e+00	0.00e+00	0.00e+00	0.00e+00	0.00e+00	0.00e+00	0.00e+00
 1.58326e+23	5.66e-06	9.51e-03	6.94e-01	2.45e-01	4.48e-02	5.76e-03	3.10e-04	1.36e-04	1.51e-05	1.32e-07	0.00e+00	0.00e+00	0.00e+00	0.00e+00	0.00e+00	0.00e+00	0.00e+00	0.00e+00	0.00e+00
 1.59060e+23	6.27e-06	1.01e-02	7.06e-01	2.37e-01	4.17e-02	5.27e-03	2.80e-04	1.21e-04	1.28e-05	0.00e+00	0.00e+00	0.00e+00	0.00e+00	0.00e+00	0.00e+00	0.00e+00	0.00e+00	0.00e+00	0.00e+00
 1.59863e+23	6.93e-06	1.07e-02	7.16e-01	2.29e-01	3.90e-02	4.85e-03	2.53e-04	1.08e-04	1.10e-05	0.00e+00	0.00e+00	0.00e+00	0.00e+00	0.00e+00	0.00e+00	0.00e+00	0.00e+00	0.00e+00	0.00e+00
 1.60758e+23	7.85e-06	1.15e-02	7.29e-01	2.19e-01	3.58e-02	4.36e-03	2.23e-04	9.43e-05	9.02e-06	0.00e+00	0.00e+00	0.00e+00	0.00e+00	0.00e+00	0.00e+00	0.00e+00	0.00e+00	0.00e+00	0.00e+00
 1.61655e+23	8.67e-06	1.21e-02	7.39e-01	2.11e-01	3.34e-02	4.00e-03	2.02e-04	8.43e-05	7.70e-06	0.00e+00	0.00e+00	0.00e+00	0.00e+00	0.00e+00	0.00e+00	0.00e+00	0.00e+00	0.00e+00	0.00e+00
 1.62557e+23	9.76e-06	1.30e-02	7.51e-01	2.01e-01	3.07e-02	3.61e-03	1.79e-04	7.37e-05	6.36e-06	0.00e+00	0.00e+00	0.00e+00	0.00e+00	0.00e+00	0.00e+00	0.00e+00	0.00e+00	0.00e+00	0.00e+00
 1.63481e+23	1.08e-05	1.38e-02	7.61e-01	1.94e-01	2.85e-02	3.29e-03	1.60e-04	6.55e-05	5.38e-06	0.00e+00	0.00e+00	0.00e+00	0.00e+00	0.00e+00	0.00e+00	0.00e+00	0.00e+00	0.00e+00	0.00e+00
 1.64311e+23	1.20e-05	1.45e-02	7.70e-01	1.86e-01	2.65e-02	3.02e-03	1.45e-04	5.87e-05	4.59e-06	0.00e+00	0.00e+00	0.00e+00	0.00e+00	0.00e+00	0.00e+00	0.00e+00	0.00e+00	0.00e+00	0.00e+00
 1.65263e+23	1.35e-05	1.56e-02	7.81e-01	1.76e-01	2.42e-02	2.70e-03	1.27e-04	5.10e-05	3.74e-06	0.00e+00	0.00e+00	0.00e+00	0.00e+00	0.00e+00	0.00e+00	0.00e+00	0.00e+00	0.00e+00	0.00e+00
 1.66232e+23	1.50e-05	1.65e-02	7.89e-01	1.69e-01	2.24e-02	2.47e-03	1.14e-04	4.55e-05	3.16e-06	0.00e+00	0.00e+00	0.00e+00	0.00e+00	0.00e+00	0.00e+00	0.00e+00	0.00e+00	0.00e+00	0.00e+00
 1.67221e+23	1.71e-05	1.77e-02	8.00e-01	1.59e-01	2.03e-02	2.19e-03	9.92e-05	3.94e-05	2.55e-06	0.00e+00	0.00e+00	0.00e+00	0.00e+00	0.00e+00	0.00e+00	0.00e+00	0.00e+00	0.00e+00	0.00e+00
 1.68223e+23	1.89e-05	1.87e-02	8.08e-01	1.53e-01	1.88e-02	2.00e-03	8.90e-05	3.52e-05	2.15e-06	0.00e+00	0.00e+00	0.00e+00	0.00e+00	0.00e+00	0.00e+00	0.00e+00	0.00e+00	0.00e+00	0.00e+00
 1.69240e+23	2.15e-05	2.00e-02	8.17e-01	1.44e-01	1.71e-02	1.78e-03	7.77e-05	3.06e-05	1.74e-06	0.00e+00	0.00e+00	0.00e+00	0.00e+00	0.00e+00	0.00e+00	0.00e+00	0.00e+00	0.00e+00	0.00e+00
 1.70295e+23	2.40e-05	2.13e-02	8.25e-01	1.36e-01	1.57e-02	1.61e-03	6.89e-05	2.71e-05	1.44e-06	0.00e+00	0.00e+00	0.00e+00	0.00e+00	0.00e+00	0.00e+00	0.00e+00	0.00e+00	0.00e+00	0.00e+00
 1.71401e+23	2.76e-05	2.29e-02	8.34e-01	1.27e-01	1.41e-02	1.41e-03	5.93e-05	2.33e-05	1.14e-06	0.00e+00	0.00e+00	0.00e+00	0.00e+00	0.00e+00	0.00e+00	0.00e+00	0.00e+00	0.00e+00	0.00e+00
 1.72509e+23	3.08e-05	2.43e-02	8.41e-01	1.21e-01	1.29e-02	1.28e-03	5.26e-05	2.07e-05	9.44e-07	0.00e+00	0.00e+00	0.00e+00	0.00e+00	0.00e+00	0.00e+00	0.00e+00	0.00e+00	0.00e+00	0.00e+00
 1.73620e+23	3.53e-05	2.61e-02	8.49e-01	1.12e-01	1.16e-02	1.13e-03	4.54e-05	1.79e-05	7.48e-07	0.00e+00	0.00e+00	0.00e+00	0.00e+00	0.00e+00	0.00e+00	0.00e+00	0.00e+00	0.00e+00	0.00e+00
 1.74757e+23	3.96e-05	2.77e-02	8.55e-01	1.06e-01	1.06e-02	1.01e-03	4.01e-05	1.58e-05	6.14e-07	0.00e+00	0.00e+00	0.00e+00	0.00e+00	0.00e+00	0.00e+00	0.00e+00	0.00e+00	0.00e+00	0.00e+00
 1.75926e+23	4.56e-05	2.98e-02	8.62e-01	9.74e-02	9.47e-03	8.86e-04	3.43e-05	1.36e-05	4.81e-07	0.00e+00	0.00e+00	0.00e+00	0.00e+00	0.00e+00	0.00e+00	0.00e+00	0.00e+00	0.00e+00	0.00e+00
 1.77107e+23	5.15e-05	3.17e-02	8.67e-01	9.13e-02	8.61e-03	7.93e-04	3.01e-05	1.21e-05	3.92e-07	0.00e+00	0.00e+00	0.00e+00	0.00e+00	0.00e+00	0.00e+00	0.00e+00	0.00e+00	0.00e+00	0.00e+00
 1.78302e+23	5.96e-05	3.42e-02	8.74e-01	8.34e-02	7.66e-03	6.91e-04	2.57e-05	1.04e-05	3.04e-07	0.00e+00	0.00e+00	0.00e+00	0.00e+00	0.00e+00	0.00e+00	0.00e+00	0.00e+00	0.00e+00	0.00e+00
 1.79505e+23	6.72e-05	3.64e-02	8.78e-01	7.79e-02	6.97e-03	6.20e-04	2.26e-05	9.19e-06	2.48e-07	0.00e+00	0.00e+00	0.00e+00	0.00e+00	0.00e+00	0.00e+00	0.00e+00	0.00e+00	0.00e+00	0.00e+00
 1.80718e+23	7.81e-05	3.93e-02	8.83e-01	7.06e-02	6.17e-03	5.38e-04	1.92e-05	7.89e-06	1.91e-07	0.00e+00	0.00e+00	0.00e+00	0.00e+00	0.00e+00	0.00e+00	0.00e+00	0.00e+00	0.00e+00	0.00e+00
 1.81945e+23	8.85e-05	4.18e-02	8.87e-01	6.53e-02	5.59e-03	4.80e-04	1.68e-05	6.98e-06	1.55e-07	0.00e+00	0.00e+00	0.00e+00	0.00e+00	0.00e+00	0.00e+00	0.00e+00	0.00e+00	0.00e+00	0.00e+00
 1.83190e+23	1.03e-04	4.52e-02	8.91e-01	5.84e-02	4.94e-03	4.15e-04	1.42e-05	5.97e-06	0.00e+00	0.00e+00	0.00e+00	0.00e+00	0.00e+00	0.00e+00	0.00e+00	0.00e+00	0.00e+00	0.00e+00	0.00e+00
 1.84448e+23	1.18e-04	4.82e-02	8.93e-01	5.34e-02	4.46e-03	3.68e-04	1.24e-05	5.27e-06	0.00e+00	0.00e+00	0.00e+00	0.00e+00	0.00e+00	0.00e+00	0.00e+00	0.00e+00	0.00e+00	0.00e+00	0.00e+00
 1.85724e+23	1.39e-04	5.24e-02	8.96e-01	4.70e-02	3.90e-03	3.16e-04	1.04e-05	4.47e-06	0.00e+00	0.00e+00	0.00e+00	0.00e+00	0.00e+00	0.00e+00	0.00e+00	0.00e+00	0.00e+00	0.00e+00	0.00e+00
 1.87008e+23	1.60e-04	5.60e-02	8.98e-01	4.24e-02	3.51e-03	2.80e-04	9.02e-06	3.94e-06	0.00e+00	0.00e+00	0.00e+00	0.00e+00	0.00e+00	0.00e+00	0.00e+00	0.00e+00	0.00e+00	0.00e+00	0.00e+00
 1.88302e+23	1.91e-04	6.10e-02	8.99e-01	3.66e-02	3.06e-03	2.38e-04	7.50e-06	3.32e-06	0.00e+00	0.00e+00	0.00e+00	0.00e+00	0.00e+00	0.00e+00	0.00e+00	0.00e+00	0.00e+00	0.00e+00	0.00e+00
 1.89609e+23	2.21e-04	6.53e-02	8.99e-01	3.25e-02	2.74e-03	2.09e-04	6.49e-06	2.91e-06	0.00e+00	0.00e+00	0.00e+00	0.00e+00	0.00e+00	0.00e+00	0.00e+00	0.00e+00	0.00e+00	0.00e+00	0.00e+00
 1.90932e+23	2.68e-04	7.14e-02	8.98e-01	2.74e-02	2.36e-03	1.76e-04	5.36e-06	2.42e-06	0.00e+00	0.00e+00	0.00e+00	0.00e+00	0.00e+00	0.00e+00	0.00e+00	0.00e+00	0.00e+00	0.00e+00	0.00e+00
 1.92278e+23	3.16e-04	7.70e-02	8.97e-01	2.36e-02	2.08e-03	1.53e-04	4.59e-06	2.08e-06	0.00e+00	0.00e+00	0.00e+00	0.00e+00	0.00e+00	0.00e+00	0.00e+00	0.00e+00	0.00e+00	0.00e+00	0.00e+00
 1.93656e+23	3.91e-04	8.47e-02	8.94e-01	1.93e-02	1.77e-03	1.27e-04	3.75e-06	1.71e-06	0.00e+00	0.00e+00	0.00e+00	0.00e+00	0.00e+00	0.00e+00	0.00e+00	0.00e+00	0.00e+00	0.00e+00	0.00e+00
 1.95043e+23	4.70e-04	9.19e-02	8.90e-01	1.61e-02	1.54e-03	1.08e-04	3.18e-06	1.44e-06	0.00e+00	0.00e+00	0.00e+00	0.00e+00	0.00e+00	0.00e+00	0.00e+00	0.00e+00	0.00e+00	0.00e+00	0.00e+00
 1.96091e+23	5.43e-04	9.77e-02	8.86e-01	1.40e-02	1.38e-03	9.59e-05	2.80e-06	1.26e-06	0.00e+00	0.00e+00	0.00e+00	0.00e+00	0.00e+00	0.00e+00	0.00e+00	0.00e+00	0.00e+00	0.00e+00	0.00e+00
 1.97101e+23	6.46e-04	1.05e-01	8.81e-01	1.17e-02	1.20e-03	8.21e-05	2.40e-06	1.06e-06	0.00e+00	0.00e+00	0.00e+00	0.00e+00	0.00e+00	0.00e+00	0.00e+00	0.00e+00	0.00e+00	0.00e+00	0.00e+00
 1.98165e+23	7.67e-04	1.13e-01	8.76e-01	9.76e-03	1.05e-03	7.06e-05	2.07e-06	9.02e-07	0.00e+00	0.00e+00	0.00e+00	0.00e+00	0.00e+00	0.00e+00	0.00e+00	0.00e+00	0.00e+00	0.00e+00	0.00e+00
 1.99144e+23	9.10e-04	1.21e-01	8.69e-01	8.10e-03	9.14e-04	6.04e-05	1.79e-06	7.61e-07	0.00e+00	0.00e+00	0.00e+00	0.00e+00	0.00e+00	0.00e+00	0.00e+00	0.00e+00	0.00e+00	0.00e+00	0.00e+00
 2.00258e+23	1.14e-03	1.32e-01	8.60e-01	6.30e-03	7.55e-04	4.90e-05	1.47e-06	6.05e-07	0.00e+00	0.00e+00	0.00e+00	0.00e+00	0.00e+00	0.00e+00	0.00e+00	0.00e+00	0.00e+00	0.00e+00	0.00e+00
 2.01382e+23	1.42e-03	1.43e-01	8.50e-01	4.91e-03	6.25e-04	3.99e-05	1.22e-06	4.83e-07	0.00e+00	0.00e+00	0.00e+00	0.00e+00	0.00e+00	0.00e+00	0.00e+00	0.00e+00	0.00e+00	0.00e+00	0.00e+00
 2.02279e+23	1.72e-03	1.53e-01	8.41e-01	3.93e-03	5.26e-04	3.32e-05	1.04e-06	3.95e-07	0.00e+00	0.00e+00	0.00e+00	0.00e+00	0.00e+00	0.00e+00	0.00e+00	0.00e+00	0.00e+00	0.00e+00	0.00e+00
 2.03059e+23	2.09e-03	1.63e-01	8.31e-01	3.14e-03	4.41e-04	2.75e-05	8.80e-07	3.23e-07	0.00e+00	0.00e+00	0.00e+00	0.00e+00	0.00e+00	0.00e+00	0.00e+00	0.00e+00	0.00e+00	0.00e+00	0.00e+00
 2.03796e+23	2.53e-03	1.73e-01	8.21e-01	2.49e-03	3.67e-04	2.27e-05	7.44e-07	2.62e-07	0.00e+00	0.00e+00	0.00e+00	0.00e+00	0.00e+00	0.00e+00	0.00e+00	0.00e+00	0.00e+00	0.00e+00	0.00e+00
 2.04489e+23	3.11e-03	1.84e-01	8.10e-01	1.96e-03	3.01e-04	1.85e-05	6.23e-07	2.11e-07	0.00e+00	0.00e+00	0.00e+00	0.00e+00	0.00e+00	0.00e+00	0.00e+00	0.00e+00	0.00e+00	0.00e+00	0.00e+00
 2.05121e+23	3.81e-03	1.95e-01	7.99e-01	1.54e-03	2.46e-04	1.51e-05	5.21e-07	1.70e-07	0.00e+00	0.00e+00	0.00e+00	0.00e+00	0.00e+00	0.00e+00	0.00e+00	0.00e+00	0.00e+00	0.00e+00	0.00e+00
 2.05681e+23	4.66e-03	2.06e-01	7.88e-01	1.22e-03	2.02e-04	1.23e-05	4.36e-07	1.38e-07	0.00e+00	0.00e+00	0.00e+00	0.00e+00	0.00e+00	0.00e+00	0.00e+00	0.00e+00	0.00e+00	0.00e+00	0.00e+00
 2.06180e+23	5.66e-03	2.17e-01	7.77e-01	9.79e-04	1.67e-04	1.02e-05	3.68e-07	0.00e+00	0.00e+00	0.00e+00	0.00e+00	0.00e+00	0.00e+00	0.00e+00	0.00e+00	0.00e+00	0.00e+00	0.00e+00	0.00e+00
 2.06634e+23	6.92e-03	2.27e-01	7.65e-01	7.88e-04	1.38e-04	8.40e-06	3.10e-07	0.00e+00	0.00e+00	0.00e+00	0.00e+00	0.00e+00	0.00e+00	0.00e+00	0.00e+00	0.00e+00	0.00e+00	0.00e+00	0.00e+00
