#depth	C	C+	C+2	C+3	C+4	C+5	C+6	C[1]	C[2]	C[3]	C+[1]	C+[2]	CO
 4.62852e+21	0.00e+00	2.13e-27	1.51e-20	9.51e-15	5.54e-09	1.35e-04	1.00e+00	0.00e+00	0.00e+00	0.00e+00	0.00e+00	0.00e+00	1.23e-132
 1.05356e+22	0.00e+00	1.31e-26	6.54e-20	2.91e-14	1.16e-08	1.93e-04	1.00e+00	0.00e+00	0.00e+00	0.00e+00	0.00e+00	0.00e+00	1.56e-125
 1.26767e+22	0.00e+00	4.40e-26	1.74e-19	6.17e-14	1.90e-08	2.45e-04	1.00e+00	0.00e+00	0.00e+00	0.00e+00	0.00e+00	0.00e+00	5.32e-122
 1.42295e+22	0.00e+00	1.16e-25	3.82e-19	1.13e-13	2.82e-08	2.96e-04	1.00e+00	0.00e+00	0.00e+00	0.00e+00	0.00e+00	0.00e+00	5.31e-95
 1.50921e+22	2.86e-34	1.48e-25	4.65e-19	1.31e-13	3.11e-08	3.10e-04	1.00e+00	0.00e+00	0.00e+00	0.00e+00	0.00e+00	0.00e+00	1.14e-93
 1.54107e+22	3.65e-34	1.81e-25	5.49e-19	1.49e-13	3.38e-08	3.23e-04	1.00e+00	0.00e+00	0.00e+00	0.00e+00	0.00e+00	0.00e+00	1.57e-93
 1.57465e+22	5.00e-34	2.36e-25	6.79e-19	1.75e-13	3.76e-08	3.40e-04	1.00e+00	0.00e+00	0.00e+00	0.00e+00	0.00e+00	0.00e+00	5.34e-93
 1.60873e+22	6.46e-34	2.93e-25	8.09e-19	2.00e-13	4.11e-08	3.55e-04	1.00e+00	0.00e+00	0.00e+00	0.00e+00	0.00e+00	0.00e+00	3.45e-92
 1.63826e+22	8.20e-34	3.58e-25	9.53e-19	2.27e-13	4.46e-08	3.69e-04	1.00e+00	0.00e+00	0.00e+00	0.00e+00	0.00e+00	0.00e+00	5.50e-92
 1.67142e+22	1.10e-33	4.58e-25	1.16e-18	2.64e-13	4.94e-08	3.87e-04	1.00e+00	0.00e+00	0.00e+00	0.00e+00	0.00e+00	0.00e+00	1.21e-91
 1.70601e+22	1.44e-33	5.75e-25	1.40e-18	3.04e-13	5.42e-08	4.05e-04	1.00e+00	0.00e+00	0.00e+00	0.00e+00	0.00e+00	0.00e+00	2.37e-91
 1.73648e+22	1.86e-33	7.10e-25	1.66e-18	3.47e-13	5.91e-08	4.22e-04	1.00e+00	0.00e+00	0.00e+00	0.00e+00	0.00e+00	0.00e+00	4.73e-91
 1.76342e+22	2.31e-33	8.52e-25	1.92e-18	3.88e-13	6.36e-08	4.38e-04	1.00e+00	0.00e+00	0.00e+00	0.00e+00	0.00e+00	0.00e+00	7.92e-91
 1.78797e+22	2.82e-33	1.01e-24	2.21e-18	4.31e-13	6.82e-08	4.53e-04	1.00e+00	0.00e+00	0.00e+00	0.00e+00	0.00e+00	0.00e+00	1.16e-90
 1.81610e+22	3.59e-33	1.24e-24	2.60e-18	4.90e-13	7.41e-08	4.71e-04	1.00e+00	0.00e+00	0.00e+00	0.00e+00	0.00e+00	0.00e+00	1.90e-90
 1.84651e+22	4.58e-33	1.52e-24	3.07e-18	5.55e-13	8.06e-08	4.90e-04	1.00e+00	0.00e+00	0.00e+00	0.00e+00	0.00e+00	0.00e+00	3.30e-90
 1.87415e+22	5.75e-33	1.83e-24	3.58e-18	6.24e-13	8.70e-08	5.09e-04	9.99e-01	0.00e+00	0.00e+00	0.00e+00	0.00e+00	0.00e+00	1.95e-90
 1.90034e+22	7.17e-33	2.21e-24	4.16e-18	7.01e-13	9.39e-08	5.28e-04	9.99e-01	0.00e+00	0.00e+00	0.00e+00	0.00e+00	0.00e+00	1.36e-89
 1.92618e+22	8.87e-33	2.64e-24	4.81e-18	7.83e-13	1.01e-07	5.47e-04	9.99e-01	0.00e+00	0.00e+00	0.00e+00	0.00e+00	0.00e+00	2.32e-89
 1.95555e+22	1.15e-32	3.27e-24	5.73e-18	8.96e-13	1.10e-07	5.71e-04	9.99e-01	0.00e+00	0.00e+00	0.00e+00	0.00e+00	0.00e+00	3.38e-89
 1.98627e+22	1.46e-32	4.02e-24	6.75e-18	1.02e-12	1.20e-07	5.94e-04	9.99e-01	0.00e+00	0.00e+00	0.00e+00	0.00e+00	0.00e+00	3.99e-89
 2.01303e+22	1.83e-32	4.83e-24	7.84e-18	1.14e-12	1.29e-07	6.16e-04	9.99e-01	0.00e+00	0.00e+00	0.00e+00	0.00e+00	0.00e+00	9.69e-89
 2.04211e+22	2.36e-32	6.01e-24	9.35e-18	1.30e-12	1.41e-07	6.43e-04	9.99e-01	0.00e+00	0.00e+00	0.00e+00	0.00e+00	0.00e+00	1.61e-88
 2.07085e+22	2.95e-32	7.23e-24	1.09e-17	1.46e-12	1.53e-07	6.67e-04	9.99e-01	0.00e+00	0.00e+00	0.00e+00	0.00e+00	0.00e+00	3.44e-88
 2.09406e+22	3.56e-32	8.47e-24	1.23e-17	1.61e-12	1.63e-07	6.89e-04	9.99e-01	0.00e+00	0.00e+00	0.00e+00	0.00e+00	0.00e+00	4.98e-88
 2.11913e+22	4.44e-32	1.02e-23	1.43e-17	1.81e-12	1.76e-07	7.14e-04	9.99e-01	0.00e+00	0.00e+00	0.00e+00	0.00e+00	0.00e+00	1.19e-87
 2.14639e+22	5.51e-32	1.22e-23	1.66e-17	2.02e-12	1.89e-07	7.40e-04	9.99e-01	0.00e+00	0.00e+00	0.00e+00	0.00e+00	0.00e+00	1.66e-87
 2.17195e+22	6.80e-32	1.45e-23	1.91e-17	2.25e-12	2.03e-07	7.66e-04	9.99e-01	0.00e+00	0.00e+00	0.00e+00	0.00e+00	0.00e+00	1.06e-87
 2.19685e+22	8.38e-32	1.73e-23	2.20e-17	2.51e-12	2.18e-07	7.93e-04	9.99e-01	0.00e+00	0.00e+00	0.00e+00	0.00e+00	0.00e+00	1.66e-87
 2.22093e+22	1.02e-31	2.04e-23	2.51e-17	2.78e-12	2.33e-07	8.20e-04	9.99e-01	0.00e+00	0.00e+00	0.00e+00	0.00e+00	0.00e+00	7.46e-87
 2.24777e+22	1.29e-31	2.49e-23	2.95e-17	3.14e-12	2.53e-07	8.52e-04	9.99e-01	0.00e+00	0.00e+00	0.00e+00	0.00e+00	0.00e+00	1.01e-86
 2.27584e+22	1.61e-31	3.00e-23	3.43e-17	3.52e-12	2.73e-07	8.85e-04	9.99e-01	0.00e+00	0.00e+00	0.00e+00	0.00e+00	0.00e+00	1.38e-86
 2.30031e+22	1.97e-31	3.55e-23	3.93e-17	3.90e-12	2.93e-07	9.15e-04	9.99e-01	0.00e+00	0.00e+00	0.00e+00	0.00e+00	0.00e+00	3.88e-86
 2.32692e+22	2.50e-31	4.33e-23	4.61e-17	4.42e-12	3.17e-07	9.51e-04	9.99e-01	0.00e+00	0.00e+00	0.00e+00	0.00e+00	0.00e+00	5.27e-86
 2.35374e+22	3.08e-31	5.15e-23	5.30e-17	4.91e-12	3.41e-07	9.85e-04	9.99e-01	0.00e+00	0.00e+00	0.00e+00	0.00e+00	0.00e+00	5.68e-86
 2.37619e+22	3.70e-31	6.01e-23	6.00e-17	5.40e-12	3.63e-07	1.02e-03	9.99e-01	0.00e+00	0.00e+00	0.00e+00	0.00e+00	0.00e+00	1.87e-85
 2.40070e+22	4.59e-31	7.20e-23	6.94e-17	6.04e-12	3.91e-07	1.05e-03	9.99e-01	0.00e+00	0.00e+00	0.00e+00	0.00e+00	0.00e+00	3.03e-85
 2.42712e+22	5.69e-31	8.61e-23	8.01e-17	6.73e-12	4.20e-07	1.09e-03	9.99e-01	0.00e+00	0.00e+00	0.00e+00	0.00e+00	0.00e+00	3.01e-85
 2.45131e+22	6.91e-31	1.01e-22	9.14e-17	7.44e-12	4.49e-07	1.13e-03	9.99e-01	0.00e+00	0.00e+00	0.00e+00	0.00e+00	0.00e+00	4.14e-85
 2.47802e+22	8.76e-31	1.24e-22	1.07e-16	8.41e-12	4.87e-07	1.17e-03	9.99e-01	0.00e+00	0.00e+00	0.00e+00	0.00e+00	0.00e+00	1.16e-84
 2.50621e+22	1.11e-30	1.50e-22	1.25e-16	9.44e-12	5.27e-07	1.22e-03	9.99e-01	0.00e+00	0.00e+00	0.00e+00	0.00e+00	0.00e+00	1.55e-84
 2.52967e+22	1.32e-30	1.74e-22	1.41e-16	1.04e-11	5.60e-07	1.26e-03	9.99e-01	0.00e+00	0.00e+00	0.00e+00	0.00e+00	0.00e+00	2.96e-84
 2.55356e+22	1.64e-30	2.09e-22	1.63e-16	1.16e-11	6.03e-07	1.30e-03	9.99e-01	0.00e+00	0.00e+00	0.00e+00	0.00e+00	0.00e+00	3.29e-84
 2.57932e+22	2.02e-30	2.48e-22	1.87e-16	1.28e-11	6.47e-07	1.35e-03	9.99e-01	0.00e+00	0.00e+00	0.00e+00	0.00e+00	0.00e+00	1.23e-83
 2.60320e+22	2.46e-30	2.92e-22	2.14e-16	1.42e-11	6.92e-07	1.40e-03	9.99e-01	0.00e+00	0.00e+00	0.00e+00	0.00e+00	0.00e+00	3.25e-83
 2.62992e+22	3.13e-30	3.57e-22	2.51e-16	1.60e-11	7.50e-07	1.45e-03	9.99e-01	0.00e+00	0.00e+00	0.00e+00	0.00e+00	0.00e+00	5.94e-83
 2.65782e+22	3.93e-30	4.31e-22	2.91e-16	1.79e-11	8.10e-07	1.51e-03	9.98e-01	0.00e+00	0.00e+00	0.00e+00	0.00e+00	0.00e+00	1.05e-82
 2.68098e+22	4.74e-30	5.03e-22	3.30e-16	1.96e-11	8.62e-07	1.56e-03	9.98e-01	0.00e+00	0.00e+00	0.00e+00	0.00e+00	0.00e+00	1.68e-82
 2.70483e+22	5.90e-30	6.04e-22	3.81e-16	2.19e-11	9.28e-07	1.62e-03	9.98e-01	0.00e+00	0.00e+00	0.00e+00	0.00e+00	0.00e+00	2.91e-82
 2.73028e+22	7.23e-30	7.14e-22	4.35e-16	2.42e-11	9.93e-07	1.68e-03	9.98e-01	0.00e+00	0.00e+00	0.00e+00	0.00e+00	0.00e+00	4.82e-82
 2.75402e+22	8.83e-30	8.42e-22	4.96e-16	2.67e-11	1.06e-06	1.73e-03	9.98e-01	0.00e+00	0.00e+00	0.00e+00	0.00e+00	0.00e+00	7.98e-82
 2.78112e+22	1.13e-29	1.03e-21	5.83e-16	3.01e-11	1.15e-06	1.81e-03	9.98e-01	0.00e+00	0.00e+00	0.00e+00	0.00e+00	0.00e+00	1.48e-81
 2.80908e+22	1.42e-29	1.25e-21	6.77e-16	3.37e-11	1.24e-06	1.88e-03	9.98e-01	0.00e+00	0.00e+00	0.00e+00	0.00e+00	0.00e+00	2.64e-81
 2.83180e+22	1.72e-29	1.46e-21	7.64e-16	3.68e-11	1.32e-06	1.94e-03	9.98e-01	0.00e+00	0.00e+00	0.00e+00	0.00e+00	0.00e+00	4.23e-81
 2.85498e+22	2.12e-29	1.74e-21	8.78e-16	4.08e-11	1.42e-06	2.01e-03	9.98e-01	0.00e+00	0.00e+00	0.00e+00	0.00e+00	0.00e+00	7.24e-81
 2.88002e+22	2.61e-29	2.06e-21	1.00e-15	4.50e-11	1.52e-06	2.09e-03	9.98e-01	0.00e+00	0.00e+00	0.00e+00	0.00e+00	0.00e+00	1.22e-80
 2.90330e+22	3.19e-29	2.42e-21	1.14e-15	4.93e-11	1.62e-06	2.16e-03	9.98e-01	0.00e+00	0.00e+00	0.00e+00	0.00e+00	0.00e+00	2.02e-80
 2.92938e+22	4.06e-29	2.95e-21	1.33e-15	5.53e-11	1.75e-06	2.25e-03	9.98e-01	0.00e+00	0.00e+00	0.00e+00	0.00e+00	0.00e+00	3.74e-80
 2.95620e+22	5.09e-29	3.55e-21	1.54e-15	6.13e-11	1.88e-06	2.34e-03	9.98e-01	0.00e+00	0.00e+00	0.00e+00	0.00e+00	0.00e+00	6.61e-80
 2.97829e+22	1.54e-33	4.14e-21	1.73e-15	6.68e-11	2.00e-06	2.42e-03	9.98e-01	0.00e+00	0.00e+00	0.00e+00	0.00e+00	0.00e+00	1.02e-79
 2.99822e+22	9.18e-34	4.76e-21	1.93e-15	7.23e-11	2.11e-06	2.50e-03	9.98e-01	0.00e+00	0.00e+00	0.00e+00	0.00e+00	0.00e+00	7.75e-80
 3.02102e+22	1.13e-33	5.69e-21	2.21e-15	7.98e-11	2.27e-06	2.60e-03	9.97e-01	0.00e+00	0.00e+00	0.00e+00	0.00e+00	0.00e+00	6.37e-80
 3.04507e+22	1.43e-33	6.70e-21	2.51e-15	8.71e-11	2.42e-06	2.69e-03	9.97e-01	0.00e+00	0.00e+00	0.00e+00	0.00e+00	0.00e+00	5.75e-80
 3.06701e+22	1.79e-33	7.85e-21	2.83e-15	9.50e-11	2.57e-06	2.78e-03	9.97e-01	0.00e+00	0.00e+00	0.00e+00	0.00e+00	0.00e+00	5.49e-80
 3.09181e+22	2.39e-33	9.59e-21	3.30e-15	1.06e-10	2.78e-06	2.91e-03	9.97e-01	0.00e+00	0.00e+00	0.00e+00	0.00e+00	0.00e+00	5.12e-79
 3.11604e+22	3.01e-33	1.12e-20	3.72e-15	1.15e-10	2.95e-06	3.01e-03	9.97e-01	0.00e+00	0.00e+00	0.00e+00	0.00e+00	0.00e+00	8.45e-79
 3.13585e+22	3.72e-33	1.30e-20	4.16e-15	1.24e-10	3.12e-06	3.11e-03	9.97e-01	0.00e+00	0.00e+00	0.00e+00	0.00e+00	0.00e+00	1.34e-78
 3.15795e+22	4.84e-33	1.55e-20	4.76e-15	1.37e-10	3.34e-06	3.24e-03	9.97e-01	0.00e+00	0.00e+00	0.00e+00	0.00e+00	0.00e+00	2.38e-78
 3.18094e+22	6.04e-33	1.81e-20	5.35e-15	1.48e-10	3.54e-06	3.35e-03	9.97e-01	0.00e+00	0.00e+00	0.00e+00	0.00e+00	0.00e+00	3.90e-78
 3.20511e+22	8.18e-33	2.22e-20	6.22e-15	1.64e-10	3.83e-06	3.51e-03	9.96e-01	0.00e+00	0.00e+00	0.00e+00	0.00e+00	0.00e+00	7.53e-78
 3.22882e+22	1.02e-32	2.59e-20	6.99e-15	1.78e-10	4.06e-06	3.64e-03	9.96e-01	0.00e+00	0.00e+00	0.00e+00	0.00e+00	0.00e+00	1.23e-77
 3.24854e+22	1.27e-32	3.00e-20	7.80e-15	1.91e-10	4.29e-06	3.76e-03	9.96e-01	0.00e+00	0.00e+00	0.00e+00	0.00e+00	0.00e+00	1.99e-77
 3.27080e+22	1.68e-32	3.60e-20	8.94e-15	2.10e-10	4.60e-06	3.92e-03	9.96e-01	0.00e+00	0.00e+00	0.00e+00	0.00e+00	0.00e+00	3.60e-77
 3.29333e+22	2.09e-32	4.18e-20	9.99e-15	2.26e-10	4.86e-06	4.06e-03	9.96e-01	0.00e+00	0.00e+00	0.00e+00	0.00e+00	0.00e+00	5.85e-77
 3.31320e+22	2.61e-32	4.85e-20	1.12e-14	2.43e-10	5.14e-06	4.20e-03	9.96e-01	0.00e+00	0.00e+00	0.00e+00	0.00e+00	0.00e+00	9.54e-77
 3.33598e+22	3.46e-32	5.85e-20	1.28e-14	2.67e-10	5.52e-06	4.38e-03	9.96e-01	0.00e+00	0.00e+00	0.00e+00	0.00e+00	0.00e+00	1.77e-76
 3.35904e+22	4.40e-32	6.86e-20	1.44e-14	2.88e-10	5.85e-06	4.55e-03	9.95e-01	0.00e+00	0.00e+00	0.00e+00	0.00e+00	0.00e+00	3.00e-76
 3.37815e+22	5.46e-32	7.87e-20	1.60e-14	3.08e-10	6.17e-06	4.70e-03	9.95e-01	0.00e+00	0.00e+00	0.00e+00	0.00e+00	0.00e+00	4.72e-76
 3.39869e+22	7.10e-32	9.35e-20	1.81e-14	3.35e-10	6.58e-06	4.89e-03	9.95e-01	0.00e+00	0.00e+00	0.00e+00	0.00e+00	0.00e+00	8.37e-76
 3.42007e+22	8.85e-32	1.08e-19	2.02e-14	3.60e-10	6.95e-06	5.06e-03	9.95e-01	0.00e+00	0.00e+00	0.00e+00	0.00e+00	0.00e+00	1.36e-75
 3.44253e+22	1.18e-31	1.31e-19	2.32e-14	3.94e-10	7.46e-06	5.29e-03	9.95e-01	0.00e+00	0.00e+00	0.00e+00	0.00e+00	0.00e+00	2.54e-75
 3.46477e+22	1.50e-31	1.53e-19	2.59e-14	4.23e-10	7.90e-06	5.49e-03	9.94e-01	0.00e+00	0.00e+00	0.00e+00	0.00e+00	0.00e+00	4.32e-75
 3.48314e+22	1.85e-31	1.75e-19	2.86e-14	4.51e-10	8.31e-06	5.67e-03	9.94e-01	0.00e+00	0.00e+00	0.00e+00	0.00e+00	0.00e+00	6.76e-75
 3.50343e+22	2.40e-31	2.07e-19	3.24e-14	4.89e-10	8.85e-06	5.90e-03	9.94e-01	0.00e+00	0.00e+00	0.00e+00	0.00e+00	0.00e+00	1.19e-74
 3.52494e+22	3.06e-31	2.42e-19	3.63e-14	5.25e-10	9.38e-06	6.12e-03	9.94e-01	0.00e+00	0.00e+00	0.00e+00	0.00e+00	0.00e+00	2.02e-74
 3.54467e+22	3.84e-31	2.81e-19	4.04e-14	5.63e-10	9.92e-06	6.34e-03	9.94e-01	0.00e+00	0.00e+00	0.00e+00	0.00e+00	0.00e+00	3.36e-74
 3.56380e+22	4.83e-31	3.25e-19	4.50e-14	6.02e-10	1.05e-05	6.57e-03	9.93e-01	0.00e+00	0.00e+00	0.00e+00	0.00e+00	0.00e+00	5.53e-74
 3.58550e+22	6.54e-31	3.92e-19	5.15e-14	6.57e-10	1.12e-05	6.87e-03	9.93e-01	0.00e+00	0.00e+00	0.00e+00	0.00e+00	0.00e+00	1.05e-73
 3.60756e+22	8.28e-31	4.57e-19	5.75e-14	7.04e-10	1.19e-05	7.13e-03	9.93e-01	0.00e+00	0.00e+00	0.00e+00	0.00e+00	0.00e+00	1.76e-73
 3.63007e+22	1.12e-30	5.53e-19	6.61e-14	7.68e-10	1.28e-05	7.46e-03	9.93e-01	0.00e+00	0.00e+00	0.00e+00	0.00e+00	0.00e+00	3.39e-73
 3.65320e+22	1.46e-30	6.55e-19	7.46e-14	8.28e-10	1.36e-05	7.77e-03	9.92e-01	0.00e+00	0.00e+00	0.00e+00	0.00e+00	0.00e+00	6.06e-73
 3.67257e+22	1.83e-30	7.55e-19	8.27e-14	8.83e-10	1.44e-05	8.04e-03	9.92e-01	0.00e+00	0.00e+00	0.00e+00	0.00e+00	0.00e+00	9.89e-73
 3.69050e+22	2.29e-30	8.70e-19	9.15e-14	9.40e-10	1.52e-05	8.32e-03	9.92e-01	0.00e+00	0.00e+00	0.00e+00	0.00e+00	0.00e+00	1.61e-72
 3.71111e+22	4.03e-31	1.04e-18	1.04e-13	1.02e-09	1.62e-05	8.68e-03	9.91e-01	0.00e+00	0.00e+00	0.00e+00	0.00e+00	0.00e+00	2.75e-72
 3.73210e+22	4.91e-31	1.21e-18	1.16e-13	1.09e-09	1.72e-05	9.02e-03	9.91e-01	0.00e+00	0.00e+00	0.00e+00	0.00e+00	0.00e+00	5.10e-72
 3.74877e+22	5.90e-31	1.37e-18	1.27e-13	1.15e-09	1.80e-05	9.29e-03	9.91e-01	0.00e+00	0.00e+00	0.00e+00	0.00e+00	0.00e+00	7.83e-72
 3.76563e+22	7.34e-31	1.59e-18	1.41e-13	1.23e-09	1.90e-05	9.63e-03	9.90e-01	0.00e+00	0.00e+00	0.00e+00	0.00e+00	0.00e+00	1.31e-71
 3.78326e+22	8.92e-31	1.82e-18	1.55e-13	1.30e-09	2.00e-05	9.93e-03	9.90e-01	0.00e+00	0.00e+00	0.00e+00	0.00e+00	0.00e+00	2.05e-71
 3.79817e+22	1.06e-30	2.04e-18	1.68e-13	1.36e-09	2.09e-05	1.02e-02	9.90e-01	0.00e+00	0.00e+00	0.00e+00	0.00e+00	0.00e+00	3.07e-71
 3.81150e+22	1.25e-30	2.28e-18	1.82e-13	1.43e-09	2.18e-05	1.05e-02	9.89e-01	0.00e+00	0.00e+00	0.00e+00	0.00e+00	0.00e+00	4.58e-71
 3.82439e+22	1.46e-30	2.53e-18	1.96e-13	1.49e-09	2.26e-05	1.08e-02	9.89e-01	0.00e+00	0.00e+00	0.00e+00	0.00e+00	0.00e+00	6.52e-71
 3.83901e+22	1.78e-30	2.89e-18	2.16e-13	1.58e-09	2.38e-05	1.11e-02	9.89e-01	0.00e+00	0.00e+00	0.00e+00	0.00e+00	0.00e+00	1.05e-70
 3.85343e+22	2.10e-30	3.22e-18	2.33e-13	1.65e-09	2.48e-05	1.14e-02	9.89e-01	0.00e+00	0.00e+00	0.00e+00	0.00e+00	0.00e+00	1.53e-70
 3.86555e+22	2.45e-30	3.58e-18	2.51e-13	1.73e-09	2.58e-05	1.17e-02	9.88e-01	0.00e+00	0.00e+00	0.00e+00	0.00e+00	0.00e+00	2.20e-70
 3.87926e+22	2.97e-30	4.08e-18	2.75e-13	1.83e-09	2.71e-05	1.21e-02	9.88e-01	0.00e+00	0.00e+00	0.00e+00	0.00e+00	0.00e+00	3.46e-70
 3.89329e+22	3.50e-30	4.55e-18	2.97e-13	1.91e-09	2.83e-05	1.24e-02	9.88e-01	0.00e+00	0.00e+00	0.00e+00	0.00e+00	0.00e+00	5.05e-70
 3.90773e+22	4.32e-30	5.24e-18	3.29e-13	2.03e-09	2.98e-05	1.28e-02	9.87e-01	0.00e+00	0.00e+00	0.00e+00	0.00e+00	0.00e+00	8.30e-70
 3.92145e+22	5.05e-30	5.82e-18	3.54e-13	2.12e-09	3.10e-05	1.31e-02	9.87e-01	0.00e+00	0.00e+00	0.00e+00	0.00e+00	0.00e+00	1.20e-69
 3.93236e+22	5.88e-30	6.45e-18	3.81e-13	2.21e-09	3.22e-05	1.34e-02	9.87e-01	0.00e+00	0.00e+00	0.00e+00	0.00e+00	0.00e+00	1.71e-69
 3.94469e+22	7.05e-30	7.30e-18	4.16e-13	2.33e-09	3.38e-05	1.38e-02	9.86e-01	0.00e+00	0.00e+00	0.00e+00	0.00e+00	0.00e+00	2.62e-69
 3.95748e+22	8.32e-30	8.16e-18	4.50e-13	2.44e-09	3.52e-05	1.42e-02	9.86e-01	0.00e+00	0.00e+00	0.00e+00	0.00e+00	0.00e+00	3.85e-69
 3.96886e+22	9.69e-30	9.05e-18	4.84e-13	2.55e-09	3.67e-05	1.45e-02	9.85e-01	0.00e+00	0.00e+00	0.00e+00	0.00e+00	0.00e+00	5.48e-69
 3.98164e+22	1.19e-29	1.04e-17	5.35e-13	2.70e-09	3.87e-05	1.50e-02	9.85e-01	0.00e+00	0.00e+00	0.00e+00	0.00e+00	0.00e+00	8.93e-69
 3.99436e+22	1.41e-29	1.16e-17	5.79e-13	2.82e-09	4.03e-05	1.54e-02	9.85e-01	0.00e+00	0.00e+00	0.00e+00	0.00e+00	0.00e+00	1.31e-68
 4.00481e+22	1.63e-29	1.29e-17	6.22e-13	2.94e-09	4.19e-05	1.58e-02	9.84e-01	0.00e+00	0.00e+00	0.00e+00	0.00e+00	0.00e+00	1.84e-68
 4.01619e+22	1.97e-29	1.47e-17	6.82e-13	3.11e-09	4.40e-05	1.62e-02	9.84e-01	0.00e+00	0.00e+00	0.00e+00	0.00e+00	0.00e+00	2.86e-68
 4.02773e+22	2.31e-29	1.64e-17	7.38e-13	3.25e-09	4.58e-05	1.66e-02	9.83e-01	0.00e+00	0.00e+00	0.00e+00	0.00e+00	0.00e+00	4.14e-68
 4.03784e+22	2.70e-29	1.82e-17	7.96e-13	3.40e-09	4.77e-05	1.70e-02	9.83e-01	0.00e+00	0.00e+00	0.00e+00	0.00e+00	0.00e+00	5.94e-68
 4.04936e+22	3.31e-29	2.10e-17	8.81e-13	3.61e-09	5.03e-05	1.76e-02	9.82e-01	0.00e+00	0.00e+00	0.00e+00	0.00e+00	0.00e+00	9.52e-68
 4.06101e+22	3.93e-29	2.36e-17	9.59e-13	3.80e-09	5.26e-05	1.80e-02	9.82e-01	0.00e+00	0.00e+00	0.00e+00	0.00e+00	0.00e+00	1.41e-67
 4.07128e+22	4.65e-29	2.65e-17	1.04e-12	3.99e-09	5.50e-05	1.85e-02	9.81e-01	0.00e+00	0.00e+00	0.00e+00	0.00e+00	0.00e+00	2.08e-67
 4.08306e+22	5.85e-29	3.11e-17	1.17e-12	4.27e-09	5.83e-05	1.91e-02	9.81e-01	0.00e+00	0.00e+00	0.00e+00	0.00e+00	0.00e+00	3.51e-67
 4.09464e+22	6.90e-29	3.50e-17	1.27e-12	4.50e-09	6.09e-05	1.96e-02	9.80e-01	0.00e+00	0.00e+00	0.00e+00	0.00e+00	0.00e+00	5.11e-67
 4.10596e+22	8.70e-29	4.12e-17	1.43e-12	4.83e-09	6.47e-05	2.02e-02	9.80e-01	0.00e+00	0.00e+00	0.00e+00	0.00e+00	0.00e+00	8.68e-67
 4.11726e+22	1.03e-28	4.64e-17	1.57e-12	5.10e-09	6.76e-05	2.07e-02	9.79e-01	0.00e+00	0.00e+00	0.00e+00	4.64e-17	5.28e-25	1.27e-66
 4.12855e+22	1.31e-28	5.53e-17	1.78e-12	5.51e-09	7.21e-05	2.15e-02	9.78e-01	0.00e+00	0.00e+00	0.00e+00	5.53e-17	1.89e-22	2.21e-66
 4.13981e+22	1.57e-28	6.29e-17	1.96e-12	5.84e-09	7.56e-05	2.20e-02	9.78e-01	0.00e+00	0.00e+00	0.00e+00	6.29e-17	2.14e-22	3.31e-66
 4.15105e+22	2.02e-28	7.56e-17	2.24e-12	6.34e-09	8.08e-05	2.28e-02	9.77e-01	0.00e+00	0.00e+00	0.00e+00	7.56e-17	2.58e-22	5.85e-66
 4.16214e+22	2.42e-28	8.61e-17	2.47e-12	6.74e-09	8.47e-05	2.34e-02	9.77e-01	0.00e+00	0.00e+00	0.00e+00	8.61e-17	2.93e-22	8.70e-66
 4.17302e+22	3.10e-28	1.03e-16	2.83e-12	7.34e-09	9.04e-05	2.42e-02	9.76e-01	0.00e+00	0.00e+00	0.00e+00	1.03e-16	3.52e-22	1.52e-65
 4.18379e+22	3.74e-28	1.19e-16	3.13e-12	7.83e-09	9.50e-05	2.49e-02	9.75e-01	0.00e+00	0.00e+00	0.00e+00	1.19e-16	4.05e-22	2.30e-65
 4.19441e+22	4.81e-28	1.43e-16	3.61e-12	8.56e-09	1.02e-04	2.57e-02	9.74e-01	0.00e+00	0.00e+00	0.00e+00	1.43e-16	4.88e-22	4.02e-65
 4.20520e+22	5.88e-28	1.67e-16	4.04e-12	9.21e-09	1.07e-04	2.64e-02	9.73e-01	0.00e+00	0.00e+00	0.00e+00	1.67e-16	5.68e-22	6.29e-65
 4.21621e+22	7.70e-28	2.04e-16	4.71e-12	1.02e-08	1.15e-04	2.74e-02	9.72e-01	0.00e+00	0.00e+00	0.00e+00	2.04e-16	6.95e-22	1.14e-64
 4.22742e+22	9.57e-28	2.41e-16	5.33e-12	1.10e-08	1.22e-04	2.82e-02	9.72e-01	0.00e+00	0.00e+00	0.00e+00	2.41e-16	8.20e-22	1.83e-64
 4.23890e+22	1.28e-27	3.00e-16	6.30e-12	1.23e-08	1.31e-04	2.93e-02	9.71e-01	0.00e+00	0.00e+00	0.00e+00	3.00e-16	1.02e-21	3.45e-64
 4.25041e+22	1.60e-27	3.55e-16	7.18e-12	1.34e-08	1.39e-04	3.02e-02	9.70e-01	0.00e+00	0.00e+00	0.00e+00	3.55e-16	1.21e-21	5.60e-64
 4.26195e+22	2.15e-27	4.47e-16	8.55e-12	1.50e-08	1.51e-04	3.14e-02	9.68e-01	0.00e+00	0.00e+00	0.00e+00	4.47e-16	1.52e-21	1.06e-63
 4.27326e+22	2.66e-27	5.27e-16	9.70e-12	1.63e-08	1.59e-04	3.23e-02	9.68e-01	0.00e+00	0.00e+00	0.00e+00	5.27e-16	1.80e-21	1.69e-63
 4.28428e+22	3.55e-27	6.59e-16	1.15e-11	1.83e-08	1.72e-04	3.35e-02	9.66e-01	0.00e+00	0.00e+00	0.00e+00	6.59e-16	2.24e-21	3.15e-63
 4.29529e+22	4.39e-27	7.76e-16	1.31e-11	1.99e-08	1.82e-04	3.45e-02	9.65e-01	0.00e+00	0.00e+00	0.00e+00	7.76e-16	2.65e-21	4.96e-63
 4.30632e+22	5.83e-27	9.69e-16	1.55e-11	2.23e-08	1.96e-04	3.58e-02	9.64e-01	0.00e+00	0.00e+00	0.00e+00	9.69e-16	3.30e-21	9.14e-63
 4.31755e+22	7.27e-27	1.15e-15	1.77e-11	2.45e-08	2.08e-04	3.68e-02	9.63e-01	0.00e+00	0.00e+00	0.00e+00	1.15e-15	3.93e-21	1.47e-62
 4.32906e+22	9.74e-27	1.45e-15	2.12e-11	2.76e-08	2.25e-04	3.82e-02	9.62e-01	0.00e+00	0.00e+00	0.00e+00	1.45e-15	4.94e-21	2.75e-62
 4.34076e+22	1.22e-26	1.73e-15	2.43e-11	3.03e-08	2.39e-04	3.94e-02	9.60e-01	0.00e+00	0.00e+00	0.00e+00	1.73e-15	5.89e-21	4.43e-62
 4.35273e+22	1.63e-26	2.17e-15	2.91e-11	3.42e-08	2.59e-04	4.09e-02	9.59e-01	0.00e+00	0.00e+00	0.00e+00	2.17e-15	7.41e-21	8.26e-62
 4.36504e+22	2.06e-26	2.62e-15	3.36e-11	3.77e-08	2.76e-04	4.22e-02	9.58e-01	0.00e+00	0.00e+00	0.00e+00	2.62e-15	8.93e-21	1.37e-61
 4.37770e+22	2.77e-26	3.32e-15	4.04e-11	4.28e-08	2.99e-04	4.38e-02	9.56e-01	0.00e+00	0.00e+00	0.00e+00	3.32e-15	1.13e-20	2.58e-61
 4.39011e+22	3.43e-26	3.94e-15	4.62e-11	4.69e-08	3.17e-04	4.51e-02	9.55e-01	0.00e+00	0.00e+00	0.00e+00	3.94e-15	1.34e-20	4.08e-61
 4.40230e+22	4.55e-26	4.93e-15	5.51e-11	5.29e-08	3.42e-04	4.68e-02	9.53e-01	0.00e+00	0.00e+00	0.00e+00	4.93e-15	1.68e-20	7.48e-61
 4.41477e+22	5.62e-26	5.85e-15	6.30e-11	5.80e-08	3.63e-04	4.82e-02	9.51e-01	0.00e+00	0.00e+00	0.00e+00	5.85e-15	1.99e-20	1.18e-60
 4.42759e+22	7.46e-26	7.35e-15	7.54e-11	6.57e-08	3.93e-04	5.01e-02	9.50e-01	0.00e+00	0.00e+00	0.00e+00	7.35e-15	2.51e-20	2.17e-60
 4.44077e+22	9.28e-26	8.76e-15	8.65e-11	7.23e-08	4.18e-04	5.16e-02	9.48e-01	0.00e+00	0.00e+00	0.00e+00	8.76e-15	2.99e-20	3.48e-60
 4.45441e+22	1.24e-25	1.11e-14	1.04e-10	8.22e-08	4.53e-04	5.36e-02	9.46e-01	0.00e+00	0.00e+00	0.00e+00	1.11e-14	3.78e-20	6.52e-60
 4.46795e+22	1.53e-25	1.31e-14	1.19e-10	8.99e-08	4.80e-04	5.51e-02	9.44e-01	0.00e+00	0.00e+00	0.00e+00	1.31e-14	4.46e-20	1.01e-59
 4.48136e+22	2.01e-25	1.64e-14	1.41e-10	1.02e-07	5.19e-04	5.73e-02	9.42e-01	0.00e+00	0.00e+00	0.00e+00	1.64e-14	5.58e-20	1.83e-59
 4.49506e+22	2.48e-25	1.94e-14	1.62e-10	1.12e-07	5.51e-04	5.89e-02	9.41e-01	0.00e+00	0.00e+00	0.00e+00	1.94e-14	6.61e-20	2.88e-59
 4.50915e+22	3.26e-25	2.42e-14	1.93e-10	1.26e-07	5.96e-04	6.12e-02	9.38e-01	0.00e+00	0.00e+00	0.00e+00	2.42e-14	8.25e-20	5.19e-59
 4.52282e+22	3.95e-25	2.83e-14	2.18e-10	1.38e-07	6.30e-04	6.28e-02	9.37e-01	0.00e+00	0.00e+00	0.00e+00	2.83e-14	9.65e-20	7.86e-59
 4.53594e+22	5.07e-25	3.47e-14	2.56e-10	1.54e-07	6.77e-04	6.50e-02	9.34e-01	0.00e+00	0.00e+00	0.00e+00	3.47e-14	1.18e-19	1.35e-58
 4.54931e+22	6.17e-25	4.06e-14	2.90e-10	1.68e-07	7.16e-04	6.68e-02	9.32e-01	0.00e+00	0.00e+00	0.00e+00	4.06e-14	1.38e-19	2.05e-58
 4.56299e+22	7.99e-25	5.01e-14	3.43e-10	1.89e-07	7.72e-04	6.92e-02	9.30e-01	0.00e+00	0.00e+00	0.00e+00	5.01e-14	1.71e-19	3.56e-58
 4.57679e+22	9.64e-25	5.84e-14	3.87e-10	2.06e-07	8.15e-04	7.10e-02	9.28e-01	0.00e+00	0.00e+00	0.00e+00	5.84e-14	1.99e-19	5.34e-58
 4.59076e+22	1.25e-24	7.19e-14	4.57e-10	2.31e-07	8.78e-04	7.36e-02	9.26e-01	0.00e+00	0.00e+00	0.00e+00	7.19e-14	2.45e-19	9.26e-58
 4.60495e+22	1.51e-24	8.39e-14	5.16e-10	2.52e-07	9.29e-04	7.56e-02	9.23e-01	0.00e+00	0.00e+00	0.00e+00	8.39e-14	2.86e-19	1.39e-57
 4.61945e+22	1.95e-24	1.04e-13	6.10e-10	2.84e-07	1.00e-03	7.84e-02	9.21e-01	0.00e+00	0.00e+00	0.00e+00	1.04e-13	3.54e-19	2.43e-57
 4.63360e+22	2.32e-24	1.19e-13	6.83e-10	3.08e-07	1.05e-03	8.03e-02	9.19e-01	0.00e+00	0.00e+00	0.00e+00	1.19e-13	4.07e-19	3.53e-57
 4.64732e+22	2.95e-24	1.45e-13	7.98e-10	3.43e-07	1.13e-03	8.30e-02	9.16e-01	0.00e+00	0.00e+00	0.00e+00	1.45e-13	4.95e-19	5.89e-57
 4.66130e+22	3.52e-24	1.68e-13	8.95e-10	3.73e-07	1.19e-03	8.51e-02	9.14e-01	0.00e+00	0.00e+00	0.00e+00	1.68e-13	5.72e-19	8.64e-57
 4.67561e+22	4.48e-24	2.04e-13	1.05e-09	4.16e-07	1.28e-03	8.80e-02	9.11e-01	0.00e+00	0.00e+00	0.00e+00	2.04e-13	6.96e-19	1.45e-56
 4.69019e+22	5.37e-24	2.37e-13	1.18e-09	4.53e-07	1.35e-03	9.03e-02	9.08e-01	0.00e+00	0.00e+00	0.00e+00	2.37e-13	8.08e-19	2.14e-56
 4.70511e+22	6.84e-24	2.89e-13	1.38e-09	5.07e-07	1.45e-03	9.34e-02	9.05e-01	0.00e+00	0.00e+00	0.00e+00	2.89e-13	9.85e-19	3.61e-56
 4.72030e+22	8.22e-24	3.35e-13	1.56e-09	5.53e-07	1.54e-03	9.59e-02	9.03e-01	0.00e+00	0.00e+00	0.00e+00	3.35e-13	1.14e-18	5.37e-56
 4.73584e+22	1.05e-23	4.10e-13	1.83e-09	6.20e-07	1.65e-03	9.92e-02	8.99e-01	0.00e+00	0.00e+00	0.00e+00	4.10e-13	1.40e-18	9.09e-56
 4.75170e+22	1.27e-23	4.78e-13	2.07e-09	6.77e-07	1.75e-03	1.02e-01	8.96e-01	0.00e+00	0.00e+00	0.00e+00	4.78e-13	1.63e-18	1.36e-55
 4.76797e+22	1.62e-23	5.83e-13	2.42e-09	7.59e-07	1.88e-03	1.05e-01	8.93e-01	0.00e+00	0.00e+00	0.00e+00	5.83e-13	1.99e-18	2.31e-55
 4.78471e+22	1.98e-23	6.86e-13	2.76e-09	8.34e-07	2.00e-03	1.08e-01	8.90e-01	0.00e+00	0.00e+00	0.00e+00	6.86e-13	2.34e-18	3.54e-55
 4.80205e+22	2.54e-23	8.42e-13	3.25e-09	9.38e-07	2.16e-03	1.12e-01	8.85e-01	0.00e+00	0.00e+00	0.00e+00	8.42e-13	2.88e-18	6.08e-55
 4.81889e+22	3.03e-23	9.71e-13	3.65e-09	1.02e-06	2.27e-03	1.15e-01	8.83e-01	0.00e+00	0.00e+00	0.00e+00	9.71e-13	3.32e-18	8.89e-55
 4.83510e+22	3.86e-23	1.18e-12	4.27e-09	1.14e-06	2.44e-03	1.19e-01	8.78e-01	0.00e+00	0.00e+00	0.00e+00	1.18e-12	4.04e-18	1.49e-54
 4.85162e+22	4.63e-23	1.37e-12	4.81e-09	1.24e-06	2.58e-03	1.22e-01	8.75e-01	0.00e+00	0.00e+00	0.00e+00	1.37e-12	4.68e-18	2.19e-54
 4.86856e+22	5.82e-23	1.64e-12	5.56e-09	1.38e-06	2.76e-03	1.26e-01	8.71e-01	0.00e+00	0.00e+00	0.00e+00	1.64e-12	5.61e-18	3.57e-54
 4.88645e+22	7.21e-23	1.95e-12	6.38e-09	1.53e-06	2.94e-03	1.30e-01	8.67e-01	0.00e+00	0.00e+00	0.00e+00	1.95e-12	6.66e-18	5.59e-54
 4.90288e+22	8.77e-23	2.28e-12	7.24e-09	1.67e-06	3.12e-03	1.33e-01	8.63e-01	0.00e+00	0.00e+00	0.00e+00	2.28e-12	7.80e-18	8.49e-54
 4.92153e+22	1.12e-22	2.77e-12	8.47e-09	1.87e-06	3.36e-03	1.38e-01	8.59e-01	0.00e+00	0.00e+00	0.00e+00	2.77e-12	9.48e-18	1.43e-53
 4.94129e+22	1.42e-22	3.33e-12	9.82e-09	2.09e-06	3.60e-03	1.42e-01	8.54e-01	0.00e+00	0.00e+00	0.00e+00	3.33e-12	1.14e-17	2.32e-53
 4.95960e+22	1.76e-22	3.95e-12	1.13e-08	2.30e-06	3.83e-03	1.47e-01	8.50e-01	0.00e+00	0.00e+00	0.00e+00	3.95e-12	1.35e-17	3.64e-53
 4.97744e+22	2.16e-22	4.64e-12	1.28e-08	2.53e-06	4.07e-03	1.51e-01	8.45e-01	0.00e+00	0.00e+00	0.00e+00	4.64e-12	1.59e-17	5.59e-53
 4.99755e+22	2.82e-22	5.72e-12	1.52e-08	2.86e-06	4.40e-03	1.56e-01	8.40e-01	0.00e+00	0.00e+00	0.00e+00	5.72e-12	1.96e-17	9.76e-53
 5.01776e+22	3.48e-22	6.74e-12	1.73e-08	3.15e-06	4.68e-03	1.60e-01	8.35e-01	0.00e+00	0.00e+00	0.00e+00	6.74e-12	2.31e-17	1.51e-52
 5.03810e+22	4.56e-22	8.33e-12	2.05e-08	3.57e-06	5.06e-03	1.66e-01	8.29e-01	0.00e+00	0.00e+00	0.00e+00	8.33e-12	2.85e-17	2.64e-52
 5.05866e+22	5.64e-22	9.83e-12	2.35e-08	3.93e-06	5.39e-03	1.71e-01	8.24e-01	0.00e+00	0.00e+00	0.00e+00	9.83e-12	3.37e-17	4.09e-52
 5.07952e+22	7.43e-22	1.22e-11	2.79e-08	4.46e-06	5.84e-03	1.77e-01	8.17e-01	0.00e+00	0.00e+00	0.00e+00	1.22e-11	4.18e-17	7.22e-52
 5.10065e+22	9.23e-22	1.45e-11	3.20e-08	4.93e-06	6.22e-03	1.82e-01	8.12e-01	0.00e+00	0.00e+00	0.00e+00	1.45e-11	4.95e-17	1.13e-51
 5.12212e+22	1.23e-21	1.81e-11	3.84e-08	5.62e-06	6.76e-03	1.89e-01	8.04e-01	0.00e+00	0.00e+00	0.00e+00	1.81e-11	6.21e-17	2.03e-51
 5.14381e+22	1.53e-21	2.15e-11	4.41e-08	6.22e-06	7.21e-03	1.94e-01	7.98e-01	0.00e+00	0.00e+00	0.00e+00	2.15e-11	7.37e-17	3.19e-51
 5.16577e+22	2.06e-21	2.72e-11	5.34e-08	7.14e-06	7.87e-03	2.02e-01	7.90e-01	0.00e+00	0.00e+00	0.00e+00	2.72e-11	9.34e-17	5.86e-51
 5.18782e+22	2.56e-21	3.22e-11	6.12e-08	7.89e-06	8.38e-03	2.08e-01	7.84e-01	0.00e+00	0.00e+00	0.00e+00	3.22e-11	1.11e-16	9.16e-51
 5.20999e+22	3.46e-21	4.10e-11	7.44e-08	9.08e-06	9.16e-03	2.16e-01	7.75e-01	0.00e+00	0.00e+00	0.00e+00	4.10e-11	1.41e-16	1.69e-50
 5.23241e+22	4.34e-21	4.90e-11	8.60e-08	1.01e-05	9.78e-03	2.22e-01	7.68e-01	0.00e+00	0.00e+00	0.00e+00	4.90e-11	1.69e-16	2.69e-50
 5.25516e+22	5.86e-21	6.25e-11	1.05e-07	1.17e-05	1.07e-02	2.31e-01	7.59e-01	0.00e+00	0.00e+00	0.00e+00	6.25e-11	2.15e-16	4.98e-50
 5.27828e+22	7.39e-21	7.52e-11	1.22e-07	1.30e-05	1.15e-02	2.37e-01	7.51e-01	0.00e+00	0.00e+00	0.00e+00	7.52e-11	2.59e-16	8.02e-50
 5.29773e+22	9.19e-21	8.99e-11	1.41e-07	1.44e-05	1.22e-02	2.44e-01	7.44e-01	0.00e+00	0.00e+00	0.00e+00	8.99e-11	3.09e-16	1.25e-49
 5.31607e+22	1.13e-20	1.06e-10	1.61e-07	1.59e-05	1.30e-02	2.50e-01	7.36e-01	0.00e+00	0.00e+00	0.00e+00	1.06e-10	3.66e-16	1.91e-49
 5.33709e+22	1.49e-20	1.34e-10	1.95e-07	1.83e-05	1.42e-02	2.60e-01	7.26e-01	0.00e+00	0.00e+00	0.00e+00	1.34e-10	4.62e-16	3.39e-49
 5.35813e+22	1.83e-20	1.58e-10	2.23e-07	2.02e-05	1.51e-02	2.66e-01	7.19e-01	0.00e+00	0.00e+00	0.00e+00	1.58e-10	5.46e-16	5.17e-49
 5.37919e+22	2.41e-20	2.00e-10	2.70e-07	2.32e-05	1.64e-02	2.76e-01	7.08e-01	0.00e+00	0.00e+00	0.00e+00	2.00e-10	6.89e-16	9.10e-49
 5.40064e+22	3.00e-20	2.39e-10	3.13e-07	2.58e-05	1.76e-02	2.83e-01	6.99e-01	0.00e+00	0.00e+00	0.00e+00	2.39e-10	8.27e-16	1.42e-48
 5.42258e+22	3.98e-20	3.05e-10	3.82e-07	2.98e-05	1.92e-02	2.93e-01	6.87e-01	0.00e+00	0.00e+00	0.00e+00	3.05e-10	1.05e-15	2.54e-48
 5.44493e+22	4.96e-20	3.67e-10	4.45e-07	3.34e-05	2.06e-02	3.02e-01	6.78e-01	0.00e+00	0.00e+00	0.00e+00	3.67e-10	1.27e-15	4.00e-48
 5.46782e+22	6.59e-20	4.71e-10	5.46e-07	3.88e-05	2.25e-02	3.13e-01	6.65e-01	0.00e+00	0.00e+00	0.00e+00	4.71e-10	1.63e-15	7.23e-48
 5.49130e+22	8.31e-20	5.75e-10	6.46e-07	4.38e-05	2.43e-02	3.22e-01	6.54e-01	0.00e+00	0.00e+00	0.00e+00	5.75e-10	1.99e-15	1.16e-47
 5.51556e+22	1.12e-19	7.48e-10	8.03e-07	5.14e-05	2.68e-02	3.34e-01	6.39e-01	0.00e+00	0.00e+00	0.00e+00	7.48e-10	2.59e-15	2.15e-47
 5.53999e+22	1.41e-19	9.16e-10	9.51e-07	5.82e-05	2.89e-02	3.43e-01	6.28e-01	0.00e+00	0.00e+00	0.00e+00	9.16e-10	3.18e-15	3.45e-47
 5.56406e+22	1.85e-19	1.18e-09	1.18e-06	6.81e-05	3.17e-02	3.55e-01	6.13e-01	0.00e+00	0.00e+00	0.00e+00	1.18e-09	4.10e-15	6.17e-47
 5.58837e+22	2.34e-19	1.45e-09	1.40e-06	7.74e-05	3.42e-02	3.65e-01	6.00e-01	0.00e+00	0.00e+00	0.00e+00	1.45e-09	5.04e-15	9.85e-47
 5.61205e+22	3.02e-19	1.84e-09	1.71e-06	8.98e-05	3.74e-02	3.77e-01	5.85e-01	0.00e+00	0.00e+00	0.00e+00	1.84e-09	6.40e-15	1.68e-46
 5.63449e+22	3.70e-19	2.19e-09	1.99e-06	1.00e-04	4.00e-02	3.86e-01	5.74e-01	0.00e+00	0.00e+00	0.00e+00	2.19e-09	7.64e-15	2.50e-46
 5.65679e+22	4.76e-19	2.76e-09	2.42e-06	1.16e-04	4.36e-02	3.97e-01	5.59e-01	0.00e+00	0.00e+00	0.00e+00	2.76e-09	9.64e-15	4.15e-46
 5.67943e+22	5.87e-19	3.30e-09	2.82e-06	1.30e-04	4.67e-02	4.06e-01	5.47e-01	0.00e+00	0.00e+00	0.00e+00	3.30e-09	1.15e-14	6.17e-46
 5.69941e+22	7.13e-19	3.93e-09	3.28e-06	1.46e-04	4.99e-02	4.15e-01	5.35e-01	0.00e+00	0.00e+00	0.00e+00	3.93e-09	1.38e-14	9.05e-46
 5.71928e+22	8.72e-19	4.67e-09	3.80e-06	1.63e-04	5.33e-02	4.24e-01	5.22e-01	0.00e+00	0.00e+00	0.00e+00	4.67e-09	1.64e-14	1.32e-45
 5.74160e+22	1.13e-18	5.77e-09	4.57e-06	1.87e-04	5.78e-02	4.35e-01	5.07e-01	0.00e+00	0.00e+00	0.00e+00	5.77e-09	2.03e-14	2.08e-45
 5.76372e+22	1.39e-18	6.78e-09	5.26e-06	2.08e-04	6.14e-02	4.43e-01	4.95e-01	0.00e+00	0.00e+00	0.00e+00	6.78e-09	2.39e-14	2.96e-45
 5.78608e+22	1.80e-18	8.36e-09	6.33e-06	2.39e-04	6.66e-02	4.54e-01	4.79e-01	0.00e+00	0.00e+00	0.00e+00	8.36e-09	2.96e-14	4.62e-45
 5.80846e+22	2.22e-18	9.76e-09	7.25e-06	2.65e-04	7.06e-02	4.61e-01	4.68e-01	0.00e+00	0.00e+00	0.00e+00	9.76e-09	3.47e-14	6.46e-45
 5.83085e+22	2.89e-18	1.19e-08	8.65e-06	3.04e-04	7.63e-02	4.71e-01	4.52e-01	0.00e+00	0.00e+00	0.00e+00	1.19e-08	4.25e-14	9.89e-45
 5.85340e+22	3.59e-18	1.39e-08	9.90e-06	3.36e-04	8.08e-02	4.79e-01	4.40e-01	0.00e+00	0.00e+00	0.00e+00	1.39e-08	4.97e-14	1.37e-44
 5.87618e+22	4.73e-18	1.69e-08	1.18e-05	3.84e-04	8.71e-02	4.88e-01	4.25e-01	0.00e+00	0.00e+00	0.00e+00	1.69e-08	6.07e-14	2.08e-44
 5.89917e+22	5.93e-18	1.96e-08	1.35e-05	4.25e-04	9.23e-02	4.95e-01	4.13e-01	0.00e+00	0.00e+00	0.00e+00	1.96e-08	7.08e-14	2.86e-44
 5.92245e+22	7.89e-18	2.38e-08	1.60e-05	4.86e-04	9.93e-02	5.03e-01	3.97e-01	0.00e+00	0.00e+00	0.00e+00	2.38e-08	8.63e-14	4.29e-44
 5.94605e+22	9.98e-18	2.76e-08	1.83e-05	5.37e-04	1.05e-01	5.10e-01	3.85e-01	0.00e+00	0.00e+00	0.00e+00	2.76e-08	1.01e-13	5.90e-44
 5.97008e+22	1.34e-17	3.33e-08	2.17e-05	6.14e-04	1.13e-01	5.17e-01	3.69e-01	0.00e+00	0.00e+00	0.00e+00	3.33e-08	1.23e-13	8.80e-44
 5.99458e+22	1.71e-17	3.86e-08	2.48e-05	6.79e-04	1.19e-01	5.23e-01	3.57e-01	0.00e+00	0.00e+00	0.00e+00	3.86e-08	1.43e-13	1.21e-43
 6.01968e+22	2.31e-17	4.67e-08	2.95e-05	7.77e-04	1.28e-01	5.30e-01	3.41e-01	0.00e+00	0.00e+00	0.00e+00	4.67e-08	1.74e-13	1.82e-43
 6.04520e+22	2.95e-17	5.41e-08	3.37e-05	8.60e-04	1.36e-01	5.35e-01	3.29e-01	0.00e+00	0.00e+00	0.00e+00	5.41e-08	2.03e-13	2.51e-43
 6.07125e+22	3.99e-17	6.54e-08	4.01e-05	9.83e-04	1.46e-01	5.40e-01	3.13e-01	0.00e+00	0.00e+00	0.00e+00	6.54e-08	2.48e-13	3.76e-43
 6.09609e+22	4.94e-17	7.42e-08	4.50e-05	1.07e-03	1.53e-01	5.44e-01	3.03e-01	4.94e-17	1.34e-21	3.15e-22	7.42e-08	2.83e-13	4.99e-43
 6.11936e+22	6.41e-17	8.72e-08	5.22e-05	1.20e-03	1.62e-01	5.48e-01	2.89e-01	6.40e-17	5.15e-20	7.91e-21	8.72e-08	3.36e-13	7.09e-43
 6.14220e+22	7.79e-17	9.80e-08	5.81e-05	1.31e-03	1.69e-01	5.50e-01	2.80e-01	7.78e-17	6.26e-20	9.63e-21	9.80e-08	3.80e-13	9.22e-43
 6.16447e+22	9.85e-17	1.14e-07	6.68e-05	1.46e-03	1.79e-01	5.53e-01	2.67e-01	9.85e-17	7.93e-20	1.22e-20	1.14e-07	4.45e-13	1.27e-42
 6.18686e+22	1.20e-16	1.28e-07	7.41e-05	1.58e-03	1.86e-01	5.54e-01	2.58e-01	1.20e-16	9.64e-20	1.48e-20	1.28e-07	5.02e-13	1.66e-42
 6.20942e+22	1.51e-16	1.48e-07	8.49e-05	1.75e-03	1.97e-01	5.56e-01	2.46e-01	1.50e-16	1.22e-19	1.87e-20	1.48e-07	5.86e-13	2.29e-42
 6.23226e+22	1.83e-16	1.65e-07	9.42e-05	1.90e-03	2.05e-01	5.56e-01	2.37e-01	1.82e-16	1.47e-19	2.27e-20	1.65e-07	6.61e-13	2.99e-42
 6.25545e+22	2.30e-16	1.91e-07	1.08e-04	2.11e-03	2.16e-01	5.57e-01	2.25e-01	2.29e-16	1.86e-19	2.86e-20	1.91e-07	7.71e-13	4.14e-42
 6.27892e+22	2.77e-16	2.14e-07	1.20e-04	2.29e-03	2.24e-01	5.57e-01	2.17e-01	2.77e-16	2.24e-19	3.46e-20	2.14e-07	8.69e-13	5.43e-42
 6.30276e+22	3.47e-16	2.47e-07	1.37e-04	2.54e-03	2.36e-01	5.56e-01	2.05e-01	3.47e-16	2.82e-19	4.35e-20	2.47e-07	1.01e-12	7.56e-42
 6.32697e+22	4.18e-16	2.77e-07	1.52e-04	2.75e-03	2.45e-01	5.55e-01	1.97e-01	4.18e-16	3.40e-19	5.25e-20	2.77e-07	1.14e-12	9.97e-42
 6.35165e+22	5.24e-16	3.20e-07	1.74e-04	3.06e-03	2.58e-01	5.53e-01	1.86e-01	5.24e-16	4.27e-19	6.60e-20	3.20e-07	1.33e-12	1.40e-41
 6.37677e+22	6.32e-16	3.59e-07	1.94e-04	3.31e-03	2.68e-01	5.51e-01	1.78e-01	6.32e-16	5.15e-19	7.98e-20	3.59e-07	1.50e-12	1.86e-41
 6.40248e+22	7.93e-16	4.15e-07	2.22e-04	3.69e-03	2.82e-01	5.47e-01	1.67e-01	7.92e-16	6.47e-19	1.00e-19	4.15e-07	1.75e-12	2.63e-41
 6.42873e+22	9.59e-16	4.67e-07	2.47e-04	4.00e-03	2.92e-01	5.44e-01	1.59e-01	9.58e-16	7.84e-19	1.22e-19	4.67e-07	1.98e-12	3.57e-41
 6.45568e+22	1.20e-15	5.41e-07	2.85e-04	4.46e-03	3.07e-01	5.39e-01	1.49e-01	1.20e-15	9.85e-19	1.53e-19	5.41e-07	2.31e-12	5.09e-41
 6.48274e+22	1.45e-15	6.07e-07	3.16e-04	4.83e-03	3.18e-01	5.35e-01	1.42e-01	1.44e-15	1.19e-18	1.85e-19	6.07e-07	2.61e-12	6.87e-41
 6.50993e+22	1.81e-15	7.00e-07	3.62e-04	5.37e-03	3.34e-01	5.29e-01	1.32e-01	1.80e-15	1.49e-18	2.31e-19	7.00e-07	3.04e-12	9.90e-41
 6.53751e+22	2.17e-15	7.86e-07	4.02e-04	5.81e-03	3.45e-01	5.23e-01	1.25e-01	2.17e-15	1.79e-18	2.79e-19	7.86e-07	3.43e-12	1.35e-40
 6.56148e+22	2.57e-15	8.75e-07	4.45e-04	6.28e-03	3.57e-01	5.18e-01	1.19e-01	2.57e-15	2.12e-18	3.31e-19	8.75e-07	3.85e-12	1.79e-40
 6.58849e+22	3.18e-15	1.00e-06	5.06e-04	6.94e-03	3.72e-01	5.10e-01	1.10e-01	3.17e-15	2.63e-18	4.11e-19	1.00e-06	4.44e-12	2.58e-40
 6.61577e+22	3.79e-15	1.12e-06	5.59e-04	7.47e-03	3.84e-01	5.04e-01	1.05e-01	3.78e-15	3.14e-18	4.92e-19	1.12e-06	4.99e-12	3.51e-40
 6.63853e+22	4.40e-15	1.23e-06	6.10e-04	7.99e-03	3.94e-01	4.98e-01	9.93e-02	4.39e-15	3.66e-18	5.72e-19	1.23e-06	5.52e-12	4.56e-40
 6.66326e+22	5.29e-15	1.39e-06	6.83e-04	8.72e-03	4.08e-01	4.90e-01	9.28e-02	5.28e-15	4.41e-18	6.92e-19	1.39e-06	6.27e-12	6.35e-40
 6.68779e+22	6.12e-15	1.52e-06	7.44e-04	9.29e-03	4.19e-01	4.83e-01	8.82e-02	6.12e-15	5.12e-18	8.03e-19	1.52e-06	6.92e-12	8.29e-40
 6.71204e+22	7.32e-15	1.71e-06	8.26e-04	1.01e-02	4.32e-01	4.75e-01	8.27e-02	7.32e-15	6.14e-18	9.65e-19	1.71e-06	7.81e-12	1.16e-39
 6.73730e+22	8.54e-15	1.88e-06	9.07e-04	1.08e-02	4.44e-01	4.67e-01	7.78e-02	8.53e-15	7.18e-18	1.13e-18	1.88e-06	8.67e-12	1.53e-39
 6.75979e+22	9.91e-15	2.07e-06	9.86e-04	1.15e-02	4.54e-01	4.60e-01	7.37e-02	9.90e-15	8.35e-18	1.32e-18	2.07e-06	9.59e-12	2.02e-39
 6.78496e+22	1.19e-14	2.32e-06	1.10e-03	1.24e-02	4.67e-01	4.51e-01	6.88e-02	1.19e-14	1.01e-17	1.59e-18	2.32e-06	1.09e-11	2.87e-39
 6.81153e+22	1.40e-14	2.58e-06	1.20e-03	1.34e-02	4.79e-01	4.42e-01	6.45e-02	1.40e-14	1.19e-17	1.88e-18	2.58e-06	1.21e-11	3.92e-39
 6.83572e+22	1.63e-14	2.84e-06	1.32e-03	1.43e-02	4.90e-01	4.33e-01	6.06e-02	1.63e-14	1.39e-17	2.20e-18	2.84e-06	1.35e-11	5.28e-39
 6.86297e+22	1.99e-14	3.21e-06	1.47e-03	1.55e-02	5.05e-01	4.22e-01	5.61e-02	1.99e-14	1.70e-17	2.70e-18	3.21e-06	1.54e-11	7.76e-39
 6.89102e+22	2.35e-14	3.56e-06	1.61e-03	1.66e-02	5.16e-01	4.13e-01	5.24e-02	2.35e-14	2.01e-17	3.20e-18	3.56e-06	1.72e-11	1.07e-38
 6.91624e+22	2.76e-14	3.94e-06	1.76e-03	1.78e-02	5.28e-01	4.04e-01	4.90e-02	2.75e-14	2.37e-17	3.77e-18	3.94e-06	1.92e-11	1.47e-38
 6.94516e+22	3.39e-14	4.48e-06	1.98e-03	1.93e-02	5.42e-01	3.92e-01	4.50e-02	3.39e-14	2.93e-17	4.67e-18	4.48e-06	2.20e-11	2.23e-38
 6.97452e+22	4.02e-14	4.97e-06	2.17e-03	2.07e-02	5.53e-01	3.82e-01	4.19e-02	4.02e-14	3.49e-17	5.57e-18	4.97e-06	2.47e-11	3.12e-38
 7.00052e+22	4.74e-14	5.51e-06	2.37e-03	2.21e-02	5.64e-01	3.72e-01	3.90e-02	4.74e-14	4.13e-17	6.61e-18	5.51e-06	2.76e-11	4.36e-38
 7.03043e+22	5.88e-14	6.28e-06	2.66e-03	2.40e-02	5.78e-01	3.60e-01	3.56e-02	5.88e-14	5.15e-17	8.26e-18	6.28e-06	3.18e-11	6.72e-38
 7.06089e+22	7.03e-14	6.99e-06	2.91e-03	2.56e-02	5.89e-01	3.49e-01	3.30e-02	7.02e-14	6.18e-17	9.93e-18	6.99e-06	3.57e-11	9.58e-38
 7.09208e+22	8.80e-14	8.00e-06	3.27e-03	2.78e-02	6.03e-01	3.36e-01	2.99e-02	8.79e-14	7.78e-17	1.25e-17	8.00e-06	4.14e-11	1.51e-37
 7.12375e+22	1.06e-13	8.93e-06	3.59e-03	2.98e-02	6.13e-01	3.26e-01	2.76e-02	1.06e-13	9.43e-17	1.52e-17	8.93e-06	4.68e-11	2.19e-37
 7.15603e+22	1.33e-13	1.02e-05	4.03e-03	3.23e-02	6.26e-01	3.13e-01	2.49e-02	1.33e-13	1.20e-16	1.94e-17	1.02e-05	5.45e-11	3.51e-37
 7.18920e+22	1.63e-13	1.15e-05	4.45e-03	3.47e-02	6.37e-01	3.01e-01	2.28e-02	1.63e-13	1.47e-16	2.38e-17	1.15e-05	6.19e-11	5.21e-37
 7.21814e+22	1.98e-13	1.28e-05	4.87e-03	3.69e-02	6.46e-01	2.91e-01	2.10e-02	1.98e-13	1.79e-16	2.92e-17	1.28e-05	6.99e-11	7.60e-37
 7.25039e+22	2.52e-13	1.47e-05	5.44e-03	3.98e-02	6.57e-01	2.79e-01	1.89e-02	2.51e-13	2.30e-16	3.75e-17	1.47e-05	8.14e-11	1.22e-36
 7.28464e+22	3.16e-13	1.66e-05	6.02e-03	4.28e-02	6.66e-01	2.68e-01	1.72e-02	3.15e-13	2.91e-16	4.76e-17	1.66e-05	9.36e-11	1.88e-36
 7.31257e+22	3.75e-13	1.83e-05	6.51e-03	4.52e-02	6.74e-01	2.59e-01	1.59e-02	3.74e-13	3.47e-16	5.69e-17	1.83e-05	1.04e-10	2.62e-36
 7.33993e+22	4.63e-13	2.04e-05	7.12e-03	4.80e-02	6.81e-01	2.49e-01	1.46e-02	4.63e-13	4.32e-16	7.11e-17	2.04e-05	1.18e-10	3.90e-36
 7.36909e+22	5.67e-13	2.27e-05	7.73e-03	5.08e-02	6.88e-01	2.40e-01	1.34e-02	5.66e-13	5.32e-16	8.77e-17	2.27e-05	1.33e-10	5.63e-36
 7.39623e+22	6.85e-13	2.51e-05	8.38e-03	5.36e-02	6.94e-01	2.32e-01	1.24e-02	6.84e-13	6.47e-16	1.07e-16	2.51e-05	1.49e-10	8.05e-36
 7.42716e+22	8.95e-13	2.86e-05	9.28e-03	5.75e-02	7.02e-01	2.20e-01	1.11e-02	8.94e-13	8.53e-16	1.42e-16	2.86e-05	1.73e-10	1.28e-35
 7.45843e+22	1.12e-12	3.18e-05	1.01e-02	6.07e-02	7.07e-01	2.12e-01	1.02e-02	1.12e-12	1.08e-15	1.80e-16	3.18e-05	1.95e-10	1.87e-35
 7.49012e+22	1.50e-12	3.63e-05	1.12e-02	6.50e-02	7.13e-01	2.01e-01	9.11e-03	1.50e-12	1.46e-15	2.44e-16	3.63e-05	2.28e-10	3.01e-35
 7.52192e+22	1.92e-12	4.03e-05	1.21e-02	6.87e-02	7.18e-01	1.93e-01	8.31e-03	1.92e-12	1.88e-15	3.15e-16	4.03e-05	2.57e-10	4.40e-35
 7.54953e+22	2.43e-12	4.47e-05	1.31e-02	7.23e-02	7.22e-01	1.85e-01	7.62e-03	2.43e-12	2.40e-15	4.03e-16	4.47e-05	2.90e-10	6.38e-35
 7.58110e+22	3.42e-12	5.09e-05	1.45e-02	7.70e-02	7.26e-01	1.76e-01	6.82e-03	3.42e-12	3.42e-15	5.77e-16	5.09e-05	3.38e-10	1.02e-34
 7.61382e+22	4.81e-12	5.70e-05	1.58e-02	8.14e-02	7.29e-01	1.67e-01	6.18e-03	4.80e-12	4.85e-15	8.21e-16	5.70e-05	3.85e-10	1.53e-34
 7.64323e+22	6.52e-12	6.34e-05	1.71e-02	8.58e-02	7.32e-01	1.60e-01	5.61e-03	6.51e-12	6.64e-15	1.13e-15	6.34e-05	4.37e-10	2.26e-34
 7.67662e+22	1.05e-11	7.29e-05	1.90e-02	9.15e-02	7.34e-01	1.50e-01	4.97e-03	1.05e-11	1.08e-14	1.85e-15	7.29e-05	5.15e-10	3.74e-34
 7.71091e+22	2.04e-11	8.20e-05	2.07e-02	9.68e-02	7.35e-01	1.43e-01	4.47e-03	2.04e-11	2.13e-14	3.65e-15	8.20e-05	5.93e-10	5.74e-34
 7.74135e+22	3.12e-11	9.16e-05	2.24e-02	1.02e-01	7.36e-01	1.36e-01	4.03e-03	3.11e-11	3.29e-14	5.66e-15	9.16e-05	6.77e-10	8.61e-34
 7.77591e+22	6.62e-11	1.06e-04	2.49e-02	1.09e-01	7.36e-01	1.27e-01	3.55e-03	6.61e-11	7.09e-14	1.23e-14	1.06e-04	8.03e-10	1.45e-33
 7.81161e+22	2.21e-10	1.19e-04	2.72e-02	1.15e-01	7.35e-01	1.20e-01	3.16e-03	2.21e-10	2.40e-13	4.17e-14	1.19e-04	9.31e-10	2.32e-33
 7.84336e+22	4.59e-10	1.34e-04	2.95e-02	1.21e-01	7.34e-01	1.13e-01	2.83e-03	4.58e-10	5.05e-13	8.79e-14	1.34e-04	1.07e-09	3.64e-33
 7.87921e+22	9.06e-10	1.55e-04	3.27e-02	1.28e-01	7.31e-01	1.05e-01	2.47e-03	9.05e-10	1.01e-12	1.78e-13	1.55e-04	1.28e-09	6.45e-33
 7.91604e+22	1.49e-09	1.76e-04	3.58e-02	1.36e-01	7.28e-01	9.88e-02	2.18e-03	1.49e-09	1.69e-12	2.98e-13	1.76e-04	1.49e-09	1.06e-32
 7.94862e+22	1.94e-09	1.98e-04	3.88e-02	1.42e-01	7.24e-01	9.30e-02	1.94e-03	1.94e-09	2.24e-12	3.95e-13	1.98e-04	1.72e-09	1.65e-32
 7.98546e+22	2.65e-09	2.30e-04	4.31e-02	1.51e-01	7.18e-01	8.59e-02	1.67e-03	2.64e-09	3.11e-12	5.52e-13	2.30e-04	2.07e-09	2.88e-32
 8.02343e+22	3.42e-09	2.62e-04	4.71e-02	1.59e-01	7.12e-01	8.01e-02	1.47e-03	3.42e-09	4.09e-12	7.30e-13	2.62e-04	2.43e-09	4.66e-32
 8.05718e+22	4.25e-09	2.96e-04	5.11e-02	1.67e-01	7.06e-01	7.49e-02	1.30e-03	4.24e-09	5.16e-12	9.24e-13	2.96e-04	2.83e-09	7.30e-32
