#depth	O	O+	O+2	O+3	O+4	O+5	O+6	O+7	O+8	O[1]	O[2]	O[3]
 4.62852e+21	1.03e-12	1.69e-08	2.39e-05	2.90e-03	3.66e-02	1.07e-01	6.55e-01	1.87e-01	1.18e-02	1.03e-12	5.00e-22	5.44e-22
 1.02896e+22	2.67e-12	4.55e-08	6.27e-05	6.69e-03	6.38e-02	1.58e-01	6.43e-01	1.23e-01	5.21e-03	2.67e-12	1.62e-21	1.77e-21
 1.18384e+22	4.55e-12	7.79e-08	1.03e-04	9.97e-03	8.18e-02	1.86e-01	6.22e-01	9.75e-02	3.42e-03	4.55e-12	3.11e-21	3.40e-21
 1.26128e+22	6.04e-12	1.03e-07	1.32e-04	1.21e-02	9.20e-02	2.00e-01	6.07e-01	8.65e-02	2.75e-03	6.04e-12	4.39e-21	4.80e-21
 1.29700e+22	6.77e-12	1.15e-07	1.45e-04	1.31e-02	9.62e-02	2.05e-01	6.01e-01	8.24e-02	2.53e-03	6.77e-12	5.03e-21	5.50e-21
 1.31978e+22	7.84e-12	1.32e-07	1.64e-04	1.43e-02	1.02e-01	2.12e-01	5.92e-01	7.75e-02	2.27e-03	7.84e-12	6.01e-21	6.57e-21
 1.34455e+22	9.01e-12	1.51e-07	1.85e-04	1.57e-02	1.07e-01	2.18e-01	5.84e-01	7.31e-02	2.05e-03	9.01e-12	7.10e-21	7.77e-21
 1.37189e+22	1.08e-11	1.79e-07	2.13e-04	1.74e-02	1.14e-01	2.26e-01	5.73e-01	6.79e-02	1.80e-03	1.08e-11	8.82e-21	9.67e-21
 1.39990e+22	1.26e-11	2.08e-07	2.42e-04	1.92e-02	1.20e-01	2.33e-01	5.62e-01	6.35e-02	1.61e-03	1.26e-11	1.06e-20	1.17e-20
 1.42421e+22	1.47e-11	2.39e-07	2.72e-04	2.08e-02	1.26e-01	2.39e-01	5.52e-01	5.98e-02	1.45e-03	1.47e-11	1.27e-20	1.39e-20
 1.45124e+22	1.77e-11	2.85e-07	3.15e-04	2.32e-02	1.34e-01	2.46e-01	5.39e-01	5.52e-02	1.27e-03	1.77e-11	1.59e-20	1.75e-20
 1.47897e+22	2.07e-11	3.30e-07	3.56e-04	2.53e-02	1.41e-01	2.53e-01	5.28e-01	5.16e-02	1.13e-03	2.07e-11	1.92e-20	2.11e-20
 1.50762e+22	2.56e-11	3.98e-07	4.15e-04	2.82e-02	1.50e-01	2.60e-01	5.13e-01	4.75e-02	9.85e-04	2.56e-11	2.47e-20	2.71e-20
 1.53716e+22	3.07e-11	4.69e-07	4.74e-04	3.10e-02	1.58e-01	2.66e-01	5.00e-01	4.39e-02	8.67e-04	3.07e-11	3.06e-20	3.36e-20
 1.56318e+22	3.64e-11	5.46e-07	5.36e-04	3.38e-02	1.65e-01	2.71e-01	4.88e-01	4.09e-02	7.73e-04	3.64e-11	3.75e-20	4.13e-20
 1.59235e+22	4.54e-11	6.63e-07	6.27e-04	3.77e-02	1.75e-01	2.78e-01	4.71e-01	3.73e-02	6.64e-04	4.54e-11	4.87e-20	5.36e-20
 1.62241e+22	5.49e-11	7.82e-07	7.16e-04	4.13e-02	1.84e-01	2.83e-01	4.57e-01	3.44e-02	5.83e-04	5.49e-11	6.09e-20	6.71e-20
 1.64911e+22	6.60e-11	9.17e-07	8.11e-04	4.49e-02	1.92e-01	2.87e-01	4.43e-01	3.18e-02	5.15e-04	6.60e-11	7.57e-20	8.34e-20
 1.67926e+22	8.36e-11	1.12e-06	9.51e-04	5.00e-02	2.03e-01	2.92e-01	4.25e-01	2.87e-02	4.38e-04	8.36e-11	1.00e-19	1.10e-19
 1.71046e+22	1.03e-10	1.34e-06	1.09e-03	5.47e-02	2.12e-01	2.96e-01	4.09e-01	2.62e-02	3.80e-04	1.03e-10	1.27e-19	1.40e-19
 1.74301e+22	1.33e-10	1.66e-06	1.29e-03	6.12e-02	2.24e-01	3.00e-01	3.89e-01	2.34e-02	3.18e-04	1.33e-10	1.73e-19	1.91e-19
 1.77302e+22	1.59e-10	1.93e-06	1.45e-03	6.59e-02	2.32e-01	3.03e-01	3.76e-01	2.16e-02	2.81e-04	1.59e-10	2.13e-19	2.35e-19
 1.79608e+22	1.87e-10	2.21e-06	1.60e-03	7.04e-02	2.40e-01	3.04e-01	3.63e-01	2.01e-02	2.51e-04	1.87e-10	2.59e-19	2.86e-19
 1.82239e+22	2.32e-10	2.63e-06	1.83e-03	7.67e-02	2.50e-01	3.06e-01	3.47e-01	1.82e-02	2.16e-04	2.32e-10	3.32e-19	3.67e-19
 1.85011e+22	2.80e-10	3.07e-06	2.05e-03	8.26e-02	2.58e-01	3.07e-01	3.33e-01	1.67e-02	1.89e-04	2.80e-10	4.15e-19	4.59e-19
 1.87963e+22	3.57e-10	3.73e-06	2.38e-03	9.05e-02	2.69e-01	3.07e-01	3.16e-01	1.49e-02	1.60e-04	3.57e-10	5.52e-19	6.11e-19
 1.90970e+22	4.39e-10	4.41e-06	2.69e-03	9.78e-02	2.78e-01	3.08e-01	3.00e-01	1.35e-02	1.37e-04	4.39e-10	7.03e-19	7.79e-19
 1.93568e+22	5.31e-10	5.12e-06	3.01e-03	1.05e-01	2.86e-01	3.07e-01	2.87e-01	1.23e-02	1.20e-04	5.31e-10	8.79e-19	9.74e-19
 1.96466e+22	6.74e-10	6.18e-06	3.45e-03	1.14e-01	2.96e-01	3.05e-01	2.70e-01	1.09e-02	1.01e-04	6.74e-10	1.16e-18	1.29e-18
 1.99485e+22	8.31e-10	7.29e-06	3.90e-03	1.23e-01	3.05e-01	3.03e-01	2.56e-01	9.83e-03	8.61e-05	8.31e-10	1.49e-18	1.65e-18
 2.02216e+22	1.02e-09	8.54e-06	4.37e-03	1.31e-01	3.13e-01	3.01e-01	2.42e-01	8.85e-03	7.39e-05	1.02e-09	1.89e-18	2.10e-18
 2.05321e+22	1.32e-09	1.04e-05	5.04e-03	1.43e-01	3.23e-01	2.97e-01	2.25e-01	7.74e-03	6.08e-05	1.32e-09	2.56e-18	2.85e-18
 2.08499e+22	1.64e-09	1.24e-05	5.70e-03	1.53e-01	3.30e-01	2.93e-01	2.11e-01	6.88e-03	5.13e-05	1.64e-09	3.32e-18	3.69e-18
 2.11311e+22	2.03e-09	1.45e-05	6.39e-03	1.64e-01	3.37e-01	2.88e-01	1.98e-01	6.14e-03	4.35e-05	2.03e-09	4.24e-18	4.72e-18
 2.14504e+22	2.64e-09	1.77e-05	7.35e-03	1.77e-01	3.46e-01	2.82e-01	1.82e-01	5.30e-03	3.53e-05	2.64e-09	5.79e-18	6.45e-18
 2.17817e+22	3.33e-09	2.11e-05	8.31e-03	1.90e-01	3.52e-01	2.76e-01	1.69e-01	4.64e-03	2.92e-05	3.33e-09	7.61e-18	8.48e-18
 2.20782e+22	4.14e-09	2.49e-05	9.31e-03	2.02e-01	3.58e-01	2.70e-01	1.57e-01	4.09e-03	2.44e-05	4.14e-09	9.84e-18	1.10e-17
 2.24134e+22	5.45e-09	3.05e-05	1.07e-02	2.17e-01	3.64e-01	2.61e-01	1.43e-01	3.47e-03	1.94e-05	5.45e-09	1.36e-17	1.52e-17
 2.27564e+22	6.91e-09	3.64e-05	1.21e-02	2.32e-01	3.69e-01	2.53e-01	1.31e-01	3.00e-03	1.58e-05	6.91e-09	1.80e-17	2.01e-17
 2.30586e+22	8.61e-09	4.28e-05	1.35e-02	2.45e-01	3.73e-01	2.45e-01	1.21e-01	2.62e-03	1.31e-05	8.61e-09	2.34e-17	2.61e-17
 2.34004e+22	1.14e-08	5.24e-05	1.55e-02	2.63e-01	3.76e-01	2.35e-01	1.09e-01	2.19e-03	1.03e-05	1.14e-08	3.25e-17	3.63e-17
 2.37521e+22	1.45e-08	6.25e-05	1.74e-02	2.78e-01	3.78e-01	2.26e-01	9.87e-02	1.87e-03	8.24e-06	1.45e-08	4.31e-17	4.83e-17
 2.40644e+22	1.81e-08	7.36e-05	1.94e-02	2.93e-01	3.79e-01	2.17e-01	8.99e-02	1.61e-03	6.70e-06	1.81e-08	5.63e-17	6.31e-17
 2.44182e+22	2.40e-08	9.03e-05	2.22e-02	3.12e-01	3.80e-01	2.05e-01	7.97e-02	1.33e-03	5.14e-06	2.40e-08	7.89e-17	8.85e-17
 2.47822e+22	3.07e-08	1.08e-04	2.49e-02	3.28e-01	3.79e-01	1.95e-01	7.15e-02	1.12e-03	4.05e-06	3.07e-08	1.05e-16	1.18e-16
 2.51065e+22	3.87e-08	1.27e-04	2.77e-02	3.44e-01	3.78e-01	1.85e-01	6.44e-02	9.45e-04	3.24e-06	3.87e-08	1.39e-16	1.56e-16
 2.54752e+22	5.19e-08	1.57e-04	3.16e-02	3.64e-01	3.74e-01	1.73e-01	5.60e-02	7.60e-04	2.41e-06	5.19e-08	1.97e-16	2.22e-16
 2.58512e+22	6.61e-08	1.86e-04	3.52e-02	3.81e-01	3.71e-01	1.63e-01	4.98e-02	6.32e-04	1.88e-06	6.61e-08	2.62e-16	2.96e-16
 2.62368e+22	8.95e-08	2.30e-04	4.02e-02	4.01e-01	3.65e-01	1.50e-01	4.28e-02	5.00e-04	1.37e-06	8.95e-08	3.77e-16	4.25e-16
 2.66267e+22	1.14e-07	2.73e-04	4.47e-02	4.17e-01	3.59e-01	1.40e-01	3.77e-02	4.11e-04	1.06e-06	1.14e-07	5.04e-16	5.69e-16
 2.69619e+22	1.43e-07	3.20e-04	4.93e-02	4.32e-01	3.53e-01	1.31e-01	3.34e-02	3.42e-04	8.26e-07	1.43e-07	6.59e-16	7.45e-16
 2.72752e+22	1.76e-07	3.70e-04	5.38e-02	4.46e-01	3.47e-01	1.23e-01	2.98e-02	2.87e-04	6.55e-07	1.76e-07	8.46e-16	9.57e-16
 2.76205e+22	2.28e-07	4.43e-04	5.99e-02	4.62e-01	3.39e-01	1.13e-01	2.57e-02	2.30e-04	4.89e-07	2.28e-07	1.16e-15	1.31e-15
 2.79704e+22	2.83e-07	5.15e-04	6.56e-02	4.75e-01	3.31e-01	1.05e-01	2.27e-02	1.91e-04	3.80e-07	2.83e-07	1.50e-15	1.70e-15
 2.82720e+22	3.46e-07	5.92e-04	7.11e-02	4.86e-01	3.23e-01	9.82e-02	2.02e-02	1.60e-04	3.00e-07	3.46e-07	1.90e-15	2.16e-15
 2.86098e+22	4.42e-07	7.02e-04	7.85e-02	5.00e-01	3.14e-01	8.97e-02	1.74e-02	1.28e-04	2.24e-07	4.42e-07	2.56e-15	2.91e-15
 2.89617e+22	5.49e-07	8.15e-04	8.56e-02	5.11e-01	3.04e-01	8.27e-02	1.52e-02	1.04e-04	1.71e-07	5.49e-07	3.33e-15	3.78e-15
 2.92809e+22	6.75e-07	9.40e-04	9.29e-02	5.21e-01	2.95e-01	7.62e-02	1.33e-02	8.58e-05	1.33e-07	6.75e-07	4.27e-15	4.86e-15
 2.96447e+22	8.76e-07	1.12e-03	1.03e-01	5.33e-01	2.83e-01	6.85e-02	1.12e-02	6.67e-05	0.00e+00	8.76e-07	5.86e-15	6.68e-15
 3.00104e+22	1.08e-06	1.30e-03	1.11e-01	5.42e-01	2.73e-01	6.26e-02	9.75e-03	5.41e-05	0.00e+00	1.08e-06	7.57e-15	8.63e-15
 3.03271e+22	1.32e-06	1.49e-03	1.20e-01	5.49e-01	2.64e-01	5.74e-02	8.50e-03	4.41e-05	0.00e+00	1.32e-06	9.67e-15	1.10e-14
 3.06127e+22	1.56e-06	1.67e-03	1.28e-01	5.54e-01	2.56e-01	5.33e-02	7.60e-03	3.74e-05	0.00e+00	1.56e-06	1.18e-14	1.34e-14
 3.09093e+22	1.91e-06	1.92e-03	1.38e-01	5.60e-01	2.46e-01	4.85e-02	6.57e-03	3.03e-05	0.00e+00	1.91e-06	1.51e-14	1.72e-14
 3.12119e+22	2.27e-06	2.15e-03	1.47e-01	5.64e-01	2.37e-01	4.47e-02	5.80e-03	2.52e-05	0.00e+00	2.27e-06	1.86e-14	2.13e-14
 3.14771e+22	2.66e-06	2.40e-03	1.55e-01	5.67e-01	2.28e-01	4.13e-02	5.15e-03	2.12e-05	0.00e+00	2.66e-06	2.27e-14	2.59e-14
 3.17768e+22	3.26e-06	2.76e-03	1.67e-01	5.70e-01	2.18e-01	3.72e-02	4.42e-03	1.69e-05	0.00e+00	3.26e-06	2.91e-14	3.33e-14
 3.20816e+22	3.86e-06	3.09e-03	1.77e-01	5.72e-01	2.09e-01	3.41e-02	3.89e-03	1.41e-05	0.00e+00	3.86e-06	3.57e-14	4.08e-14
 3.23519e+22	4.52e-06	3.45e-03	1.88e-01	5.73e-01	2.01e-01	3.13e-02	3.44e-03	1.17e-05	0.00e+00	4.52e-06	4.35e-14	4.98e-14
 3.26619e+22	5.57e-06	3.97e-03	2.01e-01	5.73e-01	1.91e-01	2.80e-02	2.92e-03	9.24e-06	0.00e+00	5.57e-06	5.62e-14	6.43e-14
 3.29736e+22	6.53e-06	4.42e-03	2.13e-01	5.72e-01	1.82e-01	2.56e-02	2.56e-03	7.65e-06	0.00e+00	6.53e-06	6.85e-14	7.84e-14
 3.32873e+22	8.01e-06	5.07e-03	2.28e-01	5.70e-01	1.72e-01	2.27e-02	2.17e-03	6.00e-06	0.00e+00	8.01e-06	8.82e-14	1.01e-13
 3.36056e+22	9.43e-06	5.66e-03	2.41e-01	5.67e-01	1.64e-01	2.06e-02	1.89e-03	4.91e-06	0.00e+00	9.43e-06	1.08e-13	1.24e-13
 3.39298e+22	1.16e-05	6.50e-03	2.57e-01	5.63e-01	1.54e-01	1.82e-02	1.58e-03	3.81e-06	0.00e+00	1.16e-05	1.40e-13	1.60e-13
 3.42576e+22	1.36e-05	7.26e-03	2.71e-01	5.58e-01	1.46e-01	1.63e-02	1.37e-03	3.09e-06	0.00e+00	1.36e-05	1.71e-13	1.96e-13
 3.45900e+22	1.68e-05	8.33e-03	2.89e-01	5.51e-01	1.36e-01	1.43e-02	1.14e-03	2.37e-06	0.00e+00	1.68e-05	2.22e-13	2.54e-13
 3.49265e+22	1.97e-05	9.29e-03	3.05e-01	5.44e-01	1.28e-01	1.28e-02	9.79e-04	1.91e-06	0.00e+00	1.97e-05	2.72e-13	3.12e-13
 3.52684e+22	2.42e-05	1.07e-02	3.24e-01	5.34e-01	1.19e-01	1.11e-02	8.07e-04	1.45e-06	0.00e+00	2.42e-05	3.53e-13	4.04e-13
 3.55378e+22	2.61e-05	1.12e-02	3.33e-01	5.30e-01	1.15e-01	1.04e-02	7.46e-04	1.29e-06	0.00e+00	2.61e-05	3.89e-13	4.45e-13
 3.57130e+22	2.92e-05	1.20e-02	3.44e-01	5.24e-01	1.10e-01	9.66e-03	6.71e-04	1.11e-06	0.00e+00	2.92e-05	4.47e-13	5.11e-13
 3.59409e+22	3.33e-05	1.32e-02	3.57e-01	5.16e-01	1.04e-01	8.77e-03	5.91e-04	9.24e-07	0.00e+00	3.33e-05	5.29e-13	6.05e-13
 3.62370e+22	3.96e-05	1.48e-02	3.75e-01	5.05e-01	9.72e-02	7.71e-03	4.98e-04	7.24e-07	0.00e+00	3.96e-05	6.60e-13	7.54e-13
 3.65713e+22	4.72e-05	1.66e-02	3.93e-01	4.93e-01	9.01e-02	6.74e-03	4.17e-04	5.62e-07	0.00e+00	4.72e-05	8.25e-13	9.42e-13
 3.69048e+22	5.62e-05	1.86e-02	4.12e-01	4.79e-01	8.33e-02	5.87e-03	3.49e-04	4.35e-07	0.00e+00	5.62e-05	1.03e-12	1.17e-12
 3.72881e+22	7.00e-05	2.16e-02	4.36e-01	4.62e-01	7.52e-02	4.91e-03	2.77e-04	3.14e-07	0.00e+00	7.00e-05	1.37e-12	1.55e-12
 3.76223e+22	7.89e-05	2.33e-02	4.50e-01	4.51e-01	7.06e-02	4.42e-03	2.42e-04	2.59e-07	0.00e+00	7.89e-05	1.60e-12	1.81e-12
 3.78924e+22	9.19e-05	2.58e-02	4.67e-01	4.37e-01	6.54e-02	3.88e-03	2.05e-04	2.04e-07	0.00e+00	9.19e-05	1.95e-12	2.20e-12
 3.81704e+22	1.04e-04	2.79e-02	4.82e-01	4.26e-01	6.13e-02	3.48e-03	1.78e-04	1.67e-07	0.00e+00	1.04e-04	2.28e-12	2.58e-12
 3.84588e+22	1.21e-04	3.08e-02	4.99e-01	4.11e-01	5.65e-02	3.03e-03	1.50e-04	1.31e-07	0.00e+00	1.21e-04	2.79e-12	3.14e-12
 3.87552e+22	1.38e-04	3.35e-02	5.14e-01	3.97e-01	5.24e-02	2.68e-03	1.28e-04	0.00e+00	0.00e+00	1.38e-04	3.31e-12	3.71e-12
 3.90194e+22	1.56e-04	3.64e-02	5.28e-01	3.85e-01	4.88e-02	2.38e-03	1.11e-04	0.00e+00	0.00e+00	1.56e-04	3.90e-12	4.35e-12
 3.93203e+22	1.82e-04	4.02e-02	5.45e-01	3.68e-01	4.45e-02	2.05e-03	9.16e-05	0.00e+00	0.00e+00	1.82e-04	4.81e-12	5.33e-12
 3.96268e+22	2.06e-04	4.36e-02	5.59e-01	3.54e-01	4.10e-02	1.80e-03	7.80e-05	0.00e+00	0.00e+00	2.06e-04	5.70e-12	6.28e-12
 3.99408e+22	2.43e-04	4.84e-02	5.76e-01	3.36e-01	3.70e-02	1.52e-03	6.35e-05	0.00e+00	0.00e+00	2.43e-04	7.10e-12	7.77e-12
 4.02556e+22	2.74e-04	5.23e-02	5.90e-01	3.22e-01	3.40e-02	1.33e-03	5.39e-05	0.00e+00	0.00e+00	2.74e-04	8.39e-12	9.11e-12
 4.05712e+22	3.20e-04	5.78e-02	6.05e-01	3.05e-01	3.05e-02	1.13e-03	4.39e-05	0.00e+00	0.00e+00	3.20e-04	1.04e-11	1.12e-11
 4.08740e+22	3.57e-04	6.19e-02	6.17e-01	2.92e-01	2.81e-02	9.94e-04	3.76e-05	0.00e+00	0.00e+00	3.57e-04	1.21e-11	1.29e-11
 4.10759e+22	3.80e-04	6.44e-02	6.23e-01	2.84e-01	2.67e-02	9.19e-04	3.41e-05	0.00e+00	0.00e+00	3.80e-04	1.32e-11	1.41e-11
 4.12542e+22	4.14e-04	6.79e-02	6.31e-01	2.75e-01	2.51e-02	8.35e-04	3.04e-05	0.00e+00	0.00e+00	4.14e-04	1.49e-11	1.57e-11
 4.14859e+22	4.60e-04	7.27e-02	6.41e-01	2.62e-01	2.31e-02	7.36e-04	2.61e-05	0.00e+00	0.00e+00	4.60e-04	1.74e-11	1.81e-11
 4.17871e+22	5.35e-04	7.98e-02	6.53e-01	2.46e-01	2.06e-02	6.16e-04	2.10e-05	0.00e+00	0.00e+00	5.35e-04	2.14e-11	2.21e-11
 4.20474e+22	5.70e-04	8.30e-02	6.59e-01	2.37e-01	1.94e-02	5.63e-04	1.88e-05	0.00e+00	0.00e+00	5.70e-04	2.36e-11	2.42e-11
 4.22543e+22	6.28e-04	8.82e-02	6.66e-01	2.27e-01	1.79e-02	4.99e-04	1.63e-05	0.00e+00	0.00e+00	6.28e-04	2.71e-11	2.75e-11
 4.25232e+22	7.08e-04	9.50e-02	6.74e-01	2.13e-01	1.61e-02	4.28e-04	1.35e-05	0.00e+00	0.00e+00	7.08e-04	3.24e-11	3.24e-11
 4.28729e+22	8.32e-04	1.05e-01	6.84e-01	1.96e-01	1.40e-02	3.47e-04	1.05e-05	0.00e+00	0.00e+00	8.32e-04	4.09e-11	4.01e-11
 4.32055e+22	9.17e-04	1.11e-01	6.90e-01	1.85e-01	1.27e-02	3.00e-04	8.85e-06	0.00e+00	0.00e+00	9.17e-04	4.75e-11	4.59e-11
 4.35159e+22	1.05e-03	1.21e-01	6.96e-01	1.71e-01	1.12e-02	2.49e-04	7.10e-06	0.00e+00	0.00e+00	1.05e-03	5.81e-11	5.51e-11
 4.38648e+22	1.19e-03	1.31e-01	7.01e-01	1.57e-01	9.83e-03	2.06e-04	5.66e-06	0.00e+00	0.00e+00	1.19e-03	7.08e-11	6.59e-11
 4.42637e+22	1.42e-03	1.45e-01	7.05e-01	1.41e-01	8.27e-03	1.60e-04	4.20e-06	0.00e+00	0.00e+00	1.42e-03	9.20e-11	8.34e-11
 4.46595e+22	1.59e-03	1.55e-01	7.07e-01	1.29e-01	7.24e-03	1.32e-04	3.36e-06	0.00e+00	0.00e+00	1.59e-03	1.10e-10	9.80e-11
 4.50514e+22	1.88e-03	1.71e-01	7.06e-01	1.15e-01	6.06e-03	1.02e-04	2.49e-06	0.00e+00	0.00e+00	1.88e-03	1.42e-10	1.23e-10
 4.54512e+22	2.11e-03	1.83e-01	7.05e-01	1.04e-01	5.26e-03	8.37e-05	1.96e-06	0.00e+00	0.00e+00	2.11e-03	1.72e-10	1.45e-10
 4.58613e+22	2.48e-03	2.01e-01	7.01e-01	9.14e-02	4.36e-03	6.39e-05	1.44e-06	0.00e+00	0.00e+00	2.48e-03	2.22e-10	1.82e-10
 4.62847e+22	2.83e-03	2.16e-01	6.96e-01	8.14e-02	3.70e-03	5.06e-05	1.10e-06	0.00e+00	0.00e+00	2.83e-03	2.72e-10	2.19e-10
 4.67252e+22	3.37e-03	2.39e-01	6.85e-01	6.97e-02	3.00e-03	3.74e-05	7.74e-07	0.00e+00	0.00e+00	3.37e-03	3.58e-10	2.79e-10
 4.71700e+22	3.85e-03	2.58e-01	6.75e-01	6.11e-02	2.50e-03	2.90e-05	5.79e-07	0.00e+00	0.00e+00	3.85e-03	4.41e-10	3.37e-10
 4.76202e+22	4.60e-03	2.85e-01	6.57e-01	5.12e-02	2.00e-03	2.09e-05	4.01e-07	0.00e+00	0.00e+00	4.60e-03	5.79e-10	4.30e-10
 4.80801e+22	5.31e-03	3.07e-01	6.42e-01	4.38e-02	1.64e-03	1.58e-05	2.92e-07	0.00e+00	0.00e+00	5.31e-03	7.19e-10	5.23e-10
 4.84343e+22	5.85e-03	3.24e-01	6.30e-01	3.91e-02	1.42e-03	1.29e-05	2.34e-07	0.00e+00	0.00e+00	5.85e-03	8.35e-10	5.99e-10
 4.87762e+22	6.79e-03	3.51e-01	6.08e-01	3.32e-02	1.18e-03	9.70e-06	1.71e-07	0.00e+00	0.00e+00	6.79e-03	1.04e-09	7.31e-10
 4.91198e+22	7.55e-03	3.70e-01	5.92e-01	2.92e-02	1.01e-03	7.77e-06	1.35e-07	0.00e+00	0.00e+00	7.55e-03	1.22e-09	8.44e-10
 4.94655e+22	8.76e-03	4.00e-01	5.66e-01	2.44e-02	8.31e-04	5.75e-06	0.00e+00	0.00e+00	0.00e+00	8.76e-03	1.51e-09	1.03e-09
 4.98180e+22	9.90e-03	4.24e-01	5.44e-01	2.08e-02	7.00e-04	4.44e-06	0.00e+00	0.00e+00	0.00e+00	9.90e-03	1.80e-09	1.21e-09
 5.01282e+22	1.12e-02	4.50e-01	5.21e-01	1.77e-02	5.92e-04	3.43e-06	0.00e+00	0.00e+00	0.00e+00	1.12e-02	2.14e-09	1.42e-09
 5.04804e+22	1.31e-02	4.85e-01	4.87e-01	1.42e-02	4.75e-04	2.42e-06	0.00e+00	0.00e+00	0.00e+00	1.31e-02	2.68e-09	1.76e-09
 5.08393e+22	1.51e-02	5.16e-01	4.57e-01	1.16e-02	3.91e-04	1.77e-06	0.00e+00	0.00e+00	0.00e+00	1.51e-02	3.23e-09	2.10e-09
 5.11525e+22	1.72e-02	5.46e-01	4.27e-01	9.51e-03	3.24e-04	1.30e-06	0.00e+00	0.00e+00	0.00e+00	1.72e-02	3.88e-09	2.49e-09
 5.15052e+22	2.04e-02	5.85e-01	3.87e-01	7.23e-03	2.54e-04	8.65e-07	0.00e+00	0.00e+00	0.00e+00	2.04e-02	4.90e-09	3.12e-09
 5.18720e+22	2.40e-02	6.21e-01	3.50e-01	5.52e-03	2.01e-04	5.83e-07	0.00e+00	0.00e+00	0.00e+00	2.40e-02	6.06e-09	3.82e-09
 5.21981e+22	2.81e-02	6.54e-01	3.13e-01	4.20e-03	1.60e-04	3.93e-07	0.00e+00	0.00e+00	0.00e+00	2.81e-02	7.42e-09	4.64e-09
 5.25629e+22	3.42e-02	6.95e-01	2.68e-01	2.91e-03	1.19e-04	2.33e-07	0.00e+00	0.00e+00	0.00e+00	3.42e-02	9.59e-09	5.96e-09
 5.29328e+22	4.12e-02	7.28e-01	2.28e-01	2.03e-03	9.00e-05	1.41e-07	0.00e+00	0.00e+00	0.00e+00	4.12e-02	1.21e-08	7.46e-09
 5.32194e+22	4.77e-02	7.52e-01	1.99e-01	1.50e-03	7.18e-05	0.00e+00	0.00e+00	0.00e+00	0.00e+00	4.77e-02	1.45e-08	8.90e-09
 5.35019e+22	5.68e-02	7.76e-01	1.66e-01	1.03e-03	5.40e-05	0.00e+00	0.00e+00	0.00e+00	0.00e+00	5.68e-02	1.80e-08	1.10e-08
 5.37961e+22	6.75e-02	7.95e-01	1.37e-01	7.06e-04	4.07e-05	0.00e+00	0.00e+00	0.00e+00	0.00e+00	6.75e-02	2.21e-08	1.35e-08
 5.39750e+22	7.44e-02	8.02e-01	1.23e-01	5.75e-04	3.51e-05	0.00e+00	0.00e+00	0.00e+00	0.00e+00	7.44e-02	2.46e-08	1.50e-08
 5.40447e+22	7.74e-02	8.05e-01	1.18e-01	5.26e-04	3.28e-05	0.00e+00	0.00e+00	0.00e+00	0.00e+00	7.74e-02	2.58e-08	1.57e-08
 5.41007e+22	8.04e-02	8.07e-01	1.12e-01	4.82e-04	3.07e-05	0.00e+00	0.00e+00	0.00e+00	0.00e+00	8.04e-02	2.70e-08	1.64e-08
 5.41714e+22	8.44e-02	8.10e-01	1.06e-01	4.30e-04	2.82e-05	0.00e+00	0.00e+00	0.00e+00	0.00e+00	8.44e-02	2.86e-08	1.73e-08
 5.42495e+22	8.90e-02	8.12e-01	9.87e-02	3.80e-04	2.57e-05	0.00e+00	0.00e+00	0.00e+00	0.00e+00	8.90e-02	3.04e-08	1.84e-08
 5.43239e+22	9.36e-02	8.14e-01	9.25e-02	3.38e-04	2.34e-05	0.00e+00	0.00e+00	0.00e+00	0.00e+00	9.36e-02	3.23e-08	1.95e-08
 5.43939e+22	9.81e-02	8.15e-01	8.70e-02	3.03e-04	2.15e-05	0.00e+00	0.00e+00	0.00e+00	0.00e+00	9.81e-02	3.40e-08	2.06e-08
 5.44638e+22	1.03e-01	8.15e-01	8.13e-02	2.68e-04	1.96e-05	0.00e+00	0.00e+00	0.00e+00	0.00e+00	1.03e-01	3.61e-08	2.18e-08
 5.45325e+22	1.08e-01	8.15e-01	7.63e-02	2.40e-04	1.80e-05	0.00e+00	0.00e+00	0.00e+00	0.00e+00	1.08e-01	3.81e-08	2.30e-08
 5.45999e+22	1.14e-01	8.15e-01	7.13e-02	2.13e-04	1.64e-05	0.00e+00	0.00e+00	0.00e+00	0.00e+00	1.14e-01	4.02e-08	2.43e-08
 5.46675e+22	1.19e-01	8.14e-01	6.65e-02	1.90e-04	1.49e-05	0.00e+00	0.00e+00	0.00e+00	0.00e+00	1.19e-01	4.26e-08	2.57e-08
 5.47306e+22	1.25e-01	8.13e-01	6.23e-02	1.70e-04	1.37e-05	0.00e+00	0.00e+00	0.00e+00	0.00e+00	1.25e-01	4.47e-08	2.69e-08
 5.47940e+22	1.31e-01	8.11e-01	5.81e-02	1.51e-04	1.24e-05	0.00e+00	0.00e+00	0.00e+00	0.00e+00	1.31e-01	4.72e-08	2.84e-08
 5.48574e+22	1.37e-01	8.08e-01	5.42e-02	1.35e-04	1.13e-05	0.00e+00	0.00e+00	0.00e+00	0.00e+00	1.37e-01	4.97e-08	2.99e-08
 5.49194e+22	1.44e-01	8.05e-01	5.05e-02	1.21e-04	1.03e-05	0.00e+00	0.00e+00	0.00e+00	0.00e+00	1.44e-01	5.24e-08	3.15e-08
 5.49811e+22	1.51e-01	8.02e-01	4.70e-02	1.08e-04	9.36e-06	0.00e+00	0.00e+00	0.00e+00	0.00e+00	1.51e-01	5.50e-08	3.31e-08
 5.50415e+22	1.58e-01	7.98e-01	4.37e-02	9.60e-05	8.46e-06	0.00e+00	0.00e+00	0.00e+00	0.00e+00	1.58e-01	5.80e-08	3.48e-08
 5.50994e+22	1.65e-01	7.94e-01	4.08e-02	8.64e-05	7.73e-06	0.00e+00	0.00e+00	0.00e+00	0.00e+00	1.65e-01	6.07e-08	3.64e-08
 5.51577e+22	1.73e-01	7.89e-01	3.79e-02	7.72e-05	7.00e-06	0.00e+00	0.00e+00	0.00e+00	0.00e+00	1.73e-01	6.38e-08	3.82e-08
 5.52177e+22	1.82e-01	7.83e-01	3.50e-02	6.87e-05	6.29e-06	0.00e+00	0.00e+00	0.00e+00	0.00e+00	1.82e-01	6.71e-08	4.02e-08
 5.52733e+22	1.90e-01	7.77e-01	3.26e-02	6.18e-05	5.71e-06	0.00e+00	0.00e+00	0.00e+00	0.00e+00	1.90e-01	7.02e-08	4.20e-08
 5.53267e+22	1.98e-01	7.72e-01	3.04e-02	5.60e-05	5.22e-06	0.00e+00	0.00e+00	0.00e+00	0.00e+00	1.98e-01	7.31e-08	4.38e-08
 5.53846e+22	2.07e-01	7.65e-01	2.80e-02	4.98e-05	4.67e-06	0.00e+00	0.00e+00	0.00e+00	0.00e+00	2.07e-01	7.68e-08	4.60e-08
 5.54433e+22	2.18e-01	7.57e-01	2.58e-02	4.44e-05	4.18e-06	0.00e+00	0.00e+00	0.00e+00	0.00e+00	2.18e-01	8.05e-08	4.82e-08
 5.54958e+22	2.27e-01	7.49e-01	2.39e-02	4.01e-05	3.79e-06	0.00e+00	0.00e+00	0.00e+00	0.00e+00	2.27e-01	8.39e-08	5.02e-08
 5.55465e+22	2.35e-01	7.42e-01	2.23e-02	3.65e-05	3.46e-06	0.00e+00	0.00e+00	0.00e+00	0.00e+00	2.35e-01	8.71e-08	5.21e-08
 5.56032e+22	2.47e-01	7.33e-01	2.04e-02	3.26e-05	3.08e-06	0.00e+00	0.00e+00	0.00e+00	0.00e+00	2.47e-01	9.12e-08	5.45e-08
 5.56609e+22	2.59e-01	7.23e-01	1.87e-02	2.91e-05	2.74e-06	0.00e+00	0.00e+00	0.00e+00	0.00e+00	2.59e-01	9.53e-08	5.69e-08
 5.57118e+22	2.69e-01	7.13e-01	1.74e-02	2.64e-05	2.47e-06	0.00e+00	0.00e+00	0.00e+00	0.00e+00	2.69e-01	9.88e-08	5.90e-08
 5.57608e+22	2.79e-01	7.05e-01	1.61e-02	2.42e-05	2.25e-06	0.00e+00	0.00e+00	0.00e+00	0.00e+00	2.79e-01	1.02e-07	6.10e-08
 5.58159e+22	2.92e-01	6.93e-01	1.47e-02	2.16e-05	1.99e-06	0.00e+00	0.00e+00	0.00e+00	0.00e+00	2.92e-01	1.07e-07	6.35e-08
 5.58725e+22	3.04e-01	6.82e-01	1.35e-02	1.95e-05	1.78e-06	0.00e+00	0.00e+00	0.00e+00	0.00e+00	3.04e-01	1.11e-07	6.59e-08
 5.59252e+22	3.17e-01	6.71e-01	1.24e-02	1.76e-05	1.58e-06	0.00e+00	0.00e+00	0.00e+00	0.00e+00	3.17e-01	1.15e-07	6.82e-08
 5.59761e+22	3.29e-01	6.60e-01	1.14e-02	1.61e-05	1.42e-06	0.00e+00	0.00e+00	0.00e+00	0.00e+00	3.29e-01	1.18e-07	7.04e-08
 5.60273e+22	3.42e-01	6.48e-01	1.05e-02	1.46e-05	1.27e-06	0.00e+00	0.00e+00	0.00e+00	0.00e+00	3.42e-01	1.22e-07	7.27e-08
 5.60806e+22	3.56e-01	6.35e-01	9.56e-03	1.32e-05	1.12e-06	0.00e+00	0.00e+00	0.00e+00	0.00e+00	3.56e-01	1.26e-07	7.51e-08
 5.61326e+22	3.69e-01	6.23e-01	8.77e-03	1.21e-05	1.00e-06	0.00e+00	0.00e+00	0.00e+00	0.00e+00	3.69e-01	1.30e-07	7.72e-08
 5.61851e+22	3.83e-01	6.09e-01	7.99e-03	1.09e-05	8.89e-07	0.00e+00	0.00e+00	0.00e+00	0.00e+00	3.83e-01	1.34e-07	7.95e-08
 5.62376e+22	3.97e-01	5.96e-01	7.31e-03	1.00e-05	7.92e-07	0.00e+00	0.00e+00	0.00e+00	0.00e+00	3.97e-01	1.37e-07	8.16e-08
 5.62902e+22	4.11e-01	5.82e-01	6.65e-03	9.10e-06	7.01e-07	0.00e+00	0.00e+00	0.00e+00	0.00e+00	4.11e-01	1.41e-07	8.37e-08
 5.63445e+22	4.27e-01	5.67e-01	6.04e-03	8.28e-06	6.18e-07	0.00e+00	0.00e+00	0.00e+00	0.00e+00	4.27e-01	1.44e-07	8.58e-08
 5.63970e+22	4.41e-01	5.53e-01	5.50e-03	7.57e-06	5.48e-07	0.00e+00	0.00e+00	0.00e+00	0.00e+00	4.41e-01	1.48e-07	8.77e-08
 5.64497e+22	4.56e-01	5.39e-01	5.01e-03	6.93e-06	4.84e-07	0.00e+00	0.00e+00	0.00e+00	0.00e+00	4.56e-01	1.51e-07	8.95e-08
 5.65043e+22	4.71e-01	5.25e-01	4.54e-03	6.33e-06	4.27e-07	0.00e+00	0.00e+00	0.00e+00	0.00e+00	4.71e-01	1.54e-07	9.13e-08
 5.65603e+22	4.86e-01	5.10e-01	4.10e-03	5.78e-06	3.75e-07	0.00e+00	0.00e+00	0.00e+00	0.00e+00	4.86e-01	1.57e-07	9.30e-08
 5.66178e+22	5.02e-01	4.94e-01	3.69e-03	5.27e-06	3.28e-07	0.00e+00	0.00e+00	0.00e+00	0.00e+00	5.02e-01	1.60e-07	9.46e-08
 5.66748e+22	5.18e-01	4.79e-01	3.33e-03	4.82e-06	2.88e-07	0.00e+00	0.00e+00	0.00e+00	0.00e+00	5.18e-01	1.62e-07	9.60e-08
 5.67313e+22	5.33e-01	4.64e-01	3.00e-03	4.42e-06	2.52e-07	0.00e+00	0.00e+00	0.00e+00	0.00e+00	5.33e-01	1.64e-07	9.73e-08
 5.67901e+22	5.48e-01	4.49e-01	2.70e-03	4.05e-06	2.20e-07	0.00e+00	0.00e+00	0.00e+00	0.00e+00	5.48e-01	1.67e-07	9.85e-08
 5.68513e+22	5.64e-01	4.33e-01	2.41e-03	3.70e-06	1.92e-07	0.00e+00	0.00e+00	0.00e+00	0.00e+00	5.64e-01	1.68e-07	9.96e-08
 5.69142e+22	5.80e-01	4.17e-01	2.15e-03	3.38e-06	1.66e-07	0.00e+00	0.00e+00	0.00e+00	0.00e+00	5.80e-01	1.70e-07	1.01e-07
 5.69710e+22	5.94e-01	4.04e-01	1.95e-03	3.14e-06	1.47e-07	0.00e+00	0.00e+00	0.00e+00	0.00e+00	5.94e-01	1.71e-07	1.01e-07
 5.70198e+22	6.05e-01	3.93e-01	1.79e-03	2.93e-06	1.32e-07	0.00e+00	0.00e+00	0.00e+00	0.00e+00	6.05e-01	1.72e-07	1.02e-07
 5.70685e+22	6.16e-01	3.82e-01	1.64e-03	2.75e-06	0.00e+00	0.00e+00	0.00e+00	0.00e+00	0.00e+00	6.16e-01	1.73e-07	1.02e-07
 5.71216e+22	6.28e-01	3.70e-01	1.49e-03	2.57e-06	0.00e+00	0.00e+00	0.00e+00	0.00e+00	0.00e+00	6.28e-01	1.74e-07	1.03e-07
 5.71780e+22	6.41e-01	3.57e-01	1.35e-03	2.39e-06	0.00e+00	0.00e+00	0.00e+00	0.00e+00	0.00e+00	6.41e-01	1.74e-07	1.03e-07
 5.72327e+22	6.52e-01	3.46e-01	1.22e-03	2.23e-06	0.00e+00	0.00e+00	0.00e+00	0.00e+00	0.00e+00	6.52e-01	1.75e-07	1.03e-07
 5.72874e+22	6.64e-01	3.35e-01	1.11e-03	2.09e-06	0.00e+00	0.00e+00	0.00e+00	0.00e+00	0.00e+00	6.64e-01	1.75e-07	1.03e-07
 5.73438e+22	6.75e-01	3.24e-01	1.01e-03	1.95e-06	0.00e+00	0.00e+00	0.00e+00	0.00e+00	0.00e+00	6.75e-01	1.75e-07	1.03e-07
 5.74018e+22	6.86e-01	3.13e-01	9.11e-04	1.83e-06	0.00e+00	0.00e+00	0.00e+00	0.00e+00	0.00e+00	6.86e-01	1.75e-07	1.03e-07
 5.74617e+22	6.97e-01	3.02e-01	8.21e-04	1.70e-06	0.00e+00	0.00e+00	0.00e+00	0.00e+00	0.00e+00	6.97e-01	1.75e-07	1.03e-07
 5.75212e+22	7.08e-01	2.92e-01	7.42e-04	1.60e-06	0.00e+00	0.00e+00	0.00e+00	0.00e+00	0.00e+00	7.08e-01	1.75e-07	1.03e-07
 5.75812e+22	7.18e-01	2.82e-01	6.71e-04	1.50e-06	0.00e+00	0.00e+00	0.00e+00	0.00e+00	0.00e+00	7.18e-01	1.74e-07	1.03e-07
 5.76434e+22	7.28e-01	2.72e-01	6.04e-04	1.40e-06	0.00e+00	0.00e+00	0.00e+00	0.00e+00	0.00e+00	7.28e-01	1.74e-07	1.02e-07
 5.77077e+22	7.38e-01	2.61e-01	5.43e-04	1.31e-06	0.00e+00	0.00e+00	0.00e+00	0.00e+00	0.00e+00	7.38e-01	1.73e-07	1.02e-07
 5.77725e+22	7.48e-01	2.52e-01	4.88e-04	1.23e-06	0.00e+00	0.00e+00	0.00e+00	0.00e+00	0.00e+00	7.48e-01	1.73e-07	1.01e-07
 5.78380e+22	7.57e-01	2.43e-01	4.39e-04	1.15e-06	0.00e+00	0.00e+00	0.00e+00	0.00e+00	0.00e+00	7.57e-01	1.72e-07	1.01e-07
 5.79055e+22	7.66e-01	2.34e-01	3.94e-04	1.08e-06	0.00e+00	0.00e+00	0.00e+00	0.00e+00	0.00e+00	7.66e-01	1.71e-07	1.01e-07
 5.79748e+22	7.75e-01	2.25e-01	3.53e-04	1.01e-06	0.00e+00	0.00e+00	0.00e+00	0.00e+00	0.00e+00	7.75e-01	1.71e-07	1.00e-07
 5.80452e+22	7.84e-01	2.16e-01	3.17e-04	9.44e-07	0.00e+00	0.00e+00	0.00e+00	0.00e+00	0.00e+00	7.84e-01	1.70e-07	9.95e-08
 5.81168e+22	7.92e-01	2.08e-01	2.84e-04	8.85e-07	0.00e+00	0.00e+00	0.00e+00	0.00e+00	0.00e+00	7.92e-01	1.69e-07	9.89e-08
 5.81906e+22	8.00e-01	1.99e-01	2.54e-04	8.29e-07	0.00e+00	0.00e+00	0.00e+00	0.00e+00	0.00e+00	8.00e-01	1.68e-07	9.83e-08
 5.82663e+22	8.08e-01	1.91e-01	2.28e-04	7.77e-07	0.00e+00	0.00e+00	0.00e+00	0.00e+00	0.00e+00	8.08e-01	1.67e-07	9.77e-08
 5.83433e+22	8.16e-01	1.84e-01	2.04e-04	7.29e-07	0.00e+00	0.00e+00	0.00e+00	0.00e+00	0.00e+00	8.16e-01	1.66e-07	9.71e-08
 5.84223e+22	8.23e-01	1.76e-01	1.83e-04	6.83e-07	0.00e+00	0.00e+00	0.00e+00	0.00e+00	0.00e+00	8.23e-01	1.65e-07	9.65e-08
 5.85040e+22	8.31e-01	1.69e-01	1.64e-04	6.40e-07	0.00e+00	0.00e+00	0.00e+00	0.00e+00	0.00e+00	8.31e-01	1.64e-07	9.59e-08
 5.85882e+22	8.38e-01	1.62e-01	1.48e-04	6.00e-07	0.00e+00	0.00e+00	0.00e+00	0.00e+00	0.00e+00	8.38e-01	1.63e-07	9.52e-08
 5.86746e+22	8.44e-01	1.56e-01	1.33e-04	5.62e-07	0.00e+00	0.00e+00	0.00e+00	0.00e+00	0.00e+00	8.44e-01	1.62e-07	9.46e-08
 5.87628e+22	8.51e-01	1.49e-01	1.20e-04	5.28e-07	0.00e+00	0.00e+00	0.00e+00	0.00e+00	0.00e+00	8.51e-01	1.62e-07	9.41e-08
 5.88527e+22	8.57e-01	1.43e-01	1.08e-04	4.96e-07	0.00e+00	0.00e+00	0.00e+00	0.00e+00	0.00e+00	8.57e-01	1.61e-07	9.35e-08
 5.89444e+22	8.62e-01	1.38e-01	9.82e-05	4.67e-07	0.00e+00	0.00e+00	0.00e+00	0.00e+00	0.00e+00	8.62e-01	1.60e-07	9.31e-08
 5.90378e+22	8.67e-01	1.32e-01	8.95e-05	4.40e-07	0.00e+00	0.00e+00	0.00e+00	0.00e+00	0.00e+00	8.67e-01	1.60e-07	9.27e-08
 5.91330e+22	8.73e-01	1.27e-01	8.18e-05	4.14e-07	0.00e+00	0.00e+00	0.00e+00	0.00e+00	0.00e+00	8.73e-01	1.59e-07	9.20e-08
 5.92323e+22	8.78e-01	1.22e-01	7.49e-05	3.89e-07	0.00e+00	0.00e+00	0.00e+00	0.00e+00	0.00e+00	8.78e-01	1.58e-07	9.11e-08
 5.93358e+22	8.83e-01	1.17e-01	6.88e-05	3.66e-07	0.00e+00	0.00e+00	0.00e+00	0.00e+00	0.00e+00	8.83e-01	1.57e-07	9.02e-08
 5.94396e+22	8.87e-01	1.13e-01	6.37e-05	3.46e-07	0.00e+00	0.00e+00	0.00e+00	0.00e+00	0.00e+00	8.87e-01	1.57e-07	8.95e-08
 5.95434e+22	8.91e-01	1.09e-01	5.92e-05	3.27e-07	0.00e+00	0.00e+00	0.00e+00	0.00e+00	0.00e+00	8.91e-01	1.56e-07	8.87e-08
 5.96524e+22	8.95e-01	1.05e-01	5.51e-05	3.09e-07	0.00e+00	0.00e+00	0.00e+00	0.00e+00	0.00e+00	8.95e-01	1.56e-07	8.80e-08
 5.97677e+22	8.99e-01	1.01e-01	5.14e-05	2.91e-07	0.00e+00	0.00e+00	0.00e+00	0.00e+00	0.00e+00	8.99e-01	1.55e-07	8.72e-08
 5.98858e+22	9.03e-01	9.72e-02	4.82e-05	2.74e-07	0.00e+00	0.00e+00	0.00e+00	0.00e+00	0.00e+00	9.03e-01	1.55e-07	8.65e-08
 6.00059e+22	9.06e-01	9.37e-02	4.54e-05	2.59e-07	0.00e+00	0.00e+00	0.00e+00	0.00e+00	0.00e+00	9.06e-01	1.55e-07	8.59e-08
 6.01303e+22	9.10e-01	9.02e-02	4.28e-05	2.44e-07	0.00e+00	0.00e+00	0.00e+00	0.00e+00	0.00e+00	9.10e-01	1.55e-07	8.53e-08
 6.02587e+22	9.13e-01	8.67e-02	4.05e-05	2.30e-07	0.00e+00	0.00e+00	0.00e+00	0.00e+00	0.00e+00	9.13e-01	1.55e-07	8.46e-08
 6.03839e+22	9.16e-01	8.37e-02	3.86e-05	2.18e-07	0.00e+00	0.00e+00	0.00e+00	0.00e+00	0.00e+00	9.16e-01	1.54e-07	8.41e-08
 6.05024e+22	9.19e-01	8.11e-02	3.70e-05	2.07e-07	0.00e+00	0.00e+00	0.00e+00	0.00e+00	0.00e+00	9.19e-01	1.55e-07	8.36e-08
 6.06165e+22	9.21e-01	7.86e-02	3.57e-05	1.98e-07	0.00e+00	0.00e+00	0.00e+00	0.00e+00	0.00e+00	9.21e-01	1.55e-07	8.32e-08
 6.07264e+22	9.24e-01	7.63e-02	3.45e-05	1.89e-07	0.00e+00	0.00e+00	0.00e+00	0.00e+00	0.00e+00	9.24e-01	1.55e-07	8.28e-08
 6.08327e+22	9.26e-01	7.41e-02	3.34e-05	1.81e-07	0.00e+00	0.00e+00	0.00e+00	0.00e+00	0.00e+00	9.26e-01	1.55e-07	8.25e-08
 6.09352e+22	9.28e-01	7.21e-02	3.25e-05	1.73e-07	0.00e+00	0.00e+00	0.00e+00	0.00e+00	0.00e+00	9.28e-01	1.55e-07	8.21e-08
 6.10333e+22	9.30e-01	7.02e-02	3.17e-05	1.66e-07	0.00e+00	0.00e+00	0.00e+00	0.00e+00	0.00e+00	9.30e-01	1.55e-07	8.18e-08
 6.11264e+22	9.32e-01	6.84e-02	3.09e-05	1.60e-07	0.00e+00	0.00e+00	0.00e+00	0.00e+00	0.00e+00	9.32e-01	1.55e-07	8.14e-08
 6.12152e+22	9.33e-01	6.67e-02	3.03e-05	1.54e-07	0.00e+00	0.00e+00	0.00e+00	0.00e+00	0.00e+00	9.33e-01	1.55e-07	8.10e-08
 6.12985e+22	9.35e-01	6.52e-02	2.98e-05	1.49e-07	0.00e+00	0.00e+00	0.00e+00	0.00e+00	0.00e+00	9.35e-01	1.55e-07	8.08e-08
 6.13791e+22	9.36e-01	6.37e-02	2.92e-05	1.44e-07	0.00e+00	0.00e+00	0.00e+00	0.00e+00	0.00e+00	9.36e-01	1.55e-07	8.05e-08
 6.14596e+22	9.38e-01	6.22e-02	2.88e-05	1.39e-07	0.00e+00	0.00e+00	0.00e+00	0.00e+00	0.00e+00	9.38e-01	1.55e-07	8.02e-08
 6.15372e+22	9.39e-01	6.08e-02	2.83e-05	1.35e-07	0.00e+00	0.00e+00	0.00e+00	0.00e+00	0.00e+00	9.39e-01	1.55e-07	7.99e-08
 6.16120e+22	9.41e-01	5.94e-02	2.79e-05	1.30e-07	0.00e+00	0.00e+00	0.00e+00	0.00e+00	0.00e+00	9.41e-01	1.55e-07	7.97e-08
 6.16838e+22	9.42e-01	5.81e-02	2.75e-05	1.26e-07	0.00e+00	0.00e+00	0.00e+00	0.00e+00	0.00e+00	9.42e-01	1.55e-07	7.94e-08
 6.17532e+22	9.43e-01	5.69e-02	2.72e-05	0.00e+00	0.00e+00	0.00e+00	0.00e+00	0.00e+00	0.00e+00	9.43e-01	1.55e-07	7.92e-08
 6.18203e+22	9.44e-01	5.57e-02	2.69e-05	0.00e+00	0.00e+00	0.00e+00	0.00e+00	0.00e+00	0.00e+00	9.44e-01	1.55e-07	7.90e-08
 6.18850e+22	9.45e-01	5.45e-02	2.66e-05	0.00e+00	0.00e+00	0.00e+00	0.00e+00	0.00e+00	0.00e+00	9.45e-01	1.55e-07	7.87e-08
 6.19474e+22	9.47e-01	5.34e-02	2.63e-05	0.00e+00	0.00e+00	0.00e+00	0.00e+00	0.00e+00	0.00e+00	9.47e-01	1.55e-07	7.85e-08
 6.20076e+22	9.48e-01	5.24e-02	2.60e-05	0.00e+00	0.00e+00	0.00e+00	0.00e+00	0.00e+00	0.00e+00	9.48e-01	1.55e-07	7.83e-08
 6.20657e+22	9.49e-01	5.13e-02	2.58e-05	0.00e+00	0.00e+00	0.00e+00	0.00e+00	0.00e+00	0.00e+00	9.49e-01	1.55e-07	7.80e-08
 6.21218e+22	9.50e-01	5.03e-02	2.56e-05	0.00e+00	0.00e+00	0.00e+00	0.00e+00	0.00e+00	0.00e+00	9.50e-01	1.55e-07	7.78e-08
 6.21760e+22	9.51e-01	4.93e-02	2.54e-05	0.00e+00	0.00e+00	0.00e+00	0.00e+00	0.00e+00	0.00e+00	9.51e-01	1.55e-07	7.76e-08
 6.22268e+22	9.52e-01	4.84e-02	2.52e-05	0.00e+00	0.00e+00	0.00e+00	0.00e+00	0.00e+00	0.00e+00	9.52e-01	1.55e-07	7.73e-08
 6.22731e+22	9.52e-01	4.76e-02	2.50e-05	0.00e+00	0.00e+00	0.00e+00	0.00e+00	0.00e+00	0.00e+00	9.52e-01	1.55e-07	7.71e-08
 6.23151e+22	9.53e-01	4.69e-02	2.48e-05	0.00e+00	0.00e+00	0.00e+00	0.00e+00	0.00e+00	0.00e+00	9.53e-01	1.55e-07	7.68e-08
 6.23534e+22	9.54e-01	4.63e-02	2.47e-05	0.00e+00	0.00e+00	0.00e+00	0.00e+00	0.00e+00	0.00e+00	9.54e-01	1.55e-07	7.66e-08
 6.23883e+22	9.54e-01	4.57e-02	2.46e-05	0.00e+00	0.00e+00	0.00e+00	0.00e+00	0.00e+00	0.00e+00	9.54e-01	1.54e-07	7.64e-08
 6.24200e+22	9.55e-01	4.51e-02	2.45e-05	0.00e+00	0.00e+00	0.00e+00	0.00e+00	0.00e+00	0.00e+00	9.55e-01	1.54e-07	7.63e-08
 6.24488e+22	9.55e-01	4.47e-02	2.44e-05	0.00e+00	0.00e+00	0.00e+00	0.00e+00	0.00e+00	0.00e+00	9.55e-01	1.54e-07	7.61e-08
 6.24804e+22	9.56e-01	4.40e-02	2.42e-05	0.00e+00	0.00e+00	0.00e+00	0.00e+00	0.00e+00	0.00e+00	9.56e-01	1.53e-07	7.59e-08
 6.25146e+22	9.57e-01	4.33e-02	2.41e-05	0.00e+00	0.00e+00	0.00e+00	0.00e+00	0.00e+00	0.00e+00	9.57e-01	1.53e-07	7.56e-08
 6.25456e+22	9.57e-01	4.28e-02	2.40e-05	0.00e+00	0.00e+00	0.00e+00	0.00e+00	0.00e+00	0.00e+00	9.57e-01	1.52e-07	7.55e-08
 6.25739e+22	9.58e-01	4.23e-02	2.39e-05	0.00e+00	0.00e+00	0.00e+00	0.00e+00	0.00e+00	0.00e+00	9.58e-01	1.52e-07	7.52e-08
 6.25996e+22	9.58e-01	4.20e-02	2.38e-05	0.00e+00	0.00e+00	0.00e+00	0.00e+00	0.00e+00	0.00e+00	9.58e-01	1.51e-07	7.51e-08
 6.26278e+22	9.59e-01	4.14e-02	2.36e-05	0.00e+00	0.00e+00	0.00e+00	0.00e+00	0.00e+00	0.00e+00	9.59e-01	1.51e-07	7.49e-08
 6.26644e+22	9.59e-01	4.06e-02	2.34e-05	0.00e+00	0.00e+00	0.00e+00	0.00e+00	0.00e+00	0.00e+00	9.59e-01	1.50e-07	7.47e-08
 6.27040e+22	9.60e-01	3.98e-02	2.32e-05	0.00e+00	0.00e+00	0.00e+00	0.00e+00	0.00e+00	0.00e+00	9.60e-01	1.50e-07	7.45e-08
 6.27400e+22	9.61e-01	3.92e-02	2.30e-05	0.00e+00	0.00e+00	0.00e+00	0.00e+00	0.00e+00	0.00e+00	9.61e-01	1.49e-07	7.43e-08
 6.27728e+22	9.61e-01	3.87e-02	2.29e-05	0.00e+00	0.00e+00	0.00e+00	0.00e+00	0.00e+00	0.00e+00	9.61e-01	1.49e-07	7.42e-08
 6.28086e+22	9.62e-01	3.81e-02	2.27e-05	0.00e+00	0.00e+00	0.00e+00	0.00e+00	0.00e+00	0.00e+00	9.62e-01	1.49e-07	7.41e-08
 6.28474e+22	9.62e-01	3.75e-02	2.25e-05	0.00e+00	0.00e+00	0.00e+00	0.00e+00	0.00e+00	0.00e+00	9.62e-01	1.48e-07	7.39e-08
 6.28827e+22	9.63e-01	3.70e-02	2.23e-05	0.00e+00	0.00e+00	0.00e+00	0.00e+00	0.00e+00	0.00e+00	9.63e-01	1.48e-07	7.38e-08
 6.29148e+22	9.63e-01	3.65e-02	2.21e-05	0.00e+00	0.00e+00	0.00e+00	0.00e+00	0.00e+00	0.00e+00	9.63e-01	1.48e-07	7.36e-08
 6.29440e+22	9.64e-01	3.62e-02	2.20e-05	0.00e+00	0.00e+00	0.00e+00	0.00e+00	0.00e+00	0.00e+00	9.64e-01	1.47e-07	7.35e-08
 6.29760e+22	9.64e-01	3.57e-02	2.18e-05	0.00e+00	0.00e+00	0.00e+00	0.00e+00	0.00e+00	0.00e+00	9.64e-01	1.47e-07	7.35e-08
 6.30176e+22	9.65e-01	3.50e-02	2.15e-05	0.00e+00	0.00e+00	0.00e+00	0.00e+00	0.00e+00	0.00e+00	9.65e-01	1.47e-07	7.33e-08
 6.30625e+22	9.66e-01	3.43e-02	2.13e-05	0.00e+00	0.00e+00	0.00e+00	0.00e+00	0.00e+00	0.00e+00	9.66e-01	1.47e-07	7.32e-08
 6.31033e+22	9.66e-01	3.36e-02	2.11e-05	0.00e+00	0.00e+00	0.00e+00	0.00e+00	0.00e+00	0.00e+00	9.66e-01	1.47e-07	7.30e-08
 6.31405e+22	9.67e-01	3.32e-02	2.09e-05	0.00e+00	0.00e+00	0.00e+00	0.00e+00	0.00e+00	0.00e+00	9.67e-01	1.46e-07	7.29e-08
 6.31744e+22	9.67e-01	3.28e-02	2.07e-05	0.00e+00	0.00e+00	0.00e+00	0.00e+00	0.00e+00	0.00e+00	9.67e-01	1.46e-07	7.27e-08
 6.32052e+22	9.68e-01	3.24e-02	2.05e-05	0.00e+00	0.00e+00	0.00e+00	0.00e+00	0.00e+00	0.00e+00	9.68e-01	1.46e-07	7.26e-08
 6.32332e+22	9.68e-01	3.20e-02	2.03e-05	0.00e+00	0.00e+00	0.00e+00	0.00e+00	0.00e+00	0.00e+00	9.68e-01	1.46e-07	7.25e-08
 6.32639e+22	9.68e-01	3.15e-02	2.01e-05	0.00e+00	0.00e+00	0.00e+00	0.00e+00	0.00e+00	0.00e+00	9.68e-01	1.45e-07	7.23e-08
 6.32970e+22	9.69e-01	3.10e-02	1.99e-05	0.00e+00	0.00e+00	0.00e+00	0.00e+00	0.00e+00	0.00e+00	9.69e-01	1.45e-07	7.21e-08
 6.33272e+22	9.69e-01	3.06e-02	1.97e-05	0.00e+00	0.00e+00	0.00e+00	0.00e+00	0.00e+00	0.00e+00	9.69e-01	1.45e-07	7.18e-08
 6.33547e+22	9.70e-01	3.04e-02	1.95e-05	0.00e+00	0.00e+00	0.00e+00	0.00e+00	0.00e+00	0.00e+00	9.70e-01	1.45e-07	7.17e-08
 6.33848e+22	9.70e-01	2.99e-02	1.93e-05	0.00e+00	0.00e+00	0.00e+00	0.00e+00	0.00e+00	0.00e+00	9.70e-01	1.45e-07	7.16e-08
 6.34172e+22	9.71e-01	2.94e-02	1.91e-05	0.00e+00	0.00e+00	0.00e+00	0.00e+00	0.00e+00	0.00e+00	9.71e-01	1.44e-07	7.14e-08
 6.34468e+22	9.71e-01	2.90e-02	1.89e-05	0.00e+00	0.00e+00	0.00e+00	0.00e+00	0.00e+00	0.00e+00	9.71e-01	1.44e-07	7.12e-08
 6.34792e+22	9.71e-01	2.86e-02	1.87e-05	0.00e+00	0.00e+00	0.00e+00	0.00e+00	0.00e+00	0.00e+00	9.71e-01	1.44e-07	7.10e-08
 6.35141e+22	9.72e-01	2.81e-02	1.85e-05	0.00e+00	0.00e+00	0.00e+00	0.00e+00	0.00e+00	0.00e+00	9.72e-01	1.44e-07	7.08e-08
 6.35460e+22	9.72e-01	2.77e-02	1.84e-05	0.00e+00	0.00e+00	0.00e+00	0.00e+00	0.00e+00	0.00e+00	9.72e-01	1.43e-07	7.07e-08
 6.35808e+22	9.73e-01	2.72e-02	1.81e-05	0.00e+00	0.00e+00	0.00e+00	0.00e+00	0.00e+00	0.00e+00	9.73e-01	1.43e-07	7.04e-08
 6.36185e+22	9.73e-01	2.67e-02	1.79e-05	0.00e+00	0.00e+00	0.00e+00	0.00e+00	0.00e+00	0.00e+00	9.73e-01	1.43e-07	7.02e-08
 6.36527e+22	9.74e-01	2.63e-02	1.78e-05	0.00e+00	0.00e+00	0.00e+00	0.00e+00	0.00e+00	0.00e+00	9.74e-01	1.43e-07	7.00e-08
 6.36839e+22	9.74e-01	2.60e-02	1.76e-05	0.00e+00	0.00e+00	0.00e+00	0.00e+00	0.00e+00	0.00e+00	9.74e-01	1.42e-07	6.97e-08
 6.37123e+22	9.74e-01	2.57e-02	1.74e-05	0.00e+00	0.00e+00	0.00e+00	0.00e+00	0.00e+00	0.00e+00	9.74e-01	1.42e-07	6.95e-08
 6.37433e+22	9.75e-01	2.53e-02	1.73e-05	0.00e+00	0.00e+00	0.00e+00	0.00e+00	0.00e+00	0.00e+00	9.75e-01	1.42e-07	6.94e-08
 6.37769e+22	9.75e-01	2.49e-02	1.71e-05	0.00e+00	0.00e+00	0.00e+00	0.00e+00	0.00e+00	0.00e+00	9.75e-01	1.42e-07	6.91e-08
 6.38074e+22	9.75e-01	2.46e-02	1.70e-05	0.00e+00	0.00e+00	0.00e+00	0.00e+00	0.00e+00	0.00e+00	9.75e-01	1.41e-07	6.88e-08
 6.38409e+22	9.76e-01	2.43e-02	1.68e-05	0.00e+00	0.00e+00	0.00e+00	0.00e+00	0.00e+00	0.00e+00	9.76e-01	1.40e-07	6.82e-08
 6.38770e+22	9.76e-01	2.39e-02	1.66e-05	0.00e+00	0.00e+00	0.00e+00	0.00e+00	0.00e+00	0.00e+00	9.76e-01	1.39e-07	6.77e-08
 6.39166e+22	9.77e-01	2.35e-02	1.64e-05	0.00e+00	0.00e+00	0.00e+00	0.00e+00	0.00e+00	0.00e+00	9.77e-01	1.38e-07	6.71e-08
 6.39593e+22	9.77e-01	2.30e-02	1.62e-05	0.00e+00	0.00e+00	0.00e+00	0.00e+00	0.00e+00	0.00e+00	9.77e-01	1.36e-07	6.65e-08
 6.39982e+22	9.77e-01	2.26e-02	1.61e-05	0.00e+00	0.00e+00	0.00e+00	0.00e+00	0.00e+00	0.00e+00	9.77e-01	1.35e-07	6.57e-08
 6.40336e+22	9.78e-01	2.24e-02	1.59e-05	0.00e+00	0.00e+00	0.00e+00	0.00e+00	0.00e+00	0.00e+00	9.78e-01	1.34e-07	6.52e-08
 6.40724e+22	9.78e-01	2.20e-02	1.57e-05	0.00e+00	0.00e+00	0.00e+00	0.00e+00	0.00e+00	0.00e+00	9.78e-01	1.33e-07	6.46e-08
 6.41142e+22	9.78e-01	2.16e-02	1.56e-05	0.00e+00	0.00e+00	0.00e+00	0.00e+00	0.00e+00	0.00e+00	9.78e-01	1.33e-07	6.40e-08
 6.41523e+22	9.79e-01	2.13e-02	1.54e-05	0.00e+00	0.00e+00	0.00e+00	0.00e+00	0.00e+00	0.00e+00	9.79e-01	1.31e-07	6.33e-08
 6.41870e+22	9.79e-01	2.10e-02	1.53e-05	0.00e+00	0.00e+00	0.00e+00	0.00e+00	0.00e+00	0.00e+00	9.79e-01	1.30e-07	6.25e-08
 6.42186e+22	9.79e-01	2.08e-02	1.52e-05	0.00e+00	0.00e+00	0.00e+00	0.00e+00	0.00e+00	0.00e+00	9.79e-01	1.30e-07	6.23e-08
 6.42531e+22	9.80e-01	2.05e-02	1.50e-05	0.00e+00	0.00e+00	0.00e+00	0.00e+00	0.00e+00	0.00e+00	9.80e-01	1.29e-07	6.17e-08
 6.42904e+22	9.80e-01	2.01e-02	1.49e-05	0.00e+00	0.00e+00	0.00e+00	0.00e+00	0.00e+00	0.00e+00	9.80e-01	1.28e-07	6.10e-08
 6.43313e+22	9.80e-01	1.98e-02	1.47e-05	0.00e+00	0.00e+00	0.00e+00	0.00e+00	0.00e+00	0.00e+00	9.80e-01	1.27e-07	6.03e-08
 6.43755e+22	9.81e-01	1.94e-02	1.45e-05	0.00e+00	0.00e+00	0.00e+00	0.00e+00	0.00e+00	0.00e+00	9.81e-01	1.26e-07	5.96e-08
 6.44157e+22	9.81e-01	1.91e-02	1.44e-05	0.00e+00	0.00e+00	0.00e+00	0.00e+00	0.00e+00	0.00e+00	9.81e-01	1.25e-07	5.92e-08
 6.44597e+22	9.81e-01	1.87e-02	1.42e-05	0.00e+00	0.00e+00	0.00e+00	0.00e+00	0.00e+00	0.00e+00	9.81e-01	1.24e-07	5.83e-08
 6.45072e+22	9.82e-01	1.83e-02	1.41e-05	0.00e+00	0.00e+00	0.00e+00	0.00e+00	0.00e+00	0.00e+00	9.82e-01	1.23e-07	5.75e-08
 6.45505e+22	9.82e-01	1.80e-02	1.39e-05	0.00e+00	0.00e+00	0.00e+00	0.00e+00	0.00e+00	0.00e+00	9.82e-01	1.21e-07	5.66e-08
 6.45898e+22	9.82e-01	1.78e-02	1.38e-05	0.00e+00	0.00e+00	0.00e+00	0.00e+00	0.00e+00	0.00e+00	9.82e-01	1.21e-07	5.63e-08
 6.46330e+22	9.82e-01	1.75e-02	1.36e-05	0.00e+00	0.00e+00	0.00e+00	0.00e+00	0.00e+00	0.00e+00	9.82e-01	1.20e-07	5.55e-08
 6.46795e+22	9.83e-01	1.71e-02	1.35e-05	0.00e+00	0.00e+00	0.00e+00	0.00e+00	0.00e+00	0.00e+00	9.83e-01	1.18e-07	5.46e-08
 6.47219e+22	9.83e-01	1.69e-02	1.34e-05	0.00e+00	0.00e+00	0.00e+00	0.00e+00	0.00e+00	0.00e+00	9.83e-01	1.18e-07	5.42e-08
 6.47683e+22	9.83e-01	1.66e-02	1.32e-05	0.00e+00	0.00e+00	0.00e+00	0.00e+00	0.00e+00	0.00e+00	9.83e-01	1.16e-07	5.33e-08
 6.48185e+22	9.84e-01	1.62e-02	1.30e-05	0.00e+00	0.00e+00	0.00e+00	0.00e+00	0.00e+00	0.00e+00	9.84e-01	1.14e-07	5.22e-08
 6.48641e+22	9.84e-01	1.60e-02	1.29e-05	0.00e+00	0.00e+00	0.00e+00	0.00e+00	0.00e+00	0.00e+00	9.84e-01	1.14e-07	5.18e-08
 6.49141e+22	9.84e-01	1.56e-02	1.28e-05	0.00e+00	0.00e+00	0.00e+00	0.00e+00	0.00e+00	0.00e+00	9.84e-01	1.12e-07	5.09e-08
 6.49680e+22	9.85e-01	1.53e-02	1.26e-05	0.00e+00	0.00e+00	0.00e+00	0.00e+00	0.00e+00	0.00e+00	9.85e-01	1.11e-07	5.01e-08
 6.50171e+22	9.85e-01	1.50e-02	1.25e-05	0.00e+00	0.00e+00	0.00e+00	0.00e+00	0.00e+00	0.00e+00	9.85e-01	1.10e-07	4.93e-08
 6.50618e+22	9.85e-01	1.48e-02	1.24e-05	0.00e+00	0.00e+00	0.00e+00	0.00e+00	0.00e+00	0.00e+00	9.85e-01	1.09e-07	4.87e-08
 6.51108e+22	9.86e-01	1.45e-02	1.22e-05	0.00e+00	0.00e+00	0.00e+00	0.00e+00	0.00e+00	0.00e+00	9.86e-01	1.08e-07	4.78e-08
 6.51636e+22	9.86e-01	1.42e-02	1.21e-05	0.00e+00	0.00e+00	0.00e+00	0.00e+00	0.00e+00	0.00e+00	9.86e-01	1.06e-07	4.71e-08
