#depth	Cl	Cl+	Cl+2	Cl+3	Cl+4	Cl+5	Cl+6	Cl+7	Cl+8	Cl+9	Cl+10	Cl+11	Cl+12	Cl+13	Cl+14	Cl+15	Cl+16	Cl+17
 1.54284e+22	0.00e+00	1.15e-26	7.41e-23	1.46e-19	7.17e-17	2.16e-14	5.53e-12	3.96e-09	3.28e-07	1.12e-05	1.69e-04	1.55e-03	7.58e-03	2.15e-02	6.88e-02	4.30e-01	3.68e-01	1.02e-01
 3.54532e+22	0.00e+00	1.37e-24	6.14e-21	8.30e-18	2.66e-15	5.15e-13	8.35e-11	5.49e-08	3.79e-06	1.02e-04	1.14e-03	7.65e-03	2.63e-02	5.00e-02	1.08e-01	4.74e-01	2.79e-01	5.34e-02
 4.23478e+22	2.03e-30	1.74e-23	6.30e-20	6.77e-17	1.68e-14	2.48e-12	3.09e-10	2.07e-07	1.33e-05	3.17e-04	3.02e-03	1.71e-02	4.83e-02	7.41e-02	1.29e-01	4.69e-01	2.24e-01	3.50e-02
 4.57952e+22	8.50e-30	6.82e-23	2.18e-19	2.04e-16	4.35e-14	5.51e-12	5.91e-10	4.07e-07	2.55e-05	5.73e-04	5.00e-03	2.58e-02	6.55e-02	8.94e-02	1.38e-01	4.55e-01	1.94e-01	2.71e-02
 4.72315e+22	1.24e-29	9.79e-23	3.02e-19	2.73e-16	5.58e-14	6.77e-12	6.98e-10	4.86e-07	3.02e-05	6.69e-04	5.70e-03	2.86e-02	7.08e-02	9.36e-02	1.40e-01	4.49e-01	1.86e-01	2.53e-02
 4.77548e+22	1.68e-29	1.31e-22	3.93e-19	3.45e-16	6.81e-14	7.98e-12	7.96e-10	5.59e-07	3.45e-05	7.57e-04	6.33e-03	3.11e-02	7.53e-02	9.71e-02	1.41e-01	4.44e-01	1.80e-01	2.38e-02
 4.82227e+22	2.27e-29	1.74e-22	5.09e-19	4.33e-16	8.27e-14	9.36e-12	9.04e-10	6.41e-07	3.94e-05	8.54e-04	7.01e-03	3.38e-02	7.99e-02	1.00e-01	1.43e-01	4.39e-01	1.74e-01	2.25e-02
 4.87558e+22	3.36e-29	2.53e-22	7.14e-19	5.83e-16	1.06e-13	1.15e-11	1.06e-09	7.66e-07	4.68e-05	9.99e-04	8.00e-03	3.75e-02	8.63e-02	1.05e-01	1.44e-01	4.32e-01	1.65e-01	2.08e-02
 4.92873e+22	4.57e-29	3.40e-22	9.32e-19	7.36e-16	1.30e-13	1.35e-11	1.21e-09	8.80e-07	5.36e-05	1.13e-03	8.87e-03	4.07e-02	9.15e-02	1.09e-01	1.45e-01	4.26e-01	1.59e-01	1.95e-02
 4.98167e+22	6.91e-29	5.06e-22	1.33e-18	1.00e-15	1.69e-13	1.67e-11	1.42e-09	1.06e-06	6.40e-05	1.33e-03	1.02e-02	4.54e-02	9.88e-02	1.13e-01	1.46e-01	4.16e-01	1.50e-01	1.78e-02
 5.03396e+22	9.24e-29	6.67e-22	1.71e-18	1.25e-15	2.03e-13	1.94e-11	1.60e-09	1.20e-06	7.25e-05	1.49e-03	1.12e-02	4.89e-02	1.04e-01	1.17e-01	1.47e-01	4.10e-01	1.44e-01	1.67e-02
 5.08540e+22	1.38e-28	9.79e-22	2.41e-18	1.69e-15	2.61e-13	2.37e-11	1.87e-09	1.43e-06	8.59e-05	1.74e-03	1.27e-02	5.41e-02	1.12e-01	1.21e-01	1.47e-01	4.00e-01	1.36e-01	1.53e-02
 5.13781e+22	1.90e-28	1.33e-21	3.17e-18	2.14e-15	3.19e-13	2.78e-11	2.11e-09	1.64e-06	9.83e-05	1.96e-03	1.41e-02	5.85e-02	1.18e-01	1.25e-01	1.47e-01	3.91e-01	1.30e-01	1.42e-02
 5.18368e+22	2.58e-28	1.79e-21	4.13e-18	2.69e-15	3.86e-13	3.24e-11	2.37e-09	1.87e-06	1.12e-04	2.21e-03	1.55e-02	6.31e-02	1.24e-01	1.28e-01	1.47e-01	3.82e-01	1.24e-01	1.32e-02
 5.23547e+22	3.86e-28	2.63e-21	5.84e-18	3.63e-15	4.96e-13	3.95e-11	2.76e-09	2.22e-06	1.32e-04	2.57e-03	1.76e-02	6.95e-02	1.33e-01	1.32e-01	1.47e-01	3.71e-01	1.16e-01	1.20e-02
 5.28752e+22	5.30e-28	3.56e-21	7.65e-18	4.59e-15	6.02e-13	4.60e-11	3.10e-09	2.53e-06	1.50e-04	2.88e-03	1.94e-02	7.47e-02	1.40e-01	1.35e-01	1.46e-01	3.61e-01	1.10e-01	1.11e-02
 5.33987e+22	7.98e-28	5.27e-21	1.09e-17	6.21e-15	7.74e-13	5.60e-11	3.60e-09	2.99e-06	1.77e-04	3.35e-03	2.19e-02	8.20e-02	1.48e-01	1.39e-01	1.45e-01	3.48e-01	1.02e-01	9.95e-03
 5.39312e+22	1.11e-27	7.22e-21	1.44e-17	7.91e-15	9.45e-13	6.56e-11	4.05e-09	3.42e-06	2.02e-04	3.77e-03	2.41e-02	8.81e-02	1.56e-01	1.42e-01	1.44e-01	3.37e-01	9.65e-02	9.12e-03
 5.44752e+22	1.70e-27	1.09e-20	2.08e-17	1.08e-14	1.22e-12	8.02e-11	4.71e-09	4.06e-06	2.38e-04	4.38e-03	2.73e-02	9.66e-02	1.65e-01	1.45e-01	1.42e-01	3.22e-01	8.90e-02	8.11e-03
 5.50208e+22	2.36e-27	1.49e-20	2.75e-17	1.38e-14	1.49e-12	9.36e-11	5.29e-09	4.62e-06	2.70e-04	4.91e-03	2.99e-02	1.03e-01	1.72e-01	1.47e-01	1.40e-01	3.11e-01	8.34e-02	7.39e-03
 5.55685e+22	4.04e-31	2.25e-20	3.96e-17	1.88e-14	1.93e-12	1.14e-10	6.13e-09	5.44e-06	3.17e-04	5.68e-03	3.37e-02	1.13e-01	1.82e-01	1.50e-01	1.37e-01	2.96e-01	7.64e-02	6.53e-03
 5.61026e+22	5.51e-31	3.01e-20	5.14e-17	2.35e-14	2.32e-12	1.32e-10	6.82e-09	6.11e-06	3.55e-04	6.29e-03	3.65e-02	1.19e-01	1.88e-01	1.52e-01	1.35e-01	2.85e-01	7.17e-02	5.96e-03
 5.66191e+22	8.32e-31	4.45e-20	7.26e-17	3.15e-14	2.95e-12	1.59e-10	7.82e-09	7.11e-06	4.11e-04	7.18e-03	4.07e-02	1.29e-01	1.97e-01	1.53e-01	1.32e-01	2.70e-01	6.55e-02	5.27e-03
 5.71397e+22	1.12e-30	5.91e-20	9.34e-17	3.91e-14	3.53e-12	1.82e-10	8.68e-09	7.93e-06	4.57e-04	7.89e-03	4.39e-02	1.36e-01	2.03e-01	1.54e-01	1.30e-01	2.59e-01	6.13e-02	4.80e-03
 5.76656e+22	1.68e-30	8.63e-20	1.31e-16	5.21e-14	4.47e-12	2.19e-10	9.94e-09	9.15e-06	5.24e-04	8.94e-03	4.84e-02	1.45e-01	2.11e-01	1.55e-01	1.26e-01	2.45e-01	5.59e-02	4.23e-03
 5.82051e+22	2.31e-30	1.17e-19	1.71e-16	6.55e-14	5.40e-12	2.53e-10	1.11e-08	1.02e-05	5.84e-04	9.84e-03	5.22e-02	1.53e-01	2.17e-01	1.55e-01	1.23e-01	2.33e-01	5.18e-02	3.81e-03
 5.87623e+22	3.51e-30	1.73e-19	2.43e-16	8.81e-14	6.89e-12	3.06e-10	1.28e-08	1.18e-05	6.69e-04	1.11e-02	5.75e-02	1.63e-01	2.25e-01	1.55e-01	1.19e-01	2.19e-01	4.68e-02	3.32e-03
 5.93282e+22	4.82e-30	2.33e-19	3.16e-16	1.10e-13	8.30e-12	3.54e-10	1.42e-08	1.31e-05	7.41e-04	1.22e-02	6.18e-02	1.71e-01	2.30e-01	1.55e-01	1.15e-01	2.08e-01	4.32e-02	2.98e-03
 5.99055e+22	7.30e-30	3.44e-19	4.47e-16	1.48e-13	1.06e-11	4.28e-10	1.64e-08	1.51e-05	8.44e-04	1.37e-02	6.77e-02	1.81e-01	2.36e-01	1.54e-01	1.11e-01	1.94e-01	3.88e-02	2.58e-03
 6.04982e+22	1.01e-29	4.66e-19	5.86e-16	1.87e-13	1.28e-11	4.97e-10	1.84e-08	1.68e-05	9.34e-04	1.50e-02	7.25e-02	1.89e-01	2.41e-01	1.53e-01	1.07e-01	1.83e-01	3.56e-02	2.30e-03
 6.11110e+22	1.54e-29	6.90e-19	8.32e-16	2.52e-13	1.64e-11	6.03e-10	2.12e-08	1.92e-05	1.06e-03	1.68e-02	7.90e-02	2.00e-01	2.46e-01	1.51e-01	1.03e-01	1.70e-01	3.18e-02	1.98e-03
 6.17350e+22	2.14e-29	9.38e-19	1.09e-15	3.18e-13	2.00e-11	7.03e-10	2.39e-08	2.13e-05	1.17e-03	1.83e-02	8.43e-02	2.08e-01	2.50e-01	1.50e-01	9.87e-02	1.60e-01	2.90e-02	1.75e-03
 6.23737e+22	3.25e-29	1.39e-18	1.55e-15	4.28e-13	2.55e-11	8.54e-10	2.77e-08	2.43e-05	1.32e-03	2.03e-02	9.14e-02	2.18e-01	2.54e-01	1.47e-01	9.38e-02	1.47e-01	2.57e-02	1.49e-03
 6.30168e+22	4.48e-29	1.87e-18	2.02e-15	5.38e-13	3.09e-11	9.93e-10	3.10e-08	2.69e-05	1.44e-03	2.20e-02	9.70e-02	2.25e-01	2.57e-01	1.45e-01	9.01e-02	1.38e-01	2.34e-02	1.32e-03
 6.36658e+22	6.75e-29	2.73e-18	2.84e-15	7.19e-13	3.94e-11	1.20e-09	3.59e-08	3.04e-05	1.62e-03	2.43e-02	1.04e-01	2.35e-01	2.59e-01	1.41e-01	8.53e-02	1.27e-01	2.07e-02	1.12e-03
 6.43293e+22	9.29e-29	3.67e-18	3.70e-15	9.02e-13	4.76e-11	1.40e-09	4.04e-08	3.36e-05	1.77e-03	2.62e-02	1.11e-01	2.42e-01	2.61e-01	1.39e-01	8.16e-02	1.19e-01	1.88e-02	9.91e-04
 6.49059e+22	1.25e-28	4.84e-18	4.73e-15	1.11e-12	5.69e-11	1.61e-09	4.50e-08	3.67e-05	1.92e-03	2.81e-02	1.16e-01	2.49e-01	2.62e-01	1.36e-01	7.82e-02	1.11e-01	1.71e-02	8.78e-04
 6.55495e+22	1.84e-28	6.90e-18	6.50e-15	1.46e-12	7.14e-11	1.93e-09	5.18e-08	4.11e-05	2.12e-03	3.07e-02	1.24e-01	2.57e-01	2.63e-01	1.32e-01	7.38e-02	1.02e-01	1.51e-02	7.49e-04
 6.61960e+22	2.45e-28	8.97e-18	8.23e-15	1.79e-12	8.48e-11	2.22e-09	5.76e-08	4.48e-05	2.29e-03	3.27e-02	1.30e-01	2.62e-01	2.63e-01	1.29e-01	7.06e-02	9.55e-02	1.38e-02	6.65e-04
 6.68462e+22	3.57e-28	1.26e-17	1.12e-14	2.33e-12	1.06e-10	2.65e-09	6.61e-08	5.00e-05	2.52e-03	3.55e-02	1.38e-01	2.70e-01	2.63e-01	1.25e-01	6.65e-02	8.75e-02	1.22e-02	5.67e-04
 6.75099e+22	4.77e-28	1.65e-17	1.42e-14	2.87e-12	1.26e-10	3.05e-09	7.38e-08	5.45e-05	2.71e-03	3.78e-02	1.44e-01	2.75e-01	2.62e-01	1.22e-01	6.34e-02	8.16e-02	1.11e-02	5.00e-04
 6.80944e+22	6.33e-28	2.14e-17	1.79e-14	3.50e-12	1.49e-10	3.49e-09	8.20e-08	5.92e-05	2.91e-03	4.01e-02	1.50e-01	2.80e-01	2.61e-01	1.19e-01	6.05e-02	7.62e-02	1.00e-02	4.42e-04
 6.87574e+22	9.15e-28	2.99e-17	2.42e-14	4.53e-12	1.85e-10	4.16e-09	9.40e-08	6.58e-05	3.19e-03	4.33e-02	1.58e-01	2.86e-01	2.59e-01	1.15e-01	5.67e-02	6.95e-02	8.84e-03	3.76e-04
 6.94186e+22	1.19e-27	3.79e-17	2.99e-14	5.45e-12	2.17e-10	4.73e-09	1.04e-07	7.11e-05	3.41e-03	4.57e-02	1.64e-01	2.90e-01	2.58e-01	1.11e-01	5.41e-02	6.50e-02	8.06e-03	3.34e-04
 7.00775e+22	1.69e-27	5.22e-17	3.99e-14	6.98e-12	2.67e-10	5.61e-09	1.19e-07	7.86e-05	3.71e-03	4.90e-02	1.72e-01	2.95e-01	2.55e-01	1.07e-01	5.08e-02	5.94e-02	7.10e-03	2.84e-04
 7.07493e+22	2.21e-27	6.64e-17	4.96e-14	8.43e-12	3.14e-10	6.39e-09	1.32e-07	8.51e-05	3.97e-03	5.17e-02	1.78e-01	2.99e-01	2.53e-01	1.04e-01	4.83e-02	5.53e-02	6.45e-03	2.52e-04
 7.14379e+22	3.16e-27	9.16e-17	6.62e-14	1.08e-11	3.88e-10	7.59e-09	1.51e-07	9.42e-05	4.32e-03	5.54e-02	1.87e-01	3.03e-01	2.49e-01	9.95e-02	4.51e-02	5.03e-02	5.66e-03	2.13e-04
 7.21397e+22	4.15e-27	1.17e-16	8.25e-14	1.31e-11	4.57e-10	8.67e-09	1.67e-07	1.02e-04	4.61e-03	5.84e-02	1.93e-01	3.06e-01	2.47e-01	9.62e-02	4.27e-02	4.67e-02	5.11e-03	1.88e-04
 7.28585e+22	1.33e-27	1.61e-16	1.10e-13	1.68e-11	5.65e-10	1.03e-08	1.92e-07	1.13e-04	5.02e-03	6.24e-02	2.02e-01	3.10e-01	2.42e-01	9.18e-02	3.98e-02	4.23e-02	4.46e-03	1.58e-04
 7.35907e+22	1.75e-27	2.06e-16	1.38e-13	2.04e-11	6.67e-10	1.18e-08	2.14e-07	1.23e-04	5.36e-03	6.57e-02	2.08e-01	3.12e-01	2.39e-01	8.84e-02	3.76e-02	3.91e-02	4.02e-03	1.38e-04
 7.43404e+22	2.52e-27	2.85e-16	1.84e-13	2.63e-11	8.27e-10	1.41e-08	2.46e-07	1.36e-04	5.83e-03	7.02e-02	2.17e-01	3.15e-01	2.34e-01	8.41e-02	3.48e-02	3.52e-02	3.49e-03	1.16e-04
 7.50733e+22	3.23e-27	3.54e-16	2.24e-13	3.12e-11	9.60e-10	1.60e-08	2.72e-07	1.47e-04	6.18e-03	7.34e-02	2.23e-01	3.17e-01	2.31e-01	8.11e-02	3.30e-02	3.28e-02	3.17e-03	1.03e-04
 7.57842e+22	4.56e-27	4.81e-16	2.95e-13	3.96e-11	1.18e-09	1.88e-08	3.10e-07	1.61e-04	6.68e-03	7.79e-02	2.31e-01	3.18e-01	2.25e-01	7.71e-02	3.06e-02	2.97e-02	2.77e-03	8.66e-05
 7.65062e+22	5.85e-27	5.98e-16	3.60e-13	4.71e-11	1.37e-09	2.13e-08	3.42e-07	1.74e-04	7.09e-03	8.14e-02	2.37e-01	3.19e-01	2.22e-01	7.42e-02	2.90e-02	2.75e-02	2.51e-03	7.65e-05
 7.72428e+22	8.19e-27	8.03e-16	4.69e-13	5.94e-11	1.67e-09	2.51e-08	3.90e-07	1.92e-04	7.65e-03	8.62e-02	2.46e-01	3.20e-01	2.16e-01	7.04e-02	2.69e-02	2.49e-02	2.19e-03	6.46e-05
 7.80023e+22	1.08e-26	1.02e-15	5.83e-13	7.18e-11	1.96e-09	2.88e-08	4.34e-07	2.08e-04	8.14e-03	9.03e-02	2.52e-01	3.20e-01	2.12e-01	6.73e-02	2.52e-02	2.29e-02	1.96e-03	5.62e-05
 7.87916e+22	1.51e-26	1.37e-15	7.63e-13	9.08e-11	2.40e-09	3.40e-08	4.97e-07	2.29e-04	8.80e-03	9.56e-02	2.60e-01	3.20e-01	2.06e-01	6.36e-02	2.33e-02	2.06e-02	1.70e-03	4.72e-05
 7.96068e+22	2.02e-26	1.77e-15	9.58e-13	1.11e-10	2.85e-09	3.92e-08	5.57e-07	2.50e-04	9.39e-03	1.00e-01	2.67e-01	3.20e-01	2.01e-01	6.05e-02	2.18e-02	1.88e-02	1.51e-03	4.06e-05
 8.04557e+22	2.88e-26	2.40e-15	1.27e-12	1.42e-10	3.52e-09	4.68e-08	6.42e-07	2.77e-04	1.02e-02	1.06e-01	2.75e-01	3.19e-01	1.94e-01	5.69e-02	2.00e-02	1.68e-02	1.30e-03	3.37e-05
 8.13277e+22	3.89e-26	3.11e-15	1.60e-12	1.74e-10	4.21e-09	5.43e-08	7.23e-07	3.03e-04	1.09e-02	1.11e-01	2.82e-01	3.18e-01	1.89e-01	5.39e-02	1.85e-02	1.52e-02	1.14e-03	2.88e-05
 8.22297e+22	5.61e-26	4.27e-15	2.14e-12	2.24e-10	5.24e-09	6.51e-08	8.38e-07	3.38e-04	1.18e-02	1.18e-01	2.91e-01	3.16e-01	1.82e-01	5.03e-02	1.69e-02	1.35e-02	9.75e-04	2.37e-05
 8.31615e+22	7.67e-26	5.58e-15	2.73e-12	2.78e-10	6.31e-09	7.60e-08	9.49e-07	3.70e-04	1.27e-02	1.24e-01	2.98e-01	3.14e-01	1.76e-01	4.74e-02	1.56e-02	1.22e-02	8.50e-04	2.00e-05
 8.41319e+22	1.13e-25	7.77e-15	3.68e-12	3.62e-10	7.93e-09	9.20e-08	1.11e-06	4.15e-04	1.38e-02	1.31e-01	3.06e-01	3.11e-01	1.68e-01	4.40e-02	1.41e-02	1.07e-02	7.18e-04	1.62e-05
 8.51302e+22	1.56e-25	1.03e-14	4.75e-12	4.52e-10	9.62e-09	1.08e-07	1.26e-06	4.57e-04	1.48e-02	1.38e-01	3.13e-01	3.08e-01	1.62e-01	4.12e-02	1.29e-02	9.56e-03	6.21e-04	1.36e-05
 8.60269e+22	2.11e-25	1.33e-14	6.03e-12	5.59e-10	1.15e-08	1.26e-07	1.43e-06	5.02e-04	1.58e-02	1.44e-01	3.19e-01	3.04e-01	1.56e-01	3.87e-02	1.19e-02	8.60e-03	5.41e-04	1.15e-05
 8.70547e+22	3.19e-25	1.90e-14	8.30e-12	7.40e-10	1.47e-08	1.54e-07	1.68e-06	5.65e-04	1.73e-02	1.53e-01	3.27e-01	3.00e-01	1.49e-01	3.55e-02	1.06e-02	7.44e-03	4.48e-04	9.08e-06
 8.80915e+22	4.34e-25	2.46e-14	1.05e-11	9.14e-10	1.77e-08	1.80e-07	1.91e-06	6.20e-04	1.85e-02	1.59e-01	3.33e-01	2.96e-01	1.43e-01	3.32e-02	9.76e-03	6.67e-03	3.89e-04	7.64e-06
 8.91400e+22	6.50e-25	3.48e-14	1.45e-11	1.21e-09	2.25e-08	2.20e-07	2.24e-06	6.98e-04	2.01e-02	1.68e-01	3.41e-01	2.90e-01	1.35e-01	3.04e-02	8.70e-03	5.76e-03	3.21e-04	6.05e-06
 9.02106e+22	9.03e-25	4.61e-14	1.86e-11	1.51e-09	2.73e-08	2.59e-07	2.56e-06	7.69e-04	2.16e-02	1.76e-01	3.46e-01	2.85e-01	1.29e-01	2.82e-02	7.91e-03	5.10e-03	2.75e-04	5.00e-06
 9.13101e+22	1.37e-24	6.57e-14	2.58e-11	2.01e-09	3.49e-08	3.18e-07	3.02e-06	8.68e-04	2.36e-02	1.86e-01	3.53e-01	2.78e-01	1.22e-01	2.56e-02	7.00e-03	4.37e-03	2.25e-04	3.91e-06
 9.24276e+22	1.92e-24	8.76e-14	3.35e-11	2.53e-09	4.27e-08	3.76e-07	3.45e-06	9.58e-04	2.52e-02	1.94e-01	3.58e-01	2.72e-01	1.16e-01	2.36e-02	6.32e-03	3.84e-03	1.91e-04	3.20e-06
 9.35684e+22	2.97e-24	1.27e-13	4.69e-11	3.39e-09	5.51e-08	4.66e-07	4.11e-06	1.09e-03	2.76e-02	2.05e-01	3.64e-01	2.65e-01	1.08e-01	2.12e-02	5.54e-03	3.25e-03	1.54e-04	2.46e-06
 9.47146e+22	4.14e-24	1.69e-13	6.07e-11	4.26e-09	6.72e-08	5.50e-07	4.70e-06	1.20e-03	2.95e-02	2.13e-01	3.68e-01	2.58e-01	1.02e-01	1.95e-02	4.99e-03	2.85e-03	1.30e-04	2.00e-06
 9.56634e+22	5.59e-24	2.18e-13	7.66e-11	5.22e-09	8.01e-08	6.37e-07	5.30e-06	1.30e-03	3.13e-02	2.21e-01	3.71e-01	2.52e-01	9.73e-02	1.81e-02	4.54e-03	2.53e-03	1.12e-04	1.66e-06
 9.66924e+22	8.27e-24	3.04e-13	1.04e-10	6.81e-09	1.01e-07	7.73e-07	6.19e-06	1.46e-03	3.38e-02	2.31e-01	3.76e-01	2.44e-01	9.09e-02	1.64e-02	4.01e-03	2.16e-03	9.10e-05	1.30e-06
 9.77213e+22	1.11e-23	3.91e-13	1.30e-10	8.32e-09	1.20e-07	8.95e-07	6.97e-06	1.59e-03	3.59e-02	2.39e-01	3.78e-01	2.38e-01	8.63e-02	1.51e-02	3.64e-03	1.91e-03	7.80e-05	1.08e-06
 9.87503e+22	1.64e-23	5.44e-13	1.76e-10	1.08e-08	1.51e-07	1.09e-06	8.15e-06	1.77e-03	3.87e-02	2.50e-01	3.81e-01	2.30e-01	8.03e-02	1.36e-02	3.20e-03	1.62e-03	6.33e-05	8.34e-07
 9.97919e+22	2.22e-23	7.04e-13	2.22e-10	1.33e-08	1.81e-07	1.26e-06	9.21e-06	1.93e-03	4.10e-02	2.58e-01	3.83e-01	2.23e-01	7.59e-02	1.25e-02	2.89e-03	1.43e-03	5.37e-05	6.84e-07
 1.00850e+23	3.31e-23	9.88e-13	3.02e-10	1.74e-08	2.29e-07	1.54e-06	1.08e-05	2.17e-03	4.43e-02	2.69e-01	3.85e-01	2.14e-01	7.01e-02	1.11e-02	2.52e-03	1.20e-03	4.30e-05	5.23e-07
 1.01921e+23	4.50e-23	1.28e-12	3.83e-10	2.14e-08	2.75e-07	1.79e-06	1.23e-05	2.37e-03	4.70e-02	2.78e-01	3.86e-01	2.07e-01	6.59e-02	1.02e-02	2.26e-03	1.05e-03	3.62e-05	4.24e-07
 1.03009e+23	6.73e-23	1.81e-12	5.22e-10	2.81e-08	3.49e-07	2.20e-06	1.45e-05	2.66e-03	5.08e-02	2.90e-01	3.87e-01	1.97e-01	6.05e-02	8.99e-03	1.95e-03	8.71e-04	2.87e-05	3.20e-07
 1.04118e+23	9.29e-23	2.37e-12	6.69e-10	3.50e-08	4.23e-07	2.59e-06	1.66e-05	2.92e-03	5.40e-02	3.00e-01	3.87e-01	1.90e-01	5.64e-02	8.13e-03	1.73e-03	7.50e-04	2.37e-05	2.55e-07
 1.05255e+23	1.41e-22	3.38e-12	9.21e-10	4.64e-08	5.43e-07	3.20e-06	1.98e-05	3.30e-03	5.85e-02	3.12e-01	3.86e-01	1.79e-01	5.13e-02	7.11e-03	1.48e-03	6.15e-04	1.85e-05	1.88e-07
 1.06415e+23	1.96e-22	4.47e-12	1.19e-09	5.81e-08	6.64e-07	3.80e-06	2.28e-05	3.65e-03	6.24e-02	3.22e-01	3.85e-01	1.71e-01	4.74e-02	6.36e-03	1.30e-03	5.23e-04	1.50e-05	1.47e-07
 1.07604e+23	3.01e-22	6.40e-12	1.65e-09	7.77e-08	8.61e-07	4.74e-06	2.74e-05	4.15e-03	6.77e-02	3.35e-01	3.82e-01	1.61e-01	4.26e-02	5.49e-03	1.10e-03	4.21e-04	1.15e-05	0.00e+00
 1.08804e+23	4.19e-22	8.45e-12	2.12e-09	9.74e-08	1.05e-06	5.65e-06	3.18e-05	4.59e-03	7.22e-02	3.46e-01	3.80e-01	1.52e-01	3.91e-02	4.87e-03	9.58e-04	3.54e-04	9.22e-06	0.00e+00
 1.09818e+23	5.65e-22	1.09e-11	2.67e-09	1.20e-07	1.27e-06	6.63e-06	3.64e-05	5.03e-03	7.66e-02	3.55e-01	3.77e-01	1.45e-01	3.60e-02	4.35e-03	8.43e-04	3.02e-04	7.53e-06	0.00e+00
 1.10915e+23	8.21e-22	1.48e-11	3.55e-09	1.54e-07	1.60e-06	8.12e-06	4.32e-05	5.66e-03	8.24e-02	3.67e-01	3.72e-01	1.36e-01	3.24e-02	3.76e-03	7.15e-04	2.45e-04	5.81e-06	0.00e+00
 1.12019e+23	1.10e-21	1.89e-11	4.44e-09	1.89e-07	1.93e-06	9.55e-06	4.95e-05	6.23e-03	8.74e-02	3.77e-01	3.68e-01	1.28e-01	2.97e-02	3.34e-03	6.26e-04	2.07e-04	4.70e-06	0.00e+00
 1.13097e+23	1.56e-21	2.51e-11	5.78e-09	2.40e-07	2.41e-06	1.16e-05	5.85e-05	6.97e-03	9.37e-02	3.88e-01	3.62e-01	1.19e-01	2.67e-02	2.89e-03	5.32e-04	1.69e-04	3.64e-06	0.00e+00
 1.14197e+23	2.09e-21	3.19e-11	7.23e-09	2.95e-07	2.91e-06	1.37e-05	6.76e-05	7.70e-03	9.95e-02	3.97e-01	3.56e-01	1.12e-01	2.42e-02	2.54e-03	4.60e-04	1.41e-04	2.90e-06	0.00e+00
 1.15276e+23	2.87e-21	4.12e-11	9.20e-09	3.69e-07	3.59e-06	1.65e-05	7.94e-05	8.59e-03	1.06e-01	4.07e-01	3.49e-01	1.04e-01	2.17e-02	2.20e-03	3.91e-04	1.15e-04	2.25e-06	0.00e+00
 1.16377e+23	3.84e-21	5.21e-11	1.15e-08	4.54e-07	4.36e-06	1.96e-05	9.23e-05	9.51e-03	1.13e-01	4.17e-01	3.42e-01	9.71e-02	1.95e-02	1.91e-03	3.35e-04	9.45e-05	1.77e-06	0.00e+00
 1.17466e+23	5.16e-21	6.59e-11	1.43e-08	5.60e-07	5.32e-06	2.34e-05	1.08e-04	1.06e-02	1.20e-01	4.26e-01	3.33e-01	9.00e-02	1.75e-02	1.65e-03	2.85e-04	7.71e-05	1.37e-06	0.00e+00
 1.18561e+23	6.84e-21	8.21e-11	1.77e-08	6.85e-07	6.44e-06	2.78e-05	1.26e-04	1.17e-02	1.28e-01	4.35e-01	3.25e-01	8.34e-02	1.56e-02	1.42e-03	2.42e-04	6.30e-05	1.07e-06	0.00e+00
 1.19644e+23	8.98e-21	1.01e-10	2.17e-08	8.34e-07	7.78e-06	3.29e-05	1.46e-04	1.30e-02	1.36e-01	4.43e-01	3.16e-01	7.71e-02	1.39e-02	1.23e-03	2.06e-04	5.15e-05	8.32e-07	0.00e+00
 1.20725e+23	1.17e-20	1.24e-10	2.65e-08	1.01e-06	9.36e-06	3.89e-05	1.70e-04	1.44e-02	1.44e-01	4.50e-01	3.07e-01	7.11e-02	1.24e-02	1.06e-03	1.75e-04	4.20e-05	6.47e-07	0.00e+00
 1.21808e+23	1.52e-20	1.50e-10	3.21e-08	1.22e-06	1.12e-05	4.60e-05	1.98e-04	1.59e-02	1.52e-01	4.57e-01	2.97e-01	6.55e-02	1.11e-02	9.11e-04	1.48e-04	3.42e-05	5.02e-07	0.00e+00
 1.22894e+23	1.95e-20	1.81e-10	3.88e-08	1.46e-06	1.35e-05	5.41e-05	2.30e-04	1.76e-02	1.61e-01	4.63e-01	2.88e-01	6.02e-02	9.83e-03	7.83e-04	1.26e-04	2.78e-05	3.89e-07	0.00e+00
 1.23987e+23	2.50e-20	2.16e-10	4.65e-08	1.76e-06	1.61e-05	6.37e-05	2.67e-04	1.94e-02	1.70e-01	4.68e-01	2.77e-01	5.52e-02	8.71e-03	6.71e-04	1.06e-04	2.26e-05	3.01e-07	0.00e+00
 1.25090e+23	3.20e-20	2.57e-10	5.57e-08	2.10e-06	1.92e-05	7.49e-05	3.10e-04	2.14e-02	1.79e-01	4.73e-01	2.67e-01	5.05e-02	7.71e-03	5.74e-04	8.95e-05	1.83e-05	2.32e-07	0.00e+00
 1.26205e+23	4.08e-20	3.03e-10	6.64e-08	2.51e-06	2.29e-05	8.81e-05	3.60e-04	2.37e-02	1.89e-01	4.77e-01	2.56e-01	4.61e-02	6.81e-03	4.90e-04	7.53e-05	1.48e-05	1.79e-07	0.00e+00
 1.27326e+23	5.18e-20	3.55e-10	7.88e-08	2.98e-06	2.71e-05	1.03e-04	4.18e-04	2.61e-02	1.99e-01	4.80e-01	2.46e-01	4.20e-02	6.01e-03	4.19e-04	6.34e-05	1.19e-05	1.38e-07	0.00e+00
 1.28465e+23	6.59e-20	4.16e-10	9.35e-08	3.54e-06	3.23e-05	1.21e-04	4.86e-04	2.88e-02	2.09e-01	4.82e-01	2.35e-01	3.81e-02	5.28e-03	3.55e-04	5.30e-05	9.58e-06	0.00e+00	0.00e+00
 1.29617e+23	8.36e-20	4.83e-10	1.10e-07	4.19e-06	3.82e-05	1.41e-04	5.62e-04	3.17e-02	2.20e-01	4.84e-01	2.24e-01	3.46e-02	4.64e-03	3.03e-04	4.44e-05	7.72e-06	0.00e+00	0.00e+00
 1.30792e+23	1.07e-19	5.61e-10	1.31e-07	4.99e-06	4.55e-05	1.66e-04	6.54e-04	3.49e-02	2.31e-01	4.84e-01	2.13e-01	3.12e-02	4.06e-03	2.55e-04	3.69e-05	6.15e-06	0.00e+00	0.00e+00
 1.31988e+23	1.36e-19	6.48e-10	1.55e-07	5.90e-06	5.38e-05	1.94e-04	7.58e-04	3.84e-02	2.42e-01	4.84e-01	2.03e-01	2.82e-02	3.55e-03	2.16e-04	3.08e-05	4.93e-06	0.00e+00	0.00e+00
 1.33085e+23	1.68e-19	7.30e-10	1.77e-07	6.79e-06	6.19e-05	2.21e-04	8.57e-04	4.16e-02	2.52e-01	4.82e-01	1.94e-01	2.59e-02	3.17e-03	1.88e-04	2.64e-05	4.08e-06	0.00e+00	0.00e+00
 1.34230e+23	2.18e-19	8.43e-10	2.10e-07	8.08e-06	7.37e-05	2.60e-04	1.00e-03	4.60e-02	2.64e-01	4.80e-01	1.83e-01	2.31e-02	2.74e-03	1.57e-04	2.17e-05	3.21e-06	0.00e+00	0.00e+00
 1.35394e+23	2.90e-19	9.50e-10	2.42e-07	9.30e-06	8.48e-05	2.95e-04	1.13e-03	4.97e-02	2.74e-01	4.77e-01	1.74e-01	2.11e-02	2.44e-03	1.36e-04	1.85e-05	2.65e-06	0.00e+00	0.00e+00
 1.36594e+23	7.25e-17	1.10e-09	2.89e-07	1.11e-05	1.01e-04	3.48e-04	1.32e-03	5.49e-02	2.86e-01	4.73e-01	1.63e-01	1.87e-02	2.10e-03	1.13e-04	1.51e-05	2.07e-06	0.00e+00	0.00e+00
 1.37796e+23	2.40e-16	1.24e-09	3.32e-07	1.28e-05	1.16e-04	3.94e-04	1.49e-03	5.92e-02	2.96e-01	4.69e-01	1.55e-01	1.71e-02	1.87e-03	9.75e-05	1.29e-05	1.71e-06	0.00e+00	0.00e+00
 1.39001e+23	3.71e-16	1.42e-09	3.95e-07	1.52e-05	1.38e-04	4.62e-04	1.74e-03	6.51e-02	3.09e-01	4.63e-01	1.45e-01	1.51e-02	1.60e-03	8.08e-05	1.05e-05	1.33e-06	0.00e+00	0.00e+00
 1.40211e+23	5.10e-16	1.60e-09	4.54e-07	1.74e-05	1.58e-04	5.21e-04	1.95e-03	7.00e-02	3.18e-01	4.57e-01	1.37e-01	1.38e-02	1.43e-03	7.00e-05	8.95e-06	1.10e-06	0.00e+00	0.00e+00
 1.41429e+23	7.28e-16	1.84e-09	5.41e-07	2.07e-05	1.87e-04	6.08e-04	2.26e-03	7.67e-02	3.30e-01	4.49e-01	1.27e-01	1.22e-02	1.22e-03	5.80e-05	7.28e-06	8.56e-07	0.00e+00	0.00e+00
 1.42660e+23	9.61e-16	2.08e-09	6.24e-07	2.37e-05	2.13e-04	6.85e-04	2.53e-03	8.22e-02	3.39e-01	4.43e-01	1.20e-01	1.10e-02	1.09e-03	5.00e-05	6.20e-06	7.05e-07	0.00e+00	0.00e+00
 1.43908e+23	1.33e-15	2.40e-09	7.46e-07	2.83e-05	2.52e-04	7.98e-04	2.93e-03	8.99e-02	3.51e-01	4.33e-01	1.11e-01	9.71e-03	9.28e-04	4.13e-05	5.03e-06	5.48e-07	0.00e+00	0.00e+00
 1.45174e+23	1.72e-15	2.72e-09	8.63e-07	3.25e-05	2.88e-04	8.98e-04	3.28e-03	9.62e-02	3.60e-01	4.25e-01	1.05e-01	8.77e-03	8.20e-04	3.55e-05	4.26e-06	4.49e-07	0.00e+00	0.00e+00
 1.46463e+23	2.34e-15	3.17e-09	1.04e-06	3.88e-05	3.41e-04	1.05e-03	3.79e-03	1.05e-01	3.71e-01	4.14e-01	9.62e-02	7.68e-03	6.97e-04	2.91e-05	3.44e-06	3.46e-07	0.00e+00	0.00e+00
 1.47777e+23	3.01e-15	3.61e-09	1.21e-06	4.48e-05	3.91e-04	1.18e-03	4.24e-03	1.12e-01	3.79e-01	4.05e-01	8.99e-02	6.90e-03	6.13e-04	2.49e-05	2.89e-06	2.82e-07	0.00e+00	0.00e+00
 1.49122e+23	4.07e-15	4.25e-09	1.47e-06	5.38e-05	4.64e-04	1.37e-03	4.89e-03	1.22e-01	3.90e-01	3.93e-01	8.22e-02	5.99e-03	5.18e-04	2.03e-05	2.31e-06	2.16e-07	0.00e+00	0.00e+00
 1.50499e+23	5.25e-15	4.90e-09	1.73e-06	6.26e-05	5.33e-04	1.55e-03	5.48e-03	1.31e-01	3.97e-01	3.82e-01	7.64e-02	5.35e-03	4.52e-04	1.72e-05	1.93e-06	1.74e-07	0.00e+00	0.00e+00
 1.51919e+23	7.12e-15	5.84e-09	2.13e-06	7.59e-05	6.36e-04	1.81e-03	6.34e-03	1.42e-01	4.07e-01	3.68e-01	6.92e-02	4.61e-03	3.78e-04	1.39e-05	1.53e-06	1.31e-07	0.00e+00	0.00e+00
 1.53362e+23	9.19e-15	6.81e-09	2.52e-06	8.87e-05	7.33e-04	2.04e-03	7.08e-03	1.51e-01	4.13e-01	3.57e-01	6.39e-02	4.09e-03	3.28e-04	1.17e-05	1.27e-06	0.00e+00	0.00e+00	0.00e+00
 1.54576e+23	1.15e-14	7.81e-09	2.94e-06	1.02e-04	8.29e-04	2.27e-03	7.81e-03	1.60e-01	4.19e-01	3.47e-01	5.95e-02	3.68e-03	2.90e-04	1.01e-05	1.08e-06	0.00e+00	0.00e+00	0.00e+00
 1.55890e+23	1.51e-14	9.29e-09	3.56e-06	1.22e-04	9.72e-04	2.60e-03	8.85e-03	1.72e-01	4.25e-01	3.33e-01	5.41e-02	3.20e-03	2.46e-04	8.24e-06	8.66e-07	0.00e+00	0.00e+00	0.00e+00
 1.57168e+23	1.86e-14	1.06e-08	4.12e-06	1.38e-04	1.09e-03	2.87e-03	9.66e-03	1.80e-01	4.29e-01	3.23e-01	5.05e-02	2.89e-03	2.18e-04	7.15e-06	7.42e-07	0.00e+00	0.00e+00	0.00e+00
 1.58398e+23	2.40e-14	1.25e-08	4.93e-06	1.63e-04	1.26e-03	3.25e-03	1.08e-02	1.92e-01	4.33e-01	3.10e-01	4.60e-02	2.53e-03	1.86e-04	5.92e-06	6.05e-07	0.00e+00	0.00e+00	0.00e+00
 1.59642e+23	2.98e-14	1.44e-08	5.73e-06	1.86e-04	1.41e-03	3.58e-03	1.18e-02	2.01e-01	4.36e-01	3.01e-01	4.29e-02	2.29e-03	1.66e-04	5.13e-06	5.17e-07	0.00e+00	0.00e+00	0.00e+00
 1.60903e+23	3.87e-14	1.72e-08	6.91e-06	2.20e-04	1.64e-03	4.05e-03	1.32e-02	2.13e-01	4.39e-01	2.88e-01	3.89e-02	1.99e-03	1.41e-04	4.23e-06	4.20e-07	0.00e+00	0.00e+00	0.00e+00
 1.62184e+23	4.83e-14	2.01e-08	8.07e-06	2.52e-04	1.84e-03	4.45e-03	1.43e-02	2.23e-01	4.41e-01	2.77e-01	3.61e-02	1.79e-03	1.25e-04	3.65e-06	3.57e-07	0.00e+00	0.00e+00	0.00e+00
 1.63491e+23	6.34e-14	2.42e-08	9.81e-06	3.00e-04	2.13e-03	5.04e-03	1.60e-02	2.36e-01	4.43e-01	2.64e-01	3.25e-02	1.55e-03	1.05e-04	2.99e-06	2.88e-07	0.00e+00	0.00e+00	0.00e+00
 1.64816e+23	7.97e-14	2.85e-08	1.15e-05	3.46e-04	2.40e-03	5.55e-03	1.73e-02	2.46e-01	4.43e-01	2.54e-01	3.00e-02	1.39e-03	9.27e-05	2.56e-06	2.44e-07	0.00e+00	0.00e+00	0.00e+00
 1.66165e+23	1.06e-13	3.47e-08	1.41e-05	4.13e-04	2.79e-03	6.29e-03	1.93e-02	2.60e-01	4.43e-01	2.40e-01	2.69e-02	1.20e-03	7.79e-05	2.09e-06	1.95e-07	0.00e+00	0.00e+00	0.00e+00
 1.67540e+23	1.34e-13	4.14e-08	1.67e-05	4.78e-04	3.15e-03	6.93e-03	2.09e-02	2.70e-01	4.42e-01	2.30e-01	2.47e-02	1.07e-03	6.82e-05	1.78e-06	1.64e-07	0.00e+00	0.00e+00	0.00e+00
 1.68948e+23	1.81e-13	5.12e-08	2.06e-05	5.76e-04	3.67e-03	7.86e-03	2.33e-02	2.85e-01	4.40e-01	2.17e-01	2.20e-02	9.12e-04	5.68e-05	1.43e-06	1.30e-07	0.00e+00	0.00e+00	0.00e+00
 1.70388e+23	2.32e-13	6.16e-08	2.46e-05	6.70e-04	4.16e-03	8.68e-03	2.53e-02	2.96e-01	4.38e-01	2.06e-01	2.01e-02	8.06e-04	4.92e-05	1.21e-06	0.00e+00	0.00e+00	0.00e+00	0.00e+00
 1.71867e+23	3.18e-13	7.77e-08	3.07e-05	8.13e-04	4.87e-03	9.85e-03	2.81e-02	3.11e-01	4.34e-01	1.93e-01	1.77e-02	6.84e-04	4.07e-05	9.66e-07	0.00e+00	0.00e+00	0.00e+00	0.00e+00
 1.73387e+23	4.14e-13	9.48e-08	3.70e-05	9.53e-04	5.54e-03	1.09e-02	3.06e-02	3.23e-01	4.30e-01	1.83e-01	1.60e-02	5.99e-04	3.49e-05	8.05e-07	0.00e+00	0.00e+00	0.00e+00	0.00e+00
 1.74958e+23	5.80e-13	1.22e-07	4.69e-05	1.17e-03	6.53e-03	1.24e-02	3.40e-02	3.38e-01	4.23e-01	1.70e-01	1.40e-02	5.03e-04	2.85e-05	6.34e-07	0.00e+00	0.00e+00	0.00e+00	0.00e+00
 1.76543e+23	7.61e-13	1.50e-07	5.66e-05	1.37e-03	7.42e-03	1.37e-02	3.67e-02	3.50e-01	4.18e-01	1.60e-01	1.26e-02	4.39e-04	2.44e-05	5.28e-07	0.00e+00	0.00e+00	0.00e+00	0.00e+00
 1.78147e+23	1.07e-12	1.95e-07	7.20e-05	1.69e-03	8.74e-03	1.56e-02	4.07e-02	3.65e-01	4.10e-01	1.47e-01	1.09e-02	3.66e-04	1.97e-05	4.12e-07	0.00e+00	0.00e+00	0.00e+00	0.00e+00
 1.79769e+23	1.42e-12	2.42e-07	8.72e-05	1.98e-03	9.93e-03	1.72e-02	4.38e-02	3.76e-01	4.02e-01	1.38e-01	9.79e-03	3.18e-04	1.68e-05	3.41e-07	0.00e+00	0.00e+00	0.00e+00	0.00e+00
 1.81415e+23	2.02e-12	3.17e-07	1.11e-04	2.44e-03	1.17e-02	1.95e-02	4.83e-02	3.90e-01	3.92e-01	1.27e-01	8.42e-03	2.64e-04	1.35e-05	2.65e-07	0.00e+00	0.00e+00	0.00e+00	0.00e+00
 1.83021e+23	2.62e-12	3.89e-07	1.33e-04	2.84e-03	1.31e-02	2.13e-02	5.16e-02	4.00e-01	3.84e-01	1.19e-01	7.58e-03	2.31e-04	1.16e-05	2.21e-07	0.00e+00	0.00e+00	0.00e+00	0.00e+00
 1.84576e+23	3.65e-12	5.03e-07	1.67e-04	3.44e-03	1.52e-02	2.38e-02	5.63e-02	4.12e-01	3.73e-01	1.09e-01	6.56e-03	1.93e-04	9.42e-06	1.74e-07	0.00e+00	0.00e+00	0.00e+00	0.00e+00
 1.86188e+23	4.84e-12	6.28e-07	2.03e-04	4.04e-03	1.72e-02	2.61e-02	6.01e-02	4.21e-01	3.64e-01	1.01e-01	5.83e-03	1.67e-04	7.97e-06	1.43e-07	0.00e+00	0.00e+00	0.00e+00	0.00e+00
 1.87565e+23	6.17e-12	7.60e-07	2.39e-04	4.64e-03	1.92e-02	2.83e-02	6.37e-02	4.29e-01	3.55e-01	9.49e-02	5.24e-03	1.46e-04	6.84e-06	1.20e-07	0.00e+00	0.00e+00	0.00e+00	0.00e+00
 1.89044e+23	8.43e-12	9.70e-07	2.95e-04	5.54e-03	2.19e-02	3.12e-02	6.85e-02	4.38e-01	3.43e-01	8.70e-02	4.56e-03	1.23e-04	5.62e-06	0.00e+00	0.00e+00	0.00e+00	0.00e+00	0.00e+00
 1.90535e+23	1.08e-11	1.18e-06	3.50e-04	6.37e-03	2.44e-02	3.38e-02	7.24e-02	4.44e-01	3.33e-01	8.11e-02	4.08e-03	1.08e-04	4.81e-06	0.00e+00	0.00e+00	0.00e+00	0.00e+00	0.00e+00
 1.92041e+23	1.47e-11	1.51e-06	4.31e-04	7.57e-03	2.77e-02	3.71e-02	7.74e-02	4.52e-01	3.21e-01	7.40e-02	3.54e-03	9.08e-05	3.94e-06	0.00e+00	0.00e+00	0.00e+00	0.00e+00	0.00e+00
 1.93593e+23	1.93e-11	1.87e-06	5.16e-04	8.79e-03	3.10e-02	4.02e-02	8.19e-02	4.57e-01	3.09e-01	6.82e-02	3.12e-03	7.80e-05	3.31e-06	0.00e+00	0.00e+00	0.00e+00	0.00e+00	0.00e+00
 1.94973e+23	2.48e-11	2.28e-06	6.11e-04	1.01e-02	3.43e-02	4.33e-02	8.61e-02	4.61e-01	2.98e-01	6.31e-02	2.76e-03	6.76e-05	2.80e-06	0.00e+00	0.00e+00	0.00e+00	0.00e+00	0.00e+00
 1.96538e+23	3.39e-11	2.93e-06	7.53e-04	1.20e-02	3.90e-02	4.74e-02	9.14e-02	4.65e-01	2.85e-01	5.71e-02	2.38e-03	5.65e-05	2.28e-06	0.00e+00	0.00e+00	0.00e+00	0.00e+00	0.00e+00
 1.98181e+23	4.52e-11	3.67e-06	9.10e-04	1.40e-02	4.36e-02	5.13e-02	9.64e-02	4.68e-01	2.72e-01	5.19e-02	2.06e-03	4.77e-05	1.87e-06	0.00e+00	0.00e+00	0.00e+00	0.00e+00	0.00e+00
 1.99667e+23	5.87e-11	4.52e-06	1.08e-03	1.61e-02	4.83e-02	5.51e-02	1.01e-01	4.69e-01	2.60e-01	4.74e-02	1.80e-03	4.08e-05	1.56e-06	0.00e+00	0.00e+00	0.00e+00	0.00e+00	0.00e+00
 2.01342e+23	8.15e-11	5.88e-06	1.34e-03	1.92e-02	5.48e-02	6.01e-02	1.07e-01	4.69e-01	2.45e-01	4.23e-02	1.52e-03	3.35e-05	1.25e-06	0.00e+00	0.00e+00	0.00e+00	0.00e+00	0.00e+00
 2.03071e+23	1.09e-10	7.39e-06	1.62e-03	2.24e-02	6.10e-02	6.47e-02	1.11e-01	4.68e-01	2.32e-01	3.80e-02	1.31e-03	2.80e-05	1.01e-06	0.00e+00	0.00e+00	0.00e+00	0.00e+00	0.00e+00
 2.04611e+23	1.42e-10	9.14e-06	1.93e-03	2.57e-02	6.73e-02	6.91e-02	1.16e-01	4.65e-01	2.20e-01	3.44e-02	1.13e-03	2.37e-05	8.35e-07	0.00e+00	0.00e+00	0.00e+00	0.00e+00	0.00e+00
 2.06352e+23	1.97e-10	1.19e-05	2.39e-03	3.05e-02	7.58e-02	7.47e-02	1.21e-01	4.60e-01	2.04e-01	3.02e-02	9.39e-04	1.92e-05	6.53e-07	0.00e+00	0.00e+00	0.00e+00	0.00e+00	0.00e+00
 2.08158e+23	2.65e-10	1.50e-05	2.88e-03	3.54e-02	8.39e-02	7.99e-02	1.26e-01	4.54e-01	1.91e-01	2.68e-02	7.93e-04	1.58e-05	5.22e-07	0.00e+00	0.00e+00	0.00e+00	0.00e+00	0.00e+00
 2.09778e+23	3.46e-10	1.86e-05	3.43e-03	4.05e-02	9.20e-02	8.47e-02	1.30e-01	4.47e-01	1.78e-01	2.38e-02	6.75e-04	1.31e-05	4.23e-07	0.00e+00	0.00e+00	0.00e+00	0.00e+00	0.00e+00
 2.11612e+23	4.87e-10	2.44e-05	4.25e-03	4.79e-02	1.03e-01	9.09e-02	1.34e-01	4.36e-01	1.63e-01	2.05e-02	5.48e-04	1.04e-05	3.22e-07	0.00e+00	0.00e+00	0.00e+00	0.00e+00	0.00e+00
 2.13508e+23	6.49e-10	3.07e-05	5.10e-03	5.52e-02	1.13e-01	9.61e-02	1.38e-01	4.24e-01	1.50e-01	1.79e-02	4.56e-04	8.41e-06	2.53e-07	0.00e+00	0.00e+00	0.00e+00	0.00e+00	0.00e+00
 2.15484e+23	9.25e-10	4.07e-05	6.36e-03	6.53e-02	1.26e-01	1.02e-01	1.41e-01	4.09e-01	1.35e-01	1.50e-02	3.61e-04	6.46e-06	1.87e-07	0.00e+00	0.00e+00	0.00e+00	0.00e+00	0.00e+00
 2.17484e+23	1.23e-09	5.10e-05	7.59e-03	7.47e-02	1.37e-01	1.07e-01	1.43e-01	3.94e-01	1.23e-01	1.30e-02	2.96e-04	5.17e-06	1.45e-07	0.00e+00	0.00e+00	0.00e+00	0.00e+00	0.00e+00
 2.19242e+23	1.61e-09	6.33e-05	8.96e-03	8.46e-02	1.48e-01	1.12e-01	1.45e-01	3.79e-01	1.12e-01	1.12e-02	2.45e-04	4.18e-06	0.00e+00	0.00e+00	0.00e+00	0.00e+00	0.00e+00	0.00e+00
 2.21254e+23	2.29e-09	8.33e-05	1.11e-02	9.89e-02	1.62e-01	1.17e-01	1.46e-01	3.57e-01	9.76e-02	9.16e-03	1.88e-04	3.11e-06	0.00e+00	0.00e+00	0.00e+00	0.00e+00	0.00e+00	0.00e+00
 2.23289e+23	3.00e-09	1.03e-04	1.30e-02	1.11e-01	1.74e-01	1.21e-01	1.46e-01	3.39e-01	8.75e-02	7.78e-03	1.52e-04	2.46e-06	0.00e+00	0.00e+00	0.00e+00	0.00e+00	0.00e+00	0.00e+00
 2.25356e+23	4.20e-09	1.34e-04	1.58e-02	1.28e-01	1.88e-01	1.25e-01	1.45e-01	3.16e-01	7.57e-02	6.29e-03	1.16e-04	1.82e-06	0.00e+00	0.00e+00	0.00e+00	0.00e+00	0.00e+00	0.00e+00
 2.27459e+23	5.52e-09	1.66e-04	1.86e-02	1.43e-01	1.99e-01	1.28e-01	1.44e-01	2.95e-01	6.66e-02	5.24e-03	9.20e-05	1.41e-06	0.00e+00	0.00e+00	0.00e+00	0.00e+00	0.00e+00	0.00e+00
 2.29327e+23	7.18e-09	2.04e-04	2.16e-02	1.59e-01	2.10e-01	1.30e-01	1.41e-01	2.75e-01	5.84e-02	4.35e-03	7.28e-05	1.09e-06	0.00e+00	0.00e+00	0.00e+00	0.00e+00	0.00e+00	0.00e+00
 2.31473e+23	9.94e-09	2.62e-04	2.59e-02	1.80e-01	2.23e-01	1.31e-01	1.37e-01	2.50e-01	4.91e-02	3.42e-03	5.40e-05	7.84e-07	0.00e+00	0.00e+00	0.00e+00	0.00e+00	0.00e+00	0.00e+00
 2.33664e+23	1.30e-08	3.22e-04	3.00e-02	1.98e-01	2.32e-01	1.31e-01	1.33e-01	2.29e-01	4.22e-02	2.77e-03	4.17e-05	5.90e-07	0.00e+00	0.00e+00	0.00e+00	0.00e+00	0.00e+00	0.00e+00
 2.35616e+23	1.68e-08	3.93e-04	3.45e-02	2.17e-01	2.41e-01	1.31e-01	1.29e-01	2.09e-01	3.62e-02	2.24e-03	3.21e-05	4.44e-07	0.00e+00	0.00e+00	0.00e+00	0.00e+00	0.00e+00	0.00e+00
 2.37859e+23	2.30e-08	5.01e-04	4.09e-02	2.41e-01	2.49e-01	1.30e-01	1.22e-01	1.85e-01	2.95e-02	1.70e-03	2.30e-05	3.08e-07	0.00e+00	0.00e+00	0.00e+00	0.00e+00	0.00e+00	0.00e+00
 2.40140e+23	2.97e-08	6.08e-04	4.67e-02	2.61e-01	2.55e-01	1.28e-01	1.17e-01	1.66e-01	2.48e-02	1.35e-03	1.74e-05	2.27e-07	0.00e+00	0.00e+00	0.00e+00	0.00e+00	0.00e+00	0.00e+00
 2.42102e+23	3.74e-08	7.23e-04	5.25e-02	2.80e-01	2.59e-01	1.25e-01	1.11e-01	1.50e-01	2.10e-02	1.09e-03	1.34e-05	1.71e-07	0.00e+00	0.00e+00	0.00e+00	0.00e+00	0.00e+00	0.00e+00
 2.44285e+23	4.65e-08	9.01e-04	6.08e-02	3.03e-01	2.63e-01	1.21e-01	1.03e-01	1.30e-01	1.68e-02	8.12e-04	9.45e-06	1.17e-07	0.00e+00	0.00e+00	0.00e+00	0.00e+00	0.00e+00	0.00e+00
 2.46429e+23	5.76e-08	1.05e-03	6.74e-02	3.20e-01	2.64e-01	1.18e-01	9.76e-02	1.16e-01	1.43e-02	6.54e-04	7.32e-06	0.00e+00	0.00e+00	0.00e+00	0.00e+00	0.00e+00	0.00e+00	0.00e+00
 2.48229e+23	7.10e-08	1.23e-03	7.43e-02	3.37e-01	2.65e-01	1.15e-01	9.20e-02	1.04e-01	1.20e-02	5.26e-04	5.66e-06	0.00e+00	0.00e+00	0.00e+00	0.00e+00	0.00e+00	0.00e+00	0.00e+00
 2.50273e+23	9.20e-08	1.48e-03	8.37e-02	3.57e-01	2.63e-01	1.10e-01	8.49e-02	9.02e-02	9.68e-03	3.97e-04	4.07e-06	0.00e+00	0.00e+00	0.00e+00	0.00e+00	0.00e+00	0.00e+00	0.00e+00
 2.52323e+23	1.13e-07	1.71e-03	9.17e-02	3.72e-01	2.61e-01	1.05e-01	7.94e-02	8.00e-02	8.10e-03	3.16e-04	3.11e-06	0.00e+00	0.00e+00	0.00e+00	0.00e+00	0.00e+00	0.00e+00	0.00e+00
 2.54381e+23	1.45e-07	2.05e-03	1.02e-01	3.90e-01	2.58e-01	9.99e-02	7.26e-02	6.86e-02	6.45e-03	2.37e-04	2.22e-06	0.00e+00	0.00e+00	0.00e+00	0.00e+00	0.00e+00	0.00e+00	0.00e+00
 2.56476e+23	1.77e-07	2.37e-03	1.12e-01	4.04e-01	2.54e-01	9.53e-02	6.72e-02	6.01e-02	5.31e-03	1.86e-04	1.67e-06	0.00e+00	0.00e+00	0.00e+00	0.00e+00	0.00e+00	0.00e+00	0.00e+00
 2.58340e+23	2.15e-07	2.72e-03	1.21e-01	4.17e-01	2.49e-01	9.07e-02	6.22e-02	5.27e-02	4.39e-03	1.46e-04	1.27e-06	0.00e+00	0.00e+00	0.00e+00	0.00e+00	0.00e+00	0.00e+00	0.00e+00
 2.60483e+23	2.74e-07	3.23e-03	1.34e-01	4.32e-01	2.42e-01	8.47e-02	5.60e-02	4.44e-02	3.42e-03	1.07e-04	8.86e-07	0.00e+00	0.00e+00	0.00e+00	0.00e+00	0.00e+00	0.00e+00	0.00e+00
 2.62655e+23	3.34e-07	3.72e-03	1.46e-01	4.43e-01	2.35e-01	7.99e-02	5.13e-02	3.84e-02	2.78e-03	8.25e-05	6.56e-07	0.00e+00	0.00e+00	0.00e+00	0.00e+00	0.00e+00	0.00e+00	0.00e+00
 2.64570e+23	4.02e-07	4.24e-03	1.57e-01	4.52e-01	2.29e-01	7.53e-02	4.69e-02	3.33e-02	2.27e-03	6.43e-05	4.93e-07	0.00e+00	0.00e+00	0.00e+00	0.00e+00	0.00e+00	0.00e+00	0.00e+00
 2.66334e+23	4.72e-07	4.75e-03	1.67e-01	4.59e-01	2.22e-01	7.14e-02	4.34e-02	2.94e-02	1.90e-03	5.16e-05	3.83e-07	0.00e+00	0.00e+00	0.00e+00	0.00e+00	0.00e+00	0.00e+00	0.00e+00
 2.67947e+23	5.50e-07	5.29e-03	1.77e-01	4.66e-01	2.16e-01	6.77e-02	4.02e-02	2.60e-02	1.59e-03	4.16e-05	3.00e-07	0.00e+00	0.00e+00	0.00e+00	0.00e+00	0.00e+00	0.00e+00	0.00e+00
 2.69798e+23	6.65e-07	6.05e-03	1.91e-01	4.72e-01	2.08e-01	6.32e-02	3.63e-02	2.22e-02	1.27e-03	3.17e-05	2.19e-07	0.00e+00	0.00e+00	0.00e+00	0.00e+00	0.00e+00	0.00e+00	0.00e+00
 2.71678e+23	7.76e-07	6.74e-03	2.02e-01	4.77e-01	2.01e-01	5.95e-02	3.34e-02	1.94e-02	1.06e-03	2.53e-05	1.70e-07	0.00e+00	0.00e+00	0.00e+00	0.00e+00	0.00e+00	0.00e+00	0.00e+00
 2.73342e+23	9.03e-07	7.49e-03	2.14e-01	4.80e-01	1.94e-01	5.61e-02	3.07e-02	1.70e-02	8.79e-04	2.02e-05	1.31e-07	0.00e+00	0.00e+00	0.00e+00	0.00e+00	0.00e+00	0.00e+00	0.00e+00
 2.75250e+23	1.09e-06	8.52e-03	2.29e-01	4.83e-01	1.85e-01	5.19e-02	2.75e-02	1.44e-02	6.95e-04	1.52e-05	0.00e+00	0.00e+00	0.00e+00	0.00e+00	0.00e+00	0.00e+00	0.00e+00	0.00e+00
 2.77176e+23	1.27e-06	9.48e-03	2.42e-01	4.85e-01	1.77e-01	4.86e-02	2.51e-02	1.25e-02	5.71e-04	1.20e-05	0.00e+00	0.00e+00	0.00e+00	0.00e+00	0.00e+00	0.00e+00	0.00e+00	0.00e+00
 2.78854e+23	1.46e-06	1.05e-02	2.54e-01	4.85e-01	1.70e-01	4.55e-02	2.29e-02	1.09e-02	4.72e-04	9.53e-06	0.00e+00	0.00e+00	0.00e+00	0.00e+00	0.00e+00	0.00e+00	0.00e+00	0.00e+00
 2.80764e+23	1.75e-06	1.18e-02	2.70e-01	4.85e-01	1.61e-01	4.19e-02	2.05e-02	9.19e-03	3.72e-04	7.16e-06	0.00e+00	0.00e+00	0.00e+00	0.00e+00	0.00e+00	0.00e+00	0.00e+00	0.00e+00
 2.82714e+23	2.03e-06	1.31e-02	2.84e-01	4.83e-01	1.54e-01	3.90e-02	1.86e-02	7.95e-03	3.04e-04	5.63e-06	0.00e+00	0.00e+00	0.00e+00	0.00e+00	0.00e+00	0.00e+00	0.00e+00	0.00e+00
 2.84445e+23	2.34e-06	1.45e-02	2.97e-01	4.81e-01	1.47e-01	3.64e-02	1.68e-02	6.88e-03	2.49e-04	4.44e-06	0.00e+00	0.00e+00	0.00e+00	0.00e+00	0.00e+00	0.00e+00	0.00e+00	0.00e+00
 2.86425e+23	2.78e-06	1.63e-02	3.15e-01	4.77e-01	1.38e-01	3.32e-02	1.49e-02	5.73e-03	1.94e-04	3.29e-06	0.00e+00	0.00e+00	0.00e+00	0.00e+00	0.00e+00	0.00e+00	0.00e+00	0.00e+00
 2.88437e+23	3.22e-06	1.80e-02	3.29e-01	4.73e-01	1.31e-01	3.07e-02	1.34e-02	4.91e-03	1.57e-04	2.56e-06	0.00e+00	0.00e+00	0.00e+00	0.00e+00	0.00e+00	0.00e+00	0.00e+00	0.00e+00
 2.90209e+23	3.70e-06	1.98e-02	3.44e-01	4.68e-01	1.24e-01	2.85e-02	1.21e-02	4.23e-03	1.28e-04	2.01e-06	0.00e+00	0.00e+00	0.00e+00	0.00e+00	0.00e+00	0.00e+00	0.00e+00	0.00e+00
 2.92234e+23	4.38e-06	2.22e-02	3.62e-01	4.60e-01	1.16e-01	2.59e-02	1.06e-02	3.50e-03	9.83e-05	1.48e-06	0.00e+00	0.00e+00	0.00e+00	0.00e+00	0.00e+00	0.00e+00	0.00e+00	0.00e+00
 2.94300e+23	5.06e-06	2.45e-02	3.77e-01	4.53e-01	1.09e-01	2.38e-02	9.51e-03	2.97e-03	7.89e-05	1.14e-06	0.00e+00	0.00e+00	0.00e+00	0.00e+00	0.00e+00	0.00e+00	0.00e+00	0.00e+00
 2.96140e+23	5.80e-06	2.68e-02	3.92e-01	4.45e-01	1.03e-01	2.19e-02	8.52e-03	2.54e-03	6.36e-05	8.89e-07	0.00e+00	0.00e+00	0.00e+00	0.00e+00	0.00e+00	0.00e+00	0.00e+00	0.00e+00
 2.98253e+23	6.87e-06	3.01e-02	4.11e-01	4.35e-01	9.49e-02	1.97e-02	7.40e-03	2.08e-03	4.83e-05	6.45e-07	0.00e+00	0.00e+00	0.00e+00	0.00e+00	0.00e+00	0.00e+00	0.00e+00	0.00e+00
 3.00409e+23	7.92e-06	3.31e-02	4.27e-01	4.25e-01	8.87e-02	1.80e-02	6.56e-03	1.75e-03	3.83e-05	4.92e-07	0.00e+00	0.00e+00	0.00e+00	0.00e+00	0.00e+00	0.00e+00	0.00e+00	0.00e+00
 3.02622e+23	9.39e-06	3.71e-02	4.46e-01	4.12e-01	8.14e-02	1.60e-02	5.64e-03	1.41e-03	2.87e-05	3.52e-07	0.00e+00	0.00e+00	0.00e+00	0.00e+00	0.00e+00	0.00e+00	0.00e+00	0.00e+00
 3.04867e+23	1.08e-05	4.08e-02	4.63e-01	4.00e-01	7.56e-02	1.45e-02	4.95e-03	1.18e-03	2.25e-05	2.66e-07	0.00e+00	0.00e+00	0.00e+00	0.00e+00	0.00e+00	0.00e+00	0.00e+00	0.00e+00
 3.06831e+23	1.24e-05	4.45e-02	4.78e-01	3.89e-01	7.04e-02	1.32e-02	4.38e-03	9.95e-04	1.79e-05	2.04e-07	0.00e+00	0.00e+00	0.00e+00	0.00e+00	0.00e+00	0.00e+00	0.00e+00	0.00e+00
 3.08185e+23	1.31e-05	4.61e-02	4.83e-01	3.84e-01	6.84e-02	1.27e-02	4.17e-03	9.29e-04	1.63e-05	1.83e-07	0.00e+00	0.00e+00	0.00e+00	0.00e+00	0.00e+00	0.00e+00	0.00e+00	0.00e+00
