#depth	S	S+	S+2	S+3	S+4	S+5	S+6	S+7	S+8	S+9	S+10	S+11	S+12	S+13	S+14	S+15	S+16
 1.54284e+22	6.80e-34	7.88e-27	1.28e-22	2.11e-19	1.71e-16	9.15e-14	1.22e-10	1.84e-08	1.06e-06	2.40e-05	3.35e-04	2.28e-03	9.22e-03	3.96e-02	3.55e-01	4.30e-01	1.64e-01
 3.54532e+22	1.02e-31	7.40e-25	8.14e-21	9.03e-18	4.83e-15	1.63e-12	1.93e-09	2.36e-07	1.06e-05	1.77e-04	1.85e-03	8.96e-03	2.44e-02	7.00e-02	4.37e-01	3.62e-01	9.54e-02
 4.23478e+22	1.47e-30	8.15e-24	7.13e-20	6.19e-17	2.57e-14	6.64e-12	7.85e-09	8.83e-07	3.51e-05	5.00e-04	4.45e-03	1.80e-02	3.94e-02	9.05e-02	4.66e-01	3.14e-01	6.74e-02
 4.57952e+22	6.13e-30	2.93e-23	2.25e-19	1.69e-16	6.05e-14	1.34e-11	1.62e-08	1.76e-06	6.61e-05	8.62e-04	7.05e-03	2.58e-02	5.02e-02	1.02e-01	4.74e-01	2.85e-01	5.48e-02
 4.72315e+22	8.95e-30	4.11e-23	3.05e-19	2.20e-16	7.55e-14	1.61e-11	1.95e-08	2.11e-06	7.81e-05	9.93e-04	7.96e-03	2.83e-02	5.35e-02	1.05e-01	4.75e-01	2.78e-01	5.18e-02
 4.77548e+22	1.21e-29	5.40e-23	3.88e-19	2.72e-16	9.02e-14	1.85e-11	2.27e-08	2.44e-06	8.92e-05	1.11e-03	8.76e-03	3.05e-02	5.62e-02	1.08e-01	4.75e-01	2.71e-01	4.94e-02
 4.82227e+22	1.64e-29	7.05e-23	4.93e-19	3.34e-16	1.07e-13	2.13e-11	2.63e-08	2.81e-06	1.02e-04	1.24e-03	9.62e-03	3.28e-02	5.89e-02	1.10e-01	4.75e-01	2.65e-01	4.71e-02
 4.87558e+22	2.43e-29	1.00e-22	6.73e-19	4.37e-16	1.34e-13	2.54e-11	3.19e-08	3.38e-06	1.20e-04	1.44e-03	1.09e-02	3.61e-02	6.27e-02	1.13e-01	4.75e-01	2.56e-01	4.42e-02
 4.92873e+22	3.30e-29	1.32e-22	8.60e-19	5.39e-16	1.59e-13	2.92e-11	3.70e-08	3.91e-06	1.38e-04	1.61e-03	1.20e-02	3.89e-02	6.59e-02	1.16e-01	4.74e-01	2.50e-01	4.20e-02
 4.98167e+22	5.00e-29	1.91e-22	1.19e-18	7.13e-16	2.00e-13	3.50e-11	4.51e-08	4.74e-06	1.64e-04	1.88e-03	1.36e-02	4.29e-02	7.02e-02	1.19e-01	4.73e-01	2.41e-01	3.92e-02
 5.03396e+22	6.70e-29	2.47e-22	1.50e-18	8.69e-16	2.36e-13	3.99e-11	5.19e-08	5.43e-06	1.86e-04	2.09e-03	1.48e-02	4.59e-02	7.33e-02	1.21e-01	4.71e-01	2.34e-01	3.73e-02
 5.08540e+22	1.00e-28	3.54e-22	2.06e-18	1.14e-15	2.94e-13	4.73e-11	6.27e-08	6.53e-06	2.21e-04	2.41e-03	1.67e-02	5.04e-02	7.78e-02	1.24e-01	4.69e-01	2.25e-01	3.47e-02
 5.13781e+22	1.38e-28	4.71e-22	2.65e-18	1.41e-15	3.50e-13	5.42e-11	7.29e-08	7.57e-06	2.53e-04	2.71e-03	1.84e-02	5.42e-02	8.15e-02	1.26e-01	4.66e-01	2.18e-01	3.28e-02
 5.18368e+22	1.88e-28	6.20e-22	3.38e-18	1.73e-15	4.14e-13	6.18e-11	8.43e-08	8.73e-06	2.88e-04	3.02e-03	2.02e-02	5.81e-02	8.52e-02	1.28e-01	4.63e-01	2.11e-01	3.09e-02
 5.23547e+22	2.82e-28	8.90e-22	4.65e-18	2.26e-15	5.15e-13	7.30e-11	1.02e-07	1.05e-05	3.42e-04	3.48e-03	2.27e-02	6.35e-02	9.01e-02	1.31e-01	4.58e-01	2.02e-01	2.87e-02
 5.28752e+22	3.88e-28	1.18e-21	5.96e-18	2.79e-15	6.09e-13	8.32e-11	1.18e-07	1.21e-05	3.90e-04	3.89e-03	2.48e-02	6.81e-02	9.41e-02	1.33e-01	4.54e-01	1.95e-01	2.69e-02
 5.33987e+22	5.87e-28	1.70e-21	8.22e-18	3.65e-15	7.57e-13	9.82e-11	1.42e-07	1.46e-05	4.62e-04	4.48e-03	2.79e-02	7.44e-02	9.93e-02	1.35e-01	4.48e-01	1.86e-01	2.48e-02
 5.39312e+22	8.17e-28	2.29e-21	1.06e-17	4.53e-15	8.99e-13	1.12e-10	1.65e-07	1.69e-05	5.29e-04	5.02e-03	3.06e-02	7.97e-02	1.04e-01	1.36e-01	4.42e-01	1.79e-01	2.32e-02
 5.44752e+22	1.26e-27	3.35e-21	1.49e-17	6.00e-15	1.12e-12	1.33e-10	2.00e-07	2.04e-05	6.29e-04	5.80e-03	3.44e-02	8.70e-02	1.09e-01	1.38e-01	4.34e-01	1.69e-01	2.12e-02
 5.50208e+22	1.75e-27	4.50e-21	1.92e-17	7.43e-15	1.33e-12	1.51e-10	2.31e-07	2.36e-05	7.18e-04	6.47e-03	3.76e-02	9.30e-02	1.13e-01	1.40e-01	4.28e-01	1.62e-01	1.97e-02
 5.55685e+22	3.06e-30	6.61e-21	2.69e-17	9.82e-15	1.66e-12	1.78e-10	2.79e-07	2.84e-05	8.51e-04	7.44e-03	4.21e-02	1.01e-01	1.19e-01	1.41e-01	4.18e-01	1.52e-01	1.79e-02
 5.61026e+22	4.17e-30	8.68e-21	3.42e-17	1.20e-14	1.94e-12	2.00e-10	3.19e-07	3.24e-05	9.60e-04	8.21e-03	4.56e-02	1.07e-01	1.23e-01	1.42e-01	4.11e-01	1.46e-01	1.67e-02
 5.66191e+22	6.31e-30	1.25e-20	4.69e-17	1.56e-14	2.39e-12	2.33e-10	3.79e-07	3.85e-05	1.12e-03	9.34e-03	5.05e-02	1.16e-01	1.28e-01	1.42e-01	4.00e-01	1.37e-01	1.51e-02
 5.71397e+22	8.53e-30	1.63e-20	5.92e-17	1.89e-14	2.78e-12	2.62e-10	4.31e-07	4.37e-05	1.26e-03	1.02e-02	5.44e-02	1.22e-01	1.32e-01	1.43e-01	3.93e-01	1.31e-01	1.41e-02
 5.76656e+22	1.28e-29	2.32e-20	8.07e-17	2.44e-14	3.40e-12	3.05e-10	5.09e-07	5.15e-05	1.46e-03	1.16e-02	5.98e-02	1.31e-01	1.37e-01	1.43e-01	3.81e-01	1.23e-01	1.27e-02
 5.82051e+22	1.76e-29	3.08e-20	1.03e-16	2.99e-14	3.99e-12	3.44e-10	5.81e-07	5.86e-05	1.64e-03	1.27e-02	6.44e-02	1.38e-01	1.41e-01	1.43e-01	3.72e-01	1.16e-01	1.17e-02
 5.87623e+22	2.68e-29	4.46e-20	1.42e-16	3.90e-14	4.91e-12	4.01e-10	6.86e-07	6.92e-05	1.91e-03	1.43e-02	7.08e-02	1.47e-01	1.46e-01	1.42e-01	3.59e-01	1.08e-01	1.05e-02
 5.93282e+22	3.69e-29	5.89e-20	1.82e-16	4.78e-14	5.77e-12	4.53e-10	7.80e-07	7.84e-05	2.13e-03	1.57e-02	7.59e-02	1.54e-01	1.49e-01	1.42e-01	3.49e-01	1.02e-01	9.68e-03
 5.99055e+22	5.60e-29	8.49e-20	2.50e-16	6.22e-14	7.10e-12	5.29e-10	9.17e-07	9.20e-05	2.47e-03	1.76e-02	8.29e-02	1.64e-01	1.53e-01	1.40e-01	3.36e-01	9.46e-02	8.63e-03
 6.04982e+22	7.77e-29	1.13e-19	3.21e-16	7.67e-14	8.37e-12	6.00e-10	1.04e-06	1.04e-04	2.76e-03	1.92e-02	8.86e-02	1.72e-01	1.56e-01	1.39e-01	3.25e-01	8.89e-02	7.88e-03
 6.11110e+22	1.19e-28	1.64e-19	4.44e-16	1.00e-13	1.03e-11	7.03e-10	1.22e-06	1.22e-04	3.17e-03	2.15e-02	9.63e-02	1.82e-01	1.60e-01	1.37e-01	3.11e-01	8.18e-02	6.98e-03
 6.17350e+22	1.65e-28	2.19e-19	5.72e-16	1.24e-13	1.22e-11	7.99e-10	1.39e-06	1.38e-04	3.54e-03	2.34e-02	1.03e-01	1.90e-01	1.63e-01	1.36e-01	2.99e-01	7.65e-02	6.34e-03
 6.23737e+22	2.51e-28	3.17e-19	7.91e-16	1.62e-13	1.51e-11	9.39e-10	1.62e-06	1.61e-04	4.05e-03	2.60e-02	1.11e-01	1.99e-01	1.66e-01	1.33e-01	2.85e-01	7.00e-02	5.58e-03
 6.30168e+22	3.47e-28	4.21e-19	1.01e-15	1.99e-13	1.78e-11	1.06e-09	1.83e-06	1.80e-04	4.48e-03	2.81e-02	1.17e-01	2.07e-01	1.68e-01	1.31e-01	2.74e-01	6.53e-02	5.06e-03
 6.36658e+22	5.24e-28	6.04e-19	1.39e-15	2.59e-13	2.20e-11	1.25e-09	2.12e-06	2.09e-04	5.10e-03	3.11e-02	1.26e-01	2.16e-01	1.70e-01	1.28e-01	2.59e-01	5.96e-02	4.44e-03
 6.43293e+22	7.23e-28	8.01e-19	1.78e-15	3.19e-13	2.59e-11	1.42e-09	2.38e-06	2.33e-04	5.62e-03	3.35e-02	1.33e-01	2.23e-01	1.71e-01	1.26e-01	2.48e-01	5.53e-02	4.01e-03
 6.49059e+22	9.77e-28	1.04e-18	2.24e-15	3.87e-13	3.03e-11	1.60e-09	2.65e-06	2.59e-04	6.15e-03	3.59e-02	1.39e-01	2.30e-01	1.72e-01	1.23e-01	2.38e-01	5.15e-02	3.63e-03
 6.55495e+22	1.44e-27	1.46e-18	3.02e-15	4.97e-13	3.69e-11	1.86e-09	3.03e-06	2.95e-04	6.90e-03	3.91e-02	1.48e-01	2.38e-01	1.73e-01	1.20e-01	2.25e-01	4.69e-02	3.19e-03
 6.61960e+22	1.92e-27	1.88e-18	3.77e-15	5.99e-13	4.29e-11	2.09e-09	3.36e-06	3.25e-04	7.50e-03	4.17e-02	1.55e-01	2.44e-01	1.73e-01	1.17e-01	2.15e-01	4.37e-02	2.89e-03
 6.68462e+22	2.80e-27	2.62e-18	5.04e-15	7.63e-13	5.21e-11	2.43e-09	3.82e-06	3.68e-04	8.35e-03	4.51e-02	1.63e-01	2.51e-01	1.73e-01	1.14e-01	2.03e-01	3.97e-02	2.54e-03
 6.75099e+22	3.76e-27	3.38e-18	6.31e-15	9.23e-13	6.07e-11	2.74e-09	4.23e-06	4.05e-04	9.07e-03	4.80e-02	1.70e-01	2.56e-01	1.73e-01	1.11e-01	1.93e-01	3.68e-02	2.29e-03
 6.80944e+22	5.00e-27	4.34e-18	7.85e-15	1.11e-12	7.03e-11	3.08e-09	4.66e-06	4.44e-04	9.82e-03	5.09e-02	1.76e-01	2.61e-01	1.73e-01	1.08e-01	1.84e-01	3.42e-02	2.06e-03
 6.87574e+22	7.25e-27	5.99e-18	1.04e-14	1.41e-12	8.51e-11	3.56e-09	5.27e-06	5.00e-04	1.09e-02	5.48e-02	1.85e-01	2.68e-01	1.72e-01	1.04e-01	1.73e-01	3.09e-02	1.80e-03
 6.94186e+22	9.45e-27	7.54e-18	1.28e-14	1.67e-12	9.79e-11	3.98e-09	5.77e-06	5.44e-04	1.17e-02	5.77e-02	1.91e-01	2.72e-01	1.71e-01	1.01e-01	1.65e-01	2.88e-02	1.63e-03
 7.00775e+22	1.35e-26	1.03e-17	1.68e-14	2.10e-12	1.18e-10	4.60e-09	6.49e-06	6.08e-04	1.28e-02	6.18e-02	1.99e-01	2.77e-01	1.69e-01	9.76e-02	1.55e-01	2.60e-02	1.43e-03
 7.07493e+22	1.77e-26	1.30e-17	2.06e-14	2.50e-12	1.36e-10	5.15e-09	7.11e-06	6.61e-04	1.38e-02	6.50e-02	2.05e-01	2.80e-01	1.68e-01	9.47e-02	1.47e-01	2.41e-02	1.29e-03
 7.14379e+22	2.53e-26	1.77e-17	2.72e-14	3.16e-12	1.64e-10	5.96e-09	8.00e-06	7.38e-04	1.51e-02	6.95e-02	2.14e-01	2.85e-01	1.66e-01	9.08e-02	1.37e-01	2.17e-02	1.12e-03
 7.21397e+22	3.33e-26	2.25e-17	3.35e-14	3.77e-12	1.89e-10	6.69e-09	8.77e-06	8.03e-04	1.62e-02	7.30e-02	2.20e-01	2.88e-01	1.64e-01	8.78e-02	1.30e-01	2.00e-02	1.01e-03
 7.28585e+22	1.07e-26	3.07e-17	4.42e-14	4.77e-12	2.29e-10	7.76e-09	9.87e-06	8.95e-04	1.77e-02	7.78e-02	2.28e-01	2.91e-01	1.61e-01	8.39e-02	1.21e-01	1.79e-02	8.70e-04
 7.35907e+22	1.42e-26	3.90e-17	5.46e-14	5.71e-12	2.65e-10	8.73e-09	1.08e-05	9.74e-04	1.90e-02	8.16e-02	2.34e-01	2.93e-01	1.59e-01	8.09e-02	1.14e-01	1.65e-02	7.78e-04
 7.43404e+22	2.05e-26	5.35e-17	7.22e-14	7.23e-12	3.21e-10	1.02e-08	1.22e-05	1.08e-03	2.08e-02	8.68e-02	2.42e-01	2.96e-01	1.56e-01	7.70e-02	1.06e-01	1.47e-02	6.69e-04
 7.50733e+22	2.62e-26	6.62e-17	8.72e-14	8.51e-12	3.68e-10	1.13e-08	1.33e-05	1.17e-03	2.21e-02	9.05e-02	2.47e-01	2.97e-01	1.53e-01	7.43e-02	1.00e-01	1.36e-02	6.04e-04
 7.57842e+22	3.71e-26	8.91e-17	1.13e-13	1.06e-11	4.40e-10	1.30e-08	1.48e-05	1.29e-03	2.40e-02	9.57e-02	2.54e-01	2.99e-01	1.50e-01	7.07e-02	9.27e-02	1.22e-02	5.22e-04
 7.65062e+22	4.77e-26	1.10e-16	1.37e-13	1.25e-11	5.05e-10	1.46e-08	1.62e-05	1.39e-03	2.55e-02	9.96e-02	2.60e-01	2.99e-01	1.47e-01	6.81e-02	8.77e-02	1.12e-02	4.70e-04
 7.72428e+22	6.70e-26	1.47e-16	1.77e-13	1.56e-11	6.04e-10	1.68e-08	1.80e-05	1.54e-03	2.76e-02	1.05e-01	2.66e-01	3.00e-01	1.44e-01	6.47e-02	8.12e-02	1.00e-02	4.06e-04
 7.80023e+22	8.82e-26	1.86e-16	2.18e-13	1.86e-11	7.00e-10	1.89e-08	1.98e-05	1.66e-03	2.94e-02	1.09e-01	2.71e-01	3.00e-01	1.41e-01	6.19e-02	7.61e-02	9.15e-03	3.60e-04
 7.87916e+22	1.24e-25	2.49e-16	2.83e-13	2.33e-11	8.41e-10	2.19e-08	2.22e-05	1.84e-03	3.18e-02	1.15e-01	2.78e-01	2.99e-01	1.37e-01	5.86e-02	7.02e-02	8.15e-03	3.10e-04
 7.96068e+22	1.66e-25	3.19e-16	3.53e-13	2.81e-11	9.83e-10	2.48e-08	2.44e-05	2.00e-03	3.40e-02	1.20e-01	2.83e-01	2.99e-01	1.33e-01	5.58e-02	6.54e-02	7.37e-03	2.72e-04
 8.04557e+22	2.38e-25	4.32e-16	4.63e-13	3.55e-11	1.19e-09	2.90e-08	2.75e-05	2.21e-03	3.68e-02	1.26e-01	2.89e-01	2.97e-01	1.29e-01	5.25e-02	5.99e-02	6.51e-03	2.32e-04
 8.13277e+22	3.22e-25	5.58e-16	5.81e-13	4.31e-11	1.40e-09	3.31e-08	3.04e-05	2.41e-03	3.93e-02	1.32e-01	2.94e-01	2.96e-01	1.25e-01	4.98e-02	5.56e-02	5.86e-03	2.02e-04
 8.22297e+22	4.65e-25	7.63e-16	7.67e-13	5.49e-11	1.71e-09	3.89e-08	3.45e-05	2.68e-03	4.26e-02	1.39e-01	3.00e-01	2.94e-01	1.20e-01	4.66e-02	5.06e-02	5.13e-03	1.71e-04
 8.31615e+22	6.37e-25	9.95e-16	9.73e-13	6.74e-11	2.03e-09	4.46e-08	3.83e-05	2.93e-03	4.56e-02	1.45e-01	3.04e-01	2.91e-01	1.16e-01	4.39e-02	4.67e-02	4.58e-03	1.48e-04
 8.41319e+22	9.38e-25	1.38e-15	1.30e-12	8.67e-11	2.51e-09	5.30e-08	4.37e-05	3.27e-03	4.96e-02	1.52e-01	3.09e-01	2.88e-01	1.11e-01	4.08e-02	4.21e-02	3.97e-03	1.23e-04
 8.51302e+22	1.30e-24	1.82e-15	1.67e-12	1.07e-10	3.00e-09	6.12e-08	4.89e-05	3.58e-03	5.31e-02	1.58e-01	3.13e-01	2.84e-01	1.07e-01	3.83e-02	3.86e-02	3.52e-03	1.05e-04
 8.60269e+22	1.77e-24	2.36e-15	2.11e-12	1.31e-10	3.55e-09	7.03e-08	5.44e-05	3.91e-03	5.67e-02	1.64e-01	3.17e-01	2.81e-01	1.03e-01	3.60e-02	3.54e-02	3.13e-03	9.09e-05
 8.70547e+22	2.68e-24	3.34e-15	2.88e-12	1.72e-10	4.44e-09	8.42e-08	6.23e-05	4.37e-03	6.16e-02	1.73e-01	3.21e-01	2.76e-01	9.78e-02	3.31e-02	3.16e-02	2.67e-03	7.42e-05
 8.80915e+22	3.65e-24	4.34e-15	3.64e-12	2.11e-10	5.27e-09	9.68e-08	6.94e-05	4.77e-03	6.56e-02	1.79e-01	3.23e-01	2.71e-01	9.38e-02	3.10e-02	2.89e-02	2.37e-03	6.38e-05
 8.91400e+22	5.50e-24	6.12e-15	4.95e-12	2.75e-10	6.58e-09	1.16e-07	7.96e-05	5.33e-03	7.12e-02	1.87e-01	3.26e-01	2.65e-01	8.86e-02	2.84e-02	2.57e-02	2.02e-03	5.20e-05
 9.02106e+22	7.66e-24	8.10e-15	6.36e-12	3.42e-10	7.88e-09	1.34e-07	8.90e-05	5.82e-03	7.59e-02	1.94e-01	3.28e-01	2.60e-01	8.45e-02	2.64e-02	2.34e-02	1.77e-03	4.40e-05
 9.13101e+22	1.17e-23	1.15e-14	8.73e-12	4.50e-10	9.91e-09	1.62e-07	1.02e-04	6.52e-03	8.23e-02	2.02e-01	3.30e-01	2.53e-01	7.94e-02	2.41e-02	2.06e-02	1.49e-03	3.55e-05
 9.24276e+22	1.64e-23	1.54e-14	1.13e-11	5.62e-10	1.19e-08	1.88e-07	1.15e-04	7.13e-03	8.78e-02	2.09e-01	3.31e-01	2.47e-01	7.53e-02	2.22e-02	1.86e-02	1.30e-03	2.98e-05
 9.35684e+22	2.56e-23	2.24e-14	1.58e-11	7.48e-10	1.51e-08	2.28e-07	1.33e-04	8.00e-03	9.52e-02	2.18e-01	3.31e-01	2.40e-01	7.03e-02	2.01e-02	1.62e-02	1.08e-03	2.36e-05
 9.47146e+22	3.60e-23	2.98e-14	2.04e-11	9.34e-10	1.82e-08	2.65e-07	1.48e-04	8.74e-03	1.01e-01	2.25e-01	3.31e-01	2.33e-01	6.65e-02	1.85e-02	1.46e-02	9.35e-04	1.97e-05
 9.56634e+22	4.88e-23	3.86e-14	2.57e-11	1.14e-09	2.15e-08	3.03e-07	1.64e-04	9.45e-03	1.07e-01	2.31e-01	3.31e-01	2.28e-01	6.32e-02	1.72e-02	1.32e-02	8.21e-04	1.68e-05
 9.66924e+22	7.29e-23	5.42e-14	3.47e-11	1.48e-09	2.66e-08	3.60e-07	1.87e-04	1.05e-02	1.15e-01	2.38e-01	3.29e-01	2.20e-01	5.90e-02	1.56e-02	1.16e-02	6.91e-04	1.35e-05
 9.77213e+22	9.87e-23	7.01e-14	4.36e-11	1.80e-09	3.14e-08	4.12e-07	2.06e-04	1.13e-02	1.21e-01	2.44e-01	3.28e-01	2.14e-01	5.60e-02	1.45e-02	1.06e-02	6.05e-04	1.14e-05
 9.87503e+22	1.47e-22	9.86e-14	5.91e-11	2.33e-09	3.89e-08	4.91e-07	2.35e-04	1.25e-02	1.29e-01	2.51e-01	3.26e-01	2.07e-01	5.21e-02	1.31e-02	9.25e-03	5.07e-04	9.15e-06
 9.97919e+22	2.01e-22	1.28e-13	7.48e-11	2.86e-09	4.61e-08	5.63e-07	2.60e-04	1.35e-02	1.36e-01	2.57e-01	3.23e-01	2.00e-01	4.92e-02	1.21e-02	8.33e-03	4.41e-04	7.69e-06
 1.00850e+23	3.05e-22	1.83e-13	1.03e-10	3.74e-09	5.76e-08	6.75e-07	2.97e-04	1.49e-02	1.45e-01	2.64e-01	3.20e-01	1.92e-01	4.55e-02	1.09e-02	7.24e-03	3.65e-04	6.07e-06
 1.01921e+23	4.21e-22	2.41e-13	1.31e-10	4.61e-09	6.86e-08	7.79e-07	3.30e-04	1.62e-02	1.53e-01	2.69e-01	3.16e-01	1.86e-01	4.28e-02	9.98e-03	6.48e-03	3.15e-04	5.05e-06
 1.03009e+23	6.42e-22	3.46e-13	1.80e-10	6.08e-09	8.64e-08	9.41e-07	3.79e-04	1.79e-02	1.63e-01	2.76e-01	3.12e-01	1.77e-01	3.93e-02	8.91e-03	5.59e-03	2.58e-04	3.95e-06
 1.04118e+23	9.03e-22	4.62e-13	2.34e-10	7.59e-09	1.04e-07	1.10e-06	4.24e-04	1.95e-02	1.72e-01	2.81e-01	3.07e-01	1.70e-01	3.67e-02	8.12e-03	4.95e-03	2.20e-04	3.23e-06
 1.05255e+23	1.41e-21	6.76e-13	3.28e-10	1.02e-08	1.33e-07	1.34e-06	4.91e-04	2.17e-02	1.84e-01	2.87e-01	3.01e-01	1.62e-01	3.34e-02	7.18e-03	4.21e-03	1.78e-04	2.48e-06
 1.06415e+23	2.01e-21	9.17e-13	4.30e-10	1.28e-08	1.62e-07	1.58e-06	5.53e-04	2.37e-02	1.94e-01	2.91e-01	2.95e-01	1.55e-01	3.10e-02	6.49e-03	3.69e-03	1.49e-04	1.99e-06
 1.07604e+23	3.18e-21	1.36e-12	6.12e-10	1.74e-08	2.09e-07	1.95e-06	6.47e-04	2.66e-02	2.07e-01	2.96e-01	2.87e-01	1.45e-01	2.79e-02	5.67e-03	3.10e-03	1.18e-04	1.50e-06
 1.08804e+23	4.56e-21	1.86e-12	8.08e-10	2.22e-08	2.56e-07	2.32e-06	7.33e-04	2.92e-02	2.18e-01	3.00e-01	2.81e-01	1.38e-01	2.57e-02	5.09e-03	2.70e-03	9.85e-05	1.19e-06
 1.09818e+23	6.35e-21	2.48e-12	1.04e-09	2.77e-08	3.10e-07	2.72e-06	8.23e-04	3.17e-02	2.28e-01	3.03e-01	2.74e-01	1.32e-01	2.37e-02	4.60e-03	2.37e-03	8.29e-05	9.61e-07
 1.10915e+23	9.60e-21	3.54e-12	1.43e-09	3.67e-08	3.93e-07	3.33e-06	9.55e-04	3.52e-02	2.42e-01	3.05e-01	2.65e-01	1.24e-01	2.14e-02	4.04e-03	2.00e-03	6.64e-05	7.31e-07
 1.12019e+23	1.33e-20	4.70e-12	1.85e-09	4.59e-08	4.77e-07	3.92e-06	1.08e-03	3.84e-02	2.53e-01	3.07e-01	2.58e-01	1.17e-01	1.97e-02	3.63e-03	1.74e-03	5.55e-05	5.85e-07
 1.13097e+23	1.97e-20	6.59e-12	2.51e-09	6.01e-08	6.01e-07	4.78e-06	1.24e-03	4.26e-02	2.66e-01	3.09e-01	2.49e-01	1.10e-01	1.77e-02	3.19e-03	1.47e-03	4.45e-05	4.47e-07
 1.14197e+23	2.75e-20	8.81e-12	3.26e-09	7.58e-08	7.36e-07	5.68e-06	1.41e-03	4.65e-02	2.79e-01	3.09e-01	2.40e-01	1.03e-01	1.61e-02	2.84e-03	1.27e-03	3.67e-05	3.52e-07
 1.15276e+23	3.96e-20	1.21e-11	4.34e-09	9.81e-08	9.21e-07	6.90e-06	1.63e-03	5.14e-02	2.92e-01	3.09e-01	2.31e-01	9.65e-02	1.45e-02	2.48e-03	1.07e-03	2.94e-05	2.69e-07
 1.16377e+23	5.54e-20	1.62e-11	5.67e-09	1.25e-07	1.14e-06	8.29e-06	1.86e-03	5.65e-02	3.05e-01	3.09e-01	2.22e-01	9.01e-02	1.30e-02	2.19e-03	9.11e-04	2.39e-05	2.08e-07
 1.17466e+23	7.81e-20	2.18e-11	7.44e-09	1.60e-07	1.41e-06	1.00e-05	2.14e-03	6.22e-02	3.19e-01	3.07e-01	2.12e-01	8.36e-02	1.17e-02	1.91e-03	7.68e-04	1.92e-05	1.59e-07
 1.18561e+23	1.08e-19	2.89e-11	9.66e-09	2.03e-07	1.75e-06	1.21e-05	2.46e-03	6.83e-02	3.32e-01	3.05e-01	2.02e-01	7.75e-02	1.04e-02	1.67e-03	6.48e-04	1.54e-05	1.22e-07
 1.19644e+23	1.49e-19	3.81e-11	1.25e-08	2.57e-07	2.16e-06	1.46e-05	2.82e-03	7.50e-02	3.45e-01	3.02e-01	1.92e-01	7.17e-02	9.30e-03	1.46e-03	5.45e-04	1.24e-05	0.00e+00
 1.20725e+23	2.04e-19	4.98e-11	1.60e-08	3.24e-07	2.65e-06	1.75e-05	3.22e-03	8.22e-02	3.57e-01	2.98e-01	1.83e-01	6.61e-02	8.28e-03	1.27e-03	4.58e-04	9.89e-06	0.00e+00
 1.21808e+23	2.76e-19	6.46e-11	2.04e-08	4.07e-07	3.26e-06	2.11e-05	3.68e-03	8.99e-02	3.70e-01	2.94e-01	1.73e-01	6.07e-02	7.34e-03	1.10e-03	3.83e-04	7.89e-06	0.00e+00
 1.22894e+23	3.72e-19	8.32e-11	2.59e-08	5.10e-07	3.99e-06	2.53e-05	4.21e-03	9.83e-02	3.82e-01	2.89e-01	1.63e-01	5.56e-02	6.48e-03	9.49e-04	3.20e-04	6.27e-06	0.00e+00
 1.23987e+23	4.97e-19	1.06e-10	3.28e-08	6.37e-07	4.88e-06	3.03e-05	4.80e-03	1.07e-01	3.93e-01	2.84e-01	1.54e-01	5.07e-02	5.71e-03	8.17e-04	2.66e-04	4.97e-06	0.00e+00
 1.25090e+23	6.61e-19	1.35e-10	4.12e-08	7.94e-07	5.96e-06	3.64e-05	5.47e-03	1.17e-01	4.04e-01	2.77e-01	1.44e-01	4.61e-02	5.01e-03	7.01e-04	2.20e-04	3.92e-06	0.00e+00
 1.26205e+23	8.76e-19	1.70e-10	5.16e-08	9.86e-07	7.26e-06	4.36e-05	6.23e-03	1.27e-01	4.15e-01	2.70e-01	1.35e-01	4.18e-02	4.38e-03	5.98e-04	1.82e-04	3.08e-06	0.00e+00
 1.27326e+23	1.15e-18	2.13e-10	6.42e-08	1.22e-06	8.81e-06	5.21e-05	7.08e-03	1.38e-01	4.24e-01	2.63e-01	1.26e-01	3.78e-02	3.83e-03	5.10e-04	1.50e-04	2.42e-06	0.00e+00
 1.28465e+23	1.51e-18	2.65e-10	7.98e-08	1.51e-06	1.07e-05	6.24e-05	8.05e-03	1.50e-01	4.33e-01	2.55e-01	1.17e-01	3.39e-02	3.32e-03	4.31e-04	1.22e-04	1.88e-06	0.00e+00
 1.29617e+23	1.97e-18	3.27e-10	9.83e-08	1.85e-06	1.29e-05	7.43e-05	9.11e-03	1.61e-01	4.40e-01	2.47e-01	1.08e-01	3.05e-02	2.88e-03	3.65e-04	1.00e-04	1.47e-06	0.00e+00
 1.30792e+23	2.58e-18	4.04e-10	1.21e-07	2.29e-06	1.57e-05	8.90e-05	1.03e-02	1.75e-01	4.47e-01	2.38e-01	9.96e-02	2.72e-02	2.47e-03	3.06e-04	8.09e-05	1.13e-06	0.00e+00
 1.31988e+23	3.36e-18	4.93e-10	1.49e-07	2.80e-06	1.89e-05	1.06e-04	1.17e-02	1.88e-01	4.53e-01	2.29e-01	9.17e-02	2.42e-02	2.13e-03	2.56e-04	6.56e-05	8.70e-07	0.00e+00
 1.33085e+23	4.19e-18	5.81e-10	1.76e-07	3.30e-06	2.21e-05	1.22e-04	1.29e-02	1.99e-01	4.57e-01	2.21e-01	8.54e-02	2.19e-02	1.87e-03	2.21e-04	5.49e-05	6.98e-07	0.00e+00
 1.34230e+23	5.49e-18	7.08e-10	2.16e-07	4.06e-06	2.68e-05	1.47e-04	1.46e-02	2.14e-01	4.60e-01	2.11e-01	7.77e-02	1.92e-02	1.58e-03	1.82e-04	4.37e-05	5.26e-07	0.00e+00
 1.35394e+23	7.33e-18	8.28e-10	2.54e-07	4.79e-06	3.11e-05	1.69e-04	1.62e-02	2.27e-01	4.62e-01	2.03e-01	7.20e-02	1.73e-02	1.39e-03	1.55e-04	3.63e-05	4.20e-07	0.00e+00
 1.36594e+23	1.43e-15	1.01e-09	3.11e-07	5.89e-06	3.77e-05	2.03e-04	1.83e-02	2.43e-01	4.64e-01	1.93e-01	6.51e-02	1.51e-02	1.16e-03	1.27e-04	2.86e-05	3.13e-07	0.00e+00
 1.37796e+23	3.35e-15	1.16e-09	3.63e-07	6.88e-06	4.36e-05	2.33e-04	2.01e-02	2.56e-01	4.64e-01	1.85e-01	6.01e-02	1.35e-02	1.01e-03	1.08e-04	2.37e-05	2.49e-07	0.00e+00
 1.39001e+23	4.56e-15	1.39e-09	4.41e-07	8.39e-06	5.24e-05	2.77e-04	2.26e-02	2.73e-01	4.63e-01	1.75e-01	5.41e-02	1.18e-02	8.48e-04	8.76e-05	1.86e-05	1.85e-07	0.00e+00
 1.40211e+23	5.67e-15	1.60e-09	5.11e-07	9.75e-06	6.02e-05	3.16e-04	2.47e-02	2.86e-01	4.61e-01	1.67e-01	4.98e-02	1.05e-02	7.39e-04	7.47e-05	1.55e-05	1.47e-07	0.00e+00
 1.41429e+23	7.20e-15	1.90e-09	6.16e-07	1.18e-05	7.17e-05	3.75e-04	2.76e-02	3.03e-01	4.58e-01	1.57e-01	4.47e-02	9.11e-03	6.17e-04	6.05e-05	1.21e-05	0.00e+00	0.00e+00
 1.42660e+23	8.64e-15	2.17e-09	7.12e-07	1.37e-05	8.22e-05	4.26e-04	3.01e-02	3.16e-01	4.54e-01	1.50e-01	4.10e-02	8.13e-03	5.35e-04	5.13e-05	1.00e-05	0.00e+00	0.00e+00
 1.43908e+23	1.06e-14	2.56e-09	8.53e-07	1.65e-05	9.76e-05	5.03e-04	3.35e-02	3.33e-01	4.49e-01	1.40e-01	3.66e-02	7.00e-03	4.45e-04	4.13e-05	7.80e-06	0.00e+00	0.00e+00
 1.45174e+23	1.25e-14	2.93e-09	9.85e-07	1.90e-05	1.11e-04	5.72e-04	3.64e-02	3.46e-01	4.44e-01	1.33e-01	3.34e-02	6.22e-03	3.84e-04	3.48e-05	6.41e-06	0.00e+00	0.00e+00
 1.46463e+23	1.52e-14	3.44e-09	1.18e-06	2.29e-05	1.32e-04	6.74e-04	4.05e-02	3.64e-01	4.36e-01	1.24e-01	2.96e-02	5.32e-03	3.17e-04	2.79e-05	4.96e-06	0.00e+00	0.00e+00
 1.47777e+23	1.77e-14	3.93e-09	1.36e-06	2.65e-05	1.51e-04	7.65e-04	4.39e-02	3.77e-01	4.29e-01	1.17e-01	2.69e-02	4.70e-03	2.72e-04	2.33e-05	4.05e-06	0.00e+00	0.00e+00
 1.49122e+23	2.12e-14	4.63e-09	1.63e-06	3.19e-05	1.78e-04	9.01e-04	4.87e-02	3.94e-01	4.20e-01	1.08e-01	2.37e-02	3.99e-03	2.23e-04	1.85e-05	3.10e-06	0.00e+00	0.00e+00
 1.50499e+23	2.47e-14	5.30e-09	1.90e-06	3.69e-05	2.04e-04	1.02e-03	5.27e-02	4.08e-01	4.11e-01	1.02e-01	2.14e-02	3.50e-03	1.90e-04	1.53e-05	2.51e-06	0.00e+00	0.00e+00
 1.51919e+23	2.95e-14	6.26e-09	2.28e-06	4.46e-05	2.41e-04	1.21e-03	5.85e-02	4.25e-01	4.00e-01	9.34e-02	1.87e-02	2.94e-03	1.53e-04	1.20e-05	1.89e-06	0.00e+00	0.00e+00
 1.53362e+23	3.43e-14	7.20e-09	2.65e-06	5.17e-05	2.76e-04	1.37e-03	6.32e-02	4.38e-01	3.90e-01	8.73e-02	1.68e-02	2.56e-03	1.30e-04	9.89e-06	1.52e-06	0.00e+00	0.00e+00
 1.54576e+23	3.91e-14	8.13e-09	3.02e-06	5.89e-05	3.09e-04	1.53e-03	6.76e-02	4.49e-01	3.82e-01	8.21e-02	1.53e-02	2.27e-03	1.12e-04	8.33e-06	1.25e-06	0.00e+00	0.00e+00
 1.55890e+23	4.57e-14	9.46e-09	3.57e-06	6.95e-05	3.58e-04	1.77e-03	7.38e-02	4.63e-01	3.70e-01	7.57e-02	1.35e-02	1.93e-03	9.20e-05	6.65e-06	9.67e-07	0.00e+00	0.00e+00
 1.57168e+23	5.16e-14	1.06e-08	4.04e-06	7.83e-05	3.98e-04	1.95e-03	7.83e-02	4.73e-01	3.61e-01	7.14e-02	1.23e-02	1.72e-03	8.00e-05	5.66e-06	8.05e-07	0.00e+00	0.00e+00
 1.58398e+23	5.91e-14	1.22e-08	4.70e-06	9.10e-05	4.55e-04	2.23e-03	8.47e-02	4.85e-01	3.49e-01	6.59e-02	1.09e-02	1.48e-03	6.65e-05	4.57e-06	6.32e-07	0.00e+00	0.00e+00
 1.59642e+23	6.72e-14	1.37e-08	5.33e-06	1.03e-04	5.04e-04	2.45e-03	8.97e-02	4.93e-01	3.41e-01	6.20e-02	9.93e-03	1.31e-03	5.77e-05	3.89e-06	5.26e-07	0.00e+00	0.00e+00
 1.60903e+23	7.76e-14	1.58e-08	6.22e-06	1.19e-04	5.75e-04	2.79e-03	9.67e-02	5.04e-01	3.28e-01	5.71e-02	8.77e-03	1.12e-03	4.78e-05	3.14e-06	4.12e-07	0.00e+00	0.00e+00
 1.62184e+23	8.87e-14	1.80e-08	7.08e-06	1.35e-04	6.37e-04	3.07e-03	1.02e-01	5.12e-01	3.19e-01	5.36e-02	7.97e-03	9.95e-04	4.13e-05	2.65e-06	3.41e-07	0.00e+00	0.00e+00
 1.63491e+23	1.03e-13	2.09e-08	8.30e-06	1.57e-04	7.27e-04	3.49e-03	1.10e-01	5.22e-01	3.07e-01	4.91e-02	7.00e-03	8.46e-04	3.40e-05	2.12e-06	2.64e-07	0.00e+00	0.00e+00
 1.64816e+23	1.18e-13	2.38e-08	9.48e-06	1.77e-04	8.06e-04	3.85e-03	1.16e-01	5.29e-01	2.97e-01	4.59e-02	6.33e-03	7.47e-04	2.93e-05	1.79e-06	2.18e-07	0.00e+00	0.00e+00
 1.66165e+23	1.38e-13	2.78e-08	1.12e-05	2.07e-04	9.19e-04	4.37e-03	1.25e-01	5.37e-01	2.84e-01	4.18e-02	5.53e-03	6.32e-04	2.39e-05	1.42e-06	1.68e-07	0.00e+00	0.00e+00
 1.67540e+23	1.60e-13	3.21e-08	1.28e-05	2.35e-04	1.02e-03	4.81e-03	1.32e-01	5.43e-01	2.74e-01	3.89e-02	4.99e-03	5.55e-04	2.05e-05	1.19e-06	1.37e-07	0.00e+00	0.00e+00
 1.68948e+23	1.88e-13	3.78e-08	1.52e-05	2.76e-04	1.17e-03	5.47e-03	1.42e-01	5.50e-01	2.61e-01	3.53e-02	4.33e-03	4.65e-04	1.66e-05	9.35e-07	0.00e+00	0.00e+00	0.00e+00
 1.70388e+23	2.20e-13	4.38e-08	1.76e-05	3.14e-04	1.30e-03	6.04e-03	1.49e-01	5.55e-01	2.51e-01	3.27e-02	3.87e-03	4.05e-04	1.40e-05	7.75e-07	0.00e+00	0.00e+00	0.00e+00
 1.71867e+23	2.64e-13	5.25e-08	2.10e-05	3.70e-04	1.48e-03	6.86e-03	1.60e-01	5.60e-01	2.38e-01	2.94e-02	3.34e-03	3.37e-04	1.13e-05	6.04e-07	0.00e+00	0.00e+00	0.00e+00
 1.73387e+23	3.11e-13	6.15e-08	2.45e-05	4.24e-04	1.65e-03	7.59e-03	1.69e-01	5.64e-01	2.27e-01	2.71e-02	2.96e-03	2.91e-04	9.45e-06	4.95e-07	0.00e+00	0.00e+00	0.00e+00
 1.74958e+23	3.81e-13	7.50e-08	2.97e-05	5.04e-04	1.90e-03	8.65e-03	1.81e-01	5.67e-01	2.14e-01	2.42e-02	2.53e-03	2.40e-04	7.50e-06	3.81e-07	0.00e+00	0.00e+00	0.00e+00
 1.76543e+23	4.56e-13	8.89e-08	3.47e-05	5.78e-04	2.12e-03	9.53e-03	1.90e-01	5.69e-01	2.04e-01	2.22e-02	2.24e-03	2.06e-04	6.27e-06	3.11e-07	0.00e+00	0.00e+00	0.00e+00
 1.78147e+23	5.60e-13	1.09e-07	4.22e-05	6.88e-04	2.43e-03	1.09e-02	2.03e-01	5.70e-01	1.91e-01	1.97e-02	1.90e-03	1.69e-04	4.94e-06	2.38e-07	0.00e+00	0.00e+00	0.00e+00
 1.79769e+23	6.76e-13	1.30e-07	4.96e-05	7.90e-04	2.71e-03	1.19e-02	2.13e-01	5.70e-01	1.82e-01	1.80e-02	1.68e-03	1.45e-04	4.12e-06	1.94e-07	0.00e+00	0.00e+00	0.00e+00
 1.81415e+23	8.43e-13	1.61e-07	6.06e-05	9.41e-04	3.10e-03	1.35e-02	2.27e-01	5.68e-01	1.69e-01	1.60e-02	1.42e-03	1.18e-04	3.22e-06	1.47e-07	0.00e+00	0.00e+00	0.00e+00
 1.83021e+23	1.01e-12	1.91e-07	7.07e-05	1.07e-03	3.43e-03	1.48e-02	2.37e-01	5.67e-01	1.61e-01	1.46e-02	1.26e-03	1.02e-04	2.71e-06	1.21e-07	0.00e+00	0.00e+00	0.00e+00
 1.84576e+23	1.26e-12	2.35e-07	8.54e-05	1.26e-03	3.88e-03	1.66e-02	2.50e-01	5.63e-01	1.50e-01	1.30e-02	1.08e-03	8.39e-05	2.15e-06	0.00e+00	0.00e+00	0.00e+00	0.00e+00
 1.86188e+23	1.54e-12	2.84e-07	1.01e-04	1.45e-03	4.31e-03	1.81e-02	2.61e-01	5.60e-01	1.42e-01	1.18e-02	9.46e-04	7.18e-05	1.79e-06	0.00e+00	0.00e+00	0.00e+00	0.00e+00
 1.87565e+23	1.82e-12	3.32e-07	1.16e-04	1.63e-03	4.71e-03	1.96e-02	2.71e-01	5.56e-01	1.35e-01	1.09e-02	8.42e-04	6.23e-05	1.51e-06	0.00e+00	0.00e+00	0.00e+00	0.00e+00
 1.89044e+23	2.26e-12	4.07e-07	1.39e-04	1.90e-03	5.28e-03	2.17e-02	2.84e-01	5.51e-01	1.26e-01	9.71e-03	7.25e-04	5.19e-05	1.22e-06	0.00e+00	0.00e+00	0.00e+00	0.00e+00
 1.90535e+23	2.71e-12	4.82e-07	1.61e-04	2.15e-03	5.78e-03	2.35e-02	2.94e-01	5.46e-01	1.19e-01	8.88e-03	6.43e-04	4.49e-05	1.03e-06	0.00e+00	0.00e+00	0.00e+00	0.00e+00
 1.92041e+23	3.38e-12	5.93e-07	1.93e-04	2.49e-03	6.46e-03	2.59e-02	3.07e-01	5.38e-01	1.11e-01	7.93e-03	5.53e-04	3.74e-05	8.28e-07	0.00e+00	0.00e+00	0.00e+00	0.00e+00
 1.93593e+23	4.11e-12	7.11e-07	2.26e-04	2.84e-03	7.11e-03	2.82e-02	3.18e-01	5.32e-01	1.04e-01	7.17e-03	4.85e-04	3.18e-05	6.85e-07	0.00e+00	0.00e+00	0.00e+00	0.00e+00
 1.94973e+23	4.96e-12	8.45e-07	2.62e-04	3.21e-03	7.77e-03	3.04e-02	3.28e-01	5.25e-01	9.83e-02	6.53e-03	4.28e-04	2.74e-05	5.73e-07	0.00e+00	0.00e+00	0.00e+00	0.00e+00
 1.96538e+23	6.30e-12	1.05e-06	3.16e-04	3.74e-03	8.69e-03	3.34e-02	3.41e-01	5.15e-01	9.11e-02	5.80e-03	3.66e-04	2.27e-05	4.59e-07	0.00e+00	0.00e+00	0.00e+00	0.00e+00
 1.98181e+23	7.80e-12	1.28e-06	3.74e-04	4.29e-03	9.59e-03	3.65e-02	3.53e-01	5.06e-01	8.47e-02	5.18e-03	3.16e-04	1.90e-05	3.73e-07	0.00e+00	0.00e+00	0.00e+00	0.00e+00
 1.99667e+23	9.58e-12	1.55e-06	4.38e-04	4.88e-03	1.05e-02	3.94e-02	3.64e-01	4.96e-01	7.92e-02	4.68e-03	2.76e-04	1.62e-05	3.09e-07	0.00e+00	0.00e+00	0.00e+00	0.00e+00
 2.01342e+23	1.25e-11	1.96e-06	5.35e-04	5.72e-03	1.18e-02	4.33e-02	3.77e-01	4.84e-01	7.27e-02	4.11e-03	2.33e-04	1.32e-05	2.43e-07	0.00e+00	0.00e+00	0.00e+00	0.00e+00
 2.03071e+23	1.57e-11	2.41e-06	6.36e-04	6.58e-03	1.30e-02	4.70e-02	3.89e-01	4.73e-01	6.72e-02	3.65e-03	2.00e-04	1.10e-05	1.96e-07	0.00e+00	0.00e+00	0.00e+00	0.00e+00
 2.04611e+23	1.95e-11	2.93e-06	7.48e-04	7.49e-03	1.42e-02	5.07e-02	3.99e-01	4.62e-01	6.24e-02	3.27e-03	1.74e-04	9.25e-06	1.61e-07	0.00e+00	0.00e+00	0.00e+00	0.00e+00
 2.06352e+23	2.56e-11	3.75e-06	9.17e-04	8.80e-03	1.59e-02	5.56e-02	4.12e-01	4.47e-01	5.67e-02	2.85e-03	1.45e-04	7.47e-06	1.25e-07	0.00e+00	0.00e+00	0.00e+00	0.00e+00
 2.08158e+23	3.27e-11	4.67e-06	1.10e-03	1.01e-02	1.76e-02	6.02e-02	4.23e-01	4.34e-01	5.19e-02	2.51e-03	1.24e-04	6.15e-06	0.00e+00	0.00e+00	0.00e+00	0.00e+00	0.00e+00
 2.09778e+23	4.12e-11	5.73e-06	1.30e-03	1.16e-02	1.92e-02	6.48e-02	4.32e-01	4.21e-01	4.78e-02	2.23e-03	1.06e-04	5.13e-06	0.00e+00	0.00e+00	0.00e+00	0.00e+00	0.00e+00
 2.11612e+23	5.55e-11	7.44e-06	1.61e-03	1.37e-02	2.15e-02	7.10e-02	4.44e-01	4.03e-01	4.29e-02	1.91e-03	8.72e-05	4.06e-06	0.00e+00	0.00e+00	0.00e+00	0.00e+00	0.00e+00
 2.13508e+23	7.15e-11	9.31e-06	1.93e-03	1.57e-02	2.37e-02	7.67e-02	4.53e-01	3.88e-01	3.90e-02	1.67e-03	7.35e-05	3.31e-06	0.00e+00	0.00e+00	0.00e+00	0.00e+00	0.00e+00
 2.15484e+23	9.84e-11	1.23e-05	2.41e-03	1.87e-02	2.66e-02	8.41e-02	4.63e-01	3.69e-01	3.45e-02	1.41e-03	5.93e-05	2.57e-06	0.00e+00	0.00e+00	0.00e+00	0.00e+00	0.00e+00
 2.17484e+23	1.28e-10	1.55e-05	2.90e-03	2.16e-02	2.93e-02	9.05e-02	4.70e-01	3.53e-01	3.11e-02	1.22e-03	4.96e-05	2.08e-06	0.00e+00	0.00e+00	0.00e+00	0.00e+00	0.00e+00
 2.19242e+23	1.65e-10	1.93e-05	3.46e-03	2.47e-02	3.20e-02	9.67e-02	4.76e-01	3.38e-01	2.81e-02	1.07e-03	4.18e-05	1.70e-06	0.00e+00	0.00e+00	0.00e+00	0.00e+00	0.00e+00
 2.21254e+23	2.29e-10	2.56e-05	4.34e-03	2.93e-02	3.57e-02	1.06e-01	4.83e-01	3.17e-01	2.45e-02	8.88e-04	3.31e-05	1.29e-06	0.00e+00	0.00e+00	0.00e+00	0.00e+00	0.00e+00
 2.23289e+23	2.98e-10	3.21e-05	5.18e-03	3.35e-02	3.90e-02	1.13e-01	4.86e-01	3.01e-01	2.19e-02	7.67e-04	2.75e-05	1.04e-06	0.00e+00	0.00e+00	0.00e+00	0.00e+00	0.00e+00
 2.25356e+23	4.16e-10	4.26e-05	6.48e-03	3.96e-02	4.33e-02	1.22e-01	4.89e-01	2.80e-01	1.90e-02	6.35e-04	2.17e-05	7.90e-07	0.00e+00	0.00e+00	0.00e+00	0.00e+00	0.00e+00
 2.27459e+23	5.49e-10	5.38e-05	7.77e-03	4.54e-02	4.72e-02	1.30e-01	4.89e-01	2.63e-01	1.67e-02	5.41e-04	1.78e-05	6.26e-07	0.00e+00	0.00e+00	0.00e+00	0.00e+00	0.00e+00
 2.29327e+23	7.17e-10	6.74e-05	9.27e-03	5.17e-02	5.11e-02	1.38e-01	4.88e-01	2.47e-01	1.48e-02	4.61e-04	1.46e-05	4.96e-07	0.00e+00	0.00e+00	0.00e+00	0.00e+00	0.00e+00
 2.31473e+23	1.01e-09	8.96e-05	1.16e-02	6.07e-02	5.63e-02	1.47e-01	4.85e-01	2.26e-01	1.26e-02	3.76e-04	1.13e-05	3.70e-07	0.00e+00	0.00e+00	0.00e+00	0.00e+00	0.00e+00
 2.33664e+23	1.34e-09	1.13e-04	1.39e-02	6.92e-02	6.09e-02	1.56e-01	4.80e-01	2.09e-01	1.09e-02	3.15e-04	9.07e-06	2.87e-07	0.00e+00	0.00e+00	0.00e+00	0.00e+00	0.00e+00
 2.35616e+23	1.76e-09	1.42e-04	1.65e-02	7.84e-02	6.55e-02	1.64e-01	4.73e-01	1.93e-01	9.44e-03	2.64e-04	7.29e-06	2.24e-07	0.00e+00	0.00e+00	0.00e+00	0.00e+00	0.00e+00
 2.37859e+23	2.50e-09	1.90e-04	2.05e-02	9.15e-02	7.15e-02	1.73e-01	4.62e-01	1.73e-01	7.84e-03	2.10e-04	5.50e-06	1.62e-07	0.00e+00	0.00e+00	0.00e+00	0.00e+00	0.00e+00
 2.40140e+23	3.32e-09	2.39e-04	2.44e-02	1.03e-01	7.65e-02	1.80e-01	4.51e-01	1.58e-01	6.69e-03	1.74e-04	4.35e-06	1.24e-07	0.00e+00	0.00e+00	0.00e+00	0.00e+00	0.00e+00
 2.42102e+23	4.30e-09	2.94e-04	2.85e-02	1.15e-01	8.11e-02	1.86e-01	4.39e-01	1.44e-01	5.75e-03	1.45e-04	3.48e-06	0.00e+00	0.00e+00	0.00e+00	0.00e+00	0.00e+00	0.00e+00
 2.44285e+23	5.94e-09	3.84e-04	3.47e-02	1.32e-01	8.69e-02	1.94e-01	4.21e-01	1.27e-01	4.69e-03	1.14e-04	2.59e-06	0.00e+00	0.00e+00	0.00e+00	0.00e+00	0.00e+00	0.00e+00
 2.46429e+23	7.56e-09	4.65e-04	4.00e-02	1.44e-01	9.11e-02	1.98e-01	4.06e-01	1.15e-01	4.03e-03	9.56e-05	2.09e-06	0.00e+00	0.00e+00	0.00e+00	0.00e+00	0.00e+00	0.00e+00
 2.48229e+23	9.56e-09	5.59e-04	4.57e-02	1.58e-01	9.50e-02	2.02e-01	3.91e-01	1.05e-01	3.45e-03	7.98e-05	1.67e-06	0.00e+00	0.00e+00	0.00e+00	0.00e+00	0.00e+00	0.00e+00
 2.50273e+23	1.28e-08	7.03e-04	5.40e-02	1.76e-01	9.97e-02	2.06e-01	3.70e-01	9.15e-02	2.82e-03	6.32e-05	1.26e-06	0.00e+00	0.00e+00	0.00e+00	0.00e+00	0.00e+00	0.00e+00
 2.52323e+23	1.61e-08	8.41e-04	6.13e-02	1.90e-01	1.03e-01	2.08e-01	3.52e-01	8.19e-02	2.39e-03	5.22e-05	9.97e-07	0.00e+00	0.00e+00	0.00e+00	0.00e+00	0.00e+00	0.00e+00
 2.54381e+23	2.14e-08	1.05e-03	7.16e-02	2.09e-01	1.07e-01	2.09e-01	3.29e-01	7.08e-02	1.93e-03	4.09e-05	7.41e-07	0.00e+00	0.00e+00	0.00e+00	0.00e+00	0.00e+00	0.00e+00
 2.56476e+23	2.70e-08	1.25e-03	8.10e-02	2.25e-01	1.10e-01	2.09e-01	3.10e-01	6.24e-02	1.60e-03	3.33e-05	5.76e-07	0.00e+00	0.00e+00	0.00e+00	0.00e+00	0.00e+00	0.00e+00
 2.58340e+23	3.37e-08	1.48e-03	9.10e-02	2.41e-01	1.12e-01	2.08e-01	2.90e-01	5.49e-02	1.33e-03	2.71e-05	4.49e-07	0.00e+00	0.00e+00	0.00e+00	0.00e+00	0.00e+00	0.00e+00
 2.60483e+23	4.45e-08	1.82e-03	1.05e-01	2.61e-01	1.14e-01	2.05e-01	2.66e-01	4.63e-02	1.05e-03	2.07e-05	3.24e-07	0.00e+00	0.00e+00	0.00e+00	0.00e+00	0.00e+00	0.00e+00
 2.62655e+23	5.57e-08	2.16e-03	1.17e-01	2.77e-01	1.16e-01	2.02e-01	2.45e-01	3.99e-02	8.52e-04	1.65e-05	2.46e-07	0.00e+00	0.00e+00	0.00e+00	0.00e+00	0.00e+00	0.00e+00
 2.64570e+23	6.89e-08	2.52e-03	1.30e-01	2.92e-01	1.17e-01	1.98e-01	2.26e-01	3.45e-02	6.97e-04	1.32e-05	1.89e-07	0.00e+00	0.00e+00	0.00e+00	0.00e+00	0.00e+00	0.00e+00
 2.66334e+23	8.25e-08	2.88e-03	1.42e-01	3.04e-01	1.17e-01	1.94e-01	2.10e-01	3.02e-02	5.82e-04	1.08e-05	1.49e-07	0.00e+00	0.00e+00	0.00e+00	0.00e+00	0.00e+00	0.00e+00
 2.67947e+23	9.80e-08	3.26e-03	1.53e-01	3.16e-01	1.17e-01	1.89e-01	1.95e-01	2.65e-02	4.88e-04	8.94e-06	0.00e+00	0.00e+00	0.00e+00	0.00e+00	0.00e+00	0.00e+00	0.00e+00
 2.69798e+23	1.21e-07	3.81e-03	1.69e-01	3.29e-01	1.16e-01	1.82e-01	1.77e-01	2.24e-02	3.88e-04	6.97e-06	0.00e+00	0.00e+00	0.00e+00	0.00e+00	0.00e+00	0.00e+00	0.00e+00
 2.71678e+23	1.44e-07	4.31e-03	1.82e-01	3.40e-01	1.15e-01	1.77e-01	1.62e-01	1.94e-02	3.21e-04	5.66e-06	0.00e+00	0.00e+00	0.00e+00	0.00e+00	0.00e+00	0.00e+00	0.00e+00
 2.73342e+23	1.71e-07	4.85e-03	1.96e-01	3.49e-01	1.14e-01	1.70e-01	1.48e-01	1.67e-02	2.64e-04	4.59e-06	0.00e+00	0.00e+00	0.00e+00	0.00e+00	0.00e+00	0.00e+00	0.00e+00
 2.75250e+23	2.10e-07	5.61e-03	2.14e-01	3.60e-01	1.12e-01	1.62e-01	1.32e-01	1.39e-02	2.07e-04	3.52e-06	0.00e+00	0.00e+00	0.00e+00	0.00e+00	0.00e+00	0.00e+00	0.00e+00
 2.77176e+23	2.48e-07	6.31e-03	2.29e-01	3.68e-01	1.10e-01	1.55e-01	1.20e-01	1.18e-02	1.68e-04	2.81e-06	0.00e+00	0.00e+00	0.00e+00	0.00e+00	0.00e+00	0.00e+00	0.00e+00
 2.78854e+23	2.91e-07	7.05e-03	2.44e-01	3.74e-01	1.08e-01	1.48e-01	1.09e-01	1.01e-02	1.37e-04	2.26e-06	0.00e+00	0.00e+00	0.00e+00	0.00e+00	0.00e+00	0.00e+00	0.00e+00
 2.80764e+23	3.54e-07	8.05e-03	2.63e-01	3.81e-01	1.05e-01	1.39e-01	9.56e-02	8.26e-03	1.06e-04	1.71e-06	0.00e+00	0.00e+00	0.00e+00	0.00e+00	0.00e+00	0.00e+00	0.00e+00
 2.82714e+23	4.15e-07	8.98e-03	2.79e-01	3.85e-01	1.02e-01	1.32e-01	8.57e-02	6.96e-03	8.54e-05	1.36e-06	0.00e+00	0.00e+00	0.00e+00	0.00e+00	0.00e+00	0.00e+00	0.00e+00
 2.84445e+23	4.85e-07	9.96e-03	2.95e-01	3.88e-01	9.93e-02	1.24e-01	7.68e-02	5.87e-03	6.88e-05	1.08e-06	0.00e+00	0.00e+00	0.00e+00	0.00e+00	0.00e+00	0.00e+00	0.00e+00
 2.86425e+23	5.86e-07	1.13e-02	3.16e-01	3.91e-01	9.55e-02	1.15e-01	6.66e-02	4.72e-03	5.23e-05	8.01e-07	0.00e+00	0.00e+00	0.00e+00	0.00e+00	0.00e+00	0.00e+00	0.00e+00
 2.88437e+23	6.86e-07	1.25e-02	3.33e-01	3.92e-01	9.21e-02	1.08e-01	5.90e-02	3.91e-03	4.14e-05	6.24e-07	0.00e+00	0.00e+00	0.00e+00	0.00e+00	0.00e+00	0.00e+00	0.00e+00
 2.90209e+23	7.96e-07	1.38e-02	3.49e-01	3.92e-01	8.89e-02	1.01e-01	5.23e-02	3.26e-03	3.31e-05	4.90e-07	0.00e+00	0.00e+00	0.00e+00	0.00e+00	0.00e+00	0.00e+00	0.00e+00
 2.92234e+23	9.56e-07	1.56e-02	3.70e-01	3.90e-01	8.47e-02	9.25e-02	4.49e-02	2.58e-03	2.48e-05	3.59e-07	0.00e+00	0.00e+00	0.00e+00	0.00e+00	0.00e+00	0.00e+00	0.00e+00
 2.94300e+23	1.12e-06	1.72e-02	3.87e-01	3.87e-01	8.11e-02	8.57e-02	3.93e-02	2.11e-03	1.94e-05	2.76e-07	0.00e+00	0.00e+00	0.00e+00	0.00e+00	0.00e+00	0.00e+00	0.00e+00
 2.96140e+23	1.29e-06	1.89e-02	4.04e-01	3.84e-01	7.75e-02	7.93e-02	3.45e-02	1.74e-03	1.53e-05	2.13e-07	0.00e+00	0.00e+00	0.00e+00	0.00e+00	0.00e+00	0.00e+00	0.00e+00
 2.98253e+23	1.55e-06	2.12e-02	4.26e-01	3.78e-01	7.31e-02	7.16e-02	2.91e-02	1.35e-03	1.12e-05	1.53e-07	0.00e+00	0.00e+00	0.00e+00	0.00e+00	0.00e+00	0.00e+00	0.00e+00
 3.00409e+23	1.80e-06	2.33e-02	4.43e-01	3.72e-01	6.95e-02	6.56e-02	2.52e-02	1.09e-03	8.67e-06	0.00e+00	0.00e+00	0.00e+00	0.00e+00	0.00e+00	0.00e+00	0.00e+00	0.00e+00
 3.02622e+23	2.17e-06	2.61e-02	4.65e-01	3.64e-01	6.50e-02	5.85e-02	2.10e-02	8.29e-04	6.28e-06	0.00e+00	0.00e+00	0.00e+00	0.00e+00	0.00e+00	0.00e+00	0.00e+00	0.00e+00
 3.04867e+23	2.53e-06	2.87e-02	4.82e-01	3.56e-01	6.13e-02	5.31e-02	1.79e-02	6.59e-04	4.78e-06	0.00e+00	0.00e+00	0.00e+00	0.00e+00	0.00e+00	0.00e+00	0.00e+00	0.00e+00
 3.06831e+23	2.92e-06	3.13e-02	4.99e-01	3.48e-01	5.80e-02	4.83e-02	1.55e-02	5.29e-04	3.68e-06	0.00e+00	0.00e+00	0.00e+00	0.00e+00	0.00e+00	0.00e+00	0.00e+00	0.00e+00
 3.08185e+23	3.09e-06	3.24e-02	5.05e-01	3.44e-01	5.67e-02	4.64e-02	1.46e-02	4.85e-04	3.32e-06	0.00e+00	0.00e+00	0.00e+00	0.00e+00	0.00e+00	0.00e+00	0.00e+00	0.00e+00
