#depth	Ne	Ne+	Ne+2	Ne+3	Ne+4	Ne+5	Ne+6	Ne+7	Ne+8	Ne+9	Ne+10
 4.62852e+21	0.00e+00	0.00e+00	0.00e+00	0.00e+00	1.29e-25	8.33e-21	2.04e-16	3.27e-12	1.82e-07	8.49e-04	9.99e-01
 1.05249e+22	0.00e+00	0.00e+00	0.00e+00	5.76e-30	1.07e-24	4.83e-20	8.60e-16	9.63e-12	3.73e-07	1.22e-03	9.99e-01
 1.26375e+22	0.00e+00	0.00e+00	0.00e+00	3.01e-29	4.41e-24	1.57e-19	2.22e-15	1.96e-11	5.99e-07	1.54e-03	9.98e-01
 1.41578e+22	0.00e+00	0.00e+00	0.00e+00	1.12e-28	1.36e-23	4.03e-19	4.71e-15	3.46e-11	8.74e-07	1.86e-03	9.98e-01
 1.50425e+22	0.00e+00	0.00e+00	0.00e+00	1.68e-28	1.93e-23	5.39e-19	5.95e-15	4.12e-11	9.83e-07	1.97e-03	9.98e-01
 1.55233e+22	0.00e+00	0.00e+00	0.00e+00	2.78e-28	2.97e-23	7.79e-19	7.99e-15	5.14e-11	1.14e-06	2.13e-03	9.98e-01
 1.60405e+22	0.00e+00	0.00e+00	0.00e+00	4.45e-28	4.44e-23	1.09e-18	1.05e-14	6.30e-11	1.30e-06	2.27e-03	9.98e-01
 1.66051e+22	0.00e+00	0.00e+00	0.00e+00	8.38e-28	7.64e-23	1.71e-18	1.50e-14	8.27e-11	1.56e-06	2.49e-03	9.98e-01
 1.71054e+22	0.00e+00	0.00e+00	0.00e+00	1.19e-27	1.03e-22	2.20e-18	1.83e-14	9.61e-11	1.73e-06	2.62e-03	9.97e-01
 1.75223e+22	0.00e+00	0.00e+00	0.00e+00	1.81e-27	1.48e-22	2.97e-18	2.33e-14	1.15e-10	1.95e-06	2.78e-03	9.97e-01
 1.79751e+22	0.00e+00	0.00e+00	8.19e-33	2.76e-27	2.12e-22	4.01e-18	2.98e-14	1.38e-10	2.20e-06	2.96e-03	9.97e-01
 1.83862e+22	0.00e+00	0.00e+00	1.26e-32	4.03e-27	2.94e-22	5.27e-18	3.70e-14	1.63e-10	2.46e-06	3.12e-03	9.97e-01
 1.88326e+22	0.00e+00	0.00e+00	2.18e-32	6.51e-27	4.43e-22	7.43e-18	4.87e-14	2.01e-10	2.82e-06	3.35e-03	9.97e-01
 1.92854e+22	0.00e+00	0.00e+00	3.40e-32	9.58e-27	6.18e-22	9.80e-18	6.09e-14	2.37e-10	3.16e-06	3.54e-03	9.96e-01
 1.97464e+22	0.00e+00	0.00e+00	5.93e-32	1.56e-26	9.39e-22	1.39e-17	8.06e-14	2.93e-10	3.63e-06	3.80e-03	9.96e-01
 2.02066e+22	0.00e+00	0.00e+00	9.26e-32	2.31e-26	1.31e-21	1.84e-17	1.01e-13	3.47e-10	4.07e-06	4.01e-03	9.96e-01
 2.06049e+22	0.00e+00	0.00e+00	1.42e-31	3.35e-26	1.81e-21	2.40e-17	1.25e-13	4.08e-10	4.53e-06	4.24e-03	9.96e-01
 2.10617e+22	0.00e+00	0.00e+00	2.47e-31	5.44e-26	2.74e-21	3.40e-17	1.65e-13	5.03e-10	5.21e-06	4.54e-03	9.95e-01
 2.14840e+22	0.00e+00	0.00e+00	3.62e-31	7.62e-26	3.66e-21	4.32e-17	2.00e-13	5.81e-10	5.74e-06	4.77e-03	9.95e-01
 2.18069e+22	0.00e+00	0.00e+00	5.14e-31	1.04e-25	4.76e-21	5.39e-17	2.39e-13	6.64e-10	6.27e-06	4.98e-03	9.95e-01
 2.21723e+22	0.00e+00	0.00e+00	7.79e-31	1.49e-25	6.51e-21	6.99e-17	2.95e-13	7.78e-10	6.97e-06	5.25e-03	9.95e-01
 2.25650e+22	0.00e+00	0.00e+00	1.17e-30	2.12e-25	8.82e-21	9.00e-17	3.61e-13	9.07e-10	7.72e-06	5.53e-03	9.94e-01
 2.29199e+22	0.00e+00	0.00e+00	1.70e-30	2.95e-25	1.17e-20	1.14e-16	4.37e-13	1.05e-09	8.49e-06	5.80e-03	9.94e-01
 2.32556e+22	0.00e+00	0.00e+00	2.44e-30	4.05e-25	1.54e-20	1.43e-16	5.24e-13	1.20e-09	9.31e-06	6.07e-03	9.94e-01
 2.36396e+22	0.00e+00	0.00e+00	3.82e-30	6.01e-25	2.15e-20	1.90e-16	6.58e-13	1.42e-09	1.04e-05	6.42e-03	9.94e-01
 2.40361e+22	0.00e+00	0.00e+00	5.68e-30	8.51e-25	2.90e-20	2.43e-16	8.03e-13	1.66e-09	1.15e-05	6.75e-03	9.93e-01
 2.43811e+22	0.00e+00	0.00e+00	8.15e-30	1.17e-24	3.81e-20	3.05e-16	9.64e-13	1.90e-09	1.26e-05	7.07e-03	9.93e-01
 2.47618e+22	0.00e+00	0.00e+00	1.25e-29	1.70e-24	5.25e-20	4.00e-16	1.20e-12	2.24e-09	1.41e-05	7.46e-03	9.93e-01
 2.51322e+22	0.00e+00	0.00e+00	1.79e-29	2.33e-24	6.90e-20	5.01e-16	1.44e-12	2.57e-09	1.55e-05	7.81e-03	9.92e-01
 2.54242e+22	0.00e+00	0.00e+00	2.44e-29	3.06e-24	8.71e-20	6.09e-16	1.68e-12	2.89e-09	1.67e-05	8.12e-03	9.92e-01
 2.57388e+22	0.00e+00	0.00e+00	3.46e-29	4.15e-24	1.13e-19	7.58e-16	2.00e-12	3.30e-09	1.83e-05	8.49e-03	9.91e-01
 2.60820e+22	0.00e+00	0.00e+00	4.93e-29	5.66e-24	1.48e-19	9.50e-16	2.40e-12	3.78e-09	2.00e-05	8.89e-03	9.91e-01
 2.63925e+22	0.00e+00	0.00e+00	6.76e-29	7.46e-24	1.88e-19	1.16e-15	2.81e-12	4.26e-09	2.17e-05	9.25e-03	9.91e-01
 2.67262e+22	0.00e+00	0.00e+00	9.81e-29	1.03e-23	2.49e-19	1.46e-15	3.40e-12	4.91e-09	2.38e-05	9.70e-03	9.90e-01
 2.70750e+22	0.00e+00	0.00e+00	1.40e-28	1.41e-23	3.25e-19	1.83e-15	4.07e-12	5.63e-09	2.61e-05	1.01e-02	9.90e-01
 2.73799e+22	0.00e+00	0.00e+00	1.93e-28	1.87e-23	4.14e-19	2.24e-15	4.78e-12	6.36e-09	2.83e-05	1.06e-02	9.89e-01
 2.77129e+22	0.00e+00	0.00e+00	2.80e-28	2.59e-23	5.48e-19	2.83e-15	5.78e-12	7.34e-09	3.11e-05	1.11e-02	9.89e-01
 2.80378e+22	0.00e+00	0.00e+00	3.86e-28	3.44e-23	6.97e-19	3.46e-15	6.80e-12	8.29e-09	3.38e-05	1.15e-02	9.88e-01
 2.82941e+22	0.00e+00	0.00e+00	5.03e-28	4.34e-23	8.51e-19	4.09e-15	7.77e-12	9.17e-09	3.61e-05	1.19e-02	9.88e-01
 2.85689e+22	0.00e+00	0.00e+00	6.81e-28	5.66e-23	1.07e-18	4.96e-15	9.07e-12	1.03e-08	3.90e-05	1.24e-02	9.88e-01
 2.88699e+22	0.00e+00	1.60e-33	9.23e-28	7.39e-23	1.35e-18	6.00e-15	1.06e-11	1.16e-08	4.22e-05	1.29e-02	9.87e-01
 2.91542e+22	0.00e+00	2.22e-33	1.24e-27	9.58e-23	1.68e-18	7.23e-15	1.23e-11	1.30e-08	4.55e-05	1.34e-02	9.87e-01
 2.94298e+22	0.00e+00	3.10e-33	1.67e-27	1.24e-22	2.10e-18	8.71e-15	1.43e-11	1.45e-08	4.90e-05	1.39e-02	9.86e-01
 2.96969e+22	0.00e+00	4.23e-33	2.20e-27	1.58e-22	2.59e-18	1.04e-14	1.64e-11	1.61e-08	5.26e-05	1.44e-02	9.86e-01
 2.99967e+22	0.00e+00	6.13e-33	3.06e-27	2.11e-22	3.32e-18	1.28e-14	1.94e-11	1.83e-08	5.73e-05	1.50e-02	9.85e-01
 3.03099e+22	0.00e+00	8.78e-33	4.22e-27	2.80e-22	4.23e-18	1.56e-14	2.29e-11	2.07e-08	6.22e-05	1.56e-02	9.84e-01
 3.05822e+22	0.00e+00	1.21e-32	5.61e-27	3.60e-22	5.24e-18	1.87e-14	2.64e-11	2.31e-08	6.69e-05	1.62e-02	9.84e-01
 3.08240e+22	0.00e+00	1.60e-32	7.22e-27	4.49e-22	6.34e-18	2.19e-14	3.00e-11	2.54e-08	7.13e-05	1.67e-02	9.83e-01
 3.10843e+22	0.00e+00	2.20e-32	9.56e-27	5.74e-22	7.84e-18	2.62e-14	3.46e-11	2.83e-08	7.66e-05	1.73e-02	9.83e-01
 3.13650e+22	0.00e+00	3.03e-32	1.27e-26	7.38e-22	9.73e-18	3.14e-14	4.01e-11	3.16e-08	8.24e-05	1.80e-02	9.82e-01
 3.16198e+22	0.00e+00	4.07e-32	1.65e-26	9.29e-22	1.19e-17	3.70e-14	4.58e-11	3.50e-08	8.82e-05	1.86e-02	9.81e-01
 3.18987e+22	0.00e+00	5.76e-32	2.25e-26	1.22e-21	1.50e-17	4.50e-14	5.36e-11	3.94e-08	9.55e-05	1.93e-02	9.81e-01
 3.21900e+22	0.00e+00	8.05e-32	3.04e-26	1.58e-21	1.87e-17	5.43e-14	6.23e-11	4.41e-08	1.03e-04	2.01e-02	9.80e-01
 3.24362e+22	0.00e+00	1.07e-31	3.92e-26	1.98e-21	2.27e-17	6.38e-14	7.09e-11	4.87e-08	1.10e-04	2.07e-02	9.79e-01
 3.26949e+22	0.00e+00	1.48e-31	5.21e-26	2.54e-21	2.82e-17	7.64e-14	8.20e-11	5.43e-08	1.18e-04	2.15e-02	9.78e-01
 3.29714e+22	0.00e+00	2.03e-31	6.91e-26	3.26e-21	3.49e-17	9.13e-14	9.47e-11	6.05e-08	1.27e-04	2.23e-02	9.78e-01
 3.32220e+22	0.00e+00	2.71e-31	8.95e-26	4.09e-21	4.24e-17	1.08e-13	1.08e-10	6.68e-08	1.36e-04	2.30e-02	9.77e-01
 3.34987e+22	0.00e+00	3.82e-31	1.22e-25	5.35e-21	5.34e-17	1.31e-13	1.26e-10	7.53e-08	1.47e-04	2.39e-02	9.76e-01
 3.37891e+22	0.00e+00	5.33e-31	1.64e-25	6.94e-21	6.68e-17	1.57e-13	1.47e-10	8.43e-08	1.59e-04	2.48e-02	9.75e-01
 3.40319e+22	0.00e+00	7.07e-31	2.10e-25	8.65e-21	8.07e-17	1.84e-13	1.67e-10	9.28e-08	1.69e-04	2.56e-02	9.74e-01
 3.42489e+22	0.00e+00	9.04e-31	2.62e-25	1.05e-20	9.53e-17	2.12e-13	1.86e-10	1.01e-07	1.79e-04	2.63e-02	9.73e-01
 3.44975e+22	0.00e+00	1.23e-30	3.45e-25	1.34e-20	1.17e-16	2.52e-13	2.15e-10	1.12e-07	1.92e-04	2.73e-02	9.73e-01
 3.47667e+22	0.00e+00	1.68e-30	4.55e-25	1.70e-20	1.45e-16	3.01e-13	2.47e-10	1.25e-07	2.06e-04	2.82e-02	9.72e-01
 3.50154e+22	0.00e+00	2.26e-30	5.92e-25	2.15e-20	1.76e-16	3.55e-13	2.83e-10	1.38e-07	2.20e-04	2.92e-02	9.71e-01
 3.52914e+22	0.00e+00	3.20e-30	8.06e-25	2.81e-20	2.23e-16	4.31e-13	3.31e-10	1.56e-07	2.39e-04	3.04e-02	9.69e-01
 3.55667e+22	0.00e+00	4.39e-30	1.07e-24	3.60e-20	2.75e-16	5.15e-13	3.81e-10	1.73e-07	2.56e-04	3.14e-02	9.68e-01
 3.57903e+22	0.00e+00	5.71e-30	1.35e-24	4.43e-20	3.29e-16	5.98e-13	4.30e-10	1.90e-07	2.72e-04	3.24e-02	9.67e-01
 3.60305e+22	0.00e+00	7.74e-30	1.77e-24	5.61e-20	4.03e-16	7.09e-13	4.94e-10	2.11e-07	2.92e-04	3.35e-02	9.66e-01
 3.62931e+22	0.00e+00	1.05e-29	2.32e-24	7.11e-20	4.94e-16	8.41e-13	5.66e-10	2.33e-07	3.13e-04	3.47e-02	9.65e-01
 3.65414e+22	0.00e+00	1.42e-29	3.04e-24	9.02e-20	6.07e-16	9.99e-13	6.50e-10	2.59e-07	3.35e-04	3.59e-02	9.64e-01
 3.67809e+22	0.00e+00	1.89e-29	3.93e-24	1.13e-19	7.36e-16	1.17e-12	7.40e-10	2.86e-07	3.58e-04	3.70e-02	9.63e-01
 3.70521e+22	0.00e+00	2.67e-29	5.32e-24	1.47e-19	9.26e-16	1.42e-12	8.64e-10	3.21e-07	3.87e-04	3.85e-02	9.61e-01
 3.73269e+22	0.00e+00	3.68e-29	7.08e-24	1.89e-19	1.15e-15	1.70e-12	9.99e-10	3.58e-07	4.16e-04	3.99e-02	9.60e-01
 3.75553e+22	0.00e+00	4.86e-29	9.08e-24	2.35e-19	1.39e-15	1.99e-12	1.13e-09	3.93e-07	4.43e-04	4.11e-02	9.58e-01
 3.78013e+22	0.00e+00	6.71e-29	1.21e-23	3.03e-19	1.72e-15	2.39e-12	1.31e-09	4.39e-07	4.76e-04	4.26e-02	9.57e-01
 3.80659e+22	0.00e+00	9.31e-29	1.62e-23	3.90e-19	2.14e-15	2.87e-12	1.52e-09	4.90e-07	5.13e-04	4.42e-02	9.55e-01
 3.83059e+22	0.00e+00	1.24e-28	2.09e-23	4.89e-19	2.59e-15	3.37e-12	1.73e-09	5.40e-07	5.47e-04	4.56e-02	9.54e-01
 3.85297e+22	0.00e+00	1.65e-28	2.69e-23	6.10e-19	3.14e-15	3.96e-12	1.96e-09	5.94e-07	5.83e-04	4.70e-02	9.52e-01
 3.87469e+22	0.00e+00	2.16e-28	3.41e-23	7.51e-19	3.75e-15	4.59e-12	2.21e-09	6.51e-07	6.19e-04	4.84e-02	9.51e-01
 3.89953e+22	0.00e+00	3.01e-28	4.59e-23	9.75e-19	4.70e-15	5.54e-12	2.57e-09	7.28e-07	6.67e-04	5.02e-02	9.49e-01
 3.92558e+22	0.00e+00	4.17e-28	6.13e-23	1.25e-18	5.84e-15	6.65e-12	2.97e-09	8.11e-07	7.17e-04	5.20e-02	9.47e-01
 3.94855e+22	0.00e+00	5.62e-28	7.98e-23	1.58e-18	7.12e-15	7.85e-12	3.40e-09	8.96e-07	7.66e-04	5.37e-02	9.46e-01
 3.97374e+22	3.88e-34	8.12e-28	1.11e-22	2.11e-18	9.11e-15	9.64e-12	4.00e-09	1.01e-06	8.31e-04	5.59e-02	9.43e-01
 3.99962e+22	5.53e-34	1.11e-27	1.47e-22	2.69e-18	1.13e-14	1.15e-11	4.61e-09	1.13e-06	8.92e-04	5.78e-02	9.41e-01
 4.02181e+22	7.71e-34	1.50e-27	1.91e-22	3.39e-18	1.37e-14	1.36e-11	5.26e-09	1.24e-06	9.52e-04	5.97e-02	9.39e-01
 4.04266e+22	1.04e-33	1.97e-27	2.43e-22	4.19e-18	1.65e-14	1.58e-11	5.94e-09	1.36e-06	1.01e-03	6.14e-02	9.38e-01
 4.06634e+22	1.55e-33	2.80e-27	3.32e-22	5.51e-18	2.08e-14	1.92e-11	6.94e-09	1.53e-06	1.09e-03	6.38e-02	9.35e-01
 4.09097e+22	2.22e-33	3.87e-27	4.42e-22	7.08e-18	2.58e-14	2.30e-11	8.01e-09	1.70e-06	1.17e-03	6.60e-02	9.33e-01
 4.11285e+22	3.14e-33	5.29e-27	5.83e-22	9.00e-18	3.17e-14	2.73e-11	9.18e-09	1.88e-06	1.25e-03	6.81e-02	9.31e-01
 4.13734e+22	4.85e-33	7.80e-27	8.23e-22	1.22e-17	4.11e-14	3.39e-11	1.09e-08	2.13e-06	1.36e-03	7.09e-02	9.28e-01
 4.16126e+22	6.76e-33	1.05e-26	1.07e-21	1.53e-17	5.01e-14	4.00e-11	1.24e-08	2.35e-06	1.45e-03	7.32e-02	9.25e-01
 4.18133e+22	9.46e-33	1.42e-26	1.40e-21	1.93e-17	6.12e-14	4.72e-11	1.42e-08	2.59e-06	1.55e-03	7.54e-02	9.23e-01
 4.20433e+22	1.42e-32	2.04e-26	1.93e-21	2.56e-17	7.78e-14	5.78e-11	1.66e-08	2.91e-06	1.67e-03	7.83e-02	9.20e-01
 4.22801e+22	2.05e-32	2.84e-26	2.58e-21	3.31e-17	9.69e-14	6.93e-11	1.92e-08	3.23e-06	1.79e-03	8.09e-02	9.17e-01
 4.24875e+22	2.86e-32	3.83e-26	3.36e-21	4.17e-17	1.18e-13	8.18e-11	2.19e-08	3.56e-06	1.91e-03	8.34e-02	9.15e-01
 4.27185e+22	4.42e-32	5.64e-26	4.74e-21	5.63e-17	1.53e-13	1.01e-10	2.59e-08	4.03e-06	2.07e-03	8.67e-02	9.11e-01
 4.29477e+22	6.37e-32	7.83e-26	6.34e-21	7.24e-17	1.90e-13	1.21e-10	2.98e-08	4.47e-06	2.22e-03	8.96e-02	9.08e-01
 4.31373e+22	8.76e-32	1.04e-25	8.16e-21	9.03e-17	2.29e-13	1.42e-10	3.38e-08	4.90e-06	2.36e-03	9.22e-02	9.05e-01
 4.33468e+22	1.30e-31	1.48e-25	1.11e-20	1.19e-16	2.89e-13	1.72e-10	3.94e-08	5.48e-06	2.54e-03	9.54e-02	9.02e-01
 4.35679e+22	1.88e-31	2.06e-25	1.49e-20	1.53e-16	3.61e-13	2.07e-10	4.55e-08	6.09e-06	2.72e-03	9.86e-02	8.99e-01
 4.37671e+22	2.68e-31	2.83e-25	1.97e-20	1.95e-16	4.44e-13	2.46e-10	5.21e-08	6.72e-06	2.90e-03	1.02e-01	8.95e-01
 4.39888e+22	4.15e-31	4.18e-25	2.79e-20	2.64e-16	5.76e-13	3.06e-10	6.17e-08	7.61e-06	3.14e-03	1.06e-01	8.91e-01
 4.42079e+22	5.95e-31	5.78e-25	3.71e-20	3.39e-16	7.13e-13	3.65e-10	7.09e-08	8.42e-06	3.36e-03	1.09e-01	8.88e-01
 4.43917e+22	8.17e-31	7.67e-25	4.77e-20	4.22e-16	8.60e-13	4.27e-10	8.02e-08	9.21e-06	3.56e-03	1.12e-01	8.85e-01
 4.45991e+22	1.25e-30	1.12e-24	6.67e-20	5.65e-16	1.10e-12	5.25e-10	9.44e-08	1.04e-05	3.84e-03	1.16e-01	8.80e-01
 4.48107e+22	1.80e-30	1.55e-24	8.90e-20	7.27e-16	1.37e-12	6.28e-10	1.09e-07	1.15e-05	4.11e-03	1.20e-01	8.76e-01
 4.49964e+22	2.53e-30	2.11e-24	1.17e-19	9.20e-16	1.68e-12	7.43e-10	1.24e-07	1.26e-05	4.37e-03	1.23e-01	8.73e-01
 4.52064e+22	3.88e-30	3.10e-24	1.64e-19	1.24e-15	2.16e-12	9.18e-10	1.46e-07	1.42e-05	4.72e-03	1.28e-01	8.68e-01
 4.54226e+22	5.70e-30	4.36e-24	2.22e-19	1.61e-15	2.71e-12	1.11e-09	1.69e-07	1.58e-05	5.06e-03	1.32e-01	8.63e-01
 4.56131e+22	8.18e-30	6.03e-24	2.95e-19	2.07e-15	3.36e-12	1.32e-09	1.95e-07	1.75e-05	5.39e-03	1.36e-01	8.59e-01
 4.57982e+22	1.17e-29	8.29e-24	3.91e-19	2.64e-15	4.15e-12	1.58e-09	2.23e-07	1.93e-05	5.75e-03	1.40e-01	8.55e-01
 4.60097e+22	1.81e-29	1.23e-23	5.54e-19	3.58e-15	5.38e-12	1.96e-09	2.64e-07	2.18e-05	6.22e-03	1.45e-01	8.49e-01
 4.62278e+22	2.76e-29	1.79e-23	7.72e-19	4.78e-15	6.89e-12	2.40e-09	3.09e-07	2.45e-05	6.69e-03	1.50e-01	8.44e-01
 4.64171e+22	3.94e-29	2.46e-23	1.02e-18	6.12e-15	8.50e-12	2.86e-09	3.55e-07	2.70e-05	7.12e-03	1.54e-01	8.39e-01
 4.66257e+22	6.13e-29	3.66e-23	1.45e-18	8.30e-15	1.10e-11	3.55e-09	4.20e-07	3.05e-05	7.70e-03	1.59e-01	8.33e-01
 4.68348e+22	8.82e-29	5.06e-23	1.93e-18	1.07e-14	1.37e-11	4.24e-09	4.83e-07	3.38e-05	8.21e-03	1.64e-01	8.28e-01
 4.70148e+22	1.28e-28	7.09e-23	2.60e-18	1.38e-14	1.71e-11	5.10e-09	5.56e-07	3.74e-05	8.75e-03	1.69e-01	8.22e-01
 4.71898e+22	1.80e-28	9.61e-23	3.41e-18	1.75e-14	2.09e-11	6.02e-09	6.33e-07	4.10e-05	9.29e-03	1.73e-01	8.17e-01
 4.73543e+22	2.49e-28	1.28e-22	4.39e-18	2.18e-14	2.52e-11	7.04e-09	7.15e-07	4.48e-05	9.81e-03	1.78e-01	8.13e-01
 4.75101e+22	3.49e-28	1.73e-22	5.73e-18	2.75e-14	3.08e-11	8.30e-09	8.12e-07	4.90e-05	1.04e-02	1.82e-01	8.07e-01
 4.76505e+22	4.66e-28	2.25e-22	7.21e-18	3.35e-14	3.65e-11	9.55e-09	9.06e-07	5.29e-05	1.09e-02	1.86e-01	8.03e-01
 4.77750e+22	5.93e-28	2.79e-22	8.72e-18	3.96e-14	4.21e-11	1.07e-08	9.92e-07	5.65e-05	1.14e-02	1.89e-01	7.99e-01
 4.79162e+22	8.26e-28	3.75e-22	1.13e-17	4.97e-14	5.11e-11	1.26e-08	1.12e-06	6.18e-05	1.20e-02	1.94e-01	7.94e-01
 4.80638e+22	1.11e-27	4.88e-22	1.43e-17	6.08e-14	6.08e-11	1.46e-08	1.26e-06	6.68e-05	1.26e-02	1.98e-01	7.89e-01
 4.81917e+22	1.45e-27	6.22e-22	1.77e-17	7.32e-14	7.12e-11	1.66e-08	1.39e-06	7.18e-05	1.32e-02	2.02e-01	7.84e-01
 4.83111e+22	1.90e-27	7.92e-22	2.19e-17	8.82e-14	8.35e-11	1.89e-08	1.54e-06	7.72e-05	1.38e-02	2.06e-01	7.80e-01
 4.84296e+22	2.46e-27	9.95e-22	2.68e-17	1.05e-13	9.70e-11	2.14e-08	1.69e-06	8.26e-05	1.44e-02	2.10e-01	7.75e-01
 4.85460e+22	3.16e-27	1.25e-21	3.27e-17	1.25e-13	1.12e-10	2.42e-08	1.86e-06	8.83e-05	1.50e-02	2.14e-01	7.71e-01
 4.86601e+22	4.10e-27	1.57e-21	4.01e-17	1.49e-13	1.31e-10	2.74e-08	2.05e-06	9.45e-05	1.57e-02	2.18e-01	7.67e-01
 4.87728e+22	5.29e-27	1.98e-21	4.91e-17	1.78e-13	1.52e-10	3.11e-08	2.25e-06	1.01e-04	1.64e-02	2.22e-01	7.62e-01
 4.89014e+22	7.27e-27	2.63e-21	6.30e-17	2.21e-13	1.83e-10	3.62e-08	2.53e-06	1.10e-04	1.72e-02	2.27e-01	7.56e-01
 4.90317e+22	9.68e-27	3.40e-21	7.90e-17	2.69e-13	2.16e-10	4.16e-08	2.82e-06	1.18e-04	1.81e-02	2.31e-01	7.51e-01
 4.91420e+22	1.24e-26	4.25e-21	9.63e-17	3.19e-13	2.51e-10	4.69e-08	3.09e-06	1.26e-04	1.88e-02	2.35e-01	7.46e-01
 4.92443e+22	1.58e-26	5.27e-21	1.16e-16	3.76e-13	2.88e-10	5.27e-08	3.38e-06	1.35e-04	1.95e-02	2.39e-01	7.42e-01
 4.93432e+22	2.01e-26	6.53e-21	1.41e-16	4.43e-13	3.32e-10	5.91e-08	3.69e-06	1.43e-04	2.03e-02	2.43e-01	7.37e-01
 4.94568e+22	2.71e-26	8.53e-21	1.78e-16	5.44e-13	3.95e-10	6.82e-08	4.12e-06	1.55e-04	2.13e-02	2.47e-01	7.31e-01
 4.95724e+22	3.55e-26	1.09e-20	2.20e-16	6.53e-13	4.62e-10	7.76e-08	4.55e-06	1.66e-04	2.22e-02	2.52e-01	7.26e-01
 4.96712e+22	4.50e-26	1.35e-20	2.65e-16	7.69e-13	5.31e-10	8.71e-08	4.96e-06	1.76e-04	2.31e-02	2.56e-01	7.21e-01
 4.97804e+22	6.12e-26	1.77e-20	3.38e-16	9.48e-13	6.34e-10	1.01e-07	5.55e-06	1.91e-04	2.42e-02	2.61e-01	7.15e-01
 4.98926e+22	8.02e-26	2.26e-20	4.18e-16	1.14e-12	7.43e-10	1.15e-07	6.13e-06	2.05e-04	2.53e-02	2.65e-01	7.09e-01
 4.99917e+22	1.03e-25	2.83e-20	5.11e-16	1.36e-12	8.61e-10	1.30e-07	6.73e-06	2.18e-04	2.63e-02	2.69e-01	7.04e-01
 5.01033e+22	1.45e-25	3.82e-20	6.65e-16	1.70e-12	1.05e-09	1.52e-07	7.60e-06	2.38e-04	2.77e-02	2.75e-01	6.97e-01
 5.02160e+22	1.90e-25	4.87e-20	8.22e-16	2.05e-12	1.22e-09	1.73e-07	8.39e-06	2.54e-04	2.89e-02	2.79e-01	6.91e-01
 5.03122e+22	2.42e-25	6.07e-20	9.97e-16	2.42e-12	1.41e-09	1.95e-07	9.17e-06	2.71e-04	3.00e-02	2.84e-01	6.86e-01
 5.04190e+22	3.47e-25	8.36e-20	1.32e-15	3.09e-12	1.73e-09	2.31e-07	1.04e-05	2.96e-04	3.16e-02	2.90e-01	6.78e-01
 5.05238e+22	4.40e-25	1.03e-19	1.59e-15	3.63e-12	1.99e-09	2.58e-07	1.14e-05	3.15e-04	3.28e-02	2.94e-01	6.73e-01
 5.06262e+22	6.21e-25	1.41e-19	2.09e-15	4.59e-12	2.43e-09	3.04e-07	1.29e-05	3.43e-04	3.46e-02	3.00e-01	6.65e-01
 5.07267e+22	7.82e-25	1.73e-19	2.50e-15	5.36e-12	2.78e-09	3.40e-07	1.40e-05	3.64e-04	3.58e-02	3.04e-01	6.60e-01
 5.08248e+22	1.11e-24	2.36e-19	3.29e-15	6.79e-12	3.39e-09	4.01e-07	1.59e-05	3.96e-04	3.77e-02	3.10e-01	6.52e-01
 5.09226e+22	1.41e-24	2.93e-19	3.96e-15	7.98e-12	3.90e-09	4.49e-07	1.73e-05	4.21e-04	3.91e-02	3.14e-01	6.46e-01
 5.10198e+22	1.99e-24	4.00e-19	5.21e-15	1.01e-11	4.76e-09	5.30e-07	1.97e-05	4.59e-04	4.12e-02	3.20e-01	6.38e-01
 5.11177e+22	2.57e-24	5.02e-19	6.36e-15	1.20e-11	5.51e-09	5.98e-07	2.16e-05	4.89e-04	4.28e-02	3.25e-01	6.32e-01
 5.12166e+22	3.68e-24	6.94e-19	8.44e-15	1.53e-11	6.79e-09	7.09e-07	2.46e-05	5.35e-04	4.51e-02	3.31e-01	6.23e-01
 5.13164e+22	4.79e-24	8.78e-19	1.04e-14	1.83e-11	7.90e-09	8.04e-07	2.71e-05	5.72e-04	4.69e-02	3.36e-01	6.17e-01
 5.14172e+22	6.85e-24	1.21e-18	1.37e-14	2.33e-11	9.71e-09	9.54e-07	3.08e-05	6.25e-04	4.95e-02	3.42e-01	6.08e-01
 5.15171e+22	8.95e-24	1.54e-18	1.69e-14	2.79e-11	1.13e-08	1.08e-06	3.40e-05	6.68e-04	5.15e-02	3.47e-01	6.01e-01
 5.16158e+22	1.28e-23	2.11e-18	2.24e-14	3.55e-11	1.39e-08	1.28e-06	3.87e-05	7.31e-04	5.43e-02	3.53e-01	5.92e-01
 5.17159e+22	1.69e-23	2.72e-18	2.79e-14	4.29e-11	1.64e-08	1.47e-06	4.29e-05	7.84e-04	5.66e-02	3.58e-01	5.84e-01
 5.18181e+22	2.45e-23	3.79e-18	3.73e-14	5.51e-11	2.03e-08	1.75e-06	4.91e-05	8.60e-04	5.98e-02	3.65e-01	5.74e-01
 5.19214e+22	3.27e-23	4.90e-18	4.68e-14	6.70e-11	2.39e-08	2.01e-06	5.47e-05	9.25e-04	6.24e-02	3.70e-01	5.67e-01
 5.20263e+22	4.77e-23	6.88e-18	6.30e-14	8.65e-11	2.98e-08	2.42e-06	6.29e-05	1.02e-03	6.60e-02	3.77e-01	5.56e-01
 5.21317e+22	6.36e-23	8.91e-18	7.90e-14	1.05e-10	3.52e-08	2.78e-06	7.00e-05	1.10e-03	6.89e-02	3.82e-01	5.48e-01
 5.22227e+22	8.42e-23	1.15e-17	9.86e-14	1.27e-10	4.15e-08	3.19e-06	7.78e-05	1.18e-03	7.18e-02	3.87e-01	5.40e-01
 5.23257e+22	1.22e-22	1.60e-17	1.32e-13	1.64e-10	5.15e-08	3.81e-06	8.93e-05	1.29e-03	7.59e-02	3.94e-01	5.29e-01
 5.24285e+22	1.58e-22	2.02e-17	1.62e-13	1.96e-10	6.00e-08	4.34e-06	9.86e-05	1.38e-03	7.89e-02	3.98e-01	5.21e-01
 5.25310e+22	2.26e-22	2.79e-17	2.15e-13	2.49e-10	7.39e-08	5.16e-06	1.13e-04	1.52e-03	8.32e-02	4.05e-01	5.10e-01
 5.26346e+22	2.93e-22	3.52e-17	2.64e-13	2.97e-10	8.61e-08	5.87e-06	1.25e-04	1.62e-03	8.65e-02	4.09e-01	5.02e-01
 5.27397e+22	4.18e-22	4.84e-17	3.49e-13	3.79e-10	1.06e-07	6.99e-06	1.43e-04	1.78e-03	9.12e-02	4.15e-01	4.91e-01
 5.28465e+22	5.41e-22	6.11e-17	4.28e-13	4.52e-10	1.24e-07	7.95e-06	1.58e-04	1.91e-03	9.49e-02	4.20e-01	4.83e-01
 5.29556e+22	7.60e-22	8.29e-17	5.60e-13	5.71e-10	1.51e-07	9.42e-06	1.80e-04	2.09e-03	9.98e-02	4.26e-01	4.72e-01
 5.30686e+22	1.00e-21	1.06e-16	6.98e-13	6.90e-10	1.78e-07	1.08e-05	2.00e-04	2.24e-03	1.04e-01	4.30e-01	4.63e-01
 5.31864e+22	1.42e-21	1.46e-16	9.22e-13	8.77e-10	2.19e-07	1.29e-05	2.30e-04	2.46e-03	1.10e-01	4.36e-01	4.52e-01
 5.33070e+22	1.87e-21	1.87e-16	1.15e-12	1.06e-09	2.59e-07	1.48e-05	2.56e-04	2.65e-03	1.14e-01	4.40e-01	4.42e-01
 5.34143e+22	2.44e-21	2.37e-16	1.42e-12	1.27e-09	3.03e-07	1.69e-05	2.85e-04	2.85e-03	1.19e-01	4.44e-01	4.33e-01
 5.35369e+22	3.41e-21	3.21e-16	1.85e-12	1.61e-09	3.71e-07	2.01e-05	3.25e-04	3.12e-03	1.25e-01	4.50e-01	4.22e-01
 5.36612e+22	4.42e-21	4.06e-16	2.28e-12	1.92e-09	4.34e-07	2.29e-05	3.61e-04	3.34e-03	1.30e-01	4.53e-01	4.13e-01
 5.37878e+22	6.13e-21	5.46e-16	2.96e-12	2.42e-09	5.29e-07	2.71e-05	4.11e-04	3.65e-03	1.37e-01	4.58e-01	4.01e-01
 5.39107e+22	7.70e-21	6.72e-16	3.56e-12	2.83e-09	6.08e-07	3.05e-05	4.51e-04	3.89e-03	1.41e-01	4.61e-01	3.93e-01
 5.40288e+22	1.04e-20	8.78e-16	4.52e-12	3.48e-09	7.28e-07	3.55e-05	5.08e-04	4.22e-03	1.48e-01	4.65e-01	3.83e-01
 5.41492e+22	1.30e-20	1.08e-15	5.41e-12	4.08e-09	8.34e-07	3.98e-05	5.56e-04	4.48e-03	1.53e-01	4.67e-01	3.75e-01
 5.42725e+22	1.74e-20	1.41e-15	6.88e-12	5.02e-09	1.00e-06	4.65e-05	6.28e-04	4.87e-03	1.60e-01	4.71e-01	3.64e-01
 5.43975e+22	2.17e-20	1.72e-15	8.20e-12	5.85e-09	1.14e-06	5.21e-05	6.86e-04	5.17e-03	1.65e-01	4.73e-01	3.56e-01
 5.45248e+22	2.91e-20	2.24e-15	1.04e-11	7.20e-09	1.37e-06	6.07e-05	7.74e-04	5.60e-03	1.72e-01	4.76e-01	3.45e-01
 5.46499e+22	3.56e-20	2.69e-15	1.22e-11	8.29e-09	1.55e-06	6.73e-05	8.39e-04	5.92e-03	1.77e-01	4.78e-01	3.38e-01
 5.47722e+22	4.66e-20	3.44e-15	1.52e-11	1.00e-08	1.83e-06	7.76e-05	9.38e-04	6.38e-03	1.85e-01	4.80e-01	3.28e-01
 5.48969e+22	5.71e-20	4.14e-15	1.79e-11	1.16e-08	2.07e-06	8.61e-05	1.02e-03	6.75e-03	1.90e-01	4.81e-01	3.21e-01
 5.50249e+22	7.48e-20	5.29e-15	2.23e-11	1.40e-08	2.45e-06	9.93e-05	1.14e-03	7.27e-03	1.98e-01	4.83e-01	3.11e-01
 5.51553e+22	9.18e-20	6.38e-15	2.64e-11	1.62e-08	2.78e-06	1.10e-04	1.24e-03	7.69e-03	2.03e-01	4.84e-01	3.03e-01
 5.52888e+22	1.20e-19	8.16e-15	3.29e-11	1.96e-08	3.29e-06	1.27e-04	1.38e-03	8.29e-03	2.11e-01	4.85e-01	2.93e-01
 5.54248e+22	1.48e-19	9.83e-15	3.89e-11	2.27e-08	3.73e-06	1.42e-04	1.51e-03	8.77e-03	2.18e-01	4.86e-01	2.86e-01
 5.55638e+22	1.93e-19	1.26e-14	4.85e-11	2.75e-08	4.42e-06	1.63e-04	1.68e-03	9.45e-03	2.26e-01	4.87e-01	2.76e-01
 5.57054e+22	2.38e-19	1.52e-14	5.73e-11	3.19e-08	5.02e-06	1.82e-04	1.83e-03	1.00e-02	2.32e-01	4.87e-01	2.69e-01
 5.58299e+22	2.91e-19	1.82e-14	6.76e-11	3.68e-08	5.69e-06	2.02e-04	1.99e-03	1.06e-02	2.39e-01	4.87e-01	2.61e-01
 5.59711e+22	3.77e-19	2.31e-14	8.35e-11	4.43e-08	6.69e-06	2.32e-04	2.21e-03	1.13e-02	2.48e-01	4.86e-01	2.52e-01
 5.61121e+22	4.54e-19	2.74e-14	9.72e-11	5.05e-08	7.50e-06	2.55e-04	2.38e-03	1.19e-02	2.54e-01	4.86e-01	2.46e-01
 5.62530e+22	5.85e-19	3.45e-14	1.20e-10	6.06e-08	8.79e-06	2.92e-04	2.65e-03	1.28e-02	2.63e-01	4.85e-01	2.37e-01
 5.63959e+22	7.05e-19	4.10e-14	1.39e-10	6.92e-08	9.86e-06	3.21e-04	2.85e-03	1.34e-02	2.69e-01	4.84e-01	2.30e-01
 5.65415e+22	9.04e-19	5.14e-14	1.71e-10	8.26e-08	1.15e-05	3.66e-04	3.16e-03	1.44e-02	2.78e-01	4.83e-01	2.22e-01
 5.66918e+22	1.11e-18	6.18e-14	2.01e-10	9.54e-08	1.30e-05	4.06e-04	3.43e-03	1.52e-02	2.85e-01	4.81e-01	2.15e-01
 5.68482e+22	1.42e-18	7.78e-14	2.48e-10	1.14e-07	1.52e-05	4.63e-04	3.79e-03	1.62e-02	2.94e-01	4.79e-01	2.07e-01
 5.70100e+22	1.76e-18	9.45e-14	2.95e-10	1.33e-07	1.74e-05	5.17e-04	4.13e-03	1.71e-02	3.02e-01	4.77e-01	1.99e-01
 5.71789e+22	2.29e-18	1.20e-13	3.66e-10	1.60e-07	2.04e-05	5.92e-04	4.58e-03	1.84e-02	3.11e-01	4.74e-01	1.91e-01
 5.73529e+22	2.86e-18	1.47e-13	4.38e-10	1.88e-07	2.34e-05	6.63e-04	5.00e-03	1.94e-02	3.20e-01	4.71e-01	1.84e-01
 5.75335e+22	3.76e-18	1.89e-13	5.48e-10	2.28e-07	2.77e-05	7.62e-04	5.57e-03	2.08e-02	3.30e-01	4.67e-01	1.75e-01
 5.77207e+22	4.75e-18	2.34e-13	6.63e-10	2.69e-07	3.20e-05	8.59e-04	6.11e-03	2.21e-02	3.39e-01	4.64e-01	1.68e-01
 5.78907e+22	5.96e-18	2.87e-13	7.98e-10	3.16e-07	3.67e-05	9.63e-04	6.67e-03	2.34e-02	3.47e-01	4.60e-01	1.62e-01
 5.80862e+22	7.93e-18	3.73e-13	1.01e-09	3.87e-07	4.37e-05	1.11e-03	7.44e-03	2.51e-02	3.58e-01	4.55e-01	1.53e-01
 5.82854e+22	1.00e-17	4.62e-13	1.22e-09	4.57e-07	5.05e-05	1.25e-03	8.15e-03	2.66e-02	3.67e-01	4.50e-01	1.47e-01
 5.84894e+22	1.34e-17	6.03e-13	1.55e-09	5.62e-07	6.03e-05	1.45e-03	9.12e-03	2.86e-02	3.78e-01	4.44e-01	1.39e-01
 5.86962e+22	1.70e-17	7.49e-13	1.88e-09	6.65e-07	6.97e-05	1.64e-03	9.99e-03	3.03e-02	3.87e-01	4.39e-01	1.32e-01
 5.89066e+22	2.29e-17	9.82e-13	2.40e-09	8.21e-07	8.36e-05	1.90e-03	1.12e-02	3.26e-02	3.98e-01	4.32e-01	1.24e-01
 5.91191e+22	2.89e-17	1.22e-12	2.90e-09	9.70e-07	9.65e-05	2.14e-03	1.23e-02	3.45e-02	4.07e-01	4.26e-01	1.18e-01
 5.93345e+22	3.89e-17	1.60e-12	3.71e-09	1.20e-06	1.16e-04	2.50e-03	1.38e-02	3.72e-02	4.19e-01	4.17e-01	1.10e-01
 5.95511e+22	4.90e-17	1.97e-12	4.49e-09	1.42e-06	1.34e-04	2.81e-03	1.51e-02	3.93e-02	4.27e-01	4.11e-01	1.05e-01
 5.97323e+22	6.02e-17	2.39e-12	5.32e-09	1.64e-06	1.52e-04	3.12e-03	1.63e-02	4.13e-02	4.35e-01	4.04e-01	9.99e-02
 5.99307e+22	7.83e-17	3.05e-12	6.64e-09	1.99e-06	1.80e-04	3.60e-03	1.82e-02	4.42e-02	4.45e-01	3.95e-01	9.33e-02
 6.01268e+22	9.52e-17	3.65e-12	7.81e-09	2.30e-06	2.03e-04	3.98e-03	1.96e-02	4.63e-02	4.52e-01	3.89e-01	8.88e-02
 6.03199e+22	1.22e-16	4.59e-12	9.63e-09	2.76e-06	2.39e-04	4.55e-03	2.17e-02	4.93e-02	4.62e-01	3.79e-01	8.30e-02
 6.05159e+22	1.48e-16	5.50e-12	1.14e-08	3.19e-06	2.70e-04	5.05e-03	2.35e-02	5.18e-02	4.69e-01	3.72e-01	7.86e-02
 6.07157e+22	1.89e-16	6.92e-12	1.40e-08	3.84e-06	3.18e-04	5.79e-03	2.61e-02	5.52e-02	4.78e-01	3.62e-01	7.29e-02
 6.09178e+22	2.29e-16	8.28e-12	1.65e-08	4.43e-06	3.61e-04	6.43e-03	2.82e-02	5.79e-02	4.85e-01	3.54e-01	6.88e-02
 6.11229e+22	2.91e-16	1.04e-11	2.03e-08	5.33e-06	4.25e-04	7.39e-03	3.13e-02	6.18e-02	4.93e-01	3.42e-01	6.34e-02
 6.13307e+22	3.51e-16	1.24e-11	2.39e-08	6.15e-06	4.82e-04	8.21e-03	3.39e-02	6.49e-02	4.99e-01	3.34e-01	5.95e-02
 6.15420e+22	4.42e-16	1.54e-11	2.94e-08	7.39e-06	5.68e-04	9.44e-03	3.77e-02	6.92e-02	5.07e-01	3.22e-01	5.45e-02
 6.17580e+22	5.29e-16	1.84e-11	3.46e-08	8.54e-06	6.47e-04	1.05e-02	4.10e-02	7.28e-02	5.13e-01	3.12e-01	5.07e-02
 6.19799e+22	6.59e-16	2.28e-11	4.25e-08	1.03e-05	7.64e-04	1.21e-02	4.57e-02	7.77e-02	5.19e-01	2.99e-01	4.60e-02
 6.22062e+22	7.81e-16	2.69e-11	4.99e-08	1.19e-05	8.70e-04	1.36e-02	4.97e-02	8.18e-02	5.24e-01	2.88e-01	4.24e-02
 6.24310e+22	9.47e-16	3.27e-11	6.02e-08	1.41e-05	1.02e-03	1.56e-02	5.51e-02	8.70e-02	5.28e-01	2.75e-01	3.83e-02
 6.26444e+22	1.08e-15	3.75e-11	6.88e-08	1.59e-05	1.14e-03	1.71e-02	5.92e-02	9.08e-02	5.31e-01	2.65e-01	3.55e-02
 6.28506e+22	1.27e-15	4.42e-11	8.11e-08	1.85e-05	1.31e-03	1.94e-02	6.50e-02	9.60e-02	5.34e-01	2.53e-01	3.21e-02
 6.30607e+22	1.43e-15	5.02e-11	9.22e-08	2.09e-05	1.46e-03	2.13e-02	6.99e-02	1.00e-01	5.35e-01	2.43e-01	2.95e-02
 6.32670e+22	1.62e-15	5.78e-11	1.07e-07	2.40e-05	1.67e-03	2.39e-02	7.62e-02	1.06e-01	5.36e-01	2.30e-01	2.66e-02
 6.34775e+22	1.80e-15	6.49e-11	1.21e-07	2.69e-05	1.86e-03	2.63e-02	8.19e-02	1.10e-01	5.35e-01	2.20e-01	2.43e-02
 6.36825e+22	1.98e-15	7.29e-11	1.37e-07	3.04e-05	2.10e-03	2.92e-02	8.84e-02	1.15e-01	5.34e-01	2.09e-01	2.19e-02
 6.38918e+22	2.16e-15	8.10e-11	1.54e-07	3.41e-05	2.34e-03	3.21e-02	9.49e-02	1.20e-01	5.32e-01	1.98e-01	1.98e-02
 6.40990e+22	2.33e-15	8.95e-11	1.73e-07	3.82e-05	2.61e-03	3.53e-02	1.02e-01	1.26e-01	5.29e-01	1.87e-01	1.79e-02
 6.43074e+22	2.49e-15	9.81e-11	1.92e-07	4.26e-05	2.90e-03	3.88e-02	1.09e-01	1.31e-01	5.26e-01	1.77e-01	1.61e-02
 6.45133e+22	2.63e-15	1.07e-10	2.13e-07	4.73e-05	3.22e-03	4.24e-02	1.16e-01	1.36e-01	5.21e-01	1.67e-01	1.45e-02
 6.47189e+22	2.75e-15	1.16e-10	2.36e-07	5.24e-05	3.56e-03	4.62e-02	1.23e-01	1.41e-01	5.16e-01	1.58e-01	1.30e-02
 6.49248e+22	2.87e-15	1.24e-10	2.60e-07	5.80e-05	3.93e-03	5.03e-02	1.31e-01	1.45e-01	5.09e-01	1.48e-01	1.17e-02
 6.51316e+22	2.96e-15	1.34e-10	2.86e-07	6.41e-05	4.34e-03	5.46e-02	1.39e-01	1.50e-01	5.02e-01	1.39e-01	1.04e-02
 6.53396e+22	3.05e-15	1.43e-10	3.14e-07	7.08e-05	4.78e-03	5.93e-02	1.46e-01	1.55e-01	4.95e-01	1.31e-01	9.32e-03
 6.55496e+22	3.13e-15	1.53e-10	3.46e-07	7.83e-05	5.27e-03	6.42e-02	1.54e-01	1.60e-01	4.86e-01	1.22e-01	8.31e-03
 6.57621e+22	3.20e-15	1.64e-10	3.81e-07	8.67e-05	5.81e-03	6.95e-02	1.62e-01	1.64e-01	4.77e-01	1.14e-01	7.38e-03
 6.59756e+22	3.27e-15	1.75e-10	4.19e-07	9.60e-05	6.39e-03	7.50e-02	1.70e-01	1.68e-01	4.67e-01	1.06e-01	6.56e-03
 6.61926e+22	3.34e-15	1.88e-10	4.63e-07	1.07e-04	7.06e-03	8.11e-02	1.79e-01	1.73e-01	4.56e-01	9.87e-02	5.79e-03
 6.64121e+22	3.41e-15	2.01e-10	5.13e-07	1.19e-04	7.78e-03	8.74e-02	1.87e-01	1.77e-01	4.45e-01	9.17e-02	5.12e-03
 6.66360e+22	3.48e-15	2.17e-10	5.71e-07	1.33e-04	8.61e-03	9.44e-02	1.95e-01	1.80e-01	4.33e-01	8.46e-02	4.49e-03
 6.68443e+22	3.57e-15	2.31e-10	6.25e-07	1.46e-04	9.35e-03	1.00e-01	2.02e-01	1.83e-01	4.22e-01	7.93e-02	4.04e-03
 6.70588e+22	3.66e-15	2.51e-10	7.03e-07	1.65e-04	1.04e-02	1.08e-01	2.10e-01	1.87e-01	4.08e-01	7.26e-02	3.51e-03
 6.72768e+22	3.78e-15	2.71e-10	7.76e-07	1.82e-04	1.13e-02	1.15e-01	2.17e-01	1.89e-01	3.97e-01	6.77e-02	3.14e-03
 6.74997e+22	3.90e-15	2.97e-10	8.82e-07	2.07e-04	1.26e-02	1.24e-01	2.25e-01	1.92e-01	3.82e-01	6.16e-02	2.70e-03
 6.77237e+22	4.08e-15	3.23e-10	9.81e-07	2.29e-04	1.37e-02	1.32e-01	2.31e-01	1.93e-01	3.71e-01	5.73e-02	2.41e-03
 6.79491e+22	4.29e-15	3.59e-10	1.13e-06	2.62e-04	1.53e-02	1.42e-01	2.39e-01	1.95e-01	3.55e-01	5.20e-02	2.07e-03
 6.81758e+22	4.53e-15	3.94e-10	1.26e-06	2.91e-04	1.67e-02	1.50e-01	2.44e-01	1.96e-01	3.43e-01	4.82e-02	1.84e-03
 6.84042e+22	4.84e-15	4.45e-10	1.46e-06	3.35e-04	1.86e-02	1.61e-01	2.51e-01	1.96e-01	3.27e-01	4.35e-02	1.57e-03
 6.86346e+22	5.17e-15	4.93e-10	1.64e-06	3.73e-04	2.02e-02	1.70e-01	2.56e-01	1.97e-01	3.15e-01	4.02e-02	1.39e-03
 6.88675e+22	5.64e-15	5.64e-10	1.92e-06	4.31e-04	2.26e-02	1.82e-01	2.63e-01	1.96e-01	2.99e-01	3.61e-02	1.19e-03
 6.91033e+22	6.12e-15	6.32e-10	2.18e-06	4.83e-04	2.46e-02	1.91e-01	2.67e-01	1.96e-01	2.87e-01	3.31e-02	1.04e-03
 6.93429e+22	6.82e-15	7.35e-10	2.58e-06	5.60e-04	2.74e-02	2.04e-01	2.72e-01	1.94e-01	2.71e-01	2.96e-02	8.82e-04
 6.95865e+22	7.55e-15	8.36e-10	2.95e-06	6.30e-04	2.99e-02	2.15e-01	2.76e-01	1.93e-01	2.58e-01	2.70e-02	7.72e-04
 6.98352e+22	8.63e-15	9.90e-10	3.53e-06	7.34e-04	3.34e-02	2.29e-01	2.80e-01	1.90e-01	2.42e-01	2.39e-02	6.46e-04
 7.00892e+22	9.76e-15	1.14e-09	4.08e-06	8.30e-04	3.64e-02	2.41e-01	2.83e-01	1.88e-01	2.29e-01	2.17e-02	5.60e-04
 7.03499e+22	1.15e-14	1.38e-09	4.93e-06	9.74e-04	4.08e-02	2.56e-01	2.86e-01	1.84e-01	2.13e-01	1.90e-02	4.63e-04
 7.06171e+22	1.33e-14	1.62e-09	5.76e-06	1.11e-03	4.45e-02	2.68e-01	2.87e-01	1.81e-01	2.01e-01	1.71e-02	3.97e-04
 7.08422e+22	1.52e-14	1.87e-09	6.60e-06	1.24e-03	4.80e-02	2.79e-01	2.88e-01	1.77e-01	1.90e-01	1.55e-02	3.46e-04
 7.10845e+22	1.83e-14	2.26e-09	7.90e-06	1.43e-03	5.30e-02	2.94e-01	2.89e-01	1.73e-01	1.76e-01	1.36e-02	2.89e-04
 7.13304e+22	2.13e-14	2.64e-09	9.11e-06	1.60e-03	5.72e-02	3.05e-01	2.89e-01	1.69e-01	1.66e-01	1.23e-02	2.50e-04
 7.15432e+22	2.47e-14	3.06e-09	1.04e-05	1.78e-03	6.14e-02	3.16e-01	2.88e-01	1.65e-01	1.57e-01	1.12e-02	2.18e-04
 7.17820e+22	3.02e-14	3.73e-09	1.25e-05	2.05e-03	6.72e-02	3.30e-01	2.87e-01	1.59e-01	1.45e-01	9.79e-03	1.82e-04
 7.20200e+22	3.54e-14	4.33e-09	1.42e-05	2.27e-03	7.18e-02	3.40e-01	2.85e-01	1.55e-01	1.36e-01	8.87e-03	1.58e-04
 7.22568e+22	4.37e-14	5.28e-09	1.69e-05	2.59e-03	7.82e-02	3.54e-01	2.83e-01	1.49e-01	1.25e-01	7.76e-03	1.32e-04
 7.24970e+22	5.19e-14	6.18e-09	1.94e-05	2.87e-03	8.35e-02	3.64e-01	2.80e-01	1.44e-01	1.18e-01	7.00e-03	1.14e-04
 7.27416e+22	6.52e-14	7.61e-09	2.32e-05	3.28e-03	9.08e-02	3.77e-01	2.77e-01	1.38e-01	1.08e-01	6.08e-03	9.42e-05
 7.29903e+22	7.84e-14	8.97e-09	2.66e-05	3.64e-03	9.68e-02	3.87e-01	2.73e-01	1.33e-01	1.00e-01	5.45e-03	8.11e-05
 7.32443e+22	1.00e-13	1.12e-08	3.20e-05	4.17e-03	1.05e-01	4.00e-01	2.68e-01	1.27e-01	9.12e-02	4.68e-03	6.61e-05
 7.35022e+22	1.22e-13	1.32e-08	3.67e-05	4.62e-03	1.12e-01	4.09e-01	2.64e-01	1.21e-01	8.46e-02	4.17e-03	5.65e-05
 7.37652e+22	1.58e-13	1.66e-08	4.43e-05	5.29e-03	1.21e-01	4.21e-01	2.58e-01	1.15e-01	7.63e-02	3.56e-03	4.56e-05
 7.40343e+22	1.95e-13	1.98e-08	5.12e-05	5.87e-03	1.29e-01	4.30e-01	2.52e-01	1.09e-01	7.02e-02	3.14e-03	3.85e-05
 7.43116e+22	2.58e-13	2.51e-08	6.20e-05	6.73e-03	1.40e-01	4.41e-01	2.45e-01	1.02e-01	6.28e-02	2.65e-03	3.07e-05
 7.45961e+22	3.23e-13	3.04e-08	7.21e-05	7.49e-03	1.49e-01	4.48e-01	2.39e-01	9.69e-02	5.73e-02	2.31e-03	2.56e-05
 7.48901e+22	4.34e-13	3.89e-08	8.78e-05	8.61e-03	1.61e-01	4.58e-01	2.30e-01	9.00e-02	5.07e-02	1.92e-03	2.01e-05
 7.51867e+22	5.45e-13	4.69e-08	1.02e-04	9.54e-03	1.70e-01	4.64e-01	2.23e-01	8.48e-02	4.61e-02	1.67e-03	1.67e-05
 7.54866e+22	7.41e-13	6.05e-08	1.24e-04	1.09e-02	1.84e-01	4.71e-01	2.14e-01	7.82e-02	4.05e-02	1.38e-03	1.29e-05
 7.57891e+22	9.31e-13	7.29e-08	1.44e-04	1.21e-02	1.94e-01	4.76e-01	2.07e-01	7.34e-02	3.67e-02	1.19e-03	1.07e-05
 7.60951e+22	1.27e-12	9.40e-08	1.75e-04	1.38e-02	2.08e-01	4.81e-01	1.97e-01	6.72e-02	3.20e-02	9.78e-04	8.24e-06
 7.64066e+22	1.61e-12	1.14e-07	2.03e-04	1.53e-02	2.19e-01	4.84e-01	1.89e-01	6.27e-02	2.88e-02	8.39e-04	6.75e-06
 7.67252e+22	2.22e-12	1.48e-07	2.47e-04	1.75e-02	2.35e-01	4.87e-01	1.79e-01	5.70e-02	2.49e-02	6.80e-04	5.13e-06
 7.70405e+22	2.78e-12	1.77e-07	2.84e-04	1.92e-02	2.46e-01	4.87e-01	1.71e-01	5.30e-02	2.23e-02	5.84e-04	4.21e-06
 7.72965e+22	3.44e-12	2.10e-07	3.24e-04	2.09e-02	2.57e-01	4.88e-01	1.64e-01	4.96e-02	2.02e-02	5.06e-04	3.50e-06
 7.75745e+22	4.48e-12	2.60e-07	3.80e-04	2.32e-02	2.70e-01	4.87e-01	1.56e-01	4.56e-02	1.78e-02	4.23e-04	2.77e-06
 7.78562e+22	5.57e-12	3.09e-07	4.33e-04	2.52e-02	2.81e-01	4.86e-01	1.49e-01	4.24e-02	1.60e-02	3.64e-04	2.28e-06
 7.81047e+22	6.87e-12	3.65e-07	4.91e-04	2.74e-02	2.92e-01	4.84e-01	1.42e-01	3.95e-02	1.45e-02	3.14e-04	1.89e-06
 7.83897e+22	8.92e-12	4.50e-07	5.73e-04	3.02e-02	3.06e-01	4.80e-01	1.34e-01	3.61e-02	1.27e-02	2.61e-04	1.49e-06
 7.86855e+22	1.13e-11	5.43e-07	6.59e-04	3.30e-02	3.18e-01	4.76e-01	1.27e-01	3.32e-02	1.13e-02	2.21e-04	1.20e-06
 7.89496e+22	1.40e-11	6.43e-07	7.47e-04	3.58e-02	3.29e-01	4.72e-01	1.21e-01	3.07e-02	1.01e-02	1.89e-04	9.82e-07
 7.92472e+22	1.83e-11	7.93e-07	8.73e-04	3.95e-02	3.43e-01	4.66e-01	1.13e-01	2.79e-02	8.77e-03	1.56e-04	7.65e-07
 7.95581e+22	2.34e-11	9.63e-07	1.01e-03	4.31e-02	3.56e-01	4.60e-01	1.06e-01	2.54e-02	7.70e-03	1.30e-04	6.06e-07
 7.98384e+22	2.91e-11	1.15e-06	1.14e-03	4.67e-02	3.68e-01	4.54e-01	1.00e-01	2.34e-02	6.83e-03	1.10e-04	4.89e-07
 8.01553e+22	3.85e-11	1.43e-06	1.34e-03	5.15e-02	3.82e-01	4.45e-01	9.29e-02	2.10e-02	5.86e-03	8.88e-05	3.73e-07
 8.04821e+22	4.94e-11	1.73e-06	1.55e-03	5.62e-02	3.95e-01	4.36e-01	8.65e-02	1.90e-02	5.10e-03	7.32e-05	2.92e-07
 8.07731e+22	6.19e-11	2.07e-06	1.76e-03	6.07e-02	4.07e-01	4.28e-01	8.10e-02	1.73e-02	4.48e-03	6.13e-05	2.33e-07
 8.11025e+22	8.22e-11	2.58e-06	2.07e-03	6.68e-02	4.21e-01	4.17e-01	7.45e-02	1.54e-02	3.81e-03	4.90e-05	1.75e-07
 8.14444e+22	1.06e-10	3.15e-06	2.39e-03	7.28e-02	4.33e-01	4.06e-01	6.88e-02	1.38e-02	3.28e-03	3.98e-05	1.35e-07
 8.17514e+22	1.34e-10	3.77e-06	2.72e-03	7.86e-02	4.44e-01	3.95e-01	6.39e-02	1.25e-02	2.85e-03	3.30e-05	0.00e+00
 8.20994e+22	1.80e-10	4.73e-06	3.20e-03	8.64e-02	4.57e-01	3.82e-01	5.81e-02	1.10e-02	2.39e-03	2.59e-05	0.00e+00
 8.24607e+22	2.34e-10	5.81e-06	3.71e-03	9.40e-02	4.68e-01	3.69e-01	5.30e-02	9.79e-03	2.03e-03	2.07e-05	0.00e+00
 8.27843e+22	2.97e-10	6.98e-06	4.22e-03	1.01e-01	4.78e-01	3.57e-01	4.88e-02	8.79e-03	1.75e-03	1.69e-05	0.00e+00
 8.31503e+22	4.04e-10	8.84e-06	4.99e-03	1.11e-01	4.89e-01	3.41e-01	4.37e-02	7.62e-03	1.44e-03	1.30e-05	0.00e+00
 8.35235e+22	5.23e-10	1.08e-05	5.74e-03	1.20e-01	4.98e-01	3.28e-01	3.97e-02	6.75e-03	1.21e-03	1.03e-05	0.00e+00
 8.39060e+22	7.15e-10	1.37e-05	6.79e-03	1.32e-01	5.08e-01	3.11e-01	3.53e-02	5.81e-03	9.88e-04	7.81e-06	0.00e+00
 8.42925e+22	9.24e-10	1.67e-05	7.79e-03	1.42e-01	5.15e-01	2.97e-01	3.19e-02	5.12e-03	8.31e-04	6.18e-06	0.00e+00
 8.46841e+22	1.27e-09	2.13e-05	9.24e-03	1.55e-01	5.22e-01	2.80e-01	2.80e-02	4.36e-03	6.66e-04	4.59e-06	0.00e+00
 8.50791e+22	1.64e-09	2.58e-05	1.06e-02	1.67e-01	5.27e-01	2.66e-01	2.52e-02	3.83e-03	5.57e-04	3.62e-06	0.00e+00
 8.54787e+22	2.27e-09	3.30e-05	1.25e-02	1.82e-01	5.31e-01	2.48e-01	2.19e-02	3.24e-03	4.42e-04	2.65e-06	0.00e+00
 8.58828e+22	2.93e-09	4.00e-05	1.43e-02	1.95e-01	5.34e-01	2.35e-01	1.96e-02	2.82e-03	3.67e-04	2.07e-06	0.00e+00
 8.62930e+22	4.06e-09	5.12e-05	1.69e-02	2.11e-01	5.35e-01	2.17e-01	1.69e-02	2.36e-03	2.88e-04	1.50e-06	0.00e+00
 8.67080e+22	5.24e-09	6.21e-05	1.93e-02	2.25e-01	5.34e-01	2.04e-01	1.49e-02	2.05e-03	2.37e-04	1.15e-06	0.00e+00
 8.71293e+22	7.29e-09	7.94e-05	2.28e-02	2.44e-01	5.32e-01	1.87e-01	1.27e-02	1.70e-03	1.83e-04	8.22e-07	0.00e+00
 8.75421e+22	9.26e-09	9.50e-05	2.57e-02	2.58e-01	5.28e-01	1.75e-01	1.13e-02	1.48e-03	1.52e-04	6.39e-07	0.00e+00
 8.79439e+22	1.26e-08	1.19e-04	2.99e-02	2.76e-01	5.23e-01	1.60e-01	9.65e-03	1.23e-03	1.18e-04	4.60e-07	0.00e+00
 8.83313e+22	1.56e-08	1.40e-04	3.33e-02	2.89e-01	5.17e-01	1.50e-01	8.63e-03	1.08e-03	9.90e-05	3.64e-07	0.00e+00
 8.87002e+22	2.06e-08	1.72e-04	3.82e-02	3.07e-01	5.09e-01	1.37e-01	7.40e-03	9.08e-04	7.80e-05	2.66e-07	0.00e+00
 8.90681e+22	2.54e-08	2.01e-04	4.22e-02	3.20e-01	5.02e-01	1.28e-01	6.59e-03	7.95e-04	6.51e-05	2.10e-07	0.00e+00
 8.94348e+22	3.30e-08	2.44e-04	4.79e-02	3.37e-01	4.92e-01	1.17e-01	5.69e-03	6.71e-04	5.18e-05	1.56e-07	0.00e+00
 8.98156e+22	4.18e-08	2.89e-04	5.36e-02	3.52e-01	4.81e-01	1.08e-01	4.95e-03	5.74e-04	4.19e-05	0.00e+00	0.00e+00
 9.01579e+22	5.16e-08	3.38e-04	5.92e-02	3.65e-01	4.71e-01	9.95e-02	4.36e-03	4.97e-04	3.45e-05	0.00e+00	0.00e+00
 9.05462e+22	6.77e-08	4.12e-04	6.73e-02	3.82e-01	4.56e-01	8.96e-02	3.69e-03	4.11e-04	2.68e-05	0.00e+00	0.00e+00
 9.09403e+22	8.48e-08	4.85e-04	7.46e-02	3.96e-01	4.43e-01	8.18e-02	3.20e-03	3.51e-04	2.16e-05	0.00e+00	0.00e+00
 9.12893e+22	1.05e-07	5.66e-04	8.22e-02	4.09e-01	4.30e-01	7.48e-02	2.79e-03	3.00e-04	1.76e-05	0.00e+00	0.00e+00
 9.16905e+22	1.38e-07	6.89e-04	9.30e-02	4.25e-01	4.12e-01	6.64e-02	2.33e-03	2.45e-04	1.34e-05	0.00e+00	0.00e+00
 9.20623e+22	1.65e-07	7.86e-04	1.01e-01	4.35e-01	4.00e-01	6.11e-02	2.06e-03	2.13e-04	1.11e-05	0.00e+00	0.00e+00
 9.23889e+22	2.04e-07	9.13e-04	1.11e-01	4.47e-01	3.84e-01	5.53e-02	1.78e-03	1.80e-04	8.91e-06	0.00e+00	0.00e+00
