#depth	N	N+	N+2	N+3	N+4	N+5	N+6	N+7
 4.62852e+21	0.00e+00	0.00e+00	3.98e-26	2.66e-20	5.99e-15	3.59e-09	1.23e-04	1.00e+00
 1.05249e+22	0.00e+00	0.00e+00	2.30e-25	1.08e-19	1.79e-14	7.42e-09	1.76e-04	1.00e+00
 1.26375e+22	0.00e+00	2.10e-31	7.57e-25	2.81e-19	3.71e-14	1.20e-08	2.24e-04	1.00e+00
 1.41578e+22	0.00e+00	6.54e-31	1.96e-24	6.04e-19	6.63e-14	1.76e-08	2.70e-04	1.00e+00
 1.50425e+22	0.00e+00	9.30e-31	2.63e-24	7.66e-19	7.94e-14	1.98e-08	2.86e-04	1.00e+00
 1.55233e+22	0.00e+00	1.45e-30	3.82e-24	1.03e-18	9.97e-14	2.30e-08	3.08e-04	1.00e+00
 1.60405e+22	0.00e+00	2.18e-30	5.37e-24	1.36e-18	1.23e-13	2.63e-08	3.30e-04	1.00e+00
 1.66051e+22	0.00e+00	3.77e-30	8.50e-24	1.97e-18	1.63e-13	3.17e-08	3.61e-04	1.00e+00
 1.71054e+22	0.00e+00	5.09e-30	1.09e-23	2.41e-18	1.90e-13	3.50e-08	3.80e-04	1.00e+00
 1.75223e+22	0.00e+00	7.34e-30	1.49e-23	3.09e-18	2.30e-13	3.97e-08	4.04e-04	1.00e+00
 1.79751e+22	0.00e+00	1.05e-29	1.99e-23	3.96e-18	2.77e-13	4.49e-08	4.29e-04	1.00e+00
 1.83862e+22	0.00e+00	1.46e-29	2.63e-23	4.96e-18	3.29e-13	5.02e-08	4.53e-04	1.00e+00
 1.88326e+22	0.00e+00	2.21e-29	3.73e-23	6.57e-18	4.08e-13	5.78e-08	4.85e-04	1.00e+00
 1.92854e+22	0.00e+00	3.09e-29	4.95e-23	8.25e-18	4.85e-13	6.47e-08	5.13e-04	9.99e-01
 1.97464e+22	0.00e+00	4.73e-29	7.07e-23	1.10e-17	6.05e-13	7.48e-08	5.51e-04	9.99e-01
 2.02066e+22	0.00e+00	6.63e-29	9.38e-23	1.39e-17	7.20e-13	8.38e-08	5.83e-04	9.99e-01
 2.06049e+22	0.00e+00	9.19e-29	1.24e-22	1.73e-17	8.54e-13	9.37e-08	6.15e-04	9.99e-01
 2.10617e+22	0.00e+00	1.40e-28	1.76e-22	2.31e-17	1.06e-12	1.08e-07	6.60e-04	9.99e-01
 2.14840e+22	0.00e+00	1.87e-28	2.25e-22	2.81e-17	1.24e-12	1.19e-07	6.92e-04	9.99e-01
 2.18069e+22	0.00e+00	2.45e-28	2.81e-22	3.37e-17	1.42e-12	1.31e-07	7.24e-04	9.99e-01
 2.21723e+22	0.00e+00	3.37e-28	3.68e-22	4.20e-17	1.68e-12	1.46e-07	7.63e-04	9.99e-01
 2.25650e+22	0.00e+00	4.58e-28	4.76e-22	5.17e-17	1.97e-12	1.62e-07	8.03e-04	9.99e-01
 2.29199e+22	0.00e+00	6.10e-28	6.06e-22	6.28e-17	2.29e-12	1.78e-07	8.42e-04	9.99e-01
 2.32556e+22	0.00e+00	8.05e-28	7.65e-22	7.59e-17	2.65e-12	1.96e-07	8.82e-04	9.99e-01
 2.36396e+22	0.00e+00	1.14e-27	1.02e-21	9.61e-17	3.18e-12	2.20e-07	9.34e-04	9.99e-01
 2.40361e+22	0.00e+00	1.54e-27	1.32e-21	1.18e-16	3.72e-12	2.44e-07	9.82e-04	9.99e-01
 2.43811e+22	0.00e+00	2.02e-27	1.66e-21	1.43e-16	4.30e-12	2.69e-07	1.03e-03	9.99e-01
 2.47618e+22	0.00e+00	2.80e-27	2.19e-21	1.79e-16	5.12e-12	3.01e-07	1.09e-03	9.99e-01
 2.51322e+22	0.00e+00	3.69e-27	2.75e-21	2.16e-16	5.91e-12	3.30e-07	1.14e-03	9.99e-01
 2.54242e+22	0.00e+00	4.67e-27	3.36e-21	2.53e-16	6.68e-12	3.58e-07	1.18e-03	9.99e-01
 2.57388e+22	0.00e+00	6.12e-27	4.21e-21	3.05e-16	7.72e-12	3.93e-07	1.24e-03	9.99e-01
 2.60820e+22	0.00e+00	8.01e-27	5.28e-21	3.67e-16	8.90e-12	4.31e-07	1.29e-03	9.99e-01
 2.63925e+22	0.00e+00	1.02e-26	6.47e-21	4.33e-16	1.01e-11	4.68e-07	1.35e-03	9.99e-01
 2.67262e+22	0.00e+00	1.36e-26	8.24e-21	5.28e-16	1.18e-11	5.17e-07	1.41e-03	9.99e-01
 2.70750e+22	0.00e+00	1.78e-26	1.03e-20	6.35e-16	1.36e-11	5.67e-07	1.48e-03	9.99e-01
 2.73799e+22	0.00e+00	2.27e-26	1.27e-20	7.50e-16	1.54e-11	6.17e-07	1.54e-03	9.98e-01
 2.77129e+22	0.00e+00	3.02e-26	1.62e-20	9.15e-16	1.80e-11	6.81e-07	1.61e-03	9.98e-01
 2.80378e+22	1.89e-33	3.84e-26	1.98e-20	1.08e-15	2.04e-11	7.40e-07	1.68e-03	9.98e-01
 2.82941e+22	2.39e-33	4.71e-26	2.35e-20	1.24e-15	2.27e-11	7.94e-07	1.74e-03	9.98e-01
 2.85689e+22	3.13e-33	5.95e-26	2.86e-20	1.46e-15	2.58e-11	8.61e-07	1.81e-03	9.98e-01
 2.88699e+22	4.10e-33	7.51e-26	3.48e-20	1.71e-15	2.92e-11	9.33e-07	1.88e-03	9.98e-01
 2.91542e+22	5.32e-33	9.40e-26	4.20e-20	2.00e-15	3.29e-11	1.01e-06	1.95e-03	9.98e-01
 2.94298e+22	6.91e-33	1.18e-25	5.07e-20	2.33e-15	3.70e-11	1.09e-06	2.03e-03	9.98e-01
 2.96969e+22	8.84e-33	1.46e-25	6.07e-20	2.69e-15	4.14e-11	1.17e-06	2.10e-03	9.98e-01
 2.99967e+22	1.19e-32	1.88e-25	7.52e-20	3.21e-15	4.75e-11	1.28e-06	2.19e-03	9.98e-01
 3.03099e+22	1.58e-32	2.39e-25	9.22e-20	3.79e-15	5.39e-11	1.39e-06	2.28e-03	9.98e-01
 3.05822e+22	2.03e-32	2.97e-25	1.11e-19	4.40e-15	6.05e-11	1.50e-06	2.37e-03	9.98e-01
 3.08240e+22	2.53e-32	3.60e-25	1.30e-19	5.02e-15	6.69e-11	1.61e-06	2.45e-03	9.98e-01
 3.10843e+22	3.26e-32	4.48e-25	1.56e-19	5.83e-15	7.53e-11	1.73e-06	2.54e-03	9.97e-01
 3.13650e+22	4.19e-32	5.56e-25	1.87e-19	6.76e-15	8.44e-11	1.87e-06	2.63e-03	9.97e-01
 3.16198e+22	5.28e-32	6.79e-25	2.22e-19	7.76e-15	9.38e-11	2.00e-06	2.72e-03	9.97e-01
 3.18987e+22	6.96e-32	8.61e-25	2.71e-19	9.15e-15	1.07e-10	2.18e-06	2.83e-03	9.97e-01
 3.21900e+22	9.04e-32	1.08e-24	3.27e-19	1.07e-14	1.20e-10	2.35e-06	2.94e-03	9.97e-01
 3.24362e+22	1.13e-31	1.31e-24	3.85e-19	1.22e-14	1.33e-10	2.52e-06	3.04e-03	9.97e-01
 3.26949e+22	1.46e-31	1.63e-24	4.63e-19	1.42e-14	1.50e-10	2.72e-06	3.15e-03	9.97e-01
 3.29714e+22	1.87e-31	2.01e-24	5.54e-19	1.64e-14	1.67e-10	2.93e-06	3.27e-03	9.97e-01
 3.32220e+22	2.35e-31	2.45e-24	6.53e-19	1.88e-14	1.86e-10	3.14e-06	3.38e-03	9.97e-01
 3.34987e+22	3.08e-31	3.10e-24	7.96e-19	2.21e-14	2.11e-10	3.41e-06	3.52e-03	9.96e-01
 3.37891e+22	4.00e-31	3.87e-24	9.60e-19	2.57e-14	2.37e-10	3.68e-06	3.65e-03	9.96e-01
 3.40319e+22	4.98e-31	4.68e-24	1.12e-18	2.92e-14	2.61e-10	3.93e-06	3.77e-03	9.96e-01
 3.42489e+22	6.05e-31	5.53e-24	1.29e-18	3.28e-14	2.86e-10	4.17e-06	3.88e-03	9.96e-01
 3.44975e+22	7.72e-31	6.82e-24	1.54e-18	3.79e-14	3.20e-10	4.49e-06	4.02e-03	9.96e-01
 3.47667e+22	9.85e-31	8.40e-24	1.84e-18	4.37e-14	3.57e-10	4.83e-06	4.17e-03	9.96e-01
 3.50154e+22	1.24e-30	1.02e-23	2.17e-18	5.00e-14	3.96e-10	5.18e-06	4.31e-03	9.96e-01
 3.52914e+22	1.63e-30	1.30e-23	2.64e-18	5.88e-14	4.49e-10	5.63e-06	4.49e-03	9.96e-01
 3.55667e+22	2.08e-30	1.60e-23	3.15e-18	6.76e-14	5.00e-10	6.05e-06	4.66e-03	9.95e-01
 3.57903e+22	2.55e-30	1.90e-23	3.65e-18	7.63e-14	5.48e-10	6.44e-06	4.80e-03	9.95e-01
 3.60305e+22	3.24e-30	2.33e-23	4.33e-18	8.77e-14	6.11e-10	6.92e-06	4.97e-03	9.95e-01
 3.62931e+22	4.10e-30	2.85e-23	5.12e-18	1.01e-13	6.79e-10	7.43e-06	5.15e-03	9.95e-01
 3.65414e+22	5.19e-30	3.49e-23	6.06e-18	1.15e-13	7.54e-10	7.97e-06	5.33e-03	9.95e-01
 3.67809e+22	6.48e-30	4.22e-23	7.10e-18	1.31e-13	8.32e-10	8.52e-06	5.51e-03	9.94e-01
 3.70521e+22	8.45e-30	5.30e-23	8.60e-18	1.53e-13	9.38e-10	9.24e-06	5.73e-03	9.94e-01
 3.73269e+22	1.08e-29	6.54e-23	1.02e-17	1.76e-13	1.04e-09	9.94e-06	5.95e-03	9.94e-01
 3.75553e+22	1.34e-29	7.85e-23	1.19e-17	1.99e-13	1.15e-09	1.06e-05	6.14e-03	9.94e-01
 3.78013e+22	1.71e-29	9.69e-23	1.42e-17	2.30e-13	1.28e-09	1.14e-05	6.37e-03	9.94e-01
 3.80659e+22	2.20e-29	1.20e-22	1.69e-17	2.65e-13	1.42e-09	1.23e-05	6.61e-03	9.93e-01
 3.83059e+22	2.74e-29	1.44e-22	1.98e-17	3.00e-13	1.56e-09	1.31e-05	6.84e-03	9.93e-01
 3.85297e+22	3.40e-29	1.73e-22	2.30e-17	3.39e-13	1.71e-09	1.40e-05	7.06e-03	9.93e-01
 3.87469e+22	4.16e-29	2.06e-22	2.66e-17	3.81e-13	1.87e-09	1.48e-05	7.28e-03	9.93e-01
 3.89953e+22	5.36e-29	2.55e-22	3.17e-17	4.39e-13	2.08e-09	1.60e-05	7.57e-03	9.92e-01
 3.92558e+22	6.83e-29	3.14e-22	3.76e-17	5.02e-13	2.30e-09	1.72e-05	7.85e-03	9.92e-01
 3.94855e+22	8.54e-29	3.79e-22	4.39e-17	5.69e-13	2.52e-09	1.83e-05	8.12e-03	9.92e-01
 3.97374e+22	1.12e-28	4.78e-22	5.31e-17	6.62e-13	2.82e-09	1.99e-05	8.46e-03	9.92e-01
 3.99962e+22	1.42e-28	5.83e-22	6.26e-17	7.54e-13	3.11e-09	2.13e-05	8.77e-03	9.91e-01
 4.02181e+22	1.77e-28	7.01e-22	7.28e-17	8.50e-13	3.39e-09	2.27e-05	9.07e-03	9.91e-01
 4.04266e+22	2.17e-28	8.32e-22	8.38e-17	9.50e-13	3.68e-09	2.40e-05	9.36e-03	9.91e-01
 4.06634e+22	2.81e-28	1.03e-21	1.00e-16	1.09e-12	4.08e-09	2.59e-05	9.73e-03	9.90e-01
 4.09097e+22	3.56e-28	1.26e-21	1.18e-16	1.24e-12	4.47e-09	2.77e-05	1.01e-02	9.90e-01
 4.11285e+22	4.46e-28	1.52e-21	1.37e-16	1.40e-12	4.87e-09	2.95e-05	1.04e-02	9.90e-01
 4.13734e+22	5.92e-28	1.93e-21	1.66e-16	1.63e-12	5.43e-09	3.20e-05	1.09e-02	9.89e-01
 4.16126e+22	7.35e-28	2.31e-21	1.93e-16	1.83e-12	5.90e-09	3.40e-05	1.13e-02	9.89e-01
 4.18133e+22	9.12e-28	2.77e-21	2.23e-16	2.04e-12	6.38e-09	3.61e-05	1.17e-02	9.88e-01
 4.20433e+22	1.19e-27	3.45e-21	2.66e-16	2.35e-12	7.04e-09	3.89e-05	1.21e-02	9.88e-01
 4.22801e+22	1.50e-27	4.20e-21	3.12e-16	2.65e-12	7.67e-09	4.15e-05	1.26e-02	9.87e-01
 4.24875e+22	1.86e-27	5.03e-21	3.61e-16	2.97e-12	8.32e-09	4.41e-05	1.30e-02	9.87e-01
 4.27185e+22	2.46e-27	6.33e-21	4.35e-16	3.43e-12	9.19e-09	4.76e-05	1.36e-02	9.86e-01
 4.29477e+22	3.10e-27	7.68e-21	5.08e-16	3.86e-12	9.96e-09	5.08e-05	1.40e-02	9.86e-01
 4.31373e+22	3.80e-27	9.09e-21	5.82e-16	4.29e-12	1.07e-08	5.37e-05	1.45e-02	9.85e-01
 4.33468e+22	4.88e-27	1.12e-20	6.88e-16	4.87e-12	1.17e-08	5.75e-05	1.51e-02	9.85e-01
 4.35679e+22	6.17e-27	1.36e-20	8.05e-16	5.49e-12	1.27e-08	6.14e-05	1.56e-02	9.84e-01
 4.37671e+22	7.71e-27	1.64e-20	9.34e-16	6.15e-12	1.37e-08	6.52e-05	1.61e-02	9.84e-01
 4.39888e+22	1.02e-26	2.06e-20	1.12e-15	7.09e-12	1.52e-08	7.04e-05	1.68e-02	9.83e-01
 4.42079e+22	1.28e-26	2.49e-20	1.31e-15	7.96e-12	1.64e-08	7.49e-05	1.74e-02	9.82e-01
 4.43917e+22	1.57e-26	2.95e-20	1.50e-15	8.83e-12	1.76e-08	7.92e-05	1.80e-02	9.82e-01
 4.45991e+22	2.05e-26	3.68e-20	1.79e-15	1.01e-11	1.93e-08	8.52e-05	1.87e-02	9.81e-01
 4.48107e+22	2.58e-26	4.46e-20	2.08e-15	1.13e-11	2.08e-08	9.06e-05	1.94e-02	9.81e-01
 4.49964e+22	3.21e-26	5.34e-20	2.41e-15	1.27e-11	2.25e-08	9.62e-05	2.00e-02	9.80e-01
 4.52064e+22	4.21e-26	6.69e-20	2.89e-15	1.46e-11	2.47e-08	1.04e-04	2.09e-02	9.79e-01
 4.54226e+22	5.38e-26	8.19e-20	3.39e-15	1.64e-11	2.68e-08	1.11e-04	2.16e-02	9.78e-01
 4.56131e+22	6.77e-26	9.91e-20	3.96e-15	1.85e-11	2.90e-08	1.18e-04	2.24e-02	9.77e-01
 4.57982e+22	8.50e-26	1.20e-19	4.60e-15	2.07e-11	3.13e-08	1.25e-04	2.32e-02	9.77e-01
 4.60097e+22	1.13e-25	1.51e-19	5.55e-15	2.39e-11	3.45e-08	1.35e-04	2.41e-02	9.76e-01
 4.62278e+22	1.47e-25	1.89e-19	6.62e-15	2.73e-11	3.76e-08	1.45e-04	2.51e-02	9.75e-01
 4.64171e+22	1.85e-25	2.28e-19	7.73e-15	3.07e-11	4.07e-08	1.54e-04	2.60e-02	9.74e-01
 4.66257e+22	2.47e-25	2.90e-19	9.35e-15	3.55e-11	4.49e-08	1.67e-04	2.71e-02	9.73e-01
 4.68348e+22	3.12e-25	3.52e-19	1.09e-14	4.01e-11	4.87e-08	1.78e-04	2.80e-02	9.72e-01
 4.70148e+22	3.98e-25	4.31e-19	1.29e-14	4.53e-11	5.28e-08	1.89e-04	2.90e-02	9.71e-01
 4.71898e+22	4.97e-25	5.18e-19	1.49e-14	5.07e-11	5.71e-08	2.01e-04	2.99e-02	9.70e-01
 4.73543e+22	6.13e-25	6.17e-19	1.72e-14	5.64e-11	6.13e-08	2.13e-04	3.08e-02	9.69e-01
 4.75101e+22	7.65e-25	7.42e-19	1.99e-14	6.31e-11	6.59e-08	2.25e-04	3.18e-02	9.68e-01
 4.76505e+22	9.26e-25	8.69e-19	2.26e-14	6.95e-11	7.03e-08	2.37e-04	3.27e-02	9.67e-01
 4.77750e+22	1.09e-24	9.93e-19	2.52e-14	7.54e-11	7.43e-08	2.47e-04	3.34e-02	9.66e-01
 4.79162e+22	1.35e-24	1.19e-18	2.92e-14	8.44e-11	8.00e-08	2.62e-04	3.44e-02	9.65e-01
 4.80638e+22	1.65e-24	1.40e-18	3.33e-14	9.32e-11	8.56e-08	2.76e-04	3.54e-02	9.64e-01
 4.81917e+22	1.97e-24	1.63e-18	3.76e-14	1.02e-10	9.10e-08	2.89e-04	3.62e-02	9.63e-01
 4.83111e+22	2.37e-24	1.90e-18	4.25e-14	1.12e-10	9.68e-08	3.03e-04	3.71e-02	9.63e-01
 4.84296e+22	2.81e-24	2.19e-18	4.77e-14	1.23e-10	1.03e-07	3.16e-04	3.80e-02	9.62e-01
 4.85460e+22	3.34e-24	2.53e-18	5.36e-14	1.34e-10	1.09e-07	3.31e-04	3.89e-02	9.61e-01
 4.86601e+22	3.99e-24	2.93e-18	6.04e-14	1.47e-10	1.16e-07	3.46e-04	3.98e-02	9.60e-01
 4.87728e+22	4.75e-24	3.40e-18	6.80e-14	1.60e-10	1.23e-07	3.62e-04	4.08e-02	9.59e-01
 4.89014e+22	5.91e-24	4.08e-18	7.88e-14	1.80e-10	1.32e-07	3.83e-04	4.19e-02	9.58e-01
 4.90317e+22	7.21e-24	4.82e-18	9.02e-14	1.99e-10	1.42e-07	4.02e-04	4.30e-02	9.57e-01
 4.91420e+22	8.59e-24	5.58e-18	1.02e-13	2.18e-10	1.50e-07	4.20e-04	4.40e-02	9.56e-01
 4.92443e+22	1.02e-23	6.43e-18	1.14e-13	2.38e-10	1.59e-07	4.38e-04	4.50e-02	9.55e-01
 4.93432e+22	1.21e-23	7.41e-18	1.28e-13	2.59e-10	1.69e-07	4.57e-04	4.59e-02	9.54e-01
 4.94568e+22	1.49e-23	8.85e-18	1.48e-13	2.89e-10	1.82e-07	4.82e-04	4.72e-02	9.52e-01
 4.95724e+22	1.81e-23	1.04e-17	1.68e-13	3.20e-10	1.94e-07	5.05e-04	4.83e-02	9.51e-01
 4.96712e+22	2.14e-23	1.20e-17	1.89e-13	3.50e-10	2.06e-07	5.27e-04	4.93e-02	9.50e-01
 4.97804e+22	2.68e-23	1.45e-17	2.20e-13	3.93e-10	2.23e-07	5.56e-04	5.07e-02	9.49e-01
 4.98926e+22	3.26e-23	1.71e-17	2.52e-13	4.35e-10	2.39e-07	5.83e-04	5.19e-02	9.47e-01
 4.99917e+22	3.93e-23	2.00e-17	2.87e-13	4.80e-10	2.55e-07	6.10e-04	5.31e-02	9.46e-01
 5.01033e+22	5.04e-23	2.47e-17	3.40e-13	5.47e-10	2.78e-07	6.48e-04	5.47e-02	9.45e-01
 5.02160e+22	6.18e-23	2.93e-17	3.91e-13	6.08e-10	2.98e-07	6.80e-04	5.60e-02	9.43e-01
 5.03122e+22	7.42e-23	3.42e-17	4.44e-13	6.70e-10	3.18e-07	7.10e-04	5.72e-02	9.42e-01
 5.04190e+22	9.76e-23	4.31e-17	5.36e-13	7.72e-10	3.49e-07	7.56e-04	5.90e-02	9.40e-01
 5.05238e+22	1.17e-22	5.02e-17	6.08e-13	8.50e-10	3.72e-07	7.89e-04	6.03e-02	9.39e-01
 5.06262e+22	1.53e-22	6.30e-17	7.31e-13	9.79e-10	4.09e-07	8.39e-04	6.21e-02	9.37e-01
 5.07267e+22	1.83e-22	7.32e-17	8.27e-13	1.08e-09	4.35e-07	8.75e-04	6.34e-02	9.36e-01
 5.08248e+22	2.41e-22	9.25e-17	1.00e-12	1.24e-09	4.79e-07	9.31e-04	6.53e-02	9.34e-01
 5.09226e+22	2.90e-22	1.08e-16	1.14e-12	1.37e-09	5.12e-07	9.73e-04	6.67e-02	9.32e-01
 5.10198e+22	3.84e-22	1.38e-16	1.39e-12	1.59e-09	5.65e-07	1.04e-03	6.88e-02	9.30e-01
 5.11177e+22	4.71e-22	1.64e-16	1.60e-12	1.77e-09	6.07e-07	1.08e-03	7.03e-02	9.29e-01
 5.12166e+22	6.32e-22	2.10e-16	1.96e-12	2.07e-09	6.73e-07	1.16e-03	7.26e-02	9.26e-01
 5.13164e+22	7.84e-22	2.52e-16	2.28e-12	2.33e-09	7.27e-07	1.22e-03	7.43e-02	9.25e-01
 5.14172e+22	1.05e-21	3.24e-16	2.80e-12	2.72e-09	8.07e-07	1.30e-03	7.66e-02	9.22e-01
 5.15171e+22	1.32e-21	3.92e-16	3.28e-12	3.07e-09	8.74e-07	1.37e-03	7.85e-02	9.20e-01
 5.16158e+22	1.78e-21	5.06e-16	4.04e-12	3.60e-09	9.72e-07	1.46e-03	8.10e-02	9.18e-01
 5.17159e+22	2.25e-21	6.20e-16	4.77e-12	4.09e-09	1.06e-06	1.54e-03	8.30e-02	9.15e-01
 5.18181e+22	3.09e-21	8.12e-16	5.96e-12	4.84e-09	1.18e-06	1.65e-03	8.58e-02	9.13e-01
 5.19214e+22	3.96e-21	1.00e-15	7.10e-12	5.53e-09	1.29e-06	1.74e-03	8.81e-02	9.10e-01
 5.20263e+22	5.51e-21	1.33e-15	8.94e-12	6.59e-09	1.46e-06	1.87e-03	9.11e-02	9.07e-01
 5.21317e+22	7.08e-21	1.65e-15	1.07e-11	7.54e-09	1.59e-06	1.98e-03	9.35e-02	9.04e-01
 5.22227e+22	9.07e-21	2.04e-15	1.27e-11	8.62e-09	1.74e-06	2.09e-03	9.60e-02	9.02e-01
 5.23257e+22	1.26e-20	2.70e-15	1.60e-11	1.03e-08	1.96e-06	2.25e-03	9.93e-02	8.98e-01
 5.24285e+22	1.59e-20	3.29e-15	1.89e-11	1.17e-08	2.13e-06	2.37e-03	1.02e-01	8.96e-01
 5.25310e+22	2.19e-20	4.33e-15	2.37e-11	1.39e-08	2.39e-06	2.55e-03	1.05e-01	8.92e-01
 5.26346e+22	2.77e-20	5.29e-15	2.80e-11	1.57e-08	2.61e-06	2.68e-03	1.08e-01	8.90e-01
 5.27397e+22	3.82e-20	6.97e-15	3.51e-11	1.87e-08	2.93e-06	2.88e-03	1.11e-01	8.86e-01
 5.28465e+22	4.83e-20	8.52e-15	4.15e-11	2.13e-08	3.19e-06	3.04e-03	1.14e-01	8.83e-01
 5.29556e+22	6.60e-20	1.11e-14	5.17e-11	2.52e-08	3.58e-06	3.27e-03	1.18e-01	8.79e-01
 5.30686e+22	8.51e-20	1.38e-14	6.19e-11	2.89e-08	3.93e-06	3.46e-03	1.21e-01	8.75e-01
 5.31864e+22	1.17e-19	1.82e-14	7.79e-11	3.45e-08	4.43e-06	3.73e-03	1.25e-01	8.71e-01
 5.33070e+22	1.51e-19	2.27e-14	9.33e-11	3.96e-08	4.87e-06	3.95e-03	1.29e-01	8.67e-01
 5.34143e+22	1.94e-19	2.80e-14	1.11e-10	4.53e-08	5.35e-06	4.18e-03	1.32e-01	8.64e-01
 5.35369e+22	2.65e-19	3.66e-14	1.39e-10	5.39e-08	6.01e-06	4.50e-03	1.37e-01	8.59e-01
 5.36612e+22	3.37e-19	4.51e-14	1.65e-10	6.15e-08	6.59e-06	4.77e-03	1.40e-01	8.55e-01
 5.37878e+22	4.59e-19	5.87e-14	2.06e-10	7.29e-08	7.41e-06	5.13e-03	1.45e-01	8.50e-01
 5.39107e+22	5.69e-19	7.06e-14	2.40e-10	8.21e-08	8.04e-06	5.39e-03	1.48e-01	8.46e-01
 5.40288e+22	7.53e-19	8.98e-14	2.93e-10	9.59e-08	8.95e-06	5.77e-03	1.53e-01	8.41e-01
 5.41492e+22	9.29e-19	1.08e-13	3.41e-10	1.08e-07	9.70e-06	6.07e-03	1.56e-01	8.37e-01
 5.42725e+22	1.23e-18	1.37e-13	4.18e-10	1.26e-07	1.08e-05	6.50e-03	1.61e-01	8.32e-01
 5.43975e+22	1.51e-18	1.64e-13	4.84e-10	1.42e-07	1.17e-05	6.83e-03	1.65e-01	8.28e-01
 5.45248e+22	2.01e-18	2.09e-13	5.93e-10	1.66e-07	1.31e-05	7.31e-03	1.70e-01	8.23e-01
 5.46499e+22	2.42e-18	2.45e-13	6.79e-10	1.84e-07	1.41e-05	7.66e-03	1.74e-01	8.19e-01
 5.47722e+22	3.15e-18	3.07e-13	8.20e-10	2.13e-07	1.56e-05	8.16e-03	1.79e-01	8.13e-01
 5.48969e+22	3.81e-18	3.62e-13	9.40e-10	2.38e-07	1.68e-05	8.56e-03	1.82e-01	8.09e-01
 5.50249e+22	4.95e-18	4.54e-13	1.14e-09	2.75e-07	1.87e-05	9.13e-03	1.88e-01	8.03e-01
 5.51553e+22	6.01e-18	5.37e-13	1.31e-09	3.08e-07	2.02e-05	9.58e-03	1.92e-01	7.99e-01
 5.52888e+22	7.81e-18	6.73e-13	1.58e-09	3.57e-07	2.24e-05	1.02e-02	1.97e-01	7.93e-01
 5.54248e+22	9.50e-18	7.96e-13	1.82e-09	3.99e-07	2.42e-05	1.07e-02	2.01e-01	7.88e-01
 5.55638e+22	1.24e-17	9.99e-13	2.20e-09	4.63e-07	2.69e-05	1.15e-02	2.07e-01	7.81e-01
 5.57054e+22	1.50e-17	1.18e-12	2.54e-09	5.18e-07	2.91e-05	1.21e-02	2.12e-01	7.76e-01
 5.58299e+22	1.83e-17	1.40e-12	2.92e-09	5.79e-07	3.15e-05	1.27e-02	2.16e-01	7.71e-01
 5.59711e+22	2.35e-17	1.74e-12	3.50e-09	6.69e-07	3.49e-05	1.35e-02	2.22e-01	7.64e-01
 5.61121e+22	2.80e-17	2.02e-12	3.97e-09	7.39e-07	3.75e-05	1.41e-02	2.26e-01	7.60e-01
 5.62530e+22	3.60e-17	2.51e-12	4.77e-09	8.53e-07	4.15e-05	1.50e-02	2.32e-01	7.53e-01
 5.63959e+22	4.28e-17	2.92e-12	5.41e-09	9.43e-07	4.46e-05	1.57e-02	2.37e-01	7.47e-01
 5.65415e+22	5.45e-17	3.59e-12	6.45e-09	1.08e-06	4.92e-05	1.67e-02	2.43e-01	7.40e-01
 5.66918e+22	6.62e-17	4.25e-12	7.43e-09	1.21e-06	5.33e-05	1.75e-02	2.48e-01	7.34e-01
 5.68482e+22	8.43e-17	5.23e-12	8.85e-09	1.39e-06	5.89e-05	1.87e-02	2.54e-01	7.27e-01
 5.70100e+22	1.04e-16	6.25e-12	1.03e-08	1.57e-06	6.41e-05	1.97e-02	2.60e-01	7.20e-01
 5.71789e+22	1.33e-16	7.77e-12	1.23e-08	1.81e-06	7.11e-05	2.10e-02	2.67e-01	7.12e-01
 5.73529e+22	1.65e-16	9.33e-12	1.44e-08	2.05e-06	7.76e-05	2.21e-02	2.73e-01	7.05e-01
 5.75335e+22	2.14e-16	1.17e-11	1.74e-08	2.38e-06	8.64e-05	2.37e-02	2.80e-01	6.96e-01
 5.77207e+22	2.67e-16	1.42e-11	2.04e-08	2.71e-06	9.47e-05	2.51e-02	2.86e-01	6.88e-01
 5.78907e+22	3.31e-16	1.71e-11	2.39e-08	3.07e-06	1.04e-04	2.65e-02	2.93e-01	6.81e-01
 5.80862e+22	4.35e-16	2.16e-11	2.91e-08	3.60e-06	1.16e-04	2.84e-02	3.01e-01	6.71e-01
 5.82854e+22	5.45e-16	2.62e-11	3.43e-08	4.10e-06	1.27e-04	3.00e-02	3.07e-01	6.62e-01
 5.84894e+22	7.21e-16	3.33e-11	4.21e-08	4.82e-06	1.43e-04	3.22e-02	3.16e-01	6.52e-01
 5.86962e+22	9.07e-16	4.06e-11	4.97e-08	5.50e-06	1.57e-04	3.42e-02	3.23e-01	6.43e-01
 5.89066e+22	1.21e-15	5.22e-11	6.13e-08	6.51e-06	1.77e-04	3.67e-02	3.32e-01	6.31e-01
 5.91191e+22	1.53e-15	6.37e-11	7.26e-08	7.44e-06	1.95e-04	3.89e-02	3.39e-01	6.22e-01
 5.93345e+22	2.06e-15	8.26e-11	9.04e-08	8.87e-06	2.21e-04	4.20e-02	3.48e-01	6.09e-01
 5.95511e+22	2.59e-15	1.01e-10	1.07e-07	1.01e-05	2.43e-04	4.45e-02	3.56e-01	6.00e-01
 5.97323e+22	3.19e-15	1.21e-10	1.24e-07	1.14e-05	2.65e-04	4.69e-02	3.62e-01	5.91e-01
 5.99307e+22	4.23e-15	1.54e-10	1.53e-07	1.35e-05	2.98e-04	5.03e-02	3.71e-01	5.78e-01
 6.01268e+22	5.18e-15	1.83e-10	1.77e-07	1.52e-05	3.25e-04	5.29e-02	3.77e-01	5.69e-01
 6.03199e+22	6.80e-15	2.32e-10	2.16e-07	1.78e-05	3.64e-04	5.66e-02	3.86e-01	5.57e-01
 6.05159e+22	8.39e-15	2.79e-10	2.53e-07	2.02e-05	3.98e-04	5.96e-02	3.93e-01	5.47e-01
 6.07157e+22	1.11e-14	3.56e-10	3.11e-07	2.39e-05	4.48e-04	6.40e-02	4.02e-01	5.34e-01
 6.09178e+22	1.38e-14	4.29e-10	3.65e-07	2.71e-05	4.91e-04	6.75e-02	4.08e-01	5.24e-01
 6.11229e+22	1.85e-14	5.53e-10	4.52e-07	3.23e-05	5.57e-04	7.26e-02	4.18e-01	5.09e-01
 6.13307e+22	2.30e-14	6.70e-10	5.32e-07	3.69e-05	6.11e-04	7.66e-02	4.24e-01	4.98e-01
 6.15420e+22	3.09e-14	8.66e-10	6.63e-07	4.41e-05	6.95e-04	8.25e-02	4.33e-01	4.83e-01
 6.17580e+22	3.91e-14	1.06e-09	7.90e-07	5.09e-05	7.70e-04	8.75e-02	4.41e-01	4.71e-01
 6.19799e+22	5.30e-14	1.39e-09	9.94e-07	6.14e-05	8.80e-04	9.44e-02	4.50e-01	4.55e-01
 6.22062e+22	6.75e-14	1.71e-09	1.19e-06	7.13e-05	9.81e-04	1.00e-01	4.57e-01	4.42e-01
 6.24310e+22	9.06e-14	2.22e-09	1.49e-06	8.58e-05	1.12e-03	1.08e-01	4.65e-01	4.26e-01
 6.26444e+22	1.12e-13	2.66e-09	1.75e-06	9.79e-05	1.23e-03	1.14e-01	4.71e-01	4.14e-01
 6.28506e+22	1.46e-13	3.38e-09	2.15e-06	1.17e-04	1.40e-03	1.22e-01	4.78e-01	3.98e-01
 6.30607e+22	1.81e-13	4.08e-09	2.54e-06	1.34e-04	1.54e-03	1.29e-01	4.83e-01	3.86e-01
 6.32670e+22	2.33e-13	5.10e-09	3.09e-06	1.58e-04	1.74e-03	1.38e-01	4.89e-01	3.71e-01
 6.34775e+22	2.88e-13	6.16e-09	3.66e-06	1.83e-04	1.93e-03	1.46e-01	4.94e-01	3.58e-01
 6.36825e+22	3.62e-13	7.55e-09	4.39e-06	2.14e-04	2.17e-03	1.55e-01	4.99e-01	3.43e-01
 6.38918e+22	4.47e-13	9.12e-09	5.19e-06	2.47e-04	2.41e-03	1.64e-01	5.03e-01	3.30e-01
 6.40990e+22	5.53e-13	1.10e-08	6.17e-06	2.87e-04	2.70e-03	1.74e-01	5.07e-01	3.16e-01
 6.43074e+22	6.76e-13	1.32e-08	7.27e-06	3.32e-04	3.00e-03	1.84e-01	5.10e-01	3.03e-01
 6.45133e+22	8.20e-13	1.58e-08	8.54e-06	3.83e-04	3.33e-03	1.94e-01	5.12e-01	2.90e-01
 6.47189e+22	9.89e-13	1.87e-08	9.99e-06	4.40e-04	3.70e-03	2.05e-01	5.14e-01	2.77e-01
 6.49248e+22	1.19e-12	2.21e-08	1.17e-05	5.05e-04	4.10e-03	2.16e-01	5.15e-01	2.64e-01
 6.51316e+22	1.41e-12	2.60e-08	1.35e-05	5.78e-04	4.54e-03	2.27e-01	5.16e-01	2.52e-01
 6.53396e+22	1.68e-12	3.04e-08	1.57e-05	6.62e-04	5.02e-03	2.38e-01	5.16e-01	2.40e-01
 6.55496e+22	1.98e-12	3.54e-08	1.82e-05	7.55e-04	5.54e-03	2.50e-01	5.15e-01	2.28e-01
 6.57621e+22	2.32e-12	4.12e-08	2.10e-05	8.62e-04	6.12e-03	2.62e-01	5.14e-01	2.17e-01
 6.59756e+22	2.71e-12	4.76e-08	2.41e-05	9.79e-04	6.75e-03	2.75e-01	5.12e-01	2.06e-01
 6.61926e+22	3.16e-12	5.50e-08	2.77e-05	1.11e-03	7.45e-03	2.88e-01	5.09e-01	1.94e-01
 6.64121e+22	3.66e-12	6.32e-08	3.17e-05	1.26e-03	8.19e-03	3.01e-01	5.06e-01	1.84e-01
 6.66360e+22	4.24e-12	7.27e-08	3.63e-05	1.44e-03	9.04e-03	3.14e-01	5.02e-01	1.73e-01
 6.68443e+22	4.77e-12	8.13e-08	4.05e-05	1.59e-03	9.77e-03	3.25e-01	4.98e-01	1.65e-01
 6.70588e+22	5.51e-12	9.35e-08	4.65e-05	1.81e-03	1.08e-02	3.40e-01	4.93e-01	1.55e-01
 6.72768e+22	6.17e-12	1.04e-07	5.17e-05	2.00e-03	1.17e-02	3.51e-01	4.88e-01	1.47e-01
 6.74997e+22	7.08e-12	1.19e-07	5.93e-05	2.28e-03	1.29e-02	3.67e-01	4.81e-01	1.37e-01
 6.77237e+22	7.90e-12	1.33e-07	6.57e-05	2.50e-03	1.39e-02	3.78e-01	4.76e-01	1.30e-01
 6.79491e+22	9.01e-12	1.51e-07	7.50e-05	2.84e-03	1.53e-02	3.93e-01	4.68e-01	1.21e-01
 6.81758e+22	1.00e-11	1.67e-07	8.29e-05	3.11e-03	1.64e-02	4.04e-01	4.62e-01	1.14e-01
 6.84042e+22	1.13e-11	1.90e-07	9.42e-05	3.51e-03	1.80e-02	4.19e-01	4.53e-01	1.06e-01
 6.86346e+22	1.26e-11	2.09e-07	1.04e-04	3.84e-03	1.93e-02	4.31e-01	4.46e-01	1.00e-01
 6.88675e+22	1.42e-11	2.37e-07	1.18e-04	4.31e-03	2.12e-02	4.45e-01	4.36e-01	9.29e-02
 6.91033e+22	1.57e-11	2.61e-07	1.30e-04	4.72e-03	2.27e-02	4.57e-01	4.28e-01	8.74e-02
 6.93429e+22	1.77e-11	2.95e-07	1.47e-04	5.29e-03	2.48e-02	4.71e-01	4.18e-01	8.07e-02
 6.95865e+22	1.95e-11	3.26e-07	1.62e-04	5.78e-03	2.66e-02	4.82e-01	4.09e-01	7.57e-02
 6.98352e+22	2.21e-11	3.68e-07	1.84e-04	6.48e-03	2.90e-02	4.97e-01	3.98e-01	6.95e-02
 7.00892e+22	2.44e-11	4.07e-07	2.04e-04	7.08e-03	3.11e-02	5.08e-01	3.89e-01	6.49e-02
 7.03499e+22	2.76e-11	4.62e-07	2.32e-04	7.94e-03	3.39e-02	5.22e-01	3.77e-01	5.93e-02
 7.06171e+22	3.08e-11	5.13e-07	2.57e-04	8.69e-03	3.63e-02	5.33e-01	3.67e-01	5.51e-02
 7.08422e+22	3.37e-11	5.61e-07	2.82e-04	9.39e-03	3.85e-02	5.42e-01	3.58e-01	5.16e-02
 7.10845e+22	3.77e-11	6.29e-07	3.16e-04	1.04e-02	4.16e-02	5.54e-01	3.46e-01	4.73e-02
 7.13304e+22	4.14e-11	6.90e-07	3.47e-04	1.12e-02	4.42e-02	5.63e-01	3.37e-01	4.42e-02
 7.15432e+22	4.52e-11	7.53e-07	3.78e-04	1.21e-02	4.67e-02	5.71e-01	3.29e-01	4.14e-02
 7.17820e+22	5.03e-11	8.40e-07	4.23e-04	1.33e-02	5.01e-02	5.81e-01	3.17e-01	3.79e-02
 7.20200e+22	5.52e-11	9.19e-07	4.62e-04	1.42e-02	5.27e-02	5.88e-01	3.09e-01	3.55e-02
 7.22568e+22	6.14e-11	1.02e-06	5.15e-04	1.56e-02	5.65e-02	5.97e-01	2.98e-01	3.25e-02
 7.24970e+22	6.76e-11	1.12e-06	5.63e-04	1.67e-02	5.94e-02	6.04e-01	2.89e-01	3.04e-02
 7.27416e+22	7.56e-11	1.26e-06	6.31e-04	1.83e-02	6.35e-02	6.12e-01	2.78e-01	2.77e-02
 7.29903e+22	8.38e-11	1.39e-06	6.92e-04	1.96e-02	6.68e-02	6.18e-01	2.70e-01	2.58e-02
 7.32443e+22	9.39e-11	1.55e-06	7.77e-04	2.15e-02	7.15e-02	6.25e-01	2.58e-01	2.34e-02
 7.35022e+22	1.05e-10	1.72e-06	8.54e-04	2.30e-02	7.51e-02	6.30e-01	2.50e-01	2.17e-02
 7.37652e+22	1.18e-10	1.94e-06	9.63e-04	2.52e-02	8.03e-02	6.36e-01	2.38e-01	1.96e-02
 7.40343e+22	1.32e-10	2.15e-06	1.06e-03	2.71e-02	8.44e-02	6.40e-01	2.29e-01	1.81e-02
 7.43116e+22	1.51e-10	2.45e-06	1.21e-03	2.98e-02	9.02e-02	6.45e-01	2.18e-01	1.62e-02
 7.45961e+22	1.69e-10	2.74e-06	1.34e-03	3.21e-02	9.49e-02	6.48e-01	2.09e-01	1.49e-02
 7.48901e+22	1.96e-10	3.15e-06	1.53e-03	3.53e-02	1.01e-01	6.51e-01	1.98e-01	1.32e-02
 7.51867e+22	2.23e-10	3.55e-06	1.70e-03	3.80e-02	1.06e-01	6.52e-01	1.89e-01	1.21e-02
 7.54866e+22	2.57e-10	4.08e-06	1.95e-03	4.18e-02	1.14e-01	6.54e-01	1.78e-01	1.07e-02
 7.57891e+22	2.94e-10	4.61e-06	2.17e-03	4.50e-02	1.19e-01	6.54e-01	1.70e-01	9.77e-03
 7.60951e+22	3.41e-10	5.32e-06	2.49e-03	4.94e-02	1.27e-01	6.53e-01	1.59e-01	8.60e-03
 7.64066e+22	3.94e-10	6.04e-06	2.78e-03	5.33e-02	1.33e-01	6.52e-01	1.52e-01	7.80e-03
 7.67252e+22	4.61e-10	7.02e-06	3.20e-03	5.85e-02	1.41e-01	6.49e-01	1.41e-01	6.82e-03
 7.70405e+22	5.30e-10	7.95e-06	3.56e-03	6.28e-02	1.47e-01	6.46e-01	1.34e-01	6.18e-03
 7.72965e+22	5.93e-10	8.82e-06	3.92e-03	6.68e-02	1.53e-01	6.43e-01	1.28e-01	5.64e-03
 7.75745e+22	6.90e-10	1.01e-05	4.42e-03	7.22e-02	1.60e-01	6.38e-01	1.20e-01	5.03e-03
 7.78562e+22	7.81e-10	1.13e-05	4.88e-03	7.69e-02	1.66e-01	6.33e-01	1.14e-01	4.56e-03
 7.81047e+22	8.82e-10	1.26e-05	5.38e-03	8.17e-02	1.72e-01	6.28e-01	1.08e-01	4.15e-03
 7.83897e+22	1.03e-09	1.45e-05	6.07e-03	8.81e-02	1.80e-01	6.21e-01	1.01e-01	3.68e-03
 7.86855e+22	1.18e-09	1.64e-05	6.75e-03	9.41e-02	1.87e-01	6.14e-01	9.54e-02	3.29e-03
 7.89496e+22	1.34e-09	1.84e-05	7.45e-03	1.00e-01	1.93e-01	6.06e-01	9.01e-02	2.97e-03
 7.92472e+22	1.59e-09	2.13e-05	8.43e-03	1.08e-01	2.01e-01	5.97e-01	8.37e-02	2.61e-03
 7.95581e+22	1.83e-09	2.42e-05	9.41e-03	1.15e-01	2.08e-01	5.87e-01	7.81e-02	2.32e-03
 7.98384e+22	2.11e-09	2.73e-05	1.04e-02	1.22e-01	2.15e-01	5.77e-01	7.33e-02	2.07e-03
 8.01553e+22	2.53e-09	3.19e-05	1.19e-02	1.32e-01	2.23e-01	5.64e-01	6.74e-02	1.80e-03
 8.04821e+22	2.94e-09	3.65e-05	1.33e-02	1.41e-01	2.30e-01	5.52e-01	6.25e-02	1.58e-03
 8.07731e+22	3.42e-09	4.14e-05	1.47e-02	1.50e-01	2.36e-01	5.40e-01	5.81e-02	1.40e-03
 8.11025e+22	4.13e-09	4.86e-05	1.67e-02	1.61e-01	2.44e-01	5.24e-01	5.30e-02	1.20e-03
 8.14444e+22	4.85e-09	5.59e-05	1.88e-02	1.71e-01	2.51e-01	5.09e-01	4.86e-02	1.04e-03
 8.17514e+22	5.68e-09	6.38e-05	2.08e-02	1.82e-01	2.56e-01	4.95e-01	4.48e-02	9.09e-04
 8.20994e+22	6.95e-09	7.56e-05	2.38e-02	1.95e-01	2.63e-01	4.77e-01	4.04e-02	7.67e-04
 8.24607e+22	8.26e-09	8.75e-05	2.67e-02	2.08e-01	2.69e-01	4.59e-01	3.66e-02	6.54e-04
 8.27843e+22	9.78e-09	1.01e-04	2.97e-02	2.19e-01	2.74e-01	4.43e-01	3.34e-02	5.66e-04
 8.31503e+22	1.21e-08	1.20e-04	3.40e-02	2.35e-01	2.79e-01	4.21e-01	2.96e-02	4.67e-04
 8.35235e+22	1.44e-08	1.38e-04	3.80e-02	2.48e-01	2.83e-01	4.03e-01	2.66e-02	3.95e-04
 8.39060e+22	1.81e-08	1.66e-04	4.34e-02	2.65e-01	2.87e-01	3.80e-01	2.33e-02	3.22e-04
 8.42925e+22	2.17e-08	1.92e-04	4.84e-02	2.79e-01	2.90e-01	3.61e-01	2.08e-02	2.70e-04
 8.46841e+22	2.73e-08	2.31e-04	5.53e-02	2.97e-01	2.92e-01	3.38e-01	1.80e-02	2.16e-04
 8.50791e+22	3.28e-08	2.68e-04	6.14e-02	3.11e-01	2.92e-01	3.19e-01	1.59e-02	1.80e-04
 8.54787e+22	4.15e-08	3.23e-04	7.00e-02	3.29e-01	2.92e-01	2.95e-01	1.36e-02	1.42e-04
 8.58828e+22	5.01e-08	3.74e-04	7.75e-02	3.43e-01	2.91e-01	2.76e-01	1.19e-02	1.17e-04
 8.62930e+22	6.39e-08	4.51e-04	8.80e-02	3.61e-01	2.88e-01	2.53e-01	1.00e-02	9.06e-05
 8.67080e+22	7.74e-08	5.23e-04	9.71e-02	3.74e-01	2.85e-01	2.35e-01	8.71e-03	7.38e-05
 8.71293e+22	9.93e-08	6.32e-04	1.10e-01	3.91e-01	2.79e-01	2.12e-01	7.22e-03	5.62e-05
 8.75421e+22	1.19e-07	7.26e-04	1.20e-01	4.02e-01	2.74e-01	1.96e-01	6.26e-03	4.58e-05
 8.79439e+22	1.51e-07	8.66e-04	1.34e-01	4.16e-01	2.67e-01	1.77e-01	5.19e-03	3.50e-05
 8.83313e+22	1.78e-07	9.80e-04	1.44e-01	4.25e-01	2.61e-01	1.64e-01	4.53e-03	2.89e-05
 8.87002e+22	2.21e-07	1.15e-03	1.59e-01	4.36e-01	2.53e-01	1.48e-01	3.78e-03	2.23e-05
 8.90681e+22	2.61e-07	1.30e-03	1.71e-01	4.43e-01	2.46e-01	1.36e-01	3.28e-03	1.83e-05
 8.94348e+22	3.21e-07	1.50e-03	1.86e-01	4.51e-01	2.36e-01	1.23e-01	2.74e-03	1.42e-05
 8.98156e+22	3.85e-07	1.72e-03	2.00e-01	4.57e-01	2.28e-01	1.11e-01	2.32e-03	1.12e-05
 9.01579e+22	4.56e-07	1.94e-03	2.14e-01	4.61e-01	2.20e-01	1.01e-01	1.98e-03	9.04e-06
 9.05462e+22	5.68e-07	2.26e-03	2.33e-01	4.66e-01	2.08e-01	8.94e-02	1.61e-03	6.80e-06
 9.09403e+22	6.79e-07	2.56e-03	2.49e-01	4.68e-01	1.99e-01	8.04e-02	1.35e-03	5.34e-06
 9.12893e+22	8.07e-07	2.89e-03	2.64e-01	4.69e-01	1.90e-01	7.25e-02	1.14e-03	4.23e-06
 9.16905e+22	1.01e-06	3.37e-03	2.85e-01	4.69e-01	1.78e-01	6.31e-02	9.13e-04	3.11e-06
 9.20623e+22	1.17e-06	3.73e-03	3.00e-01	4.68e-01	1.70e-01	5.74e-02	7.83e-04	2.52e-06
 9.23889e+22	1.39e-06	4.20e-03	3.17e-01	4.66e-01	1.61e-01	5.12e-02	6.52e-04	1.96e-06
