#depth	Ne	Ne+	Ne+2	Ne+3	Ne+4	Ne+5	Ne+6	Ne+7	Ne+8	Ne+9	Ne+10
 4.62852e+21	0.00e+00	2.85e-29	5.67e-24	1.56e-19	9.70e-16	1.48e-12	8.91e-10	3.29e-07	3.93e-04	3.88e-02	9.61e-01
 1.05644e+22	0.00e+00	8.29e-28	1.13e-22	2.15e-18	9.27e-15	9.78e-12	4.05e-09	1.02e-06	8.36e-04	5.61e-02	9.43e-01
 1.26965e+22	5.21e-33	8.33e-27	8.75e-22	1.29e-17	4.31e-14	3.53e-11	1.12e-08	2.18e-06	1.38e-03	7.15e-02	9.27e-01
 1.41811e+22	4.80e-32	6.08e-26	5.09e-21	5.98e-17	1.61e-13	1.06e-10	2.68e-08	4.13e-06	2.11e-03	8.74e-02	9.10e-01
 1.50059e+22	8.45e-32	1.01e-25	7.96e-21	8.85e-17	2.25e-13	1.40e-10	3.34e-08	4.86e-06	2.35e-03	9.20e-02	9.06e-01
 1.52628e+22	1.25e-31	1.43e-25	1.09e-20	1.16e-16	2.84e-13	1.70e-10	3.89e-08	5.42e-06	2.52e-03	9.51e-02	9.02e-01
 1.54368e+22	1.60e-31	1.78e-25	1.32e-20	1.37e-16	3.29e-13	1.92e-10	4.28e-08	5.82e-06	2.64e-03	9.72e-02	9.00e-01
 1.56254e+22	2.35e-31	2.52e-25	1.79e-20	1.79e-16	4.13e-13	2.32e-10	4.96e-08	6.49e-06	2.83e-03	1.01e-01	8.97e-01
 1.58298e+22	3.30e-31	3.41e-25	2.34e-20	2.26e-16	5.04e-13	2.74e-10	5.66e-08	7.14e-06	3.02e-03	1.04e-01	8.93e-01
 1.60237e+22	4.79e-31	4.76e-25	3.14e-20	2.93e-16	6.28e-13	3.29e-10	6.53e-08	7.93e-06	3.23e-03	1.07e-01	8.90e-01
 1.62089e+22	6.60e-31	6.34e-25	4.05e-20	3.66e-16	7.60e-13	3.85e-10	7.40e-08	8.68e-06	3.43e-03	1.10e-01	8.87e-01
 1.64135e+22	1.01e-30	9.31e-25	5.68e-20	4.91e-16	9.80e-13	4.75e-10	8.73e-08	9.79e-06	3.70e-03	1.14e-01	8.82e-01
 1.66238e+22	1.43e-30	1.27e-24	7.47e-20	6.24e-16	1.20e-12	5.63e-10	9.98e-08	1.08e-05	3.95e-03	1.17e-01	8.79e-01
 1.68413e+22	2.24e-30	1.89e-24	1.06e-19	8.50e-16	1.57e-12	7.02e-10	1.19e-07	1.22e-05	4.28e-03	1.22e-01	8.74e-01
 1.70587e+22	3.28e-30	2.66e-24	1.44e-19	1.11e-15	1.96e-12	8.47e-10	1.37e-07	1.36e-05	4.58e-03	1.26e-01	8.70e-01
 1.72421e+22	4.65e-30	3.64e-24	1.90e-19	1.41e-15	2.41e-12	1.01e-09	1.57e-07	1.50e-05	4.88e-03	1.30e-01	8.66e-01
 1.74465e+22	7.17e-30	5.36e-24	2.67e-19	1.90e-15	3.12e-12	1.24e-09	1.85e-07	1.69e-05	5.27e-03	1.34e-01	8.61e-01
 1.76548e+22	1.03e-29	7.43e-24	3.56e-19	2.44e-15	3.87e-12	1.49e-09	2.13e-07	1.87e-05	5.63e-03	1.38e-01	8.56e-01
 1.78395e+22	1.48e-29	1.02e-23	4.73e-19	3.12e-15	4.78e-12	1.77e-09	2.44e-07	2.07e-05	6.00e-03	1.42e-01	8.52e-01
 1.80512e+22	2.31e-29	1.53e-23	6.73e-19	4.25e-15	6.22e-12	2.21e-09	2.90e-07	2.34e-05	6.49e-03	1.48e-01	8.46e-01
 1.82692e+22	3.47e-29	2.20e-23	9.29e-19	5.62e-15	7.91e-12	2.69e-09	3.39e-07	2.62e-05	6.97e-03	1.52e-01	8.41e-01
 1.84610e+22	4.98e-29	3.04e-23	1.24e-18	7.22e-15	9.80e-12	3.22e-09	3.89e-07	2.89e-05	7.43e-03	1.57e-01	8.36e-01
 1.86756e+22	8.21e-29	4.75e-23	1.84e-18	1.02e-14	1.32e-11	4.11e-09	4.70e-07	3.31e-05	8.11e-03	1.63e-01	8.29e-01
 1.88808e+22	1.15e-28	6.45e-23	2.40e-18	1.29e-14	1.61e-11	4.85e-09	5.35e-07	3.64e-05	8.60e-03	1.67e-01	8.24e-01
 1.90735e+22	1.81e-28	9.63e-23	3.42e-18	1.75e-14	2.10e-11	6.04e-09	6.34e-07	4.11e-05	9.29e-03	1.73e-01	8.17e-01
 1.92698e+22	2.61e-28	1.34e-22	4.58e-18	2.26e-14	2.60e-11	7.22e-09	7.29e-07	4.54e-05	9.90e-03	1.78e-01	8.12e-01
 1.94316e+22	3.54e-28	1.76e-22	5.83e-18	2.79e-14	3.12e-11	8.39e-09	8.19e-07	4.93e-05	1.04e-02	1.82e-01	8.07e-01
 1.95728e+22	4.75e-28	2.29e-22	7.35e-18	3.41e-14	3.70e-11	9.67e-09	9.14e-07	5.33e-05	1.10e-02	1.86e-01	8.03e-01
 1.97035e+22	6.36e-28	2.97e-22	9.25e-18	4.16e-14	4.39e-11	1.11e-08	1.02e-06	5.76e-05	1.15e-02	1.90e-01	7.98e-01
 1.98302e+22	8.19e-28	3.72e-22	1.13e-17	4.96e-14	5.10e-11	1.26e-08	1.12e-06	6.17e-05	1.20e-02	1.94e-01	7.94e-01
 1.99743e+22	1.15e-27	5.04e-22	1.48e-17	6.25e-14	6.22e-11	1.49e-08	1.27e-06	6.76e-05	1.27e-02	1.99e-01	7.88e-01
 2.01172e+22	1.52e-27	6.46e-22	1.84e-17	7.57e-14	7.33e-11	1.70e-08	1.41e-06	7.28e-05	1.33e-02	2.03e-01	7.84e-01
 2.02373e+22	1.99e-27	8.23e-22	2.28e-17	9.11e-14	8.59e-11	1.94e-08	1.57e-06	7.82e-05	1.39e-02	2.07e-01	7.79e-01
 2.03719e+22	2.77e-27	1.11e-21	2.96e-17	1.15e-13	1.04e-10	2.28e-08	1.77e-06	8.54e-05	1.47e-02	2.12e-01	7.73e-01
 2.05032e+22	3.61e-27	1.40e-21	3.64e-17	1.37e-13	1.22e-10	2.59e-08	1.96e-06	9.16e-05	1.54e-02	2.16e-01	7.69e-01
 2.06114e+22	4.67e-27	1.77e-21	4.47e-17	1.64e-13	1.42e-10	2.93e-08	2.15e-06	9.80e-05	1.60e-02	2.20e-01	7.64e-01
 2.07170e+22	5.96e-27	2.20e-21	5.41e-17	1.94e-13	1.63e-10	3.30e-08	2.36e-06	1.04e-04	1.67e-02	2.23e-01	7.60e-01
 2.08381e+22	8.03e-27	2.87e-21	6.85e-17	2.37e-13	1.95e-10	3.81e-08	2.63e-06	1.13e-04	1.75e-02	2.28e-01	7.54e-01
 2.09650e+22	1.07e-26	3.71e-21	8.57e-17	2.88e-13	2.30e-10	4.37e-08	2.92e-06	1.22e-04	1.84e-02	2.33e-01	7.49e-01
 2.10775e+22	1.37e-26	4.64e-21	1.04e-16	3.42e-13	2.66e-10	4.93e-08	3.21e-06	1.30e-04	1.91e-02	2.37e-01	7.44e-01
 2.11821e+22	1.77e-26	5.83e-21	1.28e-16	4.08e-13	3.09e-10	5.57e-08	3.53e-06	1.39e-04	1.99e-02	2.41e-01	7.39e-01
 2.12804e+22	2.24e-26	7.21e-21	1.54e-16	4.80e-13	3.55e-10	6.25e-08	3.85e-06	1.48e-04	2.07e-02	2.44e-01	7.35e-01
 2.13904e+22	3.02e-26	9.40e-21	1.94e-16	5.88e-13	4.22e-10	7.21e-08	4.29e-06	1.59e-04	2.17e-02	2.49e-01	7.29e-01
 2.15032e+22	3.94e-26	1.19e-20	2.40e-16	7.05e-13	4.93e-10	8.19e-08	4.74e-06	1.71e-04	2.26e-02	2.53e-01	7.24e-01
 2.16012e+22	5.01e-26	1.48e-20	2.90e-16	8.31e-13	5.67e-10	9.19e-08	5.17e-06	1.82e-04	2.35e-02	2.57e-01	7.19e-01
 2.17101e+22	6.84e-26	1.96e-20	3.70e-16	1.03e-12	6.79e-10	1.07e-07	5.79e-06	1.97e-04	2.47e-02	2.63e-01	7.13e-01
 2.18216e+22	9.00e-26	2.50e-20	4.59e-16	1.24e-12	7.96e-10	1.22e-07	6.40e-06	2.11e-04	2.57e-02	2.67e-01	7.07e-01
 2.19196e+22	1.16e-25	3.14e-20	5.61e-16	1.47e-12	9.23e-10	1.37e-07	7.03e-06	2.25e-04	2.68e-02	2.71e-01	7.02e-01
 2.20300e+22	1.63e-25	4.25e-20	7.32e-16	1.85e-12	1.12e-09	1.61e-07	7.95e-06	2.45e-04	2.82e-02	2.77e-01	6.95e-01
 2.21417e+22	2.14e-25	5.42e-20	9.07e-16	2.23e-12	1.32e-09	1.84e-07	8.78e-06	2.63e-04	2.94e-02	2.82e-01	6.89e-01
 2.22371e+22	2.74e-25	6.78e-20	1.10e-15	2.64e-12	1.52e-09	2.07e-07	9.61e-06	2.80e-04	3.06e-02	2.86e-01	6.83e-01
 2.23432e+22	3.92e-25	9.35e-20	1.46e-15	3.37e-12	1.87e-09	2.45e-07	1.09e-05	3.06e-04	3.23e-02	2.92e-01	6.76e-01
 2.24477e+22	5.01e-25	1.16e-19	1.77e-15	3.98e-12	2.15e-09	2.76e-07	1.20e-05	3.25e-04	3.35e-02	2.96e-01	6.70e-01
 2.25501e+22	7.10e-25	1.59e-19	2.33e-15	5.04e-12	2.63e-09	3.25e-07	1.36e-05	3.55e-04	3.53e-02	3.02e-01	6.62e-01
 2.26504e+22	9.00e-25	1.97e-19	2.81e-15	5.92e-12	3.02e-09	3.64e-07	1.48e-05	3.77e-04	3.66e-02	3.06e-01	6.57e-01
 2.27479e+22	1.27e-24	2.68e-19	3.68e-15	7.49e-12	3.69e-09	4.29e-07	1.68e-05	4.11e-04	3.85e-02	3.12e-01	6.49e-01
 2.28453e+22	1.62e-24	3.33e-19	4.46e-15	8.83e-12	4.25e-09	4.82e-07	1.83e-05	4.37e-04	4.00e-02	3.17e-01	6.43e-01
 2.29426e+22	2.31e-24	4.58e-19	5.89e-15	1.12e-11	5.21e-09	5.70e-07	2.08e-05	4.77e-04	4.22e-02	3.23e-01	6.35e-01
 2.30405e+22	2.99e-24	5.76e-19	7.20e-15	1.33e-11	6.04e-09	6.44e-07	2.28e-05	5.09e-04	4.38e-02	3.27e-01	6.28e-01
 2.31390e+22	4.31e-24	7.99e-19	9.58e-15	1.71e-11	7.45e-09	7.66e-07	2.61e-05	5.57e-04	4.62e-02	3.34e-01	6.19e-01
 2.32383e+22	5.60e-24	1.01e-18	1.18e-14	2.04e-11	8.67e-09	8.68e-07	2.87e-05	5.95e-04	4.81e-02	3.38e-01	6.13e-01
 2.33385e+22	8.02e-24	1.39e-18	1.56e-14	2.60e-11	1.07e-08	1.03e-06	3.27e-05	6.51e-04	5.07e-02	3.45e-01	6.04e-01
 2.34380e+22	1.05e-23	1.78e-18	1.93e-14	3.13e-11	1.25e-08	1.17e-06	3.61e-05	6.97e-04	5.28e-02	3.50e-01	5.97e-01
 2.35364e+22	1.51e-23	2.45e-18	2.56e-14	3.98e-11	1.53e-08	1.39e-06	4.12e-05	7.62e-04	5.57e-02	3.56e-01	5.87e-01
 2.36367e+22	2.00e-23	3.16e-18	3.20e-14	4.83e-11	1.81e-08	1.60e-06	4.57e-05	8.19e-04	5.81e-02	3.61e-01	5.80e-01
 2.37394e+22	2.91e-23	4.43e-18	4.30e-14	6.22e-11	2.25e-08	1.91e-06	5.25e-05	9.00e-04	6.14e-02	3.68e-01	5.70e-01
 2.38427e+22	3.89e-23	5.73e-18	5.39e-14	7.56e-11	2.66e-08	2.20e-06	5.84e-05	9.68e-04	6.41e-02	3.73e-01	5.62e-01
 2.39468e+22	5.67e-23	8.05e-18	7.25e-14	9.77e-11	3.31e-08	2.64e-06	6.72e-05	1.07e-03	6.78e-02	3.80e-01	5.51e-01
 2.40516e+22	7.56e-23	1.04e-17	9.09e-14	1.19e-10	3.91e-08	3.03e-06	7.48e-05	1.15e-03	7.08e-02	3.85e-01	5.43e-01
 2.41425e+22	1.00e-22	1.34e-17	1.14e-13	1.44e-10	4.61e-08	3.48e-06	8.32e-05	1.23e-03	7.38e-02	3.90e-01	5.35e-01
 2.42459e+22	1.45e-22	1.87e-17	1.52e-13	1.85e-10	5.72e-08	4.17e-06	9.57e-05	1.36e-03	7.80e-02	3.97e-01	5.24e-01
 2.43482e+22	1.88e-22	2.36e-17	1.87e-13	2.21e-10	6.66e-08	4.73e-06	1.06e-04	1.45e-03	8.11e-02	4.02e-01	5.16e-01
 2.44490e+22	2.65e-22	3.21e-17	2.44e-13	2.78e-10	8.13e-08	5.59e-06	1.20e-04	1.58e-03	8.53e-02	4.08e-01	5.05e-01
 2.45529e+22	3.49e-22	4.12e-17	3.04e-13	3.36e-10	9.57e-08	6.41e-06	1.34e-04	1.70e-03	8.89e-02	4.12e-01	4.97e-01
 2.46607e+22	4.95e-22	5.64e-17	4.00e-13	4.27e-10	1.18e-07	7.62e-06	1.53e-04	1.86e-03	9.37e-02	4.18e-01	4.86e-01
 2.47706e+22	6.53e-22	7.24e-17	4.99e-13	5.16e-10	1.39e-07	8.75e-06	1.70e-04	2.01e-03	9.76e-02	4.23e-01	4.77e-01
 2.48828e+22	9.26e-22	9.91e-17	6.58e-13	6.56e-10	1.71e-07	1.04e-05	1.95e-04	2.20e-03	1.03e-01	4.29e-01	4.66e-01
 2.49972e+22	1.21e-21	1.26e-16	8.16e-13	7.90e-10	2.00e-07	1.19e-05	2.17e-04	2.36e-03	1.07e-01	4.33e-01	4.57e-01
 2.51149e+22	1.72e-21	1.73e-16	1.08e-12	1.00e-09	2.47e-07	1.42e-05	2.48e-04	2.59e-03	1.13e-01	4.39e-01	4.45e-01
 2.52346e+22	2.24e-21	2.20e-16	1.33e-12	1.21e-09	2.89e-07	1.63e-05	2.76e-04	2.79e-03	1.18e-01	4.43e-01	4.36e-01
 2.53568e+22	3.16e-21	3.00e-16	1.75e-12	1.53e-09	3.55e-07	1.94e-05	3.16e-04	3.06e-03	1.24e-01	4.48e-01	4.24e-01
 2.54798e+22	4.08e-21	3.78e-16	2.15e-12	1.83e-09	4.15e-07	2.21e-05	3.50e-04	3.28e-03	1.29e-01	4.52e-01	4.15e-01
 2.56038e+22	5.68e-21	5.10e-16	2.80e-12	2.30e-09	5.07e-07	2.62e-05	4.00e-04	3.59e-03	1.35e-01	4.57e-01	4.04e-01
 2.57239e+22	7.08e-21	6.23e-16	3.34e-12	2.68e-09	5.79e-07	2.93e-05	4.37e-04	3.81e-03	1.40e-01	4.60e-01	3.96e-01
 2.58389e+22	9.48e-21	8.11e-16	4.22e-12	3.29e-09	6.92e-07	3.40e-05	4.91e-04	4.12e-03	1.46e-01	4.64e-01	3.86e-01
 2.59569e+22	1.19e-20	9.96e-16	5.07e-12	3.85e-09	7.94e-07	3.82e-05	5.38e-04	4.39e-03	1.51e-01	4.66e-01	3.78e-01
 2.60788e+22	1.60e-20	1.31e-15	6.45e-12	4.75e-09	9.53e-07	4.46e-05	6.08e-04	4.76e-03	1.58e-01	4.70e-01	3.67e-01
 2.62022e+22	1.99e-20	1.59e-15	7.69e-12	5.53e-09	1.09e-06	4.99e-05	6.64e-04	5.05e-03	1.63e-01	4.72e-01	3.59e-01
 2.63276e+22	2.66e-20	2.07e-15	9.69e-12	6.77e-09	1.30e-06	5.80e-05	7.46e-04	5.47e-03	1.70e-01	4.75e-01	3.49e-01
 2.64520e+22	3.29e-20	2.50e-15	1.15e-11	7.86e-09	1.48e-06	6.47e-05	8.14e-04	5.80e-03	1.75e-01	4.77e-01	3.41e-01
 2.65751e+22	4.33e-20	3.22e-15	1.44e-11	9.56e-09	1.75e-06	7.48e-05	9.12e-04	6.26e-03	1.83e-01	4.79e-01	3.31e-01
 2.66994e+22	5.30e-20	3.87e-15	1.70e-11	1.10e-08	1.99e-06	8.31e-05	9.90e-04	6.62e-03	1.88e-01	4.81e-01	3.23e-01
 2.68253e+22	6.94e-20	4.95e-15	2.11e-11	1.33e-08	2.35e-06	9.57e-05	1.11e-03	7.13e-03	1.96e-01	4.83e-01	3.13e-01
 2.69536e+22	8.52e-20	5.96e-15	2.49e-11	1.54e-08	2.66e-06	1.06e-04	1.20e-03	7.54e-03	2.01e-01	4.84e-01	3.06e-01
 2.70851e+22	1.12e-19	7.62e-15	3.11e-11	1.87e-08	3.15e-06	1.23e-04	1.35e-03	8.13e-03	2.09e-01	4.85e-01	2.96e-01
 2.72189e+22	1.37e-19	9.19e-15	3.67e-11	2.16e-08	3.58e-06	1.37e-04	1.46e-03	8.60e-03	2.15e-01	4.86e-01	2.89e-01
 2.73559e+22	1.80e-19	1.18e-14	4.58e-11	2.62e-08	4.23e-06	1.58e-04	1.64e-03	9.27e-03	2.24e-01	4.86e-01	2.79e-01
 2.74954e+22	2.21e-19	1.42e-14	5.42e-11	3.03e-08	4.81e-06	1.75e-04	1.78e-03	9.81e-03	2.30e-01	4.87e-01	2.71e-01
 2.76382e+22	2.89e-19	1.82e-14	6.75e-11	3.68e-08	5.69e-06	2.02e-04	1.99e-03	1.06e-02	2.39e-01	4.87e-01	2.61e-01
 2.77778e+22	3.48e-19	2.15e-14	7.85e-11	4.19e-08	6.37e-06	2.22e-04	2.14e-03	1.11e-02	2.45e-01	4.87e-01	2.55e-01
 2.79132e+22	4.47e-19	2.71e-14	9.65e-11	5.02e-08	7.46e-06	2.54e-04	2.38e-03	1.19e-02	2.54e-01	4.86e-01	2.46e-01
 2.80507e+22	5.38e-19	3.20e-14	1.12e-10	5.72e-08	8.36e-06	2.80e-04	2.56e-03	1.25e-02	2.60e-01	4.85e-01	2.40e-01
 2.81910e+22	6.88e-19	4.01e-14	1.37e-10	6.82e-08	9.75e-06	3.18e-04	2.83e-03	1.34e-02	2.68e-01	4.84e-01	2.31e-01
 2.83356e+22	8.41e-19	4.81e-14	1.62e-10	7.87e-08	1.10e-05	3.53e-04	3.07e-03	1.41e-02	2.75e-01	4.83e-01	2.24e-01
 2.84859e+22	1.08e-18	6.04e-14	1.98e-10	9.40e-08	1.29e-05	4.02e-04	3.40e-03	1.51e-02	2.84e-01	4.81e-01	2.16e-01
 2.86411e+22	1.33e-18	7.32e-14	2.35e-10	1.09e-07	1.47e-05	4.48e-04	3.70e-03	1.59e-02	2.92e-01	4.80e-01	2.09e-01
 2.88026e+22	1.72e-18	9.27e-14	2.91e-10	1.31e-07	1.72e-05	5.12e-04	4.10e-03	1.71e-02	3.01e-01	4.77e-01	2.00e-01
 2.89686e+22	2.14e-18	1.13e-13	3.47e-10	1.53e-07	1.97e-05	5.73e-04	4.47e-03	1.81e-02	3.09e-01	4.75e-01	1.93e-01
 2.91403e+22	2.80e-18	1.44e-13	4.32e-10	1.85e-07	2.32e-05	6.57e-04	4.97e-03	1.93e-02	3.19e-01	4.72e-01	1.85e-01
 2.93176e+22	3.50e-18	1.77e-13	5.19e-10	2.18e-07	2.66e-05	7.37e-04	5.43e-03	2.05e-02	3.27e-01	4.68e-01	1.78e-01
 2.95022e+22	4.63e-18	2.29e-13	6.52e-10	2.65e-07	3.16e-05	8.50e-04	6.05e-03	2.20e-02	3.38e-01	4.64e-01	1.69e-01
 2.96920e+22	5.85e-18	2.83e-13	7.90e-10	3.13e-07	3.64e-05	9.57e-04	6.63e-03	2.33e-02	3.47e-01	4.60e-01	1.62e-01
 2.98627e+22	7.33e-18	3.47e-13	9.47e-10	3.67e-07	4.17e-05	1.07e-03	7.22e-03	2.46e-02	3.55e-01	4.56e-01	1.56e-01
 3.00588e+22	9.83e-18	4.54e-13	1.21e-09	4.52e-07	5.00e-05	1.25e-03	8.11e-03	2.66e-02	3.66e-01	4.51e-01	1.47e-01
 3.02561e+22	1.23e-17	5.56e-13	1.44e-09	5.29e-07	5.72e-05	1.39e-03	8.82e-03	2.80e-02	3.75e-01	4.46e-01	1.41e-01
 3.04549e+22	1.64e-17	7.24e-13	1.83e-09	6.50e-07	6.83e-05	1.61e-03	9.86e-03	3.01e-02	3.86e-01	4.40e-01	1.33e-01
 3.06580e+22	2.06e-17	8.95e-13	2.21e-09	7.66e-07	7.87e-05	1.81e-03	1.08e-02	3.18e-02	3.95e-01	4.34e-01	1.27e-01
 3.08665e+22	2.76e-17	1.17e-12	2.81e-09	9.43e-07	9.42e-05	2.10e-03	1.21e-02	3.42e-02	4.06e-01	4.27e-01	1.19e-01
 3.10793e+22	3.51e-17	1.46e-12	3.42e-09	1.12e-06	1.09e-04	2.37e-03	1.32e-02	3.63e-02	4.15e-01	4.20e-01	1.13e-01
 3.12688e+22	4.43e-17	1.80e-12	4.15e-09	1.32e-06	1.26e-04	2.67e-03	1.45e-02	3.84e-02	4.24e-01	4.13e-01	1.07e-01
 3.14863e+22	5.96e-17	2.37e-12	5.31e-09	1.64e-06	1.52e-04	3.12e-03	1.63e-02	4.13e-02	4.35e-01	4.04e-01	9.98e-02
 3.16908e+22	7.24e-17	2.83e-12	6.23e-09	1.89e-06	1.71e-04	3.45e-03	1.76e-02	4.33e-02	4.42e-01	3.98e-01	9.53e-02
 3.18784e+22	9.27e-17	3.56e-12	7.69e-09	2.27e-06	2.01e-04	3.94e-03	1.95e-02	4.61e-02	4.52e-01	3.89e-01	8.92e-02
 3.20686e+22	1.13e-16	4.27e-12	9.04e-09	2.61e-06	2.27e-04	4.36e-03	2.10e-02	4.83e-02	4.59e-01	3.82e-01	8.49e-02
 3.22623e+22	1.44e-16	5.37e-12	1.12e-08	3.14e-06	2.67e-04	5.00e-03	2.33e-02	5.15e-02	4.68e-01	3.73e-01	7.90e-02
 3.24581e+22	1.75e-16	6.43e-12	1.31e-08	3.62e-06	3.02e-04	5.54e-03	2.52e-02	5.41e-02	4.75e-01	3.65e-01	7.47e-02
 3.26569e+22	2.23e-16	8.07e-12	1.62e-08	4.35e-06	3.56e-04	6.36e-03	2.80e-02	5.77e-02	4.84e-01	3.54e-01	6.92e-02
 3.28587e+22	2.69e-16	9.64e-12	1.91e-08	5.03e-06	4.04e-04	7.06e-03	3.03e-02	6.05e-02	4.91e-01	3.46e-01	6.51e-02
 3.30642e+22	3.41e-16	1.21e-11	2.35e-08	6.04e-06	4.75e-04	8.11e-03	3.36e-02	6.45e-02	4.99e-01	3.35e-01	6.00e-02
 3.32738e+22	4.10e-16	1.44e-11	2.76e-08	6.99e-06	5.41e-04	9.05e-03	3.65e-02	6.78e-02	5.05e-01	3.25e-01	5.60e-02
 3.34887e+22	5.16e-16	1.80e-11	3.40e-08	8.41e-06	6.38e-04	1.04e-02	4.07e-02	7.24e-02	5.12e-01	3.13e-01	5.11e-02
 3.37076e+22	6.16e-16	2.13e-11	4.00e-08	9.72e-06	7.27e-04	1.16e-02	4.42e-02	7.62e-02	5.17e-01	3.03e-01	4.74e-02
 3.39317e+22	7.63e-16	2.64e-11	4.90e-08	1.17e-05	8.59e-04	1.34e-02	4.93e-02	8.13e-02	5.23e-01	2.89e-01	4.28e-02
 3.41580e+22	8.97e-16	3.10e-11	5.73e-08	1.34e-05	9.76e-04	1.50e-02	5.36e-02	8.55e-02	5.27e-01	2.78e-01	3.94e-02
 3.43493e+22	1.03e-15	3.57e-11	6.58e-08	1.53e-05	1.10e-03	1.66e-02	5.78e-02	8.95e-02	5.30e-01	2.69e-01	3.64e-02
 3.45570e+22	1.21e-15	4.22e-11	7.77e-08	1.78e-05	1.26e-03	1.87e-02	6.35e-02	9.47e-02	5.33e-01	2.56e-01	3.29e-02
 3.47651e+22	1.37e-15	4.80e-11	8.84e-08	2.01e-05	1.41e-03	2.06e-02	6.83e-02	9.89e-02	5.35e-01	2.46e-01	3.03e-02
 3.49689e+22	1.56e-15	5.54e-11	1.03e-07	2.31e-05	1.61e-03	2.31e-02	7.44e-02	1.04e-01	5.36e-01	2.34e-01	2.74e-02
 3.51767e+22	1.74e-15	6.23e-11	1.16e-07	2.59e-05	1.80e-03	2.55e-02	8.00e-02	1.09e-01	5.36e-01	2.23e-01	2.50e-02
 3.53804e+22	1.92e-15	7.03e-11	1.32e-07	2.94e-05	2.03e-03	2.83e-02	8.65e-02	1.14e-01	5.35e-01	2.12e-01	2.26e-02
 3.55883e+22	2.10e-15	7.83e-11	1.49e-07	3.30e-05	2.26e-03	3.12e-02	9.29e-02	1.19e-01	5.33e-01	2.01e-01	2.05e-02
 3.57936e+22	2.27e-15	8.67e-11	1.67e-07	3.70e-05	2.53e-03	3.44e-02	9.98e-02	1.24e-01	5.30e-01	1.91e-01	1.84e-02
 3.60002e+22	2.43e-15	9.52e-11	1.86e-07	4.12e-05	2.81e-03	3.77e-02	1.07e-01	1.29e-01	5.27e-01	1.80e-01	1.66e-02
 3.62043e+22	2.57e-15	1.04e-10	2.07e-07	4.58e-05	3.12e-03	4.13e-02	1.14e-01	1.34e-01	5.22e-01	1.70e-01	1.49e-02
 3.64080e+22	2.71e-15	1.13e-10	2.29e-07	5.08e-05	3.45e-03	4.50e-02	1.21e-01	1.39e-01	5.17e-01	1.61e-01	1.34e-02
 3.66120e+22	2.82e-15	1.21e-10	2.52e-07	5.62e-05	3.82e-03	4.90e-02	1.29e-01	1.44e-01	5.11e-01	1.51e-01	1.21e-02
 3.68166e+22	2.92e-15	1.30e-10	2.78e-07	6.22e-05	4.21e-03	5.33e-02	1.36e-01	1.49e-01	5.05e-01	1.42e-01	1.08e-02
 3.70223e+22	3.02e-15	1.40e-10	3.06e-07	6.87e-05	4.64e-03	5.78e-02	1.44e-01	1.54e-01	4.97e-01	1.33e-01	9.65e-03
 3.72299e+22	3.10e-15	1.50e-10	3.36e-07	7.60e-05	5.11e-03	6.27e-02	1.52e-01	1.58e-01	4.89e-01	1.25e-01	8.60e-03
 3.74397e+22	3.17e-15	1.60e-10	3.70e-07	8.41e-05	5.64e-03	6.79e-02	1.60e-01	1.63e-01	4.80e-01	1.16e-01	7.65e-03
 3.76505e+22	3.24e-15	1.71e-10	4.07e-07	9.31e-05	6.21e-03	7.33e-02	1.68e-01	1.67e-01	4.70e-01	1.09e-01	6.80e-03
 3.78647e+22	3.30e-15	1.83e-10	4.49e-07	1.03e-04	6.85e-03	7.92e-02	1.76e-01	1.71e-01	4.59e-01	1.01e-01	6.01e-03
 3.80813e+22	3.38e-15	1.96e-10	4.97e-07	1.15e-04	7.55e-03	8.54e-02	1.84e-01	1.75e-01	4.48e-01	9.38e-02	5.32e-03
 3.83020e+22	3.45e-15	2.11e-10	5.53e-07	1.28e-04	8.35e-03	9.22e-02	1.92e-01	1.79e-01	4.36e-01	8.67e-02	4.67e-03
 3.85267e+22	3.54e-15	2.28e-10	6.15e-07	1.44e-04	9.22e-03	9.93e-02	2.00e-01	1.83e-01	4.24e-01	8.01e-02	4.11e-03
 3.87326e+22	3.62e-15	2.44e-10	6.76e-07	1.58e-04	1.00e-02	1.06e-01	2.07e-01	1.85e-01	4.13e-01	7.49e-02	3.68e-03
 3.89478e+22	3.73e-15	2.66e-10	7.62e-07	1.79e-04	1.12e-02	1.14e-01	2.15e-01	1.88e-01	3.99e-01	6.85e-02	3.19e-03
 3.91662e+22	3.86e-15	2.87e-10	8.44e-07	1.98e-04	1.22e-02	1.21e-01	2.22e-01	1.91e-01	3.88e-01	6.37e-02	2.85e-03
 3.93908e+22	4.04e-15	3.18e-10	9.67e-07	2.26e-04	1.36e-02	1.31e-01	2.30e-01	1.93e-01	3.72e-01	5.79e-02	2.45e-03
 3.96158e+22	4.22e-15	3.47e-10	1.08e-06	2.51e-04	1.48e-02	1.38e-01	2.36e-01	1.94e-01	3.60e-01	5.37e-02	2.18e-03
 3.98412e+22	4.46e-15	3.87e-10	1.24e-06	2.87e-04	1.65e-02	1.49e-01	2.44e-01	1.96e-01	3.45e-01	4.86e-02	1.87e-03
 4.00675e+22	4.73e-15	4.27e-10	1.39e-06	3.20e-04	1.79e-02	1.57e-01	2.49e-01	1.96e-01	3.33e-01	4.50e-02	1.66e-03
 4.02951e+22	5.09e-15	4.84e-10	1.62e-06	3.68e-04	2.00e-02	1.68e-01	2.56e-01	1.97e-01	3.17e-01	4.06e-02	1.42e-03
 4.05251e+22	5.47e-15	5.38e-10	1.83e-06	4.11e-04	2.18e-02	1.78e-01	2.61e-01	1.96e-01	3.04e-01	3.74e-02	1.25e-03
 4.07583e+22	6.01e-15	6.20e-10	2.14e-06	4.75e-04	2.43e-02	1.90e-01	2.66e-01	1.96e-01	2.88e-01	3.35e-02	1.06e-03
 4.09947e+22	6.57e-15	6.98e-10	2.44e-06	5.33e-04	2.65e-02	2.00e-01	2.71e-01	1.95e-01	2.76e-01	3.07e-02	9.33e-04
 4.12352e+22	7.39e-15	8.18e-10	2.89e-06	6.20e-04	2.96e-02	2.14e-01	2.75e-01	1.93e-01	2.60e-01	2.73e-02	7.85e-04
 4.14802e+22	8.24e-15	9.35e-10	3.33e-06	6.99e-04	3.22e-02	2.24e-01	2.79e-01	1.91e-01	2.47e-01	2.49e-02	6.85e-04
 4.17310e+22	9.53e-15	1.12e-09	3.99e-06	8.16e-04	3.60e-02	2.39e-01	2.82e-01	1.88e-01	2.31e-01	2.20e-02	5.70e-04
 4.19876e+22	1.09e-14	1.30e-09	4.64e-06	9.25e-04	3.93e-02	2.51e-01	2.85e-01	1.85e-01	2.18e-01	1.98e-02	4.93e-04
 4.22518e+22	1.30e-14	1.58e-09	5.64e-06	1.09e-03	4.40e-02	2.67e-01	2.87e-01	1.81e-01	2.02e-01	1.73e-02	4.05e-04
 4.25206e+22	1.52e-14	1.86e-09	6.60e-06	1.24e-03	4.80e-02	2.79e-01	2.88e-01	1.77e-01	1.90e-01	1.55e-02	3.47e-04
 4.27471e+22	1.75e-14	2.16e-09	7.59e-06	1.38e-03	5.19e-02	2.91e-01	2.89e-01	1.74e-01	1.79e-01	1.40e-02	3.01e-04
 4.29933e+22	2.12e-14	2.64e-09	9.13e-06	1.60e-03	5.72e-02	3.05e-01	2.89e-01	1.69e-01	1.66e-01	1.23e-02	2.50e-04
 4.32321e+22	2.46e-14	3.05e-09	1.04e-05	1.78e-03	6.13e-02	3.16e-01	2.88e-01	1.65e-01	1.57e-01	1.12e-02	2.19e-04
 4.34610e+22	2.98e-14	3.68e-09	1.24e-05	2.03e-03	6.69e-02	3.30e-01	2.87e-01	1.59e-01	1.45e-01	9.85e-03	1.83e-04
 4.36924e+22	3.49e-14	4.28e-09	1.41e-05	2.25e-03	7.15e-02	3.40e-01	2.85e-01	1.55e-01	1.37e-01	8.93e-03	1.60e-04
 4.39269e+22	4.31e-14	5.22e-09	1.68e-05	2.57e-03	7.79e-02	3.53e-01	2.83e-01	1.49e-01	1.26e-01	7.82e-03	1.33e-04
 4.41650e+22	5.12e-14	6.11e-09	1.92e-05	2.85e-03	8.31e-02	3.63e-01	2.81e-01	1.45e-01	1.18e-01	7.04e-03	1.15e-04
 4.44077e+22	6.43e-14	7.52e-09	2.30e-05	3.27e-03	9.05e-02	3.77e-01	2.77e-01	1.38e-01	1.08e-01	6.12e-03	9.50e-05
 4.46539e+22	7.73e-14	8.85e-09	2.64e-05	3.62e-03	9.64e-02	3.87e-01	2.74e-01	1.33e-01	1.01e-01	5.48e-03	8.18e-05
 4.49045e+22	9.87e-14	1.10e-08	3.17e-05	4.14e-03	1.05e-01	3.99e-01	2.69e-01	1.27e-01	9.16e-02	4.72e-03	6.68e-05
 4.51596e+22	1.20e-13	1.30e-08	3.64e-05	4.59e-03	1.11e-01	4.09e-01	2.64e-01	1.22e-01	8.50e-02	4.20e-03	5.71e-05
 4.54205e+22	1.56e-13	1.64e-08	4.39e-05	5.25e-03	1.21e-01	4.21e-01	2.58e-01	1.15e-01	7.67e-02	3.59e-03	4.61e-05
 4.56871e+22	1.92e-13	1.96e-08	5.08e-05	5.84e-03	1.29e-01	4.29e-01	2.53e-01	1.10e-01	7.06e-02	3.16e-03	3.89e-05
 4.59614e+22	2.53e-13	2.48e-08	6.14e-05	6.69e-03	1.39e-01	4.40e-01	2.45e-01	1.03e-01	6.31e-02	2.67e-03	3.11e-05
 4.62430e+22	3.18e-13	2.99e-08	7.15e-05	7.45e-03	1.48e-01	4.48e-01	2.39e-01	9.72e-02	5.76e-02	2.33e-03	2.59e-05
 4.65343e+22	4.27e-13	3.84e-08	8.70e-05	8.55e-03	1.60e-01	4.57e-01	2.30e-01	9.03e-02	5.10e-02	1.94e-03	2.03e-05
 4.68281e+22	5.36e-13	4.63e-08	1.01e-04	9.49e-03	1.70e-01	4.64e-01	2.24e-01	8.51e-02	4.64e-02	1.69e-03	1.69e-05
 4.71251e+22	7.28e-13	5.96e-08	1.23e-04	1.09e-02	1.83e-01	4.71e-01	2.14e-01	7.85e-02	4.07e-02	1.39e-03	1.31e-05
 4.74252e+22	9.16e-13	7.19e-08	1.42e-04	1.20e-02	1.93e-01	4.76e-01	2.07e-01	7.36e-02	3.69e-02	1.20e-03	1.08e-05
 4.77295e+22	1.25e-12	9.28e-08	1.74e-04	1.38e-02	2.08e-01	4.81e-01	1.97e-01	6.75e-02	3.21e-02	9.86e-04	8.33e-06
 4.80385e+22	1.58e-12	1.12e-07	2.01e-04	1.52e-02	2.19e-01	4.84e-01	1.89e-01	6.29e-02	2.89e-02	8.46e-04	6.82e-06
 4.83539e+22	2.18e-12	1.46e-07	2.45e-04	1.74e-02	2.34e-01	4.86e-01	1.79e-01	5.72e-02	2.50e-02	6.85e-04	5.19e-06
 4.86660e+22	2.74e-12	1.75e-07	2.82e-04	1.91e-02	2.45e-01	4.87e-01	1.72e-01	5.33e-02	2.25e-02	5.89e-04	4.26e-06
 4.89194e+22	3.39e-12	2.08e-07	3.21e-04	2.07e-02	2.56e-01	4.88e-01	1.65e-01	4.98e-02	2.04e-02	5.11e-04	3.54e-06
 4.91946e+22	4.40e-12	2.56e-07	3.76e-04	2.30e-02	2.69e-01	4.87e-01	1.56e-01	4.58e-02	1.80e-02	4.27e-04	2.81e-06
 4.94735e+22	5.48e-12	3.05e-07	4.29e-04	2.51e-02	2.80e-01	4.86e-01	1.49e-01	4.26e-02	1.62e-02	3.67e-04	2.31e-06
 4.97195e+22	6.75e-12	3.61e-07	4.87e-04	2.72e-02	2.91e-01	4.84e-01	1.43e-01	3.97e-02	1.46e-02	3.17e-04	1.91e-06
 5.00016e+22	8.77e-12	4.44e-07	5.68e-04	3.01e-02	3.05e-01	4.80e-01	1.35e-01	3.62e-02	1.28e-02	2.64e-04	1.51e-06
 5.02944e+22	1.11e-11	5.35e-07	6.54e-04	3.29e-02	3.17e-01	4.77e-01	1.28e-01	3.34e-02	1.13e-02	2.23e-04	1.21e-06
 5.05557e+22	1.38e-11	6.34e-07	7.41e-04	3.56e-02	3.29e-01	4.73e-01	1.21e-01	3.09e-02	1.02e-02	1.91e-04	9.96e-07
 5.08503e+22	1.79e-11	7.82e-07	8.66e-04	3.93e-02	3.43e-01	4.67e-01	1.14e-01	2.80e-02	8.84e-03	1.57e-04	7.76e-07
 5.11580e+22	2.29e-11	9.49e-07	9.99e-04	4.29e-02	3.56e-01	4.60e-01	1.07e-01	2.56e-02	7.76e-03	1.31e-04	6.14e-07
 5.14357e+22	2.86e-11	1.13e-06	1.14e-03	4.65e-02	3.67e-01	4.54e-01	1.01e-01	2.35e-02	6.88e-03	1.11e-04	4.96e-07
 5.17494e+22	3.78e-11	1.41e-06	1.33e-03	5.13e-02	3.82e-01	4.45e-01	9.33e-02	2.11e-02	5.91e-03	8.98e-05	3.79e-07
 5.20730e+22	4.86e-11	1.71e-06	1.54e-03	5.59e-02	3.95e-01	4.37e-01	8.69e-02	1.91e-02	5.14e-03	7.41e-05	2.96e-07
 5.23610e+22	6.08e-11	2.04e-06	1.75e-03	6.04e-02	4.06e-01	4.28e-01	8.14e-02	1.74e-02	4.52e-03	6.21e-05	2.37e-07
 5.26872e+22	8.07e-11	2.54e-06	2.05e-03	6.65e-02	4.20e-01	4.17e-01	7.48e-02	1.55e-02	3.84e-03	4.96e-05	1.78e-07
 5.30256e+22	1.04e-10	3.11e-06	2.37e-03	7.24e-02	4.32e-01	4.06e-01	6.91e-02	1.39e-02	3.31e-03	4.04e-05	1.37e-07
 5.33294e+22	1.32e-10	3.72e-06	2.70e-03	7.82e-02	4.43e-01	3.96e-01	6.42e-02	1.26e-02	2.88e-03	3.34e-05	0.00e+00
 5.36739e+22	1.76e-10	4.66e-06	3.17e-03	8.59e-02	4.56e-01	3.83e-01	5.84e-02	1.11e-02	2.41e-03	2.62e-05	0.00e+00
 5.40315e+22	2.30e-10	5.73e-06	3.67e-03	9.35e-02	4.68e-01	3.70e-01	5.33e-02	9.86e-03	2.05e-03	2.10e-05	0.00e+00
 5.43521e+22	2.92e-10	6.88e-06	4.18e-03	1.01e-01	4.77e-01	3.58e-01	4.91e-02	8.85e-03	1.77e-03	1.71e-05	0.00e+00
 5.47146e+22	3.97e-10	8.72e-06	4.95e-03	1.11e-01	4.89e-01	3.42e-01	4.40e-02	7.68e-03	1.45e-03	1.31e-05	0.00e+00
 5.50842e+22	5.14e-10	1.06e-05	5.69e-03	1.20e-01	4.98e-01	3.29e-01	4.00e-02	6.80e-03	1.23e-03	1.05e-05	0.00e+00
 5.54630e+22	7.01e-10	1.35e-05	6.74e-03	1.31e-01	5.07e-01	3.12e-01	3.55e-02	5.85e-03	9.99e-04	7.92e-06	0.00e+00
 5.58457e+22	9.06e-10	1.64e-05	7.73e-03	1.41e-01	5.14e-01	2.98e-01	3.21e-02	5.16e-03	8.40e-04	6.28e-06	0.00e+00
 5.62334e+22	1.25e-09	2.10e-05	9.16e-03	1.55e-01	5.22e-01	2.81e-01	2.82e-02	4.40e-03	6.74e-04	4.67e-06	0.00e+00
 5.66245e+22	1.61e-09	2.55e-05	1.05e-02	1.66e-01	5.27e-01	2.67e-01	2.54e-02	3.86e-03	5.64e-04	3.67e-06	0.00e+00
 5.70200e+22	2.23e-09	3.26e-05	1.24e-02	1.81e-01	5.31e-01	2.49e-01	2.21e-02	3.26e-03	4.47e-04	2.69e-06	0.00e+00
 5.74198e+22	2.87e-09	3.94e-05	1.42e-02	1.94e-01	5.34e-01	2.36e-01	1.97e-02	2.85e-03	3.72e-04	2.11e-06	0.00e+00
 5.78250e+22	3.98e-09	5.04e-05	1.68e-02	2.11e-01	5.35e-01	2.18e-01	1.70e-02	2.39e-03	2.92e-04	1.52e-06	0.00e+00
 5.82356e+22	5.14e-09	6.11e-05	1.91e-02	2.24e-01	5.34e-01	2.05e-01	1.51e-02	2.07e-03	2.40e-04	1.18e-06	0.00e+00
 5.86529e+22	7.13e-09	7.82e-05	2.26e-02	2.43e-01	5.32e-01	1.88e-01	1.29e-02	1.72e-03	1.86e-04	8.38e-07	0.00e+00
 5.90616e+22	9.06e-09	9.35e-05	2.54e-02	2.57e-01	5.29e-01	1.76e-01	1.14e-02	1.49e-03	1.54e-04	6.52e-07	0.00e+00
 5.94588e+22	1.23e-08	1.18e-04	2.97e-02	2.75e-01	5.23e-01	1.61e-01	9.74e-03	1.24e-03	1.20e-04	4.68e-07	0.00e+00
 5.98427e+22	1.53e-08	1.38e-04	3.30e-02	2.88e-01	5.18e-01	1.51e-01	8.69e-03	1.09e-03	1.00e-04	3.70e-07	0.00e+00
 6.02095e+22	2.01e-08	1.69e-04	3.77e-02	3.05e-01	5.10e-01	1.38e-01	7.50e-03	9.21e-04	7.95e-05	2.73e-07	0.00e+00
 6.05821e+22	2.51e-08	1.99e-04	4.21e-02	3.20e-01	5.02e-01	1.29e-01	6.63e-03	7.99e-04	6.57e-05	2.12e-07	0.00e+00
 6.09116e+22	3.12e-08	2.34e-04	4.67e-02	3.33e-01	4.94e-01	1.19e-01	5.86e-03	6.95e-04	5.43e-05	1.66e-07	0.00e+00
 6.12892e+22	4.10e-08	2.86e-04	5.32e-02	3.51e-01	4.82e-01	1.08e-01	5.00e-03	5.80e-04	4.25e-05	1.20e-07	0.00e+00
 6.16725e+22	5.12e-08	3.36e-04	5.91e-02	3.65e-01	4.71e-01	9.97e-02	4.37e-03	4.98e-04	3.47e-05	0.00e+00	0.00e+00
 6.20634e+22	6.75e-08	4.12e-04	6.73e-02	3.82e-01	4.56e-01	8.95e-02	3.69e-03	4.11e-04	2.68e-05	0.00e+00	0.00e+00
 6.24576e+22	8.40e-08	4.82e-04	7.44e-02	3.96e-01	4.44e-01	8.20e-02	3.22e-03	3.52e-04	2.17e-05	0.00e+00	0.00e+00
 6.28561e+22	1.12e-07	5.93e-04	8.48e-02	4.13e-01	4.26e-01	7.27e-02	2.67e-03	2.86e-04	1.64e-05	0.00e+00	0.00e+00
 6.32550e+22	1.38e-07	6.91e-04	9.33e-02	4.26e-01	4.12e-01	6.62e-02	2.32e-03	2.43e-04	1.33e-05	0.00e+00	0.00e+00
 6.35755e+22	1.66e-07	7.88e-04	1.01e-01	4.36e-01	3.99e-01	6.09e-02	2.05e-03	2.12e-04	1.10e-05	0.00e+00	0.00e+00
 6.39133e+22	2.07e-07	9.23e-04	1.12e-01	4.47e-01	3.83e-01	5.49e-02	1.76e-03	1.78e-04	8.74e-06	0.00e+00	0.00e+00
 6.42558e+22	2.48e-07	1.05e-03	1.21e-01	4.57e-01	3.69e-01	5.01e-02	1.54e-03	1.53e-04	7.19e-06	0.00e+00	0.00e+00
 6.45572e+22	2.96e-07	1.19e-03	1.31e-01	4.65e-01	3.56e-01	4.59e-02	1.36e-03	1.33e-04	5.94e-06	0.00e+00	0.00e+00
 6.49014e+22	3.68e-07	1.39e-03	1.43e-01	4.74e-01	3.39e-01	4.09e-02	1.15e-03	1.10e-04	4.66e-06	0.00e+00	0.00e+00
 6.52498e+22	4.41e-07	1.58e-03	1.55e-01	4.81e-01	3.24e-01	3.71e-02	1.00e-03	9.42e-05	3.80e-06	0.00e+00	0.00e+00
 6.55551e+22	5.24e-07	1.79e-03	1.66e-01	4.87e-01	3.10e-01	3.37e-02	8.76e-04	8.08e-05	3.11e-06	0.00e+00	0.00e+00
 6.59035e+22	6.52e-07	2.08e-03	1.82e-01	4.93e-01	2.92e-01	2.96e-02	7.35e-04	6.61e-05	2.40e-06	0.00e+00	0.00e+00
 6.62546e+22	7.71e-07	2.34e-03	1.95e-01	4.97e-01	2.78e-01	2.68e-02	6.40e-04	5.64e-05	1.95e-06	0.00e+00	0.00e+00
 6.66094e+22	9.53e-07	2.71e-03	2.12e-01	5.01e-01	2.60e-01	2.35e-02	5.35e-04	4.59e-05	1.50e-06	0.00e+00	0.00e+00
 6.69698e+22	1.14e-06	3.07e-03	2.27e-01	5.03e-01	2.46e-01	2.09e-02	4.59e-04	3.85e-05	1.20e-06	0.00e+00	0.00e+00
 6.72874e+22	1.34e-06	3.44e-03	2.42e-01	5.03e-01	2.32e-01	1.87e-02	3.96e-04	3.25e-05	9.65e-07	0.00e+00	0.00e+00
 6.76500e+22	1.65e-06	3.96e-03	2.62e-01	5.03e-01	2.15e-01	1.62e-02	3.28e-04	2.61e-05	7.32e-07	0.00e+00	0.00e+00
 6.80204e+22	1.96e-06	4.46e-03	2.80e-01	5.01e-01	2.01e-01	1.43e-02	2.78e-04	2.17e-05	5.77e-07	0.00e+00	0.00e+00
 6.84010e+22	2.41e-06	5.13e-03	3.01e-01	4.97e-01	1.84e-01	1.22e-02	2.28e-04	1.72e-05	4.32e-07	0.00e+00	0.00e+00
 6.87890e+22	2.89e-06	5.80e-03	3.21e-01	4.92e-01	1.70e-01	1.06e-02	1.91e-04	1.39e-05	3.33e-07	0.00e+00	0.00e+00
 6.91273e+22	3.40e-06	6.47e-03	3.40e-01	4.86e-01	1.58e-01	9.31e-03	1.62e-04	1.15e-05	2.62e-07	0.00e+00	0.00e+00
 6.95075e+22	4.16e-06	7.39e-03	3.64e-01	4.77e-01	1.43e-01	7.86e-03	1.31e-04	8.96e-06	1.93e-07	0.00e+00	0.00e+00
 6.99020e+22	4.94e-06	8.29e-03	3.85e-01	4.69e-01	1.31e-01	6.76e-03	1.09e-04	7.20e-06	1.47e-07	0.00e+00	0.00e+00
 7.03150e+22	6.14e-06	9.55e-03	4.13e-01	4.56e-01	1.16e-01	5.55e-03	8.53e-05	5.41e-06	0.00e+00	0.00e+00	0.00e+00
 7.07289e+22	7.22e-06	1.06e-02	4.34e-01	4.45e-01	1.06e-01	4.75e-03	7.06e-05	4.32e-06	0.00e+00	0.00e+00	0.00e+00
 7.11439e+22	8.86e-06	1.21e-02	4.61e-01	4.29e-01	9.33e-02	3.89e-03	5.54e-05	3.24e-06	0.00e+00	0.00e+00	0.00e+00
 7.15709e+22	1.05e-05	1.35e-02	4.85e-01	4.15e-01	8.36e-02	3.26e-03	4.49e-05	2.52e-06	0.00e+00	0.00e+00	0.00e+00
 7.18961e+22	1.19e-05	1.46e-02	5.01e-01	4.04e-01	7.71e-02	2.87e-03	3.86e-05	2.10e-06	0.00e+00	0.00e+00	0.00e+00
 7.22014e+22	1.37e-05	1.60e-02	5.21e-01	3.91e-01	6.98e-02	2.46e-03	3.21e-05	1.68e-06	0.00e+00	0.00e+00	0.00e+00
 7.25162e+22	1.55e-05	1.73e-02	5.37e-01	3.79e-01	6.39e-02	2.15e-03	2.74e-05	1.39e-06	0.00e+00	0.00e+00	0.00e+00
 7.28431e+22	1.80e-05	1.90e-02	5.58e-01	3.64e-01	5.71e-02	1.81e-03	2.24e-05	1.09e-06	0.00e+00	0.00e+00	0.00e+00
 7.31711e+22	2.03e-05	2.04e-02	5.74e-01	3.52e-01	5.20e-02	1.57e-03	1.90e-05	8.94e-07	0.00e+00	0.00e+00	0.00e+00
 7.35003e+22	2.35e-05	2.24e-02	5.94e-01	3.36e-01	4.61e-02	1.31e-03	1.54e-05	6.94e-07	0.00e+00	0.00e+00	0.00e+00
 7.38334e+22	2.65e-05	2.40e-02	6.10e-01	3.23e-01	4.18e-02	1.13e-03	1.30e-05	5.64e-07	0.00e+00	0.00e+00	0.00e+00
 7.41714e+22	3.06e-05	2.63e-02	6.29e-01	3.07e-01	3.68e-02	9.39e-04	1.05e-05	4.33e-07	0.00e+00	0.00e+00	0.00e+00
 7.45155e+22	3.46e-05	2.82e-02	6.44e-01	2.94e-01	3.30e-02	8.02e-04	8.72e-06	3.47e-07	0.00e+00	0.00e+00	0.00e+00
 7.48674e+22	4.01e-05	3.08e-02	6.63e-01	2.77e-01	2.87e-02	6.56e-04	6.93e-06	2.62e-07	0.00e+00	0.00e+00	0.00e+00
 7.52248e+22	4.53e-05	3.31e-02	6.78e-01	2.63e-01	2.56e-02	5.55e-04	5.72e-06	2.07e-07	0.00e+00	0.00e+00	0.00e+00
 7.55892e+22	5.27e-05	3.62e-02	6.95e-01	2.46e-01	2.20e-02	4.48e-04	4.48e-06	1.54e-07	0.00e+00	0.00e+00	0.00e+00
 7.59605e+22	5.96e-05	3.89e-02	7.09e-01	2.33e-01	1.94e-02	3.75e-04	3.66e-06	0.00e+00	0.00e+00	0.00e+00	0.00e+00
 7.63409e+22	6.94e-05	4.24e-02	7.25e-01	2.16e-01	1.65e-02	2.99e-04	2.83e-06	0.00e+00	0.00e+00	0.00e+00	0.00e+00
 7.67300e+22	7.87e-05	4.56e-02	7.37e-01	2.03e-01	1.44e-02	2.47e-04	2.27e-06	0.00e+00	0.00e+00	0.00e+00	0.00e+00
 7.71304e+22	9.22e-05	4.98e-02	7.52e-01	1.86e-01	1.20e-02	1.94e-04	1.72e-06	0.00e+00	0.00e+00	0.00e+00	0.00e+00
 7.75359e+22	1.05e-04	5.34e-02	7.62e-01	1.74e-01	1.04e-02	1.59e-04	1.37e-06	0.00e+00	0.00e+00	0.00e+00	0.00e+00
 7.79478e+22	1.22e-04	5.82e-02	7.74e-01	1.58e-01	8.61e-03	1.23e-04	1.03e-06	0.00e+00	0.00e+00	0.00e+00	0.00e+00
 7.83658e+22	1.39e-04	6.24e-02	7.83e-01	1.47e-01	7.38e-03	9.99e-05	8.09e-07	0.00e+00	0.00e+00	0.00e+00	0.00e+00
 7.87918e+22	1.62e-04	6.79e-02	7.93e-01	1.33e-01	6.06e-03	7.69e-05	6.01e-07	0.00e+00	0.00e+00	0.00e+00	0.00e+00
 7.92289e+22	1.85e-04	7.29e-02	8.00e-01	1.22e-01	5.10e-03	6.13e-05	4.63e-07	0.00e+00	0.00e+00	0.00e+00	0.00e+00
 7.96803e+22	2.17e-04	7.94e-02	8.07e-01	1.09e-01	4.11e-03	4.63e-05	3.36e-07	0.00e+00	0.00e+00	0.00e+00	0.00e+00
 8.01397e+22	2.51e-04	8.56e-02	8.12e-01	9.90e-02	3.41e-03	3.63e-05	2.54e-07	0.00e+00	0.00e+00	0.00e+00	0.00e+00
 8.06094e+22	2.97e-04	9.35e-02	8.16e-01	8.74e-02	2.70e-03	2.68e-05	1.79e-07	0.00e+00	0.00e+00	0.00e+00	0.00e+00
 8.10847e+22	3.40e-04	1.00e-01	8.18e-01	7.90e-02	2.23e-03	2.11e-05	1.35e-07	0.00e+00	0.00e+00	0.00e+00	0.00e+00
 8.15674e+22	4.05e-04	1.10e-01	8.19e-01	6.90e-02	1.74e-03	1.54e-05	0.00e+00	0.00e+00	0.00e+00	0.00e+00	0.00e+00
 8.20620e+22	4.65e-04	1.18e-01	8.19e-01	6.17e-02	1.42e-03	1.19e-05	0.00e+00	0.00e+00	0.00e+00	0.00e+00	0.00e+00
 8.25720e+22	5.61e-04	1.29e-01	8.16e-01	5.30e-02	1.08e-03	8.46e-06	0.00e+00	0.00e+00	0.00e+00	0.00e+00	0.00e+00
 8.30964e+22	6.48e-04	1.39e-01	8.13e-01	4.68e-02	8.68e-04	6.46e-06	0.00e+00	0.00e+00	0.00e+00	0.00e+00	0.00e+00
 8.36395e+22	7.89e-04	1.53e-01	8.07e-01	3.94e-02	6.43e-04	4.46e-06	0.00e+00	0.00e+00	0.00e+00	0.00e+00	0.00e+00
 8.42020e+22	9.29e-04	1.65e-01	8.00e-01	3.40e-02	5.02e-04	3.29e-06	0.00e+00	0.00e+00	0.00e+00	0.00e+00	0.00e+00
 8.47897e+22	1.15e-03	1.82e-01	7.88e-01	2.79e-02	3.61e-04	2.19e-06	0.00e+00	0.00e+00	0.00e+00	0.00e+00	0.00e+00
 8.54050e+22	1.38e-03	1.98e-01	7.77e-01	2.34e-02	2.72e-04	1.55e-06	0.00e+00	0.00e+00	0.00e+00	0.00e+00	0.00e+00
 8.59689e+22	1.66e-03	2.16e-01	7.63e-01	1.95e-02	2.04e-04	1.08e-06	0.00e+00	0.00e+00	0.00e+00	0.00e+00	0.00e+00
 8.64555e+22	1.90e-03	2.29e-01	7.52e-01	1.70e-02	1.65e-04	8.32e-07	0.00e+00	0.00e+00	0.00e+00	0.00e+00	0.00e+00
 8.69286e+22	2.25e-03	2.47e-01	7.37e-01	1.41e-02	1.25e-04	5.86e-07	0.00e+00	0.00e+00	0.00e+00	0.00e+00	0.00e+00
 8.74189e+22	2.63e-03	2.64e-01	7.21e-01	1.19e-02	9.75e-05	4.28e-07	0.00e+00	0.00e+00	0.00e+00	0.00e+00	0.00e+00
 8.79316e+22	3.19e-03	2.86e-01	7.01e-01	9.50e-03	7.09e-05	2.84e-07	0.00e+00	0.00e+00	0.00e+00	0.00e+00	0.00e+00
 8.84560e+22	3.76e-03	3.06e-01	6.82e-01	7.79e-03	5.41e-05	1.99e-07	0.00e+00	0.00e+00	0.00e+00	0.00e+00	0.00e+00
 8.89955e+22	4.63e-03	3.32e-01	6.57e-01	5.96e-03	3.80e-05	1.23e-07	0.00e+00	0.00e+00	0.00e+00	0.00e+00	0.00e+00
 8.94956e+22	5.38e-03	3.51e-01	6.38e-01	4.86e-03	2.94e-05	0.00e+00	0.00e+00	0.00e+00	0.00e+00	0.00e+00	0.00e+00
 8.98728e+22	6.12e-03	3.68e-01	6.22e-01	4.02e-03	2.33e-05	0.00e+00	0.00e+00	0.00e+00	0.00e+00	0.00e+00	0.00e+00
 9.02914e+22	7.20e-03	3.90e-01	6.00e-01	3.13e-03	1.73e-05	0.00e+00	0.00e+00	0.00e+00	0.00e+00	0.00e+00	0.00e+00
 9.07379e+22	8.40e-03	4.10e-01	5.79e-01	2.42e-03	1.29e-05	0.00e+00	0.00e+00	0.00e+00	0.00e+00	0.00e+00	0.00e+00
 9.11391e+22	9.67e-03	4.28e-01	5.60e-01	1.87e-03	9.73e-06	0.00e+00	0.00e+00	0.00e+00	0.00e+00	0.00e+00	0.00e+00
 9.15094e+22	1.10e-02	4.45e-01	5.43e-01	1.44e-03	7.37e-06	0.00e+00	0.00e+00	0.00e+00	0.00e+00	0.00e+00	0.00e+00
 9.18558e+22	1.25e-02	4.59e-01	5.27e-01	1.10e-03	5.60e-06	0.00e+00	0.00e+00	0.00e+00	0.00e+00	0.00e+00	0.00e+00
 9.21763e+22	1.41e-02	4.72e-01	5.13e-01	8.45e-04	4.28e-06	0.00e+00	0.00e+00	0.00e+00	0.00e+00	0.00e+00	0.00e+00
 9.24499e+22	1.55e-02	4.81e-01	5.03e-01	6.64e-04	3.37e-06	0.00e+00	0.00e+00	0.00e+00	0.00e+00	0.00e+00	0.00e+00
