#depth	Ar	Ar+	Ar+2	Ar+3	Ar+4	Ar+5	Ar+6	Ar+7	Ar+8	Ar+9	Ar+10	Ar+11	Ar+12	Ar+13	Ar+14	Ar+15	Ar+16	Ar+17	Ar+18
 4.62852e+21	0.00e+00	1.24e-29	3.80e-24	4.76e-21	3.32e-18	8.86e-16	1.36e-13	2.36e-11	1.19e-08	7.39e-07	2.13e-05	2.80e-04	2.57e-03	1.12e-02	2.97e-02	8.48e-02	4.51e-01	3.37e-01	8.33e-02
 1.04294e+22	1.40e-33	6.39e-27	1.43e-21	1.16e-18	4.91e-16	7.68e-14	6.75e-12	6.73e-10	3.04e-07	1.49e-05	3.12e-04	2.78e-03	1.73e-02	4.81e-02	7.75e-02	1.35e-01	4.67e-01	2.18e-01	3.38e-02
 1.21834e+22	4.65e-32	1.80e-25	3.43e-20	2.11e-17	6.57e-15	7.40e-13	4.61e-11	3.30e-09	1.52e-06	6.82e-05	1.22e-03	8.72e-03	4.38e-02	9.41e-02	1.15e-01	1.52e-01	4.18e-01	1.50e-01	1.79e-02
 1.30560e+22	3.03e-31	1.08e-24	1.89e-19	9.84e-17	2.55e-14	2.37e-12	1.20e-10	7.11e-09	3.43e-06	1.48e-04	2.42e-03	1.54e-02	6.89e-02	1.28e-01	1.35e-01	1.52e-01	3.71e-01	1.15e-01	1.19e-02
 1.34195e+22	4.94e-31	1.72e-24	2.95e-19	1.46e-16	3.61e-14	3.18e-12	1.53e-10	8.59e-09	4.20e-06	1.80e-04	2.88e-03	1.78e-02	7.70e-02	1.38e-01	1.39e-01	1.51e-01	3.56e-01	1.06e-01	1.06e-02
 1.35375e+22	6.71e-31	2.30e-24	3.90e-19	1.88e-16	4.49e-14	3.83e-12	1.78e-10	9.65e-09	4.77e-06	2.03e-04	3.20e-03	1.94e-02	8.24e-02	1.44e-01	1.42e-01	1.50e-01	3.47e-01	1.01e-01	9.85e-03
 1.36271e+22	9.08e-31	3.07e-24	5.14e-19	2.40e-16	5.57e-14	4.58e-12	2.06e-10	1.08e-08	5.39e-06	2.28e-04	3.55e-03	2.11e-02	8.81e-02	1.51e-01	1.44e-01	1.49e-01	3.38e-01	9.60e-02	9.13e-03
 1.37291e+22	1.35e-30	4.48e-24	7.37e-19	3.31e-16	7.35e-14	5.79e-12	2.48e-10	1.25e-08	6.32e-06	2.66e-04	4.07e-03	2.35e-02	9.58e-02	1.59e-01	1.47e-01	1.47e-01	3.25e-01	8.95e-02	8.25e-03
 1.38306e+22	1.83e-30	6.00e-24	9.75e-19	4.24e-16	9.11e-14	6.93e-12	2.86e-10	1.39e-08	7.13e-06	2.99e-04	4.51e-03	2.56e-02	1.02e-01	1.65e-01	1.50e-01	1.46e-01	3.15e-01	8.46e-02	7.61e-03
 1.39315e+22	2.76e-30	8.91e-24	1.42e-18	5.92e-16	1.21e-13	8.80e-12	3.46e-10	1.61e-08	8.36e-06	3.49e-04	5.17e-03	2.86e-02	1.11e-01	1.74e-01	1.52e-01	1.43e-01	3.01e-01	7.81e-02	6.80e-03
 1.40314e+22	3.69e-30	1.17e-23	1.85e-18	7.48e-16	1.49e-13	1.04e-11	3.96e-10	1.78e-08	9.36e-06	3.88e-04	5.68e-03	3.08e-02	1.17e-01	1.80e-01	1.54e-01	1.41e-01	2.91e-01	7.38e-02	6.28e-03
 1.41298e+22	5.51e-30	1.73e-23	2.67e-18	1.03e-15	1.96e-13	1.31e-11	4.75e-10	2.04e-08	1.09e-05	4.50e-04	6.46e-03	3.41e-02	1.27e-01	1.89e-01	1.55e-01	1.38e-01	2.77e-01	6.79e-02	5.59e-03
 1.42299e+22	7.52e-30	2.32e-23	3.55e-18	1.33e-15	2.44e-13	1.57e-11	5.47e-10	2.27e-08	1.22e-05	5.03e-04	7.12e-03	3.69e-02	1.34e-01	1.95e-01	1.56e-01	1.35e-01	2.66e-01	6.36e-02	5.10e-03
 1.43184e+22	1.03e-29	3.14e-23	4.73e-18	1.71e-15	3.03e-13	1.88e-11	6.30e-10	2.53e-08	1.38e-05	5.63e-04	7.85e-03	3.99e-02	1.42e-01	2.01e-01	1.57e-01	1.32e-01	2.55e-01	5.93e-02	4.64e-03
 1.44196e+22	1.56e-29	4.66e-23	6.89e-18	2.38e-15	4.01e-13	2.38e-11	7.56e-10	2.89e-08	1.60e-05	6.49e-04	8.89e-03	4.40e-02	1.53e-01	2.09e-01	1.58e-01	1.28e-01	2.40e-01	5.41e-02	4.09e-03
 1.45205e+22	2.13e-29	6.30e-23	9.18e-18	3.06e-15	4.98e-13	2.84e-11	8.70e-10	3.21e-08	1.79e-05	7.23e-04	9.77e-03	4.73e-02	1.61e-01	2.15e-01	1.58e-01	1.25e-01	2.29e-01	5.02e-02	3.70e-03
 1.46211e+22	3.22e-29	9.34e-23	1.34e-17	4.25e-15	6.59e-13	3.58e-11	1.04e-09	3.67e-08	2.06e-05	8.30e-04	1.10e-02	5.19e-02	1.72e-01	2.22e-01	1.58e-01	1.21e-01	2.15e-01	4.55e-02	3.24e-03
 1.47231e+22	4.46e-29	1.28e-22	1.80e-17	5.51e-15	8.23e-13	4.30e-11	1.20e-09	4.08e-08	2.30e-05	9.24e-04	1.21e-02	5.57e-02	1.81e-01	2.28e-01	1.57e-01	1.17e-01	2.04e-01	4.20e-02	2.91e-03
 1.48269e+22	6.83e-29	1.92e-22	2.65e-17	7.74e-15	1.10e-12	5.46e-11	1.45e-09	4.68e-08	2.66e-05	1.06e-03	1.36e-02	6.10e-02	1.92e-01	2.34e-01	1.56e-01	1.12e-01	1.90e-01	3.77e-02	2.52e-03
 1.49312e+22	9.48e-29	2.62e-22	3.57e-17	1.00e-14	1.37e-12	6.55e-11	1.67e-09	5.20e-08	2.96e-05	1.18e-03	1.48e-02	6.52e-02	2.01e-01	2.39e-01	1.55e-01	1.08e-01	1.79e-01	3.46e-02	2.25e-03
 1.50209e+22	1.30e-28	3.56e-22	4.78e-17	1.29e-14	1.70e-12	7.83e-11	1.91e-09	5.76e-08	3.28e-05	1.30e-03	1.61e-02	6.95e-02	2.10e-01	2.43e-01	1.53e-01	1.04e-01	1.69e-01	3.17e-02	2.01e-03
 1.51223e+22	1.98e-28	5.31e-22	6.99e-17	1.80e-14	2.26e-12	9.87e-11	2.29e-09	6.57e-08	3.74e-05	1.47e-03	1.79e-02	7.52e-02	2.21e-01	2.48e-01	1.51e-01	9.93e-02	1.56e-01	2.83e-02	1.73e-03
 1.52237e+22	2.69e-28	7.11e-22	9.22e-17	2.29e-14	2.78e-12	1.17e-10	2.62e-09	7.27e-08	4.13e-05	1.61e-03	1.93e-02	7.96e-02	2.29e-01	2.51e-01	1.49e-01	9.55e-02	1.48e-01	2.60e-02	1.54e-03
 1.53251e+22	4.06e-28	1.05e-21	1.34e-16	3.17e-14	3.66e-12	1.47e-10	3.13e-09	8.29e-08	4.68e-05	1.82e-03	2.14e-02	8.57e-02	2.40e-01	2.54e-01	1.46e-01	9.05e-02	1.36e-01	2.31e-02	1.32e-03
 1.54274e+22	5.50e-28	1.41e-21	1.76e-16	4.03e-14	4.50e-12	1.75e-10	3.58e-09	9.18e-08	5.13e-05	1.98e-03	2.30e-02	9.04e-02	2.48e-01	2.57e-01	1.44e-01	8.69e-02	1.28e-01	2.11e-02	1.18e-03
 1.55309e+22	8.30e-28	2.08e-21	2.56e-16	5.56e-14	5.93e-12	2.20e-10	4.29e-09	1.05e-07	5.80e-05	2.22e-03	2.52e-02	9.68e-02	2.58e-01	2.59e-01	1.40e-01	8.20e-02	1.17e-01	1.87e-02	1.01e-03
 1.56362e+22	1.13e-27	2.80e-21	3.38e-16	7.10e-14	7.31e-12	2.62e-10	4.92e-09	1.17e-07	6.36e-05	2.42e-03	2.71e-02	1.02e-01	2.65e-01	2.60e-01	1.37e-01	7.84e-02	1.10e-01	1.70e-02	8.92e-04
 1.57440e+22	1.70e-27	4.11e-21	4.87e-16	9.75e-14	9.60e-12	3.29e-10	5.89e-09	1.34e-07	7.16e-05	2.70e-03	2.96e-02	1.08e-01	2.75e-01	2.61e-01	1.33e-01	7.37e-02	1.00e-01	1.50e-02	7.59e-04
 1.58554e+22	2.36e-27	5.63e-21	6.55e-16	1.26e-13	1.20e-11	3.96e-10	6.84e-09	1.50e-07	7.88e-05	2.95e-03	3.17e-02	1.14e-01	2.83e-01	2.62e-01	1.30e-01	7.00e-02	9.32e-02	1.35e-02	6.64e-04
 1.59713e+22	3.59e-27	8.39e-21	9.55e-16	1.76e-13	1.59e-11	5.03e-10	8.26e-09	1.73e-07	8.90e-05	3.29e-03	3.46e-02	1.21e-01	2.92e-01	2.61e-01	1.25e-01	6.54e-02	8.47e-02	1.18e-02	5.59e-04
 1.60899e+22	5.01e-27	1.15e-20	1.29e-15	2.28e-13	2.00e-11	6.07e-10	9.62e-09	1.94e-07	9.79e-05	3.59e-03	3.71e-02	1.27e-01	2.99e-01	2.61e-01	1.22e-01	6.19e-02	7.83e-02	1.06e-02	4.87e-04
 1.61955e+22	6.92e-27	1.56e-20	1.72e-15	2.93e-13	2.48e-11	7.30e-10	1.11e-08	2.18e-07	1.07e-04	3.89e-03	3.95e-02	1.33e-01	3.05e-01	2.60e-01	1.18e-01	5.86e-02	7.25e-02	9.52e-03	4.25e-04
 1.63161e+22	1.04e-26	2.31e-20	2.48e-15	4.04e-13	3.28e-11	9.24e-10	1.35e-08	2.52e-07	1.21e-04	4.32e-03	4.29e-02	1.40e-01	3.13e-01	2.58e-01	1.13e-01	5.45e-02	6.55e-02	8.29e-03	3.56e-04
 1.64384e+22	1.44e-26	3.12e-20	3.29e-15	5.19e-13	4.07e-11	1.11e-09	1.56e-08	2.83e-07	1.32e-04	4.68e-03	4.56e-02	1.46e-01	3.19e-01	2.56e-01	1.10e-01	5.14e-02	6.05e-02	7.43e-03	3.10e-04
 1.65629e+22	2.16e-26	4.59e-20	4.73e-15	7.13e-13	5.36e-11	1.40e-09	1.89e-08	3.28e-07	1.49e-04	5.17e-03	4.92e-02	1.53e-01	3.25e-01	2.53e-01	1.05e-01	4.77e-02	5.46e-02	6.45e-03	2.59e-04
 1.66839e+22	2.87e-26	6.01e-20	6.09e-15	8.90e-13	6.51e-11	1.65e-09	2.16e-08	3.64e-07	1.61e-04	5.55e-03	5.19e-02	1.59e-01	3.30e-01	2.51e-01	1.01e-01	4.52e-02	5.07e-02	5.83e-03	2.28e-04
 1.68002e+22	4.16e-26	8.53e-20	8.45e-15	1.19e-12	8.36e-11	2.05e-09	2.57e-08	4.17e-07	1.79e-04	6.07e-03	5.55e-02	1.65e-01	3.35e-01	2.47e-01	9.70e-02	4.21e-02	4.60e-02	5.11e-03	1.93e-04
 1.69187e+22	5.53e-26	1.11e-19	1.08e-14	1.48e-12	1.01e-10	2.41e-09	2.94e-08	4.64e-07	1.94e-04	6.50e-03	5.84e-02	1.71e-01	3.39e-01	2.44e-01	9.37e-02	3.98e-02	4.26e-02	4.61e-03	1.70e-04
 1.70402e+22	8.06e-26	1.59e-19	1.51e-14	1.98e-12	1.31e-10	3.00e-09	3.52e-08	5.34e-07	2.16e-04	7.11e-03	6.24e-02	1.78e-01	3.43e-01	2.40e-01	8.93e-02	3.69e-02	3.84e-02	4.01e-03	1.42e-04
 1.71633e+22	1.06e-25	2.06e-19	1.93e-14	2.46e-12	1.58e-10	3.53e-09	4.02e-08	5.93e-07	2.34e-04	7.60e-03	6.55e-02	1.83e-01	3.46e-01	2.37e-01	8.60e-02	3.48e-02	3.56e-02	3.62e-03	1.25e-04
 1.72886e+22	1.55e-25	2.93e-19	2.68e-14	3.28e-12	2.04e-10	4.40e-09	4.81e-08	6.84e-07	2.61e-04	8.30e-03	6.98e-02	1.90e-01	3.50e-01	2.32e-01	8.17e-02	3.22e-02	3.20e-02	3.14e-03	1.05e-04
 1.74118e+22	2.00e-25	3.73e-19	3.35e-14	4.00e-12	2.43e-10	5.11e-09	5.45e-08	7.55e-07	2.81e-04	8.83e-03	7.29e-02	1.95e-01	3.52e-01	2.29e-01	7.88e-02	3.05e-02	2.98e-02	2.84e-03	9.26e-05
 1.75321e+22	2.84e-25	5.18e-19	4.55e-14	5.24e-12	3.08e-10	6.27e-09	6.44e-08	8.63e-07	3.11e-04	9.57e-03	7.72e-02	2.02e-01	3.55e-01	2.24e-01	7.49e-02	2.82e-02	2.69e-02	2.48e-03	7.82e-05
 1.76550e+22	3.68e-25	6.61e-19	5.71e-14	6.41e-12	3.68e-10	7.31e-09	7.32e-08	9.56e-07	3.36e-04	1.02e-02	8.06e-02	2.07e-01	3.56e-01	2.20e-01	7.20e-02	2.67e-02	2.49e-02	2.24e-03	6.88e-05
 1.77809e+22	5.23e-25	9.19e-19	7.75e-14	8.40e-12	4.66e-10	8.98e-09	8.68e-08	1.10e-06	3.72e-04	1.10e-02	8.53e-02	2.14e-01	3.58e-01	2.14e-01	6.82e-02	2.46e-02	2.25e-02	1.95e-03	5.78e-05
 1.79093e+22	6.83e-25	1.18e-18	9.76e-14	1.03e-11	5.59e-10	1.05e-08	9.90e-08	1.22e-06	4.02e-04	1.17e-02	8.90e-02	2.19e-01	3.59e-01	2.10e-01	6.54e-02	2.32e-02	2.07e-02	1.75e-03	5.06e-05
 1.80408e+22	9.73e-25	1.64e-18	1.33e-13	1.35e-11	7.11e-10	1.29e-08	1.18e-07	1.40e-06	4.46e-04	1.27e-02	9.41e-02	2.26e-01	3.60e-01	2.04e-01	6.17e-02	2.13e-02	1.86e-02	1.52e-03	4.23e-05
 1.81746e+22	1.27e-24	2.11e-18	1.67e-13	1.66e-11	8.54e-10	1.52e-08	1.34e-07	1.56e-06	4.83e-04	1.35e-02	9.81e-02	2.31e-01	3.60e-01	2.00e-01	5.90e-02	2.00e-02	1.71e-02	1.36e-03	3.69e-05
 1.83114e+22	1.82e-24	2.94e-18	2.27e-13	2.19e-11	1.09e-09	1.87e-08	1.60e-07	1.79e-06	5.36e-04	1.47e-02	1.04e-01	2.37e-01	3.60e-01	1.94e-01	5.55e-02	1.83e-02	1.53e-02	1.17e-03	3.07e-05
 1.84508e+22	2.39e-24	3.79e-18	2.87e-13	2.69e-11	1.31e-09	2.20e-08	1.83e-07	2.00e-06	5.82e-04	1.56e-02	1.08e-01	2.42e-01	3.60e-01	1.89e-01	5.29e-02	1.72e-02	1.40e-02	1.05e-03	2.67e-05
 1.85936e+22	3.42e-24	5.29e-18	3.91e-13	3.54e-11	1.67e-09	2.72e-08	2.19e-07	2.31e-06	6.47e-04	1.69e-02	1.14e-01	2.49e-01	3.59e-01	1.82e-01	4.95e-02	1.57e-02	1.25e-02	8.98e-04	2.21e-05
 1.87331e+22	4.36e-24	6.63e-18	4.81e-13	4.27e-11	1.97e-09	3.15e-08	2.47e-07	2.55e-06	6.97e-04	1.79e-02	1.18e-01	2.53e-01	3.58e-01	1.78e-01	4.74e-02	1.48e-02	1.15e-02	8.10e-04	1.94e-05
 1.88683e+22	6.11e-24	9.07e-18	6.42e-13	5.52e-11	2.48e-09	3.84e-08	2.92e-07	2.91e-06	7.71e-04	1.93e-02	1.24e-01	2.59e-01	3.56e-01	1.72e-01	4.44e-02	1.35e-02	1.03e-02	6.99e-04	1.62e-05
 1.90058e+22	7.81e-24	1.14e-17	7.91e-13	6.66e-11	2.93e-09	4.45e-08	3.30e-07	3.22e-06	8.31e-04	2.04e-02	1.28e-01	2.63e-01	3.54e-01	1.67e-01	4.24e-02	1.27e-02	9.50e-03	6.28e-04	1.42e-05
 1.91460e+22	1.09e-23	1.55e-17	1.05e-12	8.56e-11	3.67e-09	5.41e-08	3.89e-07	3.68e-06	9.17e-04	2.20e-02	1.34e-01	2.69e-01	3.52e-01	1.61e-01	3.97e-02	1.16e-02	8.49e-03	5.42e-04	1.19e-05
 1.92906e+22	1.42e-23	1.98e-17	1.32e-12	1.05e-10	4.40e-09	6.34e-08	4.45e-07	4.11e-06	9.94e-04	2.33e-02	1.40e-01	2.73e-01	3.50e-01	1.56e-01	3.76e-02	1.08e-02	7.75e-03	4.81e-04	1.02e-05
 1.94409e+22	1.98e-23	2.70e-17	1.75e-12	1.35e-10	5.53e-09	7.74e-08	5.26e-07	4.70e-06	1.10e-03	2.51e-02	1.46e-01	2.79e-01	3.47e-01	1.50e-01	3.51e-02	9.86e-03	6.90e-03	4.14e-04	8.50e-06
 1.95961e+22	2.63e-23	3.51e-17	2.22e-12	1.68e-10	6.70e-09	9.16e-08	6.06e-07	5.28e-06	1.20e-03	2.67e-02	1.52e-01	2.83e-01	3.44e-01	1.45e-01	3.31e-02	9.12e-03	6.24e-03	3.64e-04	7.26e-06
 1.97577e+22	3.73e-23	4.84e-17	2.98e-12	2.19e-10	8.49e-09	1.13e-07	7.22e-07	6.09e-06	1.33e-03	2.88e-02	1.59e-01	2.88e-01	3.39e-01	1.39e-01	3.07e-02	8.26e-03	5.52e-03	3.10e-04	5.96e-06
 1.99237e+22	5.00e-23	6.34e-17	3.81e-12	2.73e-10	1.04e-08	1.34e-07	8.36e-07	6.86e-06	1.46e-03	3.07e-02	1.65e-01	2.92e-01	3.35e-01	1.33e-01	2.88e-02	7.60e-03	4.96e-03	2.70e-04	5.05e-06
 2.00955e+22	7.18e-23	8.85e-17	5.17e-12	3.59e-10	1.32e-08	1.66e-07	1.00e-06	7.95e-06	1.63e-03	3.32e-02	1.73e-01	2.97e-01	3.30e-01	1.27e-01	2.65e-02	6.84e-03	4.35e-03	2.28e-04	4.10e-06
 2.02731e+22	9.75e-23	1.17e-16	6.68e-12	4.53e-10	1.63e-08	1.99e-07	1.17e-06	9.01e-06	1.78e-03	3.54e-02	1.80e-01	3.01e-01	3.26e-01	1.21e-01	2.47e-02	6.25e-03	3.89e-03	1.97e-04	3.44e-06
 2.04580e+22	1.42e-22	1.66e-16	9.17e-12	6.02e-10	2.10e-08	2.49e-07	1.41e-06	1.05e-05	2.00e-03	3.83e-02	1.88e-01	3.05e-01	3.19e-01	1.15e-01	2.26e-02	5.59e-03	3.38e-03	1.65e-04	2.76e-06
 2.06478e+22	1.95e-22	2.22e-16	1.20e-11	7.65e-10	2.60e-08	3.01e-07	1.65e-06	1.20e-05	2.20e-03	4.10e-02	1.95e-01	3.09e-01	3.14e-01	1.09e-01	2.10e-02	5.07e-03	3.00e-03	1.41e-04	2.28e-06
 2.08182e+22	2.64e-22	2.93e-16	1.54e-11	9.60e-10	3.19e-08	3.59e-07	1.92e-06	1.35e-05	2.41e-03	4.37e-02	2.03e-01	3.12e-01	3.08e-01	1.04e-01	1.95e-02	4.62e-03	2.67e-03	1.22e-04	1.91e-06
 2.10141e+22	3.96e-22	4.25e-16	2.15e-11	1.30e-09	4.18e-08	4.56e-07	2.35e-06	1.60e-05	2.72e-03	4.74e-02	2.12e-01	3.15e-01	3.00e-01	9.78e-02	1.77e-02	4.07e-03	2.28e-03	9.97e-05	1.50e-06
 2.12112e+22	5.34e-22	5.59e-16	2.76e-11	1.63e-09	5.12e-08	5.44e-07	2.72e-06	1.80e-05	2.98e-03	5.04e-02	2.19e-01	3.18e-01	2.94e-01	9.31e-02	1.64e-02	3.70e-03	2.03e-03	8.59e-05	1.25e-06
 2.14098e+22	7.93e-22	8.04e-16	3.84e-11	2.19e-09	6.68e-08	6.87e-07	3.31e-06	2.12e-05	3.35e-03	5.46e-02	2.29e-01	3.20e-01	2.86e-01	8.70e-02	1.48e-02	3.26e-03	1.73e-03	7.02e-05	9.78e-07
 2.16126e+22	1.09e-21	1.08e-15	5.00e-11	2.78e-09	8.28e-08	8.29e-07	3.88e-06	2.41e-05	3.68e-03	5.82e-02	2.37e-01	3.22e-01	2.79e-01	8.22e-02	1.36e-02	2.93e-03	1.52e-03	5.96e-05	8.01e-07
 2.18209e+22	1.64e-21	1.56e-15	7.00e-11	3.77e-09	1.09e-07	1.05e-06	4.75e-06	2.84e-05	4.15e-03	6.31e-02	2.47e-01	3.24e-01	2.70e-01	7.63e-02	1.22e-02	2.56e-03	1.29e-03	4.82e-05	6.19e-07
 2.20324e+22	2.28e-21	2.11e-15	9.18e-11	4.81e-09	1.35e-07	1.28e-06	5.59e-06	3.24e-05	4.57e-03	6.72e-02	2.55e-01	3.25e-01	2.62e-01	7.17e-02	1.11e-02	2.29e-03	1.12e-03	4.05e-05	5.02e-07
 2.22482e+22	3.47e-21	3.10e-15	1.30e-10	6.59e-09	1.80e-07	1.64e-06	6.89e-06	3.85e-05	5.18e-03	7.29e-02	2.65e-01	3.25e-01	2.52e-01	6.61e-02	9.85e-03	1.98e-03	9.37e-04	3.22e-05	3.81e-07
 2.24521e+22	4.59e-21	4.00e-15	1.64e-10	8.11e-09	2.16e-07	1.93e-06	7.91e-06	4.31e-05	5.62e-03	7.69e-02	2.72e-01	3.26e-01	2.46e-01	6.25e-02	9.08e-03	1.79e-03	8.31e-04	2.77e-05	3.17e-07
 2.26406e+22	6.62e-21	5.59e-15	2.21e-10	1.06e-08	2.77e-07	2.40e-06	9.50e-06	5.02e-05	6.26e-03	8.24e-02	2.81e-01	3.25e-01	2.37e-01	5.79e-02	8.14e-03	1.57e-03	7.05e-04	2.25e-05	2.47e-07
 2.28308e+22	8.76e-21	7.21e-15	2.78e-10	1.31e-08	3.33e-07	2.82e-06	1.09e-05	5.62e-05	6.79e-03	8.68e-02	2.88e-01	3.25e-01	2.30e-01	5.46e-02	7.48e-03	1.42e-03	6.23e-04	1.92e-05	2.05e-07
 2.30230e+22	1.27e-20	1.01e-14	3.76e-10	1.72e-08	4.28e-07	3.52e-06	1.31e-05	6.55e-05	7.58e-03	9.30e-02	2.97e-01	3.23e-01	2.20e-01	5.03e-02	6.66e-03	1.23e-03	5.24e-04	1.55e-05	1.58e-07
 2.32170e+22	1.69e-20	1.31e-14	4.75e-10	2.13e-08	5.18e-07	4.17e-06	1.52e-05	7.37e-05	8.24e-03	9.81e-02	3.04e-01	3.22e-01	2.13e-01	4.71e-02	6.08e-03	1.10e-03	4.59e-04	1.31e-05	1.29e-07
 2.34133e+22	2.46e-20	1.84e-14	6.43e-10	2.80e-08	6.66e-07	5.21e-06	1.83e-05	8.62e-05	9.21e-03	1.05e-01	3.12e-01	3.20e-01	2.03e-01	4.31e-02	5.37e-03	9.53e-04	3.83e-04	1.04e-05	0.00e+00
 2.36122e+22	3.28e-20	2.40e-14	8.14e-10	3.46e-08	8.09e-07	6.20e-06	2.12e-05	9.73e-05	1.00e-02	1.11e-01	3.19e-01	3.18e-01	1.96e-01	4.02e-02	4.87e-03	8.49e-04	3.33e-04	8.75e-06	0.00e+00
 2.38147e+22	4.80e-20	3.38e-14	1.11e-09	4.58e-08	1.05e-06	7.80e-06	2.58e-05	1.15e-04	1.12e-02	1.19e-01	3.28e-01	3.14e-01	1.86e-01	3.65e-02	4.26e-03	7.25e-04	2.74e-04	6.86e-06	0.00e+00
 2.40198e+22	6.44e-20	4.41e-14	1.40e-09	5.68e-08	1.27e-06	9.30e-06	2.99e-05	1.30e-04	1.23e-02	1.25e-01	3.34e-01	3.11e-01	1.78e-01	3.38e-02	3.84e-03	6.42e-04	2.36e-04	5.69e-06	0.00e+00
 2.42284e+22	9.43e-20	6.23e-14	1.90e-09	7.51e-08	1.65e-06	1.18e-05	3.65e-05	1.53e-04	1.38e-02	1.34e-01	3.43e-01	3.07e-01	1.68e-01	3.05e-02	3.33e-03	5.43e-04	1.92e-04	4.41e-06	0.00e+00
 2.44414e+22	1.28e-19	8.19e-14	2.42e-09	9.38e-08	2.03e-06	1.42e-05	4.28e-05	1.75e-04	1.51e-02	1.41e-01	3.49e-01	3.03e-01	1.60e-01	2.80e-02	2.96e-03	4.74e-04	1.63e-04	3.58e-06	0.00e+00
 2.46601e+22	1.89e-19	1.16e-13	3.29e-09	1.25e-07	2.65e-06	1.81e-05	5.27e-05	2.09e-04	1.70e-02	1.51e-01	3.57e-01	2.97e-01	1.50e-01	2.49e-02	2.53e-03	3.95e-04	1.30e-04	2.72e-06	0.00e+00
 2.48834e+22	2.57e-19	1.53e-13	4.19e-09	1.56e-07	3.28e-06	2.19e-05	6.22e-05	2.40e-04	1.88e-02	1.60e-01	3.62e-01	2.92e-01	1.42e-01	2.26e-02	2.22e-03	3.40e-04	1.09e-04	2.17e-06	0.00e+00
 2.51056e+22	3.73e-19	2.13e-13	5.61e-09	2.05e-07	4.25e-06	2.78e-05	7.62e-05	2.86e-04	2.11e-02	1.71e-01	3.69e-01	2.85e-01	1.32e-01	2.00e-02	1.88e-03	2.82e-04	8.65e-05	1.63e-06	0.00e+00
 2.53178e+22	4.86e-19	2.71e-13	6.89e-09	2.49e-07	5.12e-06	3.30e-05	8.83e-05	3.24e-04	2.30e-02	1.79e-01	3.73e-01	2.79e-01	1.25e-01	1.83e-02	1.67e-03	2.46e-04	7.31e-05	1.33e-06	0.00e+00
 2.55237e+22	6.82e-19	3.65e-13	8.94e-09	3.19e-07	6.51e-06	4.12e-05	1.07e-04	3.84e-04	2.58e-02	1.91e-01	3.78e-01	2.72e-01	1.16e-01	1.61e-02	1.42e-03	2.04e-04	5.83e-05	1.00e-06	0.00e+00
 2.57322e+22	8.88e-19	4.61e-13	1.09e-08	3.87e-07	7.86e-06	4.90e-05	1.24e-04	4.37e-04	2.82e-02	2.00e-01	3.81e-01	2.65e-01	1.09e-01	1.46e-02	1.24e-03	1.76e-04	4.87e-05	8.02e-07	0.00e+00
 2.59362e+22	1.21e-18	6.05e-13	1.38e-08	4.87e-07	9.83e-06	6.05e-05	1.49e-04	5.13e-04	3.14e-02	2.12e-01	3.85e-01	2.57e-01	1.00e-01	1.29e-02	1.06e-03	1.46e-04	3.89e-05	6.08e-07	0.00e+00
 2.61443e+22	1.57e-18	7.60e-13	1.67e-08	5.90e-07	1.19e-05	7.23e-05	1.74e-04	5.89e-04	3.44e-02	2.22e-01	3.87e-01	2.49e-01	9.36e-02	1.15e-02	9.15e-04	1.24e-04	3.20e-05	4.78e-07	0.00e+00
 2.63469e+22	2.07e-18	9.69e-13	2.06e-08	7.24e-07	1.46e-05	8.79e-05	2.07e-04	6.86e-04	3.81e-02	2.34e-01	3.89e-01	2.41e-01	8.63e-02	1.02e-02	7.78e-04	1.04e-04	2.57e-05	3.65e-07	0.00e+00
 2.65539e+22	2.68e-18	1.21e-12	2.48e-08	8.76e-07	1.77e-05	1.06e-04	2.42e-04	7.91e-04	4.18e-02	2.45e-01	3.90e-01	2.32e-01	7.97e-02	9.01e-03	6.66e-04	8.71e-05	2.08e-05	2.82e-07	0.00e+00
 2.67586e+22	3.47e-18	1.51e-12	2.98e-08	1.06e-06	2.15e-05	1.27e-04	2.85e-04	9.17e-04	4.61e-02	2.57e-01	3.90e-01	2.24e-01	7.33e-02	7.93e-03	5.66e-04	7.25e-05	1.67e-05	2.16e-07	0.00e+00
 2.69645e+22	4.43e-18	1.86e-12	3.55e-08	1.27e-06	2.59e-05	1.52e-04	3.33e-04	1.06e-03	5.06e-02	2.69e-01	3.90e-01	2.15e-01	6.72e-02	6.98e-03	4.81e-04	6.05e-05	1.34e-05	1.65e-07	0.00e+00
 2.71680e+22	5.61e-18	2.28e-12	4.19e-08	1.52e-06	3.11e-05	1.81e-04	3.88e-04	1.22e-03	5.55e-02	2.81e-01	3.88e-01	2.06e-01	6.16e-02	6.12e-03	4.08e-04	5.03e-05	1.08e-05	1.26e-07	0.00e+00
 2.73711e+22	7.05e-18	2.77e-12	4.91e-08	1.80e-06	3.71e-05	2.15e-04	4.51e-04	1.40e-03	6.07e-02	2.93e-01	3.86e-01	1.97e-01	5.63e-02	5.37e-03	3.45e-04	4.19e-05	8.65e-06	0.00e+00	0.00e+00
 2.75746e+22	8.82e-18	3.35e-12	5.73e-08	2.13e-06	4.43e-05	2.55e-04	5.23e-04	1.61e-03	6.63e-02	3.05e-01	3.83e-01	1.87e-01	5.13e-02	4.69e-03	2.92e-04	3.47e-05	6.91e-06	0.00e+00	0.00e+00
 2.77789e+22	1.10e-17	4.02e-12	6.64e-08	2.51e-06	5.26e-05	3.01e-04	6.05e-04	1.85e-03	7.24e-02	3.16e-01	3.79e-01	1.78e-01	4.66e-02	4.10e-03	2.46e-04	2.87e-05	5.52e-06	0.00e+00	0.00e+00
 2.79843e+22	1.36e-17	4.81e-12	7.67e-08	2.95e-06	6.23e-05	3.55e-04	6.98e-04	2.12e-03	7.89e-02	3.28e-01	3.75e-01	1.69e-01	4.22e-02	3.56e-03	2.07e-04	2.37e-05	4.40e-06	0.00e+00	0.00e+00
 2.81917e+22	1.68e-17	5.75e-12	8.84e-08	3.47e-06	7.36e-05	4.17e-04	8.04e-04	2.43e-03	8.59e-02	3.39e-01	3.69e-01	1.60e-01	3.82e-02	3.09e-03	1.74e-04	1.95e-05	3.49e-06	0.00e+00	0.00e+00
 2.84015e+22	2.08e-17	6.85e-12	1.02e-07	4.06e-06	8.70e-05	4.90e-04	9.24e-04	2.78e-03	9.33e-02	3.51e-01	3.63e-01	1.51e-01	3.44e-02	2.68e-03	1.45e-04	1.60e-05	2.76e-06	0.00e+00	0.00e+00
 2.86123e+22	2.56e-17	8.14e-12	1.16e-07	4.74e-06	1.02e-04	5.74e-04	1.06e-03	3.17e-03	1.01e-01	3.61e-01	3.57e-01	1.42e-01	3.10e-02	2.31e-03	1.22e-04	1.31e-05	2.19e-06	0.00e+00	0.00e+00
 2.88266e+22	3.17e-17	9.70e-12	1.34e-07	5.56e-06	1.21e-04	6.73e-04	1.21e-03	3.62e-03	1.10e-01	3.72e-01	3.49e-01	1.34e-01	2.77e-02	1.99e-03	1.01e-04	1.07e-05	1.72e-06	0.00e+00	0.00e+00
 2.90433e+22	3.91e-17	1.15e-11	1.53e-07	6.49e-06	1.41e-04	7.84e-04	1.38e-03	4.11e-03	1.19e-01	3.82e-01	3.41e-01	1.25e-01	2.48e-02	1.71e-03	8.43e-05	8.70e-06	1.35e-06	0.00e+00	0.00e+00
 2.92642e+22	4.86e-17	1.38e-11	1.76e-07	7.62e-06	1.67e-04	9.19e-04	1.58e-03	4.70e-03	1.28e-01	3.92e-01	3.32e-01	1.17e-01	2.21e-02	1.46e-03	6.95e-05	7.03e-06	1.05e-06	0.00e+00	0.00e+00
 2.94698e+22	5.81e-17	1.60e-11	1.98e-07	8.68e-06	1.90e-04	1.04e-03	1.75e-03	5.21e-03	1.36e-01	3.99e-01	3.25e-01	1.10e-01	2.00e-02	1.29e-03	5.95e-05	5.91e-06	8.61e-07	0.00e+00	0.00e+00
 2.96813e+22	7.30e-17	1.93e-11	2.30e-07	1.03e-05	2.25e-04	1.22e-03	2.00e-03	5.96e-03	1.47e-01	4.08e-01	3.15e-01	1.02e-01	1.76e-02	1.09e-03	4.85e-05	4.71e-06	6.61e-07	0.00e+00	0.00e+00
 2.98962e+22	8.80e-17	2.25e-11	2.60e-07	1.17e-05	2.57e-04	1.38e-03	2.22e-03	6.61e-03	1.56e-01	4.14e-01	3.06e-01	9.58e-02	1.60e-02	9.51e-04	4.14e-05	3.94e-06	5.37e-07	0.00e+00	0.00e+00
 3.01162e+22	1.12e-16	2.74e-11	3.04e-07	1.39e-05	3.05e-04	1.62e-03	2.53e-03	7.55e-03	1.68e-01	4.22e-01	2.95e-01	8.80e-02	1.39e-02	7.97e-04	3.34e-05	3.11e-06	4.08e-07	0.00e+00	0.00e+00
 3.03373e+22	1.36e-16	3.23e-11	3.46e-07	1.60e-05	3.48e-04	1.83e-03	2.79e-03	8.32e-03	1.78e-01	4.27e-01	2.86e-01	8.26e-02	1.26e-02	6.98e-04	2.85e-05	2.60e-06	3.32e-07	0.00e+00	0.00e+00
 3.05600e+22	1.74e-16	3.97e-11	4.08e-07	1.90e-05	4.12e-04	2.14e-03	3.16e-03	9.45e-03	1.91e-01	4.32e-01	2.75e-01	7.57e-02	1.10e-02	5.84e-04	2.31e-05	2.06e-06	2.53e-07	0.00e+00	0.00e+00
 3.07839e+22	2.12e-16	4.70e-11	4.68e-07	2.19e-05	4.69e-04	2.41e-03	3.47e-03	1.04e-02	2.01e-01	4.36e-01	2.66e-01	7.07e-02	9.88e-03	5.10e-04	1.96e-05	1.72e-06	2.05e-07	0.00e+00	0.00e+00
 3.10095e+22	2.75e-16	5.83e-11	5.57e-07	2.62e-05	5.55e-04	2.81e-03	3.92e-03	1.17e-02	2.14e-01	4.39e-01	2.54e-01	6.46e-02	8.59e-03	4.27e-04	1.58e-05	1.35e-06	1.56e-07	0.00e+00	0.00e+00
 3.12370e+22	3.39e-16	6.95e-11	6.42e-07	3.02e-05	6.32e-04	3.15e-03	4.29e-03	1.28e-02	2.24e-01	4.42e-01	2.45e-01	6.01e-02	7.71e-03	3.72e-04	1.34e-05	1.13e-06	1.26e-07	0.00e+00	0.00e+00
 3.14669e+22	4.44e-16	8.74e-11	7.74e-07	3.63e-05	7.48e-04	3.66e-03	4.81e-03	1.44e-02	2.38e-01	4.43e-01	2.33e-01	5.47e-02	6.68e-03	3.10e-04	1.08e-05	8.87e-07	0.00e+00	0.00e+00	0.00e+00
 3.16997e+22	5.53e-16	1.05e-10	9.01e-07	4.21e-05	8.53e-04	4.11e-03	5.26e-03	1.58e-02	2.49e-01	4.44e-01	2.24e-01	5.07e-02	5.97e-03	2.69e-04	9.15e-06	7.35e-07	0.00e+00	0.00e+00	0.00e+00
 3.19362e+22	7.37e-16	1.34e-10	1.10e-06	5.11e-05	1.01e-03	4.77e-03	5.89e-03	1.77e-02	2.63e-01	4.44e-01	2.12e-01	4.59e-02	5.15e-03	2.23e-04	7.34e-06	5.76e-07	0.00e+00	0.00e+00	0.00e+00
 3.21765e+22	9.32e-16	1.64e-10	1.30e-06	5.97e-05	1.16e-03	5.36e-03	6.43e-03	1.93e-02	2.75e-01	4.43e-01	2.03e-01	4.24e-02	4.58e-03	1.93e-04	6.17e-06	4.75e-07	0.00e+00	0.00e+00	0.00e+00
 3.24220e+22	1.26e-15	2.13e-10	1.61e-06	7.30e-05	1.38e-03	6.22e-03	7.18e-03	2.16e-02	2.90e-01	4.41e-01	1.91e-01	3.82e-02	3.92e-03	1.59e-04	4.91e-06	3.69e-07	0.00e+00	0.00e+00	0.00e+00
 3.26725e+22	1.63e-15	2.64e-10	1.93e-06	8.60e-05	1.59e-03	7.00e-03	7.83e-03	2.35e-02	3.01e-01	4.38e-01	1.82e-01	3.51e-02	3.47e-03	1.37e-04	4.10e-06	3.02e-07	0.00e+00	0.00e+00	0.00e+00
 3.29296e+22	2.26e-15	3.49e-10	2.44e-06	1.07e-04	1.90e-03	8.15e-03	8.75e-03	2.62e-02	3.16e-01	4.34e-01	1.70e-01	3.13e-02	2.94e-03	1.12e-04	3.23e-06	2.32e-07	0.00e+00	0.00e+00	0.00e+00
 3.31932e+22	2.96e-15	4.41e-10	2.96e-06	1.27e-04	2.20e-03	9.21e-03	9.55e-03	2.85e-02	3.28e-01	4.29e-01	1.61e-01	2.86e-02	2.58e-03	9.52e-05	2.67e-06	1.88e-07	0.00e+00	0.00e+00	0.00e+00
 3.34652e+22	4.21e-15	5.98e-10	3.82e-06	1.59e-04	2.66e-03	1.08e-02	1.07e-02	3.18e-02	3.44e-01	4.23e-01	1.50e-01	2.52e-02	2.17e-03	7.69e-05	2.08e-06	1.43e-07	0.00e+00	0.00e+00	0.00e+00
 3.37211e+22	5.35e-15	7.35e-10	4.55e-06	1.86e-04	3.01e-03	1.19e-02	1.15e-02	3.40e-02	3.53e-01	4.18e-01	1.43e-01	2.33e-02	1.93e-03	6.70e-05	1.77e-06	1.19e-07	0.00e+00	0.00e+00	0.00e+00
 3.39561e+22	7.29e-15	9.61e-10	5.70e-06	2.26e-04	3.54e-03	1.36e-02	1.26e-02	3.72e-02	3.66e-01	4.11e-01	1.34e-01	2.09e-02	1.66e-03	5.59e-05	1.43e-06	0.00e+00	0.00e+00	0.00e+00	0.00e+00
 3.41891e+22	9.23e-15	1.18e-09	6.77e-06	2.62e-04	3.99e-03	1.50e-02	1.35e-02	3.96e-02	3.75e-01	4.05e-01	1.27e-01	1.93e-02	1.49e-03	4.88e-05	1.22e-06	0.00e+00	0.00e+00	0.00e+00	0.00e+00
 3.44195e+22	1.25e-14	1.54e-09	8.47e-06	3.19e-04	4.66e-03	1.70e-02	1.47e-02	4.30e-02	3.87e-01	3.97e-01	1.19e-01	1.73e-02	1.28e-03	4.07e-05	9.80e-07	0.00e+00	0.00e+00	0.00e+00	0.00e+00
 3.46513e+22	1.60e-14	1.89e-09	1.01e-05	3.70e-04	5.26e-03	1.87e-02	1.57e-02	4.57e-02	3.95e-01	3.90e-01	1.13e-01	1.59e-02	1.14e-03	3.55e-05	8.35e-07	0.00e+00	0.00e+00	0.00e+00	0.00e+00
 3.48848e+22	2.18e-14	2.48e-09	1.27e-05	4.50e-04	6.15e-03	2.11e-02	1.70e-02	4.94e-02	4.05e-01	3.81e-01	1.05e-01	1.43e-02	9.77e-04	2.96e-05	6.74e-07	0.00e+00	0.00e+00	0.00e+00	0.00e+00
 3.51225e+22	2.80e-14	3.09e-09	1.53e-05	5.26e-04	6.97e-03	2.33e-02	1.82e-02	5.23e-02	4.13e-01	3.73e-01	9.90e-02	1.31e-02	8.67e-04	2.56e-05	5.70e-07	0.00e+00	0.00e+00	0.00e+00	0.00e+00
 3.53659e+22	3.89e-14	4.10e-09	1.94e-05	6.45e-04	8.18e-03	2.63e-02	1.98e-02	5.65e-02	4.22e-01	3.62e-01	9.16e-02	1.16e-02	7.37e-04	2.12e-05	4.55e-07	0.00e+00	0.00e+00	0.00e+00	0.00e+00
 3.56123e+22	5.04e-14	5.14e-09	2.35e-05	7.56e-04	9.27e-03	2.90e-02	2.11e-02	5.97e-02	4.29e-01	3.54e-01	8.61e-02	1.06e-02	6.51e-04	1.83e-05	3.83e-07	0.00e+00	0.00e+00	0.00e+00	0.00e+00
 3.58629e+22	7.06e-14	6.88e-09	3.01e-05	9.30e-04	1.09e-02	3.29e-02	2.29e-02	6.43e-02	4.37e-01	3.42e-01	7.92e-02	9.33e-03	5.50e-04	1.50e-05	3.04e-07	0.00e+00	0.00e+00	0.00e+00	0.00e+00
 3.61189e+22	9.24e-14	8.70e-09	3.67e-05	1.10e-03	1.24e-02	3.62e-02	2.44e-02	6.78e-02	4.43e-01	3.32e-01	7.41e-02	8.45e-03	4.82e-04	1.28e-05	2.54e-07	0.00e+00	0.00e+00	0.00e+00	0.00e+00
 3.63819e+22	1.32e-13	1.18e-08	4.76e-05	1.36e-03	1.46e-02	4.11e-02	2.65e-02	7.28e-02	4.49e-01	3.19e-01	6.76e-02	7.38e-03	4.03e-04	1.04e-05	1.99e-07	0.00e+00	0.00e+00	0.00e+00	0.00e+00
 3.66502e+22	1.74e-13	1.51e-08	5.85e-05	1.61e-03	1.67e-02	4.53e-02	2.82e-02	7.66e-02	4.53e-01	3.08e-01	6.29e-02	6.64e-03	3.50e-04	8.85e-06	1.64e-07	0.00e+00	0.00e+00	0.00e+00	0.00e+00
 3.69255e+22	2.51e-13	2.07e-08	7.66e-05	2.01e-03	1.98e-02	5.14e-02	3.06e-02	8.20e-02	4.58e-01	2.94e-01	5.68e-02	5.74e-03	2.89e-04	7.10e-06	1.27e-07	0.00e+00	0.00e+00	0.00e+00	0.00e+00
 3.72070e+22	3.36e-13	2.67e-08	9.49e-05	2.39e-03	2.26e-02	5.67e-02	3.25e-02	8.61e-02	4.60e-01	2.82e-01	5.24e-02	5.11e-03	2.48e-04	5.96e-06	0.00e+00	0.00e+00	0.00e+00	0.00e+00	0.00e+00
 3.74964e+22	4.92e-13	3.71e-08	1.25e-04	3.00e-03	2.68e-02	6.42e-02	3.51e-02	9.16e-02	4.61e-01	2.67e-01	4.69e-02	4.38e-03	2.03e-04	4.72e-06	0.00e+00	0.00e+00	0.00e+00	0.00e+00	0.00e+00
 3.77892e+22	6.61e-13	4.79e-08	1.55e-04	3.57e-03	3.06e-02	7.06e-02	3.72e-02	9.57e-02	4.60e-01	2.55e-01	4.30e-02	3.87e-03	1.73e-04	3.94e-06	0.00e+00	0.00e+00	0.00e+00	0.00e+00	0.00e+00
 3.80866e+22	9.70e-13	6.68e-08	2.06e-04	4.47e-03	3.63e-02	7.97e-02	4.00e-02	1.01e-01	4.58e-01	2.39e-01	3.81e-02	3.28e-03	1.40e-04	3.09e-06	0.00e+00	0.00e+00	0.00e+00	0.00e+00	0.00e+00
 3.83875e+22	1.31e-12	8.63e-08	2.55e-04	5.32e-03	4.13e-02	8.73e-02	4.22e-02	1.05e-01	4.54e-01	2.26e-01	3.47e-02	2.88e-03	1.19e-04	2.56e-06	0.00e+00	0.00e+00	0.00e+00	0.00e+00	0.00e+00
 3.86932e+22	1.92e-12	1.21e-07	3.37e-04	6.65e-03	4.87e-02	9.79e-02	4.51e-02	1.10e-01	4.48e-01	2.10e-01	3.04e-02	2.41e-03	9.47e-05	1.98e-06	0.00e+00	0.00e+00	0.00e+00	0.00e+00	0.00e+00
 3.89915e+22	2.53e-12	1.52e-07	4.10e-04	7.77e-03	5.47e-02	1.06e-01	4.71e-02	1.13e-01	4.42e-01	1.99e-01	2.77e-02	2.12e-03	8.07e-05	1.65e-06	0.00e+00	0.00e+00	0.00e+00	0.00e+00	0.00e+00
 3.92802e+22	3.62e-12	2.07e-07	5.31e-04	9.51e-03	6.34e-02	1.17e-01	4.97e-02	1.18e-01	4.33e-01	1.83e-01	2.42e-02	1.78e-03	6.48e-05	1.29e-06	0.00e+00	0.00e+00	0.00e+00	0.00e+00	0.00e+00
 3.95791e+22	4.82e-12	2.65e-07	6.51e-04	1.12e-02	7.12e-02	1.26e-01	5.18e-02	1.20e-01	4.23e-01	1.72e-01	2.17e-02	1.54e-03	5.42e-05	1.06e-06	0.00e+00	0.00e+00	0.00e+00	0.00e+00	0.00e+00
 3.98344e+22	6.21e-12	3.29e-07	7.80e-04	1.29e-02	7.88e-02	1.35e-01	5.35e-02	1.23e-01	4.14e-01	1.61e-01	1.97e-02	1.35e-03	4.61e-05	8.81e-07	0.00e+00	0.00e+00	0.00e+00	0.00e+00	0.00e+00
 4.01095e+22	8.61e-12	4.35e-07	9.82e-04	1.54e-02	8.95e-02	1.46e-01	5.56e-02	1.25e-01	4.01e-01	1.48e-01	1.72e-02	1.13e-03	3.72e-05	6.92e-07	0.00e+00	0.00e+00	0.00e+00	0.00e+00	0.00e+00
 4.03848e+22	1.10e-11	5.39e-07	1.17e-03	1.76e-02	9.84e-02	1.55e-01	5.72e-02	1.27e-01	3.89e-01	1.38e-01	1.54e-02	9.87e-04	3.14e-05	5.73e-07	0.00e+00	0.00e+00	0.00e+00	0.00e+00	0.00e+00
 4.06602e+22	1.50e-11	6.99e-07	1.45e-03	2.07e-02	1.10e-01	1.66e-01	5.89e-02	1.28e-01	3.74e-01	1.26e-01	1.35e-02	8.28e-04	2.53e-05	4.52e-07	0.00e+00	0.00e+00	0.00e+00	0.00e+00	0.00e+00
 4.09466e+22	1.97e-11	8.81e-07	1.75e-03	2.39e-02	1.22e-01	1.77e-01	6.02e-02	1.29e-01	3.59e-01	1.15e-01	1.18e-02	7.03e-04	2.08e-05	3.63e-07	0.00e+00	0.00e+00	0.00e+00	0.00e+00	0.00e+00
 4.12025e+22	2.52e-11	1.08e-06	2.07e-03	2.72e-02	1.33e-01	1.85e-01	6.13e-02	1.29e-01	3.45e-01	1.06e-01	1.05e-02	6.04e-04	1.73e-05	2.97e-07	0.00e+00	0.00e+00	0.00e+00	0.00e+00	0.00e+00
 4.14903e+22	3.41e-11	1.40e-06	2.55e-03	3.18e-02	1.47e-01	1.96e-01	6.23e-02	1.29e-01	3.26e-01	9.52e-02	8.98e-03	4.97e-04	1.37e-05	2.29e-07	0.00e+00	0.00e+00	0.00e+00	0.00e+00	0.00e+00
 4.17928e+22	4.49e-11	1.76e-06	3.08e-03	3.64e-02	1.61e-01	2.06e-01	6.30e-02	1.28e-01	3.09e-01	8.58e-02	7.74e-03	4.14e-04	1.10e-05	1.80e-07	0.00e+00	0.00e+00	0.00e+00	0.00e+00	0.00e+00
 4.20676e+22	5.77e-11	2.18e-06	3.64e-03	4.13e-02	1.74e-01	2.14e-01	6.34e-02	1.26e-01	2.92e-01	7.75e-02	6.72e-03	3.47e-04	8.96e-06	1.44e-07	0.00e+00	0.00e+00	0.00e+00	0.00e+00	0.00e+00
 4.23781e+22	7.88e-11	2.82e-06	4.48e-03	4.80e-02	1.92e-01	2.24e-01	6.35e-02	1.24e-01	2.71e-01	6.78e-02	5.59e-03	2.77e-04	6.87e-06	0.00e+00	0.00e+00	0.00e+00	0.00e+00	0.00e+00	0.00e+00
 4.26978e+22	1.03e-10	3.53e-06	5.35e-03	5.45e-02	2.07e-01	2.32e-01	6.33e-02	1.21e-01	2.52e-01	6.00e-02	4.73e-03	2.26e-04	5.41e-06	0.00e+00	0.00e+00	0.00e+00	0.00e+00	0.00e+00	0.00e+00
 4.29819e+22	1.32e-10	4.31e-06	6.28e-03	6.09e-02	2.22e-01	2.38e-01	6.29e-02	1.18e-01	2.35e-01	5.34e-02	4.04e-03	1.87e-04	4.32e-06	0.00e+00	0.00e+00	0.00e+00	0.00e+00	0.00e+00	0.00e+00
 4.33034e+22	1.79e-10	5.57e-06	7.67e-03	7.01e-02	2.40e-01	2.45e-01	6.19e-02	1.14e-01	2.13e-01	4.56e-02	3.27e-03	1.45e-04	3.21e-06	0.00e+00	0.00e+00	0.00e+00	0.00e+00	0.00e+00	0.00e+00
 4.36341e+22	2.31e-10	6.87e-06	9.03e-03	7.84e-02	2.55e-01	2.50e-01	6.09e-02	1.09e-01	1.95e-01	3.97e-02	2.73e-03	1.17e-04	2.49e-06	0.00e+00	0.00e+00	0.00e+00	0.00e+00	0.00e+00	0.00e+00
 4.39767e+22	3.17e-10	8.87e-06	1.10e-02	8.96e-02	2.74e-01	2.54e-01	5.92e-02	1.04e-01	1.74e-01	3.32e-02	2.16e-03	8.82e-05	1.80e-06	0.00e+00	0.00e+00	0.00e+00	0.00e+00	0.00e+00	0.00e+00
 4.43252e+22	4.07e-10	1.09e-05	1.28e-02	9.93e-02	2.89e-01	2.55e-01	5.75e-02	9.85e-02	1.57e-01	2.85e-02	1.77e-03	6.99e-05	1.38e-06	0.00e+00	0.00e+00	0.00e+00	0.00e+00	0.00e+00	0.00e+00
 4.46816e+22	5.61e-10	1.41e-05	1.56e-02	1.13e-01	3.07e-01	2.56e-01	5.50e-02	9.18e-02	1.37e-01	2.32e-02	1.36e-03	5.12e-05	9.64e-07	0.00e+00	0.00e+00	0.00e+00	0.00e+00	0.00e+00	0.00e+00
 4.50420e+22	7.13e-10	1.71e-05	1.81e-02	1.24e-01	3.20e-01	2.55e-01	5.30e-02	8.64e-02	1.23e-01	1.97e-02	1.11e-03	4.02e-05	7.30e-07	0.00e+00	0.00e+00	0.00e+00	0.00e+00	0.00e+00	0.00e+00
 4.54077e+22	9.72e-10	2.19e-05	2.18e-02	1.39e-01	3.36e-01	2.52e-01	5.01e-02	7.94e-02	1.05e-01	1.58e-02	8.37e-04	2.90e-05	5.03e-07	0.00e+00	0.00e+00	0.00e+00	0.00e+00	0.00e+00	0.00e+00
 4.57767e+22	1.24e-09	2.65e-05	2.50e-02	1.51e-01	3.47e-01	2.49e-01	4.77e-02	7.38e-02	9.30e-02	1.32e-02	6.68e-04	2.23e-05	3.73e-07	0.00e+00	0.00e+00	0.00e+00	0.00e+00	0.00e+00	0.00e+00
 4.61502e+22	1.67e-09	3.35e-05	2.97e-02	1.67e-01	3.58e-01	2.43e-01	4.45e-02	6.70e-02	7.89e-02	1.05e-02	5.00e-04	1.60e-05	2.54e-07	0.00e+00	0.00e+00	0.00e+00	0.00e+00	0.00e+00	0.00e+00
 4.65284e+22	2.12e-09	4.05e-05	3.41e-02	1.81e-01	3.67e-01	2.37e-01	4.19e-02	6.16e-02	6.87e-02	8.62e-03	3.92e-04	1.21e-05	1.85e-07	0.00e+00	0.00e+00	0.00e+00	0.00e+00	0.00e+00	0.00e+00
 4.69130e+22	2.85e-09	5.10e-05	4.02e-02	1.99e-01	3.75e-01	2.28e-01	3.87e-02	5.50e-02	5.74e-02	6.70e-03	2.87e-04	8.42e-06	1.23e-07	0.00e+00	0.00e+00	0.00e+00	0.00e+00	0.00e+00	0.00e+00
 4.73006e+22	3.59e-09	6.10e-05	4.56e-02	2.13e-01	3.80e-01	2.21e-01	3.61e-02	5.01e-02	4.95e-02	5.46e-03	2.23e-04	6.31e-06	0.00e+00	0.00e+00	0.00e+00	0.00e+00	0.00e+00	0.00e+00	0.00e+00
 4.76923e+22	4.80e-09	7.63e-05	5.33e-02	2.31e-01	3.84e-01	2.10e-01	3.29e-02	4.43e-02	4.08e-02	4.18e-03	1.61e-04	4.35e-06	0.00e+00	0.00e+00	0.00e+00	0.00e+00	0.00e+00	0.00e+00	0.00e+00
 4.80893e+22	6.03e-09	9.09e-05	6.02e-02	2.45e-01	3.85e-01	2.01e-01	3.05e-02	3.99e-02	3.48e-02	3.36e-03	1.24e-04	3.21e-06	0.00e+00	0.00e+00	0.00e+00	0.00e+00	0.00e+00	0.00e+00	0.00e+00
 4.84933e+22	8.04e-09	1.13e-04	6.99e-02	2.64e-01	3.84e-01	1.89e-01	2.74e-02	3.47e-02	2.82e-02	2.53e-03	8.75e-05	2.16e-06	0.00e+00	0.00e+00	0.00e+00	0.00e+00	0.00e+00	0.00e+00	0.00e+00
 4.89011e+22	1.01e-08	1.34e-04	7.83e-02	2.78e-01	3.82e-01	1.79e-01	2.52e-02	3.10e-02	2.38e-02	2.01e-03	6.64e-05	1.58e-06	0.00e+00	0.00e+00	0.00e+00	0.00e+00	0.00e+00	0.00e+00	0.00e+00
 4.93141e+22	1.33e-08	1.66e-04	9.02e-02	2.96e-01	3.77e-01	1.67e-01	2.25e-02	2.67e-02	1.91e-02	1.49e-03	4.64e-05	1.05e-06	0.00e+00	0.00e+00	0.00e+00	0.00e+00	0.00e+00	0.00e+00	0.00e+00
 4.97328e+22	1.66e-08	1.95e-04	1.01e-01	3.09e-01	3.72e-01	1.57e-01	2.04e-02	2.36e-02	1.59e-02	1.17e-03	3.48e-05	7.58e-07	0.00e+00	0.00e+00	0.00e+00	0.00e+00	0.00e+00	0.00e+00	0.00e+00
 5.00973e+22	2.05e-08	2.29e-04	1.11e-01	3.22e-01	3.65e-01	1.47e-01	1.86e-02	2.09e-02	1.34e-02	9.23e-04	2.62e-05	5.50e-07	0.00e+00	0.00e+00	0.00e+00	0.00e+00	0.00e+00	0.00e+00	0.00e+00
 5.04456e+22	2.49e-08	2.63e-04	1.22e-01	3.33e-01	3.59e-01	1.38e-01	1.70e-02	1.86e-02	1.13e-02	7.41e-04	2.02e-05	4.10e-07	0.00e+00	0.00e+00	0.00e+00	0.00e+00	0.00e+00	0.00e+00	0.00e+00
 5.07767e+22	2.99e-08	3.01e-04	1.33e-01	3.44e-01	3.51e-01	1.30e-01	1.56e-02	1.66e-02	9.62e-03	5.96e-04	1.56e-05	3.06e-07	0.00e+00	0.00e+00	0.00e+00	0.00e+00	0.00e+00	0.00e+00	0.00e+00
 5.11497e+22	3.77e-08	3.56e-04	1.47e-01	3.56e-01	3.40e-01	1.20e-01	1.39e-02	1.43e-02	7.80e-03	4.51e-04	1.12e-05	2.11e-07	0.00e+00	0.00e+00	0.00e+00	0.00e+00	0.00e+00	0.00e+00	0.00e+00
 5.15221e+22	4.51e-08	4.06e-04	1.60e-01	3.64e-01	3.31e-01	1.12e-01	1.26e-02	1.27e-02	6.59e-03	3.61e-04	8.63e-06	1.57e-07	0.00e+00	0.00e+00	0.00e+00	0.00e+00	0.00e+00	0.00e+00	0.00e+00
 5.18934e+22	5.63e-08	4.77e-04	1.76e-01	3.74e-01	3.19e-01	1.03e-01	1.12e-02	1.09e-02	5.33e-03	2.73e-04	6.21e-06	0.00e+00	0.00e+00	0.00e+00	0.00e+00	0.00e+00	0.00e+00	0.00e+00	0.00e+00
 5.22718e+22	6.75e-08	5.42e-04	1.90e-01	3.82e-01	3.08e-01	9.57e-02	1.02e-02	9.63e-03	4.46e-03	2.16e-04	4.72e-06	0.00e+00	0.00e+00	0.00e+00	0.00e+00	0.00e+00	0.00e+00	0.00e+00	0.00e+00
 5.26593e+22	8.44e-08	6.36e-04	2.08e-01	3.89e-01	2.94e-01	8.70e-02	8.94e-03	8.18e-03	3.56e-03	1.60e-04	3.34e-06	0.00e+00	0.00e+00	0.00e+00	0.00e+00	0.00e+00	0.00e+00	0.00e+00	0.00e+00
 5.30506e+22	1.01e-07	7.21e-04	2.24e-01	3.95e-01	2.82e-01	8.03e-02	8.04e-03	7.15e-03	2.96e-03	1.26e-04	2.52e-06	0.00e+00	0.00e+00	0.00e+00	0.00e+00	0.00e+00	0.00e+00	0.00e+00	0.00e+00
 5.33950e+22	1.20e-07	8.13e-04	2.40e-01	3.99e-01	2.70e-01	7.42e-02	7.24e-03	6.26e-03	2.47e-03	9.92e-05	1.91e-06	0.00e+00	0.00e+00	0.00e+00	0.00e+00	0.00e+00	0.00e+00	0.00e+00	0.00e+00
 5.37907e+22	1.49e-07	9.46e-04	2.61e-01	4.03e-01	2.55e-01	6.68e-02	6.31e-03	5.27e-03	1.96e-03	7.30e-05	1.34e-06	0.00e+00	0.00e+00	0.00e+00	0.00e+00	0.00e+00	0.00e+00	0.00e+00	0.00e+00
 5.41737e+22	1.74e-07	1.05e-03	2.77e-01	4.04e-01	2.44e-01	6.18e-02	5.70e-03	4.64e-03	1.64e-03	5.82e-05	1.03e-06	0.00e+00	0.00e+00	0.00e+00	0.00e+00	0.00e+00	0.00e+00	0.00e+00	0.00e+00
 5.44787e+22	2.01e-07	1.16e-03	2.92e-01	4.05e-01	2.34e-01	5.74e-02	5.19e-03	4.12e-03	1.40e-03	4.72e-05	8.11e-07	0.00e+00	0.00e+00	0.00e+00	0.00e+00	0.00e+00	0.00e+00	0.00e+00	0.00e+00
 5.48134e+22	2.38e-07	1.31e-03	3.10e-01	4.05e-01	2.21e-01	5.25e-02	4.62e-03	3.56e-03	1.15e-03	3.65e-05	6.04e-07	0.00e+00	0.00e+00	0.00e+00	0.00e+00	0.00e+00	0.00e+00	0.00e+00	0.00e+00
 5.51541e+22	2.75e-07	1.44e-03	3.26e-01	4.05e-01	2.11e-01	4.85e-02	4.18e-03	3.14e-03	9.75e-04	2.94e-05	4.71e-07	0.00e+00	0.00e+00	0.00e+00	0.00e+00	0.00e+00	0.00e+00	0.00e+00	0.00e+00
 5.54547e+22	3.15e-07	1.58e-03	3.42e-01	4.03e-01	2.01e-01	4.50e-02	3.80e-03	2.79e-03	8.31e-04	2.39e-05	3.71e-07	0.00e+00	0.00e+00	0.00e+00	0.00e+00	0.00e+00	0.00e+00	0.00e+00	0.00e+00
 5.57979e+22	3.73e-07	1.76e-03	3.62e-01	4.00e-01	1.89e-01	4.08e-02	3.36e-03	2.39e-03	6.78e-04	1.83e-05	2.74e-07	0.00e+00	0.00e+00	0.00e+00	0.00e+00	0.00e+00	0.00e+00	0.00e+00	0.00e+00
 5.61451e+22	4.29e-07	1.94e-03	3.78e-01	3.97e-01	1.79e-01	3.76e-02	3.03e-03	2.10e-03	5.72e-04	1.47e-05	2.13e-07	0.00e+00	0.00e+00	0.00e+00	0.00e+00	0.00e+00	0.00e+00	0.00e+00	0.00e+00
 5.64496e+22	4.90e-07	2.11e-03	3.95e-01	3.94e-01	1.70e-01	3.47e-02	2.74e-03	1.86e-03	4.85e-04	1.18e-05	1.67e-07	0.00e+00	0.00e+00	0.00e+00	0.00e+00	0.00e+00	0.00e+00	0.00e+00	0.00e+00
 5.67972e+22	5.79e-07	2.36e-03	4.16e-01	3.88e-01	1.58e-01	3.12e-02	2.41e-03	1.58e-03	3.92e-04	8.97e-06	1.22e-07	0.00e+00	0.00e+00	0.00e+00	0.00e+00	0.00e+00	0.00e+00	0.00e+00	0.00e+00
 5.71478e+22	6.60e-07	2.57e-03	4.32e-01	3.83e-01	1.50e-01	2.87e-02	2.17e-03	1.39e-03	3.32e-04	7.23e-06	0.00e+00	0.00e+00	0.00e+00	0.00e+00	0.00e+00	0.00e+00	0.00e+00	0.00e+00	0.00e+00
 5.75022e+22	7.76e-07	2.85e-03	4.53e-01	3.76e-01	1.39e-01	2.59e-02	1.91e-03	1.19e-03	2.68e-04	5.49e-06	0.00e+00	0.00e+00	0.00e+00	0.00e+00	0.00e+00	0.00e+00	0.00e+00	0.00e+00	0.00e+00
 5.78623e+22	8.89e-07	3.11e-03	4.70e-01	3.70e-01	1.31e-01	2.36e-02	1.71e-03	1.03e-03	2.24e-04	4.35e-06	0.00e+00	0.00e+00	0.00e+00	0.00e+00	0.00e+00	0.00e+00	0.00e+00	0.00e+00	0.00e+00
 5.81795e+22	1.01e-06	3.37e-03	4.87e-01	3.63e-01	1.23e-01	2.17e-02	1.54e-03	9.08e-04	1.89e-04	3.49e-06	0.00e+00	0.00e+00	0.00e+00	0.00e+00	0.00e+00	0.00e+00	0.00e+00	0.00e+00	0.00e+00
 5.85418e+22	1.18e-06	3.73e-03	5.07e-01	3.54e-01	1.13e-01	1.94e-02	1.34e-03	7.70e-04	1.52e-04	2.63e-06	0.00e+00	0.00e+00	0.00e+00	0.00e+00	0.00e+00	0.00e+00	0.00e+00	0.00e+00	0.00e+00
 5.89120e+22	1.35e-06	4.05e-03	5.24e-01	3.46e-01	1.06e-01	1.77e-02	1.20e-03	6.70e-04	1.27e-04	2.08e-06	0.00e+00	0.00e+00	0.00e+00	0.00e+00	0.00e+00	0.00e+00	0.00e+00	0.00e+00	0.00e+00
 5.92924e+22	1.58e-06	4.47e-03	5.45e-01	3.36e-01	9.74e-02	1.57e-02	1.04e-03	5.66e-04	1.02e-04	1.56e-06	0.00e+00	0.00e+00	0.00e+00	0.00e+00	0.00e+00	0.00e+00	0.00e+00	0.00e+00	0.00e+00
 5.96803e+22	1.82e-06	4.87e-03	5.63e-01	3.26e-01	9.03e-02	1.42e-02	9.20e-04	4.87e-04	8.35e-05	1.21e-06	0.00e+00	0.00e+00	0.00e+00	0.00e+00	0.00e+00	0.00e+00	0.00e+00	0.00e+00	0.00e+00
 6.00187e+22	2.07e-06	5.26e-03	5.79e-01	3.17e-01	8.41e-02	1.29e-02	8.21e-04	4.25e-04	6.97e-05	9.56e-07	0.00e+00	0.00e+00	0.00e+00	0.00e+00	0.00e+00	0.00e+00	0.00e+00	0.00e+00	0.00e+00
 6.03993e+22	2.41e-06	5.79e-03	5.99e-01	3.06e-01	7.69e-02	1.15e-02	7.11e-04	3.58e-04	5.56e-05	7.13e-07	0.00e+00	0.00e+00	0.00e+00	0.00e+00	0.00e+00	0.00e+00	0.00e+00	0.00e+00	0.00e+00
 6.07942e+22	2.76e-06	6.27e-03	6.15e-01	2.96e-01	7.11e-02	1.03e-02	6.28e-04	3.09e-04	4.57e-05	5.53e-07	0.00e+00	0.00e+00	0.00e+00	0.00e+00	0.00e+00	0.00e+00	0.00e+00	0.00e+00	0.00e+00
 6.12078e+22	3.27e-06	6.94e-03	6.36e-01	2.83e-01	6.41e-02	9.05e-03	5.35e-04	2.56e-04	3.55e-05	4.00e-07	0.00e+00	0.00e+00	0.00e+00	0.00e+00	0.00e+00	0.00e+00	0.00e+00	0.00e+00	0.00e+00
 6.16222e+22	3.71e-06	7.48e-03	6.51e-01	2.73e-01	5.92e-02	8.17e-03	4.73e-04	2.21e-04	2.93e-05	3.12e-07	0.00e+00	0.00e+00	0.00e+00	0.00e+00	0.00e+00	0.00e+00	0.00e+00	0.00e+00	0.00e+00
 6.20374e+22	4.36e-06	8.23e-03	6.71e-01	2.60e-01	5.34e-02	7.16e-03	4.04e-04	1.84e-04	2.29e-05	2.27e-07	0.00e+00	0.00e+00	0.00e+00	0.00e+00	0.00e+00	0.00e+00	0.00e+00	0.00e+00	0.00e+00
 6.24032e+22	4.83e-06	8.74e-03	6.82e-01	2.52e-01	5.00e-02	6.59e-03	3.66e-04	1.65e-04	1.96e-05	1.86e-07	0.00e+00	0.00e+00	0.00e+00	0.00e+00	0.00e+00	0.00e+00	0.00e+00	0.00e+00	0.00e+00
 6.26641e+22	5.26e-06	9.18e-03	6.92e-01	2.45e-01	4.73e-02	6.14e-03	3.36e-04	1.49e-04	1.72e-05	1.57e-07	0.00e+00	0.00e+00	0.00e+00	0.00e+00	0.00e+00	0.00e+00	0.00e+00	0.00e+00	0.00e+00
 6.29628e+22	5.89e-06	9.80e-03	7.05e-01	2.36e-01	4.39e-02	5.58e-03	3.01e-04	1.31e-04	1.44e-05	1.25e-07	0.00e+00	0.00e+00	0.00e+00	0.00e+00	0.00e+00	0.00e+00	0.00e+00	0.00e+00	0.00e+00
 6.32735e+22	6.49e-06	1.04e-02	7.15e-01	2.28e-01	4.11e-02	5.14e-03	2.73e-04	1.18e-04	1.24e-05	0.00e+00	0.00e+00	0.00e+00	0.00e+00	0.00e+00	0.00e+00	0.00e+00	0.00e+00	0.00e+00	0.00e+00
 6.35997e+22	7.34e-06	1.11e-02	7.29e-01	2.18e-01	3.78e-02	4.62e-03	2.40e-04	1.02e-04	1.02e-05	0.00e+00	0.00e+00	0.00e+00	0.00e+00	0.00e+00	0.00e+00	0.00e+00	0.00e+00	0.00e+00	0.00e+00
