#depth	O	O+	O+2	O+3	O+4	O+5	O+6	O+7	O+8	O[1]	O[2]	O[3]
 4.62852e+21	2.93e-27	3.77e-21	1.73e-16	7.07e-13	7.64e-10	3.57e-07	6.04e-04	5.05e-02	9.49e-01	0.00e+00	0.00e+00	0.00e+00
 1.04294e+22	1.73e-25	1.28e-19	3.44e-15	8.37e-12	5.19e-09	1.38e-06	1.50e-03	7.88e-02	9.20e-01	0.00e+00	0.00e+00	0.00e+00
 1.21834e+22	1.95e-24	1.05e-18	2.05e-14	3.66e-11	1.62e-08	3.03e-06	2.50e-03	1.00e-01	8.97e-01	0.00e+00	0.00e+00	0.00e+00
 1.30560e+22	7.93e-24	3.54e-18	5.77e-14	8.55e-11	3.09e-08	4.74e-06	3.31e-03	1.14e-01	8.82e-01	0.00e+00	0.00e+00	0.00e+00
 1.34195e+22	1.15e-23	4.89e-18	7.60e-14	1.07e-10	3.68e-08	5.34e-06	3.56e-03	1.18e-01	8.78e-01	0.00e+00	0.00e+00	0.00e+00
 1.35375e+22	1.46e-23	6.02e-18	9.06e-14	1.24e-10	4.10e-08	5.75e-06	3.73e-03	1.21e-01	8.75e-01	0.00e+00	0.00e+00	0.00e+00
 1.36271e+22	1.86e-23	7.41e-18	1.08e-13	1.43e-10	4.58e-08	6.20e-06	3.91e-03	1.24e-01	8.73e-01	0.00e+00	0.00e+00	0.00e+00
 1.37291e+22	2.54e-23	9.72e-18	1.36e-13	1.73e-10	5.29e-08	6.84e-06	4.15e-03	1.27e-01	8.69e-01	0.00e+00	0.00e+00	0.00e+00
 1.38306e+22	3.25e-23	1.20e-17	1.63e-13	2.01e-10	5.92e-08	7.39e-06	4.36e-03	1.30e-01	8.66e-01	0.00e+00	0.00e+00	0.00e+00
 1.39315e+22	4.55e-23	1.61e-17	2.09e-13	2.46e-10	6.90e-08	8.20e-06	4.65e-03	1.34e-01	8.62e-01	0.00e+00	0.00e+00	0.00e+00
 1.40314e+22	5.74e-23	1.97e-17	2.48e-13	2.83e-10	7.68e-08	8.82e-06	4.86e-03	1.36e-01	8.59e-01	0.00e+00	0.00e+00	0.00e+00
 1.41298e+22	7.99e-23	2.62e-17	3.16e-13	3.45e-10	8.93e-08	9.78e-06	5.18e-03	1.40e-01	8.54e-01	0.00e+00	0.00e+00	0.00e+00
 1.42299e+22	1.03e-22	3.28e-17	3.82e-13	4.03e-10	1.00e-07	1.06e-05	5.44e-03	1.44e-01	8.51e-01	0.00e+00	0.00e+00	0.00e+00
 1.43184e+22	1.34e-22	4.11e-17	4.63e-13	4.72e-10	1.13e-07	1.15e-05	5.72e-03	1.47e-01	8.47e-01	0.00e+00	0.00e+00	0.00e+00
 1.44196e+22	1.88e-22	5.53e-17	5.95e-13	5.80e-10	1.32e-07	1.28e-05	6.10e-03	1.51e-01	8.43e-01	0.00e+00	0.00e+00	0.00e+00
 1.45205e+22	2.45e-22	6.94e-17	7.22e-13	6.79e-10	1.49e-07	1.39e-05	6.42e-03	1.55e-01	8.39e-01	0.00e+00	0.00e+00	0.00e+00
 1.46211e+22	3.46e-22	9.37e-17	9.31e-13	8.37e-10	1.75e-07	1.54e-05	6.86e-03	1.59e-01	8.34e-01	0.00e+00	0.00e+00	0.00e+00
 1.47231e+22	4.55e-22	1.19e-16	1.14e-12	9.87e-10	1.98e-07	1.68e-05	7.23e-03	1.63e-01	8.30e-01	0.00e+00	0.00e+00	0.00e+00
 1.48269e+22	6.53e-22	1.62e-16	1.48e-12	1.23e-09	2.34e-07	1.88e-05	7.74e-03	1.68e-01	8.24e-01	0.00e+00	0.00e+00	0.00e+00
 1.49312e+22	8.59e-22	2.06e-16	1.82e-12	1.45e-09	2.65e-07	2.05e-05	8.16e-03	1.72e-01	8.20e-01	0.00e+00	0.00e+00	0.00e+00
 1.50209e+22	1.12e-21	2.60e-16	2.22e-12	1.70e-09	3.00e-07	2.23e-05	8.59e-03	1.76e-01	8.15e-01	0.00e+00	0.00e+00	0.00e+00
 1.51223e+22	1.60e-21	3.54e-16	2.87e-12	2.11e-09	3.53e-07	2.49e-05	9.20e-03	1.81e-01	8.09e-01	0.00e+00	0.00e+00	0.00e+00
 1.52237e+22	2.07e-21	4.41e-16	3.47e-12	2.46e-09	3.97e-07	2.70e-05	9.67e-03	1.85e-01	8.05e-01	0.00e+00	0.00e+00	0.00e+00
 1.53251e+22	2.93e-21	5.96e-16	4.48e-12	3.03e-09	4.65e-07	3.01e-05	1.03e-02	1.91e-01	7.99e-01	0.00e+00	0.00e+00	0.00e+00
 1.54274e+22	3.77e-21	7.42e-16	5.39e-12	3.53e-09	5.23e-07	3.26e-05	1.09e-02	1.95e-01	7.94e-01	0.00e+00	0.00e+00	0.00e+00
 1.55309e+22	5.32e-21	1.00e-15	6.94e-12	4.35e-09	6.13e-07	3.64e-05	1.16e-02	2.01e-01	7.88e-01	0.00e+00	0.00e+00	0.00e+00
 1.56362e+22	6.86e-21	1.25e-15	8.38e-12	5.07e-09	6.91e-07	3.95e-05	1.22e-02	2.05e-01	7.83e-01	0.00e+00	0.00e+00	0.00e+00
 1.57440e+22	9.58e-21	1.67e-15	1.07e-11	6.21e-09	8.07e-07	4.39e-05	1.31e-02	2.11e-01	7.76e-01	0.00e+00	0.00e+00	0.00e+00
 1.58554e+22	1.26e-20	2.11e-15	1.31e-11	7.33e-09	9.17e-07	4.80e-05	1.38e-02	2.16e-01	7.70e-01	0.00e+00	0.00e+00	0.00e+00
 1.59713e+22	1.77e-20	2.84e-15	1.69e-11	9.04e-09	1.08e-06	5.36e-05	1.48e-02	2.22e-01	7.63e-01	0.00e+00	0.00e+00	0.00e+00
 1.60899e+22	2.33e-20	3.60e-15	2.06e-11	1.07e-08	1.22e-06	5.86e-05	1.56e-02	2.28e-01	7.57e-01	0.00e+00	0.00e+00	0.00e+00
 1.61955e+22	3.02e-20	4.51e-15	2.50e-11	1.25e-08	1.39e-06	6.39e-05	1.64e-02	2.33e-01	7.51e-01	0.00e+00	0.00e+00	0.00e+00
 1.63161e+22	4.22e-20	6.03e-15	3.20e-11	1.53e-08	1.62e-06	7.13e-05	1.76e-02	2.39e-01	7.43e-01	0.00e+00	0.00e+00	0.00e+00
 1.64384e+22	5.45e-20	7.53e-15	3.87e-11	1.80e-08	1.83e-06	7.76e-05	1.85e-02	2.45e-01	7.37e-01	0.00e+00	0.00e+00	0.00e+00
 1.65629e+22	7.56e-20	1.00e-14	4.92e-11	2.19e-08	2.14e-06	8.66e-05	1.98e-02	2.51e-01	7.29e-01	0.00e+00	0.00e+00	0.00e+00
 1.66839e+22	9.49e-20	1.22e-14	5.83e-11	2.52e-08	2.39e-06	9.34e-05	2.08e-02	2.56e-01	7.23e-01	0.00e+00	0.00e+00	0.00e+00
 1.68002e+22	1.28e-19	1.57e-14	7.26e-11	3.03e-08	2.76e-06	1.03e-04	2.21e-02	2.63e-01	7.15e-01	0.00e+00	0.00e+00	0.00e+00
 1.69187e+22	1.60e-19	1.91e-14	8.56e-11	3.47e-08	3.07e-06	1.11e-04	2.31e-02	2.68e-01	7.09e-01	0.00e+00	0.00e+00	0.00e+00
 1.70402e+22	2.16e-19	2.48e-14	1.07e-10	4.18e-08	3.55e-06	1.23e-04	2.46e-02	2.75e-01	7.01e-01	0.00e+00	0.00e+00	0.00e+00
 1.71633e+22	2.68e-19	3.00e-14	1.26e-10	4.78e-08	3.95e-06	1.33e-04	2.58e-02	2.80e-01	6.95e-01	0.00e+00	0.00e+00	0.00e+00
 1.72886e+22	3.61e-19	3.88e-14	1.57e-10	5.75e-08	4.57e-06	1.47e-04	2.74e-02	2.86e-01	6.86e-01	0.00e+00	0.00e+00	0.00e+00
 1.74118e+22	4.40e-19	4.61e-14	1.82e-10	6.50e-08	5.03e-06	1.57e-04	2.86e-02	2.91e-01	6.80e-01	0.00e+00	0.00e+00	0.00e+00
 1.75321e+22	5.79e-19	5.85e-14	2.23e-10	7.71e-08	5.76e-06	1.73e-04	3.03e-02	2.98e-01	6.72e-01	0.00e+00	0.00e+00	0.00e+00
 1.76550e+22	7.09e-19	6.97e-14	2.59e-10	8.75e-08	6.36e-06	1.86e-04	3.16e-02	3.03e-01	6.65e-01	0.00e+00	0.00e+00	0.00e+00
 1.77809e+22	9.33e-19	8.85e-14	3.18e-10	1.04e-07	7.28e-06	2.04e-04	3.35e-02	3.10e-01	6.57e-01	0.00e+00	0.00e+00	0.00e+00
 1.79093e+22	1.15e-18	1.06e-13	3.70e-10	1.18e-07	8.06e-06	2.20e-04	3.50e-02	3.15e-01	6.50e-01	0.00e+00	0.00e+00	0.00e+00
 1.80408e+22	1.51e-18	1.35e-13	4.55e-10	1.40e-07	9.24e-06	2.42e-04	3.71e-02	3.22e-01	6.41e-01	0.00e+00	0.00e+00	0.00e+00
 1.81746e+22	1.85e-18	1.61e-13	5.30e-10	1.59e-07	1.02e-05	2.60e-04	3.88e-02	3.27e-01	6.34e-01	0.00e+00	0.00e+00	0.00e+00
 1.83114e+22	2.44e-18	2.04e-13	6.51e-10	1.89e-07	1.17e-05	2.86e-04	4.11e-02	3.34e-01	6.25e-01	0.00e+00	0.00e+00	0.00e+00
 1.84508e+22	3.01e-18	2.45e-13	7.60e-10	2.16e-07	1.30e-05	3.08e-04	4.30e-02	3.39e-01	6.17e-01	0.00e+00	0.00e+00	0.00e+00
 1.85936e+22	3.96e-18	3.11e-13	9.34e-10	2.56e-07	1.49e-05	3.40e-04	4.56e-02	3.47e-01	6.08e-01	0.00e+00	0.00e+00	0.00e+00
 1.87331e+22	4.75e-18	3.65e-13	1.07e-09	2.87e-07	1.64e-05	3.62e-04	4.74e-02	3.51e-01	6.01e-01	0.00e+00	0.00e+00	0.00e+00
 1.88683e+22	6.17e-18	4.58e-13	1.30e-09	3.39e-07	1.87e-05	3.98e-04	5.01e-02	3.58e-01	5.91e-01	0.00e+00	0.00e+00	0.00e+00
 1.90058e+22	7.41e-18	5.37e-13	1.49e-09	3.80e-07	2.04e-05	4.24e-04	5.20e-02	3.63e-01	5.84e-01	0.00e+00	0.00e+00	0.00e+00
 1.91460e+22	9.53e-18	6.68e-13	1.80e-09	4.45e-07	2.32e-05	4.64e-04	5.49e-02	3.70e-01	5.75e-01	0.00e+00	0.00e+00	0.00e+00
 1.92906e+22	1.17e-17	7.97e-13	2.09e-09	5.05e-07	2.57e-05	4.99e-04	5.73e-02	3.75e-01	5.67e-01	0.00e+00	0.00e+00	0.00e+00
 1.94409e+22	1.50e-17	9.92e-13	2.53e-09	5.92e-07	2.91e-05	5.45e-04	6.04e-02	3.82e-01	5.57e-01	0.00e+00	0.00e+00	0.00e+00
 1.95961e+22	1.86e-17	1.19e-12	2.97e-09	6.77e-07	3.24e-05	5.88e-04	6.32e-02	3.87e-01	5.49e-01	0.00e+00	0.00e+00	0.00e+00
 1.97577e+22	2.41e-17	1.50e-12	3.61e-09	7.97e-07	3.70e-05	6.45e-04	6.67e-02	3.94e-01	5.38e-01	2.41e-17	6.18e-28	6.58e-28
 1.99237e+22	3.00e-17	1.81e-12	4.25e-09	9.15e-07	4.13e-05	6.98e-04	6.99e-02	4.00e-01	5.30e-01	3.00e-17	5.76e-26	7.25e-26
 2.00955e+22	3.92e-17	2.29e-12	5.19e-09	1.08e-06	4.72e-05	7.67e-04	7.39e-02	4.07e-01	5.19e-01	3.92e-17	7.53e-26	9.49e-26
 2.02731e+22	4.92e-17	2.80e-12	6.16e-09	1.25e-06	5.29e-05	8.32e-04	7.74e-02	4.13e-01	5.09e-01	4.92e-17	9.46e-26	1.19e-25
 2.04580e+22	6.52e-17	3.57e-12	7.60e-09	1.49e-06	6.09e-05	9.19e-04	8.20e-02	4.20e-01	4.97e-01	6.52e-17	1.25e-25	1.58e-25
 2.06478e+22	8.24e-17	4.38e-12	9.06e-09	1.73e-06	6.85e-05	9.99e-04	8.61e-02	4.25e-01	4.87e-01	8.24e-17	1.58e-25	1.99e-25
 2.08182e+22	1.03e-16	5.31e-12	1.07e-08	1.98e-06	7.65e-05	1.08e-03	9.01e-02	4.31e-01	4.78e-01	1.03e-16	1.98e-25	2.49e-25
 2.10141e+22	1.39e-16	6.91e-12	1.34e-08	2.40e-06	8.91e-05	1.20e-03	9.58e-02	4.38e-01	4.65e-01	1.39e-16	2.67e-25	3.37e-25
 2.12112e+22	1.73e-16	8.36e-12	1.58e-08	2.75e-06	9.93e-05	1.30e-03	1.00e-01	4.43e-01	4.55e-01	1.73e-16	3.33e-25	4.19e-25
 2.14098e+22	2.32e-16	1.08e-11	1.97e-08	3.31e-06	1.15e-04	1.44e-03	1.06e-01	4.50e-01	4.42e-01	2.32e-16	4.47e-25	5.63e-25
 2.16126e+22	2.94e-16	1.33e-11	2.35e-08	3.84e-06	1.30e-04	1.56e-03	1.11e-01	4.55e-01	4.32e-01	2.94e-16	5.66e-25	7.13e-25
 2.18209e+22	3.98e-16	1.73e-11	2.94e-08	4.65e-06	1.51e-04	1.74e-03	1.18e-01	4.61e-01	4.19e-01	3.98e-16	7.66e-25	9.64e-25
 2.20324e+22	5.07e-16	2.13e-11	3.53e-08	5.41e-06	1.70e-04	1.90e-03	1.24e-01	4.66e-01	4.08e-01	5.07e-16	9.77e-25	1.23e-24
 2.22482e+22	6.95e-16	2.81e-11	4.47e-08	6.61e-06	2.00e-04	2.12e-03	1.32e-01	4.72e-01	3.94e-01	6.95e-16	1.34e-24	1.69e-24
 2.24521e+22	8.54e-16	3.36e-11	5.22e-08	7.52e-06	2.22e-04	2.28e-03	1.37e-01	4.76e-01	3.84e-01	8.54e-16	1.65e-24	2.07e-24
 2.26406e+22	1.13e-15	4.27e-11	6.42e-08	8.96e-06	2.55e-04	2.51e-03	1.45e-01	4.81e-01	3.72e-01	1.13e-15	2.17e-24	2.73e-24
 2.28308e+22	1.38e-15	5.12e-11	7.50e-08	1.02e-05	2.83e-04	2.70e-03	1.51e-01	4.84e-01	3.62e-01	1.38e-15	2.67e-24	3.36e-24
 2.30230e+22	1.83e-15	6.53e-11	9.26e-08	1.22e-05	3.27e-04	2.99e-03	1.59e-01	4.88e-01	3.49e-01	1.83e-15	3.53e-24	4.45e-24
 2.32170e+22	2.27e-15	7.87e-11	1.09e-07	1.40e-05	3.65e-04	3.23e-03	1.66e-01	4.91e-01	3.39e-01	2.27e-15	4.38e-24	5.50e-24
 2.34133e+22	3.00e-15	1.01e-10	1.35e-07	1.68e-05	4.23e-04	3.58e-03	1.75e-01	4.95e-01	3.26e-01	3.00e-15	5.80e-24	7.30e-24
 2.36122e+22	3.73e-15	1.22e-10	1.59e-07	1.93e-05	4.73e-04	3.87e-03	1.82e-01	4.97e-01	3.16e-01	3.73e-15	7.22e-24	9.07e-24
 2.38147e+22	4.98e-15	1.56e-10	1.97e-07	2.32e-05	5.51e-04	4.30e-03	1.93e-01	5.00e-01	3.03e-01	4.98e-15	9.63e-24	1.21e-23
 2.40198e+22	6.20e-15	1.89e-10	2.33e-07	2.67e-05	6.18e-04	4.66e-03	2.01e-01	5.01e-01	2.92e-01	6.20e-15	1.20e-23	1.51e-23
 2.42284e+22	8.28e-15	2.44e-10	2.91e-07	3.23e-05	7.22e-04	5.20e-03	2.12e-01	5.03e-01	2.79e-01	8.28e-15	1.60e-23	2.02e-23
 2.44414e+22	1.04e-14	2.98e-10	3.46e-07	3.76e-05	8.17e-04	5.66e-03	2.22e-01	5.04e-01	2.68e-01	1.04e-14	2.02e-23	2.54e-23
 2.46601e+22	1.40e-14	3.85e-10	4.34e-07	4.57e-05	9.61e-04	6.34e-03	2.35e-01	5.04e-01	2.54e-01	1.40e-14	2.71e-23	3.41e-23
 2.48834e+22	1.76e-14	4.72e-10	5.19e-07	5.34e-05	1.09e-03	6.94e-03	2.45e-01	5.04e-01	2.42e-01	1.76e-14	3.42e-23	4.30e-23
 2.51056e+22	2.34e-14	6.04e-10	6.46e-07	6.46e-05	1.28e-03	7.76e-03	2.59e-01	5.03e-01	2.29e-01	2.34e-14	4.54e-23	5.70e-23
 2.53178e+22	2.85e-14	7.20e-10	7.55e-07	7.40e-05	1.44e-03	8.41e-03	2.69e-01	5.02e-01	2.19e-01	2.85e-14	5.55e-23	6.97e-23
 2.55237e+22	3.68e-14	9.02e-10	9.23e-07	8.85e-05	1.67e-03	9.35e-03	2.83e-01	4.99e-01	2.07e-01	3.68e-14	7.16e-23	9.00e-23
 2.57322e+22	4.48e-14	1.07e-09	1.08e-06	1.02e-04	1.88e-03	1.01e-02	2.94e-01	4.97e-01	1.97e-01	4.48e-14	8.72e-23	1.10e-22
 2.59362e+22	5.65e-14	1.31e-09	1.30e-06	1.20e-04	2.16e-03	1.12e-02	3.08e-01	4.93e-01	1.86e-01	5.65e-14	1.10e-22	1.38e-22
 2.61443e+22	6.85e-14	1.56e-09	1.51e-06	1.38e-04	2.43e-03	1.22e-02	3.20e-01	4.89e-01	1.76e-01	6.85e-14	1.33e-22	1.67e-22
 2.63469e+22	8.40e-14	1.87e-09	1.79e-06	1.60e-04	2.78e-03	1.34e-02	3.33e-01	4.84e-01	1.66e-01	8.40e-14	1.64e-22	2.06e-22
 2.65539e+22	1.01e-13	2.21e-09	2.09e-06	1.85e-04	3.13e-03	1.46e-02	3.46e-01	4.79e-01	1.56e-01	1.01e-13	1.98e-22	2.48e-22
 2.67586e+22	1.22e-13	2.61e-09	2.44e-06	2.13e-04	3.55e-03	1.60e-02	3.60e-01	4.74e-01	1.47e-01	1.22e-13	2.38e-22	2.98e-22
 2.69645e+22	1.45e-13	3.05e-09	2.82e-06	2.44e-04	4.00e-03	1.74e-02	3.73e-01	4.67e-01	1.38e-01	1.45e-13	2.83e-22	3.55e-22
 2.71680e+22	1.71e-13	3.54e-09	3.25e-06	2.79e-04	4.49e-03	1.90e-02	3.86e-01	4.60e-01	1.30e-01	1.71e-13	3.34e-22	4.19e-22
 2.73711e+22	2.00e-13	4.08e-09	3.73e-06	3.17e-04	5.03e-03	2.06e-02	3.99e-01	4.53e-01	1.22e-01	2.00e-13	3.90e-22	4.90e-22
 2.75746e+22	2.32e-13	4.67e-09	4.26e-06	3.60e-04	5.63e-03	2.24e-02	4.12e-01	4.46e-01	1.14e-01	2.32e-13	4.54e-22	5.69e-22
 2.77789e+22	2.67e-13	5.33e-09	4.85e-06	4.08e-04	6.28e-03	2.43e-02	4.25e-01	4.37e-01	1.06e-01	2.67e-13	5.23e-22	6.56e-22
 2.79843e+22	3.06e-13	6.05e-09	5.50e-06	4.61e-04	7.00e-03	2.63e-02	4.38e-01	4.29e-01	9.94e-02	3.06e-13	6.00e-22	7.52e-22
 2.81917e+22	3.48e-13	6.83e-09	6.22e-06	5.20e-04	7.78e-03	2.85e-02	4.51e-01	4.20e-01	9.27e-02	3.48e-13	6.83e-22	8.56e-22
 2.84015e+22	3.94e-13	7.69e-09	7.02e-06	5.85e-04	8.64e-03	3.08e-02	4.63e-01	4.11e-01	8.63e-02	3.94e-13	7.75e-22	9.71e-22
 2.86123e+22	4.43e-13	8.60e-09	7.88e-06	6.57e-04	9.56e-03	3.32e-02	4.75e-01	4.01e-01	8.03e-02	4.43e-13	8.72e-22	1.09e-21
 2.88266e+22	4.97e-13	9.62e-09	8.86e-06	7.38e-04	1.06e-02	3.59e-02	4.87e-01	3.91e-01	7.44e-02	4.97e-13	9.79e-22	1.23e-21
 2.90433e+22	5.54e-13	1.07e-08	9.91e-06	8.25e-04	1.17e-02	3.86e-02	4.99e-01	3.81e-01	6.90e-02	5.54e-13	1.09e-21	1.37e-21
 2.92642e+22	6.16e-13	1.19e-08	1.11e-05	9.26e-04	1.29e-02	4.17e-02	5.11e-01	3.70e-01	6.37e-02	6.16e-13	1.22e-21	1.52e-21
 2.94698e+22	6.71e-13	1.29e-08	1.22e-05	1.02e-03	1.40e-02	4.43e-02	5.20e-01	3.61e-01	5.96e-02	6.71e-13	1.33e-21	1.66e-21
 2.96813e+22	7.42e-13	1.43e-08	1.36e-05	1.14e-03	1.54e-02	4.78e-02	5.31e-01	3.49e-01	5.47e-02	7.42e-13	1.47e-21	1.84e-21
 2.98962e+22	8.05e-13	1.56e-08	1.49e-05	1.25e-03	1.67e-02	5.07e-02	5.40e-01	3.40e-01	5.11e-02	8.05e-13	1.60e-21	2.00e-21
 3.01162e+22	8.83e-13	1.72e-08	1.67e-05	1.40e-03	1.84e-02	5.48e-02	5.51e-01	3.28e-01	4.66e-02	8.83e-13	1.75e-21	2.19e-21
 3.03373e+22	9.58e-13	1.87e-08	1.82e-05	1.54e-03	1.98e-02	5.79e-02	5.58e-01	3.19e-01	4.35e-02	9.58e-13	1.90e-21	2.38e-21
 3.05600e+22	1.05e-12	2.06e-08	2.04e-05	1.72e-03	2.18e-02	6.23e-02	5.68e-01	3.07e-01	3.96e-02	1.05e-12	2.09e-21	2.61e-21
 3.07839e+22	1.13e-12	2.23e-08	2.22e-05	1.88e-03	2.34e-02	6.58e-02	5.74e-01	2.98e-01	3.69e-02	1.13e-12	2.25e-21	2.82e-21
 3.10095e+22	1.23e-12	2.46e-08	2.48e-05	2.10e-03	2.56e-02	7.05e-02	5.83e-01	2.86e-01	3.35e-02	1.23e-12	2.46e-21	3.08e-21
 3.12370e+22	1.33e-12	2.66e-08	2.70e-05	2.30e-03	2.74e-02	7.43e-02	5.88e-01	2.77e-01	3.11e-02	1.33e-12	2.66e-21	3.32e-21
 3.14669e+22	1.45e-12	2.93e-08	3.02e-05	2.57e-03	2.99e-02	7.95e-02	5.95e-01	2.65e-01	2.82e-02	1.45e-12	2.90e-21	3.62e-21
 3.16997e+22	1.56e-12	3.17e-08	3.30e-05	2.80e-03	3.20e-02	8.37e-02	6.00e-01	2.56e-01	2.61e-02	1.56e-12	3.12e-21	3.90e-21
 3.19362e+22	1.70e-12	3.50e-08	3.68e-05	3.13e-03	3.48e-02	8.94e-02	6.05e-01	2.44e-01	2.35e-02	1.70e-12	3.42e-21	4.26e-21
 3.21765e+22	1.83e-12	3.81e-08	4.04e-05	3.43e-03	3.72e-02	9.40e-02	6.09e-01	2.35e-01	2.17e-02	1.83e-12	3.69e-21	4.61e-21
 3.24220e+22	2.00e-12	4.22e-08	4.53e-05	3.84e-03	4.04e-02	1.00e-01	6.13e-01	2.23e-01	1.95e-02	2.00e-12	4.05e-21	5.05e-21
 3.26725e+22	2.18e-12	4.62e-08	4.99e-05	4.21e-03	4.32e-02	1.05e-01	6.15e-01	2.14e-01	1.79e-02	2.18e-12	4.40e-21	5.49e-21
 3.29296e+22	2.39e-12	5.15e-08	5.63e-05	4.73e-03	4.69e-02	1.12e-01	6.17e-01	2.03e-01	1.60e-02	2.39e-12	4.85e-21	6.05e-21
 3.31932e+22	2.62e-12	5.68e-08	6.23e-05	5.20e-03	5.01e-02	1.18e-01	6.19e-01	1.94e-01	1.46e-02	2.62e-12	5.32e-21	6.63e-21
 3.34652e+22	2.89e-12	6.39e-08	7.09e-05	5.87e-03	5.45e-02	1.25e-01	6.19e-01	1.82e-01	1.29e-02	2.89e-12	5.90e-21	7.35e-21
 3.37211e+22	3.15e-12	7.00e-08	7.76e-05	6.36e-03	5.76e-02	1.30e-01	6.19e-01	1.75e-01	1.19e-02	3.15e-12	6.44e-21	8.02e-21
 3.39561e+22	3.47e-12	7.80e-08	8.69e-05	7.05e-03	6.17e-02	1.37e-01	6.17e-01	1.66e-01	1.07e-02	3.47e-12	7.11e-21	8.85e-21
 3.41891e+22	3.78e-12	8.53e-08	9.50e-05	7.63e-03	6.50e-02	1.42e-01	6.16e-01	1.59e-01	9.89e-03	3.78e-12	7.74e-21	9.64e-21
 3.44195e+22	4.12e-12	9.47e-08	1.06e-04	8.42e-03	6.93e-02	1.49e-01	6.13e-01	1.50e-01	8.88e-03	4.12e-12	8.48e-21	1.06e-20
 3.46513e+22	4.51e-12	1.04e-07	1.16e-04	9.10e-03	7.29e-02	1.54e-01	6.11e-01	1.44e-01	8.19e-03	4.51e-12	9.30e-21	1.16e-20
 3.48848e+22	4.99e-12	1.17e-07	1.30e-04	1.01e-02	7.77e-02	1.62e-01	6.07e-01	1.36e-01	7.35e-03	4.99e-12	1.03e-20	1.28e-20
 3.51225e+22	5.51e-12	1.29e-07	1.43e-04	1.09e-02	8.17e-02	1.67e-01	6.03e-01	1.30e-01	6.75e-03	5.51e-12	1.14e-20	1.42e-20
 3.53659e+22	6.15e-12	1.46e-07	1.62e-04	1.21e-02	8.70e-02	1.75e-01	5.98e-01	1.22e-01	6.02e-03	6.15e-12	1.28e-20	1.59e-20
 3.56123e+22	6.82e-12	1.62e-07	1.79e-04	1.31e-02	9.15e-02	1.80e-01	5.93e-01	1.16e-01	5.51e-03	6.82e-12	1.42e-20	1.77e-20
 3.58629e+22	7.71e-12	1.85e-07	2.03e-04	1.45e-02	9.74e-02	1.88e-01	5.86e-01	1.09e-01	4.89e-03	7.71e-12	1.61e-20	2.00e-20
 3.61189e+22	8.66e-12	2.09e-07	2.25e-04	1.58e-02	1.02e-01	1.94e-01	5.80e-01	1.03e-01	4.45e-03	8.66e-12	1.82e-20	2.26e-20
 3.63819e+22	9.88e-12	2.40e-07	2.57e-04	1.75e-02	1.09e-01	2.02e-01	5.71e-01	9.62e-02	3.91e-03	9.88e-12	2.08e-20	2.59e-20
 3.66502e+22	1.12e-11	2.73e-07	2.88e-04	1.91e-02	1.15e-01	2.08e-01	5.63e-01	9.09e-02	3.54e-03	1.12e-11	2.38e-20	2.95e-20
 3.69255e+22	1.30e-11	3.19e-07	3.31e-04	2.13e-02	1.22e-01	2.16e-01	5.53e-01	8.41e-02	3.09e-03	1.30e-11	2.76e-20	3.43e-20
 3.72070e+22	1.49e-11	3.64e-07	3.72e-04	2.33e-02	1.28e-01	2.22e-01	5.44e-01	7.90e-02	2.78e-03	1.49e-11	3.18e-20	3.94e-20
 3.74964e+22	1.76e-11	4.32e-07	4.33e-04	2.61e-02	1.37e-01	2.31e-01	5.31e-01	7.26e-02	2.41e-03	1.76e-11	3.78e-20	4.69e-20
 3.77892e+22	2.04e-11	4.98e-07	4.88e-04	2.85e-02	1.44e-01	2.37e-01	5.21e-01	6.80e-02	2.15e-03	2.04e-11	4.40e-20	5.45e-20
 3.80866e+22	2.44e-11	5.96e-07	5.69e-04	3.19e-02	1.53e-01	2.44e-01	5.06e-01	6.21e-02	1.85e-03	2.44e-11	5.30e-20	6.56e-20
 3.83875e+22	2.86e-11	6.92e-07	6.44e-04	3.48e-02	1.60e-01	2.50e-01	4.95e-01	5.79e-02	1.64e-03	2.86e-11	6.23e-20	7.71e-20
 3.86932e+22	3.47e-11	8.36e-07	7.54e-04	3.90e-02	1.70e-01	2.57e-01	4.79e-01	5.26e-02	1.40e-03	3.47e-11	7.61e-20	9.41e-20
 3.89915e+22	4.06e-11	9.64e-07	8.47e-04	4.23e-02	1.78e-01	2.62e-01	4.67e-01	4.91e-02	1.25e-03	4.06e-11	8.94e-20	1.10e-19
 3.92802e+22	4.90e-11	1.16e-06	9.83e-04	4.69e-02	1.87e-01	2.68e-01	4.51e-01	4.47e-02	1.08e-03	4.90e-11	1.09e-19	1.34e-19
 3.95791e+22	5.82e-11	1.35e-06	1.11e-03	5.11e-02	1.96e-01	2.72e-01	4.38e-01	4.14e-02	9.50e-04	5.82e-11	1.30e-19	1.60e-19
 3.98344e+22	6.74e-11	1.55e-06	1.24e-03	5.50e-02	2.03e-01	2.76e-01	4.25e-01	3.86e-02	8.49e-04	6.74e-11	1.51e-19	1.87e-19
 4.01095e+22	8.15e-11	1.84e-06	1.43e-03	6.04e-02	2.13e-01	2.80e-01	4.10e-01	3.51e-02	7.31e-04	8.15e-11	1.84e-19	2.27e-19
 4.03848e+22	9.50e-11	2.11e-06	1.59e-03	6.50e-02	2.20e-01	2.83e-01	3.97e-01	3.26e-02	6.51e-04	9.50e-11	2.16e-19	2.66e-19
 4.06602e+22	1.15e-10	2.51e-06	1.82e-03	7.10e-02	2.30e-01	2.86e-01	3.81e-01	2.97e-02	5.63e-04	1.15e-10	2.64e-19	3.25e-19
 4.09466e+22	1.37e-10	2.93e-06	2.05e-03	7.68e-02	2.38e-01	2.88e-01	3.67e-01	2.72e-02	4.91e-04	1.37e-10	3.15e-19	3.88e-19
 4.12025e+22	1.62e-10	3.38e-06	2.29e-03	8.24e-02	2.46e-01	2.90e-01	3.54e-01	2.51e-02	4.35e-04	1.62e-10	3.75e-19	4.61e-19
 4.14903e+22	1.99e-10	4.04e-06	2.63e-03	9.00e-02	2.56e-01	2.91e-01	3.37e-01	2.27e-02	3.71e-04	1.99e-10	4.66e-19	5.72e-19
 4.17928e+22	2.41e-10	4.76e-06	2.97e-03	9.74e-02	2.65e-01	2.92e-01	3.22e-01	2.06e-02	3.20e-04	2.41e-10	5.68e-19	6.97e-19
 4.20676e+22	2.88e-10	5.55e-06	3.34e-03	1.05e-01	2.73e-01	2.92e-01	3.08e-01	1.88e-02	2.79e-04	2.88e-10	6.85e-19	8.40e-19
 4.23781e+22	3.63e-10	6.73e-06	3.85e-03	1.14e-01	2.83e-01	2.91e-01	2.91e-01	1.67e-02	2.34e-04	3.63e-10	8.71e-19	1.07e-18
 4.26978e+22	4.44e-10	7.96e-06	4.37e-03	1.24e-01	2.91e-01	2.90e-01	2.76e-01	1.50e-02	1.99e-04	4.44e-10	1.08e-18	1.32e-18
 4.29819e+22	5.37e-10	9.31e-06	4.90e-03	1.32e-01	2.99e-01	2.88e-01	2.62e-01	1.36e-02	1.72e-04	5.37e-10	1.31e-18	1.61e-18
 4.33034e+22	6.86e-10	1.14e-05	5.67e-03	1.45e-01	3.08e-01	2.85e-01	2.44e-01	1.19e-02	1.41e-04	6.86e-10	1.70e-18	2.08e-18
 4.36341e+22	8.44e-10	1.35e-05	6.40e-03	1.55e-01	3.16e-01	2.82e-01	2.30e-01	1.06e-02	1.20e-04	8.44e-10	2.11e-18	2.58e-18
 4.39767e+22	1.10e-09	1.66e-05	7.45e-03	1.69e-01	3.24e-01	2.77e-01	2.12e-01	9.16e-03	9.68e-05	1.10e-09	2.78e-18	3.40e-18
 4.43252e+22	1.36e-09	1.97e-05	8.41e-03	1.82e-01	3.31e-01	2.72e-01	1.99e-01	8.10e-03	8.12e-05	1.36e-09	3.50e-18	4.27e-18
 4.46816e+22	1.80e-09	2.45e-05	9.82e-03	1.98e-01	3.39e-01	2.65e-01	1.81e-01	6.88e-03	6.42e-05	1.80e-09	4.71e-18	5.74e-18
 4.50420e+22	2.25e-09	2.90e-05	1.11e-02	2.11e-01	3.44e-01	2.59e-01	1.68e-01	6.05e-03	5.35e-05	2.25e-09	5.94e-18	7.24e-18
 4.54077e+22	2.99e-09	3.61e-05	1.29e-02	2.29e-01	3.50e-01	2.51e-01	1.52e-01	5.09e-03	4.19e-05	2.99e-09	8.05e-18	9.79e-18
 4.57767e+22	3.75e-09	4.29e-05	1.45e-02	2.44e-01	3.53e-01	2.43e-01	1.40e-01	4.43e-03	3.44e-05	3.75e-09	1.03e-17	1.25e-17
 4.61502e+22	5.00e-09	5.33e-05	1.68e-02	2.63e-01	3.57e-01	2.33e-01	1.26e-01	3.69e-03	2.67e-05	5.00e-09	1.40e-17	1.70e-17
 4.65284e+22	6.33e-09	6.35e-05	1.89e-02	2.79e-01	3.59e-01	2.25e-01	1.15e-01	3.17e-03	2.16e-05	6.33e-09	1.80e-17	2.18e-17
 4.69130e+22	8.52e-09	7.91e-05	2.19e-02	3.00e-01	3.60e-01	2.13e-01	1.02e-01	2.61e-03	1.64e-05	8.52e-09	2.48e-17	3.01e-17
 4.73006e+22	1.08e-08	9.40e-05	2.45e-02	3.16e-01	3.60e-01	2.04e-01	9.26e-02	2.22e-03	1.32e-05	1.08e-08	3.21e-17	3.89e-17
 4.76923e+22	1.46e-08	1.17e-04	2.83e-02	3.38e-01	3.59e-01	1.92e-01	8.14e-02	1.80e-03	9.92e-06	1.46e-08	4.46e-17	5.40e-17
 4.80893e+22	1.86e-08	1.39e-04	3.16e-02	3.55e-01	3.56e-01	1.82e-01	7.31e-02	1.52e-03	7.85e-06	1.86e-08	5.82e-17	7.04e-17
 4.84933e+22	2.53e-08	1.73e-04	3.64e-02	3.77e-01	3.52e-01	1.70e-01	6.34e-02	1.21e-03	5.79e-06	2.53e-08	8.19e-17	9.91e-17
 4.89011e+22	3.22e-08	2.05e-04	4.06e-02	3.94e-01	3.48e-01	1.60e-01	5.65e-02	1.01e-03	4.53e-06	3.22e-08	1.07e-16	1.30e-16
 4.93141e+22	4.39e-08	2.56e-04	4.65e-02	4.16e-01	3.41e-01	1.47e-01	4.85e-02	8.00e-04	3.29e-06	4.39e-08	1.52e-16	1.84e-16
 4.97328e+22	5.62e-08	3.03e-04	5.17e-02	4.33e-01	3.34e-01	1.37e-01	4.28e-02	6.60e-04	2.54e-06	5.62e-08	2.01e-16	2.43e-16
 5.00973e+22	7.13e-08	3.58e-04	5.72e-02	4.48e-01	3.27e-01	1.28e-01	3.78e-02	5.45e-04	1.97e-06	7.13e-08	2.63e-16	3.18e-16
 5.04456e+22	8.86e-08	4.15e-04	6.26e-02	4.63e-01	3.20e-01	1.20e-01	3.37e-02	4.57e-04	1.55e-06	8.86e-08	3.37e-16	4.07e-16
 5.07767e+22	1.10e-07	4.81e-04	6.82e-02	4.76e-01	3.13e-01	1.12e-01	3.00e-02	3.83e-04	1.23e-06	1.10e-07	4.29e-16	5.17e-16
 5.11497e+22	1.43e-07	5.77e-04	7.60e-02	4.92e-01	3.03e-01	1.02e-01	2.58e-02	3.05e-04	9.08e-07	1.43e-07	5.81e-16	7.01e-16
 5.15221e+22	1.77e-07	6.65e-04	8.26e-02	5.04e-01	2.95e-01	9.53e-02	2.28e-02	2.54e-04	7.12e-07	1.77e-07	7.38e-16	8.90e-16
 5.18934e+22	2.29e-07	7.94e-04	9.15e-02	5.18e-01	2.84e-01	8.66e-02	1.95e-02	2.01e-04	5.24e-07	2.29e-07	9.93e-16	1.20e-15
 5.22718e+22	2.84e-07	9.17e-04	9.93e-02	5.28e-01	2.74e-01	7.99e-02	1.71e-02	1.66e-04	4.05e-07	2.84e-07	1.27e-15	1.53e-15
 5.26593e+22	3.72e-07	1.10e-03	1.10e-01	5.40e-01	2.62e-01	7.19e-02	1.45e-02	1.29e-04	2.92e-07	3.72e-07	1.72e-15	2.07e-15
 5.30506e+22	4.61e-07	1.27e-03	1.19e-01	5.49e-01	2.52e-01	6.59e-02	1.26e-02	1.05e-04	2.24e-07	4.61e-07	2.19e-15	2.64e-15
 5.33950e+22	5.69e-07	1.46e-03	1.28e-01	5.57e-01	2.42e-01	6.03e-02	1.10e-02	8.61e-05	1.71e-07	5.69e-07	2.78e-15	3.34e-15
 5.37907e+22	7.42e-07	1.74e-03	1.41e-01	5.65e-01	2.29e-01	5.37e-02	9.21e-03	6.62e-05	1.22e-07	7.42e-07	3.76e-15	4.51e-15
 5.41737e+22	9.01e-07	1.97e-03	1.51e-01	5.70e-01	2.20e-01	4.92e-02	8.06e-03	5.45e-05	0.00e+00	9.01e-07	4.68e-15	5.61e-15
 5.44787e+22	1.07e-06	2.21e-03	1.61e-01	5.73e-01	2.11e-01	4.53e-02	7.12e-03	4.55e-05	0.00e+00	1.07e-06	5.71e-15	6.84e-15
 5.48134e+22	1.33e-06	2.55e-03	1.73e-01	5.77e-01	2.01e-01	4.09e-02	6.11e-03	3.64e-05	0.00e+00	1.33e-06	7.30e-15	8.74e-15
 5.51541e+22	1.60e-06	2.87e-03	1.84e-01	5.79e-01	1.92e-01	3.75e-02	5.36e-03	3.01e-05	0.00e+00	1.60e-06	8.96e-15	1.07e-14
 5.54547e+22	1.89e-06	3.21e-03	1.94e-01	5.80e-01	1.84e-01	3.44e-02	4.72e-03	2.50e-05	0.00e+00	1.89e-06	1.09e-14	1.30e-14
 5.57979e+22	2.35e-06	3.69e-03	2.09e-01	5.80e-01	1.73e-01	3.07e-02	4.01e-03	1.97e-05	0.00e+00	2.35e-06	1.40e-14	1.67e-14
 5.61451e+22	2.81e-06	4.14e-03	2.21e-01	5.79e-01	1.65e-01	2.80e-02	3.49e-03	1.62e-05	0.00e+00	2.81e-06	1.71e-14	2.04e-14
 5.64496e+22	3.33e-06	4.63e-03	2.33e-01	5.77e-01	1.57e-01	2.55e-02	3.05e-03	1.33e-05	0.00e+00	3.33e-06	2.08e-14	2.48e-14
 5.67972e+22	4.14e-06	5.33e-03	2.49e-01	5.73e-01	1.47e-01	2.26e-02	2.57e-03	1.04e-05	0.00e+00	4.14e-06	2.68e-14	3.19e-14
 5.71478e+22	4.90e-06	5.94e-03	2.62e-01	5.70e-01	1.39e-01	2.05e-02	2.23e-03	8.50e-06	0.00e+00	4.90e-06	3.26e-14	3.87e-14
 5.75022e+22	6.07e-06	6.81e-03	2.80e-01	5.64e-01	1.30e-01	1.80e-02	1.87e-03	6.58e-06	0.00e+00	6.07e-06	4.17e-14	4.96e-14
 5.78623e+22	7.24e-06	7.63e-03	2.95e-01	5.58e-01	1.22e-01	1.62e-02	1.61e-03	5.30e-06	0.00e+00	7.24e-06	5.12e-14	6.08e-14
 5.81795e+22	8.56e-06	8.49e-03	3.09e-01	5.51e-01	1.15e-01	1.46e-02	1.39e-03	4.30e-06	0.00e+00	8.56e-06	6.23e-14	7.40e-14
 5.85418e+22	1.06e-05	9.72e-03	3.28e-01	5.42e-01	1.06e-01	1.27e-02	1.15e-03	3.29e-06	0.00e+00	1.06e-05	7.98e-14	9.47e-14
 5.89120e+22	1.26e-05	1.09e-02	3.45e-01	5.33e-01	9.94e-02	1.14e-02	9.82e-04	2.62e-06	0.00e+00	1.26e-05	9.80e-14	1.16e-13
 5.92924e+22	1.56e-05	1.24e-02	3.65e-01	5.21e-01	9.14e-02	9.84e-03	8.07e-04	1.98e-06	0.00e+00	1.56e-05	1.26e-13	1.50e-13
 5.96803e+22	1.87e-05	1.40e-02	3.83e-01	5.09e-01	8.46e-02	8.64e-03	6.77e-04	1.54e-06	0.00e+00	1.87e-05	1.57e-13	1.86e-13
 6.00187e+22	2.21e-05	1.55e-02	4.00e-01	4.98e-01	7.86e-02	7.66e-03	5.75e-04	1.22e-06	0.00e+00	2.21e-05	1.91e-13	2.27e-13
 6.03993e+22	2.73e-05	1.77e-02	4.21e-01	4.83e-01	7.16e-02	6.56e-03	4.67e-04	9.09e-07	0.00e+00	2.73e-05	2.46e-13	2.92e-13
 6.07942e+22	3.26e-05	1.98e-02	4.40e-01	4.68e-01	6.58e-02	5.73e-03	3.89e-04	7.01e-07	0.00e+00	3.26e-05	3.04e-13	3.61e-13
 6.12078e+22	4.09e-05	2.28e-02	4.64e-01	4.49e-01	5.90e-02	4.79e-03	3.07e-04	5.01e-07	0.00e+00	4.09e-05	4.00e-13	4.75e-13
 6.16222e+22	4.85e-05	2.53e-02	4.82e-01	4.34e-01	5.40e-02	4.16e-03	2.55e-04	3.86e-07	0.00e+00	4.85e-05	4.91e-13	5.83e-13
 6.20374e+22	6.03e-05	2.90e-02	5.05e-01	4.14e-01	4.82e-02	3.47e-03	2.01e-04	2.75e-07	0.00e+00	6.03e-05	6.42e-13	7.61e-13
 6.24032e+22	6.89e-05	3.14e-02	5.19e-01	4.01e-01	4.47e-02	3.09e-03	1.72e-04	2.22e-07	0.00e+00	6.89e-05	7.53e-13	8.93e-13
 6.26641e+22	7.73e-05	3.38e-02	5.31e-01	3.90e-01	4.19e-02	2.80e-03	1.51e-04	1.85e-07	0.00e+00	7.73e-05	8.68e-13	1.03e-12
 6.29628e+22	9.00e-05	3.71e-02	5.47e-01	3.75e-01	3.84e-02	2.44e-03	1.27e-04	1.44e-07	0.00e+00	9.00e-05	1.05e-12	1.24e-12
 6.32735e+22	1.02e-04	4.02e-02	5.60e-01	3.62e-01	3.56e-02	2.17e-03	1.09e-04	0.00e+00	0.00e+00	1.02e-04	1.23e-12	1.46e-12
 6.35997e+22	1.21e-04	4.45e-02	5.77e-01	3.45e-01	3.22e-02	1.86e-03	8.90e-05	0.00e+00	0.00e+00	1.21e-04	1.51e-12	1.79e-12
 6.39262e+22	1.37e-04	4.81e-02	5.89e-01	3.31e-01	2.96e-02	1.64e-03	7.58e-05	0.00e+00	0.00e+00	1.37e-04	1.77e-12	2.10e-12
 6.42531e+22	1.62e-04	5.31e-02	6.05e-01	3.14e-01	2.67e-02	1.40e-03	6.18e-05	0.00e+00	0.00e+00	1.62e-04	2.18e-12	2.57e-12
 6.45830e+22	1.84e-04	5.74e-02	6.16e-01	3.00e-01	2.45e-02	1.23e-03	5.24e-05	0.00e+00	0.00e+00	1.84e-04	2.55e-12	3.01e-12
 6.49167e+22	2.15e-04	6.31e-02	6.30e-01	2.84e-01	2.20e-02	1.04e-03	4.26e-05	0.00e+00	0.00e+00	2.15e-04	3.12e-12	3.68e-12
 6.52606e+22	2.46e-04	6.84e-02	6.41e-01	2.69e-01	1.99e-02	9.04e-04	3.55e-05	0.00e+00	0.00e+00	2.46e-04	3.70e-12	4.36e-12
 6.55695e+22	2.80e-04	7.40e-02	6.52e-01	2.55e-01	1.81e-02	7.84e-04	2.96e-05	0.00e+00	0.00e+00	2.80e-04	4.37e-12	5.14e-12
 6.59227e+22	3.31e-04	8.18e-02	6.63e-01	2.38e-01	1.60e-02	6.51e-04	2.35e-05	0.00e+00	0.00e+00	3.31e-04	5.40e-12	6.36e-12
 6.62809e+22	3.76e-04	8.82e-02	6.72e-01	2.24e-01	1.44e-02	5.61e-04	1.95e-05	0.00e+00	0.00e+00	3.76e-04	6.38e-12	7.50e-12
 6.66454e+22	4.42e-04	9.71e-02	6.81e-01	2.08e-01	1.27e-02	4.63e-04	1.54e-05	0.00e+00	0.00e+00	4.42e-04	7.87e-12	9.25e-12
 6.70229e+22	5.08e-04	1.05e-01	6.89e-01	1.94e-01	1.12e-02	3.90e-04	1.24e-05	0.00e+00	0.00e+00	5.08e-04	9.43e-12	1.11e-11
 6.74172e+22	6.05e-04	1.17e-01	6.96e-01	1.77e-01	9.69e-03	3.14e-04	9.50e-06	0.00e+00	0.00e+00	6.05e-04	1.18e-11	1.39e-11
 6.78144e+22	6.93e-04	1.26e-01	7.01e-01	1.64e-01	8.56e-03	2.63e-04	7.62e-06	0.00e+00	0.00e+00	6.93e-04	1.42e-11	1.66e-11
 6.82154e+22	8.23e-04	1.39e-01	7.04e-01	1.48e-01	7.31e-03	2.09e-04	5.77e-06	0.00e+00	0.00e+00	8.23e-04	1.78e-11	2.08e-11
 6.86231e+22	9.39e-04	1.50e-01	7.06e-01	1.36e-01	6.41e-03	1.74e-04	4.59e-06	0.00e+00	0.00e+00	9.39e-04	2.12e-11	2.48e-11
 6.90393e+22	1.12e-03	1.66e-01	7.06e-01	1.22e-01	5.42e-03	1.36e-04	3.42e-06	0.00e+00	0.00e+00	1.12e-03	2.67e-11	3.12e-11
 6.94619e+22	1.28e-03	1.79e-01	7.04e-01	1.11e-01	4.71e-03	1.11e-04	2.68e-06	0.00e+00	0.00e+00	1.28e-03	3.19e-11	3.72e-11
 6.98930e+22	1.52e-03	1.97e-01	7.00e-01	9.79e-02	3.93e-03	8.57e-05	1.97e-06	0.00e+00	0.00e+00	1.52e-03	4.02e-11	4.68e-11
 7.03313e+22	1.73e-03	2.11e-01	6.95e-01	8.82e-02	3.39e-03	6.93e-05	1.52e-06	0.00e+00	0.00e+00	1.73e-03	4.80e-11	5.58e-11
 7.07790e+22	2.06e-03	2.33e-01	6.86e-01	7.67e-02	2.79e-03	5.24e-05	1.10e-06	0.00e+00	0.00e+00	2.06e-03	6.07e-11	7.05e-11
 7.12357e+22	2.36e-03	2.50e-01	6.77e-01	6.82e-02	2.37e-03	4.15e-05	8.34e-07	0.00e+00	0.00e+00	2.36e-03	7.29e-11	8.47e-11
 7.17040e+22	2.81e-03	2.75e-01	6.62e-01	5.82e-02	1.92e-03	3.06e-05	5.87e-07	0.00e+00	0.00e+00	2.81e-03	9.27e-11	1.08e-10
 7.21837e+22	3.21e-03	2.95e-01	6.49e-01	5.11e-02	1.62e-03	2.39e-05	4.40e-07	0.00e+00	0.00e+00	3.21e-03	1.11e-10	1.29e-10
 7.26781e+22	3.86e-03	3.25e-01	6.28e-01	4.25e-02	1.29e-03	1.70e-05	3.00e-07	0.00e+00	0.00e+00	3.86e-03	1.43e-10	1.66e-10
 7.31829e+22	4.41e-03	3.47e-01	6.11e-01	3.67e-02	1.07e-03	1.30e-05	2.22e-07	0.00e+00	0.00e+00	4.41e-03	1.73e-10	2.00e-10
 7.37012e+22	5.32e-03	3.82e-01	5.83e-01	2.98e-02	8.36e-04	8.96e-06	1.47e-07	0.00e+00	0.00e+00	5.32e-03	2.24e-10	2.59e-10
 7.42360e+22	6.12e-03	4.08e-01	5.60e-01	2.50e-02	6.83e-04	6.62e-06	0.00e+00	0.00e+00	0.00e+00	6.12e-03	2.73e-10	3.16e-10
 7.47921e+22	7.44e-03	4.49e-01	5.24e-01	1.96e-02	5.20e-04	4.34e-06	0.00e+00	0.00e+00	0.00e+00	7.44e-03	3.58e-10	4.15e-10
 7.53700e+22	8.66e-03	4.81e-01	4.94e-01	1.58e-02	4.13e-04	3.04e-06	0.00e+00	0.00e+00	0.00e+00	8.66e-03	4.44e-10	5.14e-10
 7.59764e+22	1.07e-02	5.28e-01	4.50e-01	1.17e-02	3.03e-04	1.86e-06	0.00e+00	0.00e+00	0.00e+00	1.07e-02	5.94e-10	6.87e-10
 7.65989e+22	1.25e-02	5.64e-01	4.14e-01	9.01e-03	2.35e-04	1.23e-06	0.00e+00	0.00e+00	0.00e+00	1.25e-02	7.45e-10	8.63e-10
 7.70830e+22	1.40e-02	5.91e-01	3.87e-01	7.39e-03	1.95e-04	9.01e-07	0.00e+00	0.00e+00	0.00e+00	1.40e-02	8.77e-10	1.02e-09
 7.75530e+22	1.64e-02	6.28e-01	3.50e-01	5.61e-03	1.51e-04	5.89e-07	0.00e+00	0.00e+00	0.00e+00	1.64e-02	1.09e-09	1.27e-09
 7.80365e+22	1.88e-02	6.58e-01	3.18e-01	4.38e-03	1.21e-04	4.05e-07	0.00e+00	0.00e+00	0.00e+00	1.88e-02	1.31e-09	1.52e-09
 7.85375e+22	2.23e-02	6.97e-01	2.78e-01	3.13e-03	9.08e-05	2.44e-07	0.00e+00	0.00e+00	0.00e+00	2.23e-02	1.67e-09	1.94e-09
 7.90494e+22	2.58e-02	7.27e-01	2.45e-01	2.32e-03	7.09e-05	1.58e-07	0.00e+00	0.00e+00	0.00e+00	2.58e-02	2.04e-09	2.36e-09
 7.95755e+22	3.12e-02	7.63e-01	2.05e-01	1.54e-03	5.08e-05	0.00e+00	0.00e+00	0.00e+00	0.00e+00	3.12e-02	2.64e-09	3.06e-09
 8.00618e+22	3.57e-02	7.85e-01	1.78e-01	1.13e-03	4.00e-05	0.00e+00	0.00e+00	0.00e+00	0.00e+00	3.57e-02	3.15e-09	3.63e-09
 8.04285e+22	4.06e-02	8.04e-01	1.55e-01	8.45e-04	3.19e-05	0.00e+00	0.00e+00	0.00e+00	0.00e+00	4.06e-02	3.72e-09	4.28e-09
 8.08372e+22	4.78e-02	8.24e-01	1.28e-01	5.73e-04	2.36e-05	0.00e+00	0.00e+00	0.00e+00	0.00e+00	4.78e-02	4.62e-09	5.29e-09
 8.12706e+22	5.65e-02	8.39e-01	1.04e-01	3.85e-04	1.74e-05	0.00e+00	0.00e+00	0.00e+00	0.00e+00	5.65e-02	5.70e-09	6.52e-09
 8.16661e+22	6.68e-02	8.49e-01	8.39e-02	2.57e-04	1.28e-05	0.00e+00	0.00e+00	0.00e+00	0.00e+00	6.68e-02	7.05e-09	8.05e-09
 8.20482e+22	7.96e-02	8.54e-01	6.60e-02	1.68e-04	9.17e-06	0.00e+00	0.00e+00	0.00e+00	0.00e+00	7.96e-02	8.77e-09	1.00e-08
 8.24134e+22	9.56e-02	8.53e-01	5.09e-02	1.09e-04	6.46e-06	0.00e+00	0.00e+00	0.00e+00	0.00e+00	9.56e-02	1.09e-08	1.25e-08
 8.27498e+22	1.15e-01	8.46e-01	3.88e-02	7.07e-05	4.52e-06	0.00e+00	0.00e+00	0.00e+00	0.00e+00	1.15e-01	1.36e-08	1.56e-08
 8.30568e+22	1.38e-01	8.33e-01	2.92e-02	4.64e-05	3.12e-06	0.00e+00	0.00e+00	0.00e+00	0.00e+00	1.38e-01	1.68e-08	1.93e-08
 8.33370e+22	1.65e-01	8.13e-01	2.18e-02	3.10e-05	2.14e-06	0.00e+00	0.00e+00	0.00e+00	0.00e+00	1.65e-01	2.05e-08	2.37e-08
 8.35912e+22	1.97e-01	7.87e-01	1.63e-02	2.12e-05	1.46e-06	0.00e+00	0.00e+00	0.00e+00	0.00e+00	1.97e-01	2.47e-08	2.85e-08
 8.38230e+22	2.32e-01	7.55e-01	1.21e-02	1.48e-05	9.91e-07	0.00e+00	0.00e+00	0.00e+00	0.00e+00	2.32e-01	2.93e-08	3.37e-08
 8.40348e+22	2.72e-01	7.19e-01	8.94e-03	1.06e-05	6.73e-07	0.00e+00	0.00e+00	0.00e+00	0.00e+00	2.72e-01	3.40e-08	3.92e-08
 8.41677e+22	2.99e-01	6.93e-01	7.45e-03	8.76e-06	5.35e-07	0.00e+00	0.00e+00	0.00e+00	0.00e+00	2.99e-01	3.69e-08	4.24e-08
 8.42173e+22	3.10e-01	6.83e-01	6.94e-03	8.13e-06	4.88e-07	0.00e+00	0.00e+00	0.00e+00	0.00e+00	3.10e-01	3.80e-08	4.37e-08
 8.42575e+22	3.19e-01	6.74e-01	6.50e-03	7.61e-06	4.48e-07	0.00e+00	0.00e+00	0.00e+00	0.00e+00	3.19e-01	3.90e-08	4.49e-08
 8.43098e+22	3.32e-01	6.62e-01	5.97e-03	6.98e-06	4.00e-07	0.00e+00	0.00e+00	0.00e+00	0.00e+00	3.32e-01	4.04e-08	4.64e-08
 8.43721e+22	3.48e-01	6.47e-01	5.39e-03	6.30e-06	3.50e-07	0.00e+00	0.00e+00	0.00e+00	0.00e+00	3.48e-01	4.20e-08	4.83e-08
 8.44348e+22	3.65e-01	6.31e-01	4.85e-03	5.69e-06	3.06e-07	0.00e+00	0.00e+00	0.00e+00	0.00e+00	3.65e-01	4.36e-08	5.01e-08
 8.44927e+22	3.79e-01	6.16e-01	4.42e-03	5.20e-06	2.71e-07	0.00e+00	0.00e+00	0.00e+00	0.00e+00	3.79e-01	4.50e-08	5.17e-08
 8.45519e+22	3.96e-01	6.00e-01	3.98e-03	4.72e-06	2.36e-07	0.00e+00	0.00e+00	0.00e+00	0.00e+00	3.96e-01	4.65e-08	5.34e-08
 8.46129e+22	4.13e-01	5.84e-01	3.59e-03	4.29e-06	2.07e-07	0.00e+00	0.00e+00	0.00e+00	0.00e+00	4.13e-01	4.79e-08	5.50e-08
 8.46756e+22	4.31e-01	5.66e-01	3.21e-03	3.88e-06	1.79e-07	0.00e+00	0.00e+00	0.00e+00	0.00e+00	4.31e-01	4.94e-08	5.66e-08
 8.47404e+22	4.51e-01	5.47e-01	2.86e-03	3.49e-06	1.54e-07	0.00e+00	0.00e+00	0.00e+00	0.00e+00	4.51e-01	5.08e-08	5.83e-08
 8.48032e+22	4.69e-01	5.28e-01	2.56e-03	3.16e-06	1.33e-07	0.00e+00	0.00e+00	0.00e+00	0.00e+00	4.69e-01	5.21e-08	5.97e-08
 8.48668e+22	4.88e-01	5.10e-01	2.28e-03	2.86e-06	0.00e+00	0.00e+00	0.00e+00	0.00e+00	0.00e+00	4.88e-01	5.33e-08	6.11e-08
 8.49345e+22	5.09e-01	4.89e-01	2.01e-03	2.57e-06	0.00e+00	0.00e+00	0.00e+00	0.00e+00	0.00e+00	5.09e-01	5.45e-08	6.24e-08
 8.50051e+22	5.30e-01	4.69e-01	1.76e-03	2.30e-06	0.00e+00	0.00e+00	0.00e+00	0.00e+00	0.00e+00	5.30e-01	5.56e-08	6.36e-08
 8.50788e+22	5.52e-01	4.47e-01	1.54e-03	2.06e-06	0.00e+00	0.00e+00	0.00e+00	0.00e+00	0.00e+00	5.52e-01	5.65e-08	6.46e-08
 8.51549e+22	5.75e-01	4.24e-01	1.33e-03	1.83e-06	0.00e+00	0.00e+00	0.00e+00	0.00e+00	0.00e+00	5.75e-01	5.73e-08	6.55e-08
 8.52306e+22	5.96e-01	4.03e-01	1.16e-03	1.63e-06	0.00e+00	0.00e+00	0.00e+00	0.00e+00	0.00e+00	5.96e-01	5.79e-08	6.62e-08
 8.52898e+22	6.12e-01	3.87e-01	1.04e-03	1.51e-06	0.00e+00	0.00e+00	0.00e+00	0.00e+00	0.00e+00	6.12e-01	5.82e-08	6.64e-08
 8.53295e+22	6.22e-01	3.77e-01	9.72e-04	1.43e-06	0.00e+00	0.00e+00	0.00e+00	0.00e+00	0.00e+00	6.22e-01	5.84e-08	6.66e-08
 8.53676e+22	6.32e-01	3.67e-01	9.06e-04	1.35e-06	0.00e+00	0.00e+00	0.00e+00	0.00e+00	0.00e+00	6.32e-01	5.85e-08	6.68e-08
 8.54118e+22	6.44e-01	3.55e-01	8.34e-04	1.27e-06	0.00e+00	0.00e+00	0.00e+00	0.00e+00	0.00e+00	6.44e-01	5.87e-08	6.69e-08
 8.54603e+22	6.57e-01	3.43e-01	7.62e-04	1.18e-06	0.00e+00	0.00e+00	0.00e+00	0.00e+00	0.00e+00	6.57e-01	5.87e-08	6.69e-08
 8.55073e+22	6.68e-01	3.32e-01	7.02e-04	1.11e-06	0.00e+00	0.00e+00	0.00e+00	0.00e+00	0.00e+00	6.68e-01	5.88e-08	6.69e-08
 8.55538e+22	6.79e-01	3.21e-01	6.45e-04	1.05e-06	0.00e+00	0.00e+00	0.00e+00	0.00e+00	0.00e+00	6.79e-01	5.87e-08	6.69e-08
 8.56019e+22	6.90e-01	3.10e-01	5.92e-04	9.82e-07	0.00e+00	0.00e+00	0.00e+00	0.00e+00	0.00e+00	6.90e-01	5.86e-08	6.68e-08
 8.56504e+22	7.01e-01	2.99e-01	5.43e-04	9.23e-07	0.00e+00	0.00e+00	0.00e+00	0.00e+00	0.00e+00	7.01e-01	5.85e-08	6.66e-08
 8.56995e+22	7.11e-01	2.88e-01	4.98e-04	8.65e-07	0.00e+00	0.00e+00	0.00e+00	0.00e+00	0.00e+00	7.11e-01	5.83e-08	6.64e-08
 8.57486e+22	7.21e-01	2.78e-01	4.58e-04	8.16e-07	0.00e+00	0.00e+00	0.00e+00	0.00e+00	0.00e+00	7.21e-01	5.82e-08	6.62e-08
 8.57993e+22	7.31e-01	2.68e-01	4.19e-04	7.66e-07	0.00e+00	0.00e+00	0.00e+00	0.00e+00	0.00e+00	7.31e-01	5.80e-08	6.59e-08
 8.58523e+22	7.41e-01	2.58e-01	3.83e-04	7.19e-07	0.00e+00	0.00e+00	0.00e+00	0.00e+00	0.00e+00	7.41e-01	5.77e-08	6.55e-08
 8.59053e+22	7.51e-01	2.49e-01	3.50e-04	6.76e-07	0.00e+00	0.00e+00	0.00e+00	0.00e+00	0.00e+00	7.51e-01	5.74e-08	6.52e-08
 8.59588e+22	7.60e-01	2.40e-01	3.20e-04	6.36e-07	0.00e+00	0.00e+00	0.00e+00	0.00e+00	0.00e+00	7.60e-01	5.71e-08	6.48e-08
 8.60143e+22	7.69e-01	2.31e-01	2.93e-04	5.98e-07	0.00e+00	0.00e+00	0.00e+00	0.00e+00	0.00e+00	7.69e-01	5.68e-08	6.44e-08
 8.60718e+22	7.78e-01	2.22e-01	2.67e-04	5.61e-07	0.00e+00	0.00e+00	0.00e+00	0.00e+00	0.00e+00	7.78e-01	5.65e-08	6.40e-08
 8.61301e+22	7.86e-01	2.13e-01	2.43e-04	5.28e-07	0.00e+00	0.00e+00	0.00e+00	0.00e+00	0.00e+00	7.86e-01	5.61e-08	6.36e-08
 8.61895e+22	7.95e-01	2.05e-01	2.22e-04	4.96e-07	0.00e+00	0.00e+00	0.00e+00	0.00e+00	0.00e+00	7.95e-01	5.58e-08	6.31e-08
 8.62511e+22	8.03e-01	1.97e-01	2.02e-04	4.66e-07	0.00e+00	0.00e+00	0.00e+00	0.00e+00	0.00e+00	8.03e-01	5.54e-08	6.27e-08
 8.63146e+22	8.11e-01	1.89e-01	1.83e-04	4.38e-07	0.00e+00	0.00e+00	0.00e+00	0.00e+00	0.00e+00	8.11e-01	5.50e-08	6.22e-08
 8.63793e+22	8.18e-01	1.82e-01	1.67e-04	4.12e-07	0.00e+00	0.00e+00	0.00e+00	0.00e+00	0.00e+00	8.18e-01	5.46e-08	6.16e-08
 8.64454e+22	8.26e-01	1.74e-01	1.51e-04	3.87e-07	0.00e+00	0.00e+00	0.00e+00	0.00e+00	0.00e+00	8.26e-01	5.41e-08	6.10e-08
 8.65137e+22	8.33e-01	1.67e-01	1.38e-04	3.64e-07	0.00e+00	0.00e+00	0.00e+00	0.00e+00	0.00e+00	8.33e-01	5.37e-08	6.03e-08
 8.65843e+22	8.40e-01	1.60e-01	1.25e-04	3.42e-07	0.00e+00	0.00e+00	0.00e+00	0.00e+00	0.00e+00	8.40e-01	5.32e-08	5.96e-08
 8.66569e+22	8.46e-01	1.54e-01	1.13e-04	3.21e-07	0.00e+00	0.00e+00	0.00e+00	0.00e+00	0.00e+00	8.46e-01	5.28e-08	5.89e-08
 8.67311e+22	8.53e-01	1.47e-01	1.03e-04	3.02e-07	0.00e+00	0.00e+00	0.00e+00	0.00e+00	0.00e+00	8.53e-01	5.23e-08	5.83e-08
 8.68073e+22	8.59e-01	1.41e-01	9.32e-05	2.83e-07	0.00e+00	0.00e+00	0.00e+00	0.00e+00	0.00e+00	8.59e-01	5.19e-08	5.76e-08
 8.68859e+22	8.65e-01	1.35e-01	8.47e-05	2.66e-07	0.00e+00	0.00e+00	0.00e+00	0.00e+00	0.00e+00	8.65e-01	5.15e-08	5.69e-08
 8.69657e+22	8.70e-01	1.30e-01	7.71e-05	2.51e-07	0.00e+00	0.00e+00	0.00e+00	0.00e+00	0.00e+00	8.70e-01	5.11e-08	5.63e-08
 8.70462e+22	8.76e-01	1.24e-01	7.03e-05	2.36e-07	0.00e+00	0.00e+00	0.00e+00	0.00e+00	0.00e+00	8.76e-01	5.07e-08	5.57e-08
 8.71291e+22	8.81e-01	1.19e-01	6.41e-05	2.22e-07	0.00e+00	0.00e+00	0.00e+00	0.00e+00	0.00e+00	8.81e-01	5.03e-08	5.50e-08
 8.72138e+22	8.86e-01	1.14e-01	5.87e-05	2.09e-07	0.00e+00	0.00e+00	0.00e+00	0.00e+00	0.00e+00	8.86e-01	4.99e-08	5.44e-08
 8.72992e+22	8.91e-01	1.09e-01	5.38e-05	1.97e-07	0.00e+00	0.00e+00	0.00e+00	0.00e+00	0.00e+00	8.91e-01	4.96e-08	5.38e-08
 8.73851e+22	8.95e-01	1.05e-01	4.96e-05	1.85e-07	0.00e+00	0.00e+00	0.00e+00	0.00e+00	0.00e+00	8.95e-01	4.93e-08	5.32e-08
 8.74721e+22	8.99e-01	1.01e-01	4.58e-05	1.75e-07	0.00e+00	0.00e+00	0.00e+00	0.00e+00	0.00e+00	8.99e-01	4.90e-08	5.27e-08
 8.75607e+22	9.03e-01	9.70e-02	4.24e-05	1.66e-07	0.00e+00	0.00e+00	0.00e+00	0.00e+00	0.00e+00	9.03e-01	4.87e-08	5.22e-08
 8.76509e+22	9.07e-01	9.33e-02	3.94e-05	1.57e-07	0.00e+00	0.00e+00	0.00e+00	0.00e+00	0.00e+00	9.07e-01	4.85e-08	5.18e-08
 8.77438e+22	9.10e-01	8.96e-02	3.67e-05	1.48e-07	0.00e+00	0.00e+00	0.00e+00	0.00e+00	0.00e+00	9.10e-01	4.83e-08	5.13e-08
 8.78387e+22	9.14e-01	8.61e-02	3.43e-05	1.40e-07	0.00e+00	0.00e+00	0.00e+00	0.00e+00	0.00e+00	9.14e-01	4.80e-08	5.09e-08
 8.79348e+22	9.17e-01	8.28e-02	3.21e-05	1.32e-07	0.00e+00	0.00e+00	0.00e+00	0.00e+00	0.00e+00	9.17e-01	4.79e-08	5.04e-08
 8.80323e+22	9.20e-01	7.95e-02	3.02e-05	1.25e-07	0.00e+00	0.00e+00	0.00e+00	0.00e+00	0.00e+00	9.20e-01	4.77e-08	5.00e-08
 8.81329e+22	9.24e-01	7.64e-02	2.84e-05	0.00e+00	0.00e+00	0.00e+00	0.00e+00	0.00e+00	0.00e+00	9.24e-01	4.75e-08	4.96e-08
 8.82360e+22	9.27e-01	7.34e-02	2.68e-05	0.00e+00	0.00e+00	0.00e+00	0.00e+00	0.00e+00	0.00e+00	9.27e-01	4.74e-08	4.93e-08
 8.83374e+22	9.29e-01	7.07e-02	2.55e-05	0.00e+00	0.00e+00	0.00e+00	0.00e+00	0.00e+00	0.00e+00	9.29e-01	4.73e-08	4.89e-08
 8.84333e+22	9.32e-01	6.82e-02	2.44e-05	0.00e+00	0.00e+00	0.00e+00	0.00e+00	0.00e+00	0.00e+00	9.32e-01	4.71e-08	4.86e-08
 8.85218e+22	9.34e-01	6.61e-02	2.35e-05	0.00e+00	0.00e+00	0.00e+00	0.00e+00	0.00e+00	0.00e+00	9.34e-01	4.70e-08	4.83e-08
