#depth	H	H+	H2
 4.62852e+21	2.52e-08	1.00e+00	2.91e-36
 1.04294e+22	4.21e-08	1.00e+00	2.60e-35
 1.21834e+22	5.69e-08	1.00e+00	8.57e-35
 1.30560e+22	6.76e-08	1.00e+00	1.64e-34
 1.34195e+22	7.08e-08	1.00e+00	1.94e-34
 1.35375e+22	7.29e-08	1.00e+00	2.16e-34
 1.36271e+22	7.51e-08	1.00e+00	2.40e-34
 1.37291e+22	7.80e-08	1.00e+00	2.76e-34
 1.38306e+22	8.04e-08	1.00e+00	3.07e-34
 1.39315e+22	8.39e-08	1.00e+00	3.54e-34
 1.40314e+22	8.63e-08	1.00e+00	3.93e-34
 1.41298e+22	9.00e-08	1.00e+00	4.53e-34
 1.42299e+22	9.29e-08	1.00e+00	5.05e-34
 1.43184e+22	9.60e-08	1.00e+00	5.64e-34
 1.44196e+22	1.00e-07	1.00e+00	6.52e-34
 1.45205e+22	1.04e-07	1.00e+00	7.28e-34
 1.46211e+22	1.08e-07	1.00e+00	8.42e-34
 1.47231e+22	1.12e-07	1.00e+00	9.44e-34
 1.48269e+22	1.17e-07	1.00e+00	1.10e-33
 1.49312e+22	1.22e-07	1.00e+00	1.23e-33
 1.50209e+22	1.26e-07	1.00e+00	1.38e-33
 1.51223e+22	1.32e-07	1.00e+00	1.59e-33
 1.52237e+22	1.37e-07	1.00e+00	1.78e-33
 1.53251e+22	1.43e-07	1.00e+00	2.05e-33
 1.54274e+22	1.48e-07	1.00e+00	2.29e-33
 1.55309e+22	1.55e-07	1.00e+00	2.64e-33
 1.56362e+22	1.60e-07	1.00e+00	2.95e-33
 1.57440e+22	1.68e-07	1.00e+00	3.40e-33
 1.58554e+22	1.74e-07	1.00e+00	3.82e-33
 1.59713e+22	1.83e-07	1.00e+00	4.43e-33
 1.60899e+22	1.90e-07	1.00e+00	4.99e-33
 1.61955e+22	1.97e-07	1.00e+00	5.60e-33
 1.63161e+22	2.06e-07	1.00e+00	6.48e-33
 1.64384e+22	2.14e-07	1.00e+00	7.26e-33
 1.65629e+22	2.24e-07	1.00e+00	8.40e-33
 1.66839e+22	2.31e-07	1.00e+00	9.31e-33
 1.68002e+22	2.41e-07	1.00e+00	1.06e-32
 1.69187e+22	2.49e-07	1.00e+00	1.18e-32
 1.70402e+22	2.60e-07	1.00e+00	1.35e-32
 1.71633e+22	2.69e-07	1.00e+00	1.50e-32
 1.72886e+22	2.81e-07	1.00e+00	1.72e-32
 1.74118e+22	2.89e-07	1.00e+00	1.89e-32
 1.75321e+22	3.01e-07	1.00e+00	2.15e-32
 1.76550e+22	3.10e-07	1.00e+00	2.36e-32
 1.77809e+22	3.23e-07	1.00e+00	2.69e-32
 1.79093e+22	3.33e-07	1.00e+00	2.98e-32
 1.80408e+22	3.47e-07	1.00e+00	3.40e-32
 1.81746e+22	3.58e-07	1.00e+00	1.84e-32
 1.83114e+22	3.73e-07	1.00e+00	2.11e-32
 1.84508e+22	3.85e-07	1.00e+00	2.34e-32
 1.85936e+22	4.02e-07	1.00e+00	2.69e-32
 1.87331e+22	4.13e-07	1.00e+00	2.95e-32
 1.88683e+22	4.30e-07	1.00e+00	3.36e-32
 1.90058e+22	4.42e-07	1.00e+00	3.69e-32
 1.91460e+22	4.59e-07	1.00e+00	4.20e-32
 1.92906e+22	4.74e-07	1.00e+00	4.65e-32
 1.94409e+22	4.92e-07	1.00e+00	5.30e-32
 1.95961e+22	5.09e-07	1.00e+00	5.91e-32
 1.97577e+22	5.29e-07	1.00e+00	6.79e-32
 1.99237e+22	5.47e-07	1.00e+00	7.61e-32
 2.00955e+22	5.70e-07	1.00e+00	8.80e-32
 2.02731e+22	5.91e-07	1.00e+00	9.93e-32
 2.04580e+22	6.17e-07	1.00e+00	1.16e-31
 2.06478e+22	6.40e-07	1.00e+00	1.31e-31
 2.08182e+22	6.61e-07	1.00e+00	1.49e-31
 2.10141e+22	6.94e-07	1.00e+00	1.75e-31
 2.12112e+22	7.17e-07	1.00e+00	1.98e-31
 2.14098e+22	7.52e-07	1.00e+00	2.33e-31
 2.16126e+22	7.80e-07	1.00e+00	2.66e-31
 2.18209e+22	8.19e-07	1.00e+00	3.06e-31
 2.20324e+22	8.52e-07	1.00e+00	3.51e-31
 2.22482e+22	8.97e-07	1.00e+00	4.18e-31
 2.24521e+22	9.28e-07	1.00e+00	4.69e-31
 2.26406e+22	9.73e-07	1.00e+00	5.47e-31
 2.28308e+22	1.01e-06	1.00e+00	6.13e-31
 2.30230e+22	1.06e-06	1.00e+00	7.16e-31
 2.32170e+22	1.10e-06	1.00e+00	8.06e-31
 2.34133e+22	1.16e-06	1.00e+00	9.42e-31
 2.36122e+22	1.21e-06	1.00e+00	1.06e-30
 2.38147e+22	1.28e-06	1.00e+00	1.24e-30
 2.40198e+22	1.33e-06	1.00e+00	1.40e-30
 2.42284e+22	1.41e-06	1.00e+00	1.64e-30
 2.44414e+22	1.48e-06	1.00e+00	1.86e-30
 2.46601e+22	1.57e-06	1.00e+00	2.18e-30
 2.48834e+22	1.66e-06	1.00e+00	2.48e-30
 2.51056e+22	1.77e-06	1.00e+00	2.88e-30
 2.53178e+22	1.85e-06	1.00e+00	3.21e-30
 2.55237e+22	1.98e-06	1.00e+00	3.69e-30
 2.57322e+22	2.08e-06	1.00e+00	4.11e-30
 2.59362e+22	2.21e-06	1.00e+00	4.66e-30
 2.61443e+22	2.33e-06	1.00e+00	5.18e-30
 2.63469e+22	2.48e-06	1.00e+00	5.76e-30
 2.65539e+22	2.62e-06	1.00e+00	6.37e-30
 2.67586e+22	2.78e-06	1.00e+00	7.05e-30
 2.69645e+22	2.95e-06	1.00e+00	7.79e-30
 2.71680e+22	3.12e-06	1.00e+00	8.58e-30
 2.73711e+22	3.31e-06	1.00e+00	9.44e-30
 2.75746e+22	3.51e-06	1.00e+00	1.04e-29
 2.77789e+22	3.71e-06	1.00e+00	1.15e-29
 2.79843e+22	3.93e-06	1.00e+00	1.27e-29
 2.81917e+22	4.17e-06	1.00e+00	1.41e-29
 2.84015e+22	4.42e-06	1.00e+00	1.57e-29
 2.86123e+22	4.68e-06	1.00e+00	1.76e-29
 2.88266e+22	4.96e-06	1.00e+00	1.99e-29
 2.90433e+22	5.25e-06	1.00e+00	2.32e-29
 2.92642e+22	5.58e-06	1.00e+00	2.67e-29
 2.94698e+22	5.85e-06	1.00e+00	3.02e-29
 2.96813e+22	6.22e-06	1.00e+00	3.55e-29
 2.98962e+22	6.53e-06	1.00e+00	4.07e-29
 3.01162e+22	6.96e-06	1.00e+00	4.90e-29
 3.03373e+22	7.29e-06	1.00e+00	5.69e-29
 3.05600e+22	7.76e-06	1.00e+00	6.95e-29
 3.07839e+22	8.13e-06	1.00e+00	8.16e-29
 3.10095e+22	8.64e-06	1.00e+00	1.01e-28
 3.12370e+22	9.05e-06	1.00e+00	1.20e-28
 3.14669e+22	9.62e-06	1.00e+00	1.50e-28
 3.16997e+22	1.01e-05	1.00e+00	1.80e-28
 3.19362e+22	1.07e-05	1.00e+00	2.28e-28
 3.21765e+22	1.12e-05	1.00e+00	2.75e-28
 3.24220e+22	1.20e-05	1.00e+00	3.53e-28
 3.26725e+22	1.26e-05	1.00e+00	4.31e-28
 3.29296e+22	1.34e-05	1.00e+00	5.61e-28
 3.31932e+22	1.41e-05	1.00e+00	6.93e-28
 3.34652e+22	1.51e-05	1.00e+00	9.16e-28
 3.37211e+22	1.57e-05	1.00e+00	1.10e-27
 3.39561e+22	1.66e-05	1.00e+00	1.39e-27
 3.41891e+22	1.73e-05	1.00e+00	1.66e-27
 3.44195e+22	1.83e-05	1.00e+00	2.10e-27
 3.46513e+22	1.90e-05	1.00e+00	2.51e-27
 3.48848e+22	2.01e-05	1.00e+00	3.17e-27
 3.51225e+22	2.09e-05	1.00e+00	3.81e-27
 3.53659e+22	2.22e-05	1.00e+00	4.86e-27
 3.56123e+22	2.31e-05	1.00e+00	5.87e-27
 3.58629e+22	2.45e-05	1.00e+00	7.51e-27
 3.61189e+22	2.55e-05	1.00e+00	9.13e-27
 3.63819e+22	2.71e-05	1.00e+00	1.18e-26
 3.66502e+22	2.83e-05	1.00e+00	1.45e-26
 3.69255e+22	3.01e-05	1.00e+00	1.89e-26
 3.72070e+22	3.16e-05	1.00e+00	2.33e-26
 3.74964e+22	3.36e-05	1.00e+00	3.08e-26
 3.77892e+22	3.52e-05	1.00e+00	3.82e-26
 3.80866e+22	3.76e-05	1.00e+00	5.07e-26
 3.83875e+22	3.94e-05	1.00e+00	6.31e-26
 3.86932e+22	4.20e-05	1.00e+00	8.43e-26
 3.89915e+22	4.39e-05	1.00e+00	1.04e-25
 3.92802e+22	4.67e-05	1.00e+00	1.36e-25
 3.95791e+22	4.90e-05	1.00e+00	1.69e-25
 3.98344e+22	5.11e-05	1.00e+00	2.06e-25
 4.01095e+22	5.41e-05	1.00e+00	2.66e-25
 4.03848e+22	5.65e-05	1.00e+00	3.24e-25
 4.06602e+22	5.96e-05	1.00e+00	4.13e-25
 4.09466e+22	6.26e-05	1.00e+00	5.15e-25
 4.12025e+22	6.54e-05	1.00e+00	6.30e-25
 4.14903e+22	6.91e-05	1.00e+00	8.13e-25
 4.17928e+22	7.27e-05	1.00e+00	1.03e-24
 4.20676e+22	7.62e-05	1.00e+00	1.28e-24
 4.23781e+22	8.09e-05	1.00e+00	1.68e-24
 4.26978e+22	8.52e-05	1.00e+00	2.13e-24
 4.29819e+22	8.94e-05	1.00e+00	2.66e-24
 4.33034e+22	9.52e-05	1.00e+00	3.55e-24
 4.36341e+22	1.00e-04	1.00e+00	4.53e-24
 4.39767e+22	1.07e-04	1.00e+00	6.13e-24
 4.43252e+22	1.13e-04	1.00e+00	7.88e-24
 4.46816e+22	1.21e-04	1.00e+00	1.09e-23
 4.50420e+22	1.28e-04	1.00e+00	1.40e-23
 4.54077e+22	1.38e-04	1.00e+00	1.94e-23
 4.57767e+22	1.45e-04	1.00e+00	2.52e-23
 4.61502e+22	1.56e-04	1.00e+00	3.52e-23
 4.65284e+22	1.66e-04	1.00e+00	4.61e-23
 4.69130e+22	1.78e-04	1.00e+00	6.51e-23
 4.73006e+22	1.89e-04	1.00e+00	8.56e-23
 4.76923e+22	2.04e-04	1.00e+00	1.22e-22
 4.80893e+22	2.17e-04	1.00e+00	1.56e-22
 4.84933e+22	2.34e-04	1.00e+00	2.25e-22
 4.89011e+22	2.49e-04	1.00e+00	3.00e-22
 4.93141e+22	2.69e-04	1.00e+00	4.39e-22
 4.97328e+22	2.87e-04	1.00e+00	5.91e-22
 5.00973e+22	3.05e-04	1.00e+00	7.93e-22
 5.04456e+22	3.22e-04	1.00e+00	1.04e-21
 5.07767e+22	3.41e-04	1.00e+00	1.37e-21
 5.11497e+22	3.65e-04	1.00e+00	1.93e-21
 5.15221e+22	3.86e-04	1.00e+00	2.55e-21
 5.18934e+22	4.14e-04	1.00e+00	3.62e-21
 5.22718e+22	4.39e-04	1.00e+00	4.88e-21
 5.26593e+22	4.71e-04	1.00e+00	7.05e-21
 5.30506e+22	5.00e-04	1.00e+00	9.57e-21
 5.33950e+22	5.29e-04	9.99e-01	1.29e-20
 5.37907e+22	5.69e-04	9.99e-01	1.91e-20
 5.41737e+22	6.01e-04	9.99e-01	2.57e-20
 5.44787e+22	6.31e-04	9.99e-01	3.39e-20
 5.48134e+22	6.70e-04	9.99e-01	4.73e-20
 5.51541e+22	7.05e-04	9.99e-01	6.30e-20
 5.54547e+22	7.40e-04	9.99e-01	8.40e-20
 5.57979e+22	7.86e-04	9.99e-01	1.22e-19
 5.61451e+22	8.28e-04	9.99e-01	1.70e-19
 5.64496e+22	8.70e-04	9.99e-01	2.29e-19
 5.67972e+22	9.26e-04	9.99e-01	3.61e-19
 5.71478e+22	9.73e-04	9.99e-01	4.91e-19
 5.75022e+22	1.04e-03	9.99e-01	7.84e-19
 5.78623e+22	1.09e-03	9.99e-01	1.23e-18
 5.81795e+22	1.15e-03	9.99e-01	1.82e-18
 5.85418e+22	1.22e-03	9.99e-01	3.39e-18
 5.89120e+22	1.29e-03	9.99e-01	5.82e-18
 5.92924e+22	1.38e-03	9.99e-01	1.17e-17
 5.96803e+22	1.46e-03	9.99e-01	3.05e-17
 6.00187e+22	1.54e-03	9.98e-01	7.71e-17
 6.03993e+22	1.64e-03	9.98e-01	1.81e-16
 6.07942e+22	1.74e-03	9.98e-01	3.09e-16
 6.12078e+22	1.87e-03	9.98e-01	5.90e-16
 6.16222e+22	1.97e-03	9.98e-01	8.10e-16
 6.20374e+22	2.12e-03	9.98e-01	1.22e-15
 6.24032e+22	2.21e-03	9.98e-01	1.56e-15
 6.26641e+22	2.30e-03	9.98e-01	1.97e-15
 6.29628e+22	2.41e-03	9.98e-01	2.47e-15
 6.32735e+22	2.52e-03	9.97e-01	2.99e-15
 6.35997e+22	2.67e-03	9.97e-01	3.77e-15
 6.39262e+22	2.78e-03	9.97e-01	4.48e-15
 6.42531e+22	2.95e-03	9.97e-01	5.54e-15
 6.45830e+22	3.08e-03	9.97e-01	6.55e-15
 6.49167e+22	3.25e-03	9.97e-01	8.05e-15
 6.52606e+22	3.41e-03	9.97e-01	9.64e-15
 6.55695e+22	3.57e-03	9.96e-01	1.15e-14
 6.59227e+22	3.79e-03	9.96e-01	1.44e-14
 6.62809e+22	3.97e-03	9.96e-01	1.72e-14
 6.66454e+22	4.21e-03	9.96e-01	2.15e-14
 6.70229e+22	4.43e-03	9.96e-01	2.61e-14
 6.74172e+22	4.73e-03	9.95e-01	3.34e-14
 6.78144e+22	4.98e-03	9.95e-01	4.07e-14
 6.82154e+22	5.32e-03	9.95e-01	5.23e-14
 6.86231e+22	5.60e-03	9.94e-01	6.39e-14
 6.90393e+22	5.99e-03	9.94e-01	8.27e-14
 6.94619e+22	6.32e-03	9.94e-01	1.02e-13
 6.98930e+22	6.78e-03	9.93e-01	1.34e-13
 7.03313e+22	7.16e-03	9.93e-01	1.66e-13
 7.07790e+22	7.69e-03	9.92e-01	2.20e-13
 7.12357e+22	8.15e-03	9.92e-01	2.77e-13
 7.17040e+22	8.79e-03	9.91e-01	3.71e-13
 7.21837e+22	9.33e-03	9.91e-01	4.69e-13
 7.26781e+22	1.01e-02	9.90e-01	6.44e-13
 7.31829e+22	1.08e-02	9.89e-01	8.21e-13
 7.37012e+22	1.17e-02	9.88e-01	1.15e-12
 7.42360e+22	1.26e-02	9.87e-01	1.50e-12
 7.47921e+22	1.38e-02	9.86e-01	2.15e-12
 7.53700e+22	1.49e-02	9.85e-01	2.89e-12
 7.59764e+22	1.66e-02	9.83e-01	4.33e-12
 7.65989e+22	1.82e-02	9.82e-01	6.05e-12
 7.70830e+22	1.93e-02	9.81e-01	7.68e-12
 7.75530e+22	2.12e-02	9.79e-01	1.07e-11
 7.80365e+22	2.30e-02	9.77e-01	1.42e-11
 7.85375e+22	2.57e-02	9.74e-01	2.07e-11
 7.90494e+22	2.83e-02	9.72e-01	2.87e-11
 7.95755e+22	3.23e-02	9.68e-01	4.42e-11
 8.00618e+22	3.58e-02	9.64e-01	6.05e-11
 8.04285e+22	3.95e-02	9.60e-01	8.15e-11
 8.08372e+22	4.51e-02	9.55e-01	1.20e-10
 8.12706e+22	5.18e-02	9.48e-01	1.77e-10
 8.16661e+22	5.98e-02	9.40e-01	2.63e-10
 8.20482e+22	7.01e-02	9.30e-01	3.98e-10
 8.24134e+22	8.30e-02	9.17e-01	6.07e-10
 8.27498e+22	9.86e-02	9.01e-01	9.21e-10
 8.30568e+22	1.18e-01	8.82e-01	1.39e-09
 8.33370e+22	1.41e-01	8.59e-01	2.09e-09
 8.35912e+22	1.67e-01	8.33e-01	3.07e-09
 8.38230e+22	1.98e-01	8.02e-01	4.45e-09
 8.40348e+22	2.33e-01	7.67e-01	6.30e-09
 8.41677e+22	2.58e-01	7.42e-01	7.65e-09
 8.42173e+22	2.67e-01	7.33e-01	8.24e-09
 8.42575e+22	2.76e-01	7.24e-01	8.83e-09
 8.43098e+22	2.87e-01	7.13e-01	9.63e-09
 8.43721e+22	3.02e-01	6.98e-01	1.07e-08
 8.44348e+22	3.17e-01	6.83e-01	1.19e-08
 8.44927e+22	3.31e-01	6.69e-01	1.30e-08
 8.45519e+22	3.47e-01	6.53e-01	1.43e-08
 8.46129e+22	3.62e-01	6.38e-01	1.57e-08
 8.46756e+22	3.80e-01	6.20e-01	1.73e-08
 8.47404e+22	3.98e-01	6.02e-01	1.91e-08
 8.48032e+22	4.16e-01	5.84e-01	2.09e-08
 8.48668e+22	4.35e-01	5.65e-01	2.29e-08
 8.49345e+22	4.55e-01	5.45e-01	2.51e-08
 8.50051e+22	4.76e-01	5.24e-01	2.75e-08
 8.50788e+22	4.98e-01	5.02e-01	3.01e-08
 8.51549e+22	5.21e-01	4.79e-01	3.31e-08
 8.52306e+22	5.43e-01	4.57e-01	3.59e-08
 8.52898e+22	5.59e-01	4.41e-01	3.78e-08
 8.53295e+22	5.70e-01	4.30e-01	3.93e-08
 8.53676e+22	5.80e-01	4.20e-01	4.08e-08
 8.54118e+22	5.93e-01	4.07e-01	4.25e-08
 8.54603e+22	6.06e-01	3.94e-01	4.46e-08
 8.55073e+22	6.17e-01	3.83e-01	4.61e-08
 8.55538e+22	6.29e-01	3.71e-01	4.79e-08
 8.56019e+22	6.41e-01	3.59e-01	4.97e-08
 8.56504e+22	6.53e-01	3.47e-01	5.15e-08
 8.56995e+22	6.64e-01	3.36e-01	5.35e-08
 8.57486e+22	6.75e-01	3.25e-01	5.51e-08
 8.57993e+22	6.86e-01	3.14e-01	5.70e-08
 8.58523e+22	6.97e-01	3.03e-01	5.89e-08
 8.59053e+22	7.07e-01	2.93e-01	6.06e-08
 8.59588e+22	7.17e-01	2.83e-01	6.24e-08
 8.60143e+22	7.27e-01	2.73e-01	6.42e-08
 8.60718e+22	7.37e-01	2.63e-01	6.61e-08
 8.61301e+22	7.47e-01	2.53e-01	6.79e-08
 8.61895e+22	7.56e-01	2.44e-01	6.97e-08
 8.62511e+22	7.65e-01	2.35e-01	7.16e-08
 8.63146e+22	7.74e-01	2.26e-01	7.35e-08
 8.63793e+22	7.83e-01	2.17e-01	7.54e-08
 8.64454e+22	7.91e-01	2.09e-01	7.73e-08
 8.65137e+22	7.99e-01	2.01e-01	7.92e-08
 8.65843e+22	8.07e-01	1.93e-01	8.12e-08
 8.66569e+22	8.15e-01	1.85e-01	8.32e-08
 8.67311e+22	8.22e-01	1.78e-01	8.52e-08
 8.68073e+22	8.29e-01	1.71e-01	8.73e-08
 8.68859e+22	8.36e-01	1.64e-01	8.94e-08
 8.69657e+22	8.43e-01	1.57e-01	9.14e-08
 8.70462e+22	8.49e-01	1.51e-01	9.37e-08
 8.71291e+22	8.55e-01	1.45e-01	9.61e-08
 8.72138e+22	8.61e-01	1.39e-01	9.84e-08
 8.72992e+22	8.66e-01	1.34e-01	1.01e-07
 8.73851e+22	8.71e-01	1.29e-01	1.03e-07
 8.74721e+22	8.76e-01	1.24e-01	1.06e-07
 8.75607e+22	8.81e-01	1.19e-01	1.09e-07
 8.76509e+22	8.85e-01	1.15e-01	1.11e-07
 8.77438e+22	8.89e-01	1.11e-01	1.15e-07
 8.78387e+22	8.94e-01	1.06e-01	1.18e-07
 8.79348e+22	8.98e-01	1.02e-01	1.22e-07
 8.80323e+22	9.01e-01	9.86e-02	1.26e-07
 8.81329e+22	9.05e-01	9.49e-02	1.30e-07
 8.82360e+22	9.09e-01	9.13e-02	1.35e-07
 8.83374e+22	9.12e-01	8.81e-02	1.40e-07
 8.84333e+22	9.15e-01	8.52e-02	1.44e-07
 8.85218e+22	9.17e-01	8.28e-02	1.48e-07
 8.86039e+22	9.19e-01	8.05e-02	1.52e-07
 8.86798e+22	9.21e-01	7.86e-02	1.56e-07
 8.87532e+22	9.23e-01	7.67e-02	1.61e-07
 8.88270e+22	9.25e-01	7.50e-02	1.65e-07
 8.88994e+22	9.27e-01	7.30e-02	1.71e-07
 8.89672e+22	9.29e-01	7.14e-02	1.76e-07
 8.90303e+22	9.30e-01	6.99e-02	1.81e-07
 8.90938e+22	9.32e-01	6.84e-02	1.86e-07
 8.91550e+22	9.33e-01	6.70e-02	1.91e-07
 8.92128e+22	9.34e-01	6.57e-02	1.96e-07
 8.92702e+22	9.36e-01	6.44e-02	2.03e-07
 8.93253e+22	9.37e-01	6.32e-02	2.08e-07
 8.93770e+22	9.38e-01	6.20e-02	2.14e-07
 8.94277e+22	9.39e-01	6.09e-02	2.21e-07
 8.94771e+22	9.40e-01	5.98e-02	2.27e-07
 8.95236e+22	9.41e-01	5.88e-02	2.34e-07
 8.95658e+22	9.42e-01	5.79e-02	2.40e-07
 8.96043e+22	9.43e-01	5.71e-02	2.45e-07
 8.96393e+22	9.44e-01	5.64e-02	2.50e-07
 8.96712e+22	9.44e-01	5.57e-02	2.55e-07
 8.97002e+22	9.45e-01	5.51e-02	2.59e-07
 8.97266e+22	9.45e-01	5.46e-02	2.63e-07
 8.97555e+22	9.46e-01	5.39e-02	2.68e-07
 8.97867e+22	9.47e-01	5.32e-02	2.72e-07
 8.98151e+22	9.47e-01	5.26e-02	2.76e-07
 8.98409e+22	9.48e-01	5.21e-02	2.81e-07
 8.98644e+22	9.48e-01	5.18e-02	2.83e-07
 8.98902e+22	9.49e-01	5.11e-02	2.86e-07
 8.99237e+22	9.50e-01	5.03e-02	2.91e-07
 8.99599e+22	9.50e-01	4.95e-02	2.95e-07
 8.99928e+22	9.51e-01	4.88e-02	2.98e-07
 9.00227e+22	9.52e-01	4.83e-02	3.00e-07
 9.00556e+22	9.52e-01	4.77e-02	3.03e-07
 9.00910e+22	9.53e-01	4.70e-02	3.05e-07
 9.01232e+22	9.53e-01	4.65e-02	3.07e-07
 9.01526e+22	9.54e-01	4.60e-02	3.08e-07
 9.01793e+22	9.54e-01	4.57e-02	3.10e-07
 9.02085e+22	9.55e-01	4.52e-02	3.10e-07
 9.02466e+22	9.56e-01	4.44e-02	3.11e-07
 9.02876e+22	9.56e-01	4.36e-02	3.12e-07
 9.03250e+22	9.57e-01	4.31e-02	3.13e-07
 9.03590e+22	9.57e-01	4.26e-02	3.13e-07
 9.03900e+22	9.58e-01	4.22e-02	3.13e-07
 9.04181e+22	9.58e-01	4.18e-02	3.12e-07
 9.04490e+22	9.59e-01	4.13e-02	3.11e-07
 9.04823e+22	9.59e-01	4.07e-02	3.10e-07
 9.05126e+22	9.60e-01	4.02e-02	3.10e-07
 9.05402e+22	9.60e-01	3.98e-02	3.09e-07
 9.05653e+22	9.60e-01	3.96e-02	3.08e-07
 9.05928e+22	9.61e-01	3.91e-02	3.07e-07
 9.06286e+22	9.62e-01	3.85e-02	3.05e-07
 9.06672e+22	9.62e-01	3.78e-02	3.04e-07
 9.07023e+22	9.63e-01	3.73e-02	3.03e-07
 9.07343e+22	9.63e-01	3.69e-02	3.02e-07
 9.07634e+22	9.63e-01	3.66e-02	3.00e-07
 9.07898e+22	9.64e-01	3.62e-02	2.98e-07
 9.08189e+22	9.64e-01	3.58e-02	2.96e-07
 9.08502e+22	9.65e-01	3.54e-02	2.95e-07
 9.08787e+22	9.65e-01	3.50e-02	2.93e-07
 9.09099e+22	9.65e-01	3.46e-02	2.92e-07
 9.09436e+22	9.66e-01	3.41e-02	2.90e-07
 9.09743e+22	9.66e-01	3.38e-02	2.89e-07
 9.10022e+22	9.67e-01	3.34e-02	2.87e-07
 9.10276e+22	9.67e-01	3.33e-02	2.87e-07
 9.10555e+22	9.67e-01	3.29e-02	2.85e-07
 9.10917e+22	9.68e-01	3.25e-02	2.84e-07
 9.11307e+22	9.68e-01	3.20e-02	2.83e-07
 9.11663e+22	9.68e-01	3.16e-02	2.82e-07
 9.11987e+22	9.69e-01	3.14e-02	2.81e-07
 9.12341e+22	9.69e-01	3.10e-02	2.79e-07
 9.12724e+22	9.69e-01	3.06e-02	2.79e-07
 9.13072e+22	9.70e-01	3.02e-02	2.77e-07
 9.13454e+22	9.70e-01	2.98e-02	2.76e-07
 9.13866e+22	9.71e-01	2.94e-02	2.75e-07
 9.14241e+22	9.71e-01	2.90e-02	2.73e-07
 9.14582e+22	9.71e-01	2.88e-02	2.73e-07
 9.14956e+22	9.72e-01	2.84e-02	2.71e-07
 9.15360e+22	9.72e-01	2.81e-02	2.70e-07
 9.15727e+22	9.72e-01	2.77e-02	2.69e-07
 9.16062e+22	9.72e-01	2.75e-02	2.69e-07
 9.16428e+22	9.73e-01	2.72e-02	2.67e-07
 9.16823e+22	9.73e-01	2.68e-02	2.66e-07
 9.17183e+22	9.73e-01	2.66e-02	2.66e-07
 9.17578e+22	9.74e-01	2.62e-02	2.64e-07
 9.18003e+22	9.74e-01	2.59e-02	2.64e-07
 9.18391e+22	9.74e-01	2.55e-02	2.62e-07
 9.18743e+22	9.75e-01	2.54e-02	2.62e-07
 9.19130e+22	9.75e-01	2.51e-02	2.60e-07
 9.19547e+22	9.75e-01	2.47e-02	2.60e-07
 9.19926e+22	9.75e-01	2.45e-02	2.60e-07
 9.20342e+22	9.76e-01	2.42e-02	2.59e-07
 9.20791e+22	9.76e-01	2.38e-02	2.59e-07
 9.21200e+22	9.76e-01	2.36e-02	2.59e-07
 9.21647e+22	9.77e-01	2.32e-02	2.58e-07
 9.22131e+22	9.77e-01	2.29e-02	2.58e-07
 9.22571e+22	9.77e-01	2.26e-02	2.58e-07
 9.23053e+22	9.78e-01	2.23e-02	2.57e-07
 9.23573e+22	9.78e-01	2.20e-02	2.57e-07
 9.24047e+22	9.78e-01	2.17e-02	2.57e-07
 9.24565e+22	9.79e-01	2.14e-02	2.56e-07
 9.25126e+22	9.79e-01	2.10e-02	2.56e-07
 9.25548e+22	9.79e-01	2.08e-02	2.56e-07
