#depth	Si	Si+	Si+2	Si+3	Si+4	Si+5	Si+6	Si+7	Si+8	Si+9	Si+10	Si+11	Si+12	Si+13	Si+14
 4.62852e+21	0.00e+00	1.19e-26	2.36e-22	8.29e-19	5.02e-15	4.27e-12	1.09e-09	8.97e-08	3.25e-06	5.54e-05	5.61e-04	5.78e-03	1.42e-01	4.41e-01	4.10e-01
 1.04294e+22	0.00e+00	1.50e-24	1.89e-20	4.72e-17	2.79e-13	1.61e-10	2.74e-08	1.51e-06	3.70e-05	4.09e-04	2.50e-03	1.58e-02	2.42e-01	4.68e-01	2.72e-01
 1.21834e+22	0.00e+00	2.58e-23	2.45e-19	4.45e-16	2.30e-12	1.10e-09	1.53e-07	6.81e-06	1.36e-04	1.19e-03	5.46e-03	2.61e-02	3.07e-01	4.56e-01	2.04e-01
 1.30560e+22	0.00e+00	1.18e-22	9.51e-19	1.43e-15	6.98e-12	3.05e-09	3.84e-07	1.53e-05	2.75e-04	2.11e-03	8.28e-03	3.37e-02	3.44e-01	4.41e-01	1.71e-01
 1.34195e+22	0.00e+00	1.76e-22	1.35e-18	1.92e-15	9.29e-12	3.97e-09	4.89e-07	1.89e-05	3.31e-04	2.45e-03	9.22e-03	3.60e-02	3.54e-01	4.36e-01	1.63e-01
 1.35375e+22	0.00e+00	2.25e-22	1.68e-18	2.31e-15	1.11e-11	4.70e-09	5.69e-07	2.16e-05	3.71e-04	2.69e-03	9.87e-03	3.75e-02	3.60e-01	4.32e-01	1.58e-01
 1.36271e+22	0.00e+00	2.88e-22	2.08e-18	2.77e-15	1.33e-11	5.53e-09	6.60e-07	2.47e-05	4.16e-04	2.95e-03	1.05e-02	3.91e-02	3.66e-01	4.29e-01	1.53e-01
 1.37291e+22	0.00e+00	3.95e-22	2.75e-18	3.50e-15	1.67e-11	6.85e-09	8.03e-07	2.93e-05	4.83e-04	3.33e-03	1.15e-02	4.11e-02	3.73e-01	4.24e-01	1.46e-01
 1.38306e+22	0.00e+00	5.06e-22	3.41e-18	4.19e-15	1.99e-11	8.09e-09	9.34e-07	3.35e-05	5.43e-04	3.66e-03	1.23e-02	4.28e-02	3.79e-01	4.20e-01	1.41e-01
 1.39315e+22	0.00e+00	7.06e-22	4.55e-18	5.32e-15	2.52e-11	1.01e-08	1.15e-06	4.01e-05	6.35e-04	4.15e-03	1.35e-02	4.52e-02	3.87e-01	4.15e-01	1.35e-01
 1.40314e+22	0.00e+00	8.91e-22	5.58e-18	6.31e-15	2.98e-11	1.18e-08	1.32e-06	4.55e-05	7.08e-04	4.54e-03	1.44e-02	4.69e-02	3.93e-01	4.10e-01	1.31e-01
 1.41298e+22	0.00e+00	1.23e-21	7.37e-18	7.94e-15	3.75e-11	1.47e-08	1.62e-06	5.43e-05	8.25e-04	5.14e-03	1.57e-02	4.94e-02	4.00e-01	4.04e-01	1.24e-01
 1.42299e+22	0.00e+00	1.58e-21	9.14e-18	9.49e-15	4.49e-11	1.74e-08	1.89e-06	6.23e-05	9.29e-04	5.65e-03	1.68e-02	5.13e-02	4.06e-01	4.00e-01	1.20e-01
 1.43184e+22	0.00e+00	2.03e-21	1.14e-17	1.13e-14	5.37e-11	2.06e-08	2.21e-06	7.15e-05	1.05e-03	6.22e-03	1.80e-02	5.34e-02	4.11e-01	3.95e-01	1.15e-01
 1.44196e+22	0.00e+00	2.82e-21	1.50e-17	1.43e-14	6.78e-11	2.58e-08	2.71e-06	8.56e-05	1.22e-03	7.05e-03	1.97e-02	5.62e-02	4.19e-01	3.88e-01	1.09e-01
 1.45205e+22	0.00e+00	3.62e-21	1.86e-17	1.70e-14	8.10e-11	3.05e-08	3.17e-06	9.83e-05	1.38e-03	7.76e-03	2.10e-02	5.84e-02	4.24e-01	3.82e-01	1.05e-01
 1.46211e+22	0.00e+00	5.00e-21	2.46e-17	2.13e-14	1.02e-10	3.81e-08	3.89e-06	1.18e-04	1.61e-03	8.79e-03	2.30e-02	6.14e-02	4.31e-01	3.75e-01	9.96e-02
 1.47231e+22	0.00e+00	6.46e-21	3.05e-17	2.53e-14	1.22e-10	4.53e-08	4.57e-06	1.36e-04	1.82e-03	9.70e-03	2.46e-02	6.38e-02	4.36e-01	3.69e-01	9.53e-02
 1.48269e+22	0.00e+00	9.01e-21	4.05e-17	3.18e-14	1.55e-10	5.70e-08	5.65e-06	1.64e-04	2.14e-03	1.10e-02	2.69e-02	6.71e-02	4.42e-01	3.61e-01	8.98e-02
 1.49312e+22	1.61e-34	1.16e-20	5.02e-17	3.78e-14	1.86e-10	6.78e-08	6.64e-06	1.89e-04	2.41e-03	1.21e-02	2.88e-02	6.96e-02	4.47e-01	3.54e-01	8.58e-02
 1.50209e+22	2.19e-34	1.48e-20	6.18e-17	4.45e-14	2.21e-10	8.03e-08	7.77e-06	2.17e-04	2.72e-03	1.33e-02	3.08e-02	7.22e-02	4.51e-01	3.48e-01	8.19e-02
 1.51223e+22	3.25e-34	2.04e-20	8.07e-17	5.50e-14	2.77e-10	1.00e-07	9.54e-06	2.59e-04	3.17e-03	1.51e-02	3.36e-02	7.56e-02	4.57e-01	3.39e-01	7.70e-02
 1.52237e+22	4.34e-34	2.57e-20	9.82e-17	6.43e-14	3.27e-10	1.17e-07	1.11e-05	2.96e-04	3.54e-03	1.65e-02	3.57e-02	7.81e-02	4.60e-01	3.32e-01	7.35e-02
 1.53251e+22	6.38e-34	3.51e-20	1.27e-16	7.87e-14	4.07e-10	1.46e-07	1.35e-05	3.53e-04	4.11e-03	1.85e-02	3.88e-02	8.16e-02	4.64e-01	3.23e-01	6.90e-02
 1.54274e+22	8.46e-34	4.40e-20	1.54e-16	9.16e-14	4.80e-10	1.71e-07	1.57e-05	4.02e-04	4.59e-03	2.02e-02	4.12e-02	8.42e-02	4.67e-01	3.16e-01	6.58e-02
 1.55309e+22	1.23e-33	5.97e-20	1.98e-16	1.11e-13	5.95e-10	2.11e-07	1.91e-05	4.78e-04	5.31e-03	2.27e-02	4.46e-02	8.78e-02	4.70e-01	3.07e-01	6.16e-02
 1.56362e+22	1.64e-33	7.50e-20	2.40e-16	1.30e-13	7.01e-10	2.47e-07	2.22e-05	5.44e-04	5.93e-03	2.47e-02	4.73e-02	9.05e-02	4.73e-01	3.00e-01	5.85e-02
 1.57440e+22	2.37e-33	1.01e-19	3.07e-16	1.57e-13	8.65e-10	3.04e-07	2.69e-05	6.45e-04	6.83e-03	2.76e-02	5.10e-02	9.40e-02	4.75e-01	2.90e-01	5.46e-02
 1.58554e+22	3.19e-33	1.28e-19	3.75e-16	1.83e-13	1.03e-09	3.59e-07	3.15e-05	7.39e-04	7.66e-03	3.02e-02	5.43e-02	9.70e-02	4.76e-01	2.83e-01	5.16e-02
 1.59713e+22	4.64e-33	1.74e-19	4.82e-16	2.23e-13	1.27e-09	4.44e-07	3.84e-05	8.79e-04	8.84e-03	3.38e-02	5.86e-02	1.01e-01	4.77e-01	2.72e-01	4.79e-02
 1.60899e+22	6.24e-33	2.21e-19	5.88e-16	2.60e-13	1.51e-09	5.25e-07	4.49e-05	1.01e-03	9.90e-03	3.68e-02	6.21e-02	1.04e-01	4.77e-01	2.64e-01	4.51e-02
 1.61955e+22	8.30e-33	2.78e-19	7.13e-16	3.01e-13	1.78e-09	6.16e-07	5.21e-05	1.15e-03	1.10e-02	4.01e-02	6.57e-02	1.06e-01	4.77e-01	2.56e-01	4.25e-02
 1.63161e+22	1.19e-32	3.72e-19	9.08e-16	3.63e-13	2.19e-09	7.55e-07	6.30e-05	1.36e-03	1.26e-02	4.45e-02	7.05e-02	1.10e-01	4.76e-01	2.46e-01	3.92e-02
 1.64384e+22	1.58e-32	4.67e-19	1.10e-15	4.20e-13	2.57e-09	8.84e-07	7.29e-05	1.54e-03	1.40e-02	4.82e-02	7.43e-02	1.13e-01	4.74e-01	2.38e-01	3.69e-02
 1.65629e+22	2.24e-32	6.22e-19	1.39e-15	5.04e-13	3.14e-09	1.08e-06	8.78e-05	1.81e-03	1.60e-02	5.33e-02	7.93e-02	1.16e-01	4.72e-01	2.28e-01	3.40e-02
 1.66839e+22	2.87e-32	7.60e-19	1.64e-15	5.74e-13	3.62e-09	1.24e-06	9.98e-05	2.02e-03	1.75e-02	5.71e-02	8.30e-02	1.18e-01	4.69e-01	2.21e-01	3.20e-02
 1.68002e+22	3.95e-32	9.85e-19	2.04e-15	6.76e-13	4.33e-09	1.48e-06	1.18e-04	2.34e-03	1.97e-02	6.24e-02	8.78e-02	1.21e-01	4.66e-01	2.11e-01	2.96e-02
 1.69187e+22	5.04e-32	1.20e-18	2.40e-15	7.70e-13	4.98e-09	1.69e-06	1.34e-04	2.61e-03	2.15e-02	6.66e-02	9.16e-02	1.23e-01	4.62e-01	2.04e-01	2.79e-02
 1.70402e+22	6.95e-32	1.56e-18	2.98e-15	9.07e-13	5.96e-09	2.02e-06	1.58e-04	3.01e-03	2.42e-02	7.27e-02	9.68e-02	1.26e-01	4.57e-01	1.95e-01	2.56e-02
 1.71633e+22	8.84e-32	1.90e-18	3.52e-15	1.03e-12	6.83e-09	2.31e-06	1.78e-04	3.35e-03	2.63e-02	7.73e-02	1.01e-01	1.28e-01	4.53e-01	1.88e-01	2.41e-02
 1.72886e+22	1.21e-31	2.46e-18	4.35e-15	1.21e-12	8.15e-09	2.74e-06	2.09e-04	3.86e-03	2.94e-02	8.40e-02	1.06e-01	1.30e-01	4.46e-01	1.78e-01	2.21e-02
 1.74118e+22	1.51e-31	2.95e-18	5.07e-15	1.37e-12	9.24e-09	3.10e-06	2.34e-04	4.24e-03	3.17e-02	8.88e-02	1.09e-01	1.31e-01	4.42e-01	1.72e-01	2.08e-02
 1.75321e+22	2.03e-31	3.76e-18	6.19e-15	1.59e-12	1.09e-08	3.63e-06	2.71e-04	4.82e-03	3.51e-02	9.57e-02	1.14e-01	1.33e-01	4.34e-01	1.63e-01	1.91e-02
 1.76550e+22	2.54e-31	4.52e-18	7.23e-15	1.80e-12	1.23e-08	4.09e-06	3.03e-04	5.31e-03	3.78e-02	1.01e-01	1.18e-01	1.34e-01	4.28e-01	1.57e-01	1.79e-02
 1.77809e+22	3.42e-31	5.76e-18	8.84e-15	2.10e-12	1.45e-08	4.79e-06	3.51e-04	6.02e-03	4.17e-02	1.08e-01	1.23e-01	1.36e-01	4.20e-01	1.49e-01	1.63e-02
 1.79093e+22	4.29e-31	6.95e-18	1.03e-14	2.38e-12	1.64e-08	5.41e-06	3.92e-04	6.62e-03	4.49e-02	1.14e-01	1.27e-01	1.37e-01	4.13e-01	1.42e-01	1.52e-02
 1.80408e+22	5.78e-31	8.89e-18	1.27e-14	2.78e-12	1.92e-08	6.32e-06	4.53e-04	7.50e-03	4.95e-02	1.22e-01	1.32e-01	1.38e-01	4.03e-01	1.34e-01	1.38e-02
 1.81746e+22	3.57e-31	1.07e-17	1.49e-14	3.15e-12	2.18e-08	7.13e-06	5.05e-04	8.24e-03	5.32e-02	1.29e-01	1.35e-01	1.38e-01	3.95e-01	1.28e-01	1.29e-02
 1.83114e+22	4.82e-31	1.38e-17	1.83e-14	3.69e-12	2.56e-08	8.32e-06	5.83e-04	9.32e-03	5.84e-02	1.37e-01	1.40e-01	1.38e-01	3.85e-01	1.20e-01	1.16e-02
 1.84508e+22	6.08e-31	1.67e-17	2.15e-14	4.20e-12	2.90e-08	9.37e-06	6.50e-04	1.02e-02	6.26e-02	1.44e-01	1.43e-01	1.39e-01	3.76e-01	1.14e-01	1.08e-02
 1.85936e+22	8.24e-31	2.14e-17	2.65e-14	4.94e-12	3.40e-08	1.09e-05	7.48e-04	1.15e-02	6.85e-02	1.53e-01	1.48e-01	1.38e-01	3.64e-01	1.06e-01	9.69e-03
 1.87331e+22	1.02e-30	2.55e-17	3.08e-14	5.57e-12	3.81e-08	1.21e-05	8.23e-04	1.25e-02	7.28e-02	1.59e-01	1.50e-01	1.38e-01	3.56e-01	1.01e-01	9.01e-03
 1.88683e+22	1.35e-30	3.23e-17	3.75e-14	6.47e-12	4.40e-08	1.40e-05	9.36e-04	1.39e-02	7.90e-02	1.68e-01	1.54e-01	1.38e-01	3.44e-01	9.47e-02	8.12e-03
 1.90058e+22	1.67e-30	3.85e-17	4.36e-14	7.31e-12	4.92e-08	1.55e-05	1.03e-03	1.51e-02	8.37e-02	1.75e-01	1.56e-01	1.37e-01	3.35e-01	9.00e-02	7.53e-03
 1.91460e+22	2.20e-30	4.86e-17	5.30e-14	8.52e-12	5.68e-08	1.78e-05	1.17e-03	1.68e-02	9.03e-02	1.83e-01	1.60e-01	1.36e-01	3.23e-01	8.37e-02	6.77e-03
 1.92906e+22	2.76e-30	5.88e-17	6.24e-14	9.68e-12	6.39e-08	1.99e-05	1.29e-03	1.82e-02	9.60e-02	1.90e-01	1.62e-01	1.35e-01	3.12e-01	7.89e-02	6.20e-03
 1.94409e+22	3.67e-30	7.46e-17	7.64e-14	1.14e-11	7.40e-08	2.28e-05	1.46e-03	2.02e-02	1.03e-01	1.99e-01	1.64e-01	1.33e-01	3.00e-01	7.30e-02	5.55e-03
 1.95961e+22	4.67e-30	9.13e-17	9.07e-14	1.30e-11	8.37e-08	2.56e-05	1.62e-03	2.20e-02	1.10e-01	2.07e-01	1.66e-01	1.31e-01	2.89e-01	6.83e-02	5.04e-03
 1.97577e+22	6.29e-30	1.17e-16	1.12e-13	1.55e-11	9.75e-08	2.95e-05	1.83e-03	2.44e-02	1.18e-01	2.16e-01	1.68e-01	1.29e-01	2.75e-01	6.28e-02	4.47e-03
 1.99237e+22	8.06e-30	1.44e-16	1.34e-13	1.78e-11	1.11e-07	3.32e-05	2.03e-03	2.66e-02	1.25e-01	2.23e-01	1.69e-01	1.27e-01	2.64e-01	5.84e-02	4.03e-03
 2.00955e+22	1.10e-29	1.87e-16	1.68e-13	2.13e-11	1.29e-07	3.83e-05	2.31e-03	2.95e-02	1.35e-01	2.32e-01	1.71e-01	1.24e-01	2.50e-01	5.32e-02	3.53e-03
 2.02731e+22	1.42e-29	2.33e-16	2.02e-13	2.48e-11	1.47e-07	4.32e-05	2.57e-03	3.22e-02	1.43e-01	2.40e-01	1.71e-01	1.21e-01	2.38e-01	4.91e-02	3.16e-03
 2.04580e+22	1.97e-29	3.05e-16	2.56e-13	2.99e-11	1.73e-07	5.01e-05	2.92e-03	3.57e-02	1.53e-01	2.49e-01	1.71e-01	1.18e-01	2.24e-01	4.43e-02	2.74e-03
 2.06478e+22	2.58e-29	3.82e-16	3.11e-13	3.50e-11	1.98e-07	5.65e-05	3.25e-03	3.89e-02	1.62e-01	2.56e-01	1.71e-01	1.15e-01	2.12e-01	4.05e-02	2.42e-03
 2.08182e+22	3.34e-29	4.75e-16	3.76e-13	4.08e-11	2.26e-07	6.36e-05	3.59e-03	4.21e-02	1.70e-01	2.62e-01	1.70e-01	1.11e-01	2.01e-01	3.72e-02	2.15e-03
 2.10141e+22	4.70e-29	6.32e-16	4.80e-13	4.95e-11	2.66e-07	7.38e-05	4.09e-03	4.68e-02	1.82e-01	2.70e-01	1.69e-01	1.07e-01	1.86e-01	3.30e-02	1.83e-03
 2.12112e+22	6.08e-29	7.84e-16	5.79e-13	5.77e-11	3.02e-07	8.27e-05	4.51e-03	5.05e-02	1.91e-01	2.75e-01	1.68e-01	1.04e-01	1.75e-01	3.01e-02	1.62e-03
 2.14098e+22	8.50e-29	1.04e-15	7.37e-13	6.99e-11	3.55e-07	9.54e-05	5.10e-03	5.57e-02	2.03e-01	2.82e-01	1.66e-01	9.90e-02	1.62e-01	2.66e-02	1.37e-03
 2.16126e+22	1.11e-28	1.30e-15	8.95e-13	8.17e-11	4.03e-07	1.07e-04	5.63e-03	6.01e-02	2.12e-01	2.87e-01	1.63e-01	9.52e-02	1.51e-01	2.40e-02	1.19e-03
 2.18209e+22	1.57e-28	1.74e-15	1.15e-12	9.94e-11	4.73e-07	1.24e-04	6.37e-03	6.62e-02	2.24e-01	2.92e-01	1.60e-01	9.02e-02	1.38e-01	2.10e-02	9.96e-04
 2.20324e+22	2.06e-28	2.19e-15	1.40e-12	1.16e-10	5.37e-07	1.38e-04	7.02e-03	7.13e-02	2.34e-01	2.96e-01	1.57e-01	8.62e-02	1.28e-01	1.88e-02	8.59e-04
 2.22482e+22	2.94e-28	2.96e-15	1.80e-12	1.42e-10	6.30e-07	1.60e-04	7.93e-03	7.85e-02	2.47e-01	3.00e-01	1.53e-01	8.11e-02	1.16e-01	1.62e-02	7.06e-04
 2.24521e+22	3.70e-28	3.61e-15	2.14e-12	1.62e-10	7.01e-07	1.76e-04	8.59e-03	8.34e-02	2.55e-01	3.02e-01	1.49e-01	7.77e-02	1.09e-01	1.46e-02	6.19e-04
 2.26406e+22	5.02e-28	4.68e-15	2.66e-12	1.92e-10	7.99e-07	1.98e-04	9.52e-03	9.03e-02	2.66e-01	3.03e-01	1.45e-01	7.32e-02	9.88e-02	1.28e-02	5.17e-04
 2.28308e+22	6.32e-28	5.71e-15	3.15e-12	2.20e-10	8.88e-07	2.17e-04	1.03e-02	9.58e-02	2.74e-01	3.04e-01	1.41e-01	6.98e-02	9.19e-02	1.15e-02	4.51e-04
 2.30230e+22	8.59e-28	7.45e-15	3.92e-12	2.60e-10	1.01e-06	2.44e-04	1.14e-02	1.04e-01	2.85e-01	3.05e-01	1.36e-01	6.54e-02	8.30e-02	9.93e-03	3.72e-04
 2.32170e+22	1.09e-27	9.14e-15	4.66e-12	2.98e-10	1.12e-06	2.67e-04	1.23e-02	1.10e-01	2.93e-01	3.04e-01	1.32e-01	6.21e-02	7.67e-02	8.86e-03	3.21e-04
 2.34133e+22	1.48e-27	1.20e-14	5.82e-12	3.53e-10	1.27e-06	2.99e-04	1.36e-02	1.18e-01	3.03e-01	3.03e-01	1.27e-01	5.78e-02	6.88e-02	7.58e-03	2.63e-04
 2.36122e+22	1.87e-27	1.48e-14	6.94e-12	4.04e-10	1.40e-06	3.27e-04	1.46e-02	1.25e-01	3.11e-01	3.02e-01	1.22e-01	5.46e-02	6.31e-02	6.71e-03	2.24e-04
 2.38147e+22	2.56e-27	1.96e-14	8.72e-12	4.80e-10	1.59e-06	3.66e-04	1.61e-02	1.35e-01	3.21e-01	2.99e-01	1.16e-01	5.04e-02	5.60e-02	5.67e-03	1.80e-04
 2.40198e+22	3.25e-27	2.43e-14	1.04e-11	5.51e-10	1.76e-06	4.00e-04	1.74e-02	1.43e-01	3.28e-01	2.96e-01	1.12e-01	4.74e-02	5.10e-02	4.98e-03	1.53e-04
 2.42284e+22	4.46e-27	3.25e-14	1.32e-11	6.57e-10	2.00e-06	4.48e-04	1.91e-02	1.54e-01	3.37e-01	2.92e-01	1.05e-01	4.34e-02	4.49e-02	4.16e-03	1.21e-04
 2.44414e+22	5.73e-27	4.10e-14	1.60e-11	7.59e-10	2.21e-06	4.90e-04	2.07e-02	1.63e-01	3.44e-01	2.87e-01	1.00e-01	4.05e-02	4.04e-02	3.59e-03	1.00e-04
 2.46601e+22	7.91e-27	5.58e-14	2.04e-11	9.14e-10	2.52e-06	5.50e-04	2.28e-02	1.75e-01	3.52e-01	2.81e-01	9.37e-02	3.67e-02	3.51e-02	2.95e-03	7.82e-05
 2.48834e+22	1.02e-26	7.15e-14	2.49e-11	1.06e-09	2.80e-06	6.03e-04	2.46e-02	1.86e-01	3.58e-01	2.75e-01	8.85e-02	3.39e-02	3.12e-02	2.51e-03	6.37e-05
 2.51056e+22	1.40e-26	9.73e-14	3.19e-11	1.28e-09	3.18e-06	6.75e-04	2.71e-02	1.99e-01	3.64e-01	2.67e-01	8.20e-02	3.07e-02	2.69e-02	2.05e-03	4.92e-05
 2.53178e+22	1.76e-26	1.22e-13	3.83e-11	1.47e-09	3.50e-06	7.33e-04	2.90e-02	2.09e-01	3.68e-01	2.61e-01	7.75e-02	2.84e-02	2.41e-02	1.77e-03	4.07e-05
 2.55237e+22	2.36e-26	1.65e-13	4.86e-11	1.77e-09	3.97e-06	8.15e-04	3.17e-02	2.24e-01	3.72e-01	2.52e-01	7.16e-02	2.57e-02	2.08e-02	1.44e-03	3.15e-05
 2.57322e+22	2.97e-26	2.09e-13	5.88e-11	2.04e-09	4.39e-06	8.88e-04	3.39e-02	2.35e-01	3.75e-01	2.45e-01	6.71e-02	2.36e-02	1.85e-02	1.23e-03	2.57e-05
 2.59362e+22	3.92e-26	2.80e-13	7.43e-11	2.45e-09	4.97e-06	9.84e-04	3.69e-02	2.49e-01	3.78e-01	2.35e-01	6.17e-02	2.13e-02	1.59e-02	1.00e-03	2.00e-05
 2.61443e+22	4.97e-26	3.61e-13	9.11e-11	2.87e-09	5.55e-06	1.08e-03	3.96e-02	2.62e-01	3.79e-01	2.26e-01	5.73e-02	1.95e-02	1.40e-02	8.43e-04	1.60e-05
 2.63469e+22	6.39e-26	4.80e-13	1.14e-10	3.43e-09	6.28e-06	1.19e-03	4.28e-02	2.77e-01	3.80e-01	2.17e-01	5.26e-02	1.76e-02	1.21e-02	6.91e-04	1.25e-05
 2.65539e+22	8.12e-26	6.29e-13	1.42e-10	4.07e-09	7.09e-06	1.31e-03	4.61e-02	2.91e-01	3.79e-01	2.07e-01	4.83e-02	1.59e-02	1.05e-02	5.72e-04	9.88e-06
 2.67586e+22	1.04e-25	8.34e-13	1.78e-10	4.88e-09	8.06e-06	1.45e-03	4.97e-02	3.06e-01	3.78e-01	1.97e-01	4.41e-02	1.43e-02	9.01e-03	4.69e-04	7.71e-06
 2.69645e+22	1.32e-25	1.10e-12	2.23e-10	5.85e-09	9.16e-06	1.60e-03	5.35e-02	3.21e-01	3.76e-01	1.87e-01	4.02e-02	1.29e-02	7.76e-03	3.84e-04	6.03e-06
 2.71680e+22	1.67e-25	1.45e-12	2.80e-10	7.03e-09	1.04e-05	1.77e-03	5.76e-02	3.36e-01	3.72e-01	1.77e-01	3.66e-02	1.15e-02	6.67e-03	3.15e-04	4.70e-06
 2.73711e+22	2.11e-25	1.92e-12	3.51e-10	8.46e-09	1.19e-05	1.96e-03	6.19e-02	3.51e-01	3.68e-01	1.67e-01	3.32e-02	1.03e-02	5.72e-03	2.57e-04	3.67e-06
 2.75746e+22	2.68e-25	2.54e-12	4.41e-10	1.02e-08	1.37e-05	2.17e-03	6.65e-02	3.67e-01	3.63e-01	1.57e-01	3.00e-02	9.24e-03	4.89e-03	2.09e-04	2.85e-06
 2.77789e+22	3.39e-25	3.36e-12	5.54e-10	1.24e-08	1.57e-05	2.40e-03	7.13e-02	3.82e-01	3.57e-01	1.48e-01	2.71e-02	8.24e-03	4.17e-03	1.70e-04	2.21e-06
 2.79843e+22	4.30e-25	4.45e-12	6.99e-10	1.50e-08	1.81e-05	2.67e-03	7.65e-02	3.97e-01	3.51e-01	1.38e-01	2.43e-02	7.32e-03	3.54e-03	1.38e-04	1.70e-06
 2.81917e+22	5.46e-25	5.89e-12	8.82e-10	1.83e-08	2.09e-05	2.96e-03	8.21e-02	4.12e-01	3.43e-01	1.29e-01	2.18e-02	6.49e-03	3.00e-03	1.11e-04	1.31e-06
 2.84015e+22	6.98e-25	7.82e-12	1.12e-09	2.23e-08	2.41e-05	3.29e-03	8.80e-02	4.27e-01	3.35e-01	1.20e-01	1.95e-02	5.74e-03	2.54e-03	8.94e-05	1.00e-06
 2.86123e+22	8.91e-25	1.03e-11	1.41e-09	2.72e-08	2.79e-05	3.65e-03	9.41e-02	4.41e-01	3.26e-01	1.11e-01	1.74e-02	5.07e-03	2.14e-03	7.19e-05	7.68e-07
 2.88266e+22	1.15e-24	1.37e-11	1.79e-09	3.34e-08	3.25e-05	4.07e-03	1.01e-01	4.55e-01	3.16e-01	1.03e-01	1.54e-02	4.45e-03	1.79e-03	5.73e-05	5.83e-07
 2.90433e+22	1.50e-24	1.81e-11	2.26e-09	4.09e-08	3.77e-05	4.51e-03	1.08e-01	4.68e-01	3.06e-01	9.46e-02	1.37e-02	3.91e-03	1.51e-03	4.58e-05	4.44e-07
 2.92642e+22	1.97e-24	2.41e-11	2.88e-09	5.05e-08	4.41e-05	5.03e-03	1.15e-01	4.81e-01	2.95e-01	8.68e-02	1.20e-02	3.40e-03	1.25e-03	3.61e-05	3.33e-07
 2.94698e+22	2.46e-24	3.03e-11	3.50e-09	5.99e-08	5.00e-05	5.49e-03	1.21e-01	4.91e-01	2.86e-01	8.08e-02	1.08e-02	3.04e-03	1.08e-03	2.98e-05	2.64e-07
 2.96813e+22	3.27e-24	4.06e-11	4.51e-09	7.46e-08	5.88e-05	6.14e-03	1.30e-01	5.03e-01	2.74e-01	7.35e-02	9.45e-03	2.62e-03	8.83e-04	2.32e-05	1.95e-07
 2.98962e+22	4.14e-24	5.10e-11	5.49e-09	8.87e-08	6.67e-05	6.70e-03	1.37e-01	5.12e-01	2.65e-01	6.82e-02	8.48e-03	2.33e-03	7.55e-04	1.90e-05	1.53e-07
 3.01162e+22	5.62e-24	6.87e-11	7.09e-09	1.11e-07	7.88e-05	7.50e-03	1.46e-01	5.23e-01	2.52e-01	6.16e-02	7.34e-03	1.99e-03	6.14e-04	1.46e-05	0.00e+00
 3.03373e+22	7.12e-24	8.55e-11	8.58e-09	1.32e-07	8.92e-05	8.15e-03	1.53e-01	5.30e-01	2.43e-01	5.71e-02	6.58e-03	1.77e-03	5.25e-04	1.20e-05	0.00e+00
 3.05600e+22	9.71e-24	1.14e-10	1.10e-08	1.64e-07	1.05e-04	9.10e-03	1.63e-01	5.38e-01	2.30e-01	5.14e-02	5.69e-03	1.51e-03	4.27e-04	9.25e-06	0.00e+00
 3.07839e+22	1.24e-23	1.41e-10	1.33e-08	1.95e-07	1.19e-04	9.88e-03	1.71e-01	5.44e-01	2.21e-01	4.75e-02	5.09e-03	1.34e-03	3.64e-04	7.57e-06	0.00e+00
 3.10095e+22	1.70e-23	1.87e-10	1.70e-08	2.42e-07	1.40e-04	1.10e-02	1.81e-01	5.50e-01	2.09e-01	4.27e-02	4.39e-03	1.14e-03	2.95e-04	5.81e-06	0.00e+00
 3.12370e+22	2.17e-23	2.31e-10	2.05e-08	2.87e-07	1.58e-04	1.19e-02	1.89e-01	5.54e-01	2.00e-01	3.94e-02	3.92e-03	1.01e-03	2.51e-04	4.75e-06	0.00e+00
 3.14669e+22	2.98e-23	3.03e-10	2.62e-08	3.56e-07	1.85e-04	1.32e-02	2.00e-01	5.59e-01	1.88e-01	3.53e-02	3.37e-03	8.56e-04	2.03e-04	3.64e-06	0.00e+00
 3.16997e+22	3.83e-23	3.74e-10	3.16e-08	4.22e-07	2.09e-04	1.43e-02	2.09e-01	5.61e-01	1.79e-01	3.24e-02	3.00e-03	7.53e-04	1.72e-04	2.96e-06	0.00e+00
 3.19362e+22	5.28e-23	4.89e-10	4.02e-08	5.25e-07	2.45e-04	1.59e-02	2.20e-01	5.63e-01	1.68e-01	2.90e-02	2.58e-03	6.36e-04	1.39e-04	2.25e-06	0.00e+00
 3.21765e+22	6.81e-23	6.03e-10	4.86e-08	6.22e-07	2.77e-04	1.72e-02	2.29e-01	5.64e-01	1.60e-01	2.65e-02	2.29e-03	5.58e-04	1.17e-04	1.82e-06	0.00e+00
 3.24220e+22	9.47e-23	7.89e-10	6.20e-08	7.76e-07	3.26e-04	1.91e-02	2.41e-01	5.64e-01	1.49e-01	2.36e-02	1.95e-03	4.69e-04	9.36e-05	1.38e-06	0.00e+00
 3.26725e+22	1.23e-22	9.74e-10	7.51e-08	9.22e-07	3.69e-04	2.06e-02	2.51e-01	5.63e-01	1.41e-01	2.15e-02	1.72e-03	4.08e-04	7.85e-05	1.10e-06	0.00e+00
 3.29296e+22	1.72e-22	1.28e-09	9.62e-08	1.16e-06	4.35e-04	2.29e-02	2.64e-01	5.61e-01	1.31e-01	1.90e-02	1.46e-03	3.40e-04	6.22e-05	8.25e-07	0.00e+00
 3.31932e+22	2.25e-22	1.58e-09	1.17e-07	1.38e-06	4.94e-04	2.48e-02	2.74e-01	5.59e-01	1.23e-01	1.73e-02	1.28e-03	2.95e-04	5.18e-05	6.55e-07	0.00e+00
 3.34652e+22	3.19e-22	2.09e-09	1.51e-07	1.75e-06	5.85e-04	2.76e-02	2.88e-01	5.54e-01	1.13e-01	1.52e-02	1.08e-03	2.43e-04	4.05e-05	4.82e-07	0.00e+00
 3.37211e+22	4.00e-22	2.50e-09	1.78e-07	2.03e-06	6.51e-04	2.95e-02	2.96e-01	5.51e-01	1.08e-01	1.40e-02	9.65e-04	2.15e-04	3.47e-05	3.97e-07	0.00e+00
 3.39561e+22	5.35e-22	3.15e-09	2.21e-07	2.46e-06	7.49e-04	3.22e-02	3.08e-01	5.45e-01	1.00e-01	1.25e-02	8.32e-04	1.82e-04	2.82e-05	3.07e-07	0.00e+00
 3.41891e+22	6.65e-22	3.73e-09	2.59e-07	2.84e-06	8.30e-04	3.43e-02	3.17e-01	5.41e-01	9.50e-02	1.15e-02	7.47e-04	1.62e-04	2.42e-05	2.54e-07	0.00e+00
 3.44195e+22	8.78e-22	4.66e-09	3.18e-07	3.45e-06	9.53e-04	3.73e-02	3.28e-01	5.34e-01	8.82e-02	1.03e-02	6.44e-04	1.37e-04	1.97e-05	1.96e-07	0.00e+00
 3.46513e+22	1.09e-21	5.51e-09	3.72e-07	3.97e-06	1.05e-03	3.96e-02	3.37e-01	5.29e-01	8.35e-02	9.51e-03	5.78e-04	1.22e-04	1.69e-05	1.62e-07	0.00e+00
 3.48848e+22	1.43e-21	6.85e-09	4.57e-07	4.80e-06	1.20e-03	4.30e-02	3.48e-01	5.21e-01	7.75e-02	8.51e-03	5.00e-04	1.03e-04	1.38e-05	1.25e-07	0.00e+00
 3.51225e+22	1.79e-21	8.12e-09	5.35e-07	5.54e-06	1.33e-03	4.58e-02	3.57e-01	5.15e-01	7.32e-02	7.82e-03	4.47e-04	9.13e-05	1.18e-05	0.00e+00	0.00e+00
 3.53659e+22	2.37e-21	1.01e-08	6.60e-07	6.73e-06	1.53e-03	4.97e-02	3.68e-01	5.05e-01	6.75e-02	6.97e-03	3.84e-04	7.71e-05	9.51e-06	0.00e+00	0.00e+00
 3.56123e+22	2.96e-21	1.20e-08	7.75e-07	7.79e-06	1.70e-03	5.29e-02	3.77e-01	4.98e-01	6.35e-02	6.39e-03	3.42e-04	6.78e-05	8.09e-06	0.00e+00	0.00e+00
 3.58629e+22	3.92e-21	1.50e-08	9.57e-07	9.47e-06	1.95e-03	5.74e-02	3.89e-01	4.88e-01	5.85e-02	5.68e-03	2.93e-04	5.71e-05	6.51e-06	0.00e+00	0.00e+00
 3.61189e+22	4.93e-21	1.79e-08	1.13e-06	1.10e-05	2.16e-03	6.10e-02	3.97e-01	4.79e-01	5.48e-02	5.19e-03	2.60e-04	4.99e-05	5.51e-06	0.00e+00	0.00e+00
 3.63819e+22	6.57e-21	2.25e-08	1.40e-06	1.35e-05	2.49e-03	6.63e-02	4.09e-01	4.67e-01	5.01e-02	4.58e-03	2.21e-04	4.17e-05	4.39e-06	0.00e+00	0.00e+00
 3.66502e+22	8.32e-21	2.69e-08	1.66e-06	1.57e-05	2.77e-03	7.06e-02	4.18e-01	4.58e-01	4.68e-02	4.17e-03	1.95e-04	3.63e-05	3.69e-06	0.00e+00	0.00e+00
 3.69255e+22	1.12e-20	3.39e-08	2.07e-06	1.93e-05	3.21e-03	7.67e-02	4.29e-01	4.45e-01	4.25e-02	3.66e-03	1.64e-04	3.01e-05	2.91e-06	0.00e+00	0.00e+00
 3.72070e+22	1.42e-20	4.09e-08	2.47e-06	2.26e-05	3.58e-03	8.18e-02	4.38e-01	4.34e-01	3.94e-02	3.31e-03	1.44e-04	2.59e-05	2.42e-06	0.00e+00	0.00e+00
 3.74964e+22	1.93e-20	5.19e-08	3.10e-06	2.79e-05	4.14e-03	8.89e-02	4.48e-01	4.20e-01	3.57e-02	2.89e-03	1.21e-04	2.14e-05	1.90e-06	0.00e+00	0.00e+00
 3.77892e+22	2.46e-20	6.25e-08	3.70e-06	3.28e-05	4.63e-03	9.46e-02	4.56e-01	4.09e-01	3.30e-02	2.61e-03	1.06e-04	1.84e-05	1.58e-06	0.00e+00	0.00e+00
 3.80866e+22	3.34e-20	7.94e-08	4.66e-06	4.05e-05	5.36e-03	1.03e-01	4.66e-01	3.94e-01	2.97e-02	2.27e-03	8.80e-05	1.51e-05	1.23e-06	0.00e+00	0.00e+00
 3.83875e+22	4.29e-20	9.58e-08	5.56e-06	4.75e-05	5.98e-03	1.09e-01	4.73e-01	3.82e-01	2.73e-02	2.05e-03	7.67e-05	1.29e-05	1.01e-06	0.00e+00	0.00e+00
 3.86932e+22	5.83e-20	1.22e-07	7.00e-06	5.89e-05	6.92e-03	1.18e-01	4.82e-01	3.66e-01	2.44e-02	1.78e-03	6.36e-05	1.05e-05	7.84e-07	0.00e+00	0.00e+00
 3.89915e+22	7.36e-20	1.45e-07	8.26e-06	6.82e-05	7.65e-03	1.25e-01	4.88e-01	3.55e-01	2.26e-02	1.61e-03	5.59e-05	9.13e-06	6.56e-07	0.00e+00	0.00e+00
 3.92802e+22	9.78e-20	1.81e-07	1.02e-05	8.33e-05	8.76e-03	1.34e-01	4.95e-01	3.40e-01	2.03e-02	1.41e-03	4.68e-05	7.52e-06	5.14e-07	0.00e+00	0.00e+00
 3.95791e+22	1.25e-19	2.18e-07	1.22e-05	9.73e-05	9.73e-03	1.42e-01	5.00e-01	3.28e-01	1.86e-02	1.26e-03	4.07e-05	6.44e-06	4.25e-07	0.00e+00	0.00e+00
 3.98344e+22	1.55e-19	2.56e-07	1.42e-05	1.12e-04	1.07e-02	1.49e-01	5.04e-01	3.17e-01	1.72e-02	1.15e-03	3.58e-05	5.61e-06	3.57e-07	0.00e+00	0.00e+00
 4.01095e+22	2.02e-19	3.15e-07	1.73e-05	1.34e-04	1.21e-02	1.59e-01	5.09e-01	3.03e-01	1.55e-02	1.01e-03	3.03e-05	4.67e-06	2.84e-07	0.00e+00	0.00e+00
 4.03848e+22	2.49e-19	3.70e-07	2.01e-05	1.54e-04	1.33e-02	1.67e-01	5.11e-01	2.93e-01	1.43e-02	9.14e-04	2.66e-05	4.06e-06	2.38e-07	0.00e+00	0.00e+00
 4.06602e+22	3.24e-19	4.51e-07	2.43e-05	1.83e-04	1.49e-02	1.77e-01	5.14e-01	2.80e-01	1.29e-02	8.08e-04	2.26e-05	3.41e-06	1.91e-07	0.00e+00	0.00e+00
 4.09466e+22	4.06e-19	5.37e-07	2.88e-05	2.14e-04	1.65e-02	1.87e-01	5.16e-01	2.68e-01	1.18e-02	7.22e-04	1.95e-05	2.90e-06	1.56e-07	0.00e+00	0.00e+00
 4.12025e+22	5.05e-19	6.32e-07	3.36e-05	2.46e-04	1.80e-02	1.95e-01	5.18e-01	2.57e-01	1.08e-02	6.52e-04	1.71e-05	2.51e-06	1.31e-07	0.00e+00	0.00e+00
 4.14903e+22	6.61e-19	7.75e-07	4.07e-05	2.92e-04	2.02e-02	2.07e-01	5.18e-01	2.44e-01	9.69e-03	5.73e-04	1.44e-05	2.09e-06	0.00e+00	0.00e+00	0.00e+00
 4.17928e+22	8.41e-19	9.30e-07	4.84e-05	3.43e-04	2.24e-02	2.17e-01	5.18e-01	2.32e-01	8.75e-03	5.09e-04	1.23e-05	1.77e-06	0.00e+00	0.00e+00	0.00e+00
 4.20676e+22	1.06e-18	1.10e-06	5.69e-05	3.97e-04	2.47e-02	2.27e-01	5.17e-01	2.22e-01	7.95e-03	4.55e-04	1.06e-05	1.51e-06	0.00e+00	0.00e+00	0.00e+00
 4.23781e+22	1.40e-18	1.37e-06	6.97e-05	4.77e-04	2.78e-02	2.40e-01	5.15e-01	2.09e-01	7.03e-03	3.95e-04	8.81e-06	1.24e-06	0.00e+00	0.00e+00	0.00e+00
 4.26978e+22	1.79e-18	1.65e-06	8.31e-05	5.60e-04	3.08e-02	2.52e-01	5.13e-01	1.97e-01	6.30e-03	3.48e-04	7.47e-06	1.04e-06	0.00e+00	0.00e+00	0.00e+00
 4.29819e+22	2.27e-18	1.96e-06	9.79e-05	6.48e-04	3.38e-02	2.63e-01	5.10e-01	1.87e-01	5.69e-03	3.09e-04	6.41e-06	8.81e-07	0.00e+00	0.00e+00	0.00e+00
 4.33034e+22	3.03e-18	2.44e-06	1.20e-04	7.83e-04	3.81e-02	2.77e-01	5.04e-01	1.74e-01	4.97e-03	2.65e-04	5.24e-06	7.11e-07	0.00e+00	0.00e+00	0.00e+00
 4.36341e+22	3.87e-18	2.93e-06	1.43e-04	9.16e-04	4.20e-02	2.89e-01	4.99e-01	1.64e-01	4.44e-03	2.33e-04	4.42e-06	5.94e-07	0.00e+00	0.00e+00	0.00e+00
 4.39767e+22	5.26e-18	3.69e-06	1.78e-04	1.11e-03	4.75e-02	3.05e-01	4.91e-01	1.51e-01	3.83e-03	1.98e-04	3.56e-06	4.74e-07	0.00e+00	0.00e+00	0.00e+00
 4.43252e+22	6.83e-18	4.46e-06	2.12e-04	1.30e-03	5.23e-02	3.17e-01	4.84e-01	1.41e-01	3.40e-03	1.73e-04	2.99e-06	3.93e-07	0.00e+00	0.00e+00	0.00e+00
 4.46816e+22	9.33e-18	5.64e-06	2.66e-04	1.60e-03	5.94e-02	3.33e-01	4.74e-01	1.29e-01	2.89e-03	1.44e-04	2.36e-06	3.07e-07	0.00e+00	0.00e+00	0.00e+00
 4.50420e+22	1.21e-17	6.82e-06	3.17e-04	1.87e-03	6.52e-02	3.45e-01	4.65e-01	1.20e-01	2.55e-03	1.26e-04	1.97e-06	2.54e-07	0.00e+00	0.00e+00	0.00e+00
 4.54077e+22	1.67e-17	8.65e-06	3.96e-04	2.29e-03	7.37e-02	3.61e-01	4.52e-01	1.09e-01	2.16e-03	1.04e-04	1.55e-06	1.97e-07	0.00e+00	0.00e+00	0.00e+00
 4.57767e+22	2.15e-17	1.05e-05	4.72e-04	2.69e-03	8.10e-02	3.73e-01	4.40e-01	1.01e-01	1.89e-03	9.00e-05	1.28e-06	1.61e-07	0.00e+00	0.00e+00	0.00e+00
 4.61502e+22	2.98e-17	1.33e-05	5.89e-04	3.28e-03	9.10e-02	3.88e-01	4.25e-01	9.05e-02	1.59e-03	7.44e-05	9.96e-07	1.25e-07	0.00e+00	0.00e+00	0.00e+00
 4.65284e+22	3.87e-17	1.61e-05	7.05e-04	3.85e-03	1.00e-01	3.99e-01	4.12e-01	8.28e-02	1.37e-03	6.35e-05	8.11e-07	0.00e+00	0.00e+00	0.00e+00	0.00e+00
 4.69130e+22	5.41e-17	2.05e-05	8.82e-04	4.71e-03	1.12e-01	4.13e-01	3.95e-01	7.37e-02	1.14e-03	5.19e-05	6.24e-07	0.00e+00	0.00e+00	0.00e+00	0.00e+00
 4.73006e+22	7.04e-17	2.49e-05	1.05e-03	5.52e-03	1.23e-01	4.23e-01	3.80e-01	6.70e-02	9.78e-04	4.40e-05	5.05e-07	0.00e+00	0.00e+00	0.00e+00	0.00e+00
 4.76923e+22	9.88e-17	3.17e-05	1.32e-03	6.74e-03	1.37e-01	4.34e-01	3.61e-01	5.91e-02	8.04e-04	3.56e-05	3.85e-07	0.00e+00	0.00e+00	0.00e+00	0.00e+00
 4.80893e+22	1.27e-16	3.86e-05	1.57e-03	7.90e-03	1.50e-01	4.42e-01	3.45e-01	5.33e-02	6.84e-04	2.99e-05	3.08e-07	0.00e+00	0.00e+00	0.00e+00	0.00e+00
 4.84933e+22	1.80e-16	4.95e-05	1.97e-03	9.66e-03	1.67e-01	4.51e-01	3.24e-01	4.63e-02	5.54e-04	2.38e-05	2.30e-07	0.00e+00	0.00e+00	0.00e+00	0.00e+00
 4.89011e+22	2.36e-16	6.02e-05	2.34e-03	1.13e-02	1.81e-01	4.56e-01	3.07e-01	4.14e-02	4.68e-04	1.99e-05	1.83e-07	0.00e+00	0.00e+00	0.00e+00	0.00e+00
 4.93141e+22	3.39e-16	7.74e-05	2.93e-03	1.37e-02	2.00e-01	4.61e-01	2.86e-01	3.56e-02	3.75e-04	1.56e-05	1.35e-07	0.00e+00	0.00e+00	0.00e+00	0.00e+00
 4.97328e+22	4.49e-16	9.45e-05	3.50e-03	1.60e-02	2.16e-01	4.64e-01	2.68e-01	3.14e-02	3.13e-04	1.29e-05	0.00e+00	0.00e+00	0.00e+00	0.00e+00	0.00e+00
 5.00973e+22	5.90e-16	1.14e-04	4.13e-03	1.86e-02	2.33e-01	4.65e-01	2.52e-01	2.78e-02	2.62e-04	1.06e-05	0.00e+00	0.00e+00	0.00e+00	0.00e+00	0.00e+00
 5.04456e+22	7.72e-16	1.37e-04	4.84e-03	2.12e-02	2.48e-01	4.64e-01	2.37e-01	2.47e-02	2.22e-04	8.90e-06	0.00e+00	0.00e+00	0.00e+00	0.00e+00	0.00e+00
 5.07767e+22	9.90e-16	1.62e-04	5.60e-03	2.42e-02	2.64e-01	4.62e-01	2.22e-01	2.19e-02	1.88e-04	7.44e-06	0.00e+00	0.00e+00	0.00e+00	0.00e+00	0.00e+00
 5.11497e+22	1.37e-15	2.02e-04	6.76e-03	2.84e-02	2.84e-01	4.58e-01	2.04e-01	1.88e-02	1.52e-04	5.91e-06	0.00e+00	0.00e+00	0.00e+00	0.00e+00	0.00e+00
 5.15221e+22	1.78e-15	2.40e-04	7.82e-03	3.21e-02	3.00e-01	4.53e-01	1.90e-01	1.66e-02	1.28e-04	4.91e-06	0.00e+00	0.00e+00	0.00e+00	0.00e+00	0.00e+00
 5.18934e+22	2.49e-15	2.98e-04	9.38e-03	3.75e-02	3.21e-01	4.45e-01	1.73e-01	1.41e-02	1.03e-04	3.87e-06	0.00e+00	0.00e+00	0.00e+00	0.00e+00	0.00e+00
 5.22718e+22	3.29e-15	3.55e-04	1.09e-02	4.24e-02	3.38e-01	4.37e-01	1.59e-01	1.23e-02	8.54e-05	3.17e-06	0.00e+00	0.00e+00	0.00e+00	0.00e+00	0.00e+00
 5.26593e+22	4.68e-15	4.43e-04	1.30e-02	4.93e-02	3.58e-01	4.25e-01	1.43e-01	1.03e-02	6.74e-05	2.46e-06	0.00e+00	0.00e+00	0.00e+00	0.00e+00	0.00e+00
 5.30506e+22	6.27e-15	5.30e-04	1.51e-02	5.56e-02	3.75e-01	4.14e-01	1.31e-01	8.87e-03	5.55e-05	1.99e-06	0.00e+00	0.00e+00	0.00e+00	0.00e+00	0.00e+00
 5.33950e+22	8.36e-15	6.30e-04	1.74e-02	6.23e-02	3.91e-01	4.02e-01	1.19e-01	7.63e-03	4.57e-05	1.61e-06	0.00e+00	0.00e+00	0.00e+00	0.00e+00	0.00e+00
 5.37907e+22	1.21e-14	7.87e-04	2.07e-02	7.18e-02	4.10e-01	3.85e-01	1.05e-01	6.27e-03	3.55e-05	1.23e-06	0.00e+00	0.00e+00	0.00e+00	0.00e+00	0.00e+00
 5.41737e+22	1.62e-14	9.25e-04	2.36e-02	7.94e-02	4.23e-01	3.72e-01	9.53e-02	5.40e-03	2.94e-05	9.97e-07	0.00e+00	0.00e+00	0.00e+00	0.00e+00	0.00e+00
 5.44787e+22	2.11e-14	1.07e-03	2.64e-02	8.69e-02	4.35e-01	3.59e-01	8.70e-02	4.70e-03	2.46e-05	8.24e-07	0.00e+00	0.00e+00	0.00e+00	0.00e+00	0.00e+00
 5.48134e+22	2.91e-14	1.28e-03	3.04e-02	9.68e-02	4.48e-01	3.42e-01	7.74e-02	3.95e-03	1.98e-05	6.49e-07	0.00e+00	0.00e+00	0.00e+00	0.00e+00	0.00e+00
 5.51541e+22	3.82e-14	1.49e-03	3.41e-02	1.06e-01	4.58e-01	3.28e-01	6.99e-02	3.39e-03	1.64e-05	5.28e-07	0.00e+00	0.00e+00	0.00e+00	0.00e+00	0.00e+00
 5.54547e+22	5.06e-14	1.72e-03	3.81e-02	1.15e-01	4.66e-01	3.14e-01	6.33e-02	2.93e-03	1.37e-05	4.33e-07	0.00e+00	0.00e+00	0.00e+00	0.00e+00	0.00e+00
 5.57979e+22	7.25e-14	2.06e-03	4.36e-02	1.27e-01	4.75e-01	2.95e-01	5.54e-02	2.41e-03	1.08e-05	3.35e-07	0.00e+00	0.00e+00	0.00e+00	0.00e+00	0.00e+00
 5.61451e+22	9.94e-14	2.39e-03	4.87e-02	1.37e-01	4.81e-01	2.79e-01	4.94e-02	2.05e-03	8.86e-06	2.69e-07	0.00e+00	0.00e+00	0.00e+00	0.00e+00	0.00e+00
 5.64496e+22	1.32e-13	2.75e-03	5.40e-02	1.48e-01	4.85e-01	2.64e-01	4.41e-02	1.74e-03	7.29e-06	2.17e-07	0.00e+00	0.00e+00	0.00e+00	0.00e+00	0.00e+00
 5.67972e+22	2.06e-13	3.29e-03	6.16e-02	1.62e-01	4.89e-01	2.45e-01	3.79e-02	1.41e-03	5.65e-06	1.64e-07	0.00e+00	0.00e+00	0.00e+00	0.00e+00	0.00e+00
 5.71478e+22	2.77e-13	3.79e-03	6.81e-02	1.73e-01	4.90e-01	2.30e-01	3.36e-02	1.19e-03	4.62e-06	1.31e-07	0.00e+00	0.00e+00	0.00e+00	0.00e+00	0.00e+00
 5.75022e+22	4.35e-13	4.51e-03	7.71e-02	1.88e-01	4.90e-01	2.11e-01	2.86e-02	9.52e-04	3.56e-06	0.00e+00	0.00e+00	0.00e+00	0.00e+00	0.00e+00	0.00e+00
 5.78623e+22	6.71e-13	5.21e-03	8.53e-02	2.01e-01	4.88e-01	1.95e-01	2.48e-02	7.87e-04	2.84e-06	0.00e+00	0.00e+00	0.00e+00	0.00e+00	0.00e+00	0.00e+00
 5.81795e+22	9.84e-13	5.97e-03	9.37e-02	2.13e-01	4.84e-01	1.81e-01	2.17e-02	6.54e-04	2.29e-06	0.00e+00	0.00e+00	0.00e+00	0.00e+00	0.00e+00	0.00e+00
 5.85418e+22	1.80e-12	7.08e-03	1.05e-01	2.29e-01	4.77e-01	1.63e-01	1.81e-02	5.14e-04	1.74e-06	0.00e+00	0.00e+00	0.00e+00	0.00e+00	0.00e+00	0.00e+00
 5.89120e+22	3.05e-12	8.15e-03	1.15e-01	2.42e-01	4.69e-01	1.49e-01	1.55e-02	4.18e-04	1.37e-06	0.00e+00	0.00e+00	0.00e+00	0.00e+00	0.00e+00	0.00e+00
 5.92924e+22	6.04e-12	9.63e-03	1.29e-01	2.58e-01	4.58e-01	1.33e-01	1.27e-02	3.23e-04	1.02e-06	0.00e+00	0.00e+00	0.00e+00	0.00e+00	0.00e+00	0.00e+00
 5.96803e+22	1.62e-11	1.12e-02	1.41e-01	2.71e-01	4.46e-01	1.19e-01	1.06e-02	2.56e-04	7.80e-07	0.00e+00	0.00e+00	0.00e+00	0.00e+00	0.00e+00	0.00e+00
 6.00187e+22	4.46e-11	1.27e-02	1.53e-01	2.83e-01	4.34e-01	1.08e-01	9.01e-03	2.06e-04	6.10e-07	0.00e+00	0.00e+00	0.00e+00	0.00e+00	0.00e+00	0.00e+00
 6.03993e+22	1.24e-10	1.49e-02	1.69e-01	2.97e-01	4.17e-01	9.42e-02	7.25e-03	1.56e-04	4.45e-07	0.00e+00	0.00e+00	0.00e+00	0.00e+00	0.00e+00	0.00e+00
 6.07942e+22	2.55e-10	1.71e-02	1.84e-01	3.08e-01	4.01e-01	8.34e-02	5.97e-03	1.22e-04	3.37e-07	0.00e+00	0.00e+00	0.00e+00	0.00e+00	0.00e+00	0.00e+00
 6.12078e+22	7.58e-10	2.04e-02	2.03e-01	3.21e-01	3.80e-01	7.09e-02	4.63e-03	8.84e-05	2.35e-07	0.00e+00	0.00e+00	0.00e+00	0.00e+00	0.00e+00	0.00e+00
 6.16222e+22	1.28e-09	2.31e-02	2.18e-01	3.30e-01	3.62e-01	6.23e-02	3.79e-03	6.88e-05	1.77e-07	0.00e+00	0.00e+00	0.00e+00	0.00e+00	0.00e+00	0.00e+00
 6.20374e+22	2.96e-09	2.71e-02	2.38e-01	3.40e-01	3.39e-01	5.24e-02	2.91e-03	4.96e-05	1.23e-07	0.00e+00	0.00e+00	0.00e+00	0.00e+00	0.00e+00	0.00e+00
 6.24032e+22	5.54e-09	3.00e-02	2.51e-01	3.45e-01	3.25e-01	4.70e-02	2.46e-03	4.04e-05	0.00e+00	0.00e+00	0.00e+00	0.00e+00	0.00e+00	0.00e+00	0.00e+00
 6.26641e+22	1.41e-08	3.25e-02	2.61e-01	3.49e-01	3.12e-01	4.26e-02	2.13e-03	3.37e-05	0.00e+00	0.00e+00	0.00e+00	0.00e+00	0.00e+00	0.00e+00	0.00e+00
 6.29628e+22	2.70e-08	3.62e-02	2.76e-01	3.54e-01	2.95e-01	3.73e-02	1.75e-03	2.64e-05	0.00e+00	0.00e+00	0.00e+00	0.00e+00	0.00e+00	0.00e+00	0.00e+00
 6.32735e+22	5.53e-08	3.97e-02	2.88e-01	3.57e-01	2.80e-01	3.32e-02	1.47e-03	2.14e-05	0.00e+00	0.00e+00	0.00e+00	0.00e+00	0.00e+00	0.00e+00	0.00e+00
 6.35997e+22	1.39e-07	4.46e-02	3.04e-01	3.59e-01	2.62e-01	2.85e-02	1.17e-03	1.63e-05	0.00e+00	0.00e+00	0.00e+00	0.00e+00	0.00e+00	0.00e+00	0.00e+00
 6.39262e+22	2.87e-07	4.87e-02	3.17e-01	3.60e-01	2.48e-01	2.52e-02	9.77e-04	1.31e-05	0.00e+00	0.00e+00	0.00e+00	0.00e+00	0.00e+00	0.00e+00	0.00e+00
 6.42531e+22	4.21e-07	5.45e-02	3.33e-01	3.60e-01	2.30e-01	2.14e-02	7.73e-04	9.87e-06	0.00e+00	0.00e+00	0.00e+00	0.00e+00	0.00e+00	0.00e+00	0.00e+00
 6.45830e+22	5.45e-07	5.94e-02	3.45e-01	3.60e-01	2.17e-01	1.88e-02	6.41e-04	7.88e-06	0.00e+00	0.00e+00	0.00e+00	0.00e+00	0.00e+00	0.00e+00	0.00e+00
 6.49167e+22	7.14e-07	6.59e-02	3.60e-01	3.58e-01	2.00e-01	1.60e-02	5.06e-04	5.95e-06	0.00e+00	0.00e+00	0.00e+00	0.00e+00	0.00e+00	0.00e+00	0.00e+00
 6.52606e+22	9.18e-07	7.21e-02	3.72e-01	3.55e-01	1.87e-01	1.38e-02	4.11e-04	4.64e-06	0.00e+00	0.00e+00	0.00e+00	0.00e+00	0.00e+00	0.00e+00	0.00e+00
 6.55695e+22	1.15e-06	7.88e-02	3.84e-01	3.52e-01	1.74e-01	1.19e-02	3.35e-04	3.64e-06	0.00e+00	0.00e+00	0.00e+00	0.00e+00	0.00e+00	0.00e+00	0.00e+00
 6.59227e+22	1.50e-06	8.77e-02	3.98e-01	3.46e-01	1.58e-01	9.88e-03	2.56e-04	2.66e-06	0.00e+00	0.00e+00	0.00e+00	0.00e+00	0.00e+00	0.00e+00	0.00e+00
 6.62809e+22	1.81e-06	9.53e-02	4.08e-01	3.41e-01	1.47e-01	8.48e-03	2.07e-04	2.07e-06	0.00e+00	0.00e+00	0.00e+00	0.00e+00	0.00e+00	0.00e+00	0.00e+00
 6.66454e+22	2.27e-06	1.06e-01	4.21e-01	3.34e-01	1.33e-01	6.98e-03	1.58e-04	1.50e-06	0.00e+00	0.00e+00	0.00e+00	0.00e+00	0.00e+00	0.00e+00	0.00e+00
 6.70229e+22	2.77e-06	1.15e-01	4.31e-01	3.26e-01	1.21e-01	5.87e-03	1.24e-04	1.13e-06	0.00e+00	0.00e+00	0.00e+00	0.00e+00	0.00e+00	0.00e+00	0.00e+00
 6.74172e+22	3.48e-06	1.29e-01	4.42e-01	3.16e-01	1.08e-01	4.70e-03	9.14e-05	7.94e-07	0.00e+00	0.00e+00	0.00e+00	0.00e+00	0.00e+00	0.00e+00	0.00e+00
 6.78144e+22	4.18e-06	1.40e-01	4.50e-01	3.07e-01	9.82e-02	3.92e-03	7.14e-05	5.96e-07	0.00e+00	0.00e+00	0.00e+00	0.00e+00	0.00e+00	0.00e+00	0.00e+00
 6.82154e+22	5.17e-06	1.56e-01	4.59e-01	2.96e-01	8.67e-02	3.11e-03	5.21e-05	4.13e-07	0.00e+00	0.00e+00	0.00e+00	0.00e+00	0.00e+00	0.00e+00	0.00e+00
 6.86231e+22	6.10e-06	1.69e-01	4.65e-01	2.86e-01	7.83e-02	2.58e-03	4.04e-05	3.08e-07	0.00e+00	0.00e+00	0.00e+00	0.00e+00	0.00e+00	0.00e+00	0.00e+00
 6.90393e+22	7.48e-06	1.87e-01	4.70e-01	2.72e-01	6.84e-02	2.02e-03	2.91e-05	2.10e-07	0.00e+00	0.00e+00	0.00e+00	0.00e+00	0.00e+00	0.00e+00	0.00e+00
 6.94619e+22	8.80e-06	2.03e-01	4.73e-01	2.61e-01	6.12e-02	1.65e-03	2.23e-05	1.54e-07	0.00e+00	0.00e+00	0.00e+00	0.00e+00	0.00e+00	0.00e+00	0.00e+00
 6.98930e+22	1.07e-05	2.24e-01	4.75e-01	2.47e-01	5.28e-02	1.27e-03	1.58e-05	0.00e+00	0.00e+00	0.00e+00	0.00e+00	0.00e+00	0.00e+00	0.00e+00	0.00e+00
 7.03313e+22	1.25e-05	2.42e-01	4.74e-01	2.35e-01	4.69e-02	1.03e-03	1.20e-05	0.00e+00	0.00e+00	0.00e+00	0.00e+00	0.00e+00	0.00e+00	0.00e+00	0.00e+00
 7.07790e+22	1.51e-05	2.66e-01	4.72e-01	2.20e-01	4.00e-02	7.86e-04	8.38e-06	0.00e+00	0.00e+00	0.00e+00	0.00e+00	0.00e+00	0.00e+00	0.00e+00	0.00e+00
 7.12357e+22	1.76e-05	2.88e-01	4.68e-01	2.08e-01	3.51e-02	6.26e-04	6.24e-06	0.00e+00	0.00e+00	0.00e+00	0.00e+00	0.00e+00	0.00e+00	0.00e+00	0.00e+00
 7.17040e+22	2.12e-05	3.16e-01	4.61e-01	1.93e-01	2.95e-02	4.68e-04	4.28e-06	0.00e+00	0.00e+00	0.00e+00	0.00e+00	0.00e+00	0.00e+00	0.00e+00	0.00e+00
 7.21837e+22	2.46e-05	3.40e-01	4.53e-01	1.81e-01	2.55e-02	3.69e-04	3.16e-06	0.00e+00	0.00e+00	0.00e+00	0.00e+00	0.00e+00	0.00e+00	0.00e+00	0.00e+00
 7.26781e+22	2.97e-05	3.73e-01	4.41e-01	1.65e-01	2.10e-02	2.69e-04	2.10e-06	0.00e+00	0.00e+00	0.00e+00	0.00e+00	0.00e+00	0.00e+00	0.00e+00	0.00e+00
 7.31829e+22	3.42e-05	4.00e-01	4.29e-01	1.53e-01	1.80e-02	2.10e-04	1.53e-06	0.00e+00	0.00e+00	0.00e+00	0.00e+00	0.00e+00	0.00e+00	0.00e+00	0.00e+00
 7.37012e+22	4.12e-05	4.37e-01	4.11e-01	1.38e-01	1.45e-02	1.50e-04	9.95e-07	0.00e+00	0.00e+00	0.00e+00	0.00e+00	0.00e+00	0.00e+00	0.00e+00	0.00e+00
 7.42360e+22	4.77e-05	4.67e-01	3.94e-01	1.26e-01	1.22e-02	1.14e-04	7.06e-07	0.00e+00	0.00e+00	0.00e+00	0.00e+00	0.00e+00	0.00e+00	0.00e+00	0.00e+00
 7.47921e+22	5.74e-05	5.08e-01	3.70e-01	1.12e-01	9.51e-03	7.96e-05	4.43e-07	0.00e+00	0.00e+00	0.00e+00	0.00e+00	0.00e+00	0.00e+00	0.00e+00	0.00e+00
 7.53700e+22	6.68e-05	5.43e-01	3.49e-01	1.00e-01	7.74e-03	5.91e-05	3.02e-07	0.00e+00	0.00e+00	0.00e+00	0.00e+00	0.00e+00	0.00e+00	0.00e+00	0.00e+00
 7.59764e+22	8.06e-05	5.88e-01	3.19e-01	8.69e-02	5.82e-03	3.97e-05	1.80e-07	0.00e+00	0.00e+00	0.00e+00	0.00e+00	0.00e+00	0.00e+00	0.00e+00	0.00e+00
 7.65989e+22	9.39e-05	6.26e-01	2.92e-01	7.69e-02	4.58e-03	2.88e-05	0.00e+00	0.00e+00	0.00e+00	0.00e+00	0.00e+00	0.00e+00	0.00e+00	0.00e+00	0.00e+00
 7.70830e+22	1.04e-04	6.52e-01	2.74e-01	7.02e-02	3.84e-03	2.30e-05	0.00e+00	0.00e+00	0.00e+00	0.00e+00	0.00e+00	0.00e+00	0.00e+00	0.00e+00	0.00e+00
 7.75530e+22	1.19e-04	6.85e-01	2.50e-01	6.21e-02	3.02e-03	1.70e-05	0.00e+00	0.00e+00	0.00e+00	0.00e+00	0.00e+00	0.00e+00	0.00e+00	0.00e+00	0.00e+00
 7.80365e+22	1.33e-04	7.14e-01	2.28e-01	5.57e-02	2.44e-03	1.31e-05	0.00e+00	0.00e+00	0.00e+00	0.00e+00	0.00e+00	0.00e+00	0.00e+00	0.00e+00	0.00e+00
 7.85375e+22	1.52e-04	7.48e-01	2.02e-01	4.83e-02	1.84e-03	9.49e-06	0.00e+00	0.00e+00	0.00e+00	0.00e+00	0.00e+00	0.00e+00	0.00e+00	0.00e+00	0.00e+00
 7.90494e+22	1.69e-04	7.75e-01	1.80e-01	4.27e-02	1.45e-03	7.27e-06	0.00e+00	0.00e+00	0.00e+00	0.00e+00	0.00e+00	0.00e+00	0.00e+00	0.00e+00	0.00e+00
 7.95755e+22	1.92e-04	8.08e-01	1.54e-01	3.63e-02	1.05e-03	5.17e-06	0.00e+00	0.00e+00	0.00e+00	0.00e+00	0.00e+00	0.00e+00	0.00e+00	0.00e+00	0.00e+00
 8.00618e+22	2.09e-04	8.30e-01	1.37e-01	3.23e-02	8.29e-04	4.09e-06	0.00e+00	0.00e+00	0.00e+00	0.00e+00	0.00e+00	0.00e+00	0.00e+00	0.00e+00	0.00e+00
 8.04285e+22	2.25e-04	8.48e-01	1.22e-01	2.89e-02	6.66e-04	3.30e-06	0.00e+00	0.00e+00	0.00e+00	0.00e+00	0.00e+00	0.00e+00	0.00e+00	0.00e+00	0.00e+00
 8.08372e+22	2.45e-04	8.69e-01	1.05e-01	2.50e-02	5.02e-04	2.52e-06	0.00e+00	0.00e+00	0.00e+00	0.00e+00	0.00e+00	0.00e+00	0.00e+00	0.00e+00	0.00e+00
 8.12706e+22	2.64e-04	8.87e-01	9.05e-02	2.16e-02	3.79e-04	1.95e-06	0.00e+00	0.00e+00	0.00e+00	0.00e+00	0.00e+00	0.00e+00	0.00e+00	0.00e+00	0.00e+00
 8.16661e+22	2.81e-04	9.03e-01	7.79e-02	1.86e-02	2.87e-04	1.52e-06	0.00e+00	0.00e+00	0.00e+00	0.00e+00	0.00e+00	0.00e+00	0.00e+00	0.00e+00	0.00e+00
 8.20482e+22	2.97e-04	9.17e-01	6.67e-02	1.59e-02	2.15e-04	1.17e-06	0.00e+00	0.00e+00	0.00e+00	0.00e+00	0.00e+00	0.00e+00	0.00e+00	0.00e+00	0.00e+00
 8.24134e+22	3.10e-04	9.29e-01	5.70e-02	1.35e-02	1.61e-04	9.10e-07	0.00e+00	0.00e+00	0.00e+00	0.00e+00	0.00e+00	0.00e+00	0.00e+00	0.00e+00	0.00e+00
 8.27498e+22	3.20e-04	9.39e-01	4.90e-02	1.14e-02	1.21e-04	7.11e-07	0.00e+00	0.00e+00	0.00e+00	0.00e+00	0.00e+00	0.00e+00	0.00e+00	0.00e+00	0.00e+00
 8.30568e+22	3.26e-04	9.48e-01	4.20e-02	9.62e-03	9.16e-05	5.58e-07	0.00e+00	0.00e+00	0.00e+00	0.00e+00	0.00e+00	0.00e+00	0.00e+00	0.00e+00	0.00e+00
 8.33370e+22	3.30e-04	9.55e-01	3.61e-02	8.10e-03	6.98e-05	4.41e-07	0.00e+00	0.00e+00	0.00e+00	0.00e+00	0.00e+00	0.00e+00	0.00e+00	0.00e+00	0.00e+00
 8.35912e+22	3.29e-04	9.62e-01	3.11e-02	6.84e-03	5.40e-05	3.53e-07	0.00e+00	0.00e+00	0.00e+00	0.00e+00	0.00e+00	0.00e+00	0.00e+00	0.00e+00	0.00e+00
 8.38230e+22	3.26e-04	9.67e-01	2.65e-02	5.78e-03	4.21e-05	2.84e-07	0.00e+00	0.00e+00	0.00e+00	0.00e+00	0.00e+00	0.00e+00	0.00e+00	0.00e+00	0.00e+00
 8.40348e+22	3.21e-04	9.72e-01	2.26e-02	4.91e-03	3.34e-05	2.33e-07	0.00e+00	0.00e+00	0.00e+00	0.00e+00	0.00e+00	0.00e+00	0.00e+00	0.00e+00	0.00e+00
 8.41677e+22	3.13e-04	9.75e-01	2.05e-02	4.49e-03	2.93e-05	2.08e-07	0.00e+00	0.00e+00	0.00e+00	0.00e+00	0.00e+00	0.00e+00	0.00e+00	0.00e+00	0.00e+00
 8.42173e+22	3.11e-04	9.76e-01	1.98e-02	4.33e-03	2.79e-05	1.99e-07	0.00e+00	0.00e+00	0.00e+00	0.00e+00	0.00e+00	0.00e+00	0.00e+00	0.00e+00	0.00e+00
 8.42575e+22	3.09e-04	9.76e-01	1.90e-02	4.18e-03	2.66e-05	1.91e-07	0.00e+00	0.00e+00	0.00e+00	0.00e+00	0.00e+00	0.00e+00	0.00e+00	0.00e+00	0.00e+00
 8.43098e+22	3.07e-04	9.77e-01	1.82e-02	4.00e-03	2.51e-05	1.81e-07	0.00e+00	0.00e+00	0.00e+00	0.00e+00	0.00e+00	0.00e+00	0.00e+00	0.00e+00	0.00e+00
