#depth	N	N+	N+2	N+3	N+4	N+5	N+6	N+7
 4.62852e+21	0.00e+00	0.00e+00	2.18e-24	6.57e-19	7.07e-14	1.83e-08	2.76e-04	1.00e+00
 1.05322e+22	0.00e+00	6.37e-30	1.32e-23	2.81e-18	2.13e-13	3.78e-08	3.94e-04	1.00e+00
 1.26669e+22	0.00e+00	2.64e-29	4.34e-23	7.42e-18	4.47e-13	6.14e-08	5.00e-04	9.99e-01
 1.42143e+22	0.00e+00	8.27e-29	1.13e-22	1.61e-17	8.08e-13	9.03e-08	6.04e-04	9.99e-01
 1.50740e+22	0.00e+00	1.10e-28	1.44e-22	1.96e-17	9.38e-13	9.96e-08	6.34e-04	9.99e-01
 1.54694e+22	0.00e+00	1.60e-28	1.96e-22	2.52e-17	1.14e-12	1.13e-07	6.74e-04	9.99e-01
 1.58569e+22	0.00e+00	2.09e-28	2.46e-22	3.03e-17	1.31e-12	1.24e-07	7.05e-04	9.99e-01
 1.62340e+22	0.00e+00	2.91e-28	3.25e-22	3.79e-17	1.56e-12	1.39e-07	7.45e-04	9.99e-01
 1.66311e+22	0.00e+00	3.98e-28	4.23e-22	4.69e-17	1.83e-12	1.54e-07	7.84e-04	9.99e-01
 1.69839e+22	0.00e+00	5.29e-28	5.37e-22	5.70e-17	2.13e-12	1.70e-07	8.22e-04	9.99e-01
 1.73204e+22	0.00e+00	6.99e-28	6.79e-22	6.89e-17	2.46e-12	1.87e-07	8.61e-04	9.99e-01
 1.77062e+22	0.00e+00	9.87e-28	9.08e-22	8.73e-17	2.95e-12	2.10e-07	9.12e-04	9.99e-01
 1.81030e+22	0.00e+00	1.33e-27	1.17e-21	1.07e-16	3.45e-12	2.33e-07	9.58e-04	9.99e-01
 1.84558e+22	0.00e+00	1.78e-27	1.49e-21	1.30e-16	4.01e-12	2.57e-07	1.01e-03	9.99e-01
 1.87995e+22	0.00e+00	2.34e-27	1.88e-21	1.58e-16	4.65e-12	2.83e-07	1.05e-03	9.99e-01
 1.91128e+22	0.00e+00	2.99e-27	2.31e-21	1.87e-16	5.29e-12	3.07e-07	1.10e-03	9.99e-01
 1.94436e+22	0.00e+00	3.97e-27	2.93e-21	2.27e-16	6.15e-12	3.39e-07	1.15e-03	9.99e-01
 1.97922e+22	0.00e+00	5.21e-27	3.68e-21	2.73e-16	7.08e-12	3.71e-07	1.20e-03	9.99e-01
 2.01001e+22	0.00e+00	6.63e-27	4.51e-21	3.23e-16	8.06e-12	4.04e-07	1.25e-03	9.99e-01
 2.04363e+22	0.00e+00	8.88e-27	5.76e-21	3.94e-16	9.42e-12	4.47e-07	1.32e-03	9.99e-01
 2.07826e+22	0.00e+00	1.16e-26	7.20e-21	4.73e-16	1.08e-11	4.90e-07	1.38e-03	9.99e-01
 2.10801e+22	0.00e+00	1.47e-26	8.80e-21	5.57e-16	1.23e-11	5.32e-07	1.43e-03	9.99e-01
 2.14051e+22	0.00e+00	1.94e-26	1.11e-20	6.76e-16	1.43e-11	5.86e-07	1.50e-03	9.98e-01
 2.17511e+22	0.00e+00	2.54e-26	1.40e-20	8.13e-16	1.64e-11	6.42e-07	1.57e-03	9.98e-01
 2.20568e+22	0.00e+00	3.23e-26	1.71e-20	9.60e-16	1.87e-11	6.98e-07	1.63e-03	9.98e-01
 2.23250e+22	1.98e-33	4.00e-26	2.05e-20	1.11e-15	2.09e-11	7.52e-07	1.69e-03	9.98e-01
 2.26124e+22	2.62e-33	5.10e-26	2.51e-20	1.31e-15	2.38e-11	8.18e-07	1.76e-03	9.98e-01
 2.29211e+22	3.46e-33	6.48e-26	3.07e-20	1.55e-15	2.70e-11	8.88e-07	1.84e-03	9.98e-01
 2.32000e+22	4.46e-33	8.07e-26	3.69e-20	1.80e-15	3.04e-11	9.58e-07	1.90e-03	9.98e-01
 2.35050e+22	6.05e-33	1.05e-25	4.61e-20	2.16e-15	3.50e-11	1.05e-06	1.99e-03	9.98e-01
 2.38237e+22	8.07e-33	1.34e-25	5.68e-20	2.56e-15	3.98e-11	1.14e-06	2.07e-03	9.98e-01
 2.40948e+22	1.04e-32	1.67e-25	6.80e-20	2.96e-15	4.45e-11	1.23e-06	2.15e-03	9.98e-01
 2.43822e+22	1.38e-32	2.13e-25	8.37e-20	3.51e-15	5.09e-11	1.34e-06	2.24e-03	9.98e-01
 2.46887e+22	1.82e-32	2.70e-25	1.02e-19	4.13e-15	5.77e-11	1.46e-06	2.33e-03	9.98e-01
 2.49652e+22	2.34e-32	3.36e-25	1.23e-19	4.80e-15	6.47e-11	1.57e-06	2.42e-03	9.98e-01
 2.52144e+22	2.94e-32	4.10e-25	1.45e-19	5.50e-15	7.18e-11	1.68e-06	2.50e-03	9.97e-01
 2.54465e+22	3.64e-32	4.92e-25	1.69e-19	6.24e-15	7.93e-11	1.79e-06	2.58e-03	9.97e-01
 2.57120e+22	4.70e-32	6.14e-25	2.04e-19	7.27e-15	8.93e-11	1.94e-06	2.68e-03	9.97e-01
 2.59972e+22	6.09e-32	7.67e-25	2.46e-19	8.46e-15	1.00e-10	2.09e-06	2.78e-03	9.97e-01
 2.62545e+22	7.72e-32	9.41e-25	2.92e-19	9.73e-15	1.12e-10	2.25e-06	2.88e-03	9.97e-01
 2.64985e+22	9.73e-32	1.15e-24	3.45e-19	1.12e-14	1.24e-10	2.41e-06	2.97e-03	9.97e-01
 2.67393e+22	1.21e-31	1.39e-24	4.05e-19	1.27e-14	1.38e-10	2.58e-06	3.07e-03	9.97e-01
 2.70126e+22	1.59e-31	1.75e-24	4.92e-19	1.49e-14	1.56e-10	2.79e-06	3.19e-03	9.97e-01
 2.72976e+22	2.06e-31	2.19e-24	5.93e-19	1.74e-14	1.75e-10	3.02e-06	3.32e-03	9.97e-01
 2.75427e+22	2.56e-31	2.64e-24	6.96e-19	1.98e-14	1.94e-10	3.23e-06	3.43e-03	9.97e-01
 2.78059e+22	3.33e-31	3.31e-24	8.40e-19	2.31e-14	2.18e-10	3.49e-06	3.56e-03	9.96e-01
 2.80887e+22	4.29e-31	4.11e-24	1.01e-18	2.68e-14	2.45e-10	3.77e-06	3.69e-03	9.96e-01
 2.83349e+22	5.36e-31	4.98e-24	1.18e-18	3.06e-14	2.71e-10	4.03e-06	3.82e-03	9.96e-01
 2.85574e+22	6.59e-31	5.95e-24	1.38e-18	3.46e-14	2.98e-10	4.29e-06	3.93e-03	9.96e-01
 2.88113e+22	8.42e-31	7.35e-24	1.64e-18	4.00e-14	3.34e-10	4.62e-06	4.08e-03	9.96e-01
 2.90866e+22	1.08e-30	9.11e-24	1.97e-18	4.62e-14	3.73e-10	4.98e-06	4.23e-03	9.96e-01
 2.93385e+22	1.36e-30	1.11e-23	2.32e-18	5.30e-14	4.14e-10	5.34e-06	4.38e-03	9.96e-01
 2.96144e+22	1.79e-30	1.41e-23	2.83e-18	6.23e-14	4.70e-10	5.80e-06	4.56e-03	9.95e-01
 2.98897e+22	2.29e-30	1.73e-23	3.37e-18	7.17e-14	5.23e-10	6.24e-06	4.72e-03	9.95e-01
 3.01147e+22	2.82e-30	2.07e-23	3.91e-18	8.10e-14	5.74e-10	6.64e-06	4.87e-03	9.95e-01
 3.03575e+22	3.58e-30	2.54e-23	4.65e-18	9.32e-14	6.40e-10	7.14e-06	5.05e-03	9.95e-01
 3.06225e+22	4.57e-30	3.13e-23	5.53e-18	1.07e-13	7.13e-10	7.68e-06	5.23e-03	9.95e-01
 3.08690e+22	5.71e-30	3.79e-23	6.49e-18	1.22e-13	7.88e-10	8.22e-06	5.41e-03	9.95e-01
 3.11420e+22	7.50e-30	4.79e-23	7.89e-18	1.43e-13	8.91e-10	8.92e-06	5.63e-03	9.94e-01
 3.14145e+22	9.59e-30	5.90e-23	9.39e-18	1.65e-13	9.90e-10	9.59e-06	5.85e-03	9.94e-01
 3.16361e+22	1.17e-29	7.01e-23	1.09e-17	1.85e-13	1.08e-09	1.02e-05	6.02e-03	9.94e-01
 3.18737e+22	1.50e-29	8.63e-23	1.29e-17	2.13e-13	1.21e-09	1.10e-05	6.25e-03	9.94e-01
 3.21304e+22	1.89e-29	1.05e-22	1.52e-17	2.43e-13	1.33e-09	1.18e-05	6.47e-03	9.94e-01
 3.23719e+22	2.37e-29	1.28e-22	1.78e-17	2.77e-13	1.47e-09	1.26e-05	6.69e-03	9.93e-01
 3.26459e+22	3.17e-29	1.64e-22	2.19e-17	3.27e-13	1.67e-09	1.37e-05	6.99e-03	9.93e-01
 3.29091e+22	3.97e-29	1.98e-22	2.57e-17	3.71e-13	1.83e-09	1.47e-05	7.24e-03	9.93e-01
 3.31210e+22	4.87e-29	2.35e-22	2.97e-17	4.17e-13	2.00e-09	1.56e-05	7.46e-03	9.93e-01
 3.33590e+22	6.27e-29	2.92e-22	3.54e-17	4.80e-13	2.22e-09	1.68e-05	7.75e-03	9.92e-01
 3.36108e+22	7.86e-29	3.53e-22	4.14e-17	5.44e-13	2.44e-09	1.79e-05	8.02e-03	9.92e-01
 3.38450e+22	9.90e-29	4.29e-22	4.86e-17	6.18e-13	2.68e-09	1.92e-05	8.31e-03	9.92e-01
 3.40775e+22	1.25e-28	5.21e-22	5.71e-17	7.02e-13	2.95e-09	2.05e-05	8.60e-03	9.91e-01
 3.42999e+22	1.55e-28	6.26e-22	6.63e-17	7.91e-13	3.22e-09	2.18e-05	8.89e-03	9.91e-01
 3.45112e+22	1.91e-28	7.47e-22	7.67e-17	8.87e-13	3.50e-09	2.32e-05	9.18e-03	9.91e-01
 3.47515e+22	2.50e-28	9.36e-22	9.22e-17	1.03e-12	3.89e-09	2.50e-05	9.56e-03	9.90e-01
 3.49962e+22	3.12e-28	1.13e-21	1.07e-16	1.16e-12	4.26e-09	2.67e-05	9.89e-03	9.90e-01
 3.52468e+22	4.15e-28	1.43e-21	1.31e-16	1.35e-12	4.75e-09	2.90e-05	1.03e-02	9.90e-01
 3.54979e+22	5.27e-28	1.75e-21	1.54e-16	1.53e-12	5.20e-09	3.10e-05	1.07e-02	9.89e-01
 3.57032e+22	6.51e-28	2.09e-21	1.77e-16	1.71e-12	5.63e-09	3.29e-05	1.11e-02	9.89e-01
 3.59234e+22	8.31e-28	2.56e-21	2.09e-16	1.95e-12	6.18e-09	3.53e-05	1.15e-02	9.88e-01
 3.61567e+22	1.05e-27	3.12e-21	2.46e-16	2.21e-12	6.75e-09	3.77e-05	1.19e-02	9.88e-01
 3.63658e+22	1.31e-27	3.74e-21	2.85e-16	2.47e-12	7.31e-09	4.00e-05	1.23e-02	9.88e-01
 3.65963e+22	1.73e-27	4.73e-21	3.43e-16	2.86e-12	8.09e-09	4.33e-05	1.29e-02	9.87e-01
 3.68286e+22	2.16e-27	5.69e-21	3.99e-16	3.21e-12	8.78e-09	4.60e-05	1.33e-02	9.87e-01
 3.70274e+22	2.69e-27	6.82e-21	4.62e-16	3.59e-12	9.49e-09	4.89e-05	1.38e-02	9.86e-01
 3.72207e+22	3.31e-27	8.11e-21	5.31e-16	4.00e-12	1.02e-08	5.18e-05	1.42e-02	9.86e-01
 3.74424e+22	4.32e-27	1.01e-20	6.35e-16	4.59e-12	1.13e-08	5.57e-05	1.48e-02	9.85e-01
 3.76679e+22	5.47e-27	1.23e-20	7.42e-16	5.17e-12	1.22e-08	5.94e-05	1.53e-02	9.85e-01
 3.78620e+22	6.80e-27	1.48e-20	8.59e-16	5.78e-12	1.32e-08	6.31e-05	1.59e-02	9.84e-01
 3.80782e+22	8.97e-27	1.86e-20	1.03e-15	6.65e-12	1.45e-08	6.80e-05	1.65e-02	9.83e-01
 3.82921e+22	1.11e-26	2.21e-20	1.19e-15	7.41e-12	1.56e-08	7.21e-05	1.71e-02	9.83e-01
 3.85030e+22	1.46e-26	2.77e-20	1.42e-15	8.50e-12	1.71e-08	7.76e-05	1.78e-02	9.82e-01
 3.87174e+22	1.83e-26	3.34e-20	1.66e-15	9.54e-12	1.85e-08	8.26e-05	1.84e-02	9.82e-01
 3.89045e+22	2.27e-26	4.00e-20	1.91e-15	1.06e-11	2.00e-08	8.76e-05	1.90e-02	9.81e-01
 3.91159e+22	2.97e-26	5.01e-20	2.29e-15	1.22e-11	2.19e-08	9.43e-05	1.98e-02	9.80e-01
 3.93321e+22	3.78e-26	6.11e-20	2.68e-15	1.38e-11	2.38e-08	1.01e-04	2.05e-02	9.79e-01
 3.95206e+22	4.75e-26	7.38e-20	3.12e-15	1.55e-11	2.57e-08	1.07e-04	2.12e-02	9.79e-01
 3.97317e+22	6.26e-26	9.28e-20	3.75e-15	1.78e-11	2.82e-08	1.15e-04	2.21e-02	9.78e-01
 3.99459e+22	7.96e-26	1.13e-19	4.41e-15	2.01e-11	3.06e-08	1.23e-04	2.29e-02	9.77e-01
 4.01313e+22	9.99e-26	1.37e-19	5.12e-15	2.25e-11	3.31e-08	1.31e-04	2.37e-02	9.76e-01
 4.03395e+22	1.33e-25	1.73e-19	6.18e-15	2.60e-11	3.64e-08	1.41e-04	2.47e-02	9.75e-01
 4.05560e+22	1.72e-25	2.14e-19	7.35e-15	2.96e-11	3.98e-08	1.51e-04	2.57e-02	9.74e-01
 4.07494e+22	2.17e-25	2.61e-19	8.60e-15	3.34e-11	4.31e-08	1.61e-04	2.66e-02	9.73e-01
 4.09385e+22	2.80e-25	3.21e-19	1.02e-14	3.79e-11	4.69e-08	1.73e-04	2.76e-02	9.72e-01
 4.11185e+22	3.48e-25	3.85e-19	1.18e-14	4.24e-11	5.06e-08	1.83e-04	2.85e-02	9.71e-01
 4.13156e+22	4.65e-25	4.90e-19	1.43e-14	4.91e-11	5.58e-08	1.98e-04	2.97e-02	9.70e-01
 4.15162e+22	5.99e-25	6.05e-19	1.69e-14	5.58e-11	6.07e-08	2.11e-04	3.07e-02	9.69e-01
 4.16775e+22	7.32e-25	7.15e-19	1.93e-14	6.18e-11	6.50e-08	2.23e-04	3.16e-02	9.68e-01
 4.18429e+22	9.42e-25	8.81e-19	2.29e-14	7.02e-11	7.08e-08	2.38e-04	3.28e-02	9.67e-01
 4.20026e+22	1.14e-24	1.03e-18	2.60e-14	7.75e-11	7.56e-08	2.51e-04	3.36e-02	9.66e-01
 4.21331e+22	1.38e-24	1.21e-18	2.95e-14	8.52e-11	8.05e-08	2.63e-04	3.45e-02	9.65e-01
 4.22811e+22	1.74e-24	1.47e-18	3.46e-14	9.61e-11	8.73e-08	2.80e-04	3.57e-02	9.64e-01
 4.24253e+22	2.09e-24	1.71e-18	3.91e-14	1.05e-10	9.29e-08	2.93e-04	3.65e-02	9.63e-01
 4.25449e+22	2.51e-24	1.99e-18	4.42e-14	1.16e-10	9.88e-08	3.07e-04	3.75e-02	9.62e-01
 4.26810e+22	3.13e-24	2.40e-18	5.13e-14	1.30e-10	1.07e-07	3.26e-04	3.86e-02	9.61e-01
 4.28145e+22	3.75e-24	2.79e-18	5.79e-14	1.42e-10	1.13e-07	3.41e-04	3.95e-02	9.60e-01
 4.29256e+22	4.48e-24	3.23e-18	6.53e-14	1.56e-10	1.20e-07	3.57e-04	4.05e-02	9.59e-01
 4.30341e+22	5.31e-24	3.73e-18	7.33e-14	1.70e-10	1.28e-07	3.72e-04	4.14e-02	9.58e-01
 4.31582e+22	6.61e-24	4.48e-18	8.50e-14	1.90e-10	1.38e-07	3.94e-04	4.26e-02	9.57e-01
 4.32852e+22	7.95e-24	5.23e-18	9.63e-14	2.09e-10	1.47e-07	4.12e-04	4.36e-02	9.56e-01
 4.33983e+22	9.51e-24	6.07e-18	1.09e-13	2.30e-10	1.56e-07	4.32e-04	4.46e-02	9.55e-01
 4.35056e+22	1.14e-23	7.08e-18	1.23e-13	2.53e-10	1.66e-07	4.52e-04	4.56e-02	9.54e-01
 4.36045e+22	1.35e-23	8.15e-18	1.38e-13	2.76e-10	1.76e-07	4.71e-04	4.66e-02	9.53e-01
 4.37148e+22	1.67e-23	9.73e-18	1.59e-13	3.08e-10	1.89e-07	4.96e-04	4.79e-02	9.52e-01
 4.38280e+22	2.04e-23	1.15e-17	1.83e-13	3.41e-10	2.03e-07	5.21e-04	4.91e-02	9.50e-01
 4.39251e+22	2.41e-23	1.32e-17	2.05e-13	3.72e-10	2.15e-07	5.42e-04	5.01e-02	9.49e-01
 4.40312e+22	2.98e-23	1.59e-17	2.37e-13	4.16e-10	2.32e-07	5.71e-04	5.14e-02	9.48e-01
 4.41427e+22	3.70e-23	1.90e-17	2.75e-13	4.65e-10	2.49e-07	6.01e-04	5.27e-02	9.47e-01
 4.42414e+22	4.39e-23	2.20e-17	3.09e-13	5.09e-10	2.65e-07	6.27e-04	5.38e-02	9.46e-01
 4.43496e+22	5.60e-23	2.69e-17	3.65e-13	5.78e-10	2.88e-07	6.64e-04	5.54e-02	9.44e-01
 4.44612e+22	6.92e-23	3.22e-17	4.23e-13	6.46e-10	3.10e-07	6.98e-04	5.68e-02	9.43e-01
 4.45574e+22	8.30e-23	3.76e-17	4.79e-13	7.11e-10	3.31e-07	7.30e-04	5.80e-02	9.41e-01
 4.46628e+22	1.09e-22	4.74e-17	5.80e-13	8.21e-10	3.64e-07	7.77e-04	5.98e-02	9.39e-01
 4.47669e+22	1.31e-22	5.54e-17	6.58e-13	9.05e-10	3.88e-07	8.12e-04	6.11e-02	9.38e-01
 4.48694e+22	1.72e-22	6.97e-17	7.94e-13	1.04e-09	4.27e-07	8.64e-04	6.30e-02	9.36e-01
 4.49700e+22	2.07e-22	8.14e-17	9.02e-13	1.15e-09	4.55e-07	9.01e-04	6.43e-02	9.35e-01
 4.50681e+22	2.73e-22	1.03e-16	1.09e-12	1.33e-09	5.02e-07	9.59e-04	6.63e-02	9.33e-01
 4.51659e+22	3.31e-22	1.21e-16	1.25e-12	1.47e-09	5.37e-07	1.00e-03	6.77e-02	9.31e-01
 4.52632e+22	4.39e-22	1.54e-16	1.52e-12	1.71e-09	5.93e-07	1.07e-03	6.98e-02	9.29e-01
 4.53613e+22	5.40e-22	1.84e-16	1.76e-12	1.91e-09	6.38e-07	1.12e-03	7.14e-02	9.27e-01
 4.54604e+22	7.29e-22	2.37e-16	2.17e-12	2.24e-09	7.09e-07	1.20e-03	7.37e-02	9.25e-01
 4.55604e+22	9.03e-22	2.85e-16	2.52e-12	2.51e-09	7.65e-07	1.26e-03	7.54e-02	9.23e-01
 4.56615e+22	1.22e-21	3.67e-16	3.10e-12	2.95e-09	8.51e-07	1.34e-03	7.79e-02	9.21e-01
 4.57618e+22	1.53e-21	4.46e-16	3.64e-12	3.33e-09	9.23e-07	1.41e-03	7.98e-02	9.19e-01
 4.58610e+22	2.07e-21	5.77e-16	4.50e-12	3.91e-09	1.03e-06	1.51e-03	8.23e-02	9.16e-01
 4.59621e+22	2.64e-21	7.10e-16	5.34e-12	4.46e-09	1.12e-06	1.59e-03	8.45e-02	9.14e-01
 4.60656e+22	3.65e-21	9.35e-16	6.70e-12	5.29e-09	1.26e-06	1.71e-03	8.73e-02	9.11e-01
 4.61698e+22	4.68e-21	1.16e-15	7.98e-12	6.05e-09	1.38e-06	1.81e-03	8.96e-02	9.09e-01
 4.62746e+22	6.52e-21	1.53e-15	1.01e-11	7.22e-09	1.55e-06	1.95e-03	9.28e-02	9.05e-01
 4.63802e+22	8.39e-21	1.90e-15	1.20e-11	8.27e-09	1.69e-06	2.06e-03	9.52e-02	9.03e-01
 4.64719e+22	1.08e-20	2.36e-15	1.44e-11	9.47e-09	1.85e-06	2.18e-03	9.77e-02	9.00e-01
 4.65761e+22	1.50e-20	3.13e-15	1.81e-11	1.13e-08	2.09e-06	2.34e-03	1.01e-01	8.97e-01
 4.66793e+22	1.89e-20	3.81e-15	2.13e-11	1.28e-08	2.27e-06	2.47e-03	1.04e-01	8.94e-01
 4.67809e+22	2.57e-20	4.96e-15	2.65e-11	1.51e-08	2.54e-06	2.64e-03	1.07e-01	8.90e-01
 4.68856e+22	3.30e-20	6.14e-15	3.16e-11	1.73e-08	2.78e-06	2.79e-03	1.10e-01	8.87e-01
 4.69943e+22	4.57e-20	8.11e-15	3.98e-11	2.06e-08	3.13e-06	3.00e-03	1.14e-01	8.83e-01
 4.71043e+22	5.82e-20	9.98e-15	4.73e-11	2.35e-08	3.42e-06	3.18e-03	1.16e-01	8.80e-01
 4.72161e+22	8.05e-20	1.32e-14	5.95e-11	2.81e-08	3.86e-06	3.42e-03	1.21e-01	8.76e-01
 4.73303e+22	1.02e-19	1.62e-14	7.06e-11	3.20e-08	4.22e-06	3.61e-03	1.24e-01	8.73e-01
 4.74476e+22	1.41e-19	2.13e-14	8.87e-11	3.81e-08	4.75e-06	3.89e-03	1.28e-01	8.68e-01
 4.75673e+22	1.80e-19	2.63e-14	1.06e-10	4.36e-08	5.21e-06	4.12e-03	1.31e-01	8.65e-01
 4.76899e+22	2.48e-19	3.45e-14	1.32e-10	5.19e-08	5.87e-06	4.43e-03	1.36e-01	8.60e-01
 4.78135e+22	3.14e-19	4.24e-14	1.57e-10	5.92e-08	6.42e-06	4.69e-03	1.39e-01	8.56e-01
 4.79383e+22	4.28e-19	5.53e-14	1.96e-10	7.03e-08	7.22e-06	5.04e-03	1.44e-01	8.51e-01
 4.80594e+22	5.27e-19	6.61e-14	2.27e-10	7.88e-08	7.82e-06	5.30e-03	1.47e-01	8.47e-01
 4.81757e+22	6.95e-19	8.39e-14	2.77e-10	9.19e-08	8.69e-06	5.66e-03	1.52e-01	8.43e-01
 4.82948e+22	8.60e-19	1.01e-13	3.23e-10	1.03e-07	9.43e-06	5.96e-03	1.55e-01	8.39e-01
 4.84176e+22	1.14e-18	1.29e-13	3.96e-10	1.21e-07	1.05e-05	6.38e-03	1.60e-01	8.34e-01
 4.85419e+22	1.40e-18	1.53e-13	4.58e-10	1.36e-07	1.14e-05	6.71e-03	1.64e-01	8.30e-01
 4.86682e+22	1.84e-18	1.94e-13	5.57e-10	1.58e-07	1.27e-05	7.17e-03	1.69e-01	8.24e-01
 4.87934e+22	2.26e-18	2.31e-13	6.45e-10	1.77e-07	1.37e-05	7.53e-03	1.72e-01	8.20e-01
 4.89174e+22	2.95e-18	2.90e-13	7.81e-10	2.06e-07	1.52e-05	8.04e-03	1.77e-01	8.15e-01
 4.90427e+22	3.56e-18	3.42e-13	8.96e-10	2.29e-07	1.64e-05	8.42e-03	1.81e-01	8.11e-01
 4.91695e+22	4.63e-18	4.28e-13	1.08e-09	2.66e-07	1.82e-05	8.98e-03	1.86e-01	8.05e-01
 4.92988e+22	5.62e-18	5.06e-13	1.24e-09	2.96e-07	1.97e-05	9.43e-03	1.90e-01	8.00e-01
 4.94312e+22	7.30e-18	6.34e-13	1.50e-09	3.44e-07	2.18e-05	1.01e-02	1.96e-01	7.94e-01
 4.95660e+22	8.87e-18	7.51e-13	1.73e-09	3.84e-07	2.36e-05	1.06e-02	2.00e-01	7.90e-01
 4.97040e+22	1.15e-17	9.42e-13	2.09e-09	4.46e-07	2.62e-05	1.13e-02	2.06e-01	7.83e-01
 4.98445e+22	1.41e-17	1.12e-12	2.41e-09	4.99e-07	2.84e-05	1.19e-02	2.10e-01	7.78e-01
 4.99884e+22	1.83e-17	1.40e-12	2.92e-09	5.80e-07	3.16e-05	1.27e-02	2.16e-01	7.71e-01
 5.01290e+22	2.17e-17	1.62e-12	3.31e-09	6.40e-07	3.39e-05	1.32e-02	2.20e-01	7.67e-01
 5.02654e+22	2.79e-17	2.01e-12	3.96e-09	7.38e-07	3.74e-05	1.41e-02	2.26e-01	7.60e-01
 5.04039e+22	3.31e-17	2.34e-12	4.49e-09	8.15e-07	4.02e-05	1.47e-02	2.30e-01	7.55e-01
 5.05453e+22	4.21e-17	2.88e-12	5.35e-09	9.36e-07	4.43e-05	1.57e-02	2.36e-01	7.48e-01
 5.06909e+22	5.11e-17	3.40e-12	6.15e-09	1.05e-06	4.80e-05	1.64e-02	2.41e-01	7.42e-01
 5.08423e+22	6.49e-17	4.17e-12	7.31e-09	1.20e-06	5.29e-05	1.75e-02	2.47e-01	7.35e-01
 5.09987e+22	7.94e-17	4.97e-12	8.47e-09	1.35e-06	5.75e-05	1.84e-02	2.53e-01	7.29e-01
 5.11614e+22	1.02e-16	6.16e-12	1.01e-08	1.56e-06	6.37e-05	1.96e-02	2.59e-01	7.21e-01
 5.13286e+22	1.25e-16	7.36e-12	1.18e-08	1.75e-06	6.94e-05	2.07e-02	2.65e-01	7.14e-01
 5.15016e+22	1.62e-16	9.17e-12	1.42e-08	2.03e-06	7.70e-05	2.21e-02	2.72e-01	7.06e-01
 5.16802e+22	2.01e-16	1.11e-11	1.66e-08	2.30e-06	8.42e-05	2.33e-02	2.78e-01	6.98e-01
 5.18663e+22	2.62e-16	1.39e-11	2.01e-08	2.68e-06	9.40e-05	2.49e-02	2.86e-01	6.89e-01
 5.20575e+22	3.27e-16	1.69e-11	2.37e-08	3.05e-06	1.03e-04	2.64e-02	2.92e-01	6.81e-01
 5.22294e+22	4.03e-16	2.02e-11	2.76e-08	3.45e-06	1.12e-04	2.78e-02	2.99e-01	6.73e-01
 5.24269e+22	5.38e-16	2.59e-11	3.40e-08	4.07e-06	1.27e-04	3.00e-02	3.07e-01	6.63e-01
 5.26257e+22	6.63e-16	3.10e-11	3.96e-08	4.59e-06	1.38e-04	3.16e-02	3.13e-01	6.55e-01
 5.28259e+22	8.78e-16	3.95e-11	4.85e-08	5.41e-06	1.55e-04	3.39e-02	3.22e-01	6.44e-01
 5.30305e+22	1.10e-15	4.80e-11	5.72e-08	6.17e-06	1.71e-04	3.59e-02	3.29e-01	6.35e-01
 5.32406e+22	1.47e-15	6.17e-11	7.06e-08	7.29e-06	1.92e-04	3.86e-02	3.38e-01	6.23e-01
 5.34539e+22	1.86e-15	7.55e-11	8.37e-08	8.36e-06	2.12e-04	4.09e-02	3.45e-01	6.14e-01
 5.36716e+22	2.52e-15	9.83e-11	1.05e-07	9.98e-06	2.41e-04	4.42e-02	3.55e-01	6.01e-01
 5.38903e+22	3.17e-15	1.20e-10	1.24e-07	1.14e-05	2.65e-04	4.68e-02	3.62e-01	5.91e-01
 5.40718e+22	3.92e-15	1.44e-10	1.44e-07	1.29e-05	2.89e-04	4.93e-02	3.69e-01	5.82e-01
 5.42692e+22	5.18e-15	1.83e-10	1.77e-07	1.52e-05	3.25e-04	5.29e-02	3.78e-01	5.69e-01
 5.44659e+22	6.36e-15	2.19e-10	2.06e-07	1.72e-05	3.54e-04	5.57e-02	3.84e-01	5.60e-01
 5.46616e+22	8.40e-15	2.79e-10	2.53e-07	2.02e-05	3.98e-04	5.97e-02	3.93e-01	5.47e-01
 5.48599e+22	1.04e-14	3.35e-10	2.95e-07	2.29e-05	4.36e-04	6.29e-02	3.99e-01	5.37e-01
 5.50614e+22	1.38e-14	4.30e-10	3.65e-07	2.72e-05	4.92e-04	6.75e-02	4.09e-01	5.23e-01
 5.52654e+22	1.72e-14	5.19e-10	4.28e-07	3.10e-05	5.40e-04	7.13e-02	4.15e-01	5.13e-01
 5.54726e+22	2.30e-14	6.68e-10	5.31e-07	3.69e-05	6.11e-04	7.66e-02	4.24e-01	4.98e-01
 5.56838e+22	2.89e-14	8.16e-10	6.30e-07	4.24e-05	6.75e-04	8.11e-02	4.31e-01	4.87e-01
 5.59002e+22	3.90e-14	1.06e-09	7.89e-07	5.09e-05	7.70e-04	8.75e-02	4.41e-01	4.71e-01
 5.61208e+22	4.95e-14	1.30e-09	9.43e-07	5.89e-05	8.55e-04	9.28e-02	4.48e-01	4.59e-01
 5.63471e+22	6.74e-14	1.71e-09	1.19e-06	7.14e-05	9.81e-04	1.00e-01	4.57e-01	4.42e-01
 5.65754e+22	8.55e-14	2.11e-09	1.43e-06	8.29e-05	1.09e-03	1.07e-01	4.63e-01	4.29e-01
 5.67672e+22	1.06e-13	2.55e-09	1.68e-06	9.50e-05	1.21e-03	1.13e-01	4.69e-01	4.17e-01
 5.69753e+22	1.39e-13	3.23e-09	2.07e-06	1.13e-04	1.37e-03	1.21e-01	4.77e-01	4.01e-01
 5.71850e+22	1.72e-13	3.90e-09	2.44e-06	1.30e-04	1.51e-03	1.28e-01	4.82e-01	3.89e-01
 5.73901e+22	2.21e-13	4.87e-09	2.97e-06	1.53e-04	1.70e-03	1.36e-01	4.88e-01	3.74e-01
 5.75993e+22	2.74e-13	5.89e-09	3.51e-06	1.77e-04	1.89e-03	1.44e-01	4.93e-01	3.61e-01
 5.78044e+22	3.45e-13	7.24e-09	4.22e-06	2.07e-04	2.12e-03	1.53e-01	4.98e-01	3.46e-01
 5.80138e+22	4.27e-13	8.75e-09	5.01e-06	2.40e-04	2.36e-03	1.62e-01	5.02e-01	3.33e-01
 5.82206e+22	5.29e-13	1.06e-08	5.95e-06	2.79e-04	2.64e-03	1.72e-01	5.06e-01	3.19e-01
 5.84287e+22	6.47e-13	1.27e-08	7.02e-06	3.22e-04	2.93e-03	1.82e-01	5.09e-01	3.06e-01
 5.86342e+22	7.87e-13	1.52e-08	8.25e-06	3.72e-04	3.26e-03	1.92e-01	5.12e-01	2.92e-01
 5.88394e+22	9.50e-13	1.80e-08	9.66e-06	4.27e-04	3.62e-03	2.03e-01	5.14e-01	2.80e-01
 5.90449e+22	1.14e-12	2.13e-08	1.13e-05	4.91e-04	4.01e-03	2.13e-01	5.15e-01	2.67e-01
 5.92511e+22	1.36e-12	2.51e-08	1.31e-05	5.62e-04	4.44e-03	2.24e-01	5.16e-01	2.55e-01
 5.94584e+22	1.62e-12	2.94e-08	1.52e-05	6.44e-04	4.91e-03	2.36e-01	5.16e-01	2.43e-01
 5.96676e+22	1.91e-12	3.43e-08	1.76e-05	7.35e-04	5.43e-03	2.48e-01	5.15e-01	2.31e-01
 5.98791e+22	2.25e-12	3.99e-08	2.03e-05	8.39e-04	6.00e-03	2.60e-01	5.14e-01	2.19e-01
 6.00918e+22	2.62e-12	4.61e-08	2.33e-05	9.53e-04	6.61e-03	2.72e-01	5.12e-01	2.08e-01
 6.03078e+22	3.06e-12	5.33e-08	2.69e-05	1.09e-03	7.30e-03	2.85e-01	5.10e-01	1.97e-01
 6.05262e+22	3.55e-12	6.13e-08	3.07e-05	1.23e-03	8.03e-03	2.98e-01	5.07e-01	1.86e-01
 6.07488e+22	4.11e-12	7.06e-08	3.53e-05	1.40e-03	8.86e-03	3.11e-01	5.03e-01	1.75e-01
 6.09755e+22	4.73e-12	8.08e-08	4.02e-05	1.58e-03	9.74e-03	3.25e-01	4.98e-01	1.65e-01
 6.11834e+22	5.31e-12	9.02e-08	4.49e-05	1.75e-03	1.05e-02	3.36e-01	4.94e-01	1.57e-01
 6.14005e+22	6.11e-12	1.03e-07	5.14e-05	1.99e-03	1.16e-02	3.51e-01	4.88e-01	1.47e-01
 6.16207e+22	6.84e-12	1.15e-07	5.72e-05	2.20e-03	1.26e-02	3.62e-01	4.83e-01	1.40e-01
 6.18469e+22	7.86e-12	1.32e-07	6.55e-05	2.50e-03	1.39e-02	3.78e-01	4.76e-01	1.30e-01
 6.20735e+22	8.74e-12	1.46e-07	7.26e-05	2.75e-03	1.49e-02	3.89e-01	4.70e-01	1.23e-01
 6.23007e+22	9.95e-12	1.67e-07	8.27e-05	3.11e-03	1.64e-02	4.04e-01	4.62e-01	1.14e-01
 6.25288e+22	1.10e-11	1.84e-07	9.13e-05	3.41e-03	1.76e-02	4.16e-01	4.55e-01	1.08e-01
 6.27582e+22	1.25e-11	2.08e-07	1.04e-04	3.84e-03	1.93e-02	4.30e-01	4.46e-01	1.00e-01
 6.29902e+22	1.38e-11	2.30e-07	1.14e-04	4.20e-03	2.07e-02	4.42e-01	4.39e-01	9.46e-02
 6.32253e+22	1.56e-11	2.60e-07	1.29e-04	4.71e-03	2.27e-02	4.57e-01	4.28e-01	8.75e-02
 6.34638e+22	1.72e-11	2.87e-07	1.43e-04	5.15e-03	2.43e-02	4.68e-01	4.20e-01	8.22e-02
 6.37065e+22	1.94e-11	3.24e-07	1.62e-04	5.77e-03	2.65e-02	4.82e-01	4.09e-01	7.57e-02
 6.39538e+22	2.15e-11	3.58e-07	1.79e-04	6.31e-03	2.84e-02	4.93e-01	4.01e-01	7.09e-02
 6.42070e+22	2.43e-11	4.05e-07	2.03e-04	7.07e-03	3.10e-02	5.08e-01	3.89e-01	6.50e-02
 6.44662e+22	2.69e-11	4.49e-07	2.25e-04	7.73e-03	3.32e-02	5.19e-01	3.79e-01	6.06e-02
 6.47331e+22	3.05e-11	5.09e-07	2.56e-04	8.67e-03	3.63e-02	5.33e-01	3.67e-01	5.51e-02
 6.50044e+22	3.39e-11	5.66e-07	2.84e-04	9.48e-03	3.88e-02	5.43e-01	3.57e-01	5.12e-02
 6.52331e+22	3.72e-11	6.21e-07	3.12e-04	1.03e-02	4.12e-02	5.53e-01	3.48e-01	4.78e-02
 6.54821e+22	4.18e-11	6.98e-07	3.51e-04	1.14e-02	4.45e-02	5.64e-01	3.36e-01	4.37e-02
 6.57232e+22	4.57e-11	7.61e-07	3.82e-04	1.22e-02	4.70e-02	5.72e-01	3.28e-01	4.10e-02
 6.59541e+22	5.05e-11	8.45e-07	4.26e-04	1.33e-02	5.04e-02	5.82e-01	3.16e-01	3.77e-02
 6.61874e+22	5.56e-11	9.25e-07	4.65e-04	1.43e-02	5.30e-02	5.89e-01	3.08e-01	3.53e-02
 6.64241e+22	6.18e-11	1.03e-06	5.19e-04	1.56e-02	5.67e-02	5.98e-01	2.97e-01	3.23e-02
 6.66643e+22	6.82e-11	1.13e-06	5.67e-04	1.68e-02	5.97e-02	6.04e-01	2.89e-01	3.02e-02
 6.69093e+22	7.61e-11	1.27e-06	6.35e-04	1.84e-02	6.38e-02	6.12e-01	2.77e-01	2.75e-02
 6.71577e+22	8.43e-11	1.39e-06	6.96e-04	1.97e-02	6.71e-02	6.18e-01	2.69e-01	2.56e-02
 6.74105e+22	9.45e-11	1.56e-06	7.82e-04	2.16e-02	7.18e-02	6.25e-01	2.57e-01	2.33e-02
 6.76679e+22	1.05e-10	1.73e-06	8.60e-04	2.32e-02	7.54e-02	6.30e-01	2.49e-01	2.16e-02
 6.79314e+22	1.19e-10	1.95e-06	9.70e-04	2.54e-02	8.06e-02	6.36e-01	2.37e-01	1.95e-02
 6.82008e+22	1.33e-10	2.17e-06	1.07e-03	2.73e-02	8.48e-02	6.40e-01	2.29e-01	1.80e-02
 6.84781e+22	1.52e-10	2.47e-06	1.21e-03	3.00e-02	9.06e-02	6.45e-01	2.17e-01	1.61e-02
 6.87624e+22	1.71e-10	2.76e-06	1.35e-03	3.23e-02	9.54e-02	6.48e-01	2.08e-01	1.48e-02
 6.90559e+22	1.97e-10	3.18e-06	1.54e-03	3.55e-02	1.02e-01	6.51e-01	1.97e-01	1.31e-02
 6.93522e+22	2.24e-10	3.57e-06	1.71e-03	3.83e-02	1.07e-01	6.52e-01	1.89e-01	1.20e-02
 6.96518e+22	2.59e-10	4.11e-06	1.96e-03	4.21e-02	1.14e-01	6.54e-01	1.77e-01	1.06e-02
 6.99546e+22	2.97e-10	4.65e-06	2.19e-03	4.53e-02	1.20e-01	6.54e-01	1.69e-01	9.69e-03
 7.02615e+22	3.45e-10	5.37e-06	2.51e-03	4.98e-02	1.27e-01	6.53e-01	1.59e-01	8.52e-03
 7.05602e+22	3.91e-10	6.01e-06	2.77e-03	5.32e-02	1.33e-01	6.52e-01	1.52e-01	7.79e-03
 7.08481e+22	4.55e-10	6.92e-06	3.15e-03	5.80e-02	1.40e-01	6.49e-01	1.43e-01	6.92e-03
 7.11516e+22	5.21e-10	7.84e-06	3.53e-03	6.24e-02	1.47e-01	6.46e-01	1.35e-01	6.23e-03
 7.14085e+22	5.84e-10	8.69e-06	3.87e-03	6.63e-02	1.52e-01	6.43e-01	1.29e-01	5.71e-03
 7.16756e+22	6.75e-10	9.91e-06	4.34e-03	7.14e-02	1.59e-01	6.39e-01	1.21e-01	5.11e-03
 7.19519e+22	7.64e-10	1.11e-05	4.80e-03	7.61e-02	1.65e-01	6.34e-01	1.15e-01	4.64e-03
 7.22009e+22	8.62e-10	1.24e-05	5.28e-03	8.09e-02	1.71e-01	6.29e-01	1.09e-01	4.22e-03
 7.24854e+22	1.01e-09	1.42e-05	5.96e-03	8.73e-02	1.79e-01	6.22e-01	1.02e-01	3.74e-03
 7.27800e+22	1.15e-09	1.60e-05	6.63e-03	9.32e-02	1.86e-01	6.15e-01	9.63e-02	3.35e-03
 7.30422e+22	1.31e-09	1.80e-05	7.31e-03	9.90e-02	1.92e-01	6.08e-01	9.10e-02	3.03e-03
 7.33373e+22	1.55e-09	2.08e-05	8.27e-03	1.07e-01	2.00e-01	5.98e-01	8.46e-02	2.66e-03
 7.36463e+22	1.79e-09	2.37e-05	9.23e-03	1.14e-01	2.07e-01	5.89e-01	7.91e-02	2.37e-03
 7.39261e+22	2.06e-09	2.68e-05	1.02e-02	1.21e-01	2.13e-01	5.79e-01	7.41e-02	2.11e-03
 7.42425e+22	2.47e-09	3.12e-05	1.16e-02	1.31e-01	2.21e-01	5.66e-01	6.82e-02	1.83e-03
 7.45686e+22	2.88e-09	3.57e-05	1.30e-02	1.40e-01	2.29e-01	5.54e-01	6.33e-02	1.61e-03
 7.48586e+22	3.33e-09	4.05e-05	1.44e-02	1.48e-01	2.35e-01	5.42e-01	5.89e-02	1.43e-03
 7.51870e+22	4.02e-09	4.76e-05	1.64e-02	1.59e-01	2.43e-01	5.27e-01	5.37e-02	1.22e-03
 7.55276e+22	4.73e-09	5.47e-05	1.84e-02	1.70e-01	2.49e-01	5.12e-01	4.93e-02	1.06e-03
 7.58334e+22	5.54e-09	6.24e-05	2.05e-02	1.80e-01	2.55e-01	4.98e-01	4.55e-02	9.30e-04
 7.61804e+22	6.78e-09	7.40e-05	2.34e-02	1.94e-01	2.62e-01	4.79e-01	4.09e-02	7.82e-04
 7.65385e+22	8.04e-09	8.54e-05	2.62e-02	2.06e-01	2.68e-01	4.62e-01	3.72e-02	6.73e-04
 7.68619e+22	9.52e-09	9.82e-05	2.92e-02	2.18e-01	2.73e-01	4.46e-01	3.39e-02	5.79e-04
 7.72332e+22	1.18e-08	1.18e-04	3.35e-02	2.34e-01	2.79e-01	4.24e-01	2.99e-02	4.76e-04
 7.76070e+22	1.40e-08	1.36e-04	3.74e-02	2.46e-01	2.83e-01	4.06e-01	2.70e-02	4.05e-04
 7.79841e+22	1.75e-08	1.62e-04	4.26e-02	2.63e-01	2.87e-01	3.83e-01	2.37e-02	3.31e-04
 7.83697e+22	2.11e-08	1.88e-04	4.77e-02	2.77e-01	2.89e-01	3.64e-01	2.11e-02	2.77e-04
 7.87090e+22	2.51e-08	2.17e-04	5.28e-02	2.91e-01	2.91e-01	3.46e-01	1.89e-02	2.34e-04
 7.90930e+22	3.15e-08	2.60e-04	6.01e-02	3.08e-01	2.92e-01	3.22e-01	1.63e-02	1.87e-04
 7.94859e+22	3.80e-08	3.01e-04	6.68e-02	3.23e-01	2.93e-01	3.03e-01	1.44e-02	1.55e-04
 7.98905e+22	4.82e-08	3.63e-04	7.59e-02	3.40e-01	2.91e-01	2.80e-01	1.22e-02	1.22e-04
 8.03015e+22	5.85e-08	4.22e-04	8.42e-02	3.55e-01	2.89e-01	2.61e-01	1.06e-02	9.91e-05
 8.06658e+22	7.09e-08	4.89e-04	9.29e-02	3.68e-01	2.86e-01	2.43e-01	9.27e-03	8.09e-05
 8.10845e+22	9.08e-08	5.91e-04	1.05e-01	3.85e-01	2.81e-01	2.20e-01	7.72e-03	6.19e-05
 8.15091e+22	1.11e-07	6.86e-04	1.16e-01	3.98e-01	2.76e-01	2.03e-01	6.63e-03	4.97e-05
 8.18783e+22	1.34e-07	7.91e-04	1.27e-01	4.09e-01	2.71e-01	1.87e-01	5.71e-03	4.01e-05
 8.22305e+22	1.60e-07	9.03e-04	1.37e-01	4.19e-01	2.65e-01	1.72e-01	4.96e-03	3.28e-05
 8.25654e+22	1.89e-07	1.02e-03	1.48e-01	4.28e-01	2.59e-01	1.59e-01	4.30e-03	2.68e-05
 8.29426e+22	2.35e-07	1.20e-03	1.63e-01	4.39e-01	2.50e-01	1.43e-01	3.58e-03	2.07e-05
 8.33196e+22	2.79e-07	1.36e-03	1.76e-01	4.46e-01	2.43e-01	1.31e-01	3.09e-03	1.68e-05
 8.36962e+22	3.47e-07	1.59e-03	1.92e-01	4.54e-01	2.33e-01	1.18e-01	2.55e-03	1.28e-05
 8.40794e+22	4.13e-07	1.80e-03	2.06e-01	4.59e-01	2.24e-01	1.07e-01	2.17e-03	1.03e-05
 8.44713e+22	5.16e-07	2.11e-03	2.24e-01	4.64e-01	2.13e-01	9.44e-02	1.77e-03	7.70e-06
 8.48672e+22	6.15e-07	2.39e-03	2.40e-01	4.67e-01	2.04e-01	8.53e-02	1.49e-03	6.10e-06
 8.52683e+22	7.74e-07	2.81e-03	2.61e-01	4.69e-01	1.92e-01	7.43e-02	1.19e-03	4.47e-06
 8.56686e+22	9.19e-07	3.16e-03	2.77e-01	4.69e-01	1.83e-01	6.68e-02	1.00e-03	3.52e-06
 8.59895e+22	1.07e-06	3.50e-03	2.91e-01	4.69e-01	1.75e-01	6.08e-02	8.60e-04	2.86e-06
 8.63283e+22	1.28e-06	3.97e-03	3.09e-01	4.67e-01	1.65e-01	5.40e-02	7.11e-04	2.21e-06
 8.66720e+22	1.48e-06	4.39e-03	3.24e-01	4.65e-01	1.57e-01	4.89e-02	6.05e-04	1.77e-06
 8.69743e+22	1.72e-06	4.85e-03	3.39e-01	4.62e-01	1.50e-01	4.43e-02	5.16e-04	1.43e-06
 8.73194e+22	2.06e-06	5.48e-03	3.58e-01	4.57e-01	1.40e-01	3.90e-02	4.22e-04	1.09e-06
 8.76688e+22	2.39e-06	6.06e-03	3.74e-01	4.52e-01	1.32e-01	3.50e-02	3.56e-04	8.64e-07
 8.79747e+22	2.76e-06	6.67e-03	3.89e-01	4.47e-01	1.25e-01	3.15e-02	3.01e-04	6.90e-07
 8.83234e+22	3.32e-06	7.54e-03	4.09e-01	4.39e-01	1.16e-01	2.74e-02	2.43e-04	5.15e-07
 8.86749e+22	3.82e-06	8.28e-03	4.25e-01	4.33e-01	1.09e-01	2.46e-02	2.04e-04	4.09e-07
 8.90301e+22	4.58e-06	9.32e-03	4.45e-01	4.23e-01	1.01e-01	2.13e-02	1.64e-04	3.04e-07
 8.93906e+22	5.32e-06	1.03e-02	4.61e-01	4.15e-01	9.45e-02	1.89e-02	1.36e-04	2.37e-07
 8.97071e+22	6.14e-06	1.13e-02	4.77e-01	4.06e-01	8.84e-02	1.68e-02	1.13e-04	1.86e-07
 9.00678e+22	7.34e-06	1.27e-02	4.97e-01	3.95e-01	8.11e-02	1.45e-02	9.00e-05	1.37e-07
 9.04364e+22	8.53e-06	1.40e-02	5.13e-01	3.85e-01	7.53e-02	1.27e-02	7.39e-05	0.00e+00
 9.07646e+22	9.86e-06	1.53e-02	5.28e-01	3.75e-01	6.99e-02	1.12e-02	6.09e-05	0.00e+00
 9.11406e+22	1.18e-05	1.72e-02	5.48e-01	3.62e-01	6.35e-02	9.56e-03	4.75e-05	0.00e+00
 9.15224e+22	1.38e-05	1.90e-02	5.64e-01	3.50e-01	5.85e-02	8.34e-03	3.85e-05	0.00e+00
 9.18609e+22	1.60e-05	2.09e-02	5.79e-01	3.39e-01	5.39e-02	7.29e-03	3.13e-05	0.00e+00
 9.22501e+22	1.93e-05	2.35e-02	5.97e-01	3.25e-01	4.85e-02	6.13e-03	2.40e-05	0.00e+00
 9.25202e+22	2.03e-05	2.43e-02	6.02e-01	3.21e-01	4.71e-02	5.85e-03	2.24e-05	0.00e+00
