#depth	Ne	Ne+	Ne+2	Ne+3	Ne+4	Ne+5	Ne+6	Ne+7	Ne+8	Ne+9	Ne+10
 4.62852e+21	0.00e+00	0.00e+00	0.00e+00	1.30e-28	1.54e-23	4.47e-19	5.12e-15	3.68e-11	9.12e-07	1.90e-03	9.98e-01
 1.05322e+22	0.00e+00	0.00e+00	0.00e+00	1.54e-27	1.28e-22	2.64e-18	2.13e-14	1.07e-10	1.86e-06	2.72e-03	9.97e-01
 1.26669e+22	0.00e+00	0.00e+00	2.77e-32	8.00e-27	5.29e-22	8.61e-18	5.49e-14	2.19e-10	3.00e-06	3.45e-03	9.97e-01
 1.42143e+22	0.00e+00	0.00e+00	1.24e-31	2.97e-26	1.63e-21	2.20e-17	1.17e-13	3.87e-10	4.38e-06	4.16e-03	9.96e-01
 1.50740e+22	0.00e+00	0.00e+00	1.80e-31	4.13e-26	2.16e-21	2.79e-17	1.41e-13	4.46e-10	4.81e-06	4.37e-03	9.96e-01
 1.54694e+22	0.00e+00	0.00e+00	2.94e-31	6.35e-26	3.13e-21	3.79e-17	1.80e-13	5.37e-10	5.44e-06	4.64e-03	9.95e-01
 1.58569e+22	0.00e+00	0.00e+00	4.17e-31	8.63e-26	4.07e-21	4.73e-17	2.15e-13	6.14e-10	5.95e-06	4.86e-03	9.95e-01
 1.62340e+22	0.00e+00	0.00e+00	6.42e-31	1.26e-25	5.63e-21	6.19e-17	2.68e-13	7.23e-10	6.64e-06	5.13e-03	9.95e-01
 1.66311e+22	0.00e+00	0.00e+00	9.70e-31	1.81e-25	7.68e-21	8.02e-17	3.29e-13	8.45e-10	7.37e-06	5.40e-03	9.95e-01
 1.69839e+22	0.00e+00	0.00e+00	1.41e-30	2.50e-25	1.02e-20	1.01e-16	3.97e-13	9.74e-10	8.10e-06	5.66e-03	9.94e-01
 1.73204e+22	0.00e+00	0.00e+00	2.03e-30	3.45e-25	1.34e-20	1.27e-16	4.78e-13	1.12e-09	8.88e-06	5.93e-03	9.94e-01
 1.77062e+22	0.00e+00	0.00e+00	3.18e-30	5.12e-25	1.88e-20	1.69e-16	6.00e-13	1.33e-09	9.96e-06	6.28e-03	9.94e-01
 1.81030e+22	0.00e+00	0.00e+00	4.69e-30	7.20e-25	2.52e-20	2.16e-16	7.30e-13	1.54e-09	1.10e-05	6.59e-03	9.93e-01
 1.84558e+22	0.00e+00	0.00e+00	6.86e-30	1.00e-24	3.35e-20	2.74e-16	8.84e-13	1.78e-09	1.21e-05	6.92e-03	9.93e-01
 1.87995e+22	0.00e+00	0.00e+00	9.91e-30	1.39e-24	4.41e-20	3.45e-16	1.06e-12	2.05e-09	1.33e-05	7.25e-03	9.93e-01
 1.91128e+22	0.00e+00	0.00e+00	1.36e-29	1.83e-24	5.61e-20	4.22e-16	1.25e-12	2.31e-09	1.44e-05	7.55e-03	9.92e-01
 1.94436e+22	0.00e+00	0.00e+00	1.97e-29	2.53e-24	7.39e-20	5.31e-16	1.51e-12	2.66e-09	1.58e-05	7.91e-03	9.92e-01
 1.97922e+22	0.00e+00	0.00e+00	2.81e-29	3.46e-24	9.68e-20	6.65e-16	1.80e-12	3.04e-09	1.73e-05	8.27e-03	9.92e-01
 2.01001e+22	0.00e+00	0.00e+00	3.86e-29	4.56e-24	1.23e-19	8.14e-16	2.12e-12	3.44e-09	1.88e-05	8.61e-03	9.91e-01
 2.04363e+22	0.00e+00	0.00e+00	5.63e-29	6.36e-24	1.64e-19	1.03e-15	2.57e-12	3.98e-09	2.07e-05	9.04e-03	9.91e-01
 2.07826e+22	0.00e+00	0.00e+00	8.01e-29	8.66e-24	2.14e-19	1.29e-15	3.07e-12	4.55e-09	2.26e-05	9.45e-03	9.91e-01
 2.10801e+22	0.00e+00	0.00e+00	1.10e-28	1.14e-23	2.70e-19	1.57e-15	3.59e-12	5.12e-09	2.45e-05	9.83e-03	9.90e-01
 2.14051e+22	0.00e+00	0.00e+00	1.58e-28	1.57e-23	3.55e-19	1.97e-15	4.32e-12	5.89e-09	2.69e-05	1.03e-02	9.90e-01
 2.17511e+22	0.00e+00	0.00e+00	2.25e-28	2.14e-23	4.64e-19	2.46e-15	5.17e-12	6.74e-09	2.94e-05	1.08e-02	9.89e-01
 2.20568e+22	0.00e+00	0.00e+00	3.09e-28	2.83e-23	5.90e-19	3.01e-15	6.07e-12	7.61e-09	3.19e-05	1.12e-02	9.89e-01
 2.23250e+22	0.00e+00	0.00e+00	4.09e-28	3.62e-23	7.28e-19	3.59e-15	7.00e-12	8.47e-09	3.43e-05	1.16e-02	9.88e-01
 2.26124e+22	0.00e+00	0.00e+00	5.59e-28	4.76e-23	9.22e-19	4.38e-15	8.21e-12	9.55e-09	3.71e-05	1.21e-02	9.88e-01
 2.29211e+22	0.00e+00	0.00e+00	7.67e-28	6.28e-23	1.17e-18	5.34e-15	9.63e-12	1.08e-08	4.02e-05	1.26e-02	9.87e-01
 2.32000e+22	0.00e+00	1.79e-33	1.02e-27	8.08e-23	1.45e-18	6.40e-15	1.11e-11	1.20e-08	4.33e-05	1.30e-02	9.87e-01
 2.35050e+22	0.00e+00	2.62e-33	1.44e-27	1.09e-22	1.88e-18	7.93e-15	1.32e-11	1.37e-08	4.72e-05	1.36e-02	9.86e-01
 2.38237e+22	0.00e+00	3.78e-33	1.99e-27	1.45e-22	2.40e-18	9.75e-15	1.56e-11	1.55e-08	5.13e-05	1.42e-02	9.86e-01
 2.40948e+22	0.00e+00	5.18e-33	2.64e-27	1.86e-22	2.97e-18	1.16e-14	1.80e-11	1.73e-08	5.52e-05	1.47e-02	9.85e-01
 2.43822e+22	0.00e+00	7.41e-33	3.63e-27	2.46e-22	3.78e-18	1.42e-14	2.12e-11	1.96e-08	5.99e-05	1.53e-02	9.85e-01
 2.46887e+22	0.00e+00	1.05e-32	4.97e-27	3.24e-22	4.79e-18	1.73e-14	2.48e-11	2.20e-08	6.48e-05	1.59e-02	9.84e-01
 2.49652e+22	0.00e+00	1.45e-32	6.62e-27	4.16e-22	5.95e-18	2.08e-14	2.87e-11	2.46e-08	6.98e-05	1.65e-02	9.83e-01
 2.52144e+22	0.00e+00	1.95e-32	8.60e-27	5.23e-22	7.24e-18	2.45e-14	3.28e-11	2.72e-08	7.46e-05	1.71e-02	9.83e-01
 2.54465e+22	0.00e+00	2.54e-32	1.09e-26	6.44e-22	8.66e-18	2.85e-14	3.70e-11	2.98e-08	7.92e-05	1.76e-02	9.82e-01
 2.57120e+22	0.00e+00	3.52e-32	1.45e-26	8.30e-22	1.08e-17	3.41e-14	4.29e-11	3.33e-08	8.53e-05	1.83e-02	9.82e-01
 2.59972e+22	0.00e+00	4.88e-32	1.95e-26	1.07e-21	1.34e-17	4.11e-14	4.97e-11	3.72e-08	9.19e-05	1.90e-02	9.81e-01
 2.62545e+22	0.00e+00	6.61e-32	2.55e-26	1.36e-21	1.64e-17	4.87e-14	5.70e-11	4.13e-08	9.85e-05	1.96e-02	9.80e-01
 2.64985e+22	0.00e+00	8.85e-32	3.31e-26	1.71e-21	2.00e-17	5.74e-14	6.51e-11	4.56e-08	1.05e-04	2.03e-02	9.80e-01
 2.67393e+22	0.00e+00	1.17e-31	4.26e-26	2.13e-21	2.42e-17	6.72e-14	7.40e-11	5.03e-08	1.12e-04	2.09e-02	9.79e-01
 2.70126e+22	0.00e+00	1.65e-31	5.76e-26	2.77e-21	3.04e-17	8.14e-14	8.63e-11	5.64e-08	1.21e-04	2.17e-02	9.78e-01
 2.72976e+22	0.00e+00	2.30e-31	7.75e-26	3.60e-21	3.80e-17	9.81e-14	1.00e-10	6.32e-08	1.31e-04	2.26e-02	9.77e-01
 2.75427e+22	0.00e+00	3.04e-31	9.92e-26	4.47e-21	4.58e-17	1.15e-13	1.14e-10	6.96e-08	1.39e-04	2.33e-02	9.77e-01
 2.78059e+22	0.00e+00	4.23e-31	1.33e-25	5.80e-21	5.72e-17	1.38e-13	1.32e-10	7.79e-08	1.50e-04	2.42e-02	9.76e-01
 2.80887e+22	0.00e+00	5.85e-31	1.78e-25	7.47e-21	7.12e-17	1.66e-13	1.53e-10	8.71e-08	1.62e-04	2.51e-02	9.75e-01
 2.83349e+22	0.00e+00	7.79e-31	2.30e-25	9.34e-21	8.63e-17	1.95e-13	1.74e-10	9.60e-08	1.73e-04	2.59e-02	9.74e-01
 2.85574e+22	0.00e+00	1.01e-30	2.90e-25	1.15e-20	1.03e-16	2.26e-13	1.96e-10	1.05e-07	1.84e-04	2.67e-02	9.73e-01
 2.88113e+22	0.00e+00	1.38e-30	3.82e-25	1.46e-20	1.27e-16	2.69e-13	2.26e-10	1.17e-07	1.97e-04	2.76e-02	9.72e-01
 2.90866e+22	0.00e+00	1.90e-30	5.09e-25	1.88e-20	1.57e-16	3.22e-13	2.62e-10	1.30e-07	2.12e-04	2.86e-02	9.71e-01
 2.93385e+22	0.00e+00	2.56e-30	6.63e-25	2.37e-20	1.92e-16	3.81e-13	2.99e-10	1.44e-07	2.27e-04	2.96e-02	9.70e-01
 2.96144e+22	0.00e+00	3.63e-30	9.04e-25	3.11e-20	2.43e-16	4.64e-13	3.51e-10	1.63e-07	2.46e-04	3.08e-02	9.69e-01
 2.98897e+22	0.00e+00	4.97e-30	1.20e-24	3.98e-20	3.00e-16	5.54e-13	4.04e-10	1.81e-07	2.64e-04	3.19e-02	9.68e-01
 3.01147e+22	0.00e+00	6.50e-30	1.52e-24	4.90e-20	3.59e-16	6.44e-13	4.56e-10	1.98e-07	2.80e-04	3.29e-02	9.67e-01
 3.03575e+22	0.00e+00	8.83e-30	1.99e-24	6.23e-20	4.41e-16	7.65e-13	5.24e-10	2.20e-07	3.01e-04	3.40e-02	9.66e-01
 3.06225e+22	0.00e+00	1.21e-29	2.64e-24	7.96e-20	5.45e-16	9.13e-13	6.05e-10	2.45e-07	3.23e-04	3.52e-02	9.64e-01
 3.08690e+22	0.00e+00	1.61e-29	3.41e-24	9.98e-20	6.62e-16	1.07e-12	6.89e-10	2.71e-07	3.45e-04	3.64e-02	9.63e-01
 3.11420e+22	0.00e+00	2.29e-29	4.66e-24	1.31e-19	8.38e-16	1.31e-12	8.08e-10	3.05e-07	3.74e-04	3.78e-02	9.62e-01
 3.14145e+22	0.00e+00	3.16e-29	6.21e-24	1.69e-19	1.04e-15	1.57e-12	9.34e-10	3.40e-07	4.02e-04	3.92e-02	9.60e-01
 3.16361e+22	0.00e+00	4.11e-29	7.83e-24	2.07e-19	1.24e-15	1.82e-12	1.05e-09	3.72e-07	4.26e-04	4.04e-02	9.59e-01
 3.18737e+22	0.00e+00	5.64e-29	1.04e-23	2.65e-19	1.53e-15	2.17e-12	1.21e-09	4.14e-07	4.58e-04	4.18e-02	9.58e-01
 3.21304e+22	0.00e+00	7.66e-29	1.36e-23	3.36e-19	1.88e-15	2.57e-12	1.39e-09	4.59e-07	4.91e-04	4.32e-02	9.56e-01
 3.23719e+22	0.00e+00	1.03e-28	1.77e-23	4.23e-19	2.29e-15	3.04e-12	1.59e-09	5.07e-07	5.25e-04	4.47e-02	9.55e-01
 3.26459e+22	0.00e+00	1.51e-28	2.49e-23	5.71e-19	2.97e-15	3.77e-12	1.89e-09	5.78e-07	5.72e-04	4.66e-02	9.53e-01
 3.29091e+22	0.00e+00	2.04e-28	3.25e-23	7.20e-19	3.62e-15	4.46e-12	2.16e-09	6.38e-07	6.11e-04	4.81e-02	9.51e-01
 3.31210e+22	0.00e+00	2.67e-28	4.13e-23	8.88e-19	4.34e-15	5.18e-12	2.44e-09	6.99e-07	6.50e-04	4.96e-02	9.50e-01
 3.33590e+22	0.00e+00	3.73e-28	5.56e-23	1.15e-18	5.42e-15	6.25e-12	2.83e-09	7.82e-07	7.00e-04	5.14e-02	9.48e-01
 3.36108e+22	0.00e+00	5.04e-28	7.26e-23	1.46e-18	6.63e-15	7.40e-12	3.24e-09	8.65e-07	7.48e-04	5.31e-02	9.46e-01
 3.38450e+22	3.22e-34	6.87e-28	9.56e-23	1.85e-18	8.16e-15	8.79e-12	3.72e-09	9.59e-07	8.01e-04	5.49e-02	9.44e-01
 3.40775e+22	4.54e-34	9.35e-28	1.26e-22	2.35e-18	1.00e-14	1.04e-11	4.27e-09	1.06e-06	8.58e-04	5.68e-02	9.42e-01
 3.42999e+22	6.30e-34	1.25e-27	1.63e-22	2.96e-18	1.22e-14	1.23e-11	4.86e-09	1.17e-06	9.15e-04	5.86e-02	9.41e-01
 3.45112e+22	8.64e-34	1.66e-27	2.10e-22	3.68e-18	1.47e-14	1.44e-11	5.51e-09	1.29e-06	9.74e-04	6.04e-02	9.39e-01
 3.47515e+22	1.30e-33	2.40e-27	2.90e-22	4.89e-18	1.88e-14	1.76e-11	6.48e-09	1.45e-06	1.05e-03	6.27e-02	9.36e-01
 3.49962e+22	1.82e-33	3.24e-27	3.79e-22	6.18e-18	2.30e-14	2.09e-11	7.41e-09	1.60e-06	1.13e-03	6.48e-02	9.34e-01
 3.52468e+22	2.81e-33	4.79e-27	5.35e-22	8.36e-18	2.98e-14	2.59e-11	8.80e-09	1.82e-06	1.23e-03	6.75e-02	9.31e-01
 3.54979e+22	4.06e-33	6.66e-27	7.17e-22	1.08e-17	3.71e-14	3.11e-11	1.02e-08	2.03e-06	1.32e-03	6.98e-02	9.29e-01
 3.57032e+22	5.63e-33	8.92e-27	9.28e-22	1.35e-17	4.50e-14	3.66e-11	1.16e-08	2.23e-06	1.40e-03	7.19e-02	9.27e-01
 3.59234e+22	8.19e-33	1.25e-26	1.25e-21	1.75e-17	5.62e-14	4.41e-11	1.34e-08	2.48e-06	1.51e-03	7.45e-02	9.24e-01
 3.61567e+22	1.18e-32	1.73e-26	1.67e-21	2.26e-17	6.99e-14	5.28e-11	1.55e-08	2.76e-06	1.62e-03	7.70e-02	9.21e-01
 3.63658e+22	1.66e-32	2.35e-26	2.19e-21	2.86e-17	8.55e-14	6.25e-11	1.77e-08	3.04e-06	1.72e-03	7.94e-02	9.19e-01
 3.65963e+22	2.57e-32	3.47e-26	3.09e-21	3.87e-17	1.11e-13	7.76e-11	2.10e-08	3.45e-06	1.87e-03	8.26e-02	9.16e-01
 3.68286e+22	3.63e-32	4.74e-26	4.07e-21	4.92e-17	1.36e-13	9.21e-11	2.40e-08	3.81e-06	2.00e-03	8.53e-02	9.13e-01
 3.70274e+22	5.12e-32	6.44e-26	5.34e-21	6.24e-17	1.67e-13	1.09e-10	2.74e-08	4.20e-06	2.13e-03	8.79e-02	9.10e-01
 3.72207e+22	7.07e-32	8.59e-26	6.90e-21	7.80e-17	2.02e-13	1.28e-10	3.11e-08	4.61e-06	2.27e-03	9.05e-02	9.07e-01
 3.74424e+22	1.08e-31	1.25e-25	9.62e-21	1.04e-16	2.59e-13	1.57e-10	3.67e-08	5.20e-06	2.45e-03	9.39e-02	9.04e-01
 3.76679e+22	1.56e-31	1.74e-25	1.29e-20	1.35e-16	3.23e-13	1.89e-10	4.23e-08	5.77e-06	2.62e-03	9.70e-02	9.00e-01
 3.78620e+22	2.20e-31	2.38e-25	1.69e-20	1.71e-16	3.96e-13	2.24e-10	4.84e-08	6.37e-06	2.80e-03	9.99e-02	8.97e-01
 3.80782e+22	3.41e-31	3.51e-25	2.39e-20	2.31e-16	5.13e-13	2.78e-10	5.72e-08	7.20e-06	3.03e-03	1.04e-01	8.93e-01
 3.82921e+22	4.76e-31	4.73e-25	3.12e-20	2.91e-16	6.25e-13	3.27e-10	6.52e-08	7.91e-06	3.22e-03	1.07e-01	8.90e-01
 3.85030e+22	7.33e-31	6.97e-25	4.39e-20	3.92e-16	8.07e-13	4.05e-10	7.69e-08	8.93e-06	3.49e-03	1.11e-01	8.86e-01
 3.87174e+22	1.04e-30	9.55e-25	5.80e-20	5.01e-16	9.95e-13	4.82e-10	8.82e-08	9.87e-06	3.72e-03	1.14e-01	8.82e-01
 3.89045e+22	1.47e-30	1.30e-24	7.60e-20	6.33e-16	1.22e-12	5.70e-10	1.01e-07	1.09e-05	3.96e-03	1.18e-01	8.78e-01
 3.91159e+22	2.25e-30	1.90e-24	1.07e-19	8.51e-16	1.57e-12	7.03e-10	1.19e-07	1.22e-05	4.28e-03	1.22e-01	8.74e-01
 3.93321e+22	3.28e-30	2.66e-24	1.44e-19	1.10e-15	1.96e-12	8.46e-10	1.37e-07	1.36e-05	4.58e-03	1.26e-01	8.70e-01
 3.95206e+22	4.70e-30	3.67e-24	1.91e-19	1.41e-15	2.42e-12	1.01e-09	1.57e-07	1.50e-05	4.89e-03	1.30e-01	8.66e-01
 3.97317e+22	7.24e-30	5.41e-24	2.69e-19	1.91e-15	3.13e-12	1.25e-09	1.86e-07	1.70e-05	5.28e-03	1.34e-01	8.60e-01
 3.99459e+22	1.06e-29	7.59e-24	3.63e-19	2.48e-15	3.92e-12	1.50e-09	2.15e-07	1.88e-05	5.65e-03	1.39e-01	8.56e-01
 4.01313e+22	1.51e-29	1.04e-23	4.80e-19	3.16e-15	4.83e-12	1.79e-09	2.46e-07	2.08e-05	6.02e-03	1.43e-01	8.51e-01
 4.03395e+22	2.35e-29	1.55e-23	6.81e-19	4.29e-15	6.27e-12	2.22e-09	2.91e-07	2.35e-05	6.51e-03	1.48e-01	8.46e-01
 4.05560e+22	3.51e-29	2.22e-23	9.36e-19	5.66e-15	7.96e-12	2.71e-09	3.40e-07	2.62e-05	6.99e-03	1.53e-01	8.40e-01
 4.07494e+22	5.05e-29	3.08e-23	1.25e-18	7.27e-15	9.87e-12	3.23e-09	3.91e-07	2.90e-05	7.45e-03	1.57e-01	8.35e-01
 4.09385e+22	7.47e-29	4.37e-23	1.70e-18	9.52e-15	1.24e-11	3.92e-09	4.53e-07	3.22e-05	7.97e-03	1.62e-01	8.30e-01
 4.11185e+22	1.05e-28	5.90e-23	2.22e-18	1.20e-14	1.52e-11	4.62e-09	5.15e-07	3.54e-05	8.45e-03	1.66e-01	8.25e-01
 4.13156e+22	1.63e-28	8.80e-23	3.16e-18	1.63e-14	1.97e-11	5.74e-09	6.10e-07	3.99e-05	9.13e-03	1.72e-01	8.19e-01
 4.15162e+22	2.41e-28	1.24e-22	4.29e-18	2.13e-14	2.48e-11	6.93e-09	7.06e-07	4.43e-05	9.76e-03	1.77e-01	8.13e-01
 4.16775e+22	3.27e-28	1.64e-22	5.46e-18	2.63e-14	2.97e-11	8.05e-09	7.93e-07	4.82e-05	1.03e-02	1.81e-01	8.08e-01
 4.18429e+22	4.79e-28	2.30e-22	7.39e-18	3.42e-14	3.72e-11	9.70e-09	9.17e-07	5.34e-05	1.10e-02	1.87e-01	8.02e-01
 4.20026e+22	6.41e-28	2.99e-22	9.30e-18	4.18e-14	4.41e-11	1.12e-08	1.02e-06	5.78e-05	1.15e-02	1.91e-01	7.98e-01
 4.21331e+22	8.49e-28	3.84e-22	1.16e-17	5.07e-14	5.20e-11	1.28e-08	1.14e-06	6.23e-05	1.21e-02	1.95e-01	7.93e-01
 4.22811e+22	1.21e-27	5.27e-22	1.53e-17	6.46e-14	6.40e-11	1.52e-08	1.30e-06	6.84e-05	1.28e-02	2.00e-01	7.87e-01
 4.24253e+22	1.59e-27	6.73e-22	1.90e-17	7.80e-14	7.51e-11	1.74e-08	1.44e-06	7.36e-05	1.34e-02	2.04e-01	7.83e-01
 4.25449e+22	2.08e-27	8.57e-22	2.35e-17	9.38e-14	8.80e-11	1.98e-08	1.59e-06	7.91e-05	1.40e-02	2.08e-01	7.78e-01
 4.26810e+22	2.89e-27	1.15e-21	3.05e-17	1.18e-13	1.07e-10	2.32e-08	1.80e-06	8.63e-05	1.48e-02	2.12e-01	7.73e-01
 4.28145e+22	3.75e-27	1.45e-21	3.75e-17	1.41e-13	1.25e-10	2.63e-08	1.98e-06	9.24e-05	1.55e-02	2.16e-01	7.68e-01
 4.29256e+22	4.86e-27	1.83e-21	4.60e-17	1.68e-13	1.45e-10	2.99e-08	2.18e-06	9.90e-05	1.61e-02	2.20e-01	7.63e-01
 4.30341e+22	6.23e-27	2.29e-21	5.59e-17	1.99e-13	1.68e-10	3.37e-08	2.39e-06	1.06e-04	1.68e-02	2.24e-01	7.59e-01
 4.31582e+22	8.54e-27	3.04e-21	7.17e-17	2.47e-13	2.02e-10	3.92e-08	2.69e-06	1.15e-04	1.77e-02	2.29e-01	7.53e-01
 4.32852e+22	1.11e-26	3.85e-21	8.85e-17	2.97e-13	2.35e-10	4.46e-08	2.97e-06	1.23e-04	1.85e-02	2.33e-01	7.48e-01
 4.33983e+22	1.44e-26	4.85e-21	1.08e-16	3.54e-13	2.74e-10	5.04e-08	3.27e-06	1.32e-04	1.93e-02	2.37e-01	7.43e-01
 4.35056e+22	1.87e-26	6.12e-21	1.33e-16	4.22e-13	3.18e-10	5.71e-08	3.59e-06	1.41e-04	2.01e-02	2.41e-01	7.38e-01
 4.36045e+22	2.37e-26	7.57e-21	1.60e-16	4.97e-13	3.66e-10	6.40e-08	3.92e-06	1.50e-04	2.08e-02	2.45e-01	7.34e-01
 4.37148e+22	3.18e-26	9.86e-21	2.02e-16	6.08e-13	4.34e-10	7.38e-08	4.37e-06	1.61e-04	2.19e-02	2.50e-01	7.28e-01
 4.38280e+22	4.21e-26	1.27e-20	2.52e-16	7.36e-13	5.11e-10	8.44e-08	4.84e-06	1.73e-04	2.28e-02	2.54e-01	7.23e-01
 4.39251e+22	5.29e-26	1.56e-20	3.02e-16	8.61e-13	5.84e-10	9.42e-08	5.27e-06	1.84e-04	2.37e-02	2.58e-01	7.18e-01
 4.40312e+22	7.11e-26	2.02e-20	3.81e-16	1.05e-12	6.94e-10	1.08e-07	5.87e-06	1.98e-04	2.48e-02	2.63e-01	7.12e-01
 4.41427e+22	9.51e-26	2.63e-20	4.79e-16	1.28e-12	8.21e-10	1.25e-07	6.53e-06	2.14e-04	2.59e-02	2.68e-01	7.06e-01
 4.42414e+22	1.20e-25	3.24e-20	5.76e-16	1.51e-12	9.41e-10	1.39e-07	7.11e-06	2.27e-04	2.69e-02	2.72e-01	7.01e-01
 4.43496e+22	1.67e-25	4.34e-20	7.44e-16	1.88e-12	1.14e-09	1.63e-07	8.01e-06	2.46e-04	2.83e-02	2.77e-01	6.94e-01
 4.44612e+22	2.21e-25	5.58e-20	9.28e-16	2.28e-12	1.34e-09	1.86e-07	8.87e-06	2.65e-04	2.95e-02	2.82e-01	6.88e-01
 4.45574e+22	2.81e-25	6.94e-20	1.12e-15	2.68e-12	1.54e-09	2.09e-07	9.69e-06	2.81e-04	3.07e-02	2.86e-01	6.83e-01
 4.46628e+22	4.03e-25	9.56e-20	1.49e-15	3.42e-12	1.89e-09	2.48e-07	1.10e-05	3.08e-04	3.24e-02	2.92e-01	6.75e-01
 4.47669e+22	5.12e-25	1.19e-19	1.80e-15	4.03e-12	2.18e-09	2.78e-07	1.20e-05	3.27e-04	3.36e-02	2.96e-01	6.70e-01
 4.48694e+22	7.26e-25	1.62e-19	2.36e-15	5.10e-12	2.66e-09	3.28e-07	1.37e-05	3.57e-04	3.54e-02	3.02e-01	6.62e-01
 4.49700e+22	9.17e-25	2.00e-19	2.84e-15	5.99e-12	3.05e-09	3.67e-07	1.49e-05	3.79e-04	3.67e-02	3.07e-01	6.56e-01
 4.50681e+22	1.30e-24	2.74e-19	3.74e-15	7.59e-12	3.73e-09	4.33e-07	1.69e-05	4.13e-04	3.87e-02	3.13e-01	6.48e-01
 4.51659e+22	1.66e-24	3.39e-19	4.52e-15	8.93e-12	4.29e-09	4.86e-07	1.84e-05	4.39e-04	4.01e-02	3.17e-01	6.43e-01
 4.52632e+22	2.36e-24	4.65e-19	5.96e-15	1.13e-11	5.25e-09	5.74e-07	2.09e-05	4.79e-04	4.22e-02	3.23e-01	6.34e-01
 4.53613e+22	3.04e-24	5.85e-19	7.28e-15	1.35e-11	6.09e-09	6.49e-07	2.30e-05	5.11e-04	4.39e-02	3.28e-01	6.28e-01
 4.54604e+22	4.38e-24	8.11e-19	9.69e-15	1.72e-11	7.51e-09	7.72e-07	2.62e-05	5.59e-04	4.63e-02	3.34e-01	6.19e-01
 4.55604e+22	5.70e-24	1.03e-18	1.19e-14	2.06e-11	8.74e-09	8.74e-07	2.88e-05	5.97e-04	4.82e-02	3.39e-01	6.12e-01
 4.56615e+22	8.17e-24	1.42e-18	1.58e-14	2.63e-11	1.08e-08	1.04e-06	3.29e-05	6.54e-04	5.08e-02	3.45e-01	6.03e-01
 4.57618e+22	1.07e-23	1.81e-18	1.96e-14	3.16e-11	1.26e-08	1.18e-06	3.63e-05	7.00e-04	5.29e-02	3.50e-01	5.96e-01
 4.58610e+22	1.53e-23	2.49e-18	2.59e-14	4.02e-11	1.55e-08	1.40e-06	4.14e-05	7.65e-04	5.58e-02	3.56e-01	5.87e-01
 4.59621e+22	2.04e-23	3.22e-18	3.24e-14	4.88e-11	1.83e-08	1.61e-06	4.60e-05	8.22e-04	5.82e-02	3.62e-01	5.79e-01
 4.60656e+22	2.97e-23	4.51e-18	4.35e-14	6.29e-11	2.27e-08	1.93e-06	5.28e-05	9.04e-04	6.16e-02	3.68e-01	5.69e-01
 4.61698e+22	3.96e-23	5.83e-18	5.46e-14	7.65e-11	2.68e-08	2.21e-06	5.88e-05	9.72e-04	6.43e-02	3.74e-01	5.61e-01
 4.62746e+22	5.79e-23	8.19e-18	7.35e-14	9.88e-11	3.34e-08	2.66e-06	6.76e-05	1.07e-03	6.80e-02	3.80e-01	5.51e-01
 4.63802e+22	7.71e-23	1.06e-17	9.22e-14	1.20e-10	3.95e-08	3.06e-06	7.53e-05	1.15e-03	7.09e-02	3.86e-01	5.42e-01
 4.64719e+22	1.02e-22	1.37e-17	1.15e-13	1.46e-10	4.66e-08	3.51e-06	8.37e-05	1.24e-03	7.40e-02	3.91e-01	5.34e-01
 4.65761e+22	1.48e-22	1.91e-17	1.54e-13	1.87e-10	5.78e-08	4.20e-06	9.63e-05	1.36e-03	7.82e-02	3.97e-01	5.23e-01
 4.66793e+22	1.92e-22	2.41e-17	1.89e-13	2.23e-10	6.73e-08	4.77e-06	1.06e-04	1.46e-03	8.13e-02	4.02e-01	5.15e-01
 4.67809e+22	2.70e-22	3.27e-17	2.48e-13	2.82e-10	8.22e-08	5.64e-06	1.21e-04	1.59e-03	8.55e-02	4.08e-01	5.05e-01
 4.68856e+22	3.56e-22	4.19e-17	3.08e-13	3.40e-10	9.67e-08	6.47e-06	1.34e-04	1.71e-03	8.91e-02	4.13e-01	4.96e-01
 4.69943e+22	5.08e-22	5.77e-17	4.08e-13	4.34e-10	1.19e-07	7.72e-06	1.54e-04	1.88e-03	9.40e-02	4.19e-01	4.85e-01
 4.71043e+22	6.63e-22	7.33e-17	5.04e-13	5.20e-10	1.40e-07	8.81e-06	1.71e-04	2.01e-03	9.78e-02	4.23e-01	4.77e-01
 4.72161e+22	9.42e-22	1.01e-16	6.66e-13	6.62e-10	1.72e-07	1.05e-05	1.96e-04	2.21e-03	1.03e-01	4.29e-01	4.65e-01
 4.73303e+22	1.23e-21	1.28e-16	8.21e-13	7.94e-10	2.01e-07	1.20e-05	2.17e-04	2.37e-03	1.07e-01	4.34e-01	4.57e-01
 4.74476e+22	1.73e-21	1.74e-16	1.08e-12	1.01e-09	2.47e-07	1.43e-05	2.49e-04	2.60e-03	1.13e-01	4.39e-01	4.45e-01
 4.75673e+22	2.25e-21	2.21e-16	1.33e-12	1.21e-09	2.90e-07	1.63e-05	2.76e-04	2.79e-03	1.18e-01	4.43e-01	4.36e-01
 4.76899e+22	3.17e-21	3.01e-16	1.75e-12	1.53e-09	3.56e-07	1.94e-05	3.16e-04	3.06e-03	1.24e-01	4.48e-01	4.24e-01
 4.78135e+22	4.09e-21	3.79e-16	2.15e-12	1.83e-09	4.15e-07	2.21e-05	3.50e-04	3.28e-03	1.29e-01	4.52e-01	4.15e-01
 4.79383e+22	5.69e-21	5.11e-16	2.80e-12	2.30e-09	5.07e-07	2.61e-05	4.00e-04	3.58e-03	1.35e-01	4.57e-01	4.04e-01
 4.80594e+22	7.11e-21	6.25e-16	3.34e-12	2.68e-09	5.80e-07	2.93e-05	4.37e-04	3.81e-03	1.40e-01	4.60e-01	3.96e-01
 4.81757e+22	9.53e-21	8.15e-16	4.23e-12	3.29e-09	6.93e-07	3.41e-05	4.92e-04	4.12e-03	1.46e-01	4.64e-01	3.86e-01
 4.82948e+22	1.19e-20	1.00e-15	5.08e-12	3.86e-09	7.95e-07	3.83e-05	5.39e-04	4.39e-03	1.51e-01	4.66e-01	3.78e-01
 4.84176e+22	1.61e-20	1.31e-15	6.46e-12	4.76e-09	9.55e-07	4.47e-05	6.09e-04	4.76e-03	1.58e-01	4.70e-01	3.67e-01
 4.85419e+22	2.00e-20	1.60e-15	7.70e-12	5.54e-09	1.09e-06	5.00e-05	6.65e-04	5.06e-03	1.63e-01	4.72e-01	3.59e-01
 4.86682e+22	2.67e-20	2.07e-15	9.71e-12	6.78e-09	1.30e-06	5.80e-05	7.47e-04	5.47e-03	1.70e-01	4.75e-01	3.48e-01
 4.87934e+22	3.30e-20	2.52e-15	1.15e-11	7.87e-09	1.48e-06	6.48e-05	8.15e-04	5.80e-03	1.75e-01	4.77e-01	3.41e-01
 4.89174e+22	4.35e-20	3.23e-15	1.44e-11	9.57e-09	1.76e-06	7.49e-05	9.13e-04	6.27e-03	1.83e-01	4.79e-01	3.31e-01
 4.90427e+22	5.33e-20	3.89e-15	1.70e-11	1.10e-08	1.99e-06	8.32e-05	9.91e-04	6.62e-03	1.88e-01	4.81e-01	3.23e-01
 4.91695e+22	6.98e-20	4.97e-15	2.12e-11	1.34e-08	2.35e-06	9.58e-05	1.11e-03	7.14e-03	1.96e-01	4.83e-01	3.13e-01
 4.92988e+22	8.56e-20	5.98e-15	2.50e-11	1.54e-08	2.67e-06	1.07e-04	1.20e-03	7.55e-03	2.01e-01	4.84e-01	3.06e-01
 4.94312e+22	1.12e-19	7.65e-15	3.11e-11	1.87e-08	3.15e-06	1.23e-04	1.35e-03	8.14e-03	2.09e-01	4.85e-01	2.96e-01
 4.95660e+22	1.38e-19	9.23e-15	3.68e-11	2.16e-08	3.58e-06	1.37e-04	1.46e-03	8.61e-03	2.15e-01	4.86e-01	2.88e-01
 4.97040e+22	1.80e-19	1.18e-14	4.58e-11	2.62e-08	4.24e-06	1.58e-04	1.64e-03	9.28e-03	2.24e-01	4.86e-01	2.79e-01
 4.98445e+22	2.22e-19	1.43e-14	5.42e-11	3.04e-08	4.81e-06	1.76e-04	1.78e-03	9.81e-03	2.30e-01	4.87e-01	2.71e-01
 4.99884e+22	2.91e-19	1.82e-14	6.76e-11	3.68e-08	5.70e-06	2.02e-04	1.99e-03	1.06e-02	2.39e-01	4.87e-01	2.61e-01
 5.01290e+22	3.49e-19	2.16e-14	7.86e-11	4.20e-08	6.38e-06	2.23e-04	2.14e-03	1.11e-02	2.45e-01	4.87e-01	2.55e-01
 5.02654e+22	4.49e-19	2.72e-14	9.66e-11	5.03e-08	7.47e-06	2.55e-04	2.38e-03	1.19e-02	2.54e-01	4.86e-01	2.46e-01
 5.04039e+22	5.41e-19	3.21e-14	1.12e-10	5.73e-08	8.37e-06	2.80e-04	2.56e-03	1.25e-02	2.60e-01	4.85e-01	2.39e-01
 5.05453e+22	6.92e-19	4.03e-14	1.37e-10	6.83e-08	9.76e-06	3.19e-04	2.84e-03	1.34e-02	2.68e-01	4.84e-01	2.31e-01
 5.06909e+22	8.45e-19	4.83e-14	1.62e-10	7.88e-08	1.10e-05	3.53e-04	3.07e-03	1.41e-02	2.75e-01	4.83e-01	2.24e-01
 5.08423e+22	1.08e-18	6.07e-14	1.98e-10	9.41e-08	1.29e-05	4.02e-04	3.40e-03	1.51e-02	2.84e-01	4.81e-01	2.16e-01
 5.09987e+22	1.34e-18	7.35e-14	2.36e-10	1.09e-07	1.47e-05	4.49e-04	3.70e-03	1.59e-02	2.92e-01	4.80e-01	2.08e-01
 5.11614e+22	1.73e-18	9.31e-14	2.91e-10	1.32e-07	1.72e-05	5.13e-04	4.10e-03	1.71e-02	3.01e-01	4.77e-01	2.00e-01
 5.13286e+22	2.15e-18	1.13e-13	3.48e-10	1.53e-07	1.97e-05	5.73e-04	4.47e-03	1.81e-02	3.09e-01	4.75e-01	1.93e-01
 5.15016e+22	2.81e-18	1.45e-13	4.33e-10	1.86e-07	2.32e-05	6.57e-04	4.97e-03	1.94e-02	3.19e-01	4.71e-01	1.84e-01
 5.16802e+22	3.52e-18	1.78e-13	5.20e-10	2.18e-07	2.67e-05	7.38e-04	5.43e-03	2.05e-02	3.27e-01	4.68e-01	1.77e-01
 5.18663e+22	4.66e-18	2.30e-13	6.53e-10	2.66e-07	3.16e-05	8.51e-04	6.06e-03	2.20e-02	3.38e-01	4.64e-01	1.69e-01
 5.20575e+22	5.89e-18	2.84e-13	7.91e-10	3.14e-07	3.65e-05	9.58e-04	6.64e-03	2.33e-02	3.47e-01	4.60e-01	1.62e-01
 5.22294e+22	7.37e-18	3.49e-13	9.49e-10	3.67e-07	4.18e-05	1.07e-03	7.23e-03	2.47e-02	3.55e-01	4.56e-01	1.56e-01
 5.24269e+22	9.88e-18	4.56e-13	1.21e-09	4.53e-07	5.01e-05	1.25e-03	8.12e-03	2.66e-02	3.66e-01	4.51e-01	1.47e-01
 5.26257e+22	1.23e-17	5.59e-13	1.45e-09	5.30e-07	5.73e-05	1.39e-03	8.83e-03	2.80e-02	3.75e-01	4.46e-01	1.41e-01
 5.28259e+22	1.65e-17	7.27e-13	1.83e-09	6.51e-07	6.84e-05	1.61e-03	9.87e-03	3.01e-02	3.86e-01	4.40e-01	1.33e-01
 5.30305e+22	2.08e-17	8.99e-13	2.22e-09	7.67e-07	7.88e-05	1.81e-03	1.08e-02	3.19e-02	3.95e-01	4.34e-01	1.27e-01
 5.32406e+22	2.78e-17	1.18e-12	2.82e-09	9.46e-07	9.45e-05	2.11e-03	1.21e-02	3.42e-02	4.06e-01	4.27e-01	1.19e-01
 5.34539e+22	3.52e-17	1.46e-12	3.42e-09	1.12e-06	1.09e-04	2.37e-03	1.32e-02	3.63e-02	4.15e-01	4.20e-01	1.13e-01
 5.36716e+22	4.75e-17	1.92e-12	4.39e-09	1.39e-06	1.32e-04	2.77e-03	1.49e-02	3.90e-02	4.26e-01	4.11e-01	1.05e-01
 5.38903e+22	5.97e-17	2.37e-12	5.30e-09	1.64e-06	1.52e-04	3.12e-03	1.63e-02	4.13e-02	4.35e-01	4.04e-01	1.00e-01
 5.40718e+22	7.32e-17	2.86e-12	6.28e-09	1.90e-06	1.72e-04	3.47e-03	1.76e-02	4.34e-02	4.43e-01	3.98e-01	9.51e-02
 5.42692e+22	9.48e-17	3.64e-12	7.80e-09	2.30e-06	2.03e-04	3.98e-03	1.96e-02	4.63e-02	4.53e-01	3.89e-01	8.88e-02
 5.44659e+22	1.15e-16	4.35e-12	9.19e-09	2.65e-06	2.30e-04	4.41e-03	2.12e-02	4.86e-02	4.60e-01	3.82e-01	8.43e-02
 5.46616e+22	1.47e-16	5.48e-12	1.13e-08	3.18e-06	2.71e-04	5.05e-03	2.35e-02	5.18e-02	4.69e-01	3.72e-01	7.85e-02
 5.48599e+22	1.79e-16	6.57e-12	1.34e-08	3.68e-06	3.07e-04	5.61e-03	2.54e-02	5.43e-02	4.76e-01	3.64e-01	7.43e-02
 5.50614e+22	2.28e-16	8.25e-12	1.65e-08	4.42e-06	3.61e-04	6.44e-03	2.82e-02	5.80e-02	4.85e-01	3.53e-01	6.87e-02
 5.52654e+22	2.76e-16	9.86e-12	1.94e-08	5.11e-06	4.09e-04	7.15e-03	3.05e-02	6.08e-02	4.91e-01	3.45e-01	6.47e-02
 5.54726e+22	3.49e-16	1.23e-11	2.39e-08	6.14e-06	4.82e-04	8.21e-03	3.39e-02	6.49e-02	4.99e-01	3.34e-01	5.95e-02
 5.56838e+22	4.20e-16	1.47e-11	2.81e-08	7.10e-06	5.48e-04	9.15e-03	3.69e-02	6.82e-02	5.05e-01	3.24e-01	5.56e-02
 5.59002e+22	5.27e-16	1.83e-11	3.46e-08	8.54e-06	6.47e-04	1.05e-02	4.10e-02	7.28e-02	5.13e-01	3.12e-01	5.07e-02
 5.61208e+22	6.29e-16	2.18e-11	4.07e-08	9.87e-06	7.37e-04	1.18e-02	4.46e-02	7.66e-02	5.18e-01	3.02e-01	4.70e-02
 5.63471e+22	7.79e-16	2.69e-11	4.99e-08	1.19e-05	8.71e-04	1.36e-02	4.97e-02	8.18e-02	5.24e-01	2.88e-01	4.24e-02
 5.65754e+22	9.15e-16	3.16e-11	5.82e-08	1.37e-05	9.89e-04	1.52e-02	5.40e-02	8.60e-02	5.27e-01	2.77e-01	3.90e-02
 5.67672e+22	1.05e-15	3.63e-11	6.67e-08	1.55e-05	1.11e-03	1.67e-02	5.82e-02	8.99e-02	5.30e-01	2.67e-01	3.61e-02
 5.69753e+22	1.23e-15	4.29e-11	7.88e-08	1.80e-05	1.28e-03	1.89e-02	6.40e-02	9.51e-02	5.33e-01	2.55e-01	3.27e-02
 5.71850e+22	1.39e-15	4.87e-11	8.96e-08	2.03e-05	1.43e-03	2.09e-02	6.88e-02	9.93e-02	5.35e-01	2.45e-01	3.01e-02
 5.73901e+22	1.58e-15	5.62e-11	1.04e-07	2.33e-05	1.63e-03	2.34e-02	7.49e-02	1.05e-01	5.36e-01	2.33e-01	2.71e-02
 5.75993e+22	1.76e-15	6.32e-11	1.17e-07	2.62e-05	1.82e-03	2.57e-02	8.05e-02	1.09e-01	5.36e-01	2.22e-01	2.48e-02
 5.78044e+22	1.94e-15	7.12e-11	1.34e-07	2.97e-05	2.05e-03	2.86e-02	8.71e-02	1.14e-01	5.35e-01	2.11e-01	2.24e-02
 5.80138e+22	2.12e-15	7.92e-11	1.50e-07	3.33e-05	2.29e-03	3.15e-02	9.35e-02	1.19e-01	5.33e-01	2.00e-01	2.03e-02
 5.82206e+22	2.29e-15	8.77e-11	1.69e-07	3.73e-05	2.56e-03	3.47e-02	1.00e-01	1.24e-01	5.30e-01	1.90e-01	1.83e-02
 5.84287e+22	2.45e-15	9.62e-11	1.88e-07	4.16e-05	2.84e-03	3.80e-02	1.07e-01	1.30e-01	5.26e-01	1.79e-01	1.64e-02
 5.86342e+22	2.59e-15	1.05e-10	2.09e-07	4.63e-05	3.15e-03	4.16e-02	1.15e-01	1.35e-01	5.22e-01	1.69e-01	1.48e-02
 5.88394e+22	2.72e-15	1.14e-10	2.31e-07	5.13e-05	3.49e-03	4.54e-02	1.22e-01	1.39e-01	5.17e-01	1.60e-01	1.33e-02
 5.90449e+22	2.84e-15	1.22e-10	2.55e-07	5.68e-05	3.85e-03	4.94e-02	1.29e-01	1.44e-01	5.11e-01	1.50e-01	1.19e-02
 5.92511e+22	2.94e-15	1.32e-10	2.80e-07	6.28e-05	4.25e-03	5.37e-02	1.37e-01	1.49e-01	5.04e-01	1.41e-01	1.07e-02
 5.94584e+22	3.03e-15	1.41e-10	3.08e-07	6.94e-05	4.68e-03	5.83e-02	1.45e-01	1.54e-01	4.96e-01	1.32e-01	9.54e-03
 5.96676e+22	3.11e-15	1.51e-10	3.39e-07	7.67e-05	5.16e-03	6.32e-02	1.53e-01	1.59e-01	4.88e-01	1.24e-01	8.51e-03
 5.98791e+22	3.18e-15	1.61e-10	3.73e-07	8.49e-05	5.69e-03	6.84e-02	1.61e-01	1.63e-01	4.79e-01	1.16e-01	7.56e-03
 6.00918e+22	3.25e-15	1.73e-10	4.11e-07	9.40e-05	6.26e-03	7.39e-02	1.69e-01	1.68e-01	4.69e-01	1.08e-01	6.72e-03
 6.03078e+22	3.32e-15	1.85e-10	4.54e-07	1.04e-04	6.91e-03	7.98e-02	1.77e-01	1.72e-01	4.58e-01	1.00e-01	5.94e-03
 6.05262e+22	3.39e-15	1.98e-10	5.02e-07	1.16e-04	7.62e-03	8.60e-02	1.85e-01	1.76e-01	4.47e-01	9.31e-02	5.26e-03
 6.07488e+22	3.47e-15	2.13e-10	5.58e-07	1.30e-04	8.43e-03	9.29e-02	1.93e-01	1.80e-01	4.35e-01	8.61e-02	4.61e-03
 6.09755e+22	3.56e-15	2.30e-10	6.22e-07	1.45e-04	9.31e-03	1.00e-01	2.01e-01	1.83e-01	4.23e-01	7.95e-02	4.06e-03
 6.11834e+22	3.64e-15	2.46e-10	6.83e-07	1.60e-04	1.01e-02	1.06e-01	2.08e-01	1.86e-01	4.12e-01	7.43e-02	3.63e-03
 6.14005e+22	3.75e-15	2.69e-10	7.71e-07	1.81e-04	1.13e-02	1.15e-01	2.16e-01	1.89e-01	3.98e-01	6.79e-02	3.15e-03
 6.16207e+22	3.89e-15	2.90e-10	8.55e-07	2.00e-04	1.23e-02	1.22e-01	2.23e-01	1.91e-01	3.86e-01	6.32e-02	2.81e-03
 6.18469e+22	4.07e-15	3.22e-10	9.78e-07	2.29e-04	1.37e-02	1.31e-01	2.31e-01	1.93e-01	3.71e-01	5.74e-02	2.42e-03
 6.20735e+22	4.25e-15	3.51e-10	1.09e-06	2.54e-04	1.49e-02	1.39e-01	2.37e-01	1.94e-01	3.59e-01	5.33e-02	2.15e-03
 6.23007e+22	4.50e-15	3.92e-10	1.26e-06	2.91e-04	1.67e-02	1.50e-01	2.44e-01	1.96e-01	3.43e-01	4.82e-02	1.84e-03
 6.25288e+22	4.77e-15	4.32e-10	1.41e-06	3.24e-04	1.81e-02	1.58e-01	2.50e-01	1.96e-01	3.31e-01	4.46e-02	1.64e-03
 6.27582e+22	5.14e-15	4.90e-10	1.64e-06	3.73e-04	2.02e-02	1.70e-01	2.56e-01	1.97e-01	3.15e-01	4.02e-02	1.40e-03
 6.29902e+22	5.53e-15	5.46e-10	1.85e-06	4.17e-04	2.20e-02	1.79e-01	2.61e-01	1.96e-01	3.03e-01	3.70e-02	1.23e-03
 6.32253e+22	6.08e-15	6.29e-10	2.17e-06	4.82e-04	2.45e-02	1.91e-01	2.67e-01	1.96e-01	2.87e-01	3.32e-02	1.05e-03
 6.34638e+22	6.65e-15	7.09e-10	2.48e-06	5.41e-04	2.67e-02	2.01e-01	2.71e-01	1.95e-01	2.74e-01	3.04e-02	9.19e-04
 6.37065e+22	7.50e-15	8.31e-10	2.94e-06	6.28e-04	2.99e-02	2.15e-01	2.76e-01	1.93e-01	2.58e-01	2.70e-02	7.73e-04
 6.39538e+22	8.37e-15	9.51e-10	3.38e-06	7.08e-04	3.25e-02	2.26e-01	2.79e-01	1.91e-01	2.46e-01	2.46e-02	6.74e-04
 6.42070e+22	9.69e-15	1.14e-09	4.06e-06	8.28e-04	3.64e-02	2.40e-01	2.83e-01	1.88e-01	2.29e-01	2.17e-02	5.61e-04
 6.44662e+22	1.11e-14	1.32e-09	4.72e-06	9.38e-04	3.97e-02	2.52e-01	2.85e-01	1.85e-01	2.17e-01	1.96e-02	4.84e-04
 6.47331e+22	1.32e-14	1.61e-09	5.74e-06	1.10e-03	4.45e-02	2.68e-01	2.87e-01	1.81e-01	2.01e-01	1.71e-02	3.97e-04
 6.50044e+22	1.55e-14	1.90e-09	6.72e-06	1.25e-03	4.85e-02	2.81e-01	2.88e-01	1.77e-01	1.89e-01	1.53e-02	3.40e-04
 6.52331e+22	1.79e-14	2.21e-09	7.74e-06	1.41e-03	5.24e-02	2.92e-01	2.89e-01	1.73e-01	1.78e-01	1.39e-02	2.95e-04
 6.54821e+22	2.17e-14	2.70e-09	9.31e-06	1.63e-03	5.78e-02	3.07e-01	2.89e-01	1.68e-01	1.65e-01	1.21e-02	2.45e-04
 6.57232e+22	2.52e-14	3.12e-09	1.06e-05	1.81e-03	6.19e-02	3.17e-01	2.88e-01	1.64e-01	1.55e-01	1.10e-02	2.14e-04
 6.59541e+22	3.05e-14	3.77e-09	1.26e-05	2.07e-03	6.76e-02	3.31e-01	2.87e-01	1.59e-01	1.44e-01	9.70e-03	1.79e-04
 6.61874e+22	3.59e-14	4.39e-09	1.44e-05	2.29e-03	7.22e-02	3.41e-01	2.85e-01	1.54e-01	1.35e-01	8.80e-03	1.56e-04
 6.64241e+22	4.43e-14	5.35e-09	1.71e-05	2.61e-03	7.87e-02	3.55e-01	2.83e-01	1.49e-01	1.25e-01	7.70e-03	1.30e-04
 6.66643e+22	5.27e-14	6.26e-09	1.96e-05	2.90e-03	8.39e-02	3.65e-01	2.80e-01	1.44e-01	1.17e-01	6.93e-03	1.13e-04
 6.69093e+22	6.62e-14	7.72e-09	2.35e-05	3.32e-03	9.14e-02	3.78e-01	2.76e-01	1.38e-01	1.07e-01	6.02e-03	9.29e-05
 6.71577e+22	7.97e-14	9.09e-09	2.69e-05	3.67e-03	9.73e-02	3.88e-01	2.73e-01	1.33e-01	9.97e-02	5.39e-03	8.00e-05
 6.74105e+22	1.02e-13	1.13e-08	3.23e-05	4.20e-03	1.06e-01	4.01e-01	2.68e-01	1.26e-01	9.06e-02	4.64e-03	6.52e-05
 6.76679e+22	1.24e-13	1.34e-08	3.72e-05	4.66e-03	1.13e-01	4.10e-01	2.64e-01	1.21e-01	8.40e-02	4.13e-03	5.57e-05
 6.79314e+22	1.61e-13	1.68e-08	4.48e-05	5.34e-03	1.22e-01	4.22e-01	2.57e-01	1.14e-01	7.57e-02	3.52e-03	4.50e-05
 6.82008e+22	1.99e-13	2.01e-08	5.19e-05	5.93e-03	1.30e-01	4.31e-01	2.52e-01	1.09e-01	6.97e-02	3.10e-03	3.79e-05
 6.84781e+22	2.62e-13	2.55e-08	6.28e-05	6.79e-03	1.41e-01	4.41e-01	2.44e-01	1.02e-01	6.23e-02	2.62e-03	3.03e-05
 6.87624e+22	3.29e-13	3.08e-08	7.31e-05	7.56e-03	1.49e-01	4.49e-01	2.38e-01	9.65e-02	5.68e-02	2.28e-03	2.52e-05
 6.90559e+22	4.42e-13	3.95e-08	8.89e-05	8.68e-03	1.62e-01	4.58e-01	2.29e-01	8.96e-02	5.03e-02	1.90e-03	1.98e-05
 6.93522e+22	5.56e-13	4.77e-08	1.03e-04	9.63e-03	1.71e-01	4.65e-01	2.23e-01	8.44e-02	4.57e-02	1.65e-03	1.64e-05
 6.96518e+22	7.54e-13	6.14e-08	1.26e-04	1.10e-02	1.85e-01	4.72e-01	2.13e-01	7.78e-02	4.01e-02	1.36e-03	1.27e-05
 6.99546e+22	9.49e-13	7.41e-08	1.46e-04	1.22e-02	1.95e-01	4.76e-01	2.06e-01	7.30e-02	3.63e-02	1.18e-03	1.05e-05
 7.02615e+22	1.30e-12	9.56e-08	1.77e-04	1.40e-02	2.09e-01	4.81e-01	1.96e-01	6.68e-02	3.17e-02	9.64e-04	8.09e-06
 7.05602e+22	1.61e-12	1.14e-07	2.03e-04	1.53e-02	2.19e-01	4.84e-01	1.89e-01	6.27e-02	2.87e-02	8.37e-04	6.73e-06
 7.08481e+22	2.13e-12	1.43e-07	2.42e-04	1.72e-02	2.33e-01	4.86e-01	1.80e-01	5.76e-02	2.53e-02	6.96e-04	5.29e-06
 7.11516e+22	2.74e-12	1.75e-07	2.81e-04	1.90e-02	2.45e-01	4.87e-01	1.72e-01	5.33e-02	2.25e-02	5.90e-04	4.27e-06
 7.14085e+22	3.35e-12	2.06e-07	3.19e-04	2.06e-02	2.55e-01	4.88e-01	1.65e-01	5.00e-02	2.05e-02	5.15e-04	3.58e-06
 7.16756e+22	4.31e-12	2.52e-07	3.71e-04	2.28e-02	2.68e-01	4.87e-01	1.57e-01	4.61e-02	1.82e-02	4.34e-04	2.87e-06
 7.19519e+22	5.36e-12	3.00e-07	4.23e-04	2.49e-02	2.79e-01	4.86e-01	1.50e-01	4.29e-02	1.63e-02	3.73e-04	2.36e-06
 7.22009e+22	6.62e-12	3.55e-07	4.80e-04	2.70e-02	2.90e-01	4.84e-01	1.43e-01	4.00e-02	1.47e-02	3.23e-04	1.95e-06
 7.24854e+22	8.60e-12	4.37e-07	5.61e-04	2.98e-02	3.04e-01	4.81e-01	1.35e-01	3.65e-02	1.29e-02	2.68e-04	1.54e-06
 7.27800e+22	1.09e-11	5.27e-07	6.45e-04	3.26e-02	3.16e-01	4.77e-01	1.28e-01	3.36e-02	1.15e-02	2.27e-04	1.24e-06
 7.30422e+22	1.35e-11	6.23e-07	7.31e-04	3.53e-02	3.27e-01	4.73e-01	1.22e-01	3.12e-02	1.03e-02	1.94e-04	1.02e-06
 7.33373e+22	1.76e-11	7.69e-07	8.54e-04	3.89e-02	3.41e-01	4.67e-01	1.14e-01	2.83e-02	8.95e-03	1.60e-04	7.93e-07
 7.36463e+22	2.24e-11	9.30e-07	9.83e-04	4.25e-02	3.54e-01	4.61e-01	1.07e-01	2.58e-02	7.87e-03	1.34e-04	6.31e-07
 7.39261e+22	2.80e-11	1.11e-06	1.12e-03	4.60e-02	3.66e-01	4.55e-01	1.01e-01	2.37e-02	6.98e-03	1.13e-04	5.09e-07
 7.42425e+22	3.70e-11	1.38e-06	1.31e-03	5.08e-02	3.81e-01	4.46e-01	9.39e-02	2.13e-02	5.98e-03	9.14e-05	3.88e-07
 7.45686e+22	4.74e-11	1.68e-06	1.51e-03	5.54e-02	3.93e-01	4.38e-01	8.76e-02	1.93e-02	5.22e-03	7.56e-05	3.04e-07
 7.48586e+22	5.95e-11	2.00e-06	1.72e-03	5.99e-02	4.05e-01	4.29e-01	8.20e-02	1.76e-02	4.59e-03	6.33e-05	2.43e-07
 7.51870e+22	7.90e-11	2.50e-06	2.02e-03	6.60e-02	4.19e-01	4.18e-01	7.53e-02	1.57e-02	3.89e-03	5.05e-05	1.82e-07
 7.55276e+22	1.02e-10	3.05e-06	2.33e-03	7.18e-02	4.31e-01	4.08e-01	6.97e-02	1.41e-02	3.36e-03	4.12e-05	1.41e-07
 7.58334e+22	1.29e-10	3.65e-06	2.66e-03	7.76e-02	4.42e-01	3.97e-01	6.47e-02	1.27e-02	2.92e-03	3.41e-05	0.00e+00
 7.61804e+22	1.74e-10	4.61e-06	3.14e-03	8.55e-02	4.56e-01	3.83e-01	5.87e-02	1.12e-02	2.44e-03	2.66e-05	0.00e+00
 7.65385e+22	2.24e-10	5.61e-06	3.61e-03	9.27e-02	4.66e-01	3.71e-01	5.39e-02	9.99e-03	2.09e-03	2.15e-05	0.00e+00
 7.68619e+22	2.86e-10	6.77e-06	4.13e-03	1.00e-01	4.76e-01	3.59e-01	4.95e-02	8.94e-03	1.79e-03	1.75e-05	0.00e+00
 7.72332e+22	3.92e-10	8.64e-06	4.91e-03	1.10e-01	4.88e-01	3.43e-01	4.42e-02	7.73e-03	1.46e-03	1.33e-05	0.00e+00
 7.76070e+22	5.05e-10	1.05e-05	5.64e-03	1.19e-01	4.97e-01	3.30e-01	4.03e-02	6.86e-03	1.24e-03	1.06e-05	0.00e+00
 7.79841e+22	6.83e-10	1.32e-05	6.64e-03	1.30e-01	5.07e-01	3.14e-01	3.59e-02	5.93e-03	1.02e-03	8.13e-06	0.00e+00
 7.83697e+22	8.91e-10	1.62e-05	7.65e-03	1.41e-01	5.14e-01	2.99e-01	3.24e-02	5.21e-03	8.51e-04	6.38e-06	0.00e+00
 7.87090e+22	1.14e-09	1.96e-05	8.72e-03	1.51e-01	5.20e-01	2.86e-01	2.93e-02	4.61e-03	7.20e-04	5.09e-06	0.00e+00
 7.90930e+22	1.56e-09	2.48e-05	1.03e-02	1.64e-01	5.26e-01	2.69e-01	2.57e-02	3.93e-03	5.78e-04	3.80e-06	0.00e+00
 7.94859e+22	2.02e-09	3.02e-05	1.18e-02	1.76e-01	5.30e-01	2.55e-01	2.30e-02	3.44e-03	4.80e-04	2.96e-06	0.00e+00
 7.98905e+22	2.78e-09	3.84e-05	1.39e-02	1.92e-01	5.33e-01	2.37e-01	2.00e-02	2.90e-03	3.82e-04	2.18e-06	0.00e+00
 8.03015e+22	3.63e-09	4.70e-05	1.60e-02	2.06e-01	5.35e-01	2.23e-01	1.78e-02	2.51e-03	3.13e-04	1.67e-06	0.00e+00
 8.06658e+22	4.68e-09	5.70e-05	1.82e-02	2.19e-01	5.35e-01	2.10e-01	1.58e-02	2.18e-03	2.58e-04	1.30e-06	0.00e+00
 8.10845e+22	6.48e-09	7.27e-05	2.15e-02	2.37e-01	5.33e-01	1.93e-01	1.35e-02	1.82e-03	2.01e-04	9.28e-07	0.00e+00
 8.15091e+22	8.40e-09	8.83e-05	2.45e-02	2.52e-01	5.30e-01	1.80e-01	1.19e-02	1.56e-03	1.64e-04	7.07e-07	0.00e+00
 8.18783e+22	1.08e-08	1.06e-04	2.77e-02	2.67e-01	5.26e-01	1.67e-01	1.04e-02	1.35e-03	1.34e-04	5.42e-07	0.00e+00
 8.22305e+22	1.35e-08	1.26e-04	3.10e-02	2.81e-01	5.21e-01	1.57e-01	9.29e-03	1.18e-03	1.11e-04	4.25e-07	0.00e+00
 8.25654e+22	1.69e-08	1.48e-04	3.46e-02	2.94e-01	5.15e-01	1.46e-01	8.25e-03	1.03e-03	9.24e-05	3.33e-07	0.00e+00
 8.29426e+22	2.23e-08	1.82e-04	3.97e-02	3.12e-01	5.06e-01	1.34e-01	7.09e-03	8.64e-04	7.30e-05	2.44e-07	0.00e+00
 8.33196e+22	2.78e-08	2.15e-04	4.41e-02	3.26e-01	4.99e-01	1.24e-01	6.27e-03	7.50e-04	6.03e-05	1.90e-07	0.00e+00
 8.36962e+22	3.65e-08	2.62e-04	5.03e-02	3.43e-01	4.87e-01	1.13e-01	5.36e-03	6.28e-04	4.73e-05	1.38e-07	0.00e+00
 8.40794e+22	4.56e-08	3.09e-04	5.59e-02	3.57e-01	4.77e-01	1.04e-01	4.70e-03	5.41e-04	3.87e-05	0.00e+00	0.00e+00
 8.44713e+22	6.01e-08	3.78e-04	6.36e-02	3.75e-01	4.63e-01	9.38e-02	3.97e-03	4.47e-04	2.99e-05	0.00e+00	0.00e+00
 8.48672e+22	7.48e-08	4.43e-04	7.05e-02	3.89e-01	4.50e-01	8.60e-02	3.47e-03	3.83e-04	2.43e-05	0.00e+00	0.00e+00
 8.52683e+22	9.97e-08	5.46e-04	8.04e-02	4.06e-01	4.33e-01	7.64e-02	2.88e-03	3.11e-04	1.84e-05	0.00e+00	0.00e+00
 8.56686e+22	1.23e-07	6.36e-04	8.86e-02	4.19e-01	4.20e-01	6.97e-02	2.51e-03	2.66e-04	1.49e-05	0.00e+00	0.00e+00
 8.59895e+22	1.48e-07	7.25e-04	9.61e-02	4.29e-01	4.07e-01	6.42e-02	2.22e-03	2.31e-04	1.24e-05	0.00e+00	0.00e+00
 8.63283e+22	1.84e-07	8.51e-04	1.06e-01	4.41e-01	3.92e-01	5.80e-02	1.91e-03	1.95e-04	9.87e-06	0.00e+00	0.00e+00
 8.66720e+22	2.22e-07	9.70e-04	1.15e-01	4.51e-01	3.78e-01	5.31e-02	1.67e-03	1.68e-04	8.13e-06	0.00e+00	0.00e+00
 8.69743e+22	2.64e-07	1.10e-03	1.24e-01	4.60e-01	3.65e-01	4.86e-02	1.47e-03	1.46e-04	6.73e-06	0.00e+00	0.00e+00
 8.73194e+22	3.29e-07	1.29e-03	1.37e-01	4.69e-01	3.48e-01	4.35e-02	1.25e-03	1.21e-04	5.29e-06	0.00e+00	0.00e+00
 8.76688e+22	3.94e-07	1.46e-03	1.47e-01	4.77e-01	3.33e-01	3.95e-02	1.09e-03	1.04e-04	4.32e-06	0.00e+00	0.00e+00
 8.79747e+22	4.69e-07	1.65e-03	1.59e-01	4.83e-01	3.19e-01	3.59e-02	9.57e-04	8.93e-05	3.54e-06	0.00e+00	0.00e+00
 8.83234e+22	5.84e-07	1.93e-03	1.74e-01	4.90e-01	3.02e-01	3.17e-02	8.04e-04	7.33e-05	2.74e-06	0.00e+00	0.00e+00
 8.86749e+22	6.91e-07	2.17e-03	1.86e-01	4.95e-01	2.88e-01	2.87e-02	7.02e-04	6.27e-05	2.24e-06	0.00e+00	0.00e+00
 8.90301e+22	8.55e-07	2.51e-03	2.03e-01	4.99e-01	2.70e-01	2.52e-02	5.88e-04	5.12e-05	1.73e-06	0.00e+00	0.00e+00
 8.93906e+22	1.02e-06	2.84e-03	2.18e-01	5.02e-01	2.55e-01	2.25e-02	5.05e-04	4.31e-05	1.38e-06	0.00e+00	0.00e+00
 8.97071e+22	1.21e-06	3.19e-03	2.32e-01	5.03e-01	2.41e-01	2.02e-02	4.37e-04	3.65e-05	1.12e-06	0.00e+00	0.00e+00
 9.00678e+22	1.48e-06	3.67e-03	2.51e-01	5.03e-01	2.24e-01	1.75e-02	3.63e-04	2.95e-05	8.52e-07	0.00e+00	0.00e+00
 9.04364e+22	1.76e-06	4.14e-03	2.68e-01	5.02e-01	2.10e-01	1.55e-02	3.10e-04	2.45e-05	6.74e-07	0.00e+00	0.00e+00
 9.07646e+22	2.08e-06	4.63e-03	2.85e-01	5.00e-01	1.97e-01	1.37e-02	2.65e-04	2.04e-05	5.37e-07	0.00e+00	0.00e+00
 9.11406e+22	2.56e-06	5.33e-03	3.07e-01	4.95e-01	1.80e-01	1.17e-02	2.17e-04	1.62e-05	4.00e-07	0.00e+00	0.00e+00
 9.15224e+22	3.05e-06	5.98e-03	3.26e-01	4.90e-01	1.67e-01	1.03e-02	1.83e-04	1.33e-05	3.12e-07	0.00e+00	0.00e+00
 9.18609e+22	3.59e-06	6.67e-03	3.45e-01	4.84e-01	1.55e-01	8.98e-03	1.54e-04	1.09e-05	2.45e-07	0.00e+00	0.00e+00
 9.22501e+22	4.41e-06	7.64e-03	3.70e-01	4.75e-01	1.40e-01	7.55e-03	1.24e-04	8.44e-06	1.79e-07	0.00e+00	0.00e+00
 9.25202e+22	4.67e-06	7.92e-03	3.76e-01	4.72e-01	1.36e-01	7.20e-03	1.17e-04	7.89e-06	1.65e-07	0.00e+00	0.00e+00
