#depth	C	C+	C+2	C+3	C+4	C+5	C+6	C[1]	C[2]	C[3]	C+[1]	C+[2]	CO
 1.54284e+22	0.00e+00	2.70e-26	6.83e-20	2.00e-14	7.31e-09	1.48e-04	1.00e+00	0.00e+00	0.00e+00	0.00e+00	0.00e+00	0.00e+00	3.12e-129
 3.46943e+22	0.00e+00	2.16e-25	3.68e-19	7.24e-14	1.70e-08	2.23e-04	1.00e+00	0.00e+00	0.00e+00	0.00e+00	0.00e+00	0.00e+00	5.02e-120
 4.08493e+22	0.00e+00	7.41e-25	9.98e-19	1.56e-13	2.81e-08	2.84e-04	1.00e+00	0.00e+00	0.00e+00	0.00e+00	0.00e+00	0.00e+00	9.34e-116
 4.50209e+22	1.55e-32	1.97e-24	2.21e-18	2.87e-13	4.20e-08	3.43e-04	1.00e+00	0.00e+00	0.00e+00	0.00e+00	0.00e+00	0.00e+00	2.04e-92
 4.73384e+22	2.08e-32	2.53e-24	2.70e-18	3.35e-13	4.65e-08	3.61e-04	1.00e+00	0.00e+00	0.00e+00	0.00e+00	0.00e+00	0.00e+00	6.63e-91
 4.82486e+22	2.75e-32	3.18e-24	3.27e-18	3.88e-13	5.12e-08	3.78e-04	1.00e+00	0.00e+00	0.00e+00	0.00e+00	0.00e+00	0.00e+00	1.39e-89
 4.92760e+22	3.90e-32	4.28e-24	4.16e-18	4.67e-13	5.78e-08	4.00e-04	1.00e+00	0.00e+00	0.00e+00	0.00e+00	0.00e+00	0.00e+00	5.28e-89
 5.03283e+22	5.26e-32	5.49e-24	5.09e-18	5.46e-13	6.41e-08	4.20e-04	1.00e+00	0.00e+00	0.00e+00	0.00e+00	0.00e+00	0.00e+00	6.46e-89
 5.12454e+22	6.98e-32	6.97e-24	6.18e-18	6.34e-13	7.06e-08	4.40e-04	1.00e+00	0.00e+00	0.00e+00	0.00e+00	0.00e+00	0.00e+00	1.32e-88
 5.22702e+22	9.74e-32	9.23e-24	7.77e-18	7.60e-13	7.95e-08	4.65e-04	1.00e+00	0.00e+00	0.00e+00	0.00e+00	0.00e+00	0.00e+00	1.24e-87
 5.32577e+22	1.29e-31	1.16e-23	9.38e-18	8.77e-13	8.74e-08	4.87e-04	1.00e+00	0.00e+00	0.00e+00	0.00e+00	0.00e+00	0.00e+00	2.17e-87
 5.40242e+22	1.63e-31	1.42e-23	1.10e-17	9.92e-13	9.48e-08	5.07e-04	9.99e-01	0.00e+00	0.00e+00	0.00e+00	0.00e+00	0.00e+00	2.15e-87
 5.48481e+22	2.12e-31	1.78e-23	1.32e-17	1.15e-12	1.04e-07	5.29e-04	9.99e-01	0.00e+00	0.00e+00	0.00e+00	0.00e+00	0.00e+00	8.76e-87
 5.57521e+22	2.80e-31	2.24e-23	1.60e-17	1.33e-12	1.15e-07	5.54e-04	9.99e-01	0.00e+00	0.00e+00	0.00e+00	0.00e+00	0.00e+00	1.04e-86
 5.65871e+22	3.57e-31	2.75e-23	1.89e-17	1.51e-12	1.25e-07	5.77e-04	9.99e-01	0.00e+00	0.00e+00	0.00e+00	0.00e+00	0.00e+00	1.52e-86
 5.74994e+22	4.80e-31	3.53e-23	2.31e-17	1.77e-12	1.39e-07	6.06e-04	9.99e-01	0.00e+00	0.00e+00	0.00e+00	0.00e+00	0.00e+00	1.29e-86
 5.84387e+22	6.31e-31	4.44e-23	2.78e-17	2.05e-12	1.52e-07	6.34e-04	9.99e-01	0.00e+00	0.00e+00	0.00e+00	0.00e+00	0.00e+00	2.78e-86
 5.92399e+22	8.03e-31	5.43e-23	3.28e-17	2.33e-12	1.66e-07	6.60e-04	9.99e-01	0.00e+00	0.00e+00	0.00e+00	0.00e+00	0.00e+00	1.71e-85
 6.01084e+22	1.07e-30	6.91e-23	3.99e-17	2.71e-12	1.83e-07	6.92e-04	9.99e-01	0.00e+00	0.00e+00	0.00e+00	0.00e+00	0.00e+00	2.37e-85
 6.10162e+22	1.39e-30	8.61e-23	4.77e-17	3.11e-12	2.01e-07	7.23e-04	9.99e-01	0.00e+00	0.00e+00	0.00e+00	0.00e+00	0.00e+00	8.50e-86
 6.17659e+22	1.73e-30	1.04e-22	5.54e-17	3.50e-12	2.17e-07	7.51e-04	9.99e-01	0.00e+00	0.00e+00	0.00e+00	0.00e+00	0.00e+00	1.43e-84
 6.24280e+22	2.12e-30	1.23e-22	6.37e-17	3.90e-12	2.33e-07	7.76e-04	9.99e-01	0.00e+00	0.00e+00	0.00e+00	0.00e+00	0.00e+00	7.04e-85
 6.31853e+22	2.70e-30	1.51e-22	7.54e-17	4.45e-12	2.54e-07	8.08e-04	9.99e-01	0.00e+00	0.00e+00	0.00e+00	0.00e+00	0.00e+00	2.72e-84
 6.40099e+22	3.46e-30	1.86e-22	8.91e-17	5.06e-12	2.77e-07	8.42e-04	9.99e-01	0.00e+00	0.00e+00	0.00e+00	0.00e+00	0.00e+00	2.20e-84
 6.47609e+22	4.32e-30	2.23e-22	1.04e-16	5.68e-12	2.99e-07	8.73e-04	9.99e-01	0.00e+00	0.00e+00	0.00e+00	0.00e+00	0.00e+00	8.89e-84
 6.54593e+22	5.35e-30	2.68e-22	1.20e-16	6.37e-12	3.22e-07	9.05e-04	9.99e-01	0.00e+00	0.00e+00	0.00e+00	0.00e+00	0.00e+00	2.39e-83
 6.62506e+22	6.93e-30	3.34e-22	1.44e-16	7.33e-12	3.53e-07	9.45e-04	9.99e-01	0.00e+00	0.00e+00	0.00e+00	0.00e+00	0.00e+00	3.00e-83
 6.70656e+22	8.75e-30	4.05e-22	1.68e-16	8.27e-12	3.83e-07	9.82e-04	9.99e-01	0.00e+00	0.00e+00	0.00e+00	0.00e+00	0.00e+00	3.08e-83
 6.77873e+22	1.09e-29	4.87e-22	1.95e-16	9.29e-12	4.13e-07	1.02e-03	9.99e-01	0.00e+00	0.00e+00	0.00e+00	0.00e+00	0.00e+00	3.70e-83
 6.84499e+22	1.33e-29	5.74e-22	2.23e-16	1.03e-11	4.43e-07	1.05e-03	9.99e-01	0.00e+00	0.00e+00	0.00e+00	0.00e+00	0.00e+00	1.17e-82
 6.90650e+22	1.60e-29	6.70e-22	2.53e-16	1.14e-11	4.72e-07	1.09e-03	9.99e-01	0.00e+00	0.00e+00	0.00e+00	0.00e+00	0.00e+00	2.35e-82
 6.97699e+22	1.99e-29	8.08e-22	2.95e-16	1.28e-11	5.11e-07	1.13e-03	9.99e-01	0.00e+00	0.00e+00	0.00e+00	0.00e+00	0.00e+00	2.89e-82
 7.05273e+22	2.49e-29	9.74e-22	3.43e-16	1.44e-11	5.52e-07	1.17e-03	9.99e-01	0.00e+00	0.00e+00	0.00e+00	0.00e+00	0.00e+00	2.72e-82
 7.12057e+22	3.05e-29	1.16e-21	3.94e-16	1.60e-11	5.93e-07	1.21e-03	9.99e-01	0.00e+00	0.00e+00	0.00e+00	0.00e+00	0.00e+00	1.04e-81
 7.19403e+22	3.88e-29	1.41e-21	4.64e-16	1.82e-11	6.45e-07	1.26e-03	9.99e-01	0.00e+00	0.00e+00	0.00e+00	0.00e+00	0.00e+00	2.66e-81
 7.27132e+22	4.86e-29	1.71e-21	5.40e-16	2.05e-11	6.98e-07	1.31e-03	9.99e-01	0.00e+00	0.00e+00	0.00e+00	0.00e+00	0.00e+00	4.64e-81
 7.33733e+22	5.91e-29	2.01e-21	6.17e-16	2.27e-11	7.48e-07	1.35e-03	9.99e-01	0.00e+00	0.00e+00	0.00e+00	0.00e+00	0.00e+00	2.17e-80
 7.40688e+22	7.40e-29	2.43e-21	7.20e-16	2.56e-11	8.10e-07	1.40e-03	9.99e-01	0.00e+00	0.00e+00	0.00e+00	0.00e+00	0.00e+00	3.74e-80
 7.48117e+22	9.19e-29	2.91e-21	8.33e-16	2.87e-11	8.73e-07	1.46e-03	9.99e-01	0.00e+00	0.00e+00	0.00e+00	0.00e+00	0.00e+00	6.47e-80
 7.54838e+22	1.12e-28	3.44e-21	9.54e-16	3.19e-11	9.37e-07	1.51e-03	9.98e-01	0.00e+00	0.00e+00	0.00e+00	0.00e+00	0.00e+00	1.06e-79
 7.62251e+22	1.42e-28	4.20e-21	1.12e-15	3.62e-11	1.02e-06	1.57e-03	9.98e-01	0.00e+00	0.00e+00	0.00e+00	0.00e+00	0.00e+00	1.92e-79
 7.69654e+22	1.76e-28	5.00e-21	1.29e-15	4.04e-11	1.10e-06	1.62e-03	9.98e-01	0.00e+00	0.00e+00	0.00e+00	0.00e+00	0.00e+00	3.23e-79
 7.75712e+22	2.11e-28	5.82e-21	1.46e-15	4.44e-11	1.17e-06	1.68e-03	9.98e-01	0.00e+00	0.00e+00	0.00e+00	0.00e+00	0.00e+00	5.06e-79
 7.82256e+22	2.60e-28	6.94e-21	1.68e-15	4.96e-11	1.26e-06	1.74e-03	9.98e-01	0.00e+00	0.00e+00	0.00e+00	0.00e+00	0.00e+00	8.53e-79
 7.89385e+22	3.21e-28	8.27e-21	1.94e-15	5.54e-11	1.36e-06	1.80e-03	9.98e-01	0.00e+00	0.00e+00	0.00e+00	0.00e+00	0.00e+00	1.44e-78
 7.95998e+22	3.89e-28	9.72e-21	2.21e-15	6.13e-11	1.45e-06	1.86e-03	9.98e-01	0.00e+00	0.00e+00	0.00e+00	0.00e+00	0.00e+00	2.34e-78
 8.03318e+22	4.92e-28	1.18e-20	2.60e-15	6.94e-11	1.58e-06	1.93e-03	9.98e-01	0.00e+00	0.00e+00	0.00e+00	0.00e+00	0.00e+00	4.19e-78
 8.10780e+22	6.10e-28	1.41e-20	2.99e-15	7.74e-11	1.70e-06	2.01e-03	9.98e-01	0.00e+00	0.00e+00	0.00e+00	0.00e+00	0.00e+00	7.16e-78
 8.16948e+22	7.33e-28	1.65e-20	3.38e-15	8.51e-11	1.81e-06	2.07e-03	9.98e-01	0.00e+00	0.00e+00	0.00e+00	0.00e+00	0.00e+00	1.13e-77
 8.23488e+22	9.04e-28	1.96e-20	3.90e-15	9.51e-11	1.95e-06	2.15e-03	9.98e-01	0.00e+00	0.00e+00	0.00e+00	0.00e+00	0.00e+00	1.91e-77
 8.30559e+22	1.11e-27	2.33e-20	4.48e-15	1.06e-10	2.10e-06	2.22e-03	9.98e-01	0.00e+00	0.00e+00	0.00e+00	0.00e+00	0.00e+00	3.19e-77
 8.37112e+22	1.35e-27	2.74e-20	5.10e-15	1.17e-10	2.25e-06	2.30e-03	9.98e-01	0.00e+00	0.00e+00	0.00e+00	0.00e+00	0.00e+00	5.21e-77
 8.44419e+22	1.71e-27	3.33e-20	5.97e-15	1.32e-10	2.44e-06	2.40e-03	9.98e-01	0.00e+00	0.00e+00	0.00e+00	0.00e+00	0.00e+00	9.38e-77
 8.52051e+22	2.15e-27	4.03e-20	6.94e-15	1.48e-10	2.64e-06	2.49e-03	9.98e-01	0.00e+00	0.00e+00	0.00e+00	0.00e+00	0.00e+00	1.67e-76
 8.58300e+22	2.57e-27	4.66e-20	7.81e-15	1.62e-10	2.81e-06	2.57e-03	9.97e-01	0.00e+00	0.00e+00	0.00e+00	0.00e+00	0.00e+00	2.58e-76
 8.64618e+22	3.16e-27	5.53e-20	8.95e-15	1.80e-10	3.02e-06	2.67e-03	9.97e-01	0.00e+00	0.00e+00	0.00e+00	0.00e+00	0.00e+00	4.36e-76
 8.71445e+22	3.85e-27	6.52e-20	1.02e-14	1.99e-10	3.23e-06	2.76e-03	9.97e-01	0.00e+00	0.00e+00	0.00e+00	0.00e+00	0.00e+00	7.18e-76
 8.77869e+22	4.68e-27	7.65e-20	1.16e-14	2.19e-10	3.46e-06	2.86e-03	9.97e-01	0.00e+00	0.00e+00	0.00e+00	0.00e+00	0.00e+00	1.17e-75
 8.85159e+22	5.93e-27	9.30e-20	1.35e-14	2.47e-10	3.75e-06	2.98e-03	9.97e-01	0.00e+00	0.00e+00	0.00e+00	0.00e+00	0.00e+00	2.13e-75
 8.92349e+22	7.32e-27	1.10e-19	1.55e-14	2.73e-10	4.03e-06	3.09e-03	9.97e-01	0.00e+00	0.00e+00	0.00e+00	0.00e+00	0.00e+00	3.61e-75
 8.98042e+22	8.68e-27	1.27e-19	1.73e-14	2.97e-10	4.27e-06	3.18e-03	9.97e-01	0.00e+00	0.00e+00	0.00e+00	0.00e+00	0.00e+00	5.53e-75
 9.04080e+22	1.06e-26	1.50e-19	1.97e-14	3.27e-10	4.58e-06	3.30e-03	9.97e-01	0.00e+00	0.00e+00	0.00e+00	0.00e+00	0.00e+00	9.23e-75
 9.10660e+22	1.29e-26	1.75e-19	2.23e-14	3.60e-10	4.89e-06	3.42e-03	9.97e-01	0.00e+00	0.00e+00	0.00e+00	0.00e+00	0.00e+00	1.50e-74
 9.16971e+22	1.57e-26	2.06e-19	2.53e-14	3.95e-10	5.22e-06	3.54e-03	9.96e-01	0.00e+00	0.00e+00	0.00e+00	0.00e+00	0.00e+00	2.48e-74
 9.23186e+22	1.91e-26	2.41e-19	2.87e-14	4.33e-10	5.58e-06	3.66e-03	9.96e-01	0.00e+00	0.00e+00	0.00e+00	0.00e+00	0.00e+00	4.08e-74
 9.29078e+22	2.29e-26	2.80e-19	3.22e-14	4.72e-10	5.93e-06	3.79e-03	9.96e-01	0.00e+00	0.00e+00	0.00e+00	0.00e+00	0.00e+00	6.49e-74
 9.35568e+22	2.88e-26	3.37e-19	3.72e-14	5.24e-10	6.40e-06	3.95e-03	9.96e-01	0.00e+00	0.00e+00	0.00e+00	0.00e+00	0.00e+00	1.16e-73
 9.42078e+22	3.46e-26	3.91e-19	4.18e-14	5.71e-10	6.80e-06	4.08e-03	9.96e-01	0.00e+00	0.00e+00	0.00e+00	0.00e+00	0.00e+00	1.86e-73
 9.47761e+22	4.17e-26	4.54e-19	4.68e-14	6.20e-10	7.22e-06	4.22e-03	9.96e-01	0.00e+00	0.00e+00	0.00e+00	0.00e+00	0.00e+00	3.00e-73
 9.54295e+22	5.27e-26	5.48e-19	5.41e-14	6.90e-10	7.80e-06	4.41e-03	9.96e-01	0.00e+00	0.00e+00	0.00e+00	0.00e+00	0.00e+00	5.46e-73
 9.60914e+22	6.37e-26	6.39e-19	6.08e-14	7.51e-10	8.30e-06	4.56e-03	9.95e-01	0.00e+00	0.00e+00	0.00e+00	0.00e+00	0.00e+00	8.91e-73
 9.66534e+22	7.62e-26	7.37e-19	6.79e-14	8.12e-10	8.80e-06	4.72e-03	9.95e-01	0.00e+00	0.00e+00	0.00e+00	0.00e+00	0.00e+00	1.42e-72
 9.71901e+22	9.08e-26	8.48e-19	7.56e-14	8.77e-10	9.31e-06	4.87e-03	9.95e-01	0.00e+00	0.00e+00	0.00e+00	0.00e+00	0.00e+00	2.23e-72
 9.78049e+22	1.13e-25	1.01e-18	8.65e-14	9.64e-10	9.99e-06	5.08e-03	9.95e-01	0.00e+00	0.00e+00	0.00e+00	0.00e+00	0.00e+00	3.98e-72
 9.84273e+22	1.36e-25	1.17e-18	9.65e-14	1.04e-09	1.06e-05	5.25e-03	9.95e-01	0.00e+00	0.00e+00	0.00e+00	0.00e+00	0.00e+00	6.36e-72
 9.90596e+22	1.71e-25	1.41e-18	1.11e-13	1.15e-09	1.14e-05	5.48e-03	9.95e-01	0.00e+00	0.00e+00	0.00e+00	0.00e+00	0.00e+00	1.16e-71
 9.96964e+22	2.08e-25	1.64e-18	1.24e-13	1.24e-09	1.21e-05	5.69e-03	9.94e-01	0.00e+00	0.00e+00	0.00e+00	0.00e+00	0.00e+00	1.94e-71
 1.00221e+23	2.46e-25	1.87e-18	1.37e-13	1.33e-09	1.28e-05	5.87e-03	9.94e-01	0.00e+00	0.00e+00	0.00e+00	0.00e+00	0.00e+00	2.97e-71
 1.00785e+23	3.03e-25	2.21e-18	1.55e-13	1.45e-09	1.36e-05	6.11e-03	9.94e-01	0.00e+00	0.00e+00	0.00e+00	0.00e+00	0.00e+00	5.18e-71
 1.01366e+23	3.64e-25	2.55e-18	1.73e-13	1.56e-09	1.44e-05	6.32e-03	9.94e-01	0.00e+00	0.00e+00	0.00e+00	0.00e+00	0.00e+00	8.39e-71
 1.01881e+23	4.32e-25	2.92e-18	1.91e-13	1.67e-09	1.52e-05	6.53e-03	9.93e-01	0.00e+00	0.00e+00	0.00e+00	0.00e+00	0.00e+00	1.32e-70
 1.02463e+23	5.37e-25	3.46e-18	2.17e-13	1.82e-09	1.63e-05	6.81e-03	9.93e-01	0.00e+00	0.00e+00	0.00e+00	0.00e+00	0.00e+00	2.35e-70
 1.03060e+23	6.70e-32	4.02e-18	2.42e-13	1.96e-09	1.72e-05	7.06e-03	9.93e-01	0.00e+00	0.00e+00	0.00e+00	0.00e+00	0.00e+00	2.47e-70
 1.03583e+23	8.26e-32	4.61e-18	2.68e-13	2.10e-09	1.82e-05	7.30e-03	9.93e-01	0.00e+00	0.00e+00	0.00e+00	0.00e+00	0.00e+00	1.37e-70
 1.04087e+23	1.02e-31	5.28e-18	2.96e-13	2.24e-09	1.92e-05	7.55e-03	9.92e-01	0.00e+00	0.00e+00	0.00e+00	0.00e+00	0.00e+00	1.13e-70
 1.04663e+23	1.31e-31	6.25e-18	3.35e-13	2.43e-09	2.05e-05	7.87e-03	9.92e-01	0.00e+00	0.00e+00	0.00e+00	0.00e+00	0.00e+00	1.10e-70
 1.05254e+23	8.82e-32	7.25e-18	3.74e-13	2.61e-09	2.17e-05	8.17e-03	9.92e-01	0.00e+00	0.00e+00	0.00e+00	0.00e+00	0.00e+00	6.68e-70
 1.05761e+23	1.08e-31	8.30e-18	4.13e-13	2.78e-09	2.29e-05	8.45e-03	9.92e-01	0.00e+00	0.00e+00	0.00e+00	0.00e+00	0.00e+00	1.06e-69
 1.06315e+23	1.39e-31	9.80e-18	4.66e-13	3.01e-09	2.44e-05	8.80e-03	9.91e-01	0.00e+00	0.00e+00	0.00e+00	0.00e+00	0.00e+00	1.88e-69
 1.06884e+23	1.73e-31	1.13e-17	5.17e-13	3.22e-09	2.58e-05	9.12e-03	9.91e-01	0.00e+00	0.00e+00	0.00e+00	0.00e+00	0.00e+00	3.07e-69
 1.07393e+23	2.13e-31	1.30e-17	5.71e-13	3.44e-09	2.72e-05	9.44e-03	9.91e-01	0.00e+00	0.00e+00	0.00e+00	0.00e+00	0.00e+00	4.95e-69
 1.07972e+23	2.77e-31	1.54e-17	6.48e-13	3.73e-09	2.92e-05	9.86e-03	9.90e-01	0.00e+00	0.00e+00	0.00e+00	0.00e+00	0.00e+00	9.02e-69
 1.08554e+23	3.47e-31	1.79e-17	7.20e-13	3.99e-09	3.08e-05	1.02e-02	9.90e-01	0.00e+00	0.00e+00	0.00e+00	0.00e+00	0.00e+00	1.50e-68
 1.09050e+23	4.27e-31	2.05e-17	7.94e-13	4.24e-09	3.25e-05	1.06e-02	9.89e-01	0.00e+00	0.00e+00	0.00e+00	0.00e+00	0.00e+00	2.41e-68
 1.09607e+23	5.52e-31	2.42e-17	8.98e-13	4.59e-09	3.47e-05	1.10e-02	9.89e-01	0.00e+00	0.00e+00	0.00e+00	0.00e+00	0.00e+00	4.36e-68
 1.10190e+23	6.99e-31	2.83e-17	1.00e-12	4.91e-09	3.69e-05	1.15e-02	9.88e-01	0.00e+00	0.00e+00	0.00e+00	0.00e+00	0.00e+00	7.50e-68
 1.10693e+23	8.57e-31	3.23e-17	1.10e-12	5.22e-09	3.88e-05	1.19e-02	9.88e-01	0.00e+00	0.00e+00	0.00e+00	0.00e+00	0.00e+00	1.20e-67
 1.11237e+23	1.11e-30	3.83e-17	1.25e-12	5.63e-09	4.15e-05	1.24e-02	9.88e-01	0.00e+00	0.00e+00	0.00e+00	0.00e+00	0.00e+00	2.18e-67
 1.11783e+23	1.38e-30	4.41e-17	1.38e-12	5.99e-09	4.38e-05	1.29e-02	9.87e-01	0.00e+00	0.00e+00	0.00e+00	0.00e+00	0.00e+00	3.60e-67
 1.12252e+23	1.69e-30	5.02e-17	1.51e-12	6.35e-09	4.61e-05	1.33e-02	9.87e-01	0.00e+00	0.00e+00	0.00e+00	5.02e-17	5.31e-26	5.68e-67
 1.12693e+23	2.04e-30	5.70e-17	1.65e-12	6.69e-09	4.83e-05	1.37e-02	9.86e-01	0.00e+00	0.00e+00	0.00e+00	5.70e-17	6.57e-24	8.92e-67
 1.13102e+23	2.45e-30	6.40e-17	1.80e-12	7.04e-09	5.06e-05	1.41e-02	9.86e-01	0.00e+00	0.00e+00	0.00e+00	6.40e-17	7.39e-24	1.35e-66
 1.13477e+23	2.90e-30	7.14e-17	1.94e-12	7.37e-09	5.27e-05	1.45e-02	9.85e-01	0.00e+00	0.00e+00	0.00e+00	7.14e-17	8.24e-24	2.00e-66
 1.13821e+23	3.35e-30	7.85e-17	2.08e-12	7.68e-09	5.47e-05	1.49e-02	9.85e-01	0.00e+00	0.00e+00	0.00e+00	7.85e-17	9.06e-24	2.80e-66
 1.14209e+23	4.07e-30	8.92e-17	2.28e-12	8.11e-09	5.75e-05	1.53e-02	9.85e-01	0.00e+00	0.00e+00	0.00e+00	8.92e-17	1.03e-23	4.41e-66
 1.14612e+23	4.86e-30	1.00e-16	2.47e-12	8.51e-09	6.01e-05	1.58e-02	9.84e-01	0.00e+00	0.00e+00	0.00e+00	1.00e-16	1.15e-23	6.67e-66
 1.14949e+23	5.69e-30	1.11e-16	2.65e-12	8.87e-09	6.25e-05	1.62e-02	9.84e-01	0.00e+00	0.00e+00	0.00e+00	1.11e-16	1.28e-23	9.61e-66
 1.15256e+23	6.59e-30	1.22e-16	2.84e-12	9.24e-09	6.48e-05	1.66e-02	9.83e-01	0.00e+00	0.00e+00	0.00e+00	1.22e-16	1.41e-23	1.35e-65
 1.15607e+23	7.90e-30	1.37e-16	3.09e-12	9.70e-09	6.78e-05	1.71e-02	9.83e-01	0.00e+00	0.00e+00	0.00e+00	1.37e-16	1.58e-23	2.07e-65
 1.15958e+23	9.20e-30	1.52e-16	3.32e-12	1.01e-08	7.05e-05	1.75e-02	9.82e-01	0.00e+00	0.00e+00	0.00e+00	1.52e-16	1.75e-23	2.95e-65
 1.16259e+23	1.07e-29	1.67e-16	3.55e-12	1.05e-08	7.31e-05	1.79e-02	9.82e-01	0.00e+00	0.00e+00	0.00e+00	1.67e-16	1.93e-23	4.15e-65
 1.16597e+23	1.28e-29	1.89e-16	3.87e-12	1.11e-08	7.66e-05	1.85e-02	9.81e-01	0.00e+00	0.00e+00	0.00e+00	1.89e-16	2.18e-23	6.40e-65
 1.16941e+23	1.49e-29	2.08e-16	4.15e-12	1.15e-08	7.96e-05	1.89e-02	9.81e-01	0.00e+00	0.00e+00	0.00e+00	2.08e-16	2.40e-23	9.08e-65
 1.17290e+23	1.83e-29	2.38e-16	4.56e-12	1.22e-08	8.37e-05	1.95e-02	9.80e-01	0.00e+00	0.00e+00	0.00e+00	2.38e-16	2.75e-23	1.47e-64
 1.17633e+23	2.14e-29	2.63e-16	4.90e-12	1.27e-08	8.70e-05	2.00e-02	9.80e-01	0.00e+00	0.00e+00	0.00e+00	2.63e-16	3.04e-23	2.08e-64
 1.17913e+23	2.48e-29	2.90e-16	5.25e-12	1.32e-08	9.03e-05	2.05e-02	9.79e-01	0.00e+00	0.00e+00	0.00e+00	2.90e-16	3.35e-23	2.96e-64
 1.18176e+23	2.86e-29	3.19e-16	5.61e-12	1.37e-08	9.35e-05	2.09e-02	9.79e-01	0.00e+00	0.00e+00	0.00e+00	3.19e-16	3.68e-23	4.11e-64
 1.18472e+23	3.41e-29	3.58e-16	6.10e-12	1.44e-08	9.77e-05	2.15e-02	9.78e-01	0.00e+00	0.00e+00	0.00e+00	3.58e-16	4.14e-23	6.19e-64
 1.18777e+23	4.01e-29	3.99e-16	6.58e-12	1.50e-08	1.02e-04	2.20e-02	9.78e-01	0.00e+00	0.00e+00	0.00e+00	3.99e-16	4.61e-23	9.00e-64
 1.19043e+23	4.62e-29	4.38e-16	7.04e-12	1.56e-08	1.05e-04	2.25e-02	9.77e-01	0.00e+00	0.00e+00	0.00e+00	4.38e-16	5.06e-23	1.25e-63
 1.19338e+23	5.64e-29	5.01e-16	7.74e-12	1.65e-08	1.11e-04	2.32e-02	9.77e-01	0.00e+00	0.00e+00	0.00e+00	5.01e-16	5.78e-23	1.98e-63
 1.19634e+23	6.59e-29	5.56e-16	8.33e-12	1.72e-08	1.15e-04	2.38e-02	9.76e-01	0.00e+00	0.00e+00	0.00e+00	5.56e-16	6.42e-23	2.83e-63
 1.19930e+23	8.06e-29	6.37e-16	9.19e-12	1.82e-08	1.21e-04	2.45e-02	9.75e-01	0.00e+00	0.00e+00	0.00e+00	6.37e-16	7.36e-23	4.51e-63
 1.20233e+23	9.59e-29	7.16e-16	9.99e-12	1.91e-08	1.26e-04	2.51e-02	9.75e-01	0.00e+00	0.00e+00	0.00e+00	7.16e-16	8.27e-23	6.70e-63
 1.20491e+23	1.12e-28	7.95e-16	1.08e-11	1.99e-08	1.31e-04	2.57e-02	9.74e-01	0.00e+00	0.00e+00	0.00e+00	7.95e-16	9.18e-23	9.53e-63
 1.20773e+23	1.38e-28	9.19e-16	1.20e-11	2.12e-08	1.39e-04	2.65e-02	9.73e-01	0.00e+00	0.00e+00	0.00e+00	9.19e-16	1.06e-22	1.55e-62
 1.21056e+23	1.64e-28	1.03e-15	1.30e-11	2.22e-08	1.45e-04	2.71e-02	9.73e-01	0.00e+00	0.00e+00	0.00e+00	1.03e-15	1.19e-22	2.27e-62
 1.21340e+23	2.06e-28	1.21e-15	1.46e-11	2.37e-08	1.53e-04	2.80e-02	9.72e-01	0.00e+00	0.00e+00	0.00e+00	1.21e-15	1.40e-22	3.81e-62
 1.21616e+23	2.41e-28	1.35e-15	1.58e-11	2.49e-08	1.59e-04	2.86e-02	9.71e-01	0.00e+00	0.00e+00	0.00e+00	1.35e-15	1.56e-22	5.40e-62
 1.21882e+23	2.90e-28	1.58e-15	1.77e-11	2.66e-08	1.68e-04	2.95e-02	9.70e-01	0.00e+00	0.00e+00	0.00e+00	1.58e-15	1.83e-22	9.07e-62
 1.22146e+23	3.40e-28	1.76e-15	1.92e-11	2.80e-08	1.75e-04	3.02e-02	9.70e-01	0.00e+00	0.00e+00	0.00e+00	1.76e-15	2.04e-22	1.28e-61
 1.22408e+23	4.34e-28	2.10e-15	2.18e-11	3.02e-08	1.86e-04	3.12e-02	9.69e-01	0.00e+00	0.00e+00	0.00e+00	2.10e-15	2.43e-22	2.22e-61
 1.22669e+23	5.14e-28	2.36e-15	2.39e-11	3.19e-08	1.94e-04	3.19e-02	9.68e-01	0.00e+00	0.00e+00	0.00e+00	2.36e-15	2.73e-22	3.22e-61
 1.22929e+23	6.59e-28	2.82e-15	2.72e-11	3.45e-08	2.06e-04	3.29e-02	9.67e-01	0.00e+00	0.00e+00	0.00e+00	2.82e-15	3.27e-22	5.56e-61
 1.23193e+23	7.96e-28	3.23e-15	3.01e-11	3.67e-08	2.16e-04	3.38e-02	9.66e-01	0.00e+00	0.00e+00	0.00e+00	3.23e-15	3.74e-22	8.40e-61
 1.23463e+23	1.04e-27	3.92e-15	3.48e-11	4.01e-08	2.31e-04	3.49e-02	9.65e-01	0.00e+00	0.00e+00	0.00e+00	3.92e-15	4.53e-22	1.50e-60
 1.23729e+23	1.24e-27	4.48e-15	3.84e-11	4.27e-08	2.41e-04	3.58e-02	9.64e-01	0.00e+00	0.00e+00	0.00e+00	4.48e-15	5.18e-22	2.23e-60
 1.23988e+23	1.61e-27	5.41e-15	4.43e-11	4.66e-08	2.57e-04	3.69e-02	9.63e-01	0.00e+00	0.00e+00	0.00e+00	5.41e-15	6.26e-22	3.89e-60
 1.24254e+23	1.99e-27	6.32e-15	4.99e-11	5.02e-08	2.71e-04	3.79e-02	9.62e-01	0.00e+00	0.00e+00	0.00e+00	6.32e-15	7.32e-22	6.14e-60
 1.24528e+23	2.63e-27	7.79e-15	5.84e-11	5.55e-08	2.90e-04	3.93e-02	9.60e-01	0.00e+00	0.00e+00	0.00e+00	7.79e-15	9.02e-22	1.12e-59
 1.24805e+23	3.30e-27	9.21e-15	6.64e-11	6.03e-08	3.07e-04	4.04e-02	9.59e-01	0.00e+00	0.00e+00	0.00e+00	9.21e-15	1.07e-21	1.82e-59
 1.25087e+23	4.43e-27	1.15e-14	7.87e-11	6.72e-08	3.30e-04	4.19e-02	9.58e-01	0.00e+00	0.00e+00	0.00e+00	1.15e-14	1.33e-21	3.41e-59
 1.25371e+23	5.58e-27	1.37e-14	8.99e-11	7.32e-08	3.49e-04	4.31e-02	9.57e-01	0.00e+00	0.00e+00	0.00e+00	1.37e-14	1.59e-21	5.56e-59
 1.25657e+23	7.45e-27	1.73e-14	1.08e-10	8.22e-08	3.77e-04	4.47e-02	9.55e-01	0.00e+00	0.00e+00	0.00e+00	1.73e-14	2.01e-21	1.07e-58
 1.25936e+23	9.25e-27	2.04e-14	1.22e-10	8.92e-08	3.97e-04	4.59e-02	9.54e-01	0.00e+00	0.00e+00	0.00e+00	2.04e-14	2.36e-21	1.68e-58
 1.26205e+23	1.24e-26	2.55e-14	1.45e-10	9.99e-08	4.27e-04	4.75e-02	9.52e-01	0.00e+00	0.00e+00	0.00e+00	2.55e-14	2.96e-21	3.11e-58
 1.26477e+23	1.54e-26	3.00e-14	1.65e-10	1.09e-07	4.51e-04	4.88e-02	9.51e-01	0.00e+00	0.00e+00	0.00e+00	3.00e-14	3.49e-21	4.88e-58
 1.26753e+23	2.05e-26	3.76e-14	1.96e-10	1.22e-07	4.84e-04	5.05e-02	9.49e-01	0.00e+00	0.00e+00	0.00e+00	3.76e-14	4.36e-21	8.98e-58
 1.27035e+23	2.58e-26	4.48e-14	2.25e-10	1.33e-07	5.13e-04	5.19e-02	9.48e-01	0.00e+00	0.00e+00	0.00e+00	4.48e-14	5.21e-21	1.45e-57
 1.27327e+23	3.47e-26	5.65e-14	2.69e-10	1.50e-07	5.52e-04	5.38e-02	9.46e-01	0.00e+00	0.00e+00	0.00e+00	5.65e-14	6.56e-21	2.70e-57
 1.27624e+23	4.38e-26	6.77e-14	3.10e-10	1.65e-07	5.86e-04	5.54e-02	9.44e-01	0.00e+00	0.00e+00	0.00e+00	6.77e-14	7.87e-21	4.40e-57
 1.27931e+23	5.93e-26	8.58e-14	3.72e-10	1.86e-07	6.32e-04	5.75e-02	9.42e-01	0.00e+00	0.00e+00	0.00e+00	8.58e-14	9.97e-21	8.29e-57
 1.28244e+23	7.49e-26	1.03e-13	4.30e-10	2.05e-07	6.71e-04	5.91e-02	9.40e-01	0.00e+00	0.00e+00	0.00e+00	1.03e-13	1.20e-20	1.36e-56
 1.28566e+23	1.01e-25	1.31e-13	5.18e-10	2.32e-07	7.25e-04	6.14e-02	9.38e-01	0.00e+00	0.00e+00	0.00e+00	1.31e-13	1.52e-20	2.56e-56
 1.28888e+23	1.27e-25	1.56e-13	5.95e-10	2.55e-07	7.69e-04	6.31e-02	9.36e-01	0.00e+00	0.00e+00	0.00e+00	1.56e-13	1.82e-20	4.11e-56
 1.29209e+23	1.69e-25	1.96e-13	7.11e-10	2.87e-07	8.28e-04	6.54e-02	9.34e-01	0.00e+00	0.00e+00	0.00e+00	1.96e-13	2.28e-20	7.50e-56
 1.29540e+23	2.13e-25	2.35e-13	8.20e-10	3.17e-07	8.80e-04	6.73e-02	9.32e-01	0.00e+00	0.00e+00	0.00e+00	2.35e-13	2.74e-20	1.22e-55
 1.29883e+23	2.86e-25	2.98e-13	9.88e-10	3.59e-07	9.51e-04	6.99e-02	9.29e-01	0.00e+00	0.00e+00	0.00e+00	2.98e-13	3.47e-20	2.28e-55
 1.30213e+23	3.48e-25	3.48e-13	1.12e-09	3.90e-07	1.00e-03	7.16e-02	9.27e-01	0.00e+00	0.00e+00	0.00e+00	3.48e-13	4.06e-20	3.44e-55
 1.30528e+23	4.49e-25	4.28e-13	1.31e-09	4.35e-07	1.07e-03	7.40e-02	9.25e-01	0.00e+00	0.00e+00	0.00e+00	4.28e-13	4.98e-20	5.92e-55
 1.30852e+23	5.53e-25	5.05e-13	1.49e-09	4.76e-07	1.13e-03	7.60e-02	9.23e-01	0.00e+00	0.00e+00	0.00e+00	5.05e-13	5.89e-20	9.18e-55
 1.31189e+23	7.26e-25	6.29e-13	1.78e-09	5.35e-07	1.22e-03	7.86e-02	9.20e-01	0.00e+00	0.00e+00	0.00e+00	6.29e-13	7.33e-20	1.63e-54
 1.31529e+23	8.81e-25	7.34e-13	2.01e-09	5.83e-07	1.29e-03	8.06e-02	9.18e-01	0.00e+00	0.00e+00	0.00e+00	7.34e-13	8.56e-20	2.47e-54
 1.31871e+23	1.14e-24	9.03e-13	2.36e-09	6.52e-07	1.38e-03	8.34e-02	9.15e-01	0.00e+00	0.00e+00	0.00e+00	9.03e-13	1.05e-19	4.26e-54
 1.32211e+23	1.38e-24	1.05e-12	2.67e-09	7.09e-07	1.45e-03	8.55e-02	9.13e-01	0.00e+00	0.00e+00	0.00e+00	1.05e-12	1.23e-19	6.40e-54
 1.32548e+23	1.78e-24	1.29e-12	3.14e-09	7.92e-07	1.56e-03	8.83e-02	9.10e-01	0.00e+00	0.00e+00	0.00e+00	1.29e-12	1.51e-19	1.10e-53
 1.32888e+23	2.13e-24	1.50e-12	3.52e-09	8.58e-07	1.64e-03	9.04e-02	9.08e-01	0.00e+00	0.00e+00	0.00e+00	1.50e-12	1.75e-19	1.61e-53
 1.33233e+23	2.73e-24	1.83e-12	4.13e-09	9.57e-07	1.76e-03	9.34e-02	9.05e-01	0.00e+00	0.00e+00	0.00e+00	1.83e-12	2.14e-19	2.73e-53
 1.33584e+23	3.28e-24	2.12e-12	4.65e-09	1.04e-06	1.85e-03	9.57e-02	9.02e-01	0.00e+00	0.00e+00	0.00e+00	2.12e-12	2.48e-19	4.05e-53
 1.33944e+23	4.20e-24	2.60e-12	5.46e-09	1.16e-06	1.98e-03	9.89e-02	8.99e-01	0.00e+00	0.00e+00	0.00e+00	2.60e-12	3.04e-19	6.88e-53
 1.34311e+23	5.06e-24	3.02e-12	6.15e-09	1.26e-06	2.09e-03	1.01e-01	8.97e-01	0.00e+00	0.00e+00	0.00e+00	3.02e-12	3.54e-19	1.03e-52
 1.34686e+23	6.49e-24	3.70e-12	7.23e-09	1.41e-06	2.24e-03	1.05e-01	8.93e-01	0.00e+00	0.00e+00	0.00e+00	3.70e-12	4.34e-19	1.75e-52
 1.35068e+23	2.55e-24	4.31e-12	8.16e-09	1.54e-06	2.37e-03	1.07e-01	8.90e-01	0.00e+00	0.00e+00	0.00e+00	4.31e-12	5.06e-19	2.62e-52
 1.35403e+23	3.07e-24	5.01e-12	9.19e-09	1.67e-06	2.49e-03	1.10e-01	8.87e-01	0.00e+00	0.00e+00	0.00e+00	5.01e-12	5.88e-19	3.88e-52
 1.35783e+23	3.89e-24	6.09e-12	1.07e-08	1.86e-06	2.67e-03	1.14e-01	8.84e-01	0.00e+00	0.00e+00	0.00e+00	6.09e-12	7.15e-19	6.48e-52
 1.36164e+23	4.59e-24	6.97e-12	1.19e-08	2.01e-06	2.80e-03	1.16e-01	8.81e-01	0.00e+00	0.00e+00	0.00e+00	6.97e-12	8.18e-19	9.28e-52
 1.36544e+23	5.81e-24	8.47e-12	1.40e-08	2.24e-06	3.00e-03	1.20e-01	8.77e-01	0.00e+00	0.00e+00	0.00e+00	8.47e-12	9.96e-19	1.55e-51
 1.36930e+23	6.85e-24	9.70e-12	1.55e-08	2.42e-06	3.15e-03	1.23e-01	8.74e-01	0.00e+00	0.00e+00	0.00e+00	9.70e-12	1.14e-18	2.22e-51
 1.37323e+23	8.61e-24	1.17e-11	1.81e-08	2.69e-06	3.37e-03	1.26e-01	8.70e-01	0.00e+00	0.00e+00	0.00e+00	1.17e-11	1.38e-18	3.65e-51
 1.37729e+23	1.03e-23	1.36e-11	2.04e-08	2.93e-06	3.56e-03	1.30e-01	8.67e-01	0.00e+00	0.00e+00	0.00e+00	1.36e-11	1.60e-18	5.44e-51
 1.38152e+23	1.30e-23	1.64e-11	2.37e-08	3.25e-06	3.80e-03	1.34e-01	8.62e-01	0.00e+00	0.00e+00	0.00e+00	1.64e-11	1.94e-18	8.96e-51
 1.38589e+23	1.58e-23	1.93e-11	2.69e-08	3.56e-06	4.03e-03	1.37e-01	8.59e-01	0.00e+00	0.00e+00	0.00e+00	1.93e-11	2.27e-18	1.37e-50
 1.39046e+23	2.00e-23	2.34e-11	3.15e-08	3.98e-06	4.32e-03	1.42e-01	8.54e-01	0.00e+00	0.00e+00	0.00e+00	2.34e-11	2.77e-18	2.31e-50
 1.39516e+23	2.45e-23	2.77e-11	3.59e-08	4.38e-06	4.59e-03	1.46e-01	8.50e-01	0.00e+00	0.00e+00	0.00e+00	2.77e-11	3.27e-18	3.58e-50
 1.40005e+23	3.14e-23	3.39e-11	4.23e-08	4.92e-06	4.94e-03	1.51e-01	8.44e-01	0.00e+00	0.00e+00	0.00e+00	3.39e-11	4.01e-18	6.15e-50
 1.40511e+23	3.88e-23	4.03e-11	4.86e-08	5.43e-06	5.26e-03	1.55e-01	8.40e-01	0.00e+00	0.00e+00	0.00e+00	4.03e-11	4.78e-18	9.78e-50
 1.40970e+23	4.77e-23	4.77e-11	5.56e-08	5.98e-06	5.59e-03	1.59e-01	8.35e-01	0.00e+00	0.00e+00	0.00e+00	4.77e-11	5.65e-18	1.53e-49
 1.41497e+23	6.18e-23	5.89e-11	6.58e-08	6.75e-06	6.04e-03	1.65e-01	8.29e-01	0.00e+00	0.00e+00	0.00e+00	5.89e-11	6.99e-18	2.69e-49
 1.42034e+23	7.65e-23	7.03e-11	7.59e-08	7.47e-06	6.44e-03	1.70e-01	8.24e-01	0.00e+00	0.00e+00	0.00e+00	7.03e-11	8.35e-18	4.30e-49
 1.42514e+23	9.36e-23	8.29e-11	8.66e-08	8.22e-06	6.84e-03	1.74e-01	8.19e-01	0.00e+00	0.00e+00	0.00e+00	8.29e-11	9.86e-18	6.70e-49
 1.43065e+23	1.24e-22	1.05e-10	1.04e-07	9.38e-06	7.43e-03	1.81e-01	8.12e-01	0.00e+00	0.00e+00	0.00e+00	1.05e-10	1.25e-17	1.23e-48
 1.43620e+23	1.52e-22	1.23e-10	1.19e-07	1.03e-05	7.90e-03	1.86e-01	8.06e-01	0.00e+00	0.00e+00	0.00e+00	1.23e-10	1.47e-17	1.92e-48
 1.44180e+23	2.01e-22	1.56e-10	1.44e-07	1.18e-05	8.59e-03	1.93e-01	7.98e-01	0.00e+00	0.00e+00	0.00e+00	1.56e-10	1.87e-17	3.56e-48
 1.44747e+23	2.49e-22	1.86e-10	1.66e-07	1.31e-05	9.16e-03	1.98e-01	7.92e-01	0.00e+00	0.00e+00	0.00e+00	1.86e-10	2.23e-17	5.67e-48
 1.45324e+23	3.30e-22	2.36e-10	2.01e-07	1.50e-05	9.98e-03	2.06e-01	7.84e-01	0.00e+00	0.00e+00	0.00e+00	2.36e-10	2.83e-17	1.06e-47
 1.45874e+23	3.97e-22	2.76e-10	2.27e-07	1.64e-05	1.06e-02	2.11e-01	7.78e-01	0.00e+00	0.00e+00	0.00e+00	2.76e-10	3.32e-17	1.60e-47
 1.46391e+23	5.15e-22	3.45e-10	2.72e-07	1.86e-05	1.14e-02	2.18e-01	7.70e-01	0.00e+00	0.00e+00	0.00e+00	3.45e-10	4.16e-17	2.83e-47
 1.46909e+23	6.21e-22	4.05e-10	3.09e-07	2.04e-05	1.21e-02	2.24e-01	7.64e-01	0.00e+00	0.00e+00	0.00e+00	4.05e-10	4.89e-17	4.30e-47
 1.47430e+23	7.98e-22	5.04e-10	3.69e-07	2.31e-05	1.31e-02	2.31e-01	7.56e-01	0.00e+00	0.00e+00	0.00e+00	5.04e-10	6.09e-17	7.54e-47
 1.47961e+23	9.77e-22	6.02e-10	4.25e-07	2.56e-05	1.39e-02	2.37e-01	7.49e-01	0.00e+00	0.00e+00	0.00e+00	6.02e-10	7.29e-17	1.19e-46
 1.48506e+23	1.28e-21	7.63e-10	5.14e-07	2.93e-05	1.51e-02	2.46e-01	7.39e-01	0.00e+00	0.00e+00	0.00e+00	7.63e-10	9.26e-17	2.16e-46
 1.49055e+23	1.55e-21	9.11e-10	5.93e-07	3.24e-05	1.61e-02	2.52e-01	7.31e-01	0.00e+00	0.00e+00	0.00e+00	9.11e-10	1.11e-16	3.40e-46
 1.49607e+23	2.01e-21	1.16e-09	7.19e-07	3.71e-05	1.75e-02	2.61e-01	7.21e-01	0.00e+00	0.00e+00	0.00e+00	1.16e-09	1.41e-16	6.18e-46
 1.50170e+23	2.48e-21	1.40e-09	8.38e-07	4.14e-05	1.88e-02	2.69e-01	7.13e-01	0.00e+00	0.00e+00	0.00e+00	1.40e-09	1.71e-16	9.96e-46
 1.50747e+23	3.26e-21	1.81e-09	1.03e-06	4.79e-05	2.05e-02	2.78e-01	7.01e-01	0.00e+00	0.00e+00	0.00e+00	1.81e-09	2.22e-16	1.87e-45
 1.51332e+23	4.02e-21	2.21e-09	1.21e-06	5.38e-05	2.20e-02	2.86e-01	6.91e-01	0.00e+00	0.00e+00	0.00e+00	2.21e-09	2.72e-16	3.06e-45
 1.51930e+23	5.28e-21	2.88e-09	1.50e-06	6.27e-05	2.42e-02	2.97e-01	6.79e-01	0.00e+00	0.00e+00	0.00e+00	2.88e-09	3.55e-16	5.83e-45
 1.52540e+23	6.55e-21	3.56e-09	1.78e-06	7.09e-05	2.61e-02	3.06e-01	6.68e-01	0.00e+00	0.00e+00	0.00e+00	3.56e-09	4.41e-16	9.75e-45
 1.53146e+23	8.47e-21	4.62e-09	2.20e-06	8.25e-05	2.86e-02	3.17e-01	6.54e-01	0.00e+00	0.00e+00	0.00e+00	4.62e-09	5.76e-16	1.83e-44
 1.53723e+23	1.02e-20	5.57e-09	2.56e-06	9.20e-05	3.05e-02	3.25e-01	6.44e-01	0.00e+00	0.00e+00	0.00e+00	5.57e-09	6.97e-16	2.85e-44
 1.54280e+23	1.28e-20	7.14e-09	3.14e-06	1.06e-04	3.33e-02	3.36e-01	6.31e-01	0.00e+00	0.00e+00	0.00e+00	7.14e-09	9.00e-16	5.10e-44
 1.54847e+23	1.54e-20	8.69e-09	3.68e-06	1.19e-04	3.57e-02	3.44e-01	6.20e-01	0.00e+00	0.00e+00	0.00e+00	8.69e-09	1.10e-15	8.07e-44
 1.55404e+23	1.90e-20	1.10e-08	4.47e-06	1.37e-04	3.88e-02	3.55e-01	6.06e-01	0.00e+00	0.00e+00	0.00e+00	1.10e-08	1.40e-15	1.39e-43
 1.55972e+23	2.27e-20	1.35e-08	5.28e-06	1.55e-04	4.18e-02	3.64e-01	5.94e-01	0.00e+00	0.00e+00	0.00e+00	1.35e-08	1.73e-15	2.21e-43
 1.56526e+23	2.73e-20	1.68e-08	6.34e-06	1.77e-04	4.52e-02	3.74e-01	5.80e-01	0.00e+00	0.00e+00	0.00e+00	1.68e-08	2.18e-15	3.66e-43
 1.57092e+23	3.23e-20	2.07e-08	7.53e-06	2.01e-04	4.87e-02	3.84e-01	5.67e-01	0.00e+00	0.00e+00	0.00e+00	2.07e-08	2.71e-15	5.83e-43
 1.57652e+23	3.82e-20	2.55e-08	8.99e-06	2.29e-04	5.26e-02	3.94e-01	5.53e-01	0.00e+00	0.00e+00	0.00e+00	2.55e-08	3.39e-15	9.33e-43
 1.58215e+23	4.48e-20	3.13e-08	1.07e-05	2.59e-04	5.66e-02	4.04e-01	5.40e-01	0.00e+00	0.00e+00	0.00e+00	3.13e-08	4.22e-15	1.46e-42
 1.58771e+23	5.22e-20	3.82e-08	1.26e-05	2.94e-04	6.09e-02	4.13e-01	5.26e-01	0.00e+00	0.00e+00	0.00e+00	3.82e-08	5.23e-15	2.26e-42
 1.59327e+23	6.05e-20	4.65e-08	1.49e-05	3.32e-04	6.54e-02	4.22e-01	5.12e-01	0.00e+00	0.00e+00	0.00e+00	4.65e-08	6.46e-15	3.46e-42
 1.59884e+23	7.00e-20	5.64e-08	1.76e-05	3.76e-04	7.02e-02	4.31e-01	4.98e-01	0.00e+00	0.00e+00	0.00e+00	5.64e-08	7.98e-15	5.25e-42
 1.60443e+23	8.07e-20	6.82e-08	2.07e-05	4.24e-04	7.53e-02	4.40e-01	4.84e-01	0.00e+00	0.00e+00	0.00e+00	6.82e-08	9.82e-15	7.86e-42
 1.61005e+23	9.29e-20	8.22e-08	2.44e-05	4.79e-04	8.07e-02	4.49e-01	4.70e-01	0.00e+00	0.00e+00	0.00e+00	8.22e-08	1.21e-14	1.17e-41
 1.61573e+23	1.07e-19	9.89e-08	2.86e-05	5.41e-04	8.65e-02	4.57e-01	4.56e-01	0.00e+00	0.00e+00	0.00e+00	9.89e-08	1.48e-14	1.72e-41
 1.62147e+23	1.23e-19	1.19e-07	3.36e-05	6.10e-04	9.26e-02	4.65e-01	4.41e-01	0.00e+00	0.00e+00	0.00e+00	1.19e-07	1.82e-14	2.52e-41
 1.62724e+23	1.42e-19	1.42e-07	3.92e-05	6.87e-04	9.90e-02	4.73e-01	4.27e-01	0.00e+00	0.00e+00	0.00e+00	1.42e-07	2.22e-14	3.64e-41
 1.63311e+23	1.64e-19	1.69e-07	4.60e-05	7.75e-04	1.06e-01	4.81e-01	4.13e-01	0.00e+00	0.00e+00	0.00e+00	1.69e-07	2.72e-14	5.27e-41
 1.63905e+23	4.42e-19	2.01e-07	5.36e-05	8.71e-04	1.13e-01	4.88e-01	3.98e-01	0.00e+00	0.00e+00	0.00e+00	2.01e-07	3.30e-14	7.52e-41
 1.64510e+23	5.18e-19	2.40e-07	6.28e-05	9.83e-04	1.21e-01	4.95e-01	3.83e-01	0.00e+00	0.00e+00	0.00e+00	2.40e-07	4.02e-14	1.08e-40
 1.65073e+23	5.90e-19	2.76e-07	7.13e-05	1.08e-03	1.27e-01	5.00e-01	3.72e-01	0.00e+00	0.00e+00	0.00e+00	2.76e-07	4.70e-14	1.44e-40
 1.65653e+23	6.99e-19	3.29e-07	8.37e-05	1.23e-03	1.36e-01	5.06e-01	3.56e-01	0.00e+00	0.00e+00	0.00e+00	3.29e-07	5.73e-14	2.06e-40
 1.66242e+23	8.03e-19	3.77e-07	9.49e-05	1.35e-03	1.43e-01	5.11e-01	3.45e-01	0.00e+00	0.00e+00	0.00e+00	3.77e-07	6.68e-14	2.74e-40
 1.66846e+23	9.64e-19	4.50e-07	1.12e-04	1.53e-03	1.53e-01	5.16e-01	3.29e-01	0.00e+00	0.00e+00	0.00e+00	4.50e-07	8.12e-14	3.90e-40
 1.67452e+23	1.11e-18	5.13e-07	1.26e-04	1.68e-03	1.61e-01	5.19e-01	3.18e-01	0.00e+00	0.00e+00	0.00e+00	5.13e-07	9.39e-14	5.14e-40
 1.68063e+23	1.34e-18	6.06e-07	1.47e-04	1.89e-03	1.72e-01	5.23e-01	3.03e-01	0.00e+00	0.00e+00	0.00e+00	6.06e-07	1.13e-13	7.24e-40
 1.68678e+23	1.56e-18	6.88e-07	1.65e-04	2.07e-03	1.80e-01	5.26e-01	2.92e-01	0.00e+00	0.00e+00	0.00e+00	6.88e-07	1.30e-13	9.46e-40
 1.69297e+23	1.89e-18	8.08e-07	1.92e-04	2.33e-03	1.91e-01	5.28e-01	2.78e-01	0.00e+00	0.00e+00	0.00e+00	8.08e-07	1.55e-13	1.32e-39
 1.69921e+23	2.20e-18	9.14e-07	2.16e-04	2.55e-03	2.00e-01	5.30e-01	2.67e-01	0.00e+00	0.00e+00	0.00e+00	9.14e-07	1.77e-13	1.72e-39
 1.70552e+23	2.68e-18	1.07e-06	2.50e-04	2.87e-03	2.12e-01	5.31e-01	2.53e-01	0.00e+00	0.00e+00	0.00e+00	1.07e-06	2.10e-13	2.38e-39
 1.71191e+23	3.13e-18	1.21e-06	2.81e-04	3.13e-03	2.22e-01	5.32e-01	2.43e-01	0.00e+00	0.00e+00	0.00e+00	1.21e-06	2.39e-13	3.09e-39
 1.71841e+23	3.82e-18	1.40e-06	3.25e-04	3.51e-03	2.35e-01	5.32e-01	2.30e-01	0.00e+00	0.00e+00	0.00e+00	1.40e-06	2.83e-13	4.29e-39
 1.72501e+23	4.49e-18	1.58e-06	3.64e-04	3.84e-03	2.45e-01	5.31e-01	2.20e-01	0.00e+00	0.00e+00	0.00e+00	1.58e-06	3.22e-13	5.59e-39
 1.73176e+23	5.51e-18	1.84e-06	4.21e-04	4.30e-03	2.59e-01	5.29e-01	2.07e-01	0.00e+00	0.00e+00	0.00e+00	1.84e-06	3.79e-13	7.78e-39
 1.73864e+23	6.51e-18	2.08e-06	4.71e-04	4.70e-03	2.70e-01	5.28e-01	1.97e-01	0.00e+00	0.00e+00	0.00e+00	2.08e-06	4.31e-13	1.02e-38
 1.74571e+23	8.05e-18	2.41e-06	5.46e-04	5.27e-03	2.85e-01	5.24e-01	1.85e-01	0.00e+00	0.00e+00	0.00e+00	2.41e-06	5.08e-13	1.44e-38
 1.75296e+23	9.57e-18	2.73e-06	6.12e-04	5.77e-03	2.97e-01	5.21e-01	1.75e-01	0.00e+00	0.00e+00	0.00e+00	2.73e-06	5.79e-13	1.91e-38
 1.75906e+23	1.11e-17	3.02e-06	6.76e-04	6.23e-03	3.08e-01	5.18e-01	1.67e-01	0.00e+00	0.00e+00	0.00e+00	3.02e-06	6.48e-13	2.45e-38
 1.76561e+23	1.35e-17	3.45e-06	7.69e-04	6.89e-03	3.22e-01	5.13e-01	1.57e-01	0.00e+00	0.00e+00	0.00e+00	3.45e-06	7.48e-13	3.34e-38
 1.77227e+23	1.57e-17	3.83e-06	8.49e-04	7.45e-03	3.33e-01	5.09e-01	1.49e-01	0.00e+00	0.00e+00	0.00e+00	3.83e-06	8.38e-13	4.30e-38
 1.77804e+23	1.81e-17	4.22e-06	9.33e-04	8.02e-03	3.44e-01	5.05e-01	1.42e-01	0.00e+00	0.00e+00	0.00e+00	4.22e-06	9.32e-13	5.47e-38
 1.78451e+23	2.17e-17	4.76e-06	1.05e-03	8.81e-03	3.59e-01	4.98e-01	1.33e-01	0.00e+00	0.00e+00	0.00e+00	4.76e-06	1.07e-12	7.39e-38
 1.79096e+23	2.51e-17	5.24e-06	1.15e-03	9.43e-03	3.69e-01	4.94e-01	1.27e-01	0.00e+00	0.00e+00	0.00e+00	5.24e-06	1.18e-12	9.48e-38
 1.79739e+23	2.99e-17	5.89e-06	1.29e-03	1.03e-02	3.83e-01	4.86e-01	1.19e-01	0.00e+00	0.00e+00	0.00e+00	5.89e-06	1.35e-12	1.28e-37
 1.80391e+23	3.47e-17	6.48e-06	1.41e-03	1.11e-02	3.94e-01	4.81e-01	1.13e-01	0.00e+00	0.00e+00	0.00e+00	6.48e-06	1.49e-12	1.65e-37
 1.81055e+23	4.15e-17	7.29e-06	1.58e-03	1.21e-02	4.09e-01	4.72e-01	1.05e-01	0.00e+00	0.00e+00	0.00e+00	7.29e-06	1.70e-12	2.26e-37
 1.81730e+23	4.83e-17	8.04e-06	1.73e-03	1.30e-02	4.20e-01	4.66e-01	9.96e-02	4.83e-17	3.19e-22	7.42e-23	8.04e-06	1.90e-12	2.97e-37
 1.82420e+23	5.80e-17	9.04e-06	1.94e-03	1.42e-02	4.35e-01	4.57e-01	9.24e-02	5.80e-17	2.21e-21	3.70e-22	9.04e-06	2.16e-12	4.10e-37
 1.83120e+23	6.79e-17	9.98e-06	2.13e-03	1.52e-02	4.46e-01	4.49e-01	8.73e-02	6.79e-17	2.61e-21	4.36e-22	9.98e-06	2.41e-12	5.43e-37
 1.83834e+23	8.18e-17	1.12e-05	2.39e-03	1.66e-02	4.61e-01	4.39e-01	8.06e-02	8.18e-17	3.17e-21	5.31e-22	1.12e-05	2.76e-12	7.63e-37
 1.84565e+23	9.62e-17	1.24e-05	2.62e-03	1.78e-02	4.73e-01	4.31e-01	7.57e-02	9.62e-17	3.74e-21	6.30e-22	1.24e-05	3.09e-12	1.02e-36
 1.85318e+23	1.17e-16	1.41e-05	2.95e-03	1.95e-02	4.88e-01	4.19e-01	6.96e-02	1.17e-16	4.61e-21	7.78e-22	1.41e-05	3.56e-12	1.48e-36
 1.86091e+23	1.39e-16	1.56e-05	3.24e-03	2.09e-02	5.01e-01	4.10e-01	6.50e-02	1.39e-16	5.50e-21	9.31e-22	1.56e-05	4.00e-12	2.03e-36
 1.86891e+23	1.72e-16	1.77e-05	3.66e-03	2.30e-02	5.16e-01	3.98e-01	5.93e-02	1.72e-16	6.87e-21	1.17e-21	1.77e-05	4.64e-12	3.02e-36
 1.87697e+23	2.05e-16	1.97e-05	4.01e-03	2.46e-02	5.28e-01	3.88e-01	5.53e-02	2.05e-16	8.26e-21	1.41e-21	1.97e-05	5.23e-12	4.20e-36
 1.88513e+23	2.54e-16	2.24e-05	4.53e-03	2.70e-02	5.43e-01	3.75e-01	5.02e-02	2.54e-16	1.03e-20	1.77e-21	2.24e-05	6.06e-12	6.30e-36
 1.89337e+23	3.05e-16	2.49e-05	4.97e-03	2.89e-02	5.54e-01	3.65e-01	4.66e-02	3.05e-16	1.25e-20	2.15e-21	2.49e-05	6.85e-12	8.87e-36
 1.90173e+23	3.80e-16	2.83e-05	5.59e-03	3.16e-02	5.69e-01	3.52e-01	4.22e-02	3.80e-16	1.58e-20	2.72e-21	2.83e-05	7.96e-12	1.35e-35
 1.91024e+23	4.61e-16	3.15e-05	6.15e-03	3.38e-02	5.80e-01	3.41e-01	3.90e-02	4.61e-16	1.93e-20	3.34e-21	3.15e-05	9.03e-12	1.94e-35
 1.91778e+23	5.50e-16	3.49e-05	6.74e-03	3.62e-02	5.91e-01	3.30e-01	3.59e-02	5.50e-16	2.33e-20	4.04e-21	3.49e-05	1.02e-11	2.72e-35
 1.92529e+23	6.70e-16	3.88e-05	7.38e-03	3.86e-02	6.01e-01	3.20e-01	3.32e-02	6.70e-16	2.87e-20	4.99e-21	3.88e-05	1.15e-11	3.91e-35
 1.93391e+23	8.50e-16	4.42e-05	8.28e-03	4.20e-02	6.13e-01	3.07e-01	2.98e-02	8.50e-16	3.69e-20	6.44e-21	4.42e-05	1.35e-11	6.13e-35
 1.94198e+23	1.01e-15	4.83e-05	8.94e-03	4.44e-02	6.21e-01	2.98e-01	2.78e-02	1.01e-15	4.40e-20	7.71e-21	4.83e-05	1.50e-11	8.32e-35
 1.94932e+23	1.24e-15	5.40e-05	9.83e-03	4.75e-02	6.31e-01	2.86e-01	2.54e-02	1.24e-15	5.50e-20	9.67e-21	5.40e-05	1.71e-11	1.23e-34
 1.95694e+23	1.51e-15	5.95e-05	1.07e-02	5.03e-02	6.39e-01	2.77e-01	2.35e-02	1.51e-15	6.76e-20	1.19e-20	5.95e-05	1.92e-11	1.72e-34
 1.96494e+23	1.90e-15	6.69e-05	1.18e-02	5.39e-02	6.48e-01	2.65e-01	2.12e-02	1.90e-15	8.61e-20	1.53e-20	6.69e-05	2.21e-11	2.62e-34
 1.97311e+23	2.34e-15	7.38e-05	1.28e-02	5.74e-02	6.55e-01	2.55e-01	1.94e-02	2.34e-15	1.08e-19	1.91e-20	7.38e-05	2.49e-11	3.73e-34
 1.98025e+23	2.87e-15	8.13e-05	1.39e-02	6.05e-02	6.61e-01	2.46e-01	1.79e-02	2.87e-15	1.33e-19	2.38e-20	8.13e-05	2.80e-11	5.24e-34
 1.98827e+23	3.72e-15	9.15e-05	1.53e-02	6.47e-02	6.69e-01	2.35e-01	1.62e-02	3.72e-15	1.76e-19	3.15e-20	9.15e-05	3.23e-11	8.05e-34
 1.99672e+23	4.79e-15	1.02e-04	1.67e-02	6.87e-02	6.75e-01	2.25e-01	1.47e-02	4.79e-15	2.30e-19	4.13e-20	1.02e-04	3.68e-11	1.18e-33
 2.00441e+23	6.07e-15	1.12e-04	1.81e-02	7.26e-02	6.80e-01	2.16e-01	1.35e-02	6.07e-15	2.95e-19	5.32e-20	1.12e-04	4.17e-11	1.70e-33
 2.01308e+23	8.35e-15	1.28e-04	2.00e-02	7.77e-02	6.85e-01	2.05e-01	1.20e-02	8.35e-15	4.13e-19	7.49e-20	1.28e-04	4.88e-11	2.72e-33
 2.02202e+23	1.17e-14	1.42e-04	2.18e-02	8.25e-02	6.90e-01	1.95e-01	1.08e-02	1.17e-14	5.86e-19	1.07e-19	1.42e-04	5.59e-11	4.07e-33
 2.02997e+23	1.62e-14	1.58e-04	2.37e-02	8.71e-02	6.93e-01	1.86e-01	9.84e-03	1.62e-14	8.27e-19	1.51e-19	1.58e-04	6.36e-11	5.95e-33
 2.03896e+23	2.40e-14	1.80e-04	2.62e-02	9.31e-02	6.96e-01	1.75e-01	8.71e-03	2.40e-14	1.25e-18	2.29e-19	1.80e-04	7.49e-11	9.68e-33
 2.04829e+23	4.11e-14	2.02e-04	2.86e-02	9.88e-02	6.99e-01	1.66e-01	7.79e-03	4.11e-14	2.18e-18	4.02e-19	2.02e-04	8.66e-11	1.48e-32
 2.05668e+23	6.44e-14	2.25e-04	3.11e-02	1.04e-01	7.00e-01	1.58e-01	7.02e-03	6.44e-14	3.48e-18	6.44e-19	2.25e-04	9.93e-11	2.22e-32
 2.06620e+23	7.18e-15	2.59e-04	3.45e-02	1.11e-01	7.00e-01	1.47e-01	6.12e-03	7.18e-15	3.97e-19	7.39e-20	2.59e-04	1.19e-10	3.73e-32
 2.07602e+23	8.04e-15	2.91e-04	3.77e-02	1.18e-01	7.00e-01	1.39e-01	5.44e-03	8.04e-15	4.54e-19	8.48e-20	2.91e-04	1.38e-10	5.79e-32
 2.08487e+23	1.03e-14	3.27e-04	4.11e-02	1.24e-01	6.99e-01	1.31e-01	4.85e-03	1.03e-14	5.93e-19	1.11e-19	3.27e-04	1.60e-10	8.91e-32
 2.09503e+23	1.45e-14	3.79e-04	4.58e-02	1.33e-01	6.96e-01	1.21e-01	4.16e-03	1.45e-14	8.56e-19	1.62e-19	3.79e-04	1.93e-10	1.55e-31
 2.10531e+23	1.94e-14	4.26e-04	4.99e-02	1.41e-01	6.93e-01	1.13e-01	3.66e-03	1.94e-14	1.18e-18	2.23e-19	4.26e-04	2.26e-10	2.43e-31
 2.11574e+23	2.86e-14	4.96e-04	5.56e-02	1.50e-01	6.87e-01	1.04e-01	3.13e-03	2.86e-14	1.78e-18	3.40e-19	4.96e-04	2.75e-10	4.30e-31
 2.12629e+23	4.13e-14	5.61e-04	6.06e-02	1.58e-01	6.82e-01	9.66e-02	2.74e-03	4.13e-14	2.64e-18	5.06e-19	5.61e-04	3.23e-10	6.80e-31
 2.13700e+23	6.65e-14	6.55e-04	6.76e-02	1.68e-01	6.73e-01	8.81e-02	2.31e-03	6.65e-14	4.40e-18	8.47e-19	6.55e-04	3.96e-10	1.22e-30
 2.14781e+23	1.09e-13	7.42e-04	7.36e-02	1.77e-01	6.66e-01	8.16e-02	2.01e-03	1.09e-13	7.38e-18	1.43e-18	7.42e-04	4.66e-10	1.94e-30
 2.15875e+23	2.22e-13	8.70e-04	8.20e-02	1.88e-01	6.54e-01	7.38e-02	1.68e-03	2.22e-13	1.56e-17	3.03e-18	8.70e-04	5.74e-10	3.52e-30
 2.16981e+23	4.50e-13	9.87e-04	8.92e-02	1.96e-01	6.44e-01	6.80e-02	1.45e-03	4.50e-13	3.25e-17	6.34e-18	9.87e-04	6.78e-10	5.64e-30
 2.18101e+23	1.74e-12	1.16e-03	9.93e-02	2.08e-01	6.30e-01	6.10e-02	1.20e-03	1.74e-12	1.30e-16	2.56e-17	1.16e-03	8.40e-10	1.03e-29
 2.19236e+23	1.52e-11	1.32e-03	1.08e-01	2.17e-01	6.17e-01	5.58e-02	1.02e-03	1.52e-11	1.17e-15	2.32e-16	1.32e-03	9.98e-10	1.67e-29
 2.20391e+23	2.58e-10	1.56e-03	1.20e-01	2.29e-01	5.99e-01	4.96e-02	8.34e-04	2.58e-10	2.07e-14	4.10e-15	1.56e-03	1.25e-09	3.10e-29
 2.21523e+23	7.50e-09	1.76e-03	1.30e-01	2.37e-01	5.85e-01	4.53e-02	7.15e-04	7.50e-09	6.22e-13	1.24e-13	1.76e-03	1.47e-09	5.02e-29
 2.22626e+23	5.75e-08	2.06e-03	1.43e-01	2.48e-01	5.66e-01	4.02e-02	5.83e-04	5.75e-08	5.04e-12	1.00e-12	2.06e-03	1.81e-09	1.03e-28
 2.23691e+23	7.96e-08	2.30e-03	1.53e-01	2.55e-01	5.52e-01	3.69e-02	5.05e-04	7.96e-08	7.21e-12	1.44e-12	2.30e-03	2.11e-09	1.59e-28
 2.24706e+23	1.08e-07	2.66e-03	1.67e-01	2.65e-01	5.32e-01	3.28e-02	4.15e-04	1.08e-07	1.02e-11	2.04e-12	2.66e-03	2.56e-09	2.77e-28
 2.25719e+23	1.35e-07	2.97e-03	1.79e-01	2.71e-01	5.17e-01	2.99e-02	3.57e-04	1.35e-07	1.31e-11	2.62e-12	2.97e-03	2.98e-09	4.21e-28
 2.26728e+23	1.74e-07	3.40e-03	1.94e-01	2.79e-01	4.97e-01	2.66e-02	2.95e-04	1.74e-07	1.76e-11	3.54e-12	3.40e-03	3.59e-09	7.08e-28
 2.27775e+23	2.17e-07	3.83e-03	2.08e-01	2.86e-01	4.78e-01	2.39e-02	2.47e-04	2.17e-07	2.27e-11	4.58e-12	3.83e-03	4.23e-09	1.12e-27
