#depth	He	He+	He+2
 1.54284e+22	1.87e-08	4.07e-04	1.00e+00
 3.46042e+22	2.20e-08	6.42e-04	9.99e-01
 4.02253e+22	2.23e-08	8.08e-04	9.99e-01
 4.30358e+22	2.22e-08	9.06e-04	9.99e-01
 4.43513e+22	2.23e-08	9.49e-04	9.99e-01
 4.51532e+22	2.23e-08	9.98e-04	9.99e-01
 4.60088e+22	2.25e-08	1.05e-03	9.99e-01
 4.68853e+22	2.27e-08	1.11e-03	9.99e-01
 4.77582e+22	2.30e-08	1.16e-03	9.99e-01
 4.86408e+22	2.35e-08	1.23e-03	9.99e-01
 4.95385e+22	2.41e-08	1.29e-03	9.99e-01
 5.04496e+22	2.49e-08	1.36e-03	9.99e-01
 5.13752e+22	2.59e-08	1.43e-03	9.99e-01
 5.22223e+22	2.69e-08	1.50e-03	9.99e-01
 5.31059e+22	2.83e-08	1.58e-03	9.98e-01
 5.40029e+22	2.98e-08	1.66e-03	9.98e-01
 5.49277e+22	3.19e-08	1.75e-03	9.98e-01
 5.58597e+22	3.38e-08	1.83e-03	9.98e-01
 5.68011e+22	3.67e-08	1.94e-03	9.98e-01
 5.77442e+22	3.92e-08	2.02e-03	9.98e-01
 5.86894e+22	4.29e-08	2.14e-03	9.98e-01
 5.96442e+22	4.61e-08	2.24e-03	9.98e-01
 6.06112e+22	5.08e-08	2.37e-03	9.98e-01
 6.15904e+22	5.50e-08	2.47e-03	9.98e-01
 6.25854e+22	6.10e-08	2.62e-03	9.97e-01
 6.35972e+22	6.63e-08	2.74e-03	9.97e-01
 6.46308e+22	7.40e-08	2.90e-03	9.97e-01
 6.56868e+22	8.09e-08	3.04e-03	9.97e-01
 6.67718e+22	9.09e-08	3.23e-03	9.97e-01
 6.78832e+22	9.99e-08	3.38e-03	9.97e-01
 6.88180e+22	1.08e-07	3.53e-03	9.96e-01
 6.98222e+22	1.21e-07	3.72e-03	9.96e-01
 7.08437e+22	1.32e-07	3.89e-03	9.96e-01
 7.17278e+22	1.43e-07	4.05e-03	9.96e-01
 7.27171e+22	1.59e-07	4.27e-03	9.96e-01
 7.37053e+22	1.72e-07	4.43e-03	9.96e-01
 7.46920e+22	1.90e-07	4.67e-03	9.95e-01
 7.56926e+22	2.06e-07	4.86e-03	9.95e-01
 7.67115e+22	2.30e-07	5.12e-03	9.95e-01
 7.77481e+22	2.49e-07	5.34e-03	9.95e-01
 7.88078e+22	2.78e-07	5.64e-03	9.94e-01
 7.98839e+22	3.03e-07	5.87e-03	9.94e-01
 8.09812e+22	3.39e-07	6.21e-03	9.94e-01
 8.21049e+22	3.70e-07	6.49e-03	9.94e-01
 8.32631e+22	4.16e-07	6.87e-03	9.93e-01
 8.44509e+22	4.57e-07	7.20e-03	9.93e-01
 8.56773e+22	5.16e-07	7.64e-03	9.92e-01
 8.69153e+22	5.66e-07	8.00e-03	9.92e-01
 8.81686e+22	6.41e-07	8.51e-03	9.91e-01
 8.94357e+22	7.04e-07	8.91e-03	9.91e-01
 9.07207e+22	7.98e-07	9.48e-03	9.91e-01
 9.19756e+22	8.70e-07	9.90e-03	9.90e-01
 9.31912e+22	9.80e-07	1.05e-02	9.90e-01
 9.44480e+22	1.08e-06	1.10e-02	9.89e-01
 9.55210e+22	1.17e-06	1.15e-02	9.89e-01
 9.66786e+22	1.30e-06	1.21e-02	9.88e-01
 9.78550e+22	1.42e-06	1.26e-02	9.87e-01
 9.88906e+22	1.55e-06	1.32e-02	9.87e-01
 1.00071e+23	1.72e-06	1.39e-02	9.86e-01
 1.01302e+23	1.90e-06	1.45e-02	9.85e-01
 1.02405e+23	2.07e-06	1.52e-02	9.85e-01
 1.03647e+23	2.31e-06	1.60e-02	9.84e-01
 1.04946e+23	2.56e-06	1.69e-02	9.83e-01
 1.06118e+23	2.80e-06	1.76e-02	9.82e-01
 1.07440e+23	3.15e-06	1.87e-02	9.81e-01
 1.08806e+23	3.49e-06	1.97e-02	9.80e-01
 1.10025e+23	3.84e-06	2.06e-02	9.79e-01
 1.11404e+23	4.33e-06	2.19e-02	9.78e-01
 1.12835e+23	4.83e-06	2.31e-02	9.77e-01
 1.14119e+23	5.33e-06	2.42e-02	9.76e-01
 1.15574e+23	6.06e-06	2.58e-02	9.74e-01
 1.17078e+23	6.76e-06	2.72e-02	9.73e-01
 1.18439e+23	7.52e-06	2.87e-02	9.71e-01
 1.19999e+23	8.63e-06	3.07e-02	9.69e-01
 1.21572e+23	9.65e-06	3.24e-02	9.68e-01
 1.23163e+23	1.10e-05	3.46e-02	9.65e-01
 1.24791e+23	1.24e-05	3.67e-02	9.63e-01
 1.26221e+23	1.38e-05	3.87e-02	9.61e-01
 1.27836e+23	1.59e-05	4.15e-02	9.59e-01
 1.29493e+23	1.79e-05	4.39e-02	9.56e-01
 1.31203e+23	2.07e-05	4.71e-02	9.53e-01
 1.32940e+23	2.34e-05	5.00e-02	9.50e-01
 1.34479e+23	2.63e-05	5.29e-02	9.47e-01
 1.36245e+23	3.07e-05	5.70e-02	9.43e-01
 1.38035e+23	3.46e-05	6.04e-02	9.40e-01
 1.39597e+23	3.89e-05	6.39e-02	9.36e-01
 1.41094e+23	4.34e-05	6.74e-02	9.33e-01
 1.42522e+23	4.82e-05	7.09e-02	9.29e-01
 1.44132e+23	5.51e-05	7.56e-02	9.24e-01
 1.45737e+23	6.13e-05	7.95e-02	9.20e-01
 1.47335e+23	6.99e-05	8.47e-02	9.15e-01
 1.48962e+23	7.79e-05	8.92e-02	9.11e-01
 1.50630e+23	8.93e-05	9.52e-02	9.05e-01
 1.52310e+23	9.96e-05	1.00e-01	9.00e-01
 1.54009e+23	1.14e-04	1.07e-01	8.93e-01
 1.55729e+23	1.28e-04	1.13e-01	8.87e-01
 1.57107e+23	1.40e-04	1.18e-01	8.82e-01
 1.58532e+23	1.56e-04	1.24e-01	8.76e-01
 1.59989e+23	1.71e-04	1.29e-01	8.70e-01
 1.61287e+23	1.87e-04	1.35e-01	8.65e-01
 1.62773e+23	2.10e-04	1.42e-01	8.58e-01
 1.64276e+23	2.30e-04	1.48e-01	8.51e-01
 1.65594e+23	2.52e-04	1.55e-01	8.45e-01
 1.67100e+23	2.82e-04	1.63e-01	8.37e-01
 1.68632e+23	3.10e-04	1.70e-01	8.30e-01
 1.69861e+23	3.34e-04	1.76e-01	8.24e-01
 1.71122e+23	3.66e-04	1.83e-01	8.16e-01
 1.72539e+23	4.02e-04	1.91e-01	8.08e-01
 1.73950e+23	4.40e-04	1.99e-01	8.00e-01
 1.75572e+23	4.97e-04	2.10e-01	7.89e-01
 1.77174e+23	5.44e-04	2.19e-01	7.81e-01
 1.78751e+23	6.10e-04	2.30e-01	7.70e-01
 1.80371e+23	6.69e-04	2.39e-01	7.60e-01
 1.82047e+23	7.53e-04	2.52e-01	7.47e-01
 1.83749e+23	8.27e-04	2.62e-01	7.37e-01
 1.85487e+23	9.29e-04	2.76e-01	7.24e-01
 1.87270e+23	1.03e-03	2.87e-01	7.12e-01
 1.88865e+23	1.13e-03	2.99e-01	7.00e-01
 1.90690e+23	1.27e-03	3.14e-01	6.84e-01
 1.92559e+23	1.41e-03	3.28e-01	6.71e-01
 1.93984e+23	1.51e-03	3.37e-01	6.61e-01
 1.95336e+23	1.65e-03	3.49e-01	6.49e-01
 1.96717e+23	1.77e-03	3.59e-01	6.39e-01
 1.98136e+23	1.93e-03	3.72e-01	6.26e-01
 1.99573e+23	2.08e-03	3.83e-01	6.15e-01
 2.01034e+23	2.28e-03	3.97e-01	6.01e-01
 2.02514e+23	2.45e-03	4.09e-01	5.89e-01
 2.04020e+23	2.68e-03	4.23e-01	5.74e-01
 2.05562e+23	2.90e-03	4.36e-01	5.61e-01
 2.07151e+23	3.19e-03	4.52e-01	5.45e-01
 2.08749e+23	3.44e-03	4.65e-01	5.31e-01
 2.10359e+23	3.77e-03	4.82e-01	5.15e-01
 2.12018e+23	4.09e-03	4.96e-01	5.00e-01
 2.13742e+23	4.53e-03	5.15e-01	4.80e-01
 2.15479e+23	4.90e-03	5.30e-01	4.65e-01
 2.17234e+23	5.43e-03	5.49e-01	4.45e-01
 2.19007e+23	5.89e-03	5.66e-01	4.28e-01
 2.20802e+23	6.52e-03	5.86e-01	4.08e-01
 2.22607e+23	7.08e-03	6.03e-01	3.90e-01
 2.24424e+23	7.85e-03	6.23e-01	3.69e-01
 2.26251e+23	8.53e-03	6.41e-01	3.51e-01
 2.28089e+23	9.49e-03	6.62e-01	3.29e-01
 2.29932e+23	1.03e-02	6.80e-01	3.10e-01
 2.31779e+23	1.15e-02	7.01e-01	2.88e-01
 2.33628e+23	1.25e-02	7.19e-01	2.69e-01
 2.35480e+23	1.40e-02	7.39e-01	2.47e-01
 2.37334e+23	1.52e-02	7.56e-01	2.28e-01
 2.39192e+23	1.71e-02	7.76e-01	2.07e-01
 2.41048e+23	1.87e-02	7.92e-01	1.89e-01
 2.42903e+23	2.09e-02	8.09e-01	1.70e-01
 2.44782e+23	2.30e-02	8.24e-01	1.53e-01
 2.46692e+23	2.59e-02	8.39e-01	1.35e-01
 2.48630e+23	2.88e-02	8.52e-01	1.19e-01
 2.50282e+23	3.17e-02	8.62e-01	1.07e-01
 2.51697e+23	3.42e-02	8.68e-01	9.73e-02
 2.53127e+23	3.77e-02	8.75e-01	8.71e-02
 2.54630e+23	4.14e-02	8.80e-01	7.83e-02
 2.55994e+23	4.54e-02	8.84e-01	7.07e-02
 2.57332e+23	4.99e-02	8.86e-01	6.38e-02
 2.58635e+23	5.50e-02	8.87e-01	5.78e-02
 2.59853e+23	6.06e-02	8.87e-01	5.27e-02
 2.60964e+23	6.65e-02	8.85e-01	4.86e-02
 2.61988e+23	7.30e-02	8.82e-01	4.50e-02
 2.62940e+23	8.01e-02	8.78e-01	4.21e-02
 2.63803e+23	8.78e-02	8.73e-01	3.96e-02
 2.64570e+23	9.57e-02	8.67e-01	3.77e-02
 2.65253e+23	1.04e-01	8.60e-01	3.61e-02
 2.65867e+23	1.13e-01	8.52e-01	3.49e-02
 2.66425e+23	1.22e-01	8.44e-01	3.39e-02
 2.66953e+23	1.31e-01	8.35e-01	3.31e-02
 2.67448e+23	1.42e-01	8.26e-01	3.25e-02
 2.67896e+23	1.52e-01	8.16e-01	3.21e-02
 2.68302e+23	1.62e-01	8.06e-01	3.19e-02
 2.68663e+23	1.72e-01	7.96e-01	3.18e-02
 2.68974e+23	1.81e-01	7.87e-01	3.18e-02
 2.69213e+23	1.88e-01	7.80e-01	3.19e-02
 2.69396e+23	1.94e-01	7.74e-01	3.20e-02
 2.69588e+23	2.01e-01	7.67e-01	3.19e-02
 2.69807e+23	2.09e-01	7.59e-01	3.20e-02
 2.70044e+23	2.18e-01	7.50e-01	3.20e-02
 2.70284e+23	2.27e-01	7.40e-01	3.22e-02
 2.70505e+23	2.36e-01	7.31e-01	3.23e-02
 2.70670e+23	2.43e-01	7.25e-01	3.25e-02
 2.70783e+23	2.48e-01	7.20e-01	3.25e-02
 2.70898e+23	2.53e-01	7.14e-01	3.25e-02
 2.71036e+23	2.59e-01	7.08e-01	3.25e-02
 2.71190e+23	2.67e-01	7.01e-01	3.25e-02
 2.71345e+23	2.74e-01	6.93e-01	3.25e-02
 2.71491e+23	2.81e-01	6.86e-01	3.25e-02
 2.71636e+23	2.89e-01	6.78e-01	3.24e-02
 2.71787e+23	2.97e-01	6.71e-01	3.24e-02
 2.71945e+23	3.06e-01	6.62e-01	3.22e-02
 2.72108e+23	3.14e-01	6.54e-01	3.22e-02
 2.72274e+23	3.24e-01	6.44e-01	3.21e-02
 2.72445e+23	3.34e-01	6.35e-01	3.19e-02
 2.72617e+23	3.43e-01	6.25e-01	3.17e-02
 2.72794e+23	3.54e-01	6.15e-01	3.15e-02
 2.72977e+23	3.65e-01	6.04e-01	3.12e-02
 2.73168e+23	3.77e-01	5.92e-01	3.09e-02
 2.73363e+23	3.89e-01	5.81e-01	3.05e-02
 2.73562e+23	4.01e-01	5.69e-01	3.02e-02
 2.73767e+23	4.14e-01	5.56e-01	2.98e-02
 2.73980e+23	4.27e-01	5.43e-01	2.93e-02
 2.74201e+23	4.41e-01	5.30e-01	2.88e-02
 2.74427e+23	4.56e-01	5.16e-01	2.82e-02
 2.74661e+23	4.71e-01	5.02e-01	2.76e-02
 2.74903e+23	4.86e-01	4.87e-01	2.70e-02
 2.75155e+23	5.02e-01	4.72e-01	2.63e-02
 2.75417e+23	5.18e-01	4.57e-01	2.55e-02
 2.75686e+23	5.34e-01	4.41e-01	2.47e-02
 2.75962e+23	5.50e-01	4.26e-01	2.39e-02
 2.76244e+23	5.66e-01	4.11e-01	2.31e-02
 2.76536e+23	5.83e-01	3.95e-01	2.22e-02
 2.76837e+23	5.99e-01	3.80e-01	2.13e-02
 2.77147e+23	6.15e-01	3.65e-01	2.04e-02
 2.77469e+23	6.30e-01	3.50e-01	1.95e-02
 2.77801e+23	6.46e-01	3.36e-01	1.85e-02
 2.78148e+23	6.61e-01	3.22e-01	1.76e-02
 2.78512e+23	6.75e-01	3.08e-01	1.67e-02
 2.78890e+23	6.89e-01	2.95e-01	1.57e-02
 2.79285e+23	7.03e-01	2.82e-01	1.48e-02
 2.79704e+23	7.17e-01	2.70e-01	1.39e-02
 2.80145e+23	7.29e-01	2.58e-01	1.30e-02
 2.80607e+23	7.42e-01	2.46e-01	1.21e-02
 2.81068e+23	7.53e-01	2.36e-01	1.13e-02
 2.81513e+23	7.63e-01	2.27e-01	1.05e-02
 2.81947e+23	7.72e-01	2.19e-01	9.85e-03
 2.82368e+23	7.80e-01	2.11e-01	9.25e-03
 2.82780e+23	7.87e-01	2.04e-01	8.70e-03
 2.83178e+23	7.94e-01	1.98e-01	8.20e-03
 2.83558e+23	8.00e-01	1.92e-01	7.74e-03
 2.83912e+23	8.05e-01	1.87e-01	7.34e-03
 2.84257e+23	8.11e-01	1.82e-01	6.96e-03
 2.84602e+23	8.16e-01	1.78e-01	6.61e-03
 2.84936e+23	8.20e-01	1.73e-01	6.29e-03
 2.85258e+23	8.25e-01	1.69e-01	5.98e-03
 2.85569e+23	8.29e-01	1.66e-01	5.71e-03
 2.85869e+23	8.33e-01	1.62e-01	5.44e-03
 2.86160e+23	8.36e-01	1.58e-01	5.20e-03
 2.86441e+23	8.40e-01	1.55e-01	4.98e-03
 2.86712e+23	8.43e-01	1.52e-01	4.76e-03
 2.86973e+23	8.47e-01	1.49e-01	4.57e-03
 2.87225e+23	8.50e-01	1.46e-01	4.38e-03
 2.87464e+23	8.52e-01	1.43e-01	4.21e-03
 2.87699e+23	8.55e-01	1.41e-01	4.04e-03
 2.87927e+23	8.58e-01	1.38e-01	3.89e-03
 2.88135e+23	8.60e-01	1.36e-01	3.75e-03
 2.88325e+23	8.63e-01	1.34e-01	3.63e-03
 2.88497e+23	8.65e-01	1.32e-01	3.51e-03
 2.88654e+23	8.67e-01	1.30e-01	3.41e-03
 2.88797e+23	8.69e-01	1.28e-01	3.32e-03
 2.88927e+23	8.70e-01	1.27e-01	3.24e-03
 2.89045e+23	8.72e-01	1.25e-01	3.16e-03
 2.89175e+23	8.73e-01	1.24e-01	3.08e-03
 2.89315e+23	8.75e-01	1.22e-01	3.00e-03
 2.89442e+23	8.76e-01	1.21e-01	2.93e-03
 2.89558e+23	8.78e-01	1.20e-01	2.87e-03
 2.89664e+23	8.79e-01	1.19e-01	2.82e-03
 2.89779e+23	8.80e-01	1.17e-01	2.75e-03
 2.89930e+23	8.82e-01	1.15e-01	2.67e-03
 2.90092e+23	8.83e-01	1.14e-01	2.61e-03
 2.90239e+23	8.85e-01	1.13e-01	2.53e-03
 2.90374e+23	8.86e-01	1.11e-01	2.47e-03
 2.90521e+23	8.88e-01	1.10e-01	2.40e-03
 2.90680e+23	8.89e-01	1.08e-01	2.34e-03
 2.90824e+23	8.91e-01	1.07e-01	2.28e-03
 2.90956e+23	8.92e-01	1.06e-01	2.24e-03
 2.91100e+23	8.93e-01	1.05e-01	2.17e-03
 2.91256e+23	8.95e-01	1.03e-01	2.12e-03
 2.91397e+23	8.96e-01	1.02e-01	2.07e-03
 2.91553e+23	8.97e-01	1.01e-01	2.01e-03
 2.91720e+23	8.99e-01	9.94e-02	1.95e-03
 2.91873e+23	9.00e-01	9.82e-02	1.91e-03
 2.92040e+23	9.01e-01	9.67e-02	1.85e-03
 2.92220e+23	9.03e-01	9.53e-02	1.79e-03
 2.92384e+23	9.04e-01	9.41e-02	1.74e-03
 2.92534e+23	9.05e-01	9.28e-02	1.70e-03
 2.92670e+23	9.07e-01	9.17e-02	1.65e-03
 2.92793e+23	9.08e-01	9.06e-02	1.62e-03
 2.92929e+23	9.09e-01	8.93e-02	1.57e-03
 2.93075e+23	9.10e-01	8.82e-02	1.53e-03
 2.93208e+23	9.11e-01	8.73e-02	1.49e-03
 2.93354e+23	9.13e-01	8.60e-02	1.45e-03
 2.93512e+23	9.14e-01	8.49e-02	1.41e-03
 2.93655e+23	9.15e-01	8.39e-02	1.38e-03
 2.93786e+23	9.16e-01	8.29e-02	1.35e-03
 2.93904e+23	9.17e-01	8.20e-02	1.32e-03
 2.94034e+23	9.18e-01	8.10e-02	1.28e-03
 2.94175e+23	9.19e-01	8.00e-02	1.25e-03
 2.94303e+23	9.20e-01	7.90e-02	1.22e-03
 2.94419e+23	9.20e-01	7.83e-02	1.20e-03
 2.94546e+23	9.21e-01	7.74e-02	1.17e-03
 2.94684e+23	9.22e-01	7.66e-02	1.15e-03
 2.94835e+23	9.23e-01	7.54e-02	1.11e-03
 2.94997e+23	9.24e-01	7.47e-02	1.09e-03
 2.95145e+23	9.25e-01	7.37e-02	1.06e-03
 2.95280e+23	9.26e-01	7.30e-02	1.04e-03
 2.95428e+23	9.27e-01	7.20e-02	1.01e-03
 2.95587e+23	9.28e-01	7.12e-02	9.88e-04
 2.95733e+23	9.29e-01	7.04e-02	9.68e-04
 2.95891e+23	9.30e-01	6.94e-02	9.38e-04
 2.96063e+23	9.31e-01	6.86e-02	9.17e-04
 2.96219e+23	9.31e-01	6.77e-02	8.93e-04
 2.96361e+23	9.32e-01	6.70e-02	8.76e-04
 2.96517e+23	9.33e-01	6.60e-02	8.50e-04
 2.96685e+23	9.34e-01	6.53e-02	8.30e-04
 2.96838e+23	9.35e-01	6.46e-02	8.14e-04
 2.97006e+23	9.36e-01	6.36e-02	7.87e-04
 2.97187e+23	9.36e-01	6.28e-02	7.68e-04
 2.97352e+23	9.37e-01	6.19e-02	7.47e-04
 2.97502e+23	9.38e-01	6.13e-02	7.33e-04
 2.97666e+23	9.39e-01	6.04e-02	7.10e-04
 2.97843e+23	9.40e-01	5.97e-02	6.93e-04
 2.98005e+23	9.40e-01	5.91e-02	6.79e-04
 2.98182e+23	9.41e-01	5.81e-02	6.56e-04
 2.98372e+23	9.42e-01	5.74e-02	6.41e-04
 2.98546e+23	9.43e-01	5.67e-02	6.26e-04
 2.98737e+23	9.44e-01	5.57e-02	6.04e-04
 2.98942e+23	9.44e-01	5.50e-02	5.88e-04
 2.99129e+23	9.45e-01	5.43e-02	5.74e-04
 2.99334e+23	9.46e-01	5.33e-02	5.53e-04
 2.99555e+23	9.47e-01	5.26e-02	5.38e-04
 2.99757e+23	9.48e-01	5.19e-02	5.23e-04
 2.99977e+23	9.49e-01	5.09e-02	5.03e-04
 3.00215e+23	9.49e-01	5.02e-02	4.90e-04
 3.00432e+23	9.50e-01	4.94e-02	4.74e-04
 3.00629e+23	9.51e-01	4.86e-02	4.59e-04
 3.00809e+23	9.51e-01	4.81e-02	4.49e-04
 3.01006e+23	9.52e-01	4.73e-02	4.34e-04
 3.01218e+23	9.53e-01	4.66e-02	4.23e-04
 3.01411e+23	9.54e-01	4.61e-02	4.13e-04
 3.01623e+23	9.54e-01	4.53e-02	3.98e-04
 3.01851e+23	9.55e-01	4.46e-02	3.87e-04
 3.02059e+23	9.56e-01	4.41e-02	3.77e-04
 3.02287e+23	9.56e-01	4.33e-02	3.64e-04
 3.02533e+23	9.57e-01	4.26e-02	3.53e-04
 3.02757e+23	9.58e-01	4.20e-02	3.43e-04
 3.03003e+23	9.58e-01	4.12e-02	3.30e-04
 3.03268e+23	9.59e-01	4.05e-02	3.19e-04
 3.03509e+23	9.60e-01	4.00e-02	3.10e-04
 3.03773e+23	9.61e-01	3.91e-02	2.98e-04
 3.04058e+23	9.61e-01	3.85e-02	2.88e-04
 3.04317e+23	9.62e-01	3.79e-02	2.79e-04
 3.04602e+23	9.63e-01	3.71e-02	2.67e-04
 3.04909e+23	9.63e-01	3.64e-02	2.58e-04
 3.05188e+23	9.64e-01	3.58e-02	2.49e-04
 3.05494e+23	9.65e-01	3.50e-02	2.38e-04
 3.05825e+23	9.65e-01	3.44e-02	2.30e-04
 3.06126e+23	9.66e-01	3.37e-02	2.21e-04
 3.06399e+23	9.67e-01	3.32e-02	2.14e-04
 3.06699e+23	9.67e-01	3.24e-02	2.05e-04
 3.07023e+23	9.68e-01	3.18e-02	1.97e-04
 3.07318e+23	9.69e-01	3.13e-02	1.91e-04
 3.07640e+23	9.69e-01	3.06e-02	1.82e-04
 3.07989e+23	9.70e-01	3.00e-02	1.75e-04
 3.08306e+23	9.70e-01	2.94e-02	1.69e-04
 3.08512e+23	9.71e-01	2.92e-02	1.66e-04
