#depth	S	S+	S+2	S+3	S+4	S+5	S+6	S+7	S+8	S+9	S+10	S+11	S+12	S+13	S+14	S+15	S+16
 1.54284e+22	0.00e+00	0.00e+00	9.73e-26	2.87e-22	4.31e-19	4.59e-16	8.62e-13	2.03e-10	1.88e-08	7.17e-07	1.66e-05	1.99e-04	1.53e-03	1.24e-02	2.04e-01	4.58e-01	3.24e-01
 3.55574e+22	0.00e+00	4.27e-28	8.75e-24	1.81e-20	1.87e-17	1.30e-14	1.94e-11	3.43e-09	2.35e-07	6.48e-06	1.09e-04	9.26e-04	4.78e-03	2.62e-02	2.95e-01	4.53e-01	2.19e-01
 4.26082e+22	3.97e-34	4.84e-27	8.18e-23	1.40e-19	1.19e-16	6.63e-14	8.96e-11	1.39e-08	8.21e-07	1.93e-05	2.78e-04	1.97e-03	8.28e-03	3.70e-02	3.45e-01	4.35e-01	1.73e-01
 4.61337e+22	3.48e-39	1.67e-26	2.55e-22	3.95e-19	3.01e-16	1.49e-13	1.94e-10	2.81e-08	1.55e-06	3.35e-05	4.45e-04	2.87e-03	1.09e-02	4.38e-02	3.70e-01	4.21e-01	1.51e-01
 4.76026e+22	0.00e+00	2.34e-26	3.48e-22	5.24e-19	3.87e-16	1.86e-13	2.39e-10	3.41e-08	1.84e-06	3.89e-05	5.06e-04	3.19e-03	1.17e-02	4.58e-02	3.76e-01	4.17e-01	1.46e-01
 4.81726e+22	0.00e+00	3.17e-26	4.59e-22	6.73e-19	4.84e-16	2.26e-13	2.87e-10	4.04e-08	2.15e-06	4.45e-05	5.68e-04	3.49e-03	1.25e-02	4.77e-02	3.82e-01	4.13e-01	1.41e-01
 4.88081e+22	0.00e+00	4.54e-26	6.37e-22	9.08e-19	6.33e-16	2.85e-13	3.58e-10	4.96e-08	2.58e-06	5.21e-05	6.50e-04	3.89e-03	1.35e-02	4.99e-02	3.89e-01	4.08e-01	1.35e-01
 4.94589e+22	0.00e+00	6.19e-26	8.47e-22	1.18e-18	7.96e-16	3.48e-13	4.34e-10	5.91e-08	3.02e-06	5.98e-05	7.31e-04	4.28e-03	1.45e-02	5.19e-02	3.95e-01	4.03e-01	1.30e-01
 5.00278e+22	0.00e+00	8.35e-26	1.11e-21	1.51e-18	9.92e-16	4.21e-13	5.21e-10	7.00e-08	3.52e-06	6.83e-05	8.18e-04	4.68e-03	1.54e-02	5.39e-02	4.00e-01	3.99e-01	1.26e-01
 5.06653e+22	0.00e+00	1.22e-25	1.57e-21	2.06e-18	1.31e-15	5.35e-13	6.56e-10	8.66e-08	4.27e-06	8.07e-05	9.43e-04	5.25e-03	1.67e-02	5.65e-02	4.07e-01	3.93e-01	1.20e-01
 5.13046e+22	0.00e+00	1.66e-25	2.08e-21	2.65e-18	1.64e-15	6.49e-13	7.90e-10	1.03e-07	4.99e-06	9.23e-05	1.06e-03	5.75e-03	1.78e-02	5.87e-02	4.13e-01	3.88e-01	1.16e-01
 5.18342e+22	0.00e+00	2.20e-25	2.69e-21	3.34e-18	2.01e-15	7.73e-13	9.37e-10	1.21e-07	5.75e-06	1.05e-04	1.18e-03	6.26e-03	1.89e-02	6.07e-02	4.18e-01	3.84e-01	1.12e-01
 5.23336e+22	0.00e+00	2.91e-25	3.48e-21	4.21e-18	2.47e-15	9.20e-13	1.11e-09	1.41e-07	6.63e-06	1.18e-04	1.31e-03	6.81e-03	2.01e-02	6.28e-02	4.22e-01	3.79e-01	1.08e-01
 5.29055e+22	0.00e+00	4.12e-25	4.77e-21	5.59e-18	3.17e-15	1.14e-12	1.37e-09	1.71e-07	7.90e-06	1.38e-04	1.49e-03	7.55e-03	2.16e-02	6.55e-02	4.28e-01	3.73e-01	1.03e-01
 5.34876e+22	0.00e+00	5.48e-25	6.19e-21	7.06e-18	3.89e-15	1.36e-12	1.62e-09	2.01e-07	9.12e-06	1.56e-04	1.65e-03	8.21e-03	2.29e-02	6.77e-02	4.32e-01	3.68e-01	9.92e-02
 5.40831e+22	0.00e+00	7.87e-25	8.61e-21	9.49e-18	5.05e-15	1.70e-12	2.01e-09	2.46e-07	1.10e-05	1.83e-04	1.89e-03	9.13e-03	2.47e-02	7.06e-02	4.38e-01	3.61e-01	9.45e-02
 5.46797e+22	0.00e+00	1.07e-24	1.14e-20	1.22e-17	6.29e-15	2.04e-12	2.42e-09	2.91e-07	1.28e-05	2.09e-04	2.12e-03	1.00e-02	2.63e-02	7.31e-02	4.42e-01	3.55e-01	9.06e-02
 5.51539e+22	0.00e+00	1.38e-24	1.43e-20	1.50e-17	7.51e-15	2.37e-12	2.80e-09	3.35e-07	1.45e-05	2.33e-04	2.33e-03	1.08e-02	2.77e-02	7.52e-02	4.46e-01	3.50e-01	8.75e-02
 5.56462e+22	0.00e+00	1.89e-24	1.90e-20	1.92e-17	9.36e-15	2.86e-12	3.37e-09	3.98e-07	1.70e-05	2.67e-04	2.61e-03	1.18e-02	2.95e-02	7.78e-02	4.50e-01	3.44e-01	8.37e-02
 5.61550e+22	0.00e+00	2.45e-24	2.41e-20	2.38e-17	1.13e-14	3.34e-12	3.93e-09	4.59e-07	1.94e-05	2.99e-04	2.87e-03	1.27e-02	3.11e-02	8.00e-02	4.53e-01	3.39e-01	8.06e-02
 5.66852e+22	0.00e+00	3.49e-24	3.32e-20	3.16e-17	1.44e-14	4.10e-12	4.83e-09	5.57e-07	2.31e-05	3.48e-04	3.27e-03	1.41e-02	3.34e-02	8.31e-02	4.57e-01	3.32e-01	7.66e-02
 5.72058e+22	0.00e+00	4.56e-24	4.23e-20	3.91e-17	1.73e-14	4.78e-12	5.64e-09	6.45e-07	2.64e-05	3.91e-04	3.61e-03	1.52e-02	3.52e-02	8.54e-02	4.60e-01	3.26e-01	7.36e-02
 5.77136e+22	0.00e+00	6.42e-24	5.75e-20	5.13e-17	2.18e-14	5.81e-12	6.86e-09	7.77e-07	3.13e-05	4.52e-04	4.09e-03	1.68e-02	3.76e-02	8.84e-02	4.64e-01	3.19e-01	6.99e-02
 5.82280e+22	0.00e+00	8.48e-24	7.39e-20	6.40e-17	2.64e-14	6.80e-12	8.04e-09	9.04e-07	3.59e-05	5.10e-04	4.52e-03	1.82e-02	3.97e-02	9.09e-02	4.66e-01	3.13e-01	6.70e-02
 5.87507e+22	0.00e+00	1.22e-23	1.02e-19	8.50e-17	3.37e-14	8.31e-12	9.88e-09	1.10e-06	4.29e-05	5.94e-04	5.15e-03	2.02e-02	4.26e-02	9.42e-02	4.69e-01	3.05e-01	6.33e-02
 5.92730e+22	0.00e+00	1.61e-23	1.32e-19	1.06e-16	4.08e-14	9.72e-12	1.16e-08	1.28e-06	4.94e-05	6.70e-04	5.71e-03	2.18e-02	4.49e-02	9.67e-02	4.71e-01	2.99e-01	6.05e-02
 5.97125e+22	0.00e+00	2.09e-23	1.66e-19	1.30e-16	4.85e-14	1.12e-11	1.34e-08	1.47e-06	5.61e-05	7.48e-04	6.26e-03	2.35e-02	4.72e-02	9.91e-02	4.72e-01	2.93e-01	5.80e-02
 6.02016e+22	0.00e+00	3.02e-23	2.31e-19	1.73e-16	6.16e-14	1.36e-11	1.65e-08	1.79e-06	6.72e-05	8.74e-04	7.14e-03	2.60e-02	5.05e-02	1.02e-01	4.74e-01	2.85e-01	5.45e-02
 6.06821e+22	0.00e+00	3.88e-23	2.89e-19	2.11e-16	7.28e-14	1.56e-11	1.89e-08	2.05e-06	7.60e-05	9.71e-04	7.80e-03	2.79e-02	5.29e-02	1.05e-01	4.75e-01	2.79e-01	5.23e-02
 6.11513e+22	0.00e+00	5.53e-23	3.96e-19	2.77e-16	9.14e-14	1.87e-11	2.30e-08	2.47e-06	9.03e-05	1.13e-03	8.84e-03	3.08e-02	5.65e-02	1.08e-01	4.75e-01	2.70e-01	4.92e-02
 6.16121e+22	0.00e+00	7.06e-23	4.93e-19	3.34e-16	1.07e-13	2.13e-11	2.64e-08	2.82e-06	1.02e-04	1.25e-03	9.63e-03	3.29e-02	5.90e-02	1.10e-01	4.75e-01	2.65e-01	4.71e-02
 6.20620e+22	0.00e+00	1.00e-22	6.73e-19	4.37e-16	1.34e-13	2.54e-11	3.19e-08	3.38e-06	1.21e-04	1.44e-03	1.09e-02	3.61e-02	6.28e-02	1.13e-01	4.75e-01	2.56e-01	4.42e-02
 6.25116e+22	0.00e+00	1.29e-22	8.41e-19	5.29e-16	1.57e-13	2.89e-11	3.66e-08	3.86e-06	1.36e-04	1.60e-03	1.19e-02	3.86e-02	6.56e-02	1.15e-01	4.74e-01	2.50e-01	4.22e-02
 6.29606e+22	0.00e+00	1.83e-22	1.15e-18	6.92e-16	1.96e-13	3.43e-11	4.42e-08	4.65e-06	1.62e-04	1.85e-03	1.34e-02	4.25e-02	6.98e-02	1.18e-01	4.73e-01	2.42e-01	3.95e-02
 6.34127e+22	4.22e-34	2.38e-22	1.45e-18	8.45e-16	2.31e-13	3.92e-11	5.09e-08	5.33e-06	1.83e-04	2.06e-03	1.47e-02	4.55e-02	7.29e-02	1.21e-01	4.71e-01	2.35e-01	3.75e-02
 6.38686e+22	6.58e-34	3.44e-22	2.01e-18	1.11e-15	2.89e-13	4.66e-11	6.17e-08	6.44e-06	2.18e-04	2.39e-03	1.66e-02	5.00e-02	7.75e-02	1.24e-01	4.69e-01	2.26e-01	3.49e-02
 6.43279e+22	9.12e-34	4.50e-22	2.55e-18	1.36e-15	3.41e-13	5.31e-11	7.13e-08	7.41e-06	2.48e-04	2.66e-03	1.81e-02	5.36e-02	8.10e-02	1.26e-01	4.66e-01	2.19e-01	3.31e-02
 6.47914e+22	1.41e-33	6.46e-22	3.51e-18	1.78e-15	4.25e-13	6.30e-11	8.62e-08	8.92e-06	2.94e-04	3.07e-03	2.05e-02	5.87e-02	8.58e-02	1.28e-01	4.62e-01	2.10e-01	3.07e-02
 6.52511e+22	1.97e-33	8.51e-22	4.47e-18	2.19e-15	5.01e-13	7.16e-11	9.95e-08	1.03e-05	3.35e-04	3.43e-03	2.24e-02	6.29e-02	8.96e-02	1.30e-01	4.59e-01	2.03e-01	2.89e-02
 6.57059e+22	3.05e-33	1.22e-21	6.13e-18	2.86e-15	6.21e-13	8.44e-11	1.20e-07	1.23e-05	3.96e-04	3.94e-03	2.51e-02	6.87e-02	9.46e-02	1.33e-01	4.54e-01	1.94e-01	2.67e-02
 6.61690e+22	4.32e-33	1.63e-21	7.90e-18	3.53e-15	7.37e-13	9.62e-11	1.39e-07	1.43e-05	4.53e-04	4.41e-03	2.75e-02	7.36e-02	9.87e-02	1.35e-01	4.49e-01	1.87e-01	2.50e-02
 6.66430e+22	6.80e-33	2.37e-21	1.10e-17	4.66e-15	9.19e-13	1.14e-10	1.68e-07	1.72e-05	5.38e-04	5.09e-03	3.10e-02	8.04e-02	1.04e-01	1.37e-01	4.42e-01	1.78e-01	2.30e-02
 6.71205e+22	9.69e-33	3.18e-21	1.42e-17	5.77e-15	1.09e-12	1.30e-10	1.95e-07	1.99e-05	6.15e-04	5.69e-03	3.39e-02	8.60e-02	1.08e-01	1.38e-01	4.36e-01	1.70e-01	2.14e-02
 6.76025e+22	1.54e-32	4.67e-21	1.99e-17	7.63e-15	1.36e-12	1.53e-10	2.36e-07	2.40e-05	7.31e-04	6.56e-03	3.81e-02	9.38e-02	1.14e-01	1.40e-01	4.27e-01	1.61e-01	1.95e-02
 6.80876e+22	2.19e-32	6.26e-21	2.57e-17	9.45e-15	1.61e-12	1.74e-10	2.72e-07	2.77e-05	8.33e-04	7.31e-03	4.15e-02	1.00e-01	1.18e-01	1.41e-01	4.20e-01	1.54e-01	1.81e-02
 6.85069e+22	3.09e-32	8.34e-21	3.30e-17	1.16e-14	1.90e-12	1.97e-10	3.13e-07	3.18e-05	9.44e-04	8.11e-03	4.51e-02	1.06e-01	1.23e-01	1.42e-01	4.12e-01	1.47e-01	1.68e-02
 6.89821e+22	4.85e-32	1.22e-20	4.58e-17	1.53e-14	2.35e-12	2.31e-10	3.75e-07	3.80e-05	1.11e-03	9.26e-03	5.02e-02	1.15e-01	1.28e-01	1.42e-01	4.01e-01	1.38e-01	1.52e-02
 6.94535e+22	6.69e-32	1.59e-20	5.79e-17	1.86e-14	2.74e-12	2.59e-10	4.26e-07	4.32e-05	1.25e-03	1.02e-02	5.41e-02	1.21e-01	1.32e-01	1.43e-01	3.93e-01	1.31e-01	1.41e-02
 6.99200e+22	1.03e-31	2.28e-20	7.93e-17	2.40e-14	3.36e-12	3.02e-10	5.04e-07	5.10e-05	1.45e-03	1.15e-02	5.96e-02	1.30e-01	1.37e-01	1.43e-01	3.82e-01	1.23e-01	1.28e-02
 7.03958e+22	1.43e-31	3.00e-20	1.01e-16	2.93e-14	3.94e-12	3.40e-10	5.74e-07	5.79e-05	1.63e-03	1.26e-02	6.40e-02	1.37e-01	1.41e-01	1.43e-01	3.73e-01	1.17e-01	1.18e-02
 7.08836e+22	2.22e-31	4.31e-20	1.38e-16	3.81e-14	4.83e-12	3.96e-10	6.77e-07	6.82e-05	1.88e-03	1.42e-02	7.03e-02	1.46e-01	1.45e-01	1.42e-01	3.60e-01	1.09e-01	1.06e-02
 7.13830e+22	3.12e-31	5.72e-20	1.77e-16	4.68e-14	5.68e-12	4.47e-10	7.70e-07	7.74e-05	2.11e-03	1.56e-02	7.54e-02	1.54e-01	1.49e-01	1.42e-01	3.50e-01	1.03e-01	9.75e-03
 7.18973e+22	4.86e-31	8.27e-20	2.44e-16	6.10e-14	6.99e-12	5.23e-10	9.07e-07	9.11e-05	2.44e-03	1.75e-02	8.24e-02	1.64e-01	1.53e-01	1.40e-01	3.37e-01	9.51e-02	8.70e-03
 7.24233e+22	6.86e-31	1.10e-19	3.14e-16	7.52e-14	8.25e-12	5.93e-10	1.03e-06	1.03e-04	2.73e-03	1.91e-02	8.81e-02	1.71e-01	1.56e-01	1.39e-01	3.26e-01	8.94e-02	7.94e-03
 7.29644e+22	1.07e-30	1.59e-19	4.33e-16	9.83e-14	1.02e-11	6.95e-10	1.21e-06	1.21e-04	3.14e-03	2.13e-02	9.58e-02	1.81e-01	1.60e-01	1.38e-01	3.12e-01	8.23e-02	7.04e-03
 7.35158e+22	1.52e-30	2.13e-19	5.58e-16	1.21e-13	1.20e-11	7.90e-10	1.37e-06	1.37e-04	3.50e-03	2.32e-02	1.02e-01	1.89e-01	1.63e-01	1.36e-01	3.00e-01	7.69e-02	6.39e-03
 7.40806e+22	2.37e-30	3.09e-19	7.72e-16	1.59e-13	1.49e-11	9.28e-10	1.60e-06	1.59e-04	4.01e-03	2.58e-02	1.10e-01	1.99e-01	1.66e-01	1.33e-01	2.86e-01	7.04e-02	5.63e-03
 7.46490e+22	3.32e-30	4.10e-19	9.89e-16	1.95e-13	1.76e-11	1.05e-09	1.81e-06	1.79e-04	4.44e-03	2.80e-02	1.17e-01	2.06e-01	1.68e-01	1.31e-01	2.75e-01	6.57e-02	5.10e-03
 7.52221e+22	5.13e-30	5.87e-19	1.36e-15	2.54e-13	2.16e-11	1.23e-09	2.09e-06	2.06e-04	5.05e-03	3.08e-02	1.25e-01	2.16e-01	1.70e-01	1.28e-01	2.60e-01	6.00e-02	4.48e-03
 7.58091e+22	7.21e-30	7.80e-19	1.74e-15	3.13e-13	2.56e-11	1.40e-09	2.36e-06	2.31e-04	5.57e-03	3.33e-02	1.32e-01	2.23e-01	1.71e-01	1.26e-01	2.49e-01	5.57e-02	4.04e-03
 7.63185e+22	9.94e-30	1.01e-18	2.19e-15	3.79e-13	2.98e-11	1.58e-09	2.62e-06	2.56e-04	6.10e-03	3.56e-02	1.39e-01	2.29e-01	1.72e-01	1.24e-01	2.39e-01	5.19e-02	3.66e-03
 7.68852e+22	1.50e-29	1.42e-18	2.95e-15	4.87e-13	3.63e-11	1.84e-09	3.00e-06	2.92e-04	6.84e-03	3.89e-02	1.47e-01	2.37e-01	1.73e-01	1.20e-01	2.26e-01	4.73e-02	3.22e-03
 7.74538e+22	2.03e-29	1.83e-18	3.67e-15	5.85e-13	4.22e-11	2.07e-09	3.32e-06	3.22e-04	7.43e-03	4.14e-02	1.54e-01	2.43e-01	1.73e-01	1.18e-01	2.16e-01	4.41e-02	2.92e-03
 7.80247e+22	3.03e-29	2.53e-18	4.89e-15	7.45e-13	5.11e-11	2.40e-09	3.77e-06	3.64e-04	8.27e-03	4.48e-02	1.62e-01	2.50e-01	1.73e-01	1.14e-01	2.04e-01	4.01e-02	2.57e-03
 7.86095e+22	4.15e-29	3.27e-18	6.13e-15	9.01e-13	5.96e-11	2.70e-09	4.18e-06	4.01e-04	8.99e-03	4.77e-02	1.69e-01	2.56e-01	1.73e-01	1.11e-01	1.94e-01	3.72e-02	2.31e-03
 7.91260e+22	5.61e-29	4.19e-18	7.63e-15	1.08e-12	6.91e-11	3.03e-09	4.60e-06	4.39e-04	9.73e-03	5.05e-02	1.76e-01	2.61e-01	1.73e-01	1.08e-01	1.85e-01	3.45e-02	2.09e-03
 7.97112e+22	8.35e-29	5.79e-18	1.01e-14	1.37e-12	8.35e-11	3.51e-09	5.20e-06	4.94e-04	1.08e-02	5.44e-02	1.84e-01	2.67e-01	1.72e-01	1.05e-01	1.74e-01	3.12e-02	1.83e-03
 8.02949e+22	1.11e-28	7.29e-18	1.24e-14	1.63e-12	9.61e-11	3.92e-09	5.70e-06	5.38e-04	1.16e-02	5.73e-02	1.90e-01	2.71e-01	1.71e-01	1.02e-01	1.66e-01	2.90e-02	1.66e-03
 8.08767e+22	1.63e-28	9.94e-18	1.63e-14	2.05e-12	1.15e-10	4.53e-09	6.41e-06	6.01e-04	1.27e-02	6.14e-02	1.98e-01	2.76e-01	1.69e-01	9.80e-02	1.56e-01	2.63e-02	1.45e-03
 8.14699e+22	2.19e-28	1.25e-17	2.00e-14	2.44e-12	1.33e-10	5.07e-09	7.03e-06	6.54e-04	1.36e-02	6.46e-02	2.05e-01	2.80e-01	1.68e-01	9.51e-02	1.48e-01	2.43e-02	1.31e-03
 8.20779e+22	3.22e-28	1.71e-17	2.64e-14	3.08e-12	1.61e-10	5.87e-09	7.90e-06	7.29e-04	1.50e-02	6.90e-02	2.13e-01	2.84e-01	1.66e-01	9.12e-02	1.38e-01	2.19e-02	1.14e-03
 8.26974e+22	4.35e-28	2.17e-17	3.25e-14	3.68e-12	1.86e-10	6.58e-09	8.66e-06	7.94e-04	1.61e-02	7.25e-02	2.19e-01	2.87e-01	1.64e-01	8.82e-02	1.31e-01	2.02e-02	1.02e-03
 8.33319e+22	6.44e-28	2.97e-17	4.29e-14	4.65e-12	2.24e-10	7.64e-09	9.74e-06	8.85e-04	1.76e-02	7.73e-02	2.27e-01	2.91e-01	1.61e-01	8.43e-02	1.22e-01	1.81e-02	8.83e-04
 8.39782e+22	5.34e-29	3.77e-17	5.30e-14	5.57e-12	2.60e-10	8.59e-09	1.07e-05	9.63e-04	1.88e-02	8.11e-02	2.33e-01	2.93e-01	1.59e-01	8.13e-02	1.15e-01	1.67e-02	7.90e-04
 8.46398e+22	7.67e-29	5.17e-17	7.00e-14	7.05e-12	3.15e-10	1.00e-08	1.20e-05	1.07e-03	2.06e-02	8.63e-02	2.41e-01	2.96e-01	1.56e-01	7.74e-02	1.06e-01	1.49e-02	6.80e-04
 8.52865e+22	9.79e-29	6.39e-17	8.45e-14	8.29e-12	3.61e-10	1.11e-08	1.31e-05	1.16e-03	2.19e-02	9.00e-02	2.46e-01	2.97e-01	1.54e-01	7.47e-02	1.01e-01	1.38e-02	6.14e-04
 8.59138e+22	1.38e-28	8.60e-17	1.10e-13	1.03e-11	4.32e-10	1.28e-08	1.46e-05	1.28e-03	2.38e-02	9.51e-02	2.54e-01	2.98e-01	1.50e-01	7.11e-02	9.35e-02	1.23e-02	5.30e-04
 8.65509e+22	1.76e-28	1.06e-16	1.33e-13	1.22e-11	4.95e-10	1.43e-08	1.60e-05	1.38e-03	2.53e-02	9.90e-02	2.59e-01	2.99e-01	1.48e-01	6.85e-02	8.84e-02	1.14e-02	4.77e-04
 8.72006e+22	2.46e-28	1.42e-16	1.72e-13	1.52e-11	5.91e-10	1.65e-08	1.78e-05	1.52e-03	2.73e-02	1.04e-01	2.65e-01	3.00e-01	1.44e-01	6.51e-02	8.19e-02	1.02e-02	4.13e-04
 8.78704e+22	3.22e-28	1.80e-16	2.11e-13	1.81e-11	6.85e-10	1.86e-08	1.95e-05	1.65e-03	2.91e-02	1.09e-01	2.71e-01	3.00e-01	1.41e-01	6.23e-02	7.68e-02	9.27e-03	3.66e-04
 8.85664e+22	4.49e-28	2.40e-16	2.74e-13	2.26e-11	8.23e-10	2.15e-08	2.19e-05	1.82e-03	3.15e-02	1.15e-01	2.77e-01	3.00e-01	1.37e-01	5.90e-02	7.09e-02	8.26e-03	3.15e-04
 8.92851e+22	5.98e-28	3.08e-16	3.41e-13	2.73e-11	9.61e-10	2.44e-08	2.41e-05	1.97e-03	3.36e-02	1.19e-01	2.82e-01	2.99e-01	1.34e-01	5.62e-02	6.61e-02	7.48e-03	2.77e-04
 9.00333e+22	8.47e-28	4.16e-16	4.47e-13	3.45e-11	1.17e-09	2.85e-08	2.71e-05	2.19e-03	3.64e-02	1.26e-01	2.88e-01	2.98e-01	1.29e-01	5.29e-02	6.06e-02	6.61e-03	2.36e-04
 9.08016e+22	1.14e-27	5.37e-16	5.61e-13	4.19e-11	1.37e-09	3.25e-08	3.00e-05	2.38e-03	3.89e-02	1.31e-01	2.93e-01	2.96e-01	1.26e-01	5.02e-02	5.62e-02	5.95e-03	2.06e-04
 9.15961e+22	1.63e-27	7.33e-16	7.41e-13	5.33e-11	1.67e-09	3.81e-08	3.40e-05	2.65e-03	4.22e-02	1.38e-01	2.99e-01	2.94e-01	1.21e-01	4.70e-02	5.12e-02	5.21e-03	1.74e-04
 9.24164e+22	2.22e-27	9.55e-16	9.38e-13	6.53e-11	1.98e-09	4.38e-08	3.78e-05	2.89e-03	4.52e-02	1.44e-01	3.03e-01	2.91e-01	1.17e-01	4.43e-02	4.72e-02	4.66e-03	1.51e-04
 9.32704e+22	3.25e-27	1.32e-15	1.26e-12	8.40e-11	2.45e-09	5.19e-08	4.30e-05	3.22e-03	4.91e-02	1.51e-01	3.09e-01	2.88e-01	1.12e-01	4.12e-02	4.26e-02	4.04e-03	1.26e-04
 9.41503e+22	4.48e-27	1.74e-15	1.61e-12	1.04e-10	2.92e-09	5.99e-08	4.81e-05	3.53e-03	5.26e-02	1.57e-01	3.13e-01	2.85e-01	1.08e-01	3.86e-02	3.91e-02	3.58e-03	1.08e-04
 9.49422e+22	6.06e-27	2.26e-15	2.03e-12	1.27e-10	3.46e-09	6.88e-08	5.35e-05	3.86e-03	5.61e-02	1.64e-01	3.16e-01	2.81e-01	1.04e-01	3.63e-02	3.59e-02	3.19e-03	9.29e-05
 9.58502e+22	9.13e-27	3.21e-15	2.77e-12	1.67e-10	4.33e-09	8.25e-08	6.14e-05	4.32e-03	6.10e-02	1.72e-01	3.20e-01	2.76e-01	9.84e-02	3.34e-02	3.20e-02	2.72e-03	7.60e-05
 9.67656e+22	1.24e-26	4.15e-15	3.50e-12	2.04e-10	5.14e-09	9.48e-08	6.83e-05	4.71e-03	6.50e-02	1.78e-01	3.23e-01	2.72e-01	9.44e-02	3.13e-02	2.93e-02	2.41e-03	6.53e-05
 9.76908e+22	1.85e-26	5.86e-15	4.76e-12	2.66e-10	6.41e-09	1.13e-07	7.83e-05	5.26e-03	7.05e-02	1.86e-01	3.26e-01	2.66e-01	8.92e-02	2.87e-02	2.61e-02	2.06e-03	5.33e-05
 9.86356e+22	2.57e-26	7.75e-15	6.11e-12	3.30e-10	7.67e-09	1.31e-07	8.75e-05	5.75e-03	7.52e-02	1.93e-01	3.28e-01	2.61e-01	8.51e-02	2.67e-02	2.37e-02	1.80e-03	4.51e-05
 9.96059e+22	3.87e-26	1.10e-14	8.36e-12	4.34e-10	9.63e-09	1.58e-07	1.01e-04	6.43e-03	8.15e-02	2.01e-01	3.30e-01	2.54e-01	8.00e-02	2.43e-02	2.09e-02	1.52e-03	3.65e-05
 1.00597e+23	5.46e-26	1.48e-14	1.09e-11	5.44e-10	1.16e-08	1.84e-07	1.13e-04	7.05e-03	8.70e-02	2.08e-01	3.31e-01	2.48e-01	7.59e-02	2.25e-02	1.88e-02	1.32e-03	3.05e-05
 1.01478e+23	7.61e-26	1.97e-14	1.40e-11	6.78e-10	1.40e-08	2.14e-07	1.26e-04	7.70e-03	9.26e-02	2.15e-01	3.31e-01	2.42e-01	7.20e-02	2.08e-02	1.70e-02	1.15e-03	2.56e-05
 1.02487e+23	1.17e-25	2.86e-14	1.96e-11	9.03e-10	1.77e-08	2.59e-07	1.46e-04	8.63e-03	1.00e-01	2.24e-01	3.31e-01	2.34e-01	6.70e-02	1.88e-02	1.48e-02	9.54e-04	2.02e-05
 1.03446e+23	1.56e-25	3.65e-14	2.44e-11	1.09e-09	2.08e-08	2.95e-07	1.61e-04	9.31e-03	1.06e-01	2.30e-01	3.31e-01	2.29e-01	6.38e-02	1.75e-02	1.35e-02	8.43e-04	1.73e-05
 1.04340e+23	2.31e-25	5.14e-14	3.31e-11	1.42e-09	2.58e-08	3.51e-07	1.83e-04	1.03e-02	1.13e-01	2.37e-01	3.30e-01	2.21e-01	5.97e-02	1.59e-02	1.19e-02	7.09e-04	1.39e-05
 1.05235e+23	3.07e-25	6.59e-14	4.13e-11	1.72e-09	3.02e-08	4.00e-07	2.02e-04	1.11e-02	1.19e-01	2.43e-01	3.28e-01	2.16e-01	5.67e-02	1.47e-02	1.08e-02	6.23e-04	1.19e-05
 1.06132e+23	4.49e-25	9.19e-14	5.55e-11	2.21e-09	3.73e-08	4.74e-07	2.29e-04	1.22e-02	1.27e-01	2.50e-01	3.26e-01	2.08e-01	5.29e-02	1.34e-02	9.49e-03	5.25e-04	9.56e-06
 1.07050e+23	6.12e-25	1.21e-13	7.08e-11	2.72e-09	4.44e-08	5.46e-07	2.54e-04	1.33e-02	1.34e-01	2.56e-01	3.24e-01	2.02e-01	4.98e-02	1.23e-02	8.53e-03	4.55e-04	7.99e-06
 1.07996e+23	9.15e-25	1.73e-13	9.73e-11	3.58e-09	5.56e-08	6.56e-07	2.91e-04	1.47e-02	1.44e-01	2.63e-01	3.20e-01	1.93e-01	4.61e-02	1.11e-02	7.40e-03	3.76e-04	6.30e-06
 1.08947e+23	1.24e-24	2.26e-13	1.24e-10	4.41e-09	6.62e-08	7.56e-07	3.23e-04	1.59e-02	1.51e-01	2.68e-01	3.17e-01	1.87e-01	4.33e-02	1.02e-02	6.63e-03	3.25e-04	5.25e-06
 1.09905e+23	1.85e-24	3.25e-13	1.71e-10	5.80e-09	8.32e-08	9.12e-07	3.70e-04	1.76e-02	1.61e-01	2.75e-01	3.12e-01	1.79e-01	3.99e-02	9.08e-03	5.72e-03	2.67e-04	4.11e-06
 1.10881e+23	2.55e-24	4.34e-13	2.21e-10	7.24e-09	1.00e-07	1.06e-06	4.14e-04	1.92e-02	1.70e-01	2.80e-01	3.08e-01	1.72e-01	3.72e-02	8.28e-03	5.07e-03	2.27e-04	3.37e-06
 1.11882e+23	3.84e-24	6.34e-13	3.09e-10	9.67e-09	1.27e-07	1.30e-06	4.79e-04	2.14e-02	1.82e-01	2.86e-01	3.02e-01	1.63e-01	3.40e-02	7.33e-03	4.33e-03	1.84e-04	2.59e-06
 1.12903e+23	5.37e-24	8.59e-13	4.05e-10	1.22e-08	1.55e-07	1.52e-06	5.40e-04	2.33e-02	1.92e-01	2.90e-01	2.96e-01	1.56e-01	3.15e-02	6.63e-03	3.80e-03	1.55e-04	2.09e-06
 1.13950e+23	8.15e-24	1.28e-12	5.76e-10	1.66e-08	2.00e-07	1.89e-06	6.31e-04	2.61e-02	2.05e-01	2.95e-01	2.89e-01	1.47e-01	2.84e-02	5.80e-03	3.19e-03	1.23e-04	1.57e-06
 1.15007e+23	1.14e-23	1.74e-12	7.60e-10	2.11e-08	2.46e-07	2.24e-06	7.14e-04	2.86e-02	2.16e-01	2.99e-01	2.82e-01	1.40e-01	2.61e-02	5.21e-03	2.78e-03	1.02e-04	1.25e-06
 1.15900e+23	1.54e-23	2.31e-12	9.79e-10	2.63e-08	2.96e-07	2.62e-06	8.01e-04	3.11e-02	2.26e-01	3.02e-01	2.76e-01	1.33e-01	2.42e-02	4.71e-03	2.44e-03	8.63e-05	1.01e-06
 1.16872e+23	2.22e-23	3.31e-12	1.35e-09	3.49e-08	3.77e-07	3.21e-06	9.30e-04	3.46e-02	2.39e-01	3.05e-01	2.67e-01	1.25e-01	2.18e-02	4.14e-03	2.06e-03	6.91e-05	7.68e-07
 1.17850e+23	3.00e-23	4.40e-12	1.74e-09	4.36e-08	4.57e-07	3.77e-06	1.05e-03	3.77e-02	2.50e-01	3.07e-01	2.60e-01	1.19e-01	2.01e-02	3.72e-03	1.80e-03	5.78e-05	6.16e-07
 1.18803e+23	4.21e-23	6.18e-12	2.37e-09	5.71e-08	5.76e-07	4.60e-06	1.21e-03	4.18e-02	2.64e-01	3.08e-01	2.51e-01	1.11e-01	1.81e-02	3.26e-03	1.52e-03	4.64e-05	4.69e-07
 1.19777e+23	5.68e-23	8.25e-12	3.07e-09	7.20e-08	7.04e-07	5.47e-06	1.37e-03	4.57e-02	2.76e-01	3.09e-01	2.42e-01	1.05e-01	1.65e-02	2.91e-03	1.31e-03	3.82e-05	3.70e-07
 1.20731e+23	7.70e-23	1.14e-11	4.11e-09	9.34e-08	8.83e-07	6.65e-06	1.59e-03	5.05e-02	2.90e-01	3.09e-01	2.33e-01	9.78e-02	1.48e-02	2.55e-03	1.11e-03	3.07e-05	2.83e-07
 1.21706e+23	1.02e-22	1.52e-11	5.36e-09	1.19e-07	1.09e-06	7.98e-06	1.81e-03	5.54e-02	3.02e-01	3.09e-01	2.24e-01	9.14e-02	1.33e-02	2.25e-03	9.42e-04	2.49e-05	2.19e-07
 1.22667e+23	1.37e-22	2.05e-11	7.04e-09	1.52e-07	1.36e-06	9.66e-06	2.09e-03	6.11e-02	3.16e-01	3.07e-01	2.14e-01	8.49e-02	1.19e-02	1.96e-03	7.94e-04	2.00e-05	1.68e-07
 1.23635e+23	1.80e-22	2.73e-11	9.15e-09	1.93e-07	1.67e-06	1.16e-05	2.39e-03	6.71e-02	3.29e-01	3.05e-01	2.04e-01	7.87e-02	1.07e-02	1.72e-03	6.70e-04	1.61e-05	1.29e-07
 1.24592e+23	2.36e-22	3.60e-11	1.18e-08	2.45e-07	2.07e-06	1.40e-05	2.74e-03	7.36e-02	3.42e-01	3.03e-01	1.94e-01	7.28e-02	9.52e-03	1.50e-03	5.64e-04	1.29e-05	0.00e+00
 1.25547e+23	3.06e-22	4.71e-11	1.52e-08	3.09e-07	2.54e-06	1.69e-05	3.14e-03	8.07e-02	3.55e-01	2.99e-01	1.85e-01	6.72e-02	8.48e-03	1.30e-03	4.74e-04	1.03e-05	0.00e+00
 1.26504e+23	3.96e-22	6.12e-11	1.94e-08	3.89e-07	3.13e-06	2.03e-05	3.59e-03	8.83e-02	3.67e-01	2.95e-01	1.75e-01	6.17e-02	7.52e-03	1.13e-03	3.97e-04	8.25e-06	0.00e+00
 1.27463e+23	5.11e-22	7.89e-11	2.47e-08	4.87e-07	3.83e-06	2.44e-05	4.10e-03	9.66e-02	3.79e-01	2.90e-01	1.65e-01	5.66e-02	6.65e-03	9.77e-04	3.31e-04	6.57e-06	0.00e+00
 1.28427e+23	6.58e-22	1.01e-10	3.12e-08	6.09e-07	4.69e-06	2.93e-05	4.68e-03	1.05e-01	3.91e-01	2.85e-01	1.55e-01	5.17e-02	5.86e-03	8.42e-04	2.76e-04	5.21e-06	0.00e+00
 1.29400e+23	8.48e-22	1.28e-10	3.93e-08	7.59e-07	5.73e-06	3.51e-05	5.33e-03	1.15e-01	4.02e-01	2.79e-01	1.46e-01	4.70e-02	5.15e-03	7.23e-04	2.29e-04	4.11e-06	0.00e+00
 1.30383e+23	1.10e-21	1.62e-10	4.92e-08	9.43e-07	6.98e-06	4.21e-05	6.07e-03	1.25e-01	4.13e-01	2.72e-01	1.37e-01	4.26e-02	4.50e-03	6.18e-04	1.89e-04	3.23e-06	0.00e+00
 1.31371e+23	1.42e-21	2.03e-10	6.13e-08	1.17e-06	8.48e-06	5.03e-05	6.90e-03	1.36e-01	4.22e-01	2.65e-01	1.27e-01	3.86e-02	3.93e-03	5.27e-04	1.56e-04	2.54e-06	0.00e+00
 1.32374e+23	1.86e-21	2.53e-10	7.62e-08	1.44e-06	1.03e-05	6.02e-05	7.85e-03	1.47e-01	4.31e-01	2.57e-01	1.18e-01	3.47e-02	3.41e-03	4.46e-04	1.27e-04	1.98e-06	0.00e+00
 1.33389e+23	2.45e-21	3.13e-10	9.40e-08	1.77e-06	1.25e-05	7.17e-05	8.89e-03	1.59e-01	4.39e-01	2.49e-01	1.10e-01	3.12e-02	2.96e-03	3.78e-04	1.04e-04	1.54e-06	0.00e+00
 1.34423e+23	3.31e-21	3.87e-10	1.16e-07	2.19e-06	1.51e-05	8.59e-05	1.01e-02	1.72e-01	4.46e-01	2.40e-01	1.01e-01	2.78e-02	2.55e-03	3.17e-04	8.44e-05	1.19e-06	0.00e+00
 1.35476e+23	4.50e-21	4.73e-10	1.42e-07	2.68e-06	1.82e-05	1.02e-04	1.14e-02	1.85e-01	4.52e-01	2.31e-01	9.33e-02	2.48e-02	2.19e-03	2.66e-04	6.85e-05	9.17e-07	0.00e+00
 1.36441e+23	6.09e-21	5.57e-10	1.68e-07	3.17e-06	2.13e-05	1.18e-04	1.26e-02	1.96e-01	4.56e-01	2.23e-01	8.69e-02	2.24e-02	1.93e-03	2.29e-04	5.74e-05	7.37e-07	0.00e+00
 1.37448e+23	7.86e-19	6.79e-10	2.07e-07	3.90e-06	2.58e-05	1.42e-04	1.43e-02	2.12e-01	4.60e-01	2.13e-01	7.92e-02	1.97e-02	1.64e-03	1.89e-04	4.57e-05	5.56e-07	0.00e+00
 1.38471e+23	1.06e-18	7.95e-10	2.43e-07	4.59e-06	3.00e-05	1.63e-04	1.58e-02	2.24e-01	4.62e-01	2.05e-01	7.34e-02	1.78e-02	1.43e-03	1.62e-04	3.80e-05	4.44e-07	0.00e+00
 1.39528e+23	1.37e-18	9.67e-10	2.99e-07	5.65e-06	3.64e-05	1.96e-04	1.79e-02	2.40e-01	4.64e-01	1.95e-01	6.64e-02	1.55e-02	1.20e-03	1.32e-04	2.99e-05	3.31e-07	0.00e+00
 1.40587e+23	1.66e-18	1.12e-09	3.49e-07	6.61e-06	4.21e-05	2.25e-04	1.96e-02	2.53e-01	4.64e-01	1.87e-01	6.13e-02	1.39e-02	1.05e-03	1.12e-04	2.49e-05	2.63e-07	0.00e+00
 1.41650e+23	2.12e-18	1.34e-09	4.24e-07	8.07e-06	5.06e-05	2.68e-04	2.21e-02	2.70e-01	4.63e-01	1.77e-01	5.52e-02	1.21e-02	8.78e-04	9.12e-05	1.95e-05	1.96e-07	0.00e+00
 1.42716e+23	2.56e-18	1.54e-09	4.92e-07	9.38e-06	5.81e-05	3.06e-04	2.41e-02	2.82e-01	4.62e-01	1.69e-01	5.09e-02	1.08e-02	7.65e-04	7.77e-05	1.62e-05	1.56e-07	0.00e+00
 1.43788e+23	3.23e-18	1.83e-09	5.92e-07	1.13e-05	6.93e-05	3.63e-04	2.70e-02	2.99e-01	4.58e-01	1.59e-01	4.56e-02	9.38e-03	6.39e-04	6.30e-05	1.27e-05	1.16e-07	0.00e+00
 1.44872e+23	3.90e-18	2.10e-09	6.85e-07	1.32e-05	7.94e-05	4.13e-04	2.94e-02	3.12e-01	4.55e-01	1.52e-01	4.19e-02	8.37e-03	5.55e-04	5.35e-05	1.05e-05	0.00e+00	0.00e+00
 1.45971e+23	4.90e-18	2.47e-09	8.21e-07	1.59e-05	9.43e-05	4.87e-04	3.28e-02	3.30e-01	4.50e-01	1.42e-01	3.74e-02	7.21e-03	4.61e-04	4.31e-05	8.19e-06	0.00e+00	0.00e+00
 1.47084e+23	5.93e-18	2.83e-09	9.48e-07	1.83e-05	1.08e-04	5.54e-04	3.56e-02	3.43e-01	4.45e-01	1.35e-01	3.42e-02	6.41e-03	3.99e-04	3.64e-05	6.74e-06	0.00e+00	0.00e+00
 1.48216e+23	7.47e-18	3.32e-09	1.14e-06	2.20e-05	1.28e-04	6.52e-04	3.96e-02	3.60e-01	4.37e-01	1.26e-01	3.04e-02	5.49e-03	3.29e-04	2.91e-05	5.22e-06	0.00e+00	0.00e+00
 1.49370e+23	9.08e-18	3.79e-09	1.31e-06	2.55e-05	1.46e-04	7.40e-04	4.30e-02	3.74e-01	4.31e-01	1.19e-01	2.76e-02	4.85e-03	2.83e-04	2.44e-05	4.26e-06	0.00e+00	0.00e+00
 1.50550e+23	1.15e-17	4.46e-09	1.57e-06	3.07e-05	1.72e-04	8.72e-04	4.77e-02	3.91e-01	4.22e-01	1.10e-01	2.44e-02	4.12e-03	2.32e-04	1.94e-05	3.27e-06	0.00e+00	0.00e+00
 1.51758e+23	1.42e-17	5.11e-09	1.82e-06	3.55e-05	1.97e-04	9.91e-04	5.17e-02	4.04e-01	4.14e-01	1.03e-01	2.20e-02	3.62e-03	1.98e-04	1.61e-05	2.65e-06	0.00e+00	0.00e+00
 1.53002e+23	1.82e-17	6.03e-09	2.19e-06	4.28e-05	2.33e-04	1.17e-03	5.73e-02	4.21e-01	4.02e-01	9.50e-02	1.92e-02	3.04e-03	1.60e-04	1.26e-05	2.00e-06	0.00e+00	0.00e+00
 1.54269e+23	2.27e-17	6.95e-09	2.55e-06	4.97e-05	2.66e-04	1.32e-03	6.19e-02	4.34e-01	3.93e-01	8.89e-02	1.73e-02	2.66e-03	1.36e-04	1.04e-05	1.61e-06	0.00e+00	0.00e+00
 1.55337e+23	2.75e-17	7.82e-09	2.90e-06	5.66e-05	2.99e-04	1.48e-03	6.63e-02	4.46e-01	3.84e-01	8.36e-02	1.57e-02	2.35e-03	1.17e-04	8.76e-06	1.32e-06	0.00e+00	0.00e+00
 1.56495e+23	3.50e-17	9.11e-09	3.43e-06	6.68e-05	3.47e-04	1.71e-03	7.24e-02	4.60e-01	3.73e-01	7.71e-02	1.39e-02	2.00e-03	9.61e-05	6.99e-06	1.02e-06	0.00e+00	0.00e+00
 1.57621e+23	4.24e-17	1.02e-08	3.88e-06	7.53e-05	3.85e-04	1.89e-03	7.69e-02	4.70e-01	3.64e-01	7.27e-02	1.27e-02	1.78e-03	8.36e-05	5.96e-06	8.53e-07	0.00e+00	0.00e+00
 1.58704e+23	5.34e-17	1.17e-08	4.51e-06	8.75e-05	4.40e-04	2.16e-03	8.31e-02	4.82e-01	3.52e-01	6.72e-02	1.12e-02	1.53e-03	6.95e-05	4.81e-06	6.70e-07	0.00e+00	0.00e+00
 1.59798e+23	6.61e-17	1.32e-08	5.12e-06	9.87e-05	4.88e-04	2.38e-03	8.80e-02	4.91e-01	3.44e-01	6.33e-02	1.02e-02	1.36e-03	6.04e-05	4.10e-06	5.58e-07	0.00e+00	0.00e+00
 1.60907e+23	8.52e-17	1.52e-08	5.97e-06	1.15e-04	5.56e-04	2.70e-03	9.49e-02	5.02e-01	3.31e-01	5.83e-02	9.04e-03	1.17e-03	5.01e-05	3.30e-06	4.37e-07	0.00e+00	0.00e+00
 1.62033e+23	1.08e-16	1.73e-08	6.79e-06	1.29e-04	6.17e-04	2.98e-03	1.00e-01	5.10e-01	3.22e-01	5.47e-02	8.21e-03	1.03e-03	4.33e-05	2.80e-06	3.62e-07	0.00e+00	0.00e+00
 1.63180e+23	1.43e-16	2.00e-08	7.95e-06	1.51e-04	7.04e-04	3.39e-03	1.08e-01	5.20e-01	3.10e-01	5.01e-02	7.22e-03	8.81e-04	3.57e-05	2.24e-06	2.81e-07	0.00e+00	0.00e+00
 1.64343e+23	1.88e-16	2.29e-08	9.09e-06	1.71e-04	7.80e-04	3.73e-03	1.14e-01	5.27e-01	3.00e-01	4.69e-02	6.54e-03	7.78e-04	3.07e-05	1.89e-06	2.32e-07	0.00e+00	0.00e+00
 1.65529e+23	2.62e-16	2.66e-08	1.07e-05	1.99e-04	8.90e-04	4.24e-03	1.23e-01	5.36e-01	2.87e-01	4.28e-02	5.72e-03	6.58e-04	2.51e-05	1.50e-06	1.79e-07	0.00e+00	0.00e+00
 1.66734e+23	3.66e-16	3.07e-08	1.23e-05	2.26e-04	9.87e-04	4.66e-03	1.30e-01	5.41e-01	2.77e-01	3.99e-02	5.16e-03	5.78e-04	2.15e-05	1.26e-06	1.46e-07	0.00e+00	0.00e+00
 1.67965e+23	5.52e-16	3.61e-08	1.45e-05	2.64e-04	1.13e-03	5.30e-03	1.39e-01	5.49e-01	2.64e-01	3.62e-02	4.48e-03	4.86e-04	1.75e-05	9.92e-07	0.00e+00	0.00e+00	0.00e+00
 1.69224e+23	8.65e-16	4.19e-08	1.68e-05	3.01e-04	1.25e-03	5.84e-03	1.47e-01	5.54e-01	2.54e-01	3.35e-02	4.02e-03	4.24e-04	1.48e-05	8.25e-07	0.00e+00	0.00e+00	0.00e+00
 1.70520e+23	1.54e-15	4.99e-08	2.00e-05	3.55e-04	1.43e-03	6.65e-03	1.57e-01	5.59e-01	2.41e-01	3.02e-02	3.46e-03	3.53e-04	1.19e-05	6.43e-07	0.00e+00	0.00e+00	0.00e+00
 1.71849e+23	2.92e-15	5.84e-08	2.33e-05	4.06e-04	1.60e-03	7.35e-03	1.66e-01	5.63e-01	2.31e-01	2.78e-02	3.08e-03	3.05e-04	1.00e-05	5.27e-07	0.00e+00	0.00e+00	0.00e+00
 1.73224e+23	7.58e-15	7.11e-08	2.82e-05	4.82e-04	1.84e-03	8.37e-03	1.78e-01	5.66e-01	2.17e-01	2.49e-02	2.63e-03	2.52e-04	7.95e-06	4.06e-07	0.00e+00	0.00e+00	0.00e+00
 1.74613e+23	2.62e-14	8.40e-08	3.30e-05	5.53e-04	2.05e-03	9.23e-03	1.87e-01	5.68e-01	2.07e-01	2.28e-02	2.33e-03	2.17e-04	6.65e-06	3.33e-07	0.00e+00	0.00e+00	0.00e+00
 1.76022e+23	8.44e-14	1.03e-07	4.00e-05	6.57e-04	2.35e-03	1.05e-02	2.00e-01	5.70e-01	1.94e-01	2.03e-02	1.98e-03	1.78e-04	5.24e-06	2.54e-07	0.00e+00	0.00e+00	0.00e+00
 1.77446e+23	1.83e-13	1.23e-07	4.70e-05	7.54e-04	2.61e-03	1.16e-02	2.10e-01	5.70e-01	1.85e-01	1.86e-02	1.75e-03	1.52e-04	4.37e-06	2.07e-07	0.00e+00	0.00e+00	0.00e+00
 1.78888e+23	5.41e-14	1.52e-07	5.74e-05	8.98e-04	2.99e-03	1.31e-02	2.23e-01	5.69e-01	1.72e-01	1.65e-02	1.48e-03	1.24e-04	3.43e-06	1.58e-07	0.00e+00	0.00e+00	0.00e+00
 1.80357e+23	2.81e-16	1.83e-07	6.78e-05	1.04e-03	3.34e-03	1.44e-02	2.34e-01	5.67e-01	1.63e-01	1.50e-02	1.30e-03	1.06e-04	2.84e-06	1.28e-07	0.00e+00	0.00e+00	0.00e+00
 1.81655e+23	3.33e-16	2.17e-07	7.95e-05	1.19e-03	3.71e-03	1.59e-02	2.45e-01	5.65e-01	1.54e-01	1.36e-02	1.14e-03	9.02e-05	2.34e-06	0.00e+00	0.00e+00	0.00e+00	0.00e+00
 1.83138e+23	4.79e-16	2.74e-07	9.78e-05	1.42e-03	4.24e-03	1.79e-02	2.60e-01	5.61e-01	1.43e-01	1.20e-02	9.64e-04	7.34e-05	1.84e-06	0.00e+00	0.00e+00	0.00e+00	0.00e+00
 1.84651e+23	6.47e-16	3.30e-07	1.16e-04	1.63e-03	4.72e-03	1.98e-02	2.72e-01	5.56e-01	1.34e-01	1.08e-02	8.36e-04	6.17e-05	1.50e-06	0.00e+00	0.00e+00	0.00e+00	0.00e+00
 1.85877e+23	8.41e-16	3.90e-07	1.34e-04	1.84e-03	5.17e-03	2.14e-02	2.82e-01	5.52e-01	1.27e-01	9.89e-03	7.43e-04	5.35e-05	1.26e-06	0.00e+00	0.00e+00	0.00e+00	0.00e+00
 1.87145e+23	1.17e-15	4.75e-07	1.59e-04	2.13e-03	5.75e-03	2.34e-02	2.93e-01	5.46e-01	1.20e-01	8.91e-03	6.47e-04	4.52e-05	1.03e-06	0.00e+00	0.00e+00	0.00e+00	0.00e+00
 1.88481e+23	1.58e-15	5.67e-07	1.85e-04	2.42e-03	6.32e-03	2.54e-02	3.04e-01	5.40e-01	1.13e-01	8.10e-03	5.69e-04	3.87e-05	8.62e-07	0.00e+00	0.00e+00	0.00e+00	0.00e+00
 1.89710e+23	2.14e-15	6.75e-07	2.16e-04	2.74e-03	6.93e-03	2.76e-02	3.15e-01	5.34e-01	1.06e-01	7.37e-03	5.02e-04	3.32e-05	7.20e-07	0.00e+00	0.00e+00	0.00e+00	0.00e+00
 1.91110e+23	3.18e-15	8.42e-07	2.61e-04	3.20e-03	7.77e-03	3.04e-02	3.28e-01	5.25e-01	9.84e-02	6.54e-03	4.29e-04	2.74e-05	5.75e-07	0.00e+00	0.00e+00	0.00e+00	0.00e+00
 1.92548e+23	4.71e-15	1.02e-06	3.08e-04	3.67e-03	8.57e-03	3.31e-02	3.40e-01	5.16e-01	9.18e-02	5.87e-03	3.72e-04	2.31e-05	4.69e-07	0.00e+00	0.00e+00	0.00e+00	0.00e+00
 1.93811e+23	6.53e-15	1.22e-06	3.59e-04	4.16e-03	9.38e-03	3.57e-02	3.51e-01	5.08e-01	8.61e-02	5.32e-03	3.27e-04	1.98e-05	3.91e-07	0.00e+00	0.00e+00	0.00e+00	0.00e+00
 1.95230e+23	1.05e-14	1.53e-06	4.35e-04	4.85e-03	1.05e-02	3.92e-02	3.64e-01	4.97e-01	7.95e-02	4.70e-03	2.78e-04	1.63e-05	3.11e-07	0.00e+00	0.00e+00	0.00e+00	0.00e+00
 1.96716e+23	1.79e-14	1.88e-06	5.16e-04	5.57e-03	1.16e-02	4.27e-02	3.76e-01	4.86e-01	7.35e-02	4.19e-03	2.39e-04	1.36e-05	2.51e-07	0.00e+00	0.00e+00	0.00e+00	0.00e+00
 1.98058e+23	2.70e-14	2.28e-06	6.06e-04	6.34e-03	1.27e-02	4.60e-02	3.86e-01	4.76e-01	6.85e-02	3.76e-03	2.08e-04	1.15e-05	2.07e-07	0.00e+00	0.00e+00	0.00e+00	0.00e+00
 1.99574e+23	5.23e-14	2.91e-06	7.43e-04	7.45e-03	1.42e-02	5.05e-02	3.99e-01	4.62e-01	6.25e-02	3.29e-03	1.75e-04	9.31e-06	1.62e-07	0.00e+00	0.00e+00	0.00e+00	0.00e+00
 2.01139e+23	1.36e-13	3.60e-06	8.87e-04	8.58e-03	1.57e-02	5.48e-02	4.10e-01	4.49e-01	5.75e-02	2.91e-03	1.49e-04	7.70e-06	1.30e-07	0.00e+00	0.00e+00	0.00e+00	0.00e+00
 2.02535e+23	2.92e-13	4.40e-06	1.05e-03	9.78e-03	1.71e-02	5.91e-02	4.20e-01	4.37e-01	5.31e-02	2.59e-03	1.29e-04	6.45e-06	0.00e+00	0.00e+00	0.00e+00	0.00e+00	0.00e+00
 2.04115e+23	1.02e-12	5.69e-06	1.29e-03	1.15e-02	1.92e-02	6.48e-02	4.32e-01	4.21e-01	4.79e-02	2.23e-03	1.06e-04	5.14e-06	0.00e+00	0.00e+00	0.00e+00	0.00e+00	0.00e+00
 2.05747e+23	6.33e-12	7.09e-06	1.54e-03	1.33e-02	2.11e-02	6.99e-02	4.42e-01	4.07e-01	4.37e-02	1.96e-03	9.02e-05	4.22e-06	0.00e+00	0.00e+00	0.00e+00	0.00e+00	0.00e+00
 2.07446e+23	2.04e-11	9.32e-06	1.93e-03	1.58e-02	2.37e-02	7.68e-02	4.53e-01	3.88e-01	3.89e-02	1.67e-03	7.33e-05	3.30e-06	0.00e+00	0.00e+00	0.00e+00	0.00e+00	0.00e+00
 2.09177e+23	3.81e-11	1.17e-05	2.32e-03	1.82e-02	2.61e-02	8.28e-02	4.61e-01	3.73e-01	3.52e-02	1.45e-03	6.15e-05	2.68e-06	0.00e+00	0.00e+00	0.00e+00	0.00e+00	0.00e+00
 2.10712e+23	5.69e-11	1.46e-05	2.76e-03	2.08e-02	2.86e-02	8.89e-02	4.68e-01	3.57e-01	3.19e-02	1.27e-03	5.18e-05	2.19e-06	0.00e+00	0.00e+00	0.00e+00	0.00e+00	0.00e+00
 2.12468e+23	8.94e-11	1.93e-05	3.46e-03	2.47e-02	3.20e-02	9.70e-02	4.76e-01	3.37e-01	2.80e-02	1.06e-03	4.15e-05	1.69e-06	0.00e+00	0.00e+00	0.00e+00	0.00e+00	0.00e+00
 2.14250e+23	1.27e-10	2.43e-05	4.15e-03	2.84e-02	3.50e-02	1.04e-01	4.82e-01	3.21e-01	2.51e-02	9.17e-04	3.44e-05	1.35e-06	0.00e+00	0.00e+00	0.00e+00	0.00e+00	0.00e+00
 2.15829e+23	1.74e-10	3.03e-05	4.95e-03	3.25e-02	3.82e-02	1.11e-01	4.85e-01	3.05e-01	2.25e-02	7.94e-04	2.88e-05	1.10e-06	0.00e+00	0.00e+00	0.00e+00	0.00e+00	0.00e+00
 2.17642e+23	2.61e-10	4.04e-05	6.21e-03	3.85e-02	4.25e-02	1.20e-01	4.88e-01	2.84e-01	1.94e-02	6.56e-04	2.26e-05	8.29e-07	0.00e+00	0.00e+00	0.00e+00	0.00e+00	0.00e+00
 2.19477e+23	3.57e-10	5.07e-05	7.42e-03	4.39e-02	4.62e-02	1.28e-01	4.89e-01	2.67e-01	1.72e-02	5.61e-04	1.86e-05	6.59e-07	0.00e+00	0.00e+00	0.00e+00	0.00e+00	0.00e+00
 2.21338e+23	5.25e-10	6.73e-05	9.26e-03	5.17e-02	5.11e-02	1.38e-01	4.88e-01	2.47e-01	1.48e-02	4.60e-04	1.45e-05	4.95e-07	0.00e+00	0.00e+00	0.00e+00	0.00e+00	0.00e+00
 2.23237e+23	7.18e-10	8.52e-05	1.11e-02	5.91e-02	5.55e-02	1.46e-01	4.85e-01	2.30e-01	1.29e-02	3.88e-04	1.18e-05	3.88e-07	0.00e+00	0.00e+00	0.00e+00	0.00e+00	0.00e+00
 2.24928e+23	9.72e-10	1.07e-04	1.32e-02	6.71e-02	5.98e-02	1.54e-01	4.81e-01	2.13e-01	1.12e-02	3.28e-04	9.52e-06	3.04e-07	0.00e+00	0.00e+00	0.00e+00	0.00e+00	0.00e+00
 2.26869e+23	1.42e-09	1.42e-04	1.65e-02	7.86e-02	6.56e-02	1.64e-01	4.73e-01	1.93e-01	9.42e-03	2.63e-04	7.26e-06	2.22e-07	0.00e+00	0.00e+00	0.00e+00	0.00e+00	0.00e+00
 2.28842e+23	1.92e-09	1.79e-04	1.96e-02	8.90e-02	7.05e-02	1.71e-01	4.64e-01	1.77e-01	8.10e-03	2.19e-04	5.78e-06	1.72e-07	0.00e+00	0.00e+00	0.00e+00	0.00e+00	0.00e+00
 2.30856e+23	2.82e-09	2.40e-04	2.44e-02	1.04e-01	7.67e-02	1.81e-01	4.50e-01	1.57e-01	6.64e-03	1.72e-04	4.30e-06	1.23e-07	0.00e+00	0.00e+00	0.00e+00	0.00e+00	0.00e+00
 2.32890e+23	3.79e-09	3.00e-04	2.89e-02	1.16e-01	8.17e-02	1.87e-01	4.37e-01	1.42e-01	5.64e-03	1.42e-04	3.38e-06	0.00e+00	0.00e+00	0.00e+00	0.00e+00	0.00e+00	0.00e+00
 2.34656e+23	5.01e-09	3.71e-04	3.39e-02	1.30e-01	8.64e-02	1.93e-01	4.23e-01	1.29e-01	4.79e-03	1.17e-04	2.67e-06	0.00e+00	0.00e+00	0.00e+00	0.00e+00	0.00e+00	0.00e+00
 2.36349e+23	6.50e-09	4.53e-04	3.92e-02	1.43e-01	9.07e-02	1.98e-01	4.08e-01	1.17e-01	4.10e-03	9.75e-05	2.14e-06	0.00e+00	0.00e+00	0.00e+00	0.00e+00	0.00e+00	0.00e+00
 2.37962e+23	8.33e-09	5.45e-04	4.49e-02	1.56e-01	9.46e-02	2.02e-01	3.93e-01	1.06e-01	3.51e-03	8.13e-05	1.71e-06	0.00e+00	0.00e+00	0.00e+00	0.00e+00	0.00e+00	0.00e+00
 2.39778e+23	1.13e-08	6.88e-04	5.31e-02	1.74e-01	9.94e-02	2.06e-01	3.72e-01	9.25e-02	2.86e-03	6.43e-05	1.28e-06	0.00e+00	0.00e+00	0.00e+00	0.00e+00	0.00e+00	0.00e+00
 2.41592e+23	1.44e-08	8.23e-04	6.04e-02	1.89e-01	1.03e-01	2.08e-01	3.54e-01	8.27e-02	2.42e-03	5.31e-05	1.02e-06	0.00e+00	0.00e+00	0.00e+00	0.00e+00	0.00e+00	0.00e+00
 2.43401e+23	1.93e-08	1.03e-03	7.05e-02	2.08e-01	1.07e-01	2.09e-01	3.31e-01	7.15e-02	1.95e-03	4.16e-05	7.55e-07	0.00e+00	0.00e+00	0.00e+00	0.00e+00	0.00e+00	0.00e+00
 2.45245e+23	2.45e-08	1.22e-03	7.98e-02	2.24e-01	1.10e-01	2.09e-01	3.12e-01	6.31e-02	1.62e-03	3.38e-05	5.87e-07	0.00e+00	0.00e+00	0.00e+00	0.00e+00	0.00e+00	0.00e+00
 2.47133e+23	3.28e-08	1.52e-03	9.25e-02	2.44e-01	1.13e-01	2.08e-01	2.87e-01	5.35e-02	1.28e-03	2.60e-05	4.26e-07	0.00e+00	0.00e+00	0.00e+00	0.00e+00	0.00e+00	0.00e+00
 2.49036e+23	4.13e-08	1.80e-03	1.04e-01	2.60e-01	1.14e-01	2.06e-01	2.67e-01	4.65e-02	1.05e-03	2.08e-05	3.26e-07	0.00e+00	0.00e+00	0.00e+00	0.00e+00	0.00e+00	0.00e+00
 2.50958e+23	5.48e-08	2.21e-03	1.19e-01	2.80e-01	1.16e-01	2.01e-01	2.42e-01	3.87e-02	8.16e-04	1.57e-05	2.32e-07	0.00e+00	0.00e+00	0.00e+00	0.00e+00	0.00e+00	0.00e+00
 2.52904e+23	6.87e-08	2.60e-03	1.32e-01	2.96e-01	1.17e-01	1.97e-01	2.22e-01	3.32e-02	6.59e-04	1.24e-05	1.75e-07	0.00e+00	0.00e+00	0.00e+00	0.00e+00	0.00e+00	0.00e+00
 2.54463e+23	8.24e-08	2.96e-03	1.44e-01	3.08e-01	1.17e-01	1.93e-01	2.06e-01	2.91e-02	5.51e-04	1.02e-05	1.38e-07	0.00e+00	0.00e+00	0.00e+00	0.00e+00	0.00e+00	0.00e+00
 2.56074e+23	1.02e-07	3.45e-03	1.59e-01	3.22e-01	1.17e-01	1.87e-01	1.87e-01	2.47e-02	4.42e-04	8.03e-06	0.00e+00	0.00e+00	0.00e+00	0.00e+00	0.00e+00	0.00e+00	0.00e+00
 2.57722e+23	1.22e-07	3.92e-03	1.72e-01	3.34e-01	1.16e-01	1.81e-01	1.72e-01	2.14e-02	3.64e-04	6.51e-06	0.00e+00	0.00e+00	0.00e+00	0.00e+00	0.00e+00	0.00e+00	0.00e+00
 2.59189e+23	1.45e-07	4.42e-03	1.85e-01	3.44e-01	1.15e-01	1.75e-01	1.58e-01	1.85e-02	3.01e-04	5.30e-06	0.00e+00	0.00e+00	0.00e+00	0.00e+00	0.00e+00	0.00e+00	0.00e+00
 2.60868e+23	1.80e-07	5.13e-03	2.02e-01	3.55e-01	1.13e-01	1.67e-01	1.41e-01	1.54e-02	2.36e-04	4.07e-06	0.00e+00	0.00e+00	0.00e+00	0.00e+00	0.00e+00	0.00e+00	0.00e+00
 2.62566e+23	2.14e-07	5.78e-03	2.17e-01	3.64e-01	1.11e-01	1.60e-01	1.28e-01	1.31e-02	1.92e-04	3.25e-06	0.00e+00	0.00e+00	0.00e+00	0.00e+00	0.00e+00	0.00e+00	0.00e+00
 2.64054e+23	2.52e-07	6.47e-03	2.32e-01	3.72e-01	1.09e-01	1.53e-01	1.16e-01	1.12e-02	1.57e-04	2.62e-06	0.00e+00	0.00e+00	0.00e+00	0.00e+00	0.00e+00	0.00e+00	0.00e+00
 2.65753e+23	3.08e-07	7.41e-03	2.50e-01	3.80e-01	1.07e-01	1.44e-01	1.02e-01	9.20e-03	1.21e-04	1.98e-06	0.00e+00	0.00e+00	0.00e+00	0.00e+00	0.00e+00	0.00e+00	0.00e+00
 2.67481e+23	3.64e-07	8.29e-03	2.66e-01	3.85e-01	1.04e-01	1.37e-01	9.19e-02	7.74e-03	9.73e-05	1.57e-06	0.00e+00	0.00e+00	0.00e+00	0.00e+00	0.00e+00	0.00e+00	0.00e+00
 2.69011e+23	4.26e-07	9.22e-03	2.82e-01	3.89e-01	1.01e-01	1.30e-01	8.25e-02	6.53e-03	7.84e-05	1.24e-06	0.00e+00	0.00e+00	0.00e+00	0.00e+00	0.00e+00	0.00e+00	0.00e+00
 2.70764e+23	5.18e-07	1.05e-02	3.02e-01	3.93e-01	9.75e-02	1.20e-01	7.17e-02	5.25e-03	5.96e-05	9.26e-07	0.00e+00	0.00e+00	0.00e+00	0.00e+00	0.00e+00	0.00e+00	0.00e+00
 2.72537e+23	6.08e-07	1.17e-02	3.19e-01	3.95e-01	9.42e-02	1.13e-01	6.36e-02	4.37e-03	4.73e-05	7.23e-07	0.00e+00	0.00e+00	0.00e+00	0.00e+00	0.00e+00	0.00e+00	0.00e+00
 2.74096e+23	7.09e-07	1.29e-02	3.35e-01	3.95e-01	9.09e-02	1.06e-01	5.65e-02	3.64e-03	3.77e-05	5.67e-07	0.00e+00	0.00e+00	0.00e+00	0.00e+00	0.00e+00	0.00e+00	0.00e+00
 2.75882e+23	8.55e-07	1.45e-02	3.56e-01	3.95e-01	8.67e-02	9.72e-02	4.85e-02	2.89e-03	2.83e-05	4.17e-07	0.00e+00	0.00e+00	0.00e+00	0.00e+00	0.00e+00	0.00e+00	0.00e+00
 2.77701e+23	1.00e-06	1.61e-02	3.73e-01	3.93e-01	8.31e-02	9.02e-02	4.25e-02	2.37e-03	2.22e-05	3.21e-07	0.00e+00	0.00e+00	0.00e+00	0.00e+00	0.00e+00	0.00e+00	0.00e+00
 2.79320e+23	1.16e-06	1.77e-02	3.90e-01	3.90e-01	7.96e-02	8.36e-02	3.73e-02	1.95e-03	1.74e-05	2.48e-07	0.00e+00	0.00e+00	0.00e+00	0.00e+00	0.00e+00	0.00e+00	0.00e+00
 2.81181e+23	1.40e-06	1.99e-02	4.11e-01	3.85e-01	7.52e-02	7.57e-02	3.16e-02	1.52e-03	1.29e-05	1.79e-07	0.00e+00	0.00e+00	0.00e+00	0.00e+00	0.00e+00	0.00e+00	0.00e+00
 2.83076e+23	1.63e-06	2.19e-02	4.28e-01	3.80e-01	7.15e-02	6.95e-02	2.74e-02	1.22e-03	9.92e-06	1.35e-07	0.00e+00	0.00e+00	0.00e+00	0.00e+00	0.00e+00	0.00e+00	0.00e+00
 2.85017e+23	1.97e-06	2.46e-02	4.50e-01	3.73e-01	6.70e-02	6.22e-02	2.29e-02	9.37e-04	7.20e-06	0.00e+00	0.00e+00	0.00e+00	0.00e+00	0.00e+00	0.00e+00	0.00e+00	0.00e+00
 2.86991e+23	2.30e-06	2.71e-02	4.67e-01	3.65e-01	6.32e-02	5.65e-02	1.96e-02	7.47e-04	5.48e-06	0.00e+00	0.00e+00	0.00e+00	0.00e+00	0.00e+00	0.00e+00	0.00e+00	0.00e+00
 2.88731e+23	2.67e-06	2.96e-02	4.84e-01	3.58e-01	5.98e-02	5.15e-02	1.69e-02	5.99e-04	4.22e-06	0.00e+00	0.00e+00	0.00e+00	0.00e+00	0.00e+00	0.00e+00	0.00e+00	0.00e+00
 2.90718e+23	3.19e-06	3.30e-02	5.04e-01	3.47e-01	5.56e-02	4.55e-02	1.40e-02	4.53e-04	3.03e-06	0.00e+00	0.00e+00	0.00e+00	0.00e+00	0.00e+00	0.00e+00	0.00e+00	0.00e+00
 2.92761e+23	3.74e-06	3.62e-02	5.22e-01	3.37e-01	5.21e-02	4.09e-02	1.18e-02	3.55e-04	2.27e-06	0.00e+00	0.00e+00	0.00e+00	0.00e+00	0.00e+00	0.00e+00	0.00e+00	0.00e+00
 2.94314e+23	4.16e-06	3.86e-02	5.33e-01	3.30e-01	4.97e-02	3.79e-02	1.05e-02	3.00e-04	1.86e-06	0.00e+00	0.00e+00	0.00e+00	0.00e+00	0.00e+00	0.00e+00	0.00e+00	0.00e+00
 2.95771e+23	4.72e-06	4.16e-02	5.47e-01	3.21e-01	4.70e-02	3.44e-02	9.14e-03	2.43e-04	1.46e-06	0.00e+00	0.00e+00	0.00e+00	0.00e+00	0.00e+00	0.00e+00	0.00e+00	0.00e+00
 2.97274e+23	5.26e-06	4.44e-02	5.58e-01	3.12e-01	4.47e-02	3.17e-02	8.09e-03	2.04e-04	1.19e-06	0.00e+00	0.00e+00	0.00e+00	0.00e+00	0.00e+00	0.00e+00	0.00e+00	0.00e+00
 2.98838e+23	6.02e-06	4.80e-02	5.73e-01	3.02e-01	4.19e-02	2.85e-02	6.92e-03	1.62e-04	9.15e-07	0.00e+00	0.00e+00	0.00e+00	0.00e+00	0.00e+00	0.00e+00	0.00e+00	0.00e+00
