#depth	O	O+	O+2	O+3	O+4	O+5	O+6	O+7	O+8	O[1]	O[2]	O[3]
 4.62852e+21	3.42e-15	9.53e-10	8.23e-06	2.97e-03	5.43e-02	2.16e-01	7.00e-01	2.68e-02	1.95e-04	3.42e-15	5.66e-25	6.81e-25
 1.03931e+22	1.63e-14	4.14e-09	2.71e-05	7.00e-03	8.99e-02	2.78e-01	6.09e-01	1.58e-02	7.80e-05	1.63e-14	2.86e-24	3.42e-24
 1.20972e+22	3.65e-14	8.66e-09	4.87e-05	1.06e-02	1.14e-01	3.08e-01	5.56e-01	1.19e-02	4.87e-05	3.65e-14	6.69e-24	7.98e-24
 1.30605e+22	6.45e-14	1.44e-08	7.27e-05	1.39e-02	1.33e-01	3.26e-01	5.17e-01	9.71e-03	3.48e-05	6.45e-14	1.22e-23	1.45e-23
 1.35835e+22	7.88e-14	1.73e-08	8.36e-05	1.53e-02	1.40e-01	3.33e-01	5.03e-01	9.01e-03	3.08e-05	7.88e-14	1.51e-23	1.79e-23
 1.38772e+22	9.94e-14	2.12e-08	9.79e-05	1.71e-02	1.48e-01	3.39e-01	4.87e-01	8.28e-03	2.69e-05	9.94e-14	1.93e-23	2.29e-23
 1.42064e+22	1.26e-13	2.60e-08	1.15e-04	1.90e-02	1.57e-01	3.46e-01	4.70e-01	7.59e-03	2.34e-05	1.26e-13	2.47e-23	2.93e-23
 1.45294e+22	1.57e-13	3.17e-08	1.33e-04	2.11e-02	1.66e-01	3.51e-01	4.55e-01	6.97e-03	2.04e-05	1.57e-13	3.14e-23	3.73e-23
 1.48972e+22	2.13e-13	4.12e-08	1.63e-04	2.42e-02	1.78e-01	3.58e-01	4.33e-01	6.20e-03	1.70e-05	2.13e-13	4.34e-23	5.14e-23
 1.52621e+22	2.69e-13	5.05e-08	1.91e-04	2.68e-02	1.88e-01	3.63e-01	4.16e-01	5.65e-03	1.46e-05	2.69e-13	5.56e-23	6.59e-23
 1.56233e+22	3.62e-13	6.52e-08	2.31e-04	3.05e-02	2.01e-01	3.68e-01	3.95e-01	5.02e-03	1.22e-05	3.62e-13	7.65e-23	9.05e-23
 1.59906e+22	4.62e-13	8.02e-08	2.71e-04	3.38e-02	2.12e-01	3.72e-01	3.78e-01	4.54e-03	1.04e-05	4.62e-13	9.92e-23	1.17e-22
 1.63659e+22	6.22e-13	1.03e-07	3.27e-04	3.83e-02	2.25e-01	3.76e-01	3.57e-01	4.01e-03	8.64e-06	6.22e-13	1.37e-22	1.62e-22
 1.67523e+22	8.07e-13	1.28e-07	3.86e-04	4.27e-02	2.37e-01	3.78e-01	3.39e-01	3.59e-03	7.30e-06	8.07e-13	1.81e-22	2.13e-22
 1.70963e+22	1.03e-12	1.58e-07	4.51e-04	4.72e-02	2.49e-01	3.79e-01	3.21e-01	3.23e-03	6.20e-06	1.03e-12	2.36e-22	2.79e-22
 1.74201e+22	1.30e-12	1.91e-07	5.20e-04	5.17e-02	2.60e-01	3.79e-01	3.06e-01	2.92e-03	5.32e-06	1.30e-12	3.03e-22	3.57e-22
 1.77743e+22	1.72e-12	2.41e-07	6.16e-04	5.77e-02	2.73e-01	3.79e-01	2.87e-01	2.57e-03	4.42e-06	1.72e-12	4.10e-22	4.83e-22
 1.81432e+22	2.20e-12	2.95e-07	7.16e-04	6.34e-02	2.84e-01	3.78e-01	2.71e-01	2.29e-03	3.72e-06	2.20e-12	5.36e-22	6.30e-22
 1.84772e+22	2.80e-12	3.59e-07	8.27e-04	6.94e-02	2.96e-01	3.76e-01	2.56e-01	2.05e-03	3.16e-06	2.80e-12	6.96e-22	8.18e-22
 1.88575e+22	3.79e-12	4.59e-07	9.90e-04	7.77e-02	3.10e-01	3.73e-01	2.37e-01	1.77e-03	2.55e-06	3.79e-12	9.69e-22	1.14e-21
 1.92500e+22	4.92e-12	5.67e-07	1.16e-03	8.54e-02	3.22e-01	3.69e-01	2.21e-01	1.56e-03	2.11e-06	4.92e-12	1.29e-21	1.51e-21
 1.96587e+22	6.79e-12	7.34e-07	1.39e-03	9.57e-02	3.37e-01	3.63e-01	2.02e-01	1.33e-03	1.67e-06	6.79e-12	1.84e-21	2.15e-21
 2.00446e+22	8.61e-12	8.88e-07	1.60e-03	1.04e-01	3.47e-01	3.58e-01	1.89e-01	1.17e-03	1.39e-06	8.61e-12	2.38e-21	2.79e-21
 2.03489e+22	1.06e-11	1.05e-06	1.80e-03	1.12e-01	3.56e-01	3.53e-01	1.77e-01	1.05e-03	1.19e-06	1.06e-11	3.01e-21	3.52e-21
 2.06920e+22	1.38e-11	1.29e-06	2.08e-03	1.22e-01	3.66e-01	3.45e-01	1.64e-01	9.11e-04	9.75e-07	1.38e-11	4.02e-21	4.70e-21
 2.10602e+22	1.78e-11	1.57e-06	2.40e-03	1.32e-01	3.76e-01	3.38e-01	1.51e-01	7.91e-04	7.97e-07	1.78e-11	5.32e-21	6.23e-21
 2.13879e+22	2.21e-11	1.86e-06	2.70e-03	1.42e-01	3.84e-01	3.30e-01	1.41e-01	7.01e-04	6.72e-07	2.21e-11	6.77e-21	7.91e-21
 2.17409e+22	2.90e-11	2.29e-06	3.13e-03	1.54e-01	3.93e-01	3.21e-01	1.28e-01	6.00e-04	5.41e-07	2.90e-11	9.16e-21	1.07e-20
 2.21069e+22	3.67e-11	2.75e-06	3.56e-03	1.66e-01	4.00e-01	3.12e-01	1.18e-01	5.22e-04	4.45e-07	3.67e-11	1.19e-20	1.39e-20
 2.24361e+22	4.59e-11	3.27e-06	4.00e-03	1.77e-01	4.07e-01	3.03e-01	1.09e-01	4.57e-04	3.69e-07	4.59e-11	1.53e-20	1.79e-20
 2.28106e+22	6.12e-11	4.06e-06	4.65e-03	1.92e-01	4.14e-01	2.91e-01	9.79e-02	3.84e-04	2.90e-07	6.12e-11	2.12e-20	2.47e-20
 2.31919e+22	7.78e-11	4.87e-06	5.27e-03	2.05e-01	4.19e-01	2.81e-01	8.92e-02	3.30e-04	2.35e-07	7.78e-11	2.77e-20	3.23e-20
 2.35278e+22	9.79e-11	5.78e-06	5.93e-03	2.19e-01	4.23e-01	2.71e-01	8.15e-02	2.85e-04	1.92e-07	9.79e-11	3.59e-20	4.18e-20
 2.39101e+22	1.30e-10	7.15e-06	6.84e-03	2.36e-01	4.27e-01	2.58e-01	7.25e-02	2.37e-04	1.49e-07	1.30e-10	4.96e-20	5.78e-20
 2.43043e+22	1.67e-10	8.61e-06	7.75e-03	2.51e-01	4.29e-01	2.46e-01	6.53e-02	2.00e-04	0.00e+00	1.67e-10	6.59e-20	7.67e-20
 2.46548e+22	2.11e-10	1.02e-05	8.69e-03	2.66e-01	4.31e-01	2.35e-01	5.91e-02	1.71e-04	0.00e+00	2.11e-10	8.58e-20	9.99e-20
 2.50513e+22	2.82e-10	1.26e-05	1.00e-02	2.85e-01	4.31e-01	2.22e-01	5.19e-02	1.40e-04	0.00e+00	2.82e-10	1.20e-19	1.39e-19
 2.54628e+22	3.65e-10	1.52e-05	1.13e-02	3.03e-01	4.30e-01	2.09e-01	4.61e-02	1.16e-04	0.00e+00	3.65e-10	1.61e-19	1.87e-19
 2.58320e+22	4.64e-10	1.81e-05	1.27e-02	3.19e-01	4.29e-01	1.98e-01	4.11e-02	9.79e-05	0.00e+00	4.64e-10	2.12e-19	2.47e-19
 2.62499e+22	6.31e-10	2.26e-05	1.46e-02	3.41e-01	4.25e-01	1.84e-01	3.54e-02	7.80e-05	0.00e+00	6.31e-10	3.02e-19	3.51e-19
 2.66819e+22	8.20e-10	2.72e-05	1.65e-02	3.59e-01	4.21e-01	1.72e-01	3.11e-02	6.40e-05	0.00e+00	8.20e-10	4.08e-19	4.75e-19
 2.71322e+22	1.14e-09	3.44e-05	1.91e-02	3.83e-01	4.14e-01	1.58e-01	2.62e-02	4.95e-05	0.00e+00	1.14e-09	5.99e-19	6.97e-19
 2.75828e+22	1.47e-09	4.10e-05	2.14e-02	4.01e-01	4.07e-01	1.47e-01	2.30e-02	4.05e-05	0.00e+00	1.47e-09	8.04e-19	9.36e-19
 2.79464e+22	1.82e-09	4.76e-05	2.34e-02	4.17e-01	4.01e-01	1.38e-01	2.04e-02	3.41e-05	0.00e+00	1.82e-09	1.03e-18	1.20e-18
 2.83315e+22	2.40e-09	5.77e-05	2.64e-02	4.37e-01	3.92e-01	1.27e-01	1.75e-02	2.72e-05	0.00e+00	2.40e-09	1.43e-18	1.66e-18
 2.87598e+22	3.14e-09	6.94e-05	2.96e-02	4.56e-01	3.83e-01	1.16e-01	1.51e-02	2.17e-05	0.00e+00	3.14e-09	1.96e-18	2.28e-18
 2.91368e+22	3.87e-09	8.00e-05	3.22e-02	4.71e-01	3.75e-01	1.09e-01	1.33e-02	1.82e-05	0.00e+00	3.87e-09	2.50e-18	2.91e-18
 2.95194e+22	5.07e-09	9.61e-05	3.60e-02	4.89e-01	3.64e-01	9.91e-02	1.14e-02	1.44e-05	0.00e+00	5.07e-09	3.44e-18	4.00e-18
 2.99039e+22	6.25e-09	1.11e-04	3.92e-02	5.04e-01	3.55e-01	9.20e-02	1.00e-02	1.20e-05	0.00e+00	6.25e-09	4.41e-18	5.13e-18
 3.02910e+22	8.11e-09	1.32e-04	4.35e-02	5.21e-01	3.43e-01	8.37e-02	8.53e-03	9.50e-06	0.00e+00	8.11e-09	6.02e-18	7.01e-18
 3.06854e+22	1.01e-08	1.53e-04	4.74e-02	5.35e-01	3.33e-01	7.70e-02	7.41e-03	7.75e-06	0.00e+00	1.01e-08	7.84e-18	9.13e-18
 3.10278e+22	1.24e-08	1.75e-04	5.13e-02	5.48e-01	3.23e-01	7.12e-02	6.51e-03	6.43e-06	0.00e+00	1.24e-08	9.99e-18	1.16e-17
 3.14115e+22	1.60e-08	2.07e-04	5.65e-02	5.63e-01	3.11e-01	6.44e-02	5.52e-03	5.08e-06	0.00e+00	1.60e-08	1.36e-17	1.58e-17
 3.18056e+22	1.99e-08	2.39e-04	6.13e-02	5.75e-01	3.00e-01	5.89e-02	4.77e-03	4.12e-06	0.00e+00	1.99e-08	1.76e-17	2.05e-17
 3.21539e+22	2.44e-08	2.73e-04	6.61e-02	5.86e-01	2.89e-01	5.41e-02	4.16e-03	3.39e-06	0.00e+00	2.44e-08	2.25e-17	2.62e-17
 3.25477e+22	3.14e-08	3.22e-04	7.25e-02	5.99e-01	2.76e-01	4.85e-02	3.50e-03	2.65e-06	0.00e+00	3.14e-08	3.06e-17	3.57e-17
 3.29540e+22	3.92e-08	3.72e-04	7.85e-02	6.09e-01	2.65e-01	4.40e-02	3.00e-03	2.13e-06	0.00e+00	3.92e-08	4.00e-17	4.67e-17
 3.33157e+22	4.81e-08	4.25e-04	8.44e-02	6.18e-01	2.54e-01	4.01e-02	2.59e-03	1.73e-06	0.00e+00	4.81e-08	5.14e-17	6.00e-17
 3.37248e+22	6.22e-08	5.01e-04	9.23e-02	6.28e-01	2.41e-01	3.56e-02	2.15e-03	1.33e-06	0.00e+00	6.22e-08	7.04e-17	8.23e-17
 3.41489e+22	7.79e-08	5.79e-04	9.98e-02	6.36e-01	2.30e-01	3.20e-02	1.82e-03	1.06e-06	0.00e+00	7.79e-08	9.27e-17	1.08e-16
 3.45297e+22	9.61e-08	6.62e-04	1.07e-01	6.43e-01	2.19e-01	2.89e-02	1.56e-03	8.49e-07	0.00e+00	9.61e-08	1.20e-16	1.40e-16
 3.49622e+22	1.27e-07	7.89e-04	1.17e-01	6.50e-01	2.05e-01	2.52e-02	1.27e-03	6.34e-07	0.00e+00	1.27e-07	1.68e-16	1.97e-16
 3.53978e+22	1.56e-07	8.98e-04	1.26e-01	6.55e-01	1.95e-01	2.26e-02	1.08e-03	5.08e-07	0.00e+00	1.56e-07	2.17e-16	2.54e-16
 3.58374e+22	2.04e-07	1.07e-03	1.37e-01	6.59e-01	1.82e-01	1.96e-02	8.76e-04	3.78e-07	0.00e+00	2.04e-07	3.04e-16	3.55e-16
 3.62849e+22	2.53e-07	1.22e-03	1.47e-01	6.62e-01	1.72e-01	1.75e-02	7.39e-04	2.99e-07	0.00e+00	2.53e-07	3.95e-16	4.63e-16
 3.66650e+22	3.08e-07	1.38e-03	1.56e-01	6.63e-01	1.63e-01	1.57e-02	6.30e-04	2.39e-07	0.00e+00	3.08e-07	5.06e-16	5.92e-16
 3.70244e+22	3.74e-07	1.55e-03	1.66e-01	6.63e-01	1.54e-01	1.41e-02	5.39e-04	1.92e-07	0.00e+00	3.74e-07	6.42e-16	7.51e-16
 3.74345e+22	4.71e-07	1.79e-03	1.78e-01	6.63e-01	1.45e-01	1.23e-02	4.46e-04	1.48e-07	0.00e+00	4.71e-07	8.59e-16	1.01e-15
 3.78576e+22	5.81e-07	2.04e-03	1.90e-01	6.61e-01	1.36e-01	1.09e-02	3.74e-04	0.00e+00	0.00e+00	5.81e-07	1.11e-15	1.30e-15
 3.82274e+22	7.04e-07	2.30e-03	2.01e-01	6.59e-01	1.28e-01	9.73e-03	3.18e-04	0.00e+00	0.00e+00	7.04e-07	1.41e-15	1.65e-15
 3.86378e+22	8.94e-07	2.66e-03	2.15e-01	6.55e-01	1.19e-01	8.41e-03	2.59e-04	0.00e+00	0.00e+00	8.94e-07	1.90e-15	2.23e-15
 3.90561e+22	1.09e-06	3.00e-03	2.28e-01	6.50e-01	1.11e-01	7.45e-03	2.19e-04	0.00e+00	0.00e+00	1.09e-06	2.43e-15	2.84e-15
 3.94846e+22	1.38e-06	3.47e-03	2.43e-01	6.44e-01	1.03e-01	6.40e-03	1.77e-04	0.00e+00	0.00e+00	1.38e-06	3.28e-15	3.84e-15
 3.99197e+22	1.68e-06	3.91e-03	2.57e-01	6.37e-01	9.60e-02	5.63e-03	1.49e-04	0.00e+00	0.00e+00	1.68e-06	4.21e-15	4.92e-15
 4.03040e+22	2.03e-06	4.40e-03	2.71e-01	6.30e-01	8.96e-02	4.96e-03	1.25e-04	0.00e+00	0.00e+00	2.03e-06	5.37e-15	6.27e-15
 4.07442e+22	2.62e-06	5.13e-03	2.90e-01	6.19e-01	8.17e-02	4.18e-03	9.90e-05	0.00e+00	0.00e+00	2.62e-06	7.38e-15	8.62e-15
 4.11820e+22	3.16e-06	5.75e-03	3.05e-01	6.10e-01	7.60e-02	3.67e-03	8.30e-05	0.00e+00	0.00e+00	3.16e-06	9.36e-15	1.09e-14
 4.16169e+22	3.99e-06	6.63e-03	3.24e-01	5.97e-01	6.94e-02	3.10e-03	6.64e-05	0.00e+00	0.00e+00	3.99e-06	1.26e-14	1.48e-14
 4.20627e+22	4.85e-06	7.45e-03	3.40e-01	5.85e-01	6.41e-02	2.69e-03	5.50e-05	0.00e+00	0.00e+00	4.85e-06	1.62e-14	1.89e-14
 4.25229e+22	6.21e-06	8.65e-03	3.62e-01	5.69e-01	5.78e-02	2.24e-03	4.31e-05	0.00e+00	0.00e+00	6.21e-06	2.23e-14	2.60e-14
 4.29853e+22	7.54e-06	9.71e-03	3.79e-01	5.56e-01	5.31e-02	1.93e-03	3.55e-05	0.00e+00	0.00e+00	7.54e-06	2.85e-14	3.33e-14
 4.32751e+22	8.23e-06	1.02e-02	3.88e-01	5.49e-01	5.10e-02	1.80e-03	3.24e-05	0.00e+00	0.00e+00	8.23e-06	3.19e-14	3.72e-14
 4.34761e+22	9.18e-06	1.09e-02	3.98e-01	5.41e-01	4.85e-02	1.65e-03	2.90e-05	0.00e+00	0.00e+00	9.18e-06	3.67e-14	4.28e-14
 4.37375e+22	1.05e-05	1.18e-02	4.10e-01	5.31e-01	4.57e-02	1.48e-03	2.53e-05	0.00e+00	0.00e+00	1.05e-05	4.34e-14	5.07e-14
 4.40773e+22	1.25e-05	1.31e-02	4.27e-01	5.17e-01	4.21e-02	1.29e-03	2.11e-05	0.00e+00	0.00e+00	1.25e-05	5.44e-14	6.35e-14
 4.45190e+22	1.57e-05	1.51e-02	4.49e-01	4.97e-01	3.76e-02	1.06e-03	1.64e-05	0.00e+00	0.00e+00	1.57e-05	7.33e-14	8.55e-14
 4.49854e+22	1.91e-05	1.69e-02	4.69e-01	4.79e-01	3.41e-02	8.95e-04	1.33e-05	0.00e+00	0.00e+00	1.91e-05	9.41e-14	1.10e-13
 4.54839e+22	2.46e-05	1.97e-02	4.94e-01	4.56e-01	2.99e-02	7.16e-04	1.00e-05	0.00e+00	0.00e+00	2.46e-05	1.30e-13	1.52e-13
 4.59651e+22	2.94e-05	2.18e-02	5.12e-01	4.38e-01	2.70e-02	6.06e-04	8.14e-06	0.00e+00	0.00e+00	2.94e-05	1.64e-13	1.92e-13
 4.64238e+22	3.68e-05	2.50e-02	5.35e-01	4.16e-01	2.38e-02	4.91e-04	6.28e-06	0.00e+00	0.00e+00	3.68e-05	2.21e-13	2.57e-13
 4.68933e+22	4.41e-05	2.78e-02	5.53e-01	3.98e-01	2.14e-02	4.13e-04	5.06e-06	0.00e+00	0.00e+00	4.41e-05	2.80e-13	3.26e-13
 4.72601e+22	5.09e-05	3.02e-02	5.67e-01	3.83e-01	1.96e-02	3.58e-04	4.25e-06	0.00e+00	0.00e+00	5.09e-05	3.37e-13	3.92e-13
 4.75687e+22	5.81e-05	3.27e-02	5.80e-01	3.69e-01	1.81e-02	3.14e-04	3.62e-06	0.00e+00	0.00e+00	5.81e-05	4.00e-13	4.64e-13
 4.79181e+22	6.82e-05	3.59e-02	5.95e-01	3.52e-01	1.63e-02	2.66e-04	2.96e-06	0.00e+00	0.00e+00	6.82e-05	4.96e-13	5.75e-13
 4.82813e+22	7.87e-05	3.90e-02	6.09e-01	3.37e-01	1.49e-02	2.29e-04	2.47e-06	0.00e+00	0.00e+00	7.87e-05	5.99e-13	6.92e-13
 4.86080e+22	9.01e-05	4.23e-02	6.21e-01	3.23e-01	1.36e-02	1.98e-04	2.07e-06	0.00e+00	0.00e+00	9.01e-05	7.17e-13	8.27e-13
 4.89785e+22	1.07e-04	4.67e-02	6.36e-01	3.05e-01	1.21e-02	1.65e-04	1.66e-06	0.00e+00	0.00e+00	1.07e-04	9.00e-13	1.03e-12
 4.93559e+22	1.23e-04	5.07e-02	6.48e-01	2.90e-01	1.09e-02	1.40e-04	1.37e-06	0.00e+00	0.00e+00	1.23e-04	1.09e-12	1.25e-12
 4.96886e+22	1.41e-04	5.49e-02	6.60e-01	2.75e-01	9.87e-03	1.20e-04	1.13e-06	0.00e+00	0.00e+00	1.41e-04	1.31e-12	1.49e-12
 5.00675e+22	1.67e-04	6.05e-02	6.73e-01	2.58e-01	8.71e-03	9.87e-05	8.98e-07	0.00e+00	0.00e+00	1.67e-04	1.64e-12	1.87e-12
 5.04566e+22	1.93e-04	6.58e-02	6.83e-01	2.43e-01	7.76e-03	8.28e-05	7.28e-07	0.00e+00	0.00e+00	1.93e-04	2.00e-12	2.26e-12
 5.07826e+22	2.17e-04	7.05e-02	6.92e-01	2.31e-01	7.04e-03	7.13e-05	6.10e-07	0.00e+00	0.00e+00	2.17e-04	2.36e-12	2.66e-12
 5.11299e+22	2.53e-04	7.69e-02	7.01e-01	2.16e-01	6.23e-03	5.91e-05	4.89e-07	0.00e+00	0.00e+00	2.53e-04	2.91e-12	3.25e-12
 5.15103e+22	2.91e-04	8.35e-02	7.09e-01	2.02e-01	5.51e-03	4.92e-05	3.93e-07	0.00e+00	0.00e+00	2.91e-04	3.55e-12	3.93e-12
 5.19336e+22	3.51e-04	9.29e-02	7.18e-01	1.84e-01	4.69e-03	3.85e-05	2.95e-07	0.00e+00	0.00e+00	3.51e-04	4.61e-12	5.05e-12
 5.23543e+22	4.03e-04	1.00e-01	7.24e-01	1.71e-01	4.12e-03	3.18e-05	2.36e-07	0.00e+00	0.00e+00	4.03e-04	5.60e-12	6.08e-12
 5.27716e+22	4.77e-04	1.11e-01	7.30e-01	1.56e-01	3.52e-03	2.51e-05	1.79e-07	0.00e+00	0.00e+00	4.77e-04	7.17e-12	7.67e-12
 5.32015e+22	5.52e-04	1.20e-01	7.33e-01	1.43e-01	3.04e-03	2.03e-05	1.39e-07	0.00e+00	0.00e+00	5.52e-04	8.83e-12	9.34e-12
 5.35892e+22	6.36e-04	1.30e-01	7.35e-01	1.31e-01	2.64e-03	1.65e-05	0.00e+00	0.00e+00	0.00e+00	6.36e-04	1.09e-11	1.13e-11
 5.40346e+22	7.59e-04	1.43e-01	7.36e-01	1.17e-01	2.20e-03	1.26e-05	0.00e+00	0.00e+00	0.00e+00	7.59e-04	1.41e-11	1.44e-11
 5.44871e+22	8.76e-04	1.55e-01	7.35e-01	1.07e-01	1.87e-03	1.01e-05	0.00e+00	0.00e+00	0.00e+00	8.76e-04	1.74e-11	1.76e-11
 5.49487e+22	1.06e-03	1.72e-01	7.32e-01	9.36e-02	1.52e-03	7.49e-06	0.00e+00	0.00e+00	0.00e+00	1.06e-03	2.30e-11	2.27e-11
 5.54065e+22	1.20e-03	1.85e-01	7.28e-01	8.47e-02	1.30e-03	5.99e-06	0.00e+00	0.00e+00	0.00e+00	1.20e-03	2.81e-11	2.73e-11
 5.58592e+22	1.44e-03	2.03e-01	7.20e-01	7.40e-02	1.05e-03	4.46e-06	0.00e+00	0.00e+00	0.00e+00	1.44e-03	3.65e-11	3.48e-11
 5.63246e+22	1.65e-03	2.19e-01	7.13e-01	6.60e-02	8.78e-04	3.48e-06	0.00e+00	0.00e+00	0.00e+00	1.65e-03	4.51e-11	4.22e-11
 5.68065e+22	1.97e-03	2.41e-01	7.00e-01	5.66e-02	6.96e-04	2.52e-06	0.00e+00	0.00e+00	0.00e+00	1.97e-03	5.94e-11	5.43e-11
 5.72974e+22	2.26e-03	2.59e-01	6.88e-01	4.98e-02	5.74e-04	1.94e-06	0.00e+00	0.00e+00	0.00e+00	2.26e-03	7.35e-11	6.59e-11
 5.78001e+22	2.73e-03	2.86e-01	6.69e-01	4.17e-02	4.42e-04	1.35e-06	0.00e+00	0.00e+00	0.00e+00	2.73e-03	9.80e-11	8.58e-11
 5.83071e+22	3.12e-03	3.06e-01	6.54e-01	3.63e-02	3.60e-04	1.03e-06	0.00e+00	0.00e+00	0.00e+00	3.12e-03	1.21e-10	1.04e-10
 5.88198e+22	3.76e-03	3.37e-01	6.29e-01	2.98e-02	2.71e-04	7.04e-07	0.00e+00	0.00e+00	0.00e+00	3.76e-03	1.60e-10	1.35e-10
 5.93461e+22	4.32e-03	3.61e-01	6.09e-01	2.54e-02	2.15e-04	5.18e-07	0.00e+00	0.00e+00	0.00e+00	4.32e-03	1.99e-10	1.65e-10
 5.97627e+22	4.81e-03	3.80e-01	5.92e-01	2.23e-02	1.79e-04	4.06e-07	0.00e+00	0.00e+00	0.00e+00	4.81e-03	2.35e-10	1.93e-10
 6.01767e+22	5.55e-03	4.08e-01	5.68e-01	1.87e-02	1.41e-04	2.95e-07	0.00e+00	0.00e+00	0.00e+00	5.55e-03	2.93e-10	2.37e-10
 6.05920e+22	6.17e-03	4.29e-01	5.49e-01	1.62e-02	1.16e-04	2.29e-07	0.00e+00	0.00e+00	0.00e+00	6.17e-03	3.45e-10	2.76e-10
 6.10091e+22	7.09e-03	4.58e-01	5.21e-01	1.34e-02	9.02e-05	1.64e-07	0.00e+00	0.00e+00	0.00e+00	7.09e-03	4.26e-10	3.36e-10
 6.14351e+22	7.92e-03	4.82e-01	4.99e-01	1.14e-02	7.28e-05	0.00e+00	0.00e+00	0.00e+00	0.00e+00	7.92e-03	5.03e-10	3.91e-10
 6.18726e+22	9.11e-03	5.14e-01	4.68e-01	9.26e-03	5.56e-05	0.00e+00	0.00e+00	0.00e+00	0.00e+00	9.11e-03	6.24e-10	4.78e-10
 6.23201e+22	1.03e-02	5.40e-01	4.42e-01	7.66e-03	4.36e-05	0.00e+00	0.00e+00	0.00e+00	0.00e+00	1.03e-02	7.44e-10	5.64e-10
 6.27155e+22	1.15e-02	5.67e-01	4.15e-01	6.34e-03	3.45e-05	0.00e+00	0.00e+00	0.00e+00	0.00e+00	1.15e-02	8.81e-10	6.60e-10
 6.31643e+22	1.33e-02	6.00e-01	3.81e-01	4.94e-03	2.55e-05	0.00e+00	0.00e+00	0.00e+00	0.00e+00	1.33e-02	1.09e-09	8.09e-10
 6.36280e+22	1.50e-02	6.29e-01	3.52e-01	3.92e-03	1.93e-05	0.00e+00	0.00e+00	0.00e+00	0.00e+00	1.50e-02	1.31e-09	9.61e-10
 6.40284e+22	1.68e-02	6.55e-01	3.25e-01	3.15e-03	1.50e-05	0.00e+00	0.00e+00	0.00e+00	0.00e+00	1.68e-02	1.54e-09	1.12e-09
 6.44666e+22	1.93e-02	6.87e-01	2.91e-01	2.37e-03	1.09e-05	0.00e+00	0.00e+00	0.00e+00	0.00e+00	1.93e-02	1.90e-09	1.37e-09
 6.49275e+22	2.20e-02	7.15e-01	2.61e-01	1.79e-03	8.05e-06	0.00e+00	0.00e+00	0.00e+00	0.00e+00	2.20e-02	2.29e-09	1.63e-09
 6.53283e+22	2.47e-02	7.39e-01	2.35e-01	1.38e-03	6.13e-06	0.00e+00	0.00e+00	0.00e+00	0.00e+00	2.47e-02	2.70e-09	1.91e-09
 6.57599e+22	2.85e-02	7.66e-01	2.04e-01	9.84e-04	4.36e-06	0.00e+00	0.00e+00	0.00e+00	0.00e+00	2.85e-02	3.33e-09	2.34e-09
 6.62126e+22	3.28e-02	7.90e-01	1.77e-01	7.03e-04	3.15e-06	0.00e+00	0.00e+00	0.00e+00	0.00e+00	3.28e-02	4.04e-09	2.81e-09
 6.66056e+22	3.72e-02	8.08e-01	1.54e-01	5.12e-04	2.34e-06	0.00e+00	0.00e+00	0.00e+00	0.00e+00	3.72e-02	4.81e-09	3.33e-09
 6.70292e+22	4.37e-02	8.28e-01	1.28e-01	3.38e-04	1.61e-06	0.00e+00	0.00e+00	0.00e+00	0.00e+00	4.37e-02	6.00e-09	4.14e-09
 6.74443e+22	5.02e-02	8.42e-01	1.07e-01	2.33e-04	1.18e-06	0.00e+00	0.00e+00	0.00e+00	0.00e+00	5.02e-02	7.23e-09	4.96e-09
 6.77759e+22	5.70e-02	8.51e-01	9.13e-02	1.65e-04	8.90e-07	0.00e+00	0.00e+00	0.00e+00	0.00e+00	5.70e-02	8.54e-09	5.85e-09
 6.81346e+22	6.69e-02	8.59e-01	7.35e-02	1.06e-04	6.22e-07	0.00e+00	0.00e+00	0.00e+00	0.00e+00	6.69e-02	1.06e-08	7.22e-09
 6.85072e+22	7.89e-02	8.62e-01	5.85e-02	6.69e-05	4.38e-07	0.00e+00	0.00e+00	0.00e+00	0.00e+00	7.89e-02	1.30e-08	8.89e-09
 6.87259e+22	8.59e-02	8.62e-01	5.21e-02	5.34e-05	3.73e-07	0.00e+00	0.00e+00	0.00e+00	0.00e+00	8.59e-02	1.43e-08	9.83e-09
 6.88021e+22	8.88e-02	8.61e-01	4.97e-02	4.86e-05	3.48e-07	0.00e+00	0.00e+00	0.00e+00	0.00e+00	8.88e-02	1.49e-08	1.02e-08
 6.88642e+22	9.20e-02	8.61e-01	4.72e-02	4.41e-05	3.23e-07	0.00e+00	0.00e+00	0.00e+00	0.00e+00	9.20e-02	1.56e-08	1.07e-08
 6.89387e+22	9.57e-02	8.60e-01	4.45e-02	3.93e-05	2.97e-07	0.00e+00	0.00e+00	0.00e+00	0.00e+00	9.57e-02	1.64e-08	1.12e-08
 6.90192e+22	1.00e-01	8.58e-01	4.17e-02	3.47e-05	2.70e-07	0.00e+00	0.00e+00	0.00e+00	0.00e+00	1.00e-01	1.73e-08	1.19e-08
 6.90985e+22	1.04e-01	8.56e-01	3.91e-02	3.07e-05	2.46e-07	0.00e+00	0.00e+00	0.00e+00	0.00e+00	1.04e-01	1.82e-08	1.25e-08
 6.91742e+22	1.09e-01	8.54e-01	3.66e-02	2.72e-05	2.25e-07	0.00e+00	0.00e+00	0.00e+00	0.00e+00	1.09e-01	1.92e-08	1.32e-08
 6.92473e+22	1.13e-01	8.52e-01	3.44e-02	2.42e-05	2.06e-07	0.00e+00	0.00e+00	0.00e+00	0.00e+00	1.13e-01	2.02e-08	1.39e-08
 6.93212e+22	1.19e-01	8.49e-01	3.21e-02	2.13e-05	1.88e-07	0.00e+00	0.00e+00	0.00e+00	0.00e+00	1.19e-01	2.13e-08	1.46e-08
 6.93941e+22	1.24e-01	8.46e-01	3.01e-02	1.88e-05	1.71e-07	0.00e+00	0.00e+00	0.00e+00	0.00e+00	1.24e-01	2.24e-08	1.54e-08
 6.94638e+22	1.29e-01	8.43e-01	2.81e-02	1.66e-05	1.56e-07	0.00e+00	0.00e+00	0.00e+00	0.00e+00	1.29e-01	2.35e-08	1.62e-08
 6.95328e+22	1.35e-01	8.39e-01	2.63e-02	1.48e-05	1.43e-07	0.00e+00	0.00e+00	0.00e+00	0.00e+00	1.35e-01	2.47e-08	1.71e-08
 6.96025e+22	1.41e-01	8.35e-01	2.45e-02	1.30e-05	1.29e-07	0.00e+00	0.00e+00	0.00e+00	0.00e+00	1.41e-01	2.60e-08	1.80e-08
 6.96714e+22	1.47e-01	8.30e-01	2.28e-02	1.14e-05	0.00e+00	0.00e+00	0.00e+00	0.00e+00	0.00e+00	1.47e-01	2.74e-08	1.89e-08
 6.97371e+22	1.54e-01	8.25e-01	2.12e-02	1.00e-05	0.00e+00	0.00e+00	0.00e+00	0.00e+00	0.00e+00	1.54e-01	2.88e-08	1.99e-08
 6.97999e+22	1.60e-01	8.20e-01	1.98e-02	8.91e-06	0.00e+00	0.00e+00	0.00e+00	0.00e+00	0.00e+00	1.60e-01	3.01e-08	2.09e-08
 6.98641e+22	1.68e-01	8.14e-01	1.84e-02	7.80e-06	0.00e+00	0.00e+00	0.00e+00	0.00e+00	0.00e+00	1.68e-01	3.17e-08	2.20e-08
 6.99291e+22	1.75e-01	8.08e-01	1.70e-02	6.86e-06	0.00e+00	0.00e+00	0.00e+00	0.00e+00	0.00e+00	1.75e-01	3.33e-08	2.31e-08
 6.99909e+22	1.83e-01	8.01e-01	1.58e-02	6.02e-06	0.00e+00	0.00e+00	0.00e+00	0.00e+00	0.00e+00	1.83e-01	3.49e-08	2.43e-08
 7.00508e+22	1.91e-01	7.94e-01	1.47e-02	5.32e-06	0.00e+00	0.00e+00	0.00e+00	0.00e+00	0.00e+00	1.91e-01	3.66e-08	2.55e-08
 7.01099e+22	2.00e-01	7.86e-01	1.36e-02	4.66e-06	0.00e+00	0.00e+00	0.00e+00	0.00e+00	0.00e+00	2.00e-01	3.84e-08	2.67e-08
 7.01675e+22	2.09e-01	7.79e-01	1.26e-02	4.13e-06	0.00e+00	0.00e+00	0.00e+00	0.00e+00	0.00e+00	2.09e-01	4.01e-08	2.80e-08
 7.02254e+22	2.18e-01	7.70e-01	1.16e-02	3.62e-06	0.00e+00	0.00e+00	0.00e+00	0.00e+00	0.00e+00	2.18e-01	4.20e-08	2.93e-08
 7.02845e+22	2.29e-01	7.61e-01	1.07e-02	3.16e-06	0.00e+00	0.00e+00	0.00e+00	0.00e+00	0.00e+00	2.29e-01	4.40e-08	3.08e-08
 7.03393e+22	2.38e-01	7.52e-01	9.90e-03	2.79e-06	0.00e+00	0.00e+00	0.00e+00	0.00e+00	0.00e+00	2.38e-01	4.59e-08	3.22e-08
 7.03915e+22	2.47e-01	7.43e-01	9.20e-03	2.48e-06	0.00e+00	0.00e+00	0.00e+00	0.00e+00	0.00e+00	2.47e-01	4.77e-08	3.35e-08
 7.04485e+22	2.59e-01	7.32e-01	8.42e-03	2.16e-06	0.00e+00	0.00e+00	0.00e+00	0.00e+00	0.00e+00	2.59e-01	5.00e-08	3.51e-08
 7.05064e+22	2.72e-01	7.21e-01	7.70e-03	1.88e-06	0.00e+00	0.00e+00	0.00e+00	0.00e+00	0.00e+00	2.72e-01	5.22e-08	3.67e-08
 7.05581e+22	2.83e-01	7.10e-01	7.10e-03	1.66e-06	0.00e+00	0.00e+00	0.00e+00	0.00e+00	0.00e+00	2.83e-01	5.43e-08	3.81e-08
 7.06083e+22	2.94e-01	7.00e-01	6.57e-03	1.48e-06	0.00e+00	0.00e+00	0.00e+00	0.00e+00	0.00e+00	2.94e-01	5.63e-08	3.96e-08
 7.06637e+22	3.07e-01	6.87e-01	5.99e-03	1.29e-06	0.00e+00	0.00e+00	0.00e+00	0.00e+00	0.00e+00	3.07e-01	5.86e-08	4.13e-08
 7.07204e+22	3.22e-01	6.73e-01	5.45e-03	1.12e-06	0.00e+00	0.00e+00	0.00e+00	0.00e+00	0.00e+00	3.22e-01	6.10e-08	4.30e-08
 7.07718e+22	3.35e-01	6.60e-01	4.99e-03	9.90e-07	0.00e+00	0.00e+00	0.00e+00	0.00e+00	0.00e+00	3.35e-01	6.32e-08	4.45e-08
 7.08214e+22	3.48e-01	6.47e-01	4.58e-03	8.75e-07	0.00e+00	0.00e+00	0.00e+00	0.00e+00	0.00e+00	3.48e-01	6.53e-08	4.60e-08
 7.08724e+22	3.62e-01	6.33e-01	4.18e-03	7.71e-07	0.00e+00	0.00e+00	0.00e+00	0.00e+00	0.00e+00	3.62e-01	6.75e-08	4.76e-08
 7.09242e+22	3.77e-01	6.19e-01	3.80e-03	6.78e-07	0.00e+00	0.00e+00	0.00e+00	0.00e+00	0.00e+00	3.77e-01	6.97e-08	4.92e-08
 7.09757e+22	3.93e-01	6.04e-01	3.46e-03	5.97e-07	0.00e+00	0.00e+00	0.00e+00	0.00e+00	0.00e+00	3.93e-01	7.18e-08	5.07e-08
 7.10267e+22	4.08e-01	5.89e-01	3.15e-03	5.26e-07	0.00e+00	0.00e+00	0.00e+00	0.00e+00	0.00e+00	4.08e-01	7.39e-08	5.21e-08
 7.10777e+22	4.24e-01	5.73e-01	2.85e-03	4.64e-07	0.00e+00	0.00e+00	0.00e+00	0.00e+00	0.00e+00	4.24e-01	7.59e-08	5.36e-08
 7.11293e+22	4.41e-01	5.57e-01	2.58e-03	4.09e-07	0.00e+00	0.00e+00	0.00e+00	0.00e+00	0.00e+00	4.41e-01	7.78e-08	5.49e-08
 7.11811e+22	4.57e-01	5.40e-01	2.33e-03	3.60e-07	0.00e+00	0.00e+00	0.00e+00	0.00e+00	0.00e+00	4.57e-01	7.97e-08	5.62e-08
 7.12332e+22	4.75e-01	5.23e-01	2.11e-03	3.18e-07	0.00e+00	0.00e+00	0.00e+00	0.00e+00	0.00e+00	4.75e-01	8.14e-08	5.74e-08
 7.12857e+22	4.92e-01	5.06e-01	1.90e-03	2.80e-07	0.00e+00	0.00e+00	0.00e+00	0.00e+00	0.00e+00	4.92e-01	8.30e-08	5.86e-08
 7.13388e+22	5.10e-01	4.89e-01	1.70e-03	2.47e-07	0.00e+00	0.00e+00	0.00e+00	0.00e+00	0.00e+00	5.10e-01	8.45e-08	5.96e-08
 7.13926e+22	5.28e-01	4.71e-01	1.52e-03	2.18e-07	0.00e+00	0.00e+00	0.00e+00	0.00e+00	0.00e+00	5.28e-01	8.59e-08	6.05e-08
 7.14474e+22	5.46e-01	4.53e-01	1.36e-03	1.92e-07	0.00e+00	0.00e+00	0.00e+00	0.00e+00	0.00e+00	5.46e-01	8.71e-08	6.13e-08
 7.15034e+22	5.65e-01	4.34e-01	1.21e-03	1.69e-07	0.00e+00	0.00e+00	0.00e+00	0.00e+00	0.00e+00	5.65e-01	8.81e-08	6.20e-08
 7.15605e+22	5.84e-01	4.15e-01	1.07e-03	1.48e-07	0.00e+00	0.00e+00	0.00e+00	0.00e+00	0.00e+00	5.84e-01	8.90e-08	6.25e-08
 7.16089e+22	5.98e-01	4.01e-01	9.76e-04	1.34e-07	0.00e+00	0.00e+00	0.00e+00	0.00e+00	0.00e+00	5.98e-01	8.94e-08	6.28e-08
 7.16450e+22	6.10e-01	3.89e-01	9.06e-04	1.24e-07	0.00e+00	0.00e+00	0.00e+00	0.00e+00	0.00e+00	6.10e-01	8.97e-08	6.29e-08
 7.16790e+22	6.20e-01	3.79e-01	8.43e-04	0.00e+00	0.00e+00	0.00e+00	0.00e+00	0.00e+00	0.00e+00	6.20e-01	9.00e-08	6.30e-08
 7.17170e+22	6.32e-01	3.67e-01	7.78e-04	0.00e+00	0.00e+00	0.00e+00	0.00e+00	0.00e+00	0.00e+00	6.32e-01	9.01e-08	6.31e-08
 7.17581e+22	6.45e-01	3.54e-01	7.12e-04	0.00e+00	0.00e+00	0.00e+00	0.00e+00	0.00e+00	0.00e+00	6.45e-01	9.02e-08	6.30e-08
 7.17981e+22	6.56e-01	3.43e-01	6.56e-04	0.00e+00	0.00e+00	0.00e+00	0.00e+00	0.00e+00	0.00e+00	6.56e-01	9.02e-08	6.30e-08
 7.18373e+22	6.68e-01	3.32e-01	6.04e-04	0.00e+00	0.00e+00	0.00e+00	0.00e+00	0.00e+00	0.00e+00	6.68e-01	9.01e-08	6.28e-08
 7.18772e+22	6.79e-01	3.20e-01	5.55e-04	0.00e+00	0.00e+00	0.00e+00	0.00e+00	0.00e+00	0.00e+00	6.79e-01	8.99e-08	6.26e-08
 7.19171e+22	6.90e-01	3.09e-01	5.11e-04	0.00e+00	0.00e+00	0.00e+00	0.00e+00	0.00e+00	0.00e+00	6.90e-01	8.97e-08	6.24e-08
 7.19573e+22	7.01e-01	2.99e-01	4.70e-04	0.00e+00	0.00e+00	0.00e+00	0.00e+00	0.00e+00	0.00e+00	7.01e-01	8.94e-08	6.21e-08
 7.19984e+22	7.11e-01	2.88e-01	4.31e-04	0.00e+00	0.00e+00	0.00e+00	0.00e+00	0.00e+00	0.00e+00	7.11e-01	8.91e-08	6.18e-08
 7.20403e+22	7.22e-01	2.78e-01	3.96e-04	0.00e+00	0.00e+00	0.00e+00	0.00e+00	0.00e+00	0.00e+00	7.22e-01	8.86e-08	6.14e-08
 7.20827e+22	7.32e-01	2.68e-01	3.62e-04	0.00e+00	0.00e+00	0.00e+00	0.00e+00	0.00e+00	0.00e+00	7.32e-01	8.81e-08	6.09e-08
 7.21251e+22	7.42e-01	2.58e-01	3.32e-04	0.00e+00	0.00e+00	0.00e+00	0.00e+00	0.00e+00	0.00e+00	7.42e-01	8.76e-08	6.04e-08
 7.21679e+22	7.51e-01	2.48e-01	3.05e-04	0.00e+00	0.00e+00	0.00e+00	0.00e+00	0.00e+00	0.00e+00	7.51e-01	8.70e-08	5.99e-08
 7.22119e+22	7.61e-01	2.39e-01	2.79e-04	0.00e+00	0.00e+00	0.00e+00	0.00e+00	0.00e+00	0.00e+00	7.61e-01	8.64e-08	5.94e-08
 7.22568e+22	7.70e-01	2.30e-01	2.55e-04	0.00e+00	0.00e+00	0.00e+00	0.00e+00	0.00e+00	0.00e+00	7.70e-01	8.57e-08	5.88e-08
 7.23023e+22	7.79e-01	2.21e-01	2.32e-04	0.00e+00	0.00e+00	0.00e+00	0.00e+00	0.00e+00	0.00e+00	7.79e-01	8.50e-08	5.82e-08
 7.23480e+22	7.87e-01	2.13e-01	2.12e-04	0.00e+00	0.00e+00	0.00e+00	0.00e+00	0.00e+00	0.00e+00	7.87e-01	8.43e-08	5.76e-08
 7.23946e+22	7.96e-01	2.04e-01	1.94e-04	0.00e+00	0.00e+00	0.00e+00	0.00e+00	0.00e+00	0.00e+00	7.96e-01	8.35e-08	5.69e-08
 7.24427e+22	8.04e-01	1.96e-01	1.76e-04	0.00e+00	0.00e+00	0.00e+00	0.00e+00	0.00e+00	0.00e+00	8.04e-01	8.27e-08	5.63e-08
 7.24916e+22	8.12e-01	1.88e-01	1.60e-04	0.00e+00	0.00e+00	0.00e+00	0.00e+00	0.00e+00	0.00e+00	8.12e-01	8.19e-08	5.55e-08
 7.25408e+22	8.19e-01	1.81e-01	1.46e-04	0.00e+00	0.00e+00	0.00e+00	0.00e+00	0.00e+00	0.00e+00	8.19e-01	8.11e-08	5.49e-08
 7.25908e+22	8.27e-01	1.73e-01	1.33e-04	0.00e+00	0.00e+00	0.00e+00	0.00e+00	0.00e+00	0.00e+00	8.27e-01	8.03e-08	5.42e-08
 7.26426e+22	8.34e-01	1.66e-01	1.20e-04	0.00e+00	0.00e+00	0.00e+00	0.00e+00	0.00e+00	0.00e+00	8.34e-01	7.94e-08	5.34e-08
 7.26951e+22	8.41e-01	1.59e-01	1.09e-04	0.00e+00	0.00e+00	0.00e+00	0.00e+00	0.00e+00	0.00e+00	8.41e-01	7.86e-08	5.27e-08
 7.27480e+22	8.47e-01	1.53e-01	9.88e-05	0.00e+00	0.00e+00	0.00e+00	0.00e+00	0.00e+00	0.00e+00	8.47e-01	7.78e-08	5.20e-08
 7.28021e+22	8.54e-01	1.46e-01	8.95e-05	0.00e+00	0.00e+00	0.00e+00	0.00e+00	0.00e+00	0.00e+00	8.54e-01	7.69e-08	5.13e-08
 7.28576e+22	8.60e-01	1.40e-01	8.09e-05	0.00e+00	0.00e+00	0.00e+00	0.00e+00	0.00e+00	0.00e+00	8.60e-01	7.61e-08	5.06e-08
 7.29142e+22	8.66e-01	1.34e-01	7.30e-05	0.00e+00	0.00e+00	0.00e+00	0.00e+00	0.00e+00	0.00e+00	8.66e-01	7.53e-08	4.99e-08
 7.29712e+22	8.72e-01	1.28e-01	6.59e-05	0.00e+00	0.00e+00	0.00e+00	0.00e+00	0.00e+00	0.00e+00	8.72e-01	7.44e-08	4.92e-08
 7.30282e+22	8.77e-01	1.22e-01	5.96e-05	0.00e+00	0.00e+00	0.00e+00	0.00e+00	0.00e+00	0.00e+00	8.77e-01	7.36e-08	4.85e-08
 7.30863e+22	8.83e-01	1.17e-01	5.38e-05	0.00e+00	0.00e+00	0.00e+00	0.00e+00	0.00e+00	0.00e+00	8.83e-01	7.29e-08	4.78e-08
 7.31456e+22	8.88e-01	1.12e-01	4.85e-05	0.00e+00	0.00e+00	0.00e+00	0.00e+00	0.00e+00	0.00e+00	8.88e-01	7.21e-08	4.71e-08
 7.32052e+22	8.93e-01	1.07e-01	4.38e-05	0.00e+00	0.00e+00	0.00e+00	0.00e+00	0.00e+00	0.00e+00	8.93e-01	7.13e-08	4.64e-08
 7.32645e+22	8.98e-01	1.02e-01	3.96e-05	0.00e+00	0.00e+00	0.00e+00	0.00e+00	0.00e+00	0.00e+00	8.98e-01	7.06e-08	4.58e-08
 7.33233e+22	9.02e-01	9.81e-02	3.59e-05	0.00e+00	0.00e+00	0.00e+00	0.00e+00	0.00e+00	0.00e+00	9.02e-01	6.99e-08	4.52e-08
 7.33821e+22	9.06e-01	9.39e-02	3.25e-05	0.00e+00	0.00e+00	0.00e+00	0.00e+00	0.00e+00	0.00e+00	9.06e-01	6.93e-08	4.46e-08
 7.34420e+22	9.10e-01	8.99e-02	2.95e-05	0.00e+00	0.00e+00	0.00e+00	0.00e+00	0.00e+00	0.00e+00	9.10e-01	6.87e-08	4.41e-08
 7.35027e+22	9.14e-01	8.59e-02	2.67e-05	0.00e+00	0.00e+00	0.00e+00	0.00e+00	0.00e+00	0.00e+00	9.14e-01	6.80e-08	4.35e-08
 7.35630e+22	9.18e-01	8.22e-02	2.42e-05	0.00e+00	0.00e+00	0.00e+00	0.00e+00	0.00e+00	0.00e+00	9.18e-01	6.74e-08	4.30e-08
 7.36222e+22	9.21e-01	7.87e-02	2.21e-05	0.00e+00	0.00e+00	0.00e+00	0.00e+00	0.00e+00	0.00e+00	9.21e-01	6.69e-08	4.25e-08
 7.36813e+22	9.25e-01	7.54e-02	2.01e-05	0.00e+00	0.00e+00	0.00e+00	0.00e+00	0.00e+00	0.00e+00	9.25e-01	6.63e-08	4.20e-08
 7.37408e+22	9.28e-01	7.22e-02	1.84e-05	0.00e+00	0.00e+00	0.00e+00	0.00e+00	0.00e+00	0.00e+00	9.28e-01	6.57e-08	4.15e-08
 7.38002e+22	9.31e-01	6.91e-02	1.68e-05	0.00e+00	0.00e+00	0.00e+00	0.00e+00	0.00e+00	0.00e+00	9.31e-01	6.51e-08	4.10e-08
 7.38591e+22	9.34e-01	6.62e-02	1.54e-05	0.00e+00	0.00e+00	0.00e+00	0.00e+00	0.00e+00	0.00e+00	9.34e-01	6.45e-08	4.05e-08
 7.39174e+22	9.37e-01	6.34e-02	1.41e-05	0.00e+00	0.00e+00	0.00e+00	0.00e+00	0.00e+00	0.00e+00	9.37e-01	6.40e-08	4.01e-08
 7.39749e+22	9.39e-01	6.08e-02	1.30e-05	0.00e+00	0.00e+00	0.00e+00	0.00e+00	0.00e+00	0.00e+00	9.39e-01	6.35e-08	3.96e-08
 7.40306e+22	9.42e-01	5.84e-02	1.20e-05	0.00e+00	0.00e+00	0.00e+00	0.00e+00	0.00e+00	0.00e+00	9.42e-01	6.30e-08	3.92e-08
 7.40831e+22	9.44e-01	5.62e-02	1.12e-05	0.00e+00	0.00e+00	0.00e+00	0.00e+00	0.00e+00	0.00e+00	9.44e-01	6.26e-08	3.89e-08
 7.41324e+22	9.46e-01	5.42e-02	1.05e-05	0.00e+00	0.00e+00	0.00e+00	0.00e+00	0.00e+00	0.00e+00	9.46e-01	6.22e-08	3.86e-08
 7.41792e+22	9.48e-01	5.24e-02	9.87e-06	0.00e+00	0.00e+00	0.00e+00	0.00e+00	0.00e+00	0.00e+00	9.48e-01	6.19e-08	3.82e-08
 7.42236e+22	9.49e-01	5.07e-02	9.31e-06	0.00e+00	0.00e+00	0.00e+00	0.00e+00	0.00e+00	0.00e+00	9.49e-01	6.15e-08	3.80e-08
 7.42660e+22	9.51e-01	4.91e-02	8.82e-06	0.00e+00	0.00e+00	0.00e+00	0.00e+00	0.00e+00	0.00e+00	9.51e-01	6.12e-08	3.77e-08
 7.43065e+22	9.52e-01	4.77e-02	8.38e-06	0.00e+00	0.00e+00	0.00e+00	0.00e+00	0.00e+00	0.00e+00	9.52e-01	6.09e-08	3.74e-08
 7.43445e+22	9.54e-01	4.63e-02	7.99e-06	0.00e+00	0.00e+00	0.00e+00	0.00e+00	0.00e+00	0.00e+00	9.54e-01	6.06e-08	3.72e-08
 7.43800e+22	9.55e-01	4.51e-02	7.65e-06	0.00e+00	0.00e+00	0.00e+00	0.00e+00	0.00e+00	0.00e+00	9.55e-01	6.03e-08	3.69e-08
 7.44147e+22	9.56e-01	4.39e-02	7.33e-06	0.00e+00	0.00e+00	0.00e+00	0.00e+00	0.00e+00	0.00e+00	9.56e-01	6.01e-08	3.67e-08
 7.44491e+22	9.57e-01	4.27e-02	7.03e-06	0.00e+00	0.00e+00	0.00e+00	0.00e+00	0.00e+00	0.00e+00	9.57e-01	5.98e-08	3.65e-08
 7.44821e+22	9.58e-01	4.16e-02	6.75e-06	0.00e+00	0.00e+00	0.00e+00	0.00e+00	0.00e+00	0.00e+00	9.58e-01	5.96e-08	3.63e-08
 7.45128e+22	9.59e-01	4.06e-02	6.51e-06	0.00e+00	0.00e+00	0.00e+00	0.00e+00	0.00e+00	0.00e+00	9.59e-01	5.93e-08	3.61e-08
 7.45408e+22	9.60e-01	3.97e-02	6.30e-06	0.00e+00	0.00e+00	0.00e+00	0.00e+00	0.00e+00	0.00e+00	9.60e-01	5.91e-08	3.59e-08
 7.45662e+22	9.61e-01	3.89e-02	6.11e-06	0.00e+00	0.00e+00	0.00e+00	0.00e+00	0.00e+00	0.00e+00	9.61e-01	5.89e-08	3.57e-08
 7.45893e+22	9.62e-01	3.81e-02	5.95e-06	0.00e+00	0.00e+00	0.00e+00	0.00e+00	0.00e+00	0.00e+00	9.62e-01	5.87e-08	3.55e-08
 7.46104e+22	9.63e-01	3.75e-02	5.80e-06	0.00e+00	0.00e+00	0.00e+00	0.00e+00	0.00e+00	0.00e+00	9.63e-01	5.85e-08	3.54e-08
 7.46296e+22	9.63e-01	3.69e-02	5.67e-06	0.00e+00	0.00e+00	0.00e+00	0.00e+00	0.00e+00	0.00e+00	9.63e-01	5.83e-08	3.52e-08
 7.46470e+22	9.64e-01	3.64e-02	5.56e-06	0.00e+00	0.00e+00	0.00e+00	0.00e+00	0.00e+00	0.00e+00	9.64e-01	5.82e-08	3.51e-08
 7.46661e+22	9.64e-01	3.57e-02	5.42e-06	0.00e+00	0.00e+00	0.00e+00	0.00e+00	0.00e+00	0.00e+00	9.64e-01	5.78e-08	3.50e-08
 7.46867e+22	9.65e-01	3.53e-02	5.31e-06	0.00e+00	0.00e+00	0.00e+00	0.00e+00	0.00e+00	0.00e+00	9.65e-01	5.76e-08	3.49e-08
 7.47093e+22	9.66e-01	3.44e-02	5.15e-06	0.00e+00	0.00e+00	0.00e+00	0.00e+00	0.00e+00	0.00e+00	9.66e-01	5.72e-08	3.47e-08
 7.47337e+22	9.66e-01	3.37e-02	4.99e-06	0.00e+00	0.00e+00	0.00e+00	0.00e+00	0.00e+00	0.00e+00	9.66e-01	5.68e-08	3.45e-08
 7.47559e+22	9.67e-01	3.30e-02	4.86e-06	0.00e+00	0.00e+00	0.00e+00	0.00e+00	0.00e+00	0.00e+00	9.67e-01	5.65e-08	3.43e-08
 7.47761e+22	9.68e-01	3.24e-02	4.74e-06	0.00e+00	0.00e+00	0.00e+00	0.00e+00	0.00e+00	0.00e+00	9.68e-01	5.62e-08	3.42e-08
 7.47945e+22	9.68e-01	3.19e-02	4.64e-06	0.00e+00	0.00e+00	0.00e+00	0.00e+00	0.00e+00	0.00e+00	9.68e-01	5.59e-08	3.41e-08
 7.48112e+22	9.69e-01	3.15e-02	4.54e-06	0.00e+00	0.00e+00	0.00e+00	0.00e+00	0.00e+00	0.00e+00	9.69e-01	5.57e-08	3.39e-08
 7.48265e+22	9.69e-01	3.11e-02	4.46e-06	0.00e+00	0.00e+00	0.00e+00	0.00e+00	0.00e+00	0.00e+00	9.69e-01	5.55e-08	3.38e-08
 7.48432e+22	9.69e-01	3.06e-02	4.36e-06	0.00e+00	0.00e+00	0.00e+00	0.00e+00	0.00e+00	0.00e+00	9.69e-01	5.53e-08	3.37e-08
 7.48612e+22	9.70e-01	3.03e-02	4.28e-06	0.00e+00	0.00e+00	0.00e+00	0.00e+00	0.00e+00	0.00e+00	9.70e-01	5.52e-08	3.36e-08
 7.48809e+22	9.70e-01	2.97e-02	4.17e-06	0.00e+00	0.00e+00	0.00e+00	0.00e+00	0.00e+00	0.00e+00	9.70e-01	5.49e-08	3.35e-08
 7.49022e+22	9.71e-01	2.92e-02	4.06e-06	0.00e+00	0.00e+00	0.00e+00	0.00e+00	0.00e+00	0.00e+00	9.71e-01	5.47e-08	3.34e-08
 7.49216e+22	9.71e-01	2.88e-02	3.98e-06	0.00e+00	0.00e+00	0.00e+00	0.00e+00	0.00e+00	0.00e+00	9.71e-01	5.46e-08	3.33e-08
 7.49429e+22	9.72e-01	2.82e-02	3.87e-06	0.00e+00	0.00e+00	0.00e+00	0.00e+00	0.00e+00	0.00e+00	9.72e-01	5.44e-08	3.32e-08
 7.49658e+22	9.72e-01	2.77e-02	3.76e-06	0.00e+00	0.00e+00	0.00e+00	0.00e+00	0.00e+00	0.00e+00	9.72e-01	5.42e-08	3.31e-08
 7.49867e+22	9.73e-01	2.73e-02	3.67e-06	0.00e+00	0.00e+00	0.00e+00	0.00e+00	0.00e+00	0.00e+00	9.73e-01	5.40e-08	3.30e-08
 7.50057e+22	9.73e-01	2.69e-02	3.59e-06	0.00e+00	0.00e+00	0.00e+00	0.00e+00	0.00e+00	0.00e+00	9.73e-01	5.38e-08	3.29e-08
 7.50265e+22	9.74e-01	2.64e-02	3.50e-06	0.00e+00	0.00e+00	0.00e+00	0.00e+00	0.00e+00	0.00e+00	9.74e-01	5.37e-08	3.28e-08
 7.50490e+22	9.74e-01	2.59e-02	3.40e-06	0.00e+00	0.00e+00	0.00e+00	0.00e+00	0.00e+00	0.00e+00	9.74e-01	5.35e-08	3.27e-08
 7.50694e+22	9.74e-01	2.55e-02	3.32e-06	0.00e+00	0.00e+00	0.00e+00	0.00e+00	0.00e+00	0.00e+00	9.74e-01	5.33e-08	3.25e-08
 7.50880e+22	9.75e-01	2.52e-02	3.25e-06	0.00e+00	0.00e+00	0.00e+00	0.00e+00	0.00e+00	0.00e+00	9.75e-01	5.32e-08	3.25e-08
 7.51084e+22	9.75e-01	2.47e-02	3.16e-06	0.00e+00	0.00e+00	0.00e+00	0.00e+00	0.00e+00	0.00e+00	9.75e-01	5.30e-08	3.23e-08
 7.51304e+22	9.76e-01	2.43e-02	3.08e-06	0.00e+00	0.00e+00	0.00e+00	0.00e+00	0.00e+00	0.00e+00	9.76e-01	5.28e-08	3.22e-08
 7.51505e+22	9.76e-01	2.39e-02	3.00e-06	0.00e+00	0.00e+00	0.00e+00	0.00e+00	0.00e+00	0.00e+00	9.76e-01	5.26e-08	3.21e-08
 7.51687e+22	9.76e-01	2.35e-02	2.93e-06	0.00e+00	0.00e+00	0.00e+00	0.00e+00	0.00e+00	0.00e+00	9.76e-01	5.24e-08	3.19e-08
 7.51853e+22	9.77e-01	2.32e-02	2.87e-06	0.00e+00	0.00e+00	0.00e+00	0.00e+00	0.00e+00	0.00e+00	9.77e-01	5.23e-08	3.18e-08
 7.52035e+22	9.77e-01	2.28e-02	2.80e-06	0.00e+00	0.00e+00	0.00e+00	0.00e+00	0.00e+00	0.00e+00	9.77e-01	5.21e-08	3.17e-08
 7.52231e+22	9.78e-01	2.24e-02	2.73e-06	0.00e+00	0.00e+00	0.00e+00	0.00e+00	0.00e+00	0.00e+00	9.78e-01	5.19e-08	3.16e-08
 7.52409e+22	9.78e-01	2.22e-02	2.67e-06	0.00e+00	0.00e+00	0.00e+00	0.00e+00	0.00e+00	0.00e+00	9.78e-01	5.17e-08	3.14e-08
 7.52605e+22	9.78e-01	2.18e-02	2.61e-06	0.00e+00	0.00e+00	0.00e+00	0.00e+00	0.00e+00	0.00e+00	9.78e-01	5.15e-08	3.13e-08
 7.52816e+22	9.79e-01	2.13e-02	2.54e-06	0.00e+00	0.00e+00	0.00e+00	0.00e+00	0.00e+00	0.00e+00	9.79e-01	5.13e-08	3.11e-08
 7.53009e+22	9.79e-01	2.11e-02	2.48e-06	0.00e+00	0.00e+00	0.00e+00	0.00e+00	0.00e+00	0.00e+00	9.79e-01	5.12e-08	3.10e-08
 7.53184e+22	9.79e-01	2.08e-02	2.43e-06	0.00e+00	0.00e+00	0.00e+00	0.00e+00	0.00e+00	0.00e+00	9.79e-01	5.10e-08	3.09e-08
 7.53343e+22	9.80e-01	2.05e-02	2.38e-06	0.00e+00	0.00e+00	0.00e+00	0.00e+00	0.00e+00	0.00e+00	9.80e-01	5.08e-08	3.07e-08
 7.53488e+22	9.80e-01	2.03e-02	2.35e-06	0.00e+00	0.00e+00	0.00e+00	0.00e+00	0.00e+00	0.00e+00	9.80e-01	5.07e-08	3.07e-08
 7.53647e+22	9.80e-01	2.00e-02	2.30e-06	0.00e+00	0.00e+00	0.00e+00	0.00e+00	0.00e+00	0.00e+00	9.80e-01	5.05e-08	3.05e-08
 7.53818e+22	9.80e-01	1.97e-02	2.25e-06	0.00e+00	0.00e+00	0.00e+00	0.00e+00	0.00e+00	0.00e+00	9.80e-01	5.03e-08	3.04e-08
 7.53974e+22	9.80e-01	1.95e-02	2.22e-06	0.00e+00	0.00e+00	0.00e+00	0.00e+00	0.00e+00	0.00e+00	9.80e-01	5.03e-08	3.03e-08
 7.54145e+22	9.81e-01	1.92e-02	2.17e-06	0.00e+00	0.00e+00	0.00e+00	0.00e+00	0.00e+00	0.00e+00	9.81e-01	5.01e-08	3.02e-08
 7.54329e+22	9.81e-01	1.90e-02	2.14e-06	0.00e+00	0.00e+00	0.00e+00	0.00e+00	0.00e+00	0.00e+00	9.81e-01	5.00e-08	3.01e-08
 7.54532e+22	9.81e-01	1.86e-02	2.08e-06	0.00e+00	0.00e+00	0.00e+00	0.00e+00	0.00e+00	0.00e+00	9.81e-01	4.96e-08	2.98e-08
 7.54750e+22	9.82e-01	1.83e-02	2.04e-06	0.00e+00	0.00e+00	0.00e+00	0.00e+00	0.00e+00	0.00e+00	9.82e-01	4.91e-08	2.96e-08
 7.54989e+22	9.82e-01	1.80e-02	1.98e-06	0.00e+00	0.00e+00	0.00e+00	0.00e+00	0.00e+00	0.00e+00	9.82e-01	4.85e-08	2.92e-08
 7.55247e+22	9.82e-01	1.77e-02	1.94e-06	0.00e+00	0.00e+00	0.00e+00	0.00e+00	0.00e+00	0.00e+00	9.82e-01	4.80e-08	2.89e-08
 7.55482e+22	9.83e-01	1.73e-02	1.89e-06	0.00e+00	0.00e+00	0.00e+00	0.00e+00	0.00e+00	0.00e+00	9.83e-01	4.74e-08	2.86e-08
 7.55696e+22	9.83e-01	1.70e-02	1.85e-06	0.00e+00	0.00e+00	0.00e+00	0.00e+00	0.00e+00	0.00e+00	9.83e-01	4.68e-08	2.82e-08
 7.55891e+22	9.83e-01	1.69e-02	1.82e-06	0.00e+00	0.00e+00	0.00e+00	0.00e+00	0.00e+00	0.00e+00	9.83e-01	4.66e-08	2.81e-08
 7.56104e+22	9.83e-01	1.66e-02	1.78e-06	0.00e+00	0.00e+00	0.00e+00	0.00e+00	0.00e+00	0.00e+00	9.83e-01	4.61e-08	2.77e-08
 7.56334e+22	9.84e-01	1.64e-02	1.74e-06	0.00e+00	0.00e+00	0.00e+00	0.00e+00	0.00e+00	0.00e+00	9.84e-01	4.57e-08	2.74e-08
 7.56586e+22	9.84e-01	1.60e-02	1.70e-06	0.00e+00	0.00e+00	0.00e+00	0.00e+00	0.00e+00	0.00e+00	9.84e-01	4.51e-08	2.70e-08
 7.56859e+22	9.84e-01	1.57e-02	1.66e-06	0.00e+00	0.00e+00	0.00e+00	0.00e+00	0.00e+00	0.00e+00	9.84e-01	4.46e-08	2.66e-08
 7.57107e+22	9.85e-01	1.55e-02	1.62e-06	0.00e+00	0.00e+00	0.00e+00	0.00e+00	0.00e+00	0.00e+00	9.85e-01	4.42e-08	2.63e-08
 7.57332e+22	9.85e-01	1.52e-02	1.59e-06	0.00e+00	0.00e+00	0.00e+00	0.00e+00	0.00e+00	0.00e+00	9.85e-01	4.35e-08	2.59e-08
 7.57537e+22	9.85e-01	1.50e-02	1.56e-06	0.00e+00	0.00e+00	0.00e+00	0.00e+00	0.00e+00	0.00e+00	9.85e-01	4.33e-08	2.57e-08
 7.57762e+22	9.85e-01	1.48e-02	1.53e-06	0.00e+00	0.00e+00	0.00e+00	0.00e+00	0.00e+00	0.00e+00	9.85e-01	4.29e-08	2.54e-08
 7.58005e+22	9.85e-01	1.46e-02	1.50e-06	0.00e+00	0.00e+00	0.00e+00	0.00e+00	0.00e+00	0.00e+00	9.85e-01	4.25e-08	2.51e-08
 7.58226e+22	9.86e-01	1.44e-02	1.48e-06	0.00e+00	0.00e+00	0.00e+00	0.00e+00	0.00e+00	0.00e+00	9.86e-01	4.21e-08	2.48e-08
 7.58468e+22	9.86e-01	1.41e-02	1.44e-06	0.00e+00	0.00e+00	0.00e+00	0.00e+00	0.00e+00	0.00e+00	9.86e-01	4.16e-08	2.45e-08
 7.58729e+22	9.86e-01	1.39e-02	1.41e-06	0.00e+00	0.00e+00	0.00e+00	0.00e+00	0.00e+00	0.00e+00	9.86e-01	4.11e-08	2.41e-08
 7.58967e+22	9.86e-01	1.36e-02	1.39e-06	0.00e+00	0.00e+00	0.00e+00	0.00e+00	0.00e+00	0.00e+00	9.86e-01	4.05e-08	2.37e-08
 7.59184e+22	9.86e-01	1.35e-02	1.37e-06	0.00e+00	0.00e+00	0.00e+00	0.00e+00	0.00e+00	0.00e+00	9.86e-01	4.03e-08	2.35e-08
 7.59421e+22	9.87e-01	1.33e-02	1.34e-06	0.00e+00	0.00e+00	0.00e+00	0.00e+00	0.00e+00	0.00e+00	9.87e-01	3.98e-08	2.32e-08
 7.59729e+22	9.87e-01	1.30e-02	1.30e-06	0.00e+00	0.00e+00	0.00e+00	0.00e+00	0.00e+00	0.00e+00	9.87e-01	3.92e-08	2.28e-08
 7.60062e+22	9.87e-01	1.27e-02	1.27e-06	0.00e+00	0.00e+00	0.00e+00	0.00e+00	0.00e+00	0.00e+00	9.87e-01	3.86e-08	2.24e-08
 7.60365e+22	9.88e-01	1.25e-02	1.24e-06	0.00e+00	0.00e+00	0.00e+00	0.00e+00	0.00e+00	0.00e+00	9.88e-01	3.81e-08	2.20e-08
 7.60640e+22	9.88e-01	1.22e-02	1.22e-06	0.00e+00	0.00e+00	0.00e+00	0.00e+00	0.00e+00	0.00e+00	9.88e-01	3.74e-08	2.15e-08
 7.60891e+22	9.88e-01	1.21e-02	1.20e-06	0.00e+00	0.00e+00	0.00e+00	0.00e+00	0.00e+00	0.00e+00	9.88e-01	3.71e-08	2.14e-08
 7.61166e+22	9.88e-01	1.19e-02	1.18e-06	0.00e+00	0.00e+00	0.00e+00	0.00e+00	0.00e+00	0.00e+00	9.88e-01	3.66e-08	2.10e-08
 7.61463e+22	9.88e-01	1.17e-02	1.15e-06	0.00e+00	0.00e+00	0.00e+00	0.00e+00	0.00e+00	0.00e+00	9.88e-01	3.60e-08	2.06e-08
 7.61733e+22	9.88e-01	1.15e-02	1.13e-06	0.00e+00	0.00e+00	0.00e+00	0.00e+00	0.00e+00	0.00e+00	9.88e-01	3.57e-08	2.03e-08
 7.62029e+22	9.89e-01	1.13e-02	1.11e-06	0.00e+00	0.00e+00	0.00e+00	0.00e+00	0.00e+00	0.00e+00	9.89e-01	3.50e-08	1.99e-08
