#depth	Ne	Ne+	Ne+2	Ne+3	Ne+4	Ne+5	Ne+6	Ne+7	Ne+8	Ne+9	Ne+10
 1.54284e+22	0.00e+00	0.00e+00	0.00e+00	1.04e-27	9.22e-23	1.98e-18	1.69e-14	9.04e-11	1.66e-06	2.57e-03	9.97e-01
 3.46970e+22	0.00e+00	0.00e+00	0.00e+00	1.77e-26	1.04e-21	1.52e-17	8.66e-14	3.09e-10	3.76e-06	3.86e-03	9.96e-01
 4.08600e+22	0.00e+00	0.00e+00	4.60e-31	9.41e-26	4.38e-21	5.03e-17	2.26e-13	6.37e-10	6.10e-06	4.92e-03	9.95e-01
 4.50412e+22	0.00e+00	0.00e+00	2.09e-30	3.55e-25	1.37e-20	1.30e-16	4.85e-13	1.13e-09	8.96e-06	5.95e-03	9.94e-01
 4.73641e+22	0.00e+00	0.00e+00	3.07e-30	4.96e-25	1.83e-20	1.65e-16	5.89e-13	1.31e-09	9.87e-06	6.25e-03	9.94e-01
 4.82841e+22	0.00e+00	0.00e+00	4.44e-30	6.86e-25	2.41e-20	2.09e-16	7.10e-13	1.51e-09	1.08e-05	6.55e-03	9.93e-01
 4.93316e+22	0.00e+00	0.00e+00	7.05e-30	1.03e-24	3.42e-20	2.79e-16	8.97e-13	1.80e-09	1.22e-05	6.94e-03	9.93e-01
 5.03846e+22	0.00e+00	0.00e+00	1.03e-29	1.44e-24	4.56e-20	3.55e-16	1.09e-12	2.08e-09	1.34e-05	7.29e-03	9.93e-01
 5.12206e+22	0.00e+00	0.00e+00	1.43e-29	1.92e-24	5.83e-20	4.35e-16	1.28e-12	2.35e-09	1.46e-05	7.59e-03	9.92e-01
 5.19643e+22	0.00e+00	0.00e+00	1.93e-29	2.49e-24	7.29e-20	5.25e-16	1.49e-12	2.64e-09	1.57e-05	7.89e-03	9.92e-01
 5.28117e+22	0.00e+00	0.00e+00	2.73e-29	3.37e-24	9.47e-20	6.54e-16	1.78e-12	3.01e-09	1.72e-05	8.24e-03	9.92e-01
 5.37351e+22	0.00e+00	0.00e+00	3.90e-29	4.60e-24	1.24e-19	8.17e-16	2.13e-12	3.45e-09	1.88e-05	8.62e-03	9.91e-01
 5.45875e+22	0.00e+00	0.00e+00	5.49e-29	6.21e-24	1.61e-19	1.02e-15	2.53e-12	3.93e-09	2.06e-05	9.01e-03	9.91e-01
 5.53679e+22	0.00e+00	0.00e+00	7.45e-29	8.13e-24	2.02e-19	1.23e-15	2.96e-12	4.42e-09	2.22e-05	9.36e-03	9.91e-01
 5.62248e+22	0.00e+00	0.00e+00	1.07e-28	1.11e-23	2.65e-19	1.54e-15	3.55e-12	5.08e-09	2.44e-05	9.80e-03	9.90e-01
 5.71389e+22	0.00e+00	0.00e+00	1.52e-28	1.52e-23	3.46e-19	1.93e-15	4.24e-12	5.81e-09	2.66e-05	1.02e-02	9.90e-01
 5.79614e+22	0.00e+00	0.00e+00	2.11e-28	2.02e-23	4.42e-19	2.37e-15	5.00e-12	6.58e-09	2.89e-05	1.07e-02	9.89e-01
 5.87339e+22	0.00e+00	0.00e+00	2.87e-28	2.65e-23	5.59e-19	2.88e-15	5.86e-12	7.40e-09	3.13e-05	1.11e-02	9.89e-01
 5.94538e+22	0.00e+00	0.00e+00	3.79e-28	3.39e-23	6.89e-19	3.43e-15	6.74e-12	8.23e-09	3.36e-05	1.15e-02	9.88e-01
 6.02359e+22	0.00e+00	0.00e+00	5.24e-28	4.50e-23	8.79e-19	4.20e-15	7.94e-12	9.32e-09	3.65e-05	1.20e-02	9.88e-01
 6.10615e+22	0.00e+00	0.00e+00	7.19e-28	5.93e-23	1.11e-18	5.13e-15	9.32e-12	1.05e-08	3.96e-05	1.25e-02	9.87e-01
 6.17922e+22	0.00e+00	1.66e-33	9.58e-28	7.63e-23	1.38e-18	6.14e-15	1.08e-11	1.17e-08	4.26e-05	1.29e-02	9.87e-01
 6.25906e+22	0.00e+00	2.41e-33	1.34e-27	1.02e-22	1.78e-18	7.59e-15	1.28e-11	1.33e-08	4.64e-05	1.35e-02	9.86e-01
 6.34308e+22	0.00e+00	3.47e-33	1.85e-27	1.36e-22	2.28e-18	9.31e-15	1.51e-11	1.51e-08	5.04e-05	1.41e-02	9.86e-01
 6.41534e+22	0.00e+00	4.77e-33	2.45e-27	1.74e-22	2.81e-18	1.11e-14	1.74e-11	1.68e-08	5.41e-05	1.46e-02	9.85e-01
 6.49210e+22	0.00e+00	6.84e-33	3.39e-27	2.31e-22	3.59e-18	1.36e-14	2.05e-11	1.90e-08	5.88e-05	1.52e-02	9.85e-01
 6.57358e+22	0.00e+00	9.71e-33	4.63e-27	3.04e-22	4.54e-18	1.66e-14	2.40e-11	2.15e-08	6.37e-05	1.58e-02	9.84e-01
 6.64674e+22	0.00e+00	1.34e-32	6.16e-27	3.91e-22	5.63e-18	1.99e-14	2.77e-11	2.39e-08	6.85e-05	1.64e-02	9.84e-01
 6.71264e+22	0.00e+00	1.79e-32	7.98e-27	4.90e-22	6.84e-18	2.34e-14	3.16e-11	2.64e-08	7.32e-05	1.69e-02	9.83e-01
 6.77418e+22	0.00e+00	2.34e-32	1.01e-26	6.04e-22	8.19e-18	2.72e-14	3.57e-11	2.90e-08	7.78e-05	1.74e-02	9.82e-01
 6.84480e+22	0.00e+00	3.23e-32	1.35e-26	7.77e-22	1.02e-17	3.26e-14	4.13e-11	3.23e-08	8.37e-05	1.81e-02	9.82e-01
 6.92066e+22	0.00e+00	4.48e-32	1.81e-26	1.00e-21	1.27e-17	3.92e-14	4.79e-11	3.62e-08	9.02e-05	1.88e-02	9.81e-01
 6.98892e+22	0.00e+00	6.06e-32	2.37e-26	1.27e-21	1.55e-17	4.64e-14	5.49e-11	4.01e-08	9.66e-05	1.94e-02	9.80e-01
 7.06325e+22	0.00e+00	8.58e-32	3.23e-26	1.67e-21	1.96e-17	5.65e-14	6.43e-11	4.52e-08	1.05e-04	2.02e-02	9.80e-01
 7.13877e+22	0.00e+00	1.19e-31	4.31e-26	2.15e-21	2.44e-17	6.77e-14	7.44e-11	5.05e-08	1.13e-04	2.10e-02	9.79e-01
 7.20184e+22	0.00e+00	1.57e-31	5.51e-26	2.67e-21	2.94e-17	7.91e-14	8.43e-11	5.55e-08	1.20e-04	2.16e-02	9.78e-01
 7.26983e+22	0.00e+00	2.15e-31	7.31e-26	3.42e-21	3.64e-17	9.47e-14	9.75e-11	6.19e-08	1.29e-04	2.24e-02	9.77e-01
 7.34334e+22	0.00e+00	2.95e-31	9.67e-26	4.38e-21	4.49e-17	1.13e-13	1.12e-10	6.89e-08	1.39e-04	2.32e-02	9.77e-01
 7.41152e+22	0.00e+00	3.99e-31	1.27e-25	5.55e-21	5.51e-17	1.34e-13	1.29e-10	7.64e-08	1.49e-04	2.40e-02	9.76e-01
 7.47737e+22	0.00e+00	5.36e-31	1.65e-25	6.98e-21	6.72e-17	1.58e-13	1.47e-10	8.45e-08	1.59e-04	2.48e-02	9.75e-01
 7.54065e+22	0.00e+00	7.05e-31	2.11e-25	8.66e-21	8.08e-17	1.85e-13	1.67e-10	9.29e-08	1.69e-04	2.56e-02	9.74e-01
 7.61083e+22	0.00e+00	9.76e-31	2.81e-25	1.12e-20	1.01e-16	2.22e-13	1.93e-10	1.04e-07	1.82e-04	2.66e-02	9.73e-01
 7.68444e+22	0.00e+00	1.34e-30	3.73e-25	1.43e-20	1.25e-16	2.65e-13	2.23e-10	1.16e-07	1.96e-04	2.75e-02	9.72e-01
 7.74897e+22	0.00e+00	1.79e-30	4.82e-25	1.79e-20	1.51e-16	3.11e-13	2.54e-10	1.28e-07	2.09e-04	2.84e-02	9.71e-01
 7.81934e+22	0.00e+00	2.49e-30	6.47e-25	2.32e-20	1.89e-16	3.75e-13	2.96e-10	1.43e-07	2.26e-04	2.95e-02	9.70e-01
 7.89433e+22	0.00e+00	3.45e-30	8.66e-25	2.99e-20	2.35e-16	4.51e-13	3.43e-10	1.60e-07	2.43e-04	3.06e-02	9.69e-01
 7.95874e+22	0.00e+00	4.58e-30	1.11e-24	3.73e-20	2.84e-16	5.29e-13	3.90e-10	1.76e-07	2.59e-04	3.16e-02	9.68e-01
 8.01675e+22	0.00e+00	5.87e-30	1.39e-24	4.54e-20	3.36e-16	6.09e-13	4.36e-10	1.92e-07	2.74e-04	3.25e-02	9.67e-01
 8.08306e+22	0.00e+00	8.05e-30	1.84e-24	5.81e-20	4.16e-16	7.27e-13	5.04e-10	2.14e-07	2.95e-04	3.37e-02	9.66e-01
 8.15409e+22	0.00e+00	1.12e-29	2.46e-24	7.49e-20	5.17e-16	8.73e-13	5.83e-10	2.39e-07	3.17e-04	3.49e-02	9.65e-01
 8.21767e+22	0.00e+00	1.47e-29	3.14e-24	9.27e-20	6.21e-16	1.02e-12	6.60e-10	2.62e-07	3.38e-04	3.60e-02	9.64e-01
 8.28673e+22	0.00e+00	2.04e-29	4.21e-24	1.20e-19	7.76e-16	1.23e-12	7.67e-10	2.94e-07	3.64e-04	3.74e-02	9.62e-01
 8.35737e+22	0.00e+00	2.79e-29	5.55e-24	1.53e-19	9.56e-16	1.46e-12	8.83e-10	3.26e-07	3.91e-04	3.87e-02	9.61e-01
 8.41736e+22	0.00e+00	3.66e-29	7.07e-24	1.89e-19	1.15e-15	1.70e-12	9.98e-10	3.58e-07	4.16e-04	3.99e-02	9.60e-01
 8.48266e+22	0.00e+00	5.07e-29	9.45e-24	2.44e-19	1.43e-15	2.05e-12	1.16e-09	4.00e-07	4.47e-04	4.13e-02	9.58e-01
 8.55182e+22	0.00e+00	6.88e-29	1.24e-23	3.10e-19	1.75e-15	2.43e-12	1.33e-09	4.43e-07	4.79e-04	4.28e-02	9.57e-01
 8.61523e+22	0.00e+00	9.23e-29	1.61e-23	3.89e-19	2.13e-15	2.86e-12	1.51e-09	4.89e-07	5.12e-04	4.42e-02	9.55e-01
 8.68685e+22	0.00e+00	1.34e-28	2.24e-23	5.21e-19	2.74e-15	3.53e-12	1.79e-09	5.55e-07	5.57e-04	4.60e-02	9.53e-01
 8.75646e+22	0.00e+00	1.79e-28	2.90e-23	6.51e-19	3.32e-15	4.14e-12	2.04e-09	6.11e-07	5.94e-04	4.75e-02	9.52e-01
 8.81409e+22	0.00e+00	2.38e-28	3.74e-23	8.13e-19	4.02e-15	4.86e-12	2.32e-09	6.73e-07	6.33e-04	4.90e-02	9.50e-01
 8.87967e+22	0.00e+00	3.29e-28	4.98e-23	1.05e-18	5.00e-15	5.84e-12	2.68e-09	7.51e-07	6.81e-04	5.07e-02	9.49e-01
 8.94938e+22	0.00e+00	4.55e-28	6.65e-23	1.35e-18	6.21e-15	7.00e-12	3.10e-09	8.37e-07	7.32e-04	5.26e-02	9.47e-01
 9.01194e+22	0.00e+00	6.19e-28	8.73e-23	1.71e-18	7.62e-15	8.30e-12	3.55e-09	9.27e-07	7.84e-04	5.43e-02	9.45e-01
 9.07162e+22	4.00e-34	8.34e-28	1.14e-22	2.16e-18	9.30e-15	9.81e-12	4.06e-09	1.02e-06	8.37e-04	5.61e-02	9.43e-01
 9.12977e+22	5.47e-34	1.11e-27	1.46e-22	2.69e-18	1.12e-14	1.15e-11	4.60e-09	1.12e-06	8.91e-04	5.78e-02	9.41e-01
 9.19509e+22	8.11e-34	1.57e-27	2.00e-22	3.53e-18	1.42e-14	1.40e-11	5.38e-09	1.26e-06	9.63e-04	6.00e-02	9.39e-01
 9.26185e+22	1.16e-33	2.17e-27	2.66e-22	4.53e-18	1.76e-14	1.67e-11	6.21e-09	1.40e-06	1.03e-03	6.21e-02	9.37e-01
 9.31911e+22	1.62e-33	2.92e-27	3.46e-22	5.70e-18	2.14e-14	1.97e-11	7.07e-09	1.55e-06	1.10e-03	6.41e-02	9.35e-01
 9.38214e+22	2.41e-33	4.18e-27	4.75e-22	7.54e-18	2.72e-14	2.41e-11	8.30e-09	1.74e-06	1.19e-03	6.65e-02	9.32e-01
 9.44767e+22	3.47e-33	5.79e-27	6.34e-22	9.69e-18	3.38e-14	2.88e-11	9.57e-09	1.94e-06	1.28e-03	6.88e-02	9.30e-01
 9.50394e+22	4.76e-33	7.68e-27	8.14e-22	1.21e-17	4.08e-14	3.37e-11	1.08e-08	2.12e-06	1.36e-03	7.09e-02	9.28e-01
 9.56460e+22	7.12e-33	1.10e-26	1.12e-21	1.60e-17	5.18e-14	4.12e-11	1.27e-08	2.39e-06	1.47e-03	7.36e-02	9.25e-01
 9.62657e+22	1.02e-32	1.52e-26	1.49e-21	2.05e-17	6.41e-14	4.92e-11	1.46e-08	2.65e-06	1.57e-03	7.60e-02	9.22e-01
 9.68035e+22	1.40e-32	2.02e-26	1.92e-21	2.55e-17	7.76e-14	5.76e-11	1.66e-08	2.90e-06	1.67e-03	7.83e-02	9.20e-01
 9.74036e+22	2.11e-32	2.91e-26	2.65e-21	3.39e-17	9.88e-14	7.05e-11	1.94e-08	3.27e-06	1.81e-03	8.12e-02	9.17e-01
 9.80260e+22	3.05e-32	4.05e-26	3.55e-21	4.37e-17	1.23e-13	8.46e-11	2.24e-08	3.63e-06	1.94e-03	8.39e-02	9.14e-01
 9.85611e+22	4.27e-32	5.48e-26	4.64e-21	5.51e-17	1.50e-13	9.99e-11	2.56e-08	4.00e-06	2.06e-03	8.65e-02	9.11e-01
 9.91405e+22	6.43e-32	7.89e-26	6.41e-21	7.31e-17	1.91e-13	1.22e-10	3.00e-08	4.49e-06	2.23e-03	8.97e-02	9.08e-01
 9.97321e+22	9.10e-32	1.08e-25	8.44e-21	9.30e-17	2.35e-13	1.45e-10	3.44e-08	4.96e-06	2.38e-03	9.25e-02	9.05e-01
 1.00254e+23	1.28e-31	1.47e-25	1.11e-20	1.18e-16	2.88e-13	1.72e-10	3.93e-08	5.47e-06	2.53e-03	9.54e-02	9.02e-01
 1.00848e+23	1.98e-31	2.16e-25	1.56e-20	1.59e-16	3.72e-13	2.13e-10	4.64e-08	6.18e-06	2.74e-03	9.90e-02	8.98e-01
 1.01450e+23	2.84e-31	2.98e-25	2.08e-20	2.04e-16	4.61e-13	2.54e-10	5.34e-08	6.85e-06	2.93e-03	1.02e-01	8.95e-01
 1.01979e+23	4.07e-31	4.12e-25	2.76e-20	2.62e-16	5.71e-13	3.04e-10	6.14e-08	7.58e-06	3.14e-03	1.05e-01	8.91e-01
 1.02486e+23	5.64e-31	5.52e-25	3.58e-20	3.28e-16	6.93e-13	3.57e-10	6.97e-08	8.32e-06	3.33e-03	1.08e-01	8.88e-01
 1.03050e+23	8.62e-31	8.05e-25	5.00e-20	4.40e-16	8.90e-13	4.39e-10	8.21e-08	9.36e-06	3.60e-03	1.12e-01	8.84e-01
 1.03631e+23	1.26e-30	1.13e-24	6.75e-20	5.71e-16	1.11e-12	5.29e-10	9.49e-08	1.04e-05	3.85e-03	1.16e-01	8.80e-01
 1.04132e+23	1.76e-30	1.53e-24	8.80e-20	7.20e-16	1.36e-12	6.24e-10	1.08e-07	1.14e-05	4.10e-03	1.19e-01	8.76e-01
 1.04683e+23	2.68e-30	2.22e-24	1.23e-19	9.62e-16	1.74e-12	7.67e-10	1.27e-07	1.29e-05	4.42e-03	1.24e-01	8.72e-01
 1.05254e+23	3.91e-30	3.11e-24	1.65e-19	1.25e-15	2.18e-12	9.23e-10	1.47e-07	1.43e-05	4.73e-03	1.28e-01	8.68e-01
 1.05762e+23	5.61e-30	4.31e-24	2.20e-19	1.60e-15	2.70e-12	1.10e-09	1.69e-07	1.58e-05	5.05e-03	1.32e-01	8.63e-01
 1.06333e+23	8.70e-30	6.37e-24	3.11e-19	2.17e-15	3.49e-12	1.37e-09	2.00e-07	1.78e-05	5.46e-03	1.36e-01	8.58e-01
 1.06912e+23	1.28e-29	8.99e-24	4.22e-19	2.82e-15	4.39e-12	1.65e-09	2.31e-07	1.99e-05	5.85e-03	1.41e-01	8.53e-01
 1.07411e+23	1.83e-29	1.24e-23	5.60e-19	3.61e-15	5.42e-12	1.97e-09	2.65e-07	2.19e-05	6.23e-03	1.45e-01	8.49e-01
 1.07969e+23	2.84e-29	1.84e-23	7.94e-19	4.90e-15	7.04e-12	2.44e-09	3.14e-07	2.48e-05	6.74e-03	1.50e-01	8.43e-01
 1.08552e+23	4.28e-29	2.65e-23	1.10e-18	6.50e-15	8.96e-12	2.98e-09	3.67e-07	2.77e-05	7.24e-03	1.55e-01	8.38e-01
 1.09056e+23	6.07e-29	3.63e-23	1.45e-18	8.27e-15	1.10e-11	3.54e-09	4.19e-07	3.05e-05	7.69e-03	1.59e-01	8.33e-01
 1.09598e+23	9.51e-29	5.42e-23	2.06e-18	1.13e-14	1.43e-11	4.41e-09	4.97e-07	3.45e-05	8.32e-03	1.65e-01	8.27e-01
 1.10144e+23	1.38e-28	7.59e-23	2.78e-18	1.46e-14	1.79e-11	5.30e-09	5.74e-07	3.82e-05	8.88e-03	1.70e-01	8.21e-01
 1.10614e+23	1.94e-28	1.03e-22	3.63e-18	1.84e-14	2.19e-11	6.26e-09	6.53e-07	4.19e-05	9.42e-03	1.74e-01	8.16e-01
 1.11054e+23	2.73e-28	1.39e-22	4.74e-18	2.33e-14	2.67e-11	7.38e-09	7.42e-07	4.59e-05	9.97e-03	1.79e-01	8.11e-01
 1.11463e+23	3.72e-28	1.84e-22	6.07e-18	2.88e-14	3.21e-11	8.59e-09	8.34e-07	4.99e-05	1.05e-02	1.83e-01	8.06e-01
 1.11838e+23	5.00e-28	2.40e-22	7.66e-18	3.53e-14	3.82e-11	9.92e-09	9.32e-07	5.41e-05	1.11e-02	1.87e-01	8.02e-01
 1.12183e+23	6.41e-28	2.99e-22	9.32e-18	4.19e-14	4.42e-11	1.12e-08	1.02e-06	5.78e-05	1.15e-02	1.91e-01	7.98e-01
 1.12570e+23	8.97e-28	4.04e-22	1.21e-17	5.28e-14	5.38e-11	1.32e-08	1.16e-06	6.33e-05	1.22e-02	1.95e-01	7.92e-01
 1.12972e+23	1.22e-27	5.33e-22	1.55e-17	6.53e-14	6.46e-11	1.53e-08	1.30e-06	6.87e-05	1.29e-02	2.00e-01	7.87e-01
 1.13309e+23	1.61e-27	6.81e-22	1.92e-17	7.88e-14	7.58e-11	1.75e-08	1.44e-06	7.39e-05	1.35e-02	2.04e-01	7.83e-01
 1.13616e+23	2.06e-27	8.52e-22	2.35e-17	9.36e-14	8.78e-11	1.97e-08	1.59e-06	7.90e-05	1.40e-02	2.08e-01	7.78e-01
 1.13966e+23	2.85e-27	1.14e-21	3.02e-17	1.17e-13	1.06e-10	2.31e-08	1.79e-06	8.60e-05	1.48e-02	2.12e-01	7.73e-01
 1.14315e+23	3.65e-27	1.42e-21	3.68e-17	1.38e-13	1.23e-10	2.60e-08	1.96e-06	9.19e-05	1.54e-02	2.16e-01	7.68e-01
 1.14662e+23	5.07e-27	1.90e-21	4.76e-17	1.73e-13	1.49e-10	3.05e-08	2.22e-06	1.00e-04	1.63e-02	2.21e-01	7.63e-01
 1.15008e+23	6.57e-27	2.40e-21	5.85e-17	2.07e-13	1.73e-10	3.46e-08	2.44e-06	1.07e-04	1.70e-02	2.25e-01	7.58e-01
 1.15306e+23	8.50e-27	3.03e-21	7.16e-17	2.47e-13	2.01e-10	3.92e-08	2.69e-06	1.15e-04	1.77e-02	2.29e-01	7.53e-01
 1.15648e+23	1.18e-26	4.06e-21	9.28e-17	3.09e-13	2.44e-10	4.59e-08	3.04e-06	1.25e-04	1.87e-02	2.34e-01	7.47e-01
 1.15992e+23	1.57e-26	5.23e-21	1.16e-16	3.75e-13	2.88e-10	5.26e-08	3.37e-06	1.35e-04	1.95e-02	2.39e-01	7.42e-01
 1.16271e+23	1.98e-26	6.45e-21	1.40e-16	4.41e-13	3.30e-10	5.88e-08	3.68e-06	1.43e-04	2.03e-02	2.42e-01	7.37e-01
 1.16562e+23	2.65e-26	8.38e-21	1.76e-16	5.38e-13	3.91e-10	6.77e-08	4.09e-06	1.54e-04	2.12e-02	2.47e-01	7.32e-01
 1.16861e+23	3.38e-26	1.04e-20	2.12e-16	6.35e-13	4.51e-10	7.61e-08	4.48e-06	1.64e-04	2.21e-02	2.51e-01	7.27e-01
 1.17172e+23	4.73e-26	1.41e-20	2.77e-16	7.98e-13	5.48e-10	8.94e-08	5.06e-06	1.79e-04	2.33e-02	2.56e-01	7.20e-01
 1.17477e+23	6.01e-26	1.74e-20	3.34e-16	9.40e-13	6.30e-10	1.00e-07	5.53e-06	1.90e-04	2.42e-02	2.60e-01	7.15e-01
 1.17775e+23	8.51e-26	2.38e-20	4.40e-16	1.19e-12	7.71e-10	1.18e-07	6.27e-06	2.08e-04	2.55e-02	2.66e-01	7.08e-01
 1.18068e+23	1.08e-25	2.94e-20	5.30e-16	1.40e-12	8.85e-10	1.33e-07	6.84e-06	2.21e-04	2.65e-02	2.70e-01	7.03e-01
 1.18355e+23	1.48e-25	3.91e-20	6.81e-16	1.74e-12	1.06e-09	1.54e-07	7.69e-06	2.39e-04	2.78e-02	2.75e-01	6.97e-01
 1.18653e+23	1.96e-25	5.03e-20	8.48e-16	2.10e-12	1.25e-09	1.76e-07	8.51e-06	2.57e-04	2.90e-02	2.80e-01	6.91e-01
 1.18912e+23	2.50e-25	6.25e-20	1.03e-15	2.48e-12	1.44e-09	1.98e-07	9.30e-06	2.73e-04	3.01e-02	2.84e-01	6.85e-01
 1.19195e+23	3.56e-25	8.58e-20	1.36e-15	3.16e-12	1.77e-09	2.34e-07	1.06e-05	2.99e-04	3.18e-02	2.90e-01	6.78e-01
 1.19475e+23	4.54e-25	1.06e-19	1.64e-15	3.72e-12	2.03e-09	2.63e-07	1.15e-05	3.17e-04	3.30e-02	2.94e-01	6.72e-01
 1.19750e+23	6.41e-25	1.45e-19	2.15e-15	4.70e-12	2.48e-09	3.10e-07	1.31e-05	3.46e-04	3.48e-02	3.00e-01	6.65e-01
 1.20021e+23	8.10e-25	1.79e-19	2.58e-15	5.51e-12	2.84e-09	3.46e-07	1.42e-05	3.67e-04	3.60e-02	3.04e-01	6.59e-01
 1.20286e+23	1.15e-24	2.44e-19	3.40e-15	6.98e-12	3.48e-09	4.09e-07	1.61e-05	4.00e-04	3.80e-02	3.10e-01	6.51e-01
 1.20549e+23	1.46e-24	3.03e-19	4.10e-15	8.21e-12	3.99e-09	4.58e-07	1.76e-05	4.25e-04	3.94e-02	3.15e-01	6.45e-01
 1.20810e+23	2.07e-24	4.15e-19	5.40e-15	1.04e-11	4.89e-09	5.41e-07	2.00e-05	4.64e-04	4.15e-02	3.21e-01	6.37e-01
 1.21074e+23	2.67e-24	5.21e-19	6.59e-15	1.24e-11	5.66e-09	6.11e-07	2.19e-05	4.95e-04	4.31e-02	3.25e-01	6.31e-01
 1.21340e+23	3.84e-24	7.20e-19	8.75e-15	1.58e-11	6.97e-09	7.25e-07	2.50e-05	5.41e-04	4.54e-02	3.32e-01	6.22e-01
 1.21608e+23	4.99e-24	9.11e-19	1.08e-14	1.89e-11	8.11e-09	8.22e-07	2.75e-05	5.78e-04	4.73e-02	3.36e-01	6.16e-01
 1.21879e+23	7.14e-24	1.26e-18	1.43e-14	2.40e-11	9.97e-09	9.75e-07	3.13e-05	6.32e-04	4.99e-02	3.43e-01	6.07e-01
 1.22148e+23	9.35e-24	1.60e-18	1.76e-14	2.88e-11	1.16e-08	1.11e-06	3.46e-05	6.76e-04	5.19e-02	3.48e-01	6.00e-01
 1.22413e+23	1.33e-23	2.20e-18	2.33e-14	3.67e-11	1.43e-08	1.31e-06	3.94e-05	7.40e-04	5.47e-02	3.54e-01	5.90e-01
 1.22683e+23	1.77e-23	2.83e-18	2.91e-14	4.44e-11	1.68e-08	1.51e-06	4.37e-05	7.94e-04	5.70e-02	3.59e-01	5.83e-01
 1.22958e+23	2.57e-23	3.95e-18	3.89e-14	5.71e-11	2.09e-08	1.80e-06	5.01e-05	8.72e-04	6.03e-02	3.66e-01	5.73e-01
 1.23236e+23	3.43e-23	5.12e-18	4.88e-14	6.94e-11	2.47e-08	2.07e-06	5.57e-05	9.38e-04	6.29e-02	3.71e-01	5.65e-01
 1.23518e+23	5.00e-23	7.19e-18	6.57e-14	8.97e-11	3.07e-08	2.48e-06	6.41e-05	1.03e-03	6.65e-02	3.78e-01	5.55e-01
 1.23802e+23	6.67e-23	9.31e-18	8.24e-14	1.09e-10	3.63e-08	2.85e-06	7.14e-05	1.11e-03	6.95e-02	3.83e-01	5.46e-01
 1.24047e+23	8.84e-23	1.20e-17	1.03e-13	1.32e-10	4.28e-08	3.27e-06	7.93e-05	1.19e-03	7.24e-02	3.88e-01	5.38e-01
 1.24324e+23	1.27e-22	1.65e-17	1.36e-13	1.68e-10	5.28e-08	3.89e-06	9.08e-05	1.31e-03	7.64e-02	3.94e-01	5.28e-01
 1.24601e+23	1.67e-22	2.12e-17	1.69e-13	2.03e-10	6.20e-08	4.46e-06	1.01e-04	1.40e-03	7.96e-02	3.99e-01	5.20e-01
 1.24879e+23	2.38e-22	2.92e-17	2.24e-13	2.59e-10	7.64e-08	5.31e-06	1.15e-04	1.54e-03	8.39e-02	4.06e-01	5.09e-01
 1.25160e+23	3.10e-22	3.70e-17	2.77e-13	3.10e-10	8.92e-08	6.05e-06	1.28e-04	1.65e-03	8.73e-02	4.10e-01	5.01e-01
 1.25444e+23	4.39e-22	5.06e-17	3.64e-13	3.93e-10	1.10e-07	7.18e-06	1.46e-04	1.81e-03	9.20e-02	4.16e-01	4.90e-01
 1.25735e+23	5.74e-22	6.45e-17	4.51e-13	4.73e-10	1.28e-07	8.21e-06	1.62e-04	1.94e-03	9.58e-02	4.21e-01	4.81e-01
 1.26035e+23	8.18e-22	8.87e-17	5.97e-13	6.02e-10	1.58e-07	9.80e-06	1.86e-04	2.13e-03	1.01e-01	4.27e-01	4.70e-01
 1.26339e+23	1.06e-21	1.12e-16	7.35e-13	7.21e-10	1.85e-07	1.12e-05	2.06e-04	2.28e-03	1.05e-01	4.31e-01	4.61e-01
 1.26651e+23	1.50e-21	1.53e-16	9.66e-13	9.14e-10	2.27e-07	1.33e-05	2.35e-04	2.50e-03	1.11e-01	4.37e-01	4.50e-01
 1.26970e+23	1.96e-21	1.95e-16	1.20e-12	1.10e-09	2.67e-07	1.52e-05	2.61e-04	2.69e-03	1.15e-01	4.41e-01	4.41e-01
 1.27298e+23	2.76e-21	2.65e-16	1.57e-12	1.39e-09	3.28e-07	1.81e-05	2.99e-04	2.95e-03	1.21e-01	4.46e-01	4.29e-01
 1.27627e+23	3.57e-21	3.35e-16	1.93e-12	1.66e-09	3.83e-07	2.06e-05	3.32e-04	3.16e-03	1.26e-01	4.50e-01	4.20e-01
 1.27960e+23	4.95e-21	4.50e-16	2.51e-12	2.09e-09	4.66e-07	2.44e-05	3.78e-04	3.45e-03	1.32e-01	4.55e-01	4.09e-01
 1.28302e+23	6.41e-21	5.69e-16	3.08e-12	2.50e-09	5.45e-07	2.78e-05	4.19e-04	3.70e-03	1.38e-01	4.59e-01	4.00e-01
 1.28598e+23	8.11e-21	7.04e-16	3.73e-12	2.95e-09	6.29e-07	3.14e-05	4.61e-04	3.95e-03	1.43e-01	4.62e-01	3.91e-01
 1.28926e+23	1.09e-20	9.24e-16	4.74e-12	3.63e-09	7.55e-07	3.66e-05	5.20e-04	4.29e-03	1.49e-01	4.65e-01	3.81e-01
 1.29259e+23	1.38e-20	1.14e-15	5.71e-12	4.27e-09	8.70e-07	4.13e-05	5.72e-04	4.57e-03	1.54e-01	4.68e-01	3.72e-01
 1.29596e+23	1.86e-20	1.49e-15	7.26e-12	5.26e-09	1.04e-06	4.81e-05	6.45e-04	4.96e-03	1.61e-01	4.72e-01	3.62e-01
 1.29938e+23	2.33e-20	1.83e-15	8.71e-12	6.17e-09	1.20e-06	5.41e-05	7.07e-04	5.27e-03	1.67e-01	4.74e-01	3.53e-01
 1.30239e+23	2.90e-20	2.24e-15	1.04e-11	7.20e-09	1.37e-06	6.07e-05	7.73e-04	5.60e-03	1.72e-01	4.76e-01	3.45e-01
 1.30581e+23	3.86e-20	2.90e-15	1.31e-11	8.81e-09	1.63e-06	7.04e-05	8.70e-04	6.07e-03	1.80e-01	4.79e-01	3.35e-01
 1.30922e+23	4.72e-20	3.48e-15	1.54e-11	1.02e-08	1.85e-06	7.82e-05	9.44e-04	6.41e-03	1.85e-01	4.80e-01	3.28e-01
 1.31260e+23	6.19e-20	4.45e-15	1.92e-11	1.23e-08	2.19e-06	9.01e-05	1.06e-03	6.91e-03	1.92e-01	4.82e-01	3.18e-01
 1.31604e+23	7.58e-20	5.36e-15	2.27e-11	1.42e-08	2.48e-06	1.00e-04	1.15e-03	7.31e-03	1.98e-01	4.83e-01	3.10e-01
 1.31957e+23	9.93e-20	6.86e-15	2.83e-11	1.72e-08	2.93e-06	1.15e-04	1.28e-03	7.87e-03	2.06e-01	4.85e-01	3.00e-01
 1.32317e+23	1.22e-19	8.27e-15	3.34e-11	1.99e-08	3.33e-06	1.29e-04	1.39e-03	8.33e-03	2.12e-01	4.85e-01	2.93e-01
 1.32685e+23	1.60e-19	1.06e-14	4.16e-11	2.41e-08	3.94e-06	1.48e-04	1.56e-03	8.98e-03	2.20e-01	4.86e-01	2.83e-01
 1.33060e+23	1.97e-19	1.28e-14	4.93e-11	2.79e-08	4.47e-06	1.65e-04	1.70e-03	9.50e-03	2.27e-01	4.87e-01	2.75e-01
 1.33444e+23	2.57e-19	1.63e-14	6.14e-11	3.39e-08	5.29e-06	1.90e-04	1.90e-03	1.02e-02	2.35e-01	4.87e-01	2.66e-01
 1.33820e+23	3.10e-19	1.93e-14	7.14e-11	3.86e-08	5.93e-06	2.09e-04	2.04e-03	1.08e-02	2.41e-01	4.87e-01	2.59e-01
 1.34184e+23	3.98e-19	2.43e-14	8.77e-11	4.62e-08	6.94e-06	2.39e-04	2.27e-03	1.15e-02	2.50e-01	4.86e-01	2.50e-01
 1.34553e+23	4.79e-19	2.88e-14	1.02e-10	5.27e-08	7.77e-06	2.63e-04	2.44e-03	1.21e-02	2.56e-01	4.86e-01	2.44e-01
 1.34930e+23	6.12e-19	3.60e-14	1.25e-10	6.28e-08	9.06e-06	2.99e-04	2.70e-03	1.30e-02	2.64e-01	4.85e-01	2.35e-01
 1.35318e+23	7.47e-19	4.32e-14	1.47e-10	7.24e-08	1.03e-05	3.32e-04	2.93e-03	1.37e-02	2.71e-01	4.84e-01	2.28e-01
 1.35721e+23	9.58e-19	5.42e-14	1.80e-10	8.64e-08	1.20e-05	3.78e-04	3.24e-03	1.46e-02	2.80e-01	4.82e-01	2.20e-01
 1.36137e+23	1.18e-18	6.56e-14	2.13e-10	1.00e-07	1.36e-05	4.21e-04	3.52e-03	1.54e-02	2.87e-01	4.81e-01	2.13e-01
 1.36569e+23	1.53e-18	8.30e-14	2.63e-10	1.20e-07	1.60e-05	4.81e-04	3.91e-03	1.65e-02	2.97e-01	4.78e-01	2.04e-01
 1.37013e+23	1.89e-18	1.01e-13	3.14e-10	1.40e-07	1.82e-05	5.38e-04	4.26e-03	1.75e-02	3.05e-01	4.76e-01	1.97e-01
 1.37472e+23	2.47e-18	1.29e-13	3.90e-10	1.69e-07	2.15e-05	6.16e-04	4.73e-03	1.87e-02	3.14e-01	4.73e-01	1.88e-01
 1.37945e+23	3.08e-18	1.58e-13	4.68e-10	1.99e-07	2.46e-05	6.91e-04	5.16e-03	1.98e-02	3.23e-01	4.70e-01	1.81e-01
 1.38437e+23	4.06e-18	2.03e-13	5.86e-10	2.42e-07	2.91e-05	7.95e-04	5.75e-03	2.13e-02	3.33e-01	4.66e-01	1.73e-01
 1.38946e+23	5.13e-18	2.51e-13	7.09e-10	2.85e-07	3.36e-05	8.96e-04	6.30e-03	2.26e-02	3.42e-01	4.63e-01	1.66e-01
 1.39407e+23	6.44e-18	3.09e-13	8.53e-10	3.35e-07	3.86e-05	1.00e-03	6.88e-03	2.39e-02	3.50e-01	4.59e-01	1.59e-01
 1.39935e+23	8.56e-18	4.00e-13	1.08e-09	4.10e-07	4.60e-05	1.16e-03	7.68e-03	2.57e-02	3.61e-01	4.53e-01	1.51e-01
 1.40474e+23	1.08e-17	4.96e-13	1.31e-09	4.85e-07	5.31e-05	1.31e-03	8.42e-03	2.72e-02	3.70e-01	4.49e-01	1.44e-01
 1.41027e+23	1.45e-17	6.48e-13	1.66e-09	5.96e-07	6.34e-05	1.51e-03	9.41e-03	2.92e-02	3.81e-01	4.42e-01	1.36e-01
 1.41587e+23	1.84e-17	8.05e-13	2.01e-09	7.06e-07	7.34e-05	1.71e-03	1.03e-02	3.10e-02	3.90e-01	4.37e-01	1.30e-01
 1.42157e+23	2.47e-17	1.06e-12	2.57e-09	8.72e-07	8.80e-05	1.99e-03	1.16e-02	3.33e-02	4.02e-01	4.30e-01	1.22e-01
 1.42733e+23	3.13e-17	1.31e-12	3.11e-09	1.03e-06	1.02e-04	2.24e-03	1.27e-02	3.53e-02	4.10e-01	4.23e-01	1.16e-01
 1.43317e+23	4.22e-17	1.72e-12	3.99e-09	1.28e-06	1.23e-04	2.61e-03	1.42e-02	3.80e-02	4.22e-01	4.15e-01	1.08e-01
 1.43904e+23	5.31e-17	2.13e-12	4.82e-09	1.51e-06	1.41e-04	2.94e-03	1.56e-02	4.01e-02	4.31e-01	4.08e-01	1.03e-01
 1.44395e+23	6.52e-17	2.57e-12	5.71e-09	1.75e-06	1.60e-04	3.27e-03	1.69e-02	4.22e-02	4.38e-01	4.01e-01	9.78e-02
 1.44932e+23	8.48e-17	3.28e-12	7.13e-09	2.12e-06	1.90e-04	3.76e-03	1.88e-02	4.51e-02	4.49e-01	3.92e-01	9.13e-02
 1.45462e+23	1.03e-16	3.93e-12	8.38e-09	2.44e-06	2.15e-04	4.16e-03	2.03e-02	4.73e-02	4.56e-01	3.86e-01	8.69e-02
 1.45983e+23	1.32e-16	4.94e-12	1.03e-08	2.93e-06	2.52e-04	4.76e-03	2.24e-02	5.04e-02	4.65e-01	3.76e-01	8.10e-02
 1.46513e+23	1.60e-16	5.92e-12	1.22e-08	3.39e-06	2.85e-04	5.28e-03	2.43e-02	5.29e-02	4.72e-01	3.69e-01	7.67e-02
 1.47055e+23	2.04e-16	7.44e-12	1.50e-08	4.08e-06	3.36e-04	6.06e-03	2.70e-02	5.64e-02	4.81e-01	3.58e-01	7.11e-02
 1.47603e+23	2.47e-16	8.90e-12	1.77e-08	4.71e-06	3.81e-04	6.73e-03	2.92e-02	5.92e-02	4.88e-01	3.50e-01	6.70e-02
 1.48160e+23	3.14e-16	1.12e-11	2.18e-08	5.66e-06	4.49e-04	7.72e-03	3.24e-02	6.31e-02	4.96e-01	3.39e-01	6.18e-02
 1.48727e+23	3.78e-16	1.33e-11	2.57e-08	6.55e-06	5.11e-04	8.62e-03	3.52e-02	6.63e-02	5.02e-01	3.29e-01	5.77e-02
 1.49307e+23	4.76e-16	1.66e-11	3.17e-08	7.88e-06	6.02e-04	9.92e-03	3.92e-02	7.08e-02	5.10e-01	3.17e-01	5.28e-02
 1.49899e+23	5.70e-16	1.98e-11	3.73e-08	9.12e-06	6.86e-04	1.11e-02	4.26e-02	7.45e-02	5.15e-01	3.07e-01	4.90e-02
 1.50504e+23	7.08e-16	2.45e-11	4.57e-08	1.10e-05	8.10e-04	1.28e-02	4.75e-02	7.95e-02	5.21e-01	2.94e-01	4.43e-02
 1.51117e+23	8.35e-16	2.88e-11	5.35e-08	1.26e-05	9.22e-04	1.43e-02	5.16e-02	8.36e-02	5.25e-01	2.83e-01	4.09e-02
 1.51634e+23	9.63e-16	3.33e-11	6.14e-08	1.43e-05	1.03e-03	1.58e-02	5.56e-02	8.75e-02	5.29e-01	2.74e-01	3.79e-02
 1.52201e+23	1.14e-15	3.96e-11	7.30e-08	1.68e-05	1.20e-03	1.79e-02	6.13e-02	9.27e-02	5.32e-01	2.61e-01	3.42e-02
 1.52771e+23	1.29e-15	4.51e-11	8.31e-08	1.89e-05	1.34e-03	1.97e-02	6.59e-02	9.68e-02	5.34e-01	2.51e-01	3.16e-02
 1.53327e+23	1.48e-15	5.24e-11	9.68e-08	2.19e-05	1.53e-03	2.21e-02	7.20e-02	1.02e-01	5.35e-01	2.38e-01	2.85e-02
 1.53894e+23	1.66e-15	5.91e-11	1.10e-07	2.46e-05	1.71e-03	2.44e-02	7.73e-02	1.07e-01	5.36e-01	2.28e-01	2.61e-02
 1.54451e+23	1.85e-15	6.71e-11	1.26e-07	2.80e-05	1.93e-03	2.72e-02	8.39e-02	1.12e-01	5.35e-01	2.16e-01	2.35e-02
 1.55020e+23	2.02e-15	7.48e-11	1.41e-07	3.14e-05	2.16e-03	2.99e-02	9.01e-02	1.17e-01	5.34e-01	2.06e-01	2.14e-02
 1.55577e+23	2.20e-15	8.32e-11	1.59e-07	3.53e-05	2.42e-03	3.30e-02	9.69e-02	1.22e-01	5.32e-01	1.95e-01	1.92e-02
 1.56141e+23	2.36e-15	9.15e-11	1.78e-07	3.94e-05	2.69e-03	3.63e-02	1.04e-01	1.27e-01	5.28e-01	1.85e-01	1.74e-02
 1.56697e+23	2.51e-15	1.00e-10	1.98e-07	4.38e-05	2.99e-03	3.97e-02	1.11e-01	1.32e-01	5.24e-01	1.74e-01	1.56e-02
 1.57252e+23	2.65e-15	1.09e-10	2.19e-07	4.86e-05	3.31e-03	4.34e-02	1.18e-01	1.37e-01	5.20e-01	1.65e-01	1.41e-02
 1.57808e+23	2.77e-15	1.18e-10	2.42e-07	5.39e-05	3.66e-03	4.73e-02	1.25e-01	1.42e-01	5.14e-01	1.55e-01	1.26e-02
 1.58365e+23	2.88e-15	1.27e-10	2.67e-07	5.96e-05	4.04e-03	5.14e-02	1.33e-01	1.47e-01	5.07e-01	1.46e-01	1.13e-02
 1.58925e+23	2.98e-15	1.36e-10	2.94e-07	6.59e-05	4.45e-03	5.59e-02	1.41e-01	1.52e-01	5.00e-01	1.37e-01	1.01e-02
 1.59489e+23	3.06e-15	1.45e-10	3.23e-07	7.28e-05	4.91e-03	6.06e-02	1.49e-01	1.56e-01	4.92e-01	1.28e-01	9.03e-03
 1.60058e+23	3.14e-15	1.56e-10	3.55e-07	8.05e-05	5.41e-03	6.56e-02	1.57e-01	1.61e-01	4.84e-01	1.20e-01	8.04e-03
 1.60631e+23	3.21e-15	1.66e-10	3.90e-07	8.91e-05	5.95e-03	7.09e-02	1.64e-01	1.65e-01	4.74e-01	1.12e-01	7.16e-03
 1.61212e+23	3.27e-15	1.78e-10	4.31e-07	9.89e-05	6.57e-03	7.67e-02	1.73e-01	1.70e-01	4.64e-01	1.04e-01	6.33e-03
 1.61799e+23	3.34e-15	1.90e-10	4.75e-07	1.10e-04	7.23e-03	8.27e-02	1.81e-01	1.74e-01	4.53e-01	9.69e-02	5.61e-03
 1.62397e+23	3.41e-15	2.05e-10	5.28e-07	1.23e-04	8.00e-03	8.93e-02	1.89e-01	1.78e-01	4.41e-01	8.96e-02	4.93e-03
 1.63006e+23	3.50e-15	2.20e-10	5.87e-07	1.37e-04	8.83e-03	9.62e-02	1.97e-01	1.81e-01	4.29e-01	8.29e-02	4.34e-03
 1.63563e+23	3.58e-15	2.35e-10	6.43e-07	1.50e-04	9.60e-03	1.02e-01	2.04e-01	1.84e-01	4.19e-01	7.76e-02	3.90e-03
 1.64145e+23	3.67e-15	2.56e-10	7.24e-07	1.70e-04	1.07e-02	1.10e-01	2.12e-01	1.87e-01	4.05e-01	7.11e-02	3.39e-03
 1.64736e+23	3.80e-15	2.76e-10	8.00e-07	1.87e-04	1.16e-02	1.17e-01	2.19e-01	1.89e-01	3.94e-01	6.62e-02	3.03e-03
 1.65344e+23	3.96e-15	3.05e-10	9.13e-07	2.14e-04	1.30e-02	1.27e-01	2.27e-01	1.92e-01	3.79e-01	6.03e-02	2.61e-03
 1.65955e+23	4.12e-15	3.31e-10	1.02e-06	2.37e-04	1.41e-02	1.34e-01	2.33e-01	1.94e-01	3.67e-01	5.59e-02	2.32e-03
 1.66571e+23	4.34e-15	3.69e-10	1.17e-06	2.72e-04	1.58e-02	1.44e-01	2.41e-01	1.95e-01	3.51e-01	5.07e-02	1.99e-03
 1.67188e+23	4.59e-15	4.06e-10	1.31e-06	3.02e-04	1.72e-02	1.53e-01	2.46e-01	1.96e-01	3.39e-01	4.69e-02	1.77e-03
 1.67807e+23	4.92e-15	4.58e-10	1.52e-06	3.47e-04	1.91e-02	1.64e-01	2.53e-01	1.97e-01	3.23e-01	4.24e-02	1.51e-03
 1.68433e+23	5.27e-15	5.09e-10	1.71e-06	3.88e-04	2.08e-02	1.73e-01	2.58e-01	1.97e-01	3.11e-01	3.91e-02	1.34e-03
 1.69067e+23	5.76e-15	5.83e-10	2.00e-06	4.48e-04	2.32e-02	1.85e-01	2.64e-01	1.96e-01	2.95e-01	3.51e-02	1.14e-03
 1.69708e+23	6.27e-15	6.56e-10	2.28e-06	5.02e-04	2.53e-02	1.95e-01	2.68e-01	1.95e-01	2.82e-01	3.22e-02	1.00e-03
 1.70361e+23	7.01e-15	7.64e-10	2.69e-06	5.82e-04	2.82e-02	2.08e-01	2.74e-01	1.94e-01	2.66e-01	2.87e-02	8.43e-04
 1.71024e+23	7.79e-15	8.71e-10	3.09e-06	6.56e-04	3.08e-02	2.19e-01	2.77e-01	1.92e-01	2.54e-01	2.62e-02	7.37e-04
 1.71703e+23	8.94e-15	1.03e-09	3.70e-06	7.65e-04	3.44e-02	2.33e-01	2.81e-01	1.90e-01	2.38e-01	2.31e-02	6.15e-04
 1.72397e+23	1.02e-14	1.20e-09	4.29e-06	8.66e-04	3.75e-02	2.45e-01	2.84e-01	1.87e-01	2.25e-01	2.09e-02	5.32e-04
 1.73110e+23	1.20e-14	1.45e-09	5.20e-06	1.02e-03	4.20e-02	2.60e-01	2.86e-01	1.83e-01	2.09e-01	1.83e-02	4.39e-04
 1.73839e+23	1.40e-14	1.71e-09	6.07e-06	1.16e-03	4.59e-02	2.73e-01	2.88e-01	1.79e-01	1.96e-01	1.64e-02	3.77e-04
 1.74453e+23	1.60e-14	1.98e-09	6.98e-06	1.29e-03	4.95e-02	2.84e-01	2.88e-01	1.76e-01	1.86e-01	1.49e-02	3.28e-04
 1.75116e+23	1.93e-14	2.40e-09	8.36e-06	1.50e-03	5.46e-02	2.98e-01	2.89e-01	1.71e-01	1.72e-01	1.31e-02	2.73e-04
 1.75763e+23	2.23e-14	2.77e-09	9.53e-06	1.66e-03	5.85e-02	3.09e-01	2.89e-01	1.67e-01	1.63e-01	1.19e-02	2.39e-04
 1.76387e+23	2.69e-14	3.34e-09	1.13e-05	1.90e-03	6.40e-02	3.23e-01	2.88e-01	1.62e-01	1.51e-01	1.05e-02	2.01e-04
 1.77018e+23	3.14e-14	3.87e-09	1.29e-05	2.10e-03	6.84e-02	3.33e-01	2.86e-01	1.58e-01	1.42e-01	9.54e-03	1.75e-04
 1.77656e+23	3.86e-14	4.71e-09	1.54e-05	2.41e-03	7.46e-02	3.46e-01	2.84e-01	1.52e-01	1.31e-01	8.37e-03	1.46e-04
 1.78303e+23	4.57e-14	5.50e-09	1.76e-05	2.67e-03	7.96e-02	3.57e-01	2.82e-01	1.48e-01	1.23e-01	7.55e-03	1.27e-04
 1.78962e+23	5.71e-14	6.76e-09	2.10e-05	3.05e-03	8.67e-02	3.70e-01	2.79e-01	1.42e-01	1.13e-01	6.57e-03	1.05e-04
 1.79630e+23	6.85e-14	7.95e-09	2.41e-05	3.38e-03	9.24e-02	3.80e-01	2.76e-01	1.37e-01	1.06e-01	5.90e-03	9.04e-05
 1.80311e+23	8.70e-14	9.85e-09	2.89e-05	3.87e-03	1.00e-01	3.93e-01	2.71e-01	1.30e-01	9.62e-02	5.09e-03	7.40e-05
 1.81003e+23	1.05e-13	1.17e-08	3.32e-05	4.29e-03	1.07e-01	4.02e-01	2.67e-01	1.25e-01	8.94e-02	4.54e-03	6.34e-05
 1.81710e+23	1.36e-13	1.46e-08	4.00e-05	4.91e-03	1.16e-01	4.15e-01	2.61e-01	1.18e-01	8.08e-02	3.88e-03	5.13e-05
 1.82431e+23	1.67e-13	1.74e-08	4.61e-05	5.44e-03	1.23e-01	4.24e-01	2.56e-01	1.13e-01	7.46e-02	3.44e-03	4.35e-05
 1.83171e+23	2.20e-13	2.20e-08	5.58e-05	6.24e-03	1.34e-01	4.35e-01	2.49e-01	1.06e-01	6.68e-02	2.91e-03	3.48e-05
 1.83931e+23	2.74e-13	2.65e-08	6.48e-05	6.95e-03	1.42e-01	4.43e-01	2.43e-01	1.01e-01	6.11e-02	2.54e-03	2.91e-05
 1.84715e+23	3.67e-13	3.38e-08	7.87e-05	7.97e-03	1.54e-01	4.53e-01	2.35e-01	9.38e-02	5.43e-02	2.13e-03	2.30e-05
 1.85511e+23	4.61e-13	4.09e-08	9.15e-05	8.86e-03	1.63e-01	4.60e-01	2.28e-01	8.85e-02	4.94e-02	1.85e-03	1.91e-05
 1.86320e+23	6.23e-13	5.24e-08	1.11e-04	1.02e-02	1.76e-01	4.68e-01	2.19e-01	8.18e-02	4.35e-02	1.53e-03	1.49e-05
 1.87139e+23	7.85e-13	6.35e-08	1.29e-04	1.13e-02	1.86e-01	4.73e-01	2.12e-01	7.68e-02	3.94e-02	1.33e-03	1.23e-05
 1.87970e+23	1.07e-12	8.18e-08	1.57e-04	1.29e-02	2.00e-01	4.79e-01	2.02e-01	7.05e-02	3.44e-02	1.09e-03	9.49e-06
 1.88813e+23	1.36e-12	9.92e-08	1.83e-04	1.42e-02	2.11e-01	4.82e-01	1.94e-01	6.58e-02	3.10e-02	9.35e-04	7.77e-06
 1.89554e+23	1.72e-12	1.20e-07	2.12e-04	1.57e-02	2.23e-01	4.85e-01	1.87e-01	6.14e-02	2.78e-02	8.00e-04	6.35e-06
 1.90399e+23	2.33e-12	1.54e-07	2.56e-04	1.78e-02	2.37e-01	4.87e-01	1.77e-01	5.60e-02	2.42e-02	6.55e-04	4.89e-06
 1.91259e+23	3.00e-12	1.88e-07	2.98e-04	1.98e-02	2.50e-01	4.88e-01	1.69e-01	5.18e-02	2.16e-02	5.54e-04	3.93e-06
 1.91959e+23	3.69e-12	2.22e-07	3.38e-04	2.15e-02	2.60e-01	4.87e-01	1.62e-01	4.85e-02	1.95e-02	4.81e-04	3.28e-06
 1.92686e+23	4.72e-12	2.71e-07	3.93e-04	2.37e-02	2.73e-01	4.87e-01	1.54e-01	4.47e-02	1.74e-02	4.07e-04	2.64e-06
 1.93449e+23	5.88e-12	3.23e-07	4.48e-04	2.58e-02	2.84e-01	4.85e-01	1.47e-01	4.16e-02	1.56e-02	3.50e-04	2.17e-06
 1.94149e+23	7.29e-12	3.83e-07	5.10e-04	2.80e-02	2.95e-01	4.83e-01	1.40e-01	3.86e-02	1.40e-02	3.01e-04	1.78e-06
 1.94948e+23	9.54e-12	4.75e-07	5.98e-04	3.11e-02	3.09e-01	4.79e-01	1.32e-01	3.52e-02	1.22e-02	2.49e-04	1.40e-06
 1.95768e+23	1.21e-11	5.74e-07	6.88e-04	3.40e-02	3.22e-01	4.75e-01	1.25e-01	3.23e-02	1.08e-02	2.09e-04	1.12e-06
 1.96487e+23	1.50e-11	6.79e-07	7.80e-04	3.68e-02	3.33e-01	4.71e-01	1.19e-01	2.99e-02	9.71e-03	1.79e-04	9.17e-07
 1.97295e+23	1.95e-11	8.37e-07	9.10e-04	4.05e-02	3.47e-01	4.65e-01	1.11e-01	2.71e-02	8.44e-03	1.48e-04	7.15e-07
 1.98143e+23	2.50e-11	1.02e-06	1.05e-03	4.43e-02	3.60e-01	4.58e-01	1.04e-01	2.47e-02	7.40e-03	1.23e-04	5.65e-07
 1.98912e+23	3.12e-11	1.21e-06	1.19e-03	4.79e-02	3.72e-01	4.51e-01	9.82e-02	2.27e-02	6.56e-03	1.04e-04	4.56e-07
 1.99779e+23	4.13e-11	1.51e-06	1.40e-03	5.29e-02	3.86e-01	4.42e-01	9.10e-02	2.04e-02	5.62e-03	8.39e-05	3.48e-07
 2.00674e+23	5.31e-11	1.83e-06	1.62e-03	5.77e-02	3.99e-01	4.34e-01	8.47e-02	1.84e-02	4.89e-03	6.91e-05	2.71e-07
 2.01470e+23	6.65e-11	2.19e-06	1.84e-03	6.23e-02	4.10e-01	4.25e-01	7.93e-02	1.68e-02	4.30e-03	5.78e-05	2.16e-07
 2.02370e+23	8.82e-11	2.73e-06	2.16e-03	6.85e-02	4.24e-01	4.14e-01	7.28e-02	1.49e-02	3.65e-03	4.62e-05	1.63e-07
 2.03306e+23	1.14e-10	3.32e-06	2.49e-03	7.46e-02	4.37e-01	4.03e-01	6.72e-02	1.34e-02	3.14e-03	3.76e-05	1.25e-07
 2.04148e+23	1.44e-10	3.99e-06	2.84e-03	8.06e-02	4.47e-01	3.92e-01	6.23e-02	1.21e-02	2.73e-03	3.10e-05	0.00e+00
 2.05104e+23	1.94e-10	5.03e-06	3.35e-03	8.87e-02	4.61e-01	3.78e-01	5.64e-02	1.06e-02	2.27e-03	2.41e-05	0.00e+00
 2.06088e+23	2.51e-10	6.13e-06	3.85e-03	9.61e-02	4.71e-01	3.66e-01	5.18e-02	9.48e-03	1.94e-03	1.95e-05	0.00e+00
 2.06974e+23	3.20e-10	7.40e-06	4.41e-03	1.04e-01	4.81e-01	3.53e-01	4.75e-02	8.48e-03	1.66e-03	1.58e-05	0.00e+00
 2.07991e+23	4.38e-10	9.41e-06	5.23e-03	1.14e-01	4.92e-01	3.37e-01	4.24e-02	7.33e-03	1.36e-03	1.20e-05	0.00e+00
 2.09020e+23	5.67e-10	1.15e-05	6.01e-03	1.23e-01	5.01e-01	3.23e-01	3.85e-02	6.49e-03	1.15e-03	9.57e-06	0.00e+00
 2.10065e+23	7.74e-10	1.46e-05	7.11e-03	1.35e-01	5.10e-01	3.07e-01	3.42e-02	5.58e-03	9.34e-04	7.24e-06	0.00e+00
 2.11122e+23	1.00e-09	1.77e-05	8.15e-03	1.45e-01	5.17e-01	2.93e-01	3.08e-02	4.91e-03	7.85e-04	5.72e-06	0.00e+00
 2.12196e+23	1.38e-09	2.26e-05	9.67e-03	1.59e-01	5.24e-01	2.75e-01	2.70e-02	4.18e-03	6.28e-04	4.24e-06	0.00e+00
 2.13279e+23	1.78e-09	2.75e-05	1.11e-02	1.71e-01	5.28e-01	2.61e-01	2.43e-02	3.66e-03	5.25e-04	3.33e-06	0.00e+00
 2.14376e+23	2.47e-09	3.52e-05	1.31e-02	1.86e-01	5.32e-01	2.44e-01	2.11e-02	3.09e-03	4.15e-04	2.44e-06	0.00e+00
 2.15485e+23	3.18e-09	4.26e-05	1.49e-02	1.99e-01	5.34e-01	2.30e-01	1.88e-02	2.70e-03	3.44e-04	1.90e-06	0.00e+00
 2.16608e+23	4.41e-09	5.45e-05	1.77e-02	2.16e-01	5.35e-01	2.13e-01	1.62e-02	2.25e-03	2.70e-04	1.37e-06	0.00e+00
 2.17746e+23	5.70e-09	6.61e-05	2.02e-02	2.30e-01	5.34e-01	1.99e-01	1.43e-02	1.95e-03	2.21e-04	1.06e-06	0.00e+00
 2.18903e+23	7.92e-09	8.46e-05	2.38e-02	2.49e-01	5.31e-01	1.83e-01	1.22e-02	1.62e-03	1.71e-04	7.50e-07	0.00e+00
 2.20040e+23	1.01e-08	1.01e-04	2.69e-02	2.63e-01	5.27e-01	1.71e-01	1.08e-02	1.40e-03	1.41e-04	5.81e-07	0.00e+00
 2.21149e+23	1.38e-08	1.28e-04	3.14e-02	2.82e-01	5.20e-01	1.56e-01	9.18e-03	1.16e-03	1.09e-04	4.15e-07	0.00e+00
 2.22218e+23	1.70e-08	1.50e-04	3.48e-02	2.95e-01	5.15e-01	1.46e-01	8.20e-03	1.02e-03	9.15e-05	3.28e-07	0.00e+00
 2.23234e+23	2.26e-08	1.84e-04	3.99e-02	3.13e-01	5.06e-01	1.33e-01	7.03e-03	8.56e-04	7.20e-05	2.40e-07	0.00e+00
 2.24250e+23	2.79e-08	2.15e-04	4.43e-02	3.26e-01	4.98e-01	1.24e-01	6.24e-03	7.47e-04	5.99e-05	1.88e-07	0.00e+00
 2.25265e+23	3.62e-08	2.61e-04	5.02e-02	3.43e-01	4.87e-01	1.13e-01	5.37e-03	6.29e-04	4.75e-05	1.39e-07	0.00e+00
 2.26316e+23	4.58e-08	3.10e-04	5.61e-02	3.58e-01	4.76e-01	1.04e-01	4.67e-03	5.38e-04	3.84e-05	0.00e+00	0.00e+00
 2.27257e+23	5.66e-08	3.62e-04	6.20e-02	3.71e-01	4.66e-01	9.58e-02	4.11e-03	4.65e-04	3.15e-05	0.00e+00	0.00e+00
 2.28324e+23	7.43e-08	4.42e-04	7.04e-02	3.89e-01	4.51e-01	8.61e-02	3.47e-03	3.84e-04	2.44e-05	0.00e+00	0.00e+00
 2.29410e+23	9.31e-08	5.20e-04	7.81e-02	4.02e-01	4.37e-01	7.84e-02	3.00e-03	3.26e-04	1.96e-05	0.00e+00	0.00e+00
 2.30375e+23	1.15e-07	6.07e-04	8.61e-02	4.15e-01	4.24e-01	7.16e-02	2.61e-03	2.79e-04	1.59e-05	0.00e+00	0.00e+00
 2.31309e+23	1.41e-07	7.01e-04	9.43e-02	4.27e-01	4.10e-01	6.55e-02	2.29e-03	2.39e-04	1.30e-05	0.00e+00	0.00e+00
 2.32171e+23	1.69e-07	8.01e-04	1.02e-01	4.37e-01	3.97e-01	6.02e-02	2.01e-03	2.08e-04	1.07e-05	0.00e+00	0.00e+00
 2.33114e+23	2.11e-07	9.38e-04	1.13e-01	4.49e-01	3.81e-01	5.42e-02	1.73e-03	1.75e-04	8.53e-06	0.00e+00	0.00e+00
 2.34071e+23	2.54e-07	1.07e-03	1.22e-01	4.58e-01	3.67e-01	4.94e-02	1.51e-03	1.50e-04	6.98e-06	0.00e+00	0.00e+00
 2.34906e+23	3.03e-07	1.21e-03	1.32e-01	4.66e-01	3.54e-01	4.52e-02	1.33e-03	1.30e-04	5.76e-06	0.00e+00	0.00e+00
 2.35854e+23	3.75e-07	1.42e-03	1.45e-01	4.75e-01	3.37e-01	4.03e-02	1.13e-03	1.08e-04	4.53e-06	0.00e+00	0.00e+00
 2.36819e+23	4.50e-07	1.61e-03	1.57e-01	4.82e-01	3.22e-01	3.65e-02	9.80e-04	9.20e-05	3.68e-06	0.00e+00	0.00e+00
 2.37672e+23	5.35e-07	1.82e-03	1.68e-01	4.88e-01	3.08e-01	3.31e-02	8.55e-04	7.88e-05	3.01e-06	0.00e+00	0.00e+00
 2.38646e+23	6.63e-07	2.12e-03	1.84e-01	4.94e-01	2.90e-01	2.92e-02	7.19e-04	6.47e-05	2.33e-06	0.00e+00	0.00e+00
 2.39635e+23	7.92e-07	2.40e-03	1.98e-01	4.98e-01	2.75e-01	2.62e-02	6.20e-04	5.46e-05	1.87e-06	0.00e+00	0.00e+00
 2.40508e+23	9.40e-07	2.70e-03	2.12e-01	5.01e-01	2.61e-01	2.35e-02	5.36e-04	4.63e-05	1.51e-06	0.00e+00	0.00e+00
 2.41510e+23	1.16e-06	3.13e-03	2.30e-01	5.03e-01	2.43e-01	2.05e-02	4.46e-04	3.74e-05	1.15e-06	0.00e+00	0.00e+00
 2.42528e+23	1.38e-06	3.53e-03	2.46e-01	5.03e-01	2.29e-01	1.82e-02	3.81e-04	3.12e-05	9.16e-07	0.00e+00	0.00e+00
 2.43566e+23	1.71e-06	4.09e-03	2.67e-01	5.02e-01	2.11e-01	1.56e-02	3.13e-04	2.49e-05	6.88e-07	0.00e+00	0.00e+00
 2.44615e+23	2.04e-06	4.62e-03	2.85e-01	5.00e-01	1.97e-01	1.37e-02	2.65e-04	2.05e-05	5.39e-07	0.00e+00	0.00e+00
 2.45538e+23	2.41e-06	5.17e-03	3.03e-01	4.96e-01	1.83e-01	1.21e-02	2.25e-04	1.70e-05	4.25e-07	0.00e+00	0.00e+00
 2.46597e+23	2.99e-06	5.97e-03	3.27e-01	4.90e-01	1.67e-01	1.02e-02	1.82e-04	1.33e-05	3.12e-07	0.00e+00	0.00e+00
 2.47667e+23	3.52e-06	6.67e-03	3.46e-01	4.84e-01	1.54e-01	8.95e-03	1.54e-04	1.09e-05	2.45e-07	0.00e+00	0.00e+00
 2.48754e+23	4.33e-06	7.65e-03	3.71e-01	4.75e-01	1.39e-01	7.51e-03	1.23e-04	8.42e-06	1.78e-07	0.00e+00	0.00e+00
 2.49867e+23	5.15e-06	8.59e-03	3.93e-01	4.65e-01	1.27e-01	6.43e-03	1.02e-04	6.73e-06	1.35e-07	0.00e+00	0.00e+00
 2.50864e+23	6.08e-06	9.58e-03	4.14e-01	4.55e-01	1.16e-01	5.53e-03	8.47e-05	5.41e-06	0.00e+00	0.00e+00	0.00e+00
 2.52008e+23	7.48e-06	1.10e-02	4.41e-01	4.41e-01	1.03e-01	4.54e-03	6.67e-05	4.07e-06	0.00e+00	0.00e+00	0.00e+00
 2.53179e+23	8.89e-06	1.23e-02	4.64e-01	4.27e-01	9.24e-02	3.82e-03	5.42e-05	3.18e-06	0.00e+00	0.00e+00	0.00e+00
 2.54225e+23	1.05e-05	1.36e-02	4.87e-01	4.13e-01	8.31e-02	3.23e-03	4.43e-05	2.50e-06	0.00e+00	0.00e+00	0.00e+00
 2.55124e+23	1.18e-05	1.47e-02	5.03e-01	4.03e-01	7.67e-02	2.85e-03	3.82e-05	2.09e-06	0.00e+00	0.00e+00	0.00e+00
 2.55996e+23	1.37e-05	1.62e-02	5.23e-01	3.89e-01	6.91e-02	2.42e-03	3.15e-05	1.66e-06	0.00e+00	0.00e+00	0.00e+00
 2.56882e+23	1.55e-05	1.75e-02	5.40e-01	3.77e-01	6.32e-02	2.11e-03	2.68e-05	1.37e-06	0.00e+00	0.00e+00	0.00e+00
 2.57787e+23	1.80e-05	1.92e-02	5.61e-01	3.62e-01	5.64e-02	1.78e-03	2.19e-05	1.08e-06	0.00e+00	0.00e+00	0.00e+00
 2.58704e+23	2.03e-05	2.07e-02	5.77e-01	3.49e-01	5.13e-02	1.54e-03	1.85e-05	8.78e-07	0.00e+00	0.00e+00	0.00e+00
 2.59635e+23	2.36e-05	2.27e-02	5.98e-01	3.33e-01	4.54e-02	1.28e-03	1.50e-05	6.80e-07	0.00e+00	0.00e+00	0.00e+00
 2.60578e+23	2.67e-05	2.45e-02	6.14e-01	3.19e-01	4.10e-02	1.10e-03	1.25e-05	5.49e-07	0.00e+00	0.00e+00	0.00e+00
 2.61534e+23	3.09e-05	2.68e-02	6.34e-01	3.03e-01	3.59e-02	9.09e-04	1.01e-05	4.19e-07	0.00e+00	0.00e+00	0.00e+00
 2.62504e+23	3.50e-05	2.88e-02	6.49e-01	2.89e-01	3.22e-02	7.73e-04	8.35e-06	3.35e-07	0.00e+00	0.00e+00	0.00e+00
 2.63493e+23	4.07e-05	3.16e-02	6.68e-01	2.72e-01	2.79e-02	6.30e-04	6.60e-06	2.51e-07	0.00e+00	0.00e+00	0.00e+00
 2.64493e+23	4.60e-05	3.39e-02	6.83e-01	2.58e-01	2.48e-02	5.32e-04	5.44e-06	1.99e-07	0.00e+00	0.00e+00	0.00e+00
 2.65510e+23	5.35e-05	3.71e-02	7.00e-01	2.41e-01	2.13e-02	4.29e-04	4.25e-06	1.47e-07	0.00e+00	0.00e+00	0.00e+00
 2.66548e+23	6.05e-05	3.99e-02	7.14e-01	2.27e-01	1.87e-02	3.59e-04	3.47e-06	0.00e+00	0.00e+00	0.00e+00	0.00e+00
 2.67612e+23	7.05e-05	4.36e-02	7.30e-01	2.11e-01	1.59e-02	2.85e-04	2.67e-06	0.00e+00	0.00e+00	0.00e+00	0.00e+00
 2.68706e+23	8.04e-05	4.70e-02	7.42e-01	1.97e-01	1.38e-02	2.34e-04	2.13e-06	0.00e+00	0.00e+00	0.00e+00	0.00e+00
 2.69838e+23	9.45e-05	5.16e-02	7.57e-01	1.80e-01	1.15e-02	1.82e-04	1.61e-06	0.00e+00	0.00e+00	0.00e+00	0.00e+00
 2.70974e+23	1.07e-04	5.55e-02	7.67e-01	1.67e-01	9.88e-03	1.49e-04	1.27e-06	0.00e+00	0.00e+00	0.00e+00	0.00e+00
 2.72116e+23	1.26e-04	6.06e-02	7.79e-01	1.52e-01	8.15e-03	1.15e-04	9.52e-07	0.00e+00	0.00e+00	0.00e+00	0.00e+00
 2.73274e+23	1.43e-04	6.52e-02	7.87e-01	1.40e-01	6.97e-03	9.35e-05	7.50e-07	0.00e+00	0.00e+00	0.00e+00	0.00e+00
 2.74454e+23	1.68e-04	7.12e-02	7.96e-01	1.26e-01	5.68e-03	7.14e-05	5.52e-07	0.00e+00	0.00e+00	0.00e+00	0.00e+00
 2.75651e+23	1.92e-04	7.66e-02	8.03e-01	1.16e-01	4.79e-03	5.72e-05	4.27e-07	0.00e+00	0.00e+00	0.00e+00	0.00e+00
 2.76872e+23	2.27e-04	8.38e-02	8.09e-01	1.03e-01	3.84e-03	4.30e-05	3.08e-07	0.00e+00	0.00e+00	0.00e+00	0.00e+00
