#depth	N	N+	N+2	N+3	N+4	N+5	N+6	N+7
 1.54284e+22	0.00e+00	0.00e+00	9.88e-24	2.22e-18	1.78e-13	3.37e-08	3.72e-04	1.00e+00
 3.46970e+22	0.00e+00	5.31e-29	7.81e-23	1.18e-17	6.38e-13	7.74e-08	5.60e-04	9.99e-01
 4.08600e+22	0.00e+00	2.25e-28	2.62e-22	3.19e-17	1.36e-12	1.27e-07	7.14e-04	9.99e-01
 4.50412e+22	0.00e+00	7.16e-28	6.93e-22	7.01e-17	2.49e-12	1.88e-07	8.65e-04	9.99e-01
 4.73641e+22	0.00e+00	9.60e-28	8.87e-22	8.57e-17	2.91e-12	2.08e-07	9.08e-04	9.99e-01
 4.82841e+22	0.00e+00	1.27e-27	1.12e-21	1.04e-16	3.37e-12	2.29e-07	9.52e-04	9.99e-01
 4.93316e+22	0.00e+00	1.82e-27	1.52e-21	1.32e-16	4.06e-12	2.59e-07	1.01e-03	9.99e-01
 5.03846e+22	0.00e+00	2.42e-27	1.93e-21	1.62e-16	4.73e-12	2.86e-07	1.06e-03	9.99e-01
 5.12206e+22	0.00e+00	3.11e-27	2.38e-21	1.91e-16	5.39e-12	3.11e-07	1.10e-03	9.99e-01
 5.19643e+22	0.00e+00	3.90e-27	2.89e-21	2.24e-16	6.08e-12	3.37e-07	1.15e-03	9.99e-01
 5.28117e+22	0.00e+00	5.10e-27	3.62e-21	2.69e-16	7.01e-12	3.69e-07	1.20e-03	9.99e-01
 5.37351e+22	0.00e+00	6.67e-27	4.53e-21	3.24e-16	8.09e-12	4.05e-07	1.25e-03	9.99e-01
 5.45875e+22	0.00e+00	8.68e-27	5.65e-21	3.88e-16	9.28e-12	4.43e-07	1.31e-03	9.99e-01
 5.53679e+22	0.00e+00	1.09e-26	6.87e-21	4.56e-16	1.05e-11	4.80e-07	1.36e-03	9.99e-01
 5.62248e+22	0.00e+00	1.44e-26	8.66e-21	5.51e-16	1.22e-11	5.29e-07	1.43e-03	9.99e-01
 5.71389e+22	0.00e+00	1.89e-26	1.09e-20	6.63e-16	1.40e-11	5.80e-07	1.49e-03	9.99e-01
 5.79614e+22	0.00e+00	2.41e-26	1.34e-20	7.86e-16	1.60e-11	6.32e-07	1.56e-03	9.98e-01
 5.87339e+22	0.00e+00	3.06e-26	1.63e-20	9.25e-16	1.81e-11	6.85e-07	1.62e-03	9.98e-01
 5.94538e+22	1.85e-33	3.77e-26	1.95e-20	1.07e-15	2.03e-11	7.37e-07	1.68e-03	9.98e-01
 6.02359e+22	2.47e-33	4.84e-26	2.40e-20	1.27e-15	2.32e-11	8.04e-07	1.75e-03	9.98e-01
 6.10615e+22	3.26e-33	6.16e-26	2.94e-20	1.50e-15	2.63e-11	8.73e-07	1.82e-03	9.98e-01
 6.17922e+22	4.21e-33	7.67e-26	3.54e-20	1.74e-15	2.96e-11	9.42e-07	1.89e-03	9.98e-01
 6.25906e+22	5.67e-33	9.93e-26	4.40e-20	2.08e-15	3.40e-11	1.03e-06	1.97e-03	9.98e-01
 6.34308e+22	7.54e-33	1.27e-25	5.40e-20	2.46e-15	3.86e-11	1.12e-06	2.05e-03	9.98e-01
 6.41534e+22	9.68e-33	1.57e-25	6.47e-20	2.85e-15	4.33e-11	1.21e-06	2.13e-03	9.98e-01
 6.49210e+22	1.29e-32	2.01e-25	7.98e-20	3.38e-15	4.94e-11	1.32e-06	2.22e-03	9.98e-01
 6.57358e+22	1.70e-32	2.55e-25	9.74e-20	3.98e-15	5.60e-11	1.43e-06	2.31e-03	9.98e-01
 6.64674e+22	2.19e-32	3.17e-25	1.17e-19	4.62e-15	6.29e-11	1.54e-06	2.40e-03	9.98e-01
 6.71264e+22	2.75e-32	3.86e-25	1.38e-19	5.29e-15	6.97e-11	1.65e-06	2.48e-03	9.98e-01
 6.77418e+22	3.40e-32	4.64e-25	1.61e-19	6.00e-15	7.69e-11	1.76e-06	2.55e-03	9.97e-01
 6.84480e+22	4.39e-32	5.78e-25	1.94e-19	6.99e-15	8.66e-11	1.90e-06	2.65e-03	9.97e-01
 6.92066e+22	5.68e-32	7.22e-25	2.33e-19	8.13e-15	9.73e-11	2.05e-06	2.75e-03	9.97e-01
 6.98892e+22	7.20e-32	8.85e-25	2.77e-19	9.35e-15	1.08e-10	2.20e-06	2.85e-03	9.97e-01
 7.06325e+22	9.50e-32	1.12e-24	3.39e-19	1.10e-14	1.23e-10	2.40e-06	2.96e-03	9.97e-01
 7.13877e+22	1.22e-31	1.40e-24	4.07e-19	1.28e-14	1.38e-10	2.58e-06	3.08e-03	9.97e-01
 7.20184e+22	1.52e-31	1.68e-24	4.76e-19	1.45e-14	1.53e-10	2.76e-06	3.18e-03	9.97e-01
 7.26983e+22	1.95e-31	2.09e-24	5.72e-19	1.69e-14	1.71e-10	2.98e-06	3.29e-03	9.97e-01
 7.34334e+22	2.50e-31	2.58e-24	6.83e-19	1.95e-14	1.92e-10	3.20e-06	3.41e-03	9.97e-01
 7.41152e+22	3.17e-31	3.17e-24	8.11e-19	2.25e-14	2.14e-10	3.44e-06	3.54e-03	9.96e-01
 7.47737e+22	4.00e-31	3.87e-24	9.59e-19	2.58e-14	2.37e-10	3.69e-06	3.66e-03	9.96e-01
 7.54065e+22	4.96e-31	4.66e-24	1.12e-18	2.93e-14	2.62e-10	3.94e-06	3.77e-03	9.96e-01
 7.61083e+22	6.41e-31	5.81e-24	1.35e-18	3.41e-14	2.95e-10	4.26e-06	3.92e-03	9.96e-01
 7.68444e+22	8.21e-31	7.18e-24	1.61e-18	3.94e-14	3.29e-10	4.59e-06	4.06e-03	9.96e-01
 7.74897e+22	1.03e-30	8.70e-24	1.89e-18	4.49e-14	3.65e-10	4.90e-06	4.20e-03	9.96e-01
 7.81934e+22	1.33e-30	1.09e-23	2.29e-18	5.24e-14	4.11e-10	5.31e-06	4.36e-03	9.96e-01
 7.89433e+22	1.72e-30	1.35e-23	2.74e-18	6.08e-14	4.61e-10	5.73e-06	4.53e-03	9.95e-01
 7.95874e+22	2.14e-30	1.63e-23	3.21e-18	6.90e-14	5.08e-10	6.12e-06	4.68e-03	9.95e-01
 8.01675e+22	2.60e-30	1.93e-23	3.70e-18	7.75e-14	5.55e-10	6.49e-06	4.82e-03	9.95e-01
 8.08306e+22	3.33e-30	2.39e-23	4.42e-18	8.96e-14	6.21e-10	7.00e-06	5.00e-03	9.95e-01
 8.15409e+22	4.28e-30	2.96e-23	5.27e-18	1.03e-13	6.93e-10	7.54e-06	5.19e-03	9.95e-01
 8.21767e+22	5.29e-30	3.55e-23	6.15e-18	1.17e-13	7.63e-10	8.04e-06	5.35e-03	9.95e-01
 8.28673e+22	6.85e-30	4.43e-23	7.40e-18	1.36e-13	8.58e-10	8.69e-06	5.56e-03	9.94e-01
 8.35737e+22	8.69e-30	5.42e-23	8.76e-18	1.56e-13	9.51e-10	9.33e-06	5.76e-03	9.94e-01
 8.41736e+22	1.07e-29	6.48e-23	1.02e-17	1.76e-13	1.04e-09	9.93e-06	5.95e-03	9.94e-01
 8.48266e+22	1.38e-29	8.03e-23	1.21e-17	2.04e-13	1.16e-09	1.07e-05	6.17e-03	9.94e-01
 8.55182e+22	1.74e-29	9.80e-23	1.43e-17	2.33e-13	1.29e-09	1.15e-05	6.39e-03	9.94e-01
 8.61523e+22	2.17e-29	1.19e-22	1.68e-17	2.64e-13	1.42e-09	1.23e-05	6.61e-03	9.93e-01
 8.68685e+22	2.89e-29	1.51e-22	2.05e-17	3.11e-13	1.60e-09	1.33e-05	6.90e-03	9.93e-01
 8.75646e+22	3.59e-29	1.82e-22	2.39e-17	3.52e-13	1.76e-09	1.42e-05	7.13e-03	9.93e-01
 8.81409e+22	4.45e-29	2.18e-22	2.78e-17	3.96e-13	1.92e-09	1.52e-05	7.37e-03	9.93e-01
 8.87967e+22	5.70e-29	2.69e-22	3.31e-17	4.57e-13	2.14e-09	1.63e-05	7.65e-03	9.92e-01
 8.94938e+22	7.27e-29	3.30e-22	3.92e-17	5.23e-13	2.37e-09	1.75e-05	7.93e-03	9.92e-01
 9.01194e+22	9.14e-29	4.01e-22	4.60e-17	5.93e-13	2.60e-09	1.87e-05	8.21e-03	9.92e-01
 9.07162e+22	1.14e-28	4.84e-22	5.37e-17	6.71e-13	2.85e-09	2.00e-05	8.49e-03	9.91e-01
 9.12977e+22	1.41e-28	5.78e-22	6.21e-17	7.53e-13	3.11e-09	2.13e-05	8.77e-03	9.91e-01
 9.19509e+22	1.83e-28	7.19e-22	7.44e-17	8.68e-13	3.45e-09	2.29e-05	9.12e-03	9.91e-01
 9.26185e+22	2.32e-28	8.78e-22	8.75e-17	9.87e-13	3.79e-09	2.45e-05	9.46e-03	9.91e-01
 9.31911e+22	2.88e-28	1.05e-21	1.02e-16	1.11e-12	4.12e-09	2.61e-05	9.78e-03	9.90e-01
 9.38214e+22	3.75e-28	1.31e-21	1.22e-16	1.28e-12	4.57e-09	2.82e-05	1.02e-02	9.90e-01
 9.44767e+22	4.74e-28	1.60e-21	1.43e-16	1.45e-12	5.00e-09	3.01e-05	1.06e-02	9.89e-01
 9.50394e+22	5.83e-28	1.91e-21	1.65e-16	1.62e-12	5.42e-09	3.19e-05	1.09e-02	9.89e-01
 9.56460e+22	7.57e-28	2.37e-21	1.97e-16	1.86e-12	5.98e-09	3.44e-05	1.13e-02	9.89e-01
 9.62657e+22	9.53e-28	2.87e-21	2.30e-16	2.10e-12	6.51e-09	3.67e-05	1.17e-02	9.88e-01
 9.68035e+22	1.17e-27	3.42e-21	2.64e-16	2.34e-12	7.04e-09	3.89e-05	1.21e-02	9.88e-01
 9.74036e+22	1.52e-27	4.25e-21	3.15e-16	2.69e-12	7.75e-09	4.18e-05	1.26e-02	9.87e-01
 9.80260e+22	1.93e-27	5.17e-21	3.69e-16	3.03e-12	8.44e-09	4.46e-05	1.31e-02	9.87e-01
 9.85611e+22	2.39e-27	6.18e-21	4.27e-16	3.39e-12	9.11e-09	4.74e-05	1.35e-02	9.86e-01
 9.91405e+22	3.10e-27	7.68e-21	5.08e-16	3.88e-12	1.00e-08	5.09e-05	1.41e-02	9.86e-01
 9.97321e+22	3.88e-27	9.24e-21	5.90e-16	4.35e-12	1.08e-08	5.41e-05	1.46e-02	9.85e-01
 1.00254e+23	4.82e-27	1.11e-20	6.82e-16	4.86e-12	1.17e-08	5.75e-05	1.50e-02	9.85e-01
 1.00848e+23	6.34e-27	1.39e-20	8.19e-16	5.59e-12	1.29e-08	6.19e-05	1.57e-02	9.84e-01
 1.01450e+23	7.98e-27	1.68e-20	9.55e-16	6.29e-12	1.40e-08	6.60e-05	1.62e-02	9.84e-01
 1.01979e+23	1.00e-26	2.03e-20	1.11e-15	7.06e-12	1.51e-08	7.02e-05	1.68e-02	9.83e-01
 1.02486e+23	1.24e-26	2.42e-20	1.28e-15	7.85e-12	1.63e-08	7.44e-05	1.74e-02	9.83e-01
 1.03050e+23	1.61e-26	3.02e-20	1.53e-15	8.99e-12	1.78e-08	8.00e-05	1.81e-02	9.82e-01
 1.03631e+23	2.05e-26	3.68e-20	1.79e-15	1.01e-11	1.93e-08	8.53e-05	1.87e-02	9.81e-01
 1.04132e+23	2.54e-26	4.40e-20	2.06e-15	1.13e-11	2.08e-08	9.05e-05	1.94e-02	9.81e-01
 1.04683e+23	3.32e-26	5.48e-20	2.46e-15	1.29e-11	2.28e-08	9.73e-05	2.02e-02	9.80e-01
 1.05254e+23	4.21e-26	6.68e-20	2.88e-15	1.46e-11	2.47e-08	1.04e-04	2.09e-02	9.79e-01
 1.05762e+23	5.30e-26	8.09e-20	3.36e-15	1.64e-11	2.67e-08	1.10e-04	2.16e-02	9.78e-01
 1.06333e+23	7.02e-26	1.02e-19	4.05e-15	1.89e-11	2.94e-08	1.19e-04	2.25e-02	9.77e-01
 1.06912e+23	8.97e-26	1.25e-19	4.76e-15	2.14e-11	3.19e-08	1.27e-04	2.34e-02	9.77e-01
 1.07411e+23	1.13e-25	1.51e-19	5.55e-15	2.40e-11	3.45e-08	1.35e-04	2.42e-02	9.76e-01
 1.07969e+23	1.50e-25	1.91e-19	6.70e-15	2.77e-11	3.80e-08	1.46e-04	2.52e-02	9.75e-01
 1.08552e+23	1.95e-25	2.38e-19	7.98e-15	3.16e-11	4.15e-08	1.57e-04	2.62e-02	9.74e-01
 1.09056e+23	2.44e-25	2.87e-19	9.28e-15	3.55e-11	4.49e-08	1.67e-04	2.70e-02	9.73e-01
 1.09598e+23	3.26e-25	3.65e-19	1.13e-14	4.11e-11	4.95e-08	1.80e-04	2.82e-02	9.72e-01
 1.10144e+23	4.17e-25	4.47e-19	1.33e-14	4.65e-11	5.38e-08	1.92e-04	2.92e-02	9.71e-01
 1.10614e+23	5.20e-25	5.38e-19	1.54e-14	5.21e-11	5.81e-08	2.04e-04	3.02e-02	9.70e-01
 1.11054e+23	6.49e-25	6.46e-19	1.78e-14	5.82e-11	6.25e-08	2.16e-04	3.11e-02	9.69e-01
 1.11463e+23	7.97e-25	7.66e-19	2.04e-14	6.46e-11	6.70e-08	2.28e-04	3.20e-02	9.68e-01
 1.11838e+23	9.68e-25	9.01e-19	2.33e-14	7.13e-11	7.15e-08	2.40e-04	3.29e-02	9.67e-01
 1.12183e+23	1.14e-24	1.03e-18	2.60e-14	7.76e-11	7.57e-08	2.51e-04	3.37e-02	9.66e-01
 1.12570e+23	1.43e-24	1.24e-18	3.02e-14	8.69e-11	8.17e-08	2.66e-04	3.47e-02	9.65e-01
 1.12972e+23	1.75e-24	1.48e-18	3.47e-14	9.66e-11	8.76e-08	2.81e-04	3.57e-02	9.64e-01
 1.13309e+23	2.11e-24	1.72e-18	3.93e-14	1.06e-10	9.31e-08	2.94e-04	3.66e-02	9.63e-01
 1.13616e+23	2.50e-24	1.98e-18	4.40e-14	1.16e-10	9.87e-08	3.07e-04	3.74e-02	9.62e-01
 1.13966e+23	3.10e-24	2.38e-18	5.10e-14	1.29e-10	1.06e-07	3.25e-04	3.85e-02	9.61e-01
 1.14315e+23	3.68e-24	2.74e-18	5.71e-14	1.41e-10	1.13e-07	3.39e-04	3.94e-02	9.60e-01
 1.14662e+23	4.60e-24	3.30e-18	6.65e-14	1.58e-10	1.22e-07	3.59e-04	4.06e-02	9.59e-01
 1.15008e+23	5.50e-24	3.84e-18	7.50e-14	1.74e-10	1.29e-07	3.76e-04	4.16e-02	9.58e-01
 1.15306e+23	6.58e-24	4.46e-18	8.47e-14	1.90e-10	1.38e-07	3.94e-04	4.26e-02	9.57e-01
 1.15648e+23	8.26e-24	5.40e-18	9.89e-14	2.14e-10	1.49e-07	4.17e-04	4.38e-02	9.56e-01
 1.15992e+23	1.01e-23	6.37e-18	1.13e-13	2.37e-10	1.59e-07	4.38e-04	4.49e-02	9.55e-01
 1.16271e+23	1.19e-23	7.32e-18	1.27e-13	2.58e-10	1.69e-07	4.56e-04	4.59e-02	9.54e-01
 1.16562e+23	1.46e-23	8.71e-18	1.46e-13	2.88e-10	1.81e-07	4.81e-04	4.71e-02	9.52e-01
 1.16861e+23	1.74e-23	1.01e-17	1.64e-13	3.15e-10	1.92e-07	5.02e-04	4.81e-02	9.51e-01
 1.17172e+23	2.22e-23	1.23e-17	1.94e-13	3.57e-10	2.09e-07	5.32e-04	4.96e-02	9.50e-01
 1.17477e+23	2.63e-23	1.43e-17	2.18e-13	3.91e-10	2.22e-07	5.55e-04	5.07e-02	9.49e-01
 1.17775e+23	3.40e-23	1.77e-17	2.59e-13	4.46e-10	2.42e-07	5.90e-04	5.22e-02	9.47e-01
 1.18068e+23	4.05e-23	2.05e-17	2.92e-13	4.89e-10	2.58e-07	6.15e-04	5.33e-02	9.46e-01
 1.18355e+23	5.13e-23	2.50e-17	3.44e-13	5.53e-10	2.80e-07	6.51e-04	5.48e-02	9.45e-01
 1.18653e+23	6.32e-23	2.98e-17	3.97e-13	6.17e-10	3.01e-07	6.84e-04	5.62e-02	9.43e-01
 1.18912e+23	7.59e-23	3.48e-17	4.50e-13	6.80e-10	3.21e-07	7.15e-04	5.74e-02	9.42e-01
 1.19195e+23	9.95e-23	4.38e-17	5.43e-13	7.83e-10	3.52e-07	7.61e-04	5.92e-02	9.40e-01
 1.19475e+23	1.20e-22	5.11e-17	6.16e-13	8.63e-10	3.76e-07	7.95e-04	6.05e-02	9.39e-01
 1.19750e+23	1.56e-22	6.42e-17	7.42e-13	9.93e-10	4.13e-07	8.45e-04	6.23e-02	9.37e-01
 1.20021e+23	1.87e-22	7.48e-17	8.42e-13	1.09e-09	4.40e-07	8.82e-04	6.36e-02	9.36e-01
 1.20286e+23	2.47e-22	9.45e-17	1.02e-12	1.26e-09	4.85e-07	9.38e-04	6.56e-02	9.33e-01
 1.20549e+23	2.98e-22	1.11e-16	1.16e-12	1.40e-09	5.18e-07	9.80e-04	6.70e-02	9.32e-01
 1.20810e+23	3.96e-22	1.41e-16	1.41e-12	1.62e-09	5.72e-07	1.04e-03	6.90e-02	9.30e-01
 1.21074e+23	4.85e-22	1.68e-16	1.63e-12	1.81e-09	6.15e-07	1.09e-03	7.06e-02	9.28e-01
 1.21340e+23	6.53e-22	2.16e-16	2.00e-12	2.12e-09	6.83e-07	1.17e-03	7.29e-02	9.26e-01
 1.21608e+23	8.09e-22	2.59e-16	2.33e-12	2.37e-09	7.37e-07	1.23e-03	7.46e-02	9.24e-01
 1.21879e+23	1.09e-21	3.33e-16	2.87e-12	2.78e-09	8.19e-07	1.31e-03	7.70e-02	9.22e-01
 1.22148e+23	1.36e-21	4.04e-16	3.35e-12	3.13e-09	8.87e-07	1.38e-03	7.88e-02	9.20e-01
 1.22413e+23	1.84e-21	5.21e-16	4.14e-12	3.68e-09	9.87e-07	1.47e-03	8.13e-02	9.17e-01
 1.22683e+23	2.34e-21	6.40e-16	4.90e-12	4.18e-09	1.07e-06	1.55e-03	8.34e-02	9.15e-01
 1.22958e+23	3.21e-21	8.38e-16	6.12e-12	4.96e-09	1.20e-06	1.67e-03	8.62e-02	9.12e-01
 1.23236e+23	4.12e-21	1.04e-15	7.29e-12	5.66e-09	1.32e-06	1.76e-03	8.85e-02	9.10e-01
 1.23518e+23	5.73e-21	1.37e-15	9.19e-12	6.76e-09	1.48e-06	1.89e-03	9.16e-02	9.07e-01
 1.23802e+23	7.37e-21	1.70e-15	1.10e-11	7.74e-09	1.62e-06	2.00e-03	9.40e-02	9.04e-01
 1.24047e+23	9.45e-21	2.11e-15	1.31e-11	8.84e-09	1.77e-06	2.11e-03	9.65e-02	9.01e-01
 1.24324e+23	1.30e-20	2.77e-15	1.64e-11	1.05e-08	1.99e-06	2.27e-03	9.97e-02	8.98e-01
 1.24601e+23	1.66e-20	3.41e-15	1.95e-11	1.20e-08	2.17e-06	2.40e-03	1.02e-01	8.95e-01
 1.24879e+23	2.29e-20	4.49e-15	2.44e-11	1.42e-08	2.44e-06	2.57e-03	1.06e-01	8.92e-01
 1.25160e+23	2.91e-20	5.51e-15	2.89e-11	1.62e-08	2.66e-06	2.72e-03	1.08e-01	8.89e-01
 1.25444e+23	3.99e-20	7.23e-15	3.62e-11	1.92e-08	2.98e-06	2.92e-03	1.12e-01	8.85e-01
 1.25735e+23	5.10e-20	8.91e-15	4.30e-11	2.19e-08	3.26e-06	3.08e-03	1.15e-01	8.82e-01
 1.26035e+23	7.06e-20	1.18e-14	5.42e-11	2.62e-08	3.68e-06	3.32e-03	1.19e-01	8.78e-01
 1.26339e+23	8.97e-20	1.45e-14	6.43e-11	2.99e-08	4.02e-06	3.51e-03	1.22e-01	8.75e-01
 1.26651e+23	1.23e-19	1.90e-14	8.06e-11	3.55e-08	4.53e-06	3.77e-03	1.26e-01	8.70e-01
 1.26970e+23	1.58e-19	2.35e-14	9.61e-11	4.07e-08	4.96e-06	4.00e-03	1.29e-01	8.67e-01
 1.27298e+23	2.17e-19	3.09e-14	1.21e-10	4.84e-08	5.59e-06	4.30e-03	1.34e-01	8.62e-01
 1.27627e+23	2.76e-19	3.79e-14	1.43e-10	5.52e-08	6.12e-06	4.55e-03	1.37e-01	8.58e-01
 1.27960e+23	3.75e-19	4.93e-14	1.78e-10	6.54e-08	6.87e-06	4.89e-03	1.42e-01	8.53e-01
 1.28302e+23	4.78e-19	6.07e-14	2.12e-10	7.48e-08	7.54e-06	5.18e-03	1.46e-01	8.49e-01
 1.28598e+23	5.96e-19	7.34e-14	2.48e-10	8.45e-08	8.20e-06	5.46e-03	1.49e-01	8.45e-01
 1.28926e+23	7.90e-19	9.36e-14	3.04e-10	9.89e-08	9.14e-06	5.84e-03	1.54e-01	8.40e-01
 1.29259e+23	9.84e-19	1.13e-13	3.55e-10	1.12e-07	9.95e-06	6.16e-03	1.58e-01	8.36e-01
 1.29596e+23	1.30e-18	1.44e-13	4.35e-10	1.31e-07	1.11e-05	6.59e-03	1.62e-01	8.31e-01
 1.29938e+23	1.61e-18	1.73e-13	5.07e-10	1.47e-07	1.21e-05	6.95e-03	1.66e-01	8.27e-01
 1.30239e+23	1.99e-18	2.07e-13	5.89e-10	1.66e-07	1.31e-05	7.31e-03	1.70e-01	8.23e-01
 1.30581e+23	2.62e-18	2.63e-13	7.18e-10	1.93e-07	1.46e-05	7.82e-03	1.75e-01	8.17e-01
 1.30922e+23	3.17e-18	3.09e-13	8.24e-10	2.15e-07	1.57e-05	8.19e-03	1.79e-01	8.13e-01
 1.31260e+23	4.12e-18	3.87e-13	9.94e-10	2.49e-07	1.74e-05	8.74e-03	1.84e-01	8.07e-01
 1.31604e+23	4.99e-18	4.57e-13	1.14e-09	2.78e-07	1.88e-05	9.16e-03	1.88e-01	8.03e-01
 1.31957e+23	6.49e-18	5.73e-13	1.38e-09	3.22e-07	2.08e-05	9.78e-03	1.93e-01	7.97e-01
 1.32317e+23	7.89e-18	6.78e-13	1.59e-09	3.60e-07	2.25e-05	1.03e-02	1.97e-01	7.92e-01
 1.32685e+23	1.03e-17	8.50e-13	1.92e-09	4.18e-07	2.50e-05	1.10e-02	2.03e-01	7.86e-01
 1.33060e+23	1.25e-17	1.01e-12	2.22e-09	4.68e-07	2.71e-05	1.15e-02	2.08e-01	7.81e-01
 1.33444e+23	1.63e-17	1.26e-12	2.68e-09	5.43e-07	3.01e-05	1.23e-02	2.14e-01	7.74e-01
 1.33820e+23	1.93e-17	1.47e-12	3.04e-09	6.00e-07	3.23e-05	1.29e-02	2.18e-01	7.70e-01
 1.34184e+23	2.48e-17	1.82e-12	3.64e-09	6.92e-07	3.58e-05	1.37e-02	2.23e-01	7.63e-01
 1.34553e+23	2.94e-17	2.11e-12	4.12e-09	7.63e-07	3.84e-05	1.43e-02	2.28e-01	7.58e-01
 1.34930e+23	3.74e-17	2.59e-12	4.90e-09	8.76e-07	4.23e-05	1.52e-02	2.34e-01	7.51e-01
 1.35318e+23	4.53e-17	3.06e-12	5.64e-09	9.78e-07	4.57e-05	1.60e-02	2.38e-01	7.46e-01
 1.35721e+23	5.75e-17	3.76e-12	6.70e-09	1.12e-06	5.04e-05	1.70e-02	2.44e-01	7.39e-01
 1.36137e+23	7.04e-17	4.48e-12	7.76e-09	1.26e-06	5.48e-05	1.79e-02	2.50e-01	7.32e-01
 1.36569e+23	9.01e-17	5.54e-12	9.28e-09	1.45e-06	6.06e-05	1.90e-02	2.56e-01	7.25e-01
 1.37013e+23	1.11e-16	6.62e-12	1.08e-08	1.64e-06	6.60e-05	2.00e-02	2.62e-01	7.18e-01
 1.37472e+23	1.42e-16	8.23e-12	1.29e-08	1.89e-06	7.33e-05	2.14e-02	2.69e-01	7.10e-01
 1.37945e+23	1.76e-16	9.89e-12	1.51e-08	2.14e-06	8.00e-05	2.26e-02	2.75e-01	7.03e-01
 1.38437e+23	2.29e-16	1.24e-11	1.83e-08	2.49e-06	8.92e-05	2.41e-02	2.82e-01	6.94e-01
 1.38946e+23	2.86e-16	1.50e-11	2.15e-08	2.84e-06	9.79e-05	2.56e-02	2.89e-01	6.86e-01
 1.39407e+23	3.55e-16	1.81e-11	2.52e-08	3.21e-06	1.07e-04	2.70e-02	2.95e-01	6.78e-01
 1.39935e+23	4.65e-16	2.29e-11	3.07e-08	3.76e-06	1.20e-04	2.89e-02	3.03e-01	6.68e-01
 1.40474e+23	5.84e-16	2.79e-11	3.62e-08	4.29e-06	1.32e-04	3.06e-02	3.10e-01	6.59e-01
 1.41027e+23	7.72e-16	3.55e-11	4.43e-08	5.05e-06	1.48e-04	3.29e-02	3.18e-01	6.49e-01
 1.41587e+23	9.73e-16	4.33e-11	5.24e-08	5.77e-06	1.63e-04	3.49e-02	3.25e-01	6.40e-01
 1.42157e+23	1.30e-15	5.57e-11	6.48e-08	6.83e-06	1.83e-04	3.75e-02	3.34e-01	6.28e-01
 1.42733e+23	1.64e-15	6.80e-11	7.67e-08	7.82e-06	2.02e-04	3.98e-02	3.42e-01	6.18e-01
 1.43317e+23	2.22e-15	8.84e-11	9.57e-08	9.33e-06	2.29e-04	4.29e-02	3.51e-01	6.06e-01
 1.43904e+23	2.80e-15	1.08e-10	1.13e-07	1.07e-05	2.52e-04	4.55e-02	3.58e-01	5.96e-01
 1.44395e+23	3.45e-15	1.29e-10	1.32e-07	1.20e-05	2.75e-04	4.79e-02	3.65e-01	5.87e-01
 1.44932e+23	4.58e-15	1.65e-10	1.62e-07	1.42e-05	3.10e-04	5.14e-02	3.74e-01	5.74e-01
 1.45462e+23	5.60e-15	1.97e-10	1.88e-07	1.60e-05	3.37e-04	5.41e-02	3.80e-01	5.65e-01
 1.45983e+23	7.36e-15	2.50e-10	2.30e-07	1.88e-05	3.78e-04	5.79e-02	3.89e-01	5.53e-01
 1.46513e+23	9.09e-15	3.00e-10	2.69e-07	2.13e-05	4.14e-04	6.10e-02	3.96e-01	5.43e-01
 1.47055e+23	1.21e-14	3.84e-10	3.31e-07	2.52e-05	4.67e-04	6.55e-02	4.05e-01	5.29e-01
 1.47603e+23	1.50e-14	4.63e-10	3.89e-07	2.87e-05	5.11e-04	6.91e-02	4.11e-01	5.19e-01
 1.48160e+23	2.00e-14	5.95e-10	4.81e-07	3.41e-05	5.78e-04	7.42e-02	4.20e-01	5.05e-01
 1.48727e+23	2.52e-14	7.27e-10	5.71e-07	3.92e-05	6.39e-04	7.86e-02	4.28e-01	4.93e-01
 1.49307e+23	3.39e-14	9.42e-10	7.13e-07	4.70e-05	7.27e-04	8.47e-02	4.37e-01	4.78e-01
 1.49899e+23	4.29e-14	1.16e-09	8.52e-07	5.43e-05	8.07e-04	8.98e-02	4.44e-01	4.66e-01
 1.50504e+23	5.83e-14	1.52e-09	1.07e-06	6.57e-05	9.24e-04	9.71e-02	4.53e-01	4.49e-01
 1.51117e+23	7.40e-14	1.87e-09	1.29e-06	7.63e-05	1.03e-03	1.03e-01	4.60e-01	4.36e-01
 1.51634e+23	9.19e-14	2.26e-09	1.52e-06	8.74e-05	1.13e-03	1.09e-01	4.66e-01	4.24e-01
 1.52201e+23	1.21e-13	2.89e-09	1.88e-06	1.04e-04	1.29e-03	1.17e-01	4.73e-01	4.08e-01
 1.52771e+23	1.50e-13	3.48e-09	2.21e-06	1.20e-04	1.42e-03	1.24e-01	4.79e-01	3.96e-01
 1.53327e+23	1.94e-13	4.37e-09	2.70e-06	1.42e-04	1.61e-03	1.32e-01	4.85e-01	3.81e-01
 1.53894e+23	2.39e-13	5.27e-09	3.19e-06	1.63e-04	1.78e-03	1.40e-01	4.91e-01	3.68e-01
 1.54451e+23	3.04e-13	6.53e-09	3.85e-06	1.92e-04	2.01e-03	1.49e-01	4.96e-01	3.53e-01
 1.55020e+23	3.75e-13	7.89e-09	4.56e-06	2.22e-04	2.23e-03	1.57e-01	5.00e-01	3.40e-01
 1.55577e+23	4.66e-13	9.59e-09	5.43e-06	2.58e-04	2.49e-03	1.67e-01	5.04e-01	3.26e-01
 1.56141e+23	5.71e-13	1.15e-08	6.42e-06	2.99e-04	2.78e-03	1.77e-01	5.08e-01	3.12e-01
 1.56697e+23	6.96e-13	1.38e-08	7.57e-06	3.45e-04	3.09e-03	1.87e-01	5.11e-01	2.99e-01
 1.57252e+23	8.41e-13	1.64e-08	8.87e-06	3.97e-04	3.43e-03	1.97e-01	5.13e-01	2.86e-01
 1.57808e+23	1.01e-12	1.95e-08	1.04e-05	4.57e-04	3.80e-03	2.08e-01	5.14e-01	2.74e-01
 1.58365e+23	1.21e-12	2.30e-08	1.21e-05	5.24e-04	4.21e-03	2.19e-01	5.16e-01	2.61e-01
 1.58925e+23	1.44e-12	2.69e-08	1.40e-05	6.00e-04	4.66e-03	2.30e-01	5.16e-01	2.49e-01
 1.59489e+23	1.70e-12	3.15e-08	1.63e-05	6.86e-04	5.16e-03	2.42e-01	5.16e-01	2.37e-01
 1.60058e+23	1.99e-12	3.67e-08	1.88e-05	7.83e-04	5.70e-03	2.53e-01	5.15e-01	2.25e-01
 1.60631e+23	2.33e-12	4.25e-08	2.16e-05	8.91e-04	6.28e-03	2.66e-01	5.13e-01	2.14e-01
 1.61212e+23	2.72e-12	4.93e-08	2.49e-05	1.02e-03	6.94e-03	2.78e-01	5.11e-01	2.02e-01
 1.61799e+23	3.15e-12	5.67e-08	2.85e-05	1.15e-03	7.63e-03	2.91e-01	5.09e-01	1.92e-01
 1.62397e+23	3.73e-12	6.54e-08	3.28e-05	1.31e-03	8.43e-03	3.04e-01	5.05e-01	1.81e-01
 1.63006e+23	4.29e-12	7.49e-08	3.74e-05	1.48e-03	9.26e-03	3.18e-01	5.01e-01	1.71e-01
 1.63563e+23	4.82e-12	8.38e-08	4.17e-05	1.64e-03	1.00e-02	3.29e-01	4.97e-01	1.62e-01
 1.64145e+23	5.55e-12	9.61e-08	4.78e-05	1.87e-03	1.11e-02	3.43e-01	4.91e-01	1.52e-01
 1.64736e+23	6.21e-12	1.07e-07	5.33e-05	2.06e-03	1.20e-02	3.55e-01	4.87e-01	1.44e-01
 1.65344e+23	7.14e-12	1.23e-07	6.10e-05	2.35e-03	1.32e-02	3.70e-01	4.80e-01	1.35e-01
 1.65955e+23	7.94e-12	1.36e-07	6.77e-05	2.59e-03	1.42e-02	3.82e-01	4.74e-01	1.28e-01
 1.66571e+23	9.05e-12	1.55e-07	7.72e-05	2.93e-03	1.57e-02	3.97e-01	4.66e-01	1.19e-01
 1.67188e+23	1.00e-11	1.72e-07	8.54e-05	3.21e-03	1.68e-02	4.08e-01	4.59e-01	1.12e-01
 1.67807e+23	1.14e-11	1.95e-07	9.69e-05	3.62e-03	1.85e-02	4.23e-01	4.51e-01	1.04e-01
 1.68433e+23	1.26e-11	2.15e-07	1.07e-04	3.96e-03	1.98e-02	4.34e-01	4.43e-01	9.83e-02
 1.69067e+23	1.42e-11	2.43e-07	1.21e-04	4.45e-03	2.17e-02	4.49e-01	4.34e-01	9.10e-02
 1.69708e+23	1.57e-11	2.68e-07	1.34e-04	4.86e-03	2.32e-02	4.60e-01	4.26e-01	8.56e-02
 1.70361e+23	1.77e-11	3.03e-07	1.51e-04	5.45e-03	2.54e-02	4.75e-01	4.15e-01	7.89e-02
 1.71024e+23	1.96e-11	3.35e-07	1.67e-04	5.96e-03	2.72e-02	4.86e-01	4.06e-01	7.40e-02
 1.71703e+23	2.21e-11	3.79e-07	1.90e-04	6.68e-03	2.97e-02	5.01e-01	3.95e-01	6.79e-02
 1.72397e+23	2.45e-11	4.19e-07	2.10e-04	7.30e-03	3.18e-02	5.12e-01	3.86e-01	6.34e-02
 1.73110e+23	2.78e-11	4.75e-07	2.39e-04	8.18e-03	3.47e-02	5.26e-01	3.73e-01	5.78e-02
 1.73839e+23	3.09e-11	5.28e-07	2.65e-04	8.95e-03	3.72e-02	5.37e-01	3.63e-01	5.37e-02
 1.74453e+23	3.39e-11	5.78e-07	2.91e-04	9.69e-03	3.95e-02	5.46e-01	3.54e-01	5.03e-02
 1.75116e+23	3.80e-11	6.49e-07	3.27e-04	1.07e-02	4.26e-02	5.58e-01	3.43e-01	4.61e-02
 1.75763e+23	4.15e-11	7.07e-07	3.56e-04	1.15e-02	4.50e-02	5.66e-01	3.34e-01	4.32e-02
 1.76387e+23	4.59e-11	7.85e-07	3.96e-04	1.26e-02	4.82e-02	5.76e-01	3.23e-01	3.97e-02
 1.77018e+23	5.05e-11	8.59e-07	4.32e-04	1.35e-02	5.08e-02	5.83e-01	3.15e-01	3.73e-02
 1.77656e+23	5.61e-11	9.57e-07	4.82e-04	1.48e-02	5.44e-02	5.92e-01	3.04e-01	3.42e-02
 1.78303e+23	6.18e-11	1.05e-06	5.27e-04	1.59e-02	5.72e-02	5.99e-01	2.95e-01	3.19e-02
 1.78962e+23	6.90e-11	1.17e-06	5.89e-04	1.74e-02	6.12e-02	6.07e-01	2.84e-01	2.92e-02
 1.79630e+23	7.63e-11	1.29e-06	6.46e-04	1.86e-02	6.44e-02	6.13e-01	2.76e-01	2.72e-02
 1.80311e+23	8.55e-11	1.45e-06	7.24e-04	2.04e-02	6.89e-02	6.21e-01	2.64e-01	2.47e-02
 1.81003e+23	9.51e-11	1.60e-06	7.96e-04	2.19e-02	7.24e-02	6.26e-01	2.56e-01	2.30e-02
 1.81710e+23	1.07e-10	1.80e-06	8.96e-04	2.40e-02	7.74e-02	6.33e-01	2.44e-01	2.07e-02
 1.82431e+23	1.20e-10	2.00e-06	9.88e-04	2.58e-02	8.14e-02	6.37e-01	2.36e-01	1.92e-02
 1.83171e+23	1.36e-10	2.26e-06	1.12e-03	2.83e-02	8.70e-02	6.42e-01	2.24e-01	1.72e-02
 1.83931e+23	1.53e-10	2.53e-06	1.24e-03	3.05e-02	9.15e-02	6.45e-01	2.15e-01	1.58e-02
 1.84715e+23	1.76e-10	2.90e-06	1.41e-03	3.35e-02	9.78e-02	6.49e-01	2.04e-01	1.41e-02
 1.85511e+23	1.99e-10	3.25e-06	1.57e-03	3.61e-02	1.03e-01	6.51e-01	1.95e-01	1.29e-02
 1.86320e+23	2.31e-10	3.74e-06	1.80e-03	3.97e-02	1.10e-01	6.53e-01	1.84e-01	1.15e-02
 1.87139e+23	2.63e-10	4.22e-06	2.00e-03	4.27e-02	1.15e-01	6.54e-01	1.76e-01	1.04e-02
 1.87970e+23	3.06e-10	4.87e-06	2.30e-03	4.70e-02	1.23e-01	6.54e-01	1.65e-01	9.21e-03
 1.88813e+23	3.52e-10	5.52e-06	2.56e-03	5.06e-02	1.28e-01	6.53e-01	1.57e-01	8.36e-03
 1.89554e+23	3.98e-10	6.20e-06	2.85e-03	5.44e-02	1.35e-01	6.51e-01	1.49e-01	7.57e-03
 1.90399e+23	4.70e-10	7.22e-06	3.28e-03	5.96e-02	1.43e-01	6.48e-01	1.40e-01	6.66e-03
 1.91259e+23	5.36e-10	8.15e-06	3.66e-03	6.41e-02	1.49e-01	6.45e-01	1.32e-01	5.98e-03
 1.91959e+23	6.05e-10	9.08e-06	4.03e-03	6.82e-02	1.55e-01	6.42e-01	1.26e-01	5.46e-03
 1.92686e+23	7.00e-10	1.03e-05	4.52e-03	7.34e-02	1.62e-01	6.37e-01	1.19e-01	4.90e-03
 1.93449e+23	7.95e-10	1.16e-05	5.00e-03	7.82e-02	1.68e-01	6.32e-01	1.13e-01	4.44e-03
 1.94149e+23	9.02e-10	1.30e-05	5.52e-03	8.32e-02	1.74e-01	6.26e-01	1.07e-01	4.03e-03
 1.94948e+23	1.06e-09	1.50e-05	6.24e-03	9.00e-02	1.82e-01	6.19e-01	9.96e-02	3.56e-03
 1.95768e+23	1.21e-09	1.69e-05	6.95e-03	9.61e-02	1.89e-01	6.11e-01	9.35e-02	3.18e-03
 1.96487e+23	1.39e-09	1.90e-05	7.67e-03	1.02e-01	1.95e-01	6.04e-01	8.83e-02	2.87e-03
 1.97295e+23	1.64e-09	2.20e-05	8.68e-03	1.10e-01	2.03e-01	5.94e-01	8.21e-02	2.52e-03
 1.98143e+23	1.89e-09	2.50e-05	9.69e-03	1.18e-01	2.10e-01	5.84e-01	7.65e-02	2.23e-03
 1.98912e+23	2.18e-09	2.83e-05	1.07e-02	1.25e-01	2.17e-01	5.74e-01	7.17e-02	2.00e-03
 1.99779e+23	2.62e-09	3.31e-05	1.22e-02	1.35e-01	2.25e-01	5.61e-01	6.59e-02	1.73e-03
 2.00674e+23	3.05e-09	3.78e-05	1.37e-02	1.44e-01	2.32e-01	5.48e-01	6.10e-02	1.52e-03
 2.01470e+23	3.55e-09	4.30e-05	1.52e-02	1.52e-01	2.38e-01	5.36e-01	5.68e-02	1.34e-03
 2.02370e+23	4.29e-09	5.05e-05	1.73e-02	1.64e-01	2.46e-01	5.20e-01	5.17e-02	1.15e-03
 2.03306e+23	5.07e-09	5.81e-05	1.93e-02	1.75e-01	2.52e-01	5.05e-01	4.74e-02	9.97e-04
 2.04148e+23	5.94e-09	6.64e-05	2.15e-02	1.85e-01	2.58e-01	4.91e-01	4.37e-02	8.71e-04
 2.05104e+23	7.17e-09	7.88e-05	2.46e-02	1.99e-01	2.65e-01	4.71e-01	3.92e-02	7.30e-04
 2.06088e+23	8.52e-09	9.09e-05	2.75e-02	2.11e-01	2.71e-01	4.54e-01	3.56e-02	6.27e-04
 2.06974e+23	1.01e-08	1.05e-04	3.06e-02	2.23e-01	2.75e-01	4.38e-01	3.24e-02	5.39e-04
 2.07991e+23	1.26e-08	1.25e-04	3.51e-02	2.39e-01	2.81e-01	4.16e-01	2.86e-02	4.43e-04
 2.09020e+23	1.50e-08	1.44e-04	3.92e-02	2.53e-01	2.85e-01	3.97e-01	2.57e-02	3.74e-04
 2.10065e+23	1.88e-08	1.73e-04	4.49e-02	2.70e-01	2.88e-01	3.74e-01	2.25e-02	3.04e-04
 2.11122e+23	2.26e-08	2.01e-04	5.00e-02	2.84e-01	2.90e-01	3.55e-01	2.00e-02	2.55e-04
 2.12196e+23	2.86e-08	2.42e-04	5.71e-02	3.02e-01	2.92e-01	3.31e-01	1.73e-02	2.04e-04
 2.13279e+23	3.45e-08	2.80e-04	6.34e-02	3.16e-01	2.93e-01	3.12e-01	1.53e-02	1.69e-04
 2.14376e+23	4.38e-08	3.37e-04	7.23e-02	3.34e-01	2.92e-01	2.88e-01	1.30e-02	1.33e-04
 2.15485e+23	5.29e-08	3.91e-04	7.99e-02	3.48e-01	2.90e-01	2.70e-01	1.14e-02	1.09e-04
 2.16608e+23	6.76e-08	4.72e-04	9.07e-02	3.65e-01	2.87e-01	2.47e-01	9.57e-03	8.46e-05
 2.17746e+23	8.21e-08	5.47e-04	1.00e-01	3.79e-01	2.84e-01	2.29e-01	8.29e-03	6.87e-05
 2.18903e+23	1.05e-07	6.61e-04	1.13e-01	3.95e-01	2.78e-01	2.06e-01	6.86e-03	5.22e-05
 2.20040e+23	1.27e-07	7.59e-04	1.24e-01	4.07e-01	2.72e-01	1.91e-01	5.94e-03	4.24e-05
 2.21149e+23	1.61e-07	9.07e-04	1.38e-01	4.20e-01	2.65e-01	1.71e-01	4.90e-03	3.22e-05
 2.22218e+23	1.90e-07	1.03e-03	1.49e-01	4.29e-01	2.58e-01	1.59e-01	4.27e-03	2.65e-05
 2.23234e+23	2.36e-07	1.20e-03	1.64e-01	4.39e-01	2.50e-01	1.43e-01	3.55e-03	2.04e-05
 2.24250e+23	2.79e-07	1.36e-03	1.76e-01	4.46e-01	2.43e-01	1.31e-01	3.08e-03	1.67e-05
 2.25265e+23	3.43e-07	1.58e-03	1.91e-01	4.54e-01	2.33e-01	1.18e-01	2.56e-03	1.29e-05
 2.26316e+23	4.12e-07	1.80e-03	2.06e-01	4.59e-01	2.24e-01	1.07e-01	2.16e-03	1.02e-05
 2.27257e+23	4.89e-07	2.03e-03	2.20e-01	4.63e-01	2.16e-01	9.70e-02	1.84e-03	8.18e-06
 2.28324e+23	6.08e-07	2.37e-03	2.39e-01	4.67e-01	2.05e-01	8.55e-02	1.50e-03	6.13e-06
 2.29410e+23	7.27e-07	2.68e-03	2.55e-01	4.69e-01	1.95e-01	7.68e-02	1.25e-03	4.80e-06
 2.30375e+23	8.64e-07	3.03e-03	2.71e-01	4.70e-01	1.86e-01	6.91e-02	1.06e-03	3.79e-06
 2.31309e+23	1.02e-06	3.38e-03	2.87e-01	4.70e-01	1.77e-01	6.23e-02	8.94e-04	3.02e-06
 2.32171e+23	1.18e-06	3.75e-03	3.01e-01	4.68e-01	1.69e-01	5.66e-02	7.65e-04	2.44e-06
 2.33114e+23	1.41e-06	4.24e-03	3.19e-01	4.66e-01	1.59e-01	5.02e-02	6.31e-04	1.88e-06
 2.34071e+23	1.64e-06	4.70e-03	3.35e-01	4.63e-01	1.51e-01	4.52e-02	5.34e-04	1.50e-06
 2.34906e+23	1.90e-06	5.18e-03	3.50e-01	4.60e-01	1.44e-01	4.09e-02	4.55e-04	1.20e-06
 2.35854e+23	2.27e-06	5.84e-03	3.69e-01	4.54e-01	1.34e-01	3.59e-02	3.71e-04	9.15e-07
 2.36819e+23	2.64e-06	6.45e-03	3.85e-01	4.49e-01	1.27e-01	3.22e-02	3.12e-04	7.23e-07
 2.37672e+23	3.04e-06	7.09e-03	4.01e-01	4.43e-01	1.20e-01	2.89e-02	2.63e-04	5.75e-07
 2.38646e+23	3.64e-06	7.98e-03	4.21e-01	4.35e-01	1.11e-01	2.52e-02	2.12e-04	4.30e-07
 2.39635e+23	4.22e-06	8.79e-03	4.37e-01	4.27e-01	1.04e-01	2.24e-02	1.76e-04	3.36e-07
 2.40508e+23	4.88e-06	9.66e-03	4.53e-01	4.19e-01	9.73e-02	1.99e-02	1.47e-04	2.64e-07
 2.41510e+23	5.83e-06	1.08e-02	4.73e-01	4.09e-01	8.95e-02	1.72e-02	1.17e-04	1.94e-07
 2.42528e+23	6.76e-06	1.19e-02	4.90e-01	4.00e-01	8.32e-02	1.52e-02	9.65e-05	1.50e-07
 2.43566e+23	8.12e-06	1.34e-02	5.10e-01	3.87e-01	7.59e-02	1.29e-02	7.56e-05	0.00e+00
 2.44615e+23	9.44e-06	1.48e-02	5.27e-01	3.77e-01	7.02e-02	1.13e-02	6.16e-05	0.00e+00
 2.45538e+23	1.09e-05	1.62e-02	5.43e-01	3.66e-01	6.50e-02	9.95e-03	5.05e-05	0.00e+00
 2.46597e+23	1.32e-05	1.82e-02	5.63e-01	3.52e-01	5.87e-02	8.40e-03	3.89e-05	0.00e+00
 2.47667e+23	1.52e-05	2.00e-02	5.78e-01	3.41e-01	5.40e-02	7.34e-03	3.17e-05	0.00e+00
 2.48754e+23	1.83e-05	2.24e-02	5.97e-01	3.26e-01	4.86e-02	6.16e-03	2.42e-05	0.00e+00
 2.49867e+23	2.14e-05	2.47e-02	6.12e-01	3.14e-01	4.42e-02	5.30e-03	1.93e-05	0.00e+00
 2.50864e+23	2.48e-05	2.71e-02	6.26e-01	3.02e-01	4.04e-02	4.58e-03	1.54e-05	0.00e+00
 2.52008e+23	3.00e-05	3.05e-02	6.44e-01	2.86e-01	3.58e-02	3.79e-03	1.15e-05	0.00e+00
 2.53179e+23	3.52e-05	3.36e-02	6.58e-01	2.73e-01	3.23e-02	3.22e-03	9.01e-06	0.00e+00
 2.54225e+23	4.10e-05	3.69e-02	6.71e-01	2.60e-01	2.92e-02	2.75e-03	7.08e-06	0.00e+00
 2.55124e+23	4.57e-05	3.94e-02	6.79e-01	2.51e-01	2.71e-02	2.45e-03	5.94e-06	0.00e+00
 2.55996e+23	5.27e-05	4.30e-02	6.90e-01	2.40e-01	2.46e-02	2.11e-03	4.73e-06	0.00e+00
 2.56882e+23	5.92e-05	4.61e-02	6.99e-01	2.31e-01	2.27e-02	1.86e-03	3.91e-06	0.00e+00
 2.57787e+23	6.83e-05	5.03e-02	7.08e-01	2.19e-01	2.05e-02	1.59e-03	3.08e-06	0.00e+00
 2.58704e+23	7.67e-05	5.39e-02	7.16e-01	2.10e-01	1.89e-02	1.40e-03	2.53e-06	0.00e+00
 2.59635e+23	8.88e-05	5.89e-02	7.24e-01	1.99e-01	1.70e-02	1.18e-03	1.98e-06	0.00e+00
 2.60578e+23	1.00e-04	6.32e-02	7.31e-01	1.90e-01	1.55e-02	1.04e-03	1.61e-06	0.00e+00
 2.61534e+23	1.16e-04	6.91e-02	7.38e-01	1.78e-01	1.39e-02	8.72e-04	1.24e-06	0.00e+00
 2.62504e+23	1.31e-04	7.41e-02	7.43e-01	1.70e-01	1.26e-02	7.57e-04	1.00e-06	0.00e+00
 2.63493e+23	1.52e-04	8.12e-02	7.48e-01	1.59e-01	1.12e-02	6.31e-04	7.64e-07	0.00e+00
 2.64493e+23	1.72e-04	8.70e-02	7.52e-01	1.50e-01	1.01e-02	5.46e-04	6.13e-07	0.00e+00
 2.65510e+23	2.01e-04	9.53e-02	7.55e-01	1.40e-01	8.95e-03	4.51e-04	4.61e-07	0.00e+00
 2.66548e+23	2.27e-04	1.02e-01	7.57e-01	1.32e-01	8.07e-03	3.87e-04	3.65e-07	0.00e+00
 2.67612e+23	2.66e-04	1.12e-01	7.59e-01	1.22e-01	7.06e-03	3.17e-04	2.71e-07	0.00e+00
 2.68706e+23	3.03e-04	1.21e-01	7.59e-01	1.14e-01	6.30e-03	2.67e-04	2.10e-07	0.00e+00
 2.69838e+23	3.59e-04	1.33e-01	7.57e-01	1.04e-01	5.44e-03	2.14e-04	1.51e-07	0.00e+00
 2.70974e+23	4.08e-04	1.43e-01	7.55e-01	9.64e-02	4.84e-03	1.80e-04	0.00e+00	0.00e+00
 2.72116e+23	4.82e-04	1.57e-01	7.50e-01	8.74e-02	4.17e-03	1.44e-04	0.00e+00	0.00e+00
 2.73274e+23	5.49e-04	1.69e-01	7.46e-01	8.07e-02	3.69e-03	1.20e-04	0.00e+00	0.00e+00
 2.74454e+23	6.52e-04	1.86e-01	7.37e-01	7.25e-02	3.15e-03	9.43e-05	0.00e+00	0.00e+00
 2.75651e+23	7.46e-04	2.00e-01	7.30e-01	6.63e-02	2.76e-03	7.75e-05	0.00e+00	0.00e+00
 2.76872e+23	8.90e-04	2.21e-01	7.17e-01	5.87e-02	2.33e-03	5.99e-05	0.00e+00	0.00e+00
 2.78106e+23	1.03e-03	2.38e-01	7.06e-01	5.31e-02	2.03e-03	4.85e-05	0.00e+00	0.00e+00
 2.79356e+23	1.23e-03	2.62e-01	6.88e-01	4.64e-02	1.70e-03	3.69e-05	0.00e+00	0.00e+00
 2.80624e+23	1.42e-03	2.83e-01	6.73e-01	4.14e-02	1.46e-03	2.94e-05	0.00e+00	0.00e+00
 2.81914e+23	1.71e-03	3.12e-01	6.50e-01	3.55e-02	1.20e-03	2.18e-05	0.00e+00	0.00e+00
 2.83219e+23	1.99e-03	3.37e-01	6.29e-01	3.11e-02	1.02e-03	1.70e-05	0.00e+00	0.00e+00
 2.84544e+23	2.43e-03	3.72e-01	5.99e-01	2.60e-02	8.26e-04	1.21e-05	0.00e+00	0.00e+00
 2.85875e+23	2.83e-03	4.01e-01	5.73e-01	2.24e-02	6.97e-04	9.25e-06	0.00e+00	0.00e+00
 2.87215e+23	3.47e-03	4.42e-01	5.36e-01	1.82e-02	5.51e-04	6.37e-06	0.00e+00	0.00e+00
 2.88578e+23	4.09e-03	4.76e-01	5.04e-01	1.52e-02	4.53e-04	4.67e-06	0.00e+00	0.00e+00
 2.89970e+23	5.06e-03	5.24e-01	4.59e-01	1.18e-02	3.46e-04	3.03e-06	0.00e+00	0.00e+00
 2.91391e+23	6.06e-03	5.65e-01	4.20e-01	9.38e-03	2.74e-04	2.08e-06	0.00e+00	0.00e+00
 2.92850e+23	7.59e-03	6.18e-01	3.67e-01	6.85e-03	1.98e-04	1.24e-06	0.00e+00	0.00e+00
 2.94134e+23	8.80e-03	6.51e-01	3.34e-01	5.52e-03	1.60e-04	8.82e-07	0.00e+00	0.00e+00
 2.95051e+23	1.01e-02	6.82e-01	3.03e-01	4.47e-03	1.30e-04	6.30e-07	0.00e+00	0.00e+00
 2.96103e+23	1.19e-02	7.21e-01	2.64e-01	3.36e-03	9.75e-05	4.01e-07	0.00e+00	0.00e+00
 2.97223e+23	1.40e-02	7.56e-01	2.28e-01	2.51e-03	7.28e-05	2.53e-07	0.00e+00	0.00e+00
 2.98265e+23	1.64e-02	7.88e-01	1.93e-01	1.83e-03	5.32e-05	1.56e-07	0.00e+00	0.00e+00
 2.99456e+23	2.02e-02	8.25e-01	1.53e-01	1.20e-03	3.44e-05	0.00e+00	0.00e+00	0.00e+00
 3.00607e+23	2.42e-02	8.53e-01	1.22e-01	8.04e-04	2.28e-05	0.00e+00	0.00e+00	0.00e+00
 3.01485e+23	2.83e-02	8.73e-01	9.83e-02	5.65e-04	1.56e-05	0.00e+00	0.00e+00	0.00e+00
 3.02273e+23	3.30e-02	8.88e-01	7.87e-02	3.97e-04	1.05e-05	0.00e+00	0.00e+00	0.00e+00
 3.03045e+23	3.88e-02	9.00e-01	6.14e-02	2.73e-04	6.84e-06	0.00e+00	0.00e+00	0.00e+00
 3.03772e+23	4.57e-02	9.07e-01	4.72e-02	1.88e-04	4.34e-06	0.00e+00	0.00e+00	0.00e+00
 3.04417e+23	5.37e-02	9.10e-01	3.62e-02	1.32e-04	2.75e-06	0.00e+00	0.00e+00	0.00e+00
 3.04984e+23	6.28e-02	9.09e-01	2.79e-02	9.60e-05	1.77e-06	0.00e+00	0.00e+00	0.00e+00
 3.05492e+23	7.32e-02	9.05e-01	2.16e-02	7.13e-05	1.14e-06	0.00e+00	0.00e+00	0.00e+00
 3.05959e+23	8.56e-02	8.98e-01	1.66e-02	5.40e-05	7.41e-07	0.00e+00	0.00e+00	0.00e+00
 3.06388e+23	9.97e-02	8.87e-01	1.29e-02	4.18e-05	4.86e-07	0.00e+00	0.00e+00	0.00e+00
 3.06782e+23	1.16e-01	8.74e-01	1.00e-02	3.30e-05	3.23e-07	0.00e+00	0.00e+00	0.00e+00
 3.07145e+23	1.35e-01	8.57e-01	7.81e-03	2.66e-05	2.17e-07	0.00e+00	0.00e+00	0.00e+00
 3.07474e+23	1.56e-01	8.38e-01	6.17e-03	2.19e-05	1.50e-07	0.00e+00	0.00e+00	0.00e+00
 3.07696e+23	1.71e-01	8.24e-01	5.28e-03	1.94e-05	0.00e+00	0.00e+00	0.00e+00	0.00e+00
 3.07810e+23	1.80e-01	8.15e-01	4.86e-03	1.82e-05	0.00e+00	0.00e+00	0.00e+00	0.00e+00
 3.07913e+23	1.88e-01	8.07e-01	4.49e-03	1.72e-05	0.00e+00	0.00e+00	0.00e+00	0.00e+00
 3.08042e+23	2.00e-01	7.96e-01	4.05e-03	1.59e-05	0.00e+00	0.00e+00	0.00e+00	0.00e+00
 3.08194e+23	2.14e-01	7.82e-01	3.59e-03	1.46e-05	0.00e+00	0.00e+00	0.00e+00	0.00e+00
 3.08346e+23	2.30e-01	7.67e-01	3.17e-03	1.34e-05	0.00e+00	0.00e+00	0.00e+00	0.00e+00
 3.08490e+23	2.45e-01	7.53e-01	2.82e-03	1.24e-05	0.00e+00	0.00e+00	0.00e+00	0.00e+00
 3.08564e+23	2.55e-01	7.42e-01	2.60e-03	1.17e-05	0.00e+00	0.00e+00	0.00e+00	0.00e+00
